% Model,4_roll_mill.mph
% Version,COMSOL 6.3.0.290
% Date,"Jun 19 2026, 01:32"
% Dimension,2
% Nodes,125456
% Expressions,6
% Description,"Velocity field, x-component, Velocity field, y-component, Pressure, Viscoelastic extra stress tensor, branch 1, xx-component, Viscoelastic extra stress tensor, branch 1, xy-component, Viscoelastic extra stress tensor, branch 1, yy-component"
% Length unit,m
% x,y,u (m/s),v (m/s),p (Pa),vef.Te_1xx (N/m^2),vef.Te_1xy (N/m^2),vef.Te_1yy (N/m^2)
0.013247239343570824,0.013802030595032834,0.006336622770669123,-0.005411955595004128,0.26334186158015715,-2.610391895814243,-1.1532967976563768,3.8780019066474245
0.013259167746885668,0.01379181033250085,0.006319583925782402,-0.0054318423564646764,0.26428113569919703,-2.617737552543404,-1.1330543865556022,3.885595228783067
0.01326225026820124,0.01380764606716244,0.006305679248436472,-0.005402435862596015,0.2576905000537864,-2.602065887558641,-1.1369071792973084,3.8564110777749554
0.01327106398830183,0.013781552642028794,0.006302486138261219,-0.005451671446191821,0.26495087120719424,-2.624944070310324,-1.112749147079608,3.893062020833573
0.0132741988037619,0.013797387530963942,0.006288664952548063,-0.005422201027387796,0.2583089036882062,-2.6092961560490555,-1.116797749804692,3.8639026563220464
0.013282927950127593,0.013771257625019942,0.00628532468821449,-0.005471448347399799,0.2657483008734719,-2.6320170010215556,-1.0923763533656405,3.90041326810987
0.013286119050318726,0.013787086120457079,0.006271584195825408,-0.005441922333974205,0.2589600479504173,-2.6164035586242798,-1.0966363121274032,3.871265160052957
0.013294759514952837,0.013760925383283714,0.0062680970920366156,-0.005491175945281339,0.2670724445672832,-2.638957056197224,-1.0719486181428681,3.9076663799789357
0.013298016428607888,0.013776732825441671,0.006254431305169855,-0.0054616158178738446,0.2595270948528672,-2.6233889934057193,-1.0764064683969412,3.878500895145073
0.013306558565652453,0.013750556019033763,0.006250813714746423,-0.005510842410897551,0.268137035839324,-2.6457717495666984,-1.0515046515664686,3.9147911711174905
0.013309878023254833,0.013766322835061497,0.0062372304918115115,-0.005481290432638775,0.2600583197901493,-2.630256242759272,-1.0561087422446596,3.885636666735214
0.013318324985389799,0.013740149634885991,0.00623348353088504,-0.0055304375880572175,0.2679283577653101,-2.6524743663152384,-1.031058157374306,3.9217231483623003
0.013321696174084569,0.01375587746465759,0.006219985406282374,-0.005500908913589664,0.26082225632225625,-2.636992106155832,-1.0357658628323856,3.892659335749816
0.013365062028268449,0.013698155965600395,0.006163467602800892,-0.005608361826642108,0.2726189716124951,-2.6778666486200766,-0.9486010245713862,3.9482035555331443
0.013368731617138327,0.013713817612534158,0.00615019202732912,-0.005578663195302757,0.26325687863503905,-2.6625605214308603,-0.9539574354022381,3.9191155752816003
0.013353427294859523,0.013708709395206254,0.006181066541641379,-0.005588959540266363,0.27100066943134093,-2.6717497939200485,-0.9692733641163832,3.9417100106928498
0.013330058657620063,0.013729706333856551,0.006216091672548599,-0.00554997830988212,0.2674826557699471,-2.6590577282733525,-1.0105575190494136,3.9284672548495885
0.013333492601265734,0.013745423950353998,0.006202646572987469,-0.0055204214901518394,0.26180338131471664,-2.643574137144494,-1.0153897750468202,3.899497536275415
0.013341759466093658,0.013719226219359807,0.006198617245757089,-0.005569487994243232,0.26860048469098946,-2.6654887785799004,-0.9899521532471919,3.935111754731054
0.013345284459372456,0.013734950013468944,0.006185189986072652,-0.0055398473275454765,0.26257031166139067,-2.650009006793557,-0.9949662199035414,3.9061315150829152
0.013357044835101283,0.01372441725761672,0.006167679449867638,-0.005559254967526702,0.26293124220337166,-2.6563329017699293,-0.9744839321541557,3.912645557554845
0.013235278896327097,0.013812213328629513,0.006353601417655443,-0.00539201264390191,0.2622342052678157,-2.6028969353008335,-1.1734720191924037,3.870293207723781
0.013250262178718011,0.013817860305219908,0.006322647762596666,-0.005382629068086411,0.25714459022268077,-2.5947197586068538,-1.1569744910358877,3.8488085275647674
0.013199206474818056,0.013842535352014636,0.006404119244858117,-0.00533191442455187,0.26176902272475483,-2.579541336552884,-1.233444829067697,3.8464914421792558
0.013211262343301557,0.01383246580708731,0.006387351803365193,-0.0053519894270359575,0.2613071339196095,-2.587454016368884,-1.2135470033243332,3.8545619151833255
0.013214106210554287,0.013848205790641709,0.00637321705429425,-0.005323012059380833,0.25502977316833414,-2.572011665004343,-1.2168800660467263,3.8253216838731876
0.013223286523398867,0.013822358432705554,0.006370513284876163,-0.00537202129792175,0.2613964244289782,-2.595247348174028,-1.1935608890590723,3.8624824515941136
0.013226176685810873,0.013838132693074434,0.006356443727487564,-0.005342929821348652,0.25591400216161064,-2.579703516442553,-1.1969649372523163,3.833292676069121
0.013238233670698424,0.013828022798132876,0.006339575944997019,-0.005362793211883912,0.2565968511334964,-2.5872665395155514,-1.176996049963484,3.8411074403670242
0.013187119036995118,0.013852566968142575,0.006420826371660769,-0.00531178342020795,0.261858087968339,-2.571528621002619,-1.2532994539245228,3.838231875120987
0.013202022992271257,0.013858264174619004,0.006389882862181642,-0.005303002117057119,0.2540982287445476,-2.5641690579613954,-1.2367487932301826,3.8171637698553647
0.013175000149139745,0.013862560556543106,0.006437478192651186,-0.00529159030403693,0.2612784775927262,-2.5634182855756937,-1.2731461636373296,3.8297910462244715
0.013189909434125164,0.01386831305428088,0.006406468306888788,-0.005282890323127596,0.2533146557610623,-2.5561706477410495,-1.2565776704839886,3.808836775706368
0.013089297407978533,0.01393144267732052,0.006552266153817842,-0.005148773028532486,0.25777713944179237,-2.5031700778330395,-1.4107746038215954,3.7673034202139637
0.01309178133571662,0.013947291594741807,0.006537047848738542,-0.005120196914387897,0.24803575213435777,-2.487611014750998,-1.4129229308520446,3.737817422186707
0.01307693124492386,0.01394112853304879,0.006568410678633777,-0.005128160950324124,0.25678588427523874,-2.4941233750027254,-1.4302060156001126,3.7577691148738936
0.013162849930815514,0.013872516018706739,0.006454071543446855,-0.0052713387939542335,0.26049790583545335,-2.5552029428321585,-1.2929896315673104,3.821202112826024
0.013177751763365492,0.01387834142105754,0.0064230027744775426,-0.005262694785219262,0.2526576665288431,-2.5480237224780216,-1.276360258531234,3.80037075156134
0.01315066850183889,0.013882433256544183,0.006470607122728383,-0.005251027922648904,0.25940335931447933,-2.5468693583156488,-1.3128208661373266,3.8124824166045443
0.013165551727855393,0.01388833852619168,0.0064394887583762795,-0.005242434347694256,0.2520745713476622,-2.5397382379434457,-1.2960808051394794,3.791776409101914
0.013079396469509006,0.013957025816425864,0.006553024912001027,-0.005099574582389671,0.2475904872457245,-2.478434995945991,-1.4321921532446706,3.7283064525373644
0.0130645347166975,0.013950775489717909,0.006584500827577962,-0.005107484792570132,0.2552555942657961,-2.4849645257896045,-1.4496379511567514,3.748108531535847
0.013066956355121053,0.013966708928953471,0.006568987694125603,-0.005078919098872709,0.24725584214426796,-2.469143643155658,-1.451398086827587,3.7187148516372646
0.013052107945002958,0.013960383452653272,0.006600530197147417,-0.005086752623319248,0.253650901360484,-2.475668846964336,-1.469034987231342,3.7383682845237067
0.012976919044422938,0.014017207114769163,0.0066952285091570205,-0.00496144826981986,0.2514091297291373,-2.4167041112699827,-1.5831890709716172,3.6782264051638656
0.012978852223086429,0.014033020900172282,0.006679466793412539,-0.004933510819606962,0.2432137422157142,-2.401276361539864,-1.58422216869368,3.6487289039325934
0.012964283993995936,0.014026539507187215,0.006710778932653161,-0.004940394625187144,0.2509238481168592,-2.4064786238815357,-1.601954909410791,3.6676877766000033
0.013054464907280192,0.013976329393176909,0.006584937001232084,-0.005058250120306405,0.24696744919887773,-2.4597558165404405,-1.4705394290862677,3.709053015498538
0.013039651051762191,0.013969952327613142,0.00661649542497045,-0.005065968746497262,0.2520473257339521,-2.4662149977034993,-1.4883569716990614,3.728567980842847
0.012989524709198895,0.014007835078080092,0.006679616830336498,-0.004982446583466564,0.25157625254730237,-2.4268336800835844,-1.5643937984098484,3.688607595987961
0.01299150302236634,0.014023635845357487,0.006663943628995817,-0.004954479048407182,0.24383693030202622,-2.411350744773301,-1.5654292503727454,3.659168313766983
0.013002100865175385,0.01399842348874068,0.006663947566975577,-0.005003384686708689,0.25085107430402215,-2.436869779829834,-1.5455572644455244,3.6987930152063897
0.01300412583470203,0.014014226641484365,0.006648340872518719,-0.004975373440689428,0.2446455557901225,-2.421287629741468,-1.5465687205387015,3.669472545929842
0.013014647389398244,0.013988972438811073,0.006648209070120019,-0.005024278102433458,0.2502780405529161,-2.4467991911650753,-1.5266298570130241,3.70880715375115
0.013016739214348446,0.014004807015333668,0.006632617461214613,-0.004996174470579682,0.24554653669017304,-2.4310779095955595,-1.5276418151304398,3.67959149599189
0.013027164159111645,0.013979482020789878,0.006632390974444958,-0.005045140455966371,0.25074240596982755,-2.4565899691244506,-1.5075647703899,3.7187171402952273
0.01302934426908215,0.013995367559326219,0.006616779186032334,-0.005016895323429706,0.24624583419086757,-2.4407333597199545,-1.5086576237657197,3.6895240580582187
0.013041924882901837,0.013985881298018575,0.006600872442432748,-0.005037577205480319,0.24667478834191234,-2.4502854959855154,-1.4896237536756887,3.6993276402179194
0.012966168288763263,0.014042373804201801,0.006694925083346103,-0.004912480045844394,0.24259320187763658,-2.391067915851437,-1.602941269014778,3.638164495876968
0.01295161968125643,0.014035832164153966,0.006726262841739057,-0.004919292679040444,0.25070187704369945,-2.396155782602956,-1.620685781627116,3.6570139145156486
0.01293892622972893,0.014045084994930427,0.006741685948012642,-0.004898134570005074,0.24996158744351749,-2.3857290393774053,-1.6393814260612996,3.646197380954865
0.012953460244815217,0.014051694780352078,0.006710302292928944,-0.004891389773236855,0.24201079150035518,-2.3807290050312484,-1.6215723865420826,3.6274667565687797
0.012926203763119731,0.014054297909219787,0.006757046683432004,-0.004876922389383976,0.2488459707044014,-2.375184073464269,-1.658025994318596,3.635265139499138
0.012940720781380253,0.014060972152629267,0.006725619014500147,-0.0048702582464224655,0.24159092330530976,-2.3702753627819724,-1.6401195333644445,3.6166698671901316
0.012823394270911453,0.014126553621484201,0.006877468460612493,-0.004705579390174609,0.24468299858067014,-2.286629509184612,-1.8044747662483323,3.5436625179946977
0.012836344393790973,0.014117663230499854,0.006862636378531776,-0.004727184534422481,0.2465195816313597,-2.2980709399616086,-1.7863666939153022,3.555602407789666
0.012837738348286415,0.014133705016204241,0.006845825711248642,-0.00469953509689288,0.2374660281168575,-2.282508399427521,-1.7858335537780359,3.5261352402209822
0.012771316304873211,0.014161707094251574,0.00693605242003164,-0.004618791177849145,0.24352302180899607,-2.2395393640263,-1.8758491309713712,3.4953343212454473
0.012784377156011448,0.014152980117106464,0.006921522919653095,-0.00464053609986012,0.2427022067221871,-2.251469647950989,-1.8582045844500172,3.5075593229683366
0.012785518413850243,0.014168986823778032,0.006904489960146151,-0.004613215973711887,0.23589438139489247,-2.2360079662244154,-1.8568503369891738,3.478367591899051
0.012797410521339082,0.014144212153727343,0.006906920025618616,-0.004662242852552319,0.24222359530333207,-2.2633123991883117,-1.840440201813063,3.519643762433215
0.012798583058157157,0.014160244974820622,0.006889962853104972,-0.004634824337827685,0.23664424917294438,-2.247776535391287,-1.8392283132295353,3.4904858724400456
0.012810416269897769,0.01413540329229132,0.00689223452579059,-0.004683925014826567,0.24287631910248766,-2.275041649673144,-1.8225218648344803,3.5316642590361815
0.012811650725667215,0.014151471071433866,0.006875310260404472,-0.00465638408464493,0.23716844870775602,-2.2594295912115396,-1.8215217411314943,3.5024439745511624
0.012824712752598236,0.014142629858822092,0.006860576621222248,-0.004677949188223202,0.23738629851423268,-2.271002532879337,-1.8037208511503844,3.5143070383575643
0.012545204192439473,0.0143037118419788,0.007172723003703707,-0.004241945074684795,0.23710405372014257,-2.0204404832434695,-2.1641583204501744,3.2700481122187983
0.012558712111977538,0.014295694626951433,0.007159362996189116,-0.004264455068654104,0.2373938895665355,-2.034147898596631,-2.147934033304986,3.284147207025148
0.012559085319546628,0.0143117341639551,0.0071408794331956635,-0.0042381853934432175,0.22922960435085796,-2.018980119663427,-2.1442169776475066,3.2553570392466433
0.012477290724274193,0.014343159065406775,0.007238458101355714,-0.004128774453000882,0.23646094232641715,-1.9503002639919635,-2.2440593615455,3.1982052498701066
0.012490922821849835,0.01433535505992158,0.007225461348709792,-0.004151477407885051,0.23593468200796075,-1.964492859380765,-2.2282799252209498,3.212797681955115
0.012491017960445312,0.014351392715902243,0.007206647080369918,-0.004125507194600266,0.22765257159474614,-1.949499120702119,-2.224050059978046,3.18413738539541
0.012504530351169439,0.014327508257654867,0.007212399502903821,-0.0041741285400608025,0.23466172360530235,-1.9786182403588775,-2.2124299551632594,3.2272036738917875
0.012504657049931806,0.014343531697401721,0.007193687816149419,-0.004148134143714039,0.22828202290107621,-1.9636046816785198,-2.2082860823956056,3.1986328429526165
0.012518113178479765,0.014319618735532863,0.007199254871915619,-0.004196758569998612,0.23447285130188975,-1.9926711596632505,-2.19645209939948,3.2415171877020708
0.012518296508033842,0.014335665380512572,0.007180578888120392,-0.004170678443931043,0.22884194816756365,-1.9775800746421537,-2.1924104732022305,3.212944985905754
0.012531671170102522,0.014311686570991885,0.007186024721795925,-0.004219372067457221,0.23572357313640505,-2.0066187861311393,-2.180344571622998,3.2558091380104144
0.01253193145149413,0.014327757581758757,0.007167367035890941,-0.004193190324833018,0.22903709597634528,-1.9914572216580202,-2.176429306700259,3.2271282794757963
0.012545534107232562,0.014319777162797408,0.007154127818081291,-0.004215701003363729,0.22904787240252714,-2.005261452485175,-2.160361123586385,3.2412629850487353
0.012449953359711831,0.014358638380875009,0.007264281590320959,-0.004083168252210666,0.233425284856395,-1.9215935064445036,-2.275528057663251,3.1685630049335507
0.012463634192265595,0.0143509201976938,0.007251400565830936,-0.00410600059540667,0.23533656023997743,-1.9360113025385914,-2.259814525043036,3.1834287456956134
0.012463631339501275,0.014367045754681394,0.007232337736526455,-0.004080022522041941,0.2274642445347077,-1.9209301268061882,-2.2553076877605047,3.15481575255783
0.012477351993885043,0.014359243999627992,0.0072195018708497765,-0.004102789228271518,0.22736908540276193,-1.935263382004243,-2.239717759771008,3.16950214415151
0.012394989703775476,0.014389080122167905,0.007314995572134576,-0.0039916031388678675,0.23476586298220478,-1.8628604313525032,-2.3370376220433036,3.108808164535804
0.012408766398519247,0.014381534484329045,0.00730243588802991,-0.004014534422191171,0.23354453377110898,-1.8776476523684764,-2.3218649041543102,3.1238954793124627
0.01240848320890553,0.014397564129787049,0.007283288406262334,-0.0039889187072064845,0.2264290903072412,-1.8629234292946932,-2.3167783600350518,3.0955467408846276
0.01242251932881241,0.01437394559883068,0.0072898025876087956,-0.004037429003106239,0.23238665205001607,-1.89238144948885,-2.306580288668935,3.1388287086502253
0.012422269147605525,0.014389991088683137,0.007270723246550487,-0.0040117431741112835,0.2270524222420414,-1.877562894469347,-2.3015678488118323,3.1105540351116576
0.012436248360560212,0.01436631353955115,0.0072770852711994,-0.004060305620197358,0.23222879773818975,-1.9070418624351853,-2.291134474109215,3.1536951938416773
0.012436062676124003,0.014382402409627543,0.007258007986594824,-0.004034507685450945,0.2274966034890182,-1.8920883184263613,-2.2862469454543697,3.12539448506173
0.012449858753056132,0.014374764216131717,0.007245188393648156,-0.004057257878155648,0.22761232867538847,-1.9065358023386374,-2.270822166539937,3.140124284401072
0.013434168988720427,0.01363407255801407,0.006056655810747445,-0.005723545662084491,0.2772984284484855,-2.711825255145231,-0.8236660375446423,3.983896476942251
0.013438073553651161,0.013649642107627211,0.00604405703479603,-0.005693630616476581,0.2673357069309658,-2.697048317255582,-0.8301798214334429,3.9549281007995742
0.013422735238775142,0.013644843410250553,0.0060746100925357024,-0.0057044863594838575,0.27624528181602065,-2.7065416761566508,-0.844604385566282,3.9782134956049453
0.013376663550976347,0.013687566035138604,0.0061458340782475605,-0.005627679876469695,0.2722228670033921,-2.683879446965621,-0.9279601641155356,3.9544904198109996
0.01338034461392186,0.013703187879165949,0.006132712367991935,-0.0055980094935017466,0.26401359781213113,-2.6686609524888056,-0.9334108286247983,3.925503104005801
0.013388231747947454,0.013676939708806896,0.006128144923337589,-0.005646936828214857,0.2713022075328896,-2.689788585988597,-0.9072785801548756,3.9605607378846392
0.01339192900160917,0.01369256452557435,0.006115146976468081,-0.005617225550337759,0.26512914810033483,-2.674594420200435,-0.9128533047918942,3.9316945861191255
0.013399766504457605,0.013666277091978747,0.006110372838126307,-0.00566616238838913,0.2720280271291922,-2.695549867062585,-0.8864750455311586,3.9665069445125103
0.013403517958639645,0.013681931663138379,0.00609744468484238,-0.005636334026132347,0.2660418565790352,-2.680366099280826,-0.8922662312872482,3.9376534919833435
0.013411267706097352,0.013655578290412794,0.006092520625381517,-0.005685353414430998,0.27418196549396656,-2.7011297972253447,-0.8655593601210677,3.9723967412436623
0.013415093472626914,0.013671239433451693,0.006079655708571232,-0.005655423985783015,0.2665066233014311,-2.6860225821260837,-0.8716241955143246,3.943470832097393
0.013426617123936996,0.013660468728296737,0.006061853741436808,-0.0056745349620292125,0.2668256809327472,-2.691589678769873,-0.8509239923605677,3.9492309665163923
0.013265470921671694,0.013823865555756792,0.006291763579036256,-0.005372970117263807,0.2559626436854203,-2.5877517126717784,-1.134584866364225,3.8275913990071326
0.013277484475502565,0.013813618026880463,0.006274803198245035,-0.005392651970805303,0.25664469269013274,-2.5949404805680314,-1.1145839692059898,3.8350093081805703
0.013289464764747802,0.01380333207218152,0.006257783624014288,-0.005412281415058052,0.25730994042181216,-2.6020027576960927,-1.094533552701664,3.8422992782168124
0.013384342453651147,0.013719133532759116,0.006119274208913156,-0.005568408262003932,0.26294067231821533,-2.654243381867456,-0.9319904069896318,3.896526171824872
0.013301448434449518,0.013792995686914533,0.006240643544677775,-0.005431882213656217,0.25799134770674376,-2.608940840442889,-1.0743815325551955,3.84944855243254
0.013313415144435984,0.01378255439378677,0.006223444479313152,-0.005451553054503202,0.2587059037008182,-2.615803218956017,-1.0541425380221607,3.856558080511332
0.013325296657424823,0.013772010197696442,0.0062063082064354605,-0.005471289369891827,0.2594077151226721,-2.6226005392194867,-1.0339130832460375,3.863680973661708
0.013337120109318736,0.013761480320147887,0.006189131826133153,-0.005490876256381613,0.26003278797807067,-2.6292297831444045,-1.0136804814495957,3.870611407533508
0.013372722182772337,0.01372985839614873,0.0061365473859653,-0.005548950201276582,0.26218128784740746,-2.6480858249451997,-0.9523039861436545,3.8900009028928797
0.013348996234039125,0.013751019196041969,0.006171690911387842,-0.00551021250876326,0.26064339968967215,-2.635619485575425,-0.9933069170077068,3.8771668600946856
0.013360913587470236,0.013740511165020829,0.006154057743270053,-0.005529509033763356,0.26136306938549886,-2.641865720980103,-0.972784942472121,3.8835349024065846
0.013612423365294984,0.013456934686954743,0.00576146609759028,-0.006020594689554174,0.2867938578556028,-2.779233552621376,-0.48512193963733924,4.054141438905233
0.013623265840603558,0.013445568842486736,0.00574251075938209,-0.006038677281857242,0.288684354153275,-2.7822975601061324,-0.4637157291510265,4.057367772558991
0.01362792139179516,0.013460919024457544,0.005731632329107413,-0.006008158338785589,0.2802930670144313,-2.7680932513055865,-0.47241230872109224,4.02915982365786
0.013601545239737611,0.013468266409335265,0.005780354963978017,-0.006002462030719034,0.2858176060615215,-2.7760247493189945,-0.5064875310897617,4.050824420975613
0.013617025835897294,0.013472288724232853,0.005750487710153046,-0.005990143550716551,0.2797604729747281,-2.765029207958225,-0.49367602560004725,4.025955409619157
0.01359063157195155,0.013479563897172276,0.005799165647258567,-0.0059842905678861415,0.2863815773942431,-2.772679992958661,-0.5277839577703939,4.04738111623381
0.013606099847147108,0.013483605849203115,0.005769281063504647,-0.005972099459820253,0.27886006764558163,-2.761829733648547,-0.5148993744969089,4.022615529060129
0.01359517145853957,0.013494906165349409,0.005787957432832248,-0.005953954392745095,0.2777493957838004,-2.758462561634239,-0.5361027370130901,4.019056982606954
0.013579682470325219,0.013490827038345836,0.005817919851899484,-0.005966059303761471,0.2866818742032595,-2.7692355574777303,-0.5490661380062937,4.043734991632584
0.013584228139342522,0.013506199329464385,0.005806535307687286,-0.0059356978473036745,0.27687204602146553,-2.7549254341122786,-0.5572910750595854,4.015302783359988
0.013568698043612793,0.013502055721075013,0.005836635988702565,-0.005947750239400859,0.2856112672428294,-2.7657019840857053,-0.5703845886628015,4.039891557474229
0.013573236097136362,0.013517464964677706,0.005825077186346604,-0.005917376720793886,0.2763149364231037,-2.751242139052866,-0.5784554091193649,4.011428118467983
0.013557678400931637,0.013513249833920797,0.005855310042590589,-0.005929367172303614,0.2837638286159178,-2.7620520444869325,-0.5917290786755506,4.035920033104306
0.013562176601136221,0.013528683015438735,0.0058436207534787975,-0.005899030237177271,0.2758877642843376,-2.747437436689004,-0.5995893519815217,4.0074733887829685
0.013546623651759673,0.01352440926578893,0.005873930250100621,-0.005910921578592553,0.2819099347663598,-2.7582453032061647,-0.6130560479303931,4.031868348923297
0.013551049017870445,0.013539846879751698,0.005862169153505369,-0.005880668138053393,0.2754520629091959,-2.7435271786219815,-0.6206958397744328,4.003440911573656
0.013535533905932737,0.01353553390593274,0.005892488296132466,-0.005892421697688898,0.2803236116485169,-2.7542498134244067,-0.634324252959126,4.027741856373353
0.01352440926578893,0.013546623651759673,0.005910975281363581,-0.00587387651964482,0.27944008089966,-2.7500548524209854,-0.6555029476983286,4.023524558354899
0.013528635569303069,0.01356202420952476,0.005899199307544914,-0.005843857178761396,0.27410195031480017,-2.735393590683108,-0.6628507029249898,3.9950619383152026
0.013513249833920798,0.013557678400931635,0.005929385390854646,-0.005855292031202175,0.27974235850956225,-2.745683041749771,-0.6765887614558291,4.0191765445961805
0.013539861953559584,0.013550957080929618,0.005880707715141279,-0.005862285519691389,0.2749099377980391,-2.739517344324709,-0.6417811344961423,3.9993180575457594
0.013517397126050622,0.013573071471656518,0.005917589868748817,-0.005825336133182215,0.27303422944235217,-2.7311232216700145,-0.6839053933953297,3.9906050360165692
0.013502055721075013,0.013568698043612793,0.005947729844215401,-0.005836657022266903,0.2804264935508618,-2.7411812553931036,-0.6976259867841241,4.0146358523276495
0.01350615333978586,0.013584111648844252,0.005935862734731383,-0.005806701318897532,0.2720230522708223,-2.7266877926693933,-0.7049368775068166,3.985933661330425
0.013490827038345834,0.013579682470325217,0.005966026890759496,-0.005817952973982451,0.28013943811269615,-2.73658110428377,-0.7186708301823304,4.009878977737272
0.013445568842486735,0.013623265840603561,0.00603865675237604,-0.00574253253263286,0.27730407359383286,-2.717009280796663,-0.8027451226638642,3.9893950844561203
0.013449476727463773,0.013638791460457085,0.006026230126900478,-0.0057126531543511055,0.2681482669605375,-2.702364072269116,-0.8094076848105286,3.960502768899573
0.013456934686954742,0.01361242336529498,0.006020598628428617,-0.005761462169676525,0.27725941328630826,-2.7220915167539737,-0.7817969509817667,3.9947135184113294
0.013460853504885927,0.013627931874401892,0.0060083217689389954,-0.005731571198016389,0.2691080640674362,-2.7075159726618208,-0.7886124298035403,3.9658947635883934
0.01346826640933527,0.013601545239737611,0.006002471184983513,-0.005780345351024926,0.2779182283767036,-2.7270511313438157,-0.760788716997563,3.9998907538554906
0.013472218744218757,0.013617047976231034,0.005990310866498886,-0.005750408873890995,0.26995301044712555,-2.712511014243877,-0.7677786823696654,3.971100293579173
0.01347956389717228,0.013590631571951553,0.005984277611502082,-0.005799178721543906,0.27903132548934256,-2.7318777242707255,-0.7397346037945772,4.004948839357211
0.013483566782976202,0.013606115952493718,0.005972213893115752,-0.005769209248435317,0.2706363040714468,-2.7173696599618427,-0.7468861258990821,3.9761617100385425
0.013494881652761831,0.013595132850917943,0.005954059902918358,-0.005787980300519218,0.2712691564821082,-2.722097864399624,-0.7259343270808073,3.9811055700399156
0.013453682326633432,0.013654620900387673,0.006013532738094075,-0.005682881331945895,0.26719913645398385,-2.6878532996217035,-0.8089433348239305,3.931634047332927
0.013902152668993594,0.013126212492436515,0.005210246986284352,-0.006503489898858124,0.3091860315817139,-2.8114040436451995,0.11938544364263186,4.088792945753529
0.013908125566829578,0.013141073688246822,0.00520197863659073,-0.00647224721259886,0.2998843677569389,-2.7990725787921034,0.10704066567658006,4.062319577091195
0.01389231217238789,0.013138455982275532,0.005230656130611875,-0.006487086327196911,0.3080736270636229,-2.8121466897394165,0.09776310461756481,4.089446550467568
0.013898265365048608,0.01315334544445051,0.005222238207164603,-0.00645583824369871,0.2993166201966757,-2.7997342200885273,0.08549382632445042,4.062935294593547
0.013882433256544183,0.013150668501838894,0.005251024783316385,-0.006470609739188892,0.306503826544207,-2.8127792525037685,0.07608996570387738,4.08998192119866
0.013719226219359807,0.013341759466093658,0.005569468665639254,-0.006198635026653718,0.2968129489971759,-2.803260946521594,-0.27000387908431683,4.07947608951651
0.013724440057150197,0.01335692977761356,0.005559269918941605,-0.0061678236256046464,0.2863513339354123,-2.7896842401131803,-0.28006289191814243,4.051783526549389
0.013708709395206253,0.013353427294859523,0.005588912677493817,-0.006181109119728819,0.2958030083594217,-2.8015354333251477,-0.2915774873872489,4.077461757978906
0.013713925319789759,0.013368653831890918,0.005578528107961549,-0.006150236450839021,0.28574571672509214,-2.7877781627297904,-0.30150999756050295,4.049727948358822
0.013698155965600397,0.01336506202826845,0.005608316813374869,-0.0061635083986095775,0.2941175878588592,-2.7997200500220263,-0.3132072614680235,4.075315096403025
0.013703343217434166,0.013380343476533168,0.005597785126024289,-0.006132604765655892,0.285255297803692,-2.785733093730185,-0.32293949063988436,4.047572403704398
0.013687566035138602,0.013376663550976343,0.005627670659861194,-0.006145842117948029,0.29239000062791004,-2.7977752638295734,-0.3348565023024672,4.073078786991036
0.013692694535828984,0.013391990110783333,0.005617040190099488,-0.006114941896226317,0.28479457006591774,-2.783563509249887,-0.34434744545759255,4.045318649788565
0.013676939708806898,0.013388231747947453,0.005646971436535229,-0.006128112707874123,0.29064597844642376,-2.7956658251397752,-0.3564946581008461,4.070757005840973
0.01363407255801407,0.013434168988720427,0.005723519912740189,-0.006056680267734991,0.2890854977267663,-2.7852513667104657,-0.4423443251872367,4.060425525775534
0.013638763859762683,0.013449488712941875,0.0057127537101977315,-0.006026168341565749,0.280932999879333,-2.771036871682023,-0.4510993929830896,4.032293500227355
0.01364484341025055,0.013422735238775142,0.005704492683771712,-0.006074604514748931,0.2878596902822544,-2.7881129557958104,-0.421004453177437,4.063239934486962
0.01364957718382432,0.013438036766973907,0.005693803527728645,-0.006044097457303125,0.28203342323273345,-2.7738297715600067,-0.42976024773761007,4.035282841228398
0.013655578290412793,0.013411267706097352,0.005685396525075714,-0.006092480684488412,0.28743200235940014,-2.790836630387631,-0.39960530904426256,4.065851949154265
0.013660394791521875,0.01342658955466891,0.005674721882731291,-0.006061883881956054,0.28320289583004365,-2.7764468118008128,-0.40842480717366597,4.038026106932308
0.013666277091978747,0.013399766504457605,0.005666217633684407,-0.00611032159050461,0.2887584236619942,-2.793360101730816,-0.3780925322190128,4.06834723784565
0.013671207942461497,0.013415118557989875,0.005655529015051889,-0.006079577854396472,0.2839510645969972,-2.778916764683515,-0.38708915788752435,4.0405558198310745
0.013681981483850863,0.013403586089070168,0.0056362898961496545,-0.0060972594902260055,0.28438224428108644,-2.7812858455079987,-0.36573194190820635,4.042974794724189
0.013888340110540694,0.013165578656922727,0.005242490863254006,-0.006439395318934141,0.29879345198700036,-2.8002631411203214,0.06395809329760754,4.063451394866726
0.01387251601870674,0.013162849930815514,0.005271341005960863,-0.006454069715117937,0.3051468897041644,-2.8132614791463806,0.05440841715289351,4.090421862298846
0.01387835836518043,0.01317776789411832,0.005262721434567151,-0.0064229212010532425,0.2982169723711698,-2.800666437349426,0.0424348676921708,4.063855366130901
0.013862560556543104,0.01317500014913975,0.005291599879329253,-0.006437470278396095,0.30405967104290776,-2.813568201782692,0.03274714439663787,4.0907529971477015
0.0138683301462059,0.013189913088104216,0.005282913058592505,-0.006406409364812421,0.29755244351033433,-2.800946674334251,0.020918689004401057,4.064134653756742
0.013852566968142578,0.013187119036995118,0.005311796567125965,-0.006420815483169643,0.3034404496584649,-2.813693458043519,0.011123507331719336,4.0909553281698114
0.01385826860734461,0.013202021761360533,0.005303044777133048,-0.0063898385799247845,0.2967027876535541,-2.80109424116106,-6.022830086854367E-4,4.064261871007311
0.013842535352014634,0.013199206474818056,0.005331927801961158,-0.006404108114409544,0.30362183481494753,-2.813657492672404,-0.010465011326563231,4.091001886360584
0.01379181033250085,0.013259167746885672,0.005431823006926471,-0.006319600803603297,0.30182053360963007,-2.81166942377529,-0.11859630362962936,4.088688405115661
0.01379731615019718,0.01327420526340143,0.005422380852166962,-0.006288634771914867,0.2915101842032984,-2.7987858693821654,-0.12980122811019165,4.061476994217988
0.013781552642028794,0.01327106398830183,0.005451645025841427,-0.006302508968924469,0.3012444050530407,-2.810946064047242,-0.14026988368572252,4.087725853209031
0.013802030595032832,0.013247239343570827,0.0054119634470554566,-0.006336616391281393,0.3012647957208925,-2.8123125966354032,-0.09697008605922108,4.0894507426499755
0.013807536038447052,0.013262234343373399,0.005402680434240213,-0.006305710275357603,0.29249552187266464,-2.7995669638866656,-0.10827978319076852,4.0623809923111445
0.013812213328629513,0.013235278896327097,0.0053920387752289895,-0.006353579428403131,0.30153215009220347,-2.812844641188392,-0.07533854522975601,4.0900456922017785
0.01381775472762343,0.013250250729677114,0.005382863295643427,-0.0063226721032456695,0.2935086040867551,-2.800169359819508,-0.08675421302668525,4.063060470909832
0.01382235843270555,0.013223286523398868,0.005372045155940683,-0.006370493199418892,0.3029529233187608,-2.81323551158807,-0.053687288374505364,4.090521724443887
0.013827951469955357,0.013238239422940725,0.005362967532086629,-0.006339554087092864,0.2942077751513299,-2.8006121576518197,-0.06522550031552378,4.063553180027203
0.01383246580708731,0.013211262343301559,0.005352005285730807,-0.006387338510750933,0.30386046395836763,-2.8134991560069165,-0.0320564808383053,4.090857234295907
0.013838093566064573,0.013226189106676979,0.005343048670147523,-0.006356394196099448,0.2948237727925334,-2.800920930004341,-0.04368684217684418,4.063935599566078
0.013848190240162301,0.01321411151807911,0.005323089536627156,-0.006373169634416895,0.29569633809687246,-2.801087909320087,-0.022140038323288053,4.06419374688904
0.013787059968534144,0.013286158692646224,0.005442023867010427,-0.0062714739339428975,0.2909238969242085,-2.7978471132913527,-0.1513148858114958,4.060422983522391
0.013771257625019939,0.013282927950127593,0.0054714392087625045,-0.006285332389876649,0.29912701855558127,-2.8101203724051875,-0.16200259678742576,4.086614244368908
0.01397948202078988,0.013027164159111645,0.0050451474097964345,-0.00663238595127858,0.31564025336146,-2.8002898588683838,0.29250153383908273,4.077519912534478
0.01398588733763592,0.013041929624540372,0.005037617835442833,-0.006600807437053058,0.30518432554675035,-2.7886790219536284,0.2789164392600076,4.051831982099947
0.01396995232761314,0.013039651051762193,0.005065962017559181,-0.006616500718626266,0.31453991468315334,-2.8022683887890163,0.2708529045622114,4.079305601402793
0.014152980117106462,0.012784377156011453,0.004640519128954442,-0.006921534080830825,0.3274105640967416,-2.738253425202123,0.6992945163944836,4.014065110229273
0.014161707094251574,0.012771316304873213,0.004618742401561863,-0.006936084836126531,0.3286709282375484,-2.7335110548702004,0.7205023136171094,4.009399495720044
0.014168990338709206,0.01278563530060623,0.004613320844321857,-0.006904247267757571,0.31819394317146305,-2.7239955092004404,0.70444379933994,3.9857607970609092
0.014126553621484204,0.012823394270911457,0.004705606230562011,-0.00687745036159136,0.3225367121373762,-2.7516297016769076,0.6353987789463084,4.027586240498779
0.01413540329229132,0.01281041626989777,0.0046839707597238125,-0.006892203513487222,0.32328549767418197,-2.7473714536379656,0.6566810910025508,4.023157303685699
0.014142524908361464,0.012824882325140771,0.004678254261720613,-0.0068603426172552774,0.3173138956162446,-2.7371380091882873,0.6411724511668947,3.9993144216078433
0.014144212153727343,0.012797410521339082,0.004662268011703005,-0.00690690288225311,0.3253046152236279,-2.7428974231201244,0.6779999829023172,4.0186423041910215
0.014151419543816102,0.012811856779661948,0.0046566169127474424,-0.006874969427706033,0.31766475130699967,-2.7328723472243275,0.6622489170085673,3.994876591061207
0.014160245893635915,0.012798767132992153,0.004634962198982385,-0.006889611709420657,0.3178597594727475,-2.7284952130393445,0.6833432068432533,3.9903553582783897
0.01411766323049986,0.012836344393790975,0.004727174972028354,-0.006862643140919191,0.3230124850301498,-2.755691955686886,0.6141525070168412,4.031863079195678
0.014133596903112918,0.01283785552957431,0.004699823369664667,-0.00684567998454771,0.3165918839929311,-2.741280160399977,0.6200836085058646,4.003604241908866
0.013217089905596724,0.01386418778522542,0.006359161274991954,-0.005294238839412106,0.25347172648217325,-2.557970315476169,-1.2140500856292784,3.797102831301396
0.013253400348231685,0.013834051463638516,0.006308720391104185,-0.005353276786022263,0.2552754322204119,-2.580458364809585,-1.15456860649532,3.820100490683256
0.013229164905191201,0.013854162457808952,0.006342527044178364,-0.005313997810159122,0.2540246377246158,-2.565614706618351,-1.1943597220675668,3.804968966071256
0.013241282954880473,0.013844144512137573,0.006325672174733053,-0.005333628798250757,0.2546157330846233,-2.57308650351982,-1.174514005499393,3.812580681682937
0.013205024881083794,0.013874265581457886,0.006375608790880485,-0.0052742681346086215,0.252895497069003,-2.5501199038313516,-1.233636248630505,3.7889345834503874
0.013192893004645795,0.013884361336018185,0.0063920257556591585,-0.005254140062113311,0.25227757593744765,-2.5421004960834193,-1.253224275986698,3.780572785869108
0.013220281747703717,0.013880392466688983,0.00634435820341202,-0.005265072262155271,0.24971835605972828,-2.5435405759660106,-1.213032205020076,3.7680645934467383
0.013138455982275529,0.013892312172387889,0.006487085028290314,-0.005230657540710539,0.25780276326445317,-2.538396434082352,-1.332613805602023,3.8036551084982135
0.013153311197873179,0.013898288877581782,0.006455931203809406,-0.0052221366183345325,0.2516366164016212,-2.531334232944381,-1.3157284837601744,3.7830801828344818
0.013101633084380388,0.013921718017639338,0.006536072332426805,-0.0051693147401086804,0.25759717880877925,-2.5121276077283934,-1.391349948027423,3.7766459736509823
0.013104115439636623,0.013937527857989565,0.006521034913339327,-0.005140750780677424,0.2487396324882556,-2.4966485753801564,-1.393599386802433,3.7472178789274238
0.013113938152874599,0.013911954649541829,0.00651982070122963,-0.005189797027238614,0.2567178440893957,-2.521001768675473,-1.3718863137171038,3.785776996583621
0.013116423018569934,0.013927758086474338,0.0065049300447075145,-0.005161199909256328,0.2497093651192769,-2.5055267644883377,-1.374225171541836,3.7564472813908343
0.01312621249243652,0.013902152668993601,0.006503493550849862,-0.005210242220732073,0.25659405680471975,-2.52976945744444,-1.3523155062638246,3.7947560359674353
0.013128728774862498,0.013917982697243475,0.006488691512330446,-0.005181545613294592,0.2506436942813976,-2.514245928787989,-1.3547949937456674,3.7654668572629233
0.013141031758541663,0.013908170396600602,0.006472340422961134,-0.005201839962117666,0.25125528306671874,-2.52283719831067,-1.3352989772894086,3.7743182985947112
0.013094593791497201,0.013963544462384117,0.006521397746358795,-0.005091649878873921,0.24740630127884447,-2.4737027429614185,-1.4080204407561905,3.709517140651586
0.013106883381238964,0.013953672175958448,0.006505712078149639,-0.005112311387674681,0.24802499897010022,-2.482771642333631,-1.389040783652332,3.7190753697854966
0.013180681763477605,0.013894447748194816,0.006408448537114982,-0.005233902143275719,0.2516372705573897,-2.533934587359424,-1.2728303162077435,3.7720659940068124
0.013168412838575838,0.013904509144433362,0.006424845872925263,-0.0052135849430577615,0.2509651175830801,-2.5256345968116745,-1.2924188497009457,3.763424933015852
0.013082185412624634,0.013973360855637766,0.0065371863515479986,-0.0050709515362886174,0.24674373231967592,-2.4645267804447677,-1.4270672959302815,3.699910947930493
0.013069671071753058,0.013983079284386466,0.00655308364083513,-0.005050292037387984,0.2460739634768732,-2.455277271744075,-1.446165593841716,3.6903159249611135
0.01298091081850219,0.014049073509063597,0.006663787335315931,-0.004905829276883268,0.24227905016032866,-2.387889151317412,-1.5786172398729923,3.6214285651002
0.01299362330294152,0.014039669617075826,0.006648336491847719,-0.0049267706046137736,0.24280097733574238,-2.397952301638321,-1.559987614638082,3.631812533848969
0.013057072033100898,0.013992683928307917,0.006569064028640276,-0.005029702079481082,0.24540971518131258,-2.445966417436804,-1.4652862813295962,3.6807464187356103
0.013006284900399916,0.014030244418699636,0.006632843456836992,-0.004947623882863254,0.24330587592677697,-2.4078791802177144,-1.5413192125634403,3.642054697038686
0.013018961424023178,0.014020863716226947,0.006617144364590215,-0.004968291984347996,0.24376053121081967,-2.417620815364343,-1.522507132948096,3.6520200181728675
0.013031683113397875,0.014011534330414759,0.0066011830871259706,-0.0049887686121048635,0.24422530764254494,-2.427171591513147,-1.5035097949603975,3.6616824392259093
0.013044401969478868,0.014002164880718926,0.006585112390811848,-0.005009200285399077,0.24477794094366087,-2.4366013315842903,-1.4844116569108177,3.671212025723952
0.012913452405312715,0.014063470817168196,0.006772336266127751,-0.004855668227655766,0.24828281689765833,-2.3645147904303356,-1.6765967028937918,3.624241246154252
0.012927938785377886,0.014070200219231022,0.006740899039752249,-0.00484908951817726,0.24116113083385596,-2.3597118944836257,-1.6585986091237395,3.6057837730957067
0.012900672279216817,0.014072603630183415,0.006787557195308029,-0.004834368600218487,0.24785635478068624,-2.353722587885427,-1.6950944878586924,3.6131009852627844
0.012915120727822636,0.014079391095406955,0.006756122533828154,-0.004827863809837439,0.2406261685884418,-2.3490290457083636,-1.677011381875058,3.5947725391366316
0.012968180723894739,0.014058467221403572,0.006679128059523477,-0.004884791585358182,0.24176316729903732,-2.377684511816707,-1.5971571237236761,3.610868080030549
0.012955458845146,0.014067853276884791,0.006694310470320081,-0.004863662870123558,0.2412109682022301,-2.367343352710938,-1.615564673904195,3.6001196358567165
0.012942674870980402,0.01407716819541842,0.0067095076139365465,-0.004842530081615872,0.24064441590483962,-2.356908320901376,-1.6339553886427687,3.5893155537951356
0.012849266508138675,0.01410873220903958,0.006847752285367287,-0.004748720105427638,0.24704907226473286,-2.309390938318982,-1.7682459727885955,3.567397159277109
0.012850702944007392,0.014124718387312614,0.006831078879566966,-0.0047210974928586025,0.23776582523837012,-2.2939214134571593,-1.767880286193961,3.5379216438140255
0.012862160483752988,0.01409976064731136,0.006832812374794474,-0.0047701917831412775,0.24654058156152367,-2.3206207032482062,-1.7500950345742392,3.5790065705604497
0.012863617689974441,0.01411571016609943,0.006816284176348958,-0.0047425745897547765,0.23842016409511915,-2.305200335948403,-1.7498664735926426,3.549588935957398
0.012875026190632995,0.014090748636029148,0.006817801866861573,-0.004791620936666103,0.246327851508209,-2.3317654063035427,-1.7318622050703494,3.5904690590689428
0.012876512788605417,0.0141066933434126,0.006801381567630512,-0.004763955491012488,0.2391681610263909,-2.3163304519762913,-1.7317795505977125,3.561079054971857
0.012887863498982953,0.01408169626641203,0.006802714485409397,-0.00481301652850231,0.2469862493687415,-2.3428053696750486,-1.7135230829983452,3.6018343212275954
0.012889401240692419,0.014097646290467178,0.00678636754079234,-0.0047852798594348244,0.23973306970451683,-2.3273321412061985,-1.7136077997823793,3.5724110829785474
0.012902274000936973,0.01408854516086041,0.00677127601066778,-0.004806584279404413,0.24015069561231414,-2.3382306397099644,-1.6953500629088196,3.583637611462507
0.012745112669881743,0.014179037739678208,0.006964936660753567,-0.004575118582557477,0.2422120907805877,-2.2153995914232976,-1.9110038603724206,3.470337289620547
0.012758228099060336,0.014170392997494839,0.006950522554144437,-0.0045969870559988135,0.24343865545450558,-2.227522907732067,-1.8934380464064995,3.4829174517998283
0.012759317075142662,0.014186446119129233,0.0069332358661411695,-0.0045697056147926,0.23480097353876037,-2.2120427018605615,-1.8918962097584888,3.453627124729803
0.012772439308914736,0.014177723440075408,0.006918896380627092,-0.004591508856312424,0.23519732440476956,-2.224094838159631,-1.8744033511103544,3.4660653788202858
0.012692381351478463,0.014213203372519656,0.007021890663375154,-0.004487215509360244,0.2397267609011804,-2.1657642705537667,-1.9805374292159852,3.419125946034056
0.012705604357736414,0.014204724135944917,0.007007753195736848,-0.004509262448943491,0.2405878156261693,-2.1783398792424324,-1.9632814817834732,3.4320854169776465
0.01270647678483034,0.014220834424696946,0.006990117075717293,-0.004482155296975446,0.23341267884374192,-2.1628088751134324,-1.9610291588616595,3.403017965233012
0.012718800667499653,0.014196203394784798,0.006993552737714817,-0.004531255189309929,0.24084784015450586,-2.1908013968172817,-1.9459454891871155,3.4449289449904192
0.012719719627202836,0.014212304198126061,0.006976008586475127,-0.004504098481634766,0.23376934104443015,-2.1752726795724153,-1.9438810114560978,3.415833298313778
0.012731970148814605,0.01418764123415389,0.006979282673791183,-0.004553203974142317,0.24112632870620154,-2.203156760541717,-1.9285189447882962,3.4576677332275474
0.01273293982152871,0.014203734836078988,0.0069618217348500515,-0.004525995751792599,0.23422688361998265,-2.1876295560643935,-1.9266478320799558,3.428533964441638
0.012746143943653311,0.014195120693695837,0.006947551337388301,-0.004547858524078707,0.23457600798498465,-2.199882683695108,-1.9093181316769228,3.4411178420524027
0.012852284306758603,0.01414109172993834,0.006814302508906508,-0.0046935048005502635,0.23722008739216618,-2.2807479585616424,-1.7608623675471904,3.510691885391839
0.012839248601970957,0.014150171533725088,0.006828921509510161,-0.004671834137423527,0.23664345569539844,-2.2693226340534114,-1.7786766611859106,3.498823341271049
0.012786774841032966,0.014185310584870521,0.006887493452647316,-0.004585993924730087,0.23487072773332365,-2.223121324347225,-1.8494651213685815,3.451485244594793
0.012799823527019695,0.014176560052951708,0.0068731653849757055,-0.004607517256478119,0.23521710721111644,-2.234826509286964,-1.8320568170026663,3.4635529327873784
0.012812930818205163,0.01416785735410001,0.006858543006823704,-0.004628884453767621,0.23559379227279495,-2.2463768571035563,-1.8144152704603211,3.4753511515571307
0.01282609666086477,0.014159092445728652,0.006843726552282633,-0.004650281162161035,0.2360746295111733,-2.257857228048904,-1.7965780646639489,3.4870527522733616
0.012572194795293824,0.014287635004878955,0.007145944873883099,-0.004286901854937963,0.23638309325310955,-2.0477670151102876,-2.1316531477097667,3.2980525782382117
0.012572591356458182,0.014303664762047856,0.007127573820403833,-0.0042605923002020825,0.22975781011064703,-2.032578735717865,-2.127998940003955,3.2693472993048034
0.012585652109060668,0.014279533055242138,0.007132453134985682,-0.004309311445988065,0.23543025561548306,-2.061308917111374,-2.1152474958841627,3.3118153362933556
0.012586079595398758,0.014295593893264846,0.007114143531492597,-0.0042828977653024776,0.23045051821877793,-2.046039839831415,-2.111698875760475,3.283162360853184
0.01259908392005067,0.014271388858033657,0.007118872257976657,-0.004331709556466703,0.2362362716034511,-2.0747529777229885,-2.0986721689228935,3.325554097431567
0.012599569647173743,0.014287502052244742,0.00710057948891196,-0.004305141290147725,0.23086102107325998,-2.0593862612552347,-2.0953051001457683,3.29680597039514
0.012612490095141668,0.014263202493758266,0.007105208546381372,-0.004354085623035554,0.2383846752450469,-2.08806645898565,-2.0819656249464793,3.339310523193189
0.012613047570081642,0.014279337234466512,0.007086956536550524,-0.004327396347441634,0.2308403722056895,-2.0726643345781834,-2.078819062090277,3.3103768002646397
0.012625870501321728,0.014254974043432976,0.007091483350548335,-0.0043764045868320885,0.2398697895651418,-2.101245077780005,-2.0652111791595273,3.3529981579045915
0.012626483554746678,0.014271076825601666,0.0070733431320667015,-0.004349684472523618,0.23078010746805286,-2.0858898452462835,-2.062249767226755,3.323951899406867
0.012573154354877276,0.014320062476523515,0.007109082113816612,-0.004234351204577202,0.22885096586103512,-2.020675825254155,-2.1185101996744975,3.2434725809203804
0.012559652824331727,0.014328208454714018,0.007122137224508823,-0.0042119245243700636,0.228549143789997,-2.0071226731819505,-2.1344550178307817,3.2294720476005065
0.012491272617756802,0.014367815803660276,0.007187683810302611,-0.004099615560182657,0.2271955889672805,-1.9379680253146112,-2.2138173194359996,3.1587186977853503
0.012504894656683514,0.01435986124389881,0.00717501473220693,-0.004122275899699958,0.22740472300784428,-1.9520252139715666,-2.198337157771005,3.1732405965336707
0.012518561424418954,0.014352017463981764,0.007161990449745915,-0.004144701287855373,0.22756864928471685,-1.9659144321716084,-2.182579873246787,3.1874359837687254
0.01253230626088224,0.014344220016642586,0.0071486327929118154,-0.0041670134817898725,0.2278103979749648,-1.9796941121887939,-2.1665398733857617,3.2014008753971495
0.012546033267923534,0.014336293969256743,0.007135289831145051,-0.0041894242598749755,0.22816909939026245,-1.9934372695849596,-2.150451461199808,3.2153978683867597
0.012463721871444339,0.014383622111572514,0.00721314019989032,-0.004053967785851789,0.22649489035184675,-1.9094191939597736,-2.244808666221982,3.1293222362803195
0.012477568505827258,0.014375780149988556,0.007200310244219535,-0.004076791910909926,0.22687193552780457,-1.923747566751812,-2.2292530095245895,3.1440156051667656
0.012367365557503274,0.014404041361879703,0.0073399350969904345,-0.003945554956309183,0.2334764863315344,-1.833052501817374,-2.3672633434995793,3.0780703987576192
0.012381189378714531,0.014396582438974287,0.007327494484888884,-0.003968611581317064,0.23479476754437392,-1.8480065899388929,-2.352162150025735,3.0935186716412626
0.012380850962661514,0.014412689892419091,0.007308060529776106,-0.003942999329708556,0.22582529460873316,-1.8332481101478952,-2.3468914637547282,3.0650787570906
0.012394686701536995,0.014405137326733299,0.007295712202995895,-0.0039660002089197234,0.22593898425284978,-1.8481474575620316,-2.331881655134818,3.0803669478188493
0.01240827467748986,0.014413931748110972,0.007264193361816616,-0.00396337666631624,0.22574946123978193,-1.851680062222936,-2.306239394287655,3.070580793153686
0.012422047099286543,0.01440633382719639,0.007251832199460515,-0.003986123197435646,0.2258534000129866,-1.8662380812950146,-2.2912499503877712,3.0855113203986133
0.012435882371477988,0.014398817107324581,0.007239117898329949,-0.0040087032488641755,0.22596630420203964,-1.8806732561474135,-2.275966543383459,3.1001800947973135
0.012449792219247476,0.014391282014319792,0.007226150993758181,-0.0040312769178276675,0.22617592472713463,-1.8950540188402252,-2.2604393291145897,3.1147337836600584
0.012255945233250496,0.014462141986151313,0.007436756509667169,-0.0037598811812385884,0.2332988131837029,-1.709974676124278,-2.4840851826311607,2.9523385092592753
0.01225526428283559,0.014478230659474713,0.007416517065755731,-0.003734956090213935,0.2242652616516441,-1.6955355676870874,-2.477657335775661,2.924358493400496
0.012241915987078055,0.014469207167595147,0.007448539452092545,-0.0037364839258161773,0.23233891481218163,-1.694236455935836,-2.4983133120306618,2.9360807477050357
0.0122699521913998,0.014455032777517945,0.007424907971824056,-0.0037832257816320498,0.2337010523237767,-1.725614379885273,-2.469823726959528,2.9684755537337906
0.012269299569744152,0.01447107308604102,0.007404833167685501,-0.0037582868465957675,0.2242723440806174,-1.7112491558797487,-2.4635388354408505,2.9404268276822267
0.011545084353673888,0.01475528278234136,0.00792533650002527,-0.002575091390720553,0.23596253883838414,-0.8465257549901231,-3.0536487179967353,2.076913003941361
0.011560015631407591,0.014750405375308927,0.007917207251044847,-0.0025999773566001165,0.23581986345585673,-0.8657412372288101,-3.044684076021045,2.0962662118046715
0.011556825781268253,0.01476613554529588,0.00789403205492184,-0.0025784978356312746,0.22888817173333445,-0.8538984540279323,-3.032943116687638,2.0710691578270706
0.011574931491672196,0.014745481092211748,0.007908996748172494,-0.002624847382807242,0.23640512974843853,-0.8849006019095716,-3.0356071724473064,2.1156094069473577
0.011571792419433907,0.014761223558739295,0.007885880810057007,-0.0026032801889814927,0.22844419437483757,-0.8729746777090005,-3.023969091121718,2.0902818054334102
0.011530137799930005,0.014760113266848321,0.007933380820209467,-0.0025502006836375588,0.23740302730878002,-0.8272808650455766,-3.0624903925168474,2.057538474423118
0.011541848946984783,0.014770994389445194,0.007902110022990532,-0.002553701190740738,0.22902705499694118,-0.8347678301898442,-3.0417997629465545,2.0518060500164226
0.013442306066294473,0.013665582660452957,0.006031088770618027,-0.005663708919337782,0.2664592424172521,-2.6824515586782405,-0.8294566948138943,3.9258433417782626
0.013395874969302177,0.013708481742647138,0.00610199638646461,-0.005587613636260563,0.26355379267629625,-2.6601960778327336,-0.9117395717653617,3.9027990444887712
0.01340747776248285,0.01369792240438044,0.0060844196808895095,-0.005606520387788872,0.2641280376632979,-2.6658836429681725,-0.8913399953049889,3.9086436209563318
0.013419161643755761,0.013687303920097801,0.006066582753093749,-0.005625404398853687,0.26482158846298925,-2.671423760641668,-0.8707338261623266,3.9142802108140233
0.013430800314545263,0.013676509916959597,0.006048758130610231,-0.005644489919382757,0.2656383875239874,-2.676948565554573,-0.8500617323874966,3.9200073871119865
0.013268804331371334,0.013840502696503961,0.006277184884105154,-0.005342743484469302,0.2521019788642264,-2.5728760337182393,-1.1343769743114425,3.7977716068684555
0.013280915687448429,0.013830268456936017,0.0062602218456447875,-0.005362337746324696,0.2527479182310328,-2.5800297941759847,-1.1144728226175014,3.8051012165563676
0.013292958856504188,0.013820021210415737,0.006243251948830144,-0.0053818295440221575,0.25337093617687995,-2.5870414535781183,-1.094573693635878,3.812289352517501
0.013305010714791324,0.013809775508876306,0.006226127632882544,-0.005401198161211321,0.25401709477576034,-2.5938848933393595,-1.0745832974541463,3.8192503517181122
0.013400185248842447,0.013724654980429025,0.006087838869533992,-0.005557490111751654,0.25952623506864164,-2.645503474404873,-0.9124969240119601,3.8730808981566756
0.013388834694743439,0.01373550264267659,0.006104522036029889,-0.005537985960214876,0.25875163118552985,-2.639336217229651,-0.9323507727749963,3.8663093490247005
0.013317159775446306,0.013799414437475425,0.0062087434312198255,-0.005420657743248316,0.25463442876162956,-2.6006426693640474,-1.054339633148511,3.8260987797632606
0.013329221938646269,0.013788735139890684,0.006191525118862729,-0.005440574970175027,0.2553361020992446,-2.607517544845686,-1.034043359618572,3.8333082824979887
0.01334100156641843,0.013777913770557431,0.006174744584678519,-0.005460626178789071,0.2560928574660488,-2.614401668748744,-1.0140088895474753,3.840762047589004
0.013352813854449514,0.013767391562770367,0.00615762954099483,-0.005480006998936956,0.2567904019461777,-2.6208602194739155,-0.993937938225837,3.8474886450115995
0.013377106412720318,0.013746428669306816,0.006121728134731135,-0.005518233463495094,0.2580146785813478,-2.633035815614156,-0.9526720979624909,3.859541952249861
0.013364958883249964,0.013757055870119704,0.006139687660915529,-0.0054989167988647196,0.25737677106667345,-2.6269146742310974,-0.973390173180265,3.85339951562239
0.013643673109091403,0.013465116716009405,0.005701906699592282,-0.005995715527761034,0.27939892693473173,-2.756743292010816,-0.4534949576541693,4.0035308745157545
0.013632780404223247,0.013476579720990747,0.005720687958620639,-0.005977706349694835,0.2785939630398558,-2.7537443200066742,-0.4746317925371148,4.000368474000505
0.013621800142010537,0.013487895424845187,0.0057395243826104565,-0.005959863791897843,0.2778564798254772,-2.7507209081861035,-0.4957508301820141,3.997289809551397
0.013610872476973332,0.013499183276992335,0.00575814223173085,-0.005941924785930898,0.27722041794263114,-2.747512266398387,-0.5167425007063797,3.993952130958391
0.013600024116464578,0.013510530664611125,0.005776476790748722,-0.005923722595997407,0.2765684380738756,-2.744041940800186,-0.5376111544176297,3.9902013328666883
0.013589140497093305,0.013521894889566476,0.00579474355564786,-0.005905369917857138,0.27582183181721676,-2.7404000777471236,-0.5584739059120873,3.9862376220041114
0.013578133752104732,0.013533209218049196,0.005813116281853628,-0.005887012800253823,0.2750100208577449,-2.7366783506945254,-0.5794136540258742,3.9822589405913837
0.013533011880072275,0.013577630738868413,0.005887514446256587,-0.005814076074719715,0.2720194235071895,-2.721141670223656,-0.6636853597868294,3.9665127731731284
0.013566990127884994,0.01354443794256537,0.005831628777741747,-0.005868717926877517,0.27418963537630087,-2.732907806924814,-0.6004366926426772,3.978331449595434
0.013555727626774428,0.01355557438388033,0.005850251438724711,-0.005850489926760238,0.27339290717753045,-2.7290826895819857,-0.6215206282686485,3.9744439914501615
0.013544379740999658,0.013566623172205165,0.005868923525179789,-0.005832309792730494,0.27266070472222775,-2.7251825251537833,-0.6426256350571049,3.9705519520079675
0.013521704819072002,0.01358867902697975,0.005905853572027328,-0.005795622364305743,0.27140258213876517,-2.7168626671819998,-0.684622953738452,3.9621146744939124
0.013510440212354353,0.013599778090907613,0.005923969088900011,-0.005776937068040153,0.27071949823625546,-2.7123488380565774,-0.7054590182461801,3.957365202538036
0.013465003895185722,0.013643704253373844,0.005995927203271274,-0.005701852733984093,0.2678621578820273,-2.693066674098738,-0.7884470447006188,3.937186361702038
0.013476358259106301,0.013632828122665272,0.005978115225904144,-0.005720619771201008,0.26851508474022956,-2.6980641730904638,-0.7678512572419267,3.9424177659809305
0.01348774826234566,0.013621896536374703,0.005960121268422886,-0.005739357624184118,0.26922047363601337,-2.7029207420078656,-0.7471155404723765,3.947469683401717
0.013499124890642027,0.013610867644472118,0.005942046946950718,-0.005758150154194981,0.26997418506709914,-2.7076866693048647,-0.7262915765817212,3.952454789779884
0.013458342157092393,0.013670838292576122,0.00599962821200429,-0.005652312946776517,0.26297765930040784,-2.6730696636834534,-0.810353289596273,3.901625975167659
0.013469472436280315,0.013659717099378682,0.005982625857683307,-0.005671619516083671,0.2637830709054389,-2.678525250877502,-0.7902336976877994,3.907723313802133
0.013950775489717907,0.013064534716697497,0.005107494900059939,-0.006584492813948563,0.309786694360296,-2.805874056570785,0.22735363636837289,4.082597908613072
0.01396038345265327,0.013052107945002958,0.0050867491886900755,-0.006600532785936226,0.3123319013383027,-2.8041526525334945,0.2491186143339017,4.080982001761405
0.013966716071140738,0.013067024422357179,0.005078978404878579,-0.006568815768165987,0.30451127244676335,-2.7919892639635324,0.2358914087979164,4.055171890773701
0.013976344802259054,0.013054495396701555,0.005058284395234523,-0.006584821589885183,0.30473094586955063,-2.790395108932024,0.2574004260714183,4.0535366341323
0.01391195464954183,0.013113938152874599,0.005189807067211565,-0.006519812780904144,0.3090477697352524,-2.8105841582968822,0.1409340964843331,4.08795792110271
0.013917926258101477,0.013128783195548383,0.005181705373680294,-0.006488586060233721,0.30070214222495956,-2.7982648358466515,0.12857788587357197,4.0615891187999855
0.01392171801763934,0.01310163308438039,0.00516932761967992,-0.00653606209928687,0.30809109296337056,-2.8096769705096967,0.16244633409835665,4.086893734715663
0.013927695868564134,0.013116495393722649,0.0051613738441997495,-0.006504799987175837,0.30179729196211263,-2.7972950121114963,0.15007548248606162,4.060686635348746
0.013941128533048788,0.013076931244923862,0.0051281786633662904,-0.00656839667413286,0.30802288907227676,-2.8073708737285408,0.20563051947720568,4.084156210000831
0.013957004039421033,0.01307948850744711,0.0050996894753702025,-0.006552834217425671,0.30426672483369077,-2.7934855248788613,0.2144115773132603,4.056754158205057
0.013931442677320518,0.013089297407978533,0.005148788955523656,-0.006552253510342305,0.307527636335416,-2.8086269525254086,0.18399534435074574,4.085609787682743
0.013937465009640694,0.013104204199130207,0.005140931865093496,-0.0065208786635643405,0.3029000529811095,-2.7961615989185513,0.17152810231861035,4.059566936189355
0.013947240927920131,0.013091878004920574,0.005120361367941527,-0.006536870046119282,0.30375141129447075,-2.7948832487173907,0.1929630264969144,4.0582406396025945
0.013924214398209298,0.01314389112022838,0.005173373428555846,-0.006457417419357841,0.2990504671819001,-2.7847201847290246,0.12229686395001192,4.033587297782577
0.013914464330774716,0.013156239659359269,0.005193372263279609,-0.006440972268548713,0.2983209439729782,-2.7853474687376942,0.10104970164589284,4.0340685627345145
0.013904581985319091,0.013168553108764918,0.005213486666784523,-0.0064245306254488216,0.29754743273477063,-2.785911905703753,0.07970788906782413,4.034554204906495
0.01372970633385655,0.013330058657620065,0.005549993270545952,-0.006216078655474177,0.2962871298619434,-2.804924223015453,-0.2484991226173714,4.0812771474255385
0.013734904397382655,0.013345188157865543,0.00553997958389514,-0.006185331180633153,0.2872763428175462,-2.791432194500793,-0.25860826831712336,4.053710183010721
0.013740149634885988,0.013318324985389799,0.005530471585520383,-0.006233453446973395,0.2949195302186813,-2.806504286036637,-0.22700695490974332,4.082824078688404
0.013745358343128204,0.013333449514560424,0.005520586593350764,-0.006202705426904182,0.28853049046275075,-2.792999567699258,-0.23716344162930533,4.05542806010287
0.013776722121122636,0.013298074278713122,0.005461689567970061,-0.006254284049496499,0.2906346465066312,-2.7967888148133544,-0.172816629139845,4.059304138178612
0.013760925383283714,0.013294759514952837,0.0054911895636111695,-0.006268084851721108,0.2965989467638308,-2.8091315967878194,-0.18374781486322914,4.085424892984795
0.013766300314842826,0.013309927513914294,0.00548138307877434,-0.006237106488730552,0.29032671448405334,-2.795636531367523,-0.1942916910918657,4.058139565082869
0.013750556019033765,0.013306558565652457,0.005510873060170944,-0.006250786510322941,0.29483361701546257,-2.8079272027205584,-0.2054332971014715,4.084176115227898
0.013755830064987382,0.013321709323892776,0.0055010428116196155,-0.00621993845277037,0.2896707367647182,-2.794387154847502,-0.2157329870237629,4.0568829345811
0.013740459140931806,0.013360579291811878,0.005529623437615902,-0.0061546823169346026,0.2861263746024576,-2.777183718384524,-0.2619375815854937,4.0249378810044805
0.013730073774737955,0.013372420807168764,0.005548575149590299,-0.006137001120244934,0.2853788720813153,-2.775268209356623,-0.28306992430073,4.022711578233402
0.013719569223992282,0.013384242504415687,0.005567620215979546,-0.006119271754009929,0.28456911656618306,-2.7732568858445235,-0.30429219017553827,4.020431968984846
0.013708935848939613,0.013396008284855659,0.005586778335012498,-0.00610156194358447,0.28374837666780506,-2.771179058407283,-0.3255979909335293,4.018159379050183
0.013698184503480095,0.0134077069076161,0.005606031304439297,-0.0060838851724471085,0.28292259254278407,-2.769034142300954,-0.3469690504560645,4.015895117297311
0.01365447933923094,0.013453584961528493,0.005683165195580705,-0.006013746663938225,0.28010564891379547,-2.7596585953436406,-0.43237218291321744,4.006664826039141
0.013665352535238989,0.01344215042086011,0.005664161906674973,-0.006031441749387029,0.280693228582057,-2.7622841314125455,-0.4111692025861439,4.009343106615909
0.01367633822875007,0.013430783261750005,0.005644820662284753,-0.006048836490586808,0.28132356569184575,-2.7646142732056265,-0.3898236265891674,4.011548504521159
0.01368731471886839,0.013419316232575957,0.005625383512578853,-0.006066279648559583,0.2820909849343913,-2.766835903418975,-0.3683927581164261,4.013671378051939
0.013894581846524751,0.013180792854220337,0.0052336856411960885,-0.006408150963809165,0.29678290593707707,-2.7864234158176067,0.05831412957901855,4.035067615973158
0.013884494247053606,0.01319295529355309,0.005253916067766942,-0.006391819604408687,0.2960431085056716,-2.7868605290850934,0.03690080689863776,4.035568330446645
0.013874343679910502,0.013205046260887704,0.005274136423031504,-0.006375510367940725,0.29534866794953846,-2.787201250139979,0.015488282798693494,4.036013710327389
0.013864178392563762,0.013217106018248534,0.005294265148255566,-0.00635912222464221,0.29471204201178386,-2.787385499976201,-0.00590359280398632,4.036281804257896
0.013803183038528689,0.013289519646382253,0.00541256934324669,-0.006257739026118603,0.29051927358919344,-2.7845760823573773,-0.13389742089327086,4.032798870085095
0.013813331508256609,0.013277448978544116,0.0053931856669786615,-0.00627499494028299,0.2912407117756348,-2.7855182620060535,-0.11264517546887831,4.034006075730766
0.01382353793728828,0.013265422360589946,0.005373575986405212,-0.006292003689767386,0.29187814072772555,-2.786207964529945,-0.09132860786356194,4.034833002028237
0.013833800940910955,0.013253403452367188,0.0053537439816050995,-0.006308829541616012,0.2925635634120145,-2.7866678805087197,-0.0699321237620625,4.035327198707592
0.013843984848409147,0.013241323935754926,0.005333932767271008,-0.006325666840953326,0.293329389873546,-2.7870372410528312,-0.048561463502339065,4.035773886261608
0.013854069819976255,0.013229200159293098,0.0053141783191955755,-0.00634249789899926,0.29406589025413105,-2.7873212895501918,-0.0272451378253907,4.0361832874657475
0.013792941814278363,0.013301588843788707,0.005431997857472225,-0.006240394501954843,0.2896784050928419,-2.783514382606693,-0.1552215043553344,4.031485216623229
0.013988972438811073,0.013014647389398242,0.005024305733254911,-0.006648188386699995,0.31544140152011335,-2.7982514350094143,0.3140556188191362,4.075557601947162
0.01399842348874068,0.013002100865175385,0.00500342099739493,-0.006663920305244364,0.3147094794938392,-2.796133222638803,0.3355598527352248,4.073383093975265
0.01400482235465251,0.013016788754588608,0.004996207055284631,-0.006632473749866761,0.3070281039979687,-2.784773622395852,0.3218536876594333,4.047984610299847
0.013995367854190277,0.01302935602952836,0.00501694419361185,-0.006616708184994717,0.3059833167645795,-2.786811434082193,0.30040866502806157,4.050002948955915
0.01400210665938665,0.013044347653759851,0.005009298546299885,-0.006585233875298199,0.3046643420456204,-2.7734695806063834,0.29314007728631,4.0221634534252795
0.013992682221940085,0.013057057536906341,0.005029713233678447,-0.006569072775281028,0.3039401722145665,-2.7751345500681706,0.27183964440943065,4.023630443024626
0.014072603630183415,0.012900672279216817,0.004834358172631563,-0.006787564757971405,0.3214365194199412,-2.773838490111641,0.5076000559776876,4.050771202236471
0.0140793903004141,0.012915163944942113,0.004827934819342072,-0.0067560037224839815,0.3122078989777584,-2.763289505002929,0.49280281723176333,4.026062148173814
0.014063470817168192,0.012913452405312716,0.00485565985371939,-0.006772342317732803,0.3204794041483825,-2.7771004518746945,0.4861890734723983,4.0540507885158386
0.014081696266412034,0.012887863498982957,0.004813026807194776,-0.0068027073766172156,0.3211664737511315,-2.770486221463523,0.5289361885216137,4.047312895080665
0.014088499086583344,0.012902329340256499,0.0048067366109435785,-0.006771173979359849,0.31296735437723805,-2.759979881319671,0.514107181612213,4.022724076876913
0.014090748636029148,0.012875026190632998,0.004791649109563528,-0.006817782044414893,0.3206252877300811,-2.7670221811735627,0.5502385075339685,4.043658194049701
0.014097582005695585,0.012889493185017703,0.004785476378357697,-0.006786221149533453,0.31393155705770776,-2.7565168546992562,0.5353605424811222,4.019209692743412
0.014099760647311358,0.012862160483752987,0.004770203861592928,-0.006832803739103321,0.3214446162154257,-2.763399256245885,0.5715598380300251,4.039858483439393
0.014106652570627697,0.012876641710332102,0.004764128871808959,-0.006801155483262731,0.31470301427714736,-2.752900065232524,0.5565669988799161,4.015494070656815
0.01410873220903958,0.012849266508138673,0.004748704077469387,-0.0068477633016051425,0.3228622574231484,-2.7596120653466745,0.5928808158009803,4.035942698187924
0.014115683822542172,0.01286374612088016,0.004742727627252502,-0.006816047410084327,0.3151659192513432,-2.7491507730137994,0.5777596471758387,4.011641635693528
0.01412465701684191,0.012850808610333555,0.004721302539222473,-0.006830910605723357,0.3157416595670861,-2.745281886296674,0.5989434479659268,4.007697483948409
0.014221641019906124,0.012679131780828632,0.004465149303328518,-0.00703594294129505,0.3303119504733579,-2.6974750646102312,0.8674414594171345,3.9720482067276586
0.014230036994013361,0.012665855778034212,0.004443013241694429,-0.007049942271598393,0.3313959244819547,-2.6916933150791933,0.8883615688546908,3.966150051980145
0.014237637568522692,0.012680079763236813,0.0044385022838665375,-0.0070179385908706515,0.32336676026904704,-2.6827242107035763,0.8715485595524625,3.943473401835838
0.014238391211262554,0.012652553475482133,0.0044208434008528984,-0.007063865635929642,0.33199568058937107,-2.6857868589051805,0.909228904164633,3.960119092646376
0.014246028071379362,0.012666742736702432,0.0044164431817152626,-0.0070318792516483744,0.3238345807420156,-2.676985745472733,0.8922879533422673,3.937587847164188
0.014246703588587152,0.0126392250056941,0.004398638678134696,-0.007077713758905514,0.33206957787677194,-2.679761972729592,0.9300416862472113,3.9539279325698655
0.014254376867323068,0.012653380545948915,0.004394339975414754,-0.007045749326628832,0.32443729166383367,-2.6711136929307355,0.9129875190158582,3.9315690955415117
0.014254974043432976,0.01262587050132173,0.004376387250374671,-0.007091494020492248,0.3321642985931263,-2.673594731903536,0.950824766110124,3.947571972313875
0.014262698677004504,0.012639997782553284,0.004372172694470581,-0.007059525859419102,0.3250989493929304,-2.66510384558129,0.9336328752556815,3.9253894095482487
0.014204724135944915,0.012705604357736414,0.004509290953180632,-0.007007734779073548,0.3283032837752473,-2.708555986066401,0.8255312686438862,3.983496596614485
0.014213203372519655,0.01269238135147846,0.004487244443271178,-0.007021872138412144,0.32916476132922273,-2.703104376729898,0.8464911574480439,3.9778320345364526
0.014220692514117146,0.012706642071092027,0.004482531003257683,-0.006989941456675697,0.3225636233654043,-2.693830459618431,0.8300041893616933,3.9549163404415
0.01422919320202256,0.012693380973123952,0.004460530769168585,-0.007003956557709266,0.3229810254902625,-2.6883366896368166,0.8507861380969605,3.9492482018431048
0.01417039299749484,0.012758228099060338,0.004596943166657138,-0.006950551727784328,0.3286784814708594,-2.7287178290709804,0.7416000121507175,4.0045880254285215
0.014177665560844502,0.012772493775271725,0.004591686695793574,-0.0069188125667555425,0.3188343158304195,-2.7193531943797775,0.7255124691742852,3.981059958532651
0.01417903773967821,0.01274511266988174,0.004575110043169821,-0.006964942478573567,0.3279840894423604,-2.7238689094835844,0.762615369932757,3.9995860490356083
0.014186303589964694,0.012759359700688042,0.0045700166187336655,-0.006933250828152823,0.3197419454097939,-2.714551264832227,0.7465164787569264,3.976196984440152
0.01418764123415389,0.012731970148814605,0.004553225908157101,-0.006979268452205979,0.3276116798790571,-2.7189191617560247,0.7835964420823468,3.994391484799039
0.014194931192950894,0.012746223054249687,0.0045482637030403806,-0.0069475531899132045,0.3206666163698007,-2.7095843582880583,0.7674529088564707,3.971133114231647
0.014196203394784794,0.012718800667499655,0.00453128535440153,-0.0069935331444897384,0.32778730498346303,-2.7138237221964174,0.8045672235419685,3.9890227480716756
0.014203548827745388,0.01273306195989359,0.004526417098372488,-0.006961753578149759,0.3214288817974346,-2.7044638199578235,0.7883412688926795,3.96587926411186
0.01421214093841624,0.012719867834453844,0.004504497854583362,-0.006975879246495614,0.3220495380751171,-2.6992078698425406,0.8091917104688376,3.960465924550562
0.01418527992940225,0.012787015860488797,0.00458617402455487,-0.006887091423125067,0.3174594746442647,-2.7072653247480845,0.7154903853084006,3.954614433992408
0.014176662785424824,0.012800282755213959,0.0046075742108734824,-0.006872266739321349,0.3168022652005203,-2.711677298669763,0.6945810693770459,3.958937534383852
0.014149862084799665,0.012839669997741367,0.004672568811157279,-0.0068284490565398035,0.3147459421718292,-2.7248561738206583,0.6314275981108634,3.9725235206628065
0.01415891525424539,0.012826678982785633,0.004650866899565619,-0.0068428642581924845,0.3153559331352714,-2.7204878091601157,0.6524530507316348,3.9678986313624267
0.014167876610829121,0.012813535059766663,0.004629148993202884,-0.006857470080848758,0.3160722806167666,-2.7160731767302444,0.6735387474509126,3.96333457153562
0.014140853372987436,0.012852596285993551,0.0046940639389022884,-0.006813952513007181,0.31421258328103624,-2.729019661577766,0.610472721009938,3.976890871811655
0.014263202493758264,0.012612490095141666,0.0043540748213739666,-0.007105215256508818,0.33326567622411946,-2.6672542110255932,0.9716072395943613,3.9410934717553983
0.014270994631976376,0.012626585930487419,0.0043499356434087135,-0.0070732197654453585,0.3255998750316503,-2.658957709446199,0.9542310589246422,3.9190419607748734
0.014271388858033656,0.012599083920050673,0.004331709176674356,-0.007118872682211681,0.3352515692792369,-2.660755069230602,0.9923711408432029,3.93453975976591
0.01427923924815423,0.012613128585079507,0.004327659438286494,-0.007086882913499959,0.3258192874377546,-2.6526831587105413,0.9748119777833276,3.912569927874387
0.01427953305524214,0.01258565210906067,0.004309322178342503,-0.0071324468738890425,0.3361265345932372,-2.6541705914906717,1.0130451170686772,3.9278841724600473
0.014287409120365158,0.012599623907367345,0.004305377332991874,-0.007100544719036462,0.32608332917887733,-2.6462816166846603,0.9953969760938789,3.9060231119053106
0.014287635004878955,0.012572194795293822,0.004286921635859936,-0.007145933158167941,0.3351861414436716,-2.647546342948777,1.033596179957003,3.92105111162255
0.014295529486716292,0.012586098899259683,0.004283064146552426,-0.00711413816472769,0.3267900147756047,-2.6397339554594965,1.0159535223102276,3.8993575802251748
0.014295694626951438,0.01255871211197754,0.0042644767283357005,-0.007159350132460394,0.3342837319237508,-2.640830675566657,1.0540782607463943,3.9140148789995783
0.014303643567652229,0.01257257794182974,0.0042606696445153455,-0.007127577737246795,0.3277190067841757,-2.6330251929325166,1.0364252154245177,3.8924843086051584
0.0143037118419788,0.012545204192439477,0.004241963543429256,-0.00717271204515993,0.33473553884702384,-2.6339379323587284,1.0745543813552245,3.906817128431648
0.014311751358762939,0.012559051515181559,0.004238191128994313,-0.007140875062408161,0.32838949721444166,-2.6261707912382,1.0568048262377854,3.8854000266481177
0.014311686570991885,0.012531671170102522,0.004219385897807161,-0.007186016526183849,0.3362939655914203,-2.6268372621302625,1.0950334166756006,3.89951764995597
0.014319817405524867,0.012545495990588585,0.004215669160084974,-0.00715410381219126,0.328697948032377,-2.6191984152410375,1.0771296059925068,3.878172274528985
0.014319618735532863,0.012518113178479765,0.004196762365962171,-0.007199252563049458,0.3381722685227026,-2.6195671062877737,1.1154801625342459,3.8921532120150713
0.01432780750851217,0.012531902237694301,0.004193149437479637,-0.007167316451062877,0.3288264043749795,-2.6121202935979935,1.0974306264480838,3.8708604764011327
0.014327508257654869,0.012504530351169442,0.00417411571828127,-0.0072124068795972884,0.33931912819487,-2.6122023655621245,1.1358415736749647,3.8847072370289015
0.014335709093530692,0.012518278020395608,0.004170654558766033,-0.007180517224950789,0.3290303245800454,-2.6049292887308977,1.1177126719765373,3.86348709351904
0.014381534484329047,0.01240876639851925,0.0040145018514330865,-0.007302453688992398,0.34272925565598394,-2.5570994370346227,1.2768715624083882,3.8281563281598476
0.014390028206755058,0.012422339547651028,0.004011796788407515,-0.007270530989613881,0.3319754053621218,-2.550924232671141,1.2580193697260966,3.8079019546732162
0.014373945598830679,0.01242251932881241,0.004037421765950196,-0.007289806422950501,0.34228650635190094,-2.5654308272781776,1.2568608988576677,3.8365364114086007
0.014389080122167905,0.012394989703775477,0.003991562398646672,-0.007315017801879664,0.34204094358267617,-2.548733418533113,1.2967729785407058,3.8196260613454562
0.01439755537797286,0.012408523623074342,0.003989020310540852,-0.007283195837129911,0.33260438385730584,-2.5427252264781095,1.2779021443857947,3.799530340023928
0.014396582438974286,0.012381189378714533,0.003968577136924559,-0.007327513265583205,0.34188915484170607,-2.540297788346758,1.3166035867776462,3.8109449244610527
0.014405071397165627,0.01239469823225526,0.0039661663029127575,-0.007295731529077432,0.33329470474952233,-2.53436543382741,1.2977037522905073,3.7909675955605695
0.014404041361879701,0.012367365557503276,0.003945545554965236,-0.007339940412001206,0.34226320910882185,-2.5317627541167895,1.3363730396526297,3.8021235924862284
0.014412562855651656,0.012380854344185168,0.003943250424802382,-0.007308165424175604,0.33378832846162304,-2.5258578877148476,1.3174304766692335,3.7822386120346843
0.014411456818519205,0.012353518374336696,0.003922484983100971,-0.00735228986929395,0.3417658801823637,-2.5231276979075115,1.356061150599391,3.7931298518320573
0.014420013779679499,0.012366990950231707,0.0039202945444864875,-0.007320518185796566,0.3343180379405996,-2.5172205782623647,1.3370932454793312,3.7733847576607764
0.014418828737030386,0.01233964796343263,0.0038993836171588594,-0.007364567879620479,0.3409825699648234,-2.5143555018792307,1.3756937660245476,3.7839435370685113
0.014427443782312145,0.012353116440126564,0.0038972757855689545,-0.00733275376674272,0.335007768913184,-2.508456123809879,1.3566726017088453,3.76437475436232
0.01442615704605234,0.012325754459026412,0.0038762134543218717,-0.007376789238032518,0.3419360490355348,-2.5053782730905496,1.3953289759866288,3.774624031815262
0.014434860395174614,0.012339221722491167,0.0038741780844209887,-0.007344874090759869,0.335447378742187,-2.4995655769374996,1.3761658540644157,3.7551817925148074
0.014433441674724524,0.012311837995365548,0.003852987198325332,-0.0073889471949209785,0.34411225479457946,-2.4962063910216545,1.4149521639354792,3.7652437474364544
0.014442220626853042,0.012325280278682663,0.003851043377492806,-0.007356969576052933,0.33543977387119944,-2.490561319484827,1.3956252110190182,3.745874968564419
0.01444068255268562,0.012297898706704344,0.00382974580612404,-0.007401020316673654,0.3450790136610637,-2.4869388916509143,1.434481713568913,3.7557909450031253
0.01444949008524224,0.012311290707278787,0.003827917464816893,-0.0073690870841390055,0.33546547587619197,-2.4814467554779847,1.4150848291363995,3.7365210634661445
0.014447879610072302,0.01228393672729852,0.0038064988680934753,-0.007413003689628571,0.3442601121424729,-2.477640956683648,1.4538801646071648,3.7461954228648504
0.014456696042166269,0.01229728369273402,0.0038047839160657384,-0.007381150578408448,0.3359462580828296,-2.472204272975833,1.434503304611592,3.7270779991882335
0.014455032777517944,0.0122699521913998,0.0037832199307870173,-0.007424911036844751,0.34315565833234324,-2.468275164032399,1.4731865004880136,3.736413796939651
0.014463886284234518,0.012283278490344676,0.0037815914752094364,-0.007393072308367182,0.33668782389686674,-2.462820473810073,1.4538211648096964,3.717464410744934
0.014462141986151311,0.012255945233250498,0.0037598859464300443,-0.007436754156739794,0.3429366915891327,-2.4587585114434845,1.492452693596521,3.72645597732304
0.01447107287074075,0.012269264699823318,0.0037583169258150677,-0.007404849949222278,0.33728387042232383,-2.4533040559145913,1.4730281607323452,3.707661015054455
0.014469207167595147,0.012241915987078055,0.0037364946999760723,-0.007448534082628228,0.34360440629361033,-2.4490374051518904,1.5116989492267185,3.716356912000054
0.014478233266666604,0.012255224406001493,0.003734978463279064,-0.007416535789920012,0.3375983156195161,-2.443675786189894,1.4921523364279967,3.697706692657295
0.01447622825396473,0.012227864587089588,0.003713053796275703,-0.00746024685482647,0.3448145438482267,-2.4391065188454104,1.5309204858277017,3.7061542685552915
0.014485340238816334,0.012241149030810016,0.003711606796150974,-0.0074281762869343486,0.33771126445229566,-2.4339494530333527,1.5112222025598607,3.687643284343229
0.014483205177866363,0.012213791167466397,0.003689571964557528,-0.00747188803000871,0.34629595433299104,-2.4289983759523763,1.5501001519306936,3.6958809931399172
0.014492375828356949,0.012227037634036528,0.0036882251356488292,-0.007439796441956068,0.33772409524297137,-2.424124522122477,1.5302545216361365,3.677493665637748
0.014490137873033795,0.012199695861056147,0.003666060275000063,-0.007483452139800169,0.34767671995441757,-2.418772436780521,1.5692077970431904,3.6855527362270504
0.0144993316459103,0.012212893554614279,0.00366484680260571,-0.007451403732987821,0.33773094167306633,-2.4141899878345847,1.5492559428299766,3.6672665399388187
0.01449702627543871,0.012185578797026964,0.003642533374142774,-0.007494932086675851,0.34820210619455216,-2.408495549105554,1.5882037236698532,3.6751432748367034
0.014506210269633987,0.012198728335644083,0.003641477114120294,-0.007462980330387466,0.3378809468127972,-2.4041341080594587,1.568216387044423,3.656961355214825
0.01323222933614439,0.013870354341789052,0.006328137870525293,-0.005284768201547827,0.25037069651090066,-2.551193177126537,-1.1937424022831413,3.776053308860186
0.013256609273088768,0.013850627216824743,0.006294218634582421,-0.005323222491323064,0.25151276527479816,-2.565662840626404,-1.1542922007348089,3.790466936092901
0.013244367724312103,0.013860527616779104,0.006311319556822996,-0.005303983227509247,0.2509324671299817,-2.5584840961202295,-1.1741365990846815,3.7833455704258796
0.013208289179279922,0.01389058222238234,0.006360435256997252,-0.00524498150118053,0.2490386992617167,-2.5356055205690775,-1.2323225323836355,3.759652136951884
0.013196075410471846,0.013900728151183024,0.00637679519819881,-0.005224826578926582,0.24838927566675625,-2.527567283422313,-1.2518285325390617,3.7512548597040083
0.013235362332000697,0.013886469820554193,0.006313617653619762,-0.005255855037896933,0.24716124750536883,-2.536974209962344,-1.1924987732791885,3.7475883988251435
0.013223917160499943,0.013896882305992812,0.006328548513711362,-0.005235617376372241,0.24640586453538657,-2.528976566821808,-1.210928843213921,3.738652164655575
0.013156080906068797,0.013914486781454447,0.0064412623768455935,-0.0051932934462153345,0.25026874955862627,-2.5172509363770783,-1.3119937225209688,3.75474913955277
0.013119105796014156,0.013943822979009078,0.0064899860233250456,-0.005132806924943071,0.24856243812184386,-2.4916692066929964,-1.3700495573361298,3.7284322552042126
0.013131365937838207,0.013934059430613552,0.006473993875499101,-0.00515304427278749,0.24905587171661245,-2.5003406525149576,-1.3508959951948805,3.7374251177544298
0.013143708268624515,0.013924323671208454,0.006457694755610352,-0.005173132883187901,0.24960802725630613,-2.508831916555526,-1.3315187307573986,3.746118447669177
0.013122116052121498,0.013960179099170729,0.006474024336829822,-0.005103950822706135,0.2447362891479954,-2.4772920896835657,-1.367603406323119,3.6992755545662335
0.013097876174390921,0.013980360635409894,0.006504294661282093,-0.005062199531483875,0.2433533839695439,-2.4589841617147017,-1.404809393633655,3.679451269691477
0.013110120901910265,0.013970283335927742,0.006489001801189388,-0.005083130830982927,0.24402788737925854,-2.46820142165978,-1.3860812018426836,3.6893671613032892
0.013183788210784746,0.013910914597425598,0.006393119382334223,-0.005204472706357668,0.24774025488024476,-2.5193383191792376,-1.2713538874849784,3.742629177927814
0.013171419860093235,0.013921086349441497,0.006409451931624593,-0.0051840160339429705,0.24708026506128597,-2.51097085371102,-1.2908891050066715,3.733874935287322
0.013085394748972428,0.013990277377198124,0.0065199684391300155,-0.00504139255978184,0.24273179916422308,-2.4497503203560016,-1.423761268103256,3.6697353950107794
0.013072744317414545,0.014000006495558036,0.006535923356948153,-0.005020767720754664,0.24215963517656955,-2.4405204839357917,-1.4428411005870678,3.660221432602183
0.012983020077724339,0.014065311540296686,0.006647633503953437,-0.004877831381222319,0.23863870158505382,-2.3739295546327206,-1.5751351547623242,3.5931170753551385
0.012995895169986288,0.014055939177907843,0.006632040513658726,-0.004898687886178119,0.23915790014943136,-2.3839461284763637,-1.5564678885420735,3.6033640877302164
0.013008673510413534,0.014046496175700524,0.006616523064873416,-0.004919526949378334,0.23969535027628175,-2.393860490658368,-1.5378372079126816,3.613569814588296
0.013059963825047927,0.014009531482416638,0.0065521056680355435,-0.005000358612398857,0.2416380092733228,-2.4313066854291194,-1.461997208131817,3.6509112417852987
0.013021348694353743,0.014037072570371532,0.006601026386752278,-0.0049401884135035,0.24024841819525364,-2.40359761135784,-1.5192482213158554,3.6235891874026263
0.013034155698370421,0.014027905793117685,0.006584964102961602,-0.004960320395153663,0.24072204880250844,-2.4129749195377204,-1.5003555658949075,3.6329147909657196
0.013047081769286761,0.014018816871271855,0.006568495021650103,-0.004980230966586498,0.24116436255877782,-2.4221372083579777,-1.4811937980377545,3.6418440559768785
0.01292981082547457,0.014086421583403076,0.0067247444237234005,-0.004821368114029309,0.24011185022892848,-2.3463642346715723,-1.6523593997268746,3.578443548899454
0.01291690708554727,0.014095661014404069,0.006739911674411813,-0.004800107391102217,0.23959180639076363,-2.3356788653630756,-1.6707051806448983,3.5674132149368707
0.012970334895525272,0.014074849084866663,0.006662614543583876,-0.004856640278544465,0.23806399115756124,-2.363648803587839,-1.5934016776718776,3.5823139833010527
0.012957683719782108,0.01408437961628019,0.0066773891001701705,-0.0048353689716479,0.23748030718865334,-2.35324146999556,-1.6114933042555906,3.5713202954294094
0.012944782153761256,0.014093672796698294,0.006692639862330925,-0.004814317965679091,0.23696636406095692,-2.3428514591279153,-1.6298530683895909,3.5606254744597634
0.012679131780828632,0.014221641019906124,0.007035961525935247,-0.00446512005788134,0.2386550053829625,-2.1530638323478044,-1.9977005492766506,3.4060839132011775
0.012693200197275815,0.014229311292023546,0.0070041786947263795,-0.004460184229260583,0.23319343858659347,-2.1502519763068553,-1.9781017213057417,3.390124852307204
0.0126392250056941,0.014246703588587152,0.007077706851710036,-0.004398649977767033,0.23968858329859866,-2.1143193336615798,-2.0484490473189365,3.3665086114201057
0.012639868392708316,0.014262755298961025,0.007059717878284904,-0.004371948351170445,0.23109902273569535,-2.099026603856181,-2.0455970784244886,3.3374918254537937
0.012652553475482135,0.014238391211262554,0.007063869582297,-0.004420837292472256,0.23866514447316114,-2.1273184876042697,-2.031646117715603,3.379818551938861
0.012653220380879413,0.014254420045742214,0.007046004961166267,-0.0043941223513106545,0.23177805444180757,-2.1120282568265885,-2.0288543463374515,3.350896621794297
0.012665855778034214,0.014230036994013361,0.007049956385318255,-0.0044429909595819755,0.2381530185927133,-2.1402414256451183,-2.01474081283376,3.392987782068762
0.012666560187208709,0.01424608397286149,0.007032160432381714,-0.004416194730687815,0.2324790104291873,-2.124882641059689,-2.0120200907653145,3.3641128426217826
0.012679890640854168,0.014237724193739846,0.0070182028345626155,-0.0044382016260928565,0.23294435929282434,-2.1376136401419266,-1.9951001446031469,3.3771683277324906
0.0128651953683437,0.014131974676199999,0.006799776717538363,-0.004715082443689244,0.23770944400442565,-2.292035219572261,-1.7431131661677297,3.522467511845614
0.012878081448341036,0.014122932116492634,0.006785078235313447,-0.00473641738367817,0.23812100586439297,-2.3031171462886406,-1.7252547783855474,3.5339420111088473
0.012891012184742897,0.014113927191737543,0.006770120590754367,-0.004757600790613568,0.23855174940859955,-2.3140394185823676,-1.7071947882871246,3.5451540858908324
0.012903969700274548,0.014104848794279569,0.006755028686721788,-0.004778816443954264,0.23905889574175296,-2.324886335022398,-1.6889871970282357,3.5562863019668733
0.012866959640013635,0.0141485880656773,0.006782402636542252,-0.004687073624094088,0.2339874202082561,-2.2781118244141614,-1.7382254160837916,3.4939146377568497
0.0127605331676403,0.014202959104552717,0.00691579882338745,-0.004542322725974399,0.23398288074339466,-2.199149039902941,-1.8840440956235132,3.426601557564205
0.012773708078204514,0.014194142466477322,0.006901624719002534,-0.004564222504879543,0.23446243932812674,-2.2112122698630228,-1.8667402083900269,3.439110876742522
0.012707426974233764,0.01423737055777592,0.006972446901549489,-0.004454956451860386,0.23228433706053705,-2.150123730309731,-1.9527977981366769,3.3761984563547993
0.012720725675680637,0.014228840260791631,0.006958409415186883,-0.004476838048620843,0.23271462183004174,-2.162524741254679,-1.9357561792828901,3.388945633944893
0.012733993726256223,0.014220267723691416,0.00694430973149628,-0.0044986741659841225,0.23310961752359693,-2.1748204054736147,-1.9186364976958303,3.401590015987717
0.012747267989105528,0.014211660301165684,0.006930079142024072,-0.00452047205354988,0.2335185104050627,-2.1870150490502227,-1.9013851691743866,3.414110695824998
0.012788231995849329,0.014202005840018907,0.006869569005617888,-0.004558253741199549,0.23126518742868854,-2.2093840226516863,-1.843754840149549,3.4231337130667767
0.012840813916979698,0.014167125041457986,0.0068112509725945505,-0.004643334163028346,0.2329387728891892,-2.2551623510214984,-1.77361951785016,3.4698258123001255
0.012854064252075756,0.014157999887483211,0.006796474887319374,-0.0046650873051211,0.233420899053022,-2.2666291219044177,-1.75570269084444,3.481674446897287
0.012801131644449182,0.014193073977331404,0.006855827174457937,-0.004579919070414392,0.23176532045383236,-2.2211366629283567,-1.826815025856923,3.4354931916587392
0.012814197841119727,0.014184480571819294,0.006841341330905317,-0.004600989996573089,0.23216094364861847,-2.232524481209311,-1.8094279237383943,3.447071806688466
0.01282744867962486,0.014175896884659792,0.006826383787764782,-0.004622028813660712,0.23255709963461935,-2.243818513544061,-1.7916516532830642,3.4584021324999523
0.012640663236720745,0.014279207093788505,0.007041584747461163,-0.0043452787939346,0.23058587947636158,-2.0867358500744166,-2.0366602424284967,3.3111829405512903
0.012586606530121482,0.014311954892006207,0.007095907630522274,-0.0042565906904799165,0.2290719197661513,-2.034059701404875,-2.102467515581083,3.2572509932649534
0.012600116647140629,0.014303929004167939,0.007082396446393083,-0.004278640263058165,0.22931230354052126,-2.0472899599117818,-2.0861567682543285,3.270736379959122
0.01261369718596197,0.014295873087618288,0.007068648430034287,-0.004300686945450726,0.22967994000944705,-2.0604514183725366,-2.0696187114660045,3.28409707577211
0.012627239988164153,0.014287624908507936,0.007055009014006678,-0.004322928012618277,0.23015265862397213,-2.073616463666905,-2.053086155401314,3.2975891778132502
0.012587305916850186,0.014328624222023521,0.007076821988673488,-0.004229922517917237,0.22568295430442584,-2.021083801771414,-2.0948463644521307,3.229823715421727
0.012574009111263246,0.014336961521157864,0.007089335938017602,-0.00420751894693662,0.2252906015982238,-2.007680401894472,-2.1103732881300044,3.2157429521585095
0.01256048966676336,0.014345291899962495,0.007102056646807249,-0.004184890623788815,0.22492889838915733,-1.9940582510991482,-2.126074075558576,3.2015075953543017
0.012491800356281871,0.014384760646556439,0.0071674527996278105,-0.004073124971341689,0.2235790307237754,-1.925280826758758,-2.204954828590306,3.131310355580883
0.012505313242954222,0.014376524070723753,0.007155436832530104,-0.004096044316985557,0.22394276849688596,-1.9394033440923584,-2.1899510771605457,3.1462065801265955
0.012518839925909894,0.014368601557563976,0.007142881122253698,-0.004118390850374167,0.2242546558315084,-1.9531902251438316,-2.1746259516335678,3.1604477075162953
0.012532696862685898,0.014361100441530385,0.00712917063340194,-0.004140207269568452,0.22443237449766748,-1.9667201767906395,-2.158492065620156,3.1738736913304852
0.012546692069987458,0.014353426444535605,0.007115278997972125,-0.004162297028274389,0.2246344232615978,-1.9803267067931267,-2.142110371347153,3.1874115801491096
0.012463830635436629,0.014400718014516643,0.007193072636200136,-0.004027146419234317,0.22304656745978865,-1.8965488521996157,-2.2360858731500346,3.101759623493628
0.01247796966692298,0.014392933392102443,0.007179878511904062,-0.0040499900568571265,0.22326551028037664,-1.9109173335586405,-2.2202822454536633,3.11632602478899
0.0123535183743367,0.014411456818519202,0.007352306401070507,-0.00392245347312449,0.23212415295657826,-1.8179803826009893,-2.382306163967047,3.062559968512756
0.012366966409412893,0.014420180996871758,0.007320394706494593,-0.003919969216484903,0.2259452893550359,-1.8182637274821296,-2.36181444804985,3.049758038826575
0.012339647963432628,0.014418828737030384,0.007364599806730074,-0.0038993231303087635,0.23152372875103508,-1.802796528719046,-2.397237281245117,3.0470336799529822
0.01235305054184776,0.014427593992982409,0.007332708587728657,-0.0038969456818256846,0.22598641560499858,-1.8032199352461646,-2.376640605634616,3.0344140747793635
0.012380598317137753,0.01442927711835607,0.007288454128403178,-0.003917291771139408,0.22528083527808632,-1.8220681274740294,-2.335829091273675,3.0400173158302652
0.012394488058336824,0.014421621993409852,0.007276304791958226,-0.0039403903135785115,0.22555991232489836,-1.8369467185138186,-2.3210313770336986,3.055358591552247
0.012408214857755513,0.014430700008436438,0.007244144226507571,-0.0039373642032360205,0.2222794005114552,-1.8393251880222576,-2.297129549155086,3.04383087158801
0.01242185271257268,0.014422868584789974,0.007232426177791043,-0.003960258966311997,0.22257085512321398,-1.853875955563412,-2.282645417332137,3.0590349811939874
0.012435649630682236,0.014415446901677465,0.007219814032881115,-0.003982558018140059,0.22275301566287667,-1.8681255226192157,-2.2675616456627172,3.073469479742428
0.012449654787120972,0.014408154305087177,0.007206569890205247,-0.004004724607626408,0.22291372453314398,-1.8822918058401303,-2.2519789484344197,3.0875707167938953
0.01242173517766199,0.014439416407310146,0.00721286948805263,-0.003934608474116087,0.21975095895298272,-1.8418138806442013,-2.2735930346922886,3.033085105011502
0.01228393672729852,0.014447879610072305,0.0074129965206189445,-0.003806512723548232,0.2330204322123992,-1.7411766058467741,-2.455528350871397,2.9844321231284296
0.012283294916480086,0.01446387876274878,0.007393092069228912,-0.0037815579449221354,0.22453487982666828,-1.726856822334056,-2.4493183242847523,2.9564188023748468
0.012297898706704342,0.014440682552685621,0.007401016078693549,-0.0038297541086607504,0.2317856134144103,-1.7566821023424228,-2.4411604794544934,3.000208209725804
0.012297265309633876,0.014456674121560818,0.007381240337006398,-0.003804742940281616,0.2250365653579995,-1.7423387049553527,-2.4349866153133335,2.9722786982181497
0.012311837995365548,0.014433441674724524,0.007388956692145965,-0.0038529693152290338,0.23113058760029906,-1.77213300672791,-2.4266690968770352,3.0158703944893346
0.01231122572047727,0.014449464913520517,0.007369250742007561,-0.0038278433313272448,0.22551082829102767,-1.757693702718864,-2.420542587089735,2.9879748074482393
0.012325754459026414,0.014426157046052341,0.007376816513716872,-0.0038761617793735483,0.2312331972490148,-1.78751091149823,-2.412028123911401,3.031475078035166
0.012325178525098894,0.01444222819725022,0.007357147777806086,-0.003850892794631499,0.22576840367007509,-1.7729442469224257,-2.405998715208577,3.003537313117617
0.012339120271595156,0.01443494023661398,0.007344964304364443,-0.0038739235563061644,0.22589924486460047,-1.7881156448239166,-2.3913658091560843,3.019012016259335
0.012157279968945644,0.014510669920930355,0.0075176436473699875,-0.0035954261417959128,0.2324667197766336,-1.5976195365090138,-2.581245152571061,2.8378862139861485
0.012156202245068559,0.014526661182930169,0.007497070159388803,-0.0035710635566835965,0.22372368231849205,-1.5835552194357014,-2.5739286049353534,2.810271261570264
0.012143098494643411,0.014517425023423979,0.0075289049027859435,-0.00357178433835161,0.23185819678086314,-1.5812611127645875,-2.5946772548026633,2.8211366803886526
0.012014529515234589,0.014576207035553427,0.007626900903048608,-0.003357444709375016,0.22885957868809761,-1.4301890929968843,-2.7112685530730993,2.6672279686663902
0.012028896391215732,0.014569855515627573,0.007616308089567196,-0.0033814051527290053,0.22934071313764914,-1.44734105306863,-2.6986863053307526,2.68457922913167
0.012027328236869734,0.014585872138106455,0.007595065855187375,-0.0033576012140801082,0.22435211408376335,-1.4335629284289075,-2.690257857929304,2.6576594132965234
0.012043243247200373,0.014563458889128956,0.007605629747313288,-0.0034053554316914435,0.23121736736666867,-1.4643885392700413,-2.685959895554293,2.701995007276062
0.012041762700086063,0.014579507364158265,0.007584385386414414,-0.0033814404107447107,0.22395288468658628,-1.4505239546002873,-2.6777325104604865,2.674830130147491
0.012057569938134772,0.01455701722069207,0.007594880765025469,-0.0034292621091301678,0.2328195897177784,-1.4813090007449607,-2.673161093605914,2.7193889053260403
0.012056161587963153,0.014573041094911194,0.007573727255212394,-0.0034053046711501334,0.22344142216964166,-1.4674555500023365,-2.665131900032191,2.692027931079964
0.012071876318959047,0.01455053057554135,0.007584073065878479,-0.0034530988654923414,0.23263015424809644,-1.4981250193586206,-2.6603311559647973,2.736629245679461
0.012070508350336835,0.0145664965814879,0.007563081094261043,-0.0034291512263647573,0.2232726051935052,-1.4843279852862608,-2.6524514066724816,2.7092375909191606
0.012086162244613058,0.014543999019492741,0.007573201994317723,-0.003476876284112964,0.23107098230607426,-1.51487917661468,-2.647449999140538,2.7536662376979226
0.012084824534328882,0.014559924576158503,0.007552349392591751,-0.0034529350131293,0.22357507494944037,-1.5011049658888636,-2.6396535726835553,2.726371277625058
0.012100427570042292,0.014537422618955199,0.007562252640818595,-0.0035006271358858886,0.22990263015999668,-1.5315899203092702,-2.63446142334821,2.7705695181245766
0.012099134753147472,0.014553354712741452,0.0075414604862970224,-0.003476636591438507,0.22399592999382748,-1.5177651349940586,-2.6267166892307987,2.743347151489296
0.012114672150203698,0.014530801440932151,0.007551217414500359,-0.0035243677859333384,0.2299085859461714,-1.548240324899645,-2.6213268285809836,2.7874329873140753
0.012113439106893732,0.014546771149962034,0.007530436230730947,-0.0035002729909438895,0.2241729035823498,-1.5343172272001901,-2.613658612315067,2.7601689812662706
0.012128895840071584,0.01452413555302291,0.007540099206851431,-0.0035480917939294445,0.23073424199129913,-1.564802613541031,-2.6080523613500106,2.8042951883541156
0.012127725945648586,0.014540139026021208,0.007519338337488309,-0.0035238797500380197,0.2240843103419485,-1.5507906475906015,-2.6005038146947483,2.776900270961519
0.012141983386315615,0.014533436393788767,0.007508211291941069,-0.0035474776337514335,0.223874119674597,-1.5672044831623877,-2.587261027757726,2.793594248063845
0.012227864587089588,0.014476228253964728,0.0074602533884666165,-0.0037130405418501888,0.23119427696076922,-1.6783847396151046,-2.512480864586076,2.919757787664681
0.012241186771583373,0.014485330259466474,0.0074281730574860235,-0.0037115931301852103,0.22438782444165192,-1.6797393086862584,-2.4916781443293257,2.9082452510063703
0.012282846396464283,0.014480260559601296,0.0073729795830094836,-0.0037567593890339836,0.22423676616862867,-1.7164078046895461,-2.4374789096892435,2.932258200127651
0.012254791270768334,0.014494817391241343,0.007395870154605387,-0.0037100532018473384,0.22391205753850388,-1.6852528166975616,-2.465253529734927,2.900159695238948
0.012268864948577346,0.014487572992523247,0.0073843953126014805,-0.003733436049853086,0.22409428914079843,-1.7008907330559409,-2.451361213960075,2.9162461392182806
0.01200014276429862,0.014582513384860307,0.007637405761126994,-0.003333479861231678,0.22980628648341514,-1.4129745909013263,-2.7236656541554782,2.649909123804982
0.012012893379134705,0.014592159911347609,0.007605688914761898,-0.0033337869615785985,0.2243611401127024,-1.4165693827538501,-2.702680860396283,2.640451219996814
0.011985736283431544,0.014588774500088612,0.007647830842329065,-0.0033094922531126977,0.2309526269807214,-1.3957179825789463,-2.73589506449561,2.6325277231796704
0.011998468515177047,0.014598411966310941,0.007616184801833097,-0.003309954381516603,0.22412903634558057,-1.3995086770946585,-2.714986913511112,2.6231303316869745
0.01198403770875397,0.014604646372439722,0.007626549934626775,-0.0032860655528685087,0.2238983367534768,-1.382349668613364,-2.727182966883562,2.6056765421399075
0.011971310217633166,0.014594990318363586,0.007658181371030291,-0.0032854699763436444,0.23185725836392604,-1.3784163983226845,-2.748002976282669,2.615024789359358
0.01196959176194722,0.014610862429067582,0.007636797120586875,-0.0032621140601151104,0.22371634448741626,-1.3650856683305967,-2.7392627502046607,2.5881023696783063
0.011956864711873455,0.014601160777393509,0.007668459799081032,-0.0032614072600707354,0.23252304331718435,-1.3610607784366098,-2.760028473078864,2.5973798979421114
0.011955128754989308,0.014617052401545967,0.00764693898818583,-0.0032381104429329254,0.22369858659153877,-1.347730039500292,-2.751216324803021,2.570436306444451
0.011942399911086575,0.014607285815467807,0.007678671169125825,-0.003237292106648242,0.23221007722318374,-1.3436309927790215,-2.771990196685708,2.5795945226388945
0.011940632122024494,0.014623191655679109,0.007657030656911229,-0.003214069781157347,0.22397847109296043,-1.3303016744371254,-2.763066417715733,2.552732245982842
0.011927915960164922,0.014613365371455134,0.007688813678202021,-0.003213128615999034,0.23102852444892233,-1.3261028148864156,-2.7838770977686713,2.561729256411376
0.011926090104297337,0.014629256021658127,0.007667121465579844,-0.0031900076259701107,0.22433626036832202,-1.312812934872512,-2.7748397706989025,2.535019071232844
0.011913413003953132,0.014619399384801345,0.00769887550919672,-0.00318894494667971,0.23048640411504184,-1.3084789917783701,-2.79565126376372,2.543865966122573
0.011911521692559246,0.014635255798223229,0.007677173421212776,-0.003165926985218459,0.22439608914219786,-1.2952629762907522,-2.7865205878209185,2.517257190837913
0.011898891187242081,0.01462538779552746,0.007708849098655231,-0.003164759388256014,0.2315109008315742,-1.2907920342602712,-2.8072828999427895,2.5260036606637777
0.011884350654762893,0.014631330544227506,0.0077187420043084215,-0.003140553698494206,0.2330839975783878,-1.273066328950313,-2.8187867790458974,2.508046925206843
0.01188240342920816,0.014647190426025974,0.007696853499701277,-0.00311765612452549,0.2239753443433619,-1.2599304826027369,-2.8094593413882323,2.4813759559494972
0.011869791551180904,0.014637227572066366,0.007728568546392059,-0.0031162927992670693,0.23329995770653542,-1.2552866142361092,-2.830206147525846,2.4899231182578987
0.011896958047776726,0.014641227999600779,0.007687094626673936,-0.0031418141637955597,0.22413391384779421,-1.2776387572282477,-2.7980654152347877,2.499379653384397
0.01186782383864112,0.014653116267355368,0.00770653028902503,-0.0030934533529710082,0.22424887586597977,-1.242141104772703,-2.8207419647210235,2.46331040490093
0.011855214021089619,0.01464307882077749,0.007738330821613671,-0.003091971364328726,0.2320473371015491,-1.237415692278861,-2.8415598594761673,2.4716821137196945
0.011853188076277263,0.014658969083136653,0.007716216648321635,-0.0030692148812036537,0.22475793620085968,-1.2242820150147378,-2.831956934821823,2.4452368239919067
0.011840618209004684,0.014648884232660607,0.007748017601657491,-0.0030676172408057403,0.2308741288703043,-1.2194366566055204,-2.8528218261235097,2.453430187830697
0.011838503460555825,0.014664743776976562,0.007725911209913867,-0.003044950270556604,0.22512195626173503,-1.2063642890479807,-2.8431034040693715,2.427143715998733
0.011826004259357795,0.014654643750579328,0.007757618580108236,-0.003043256382016702,0.2308817615360744,-1.2013680265960798,-2.863949611842044,2.4352118520780204
0.011823799836245283,0.014670465803689865,0.007735540166279162,-0.003020658825585438,0.22514362581826822,-1.1883856911814448,-2.8541478477580866,2.4089781353620308
0.01181137231649065,0.014660357317958712,0.007767132152696958,-0.003018893030759811,0.23222161362579263,-1.183244857483235,-2.874927077050683,2.4169800400654773
0.011678898899739066,0.014709702589809144,0.007849375549891029,-0.00279809905806205,0.23335092396237356,-1.0173971609075554,-2.9688001648219307,2.2492992340754943
0.011676181552459239,0.014725441624911219,0.007826705098569878,-0.0027762036043122336,0.2268034200443946,-1.0050385355130993,-2.95802330700205,2.223548830525923
0.011664094939289061,0.014714953661811803,0.007858120626577177,-0.0027734448798898293,0.23453814333072218,-0.9986525305549779,-2.978657434390423,2.2304344274542216
0.011693686304088879,0.014704405031812397,0.007840544407455404,-0.002822749711364847,0.23339504120878077,-1.0360934632497958,-2.9588101102027924,2.2681496047587437
0.011691041025827425,0.014720170558671142,0.00781788455785956,-0.002800781705512572,0.22666771568043906,-1.0236620074325782,-2.9481098613648893,2.242330362219931
0.011708457009234034,0.014699061038930981,0.007831630735859433,-0.0028473869001851893,0.2342100635498595,-1.0547111687813293,-2.9487056783140937,2.2870019095244474
0.011705880617146926,0.014714844492410164,0.007809003297096617,-0.002825335255873223,0.22626437882932474,-1.0422277366152437,-2.9380898486173774,2.261056988959711
0.011723210871918575,0.014693670662807697,0.007822643863036027,-0.0028719848455585986,0.23459282922287103,-1.0732381277284022,-2.9385146992535893,2.30579057664061
0.011720680267073883,0.014709447736127217,0.007800108156313449,-0.002849861229601427,0.2258406148459011,-1.0607345613755241,-2.9279869624591437,2.2797656065937417
0.011661317406969041,0.014730691631402733,0.007835395264513689,-0.0027515810284181245,0.22671666483699107,-0.9863421870017565,-2.967796301214747,2.2046576227755073
0.011649274565685586,0.014720158197241128,0.007866786983941203,-0.0027487664701753814,0.2359033664307284,-0.9798689390171159,-2.988400270980732,2.211464517331682
0.011589831792800676,0.014740509980012716,0.007900715420905442,-0.0026496697921793056,0.23563572234917454,-0.9039924371932712,-3.0264244823433444,2.1348478845607075
0.011586739997224685,0.014756243321168446,0.007877688901796546,-0.0026280567511411637,0.22811899456853837,-0.8920036925781115,-3.014901415628571,2.1094872540229184
0.01160471639292431,0.014735492086180694,0.007892359069956703,-0.002674457156259718,0.23408714790918694,-0.9230450566981846,-3.0171105210523006,2.1539807753393236
0.011601675385169602,0.014751232466893914,0.007869389166569771,-0.002652795732397713,0.2281201666271553,-0.910971227147919,-3.0057143663693826,2.1286278955671327
0.011619585149978953,0.014730427458694158,0.007883915002587416,-0.002699247096016665,0.23417590223163728,-0.9420662124683795,-3.007647505361137,2.17313177648073
0.011616611988342162,0.014746204923529058,0.007860946151793209,-0.0026774943757937064,0.22797517123238878,-0.929874992294854,-2.996384650110576,2.1476571894005847
0.011634437921711378,0.01472531614604481,0.007875385985588089,-0.0027240313748281915,0.2356282556575168,-0.961015770001478,-2.99806362272296,2.192334269635045
0.011631541318706582,0.014741114005979399,0.007852442496863567,-0.0027021919628668237,0.2273898736894,-0.9487369960716242,-2.986943257852903,2.166643411962282
0.01164644305900557,0.014735930021491405,0.00784394597253821,-0.0027269005883452237,0.22682779468279304,-0.9675673116759312,-2.9774229668359413,2.185660027871211
0.01150019942916891,0.014769633284930958,0.007949252653382756,-0.0025002864316936496,0.23702975302832688,-0.7886088116004734,-3.0798912361357025,2.0184162952190663
0.011515176111420448,0.014764896782867472,0.007941350884181676,-0.002525271999769802,0.23806063764253652,-0.8079900858786043,-3.0712301557089887,2.0380399586655074
0.01151184141550323,0.014780656311389537,0.007917903211172498,-0.002503932835346395,0.22949775490172505,-0.7962736825450448,-3.0591021024731835,2.0129810051700674
0.011526860369397611,0.014775839225210953,0.007910053550181656,-0.0025288479973629868,0.22907285621886506,-0.8155590222503925,-3.050511239384264,2.032429388006785
0.011553638330247492,0.014782215288628423,0.007870918768898214,-0.0025570710966924437,0.2281068817930262,-0.8475023759218537,-3.017070728426491,2.051410565676179
0.011568664214620243,0.014777365369173628,0.007862732052467453,-0.002581734313098136,0.22783171982217856,-0.8664983303608887,-3.0080977438734844,2.07049561796051
0.011583671219902994,0.014772364268175216,0.007854643468155939,-0.002606480714257642,0.22761260815845816,-0.8854551339791964,-2.999132820888445,2.0896383887816614
0.011538635501489238,0.014787066453147167,0.007878906931694426,-0.0025323790345218697,0.22846279647210563,-0.8284836531118343,-3.0258391128761493,2.0322533884462612
0.013446988586788979,0.013682034612692505,0.006016877390494128,-0.005632772883549815,0.2621836987447795,-2.667459174555745,-0.8307295318084961,3.8954172167009626
0.013411603523388932,0.013714172624041539,0.006070754168920723,-0.00557619929188452,0.26022347572537785,-2.6511881244871986,-0.8926121187660182,3.879000019630223
0.01342341221290897,0.01370383954870772,0.006052765701583404,-0.005594483951588875,0.2608108047026494,-2.656470128644917,-0.872186423364429,3.8840922225864305
0.013435327323598522,0.013693128413754854,0.0060345882953373635,-0.005613328650005667,0.26144886680371465,-2.6618575288842674,-0.8514005692531156,3.8894474476697596
0.013272133220789952,0.013857368169576454,0.006262445514793379,-0.005312285316362649,0.24873315011108796,-2.557959474219023,-1.1336525385463023,3.767990230249507
0.013284421807213218,0.01384721448428415,0.006245304579390361,-0.005331675925197833,0.24934713070270317,-2.565006149427393,-1.11375030754755,3.7750631128406726
0.01329650617294,0.013836801282753651,0.006228526138859921,-0.005351401095692585,0.24999600831776755,-2.5721469886784436,-1.093958601236803,3.782499531870912
0.013308600785182855,0.01382682708761024,0.006211377860861746,-0.0053702085269660485,0.25059553488549297,-2.5787394784390503,-1.0742214605437235,3.7890032189509175
0.01332078817152965,0.013816780743520768,0.006193963461142747,-0.005389026432683914,0.25115735760436014,-2.5852247027383872,-1.0542304800541134,3.795345920347765
0.013415804441524163,0.013730184326009783,0.006056989106050712,-0.005546488864589243,0.2568659740965847,-2.636762710428933,-0.8930988180408405,3.850047034193136
0.013405216550411088,0.013741077676224936,0.006072216022603442,-0.005527053246121295,0.2560280154320436,-2.6305268138184776,-0.9117813597531267,3.842720007955379
0.013394001894313593,0.013752456645427591,0.006088258158018188,-0.0055066529964556445,0.25516392584218167,-2.6238998783203225,-0.9314096214969504,3.8350030093547214
0.013356581940411416,0.013783651832027156,0.006143657605181402,-0.00545018501344216,0.2534473215850468,-2.6063338111983945,-0.9940033249358532,3.8184208656637364
0.013333489480533263,0.013806400661121888,0.006175637341283991,-0.0054083409875241234,0.25172199223218944,-2.591723883688253,-1.0333820521735857,3.801580685039515
0.013345410829110978,0.013794835605183476,0.00615912611200465,-0.0054296710520839045,0.2525831462401746,-2.5991961069162044,-1.0131653988934985,3.8100991266171973
0.013368657571531136,0.013773765567605073,0.00612583322164742,-0.0054682110443232896,0.2539627260223303,-2.612031693009928,-0.9739075107129134,3.823717594313561
0.013381733406800449,0.013763732485893507,0.006106120214761841,-0.0054863565352878466,0.2543990846687976,-2.617446697483576,-0.9523558616665867,3.8281570041843866
0.01365961527965485,0.013469439981890612,0.005671812335833541,-0.005982713695308099,0.276006477246659,-2.7454020133802186,-0.43693256739583575,3.977544397013675
0.013637811131823557,0.013492641296637853,0.0057091245548355615,-0.005946423030906937,0.27449898678333745,-2.7393168417025566,-0.479025760399914,3.9709419720942383
0.013648898535301336,0.013481217006377373,0.005690167590914561,-0.005964251510788324,0.27519517894303985,-2.742224566449838,-0.4578894082762794,3.97387897813169
0.013615970927393284,0.013515008764885782,0.005746116924748934,-0.005911162667481595,0.2731007714357591,-2.7331552725182413,-0.5204685400816144,3.964660335746585
0.013626695497304123,0.013503723908243214,0.005728059257799264,-0.00592910072296863,0.27386642745262324,-2.736496234219921,-0.499946869345171,3.968299388647217
0.013605381694052433,0.013526524108622387,0.0057637559039293565,-0.005892637024881148,0.2722695366438699,-2.729406046311387,-0.540904402566583,3.9603000773625925
0.013594570668696978,0.013538020065477769,0.005781674882949971,-0.005874081913863096,0.27147370052751385,-2.725604855892794,-0.5615466973206783,3.956006113728822
0.013583477245611706,0.013549376663414691,0.005800010003802932,-0.005855728218033905,0.27073790466162,-2.721865041529862,-0.5824077393213495,3.952020073236439
0.013537431539447857,0.0135933497980137,0.005875479594812939,-0.005784044461296308,0.26817526486130094,-2.7069592180755246,-0.6666921486620533,3.9378139647096746
0.01354900221624261,0.01358247007910215,0.005856664249349453,-0.005801947632880735,0.26880968734347593,-2.710845176591373,-0.645673072172456,3.9414824306129232
0.013572148141000462,0.01356057921616132,0.005818682323333835,-0.005837584088936803,0.2700537546796798,-2.7181708381596352,-0.6034284802328727,3.9483032189170273
0.013560634163811772,0.013571613208793831,0.005837606072331526,-0.005819658267175663,0.269413872600621,-2.714505799437767,-0.6245445480299433,3.944812707145681
0.013526174329838046,0.013604499979060708,0.005893518487737933,-0.0057654476351565774,0.26742778325609534,-2.702555947865662,-0.6873911276869848,3.9331581446446546
0.013514932896113383,0.013615724994032066,0.005911373965049143,-0.0057465819631565,0.266665643345859,-2.697915035160143,-0.7080444077501368,3.9281437632183143
0.013480680657827405,0.013648845119789343,0.005965264606248515,-0.005690336330037669,0.26452618751729845,-2.683586959492016,-0.7700521041733354,3.9131387712505146
0.013492085672780117,0.013638005284251247,0.005947399191222419,-0.005708843481101045,0.2652033874870618,-2.6883813722947294,-0.7495603905262868,3.9180753094233594
0.013503510236640837,0.013626905528541863,0.005929440876482398,-0.005727702107600557,0.26594005867704645,-2.6932031823099556,-0.7288540208727544,3.9231614550824703
0.013485008141860572,0.013664697511137225,0.005952397132559563,-0.005660525829049156,0.2611460990409929,-2.669292037561124,-0.7716251174779613,3.884455285696575
0.013463571917172247,0.013687534431268557,0.0059844682367329,-0.005620986073793156,0.2593804161756646,-2.657794800753345,-0.8106440412841361,3.8707411089306842
0.013474486429226945,0.013675954447275459,0.005968195529045337,-0.0056410832677386185,0.260272471911579,-2.663688173674991,-0.7908434760566515,3.8777544415624843
0.01397333413017185,0.013082392996516727,0.005071062264445712,-0.0065368129794229094,0.3022742720675687,-2.778360589207295,0.22884280967849327,4.026732623122263
0.01398310376835492,0.013069769334725825,0.0050502861627120905,-0.0065528714660851,0.3031193223309623,-2.7767400873214214,0.25039369054878263,4.025100525612792
0.013933896118736862,0.013131579194498325,0.0051533884055609235,-0.006473698718353771,0.29968292493838183,-2.783940997043718,0.14345820178720903,4.032929614667875
0.01394363056079736,0.013119342522353488,0.005133210138784605,-0.006489669501570911,0.3002458586400884,-2.7828936469711003,0.16462080190869102,4.031864137181613
0.013963418277488157,0.01309484602799537,0.005091945460850758,-0.006521011080609339,0.3014988686094427,-2.779999413861981,0.2072996489882684,4.028548703394573
0.013953481423510597,0.013107133014472166,0.0051127179532373486,-0.006505372300188674,0.3008274004641676,-2.781553491416652,0.18588335815195048,4.030347841613725
0.013940435537324549,0.013146863305321587,0.005144583551575345,-0.006441961422938011,0.29542744589346853,-2.770816256353637,0.135156611610423,4.004909486150313
0.01393100909909007,0.013159333819525347,0.00516394358073531,-0.006425269949768873,0.29462378216592805,-2.771239876185133,0.11429610505408416,4.004873962438812
0.013921316853188521,0.0131718191118302,0.00518366541529952,-0.006408579402879919,0.2938553439481782,-2.771678630369871,0.0931776666496617,4.004998904424041
0.013911354952461583,0.013184176189346385,0.005203733867199213,-0.006392143730692916,0.29314214634492464,-2.772208608482746,0.07192155420105341,4.0054542089794625
0.01375082738503316,0.013348810745412389,0.0055105766439152845,-0.006172102786883549,0.2867541628419738,-2.778878777155447,-0.2408320116187236,4.026852941881091
0.01376132078149992,0.01333714965522618,0.005491177626442917,-0.006189135515386002,0.2873179467973514,-2.7802409358229063,-0.21961498434256246,4.02822051942409
0.013782512647491205,0.013313590283097877,0.005451644271463658,-0.006223125740299671,0.28879280585498385,-2.78243818321187,-0.17668607591126473,4.0302845420767035
0.013771931489536851,0.01332545267200593,0.005471444488957338,-0.0062060426016773175,0.2879772755147397,-2.7813679166461873,-0.19820431483419532,4.029240436670808
0.013756679612276494,0.01336440532670941,0.005499619265316787,-0.006140859160324883,0.2825216842100217,-2.7648501210588665,-0.24634302223862473,3.997800186979046
0.013746588291206984,0.013376324972025727,0.0055179637856922785,-0.006123094448849258,0.28168959966991475,-2.7628330621855746,-0.267033609351564,3.9952258425957603
0.013736313800937905,0.013388361550693407,0.005536512567177419,-0.0061050619270554786,0.28085861041788057,-2.7606712579117865,-0.2879810707549972,3.9925094088773734
0.013725779484122928,0.013400320482550535,0.005555411876570583,-0.006087145406455178,0.2800707827890954,-2.758536662315805,-0.3091314455896332,3.9900117071770693
0.013715034891594237,0.013412173246879341,0.0055745744737785985,-0.00606937149900975,0.27932192668616634,-2.756415592479463,-0.3304111390619227,3.987701762795487
0.013704100507317853,0.013423931846368815,0.0055939651103019536,-0.006051704623844376,0.27860894028359157,-2.7542847913089505,-0.3518097394087026,3.985532408837251
0.013670355253222397,0.013457914299115019,0.005653253190836976,-0.0060005730414579165,0.2767729004656951,-2.7482093491586377,-0.4160618161982761,3.9805919174886673
0.013681549522090655,0.013446793404592554,0.005633689217350873,-0.006017397342045548,0.2773696518057329,-2.7503028179381874,-0.3948711046059126,3.982257361788284
0.013692933679107214,0.013435549542856676,0.005613670287301296,-0.0060342402956621724,0.27794785999706856,-2.7521961454131834,-0.3733516388250538,3.983617055400756
0.013675321388793002,0.013473673700443509,0.005642339374435555,-0.005969889442939976,0.2732403073974303,-2.734179976807902,-0.420444651620504,3.9521764293453394
0.0139012078292213,0.013196380354395729,0.005223997899077108,-0.006375951398051821,0.2924722902920435,-2.7727774658874744,0.05062616991704929,4.006137045067025
0.013890925145935986,0.013208430795409613,0.005244373199786465,-0.006359971180399596,0.2918364446943993,-2.7733474399124383,0.029334401432600573,4.006970963024508
0.013880535554197417,0.013220338691111852,0.005264814040254948,-0.00634416430557977,0.2912289644889476,-2.773891575775312,0.008058320307740813,4.007899587113804
0.013870205092044197,0.01323229237534068,0.005285042486463144,-0.006328095452979292,0.29058276748187023,-2.7741831912399593,-0.013197187694739555,4.008446823620411
0.013809608275187499,0.013305213784888697,0.00540151420201456,-0.00622582492674575,0.28599554282230516,-2.7704111298135374,-0.13995809428132647,4.0031949320810725
0.013819628641493673,0.013292909159810682,0.005382547046500098,-0.006243525257338623,0.2868333324224997,-2.7716405944340585,-0.11885701176328278,4.00496783358853
0.013829644138450949,0.013280775561935179,0.005363470168608619,-0.006260781743506688,0.2876388960985487,-2.7725879319740616,-0.09786480421948396,4.006295250405713
0.013839913128003858,0.013268828044574332,0.005343821212894461,-0.006277434113272563,0.28834224617576804,-2.7730673246754516,-0.07672950488477626,4.006783398936917
0.013850240429667244,0.013256764002227696,0.005323939060001458,-0.006294129722414836,0.28903792558214975,-2.7733943932074854,-0.05542213912326616,4.007096938748588
0.013860222895251044,0.013244490511115687,0.005304547572109391,-0.006311249811806187,0.28981909736403916,-2.773901586723919,-0.03428925489905404,4.007936917479435
0.013799303941021265,0.013317490698796619,0.005420870376454396,-0.006208176968001164,0.28520771307322684,-2.769204373646087,-0.16131386216765933,4.0016249013110565
0.014070224261926395,0.012927984135454295,0.004849117930277687,-0.006740757617546279,0.3116898589179972,-2.7664599516659028,0.4714696651591082,4.029282828578061
0.014054297909219785,0.012926203763119731,0.004876922445049936,-0.0067570467324928095,0.3190836870490522,-2.7802480400788157,0.46472094279067483,4.057206355698565
0.014045084994930427,0.01293892622972893,0.004898129483469842,-0.006741689811920761,0.3182497887471908,-2.7832525986315435,0.4432324840331458,4.060255046039808
0.014060994854311728,0.01294077370829416,0.004870291644252923,-0.006725466047052038,0.3111589168824031,-2.769497243464152,0.45012439761604633,4.0323950610617
0.014007835078080092,0.012989524709198896,0.004982471665961891,-0.006679597968247506,0.31479345037602086,-2.7938783795576376,0.35707989375555166,4.071024249479212
0.014014271475803843,0.013004218121247904,0.004975371061670192,-0.006648104219704389,0.3079970682764066,-2.7825679503034437,0.3432498985050358,4.04574651323412
0.014017207114769163,0.01297691904442294,0.004961453969596093,-0.006695224129173699,0.3160382749346901,-2.791447029670728,0.3786390000124366,4.068533578195466
0.01402370263452419,0.012991615578588052,0.004954450181751883,-0.0066636559592463005,0.3086517941071501,-2.7802163732627876,0.36462377032741,4.043327454891508
0.014035832164153966,0.012951619681256434,0.004919279226851805,-0.0067262728021742595,0.3179983098114829,-2.7861143507600707,0.42173288354754296,4.063169428702878
0.014051722464848893,0.012953530048663557,0.004891421227744817,-0.006710116201907322,0.3104588342744448,-2.772392925731406,0.4287665784716453,4.035360219936034
0.01402653950718722,0.012964283993995941,0.004940385127611606,-0.006710785895295536,0.3174103861995842,-2.788848448072423,0.40020268195415903,4.0659243318034095
0.01404242350658797,0.012966259938765927,0.004912480463005038,-0.006694684631893061,0.30970906228200507,-2.775137869990185,0.407390452405155,4.038149972764376
0.014033089058421828,0.01297896069449047,0.004933482509106995,-0.0066791842099168395,0.3091243905057763,-2.7777398916521547,0.38600348564684644,4.040790987263147
0.014020891622711841,0.013019129784901514,0.004968298242717773,-0.006616808786819919,0.3058484021279133,-2.769536933363982,0.3355005800824708,4.018389889375764
0.014011472118446831,0.013031697318360723,0.004988890082206422,-0.006601186909471078,0.3052816180284275,-2.7716386309611156,0.3143341165277878,4.020485254784309
0.014018476387422159,0.013046840479336387,0.004980766790261277,-0.006569157535647481,0.3008724951273258,-2.758930665184893,0.30493827780580135,3.992789952342281
0.014009369531939757,0.013059736053052648,0.005000586006911536,-0.006552613893430361,0.30005103063555055,-2.7603421279153832,0.28391832880612183,3.9936584722159236
0.014000009388699596,0.013072726604023721,0.0050207592333666945,-0.006535939190648558,0.29925017101351487,-2.76173302852666,0.26258888493079363,3.994597441569105
0.014095591226612856,0.012917030914410958,0.004800285435425818,-0.0067397345698969975,0.3112118284395821,-2.747351262916482,0.5053969742304235,3.9957544032231804
0.014086505907187992,0.012929936652225154,0.004821276183051275,-0.006724437807820391,0.31054599070458394,-2.750485682612784,0.48428244715245267,3.9988501603856546
0.0141046248710459,0.012904156887926154,0.0047792889233006985,-0.0067548701888775235,0.3117868467977362,-2.7440662261555775,0.526424555913274,3.992477821182249
0.014113723767390092,0.012891336115998133,0.004758095035551296,-0.0067697098644982695,0.31233519294704687,-2.74051596524404,0.5474325182328523,3.9887989358626883
0.014122862054525486,0.012878498432613036,0.004736722854432811,-0.006784395710373008,0.3129557221982595,-2.736751753994897,0.56846372585012,3.9848290306198275
0.01413189942930648,0.012865561178828333,0.004715379507595876,-0.006799189693791413,0.3136222598069954,-2.732933989350752,0.5894949279579293,3.980891667367962
0.014279022858289058,0.01264098856897401,0.004345791791514418,-0.007041217859982812,0.323404254052607,-2.6477272451640754,0.9426671371226832,3.893420302911687
0.0142454915254384,0.012694659048724756,0.004433974216922382,-0.0069858300137146815,0.3212520291675484,-2.6712275981260203,0.8603183986801802,3.917490661394176
0.014253934361417009,0.012681277883130476,0.004411998055889592,-0.006999789465562094,0.3218430478357887,-2.6655576156528533,0.8809611075768401,3.9116881691028893
0.014262310877828713,0.012667857853767596,0.004390010139323711,-0.007013725035112981,0.32239101631993056,-2.6597800109259313,0.9015699188165499,3.9058009134484606
0.014270661506385418,0.01265442824046721,0.00436796114012413,-0.007027547094116973,0.3228978759044105,-2.653848388370759,0.922132544972599,3.899733758035637
0.014228384921638013,0.01272123033298977,0.004477890082445952,-0.0069579850970895385,0.32006632687847597,-2.682288227606014,0.8189870745827282,3.928942507810953
0.014236972559180001,0.012707977774044449,0.004455942467237482,-0.006971895869758876,0.32065179102880353,-2.6768065397457863,0.8396575487255465,3.923245297175146
0.014193818003165395,0.012773812275396978,0.004564834363629152,-0.006901731186590408,0.31801145839932005,-2.7027282879002787,0.7362496517620377,3.9501401628711146
0.014202399789780407,0.01276068823036386,0.004543358970099593,-0.006916044622435859,0.3184928928120447,-2.6979435323383445,0.7569231779110909,3.945283278010901
0.014211059628727792,0.012747582484294506,0.004521661788621502,-0.006930101436911257,0.3189782690767156,-2.692895626593565,0.7775961710223295,3.9400346010314817
0.014219740045470004,0.012734432653602017,0.0044998088199582715,-0.006944059441529063,0.3195071950804725,-2.687658188561672,0.7982932159949,3.934551258071712
0.014201692763416618,0.01278845407979797,0.004558892932232523,-0.006869463905959811,0.3135333259056317,-2.691544374565552,0.7242030601100934,3.9241051642828038
0.014193428176604439,0.012801892592837892,0.004579686088717279,-0.006854187071867176,0.31279225225301305,-2.695650375378935,0.7035196822349432,3.927748280701372
0.014184869549094266,0.012815420378892592,0.004600910920369932,-0.00683888075132462,0.3120853095618696,-2.6998258231188266,0.6825250936790801,3.9316052070510543
0.014157308226488904,0.012854724963181859,0.0046665715908795575,-0.006795924547120095,0.31046371215291907,-2.7133736853094828,0.6195258445628622,3.9461723772859982
0.014166614110380608,0.01284194638017657,0.004644730173362788,-0.006809739658634801,0.3109411929998647,-2.7088324435847198,0.6402879073239074,3.941063482483845
0.014175925625516879,0.012828852449566245,0.004622637039827314,-0.0068239346004463,0.3114597167047324,-2.7042020155769535,0.6613588668360273,3.9359857498698987
0.014148371373038813,0.012867607279309296,0.004687726946482204,-0.006781455026691078,0.30985801682967035,-2.717363022148063,0.5988719515886965,3.9503071364953555
0.01438245412564153,0.012436147720178562,0.004034547894836098,-0.007257777311652434,0.3317368882202189,-2.558979830935561,1.2380795656816996,3.816148291383931
0.01436631353955115,0.012436248360560212,0.00406033154142226,-0.0072770706749591295,0.34033220740224074,-2.5736979702796385,1.2367405414382557,3.84481987436974
0.014374786032560751,0.012449936498655528,0.004057336905426742,-0.0072450048300287595,0.3317891740828636,-2.5669239330592535,1.2181130215624598,3.8243438457649437
0.014358638380875007,0.012449953359711828,0.004083212129155206,-0.0072642569509381,0.3379716737608018,-2.581815331394183,1.216557695452618,3.8530555776053803
0.01433535505992158,0.012490922821849835,0.004151459856369839,-0.00722547153099145,0.3387705401083194,-2.6047996201154024,1.1560819733086802,3.8771047314297395
0.014343543136235782,0.012504639941233879,0.004148161742610262,-0.0071936601234458475,0.32958272799008687,-2.597607325520377,1.1379541349059552,3.856025933852767
0.014343159065406773,0.012477290724274193,0.004128778910735879,-0.0072384557757908885,0.3370997245179777,-2.597334014985264,1.1762316434736904,3.869274413403813
0.01435135886628547,0.012491003197688415,0.004125606608148104,-0.0072066680461293125,0.3305217611352789,-2.5901379074636512,1.1581120678313335,3.848400789234581
0.014350920197693798,0.012463634192265599,0.004106034663047737,-0.007251381462502121,0.3365320791691339,-2.589699782910261,1.1963758063478456,3.8612305334745165
0.014359191301269085,0.012477361288849869,0.00410293419651811,-0.007219508932967634,0.3314063401731126,-2.5825196734895393,1.1781619554277045,3.8405461752786647
0.014367018857068398,0.012463679828479445,0.004080155090077232,-0.007232255764351527,0.3317982329532448,-2.5747730881043904,1.198143304503505,3.832495839713322
0.01428736737182055,0.012627481613802888,0.004323512993384876,-0.007054859748949934,0.3239836151192131,-2.641456388618007,0.9632144553427947,3.8869511803713954
0.014295604939177345,0.012613870080912753,0.004301246569481533,-0.007068627984705017,0.3246095190733389,-2.63513259646535,0.9837710434980454,3.8805159688128126
0.014303722597136076,0.012600213361051807,0.004279047564234493,-0.0070824400524152785,0.3251544152346993,-2.628757771983812,1.0042693208882236,3.8740982672080757
0.014311857423736932,0.012586617817980199,0.004256762297381995,-0.007095976185113775,0.3255613329014689,-2.622173280783541,1.0246607777658951,3.867371863972703
0.014320079009587913,0.012573086188767272,0.00423428466757705,-0.007109155457219789,0.3259438079355594,-2.61530923082718,1.0449688032981868,3.860207919660359
0.01432829703733734,0.012559530086755788,0.004211705519358881,-0.007122217872826527,0.3264241702475177,-2.6082755896291268,1.065241927937701,3.8528387137840414
0.014336401386194237,0.012545903354656163,0.00418917061608482,-0.00713535920493203,0.3269955410963565,-2.601194282019595,1.085478682434455,3.845502164494477
0.014344333168229877,0.012532219227888332,0.00416678009392455,-0.007148625741030592,0.32758669687912384,-2.594125125884082,1.105640601681969,3.8382997098190956
0.014352104045237677,0.012518519741102649,0.004144541143854944,-0.007161940246814511,0.3281079990457915,-2.58704977946944,1.1256928112752809,3.8311814484508253
0.014398946340564336,0.012436093696868008,0.004008672434684454,-0.007238614807128888,0.33079867611444286,-2.5406731152217907,1.2451349608792321,3.7833864956406473
0.014406372092895964,0.012422198535421237,0.003986188978064774,-0.007251530878197285,0.331232356247791,-2.5327493721549534,1.2648583134225786,3.775445024273522
0.014413845799776481,0.012408341777875087,0.003963569545820928,-0.007264172055609654,0.3315679028576945,-2.524600239294271,1.2844893021674082,3.7671627318853926
0.014421368400950207,0.012394491185981252,0.003940791356083651,-0.0072765856509037176,0.3319163450808768,-2.5162271405752996,1.3040597012154924,3.7585564722349374
0.014428843243581908,0.012380617605032769,0.003917981648670243,-0.007288932400335298,0.3322916224641301,-2.5077350470147874,1.323571464633997,3.749830720623352
0.014436288796723285,0.012366751225297998,0.0038951368623777335,-0.0073011432045893415,0.3326127537827243,-2.499104785386752,1.3429963827371523,3.7409388385543356
0.014443799909047065,0.012352898008016942,0.0038721194256010794,-0.007313091595624716,0.3329122659738159,-2.490236089851812,1.362348987538265,3.7316953429128077
0.014451318952214366,0.012338962081416277,0.003848938944174749,-0.007324992853974094,0.3333208775975746,-2.481186964059308,1.381721049944191,3.7222493746385585
0.01445867602479496,0.012324888221731563,0.003825802876036652,-0.007337141864805225,0.33381675788978615,-2.4721356345311443,1.4011368579569858,3.712951005795692
0.014465864683839773,0.012310778656404668,0.003802802555946497,-0.007349393885527381,0.3342283643848754,-2.463091612403673,1.4204808907043003,3.7037696287053907
0.014473045737726049,0.012296739571741691,0.0037797875607472977,-0.007361387887166493,0.3344904015916246,-2.453889643652903,1.4396654555770392,3.6943537517040457
0.014537422618955197,0.012100427570042293,0.0035006204970706527,-0.007562255636993471,0.34975492287495163,-2.344613886339142,1.7006239908486636,3.609595704900516
0.01454680087317596,0.012113429482071511,0.003500280435624063,-0.007530370360222075,0.3396508389379831,-2.341176791429255,1.6801976224911404,3.5922467718150997
0.01453080144093215,0.0121146721502037,0.0035243692592767475,-0.0075512166622606555,0.34895085000049236,-2.355596885805502,1.6820426198438703,3.6207501890919267
0.014480311170871875,0.012282750701402589,0.0037566074818069645,-0.007373036682497266,0.33470858949445104,-2.4444323027885395,1.4587288366682427,3.6845358150288336
0.014503870314936747,0.012171440118039542,0.003618996736966209,-0.007506325332033176,0.3472620603945383,-2.3981971866718035,1.607069398880401,3.6645827667184996
0.014513034800007346,0.012184560950179698,0.003618100262458454,-0.007474471023322605,0.33835856230283395,-2.393951144951376,1.5871009897621162,3.6465547548394
0.014510669920930357,0.012157279968945646,0.0035954281932332813,-0.0075176426896624805,0.3458662557140311,-2.387823617488459,1.6258459088450816,3.6538202820344576
0.014519845997865708,0.012170400447018734,0.0035946695054501414,-0.007485809763614838,0.339087771900632,-2.383639677860917,1.6058664858164027,3.6359899395319957
0.01452413555302291,0.012128895840071584,0.0035481016746131354,-0.007540094506089255,0.3473391277637219,-2.3665133892752737,1.6633503661747298,3.631844734883136
0.014540165258048318,0.01212773703567812,0.003523912637658211,-0.007519248865022491,0.33963026650877737,-2.351971752694076,1.6616530886741179,3.603321431244623
0.014517425023423977,0.012143098494643411,0.0035717965485685794,-0.007528899101871658,0.34586839853505397,-2.3772748834882194,1.6446018116735595,3.6428835888739504
0.014533447900610126,0.012142010599104755,0.0035475465211286077,-0.007508120510220971,0.339729420430233,-2.362644913202027,1.6430886184236664,3.6143220973114585
0.014526660987578358,0.0121562281140482,0.0035711470247330322,-0.007496997612129293,0.3396275188863653,-2.3732019140460516,1.6245102297376437,3.625231911891143
0.014487609607886228,0.012268737688336891,0.003733277732401808,-0.007384514834814701,0.33498609956719044,-2.4347708653832765,1.4777429692223985,3.67444657735702
0.01449485668478222,0.012254662382827776,0.0037098901119741296,-0.007395986437178841,0.33533635107914034,-2.4249929323691517,1.4967343699610114,3.6642649116074693
0.014502000378145856,0.012240520850065462,0.0036865154763105865,-0.0074075249854874126,0.3357295600844776,-2.415154233464851,1.5156987891432216,3.654092770193843
0.014509009256298786,0.012226317383391708,0.0036632003224435065,-0.007419166620748139,0.33614025576155987,-2.4052891831511887,1.5346277724961854,3.6439880832176548
0.01451586589817522,0.012212073872126807,0.0036399866071457555,-0.007430904340009744,0.33653387512706295,-2.3954185969362505,1.5534959064662894,3.633975630456152
0.014522594658288987,0.012197840006693085,0.003616882753076551,-0.00744263582024825,0.3368496529651932,-2.3855220668420807,1.5722518644532653,3.623992346662266
0.014543999019492741,0.012086162244613063,0.003476862146421919,-0.007573208397562636,0.34931387414709664,-2.333618510452404,1.7190672944893557,3.5983332238613754
0.01455337064002539,0.012099118135812688,0.0034766560094695496,-0.007541424156276843,0.339961120241711,-2.3302553844816347,1.698678724865122,3.5810811342557547
0.014550530575541355,0.012071876318959049,0.0034530824117308713,-0.007584080513258487,0.3480803264053485,-2.322594638373667,1.7373890943960164,3.586907828515558
0.01455990646227334,0.012084819743362547,0.0034530134647722255,-0.0075523452105002485,0.3405399859388532,-2.319208869786504,1.7170481438947556,3.569786615268502
0.014563104303421337,0.012112228176128398,0.003476181304317432,-0.007509702733160058,0.3384520861048173,-2.3225500975394167,1.6832022079605127,3.5593798274269433
0.013247295244103596,0.013876829571190533,0.006297243699529421,-0.005274643587826171,0.2477053244822696,-2.544116046249343,-1.1734234948228348,3.7547368412646587
0.013259775818375683,0.013867535123554252,0.006279568093915341,-0.005292742278294778,0.24813558108152486,-2.550734638912967,-1.1536031609248738,3.760721677176121
0.013211796634712947,0.01390723565121048,0.006344588094080196,-0.005215294696485567,0.24572494916068835,-2.520934899259755,-1.230207780627936,3.7300738380093823
0.013199266277950537,0.013917187503851897,0.006361453473020023,-0.005195523198219954,0.24512904861562781,-2.51310548443572,-1.2499151682520777,3.7222083616782036
0.013248738062209683,0.013891825427089013,0.006286525354375934,-0.005247693141382704,0.2448728038782248,-2.531064237143114,-1.174643296234008,3.729603616804911
0.013239786021070689,0.013902719020460011,0.006296683723493367,-0.005227050551276621,0.24375996396185617,-2.5225850230268283,-1.189542673824313,3.718380747551358
0.01322810035288835,0.01391408979300635,0.006311343565328147,-0.005205153645799904,0.24290257307717675,-2.5138198361463044,-1.208282439865742,3.7081040471492366
0.013158915943517972,0.013931060346003776,0.006426002625991636,-0.005163777540301641,0.24650579226416544,-2.502618775744345,-1.3104962822299695,3.725320575552965
0.013134128518355928,0.013950333628965321,0.006458702566467447,-0.005124205239310477,0.24539484244330115,-2.4860129648917084,-1.349018069009272,3.7085496626683248
0.013146423596352283,0.013940760627362566,0.006442559731986069,-0.005143915699889285,0.24594169310715483,-2.494342296640836,-1.3299523183130562,3.716996717599342
0.013137016032767,0.01396654178165784,0.006443188208440969,-0.005095681821536166,0.24223643662180463,-2.4719006601422984,-1.346442032512232,3.6801414255178293
0.013125770683284426,0.013976935482617405,0.006456616303603133,-0.005074694317664005,0.24143518495266983,-2.4627517383032065,-1.3637541135845515,3.6695613979873163
0.01310165409933785,0.013997847982903268,0.006485834819533674,-0.005031862437926107,0.23994919211361163,-2.443914038674922,-1.4003764484729342,3.648567873870977
0.01311397718025479,0.013987538668509693,0.006470734760225722,-0.005053125666310229,0.24064511970752211,-2.4532832086987226,-1.3817528535201562,3.6587733043389434
0.013174413583184894,0.013938006569593481,0.006393831479329377,-0.00515400914669829,0.24378910791380623,-2.496166217617865,-1.2888747712711524,3.704223914584666
0.013187122654795045,0.013927869695542239,0.006377047687274006,-0.005174379277599836,0.24440726678371952,-2.504458411282641,-1.2690960305942804,3.7126852905383276
0.013089002107888383,0.014007825742784882,0.006501589328450294,-0.005011002857968862,0.23933319408429174,-2.4346696484550887,-1.4193447898728522,3.6388813366637778
0.013076124041678577,0.014017509400160793,0.006517797192208605,-0.004990494459317266,0.23878128032703907,-2.4255129616226494,-1.4385226301058955,3.629587461678193
0.012984869337563005,0.014081459885582365,0.006631969287501787,-0.004850070183379543,0.23562681698252783,-2.3602029055890714,-1.5715810187290307,3.56550130327571
0.012998058223786522,0.014072231621960267,0.006615884812157881,-0.0048706982019270225,0.2360702803781273,-2.3701027678781474,-1.5526485958596827,3.5753622767745497
0.013011425267763587,0.014063123656883647,0.006599250957386361,-0.004891053369441304,0.23649528049181964,-2.3797632678346976,-1.5333547421282472,3.584742577987208
0.013023921287112682,0.014053285244756955,0.006584545996433288,-0.004912303833589441,0.2371311330351689,-2.3897918486950176,-1.515247153624003,3.595496506458493
0.013063042255712032,0.014026836437277661,0.006534469744640575,-0.004970444801773894,0.23829935761345208,-2.416492321916032,-1.4578862211311108,3.620769898746128
0.013036507964876565,0.014044056781468426,0.006569086111932232,-0.00493239930525521,0.23761744584109804,-2.399166160168519,-1.4968720220302847,3.605020381716024
0.013049808129929117,0.014035632645284062,0.006551649945826744,-0.004951167113744618,0.23792910727495561,-2.407755950043359,-1.47736913014476,3.6126827958862937
0.0129188082725172,0.014112361110966079,0.006722904378399051,-0.004771649258643439,0.2359098206660805,-2.3215103873342886,-1.666461807819008,3.5385371390421976
0.012931806875771818,0.014102987402213675,0.006707852178402022,-0.004793094160705637,0.23645240568707973,-2.3322801828699196,-1.6482056790691393,3.549723416321743
0.012972916721869827,0.01409179075336721,0.006644884119237284,-0.004827833246392521,0.23486401261260306,-2.349403230630499,-1.5885088862397891,3.553142320728894
0.012960122487682907,0.014101220674330346,0.006659816965068846,-0.004806779790822069,0.23430390874233983,-2.3391114681873577,-1.6065974537395444,3.542411280813886
0.012946825919655682,0.014110205481566093,0.006675830580239101,-0.004786208747059511,0.23386019828674412,-2.32896098566361,-1.6253518747149993,3.5323972259196137
0.01269407796458314,0.014245813770408145,0.006986499995802412,-0.004433093481308628,0.2318452793875678,-2.1376430428555797,-1.969809915410749,3.3634206770332953
0.012653998955479142,0.014270773026493872,0.007028162867234122,-0.004367509251730915,0.23090271443121058,-2.0997093522982877,-2.0202217067262533,3.324638005608779
0.01266733168008199,0.014262428551424079,0.007014498179881624,-0.004389494371870106,0.23116020499461312,-2.1124894534174015,-2.003604962945443,3.3377806039988642
0.012680699012907517,0.014254146837015307,0.007000559155296439,-0.0044112976417315245,0.231457579410652,-2.1251087967137816,-1.986772824648327,3.3506478698119877
0.01270841621569784,0.01425437542925983,0.00695400906199288,-0.0044270191306247314,0.22872292807897052,-2.136344321552716,-1.946465037356868,3.347689234186511
0.01287971377696199,0.014139361897683013,0.006768257600475644,-0.004708579828191345,0.23453875961397563,-2.2892695659482176,-1.7207960478389885,3.5057053488602166
0.012892632384267045,0.014130468298549942,0.006753394390266007,-0.004729478458700298,0.2349845694239816,-2.3000456781879,-1.702951032397764,3.5167031947456775
0.012905714285111947,0.0141215616661432,0.006738111948431121,-0.004750361050806003,0.23543946921463152,-2.310723291075027,-1.6847579329511444,3.5274748056818095
0.012881430953065645,0.01415577782818903,0.006751269594113538,-0.004680975741637515,0.23151271044361418,-2.2756531658293326,-1.7157686065975708,3.477936521535298
0.01286917179985827,0.014165702837884313,0.006763797934379018,-0.0046585799453017634,0.23081207249954236,-2.2640888592528334,-1.7321575723235194,3.464914159764217
0.012761845973540716,0.014220087986262397,0.006897374897717942,-0.004513965432361578,0.23028908455011274,-2.1851196190717546,-1.878039199097681,3.3976333978602598
0.01277519670611244,0.014211155428799638,0.006883182837020801,-0.004536055346760752,0.23074393206088004,-2.1972786772282222,-1.8607080785790393,3.410263904327229
0.012721805015107944,0.014245860325207011,0.006939974197668138,-0.004448828950306024,0.22911476777707493,-2.148697686714326,-1.9294973551925843,3.3603449091365403
0.012735120401781498,0.014237278856720733,0.006925972883285051,-0.004470608782698994,0.22950142383445393,-2.1609503431365398,-1.9125199376052533,3.3729434864535865
0.01274843457551076,0.014228711866651362,0.006911805163031228,-0.004492264546283166,0.2299111301213547,-2.173060305985898,-1.895409453832395,3.3853396277364856
0.012802558326987042,0.014209576391371244,0.006838268975366776,-0.004552573939850661,0.2287604604290823,-2.207707579564827,-1.8209790508889447,3.4079025371583014
0.01279016677696602,0.014219248255178387,0.006850305701812601,-0.004530010192105202,0.22810602119350512,-2.195570633388815,-1.8368052037084295,3.394295423586645
0.012842096496639541,0.014184148102565254,0.0067939732360378915,-0.0046147717013685086,0.22988157416184477,-2.2410897920937134,-1.7684792500067836,3.4413087138874388
0.012856016228339097,0.01417578358413056,0.006777560922131983,-0.004635435012960313,0.23016336378455396,-2.2520369887977467,-1.749677964195927,3.4517007231321446
0.012815320737058001,0.014200979975061133,0.006824464374442542,-0.004573413874795276,0.22917906823194353,-2.218951937363109,-1.8042192259970091,3.4195132021232766
0.012828633941859242,0.014193000468672971,0.00680902695070375,-0.004593370484111552,0.2294562485680718,-2.2296943570237455,-1.7864428082321353,3.4297985819190173
0.012654960750365525,0.014287474064404478,0.007009419967487455,-0.00434045172005449,0.22733932925304967,-2.0864534752862585,-2.013191237978077,3.296853756579291
0.012641702771395315,0.014296190578110659,0.007022257841823254,-0.004317906619261958,0.22688918303461444,-2.073359670551376,-2.0292244360582177,3.282981368170305
0.012600664981425182,0.01432058030045773,0.00706373487679744,-0.00425180244270031,0.22601711680608783,-2.034174907404282,-2.078965092614719,3.2432682560800425
0.012614361170373232,0.014312830887947978,0.007049634313444796,-0.004273324930586062,0.22623450314722557,-2.0470719165664852,-2.062345649734528,3.256060884353053
0.012628157204293214,0.014304770224381052,0.00703554815676568,-0.0042953182985806,0.22650337402672613,-2.06012942746978,-2.0455768723712073,3.2691804190598397
0.012601172018276258,0.014337100168206371,0.007045261877582281,-0.004225327149969711,0.22311577567218419,-2.0213949710555195,-2.07150872872098,3.216559971881459
0.01258845126665114,0.014345698585690445,0.007056566730707534,-0.004203074102324392,0.22265169605936766,-2.008274370539563,-2.0860636064279223,3.202316805887417
0.01257527728400542,0.014354531724651053,0.007068188393529898,-0.004180069847784278,0.22218589043391423,-1.994644551381395,-2.1010108189997294,3.1875383112634137
0.012561597282328653,0.014363132254090851,0.007080708362258229,-0.004157018242449759,0.22179945451299407,-1.9808263310463292,-2.116620923176724,3.172950561924507
0.0124927328057617,0.014402435922281786,0.007145745283094035,-0.004045967919991753,0.2204989407863949,-1.9125620160698624,-2.1948220506908247,3.1033982296452725
0.01250622698836419,0.01439363748048453,0.007134555515983437,-0.004069636670183934,0.22094029281902575,-1.9269891908071166,-2.1803156054131514,3.1190759592431205
0.012519124542566248,0.014385125037805813,0.007123814720957955,-0.004092354733392245,0.22138355051927386,-1.9407701034823897,-2.1663425443445994,3.1340949906622737
0.012532706408563387,0.014377935112860663,0.0071103509716392,-0.004113387120903628,0.2215406171387764,-1.9538394610420757,-2.150626373586612,3.14695179840527
0.012547337961020403,0.014371379295610637,0.007094374577048492,-0.004134041381552119,0.2214960893391437,-1.966853804903031,-2.133049695254435,3.1587159649889567
0.01246359414964357,0.014417858467104529,0.0071734805796749455,-0.00400018318363735,0.22015172173056732,-1.8837278251358143,-2.2274320442342517,3.0746733814712495
0.012478416460371324,0.014410982036747557,0.007158337775796973,-0.00402201110841842,0.22015665060988351,-1.8977380652390001,-2.2104305745016486,3.0878507311445254
0.012366615550352275,0.01443677928876093,0.007300768702740647,-0.00389426812170107,0.2250027813924158,-1.8071256284873003,-2.3506977563310225,3.0247314471985747
0.012352614191826495,0.014444145986511815,0.007313115761997626,-0.0038713495515524166,0.2247765059091897,-1.792154763983005,-2.3655253862737755,3.0094916435847385
0.012380387561569903,0.014446525016709311,0.007267737595088705,-0.0038906438348237163,0.22172805446688357,-1.8094525958513483,-2.326291690599687,3.0126164574852368
0.012394451532634687,0.014438749397813921,0.007255628334023362,-0.00391395484280567,0.22196523211468264,-1.8244393390166531,-2.3115059853568565,3.028114553930713
0.012408568338049016,0.014448073047359726,0.007222724239077111,-0.0039109318592276225,0.21929996206544008,-1.8270751424725524,-2.2867886960215884,3.016796172077248
0.012435253358341919,0.014431733863199014,0.007201149860270374,-0.0039569922694959155,0.21999884437391568,-1.8559954328780852,-2.2592043704350675,3.0478053087064727
0.012449267278435663,0.014425278032525432,0.007187067197256313,-0.003977772896809743,0.21999798359817205,-1.8694639244706,-2.2433590149383176,3.0605338962888955
0.012422897582971285,0.014456222130006703,0.00719107120610142,-0.003909759529497736,0.21682245367893052,-1.8304668923401743,-2.262721783769781,3.00732830850663
0.01243362784825525,0.01444698418324491,0.007185607754737075,-0.003932253867370149,0.21756938534957798,-1.843896690657602,-2.2531727169162865,3.023779918504021
0.012296764293088258,0.01447296036483669,0.007361478923123888,-0.0037799298567201046,0.22431025483443712,-1.7317775123299384,-2.4235089874646363,2.948092044027532
0.012310685402317155,0.014465752131051583,0.007349695497619762,-0.0038028841436747543,0.22435001329445514,-1.746996870426243,-2.409307671711987,2.963652483512034
0.012324642218795215,0.014458610589008726,0.007337615217091931,-0.0038256845871203655,0.22443440000101675,-1.7620987577817646,-2.3948539837205556,2.9789808811236784
0.012338623121482505,0.014451424431145119,0.007325395697644976,-0.003848486485662906,0.22458879690655884,-1.7771436596719743,-2.3802435636281594,2.9942375140510915
0.012296506436283673,0.01448958918178841,0.007340679980726038,-0.003754851212507315,0.2209100804290911,-1.7201738489421528,-2.413286790507462,2.9221697079308133
0.012171440118039544,0.014503870314936747,0.007506322513839518,-0.0036190025662532527,0.2315388648803863,-1.6138989978168248,-2.5677675462469796,2.8544481807695505
0.0121703872072142,0.014519833888256043,0.00748588138721338,-0.003594616399435148,0.22387923604766777,-1.5998244105311021,-2.5604949333323357,2.8269095934233373
0.012185578797026963,0.014497026275438711,0.007494934554796336,-0.0036425283010494956,0.22953350005310091,-1.6301280868306531,-2.5541986152387963,2.870809350331936
0.012184560241399819,0.01451299440266651,0.0074745635627446955,-0.003618100195326657,0.22440547859213025,-1.6159871304108104,-2.5469396139928544,2.8434324660498205
0.012199695861056147,0.014490137873033796,0.007483461186658202,-0.0036660417165667127,0.22869515336110824,-1.646309880713827,-2.54046708198027,2.8870922593066735
0.012198739092769154,0.014506162459563059,0.0074630680956415925,-0.003641498608905194,0.22488438652445716,-1.6320300749474945,-2.533255456819625,2.8597665711229148
0.012213791167466397,0.014483205177866363,0.0074718968458905065,-0.003689553932209153,0.22972812741112703,-1.66240753411035,-2.526548831851689,2.903410659148248
0.01221291626915391,0.014499300447703397,0.0074514536378051345,-0.003664853936379945,0.22489876755719626,-1.6479808537081888,-2.5194681881144043,2.875955354536835
0.012227069847604632,0.01449235864890256,0.007439813309437383,-0.003688218207808397,0.2246204100666868,-1.6638815977675223,-2.5056093222060514,2.8921041327276895
0.012025787228416268,0.014602254882866999,0.007573867033625088,-0.0033337873766303865,0.2229782133171494,-1.4244432685519026,-2.676827136738981,2.634927215676566
0.012169488803737695,0.014536181284369771,0.007465291610330274,-0.003570348273772717,0.22341485241326434,-1.5900096017563312,-2.547965699477468,2.803430881310352
0.012155306479832394,0.01454310276120793,0.0074761993769747815,-0.0035467778026026793,0.22332348269248317,-1.5738290330722213,-2.5611001132132336,2.786817035026163
0.012040347878515096,0.014596006335769926,0.007562991426542132,-0.003357483872869473,0.22300105555580094,-1.441364773375127,-2.6641483764659486,2.6519653538368146
0.012054883833975382,0.014589535017985053,0.007552299550581698,-0.0033813818780081416,0.22313587198472362,-1.4582887051497024,-2.6515300951215894,2.6691624208945472
0.012069290497022794,0.014582867974787445,0.0075418926179725175,-0.003405342823742431,0.22325325820834788,-1.4751134220491589,-2.6390739599695467,2.6864284282353696
0.012083605107392521,0.014576160217045338,0.007531500000523464,-0.003429195759773231,0.22324508501458243,-1.4918011478773037,-2.6265932911884753,2.703579688056624
0.012097941129015839,0.014569565961255214,0.007520751374825983,-0.0034528399356097603,0.22313881754181722,-1.5083704045807094,-2.6138141395405543,2.7204629719182063
0.01211232226306689,0.014563075401532594,0.007509630841759179,-0.003476306680036728,0.22306168351711,-1.5248371877492006,-2.600722996313847,2.7370955960169305
0.012126701634640755,0.014556554209396937,0.007498391737623622,-0.0034997337774911323,0.22308557734525977,-1.5412271894885132,-2.5874984046830556,2.7536365666382108
0.01214104023458233,0.014549905122831101,0.007487222138969581,-0.003523221095364302,0.2231897999088275,-1.5575606448927883,-2.5742714671625664,2.770202788966667
0.01224063658413424,0.014501953052175711,0.00740744005852608,-0.0036866785574430475,0.22371374740878505,-1.6695245523684192,-2.4791728116717517,2.8840598807738282
0.012282733280259124,0.014497186449613363,0.007351435145791763,-0.0037314822707396338,0.22066405885156168,-1.704806545826784,-2.426700359874539,2.9059983687482815
0.012254581411350258,0.014512063615487646,0.007373748838924236,-0.0036844590104175095,0.22029244597097639,-1.6735623240313766,-2.4540571194554945,2.8735359520586528
0.012268743568552903,0.014504715640151341,0.007362431735628733,-0.0037079513534942206,0.2204536096771089,-1.689235184666441,-2.4402849871573764,2.889726496103035
0.012011305663419312,0.014608411289868983,0.007584602853289205,-0.0033102198042103954,0.22306701686034333,-1.4075548827954913,-2.6893230365791037,2.617932001652712
0.011996883996774088,0.014614591627256009,0.007595059979745086,-0.0032866064472952994,0.2231928910645171,-1.3906295614476198,-2.701556851163177,2.600818944393659
0.011982454224371991,0.014620793291753031,0.007605332077140842,-0.0032628824528536447,0.22332163711646483,-1.3736108211039701,-2.71361089966754,2.583557849297059
0.011968019598372242,0.014627031876816583,0.007615390494117255,-0.003239033594959671,0.22342542488791997,-1.3564980002645814,-2.7254627245654794,2.5661303339632298
0.011953571755414815,0.014633290640219973,0.007625269173064417,-0.0032150759388162244,0.22345729827845903,-1.3392941121568294,-2.737136724623873,2.548554644271938
0.011939035897161415,0.01463945387001562,0.007635235597859021,-0.003191080365670697,0.22343422898979615,-1.3219775877010598,-2.748832241611668,2.5309340157566376
0.01192440843769231,0.014645464604263839,0.007645379575144817,-0.0031671132486731832,0.22346695586018114,-1.3045610869413695,-2.7606118681145166,2.5133319038990316
0.011909784109128954,0.014651403427790482,0.007655459563934714,-0.0031431705349915435,0.22362375276295723,-1.2870994485361031,-2.7722876820796256,2.495702967248882
0.011880685064730931,0.014663422236699405,0.007674712220624872,-0.0030950618216257675,0.2239445837220663,-1.252060163202804,-2.7948005261295674,2.4600334058550044
0.01189522439000844,0.014657387826012128,0.007665220896858089,-0.003119170108273075,0.22382729545135263,-1.2696110828648812,-2.783669611129054,2.477944984367781
0.011866066861207244,0.014669395685856595,0.0076842258970821475,-0.003070877802044822,0.22395975799282897,-1.2343917186306486,-2.8059043972336872,2.44203977743554
0.011809099364738116,0.014676170691896624,0.007745024243364881,-0.0029963231787134286,0.22492812840225887,-1.1703306047288595,-2.865051492634263,2.3906862715752735
0.011796722524648843,0.014666024878782744,0.007776568049253605,-0.002994502358434037,0.23368281672207114,-1.1650809611763475,-2.885783113312444,2.3986302373039994
0.011851324094480059,0.014675224595077944,0.007693946476722713,-0.0030466688181626463,0.22397490116587784,-1.2165824698560568,-2.817120682104694,2.4240272566421655
0.011836511186340973,0.014680924199563175,0.0077037830366171725,-0.0030224724219210775,0.22408862269456034,-1.1986741182830378,-2.8283746633626237,2.4060084963873134
0.011821715915175222,0.014686591543414286,0.007713477745899064,-0.0029982659614468834,0.22431279903125087,-1.1807213475736955,-2.839467816346312,2.38792703228863
0.011737947748741227,0.014688233955621806,0.007813589716207738,-0.0028965274074745757,0.23348819194605472,-1.0916968299901826,-2.9282347005043032,2.3244365365843778
0.01173543903152711,0.014703997575176535,0.007791173788088225,-0.002874341882267009,0.2257110647531845,-1.0791668514343973,-2.9177951242499396,2.2984396244186738
0.011752667496161624,0.014682750970092102,0.007804460566251353,-0.0029210355939697096,0.2318096723552452,-1.110124132829996,-2.9178253202639994,2.342966671005963
0.011750181453178151,0.014698530285500867,0.007782117222921706,-0.0028987634153476573,0.22588751138810717,-1.097511948122186,-2.907480425892239,2.317013141555066
0.011767369970506484,0.014677221759479867,0.007795242585301502,-0.002945546483066277,0.2318738083229245,-1.1285221305486721,-2.907257558809596,2.361512222364405
0.011764930020712739,0.014693049760903671,0.007772906996034967,-0.00292314270720382,0.22587485306638858,-1.115780095243114,-2.8970228344610454,2.335456392879841
0.01178205502797576,0.014671646377591765,0.007785939319572802,-0.0029700505833044726,0.23338507769389905,-1.1468490036323855,-2.8965604546816945,2.3801090864207675
0.011779676331592546,0.014687505197029266,0.007763629552424455,-0.002947527912724611,0.22539374425645306,-1.1340034136440902,-2.8864543949894745,2.3538520238992544
0.011794398494111144,0.01468186560383295,0.007754356574866007,-0.002971935011320847,0.2249264811387475,-1.1521949952871096,-2.8758068284787037,2.3722792027699637
0.011673573770919475,0.014741500576504358,0.007804036212039879,-0.0027545111552850885,0.22614772363796368,-0.9982016173139147,-2.942590917203224,2.203434293006279
0.011688511407430815,0.01473627785765929,0.007795177550550639,-0.0027790030748872066,0.22585811768089517,-1.0167768925251102,-2.9326645340008923,2.2221228502852504
0.011703447636642052,0.014731007564771385,0.007786225816153832,-0.0028034847184573307,0.2256695531118809,-1.0353016515874016,-2.922614208007898,2.2407618988912645
0.011718318707637704,0.014725608661676373,0.007777384425765844,-0.0028279746580451262,0.22554806108475908,-1.0537299440394072,-2.9125936616638817,2.2593943668105365
0.011733085676537401,0.014720098901362747,0.007768670321003902,-0.002852408918246892,0.22539544904092576,-1.0720210110738106,-2.902622210218519,2.277975700215146
0.011658652845018441,0.01474678407914435,0.007812605794720354,-0.0027299081313442203,0.22645136427622245,-0.9795732587132834,-2.9522530183518714,2.184594417637257
0.011598636467793648,0.014767252187754966,0.007846609817062223,-0.0026312394401515823,0.22732709616832872,-0.9043455734972747,-2.9901473753303596,2.1087851058371316
0.011613627571022142,0.01476223395399326,0.007838220924372566,-0.0026558694266432515,0.22700200333891182,-0.923195982951742,-2.9808471825338034,2.127762192577158
0.011628671126413484,0.014757265146705778,0.007829521441195976,-0.002680449161505415,0.22677540380259784,-0.9420373019034737,-2.971261004129834,2.1466289307693494
0.011643696477692549,0.014752100372689194,0.007820988911854752,-0.0027051650716891184,0.2266461214439122,-0.9608490588690586,-2.961730653429146,2.1656002248487334
0.011595630622500947,0.014783655984465967,0.007822923728552708,-0.0026093726198057974,0.22403890634749865,-0.8960283055610043,-2.9756237212118357,2.0865200729064566
0.011455180736571003,0.014783560287475503,0.007972473751223338,-0.0024252248595980222,0.23704202795439713,-0.7300192322992883,-3.105131342761085,1.9597362701955656
0.011470201646392161,0.014778965067767894,0.007964819133601765,-0.0024502464818717045,0.2358679591099995,-0.749583070255099,-3.0968792991628287,1.9792320307986848
0.011466657118993152,0.014794612968767015,0.007941362072909032,-0.0024292107858492605,0.23111711741039417,-0.7382466707407368,-3.0843545890931723,1.9547232602330562
0.011485207893971856,0.014774322728061404,0.007957078356749725,-0.002475268438842738,0.23585795596002831,-0.7691276392859931,-3.08845614203698,1.9987857312472486
0.011481715625416175,0.014790039809414702,0.00793358693519487,-0.00245409012472726,0.23082788669556967,-0.7576021928154968,-3.0760386119249055,1.974144378228037
0.011496785975104298,0.01478539563865306,0.007925745510423231,-0.002478999752232111,0.2302224109409419,-0.7769447403490107,-3.0676116345819477,1.9935472414726825
0.01133450055446882,0.014818620992578935,0.008030897501185538,-0.0022241267217523284,0.24095440911186575,-0.5722608228772097,-3.166758037489575,1.8012779685493099
0.011330679819885047,0.01483416798516461,0.008006762815870884,-0.00220394418324428,0.23361795200420413,-0.5614053713435715,-3.153638512893083,1.7769956688435877
0.011319353867715836,0.014822790206067778,0.008037841933753532,-0.0021988981459025144,0.24214653256106033,-0.552303060635818,-3.173983454711093,1.781248086326687
0.011349633918850095,0.014814404250277425,0.008023867188883968,-0.0022493571351823323,0.24106225747169005,-0.5921817360588506,-3.159407748851264,1.821312026946335
0.011345875114485973,0.014829966230555635,0.007999775568382427,-0.002229103151489622,0.23327988838442204,-0.5812708626862183,-3.1464013924067022,1.7968980139207675
0.011364753797800303,0.014810140026172798,0.00801675506232721,-0.0022745747728287564,0.2417609243748107,-0.6120336552517769,-3.151951752752101,1.841347188921329
0.011361051176099715,0.014825704056294685,0.007992735983066867,-0.0022542421454535035,0.2326803691685598,-0.6010928495316278,-3.139055501274344,1.8167701086745953
0.011379860028177457,0.014805828367996314,0.008009569003424801,-0.0022997516927213938,0.24146836042472797,-0.6318097258669089,-3.144405682389492,1.8613005931002942
0.01137619219118302,0.014821370405864879,0.007985677313513705,-0.0022793533781931764,0.2321758633138641,-0.6208663413368759,-3.1316214117556407,1.8366415500886515
0.01139495244676372,0.014801469324203571,0.008002308569389414,-0.0023248895354341455,0.2402577971130245,-0.6515344402612181,-3.136765212760005,1.8811347329285193
0.011391307561238717,0.014816992758701053,0.007978544772123048,-0.0023044257671825945,0.2319782294319366,-0.6405853805916926,-3.124069738999124,1.8564818642047156
0.011440145198604604,0.01478810837460224,0.007980046969731168,-0.002400188299222984,0.23857119752318426,-0.7104520792771384,-3.1132194582109416,1.9402168051469577
0.01145161608467625,0.014799149148039996,0.007949010669110025,-0.002404335260123362,0.2311731986655016,-0.718853120620281,-3.092538960168046,1.935227297331067
0.011410030890272255,0.01479706294397708,0.00799496714370153,-0.002350011353927874,0.2395727567957445,-0.6712221345513846,-3.129021328315044,1.9008952088652105
0.011406414223215101,0.014812591635752893,0.00797128877193619,-0.0023294602237271898,0.23183377727591026,-0.6602485120733861,-3.1163688845719815,1.8762521108802261
0.011425095195354026,0.01479260927722873,0.00798754477218937,-0.0023751171266130065,0.2394037207716079,-0.6908617007435355,-3.1211743532043754,1.9206022112238708
0.011421507909914448,0.014808152846973392,0.007963937592176467,-0.002354462572982318,0.23152648624000136,-0.6798538567370666,-3.108534119253416,1.8959638154670293
0.01143657403966143,0.014803666268376545,0.007956522120111434,-0.002379424718751437,0.23125135937746252,-0.6993919766210378,-3.100592596977379,1.9156320425140763
0.011508487083988467,0.014796903765644123,0.007894287497526445,-0.0024825031905241772,0.22896843707608797,-0.7901266915405455,-3.0428005483069653,1.9934173325465812
0.01152360855523357,0.014792012057586122,0.007886590090975946,-0.0025075003678939147,0.22876776135007323,-0.8093755868757951,-3.0343384372673987,2.0128897860904424
0.011550419334247065,0.014798565352286496,0.007847152121153307,-0.002535386386305571,0.22483787717143436,-0.8393704588987619,-3.002379253317357,2.0293818160648347
0.01156548748432711,0.01479392982194404,0.007838697510233474,-0.0025597413188826455,0.22450316012444516,-0.8582197595296774,-2.9932783739851505,2.0481334554330943
0.011580638615270285,0.014789035689750304,0.007830410874789069,-0.002584421931331631,0.22421548356570775,-0.8771732304975529,-2.9842046040246646,2.067156827863578
0.01153548215805762,0.0148035784953069,0.007854667953163254,-0.0025107407171881865,0.22505650899984367,-0.8205302739451396,-3.010765058356657,2.0102203427014245
0.011315478470352342,0.014838345117480825,0.00801362513517065,-0.002178750457083137,0.23374796737265516,-0.5414879957365634,-3.160728354233813,1.7570105725934748
0.011304194021561008,0.014826911844453403,0.00804470655425049,-0.0021736493234167952,0.24335305280116346,-0.5323152096180019,-3.1810907977248455,1.7611351797603751
0.011300258333135256,0.014842504809016553,0.00802036173391533,-0.0021535010986405314,0.23408220001554692,-0.5215054784170082,-3.167673815304386,1.7369417589959433
0.01128902117887793,0.014830985862161488,0.008051498748955608,-0.0021483528670201645,0.2431454098371635,-0.5122623946047142,-3.188107367854208,1.740889230914962
0.005019326211946599,0.010439190866250394,7.319595610823421E-4,0.008300981462421978,0.04691676367759475,0.46064789478648976,2.613195158347559,0.29220065613236273
0.005004467935098725,0.010432619452746254,7.17431976579099E-4,0.008284755475585118,0.044892620490985746,0.44679551719953864,2.6028861803299335,0.30082747677281246
0.005017971256234513,0.010423544090142324,7.058642901989104E-4,0.008303241143613773,0.051696613809429116,0.4441256830256235,2.6137799973534452,0.3090741476153602
0.005020730317030955,0.010454833402758998,7.580509374884916E-4,0.008298639446899993,0.04236542172674306,0.4772486194512306,2.612558206748958,0.2753647726363556
0.005005839965336569,0.010448327373898171,7.434739359836544E-4,0.00828241889816138,0.03936307435591186,0.46319759130083593,2.6023780210975462,0.28400544957512114
0.005022183559254116,0.010470471553061363,7.841364256220506E-4,0.008296215273349746,0.03797219742243881,0.4939090836896587,2.6118814753088277,0.25857722282958495
0.005007285370188025,0.010464027671041381,7.695093191181827E-4,0.008280026892952312,0.03381286718664477,0.479617133804856,2.601835277750055,0.26719785815549374
0.005023685925945949,0.010486105170072865,8.102118307814222E-4,0.008293709351275347,0.033578375155706164,0.5105919652753026,2.611179428450299,0.24184964358184646
0.0050088060856092,0.010479717592195036,7.955352553107214E-4,0.008277582641074923,0.028283881087323406,0.49606627126815267,2.6012538878777858,0.2504027110871925
0.00502523740399226,0.010501734106237882,8.362718230680529E-4,0.008291122264989912,0.02900740486553464,0.5272454540990432,2.6104664200275463,0.22519021246623172
0.00501039891010852,0.010495392458975059,8.215445081894071E-4,0.00827508420942302,0.0228291372713253,0.512553036679931,2.600626853462568,0.2336220427470239
0.005026837979827506,0.01051735821353665,8.623072182547325E-4,0.008288455064218757,0.02401240802424227,0.5438079133211801,2.6097476252975134,0.2085957495400729
0.005012055390806435,0.010511046261491233,8.475259437490382E-4,0.008272524394882129,0.017488042042424382,0.5290777024196657,2.599947230925839,0.21686380292094062
0.01345215388744641,0.01369911981869379,0.006001514691293441,-0.005600816869206388,0.25853748854048786,-2.6518903462027397,-0.8310342775613965,3.8639918411257823
0.013427397870390939,0.013720571704574627,0.006039308585399396,-0.005563406247358595,0.25734550991813704,-2.641518845798798,-0.8734599432240538,3.854257818837556
0.013440045076820248,0.013710541399513965,0.006019736909043383,-0.005580883272464806,0.25775967014115403,-2.6461496889546097,-0.8522011427045627,3.857920631786341
0.01342937779358557,0.01373506038498204,0.006030313060030623,-0.005536760226012405,0.25447467136310276,-2.6290294292333,-0.876634935916945,3.8300585258952538
0.013274041171301496,0.01387298812310421,0.00625089282110938,-0.005284167492930068,0.24574171774300418,-2.5443427575714206,-1.1347310230265704,3.7416076168136625
0.013298796472422828,0.013852156734293268,0.006216758336725093,-0.005323684577899862,0.24704265744567339,-2.5587149583384523,-1.0948336010728963,3.7563148169876994
0.013289338274469785,0.013866259965663175,0.006226750802853537,-0.0052975487076326044,0.24536301500182794,-2.5480871993505736,-1.1116597454303319,3.7410667387089416
0.013322798679384329,0.013832296549269485,0.006182964262633389,-0.00536090944654391,0.24814124595543535,-2.5717199610900874,-1.0559498737276007,3.7691971022762525
0.01331370040044548,0.013845622529609324,0.00619302342381982,-0.005336365203755316,0.24661935302330742,-2.5619629046829604,-1.072327300663008,3.7552656383246896
0.013337894391217853,0.013826426679130834,0.006158386341981613,-0.005372080148962135,0.24760776505794355,-2.5740070429080872,-1.0333217630342533,3.7664862731445754
0.013421328788748682,0.013745877540593728,0.0060409109136147126,-0.005517488944304114,0.2533686472690801,-2.622316570244777,-0.8917408589883254,3.8207305063289625
0.013411467059588887,0.013758111862404386,0.006054128331126532,-0.005495669604374357,0.2522222235557185,-2.6148068376980778,-0.9097331832500676,3.8107109319622126
0.013399928820894956,0.01377015569956929,0.006070307956615637,-0.005474174230468463,0.2512720516841636,-2.607732755988757,-0.9298098163098659,3.8022756952731673
0.013370075997996477,0.013788203765708516,0.006117070800241242,-0.005441860191774625,0.2512150754538103,-2.599605119906064,-0.9768950093343987,3.799868025399351
0.013361696800157665,0.013800027375476132,0.006127164668980312,-0.005420362613699392,0.24992700360381412,-2.5915016708769656,-0.9923132760832977,3.7884227838323175
0.013350705270030155,0.01381266148299437,0.0061414812358765655,-0.0053973166059408636,0.2488100821620224,-2.583138862462263,-1.0114571511582058,3.7777166199938743
0.013385920152596337,0.013782707272833025,0.006090596514304291,-0.005451687350981372,0.250487970384033,-2.6006445304709422,-0.9533197598012045,3.794952703914144
0.013665310414243624,0.013485763939718507,0.005659301976918329,-0.005950812999080508,0.2723011349246895,-2.730553841114766,-0.4405770016372454,3.947387811860699
0.013642724438735631,0.013509233601587461,0.005697626745722461,-0.0059143700247116645,0.2708500396827133,-2.7245822324065454,-0.4833353683913955,3.9412191504566114
0.013654543558847994,0.01349828133193208,0.005677455572270903,-0.005931064109418672,0.27135096611342296,-2.726825068978176,-0.4618340226635617,3.9426846285121067
0.013621724963231273,0.013531132591399023,0.005732769848550939,-0.005879846809029924,0.2694554809574803,-2.718303234691305,-0.5230031153795892,3.934510055238611
0.013631614699021603,0.013519514466190014,0.005716487760960791,-0.005898567796280344,0.2703577777811939,-2.7223140522618574,-0.5035481985970797,3.939648707425548
0.0136114375139682,0.013543019519988571,0.005749600281861358,-0.005860627648076455,0.2685453292626147,-2.7141183482758997,-0.5430418758866148,3.92923976275283
0.013600548565418815,0.013554645211205781,0.0057674469873236515,-0.005841923494146843,0.2677416537988408,-2.7102375026854344,-0.5636156189777383,3.9248193075124136
0.013589206677417677,0.013565979650156441,0.005786050996818445,-0.005823736234836763,0.2670347241956952,-2.706604587697839,-0.5845412942756155,3.921108094711354
0.01354189920762747,0.01360899781922527,0.005863311768005573,-0.005754297110631496,0.2647708724942159,-2.6928622394819097,-0.6690608017511774,3.909465031459469
0.01355345315031111,0.013598148150287143,0.005844701851896093,-0.005772097372971504,0.26537736974302323,-2.696757590451917,-0.6482805892872291,3.9131664643929382
0.013565576641014461,0.013587854911975802,0.00582479183809462,-0.005788620265526393,0.2658321066556968,-2.6998073747606157,-0.627030017008588,3.915192713929089
0.013577529812428027,0.013577096737557165,0.005805188788729301,-0.0058058891927527815,0.26638584524788284,-2.7031023064962927,-0.6057261332287842,3.9178545333259316
0.013531152540624673,0.01362073424271626,0.005880076052632584,-0.0057345880780487885,0.26386594395044566,-2.68778406991955,-0.6891698926896286,3.903353275535664
0.013519376473825194,0.013631829969300426,0.005898765145339129,-0.005716112182204302,0.2631975954416546,-2.683428040230116,-0.7102352094335597,3.899058274716666
0.013496444186558598,0.013654409376508123,0.0059344878185949015,-0.005677955147638555,0.26171625193143594,-2.673647478713622,-0.7515541275522643,3.8885510302698942
0.013507934904971536,0.01364331468311708,0.005916594889078285,-0.005696735033810078,0.2624242083715016,-2.6784568200169026,-0.7310061809336198,3.8935936730959066
0.013498622507885548,0.013668912842053058,0.005926108252237074,-0.0056510394003326005,0.2588366681044981,-2.661262777496868,-0.755582450222719,3.864443789375977
0.01349040652767213,0.013680410763956508,0.00593758538982183,-0.005631035547927979,0.25763280488363843,-2.654831399083623,-0.7717468001857531,3.855275816084568
0.013469361633543245,0.013704743490793635,0.005968100715786617,-0.005588893014184534,0.2555720861818221,-2.6420133400011694,-0.8104637724114129,3.838924482746417
0.013480213289579403,0.013692620646398267,0.005952307136296131,-0.005609897174499125,0.2565642829737807,-2.648359353363517,-0.7907398540043408,3.846817257285568
0.013980148156885327,0.013098315517917994,0.005062683089107224,-0.006503634075684485,0.29787925015233835,-2.765063268565927,0.21929359956974578,3.9980141687506365
0.013990290959752206,0.01308567895512854,0.0050414393946202,-0.006519435521912003,0.29850994377437035,-2.7632454781710525,0.240981652610791,3.995913849777598
0.013949902319114594,0.013134587623600614,0.005125070647384142,-0.006458141459217601,0.29618012729953075,-2.7700813658296117,0.15588961223399792,4.00442437285222
0.01395973871079264,0.013122608855471419,0.00510484374848605,-0.00647341218274491,0.29678294318292414,-2.768725829060005,0.17669957451135462,4.002784335673497
0.013969864895082909,0.013110600619780394,0.0050839864887780055,-0.006488402702018059,0.2973427411970537,-2.766980217680564,0.19779628583857647,4.00048950870582
0.013956262885235987,0.013149741800391239,0.005116661354273252,-0.006426876015645848,0.2924867792886458,-2.7571615544925514,0.1478630434529651,3.9771409644944398
0.013947649463186246,0.013162365957487973,0.0051345207939817025,-0.006409576084176583,0.2915598995893571,-2.7569917530652144,0.12784039414405202,3.9758297317558786
0.013938480403727695,0.013175237082787875,0.005153295112721453,-0.006392053635395731,0.29066132544709894,-2.7569374039696934,0.1070890625736071,3.9748588684950943
0.013918524031791066,0.013200232953356155,0.005193253585214827,-0.006358919193764128,0.2891987224798418,-2.757901565819815,0.06472751846120828,3.9755323927032102
0.013928691763421147,0.013187886734484759,0.005173017615182888,-0.0063751715446793795,0.28988234022560727,-2.7572869366365733,0.08595464755088032,3.974850976561022
0.013766981862234524,0.013352849049332595,0.005480758513277743,-0.006157736523622433,0.2832510024277188,-2.7663212610337173,-0.2256507097732148,3.9993714372651668
0.013777753726577085,0.013341424443463125,0.005460920420052007,-0.006174030698643758,0.28385011413757383,-2.7672338261503104,-0.20450500561337956,3.9998880637481697
0.013788654161470591,0.013329636586927771,0.005440729118376995,-0.006190790670570872,0.2844854658447285,-2.7681182097373944,-0.1829195402830176,4.00046933907587
0.013763273102946031,0.013380220733926342,0.005487230795071432,-0.006109071571958061,0.27876413300162023,-2.750205658223615,-0.25061886808368955,3.967760953950943
0.013772676664599979,0.013368351059131272,0.005470204763940354,-0.006126851860514566,0.27964891765074973,-2.7524717966654744,-0.23093492230362037,3.9710117197634713
0.013753519017884665,0.013392577611189055,0.0055047559981984935,-0.006090430636475155,0.27783005265544874,-2.7476573523207652,-0.2710092307472835,3.9641108629061885
0.013743235645891376,0.013404877563279835,0.005523114747700049,-0.0060719849687872205,0.2769632330095481,-2.745285348281115,-0.29191378935983664,3.9610064150590145
0.01373255646232359,0.013416961364270966,0.005542073492426212,-0.006053959311462845,0.27617391689069243,-2.743110916100712,-0.3130770908456065,3.9584754841609153
0.013721616427133813,0.013428881512252395,0.0055613889449857784,-0.006036195963869058,0.27543491011633986,-2.741015231092837,-0.33439257786365584,3.9562658633877956
0.013710403275803496,0.013440741930460494,0.005581080970034223,-0.006018500885865318,0.2747337171304196,-2.738927337570688,-0.3559563932848678,3.954244216360585
0.013686161226173676,0.01346249206722093,0.005623619094832333,-0.005986904215080695,0.2738932874264039,-2.7365486808331387,-0.39983911352555307,3.9544470434539085
0.013698619478520928,0.013452444464896433,0.005601707594484757,-0.00600114654188067,0.2740894024705891,-2.737067595677512,-0.37805920795974807,3.952905923273619
0.013689104628964896,0.01347759023597216,0.005616610236253188,-0.005958241656247537,0.27074462977114994,-2.7241669392323424,-0.40642741955866935,3.9298126695464317
0.013681600166228698,0.013489363838525142,0.005628984576020945,-0.0059391121112552965,0.26954801096211295,-2.71959958511375,-0.42318480518152474,3.922589297199648
0.013908124991393456,0.013212332361456712,0.005213756766688272,-0.006343099742985622,0.2885683756766427,-2.7586389646826137,0.043490895909125755,3.976612207578151
0.013897492292521614,0.013224075070592227,0.0052345267425906285,-0.006327907961936355,0.28802926520836586,-2.759562554996547,0.022326006847890958,3.9782239366255143
0.01388661137382347,0.013235461352969125,0.005255602393669429,-0.006313349278157107,0.2875791001319086,-2.760687769599937,0.0011958077014225582,3.9803981414426666
0.013876328724549868,0.013247421135373789,0.005275558078673217,-0.006297276545034716,0.2869546657206776,-2.7608749775526564,-0.019822746666571193,3.980769002484227
0.01381666892484846,0.013321408286132033,0.005389251220965369,-0.006192876460708984,0.2821018406511407,-2.755470709970227,-0.14512896483685633,3.97239725842649
0.013826709182788449,0.013308724597467148,0.005370427703778849,-0.006211198736486906,0.2829972057073174,-2.7569742323807325,-0.12394204695135165,3.9746828985806064
0.013836077806507224,0.013296096491560024,0.005352691842157372,-0.006229619068916899,0.28394523672065203,-2.758706034851303,-0.10348077571090168,3.9776053368335327
0.01384596225057174,0.013284331009114934,0.005333942185859034,-0.0062460911325751415,0.2846606592694694,-2.7593886253470643,-0.0831145546256883,3.978487936274114
0.01385675795555273,0.013272660591784204,0.005313432291770359,-0.006261792228721774,0.2852078307066645,-2.759226225532348,-0.06184575717655134,3.977736736741217
0.01386711501961571,0.013260168019447696,0.0052935351194282046,-0.006279068892849936,0.28598833704995924,-2.759672137393269,-0.04035676752595025,3.978392092899641
0.01380610423626723,0.013333979574432686,0.0054088904316445564,-0.006174869477176783,0.2812952083130689,-2.7541905335327743,-0.1667680995404315,3.9707397550081613
0.014077291665147392,0.012942824951375541,0.004842376789039614,-0.006709127261796967,0.30983972191566456,-2.753559137640726,0.4630624225880488,4.001943682847887
0.01406797019767103,0.012955658814185068,0.0048635369896747405,-0.006693848057242651,0.3091719687807892,-2.7565662522871044,0.44178715197877855,4.005033203635793
0.014030383455314438,0.013006586461784918,0.004947477276370195,-0.006632188329312225,0.3064644761351852,-2.76717724518052,0.3567008001060578,4.015910723645269
0.014039864616988711,0.012993959685259647,0.004926541689175627,-0.006647576099678978,0.3071673213600223,-2.7646813070356555,0.37795790035938076,4.013299529482144
0.014058618719771694,0.012968450107627974,0.004884626357435817,-0.006678517223921557,0.3085421172598854,-2.759431872900853,0.4205115023770389,4.007975401230514
0.014049267985755067,0.012981226957362214,0.00490560009079295,-0.006663061746291367,0.307880741074555,-2.7621164927317285,0.39924045703376265,4.010690239809932
0.014037136720399681,0.01302174988115973,0.00494019106785945,-0.0066002559566824435,0.30224563195687004,-2.7548685183374144,0.34666598343940813,3.988859699026411
0.014027579586090511,0.013034096647005541,0.0049608780720745505,-0.006585295288992192,0.3016560714629865,-2.7572697148774687,0.32581001429877837,3.9915270961798694
0.014034469218103163,0.013049167210925831,0.004953035600139338,-0.006553604289999924,0.2978839960717918,-2.744651224482326,0.31672276376911895,3.9643923967261485
0.014026144693811984,0.013062267135444117,0.004971453011333101,-0.006536316783081953,0.2969346778714526,-2.7454251465702786,0.2963927739805658,3.963929772070482
0.014017322594891956,0.013075688827736865,0.004990708283654967,-0.006518683719061283,0.2959970522806769,-2.7462756902117405,0.2753387204974322,3.9636902903570994
0.014007917749293324,0.01308911472830294,0.005010864239052055,-0.006501310245136493,0.2951383440315947,-2.7474082077783,0.2537812391919175,3.9641318858153163
0.014111952875104158,0.012919013972837677,0.004772437704887473,-0.006722867548868289,0.30747137531721397,-2.732187501875776,0.5156314951689972,3.9658008712104693
0.01410312470826268,0.012932036956537801,0.004792938156444098,-0.006707324605498826,0.30673944727003555,-2.7351336365948007,0.4947888844043127,3.9684487474619794
0.0140940528436287,0.012945099139823418,0.004813766662678112,-0.006691765864295208,0.3060397594825858,-2.7380991821775367,0.4737044250176555,3.971239119334266
0.01412087058212972,0.012906150888244192,0.00475173479848844,-0.006737913627616048,0.3081456503552927,-2.728923043744276,0.5363575206350221,3.9626123373048876
0.014130195263096121,0.012893514863737965,0.004730315179579901,-0.006752077106521359,0.30865949726493924,-2.7250317969001503,0.5571163931428176,3.958272616938396
0.014139485892429277,0.012880695101789975,0.004708779508217722,-0.006766436684446114,0.309204279022391,-2.7210589481034444,0.5780066704696053,3.9539339491394965
0.014128007638066256,0.012920967261660213,0.004745290555942801,-0.006706270256833465,0.30436477504091836,-2.717180815670597,0.5258115502487217,3.9365721029123333
0.01428720343140273,0.012655671682236969,0.004341326717336545,-0.007008504668754987,0.31898355725125344,-2.6375419088680516,0.9289130592257903,3.868412325241963
0.014295702982075977,0.012642205035481463,0.004319015422292477,-0.007021917615676811,0.319480444447968,-2.6312510461784075,0.9493135683444357,3.8617965095655706
0.014253578698192035,0.012709697581889765,0.004429072722346442,-0.006952636730571163,0.31674925220558076,-2.6605220749057206,0.8468173031550448,3.8917362711288317
0.014262097292417545,0.012696211562522102,0.004407111698526541,-0.006966690830997053,0.31731947496071794,-2.654934226004251,0.8674412632989338,3.886038073876165
0.014270500952445433,0.012682669384626368,0.004385208747825757,-0.006980796864002469,0.3178761141243051,-2.649287369826262,0.8880294328761021,3.8803541086686724
0.014278822350278386,0.01266913051708786,0.004363342183580852,-0.006994825695445988,0.3184652986500611,-2.6435411220488843,0.9085244535648506,3.874584293428029
0.014236249346578524,0.012736206485231862,0.004472926490888446,-0.006925124836022507,0.3157241032876677,-2.671540951814373,0.805808889283336,3.903310228908495
0.014244948312585923,0.01272300879109914,0.004451021439347633,-0.006938830139002217,0.3162459760539144,-2.666075776607108,0.8262886233388015,3.8975349237513135
0.014210008787950368,0.01277526763853704,0.004538030571463673,-0.006884119655030148,0.31420773599820134,-2.6871452283709374,0.7446094226960341,3.9199323838939812
0.014218658320611319,0.012762319673295677,0.004516626146231784,-0.006897910747747836,0.31473542479020833,-2.682193054437622,0.764915364496221,3.9147374975584186
0.014227477196713334,0.012749341018327275,0.0044948249959100945,-0.0069114416743004435,0.31523635285496643,-2.6769150121313423,0.78530928094204,3.909037021064743
0.014217702336566357,0.012789728542945966,0.004532390102560795,-0.006852458935603528,0.3104051507801953,-2.6761138892866003,0.7329900958649328,3.894628509784052
0.01421027308114557,0.012803319119678159,0.0045517620746329465,-0.006836320342755958,0.3095190642236422,-2.67946350758339,0.7128846533093222,3.896785146914396
0.01420231730155399,0.012817321612061805,0.004572104876045482,-0.006819833665969091,0.30864632483057036,-2.6830123513680775,0.6919825830681519,3.8993003722924517
0.014193663660373475,0.012831245784642868,0.004593469691333853,-0.0068039664694219916,0.30789875741778183,-2.6870437314203137,0.6706999003634877,3.9028591091489084
0.014164679720193573,0.012869704719900342,0.004660561460082675,-0.006763749118125676,0.3066263414632251,-2.7017983464932622,0.6082383994873785,3.9201537836131135
0.014173961309478473,0.012857433911696234,0.004639183950351389,-0.006776709005234861,0.3070361971681938,-2.6972295833572524,0.6282576962261675,3.9147938701689085
0.014184300456391782,0.012845010960293897,0.004615850908700173,-0.006788844922689681,0.30725584566819947,-2.691581192135733,0.6490940488801381,3.9075338823183574
0.014156463877969963,0.012882941179028377,0.004680435778886781,-0.006748067263722871,0.30584286914621556,-2.7049116652696448,0.5879007881772585,3.9225970921829085
0.014391412973796182,0.01245001158135764,0.00403124724872337,-0.007225632513554779,0.330241709945526,-2.548537277917044,1.225284350165088,3.7912942838227255
0.014383660696502399,0.012463899658934456,0.004054049528373128,-0.007212793971387494,0.3296435836592529,-2.556462462684289,1.2053207384906415,3.799411349458048
0.014359836332522856,0.012504866525729052,0.004122302059500419,-0.007175068606407945,0.32848904236372817,-2.5798326926946333,1.1456237683567476,3.823878686911057
0.014367704717498304,0.012491283469202136,0.004099806874330634,-0.007187773635811402,0.3287755728712218,-2.5722901522141153,1.1654734450800268,3.816048175238322
0.014375709435968933,0.012477667180935265,0.0040769850805572995,-0.007200214757996918,0.32913043792161584,-2.564430795792281,1.1853530374389598,3.8077493924151864
0.014304196923181014,0.012628512410056553,0.004296478652825297,-0.007035547339581017,0.3199554177013586,-2.6248177171384643,0.9699245408981348,3.8551055242874184
0.014312399615224701,0.012614591161948076,0.004274172817313113,-0.007049697415270441,0.3205398598830227,-2.618523182518578,0.9906145963670491,3.8488678173711066
0.014320387232175826,0.012600764093081342,0.004252174418249886,-0.007063762912321054,0.321147740710452,-2.61224963785272,1.0110474180952809,3.842733078976949
0.01432864905180579,0.012587261196514625,0.004229844640669938,-0.007076848898049471,0.32161315464434853,-2.6054868173133148,1.0311616716680525,3.8356483927608482
0.01433712694876072,0.01257379611807679,0.004207100571081701,-0.007089479661599142,0.3220021373362076,-2.5983300205887545,1.0512578789355027,3.827908390025389
0.014345480753506862,0.01256017347187917,0.004184363913597458,-0.007102337769283407,0.3224144763897683,-2.5911370288126463,1.0714201433479855,3.8202658893693235
0.01435353931921201,0.012546414106816908,0.004161917849691795,-0.0071155798042113515,0.32288752214515853,-2.584076436933365,1.0915618360982966,3.813028779761481
0.014361243080223985,0.012532592146411175,0.0041399006289344785,-0.00712915937362952,0.3234319877848073,-2.577204337019315,1.11158276429018,3.8062688463549974
0.014368705912621696,0.01251885876098848,0.004118231650887829,-0.007142714790431096,0.3240071989968669,-2.5703996044319797,1.1313529273553025,3.799690062568079
0.014408527671943722,0.01245008569055805,0.004004465300253053,-0.007205437536984438,0.32599866487321244,-2.5312608565152512,1.230267132757768,3.7587132226654236
0.014415749504011274,0.012435992102333164,0.003982347349170378,-0.007218902230321016,0.32655698977264086,-2.523674611954391,1.2500332158651066,3.7514192931824852
0.014422986146787583,0.012422053561813895,0.0039602282517336,-0.007231953514695216,0.32707711361380243,-2.515905205152223,1.269557041063685,3.743802606810776
0.014430486552575334,0.012408250524024245,0.003937715653352074,-0.007244323883894591,0.3274865557549678,-2.5077016819962386,1.288918895834654,3.735399913169203
0.014438039037771735,0.012394402426537466,0.00391500048316459,-0.00725654281147891,0.3278666177456409,-2.499277880986057,1.3082738186149794,3.7266989633933956
0.01444540968263192,0.0123805201856901,0.0038924514687412176,-0.0072688758764081806,0.32828158738978114,-2.490873384499309,1.3275478105955678,3.7181410188733923
0.014452924074887644,0.012366804252655739,0.0038697349702802703,-0.007280619547004696,0.3286278056019661,-2.482168418588953,1.346572469060517,3.709024728411024
0.014460763489785596,0.012353032586475042,0.0038464008866920456,-0.007291885527269536,0.32886253869317,-2.4729631140296244,1.365652144071113,3.6990912345604667
0.014468411153551922,0.012338825518464512,0.00382291429945256,-0.007303883023558563,0.329178461315817,-2.4637521434862566,1.3851479302290437,3.6894694803788837
0.014475540778235827,0.012324422042230943,0.003799954255707039,-0.007316658537980604,0.32962813240498695,-2.4548839466500163,1.4047089819365726,3.680688260772648
0.0144825245974121,0.012310251181962944,0.0037773185344416355,-0.007329106527625505,0.33007492849930165,-2.4460230569262182,1.4238818847542174,3.6718868722701252
0.014489808253363287,0.0122963453549208,0.0037543772371932582,-0.007340617840264568,0.33038869728641534,-2.4367233505676116,1.4426934569024568,3.6622059285838007
0.014556596496796352,0.012126641163751235,0.00349962436120185,-0.0074983979972080865,0.3381530172885378,-2.333212507935126,1.6647830475985248,3.570170472143395
0.014497331055239098,0.012282464801349889,0.003731024918140696,-0.007351623273253341,0.33061894844004197,-2.427022386698568,1.4614190025342422,3.6518454466306243
0.014529311817777954,0.012183670694340606,0.003593773414720124,-0.007454127987653404,0.33704817702367484,-2.375483855693546,1.5908465295004113,3.6137987929443853
0.014536156016240608,0.012169556055683576,0.0035704553275931576,-0.007465208415800236,0.33719787693049175,-2.365157668944869,1.6092998285051952,3.6031311380551805
0.014549932926639413,0.012141059548044378,0.0035232102257910327,-0.007487135227795064,0.33778241867437725,-2.343882427023877,1.646255884865832,3.581051310284502
0.014543089013715711,0.012155381736932584,0.003546878550015431,-0.007476089236580659,0.3374324045097881,-2.354566034486352,1.6277392357904505,3.5920927732733006
0.014504825759714937,0.012268456619706339,0.0037075283739256963,-0.007362687883145722,0.330847392727951,-2.417172230884653,1.4802020728757797,3.641363607429105
0.014512177400309719,0.012254319365612219,0.0036840526026654355,-0.007373960748776407,0.33109954451248297,-2.4072874099681383,1.4990336396542252,3.6309790831503945
0.014519324530207415,0.012240059983987838,0.003660687469581273,-0.007385513131120292,0.33139509552169666,-2.3974306686390503,1.5179048889486308,3.620807805202453
0.014526204114738915,0.012225697389161272,0.003637534855800664,-0.007397403000979331,0.3317475131519963,-2.387667886464866,1.5367936926598447,3.6109645640136994
0.014532778340910326,0.012211306428557613,0.003614711343842237,-0.007409576081062938,0.33215992093529284,-2.3780502802133294,1.5556112978962189,3.6015023634228442
0.014539170700588846,0.012197046337467293,0.0035921827757431804,-0.007421643727475531,0.3325866411440521,-2.3684839147224537,1.5741732741257577,3.59214788541852
0.014557017220692067,0.012057569938134772,0.0034292589817717044,-0.0075948822342392745,0.3472534706104628,-2.3114670459544517,1.7556393009936142,3.5753025598825965
0.014566431060664025,0.012070529509596714,0.0034293204830737225,-0.007563108184227229,0.341130090453686,-2.3080447469273238,1.735281716314608,3.5583323910631
0.014563458889128956,0.012043243247200375,0.003405381887765757,-0.00760561803466156,0.3473863884196864,-2.3001665695140696,1.773854604418923,3.563540388401955
0.014572937965734828,0.01205622456460352,0.0034055651738459903,-0.007573750890936371,0.341479680133943,-2.2967723681746013,1.7534015556355291,3.546727925623792
0.014569552082538484,0.012097884182787906,0.003452809636001229,-0.007520830345162905,0.33864401355345913,-2.3118070622278855,1.7014434548987951,3.5484815985510436
0.014576054241666131,0.012083629638332248,0.0034293748298608816,-0.007531594224986831,0.33875674532954475,-2.300869204148949,1.7194830780656922,3.5372535932734372
0.01457337931130754,0.012125508107674926,0.0034748872148735407,-0.007476864587478879,0.3338389995442715,-2.315910355920441,1.6660203740348647,3.5379094093853793
0.01457955571115125,0.012111015788486503,0.0034519448768897203,-0.007488591594947905,0.3342177249957601,-2.305559090891744,1.684339666945849,3.527752269552582
0.014569855515627577,0.012028896391215732,0.0033814596710712783,-0.00761628399182411,0.34808754693453875,-2.28867785971,1.7920330032975507,3.551651799335175
0.014579404637252448,0.012041883023565661,0.0033817553615580437,-0.007584332899374183,0.34159134243805006,-2.285397813205839,1.7714512979341237,3.5350068682444076
0.014576207035553427,0.012014529515234589,0.0033575071360703278,-0.007626873427314645,0.3486341849751506,-2.2770252499037866,1.8101510340698368,3.539645278630877
0.014585815689158262,0.01202750023509,0.003357905250667721,-0.007594882130114216,0.3416370008688689,-2.273923683883907,1.7894534115876326,3.5231935988285934
0.014582513384860307,0.012000142764298621,0.0033335293249854895,-0.007637384050505892,0.3486662918832943,-2.2652253783647742,1.8281960251357081,3.5275064147444497
0.014592174451080006,0.012013084893760607,0.0033340182431888595,-0.007605382877188898,0.3417731020683829,-2.2623500432228485,1.8073967285746926,3.511284405551983
0.014588774500088612,0.011985736283431542,0.0033095127996153064,-0.007647821705027112,0.34888239723278874,-2.253258558724108,1.8461862099729685,3.5152376272258254
0.014598495073217437,0.011998642276241554,0.0033100814629836105,-0.007615807570618264,0.34194987672094923,-2.2506737216607386,1.825262165172653,3.499252853615802
0.014594990318363584,0.011971310217633164,0.0032854439139040088,-0.007658192295241052,0.3502920718893134,-2.241105186030403,1.86414248256793,3.502887246601695
0.014604773675128031,0.011984163874468186,0.0032860920293366724,-0.007626171468567555,0.341919043201705,-2.2388884917046528,1.8430586408876597,3.4870907141225627
0.014601160777393504,0.011956864711873454,0.0032613395181432213,-0.007668488569018636,0.35215066927356503,-2.228815369569514,1.8820358017928671,3.490501255744016
0.014610977560245203,0.011969642420779731,0.0032620836188332193,-0.007636530567477704,0.3416513691357785,-2.226990750643401,1.8608231101499495,3.4748413542700507
0.014607285815467805,0.011942399911086577,0.0032372300933212386,-0.007678697563142714,0.3525773552182101,-2.2164905640688923,1.8998050911970923,3.47805960334242
0.014617092265915252,0.01195509265641445,0.0032380871446523155,-0.007646888748953323,0.34155462183733626,-2.2149747584085535,1.8785623994324225,3.4625362784661973
0.014613365371455135,0.011927915960164924,0.0032131117181839522,-0.007688821048407357,0.35176449126688986,-2.204175786451135,1.917435975411949,3.465511789439839
0.01462315409354177,0.011940539605062682,0.0032140814269064903,-0.0076571634824812345,0.34186382022025574,-2.2028281714716886,1.8962257868889514,3.450127231324893
0.014619399384801347,0.011913413003953132,0.0031889601836888014,-0.007698869305168461,0.3512305298793332,-2.1918354935715376,1.9349595529216057,3.452837681380385
0.014629195931793086,0.011925991230865468,0.0031900358277589668,-0.007667296620514891,0.3422762534183184,-2.190547814495648,1.9137670750652995,3.4375637478150938
0.014625387795527458,0.011898891187242081,0.0031647743117865583,-0.0077088428896447654,0.35081623497294334,-2.1794347223042903,1.9523857386654242,3.4400287473773887
0.014635212397518353,0.011911437852129622,0.0031659486901193614,-0.007677307372123608,0.34258711369141176,-2.1781429162362245,1.931194195324531,3.424860690236797
0.014631330544227503,0.011884350654762893,0.0031405596994593123,-0.007718739485329706,0.3499817661671118,-2.1669521739569286,1.9697102446251666,3.427065579215441
0.014641200117911028,0.011896873073518567,0.003141816960140414,-0.007687208836362993,0.3429251160678062,-2.1656234496961937,1.9485202236429047,3.412032118804676
0.014637227572066366,0.011869791551180904,0.0031163052834848252,-0.007728563540206551,0.34943743611220396,-2.154337968157505,1.9869546237587892,3.4139442220866605
0.014647167002097004,0.011882297843195536,0.0031176327782984656,-0.007696987629380358,0.34325292168462024,-2.153000351892148,1.965733127028359,3.3990660724065562
0.014643078820777493,0.011855214021089619,0.0030920017064451784,-0.007738318735090036,0.34975234814334105,-2.141538503916195,2.0041465961538916,3.400690232708273
0.014653103264356634,0.011867706949624976,0.003093404175458432,-0.007706662971270351,0.3433803348757944,-2.140285817824086,1.9828369154523264,3.385972653660712
0.014648884232660605,0.011840618209004684,0.0030676536039061643,-0.007748003107796975,0.3507133669274541,-2.1285450997010864,2.0212907276520555,3.387342893402648
0.014658985383889551,0.011853088816083138,0.0030691470107626537,-0.0077162831175548304,0.3432888039861776,-2.1274832961695638,1.999862876447868,3.372780784158078
0.014654643750579328,0.011826004259357795,0.003043272905999862,-0.007757611871225302,0.3519380705056446,-2.1153987949374957,2.038369891723766,3.373936235883642
0.01466479502843699,0.01183843792676756,0.003044875965098666,-0.007725882575615528,0.3430812288434116,-2.114585543459792,2.016838540112042,3.359510855421489
0.014660357317958707,0.01181137231649065,0.003018877555991223,-0.007767137996800785,0.3526499630686068,-2.1021702497798826,2.055349349612508,3.3604705314314387
0.014670524896353428,0.011823760332950269,0.0030206049244797645,-0.00773546640502079,0.34291176358844205,-2.1015837195540477,2.0337701616802737,3.3461756245028282
0.005000616775457591,0.010078532631204678,1.3094404430919707E-4,0.008332161283690916,0.1744010888828733,0.0847566610578279,2.612398999681425,0.6857125798347882
0.0049864772094929495,0.010070889012473728,1.1754456903468906E-4,0.008315444264113512,0.16673231812355063,0.06936744367519093,2.600771244155457,0.6947941346493044
0.005000394746384635,0.01006282760556967,1.0476243963063089E-4,0.008332531432848645,0.1792572723125312,0.06822265802544572,2.611714143214237,0.7030907987733398
0.005010874290742818,0.010329582549946167,5.493339674612542E-4,0.008315064182141323,0.08758967059269168,0.3466671645088351,2.615813411634247,0.4104984549875927
0.0049964027941571554,0.010322717969078245,5.352156591520162E-4,0.008298918568805531,0.08136294125637271,0.33184241155575295,2.6053082665720626,0.41915838457348364
0.005009863688092558,0.01031391016005026,5.232163585672871E-4,0.008316748279323858,0.09277745725687274,0.330276948859131,2.6159351946561933,0.42738906921290815
0.004995359865686186,0.010307007613499224,5.091503899123745E-4,0.00830051484297537,0.08682568387212043,0.31535969219477655,2.6054022361915368,0.43621749862700626
0.0050089023178828546,0.01029823468538191,4.970722294160282E-4,0.008318351689003056,0.09726440717661476,0.3137859638406921,2.616044794662509,0.44436186608098366
0.013264174551749186,0.013886873413954814,0.006261378541674585,-0.005258220932586933,0.24417312803510802,-2.533665068531125,-1.1517942889700363,3.7266078869379022
0.013215232560167225,0.013924092528366417,0.006328743683374288,-0.0051854427389793805,0.24232332392074588,-2.5061616892376484,-1.2283202926473982,3.700599194879836
0.01320165699332277,0.01393238720332949,0.00634826819657274,-0.0051685596429133,0.24223126369359482,-2.499838821611946,-1.2489906567574247,3.69606420852445
0.013257267032059903,0.013906687509664417,0.006263146375956946,-0.005221935055156396,0.2414141417906712,-2.5175457256508538,-1.165776176203212,3.700056924389436
0.013245311554705793,0.013920338648934407,0.006277038703051788,-0.005196143257462544,0.2401165902748648,-2.5070615579452205,-1.185248587389071,3.686599297233762
0.013232562694378986,0.013933290791077399,0.00629252044405093,-0.005171408614843209,0.23909413928952386,-2.4970750904076553,-1.2055487672574996,3.674559139696948
0.013161632643651838,0.013948041593549612,0.006410660686688959,-0.005133687226580146,0.2432114672746631,-2.4877853951070397,-1.3086820095874054,3.6957413206822274
0.013148957448942782,0.013957145100972755,0.0064277377335976325,-0.0051149325820254825,0.24278779006559362,-2.4800545461605705,-1.3281014242734352,3.68850416122381
0.013150018554418896,0.013972053913658,0.006416452530192067,-0.005088484125124347,0.24004682543727177,-2.4670992887974004,-1.3283067859897086,3.6635923951929925
0.013141152185180333,0.013982758739180298,0.006425438875770039,-0.005067601823484361,0.23895102677758054,-2.457847458853728,-1.3421543639448545,3.651352836158082
0.013130400856799139,0.013994552236718964,0.006436927085090144,-0.005044341145259088,0.23786051064669622,-2.447549169411492,-1.3586787490639252,3.638292144959369
0.013105803423843673,0.014016001516473206,0.006466286104332231,-0.005000672455441822,0.2363310280142277,-2.4283398302082655,-1.3955863989692945,3.6167941947878366
0.013118383999006401,0.014005611267590132,0.006450967873844845,-0.005022029679274106,0.23701360968754148,-2.4377359162851557,-1.376815114278733,3.626946376359235
0.013175906042778712,0.013953790627719048,0.006381567473246143,-0.005125981206817869,0.2408679334199375,-2.4824461679123453,-1.288954683592183,3.677683829988382
0.013192257666905745,0.013947726433529909,0.006356014343085801,-0.005139615518112847,0.24031999210117733,-2.4870980141418717,-1.2647801779715486,3.6773467448966843
0.013092889092972083,0.014025957159109398,0.00648233200289191,-0.004979890379241871,0.23575301961918407,-2.419151529493273,-1.4146992097752908,3.6073170558987573
0.013079675679226252,0.014035570075410791,0.006498991398981927,-0.004959516658825749,0.23525498888551946,-2.4100833227063316,-1.4341222902232553,3.598336770325055
0.012988267207358191,0.014099572994855198,0.006612085838844523,-0.0048196143649648525,0.23211711986597153,-2.345097008751972,-1.5657349075539762,3.5344505189711612
0.01299915949508978,0.014087220036798864,0.006602566806022987,-0.004844827066845176,0.23341725030063537,-2.357298266443725,-1.550484827508521,3.550299805087561
0.013014110039695626,0.014080420665848307,0.006581600906870756,-0.004861593561746675,0.23319354417189173,-2.3651519889900374,-1.5290364330142345,3.555262326158037
0.013028007658285285,0.01407046171439956,0.006564707516359558,-0.004883396356008266,0.23374011341102394,-2.3753965475754852,-1.5091282002489264,3.5655633291598687
0.013037678243351197,0.014058615862214872,0.00655643515580818,-0.004907112949411262,0.23501875853828916,-2.3866602272765185,-1.495191068708938,3.580609497870424
0.013066062439466895,0.01404455085739966,0.006516653211002179,-0.004940020356359903,0.23492614963323624,-2.401367853249331,-1.45400682815786,3.5903621012913196
0.013052275303635025,0.014051998525907734,0.006535584043749885,-0.0049230287913109815,0.23478583043612544,-2.393788040839159,-1.4740333526305907,3.5847425358596894
0.012920748182794541,0.014129540578668045,0.006705403602695045,-0.004742556102916136,0.23272122454356678,-2.3071413595455876,-1.6616184784623662,3.509341745890189
0.012933959668270385,0.01411999376387977,0.006690299133317185,-0.004764292681901702,0.23328049272287008,-2.318044968167009,-1.6432957004054025,3.5206968921850375
0.012976232023269472,0.014109310246884681,0.006625436717489078,-0.004798496716558843,0.23153128135827042,-2.334856188746166,-1.582605595033735,3.5231608965508676
0.012962299980172714,0.01411820694231361,0.006642588635317337,-0.004778052206935143,0.23112764971173708,-2.324885072680854,-1.6021518301020314,3.513759305137302
0.012947997470635781,0.014125371625591094,0.006661624266499547,-0.004760335390230637,0.23118609990477673,-2.3161543954715462,-1.6222800049774846,3.5070822970139317
0.012694943768217061,0.014262715547600148,0.006968203353820095,-0.004405354047098981,0.22840251564385164,-2.1239684966403884,-1.9634794644351479,3.335150052887453
0.012668162522299894,0.014278949748614036,0.006996317305168544,-0.004362556874975636,0.22776655251522068,-2.0992524587434285,-1.9970281806906287,3.310251005179571
0.012681494337588481,0.014270802870674068,0.006982462307491208,-0.004384020303280279,0.22808890896353853,-2.111677128490666,-1.9804101675921812,3.322845062428572
0.01270936730945655,0.014271623278324867,0.0069353711419428005,-0.004398844107570957,0.22565904763315667,-2.1225971781478066,-1.9396817972005718,3.3193281786443585
0.012722930418673407,0.014263300192192694,0.006921028607445082,-0.0044203350571539865,0.2260180294572589,-2.1347842904764485,-1.9226194413483633,3.3315900509616436
0.012894066061395537,0.014146680722931786,0.006737231757820529,-0.00470202069359513,0.2320204212071876,-2.286488410116897,-1.6985563086356683,3.4893216608300404
0.01290733789232588,0.014138649572940488,0.006721058443736746,-0.004721387876998973,0.23228847039256525,-2.2964059426604853,-1.6801903649804057,3.4985576913779783
0.012884491989610931,0.014172411826373695,0.006731800198534519,-0.004653775360189071,0.22836815183006776,-2.2622658403844724,-1.7087957855783367,3.4498120653358337
0.012894183640083011,0.014162042387221702,0.006724037123836768,-0.004675657189189262,0.22937046419456325,-2.273401735075012,-1.6962592098713682,3.4640414582189853
0.012872072512681817,0.01418394149639606,0.006743061298223087,-0.00462869317691337,0.22744560472306644,-2.249387187041178,-1.724952054645074,3.4343080161805744
0.012762979627449668,0.014237690684844947,0.006878778138031509,-0.004484908714478209,0.22716092883229752,-2.1708758912042687,-1.8717202585982562,3.3684561980110117
0.012776889186302529,0.014229124723175238,0.0068634791952556845,-0.004506570485043855,0.22749585210788034,-2.182853390118504,-1.8537139410227417,3.380344013769001
0.0127363100662213,0.014254662888072327,0.006907144898542044,-0.004442143529864772,0.22639305640949178,-2.147044346379857,-1.9057609847151298,3.344222909906786
0.012749610130558206,0.014246081499483866,0.006893186920288488,-0.004463717958731749,0.226810947874263,-2.15908224443223,-1.8888937169959308,3.3565796919911635
0.012736331561705696,0.014270343136130795,0.006891911538054586,-0.004416078955410883,0.22375090074920304,-2.134168056197143,-1.9012450268060241,3.318739847734247
0.01281517745493399,0.01421604303166453,0.006811024843576233,-0.004547842582366609,0.22662617801222212,-2.206251158041788,-1.8012249704182548,3.3948764360430266
0.012805371467787614,0.014226375211719955,0.00681811248240263,-0.004525615581153472,0.22563761605878765,-2.1945600659396054,-1.8131180785062135,3.37994041618494
0.012792833670701045,0.014237533038338612,0.006828867631069852,-0.004500608372131259,0.22478083372290505,-2.1812332038919546,-1.8286057584378714,3.3640505670183174
0.012841965332106997,0.01419998159127615,0.006780144396483086,-0.00458777857767494,0.22717537772069812,-2.227681738239862,-1.7656892526622934,3.415402352202455
0.012857772653029719,0.014196524225509823,0.0067563949023091,-0.004600909387784379,0.22640997998953177,-2.235000144418642,-1.743470954435114,3.417381602777428
0.01283069539943909,0.014212904726895719,0.006787668974392217,-0.004560611193906271,0.2258373804981733,-2.213569538593148,-1.7794449957014182,3.396818751317728
0.012669047400179064,0.014295472106444801,0.006978023380893625,-0.00433582396130948,0.224838400181969,-2.0862679161582416,-1.98999786561551,3.283222323200228
0.012656350363933115,0.01430463429801689,0.006989485656795178,-0.004313081682279146,0.22427880167985334,-2.0732629183672526,-2.0050180892954863,3.2688503700083937
0.012643057041573286,0.014313900626179476,0.0070016500529634365,-0.004289729866640738,0.2237580745398929,-2.059804604013525,-2.0206999127978063,3.254179932997399
0.012614650147702841,0.014329780747311432,0.0070312195579676695,-0.004245920010693359,0.22329181163483194,-2.0337816170111576,-2.0552103539383997,3.2286154014621076
0.012629121924598691,0.01432274330913493,0.00701513037600924,-0.0042665816226040085,0.22333603786109646,-2.046272594153214,-2.0372970767467162,3.2400381057490217
0.012613371181957215,0.014344683640697459,0.007017503108562273,-0.004221007653277433,0.22087228318750451,-2.0213985825084277,-2.0511874033572144,3.204697553549425
0.012602775061447302,0.014353693886169278,0.007024962719720268,-0.004199644060939673,0.22016273628683178,-2.0091746136937627,-2.0625351332448703,3.1900742459491354
0.012590347298756072,0.014363641716866155,0.007034206438937009,-0.00417554258756537,0.21945859481635874,-1.9952494497534283,-2.075935278671436,3.1738016486387086
0.012576947984085611,0.014372875006364763,0.007045597311253401,-0.004151880672623405,0.21894509441621987,-1.9812978205327065,-2.0908330576088576,3.1584802810232944
0.012563028868284865,0.014381844717463552,0.0070579263876719145,-0.004128211348328092,0.21852537912181694,-1.9671739450083006,-2.1064128428969373,3.143389284900642
0.012494114923253185,0.014421235975965703,0.007122093095949065,-0.004017611819674155,0.21724207700881945,-1.8993632652920667,-2.183584792483911,3.0741689761544424
0.012508085338768843,0.014411603291585319,0.0071112672412501216,-0.0040427864050470155,0.21777857854523752,-1.9145692326308221,-2.1690206518428035,3.0910925327616816
0.012520722020919924,0.014401821491359355,0.007102509344143737,-0.0040671776860881715,0.21843942540952713,-1.9290432545414193,-2.156198210466225,3.1079495369292065
0.012531332694286445,0.0143928650148543,0.007095848480326244,-0.004088797153524848,0.2191462690265152,-1.941703955980606,-2.1456478686593057,3.123190040595441
0.01254743597384999,0.014391278287197804,0.007072208551565645,-0.004102564045221447,0.21812769630039214,-1.9516923823381445,-2.1239480823374897,3.127265335443824
0.012461872127988723,0.01443391412919009,0.007157459705621141,-0.003973984905926478,0.21759138477962298,-1.8708666220448769,-2.221470446524769,3.0493280254444155
0.012478320754431758,0.014432011832723564,0.007134231140547828,-0.0039892453497166755,0.21660492562175365,-1.8821399766825095,-2.199891456547092,3.055039673875416
0.012352175208673566,0.014461137378809436,0.007292743958281406,-0.0038451267156872503,0.22143640456377797,-1.7797624676490391,-2.3560727719479826,2.9826057013498732
0.01236624741986049,0.014453901377242395,0.007280286042291109,-0.0038677956088785906,0.22158737510189655,-1.7945890572004017,-2.341262884569232,2.9975699767916137
0.012379963162618685,0.014464290590998194,0.007246706266201829,-0.0038632280963704926,0.2187609832449586,-1.7966267840395596,-2.3163795101638587,2.9849956866752567
0.012394553747949323,0.01445691975591778,0.0072334715275025425,-0.0038862280641839574,0.21888430186312816,-1.8115683524865445,-2.300854002808942,2.999898716341015
0.012409591524704692,0.014466667076509883,0.007198858645699091,-0.0038833885682743115,0.2161115773065719,-1.8144872525627138,-2.2749301446109733,2.988398314031707
0.012449372529553256,0.014445391056773782,0.007163311934007968,-0.003946811330632057,0.21657555068074336,-1.8548607442765426,-2.2325412241490095,3.0292999420843505
0.012425221593552676,0.014475921448997309,0.0071641368769945315,-0.0038816336889568146,0.2133353187101034,-1.817879101762635,-2.248816557675859,2.977742314454733
0.012438969275437252,0.014463096745405586,0.007158425148291529,-0.003911751375096359,0.21449584851326978,-1.8356380918272104,-2.237259782614618,3.0001141951692296
0.01231020680212552,0.014482101886124478,0.007329729348018131,-0.0037779202645568783,0.22114617818873458,-1.7353247069288213,-2.3997384025284068,2.938014658120672
0.012324112775055102,0.014475166810541193,0.007317614677104403,-0.003800259620614596,0.22123922798878912,-1.7501497920349174,-2.3854075614335213,2.9529258232997715
0.01233811913401415,0.014468265887621914,0.007305152373155779,-0.0038225456409328212,0.22133363655485486,-1.7649129483047739,-2.3707785035435847,2.9676584988373063
0.012309900858633096,0.01449860484351134,0.007309303664847716,-0.003753045409102329,0.21836374976137643,-1.7239342181160213,-2.3895356212005123,2.9127506919448436
0.012296769295692483,0.014506730154019258,0.007318457248499526,-0.0037296409627727346,0.21799651586102584,-1.7088818033667066,-2.4017448181322325,2.8962322436945542
0.012183629371239096,0.014529229414761044,0.007454318259679646,-0.0035938473982112767,0.22340506388500245,-1.6060909730752664,-2.5347356084161086,2.819943654545121
0.012197830751900332,0.014522429886461241,0.007442889162100483,-0.0036171058658621383,0.22333500313586943,-1.6220449743306877,-2.5211355652475382,2.8361333096335177
0.012212118262365457,0.014515754382738284,0.007431008970612205,-0.0036401809671845055,0.2233432872598331,-1.6378976879936562,-2.5071650199981543,2.8520404626563334
0.012226407330435694,0.01450894991883108,0.007419135876720946,-0.0036633586789364104,0.22350060547062225,-1.653726274624116,-2.493135197364612,2.867992663411668
0.012024206969438412,0.014618942306755207,0.007552049765769002,-0.0033095758536999683,0.21982050724555705,-1.4137607509625012,-2.6650027412390593,2.6100862865099175
0.012182862387371833,0.014545846024541677,0.0074330871510947675,-0.0035692426227412464,0.22009273229253493,-1.5949252439221298,-2.5237882104335974,2.7945674408472443
0.012038902333571572,0.014613022560397789,0.007540668858733915,-0.003332847621850592,0.2196833905610108,-1.4305013787530603,-2.652063546333142,2.626613694028144
0.012168866153117705,0.014553080603095276,0.00744332451945516,-0.0035455962232967234,0.21991994000005674,-1.5788969309796033,-2.5364556336120416,2.7777822339599854
0.012154677509951016,0.014560160784930429,0.007453876624268362,-0.00352191712988652,0.2198010978752584,-1.5627260211007068,-2.5493189228767466,2.7610191942014315
0.012053736590521896,0.014606682166978475,0.007529534380151204,-0.0033567506766431798,0.21961537436325287,-1.4475030216757874,-2.6391400862223127,2.643675037207185
0.012068336119429368,0.0145998386764079,0.007519261752740615,-0.0033810230752913816,0.21965768678870215,-1.4644860709960617,-2.6267455529634733,2.6612004073420246
0.012082604104066084,0.014592784761034719,0.007509566641803565,-0.0034051800872634476,0.21977921246822496,-1.4812175748229353,-2.6147575533549166,2.678738002086268
0.012096853287358348,0.014585968521990946,0.007499392625956488,-0.003428924301066658,0.2198641200177879,-1.4977284279698615,-2.6024314625800176,2.6958107756838903
0.01211130338813675,0.014579626428363376,0.007488113078399865,-0.003452136521809418,0.21983924319796477,-1.514055228156865,-2.589314388498641,2.7121636306923023
0.01212582627883619,0.01457340363314504,0.007476405901790905,-0.0034751703221202845,0.21977624766931234,-1.5302749434243965,-2.5758550914361202,2.7282331514878937
0.012140307515879143,0.014566945082237534,0.007464921577754316,-0.0034984085232693993,0.21975576913334494,-1.546497222579642,-2.5624726760480248,2.744481882493418
0.012240286951236752,0.014519216457052673,0.007385346760365925,-0.0036610549442961794,0.22018172513729692,-1.6578220701559052,-2.4679754186024847,2.857456600723427
0.012283054388344422,0.014514855431816706,0.007328305164139101,-0.0037056730861493984,0.2176745461494071,-1.6933306978472296,-2.4145568991244164,2.8794107514698015
0.012254608140781604,0.014530013564072236,0.007350380867968304,-0.0036582405247345073,0.21728375708521938,-1.6619325267649347,-2.441741344494807,2.846667786784335
0.012268935135976267,0.01452261171233269,0.007339047940711844,-0.00368182701640271,0.21744324474715152,-1.6776402162787634,-2.427975953250021,2.862879560036467
0.012009804801929183,0.014624933011365469,0.007562774218857854,-0.0032864322006732026,0.2198939266447104,-1.3971611680804996,-2.677364214340923,2.593486272342974
0.011995445082095135,0.014631037509882453,0.007573117179140366,-0.0032631049033641367,0.21994879639295908,-1.3804592251031746,-2.68941591096602,2.576624820087957
0.01198103224049136,0.01463717781539396,0.007583315870754808,-0.0032396020865317634,0.22000715476903807,-1.3636086690427323,-2.7013389939247676,2.559559038034451
0.011966700732113597,0.014643567045885065,0.00759287796396541,-0.003215789175169286,0.21999924403221197,-1.3466357251405083,-2.7127835392120025,2.5420794524514716
0.011952287846724781,0.014650000748743815,0.007602313254000179,-0.0031917667389688323,0.22000035651030272,-1.329496651816239,-2.724116662425034,2.52438080606585
0.011937604324340637,0.014656134155268218,0.007612376129071458,-0.0031677758263760603,0.22008102080271216,-1.3121725686796928,-2.7358616738147425,2.506813460108718
0.011922829315869958,0.014661969330307403,0.007622832968626546,-0.003143998672584504,0.22021870411165959,-1.294820370337767,-2.747810490630499,2.4894688126214652
0.011879321423199425,0.014680164737970992,0.007651119365580841,-0.0030722679817513933,0.2203938333190719,-1.2427981821504925,-2.781068559393209,2.4363177758685555
0.011908231832559527,0.014667810970113423,0.007632885826155496,-0.003120334942537949,0.22033067014430166,-1.2775569780546379,-2.759380571047228,2.4721024101320777
0.011893820548463371,0.014673947452226046,0.007642092248629453,-0.0030964324680262663,0.22036085285865356,-1.2602694435261317,-2.7702975334204685,2.4543439969050684
0.011864562939994371,0.014686156211914827,0.007660645058050163,-0.003048034583526003,0.22050172080783662,-1.2251040236749038,-2.7921705550811002,2.4183136974790975
0.011806964270445587,0.01469233049316363,0.0077228378612439795,-0.0029739533858065656,0.2245484721354201,-1.1627219114585567,-2.850260625213697,2.3696829206054564
0.011849602205775045,0.014691866376963,0.007670681941945467,-0.0030238557134139436,0.22066988722597514,-1.207255588721521,-2.803589128438691,2.400428734072974
0.011834614368216421,0.014697373492178352,0.007680893772089878,-0.0029998250232926003,0.22087055578246892,-1.1893857132977672,-2.815056149065549,2.3826668988575914
0.011819784589047125,0.014702990913644748,0.007690571448713673,-0.00297576706890426,0.22102906161972194,-1.1715549564474046,-2.8260707818186126,2.3647506560023284
0.011747790249814594,0.014714591846348464,0.007759855342734546,-0.0028767048832199905,0.22514529516324358,-1.0901908328330376,-2.892533879941404,2.296411987336238
0.011762537904005456,0.01470918090150438,0.0077506691331830566,-0.0029008740226767605,0.22487074755177575,-1.108317594271216,-2.8821204218877825,2.314667979198182
0.011777367166677466,0.014703746795026099,0.007741252972148112,-0.00292510107001031,0.224718108024505,-1.126473699656087,-2.8714668613732983,2.332905674204478
0.01179219682489526,0.014698109098883886,0.007731984081892484,-0.0029495094343615223,0.22466825109410293,-1.144634748821302,-2.8608476678826142,2.3512815393515436
0.011671105704374301,0.014757841434574285,0.007780517858316787,-0.002732729632517649,0.22283327677685386,-0.9898196650807608,-2.9283329437299117,2.1810885139443505
0.011686081540296057,0.014752685207029825,0.00777164105494279,-0.0027570616334551715,0.2225970082658165,-1.0082756355694382,-2.9184503287227064,2.199601976038996
0.011701155529958497,0.014747600821557362,0.0077623656702757145,-0.0027813659792542164,0.22233170796283588,-1.0267496872424908,-2.9082183656662433,2.217997268004997
0.011716180830965824,0.014742271649287137,0.0077533674138676794,-0.0028058289305005098,0.22210916745360051,-1.0451868923358114,-2.8981099569718407,2.23654622603479
0.011731009850337997,0.014736670367377504,0.00774485975979046,-0.0028303116016735364,0.22195347161740983,-1.0634458918223848,-2.8883049799456484,2.255178026640987
0.011745590253274258,0.014730975051309351,0.007736623029351919,-0.002854550073938374,0.2218469413348321,-1.081416102783385,-2.8786806025864347,2.273640441899946
0.011656173058061032,0.014763333974117178,0.007788629775522071,-0.00270800743978624,0.22299064163270385,-0.9712498875113752,-2.937643183134178,2.1621045199542603
0.011610583481282211,0.014778459203055512,0.00781500352636659,-0.00263402051364443,0.22383705654212713,-0.9147456827493673,-2.9667017078073736,2.1055498689781835
0.011625740148026387,0.014773733807984938,0.007805914508609621,-0.002658342940727813,0.2234992624139263,-0.9335053243794168,-2.956897055245363,2.1240958610484877
0.01164103506774245,0.014768835581825164,0.007796781962010189,-0.002682964874407334,0.22317944229009615,-0.9524013015643501,-2.9469665945888788,2.142852263028186
0.01116719007004694,0.014861858424551648,0.008102956148727825,-0.0019452903825486949,0.2465489000336076,-0.3500251936329455,-3.239648034683565,1.5792089560913916
0.011182461035313321,0.014858166927964265,0.008096807283177639,-0.001970727083405165,0.2455523919915585,-0.37037221607234166,-3.233700679597772,1.599481377652021
0.011178079698968455,0.01487347713318334,0.00807235455807173,-0.0019513169217216639,0.23773110633473785,-0.3605366771448299,-3.2195578490836962,1.5758980183229172
0.011162770128274607,0.014877165891105944,0.008078423444399465,-0.0019259466299112232,0.23799558824707925,-0.34020383411130434,-3.2255009304045195,1.5555279639179556
0.011151907568655757,0.014865501922029584,0.008109026264276852,-0.0019198294659520168,0.24738451912744916,-0.32963645665200825,-3.2454983353613027,1.5588334349742319
0.011147440593110085,0.014880821361484421,0.008084393700175907,-0.0019005349487085422,0.23835784479834787,-0.31982010014203466,-3.23130493738137,1.5351141680329627
0.011136613692675214,0.014869097381817619,0.008115018966384356,-0.0018943385134833866,0.24767698196124974,-0.3091926146769611,-3.25125765012231,1.5383557298171129
0.011607448169724673,0.014794713529665228,0.007791847689409854,-0.002612193884386575,0.22112780890538938,-0.906556691730051,-2.9524041597953823,2.083895195883741
0.011592872090906188,0.014800715123561736,0.0077979068269896255,-0.002587278551696185,0.2211620389465563,-0.8881922899182112,-2.9599711835701226,2.064391598599316
0.01132694436320273,0.014850088090306727,0.007982554989296382,-0.0021839407780746105,0.23310962974059124,-0.5567269088403158,-3.136524126800337,1.7591075619003271
0.011463088787170866,0.01481052249135111,0.007918151587566367,-0.0024082369760317895,0.22982407383217632,-0.7322389718187806,-3.0683403069206183,1.935554499806157
0.011478154381674245,0.014806084533269093,0.00791026610502015,-0.002432856209861823,0.22944520348808425,-0.75148587220064,-3.059950304376908,1.9547603901283417
0.011493303183765444,0.014801585924681877,0.007902226780393118,-0.002457590000497518,0.22916403892483617,-0.7707944146978266,-3.051376298016493,1.9740210934912774
0.011342197586475297,0.01484590605245457,0.007975602467959045,-0.002209025910075173,0.23268088143091417,-0.5765091483507404,-3.129320545790406,1.778938118516315
0.011357460897385444,0.014841666810617342,0.007968565407357358,-0.0022341292231326418,0.23234901719737713,-0.5962687815957165,-3.1219945843417176,1.7987532573009932
0.011372658840839309,0.014837287783525652,0.007961658350550032,-0.0022592270424186284,0.23206285702993393,-0.6159188113853752,-3.114707616904814,1.8185561334545355
0.011387781718937373,0.014832831720467983,0.007954781457578884,-0.002284249437873153,0.23171612318621584,-0.6354508958930056,-3.107390247368301,1.8382854795208463
0.011402892385671423,0.01482840596599082,0.007947689691614844,-0.0023091782180082805,0.2313104563854073,-0.654935806908089,-3.099861017419501,1.8579024952152252
0.011448084186627018,0.014814998246447934,0.007925740389376249,-0.0023836047755651326,0.23023209794833474,-0.7130207881294809,-3.0764499193020316,1.9162907042505644
0.011418006305098245,0.014823993931108122,0.007940397941972557,-0.002334048100499012,0.23093387308936644,-0.6743889247530704,-3.0921285790956357,1.8774334160638209
0.011433075282718815,0.014819516042955566,0.007933091029523649,-0.002358872053964978,0.23059834815529912,-0.6937566545081318,-3.084330843488081,1.8969078685253276
0.011338562403172934,0.01486222716221699,0.007950493235608085,-0.0021887268609903335,0.22926690836443916,-0.5699124839715058,-3.113153788920321,1.758296485048268
0.011505018710051098,0.014813727845696562,0.007869584434867903,-0.0024604031031189,0.22553254153291583,-0.7820133364001719,-3.027393386566257,1.970988438816106
0.011520381834424297,0.014808844661201415,0.007861757400429147,-0.002485567350046901,0.22524485391657986,-0.8014017777585812,-3.0188402574553717,1.990546775979123
0.011547231831813535,0.014814918679841277,0.007823358939616174,-0.002513911103619444,0.22210143732221113,-0.8316620114767154,-2.987459180027908,2.008062032632621
0.011562015110461104,0.014810532593411405,0.00781492818897672,-0.0025375070589022243,0.22176004499855437,-0.84998596939826,-2.978489619772539,2.0261699860318925
0.011577539124342574,0.014806653526749841,0.007804708602877159,-0.002561437341371481,0.2212519047418903,-0.8689523973705713,-2.9681309555506474,2.04423806480335
0.011532615239008934,0.014820773554495284,0.007829007718067799,-0.002488931122755463,0.22215032260590054,-0.8131497454316593,-2.994497055365055,1.988387961290023
0.01127383550243706,0.014835012214331098,0.008058216664795123,-0.0021230154148657063,0.24214087952825147,-0.4921174809457051,-3.1950423361206486,1.7205781157826678
0.011285004115309522,0.01484661038592452,0.008027048079788627,-0.0021282099123748513,0.2347704907345978,-0.5014670109081879,-3.1745138198755387,1.7168509902597398
0.011258637154898948,0.014838990856811767,0.008064854108389164,-0.0020976602051085602,0.2416018769854572,-0.4718932044106119,-3.2018701430106824,1.7002963768310118
0.011269725490741863,0.01485063086573761,0.008033728372013138,-0.0021029158190318735,0.23553253717285386,-0.48140243668750987,-3.1812667647266046,1.6967837435578537
0.011296380408648984,0.01485857583243938,0.00799576804085783,-0.0021334338857910864,0.23387687272692706,-0.5169964850231613,-3.150263394998341,1.7190650222745647
0.011311699983787444,0.014854330535337306,0.007989218133732824,-0.0021587637150623225,0.23353702780921906,-0.5369219978983794,-3.1434601502170527,1.7391586260734864
0.011075327667428126,0.014882998096217483,0.008138185027051915,-0.0017922046893189692,0.24970527390292938,-0.22693239170122018,-3.273222905080198,1.4560961591362995
0.011090665429940796,0.014879595159429937,0.008132516911899859,-0.0018177519280826537,0.24849891793383563,-0.24753750203700509,-3.26791204978572,1.4766951327143871
0.011085977118518995,0.014894906922152139,0.008107593321662622,-0.0017987044020966356,0.24019410117242423,-0.23796975123030498,-3.253310193752236,1.453348058398599
0.01110599246222428,0.014876144037403229,0.008126766869814027,-0.0018432884824077043,0.24769622847045247,-0.2681258392372101,-3.262477763238529,1.4972537908710375
0.01110135115478049,0.014891459642109502,0.008101917291508595,-0.0018241771086545987,0.23990032143593468,-0.2584748559363295,-3.2479995679096647,1.4738260155413345
0.011121308603469408,0.014872644766016243,0.008120933521266594,-0.0018688204509625637,0.24756078168648057,-0.28868565439941285,-3.2569218011052965,1.5178125595712675
0.011116723688574233,0.014887973161284686,0.008096137860522186,-0.0018496371432005444,0.23944537836624893,-0.2789480878995974,-3.242551986734185,1.49426143897004
0.011132090701754105,0.01488442828327985,0.008090291623428213,-0.0018750938087261427,0.23887802077634043,-0.2993983504840001,-3.236984592332061,1.5146868997261682
0.005003164593476967,0.01041690434680099,6.913822842479011E-4,0.008287030967560283,0.05038919807678977,0.4303995098888009,2.6033614555725286,0.31766749784913534
0.00501666546169899,0.01040789322055687,6.797634191084645E-4,0.008305418654515496,0.05661290188611825,0.4276843664684192,2.6143026115316017,0.32597979569627705
0.005011934116815129,0.010345251712533227,5.754129635887637E-4,0.008313300323706653,0.0808087689931773,0.36288728129417325,2.6156569285252984,0.3936524382380682
0.0049974939430511975,0.01033840535645519,5.612475455564142E-4,0.008297243274389134,0.07624392651265578,0.34835130823616195,2.6051596201943537,0.4021390631218927
0.0050130431569171624,0.010360917504742087,6.014719445107854E-4,0.008311455546445686,0.07307496848879419,0.37897718669979447,2.615434185105738,0.37678660350825416
0.004998588780292008,0.010354080727588135,5.872539247596458E-4,0.00829543840943209,0.07148887653860873,0.3648349209049679,2.6049344378256234,0.3851765500430812
0.005014201401274545,0.01037657978297736,6.275496812048148E-4,0.008309527100168376,0.06645637905688474,0.3950888446788863,2.615132724173027,0.35986585850745695
0.004999667096261957,0.010369762539026944,6.132552314962006E-4,0.008293477417782582,0.0666654752398285,0.3812518260226631,2.6046170735667484,0.3682692720838099
0.0050154088397227296,0.010392238403124532,6.53654393916396E-4,0.00830751426768948,0.06137985652164723,0.41132794068587647,2.6147548353466368,0.3429160030997939
0.005000765200564889,0.010385464441664312,6.392773290053426E-4,0.008291395738258317,0.06141192658382868,0.3976268899937318,2.604228922046417,0.35139236025500376
0.005001928229665667,0.010401183085829909,6.653258180491497E-4,0.008289242799643472,0.055899489257815606,0.41400677162325633,2.603806892981108,0.3345249246856034
0.004982649953064783,0.010331628204047054,5.4732960535123E-4,0.008281363864490342,0.07920862134275573,0.3401783859228131,2.593777047323132,0.40430842306371845
0.005039415511198498,0.010626579228399678,0.0010443233497011135,0.00826749331876247,-0.01336829366251785,0.6592459013889918,2.6030360623996227,0.09234780316356549
0.00502448404815968,0.010620571953906881,0.0010291448097264181,0.008251681350860742,-0.018571433844994503,0.6445922175825854,2.5934865243395997,0.10041296105963078
0.005037471670074724,0.010610993105271279,0.001018330511010137,0.008270735046586947,-0.008990237538293788,0.6425708663295968,2.604147582405959,0.10886840146518834
0.005041408324495789,0.010642159322614201,0.001070287057059043,0.008264172356857242,-0.018327438537097358,0.6758527056396059,2.601911616684044,0.07588836811595247
0.005026512920637281,0.010636192498099356,0.001055066252900901,0.008248436970144067,-0.023815654424382496,0.6611850530756201,2.5923912243866227,0.08382355013461824
0.0050225228998949465,0.01060492810161554,0.001003194710580033,0.008254870278255557,-0.013179816664705456,0.6280379952658586,2.5945352932200048,0.11702044919587394
0.005035576818551542,0.010595401104716106,9.923170221655159E-4,0.008273896362551228,-0.004829127579104873,0.6258918522363326,2.605240395377557,0.12545718995790994
0.005028487639427607,0.010532977343492103,8.883022964442244E-4,0.00828570951113182,0.017514242678218998,0.5602113727057607,2.609000795041271,0.1920344772488839
0.005013758443722101,0.010526679272799093,8.734765516217423E-4,0.00826988539055968,0.012433106691205063,0.545631880031885,2.5992127370146396,0.200141209345815
0.0050301863683028455,0.010548591347176688,9.142704285780729E-4,0.008282884256971169,0.009697851200133082,0.5764801352249354,2.608185444209518,0.17544487789830235
0.005015465724268042,0.010542305721077125,8.994065106444762E-4,0.008267116960435526,0.007799034064767638,0.5621712497708882,2.598406863339491,0.18346696365246726
0.0050319341514908815,0.010564200075219217,9.40261094618045E-4,0.008279973853365428,0.0033010425019983597,0.592789975078018,2.6072804656025794,0.15879086175814897
0.005017148864991,0.010557943565148347,9.253299871999021E-4,0.008264180830588845,0.0031193294083198754,0.578641991209068,2.5975079136411896,0.1668402483676135
0.005033730973549848,0.010579803377811692,9.662870946756078E-4,0.008276976733090812,-9.745873623126141E-4,0.6092712575338788,2.6062925828572316,0.14210805220412012
0.005018853668197329,0.010573599871471802,9.512674489012455E-4,0.008261123299202868,-0.002109677110400334,0.5950716472645493,2.596540597932623,0.15023756956419712
0.005020641545673105,0.010589266766457552,9.772283691909694E-4,0.008258014111809342,-0.007668402761827919,0.6115290415962993,2.595547936897028,0.13363239635186117
0.004989050076060492,0.01042604668391134,7.029642984977528E-4,0.008268496001665954,0.04740249760025483,0.4387444422457581,2.591208106938105,0.3025842268664855
0.004990358632096365,0.010441838366992091,7.29000359687642E-4,0.008266123675697361,0.04220040015064685,0.4552794042677993,2.590646737741643,0.2856638817788421
0.0049917702023236305,0.01045762113852436,7.55034483629579E-4,0.008263731055815614,0.03701920502059109,0.47182088195913,2.5900754093546605,0.26879018520278497
0.004993299280018174,0.010473392057763561,7.810673061018803E-4,0.00826133617398764,0.031851508804622945,0.48836634868279377,2.589506318110796,0.25197002723126966
0.004994951703032138,0.010489138911010743,8.07082742877459E-4,0.008258949539457931,0.026687186427884233,0.5049039789824795,2.5889457605564234,0.23521662293756315
0.004996724627436552,0.010504837733250094,8.33043562040176E-4,0.00825657526727693,0.02152507372083202,0.5214108292836649,2.588394474232853,0.21855233920554365
0.00499859286427362,0.010520470486110068,8.589153728862279E-4,0.008254190225390591,0.016341483135821285,0.5378692270716067,2.5878341480922127,0.20198505666669986
0.013457886254442436,0.013716949919029409,0.00598484246686538,-0.005567687973673544,0.2546342515572699,-2.63562604031013,-0.830955657282599,3.831281496502904
0.013444383550639791,0.013729889786749406,0.006004848656688467,-0.005545177702785856,0.2537483575411634,-2.6290554778675825,-0.8543529246750472,3.824175979370256
0.013437974316624274,0.013748778566982662,0.006009548012905576,-0.005511271767758463,0.2511348080957549,-2.6154719186322057,-0.870468781487797,3.8013144533007086
0.013284401016550365,0.013886767243528332,0.0062251002589338725,-0.00526027702650667,0.2422945971476632,-2.531367578287494,-1.123527192184152,3.7123452705165327
0.013309418639151692,0.013865939534773719,0.006190768056477613,-0.0052995141882324565,0.2434774613327517,-2.545501352026116,-1.083746632552616,3.726656158095416
0.013300729861524009,0.013881875426788454,0.006198363585370672,-0.005270345540423413,0.24144394720586088,-2.5333338959955563,-1.0997824651327104,3.7081611893108404
0.013333074103072814,0.013845975131744957,0.0061579160370645114,-0.005336633945872442,0.2446708571209437,-2.558459800592296,-1.0456765492648559,3.739757480655751
0.013327193786533157,0.013864589963899353,0.006159554979205391,-0.005302952049284853,0.24192777480252012,-2.54385788415013,-1.0589149582919142,3.7153088115594533
0.013357180835192165,0.013830459698777782,0.00612173588529424,-0.005365293290016043,0.24499597842693507,-2.567026853304401,-1.0081228482249964,3.7448502517218176
0.013348336751711763,0.013842994231414787,0.006131883665392087,-0.005342537184021189,0.24355154192187256,-2.558247896645679,-1.0239427548195046,3.7324789307926975
0.013429276721524164,0.013763063091303502,0.006019886291179615,-0.00548587539413828,0.2494959299388161,-2.606158035757318,-0.8876028516788043,3.7873782458521164
0.013419125892895276,0.013776107293051036,0.0060331435305835505,-0.005462740990493472,0.2482572481464845,-2.598115540328131,-0.906054068273308,3.77646191817789
0.013407874839144188,0.013788342579851504,0.00604853558838796,-0.005441021783369359,0.24730167845318515,-2.590862779045207,-0.9255607823165114,3.767542366116188
0.01337909058463773,0.013803377558292503,0.006094200401939854,-0.005414310786464926,0.24756846695751136,-2.585029637364038,-0.9696519419964545,3.768788423743692
0.013368653387155927,0.013818014023457578,0.006106650032974686,-0.005387871862751337,0.24595508972598648,-2.575094211992537,-0.9885888283195406,3.7548113146203117
0.013398234509099865,0.013804694689733887,0.0060591383182637066,-0.005411770771491817,0.24532249783155893,-2.5796862222347077,-0.9442121109725429,3.7507454872511032
0.013672147371956461,0.013503183488146863,0.005644521081589697,-0.005916780184714607,0.2682481244146145,-2.714417357622791,-0.44352497078381087,3.914696217807483
0.013645449613292785,0.013523793088020602,0.005690398934444908,-0.005886864735513875,0.2678507153438969,-2.7124836650037585,-0.4890988001492752,3.917308379403617
0.013660488307175978,0.013517844494496068,0.005663787191355092,-0.005893458356992483,0.26703048560847936,-2.709540189993597,-0.46696573071516617,3.908010566382962
0.013628628565726697,0.013547940189699908,0.0057171729494327255,-0.005847197424498637,0.2655162827364744,-2.702499526885873,-0.5245376993058705,3.902464864496395
0.013637700817442594,0.01353512490731035,0.005702768014463527,-0.005868245944915764,0.26673132190322674,-2.7077933679003654,-0.5055966555180865,3.910256087974549
0.013618178790228912,0.01356016610033576,0.005734048122122695,-0.005827485500072495,0.2645710793481714,-2.6981249995328516,-0.5447463156926201,3.8968840022846813
0.013606925670672622,0.013571718695597562,0.005752378843093951,-0.005809080614533328,0.2638284532282071,-2.6944468974095943,-0.5654963723747657,3.8929518551691014
0.01359512639686279,0.013582919775566775,0.005771649293793628,-0.005791311424783867,0.263216827372782,-2.6910952341138388,-0.5866886371801524,3.8899038037342852
0.013548706359869035,0.013625565721845999,0.005846589352960896,-0.005722638491981216,0.26092029675248135,-2.677229242951444,-0.6689001091475716,3.877679893433658
0.01355675849964534,0.013612327220935133,0.005835169239347246,-0.0057454038640274725,0.2624485609034102,-2.6843703369709617,-0.6515957673476742,3.888649320067467
0.013570183931163202,0.013604013281526293,0.005812578383629283,-0.005758010133570663,0.26229196319401765,-2.685395570155252,-0.6299455994266782,3.88644967528592
0.013582914403541617,0.013594050402781046,0.005791564908228213,-0.005773615918982917,0.2626546872052257,-2.6877861678325075,-0.6083217391871444,3.8871689739783766
0.013536137062963173,0.013638249258870075,0.005866249555064728,-0.005701592309310228,0.26005091292265753,-2.672098146979186,-0.6916076592414385,3.8720618369039568
0.013522871441830156,0.01364707581123184,0.005888096697761623,-0.005687564456939933,0.26005688365976787,-2.6700499392897625,-0.7132400385594425,3.8726090424134427
0.013514333234026408,0.013662680818700793,0.00589923471033814,-0.005660288792309737,0.2581243695028332,-2.6607663082097264,-0.7319921164881721,3.858012600331882
0.013507954756862306,0.013681841505876547,0.005905134280492426,-0.005626225157383119,0.2554667924243657,-2.6477953613883796,-0.7493564794144948,3.8358610524500754
0.013475845973665865,0.013722233537135352,0.005950380583694209,-0.0055564712624125955,0.2517697150839681,-2.6259444101706433,-0.8093744833427291,3.806443329331237
0.013498245161364443,0.013696750934067517,0.0059181421937855245,-0.005600327428859193,0.25386774687962,-2.639196433627077,-0.7688466267980881,3.8231453992855493
0.013487147097748828,0.013710098154007281,0.005933964476141093,-0.005577343985657763,0.25270284565792545,-2.6321384721795797,-0.7892976167170288,3.8139010433442624
0.013986598195128208,0.013114522305445582,0.005054920420210714,-0.00647036611348398,0.29401105372700936,-2.7517894243882277,0.20978050273625745,3.969779075730195
0.01399784479746684,0.013102543495623972,0.005032077099459592,-0.00648423636977706,0.2943464925716501,-2.748875936625037,0.23162777783422403,3.9653696619132677
0.013965727524792549,0.013137850192904709,0.005097303591360584,-0.006442202724755785,0.2931297349800381,-2.756122453400898,0.16805541619822062,3.9760835046499197
0.013976122375630297,0.013126713127069855,0.0050763448916439245,-0.006455445476802185,0.2934757842140776,-2.7538106576424126,0.18837942075595804,3.97252570112725
0.01397010007865821,0.0131523652543778,0.005092425655187587,-0.006413488069499694,0.28989399292721646,-2.745211101564184,0.15859916946268335,3.9529778142620606
0.013963874401019833,0.013164667418409458,0.0051059110057149115,-0.006395430691081713,0.288658808013212,-2.7434942019243675,0.14131511559619647,3.9485419984273373
0.01395599273182267,0.01317847687622234,0.005122495802482895,-0.006375626852751182,0.28742590728610756,-2.7420869107007224,0.1211318790332526,3.944719454240109
0.013946568529527303,0.013191782516902334,0.00514159853327955,-0.006357543486332526,0.2864876583553278,-2.741925109762032,0.09997003718106949,3.9435617609698395
0.013925923175297844,0.013216651225987459,0.005182357340492647,-0.006325136210187008,0.28517037740083806,-2.7433241372089836,0.05749434605523599,3.9452247317042954
0.013936383211464965,0.013204417693348269,0.005161820856377299,-0.006340973454705324,0.28577778820857924,-2.7425053339298224,0.0786879522942654,3.9440742079593245
0.013783295384721289,0.013357631969088367,0.005450832518920934,-0.006141885974398093,0.2801362307142201,-2.7530672811259866,-0.21069437332907956,3.970890784300303
0.013794977592191783,0.013346436033702601,0.005429420304511603,-0.006157180774360823,0.2805405059165765,-2.753143917454637,-0.1889130751526563,3.9697447662785668
0.013771107665351391,0.013396628491403871,0.0054725361855370155,-0.006075915049732244,0.2747039468711952,-2.734530530332752,-0.2538914873883244,3.9356730785732448
0.013779683392110085,0.013383522741617422,0.005457221060638873,-0.006096213485950037,0.27591305647102815,-2.7381428284755853,-0.23445024413167018,3.9416704540196723
0.01378663610648478,0.013371911347304966,0.005444698142117188,-0.006114397372675407,0.277084173918528,-2.7416049668667064,-0.2178775512036845,3.9476763618591755
0.013761286695609201,0.0134095516672248,0.005489969687629557,-0.006056352047066658,0.27367729576703437,-2.7316116325543245,-0.2745353108381599,3.931328515651274
0.013750724280404905,0.013422042759574154,0.005508623872621826,-0.006037743872263312,0.27281844235713937,-2.7292369316028338,-0.295654721064514,3.928284309599276
0.013739757124863333,0.013434129850452977,0.005527899822204631,-0.006019890791219899,0.2720716264308068,-2.7271849480410064,-0.31690970771523136,3.926059606607549
0.013728608844305115,0.013446050433963417,0.0055473868946626405,-0.006002267839372449,0.2713663887294459,-2.7251633984233936,-0.33822416916372067,3.9240478627138757
0.013717203206465113,0.01345828069499918,0.005567188050317372,-0.005984029627693486,0.27063798158000735,-2.722878632092977,-0.3600209068654588,3.9216938902333136
0.013703974619325007,0.013471458940868784,0.0055900849333041435,-0.005964526137027033,0.2699318667485175,-2.7207014303482784,-0.38456353039597285,3.920031769118356
0.013698552676936447,0.013491245371844056,0.0055978568487812805,-0.005930276773642786,0.26715373819080973,-2.709522238954397,-0.4041019741566436,3.899545010690575
0.013690014155155153,0.013506702599311594,0.005611528983733716,-0.005904891218614756,0.2653958073669196,-2.702876623136938,-0.4242778168181956,3.888552311584841
0.01391518011083994,0.01322868340366392,0.005203264542218707,-0.006309669912342708,0.28462599559001994,-2.744274285046338,0.03619681808533184,3.946787368947732
0.0139038936318376,0.01323950066083336,0.005224896831801337,-0.006296532753144845,0.2842791719592877,-2.746117567515586,0.015393792567062714,3.9503478314385845
0.013891369721633262,0.013249266406551056,0.005248562324141058,-0.006285810819334858,0.28445223853540724,-2.7492649647198655,-0.005835313790570558,3.9567393746131914
0.013884872320658354,0.013263276261916168,0.005261729170984363,-0.006264050534883671,0.28281373258034986,-2.7455635862378007,-0.024489296983494887,3.9491012922733337
0.013824141023828973,0.013338130000531101,0.005376220973927915,-0.006159009233593926,0.2780201155776563,-2.7400430062195515,-0.15023007913383413,3.9407447658671155
0.013834648505183051,0.013325169074298732,0.0053567449114815535,-0.006177544112158565,0.2788928402245899,-2.7414736622428655,-0.1285489132389982,3.9428102683246293
0.013843927786421984,0.013311709470766805,0.0053393229168679675,-0.006197437085765892,0.2799665859425484,-2.7438271056395416,-0.10774727035968945,3.9469564198926146
0.013850757020287924,0.013298255374444993,0.00532617627738139,-0.006218425228930772,0.28151442326355075,-2.747614505088827,-0.08948881100899406,3.954279628453689
0.013862813390303678,0.013289545288742459,0.005303781500274738,-0.006228114228556798,0.2812396123365127,-2.7448781718062096,-0.06951679566085757,3.948196944656616
0.013874692928583898,0.013276496440441229,0.0052812972223733054,-0.006245569445319747,0.2819877041241215,-2.744695446123074,-0.04620330336989758,3.9474728890517414
0.01381333077135234,0.01335111516425313,0.005396103934077295,-0.006140427558058047,0.2771837493640277,-2.7385959388233694,-0.1722239632067253,3.9388109554419297
0.01408470193547508,0.012958084156078931,0.004834943857972886,-0.006676416488065734,0.3053866364263334,-2.741154258103196,0.4524664506668559,3.974338705152023
0.014075201481881806,0.012970924388754496,0.004856222730036309,-0.006661287543320256,0.3047657738174283,-2.7442099911747415,0.4312403001204725,3.9775915369925805
0.014046811032848836,0.013009315132063728,0.00491916682770152,-0.006615139124375808,0.30283021551193157,-2.7522283735685593,0.3676865232174799,3.9858583998612644
0.01405638174184399,0.012996587109369422,0.004898128830452827,-0.006630468230676018,0.3034368223207495,-2.7496182442077095,0.3889039901039042,3.9830921277170295
0.014065783191573892,0.01298374027181774,0.00487724037724583,-0.006645986714125481,0.30412181611661776,-2.7470196725068656,0.4100857338828899,3.9804908215281274
0.014053679305254642,0.013024968410889412,0.004911922243629695,-0.006582395674801699,0.29894468093442145,-2.7395568444063767,0.3576051739136026,3.9584060928049247
0.014043592732230506,0.013036559992689187,0.004933225743171074,-0.006569318163496718,0.29859725261959597,-2.7428142420650583,0.3372863191335714,3.9628123580051056
0.014048521324764964,0.013051279881733779,0.004928845691337543,-0.00653981089908382,0.2952417574160692,-2.7321347091839985,0.32676463329963795,3.9396082952271683
0.014042543037583236,0.013063991622969503,0.004942969064484362,-0.006521697524360601,0.2939737178204617,-2.7312581576122024,0.30902624218247476,3.9359377482329236
0.014025940470368252,0.013092355126361496,0.004979777013334082,-0.006483265640475812,0.2917003585426435,-2.731433109219519,0.2667763781840132,3.932270055838466
0.014034895896191224,0.01307840078674981,0.0049603580749923324,-0.006501686522169206,0.2927037294695943,-2.7308052535760337,0.2882307238363182,3.9329518363060516
0.014016475043626625,0.0131063475470119,0.004999959087878702,-0.006464987482132406,0.29076463266935254,-2.732256367216379,0.2448582147363176,3.932097931007963
0.014119869109908067,0.012934072086893685,0.004764544384933507,-0.006690189245065881,0.30352583642658315,-2.719567325396589,0.5056153822355719,3.938090933607102
0.014111248332749246,0.012947453393517916,0.004784622538525334,-0.0066738865233816275,0.30271288166596994,-2.7220974016149015,0.4847627928542419,3.939932866941368
0.014102005465459035,0.012960742331074233,0.004805629225671338,-0.006658098685453588,0.30200260308580634,-2.7250216330777737,0.46351713882732143,3.9426674040698404
0.014137093091820808,0.012908405299112965,0.004724503997524456,-0.006720493282682331,0.30492460979484765,-2.7135794021717516,0.5461441007905727,3.9327104927694116
0.014147527940443392,0.012896549854372103,0.004701591731380708,-0.0067322160349958604,0.3050930258993034,-2.7083656153094213,0.5666380923858395,3.9257038580872146
0.01413631269823896,0.012935535740757315,0.0047366544450269665,-0.006674284133927348,0.3004646880066701,-2.704563140936452,0.5165282550381559,3.9091070555269134
0.014142226358040948,0.012922996847388197,0.004721525537107195,-0.006691055412702282,0.301577827315448,-2.7038620539241918,0.5342652627620348,3.9106940214908468
0.01431296221662317,0.01264378118626121,0.004291700557651681,-0.007001415512871478,0.3158967088950613,-2.613964022902803,0.9560467085087431,3.828973476014152
0.014295304641608865,0.012670351408624547,0.004336871379551847,-0.006976024743646579,0.3151091365136382,-2.62715416592979,0.915740401786748,3.843539097135316
0.014304047499382369,0.012657309630717354,0.004314618743185189,-0.0069884912775502505,0.31548774615922026,-2.620699135392439,0.9355806481334966,3.8363739449961165
0.014261707424674998,0.012725050227817107,0.0044241570797407545,-0.00691903529802462,0.31274865572615745,-2.6494615712168397,0.8335853390995028,3.865713505069532
0.014270450732200101,0.012711606404379891,0.004402053001548385,-0.006932792776747287,0.31327513717420685,-2.643784027236445,0.8540902693888118,3.859743431019766
0.01427880871851374,0.012697616774566564,0.004380172409653269,-0.006947677792144716,0.31391841453836866,-2.6383927123917696,0.8750062031464511,3.8546094441065493
0.014287208727410563,0.012684110801504682,0.004358397934710032,-0.006961566300047514,0.31448614298627836,-2.6326981058921617,0.8953075663413373,3.84883334194519
0.014244161614345163,0.012751411212304244,0.004467888228819353,-0.006891987735942808,0.31175309937517875,-2.660471888065485,0.7929643978158804,3.8774780440447287
0.014253005052263628,0.012738350687784866,0.004446017512457317,-0.00690532127927457,0.3122341625611848,-2.6549663535045647,0.813187602908661,3.8715022479735492
0.014225977780891219,0.012776823054440703,0.004511826016806474,-0.006866519933506996,0.31099152873382896,-2.671614220007019,0.7528502750307551,3.8901969099460523
0.014235205900796357,0.012764542225775508,0.004489894334823952,-0.0068784887435034345,0.3112778338378645,-2.665902995177582,0.772515858622171,3.8833869393453004
0.014231679727795155,0.01279073250971986,0.004509348002557833,-0.006837797191334779,0.3076786384724743,-2.6627500950054865,0.7405679305485143,3.8692267480479523
0.014226609956482311,0.012803794481798938,0.004524426755713067,-0.006820524399883096,0.3064455751039495,-2.6641050006378895,0.7227155311822197,3.867785012772551
0.014220109443968417,0.012818922313795555,0.00454279586479299,-0.006800994784935398,0.3051513126568414,-2.666079549374069,0.7016937564861241,3.8669914557590945
0.014211956030719923,0.012833526814872187,0.004563544945847254,-0.0067837157412612625,0.30421813099744144,-2.669531548289602,0.6802139866335443,3.869237043589392
0.014203078815584852,0.012847873055645657,0.0045852595258650255,-0.006767369225746433,0.30344850127961503,-2.6735255465510543,0.6585370529026545,3.8726899860562924
0.01417320680582099,0.012884307650664962,0.004652327534303281,-0.006731412886109495,0.302656934281289,-2.6893643581600357,0.5982907424070684,3.8927689795388587
0.014179039473565691,0.01287165259805605,0.004636847922947255,-0.0067479957782018655,0.3037605201643307,-2.688150550964014,0.616130665867588,3.893790377887194
0.01419293504163983,0.012863216326137608,0.004609445316055523,-0.006750276587926041,0.30269973878193496,-2.6781661452630963,0.6349006655438724,3.8772084128877817
0.014165768600673657,0.012899142400480871,0.004671351967636455,-0.006712377540396319,0.3015076195215877,-2.6911521447461855,0.5769911123051695,3.8923736144018943
0.014400986853253674,0.01246422984741611,0.004027020469163972,-0.007192111817832857,0.3254965232777361,-2.538999322272002,1.2102843851513614,3.7663649612441747
0.01441893647804731,0.012464418471161982,0.0039991171147541185,-0.007170918518123455,0.32182011381513725,-2.5206932043143744,1.2158735548077564,3.7323645201001945
0.014393023089694867,0.012478321554915739,0.004050104465529975,-0.007179198559156562,0.32507554777354186,-2.5469915749229397,1.1901656748278133,3.7746153488017993
0.014376434609680327,0.01250543677396209,0.004096268527975109,-0.00715532248158593,0.32446644528126156,-2.5631449296208753,1.150785934651047,3.792221141779541
0.014384699133050726,0.012492085263269719,0.004073424771239539,-0.0071670511969472855,0.32475599759952917,-2.555177896117746,1.1702528478311007,3.783480386462711
0.014322017044784195,0.012629558676680362,0.004268030101521405,-0.007015156877325652,0.3163470898865364,-2.60702269881537,0.9773027456274223,3.8215505389700404
0.01432944659581821,0.012614770535650561,0.004246528258050704,-0.007031357014939362,0.3172065618472905,-2.6015553531317264,0.9984257828475593,3.8171990525098884
0.01433716858389241,0.012601281227889368,0.004225275431480102,-0.00704498888980164,0.31776154297520715,-2.5954524972520088,1.018120616023005,3.8112617336503583
0.014346060974580424,0.012588251736963346,0.004202346057366365,-0.007056472154166626,0.3180047639749106,-2.587975012992796,1.0377213388188353,3.8026782096409484
0.01435494734136956,0.012574764938230926,0.004179046478522374,-0.007068533114927331,0.31831657977889544,-2.580380246895785,1.05777955555043,3.79415509814153
0.014363373525625743,0.012560946853023709,0.004156177193513727,-0.0070814582174799036,0.3187491905932713,-2.5730971983806934,1.0779647825401406,3.7864422729660387
0.014371187978815975,0.012546935359669659,0.0041340572410473115,-0.007095202997748548,0.3193056959399243,-2.566264879448252,1.0980715879060856,3.779741800275374
0.014378331767010331,0.01253291584347862,0.004112895128370057,-0.007109552902243777,0.31997590675856763,-2.5599309065477764,1.1178779691449983,3.7740644007296127
0.01438517390843765,0.012519433535673917,0.0040924867462866395,-0.007123247200866435,0.3206085727684283,-2.553701789337517,1.136884301353745,3.7684421962464394
0.01446196680932376,0.012380598281864849,0.003867260949184411,-0.007248551840714817,0.3247805694727708,-2.4738563210911106,1.3314751418608222,3.6865298757036675
0.01442601468950041,0.012449948175048962,0.00397714159516226,-0.007185121754145482,0.32246426250427546,-2.513395293757831,1.2358672199724923,3.7256722154680806
0.014432469491151276,0.012435670847786207,0.003956169496838975,-0.007199609852675404,0.32316437565226114,-2.506557091545261,1.2553976205171455,3.7198367425725283
0.014439612649272628,0.012421969119258587,0.003934479270599361,-0.0072122493589332455,0.323628213623767,-2.4988606205252055,1.2743802946441478,3.7122326346287253
0.014447582078712598,0.012408385005607906,0.0039115277565080694,-0.00722356753061902,0.3238775209535796,-2.490169745318941,1.2933718233341673,3.702817311847894
0.014455049008399707,0.012394372221509643,0.0038889237397982056,-0.007235986943660088,0.3242971530229983,-2.481809470118471,1.3126727097708277,3.6943113790536146
0.01447005859744993,0.012367502258359872,0.0038442913794964396,-0.007258500318571515,0.3248829123058019,-2.464590614658323,1.3496426320266612,3.676057522015619
0.014478757792314759,0.0123534909247648,0.0038195909193352545,-0.007268917235674326,0.3249416418133107,-2.454489105295386,1.3689630182397874,3.664582915945538
0.01448605695060661,0.012338317684048377,0.0037959424030486913,-0.007282637155279273,0.3255070003070715,-2.44553366868275,1.3893443700193264,3.655927883202576
0.014492309086562733,0.012323602852117,0.0037741391616518704,-0.0072968118889742695,0.32615814476730515,-2.437510779518014,1.4088931789948604,3.6488626228311283
0.014499179159066964,0.012309874647104285,0.0037521571033755433,-0.00730858814360514,0.32653486386138564,-2.4287973329281205,1.4272766282593314,3.6400848726167943
0.01450712628064312,0.012296420073148857,0.003728740109906818,-0.007318438932897047,0.32661303365527333,-2.4188695910140154,1.4454109040489653,3.6289870437032747
0.014566964977151804,0.012140149722689036,0.0034982218016950816,-0.0074650945714878425,0.333485066116373,-2.3263862457740783,1.647428329760679,3.548295958305539
0.01451507326715275,0.012282530085902653,0.0037048811134667774,-0.007328766989422167,0.3267572031891266,-2.4087319550412016,1.463975266356666,3.617815589806334
0.014545867902584143,0.012183082205915949,0.003569410536591501,-0.0074327206348590085,0.33288723518970004,-2.358511108246813,1.5922973558306603,3.581934579033941
0.014553054123505944,0.012169139493696078,0.003545887776847886,-0.007442947311880229,0.3330224150051316,-2.347888731956503,1.6103177276506961,3.5705672696652226
0.01456020222999383,0.012154789346106748,0.0035219601349017926,-0.0074536382737846315,0.333201090259132,-2.3370561939703403,1.6287449026582494,3.5591422119812814
0.014522818460153046,0.012268474136508015,0.003681105777069954,-0.007339425493336024,0.3269385955596708,-2.3986163745901394,1.4826139042155984,3.606860529090099
0.01453028290772495,0.012254217482105973,0.0036574893270216215,-0.007350569955798463,0.32718531478618423,-2.388598488155368,1.501366338539774,3.596282405377354
0.014537353979733802,0.012239727049073675,0.003634154168919593,-0.007362398290226911,0.3275275303482293,-2.378783268694013,1.5202720453125578,3.5862986705628264
0.014543883486914067,0.012225064799546216,0.003611356801185664,-0.007375020761071937,0.32798554470489333,-2.369326625282803,1.5392558474113989,3.577169785388769
0.01454978173936858,0.012210444426157695,0.0035894089433727537,-0.007388259181108217,0.32855167674221203,-2.360356780755122,1.5580649958788377,3.5690162853861733
0.014555519252851944,0.012196417322489961,0.0035681441343135695,-0.0074007139987412795,0.3290594820527792,-2.3515098719144585,1.5760624249441386,3.560835612207591
0.014760113266848314,0.011530137799930005,0.002550187772311913,-0.007933384874152433,0.35083512378250764,-1.832967965411288,2.360117715916931,3.08443718793885
0.014770971299876036,0.011541878988070015,0.002553824957039062,-0.007902089029178529,0.3430195850168238,-1.8350622674244044,2.3380168564440793,3.073037156540355
0.014755282782341356,0.011545084353673888,0.002575089585816416,-0.007925337101158725,0.3514396669068551,-1.8479984811502714,2.344935571158868,3.0998240906215107
0.014764896782867474,0.011515176111420451,0.002525242040364602,-0.007941360378358358,0.3513173027638458,-1.817825642671458,2.375223321734179,3.068971755714063
0.014775794530957967,0.011526887965253503,0.002528993248603213,-0.007910069891461972,0.34291864994557897,-1.820067216428823,2.353084647086044,3.05767357756021
0.014769633284930958,0.01150019942916891,0.0025002706933997905,-0.00794925777833084,0.35190079222494597,-1.8026036677874357,2.39023427084212,3.0534548685310647
0.014780553967888008,0.01151187902263928,0.0025041505733386926,-0.007918002459307674,0.34264670528174485,-1.8049727237088244,2.36807147734017,3.0422308123670905
0.01479260927722873,0.011425095195354023,0.00237512793596738,-0.007987541378527039,0.34952336859881433,-1.7255582248956467,2.4636236392140853,2.9741817023230284
0.014797062943977079,0.011410030890272255,0.002349999796391767,-0.007994970535711741,0.3505632461158072,-1.7097678175583806,2.4780624049952205,2.95806929296853
0.01480823478926053,0.011421621293539201,0.002354596014923717,-0.007963667939778091,0.34209033657978755,-1.7125136144111368,2.455732391844698,2.947704077961244
0.014582628266267722,0.01206941387177661,0.003405807034588359,-0.007542039520636771,0.3388782031715903,-2.2897097549126753,1.737378327892982,3.5256753917836012
0.014589200549582336,0.012055138202750613,0.0033821099827254573,-0.007552404512658658,0.33906953841098963,-2.278381990645883,1.7552458288037458,3.513906093272937
0.014585820902187595,0.012096742314033668,0.003429012208891785,-0.0074997308586194225,0.3345291502953473,-2.2950236285950254,1.7022934705523607,3.5171904484535035
0.014592425509610837,0.012082719705322756,0.003405786423872889,-0.007509888402345156,0.3346889697347069,-2.284065660887714,1.7198209646058824,3.505743853349124
0.01458432827241126,0.01213902371668494,0.0034727532347055274,-0.007442907680333489,0.329751322526401,-2.3082835149122753,1.6490725269422217,3.5150960969520795
0.014590182946929075,0.012124141217567825,0.0034500793760058658,-0.007455625797825361,0.33024004612331165,-2.29832096503279,1.6677297114231637,3.505784835738425
0.014595619392840322,0.012109730777203067,0.0034283525366440547,-0.007468112036774784,0.33074847569842797,-2.28874964545077,1.685731472002088,3.497002148214943
0.01459570744878664,0.012040767107280295,0.0033583329450550523,-0.0075628265989323646,0.3393031834686279,-2.2669406821640874,1.7731320535719866,3.502071104696935
0.014602139061887816,0.012026337434688457,0.0033345249746393455,-0.0075732690048638555,0.3395228099919081,-2.255405921362472,1.790991770740287,3.4901849226620674
0.014608529503621251,0.012011878153756895,0.00331066907995886,-0.007583642719470146,0.3397009400876186,-2.243749595338508,1.808789970026471,3.4781776068300414
0.014693670662807693,0.011723210871918575,0.0028719533212855485,-0.00782265553140965,0.3525405017215178,-2.0209901897860334,2.1552075896000216,3.2773507485901274
0.014699061038930978,0.011708457009234034,0.0028473909477043625,-0.007831629510782735,0.3514483698463236,-2.0072582749104235,2.171478460998028,3.2631824591392244
0.014709393291973941,0.011720596523966134,0.002849888395885044,-0.007800257160939228,0.34348515682561437,-2.007539637116509,2.1498039157437714,3.249829396164792
0.014703992956731401,0.011735379060034723,0.002874341790806511,-0.007791217204860676,0.3431756267722457,-2.0213125000061036,2.133474064189486,3.2638961235072697
0.014688233955621804,0.011737947748741229,0.0028964993492197623,-0.007813599964985568,0.3532027372560244,-2.0347194750673965,2.138804768199328,3.2913962880368874
0.01461490588826407,0.011997365968939055,0.0032867047521884306,-0.007593939412820459,0.33989371696090315,-2.231938295801696,1.8265467094708245,3.4659989477083193
0.014621199733035594,0.011982746243221395,0.003262664377303759,-0.007604330298804182,0.3401633116916956,-2.220026727447657,1.8443301298223176,3.4537824397217816
0.014627303912106657,0.011968034047794339,0.003238701487609254,-0.00761495176395706,0.3404601555893732,-2.2081325329644383,1.8621319000445136,3.4417335021384727
0.014633275994732561,0.011953332643382551,0.0032148469504849615,-0.007625584445927882,0.3406551356387748,-2.196227395609322,1.8798285810151627,3.429733312801718
0.01463926830692488,0.01193870622971819,0.0031909718044444493,-0.0076359213698748854,0.34074054680747773,-2.1841741806739576,1.897326764779369,3.4174858942014423
0.01464529284842099,0.011924121167180876,0.003167027889938046,-0.00764598903014435,0.34081186417700843,-2.1719521599093583,1.914662053926861,3.4049736646061066
0.014698562766067876,0.011750164733265568,0.0028987694866892365,-0.007782053585099548,0.3431004516008949,-2.0349681141354643,2.117026210314023,3.2778403691236693
0.014682750970092102,0.011752667496161629,0.002921045553498922,-0.007804456625791298,0.35241849798485325,-2.0484552133252274,2.122261672657674,3.305363247561038
0.014693064400859287,0.011764935783718107,0.002923193584242727,-0.007772845436588444,0.34340313509149784,-2.0485029848229197,2.1005231781337774,3.291708312409581
0.014677221759479865,0.011767369970506486,0.0029455798910794566,-0.007795229950316327,0.3506907486818675,-2.062113850936065,2.1056168983288788,3.3192898257551673
0.014671646377591769,0.011782055027975764,0.0029700600922844705,-0.0077859358499655544,0.3504684347798965,-2.0755940367052643,2.088931550528854,3.333158008330178
0.014687474683730687,0.011779671838129162,0.002947620462080996,-0.007763649533310486,0.3436600757708573,-2.0619293108903185,2.083994550116312,3.305525913565006
0.014666024878782739,0.011796722524648843,0.002994480078916266,-0.007776576677100021,0.3518923337084409,-2.088913191320719,2.0721966588941076,3.346894500470952
0.014676191254061685,0.011809069468534715,0.002996327869338589,-0.007744995974154356,0.34302248459029067,-2.088472735453735,2.050635422194608,3.332765502420172
0.014681835469607293,0.011794375872273064,0.0029720081940888296,-0.007754396763307302,0.3434318446126834,-2.075253223702368,2.0673842279298467,3.3192285050984034
0.014651304543462224,0.011909531979692444,0.0031430259645756978,-0.007655913288113165,0.34088755376232194,-2.1595932780065534,1.9318945088775974,3.39228789436813
0.014657344649475114,0.011894947773622447,0.0031189249588846704,-0.00766562013610349,0.34093240580235107,-2.1470581581406303,1.9490063347756637,3.3793504946270225
0.014663426086662093,0.011880374339167483,0.003094717739785238,-0.007675081492062966,0.3409804016389329,-2.134338809548122,1.9659836481964807,3.366140474751021
0.014686741761975501,0.01182158488566847,0.002997939423153299,-0.007713389808346099,0.34155613608605956,-2.0828569925676033,2.0335126472618934,3.313304848224378
0.014669467360262691,0.011865767997354242,0.003070460416526488,-0.007684474989967241,0.3410855120119473,-2.121504472928926,1.9828895293201005,3.3528166507443466
0.014675385678687638,0.011851089938775523,0.0030462117519687473,-0.0076939754346463385,0.34124540043827944,-2.1086234740787577,1.9997871384935444,3.339535019511351
0.014681139275028655,0.011836347477051425,0.0030220281326901865,-0.007703638516213018,0.34142519689674455,-2.095740072542563,2.016678637902462,3.3263731663650584
0.0050130431569171624,0.009639082495257913,-6.015003863380109E-4,0.008311453283006025,0.3173014678778827,-0.3751412914770653,2.5704824513838904,1.1864969061486608
0.004999751588192095,0.009630246885690344,-6.132958493514522E-4,0.008293478706539256,0.3095147212797424,-0.3909987253339277,2.5559100070961525,1.1952642064790828
0.005014201401274544,0.009623420217022645,-6.275877639465394E-4,0.008309524202147808,0.32251402475581326,-0.391658597101537,2.567968650505337,1.2047801443382533
0.005011934116815128,0.009654748287466774,-5.754069949098008E-4,0.008313300477195373,0.31202818724601544,-0.3586863298727551,2.5729180871509825,1.168234424980186
0.00499863811465216,0.00964595455679999,-5.872489269896241E-4,0.008295413045651387,0.3048492319704214,-0.37446586313947344,2.558465183727162,1.1769801255867078
0.005010874290742819,0.009670417450053835,-5.493131575196827E-4,0.008315065391921027,0.30617990238230297,-0.34228222454476936,2.5752622737893214,1.149974783025375
0.004997557995576858,0.0096616615552992,-5.61198749764397E-4,0.008297246771700538,0.3002403878530262,-0.35794911318250083,2.5609332898639665,1.1587375342162929
0.0050098636880925584,0.009686089839949744,-5.232029201861714E-4,0.008316749034093494,0.30070729574772465,-0.3258703256911438,2.5775199850532666,1.1317084085722504
0.004996499261853789,0.009677375288462855,-5.351323733605193E-4,0.008298967632029022,0.29560795966322145,-0.34146530259053653,2.563302556644006,1.1405297490326038
0.0050089023178828546,0.009701765314618097,-4.970661717060717E-4,0.00831835196109583,0.2962027453979384,-0.3093920967956833,2.57970611756909,1.1134553680438823
0.004995475556356258,0.009693097753674818,-5.090513100714514E-4,0.008300589922434232,0.29072733298529535,-0.32501050321166347,2.5655810368373904,1.122349867718408
0.005007990188766738,0.009717443732062377,-4.7091372684572775E-4,0.008319873446281224,0.2922059323533755,-0.29285513595073465,2.5818295409977363,1.0952516045539085
0.004994516494322411,0.00970882584417882,-4.829652273593082E-4,0.00830214546500588,0.2856112428351603,-0.3085551112702613,2.5677977608701728,1.1041901257059796
0.005007127309040209,0.009733124950832917,-4.447652334601722E-4,0.008321312334051294,0.28785632629465085,-0.2763218287223907,2.583888064454931,1.0771164303217358
0.00499363707209336,0.009724551106993147,-4.5688760918608575E-4,0.008303650146056135,0.2804626959102304,-0.2920780231410381,2.5699705492667335,1.0860521405845869
0.005000222050368731,0.010047121697559922,7.855141132079501E-5,0.008332819609313256,0.1830020567779976,0.05158541627665957,2.6109999496439946,0.7205862580318528
0.004986210112328573,0.010055115434719219,9.138271495110895E-5,0.008315700080535298,0.17229394495003003,0.05290395997569409,2.599964823134535,0.7123263150778473
0.005000098691445171,0.010031415039578108,5.232900392413499E-5,0.00833302551977521,0.18643225718249357,0.03496042442426795,2.6102555010884836,0.7381989201718486
0.004986035801949995,0.010039314230359747,6.51812983449299E-5,0.008315921605062974,0.17809324364023915,0.03649283638585473,2.599128222060943,0.7298770755025846
0.005000024673443877,0.010015707763366567,2.612122359367977E-5,0.008333148991723617,0.19066845398323218,0.018460257881957213,2.6094665425885637,0.7558815039147401
0.004985968260189496,0.010023512513795721,3.898103488276408E-5,0.008316122249100761,0.18385698306874435,0.020144967894800612,2.5982734868827677,0.747418718301935
0.00500022205036873,0.009952878302440085,-7.850212217463224E-5,0.008332820323071258,0.21604113664991387,-0.046592262971446315,2.605559292538832,0.8263560546503933
0.005000098691445171,0.009968584960421896,-5.2346481003251E-5,0.008333025812428818,0.20990998860507337,-0.03028397725864985,2.6066569497948664,0.8087786079799023
0.004986212134986502,0.009960603942814167,-6.536783897730332E-5,0.00831610396567338,0.20405235979358213,-0.04530380769282844,2.5942875173695836,0.8176571502742878
0.005,0.01,-5.6629828866619456E-8,0.00833319009978754,0.19622290585995605,0.00212732455253706,2.608612418334448,0.773565142111623
0.004985987028609547,0.010007739387820859,1.2824759249761816E-5,0.008316278321322148,0.18932349635850876,0.003834411188504709,2.597386925494004,0.764942464145354
0.005000024673443877,0.009984292236633437,-2.620687087876175E-5,0.0083331490169177,0.20288041931221393,-0.01408373625973053,2.607677159318289,0.7911986372071772
0.004986132993761828,0.009976308950556111,-3.931333072454782E-5,0.00831629424126505,0.19922712764335457,-0.028856735757541604,2.5954119383444794,0.8000246301589892
0.004986053408820885,0.009992009346787418,-1.3266412339672277E-5,0.008316347742807727,0.1944137020963723,-0.012484293891192029,2.596441560074562,0.7824651135551672
0.005003551917708424,0.010188431847002629,3.1405037491597686E-4,0.008327270026331551,0.13423742817740275,0.19895609762286362,2.615573036461094,0.5644425246587627
0.0050041684379369305,0.010204124970286513,3.4022975493059075E-4,0.008326241679388051,0.13019948102784584,0.21546406747715954,2.6158131744478554,0.5472081702033795
0.004989830498181204,0.010196732834770562,3.262734506910907E-4,0.008309821714686319,0.12458948960728768,0.20047842782149897,2.6047399599838426,0.5562138248061016
0.005002984689635676,0.010172736759216247,2.87858355426286E-4,0.008328216555163932,0.138132855126459,0.18246266986393764,2.6153050580871033,0.5817627926515426
0.004989225744756148,0.01018096214568566,3.001207178551686E-4,0.008310806467631063,0.13037126282506228,0.1840787087174852,2.604430902240585,0.5734704487389662
0.0050024667597618295,0.010157039844353498,2.616838690998085E-4,0.008329080178425048,0.14321978614213499,0.16608285077272927,2.6149958056859615,0.5991222144617669
0.004988716676367585,0.010165199055379994,2.7398463916552857E-4,0.008311757589484025,0.1360114226292252,0.16773688160969988,2.604095621923309,0.5907209605122484
0.005000888133336491,0.010094236641409177,1.570952806478596E-4,0.00833170934312912,0.1682505735650551,0.1011323146918958,2.61304259719546,0.6684071568222999
0.004986800813011172,0.010086622631532281,1.4364666150485774E-4,0.008315115718112899,0.16153130520526246,0.08584411086060129,2.6015216908974774,0.6773135519359861
0.005001208815544092,0.010109939502481563,1.8323316195992416E-4,0.008331175478259479,0.1615290704473681,0.11738279305277606,2.613632421669559,0.6511166105792553
0.004987144517692175,0.010102326000665575,1.6970114311353388E-4,0.00831467491584184,0.15659177451825249,0.10229167096811097,2.602191404816372,0.6599016728833192
0.005001578817366836,0.010125641080081594,2.0937606051806205E-4,0.008330559387429165,0.15514978293146392,0.133588500632927,2.6141609375802553,0.6338077457279232
0.004987496064139508,0.010118022516148297,1.95742147941894E-4,0.008314107354924173,0.1516433990438958,0.11869437956206275,2.6027713075109067,0.642551031286814
0.005001998133844807,0.010141341239237565,2.3552645016169935E-4,0.008329860983360174,0.1491026764038236,0.14980826755688018,2.6146180670573713,0.6164754933415115
0.0049882723691391,0.010149455093878552,2.478776952883445E-4,0.008312639311329464,0.14135690215185015,0.1514091679769807,2.60371365852562,0.6079725622958191
0.004987868100929069,0.010133730236775414,2.2179777971281054E-4,0.008313424991801682,0.146549001294626,0.13506389288960782,2.603273890650445,0.6252450166513502
0.004972253989803522,0.010079004379697248,1.303903112759241E-4,0.008298641793587533,0.1638760555550212,0.07722980204137415,2.5895089601451864,0.6798903624803962
0.0049717931933229735,0.01006320854966152,1.0430977047538754E-4,0.00829873660416819,0.1690895219422717,0.06078902926520419,2.5885732047981183,0.697250698595111
0.004994389772589722,0.010291272199445077,4.8305121043586754E-4,0.008302058370876227,0.09242242494975372,0.29891852202874997,2.605451735986863,0.45330103616741585
0.005007990188766738,0.010282556267937627,4.709161435346415E-4,0.008319873387148506,0.10167148704212337,0.29727472421847245,2.616137032793513,0.46141941023215943
0.004981443134680043,0.010315931329053403,5.213878454344078E-4,0.008282841034122884,0.08448770474345314,0.3237909081973698,2.593770344457196,0.4211904443319527
0.004980335830628781,0.010300156976436445,4.953325548883899E-4,0.008284307015559144,0.089724802255518,0.3073376823431792,2.593752460853857,0.438189836377358
0.013276293478416438,0.013907355497367184,0.006228801762694135,-0.005222728253625395,0.23946231506345136,-2.514955483757353,-1.1394787231697896,3.6857796603291284
0.013216361817182793,0.013947201829519855,0.006313377525714149,-0.005144347068090499,0.23815618680990755,-2.48633855221424,-1.2306868238318873,3.6630167881331
0.013263867259655785,0.013926876370202929,0.0062404230280511215,-0.005186687033349207,0.23714619885717783,-2.499822442444911,-1.1607855718076856,3.663819090332827
0.013249408618205175,0.01393737994168701,0.006260285130620868,-0.005166332735801521,0.23680493893713575,-2.492283980730981,-1.182837736530773,3.6570463267857454
0.013240473155265468,0.013953370291759895,0.0062671181546028595,-0.005136866527475911,0.2348175264571004,-2.4795156129476617,-1.1981773584585456,3.637860618331174
0.013165223127735312,0.013967581248590814,0.006392153612250888,-0.00509941657920695,0.23935327212142468,-2.470804311726257,-1.3060100958995473,3.661871699788734
0.013157809446339099,0.013986395384478023,0.006393564803435011,-0.005064558328021514,0.23677980353600117,-2.45472566659966,-1.318780116435523,3.635987100040253
0.013147578826384879,0.014001042983536329,0.006402346433422831,-0.005036562432424327,0.23512536544155263,-2.442165096449625,-1.3348144639118835,3.6183003273915966
0.013110110555614826,0.014034621627192724,0.006446174255567194,-0.0049689572181923795,0.23266923469657755,-2.412519172854893,-1.390600931084151,3.5845551228165564
0.013135542266684013,0.014013426278879927,0.0064155551354998204,-0.005012131420592877,0.23405716233911786,-2.4314205524905557,-1.352995864454327,3.6050975053785677
0.013123072996966618,0.014024453963229646,0.006430227220238731,-0.0049899005868649085,0.23327127420698912,-2.421684835519844,-1.3715375018827822,3.594107392567794
0.013186047149368961,0.01396873298602697,0.006354432093390032,-0.005101172121772916,0.23726351574615354,-2.469335973277172,-1.2766180497616686,3.6475905536442093
0.013205943986762725,0.013968891661648037,0.006319109599669074,-0.0051042686605668125,0.23536549985702515,-2.4684399375972377,-1.2486880261494397,3.6352125183662536
0.01309696320226676,0.01404459653252027,0.006462423041279533,-0.004948188639776036,0.23210877213963885,-2.403350781143612,-1.4098072402863513,3.575195685106433
0.01308328579077056,0.014054347961649347,0.006479601506114044,-0.004927548541573551,0.2316212373958262,-2.3941791801404144,-1.4296504326595654,3.566239068687372
0.01299442029919499,0.014116941923972691,0.0065880498399264195,-0.004791641007717431,0.22861410047019,-2.3311429633869243,-1.555965913695115,3.503870785824119
0.013010723313202414,0.014102739948479543,0.006570697175025675,-0.004821675913848067,0.22966919028834726,-2.345566351193589,-1.5332282162143467,3.52040139908604
0.013031622637653027,0.014090280318769568,0.0065437758103751575,-0.004849982801811658,0.2299701141637254,-2.358783502881582,-1.5036437525112645,3.531852564725711
0.01304898444071529,0.014074086688370156,0.006525429893059534,-0.004883425835270565,0.2312912860572545,-2.374477300426566,-1.478936652488868,3.550402681666224
0.013068488869676882,0.014063180757643037,0.006499229936695599,-0.004908068466251705,0.23141864227023454,-2.385533471008436,-1.450966786416842,3.559057183949488
0.012921136597169943,0.014145257060767118,0.0066917762989604414,-0.0047155774043495195,0.23000551587844648,-2.293766985887969,-1.6592637413150115,3.483412396691777
0.012937662491076496,0.014139641827861994,0.006667928491220477,-0.004731753153625788,0.22950565601430187,-2.3019660298803424,-1.6359192500618973,3.4872718779740177
0.012979359547317333,0.014128165783547864,0.006605298523768626,-0.004767027555644167,0.2279721300647433,-2.3192368988041996,-1.5769051027241083,3.4913906478008188
0.01296130578010712,0.014140355016201983,0.006626711475871948,-0.004739503659281237,0.22742579489878229,-2.305816289609052,-1.6018672047212947,3.4781659675000745
0.012695640519767558,0.014279889459515577,0.006949891108277379,-0.00437724979376137,0.225353442194947,-2.1102361539831977,-1.9568976608327733,3.3069715742929344
0.012682211290385907,0.014287026758229593,0.0069649054235586755,-0.004357587169069972,0.22522512985877577,-2.0987972187357333,-1.9739027980435708,3.296260166512075
0.012708930421185757,0.014287333199914449,0.006920547620812098,-0.004372625218244971,0.22305166307967222,-2.1096104185160565,-1.935448283639436,3.2938937129518466
0.012725377041099816,0.014283142545809395,0.006897560484573768,-0.004388835716955451,0.22238150385094718,-2.1195263125215504,-1.9132006800977766,3.2992105971334413
0.012909850791592802,0.01415860636334855,0.006700074638040109,-0.004688073954621398,0.22858940111220288,-2.27994108119597,-1.6739964238648992,3.46507958459135
0.012888780516927446,0.014190986978433087,0.00670862959396478,-0.00462402181275851,0.2248071058339937,-2.2476530288723975,-1.699839806172978,3.4185692404818835
0.012901205259503366,0.014177451212611908,0.006699021771261461,-0.004652298664833865,0.22614902392249772,-2.262011516443365,-1.6839890874253987,3.437023560572815
0.012876192621296358,0.014202348609745738,0.006720160324458323,-0.00459930818969067,0.22394594975151047,-2.234958155215541,-1.7160971563704386,3.4034912853782884
0.012762796309923838,0.014253250851527188,0.006864318456154654,-0.004458784340877729,0.22452218626872306,-2.157931827107795,-1.8679121626808644,3.3431508121520617
0.012778425756537645,0.014249438535254148,0.006841851206259047,-0.004473327088152256,0.2238624246019363,-2.166544643241916,-1.8464242763838798,3.347083170880421
0.012752063141664103,0.01426555712015326,0.006870433813726116,-0.004432581451645657,0.22324611959559967,-2.143944802597875,-1.880021090480025,3.324641547622129
0.01274496606094632,0.014285639123530224,0.006862864237185668,-0.004395548816846209,0.2204777983693215,-2.1249384361937405,-1.8846246225206535,3.2932511250465404
0.012822170462001396,0.014231773713719538,0.006784995065170025,-0.0045247878576170795,0.22340638269319166,-2.195280312420035,-1.7878332979860738,3.368038592771644
0.012809646806222626,0.014245279290571787,0.0067936324167973934,-0.0044960782949683515,0.2220342514269291,-2.1802254018857483,-1.8027748135078685,3.3486587157410743
0.01279651563791697,0.014255848689744693,0.006805761941787403,-0.004471914068711814,0.22135770005481273,-2.1672826095736943,-1.8190793104404868,3.333928054900905
0.012850110045061687,0.014215691716232097,0.006752463042979227,-0.0045650200346344086,0.2238240614352555,-2.216826611661874,-1.7510453357063336,3.388158845640491
0.012865909857634828,0.014214046801429486,0.006727328200850434,-0.004575002149098359,0.22271099521545895,-2.222490775172357,-1.7288141644261459,3.3871851172140444
0.01284107599212055,0.014235320438824722,0.0067501762209383415,-0.004527890179353319,0.2212049999243799,-2.1979283182780853,-1.7601833471752946,3.358560081565642
0.012681448197151186,0.01430244012444836,0.006950597206065988,-0.004331794706879749,0.22265635169956516,-2.0859954600725352,-1.9698725604028458,3.2713494805403465
0.012671169610604095,0.014312327935701944,0.00695738192338891,-0.004309486706096591,0.22175342220648162,-2.0736325191299687,-1.9811569273708287,3.255927237913356
0.012658232572242425,0.014322555692869911,0.006967994512362669,-0.004284987422969789,0.2210599425541301,-2.059767322334236,-1.995948482526298,3.239954882621175
0.012644869484732826,0.014332691310740879,0.006979207757385815,-0.0042603141909674834,0.22040652429558208,-2.0456856872088784,-2.011206419882846,3.223994008675676
0.012629727033100594,0.014342684644108157,0.006993251062313326,-0.004234676255746333,0.21989057487930014,-2.030784178233572,-2.028851965089648,3.20810623733561
0.01261859548193654,0.014360160510036836,0.006992749693822715,-0.004199520187074445,0.2178785930244759,-2.011822001250374,-2.0377640516350493,3.180297464068103
0.012606156091865826,0.014372445150325786,0.006999577947265361,-0.0041718816489301125,0.21675562275364466,-1.9962577118752038,-2.0502598437302644,3.1605843836907934
0.01259260382536264,0.014382731944985627,0.007010099374485212,-0.004146661281425376,0.21607586554764627,-1.9816287186716817,-2.064906289790923,3.143863803722093
0.012578915213213028,0.014391552595910998,0.007022230037375183,-0.00412360280258264,0.21566425340465364,-1.9679563831391536,-2.0801809028276406,3.129283303781944
0.012566012022977467,0.01440112697318679,0.007032136839337645,-0.004099813509855855,0.21508835113033045,-1.953997130364612,-2.0939080093091067,3.113422654403166
0.012496717533454804,0.014440382706017536,0.007096227529402202,-0.003989860600290405,0.2138572547407188,-1.8866790991535627,-2.1706907868985135,3.044931685124162
0.01251070031000262,0.01443044282434735,0.007085887880724115,-0.004015354252488821,0.21438750280055063,-1.901995878389805,-2.1564310295012983,3.0621930040508825
0.012524564765465573,0.014420353971696317,0.007075702117270283,-0.004040933241272551,0.21501493258242724,-1.9172638380901479,-2.1422220408037975,3.079527198301875
0.012536721534186803,0.014408165451502,0.007070325132318281,-0.004068544582473142,0.2161513691330559,-1.9330995897899939,-2.1311479315928294,3.0998281959005287
0.012554312765692119,0.014413876830067089,0.0070364955548953756,-0.00407183511758339,0.2138133541589997,-1.9381916133438672,-2.1044084447080675,3.0926210609253544
0.01246869617751612,0.014450142282321712,0.007128113632758654,-0.003954134286923799,0.21438168870136184,-1.8631242501470326,-2.203819299815287,3.025490700591837
0.012484834392247495,0.014450304886516954,0.00710316933188358,-0.003965880561706852,0.21302557475448541,-1.8725128982152857,-2.181912427572864,3.027903983422502
0.012351687661956915,0.014478288596192726,0.007272238172966149,-0.0038188084159600064,0.21855460289159198,-1.767515786651735,-2.34623607140048,2.956073696563355
0.012365818211307512,0.014471347215931032,0.007259490082143746,-0.0038409720358493667,0.21865898639313305,-1.7820711585326354,-2.3313649663246037,2.9705123136310596
0.012378408325821851,0.014479896795234176,0.007230031001854506,-0.0038383699369924917,0.21625001786944598,-1.784620844575161,-2.309356639457234,2.9606934209063844
0.01239440675581873,0.014477616997643477,0.007208673679962972,-0.003854718789196049,0.21537853508310384,-1.7968529680276397,-2.289185030345998,2.9681384595282756
0.012411902549243757,0.01448530806476903,0.007173066305695824,-0.0038570309708768715,0.21282996793507267,-1.8027571029607543,-2.26148975392479,2.9605635427202475
0.012457601395940071,0.014468348541614516,0.007123921779772237,-0.003917980119900275,0.21217583069673893,-1.8432534262667601,-2.209419298715709,2.9956660903147783
0.012425932922736959,0.014492624388475076,0.007143274162631244,-0.003857015627340023,0.2105373906530918,-1.8064309299839512,-2.2388172977787426,2.9525660281053776
0.012443158848839519,0.014487976481775574,0.007122848038015535,-0.0038772895006130847,0.2099468628972694,-1.8204002054403985,-2.2184413729829036,2.963162089055775
0.012323538652234083,0.014491246336460893,0.007298268298156369,-0.003775682050034684,0.21855288169107054,-1.73876484461004,-2.375993231416349,2.928150927052949
0.012337507245751911,0.014485243281505378,0.007284892005825748,-0.0037964910421361396,0.21847819660513237,-1.7527853644673221,-2.3610425537227813,2.9414253021683643
0.012321555437474489,0.01450653784876554,0.007282018053699676,-0.0037512555493862234,0.2161155082772983,-1.7269370055748468,-2.3690639473838813,2.904367379392579
0.012310798363432136,0.0145154374684364,0.007286717535351628,-0.0037289082143695837,0.215417621222705,-1.71324119864358,-2.3776465039341086,2.887643174858628
0.012297751737775002,0.014524868793281036,0.007293961178604833,-0.0037037952085318556,0.2148298017188572,-1.6975035271902568,-2.388743839828144,2.869329505081936
0.012022570107003264,0.014635489028284524,0.007530513211685466,-0.00328566992847175,0.21710826359856447,-1.4034547267502349,-2.653052171673009,2.5860891533392008
0.012196927152548165,0.01453889479099253,0.00742220482966944,-0.0035924762236240536,0.2202130753351286,-1.6107538094087797,-2.5106601746123043,2.8108341094837415
0.012211301319642981,0.014532509376383477,0.007409961533748516,-0.003615101124264501,0.22018145447685902,-1.6263815131250234,-2.49656107678312,2.8262386428563686
0.012225842014097989,0.014526112776957577,0.007397335379932707,-0.0036378044610853445,0.22013701299193586,-1.6420328004463702,-2.4821084013626376,2.8415662835691236
0.012037059957893946,0.014630197943471673,0.007518659641876342,-0.0033077727549525693,0.21689885238122916,-1.4195669866392506,-2.6400000262234307,2.6015525925862515
0.012195969644376662,0.01455539645282833,0.0074015437950969145,-0.0035679136259495338,0.21747480793189747,-1.5997115769727939,-2.4999105049897037,2.7860633450858203
0.012182523689034254,0.014563033846152583,0.0074104804756573925,-0.003544402285866204,0.2172096108442144,-1.5840775886802578,-2.5115797076800024,2.7691575838328735
0.012052519378257331,0.01462468541785073,0.007505665313141824,-0.0033310762142621316,0.21664790176614937,-1.436557357573158,-2.62582553782662,2.6176952301912597
0.012168638946634945,0.014570724664801924,0.007419800726738305,-0.003520346609743393,0.2169689590320931,-1.5679914038225071,-2.523598623485233,2.7518829535353473
0.012154315796114578,0.014577917969264664,0.007430240743042621,-0.0034965128506259393,0.21684072088742082,-1.551769850445855,-2.536372904861167,2.7350194038285753
0.012067727254447285,0.014617607841835106,0.007495050066138666,-0.003356148028905787,0.21671742617699954,-1.4540775972437707,-2.6130583246425476,2.635745210106022
0.012082130279615905,0.014610112440049753,0.007485933403584344,-0.0033809046626482493,0.2168973901735296,-1.471036184032542,-2.601427144899229,2.6538370321025044
0.012095759460163905,0.014602231030371116,0.007478237937884454,-0.0034053634108404084,0.21718670556804223,-1.4874745541942296,-2.5908765174564166,2.6719793492881228
0.012110204533430478,0.014595907520435129,0.007467083371664767,-0.0034284318546940356,0.217134444711545,-1.503680712403552,-2.5779089435867815,2.6882166520818487
0.012124990913312282,0.014590452464286828,0.007454099160867541,-0.0034505459300488146,0.21693744406367646,-1.5195762908921269,-2.563690810740465,2.7032353205992545
0.01213971207074127,0.01458452464392201,0.0074417040777401125,-0.003473156585766683,0.21682296285218386,-1.5355742032002515,-2.5497779883133416,2.7187410167524075
0.012240090614405445,0.014537180296846267,0.007362127451648325,-0.0036347442975529364,0.217179310613536,-1.6461326525888016,-2.45575571668507,2.830592197347469
0.012254826614457627,0.014548533633320196,0.007326051725888139,-0.003631592718310175,0.2141065508187638,-1.6501136095332107,-2.4289434410620916,2.819294001055544
0.012283708901234576,0.014533445434296563,0.007303567066590014,-0.003679028332533246,0.21445269169494977,-1.6815423458997234,-2.401515546446117,2.851856038343565
0.012269322767263766,0.014541219939298798,0.007314519043952605,-0.003655063929167715,0.21423680871393638,-1.6657685320054856,-2.4150858788806775,2.8353253273234675
0.012008583157460354,0.014641775035195684,0.0075401168266092675,-0.0032626825128194187,0.21709441478340197,-1.387204338707298,-2.664503734914009,2.569412554823709
0.011994124604244295,0.014647504476025133,0.007550991976154948,-0.003239869251917366,0.21721958063639266,-1.3707255661468862,-2.676833679273544,2.5531099103934127
0.01196589755346094,0.014660769509766093,0.007568728447391346,-0.003192396139343055,0.2171324262248462,-1.3372721223463306,-2.698651828272487,2.5181007870301655
0.01197995492968746,0.01465375707043002,0.007560569805794099,-0.003216599801822866,0.21725408033027085,-1.354162948558202,-2.688222939003269,2.5361337730673896
0.011951236597277072,0.01466733003808575,0.007578162671733213,-0.003168078275392652,0.2171162174908111,-1.3199713427824786,-2.7100061738959558,2.500211791047319
0.011936056909469667,0.014673274826240775,0.00758900110929635,-0.003143923185979673,0.21724055293695724,-1.3023930478212742,-2.7223270622918005,2.482705668585352
0.011921086696348837,0.014678461366611073,0.007600526110543209,-0.0031208890997833087,0.21750180440600794,-1.28528095271294,-2.7349175932073333,2.466201008731735
0.011878316621879591,0.014697517890421263,0.007626179392185684,-0.00304928106198795,0.21749105874002986,-1.233999852231915,-2.7661037495049516,2.4127699523294655
0.011892932848493458,0.014691117478793004,0.007617413560121186,-0.0030736659018036944,0.21748998363411623,-1.2515244248480306,-2.755518515241539,2.4309734023582
0.011906927295635722,0.014684304278343262,0.007609880953608739,-0.003097829737942802,0.21758145788723207,-1.2685686625876953,-2.745838291572451,2.4492175946149928
0.011863142245297865,0.014703418689423093,0.007636223923680774,-0.0030248318625699954,0.21762350231601715,-1.2160680914869755,-2.777600923033134,2.3947308447563347
0.01180505227810151,0.01470896056297729,0.007699414278287776,-0.0029513233599883573,0.22110473206421746,-1.1536149049409496,-2.8364636224314026,2.346336991882998
0.011847682323801983,0.01470889591045173,0.007647090956306008,-0.0030005075604304294,0.21783748775286618,-1.197949428791638,-2.7896302365324535,2.376916817765677
0.011832529136093386,0.014713805266104428,0.007658276477664066,-0.002977150856488676,0.21815049999641187,-1.1802884595003211,-2.801686786432768,2.359906653720135
0.011818079678866856,0.014719520389085772,0.007667201776855763,-0.002953537242877199,0.2182635851146455,-1.1629340136277773,-2.8120515360239327,2.342240071822438
0.01176014895299158,0.01472562589140642,0.007727699250877699,-0.0028782930139699403,0.22168191338847867,-1.0991789066122057,-2.8685625935801604,2.2915526739132077
0.011775027794515308,0.014720527255655043,0.007717835930351774,-0.0029020483607328975,0.22141038161415752,-1.1171199904191853,-2.8576847073520173,2.309275992628386
0.011790128524977487,0.014714988784770342,0.0077082243088612,-0.0029265248397623528,0.2212001489767634,-1.135395311619359,-2.8468289500505617,2.3276103353211046
0.011668855644056607,0.01477430472318391,0.00775657195441404,-0.0027112440054351465,0.22005867524202857,-0.9819999182359691,-2.9135231541667452,2.1594414660672
0.011683596224476206,0.014768955804681265,0.007748403750910343,-0.0027353759623485814,0.219861934956285,-1.0001273550559755,-2.9042094287173694,2.1778833553012955
0.011698849356060212,0.014764487654979466,0.0077380751099205836,-0.0027590625989140152,0.2194911860668353,-1.0184601869102312,-2.8933122180459656,2.195571965242386
0.011714186053116674,0.0147594756543566,0.007728350104715967,-0.002783399694911539,0.21920938874921,-1.0369856205736463,-2.88271448801536,2.2138599356333617
0.011729303759226343,0.014753872845060923,0.007719641959771422,-0.002808089341845659,0.21904880542841967,-1.0554116167753866,-2.872758005439542,2.232584169321574
0.011743911864925604,0.014747847869628563,0.007712021250301887,-0.0028326070235863633,0.21899395780112374,-1.0733828729611685,-2.863573938291056,2.2513337389651085
0.011757876051567804,0.01474196671334399,0.0077047656873647855,-0.002856143015136627,0.21896366352453664,-1.0905668611422916,-2.8547474254811003,2.2693293859106833
0.011654017472192498,0.014780678416951845,0.007763027396350507,-0.002685786408846299,0.22006606496376688,-0.9634081582443644,-2.9216904763580263,2.1396300211674344
0.011622425696770246,0.014789828425966477,0.007783352437505275,-0.002636344237715943,0.22085800411780712,-0.9250323766223373,-2.9430811174471843,2.102373286560874
0.011638222905256304,0.014786490101308218,0.0077712731341577765,-0.002659730467839032,0.22021239245334592,-0.9438840048578682,-2.931186895579572,2.1196092819652956
0.01119772030275495,0.014854427471532412,0.008090579382459844,-0.0019961408918469643,0.24432621013791364,-0.39069229129842736,-3.2276383797340826,1.6196635581507524
0.011193365374554948,0.014869760515588323,0.008066180962656393,-0.001976634798085943,0.23751176704062263,-0.3808026428887397,-3.213480452654745,1.5962022128297944
0.011212967710514188,0.014850640095209082,0.008084271528374237,-0.002021535636305268,0.24298735190693665,-0.4110038576499914,-3.221437134284864,1.6397887063102823
0.011208632351514522,0.01486601940184504,0.00805989305598735,-0.002001903588973928,0.23733085755589958,-0.40099964997112675,-3.2072738099648785,1.6164279377281332
0.011228203096582517,0.014846804839638697,0.008077881594581428,-0.0020469197586751435,0.24206310785262045,-0.43131552043622784,-3.215078841150986,1.6599124693614407
0.011223895575356592,0.014862250662750244,0.008053484240008152,-0.002027145411873899,0.23708247356049741,-0.4211418620988985,-3.2009383893044183,1.6365765219322341
0.01124342629880737,0.014842921746160495,0.00807140899975419,-0.002072295227334598,0.24164458899011096,-0.4516181496224149,-3.2085555363271454,1.6800762470787711
0.01123916499404926,0.014858439063844134,0.008046972020022405,-0.0020523859184496773,0.23668288930026907,-0.4412470493676018,-3.194484628761551,1.6566692688946214
0.01125444247184045,0.014854569349873543,0.008040380107135418,-0.0020776407479952846,0.23616490156578543,-0.46132999383573886,-3.1879254510457664,1.6767312431330212
0.01117372252420668,0.014889044440033193,0.008048104803662246,-0.0019321068931014262,0.23713300797490874,-0.35646270383621365,-3.2023392167212488,1.5589202283889874
0.011189033291621159,0.014885348508266972,0.008041993216084503,-0.0019573051209986116,0.2366570673592168,-0.3765893645162434,-3.1963596092611373,1.5790331951864756
0.011158368413246212,0.014892752701793298,0.00805405414407396,-0.0019067945573818105,0.23759002104586827,-0.3362617340692427,-3.20814416979233,1.5386906194428978
0.011142986331282675,0.014896461357503636,0.008059848888266647,-0.001881401610375512,0.23800712712818275,-0.3160075378684923,-3.2137783568386453,1.5183712921274413
0.01161773353418194,0.014804764582566151,0.007764216036649665,-0.0026140782377668944,0.21852141491074845,-0.915335798406048,-2.931932599603752,2.0810288935189933
0.011605391064979396,0.014811338987895132,0.007766961774473749,-0.002591499022722536,0.21827645706082646,-0.8995056866258019,-2.9368055159804425,2.0629707720901647
0.011590594522706882,0.01481916421233302,0.007770162614787627,-0.0025644951481490815,0.21800934659328505,-0.8805463354529094,-2.9425219801288196,2.0413582078120878
0.01132332493462651,0.014866408067288348,0.007957308172685888,-0.0021638057742235164,0.2296288409449954,-0.5502981735770502,-3.120216021769204,1.7386160587100148
0.01145952870065401,0.014826560458275772,0.007894474784770178,-0.002387223516708919,0.22670758157221202,-0.724638123791831,-3.053465631756452,1.9143310345530653
0.0114744835109454,0.014822341861547685,0.007886459629126588,-0.002411341974905746,0.22632612479441416,-0.7435545510260689,-3.045069865691739,1.9330517200158808
0.011489645242379101,0.014818150933680352,0.007878020016730729,-0.0024356456978587167,0.22593348690910472,-0.7626588886123916,-3.0362875623201036,1.9518401038925204
0.011353967481767244,0.014858121577300452,0.007943215716619783,-0.0022137589490040005,0.22886927048845482,-0.5896889269242233,-3.105685677669147,1.7779883447740203
0.011369336081244496,0.014853733912555239,0.00793628727719202,-0.0022389561791110687,0.22851976562374873,-0.6094118186776659,-3.098390944276579,1.7978502756145287
0.011384502081618975,0.014849100788967418,0.007929800615367301,-0.002264064732552013,0.2282372147908609,-0.6288806472082317,-3.091361777031441,1.8176904394691598
0.011399547296177842,0.014844512053163351,0.007923177793573663,-0.0022889230972672064,0.22796031327867192,-0.6481671404176695,-3.084198217748533,1.837297796806684
0.011414631405099124,0.014840139493711954,0.0079159719383893,-0.0023135771369785685,0.22762059605564264,-0.6674357296538994,-3.0765723033166736,1.856640563321508
0.011444668704400128,0.014831100358972893,0.007901681339301332,-0.0023628519494429067,0.22699885778799908,-0.7057347943630005,-3.061238078127516,1.8952662394914264
0.011429725669921417,0.014835719093936647,0.007908667235123493,-0.002338242084108113,0.22728381345297985,-0.6866810191788294,-3.068815984268792,1.875960410905886
0.011350349013967758,0.01487501226534863,0.007917255163987382,-0.002192980871388927,0.22595470726092884,-0.5833305558836893,-3.0887889742653374,1.757408250619606
0.011334835500843077,0.014878497715250944,0.007925581390829285,-0.0021685175175094433,0.2264625113223309,-0.5636399952041055,-3.0969311780327438,1.738351737305873
0.011501209964775357,0.014830594245514197,0.007845178732596068,-0.002438000804002725,0.2227547161034509,-0.7739208321065812,-3.0120404999458317,1.948954030979085
0.011517078224207953,0.014826707630667785,0.007835303518252684,-0.0024626473281104265,0.22224586062825938,-0.7935219928632155,-3.002092620774867,1.9677366838109946
0.011557559771726027,0.014824992905743146,0.007795775221193446,-0.002516478143885062,0.21946230922930293,-0.8411337419041868,-2.967057418124573,2.005941117186534
0.011545255887161562,0.014831625442011418,0.00779776245679916,-0.0024938004265835693,0.21918162898694468,-0.8252707090088601,-2.9711916294051584,1.9876541467922968
0.011573638830436975,0.014826728795787603,0.007775888093314789,-0.0025350428239863817,0.21791553840833583,-0.8591936855285144,-2.950319945063394,2.018126021307379
0.011530254948663774,0.014839338492503252,0.007800617075232933,-0.0024665528649553754,0.21893856774162337,-0.8060331310537269,-2.9764465120154493,1.965753232724211
0.011280967705977593,0.014862690376153656,0.008002453769254715,-0.002108048266401714,0.23416863581611172,-0.49692843433939377,-3.157110710389643,1.6989263046820071
0.011265538439533344,0.014866668581433073,0.008009216739758027,-0.0020827153885854895,0.23448227897903898,-0.4768095803579108,-3.1639482714934197,1.6788199013569756
0.011292453460312697,0.01487540403108032,0.00796965346983909,-0.002112698070317672,0.23021962728309722,-0.5104373991118444,-3.1333301630014905,1.6980156319553006
0.011308052214658054,0.014870970874280624,0.007963309770554447,-0.002138439582520454,0.2298965264698245,-0.5305778317661347,-3.126665704831307,1.7184484198447925
0.01089049580236992,0.014920062725815754,0.008199969221890584,-0.0014841014630302722,0.2524783525099073,0.023085802910538616,-3.327645967543289,1.2062095366204695
0.010905949863632839,0.01491724057216887,0.00819526135282517,-0.001509882130297203,0.2529737854871198,0.0019991859112541855,-3.3237189553054436,1.2272128177807282
0.010900689520373446,0.014932596292535355,0.008169257762607664,-0.0014916720327960897,0.2463562922680735,0.010678966446375166,-3.3075060750258705,1.2055646714602117
0.010921395106936287,0.014914369853492293,0.0081904726864386,-0.001535646521827988,0.25336004243817867,-0.019021165494396922,-3.3196708346258172,1.2482438633973487
0.010916232045846372,0.014929737752731842,0.008164503280313715,-0.0015174041295147602,0.24557044980948217,-0.010245749501185923,-3.3036382945734117,1.2263329730508385
0.010936831374304052,0.014911450597951648,0.008185603449790574,-0.0015613934680892875,0.2537216536184632,-0.039972311810818326,-3.3155174231766082,1.2692785130220654
0.010931745115280585,0.014926807793594302,0.00815972113303355,-0.0015431058372378811,0.2448396582176189,-0.031139176791775292,-3.299678698469903,1.2470957253938346
0.010952258507486396,0.014908482834330765,0.008180654147665157,-0.0015871206526498645,0.25410172926116115,-0.06084979870301793,-3.311277660595195,1.290284077903025
0.010947230076955023,0.014923808744162046,0.00815490690018515,-0.0015687789235214239,0.2441367729227822,-0.05200220177385829,-3.295617025383416,1.2678601811543124
0.010967676347966866,0.014905466592036428,0.00817562703593198,-0.0016128168870315292,0.25394009487246855,-0.08165353717339216,-3.3069621566189817,1.3111961662734657
0.01096268620892095,0.01492074369798702,0.008150056331558094,-0.0015944219820348481,0.24353165077337424,-0.0728303172510774,-3.2914464406580493,1.2886332618902048
0.011059979335296836,0.014886352812552905,0.00814377611057721,-0.00176662444910663,0.25013854930793705,-0.20628743094086002,-3.2784235003963986,1.4353978961779676
0.011070590996630332,0.014898330354402451,0.00811314726664168,-0.001773193802190894,0.24052347523665504,-0.21741672253159372,-3.258475615105478,1.4328046693410144
0.011044620593952056,0.014889659273885174,0.008149292053692652,-0.0017410022240493845,0.24933476544020175,-0.18556819995123627,-3.2835238165297684,1.4146190840942892
0.01105517899846583,0.014901711427202214,0.008118621171266438,-0.0017476415789161091,0.24115538449971688,-0.19681722252243342,-3.2635208207354425,1.41223138516051
0.011081287635200707,0.014910551543294496,0.00808274202678999,-0.0017797784052693167,0.2397743214693682,-0.23451504862838154,-3.2354950091816836,1.4369012203560787
0.011096699361287259,0.014907065916520204,0.008077227292612085,-0.0018051958166380758,0.23928121997069282,-0.2549016573862082,-3.230310525908959,1.4573137607162376
0.011112123565444934,0.014903609491655277,0.008071472741424833,-0.001830569388352051,0.23881012502205431,-0.2752922747132374,-3.2248903508499285,1.477660552554692
0.01112756398993974,0.01490008979454716,0.008065643649692375,-0.0018559756188321647,0.2383995856117033,-0.29567661651022387,-3.219353063176165,1.4980132163727662
0.010235504770669994,0.014994450670793703,0.008323943117577448,-3.9246272068087365E-4,0.27334964392909894,0.9215671185370701,-3.3775765167693534,0.31921470864398704
0.010251191169966171,0.014993686313349191,0.00832266954176449,-4.1859906620210393E-4,0.2724591829385046,0.8999406544149909,-3.378923176103751,0.34030301563197457
0.01024397241007,0.015008052922133919,0.008294812357911774,-4.0406499995702163E-4,0.2668902749431677,0.904321809013617,-3.359409340134924,0.32257576552786377
0.010266875049167085,0.01499287269095979,0.008321312397270136,-4.447606117515216E-4,0.27298664369944414,0.8782889463463736,-3.3801366701989717,0.3615264226530257
0.010259716109835197,0.015007315840862184,0.00829339905937263,-4.301283933251712E-4,0.26631580235106855,0.8828546821952008,-3.360663853559842,0.3435986178986165
0.010282556267937627,0.014992009811233265,0.008319872835083422,-4.7092297820721757E-4,0.27361770923054657,0.8566593811519939,-3.3812253934519894,0.3828411581853057
0.010275467484578056,0.015006497619674581,0.00829196191160239,-4.5620810144988234E-4,0.2655527961894642,0.861378993789995,-3.3618353399006238,0.36465260221225765
0.01029823468538191,0.014991097682117146,0.008318351465357287,-4.970740064692847E-4,0.27395982452368084,0.8350733431827176,-3.3822007599188812,0.404182966819238
0.010291213250090886,0.015005596216169032,0.008290507360977127,-4.8228601083988423E-4,0.26485829112370635,0.8399001589011229,-3.3629249231697433,0.38574622492625227
0.010313910160050259,0.014990136311907442,0.00831674843762866,-5.232120011408023E-4,0.2741873929598279,0.813536555274267,-3.383076694281334,0.4255039936833478
0.010306944434868364,0.015004622483726074,0.00828901674706898,-5.083466661173871E-4,0.2642375286628473,0.8184248113414779,-3.3639125100605134,0.4068717626058456
0.010329582549946167,0.014989125709257183,0.00831506451112966,-5.493266234347305E-4,0.2738121893519127,0.7920428517485932,-3.3838533736006244,0.44674184758283114
0.010322657764928979,0.015003583538525114,0.008287478004400287,-5.343843594776775E-4,0.26372028327382785,0.7969608213251052,-3.3647874063310668,0.4280277779288469
0.01021981599104591,0.014995165756016561,0.008325133443049113,-3.663468093544606E-4,0.27541830586724286,0.9431347976471963,-3.3760829182333705,0.2981872631916918
0.01022823936418306,0.01500874958808378,0.008296123318921449,-3.7801292845199107E-4,0.26705297811043116,0.9257799437861046,-3.358017351470641,0.30153212305119653
0.010172736759216247,0.014997015310364323,0.008328215552100822,-2.8789050659411525E-4,0.276342889979635,1.0077951539989713,-3.3707814601172768,0.23473007720449424
0.010188431847002629,0.014996448082291579,0.008327270039367536,-3.1405095264940274E-4,0.2762078028477957,0.986225472939767,-3.3726634253634056,0.25590490314537434
0.010181004757255504,0.015010710849642032,0.00829924525181249,-2.9977155633532774E-4,0.2680921898770536,0.9901727661186915,-3.352904372937633,0.2382477920161358
0.010204124970286513,0.014995831562063067,0.008326242256747428,-3.402134720332076E-4,0.27653514805700957,0.9646710834041551,-3.3744381860271147,0.27708863850835824
0.010196754999502917,0.015010109754576144,0.00829827963570541,-3.258583910161063E-4,0.26753181607254944,0.9687072089343639,-3.354726398340618,0.25931746535175987
0.010212503730617153,0.015009442461127025,0.008297264449046366,-3.5194703929155056E-4,0.26712478394597067,0.9472388317610821,-3.3564455374511293,0.2804321255314393
0.010859561856462018,0.014925561228420123,0.008209136502172655,-0.001432526068947294,0.25296379350281395,0.06537205283493513,-3.33507713137057,1.1644016303440663
0.010875033080843397,0.014922836286880738,0.008204594596877113,-0.0014583141201404586,0.25238013068758747,0.04422043648565812,-3.3314372566252697,1.1852689947986954
0.010869573615564725,0.014938086585389166,0.008178670290552963,-0.0014402046733795677,0.24776036636195628,0.05256561684245346,-3.314972540402809,1.1640415811910578
0.010885129353882776,0.014935377165392451,0.008173988261949748,-0.001465929823935082,0.24713315416222148,0.03162233590678477,-3.311288377690882,1.1848006835289
0.010595401104716108,0.01496442318144846,0.008273896618920015,-9.923156283835539E-4,0.26331968309895765,0.4262443919884033,-3.3772280537227766,0.8066420962263156
0.01058932535805672,0.014979411538139089,0.008246791334201883,-9.759882893955757E-4,0.2560568084373496,0.4331227666127712,-3.359364111139634,0.7867021579422487
0.010579803377811692,0.014966269026450152,0.008276973793207257,-9.663131686002627E-4,0.26368931758228514,0.4477167825881905,-3.378673316286534,0.7853649278007796
0.010782083680081914,0.014938455742167744,0.0082306122112148,-0.0013034862533140977,0.25948079917702466,0.17084618450997968,-3.3510220236130936,1.0602747686663156
0.010776545676646425,0.014953499274196367,0.008204451282833267,-0.0012861461548839134,0.24965798004282821,0.17848535921810926,-3.3343275585535146,1.0388811021437094
0.01076656472721855,0.01494088843417703,0.008234668431851515,-0.0012776102740561998,0.2593299081298713,0.19196852059455746,-3.3538614288225723,1.03919819970495
0.010760981551723392,0.01495594844546673,0.008208390910533913,-0.0012603507819060758,0.25037909199845326,0.19962533570264449,-3.337081574876041,1.017893146359137
0.010751038364750519,0.014943272334665861,0.008238645371724819,-0.00125170854775807,0.258728221671908,0.21317227249732992,-3.3566147219157974,1.0180654638026965
0.010745392157017428,0.01495831833013087,0.008212314842324901,-0.0012345334723889382,0.25114111392780675,0.2207842959718823,-3.3397427915957913,0.9969360099213286
0.010735504747544684,0.014945607421372955,0.008242540342536327,-0.0012257982519728915,0.2584666794421048,0.23444119274725927,-3.3592634252299916,0.9969552034362831
0.01061099310527128,0.014962528329925277,0.0082707361907774,-0.0010183205291884965,0.26351296844351907,0.40479942618564996,-3.3756568803792306,0.8279718130335648
0.010604993761325615,0.01497753589366494,0.008243670066895558,-0.0010019334035282533,0.2554151596561369,0.411791348538582,-3.3579568796408528,0.807743180797717
0.010626579228399678,0.014960584488801503,0.008267492531257775,-0.0010443277134758507,0.2644281734552318,0.38341073258631325,-3.373982018947697,0.8493526766234393
0.010620650826966655,0.014975590555830906,0.008240507545816999,-0.0010278679279111427,0.2546142204568526,0.39046874199560005,-3.356445684000953,0.8287907240361757
0.010642159322614201,0.014958591675504214,0.008264168299325959,-0.0010703164097726429,0.26522668737489197,0.3621009107091601,-3.372224710358063,0.8707148075765992
0.010636277806130022,0.014973558403976314,0.008237344768490196,-0.001053772309333655,0.2537556529208858,0.36917155675388086,-3.354850812272479,0.8498666116727637
0.010657733236025013,0.014956549907973092,0.008260766920868324,-0.0010962607759044658,0.26448186189059064,0.34085378493964774,-3.370384020503884,0.8919449568500966
0.010651868313213261,0.014971448815717539,0.00823416796928954,-0.0010796365436855605,0.2531663283030375,0.34791110109185436,-3.3531650221754457,0.8709765854936217
0.010673300816346347,0.014954459204666778,0.00825728778773167,-0.0011221664003551485,0.2623113503922168,0.3196184179590461,-3.3684395248201278,0.9129998079468894
0.010667441723677805,0.014969306740390945,0.008230885022191221,-0.0011054717389814858,0.2530180751311227,0.3266788617542918,-3.351334209044188,0.8920852448646882
0.010688861910903293,0.014952319584569098,0.008253726711113685,-0.0011480649685496975,0.26032325573742704,0.29835384404710213,-3.366367698974178,0.9339539724031058
0.010683019952374868,0.014967167981788944,0.008227419147967761,-0.0011312910975611373,0.25301406687975175,0.3054666938487309,-3.3493103531799995,0.9131395610266905
0.010704416366638627,0.014950131067195255,0.008250081378260011,-0.0011739731270074564,0.25923145736370024,0.2770562940749119,-3.3641509347562892,0.9549055647218031
0.01069860715701368,0.014965023455515728,0.008223784632950093,-0.001157100408699353,0.2528046025081155,0.284276712704111,-3.347106027632823,0.9341267942879358
0.010719964030119582,0.01494789367259786,0.008246352364939494,-0.0011998860799324797,0.2586773074097988,0.2557445807830998,-3.361781387341601,0.9759015571514021
0.010714199496317715,0.014962844581103028,0.008220035355373483,-0.0011829065093579777,0.25236879494388414,0.26310606678494247,-3.3447630651917417,0.9550725227554028
0.010729795231295079,0.014960613143292075,0.008216205145333109,-0.0012087166405019096,0.25180782311785727,0.24194473621176318,-3.3423058561213312,0.9760024910697248
0.010797595068132212,0.014935974281465732,0.00822647881655191,-0.0013293237336369482,0.25840827503753494,0.1497826334936053,-3.3480923021676356,1.0812208343926983
0.010792069157480122,0.014950989800958823,0.008200470182309476,-0.0013118884117541958,0.24919930613987953,0.15739274226826383,-3.3314676499827027,1.0598721133680546
0.010813098735826325,0.01493344407547077,0.008222266837110958,-0.0013551322903409219,0.25650949955408436,0.12872646448014982,-3.345051196493061,1.1020397226037233
0.010807558287072631,0.014948454596021862,0.008196381617036024,-0.001337567948490658,0.2490357909955669,0.13636172598877758,-3.3284678408580937,1.0808158380597679
0.010828594527293183,0.014930865148160088,0.008217972947901265,-0.0013809327087679357,0.2548659019270484,0.10763944548309544,-3.3418774870726273,1.1228059770222716
0.010823037416707567,0.014945910890608032,0.008192141088278664,-0.0013632090832657632,0.2489230273158997,0.11538271376464794,-3.325304468420788,1.1016845267858857
0.010844082286340592,0.014928237524093783,0.008213595896541153,-0.001406732402299078,0.25381103039848524,0.0865169105932609,-3.338556312619653,1.14358589247236
0.010838527364611545,0.014943345955334092,0.00818775969204774,-0.001388847761161967,0.2486503623193029,0.09443570710918657,-3.3219878032992276,1.1224938624320602
0.010854038285737139,0.014940740361152139,0.008183265932227344,-0.0014145098999641269,0.24824383121389815,0.07350155798609405,-3.318540741876299,1.143274650994991
0.010786631341445217,0.014966412660999193,0.008174329955610479,-0.0012947201217582995,0.24875839410347542,0.15877322723486698,-3.312580635985856,1.04535078700933
0.010573652665475218,0.014981233601741693,0.008249837803981199,-9.500370138679962E-4,0.256624321352314,0.45446190854554697,-3.360653091892548,0.7656484070929404
0.010564200075219217,0.014968065848509118,0.008279969090466566,-9.403016998019955E-4,0.26407391926199875,0.469207526842604,-3.379984042606235,0.7641115622600921
0.010439190866250394,0.014980673788053402,0.008300976987087075,-7.320074830963202E-4,0.27018685152569094,0.6411708201358333,-3.385484709991854,0.5951078583939777
0.010432593283177388,0.014995346201979865,0.008273611209526114,-7.164511772165897E-4,0.26061854483536656,0.6468561979933735,-3.3669335683029344,0.5757580770606631
0.010423544090142324,0.014982028743765486,0.008303236649749801,-7.059135895559698E-4,0.2699281033112262,0.6626690202168783,-3.3856245498699296,0.5737757490382087
0.010454833402759,0.014979269682969046,0.008298636448386604,-7.580821809241909E-4,0.2701123082371241,0.6197261443421989,-3.385251938780812,0.6163806585861312
0.01044826936894569,0.014993917299548222,0.008271410389581015,-7.424303786973033E-4,0.2600208655124279,0.62543139794201,-3.3668034572745493,0.5969122002170363
0.010548591347176688,0.014969813631697155,0.008282883729732382,-9.142707596515032E-4,0.263946249474512,0.4907285897947699,-3.3811610312957234,0.7428669909208038
0.010557967453433336,0.014983003151374748,0.008252810739241202,-9.240674182435135E-4,0.2572621538389442,0.4758195644953727,-3.361828848354533,0.7445760133233162
0.010532977343492102,0.014971512360572392,0.00828571718537431,-8.88225254090534E-4,0.26351429585765207,0.5122880572403733,-3.3822052274225616,0.7216620381838611
0.010542263219242162,0.014984704905671865,0.008255741454053786,-8.980754724722183E-4,0.2580288845239802,0.4972000173432291,-3.3629131614640575,0.7235008554934583
0.010416899994020797,0.014996706593783401,0.008275770974877387,-6.904522581824493E-4,0.26127399995712963,0.6682925383303518,-3.3669547956434696,0.5546334590162347
0.01040789322055687,0.01498333453830101,0.008305414705992447,-6.798077474633739E-4,0.26966486335025264,0.6842176249761168,-3.385662327185751,0.5524402038345845
0.009984292236633437,0.014999975326556125,0.008333148627495308,2.6181694595278622E-5,0.2808021628856676,1.2660319013997707,-3.3384634110921456,-0.01802343591333525
0.01,0.015,0.008333189800092103,-1.9669413407457177E-8,0.2817278829477123,1.244542519555288,-3.341861577992128,0.003076953856940437
0.00999206248595483,0.015013975953931375,0.008304585917372286,1.3175789168150218E-5,0.2722882435163685,1.247086562614559,-3.3212314530323845,-0.01347889272134768
0.009968584960421896,0.014999901308554829,0.008333025261836945,5.237165444502317E-5,0.2806246609798684,1.2875333325203997,-3.3349591322289505,-0.03905517592033094
0.009976295233946733,0.015013924746406246,0.008304501656551824,3.928813292209667E-5,0.2728723487439297,1.2684450900071562,-3.3177747511827924,-0.03434607475307907
0.0049878330139396495,0.010410241871367494,6.769154202415253E-4,0.00827083525508878,0.05261972298118558,0.42221253201720493,2.591750661978963,0.31955201530233474
0.00498383888299283,0.010347270579122693,5.731728486445506E-4,0.008279735245426531,0.07383778206946918,0.3565149517446049,2.593679896795227,0.3874785334426592
0.00498486256927774,0.010362920499477218,5.989851582871877E-4,0.008277771662207141,0.06842443113698395,0.37284308410274397,2.593360696213218,0.37059309386188466
0.004985756129156535,0.010378635774211411,6.248617731421641E-4,0.00827550161013411,0.06308338485430194,0.38922153487828975,2.5928432080804114,0.35360654453890955
0.004986720951010921,0.010394425347767763,6.508578884958347E-4,0.008273156772405003,0.057836509245812386,0.40568953916945855,2.5922853927746776,0.3365690918179683
0.004967204164666436,0.010325013107222036,5.336390141055621E-4,0.008264453866370465,0.07890479024129744,0.32965953981433244,2.5820735275874225,0.4080680706684086
0.004968723888571053,0.010340565371911243,5.592683388023239E-4,0.008263292623375636,0.07383702144483363,0.345978871405259,2.5823020071889897,0.39144421947664026
0.005074438771579878,0.010859561856462023,0.0014325760599807745,0.00820912808902602,-0.0898492346009138,0.9082020013987014,2.5807777347824588,-0.15351373109373403
0.005059296218273278,0.010854223371522085,0.0014165796425576569,0.008193558463662957,-0.09295747838099265,0.8942867408134944,2.571248389951666,-0.14611969610123254
0.005071762475906215,0.010844082286340592,0.001406787560410306,0.0082135866071343,-0.08483468155545491,0.8915588141713299,2.582589418772215,-0.13727941459157056
0.005069134851839914,0.010828594527293182,0.0013809551637574127,0.008217969179942488,-0.08115544239461858,0.8748243718890669,2.58437131837758,-0.12096938284962717
0.005056611977564113,0.010838668139561731,0.0013907822182149807,0.008197997653562312,-0.08796898322868148,0.8774865025495892,2.573103576820636,-0.12975451120355985
0.005066555924529232,0.010813098735826325,0.001355112539713245,0.008222270039809694,-0.07687611636214403,0.8581097877873071,2.58613042939782,-0.10459334910471767
0.005054003467612752,0.010823076742007248,0.0013649431145170343,0.008202397434701837,-0.08286423705778302,0.8607289796658241,2.5749208460537543,-0.11337351962067298
0.005064025718534266,0.010797595068132214,0.001329267074069844,0.008226487978029018,-0.07208556920035238,0.8414659224175297,2.5878380779355763,-0.08819586518084765
0.005051467657554403,0.010807495906940605,0.0013391294595492852,0.008206732292226099,-0.07788519020991795,0.8440320716999908,2.5766819359162834,-0.09701856620555681
0.005061544257832261,0.010782083680081916,0.0013034199990919221,0.008230622886716062,-0.06689762838585837,0.8249038539176694,2.589473701927278,-0.07180784803296696
0.005048993038850118,0.010791937093048834,0.0013133519922143826,0.008210984421443733,-0.07298482937610946,0.8273776683111348,2.5783901308162522,-0.0806823515498503
0.005054392578627049,0.010735504747544684,0.0012258599550528156,0.008242531403649474,-0.0488864848854092,0.7753192711102507,2.5939825539195667,-0.022800327609534005
0.005056727665334141,0.010751038364750519,0.0012517298017300559,0.008238642541016073,-0.05467724000403637,0.7919050903740973,2.5925305346122687,-0.03912250224672177
0.00504177723036404,0.010745324713891983,0.0012360622629651837,0.008223107802668684,-0.05899181884097631,0.7773970498313766,2.58316153676958,-0.03156891149394473
0.005059111565822969,0.010766564727218549,0.001277576231023281,0.008234674080152691,-0.061013671568853074,0.8084055591298194,2.5910344221775827,-0.055448982287350214
0.005044167399685347,0.01076086178208051,0.001261841441576014,0.008219188169454534,-0.06361093006340802,0.7940809996667476,2.5816405026615175,-0.047975800512419016
0.005046566991525335,0.010776394848153292,0.001287596179392628,0.008215143019369056,-0.0682151017162408,0.8107370717623431,2.5800468928123172,-0.06434180236936059
0.005052106327402137,0.010719964030119582,0.0011999495340174549,0.008246343119355633,-0.044377273407386404,0.7586228946036728,2.595412348770962,-0.006433446765108697
0.005039407320087827,0.0107297651160488,0.001210237469678373,0.008226921399515934,-0.054088123312678156,0.7607057940479597,2.5846165211342,-0.015119162736010189
0.005026417565833974,0.010739654738692444,0.0012205540756956405,0.008207749390183499,-0.05459543053110944,0.7697625068714173,2.571726054467368,-0.02983607259048168
0.005043450092026908,0.010657733236025013,0.0010962132421224063,0.008260773351938372,-0.0246185215269597,0.6923387443066001,2.6007504720415087,0.05945904554166199
0.005028587800763957,0.010651790477641747,0.0010809540353048158,0.008245113546878957,-0.028760248605986524,0.6777997398498307,2.5912439571843238,0.06726703004428482
0.005045540795333225,0.010673300816346347,0.0011221210959411543,0.008257293872508405,-0.03160218839567531,0.7087507983693647,2.5995179398185355,0.04300705706909408
0.005030671940856051,0.01066737707792289,0.0011068106284330794,0.00824166721568345,-0.03339932738200794,0.6943959145319144,2.5900336533208876,0.05075390252814521
0.0050476804154309,0.010688861910903293,0.001148049108912951,0.008253728711761195,-0.037173092856384767,0.7252387555530785,2.598203710418879,0.026509875353841528
0.0050327533958479075,0.010682967185889668,0.0011326502728374285,0.008238079399368768,-0.03814592007128149,0.7109401144046208,2.5887484321894925,0.034281488157974264
0.0050498689328047465,0.010704416366638627,0.0011740028731728022,0.00825007695276662,-0.04090324216793471,0.7418867055134902,2.596825603809485,0.010009621582594804
0.005034877265075634,0.010698569038489267,0.0011585004510839536,0.008234394943118182,-0.043354338891814864,0.7274684679776812,2.58740226993485,0.01782394609174501
0.005037094977302203,0.010714175309657138,0.0011843720315101015,0.008230672321185099,-0.048809280657057814,0.7440512573718236,2.586023984514766,0.0013546991495002986
0.00500902129459116,0.010614615972967416,0.0010141419881223195,0.008235877399404734,-0.014538856358605972,0.6370480752218602,2.5819044039195993,0.10199731864653429
0.005011124840705703,0.010630298284424003,0.0010400640582986498,0.008232757250329343,-0.019584924144639634,0.6536465989407417,2.5808909999209644,0.0854485516357049
0.005013322129911259,0.010645913924888289,0.001065899014741237,0.008229628324292396,-0.024660362704711402,0.6702014408124667,2.579870384821245,0.06899266096050706
0.005007043948745657,0.010598880290972237,9.881638690383248E-4,0.00823902068282127,-0.00950095720524141,0.6204211629521411,2.5829343436293306,0.11863675174559953
0.005000420856565112,0.010536060338420543,8.846951840519651E-4,0.008251630031090806,0.011076538190693137,0.5542894801383945,2.5871557063685113,0.18544757699219885
0.0050020545924701065,0.01055166895277522,9.104303804008889E-4,0.008248696107595039,0.005773344457955117,0.5707124974951442,2.586231591608921,0.1688344041189516
0.005003577823666196,0.010567354230462086,9.362333385842979E-4,0.008245467047468273,5.789697293818549E-4,0.5872034397393319,2.585119046268995,0.15211374247427312
0.005005215461548211,0.0105831116032562,9.621673310092289E-4,0.008242205769557205,-0.004479119415640776,0.6037892854098318,2.5839966761645736,0.13535346066886933
0.004972966320129302,0.010419464027089658,6.883952530904706E-4,0.008251184664314805,0.047598899446587954,0.4279043244521598,2.5793120532652885,0.30644000283582523
0.004974166147961596,0.010435360592889653,7.144384168171896E-4,0.00824871910951073,0.04235884401102499,0.444479973990309,2.5786998762504534,0.2894201846046815
0.004975491650526155,0.010451248370155493,7.404837053277884E-4,0.00824625815822254,0.037137838416009865,0.4610770853754212,2.57809336458121,0.272443516569642
0.004976984255303811,0.010467133444347819,7.665540345877145E-4,0.008243849083737822,0.03193827965829766,0.4777123797386082,2.5775240123298775,0.25551182285337104
0.004978678523334939,0.010482998098838148,7.926336417676758E-4,0.008241537411967226,0.026770114980875597,0.4943764868597969,2.5770212953567397,0.2386512470632903
0.004980599290008534,0.010498795149221578,8.186579342611234E-4,0.00823936620019855,0.02164916017240619,0.5110273032126664,2.57661130325592,0.221917581733193
0.004982747077747342,0.010514460080396776,8.445284078256726E-4,0.008237356611018981,0.016593987802692958,0.5275988747180876,2.5763043326848805,0.20537993893034415
0.004984936586135575,0.010529944097142132,8.70115447828238E-4,0.008235308652925074,0.011609901339338409,0.5439962233298167,2.575964188915336,0.18905093394800768
0.01346558961393289,0.013735166930270284,0.005964467457145308,-0.005533957701089617,0.2506102753794018,-2.6186307670695705,-0.8283242884818369,3.7965977310160715
0.0134818144066749,0.013737602952375775,0.0059343395065622915,-0.005528168621234373,0.24841571143739208,-2.6118393683074874,-0.808092128245662,3.7779394935528616
0.013456853349806919,0.013751168584941442,0.005974520656973383,-0.005505717323147544,0.2486787782779122,-2.6082601938414345,-0.846367359970802,3.780555693843084
0.013448335834017973,0.013767634934391952,0.00598377504490014,-0.005476606746942375,0.24666584655444448,-2.597349243172823,-0.8640937799214622,3.7635106915929337
0.013301792317953092,0.013905225613403639,0.00618456337458756,-0.005228822036735548,0.23735821514813774,-2.5136375144996266,-1.1039349293832943,3.6710612315382387
0.013318046316369398,0.013884783892905468,0.0061659868075780245,-0.005266362572388887,0.2394142745860133,-2.5284039936043663,-1.0767175807527014,3.690846346600835
0.013336501222604736,0.013882556064749006,0.006134260927096432,-0.005271402054564444,0.2378712343579042,-2.5274471946189427,-1.0510684169097328,3.680689787929679
0.01337329814759484,0.013834931309133706,0.006090798416456597,-0.005357538973931931,0.2426062784836737,-2.5601161077843364,-0.9876606745280224,3.724974352384155
0.013348520609144307,0.013863920837145952,0.006121778905001255,-0.005305111368583084,0.24004048713175766,-2.5408434875834547,-1.0296970482332262,3.7000777971760956
0.013364573357495458,0.013848882886404774,0.006100110176150198,-0.005332439264001337,0.2410253998017359,-2.5503158547003717,-1.0036792927762843,3.7105818281417107
0.013438476257750414,0.013782097204468364,0.005995970692889462,-0.005451145937745553,0.2451775289300631,-2.5882885502313084,-0.8826110852269397,3.7504959579455446
0.013427734740424219,0.013794887073761078,0.006010205444202243,-0.005428652387599431,0.24399538312296956,-2.580665726369125,-0.9015086687003414,3.7405746940093842
0.013417665212186998,0.013808111936995025,0.006022885933115135,-0.005405280777466631,0.24275877201672502,-2.5723686870882356,-0.919564121305176,3.7292171417685758
0.013389961111979383,0.013826649024126982,0.006064619861380385,-0.005372459829278609,0.24232770550902455,-2.563477398120344,-0.9626303536567732,3.7241042590848434
0.013408755758389589,0.01382175190860311,0.006033142607694319,-0.005381082324592125,0.24118134569163371,-2.5633497256510855,-0.9360437413608441,3.7161378754614924
0.013681081160840809,0.01352149425214387,0.005625796456630535,-0.0058807664675844884,0.26392179154876394,-2.69673752873814,-0.4443748618535261,3.87872546554764
0.013654845711200299,0.013537206938479589,0.005671137445485957,-0.005859756827045378,0.2642939427927802,-2.698109907182994,-0.4858240268160809,3.8874708304596126
0.013673318207026969,0.013537906135367872,0.0056375064625807944,-0.005853298707261018,0.2619045021944349,-2.688697737031237,-0.4639204506288413,3.865104337060885
0.013636260039911181,0.01356582334234484,0.005700056623014065,-0.005812657065967903,0.2614117326590473,-2.6856868396847555,-0.5256882894591338,3.8684212678214123
0.013646653357188836,0.013552453516186969,0.0056835339148519895,-0.005834250370952418,0.26253054916486507,-2.6907688513221895,-0.5050453511586851,3.8754654219777476
0.013625435748751002,0.013577972461269254,0.005717425730471916,-0.0057932729308853605,0.2605241628590879,-2.6815321783965307,-0.5460596588400288,3.8633570069205407
0.013613314910023771,0.01358884286999896,0.005737266858062258,-0.005776388559265491,0.2599947279850828,-2.678728294793652,-0.5672542592292276,3.861315640579836
0.013556225849181036,0.013643990763674903,0.00582810193069399,-0.005687723222415062,0.25680658470076506,-2.659990399138487,-0.6686663759470597,3.8427759676964013
0.013601079597259215,0.013600021593237845,0.005757133585960006,-0.005758822867030688,0.2594558506836106,-2.6755543627553107,-0.588753507898777,3.8587263001887533
0.013570559372940202,0.013625848237236905,0.005806647865988266,-0.005718095857752854,0.2584187616958968,-2.668404928307122,-0.6410770306874051,3.854187678107152
0.013588116101349319,0.013612521640370561,0.0057778957469177454,-0.00573885398534943,0.25869834515785756,-2.6714865706511977,-0.6118207176284356,3.8547699445503443
0.013538570523685869,0.013660516818301825,0.005855705266981864,-0.0056606141585669,0.25585753757400226,-2.6537543917171043,-0.6995136496148212,3.836703601458271
0.01352831483147189,0.013682130536029936,0.005868108955553703,-0.005622953253320456,0.2531885965665264,-2.6405104798163817,-0.7231108039211742,3.8152578433237996
0.013517839092696422,0.013699971975218139,0.00588167072874704,-0.00559211046971771,0.25115096470953024,-2.6301092979289926,-0.7449049865918145,3.7993319225688764
0.013493292827625642,0.013728766413209732,0.005916672120784872,-0.00554298710276925,0.24872828294353153,-2.6153477181773144,-0.789414903605678,3.7803391249167073
0.013505957916626893,0.013715256960016806,0.0058982883464232675,-0.005565970451240757,0.24975401238175302,-2.622003297905024,-0.7671222873210652,3.788288484322575
0.013991099481255823,0.013130191424060267,0.005050413225000393,-0.0064395263198166,0.2905607402608614,-2.74038868756777,0.19903661731078717,3.9454636473608153
0.014005955424006886,0.013122051678709428,0.005022255002865675,-0.006444230937206736,0.28963856040717945,-2.7328644363065417,0.22038311153033302,3.931442335224887
0.013983793269982883,0.01314484833774968,0.005066522724291569,-0.006418191287496232,0.28907484472221373,-2.7385983958486455,0.17849412905113174,3.9404503274439913
0.0139808349899959,0.01316475683642257,0.005075766016609501,-0.006384726298089658,0.286127000272333,-2.7306216158278933,0.15730544258750043,3.922814806015858
0.013974160933832202,0.01318099307889329,0.005090636575234676,-0.006360073077462103,0.2842792865179744,-2.727171320661267,0.1362007484059737,3.91465132706695
0.013933561518488171,0.013233373891953516,0.005171023904921191,-0.006290909339248522,0.2811501728071852,-2.7284761603036807,0.050416625686559656,3.914472573294972
0.01396524613754895,0.013195725764730243,0.005109013883851114,-0.006339355610445155,0.28304657364262803,-2.7259969597455123,0.11444567891068773,3.9112884632501017
0.013954745507939398,0.01320898189050875,0.005129802002897213,-0.00632206713373482,0.2822975730634434,-2.726582980728842,0.0925439418340712,3.9116898946709227
0.013944035354338193,0.013221113176986465,0.0051506676608615715,-0.006306745844857307,0.28173680741306667,-2.7277411148573862,0.07143163482243102,3.9134425723275466
0.013801072859030398,0.013365145660504021,0.005418475305799844,-0.006120436344658314,0.27631748139854434,-2.73717069850806,-0.19657655068005345,3.937210579769011
0.013780051790535867,0.013414151293176309,0.00545579371264912,-0.006040546839477605,0.27045785149167273,-2.717578855682279,-0.2565760300275884,3.9011141498809816
0.013789263634475949,0.013400038798518157,0.005439543844103018,-0.006062292433699477,0.2717367367730322,-2.7214909271819097,-0.23592757367425296,3.9075857889411876
0.013796506855294391,0.013384917354537174,0.005426686905505268,-0.006086594128712208,0.2734819509281708,-2.727080066037629,-0.21661117044979486,3.917729089719994
0.013769614503232754,0.013427394741797832,0.005474119946177791,-0.006020745550211274,0.2694710195906796,-2.7147819583985426,-0.27788589263852354,3.8971219864308
0.0137584602423447,0.013439774839215343,0.005493635033835649,-0.006002645631916087,0.26871434108579334,-2.712788797021908,-0.299337905579427,3.894933577226315
0.013747118767315186,0.013451562301925174,0.005513394303331064,-0.005985543352187713,0.2680900885188868,-2.7111153409951654,-0.3205582649448506,3.8935236127788393
0.01373603143192475,0.013463216697065435,0.0055325822128150575,-0.005968447008624659,0.26740617810816086,-2.7092102498232022,-0.3413704162833597,3.8917401993680856
0.013725982322667621,0.013476288004664994,0.005549640130097274,-0.0059482942612843195,0.266405465396326,-2.705583461108897,-0.36191326077171176,3.886545711704151
0.013717265092758819,0.013492292206399364,0.005563828902156515,-0.005922285599245709,0.26460856961318857,-2.699022605547722,-0.38275403799069313,3.8755445974089695
0.013709274213121778,0.013511921351045873,0.005576057802514525,-0.00588943591246035,0.26210502892065346,-2.689362294166696,-0.40491844248296444,3.8585736368611454
0.013697419650621902,0.013523092930074424,0.005596034737367722,-0.005872964334613284,0.2616365370676627,-2.6874515160939523,-0.4259751849060839,3.857386838034665
0.013831631876500034,0.013354816049697684,0.0053631255777851815,-0.0061254451440298854,0.2740827206247655,-2.7247236604682388,-0.15508724156170814,3.909463141568049
0.013922296246520667,0.013246376289896647,0.005192771009283648,-0.006274039254874723,0.2804701440417187,-2.729165199873066,0.028002911405044798,3.915529945666574
0.013906130484188869,0.013261087562110587,0.005223339335997342,-0.006256596663990725,0.2802612424615583,-2.7320757898913834,-8.029092343199178E-4,3.9212791037372865
0.013894223392881875,0.013278885906292835,0.00524642092294838,-0.006231081827773673,0.27880667595748054,-2.7299015648439613,-0.02792297927038578,3.9168484673211235
0.01384268562640629,0.01334244446414702,0.005342895788079932,-0.006142597731813416,0.27477230624308696,-2.7254786975497622,-0.13351169908947932,3.9100971004334113
0.013853812273838507,0.013328636868727262,0.0053223443724965585,-0.006162145859907011,0.2757157675973902,-2.726879677035193,-0.11070313888947736,3.9121683617481717
0.013866380603654867,0.013311127188403908,0.005298823623294875,-0.006187468021068385,0.27703607914749223,-2.7293685286978504,-0.08335831034103057,3.9165220969731718
0.013882375492491049,0.013294442574464025,0.005268963055548818,-0.006209355733972567,0.2777859390960998,-2.728724352022232,-0.05307382609495168,3.914660812245376
0.013822281956573345,0.013368365852957831,0.005380176658782731,-0.0061052658430526124,0.2729771647011792,-2.7219650035529046,-0.17570237750321469,3.9048151848421973
0.01383814990978615,0.013368999068695389,0.0053517036355157,-0.006097041511534944,0.2707269442656157,-2.711697953788038,-0.15907276011660498,3.8829763228916447
0.014092291680189425,0.012973829784932604,0.004827271250348293,-0.006642879392347611,0.30138181048693496,-2.728242666450433,0.44209249097544184,3.9461351650886374
0.014082432268563939,0.012986417007569471,0.004848887197195635,-0.006628491316625399,0.30086102510604823,-2.731602490734122,0.4210367620088245,3.950091328878353
0.014063569108987086,0.013012221858661115,0.00489051562806249,-0.0065975002959077845,0.299529053083961,-2.7367836067345013,0.3789272715380158,3.9552603420627555
0.014073305694809144,0.012999463072641415,0.0048692698329523216,-0.006612587267133975,0.3001359484731944,-2.7339657947777734,0.4000742166026912,3.9521474223747184
0.014068950822438458,0.013027130730546416,0.004885755857398129,-0.00656733851697093,0.296136386100049,-2.725849309536237,0.36829009926565415,3.9314173899650227
0.01406216039368204,0.01304332194370806,0.004902568738779807,-0.006543944425871826,0.2943704271198313,-2.7244378506908076,0.34633708210147673,3.925925921946678
0.01405991345726871,0.013063752764693445,0.004912428546096254,-0.006509801191710928,0.2913302229315536,-2.7172179989367673,0.3242014313419061,3.9086729958391824
0.014034787106531207,0.013109409449659777,0.00496848357475898,-0.006447269048236945,0.28743708851734207,-2.716319693139812,0.2582436082228772,3.900490351752133
0.014053126660598693,0.013080496272060657,0.004928923844348099,-0.006485306741636249,0.28952300945411213,-2.715141864064648,0.30203059926888476,3.9021308612687675
0.014044414757282428,0.013095828559187282,0.004948206012059374,-0.0064645101879993476,0.2882484980725934,-2.7150576098647856,0.2796759783527882,3.8998131372490987
0.014026549104742816,0.013123378341339302,0.004986283582599767,-0.0064282802060226405,0.28634559721372327,-2.716118104157904,0.23767045337332107,3.8983785252962897
0.014128840870165254,0.012949656442894095,0.004754955161713418,-0.006655954309352793,0.2993543050129032,-2.70590122830829,0.4959791012685031,3.908471461299016
0.014119952868870654,0.012963474704432189,0.004775451246350543,-0.006639152639728296,0.2985141948289202,-2.7084024473317467,0.4746832931325223,3.910236662809963
0.01411020673762702,0.012976999149775731,0.004797201327512554,-0.006623386183360463,0.2978772043232027,-2.71156748478465,0.45301822430701005,3.913453050497967
0.014156347361413156,0.012914847566323035,0.004693975501438901,-0.0066933739516899455,0.30048528983979045,-2.694208682300501,0.5533576026750988,3.894291473067802
0.014147106030221797,0.01295128778954323,0.004724147368813373,-0.006638466953947508,0.2959923548942855,-2.689408096972016,0.5080185115196976,3.8767153907376435
0.014153371000665566,0.01293522836908746,0.004707216704877189,-0.0066609038004732,0.29764813930249506,-2.6897138618923244,0.5295392759251297,3.8809566541702396
0.014319400060120174,0.012658110702608288,0.004290028842320366,-0.006971403999808455,0.3124569309332535,-2.60559359254056,0.9422624846867194,3.808049113453653
0.014332886240991747,0.012647223540378807,0.0042614414156967005,-0.006975164567857739,0.3114815637238388,-2.594021434157257,0.9615659835383498,3.7907128916937287
0.014267933412005787,0.012739692348068224,0.004421901455403068,-0.006888647578458121,0.3092885462253723,-2.6404270825765055,0.8202210863107939,3.8439163369120903
0.014301937561927908,0.01268408970632593,0.004334165227595259,-0.006946748233503962,0.3117037165793613,-2.6184175808520593,0.9030351433395213,3.8222951833322556
0.014314117848643778,0.012674142838217212,0.004308334996444486,-0.006950679116511365,0.3108957598263639,-2.608266921629013,0.9208602067286493,3.8070786185207615
0.014285726323081182,0.012711817083503447,0.004376901663060268,-0.006917354165354367,0.3104061534821326,-2.6290435983614615,0.86222291070736,3.832219422946685
0.014280788981846246,0.012729274988710447,0.00439487590395679,-0.006893399946763428,0.30847995361302366,-2.6303506820228857,0.839387260045852,3.8286551601456145
0.014297954311589584,0.012700928535009693,0.004350542063200814,-0.00692312762604888,0.30976270545253265,-2.6193205553982994,0.8813704876469012,3.8179628912687202
0.014250229572211809,0.012765807873617249,0.00446539872883576,-0.006862136688038217,0.30834274445535376,-2.651380988829739,0.7800887541378517,3.855804406428736
0.0142628900936447,0.012755346921227262,0.0044387574755368085,-0.006867506980011018,0.3076424826050604,-2.641805613798742,0.7994339785226868,3.841319545097832
0.014244764960755328,0.012781699935417517,0.004482807354435118,-0.006840736867005529,0.306723908939816,-2.652732090225331,0.7588002812317255,3.8532894236828286
0.014243779160854023,0.012802089594199057,0.004494805224362917,-0.006807591732008182,0.3037299879253321,-2.6485882575801605,0.7353246590127184,3.8393167692648382
0.014238676895343689,0.012819775878044275,0.004512059393347712,-0.006782714423966969,0.30179160043303194,-2.648711732153284,0.7125170951107892,3.8342869431957074
0.014230950704200572,0.012835930357696148,0.004532749408693688,-0.006762658791634538,0.3005358101445071,-2.6514385800479943,0.6898476601733926,3.834710756574023
0.014221865153734053,0.012850170591272641,0.004554655888680099,-0.006746873761271528,0.29985110665915116,-2.6557305879880837,0.6684129850882861,3.8387240349743945
0.014214018565004434,0.012864465163775337,0.004574382873506998,-0.006729753461329843,0.2989401609603719,-2.658694231071642,0.6476935157234648,3.840346384774151
0.014183855672143302,0.012900313207473549,0.004641022874985607,-0.00669510370045281,0.2981957601349767,-2.6746300434140236,0.5885422281478528,3.8609053229685215
0.014190442069105986,0.012883685105469028,0.00462272603991988,-0.006717708185711079,0.2998445634941065,-2.674068353490662,0.6109726674719429,3.8640957452111464
0.014208794401424538,0.012881626469087476,0.004590820086566295,-0.006705410036601275,0.2969899514877132,-2.6582420070214177,0.6256444401434064,3.834919835398517
0.014177270893599813,0.012915987790280197,0.004658726380755107,-0.0066740082572631435,0.29679687370982594,-2.675301651617799,0.5671631181328919,3.858283009480147
0.01441120721794604,0.012478962449619194,0.0040220548736740564,-0.007157198655844619,0.3212899326510024,-2.5284719892775613,1.1955254867398786,3.74000985686912
0.01443744717522717,0.01246423753375487,0.003970299167715658,-0.007149669334894621,0.31800641639639177,-2.502017036537794,1.2217572723878405,3.6979766868219426
0.014430038167169507,0.0124791951032661,0.003992935437394692,-0.007135122142257822,0.3173590819447791,-2.509505945998011,1.2012484381077055,3.7048998873739696
0.014402751158905894,0.012493517048181661,0.0040460376650112454,-0.007144126617343766,0.3208466604139311,-2.5367983299288217,1.1748512440965087,3.7487636163310696
0.014393452178578825,0.012506848688388182,0.004070366466166055,-0.0071337596896121356,0.32079799511927587,-2.545823267466275,1.1552856235691136,3.759456788155853
0.01434087651959423,0.012628592257425133,0.00423685709595933,-0.006996949120626946,0.3128430588232412,-2.5886314184148222,0.9872501993445039,3.787865645976002
0.014344342475606625,0.01261390132879322,0.004221882047296372,-0.007016983887424673,0.3144515673016941,-2.586954668089102,1.0062566488543825,3.790511373425482
0.014354426032307209,0.012603469009915344,0.004198907549627561,-0.007023037077168388,0.31400855776003206,-2.5781617855035113,1.0231391315442313,3.778393372652959
0.014364501861514842,0.01258985666020543,0.004173828385267489,-0.007034034789073571,0.3141491739384972,-2.569553518850906,1.0436800783038667,3.7679643345031733
0.014373693687010554,0.012575913341573888,0.004149867938985419,-0.007046324745196672,0.3144315443397598,-2.561665128111324,1.0641472997139907,3.7590987296460736
0.014381977750987552,0.012561710417975045,0.004127085403819351,-0.007059840727165162,0.31491874398067066,-2.5545168631780495,1.0844823516675526,3.7518022361685497
0.014389216148080227,0.012547238795956839,0.004105669232647729,-0.007074771824648986,0.31564206827879676,-2.548246844754534,1.1046768522959705,3.7463353463427977
0.014395107603951445,0.012532803284901483,0.00408628488791883,-0.007090999571178134,0.31660388129107814,-2.543140047560905,1.124293127911011,3.7430969498123337
0.014399614423064247,0.01252012415917191,0.004070204098704627,-0.007105901603345818,0.3175862864793751,-2.5391815682005565,1.1412759013598468,3.7413087535605074
0.014355868692123921,0.01264399682938668,0.00422242736691216,-0.006956540458349622,0.3076832842826613,-2.572110497243227,0.9760127368593855,3.7515113383142267
0.014476655613971257,0.01238069425333763,0.003845096364903472,-0.00723050494188589,0.321643471688656,-2.458909946666824,1.3347093718909249,3.658845018054742
0.014472151714998912,0.012393888402910176,0.0038625492400302572,-0.007216032104975245,0.3207392467528775,-2.464393197392638,1.3173850906114912,3.6623706737794492
0.014443308423887519,0.012449346235522794,0.003949979313420963,-0.007165764914884591,0.31889274090667646,-2.4959036491301405,1.2416819328217101,3.693659116095293
0.014447316491309762,0.012434740754205852,0.003932590919869414,-0.007183479430351365,0.3202433876055282,-2.491478112579634,1.260721610000499,3.692431093185861
0.014457013857572101,0.01242322264707603,0.0039087940922278965,-0.007189600289457704,0.31972641434725707,-2.481261652852274,1.2775112619805415,3.6791265632137224
0.014465483167807483,0.012408631002547158,0.0038844115400988896,-0.007201708539555926,0.3201260239697104,-2.472013622519276,1.297610684008257,3.6691593942134735
0.014457011752857614,0.012463264968733283,0.003939518752170589,-0.007128432605474526,0.3142662597919308,-2.482336447991876,1.2287883170418892,3.662252429503848
0.014489611913361612,0.012370496618451708,0.0038173057843839844,-0.007230026617363919,0.3203197793051275,-2.4449354568693624,1.3501565894419745,3.638202279274182
0.014497896909707748,0.012352814464178226,0.0037903560978151825,-0.007246280369109434,0.3209969159014485,-2.4349281364723008,1.3736514381610931,3.628768286368672
0.014503650361888524,0.012336792068397287,0.003768414253654439,-0.007262993036081242,0.3219086710193537,-2.427429132728045,1.394543914084345,3.62323291489469
0.014507072409105695,0.012322094859611357,0.0037509060527534206,-0.007280516612283737,0.32322736577562344,-2.422247901278857,1.4133635563952518,3.621405599526306
0.01451655951627353,0.01231130879104228,0.0037276786448594656,-0.007284513293774628,0.3225409902154959,-2.4112428430771966,1.428328097877843,3.6068129696979554
0.014525442825499378,0.012297119380576793,0.0037023909315163153,-0.007294124271662881,0.32260716580347376,-2.400285116379352,1.4472558911197027,3.5941821554026547
0.01457795121893554,0.012154078657263841,0.0034962272509295772,-0.007430500564548681,0.3293386604271773,-2.318655957159699,1.6301148765278366,3.525160927792274
0.014533676633327166,0.012282959377007664,0.0036780211572143974,-0.007304328180455334,0.32267754228325835,-2.389820613465653,1.4659451254983622,3.5825380026971323
0.01456283518791971,0.012183221201471056,0.0035453294602923453,-0.007409726871884937,0.32908727595542525,-2.341073626565622,1.593042886476458,3.5492773625005314
0.014570930082548362,0.012169220220237954,0.0035205984771230353,-0.007418672429665656,0.3290060416594411,-2.329534349251986,1.6109399964367304,3.5362128937590156
0.01454169791040826,0.012268840887084553,0.0036539318421705967,-0.007314566962814197,0.32278731673874733,-2.3794253560476886,1.4844422396638135,3.5710794355025928
0.014549264324604308,0.012254316958688104,0.0036300704945460833,-0.0073258053876845705,0.3230294838665582,-2.3692689864997942,1.5032821790166804,3.560370123584022
0.014556099801839105,0.012239361358013375,0.0036067897741510033,-0.007338443124770738,0.3234634887436199,-2.3596127400813285,1.52249021396745,3.5509179936130555
0.01456185481599982,0.012224121940424973,0.0035846976303075258,-0.0073527376024176425,0.32414897652220637,-2.3508258516650886,1.541884571577487,3.543334663416512
0.014566273677731757,0.012209043211636988,0.0035645405914290214,-0.0073684177754970255,0.32507802278284675,-2.3432521638168953,1.5609366122150359,3.5380113597248006
0.014569873490418966,0.01219598859841851,0.0035473071652787737,-0.0073821900549538326,0.32592797301590554,-2.336783603572703,1.5773994666685491,3.533654638163901
0.014822790206067778,0.011319353867715836,0.0021989101725463085,-0.008037838601795867,0.3472933578616965,-1.6139823996471288,2.562192029485789,2.8593750548239356
0.014834364786656522,0.011330678766475569,0.002203829030320787,-0.008006408645918074,0.3413666512291214,-1.6166793021803805,2.5398405028189335,2.8497844263727536
0.014818620992578935,0.011334500554468822,0.002224162891586076,-0.008030887480940259,0.34730729517176,-1.6302373275608482,2.548417435570052,2.8760470961141693
0.014801469324203571,0.01139495244676372,0.0023248821810442034,-0.008002310864102465,0.34989293529689564,-1.6939870312038394,2.492360806502988,2.9419026417522978
0.014812655851641252,0.011406485260314375,0.0023295566178329185,-0.007971090101706246,0.3418476087531151,-1.696755945834027,2.470067664206654,2.931649345562193
0.014805828367996314,0.011379860028177457,0.002299764142336285,-0.008009565652644827,0.3479004681314876,-1.678225898545293,2.5065118897333156,2.9256153750604685
0.014817043905999827,0.011391349704437413,0.00230449662964998,-0.007978397196894428,0.3420366180778435,-1.6809001137722774,2.4842873827495304,2.9155028706373325
0.014810140026172798,0.011364753797800305,0.0022746069570967215,-0.008016746130181834,0.3467278536578497,-1.66238320316036,2.520561195490911,2.9091862114669773
0.01482143535635981,0.01137621223233661,0.002279382645213393,-0.007985528893916898,0.3422434028524484,-1.6649603780201314,2.498340216595713,2.899217436026466
0.014814404250277427,0.011349633918850096,0.0022493995944401542,-0.008023855395707186,0.3469325846031466,-1.646382384834066,2.5345352944131583,2.8926519800486274
0.014825808319292354,0.01136105424946006,0.0022542131975219243,-0.007992537230528791,0.34208179057632865,-1.6489406092260863,2.5122561834587462,2.882807317977537
0.014830121590846198,0.011345871660574153,0.002229019804943186,-0.007999495355721335,0.34170154492688637,-1.6328441085240188,2.5260882238843503,2.8663225060180206
0.014766113984232448,0.011556860858883418,0.002578626902021142,-0.007894002089121869,0.3429002371536954,-1.8499637973307264,2.3228262703688674,3.0882851152132775
0.014750405375308931,0.011560015631407593,0.002599961747176956,-0.007917212422818906,0.3522785809907063,-1.8629614113955928,2.3296489164188094,3.1151040924547746
0.0147743227280614,0.011485207893971856,0.002475295072592163,-0.007957070357150214,0.3514149725071865,-1.7873626059312955,2.4051169339916365,3.037864804514454
0.014785244068580663,0.01149686439039793,0.0024793158141393225,-0.00792588481620213,0.3425259394446627,-1.7897812985532509,2.38297981484464,3.026729775174592
0.014778965067767892,0.011470201646392163,0.0024503117233613545,-0.007964799246803466,0.3499955077458771,-1.772104364307068,2.419868087230701,3.0221488896741655
0.014789893251198777,0.011481855943924714,0.002454475169469635,-0.007933659422613109,0.3426803317451515,-1.7745022901922247,2.3977701904519377,3.011149929877415
0.014783560287475501,0.011455180736571001,0.002425298660846997,-0.007972451258139633,0.34870061459610485,-1.7567595105117944,2.434516667660538,3.0062755336635107
0.014794529981477705,0.011466845169725473,0.002429591367888458,-0.007941287442882953,0.342906978126678,-1.7591417658675594,2.4124138065016147,2.9954560696347863
0.014788108374602238,0.0114401451986046,0.002400237006281122,-0.00798003211176656,0.34848457870843474,-1.7412490576538815,2.4490976293147675,2.9902657255676925
0.014799153541166213,0.011451811036513914,0.0024046406697631785,-0.007948788753710944,0.34292176044561046,-1.743697848361289,2.4269247205069937,2.979635011556477
0.014803733854524144,0.01143673654481795,0.002379631580437909,-0.007956228583027079,0.342593164550751,-1.728159987408029,2.441349173276952,2.9637051352218653
0.014782160572393482,0.011553718633048597,0.0025572451263834034,-0.007870907131472862,0.3413543317875533,-1.831501578281495,2.3197929803088155,3.0558432522482994
0.01478703546759137,0.011538716639755408,0.0025325292101157,-0.007878855441482981,0.3412270029341022,-1.8166285146981502,2.3347701410653507,3.0406002196567923
0.014796504768524857,0.011508638392368408,0.0024831315112759343,-0.007894784097173292,0.34111719539783314,-1.7867342265509036,2.364524514042586,3.0100965975146976
0.014791839745766802,0.011523684927053668,0.0025077947647290156,-0.007886781088213253,0.34116888530948614,-1.8016818638323713,2.3496743795982513,3.0253077103576747
0.014824186066015606,0.011418244174328613,0.0023341922547414923,-0.007939819187520495,0.340253898359878,-1.6946613670673043,2.4510532706917267,2.915760060464773
0.014819742283649767,0.011433463911425515,0.002359180242965594,-0.007932301726961586,0.34032392212816803,-1.7102619462972493,2.4367235610551226,2.931661335957209
0.014730427458694155,0.011619585149978953,0.002699256504644282,-0.007883912128740326,0.3517788662880885,-1.9219667837339875,2.2674653791500488,3.1754929202194524
0.014735492086180694,0.011604716392924312,0.002674503117244918,-0.007892343619707207,0.35020050872342595,-1.9074386331215945,2.283108522648938,3.160535452578754
0.014746151095411594,0.011616689244259397,0.0026777068108438076,-0.007860921008302104,0.3435287230102059,-1.9086147415480237,2.2611540669989947,3.1484070784742166
0.014740509980012716,0.011589831792800681,0.0026496921774136393,-0.007900707773076119,0.3502975553150636,-1.8927547991308178,2.298693924885219,3.145448041133337
0.01475123605311264,0.011601777871985188,0.002652977072328109,-0.007869247376803315,0.3436500323477992,-1.8941015393491938,2.2766721851812703,3.133505530901065
0.01474548109221175,0.011574931491672198,0.002624831920578994,-0.007909001772276216,0.3517409525832702,-1.8778986435968115,2.314226174290824,3.1302985334050866
0.014756274306205035,0.011586830029561181,0.0026281979859734896,-0.007877515950348623,0.343306531493998,-1.8794896900677376,2.292105723417741,3.118491483370786
0.014761227052608116,0.011571848117438438,0.0026034103524706716,-0.007885787711464852,0.34292587646179196,-1.8647749390768087,2.307503878830262,3.103421401575238
0.01472531614604481,0.01163443792171138,0.002723991160984223,-0.007875400047612382,0.3527604773820275,-1.9364496006048946,2.2517009836526545,3.190300242857655
0.014741062381300131,0.011631592677991132,0.002702375532820291,-0.007852438914325736,0.34320136474768165,-1.923038139449474,2.2454833132607805,3.16315661566523
0.014704405031812392,0.011693686304088876,0.0028228009465069127,-0.007840526076137867,0.35013157095249453,-1.993460266321111,2.1876373842315924,3.248850114878589
0.014714774790089749,0.011705823228850172,0.0028254064534473807,-0.007809148345247432,0.34383776503697366,-1.9936734907821536,2.1659864687871107,3.2356423717096767
0.014709702589809142,0.011678898899739066,0.0027981674652540985,-0.007849350931965943,0.34924360403232524,-1.979505136591326,2.203722249637781,3.234340335173877
0.014720142773648802,0.011691049711030804,0.0028008808096102963,-0.007817891949574772,0.3441286829251662,-1.9797316118060493,2.182022276275752,3.2213336275219704
0.014714953661811803,0.011664094939289063,0.002773474250512232,-0.007858109795289024,0.3499563709974119,-1.9653198659894375,2.21977562706529,3.2197040967156076
0.014725487675691033,0.01167624884356498,0.002776291654814369,-0.007826532028023076,0.3440946066488786,-1.9657089702726316,2.1979449585182125,3.206896509638789
0.01472015819724113,0.011649274565685588,0.0027487360549326937,-0.007866797324912805,0.35178087897949467,-1.9509295061098264,2.2357889890086327,3.205017767028508
0.014735952387027863,0.011646502246577567,0.0027270150107231764,-0.007843815972798871,0.34322413005008245,-1.9373671779503752,2.2296787922662094,3.177790506926677
0.01473076806387084,0.011661397581408323,0.0027516567634616866,-0.007835158632045529,0.34366518158820064,-1.9515908607791015,2.213818843046299,3.192367173926345
0.014599168320940189,0.01206865613862317,0.0033822619921164408,-0.007519746189979803,0.33480952076970033,-2.2728136233521243,1.7372840490640034,3.4938441611811046
0.014605842047671262,0.012054342257048706,0.003358511829352338,-0.0075298790893283665,0.3349239551760094,-2.261404710204477,1.7549595452110083,3.481896668842875
0.014596061100025098,0.012152865800047076,0.0034697292988116655,-0.00740762003298986,0.3254295516742774,-2.2999603806738107,1.6318991934286855,3.491000597148212
0.014601917562931038,0.01209561416003815,0.003405639555537203,-0.007478846891104049,0.33099607550992133,-2.278224478091223,1.7032784544256654,3.4863296515742292
0.014609138176967894,0.012082432336876293,0.003382531325011741,-0.0074868553550206255,0.3308884927630213,-2.2669217559862855,1.7195028547279527,3.4736548783186616
0.014601914813724436,0.012137465459186828,0.003446768435657704,-0.007421051305677716,0.32598395938573593,-2.290030110140832,1.6510444169994296,3.4819415034628265
0.014606522479036918,0.012122138750238565,0.0034254896068812144,-0.007435929915443646,0.3267845856907126,-2.2812046600603035,1.6700378131295075,3.4749977865597894
0.014609716754806056,0.012108732432853701,0.0034079250212257863,-0.0074499836352529495,0.327678650240868,-2.2741828403611777,1.6866372639621354,3.47032012608238
0.014612380843320878,0.012039894573239585,0.0033347375930994926,-0.007540219233553144,0.3350983427857148,-2.249942009059348,1.7727038619067088,3.4700196228195197
0.014618845515133358,0.012025440000396887,0.0033109853462801237,-0.007550506423465181,0.3352497767866747,-2.238399520973145,1.790361161915652,3.4580813725475967
0.014625354169488606,0.01201099690834592,0.0032871147675022395,-0.0075605474009456325,0.33539590659545854,-2.226669420763434,1.8078905686930098,3.44586043736748
0.014719999540680517,0.011732853758001554,0.0028522585366971905,-0.007769085416750583,0.34181606220772615,-2.00285530219888,2.132307663797014,3.2315127229658445
0.014725392808380115,0.011718089552582897,0.0028279612944924425,-0.007777981067805812,0.3417250449034665,-1.9891982707867697,2.1483635976938884,3.2175106340382063
0.014714633417758095,0.011747682355804456,0.00287653730551961,-0.00775990109515498,0.34184220172601026,-2.0163783861464832,2.1160479646828154,3.2452874598653954
0.014631880077229022,0.011996344793977569,0.00326293265447162,-0.007570672590475179,0.33550649278610783,-2.2146935538705805,1.8255705478233237,3.4334052314715566
0.014638125234903585,0.011981364218776722,0.003238700618899023,-0.007581470372616093,0.3357174400280176,-2.202723649278745,1.8435847588644745,3.4212856545426007
0.014643939662851777,0.01196630161826359,0.003214867260127798,-0.007592833814267908,0.3360257782905797,-2.1909938852200246,1.861658790998171,3.4097803184823676
0.014649700653966055,0.011951496594460485,0.003191297271642512,-0.007603769159816329,0.33630777228171665,-2.179262264628923,1.8793213420248704,3.3981751325050205
0.014655680978713314,0.011936918101813007,0.003167609749005481,-0.007613918970486577,0.33647151295591277,-2.1672545863371475,1.8965599695588633,3.385956470977702
0.0146616818500718,0.01192233062423947,0.003143814352165861,-0.007623884369494713,0.33661285755173326,-2.1550811307080644,1.9136908057379414,3.373505423293706
0.01470925357351349,0.011762564057434187,0.0029008288764029934,-0.007750505699751861,0.341740250699174,-2.029799956919572,2.09961173580971,3.2589054418457546
0.014703704845919006,0.011777415595128876,0.0029252202072952327,-0.00774124137376864,0.34157965879512475,-2.043237533827506,2.0831382713838633,3.272650750753074
0.014697989132843238,0.011792162486747033,0.0029496260727083115,-0.007732193789294098,0.34152584768961414,-2.0566578287989894,2.0667062800899,3.286513468476984
0.01469231176448847,0.011806856286832396,0.0029738608652635674,-0.007722980784435664,0.3415708260584261,-2.0698756263540186,2.050201751458815,3.3001063989260007
0.014667689261345061,0.01190770569137225,0.00311990019933885,-0.007633720878234447,0.33674190721505987,-2.1427413734371785,1.9307529551393643,3.3608427573148076
0.014673963974574449,0.011893180863758438,0.0030956903733929263,-0.0076428589736621455,0.33676177801749424,-2.130039497015804,1.9475172920837938,3.3474827025716167
0.014680338598576446,0.011878682428067786,0.003071324117831504,-0.00765164204452591,0.3367325425135985,-2.117116454027667,1.9640984638442747,3.3337507327886846
0.014703174047522681,0.011819486817645337,0.0029751937923883733,-0.007690635501324976,0.3371837029860876,-2.0660640368934753,2.0313626284943704,3.281849520832253
0.014697888496126634,0.011834306630825556,0.002998830881764758,-0.007680464512347557,0.33698454223848723,-2.078639306490033,2.0145770279260975,3.2943123601870528
0.014686516322795008,0.011864036045617749,0.0030469815463481337,-0.007660738189741758,0.3367409981918958,-2.1041813943017273,1.9807812047048758,3.320191169950165
0.01469238066961386,0.011849212432395987,0.0030227667520788576,-0.007670362228822127,0.3368220567947778,-2.091328342938374,1.997638996760431,3.307015483737612
0.014826911844453403,0.01130419402156101,0.002173639326540948,-0.008044709325192287,0.3471500062213253,-1.5976242846016933,2.575862270948137,2.842626963737539
0.014838547329279332,0.011315484168148012,0.0021786432990921947,-0.008013253949609936,0.3410962656237669,-1.6004519027248987,2.5534935566888723,2.8331884718726745
0.014830985862161488,0.011289021178877924,0.002148347144370032,-0.008051500547187082,0.3470531940646487,-1.5811567427542526,2.5894348270915546,2.825796942517181
0.014842675283408555,0.011300283395808424,0.002153451507627169,-0.008020025450598664,0.3408236016095381,-1.5841608952186108,2.567041753742455,2.8165285721629822
0.014835012214331098,0.011273835502437058,0.0021230339053774647,-0.008058212211619668,0.3469845994327594,-1.5645769149928983,2.6029114612387048,2.8088821756715388
0.014846750103901405,0.01128506862966835,0.0021282419508383004,-0.008026727913849839,0.3405316027486171,-1.5678018042758284,2.580489653710972,2.7998007168960526
0.014838990856811765,0.011258637154898948,0.0020977009709388186,-0.00806484395653771,0.3468644125533345,-1.5478859347270166,2.616289694093896,2.7918798032399934
0.014850773544377019,0.011269833674294641,0.002103004446445506,-0.008033363802082708,0.3402358437796999,-1.551369502335706,2.593841569401229,2.782999491692625
0.014842921746160493,0.01124342629880737,0.0020723470965497903,-0.00807139608698835,0.34673633771569384,-1.5310812378655223,2.629567396660185,2.7747887450434505
0.014854749127341395,0.011254574805151255,0.0020777306499632896,-0.00803992992844268,0.33994055654836847,-1.5348601654716976,2.6070976063301683,2.766116694307073
0.014846804839638699,0.011228203096582519,0.0020469681582206845,-0.008077869631128462,0.34678844840806655,-1.514154340414926,2.642746146860521,2.757616088291835
0.014858677864638395,0.011239291225404914,0.002052418699199629,-0.008046424587429659,0.3396133803062458,-1.5182724534853804,2.6202569974813237,2.749146732593118
0.014850640095209082,0.011212967710514192,0.002021560577938161,-0.008084265456772495,0.3472140170618225,-1.4971013366463495,2.6558302426400546,2.7403824654312543
0.014862553645526834,0.01122398523670772,0.002027077011964741,-0.008052855863964885,0.33920684505291043,-1.5016058320287413,2.633323410331711,2.7320921884260874
0.014854427471532412,0.011197720302754953,0.0019961259907509176,-0.008090583127562766,0.34801975999146234,-1.4799401086066226,2.6688213824714055,2.723118998863383
0.014866363369810233,0.011208663055629398,0.0020017246862591115,-0.00805924131253133,0.33870394160088413,-1.4848583742651653,2.646305081235697,2.7149653916933043
0.014858166927964265,0.011182461035313321,0.0019706745677021413,-0.00809682014813878,0.34885132182346806,-1.4627197407100336,2.681711117181417,2.705849777859512
0.014870093371158832,0.011193336334186621,0.0019763880024306723,-0.008065595916937007,0.3381602211126626,-1.4680281273035456,2.659207637919661,2.6977862293730372
0.014861858424551644,0.01116719007004694,0.0019452226989000114,-0.008102972592172127,0.3489330273946532,-1.4455069408265964,2.6944772192746265,2.6885639419489054
0.014873742022502474,0.011178019547955277,0.0019510867590887208,-0.00807191219793814,0.3377287304184971,-1.451116166166322,2.67202404718136,2.680571961802197
0.014850685830013017,0.011326956504472943,0.0021834168473373054,-0.007981482301175938,0.33894597706501456,-1.5986995458792903,2.534078351731171,2.817162405707276
0.014865501922029584,0.01115190756865576,0.001919777250547161,-0.008109038907336774,0.34765961256795097,-1.428338285015954,2.7071005952646714,2.6712068854486826
0.014877333020386942,0.01116272029393922,0.0019258115347833215,-0.008078144173012065,0.33760291270091014,-1.434126850559599,2.684726470237145,2.6633151645591497
0.014869097381817617,0.011136613692675216,0.001894315922602025,-0.008115024473918018,0.3460250448389169,-1.4111652781036323,2.7195991637257264,2.6537285149941208
0.014880906844643604,0.011147429802458761,0.0019005194329612303,-0.008084228288014618,0.33772058581823755,-1.417064222089011,2.697273106220997,2.6459720302642995
0.014872644766016243,0.01112130860346941,0.0018688103527129644,-0.008120935954889589,0.3457639108796719,-1.393903387625337,2.73201192364933,2.636145302776479
0.01487614403740323,0.011105992462224282,0.0018432735923807435,-0.008126770301283968,0.34629179435850527,-1.376562610997464,2.7443337703807074,2.618510560967561
0.0148879979463137,0.011116783324020931,0.0018497681373636002,-0.008096027726237564,0.33725385040345124,-1.3826684303906676,2.721946733648361,2.610936890124726
0.014884474375654383,0.011132123226546832,0.0018751698802923422,-0.008090163328718614,0.3376577243775903,-1.3999182344333352,2.7096606030003785,2.628504931953865
0.010719964030119582,-0.005052106327402137,-0.00824634702409204,0.00119992387570075,0.5896182564939865,1.6011758692086289,2.478740814081815,-0.753582666960643
0.010714313783868251,-0.005036942772071929,-0.008230445080859494,0.001184581710203399,0.5790300437663819,1.5898415255492564,2.466024218548648,-0.7504421440403303
0.010704416366638627,-0.0050498689328047465,-0.00825007759088822,0.0011740008016962412,0.5855861185670527,1.5824128144618541,2.4832130724524997,-0.736921877205274
0.010698688774231094,-0.005034732594118733,-0.008234182987858212,0.001158682847778489,0.5744957164544472,1.5712526279587495,2.4705547615364636,-0.7340411777297914
0.010688861910903293,-0.0050476804154309,-0.008253725827692047,0.0011480716458448737,0.5813375179119136,1.5636811348868813,2.4875962450555638,-0.7202519646333326
0.010683050546455393,-0.005032574316533291,-0.00823784404676195,0.0011327633890424336,0.5699283846112354,1.5526690171074629,2.4749965621199106,-0.717629386000003
0.010673300816346347,-0.005045540795333225,-0.00825729291596317,0.0011221283487642076,0.577287231595644,1.544986294089082,2.491897801499439,-0.7035725310100301
0.010667400739133907,-0.005030474217595275,-0.008241434701291505,0.001106827921531249,0.5652625581919662,1.5340886364824622,2.479355152978885,-0.7011976330354628
0.010657733236025013,-0.005043450092026908,-0.008260778707679455,0.0010961722736650067,0.5734582701030843,1.5263462921824507,2.4961187872267474,-0.686901156452627
0.005000897933921731,0.009614530846358306,-6.393527297808149E-4,0.008291441239828853,0.31407479692360774,-0.4075493250914954,2.5532561602921784,1.2135925892454524
0.005015408839722729,0.009607761596875476,-6.536662770765889E-4,0.008307513369268027,0.3280697456697203,-0.4082652535785643,2.5653823073133615,1.2230957600163186
0.005016665461698991,0.009592106779443133,-6.797607540713091E-4,0.008305418755856631,0.33252270922086213,-0.4250084852246661,2.5627138410829304,1.2414722280490569
0.005002066734808267,0.009598801736223928,-6.654236268880674E-4,0.008289287965356685,0.31868297109547633,-0.42412066281728017,2.5504892684586555,1.231961550708838
0.005017971256234513,0.009576455909857678,-7.058787047138124E-4,0.008303239662320805,0.3354846004395505,-0.4418426582629145,2.559971298267218,1.2599477528205891
0.005003287518377885,0.009583059353358856,-6.915120533894605E-4,0.008287051825561893,0.32366362569648105,-0.4406747272115083,2.5476455066237294,1.2503616720296513
0.0050193262119465985,0.009560809133749612,-7.31989065260222E-4,0.008300978633289515,0.338732578995033,-0.45863948854493514,2.5571757863567766,1.278515894409673
0.005004603783454592,0.009567316853984638,-7.176075303531318E-4,0.00828478369595058,0.3288284092440747,-0.4571706494608024,2.54476949348054,1.2687723310196335
0.005020730317030955,0.009545166597241006,-7.580706524137117E-4,0.008298637505979917,0.34317652819916605,-0.47532784398859235,2.5543234310477074,1.2971232216398592
0.005006010529856587,0.00955159453102797,-7.436805672987714E-4,0.008282481648309676,0.33375618834838744,-0.47362084209627353,2.5418525997463477,1.2871749144016367
0.0050915171656692355,0.009047741492513604,-0.0015870491357419592,0.008180668114208204,0.4736581304970288,-1.0060600795219183,2.414597178460094,1.9002355811244949
0.005079101427127472,0.009037357845978792,-0.0015962385854840233,0.008159702360214368,0.4647344857942535,-1.0189760752169794,2.3948278942129764,1.9056527011960112
0.005094533407963571,0.009032323652033134,-0.0016127605489487027,0.008175638198495488,0.47630857002417165,-1.022802969718402,2.4085718456893246,1.9193475790612238
0.005088549402048353,0.009063168625695948,-0.001561318398919154,0.008185617899289973,0.47123209913196745,-0.9892760853173987,2.420531829992133,1.8811591808451926
0.005076126518976828,0.00905282909847923,-0.0015706095516729451,0.00816475759185163,0.46125423131354354,-1.0025634479056407,2.4008981345450064,1.886726420976535
0.005085630146507709,0.009078604893063716,-0.0015355769982281582,0.008190485930977067,0.46875280554639015,-0.972497900370478,2.426371245465563,1.8621359598464189
0.005073224811623161,0.009068311139996564,-0.0015449742638939026,0.008169760438248004,0.45771484213029806,-0.9861147562533649,2.406887967546179,1.8677966976109166
0.005082759427831131,0.009094050136367162,-0.0015098391075061598,0.00819526960208955,0.4654640555394105,-0.9557908910345471,2.43209589403461,1.8431582186806656
0.005070393550434894,0.009083797255017524,-0.001519339883278602,0.008174704960020039,0.45425617688923964,-0.9696256406491665,2.412794953238277,1.848872139534562
0.005082143621751438,0.009021894695529154,-0.0016218633456584121,0.008154586233648226,0.4681151004903101,-1.0353725548874595,2.3886674146711857,1.9245812245748024
0.00509759809889699,0.009016915263030915,-0.0016384514112264342,0.008170528373653578,0.4791747186095427,-1.039491038560762,2.4024494378218195,1.9384783764938989
0.005085247286049903,0.009006431836644454,-0.0016474927255728056,0.008149398193605764,0.4714167567080359,-1.0517707116459263,2.382406160795311,1.9435214740115818
0.005100711207802961,0.009001516484536435,-0.0016641266196083199,0.00816533764842069,0.4820198688192026,-1.0561338971922525,2.396219021355196,1.9576244307259525
0.0050319341514908815,0.009435799924780783,-9.402718903637322E-4,0.008279972508656386,0.3784472299088673,-0.5907272499844219,2.531926117078529,1.4272295093326424
0.005018903232756874,0.009426451092844687,-9.512402290446743E-4,0.008261052036919311,0.368795566473187,-0.6057557904951462,2.515526667848951,1.4351229964345171
0.005033730973549848,0.00942019662218831,-9.662944059284146E-4,0.008276975782584987,0.381953041003616,-0.607409760127971,2.528347245542333,1.4458525088894858
0.00505911156582297,0.009233435272781454,-0.0012776112868044314,0.008234668365240583,0.4294820831144488,-0.8067000685815092,2.4786719845931406,1.6722332080404219
0.0050567276653341415,0.009248961635249483,-0.001251720567221553,0.008238643687543954,0.4264360260165047,-0.7901465378678966,2.4833428450066886,1.653279769763721
0.005044148838089505,0.009239050336069254,-0.0012619910535828958,0.00821895401589176,0.41883573224004084,-0.8043360461505822,2.465385634885983,1.660007263963058
0.00506154425783226,0.009217916319918088,-0.0013034756215182977,0.00823061397572652,0.433379612126027,-0.8231999329765727,2.4739205658436023,1.6912084359400625
0.005046591211909152,0.009223495780125879,-0.001287792005678836,0.00821494163133305,0.4228241717769287,-0.8208692312468474,2.4606304428130277,1.678848164828471
0.005064025718534267,0.009202404931867789,-0.001329304620596228,0.00822648195391116,0.4384664253983445,-0.839664838284888,2.4690805942367144,1.7101697204552693
0.005049084234486339,0.009207951770725994,-0.001313578576395009,0.008210850273150027,0.42643532887312235,-0.8374062537516876,2.4557703001026803,1.6977004053764693
0.00498611290083541,0.009621388802022816,-6.248878997301171E-4,0.00827575137799859,0.309768560138906,-0.3997206134481695,2.542043739645018,1.1974649845607912
0.004985032172019846,0.009637134795296617,-5.989192819920488E-4,0.008277815914883907,0.3050159885396273,-0.3832293893654657,2.5447365124862302,1.1792728919847688
0.004983974482939189,0.009652870332701199,-5.729607139381012E-4,0.008279763143277148,0.30023996390157276,-0.36675681695688794,2.547326611836649,1.1611084242538265
0.00498286898458018,0.009668618292802631,-5.469626057799842E-4,0.008281514792625398,0.29539074310936236,-0.3502812345188995,2.549759789265416,1.1429128239494446
0.0049817207428953,0.009684389120805948,-5.209116952605178E-4,0.00828307837002964,0.2905218408819746,-0.33379355120239546,2.5520436875176173,1.1246807661229086
0.004980647708573307,0.009700179847692633,-4.948351623849213E-4,0.008284591394627632,0.2856988073461768,-0.31729309181509885,2.554280306266897,1.1064741755945429
0.0049797306222861696,0.009715968261001837,-4.687807523593755E-4,0.00828614490995837,0.28090830811445616,-0.3007984807569901,2.5565342815558103,1.0883537017251488
0.00500631368665081,0.009748808830033833,-4.186312080138234E-4,0.008322668088979333,0.282576676651055,-0.2598472209792105,2.585872997536496,1.0590336867296444
0.0049928257108574105,0.009740265410807572,-4.308278964893813E-4,0.008305090887737508,0.27548598813298875,-0.27558704016816504,2.572092392486318,1.0679493734705081
0.004978964426847408,0.009731718630415451,-4.428026646094584E-4,0.008287727389173724,0.2760907433037673,-0.28434371071288084,2.5587946323444544,1.0703512803716
0.005005549329206298,0.009764495229330011,-3.925016002929922E-4,0.008323941307663743,0.27688034251421034,-0.24342532194668853,2.5877841846317393,1.0409715676707854
0.004992055690790086,0.009755972380529337,-4.047770325135966E-4,0.008306439332068186,0.2706751762452218,-0.2591067927155996,2.574139310051621,1.0498892855373947
0.005004834243983439,0.009780184008954095,-3.6636277286431737E-4,0.008325132699030704,0.2715159060058328,-0.22701660952243877,2.5896279718463457,1.022918024818695
0.004991315777097117,0.009771686541982178,-3.787119754679218E-4,0.008307685231578961,0.2658237168026116,-0.242644441117527,2.576098246697636,1.031863109911062
0.005004168437936931,0.009795875029713486,-3.402157878852263E-4,0.008326242198351062,0.26628417513898944,-0.21060793415282433,2.5914024095910215,1.004881229373387
0.004990615205243908,0.00978741776165797,-3.5261863571639176E-4,0.008308839550565704,0.26085856443301014,-0.2261857864310464,2.577978047899346,1.013858939612396
0.005003551917708423,0.009811568152997375,-3.1406230707680955E-4,0.008327269683629174,0.26101475404354624,-0.1941970361132905,2.5931048090942745,0.9868688293838973
0.004989959152790424,0.00980316190909038,-3.2650428929141746E-4,0.008309906872460823,0.25585612703182226,-0.20972875921796827,2.5797852942700286,0.9958762596431937
0.005002984689635677,0.009827263240783757,-2.878966303286357E-4,0.008328215328759903,0.2561315867830393,-0.17776692804190497,2.594744076159017,0.9688907211940273
0.004989349337647469,0.009818909639230277,-3.00384669102994E-4,0.008310887398707174,0.25078129700340934,-0.19328013908902683,2.581519089188608,0.9779192174542509
0.0050019981338448065,0.009858658760762435,-2.3555595404411606E-4,0.00832986018530921,0.24675639012730674,-0.14492492015237787,2.5978617444488004,0.933108046627284
0.004988316579368615,0.009850397142007599,-2.4816228680271196E-4,0.008312639105580477,0.24034971989990248,-0.16035462091752986,2.5848061452101874,0.9420780171154953
0.0050024667597618295,0.009842960155646504,-2.6172194946521616E-4,0.008329079011520652,0.25164595064433126,-0.16132435794452407,2.5963311357000114,0.9509670262257132
0.00498879826347877,0.009834655961554943,-2.74268921118411E-4,0.008311794125976874,0.24557263628275292,-0.17682789302683846,2.5831885163975454,0.959986197844754
0.005000394746384635,0.009937172394430337,-1.0468861458404227E-4,0.008332532292769843,0.22071739576703645,-0.06304456927754039,2.6044018502260187,0.8440026280352079
0.004986312950352236,0.009944867369153615,-9.147009283957659E-5,0.00831580102791104,0.20918680969105555,-0.06179424489200629,2.5930844804658997,0.8353673666862015
0.004971908267160982,0.009952600395319975,-7.823568922813485E-5,0.008299343640609457,0.20552374239386118,-0.05421737260135246,2.5819123513474107,0.8203488442335692
0.004971465516232928,0.01004730164220962,7.805481044718965E-5,0.008298848273807044,0.17423888475912308,0.04424225780199419,2.5876390319461304,0.7147866320036944
0.004971355971510222,0.010031343554138058,5.1723134292047656E-5,0.008299072818991433,0.1793743785023503,0.027655445769206633,2.586777297732205,0.7324693081453865
0.0049714589334621,0.010015425286577421,2.545867854632819E-5,0.00829940159430202,0.18454909907074604,0.01112004730693561,2.585988329899656,0.7502019766882912
0.004971923915310649,0.009968289009408765,-5.2341421537910087E-5,0.00829971852636792,0.20032322678658035,-0.03788387649385718,2.583185932580801,0.8028671724413766
0.004971660121176845,0.009999618309643696,-6.268148049621599E-7,0.008299701860645964,0.1897809526677663,-0.005301455469493889,2.5851850936295744,0.7678656638986895
0.00497184348300784,0.00998392970877441,-2.6522714925878492E-5,0.008299840140794669,0.19505370207396636,-0.021610134398348597,2.584275813181524,0.7854070463670023
0.005004834243983441,0.01021981599104591,3.663662423032986E-4,0.00832513276519122,0.12425190237331328,0.23185469535309547,2.616007223831562,0.5300493602505321
0.004990519622279929,0.01021249181441226,3.5241506482844314E-4,0.008308793625283072,0.11912542937594835,0.21693289170366567,2.6050233201914352,0.5389736816476499
0.005005549329206298,0.010235504770669994,3.9247625298246625E-4,0.008323942718541198,0.11704587458854028,0.2481271229573523,2.616133861097413,0.5129010484338419
0.004991236315098283,0.010228235465470446,3.7853226756050934E-4,0.008307660902188692,0.11411795572423566,0.23338028629983995,2.605248595396248,0.5217796827399267
0.005006313686650811,0.010251191169966171,4.186021631418966E-4,0.008322669654717925,0.11082266869097272,0.2644119861684741,2.6161931773604103,0.4957251291334906
0.004991949079677447,0.010243981477931116,4.0464477872343107E-4,0.00830638693795213,0.1091049654349706,0.24977338745479685,2.6053848458213285,0.5046343291677121
0.005007127309040209,0.010266875049167085,4.4475503270259017E-4,0.008321312929524762,0.10604380156237904,0.2807998054244694,2.61619181790473,0.4785493139345222
0.00499268902696701,0.010259743924052333,4.307768302004214E-4,0.008305002486985904,0.10370768967463347,0.26613549736949405,2.6054447837571484,0.48751411579405884
0.0049934986186823465,0.010275514051134763,4.569213657895932E-4,0.00830355415988575,0.09806923062372423,0.2825121957518441,2.605463585586527,0.47040203584037815
0.00497502451607766,0.010189191947927778,3.122324833185041E-4,0.00829351132432096,0.12688111191585003,0.191794592843163,2.592961146237147,0.55883259758307
0.004975765053988193,0.010205064244798475,3.3843999752547986E-4,0.00829260303975269,0.12164826984829617,0.20832126732645515,2.5933468818518794,0.5415482722506231
0.004974494557672051,0.010173311720115359,2.8603140308737464E-4,0.008294523467896634,0.13208640692049226,0.1752826625309005,2.592646258819243,0.5762017469125417
0.004974111271951136,0.010157485505365396,2.599271066339144E-4,0.008295559384281654,0.1373454050151006,0.1588360409355484,2.5923513242422325,0.5935734620637249
0.004972731085811579,0.010094692880337623,1.562975446344335E-4,0.008298429608908123,0.15859146446003147,0.09355985839085641,2.5903546074661463,0.6626570633695036
0.004973123636530824,0.010110334553118576,1.821225568648373E-4,0.008297981493250435,0.15326911990007533,0.10982964071429947,2.5910332751921596,0.6454517591448448
0.004973449381879618,0.010126001433205757,2.0798114562044491E-4,0.008297314268718194,0.14795309173012983,0.12611476604387337,2.591562825220253,0.6282038428594859
0.004973773549843482,0.010141719746223342,2.3391828038463942E-4,0.008296501315193711,0.14264592780854235,0.1424511517339135,2.5919981533138743,0.6109074876791025
0.004957036514722704,0.010071420941946825,1.1726719245591808E-4,0.00828106957735706,0.16258799564153728,0.06606287323986447,2.576920055445339,0.6840913472389882
0.004957881185335867,0.010087123678510366,1.4308032140552973E-4,0.008281360283101802,0.15757738060033802,0.08248423499735257,2.5781507425264114,0.6669830273036408
0.0049563479245959136,0.010055449592584023,9.102891483547209E-5,0.008280829626641477,0.16770452433740732,0.04938963849779509,2.5757058169662965,0.7015476064381695
0.004979364553025218,0.01028431610675047,4.691859243994108E-4,0.008285801036172909,0.09496375226970873,0.2908291732717208,2.593751489297842,0.4553118947894248
0.0049657887815312595,0.01030926875887755,5.0771564067493E-4,0.008265632389516829,0.08405178159242545,0.3131637604105777,2.581847478807813,0.4249327678703974
0.00496461613853877,0.010293359714280121,4.8156452409162353E-4,0.00826698186795957,0.08928289467997402,0.2965501811774957,2.581729731538164,0.4420440679794391
0.0132862586925303,0.013931702833448975,0.006198211886904364,-0.005180553981001322,0.2343483668091921,-2.4934282626264768,-1.1310970741574646,3.64107533608486
0.013227620520456285,0.013971034393152159,0.006279635213410724,-0.005103895880874925,0.23305948510222407,-2.465469049063103,-1.2189345973247259,3.6183745513359393
0.013264849962896065,0.013952823236894339,0.006224477730828731,-0.005140974914633271,0.23271816738632142,-2.477965065227458,-1.1645681326440862,3.6228415827981175
0.013248175773685276,0.013972463453105197,0.006242738665889928,-0.0051043476855653774,0.23092408798443814,-2.4629255912133345,-1.1908735556525625,3.6033074221471297
0.013176627026390664,0.013988425321534131,0.00635903856011688,-0.005064623905348932,0.234679491866759,-2.45275827705689,-1.292426687952754,3.6218263184373747
0.01311424696537838,0.014053403472940108,0.006426280538633574,-0.00493718317974346,0.22908357727807327,-2.396695899700658,-1.3858315521039228,3.5525324601629085
0.013166256957924515,0.014006510100368567,0.0063660040004181505,-0.005030785304197586,0.2324847462531631,-2.4374993071502815,-1.3090620908022983,3.5991079686722016
0.013154253223877458,0.014021934589176475,0.006377230834675702,-0.005001279055846622,0.23091162745108854,-2.4244037491200854,-1.327416943735203,3.5813880369867293
0.013127756717694977,0.014043390167401072,0.006409470765001737,-0.004957880304201125,0.2295959507999978,-2.4057023155429444,-1.366251474845938,3.5615274688166827
0.013140852529861394,0.014033685096593725,0.006393031804322709,-0.004977818905097415,0.23007148135317,-2.414264993833943,-1.3471855233125716,3.5700298778952586
0.01319737831867724,0.013990851760940864,0.006321033661802326,-0.0050641334565875865,0.23237793659096365,-2.4501553946535677,-1.2637521487805488,3.605766834588923
0.013216004434431626,0.013987800735539686,0.006290196162502643,-0.005072636791000918,0.23108364271516652,-2.451992487040898,-1.2375471593607736,3.599420671463627
0.012996943113033104,0.014134945461186847,0.006569842233781443,-0.00476156020003677,0.22536828121844033,-2.316211261191953,-1.551461209572495,3.473987027335608
0.013101658242155829,0.014063775619938008,0.006441091934019053,-0.004915973734405102,0.22843621201782735,-2.3872781945815214,-1.4040107271587903,3.5423097896311346
0.013086957835789732,0.014074525315671875,0.0064591408739834225,-0.004893437310154813,0.22784013760141894,-2.3772581209980648,-1.4250499251108169,3.532294022644154
0.013014896097068657,0.014127164927320258,0.0065450298926800045,-0.004780968481861833,0.22500655601850195,-2.3253501833433763,-1.5264249300155723,3.4795668259265997
0.013034653587441368,0.014114294399913014,0.006520765574460178,-0.0048094601234866035,0.2256328703621335,-2.338719593744893,-1.4989224664627707,3.4921471680309444
0.013053238128440165,0.014099679887575114,0.006499502539550423,-0.004840337363629534,0.226475246035543,-2.3530906813846144,-1.4728959053290926,3.507536437557983
0.013070691609756843,0.01408592129049257,0.006479259319922934,-0.004869193238698069,0.2273564276751682,-2.3663509488181123,-1.4482164702722127,3.521690543848365
0.012930109619498593,0.014159891388699941,0.00666434017979941,-0.0046940566000807935,0.22673683383399193,-2.2832265921877517,-1.6446772575088195,3.45685658994705
0.012948385317346833,0.014157092246762686,0.006635405614594336,-0.004705968452939341,0.22557485482696946,-2.2892364810816277,-1.6188450375195558,3.45556122084018
0.012984955105456454,0.014149241375907173,0.0065792389926361055,-0.004732913189799746,0.22390159996398995,-2.3022800108177055,-1.567580795666476,3.455565289738915
0.012967830833250813,0.014165238603957393,0.006595764656194248,-0.004699449914149283,0.2225790227086726,-2.28591412119193,-1.5905527535262776,3.4360246631896145
0.01269686741480835,0.014299913498517901,0.006927863160041176,-0.004344991442506931,0.22180192350992708,-2.0945162600297835,-1.9486951514313076,3.2745230522711037
0.0127169618839444,0.014303045880151546,0.006891851595366011,-0.00435140618010433,0.21976229992621046,-2.10011865481778,-1.9191940023681362,3.2680983994964152
0.012734653732754576,0.014304039834730838,0.0068619601941074726,-0.004359705591217611,0.21817510628854572,-2.1061700015920075,-1.8939258266004424,3.264987863586031
0.012920953749262519,0.014180339529662531,0.00666304676398416,-0.004655561511119062,0.22398339895990851,-2.264019048926396,-1.6553794775557826,3.4266768789053876
0.012890906046792147,0.014208138167399825,0.006690387182618919,-0.004595986035644403,0.221741553935522,-2.233766263695813,-1.6942518751137796,3.3904170899771584
0.012907814671680055,0.014201630558071306,0.0066674501618368895,-0.004614141669151276,0.22137442207360802,-2.2432350677013635,-1.6712532303783598,3.396352349819957
0.012881042665521989,0.014221528633289153,0.006695439791605351,-0.004569204200951132,0.22027485097614496,-2.220160310150778,-1.7060957961419183,3.371534058214927
0.012770936132042679,0.014267706041412335,0.006837103484453241,-0.004439058984586636,0.2214134567762036,-2.148924264991363,-1.852533806528699,3.3187701091482826
0.012786062659749745,0.01426514067694569,0.006814464683977142,-0.004451168956876461,0.22054084304108254,-2.156180790107137,-1.8317092184927788,3.3206924187635174
0.01276250795638374,0.014286107976220165,0.006833563797066775,-0.004404239188758807,0.21894261195998133,-2.130929899493099,-1.8596837383961045,3.2904691992370942
0.01275237235077888,0.014306466982337146,0.0068306983461525585,-0.004365463452731245,0.21641924519937605,-2.1108005508909624,-1.8684234158867905,3.2593884247332596
0.012829276075981968,0.014257006103394781,0.006750345251660973,-0.004486181153320576,0.21844940157718423,-2.1765661415361457,-1.7724848552187775,3.326336940226251
0.012811509984794325,0.014262962537964488,0.006774348501069614,-0.004467628970481663,0.21897928106041142,-2.166212249837994,-1.796222945303985,3.320029442545581
0.012800597214512717,0.014274697910115977,0.006781577386408708,-0.004442786583651624,0.217761913851978,-2.153141566767813,-1.8088907787044846,3.3032144760023416
0.012863241036038923,0.01423537251345669,0.006713138178397979,-0.004538082869672502,0.2193794519140779,-2.2040644364728768,-1.728826185574784,3.353720022889653
0.012850266936876884,0.01425930038927707,0.006713556869728742,-0.004492364685849011,0.21646577638919093,-2.180792210523651,-1.7426047850377773,3.318678202310893
0.0128394845544861,0.01427673202556781,0.006715754866219325,-0.004458548642488935,0.21440695092143183,-2.1634684208564683,-1.7541448863927986,3.293452609370283
0.012687856516393762,0.014318177275496759,0.0069242718370776364,-0.0043098891559300335,0.2195080969414138,-2.0761036880550274,-1.9555180144787465,3.2458739348439427
0.012674419068854045,0.01433105973151988,0.006933055645431548,-0.004280994095031575,0.21837470841189918,-2.0601159213842846,-1.9701014759142124,3.225968899265949
0.01266088800692268,0.014341752618399336,0.006943993487089906,-0.004255541186118633,0.2176612865047531,-2.045735442729129,-1.985363874191404,3.209404919836334
0.012648205944520978,0.01435252761084295,0.006953287536763597,-0.0042304193175275034,0.21687228491136376,-2.0315645094701282,-1.9992444958034579,3.1925499088457348
0.012636109033039543,0.014366462736896736,0.006958162067014402,-0.004200578019200404,0.21545291126067842,-2.015113233720196,-2.0109391809949027,3.170611241219935
0.012623434490208772,0.0143809930020236,0.006963093773716261,-0.004169443420721842,0.21400095112167036,-1.997903858584186,-2.0229640202398333,3.1477008441665735
0.012580510727234507,0.014407888048792592,0.007002041585675597,-0.004098989204123038,0.21281556651515957,-1.956285173810804,-2.0711244500446724,3.1039954748495
0.012609253510889684,0.014393459254134107,0.006972336418116179,-0.004140610764505013,0.213058568054962,-1.9815191034874549,-2.03761355774653,3.1278693120373613
0.01259441178114546,0.01440289923578596,0.006985613650958364,-0.00411604934187201,0.21257737799579043,-1.967043506001812,-2.054152977436789,3.112556552985357
0.01257188700350268,0.014420415861282433,0.0070019310982785896,-0.004073619384799404,0.21146167804977725,-1.9423917613330357,-2.077600847158521,3.0840343949623663
0.012500131473934046,0.014460591413447195,0.007068011860858192,-0.003961328045425211,0.210178475334126,-1.8737688739012557,-2.1562687079204124,3.014503655596514
0.012512411178430036,0.01444785354103766,0.0070635990562792185,-0.003989715087251591,0.21146913566631614,-1.890044938786246,-2.1458332870324908,3.035643100969391
0.01252844908485728,0.014441322652156108,0.007046235548841731,-0.004011184735529927,0.21109180484390114,-1.9037498152198544,-2.1272287841213235,3.0476709970089835
0.012542807140681289,0.014428802630011592,0.007037939466116223,-0.004040633057919682,0.21228909727766695,-1.920842245763599,-2.1134661782928412,3.0684614160149977
0.012561063703860032,0.01443352874638753,0.007004444399891727,-0.004045895985281933,0.21001241725473233,-1.9269544792354885,-2.0866359751816046,3.0630540648916518
0.012480172243057346,0.014470947844344878,0.007086605376259656,-0.003930913545334953,0.21000472838748555,-1.85476601635674,-2.177885671584672,2.9956874853923625
0.012350128000780546,0.014493826640526475,0.007255349863077286,-0.003794217042778368,0.21608826806076875,-1.755693229408471,-2.338912995638776,2.9319630432113275
0.01236645757933326,0.014490947995956122,0.007234472489396406,-0.0038120124904929523,0.21525786798910757,-1.7688747588122113,-2.3188491105994182,2.9407876453023696
0.012385404796613812,0.014495453849377586,0.0072006227892900685,-0.0038206801048921353,0.21315418744743317,-1.7784384076279791,-2.291006869043446,2.9389206058871182
0.012401080923750536,0.014495867635180888,0.007176666400273639,-0.0038326120861673684,0.21180994085370913,-1.788370619141229,-2.2699959718291707,2.9421177026707483
0.01241508799995567,0.014504309378365539,0.007145639947853904,-0.00383105800213126,0.20941010413263186,-1.7913844369100402,-2.2467842967542437,2.9326349995071266
0.012465257251313049,0.014492551545792104,0.007084264520176464,-0.0038871420186358213,0.207598167679061,-1.8304504519963636,-2.186831580910081,2.960582377368519
0.012434291394118335,0.014509634152671686,0.007110699105910857,-0.00383803859361112,0.20716363428026827,-1.7996359091001326,-2.218664874612816,2.928948112642553
0.012452033105398866,0.014508245997665486,0.007085866244170081,-0.0038536580330494697,0.20595159503610233,-1.811407822412616,-2.19615470168831,2.9346860691419394
0.012337326037186236,0.014505258196306724,0.007260231212309677,-0.0037664914882960155,0.21507354008402402,-1.7389668309257653,-2.3489595901164617,2.911029127708836
0.012326207468959844,0.014522044922831783,0.007255730655761387,-0.003732311130489455,0.21319311136773303,-1.7198167367004373,-2.3532444137117294,2.8825958578129085
0.012313265800603927,0.01453428280441457,0.007259370412071072,-0.0037033651899180038,0.2121131580542314,-1.702461375513623,-2.362484533016963,2.8603846356812803
0.012299028412474183,0.014544458776870378,0.00726727867639363,-0.003676319377014499,0.21149915003129913,-1.6855188455248886,-2.3744929519935645,2.8407493456352424
0.01202198512140915,0.014652655307789258,0.0075067323747244575,-0.0032622243722652,0.21421599598201355,-1.3938026178247542,-2.639475413244949,2.562064235503706
0.012033854292438287,0.014644675176508078,0.007502336534936356,-0.003285096737704467,0.21467289040173182,-1.4088404949833937,-2.6319351794661827,2.5796668259687734
0.012210090686043697,0.01454877826584533,0.007390122373638616,-0.0035905325051658675,0.21751158188973183,-1.6151878322560462,-2.4864686132768763,2.8016403376733527
0.012225174084986669,0.014543971717125112,0.007374774391886018,-0.0036113387595654157,0.21714726360431733,-1.6301579772328993,-2.470383998817756,2.814767942463107
0.012207428336700542,0.0145640421776852,0.007373702519746349,-0.003566240180533109,0.2151230635597738,-1.6034790976866666,-2.479081287188734,2.778128411647349
0.012050388856818164,0.01464455926947205,0.007480426819666645,-0.0033021937379227734,0.21342262364578318,-1.4238109674039254,-2.612218877696781,2.5888738043561097
0.012195991776155629,0.014572194648918943,0.007379128359831213,-0.0035440349327603943,0.21460874761090087,-1.5893090037008542,-2.4878221370480778,2.7615228158792458
0.012182898834499654,0.014581189651568474,0.007385621577967699,-0.0035190730069414766,0.21409311510341608,-1.5732561628497945,-2.497904018987835,2.7429337511677763
0.012067470720067114,0.014636323968585378,0.00746909564194479,-0.003330567472115321,0.21353311025570657,-1.4434862928037557,-2.598320815959466,2.60940186442869
0.012168780021669824,0.014589287042995551,0.007394582026458597,-0.0034943732751650416,0.21380134618335536,-1.5568654299838263,-2.5097543869722934,2.7251039064896823
0.012154111585027057,0.014596420317609085,0.007405433106028511,-0.0034704372315022443,0.21371009775591218,-1.540527798082893,-2.522829481183639,2.7082942705430395
0.012082413184570371,0.014628346238798865,0.007460067687120364,-0.0033563612265984405,0.213751738088143,-1.461051563966197,-2.586587367631194,2.62831642237104
0.01209608853194045,0.014620039252866885,0.00745303040489529,-0.003381290094245561,0.21406729312949205,-1.477636106844538,-2.576470420200467,2.6469388560823623
0.012108352637768646,0.014610325322592172,0.007449694059115497,-0.003406728726602813,0.21487136293341963,-1.4937671190764141,-2.568983364868012,2.666769189530185
0.01212406226772009,0.014607031780273894,0.007432608964096077,-0.0034266768749848134,0.2141420884192066,-1.5091054663216348,-2.552136404659571,2.67911403676152
0.012139026510438697,0.014602626937981561,0.007417950810348794,-0.0034473052215010934,0.21381742558670022,-1.5242968560385555,-2.5369509791841858,2.6924748224914716
0.012240108430325755,0.014555943070814698,0.007337609049623697,-0.0036077036717984527,0.21398602458905877,-1.6341294031787477,-2.4428618950794756,2.802895876356206
0.012255322771977786,0.014567054931175924,0.007301391174755531,-0.0036054267652939963,0.21100794909126172,-1.6386550657420271,-2.415839212142881,2.792400760103742
0.012269735375261643,0.014560228368461723,0.007289511306913775,-0.0036279853215867683,0.21106399120074185,-1.6538054197978307,-2.4019501860849037,2.807573579152553
0.012284376968036118,0.014552893292197472,0.007277790897465144,-0.003651393230395489,0.21120512585195092,-1.66934975937208,-2.387955059913171,2.8234251153584213
0.012007636656371546,0.014659288833074786,0.007516179435623281,-0.0032385289696284917,0.214123432380789,-1.3771702379680217,-2.6509082737358383,2.5448351407383014
0.011992147378126686,0.0146621578364849,0.007532390107930163,-0.003218505589196659,0.21490442300334228,-1.3613196440790147,-2.6667085401482122,2.5319174475566895
0.011965643801992198,0.014678847613942161,0.007542656756217883,-0.0031686555150833387,0.21404300890729341,-1.3280080984406581,-2.683300971284845,2.4935502948327883
0.011979924312696759,0.01467150411532889,0.007534818701401186,-0.003193374237201812,0.21416545217456742,-1.3451367385735695,-2.6730455144133205,2.5120247106561764
0.011950099299236912,0.014685332859760489,0.0075531982236834985,-0.0031436347074205065,0.214137279595597,-1.3100400107267218,-2.695583996538096,2.4753468225557147
0.011933605371880892,0.014690914398497802,0.007566095875622966,-0.003118651611751932,0.2143326369443275,-1.291515274641344,-2.7095509668535267,2.4576234712602383
0.011918915632844234,0.01469292001769656,0.007581820920731787,-0.0031000798689522677,0.21522623301244162,-1.2762980966479998,-2.7244743895071357,2.4455920297280747
0.011877414917143609,0.01471545893680906,0.007600300397106304,-0.0030258767332209317,0.21445270943306435,-1.225044685333818,-2.7506611289067098,2.38878200763471
0.011892751511184083,0.014709218610983427,0.007590529594578388,-0.00305071053856203,0.21436488398174228,-1.2430692375824643,-2.7392783343148,2.407124788413738
0.011906613729948315,0.014701793707590305,0.007584197766063591,-0.003075343901014209,0.21455658519265572,-1.2601217722766334,-2.7304402477202383,2.4259406821154657
0.011861462658410588,0.01472116353481192,0.0076114580599577,-0.003000942559771912,0.21469985678135337,-1.2065622879400844,-2.7630382711986345,2.370591905463364
0.011803500784788076,0.014726361051065527,0.007674381167995919,-0.0029283499128095404,0.21820113201596694,-1.1449430886080345,-2.821297810942504,2.322964583542411
0.011844826906739353,0.014726297813450253,0.007624133382667256,-0.002975839062171503,0.21497991815787074,-1.18755005170807,-2.776498139146876,2.352528554372782
0.011830154971305637,0.01472821880091409,0.007639137650648842,-0.0029567931826531193,0.21587559070890272,-1.171762923301949,-2.7906622364159497,2.3397561677753815
0.011817450706743586,0.014737049201309322,0.0076410536526509915,-0.0029315188659358627,0.2152440528153383,-1.1550479719988493,-2.7960578153275564,2.319504168072735
0.011772290870197462,0.01473753994331463,0.007694544004804834,-0.0028784288399874044,0.21863098329082212,-1.1076396357120741,-2.843843325113831,2.285769719163302
0.011787941984379026,0.014732844692704333,0.007683110612147278,-0.002902405643259841,0.21822581228981217,-1.1260246401094305,-2.8317479815422613,2.3033352877356883
0.011768529669703839,0.01475176313967427,0.007676847360990136,-0.0028571086496155425,0.21642599532980428,-1.098150251888336,-2.8339376420753437,2.2651889303682293
0.01166776162223778,0.014791873750608815,0.007729617359571253,-0.002690114168418092,0.21699448975315963,-0.9751449526310457,-2.896564877869654,2.1377038829713886
0.011680558166406077,0.014783282122450284,0.007728944856601093,-0.002715399055812839,0.21760635806379364,-0.9920344810852019,-2.892620046334555,2.1582750397920556
0.011696213919557026,0.014781299326354462,0.007714337742437765,-0.002736638317201834,0.2166743269178771,-1.009852386705288,-2.87895663438776,2.1732298555473517
0.011712004102563574,0.014777198149652804,0.007702795595164659,-0.002760348387745033,0.21627211651775616,-1.0284080607365986,-2.8671430654735874,2.190655092538872
0.011727840186978263,0.01477183083462289,0.007693026707614874,-0.0027854776837772928,0.21599025159735932,-1.0473758445216568,-2.8563645265138153,2.209519037145998
0.01174299110585573,0.014765633313427977,0.007685172998070057,-0.002810687254598371,0.2159332468612141,-1.065837877446828,-2.8469290613658575,2.2287487292832253
0.011756982773828195,0.014758661073196006,0.007679707200257751,-0.0028353881775766542,0.2160858492098523,-1.0833099303311966,-2.839273585511147,2.247959876378705
0.011652176941903384,0.014799436180558618,0.007734873784266836,-0.0026625830422155367,0.21687933271495466,-0.9555164106787536,-2.904105174988097,2.116047369628458
0.011634086210620632,0.014806666776054701,0.007743210501181043,-0.002632298990775914,0.21693580139705565,-0.9331747325966544,-2.914196959660391,2.092624177088681
0.011204294893496634,0.014881639097632453,0.0080357722642185,-0.00198240091127394,0.23617710089000796,-0.3966318367127704,-3.1902443211561082,1.5990469614552063
0.0112195465200877,0.014877950118104262,0.008029349838231158,-0.002007420033969066,0.2356982585997485,-0.4166405382811886,-3.1839242132744867,1.6189742343079658
0.011234824891244053,0.014874271164048533,0.008022713463280694,-0.002032421767788454,0.23524941027237847,-0.4366596838284145,-3.17738749825064,1.638860843703455
0.011250153116271177,0.014870527877363508,0.008015974724782174,-0.002057501755354105,0.23484575988175163,-0.45671304928800754,-3.1707104243454265,1.6587920337543414
0.011169373142143661,0.01490479889427155,0.008023269554066534,-0.0019128377762862375,0.23378677089214864,-0.35073058479776836,-3.1859690382641976,1.539609688939182
0.01118475863778585,0.01490118097097763,0.0080170768298376,-0.001937939041459845,0.23335251659898534,-0.3707979367356331,-3.17996331169274,1.5596071403833383
0.011199993922407355,0.014897486455157767,0.008010972531088642,-0.0019628460422261083,0.23294705509708138,-0.39064286934301856,-3.1739732464987402,1.5794451541614822
0.011153986028674895,0.014908652637125505,0.008028861826402672,-0.0018874999715888026,0.2341506900611304,-0.3306422675293646,-3.1914992135559257,1.519333880673378
0.011138536981976288,0.01491249614692971,0.008034344110509515,-0.0018620444091664516,0.23452262498139878,-0.31045666811045103,-3.1968963393978647,1.4989423489450273
0.01161931652881475,0.01482127519324923,0.007735734839766415,-0.0025980667600170935,0.215527087976596,-0.9123726240835787,-2.9131853979335998,2.06348231994882
0.011604367800799271,0.014830378974676046,0.007737123783407998,-0.002569681396528589,0.21500439825669718,-0.8930430004619542,-2.9178113142504176,2.0405156713528054
0.01158975840453237,0.014839258941851566,0.007738306468014479,-0.0025419867143251285,0.2145692215692547,-0.8741700040949535,-2.922149090567309,2.0180650484786167
0.01132005119966902,0.01488302189994538,0.007931259000260244,-0.0021440472113116887,0.22673172700359326,-0.5447067851615869,-3.103118923663091,1.7189198715032141
0.01145607023506779,0.014842524873661188,0.007870832694444364,-0.0023665852660119248,0.22400721591590647,-0.7175605550399574,-3.0384018991760064,1.893930644698271
0.011470773625365758,0.014838156001152287,0.007863452146011791,-0.00239039786133081,0.22368477469667572,-0.7360747755612073,-3.0305178742426215,1.9124731459313755
0.011485686264292397,0.014834896328028806,0.007853830798021348,-0.002413303197693457,0.22313784524050306,-0.7545459621695727,-3.0210616761112568,1.929904887921204
0.011366179898570847,0.014870813691724891,0.007909693879402928,-0.0022184824568440634,0.22555675758328353,-0.6034401514731567,-3.081041024238269,1.7773970936829107
0.011381624658925338,0.014866037418010722,0.007903312381732886,-0.002243953339125152,0.22529731255736626,-0.6231044489990339,-3.074078382065217,1.7975023375344925
0.011396467243040345,0.014860793246878003,0.007898131381066632,-0.0022690195969226226,0.22514407222543378,-0.642070749794409,-3.0679565191149156,1.8174300034600817
0.01141131327813933,0.014856296993491199,0.007891490434285648,-0.002293335199435811,0.22484411681259756,-0.6609233367126414,-3.0607921308302575,1.8365446228519338
0.01142650762245004,0.014852333601943898,0.007883431727574768,-0.0023175495018842676,0.22442496459091513,-0.6800730604781843,-3.0525603661784815,1.8553598383474024
0.011441576727507544,0.014847598932991804,0.007876643239201385,-0.002342301824397097,0.22416219196460127,-0.6991480221707346,-3.045133888701517,1.87477304054161
0.011362833357413669,0.01488857282474377,0.0078821865197225,-0.0021973103031866646,0.22246129736955408,-0.5970964124478565,-3.063259918229406,1.7563020374669505
0.011345887104954813,0.01489222966103345,0.007891575350943708,-0.002170948334673108,0.22299387335438217,-0.5758501310358213,-3.072364284122907,1.735889010367636
0.011330950251947674,0.014892385304749605,0.00790500771573935,-0.0021504511900978197,0.22416043499793964,-0.5573820441479637,-3.0837643029528086,1.7207907155374784
0.011496216952850209,0.014845870278184292,0.007824687064816736,-0.0024158804257432783,0.22033204438723103,-0.7647199832722376,-2.99965061152343,1.9277407571936458
0.011512982358729617,0.01484728573122076,0.007805210144913239,-0.0024361419327625067,0.2187597683630375,-0.7840993928072292,-2.9832644438083973,1.9415090893827784
0.011559657198756953,0.014841159017664024,0.007766967856137318,-0.002502131215768897,0.2164585401161385,-0.8395113639237194,-2.9478322525104095,1.989860763753155
0.01154417893914399,0.014850617180476231,0.007767555280011698,-0.0024726441927150956,0.2158653004315312,-0.819467533576403,-2.951765436149028,1.9658534604011406
0.011575530801780037,0.01485003711824536,0.007735795567644549,-0.002512805062172411,0.2136595513910773,-0.8552536477549718,-2.9239407875555474,1.9938355784809112
0.011529418341206325,0.014859067059170589,0.007768846800097731,-0.00244514682816503,0.21550189542083434,-0.8004939243040238,-2.9559196894976623,1.943544691123751
0.011276748779395794,0.014879351634619281,0.007976764445313827,-0.002087200927638979,0.23067525796369723,-0.4901658379984351,-3.1404633543655183,1.677876043740082
0.011261176733137805,0.01488311597019442,0.007983901871046759,-0.0020619997153408513,0.2311191493141824,-0.47004082550601206,-3.1475266763085212,1.6579767210826868
0.011288105271167616,0.014892620378275014,0.007943262478568124,-0.0020912144573777512,0.2272876171732369,-0.5038028259173545,-3.1160757807542168,1.6769659305554143
0.011304545664484765,0.014888791441806555,0.007935239271619585,-0.0021174203356505677,0.2267778464556179,-0.5247687627461045,-3.1082034302462147,1.6975093500540763
0.01102925160358667,0.014892917446321189,0.00815472788769549,-0.0017153610880648207,0.2485816669853752,-0.16477809062344773,-3.288511130433101,1.3938628840904415
0.011039744117303059,0.014905011727156428,0.008124080695262959,-0.0017220800682748681,0.2419882762269643,-0.17619420757026985,-3.2684821498744054,1.39168721637917
0.010983084736969085,0.014902401901103014,0.008170523786009758,-0.0016384742362064277,0.25266969106162307,-0.10241068830401738,-3.3025583660446163,1.3319602485010538
0.010978107786567283,0.014917632745758061,0.008145137815043911,-0.0016200142145530335,0.2431784008120552,-0.09360260644084993,-3.2871534097588424,1.3093867767653278
0.010998483515463568,0.014899288792197039,0.008165342363534701,-0.0016641033890513258,0.2506839867401943,-0.12316993906404433,-3.2980332755765347,1.3525968464803766
0.01099350276520123,0.014914506090770408,0.008140092564121603,-0.0016455459073189806,0.24307776061963507,-0.1143051129142627,-3.282713741249226,1.330070073775109
0.01101387252417452,0.014896127296621684,0.008160078184878827,-0.001689727026991915,0.24905102743291896,-0.14396298010970404,-3.2933542068004673,1.373198883369285
0.011008896230877474,0.014911375821305382,0.008134881858863406,-0.0016710425061204407,0.2429906936564952,-0.13495141671179112,-3.278111268126436,1.350659172143585
0.011024309667603462,0.014908223266043887,0.008129523268954357,-0.0016965450805010128,0.24265857245292696,-0.15557255810389528,-3.273356899977077,1.3711795713147021
0.010895346841398777,0.014948459576415241,0.008143015220246014,-0.001473339495199934,0.24507349851042518,0.01281788313942936,-3.288597746388969,1.1898815252495858
0.010911044095494203,0.014945669412907904,0.008138151197289148,-0.0014991178857409351,0.24466738119963352,-0.00818762532016447,-3.28463025077601,1.2107132302248222
0.010926683178131912,0.01494273769660194,0.008133409533381354,-0.0015248660340279536,0.24426658209451377,-0.0290690475540047,-3.28068672212997,1.2315205248749248
0.010942258486534817,0.014939693931448403,0.008128739522585778,-0.001550559394490311,0.2438634792234685,-0.049828816454825224,-3.2767320380667138,1.2522775841920388
0.010957773593418013,0.01493653930114573,0.008124137578703351,-0.0015762057507111734,0.24345754285848267,-0.0704758806902608,-3.2727637868580786,1.2729897636196146
0.010973207167551397,0.014933300303038454,0.00811956989045237,-0.001601757389167938,0.243010924024864,-0.09099277552445624,-3.2687587281072603,1.293619652452415
0.011065843459666637,0.014914076988411197,0.00808803072626693,-0.0017542456508415419,0.24020473258425032,-0.21408246943610795,-3.2404581117419475,1.4163736655020402
0.011050328471020944,0.014917510581589577,0.008093361701947186,-0.0017286424666334225,0.2405576297157074,-0.1935340021756066,-3.245391272059115,1.395786271108251
0.01107662414031431,0.014926607885722297,0.008056879045844777,-0.001760669586866074,0.23621711623350802,-0.22931766406288803,-3.218249826258375,1.417755478265086
0.011092021093343065,0.014922723401656056,0.008052225801164803,-0.001786226510188202,0.2359025853287233,-0.2494976048014266,-3.213691871819911,1.438354103584059
0.011107477744189664,0.01491946611793859,0.008046203564415431,-0.0018113521102593028,0.23541440036569847,-0.26978624998277145,-3.2081214884269187,1.4584300311966205
0.011122985706514934,0.014916098485645138,0.008040166526911181,-0.001836595704449495,0.23496107081857073,-0.29010765003815114,-3.2024714254531648,1.4785894607534475
0.011087359877654012,0.014938775315900606,0.008026511875124155,-0.0017671466721829662,0.2329940604733265,-0.2445119433156571,-3.1964636983240164,1.419756286193265
0.010157039844353498,0.01499753324023817,0.008329078206326663,-2.617475140503219E-4,0.27773060654101905,1.0293420481559497,-3.3687878448717057,0.2135861730488869
0.010165268079256601,0.015011255295961425,0.008300140453233908,-2.737063432884746E-4,0.2683822702550616,1.0116154867684501,-3.350955976555974,0.21721385945680624
0.010094236641409177,0.014999111866663509,0.008331710498200324,-1.5701041658200133E-4,0.2764678416255418,1.115694762546559,-3.3595965839681434,0.12877522356891125
0.010109939502481565,0.01499879118445591,0.008331175770402124,-1.831948324644433E-4,0.2764091682686316,1.0940725195084702,-3.3620655066570664,0.14987031894728461
0.010102242221536191,0.015012982043230684,0.008302825509210026,-1.6931940615151747E-4,0.2705468769948909,1.097367282073341,-3.34181696370197,0.13315563588807197
0.010125641080081594,0.014998421182633165,0.00833055833921343,-2.0939945571957187E-4,0.2776218796506928,1.0724479562125782,-3.364420218546794,0.17111049067243092
0.010117998691628003,0.015012674618983842,0.008302180252265092,-1.9540973053092372E-4,0.2698522752969075,1.0759424888509557,-3.3442242454463273,0.15408829288890288
0.010141341239237565,0.014998001866155191,0.00832985893364378,-2.3559153239087588E-4,0.278545382511493,1.0508750376469016,-3.3666661631735386,0.19238705848808166
0.010133771982572414,0.015012268580613162,0.00830154637516365,-2.215310241487952E-4,0.26903426461862145,1.0544909321596594,-3.3465694665516765,0.17509903355713305
0.010149531431289325,0.015011778698830034,0.008300898486970326,-2.4763674557884115E-4,0.26853832339221034,1.0330461677089817,-3.3488358268244602,0.19616244542746153
0.010345251712533228,0.01498806588318487,0.008313300390997086,-5.754087968794461E-4,0.27207854368496476,0.7705571364975817,-3.3845080858993892,0.4678449663236359
0.010338355290714196,0.015002500082955299,0.00828585185338758,-5.603988959227492E-4,0.26347621461642423,0.7755132128779801,-3.3655301856273048,0.44919762619884107
0.010360917504742087,0.014986956843082835,0.008311454842335116,-6.014777371315751E-4,0.26967732344359957,0.7490257714018341,-3.3850144741068853,0.48886083487346815
0.01035404820840599,0.01500140909313459,0.008284065185879722,-5.863976045800632E-4,0.2634983676531171,0.7540759881490439,-3.3661007909168323,0.4703360644106276
0.01037657978297736,0.014985798598725458,0.008309525248062494,-6.275699208546508E-4,0.2685998808041318,0.7274301521102271,-3.3853684313790624,0.5099321149053586
0.010369751220603981,0.0150003226950225,0.008282090594553948,-6.123959121893727E-4,0.2633704859301922,0.7326359901796459,-3.3664807279633364,0.4914119989098546
0.010392238403124527,0.014984591160277273,0.008307511224169305,-6.536888825107206E-4,0.2690762963515854,0.705810904814685,-3.385581116776977,0.5311390908473202
0.010385469188085236,0.01499919936726739,0.00828000495611203,-6.384098566173256E-4,0.26278919067118617,0.7111873223109278,-3.3667191817724444,0.5124607547026031
0.010401190531643184,0.014997994767609803,0.00827789553113234,-6.644354828177802E-4,0.2619948540365866,0.6897367440034362,-3.366876199103117,0.5335326143710456
0.010331471759110734,0.015017359658040888,0.008258280448941722,-5.455790488996989E-4,0.2626346779103486,0.7737456552134572,-3.34543530030226,0.43768544904542167
0.010236667470451951,0.015022713328761227,0.008267100294598052,-3.895416629140168E-4,0.2649937088586291,0.9020597125705915,-3.339187023533269,0.31152680082348483
0.010252467942623864,0.015022145786842793,0.008265438767620316,-4.1551027320993207E-4,0.2645281438963187,0.8805208209079408,-3.3402676079188356,0.3325034146573875
0.010268311426567561,0.015021477419247796,0.008263788420612721,-4.4155401743256503E-4,0.26416169035659637,0.8589683402412421,-3.3412930484464987,0.35354625418583585
0.01028415912270691,0.01502063606256064,0.008262298686814084,-4.676266597583032E-4,0.26381643781850267,0.8375053411375131,-3.3423611411116716,0.37462184311846486
0.010299975322968355,0.015019656934226881,0.008260906636318654,-4.936670473579574E-4,0.26344998005095244,0.8161496122627065,-3.343424036264356,0.39567977465344134
0.010315749002017417,0.015018554926845977,0.00825958582311813,-5.196572240748551E-4,0.2630681481119073,0.7949014637177109,-3.3444618158595847,0.4167048352380001
0.010220893597396056,0.015023368075546639,0.008268403322840309,-3.635889188990143E-4,0.2655166486965596,0.9234566937501346,-3.337795555247134,0.29056803445578433
0.010173450093651082,0.015025367146659273,0.008271173234504442,-2.8547980393417064E-4,0.2667088111314693,0.987493340654915,-3.332412198486035,0.22758000166715955
0.010189257872703925,0.01502482356729202,0.008270188093354476,-3.1149356203974014E-4,0.26632021464411476,0.9661063763674075,-3.334233441787853,0.24854400127370227
0.01020509409347445,0.015024129431964774,0.008269317183392388,-3.375688334159177E-4,0.2659644946324127,0.9447560293317482,-3.3360662480749315,0.26956892715826525
0.010078532631204675,0.014999383224542409,0.008332162524802395,-1.3084920708354795E-4,0.277687892718093,1.137257422601429,-3.3569902527837248,0.10781921188227545
0.010086517642451876,0.015013223576573144,0.008303417451326301,-1.4327783752462632E-4,0.270888154041536,1.1187516406973332,-3.3393081608545017,0.11226003506814063
0.010015707763366568,0.014999975326556125,0.008333148729390243,-2.6200397997414664E-5,0.28158587837075133,1.2230899523646073,-3.345142052122481,0.02413602664781761
0.010007837696042255,0.015013944171074748,0.00830465290905351,-1.2950600085352884E-5,0.27177812299798165,1.2257060711279186,-3.324606416313521,0.007463023446775807
0.010031415039578105,0.014999901308554829,0.008333025466112075,-5.2360745128409346E-5,0.2803718069427345,1.20165281627071,-3.348296115443284,0.04510121365256955
0.010023606835722483,0.015013861131722124,0.008304641590517083,-3.906995195427712E-5,0.2715954029928724,1.204306621411498,-3.3278572138699865,0.028449932588052475
0.010047121697559922,0.014999777949631272,0.008332819966728352,-7.852428317449076E-5,0.27951637954610037,1.1802090586214566,-3.351327570528163,0.06601737409984106
0.010039363097160933,0.01501375524670767,0.008304497315375567,-6.516901526274393E-5,0.2714808946447534,1.1828924300904742,-3.3309383360671876,0.0494356397447541
0.010062827605569669,0.014999605253615366,0.008332532274666323,-1.0469103797404904E-4,0.27890946392909877,1.1587518149192877,-3.3542316673162325,0.08691994756106135
0.010055099090059695,0.01501361547930928,0.008304241460436762,-9.123458926237732E-5,0.27123402675832425,1.1614888532053813,-3.333864770727105,0.07040446246137376
0.010070812046387935,0.015013433624372347,0.00830389072115748,-1.1726286604255046E-4,0.2710290522091705,1.1401144024256418,-3.3366585125407333,0.09134932342913998
0.01086397167436188,0.014953725199997365,0.008152781780387542,-0.0014219067064268366,0.24599988890910915,0.05491409271708192,-3.2963617052212535,1.148303278594984
0.010879637578516128,0.014951120346115033,0.008147949324304517,-0.0014475904024112843,0.24551659005170448,0.033884709016911624,-3.292549642488153,1.1690706449235533
0.010583286137923848,0.014994955104499755,0.00821926896767707,-9.597945838867055E-4,0.2549397264521922,0.43257549789953204,-3.3393417698382124,0.7736095534975705
0.01059905552427315,0.014993102566306168,0.008216168681100462,-9.857360752357873E-4,0.2544677724462366,0.4112629826744883,-3.337930840251577,0.7946792826433217
0.010771103168516741,0.014969021915506878,0.008178007848086423,-0.0012690650492939578,0.24919714895770564,0.17957652037319025,-3.3151845105576747,1.0245534103219998
0.010755479736918079,0.01497151125235295,0.008181788067379818,-0.001243304597689617,0.2495995171787531,0.20054622770626215,-3.3177950121191344,1.0036699893365055
0.010739812641144106,0.014973857736150445,0.008185685293672465,-0.0012175278614027006,0.25002374077827666,0.2216254642899154,-3.320422294399664,0.9827716460284076
0.010614814194129553,0.01499115727446077,0.008213071841463011,-0.0010116785781712195,0.25404069750753505,0.389999031751979,-3.336455103374551,0.8157469964121119
0.010630520624571047,0.014989069279611402,0.008210094126696621,-0.0010375809212771153,0.25366542245218276,0.3688661105347349,-3.334994875442885,0.836778532057025
0.010646133449857145,0.014986826137865892,0.00820727921317202,-0.0010633878013593244,0.2532727247402195,0.34792008899059,-3.3335804245566654,0.85773248925726
0.0106616822262575,0.014984534574663819,0.008204408355990402,-0.0010890995874244783,0.25276652412321826,0.3270595979430508,-3.3320594661531753,0.8786093380680707
0.010677242752781464,0.014982348411840263,0.008201150239276958,-0.001114760280515939,0.2521496813548198,0.30610929536114856,-3.3302012363265727,0.899436250366039
0.01069284693897199,0.014980277560789831,0.0081974709808304,-0.0011404086472984432,0.2515315914670375,0.2850308197038309,-3.3279830450963916,0.9202407354165506
0.010708484221424903,0.01497821422341651,0.008193583054768376,-0.0011660767766594594,0.2509816062297893,0.26389471252256874,-3.3255551408366846,0.9410544254496919
0.010724142224726093,0.014976083552603743,0.008189635700127845,-0.0011917823167871672,0.250485705888471,0.2427521843443179,-3.323021950256703,0.9618969504853611
0.010802062323639077,0.014963781789084356,0.008170570509104075,-0.0013202132316027595,0.24823134013624237,0.1380984132468526,-3.309854478369487,1.066012344157575
0.010817457383972764,0.014961235818055507,0.008166495046721976,-0.0013455757369769412,0.2476372789834189,0.11743252055270327,-3.306840976276432,1.0865532258201709
0.010832884029151122,0.014958766502246744,0.008162081469264828,-0.0013709120215340063,0.24705090928983583,0.09669128366350326,-3.303524785402598,1.1070561059331216
0.010848383858514513,0.01495628072091596,0.008157480756521741,-0.0013963378291838178,0.24651166906921604,0.0758535274997318,-3.300011420358023,1.127622070594004
0.010796725410736051,0.014979486033007588,0.0081437179390225,-0.0013029960012708958,0.24458896543994416,0.14121827572589038,-3.2914048174901267,1.0489895425402695
0.010781390042484199,0.014982435643564334,0.008146705661433678,-0.001277626580137499,0.2449332443009973,0.16150559400869066,-3.29357666600604,1.028364768779355
0.010567506351074318,0.014996747130489976,0.008222309535610177,-9.338401945579875E-4,0.2554130720389201,0.45391667115546924,-3.340643268518154,0.7525299474540913
0.010470471553061363,0.014977816440745884,0.008296216123816948,-7.841270205360337E-4,0.26902763745789976,0.5983144836386404,-3.3849179601101116,0.6375330885247265
0.010463923226690907,0.014992433177727018,0.008269145811963903,-7.683789649062966E-4,0.25962356920501756,0.6040310792279127,-3.3665518461985457,0.6180837719055915
0.010486105170072865,0.014976314074054054,0.00829371571750532,-8.101464609118083E-4,0.26702522324899824,0.576888403868275,-3.3844623900969086,0.6585612750683696
0.010479559290118326,0.014990922757185424,0.00826676190874612,-7.942941674976226E-4,0.25949078090018723,0.582661960927071,-3.366148627880221,0.6392362415262521
0.010501734106237882,0.014974762596007742,0.008291133422776206,-8.361597359636512E-4,0.2649920898542264,0.5554063603047531,-3.3838639480733597,0.6795355474241567
0.010495197532364572,0.014989407974238934,0.008264210380059223,-8.201975884176931E-4,0.2594504713334967,0.5613123867583082,-3.365567657224736,0.6603400287795981
0.010517358213536653,0.014973162020172494,0.008288467460407166,-8.621842644699931E-4,0.2637089289395332,0.533862434668797,-3.3831102976251266,0.700549248826004
0.010510859415108986,0.014987884586039257,0.00826149070626296,-8.461211033159666E-4,0.259255582020054,0.5399600503468345,-3.3648136221023113,0.6813994733222967
0.01052655244547661,0.014986327256200296,0.008258646830655624,-8.720833588923804E-4,0.2587670439655803,0.5185878529421705,-3.3639159932724705,0.7024434664267353
0.010426012052947084,0.015010552390543726,0.008245888749341847,-7.010818862851011E-4,0.2598302689225858,0.6455132353473951,-3.346733458731443,0.5636752842309071
0.010441731580394296,0.01500907202348787,0.008243884882111837,-7.269898580708694E-4,0.2594234935137501,0.6243156192406935,-3.346754804669962,0.5846828881540497
0.010457394472405629,0.015007483630628446,0.00824193143915204,-7.528294844447455E-4,0.25898770763059614,0.6032292223146815,-3.346738807325528,0.6056408636909739
0.010551688622736225,0.01499846763336949,0.00822532265565675,-9.078333199577922E-4,0.25584952280949474,0.4753289275808786,-3.3418561538351708,0.7314125237148755
0.010535833765518641,0.015000051961529641,0.008228433481674555,-8.81799388800641E-4,0.2562719290715321,0.49684742594540604,-3.3430678043546878,0.7102826086806756
0.01041025166708433,0.015011909419459804,0.008247967156518739,-6.751332695438425E-4,0.26022945358484956,0.6668143810521814,-3.346692745208738,0.542639407301169
0.009811568152997377,0.014996448082291579,0.00832727226406683,3.1399567715594565E-4,0.28634613076641424,1.501054063032598,-3.2928254492533817,-0.24730530887576738
0.009803200617419405,0.01501015035420167,0.008298053523237021,3.259854579124878E-4,0.27490174193980493,1.5020081879627076,-3.271382689575855,-0.26251459097046537
0.009795875029713486,0.014995831562063067,0.008326244668977967,3.4015209265308787E-4,0.2862099914544747,1.522243150812072,-3.287891472928868,-0.2681646194322221
0.009780184008954095,0.014995165756016561,0.008325133666756525,3.6633381930208206E-4,0.2849774654920815,1.5434926924466275,-3.282842804365453,-0.2891062499664527
0.009787430479470473,0.015009573839281589,0.00829684850946562,3.520916587700591E-4,0.27530820274726375,1.5231528612560308,-3.266308617991197,-0.2831788603979013
0.009764495229330011,0.014994450670793703,0.008323939839492237,3.925247763645219E-4,0.2833068463917294,1.5648078298724004,-3.2776882039171773,-0.3100232296774491
0.009771639481580725,0.015008908912136324,0.008295633461485123,3.7823343505274503E-4,0.27595266577709093,1.5442956664545504,-3.2611512442215935,-0.3037782846272194
0.009952878302440085,0.01499977794963127,0.00833281977310709,7.853861296327969E-5,0.28168245075070664,1.308999592659142,-3.3313366221435508,-0.06000065333295862
0.00996054541479943,0.015013808221263941,0.008304365370077128,6.537417264942612E-5,0.27315537575559423,1.2897699001760137,-3.3142082979866676,-0.055167310450822384
0.009983995748810242,0.01502836180006028,0.008275888617184516,2.633752278298172E-5,0.27092628266806534,1.2428546958933777,-3.3003515392460288,-0.0226546982627933
0.009999871767173499,0.015028322885678751,0.008276070592375036,2.0923916255236368E-7,0.27070632338373507,1.2215826234509193,-3.303811809213698,-0.0017814396524475698
0.009968163978775023,0.015028222719342512,0.008275880744237437,5.239402839413514E-5,0.27119965659614875,1.264182495760849,-3.2969425704647244,-0.043459859538835806
0.009890060497518439,0.014998791184455908,0.008331175057958313,1.8323623784564217E-4,0.28279442830030926,1.3946790447652733,-3.3155142556509554,-0.14359752631254757
0.009905763358590827,0.01499911186666351,0.008331709282724307,1.5707773331082622E-4,0.28167080873719286,1.3732912338683476,-3.3196533810187225,-0.12278120195358365
0.009897537787968086,0.015012895125435187,0.008302904412939946,1.6973312160248482E-4,0.27434596040799647,1.3749281129190054,-3.298630354830332,-0.13835385048710913
0.009921467368795326,0.014999383224542409,0.008332161656842219,1.308981529962971E-4,0.2817238635866671,1.3518618149290138,-3.3236719715840497,-0.10188947006907896
0.00991327885379515,0.01501321416442015,0.008303360169631008,1.4365961679095173E-4,0.27414180139935534,1.3536680041322453,-3.3026902368547475,-0.11760931440697674
0.009937172394430337,0.014999605253615367,0.00833253195107715,1.0470974520386855E-4,0.282280751362547,1.33043034353499,-3.327573191927718,-0.08093873852605686
0.009929039689767475,0.01501347347529961,0.008303754607604874,1.175564180778845E-4,0.2736626475989777,1.3323717397326755,-3.30663585385992,-0.09682166099679525
0.009944799155854929,0.015013661101858282,0.008304109955746817,9.145537505329755E-5,0.27329136156637834,1.311070694340405,-3.310488661405062,-0.07599344584940389
0.008710978821122078,0.014830985862161488,0.00805151079023389,0.0021483077080344855,0.26259569076043504,2.903895753881114,-2.63319367042022,-1.6086025265610353
0.008726164497562942,0.014835012214331098,0.008058225166430032,0.0021229838495379757,0.26454882235577476,2.886457524726152,-2.646778669551696,-1.5915278820687728
0.008714919325882264,0.01484652297491331,0.008026290486025727,0.0021282398452656943,0.2528729546613185,2.8761036517088283,-2.622931339817633,-1.5968522669955476
0.008695805978438997,0.014826911844453403,0.008044716110785215,0.002173613367794474,0.2606511292972231,2.921304604140488,-2.6194949603586792,-1.6256221592284295
0.008699663143643864,0.01484248668263137,0.00801947486787793,0.0021534676084030216,0.252138485363361,2.8934060485102404,-2.6093470009005846,-1.6136637745421556
0.008680646132284166,0.014822790206067778,0.008037845755142329,0.002198883571092207,0.2595413063001755,2.938646313564874,-2.6057065248136944,-1.6425233172716325
0.008684438322285588,0.014838381251176843,0.008012633948060168,0.0021786673610081023,0.25126909456159735,2.9106182808496883,-2.5956935215842667,-1.630357599099801
0.009701765314618097,0.014991097682117146,0.008318353310900072,4.970451780626731E-4,0.28578359479829013,1.6496829319656656,-3.255870014883982,-0.39219462136492017
0.009717443732062379,0.014992009811233265,0.008319871574863837,4.709494056182292E-4,0.28400878849721134,1.6286116478313104,-3.261530562182331,-0.37181056366610193
0.009708695321791977,0.015005456240117163,0.008290553827571642,4.8251057632877655E-4,0.2767916823516566,1.628466420246925,-3.239715893499262,-0.3855837547067191
0.009733124950832917,0.014992872690959788,0.008321308223019387,4.448413768183994E-4,0.28252247936363006,1.607431196989739,-3.2670448353405193,-0.35138400641941464
0.009724382461165136,0.015006375160601932,0.008291975461881181,4.5651786462642035E-4,0.2770439489575481,1.6075046633595604,-3.2452740181240087,-0.36516006113363847
0.009748808830033833,0.01499368631334919,0.008322664345676129,4.187001151511539E-4,0.2822463055571316,1.5861445033551302,-3.2724258336561345,-0.3308011246115393
0.00974009596323231,0.015007281729363232,0.008293247541908558,4.304794450772697E-4,0.2770187016431862,1.5864928164398167,-3.2506644550268686,-0.34474564791610346
0.009755852186972185,0.015008139460711811,0.008294442286759003,4.043769072595061E-4,0.27661356634453377,1.5654180131868758,-3.25594057038872,-0.32429692694046625
0.009686089839949744,0.014990136311907444,0.00831675156022437,5.231599554867323E-4,0.2863224344408332,1.6707022808309546,-3.2500577161865913,-0.4126479879483229
0.009693000583326372,0.01500453404917948,0.008288959797078796,5.085062560686477E-4,0.2766052876461422,1.6494089939364398,-3.233969681427904,-0.40603704085152453
0.009670417450053835,0.014989125709257183,0.008315065729475976,5.493017635383954E-4,0.28529828167067084,1.6917378362079363,-3.2441089508150913,-0.4331697492488515
0.009677279834528955,0.015003574691954224,0.008287255207517358,5.345375331978088E-4,0.2767984575537477,1.6703555928791534,-3.2280787076251385,-0.426485111798466
0.009592106779443133,0.01498333453830101,0.008305417647910608,6.797731170489673E-4,0.28776838619602463,1.7964311583118049,-3.212597762734521,-0.5347463637061582
0.009607761596875476,0.01498459116027727,0.008307510886358782,6.536961099380614E-4,0.28724531145263893,1.775624013303491,-3.2191697655804163,-0.5144503654124988
0.009598819652675993,0.014997843186763253,0.008277903737692946,6.645052706191573E-4,0.2768336024877589,1.774590787885056,-3.1970148980244537,-0.5279478540031336
0.009623420217022647,0.01498579859872546,0.008309520751041466,6.276310050768331E-4,0.2857621010714665,1.7547708302583933,-3.225597033941677,-0.4942298784731211
0.009614494186825577,0.014999041687954977,0.008280024340732385,6.385498122814085E-4,0.2770877051507772,1.75383117216564,-3.203544004117363,-0.5076862004095551
0.009639082495257915,0.014986956843082835,0.00831144918743916,6.015530350416516E-4,0.284436582121792,1.733826985890256,-3.2318843136804496,-0.473995484560987
0.009630160932851461,0.01500023234547347,0.00828198152597605,6.12594935499487E-4,0.2774081479383112,1.7330390212129212,-3.2098864237465,-0.48743066273499386
0.009654748287466776,0.014988065883184873,0.008313297603571416,5.754424023307833E-4,0.28425064038050046,1.712797738411205,-3.238049488793955,-0.45364847327658203
0.009661550215318867,0.01500253361962947,0.008285529146291451,5.605869160641465E-4,0.27723022155963234,1.6912963176921825,-3.2221052930378744,-0.44686909426058224
0.009645841140889419,0.015001407882235937,0.008283793116993678,5.866122344731236E-4,0.27749523384945785,1.7121967327516086,-3.216056644036957,-0.4671723806080755
0.009435799924780781,0.014968065848509118,0.008279968769443362,9.403057163442197E-4,0.28651146912972664,2.003418236807374,-3.140073040189336,-0.7356994047021713
0.009426425197002323,0.014980998928999067,0.00824990990661713,9.500302646589062E-4,0.2765072084038059,2.000907258340453,-3.1174005522458796,-0.747926590432849
0.009420196622188312,0.014966269026450155,0.008276977810990148,9.662788829026869E-4,0.2878091251727729,2.0238356342844392,-3.1321213444676075,-0.7555502424294968
0.009451408652823316,0.014969813631697157,0.008282878668195194,9.143175713952767E-4,0.2854456764751213,1.9829277367593565,-3.147885825203152,-0.7158700699040134
0.009442079471307152,0.014982761513185004,0.00825289557303764,9.241074374997568E-4,0.2770024250312319,1.980526957513252,-3.125294832823007,-0.7281026407578616
0.009467022656507899,0.01497151236057239,0.008285709732945254,8.88294577087183E-4,0.2855638232682888,1.9623692520694676,-3.1555802775750803,-0.6959644819223548
0.009457731065169148,0.014984508709525167,0.008255731075336217,8.981771779433791E-4,0.27723902920697796,1.9600900689234722,-3.133005302895588,-0.7082670025424228
0.009482641786463353,0.014973162020172496,0.008288460749238256,8.62247548654607E-4,0.28640541364664485,1.941779059172151,-3.1631628551527715,-0.6759697233537927
0.00947338594662672,0.014986203582337142,0.008258489217380949,8.722446042841394E-4,0.27718621851315484,1.9396169350556633,-3.1405876061076587,-0.6883975011934839
0.009498265893762122,0.01497476259600774,0.008291129010016376,8.362019056654198E-4,0.2868458846379472,1.9211759668703896,-3.1706207483865434,-0.6559471387714795
0.00948904146026578,0.014987824428049835,0.008261211508273093,8.463194468068647E-4,0.27708598453552197,1.9191240123189264,-3.148076731463947,-0.6684739824905243
0.009389006894728722,0.014962528329925274,0.008270739807198396,0.0010182894498893384,0.28576438917722297,2.064646523288076,-3.1157837448679806,-0.7955287568851467
0.009404598895283897,0.01496442318144846,0.008273901679224371,9.922721600216613E-4,0.2875700396587788,2.0442268637221295,-3.124018374853579,-0.7755079246660254
0.009395077397528947,0.014977415724061029,0.008243501863934353,0.0010018928260771484,0.2762390551665686,2.041510835228932,-3.1010856389844874,-0.7874768265604642
0.009410758036205422,0.014979230802697877,0.008246752164415757,9.759539546405934E-4,0.27614870879401604,2.021227409057412,-3.10930972166257,-0.7677316506258797
0.00958312403268756,0.0149966114062374,0.008275664930035532,6.90486447019838E-4,0.2768624627815223,1.7953350747858556,-3.1903316123375665,-0.5481877158917509
0.009576455909857678,0.01498202874376549,0.008303240194812805,7.05870898379514E-4,0.2870946500645008,1.8172486229081601,-3.2058913673391065,-0.5551245984294241
0.009589837005756332,0.015011487419684806,0.008248259887813095,6.750678919990358E-4,0.27557640947749246,1.7670223517522137,-3.1758130294876463,-0.5339545893825633
0.008894007537775724,0.01487614403740323,0.008126770867148575,0.0018432708458843506,0.2725516468731767,2.688464449450691,-2.7879552285126152,-1.3999272158803262
0.008909334570059206,0.014879595159429932,0.008132525582141685,0.0018177132242165092,0.2741343416962972,2.6700249933452214,-2.8001272196789166,-1.3819343922783556
0.008898514272197492,0.014891540849451183,0.008100932993515332,0.0018242081605093347,0.2630925431434434,2.6617883061583147,-2.7762909875128248,-1.3889317863436712
0.008832809929953063,0.014861858424551648,0.008102952531629636,0.001945305050373343,0.2679648619866166,2.761760601692997,-2.7381868006862646,-1.4710915374265625
0.008848092431344245,0.014865501922029584,0.008109026788636176,0.0019198271703007414,0.2690268506835067,2.7435532093818797,-2.7507906146000303,-1.4534653777472781
0.00883707197877087,0.014877313405052479,0.008077269099417474,0.0019259332212109572,0.26058898232793787,2.734522618401177,-2.7269750335832654,-1.4594106416525199
0.008863386307324785,0.014869097381817617,0.008115020375601469,0.001894332683492616,0.26990136725259956,2.7252604840229715,-2.7632810407211363,-1.4357294646466399
0.00885239828415542,0.014880952707980719,0.008083273372533324,0.0019005464023088361,0.2613016960818575,2.7164641971992545,-2.7394540514111085,-1.4419177694692775
0.008878691396530594,0.014872644766016243,0.008120934629990601,0.0018688158145134237,0.2708955277678093,2.706886983231994,-2.7756665497920867,-1.417880375335563
0.008867742588159642,0.01488454094279001,0.00808920808488678,0.001875133973422517,0.26201370771040366,2.698328172857097,-2.7518252031441897,-1.4243529676980093
0.008883115369225114,0.014888076255089236,0.008095084403541909,0.0018496826319900096,0.2626014849014667,2.6800972952878044,-2.7640967692834053,-1.406695992188255
0.00917140547270682,0.014930865148160086,0.00821796616016647,0.0013809725178608589,0.28195310584511735,2.3451055504983813,-2.9879931803199846,-1.0669106137874784
0.009161364322131329,0.01494327634619493,0.008187252344007849,0.0013890126846305643,0.27269385009352715,2.3399519921671668,-2.964624221485487,-1.0769054737025139
0.00915591771365941,0.014928237524093783,0.00821358827146558,0.00140677713427921,0.2819705834921539,2.3647231496857684,-2.977929658844449,-1.08589408580998
0.009186901264173679,0.01493344407547077,0.008222265975805436,0.0013551363022142133,0.28301815627745364,2.3254410432731323,-2.997948757107556,-1.047847400631086
0.009176909969479362,0.014945896253143187,0.008191576453392082,0.001363264578040053,0.2730189124933124,2.3204061720398212,-2.974589360344701,-1.0579677585336926
0.009202404931867789,0.014935974281465732,0.008226483300076231,0.0013292952003805206,0.28360496482398395,2.3057437689467046,-3.0077776520592114,-1.0287502460013058
0.00919245798778589,0.014948447451216347,0.008195853347417544,0.0013375234131135642,0.2732457224852119,2.300824146651433,-2.984453951702147,-1.0389653179216218
0.009217916319918088,0.014938455742167742,0.008230616316179978,0.0013034604222596075,0.2830375634424275,2.2859864002219803,-3.017460293563206,-1.0096581416733985
0.0092080034260411,0.014950942706931683,0.008200057728972575,0.0013117865998898222,0.2737070902388063,2.2812023716801573,-2.994207014895638,-1.0199021849941916
0.009233435272781454,0.01494088843417703,0.008234668443657361,0.0012776105085481485,0.2825240274038482,2.266140534331436,-3.027008930144474,-0.9905229096712493
0.009223547345217336,0.01495341287869327,0.008204131985547326,0.0012860364688015073,0.27428661093412393,2.2615141862661776,-3.003802576966576,-1.0008000078164712
0.009248961635249483,0.014943272334665861,0.008238642448776635,0.001251727556187803,0.2829995069734693,2.2462157191706797,-3.0364465489504604,-0.9712745361224323
0.009239098667841767,0.014955855541292513,0.008208084133105392,0.0012602641255356213,0.27467215034277687,2.241756093675578,-3.0132399567826624,-0.9816647039838857
0.009264495252455318,0.014945607421372954,0.008242537324699834,0.0012258178827933373,0.28420726839477967,2.2262516523179747,-3.0457807121703886,-0.9519107936789407
0.00925466765104308,0.014958242195377844,0.008211972816892078,0.001234469994051966,0.2747984796960969,2.2219392018557227,-3.022563560346614,-0.9624726609799089
0.00928003596988042,0.014947893672597863,0.00824634980231367,0.0011999031952251965,0.28521054408399876,2.2062803112104654,-3.054998609801759,-0.932502682316228
0.009270252402958442,0.014960551704595095,0.008215837637672292,0.0012086656144739314,0.2748516030723532,2.202077268744539,-3.0318060762599455,-0.9432005774554918
0.009373420771600324,0.0149605844888015,0.008267495998778188,0.0010442988032613038,0.28421605499340574,2.0850911154721983,-3.107448930120755,-0.8154799462994028
0.009379402441968002,0.014975508006506042,0.008240253732249373,0.0010278375034645816,0.276538458137269,2.06176720397322,-3.092797858442022,-0.8071253377031359
0.009357840677385805,0.014958591675504214,0.00826417258905648,0.0010702813860581754,0.2836685998022671,2.1055050533043,-3.099016350194361,-0.8352789616750922
0.009363756953555678,0.014973511729920418,0.008237008911376834,0.0010537531669842298,0.2766565238615259,2.081969031338095,-3.084448040794111,-0.8266784713482824
0.009145824710677534,0.01494061896554017,0.008182823728747986,0.0014147458572062934,0.2720771880165371,2.359422725152466,-2.9545121951064384,-1.0957888426419486
0.00914043814353798,0.014925561228420125,0.008209130718450907,0.0014325592817782317,0.2825264229665948,2.3842688079082377,-2.967739430863768,-1.1048407538517897
0.009047741492513604,0.014908482834330765,0.008180674023238119,0.0015870178247157883,0.28033279456447474,2.500254022455951,-2.9039255683749388,-1.217541256281681
0.00906316862569595,0.014911450597951648,0.008185620477869231,0.001561305118396062,0.28124799770842246,2.4811246334707464,-2.914898439008601,-1.1987933116131098
0.009052776651493335,0.014923741571609042,0.0081543867705155,0.0015687629843671544,0.2688438869249612,2.4747850586894664,-2.8911889843484455,-1.2077194874610655
0.009016915263030915,0.014902401901103013,0.008170525423453388,0.001638464059314946,0.27600717524266005,2.5385235115393376,-2.8816073869131116,-1.2550183643045567
0.009032323652033132,0.014905466592036428,0.00817564112413881,0.0016127438410372672,0.2783208510949765,2.519384434633405,-2.8928197654746524,-1.2363181337693587
0.009021783082756524,0.014917785783103293,0.008144122877216822,0.0016200068554463043,0.268431419369575,2.512688455819857,-2.8690063892939546,-1.2444941349799405
0.009037277917894817,0.014920808504707896,0.008149258582078297,0.0015943764576470487,0.268532224723616,2.4937530761793716,-2.8801318541181415,-1.2261533657285026
0.009078604893063712,0.014914369853492293,0.008190479774127775,0.0015356101174741753,0.280540465829139,2.461941041238119,-2.9257119491202848,-1.1801269936694314
0.00906827003625174,0.014926621082490397,0.008159435367251054,0.001543154371903841,0.2695200784712522,2.4557636308341304,-2.902127584182177,-1.1892029269597797
0.009094050136367162,0.014917240572168871,0.008195257114091354,0.0015099058877565137,0.2791953580404223,2.442641065596571,-2.936372977733073,-1.1614824925078793
0.009083758876181387,0.014929493737634065,0.008164318136427819,0.001517521459127257,0.2704793665161281,2.436650807363513,-2.9128874646920315,-1.1706299680884042
0.009109504197630083,0.014920062725815756,0.008199960210475084,0.0014841509595481179,0.27961240879796434,2.4232270171646406,-2.9469296249952794,-1.1427210177658573
0.009099251482025929,0.014932371410252684,0.008169016772879423,0.0014918496402684118,0.271211279646439,2.4174263437507677,-2.9234447379439836,-1.1520221093635266
0.009124966919156603,0.014922836286880736,0.008204587588493883,0.0014583530186923425,0.28160791075107827,2.4037601871217054,-2.9573983528182826,-1.123804993943991
0.009114761051466627,0.01493520156658982,0.008173636082842238,0.001466153787599146,0.27141034732401254,2.398128800818961,-2.9338707372254826,-1.1333606109170506
0.009130289079873732,0.014937940688535852,0.008178259073350605,0.001440454335541477,0.2715511761444925,2.378801840019088,-2.9442391618729875,-1.114614647436506
0.00497187414017495,0.010403530682238801,6.623026062500856E-4,0.00825364003981823,0.052868757455336236,0.4113160445368998,2.5799193013974793,0.3235306349013061
0.004969892629032351,0.010356041268257872,5.84700304011825E-4,0.008261594586157025,0.06874758096251445,0.36213753076079747,2.5821678651193785,0.37482675563138423
0.004970437732063872,0.010371663220975418,6.10227368497072E-4,0.008258994820664854,0.06351513999153846,0.3782985507009973,2.581439582257135,0.35791425337563715
0.004970961816484657,0.010387544059037777,6.36147274441664E-4,0.008256173379757618,0.0581854779133145,0.39471208548805553,2.580579161763859,0.34072910270928625
0.0049508939118110004,0.010318640309610728,5.202934663869652E-4,0.008246465375649064,0.07901869090588019,0.3197389408154294,2.569581180699142,0.4109567775485397
0.004952966565035283,0.010334202351008815,5.459033511452019E-4,0.008246007438496678,0.07407338368609213,0.3361485725387481,2.5702930672866917,0.39450429348033905
0.004954987520301752,0.010349237971344573,5.706593342676779E-4,0.008245454250540405,0.06928297443861281,0.35201374478766323,2.570906918012813,0.3786094431492663
0.005091517165669236,0.010952258507486398,0.0015871236983818285,0.008180653719216535,-0.11656943705756125,1.0094518007820976,2.568216766023133,-0.25110782038153656
0.005076244712472363,0.01094722762854433,0.001570737977157982,0.008165083410210746,-0.12170989181940095,0.9947761508742942,2.5591882475885224,-0.2436759093306948
0.005088549402048354,0.01093683137430405,0.0015614070600691477,0.008185601000587213,-0.11231420291659111,0.9924321555348917,2.5704177172107907,-0.234942129723304
0.00509453340796357,0.010967676347966866,0.0016128163651834499,0.008175627251951595,-0.1209862760129925,1.026421052120778,2.5660026792631467,-0.2672367050873162
0.0050793104019557665,0.010962685045304038,0.0015963980949547242,0.008160137019520052,-0.12637288305912617,1.0116448701159337,2.557006227735909,-0.25991891098544545
0.0050732286237299305,0.010931740436176887,0.00154503352560613,0.008169960532990088,-0.11697291015395704,0.9779294430258877,2.561304629522787,-0.22740768416514182
0.005085630146507708,0.010921395106936288,0.0015356640388588638,0.008190469402084162,-0.10818776240214718,0.9753791178328415,2.5726028632992946,-0.21872670493564664
0.005077163713119264,0.010875033080843395,0.0014583154227192452,0.0082045946248803,-0.09727654752615239,0.9247388084720348,2.5788804666455025,-0.16975324258899535
0.005062008314459425,0.010869710538372513,0.001442264894710505,0.008189042963194804,-0.09733726049184127,0.9110541080022286,2.569363759685252,-0.16240892439724833
0.005079937274184246,0.010890495802369919,0.0014840738959675554,0.008199974229177108,-0.1030903983463781,0.9413925085435434,2.5768654994988727,-0.18607785443620486
0.005064695956106213,0.010885177488213932,0.0014678800559135184,0.008184372054081408,-0.10156658603879108,0.9277266090725939,2.5674142486889866,-0.17863187143909556
0.005082759427831132,0.010905949863632842,0.0015098770117478323,0.008195262183450621,-0.10552052119519273,0.9583167892321055,2.5747596192456093,-0.20243459279196532
0.005067419966506608,0.010900685620482334,0.0014935445784163674,0.00817958238723303,-0.10656905666784124,0.9443756330363177,2.565397736851906,-0.19485904031512882
0.005070270530094424,0.01091622153340723,0.0015192866957645151,0.00817477779325883,-0.11195961015021151,0.9611129235652376,2.5633623950409476,-0.21112591455508226
0.005043754563237494,0.010848896057641805,0.0014006581606606147,0.008178186698967716,-0.08861433981118548,0.8866482707827731,2.5596448642204908,-0.14462900495504852
0.005046633399594054,0.01086444275998512,0.0014263918682823533,0.008173888280170039,-0.0934188673593316,0.9034156552972045,2.5578719057455968,-0.16088816609490622
0.005041027469655926,0.010833174196961682,0.0013747031669950642,0.008182602433245855,-0.0838634880377722,0.869749721176536,2.561484713702677,-0.12815690891898288
0.005038471306052373,0.010817444435815707,0.0013487940681833359,0.008187076018209566,-0.07909062624146777,0.8528877235925846,2.563364886262548,-0.11163997411746072
0.00503601595183797,0.010801781255032858,0.0013230107669247872,0.008191491361965541,-0.0742829191202606,0.8361228849356719,2.56521402244082,-0.09517127727293283
0.005033642281948856,0.010786188117703486,0.0012973481248914514,0.008195826347768343,-0.06944202336430329,0.8194566394815609,2.5670178253419276,-0.07876086711184675
0.005028903751454878,0.010755167732035746,0.001246211104309958,0.008204006483949108,-0.05957079185594505,0.7863299110025986,2.570312619798784,-0.046122886790383795
0.005031304496446058,0.010770659423783272,0.001271776579248396,0.008200031929610661,-0.06453723615992567,0.8028742144021791,2.568741519644139,-0.06241304820202439
0.005023946056214781,0.010724062630176048,0.0011947602833333145,0.008211400799257113,-0.04966862959566188,0.7531320466182634,2.5730740999917834,-0.013468904618919536
0.0050132762672496405,0.010749575595235828,0.0012306264676075166,0.008188085947837464,-0.058356387014032014,0.7761407780975579,2.5592664144532424,-0.04271801269614873
0.005010482771674928,0.010734112642971723,0.0012050467945016491,0.008191392843527321,-0.05355653960290191,0.7595607956358096,2.560407876258431,-0.02656658134699062
0.005015551143408248,0.010661482530147738,0.001091655357486899,0.008226411937958809,-0.029791719114467163,0.6867290442139428,2.5787890698962896,0.05258847750814232
0.005017613760079497,0.010677066768108269,0.0011173544764457994,0.008222853953892302,-0.03491229127756889,0.703255016737605,2.577478909336895,0.0361243148801254
0.005019533792568785,0.010692706381317071,0.0011430623525669982,0.008218966292758425,-0.03991398812804611,0.7198163697949815,2.5759536148696376,0.019570527344081504
0.005021618293450839,0.01070839072969037,0.00116888210657739,0.008215110347436277,-0.04479897373171921,0.7364562737870931,2.5744606844895475,0.003013951779204441
0.004992844454620616,0.010608714674926037,9.99028312184536E-4,0.008218944826808338,-0.013898363641942477,0.6266114071309999,2.570289391530768,0.10540391196594724
0.004995034512400285,0.010624514142251809,0.0010250333898999284,0.008215940625415601,-0.018943684427871196,0.6433393267878157,2.569347213565052,0.08876295637128906
0.004997453488753566,0.010640182849812677,0.0010509004935160438,0.008213107805151885,-0.023922830332144537,0.6599984454053219,2.568516832694645,0.07230828878149721
0.005000039476854386,0.01065568244676505,0.0010765503150090858,0.008210391057027389,-0.02882335725711088,0.6765339112632248,2.567757129124939,0.05606749435251656
0.004990869523807587,0.010592822356567647,9.729355399942641E-4,0.008222088383476949,-0.008796313697927173,0.6098489000862619,2.571325134486496,0.122189583584817
0.00495625936775601,0.010412857810114026,6.73754876459013E-4,0.008233140802780576,0.048215633169068954,0.4175751027826246,2.566812278769847,0.30967610142958707
0.004986639488607834,0.01054533627921747,8.953971228362487E-4,0.00823257806391431,0.00663169128674138,0.5601814706745715,2.575167275258878,0.17272387692036217
0.004987812342261977,0.010560938987141883,9.208299903155718E-4,0.008229019732624377,0.0015449025931020693,0.5764504440805954,2.573832000636092,0.15606599233662635
0.004989140180180492,0.010576848304024342,9.467768480891596E-4,0.008225401843413978,-0.0036332688323220987,0.5930675514700794,2.572474349107971,0.1391176589061391
0.004957309222736081,0.01042886894795808,6.998045002724822E-4,0.00823053325287655,0.043012908123646394,0.43421558812575295,2.566113581598764,0.2925321138454129
0.004958470676441492,0.010444869025156045,7.25845859463727E-4,0.008227912388991239,0.03782855516623298,0.4508653529856064,2.565407807139278,0.2754356356576335
0.004959830055584763,0.010460894021829996,7.519611666822997E-4,0.008225369953934065,0.03265679246981249,0.46758158470581185,2.5647586523461356,0.2583656115754804
0.004971293334866463,0.010539129610889849,8.806891467600827E-4,0.008216489741361977,0.007764640306885724,0.5503043058845148,2.563995029560269,0.1761499202672788
0.004961479571273602,0.010476930024678721,7.78157141185436E-4,0.008223016894343252,0.027507455960649577,0.48437201889625375,2.564239686280652,0.24135603667344788
0.004963496716512246,0.010492912038271565,8.043579425065784E-4,0.008220961793864749,0.022404387711832518,0.5011899117491282,2.5639195828690196,0.22449179305537723
0.004965943938259796,0.010508727501319539,8.304103343665543E-4,0.008219311774736374,0.017383896375671424,0.5179378561207675,2.563862726844317,0.20790442388546346
0.00496875082603931,0.010524210692678865,8.56038828055762E-4,0.008218038221691202,0.012491690192830704,0.5344351053723799,2.5640385340450362,0.19175278745755595
0.005259490019987282,0.011589831792800676,0.002649663164195393,0.007900717776497701,-0.2786689611470192,1.7313387734413481,2.4215211948315054,-0.9214565025085019
0.005264507913819306,0.01160471639292431,0.0026744541353779204,0.007892360257781575,-0.2826333769119974,1.7488007952167786,2.41648205324566,-0.9371974958762538
0.005248759570408619,0.011601689094647207,0.0026553131436239737,0.007876869456618278,-0.28313790983816295,1.7331796843935836,2.4068173127769117,-0.9299894360425968
0.005269572541305844,0.011619585149978953,0.002699246624227977,0.00788391532608425,-0.2849549454659072,1.7663528145549339,2.411322604837936,-0.9529478754141056
0.005253782268661519,0.0116166244129342,0.002680015160681576,0.007868374391703811,-0.28581638344928534,1.7506120769083326,2.4016882009239118,-0.9456715461514548
0.005274683853955189,0.011634437921711378,0.002724032454202114,0.007875385743650593,-0.28594680074589124,1.784016630332886,2.406073369412162,-0.968668608536866
0.005258872394032739,0.011631554997453823,0.0027047205313342755,0.007859812834741915,-0.2888782110124573,1.7680631505069353,2.396480188278929,-0.9613541758653145
0.005279841802758872,0.011649274565685586,0.002748771346926341,0.007866785363696956,-0.2879474505656807,1.8016751185308915,2.4007777388968927,-0.984333067802034
0.0052640568308751174,0.011646458583436693,0.002729429854306429,0.007851234119702911,-0.29189400634342455,1.7855779418391353,2.391212201221052,-0.9770395672142819
0.005285046338188198,0.011664094939289061,0.0027734560870810387,0.00785811672382174,-0.29141266078629025,1.819248212892173,2.3954389853334215,-0.9999656231131852
0.005269297637950989,0.011661326854335234,0.002754099877048308,0.007842605672682941,-0.2944513835294397,1.8031275046712756,2.3858663505758173,-0.9927096368163534
0.013476789609165152,0.013753136641214695,0.005937951851514898,-0.005500681747917375,0.2462393619703254,-2.6009554612813477,-0.8210934728465088,3.759512663840938
0.013496477844932133,0.013747495657646857,0.005904650839614623,-0.00550907909016765,0.2450572409227472,-2.5995512315765414,-0.7933591764208101,3.749875042131779
0.013313690343909342,0.013935720724356835,0.0061478919980310276,-0.005176056710807466,0.23112309678589874,-2.486846164339061,-1.0949665027596025,3.616157628295813
0.01346922614918329,0.013772033900079667,0.005944705548861528,-0.005467410518736795,0.2436839670467363,-2.5880728285876806,-0.8385350993328354,3.7383975262480713
0.013458322900774516,0.013788297910481934,0.005958114248108408,-0.00543905642783002,0.2419989834646211,-2.5780786463966483,-0.8589868867148055,3.723969396802326
0.013331953567115869,0.013908427693912201,0.00612961935380208,-0.0052253798335191734,0.23405242970072002,-2.5068112028094194,-1.063918512906137,3.644613632004941
0.013356707662002674,0.01389111937984931,0.006094402887462676,-0.005257241410320339,0.23453853573029113,-2.5170520054369736,-1.02637613389758,3.652600761636346
0.013385491617116038,0.01385025769273937,0.006062239865638589,-0.005330360255187281,0.23877430539337233,-2.5451166361242343,-0.976127874051496,3.692033837235224
0.013373296641408012,0.013871480039713308,0.006074283311211303,-0.005292509452666488,0.2363156053119889,-2.530162494817357,-0.9987401246453936,3.6696174217868376
0.013448061456866328,0.013802592923820682,0.005970893354331888,-0.005414109516065965,0.24062169080240245,-2.5693123433364877,-0.8776779600627364,3.7116589054613756
0.013435207648907838,0.013812074644168804,0.005990002910306112,-0.0053977297161516054,0.2403307016344028,-2.5649178725503026,-0.8978459007064856,3.7084981412450033
0.013428184251993873,0.013828235726427702,0.005995910558338278,-0.005369233965929085,0.23832799031136434,-2.55361541107564,-0.912679168827723,3.6903928155202874
0.013409661263044407,0.01384676324669045,0.006020927760583212,-0.00533665843245642,0.2369836911437635,-2.5429007583520655,-0.9430794943024569,3.6780051592181775
0.01369241963218129,0.013539475946552894,0.005602819567932079,-0.0058449509814419995,0.2593847056939231,-2.678275285815754,-0.4421942653797805,3.840918341866906
0.013666239874960304,0.013555804626204017,0.005647510283833725,-0.005822925957097787,0.25964691554352975,-2.6791170883261075,-0.4833499686800728,3.848495917274065
0.013684957359078737,0.013555198528004115,0.005613920417324379,-0.005818838329895942,0.25743744948366326,-2.670662734638725,-0.46067462696454503,3.8280953546184344
0.013645002307076408,0.013585210538115155,0.005680664813410876,-0.00577541266335452,0.25701070374850987,-2.6674416998320187,-0.5263330124695179,3.831552375895559
0.013656371041004131,0.01357278006104358,0.005662441788269361,-0.0057949341882301214,0.2577644908962058,-2.6713805543047937,-0.5053465058188769,3.836174434643017
0.013632932774593112,0.013596073221223266,0.005700315433978879,-0.005758744794577038,0.2564326156649357,-2.664780912556265,-0.5472080695402449,3.8296443521722305
0.013618449203600336,0.013604400924956442,0.005724737010851437,-0.00574705238887337,0.25675303767339286,-2.6648627132960017,-0.5696177307454829,3.833673114332315
0.013652317373333837,0.013606077399312516,0.005663560294819758,-0.005736195207116583,0.2524698250596557,-2.6488574095596253,-0.5295016446433899,3.7946168058468714
0.013564027184177894,0.01366525843309703,0.005808370775358063,-0.005647928164448532,0.25219041821245963,-2.6406207726838224,-0.6695230548424496,3.8039533482373122
0.013579354591450047,0.013648506112697568,0.00578509480909085,-0.0056754322552590684,0.25335378199860686,-2.6475792889474694,-0.6417724807192452,3.812316238207622
0.013609408641880968,0.01361891740454533,0.00573791758233816,-0.0057228339931434434,0.2551594766839664,-2.6578274348745965,-0.5887528511840973,3.822884512259398
0.013594651466286418,0.013634285683827694,0.005760996569818623,-0.005698151440227776,0.2541363684437383,-2.652311797266689,-0.6152604696633927,3.8166966521052514
0.013551437962206064,0.01368432764262623,0.005825780738198053,-0.005615623754616499,0.250160070513755,-2.6305490210506686,-0.6947696028285947,3.7890770543727252
0.013539799978360231,0.01370321206083743,0.005841196431831748,-0.005583401133913448,0.2481540538269197,-2.620048134620006,-0.7184464945495951,3.773254589602877
0.013526781071026436,0.013720482066274388,0.005859253314015388,-0.005554151196017835,0.24656805761806308,-2.611048141252509,-0.7428784993565771,3.760813982471902
0.013512476071825008,0.013735218987080126,0.005880136270711044,-0.00552943182646793,0.24559736349191016,-2.6042001477531236,-0.7676303397191714,3.752937084029844
0.014003053288893131,0.013143170546186987,0.0050320660323366975,-0.00640881382976611,0.2864985570912401,-2.7246428454271574,0.19787283160996086,3.912965012474999
0.014020958597862017,0.013140427191692922,0.004999974367737025,-0.006402049336619733,0.2842144205453021,-2.7121798129275123,0.2166367540598805,3.8887124799125714
0.01399885977717155,0.01316315499425911,0.0050436013367831595,-0.00637625617569126,0.28367427535098216,-2.717772123090626,0.17550934590123946,3.897450087759726
0.013993678211344531,0.013182412835615772,0.005056442287038742,-0.006345589213458268,0.2811367542936453,-2.711842522030914,0.1531360585400917,3.884059582347721
0.013985205324229527,0.01319934994133195,0.005074385229322896,-0.00632096055199076,0.27948651105170247,-2.7093570835859215,0.13000755292137423,3.8778596278485122
0.013943599138402174,0.013251044491847065,0.005155515150507095,-0.006253910518536121,0.27660622041418576,-2.7115334495380505,0.0449767831730803,3.8796368729276405
0.013950415660616573,0.013236462992914151,0.005141524104775403,-0.006275865069230479,0.27823506026918843,-2.7147319618749566,0.06420326448331945,3.8865918857246937
0.01397479032346536,0.013214447066285356,0.0050952251045326075,-0.006300600255942985,0.27844058475757777,-2.709041430193572,0.10680114802472047,3.876260626112946
0.013963187776782689,0.013226799967048807,0.005117579020379115,-0.006285606144348131,0.27796370268983606,-2.7108318125176005,0.08491003586670441,3.8791802032703537
0.013815248194981153,0.013385034619627255,0.005392899237915008,-0.006078366901683278,0.2709413060554324,-2.7156005307892026,-0.1960506855885367,3.892904187350829
0.013789480736401875,0.013432983155676191,0.005438138832261137,-0.006002927821663527,0.26587643480937645,-2.6996253553724396,-0.25967228150650173,3.8646563002409633
0.013799721755570527,0.013418423118245405,0.005420275606004971,-0.006024935008566184,0.2671125312924918,-2.703234018199389,-0.2378302151276044,3.8703682311027294
0.01380856504680576,0.013402564365202069,0.005404752944602205,-0.0060497301196514135,0.2687427312964452,-2.70831800959008,-0.21646357327971374,3.8792809676309346
0.013778002168932284,0.013446083293627785,0.005458110972497877,-0.005983885747830208,0.26506345605824505,-2.6974910686102267,-0.28177119682574675,3.8621268170703282
0.013765876633542957,0.01345769533701422,0.005479189679368596,-0.005967602028841224,0.2645633628898852,-2.6965162291611056,-0.30352024732335314,3.86208309796149
0.013754196202107228,0.01346871130170913,0.005499401706242944,-0.00595206875448831,0.2641019146587629,-2.695508017278412,-0.3243605769743719,3.8620377129092183
0.013743258418515966,0.013478634072932216,0.005518266015774089,-0.005938096638321502,0.2637760660604028,-2.694665405502329,-0.3435725515950101,3.862294350013626
0.013738447027055534,0.013494503340670441,0.005525468231333001,-0.005911242207177136,0.26160775839535777,-2.6863186396108865,-0.3597419740135955,3.847050424441182
0.013729124892461284,0.013514328407379782,0.005540125190724411,-0.005878789126276942,0.2592682074208792,-2.677476413629504,-0.3834670397380214,3.831826628501703
0.013714662595870114,0.013535274858118188,0.005563497133218479,-0.005845845111763207,0.25740616977205294,-2.6702182094571643,-0.4135684203313382,3.8208255948738037
0.013849277902348068,0.013359903350364886,0.005331606769415179,-0.006108254071555402,0.2708077550794478,-2.710418568152073,-0.14019382122521384,3.8795261947363398
0.013901410833431885,0.013295288805444163,0.0052350407509099296,-0.006198065145719452,0.2749269358477894,-2.7154146207522065,-0.03425617397249674,3.8871766581441385
0.01393079360522029,0.013267343141904567,0.005180126879619307,-0.006232108418608121,0.27564161028849926,-2.7113708685909947,0.01853143001279699,3.878940237387365
0.013915467101371244,0.013282968427800893,0.005208939390977844,-0.006212616570980843,0.27506405128750394,-2.7130175217912638,-0.00985618101554893,3.882168619796289
0.013862624320999694,0.01334803380204672,0.005307396693108765,-0.006123240161355004,0.27104578354090747,-2.709271499913111,-0.11685998131329768,3.8763102917949728
0.01387722557835148,0.013333526732402321,0.005280719159892985,-0.0061421120662443355,0.27154413009953865,-2.7086847521525415,-0.09015795766015561,3.874320028692902
0.013895520522179497,0.013315419300785298,0.005247075483891938,-0.006165277533686524,0.27222717930209556,-2.7075087342526496,-0.05677226368792831,3.8712398595204216
0.013834318431914705,0.013385134679933373,0.005358734132795057,-0.006069894252167047,0.26840824268744834,-2.7038871051405517,-0.1755014649518474,3.867827747818278
0.013852644261699798,0.013378340108845749,0.005326007925658577,-0.006073869421836737,0.2671058906139056,-2.6968630213647553,-0.15088878444091758,3.852347007118597
0.0140996121308338,0.012990288568139587,0.004820229391450223,-0.006608517304147331,0.2973205794192184,-2.7153490696492573,0.4309101485195436,3.9180280066011846
0.014088774515574484,0.013000716168033532,0.004842620368219531,-0.006598650041344111,0.29738772972203814,-2.720305987875384,0.4114883426686421,3.925540852338062
0.014083207423052092,0.013017523867519979,0.0048578148123528545,-0.006573535933443875,0.2953850148049812,-2.7180157291644558,0.3898096113134634,3.9179723705722784
0.0140822975371966,0.01303917874284809,0.00486616923028171,-0.006536498672060302,0.2919104646295349,-2.7096091101393855,0.36727216235600935,3.897947999683859
0.014077655042270926,0.013060888778919866,0.004880690862571182,-0.0065021289302190114,0.28897820635543464,-2.704019155307155,0.3419067704389925,3.8835564394252837
0.014072462407609027,0.013081314330655701,0.004895464682563054,-0.006470348242730419,0.28631378499414706,-2.6992149274439154,0.3175904191394332,3.8711126564480485
0.01404215865879942,0.013124146613632042,0.004959158226482447,-0.006416560239434964,0.28377976918928705,-2.703555314471307,0.25063917026332927,3.873716913222064
0.014053252363041993,0.013114780295094176,0.004937563951076473,-0.00642542980066541,0.28365059080577765,-2.699243779266423,0.26913835618333065,3.8664921943129813
0.014064530407657531,0.01309968956810821,0.0049141432167484735,-0.0064439654430866805,0.2844363387086665,-2.6972768590170024,0.2931600402820596,3.8647079386152314
0.014039007156558514,0.013138496923853535,0.004967996178655642,-0.006393631492471494,0.28183557646790697,-2.699180834097048,0.23436612157744527,3.8634708651508753
0.014138739663582098,0.012966239943780794,0.004744084851900931,-0.006619500303698155,0.2948984959539331,-2.691132446732473,0.4861560602957404,3.876709083232219
0.014128901180218674,0.01298001137434792,0.004765976489536964,-0.006603577070259481,0.2942152391722448,-2.6943672378658516,0.4644094682638294,3.879954383884026
0.014118752539058392,0.012994081298398219,0.004788384085550061,-0.006587217067775341,0.2935651085680658,-2.6975554565436837,0.442084721658579,3.883174199720624
0.01417210784422281,0.012933748747522691,0.004674662887891784,-0.006648090783797136,0.2947151917210426,-2.6738099887911484,0.5446805901754505,3.851217661363552
0.014158801302277953,0.012969035388883892,0.004710820231750548,-0.006598803226145699,0.29116888808493524,-2.672855490732049,0.49823642409734065,3.8414744024895877
0.014166611162683975,0.012952001637353583,0.004691122093017904,-0.006621531513715292,0.29264402278297763,-2.672229253746744,0.5216059830027636,3.844047534449586
0.014333073594712913,0.012668189581227446,0.004273968115179273,-0.006941049559289525,0.30829907999469136,-2.5908835052056562,0.9371198610409418,3.777126358492786
0.014350550138392577,0.012662943191417001,0.004242625390456654,-0.006931639432630705,0.30580410697467214,-2.574744440407398,0.9515204222742061,3.74929729700395
0.014281278553124515,0.012750468707531522,0.004405700494215392,-0.006857966082309752,0.305147421899407,-2.625532590206866,0.8154552170143008,3.812669003423092
0.014315674649562491,0.012694944959200292,0.004318100027513567,-0.0069152118045554415,0.30743636155760085,-2.603371571297735,0.8974784514852009,3.7905542927000506
0.014329474697123385,0.012686094361106598,0.004290496024695083,-0.006915723701090515,0.3061364985085353,-2.5915955248225817,0.9146093922046366,3.7719704369692137
0.014300101056076573,0.012722190891352417,0.004359159189699718,-0.006886156612660421,0.3060950031416263,-2.6133736962127077,0.8580078033650187,3.799589054931498
0.014298346690436649,0.012744307807431174,0.004374310825521108,-0.006851656031266096,0.3029930660687516,-2.610703993867926,0.8318859950298041,3.787228510134932
0.014316688983576712,0.012715770602541651,0.004328456453401334,-0.006880316889297233,0.30400882943190677,-2.5987806647914664,0.8740692322726537,3.77479984113712
0.014263950629968566,0.01277648018366946,0.004448162959626886,-0.0068314281482101105,0.30419816897700924,-2.636019452532248,0.7761271046494586,3.823795322163972
0.014278598769612209,0.012768092578662654,0.004419546657821106,-0.006831466909747454,0.3027536024677232,-2.624230491186124,0.7940255027407613,3.804572335722452
0.014262605362571859,0.012797699135179417,0.004461284080248426,-0.006797513577840129,0.30104259036164877,-2.6322247943995216,0.7515658035388421,3.8101578261324858
0.014258538880670671,0.01281894245199664,0.004478599082016296,-0.006766045411230825,0.2983964282290373,-2.6306840129160616,0.7255976147390896,3.8009434094730636
0.014252006294939376,0.012838626299265946,0.004498935226628017,-0.006739302235320763,0.29641416134691995,-2.6315203679117434,0.7000118105856981,3.796805379772201
0.01424115268283777,0.012854636927478826,0.004524479985325435,-0.006722349841296237,0.2957666064299364,-2.6369869061035858,0.6758371827120088,3.802485167571731
0.014230159223756266,0.012864770824986268,0.004547459538919855,-0.006715121570422663,0.2960675127065594,-2.6440502047465873,0.6578354692157365,3.812878013315577
0.01422739757786222,0.012879339812067278,0.004558614320408516,-0.006693184118051349,0.29419277834491725,-2.6422975660845562,0.6403242215399997,3.805699654358697
0.014194031290365611,0.012915784201702949,0.004630253755019628,-0.006660362556463628,0.2939875911199063,-2.6605759996137515,0.5790844128244104,3.8306275947672055
0.01420544159483262,0.012903970584467878,0.004606092370752102,-0.00667067198151932,0.2939355395424356,-2.654288697834765,0.5994409963289246,3.8217546841347203
0.014222531560102142,0.012895081822607724,0.004573637143209133,-0.006671056271730316,0.292425554418647,-2.6419209466779257,0.6203214674377121,3.8009156750821007
0.014191514592780355,0.012932090618178092,0.004641137602501889,-0.006634937396362285,0.2917742407787996,-2.6574081506093177,0.5601491638421469,3.8207482582984302
0.014422110820157924,0.01249432774932837,0.004016390328037404,-0.007120732403294188,0.31678811174664195,-2.517325919532609,1.180304556147078,3.7124563874538077
0.014449455294702101,0.012479279629750114,0.003963059096832935,-0.007112632472161457,0.3135034231624631,-2.4900340641286927,1.2072142879754872,3.6690776667854608
0.014441381956968891,0.012494044777317073,0.003986348298357611,-0.007099171244052945,0.31301709514240406,-2.4980458279989963,1.1869268901662684,3.6771518560999144
0.014412454598023894,0.01251076057835633,0.004043370289526141,-0.007106091491343932,0.3163273070401103,-2.5266423808630454,1.1571440337870025,3.722302098405461
0.014360750038420725,0.0126221213453535,0.004200814586862047,-0.006986456088533015,0.310004285145605,-2.569962603888309,1.003821606020917,3.7559183275668455
0.01437385659543633,0.012605561339339006,0.0041692301818614325,-0.006998987430673376,0.30995744031401545,-2.558880423184899,1.0289673194287217,3.742006318881057
0.014384191986413173,0.012591263386328405,0.004143445806614389,-0.007010618914209252,0.3100901337184125,-2.550059215167952,1.0501446581781295,3.731481364658212
0.014393401895218205,0.012577022939746324,0.004119398510160647,-0.007023175481755124,0.3104019494686774,-2.5421455052675968,1.0707056979779794,3.7227030045106777
0.014401449224386848,0.012562318191836784,0.004096772670961614,-0.007037552328982846,0.31100216010284726,-2.535226674761614,1.0912862827208836,3.7160421900869096
0.014407671625468502,0.01254686133860852,0.004076373063288175,-0.007054957588019523,0.31203941390547735,-2.529964007450723,1.1120393375630384,3.712843150337673
0.014411883826329415,0.012530774708539642,0.004058526081569219,-0.007075453272675321,0.3135840402946268,-2.526528749111707,1.1328326954125256,3.713389709249373
0.01437785160199983,0.01264152901153267,0.004185834883630306,-0.006937645764995531,0.30392386672097543,-2.5511588067610185,0.9886950909477136,3.7139559403746674
0.014372297613344421,0.01266157163021296,0.004207043766765139,-0.006911542107721244,0.3020180732831035,-2.5540539216613722,0.9631196225932052,3.711832360912822
0.014470471559099968,0.012479861407824415,0.0039313842375533125,-0.007087584589991724,0.3092565135863205,-2.469187577730495,1.2126747770755628,3.6306402848098114
0.014489561267305358,0.012390909416853732,0.003833921141701707,-0.007199474026379074,0.3176486880274659,-2.4465578538305786,1.3251185065432196,3.6310100561718355
0.014484413310684802,0.012408006174891479,0.0038552857992272534,-0.007179965315303612,0.3162829681948103,-2.4528329824443116,1.3030573838013328,3.6341735079568838
0.014465043277128158,0.012443991814342721,0.0039126307966609285,-0.007148455101640855,0.31532041473609146,-2.473868433973795,1.254369646416426,3.6556364747217174
0.014477270368238754,0.01242443139060497,0.0038789594038281384,-0.007163698879675753,0.31558946249368436,-2.4608645572497276,1.281286858074594,3.641007323132237
0.01448160673202818,0.012462453002825917,0.0039015177460896247,-0.007101123577432118,0.3094228278838196,-2.4578850354598383,1.2365702655997826,3.6178320958822323
0.014511675336920155,0.012367720158704354,0.003782140193048441,-0.007207185455075337,0.31619846424429526,-2.422406135995874,1.3581244048227312,3.59817216484894
0.014508636528594836,0.012386321435110025,0.0038017372249917352,-0.007183257106081759,0.3142913628109731,-2.4270493150420154,1.3348555851341528,3.597438959772679
0.014544282335620762,0.012297255710074305,0.0036750269478065503,-0.007270033001702924,0.31860454861540793,-2.3811929456036633,1.4497439585245757,3.558889969950688
0.014517700539251666,0.012349974042747264,0.0037586082216231192,-0.007226051188712544,0.317297008677411,-2.414584879303494,1.3809666955971187,3.592797066746383
0.014524640662091356,0.01233026674352342,0.0037319042171131338,-0.007246481720186804,0.3184358629782262,-2.4053868726078984,1.4063085993166986,3.586020633217159
0.014536218892758078,0.012312647012514983,0.003699989586999647,-0.0072578007142639345,0.3183539750137419,-2.3914854663487435,1.4297029053875896,3.5696584876042823
0.01458966887233665,0.012168522185953075,0.003493578025599829,-0.007394394159473344,0.3249409057895758,-2.310324822453761,1.6123482731311876,3.5008103272083098
0.014553163088472106,0.012283865833741,0.0036505403930473935,-0.007278141973844164,0.31845674024898113,-2.370216106672341,1.4673120991432622,3.5458673721055516
0.014582144918074203,0.012185674765498143,0.003520317468820276,-0.007380399358161761,0.32448721362706606,-2.321997282560494,1.5908185125264906,3.5122640119475257
0.014561649183272523,0.012269587764233201,0.0036257978942029266,-0.007287858369262591,0.3184852515154432,-2.359354204291971,1.4857913957881876,3.5336117738861597
0.014569274939451824,0.01225448610684509,0.003601491477969312,-0.007299678879261942,0.3187732211234628,-2.349056076610731,1.5050744781565466,3.522931881970638
0.01457561173582414,0.012238666563081394,0.003578284154198495,-0.007314014629586213,0.31940064646531496,-2.339743515754336,1.5250345832033962,3.5145669396370294
0.014580158977266982,0.012222316255986802,0.0035570083545889823,-0.007331278219356917,0.3204475142946366,-2.3319347219860505,1.545462680782643,3.5093916874851874
0.014582665828595628,0.01220557765660316,0.003538102257930064,-0.007351644363180309,0.3219958314874145,-2.325899892312517,1.5662416525197786,3.5078540056673195
0.01484641355384951,0.01134219863052652,0.002208565007143539,-0.007974701275631373,0.33913507995719794,-1.6148764744107034,2.5204922037454445,2.833748722684359
0.014828534672155877,0.011403029356014713,0.0023092504024862476,-0.007947320411448534,0.3400590230252643,-1.6790243139777041,2.465293437191334,2.8998604624291766
0.014832982741647556,0.011387862896163966,0.0022842260138301283,-0.007954427939365558,0.3397509974593543,-1.6632110743216837,2.479284009082367,2.883633729367638
0.014837541373740187,0.011372691400981927,0.0022590415185056467,-0.007961173070391429,0.3394732348021721,-1.6471794676080507,2.493067820072046,2.867041336572035
0.014842043737240964,0.011357458589727138,0.0022337821165402554,-0.00796789747922015,0.33929224717474676,-1.6310375386764455,2.506799913578068,2.8503616386435584
0.01477731135918687,0.011568749775560912,0.0025819148598933794,-0.00786271234320817,0.3414789234700122,-1.8462441820952413,2.3046357819701875,3.070875964784333
0.014801090615726478,0.011493629361209061,0.0024585433041373794,-0.007902710108767278,0.34098169846375437,-1.7717606586910744,2.3792393177723956,2.994873745287343
0.014805717467900749,0.011478664986433884,0.002433917199615781,-0.007910349919492804,0.3407590852195496,-1.7566544399018384,2.39375208476263,2.9794218199304456
0.014810415210284214,0.011463682131709646,0.0024091430333133194,-0.007917716635883316,0.3405327900740811,-1.7413467066275403,2.4081139032747516,2.9636621910891168
0.014815122455131365,0.01144861868524085,0.0023842033678015653,-0.007924975769356865,0.3403882598369386,-1.725855360881665,2.422417837250847,2.9476850451635883
0.014812637621819539,0.011505460984222957,0.002462113713158441,-0.007870944284692578,0.33676636126153164,-1.7706125774936348,2.3594028173709454,2.9795967822964724
0.014793674385038287,0.011565588698024988,0.002560146072126558,-0.007838993672507857,0.3370718308842387,-1.829715049176231,2.3001811255516587,3.039797752381995
0.014798594476818928,0.011550628376877618,0.0025356243111704095,-0.007846861532167503,0.336980128264396,-1.8150114559975272,2.3150192029075423,3.024702476470653
0.014803561142565364,0.011535632046059036,0.0025109527794531868,-0.00785451910662101,0.3368506707710313,-1.800123843994044,2.329735440764129,3.0093429723773144
0.014808246701880079,0.01152052621157134,0.002486382022088044,-0.007862590791061665,0.3367801903060221,-1.7852866774679395,2.344580787857286,2.99427981554641
0.014840361050643028,0.011414911739091616,0.002313737370883632,-0.007915301704930447,0.3358931878361968,-1.6787717859576652,2.444863883240536,2.885443912680794
0.014836185029610274,0.011430301520999003,0.002338551746725275,-0.00790728340999408,0.3359511242664826,-1.6942201141234066,2.4303830155337915,2.900901562650896
0.014831543431632545,0.011445598622801083,0.0023636468381358533,-0.007899978239456833,0.3361235515935632,-1.7098660917872686,2.416142823294176,2.9169688858856557
0.014757100643366036,0.01162883904002175,0.0026808558932926003,-0.007829585500219312,0.34165751740337263,-1.9046869563467335,2.2430673837280453,3.1307527261535637
0.014762234931666096,0.011613918037856899,0.002656245045321291,-0.00783788090633891,0.3415030100207752,-1.8902529858396855,2.2585133471292056,3.115928887619017
0.014767413168662155,0.011598936139578292,0.00263145301539155,-0.007845998744643713,0.3414492663505548,-1.8756102950712368,2.2738739760034226,3.100825450351602
0.01477244407572672,0.0115838488185877,0.002606632101571474,-0.007854301001319059,0.3414924845859712,-1.8609174304167653,2.2892789738354185,3.085788628121118
0.014752068040484836,0.01164379837008131,0.0027053424135578753,-0.007820909317300255,0.3417549971693859,-1.9189104035387838,2.227408645602889,3.1452142748255016
0.014768392415079363,0.011641144083714068,0.0026835986740390057,-0.007797362376965075,0.337338559335659,-1.9024610227737881,2.2234238574851672,3.114192329194178
0.014730798026159857,0.011703357142707182,0.002803628417210813,-0.007786650434907284,0.34162148859116354,-1.9754089698090722,2.1642572461131917,3.2033103765692537
0.014736258262189245,0.011688606514604105,0.002779152460963208,-0.0077950826740800045,0.34155240600391895,-1.9614206017319677,2.1800275861124994,3.1888213224991975
0.014741712452669462,0.011673767463369457,0.0027545187925240157,-0.007803455249480014,0.3415853417095796,-1.9472573810275706,2.1957713291684993,3.1741428620188423
0.014746990274530023,0.01165880579010375,0.002729876726222876,-0.007812080452351413,0.3417014986676827,-1.9330671281755871,2.2115893379823586,3.1595880053359195
0.014615965349638993,0.012068074669091019,0.003358722903827171,-0.007496860826863753,0.3310148558027317,-2.2555012839994144,1.7371252331929348,3.46160947150469
0.014622843630685625,0.012053744961554551,0.0033348084452384115,-0.007506588591235317,0.3311119325918676,-2.2439111100283777,1.7545747797444642,3.4492937299258943
0.014608228268778771,0.01216656718378408,0.0034658628743774143,-0.0073721566055855335,0.3211662703546447,-2.2911142012619874,1.6151869875079108,3.4663178042083733
0.014614476162972954,0.01215149394651083,0.003442888601183996,-0.007384588874608242,0.3215992081962647,-2.2810396355302167,1.6337655017411452,3.456661828910224
0.014624239209935322,0.01208145121904574,0.003360955659572526,-0.007467073229693451,0.32762286466472906,-2.2513596933735216,1.719991568598545,3.4450594791222193
0.014621113108751,0.012098078129136918,0.0033817859879718584,-0.007448792488871548,0.32633129951618306,-2.2595584836644558,1.699517784896518,3.449724229056259
0.014619921838516771,0.012135075730229561,0.0034196220199630596,-0.007399797623253503,0.32234201173532423,-2.271243564738731,1.653917930322734,3.448437343528513
0.014622850892468854,0.012117783335461095,0.003398808687837864,-0.007419484483789723,0.323738575517617,-2.2635253392902297,1.6751478627635066,3.4447477536089752
0.014642632699010664,0.012010505140232268,0.003263547048519107,-0.007536298964022391,0.33147974431837524,-2.2090032626386553,1.8066860575498824,3.4127520728790075
0.01462919199901062,0.012039020317494625,0.0033111348585992827,-0.007517430823209658,0.3313349336505569,-2.2325595773628,1.7724702449740641,3.437784718099952
0.014635916324461132,0.012024893295097615,0.0032875028259396603,-0.007526769057528978,0.3314069357555622,-2.220902910147822,1.789459718409293,3.425364937427848
0.014730900252444168,0.011745164429715764,0.002854126492051074,-0.007737228481911475,0.3374958906908883,-1.9997036683955696,2.1134113896582005,3.2141636162792797
0.014736285193687207,0.01173042001133505,0.0028300524749987305,-0.0077461476021879845,0.3375218979697585,-1.986243562838933,2.1293643738630688,3.200399479968451
0.014741659896395394,0.0117157619907471,0.002806032858225295,-0.0077548141782232466,0.33753045297686274,-1.9727135872423063,2.145091397120089,3.186498086336058
0.014725746343636431,0.01176012064773333,0.00287811209429564,-0.007727525552186709,0.3373592625558914,-2.012927502880872,2.0970053933237085,3.227358004877025
0.01464968088439812,0.01199545264554256,0.003238391378080584,-0.00754605812604336,0.33151652230820733,-2.1964041661246623,1.8245610885278827,3.3993447555533636
0.014655494648952013,0.011979528825598426,0.003213858792459233,-0.007558570705333564,0.33192728142003675,-2.1845447492435164,1.843556601867759,3.3880428934576767
0.014660459620792493,0.011964179214478114,0.0031909478283530667,-0.0075713950843144815,0.3324371548605212,-2.173575150456727,1.8618702641341507,3.378129467727993
0.014666103734746106,0.011949651600807978,0.0031679442939249653,-0.007581993746056615,0.3326528023060625,-2.1620877746973473,1.8789907400970869,3.3667412390905223
0.014672474048572382,0.01193532412354171,0.003144146845709144,-0.007591102796742252,0.3327018847800827,-2.1498251876495527,1.895633588596917,3.3538090161200746
0.014678009781573716,0.0119205094590717,0.0031208226149001834,-0.007601910414469144,0.3329551513517613,-2.138046318126172,1.9129117929520276,3.342234934981576
0.014720488341430395,0.01177526506295365,0.002902372643466031,-0.007717591599753535,0.3372255212952086,-2.0262117373608217,2.0802927366873827,3.240598305431067
0.014714654251079885,0.011790225764487088,0.0029270417507464737,-0.007708606956809778,0.3372371105015722,-2.039806602202063,2.0638630363066732,3.254694026863992
0.014708686958140774,0.011804856213578456,0.002951425335319779,-0.007700057644197946,0.3372925409502246,-2.0532222417585895,2.0477432632981656,3.268794949518995
0.01471935981336986,0.011817508966913462,0.0029530669182779145,-0.007668120387360716,0.3335434718904295,-2.0493117586629164,2.0293326523772954,3.250947005706045
0.014684121298348651,0.011905850988879111,0.0030968609169606622,-0.007611495343851585,0.33303716761291763,-2.125607846367574,1.9297890309627086,3.329373168841266
0.014691334101349538,0.011891724167995596,0.003072035793317485,-0.007618585959992566,0.33281157381910925,-2.1121881594183485,1.9456563848402049,3.314306142621547
0.014698102433542458,0.011877331040246597,0.003047433680484547,-0.007626505992939763,0.33268172185699657,-2.098966157092214,1.961799395247575,3.2998839452344413
0.014714754825664067,0.011832173894835568,0.002975570918609158,-0.007657234556216985,0.33322399576307754,-2.0611147030426635,2.0127704607617765,3.262098494183967
0.01470988271363608,0.01184731592557458,0.002998864363401504,-0.007646015784847768,0.33290008119562625,-2.0732609452769943,1.995611088813147,3.2736295318072135
0.014704318017955994,0.011862464680799498,0.0030229387163938377,-0.007635678141022935,0.3327164976307592,-2.0859339449102374,1.978514644402755,3.2862610775759875
0.014947893672597863,0.010719964030119584,0.001199886809476496,-0.008246352488407747,0.3373900116372372,-0.9200623642536611,3.015469665976893,2.1546289038599813
0.014960574974492104,0.010729765173783006,0.001208756714677393,-0.008216275980276464,0.32748105119476684,-0.9296224766397142,2.993407433931617,2.150605752296681
0.014945607421372954,0.010735504747544684,0.001225778655497896,-0.008242543449793598,0.3378154421001583,-0.9390553399937588,3.0059531021761807,2.1737767411624636
0.014958313341600768,0.010745345978022923,0.0012345349597188736,-0.008212333089827157,0.32794297992668847,-0.9485147821472868,2.9838453155302904,2.169695068887446
0.014943272334665861,0.010751038364750519,0.0012516735978717677,-0.008238650873647398,0.33774849576826854,-0.9580907733049794,2.996320901955619,2.1929085741368786
0.014955991739139677,0.010760924678965333,0.0012603132006098212,-0.008208327615380985,0.328459980459129,-0.9673242875235353,2.9741768751755555,2.1887369023570766
0.01494088843417703,0.01076656472721855,0.0012775585007621531,-0.008234676624265282,0.33777388977098055,-0.9771138915895073,2.986587436538159,2.212026937185895
0.014953611410866168,0.010776498973874801,0.0012860880595332977,-0.008204257796232864,0.32897319966064037,-0.9860589802765901,2.9643985851964207,2.2077259607031157
0.014938455742167742,0.010782083680081914,0.0013034324709897476,-0.008230620756456019,0.3378126583257825,-0.9960973319984315,2.9767503382040164,2.2311219126577257
0.014951172138869819,0.01079206827845111,0.001311858588992852,-0.008200124260859578,0.3295309793521061,-1.0047264006558436,2.9545125295108483,2.2266639381414053
0.014935974281465736,0.010797595068132215,0.0013292997859979117,-0.008226482547179878,0.3376403062377957,-1.015023577909961,2.9668052120988104,2.250190684782979
0.014950131067195255,0.010704416366638627,0.0011740108456150477,-0.008250076214881405,0.3355621822883245,-0.9011581439177968,3.0248405233405364,2.13542239364756
0.01496279323477917,0.010714186007189942,0.0011829744777746302,-0.008220124561066676,0.32727741301517904,-0.9106535591746551,3.002849002668936,2.1314691116468407
0.014952319584569097,0.010688861910903293,0.0011481336171122517,-0.008253717150771282,0.33289975886327433,-0.8822902068791899,3.0340566354730854,2.116091994543006
0.014965007252735864,0.010698608712106171,0.001157170499167503,-0.008223805944724084,0.3273686146003725,-0.8916392536828752,3.0121235619445312,2.112265279161502
0.014854888656677024,0.011311726774565704,0.0021583033213020022,-0.0079881978197827,0.33873817022168534,-1.5824782313551193,2.5475478580293394,2.80054911567242
0.014859030961747954,0.01129648874782717,0.0021331875104838795,-0.007994852032223955,0.3385268862755581,-1.5661886222244636,2.5609170696517656,2.7838813294773685
0.01486311608627333,0.01128122396301495,0.0021080404005809138,-0.008001455983296199,0.338312177170824,-1.5498127944509508,2.5742033032378107,2.767142317802628
0.014867148650020643,0.011265919797200097,0.002082839678490559,-0.008008012355327934,0.33809039932190177,-1.533336092595922,2.587416577226177,2.7503161627373456
0.014871131077185254,0.011250570036180732,0.0020575739725384543,-0.008014521457329211,0.3378663394054244,-1.5167516066451512,2.6005606625751505,2.7333950387852948
0.014875054997055137,0.011235175723537357,0.0020322515350710527,-0.008020996340175652,0.33765454051451327,-1.5000689055407552,2.613638139658331,2.7163953538261225
0.0148788946638945,0.011219747335679209,0.002006908406394888,-0.008027473423779507,0.3374687465807062,-1.4833209031805614,2.626654199070926,2.6993701246126025
0.014882611343708906,0.011204309288728865,0.0019816104003884034,-0.008034001651154829,0.3373075308081767,-1.46656258210427,2.639611272916024,2.6824029606607556
0.014886176977868475,0.011188899743095585,0.001956432965199526,-0.008040600859778037,0.3371415085983977,-1.4498496050511929,2.6524941853317188,2.665565619619428
0.014889619227020761,0.011173558424409216,0.0019314079148911752,-0.00804719073336399,0.33690988447712145,-1.433191087098434,2.665249381927443,2.6488329165036677
0.014863452303891097,0.011338667541549705,0.0021877315525978655,-0.007948240427240396,0.33464031049196197,-1.598556112964127,2.5129276773379368,2.8021991559987054
0.014867755915153437,0.011323397884159337,0.002162666025859399,-0.00795486414900626,0.3344060019474733,-1.5824285093783834,2.5263109896442937,2.785623440172721
0.014908482834330765,0.010952258507486398,0.001587034361020867,-0.00818067104913984,0.34354918784942406,-1.1987847534136404,2.861227260734578,2.4374534979899263
0.014920733859213173,0.010962626878050526,0.0015944147820884935,-0.008150099043034554,0.33349404234293106,-1.2063465948969065,2.8388740806593087,2.4314320441405743
0.01490546659203643,0.010967676347966868,0.0016127224239051248,-0.008175645641423639,0.34394206453007325,-1.2169143126619861,2.8500149292240606,2.4557474129706693
0.014917742652177891,0.010978092197003686,0.0016199889391887744,-0.008144935594633933,0.33391308262564195,-1.2242977648855098,2.827599613471772,2.449642853175042
0.014902401901103013,0.010983084736969087,0.001638412500075439,-0.008170535981692218,0.34367272776718966,-1.2350697040153147,2.8386796965585432,2.474018064389613
0.014879595159429932,0.011090665429940793,0.0018177400482355048,-0.008132519656431534,0.3456190982637934,-1.359228459611918,2.7565206995493114,2.600825156482694
0.014891452615712175,0.01110142772348159,0.0018243559469217888,-0.008101852930806163,0.33691984288182475,-1.365319903094501,2.7341585085235436,2.59331515654845
0.014882998096217485,0.011075327667428128,0.0017922102723102642,-0.00813818393967459,0.34373051328813164,-1.3419130279213223,2.7685598490673144,2.583031227752726
0.01489486660556887,0.011086083782023533,0.0017989502436578178,-0.008107569104691056,0.3369255016238492,-1.3479060002531165,2.7462453880233646,2.5756416081629934
0.01489306979226592,0.011158304841575385,0.001906455776572579,-0.008053520326062755,0.33656923838392255,-1.416498298138712,2.6777664870844915,2.631992264126375
0.014896639867790525,0.01114307418638165,0.0018813972988629888,-0.008059442690695756,0.3361856522923193,-1.3996313209075353,2.690023278737838,2.6148159303096095
0.01490366917691389,0.011112338507902615,0.0018308485019016107,-0.008071185567111656,0.33563765982158067,-1.3654376836317093,2.7144236030937314,2.5800194874760334
0.014900225498046364,0.011127748364437154,0.0018561483934993836,-0.008065239427542184,0.3358824461365737,-1.3825677583610034,2.7022060884956622,2.597400704392491
0.014911450597951645,0.01093683137430405,0.0015613524841225919,-0.00818561148000019,0.34189684783447216,-1.1807001631589298,2.872296347754245,2.419084262890341
0.014923680945476641,0.0109471713157536,0.0015688476126984356,-0.008155162880719763,0.33334902934504346,-1.188326237745484,2.8500224390613025,2.4131728543678324
0.014914369853492293,0.010921395106936288,0.001535650186396706,-0.008190472080957927,0.34022619691713424,-1.1625866693347822,2.8832404654744206,2.4005963149607434
0.01492661806950809,0.010931721479618128,0.0015432613706992304,-0.008160067420572072,0.33337700503485485,-1.1702551272970696,2.8610033075426546,2.394834812171195
0.014917240572168871,0.010905949863632842,0.001509899589850705,-0.008195258100190679,0.34030946647992283,-1.1443451690293527,2.8941019129846084,2.382016838606398
0.014929543246861588,0.010916257521335652,0.0015176316492711882,-0.008164827140593607,0.3331179447599561,-1.1521285383726172,2.871821277620213,2.3763957182771622
0.014920062725815756,0.01089049580236992,0.0014841222682311576,-0.008199965501952247,0.3412343809128651,-1.1260027791813536,2.9048781623560225,2.3634096024462385
0.014932407396382586,0.010900763609581475,0.0014919659522399644,-0.008169540558783538,0.33246823657269897,-1.1339144912704808,2.882548270560124,2.3578824567619203
0.014986956843082835,0.01036091750474209,6.014783360417039E-4,-0.008311454685423486,0.3262165770596814,-0.46914342260618386,3.2010297233507945,1.698939038730933
0.015000386271215005,0.010369772493248611,6.124791462233391E-4,-0.008281960717659043,0.3166604834506859,-0.48166669393224026,3.179691162695104,1.6979835395651606
0.014985798598725458,0.01037657978297736,6.275909930497911E-4,-0.008309523698775979,0.3261726988058876,-0.4893827019819035,3.194241536321188,1.719151327941753
0.014988065883184869,0.010345251712533227,5.753699135055008E-4,-0.008313302932727529,0.32596771320652823,-0.4489420698254973,3.2077109620664976,1.6787383610386952
0.01500147134460395,0.010354060782299748,5.864689525525408E-4,-0.008283941278700068,0.31609219885770384,-0.46161320979478065,3.1864401369058033,1.6778240533478535
0.01112130860346941,0.005127355233983757,-0.008120932331529456,-0.0018688261033834657,0.692471079229093,2.09191257261437,-2.3277990947802443,-1.179107403520353
0.01110599246222428,0.005123855962596771,-0.008126767925967877,-0.001843284230791523,0.6900622881428293,2.0730055785973964,-2.3349612101502504,-1.162823745021845
0.011116816608023281,0.005112017256615461,-0.008105481677119665,-0.0018519587953044869,0.680437651316077,2.07672901324422,-2.3145492477636136,-1.1754618704166748
0.011197720302754953,0.005145572528467587,-0.008090574165948073,-0.0019961622137476846,0.7093648283260897,2.1862526822683,-2.29038744373144,-1.2601343537973646
0.011208706583877568,0.005133879473036077,-0.008068781039678173,-0.0020042276629390053,0.6997749779602178,2.189110187437581,-2.2692437284977953,-1.2721979738405447
0.01121296771051419,0.005149359904790919,-0.008084258603478552,-0.0020215878276920317,0.7119613144308219,2.2051368049671853,-2.282543297953269,-1.2763495682284207
0.011182461035313321,0.005141833072035735,-0.008096810420994234,-0.001970714463473879,0.7070106435243636,2.1673923728100886,-2.298125828045822,-1.243884151792592
0.011193403741054646,0.005130110820214498,-0.00807510292530371,-0.001978872912803915,0.6964756678333909,2.170388779723456,-2.2770783562306995,-1.2561339066946269
0.01116719007004694,0.005138141575448354,-0.008102963402907263,-0.0019452609169287357,0.7040969388171523,2.1485603661123545,-2.3057379671419955,-1.2276583648896842
0.011178090240129017,0.005126414062865832,-0.008081370484982869,-0.001953514308556205,0.6931801025485079,2.1516591333454076,-2.284830576749578,-1.240022200500573
0.011151907568655757,0.005134498077970416,-0.008109031120039668,-0.0019198100386355465,0.6999170881927191,2.129719752060049,-2.3132045373591312,-1.2114921438574897
0.01116277944413694,0.005122774020682998,-0.00808755907519988,-0.0019281598538703983,0.6901001012163704,2.1329373011253385,-2.2924777133784597,-1.2238827893964581
0.011136613692675216,0.00513090261818238,-0.008115018753793633,-0.0018943402990746379,0.6954916698323382,2.1108318401165183,-2.320544895361726,-1.1953354368999223
0.011147475140195305,0.005119157515656216,-0.008093629479315518,-0.0019027952481523822,0.6871720782963292,2.114220442103914,-2.2999735149598775,-1.207750252197892
0.011132160571202166,0.0051155594018729355,-0.008099585906031019,-0.0018773964148436982,0.683985042912311,2.0954868811904226,-2.307311430926465,-1.1916244144724104
0.011364753797800303,-0.005189859973827203,-0.008016745496891855,0.0022746091914051195,0.7379751452166537,2.392712474757669,2.1975651539055954,-1.437280292185853
0.011361030278841631,-0.005174232852180753,-0.008001203236336437,0.002256608737496992,0.7291712813916539,2.3753813826435977,2.1845095469466123,-1.4311030021554962
0.011349633918850095,-0.005185595749722576,-0.00802385526456882,0.0022493997296014583,0.7356252972171919,2.3738992123727187,2.206578542651772,-1.4214056618783113
0.010735504747544684,-0.005054392578627049,-0.008242533235773938,0.0012258468120664818,0.5931770539257075,1.61997762672315,2.4741770899763047,-0.7702192115194247
0.010729927201663679,-0.005039211816483865,-0.008226637602895293,0.0012104647130339041,0.5836259418651744,1.608440650637854,2.4614144121442263,-0.7668323695499965
0.010890495802369919,-0.005079937274184246,-0.008199957303144385,0.0014841688082933414,0.6355148388786511,1.8080494114230394,2.42341147701533,-0.9341350974024011
0.0108852494253725,-0.005064802940144782,-0.008184455012183121,0.0014680886372455818,0.6256986844982264,1.7951770714659128,2.4104852221423667,-0.9307821767421934
0.010875033080843395,-0.005077163713119264,-0.008204579798042582,0.0014583981168638075,0.6314639025419234,1.789155851619852,2.4289216346332347,-0.9177804965857473
0.010751038364750519,-0.005056727665334141,-0.008238636993358096,0.0012517645648383708,0.5964064103864943,1.6388162731449538,2.469528782181104,-0.7867791210449299
0.010745520955077609,-0.005041554910202422,-0.008222780792318028,0.0012363250428846014,0.5883097303805068,1.627042797445682,2.456747116031226,-0.7831980402247439
0.010766564727218549,-0.005059111565822969,-0.008234661634177003,0.0012776556188442913,0.6002526183829436,1.657661786735466,2.464809179135612,-0.80319231567108
0.010761081296707454,-0.005043982195420258,-0.008218891477618772,0.0012621470413382012,0.5929369756460422,1.6456391095963239,2.4520371753975323,-0.7995319781725883
0.010782083680081916,-0.005061544257832261,-0.008230610203769839,0.0013035009290697354,0.6056462459865609,1.6764645420560538,2.460016147511828,-0.819452270799322
0.010776607738320518,-0.005046475812878307,-0.008214949770064277,0.0012879261244792618,0.5972084395674618,1.6642374946642076,2.4472580750023094,-0.8158643493907033
0.010797595068132214,-0.005064025718534266,-0.008226480634386623,0.0013293141840431347,0.6117851615958378,1.6952005323666495,2.4551185518420757,-0.8356660123745568
0.010792119815041702,-0.0050489914005611,-0.008210898572230473,0.0013136752818521025,0.6010537876157845,1.6828614183715178,2.4423489788389143,-0.8322493219772532
0.010813098735826325,-0.005066555924529232,-0.00822226776770342,0.0013551276447984824,0.6170188858913134,1.7139030066355554,2.450089986595258,-0.8519617999573709
0.010807636872658899,-0.005051504941970315,-0.008206704452816972,0.001339410752105654,0.6048242827348157,1.7015277936261841,2.4372817283092796,-0.84870040852402
0.010828594527293182,-0.005069134851839914,-0.008217969639311073,0.001380952903534946,0.6210446658347074,1.7326312212296664,2.4449391845694053,-0.8683731721953482
0.010823163226596188,-0.005054037812729057,-0.008202390150070236,0.0013651444448182695,0.6088339117487535,1.7202333750552146,2.4320851923247537,-0.865174348238832
0.010844082286340592,-0.005071762475906215,-0.008213587875007878,0.001406779531587862,0.624573842871133,1.7514198961390461,2.439688917222921,-0.8848527244712029
0.010838695169981254,-0.005056623936405285,-0.00819799431718044,0.001390884947179474,0.6130428768475692,1.7389634363735047,2.426796425393753,-0.8816272701123525
0.010859561856462023,-0.005074438771579878,-0.008209124173517273,0.0014325970247180272,0.6280088458027137,1.7702683001382349,2.4343491433935838,-0.9013395860649136
0.010854226613282428,-0.005059279287758597,-0.008193536289250796,0.0014166312577405268,0.6173026668012757,1.7577033556089756,2.42143080429187,-0.8980448584018027
0.010869748014640072,-0.005062006558340521,-0.00818902272986513,0.0014423708979948012,0.6215523127419708,1.776442505553087,2.415994018584407,-0.9144274195785603
0.010905949863632842,-0.005082759427831132,-0.008195258577788536,0.0015098990072798192,0.6408074577929568,1.8269112528533293,2.4178136617650545,-0.9504222899755689
0.010900730234885506,-0.005067648509145896,-0.008179811429783945,0.0014937762071410737,0.6295302425424047,1.8139121546613441,2.4048751027264657,-0.9471344842193031
0.010895576517850692,-0.00505213748732296,-0.008164555905023867,0.0014777295986390365,0.6232315108919416,1.795290307153907,2.3939727982968866,-0.9385130178892341
0.010921395106936288,-0.005085630146507708,-0.008190479397648338,0.0015356118111573486,0.6462240122642083,1.8457356784564187,2.412095943470649,-0.9667478542969286
0.010916205007452828,-0.0050705069063347,-0.008175045218907025,0.0015194383260712964,0.633056026747214,1.8326589735337186,2.3991119928699907,-0.9635197572465392
0.01093683137430405,-0.005088549402048354,-0.00818561265899158,0.0015613450210700526,0.6496888341119125,1.8645755201676844,2.4062346270981276,-0.9831918390514574
0.010931689876440559,-0.005073373955918893,-0.00817014454328746,0.0015450933582704638,0.6367614947726637,1.8514290608204182,2.393194513662064,-0.9799339154113887
0.010952258507486398,-0.005091517165669236,-0.008180660015156136,0.0015870895758717922,0.6518633534624722,1.883487068987903,2.400260617812125,-0.9996829072790797
0.010947181232962233,-0.005076302514560851,-0.00816516997773785,0.0015707590877368754,0.6409215331812859,1.8702224215976884,2.3871947840046297,-0.9963205924853186
0.010967676347966866,-0.00509453340796357,-0.008175629712734995,0.00161280257398565,0.6551210104300935,1.9024533153820256,2.3942148048038785,-1.0160951560334015
0.010962659881638337,-0.00507932898979297,-0.008160170958685771,0.0015964278622068331,0.6450958074138159,1.8890186914672586,2.3811542346975503,-1.0126472280928176
0.010983084736969085,-0.005097598098896989,-0.008170523804545934,0.0016384737073267968,0.6595858101801922,1.9214103759479517,2.388086909363171,-1.0324081642207812
0.010978115238987195,-0.005082423662789831,-0.00815511892391532,0.0016220722948719999,0.6488858645019729,1.9077982714513892,2.375032580610006,-1.0289436836116599
0.010998483515463568,-0.005100711207802963,-0.008165338849079693,0.0016641205932096486,0.6641101292470725,1.9403259635361065,2.381848367205527,-1.0486796462672128
0.010993548721711426,-0.0050855489631931915,-0.008149971702602498,0.001647674802408756,0.6524337056433187,1.9265646040725244,2.3687873485283686,-1.0452435654109375
0.010642159322614201,-0.005041408324495789,-0.008264181479110393,0.0010702165241435412,0.569063238307737,1.5077606679932352,2.500245981127776,-0.6702786086134097
0.010651754006454317,-0.005028439709200242,-0.008244958034658786,0.001080900935801996,0.5606155390653481,1.5155301094486224,2.4836380785285304,-0.6847490142164775
0.010708742763367701,-0.005021242075629577,-0.008214534905838533,0.0011693022764846744,0.5732008360836734,1.5721991068057581,2.454685879485883,-0.7424691252707668
0.010724452454065886,-0.005023479052546412,-0.008210699820681419,0.0011951990165460858,0.5775366477327372,1.5907778264687746,2.450037661170868,-0.7589415943849712
0.010693012961364446,-0.005019070219584155,-0.008218309831374256,0.0011433781581627776,0.5688187112218533,1.5536314488278082,2.4592600694553757,-0.7259800785217062
0.01066147287423992,-0.005014939233585889,-0.008225706684947725,0.0010914201871698068,0.5599904350276975,1.5165234878986082,2.4682072964131074,-0.6929409673919499
0.010677250968885254,-0.005016956515184003,-0.008222021028234217,0.0011174043612313265,0.5644127758748495,1.5350590370821047,2.463758079701097,-0.7094642311027962
0.010936831374304052,0.005088549402048356,-0.008185620301831547,-0.0015613063645873546,0.6515734333069767,1.8646547554883026,-2.406302353460177,-0.9824743824526627
0.010947107857972977,0.0050762716941446144,-0.008165168960167736,-0.0015706364789484,0.6399641448996216,1.8701095611798177,-2.3871887177274114,-0.9965472003022038
0.010952258507486401,0.005091517165669237,-0.008180674865529909,-0.0015870138602999823,0.6555322577874858,1.8834698072461293,-2.40033265135401,-0.9990100375520025
0.01096258360052159,0.005079196218344792,-0.0081600589667039,-0.0015962492395279542,0.6439272548034757,1.8888860080725607,-2.381016506188249,-1.0129206999839748
0.010967676347966868,0.00509453340796357,-0.00817564162028621,-0.0016127416800182464,0.6578145703207406,1.9023528972518964,-2.3942396922612743,-1.0156442159135564
0.010978075616061159,0.0050822170524827005,-0.008154908095054926,-0.0016219055231725002,0.6482105299598965,1.9076919449407497,-2.3747928924159,-1.02924791648198
0.010983084736969087,0.0050975980988969905,-0.00817052461667789,-0.0016384686423517806,0.6595354791251523,1.9213315668900537,-2.3880484127165125,-1.032268562891625
0.011029251603586672,0.005107082553678812,-0.008154720439732775,-0.001715398462792485,0.6718449435027996,1.9783645421052254,-2.368990186911302,-1.0813865589883531
0.011013872524174524,0.0051038727033783145,-0.00816006372608526,-0.0016897981806051072,0.6665258232085511,1.9593993739718278,-2.375438508689307,-1.0651122990024207
0.011024470998239807,0.005091815698300525,-0.008139244121324522,-0.0016988811384620313,0.6596876360560482,1.9641014698578225,-2.3557866473827684,-1.0780216903519184
0.01099848351546357,0.005100711207802962,-0.008165330490655518,-0.001664161384959354,0.6620902151753283,1.9403717829853555,-2.381780381975154,-1.0487698003200834
0.011009031878966754,0.005088570597377056,-0.008144543158629962,-0.0016732617658894988,0.6563234135645608,1.9453161330521167,-2.362232170033401,-1.0617641680375132
0.010993566563088477,0.0050853517339940705,-0.00814974322373258,-0.0016475926771234628,0.6524682912314933,1.9265104248782314,-2.3685421525989123,-1.045521987378046
0.010704416366638625,0.005049868932804746,-0.008250083660831886,-0.0011739579978264894,0.5886215282855629,1.582587511292463,-2.4833865281734435,-0.7356430033610123
0.010714090549771507,0.005037102063085297,-0.008230705807760986,-0.0011843050125851966,0.578073305290636,1.5896240981963778,-2.4662357290926527,-0.7506017255806062
0.010719964030119584,0.005052106327402138,-0.008246354989072719,-0.001199868386880776,0.5930132091576754,1.6012021908198317,-2.4788998671189844,-0.7522382270131761
0.010688861910903295,0.005047680415430901,-0.008253727069911218,-0.0011480627241291818,0.5828427231192326,1.5640017025516844,-2.4877592483631683,-0.7191778188261937
0.01069850633759987,0.00503494984768452,-0.008234492011931925,-0.0011584863676379709,0.5739000754927867,1.5710314284581857,-2.47082275426269,-0.7341181065614227
0.010673300816346347,0.005045540795333225,-0.008257290087384196,-0.0011221484832406872,0.5774170679379006,1.545408329478084,-2.492037236617482,-0.7027643196999968
0.010682929366909398,0.005032807059882539,-0.008238148329348237,-0.0011326617093336824,0.5698168293628019,1.552470034521378,-2.4752668877839095,-0.7176658480066173
0.010657733236025015,0.005043450092026909,-0.00826077478312274,-0.0010962003120318794,0.5731740099228643,1.526821541307825,-2.4962404126420945,-0.6863292789891556
0.01066734623338132,0.005030686203454845,-0.008241692436515465,-0.0011068186257335109,0.5654404570024966,1.5339281371257716,-2.4795796628241997,-0.7012371633079035
0.010642159322614201,0.005041408324495789,-0.008264178432967256,-0.0010702384049169442,0.5690408769215046,1.5082690658608342,-2.500360980544189,-0.6698940918500184
0.010651752037989834,0.00502862233414066,-0.00824516473196066,-0.0010809615421677533,0.5608361849505089,1.5154004451379228,-2.4838076204663433,-0.6847944852078784
0.010626579228399678,0.005039415511198498,-0.008267498366059776,-0.0010442830904458518,0.5639270804501062,1.4897438993666239,-2.5043794757666054,-0.6535130621596641
0.010636155568587886,0.005026620253237738,-0.008248568053369945,-0.0010551030260084317,0.5563312341151665,1.496897845403488,-2.487964142919718,-0.6683337441980005
0.010610993105271284,0.005037471670074725,-0.008270735537128987,-0.001018327071764521,0.5582538323900549,1.4712120946287757,-2.5082948087721766,-0.6371753371693201
0.010620562744479388,0.005024654233076141,-0.008251872235139351,-0.0010292434537345276,0.5519977851547423,1.4784324141863971,-2.492022261395301,-0.6518882443000108
0.010595401104716106,0.0050355768185515425,-0.008273892238815885,-9.923520496204238E-4,0.5530264695388416,1.4526557516966259,-2.5121215671116732,-0.6208159843464919
0.010604962957973937,0.005022709445702787,-0.00825506431256763,-0.0010033637856034542,0.5475989104991897,1.4599985115588494,-2.4959642851284305,-0.63547654925779
0.010579803377811692,0.005033730973549848,-0.008276968900221107,-9.663541209494489E-4,0.5483506496614692,1.4340853327102632,-2.515867460400422,-0.604391206418065
0.010589341647052213,0.005020798254839923,-0.008258162148485708,-9.774466056290893E-4,0.5429852643267764,1.4415814849123814,-2.4998054009761472,-0.6190836782736215
0.010921395106936292,0.005085630146507709,-0.008190480541819289,-0.0015356062718972472,0.6464640307143731,1.8458557410508545,-2.412145706581935,-0.9660609524509728
0.010931642353174302,0.005073391098044105,-0.008170184017371691,-0.0015450303643056004,0.6363805185496432,1.8513508991318142,-2.393247530922229,-0.9801535417842692
0.010905949863632844,0.005082759427831132,-0.008195261394240087,-0.0015098834365227427,0.6418697950324727,1.8270510332872776,-2.417884122474684,-0.9497103333708958
0.010916173724347005,0.005070521232745051,-0.008175073715728192,-0.0015193978388074701,0.6328111488325163,1.8325916522133794,-2.399149596042521,-0.9637619637785354
0.010890495802369919,0.005079937274184245,-0.008199963053134729,-0.0014841371339278364,0.6377867022102361,1.8082472933240983,-2.4235214214011385,-0.9333872928212298
0.010900696099576182,0.005067678233648887,-0.008179858324870398,-0.0014937407388823413,0.6290019736044314,1.8138343325075315,-2.4049144632317603,-0.9473668055273606
0.010875033080843399,0.005077163713119264,-0.008204581802245203,-0.0014583876744031202,0.6328474193478798,1.789430354777701,-2.4290348643835133,-0.9171052157453158
0.010885212463308848,0.005064878543295613,-0.008184554786861635,-0.0014680701214754687,0.625178186837721,1.7950941575229467,-2.4105712541444775,-0.9309644736084337
0.010859561856462025,0.005074438771579878,-0.008209119156326975,-0.001432626246226639,0.6273414287611563,1.770564554018719,-2.434425158212018,-0.9008212150522755
0.010869727531189055,0.005062102169457928,-0.008189138687966205,-0.0014423830162158563,0.6214988292668008,1.7763786885601356,-2.4161009423377866,-0.9145864207012174
0.010844082286340592,0.005071762475906216,-0.008213581020434504,-0.0014068187737008876,0.6233313931955927,1.7516578598205392,-2.4397341814810085,-0.88442330712661
0.01085423389219998,0.005059338234056563,-0.008193600068395363,-0.001416666189286729,0.6175958840107624,1.7576753410989927,-2.421485344499079,-0.8982518600017285
0.010828594527293183,0.005069134851839915,-0.008217967003641738,-0.0013809671249235842,0.6209997264204243,1.7327777607590695,-2.4449858794504933,-0.8678867663127926
0.010813098735826325,0.005066555924529232,-0.008222269505609767,-0.0013551160872136588,0.6181568887175839,1.7139737902101162,-2.450152656798913,-0.8513342675569242
0.010823168671409174,0.00505402543231928,-0.008202374444287246,-0.001365148620490516,0.6085788085315039,1.7202519696894552,-2.4320398090466178,-0.8655120348095081
0.010838714512781289,0.005056630355144213,-0.008197994156921492,-0.0013909157070725667,0.6131723246583806,1.7389661233305056,-2.4267769194907456,-0.8819133329451493
0.010729691802807246,0.005039301945660266,-0.008226828574063488,-0.0012101440515886808,0.5826446070365255,1.6082526723463595,-2.4615538048903374,-0.7670760594314098
0.010735504747544684,0.005054392578627048,-0.008242539722628192,-0.0012258022369395472,0.5958613413476411,1.6199026899964846,-2.4743089455449665,-0.7689356124773075
0.010797595068132215,0.005064025718534267,-0.008226483402777224,-0.0013292967889870922,0.6131333173829395,1.6952163077675049,-2.4551905020522655,-0.8348972526336814
0.010807613614497273,0.0050515064600272054,-0.008206715824089288,-0.0013393786609356452,0.6043577892894835,1.7015499899024762,-2.4372598712037896,-0.8490537971620439
0.010782083680081916,0.00506154425783226,-0.008230612075041392,-0.0013034892077511953,0.60667395555765,1.6764278921644007,-2.4600919285499376,-0.8185625837200221
0.010792060213496163,0.005049009700506038,-0.008210943541160124,-0.0013135950018407403,0.6005878872292926,1.682874725349338,-2.4423628232132715,-0.8326045120217515
0.010766564727218552,0.00505911156582297,-0.008234663633346403,-0.0012776426797265063,0.6013770777556999,1.6575752931853198,-2.4648962642913834,-0.8021758088544874
0.010776501045523272,0.005046497449433452,-0.00821501809743787,-0.001287775256383068,0.5967435806961,1.6642206161041175,-2.447293677991279,-0.816219292830244
0.01075103836475052,0.0050567276653341415,-0.008238640905522131,-0.0012517382438868541,0.5982064628582119,1.6387077621516035,-2.469635762425562,-0.7856215246444135
0.010760917712607848,0.0050440052762403586,-0.008218984155140363,-0.0012619095372856783,0.5923376982492624,1.6455674104441955,-2.452088698527207,-0.7998734159810259
0.010745307480307676,0.005041597460171913,-0.00822291313120885,-0.0012360190450250493,0.5875047085719385,1.6269070822898246,-2.4568310556104556,-0.7835025261838848
0.01025119116996617,0.00500631368665081,-0.008322669483452231,-4.1860711444416165E-4,0.4463881826655307,1.0512318888155197,-2.576549574050406,-0.2588295190135257
0.010259682519835842,0.004992739682129931,-0.008305062596831196,-4.307397127083508E-4,0.4382321107495515,1.0596947498016611,-2.5629861214437515,-0.27429011049463486
0.010266875049167085,0.005007127309040209,-0.008321313708813586,-4.447424618706811E-4,0.4514402505785931,1.0690693023222355,-2.5743604106346103,-0.27525125395123184
0.01027539119068439,0.0049935273871652575,-0.00830360024566036,-4.567868275632395E-4,0.44344213192876364,1.0776216814230803,-2.5606776281701085,-0.2907225679167476
0.010282556267937625,0.005007990188766738,-0.008319875245458757,-4.708857449600361E-4,0.4560946030435402,1.0869711357617564,-2.5721150511210804,-0.29175231513611927
0.010291112787916947,0.004994378106206411,-0.008302068579214767,-4.8285484188969246E-4,0.44867767007526244,1.095583688524627,-2.5583048117211145,-0.30713835723451033
0.01029823468538191,0.0050089023178828546,-0.008318354709982784,-4.970239722418638E-4,0.46091809556296665,1.1049398899573122,-2.5698183938330192,-0.30828801512455484
0.010306852706549963,0.004995287899061728,-0.00830046150653248,-5.089525679398731E-4,0.45388568475523045,1.113584138401061,-2.555861907842978,-0.32355329417155426
0.010313910160050264,0.0050098636880925584,-0.008316751943482036,-5.231583289972378E-4,0.4657590701063424,1.122974424428065,-2.5674617787936844,-0.3248513154913337
0.010345251712533227,0.005011934116815128,-0.008313297771330363,-5.75443406437802E-4,0.47392431274585345,1.159280214069324,-2.5625406596939895,-0.3580309783207157
0.010329582549946167,0.005010874290742819,-0.008315066312838147,-5.492980283971874E-4,0.4701150887168406,1.1410853561861942,-2.5650360440559568,-0.3414444530231579
0.010338397743637451,0.004997296296124512,-0.008297029772505174,-5.61253718738736E-4,0.4645897820868968,1.1496980923380784,-2.5507858685439824,-0.3563856723129912
0.010322616315208253,0.00499625601795719,-0.008298776630679914,-5.350880031000484E-4,0.45915918350865165,1.1316260280991897,-2.5533499704300353,-0.33997480292952664
0.010439190866250392,0.0050193262119465985,-0.008300979502517123,-7.319804662138362E-4,0.5057772338197519,1.2685407761101406,-2.5460267005104718,-0.4559660655002869
0.010448241801355444,0.0050061753312045576,-0.008282809849570543,-7.434746641615623E-4,0.499485571330292,1.2764694084884007,-2.531114428838491,-0.47112567869121086
0.010454833402758998,0.005020730317030955,-0.008298640130085832,-7.580430340023444E-4,0.511055889257291,1.2867676052128652,-2.542993355760161,-0.47229198761572766
0.010423544090142326,0.005017971256234513,-0.008303237921616188,-7.059008275920941E-4,0.5010733360197138,1.2503495957040351,-2.548991388061686,-0.43965173577493283
0.010432571052825764,0.0050047844957453935,-0.008285115092985238,-7.174822940150333E-4,0.4945752119028494,1.2582491424635045,-2.534163833950197,-0.454675879243386
0.01040789322055687,0.005016665461698991,-0.0083054134607903,-6.798266503170511E-4,0.4956375399062358,1.23218835508905,-2.551872034400072,-0.42338377496103846
0.010416910483846584,0.005003452698383015,-0.008287345611390481,-6.91507330209061E-4,0.48966468304129407,1.240073052653022,-2.537144639502996,-0.4382264652762235
0.010392238403124528,0.005015408839722729,-0.008307505948622602,-6.537602844101714E-4,0.48936368717760875,1.2140159603401912,-2.5546586924048,-0.4071587866305353
0.010401260880880949,0.005002160951529199,-0.008289480977240056,-6.655457873547205E-4,0.48494594010813125,1.2219537519647767,-2.540045884680453,-0.421803261807217
0.010376579782977362,0.005014201401274545,-0.008309516905539731,-6.276826477624204E-4,0.4832386254712208,1.1957962610014492,-2.5573576908682822,-0.3909024722642384
0.010385604010590405,0.005000885889811158,-0.00829149931495312,-6.395657804474713E-4,0.48025265928384847,1.2038841336835893,-2.542846395988562,-0.40543128594295835
0.010360917504742087,0.0050130431569171624,-0.00831144753394153,-6.015772375494958E-4,0.47804785755279716,1.1775352822203269,-2.5599814917699426,-0.3745341477485582
0.010369912608949178,0.004999631274587284,-0.008293409136540293,-6.1352751267148E-4,0.47532597466553733,1.1858345346195363,-2.545551223719492,-0.3890967182982317
0.010354173035075496,0.00499842437895001,-0.008295242100293594,-5.874155458565713E-4,0.470064062992778,1.1677745055064894,-2.5481882495022945,-0.3727594447748949
-0.005043450092026909,0.010657733236025015,-0.001096217498303227,0.008260772571913351,-0.02445316718915064,0.6925134971120155,-2.6006770506521524,0.05935092564685096
-0.005041408324495789,0.010642159322614201,-0.0010702554619533538,0.008264176279938598,-0.0196444243513963,0.6759326683498955,-2.601868482314216,0.0758453256257067
-0.005028603137691432,0.010651861150970091,-0.0010810683019748175,0.008245108257586604,-0.028676012712980727,0.6777332325896691,-2.591275160832996,0.06727803242027398
-0.005039415511198498,0.010626579228399678,-0.001044285821016569,0.008267498094032814,-0.014709110693043382,0.659375236010679,-2.6030174944988076,0.09236258122975811
-0.005026571012163174,0.010636246923987914,-0.0010551737576346384,0.00824848451667128,-0.023491819541569287,0.6611757995501639,-2.592444083285977,0.08381551440509538
-0.005037471670074725,0.010610993105271284,-0.0010183187302551123,0.00827073674865079,-0.009171978235970834,0.6428525621652729,-2.6041173258182195,0.1088873618303552
-0.005024594780569954,0.010620629316619348,-0.001029274824594201,0.008251785168186648,-0.018381790248977587,0.6446372167011162,-2.593563797221701,0.10036845614740951
0.005177209793932224,0.008680646132284168,-0.002198834033569469,0.008037859635693551,0.5395487033620564,-1.398136577438243,2.238544732408858,2.3564205286216997
0.0051657306198683636,0.008669409814311154,-0.002206087353603442,0.008015067659115228,0.5268340516741005,-1.4085634872966937,2.2160251357979224,2.357493929840095
0.005181379007421065,0.00866549944553118,-0.0022240741735660313,0.008030912205242066,0.541261048772666,-1.414305587865974,2.2296581339944326,2.3750942041309107
0.005141833072035735,0.008817538964686683,-0.001970723273150547,0.008096808213342797,0.5180939279748944,-1.2522040201842242,2.312663256597916,2.186467241426342
0.005130185944430025,0.008806615857714263,-0.0019788289136986555,0.008074940180505056,0.5076327120853469,-1.2640745829939821,2.2911799200208716,2.1891892775749824
0.005145572528467587,0.00880227969724505,-0.0019961653818080733,0.008090573355248685,0.5199634924548947,-1.2685190079662623,2.304910226339289,2.2054271364050275
0.005149359904790919,0.00878703228948581,-0.0020215835334274034,0.008084259714235174,0.5219595130934691,-1.2847934820374387,2.297044200042784,2.2243887912295937
0.005137787523936689,0.008776041401353461,-0.002029500875733205,0.00806223912694992,0.5125298868989066,-1.2963927429737383,2.2753781479877557,2.2267916496042903
0.0051531951603613025,0.008771796903417482,-0.0020469599679085308,0.008077871705358026,0.5250766946352002,-1.3010145533167166,2.2890733940661754,2.2433268296768434
0.005133956304245061,0.008791323741871323,-0.00200416853768855,0.008068623649284963,0.5102049790172961,-1.2802476839301955,2.283333317332677,2.207996871845429
0.005138141575448354,0.008832809929953061,-0.0019452757483539903,0.008102959742055986,0.5153563607893491,-1.2358970029889025,2.3202836591381653,2.167500869209491
0.00512648254702368,0.00882191409606717,-0.0019534890056379264,0.008081194134362318,0.5051191135066125,-1.2478664953115919,2.2989345683629825,2.170379330697655
0.005134498077970416,0.008848092431344243,-0.0019198163781579027,0.008109029503426662,0.5121594078467155,-1.2196021518344,2.327775582719457,2.1485064661049114
0.005122822724447459,0.008837217905364179,-0.0019281339644426439,0.008087359523766059,0.5027310059811717,-1.2316336423660994,2.3065675006561537,2.1515579008688195
0.005127355233983757,0.008878691396530592,-0.0018688179076497213,0.008120934254010045,0.506926535725207,-1.1869637715353127,2.3424264364188607,2.1104700077456244
0.005123855962596771,0.008894007537775724,-0.0018432905010917651,0.008126766544358236,0.5042817373696749,-1.1706575639495835,2.3495742467687473,2.091469566557235
0.005112072068880896,0.008883239711780806,-0.0018518536081332212,0.008105333354146567,0.49487598756160095,-1.1827369325474135,2.328706581952263,2.094909935417063
0.00513090261818238,0.008863386307324785,-0.0018943302032383823,0.008115021061626822,0.5093708694767215,-1.2032905706307782,2.335156090011185,2.1294876694173417
0.0051191930230148714,0.008852537385393605,-0.0019027416204410775,0.008093427348461872,0.5002606108981,-1.2153761309839675,2.3140611264082733,2.1327063732267426
0.005115604980832535,0.008867880790020488,-0.0018773080290538453,0.008099415247594085,0.49760661960537506,-1.1990788072765233,2.3214352242789755,2.1138193580628166
0.004987185772737471,0.009605602513687363,-6.509074573370529E-4,0.008273526201780608,0.3145071342115062,-0.41626259916541913,2.5392112834858995,1.2157008519268813
0.004988243664990402,0.009589746226428563,-6.770222743100893E-4,0.008271123716097941,0.3191447395772183,-0.43288284766860347,2.536224525307959,1.2340051328028003
0.004989426053231108,0.009573841812931947,-7.03227636161795E-4,0.008268711353855054,0.3236775372070549,-0.44955689760880174,2.533208282303374,1.2524250878660732
0.005022183559254116,0.009529528446938641,-7.84134069925311E-4,0.008296215371060754,0.34800539393975555,-0.49193022556418736,2.5513901779170083,1.31572995567451
0.005007474074598277,0.009535898468303237,-7.697153166069891E-4,0.008280109376786459,0.3384152413454103,-0.49006915041735954,2.538862899863666,1.305576900079709
0.005023685925945949,0.00951389482992714,-8.101933784543263E-4,0.008293710978005573,0.35251699992543695,-0.5084829941324831,2.548363053439352,1.3343357552590505
0.00500898201810408,0.009520220350824877,-7.957210164996521E-4,0.008277651703902366,0.34301796246915744,-0.5065384982968358,2.535792944913535,1.323999608702034
0.0049908139060191705,0.009557969024742902,-7.294164543055307E-4,0.008266403670280252,0.32820810061045913,-0.4662071079265038,2.5302513805562152,1.2709227181122722
0.0049923175946256105,0.00954217232054151,-7.554988090601616E-4,0.008264107614649518,0.3327789873079285,-0.4827902285021084,2.527287404207188,1.2894061511267152
0.004972097601487238,0.009612553146691204,-6.362060049206301E-4,0.008257267832290055,0.30684493737540347,-0.41089945444051174,2.527473475717754,1.2013033242392994
0.0051038727033783145,0.00898612747582548,-0.001689792985063102,0.008160064632814846,0.48446605805100607,-1.072737663592528,2.38987217728199,1.9767943860742545
0.005088413296257608,0.00899096396780136,-0.0016731348712552697,0.008144136147452545,0.47472190347376414,-1.0681746275621802,2.37604492873696,1.9624778444858535
0.005107082553678813,0.008970748396413332,-0.0017154471924484115,0.008154710024948742,0.48662757709690635,-1.0892740740856997,2.3834140385275733,1.9959923493931468
0.005091651568586922,0.008975498824797694,-0.0016987838174110667,0.008138815424718329,0.4780807016395768,-1.0845698596564415,2.3696027680875713,1.981443199281996
0.005110340726114829,0.00895537940604795,-0.001741073101971727,0.008149277258806297,0.4893148797248455,-1.1056930233870605,2.3768604707367547,2.0151949489176513
0.005094966299820463,0.008960057590822178,-0.0017244115717042839,0.008133452268542502,0.48136273618616393,-1.1009381550591746,2.3630946977278167,2.0003974945628262
0.005113647187447097,0.008940020664703167,-0.0017666606074339347,0.008143768580636741,0.49295788461222306,-1.1219825714477973,2.3702158418544252,2.034356915152165
0.005098338779333285,0.008944656177566632,-0.001749985608655806,0.008128034378170694,0.4843653597896819,-1.117283199462275,2.3565000778974294,2.019322042264729
0.005120404840570064,0.008909334570059206,-0.0018177566797793025,0.008132515987105455,0.5010316614453715,-1.1544024512417217,2.356588023821457,2.072474006609596
0.005108593947830669,0.008898596155574225,-0.0018264035549552353,0.008111170547886013,0.49219616739124294,-1.1663666429361508,2.335867747918836,2.0760010683280004
0.005117001903782517,0.008924672332571876,-0.0017922168309306803,0.008138182558811984,0.4971052867992995,-1.1381940456534447,2.3634650061974574,2.053447796054541
0.005101740226058482,0.00892929044404184,-0.0017754962220302515,0.008122527571736232,0.48706527271051364,-1.1336287172432993,2.3497764896694213,2.038218881599347
0.0051051563153872775,0.008913943123721839,-0.0018009592961538226,0.008116906984040705,0.48961760232475715,-1.149991210762239,2.342897984297293,2.057106126757947
0.005096505301556471,0.008887745948264171,-0.0018349691974184899,0.008090091756005694,0.48905762355928034,-1.173023711408841,2.3177014075618794,2.0741065291800997
0.005066555924529232,0.009186901264173677,-0.0013551275907275004,0.008222267601875376,0.4428995990214857,-0.8561843728922623,2.46411745536835,1.7291159111584724
0.005051593258899599,0.009192408450088481,-0.001339350276773503,0.00820663749044786,0.4298823956813181,-0.8539767507201176,2.4507666596208146,1.7165704941455926
0.005069134851839915,0.009171405472706819,-0.0013809567356548476,0.008217968885083254,0.44624383464324263,-0.8727797598839172,2.4590309626218896,1.748084638627682
0.005054131457752676,0.009176860994856503,-0.0013651166151022502,0.008202316182584416,0.43352103563476785,-0.8705568323023609,2.4456438725473326,1.7354647576638416
0.005071762475906216,0.009155917713659412,-0.001406777771673613,0.008213588151288724,0.44946934043117565,-0.8894057781480548,2.4538417528620386,1.7670960505614388
0.005056727712590616,0.009161310879016513,-0.001390887737520473,0.008197918933745855,0.4372755208548243,-0.8871159508830554,2.440432268927822,1.7543779095971728
0.005074438771579878,0.009140438143537986,-0.0014325804169350571,0.008209127143627728,0.45287559397820615,-0.9060245402712847,2.4485549489088974,1.7861362509738221
0.005059385496850496,0.009145766718546606,-0.0014166540629229308,0.008193452910933393,0.4409638454147034,-0.9036473830746393,2.435132834815455,1.7732937277609355
0.005077163713119264,0.009124966919156603,-0.001458358309386859,0.008204587007375993,0.456612422859278,-0.9226134360040211,2.4431717321889455,1.805175560112214
0.005062095600388158,0.009130244621761601,-0.0014423873393272588,0.008188915195627368,0.44453237349045555,-0.9201494563206403,2.4297401396536,1.7921964623254005
0.005079937274184246,0.009109504197630083,-0.0014841063831469402,0.008199968690887733,0.46106156853370056,-0.9391806209318531,2.4376914939417773,1.8241839898363548
0.00506760970989528,0.009099276794689772,-0.0014937104047211098,0.008179560125507442,0.4510233850758653,-0.95312102543203,2.418590388874953,1.8299682766970806
0.005064843949914899,0.009114752581266124,-0.001468069092925521,0.008184294070851096,0.44787807580153766,-0.9366313091872512,2.424237462720128,1.811083169305835
0.0050661290860337235,0.009026858985270206,-0.0016051525540955144,0.008138652356145944,0.4620859298433098,-1.0260856000772487,2.3769795561609404,1.9042094453227414
0.005063140455662024,0.00904237930555291,-0.001579598444227256,0.008143818424712386,0.4589337402213642,-1.009700021176869,2.3831579189526413,1.8854396019802186
0.005060258399869811,0.009057917827203409,-0.0015540448749730474,0.00814897624667957,0.4557644206141946,-0.9933077745707929,2.389285553771574,1.866711222519254
0.005057497552343273,0.009073466610143409,-0.0015285097308707395,0.008154138673764738,0.45255645841395736,-0.9769175388201726,2.395372883927969,1.8480409906950868
0.005054830576341583,0.009088989132910782,-0.0015030330103839612,0.00815925374379709,0.44925817904356213,-0.9605565521953231,2.401377540367804,1.8294388627632652
0.005069204771130026,0.009011339244024445,-0.0016307248668705526,0.008133444885326295,0.46521880662846943,-1.042477483882826,2.3707217315030404,1.9230230842359448
0.005072358976401922,0.008995793155490003,-0.0016563521827170473,0.00812816982292607,0.4683151707682483,-1.0588984263590524,2.364360189436813,1.9418996811101998
0.005052469132528289,0.00901623453434266,-0.0016136410901713583,0.008116435370843252,0.4565409599561095,-1.0353967890802502,2.3575462222964703,1.9042078125651434
0.005041408324495789,0.009357840677385803,-0.0010702423727141689,0.008264178205840488,0.3984708582490879,-0.6737956440655278,2.513300340828932,1.5210382356098908
0.0050286001863540765,0.009348244254151164,-0.0010809389755416083,0.008244986108459822,0.390272413764336,-0.6884808605025551,2.4962855268347393,1.5285264190862888
0.005043450092026908,0.00934226676397499,-0.001096169973634035,0.008260778979836842,0.40377445748585333,-0.6903436657611062,2.509298103960908,1.5397931595061838
0.005039415511198499,0.009373420771600324,-0.00104431670964857,0.008267494270585006,0.39224797416502,-0.6573371036345487,2.5171777345027437,1.5022517743836878
0.005026590121019563,0.009363858112980041,-0.0010550491651807423,0.008248391076187233,0.38655682774758743,-0.6718955271894994,2.500351359557818,1.5098215340797319
0.005037471670074725,0.009389006894728722,-0.0010183500594418348,0.008270732631100439,0.3873495441979651,-0.6408180974913259,2.5209627092599245,1.483415438375161
0.005024571376289655,0.009379477777556235,-0.001029131608200352,0.008251649307614834,0.38268409619397165,-0.6553766319735295,2.5042595293121335,1.4911481789544594
0.0050206909413457465,0.009410787871890891,-9.771971339948855E-4,0.0082579422167417,0.3734787862398816,-0.6223503622405583,2.5118024699649184,1.4537967735859327
0.0050355768185515425,0.009404598895283897,-9.923318502270907E-4,0.008273894477502654,0.38443037153588683,-0.6241522760152923,2.524686389708852,1.4645896609684181
0.005022585236802787,0.009395121394667005,-0.00100317465947762,0.008254811121652392,0.3782579891903752,-0.6388843295237273,2.5080528151725576,1.4724778571393538
0.005030622922697487,0.009332622245599737,-0.0011068254703747646,0.008241454613120125,0.3942843069697559,-0.7050977538316231,2.492091830350358,1.5472745628899178
0.005045540795333225,0.009326699183653656,-0.00112212118167642,0.008257293659834361,0.4074452358844934,-0.7070296029160504,2.5051772858401202,1.5585856375174119
0.005054392578627048,0.009264495252455318,-0.0012258375473853873,0.008242534685092213,0.4221777809829626,-0.7736104841612633,2.487899739657702,1.6343478670259337
0.005041779921086096,0.009254615825193,-0.0012361813437943702,0.008222913482585146,0.414862151969644,-0.7877799665955152,2.470077823850773,1.6411849205138138
0.005052106327402138,0.00928003596988042,-0.0011999560606227523,0.008246342273786046,0.41697528477564133,-0.7570933066965386,2.49233426880826,1.6153965501404102
0.005039452125206755,0.009270184956660142,-0.001210359986024255,0.008226781428832222,0.4111548632672895,-0.771234723710528,2.4746752522723185,1.6223901338856936
0.0050498689328047465,0.00929558363336138,-0.0011740407082573515,0.00825007162945406,0.4128657047183479,-0.7404989162437016,2.4966809855356837,1.5964182771882498
0.00503714130101069,0.00928576382623665,-0.0011845114251397492,0.008230532665969329,0.40733158004700626,-0.754729738736648,2.479140623238294,1.6036133689690495
0.0050476804154309,0.009311138089096707,-0.001148086650510094,0.008253723383460245,0.4101250817666336,-0.7237859268790084,2.500964378452119,1.5774633648569247
0.005032705449064388,0.009316991644149654,-0.0011327246420063297,0.008237848554165662,0.3986230696788829,-0.7216911943782477,2.4878209082766034,1.5660521843072652
0.0050348790036707424,0.009301366435838556,-0.0011586280447450899,0.008234206902170095,0.4030836499170302,-0.7382317300878114,2.483505584124444,1.5848361230641308
0.005015390373130801,0.00933857760892987,-0.0010914637910831389,0.008225946982067286,0.38927710462028514,-0.6969877219005706,2.480690852831014,1.5297129630006436
0.0050301863683028455,0.009451408652823314,-9.142757687543744E-4,0.00828288344969911,0.37330377021576205,-0.5741946927622212,2.535402514969642,1.4086804466624085
0.005017191013966701,0.009442088094858178,-9.253274654644369E-4,0.008264100184875965,0.3644777139895759,-0.5891332087855935,2.5191910602064276,1.4164890564026182
0.005028487639427606,0.009467022656507899,-8.882888875631541E-4,0.008285710671415158,0.36720546376887847,-0.5577931139539479,2.538771493897415,1.3901374341543242
0.005015506660033385,0.009457698561540039,-8.994459577372367E-4,0.00826703450265326,0.36048282428435036,-0.5725361790038007,2.5227439622071213,1.397914818882848
0.0050268379798275075,0.009482641786463353,-8.622825957109915E-4,0.008288457362555483,0.36156858871025427,-0.5414184471616184,2.5420483473662707,1.3715586875565708
0.005013825201011761,0.009473299532047409,-8.735656483279554E-4,0.008269832153075828,0.35647514704095395,-0.5559987181917291,2.526156486952807,1.379397447207672
0.00502523740399226,0.009498265893762122,-8.362471630723409E-4,0.008291124525098925,0.356846185550549,-0.5249859127440965,2.5452461384407687,1.3529493573925153
0.005012161455666755,0.00948891430991179,-8.476567369580509E-4,0.008272515417171769,0.35218281455041556,-0.5395053540350222,2.529447096950118,1.3609155680292542
0.005010542855557293,0.009504556269351852,-8.217051876206711E-4,0.008275117782823116,0.34764053459813754,-0.5230216143997023,2.5326530620206,1.3424491254193345
0.0050037879935987345,0.009432751719224322,-9.36106037878315E-4,0.008245488438861888,0.3640393502261247,-0.5977946966218478,2.5041790480204793,1.4180727615312294
0.005005395193982665,0.009417050917423444,-9.619424859738237E-4,0.008242202087837264,0.3682422246883847,-0.614300855647728,2.50030929940019,1.4364887776372706
0.005028847660493797,0.009244630545735537,-0.0012464579043540323,0.008203514922978302,0.41300372848732975,-0.7961458749387617,2.4539474327577353,1.642029189079816
0.00503128393600765,0.00922903402042464,-0.0012721996575686615,0.008199527871997493,0.41678345561046853,-0.8126198145998785,2.4491939401853426,1.660771271768234
0.005033872787483456,0.009213476206312897,-0.0012979265142065621,0.00819559509511829,0.42059478567560843,-0.8290684179450657,2.4444544213371393,1.6795693119129276
0.005036407433392813,0.009197915171245975,-0.0013236129393762645,0.008191454426048973,0.4244113253617518,-0.8455164519022639,2.439515012902518,1.698318961219629
0.004971051309398288,0.009628327048808527,-6.103387602890536E-4,0.008259462101866717,0.30224085575672754,-0.3944224847976658,2.530321691534317,1.1831936168120019
0.004970060140232018,0.009644092689242682,-5.844826979598252E-4,0.008261576511769978,0.29761043369567414,-0.3779595285070548,2.533093270978957,1.1651235100899902
0.004969037210243871,0.00965985450427258,-5.586142429738942E-4,0.008263509696475055,0.292934277342301,-0.36151617598315416,2.535713082312657,1.147049327198098
0.00496770352265511,0.009675640414384406,-5.326387795341468E-4,0.00826493795166394,0.2880990886715828,-0.3450998788786583,2.5379434358990234,1.128824502786612
0.0049663486465496495,0.009691493970006734,-5.065459334520499E-4,0.008266210548978041,0.28319224082309274,-0.3286298567230239,2.540050988126271,1.1105282360772846
0.005001578817366836,0.00987435891991841,-2.0941173799461153E-4,0.00833055850488883,0.24059939622658735,-0.12862061766874486,2.5993132760293394,0.9152873167084449
0.004987890395456925,0.009866129368845549,-2.220675803617666E-4,0.008313407471418175,0.23534576457150116,-0.14387168379488344,2.586368373878138,0.9242081961931516
0.0050012088155440915,0.009890060497518439,-1.832716708164892E-4,0.00833117448457476,0.23384906000997582,-0.11236676466153378,2.600673615624746,0.8974543523772462
0.004987484444693132,0.009881854995791717,-1.9598003314182964E-4,0.00831406093594281,0.23057153995441995,-0.12742419667072472,2.587851343359968,0.9063922533551151
0.005000888133336492,0.009905763358590827,-1.571013117105334E-4,0.00833170889971429,0.22838053054026627,-0.09603512995801106,2.6019616358377022,0.8795945871745771
0.004987086667906096,0.009897585314442863,-1.698850137322874E-4,0.008314586663076646,0.22563933637328581,-0.11104016627315404,2.5892375442870352,0.8886256424942461
0.00500061677545759,0.009921467368795326,-1.3089726623950483E-4,0.00833216169796047,0.22445573904029362,-0.07956783617743331,2.6032013145679858,0.8617561843280138
0.004986736212234917,0.00991333429907699,-1.437636801083146E-4,0.008315027215147049,0.22026484357291157,-0.0946765528709176,2.5905511618063386,0.8708776715885794
0.0049864773060722374,0.009929102192046388,-1.176150069314031E-4,0.008315430834967079,0.21466091684395103,-0.0782660084700525,2.5918317069942476,0.8531214033679092
0.004965286686626896,0.00970739182344415,-4.804278534718309E-4,0.008267693005678792,0.27832785850375297,-0.312088992392169,2.5423044155062695,1.0923163660020958
0.004973833710351839,0.009857860658999722,-2.3461129669126974E-4,0.00829647323667748,0.23619429777340548,-0.15280539753370045,2.5736821650457906,0.9268851220472164
0.004964576238903297,0.009723230646604865,-4.544549671094515E-4,0.008269436578188698,0.273555685370547,-0.29557303803552254,2.544735754223428,1.074322080005216
0.004978264263291363,0.009747425569126817,-4.168952107478909E-4,0.008289239143361072,0.2712017954922464,-0.2679361558088705,2.5609889175297655,1.0524304565083187
0.004964109316348645,0.009738924415477617,-4.287432174710256E-4,0.008271301973531113,0.26887056210021926,-0.27918341043654876,2.547236529564564,1.056592071486768
0.004977532677837038,0.009763129963930459,-3.9097884050356E-4,0.008290572783106203,0.26624867008941244,-0.2515409691508448,2.5630419915263434,1.034503836085544
0.00497677736288201,0.009778878170709299,-3.649809243225501E-4,0.008291743439142603,0.2612681042481622,-0.23511184067678267,2.564968567460719,1.0165264094102662
0.004976051181334565,0.009794674696138648,-3.389021469640426E-4,0.00829281237286597,0.2562652138052628,-0.21864026963855634,2.5668157017018847,0.9985177744421033
0.004975355889724684,0.009810486005532972,-3.127983819624127E-4,0.008293777017869179,0.2512400912891028,-0.2021615112095598,2.5685806872108397,0.9805170833291071
0.004974724770384768,0.00982629219514721,-2.8670580066809124E-4,0.008294674023253188,0.24622583304559223,-0.18569478137542295,2.5702889290132194,0.9625620282078168
0.004974217767024944,0.009842089485917386,-2.606349094568938E-4,0.00829557365088166,0.24122988060149017,-0.16923827616954543,2.5719902973051583,0.9446801558421217
0.004971922003974645,0.009936812390933985,-1.0428906806878554E-4,0.008298859259146196,0.21063360073963075,-0.07065119658190923,2.580550661051395,0.837953919612901
0.004957338832341887,0.009960320720989397,-6.515599060882261E-5,0.008282392798095175,0.19891739891403357,-0.049123080816258095,2.5705056141741642,0.8073003753602483
0.004957014196317992,0.009944625697084203,-9.091706759141383E-5,0.008281579041743356,0.2038529190811186,-0.06550146168766434,2.5688790935112267,0.8246313674979246
0.00495619357254447,0.010023072521709682,3.788424823130926E-5,0.008281359579798852,0.17830850106484905,0.015812269421073038,2.5739495237298793,0.7373328212424659
0.004955991178570848,0.010039266718756339,6.446028301649036E-5,0.008280839632005023,0.17294923981085406,0.032557123757931294,2.5746512998060775,0.719343814723059
0.00495668913258515,0.010007053002870282,1.1590139720046321E-5,0.008282075654189274,0.18366033761793432,-7.077244025031943E-4,2.5733949820299036,0.755235548472177
0.0049574886245764395,0.009975840560384265,-3.967036263267104E-5,0.008282856584960361,0.1939694874316833,-0.03296569949246512,2.5718696519118436,0.7901133434438994
0.0049571807091578456,0.00999133840063826,-1.4214662640232183E-5,0.008282643286935905,0.18888465390881934,-0.016926153387084305,2.5727512358942364,0.7728158090208314
0.004943155344622519,0.009967897856561415,-5.2447292246641574E-5,0.00826586071619194,0.19316190974366854,-0.04359461574424862,2.5594376067494546,0.7942351569800229
0.004976630050702358,0.010220888251038708,3.645807371267271E-4,0.008291702337971796,0.11630179155225386,0.22482008059056957,2.59373435783755,0.5243565519382339
0.004977345218466144,0.010236691170148337,3.906627856031716E-4,0.008290486198697551,0.11087936313064618,0.24127957892203003,2.5939052136286294,0.5071446240614801
0.004977892637178775,0.01025253182452895,4.167737903005118E-4,0.00828892604037869,0.10550197694630266,0.257749660084221,2.5938477845510346,0.489851322284737
0.00497854068633195,0.01026842546410926,4.429739653024904E-4,0.00828733227962694,0.10021192139336292,0.2742824215925424,2.593776118278301,0.47254572165228553
0.004961575477684554,0.01021346528854492,3.505440636411773E-4,0.008274926684328053,0.11587921284458212,0.21366446856559196,2.581943000121495,0.5288478368414545
0.004959658751454982,0.010181396773055745,2.9781776456050705E-4,0.008276268442847933,0.1263651122378874,0.18021057652581127,2.580783580064672,0.5635750209463087
0.004960356797359148,0.01019749211858051,3.242509929180958E-4,0.008275358061975486,0.1210547649239961,0.19694670874801345,2.5812030861429576,0.5460726442486082
0.0049594044261198865,0.010165399714704095,2.715849331901233E-4,0.008277544311255644,0.13171664024348306,0.16366157048361588,2.5806218861628794,0.5811011428693015
0.004959256003747419,0.010149586842353639,2.456525919565164E-4,0.008278784019413671,0.13700184894068493,0.14731507716337755,2.580447121194958,0.5984675474797548
0.004958497899790792,0.010102629846571426,1.6856573298522292E-4,0.008281252690832535,0.1525606588452344,0.09864970764426002,2.5790914155322207,0.6500335198923982
0.004958771303461504,0.010118154837513627,1.9406075603918834E-4,0.008280602492499678,0.14743579176794522,0.11475458709797155,2.5796562194540815,0.6329775938447549
0.004959034796180202,0.010133840914709218,2.1981346726381265E-4,0.008279790644646427,0.14224177656908224,0.13101346822705984,2.580117737151507,0.6157547804115507
0.00494090848641347,0.010063857588806369,1.0427354719893182E-4,0.008262395828964977,0.1618113966233196,0.055361097891476495,2.563542338827116,0.6875735676350155
0.0049438828556857125,0.010095098051308713,1.5541660108223497E-4,0.008264490188129832,0.15219799748371188,0.08816788252912432,2.567083079342489,0.6540585751411369
0.004942327230717019,0.010079797721595698,1.303538319232097E-4,0.008263418094277586,0.15690069991967812,0.07208046422292175,2.565319297586189,0.6704458320899925
0.004939987334359773,0.010047504329084274,7.75540046792484E-5,0.008261824068822851,0.16692660752400412,0.038301846747353686,2.5620458780572952,0.7053088123223268
0.00496368272065532,0.010277325681904271,4.552439388867974E-4,0.008268487905473182,0.09458582268570097,0.2798580135181868,2.5817132208844398,0.4593599360047333
0.004949298665265937,0.010302711900374984,4.941825908226064E-4,0.008247407541335086,0.08413073394240665,0.30305491355942177,2.5691724909672105,0.427928794751888
0.004948145705115778,0.01028655898345259,4.677828447855908E-4,0.00824876007859912,0.08936321141039295,0.2862289173436157,2.5690277660213976,0.44526405904151983
0.013294556823860701,0.013960844374674009,0.00616811615045977,-0.005130318808217676,0.22867509152412566,-2.468398054440261,-1.1260661145867568,3.5910983847988827
0.013238785420109627,0.013996459892429857,0.006245344997337913,-0.005061109408453932,0.2277169180953074,-2.4435242700411526,-1.2077234345407877,3.572194578148704
0.013271752125571676,0.013987487811963193,0.0061932005183754964,-0.005081316627303181,0.22619575898138009,-2.448608103910542,-1.1618080721926207,3.565519664413203
0.013187053578673466,0.014010494656024502,0.0063271089158000214,-0.0050278552238232155,0.22990982151219988,-2.4338454933276092,-1.2805938309677594,3.5810188186866827
0.01312026295832996,0.014072221246489817,0.006403145314794752,-0.004906081523636454,0.22539583691202428,-2.3810564671453753,-1.378530303941493,3.5199945646969795
0.013129317699177245,0.01405977334532427,0.006395854634326324,-0.004929803477840305,0.22665962386284472,-2.39188341725691,-1.3652235968556068,3.5349663369149793
0.013174125091030026,0.014029184690841596,0.006337975994678289,-0.0049927648513120705,0.2279079267215494,-2.418281306019704,-1.3005599508622459,3.5591378369563134
0.013160207605711655,0.014044326490840002,0.006352484333144241,-0.00496357858608527,0.22656233047227411,-2.405539760223609,-1.321230437395487,3.5430992601734927
0.013144282368233649,0.01405457909003523,0.006373394013918226,-0.004942293487941749,0.2262315547895931,-2.3966721569649194,-1.344080823260973,3.5354412383563125
0.013211679510127576,0.014012120569372188,0.006283217302035201,-0.005029478520398675,0.22756737030044236,-2.431781109766409,-1.246924901686409,3.5642890583198783
0.013235994655476056,0.014023864237871931,0.006234152336920525,-0.005013234423363059,0.22355561455523992,-2.4209978550636984,-1.2157170615920798,3.532276974616738
0.01301035681087739,0.014153515970822468,0.006532712062320577,-0.004734499648888369,0.221115781432375,-2.302584368959803,-1.5316642437917272,3.439670421132209
0.013108157310268103,0.01408585224493692,0.006414711505391119,-0.004879517839518811,0.22402250238431734,-2.3690018650539275,-1.3959453701831028,3.5045392051748183
0.013089466921051493,0.014094076283978879,0.006441129657818015,-0.0048603885559244005,0.22438637141129764,-2.3609040386379703,-1.4221400624401463,3.500340414977232
0.0130380442320651,0.014140094879622886,0.006495802122442451,-0.004766434493077762,0.22099652340158435,-2.317398155638923,-1.4936175554319275,3.4501183037147496
0.013059397116218839,0.014125806437710704,0.0064699583171530005,-0.0047973949018508535,0.22158749139816172,-2.3316920502937184,-1.464204351762963,3.4637957681370817
0.013077013462867515,0.014109978809716366,0.006451255522721889,-0.004829617629754374,0.222730805072584,-2.3465790137826636,-1.4397302465154347,3.4809998659300816
0.01294501786280114,0.01418033439709213,0.006622281681193623,-0.004665164643373558,0.22196260096056994,-2.269016093984446,-1.6212862048369239,3.4194315851167945
0.012993934548152971,0.014173227419726498,0.0065452864313488455,-0.004695422688365051,0.21918744752296151,-2.283656975629029,-1.5533814225943,3.4146347172215137
0.012974289130607271,0.01419056916284546,0.006564708115116055,-0.0046590739996064156,0.21794811945187753,-2.265963144173926,-1.579352262903677,3.394092852333373
0.012704993879039728,0.01432154503605214,0.006893054329269309,-0.004314414409573113,0.217591220085981,-2.0804740401741255,-1.930292607754543,3.239543566509649
0.012723631022585417,0.014324316713279384,0.006860092118857449,-0.004320553932457178,0.21566513977251298,-2.0856404898074032,-1.9033927784372915,3.2338650688754487
0.012742741031798854,0.014322508194618697,0.006830898552263859,-0.004334125817383349,0.214305984237043,-2.094348789405616,-1.8773722302188194,3.2351217524236247
0.01293172477942197,0.014204124213204973,0.006625177930707229,-0.004619797460512704,0.21910471963764613,-2.246458608285145,-1.6373248872781507,3.385795023255724
0.012900694559165288,0.014224258261274074,0.0066602428670771265,-0.00457318411620205,0.21827627466853852,-2.222777704287637,-1.6780526582868658,3.3624221946634436
0.012919276193028581,0.014221515906158338,0.006631548870100529,-0.004585593999478466,0.2171330061692062,-2.2293370071345535,-1.6525032555659702,3.361926931247158
0.01288863548767516,0.014243841397770997,0.006663562384843335,-0.004535373031902476,0.21600861232803945,-2.20370273362478,-1.691878636524508,3.3346323654371104
0.01278376096799701,0.014286741088373557,0.006798059520487941,-0.004414371400416626,0.21722839815342573,-2.1377708531044948,-1.829629224905275,3.2866519394210973
0.012770943304009453,0.014305001680910553,0.006801828315970577,-0.004377793252084884,0.21508016830644214,-2.118605579161319,-1.8428924495588817,3.2596045094217247
0.012764054573355766,0.014329589239210988,0.0067896409698810145,-0.004334261085966857,0.21169900169009154,-2.0964201718261806,-1.845871277448934,3.2218978109399994
0.012821316941266602,0.01428175773506047,0.006741033474977947,-0.0044414958684575465,0.2151018792237034,-2.153939611545939,-1.7783319680032723,3.28875935283427
0.012804455021699038,0.014294098504734726,0.00675733039968308,-0.0044128969956751815,0.2143508701333948,-2.138654886092439,-1.7989234839983197,3.2721462577048896
0.012873706201549935,0.014262516274567715,0.006672054239551506,-0.004497855324428257,0.21409712838344583,-2.1845618850635726,-1.709443767584964,3.3088083988587447
0.012856998995114211,0.014283675853415598,0.0066808711905922006,-0.00445544026692268,0.2118996179627246,-2.1628210150524327,-1.7285855494341693,3.2793900264984273
0.012839605075975462,0.014293181174533051,0.006700784249237176,-0.004431691609327233,0.2119074561071687,-2.1501759845339983,-1.750560580840925,3.2678814468847244
0.012691961339503758,0.014338727413119352,0.006896980130903681,-0.00427902507761018,0.21573344054677032,-2.0614427113096663,-1.9429969010774697,3.2131467799849616
0.012676406367457545,0.014352817453531966,0.006907767876826528,-0.004247139609637,0.2145320877337583,-2.043743555575112,-1.9599163064152128,3.191616991813581
0.01266320105288109,0.014358870292038282,0.006922739177649505,-0.00422947186380896,0.2145896768551067,-2.0332508551899684,-1.9761358589904312,3.182416603279876
0.012654810214705416,0.014372642288118366,0.006921974866229644,-0.004202374607900196,0.21296036890300438,-2.018753405590522,-1.982843225932281,3.160981913251415
0.01264291838914274,0.014389324770708298,0.006923566967878281,-0.004168569451419289,0.21114218200115784,-2.000452210586618,-1.9931126136096975,3.1351000778422002
0.012627828185794004,0.014404057903089655,0.006931944311399581,-0.004135870409883592,0.20976714436456625,-1.9821760169543037,-2.0081673201875954,3.1121467992969474
0.012591327615333903,0.014423445577796762,0.006968394425869071,-0.0040819055036267066,0.20948666307841488,-1.9498747628806685,-2.0499695268314997,3.0807436410154954
0.0126110866909614,0.01441762828859401,0.006943825205030626,-0.004103901278163327,0.2088312853682972,-1.9638828237806731,-2.025626061660288,3.090711081169673
0.012577981563707133,0.014442975581841783,0.00696802311519363,-0.0040427601785300625,0.207218929935709,-1.9285196616251146,-2.0598623177571436,3.050091064925862
0.012505922120076396,0.01448364111097651,0.007033117783846352,-0.003930480345783505,0.20613440356968313,-1.8603055434339044,-2.13741481849117,2.9806717124824007
0.012526496075180252,0.014467149629017368,0.007020392823535308,-0.003970209782719143,0.20724730890601073,-1.883695741298141,-2.117833808361421,3.008259817013758
0.012553715039383904,0.014453333316826368,0.006994063586751123,-0.00401032905915247,0.20747908931863443,-1.9083675807666916,-2.087805038743546,3.0321979514439006
0.01248825059268225,0.014500996164925381,0.0070400411946236795,-0.003891500831785695,0.20452665451557797,-1.837776395940004,-2.152312879206482,2.951982869090813
0.012357180160722729,0.014510278084482676,0.007224567868712409,-0.0037755763751079695,0.21280736874521436,-1.7492631473839506,-2.3196925779496342,2.9091782902912207
0.012375009841682823,0.014512737059059541,0.007195119697958324,-0.003786526428216966,0.2110340881747708,-1.7595831082915387,-2.294754284109715,2.9103080563756816
0.012397065353275654,0.014515656613191324,0.0071588838810105245,-0.003799933515379259,0.20891068680781438,-1.7719966513155359,-2.264159904595893,2.911512187479857
0.0124201913987634,0.01452668331538663,0.0071115022319872085,-0.0038018231827360595,0.20540824342267713,-1.7789877179027795,-2.2279205647886364,2.9006116981135484
0.01247034569719392,0.014518802269743081,0.007046376774637338,-0.003851694675927594,0.20306214024536826,-1.8147682926857567,-2.1668341182667117,2.9225312011715565
0.012447112335529503,0.014532265538344998,0.0070651948459515765,-0.0038142828355713296,0.20253581280386784,-1.7916108073382426,-2.1900449564404165,2.898298200495908
0.01234382567239095,0.014527759202198504,0.0072227250098678844,-0.0037387030054520667,0.210933290569317,-1.7282361769057226,-2.326679000073634,2.8793139517184723
0.012330515555412537,0.014542929708670322,0.007223391044302474,-0.0037053657770612,0.2093892272854081,-1.7088302555479096,-2.334741399577018,2.852942353419032
0.012315386704234413,0.01455571811341242,0.007229400355167867,-0.0036740080342244678,0.2083954628554058,-1.6897468363240058,-2.346327383154383,2.829496421455312
0.012299790789745125,0.01456542442425089,0.0072396955477924295,-0.003646680406204877,0.2079610604160473,-1.6723041168649149,-2.3601835867302268,2.810292985666631
0.012021688004855991,0.014672966175768382,0.007478164136209788,-0.0032351480549531945,0.2107874325018573,-1.382895724268131,-2.6230087525951125,2.5342432893327778
0.012037586463946535,0.014661755907566599,0.007473139073478388,-0.0032662505864769604,0.21157991786059868,-1.403119230171808,-2.613492394011013,2.5583101170875406
0.012223776817950276,0.01456377458680535,0.007350741063834357,-0.00358165442457338,0.2138930151578722,-1.6165314835626217,-2.4583759113044477,2.7851074398737694
0.01221131275897644,0.014580066934028052,0.007347010149128746,-0.0035470781790644906,0.21216697814242783,-1.59660986755832,-2.4628347018920493,2.756486520540463
0.012068898772593454,0.014655853888546282,0.007439842421925282,-0.0033058257557827112,0.21019667796671657,-1.4340488048049418,-2.581077378083887,2.5832468231333796
0.012055620401728664,0.01466857463902128,0.007439678005294387,-0.0032755627641800748,0.20899382864134466,-1.4154833097956294,-2.586709012990219,2.558809189271422
0.012198041738388178,0.014591277667735367,0.007350891059696471,-0.0035190218677329977,0.2112661660159599,-1.579224507576842,-2.471620072512874,2.7348627284983693
0.01218375684331268,0.014600729272543172,0.007358321648595481,-0.0034924864223265313,0.2107705359290062,-1.5620829232474216,-2.4827212111184362,2.7152765541222554
0.012083016881445398,0.014647054738332091,0.00743320231343149,-0.003331719622295447,0.21058629168990625,-1.4511993453856868,-2.5711125533424855,2.602701129796515
0.0121691367863346,0.01460875705228794,0.007367924576431717,-0.0034675774639135216,0.21054044698726385,-1.5454704336853975,-2.495073908992986,2.6974715651393137
0.012153944823861004,0.014615800267618675,0.007379460231678874,-0.0034434192308410235,0.21049896341903437,-1.5288979413057058,-2.5086726562911816,2.680680370343858
0.01209809387422717,0.01463898657017475,0.007424066256842819,-0.003357544217056297,0.21081676213801467,-1.4687105408643575,-2.5592409594992493,2.6215302806024585
0.012116646167826648,0.014627749048739392,0.0074143510625760975,-0.0033910254776813318,0.21133010587216522,-1.4908890122012965,-2.5453878575325457,2.6463468798230045
0.012137474080797288,0.01462204862906253,0.007393650658894929,-0.003419034793177128,0.21068119727079337,-1.511635846973981,-2.5242547310764984,2.664271012427967
0.012241611418876946,0.014575510492058241,0.007309999116807253,-0.0035810966972137895,0.2106678590805016,-1.622900080355672,-2.427589946580962,2.774980597950473
0.012255820179312836,0.01458313150029198,0.007279950728318543,-0.0035829627237818863,0.20831601396257876,-1.6287692392251387,-2.4045017874507026,2.769283628053812
0.012269894120608311,0.014579152938710722,0.00726504643249799,-0.0036010478010470586,0.20789633012899314,-1.6417365887376272,-2.389332034218856,2.780122306550989
0.01228475898044592,0.014572660285618459,0.007252100766852821,-0.0036233084215922177,0.20789491843336547,-1.656767234515403,-2.374707993324357,2.7947091872403558
0.012000197936238044,0.014679906625861466,0.00749631556936505,-0.00320377563164467,0.21130280074998403,-1.3597373002157345,-2.642302327774656,2.512634348993141
0.01196532533073572,0.014697480865588088,0.007515951158899502,-0.0031443470126951514,0.2108960767958247,-1.3185301771984566,-2.6675810578421904,2.468505683033003
0.011981390627067712,0.014690707103804651,0.007505123692763992,-0.0031700547509775317,0.2108633165116994,-1.3368992164929046,-2.6549371264818404,2.4871518758323945
0.011948775389574638,0.014704283757043489,0.0075271559432237775,-0.0031180044237624663,0.21104529703682376,-1.2995862791653778,-2.6805662971443094,2.4493731077464855
0.01192672705795579,0.014711350883566253,0.0075446985397251845,-0.003085279101478999,0.21145301842671288,-1.2752226242591698,-2.699275017976554,2.4263517792253304
0.011876259389237273,0.014733651246662939,0.007574441609948186,-0.0030020914067036245,0.21141945193461645,-1.2158275954809474,-2.735326735750165,2.3645708693362866
0.01189258754072185,0.014728307322217948,0.007562254560494241,-0.0030267575687559015,0.21111690109926817,-1.234283758433203,-2.7222001103812468,2.3822893467458717
0.01190865423007407,0.014721215902578813,0.00755279953859751,-0.003053218792409903,0.2111487820267078,-1.253180874031785,-2.710742409402444,2.4019461685611976
0.011859461727175988,0.014739755815851102,0.007585875349539951,-0.0029758716900144225,0.21169833440936,-1.1964616265282704,-2.748089766123083,2.345404172611406
0.011802473131661188,0.014745006719579816,0.007646870835737492,-0.002904689932159247,0.21502877493034186,-1.1363433744553164,-2.8045202817799972,2.2986850582246823
0.011837682017096108,0.01474612929045819,0.007602730531210474,-0.0029435935891389546,0.21217313166556487,-1.171932495539031,-2.765741845938589,2.3223563129961278
0.011819011551643305,0.014755985460550519,0.007610226942643566,-0.00291051070475283,0.21190851468113678,-1.148900080766399,-2.776507712525039,2.296845226610579
0.011784350943366384,0.01475287762161237,0.007656359080974334,-0.0028742827999513063,0.2150148393246025,-1.1143681714096727,-2.816184086158874,2.275593369000392
0.011771237580079913,0.014767730182118187,0.007648856069510571,-0.0028414559061166467,0.21348091839236916,-1.0949092941286251,-2.81560667478392,2.247539032964816
0.011667978042968305,0.014811237231628102,0.007698446654678484,-0.0026687787371165593,0.21364428490129309,-0.9692208546018221,-2.87661273892903,2.11522803170292
0.01168733982166778,0.014801289330899851,0.007692641927601029,-0.0027033172268919148,0.21392038846342157,-0.9935267005240699,-2.8676447306264423,2.1424301300868276
0.011708777959774368,0.014795939580237276,0.0076768939394069235,-0.0027351045821532413,0.2132625297449533,-1.0184428647930357,-2.8516677582587104,2.1656846541792576
0.011726162595107332,0.014790399739245286,0.007665788770646525,-0.002762121112465685,0.21288579529294785,-1.0389773765094448,-2.8396692399977805,2.1858313091672525
0.011742534535487403,0.014784685757778783,0.007655909772168496,-0.0027880517646528425,0.2126846171336684,-1.0583979628669138,-2.8286703509930677,2.2052633985814674
0.011757542434271621,0.01477720299758746,0.007650168942778532,-0.0028143641784179186,0.2128478715345544,-1.0769706684457276,-2.8205947973711916,2.225699518134227
0.011651003538178543,0.014819680973303703,0.007703711157633864,-0.002638787009353488,0.21344733924399692,-0.947954049498173,-2.8844980144588117,2.0915932706689806
0.011635420887271658,0.014830600285786921,0.007703241469807942,-0.002607797337020627,0.21266203557203942,-0.9274722746500444,-2.8882589924217457,2.0662243631038852
0.011215158087008037,0.014893805863865253,0.008004731457581958,-0.0019875961019417848,0.23253825827923338,-0.41037150118212845,-3.167834876928111,1.5991289350112998
0.011230362569698641,0.014890341010271315,0.007997900977728548,-0.002012171986513925,0.23205583651125403,-0.4301189013530941,-3.161224062155569,1.6185838629373581
0.011245696434651271,0.014886822053872234,0.007990885409295921,-0.002036927272535801,0.2315876786418032,-0.4499976668656212,-3.1544086024562596,1.638150505115158
0.011165132482638984,0.014920620490931343,0.007998243851226551,-0.0018938324554339367,0.23095801254764306,-0.34549358438752065,-3.169337139252707,1.520976393923781
0.011180566880507052,0.01491705169468064,0.007992042671986088,-0.0019188230327329885,0.23050815078370765,-0.3654812884639849,-3.1633504485650463,1.5408606246722096
0.011195907841984022,0.014913716067389025,0.007985328562031617,-0.0019434426129474123,0.23003970445559915,-0.38531014264824975,-3.1569679934518593,1.5603606539986974
0.011210760957387116,0.014909599577345887,0.00798024719558327,-0.001967978487378262,0.22974906361114014,-0.4044921116982603,-3.1516902400901823,1.5799784734792561
0.011149785183900397,0.014925239575729944,0.008002307284337056,-0.0018680802572860098,0.23115529350840516,-0.32564075298778117,-3.173787533375912,1.5002281153881076
0.011133946762710822,0.014928741736347464,0.008008593343187638,-0.0018424853892662098,0.23160911307515117,-0.30509897763737076,-3.179737286642469,1.4798519583780008
0.01161791247619786,0.014843133766430268,0.0077019999181643295,-0.0025727632692040168,0.2116948835733299,-0.9044481072106226,-2.891930102072555,2.0374626753564367
0.011603233807564362,0.014848102746297076,0.007709658019334512,-0.002549343918027975,0.21197072062176098,-0.8867732381638792,-2.9004664485601928,2.0195817913833585
0.011592098904101143,0.014858977308444158,0.007703870073194148,-0.002524050655721722,0.2108283917675479,-0.8713601018773129,-2.899494821703452,1.9980409417074083
0.01131866913730447,0.014901343387808089,0.007900607533285265,-0.0021255202542789817,0.22333434609260153,-0.5412841987779694,-3.0827733736366096,1.6997230977637614
0.011466101927083514,0.014852690098536899,0.007843606531628097,-0.002369649016324448,0.22135943761183494,-0.727627364482984,-3.018389213931481,1.8925201221013097
0.011453806169091108,0.01485906495389437,0.007845084528137597,-0.0023471278699210923,0.22108653656294538,-0.7117583225060317,-3.021841734237355,1.8742465375562922
0.011481788289438567,0.014854264648094018,0.007825223204956835,-0.0023886000848981613,0.21984081883319667,-0.7459519732132868,-3.003042380031442,1.9054331252879566
0.01137920044427597,0.014883800359142024,0.007875058756928397,-0.0022238600133569117,0.22213620127624709,-0.6177226828093342,-3.05568508270701,1.777159282944563
0.011394228161507787,0.014878239836907538,0.007870355742722443,-0.002249310782408744,0.22200505383999838,-0.6367963478246708,-3.0498887152730307,1.7974292583548455
0.011407678446836614,0.014870712405404874,0.007870346607258537,-0.002274525992775228,0.22246884998780914,-0.6542517701637677,-3.047417369936946,1.8181446930716905
0.011423099739618796,0.014869401121105625,0.007857675116618638,-0.0022963499986241504,0.22144291538276686,-0.6731176755271776,-3.0361347757840687,1.8343369181590499
0.011438740586970272,0.014864974849028453,0.007849932308642922,-0.002321413820333594,0.22116562456297043,-0.6926625166809068,-3.0280124693811907,1.8538200136349963
0.011376632243126072,0.014902304243233694,0.007845779948544967,-0.0022030794435161215,0.2188894973561534,-0.6121376134760023,-3.036646897752585,1.7561821898249246
0.011358826063686503,0.014907415290753435,0.007853519555829998,-0.002174461510517154,0.21925136540139958,-0.5899031426905682,-3.044837185593568,1.7337524437592666
0.011337576819789374,0.014911603018099864,0.007865741604083902,-0.0021419657872090987,0.220026900084763,-0.56354409023617,-3.0564866507422073,1.708732874465486
0.011499028147233793,0.014863108705066056,0.007793069635907355,-0.0024020502750159178,0.21699730478940848,-0.7643682473788682,-2.9783405198298376,1.9118274117485843
0.011515311641114037,0.014870286430927283,0.007764698926594469,-0.0024157035641882867,0.21449634177114588,-0.781686469672068,-2.9563123688272337,1.9188539747331765
0.011542871513421236,0.01486806992096109,0.007740241020989258,-0.002452989773163856,0.2128692578550048,-0.8137060871896826,-2.9343662090139158,1.9456501989103394
0.011559657668110587,0.014865555675038021,0.007727049317339753,-0.002476718319502444,0.21205629849212235,-0.8333356494177285,-2.922008011793348,1.9630186142639694
0.011578518847051382,0.014868251826873721,0.007703082546793494,-0.002497480632043403,0.21015604069263466,-0.8537531123024543,-2.9022366395203956,1.976297372875461
0.011531498934988546,0.014878858570595566,0.007734165497891465,-0.002427593845445756,0.21179352088684425,-0.7981990192807836,-2.93299353386606,1.9240244919728955
0.011256645227215043,0.014899615665876621,0.007958663690152362,-0.0020411810929001494,0.22827783648700364,-0.46353368563234304,-3.1309939317296194,1.6376818317982405
0.011272186858864436,0.014896397717024631,0.00795072524435661,-0.0020657184249326262,0.2277465670831252,-0.4834219327754625,-3.123439635850818,1.6568938439754717
0.011282612638278221,0.014907865864269473,0.007921394680839211,-0.002070094205422111,0.22477988521763193,-0.4958050999528668,-3.1021790747199773,1.6568001140509196
0.011299993552827826,0.014909658625693323,0.007902877154545539,-0.00209246370852624,0.22312079399253987,-0.5173825978399003,-3.087168225396763,1.6728605837305286
0.011034784653218563,0.014920755372702156,0.008098882158060204,-0.0017031004417383691,0.24092096759906648,-0.17290364023406346,-3.250395814005628,1.3752517766786096
0.010988559518777892,0.014930068118846602,0.00811486873541472,-0.0016271520422103363,0.24248853113827765,-0.11140323240627538,-3.2645987727671266,1.314111253722466
0.01100389519084865,0.014926930053371722,0.008109829643495074,-0.0016524220584925745,0.2419148655639813,-0.1318085335545677,-3.260136446167777,1.3344778229491585
0.011019294039389636,0.014923859324282593,0.008104446063464235,-0.0016777009737317333,0.24137012249779397,-0.15230483636161196,-3.2553637560785726,1.3548259057333614
0.010889800392767284,0.014964833786717787,0.008115718334623852,-0.0014544890396919906,0.24147822752048118,0.017182695392180106,-3.270035998097623,1.171175561650263
0.010905735503050622,0.014962334007189403,0.008110280562033972,-0.0014802882875556806,0.24091410052551823,-0.0040199308550842834,-3.265697271491628,1.191908838298794
0.010921599608239109,0.014959432965015618,0.008105457485185095,-0.0015061991004042196,0.2404299008474408,-0.025037032915109416,-3.261717530922239,1.212799732947996
0.01093732790074371,0.014956340951726077,0.008100897175274903,-0.0015319966397588432,0.23999060405838527,-0.045830712318809225,-3.257857720205973,1.2336275493043714
0.01095296146560143,0.014953071224644373,0.008096549563076124,-0.0015577405247689331,0.23958765750614622,-0.06646232340542212,-3.2540835356005897,1.2544346541485465
0.010968470019510214,0.014949607787050978,0.00809246630277668,-0.0015834015645654453,0.2392289385357478,-0.08689195330080669,-3.2504333464953987,1.2752012915144926
0.010983762342485345,0.014946056410112351,0.00808851600573423,-0.0016087753566202314,0.23890116464375707,-0.10701767908769817,-3.246823516861388,1.2957446131780606
0.011061079062156353,0.014930403187458903,0.008061626244352667,-0.0017349336321465113,0.2365643184710189,-0.20893210465324327,-3.2228186566969925,1.397021902505977
0.011045350999739445,0.014933806021679858,0.008067047743575128,-0.0017091883528534098,0.23700637328108523,-0.18826081071450282,-3.2278015248865812,1.376360084740355
0.011072134123641249,0.01494334002423895,0.008029678737305514,-0.0017414788483916565,0.23316075360015212,-0.22478061703354954,-3.1999628485882154,1.3989521646805911
0.011102764442769862,0.014935016582055306,0.00802156235906728,-0.001792440538783804,0.23263144610576195,-0.264553736080456,-3.1916567513512315,1.4400681938353144
0.011118291900474591,0.014932529864612904,0.008014036804933941,-0.001816887567632513,0.23199830562248466,-0.28477385780144043,-3.1850292893433436,1.459356651171512
0.011083698074284094,0.01495550301445274,0.007998884978741502,-0.0017491892590668027,0.2299082332670546,-0.2409115536465982,-3.1779318321648646,1.4019743258476691
0.011096905015204644,0.014949529729300078,0.007999725137668674,-0.0017728345446479787,0.23018988869404616,-0.2577504555065176,-3.177312516803843,1.421500151273045
0.010157697013682422,0.015025886319283076,0.008272019529218291,-2.595516181957249E-4,0.2671631137944088,1.0087800620214837,-3.3304346085327325,0.2066924346523462
0.010094401108462022,0.015027499627191182,0.008274545800290594,-1.5537459162915667E-4,0.2684357627709654,1.0941967202057954,-3.321203620382057,0.12289934566848017
0.010110192070196006,0.015027312781115338,0.008273757135247953,-1.8135203855690956E-4,0.26809924150035985,1.0727736266886116,-3.3235065847818412,0.14377721213120473
0.010126057171529108,0.015026991911370753,0.008273048937948379,-2.0745575078815774E-4,0.2678395041524388,1.0513212050150473,-3.3258038799357235,0.1647651642837957
0.010141914746393633,0.015026474657487946,0.008272550680613444,-2.3356266079270946E-4,0.26755920367999453,1.0299976114773972,-3.328170468402199,0.18576748454315975
0.010347161792757457,0.015016175231011605,0.008256781218257606,-5.714369190484219E-4,0.2621019848240689,0.7525801149912775,-3.346203611053713,0.45862743882059714
0.010362869917749552,0.01501513387242151,0.008254815335626902,-5.972753000869898E-4,0.2615169347718971,0.7312504605661627,-3.3465848836239274,0.4795591747518348
0.010378637270986492,0.015014186362097337,0.008252469309107864,-6.231673163195893E-4,0.26100606445220415,0.7097471335821671,-3.3466415209117124,0.5005324784566813
0.010394450247516488,0.015013134000783931,0.008250137382687166,-6.491433429558709E-4,0.26060587444159894,0.68822889359413,-3.3466450125807783,0.5215763888269837
0.010340302320475343,0.015031344705108904,0.008228467073417902,-5.565520185266162E-4,0.2581889610051727,0.7527719294318301,-3.326156523361003,0.4443979018878803
0.010229228300144758,0.015037594497781033,0.008238750544579515,-3.7490515638059866E-4,0.26114689329314106,0.9018923838481102,-3.318971614874563,0.29774933841908857
0.010324659977013489,0.01503285835823772,0.008229201412418091,-5.308564054457214E-4,0.25848208132641476,0.7734703664361571,-3.3248584974891604,0.42356521766519356
0.010245022165256643,0.015037339335582899,0.008236573511653696,-4.006485102701985E-4,0.260609936638907,0.8803512096154301,-3.3197147749383267,0.3184520819724523
0.010260988875017042,0.015037070768457882,0.008234212524197612,-4.266548878870976E-4,0.2600511503760583,0.8585634341119207,-3.320286102439012,0.33936387786088645
0.010277023018770056,0.015036378832482085,0.008232495570018846,-4.52832153506842E-4,0.2595798449770235,0.8369465626346521,-3.321230004320995,0.3604650606512769
0.010292986524430722,0.015035431253904876,0.008231115126497322,-4.7893420660850594E-4,0.2591676708970097,0.8155630121276626,-3.3223242118386125,0.3815419152336992
0.010308874812523289,0.015034262048606847,0.008230005955081459,-5.049543072260476E-4,0.2588002313096272,0.7943904699838265,-3.323526874168714,0.4025845459768986
0.010213465797045443,0.015038399101157283,0.008239651280807671,-3.4910900360475924E-4,0.26149845999861254,0.9229570447219572,-3.317297764694557,0.27694689639881576
0.0101657430154756,0.015040360431128219,0.008242224877946168,-2.7104425535879966E-4,0.26263077245577365,0.9868012873369197,-3.3117133731538213,0.21408931140308
0.0101815366187828,0.015040037592649132,0.008240905861534649,-2.968416147717103E-4,0.26217948535852137,0.965468793676333,-3.3133170492105184,0.2348231596817958
0.010197536861605645,0.01503941533801194,0.008239974031664597,-3.2300677559012975E-4,0.2617913511784979,0.9440430007984247,-3.3151421888681676,0.2558849790310445
0.010078702445249532,0.01502764397763526,0.008275233436133832,-1.2954411276089423E-4,0.2688546096984452,1.1154860951660257,-3.3187783016084986,0.10215148651382701
0.010015727338798061,0.015028158757050035,0.008276319911895326,-2.58886243533741E-5,0.27041510903255195,1.2003923582300724,-3.307240949698232,0.01908497545381989
0.010031541918195433,0.01502803736067279,0.00827630215092458,-5.192056435438187E-5,0.2700282621244566,1.1791501112617653,-3.31041461484974,0.03991999983137382
0.010047316604880686,0.015027950572257266,0.008276035074754025,-7.788558282793247E-5,0.26963818213951546,1.15787006098377,-3.3133416056889886,0.06071798778463983
0.010063033208476202,0.01502780441579979,0.008275708362038984,-1.0375525498951331E-4,0.2692673139453203,1.136667609436098,-3.3161477613410955,0.08145672289122928
0.010007769516294006,0.015042908141779264,0.008246872879348827,-1.2725509258423591E-5,0.2661117506004325,1.1981431860002865,-3.2861192336823053,0.007044323981468027
0.010858143665850396,0.014969757920704159,0.008126057956081892,-0.0014031418646779689,0.242590610844347,0.05935857425956536,-3.278136305810129,1.1298507995068905
0.010873910736139298,0.0149672286439497,0.008121143017570288,-0.001428783982101763,0.24207074815522092,0.03836679712531709,-3.2742996918403873,1.1505114273585215
0.010577260827631033,0.015011206081858236,0.008190153064310474,-9.434518554742962E-4,0.2509277874788092,0.43401146096800236,-3.319048656500797,0.7574667481066423
0.0105931643754318,0.015009388384706142,0.008187039053801628,-9.694258364157765E-4,0.250438320207424,0.412690627867306,-3.317655321924961,0.7785122115456674
0.010609068975765044,0.015007464498531242,0.008183947124611625,-9.954245020486368E-4,0.24995851728041066,0.391396992204265,-3.316207597971998,0.7995888716531213
0.010765813152689688,0.014985234613620052,0.008149936775522846,-0.001251950628376803,0.24532403223959867,0.18215550997119542,-3.2958563692668554,1.0075157104947878
0.010750086624995244,0.014987758853826397,0.00815359345047089,-0.0012261716191995103,0.24577837060295007,0.20308584486125172,-3.2983665193920153,0.9866259663973921
0.010734314904542871,0.014990033070665335,0.008157571588493064,-0.0012004299478132491,0.24628061324529363,0.2241524992262158,-3.301033064460906,0.965800674270557
0.01062492953790706,0.015005335527101343,0.00818108864884688,-0.001021422701089014,0.24951345719541185,0.3702345100222773,-3.3148495633513595,0.8206920279838384
0.010640638284934062,0.015002917727271163,0.008178674808092352,-0.0010472949336815817,0.2491311451681513,0.3493822738315617,-3.31372619267503,0.8417359075739884
0.010656166551708526,0.015000306776809963,0.008176536511787498,-0.0010729606150725929,0.24880376386439226,0.32883401389071154,-3.312724238482499,0.8626409346866302
0.010671626142354874,0.014997867932631187,0.008173919664400607,-0.0010984260158939062,0.24843476540995255,0.30828815008981664,-3.3113287162294758,0.8833497586544109
0.010687163461219019,0.014995851986489056,0.008170274204542236,-0.0011237900534355313,0.24793914765526573,0.28746125164164216,-3.3091592633141595,0.9038896262309616
0.010702823076159851,0.014994032364189303,0.008166015488194992,-0.0011492195808778473,0.24737383826614376,0.2663928141962452,-3.3065017516302064,0.9244288036537239
0.010718552886806725,0.014992114032802982,0.008161734938705355,-0.001174774505026473,0.24681601884878032,0.24526693908956423,-3.303761004909553,0.9450669701993003
0.010811929624073164,0.014976726035784767,0.008140270019772695,-0.0013280372021418822,0.24420265406886196,0.12104435641727469,-3.288854891596594,1.0693048009728032
0.010827170450883722,0.014974376529095055,0.008135851427141343,-0.0013528710070555118,0.2436903498286994,0.10070456175430809,-3.2855689716240626,1.089356305517523
0.010842555938362296,0.014972150911234848,0.008130943285175364,-0.0013778203776317343,0.2431464333190088,0.08014608332237398,-3.281880466987033,1.1094487859116702
0.010791793801467234,0.01499581175021712,0.008115495236799844,-0.0012862192693769616,0.24137422593198285,0.143261980691787,-3.271977016490212,1.03271316502293
0.010806581469338628,0.014992190141302106,0.008114018561905108,-0.0013109544681231728,0.24120089073288775,0.12407256141815844,-3.2708038434978692,1.0529084726182203
0.0107764071884471,0.014999317067998954,0.00811735403432433,-0.001260628641258362,0.24159921541240106,0.1632681107361158,-3.2733578823297775,1.011861890301091
0.01056131563601042,0.015012975928699998,0.00819319305006072,-9.17409825444041E-4,0.25141895493020155,0.45539214772983266,-3.3203210578238704,0.7363701077368469
0.010472999406336348,0.015005869037829578,0.008239869704765042,-7.785726280663292E-4,0.25847663243622754,0.5822019918158386,-3.34657622051014,0.6265269129179724
0.010488590122671773,0.015004340636219832,0.008237466217427396,-8.04248531757637E-4,0.2578869260667853,0.5611080229067875,-3.346109090597132,0.6473603343399192
0.010504238790232982,0.015002906121366412,0.008234680876163658,-8.299649550839364E-4,0.2572840377710261,0.5398488841785496,-3.345314153050903,0.6682265623569895
0.01051999458675916,0.015001500327260386,0.008231621563675622,-8.558196541130283E-4,0.2567411773054007,0.5184030656468791,-3.3442672894584073,0.6892033883919605
0.010419443081305628,0.01502646723522807,0.008216547736424733,-6.856474646114172E-4,0.25568225314392706,0.6458572215935318,-3.326076767300704,0.5486889835342402
0.010435242345428286,0.01502493551183891,0.00821472662268098,-7.115318537378408E-4,0.25527658165760103,0.6247604512989405,-3.326239169443005,0.5696722768776307
0.010450952563978065,0.015023163948054525,0.008213223576947334,-7.37339914293451E-4,0.2549199612467312,0.603887120572356,-3.326546651804167,0.5906281565084982
0.010466503156083502,0.015021233052344499,0.008211905672378103,-7.629382471944055E-4,0.2546003562233184,0.5832861532485375,-3.3269044522803024,0.61143793057215
0.010545241599407685,0.015014655543655317,0.008196274629181976,-8.91177151656571E-4,0.2519297140828425,0.4769732195444311,-3.321547609060682,0.7151317646147769
0.010529102240672267,0.015016005423001313,0.008199837678906695,-8.64943290787414E-4,0.25250789867779605,0.49878598558931114,-3.3230324189621676,0.6939383905597912
0.010403565269911628,0.015027789372998722,0.00821862277417079,-6.596878327008986E-4,0.25612994399545325,0.6671511298585248,-3.3260153633342213,0.5276753020292969
0.00987435891991841,0.014998421182633165,0.008330558437981942,2.0940068990216642E-4,0.28333815221156383,1.4160218154443778,-3.311233596988174,-0.16440569350696052
0.00988181212392815,0.015012548001736724,0.008302326128643928,1.9578184792345924E-4,0.2744205057953984,1.396146471972427,-3.2944168173137256,-0.1590875206303698
0.009858658760762437,0.014998001866155195,0.008329859255685591,2.3557952148102622E-4,0.2827793977295661,1.4373472942499899,-3.306815423151517,-0.18520511051102606
0.009866088356869048,0.015012158482803564,0.00830165256243978,2.2182562598033304E-4,0.27474419026032176,1.4173477523332743,-3.2900773375358185,-0.1798026384639871
0.009827263240783757,0.014997015310364325,0.008328216521129618,2.878665198575646E-4,0.28498691714897684,1.479874840947925,-3.2976243503438973,-0.22657793693383613
0.009818941057213338,0.015010674385384075,0.008299178894434857,2.9992259969144954E-4,0.2748573766397984,1.4808668336420425,-3.276325705671048,-0.24181772949935212
0.009842960155646504,0.01499753324023817,0.00832907847935159,2.617388587621664E-4,0.2831445849753783,1.4586437772542908,-3.302281067436325,-0.20592071494789263
0.009834658781376003,0.015011187424916375,0.008300145809426935,2.7388873696388506E-4,0.275076587532975,1.4597165386147142,-3.2810853589546825,-0.22113163449008597
0.009850369890205523,0.015011696729606727,0.008300941744781768,2.478620099577445E-4,0.27510442307646127,1.4385421271549506,-3.285648675005682,-0.20047388655728882
0.009810617533116347,0.01502475841252954,0.008270037720360156,3.1169328717945425E-4,0.27390794725417716,1.4749772369081902,-3.2552787475303657,-0.2494191077247303
0.009794800550761554,0.015024366340636823,0.008268542439980037,3.3769201390988096E-4,0.27406725845472674,1.4957779087747418,-3.2501115484267555,-0.2699329524245578
0.00977888669285086,0.015023849677742116,0.008267098571337736,3.638540489049532E-4,0.2741286225835677,1.5167574811686617,-3.244877747010085,-0.2905535035073863
0.009762927929900354,0.015023122747680332,0.008265883281193607,3.90111603080892E-4,0.2741598706136385,1.5379548714566302,-3.2397019212394222,-0.3112360058613594
0.009952387960984608,0.015028055397614511,0.008275749265408514,7.83601693186463E-5,0.27153670707510846,1.2854059518092864,-3.2933902546366203,-0.06417944667412502
0.009975679107862546,0.015043244565266846,0.00824597400014255,3.97443488703654E-5,0.2666118570261468,1.2405531096548865,-3.278843636700111,-0.034851114329289556
0.009991744620630388,0.015043310061212638,0.008246049472761903,1.3477309987516038E-5,0.2663062544406101,1.2191431452148829,-3.282274262638959,-0.013904833367171023
0.009959852981014669,0.015042834289355609,0.008246409064830554,6.562822813725232E-5,0.2669963534351909,1.2619095115234436,-3.2757263862054775,-0.0554550146802912
0.009889203061374278,0.015026994975128586,0.008274190312358919,1.8235973830737237E-4,0.2726057031448324,1.3701562392209439,-3.2777650018327136,-0.14696371091078983
0.00990495002312543,0.015027360400147753,0.008274647829185048,1.5643866011095194E-4,0.2722995311776973,1.3490284334957108,-3.2818138601635822,-0.12635812955052192
0.009920758414661881,0.015027718687950891,0.008274943120275087,1.304154873495235E-4,0.2720455908097496,1.3277627701046837,-3.285696805285791,-0.10565242824455523
0.009936594211260344,0.015027931341286362,0.008275349537034812,1.0435290361160092E-4,0.2718263477342473,1.3065460264943247,-3.2895856644531176,-0.08489940576105097
0.008817538964686684,0.014858166927964265,0.008096798285441279,0.0019707635182879763,0.2669292324900545,2.7798860997269106,-2.7254701408834863,-1.4886023018518504
0.008821756429242959,0.01487361611331279,0.008071202049374114,0.0019513100554744086,0.25987712563859694,2.7525207070665956,-2.7143911481790686,-1.476841087138235
0.008802279697245051,0.014854427471532412,0.008090564746644264,0.0019961997868067644,0.26599233571791914,2.797925511340353,-2.712641034977677,-1.505993336243361
0.00880645116155949,0.014869861007186241,0.008065071141864793,0.0019766775327008696,0.25911692427137084,2.7704552037768626,-2.7017021315207423,-1.4942084362809405
0.008589969109727747,0.014797062943977079,0.00799496413365163,0.002350021686725911,0.25253998289448537,3.0406505986639565,-2.520715609971325,-1.7417360722001562
0.008605047553236283,0.014801469324203573,0.008002307673297064,0.0023248925788530777,0.253585241675426,3.0238863799599436,-2.535152030858593,-1.7254636218667752
0.008593470081088036,0.014812729748127834,0.007970050150598902,0.0023292845981512326,0.24497900319859892,3.011908273409553,-2.5115018818725208,-1.7287091218488542
0.00866549944553118,0.014818620992578935,0.008030897934563377,0.002224124963296986,0.2586944594595472,2.955885133654828,-2.5918179683186104,-1.6593093686024103
0.00866924310425921,0.014834229496338454,0.008005725661531156,0.0022038224289480726,0.2502219719872571,2.927718430831979,-2.581937814667599,-1.6469507451406524
0.008650366081149908,0.014814404250277427,0.00802386952956525,0.0022493489538761087,0.2574988885899557,2.973020755624257,-2.577814410446495,-1.676003042872923
0.008654063467737613,0.014830037175931348,0.007998727812179496,0.0022289459977305887,0.24916760995063844,2.9447180873280434,-2.5680616749645577,-1.6634621706562764
0.008635246202199697,0.014810140026172798,0.00801676058069158,0.002274555453859117,0.25605937560833286,2.9900661955660426,-2.56369834659429,-1.692601919183763
0.008638896299665359,0.01482579429494296,0.007991655921573112,0.0022540505373091608,0.24817740527633525,2.961634831876962,-2.5540761345408174,-1.679893727124271
0.008620139971822548,0.014805828367996316,0.008009572948078544,0.002299737884638236,0.2547145289251467,3.007023502204355,-2.5494775276731083,-1.7090898744998888
0.00860860254967116,0.014817136453551477,0.007977327635155936,0.002304219201490322,0.24611781487249831,2.995235360585117,-2.5258048504867436,-1.7125144500878624
0.008623743597258404,0.01482149349628685,0.00798452461503544,0.0022791405530365257,0.2471829538759767,2.9784746450677546,-2.539992574337042,-1.6962431549008576
0.008741362845101054,0.014838990856811767,0.008064853637378536,0.0020976631527204544,0.26523857606029033,2.868976528233753,-2.6602136345123326,-1.574478689742823
0.00873018032418822,0.014850485905206497,0.00803306577294532,0.002103021879816844,0.2537868461371116,2.85873902947492,-2.6364332230067045,-1.5799346163959973
0.008756573701192634,0.014842921746160493,0.008071397840631133,0.002072339749705919,0.26493803374451386,2.851401571417235,-2.6734966488008216,-1.557460671181653
0.00874542264988776,0.014854405974568113,0.008039726799052698,0.0020778190074995546,0.254999250328571,2.841297815371657,-2.6497938244805037,-1.5629357343709847
0.008787032289485812,0.014850640095209082,0.00808425261881661,0.002021611226476083,0.2652006755003127,2.815868161642717,-2.699701003752523,-1.5232617376245428
0.008791162204764317,0.014866052852496946,0.008058872746151744,0.002002023737090731,0.25829568876869086,2.7883131151398923,-2.6889077465480864,-1.5115050776032248
0.008771796903417485,0.0148468048396387,0.008077863346278037,0.002046992341305261,0.2647837870521431,2.8336987194097656,-2.686653343857199,-1.540409092279943
0.008775896475078676,0.014862198543065365,0.008052600245912186,0.002027334254421449,0.25737037430263326,2.8060817925683312,-2.6760059483294807,-1.5287244791867476
0.008760654078832636,0.014858310808160725,0.008046231214760634,0.0020525986071036144,0.256268877415244,2.823747667655722,-2.662978849218107,-1.5458666093554954
0.008703412934387271,0.014858464164645974,0.00799411601544907,0.0021333843915730508,0.25081730832166865,2.8598984717141245,-2.60220606013687,-1.5952437874144303
0.008718792583229896,0.014862375648866532,0.008001159044586247,0.002108238869019714,0.2518735550591021,2.8428619207760186,-2.615790188803666,-1.5785377738894135
0.008688070931054817,0.01485439229424451,0.007987220486935754,0.0021585739967587433,0.24975134472042715,2.8770394637187056,-2.588616747033589,-1.611943638591443
0.00867281340456333,0.014850230409191154,0.00798038843543058,0.0021836816449143054,0.24872514496950907,2.8941277058722545,-2.575019396670155,-1.6285394823222374
0.008439984368592408,0.014750405375308931,0.00791719478584697,0.002600014857019367,0.23857750860311486,3.202558697970188,-2.370249643146882,-1.8994568209795892
0.008454915646326116,0.014755282782341356,0.007925331198973457,0.0025751068100146337,0.24075070473559648,3.1867421183699602,-2.3858045784198723,-1.8840103097723773
0.008442937772026683,0.01476620258384787,0.007892709641363481,0.0025784747814751635,0.2325494808415429,3.1729808567067406,-2.362378264418577,-1.8856092760410588
0.008469862200069999,0.014760113266848318,0.007933393093828508,0.0025501617215986597,0.24375139831833778,3.1708722828384297,-2.40128798741367,-1.8683996161684557
0.008457941875037919,0.014771088676428352,0.00790077653851516,0.0025536249516630648,0.23355338226594427,3.157316062334402,-2.3777552542352205,-1.8703794125672413
0.008484823888579553,0.014764896782867474,0.007941372295159529,0.002525204943561008,0.24634501197833925,3.1549806089566625,-2.4166591554610926,-1.8527241545892317
0.008472980995827268,0.014775883879029235,0.00790886021778925,0.002528770344763681,0.23449811029418274,3.1415842129647165,-2.393098410325125,-1.8550301167279268
0.00857490480464598,0.014792609277228726,0.00798754081848768,0.0023751303789952354,0.25132831183015175,3.0573173818045016,-2.5061634670829314,-1.7579190138221363
0.00857834882560471,0.014808277835608799,0.007962687141691675,0.0023543285106874274,0.2438206013247617,3.028483032588522,-2.4970827009973253,-1.7448200075836293
0.0085598548013954,0.014788108374602238,0.007980037031293201,0.002400221029332657,0.24982942873826097,3.0738905331357684,-2.4914974546210114,-1.774006089018874
0.008563244070333285,0.014803777603197314,0.007955249423453633,0.0023793464262293743,0.24269659016204947,3.044959654079806,-2.4825601611013397,-1.7608395201858562
0.00969983406663914,0.015019207939070628,0.008261342785595982,4.940468197339221E-4,0.2749103199763682,1.6222453489861077,-3.218643095400188,-0.39291416001117446
0.009715505885583852,0.01502013066668384,0.00826284130747039,4.682492109399135E-4,0.27466078793878196,1.6014828912000023,-3.224220468459706,-0.3726893155828306
0.009731203631014092,0.015021153328295567,0.008263965616273407,4.423815561399363E-4,0.2744076171394853,1.580487222354228,-3.229496273088373,-0.3523695617932838
0.009747010423478959,0.015022189278115466,0.008264903447847515,4.1632956213474896E-4,0.2742389242412129,1.5592666113905336,-3.2346091673608233,-0.331877221270024
0.009684099838810968,0.015018354963350777,0.008259511158289013,5.19918999745884E-4,0.2750469187824425,1.6429104227945384,-3.2127658784992015,-0.41315355508070056
0.009668301138241542,0.015017400505726017,0.008257685678968217,5.459043727101174E-4,0.275071130826338,1.6636838623217238,-3.206800584163689,-0.43344879345258996
0.009690885893453688,0.015033338277239823,0.00823114432951415,5.054685869217528E-4,0.27041955262668255,1.6175519809877004,-3.1968743554619454,-0.4026396012521222
0.009605526223081617,0.01501257517349678,0.008250692785666607,6.492943102283307E-4,0.2755130212598951,1.7466603453268152,-3.1824964938894382,-0.5139755752998232
0.009621159002499687,0.015013746291841873,0.008252764374103523,6.235718791604781E-4,0.2753498093651612,1.726162099551679,-3.1888676919644072,-0.49398992751136
0.00963679803884404,0.015015004585181435,0.008254485255321088,5.978034843620353E-4,0.2751792426884356,1.7054584544172913,-3.194948925124596,-0.47392849479017723
0.009652511749720727,0.015016257575532719,0.00825605659952786,5.719064350276901E-4,0.2750880782155269,1.684589919397878,-3.2008840885400605,-0.45373907351675813
0.00951389482992714,0.014976314074054054,0.008293713036492623,8.101722181226679E-4,0.28604007383023616,1.9005329457897393,-3.17793143384764,-0.635950243672145
0.009504692195043608,0.014989384443235066,0.008263871738447006,8.204028195415177E-4,0.27720517570496767,1.8986131164531301,-3.155459684346344,-0.6485027263951343
0.009529528446938641,0.014977816440745884,0.008296214540309706,7.841416912980474E-4,0.2846894850668898,1.8798017982838837,-3.185092950265671,-0.6159402735804309
0.009520341409508281,0.014990919290013954,0.008266402802221054,7.944784726364538E-4,0.27754676826661046,1.8780641180380668,-3.1626917293241648,-0.6285109600565343
0.009545166597241006,0.014979269682969046,0.008298636520270035,7.580788508758681E-4,0.28449840059429166,1.858974835193081,-3.1921312278662106,-0.5958094739119069
0.009536004159918982,0.014992442258718498,0.008268783996283837,7.685221471761364E-4,0.27774663723876897,1.8574540345440973,-3.169751498882395,-0.6085130210126221
0.009560809133749612,0.0149806737880534,0.008300979179715125,7.319802604427078E-4,0.28570361239056885,1.8381037449473594,-3.1990653527773136,-0.5755142583118703
0.009551694903611524,0.014993919545624249,0.008271083147805608,7.425234625822494E-4,0.2775512976052148,1.8367828128447619,-3.1766829346327508,-0.5884796165073979
0.009567409224464814,0.014995311087278538,0.008273375360353843,7.164999729849372E-4,0.2771565680296733,1.8160697936801589,-3.1835421658606964,-0.5683725897384084
0.009495443583479668,0.015002813268266697,0.008234055781126572,8.304317526339531E-4,0.27545202637260907,1.8902809877235243,-3.1342505914911913,-0.6538166119808936
0.009417006000791652,0.014994327157401927,0.008219815639265939,9.594994214169474E-4,0.2751306918759227,1.9917014179435368,-3.0961237404726645,-0.7524343610721761
0.009432716674595894,0.014996052323289565,0.008222979046858836,9.336782101978118E-4,0.27514800975592474,1.9715564738662732,-3.1041004264920313,-0.732781756013523
0.00944839718124327,0.014997860246080708,0.008225785496353942,9.078508056469676E-4,0.2751524995157872,1.9512238909613127,-3.1117781462429517,-0.7130725002978364
0.00946408608080994,0.014999641012835995,0.00822846833469972,8.82003089872038E-4,0.2752324978767944,1.9308229100093806,-3.119306026114915,-0.6933142982801751
0.009479777033748542,0.015001292936848848,0.008231226475733149,8.561834864702081E-4,0.27536202860360254,1.9104997678122386,-3.1267997770088223,-0.6735538743852482
0.009385392598763894,0.014990859515220592,0.008212893088755993,0.0010113792433730894,0.2747078107033765,2.031878703932008,-3.079518962432834,-0.7917727755188203
0.00940122120139189,0.014992650820332772,0.008216342322833628,9.853932163312784E-4,0.274978683599302,2.0117433953588506,-3.0878618097128707,-0.7720862324641633
0.009574068810581577,0.01501035367610685,0.008245714162379106,7.009626646413421E-4,0.27553361009848226,1.7874359932149815,-3.1689596505046382,-0.553991772285324
0.00959658481857348,0.01502646745503191,0.008220444067212092,6.597226663482073E-4,0.2708973878005813,1.7408733690391591,-3.160777818877667,-0.5226256581235668
0.00958084600259593,0.01502571041607495,0.008217254299269125,6.852992645787448E-4,0.2707630002687124,1.7606749865115467,-3.153619806917433,-0.5424268568741554
0.009001516484536435,0.014899288792197036,0.008165331830211947,0.0016641537722641875,0.2744931844503555,2.5576312076938033,-2.870307275894151,-1.27354255176177
0.009006310014958142,0.014914663387242342,0.008139008876102699,0.001645637516935519,0.26828794005904427,2.5315894313391527,-2.857835908920434,-1.2627452765968339
0.00898612747582548,0.014896127296621686,0.008160062304626214,0.0016898036465614306,0.27411827945682293,2.5766497112076,-2.8589147814009146,-1.2918644529448675
0.008990867732594473,0.014911464421750599,0.008133878825978125,0.0016712423061366517,0.26786147851604397,2.550431145884796,-2.846593699319738,-1.2809255236403656
0.008924672332571876,0.014882998096217483,0.00813819449642056,0.001792162268049283,0.274431078363963,2.651552360654788,-2.8121500375483737,-1.363977720895723
0.008913914393661125,0.014894934629249753,0.008106735878380478,0.001798744184007641,0.26377840177963163,2.643426697218977,-2.788393138727703,-1.371073767542196
0.008970748396413332,0.014892917446321189,0.008154714301153871,0.0017154266090830181,0.2740133748636627,2.5955480654023795,-2.847406548081198,-1.3100308835683006
0.008975449544236055,0.014908221403500921,0.008128668246956643,0.0016968093172723827,0.26719973217461157,2.569192580674812,-2.83523286058659,-1.2990573211098708
0.008940020664703167,0.014886352812552904,0.008143779777416196,0.001766608676250497,0.27388997751534183,2.632996507005753,-2.8240238484866502,-1.346051933130845
0.008929295505432778,0.014898289849910625,0.008112419504536403,0.0017732956439782332,0.2647452336686065,2.6250000986027646,-2.800345726159875,-1.3531510463365448
0.008955379406047948,0.014889659273885168,0.008149286234449795,0.001741030796838602,0.2737447092699049,2.614328842797689,-2.835773481084495,-1.328086212760425
0.008944666792191356,0.01490162925010305,0.008117949174824642,0.0017478348890665868,0.2657098858964671,2.6064827523606655,-2.8121198010004638,-1.3351762128930076
0.008960048980398604,0.014904943686695845,0.008123356577658987,0.0017223402451969694,0.26649156798028906,2.5878758693533506,-2.823740790518342,-1.3171443728444634
0.008887443473901482,0.01490392412191894,0.008069093286271416,0.0018306222201961528,0.2610150722838776,2.647493041642738,-2.7550827980999664,-1.389118630983164
0.00890296451305806,0.014907276648200372,0.008075140535628465,0.0018052019857659688,0.2618066964712196,2.6294054713056636,-2.767281631155192,-1.3714375891219852
0.008825787517179768,0.01488946449584228,0.008045411683635874,0.0019320969371464604,0.25782182830850603,2.7198271486497636,-2.705894582007946,-1.4592505601318297
0.00884115784219097,0.01489316584709993,0.008051404657867208,0.0019067829827044225,0.2586393298584438,2.7018550353669046,-2.71832934449176,-1.4418418345908677
0.008856536296920752,0.014896809361280317,0.008057332537958282,0.0018814634559063792,0.2594261374104337,2.6838233276482626,-2.7306538455915756,-1.4243681773026433
0.008871952579254872,0.01490041364879769,0.008063185250593977,0.0018560801330917314,0.2602077333290756,2.6656803028384144,-2.7428779489241464,-1.4067915524919101
0.009342266763974991,0.014956549907973094,0.008260768741991616,0.0010962442613993365,0.2833915714189952,2.1258431900547756,-3.0904676070333856,-0.8549216579064159
0.009348146282985813,0.014971453578008859,0.008233718639316946,0.001079621509377502,0.2765876360357941,2.102101489330105,-3.076005409607767,-0.8461652390718416
0.009326699183653657,0.014954459204666778,0.00825728446904291,0.0011221881922233716,0.28329538881893934,2.1460904813521875,-3.081796407402409,-0.8744183887552551
0.009332560736054644,0.01496934125507972,0.008230364609956032,0.001105454089879063,0.2764514872085891,2.1221842496008425,-3.0674591219683944,-0.8656116781733735
0.00929558363336138,0.014950131067195255,0.008250077331662399,0.0011740011134058184,0.28505607185019133,2.186290800714391,-3.064076263518578,-0.913129301857721
0.009285839354416686,0.01496279096273686,0.008219659769594075,0.0011828654405438381,0.27509504495116466,2.182178747795112,-3.0409556659449453,-0.9238511035912476
0.009311138089096707,0.014952319584569097,0.008253721061478154,0.0011481042162021465,0.28399438485714024,2.166238903841342,-3.0730040103260845,-0.8937948329864817
0.009301417965635488,0.014964992681959685,0.00822337245581281,0.0011570689767447138,0.2756122496871933,2.162233527947365,-3.04996320387653,-0.9044521050206821
0.009316988642868746,0.014967180114459537,0.008226931931686,0.0011312672471432436,0.2761478892798135,2.1422318542589895,-3.058791820060995,-0.8850362213731934
0.009151272213266644,0.014956003903949659,0.008156662672495889,0.0013968349625184636,0.270643059168672,2.3283265794251986,-2.9435510725722493,-1.0791309285856425
0.009166869179863089,0.01495867609630317,0.008160990677684889,0.0013711540422738611,0.27100847323912197,2.3088880014984006,-2.9535018951125935,-1.060298048083699
0.009182469326001419,0.01496125257466699,0.008165325079433213,0.0013454953378667861,0.2714309810338798,2.289474017975372,-2.9633715985220217,-1.0414460110437178
0.009198050756323553,0.014963718810011212,0.008169681685523273,0.0013198990952540993,0.2718147539679665,2.270124429965134,-2.9731628483889363,-1.0226019703045528
0.009213613207068328,0.014966210884393158,0.00817379751160781,0.001294286888731999,0.2720890976981632,2.2506231349793073,-2.982735679842291,-1.003684567687314
0.009229175115529956,0.014968758189900455,0.008177625806756848,0.0012686170408993302,0.27233788403651177,2.2309137494977755,-2.9920701964345393,-0.9846634176008212
0.00924476792712752,0.014971253737677477,0.008181391491717633,0.0012429031337695873,0.2726460735558675,2.211136630665024,-3.001301458202929,-0.9655684368846026
0.009260403057213533,0.014973611177068266,0.008185268771976457,0.0012171724403197152,0.2730046980216683,2.191411977333282,-3.0105296702499142,-0.9464338362516574
0.009276044119014882,0.014975817497882305,0.008189263446816697,0.0011914842975887477,0.2733378564231068,2.17179002331145,-3.0197441898063317,-0.9273018593558987
0.009369613183165523,0.014988873560786514,0.008209665662057197,0.001037348550024299,0.27444275030706006,2.052128250045992,-3.0712408912347358,-0.8114294871330693
0.009353932550676415,0.014986768441487787,0.008206535412177298,0.0010631940944137103,0.2742315572983541,2.0723352381143028,-3.0629752945866033,-0.8309673367191968
0.00913567133773069,0.014953358337243046,0.00815209994453322,0.0014224743442311065,0.2702845371656571,2.347595356929095,-2.9333899514089894,-1.0978724442084593
0.009057797244222971,0.014939299228763553,0.008128257483171393,0.0015505008203172905,0.26799707023011615,2.4431470470237446,-2.880881192622977,-1.1907135497327823
0.009042205575771485,0.014936550568760582,0.008122815359087572,0.0015759815658238812,0.2674281026255642,2.4617441950882113,-2.869776226709417,-1.208992986799413
0.0090109665558622,0.014930597286905987,0.008112219904505726,0.0016272205059465774,0.2660464665902036,2.4993102425501696,-2.847432820804847,-1.2456412050251908
0.009026580286764308,0.014933674113588204,0.008117413399933888,0.001601559384392347,0.2667510672647211,2.4804352258947606,-2.858592144254255,-1.2272988659064359
0.009073355317822085,0.014942029078701978,0.008133532631065891,0.0015250432321584047,0.2684331250842856,2.4244589422541076,-2.891804886938786,-1.1723825035216253
0.009088880625239508,0.014944916472466206,0.008138304528480767,0.001499495191180364,0.26880144462844097,2.405397783957318,-2.9023705552577828,-1.15389350361561
0.009104423166280797,0.014947899345983359,0.008142724471309147,0.0014738282308817,0.2692502673897938,2.3860352529618645,-2.9126748936194633,-1.1352493409652025
0.009120039010628075,0.014950712366475112,0.008147337024636778,0.0014481281271381222,0.2698017461133511,2.366755770876097,-2.923029161517075,-1.1165600659510295
0.00495528101803502,0.010396722155614537,6.475029411556686E-4,0.008235713649338143,0.053472641620652565,0.40081758589791977,2.5674820527971707,0.32698303023271436
0.004955435204387132,0.010364383111247722,5.952729826579035E-4,0.008242902476626802,0.06426586290973722,0.36766385764808285,2.5701869265356816,0.36221149687375315
0.0049546067218225265,0.010380287047947804,6.208143354796519E-4,0.008238559064362617,0.058859029098928616,0.38381240822046975,2.5683154976267555,0.3446990535227194
0.004942729275027289,0.010356655795139084,5.801853227121994E-4,0.008229600986012798,0.06536265355351674,0.35703358286731,2.5607334937359143,0.36757139027670827
0.0049335332963282115,0.010312439574799773,5.071578388921443E-4,0.008227247383410166,0.07882034114106778,0.30979266101603775,2.5562050463697434,0.41338863040784884
0.004935965487700987,0.010328355007000195,5.332522526327641E-4,0.008227196517044769,0.07389204733573511,0.3266081522968423,2.5572316644766135,0.3966868200629525
0.004939481136748189,0.010343479056418236,5.582987025363613E-4,0.008228422530194526,0.06933270785897282,0.3428426213559031,2.559065521266104,0.38110714275431384
-0.005052106327402138,0.010719964030119584,-0.0011998851163115235,0.008246352668960047,-0.046921579861440944,0.7585237556172671,-2.5954860430107036,-0.006398504115181992
-0.005049868932804746,0.010704416366638625,-0.0011739935067579994,0.008250078625182284,-0.040726154583197484,0.742070355621407,-2.5968719444375306,0.01003546039015972
-0.005037217877743053,0.010714259023995204,-0.001184552211088685,0.008230776738474442,-0.048494155013625424,0.7441932604361413,-2.586064824059847,0.00128794101531861
-0.005045540795333225,0.010673300816346347,-0.0011221628232270695,0.008257288151110199,-0.029520072176209316,0.7090798954812111,-2.59944933779648,0.042887934270224075
-0.005030694026957779,0.010667473114351225,-0.00110696264010691,0.008241659041882904,-0.033803661357514427,0.6943247738725318,-2.590056823553613,0.05074882978922019
-0.005047680415430901,0.010688861910903295,-0.0011480888060760885,0.00825372340058259,-0.03486969284312148,0.7256020844028791,-2.5981855655067325,0.026454786782251615
-0.0050350139285224894,0.010698675611219488,-0.0011587157283754208,0.008234505652095122,-0.043732914840147276,0.7275774234743385,-2.587452457996948,0.01774101654726963
-0.005032834597705086,0.010683080583848462,-0.0011328507133872877,0.00823812778561686,-0.038831160170979824,0.7109462357127118,-2.5887829468011176,0.034231188721504484
-0.005071762475906216,0.010844082286340592,-0.0014067477233019258,0.008213593286342195,-0.08691792884365344,0.8913881978875245,-2.582570725921687,-0.13717430191631766
-0.005059259813044214,0.01085417554441008,-0.0014164904331894041,0.008193544276218353,-0.09257134938150864,0.8941763972899021,-2.571283946616193,-0.14606153935381472
-0.005074438771579878,0.010859561856462025,-0.001432571069052247,0.00820912867737392,-0.09077494056857249,0.90817835473476,-2.5806747604617977,-0.15351996531389883
-0.005069134851839915,0.010828594527293183,-0.0013809261235937103,0.008217974131629497,-0.08234001452117093,0.8747280661931921,-2.584393154049525,-0.12082144194264362
-0.005056638312246715,0.010838648214161853,-0.001390767670632811,0.008198038231789525,-0.08755265264691148,0.8775097988470165,-2.5731359735640766,-0.12977634034450936
-0.0050567276653341415,0.01075103836475052,-0.0012517049135977374,0.008238645967775996,-0.05593732169143149,0.791720636715242,-2.592498257820377,-0.03929295575298168
-0.005054392578627048,0.010735504747544684,-0.0012257867679686995,0.008242542132906094,-0.052180540601137276,0.7750562503317249,-2.5940213765339055,-0.02285445137762351
-0.0050417183105959705,0.01074544748044167,-0.0012362264035974367,0.008222994865744888,-0.05849674695818618,0.7773853065144976,-2.5831124345824104,-0.03157452520675174
-0.005039442634953001,0.010729847052043,-0.001210381506959927,0.00822692999904874,-0.05332744655837745,0.7607855166485109,-2.5846155251363783,-0.015142313420209963
0.0051170019037825145,0.011075327667428126,0.0017921836864854043,0.008138189755974776,-0.15416870744466574,1.1444553735839105,2.549098167283524,-0.38012847082144924
0.005120404840570064,0.011090665429940793,0.0018177360682908074,0.008132520608372835,-0.15901646939363198,1.1613485757231639,2.54646024061721,-0.39619468838994404
0.005105110324439474,0.011086005249935109,0.0018008586918030808,0.008117131638259988,-0.1613233164826409,1.1470409543004683,2.5371322062721693,-0.3891761184836835
0.005123855962596771,0.01110599246222428,0.0018432617824667528,0.008126773124746174,-0.16437284429669527,1.1782202238504815,2.5437503873671603,-0.4122684756419857
0.005108536874409028,0.011101354843183893,0.0018263013817752301,0.008111385719560675,-0.16538486765720994,1.1640263712328254,2.5343863770354247,-0.4052595589281447
0.005101715518897239,0.011070633906088005,0.001775372966732184,0.008122785725226614,-0.1570131723382497,1.1300523171607157,2.5398215354262788,-0.37306317611355744
0.005113647187447097,0.011059979335296835,0.0017665958958383145,0.008143782465206573,-0.15022002086763547,1.127527039565398,2.5516862761165746,-0.36403704566284095
0.005098377615499381,0.01105523236431012,0.0017498470542763745,0.008128380099686744,-0.15251465846668955,1.113086739360474,2.5424634299794495,-0.35692837219934925
0.0051103407261148285,0.011044620593952052,0.0017409868240929477,0.008149295609864817,-0.14631140944951154,1.110613146489871,2.5542297883189753,-0.34790957683818263
0.005097598098896989,0.010983084736969085,0.0016384776389872541,0.00817052317542595,-0.12619706927483668,1.0433063183626716,2.5637638705602077,-0.2833462485339211
0.005082419350510617,0.010978116421516547,0.0016220167521186198,0.008155113102208495,-0.1308442695168963,1.0285359942426926,2.5547605900327626,-0.27613277744494474
0.005107082553678812,0.01102925160358667,0.001715369784912342,0.008154726328037383,-0.1418536031499117,1.0937464912754304,2.556716380032704,-0.33175966726482203
0.005095102688291493,0.011039808982157104,0.0017242947648586175,0.00813391581399594,-0.14804488080268088,1.096148515062062,2.5450532362314857,-0.3407829109077635
0.005100711207802963,0.010998483515463568,0.0016641155748608168,0.008165339962788055,-0.13184181919783497,1.0601200196842262,2.5614799328981777,-0.29946450837670296
0.0050855518090207824,0.0109935340927437,0.0016476011477043675,0.008149983685513782,-0.13509291038393892,1.0454347221097853,2.5524435012891593,-0.2923182605673034
0.0051038727033783145,0.011013872524174524,0.0016897455246711322,0.008160074523489458,-0.13705978270161107,1.0769204872716875,2.559133635284515,-0.315605532534756
0.005091879814642039,0.011024378763828155,0.0016987308390276022,0.008139371838520926,-0.14365298692194076,1.0792303157137673,2.547582642101153,-0.32463396748967827
0.005088700460419448,0.01100895270020819,0.00167316698260844,0.008144732793064982,-0.139321632136624,1.0623292541571911,2.550048571527381,-0.3084816524456557
0.005089474492652726,0.011081413613544094,0.0017841459515442256,0.008101987239225852,-0.15660384655008516,1.1393459318749348,2.52503806259755,-0.38776101289804293
0.005060467664488732,0.010942295227534078,0.001554556913577015,0.00814953056803716,-0.11652397079114622,0.9874579969212453,2.547067358780511,-0.24248117136122874
0.00506361556935075,0.010957809296315619,0.001580224322066547,0.00814470247784018,-0.12110580949195172,1.0043200234205312,2.54494423185858,-0.25866955513861084
0.005066843246143024,0.010973254771215551,0.0016058055201461435,0.008139861935785251,-0.125666949146334,1.0211404934705042,2.542808453060467,-0.2747751939824423
0.005057395390372134,0.010926709661890707,0.0015287955796170693,0.008154341136160677,-0.11193062797871402,0.9705496952420384,2.5491750764675167,-0.22620619147132137
0.0050493688523262845,0.010879839759830897,0.0014517963272874578,0.00816935395262266,-0.09824289932573205,0.9200237960757548,2.5559260651506954,-0.17702875054206213
0.005051821700585115,0.010895346926909013,0.0014771982199898533,0.008164294201584689,-0.10290848453361061,0.9366948034086974,2.55362564376804,-0.1933466983729976
0.005054436951694749,0.010911029916449542,0.0015029238761652373,0.00815918940651812,-0.10741250058316432,0.9535815344650139,2.5513061880129,-0.2098122735557358
0.005034196256433214,0.010874599451904275,0.0014359798197716067,0.008154221850770714,-0.09650864758327109,0.9099672944964423,2.545281780884737,-0.17361408541726406
0.005027596756909047,0.010843477154365892,0.001384329158460509,0.00816188102010909,-0.08715530409684254,0.876215339235725,2.54822541078815,-0.14125426206089717
0.005030752996581436,0.010859376309837866,0.001410616315549613,0.008157788433838279,-0.09194916254234568,0.8933885818199457,2.5465974547210872,-0.1578156287691919
0.005024961732120163,0.01082747644831619,0.001358115679117528,0.008166483621687341,-0.08229857384495537,0.8590958557973077,2.550196543893222,-0.12450048524769552
0.005022545157856658,0.01081163159620041,0.0013322216445750433,0.008171119328327625,-0.07747648991202921,0.8422044149529732,2.5522046452765648,-0.10787772597256172
0.005020231261327788,0.01079590812759743,0.0013065363118354753,0.008175672699453572,-0.07265731141702252,0.8254697024160077,2.554166825115026,-0.09136498913137649
0.005018081409609783,0.010780340937873847,0.0012811406014767762,0.008180203550261405,-0.06787095388445057,0.8089447277988316,2.556124972416336,-0.07499066119243981
0.00501587139293879,0.010764929068188836,0.0012559334223876725,0.00818445314729816,-0.06310538038846757,0.7925631256101724,2.557901701660193,-0.058789292367862865
0.0050004875926914,0.010759309217315029,0.0012403815006792702,0.00816888105064383,-0.0613334234911384,0.7828383907061985,2.5469451181050276,-0.05554820835064309
0.005007832192530662,0.010718418862384798,0.001179150253471376,0.008194821996326193,-0.04865732056386294,0.742792360608065,2.561622476166885,-0.01014333225896451
0.004997105866762343,0.01074430142865629,0.0012154049516162194,0.008171393200896028,-0.05673090464450283,0.7666070801577519,2.547595177310793,-0.040027045860422224
0.004993787073712203,0.010728743441513785,0.0011895908683319445,0.0081740766226463,-0.05194994310601179,0.7498435999010483,2.5483279038279143,-0.023909845124212667
0.005002328978840543,0.010671182804568151,0.001102077214721518,0.008207184985867628,-0.033720645796001536,0.6929990284191098,2.566672031507976,0.039768435199156286
0.005003955575608795,0.010686785903183733,0.0011274885182481211,0.00820301987293747,-0.03867279313200849,0.709398157891866,2.564950362845314,0.02323731767650331
0.005005567608198882,0.01070256094176548,0.00115313579694007,0.00819862703425433,-0.04367056921614026,0.7259659293929949,2.563085120354302,0.006528267503888552
0.004975893602246444,0.010602827811839964,9.83774270750292E-4,0.008201102443242651,-0.012647596761160033,0.6166065817539556,2.557934980845596,0.1082645330023505
0.004978101170831125,0.010618814390740569,0.0010099395028357197,0.008198107076224178,-0.017681265161304194,0.6334887139147303,2.556999159820472,0.0914662169424436
0.004980713998454213,0.010634654343038721,0.001036005362204655,0.008195491255694244,-0.022647487138746394,0.6503232031273941,2.5563134309279363,0.07490928555317396
0.004983835120302397,0.010650182367984562,0.0010617588134008147,0.008193440644206839,-0.027494887764122598,0.6669714422328542,2.555990881758874,0.05878659715532745
0.00498700277981805,0.010665258900671078,0.00108681659698172,0.008191475715391265,-0.032195272728515044,0.6831828364470763,2.5556988596197177,0.043152282289801946
0.004973937721603163,0.010586687608474475,9.574359929808195E-4,0.008204296460492864,-0.007544473753212333,0.5996279387090322,2.5589983328092543,0.125285718037117
0.004939098123220528,0.01040628686819257,6.591915168764644E-4,0.008214590920235175,0.048630388782154484,0.4071025649555961,2.5539106448621887,0.3128367585667702
0.004939985245244536,0.010422355551577356,6.851486123380866E-4,0.008211842399612215,0.04346416670742656,0.4237374190414874,2.553124475879917,0.2956344414261332
0.004972033456771061,0.010554157838084438,9.049443183734189E-4,0.008212665220698733,0.002897041767838822,0.5658760283689538,2.562437168664252,0.16004286019887592
0.004972342616253557,0.010570229702453726,9.306908406382774E-4,0.008207866563530522,-0.0023143630599539544,0.5824068095456897,2.560294234812181,0.1427326811403943
0.004959228750311081,0.010547048598259843,8.895857578162193E-4,0.008199914071294808,0.004433213964685947,0.5555987180188153,2.5534047544455434,0.16505025760781192
0.0049408930541329004,0.010438430470237901,7.11099267336324E-4,0.008208969040791584,0.03830557363161147,0.44037865787943536,2.5522558819152135,0.27844070563745177
0.00494196256412195,0.010454587433269817,7.37200116996359E-4,0.008206115431577106,0.033140843813960125,0.45713653991457565,2.5514075176275473,0.2612037473563434
0.004943388285616586,0.01047083260384382,7.635158493816339E-4,0.008203504438174638,0.02798427610549958,0.47406213403876224,2.550730483031522,0.24395877930938273
0.004955392704583443,0.010534092873058586,8.677836666579377E-4,0.008199424601163156,0.00837666700161042,0.5414612647477345,2.5522101017117085,0.178228080374816
0.004945347404655172,0.01048708929065748,7.899813497855526E-4,0.008201361388907778,0.02287122318743395,0.4911192815249695,2.5503715194428485,0.22682452687202662
0.004947961638852207,0.010503207842528617,8.164064472163092E-4,0.008199870678882547,0.017851847820294614,0.5081860438839363,2.5504446386376363,0.20998451530954707
0.004951318415921559,0.010518997262914826,8.425300415062189E-4,0.008199194699603417,0.012987131085246613,0.5250913025567755,2.5510456804406925,0.19365834046657418
0.005127355233983758,0.01112130860346941,0.001868782292481677,0.008120942475748362,-0.1690554787705533,1.1951493372759745,2.5409496736610517,-0.42836938673755615
0.005111985293670393,0.01111670021195483,0.0018517179440334659,0.008105526789367734,-0.1694426137989464,1.1809905458237377,2.531575489596603,-0.4213173834222527
0.00513090261818238,0.011136613692675218,0.0018943024369609256,0.008115027506123888,-0.17276011009776956,1.2121893791225815,2.5380575531734904,-0.44448342622240117
0.005115477741235984,0.011132052278182198,0.0018771363754798082,0.008099571885205525,-0.17371276410366462,1.1979528534459087,2.528705798074892,-0.43736586249993065
0.005134498077970416,0.01115190756865576,0.0019198074503982696,0.00810903156278956,-0.17628065317546956,1.2293182949444552,2.5350859026288215,-0.4605840959949481
0.005119040576959688,0.011147409820023981,0.001902572779754412,0.00809354997841546,-0.17810136197365523,1.2149476101619403,2.5257893820506787,-0.4534199914816149
0.005138141575448354,0.01116719007004694,0.0019452881831341898,0.008102956736941001,-0.1800928161810363,1.2464936593013505,2.5320466011743687,-0.4766600180832599
0.0051226748513640225,0.011162766221855809,0.0019280199253716406,0.008087466015652474,-0.18240718375684392,1.2319860852594173,2.522825228182679,-0.46948309521604986
0.005141833072035735,0.011182461035313318,0.0019707510373558387,0.008096801489231061,-0.18371209446972836,1.2637073998459776,2.5289512784406982,-0.4927096845564635
0.0051263682934183956,0.011178114889886468,0.0019534603384245707,0.008081310873530796,-0.18663597709429258,1.249057282102669,2.519801276871609,-0.4855491841093058
0.005145572528467586,0.01119772030275495,0.0019961968193892895,0.008090565645662061,-0.18704485202858334,1.2809501728481791,2.525815964315433,-0.5087258316083074
0.005130121772755117,0.01119344627943182,0.001978880644919537,0.00807509198731208,-0.19087696335995277,1.266158886051769,2.51671303353616,-0.5016103778352824
0.005149359904790919,0.011212967710514188,0.0020216162221308328,0.008084251534349735,-0.19063313028779125,1.2981786422243893,2.5226590344697963,-0.5247015049600366
0.005133939371356557,0.011208753802033433,0.002004275041441611,0.00806881828657549,-0.19504077914176107,1.28330212235387,2.5135589485398317,-0.517664085505331
0.0052398867331516835,0.011530137799930005,0.002550180909134326,0.007933387292304969,-0.26658452663933596,1.6615283907273082,2.440755841456687,-0.8583954422912433
0.005244717217658645,0.011545084353673888,0.0025750745311200946,0.007925342042377992,-0.27059883248899314,1.678907639938214,2.436087693345656,-0.8741671451096407
0.00522905958754254,0.011541861733196962,0.0025562548747535894,0.007909919724606307,-0.27164722251153645,1.6634504550814315,2.426525421336247,-0.8671388563148522
0.005249594624691071,0.011560015631407591,0.0025999641301479403,0.007917211666868974,-0.27336519619855354,1.6963484327504619,2.4313166708574854,-0.889950288329005
0.00523389605722586,0.011556837628416125,0.002581037593964565,0.007901758897414094,-0.2744967865509043,1.6808512855027817,2.4217036510581784,-0.8828641424140012
0.005254518907788254,0.011574931491672196,0.0026248372058191257,0.007909000220089118,-0.2753938550432173,1.7138548113701928,2.4264579584071293,-0.9057167600847477
0.005238791046921171,0.011571804930131234,0.0026058115771853394,0.007893526089521987,-0.2775956800513068,1.6982654134546242,2.4168067412535286,-0.8985812488571275
0.00524375798297112,0.011586753883330837,0.002630579173318701,0.007885244284487164,-0.28055000739673647,1.7157206669101372,2.4118504885294203,-0.9142928586675337
0.005235103217132526,0.011515176111420448,0.002525262286859299,0.007941354221889966,-0.26276172418594024,1.644126683413554,2.4453351292650702,-0.842634169716034
0.005224246424631111,0.011526880012457337,0.0025314362791617495,0.00791796878098172,-0.2688957085206248,1.6460274233579077,2.4312555863747733,-0.8513927777309772
0.0052303667150690415,0.011500199429168908,0.00250030689998575,0.007949246575024613,-0.25960016140020586,1.6266693749407724,2.4498536087225204,-0.8268617411051785
0.005219454756624616,0.011511879324231271,0.002506565438517908,0.007925915631499721,-0.2659473279222903,1.628590997151621,2.4359010111758814,-0.8356177353095768
0.005211891625397759,0.0114401451986046,0.002400188068207881,0.007980047269343465,-0.2484511594382306,1.5567101952019602,2.467392867095696,-0.7634808940062748
0.005216439712524502,0.011455180736571003,0.0024252501095194654,0.007972466137107262,-0.25141042774828853,1.574146127835246,2.463118047367221,-0.7793622123040596
0.005200749200991782,0.011451594643635614,0.002406654395947044,0.007957016350428066,-0.2527312540403315,1.5590207850619515,2.4536975178229135,-0.7723368148840496
0.005221034932232109,0.011470201646392161,0.002450300165265726,0.007964802764016345,-0.2538222700096419,1.5916544278921492,2.458753421649698,-0.7952307366484951
0.0052053316782165095,0.011466691313739168,0.002431653753937083,0.007949332360063755,-0.256185683008659,1.576351790983577,2.4493601932889835,-0.7881551659356197
0.0052256772719385955,0.011485207893971856,0.0024753195878235183,0.007957062758318527,-0.25658946489599826,1.6091737006477311,2.454326794006433,-0.8110634340014156
0.005209987605452208,0.011481780505873335,0.0024566600256944442,0.007941591235596112,-0.25958650328126714,1.5937378597520766,2.444953462163326,-0.8039859950402503
0.0052146994365927625,0.011496846203770936,0.002481638159037312,0.007933787370507511,-0.2628232718885048,1.6111580359014817,2.440468204942207,-0.8198125887763181
0.005290297410190857,0.011678898899739066,0.0027981158700554226,0.007849369628055384,-0.29465637070094064,1.8367824273108717,2.390031601356917,-1.0155975740965733
0.005274554776578074,0.011676172798062087,0.0027787073163772096,0.00783387304723291,-0.2967603657386244,1.8206596857980875,2.380415136663784,-1.0083499042813087
0.005295594968187607,0.011693686304088874,0.0028227658629159575,0.007840538738752173,-0.29678158865066284,1.8543404893092823,2.384548738179725,-1.0312231074804028
0.005279838738968316,0.011691005307358367,0.0028032705592078255,0.00782503931229715,-0.2992093620820307,1.838174169031509,2.3748578995984495,-1.0239644308071896
0.005300938961069021,0.011708457009234034,0.0028473879550218145,0.007831630568448603,-0.2988009241802886,1.8718958936568333,2.379007505836676,-1.0468200065753368
0.005285178054830708,0.011705813835185978,0.0028278045196796337,0.00781614502167239,-0.3017656027223412,1.8557025834985026,2.369213461268069,-1.0395589506959622
0.005232673239802026,0.011598679229719668,0.0026362072533224427,0.007861672569504952,-0.2781751702428025,1.723554029286588,2.393008366710676,-0.927754784750851
0.005237633744745355,0.01161366451169736,0.0026607883467254056,0.007853111885140455,-0.2809784865458793,1.7409186752715684,2.3877491031241687,-0.9434175519190565
0.005242624434664791,0.011628712161267282,0.002685426249892743,0.007844379833180247,-0.2836312875332823,1.7583515193700008,2.3823405820840353,-0.9591384970392948
0.00524782090068767,0.011643745397210211,0.0027101898009166043,0.007835746083857129,-0.2862027038853146,1.7758614857912616,2.376998818797725,-0.9748386465995459
0.005253165824711113,0.011658683840262517,0.002734923452776891,0.007827223292597328,-0.2888231622178022,1.7933515452086513,2.3717235822986105,-0.9904439511960698
0.005258478627846873,0.011673559963535016,0.0027594949645619103,0.007818578490360615,-0.2914702067161288,1.810766995506112,2.366321945704447,-1.0059887188372179
0.0056803812644671365,0.012518113178479765,0.00419681939446273,0.00719921954819648,-0.34864390446476046,2.8588347008919315,1.896632315938227,-1.893100877360453
0.005688313429008118,0.012531671170102518,0.004219413571977825,0.007186000706645474,-0.347864029142052,2.8753815013967547,1.8850186739592623,-1.9066749464986887
0.005672248570532014,0.012531953167937954,0.004195170948743931,0.007170736139282762,-0.353484344808527,2.8526839233429215,1.8767942463831224,-1.8959276267083742
0.007928123681040955,0.014550530575541353,0.007584091005962197,0.003453058969967601,0.17826245013386785,3.6777766338497617,-1.7659863127976916,-2.3667782431024023
0.007915207149493791,0.01455993768099309,0.007551288827705004,0.0034524669976744612,0.16775549183701968,3.657364085637479,-1.7449732527865207,-2.3629247123413735
0.00791383775538694,0.014543999019492741,0.007573201050963661,0.0034768776087182496,0.175428483319875,3.688923876272591,-1.7471537760821991,-2.377961038261898
0.007900898412223942,0.01455337117364232,0.0075403968359462935,0.003476153737479199,0.1656876727188988,3.6684137893145583,-1.7262193987377514,-2.3740245436541643
0.00789957242995771,0.014537422618955197,0.007562237244953654,0.003500660142526554,0.1726816359152936,3.699959195410829,-1.728242700930588,-2.3890221035319144
0.007886618132121015,0.014546746693384245,0.007529458936400088,0.0034998181328431657,0.1634082540587426,3.679338000851429,-1.7074065435160437,-2.38499302667373
0.0078853278497963,0.014530801440932151,0.00755120915774334,0.0035243858572810267,0.1711855303548616,3.7108587007181044,-1.7092821195789138,-2.3999362345809456
0.00787235886050683,0.014540101202244327,0.007518412521908865,0.0035234169930604656,0.1608212544976908,3.6900676388759606,-1.6884958068711022,-2.395816129057318
0.007871104159928416,0.01452413555302291,0.007540111452173659,0.0035480662669471713,0.17023629972041268,3.721581597086352,-1.6902463850598923,-2.4107497251442473
0.007858109085996571,0.01453344986369356,0.0075072229943969485,0.0035469369513594974,0.15828911198179033,3.7005806920287134,-1.6694749264814093,-2.4064838084953415
0.00785690150535659,0.014517425023423979,0.007528929622217175,0.0035717322408563034,0.16805296873283693,3.7321324173676325,-1.671091332169879,-2.4215176394982834
0.007843867637331595,0.01452675633573227,0.007495941237211603,0.0035704270362201906,0.15612429521096446,3.71094797618157,-1.650378139177244,-2.4170081623792714
0.007842720031054358,0.014510669920930357,0.0075176604743780046,0.0035953903262109315,0.1644837020089596,3.7425664393612634,-1.6518195404022544,-2.432222357910621
0.007829639439004596,0.014519976425705511,0.0074846339211545815,0.00359394577298543,0.15417141999641082,3.721242307057375,-1.6312351238241172,-2.427413436133929
0.00782855988196046,0.014503870314936747,0.007506313799898012,0.0036190197642067892,0.16079426196942773,3.7529225739757965,-1.632471302685983,-2.4427933411977776
0.007815429060403702,0.014513103799496404,0.007473313324142372,0.003617500518507759,0.15214658434349992,3.731466211815183,-1.6120462205969155,-2.437713008478513
0.007814421202973038,0.01449702627543871,0.007494898020975798,0.0036426029572432356,0.15768140669617203,3.7631855441022934,-1.6130754911316563,-2.453173891420076
0.007801242296235618,0.014506159628802182,0.007461956719931701,0.0036410575159994975,0.149931563166716,3.7415831723831654,-1.592802221803231,-2.4479051132340803
0.007800304138943855,0.014490137873033795,0.007483416177068321,0.0036661337578805246,0.15528595660710282,3.773314315976299,-1.5936402761815398,-2.4633466972444684
0.013517907696056418,0.01375704343202193,0.005863284204605639,-0.005490016258763455,0.24133243321698752,-2.585425216850281,-0.7700893329962094,3.7163150514269208
0.013496597634349503,0.013773104909554246,0.0058955986798721405,-0.005463466448394161,0.24083122499747736,-2.579351777879896,-0.8037524275330953,3.712426647745073
0.013324956633776947,0.013966370552151898,0.006112429026240751,-0.005123710168369049,0.22501812894294052,-2.4603895497728936,-1.087053789792389,3.5627063124658043
0.013343084074164282,0.013942120958439688,0.006093365873089208,-0.0051672019233845725,0.22732402989961087,-2.47765196730297,-1.0576132023254965,3.5862666063974458
0.013481108492935401,0.013794870349337936,0.005915219315515123,-0.005426039566965982,0.23864536286196478,-2.566653264509115,-0.8321174216438681,3.6945529522074305
0.013465642252760968,0.01380783015443382,0.005937699826972605,-0.005404010028524683,0.23813436666247703,-2.5605934797691123,-0.8568099954515548,3.689026185402831
0.013364251164224968,0.01392058352080202,0.006067102406814906,-0.005205961174210503,0.22900814422100854,-2.491874669577257,-1.0243749052708357,3.6032004889108618
0.013384387463847116,0.01389980299155246,0.006041760836293411,-0.0052430537851232695,0.23047672167959318,-2.5051774128948137,-0.9923601331502433,3.619123600338401
0.013399919074410321,0.013875298686001635,0.006025651219931649,-0.00528632914009186,0.23319943258039164,-2.5219438997397225,-0.9648677911220727,3.643481999836021
0.013454341659861254,0.013826158331585753,0.005950530151679833,-0.005372151223092828,0.23610661237037506,-2.5489946105171266,-0.878063360812096,3.6718956169651986
0.013442541542973635,0.013851681187661072,0.00596098684241785,-0.005327631595611597,0.23310586166309785,-2.531631533139113,-0.9021314666276977,3.6445322982418547
0.01342897783818293,0.01387627245707497,0.005974387309441162,-0.0052847942194054085,0.230193767066427,-2.515139364496227,-0.9276500902811363,3.619563319839113
0.013703438007025413,0.013559929838828911,0.005580154582644791,-0.005805138646105438,0.25450382723623627,-2.658366325385224,-0.441940548149298,3.8006657410970317
0.013683589667920397,0.013575159835954339,0.0056132150141103695,-0.005783472329776835,0.25419046242967264,-2.6569880604478366,-0.4742967827218446,3.8024276979416247
0.013666928630224841,0.013592509036804618,0.005639990222928105,-0.005756842039818724,0.25316377623568087,-2.652177971979316,-0.5042303251479572,3.7972702601865573
0.013634492380645027,0.013620581123700508,0.005692510458881888,-0.00571438228767785,0.2520407062361452,-2.6459682397745614,-0.5590665138332844,3.7937589845672397
0.01367282530769331,0.01361266850247303,0.005625792004742545,-0.005719492346072901,0.24917707876842493,-2.6349711993638048,-0.5088650812562284,3.7635162650751766
0.013662069563544205,0.0136292878049836,0.005641640600293043,-0.005692604590208706,0.2474807947672523,-2.6277166866181507,-0.5308818931444623,3.7525364999950725
0.013583751699713736,0.0136681421984228,0.00577219384866525,-0.005639374900997762,0.24951447016874723,-2.630914388066998,-0.6463297587762283,3.779810840092554
0.013575354216451278,0.013686007873564717,0.005782483666431168,-0.005608862293721247,0.247321602829892,-2.6204985275463026,-0.6656556427006177,3.762900144422544
0.01360080699645031,0.01365822681930601,0.005744183118597011,-0.005654001411719231,0.24928786544022777,-2.631759781203528,-0.6201828739515363,3.7764006915578077
0.013619663091948092,0.013641693974335954,0.005714406154019782,-0.005679820734624371,0.2500164581483388,-2.636525979777374,-0.5885005263862889,3.780045057313245
0.013564137179541998,0.013706390162879474,0.005796809043662783,-0.005574278776558673,0.24506413668434465,-2.609040549794782,-0.6894096905481892,3.745041845836034
0.01355030859806019,0.013725823921321186,0.005815688107216833,-0.005541658074065633,0.24318829756141128,-2.598982783431141,-0.7156529904001471,3.730743847755018
0.01353445383209316,0.013742139839340453,0.005838778577392799,-0.005514659890655661,0.2421232238223067,-2.5917022647924672,-0.7428002717283638,3.7224004315254295
0.013540006887002307,0.013762874735208559,0.005822332890873239,-0.005477403398668501,0.238215498038501,-2.5739643773934144,-0.7449021981932472,3.687887820069718
0.014017095800601254,0.013161809127000474,0.00501131341567001,-0.006367080715340618,0.2811816048229005,-2.7045943723053107,0.19331260826676644,3.871586141629105
0.014034090812369508,0.013153656533067808,0.004979929811666863,-0.006370425951395751,0.27989938894138455,-2.6956567972741987,0.21594914319412067,3.854925285050535
0.014014394389914107,0.013181770629189871,0.0050200219816873915,-0.0063338947105469065,0.27817864896113426,-2.696671472007898,0.1726239641328879,3.8541473223898968
0.014006931869481237,0.01320220327717673,0.005036832365169514,-0.006302825140191829,0.27581803483319245,-2.691859282956639,0.14748159364122604,3.8430073973245293
0.013996473634070016,0.013220106490640577,0.0050581304637311785,-0.006277860788783833,0.2743621568154088,-2.690276644276427,0.12201537277180026,3.8386212926730283
0.013956488966405877,0.013272098796284717,0.0051353971521126305,-0.006209713930958747,0.2712705515349056,-2.690856058152869,0.03948743083235772,3.837401797234834
0.013968048857106612,0.013250628424896771,0.005112407350383653,-0.00624092311690628,0.27327305338453045,-2.6944738400881936,0.06882266334996769,3.845352309082155
0.013983921718176964,0.01323533498140156,0.0050824369405063,-0.006258613413877839,0.27351005352452035,-2.6913434559802436,0.09702788978073817,3.8398363659340453
0.01382937737549278,0.01340440978564967,0.005367532751717128,-0.006037654939740206,0.2657005773900019,-2.694662018805212,-0.1952613088014898,3.8501284037674135
0.013798718249422201,0.013453113148443118,0.005420770157205837,-0.00596339742973189,0.2612754766391295,-2.681100707810334,-0.26377583807551347,3.8273579593318128
0.013810779930389703,0.01343874646566686,0.0053999121477788,-0.005984216436945131,0.26219267530844514,-2.683559271360411,-0.24040279068360473,3.83055523249716
0.013821272465019754,0.013422562514634754,0.00538170323675882,-0.006008741498073394,0.2636218423986569,-2.6878798292009756,-0.21734196370268924,3.837722999157538
0.013785937166365728,0.013465601120604487,0.00544284349169507,-0.0059460216447186,0.26068093828947086,-2.680054946683018,-0.28658277266592297,3.8271500112966446
0.013771641950790916,0.013474510928193465,0.005467737363643064,-0.005935401003641187,0.26102890110444904,-2.682014820390307,-0.3086214782330483,3.8331115414219012
0.013761635108824694,0.013490451020551087,0.00548435961129804,-0.005910529076755675,0.25943613849991226,-2.676728069831423,-0.33066100860487285,3.824538122328
0.013753547294769157,0.01351538680278866,0.0054964625104956455,-0.005868908788633726,0.25621785167174904,-2.664097437123484,-0.3562706839105259,3.8017377767884297
0.013742050123421211,0.013537908743724902,0.005514415832137714,-0.005832667455690241,0.25378824873354816,-2.654610486568893,-0.3837705195453655,3.785755600678177
0.01372906562313274,0.013560721253369915,0.005534534242801291,-0.005796252336160968,0.25140508845755366,-2.64533909855594,-0.41283217079649576,3.7706861685404367
0.013868861477640704,0.013367725761695851,0.005296978114550731,-0.0060853292444744645,0.2668584642702662,-2.693253874884222,-0.12572500139794077,3.84397750508792
0.013869306617330069,0.013386066320004653,0.005296634564299417,-0.006052697341385973,0.2637290277747999,-2.6817125232095576,-0.1392625580823462,3.821092653832834
0.013919466122580356,0.013304729134340575,0.005203843613547661,-0.006172011102043076,0.2707495461440086,-2.6977735169702046,-0.02393151956477695,3.851082761971206
0.013940782363016359,0.01329048710999195,0.005164985524502042,-0.006185914576517914,0.2701686091597008,-2.691435135204136,0.008867688687716714,3.838236917332964
0.01388460548630769,0.013355964126959387,0.005268696926352303,-0.00609877950140359,0.2667482427322713,-2.6904023644675346,-0.10027476991585726,3.837350910770177
0.013902466316584946,0.013340844063481018,0.005236424642280157,-0.006116860164609623,0.26697480430307624,-2.6879145549496255,-0.07014533059993379,3.831584236283217
0.013918295180803581,0.01332571061674601,0.005207571637714355,-0.006135648873497568,0.2673421869643132,-2.686406607224506,-0.04214966543235776,3.82812788104044
0.013855010907093922,0.013402220031559057,0.005322067702492411,-0.006030509058959724,0.26282393943571797,-2.68051988955176,-0.16635546249852182,3.819878309086494
0.014105480869649405,0.013010113246606465,0.004816717124400839,-0.006569656596029143,0.2930483946285934,-2.7023744311867666,0.4153131397757043,3.8892715599175705
0.014100229346562994,0.013034073372623646,0.00483350373015674,-0.006532153345685931,0.28987278440010716,-2.6969111572953994,0.38699422109506504,3.8744180039876173
0.014095919965064341,0.013057211382053752,0.004847991176782692,-0.0064953473456452965,0.2867008441300421,-2.690709698996527,0.3605326980792514,3.8585333725125834
0.014093176492804843,0.01308055350956016,0.004859448509203042,-0.006457074296226478,0.2832235207837975,-2.682903603987793,0.3354937575500397,3.8398177304073227
0.014086336377290823,0.013102456387428163,0.0048771815715669955,-0.0064241543991009524,0.28066012969632714,-2.67874345078766,0.30881114464266096,3.828575030107585
0.014057211936522372,0.013134778619521491,0.004935518792944126,-0.006388081773971981,0.2797083057515198,-2.6868389027027053,0.25363427339643524,3.839888541113236
0.01407643110564374,0.013124832011985634,0.00489994468317861,-0.0063924028247020264,0.2784512748892726,-2.6764816598482066,0.2793441575035656,3.821148867577048
0.014052839170836126,0.013155704995447513,0.004947855110642969,-0.006354755632852485,0.27686087108201757,-2.6803229952329564,0.23044980483724978,3.8248219334525477
0.014148904938105101,0.012983980810705776,0.004733120703189317,-0.00658113105377003,0.290292823058445,-2.6758009239109217,0.47552371846498004,3.8438787900635027
0.014136942435603211,0.012995408629160066,0.004757587346747604,-0.006570903276651404,0.29043452581453305,-2.6816203363408215,0.45480549236900875,3.8525742889619736
0.01413151064429047,0.013011898421518083,0.004772514085145681,-0.00654683862144373,0.28856713371208037,-2.679812082678375,0.4339053659527489,3.8458699172277844
0.014187614239849683,0.012951514109658072,0.004655373714336085,-0.0066053703777515516,0.2893191224690886,-2.654234600115904,0.537160505635732,3.8102868590582095
0.014170794862820413,0.012989499461247759,0.004697926290833988,-0.006554641008923873,0.28592486772122744,-2.6551850320934194,0.486095286362274,3.8037933595013986
0.014180694779383078,0.012971135434417727,0.004674499998792345,-0.006577837228050416,0.28728657007492187,-2.653356165740556,0.5120037221097303,3.804271359562692
0.014346472571941514,0.012685766524997191,0.004262883919586339,-0.006899124917449056,0.3031366334388959,-2.5753477571359547,0.9232724972683478,3.7421407216216096
0.014366995609246714,0.012682416817329548,0.004228057998209565,-0.006883764943264527,0.29988149088543364,-2.556315323830742,0.936829199432072,3.7084387307242674
0.014298056753487906,0.012768461235881318,0.004387793465419902,-0.006812418803724032,0.29929270847671435,-2.60596124442635,0.804525290643076,3.7706059517925326
0.014336998764784649,0.012707850487992889,0.004291035727253597,-0.006873051082652362,0.3016061572504833,-2.5808551320535957,0.8934158923489147,3.744501091621139
0.014315265858385075,0.01273867490171851,0.004343614437390581,-0.006844472577873506,0.3008466484408809,-2.595883561221782,0.8473079192560856,3.7617099041842934
0.01431353419568408,0.01275759547307526,0.004356759342058793,-0.006815385858945322,0.2980828935774281,-2.5938132903311018,0.8251067525983299,3.751708651653162
0.014332198028519089,0.01273077600524174,0.004311799439955535,-0.00684078623307775,0.2988861824195992,-2.581433153758114,0.8650543551567951,3.737796715607973
0.014284615021015476,0.012790234657912654,0.004421174937471146,-0.006789381464358367,0.2983065935829691,-2.6136211698469682,0.7727087571756682,3.777950455499483
0.014279891642525478,0.012816470254829274,0.004442151570123822,-0.00675065086209527,0.2950761966250038,-2.611776957717629,0.7410310634252423,3.76665316805812
0.014274273927789604,0.012838993550461869,0.004462333324147936,-0.006718727667905986,0.29253040004256187,-2.611278486095219,0.7131574707919269,3.759217642871629
0.014265544166013857,0.012863039883632854,0.00448797695184656,-0.00668692429130742,0.2902530350044828,-2.612835082385845,0.681939047321518,3.7553907125258137
0.014246390554382489,0.012875283608019088,0.004525189456786301,-0.006683458117306315,0.2916610779075049,-2.6265244082619184,0.6568605808923945,3.7774232255993674
0.01424232004486943,0.01289688301018338,0.00454147747768032,-0.006651157710050345,0.288943452763611,-2.623879865434054,0.6313024284155339,3.7668809788021584
0.014210762909303088,0.012925864294934612,0.004606262237533396,-0.006629466883496949,0.2896045625384929,-2.642653204545472,0.5799480863025891,3.7946090444289466
0.014229152507297128,0.012914594441117184,0.004570900172491056,-0.006632898780560279,0.28832174291946483,-2.6300937452240833,0.6041293475697888,3.773972872652776
0.01421008875169768,0.012948447672366038,0.004616448756186629,-0.006592243511689039,0.2861664447397186,-2.6358887986721684,0.5559842444580169,3.7766415321681666
0.014435105870888875,0.012509591089393639,0.004007319139096097,-0.007082298823022343,0.3120773819483354,-2.5040756960611037,1.1662151195765655,3.681340052780689
0.014460440799018027,0.012495090616581692,0.003957863553744078,-0.007075842343294766,0.30912964933885845,-2.4791516836802088,1.1915605403218164,3.642092369186834
0.014451324342529803,0.012506838880785399,0.003980348778866027,-0.007068198367490816,0.30928300487702337,-2.4880623356526157,1.1747363980918302,3.653232266203595
0.01443039634434229,0.01252719124523864,0.004027174818471463,-0.007060345718302463,0.31045173089088807,-2.5082906623733234,1.1435820365772582,3.681428634986933
0.014386355528352664,0.012623148342057498,0.0041607495409198844,-0.006957865677076997,0.30507645017734925,-2.5449399029064668,1.0136977780460172,3.7095584647971624
0.014395660877188464,0.012607341806049782,0.004135878364979522,-0.006972968011211966,0.3056155871507567,-2.5374349671649,1.0359852910260032,3.7019468471940047
0.014404964040836419,0.012592588638413248,0.004111585645407117,-0.006986218393074314,0.3059772654713764,-2.529626872708038,1.0569733447750629,3.6934761559508646
0.014414438785139797,0.012578394523683563,0.0040873029786718746,-0.00699822264536041,0.3062314588786313,-2.5214292150315605,1.0772743054470257,3.6841687526857068
0.01442209788916149,0.012562699087674163,0.004064741012676076,-0.007014363039255306,0.30700589723720456,-2.5149095426621386,1.0985801530091879,3.6786403035506203
0.01442762157929671,0.012545505674776738,0.004044319329261521,-0.007035018623360603,0.3083998338671208,-2.5103431180685507,1.1208654933236426,3.6774238084148076
0.014401758679842495,0.012640962558336351,0.0041477449967296945,-0.006913686421209343,0.2996001928880477,-2.528338286990264,0.9995453006564542,3.6724654257813936
0.014395028219328995,0.01265967380022865,0.0041699190573348775,-0.0068912247917548375,0.29809699325348166,-2.532675767693022,0.9752513517832586,3.673453081938476
0.014388757508007497,0.012678905920500328,0.004191459542807662,-0.006867309748404667,0.2964661297365796,-2.53625166366268,0.9506341708965929,3.673034919699255
0.014481792495058463,0.01249792280923346,0.003927459064451571,-0.007047264963038942,0.3046063992749357,-2.4582493662721716,1.1944873348226996,3.602712929833658
0.014494530466086604,0.01248157450667139,0.0038962756801428898,-0.0070573993434250035,0.30429813107708453,-2.4456312009200047,1.2173548102543557,3.586924121190451
0.014506388267578253,0.012405490821420218,0.0038203774228031512,-0.007157423673119023,0.31218693810618264,-2.430697028755489,1.3111574138697486,3.5947973777199826
0.014496478816283742,0.012421213093129747,0.0038475344348066114,-0.007145739254721767,0.3120884472194958,-2.4414930093017446,1.2899371389711864,3.6070612318611905
0.014495261098394578,0.01244184595427851,0.003865313880499376,-0.00711623257496899,0.30954427704427284,-2.443709773625246,1.2648071976490878,3.6013936927592174
0.014507474400441842,0.012464040218817926,0.0038638430268172802,-0.007068778157133741,0.30415563839874,-2.4325473216954134,1.2414827032089664,3.5709423140316052
0.01452911060204858,0.01236323603652657,0.0037527217512935323,-0.007192487851481284,0.31320719752476367,-2.404519492831706,1.3668615379876572,3.5675969267683927
0.014529275911086985,0.012380220858908544,0.0037662823426327474,-0.0071672969911468565,0.3109564800263251,-2.405969134767288,1.3463728507741786,3.561823271261798
0.014526320772757064,0.01240127155706528,0.0037874702124705522,-0.0071398233315112,0.308692439684553,-2.4106387329303725,1.320517076981626,3.5601561368444536
0.014554083734337805,0.012310675451535108,0.003672339256805009,-0.007238217243664656,0.3148669405594961,-2.3732699410836333,1.4347013351339464,3.5372265348187595
0.0145639881094374,0.012299236017141876,0.0036482478076775193,-0.007242255760304549,0.31425354181355286,-2.3617235257453317,1.4498935794346857,3.52204598348129
0.01453923202810673,0.012348969391723143,0.0037261352780454528,-0.007200982016816939,0.3129228657264957,-2.392921873823514,1.3859215709638333,3.5535157420031287
0.014552186027400592,0.012329477613584714,0.0036910112176248497,-0.007213341331554575,0.31282119647521694,-2.377691494270945,1.4115876454304315,3.5355483339273763
0.0146029671198943,0.012182754411697232,0.0034884094254556464,-0.007356693880994358,0.32039566225760185,-2.3003060160643405,1.5951769138799141,3.4737651772711584
0.014619326825552597,0.012178176428741314,0.0034614216453595905,-0.00734122893607417,0.3174008803651696,-2.282875684076065,1.6011456894307146,3.4442054165640643
0.014573905246763956,0.012285514890437145,0.0036221629722956593,-0.007249388158789795,0.31391896072603553,-2.349714591160746,1.4676990817569655,3.5072860758780737
0.014600812072701457,0.012200735937217594,0.0035081349066671094,-0.007334453176110892,0.3186570892129132,-2.3065888019459346,1.573048595864382,3.4749059594525327
0.014582963068952936,0.012270643158095743,0.0035962646085642117,-0.0072590596933892965,0.31386844589620394,-2.3382209743074367,1.4866590169022855,3.4941642627943694
0.01459048602273374,0.012254484067633025,0.003571334947044922,-0.0072723263392206585,0.31429725747670517,-2.327848372739581,1.5069191139608147,3.483889596092587
0.01459620716716853,0.012237314311236413,0.0035479258521631768,-0.007289158750918894,0.3151988192000777,-2.318872612612554,1.5281917825598248,3.4768504134498754
0.014599731184673672,0.012219336126344857,0.0035267081791223037,-0.007309826369478548,0.3166500661316903,-2.311698410999398,1.5502833370814668,3.473714392343165
0.014859050790259232,0.011353998914798663,0.002212927143866243,-0.007941553368415651,0.3348766972759148,-1.614704807803702,2.499394497961991,2.8188260587259695
0.014844677042635058,0.011399722519453606,0.0022889992654356113,-0.007922708257634387,0.3357766788257332,-1.6632428622141922,2.4589043793381555,2.8696749118992173
0.01484953037190081,0.011384647759035159,0.0022638489547762053,-0.007928901684445168,0.3354727477070782,-1.647248318343941,2.4723409879003495,2.852857472570863
0.014854456488037798,0.01136939578536772,0.002238349295801637,-0.00793496106210022,0.3351412176581902,-1.6309532004309961,2.485763802519027,2.8356696188511177
0.014856323563283294,0.011411613420664497,0.0022937088193507407,-0.007891134894195658,0.33217026550482004,-1.6628554151497996,2.4389342215424805,2.855559971963427
0.014788996515444493,0.011580747220891474,0.002584602029075962,-0.007830339257179896,0.33705693760028743,-1.8442126068824398,2.284864239955074,3.054355434319796
0.014817072694118987,0.011490562313068,0.002437958743764885,-0.007878882993039758,0.3367200968743668,-1.755899013998954,2.3738849581618138,2.964740433922554
0.014821813357956853,0.011475740959312785,0.002413539487859128,-0.007886058172058926,0.3365513792720832,-1.7408618997055554,2.387976794497691,2.949205057389317
0.014826654711569428,0.011460742765293984,0.002388736295784673,-0.007893072140657292,0.33636476950733113,-1.725496293505133,2.402065967841716,2.9332467173181036
0.014828489452162289,0.011502313359272596,0.0024415992030207873,-0.007847558175990697,0.3331154232012474,-1.7545035439687717,2.354550355262756,2.949669660751567
0.014824821812992434,0.01151726694176628,0.0024648456079835452,-0.007838239678994224,0.33297192153867866,-1.7684088927075174,2.339680083187675,2.9629756629247126
0.014805443024844309,0.011577300107210574,0.0025624321281873534,-0.00780693670102283,0.3333341152556093,-1.8270851853552992,2.2810819815598045,3.023042278004448
0.014810069666286875,0.011562453260986047,0.002538557060353854,-0.00781520435619046,0.3333031181172712,-1.81289364914117,2.295858064528772,3.0087258911648855
0.01481558389571447,0.011547743635555942,0.002513861181748621,-0.007821690814206765,0.3330394266946675,-1.7978974320379548,2.309912929404982,2.9927134194864533
0.014820583220376054,0.011532604147764256,0.0024891122521454056,-0.00782931452505343,0.33291651783949877,-1.782952709046258,2.3245586822915243,2.97729414728237
0.014852838043542399,0.011426968902950932,0.0023176670396057235,-0.007882099404103797,0.332073868648833,-1.6776342759159661,2.4242856582581314,2.869746655753381
0.014843120246523699,0.011457895629599634,0.002368396733234641,-0.007867975768067408,0.3324937157629551,-1.7092710201103198,2.3959503687539847,2.9025158705049594
0.014848879529610287,0.01144293766765689,0.002342835855435522,-0.007873096021613247,0.33203386911603366,-1.693138303106107,2.4091211061212436,2.8848904289570174
0.014773405639307133,0.011626257854312318,0.002659356732979366,-0.00780585618217306,0.3373399314362006,-1.8883533732424065,2.238804178083243,3.0998282155564247
0.014778866614309945,0.011611366817877533,0.002634556363479299,-0.007813452416457126,0.3371764485661611,-1.8737098196794386,2.2538523273347835,3.084461179320638
0.014784196691897516,0.01159613660838269,0.00260942006252788,-0.007821461271377091,0.3370495818118711,-1.858841087423183,2.2692111166390148,3.0690424555389124
0.014763602188501111,0.011656244679787925,0.002707792637820224,-0.007788095513888476,0.33725053837434493,-1.9163667173524654,2.2075735175831475,3.1280325268033735
0.014784504230286185,0.011638559347445522,0.0026623545174381015,-0.007774095593552607,0.33366216968500945,-1.8859817002344241,2.2196390344214447,3.0836451840354644
0.01478026543728784,0.011653496533270991,0.0026856026561649653,-0.0077642553675715984,0.3334716510025053,-1.8992289228625296,2.2039646615672925,3.0963967181626013
0.014747142428169222,0.011701146352529794,0.0027818822928731847,-0.007763091810652442,0.33748818823024557,-1.9589775844663733,2.160599936852702,3.172226402965818
0.014752948249773086,0.011686461248436274,0.002757221967139942,-0.007770762757665966,0.33732054348091595,-1.9447732429308886,2.175931082915401,3.1571570138493255
0.01475855064558928,0.011671459639615913,0.0027323553141163424,-0.007778950642583286,0.3372157527643575,-1.9304468719913463,2.191578512778786,3.142206868567996
0.014638034503112084,0.012052053333421063,0.0033126131554839884,-0.0074873800319988516,0.3278854945759002,-2.228051125670203,1.7555498097478535,3.4205637990069904
0.014635679539082385,0.01206912302654596,0.0033330861285913965,-0.00746773830223973,0.32639832494350957,-2.235983815106222,1.7346060448774874,3.424232958511158
0.014626880326655491,0.012165532875373716,0.003439133068417415,-0.00734855551608942,0.31724579319854357,-2.272253796175353,1.6166354468370001,3.431995575193966
0.014634015167046634,0.012149205689072533,0.003413874908296219,-0.007361337973951657,0.3176339129135935,-2.2609715085822937,1.6364824660863697,3.420816029534229
0.014639574704134566,0.012090229165738167,0.00334894669151295,-0.007433838379226625,0.32322047588681097,-2.23868653684552,1.7084052073202936,3.4157412097261814
0.014640001421216617,0.012111167214113087,0.0033690010856927805,-0.007404938474245386,0.32074088034371795,-2.2444806226648275,1.6827336381407816,3.4133896692969743
0.014638702147403272,0.012130881215271243,0.00338991571397948,-0.007379963421996413,0.31874171547383695,-2.251368943232755,1.6587136149321482,3.4140709738167234
0.014651079806943018,0.012023751174699813,0.003266126822550941,-0.007506606008421705,0.32809135450986016,-2.205288080713668,1.7893702064139316,3.396680385573288
0.014662253005977722,0.012011804607040103,0.003238962274861563,-0.007506403072752064,0.32683283811656366,-2.18987603473392,1.8028827644512941,3.375747630738377
0.01464863928040659,0.012039833557278428,0.0032859432391234597,-0.00748870299738342,0.3268049869945127,-2.2133181023111717,1.7697632613445577,3.4009857579058087
0.014742211099867203,0.011757328645565418,0.002855197324138119,-0.0077050091533752705,0.33369816830039184,-1.9956384352717118,2.095010049501464,3.1958589171968756
0.014747276054753513,0.011742648522149733,0.0028317670254064064,-0.007714384326627326,0.33378333233076823,-1.9826839569020585,2.1109052995077686,3.1828995426678417
0.014752908131543624,0.01172815457738711,0.002807830428709145,-0.007722485587147822,0.3337225954690786,-1.9691777698922375,2.12626149500103,3.1687730382236254
0.014757882449366084,0.011713666762021674,0.002784611040681695,-0.007731458893365374,0.33379753032778403,-1.956170555100676,2.141719745479357,3.1556953764866105
0.014737791992816975,0.011772771193979674,0.0028786859659886057,-0.00769355588368291,0.33335363670572526,-2.008244552903056,2.077897285058862,3.2075944941815364
0.014668171143387013,0.011993303255911428,0.003211838726626061,-0.007522157962395931,0.32754957657272876,-2.1771586826207927,1.824884210395373,3.364442893345989
0.014692637495815716,0.011917936744436364,0.0030993493221068338,-0.00758345367253105,0.32989369613598646,-2.122505936092095,1.9132778770111218,3.3144818671826024
0.014672880658656233,0.01197662937533695,0.0031880771390301378,-0.007537068998739629,0.32821698980347275,-2.1661164950719614,1.844705828573954,3.3551642729087816
0.014674776552162611,0.011961494643931392,0.0031694672616085226,-0.0075539313624608615,0.32946223593525775,-2.1582609560989714,1.8630075297676618,3.350969017429089
0.01468364202202682,0.011948528665797813,0.0031441015116502103,-0.007557659095940558,0.32870331495145116,-2.144254098366819,1.877485034384588,3.3336493217871532
0.014689780162105301,0.01193402583103208,0.003120546365760595,-0.007567199757413175,0.32881027965213905,-2.1321950845867153,1.8941513268811665,3.321177603017342
0.014732404889301847,0.011788699219581401,0.0029038127310527483,-0.007682857812405152,0.33313839972270604,-2.0218712688179648,2.06039842946422,3.221020474145106
0.014725569963398596,0.011803573689875536,0.002929383897314813,-0.007675488854565859,0.33339346746039134,-2.0361841316465803,2.044464813272271,3.236725964078829
0.01473371014003197,0.011815951871230527,0.0029338260050806217,-0.0076479584155505365,0.330314619976008,-2.034719578706135,2.0271841269452606,3.223949513857326
0.014731046511901932,0.01182951333887526,0.0029526053475770852,-0.00763557160153937,0.3296388130093922,-2.0440759243506457,2.011610574658078,3.231304535669626
0.01470198962530439,0.01190442672213385,0.003072675838676368,-0.007586627282413431,0.3290113790399048,-2.107429073380033,1.9278853509185219,3.2957008078193435
0.01470989831116658,0.011891113915387677,0.0030480327783436287,-0.007591528757430201,0.32859262157904584,-2.093762407173909,1.9423674388065562,3.2795014621972016
0.01471685871417207,0.011876303460094518,0.0030228858960116233,-0.0075995443501689275,0.32841919282506477,-2.0802210506386642,1.9587304593375314,3.2647272806947654
0.014727712682072574,0.011845082018933473,0.002974388545130102,-0.007621641152003966,0.3289340612239022,-2.054925962734068,1.9937508494856206,3.240065121298612
0.014722848695023348,0.011860844380221903,0.0029981572140536576,-0.007609642395505148,0.32853932550730286,-2.0671795683320737,1.9759737647394962,3.251478285885661
0.014933444075470769,0.010813098735826325,0.0013551620436373865,-0.008222261711054786,0.33721768505724503,-1.0338643769077105,2.9567513091541158,2.269234465370377
0.014948666400521192,0.010807631395580717,0.0013376269656912448,-0.008195941551021135,0.3301659952785238,-1.0233296637554428,2.9445319710939644,2.245557765129185
0.014975861247799921,0.010724026511306085,0.0011917303461049763,-0.00819012274780036,0.3263819420100509,-0.9135604378137977,2.982592275542657,2.1210926330676987
0.014973761781868815,0.010739650025048892,0.001217341589250128,-0.008185954509139184,0.3268093829114937,-0.9322429346681848,2.9730290202774903,2.139838661660896
0.014971573966978487,0.010755291633960827,0.0012429966048181568,-0.008181768176024092,0.32719248873149476,-0.9509146893204833,2.9633731072216416,2.15860756342672
0.014964430223375453,0.0108021915364079,0.0013200589399474294,-0.008169260688918068,0.32833099438007246,-1.006780931367514,2.933983557301223,2.2150292626950367
0.01496928085312739,0.01077093184204419,0.0012686757956871155,-0.00817760580222892,0.32757859243728754,-0.9695690818860824,2.953653464991465,2.1774102111868543
0.01496689740164315,0.010786564388449762,0.00129436298946944,-0.00817344144011421,0.32796416853861926,-0.988191828998329,2.9438596565854804,2.1962199666955176
0.014954459204666778,0.010673300816346347,0.0011222156757883007,-0.00825728079504366,0.33154782524896276,-0.8633048519655234,3.0431489710361874,2.0966175737595836
0.014967235888273511,0.01068302362868022,0.001131325477594919,-0.008227287642926831,0.3273297538805406,-0.8726101921906705,3.021201767267374,2.092972897285771
0.014956549907973094,0.010657733236025016,0.0010962490064762077,-0.008260768109994415,0.3319711058576099,-0.8441051794503961,3.052143069793108,2.0770481829403438
0.014969439767114826,0.010667413140362564,0.0011054338634751111,-0.008230649135217706,0.3267976706148119,-0.8535540529127253,3.0301367677771864,2.073603316816914
0.014958591675504214,0.010642159322614203,0.0010702595162372303,-0.008264175455752252,0.33278101056059417,-0.8247262444317488,3.0610340905134468,2.057447873322024
0.014971567206040292,0.010651771444542608,0.0010795087339284788,-0.008233989528139375,0.32597697938465187,-0.8344376672778496,3.0390037390185696,2.0541830745164806
0.0149605844888015,0.010626579228399676,0.0010442629794091133,-0.008267500656610534,0.33342736403101636,-0.8052433565566778,3.069818254977028,2.0378561433790012
0.014973604698518807,0.010636113328978241,0.0010535759143981873,-0.008237328139474032,0.3251702038709799,-0.8152492721769699,3.047814824607475,2.0347226071810702
0.014962528329925276,0.01061099310527128,0.0010182632797952665,-0.008270743233280463,0.3340201530742955,-0.7857219759872663,3.0784999711477083,2.018294758103879
0.014975556746717933,0.010620457270971722,0.0010276603648988341,-0.008240649182130891,0.32441897774414136,-0.795990851019971,3.0565494846521477,2.015227979177148
0.01496442318144846,0.010595401104716106,9.92272118246684E-4,-0.008273901851761653,0.3340104321869468,-0.766235030577528,3.087069464833561,1.9987615557176344
0.014977427250041446,0.01060481862674336,0.0010017827646426611,-0.008243940235793308,0.32377371209442657,-0.7766672547311678,3.065193080798877,1.9957154533116859
0.014977986880454458,0.01070843931852611,0.001166132710807916,-0.008194044279733794,0.32584770987136796,-0.8948188990558036,2.991938311886376,2.102216122997932
0.014991350186897784,0.01071832499271737,0.001174809297440703,-0.00816332382017302,0.3221062218612278,-0.9000423969134129,2.9708576256801993,2.093559600270599
0.014980283083968924,0.010692870815452627,0.0011404536473908872,-0.008197450545195608,0.32524799327766335,-0.8759257424044132,3.000933152052387,2.0829883395014277
0.014973162020172496,0.010517358213536655,8.622468000596776E-4,-0.008288460703156749,0.3294984105477656,-0.6686604088958062,3.1279865658986057,1.8999399189269746
0.01497476259600774,0.010501734106237882,8.361765484364868E-4,-0.008291131509993142,0.3305738053893221,-0.6488165204606442,3.1358599899213164,1.8800389039538505
0.014987927254816145,0.010511055966723465,8.464756497170268E-4,-0.008261333117573108,0.32129135505578876,-0.6599843604843522,3.1141152069128917,1.8778386124504924
0.014984591160277273,0.010392238403124528,6.537017304597058E-4,-0.008307510314179051,0.3261672541810854,-0.5096177566163603,3.1873498913536884,1.7393750415216076
0.014999239082039527,0.010385493189657955,6.385050183080084E-4,-0.008279919952485766,0.317271616628171,-0.5016621362888757,3.172828792649901,1.7181167612931436
0.01498333453830101,0.01040789322055687,6.798165477734061E-4,-0.008305413995110688,0.32573256385641686,-0.5298224636902128,3.180346347697149,1.7596092464224151
0.014998028337625027,0.010401221855153376,6.645454125199813E-4,-0.008277821020807782,0.31795241566127513,-0.5216049806947788,3.16585610340994,1.738220207391293
0.014982028743765486,0.010423544090142324,7.05932504977198E-4,-0.008303234979080493,0.32488486149031076,-0.5499433757243788,3.1732297849309936,1.7798523480699717
0.014996739905633057,0.010416956626091718,6.906011584182034E-4,-0.008275690939817842,0.3187895325400973,-0.5414939850463796,3.1587971988055226,1.7583018173065936
0.014976314074054054,0.010486105170072863,8.101343126076761E-4,-0.008293716826490554,0.32997585801428586,-0.6290425108058798,3.1436059141757497,1.860164718364046
0.014989458319222992,0.010495365569750373,8.205070907511871E-4,-0.008264051618041147,0.3206386697191634,-0.640296856783368,3.1219370463424236,1.8580162354516048
0.014977816440745884,0.010470471553061363,7.84114569929484E-4,-0.008296217339732676,0.32790712070283273,-0.6093653924320009,3.15120759844021,1.8402460412391937
0.014990944850246908,0.01047970343320908,7.945771323808236E-4,-0.008266669746877169,0.3204407227285316,-0.62057262594181,3.1296277969944764,1.8381825932433735
0.014979269682969046,0.010454833402758998,7.580866464154736E-4,-0.008298636090274307,0.3258326213880974,-0.5896917134174927,3.1586703507064278,1.8202189270858034
0.014992429071677147,0.010464053327568166,7.686491389175455E-4,-0.008269112686967868,0.3204065062718553,-0.6008417803298168,3.137135554051335,1.8183084088620183
0.0149806737880534,0.010439190866250392,7.320277351583926E-4,-0.008300975180229946,0.324709674847247,-0.569906032949181,3.1660063474151485,1.800074148477125
0.014995361087136611,0.010432683672695486,7.166559976941367E-4,-0.008273557354694835,0.319624699498486,-0.5613224295178041,3.15167506344911,1.778359240662035
0.014993911054914927,0.010448384928613155,7.426792488908662E-4,-0.008271388636865542,0.32018526608284964,-0.581098334461906,3.1444702694382176,1.798368369444445
0.014871990688592586,0.011308142716840927,0.0021376384093035345,-0.007961419476422734,0.3341664543432852,-1.566260335471296,2.53957630969737,2.769021302986186
0.014876162289154617,0.011292860390735597,0.0021125856346281276,-0.007967935110911562,0.3339228609365585,-1.550012271543623,2.5527636164796754,2.752357748359002
0.014880271158647216,0.01127752075954372,0.0020874645624397625,-0.00797443694943483,0.33367918135293,-1.533657650701856,2.565903673442268,2.7356123928796854
0.014884317735303002,0.011262105470110867,0.002062247947973415,-0.00798093924128551,0.3334374478809547,-1.517178693390669,2.5790142841349497,2.718770812967261
0.014888297564090663,0.011246608647863518,0.002036930036400441,-0.00798745336472463,0.33319843426179535,-1.5005716690530828,2.592103252104664,2.70183443176921
0.014892185613371862,0.011231039703004167,0.0020115440092014444,-0.007994014213530925,0.33296634307883893,-1.4838619363449093,2.6051779247984004,2.6848500481974296
0.014895916275107517,0.011215429336746,0.001986186720827355,-0.008000712119064392,0.3327557101794711,-1.4671241579390417,2.6182561251320116,2.6679478270094132
0.014899399608468937,0.01119983611253973,0.001961013007666292,-0.008007660105012436,0.3325889996239744,-1.4504754171053091,2.631350113400028,2.651317685923406
0.014902597705776193,0.011184357544029485,0.0019361881572987048,-0.008014849061138085,0.33247602661495573,-1.4340297625083525,2.6443986156382717,2.635089428518889
0.014905678949731029,0.011169130244050121,0.0019117659079809079,-0.008021869892411361,0.33237086490877726,-1.4177913431265827,2.657145398507233,2.619081025662945
0.014876845498255466,0.01135064161062638,0.002191670544824939,-0.007913784523315188,0.33069970884330074,-1.5975445906213268,2.491593872079332,2.7860056789640484
0.014881274602253474,0.01133531148916639,0.002166609255347942,-0.007920292604021257,0.3304624123363804,-1.5814579959287693,2.5048989064516722,2.7694067778445137
0.014885631637474347,0.011320048143944788,0.002141661943718164,-0.007926688860484261,0.33021870329840747,-1.5653783283607134,2.518031085713481,2.7528199022969138
0.014914685985422373,0.01099356321340998,0.0016455787418935784,-0.00813971284668655,0.3344399295111687,-1.242170147318662,2.8162220835546097,2.4678095956515054
0.014899288792197036,0.010998483515463568,0.001664095047627211,-0.00816534384343128,0.3432841132163437,-1.2532025835187872,2.8272380919733213,2.492282989682218
0.014886352812552904,0.011059979335296836,0.0017666582984026801,-0.00814376894411326,0.3420302836790489,-1.324527708686812,2.780477919846392,2.5650831396026406
0.014898274062047202,0.011070744335511204,0.0017735178660553076,-0.008113120510986428,0.3370162393866965,-1.3304469984444989,2.7581649740307124,2.557884590970037
0.014889659273885168,0.011044620593952054,0.0017410671129561787,-0.008149278337692842,0.34124509189047664,-1.3069774703933177,2.7923004871949715,2.546986291895705
0.014901674289358555,0.01105537788042115,0.0017480168773667322,-0.008118530049896317,0.3368885162981556,-1.3129341987471443,2.7699368271330993,2.5400227367196107
0.014896127296621688,0.011013872524174524,0.0016897707747731607,-0.008160068988785536,0.34252650722431693,-1.2712714903527085,2.815689544681111,2.5105417497806655
0.014911556961101587,0.011009038536479152,0.0016711873851642824,-0.008134442946507075,0.33504754893388267,-1.2599684585047222,2.804749654894486,2.485931052087849
0.014892917446321189,0.011029251603586674,0.001715434119227515,-0.008154712544589882,0.3415511554024933,-1.2892183877578816,2.80403892766453,2.5287870179012653
0.014905042223300637,0.011039965366056633,0.0017224388998935277,-0.008123854593409668,0.33645330487992636,-1.2953529322312114,2.781604051161434,2.5220573540619626
0.014908343856990323,0.011024512125591123,0.001696814782295644,-0.008129150223901425,0.33576956236903266,-1.2776969837923928,2.7932038894860516,2.504015699904237
0.014936348482563597,0.010957587132900131,0.0015760708262072284,-0.00812461532454936,0.3323687815414145,-1.1893185697430828,2.8300368717232587,2.4007542206127437
0.014933499810118234,0.010973087114275937,0.0016014553376738222,-0.00811927606519011,0.33272939949517544,-1.2070749380234262,2.818820436443643,2.4186337384088645
0.014930562369449283,0.010988630399671672,0.001626926800609679,-0.008113895381211324,0.3330312810226302,-1.2248422549196274,2.8074835659473583,2.4365519527861355
0.014907017210561271,0.011096962897660207,0.00180563109235171,-0.008077103626838944,0.3353139150180416,-1.3483076925993591,2.726532182004558,2.5626747144946385
0.014910421509091007,0.011081654988881936,0.001780429275318497,-0.008082691534937042,0.3348866490207289,-1.3310923673324133,2.738382649215518,2.5451370286564554
0.014919521470539335,0.011107919007243061,0.0018119521523243707,-0.008045750293076527,0.33132814804034355,-1.350488495658799,2.705747446104675,2.550874083367614
0.014909087153100924,0.011154130734298771,0.001887355974068405,-0.008027947426104074,0.33215566247208533,-1.401428047766161,2.669272406350748,2.6025485769007646
0.014912859773590241,0.011138982811377214,0.0018623993046642145,-0.008033317471232008,0.33180491713841614,-1.384576017119146,2.6811044910750788,2.5851684330528255
0.014916397476465178,0.01112346300044762,0.0018370528024675356,-0.008039236475026698,0.3315204469953916,-1.3674493765292055,2.693325167725835,2.5677642323592633
0.014939220447097494,0.01094214547292483,0.0015507213517528668,-0.008129695434485294,0.33191730801690306,-1.1715109888147894,2.8410260738945134,2.3827476837159414
0.014922836286880736,0.010875033080843399,0.0014583625989884527,-0.008204586179485022,0.3404948224244347,-1.1076869016730155,2.915514818713726,2.344778284030851
0.014935188689475359,0.010885249119506788,0.0014662869068532165,-0.008174243164743251,0.3319553422335138,-1.1155969368920564,2.893221999945615,2.3393267878856583
0.014925561228420127,0.010859561856462023,0.0014326175514411236,-0.008209120741038812,0.3380528636127574,-1.0894285054208828,2.925987357705736,2.326057123228294
0.014937933147287134,0.01086973630233968,0.001440598340498887,-0.008178838542048523,0.3319260935560365,-1.0972055314044677,2.9037823176630035,2.32071266425929
0.014928237524093783,0.01084408228634059,0.0014068412261193097,-0.008213577294727424,0.33644005500001944,-1.0710977076638195,2.9363345503656304,2.307204387908725
0.01494068442975799,0.010854231931392844,0.0014148888316193589,-0.008183242110837327,0.33196617621635655,-1.0787881300480608,2.9141532466562174,2.30201179633908
0.014930865148160086,0.010828594527293183,0.0013810154019643142,-0.008217958897480322,0.3365728895913093,-1.0525748770995775,2.946590756195599,2.288247619173388
0.01494608419658919,0.010823184673726172,0.0013633937402131862,-0.008191729625646736,0.330879343292417,-1.0418704494430726,2.9344752774701472,2.2644134745162017
0.014943418075211263,0.010838719551135217,0.0013891518450868511,-0.008187506106876989,0.33157971158176386,-1.060351647642168,2.924357931258601,2.2832350610418986
0.014942198448139711,0.010926713199307672,0.0015252826743086605,-0.00813439518101079,0.33145766769595625,-1.1535546968882129,2.8517535736390935,2.364449401774353
0.014945152773400174,0.010911200211153611,0.0014997064740849954,-0.00813901539552826,0.3311094209073932,-1.135450459456071,2.8624056229352326,2.3459933084911033
0.01494792215517267,0.010895607109629163,0.001474094551832455,-0.008143856721885235,0.3308184727652445,-1.117302003345608,2.8731271936339327,2.3276312984722094
0.014952262147713023,0.010952598015221674,0.0015577438983344887,-0.008098299432887666,0.32795170763774756,-1.1747589424499651,2.81995858044981,2.3718858532252387
0.014989125709257183,0.010329582549946167,5.492755269987165E-4,-0.008315067867296907,0.3247887648094297,-0.4288195843838876,3.2142684028825634,1.6585225375375348
0.015002504137597674,0.010338365663355078,5.604833058600974E-4,-0.008285842006411664,0.3157054459265907,-0.4415121245492881,3.1930657583858317,1.6576493750325427
0.014990136311907444,0.010313910160050264,5.231898541864025E-4,-0.008316749946403338,0.3228514714494932,-0.40875930604533667,3.22068847951371,1.6382400582597312
0.015003510605580911,0.010322686155497378,5.345149493413624E-4,-0.008287614159269206,0.3155483619792949,-0.4213882100674659,3.199539591655082,1.6374562004824933
0.014991097682117146,0.01029823468538191,4.970949221295828E-4,-0.008318350348785817,0.32099527587139765,-0.3886799102344691,3.22696821661811,1.6178492384207954
0.015004510766796248,0.010307005485334543,5.08534881664524E-4,-0.008289222829515858,0.31544741817713845,-0.40125912881858566,3.2058412684043813,1.6172265130002061
0.014992009811233265,0.010282556267937627,4.70975451375865E-4,-0.008319869939859106,0.3198933686649425,-0.3684855036793018,3.2331119968230353,1.5973440588020498
0.015005500745254205,0.01029130263181958,4.825132532762847E-4,-0.008290678372425092,0.3151833525973882,-0.38112191772410003,3.211982637141061,1.5969435219819361
0.014992872690959788,0.010266875049167084,4.448259935921698E-4,-0.008321308894921785,0.3198576152735975,-0.3481179448078451,3.2391303475319613,1.576758655887289
0.015006457172788914,0.010275562786803248,4.5643284626233185E-4,-0.008292026977037204,0.31463898426935405,-0.360954230929092,3.2179977371786284,1.5765956451489211
0.015014356423791066,0.010378704567698497,6.232470990572693E-4,-0.008252126878624878,0.31613961253320516,-0.4868190031722235,3.1589457418831723,1.6897626940119819
0.01501537524572856,0.010362920084277522,5.973087162808043E-4,-0.008254337403126604,0.3156994486609961,-0.4669215501836393,3.1658144402219786,1.669863889048132
0.01501629653125488,0.01034718802815069,5.714632599342902E-4,-0.008256547116050178,0.3152363996679477,-0.4470669085603835,3.1725922370125903,1.6500505044666427
0.01499368631334919,0.010251191169966168,4.186532680529103E-4,-0.008322666678037292,0.320653989262993,-0.3275852167926182,3.245035429775042,1.55615220856533
0.015007348400470924,0.010259787743357498,4.303018194902956E-4,-0.008293327949963654,0.3138358349052112,-0.34073021211890925,3.2239238954427596,1.5561865565793485
0.014999383224542409,0.010078532631204675,1.3090134846609658E-4,-0.008332161791770328,0.3154571559380674,-0.10102207902067724,3.302373517797831,1.3293020022041326
0.015013137605600422,0.01008660980750973,1.4349320732897402E-4,-0.008303585130202192,0.30818537006875796,-0.11554088426228658,3.281913423244681,1.3302808361508136
0.01499911186666351,0.010094236641409177,1.5705004631265827E-4,-0.008331709959915742,0.31691798987484293,-0.12161451209262515,3.2977649269649034,1.3500221694249002
0.01501285505283647,0.010102334466247039,1.6954199970917744E-4,-0.00830307087575373,0.3083992874332453,-0.13618262521201718,3.2772569933561466,1.3509322814073832
0.014998791184455908,0.010109939502481563,1.8320335354821731E-4,-0.008331175828037244,0.3181665723827494,-0.14224826371220312,3.2930246909327976,1.3707005061224506
0.015012546505508482,0.010118065387174436,1.9559721148388863E-4,-0.008302430006005617,0.30876763282700376,-0.15680806767938035,3.272448493754139,1.371560573341714
0.014998421182633165,0.010125641080081592,2.0937619030401706E-4,-0.008330559030325735,0.31842701166311554,-0.16294948101075685,3.288161927907159,1.3913721990210897
0.014994450670793703,0.010235504770669994,3.924717187141422E-4,-0.008323942456432917,0.3217700636627196,-0.3069502433391192,3.2508386558967355,1.5355791787501982
0.015008149817872204,0.010243999978731835,4.0415858217925554E-4,-0.008294624416860531,0.312907115854566,-0.3204408753433876,3.2297824922767906,1.53574071069594
0.014995165756016561,0.01021981599104591,3.6630077827630485E-4,-0.008325135335594905,0.32250031733527157,-0.2863057458379021,3.256543728935488,1.5150618662390307
0.015008853361368832,0.010228228418506402,3.780483433488005E-4,-0.008295928059400019,0.3120169140073043,-0.3000912755138713,3.2355734669953446,1.515289240937544
0.014995831562063067,0.010204124970286515,3.401593892617646E-4,-0.008326244591871658,0.3217773314919877,-0.26574633548011495,3.2621341964289443,1.4945729254428997
0.015009475097960101,0.010212486354104362,3.519865822425651E-4,-0.008297207672901168,0.311409667878183,-0.2796889252273563,3.2412770149603958,1.494846099060604
0.014996448082291579,0.01018843184700263,3.1403993775096695E-4,-0.00832727068617469,0.31975734166978437,-0.24529022937702225,3.267590603597071,1.4740500338923408
0.015010059903510687,0.010196763901637351,3.2594972506643465E-4,-0.008298379727372504,0.31120795576422017,-0.25925404634673715,3.246843211632402,1.4743907407186725
0.014997015310364325,0.010172736759216247,2.879103649008319E-4,-0.008328214925426432,0.31801522852717634,-0.22484811847931294,3.2729115812485468,1.4534477077003476
0.01501064317317582,0.010181042267000883,2.999063229868109E-4,-0.008299378421746538,0.3111269696957368,-0.2388152876670204,3.2522265619472193,1.4538960412241815
0.01499753324023817,0.010157039844353498,2.6175122610286837E-4,-0.008329077953517394,0.3174095578557555,-0.20431810571315148,3.2781064158269277,1.432771516254969
0.015011214313212867,0.010165308120347959,2.7384066141751686E-4,-0.008300224270641506,0.31081339483016274,-0.21837447549637926,3.2574386070794827,1.4333558494093974
0.015012183322523158,0.010133807287910359,2.2166702324808143E-4,-0.008301717173249406,0.3094248857348126,-0.17738712001116266,3.267526981588382,1.3921728884029674
0.014998001866155195,0.010141341239237567,2.3556653814811576E-4,-0.00832985953929048,0.31779484338074054,-0.1836691648496104,3.2831871946278395,1.4120651401049205
0.015011737689503452,0.010149559314826218,2.4775437614368373E-4,-0.008300984944369585,0.3101988336055732,-0.1979063540636211,3.262526112950912,1.4127761791855507
0.014999975326556125,0.009984292236633436,-2.619449173667722E-5,-0.008333148614020479,0.31335323083073385,0.02414693877500936,3.327299165385279,1.2040512289624226
0.01499990130855483,0.009968584960421897,-5.238530857166061E-5,-0.008333025043710965,0.3134347725290732,0.04517660570585714,3.331052784525834,1.1831307223123437
0.015013859881677376,0.009976410227424879,-3.903688755555618E-5,-0.008304639482992413,0.30468788059399704,0.02937068478254137,3.311022624651913,1.1851275035795992
0.014999605253615366,0.009937172394430335,-1.0475922807748029E-4,-0.008332531572424803,0.31458080505626757,0.08711577348444362,3.3383465354564783,1.1414587429629353
0.015013509600416926,0.009944868951831587,-9.127890296742905E-5,-0.008304415581272555,0.30330183799388183,0.07125717551650525,3.31833592456989,1.1433710075777306
0.014999777949631272,0.009952878302440087,-7.85875692246344E-5,-0.008332819220051114,0.3144432663358714,0.06621890726514082,3.334737208787152,1.16225300612357
0.01501372858781738,0.009960638720747761,-6.515763712320318E-5,-0.00830453126568957,0.3039870416392158,0.050258374757089906,3.314725297874625,1.164266019240441
0.011223992729201722,0.005137712819657432,-0.008062399977002255,-0.002029566444446093,0.7029499358642424,2.207813038009172,-2.26131799729306,-1.2882222995211643
0.011228203096582517,0.005153195160361302,-0.0080778652089322,-0.002046985401675831,0.7148894488894563,2.224018175331713,-2.274595406071859,-1.2925000127455546
0.011090665429940798,0.005120404840570065,-0.008132518022556389,-0.001817747374048371,0.6862331775901933,2.054107769698882,-2.3419870623491588,-1.1465683435422038
0.011101449618754306,0.005108547809666564,-0.008111331910042173,-0.001826497907233639,0.6769785277049777,2.057963545668627,-2.3217182035578676,-1.1592475459081408
0.011075327667428128,0.005117001903782517,-0.008138185305323543,-0.0017922037250331377,0.6815666561788691,2.0351806127064114,-2.348877818522264,-1.130339179408028
0.011086080268242883,0.005105116175126349,-0.00811708539586972,-0.0018010230281137664,0.6737975214624522,2.0392024450712767,-2.328769664590593,-1.1430240017226343
0.011059979335296838,0.005113647187447097,-0.00814377727744232,-0.0017666196118776708,0.6781929587296692,2.016227835581708,-2.355679793070415,-1.1140531044077016
0.01107070841265913,0.005101703281099168,-0.008122720655457901,-0.001775526519519271,0.6704567145682455,2.0204370680010832,-2.335665571014513,-1.1268167200697918
0.011044620593952056,0.005110340726114831,-0.008149291756900368,-0.001741004986819122,0.6757096028605923,1.9972898852065033,-2.362398501259132,-1.0977056927768114
0.01105531596924513,0.005098343955588175,-0.008128286474725925,-0.001750002705842642,0.6667226877538934,2.001659671837407,-2.342451648626438,-1.110589087918204
0.01103989919517534,0.005095060735524204,-0.008133810520041524,-0.0017244556564392285,0.6630254444674817,1.9828788914064635,-2.3491736995556205,-1.0943117988094961
0.011127809603062972,0.00509985947482063,-0.008084373318678726,-0.0018605934357556787,0.677886499697557,2.075247358567052,-2.2967143502815204,-1.1818148502238695
0.011112402288212891,0.005096357895688048,-0.008090309463857463,-0.0018352112616811134,0.6746125661150749,2.0566333870123867,-2.3039656185352855,-1.1657226144791106
0.011219837220379168,0.005121732430611261,-0.00804701511072056,-0.0020120995235570573,0.696860729254814,2.18638138501615,-2.2508503021998867,-1.2777031511356045
0.011204486238311257,0.00511791605350929,-0.00805341222593844,-0.0019868041662334857,0.6938329151640615,2.1678036395139846,-2.2587613458984666,-1.261725606238221
0.01118911175539884,0.005114225933840412,-0.008059827646591385,-0.0019615241658475363,0.6907963562164862,2.1492804258370124,-2.26663424401637,-1.2457394495348433
0.011173752396886706,0.00511065741791717,-0.008066229334910137,-0.0019363108750030768,0.6876969097484512,2.13083913541567,-2.274440004216773,-1.2297759770376002
0.011158435582631706,0.005107119511748578,-0.008072493495069423,-0.001911143050820769,0.6844769691500984,2.112413113399429,-2.282082744433499,-1.213829698206743
0.01114314263947224,0.0051035007181897225,-0.008078504508402513,-0.0018859217862410536,0.6811714699385644,2.0938812305866388,-2.289476487849654,-1.1978545879423594
0.011425095195354023,0.005207390722771272,-0.007987553708712767,-0.0023750875264885573,0.7517290850724575,2.467121923709019,-2.160292017285965,-1.4998225254648316
0.01143659622672021,0.005196071474332359,-0.007964367575910174,-0.002381722589870801,0.7404991654118794,2.4672328757886604,-2.137549542325099,-1.5096724973433304
0.011440145198604604,0.005211891625397759,-0.007980046673001768,-0.00240018976209137,0.7532634842556285,2.4856468766088238,-2.1506086310044545,-1.5156938558171202
0.011394952446763721,0.005198530675796428,-0.008002326556413699,-0.002324828388711516,0.74825592637309,2.4301306207548716,-2.1792916510670604,-1.468045871053241
0.011406372204275853,0.005187242109214205,-0.0079794174399251,-0.002331735464177528,0.7352997618202323,2.430510433760403,-2.1567755800314967,-1.4784491878573844
0.011410030890272257,0.005202937056022924,-0.00799498185165569,-0.0023499618691013237,0.7502965096608284,2.4486150430289837,-2.169861541905084,-1.4839158100842555
0.011421491507037487,0.005191619378603283,-0.007971916421605456,-0.0023567313445523185,0.7378794552368374,2.448885419344476,-2.147203974078049,-1.4940969537135163
0.011898891187242081,0.005374612204472543,-0.007708853033912991,-0.0031647489942988453,0.8037625173075981,3.036168981286879,-1.7891108859187448,-1.9770907206159773
0.01191147673450692,0.005364686450832784,-0.007683273831501578,-0.0031683740255518326,0.791570669570604,3.028936125774169,-1.764620725078834,-1.9816855287135946
0.01191341300395313,0.005380600615198654,-0.007698860172324736,-0.0031889816096135836,0.8028818159749761,3.052863682786606,-1.7753658361091367,-1.9910309906043622
0.011884350654762897,0.005368669455772496,-0.0077187632105440405,-0.003140501274698677,0.8036439888626866,3.019446275838753,-1.8027162811905864,-1.9630920697796423
0.01189688714442614,0.005358725221514226,-0.007693295296300265,-0.0031442509338827124,0.7904226789403933,3.012412351405778,-1.7782505240729878,-1.9679271470375574
0.011869791551180906,0.0053627724279336365,-0.007728586638689881,-0.003116248446832727,0.8021214262045535,3.0026648565661294,-1.816145115715733,-1.9491110653519492
0.011882278089820125,0.005352830483839662,-0.0077032646343563405,-0.003120114395402995,0.7896114211432949,2.995824267512864,-1.7917985036510575,-1.954068656172721
0.011855214021089622,0.0053569211792225116,-0.007738330975152006,-0.0030919718275530007,0.8004020400443035,2.985798531999304,-1.8294130125312622,-1.9351378364751468
0.0118676698915951,0.005346968140518102,-0.007713123911901361,-0.0030959533495369933,0.7889422276473841,2.9791430680440745,-1.8051931390878833,-1.940125297960363
0.011927915960164924,0.005386634628544867,-0.0076888021130730845,-0.003213156830195114,0.8035194946346399,3.069515280915553,-1.7615470022679707,-2.004817387710862
0.0119260250270894,0.005370736352573072,-0.007673245595826126,-0.0031924855420678243,0.7926451426455348,3.0454101779941514,-1.7509471450220462,-1.995343818598082
0.011940542156405186,0.005376834035286345,-0.007663155819660144,-0.0032165565909803226,0.7931849621566786,3.061786383357249,-1.737151752662302,-2.0089219530188918
0.011942399911086579,0.005392714184532195,-0.007678681616806133,-0.0032372682272996754,0.8058366833392735,3.086054071844977,-1.7476465771211587,-2.01846920642646
0.011955054359732318,0.005382934655071572,-0.00765293028878889,-0.0032405669612288516,0.7934752304363374,3.0780322493628045,-1.7231606653057343,-2.022435003544544
0.011956864711873457,0.005398839222606494,-0.0076684828491748085,-0.0032613535151295187,0.8074852077181763,3.1024488091666993,-1.7335941241400423,-2.0320852952047184
0.012241915987078057,0.005530792832404855,-0.007448570197127823,-0.0037364229947024568,0.8105932770605654,3.410438923755558,-1.426484748524338,-2.285849200553568
0.01222786458708959,0.005523771746035269,-0.007460271177398691,-0.003713005682680933,0.81102850931272,3.396180905049984,-1.4429578587101666,-2.2740872569319377
0.012241157474489306,0.005514748329734914,-0.00743296498125762,-0.0037140531928145358,0.7971486654807663,3.383030031835616,-1.4188190215274012,-2.2737686076484533
0.012255945233250498,0.005537858013848691,-0.007436784621815508,-0.0037598254036561364,0.8091493861771412,3.4246314561838727,-1.4098342303167994,-2.2976013165919325
0.01225528020610162,0.005521766025491679,-0.007421099357417588,-0.0037373375556479624,0.7969796508841652,3.397106890257433,-1.4022835473543347,-2.285318902200814
0.012269952191399801,0.005544967222482057,-0.007424920728764362,-0.0037832002086321567,0.807334982823305,3.4387818064318143,-1.3930472595671854,-2.3092719908376727
0.012269389295614911,0.005528865165075586,-0.007409186411435954,-0.003760638268811538,0.7969893042044315,3.4111078622098945,-1.3856771031302466,-2.2967494312129575
0.012599083920050672,0.0057286111419663464,-0.007118881834446738,-0.004331694591614283,0.7892386411015254,3.7381609002458,-0.9612565094188025,-2.54987021411306
0.012613038781340477,0.005720721084936677,-0.007090082721506148,-0.004329403033245221,0.7750959468254178,3.718465819966758,-0.9391638053870884,-2.544398465686444
0.01261249009514167,0.005736797506241737,-0.007105240568886419,-0.0043540339295691155,0.7878465839850511,3.748723227945215,-0.942066693392548,-2.558357138143083
0.012626499120212872,0.0057288961455195095,-0.007076303175927931,-0.004351561342049494,0.7737968861006569,3.728824863932783,-0.9199909583465004,-2.5526344640430594
0.012625870501321728,0.005745025956567025,-0.007091518879088355,-0.0043763470026790445,0.7857474484418651,3.7591627139427435,-0.9227273214699707,-2.5667872132395115
0.011228203096582519,-0.005153195160361302,-0.008077867726539602,0.002046974655152907,0.7149059456689267,2.223619637671287,2.2745851294876775,-1.29276598985574
0.01124342629880737,-0.0051570782538395065,-0.00807138914861645,0.002072373306791221,0.7166496481897981,2.2425122584319452,2.266497667657944,-1.3089488496303272
0.011239199791086415,-0.005141542203894547,-0.008055924911351554,0.002054755743897582,0.7061687876336943,2.226555778526922,2.2532724750939863,-1.3040465653902478
0.011090665429940793,-0.005120404840570064,-0.008132515338389604,0.0018177592160118874,0.6852724416224957,2.0537808018025596,2.3419777500434886,-1.1466663545203166
0.011086011059081738,-0.005105119844578998,-0.008117132241860043,0.0018009268926301412,0.6738637507526769,2.0392877951214365,2.328814254719869,-1.1429247329207046
0.011075327667428126,-0.0051170019037825145,-0.008138187711607044,0.0017921924850186823,0.6820749194379415,2.034826551878596,2.348898455599164,-1.130353388554759
0.01110599246222428,-0.005123855962596771,-0.00812676661259413,0.0018432904093684552,0.6893468307010108,2.0727153002620424,2.3349615559672454,-1.1629207067495415
0.011101386396582152,-0.005108575359176688,-0.008111401944225447,0.0018264229047302751,0.6772737250912169,2.0580598729383563,2.321803308719225,-1.1591178291244415
0.01112130860346941,-0.005127355233983758,-0.008120939142033596,0.0018687968428198088,0.693815199616575,2.0916098360017443,2.3278313382817077,-1.1791702506204873
0.011116741702934323,-0.0051120584021206806,-0.008105573216131133,0.0018518763304182417,0.6804064062518199,2.076810855923373,2.3146507835768375,-1.1753033553877008
0.011136613692675218,-0.00513090261818238,-0.008115026049169098,0.001894308491137462,0.6968750426433196,2.110485412866002,2.3205591140097805,-1.1954711093139974
0.011132088915472372,-0.005115558633131047,-0.008099628944706326,0.0018772958378528647,0.6835954602325937,2.0955499016506742,2.3073476466225835,-1.19148764851941
0.01115190756865576,-0.005134498077970416,-0.008109028547893148,0.0019198199094508522,0.6989259042771078,2.1293827351172796,2.3131649836913937,-1.2117751745527483
0.011147426659284346,-0.005119113237180389,-0.008093611249352454,0.0019027002008468708,0.6871016289976213,2.114290423967336,2.2999527924557897,-1.2076381340805653
0.01116719007004694,-0.005138141575448354,-0.0081029551833433,0.0019452948638150082,0.70203315453593,2.148289921712638,2.305689079108908,-1.2279941474058942
0.011162740204167472,-0.0051227491372418926,-0.008087557995861928,0.0019280866614088366,0.6905683172417624,2.133022469916631,2.2924963452353855,-1.223733995462734
0.011182461035313318,-0.005141833072035735,-0.008096807889442392,0.0019707254289183626,0.7063557506879508,2.1671554168139044,2.298122863569615,-1.2441355919726522
0.011178026816151347,-0.005126437212107953,-0.008081438371305092,0.0019534361904982134,0.6936356047351248,2.1517293877790364,2.284929669006665,-1.2398029823590326
0.01119772030275495,-0.005145572528467586,-0.008090580533429939,0.001996136939320261,0.7104510482638665,2.1859676338814036,2.2904253683031337,-1.260288032510348
0.011193306673773544,-0.00513014338984905,-0.0080752023078178,0.0019787554543580373,0.6964785931873264,2.170423992870036,2.277200623289176,-1.2558830111536958
0.011212967710514188,-0.005149359904790919,-0.008084267238987987,0.0020215530735532726,0.713298833412949,2.204771846331268,2.282574657550602,-1.276509835862319
0.011208600034130663,-0.005133873449277657,-0.008068843368208739,0.002004074001794257,0.6994561522515648,2.1891291181941717,2.269314473794116,-1.2719739234672327
0.011223905668018126,-0.0051376621822191455,-0.008062400455852018,0.002029411141085059,0.7027379478260324,2.207845608938976,2.2613210702291315,-1.2880401656943727
0.011319353867715836,-0.005177209793932224,-0.00803785256589463,0.0021988585273172876,0.7333953529933764,2.3362708668967067,2.2243730567057542,-1.3891633013747573
0.011334500554468822,-0.005181379007421065,-0.008030892640539368,0.002224143610230851,0.7342765586992948,2.3550630368077257,2.215520045090316,-1.40534321845488
0.011330623667186556,-0.005165681243214878,-0.008015276794853142,0.002206177628669753,0.723019497520125,2.3382769364577167,2.2022927137482693,-1.3996010247872286
0.011345851746529136,-0.005169915157076705,-0.00800824698705413,0.0022314158551214815,0.7262078640112054,2.3568551645957103,2.1934258035232492,-1.415385931148264
0.011258637154898948,-0.005161009143188233,-0.008064839576535577,0.0020977177908666285,0.7200680781730889,2.2613868413434943,2.258337362701296,-1.3249863405506879
0.01125445628616775,-0.005145504603478836,-0.008049423873446607,0.002080068000300491,0.7093138471071886,2.2452303336707025,2.2451630309406787,-1.3199916858185141
0.01127383550243706,-0.005164987785668902,-0.008058217860681671,0.002123013026166018,0.7246786986451424,2.280174980019886,2.2500779150286196,-1.3409308358954075
0.011269675731919284,-0.005149499301080939,-0.008042841778262796,0.0021053168236826562,0.7119591015669333,2.263854881363842,2.2369215712575365,-1.3359148697058865
0.011289021178877924,-0.005169014137838514,-0.008051516078336759,0.0021482894123873303,0.7288721200856775,2.298875670884707,2.2416728817048366,-1.3569039838205585
0.01128488591067847,-0.005153492664172679,-0.008036123208004542,0.002130516734608694,0.7143887856246592,2.2824520997584465,2.2284913182440147,-1.3518531489686068
0.011304194021561008,-0.005173088155546601,-0.00804472821811953,0.002173569311321527,0.7318223869427066,2.317551408052854,2.2331014910556237,-1.3729851339686368
0.011315367399181537,-0.005161547261376173,-0.00802229539746657,0.002180932885947721,0.7198552464993139,2.319668168890995,2.2111225366789395,-1.383734045367504
0.01130011458379926,-0.005157496792079354,-0.008029262657497925,0.002155711798007701,0.7169666348241696,2.3010545833648695,2.2198764996584153,-1.367804371413609
0.011455180736571003,-0.005216439712524502,-0.007972475331495529,0.002425220772853382,0.7570186005577456,2.5040173112450543,2.1409205295781955,-1.5313579998353044
0.011470201646392161,-0.005221034932232109,-0.007964819024716194,0.0024502479076085036,0.7594162134397816,2.522405526705736,2.1309979454338728,-1.5470834045839859
0.011466754067852561,-0.005205327288733744,-0.0079492682659836,0.002431793581712073,0.7451169133467194,2.504068589601743,2.118131033505538,-1.540576621429694
0.011485207893971856,-0.0052256772719385955,-0.00795707646483101,0.0024752755551057178,0.7605783772779944,2.5407983648015917,2.1209193880422434,-1.5628591933159381
0.011481837139070963,-0.005209900806210349,-0.007941441333860879,0.002456725064884546,0.7474701815782555,2.5223154101930554,2.108063187981118,-1.5560668509750428
0.011500199429168908,-0.0052303667150690415,-0.007949253437270758,0.0025002847396358814,0.7617348805582772,2.559220116912398,2.110719679481953,-1.5786123432216268
0.011496913660618946,-0.005214550847241807,-0.007933561832820908,0.002481664237963879,0.7499602529452992,2.540543832535661,2.0979062623550067,-1.5714917370604662
0.0114401451986046,-0.005211891625397759,-0.007980047240299737,0.0024001883472663057,0.7533686381284973,2.4855777971949866,2.150679994617022,-1.5156947713351796
0.011451676778069181,-0.005200796153950141,-0.00795699506561519,0.0024068582557503983,0.7430778466804524,2.4858003633708194,2.1280608960648686,-1.525042375714606
0.011379860028177457,-0.005194171632003687,-0.008009566061399638,0.0022997629349191845,0.7417882604315916,2.411436749273843,2.1884730530299095,-1.4529792693719266
0.011376161116796733,-0.0051786029602915035,-0.007994109756322353,0.002281737868379614,0.731735320136238,2.393856517741307,2.1754953306322258,-1.4467874748709884
0.01139495244676372,-0.005198530675796427,-0.008002311798082348,0.0023248793260542064,0.7462686787070991,2.4300426706824414,2.1792557896454596,-1.4686143177506892
0.01139127134466674,-0.0051829856306779935,-0.007986902939418403,0.002306811738870464,0.7338612059334418,2.412292144605516,2.16630877187808,-1.4624805443965598
0.011410030890272255,-0.005202937056022924,-0.007994970962041171,0.002349999006979839,0.7490006466485019,2.4485681243237853,2.169863091417218,-1.484302207630923
0.01140638676791282,-0.0051873648388365,-0.00797954630214359,0.0023318498736009173,0.7360140986376197,2.4307004714218547,2.156923088294612,-1.4781885284200917
0.011425095195354026,-0.005207390722771273,-0.007987545417051793,0.002375115615128504,0.7505296014081964,2.4670794185981824,2.160321051628316,-1.5000201872296455
0.01142150226272,-0.005191784631088286,-0.00797209313889081,0.002356875151914867,0.7385495297978563,2.449100110970369,2.147409709413624,-1.4938652435018076
0.011436598789844273,-0.005196274075179708,-0.007964590004696072,0.0023818865647710057,0.7410188462298408,2.46747893220023,2.1378083171400815,-1.5094779981332822
0.01137259692293058,-0.005162629717883169,-0.007978777561429536,0.0022638546185800947,0.7248227213908122,2.371109757609012,2.1654929656760333,-1.4359213313967885
0.011357434867678998,-0.005158110349490378,-0.007985669611921908,0.0022386899932174725,0.7221811436853732,2.352537415203638,2.174336828386925,-1.4201991677004118
0.011515176111420448,-0.005235103217132526,-0.007941352056364051,0.0025252684811384483,0.7630537049045967,2.5776514990299235,2.100410787135585,-1.5942875125381561
0.01151197132020824,-0.005219277879805691,-0.007925639782347518,0.002506596939916632,0.7523850347770827,2.558735024706749,2.0876662941134856,-1.5868507405609475
0.011530137799930005,-0.0052398867331516835,-0.007933371911815179,0.002550228119189203,0.7642119735127709,2.596068478193207,2.0899944190356243,-1.6098456085605628
0.011527002007947908,-0.005224076185450754,-0.007917675269601512,0.0025315083591516663,0.7547802870830855,2.576881822036387,2.0773436570438673,-1.6021524263675844
0.011545084353673888,-0.005244717217658645,-0.00792531666334928,0.0025751525026835665,0.7657566972776956,2.6144470041692243,2.0794858170324666,-1.6252435712346285
0.01154199576958026,-0.005228947387572114,-0.007909678627403284,0.0025563875974351238,0.7571176967490202,2.594986767758845,2.066947708940464,-1.617402191934054
0.011560015631407591,-0.005249594624691071,-0.007917190540189321,0.0026000288722334407,0.768402576629661,2.6327492722503187,2.0688906582031783,-1.6404750265951893
0.011556951544322692,-0.00523387903595474,-0.007901636918082154,0.0025812247561909515,0.7591843491935183,2.6130460713549257,2.056456896095202,-1.632613502620279
0.011574931491672196,-0.005254518907788254,-0.007908990316731168,0.0026248673424279175,0.7715223282899096,2.6509444337006096,2.05817973375172,-1.6556022052255441
0.011571884078726424,-0.00523884124754359,-0.00789350486336716,0.002606014198946575,0.76092078329851,2.631050919647203,2.045817521892415,-1.6478059081508747
0.011589831792800676,-0.005259490019987282,-0.007900709332791193,0.002649688244214523,0.7739141729301388,2.6690411216124246,2.0473209284924043,-1.6706949499852641
0.011586807417654242,-0.005243820755646132,-0.00788525682888114,0.002630760828118033,0.762590481018356,2.6490034515776872,2.0350080878415535,-1.662980479417816
0.01160471639292431,-0.005264507913819306,-0.007892348551032142,0.0026744888175677917,0.7758450045618023,2.687067735858898,2.0363220669462607,-1.6857609509068598
0.011601717586805156,-0.005248833481513896,-0.007876914511124456,0.0026554716875549188,0.7643604238274829,2.666911460519717,2.0240597620080503,-1.678113011438662
0.011619585149978953,-0.005269572541305844,-0.007883914027719862,0.0026992512207459356,0.778399095365545,2.7050236688932743,2.02520685978119,-1.700783751620796
0.011616600917780079,-0.005253886524458691,-0.007868497756918537,0.0026801359751209403,0.7660316599404019,2.684761254379272,2.0129901876564955,-1.693180170233137
0.011634437921711378,-0.005274683853955189,-0.007875405696699575,0.002723975684525192,0.7814440890337013,2.7228873762236034,2.0139660577733856,-1.715794997318716
0.011631460813921546,-0.005258961174354298,-0.007859983211155814,0.0027047422579862574,0.7674451722093468,2.7025337091332635,2.0017658573241306,-1.708184832272172
0.011649274565685586,-0.005279841802758872,-0.00786681706081339,0.0027486808709143696,0.7839810041250003,2.7406693001498845,2.002564827626529,-1.7308617530874608
0.011646322400554512,-0.005264046406490802,-0.007851336427779675,0.0027293116910493864,0.7687699696509699,2.720240532220141,1.9903506947555982,-1.7231437532716296
0.011664094939289061,-0.005285046338188198,-0.007858141616339718,0.002773385001377264,0.7852838735559303,2.7584239890168623,1.99097925212492,-1.7460226857291226
0.011661209564157305,-0.0052691595662404745,-0.007842554084783024,0.0027538879950598973,0.770268473105652,2.737909947554123,1.978750665896724,-1.738059203782899
0.011678898899739066,-0.005290297410190857,-0.007849376740642473,0.0027980949815992477,0.7851022205267832,2.7762138406223706,1.979216294564744,-1.7612415091337559
0.011676123185546283,-0.005274336624846128,-0.007833673905190103,0.0027785033538444428,0.772110599626166,2.7555588975727296,1.967016067738814,-1.752913616866507
0.011693686304088874,-0.005295594968187607,-0.007840527785662984,0.002822795421210824,0.7841444969285757,2.7940645483748816,1.9673217584823373,-1.7763974874017772
0.011691031829562062,-0.005279615420259336,-0.007824765597673896,0.0028031531689295046,0.7742763427042599,2.7731858740670785,1.955228237365166,-1.767680398670846
0.011708457009234034,-0.005300938961069021,-0.007831607800321777,0.0028474500972570653,0.784109921913195,2.8119346633833153,1.9553617065869677,-1.791345155708191
0.011705889502065218,-0.005285009216633651,-0.007815886006239434,0.0028277948377718565,0.7764452069972597,2.7907682398760514,1.9434411677486974,-1.7823462913702632
0.011723210871918575,-0.005306329337192306,-0.007822626789997036,0.002872031872071414,0.786275312061563,2.829729273031512,1.9433632378115575,-1.8060292847019774
0.011720680508820058,-0.005290486535055892,-0.007807014877170164,0.002852383930924544,0.7781515700875561,2.8082768790413533,1.931613676126222,-1.7969361851467245
0.011737947748741227,-0.005311766044378193,-0.007813579709241828,0.0028965550078747463,0.7897182643231457,2.8473681983371772,1.9312752876075059,-1.8205423817175956
0.011735435668174843,-0.005295988897186982,-0.007798059238111857,0.0028769059165638326,0.7792596719400913,2.825695209356528,1.9196324100621165,-1.8114985273240822
0.011752667496161624,-0.005317249029907896,-0.007804452276975127,0.002921058354499085,0.7923397124026107,2.8648513376368148,1.9190247099609736,-1.8350269464260223
0.011750189564860585,-0.005301483590514668,-0.0077889521721790774,0.0029013691828827033,0.7801705197919008,2.843028314346595,1.9074326280707636,-1.826050607434022
0.011767369970506484,-0.005322778240520137,-0.007795237817104383,0.002945559714566411,0.793513579141773,2.882242184739304,1.906593794481126,-1.8495390242958478
0.011764946310324702,-0.005306989815301912,-0.007779712080636387,0.002925792466351164,0.781302141228058,2.860295755087392,1.895051518929732,-1.8405619227482506
0.01178205502797576,-0.00532835362240823,-0.00778594069768269,0.0029700473480322957,0.7939938729701126,2.8995934545494286,1.8940157084270508,-1.8640371886936016
0.011779690549000221,-0.0053125446799586725,-0.007770393969704581,0.00295019200705379,0.7826719855804373,2.877508506818191,1.8825552468386946,-1.8549962188686333
0.011796722524648843,-0.0053339751212172605,-0.007776570118874076,0.00299449701996538,0.7949229951808962,2.9169050525448132,1.8813326333474258,-1.8784542334836323
0.01179440486695727,-0.005318164870841833,-0.007761032268800291,0.002974565098286006,0.784043551827438,2.894659501411139,1.8699748490276298,-1.8693391074220933
0.010501734106237882,-0.00502523740399226,-0.008291124342840768,8.362509139517308E-4,0.5238916709182696,1.3417183602381986,2.533451964839987,-0.5221577504183861
0.010495319338096809,-0.005010570348006977,-0.008275300746234657,8.21530100925303E-4,0.5146530541102793,1.3313295049476048,2.5213851356399126,-0.5202347107863003
0.010486105170072865,-0.005023685925945949,-0.008293709367724304,8.102108694145108E-4,0.5186441037704381,1.3233404685087495,2.53669894667579,-0.5058901209644668
0.010740135797702359,-0.005025818359832548,-0.008206851176172326,0.001221074222341529,0.5818128526357511,1.6093851473401537,2.445352131915058,-0.7753921471946286
0.010880085203710768,-0.005049190697037467,-0.008169032305752354,0.001452099400581443,0.619227176491285,1.776593812364,2.3994532293863924,-0.9222333941113584
0.010755760353037255,-0.005028300874618858,-0.008203051650172153,0.0012468957428769783,0.5860472974366306,1.6280168421633225,2.440680950130123,-0.7917919185798218
0.010771303092553372,-0.005030917393814304,-0.008199302195141594,0.001272626983935042,0.5903047663921241,1.6466470259113428,2.4360269455567214,-0.8081197139729731
0.010786787848586337,-0.0050335623306991765,-0.008195470327549649,0.0012982620455879049,0.5946261811293577,1.6652295462168742,2.4312852616564666,-0.8243909370876145
0.010802270307752408,-0.005036110191316825,-0.008191384861754915,0.00132383097427741,0.5989402302617083,1.6837292520981146,2.4263184324920313,-0.8406447740361102
0.010817793060376385,-0.0050385635797571575,-0.008187028754247233,0.0013493966779814627,0.6031397787109961,1.7021833854190598,2.4211089267566126,-0.8569176914138045
0.010833360842888941,-0.005041039864100305,-0.008182535750811999,0.0013750168391531358,0.6072215590341186,1.7206765821208017,2.4157563435130576,-0.8732264549516714
0.01084895197614349,-0.005043625940040738,-0.008178016843045435,0.001400698370231552,0.6112454922661305,1.739252391359911,2.4103443888708838,-0.889564622520293
0.010864536884681824,-0.005046342643860966,-0.008173510319587846,0.0014264072564145606,0.6152437317854234,1.7579003197881484,2.4049044740941645,-0.9059095516678205
0.010911032024685394,-0.005055069968471553,-0.008159939015422613,0.0015032739129160336,0.6272651406612869,1.8139227889354217,2.388350578073815,-0.9547512797154852
0.010890586098154992,-0.005036046778215604,-0.008148277681326399,0.0014616987042692842,0.6149671542947184,1.7783583223492652,2.381787536993274,-0.9321475495115606
0.010905950716335636,-0.005039248937584266,-0.008144074655244894,0.0014871127596407221,0.6190041722282755,1.7969295028160952,2.376501546894041,-0.9482027224863067
0.011013872524174524,-0.0051038727033783145,-0.008160072927633157,0.0016897529434167318,0.668469428343006,1.9592078367365122,2.3754924171448497,-1.0649565739239382
0.011008963314120906,-0.005088698332187437,-0.008144721280620297,0.0016732346166977968,0.6559260591767114,1.945328202709158,2.362412242423708,-1.0615478966353178
0.01102925160358667,-0.005107082553678812,-0.008154724802172247,0.0017153767685408872,0.6724432534305803,1.9780775179283132,2.3690178078797177,-1.0812685690101291
0.01102436801588548,-0.005091876703334008,-0.00813936872015776,0.001698766664780667,0.6594127610631495,1.9640966990252287,2.3559068592822467,-1.0778521002774324
0.011044620593952052,-0.0051103407261148285,-0.00814929374883938,0.001740995274066802,0.6758112117765154,1.9969625298530573,2.3624236727894457,-1.0976222806395983
0.011039776629686346,-0.005095096926413343,-0.0081339208876104,0.0017242978907592544,0.6629845597077484,1.9828821176491378,2.349280041824645,-1.0941529836194306
0.011059979335296835,-0.005113647187447097,-0.008143781018961281,0.0017666022472012856,0.6789714270561488,2.0158804103793697,2.3557159353099952,-1.113994131791998
0.011055193494224314,-0.005098375748087833,-0.008128393361452456,0.001749843923748493,0.6666315460982369,2.0016866280031262,2.3425504993980906,-1.1104391801378444
0.011070610057718373,-0.005101717445429149,-0.008122795089445885,0.0017753947558312056,0.6702682801051819,2.0204942423939656,2.335726706984777,-1.1266994415865297
0.010926522722497575,-0.0050578876401855795,-0.008155026830862012,0.0015287870608149017,0.6312223172442617,1.8324755402295307,2.382458919688944,-0.9709944959844342
0.010942090128932873,-0.005060704041374241,-0.008149928138444026,0.0015543880460242396,0.6350159984780551,1.8510732715144724,2.3763764427295517,-0.9872960923849802
0.010957679368613103,-0.005063713493618074,-0.008144898316494445,0.0015800958629134242,0.6387313001840967,1.8698200026421896,2.3703036158206916,-1.003640387274095
0.010973211529806825,-0.005066885599992989,-0.00813994597036395,0.0016057772452370935,0.6424860364139405,1.8886199161067003,2.3642518518163698,-1.0199529550500228
0.010988675301984045,-0.005070070430910186,-0.00813490354898931,0.0016313349046373682,0.64626688307067,1.9073389241220744,2.3580936816936355,-1.0361941987683088
0.011004093559352472,-0.005073234394390925,-0.008129719542164243,0.0016567841347138923,0.6500069930275226,1.9259671258457007,2.351790629807972,-1.0523738902646949
0.010626579228399678,-0.005039415511198498,-0.008267501234639542,0.001044261404867673,0.563957214503191,1.4892010291155258,2.504273560195976,-0.6537134468417056
0.010636121898726559,-0.0050264563583661956,-0.008248394104041887,0.0010549951424579658,0.556134579452213,1.4970116549664676,2.4878311773824824,-0.6683063940299075
0.010595401104716106,-0.005035576818551542,-0.008273898256383982,9.923026909568046E-4,0.5548479358357897,1.4521297221907628,2.512076249708002,-0.6206190022472184
0.010610993105271279,-0.005037471670074724,-0.008270740202080313,0.0010182897852461237,0.5592418809851197,1.470653203606709,2.508216036647378,-0.6371641759006107
0.010604854878369966,-0.005022598139141703,-0.008254971103832916,0.0010031626286966975,0.5469974685106253,1.460046832475473,2.495902851821089,-0.6354494550871898
0.010620493838843495,-0.005024505670477247,-0.008251726237529488,0.0010290888498439437,0.5516507128925524,1.4785224095764937,2.491914762732336,-0.651880102113754
0.010645739622794385,-0.005013025245801814,-0.008229351760808037,0.001065524045711035,0.5555246044369105,1.4980926565519852,2.472593261789251,-0.6764707603275198
0.010734899816691852,-0.005009359321358334,-0.008189757414878979,0.001205821374729002,0.573523348992966,1.5935385382242322,2.4326437149065785,-0.7698512830439473
0.010703249688273965,-0.0050048817120316525,-0.008197561321683857,0.0011539556173685381,0.5648491151164556,1.556437394772421,2.4421282168117853,-0.7368888469189022
0.010719085262479106,-0.005007061345602591,-0.008193658908024875,0.0011798924609208571,0.5691889806626697,1.574969235468849,2.4373975579375515,-0.7533812487521728
0.010687372394751406,-0.005002758806418494,-0.00820140016426503,0.0011279521695971226,0.5604678852313243,1.537882113065595,2.4467871557722174,-0.7203515530754893
0.0106554359795211,-0.004998930582379724,-0.008209195856946344,0.001075746412808485,0.5516691876045662,1.5007899288797864,2.4561304819275525,-0.6870864067803663
0.01067140359143054,-0.005000715525002903,-0.008205220795872556,0.001101811542386352,0.556041414125244,1.5192643232706435,2.451413655165778,-0.7037187859923303
0.010579803377811692,-0.005033730973549848,-0.008276974005375533,9.663113814805268E-4,0.5498835891323425,1.433632441195554,2.515843227498857,-0.6041003643041315
0.010589207895784622,-0.005020743353950825,-0.008258138558390275,9.772234782553558E-4,0.5423586721792834,1.4415899999910662,2.4998109119973475,-0.6190067324333769
0.01,-0.005,-0.00833319006457924,-7.209810552668023E-9,0.3597607540138396,0.7683536608310421,2.6023647029184716,0.0031589231382231028
0.010015707763366567,-0.005000024673443877,-0.00833314901109614,2.616437542428582E-5,0.3652499316683075,0.7857731903263373,2.601190711294071,-0.013173207316084944
0.010007866878848332,-0.0049861138267133205,-0.008316418506610667,1.3076443590760217E-5,0.35411773713790734,0.7770324573959666,2.590484578474794,-0.012237137099084706
0.010157039844353498,0.0050024667597618295,-0.008329079596322677,-2.6169911587247275E-4,0.4139905561822008,0.9441068561185078,-2.5880171258215676,-0.16049976145872633
0.010165329459581682,0.004988661918642308,-0.008311685488964994,-2.742383105865747E-4,0.4072331066336489,0.952947519942308,-2.5751177538276004,-0.17617975820046586
0.010172736759216247,0.005002984689635677,-0.008328215372712958,-2.878927006487876E-4,0.41801955171804267,0.9619223153181297,-2.586277470607636,-0.17711705141948011
0.010141341239237565,0.0050019981338448065,-0.008329861361867356,-2.3550679753950898E-4,0.40991346761549147,0.92638141999557,-2.5897108571858607,-0.14386386236522858
0.01014956343386225,0.004988202990323563,-0.008312552301949565,-2.4809609211115215E-4,0.4016099497507786,0.9352065095816969,-2.576958621000944,-0.15981236319213363
0.010125641080081592,0.005001578817366836,-0.008330560534115752,-2.0932338576481842E-4,0.4054152631258315,0.9087559968263945,-2.591370545003389,-0.12728117726670535
0.010133813119575785,0.0049878275563774565,-0.008313372313751682,-2.2197958121434333E-4,0.3960845470682193,0.9174841955999656,-2.5787578505283046,-0.14340207775540767
0.010109939502481563,0.0050012088155440915,-0.008331177166250092,-1.8315395953276664E-4,0.4005122611314765,0.8912281459793401,-2.5930065257130512,-0.11082496593982893
0.010118080612956252,0.004987521808975065,-0.008314131254052693,-1.9589039527213514E-4,0.3907145389778071,0.8997847650414695,-2.5804976949897185,-0.12694562875182716
0.010094236641409177,0.005000888133336492,-0.008331710980186084,-1.570181615963433E-4,0.39458468718584055,0.8737713955361311,-2.594601447391572,-0.09458576064952473
0.010102362115769823,0.004987271130034609,-0.008314814006017711,-1.6982069162636306E-4,0.38551894171353435,0.8821150018536335,-2.582163706852992,-0.11044397862656972
0.010078532631204675,0.00500061677545759,-0.00833216159213673,-1.3093848433218182E-4,0.3848920762909727,0.8562998422275513,-2.596080650075889,-0.07864091769848021
0.010086641446930658,0.004987036680597187,-0.008315379827106275,-1.437374793295649E-4,0.38096713136677723,0.8644918885633611,-2.5837494044676848,-0.09392338253640382
0.010062827605569672,0.005000394746384635,-0.008332530505989033,-1.0482905406337564E-4,0.37552860025692475,0.8387100733081843,-2.597438386993155,-0.06274399543579805
0.010070913271782583,0.004986726525524385,-0.008315726088265587,-1.1763712264947639E-4,0.3768758891365238,0.8469417600262671,-2.585189044868846,-0.07752272103390569
0.010047121697559919,0.00500022205036873,-0.008332818847720623,-7.859702628709622E-5,0.3730951545917726,0.8210562487769374,-2.5987588882665484,-0.046502871036517096
0.010055177797814526,0.004986368592711864,-0.008315882063121144,-9.153525016461428E-5,0.37158923166212515,0.8294515617867857,-2.586471542697429,-0.06128892147480602
0.010031415039578107,0.005000098691445171,-0.00833302519012337,-5.235164036267317E-5,0.3711024055214321,0.8034922873554535,-2.6000390496843577,-0.030051767405676156
0.010039423392726704,0.0049861502627279956,-0.008316051214687233,-6.541201294152494E-5,0.3651599107671244,0.8119564819396451,-2.587758386541885,-0.04499863003422928
0.010015707763366568,0.005000024673443877,-0.008333148775714509,-2.6178714069016935E-5,0.36398575867705163,0.7860199904503858,-2.601231835023686,-0.01369785394135519
0.010023673823092978,0.004986080236098571,-0.008316247233069346,-3.929045202710836E-5,0.3596571261078329,0.7944675198112093,-2.589099141285478,-0.028599195385613608
0.01,0.005,-0.008333190071857175,1.1530746704492194E-8,0.3603482263593994,0.7685811417350973,-2.6023944792895177,0.0026816963133258404
0.010007952013764318,0.004986029797110652,-0.00831632536179496,-1.3213629581372718E-5,0.3542612697923401,0.7770130086180466,-2.5903527102865316,-0.012243480572112856
0.009984292236633437,0.005000024673443877,-0.008333149029946627,2.6149834200411283E-5,0.3516534900440081,0.7511534315063834,-2.6034687343818446,0.01894999469552943
0.009992216830192078,0.004986060427380478,-0.008316360913521262,1.2889574473400812E-5,0.34912394295732563,0.7595986269331023,-2.591578893400888,0.004157365067870185
0.009968584960421897,0.005000098691445171,-0.008333025450895275,5.2352598164591314E-5,0.34806206912346777,0.7337178983515659,-2.604512769945547,0.035341499129617114
0.009976474582509385,0.004986064313947973,-0.008316224763608339,3.9000969666286745E-5,0.343988692943719,0.7422068487261572,-2.592675222638824,0.020473757746100107
0.009952878302440087,0.005000222050368731,-0.00833281974499645,7.855216215662644E-5,0.3437251912896995,0.7163494686822375,-2.605517469183765,0.05177162252489611
0.009960710355938937,0.0049861630599106815,-0.008316056885563585,6.514336081115443E-5,0.33813277542144937,0.7248212440858793,-2.5937401076535664,0.03684265170514179
0.009842960155646504,0.0050024667597618295,-0.008329078166521727,2.617464679386706E-4,0.3051827845352076,0.5955068444499179,-2.6108790230725565,0.1661483188016323
0.009827263240783757,0.005002984689635676,-0.008328214347862118,2.8792831745039275E-4,0.3009586463726169,0.5783884145843226,-2.6114550399894765,0.1826378054588826
0.009834736448915976,0.004988699583026206,-0.008311694207529065,2.740773287761538E-4,0.29483310538286944,0.5868123467921275,-2.600286170239039,0.16781911438563227
0.010463916417889406,0.005007607880383382,-0.008280411656127829,-7.694722872807299E-4,0.5041659150647573,1.2947218864112704,-2.52797040155826,-0.48758647186586607
0.010470471553061363,0.005022183559254116,-0.008296219963511927,-7.84086541990962E-4,0.5169862519196883,1.3050157766671153,-2.5398851475645863,-0.48865316884752374
0.010957419684923995,0.005063509778635906,-0.008144802086450383,-0.0015795864853454372,0.6389142724989486,1.8694102029588926,-2.3702885786815036,-1.003301081760933
0.010941904867575502,0.005060743351471443,-0.00815007273515026,-0.001554123634509872,0.6351565377034731,1.8509417979132283,-2.3765351908497743,-0.9870770237193925
0.010972995509389129,0.005066364947925316,-0.008139457036744922,-0.001605157633671823,0.6425320007436026,1.8879779627566855,-2.363935161379306,-1.0195868150392349
0.010988623632279919,0.00506943228978063,-0.008134185329076034,-0.0016308945064136134,0.6461096279018018,1.9067487991044203,-2.357583866535728,-1.0359593908760039
0.011035233740708895,0.005079470105250451,-0.008118631797335234,-0.0017079958820702252,0.6572515908513513,1.9633628878559808,-2.3384788949287194,-1.0849411844636416
0.011019757099149407,0.005076147588832697,-0.008123953742532719,-0.0016824275513945212,0.6535192002723673,1.9445990843834988,-2.34499052572775,-1.0686909070025346
0.011004233046503728,0.00507273466227807,-0.008129053130341936,-0.0016567072097063392,0.6497628025756709,1.9256797319875754,-2.3512926612619474,-1.052358756075204
0.010723774369552741,0.005023855489311134,-0.008211420925126922,-0.0011942842712936508,0.577803357424882,1.5903303370780273,-2.4506759659346287,-0.7582053898540585
0.010708148935757987,0.005021830790631845,-0.008215464358728658,-0.0011686002851734201,0.5734909010893502,1.571988349907801,-2.4554628311681075,-0.7418530969454474
0.0106925734431813,0.005019739130978042,-0.008219266900186215,-0.001142944298804984,0.5690358744379843,1.5536379742904403,-2.460033519629724,-0.7255399154315797
0.010677004086022422,0.005017572556259688,-0.008222837905579204,-0.0011172485135860046,0.564548317653972,1.5352355960968023,-2.4643998372483438,-0.7092267387800432
0.01066140915500415,0.005015462037058012,-0.008226343111867361,-0.0010915151115217117,0.5601107100322741,1.5168373336305738,-2.4686907210103253,-0.6928955945608148
0.010645803665713835,0.0050134768165384464,-0.008229857557672186,-0.0010657921817000535,0.5556709180515162,1.4985003164064719,-2.472962944656216,-0.6765635114853729
0.010630218792541488,0.005011553698483007,-0.008233295639848648,-0.0010401043780424257,0.5511499786611341,1.4802133484519295,-2.4771516346586613,-0.6602522318382645
0.010614648854672204,0.0050095944914043235,-0.00823654509900469,-0.0010144088308149497,0.5465488119064204,1.4619103239624358,-2.4811734125219176,-0.6439500361850139
0.010479596125117835,0.005009061985830328,-0.008277898142668152,-7.954705268909346E-4,0.5088270339598028,1.3130060252872404,-2.524713729937725,-0.5040700722708423
0.010486105170072863,0.005023685925945949,-0.00829371672341121,-8.101352905430696E-4,0.5220689360828129,1.3232963649461724,-2.536686108030943,-0.5051074478937403
0.01049528518703858,0.0050105579333107565,-0.008275290930754645,-8.214787969730248E-4,0.5137280306321238,1.3313240891827152,-2.5213702850917152,-0.5205515042452632
0.010501734106237882,0.00502523740399226,-0.00829113006499516,-8.361924842554272E-4,0.5262672852097384,1.3416379340315423,-2.533403575076617,-0.521641330890862
0.01056420007521922,0.0050319341514908815,-0.008279964882754324,-9.403380316741406E-4,0.5439741936952072,1.4155223356848425,-2.5195330273714918,-0.5878951857418713
0.01057369631702132,0.005018937675973834,-0.00826118461737718,-9.514927013282486E-4,0.5382098396180589,1.4231740398242705,-2.5035676506445044,-0.6026921835901075
0.010517358213536655,0.0050268379798275075,-0.008288461822677723,-8.622391255985914E-4,0.530802371298661,1.3600432923977832,-2.5300525744427267,-0.5381991275999068
0.010510980658984127,0.005012119632182734,-0.008272616698175897,-8.474996424777981E-4,0.5186896048469459,1.3496682094938455,-2.5179601734974173,-0.5370087918882641
0.010548591347176688,0.0050301863683028455,-0.008282879603749946,-9.143084219548216E-4,0.539849375124579,1.3969880892761093,-2.523120453782032,-0.571342125496419
0.010558033140827434,0.005017138408854848,-0.008264141167042995,-9.255144025615858E-4,0.5333226427153144,1.404777117047802,-2.507263554800724,-0.5862936884748847
0.010532977343492103,0.005028487639427606,-0.008285712040040038,-8.882743252211037E-4,0.5355522374972653,1.3784951211408838,-2.526627845752517,-0.5547664165087399
0.010542357776169924,0.005015407372300116,-0.008267038022160873,-8.995220501806781E-4,0.528392356489639,1.3863938713357322,-2.510900210416794,-0.5698796263230862
0.010526673249541684,0.005013738470673969,-0.008269867837066581,-8.735176095801697E-4,0.5235348014793858,1.3680254975084107,-2.5144710989184333,-0.5534493897430784
0.010599055885672531,0.0050075929600525825,-0.008239612160832478,-9.88645291007354E-4,0.5419260599059882,1.4435516915027458,-2.4850370445062455,-0.6276220487467099
0.010583400683898592,0.005005618158003592,-0.008242590066049542,-9.627761209356913E-4,0.5372973327599894,1.425140640613333,-2.4888176031749905,-0.6112344300445783
0.010817736324528324,0.005038590897086348,-0.008187087906178498,-0.0013493219856617186,0.6032769556566838,1.7021598309101063,-2.421184362052811,-0.8567953515524119
0.010926427034825381,0.005057933912805031,-0.008155129820691222,-0.0015286629475946133,0.6312635603648173,1.8324404861810886,-2.3825740129578237,-0.9708637396635865
0.010910947954073226,0.005055080780499399,-0.008159994162767687,-0.0015031489049629392,0.6273407529982826,1.8138744877739938,-2.3884240743805054,-0.9546294904624236
0.010895455978790297,0.005052273179087254,-0.008164776070090557,-0.001477611690759958,0.6234136543997933,1.7953066593428224,-2.39417279895822,-0.9383803515398258
0.010879978164161365,0.005049492452925999,-0.00816943949751151,-0.0014520837878327626,0.6194023915117693,1.7767490401440096,-2.3997936355204867,-0.9221365633086817
0.010864510374292454,0.005046629372557909,-0.008173859313046655,-0.0014265060589156485,0.6153009722807045,1.7581172633716668,-2.405191886948071,-0.9058795179444553
0.010848985123902817,0.005043747904705839,-0.00817814370151933,-0.0014008081564351046,0.6112404305220408,1.7393977958040485,-2.41045614966586,-0.8895588775650687
0.010833372545150719,0.005041054157203716,-0.008182547147215407,-0.0013750421525877195,0.6072759859813132,1.7207158737445543,-2.4157843255251445,-0.8731767456406808
0.010739473097978349,0.005025979389678219,-0.00820731963554204,-0.0012200982798796416,0.5819940051841903,1.6087995034860774,-2.4458065844939756,-0.7746369712182531
0.01080212165281528,0.005036220297114266,-0.008191582700189675,-0.001323650198012734,0.5991074111788616,1.6836640506461809,-2.426513734045574,-0.8404294612988862
0.010786537187069033,0.0050336709448869305,-0.008195710956943584,-0.0012979190534382118,0.5947639596725072,1.6650472276862043,-2.4315261609704333,-0.8240587841638566
0.01077092716168824,0.005030938837197172,-0.008199493581661733,-0.0012720468273714617,0.5904016673017889,1.6462648698729325,-2.436244684596677,-0.8076408568269029
0.0107552203548978,0.00502833168329189,-0.00820332087371048,-0.0012460599868965201,0.5861580665940385,1.6274665147877807,-2.4409757203939524,-0.7911429097094502
0.010812276305009257,0.0050230234667946105,-0.008171397647012633,-0.001333457828687487,0.5950043533683983,1.685831767255958,-2.409529035381846,-0.850558793632623
0.010235504770669994,0.005005549329206298,-0.008323941956683338,-3.9249317535132515E-4,0.44004317294252254,1.03342631730781,-2.5786604278088516,-0.24253482699039555
0.010243983073159702,0.004992001036673857,-0.008306441703287424,-4.0470406772330573E-4,0.43324531177702985,1.04180965492176,-2.5652253583942763,-0.2578470098762693
0.010188431847002627,0.005003551917708423,-0.008327268923499664,-3.1408086474075963E-4,0.42216459433126374,0.9798039852324049,-2.5844787799813456,-0.19365646966000571
0.010181100221784388,0.004989208541301529,-0.008310776515534657,-3.003904180100599E-4,0.4128593709110329,0.970698031042459,-2.5732443644094727,-0.19251087505837614
0.01021981599104591,0.005004834243983439,-0.00832513188324096,-3.6638614855131097E-4,0.4328947192832619,1.0155961925344663,-2.580678138793333,-0.226325853941705
0.010228287032152906,0.00499127521162522,-0.008307698727937143,-3.7866691284715176E-4,0.42852081724289803,1.023978064271385,-2.5673692413113325,-0.2414376850582752
0.010204124970286515,0.005004168437936931,-0.008326240798596542,-3.402514931850774E-4,0.4267940856568659,0.9977125925505875,-2.582613229002024,-0.2100645414043818
0.010212583313065213,0.0049905442757228755,-0.008308814327526545,-3.5261273158831156E-4,0.423684325626283,1.0061986073365101,-2.5693990730909593,-0.22510111364206872
0.010196856227691167,0.004989840979441836,-0.008309824516929543,-3.265225494082007E-4,0.4184160892678503,0.988447132020445,-2.571342690031894,-0.2088104963308948
0.010252448773010146,0.0049780597087377134,-0.008289139766960898,-4.1667207852413135E-4,0.4344347059284219,1.044094441310815,-2.5522328826540917,-0.26618294048432034
0.010268154619169346,0.004978694769872363,-0.008287560161523455,-4.4256766609122297E-4,0.4395136322147373,1.061802694615394,-2.549829651774051,-0.28251106762059847
0.010283899217052606,0.004979418258145156,-0.008285937336387125,-4.6852870609326953E-4,0.4445549016292775,1.0795962088435092,-2.547380374847608,-0.29888056852969186
0.010299688742425667,0.004980235172467031,-0.00828427514232335,-4.945674203407955E-4,0.44960449042606637,1.0974890218445277,-2.5448858528634193,-0.31530296503983074
0.010315536942615814,0.004981129602259097,-0.008282550943479247,-5.207045792567547E-4,0.4546553132130851,1.115490520612602,-2.5423283165160115,-0.3317936943543201
0.010347397323360215,0.004983261356482595,-0.008279040924689333,-5.732769528059828E-4,0.46466502512546665,1.1518613491233187,-2.5371143459126677,-0.3649608024233262
0.010331451656502406,0.0049821179637975525,-0.008280780627965166,-5.469562460451767E-4,0.4596751595669071,1.1336173188098346,-2.5397184358921545,-0.34835909062959775
0.010457327433774423,0.004992729800744128,-0.008264940299349112,-7.548228129038451E-4,0.4993740398496946,1.2786109797653735,-2.517230814914701,-0.47954098620112484
0.0104416458272234,0.004991278595133832,-0.008267258226438126,-7.289331079137971E-4,0.4944819174492085,1.2604711112602913,-2.5203337933141445,-0.46318845026140615
0.01042598777573195,0.004989921271521263,-0.00826953916682363,-7.030924678769635E-4,0.48961915800410244,1.2424096730303995,-2.5233911228117187,-0.4468663178706301
0.010410362956320208,0.004988643984357854,-0.008271765292409522,-6.773120217871461E-4,0.4847095501367455,1.2244254058850927,-2.52639133545916,-0.4305785521431305
0.010394751447052073,0.0049873309073910485,-0.008273806430088203,-6.515335175723982E-4,0.47971312275730055,1.206436040866328,-2.529242825672229,-0.41430310405724874
0.010379085013861703,0.004985950902461061,-0.008275641081265194,-6.25642248002364E-4,0.47467895852010417,1.1883546295515044,-2.5319360496592562,-0.3979723072030145
0.010363297759758137,0.00498456660062991,-0.008277354735557062,-5.99546999940336E-4,0.4696579799635863,1.1701453199483043,-2.534538111839,-0.3815213392896765
-0.005023685925945949,0.010486105170072863,-8.101588411144918E-4,0.008293714650962503,0.03249565467804633,0.5106948763231977,-2.6113935768931857,0.2422573374237076
-0.005010583031866759,0.010495277203922992,-8.214223546255899E-4,0.008275326097963847,0.0237374466109876,0.512661319048275,-2.6006894758868904,0.2336158547565296
-0.00502523740399226,0.010501734106237882,-8.361699787730074E-4,0.008291132595105473,0.025405083201345092,0.5269594050967799,-2.610692954230293,0.22555408861396645
-0.005012116612617342,0.010510942355423722,-8.473901207574169E-4,0.008272629581073344,0.018843277967935793,0.5291131719027841,-2.599940579472273,0.21692127778622297
-0.0050268379798275075,0.010517358213536655,-8.621915251790119E-4,0.00828846686339522,0.019132734566169613,0.5432609149120373,-2.6099109331126216,0.20880858378370118
-0.005013676054493581,0.0105266153457003,-8.733582178141931E-4,0.008269820848534329,0.01359554763067401,0.5455187041785062,-2.5991346961072996,0.2002619339531135
-0.005028487639427606,0.010532977343492103,-8.88237890114605E-4,0.008285715904918469,0.014353634469669247,0.5597166833360305,-2.6090481852072003,0.19203143784416524
-0.0050355768185515425,0.010595401104716106,-9.923508676159454E-4,0.0082738926628708,-0.003207721216223177,0.6263235371964515,-2.6051672770576455,0.1254137576125219
-0.005022656234670151,0.010605006126337838,-0.001003361187097568,0.00825499115871034,-0.013404456310377925,0.6280923584480963,-2.5946245140336077,0.11694913790129187
-0.005033730973549848,0.010579803377811692,-9.663642932749724E-4,0.00827696796628314,0.0023152490014443643,0.6097249087823989,-2.6061770189670295,0.14196279493147823
-0.005020739965369721,0.010589368404859302,-9.774149439267495E-4,0.008258088526470845,-0.008413809302832061,0.6115269951631387,-2.595617921516473,0.13356992293849404
-0.0050319341514908815,0.01056420007521922,-9.403444149207412E-4,0.00827996428269645,0.006765700749729869,0.5930406556258839,-2.6071608466461824,0.15857414833482317
-0.005018855422608088,0.010573702709380385,-9.514201609306126E-4,0.008261091858739439,-0.003177275892548921,0.5949550551557082,-2.5965499646434314,0.15023343358991484
-0.0050301863683028455,0.010548591347176688,-9.142959959494405E-4,0.008282880967497191,0.010498823001986507,0.5763359704060048,-2.6081229743875394,0.17527019112924772
-0.005017034993828701,0.010558008318934406,-9.253871331358284E-4,0.008264036484050717,0.0023599209466143973,0.5784143952239504,-2.5974381571619514,0.16692130224787538
-0.005015307159582736,0.010542305315654742,-8.993556092808745E-4,0.008266946919788248,0.008028634392379797,0.5619369006895863,-2.5982976055507954,0.18360218981319287
-0.0050154683154838885,0.010661758254312419,-0.001092060997071439,0.008226211499668732,-0.02977907266791657,0.6870438828360129,-2.578660446357556,0.05224701824534689
-0.005013368075104487,0.010646115910370442,-0.0010662378475988206,0.008229607276620405,-0.02475751762469118,0.6704704547432011,-2.5798561885978946,0.06875663983310677
-0.005011351253746854,0.010630467583775338,-0.0010404176868355954,0.008232960841477536,-0.01971251427449301,0.653910185156615,-2.5810295077434025,0.08529544180943355
-0.005009374935446635,0.010614821019942614,-0.001014596342338577,0.008236219374611024,-0.014611611920015437,0.6373629529135684,-2.582144639145852,0.10184531883890058
-0.005022183559254116,0.010470471553061363,-7.841210890074925E-4,0.008296216675376729,0.03857083284507298,0.4943320045110335,-2.612031372866739,0.2589611559832012
-0.0050090472569644055,0.010479606021823512,-7.954282013779862E-4,0.0082778841202394,0.028627284782517557,0.49614736076754457,-2.601364408895249,0.25036584667489875
-0.005020730317030955,0.010454833402758998,-7.580396863281221E-4,0.008298640234185911,0.04289383159108309,0.4778601459836696,-2.612632073596469,0.2757238588715256
-0.005007534676767767,0.01046391737393468,-7.694013557844225E-4,0.008280334569648003,0.033921197937813,0.47962095653869613,-2.601979738341995,0.267161549690727
-0.0050193262119465985,0.010439190866250392,-7.319408283836853E-4,0.008300982874102723,0.04687430601863382,0.4614032302703562,-2.6132059462017048,0.29255402932120983
-0.005006098111503566,0.010448217815685555,-7.433674597226636E-4,0.008282733582102415,0.039555015285001716,0.4631489396005919,-2.6025622491314198,0.2839697305841906
-0.005017971256234513,0.010423544090142326,-7.058621779274113E-4,0.00830324125480761,0.05234803358767648,0.4450654059684973,-2.613738729100478,0.3094029681228586
-0.005004753656083114,0.010432524355148015,-7.173536153474475E-4,0.008285094361049112,0.045056809343646566,0.44673774445450526,-2.6031154696847376,0.300771594792772
-0.005016665461698991,0.01040789322055687,-6.798046682763651E-4,0.00830541534788493,0.05913852766668842,0.4288000436762276,-2.6142080650000517,0.3262299957536399
-0.00500346104040062,0.010416839733535905,-6.913498990743678E-4,0.00828737207157122,0.05015322258380713,0.4303241055260561,-2.6036145209975463,0.317588098086182
-0.005015408839722729,0.010392238403124528,-6.537358363147193E-4,0.008307507863558182,0.06546830754881099,0.4124831244809027,-2.6146098818607912,0.3430495159180306
-0.005002179362287593,0.010401155169550026,-6.653338219227265E-4,0.008289524275916763,0.05511033798649576,0.4138646020730275,-2.6040413645970255,0.3344462278065438
0.005169864707753042,0.008654213422661265,-0.002231208213447459,0.008007946074486953,0.5288502388564372,-1.4244651613968513,2.2069875681854576,2.376044592636165
0.005185595749722576,0.008650366081149908,-0.0022493106334394632,0.008023880449868459,0.542252456155512,-1.4305257445368131,2.220628229553096,2.393780184400912
0.005174070181811825,0.00863902253708647,-0.0022563334285541597,0.00800076650215967,0.530916257124855,-1.4403065840149354,2.1978536188600546,2.3945739604016905
0.005189859973827203,0.008635246202199697,-0.0022745290619980234,0.008016768261401774,0.5431977466044958,-1.4467353041497841,2.2114782588059643,2.4124898246730018
0.00517834726981413,0.00862384779506088,-0.0022814495988271,0.007993536649651294,0.5329305611104688,-1.4560888981741622,2.188627181402221,2.413068424103081
0.005194171632003687,0.008620139971822547,-0.0022997235473231196,0.008009577252627482,0.544234871578098,-1.4628869640293753,2.202216962297394,2.431206126025012
0.005182691838446795,0.008608695148508818,-0.002306545993449835,0.00798625637167108,0.5348741822379005,-1.4718213597331966,2.179305775304655,2.431524252103334
0.005198530675796427,0.008605047553236283,-0.002324892226617986,0.008002307960808112,0.5453719626045919,-1.4789510431834632,2.1928467614385165,2.4499086485296764
0.005187100825146844,0.008593563564580351,-0.0023316223219872916,0.007978921491795486,0.5367253922490036,-1.4875167507948313,2.1698835054053585,2.4499462980108304
0.005202937056022924,0.008589969109727747,-0.0023500333313970223,0.007994960921689734,0.546693000223032,-1.4949140743885616,2.1833669899581225,2.4685818572064706
0.005141645199688982,0.008760764877639776,-0.0020548088215410682,0.008055745296842944,0.5145504595651982,-1.3125285567738987,2.2672615750348437,2.245556250868894
0.005157078253839507,0.008756573701192635,-0.0020723116199213485,0.008071405050424576,0.528429988458454,-1.317249026227045,2.2809690830213682,2.2622202568070566
0.005173088155546601,0.008695805978438996,-0.002173599370113581,0.008044720319320253,0.5363052453287919,-1.3820543672026158,2.2472629356444984,2.3377030053983345
0.005161646341659158,0.008684602999913926,-0.002180965569080347,0.008022101504233034,0.5250675738283715,-1.3926168577170992,2.2249384085319495,2.338930577772715
0.005169014137838514,0.008710978821122078,-0.002148345859452186,0.008051500900027058,0.5324925241551142,-1.3659965746449307,2.255830667902645,2.318886236738318
0.005157569657409255,0.008699792815578913,-0.0021558133209170914,0.008029000210407063,0.523514230728721,-1.3766587259475616,2.233670246217549,2.320339515860472
0.005164987785668902,0.008726164497562942,-0.002123033770171945,0.008058211997332247,0.5304938995301016,-1.3498354617714874,2.2643064271305797,2.299991810542023
0.005153489101094455,0.008714993886172877,-0.002130606025641833,0.008035759632077656,0.5216579911297154,-1.3607026268811664,2.2422019305793914,2.3016946535890566
0.005161009143188233,0.008741362845101052,-0.0020976727221285016,0.008064850994574052,0.5300571336165417,-1.333548003746918,2.272703422327256,2.281095084895528
0.005149457751573094,0.008730226415792908,-0.0021053549756010234,0.008042452592654644,0.5192145447821982,-1.3447114042694428,2.250613529867899,2.283001317174424
0.005145520158570901,0.008745489812382398,-0.0020800886471349232,0.00804913019245161,0.516688128709564,-1.3286478909034753,2.2589807261337373,2.264287743638665
0.005149771514548615,0.008673314882388447,-0.0021880217227099636,0.00799959652876986,0.5218875767863725,-1.397204132120715,2.2055984018288934,2.334094951295374
0.005153722311999949,0.008658064215996839,-0.002212947399514962,0.007992261302830204,0.5237300508541849,-1.4129181380822446,2.1964945514528704,2.352232907969681
0.005114477330362661,0.008810942104439412,-0.0019614868985950457,0.008059644007103087,0.5020333020016999,-1.253654432480876,2.280359153961379,2.1674375224153404
0.005118169792633755,0.00879560339509664,-0.0019867150217156553,0.008053250178014544,0.5043970724023282,-1.2697043715650038,2.2724933272428074,2.1860100691274984
0.00512590723107071,0.008764960791502433,-0.0020372575946609526,0.008040466703138323,0.509144817691973,-1.301803469582495,2.256595117154102,2.223321817861386
0.00512200400965065,0.008780272614303156,-0.0020119937262250416,0.008046883753033453,0.5067537787684536,-1.2857652741892978,2.2645918272352117,2.204666573027858
0.005110851481447828,0.008826252436278144,-0.0019363087304596195,0.008065951812055812,0.49956934107194767,-1.2376217095731843,2.2880986959896283,2.1488999685640127
0.0051071986402806665,0.008841556450467929,-0.0019110851426038754,0.00807207929208023,0.49699372176425277,-1.221557342316528,2.29564243735339,2.1302819348954745
0.005099995298798978,0.008872339315771917,-0.001860342097287192,0.00808413796708807,0.49174769694624726,-1.1892136687032269,2.3104414638729693,2.0928193581568237
0.005103559499397499,0.008856920377108097,-0.001885746963060892,0.008078118649300066,0.4943799265080182,-1.2054128326151756,2.3030731856289886,2.111565481867603
0.005285046338188198,0.008335905060710937,-0.0027734158997018226,0.007858131013693842,0.5686450146935234,-1.7565612217527207,2.0028277367827707,2.777716764956351
0.005279841802758873,0.008350725434314416,-0.002748751252782715,0.007866792568180828,0.5666758148853792,-1.7417244915925674,2.014450425027255,2.760111586156384
0.005269373798709394,0.008338721086015952,-0.0027540591857956654,0.00784240952966335,0.5558939638911343,-1.7481333588431738,1.9905623645263562,2.755990673098717
0.005290297410190857,0.008321101100260936,-0.002798059189616188,0.00784938989307698,0.5703961705955105,-1.7714714265753673,1.9910304638388128,2.795227642157075
0.0052745791361263625,0.008323858436690212,-0.0027786389896078552,0.007833601516309035,0.5560757146589729,-1.7630276985054134,1.9787666986874977,2.7734454438621667
0.005295594968187608,0.008306313695911127,-0.0028227030134939757,0.007840561277263682,0.5707389639210902,-1.7864938737017875,1.9790391384109454,2.812687548487926
0.005279798081496708,0.008308981372490245,-0.0028031966608398173,0.007824652211780124,0.5563774261963719,-1.777850246163511,1.9667783914715848,2.790812541850149
0.0049729035418685594,0.0095966612976997,-6.621940810975288E-4,0.008254618724939168,0.31133618492150356,-0.4275350820113088,2.524256713749971,1.2194366182045202
0.00497370691837135,0.009580514989770597,-6.885720684117243E-4,0.008251759207035443,0.3158557016474501,-0.44444183233833495,2.520845636777157,1.2378475562983526
0.0049749844077578926,0.009564307152094957,-7.151435414084548E-4,0.008249294588275587,0.320519147045937,-0.46137112921874834,2.517711056214303,1.2565464778079478
0.004993852027972979,0.009526428909363727,-7.814913048028591E-4,0.008261718323407613,0.3373383295249186,-0.49932661463035616,2.5242385949984114,1.3078533130211147
0.004995429111005308,0.009510711705360561,-8.074403539906496E-4,0.008259243339275885,0.3418470035056039,-0.5158386439438454,2.5211098584998926,1.3262957504972415
0.004978249323402516,0.009532493650151304,-7.674531438945791E-4,0.008244913642842877,0.329795360668006,-0.49455906205135886,2.511854052753289,1.293626171021364
0.004976620136290701,0.009548312871251938,-7.414455002244997E-4,0.008247158008360081,0.3252134189102142,-0.4780515839256802,2.514826312784542,1.2751831903017379
0.004957839519290154,0.009603870260158428,-6.470702009492715E-4,0.008238492442455926,0.30437143140766126,-0.4213115406897922,2.512759844281271,1.204424331447673
0.004957005404370403,0.009619518554406415,-6.215953521339097E-4,0.0082409901227274,0.29993800275401283,-0.4050114701452571,2.5158650178161914,1.18665744346063
0.005075606034956363,0.008980207923421772,-0.0016820625163063067,0.008122835596367893,0.4713532607092413,-1.0753621293374354,2.357899290492336,1.9608639820081566
0.005078988818259176,0.008964625068489825,-0.00170781920737559,0.0081175166674599,0.4743549322041401,-1.091836583864611,2.3514025000683634,1.9799138274539374
0.005082507518078975,0.008949126053212908,-0.0017335018058297037,0.008112262662675769,0.47736628251366914,-1.1082420911494575,2.3449203581935607,1.9989704469288834
0.005086076669161691,0.008933741929559086,-0.001759014661006878,0.008106993514504217,0.480392117064575,-1.1245278862463453,2.338395045126933,2.017924002176482
0.005093066163456228,0.008903105117134167,-0.0018096653949886722,0.008095930291987173,0.4862773735959372,-1.1568678536547203,2.3248119235104308,2.0554373892398847
0.005089606822144666,0.008918424236190462,-0.0017843760965064925,0.008101575763639486,0.483382294675791,-1.1407185715733734,2.3317162561727187,2.03673672581554
0.005084097495700001,0.008876793246871094,-0.0018432398420418254,0.008068282087098614,0.48357674066841366,-1.1814119408125452,2.298363344976639,2.073421852587933
0.005080704694383342,0.00889220171728129,-0.0018180556271357375,0.008074304712575869,0.480936026815232,-1.1653649599236664,2.305652296720622,2.054983312925046
0.005038859474493045,0.00918232690893543,-0.0013492799822647096,0.008187060033219633,0.4281234920672821,-0.8619755936867103,2.4343382473495203,1.7170142530768342
0.005041377955082324,0.009166716236874728,-0.0013749866074324508,0.00818258906184167,0.43173352873827,-0.8784550812692892,2.4290638060294434,1.7357567022808855
0.0050439957727591595,0.009151084627925526,-0.0014007467425317865,0.008178080887872195,0.43529447429537266,-0.8949638944660502,2.4237199482268292,1.7545746601876158
0.005046685956950692,0.009135469013831098,-0.0014264912480137172,0.00817352159979551,0.4388280620140557,-0.9114629332142767,2.4182983214678138,1.7734103828933712
0.005049429687269644,0.009119927364375776,-0.0014521215767948905,0.008168918354611992,0.44234368562741094,-0.9278898387649228,2.4128117892114815,1.7921879493944106
0.005052163275745223,0.00910446013002395,-0.001477605197344256,0.008164197592580314,0.44584079926260084,-0.9442321360147297,2.4072023768007855,1.8108534805038075
0.005049442520449439,0.009031800591371477,-0.001588162806518268,0.008121679111634241,0.45339666831618214,-1.0191073028204345,2.363827962597123,1.8855679842788948
0.005046549541472326,0.009047397629782477,-0.0015626806455936518,0.008126953095950877,0.450237559946195,-1.0027890742210788,2.3700963508294612,1.8669691391220538
0.0050438480086319685,0.009063044461338194,-0.0015371942562336105,0.008132335562667197,0.4470897321369201,-0.9864286628446938,2.3764177089707776,1.848436352237538
0.005041371454550325,0.009078684594948908,-0.0015118037508183733,0.008137834775863025,0.4439805867459086,-0.9700849503027963,2.3827926323033615,1.8300509022407818
0.005039026890501296,0.009094182869660449,-0.0014866643876086123,0.00814326953807138,0.4408893312049615,-0.9538838936918692,2.3890596505660167,1.8118773371210117
0.005055591717254538,0.00900064178383626,-0.0016391838077367711,0.008111144157025081,0.45965950626060287,-1.0517114912786167,2.351180713459113,1.9229176242113848
0.005058808427127549,0.008984952519669262,-0.0016648962953505978,0.008105760932041394,0.4627591466486271,-1.0681218940959718,2.3446862478367216,1.9417672689532084
0.0050350647847062,0.009021109726340544,-0.001596315770881353,0.00809866431462289,0.4482351908423315,-1.027736194195972,2.344095681768032,1.8847108842846751
0.005038164681680115,0.009005526872588876,-0.001621687383301188,0.008093401511695986,0.45132850365783433,-1.0439020686089817,2.337771728920821,1.9032016454536984
0.005013471375931525,0.009354225590909492,-0.0010656984704313713,0.008229562321793166,0.3851113078510026,-0.6804922990512684,2.4849460789288376,1.5111774024677684
0.005011403519654824,0.009369852062659135,-0.0010398937523805921,0.008232851021670927,0.3808173720494299,-0.6640097472151839,2.488920320922659,1.492558492665612
0.0050092294192847124,0.009385523147521937,-0.001013965128876754,0.008235887726595769,0.3765406412347471,-0.6474851237620047,2.4926765987404136,1.473824951161439
0.005007187389319164,0.009401278031982327,-9.879345536810984E-4,0.008238966307990342,0.3723705721213961,-0.6308922007962973,2.4964455510857806,1.4550888372600548
0.005017322806462495,0.009322881634350721,-0.0011172874003496857,0.008222185375819901,0.39328991788919937,-0.7135269661843121,2.4762900859231007,1.5482907905055407
0.00502653419840243,0.009260235770982764,-0.001220732705010257,0.008207507333028585,0.409134360881029,-0.7796670400141851,2.458675938457396,1.623346296304762
0.005024154800572233,0.009275827120434703,-0.0011949803929599374,0.008211272745126797,0.40514021123968863,-0.7631911474387211,2.4631957006662986,1.6046157413545548
0.005021715654317987,0.009291454318770565,-0.001169128366249294,0.008214839624755374,0.4011442603344724,-0.7466777925629909,2.4675314473071084,1.5857982750686845
0.00501940954442285,0.009307153257438394,-0.0011431983809273823,0.008218449146690779,0.39721395650045327,-0.7301077892933888,2.4718757487182397,1.566990746436576
0.005001586749007165,0.009328850238154917,-0.0011016659062228747,0.008205871705822569,0.38509566579486415,-0.7077041128975585,2.4639130224867043,1.5323269031788824
0.004999977747398747,0.009344547398508157,-0.0010760913111538541,0.008209964839307193,0.3812560881726823,-0.691240539780612,2.468602325249458,1.5140768726243985
0.005013308346811762,0.009250210818425334,-0.0012308888931899136,0.008187532146284203,0.40503041715339894,-0.7901836148307161,2.441727665832357,1.6258393981948343
0.005002222464325804,0.009448357783751088,-9.104137228136004E-4,0.00824865069570765,0.359700486960208,-0.5813861165424247,2.507921737237775,1.3997724839126242
0.0050005661428784475,0.009463896271268613,-8.847837357536145E-4,0.008251543848980384,0.35524659509856077,-0.5650449479905665,2.5114313615297905,1.3814832374171768
0.004998819390623315,0.009479430881369945,-8.591185569108635E-4,0.008254189529629868,0.3507698994365785,-0.5487110495755632,2.51473133274347,1.3631440994168662
0.004997084241579774,0.009495033251010207,-8.333355990890347E-4,0.00825672889363751,0.3463108221987921,-0.5323124767602744,2.5179363521571356,1.3447388881689546
0.004988550204915349,0.00943909233732638,-9.20959318713652E-4,0.008229520351212253,0.3561323847740709,-0.5921817706568954,2.4922810369983392,1.4029297762795812
0.004989767235770421,0.009423452078674005,-9.464445451643054E-4,0.008225846250697237,0.36015189515461676,-0.6085848762971368,2.4880801920427262,1.4209529698675658
0.004991208831134243,0.009407569324522266,-9.723644532359268E-4,0.008222212828723796,0.3642683655925409,-0.625232376783297,2.4838697183373077,1.4393563807499568
0.0050234423672220335,0.009187812536664277,-0.0013334096824918883,0.008171380658369967,0.4200934011244282,-0.8556766649435844,2.4223153162660602,1.7003710377995815
0.0050154714891454425,0.009234496901613405,-0.0012565676130509745,0.008183219739850757,0.4087479939882635,-0.8066619634031126,2.436692007057983,1.6443662437909932
0.005018206557581888,0.00921889718689579,-0.0012822967954831243,0.008179491290344128,0.4126466051540117,-0.8230390754238773,2.432099814244509,1.6631366905968898
0.005021058703361376,0.00920339935805506,-0.0013079019226735855,0.008175805409246277,0.4165013007647153,-0.8393217934303031,2.427524845328079,1.681876437028879
0.004955529740153164,0.009635371271368891,-5.956379165899098E-4,0.008242633770945947,0.2951996511485632,-0.38856319262822087,2.5183405596941033,1.1683773231605104
0.004955149469911776,0.009651184113118664,-5.699580803581696E-4,0.008245415981040888,0.2907950750041097,-0.3720598442797755,2.521641673373816,1.1506351787153786
0.004953855434694258,0.009666877352186664,-5.442750693984163E-4,0.008246954584611095,0.28608577499392385,-0.35577487185221335,2.5239918692327947,1.1326147873530577
0.004951796605175191,0.00968269543594885,-5.182460826544267E-4,0.00824747426829346,0.2810636437274941,-0.3394526437225515,2.5255921768131873,1.1141391066841326
0.004950316831980854,0.009698762812585061,-4.919226608576847E-4,0.008248576942472998,0.2761256509141082,-0.32282864364269015,2.527627430460655,1.0956557940402414
0.004973501283969341,0.009873604915565956,-2.0862980187208E-4,0.008297289283911685,0.2310679230548471,-0.1363967687141905,2.5753053938827986,0.9091438595766136
0.004973049489824147,0.009889341911176906,-1.8264889059103632E-4,0.008297823622336964,0.22588240535050366,-0.12001218952710292,2.5767208171749165,0.8913711294225753
0.004972497229841875,0.009905112963647562,-1.5660669133413393E-4,0.008298101353189433,0.22074105442103917,-0.10361640715777755,2.577950861036791,0.8735381309098521
0.0049720933504996965,0.009920953444192858,-1.304592136150397E-4,0.008298414771857388,0.21568094117565992,-0.08714884328804301,2.579206527131495,0.8557044616605706
0.004949537070184159,0.009714808307955363,-4.657494410301517E-4,0.008250352510056562,0.27136755960513653,-0.30616198145887474,2.530142092010309,1.0775008423881722
0.004959159392837731,0.009865327389555102,-2.2116684938042132E-4,0.008279782737588169,0.2293943760807208,-0.14773764010297596,2.562235842421131,0.9136155575511952
0.004959249473318067,0.00984956736308172,-2.470191481734638E-4,0.008278601860571366,0.2342758505567785,-0.16417205433555537,2.5603052601021203,0.9312164215431101
0.004949376675629443,0.009730630278128751,-4.400228815649488E-4,0.008252675557949382,0.26681522977475286,-0.28966421999669084,2.5330281399607073,1.0598533436335307
0.004963568370197514,0.009754548537114743,-4.03120523992989E-4,0.0082729285962872,0.26414362403759006,-0.26288497800542127,2.549546197941922,1.0389135791922077
0.004949568319559271,0.009746012804162636,-4.150407430316203E-4,0.008255205762252922,0.26245173223945756,-0.27358419559355895,2.536018743398923,1.0428323754695359
0.004962721532496368,0.009770240693901642,-3.773353579682158E-4,0.008274063459236855,0.2592557101183981,-0.24657151268586394,2.5514889314108546,1.0210477346722244
0.0049618613469184485,0.009786075810817686,-3.513100830111006E-4,0.00827505902164725,0.25429173710472525,-0.2301237278493842,2.5533317402933626,1.0030301975076943
0.0049610466939476565,0.009801979181851042,-3.251758795030265E-4,0.008275972885816512,0.24928215131430606,-0.21361022881118608,2.5551094388454856,0.9849642979984249
0.004960204333121014,0.009817847095209957,-2.99094612566777E-4,0.00827670633452736,0.2442426287549417,-0.19715205705802166,2.556745814168337,0.9669418979969765
0.004959577786164172,0.009833715166505714,-2.730329377831546E-4,0.0082775507791719,0.23923012748946407,-0.1806722708025482,2.5584549085746304,0.9490112323723899
0.004956879505898681,0.009928694151923182,-1.1706184544979326E-4,0.00828083831139491,0.2088915883845913,-0.0820985751926201,2.5672856918460933,0.8422932421182877
0.004942148696941347,0.009952599999576057,-7.741696221572502E-5,0.00826432394020255,0.19777261253565462,-0.05962518991810161,2.557305781648448,0.8108285176977
0.004941352390813461,0.009936679400185616,-1.0338832707218185E-4,0.008262877755631602,0.2025973508854442,-0.07626615475054911,2.5551876050105418,0.8281771168546889
0.004941015225193455,0.010014281272638988,2.333644389048682E-5,0.008263599654301778,0.17784812901028493,0.004117125848222567,2.5610300665831187,0.7422705712620471
0.004939598646631238,0.01003069580416534,5.011417113195825E-5,0.008261733339629275,0.17225469734900842,0.02085833386673616,2.5608481531972713,0.7237169239676707
0.004941822803405643,0.009998263763608442,-2.820979379961275E-6,0.008264599569333187,0.18315188652197933,-0.012336478912844945,2.5606388803562727,0.7602249167297764
0.004943202887371235,0.009983187171472558,-2.746191339975726E-5,0.008266135685512106,0.188296315208749,-0.027729567434081236,2.560677495232295,0.7773324793529403
0.004930726774462326,0.009974408042188774,-4.1621784561469956E-5,0.008251378057992274,0.1882025277273601,-0.03888571990293389,2.5497422745109195,0.7829811160476603
0.004928008135477451,0.009961027532772532,-6.33303753695359E-5,0.008247937410533304,0.19177052907487557,-0.053166539747156745,2.546384505932832,0.796833362170113
0.004962519312379947,0.01022927804181861,3.7654265017871106E-4,0.008274046092606858,0.11070353757380182,0.23015663196942768,2.5823706439427387,0.5117319945992344
0.004962813300646309,0.010245143666482383,4.0253356723487474E-4,0.008272250227597132,0.10537779445004301,0.2465575148199706,2.5821820454225777,0.49440079121292885
0.004963025127248796,0.010261194506078547,4.2879816142497065E-4,0.008270186502461302,0.09996123525818777,0.26312191696648707,2.581822447410334,0.4768615053230478
0.004947699641324484,0.010221808980053534,3.62451014237221E-4,0.008257588611171505,0.11089519973860494,0.21954050511997927,2.5707495336984745,0.5159663752076127
0.004945704658457884,0.010206116395499778,3.366546283881289E-4,0.008257153065920174,0.11580724043733749,0.2029944387785825,2.569421968776261,0.5326217072172277
0.004944083623589522,0.010173179530329576,2.828266824457404E-4,0.008258792542446701,0.1264703314672777,0.1687689936575167,2.5683669887141196,0.5682789647656018
0.00494387130014775,0.010189580069636613,3.0952074507025243E-4,0.00825685711603332,0.12099446975098756,0.1856174326968976,2.5681319731614356,0.5502405292095977
0.004944121722900633,0.010157182271935102,2.56754199466916E-4,0.008260335539767244,0.1317614066073006,0.1522877080060471,2.5683661249188394,0.5858521805183924
0.0049445026440802665,0.010141650298130874,2.3145351985545673E-4,0.00826209802947092,0.13696948561862007,0.1363432265477598,2.5685419675454715,0.6030194478136314
0.004944227294508287,0.010110275582793673,1.8022261388092302E-4,0.00826401327675194,0.14727064493749079,0.1039087181320529,2.5677689045666146,0.6374475995162583
0.004944036549915068,0.010125754793238744,2.054792942320473E-4,0.008262755256757915,0.14212428148868997,0.11985152649875762,2.567939353904143,0.6203670259357875
0.004931798203206189,0.010102184080407238,1.6629147588266498E-4,0.00824991721707156,0.14752044847116808,0.09328409275273813,2.5575315553290388,0.6427157736959512
0.004923819998535068,0.01005621867587834,9.126732398427276E-5,0.008242617099008184,0.16074043788404227,0.044481125456492576,2.5493257454185123,0.6907779212472597
0.0049254278117967275,0.010072659268142551,1.1800821710162368E-4,0.008243907052424964,0.15580353273514025,0.06171203330259068,2.551357204835195,0.6732230876209532
0.004928554150592434,0.010088573379158305,1.4399419610878553E-4,0.008246847946087441,0.15129570856668736,0.07866890001749804,2.5544857586836422,0.6566965451202545
0.004922599107719539,0.010039369926384217,6.389890320459081E-5,0.008241635471557046,0.16585795126096728,0.026894393721594297,2.5474747575579393,0.7088992470942755
0.004947303097974946,0.010270199042556051,4.410905522195423E-4,0.008250359742698927,0.09470021380631256,0.26924725494630813,2.5690378910930503,0.462915518541227
0.004931996745483769,0.010296163493186754,4.8064971331859737E-4,0.008228261221872783,0.08396867645775664,0.29279207216521463,2.555805482577874,0.43070772939665897
0.004931053762665849,0.010279710649170782,4.5395251979724445E-4,0.008229845939275374,0.08924671778199687,0.27572749601885543,2.555781594500081,0.4483766579378132
0.005656840934593226,0.007522709275725809,-0.00412878403802483,0.007238452618339784,0.5037617796664036,-2.467438116821776,1.1338397759986154,3.616263221354853
0.005649079802306203,0.007536365807734405,-0.004106022965240215,0.007251388058852015,0.5061767189215417,-2.458168151351591,1.1521513041527056,3.6052566795095586
0.0056408147292575095,0.007522490498430595,-0.00410499237028382,0.007222755345885825,0.4975174505090904,-2.4520595486556207,1.1303302628066845,3.5864996952177965
0.005641361619124994,0.007550046640288171,-0.004083208159092332,0.007264259323095944,0.5092435335836235,-2.44867745907673,1.1704233757833054,3.594084495792876
0.005632999573637456,0.007536198298839,-0.004082235856823344,0.007235621064765171,0.49997121903452074,-2.442858063716575,1.1483619585208131,3.5756257941650147
0.013305873624763083,0.013990932872032142,0.006132377274385759,-0.005079431319121069,0.2227626573273078,-2.4426300433406465,-1.1172990595329602,3.538843334938069
0.013260376755743673,0.014020309892503545,0.006194274387006059,-0.005023105122582528,0.2220272085403416,-2.42252172399724,-1.1826285097559524,3.523252016011487
0.01328970583884421,0.014018493139788332,0.006145047973199632,-0.005030242762585297,0.21966020123103888,-2.4217935141981513,-1.1437464620132183,3.5082592709767737
0.013196303425960105,0.014035535257128199,0.006295584603915578,-0.004986114929622102,0.22501811139081532,-2.412694922879488,-1.27084061066828,3.5370878205699934
0.013127852098627733,0.014095164228748864,0.006374612670267259,-0.0048685911347229925,0.22092457416057232,-2.362232507440838,-1.3691845221512333,3.4807751382222016
0.013140039486249257,0.01407527274975512,0.006367054473726014,-0.00490563484855212,0.22333063593457061,-2.3792456849424197,-1.3513544884941497,3.5054902249860613
0.013180521196844645,0.014054427990632274,0.0063109801803664335,-0.004950422237155854,0.22326464584472608,-2.397168171182717,-1.2943473090197342,3.5167513578675567
0.013161611578246916,0.01406956491326848,0.006333768867655683,-0.00492037179042389,0.22228396381502405,-2.384499628726512,-1.3214365851717427,3.5034633213212527
0.013220588029006598,0.014042459537843582,0.006249546216923818,-0.004978654659295215,0.22175577030616347,-2.406302073730679,-1.2389424566726779,3.512981639309745
0.01324904923892699,0.014047384717153076,0.0061979368521782085,-0.004975045540118249,0.21864127327208008,-2.4010674874731417,-1.2018273532353279,3.4895257891384763
0.01302161682758758,0.014181647043287358,0.006492240146255338,-0.004690881599256499,0.2155646459852024,-2.28074914622352,-1.5146745031120883,3.3917866081177164
0.013041809923189358,0.014166303674378428,0.006469904379890346,-0.004723315309860629,0.21654294649849523,-2.2960925571745503,-1.487593034138486,3.4080274702313136
0.013104725434611376,0.014113915677773658,0.0064011886597082485,-0.0048306136776786876,0.21998032054637356,-2.3454035732310357,-1.4015374775801417,3.4626264918922667
0.013065202024147467,0.01415358781721356,0.006439894907674107,-0.004752058252428012,0.21666352506465644,-2.309230700394895,-1.4558653791357357,3.4184856121792406
0.013087011047572067,0.01413672282422996,0.0064152165122240675,-0.004786981261323934,0.2175810302921082,-2.325205827523799,-1.4261417717581193,3.4353862522009746
0.01295733966516392,0.014210590133859896,0.006577023549378586,-0.004619115229895241,0.2159698918356401,-2.246242498761714,-1.600965389459912,3.3681180072857413
0.012986021303285243,0.014219524853605206,0.006522155610461642,-0.004615109891724283,0.21230314656375562,-2.244091755999918,-1.5607636487423917,3.3456006868689383
0.013004530259386695,0.014200642568860196,0.006506189527134607,-0.004653205447458283,0.21397365083383665,-2.262587224840487,-1.53695402084485,3.3685100748287127
0.012712496334872314,0.014345198878417204,0.006857486605329629,-0.004280536554793944,0.21305590506155056,-2.0646340331441873,-1.9124918018676793,3.2019060912640147
0.01273899347951964,0.014348128203535133,0.006812105956717127,-0.0042907837358142,0.2105709666748616,-2.0725690854844743,-1.8750834827873386,3.1955458515684323
0.012939946632380173,0.014230334945396368,0.006589840426276268,-0.004579384032863455,0.2141451295144374,-2.226493967796428,-1.622757361678832,3.34248724564183
0.012916200322495401,0.014247231552844977,0.006615070996513315,-0.004541629512675273,0.21329361537774627,-2.207501856079333,-1.6532106174365444,3.322651090895664
0.012898539295378483,0.014269509744940914,0.006625208296064192,-0.004497403539469141,0.2110750218612252,-2.185161145863649,-1.6741183305972098,3.2925545738337614
0.012792438155826815,0.014315707496508723,0.006756828983585218,-0.004371611965825947,0.21170634549545955,-2.1172840135909294,-1.8103668498850776,3.240095692309183
0.012770399606975994,0.014358959768959872,0.006751533065429415,-0.004290571424052513,0.20661158881378847,-2.0754649154825615,-1.829383507923746,3.1764485113705816
0.01278704395559957,0.014342383422588324,0.006740580887155577,-0.004325830243689306,0.2080029757622311,-2.0942563502578864,-1.8111530268673737,3.1999332090297288
0.01282420804279615,0.014311234903271724,0.006709475033804326,-0.0043948601285930325,0.20996986703637593,-2.131019035114766,-1.7678706961949993,3.242552675967968
0.01288115098343845,0.014290579657523042,0.006635413423777069,-0.004455281497230525,0.2091172441468874,-2.1637022586414045,-1.6943608594518131,3.264005324226378
0.012856042379238314,0.014311726771926587,0.0066575291808378,-0.004409402105391665,0.2075150188854536,-2.1399969706721436,-1.7245116128996878,3.2366577048235388
0.012695603110672951,0.014363572711354543,0.006866239979847809,-0.004241325279860407,0.21123226783288998,-2.0433194302051643,-1.9298938207196896,3.1742227599197483
0.012675010955677772,0.014373386714133003,0.006889106132240125,-0.004213480529400536,0.21132655420756272,-2.027019923092259,-1.9547954388819446,3.159644553513169
0.01266475065410231,0.01439565478224269,0.006882630714357217,-0.004172064925617523,0.20853224305121967,-2.005324032312427,-1.9610950587896105,3.1255551151765286
0.012650577757006384,0.01441613791187873,0.006883791706122738,-0.004131253707773727,0.20626894338493115,-1.9833582161714258,-1.9728651786420024,3.094314186876648
0.012629971970818823,0.014426621189434243,0.006904960552079407,-0.004102016796281904,0.206252219628054,-1.9660382750687304,-1.9965665349466064,3.077927620401862
0.012611420075186668,0.014448181164115106,0.006910945743863765,-0.004056796162978595,0.2041356148137225,-1.941104899495182,-2.0130149407874427,3.044637574467745
0.01258335305947448,0.014470525556167303,0.006930052232506269,-0.004004136428702142,0.20262408645895233,-1.9108471203242987,-2.041036803996917,3.009364293288613
0.012513685803806731,0.01451073299010428,0.006990957965001074,-0.003895329780523016,0.20111179666236786,-1.845066145682863,-2.114474100908762,2.9416865941703136
0.012529329144289494,0.014494349317867925,0.006985792385381493,-0.003931004292395957,0.2026736453724562,-1.8653522092996782,-2.101674898619891,2.968006748334499
0.012556963758870618,0.014489393671619095,0.006949591840440334,-0.0039576667053886775,0.20140030654761137,-1.8835948904975002,-2.0676718639772678,2.9787879236677948
0.012494124289380407,0.014529302888906522,0.006999105217461085,-0.003853613899244452,0.19978680932284054,-1.8209937560045752,-2.130918012696099,2.9114514102546303
0.012361487705399129,0.014532346538014024,0.007191141218928338,-0.003746559965538122,0.2088453348478069,-1.7371232366150766,-2.30096033713769,2.8775209916409583
0.012381916256391606,0.014532111485963065,0.007161417820963472,-0.0037635006432399374,0.20724210850143004,-1.7508094750299505,-2.274606053131793,2.8833549035968917
0.012400729187894229,0.014542754805688219,0.007121011634531739,-0.0037629059933487747,0.20421277794490425,-1.7556243294989138,-2.244266809138217,2.8724016528585676
0.012426713391177577,0.014552990347462186,0.007070867874925322,-0.003768244174163786,0.20076935952781924,-1.764884033079408,-2.205342038145174,2.8637375826473277
0.012475332934169218,0.014549474214866832,0.007003820278414848,-0.0038101056401224644,0.19781787951360252,-1.796157654513461,-2.145113546861662,2.878908227771351
0.012451593639503749,0.014560064165665968,0.007026311479805802,-0.00377691318074449,0.19798493415391774,-1.774983057349741,-2.169913102187668,2.8589523465287474
0.012350319321231746,0.014550822139183154,0.00718480565377409,-0.003710377051626772,0.20659945392384538,-1.7170957618938225,-2.304503863860088,2.8472107651294043
0.012334167706066575,0.014566884184827702,0.007188383968644871,-0.0036737097029096656,0.20519329220051155,-1.695383969826057,-2.3155431894572405,2.819081576395955
0.012315639177848486,0.014580228273119814,0.007198402281965429,-0.0036389675303498,0.20428466266587328,-1.6737884244335357,-2.3308973859882403,2.7940585988812305
0.012299204903567418,0.014583573242365847,0.007217669624153005,-0.0036201957382365887,0.20508544920209065,-1.660039100029526,-2.3495497751871475,2.783869508108909
0.012020704008860086,0.014696991627765691,0.007445324072055631,-0.003202819697664138,0.20687322104383513,-1.3694715312067876,-2.604498421763809,2.5013929019612786
0.012042017842310578,0.014687198752552477,0.007431410995498202,-0.0032373081055463307,0.20692361562582784,-1.3935282525614237,-2.5877409834979956,2.526247072629534
0.012228371607980557,0.014587810569048674,0.007312743881505203,-0.003551713995146481,0.20958431261074464,-1.6050416402837513,-2.435922911588058,2.752097145141537
0.012214675132006872,0.01460113226354183,0.007314566541816599,-0.003520513539931916,0.20838983608326153,-1.586211438706772,-2.4438920041154613,2.727576702542539
0.012083311034907403,0.014663330352554713,0.0074102241247962965,-0.003310237427688019,0.20783377929241925,-1.442386845169823,-2.558059988456468,2.5803929002584174
0.012073688815929837,0.014675368931232493,0.007406298296031808,-0.003284693301588869,0.20658473843955064,-1.4274788875926516,-2.560047514192408,2.5590037971588466
0.012061380516315908,0.01468687722589312,0.007406500591131309,-0.003257242221745075,0.20544321528035775,-1.4106051186814141,-2.5654502035482003,2.537037876509412
0.012199632130002129,0.014612337346977127,0.0073208096765148825,-0.0034910650127676717,0.2076584245395616,-1.5676290615463175,-2.454752562105202,2.705483002963169
0.012184369617827751,0.014621269579831276,0.007330132837603964,-0.003464539575533794,0.2073022101782225,-1.5501959350122547,-2.4672566641040707,2.686407604604041
0.012097951433407089,0.014659514386058371,0.007395941058662933,-0.003329788460974436,0.2073444796932453,-1.4570225615210342,-2.5435862328826015,2.5930287906726757
0.012169904780090543,0.014628997264399984,0.00733976298829296,-0.003440362159330811,0.20712639704896704,-1.534032009916894,-2.4794562994789984,2.669237968633872
0.012154432574136724,0.01463741784916414,0.007349660733069931,-0.0034142195280315903,0.20684919274394953,-1.5165846474569147,-2.492192280499367,2.6505469707207854
0.012116502926903722,0.014652931994793526,0.0073800625167272675,-0.003356756817893196,0.20706399202696502,-1.4763630747569003,-2.526428097265176,2.6112106713096797
0.012136144342352918,0.014645232132597491,0.0073639939468129745,-0.0033861317372394007,0.20691364372673007,-1.49708855432894,-2.5085697059378593,2.631241794324691
0.012246304556616653,0.014595497558475883,0.007277458358850562,-0.00355700028963234,0.20699175077790608,-1.6138247820307285,-2.4082293411566487,2.7479684062710077
0.01226590891532918,0.014599219392351887,0.007245032839826019,-0.0035691104278440413,0.20496078914567264,-1.626005840743811,-2.3812723740040522,2.7499100918129753
0.012285551725456903,0.014594689447724091,0.007223042078691364,-0.0035926338177316186,0.20411953395775492,-1.6431186087419931,-2.359680119315573,2.763307444485115
0.011964911212784469,0.014714395241799617,0.007491949252786588,-0.003122344011208821,0.20809034259137857,-1.3098149835300912,-2.6536552510659015,2.4459707088217124
0.012000176254546373,0.014705185578662914,0.007460152217754313,-0.0031710655801145946,0.20695986989976253,-1.34677729644331,-2.621326570285237,2.4788498939519283
0.011981131653758395,0.014711318617178127,0.007475745886886012,-0.0031433478365908954,0.2074155232139356,-1.3263174558567545,-2.637894591663762,2.4596668047488177
0.011951752722646725,0.014728410934878379,0.0074882512383216675,-0.0030906797803350672,0.20673695611742865,-1.2907299174088998,-2.6565081395865513,2.4196727350845113
0.011928760554702926,0.014736353397710253,0.007505438547352986,-0.0030561547533626203,0.2070323176602674,-1.2653340751633808,-2.6752043843082487,2.395151719869681
0.011875365212992102,0.014750012667246204,0.00755107776249148,-0.0029810473160076676,0.20871123784625473,-1.2077076117515082,-2.7215412498825162,2.3431553079598633
0.011891275100135873,0.014747308775551228,0.007535631419064698,-0.003001881869278458,0.20800157264358152,-1.2244096037605736,-2.7066860030477025,2.3570984016825816
0.011909171941201125,0.014742998370370623,0.0075199717452617615,-0.00302672975422113,0.20737331911753779,-1.2436044205978893,-2.690956210339039,2.3741986208006653
0.01186098280449169,0.01476378895114424,0.007547947332551167,-0.002948374188896375,0.2074203647227289,-1.1875616050502031,-2.7245959854645245,2.3161057049845035
0.011802594214301057,0.014764933111167146,0.007616135371400636,-0.0028810517140187837,0.21159743159273045,-1.1284751520957494,-2.785465530531901,2.273940292346978
0.011835424750318072,0.014769515582468957,0.00757004807390907,-0.00291291097739203,0.2082914549005113,-1.1597868323408187,-2.746558894296479,2.291432159819142
0.01181845176687225,0.01477328111996489,0.007584570615445496,-0.002889240630091659,0.20897302920808586,-1.1411914733140867,-2.7609728227644807,2.27488242408242
0.011788316003498897,0.014776700149881356,0.007614952924297688,-0.002850726525794524,0.21060659015850147,-1.1091358568597542,-2.7892534287369664,2.249067015544893
0.011773426859026685,0.0147884427879484,0.007614295834396298,-0.002819793207728243,0.2096879553359332,-1.089236738613854,-2.793475976196836,2.22383404174454
0.011665717433242882,0.014829082441845075,0.007672561351597183,-0.0026463313957892313,0.21067661678979793,-0.9610056250436567,-2.8608171769161195,2.092641317780951
0.011683878845238721,0.014826056762336884,0.0076573108102675645,-0.002671525436272103,0.20980565438722962,-0.9815660784000698,-2.8462602253450764,2.1106405981006406
0.011707236602993075,0.014818140560596493,0.007643733830338493,-0.0027082198799564497,0.20945193032407292,-1.0091298722147986,-2.8312671493837596,2.1382028031349627
0.011723369213777157,0.014807733079510518,0.007641835050503207,-0.0027390732910932227,0.2101285142102814,-1.0298476686626192,-2.8254770219475485,2.162980802875625
0.011742489607199499,0.014805078012778678,0.007624218918217118,-0.002764585145007765,0.2090575624264935,-1.0508867879621906,-2.8089365119590366,2.1807286018412007
0.011758227327588949,0.014798029761447931,0.007617091094447906,-0.00279104916532315,0.20918683910576744,-1.0698718007688146,-2.799831325784703,2.200982171959551
0.011651640601492977,0.014841457491137607,0.007668279729490648,-0.0026157740404860077,0.20951378412899138,-0.9418478427806373,-2.861843278089058,2.0670630861160606
0.01163542951765862,0.014854712893572904,0.007664674974332339,-0.0025817830636018987,0.2084087488359079,-0.9202040837974056,-2.8637584465714228,2.0388528564159265
0.011225910573188074,0.014906132335422208,0.007973590943834903,-0.0019923471287930667,0.22930225504961133,-0.4240363991426284,-3.1452354407078222,1.5992717521735893
0.011240942621002706,0.014903372063641299,0.007965617960652913,-0.0020158919479435944,0.22870958461259724,-0.44334531418928264,-3.137852848237785,1.6176894578896766
0.011220232784663118,0.014920404260070519,0.007953058054904077,-0.0019722575943162167,0.22696351496647943,-0.416362711937991,-3.1320935289597873,1.5802130740267177
0.011162393687484604,0.014938424939808764,0.007968523544484525,-0.0018755499169119932,0.22764528000273057,-0.34222619616555433,-3.149469210348123,1.5024972064275135
0.011176178759639964,0.014931175964997068,0.007970348118532873,-0.0019010248457029025,0.22811501244852112,-0.35988354586446336,-3.1491387624655216,1.5236659868718456
0.01119205301897061,0.014930912842668915,0.007957837684102425,-0.001923750764502378,0.22692514411220013,-0.3802417250486007,-3.138813294688894,1.5409045102898
0.01120728632037408,0.014926201733795219,0.007953612279918726,-0.0019491658924574273,0.22677154357638515,-0.39974419388578847,-3.1341029976309387,1.5612936086436677
0.011144958179195745,0.01494278459918775,0.007974600742959905,-0.0018471934893095723,0.22802883716106867,-0.3198607284921065,-3.1554746075813873,1.4798876246576904
0.011129131561989275,0.014943407865571023,0.007985923176894599,-0.0018240251978834184,0.22911198179309417,-0.29941330529242033,-3.16478745474996,1.462111218372736
0.011613254351337074,0.014865964845681954,0.007670312596556545,-0.002542742009788716,0.20806188367437192,-0.8927402586148221,-2.8729288042375747,2.008045848492849
0.011593362018138034,0.014880134515471951,0.007668455814602099,-0.0025034588933933797,0.207075137581028,-0.8670044594808236,-2.876583906279247,1.9758985104498914
0.011318897335108147,0.014922600036553798,0.007863591435004482,-0.0021067454683112367,0.21936421550362947,-0.5395729057951185,-3.05803565009014,1.6796018111786724
0.011468102455559378,0.014869527005176169,0.007813296660570635,-0.00235549921195877,0.21813419714689797,-0.7267757905490765,-2.998016337987305,1.8766019248547001
0.011452245972046872,0.014877076449380085,0.007816254088706058,-0.0023273238917217113,0.21789697152536633,-0.7066170555313332,-3.0031138216994986,1.8539318164952057
0.01148451041345239,0.01487772385158864,0.007783291281404903,-0.0023686565720398172,0.21543853356483447,-0.7444012005904465,-2.9749612106672245,1.8830746242786736
0.011393741380893501,0.014896904551398303,0.007838956125594128,-0.0022309783658727316,0.218642982609801,-0.6335519472338814,-3.0290967650402076,1.7781557773059633
0.011413487510122148,0.01488913230567999,0.007833420512669588,-0.0022645843382358972,0.2185876985621737,-0.658434216011263,-3.0218429606963517,1.804934463484084
0.011435240845113867,0.014884393111303424,0.007820502050847932,-0.002297872285284823,0.2178984245125426,-0.685131200762579,-3.009212346352923,1.8303746370281175
0.011390106216872403,0.01491444422331109,0.00781255590272706,-0.0022097096300890524,0.21575620719233793,-0.62664101968206,-3.0123113783170763,1.7571644782119926
0.01137510112972069,0.01492271592419668,0.007812418313885496,-0.00218213069845212,0.2152321708776752,-0.607575699720721,-3.01485386395596,1.7346137289591048
0.011356349070939693,0.014929629270954725,0.007817801116568416,-0.0021508312610464294,0.2153703801109814,-0.5842223390187488,-3.0215895335478513,1.709739706475677
0.011336788862143125,0.014936897332806544,0.007823026533041245,-0.0021181062745040465,0.21539726880703888,-0.5598287540179935,-3.028252437712979,1.6836461004719723
0.011500596596886093,0.014884948801696666,0.007755260757093724,-0.002382135688882518,0.21297231603794817,-0.7615240318882329,-2.953320110269551,1.8900529111412883
0.011518075156682872,0.014888863663732982,0.0077313016792207746,-0.002400478587058458,0.21090211299091838,-0.7806256884220825,-2.934098149049443,1.9015288599277362
0.011550035003139536,0.014885482167106685,0.0077044712244808055,-0.002444181108476238,0.2092920029700224,-0.8175267921530357,-2.909719655210779,1.933136681172804
0.011571957629141802,0.014886534477102427,0.007680302761856428,-0.0024704034788194367,0.20747128949789337,-0.8417005385842925,-2.889197758248567,1.9508644306033884
0.011533709298425635,0.014900905104203919,0.00769589217656217,-0.002408103047296972,0.2077327648337909,-0.7954962384193044,-2.9078625083009357,1.902527184437611
0.011251256477814092,0.014914494275026936,0.007937075144593974,-0.002020759224858208,0.22582543694831272,-0.45595447523166677,-3.117174971761734,1.6181712442493836
0.011267566630815318,0.014916123757142255,0.00792009330176636,-0.00204203026095943,0.22425542640804091,-0.4764148692376607,-3.1034706146603956,1.633566356976633
0.011284879633234664,0.014925163749761553,0.007889202247671312,-0.002058035733995928,0.22134343870702702,-0.49742585467583744,-3.080284199156377,1.6428950844822074
0.011301840432558668,0.01493359104013034,0.007859713766556196,-0.002073829263802297,0.21849217454676398,-0.5176788542234374,-3.058070783485345,1.6521348485451146
0.01088391587654477,0.014981001850314597,0.008089053630594254,-0.0014354406849455567,0.2384697222587934,0.021575461040118454,-3.2518324933240206,1.1530115825194007
0.011029663364723677,0.014936854490847135,0.008072911456556071,-0.0016837242787439497,0.2375355106227338,-0.16758403202357905,-3.233021028313344,1.3559714474295725
0.010998907872836096,0.014942786543769336,0.008083971033132286,-0.0016337074623014047,0.23851925213116812,-0.12698540566906383,-3.242751021380944,1.3158572415790386
0.011014166788613373,0.014939823691351764,0.008078606750450495,-0.0016585569641220951,0.23803119502736866,-0.14713525555775178,-3.238041081466463,1.3358052556558875
0.010900063821119743,0.014979892669489578,0.008081012322798974,-0.0014605321467491266,0.23761077927199123,-1.832578626643573E-5,-3.245737361544571,1.1728838002654307
0.010916395334033128,0.014976993512112192,0.008076015880546301,-0.0014869780883888125,0.23713239581021894,-0.021470261764128275,-3.2416521242418317,1.1941574543322562
0.010932358949866473,0.014973835326339386,0.008071548886206462,-0.0015130029956542496,0.23670757677638346,-0.04237327030490127,-3.2378743930135374,1.2151358993956933
0.010948189970227076,0.014970484460442324,0.008067341126847523,-0.0015389273120998191,0.23632266703469815,-0.06306080986371833,-3.234214850060997,1.236054471127013
0.010963922884450592,0.01496679168378201,0.008063648163413905,-0.0015649094195853365,0.2360028624080288,-0.08356041966013615,-3.2308475080337913,1.2570698021827844
0.010979351006914698,0.014962700854176994,0.008060714961714137,-0.0015906905618649112,0.23577394119429382,-0.10359909048206073,-3.2279522327507153,1.2779976163986186
0.010994122376189281,0.01495859344587048,0.008058087915087282,-0.0016154963545045827,0.23558766922855742,-0.12277657214633382,-3.2252415033292334,1.2981603381992608
0.011040069347997894,0.014950103206430036,0.008040980830055168,-0.0016894651244450784,0.23407239008863565,-0.1829887235604746,-3.2102839918819464,1.3573295129042495
0.011056125268439498,0.014947638457101188,0.008033729812104005,-0.0017148497508114966,0.23342932688497872,-0.2040076847037163,-3.2040628479087663,1.3774575097298518
0.011067853677345073,0.014961356163178641,0.008000067997054864,-0.0017218353153082304,0.2298792383444256,-0.2206570138426285,-3.1801046168925104,1.3796224406861166
0.011113451178211727,0.014952549610353538,0.007981611437065559,-0.0017943974203292153,0.22836278124431167,-0.27947244285002526,-3.163421885879754,1.4372502556095574
0.011080507959661512,0.014974424795194676,0.007967045694456608,-0.0017304641680044714,0.22636944425479102,-0.2380931415752021,-3.1565967104801884,1.3831763078266421
0.011097177672625455,0.014966898022692599,0.00796815159768832,-0.00176007310073414,0.22673492633507977,-0.25915690664906976,-3.1558490291496053,1.4075850328596344
0.010086395280600801,0.015042307230260963,0.008245480074764654,-1.4129753386247083E-4,0.26445825254249516,1.0930314210481933,-3.300347827982805,0.10990824428236552
0.01015005214664954,0.015040974679626165,0.008242772810464769,-2.4537218257759177E-4,0.262953879097988,1.007726886354164,-3.309535628883689,0.1934311917134028
0.010102134590660393,0.015042293909626463,0.008244451364929075,-1.670139268345859E-4,0.26404092546293173,1.0717533185775814,-3.302485297784352,0.13050271785046183
0.01011808285782864,0.015042250992806728,0.008243286539173625,-1.9306227130256887E-4,0.2635743240270249,1.0501726697513416,-3.304494475453047,0.1513758039436206
0.010134142592680546,0.015041820041578452,0.008242702219162262,-2.1931933364214748E-4,0.2632120326507781,1.028712678444659,-3.3068414637429844,0.1724577435779049
0.010355912938963346,0.015030108917028148,0.00822701275206718,-5.821230648213302E-4,0.25781424529392605,0.7318984622421824,-3.326893700397541,0.4650983836137806
0.010371655203969661,0.015029470124918483,0.00822416886508791,-6.077365345972015E-4,0.2572434465244125,0.7104450670084135,-3.3266244850915143,0.4857522959975809
0.010387585816986724,0.015028858271696309,0.008221043063230562,-6.336210548384233E-4,0.256637760241002,0.6887054010808219,-3.3261123685758576,0.5066113818013197
0.010348925159244396,0.015045078385285076,0.00819926748469557,-5.670887558400741E-4,0.2544825143925911,0.7322044477281303,-3.3072657594696224,0.4512825044776086
0.010333660115469675,0.015047176208466672,0.008198841592597303,-5.420263630227287E-4,0.2546337974981751,0.7518657497159914,-3.3052865263346516,0.4309305022134577
0.010221728058588059,0.015052501479603783,0.008210401579208491,-3.603358718491611E-4,0.2576933666348162,0.901375671329678,-3.2987996766756793,0.2845909209978497
0.010237321172768755,0.015052096885007527,0.008208660480361825,-3.85623277664153E-4,0.25722957516282974,0.8803991174476883,-3.2998198482139958,0.3049275205589175
0.010317954080806303,0.015049237080868074,0.008198417294742598,-5.162758457122785E-4,0.2547996285616286,0.7720928933582584,-3.303196720420185,0.41004277871287637
0.010253244341914434,0.01505332764865011,0.008203459069691797,-4.111332472904882E-4,0.25631916532848426,0.8578336038684821,-3.2984942145030804,0.32526588807570417
0.010269711345972168,0.015052876739271288,0.008201297052748814,-4.377878775937455E-4,0.2558354753031454,0.8356757348810643,-3.2992054932346027,0.3466916965497186
0.010285918646622523,0.015051999401300116,0.008199835242741553,-4.6408929977245875E-4,0.25542044668310937,0.8141260243979723,-3.300280361706109,0.3678828245412284
0.01030199392795627,0.0150508271702383,0.008198794830874163,-4.902306936930644E-4,0.25506704185283463,0.7929159680196419,-3.3015549489951037,0.38897757247256465
0.010206084339594088,0.015054149122989947,0.008209514911504498,-3.347705286909843E-4,0.25782834766385393,0.9214643123900156,-3.29593990629492,0.2639300231695207
0.01015810459146857,0.01505523076069616,0.008213558772340866,-2.5690961099102285E-4,0.25912154765819123,0.9857005996448818,-3.2912827372524336,0.2014271999336469
0.010173446737215583,0.015055315874444327,0.00821158952076144,-2.8176468195785146E-4,0.25861654301512504,0.9648532644954996,-3.292386187614422,0.221349439901626
0.010189631725150604,0.015055569643421883,0.008209008396167713,-3.079417268520523E-4,0.25801491608905475,0.9427440704098736,-3.293147868854582,0.24229686778268264
0.010070838806108798,0.015042345932538203,0.008246270305397834,-1.1586991655748953E-4,0.26485952439792654,1.1139982272793227,-3.29801412384993,0.08955068438644252
0.01002366504597619,0.015042443776075057,0.008247636780781789,-3.87264144364345E-5,0.26592839046581046,1.177299549142309,-3.2898298405880078,0.02785602419943903
0.010039479957237822,0.015042577070853184,0.008247026249302875,-6.458724726897762E-5,0.2655382549156588,1.1559819053457439,-3.2925418011372787,0.04851548625126156
0.010055238353092558,0.015042556032317732,0.008246545452372534,-9.0355839990349E-5,0.2651819933550037,1.1348300555203246,-3.295258599500784,0.06911959575736408
0.010015713994125158,0.015057214272985122,0.008218293302296441,-2.5573639738567612E-5,0.26226303329473893,1.17487659148504,-3.268876139118937,0.016315806408246907
0.00999983582754557,0.015058425311230085,0.008215951127127379,2.2692456364219828E-7,0.2622520700827177,1.1948209548787228,-3.2641413389471325,-0.004331541232565382
0.010852105173407298,0.0149859340534369,0.008099218065041306,-0.0013841528362877945,0.239526173698305,0.06361913104054862,-3.2597586100241283,1.1117682180787118
0.010867847406008374,0.014983638920607452,0.008094005878542464,-0.0014094645374646702,0.23898068126793606,0.042786668913332264,-3.2557487850266384,1.1320944400315296
0.010571196481216313,0.015028159748033261,0.008159750290345318,-9.269407442574286E-4,0.24741531612881415,0.4346838634995352,-3.2978640269847177,0.7418113434863414
0.01058724798119416,0.015026396043828253,0.008156583343331601,-9.529515548217998E-4,0.2469291766054256,0.41333944925772365,-3.296454807088054,0.7628442706416845
0.010603325578610044,0.015024554281593784,0.008153371108861608,-9.790128141113862E-4,0.2464455989591963,0.3919793696457022,-3.294946576855437,0.783919408042117
0.010619428025443958,0.01502246506516914,0.00815043933951117,-0.0010051973668043052,0.24600357583265106,0.3706763270393863,-3.2935623512112735,0.8051192570570701
0.010760651823463517,0.015002282974377635,0.008120257416004292,-0.001234757314336762,0.24194982891670555,0.18391677654017022,-3.2753955731742024,0.9908755954447926
0.010744757979651109,0.0150047474082455,0.008124005194868155,-0.0012089213436693796,0.24240316598539421,0.20490075773780606,-3.277948724274005,0.969990705558791
0.010728849122219136,0.015006821316336483,0.008128322657024437,-0.0011832382809117937,0.24293322560204403,0.22603125028023693,-3.2808272221155543,0.9492767947155921
0.010635417968439064,0.01501994932678813,0.008148191722268631,-0.0010313770830072714,0.24564497328375598,0.3496858729190386,-3.2925751308400977,0.8263698179029811
0.01065105200997375,0.015016917202314123,0.00814691344134877,-0.001057226300467157,0.24541712090105175,0.3293635907529486,-3.2921762468662137,0.8474314622209577
0.010666264494906057,0.015013586519654837,0.00814622471407449,-0.0010825573707417913,0.24523835176366804,0.3096928012263462,-3.2921091439378496,0.8681315495120873
0.01068144252002876,0.015011370794167332,0.00814324011798273,-0.0011073034943114466,0.24481708082197454,0.2896024563798974,-3.2904015903828436,0.8881946908186986
0.010697045991919183,0.015010124147292797,0.008138024124140789,-0.001132214033748474,0.2441382468475792,0.2685738371977692,-3.287110760089636,0.9082142764899105
0.010712949995577556,0.015008595504920784,0.008133026918669102,-0.0011576889129106729,0.24351688461448814,0.2472537531882952,-3.2839044064386607,0.9287025756286703
0.010821547699493865,0.014989563610613295,0.008110391715454593,-0.00133538574783554,0.2407796170135226,0.10433294258833148,-3.2680846247406534,1.0726788230793398
0.010836551577071868,0.014988156120764201,0.008104281784421711,-0.00135913206316645,0.24008230026275879,0.08425340334377805,-3.263604084281171,1.091640790841396
0.01078736211850635,0.01501340735491158,0.008084693205470008,-0.0012696845485527595,0.23786907337805815,0.1442642180680069,-3.2508694364817416,1.0164830992888456
0.010802346623335658,0.015008281868250867,0.008086028556732594,-0.001295387760693191,0.23800671643962382,0.1254121204976968,-3.2516337860401685,1.0376657819539654
0.010815155815181618,0.01500329649769153,0.008088167344141722,-0.00131773096091446,0.23826702347549894,0.10941036608314998,-3.252924526465006,1.056175966579029
0.010771552520643697,0.015017254920605407,0.008086039689947597,-0.001243443752769333,0.2380322716876624,0.16455172464617182,-3.2518885776747273,0.9950965284431238
0.010555005218144719,0.015029978165624713,0.008162681106967482,-9.006657629825212E-4,0.24788392628355085,0.4561796731744434,-3.2990360835605173,0.7205512224061755
0.010565122708499275,0.015045614681046605,0.008128491746734494,-9.104121768417781E-4,0.2437968764372144,0.43515674477118477,-3.2761807823676254,0.7261078599640219
0.010481966101060445,0.015019458230832191,0.008210134474246482,-7.883369179457405E-4,0.2542362359459514,0.5626890268922248,-3.326880992281098,0.6320628394968729
0.010497466538654195,0.015018115413080868,0.008207329820367345,-8.136304993394205E-4,0.2537357032484658,0.5417882530747904,-3.326082915815617,0.6525340463447216
0.010513135947822596,0.015017058856894762,0.008203730348147498,-8.390669494227739E-4,0.2531526558171777,0.5204994211605971,-3.324684908303784,0.6730635986160495
0.010412861130167447,0.015043125427706533,0.008185812484841916,-6.701503387102037E-4,0.25205524585097877,0.6453796966240755,-3.304514723094055,0.5342043242659152
0.0104287722990028,0.01504159960621484,0.008184050847505607,-6.96035470744752E-4,0.2516638483419293,0.6243340550145744,-3.3047344022182297,0.5551438173754403
0.010444611041345172,0.01503968614659093,0.008182887235969542,-7.219164994154439E-4,0.25134727758437264,0.6035708049763328,-3.3052896135954932,0.5761265941521803
0.010460260399048897,0.015037263395968404,0.00818259735544817,-7.476586311451733E-4,0.25114081327258725,0.5833018988430453,-3.3063608005959435,0.5970654699608521
0.010475418603827918,0.01503462727201311,0.00818270937276309,-7.72697413787281E-4,0.2509968730654441,0.5637696814087313,-3.3076064612911265,0.617476456887307
0.010538368044355727,0.015031705258673811,0.00816577035932727,-8.736994290217778E-4,0.24836518338254723,0.4783111679643401,-3.3002191692499774,0.6987471154707158
0.010521900468264058,0.01503187783503087,0.008171618414885813,-8.475554764282458E-4,0.2492103122482168,0.5009409725706946,-3.3032213560233816,0.6778142539594404
0.01039677543671753,0.015044404397701742,0.008187924784443606,-6.44046062582524E-4,0.25249860093184706,0.6667782968151436,-3.3044509101207065,0.5131160178376614
0.00987346958521122,0.015026674690682765,0.008273463432764564,2.0825150753745557E-4,0.2728566354467354,1.391148299375872,-3.2734726481674676,-0.1675192997657472
0.00985773441132564,0.015026249016613284,0.008272767000129565,2.3415036397817822E-4,0.27304566262972635,1.4121805299580776,-3.2691305949802136,-0.18805544676531702
0.009826345117669768,0.015025156772416302,0.008271326659224872,2.8582783386159463E-4,0.27362813983422113,1.4541982890022107,-3.260218531831683,-0.2289789313553339
0.009842031206774156,0.015025680581160794,0.008272179891032403,2.600073741242013E-4,0.27329977537954137,1.4332580484967747,-3.2647952501652795,-0.20854230354957673
0.009818082255160872,0.01503952586306867,0.00824149923353011,2.9747629017593886E-4,0.2691976212209611,1.4501532524964758,-3.2388090475569578,-0.23928821356631105
0.009802346726778693,0.015039469071562889,0.00823943736820182,3.231331446757304E-4,0.2692232231885489,1.4703788275636887,-3.2333698580783374,-0.2595565951342817
0.009786358229646552,0.01503929781130662,0.008237385356244303,3.4919815055378575E-4,0.26926489538707227,1.4909599540427259,-3.2278037650019384,-0.280115905933145
0.009770159638929481,0.015038800184177923,0.00823576543983859,3.756381495031897E-4,0.2693804258250334,1.5120679942657258,-3.222389581962052,-0.30092801579928713
0.009753943194645202,0.01503775864459059,0.008235038895498306,4.0218895188093496E-4,0.269622170965532,1.5337044094484595,-3.2174678536923804,-0.32177626147890054
0.009880793183974617,0.015041454819739947,0.00824453206047953,1.949175437396877E-4,0.2683180303348751,1.367069103564333,-3.25641346034358,-0.1581718625257449
0.009944130415663938,0.015042696561598219,0.00824612280788104,9.133742955480935E-5,0.26725557203279826,1.2828183359379082,-3.2720833635272126,-0.07592468616532728
0.009966982929634773,0.015058098545335208,0.008216162308548632,5.3588716051000485E-5,0.2628923566441692,1.2383753393279517,-3.2574398502955533,-0.04678449789804349
0.009983225438325869,0.01505915955576425,0.008214365807575424,2.7194482790019206E-5,0.2623399726444951,1.2160646254874428,-3.259684913917631,-0.025851431166403763
0.009951557779684251,0.015057353804474774,0.008217173307772718,7.866531997951719E-5,0.26331975945348557,1.2593190367610907,-3.2547862784318973,-0.06670106931379595
0.009896466462232793,0.01504172555679463,0.008245268402422477,1.6929327105954863E-4,0.2681102762112717,1.3463499115046187,-3.2606229709263395,-0.13784623215709033
0.009912240767027913,0.015042350147674029,0.008245126278432118,1.43476766208617E-4,0.2677574385251002,1.3250895202089608,-3.264210531543077,-0.11737345483004068
0.0099282151514144,0.015042739169103375,0.008245286543683726,1.1734950754210649E-4,0.2674547059131552,1.3037430660481026,-3.267968340615687,-0.09662780574051356
0.009888011252378516,0.015055964960354462,0.008216193119005852,1.819393393408199E-4,0.26441830141790584,1.3433928791707208,-3.2397631862289837,-0.148602664678068
0.008810434043112521,0.014885682157951193,0.008039403883201514,0.001957412550873354,0.2569903001958896,2.737775884604224,-2.693375113060808,-1.476604521743541
0.008795110769741288,0.01488182804375418,0.00803337529958903,0.001982703855954995,0.25614821125377935,2.755674680514971,-2.680778367810167,-1.4938833908454467
0.008581650584840766,0.014824334783172369,0.007937697052167465,0.002333653472875337,0.24215664895594305,2.994541169223886,-2.4911620504868055,-1.7261794718846961
0.008596833630631264,0.014828797950319196,0.007944981795177893,0.002308655094133812,0.24329287498967936,2.9779730166648934,-2.5054206294382415,-1.710081688334751
0.008657598718209836,0.014846043649920102,0.007973464213561801,0.0022087056682838827,0.24770353582707846,2.911067736443929,-2.5613245195635232,-1.6450095814531256
0.008642393774733697,0.014841822382560023,0.007966434060000091,0.0022336999770737435,0.24663789692423163,2.9278930992885654,-2.5475084633411984,-1.6613851343458104
0.008627198891403438,0.014837546181177294,0.007959335530652839,0.0022586830020009854,0.24553409466842682,2.9446427505639323,-2.5335840179302007,-1.6776842043043667
0.008612014111024306,0.014833206438184964,0.007952183642003417,0.0022836634114015903,0.24441297883006227,2.961331235580667,-2.5195568246800444,-1.6939130183427158
0.008734110182525092,0.014866196075185965,0.008008133315423925,0.0020832112884391425,0.25282125074851164,2.8258576647452354,-2.6292184396525404,-1.561845382502182
0.00874934143109379,0.014870062426746109,0.008014769089047065,0.002058214599455679,0.25365521524041695,2.8086495060849637,-2.6423637140641296,-1.545072113727761
0.008779813915982232,0.014877928296010224,0.008027275072558196,0.0020079546744722946,0.25529832600160535,2.7734810192936528,-2.6680786555394516,-1.5110715881603651
0.008764555347980669,0.01487399553800791,0.00802109067458834,0.0020331375297239804,0.25446119595649913,2.7911609573349367,-2.6552801668087707,-1.5281455502841712
0.00872265282593192,0.014878389774755127,0.007975503429178578,0.0020882296723594806,0.24748342753197247,2.811396339183691,-2.60726925694814,-1.5628262872997845
0.008691508766759323,0.01487092411036404,0.007960471106420527,0.0021383852324581526,0.24528461661467518,2.844733813727864,-2.579646788715454,-1.5960166397598712
0.008707103998036161,0.014874848665387625,0.007967750428096396,0.0021131284031678387,0.2463526223349304,2.8277913806051855,-2.5934126279089362,-1.5793105002740209
0.008676142087975692,0.014866696607723114,0.007953772488422169,0.00216355494113655,0.24431678534763376,2.8619202160636323,-2.5661932513082815,-1.612655268950425
0.008660919441570875,0.014862466792226752,0.007947034860693895,0.002188482434591389,0.24329952152235937,2.87885243032196,-2.5527352736607445,-1.6290598021910034
0.00842506850832781,0.014745481092211748,0.007908984837866586,0.00262488300498781,0.23700805122129923,3.2182662832766713,-2.3546265767704497,-1.9147031838018254
0.008427976510719805,0.014761249116878134,0.007884627014777172,0.0026032878747714035,0.23133766847740822,3.1885480050103308,-2.3469462350720818,-1.9007331345337428
0.008395283607075692,0.014735492086180694,0.007892343603036249,0.0026745031458352843,0.23524190772416467,3.2492344981865853,-2.3231569301379515,-1.9446325770983421
0.008410168207199323,0.014740509980012716,0.00790070074327693,0.002649713433785044,0.23578949753734743,3.233830077290967,-2.338930362296288,-1.9297523506069936
0.008398165159243144,0.014751204896477542,0.007868288362424333,0.0026527571271733248,0.22844137501855769,3.219351900839204,-2.3158251179243003,-1.9307129473910631
0.008413055086780679,0.014756246452637093,0.007876495018305384,0.0026280487525390324,0.22997930365557287,3.204006247575927,-2.3314366624043656,-1.9157649573868822
0.008499800570831096,0.014769633284930958,0.007949261932429971,0.002500258264804878,0.2471640344154814,3.1390319084994878,-2.4318705102029075,-1.837081423823058
0.00848802732567041,0.014780597420451647,0.007916917572829073,0.002503932964199054,0.23576156223203784,3.125790331863876,-2.408375912770417,-1.8395641822370268
0.008514792106028145,0.0147743227280614,0.007957066761347392,0.002475307096242052,0.24686680035961348,3.122959962870246,-2.4469261031778795,-1.8214665064944005
0.008503056535633153,0.014785275587185912,0.00792484543852024,0.0024790962445323636,0.23740964160777045,3.109888024528937,-2.4235100520932877,-1.8239974836935382
0.008544819263429001,0.014783560287475501,0.007972454320138761,0.0024252885694899876,0.2482334606752382,3.0903682320580983,-2.4767279328543266,-1.7899714825461268
0.008548160608292167,0.01479922121820892,0.007947755189626565,0.0024043397129280947,0.24160704680076125,3.061347003626276,-2.4679494963625053,-1.7767658733994514
0.00852979835360784,0.014778965067767892,0.007964796489768432,0.0024503206743203636,0.24706824485808046,3.106733898843624,-2.4618694342997816,-1.8057881574656063
0.008533103924061279,0.014794607012704053,0.007940212297912681,0.0024293036281778833,0.2404537311228129,3.077645825073196,-2.4532567840406077,-1.7925996151051071
0.008518074254375488,0.014789949375666522,0.007932596132607208,0.0024542249892258016,0.23907077926893314,3.093836757362904,-2.4384601909880357,-1.8083422599044823
0.008430652732335177,0.01477742646008272,0.007859981512347536,0.0025819202566500225,0.22940813061994023,3.1540246523020046,-2.342559806513011,-1.8816582266045085
0.008445719991110032,0.01478241749630193,0.00786799132846439,0.0025570673392686445,0.23085131074310736,3.1383577812929833,-2.3578896930970057,-1.8664293413924415
0.008460856851138614,0.014787283399157884,0.00787611603081844,0.002532204379012786,0.23232286060116206,3.122721742136814,-2.373213961277008,-1.8511477446193665
0.008476021188481711,0.014791960382126927,0.007884420789452465,0.002507449579040572,0.2337481446165424,3.107255329006335,-2.3885222811961473,-1.8359005417906609
0.00838041485002105,0.014730427458694156,0.007883910128083944,0.002699261974249873,0.23494897569305329,3.264477624391161,-2.307279225626703,-1.9594107737114748
0.008383288176665048,0.014746140014405077,0.007859961787435523,0.002677419259187946,0.2266986408840537,3.2345672897464897,-2.3000735111294515,-1.9455797171098592
0.008321101100260936,0.014709702589809142,0.007849371808427633,0.0027981094698805095,0.22909518125491182,3.3243802647729237,-2.2425681353258704,-2.017858391142878
0.00833590506071094,0.014714953661811804,0.007858116685463466,0.0027734556127306767,0.2295223583261304,3.309558110264829,-2.2588825937249934,-2.003405181237435
0.008323795579685047,0.014725452766116707,0.007825660622558238,0.002775931316057092,0.22053160693602217,3.2943455725154434,-2.2358700083403664,-2.0040924461429537
0.008350725434314416,0.01472015819724113,0.007866791036421747,0.0027487544683019068,0.23111344103925394,3.294613385740553,-2.275113875960048,-1.98883762892716
0.008338645452116614,0.014730709965100737,0.007834328163693137,0.0027513249240339456,0.22223744906340473,3.2795540625682302,-2.2520587153957283,-1.9896257047024102
0.008365562078288622,0.01472531614604481,0.007875392484195444,0.002724012803886454,0.2335612554690971,3.279588368999646,-2.2912616185460846,-1.9741510733012315
0.008353516683547722,0.014735919166388625,0.007842925236957156,0.0027266884933914467,0.22360660590088324,3.2646383751227437,-2.2681474175480894,-1.9750467415416948
0.008368404750665451,0.014741054646874906,0.007851490331206116,0.0027020536856488526,0.22500624351940732,3.249649607489331,-2.284166649787201,-1.9603609100696755
0.00856646837020912,0.014819830703657664,0.007930308128359244,0.0023586395848987653,0.24098826046369345,3.0110059322363623,-2.476775107279907,-1.742189682185396
0.008551303712940099,0.014815269571584676,0.00792286021763459,0.002383607094439285,0.2397753415288746,3.027387337550653,-2.462291403885388,-1.7581121316147772
0.009706552680229864,0.01503403316817732,0.008233186908028557,4.799009564797441E-4,0.27038680509037527,1.5972876557189648,-3.2027871383051085,-0.3826452960458458
0.009722130725160464,0.015035156117206008,0.008234178746737923,4.543763194484027E-4,0.2701904916147491,1.5765672602932286,-3.2079352624361235,-0.3626709771929845
0.009737887090735376,0.015036454100551539,0.008234678576971778,4.285251184387127E-4,0.2699344714276845,1.5553641514708823,-3.2127449879163072,-0.34242780248154436
0.009697636925668728,0.015047968287067726,0.008203529575446364,4.91314343499746E-4,0.26653701617928854,1.5926160039292123,-3.1815240015746475,-0.39185460981667264
0.009675015490326426,0.015032715469646421,0.008228731570009572,5.313312821239657E-4,0.2704107161885149,1.6378941562049143,-3.1906002030963623,-0.4228365760742458
0.009659084716697117,0.01503160747035114,0.008227088080723852,5.573891568944004E-4,0.27051838152836716,1.6587787186547793,-3.184721958147613,-0.44314193711650934
0.009681971486036516,0.015048150959682103,0.008199659501857763,5.165073072475609E-4,0.26632430586509453,1.6116720955449997,-3.1744896258813977,-0.4115239903418845
0.009612196992947561,0.015027245027299014,0.008223377572817615,6.343180489874954E-4,0.27100181708738075,1.7210959754681332,-3.167666199340782,-0.5029238121780697
0.009627662775638647,0.01502870688561453,0.008224732954704606,6.089422714405454E-4,0.27086501642185284,1.7005878587278176,-3.173452193944559,-0.4832297846294698
0.00964326917544469,0.015030180627872142,0.008225926364473236,5.833305015347034E-4,0.2707106844485698,1.6798225908361737,-3.179104599758151,-0.46332896329269796
0.009603274137177336,0.015040989287969361,0.008193569772685193,6.447689260363547E-4,0.26709023411451743,1.7153386260825607,-3.146390743870245,-0.5110943478717439
0.009511090193366439,0.015004281547600294,0.008236800821822298,8.047101336803279E-4,0.2754450129805525,1.8700481036820762,-3.141569422870642,-0.634060686343834
0.00952674415065718,0.015005862692782786,0.008239145019917073,7.789197686391486E-4,0.2753743530609183,1.8495535121312103,-3.1485751730448235,-0.6141990082652583
0.009542452213875823,0.015007531933935435,0.008241152820748885,7.529994174234489E-4,0.2753500133739783,1.8287884431440056,-3.1553161446243454,-0.5941970701789466
0.009558246289284188,0.015009055369651955,0.008243296631200743,7.269761367978381E-4,0.2754293345403655,1.8080281648815613,-3.1620891903164043,-0.5740977189515971
0.009501815752957493,0.015017975891884326,0.008206328225880856,8.146833707513014E-4,0.27084767482067496,1.8635466445823319,-3.119706018217236,-0.6420570359597533
0.009486199097352729,0.015016744410488088,0.008203042905689488,8.400918886890974E-4,0.2706876448606775,1.8832096602888486,-3.1120917651863476,-0.6615211624585254
0.009407577233317165,0.015008188376566568,0.008188465446204433,9.685795967257571E-4,0.2701525051401694,1.983761851468256,-3.0738054281316347,-0.7594278604689123
0.009423379005487868,0.015009679026121355,0.008192208644721208,9.428938148966869E-4,0.2703973830608706,1.9640635936979278,-3.0821420908399486,-0.739931225035379
0.009439045257929463,0.015011528238703909,0.008195007459008587,9.172493758999191E-4,0.2704934082885635,1.9439273269468387,-3.0897895957686963,-0.7204203094802423
0.009454745818672913,0.015013517395123618,0.008197364298069611,8.914772045289741E-4,0.2705169640654246,1.9234730480204811,-3.0971049637468204,-0.700777823211484
0.009470491999990035,0.015015288005647208,0.008199990547490954,8.657033160284438E-4,0.2705716626769063,1.9031632332973965,-3.1045155075023687,-0.6811041308517226
0.009375437780789742,0.015004783308141654,0.00818102454660487,0.0010208916471785767,0.26969835510365975,2.0239725607003476,-3.05673255177189,-0.7990057101107088
0.009391522779752531,0.01500670632106479,0.00818441216188867,9.946297138096769E-4,0.2698743187373958,2.003608977545523,-3.0651164701732045,-0.779154673632613
0.009564907726433581,0.015024741766521054,0.008214242798248119,7.112337460140335E-4,0.2706645407656873,1.780870062250253,-3.146437866322474,-0.5624674362090981
0.009587821879295359,0.01504099283425864,0.00818905911240885,6.695130973521277E-4,0.26677894044853506,1.7337639787808998,-3.1386151997285583,-0.5302244180981911
0.00957183215021506,0.01504074523610391,0.008184710365226775,6.951495835770218E-4,0.26649826831972806,1.7530099773127608,-3.1307020114445727,-0.550001687620389
0.008995426460289306,0.014927332008655933,0.00810725555161306,0.0016528691630680735,0.2654001580929057,2.51830402645546,-2.8363382844664344,-1.2639541965919452
0.008979965273653311,0.014923982832874612,0.008102326100467303,0.001678427441504229,0.26482121224416244,2.5372359203349295,-2.82521589449266,-1.282159091543179
0.008918420809411909,0.014910544123745116,0.008081116648370091,0.0017798989394450283,0.26249370488434187,2.6113580742816214,-2.7793252997764983,-1.3537787798265002
0.008964541773384316,0.014920621837136395,0.008097266434355078,0.001703905353662346,0.26425112971198733,2.556017648691355,-2.813964519219517,-1.300244798078216
0.008933794281258347,0.014913860559045337,0.00808675833899986,0.0017546381339412006,0.2630842193628234,2.593134243771058,-2.7910795479036508,-1.3360618609195534
0.008949150347237016,0.014917241836262212,0.008092086960219796,0.0017293153478002328,0.2636609923610224,2.5746614127884295,-2.8025905524226205,-1.3182172136017174
0.008907411644700283,0.014923220822973685,0.008048740406689327,0.0017861643838843657,0.2572794878416102,2.5988259983883304,-2.757003968936036,-1.3565372649292529
0.008814194137882158,0.014901921451444589,0.008012563464119882,0.0019382303048895314,0.2525974459895785,2.7065819728979306,-2.6833459625803724,-1.4614728310719345
0.008875973527353856,0.014916846717701137,0.008035756494467304,0.0018369743033412724,0.2556047921639071,2.6343947020359715,-2.7321273618562008,-1.3917646019298837
0.00889172418457293,0.014920224089393828,0.008042008893862874,0.0018113979496582444,0.2564092998807146,2.6163418603971995,-2.744508620174908,-1.374043445907576
0.008829642796306285,0.014905714840507388,0.008018520027608852,0.001912920461314909,0.2533995437054157,2.6886578435625377,-2.6957445168617764,-1.444147696206487
0.00884506769470802,0.014909424634331654,0.008024431254765109,0.0018876731758870598,0.2541594698725722,2.6707362638144865,-2.7080245298028065,-1.4268010844889092
0.008860442510959961,0.014913153767707597,0.008030086802868324,0.0018624410045469948,0.2549021000840163,2.6526698129356174,-2.720068348833886,-1.4093940738728827
0.009141154183156695,0.014969056591998308,0.008125240105745536,0.0014043066691112364,0.26569119994209456,2.318154329495837,-2.921466986283287,-1.0838639903158442
0.009338327915037204,0.014984603400604838,0.008203377751948378,0.001088927171336483,0.2740375367699483,2.0924420658259293,-3.0546443184771683,-0.8503855012546754
0.00932276709810794,0.014982371481734908,0.008200192325714605,0.0011146028030489712,0.27385515840894836,2.112491690494483,-3.046237747042198,-0.8697211958614354
0.0092916525384347,0.014977947151966842,0.00819321055589476,0.0011658574645749343,0.2735723394017613,2.1521921229196823,-3.0288391341448193,-0.9081709014425329
0.009307220621226471,0.014980122963994208,0.008196867379996843,0.0011402431255787477,0.27371595161682455,2.1324425030254344,-3.0376771990910414,-0.8889858468541539
0.009156741337225483,0.014971786167802432,0.008129523946205358,0.0013787892225787972,0.2660803521466677,2.298883263905799,-2.93134913329499,-1.0652166924178965
0.009172417534413104,0.014974511446225273,0.008133689738706375,0.0013531081669571593,0.2664367656138807,2.279411083224946,-2.941126714438477,-1.0464028113575707
0.009188072854684374,0.014976831407496893,0.008138446153743463,0.001327668347058291,0.26688298808005223,2.260451538027843,-2.9511338845914605,-1.0277429995492364
0.009203657165553922,0.014979167382624869,0.008142950511635492,0.0013022942156382094,0.267290990198092,2.241404083881637,-2.960894913851382,-1.0090742152895247
0.009219215123966404,0.014981898961113375,0.008146493654828222,0.0012767056046984456,0.2675520074596545,2.2216681637471116,-2.9700308176584467,-0.9901755928302273
0.009234790025150694,0.014984663505898945,0.008149802301626775,0.0012510509403792635,0.26776426217096455,2.2017565540269817,-2.978960604498857,-0.9711811763020685
0.009250478583370662,0.014987176239719055,0.00815348253023754,0.0012253369635109466,0.26802501672799495,2.181990181097918,-2.9880649944663547,-0.9521114419780171
0.00926622380729502,0.014989362951781347,0.008157646683259386,0.0011996830695509468,0.2683498823243859,2.1625255172143762,-2.997388808284923,-0.9330553140035095
0.009281886740795876,0.014991273023835128,0.008162126603413741,0.00117426968418532,0.2687306382166748,2.143426893274444,-3.0067824912880945,-0.9141438807150853
0.00934396601316882,0.015000286030282388,0.008175292296948177,0.0010725459726864223,0.26948450626008863,2.064514490726381,-3.0406130371944475,-0.8379474809836683
0.00935959593526989,0.015002552518838813,0.008178165359790705,0.0010468858621509854,0.26961036534184285,2.0443875836089322,-3.0486747352672423,-0.8186239222626422
0.00912547542181175,0.01496660306209177,0.008120187432859931,0.001429759357489486,0.26517125440215533,2.3369543452764847,-2.9110458573838227,-1.1023885777537608
0.009062817026349677,0.014954981282097506,0.008101672481243423,0.0015322941624795526,0.2633456177776139,2.413602097124477,-2.8694865224747192,-1.1766022802451441
0.009047157552015527,0.014952618382724476,0.008095557502396685,0.0015574652605950137,0.262630412760727,2.4315490476001114,-2.8581085308460668,-1.1946339460822306
0.009031370621002571,0.014950100607109254,0.008089470700816533,0.0015828836822672024,0.26192716291998724,2.449705938762378,-2.8466067667404515,-1.2127928814583184
0.008999700991259744,0.014943978323139711,0.008078746772293569,0.001634489410629203,0.26073561039414456,2.4874195311313336,-2.824067714606682,-1.2495747374169417
0.009015490985717226,0.014947276008520888,0.008083720443200703,0.0016086066133563697,0.26127870924505614,2.4682895870869985,-2.83515485134231,-1.231133969164416
0.009078351265226279,0.014957653699043649,0.008106933287535404,0.001507059760832621,0.2639285394382794,2.395125736238772,-2.880276524452336,-1.1584348803128979
0.009093867438683465,0.014960892046118899,0.00811091983189387,0.0014814479642622565,0.26428443697055265,2.3756337731381296,-2.890295634970906,-1.139891123701634
0.00910960317328732,0.014964048863481213,0.00811502370220153,0.0014555309963578658,0.2646486133968962,2.3559529328014333,-2.9003959038911975,-1.1210905419539279
0.009067723010430736,0.014970399605760997,0.008075560123889517,0.0015146034446059185,0.2595275969603184,2.3845932644599945,-2.858423379125871,-1.1624255649056492
0.00493797520546437,0.010389868259618056,6.326003308637455E-4,0.008216994228903292,0.05389468897181387,0.39005389131533663,2.554442269516972,0.3303738742002856
0.004936972193042229,0.010371550143563417,6.029658683084422E-4,0.008219785844501655,0.059791487338065656,0.37108200292766585,2.5551110629252913,0.35000797961608265
0.0049267703206571384,0.010354628693121478,5.737026910811819E-4,0.008211364252109311,0.06417287128489722,0.35161189115562874,2.548283812205439,0.365919174180861
0.004915174570236244,0.010306194475310998,4.939026485209832E-4,0.008206918667347256,0.07846703933106212,0.299657666997287,2.5419915200010883,0.4155924905648311
0.004917405235718632,0.010322702057979477,5.207434501428052E-4,0.008206577431348549,0.073410812117345,0.3170017585853299,2.5428795983600434,0.39824952412938835
0.004921233538698576,0.010338773552332658,5.472044362617689E-4,0.00820802612441218,0.06866838745049718,0.33423361737798274,2.5449513903930483,0.3817666757466576
-0.0051038727033783145,0.011013872524174524,-0.0016897143157325125,0.00816008090451085,-0.13893843758202323,1.0763190534714417,-2.5592863772537893,-0.31558863426207273
-0.005091767977201295,0.011024382259641785,-0.0016986727252918683,0.008139247320179364,-0.14326300778660309,1.0792570617251933,-2.5474569752403524,-0.32459066572812545
-0.005107082553678812,0.011029251603586672,-0.0017153588780758542,0.00815472847183474,-0.14299390881443824,1.0932060216861115,-2.5568054025889806,-0.33180104715761133
-0.005100711207802962,0.01099848351546357,-0.001664083355784843,0.008165346514830498,-0.13345939756212583,1.059569400806797,-2.5616695923659734,-0.29940685229580444
-0.005088630419854432,0.011008957160108142,-0.001673136517970311,0.008144654724902457,-0.13883455496318223,1.062419030452548,-2.549925858628414,-0.30846711916800235
-0.0050975980988969905,0.010983084736969087,-0.0016384503775391365,0.008170528599468834,-0.12734200449098865,1.0428573928464413,-2.5639598696223014,-0.283271422187965
-0.005085522817067278,0.010993548401469664,-0.0016476081381477223,0.008149946121861524,-0.1346884421164718,1.0455634809276153,-2.5523310142297757,-0.2923322916129327
-0.005024252351995824,0.01072425352130625,-0.0011951908161352068,0.008211679767968334,-0.049903146340343645,0.7534322584265644,-2.5732659091496104,-0.013640254069949792
-0.005022081223677882,0.010708651183850079,-0.0011694839582067366,0.008215547205026048,-0.04488662946176645,0.7368414245408449,-2.5747695507262978,0.002819218581935234
-0.0050176424720085495,0.010677404209325461,-0.0011178997374296765,0.008222758376667326,-0.03480890152758769,0.7036413883209884,-2.5774305458920677,0.035750856889604214
-0.005019858980689719,0.010693044309254439,-0.001143727050498492,0.008219214297867887,-0.039846547543509754,0.7202505299351446,-2.5761412879820074,0.01926889872347295
-0.005061963946392412,0.010869700205622555,-0.001442222977994445,0.008189002797882273,-0.09764516747077745,0.9108817661918699,-2.5694007403290136,-0.16234940357094949
-0.005077163713119264,0.010875033080843399,-0.001458379319342627,0.008204583150111288,-0.09459059680832249,0.9250505689904364,-2.578726153437121,-0.16983239254452762
-0.005066555924529232,0.010813098735826325,-0.001355116576259519,0.008222269581259664,-0.07658830728141965,0.8581899660029578,-2.586128803370849,-0.10449792057192187
-0.005054082215868563,0.010823132049377104,-0.0013650656627567101,0.008202459473492713,-0.08277397696819559,0.8608592090927686,-2.5749480642228657,-0.11349101079334044
-0.005064025718534267,0.010797595068132215,-0.0013293097191831654,0.008226481284314793,-0.07016326752688648,0.8416913641728158,-2.5877822085648523,-0.08821961446292124
-0.005051557732788836,0.010807631044272544,-0.0013393743847926263,0.00820677000434475,-0.07825610232915402,0.8441894120091221,-2.5767020341254,-0.09718800622780539
-0.00505911156582297,0.010766564727218552,-0.0012776126474089897,0.008234668170611262,-0.05947858162569483,0.8084501948865898,-2.5909459649181965,-0.05566372235773657
-0.005044083633193659,0.010761041760994636,-0.0012620763869214213,0.008219021578759868,-0.06386009151643045,0.7940374870884125,-2.5815750528302677,-0.04801578901110131
-0.00506154425783226,0.010782083680081916,-0.0013034816101004044,0.008230613134763405,-0.06418382669187676,0.8251261746968418,-2.5893780952335304,-0.07195924459779524
-0.005046537094180504,0.010776604361676857,-0.0012878956787014091,0.008215019967300377,-0.06901248742943487,0.8107477599056324,-2.580006027775505,-0.06444718570868534
-0.005049040362584904,0.010792129342508667,-0.00131366032712448,0.008210951053452141,-0.07376766146112185,0.8274795838571937,-2.578386962267078,-0.08084272800986948
-0.005046260155450849,0.01086436027583431,-0.0014260762861377748,0.0081734930322913,-0.09333692628843553,0.9032873240712567,-2.557568983453454,-0.1608874630590542
-0.005043650989864391,0.010848771624301182,-0.0014004146424292055,0.008178125368018858,-0.0886813549044101,0.8865338836595417,-2.5595664533241638,-0.1445291976837246
-0.005041186302508977,0.010833220287032165,-0.0013748537436348368,0.008182765499377994,-0.08397382455025515,0.8698574547678787,-2.5615768302192343,-0.12817970879056872
-0.005028663969260744,0.010755596534782863,-0.0012467798175019385,0.008203540102980104,-0.059666836217618625,0.7867824045718653,-2.5700066655211633,-0.04667842055905481
-0.0050263965700907964,0.010739906605343888,-0.001220942400948998,0.00820761735582187,-0.05483149497513252,0.7700766650963472,-2.571637670492033,-0.030157150529276405
-0.005010901584645326,0.01073437989486879,-0.0012056461361682792,0.008191770583653403,-0.05361256095437362,0.7599292022970158,-2.560686080174421,-0.026767720123911102
-0.005094977032225547,0.011039821121831292,-0.00172423716523154,0.008133770183751587,-0.14799547464373816,1.0961248566290875,-2.544940499398597,-0.34072734657033704
-0.005110340726114831,0.011044620593952056,-0.0017410069224382677,0.00814929122787203,-0.14598743289522859,1.1102379233847488,-2.554252631270766,-0.34799639997983595
-0.005117001903782517,0.011075327667428128,-0.0017922022178227983,0.00813818591088883,-0.15364361125076123,1.144341575894044,-2.54905180074091,-0.3802227177647301
-0.005113647187447097,0.011059979335296838,-0.0017666307363029866,0.008143775009500111,-0.14901167542542765,1.1273258385069553,-2.5516645799364843,-0.36413516017114683
-0.005101670430594638,0.011070660206362834,-0.0017753814556898432,0.008122719302914687,-0.15734230660174206,1.1300511238162798,-2.539790829907092,-0.3730268945609401
-0.005098281988184084,0.011055253483465926,-0.0017498174020220039,0.008128261595593987,-0.15281446304340238,1.1130566205942805,-2.5423861783406756,-0.3568795036363923
-0.005120404840570065,0.011090665429940798,-0.0018177313940788776,0.008132521828171875,-0.1596666377604792,1.1612562992987971,-2.546388523964597,-0.39630808518462146
-0.005105091978457179,0.0110860470330833,-0.0018009078106256298,0.008117084845160381,-0.16137992941826487,1.1470651057233974,-2.5371314637375,-0.3891513744174548
-0.005221034932232108,0.011470201646392161,-0.0024502721192702,0.007964811616918996,-0.25474104055791363,1.5914861896244898,-2.4589873758609513,-0.7951672691118009
-0.005210058962134569,0.01148179426298612,-0.002456741880678699,0.007941660528077642,-0.2589809124920969,1.5939871313668623,-2.4448756275221473,-0.8040181394948612
-0.005225677271938598,0.011485207893971859,-0.0024752570264091893,0.007957082347820185,-0.2593887645408378,1.6087407344466016,-2.4546330857183527,-0.8110254452505995
-0.005211891625397759,0.011440145198604604,-0.0024001999564694284,0.007980043626181538,-0.24761347801617237,1.5568590273510734,-2.467431743707353,-0.7634827187381487
-0.0052008655206366395,0.011451675434951585,-0.002406856192246454,0.007957079606490615,-0.25289497908143904,1.5592307864933073,-2.4536793939027635,-0.772431798289486
-0.005216439712524502,0.011455180736571003,-0.002425253697736415,0.007972465176009783,-0.2508528884033323,1.5741897383898922,-2.4632452596323144,-0.7793243765149346
-0.005205446787731456,0.011466735878044485,-0.0024318092546826843,0.007949423693147774,-0.25606947841366073,1.5766031316509668,-2.4493182247145633,-0.7882311372577435
-0.0051690141378385145,0.01128902117887793,-0.00214827772792859,0.008051519120311393,-0.21429763711265362,1.383233172940048,-2.5063007046389947,-0.6044568925155407
-0.005157519794980396,0.011300219300559302,-0.002155819075222083,0.008029224921274296,-0.21703729326084273,1.386472407394158,-2.4929729224664747,-0.6135212787764973
-0.0051730881555466,0.011304194021561008,-0.002173561658637147,0.008044730293381772,-0.2183186671245929,1.4003036115976988,-2.502767476621747,-0.6204644830218752
-0.0051615631968297895,0.011315443138983599,-0.0021809914949000643,0.008022270671931593,-0.22081305016744437,1.4036285712617085,-2.489309663632636,-0.6294255028966972
-0.005177209793932224,0.011319353867715836,-0.0021988378202209896,0.008037858371756999,-0.22177164320182877,1.417488442986255,-2.499110238919386,-0.6364838305840269
-0.005207390722771272,0.011425095195354023,-0.0023751316352912917,0.007987540727472833,-0.2437039749427695,1.5395439993741704,-2.471546576017039,-0.7476557510945511
-0.005196336677958913,0.011436617570727217,-0.002381906382225469,0.007964648807220942,-0.24967728439074835,1.5418938907824398,-2.4579606353660126,-0.7566279307764225
-0.005202937056022924,0.011410030890272257,-0.0023500510750903213,0.007994955785507624,-0.23914966936425505,1.5222221352463572,-2.4755892676636164,-0.7318600817335909
-0.005191845676679018,0.011421569267162082,-0.002356955936116048,0.007972110792616225,-0.24661387426772108,1.5245711261304553,-2.462149732413088,-0.7408150885574915
-0.005165672098108457,0.011330668946562148,-0.0022061736690648956,0.008015244099224642,-0.22464987375512688,1.4208014229784844,-2.4856019074555875,-0.6453360518454064
-0.005181379007421065,0.011334500554468824,-0.002224100124106552,0.008030904868547281,-0.2249484626747348,1.4347927562775677,-2.495334105768268,-0.6524956730292061
-0.005198530675796428,0.011394952446763721,-0.0023249405915996154,0.008002293977554703,-0.23499475007172696,1.5048264946994785,-2.479581238137374,-0.7160809125090438
-0.005187368433152001,0.011406516138858172,-0.0023319672704134337,0.007979451504149526,-0.2435307477174848,1.507234017153763,-2.4662429688471454,-0.7249719993870265
-0.005194171632003687,0.011379860028177457,-0.002299786720170504,0.008009559113634688,-0.23173757937952222,1.487330243384802,-2.4835528695135185,-0.7002789378983763
-0.00518290497590744,0.011391429184115245,-0.0023069034773337102,0.00798669367285318,-0.24019217496759618,1.4898825681722727,-2.4702489494100544,-0.7090815147351611
-0.005185595749722576,0.011349633918850096,-0.002249351549947162,0.008023868865119058,-0.22747013808821162,1.4522275384628414,-2.4914576439040044,-0.6684824074100768
-0.005169852633040878,0.011345892502524572,-0.0022313647204491352,0.00800815474193853,-0.2285540744406088,1.437999036636907,-2.4818462218394255,-0.6612598341653867
-0.005189859973827203,0.011364753797800305,-0.002274586664796291,0.008016751839995244,-0.229413280678567,1.4697684429118574,-2.4875174681452146,-0.6844166766018605
-0.005174119068093179,0.011361106291789899,-0.0022565663413522358,0.00800102419419374,-0.2325655976812008,1.4552408109764967,-2.4780387893741227,-0.6772012372902375
-0.0051784773964123855,0.011376291249129396,-0.0022817594706120545,0.007993873860337274,-0.23651806888212604,1.4725405930583577,-2.474176810846043,-0.6931498112484032
-0.005149359904790919,0.01121296771051419,-0.0020215833336116457,0.008084259627298578,-0.19232020350514087,1.2977426492748452,-2.5227633187584515,-0.5247680036967841
-0.005145572528467587,0.011197720302754953,-0.0019961441380773187,0.008090578629295915,-0.1895735018542892,1.2805377219644611,-2.525961318080233,-0.5087235125976548
-0.005133877914540532,0.011208795735980296,-0.002004295182754891,0.008068724366255872,-0.19447826171739682,1.2833933602752021,-2.513465570734206,-0.5176583752370356
0.005092938626877018,0.011096758379217536,0.0018094788514374605,0.008096336860592968,-0.1608936810651641,1.1562391476226035,2.522317837674651,-0.40377419221381744
0.005096354899456693,0.011112090022144755,0.0018347286381510998,0.008090496335325742,-0.16515689100728348,1.1731248293494385,2.519455148532216,-0.41979130992396835
0.005077016584036339,0.011092274846181594,0.001792641400606021,0.008080599926198069,-0.15891210448769255,1.1459595340786437,2.510892535613833,-0.40069926311379384
0.005086057216543723,0.011066002959144517,0.0017587123034162476,0.008107589741306641,-0.15232816207063912,1.1224153680231164,2.527715739683718,-0.37167957054096795
0.005082757108163223,0.011050519072403205,0.0017332090648238473,0.00811322946909779,-0.14802941995988525,1.1054524775126156,2.5304135193714035,-0.35550528279857213
0.005070091016335133,0.010988650376230319,0.0016312961428375506,0.0081349302876887,-0.13023358502542262,1.0379294342214183,2.5406050319445934,-0.29083273774703894
0.005079550300527911,0.011035002399609915,0.001707680213603161,0.008118853022176782,-0.14366983564437816,1.0884905242353675,2.533097561407109,-0.3392828896960434
0.005073271359846288,0.011004052141193028,0.0016567299626309574,0.00812977456630354,-0.13477518007501177,1.0547252480890494,2.538243227247977,-0.30691868729256727
0.0050763982760893495,0.011019502553967083,0.0016821763393629508,0.008124385736446358,-0.13925403853497362,1.0715727677952696,2.535719283519274,-0.32307387953746675
0.00507337817956383,0.011076961331945785,0.0017673752490032807,0.00808597754558314,-0.15470043153590748,1.1291067111180366,2.5134555722673366,-0.38479328583010103
0.005044093181196569,0.010937501630411945,0.0015382907234040893,0.008132955352117483,-0.11510533282408277,0.9772486570897477,2.535363482721536,-0.23956061542612564
0.005047305590576122,0.010953103803600308,0.0015639945890366534,0.008128204515031557,-0.11964922902324544,0.9941867158366465,2.533267313382346,-0.25580772465855944
0.0050507045093057005,0.010968600606210918,0.0015896171341821703,0.008123585005534175,-0.12414665095914833,1.011085765348174,2.531254962352864,-0.27191975170610627
0.005054247022777638,0.010983933074990964,0.0016150480589318724,0.008119082753649478,-0.12857571941288637,1.0278718935068378,2.5293125147408007,-0.2878399877646998
0.005040956950203877,0.01092175374800424,0.0015123805919237756,0.008137727184527084,-0.11048576859049654,0.9601977137893495,2.5374664963949365,-0.22315163565907312
0.005036586763489707,0.010889777555962626,0.001460719396900237,0.008149306616964684,-0.10102582407734474,0.9262049104414166,2.5430424985321456,-0.1895367770955589
0.005038007915292062,0.010905658711359381,0.0014860078318877925,0.008142753243859336,-0.10572067130847163,0.9428610342100995,2.5397228969973633,-0.20634652543765766
0.0050233626049486155,0.010883640740693725,0.0014444841864771811,0.00813696160506033,-0.09879285671131344,0.91622925790046,2.5340773379380055,-0.18510357022326818
0.0050183436878184174,0.010870513255604008,0.0014216932049246928,0.00813771973405728,-0.09483438708731962,0.9013944742559511,2.5336356401931277,-0.1718438716584423
0.00501092819838042,0.010837601687503343,0.0013671457577022707,0.008145208233731742,-0.0849996163014365,0.8657093136562882,2.5363807934481764,-0.13779837980553866
0.005013653772929157,0.010854313238588051,0.0013943383981931269,0.008140271379392038,-0.08997040805766515,0.8835335154971556,2.53420620569073,-0.15525290011379192
0.005006538047713605,0.010805654182646621,0.0013154578928081726,0.008155149220535231,-0.07543300252348545,0.8318567168649967,2.5408866983055662,-0.10427269581404307
0.005008612095486996,0.010821496758053911,0.0013410583163577076,0.00815017400933067,-0.0801801315529468,0.8486114229680295,2.5386184907402947,-0.12091392874468145
0.005004236197973327,0.01078980868987115,0.0012897152776565602,0.008159713096539034,-0.0706305309098088,0.8150304067088445,2.542868866297944,-0.0876551681463738
0.005002908515629113,0.010774496297419398,0.0012652091576885133,0.008165032489603404,-0.06598299342983714,0.799016666948091,2.545404396149584,-0.07144251045094197
0.004984502861622274,0.010754711266626313,0.0012262664959789282,0.008152203656134156,-0.059989348067539465,0.7739459478272738,2.5352921383048073,-0.053450891760563994
0.004989260651946234,0.010767841647763513,0.0012487932781654637,0.008152029446701192,-0.06394677719560869,0.7885963705426022,2.5360888937047252,-0.06668791262170308
0.0049909041323014484,0.010712773694160717,0.0011633053811594433,0.008177296791651733,-0.047030637976443385,0.7327800326271897,2.5494007781174584,-0.00727189647506498
0.004980012404656684,0.010739362574218633,0.0012004209226807513,0.008153528859546545,-0.055353849722402655,0.7571188031802015,2.535127733156734,-0.03779878402856408
0.004976154430490115,0.010723531888040311,0.0011741032478146205,0.008155653330288835,-0.05056445670054462,0.7399763515078214,2.535477127908903,-0.021522829100370424
0.00498866928361655,0.010680557202481736,0.0011116408259660227,0.008187533584160786,-0.036989902301869,0.6992608682524876,2.5540932775963907,0.026982945732392283
0.004988749042954373,0.010696375699354837,0.00113662431775387,0.008181391278869176,-0.041959699080333895,0.7154656081964154,2.551037395111596,0.00996603082964855
0.004958314674571237,0.010596955086665846,9.684458762640189E-4,0.008182567422402079,-0.011602271117349973,0.606379240076767,2.54507069841509,0.11105753852955659
0.004960371323177442,0.010613100787954752,9.946597680851564E-4,0.008179395779036966,-0.016623604458086725,0.6233556462621825,2.5440175552569966,0.09409434908345517
0.0049629134300389725,0.010629224557388767,0.0010209958288929317,0.008176647695871163,-0.021606272850877958,0.6404292247644268,2.5432518298331144,0.07725497197653942
0.004966344021201655,0.010645133639001223,0.0010473111592972045,0.008174864338809885,-0.026482349868008292,0.6575071819403168,2.5431266847086977,0.060819525868625456
0.004971045753497793,0.010660257635008613,0.0010728764387694333,0.008174713588491792,-0.031078733923330607,0.6741082324498001,2.544054393308599,0.04546741282468602
0.004975126860451355,0.010673376518591782,0.0010950769869046662,0.008174478940941012,-0.03506945843596035,0.6885211643443115,2.544790172704173,0.0321436406062832
0.00495620467842346,0.010580521785598733,9.417427808017246E-4,0.008185621998154114,-0.006478969317202414,0.5890961878267486,2.5460280538120803,0.128325762773311
0.004921918707738059,0.010400107161165519,6.453777630836013E-4,0.008195972443766415,0.04887788794921116,0.3970937140104959,2.5409114815841938,0.3155315023721867
0.004922503858872653,0.010415861974468234,6.706175894985281E-4,0.008193007272986526,0.0438579602914573,0.41331223887300755,2.5399621456465513,0.29864303055216684
0.004923093528820473,0.010431900794110499,6.962849545001727E-4,0.008189836544579167,0.03876278053641318,0.4298148138009828,2.538892205809263,0.2814618023531242
0.004954360864133643,0.01056225158087196,9.121966573346783E-4,0.008189421346217134,-7.51929275147832E-4,0.5700009481153079,2.547367601180231,0.14763175555404265
0.004943063391200795,0.010545611088394377,8.822731385148599E-4,0.008181501489717856,0.003905336139893315,0.5503686023589215,2.5409035288065276,0.1632200942021397
0.0049236919486238,0.01044811449797877,7.222041070302849E-4,0.008186484829253876,0.03361316845253882,0.4464934275757407,2.5377112944287425,0.2641036431631542
0.0049245767262391755,0.010464555390980616,7.485293392838653E-4,0.008183256244393283,0.02842677174879914,0.4634624879187082,2.5366302381779064,0.24657538637648005
0.004926202534569106,0.01048116085841637,7.752908158433085E-4,0.008180689720651543,0.023257637384005662,0.48076204949322016,2.536009997483316,0.22904097924062441
0.00493717640041416,0.01052985738807989,8.555454657484632E-4,0.00817946761175427,0.00853816567165895,0.5329292905180324,2.5384659637414546,0.17895055677559465
0.004928747329235302,0.010497719687130924,8.022231031033942E-4,0.00817904664128321,0.01817725608544006,0.4982223202973172,2.536013234185646,0.21175960377877087
0.004932319722921811,0.010513982163474966,8.289875074968378E-4,0.008178527541941849,0.013263514743983013,0.5156203123511149,2.5367585945989206,0.19501496348087735
0.005207390722771273,0.011425095195354026,0.00237513353130249,0.007987540387865618,-0.243950604352371,1.5393585461448287,2.471556995694415,-0.7476318252021358
0.005196231678485389,0.011436510363123693,0.0023816790941905007,0.007964618322176679,-0.24951688631339783,1.5417274822397842,2.4579607764705975,-0.7565304148196569
0.005202937056022924,0.011410030890272255,0.002350076586346805,0.007994948493553469,-0.23840037096797265,1.5219912089748062,2.4756290619982924,-0.7318392528572413
0.005191733522264311,0.011421442594380481,0.0023566953465942527,0.007972086414254053,-0.24664381265301769,1.524414085992432,2.4621291321106162,-0.7407081556293499
0.005153195160361302,0.011228203096582519,0.0020470046764994323,0.008077860369757337,-0.19449684863002326,1.315344093954607,2.5194949594756024,-0.5406365762448836
0.005137812168296637,0.01122403879833656,0.002029640581411692,0.008062479631532546,-0.1990514254573563,1.3004918143151496,2.510326666896773,-0.5337122055476792
0.0051570782538395065,0.01124342629880737,0.0020723544379934386,0.008071394172497538,-0.19927658401820567,1.3323940496045954,2.5163178982835985,-0.5565407203211102
0.005141726810984594,0.011239295801992089,0.002054961725069283,0.008056065611784976,-0.20284426562263527,1.3177165292959288,2.5070111464938556,-0.5497422368865589
0.005161009143188233,0.011258637154898948,0.002097674699785768,0.008064850682350327,-0.20482727727188246,1.3493413750872343,2.513101059457318,-0.5724476242815643
0.0051456557093983845,0.011254519414405341,0.002080210287606987,0.008049549470911238,-0.20630673396573415,1.3349400856433606,2.503609563762646,-0.5657355981171793
0.005164987785668902,0.01127383550243706,0.002122993115464996,0.008058222806997636,-0.2090211161745911,1.366287138828621,2.5098261208210815,-0.5883745229019188
0.005149587058886736,0.011269724094650746,0.0021053953126252208,0.008042909517898383,-0.20980267698331204,1.3521340201083587,2.500112732071099,-0.5816937021191926
0.005169014137838514,0.011289021178877924,0.0021482888518240136,0.008051515976791448,-0.21328290556184867,1.3832167100084878,2.506485575138943,-0.6042949317109235
0.005153560090879544,0.011284922014745744,0.0021305634297287736,0.008036179356991831,-0.2134936012779238,1.369342312598608,2.4965412295833374,-0.5976365480419633
0.005173088155546601,0.011304194021561008,0.002173545499172267,0.008044734542986315,-0.21897938647890566,1.4000921733429197,2.5030521171003324,-0.6202202736824183
0.005157568958161839,0.01130010309440406,0.002155696737464709,0.008029359686888211,-0.2168812379196086,1.3865576703241216,2.492914835240281,-0.6135562494042676
0.00509973894461081,0.01112745620322384,0.0018599735092992224,0.008084453256324002,-0.16932956688912193,1.1900514522251664,2.516445315883012,-0.4358569395001853
0.005103204686562454,0.01114287415104709,0.0018853121133843055,0.008078327508091237,-0.17341809524714466,1.20706349225198,2.513378353015422,-0.45196771986353795
0.005106807791170837,0.011158322921418324,0.0019107512484091516,0.008072195829650524,-0.17748878110973784,1.2241568458487582,2.510309164862178,-0.4680953242180475
0.00511050444221578,0.01117377618173778,0.0019362243257128738,0.008066023857078879,-0.18155280698539258,1.2412923515876841,2.5072103158094396,-0.4842189004985373
0.005114263228148096,0.011189223832428284,0.001961695629541547,0.008059781856126132,-0.18557994785924573,1.2584479384980203,2.504058163300971,-0.5003313762782446
0.005118122123345473,0.011204634608968997,0.001987146298223988,0.008053535468864162,-0.18956710905448462,1.2755999757867114,2.5008988748253924,-0.516392700569035
0.005122079576118444,0.011219980609252896,0.002012536253029272,0.008047303229203474,-0.19353530416913536,1.2927217314393757,2.497744263851492,-0.5323755440431687
0.005213136972355983,0.01153868596767704,0.0025375877454049435,0.007894852908524666,-0.2666566950416484,1.6542144138144377,2.4130199642536394,-0.8650656276252748
0.005217897806551537,0.011553675353695171,0.0025621923186299324,0.007886644032530773,-0.2696479746256322,1.6714829075016195,2.4081065611271875,-0.8807309418039385
0.005222687906488804,0.0115687003482866,0.0025868205535278664,0.007878291182248073,-0.2725141515251593,1.6887993151135472,2.403066859581486,-0.8964312360371602
0.005227643897957025,0.01158371237397702,0.0026115344229150077,0.00786999245185567,-0.2753272206440116,1.706178330330239,2.398056217647563,-0.9121139730950817
0.005208303074058733,0.011523698649415765,0.0025128711304706667,0.007902832470131056,-0.26358719151416143,1.6369212206081833,2.4177350493918914,-0.8494084852476608
0.005203461502536327,0.011508648709267077,0.002488016417559923,0.007910713763646495,-0.2604920875635102,1.6195698636374896,2.4223502475233762,-0.8336923654978389
0.0051847332395231075,0.011447949348901865,0.0023880175812908875,0.00794193758160152,-0.24783443318265777,1.549979187300439,2.4404057314331684,-0.7703109845388038
0.005189255217177727,0.011463129127806353,0.002412955131115686,0.007934164576696849,-0.25104845056125663,1.567310537875448,2.4359311743097947,-0.7861664564723475
0.005193908450784656,0.011478338165108522,0.002437998662085274,0.007926370084233426,-0.25421005163818156,1.584727408322869,2.4314354313408035,-0.8020467142302813
0.005198660284888585,0.011493521243999355,0.0024630465499023966,0.007918563070069157,-0.2573627985789251,1.6021633465651688,2.42691830129411,-0.8178976181484039
0.00526373616890638,0.01168843341063601,0.002783956088971453,0.0078097286165208024,-0.29402748271666407,1.8281473872908165,2.360731021386949,-1.0215277829235176
0.005306329337192306,0.011723210871918575,0.00287196178136837,0.007822652519250396,-0.30190278058783,1.889382531786249,2.3734087138103197,-1.0623934060585245
0.005290568163029436,0.011720584041001883,0.002852289541616362,0.007807199287364936,-0.30410267518244055,1.8732444268447244,2.363492267055315,-1.055123598247797
0.005311766044378193,0.011737947748741227,0.0028964938090971534,0.007813602280341945,-0.3057519143434627,1.906803818717169,2.3677148597623328,-1.0779766821469567
0.005295978449626753,0.011735323474892624,0.0028767050793898695,0.007798162734836638,-0.30611795302418227,1.8907623264433597,2.3576875852814676,-1.0706460067746464
0.005269050665101225,0.011703288102330171,0.0028083961505636318,0.007800815736499859,-0.29646507979316833,1.845529900602138,2.3550686720883385,-1.0370428363255788
0.005274469215749877,0.011718065353274097,0.002832789154330977,0.00779195160314606,-0.29886506238253596,1.8628867943514906,2.349420211188231,-1.0524789531540322
0.005317249029907896,0.011752667496161624,0.002921006236045473,0.007804471666647573,-0.30915685990494823,1.9242412803742954,2.3618755291000557,-1.0935918141963183
0.0053013978962107395,0.011750061354729157,0.002901073302465305,0.0077889954642361625,-0.3080600665701298,1.9082354478196175,2.3517903920348684,-1.0861341984611794
0.005322778240520137,0.011767369970506484,0.0029455131120892826,0.007795255340842355,-0.31146572024805697,1.9417790977043863,2.3558645139075027,-1.1092256801770104
0.005306849022821111,0.011764822255827104,0.0029254437642097296,0.0077796960799009105,-0.3101884687441358,1.9256854773533363,2.3458011901363425,-1.1016151188169196
0.00532835362240823,0.01178205502797576,0.0029700155242239367,0.007785952722866719,-0.3125382005113174,1.9594569140306028,2.349695307710915,-1.1248409180450567
0.005312364623187682,0.011779605219877212,0.0029498473890826617,0.007770298514144839,-0.3125842520284668,1.9431484112868123,2.3397283804598614,-1.1171114663962811
0.0053339751212172605,0.011796722524648843,0.002994499858074533,0.007776568852880399,-0.31288279194986235,1.9772503250760494,2.3434156566636175,-1.1403999186668705
0.005317970877752087,0.011794384171839978,0.002974280395266404,0.007760855693755346,-0.3151780116041974,1.960654583163624,2.3335851661292324,-1.1326270331994308
0.005339642682041291,0.011811372316490652,0.0030189436106398057,0.007767112344087837,-0.31354935551005064,1.995076360855504,2.3370814558582684,-1.155886161854251
0.005323673174078321,0.011809127778382915,0.0029987137386066815,0.0077514055543268625,-0.3177366968455461,1.9782149503681303,2.3273773233752952,-1.1481467428667633
0.005345356249420673,0.011826004259357795,0.003043332454232281,0.007757588829344912,-0.3152833929811565,2.0128454338964032,2.330720731350253,-1.1713136393747359
0.005329447529236871,0.01182381762331041,0.003023103769682648,0.007741942701632364,-0.3200092426588083,1.9958079227160346,2.3210948751733587,-1.1636441847172456
0.005216197593086269,0.011595721392979973,0.0026168079482012,0.007845788310389477,-0.2757168918737461,1.7114182685554586,2.380351979206783,-0.9239971354367214
0.005221135390960791,0.011610635442960282,0.002641142373373782,0.007837324838297204,-0.2784414012150193,1.7285625985954158,2.3751344225190234,-0.9394849124320584
0.005225804659426822,0.011625792852800215,0.002665486172707576,0.00782818242795782,-0.28112266281889214,1.7457815932785332,2.3693829767052947,-0.9552040348988872
0.005230900112134003,0.011641123085881423,0.0026904048788920043,0.007819206077287581,-0.2838392196958694,1.7633891779774589,2.3637572553148813,-0.9711072086712426
0.0052365232622819695,0.0116562323291405,0.0027154934928190805,0.0078108860821055415,-0.28654081712644186,1.7810826494898373,2.3586136147089785,-0.9868106993247877
0.005242103300440833,0.011671091289635465,0.0027401700874624905,0.007802613112583178,-0.2891343914923086,1.798515799900222,2.3534674246555016,-1.0022614046066687
0.005247324578094133,0.011685968440491504,0.0027644680417925056,0.007793773661604786,-0.29162745135407014,1.815752007062706,2.3478516008770716,-1.0177069773314804
0.005442982779307931,0.012057569938134772,0.0034291967999432725,0.007594910483298303,-0.34329371053433205,2.2942247038467527,2.2167943604454017,-1.4160643787790217
0.005449469424458649,0.012071876318959047,0.0034530394612545643,0.0075841000384208315,-0.3445627580676381,2.3117111956799996,2.2087913836843778,-1.4311778631800722
0.005433494658198608,0.012070470787740257,0.0034315397492759524,0.007568535405259819,-0.34549704326504344,2.293250328336017,2.1990941479384056,-1.4225854924357002
0.006020517979210123,0.013027164159111645,0.005045230950376949,0.006632322520281001,-0.2899648220457065,3.4468856487396096,1.360491107173451,-2.3701948647436595
0.006004638147479005,0.013029398385429514,0.00501803300417113,0.006618204656595121,-0.2983413468272667,3.4195070586199527,1.3564050682092603,-2.3569673683948396
0.006011027561188928,0.013014647389398245,0.005024376248817609,0.006648134846198577,-0.29203398091674176,3.433373693638624,1.3763594877286103,-2.3596752023742265
0.005995062821414823,0.013016871522837618,0.004997132867623441,0.006633865098988198,-0.3002981237776581,3.4060957947067005,1.3720664603993855,-2.34635291080998
0.006001576511259319,0.013002100865175385,0.005003435623240497,0.006663908957078193,-0.2961581775257,3.419708325961761,1.3922294515100015,-2.3490731326979204
0.00599216492191991,0.012989524709198898,0.004982435020603662,0.00667962516570444,-0.3005961728160436,3.4060061365852268,1.4080414559865326,-2.3383400667183736
0.005985546733885833,0.013004257132774909,0.0049762007751713465,0.006649566971264189,-0.30184808582580885,3.392658962870307,1.387650571258896,-2.3356482225167685
0.0059827928852308355,0.01297691904442294,0.004961405935601753,0.006695259898523229,-0.3036040821152141,3.392321108581372,1.4237031888400729,-2.327456874140641
0.005976118159470942,0.012991564681192199,0.004955281452356672,0.006665312856350184,-0.3034876910529906,3.3792145645126737,1.4031600944533305,-2.324881381550441
0.005973460492812782,0.012964283993995938,0.004940355066194856,0.006710808298066359,-0.3050279907324183,3.3786105513568376,1.439165966360884,-2.316440807157547
0.005966766931231386,0.012978843464096597,0.004934371662144856,0.006681015396924366,-0.30549917346788186,3.3657101055558623,1.418567074034159,-2.3140548231288007
0.005954915005069574,0.01293892622972893,0.004898117075740099,0.0067416988442602814,-0.30769658061759125,3.350834585067702,1.469616624311594,-2.2941117075943014
0.005964167835846037,0.012951619681256434,0.00491926494212144,0.00672628340335657,-0.30604627430832454,3.3647946885802873,1.4544531930162095,-2.3053208664697555
0.005948176541284627,0.012953407350886665,0.0048924199301366164,0.006712063953188928,-0.3099499749582339,3.3383099617151664,1.4490322524821464,-2.2921436539487137
0.005957459621288998,0.012966125779100465,0.004913428206327386,0.006696600899259939,-0.3077550252082068,3.352080389363915,1.4338562176001817,-2.3031475939380974
0.00591830373358797,0.012887863498982957,0.004813043916794022,0.006802695319983739,-0.3138108384005418,3.2940298410023003,1.5290953289190528,-2.2484082463962616
0.0059273963698165885,0.012900672279216818,0.0048343685269911195,0.006787557474735793,-0.3133064826601686,3.308372214891944,1.5144190240470714,-2.259942935772375
0.005911472482578044,0.012902313843191135,0.004807982748306233,0.006773163497103401,-0.31792170889780996,3.282293686222967,1.5086761112725784,-2.2472431854311554
0.005936529182831806,0.012913452405312715,0.004855654929194703,0.006772345908183379,-0.31216019772996034,3.322595910571691,1.4996209697412208,-2.2714175587954664
0.0059205856995902875,0.012915112408523189,0.004829153146694118,0.006758013698561531,-0.3157453855269457,3.2964518756710333,1.4939320581218347,-2.2586058640724986
0.005945702090780215,0.012926203763119731,0.004876909242337374,0.006757056259497557,-0.3100012033928041,3.3367533606937765,1.4846789594782148,-2.282811480187239
0.005929728208104973,0.01292790146633905,0.004850264801733242,0.006742761004007863,-0.31377878458065817,3.310480752238272,1.4790718489397994,-2.2698663473154763
0.005938926188030071,0.012940668954538846,0.00487135591986155,0.006727441369395723,-0.3119256877404308,3.3244312759506385,1.4641037037624534,-2.281045519147416
0.005672491742345133,0.012504530351169442,0.00417416400650231,0.007212378820572269,-0.3502995579685874,2.84219312584302,1.9082021689770936,-1.8794627488916718
0.005664256122271574,0.012518355813574017,0.004172579484296515,0.007183871000366329,-0.3539271754366959,2.8363040512770037,1.888281221618317,-1.8823304311135252
0.0056646449400784196,0.012490922821849835,0.00415145995829277,0.007225471138116076,-0.3521380856026332,2.8255256803773996,1.9196974901264257,-1.8657438130838113
0.0056563210336690204,0.012504705989886948,0.004149948981461052,0.007196987019665395,-0.3541440530934244,2.8199031116907336,1.899664948501554,-1.8686723257362583
0.005696288158021204,0.012545204192439471,0.004241946644118886,0.00717272235059441,-0.3481943806396044,2.8917862207284943,1.8733477037119133,-1.9202068721786818
0.005680268990888824,0.012545506450785003,0.00421768852383761,0.007157545333306119,-0.352695416572445,2.8690044235338377,1.8651935916360836,-1.9094442375890346
0.005704305373048565,0.012558712111977538,0.004264438818921672,0.007159372659772169,-0.34862253553713957,2.9080778142421813,1.861568987633558,-1.9337090292856345
0.005688295492182024,0.01255903999376154,0.004240116597015189,0.007144245651183282,-0.35166826821313113,2.88522405094162,1.8534638256507605,-1.9228730141450125
0.005712364995121045,0.012572194795293824,0.004286911262434049,0.007145939087445861,-0.3476550132372725,2.9243398666636664,1.8496470874422137,-1.9471704127142446
0.005696338306153411,0.01257256901624545,0.004262477926265277,0.0071308249491165085,-0.35077809575461205,2.9013381496641206,1.8416003593910126,-1.9362236462899156
0.005720466944757863,0.012585652109060671,0.0043093506515501255,0.007132429562033686,-0.3459192447124077,2.9405833006056104,1.8376060300610149,-1.960567651602224
0.005704435836559075,0.012586080776653867,0.004284819076528483,0.007117333348532612,-0.3501605285537898,2.9174022598466203,1.8296201988355236,-1.9495165213606633
0.005663865356184326,0.012545986738614838,0.0041935460235946916,0.007142384994795375,-0.3483407307291777,2.8504027599853283,1.850746229978906,-1.9013926768956446
0.005655711349197051,0.012532436440155665,0.004170954312267141,0.0071553559082933324,-0.34889413181953804,2.8341532607162807,1.8620818925649216,-1.8879837978247183
0.008115649345237107,0.014631330544227503,0.007718759602170289,0.0031405097762965332,0.2047079827739039,3.519237842000736,-2.003496714976223,-2.2095111105765475
0.008130208448819098,0.014637227572066362,0.007728595911690101,0.00311622504736246,0.2078809095922299,3.506176384890298,-2.021243886280669,-2.196429915061331
0.008117585236459782,0.014647255584069636,0.007695673068820938,0.0031172340591903553,0.1960292999796435,3.4883555611287496,-1.9989124781697998,-2.1949409084854206
0.006717072049872407,0.013771257625019939,0.00628534284541202,0.005471427531898405,-0.0964599734207126,4.032380449463691,0.14263229701565316,-2.8016719628976716
0.006701953548785371,0.013776677794672678,0.0062540546542015725,0.00546152105406936,-0.10585353494317261,4.001996918904982,0.14956611925277105,-2.7876512558516393
0.006705240485047165,0.013760925383283714,0.006268114754570804,0.005491155670642384,-0.1004176235482625,4.0282104681670035,0.16350575962817684,-2.7994651575982084
0.006728936011698173,0.013781552642028794,0.006302502656654124,0.005451652525545757,-0.09265553055634919,4.036398876407893,0.12177056314084005,-2.8037624033265924
0.006713856395113896,0.013786982516809078,0.00627122370763918,0.005441899595034147,-0.10259473069889434,4.0060122068652015,0.12886856206911748,-2.7898463898023476
0.006690082132606631,0.013766315256903089,0.006236832956698389,0.005481125088600428,-0.10908348529181056,3.9978371694007424,0.17022210590515144,-2.7853061212080643
0.006693441434347548,0.013750556019033765,0.006250821352062845,0.005510833412394628,-0.10443887461617636,4.023902552033399,0.1843671178113674,-2.7971186797766268
0.0066782484193678065,0.013755894741307175,0.006219569164618909,0.005500711392550297,-0.11223228601839987,3.9935420091081526,0.1908334848393374,-2.782822112569972
0.0066816750146102034,0.013740149634885991,0.006233461874174444,0.005530461612515652,-0.10881113010202205,4.019459555318761,0.2051942297258086,-2.7946053302494556
0.006646572705140477,0.013708709395206253,0.006181089204961428,0.005588934904344588,-0.11708499757785636,4.005285714702792,0.267157348028681,-2.785955848485145
0.006658240533906344,0.013719226219359807,0.0061985911584793085,0.005569517490623247,-0.11555937843194856,4.010192872200362,0.246588068328955,-2.7889970169735903
0.006643021288900664,0.013724322155381474,0.006167581625510471,0.005559306242534367,-0.12234424743700474,3.9798613592268475,0.25242798236593217,-2.774613157494634
0.006669941342379938,0.01372970633385655,0.0062160460267355585,0.0055500294193028266,-0.1130018308928357,4.014893846712273,0.22594700012730948,-2.7918974857901993
0.006654731879186092,0.013734874752446488,0.006184980395077883,0.00553984265960614,-0.11862014299577928,3.9846123643265785,0.2319300648364159,-2.7774952488098
0.0066664638280534245,0.013745410958252357,0.0062022852130120465,0.0055202897922370835,-0.11531123122197513,3.989138370738153,0.2114014141532358,-2.780218240710729
0.00810110881275792,0.014625387795527457,0.007708845800272544,0.003164766739112883,0.2015702516622745,3.532235029291803,-1.9856583623034607,-2.2224870295689025
0.008102960072253767,0.014641338447528648,0.007685757690580522,0.003141401519602177,0.19447793747671438,3.5012612976070296,-1.9812639221193395,-2.2077029351046593
0.008086586996046871,0.014619399384801347,0.0076988637031759665,0.003188973430185174,0.1995807936200966,3.545132551164663,-1.967768213122005,-2.2352942809606273
0.008088374847994113,0.01463534710536304,0.007675836543080278,0.0031655510315223363,0.1927451237937192,3.51406929065397,-1.9635789985471985,-2.220336995094012
0.008057600088913425,0.014607285815467807,0.007678678848789991,0.0032372742957344092,0.19613556698043202,3.5704778357978877,-1.9317688232123595,-2.2604721949998803
0.008072084039835076,0.014613365371455134,0.007688810295912428,0.0032131372076829074,0.19807067048740926,3.5578825088997754,-1.9498134985757423,-2.2479442344140885
0.00805929091269004,0.01462324861214824,0.007655769874807082,0.0032137001404478984,0.18872561302558763,3.539239401657348,-1.9279532820737273,-2.245242846839353
0.00807382326922042,0.014629313215468981,0.007665852446722562,0.003189650927135124,0.19075365263329913,3.5267315065727405,-1.9458170944325126,-2.23284806304969
0.008028689782366835,0.014594990318363584,0.007658180423100406,0.0032854717568660432,0.19140261037093895,3.5952837114725287,-1.895412182155362,-2.285173286952003
0.008043135288126547,0.014601160777393506,0.007668468171674647,0.0032613875333920473,0.19379938879013525,3.582940094014003,-1.913631885425051,-2.272886301471651
0.00803027691561019,0.014610978748847356,0.007635377563633107,0.0032617133468343736,0.18488726344045234,3.5638794325664542,-1.8919602390211396,-2.269692352969837
0.008044774527754006,0.014617141130511373,0.007645604360297052,0.0032377165738061565,0.18678773675324153,3.551616724584719,-1.9099963215905549,-2.257524078535709
0.007999857235701381,0.014582513384860307,0.007637377054300085,0.003333545102416248,0.18659281497144295,3.619607088155419,-1.8587454852976422,-2.3093082937754
0.008014263716568458,0.014588774500088612,0.007647816676867518,0.0033095243775253485,0.18901661906132242,3.6075081081495455,-1.8771155020794403,-2.297318601323819
0.00800134779392532,0.014598483005145902,0.007614760047647892,0.0033096484668191264,0.18103430322712336,3.5880594944796314,-1.855668085124618,-2.293692570654805
0.008015800307660706,0.01460475904594972,0.007625095377485289,0.003285692044844382,0.18297022484689793,3.576027525780836,-1.8738492770380046,-2.281748105731365
0.00794243006186523,0.014557017220692069,0.007594897599400077,0.0034292250445660862,0.1799939228647246,3.666493404365544,-1.7847006751249574,-2.3555249933816644
0.007929533694391852,0.014566438872416288,0.0075621325923886625,0.0034287754195588137,0.1699570749588428,3.6462093635143975,-1.7636709402113022,-2.351697035322761
0.007956756752799629,0.014563458889128956,0.0076056233668113414,0.003405370349649807,0.18092856501962326,3.6550346533527276,-1.8033013546023617,-2.3442015072196223
0.007943862042387504,0.014572901027228177,0.007572869289526254,0.0034050584911976584,0.1723934696488131,3.6349084252607065,-1.7822737949393204,-2.340338907895084
0.007971103608784268,0.014569855515627577,0.007616277246857244,0.0033814750748623217,0.1821969045903649,3.643388542616934,-1.82182904515819,-2.3327519306563036
0.007958192152019745,0.014579346095898374,0.007583466534692261,0.003381289132176311,0.17482964412838897,3.6234251821516437,-1.800753401733995,-2.3288533244860035
0.007985470484765412,0.014576207035553426,0.0076268627824764,0.0033575311862494715,0.18420817072074158,3.6315721641005823,-1.8403116822402807,-2.3211245450179256
0.007986925728381814,0.014592151607815797,0.007604378417104021,0.003333574862983437,0.17908086289907788,3.599975571869774,-1.8374250612886527,-2.305526195365671
0.00797254121261602,0.01458576879243033,0.0075939538279537035,0.0033574591108590196,0.1770501911654371,3.611770583575595,-1.819125629759115,-2.3172474324950567
0.007916490219787695,0.014576188701884285,0.007529470333255829,0.0034281085122376685,0.16752670916627874,3.6222001211385577,-1.7476138846086997,-2.342830839439991
0.007902127110342895,0.014569696490585864,0.007518537027161752,0.0034516261587929542,0.1653052450558241,3.6330742651342827,-1.7290730142677047,-2.353806416030284
0.007887806888000856,0.014563059346100048,0.007507708177723188,0.0034752295826249516,0.1630788891517894,3.6440276829338347,-1.710482651956956,-2.364768707988148
0.007873538700059418,0.01455635585343043,0.007496881295180093,0.003498800901462655,0.16092756186817783,3.6548972578193006,-1.6918519495848854,-2.3756273853897376
0.007859272942108033,0.014549727720414326,0.007485781225612861,0.0035221841389874685,0.15878885384654062,3.6653647943821297,-1.6731305118776925,-2.3862248339068093
0.007844980007777993,0.014543174219585854,0.007474368665487028,0.0035454041034981253,0.1565359537561619,3.6754179767526973,-1.6542922709404373,-2.3965620712324145
0.007830672989285985,0.014536526988773129,0.007462903569400975,0.003568689330294718,0.15415542824176467,3.685417829426225,-1.6353421728699928,-2.406832042818888
0.007744054766749506,0.014462141986151311,0.007436784723659286,0.003759825296239939,0.14810479649334918,3.812020856832819,-1.5153296766016735,-2.5025084113742855
0.0077580840129219475,0.014469207167595147,0.00744855331060625,0.0037364566375607017,0.14994368006280098,3.8026164000350025,-1.5350138243509057,-2.4928829117813054
0.007744779230208926,0.014478088097641556,0.007415673706258829,0.003734659478178809,0.13969464018331298,3.7803134357786194,-1.5151174564762402,-2.4873523955449186
0.007772135412910414,0.01447622825396473,0.007460247179389308,0.003713053631161366,0.1517801427122961,3.793036928621182,-1.5546211469051083,-2.4831651008950963
0.007758857139598875,0.014485136586402774,0.0074273957001009866,0.003711369632241821,0.14232703646342101,3.77091261531238,-1.5346534908479414,-2.477707825623814
0.007786208832533606,0.014483205177866363,0.007471867354904662,0.003689614278464892,0.15350069447117676,3.7832711491183293,-1.5741604244426404,-2.473330662611377
0.007772957038650899,0.014492163122501352,0.007439015096263613,0.0036880107186577364,0.14492629498839457,3.7613258898797652,-1.5541113314746455,-2.4679144083388604
0.007787084767290405,0.01449917210866556,0.007450533282020525,0.003664571742548945,0.14749914825844204,3.7515482233293986,-1.5734935936755423,-2.457977293824484
0.007816369196133903,0.014529687032762447,0.007451549231880748,0.003592169650857306,0.15172582953840366,3.695582588816674,-1.6162827311971901,-2.417150034541004
0.007802079310359654,0.014522685644783054,0.0074402733348834784,0.0036157928314610095,0.14931042474735487,3.7058499441183197,-1.597122724562131,-2.4274781424951026
0.007787824200896842,0.014515585719340827,0.007429015805637735,0.0036394494657781425,0.14693455997395813,3.716092298376644,-1.5778945906982196,-2.4377382550565545
0.007061073770271072,0.014045084994930427,0.006741713428965287,0.004898096914234596,-0.0016353851786760586,4.077062422793892,-0.4518181721906544,-2.8037256258143652
0.007046515307126965,0.014051796873393462,0.006709421441685205,0.004890768197100972,-0.012369013444316797,4.0481625578386655,-0.4396030364426013,-2.79158029476671
0.00704838031874357,0.014035832164153965,0.00672628561335262,0.004919261387251415,-0.005479882539860506,4.0777559849289675,-0.43035243012112345,-2.805809368784772
0.0070337612711877315,0.014042516081713072,0.0066939483139467895,0.004911808474447068,-0.015359654329913186,4.048771033810424,-0.4183298867229408,-2.7934379644845713
0.007035716006004064,0.01402653950718722,0.0067107763842997005,0.004940397683380177,-0.010420268108210047,4.078313818919663,-0.40883555133047794,-2.8077590217239394
0.00702308095557706,0.014017207114769167,0.0066952003117798685,0.004961485921662366,-0.015314403388491674,4.078774078561779,-0.38733314451791284,-2.8095094766239925
0.007021053544191794,0.01403314923302703,0.006678476714750516,0.004932873828518299,-0.018174233675394027,4.049299752794261,-0.39707984959088055,-2.795174127564682
0.006985352610601758,0.013988972438811073,0.006648163502191685,0.005024338413262233,-0.02324531062690782,4.079207693149601,-0.32329986608291117,-2.8133923260720413
0.006970734149735785,0.013995267309353382,0.006616307971295049,0.0050166245396845366,-0.031704226699994696,4.049907286617852,-0.31226030740821603,-2.8008261931696112
0.006972835840888359,0.01397948202078988,0.006632357115638044,0.005045185116038343,-0.025945867901988866,4.078910411215049,-0.30200831169005043,-2.8143569145108187
0.006997899134824615,0.013998423488740683,0.006663901113365571,0.005003446421690899,-0.020902843156201337,4.0792812571736485,-0.3445896119041098,-2.812292142867495
0.006983277226229771,0.01400476217546838,0.006631990206377349,0.004995817287850077,-0.028169355586452238,4.050073824499602,-0.33347626518990386,-2.799640612852557
0.007010475290801107,0.014007835078080092,0.0066795751727899534,0.004982502161945398,-0.018749147246431976,4.079119708611632,-0.3659163920092657,-2.8110152775122415
0.0069958336897804,0.01401424011292377,0.006647561433705676,0.004974926766283799,-0.024577116196138598,4.050024024375623,-0.3546764026510993,-2.798296552803255
0.007008415796733974,0.014023710821728362,0.006663033539985696,0.0049539339243973935,-0.02117199422933461,4.049744786060892,-0.3758686435859835,-2.7968000949307377
0.006958204379745335,0.013985745056392636,0.006600523459552819,0.005037366039128882,-0.035215356502420185,4.049535370924382,-0.29103591808918455,-2.8018454092239025
0.006960348948237811,0.013969952327613142,0.006616482021447931,0.005065986401280937,-0.028726730504969263,4.07841120786817,-0.28069716419206336,-2.815209513318282
0.006812880963004882,0.01385256696814258,0.0064208341053244,0.005311773682689962,-0.07069309733085348,4.058942886944456,-0.025235556486535665,-2.814559452716917
0.006824999850860254,0.013862560556543104,0.006437508601013453,0.00529155317372126,-0.0657935921449163,4.061546565257464,-0.04649983124634079,-2.8153712064652665
0.006809941168319024,0.013868337544271568,0.00640569388760424,0.005282561780692832,-0.07542125482546108,4.031410322216195,-0.03770357391132869,-2.801758567774115
0.006800793525181945,0.013842535352014634,0.00640409580454611,0.005331942206677333,-0.07541504463185521,4.056231601359217,-0.004000358048960497,-2.8135692391476614
0.006797766828070594,0.013858272676341722,0.006389028538294859,0.005302716085327335,-0.07837229624311516,4.028806856045019,-0.016737219309840807,-2.8007522082432144
0.0067887376566984434,0.01383246580708731,0.006387308254906125,0.0053520412536329125,-0.07893288165059047,4.0534020922436484,0.017148010152631427,-2.812370002694982
0.006785656551340345,0.01384814545362185,0.006372370837128548,0.005322857942636371,-0.08151108148464882,4.02610384494085,0.004179374283370062,-2.799628201398098
0.013527437949661906,0.013781391341766298,0.005838329798618301,-0.005446130446768387,0.23634495125725383,-2.563672402024953,-0.7683911595817764,3.67307271121723
0.01350950107999958,0.013802421505071815,0.0058625145458203005,-0.005410776789934418,0.23462365107216734,-2.5527477659258504,-0.7993139813914972,3.6590589872067922
0.013354785185709095,0.013972275500250897,0.006058044079001915,-0.0051160065722078716,0.2214809417390893,-2.451674130676947,-1.0497240633816112,3.5340130874119153
0.01333775376351786,0.013996334290390452,0.00607488683061342,-0.005073409963271945,0.21912900146329095,-2.4346376832055143,-1.0771206853380981,3.5103621394163405
0.013374016404738493,0.013951627525244193,0.006035203846835504,-0.005152738824404987,0.2230678439334585,-2.465334894846524,-1.019878009110274,3.5507923794524276
0.01348736094054456,0.013825533716406123,0.005892819038424356,-0.005371759167250605,0.23301727611669174,-2.5409607580213667,-0.8359518809825277,3.645150527814188
0.01339529245120856,0.013931107839302766,0.006008312160356994,-0.005189086887192076,0.2243844700792392,-2.4781179066012573,-0.9871440918544679,3.5653788329846905
0.013417695371076978,0.013907100014356917,0.005980537288509684,-0.005231166650166382,0.2263218554992157,-2.4929731981139036,-0.9516426817636818,3.5835116214059153
0.013474091045305251,0.013854512445242082,0.005904794383855009,-0.005321833461208395,0.2295495001242447,-2.5217569514837908,-0.8631863875170617,3.614819239066725
0.013459993199454096,0.013878144918945474,0.005919731195861867,-0.005281223415802032,0.2270045358206688,-2.506647265384938,-0.8890220439960818,3.592418103062819
0.013444369199017725,0.01389807750363621,0.005938374009975839,-0.005246942608481031,0.22515143673268628,-2.4945273951218163,-0.9151471245726757,3.5761962677822545
0.013715726672509287,0.01358673890878182,0.005554337491305521,-0.005754127028216084,0.2485829093443215,-2.6336501633645324,-0.4438963851304759,3.7513657722988265
0.013691466090640076,0.013603157852013298,0.005594494861841093,-0.005731635375198485,0.2485554179591938,-2.6333656243871917,-0.4815892547109924,3.7561525540710616
0.013646472899732651,0.013648981238762542,0.005665133092854769,-0.005661237798332656,0.24590461139008646,-2.6200339399858987,-0.5601504711401782,3.7421165552629447
0.013691156469615884,0.013632796937300556,0.005589688742439412,-0.005679509486054212,0.24375037091620236,-2.61248478096322,-0.4989004419669624,3.717150627040684
0.013675009698740507,0.01365457977754332,0.00561371236825476,-0.005645102306441458,0.24189423767859217,-2.6039681666628525,-0.5296216683709787,3.705109728608616
0.013599566922786816,0.013683030907308536,0.00574017414911288,-0.005610064735706417,0.24524080189194905,-2.613632854698501,-0.6344090343894379,3.7429841903628556
0.013590487707367807,0.013707631070050698,0.005749750959788144,-0.0055680381735641925,0.2420948242627401,-2.598572137682337,-0.6575748099470258,3.7177017789568825
0.013627854206516746,0.013673702039243502,0.0056924114826511826,-0.0056213492843350385,0.24374430739723538,-2.6095151297269266,-0.595420663306541,3.72744135713057
0.013577440902276229,0.013731288382923803,0.005766117955350037,-0.005528299519341352,0.23958750369783635,-2.585443916745469,-0.6847123083957777,3.697332085352997
0.01355924266858859,0.013751395894136537,0.0057921248256190576,-0.005495345497804171,0.23798842637214102,-2.576456756973858,-0.7161078216984728,3.6863601911914414
0.013558265381740328,0.01378188888912412,0.005784256352697289,-0.0054421172443872385,0.23320998679403476,-2.5536695005561563,-0.7307271377302359,3.6448289460933476
0.014038596534516657,0.013177352637699728,0.004977075930454849,-0.006326417786686287,0.2754032041997702,-2.680693995605378,0.19826032110378405,3.823271574251325
0.01403168984383427,0.013203666201043882,0.004994118159520943,-0.006285199362131898,0.2721241876322354,-2.6728592847894608,0.1685170581428792,3.8056184822359973
0.01402021648906409,0.013225787169468695,0.005017835493775114,-0.006253893487687161,0.2700036780530471,-2.670117287742641,0.13873837718279225,3.7985465831733083
0.013970130202093367,0.01329690022323022,0.00511439766806848,-0.006159038711634702,0.26533378735276153,-2.6678026632902494,0.03183181832349877,3.7906419755867624
0.014007869408026457,0.013243290952716041,0.005041988431145578,-0.006230881923578987,0.2688842998532243,-2.670015288972524,0.11228487404899377,3.797209587434559
0.013985579632596463,0.013276189385837748,0.005085179497788588,-0.006186543446458029,0.266516764529881,-2.6683899171501007,0.06364804775560563,3.7924015783958303
0.013993229888944936,0.013256529500434183,0.00506929060877084,-0.0062163541946464885,0.26892597322131,-2.6734843366652092,0.08747180967560045,3.8033503323599165
0.0138461149659903,0.01342502934220308,0.005337683617458045,-0.00599405994493115,0.2601308786648979,-2.6715932575087034,-0.19256856813446446,3.8032503465925545
0.013807121201896038,0.01347538794607229,0.005404740457567436,-0.00592075198698832,0.2564847211652385,-2.6617910266978253,-0.2701075168534037,3.788896029606017
0.01382134646303595,0.013461058330024886,0.005380363605391184,-0.005940572418993303,0.25717709479775513,-2.663060967816652,-0.24476196634764527,3.789481763682811
0.013834482623919354,0.013444480143063294,0.005357798917151266,-0.005964570312469401,0.25828744705695456,-2.6661210639364548,-0.21895865889665722,3.7938460069814908
0.013790209279095479,0.013490739546336283,0.005433624031336551,-0.005899879106728908,0.2560259061420547,-2.661061281865344,-0.29908367014694787,3.7899124114971383
0.013780562722825244,0.013515552168414297,0.005448664472016866,-0.005859503118544705,0.2529858922857207,-2.6497641380398314,-0.32628040929887886,3.769799940822454
0.013769424332977292,0.013539718030847222,0.005465914095218302,-0.005820715523489905,0.25026521360034404,-2.639393918597104,-0.3543086203203593,3.7519386029806214
0.013756455369398807,0.013562065282324128,0.005486125476022007,-0.005785596326016947,0.24805622718707962,-2.6308611204567183,-0.3828646965744928,3.7381064007657767
0.01374244137308733,0.013581109917691264,0.005508199863335685,-0.005756411678749062,0.2464893869084898,-2.6247619226367394,-0.41026959565177046,3.7292819473415286
0.013887489793596079,0.013379309350336209,0.005264455229428631,-0.00605630465224772,0.262529760898298,-2.6744836812160546,-0.11530006822752077,3.805579991727782
0.013882487485046134,0.013402743346122431,0.0052737540231466975,-0.006017485517644124,0.2593737722662379,-2.663422038449514,-0.138218070109656,3.7841065619572603
0.013945021950553855,0.013318378203200157,0.005160184366092481,-0.006134878936631715,0.2652615223205321,-2.6728241993446464,-0.009828344402646058,3.800464976646847
0.013908963864682898,0.013366293285669083,0.005226332540273226,-0.006069054452424801,0.2619086364491591,-2.6686830262678853,-0.08345872709736446,3.7929825979899867
0.0139301774692185,0.013347357553646669,0.005188261051687667,-0.00609183104511786,0.2622958776752402,-2.666082611965651,-0.04749036642181743,3.787131797007951
0.013874530941600504,0.01342626453224048,0.005287827084346933,-0.005979849031073279,0.2564183356753522,-2.6538696083023865,-0.1638640028494889,3.766031838804325
0.014123247559550066,0.013032798298023021,0.00479349941513351,-0.00651726927429611,0.28643951285428715,-2.678373651503991,0.4065022974097872,3.8392019978802607
0.014115028849116983,0.013051898301794752,0.0048135356480087516,-0.006490597893499178,0.2844971248015295,-2.6773307595340063,0.3811330198307619,3.833862191791438
0.014116435876094575,0.01307839267320205,0.0048189612861427285,-0.006444269099949052,0.28007231432521,-2.6651110642857483,0.3564021763129655,3.806134108935667
0.01411024541578112,0.013103060975815118,0.004836394915858207,-0.006406549942384979,0.27706079009400236,-2.659530882953806,0.3278054476248587,3.791718435301529
0.01410119222843344,0.013125290979973534,0.004857644891534786,-0.006374868240367974,0.2748059540875781,-2.6569466392710246,0.29949476877302467,3.7836323910432372
0.01407781254906211,0.013152491016934366,0.004904161445911854,-0.006343991836438668,0.2738792314110979,-2.662707916096593,0.25484340536332833,3.791206434231213
0.014094681877497912,0.013144337216839509,0.004873428993867613,-0.006346777099119546,0.27263994741455566,-2.6534757682118393,0.27641424064447984,3.7744985781502542
0.014070036844711274,0.013177842284445927,0.0049230662847072094,-0.006305628266501666,0.27097862304158177,-2.6568052527508192,0.22512899855370486,3.7769553621144483
0.014156677283431477,0.01300713136461435,0.00472801419894098,-0.006535732803713274,0.28537994396737226,-2.660539386916551,0.4578421866393363,3.8102869867058087
0.014147972649285794,0.013031874085852138,0.004751054124130992,-0.00650036920885006,0.28271340252616195,-2.658272738110704,0.42654749513596896,3.801245584165738
0.014204723448670535,0.012971522849201677,0.004634306170169206,-0.00655801885802734,0.2833577377081457,-2.632747622286501,0.5285895191856725,3.7655825526376923
0.014184079354062204,0.01301241261591826,0.004683628778691415,-0.006505767703447215,0.28018295793655484,-2.6356674990014226,0.4726832334178912,3.7624574428214537
0.014195661372415435,0.012993140360488258,0.004657428891771029,-0.0065290513274993715,0.2813815248880193,-2.6329039083910497,0.5003113577665008,3.761233378800634
0.014307450447997298,0.012791355697573899,0.004384432231107154,-0.006766250456269621,0.294216894975741,-2.5923444299000913,0.7843475875428813,3.7383931827966963
0.014361742627388836,0.012707104710909651,0.004250922118992717,-0.006849676819067494,0.29722078601915497,-2.5576589657035105,0.9063257299539854,3.7022323542427134
0.014382127583258774,0.012697467496407988,0.004212937094967599,-0.006844657285784714,0.29484091074665125,-2.5399719739983144,0.926696282822091,3.67330848122605
0.014322573596545105,0.012777173728982067,0.004352529994029144,-0.006775057407056911,0.29363609672196184,-2.581443356020419,0.808243842137324,3.7227742836688615
0.014357476762109647,0.012733411621549118,0.004272691047350257,-0.006811894011524918,0.29397495565079496,-2.5574057574003937,0.8746769330055659,3.6928261103832725
0.014336528992468818,0.012754966087347415,0.004318147758365905,-0.0067976058839103164,0.2946052898313571,-2.5729476966347247,0.8401522116642879,3.714221406703999
0.014302618118884357,0.012812631716222333,0.004403086419141162,-0.006736114598585156,0.29168958523102034,-2.591996771488933,0.7582993676988489,3.7313144600985138
0.014298431863739868,0.012837046455505277,0.004421886675796815,-0.0067001883073774865,0.288742939660163,-2.5899954272094825,0.7294735496810456,3.7205619936037846
0.014291210051418306,0.01285929030107887,0.0044441999304670535,-0.006670410587360682,0.28664440045269957,-2.590901516966668,0.7014390716858839,3.716007912290309
0.014284867894076422,0.01287805929654392,0.004463156296461323,-0.006645379546485332,0.28478171950515746,-2.5915982369033226,0.6777618653412444,3.7122305998865217
0.014268590781154854,0.012893997613992562,0.004496893980691758,-0.006633400819778617,0.28517093884751205,-2.6016008323534483,0.6509937071694404,3.7264417420321214
0.014259290402689013,0.012923012082898293,0.004524608306615615,-0.006593673449607527,0.2821120355020197,-2.6013627772952534,0.6148626855399096,3.718688846875346
0.014234357261899006,0.012940274895463759,0.004572813820958448,-0.00658593772404593,0.28358069843110684,-2.6176012031762776,0.5808341968312379,3.744542731483755
0.014231605196155407,0.012969291788087887,0.00458878298837899,-0.006540170267024748,0.2795058866765406,-2.6106672442378698,0.5492891574284164,3.72502620507063
0.014451175729381439,0.012522788581171129,0.003991994388529738,-0.007043881716000817,0.30711050463183936,-2.4879535286375223,1.1557420375376788,3.6461278591915023
0.014468596555761389,0.012512699561796492,0.003958158663495131,-0.007039746361320174,0.30505451191025273,-2.4710907341651276,1.1731465470897133,3.6197133408915714
0.014491641690611559,0.01251699246263211,0.003926307655540955,-0.007007352971120734,0.30007785281877974,-2.4486457350034967,1.1749846444965284,3.57705818753618
0.014449380178389268,0.0125428443533972,0.004008856054767604,-0.007015069483008456,0.3046029271777691,-2.489173916040356,1.131499096866073,3.6398771448955
0.014409542398244992,0.012623848749500502,0.004124722177028418,-0.006932374985419328,0.30055774279006603,-2.5225809025039605,1.0224362721623572,3.6684303547553863
0.014414833823933316,0.012607781688361182,0.004106092685460608,-0.006951902313181527,0.3020024329046473,-2.518888938367956,1.0431140371247858,3.6678890519388103
0.01442779929515238,0.01259528200256955,0.004077725840147511,-0.006957535344760713,0.30124095447818905,-2.5073499040134983,1.0626105843308975,3.651750819184724
0.014436971944064698,0.01258046455871757,0.004053671501529146,-0.00697063124558574,0.3016982669532173,-2.4994663285134315,1.0832053927776524,3.643267401297748
0.014444442772942608,0.012562651617897852,0.004030102208570968,-0.006990011593351273,0.3027818990106301,-2.493178500953728,1.1066182613669924,3.639009273738585
0.01441258828676037,0.012656573283086845,0.00414047651882782,-0.0068780392550390045,0.2953912884217926,-2.5163626630287483,0.9862247394013759,3.644890765923411
0.01442384297239163,0.01264259919088608,0.004114263542716413,-0.006888184703625805,0.2952996326002995,-2.5071434566449526,1.0067314677833485,3.6332851553542267
0.014410701741258473,0.012674669756882369,0.004154451319440546,-0.006851693947597507,0.293173952688948,-2.5160895859862866,0.9649580777505199,3.6378641354911374
0.014404818776728417,0.012697363810633917,0.004177158587484846,-0.006822122250134738,0.29094490802242245,-2.5187313971096796,0.9369730480872346,3.6347016315144978
0.014506159594192661,0.0125008089497591,0.0038928802421790997,-0.007015303981311296,0.29951379700393316,-2.434530595103906,1.1980130102255389,3.5583946558391193
0.014519686148585759,0.012484335223513984,0.0038606969719145972,-0.007024503690232686,0.2991435881384081,-2.4211556904499294,1.2208623198790065,3.541314642304467
0.01451906103652231,0.012426291124453565,0.0038178146518924212,-0.007111431765202166,0.30687689617028363,-2.4194824955651035,1.2890514729258322,3.564432471186387
0.014520048364237096,0.01244821107976802,0.00383317748754627,-0.007077749831728461,0.3037275945484487,-2.4196437585617296,1.2633018940346254,3.554658347113615
0.014533842870053739,0.012465443611288625,0.0038257372967917514,-0.00703625169586694,0.29895302680000096,-2.4068703681791956,1.2464357939814132,3.523777197266918
0.014542549207247995,0.012415127367157852,0.0037744962788740636,-0.007100098811670649,0.3037001194315201,-2.3957086968271595,1.3074110654626305,3.526453987941374
0.014547690167285587,0.01236921603784608,0.0037303915010667653,-0.007161063056180895,0.30858688390852224,-2.386721079415136,1.363000792110148,3.532094858804998
0.014552692128647808,0.012392675947187796,0.0037419645677777454,-0.007120819816119137,0.30468628133955505,-2.3840097997265812,1.335966748859924,3.515776295068313
0.014572246303966738,0.012316652075181827,0.0036512369793785943,-0.007206857627287956,0.31033127080192974,-2.35608964780765,1.4298453821797568,3.5026210469046473
0.014586278006207412,0.012302888339174468,0.0036194689068328087,-0.007208967834314759,0.3091178914327441,-2.3402194617446033,1.4480818631451962,3.4807387641501752
0.014564060645298612,0.012351621414011298,0.0036922357069911235,-0.0071666127346938805,0.3076187927763922,-2.3686661512077554,1.3867434943152963,3.5078713812589477
0.014574787314872167,0.012335529304678756,0.003663449924331807,-0.0071765949722112626,0.3073962841374461,-2.356123750662735,1.4075657060205613,3.49307820027986
0.01462131079744341,0.012194264175249664,0.003473640050875574,-0.00731635098851995,0.315087883777919,-2.284718371393266,1.5816187178609715,3.4382561370191156
0.014637243840742423,0.012181756752898338,0.0034401064519148593,-0.00731246636259199,0.31306267437940716,-2.2660428014882057,1.5970489228855056,3.411054134840471
0.014596848605051749,0.012288227731849824,0.003591870809778988,-0.007216466393088893,0.3088224796687759,-2.327473795504321,1.4667830478880062,3.4651036564500903
0.014620790379745936,0.012215069370334414,0.0034934453554158625,-0.007288209654070081,0.31266878891171057,-2.2899104739666734,1.5564369993558627,3.435992609528203
0.014605978919407367,0.012271831325053125,0.003564754197730556,-0.007228018444932837,0.3089431356987196,-2.315684589184031,1.4872625594927735,3.452222308161548
0.014613035352802875,0.012254028740014328,0.003539209652884137,-0.007243972273643501,0.30963952581017956,-2.3054743513473146,1.5091442026677597,3.4430894616091376
0.014618219729709765,0.012235054114358074,0.0035150735096654315,-0.007263774178714241,0.3108396401226216,-2.2966410727211515,1.5322491452585838,3.437249481670684
0.014872292290075072,0.011366159820435304,0.002217058985287979,-0.007907137592264758,0.3309400677166232,-1.613776148489287,2.4780175084048355,2.8027728844951443
0.014860997426208063,0.01139674396872152,0.00226919186304235,-0.007897493944932882,0.33192022341002736,-1.6473380944500617,2.452220538388526,2.8393735460034577
0.014867298128260887,0.011381938103945168,0.0022431736769963433,-0.007900820905152832,0.3312260998189284,-1.6304597713283029,2.464281606434486,2.8202854811910103
0.014868989143058581,0.011422840179019228,0.0022964016021863993,-0.007858604957077436,0.32840377461023396,-1.6610211007695532,2.4192744749730584,2.839443160329201
0.014870469172906686,0.011408815782911422,0.002276273427187398,-0.007869645014542065,0.32889931667709266,-1.6489896230406367,2.433486911821193,2.829473942178814
0.014801517799386675,0.011592919177483271,0.002586462506103186,-0.007796516789430289,0.3331156379479348,-1.841027456252662,2.2649794189856856,3.036205300551934
0.014833053360008723,0.011487809674198697,0.002417957662427774,-0.007854750888231286,0.332976712178153,-1.7400173732099464,2.368327925535697,2.934795281982371
0.014838287374507313,0.011473241282809535,0.0023935076643954475,-0.007860718838021351,0.33265787035263455,-1.7248255252016949,2.3816627450537387,2.9185788572441
0.014842326083040277,0.011499442500761549,0.0024236746242011576,-0.007827310703891045,0.32995165262012605,-1.7405127410370826,2.350376593359342,2.9238311123918646
0.014841183736929428,0.011513442184076586,0.002442989514738428,-0.007814878588928239,0.32923658919466336,-1.7515160113120436,2.335425086967417,2.9322300062964044
0.014838023131733871,0.011529325000919625,0.002466715132688051,-0.0078037397218320564,0.32892384792114315,-1.7654571722093344,2.3193500360993657,2.944856461085353
0.01481865044349572,0.011588629780734981,0.002562568819491538,-0.007773085489978252,0.3292498231830982,-1.8228884234514704,2.261942219940977,3.003744213419488
0.014819887390658749,0.011573478771031865,0.0025421129164250496,-0.007787263749689186,0.33015810908620624,-1.811667407124118,2.278571533828315,2.9955634269270868
0.014827383252985243,0.011560003516550397,0.002517059403332664,-0.007789227225276959,0.32923284678735215,-1.7959301708258855,2.2902254241341775,2.9767330045270586
0.014833530468167851,0.011545178684758586,0.0024917017768473254,-0.007794669699985965,0.32891113742207234,-1.7803907111468025,2.3038689182391043,2.959633498522903
0.01486666306627261,0.011439503850194136,0.0023207587640072754,-0.007846298090077745,0.32796435561829756,-1.6756277251589629,2.4026329868038867,2.8520743813308242
0.014852963207830383,0.01147015048345296,0.0023746774457550157,-0.007839071914195118,0.3293064453806831,-1.7100533572661962,2.3769443452341,2.891233794444388
0.014863105238330874,0.011457490447616434,0.002347962208832532,-0.00783458849254655,0.3276451562020663,-1.6921002185496705,2.38513346868278,2.867301178395511
0.014790307426421291,0.011624339589978399,0.002638201084749303,-0.007780438231750294,0.3333890408271742,-1.8716244869525525,2.233696513497941,3.0680973977513606
0.01479666161011905,0.011609132103693394,0.002612172517077921,-0.007786798955914315,0.3330121119258351,-1.856044514275584,2.248499110693817,3.051072242343926
0.014798842424527897,0.011636446730651805,0.002643831273783814,-0.007753224843612383,0.3303677653601366,-1.8716074841172379,2.215955431851165,3.056884172917894
0.014775858919207768,0.011669015489410425,0.002709677748209759,-0.00775386982367189,0.3332660847564955,-1.912848944459198,2.1875714605678165,3.109455008728879
0.014796579719218432,0.011650181590746347,0.002663295474664895,-0.0077416579300107575,0.32979550493477366,-1.8822611469625647,2.201027849972473,3.065631384822819
0.014792953700886874,0.011665987771731516,0.002686730053452171,-0.0077298470875064315,0.32939638216808215,-1.8953014849988465,2.184197275794664,3.0773566418801472
0.01476392465685055,0.011699434985955229,0.002760413216099117,-0.007738276397832083,0.33356624787918626,-1.9421789398977334,2.1563650709934516,3.140531566508519
0.014770729457258524,0.011684725666984625,0.002734727289621874,-0.007744253603262768,0.3331620106282267,-1.92710290324108,2.171125797014667,3.1236975615910336
0.014772391642380988,0.01171197570505329,0.002765822618902286,-0.007710406079053879,0.330468923483644,-1.941664508015819,2.1383824421840982,3.128597401491734
0.014653808964223324,0.012060213936310299,0.0032997915953256606,-0.007454249187216538,0.3234474373586314,-2.2150181051696083,1.744298020267011,3.3907877999426117
0.014655024085966292,0.012081260075604599,0.0033192700037283428,-0.007424443400805762,0.3207996953870507,-2.220544243870403,1.7184940621528006,3.3875938678359048
0.01464738807562809,0.01216456257415995,0.0034101757130947674,-0.007322442875776451,0.3130283109011574,-2.2517923601918066,1.617771956414982,3.394757281119741
0.014654755345180138,0.012145733254598516,0.003382380960803692,-0.007338095463390137,0.31355510720307983,-2.2396114188240186,1.640344992860576,3.383365642546694
0.014657043104169827,0.012104354449497472,0.0033393608516016815,-0.007390713985830987,0.31778884957688397,-2.225616024596547,1.6902758203693733,3.3825293545402197
0.014658926197754767,0.012124759425884295,0.003356663237391338,-0.0073607315453859895,0.31501450298147565,-2.229718793900932,1.665500227884497,3.3776315134780575
0.01468165879988917,0.012006796571181621,0.003208354368762354,-0.007485175012803935,0.3230635865561706,-2.168881038863898,1.8066458004402381,3.3396533074979025
0.014666063707252359,0.012031772660669847,0.0032545828625908726,-0.007474668381620024,0.3238576573461147,-2.1932251837497208,1.7779924712305608,3.3686420905424765
0.014678840423330458,0.012022190084496526,0.003227957020914296,-0.007469107752005867,0.3219351660580463,-2.1772437346981586,1.7882661277065441,3.34503986173059
0.01466904051828966,0.012051041102264114,0.0032702974165273323,-0.007445034103218677,0.3210226717408322,-2.19689615457353,1.754200793274711,3.3628445813275754
0.014755194592122206,0.011769198309888434,0.002853826339854006,-0.0076706899121970545,0.32949077468761784,-1.9898150810167599,2.0766111393134996,3.174637233141461
0.014756513401447569,0.011754092873098539,0.002834488853580542,-0.007686431247051979,0.330604961373331,-1.9803283590039715,2.094130677735633,3.1686567518689825
0.014764939527670329,0.011740770952193884,0.0028088533318648026,-0.007688818144470387,0.32968429797287446,-1.9650184960301005,2.1070788119947728,3.1499036821773045
0.014769711203365433,0.011726053361415007,0.002785786478957117,-0.007698404305188581,0.3298907550372779,-1.9522556638969062,2.1227755011439133,3.13734524839673
0.01475118661868651,0.011786014772049692,0.002878216749046609,-0.0076569683975407634,0.32896175297288655,-2.0025753462467897,2.0578619986195252,3.185716100960972
0.014687077705534164,0.011989612065079558,0.0031833731497915058,-0.0074996994613250436,0.32365373379169754,-2.157088879833996,1.8268385097911704,3.3291707966584174
0.014710372313826048,0.011925264971440435,0.0030849106721798046,-0.007547946036723422,0.3250721972662946,-2.108340259056123,1.90090310848978,3.2821848948831023
0.014692863086252596,0.011968612758699539,0.0031537485525206495,-0.007518401891595354,0.32457734403592214,-2.143260909670643,1.8514883293247788,3.3175898923816467
0.01470342572849987,0.011948046626396633,0.003118295714141226,-0.00752929813933016,0.32429023567270154,-2.1246380810540733,1.8746499222484128,3.296826701297604
0.014744985744204187,0.0118044135346614,0.0029069417553822282,-0.007644544943495342,0.32870402822172684,-2.0180528419086374,2.037779873657233,3.200906308109283
0.01474764604279934,0.011824639424735373,0.0029269358221947887,-0.0076161449352799586,0.3262461233598816,-2.0257864874768825,2.0128939009556714,3.199887528335445
0.014745907911649193,0.0118418912138138,0.0029486100093994738,-0.007597931221805249,0.3249984430898623,-2.035959300312556,1.9927949962758138,3.206079832078744
0.014721617771028418,0.011906046351269219,0.0030498464123569435,-0.0075554212424862105,0.32437301219491027,-2.0890922833411576,1.9217628651951297,3.2595464597086248
0.014729792846223479,0.01189101090000375,0.003023166852833547,-0.007561956938453009,0.3239807283147264,-2.0744850729948108,1.9380259693154838,3.242772007759907
0.014736607812112772,0.011875226073189056,0.002997295014023956,-0.0075712483355221205,0.32395463092308835,-2.060706569985847,1.9553419521059963,3.2282077001976437
0.014742115560822097,0.01185877337585261,0.0029722048134412558,-0.007583125351005742,0.3242719626440715,-2.047707818192169,1.973641003078331,3.215726233230033
0.014961865537256916,0.010817814476711285,0.001345774235077434,-0.008165088666059252,0.32867133699944584,-1.0253453634272545,2.924037135657404,2.233860911038079
0.01498955962980473,0.0107339216653565,0.0012000679170173466,-0.008158689569761512,0.3223985490008679,-0.9184594708216048,2.961158972662487,2.1117567997691356
0.014987685541358957,0.010749638362601233,0.0012255200910553426,-0.008153976651173905,0.32270241804969174,-0.936972161302056,2.951295076761287,2.130069155076917
0.014978355399319685,0.010812491308733492,0.0013279659243570741,-0.008136850769086957,0.324218726769139,-1.0111303307862507,2.9120378187370375,2.2047198036997404
0.014985591760834851,0.010765379324771842,0.0012510911703899703,-0.008149493230245499,0.3230455210601037,-0.9555402363237689,2.9414706737821956,2.148596862406769
0.014980892874408958,0.01079680031389988,0.0013023212548720416,-0.008140998538752692,0.32381018755285607,-0.9926289320077718,2.9218807241447498,2.1859640367626993
0.014983311659949991,0.010781101061065333,0.0012767007212916412,-0.008145197164632724,0.323418078054082,-0.9741011728509982,2.931681375467815,2.167251883558428
0.014982691764137636,0.010677248877855474,0.001114615841674948,-0.008200487374165058,0.32472697599221684,-0.8568427021905486,3.009679982909929,2.063433747608727
0.014966269026450154,0.010579803377811692,9.662999646342163E-4,-0.00827697539717023,0.33265422998277305,-0.7468325186920209,3.095503787039338,1.9792081783680135
0.014979235900736557,0.01058921037909915,9.759536732468879E-4,-0.008247160537031272,0.3234170196203281,-0.7572980610510989,3.0737194960884033,1.9761987589249668
0.014968065848509118,0.010564200075219219,9.403337371037423E-4,-0.008279965529672832,0.3304242221771829,-0.7274742418232023,3.1037943968692496,1.9595591942147463
0.014981021679697034,0.010573628737348227,9.501521232250597E-4,-0.0082502392655608,0.32336671572850073,-0.7379131793686747,3.0820843758400582,1.9566646853308989
0.014969813631697157,0.01054859134717669,9.143442563389662E-4,-0.00828287561479952,0.3287201262465,-0.7080423626337101,3.1119570228235407,1.9397722582177923
0.014982809233304263,0.01055804463865938,9.24326572874155E-4,-0.00825314074694701,0.32331970579527197,-0.7185205113424087,3.090266455872358,1.9370765104553522
0.014971512360572392,0.010532977343492103,8.883133302191628E-4,-0.008285707594351136,0.328428821585857,-0.6884386083616877,3.120015799752512,1.9198735462738885
0.014984583571421283,0.010542423806229483,8.984329176062617E-4,-0.008255904454271315,0.3229612332856267,-0.6990922490753678,3.0982966123391336,1.9174046723175115
0.014986302833341634,0.010526754399536086,8.724687152986806E-4,-0.008258612537596419,0.3222127559955373,-0.6795882717501996,3.10623128359127,1.8976478537259374
0.014985005279558374,0.010661528142968812,0.0010886501442734303,-0.00820357448206601,0.3243382894862956,-0.8376333407740258,3.0184191436843477,2.043813512417606
0.014987140842082781,0.010645753459198748,0.0010626624061132633,-0.008206848838814278,0.32399425422031275,-0.8183884525553715,3.0272051098772774,2.0242881190354116
0.014989118851536969,0.010629985125802488,0.0010367333702129852,-0.008210243235172776,0.32363812348825444,-0.7991638404249276,3.035975829550478,2.004885362100231
0.014990943173266486,0.010614261551194932,0.0010109182987073475,-0.008213734609654246,0.32326852510403703,-0.7800002112845509,3.044702887876159,1.9856360722864472
0.014992636385602666,0.010598624285342077,9.852705504834987E-4,-0.008217263708911902,0.3228468065496795,-0.7609300771758889,3.0533391478843623,1.9665472091110028
0.014993469248357037,0.010702838373033758,0.0011495234698532823,-0.008167096248402799,0.32172187375172917,-0.881520064708698,2.97997546647197,2.0748896534895067
0.015006583558113268,0.010712792951408428,0.001158455052962913,-0.008136959239337846,0.3185226434456702,-0.8865463084781727,2.9593583992654495,2.0665751031750337
0.015005375610269232,0.010728117616493138,0.0011828480946853256,-0.008131464726235176,0.31869613664338337,-0.9042722547719165,2.949444118146595,2.0836018677608514
0.014996200203667388,0.010687310244776808,0.0011238487535963407,-0.008169536698021397,0.32114885161320084,-0.8626064020890402,2.9883153171843566,2.0552109537143077
0.015001546842268551,0.01052059489435553,8.567780129280232E-4,-0.008231312354397407,0.3203563851715771,-0.6645276756400559,3.0934013743564397,1.8690049410888963
0.015003034964324187,0.010504779583319296,8.307989310045667E-4,-0.008234239899892247,0.32000229381502177,-0.6449474130242413,3.1013435500809448,1.8493612191989455
0.015013229675671627,0.010394518059425125,6.492447683409897E-4,-0.008249940486176994,0.31657704585432495,-0.5067362932352196,3.152007728671061,1.7097350506937161
0.015011988073393823,0.010410359301091658,6.753034741208997E-4,-0.008247790665029798,0.3169826532505207,-0.5266743236605973,3.1450085635854603,1.7297896382908304
0.015010580677759946,0.010426207780839691,7.014076391891438E-4,-0.008245782526854005,0.31736850954627244,-0.5466282972275911,3.1380167548946094,1.7499714713916308
0.015004411242804628,0.010489052458986953,8.049784963630036E-4,-0.008237173725742543,0.3195306188579208,-0.6254501015744118,3.1091835416511966,1.8298527353321459
0.015005861118653485,0.010473412151542563,7.792514472743185E-4,-0.008239753931721034,0.3189375969025448,-0.6059565061529587,3.116718678343975,1.8102321392537524
0.015007418727196102,0.010457758847712509,7.534513785800724E-4,-0.008241948178347945,0.31833253909177156,-0.5863394591346438,3.1239673559767778,1.7903507808403927
0.01500902071849329,0.010442020553887035,7.274881530487239E-4,-0.008243902982213934,0.31780558976443896,-0.5665463864220229,3.1310375115505296,1.7702210460183736
0.014889922358840879,0.011304769433953447,0.00211671074324125,-0.007933039848033003,0.32997141514989553,-1.5492335099504608,2.5310740326383563,2.7361867238475424
0.01489413595251955,0.011289416164259013,0.0020916827188067187,-0.007939417522772546,0.32972689154463364,-1.5329820326082764,2.54409600396488,2.719488641328644
0.014898259548519713,0.011273950499883174,0.0020665347676887516,-0.007945876483222739,0.32949023336106165,-1.5165998639668565,2.557143450749305,2.7027209918938784
0.014902294957912886,0.011258352977413816,0.002041235262597699,-0.007952428141039046,0.3292623937247123,-1.5000660139851272,2.570233532146411,2.6858643050420263
0.014906248620315277,0.011242624986383712,0.002015777473621989,-0.007959056996941244,0.32904055538118754,-1.4833738861280559,2.5833583126296453,2.6689046464362653
0.01491005959888862,0.011226788792431996,0.0019902415091636195,-0.007965849408538126,0.3288381435283898,-1.4665864686927585,2.5965374657164406,2.651955422684505
0.014913558695754827,0.011210897913467424,0.001964840383841165,-0.007973060433998334,0.3286935045499701,-1.4498738246029805,2.6098429280421747,2.635330721122006
0.014916554310794979,0.011195088815735723,0.0019399179541444297,-0.007980921827816541,0.3286452539478369,-1.4334921280690869,2.6232906478615834,2.619435371464057
0.014921429610813783,0.011164889971350877,0.0018928241849591433,-0.00799697304258634,0.3287042894803785,-1.4024755797428907,2.6492340159233154,2.589998383519562
0.014919035300138212,0.011179634181299221,0.0019158605051416628,-0.007989239530324127,0.3286870671649517,-1.41768762012614,2.636638343212967,2.604473184819853
0.014890749793399305,0.01136279226735533,0.0021952227521081676,-0.007878453868720976,0.3266344101852355,-1.5962171338007651,2.4699303646359225,2.7692285308491678
0.014895299511087588,0.01134742410979371,0.0021702067825699286,-0.007884835026344328,0.32638116567191305,-1.5802084794755873,2.4831302324488145,2.7526415850154855
0.01489980882150665,0.011332173218428427,0.0021453453429684743,-0.007891002548059666,0.3261142723221402,-1.564223619370222,2.496082392166263,2.7360428680824165
0.014904268083950253,0.011316932896359206,0.002120503792632997,-0.007897072645716888,0.3258373845662286,-1.5481836468332073,2.5089073519968483,2.7193870006079988
0.014927509337944978,0.011004202513885947,0.0016524830236170397,-0.00810853134139571,0.3333110683399356,-1.2426278363798449,2.796057956033389,2.45454298903196
0.014913927106182922,0.011066336163782517,0.0017550979147346079,-0.008087926699428047,0.3344524811845085,-1.3136888664991953,2.75000937560238,2.527277994361659
0.014917480508466432,0.011050923616272038,0.0017295591037987158,-0.008092967367047689,0.33408557350779705,-1.2960647028671595,2.7615254419230726,2.5091305792806646
0.014924330928600764,0.011019803165237652,0.0016781323117617123,-0.00810320014015922,0.3335582315893523,-1.2604392445085002,2.784549705625991,2.472624601769375
0.014920984322532888,0.011035399069517034,0.0017038586161254464,-0.00809800292921889,0.3337956156469981,-1.2782752141012086,2.773022530701574,2.490842775118539
0.014949663473420525,0.010968055788901872,0.00158274737085512,-0.008092641521599343,0.3281915958690877,-1.1922390565165826,2.808726054223547,2.389268738951074
0.014946983962395709,0.010983668342276277,0.0016079947018115554,-0.008086853471697047,0.3284377327453884,-1.209833296882995,2.7972751356604326,2.406770938517806
0.014944097731862982,0.010999346521234342,0.0016334399775316808,-0.008081226389362909,0.3287186300474732,-1.2275276048787402,2.785792153218978,2.4245118450557324
0.014922700280823209,0.01109261792979887,0.0017871169076596586,-0.008051801331278354,0.33110472438476507,-1.3336215287411213,2.7177454820663898,2.53393334800281
0.014926287124220622,0.01107746857998882,0.001762152397044185,-0.008056818132314304,0.3307357252781519,-1.316530071837464,2.729111439314924,2.5163080562821385
0.014935010599956347,0.011103427104012242,0.00179340403199248,-0.008021054366530734,0.3276913505116175,-1.3354642624485356,2.697541993972379,2.5223057542537877
0.014932712409993268,0.011118833735682137,0.0018175257346260444,-0.008013273598305544,0.3276981279100705,-1.3516403456805917,2.68478120387234,2.5376999894851138
0.014925457410161977,0.011150557793829669,0.0018690123803285,-0.00800128230787899,0.3282828910356013,-1.3863641447644337,2.660051510512508,2.572993533557558
0.01492987416533654,0.011135085380119793,0.0018432292231618918,-0.00800563654705988,0.3277664003090232,-1.3688653338679284,2.6715050784903007,2.554433590645587
0.014934881164964903,0.011161419812646074,0.0018770010051531922,-0.007975635334842305,0.32555590601937473,-1.3896898065928904,2.642301759225681,2.565586315170391
0.014955167649846989,0.010937300041904486,0.0015327370644536386,-0.008103104594174999,0.32761732377601227,-1.1571704304524486,2.8306179827188642,2.354034667111773
0.014950548799907386,0.010880004897707287,0.0014485233200626031,-0.008148793736152704,0.3304207105027936,-1.0991402570912927,2.883825369274643,2.3093457719890336
0.01495332303541593,0.010864469605050511,0.001422928709281992,-0.008153232418450973,0.32989052212419295,-1.0808593893189202,2.894169199814733,2.2907516913433565
0.014956288939796574,0.010848975322520651,0.001397252564164931,-0.008157105295494146,0.32937854928038274,-1.0624196447003456,2.9041349511965246,2.271773362716686
0.014959166370237304,0.010833422704500745,0.0013715163675926607,-0.008161001259705846,0.3289956324610139,-1.0438964059098235,2.9140632486191076,2.2527640946469187
0.014958370127630738,0.010921888242605135,0.0015073336232860593,-0.00810725630209789,0.3271608332809322,-1.1392092793174309,2.840937248940874,2.3355039569006677
0.01496123506660043,0.010906178391633955,0.0014816690783672115,-0.008112056961354324,0.32678724558200023,-1.1210590105400613,2.851653547250361,2.3171058776760933
0.01496357606644739,0.010890403461984133,0.0014562023758486096,-0.008117703453567401,0.32654175089635706,-1.1030544420299344,2.862751692262563,2.2993117690449734
0.01496599330462356,0.01096291493050981,0.0015639475322001583,-0.008065804446950356,0.3243681268213052,-1.1768710806596525,2.7987246113677684,2.3595863159993766
0.014968065174510605,0.010947732404615405,0.001539853688680734,-0.008072136098924853,0.3242343342453342,-1.1600961830293015,2.8099982331418016,2.3433260179525592
0.015,0.01,-2.186848129253472E-8,-0.008333189817177898,0.3143166528293069,0.0031662756878491644,3.323448054121626,1.224954839626316
0.01501392620205507,0.00999216346293336,-1.2944721814679921E-5,-0.008304694782268073,0.30513085194897793,0.008565554347989378,3.3072027387395253,1.2059341226599083
0.015029040530793408,0.010387747735606603,6.338380098898466E-4,-0.008220658717956388,0.3122314292128658,-0.4945228227589091,3.1370719879378957,1.682951001669143
0.015021454915931987,0.010268545993745019,4.419580393244193E-4,-0.008263803158335302,0.3125369987001681,-0.34683634246386846,3.2031688391886104,1.5489181816337336
0.015017198869404195,0.010331521033584793,5.457115413845188E-4,-0.008258599516909689,0.3147064424615648,-0.42724144846340434,3.1791850356702187,1.6302378198205891
0.015018189080415799,0.010315886501874866,5.199784995742157E-4,-0.008260292637558689,0.31411253904170394,-0.40737237465047754,3.185485153620434,1.610259095214478
0.015019272081142246,0.010300212524790936,4.941513893962999E-4,-0.008261632554281072,0.3135182464932777,-0.3873734390689481,3.1915191587769667,1.5900292135303487
0.015020385298296454,0.01028443494951558,4.6814345538764537E-4,-0.00826275464966125,0.3129888309938831,-0.36719008151934135,3.1973846424578265,1.5695551921262754
0.015029984944883714,0.010371841834100833,6.079058770607778E-4,-0.008223124115337222,0.3118175572386321,-0.47466250897075263,3.144110837072109,1.663195874840474
0.01503070710631752,0.01035600857643366,5.821282416686517E-4,-0.008225827741105267,0.31144378607697193,-0.45489176216596044,3.1511978025007896,1.643692994004853
0.015031278397355867,0.010340336719043436,5.566262542018003E-4,-0.008228610090916732,0.31109920616457476,-0.43530116337983854,3.158210534071733,1.6244607516906504
0.014999605253615367,0.010062827605569672,1.0474669363129424E-4,-0.008332531508713766,0.31399545611624097,-0.08040867518514105,3.306838174702252,1.30851212485652
0.0150134002077863,0.010070888759186178,1.174488941280349E-4,-0.008303960685734892,0.3079745933749855,-0.09490628009961145,3.286412463498712,1.3096137527450644
0.01499977794963127,0.010047121697559919,7.857155418689313E-5,-0.008332819266762452,0.3131765714486386,-0.05968994449179823,3.3111625984512343,1.2876447843095744
0.01501363933908782,0.010055163536913587,9.139911991664435E-5,-0.008304203894250949,0.30766296768213586,-0.07428465016669666,3.2907633353618233,1.288926416131796
0.014999901308554829,0.010031415039578107,5.236733998237384E-5,-0.008333025077101881,0.3138389611910493,-0.03880748466731105,3.315371421874558,1.2667357209622858
0.015013832517055785,0.01003942249539883,6.532743416842484E-5,-0.008304358209911997,0.30703589433392137,-0.05365210755963962,3.2949913789557788,1.2682055533415617
0.014999975326556125,0.010015707763366568,2.616018957055741E-5,-0.008333148651206278,0.31476054679894505,-0.01781982149410755,3.319472160288339,1.2458378261699539
0.015013939407147138,0.010023665681568775,3.9232542093733224E-5,-0.008304501715989966,0.30616452275368516,-0.03296296494177343,3.299146267476644,1.2474581097168895
0.015013957264191672,0.01000790990879482,1.3137439937623069E-5,-0.008304639802587707,0.30549701799525836,-0.012211295268916152,3.3032348833085314,1.2267021117582273
0.015027467165507104,0.010078967449297975,1.300006974496513E-4,-0.008275592255458679,0.3069181622006793,-0.1023888598497323,3.266187830018852,1.3041280517733915
0.015022368551238272,0.010252590966952866,4.156881718771943E-4,-0.008264989614828487,0.312153264455598,-0.3264014415277709,3.20898424347213,1.528307703046367
0.015027188402597785,0.010094683124638168,1.558720179495712E-4,-0.008275168898858529,0.30747085821278025,-0.12283107340940917,3.2616892612191237,1.3246175346562936
0.01502694120271149,0.010110412615528015,1.817598851029065E-4,-0.008274501910555608,0.30799795732377083,-0.1432451744242149,3.256965736716546,1.3450114538502511
0.01502671133112573,0.010126167160964457,2.0768034031624078E-4,-0.008273618484004645,0.308448955365003,-0.1636458122608548,3.252031230789673,1.3653352400392527
0.015023070741479745,0.010236659306043432,3.894849183457766E-4,-0.008266407451570855,0.3118007681794929,-0.3060102305043972,3.21485923936676,1.5078931444734334
0.015023589936096197,0.010220822006504761,3.634537224449768E-4,-0.008267990128092819,0.31141169079352177,-0.285740354008891,3.2207328831682376,1.4877206972581198
0.015024044020584534,0.010205068417140356,3.3755568647529996E-4,-0.008269507931153684,0.31091338228292725,-0.2655417040855785,3.226472025613511,1.4676329055263608
0.01502459339303972,0.010189340395495702,3.1167486336308687E-4,-0.00827065258732289,0.3103178628492895,-0.24530301235735005,3.2319064592438314,1.4473757837404893
0.015025247902394267,0.010173587557779891,2.857338343511323E-4,-0.00827141133612769,0.30973404660781284,-0.22496722760747387,3.2370415367950653,1.4268866694106264
0.015025880400828086,0.010157788776984573,2.597178360821271E-4,-0.008272038849769547,0.3092427072633011,-0.20454239007886874,3.2420391486247486,1.406291905279783
0.015026381068107462,0.010141965486776703,2.3367317952582077E-4,-0.008272750655480283,0.3088370977244122,-0.18407973418259013,3.247025372452033,1.3857418686611929
0.01499938322454241,0.009921467368795327,-1.3086369115336593E-4,-0.008332162620282725,0.31104241299462293,0.10770247753210217,3.3418149902436993,1.1206896931699772
0.015013237264640126,0.009929126855115305,-1.1736444998355185E-4,-0.008304228040030684,0.30329833857531413,0.09233064059774397,3.3218294315473433,1.1224758321194483
0.014999111866663509,0.009905763358590825,-1.5695527265693885E-4,-0.008331711729988301,0.3064011100958006,0.12811263202648054,3.3451031950243237,1.099812130545909
0.015013007542469847,0.009913425474027609,-1.433832079716466E-4,-0.008303784312299757,0.3039709796767099,0.11333536655213282,3.325095112936879,1.10159479943885
0.01499879118445591,0.009890060497518439,-1.8311108452146992E-4,-0.008331177526827029,0.30516931741617875,0.1486890805556239,3.348234490005632,1.0787745535124
0.015012838693524655,0.00989774576100059,-1.693522472684264E-4,-0.008303046576298037,0.3041783553000364,0.13419528405572487,3.328093145158243,1.0807224993396776
0.014998421182633167,0.009874358919918412,-2.093125973684217E-4,-0.008330560242359482,0.30596201239780135,0.16953923167828197,3.3512260757815304,1.0576509302606925
0.015012632528531975,0.009882043029864708,-1.9534848761071626E-4,-0.008302199736484725,0.3035399625673932,0.15502287492997244,3.330956231807137,1.0598381634669314
0.0150273063727229,0.009936793489010056,-1.0404111025562854E-4,-0.008276635964108887,0.3030237009473756,0.08357513070382089,3.3020385881313365,1.118398551815324
0.01502815450797944,0.009984320335478825,-2.579098064930361E-5,-0.008276331455270064,0.30424002108526244,0.021254761857060434,3.290699085568018,1.1802982009860281
0.01502802017619536,0.00996848777742087,-5.185119159056708E-5,-0.008276318004042766,0.30382637823358355,0.04200373423362579,3.294472590246581,1.159599533960267
0.01502774351278559,0.009952610027745184,-7.799101305199406E-5,-0.008276406540407096,0.3034789820341231,0.06281911418887708,3.2982521227878565,1.1389183691022076
0.014960584488801502,0.009373420771600327,-0.0010443539060291894,-0.008267489417305656,0.30185020639424537,0.8518366246612219,3.3823741993116165,0.3813020956004263
0.014975517923888716,0.009379450505292455,-0.0010276878631891263,-0.008240282570680942,0.29042827099972485,0.8319821128738071,3.364449112514188,0.3870935186399413
0.014962528329925276,0.009389006894728722,-0.001018371284289502,-0.008270729817042775,0.3016336239384176,0.8302649156700069,3.3832913952289956,0.40233134922620023
0.014966269026450152,0.009420196622188312,-9.662698312869331E-4,-0.008276978319148625,0.29658610296418386,0.7868767978192591,3.384918728422191,0.4447648508349418
0.014964423181448458,0.009404598895283897,-9.923324677828399E-4,-0.008273894125099508,0.29936758583510953,0.8085481688365158,3.384143945358296,0.42348598001144083
0.014979452580069897,0.009410855551534316,-9.75642686545872E-4,-0.008246400032149605,0.2919979039501739,0.7892656946962912,3.365896698141612,0.42930933539145305
0.014977541481533302,0.009395130203719765,-0.001001685254915876,-0.0082433132633081,0.2909831785878891,0.8105824492683805,3.365199926248961,0.40819375566922583
0.014969813631697155,0.009451408652823318,-9.14243782896561E-4,-0.008282886790224498,0.2975907487175371,0.7442660725099571,3.3860439351340843,0.4872739887929119
0.014968065848509118,0.009435799924780783,-9.402381008647612E-4,-0.00827997604641273,0.2960805614815596,0.7654477763069325,3.3855696569837352,0.4660639773038027
0.014982897471364472,0.009442185594182216,-9.238335009955353E-4,-0.008252707008401167,0.2930869628184268,0.7470086326297385,3.367143094248419,0.471334463094588
0.014981220058112294,0.009426557319018262,-9.496757094531451E-4,-0.0082495718018369,0.2928400896118403,0.7680951175154203,3.366565720794083,0.45036708140693316
0.014704405031812395,0.008306313695911128,-0.0028227784626223187,-0.007840534143659207,0.31966124023381304,2.3051063806624126,3.009322707188634,-1.0399017697851933
0.014720204351090898,0.008308991726711722,-0.0028003605444538106,-0.007816927634496403,0.3107394478169547,2.278795617827919,2.9969312696304606,-1.0283757529587392
0.014709702589809144,0.008321101100260938,-0.0027981272045052934,-0.007849365329157662,0.318385891600474,2.2855137388373854,3.018891577425911,-1.0209789141625705
0.014740509980012716,0.008410168207199323,-0.00264971634687807,-0.007900699801652282,0.3149063896161723,2.167217700182273,3.0737050060772773,-0.9062121427430307
0.014756282354798254,0.008413139102962874,-0.0026278530651843925,-0.007876587245226734,0.3048259430009436,2.1413832832464545,3.060788158315449,-0.8951076295155106
0.014745481092211746,0.00842506850832781,-0.0026248654557393426,-0.007908990696859786,0.3130798792225613,2.1471539443074534,3.0824621536744807,-0.886921240663256
0.014735492086180697,0.008395283607075693,-0.0026745135847319394,-0.007892340178770626,0.31542746942075833,2.1871475289898985,3.0648818920829775,-0.9254284294102688
0.014751215907807256,0.00839822354206742,-0.0026526201673772684,-0.00786839464789566,0.30548352155767716,2.161241262750401,3.0520821522285395,-0.9143347170024861
0.014725509162926165,0.00832381280162913,-0.002775796386832931,-0.007825656025986548,0.31004995888103254,2.2593154029841163,3.0064039104396163,-1.0095006208453483
0.014714953661811803,0.00833590506071094,-0.0027734338728145,-0.007858124189819165,0.3165752022733407,2.265854400084992,3.0283662204721082,-1.001977067059084
0.014730427458694155,0.008380414850021051,-0.002699261277567856,-0.007883910553033412,0.31465778624133994,2.2069025911696345,3.0559692093914417,-0.9446049767119749
0.014746119291232545,0.008383332148440602,-0.0026773370405844773,-0.007860106314745497,0.3065507101930391,2.181047842099073,3.043241458700449,-0.9334962405310269
0.01472531614604481,0.008365562078288624,-0.0027239899978700765,-0.007875400542010424,0.31425713098588043,2.2265537414281718,3.0469239629348963,-0.963765630278643
0.01474102074486689,0.008368440967683499,-0.0027019984548683003,-0.00785165020123938,0.3077474031741532,2.2007391293519003,3.034231021455288,-0.9525864234780395
0.014720158197241128,0.008350725434314416,-0.0027487164207814965,-0.007866804346763524,0.31501995769489527,2.2461932180495188,3.0377203583625003,-0.982899057016719
0.01473590609734139,0.008353548503462501,-0.002726617295532313,-0.007843047886159525,0.3087163281466789,2.2203153064272985,3.02506605788411,-0.9716085673382046
0.014730742406738323,0.008338667868262517,-0.0027512136801115254,-0.007834367071820135,0.30943523066447526,2.2398267251345305,3.015783312965684,-0.9905769083570028
0.01478810837460224,0.008559854801395402,-0.002400189231819046,-0.007980046523676513,0.30554362671529867,1.9655949050745143,3.1557143970111157,-0.7107301662223735
0.0147835602874755,0.008544819263429005,-0.002425274436532077,-0.007972458554265828,0.3074978201372094,1.9860051614693672,3.1480599692805575,-0.7304913750825875
0.014799283825197402,0.008548319028020864,-0.0024040189538299954,-0.007947863434121785,0.29938124590888443,1.961385893121767,3.1340963222818687,-0.7200722234370317
0.014801469324203571,0.008605047553236286,-0.002324899463561846,-0.008002305771363247,0.3055245430269291,1.9044951627501991,3.177882870526171,-0.6511997487798663
0.01479706294397708,0.008589969109727749,-0.0023500012080555142,-0.007994970282953902,0.30461814431027345,1.9248802231398188,3.170640132458915,-0.6710538362071438
0.01481270536796247,0.00859364947760978,-0.002329020375550941,-0.007970322372812234,0.2977266647911398,1.9006987313117365,3.1563862718404043,-0.6609204651927869
0.01479260927722873,0.008574904804645981,-0.0023750920042657597,-0.007987552253675959,0.30430382583944965,1.945214585287366,3.1632521649936565,-0.6909026352814859
0.014808274396907859,0.00857853935239738,-0.002354032224655982,-0.007962936197502131,0.2985786195502506,1.9209838689064735,3.1490936248905688,-0.6806743971735275
0.01480381532575127,0.008563425994675836,-0.0023790209468275187,-0.007955421587312266,0.2991235943741859,1.9411877877927155,3.141650480311467,-0.7003843975956627
0.014879595159429935,0.00890933457005921,-0.001817727091919499,-0.008132522454234783,0.2972642075537264,1.4895228560979217,3.296822885988982,-0.2457846961057115
0.01489487671720771,0.008913984112854661,-0.0017986307478324427,-0.008106944466384096,0.2905599726259686,1.4668628896216391,3.281219315917093,-0.23732472338877972
0.014882998096217483,0.008924672332571876,-0.0017921836469982158,-0.008138189803435196,0.29805508413948223,1.4685146158859954,3.301486127595918,-0.22517318474324433
0.014876144037403229,0.008894007537775724,-0.001843284309216768,-0.008126767724160796,0.2980991120921985,1.5105845141510148,3.292019078623403,-0.2663898946995389
0.014891461969828927,0.008898592639425487,-0.0018240981834076922,-0.008101187954744052,0.2907652661872237,1.4877608526082617,3.276492935763375,-0.25782742908121303
0.014872644766016243,0.008878691396530594,-0.0018688351959711316,-0.008120930100261997,0.29959953631825564,1.5316920556430587,3.287095885333476,-0.28694794664557843
0.014887979611078024,0.008883215955845984,-0.0018495540536314656,-0.008095388834952663,0.29066594387353245,1.508647757428523,3.2716608589341583,-0.27830308000417064
0.014869097381817622,0.008863386307324788,-0.001894348116305408,-0.00811501679199309,0.3000745159155082,1.5527494508167485,3.2820691961090547,-0.30744479870724944
0.014884415437785146,0.008867866696696342,-0.0018749958023848194,-0.008089582570666233,0.2906692922641954,1.5295612081485617,3.266746282326121,-0.2987514194805901
0.014865501922029584,0.008848092431344247,-0.001919823781125636,-0.00810902766373699,0.2995614486320245,1.5737080272354496,3.2769367726830967,-0.3279034045758202
0.01488079942774488,0.008852536239523813,-0.0019004144306360592,-0.008083708766586052,0.2910083909559262,1.5504752877062205,3.2617134372142105,-0.31917297146031737
0.01486185842455165,0.008832809929953066,-0.0019452859195322383,-0.00810295718351127,0.2995051377167965,1.594607825384516,3.2716933360215656,-0.34834054381087814
0.014877156655560041,0.008837211610080185,-0.0019258061054486981,-0.008077712514727104,0.2914306692802393,1.5713477034162586,3.2565245095606756,-0.3395660802541037
0.014858166927964265,0.008817538964686684,-0.0019707360919959684,-0.008096805010984651,0.2999161810067699,1.6154721519134998,3.2663378433757795,-0.36874782737344497
0.014873475963547352,0.00882189888879035,-0.001951168994202831,-0.00807161897229733,0.29172135610219785,1.5921787803764536,3.251193898787168,-0.35992092803004055
0.014830985862161486,0.008710978821122076,-0.002148348694131437,-0.008051499873981884,0.3026376962239232,1.7606909063282454,3.2252040080853503,-0.5108736328656331
0.014846473650327395,0.008714972512987022,-0.0021281515718281356,-0.008026482550597501,0.29395981848098623,1.7370939902568556,3.210314160940601,-0.5014642975009066
0.0148350122143311,0.008726164497562944,-0.0021230264752843267,-0.008058213762631211,0.30150558539660904,1.7399768072703947,3.2314338460419223,-0.490718030140142
0.014850502494924499,0.008730222342820178,-0.002102891736537516,-0.008033131155390776,0.2938274705209078,1.7164302169185461,3.216516577532657,-0.4813092401800207
0.014838990856811767,0.008741362845101056,-0.0020976735668981226,-0.008064850642313121,0.3000860798393895,1.7192104016301322,3.2375811699223083,-0.47047566890934617
0.014854427471532412,0.008802279697245053,-0.001996159751798107,-0.00809057468017161,0.29984365437616267,1.6362752010933654,3.260864538275293,-0.38912225162145037
0.01486974673111964,0.00880660809914227,-0.001976498531843949,-0.008065455278942493,0.2920421892462484,1.6129816925497946,3.2457448949707595,-0.38023049691947614
0.014850640095209084,0.008787032289485816,-0.0020215579605489522,-0.008084265946830434,0.29943243505639444,1.6570177271941733,3.2552606249491363,-0.4094795496526446
0.014865980259790678,0.008791334117034793,-0.00200179308035447,-0.008059197122064108,0.2924996222844112,1.6337434601496306,3.2401688323650917,-0.40049630302217665
0.0148468048396387,0.008771796903417485,-0.0020469404048736213,-0.00807787639606006,0.29926115992181995,1.677736880111368,3.249513426598791,-0.4298308494399801
0.014862182411919792,0.008776063836599861,-0.002027064781794132,-0.008052823376139029,0.29296493729692147,1.6544537793466059,3.234453748015064,-0.42072558945520894
0.014842921746160495,0.008756573701192635,-0.002072310830923452,-0.00807140502283711,0.2993882059898607,1.6984614561292257,3.2436172492909967,-0.45016953709783913
0.014858344214330362,0.008760787688694675,-0.0020523335266825365,-0.008046341206241888,0.29336158712740074,1.6751262836759915,3.228603097849829,-0.4409307867853816
0.014854455581387196,0.008745503263143306,-0.002077610525997141,-0.008039765565646924,0.2936696589306807,1.695778393688357,3.2226204612294036,-0.4611245899495156
0.014886352812552905,0.00894002066470317,-0.0017666323079299658,-0.00814377459112838,0.29932345251775005,1.4474516369630714,3.3060129387935984,-0.20456709267573178
0.01489826939493741,0.008929376724969382,-0.0017731357688899774,-0.008112565814942208,0.2900425316782272,1.445890663935342,3.28578603903459,-0.21678837889356406
0.011239265381260763,0.005141600519072551,-0.008055945847410468,-0.0020548874933764114,0.7060011903500132,2.2265004148416563,-2.2532846757765124,-1.3042238841705507
0.011243426298807372,0.005157078253839507,-0.00807139406889475,-0.0020723548122559923,0.7180153181107768,2.2428767120741773,-2.266536946092001,-1.3085865507902144
0.011258637154898948,0.005161009143188232,-0.008064845619543033,-0.0020976945748317688,0.7214388408423528,2.261703462772457,-2.258362312919708,-1.3246286258275772
0.011254529445082914,0.005145534830575456,-0.008049406831928922,-0.0020801930126702717,0.7089229024524846,2.245176939529825,-2.2451283630686727,-1.3202137641651286
0.011273835502437062,0.005164987785668902,-0.008058218951509438,-0.002123008286335485,0.7250810255987966,2.280496914684856,-2.250062048428659,-1.3406658615365263
0.01126978842318739,0.005149504394301024,-0.008042768210097985,-0.0021054802056934756,0.7116898841253853,2.2638386564530637,-2.236829188743597,-1.3361956906300707
0.01128902117887793,0.0051690141378385145,-0.008051510174890877,-0.0021483106838625257,0.7281927115425338,2.2992699223185378,-2.2416215280367573,-1.3567418740068409
0.011285044584171164,0.005153500386137117,-0.00803601933171203,-0.0021307449277223225,0.7144123203279812,2.282477807437033,-2.2283758978981574,-1.352164102490576
0.011304194021561008,0.0051730881555466,-0.00804471678283533,-0.002173610966294721,0.730342181649665,2.3180481275137317,-2.2330408962975223,-1.3728538564167565
0.011300294409157585,0.005157535076100198,-0.00802917691224341,-0.0021559889265433496,0.71728768040971,2.3010933434843506,-2.219792743271586,-1.3680981044782976
0.011319353867715836,0.005177209793932224,-0.008037841279330242,-0.0021988996171077315,0.7321149237278374,2.3368435459226498,-2.224340702576221,-1.3889414151083717
0.011315527320991114,0.0051616341054933875,-0.008022276703646245,-0.002181215143776473,0.7203144172082342,2.3196861959169492,-2.211122490403074,-1.3839743396374373
0.011235159841492546,0.005125639717888751,-0.008040598693870573,-0.0020373807446585636,0.6998816035496497,2.2049752560572426,-2.2428735540958615,-1.2936567019549197
0.01109696322891083,0.0050929949323244095,-0.008096282564488038,-0.0018098351013445416,0.6712441360327621,2.0380696754216934,-2.3112032652802785,-1.1496079597754736
0.011081567112678799,0.005089552306405668,-0.00810199146233972,-0.00178443949377698,0.6677526956823848,2.019428282798182,-2.318182398079679,-1.1334882441005385
0.011066180716432068,0.005086042130109055,-0.008107472599355984,-0.001758986084966803,0.664261386543367,2.0007000307127427,-2.3249342924179968,-1.1173462143557062
0.011050721814819926,0.005082698864355838,-0.008113048922095814,-0.001733494883857365,0.660810645913675,1.982015764607368,-2.3317235312646143,-1.1011567613036972
0.011108000261555326,0.005080530493389235,-0.008074691156767401,-0.0018184200308578042,0.6661945989333854,2.0381424454811685,-2.29235253534327,-1.1583645586238605
0.011139017454063427,0.005087417245691253,-0.00806250420435744,-0.001869119371081564,0.672738405223511,2.0750790504774455,-2.277568308260271,-1.190463399528569
0.011123590475974639,0.005083704909989468,-0.00806830389801639,-0.0018437346376087452,0.6693720770046707,2.0564703805214575,-2.284741375803986,-1.1744489007970296
0.011231146115675751,0.0051090408131112845,-0.008024213207972421,-0.002019594448678465,0.6911310401896519,2.18473281397428,-2.2308414735089332,-1.2854871677379673
0.011215756747600515,0.005105121435128332,-0.008030613226329376,-0.001994341558697025,0.6880719430505002,2.1662492763058125,-2.2387746507989514,-1.2696055919695555
0.011200298142887108,0.0051013981333983245,-0.008037144286810292,-0.0019690874791630166,0.6850342064124179,2.1478401366495565,-2.2467715204846503,-1.253680743916895
0.01118482343426658,0.005097948774259751,-0.008043859049809199,-0.0019439585883099222,0.6820648713766166,2.1296257665109715,-2.2548644322878086,-1.2377801937769768
0.01116945222056357,0.005094699344015691,-0.008050589940396471,-0.0019190749086817644,0.6791453830974893,2.1116426963091257,-2.262902991914155,-1.2219967289963451
0.011154217065313596,0.005091276610074767,-0.00805688363151582,-0.0018942332323758292,0.676087342308168,2.0935692268848745,-2.2705276270485943,-1.2062731932272557
0.011046177896903554,0.0050667655639508305,-0.008097199206727758,-0.001716936262780305,0.6523514623391177,1.963991679593786,-2.319867431797011,-1.0941456917510008
0.011451679074617306,0.005200594924376688,-0.007956772226635591,-0.0024066981160361985,0.743021734038038,2.4855453053079732,-2.1278092191399973,-1.525185559017917
0.011455180736571003,0.005216439712524502,-0.007972463299011016,-0.002425260013278348,0.7551722442135871,2.5041618275317843,-2.1408208486118125,-1.5314838748555222
0.011515176111420451,0.005235103217132527,-0.007941358907093337,-0.002525248072172164,0.7642285943729258,2.5778084611838414,-2.100492765168677,-1.5939120844653492
0.011526900599357884,0.005223995759264143,-0.007917670807708532,-0.0025313055199995844,0.7541173641595195,2.5766302661141114,-2.077295868781231,-1.6022490265124831
0.011530137799930005,0.0052398867331516835,-0.007933385872438806,-0.002550185557009763,0.7662857335892627,2.596127824712904,-2.090082499717504,-1.6094249982555897
0.011500199429168908,0.0052303667150690415,-0.007949252064926035,-0.0025002901961472357,0.7619618031316989,2.5594605574797784,-2.1107648162743375,-1.5783801205008319
0.011511864761704677,0.005219220799337311,-0.00792566580263103,-0.0025064055374407427,0.7520131915334347,2.558470270924648,-2.0876679793987463,-1.5868922498871207
0.011485207893971859,0.005225677271938598,-0.007957066906430395,-0.002475307128977825,0.7596892325347105,2.541073658847846,-2.120906871312136,-1.562810225502557
0.01149683039750661,0.005214493017066501,-0.007933568296306709,-0.0024815018937959133,0.7498729581063027,2.540282907832603,-2.0979000929030893,-1.5715068908674044
0.011466742309338451,0.005205178435292015,-0.007949115893626998,-0.0024316529742035176,0.7454030185899717,2.5038229945719794,-2.117964179776249,-1.5406552455969906
0.011470201646392161,0.005221034932232108,-0.007964803762993498,-0.0024502978195351708,0.7573971897852654,2.522641162670567,-2.130923534508027,-1.5471842717265956
0.011481791251336667,0.005209812181902522,-0.00794138354853783,-0.0024565865097327354,0.747672289597256,2.522067849032386,-2.107997070626721,-1.5560944944332409
0.011379860028177457,0.005194171632003687,-0.008009584865948462,-0.0022996975791723367,0.7449022256724186,2.4116305862768463,-2.188557554911538,-1.4522646023358134
0.011391253159839868,0.005182923155785463,-0.007986841689143305,-0.002306740962376548,0.7329465211639553,2.412118955616503,-2.166236292190126,-1.4627435550087426
0.011334500554468824,0.005181379007421065,-0.008030887889368987,-0.0022241611405055253,0.7341583755163059,2.35563684884417,-2.215540511052114,-1.40493568456933
0.011330731768950192,0.005165808229891308,-0.008015338228439193,-0.0022064167784771275,0.7233165894503025,2.3382501620364855,-2.202384059666158,-1.3997878383622775
0.011349633918850096,0.005185595749722576,-0.008023860227252334,-0.0022493827238352928,0.7369007255969997,2.3743884761857634,-2.2066499397957493,-1.4207984204427653
0.01134589943833991,0.005170048186729031,-0.00800835684411056,-0.0022315773833650504,0.7261392194779527,2.3567775208478454,-2.193567219262586,-1.4155507082316665
0.011364753797800305,0.005189859973827203,-0.008016760308553137,-0.0022745575766179747,0.7406761440578556,2.3930587609431226,-2.197665102777144,-1.4365469624942253
0.0113610312403167,0.005174331186163404,-0.008001306804490217,-0.0022566829479010934,0.7286455676015563,2.3752635522749235,-2.1846350813111783,-1.431284380189345
0.011376142447954547,0.005178627121303425,-0.007994144428636385,-0.0022817322778715438,0.7308252887598071,2.3937080104222943,-2.1755333346966204,-1.4470135215030921
0.011448229901912159,0.005184211007767046,-0.007941117882353481,-0.002387980516662644,0.7371126015919285,2.4615165250146442,-2.118066118935061,-1.5131723154401422
0.0114330834582281,0.005179750517324636,-0.007948789285462868,-0.0023631002603230894,0.7348392016030315,2.4434205217169307,-2.127786579666546,-1.4977339158256926
0.011402739451928635,0.00517122894033773,-0.007964198301368809,-0.0023134583792154095,0.7301925062802984,2.407419788284775,-2.1470858656907144,-1.4668507593922244
0.01141790658259353,0.005175424784924348,-0.00795649570545767,-0.0023382431118432715,0.7325496747484938,2.4253810337619015,-2.137471466083905,-1.4822841979571317
0.011678898899739068,0.005290297410190857,-0.007849351077431644,-0.0027981673808355734,0.7823989310334029,2.7769922564780067,-1.9790865908964157,-1.761230034317445
0.011664094939289063,0.005285046338188198,-0.007858108159838346,-0.0027734791984134663,0.781278019871304,2.7590851630150475,-1.9907536323131858,-1.746291341662512
0.011676320299484755,0.005274518331375847,-0.007833689659196015,-0.002778914117601529,0.7732409763549365,2.7556435686050578,-1.9670843472702797,-1.7530726066380626
0.011649274565685588,0.005279841802758873,-0.007866795459849455,-0.00274874158566448,0.7813661057259204,2.7411588376810676,-2.002346293543395,-1.731191162328346
0.011661464832339458,0.005269229299915887,-0.007842395641945001,-0.002754270157293798,0.7712687522913287,2.7379652157583525,-1.9786090675987544,-1.73826573422824
0.011634437921711378,0.005274683853955189,-0.00787540146603595,-0.002723987193111318,0.7811536508668052,2.723259994805718,-2.0138092595070844,-1.7160417279269105
0.01164655763462972,0.005264031186541853,-0.007851104533462957,-0.002729594740132232,0.7691507279578439,2.7202300106143937,-1.9901036208373093,-1.7233552589689738
0.011541941293151878,0.005228823907952457,-0.007909586731352836,-0.002556210648952227,0.7562754745705518,2.594764239615668,-2.066791577445977,-1.617571072770964
0.011545084353673888,0.005244717217658646,-0.007925330623140305,-0.002575109774731542,0.7677450338031981,2.6144344398998065,-2.079527041867885,-1.6249228717952249
0.011560015631407596,0.005249594624691072,-0.00791719384574378,-0.002600018503807375,0.7686713622222873,2.6327397502796788,-2.0688362008918193,-1.640370924231279
0.01155697775372558,0.005233719945298808,-0.007901437148355754,-0.0025811213049002075,0.7585550484769938,2.612871993995604,-2.0561854791960488,-1.6328436747565995
0.011619585149978953,0.005269572541305845,-0.007883916459118944,-0.0026992442181329613,0.7789844581993878,2.7053550674870332,-2.025086675088935,-1.700956963202376
0.011631638634041777,0.005258923466226538,-0.007859780163715207,-0.0027049347579190253,0.7673389081599594,2.702475347244476,-2.0015384198629973,-1.7083590166425555
0.011574931491672196,0.005254518907788254,-0.007908981021098634,-0.002624895122102355,0.769895353315191,2.651028474148898,-2.058038313955797,-1.6557052348929886
0.011571986623947102,0.0052386929601328,-0.00789325180400556,-0.002606015718689994,0.7608388151456725,2.6309407153545776,-2.045508963454084,-1.6480498134684802
0.011589831792800683,0.005259490019987283,-0.007900697579750933,-0.002649723581508081,0.772097976813613,2.669253930219163,-2.04715572087004,-1.6708858777067466
0.011586946693439572,0.005243727683242751,-0.00788503248325962,-0.0026308548108645922,0.7628972596857025,2.6489437660830055,-2.034755726951762,-1.6631864452866243
0.011604716392924314,0.005264507913819307,-0.007892344663250131,-0.0026745008383562995,0.7753830094324009,2.6873674699850145,-2.036184573900987,-1.6859384882078416
0.011601856463016225,0.005248792078515961,-0.00787674603003778,-0.0026556100458460675,0.7645852095754058,2.666861584003015,-2.0238793055400457,-1.678268685680427
0.01161674136466915,0.005253857795512532,-0.007868339886924364,-0.0026802887700273764,0.765947490639152,2.684697133474437,-2.012816579891796,-1.693321839242622
0.011924233090986615,0.005354487431283882,-0.00765790988328477,-0.0031718787998819705,0.7870117587445647,3.0174024580030445,-1.7447248644629083,-1.9806593655077729
0.011909596067937117,0.005348435808994621,-0.007667973759443906,-0.0031477880560783593,0.7863116417137116,3.001032283174276,-1.7583176128237845,-1.967036773460744
0.011894896397791671,0.005342561413839147,-0.0076781535558805925,-0.0031237593254861734,0.7855539504665902,2.9847697369716193,-1.7719148608774595,-1.9534102420433133
0.011840618209004684,0.005351115767339395,-0.0077479990495347905,-0.003067664585364349,0.7985872874230223,2.968826944087662,-1.842537258779564,-1.9211330370629571
0.011853065920439096,0.005341134468052489,-0.007722865412152647,-0.0030717698834947615,0.7882118403756487,2.9623795195110287,-1.8184168537743142,-1.9261159339652465
0.011826004259357795,0.005345356249420673,-0.007757592009051553,-0.00304332389312207,0.7966892055496838,2.951732982671979,-1.8555353273966884,-1.9070518362220448
0.01183846094920181,0.005335328934477873,-0.007732494241500504,-0.0030475581306271104,0.7874232172051999,2.9455422962785796,-1.8314719526358434,-1.9120551846661595
0.011880239233712021,0.005336733861604604,-0.007688190082331631,-0.003099769034655655,0.7846429126526225,2.9684495475320776,-1.7853266813190845,-1.9397402712202558
0.011865634810185497,0.005330911064933432,-0.007698027429900291,-0.0030757848767329556,0.7836431713669446,2.9520150898469883,-1.7985159839079763,-1.926005649294919
0.011811372316490652,0.005339642682041292,-0.0077671128095034665,-0.0030189421204687926,0.7952570155527101,2.9345198138196324,-1.8684314207644774,-1.8928450705278737
0.011823841095969699,0.005329548703780928,-0.007742021706756925,-0.003023299728901686,0.7864859271419316,2.9286223982387525,-1.8443670732340787,-1.897945500111483
0.011796722524648846,0.00533397512121726,-0.007776561501451163,-0.002994518879360319,0.7942957414621917,2.917207118203052,-1.8812351560493272,-1.8784860783107264
0.011809188892731868,0.005323803280819343,-0.007751475452556872,-0.0029989840646564886,0.7853300756259611,2.9116184533362843,-1.8571309954515682,-1.8837784996937994
0.011693686304088879,0.005295594968187609,-0.007840527385660318,-0.002822797566715179,0.7848975121770408,2.794803150370761,-1.9673537066597155,-1.7759854625551832
0.011691114507238065,0.005279859856951762,-0.007824953255067877,-0.0028034819544686244,0.7747978310207838,2.773230392018568,-1.9554785060245428,-1.767797620816742
0.011938754782115993,0.005360702297352862,-0.007648006940406119,-0.003195960015434043,0.7878072927045324,3.033846071861422,-1.7311818448670773,-1.994245134612344
0.011969569290156197,0.005389053528403162,-0.007642577770556891,-0.0032645378155436275,0.7940014950941033,3.0941773926133482,-1.709000169784147,-2.0358734669479674
0.011971310217633164,0.005405009681636416,-0.007658195990948041,-0.003285435634612851,0.8075722113198859,3.1187477868122095,-1.7193594879070977,-2.0457090689584403
0.011953282748688893,0.005366810835985257,-0.007637836131306086,-0.003219867693800007,0.788611380360766,3.0499736034535654,-1.7173975806319783,-2.0076556945941744
0.011967871796876514,0.005372784213624369,-0.00762730300653914,-0.003243625895494068,0.7892781140161141,3.065743772392618,-1.7033030636888797,-2.020884944081893
0.012014529515234592,0.005423792964446574,-0.007626862925127334,-0.003357531404001223,0.8062095980066991,3.1673910763825166,-1.6759083602371778,-2.0860234038087198
0.012000142764298623,0.005417486615139694,-0.00763737576813706,-0.0033335482502546026,0.8058164726092775,3.1512350244546377,-1.690469936534705,-2.072757578195813
0.012012980519118576,0.005407846244512152,-0.007611259230801268,-0.003336407585906073,0.7965408513313569,3.142253826359823,-1.666048385570243,-2.075628004892772
0.011985736283431544,0.00541122549991139,-0.007647823875130428,-0.0033095077388691878,0.8067029159004879,3.135006875834089,-1.7049686622127975,-2.059296130900414
0.011998553706267326,0.005401499883739829,-0.007621709592690844,-0.0033124689497300483,0.7957784725039296,3.1262901409296844,-1.680415030968306,-2.062471705822272
0.011984076452143833,0.005395233618040566,-0.007632154354388416,-0.0032885033457294567,0.7948285575456371,3.1102595090030003,-1.6947347434125424,-2.049221405078414
0.012028896391215734,0.0054301444843724254,-0.007616286245077219,-0.0033814553961806202,0.8079037180556606,3.183411013437686,-1.6612766056478767,-2.0991102607668455
0.012027364557798506,0.005414235809690394,-0.007600755838975584,-0.003360287522383161,0.7968638954328894,3.1581100131036393,-1.6515735763467922,-2.088703856775897
0.012043243247200375,0.005436541110871047,-0.007605634180879104,-0.0034053465791609987,0.8091944596018715,3.19926778690114,-1.6465196565722968,-2.1120986828934885
0.01204173454258829,0.005420637767466728,-0.007590135919375588,-0.003384104059427575,0.7969502014722019,3.173836043737989,-1.6369236144953,-2.1017120819099344
0.012056102548618072,0.005427063483797457,-0.007579398711630581,-0.003407881328925015,0.797145245776421,3.189457228564287,-1.6221072565153623,-2.1146490575806918
0.012057569938134772,0.005442982779307932,-0.00759490233844739,-0.0034292149393931985,0.8095988791493244,3.214991664743747,-1.6316126863139406,-2.1250330830918402
0.012070460250342077,0.0054335319236832776,-0.007568573280923551,-0.003431632396168539,0.797347304979852,3.204987592758537,-1.6071573692759034,-2.127497461568884
0.012071876318959049,0.00544946942445865,-0.0075840981479325656,-0.0034530439769902654,0.8103501076782661,3.2306103758348876,-1.616573000789386,-2.1379135435421213
0.012100427570042293,0.005462577381044804,-0.007562265991822084,-0.003500598377895384,0.81191194653127,3.261504711739075,-1.5860592600426449,-2.1636123619781498
0.012113463904590437,0.005453088012748266,-0.007535469861524341,-0.0035025930508591897,0.7974999767103429,3.250794679857266,-1.561417259940298,-2.165386313087307
0.012114672150203704,0.005469198559067851,-0.007551224866438465,-0.003524352014195358,0.8111933488247939,3.276815840133058,-1.5705580250757023,-2.1764546159640177
0.012086162244613062,0.0054560009805072595,-0.007573222421131888,-0.003476831831622147,0.811532686238643,3.2461145138550287,-1.601397312651495,-2.1507617330404334
0.012099138938482542,0.005446541128232687,-0.007546607307121701,-0.0034789845656031,0.79730481218229,3.235652260967932,-1.5768041504441752,-2.152872206728002
0.01208480436023713,0.005440029439946135,-0.007557649094243483,-0.0034553384104098156,0.7973410529142008,3.2203936350473454,-1.592061165859486,-2.1402417545008396
0.012127776737048684,0.005459704116132494,-0.007524273466758695,-0.003526202085345574,0.7978796966563961,3.265863548828713,-1.545937984641956,-2.1777924742536467
0.012128895840071584,0.005475864446977091,-0.007540103021941111,-0.003548083890565761,0.8100456559459742,3.2920813249648515,-1.5549174362189018,-2.1892373769693645
0.012143098494643411,0.00548257497657602,-0.007528903860479704,-0.0035717865343824983,0.8087161283068589,3.3073048412000468,-1.5391579557977637,-2.201903524817501
0.012142074316801895,0.005466405757060818,-0.007513036806863132,-0.0035498295292931367,0.7983198004100999,3.2808744950702136,-1.5303824514121775,-2.1901029710649644
0.012157279968945644,0.005489330079069643,-0.007517630954467467,-0.0035954523752924753,0.8073950351125182,3.3224708994948426,-1.5233019024373882,-2.214395881594892
0.012156345487233162,0.005473195966844918,-0.00750177551384859,-0.0035734689369002477,0.7987740224865024,3.295829806110561,-1.5147653784449953,-2.202327276794976
0.012213791167466397,0.005516794822133637,-0.007471886570982402,-0.0036895758169238017,0.8101777625921303,3.381800854237096,-1.4592439354403481,-2.2623427943674526
0.012227047265616972,0.005507790783403827,-0.007444730320279369,-0.003690782486432427,0.7975931428109639,3.3688636246026396,-1.4352268087621398,-2.2621064309414574
0.01219969586105615,0.0055098621269662066,-0.007483422903524686,-0.0036661205641675483,0.8086302153970807,3.367243256294977,-1.4753768882713494,-2.250577827287017
0.012212957183131501,0.005500858868177032,-0.007456352637371075,-0.0036674908033505435,0.7982314037539872,3.3545730478993536,-1.4514530619616588,-2.2503431441999684
0.012185578797026964,0.00550297372456129,-0.00749488923872271,-0.003642621588608358,0.807326077732932,3.3524868009171627,-1.4914097777070363,-2.2387119530161943
0.012198866695238147,0.005493925618438303,-0.007467831189517747,-0.003644127128688167,0.7988120604823385,3.3401215619297893,-1.4674847626587237,-2.2384821118055487
0.01217144011803954,0.005496129685063255,-0.007506291325053749,-0.0036190668929927347,0.8068142175860552,3.337547958776946,-1.5073804866568608,-2.226666941598859
0.012184744769976113,0.005486988081639399,-0.007479200524669992,-0.0036206591833246008,0.7991329741235149,3.325496991133185,-1.483351221325915,-2.226522643859084
0.012170572355780798,0.005480066390444888,-0.0074905023134923835,-0.003597093511371479,0.7991069999721269,3.3107177880012313,-1.499096179050473,-2.2144685300086366
0.012240498848957374,0.005498413039185608,-0.007417665431249166,-0.003691736821557713,0.7929671085014235,3.3524022793327286,-1.4160171869926474,-2.257539787756567
0.012254705101537956,0.005505287688605604,-0.00740561789754591,-0.003714785017609032,0.7926554162143354,3.366079106928648,-1.3996322306404905,-2.2688605833126942
0.012367365557503278,0.0055959586381203,-0.007339949004242089,-0.003945529767099334,0.8054496779404375,3.5344073493351025,-1.273384076574893,-2.3862291158567372
0.012380857890898274,0.005587448472340273,-0.007312215152824465,-0.003945419798545658,0.792609628325347,3.5188378272811494,-1.2498337954272294,-2.384281239215703
0.012381189378714536,0.005603417561025714,-0.007327528581399726,-0.003968549099842312,0.8055486185331063,3.547424862561033,-1.2558839793981984,-2.396752514297445
0.012283936727298522,0.005552120389927701,-0.007412986887158384,-0.0038065309073377893,0.8059396928594541,3.452873347845854,-1.376173046739912,-2.3207851612856727
0.012283457891846004,0.005536047201331432,-0.007397260975848134,-0.0037839336121026188,0.7969951030395269,3.4250279388628306,-1.3690301425023599,-2.308061597137733
0.012297898706704346,0.0055593174473143785,-0.0074009879491876455,-0.0038298081643001057,0.8053944571313348,3.4668609904310723,-1.3592401009360995,-2.3320995984355677
0.012297472733117135,0.005543293513098708,-0.00738532165025698,-0.0038071894469578,0.7967996346225189,3.4388421447969226,-1.3523338233398576,-2.319261503411863
0.012268958282446804,0.005512306406232154,-0.007393504994553205,-0.003737990156217078,0.7922367814197527,3.3798174255859945,-1.3830802493800782,-2.280186232881467
0.012283173836571291,0.005519508950942296,-0.007381477262107478,-0.003761326121192283,0.7917847939807213,3.39368837691343,-1.3664705220275595,-2.2915293275518303
0.012394724193790339,0.005594907979343034,-0.007299662970421477,-0.003968297107008051,0.7916195357006898,3.531657748324754,-1.2322603231364875,-2.394714862334365
0.012394989703775481,0.005610919877832095,-0.007315033954791275,-0.003991532817922906,0.8055288178741394,3.5602970298441847,-1.238228913824288,-2.4072505268212634
0.012408603984805165,0.005602400788963776,-0.00728697981079256,-0.0039911511780046744,0.7907394735330427,3.5443185125747,-1.2145384984418401,-2.4050098812048883
0.012408766398519252,0.005618465515670955,-0.007302455426006926,-0.00401449851214428,0.8043220602647595,3.5730459032132784,-1.2203909514532258,-2.4177428522533755
0.012422519328812413,0.005626054401169323,-0.007289791904675683,-0.004037447967190468,0.8018087739208183,3.585714379213551,-1.202387943720602,-2.4281858365178306
0.012422480055808057,0.005609953668292834,-0.007274214037449603,-0.004014002023353395,0.7901991107245139,3.556861288859398,-1.1967243308955282,-2.415166323395113
0.012436248360560216,0.005633686460448853,-0.00727705792292989,-0.004060354788820367,0.7996212042865634,3.5983219540648563,-1.18428874319975,-2.438491218932583
0.012436318345224046,0.005617592138149,-0.0072614350425089244,-0.00403685700334351,0.7898082295425267,3.5693264649263736,-1.1788806827149048,-2.4251924025282823
0.012449953359711831,0.005641361619124992,-0.007264263499537764,-0.004083201004203862,0.798670226553921,3.6108281028418907,-1.1661391946993667,-2.4486083390658644
0.012450101495107425,0.005625299872051123,-0.0072486502299526955,-0.00405968247747288,0.7891727775707543,3.5816845967350273,-1.1610048284107057,-2.4350919191724505
0.0124636341922656,0.005649079802306204,-0.007251402842070782,-0.004105997044906603,0.7981069906845498,3.6231784454778286,-1.1479280712511997,-2.4585495114461198
0.012463838623139616,0.005633041810058071,-0.007235814688102325,-0.004082438811267298,0.7882576151413588,3.5938829765314,-1.1430481143533298,-2.4448657899616832
0.012477290724274195,0.005656840934593226,-0.007238467862528995,-0.004128757338988197,0.7971090231326979,3.635360432258508,-1.1296317044791178,-2.4683401430802787
0.01247754220104061,0.005640809087097191,-0.007222904388187218,-0.004105122559340935,0.7872953918673843,3.6059181776714992,-1.124986781775713,-2.4545191636884898
0.012490922821849838,0.005664644940078422,-0.007225458787750924,-0.004151481545055129,0.7958412365974258,3.647391964265941,-1.1112484964249925,-2.477984519655815
0.012491215558448218,0.005648615974704771,-0.007209928834399017,-0.004127755718814661,0.7863826190827027,3.617818054087643,-1.1068283451618426,-2.4640580842362634
0.012504530351169442,0.005672491742345133,-0.007212379706140873,-0.004174162522761788,0.7947376566075709,3.6592826842181707,-1.09278587153622,-2.4874773366897984
0.01250485996991429,0.005656472518007244,-0.007196895023282559,-0.00415035415259633,0.7854335093719867,3.629595580970689,-1.088578798289536,-2.47348499343124
0.012518113178479767,0.005680381264467138,-0.00719923134909753,-0.004196798975484904,0.7938129289339123,3.671026346657546,-1.0742405564805797,-2.4968229262377046
0.012518479669390346,0.00566437563238606,-0.007183793620933423,-0.0041729175299183435,0.7843795748641132,3.641239440626664,-1.0702306547152831,-2.4827963735181915
0.012531671170102522,0.0056883134290081185,-0.007186010719123256,-0.004219396045264603,0.792734856123272,3.682616755586745,-1.0556012408361952,-2.5060306713173603
0.012532077573687468,0.005672319680637632,-0.007170615490674552,-0.004195440017695212,0.783261870395627,3.6527377445227374,-1.0517797521724492,-2.491987150482601
0.012585652109060671,0.0057204669447578635,-0.007132441861311896,-0.004309330594556621,0.7895620942543579,3.7274266283360578,-0.9802925615944091,-2.5413407990957277
0.012599578600153835,0.005712598406789939,-0.007103764872389013,-0.004307232724420496,0.7766050388264002,3.7079664776098036,-0.9582345626228443,-2.5360162534761828
0.012572194795293826,0.0057123649951210465,-0.007145928539942316,-0.004286929103785104,0.7894148164073052,3.716486206945254,-0.9992108877131506,-2.532737475533662
0.012586126366921696,0.005704500313034751,-0.007117314977172481,-0.004285016531281895,0.7782714682727471,3.6972849612351735,-0.9771656620396364,-2.5274865645043048
0.012558712111977541,0.005704305373048565,-0.007159353026937459,-0.0042644716051979436,0.7899514116523024,3.70535220056183,-1.0180637936621697,-2.5240012875200466
0.012572669062320088,0.005696409621282563,-0.007130736467046318,-0.004262722558166561,0.7798190325110276,3.6863933918254914,-0.995951667840561,-2.518810550658232
0.012545204192439475,0.0056962881580212045,-0.007172716314578176,-0.00424195632133633,0.7913076420621087,3.694057475184295,-1.0368681236847999,-2.515096751047159
0.012559181231385828,0.005688337917946245,-0.007144075130011169,-0.0042403505022472745,0.7810765093460493,3.675316069926525,-1.014630140329191,-2.5099966700528236
0.012545648813884959,0.005680305773036849,-0.007157368962760845,-0.004217918870439058,0.7821668982133119,3.6640934774986254,-1.033238916988589,-2.5010542258837876
0.01261368270044882,0.0057043691514241214,-0.007075254260195954,-0.004304824224023967,0.7719644718075912,3.685817283065566,-0.9418297100528311,-2.526979747051086
0.012627214228291292,0.005712391289437219,-0.00706132944702767,-0.004326676850151365,0.7706186730896949,3.6957918580077727,-0.9229347334212484,-2.535010839446979
0.013365062028268452,0.006301844034399604,-0.006163507703777527,-0.005608317650120718,0.6577730092733602,4.080353920948758,0.3186770580309429,-2.7930903009244887
0.013353427294859525,0.0062912906047937495,-0.006181082835348903,-0.0055889417986588275,0.6595530853130911,4.080119505305682,0.2967891797475377,-2.793798378550679
0.013368622553230548,0.006286233246391709,-0.006150930923311231,-0.005579312324339675,0.647719614140995,4.050094903887651,0.30936086028871995,-2.779831023410255
0.01334175946609366,0.006280773780640197,-0.006198594847291433,-0.0055695130710476,0.6610187099717619,4.07965247267563,0.27491310071399794,-2.7943747829312393
0.013356947732720894,0.0062756986305392,-0.006168454082964397,-0.005560037660920406,0.6507196721476204,4.049809710053164,0.2876442341458853,-2.7805042168012406
0.013330058657620065,0.006270293666143453,-0.006216064209540383,-0.005550008780861541,0.663918296011111,4.079015749991496,0.2529945047634033,-2.7947819567334498
0.013345255397180171,0.006265168982433053,-0.006185876784198927,-0.0055406541135041,0.6535177525756729,4.0492616670791,0.2659468281730271,-2.7809890914154756
0.013318324985389799,0.006259850365114014,-0.006233483304458674,-0.0055304373820182036,0.6677721931805394,4.078247765400907,0.2310561579548774,-2.7950084511230116
0.013333513415963673,0.006254671832595756,-0.006203265092733118,-0.005521209616982075,0.6559512838731835,4.048535792500913,0.2442393181132181,-2.78131810517216
0.013259167746885668,0.006208189667499154,-0.006319571050778777,-0.005431857076116158,0.6798708881074079,4.071365048261854,0.12159298400934314,-2.7938066043691925
0.013247239343570829,0.006197969404967169,-0.006336629292707601,-0.005411947885908462,0.6843488939887331,4.069522442593796,0.09962193232920756,-2.7929891752014346
0.013262344308595618,0.006192476442368116,-0.00630637540145483,-0.0054034192188554325,0.6714110790283635,4.040537761565218,0.11419186784325945,-2.7800239361435497
0.0132352788963271,0.006187786671370488,-0.006353607190856934,-0.005392006068279055,0.6875012301761659,4.0675292994342565,0.0777265525641835,-2.7920342175812145
0.013250314693443415,0.006182264402411131,-0.006323448784300565,-0.005383634358423117,0.6736584297769576,4.038671909352328,0.09250051625480049,-2.7792992759827473
0.01322328652339887,0.006177641567294451,-0.006370503678115372,-0.005372033033004574,0.6892988423416243,4.065329022849258,0.05593228086162549,-2.7909896390698425
0.013238257394579728,0.006172109429389728,-0.006340464244195252,-0.005363827650209406,0.6763096101368175,4.03666282687328,0.070808822808415,-2.778411749770888
0.01321126234330156,0.006167534192912692,-0.006387332635093795,-0.005352012572251275,0.6910203773838962,4.062907887471871,0.03420944519951792,-2.789852645126409
0.01322619364469993,0.006161979521897234,-0.0063573692669866635,-0.005343948114924764,0.6791151983264226,4.034420515136168,0.04914850338169077,-2.7773282326226503
0.01275822809906034,0.005829607002505161,-0.0069505414167723885,-0.004596958826064864,0.7695976609605587,3.8559246486110204,-0.7255667258681281,-2.6419707282581
0.01277245597397792,0.005822337083839797,-0.006921335114671545,-0.00459327411812569,0.7570054899177925,3.8337452085767194,-0.7048402345999655,-2.6346140600695236
0.012771316304873213,0.005838292905748426,-0.006936081014641579,-0.004618748355555219,0.7691775183609662,3.864646679860565,-0.7054542027903586,-2.6487242258618315
0.012745112669881743,0.005820962260321794,-0.0069649397998673415,-0.004575113993298141,0.7705551928578882,3.847011061153433,-0.745595862440947,-2.635111930573261
0.012759312153989002,0.005813658661025101,-0.006935800503807504,-0.004571552391916555,0.7590331423927185,3.8250469522044006,-0.7248158422504881,-2.6278703173791764
0.012731970148814607,0.0058123587658461115,-0.006979282681649833,-0.004553203956917504,0.772728193619931,3.8379520582303788,-0.7655704077340424,-2.628107958701409
0.012746155120562359,0.00580500475134135,-0.006950161996315928,-0.004549769243755719,0.7607469249858277,3.8161373920007278,-0.7446872158701708,-2.620964466057805
0.012718800667499657,0.005803796605215207,-0.006993556965876554,-0.004531248710055034,0.7749123264675427,3.8287575657843393,-0.7854583751559234,-2.6209738785760397
0.012732968715782896,0.005796408091565154,-0.006964470234346341,-0.004527965210868941,0.7622569288624083,3.807090469414446,-0.7644958141089592,-2.6139173096033974
0.01278560076358503,0.0058310261248146695,-0.006906735794413457,-0.004614917793776583,0.7550175798637463,3.8422065655683615,-0.6847490082787545,-2.6411822601235104
0.01278437715601145,0.005847019882893541,-0.006921539491227097,-0.004640511281882603,0.7674832092043339,3.8731663901569955,-0.685204334018182,-2.655414249250964
0.012797410521339082,0.00585578784627266,-0.006906912196589042,-0.004662254380217187,0.7643008445373723,3.8815367524002955,-0.6648132848145519,-2.662021972655375
0.0127987390917722,0.005839759477286142,-0.0068920408811418135,-0.004636529119613402,0.7533983598012446,3.850504427850461,-0.6645822430234247,-2.647590266199852
0.012810416269897774,0.005864596707708681,-0.006892213088741485,-0.004683956747633652,0.7610238685813625,3.889808224101175,-0.6443330608532035,-2.6684844463072035
0.012811849009880893,0.005848575343079254,-0.006877311310232836,-0.004658156902117519,0.7520013490203682,3.858712733971283,-0.6443833733141303,-2.6538631918323095
0.012639946353016964,0.005737141767257284,-0.0070624598950510195,-0.004373725075376973,0.7726512724833025,3.739067475511145,-0.9007486118798119,-2.5607297094625747
0.0126392250056941,0.005753296411412851,-0.007077718576713272,-0.004398630611756227,0.783069373035365,3.7695067813616956,-0.9032607468852616,-2.575117064458782
0.012652553475482135,0.005761608788737448,-0.007063844005517606,-0.004420877625222804,0.7800124864931509,3.77976622885017,-0.8837020756785717,-2.583285713018208
0.012653367744065268,0.005745473090352483,-0.007048583065788923,-0.004395908703265107,0.7716464489745188,3.7492219563426077,-0.8814602291754298,-2.5687014064464133
0.01264077781958029,0.00572052940038634,-0.007047311057001941,-0.0043486346496630565,0.7691812727811983,3.705729171203054,-0.9038764346187534,-2.54298013954492
0.012900672279216817,0.0059273963698165885,-0.006787562629770517,-0.004834361004872058,0.7491030468762269,3.9431719701542405,-0.5001556612324557,-2.7084695049257643
0.012915170720991796,0.005920593827873018,-0.0067579217260407285,-0.004829269893295712,0.7366228494938801,3.918645120564649,-0.4811408597152644,-2.699013507907012
0.012913452405312716,0.005936529182831808,-0.0067723337087447905,-0.004855671729133078,0.7464020033250945,3.9500362490694285,-0.47932092642313956,-2.7135896446859555
0.012836344393790973,0.005882336769500145,-0.006862636985443577,-0.004727183829199134,0.7568949611705308,3.905977458781686,-0.6032898926523136,-2.6808121175495163
0.012823394270911457,0.0058734463785158,-0.0068774548511297716,-0.004705599621748771,0.7586385382651392,3.897970742339654,-0.6238191193000556,-2.674751294005572
0.012837914292013239,0.0058664028413229485,-0.006847811371869807,-0.004701351052686254,0.7487314361201439,3.874770969195421,-0.6039256259484139,-2.6660105482003424
0.012824909129941895,0.005857467378252407,-0.006862573662118956,-0.004679781952302793,0.7504867370520073,3.8668205880198,-0.6241687148079315,-2.660006483598568
0.013089297407978533,0.006068557322679483,-0.006552285368984199,-0.005148748138276373,0.7145863305459059,4.028231791406688,-0.18209539030214897,-2.7693607574816324
0.013076931244923862,0.006058871466951213,-0.006568443189327765,-0.005128119291057553,0.7182557646450224,4.023830434899931,-0.20364669543070255,-2.766373186128883
0.01309182812840868,0.006052743729349223,-0.006538298742951456,-0.005121363945866194,0.706061494133694,3.9968886769048653,-0.18688617018111978,-2.7547008267006743
0.011234918705349843,-0.005125520392883889,-0.00804063240945624,0.0020369451321997634,0.6998279802640212,2.2045866490049324,2.2429497765093447,-1.2934012059356983
0.011250267310703277,-0.005129555625011828,-0.008034202187461884,0.0020623188797043064,0.7027588829722277,2.223280787700256,2.234905682550785,-1.3093895401230606
0.011081378850862965,-0.005089504856828382,-0.008102055877933412,0.0017841283834145406,0.6677453382194477,2.019164499381173,2.3182514863593,-1.1332923844395066
0.011096815056483286,-0.005092990674452912,-0.008096373726761107,0.0018096110151395708,0.67117500231607,2.0378819134981416,2.3112879731287346,-1.1494598600609758
0.011112192064510994,-0.005096548839857056,-0.0080906688221528,0.0018350197172305454,0.674627947433102,2.0565708482145517,2.3042678296103425,-1.165569777708315
0.011127566159413347,-0.005100012743631735,-0.00808471240407116,0.0018603310064221246,0.6780097995508033,2.0751258114519255,2.297006255786069,-1.1816297638622089
0.011142955048689092,-0.005103411288298541,-0.008078526549251118,0.0018855857049225547,0.6812168853266325,2.093580827029538,2.2895167672112398,-1.197656868844294
0.011158310658989668,-0.005106989871359954,-0.00807242772803825,0.0019108723779371645,0.6843699983431107,2.1121272078031392,2.282049750847639,-1.2136753455438336
0.01117359780610813,-0.005110718417658618,-0.008066406188468779,0.0019361234252509366,0.6875682362038588,2.130711864296307,2.2745992939284334,-1.2296519459260578
0.011188851389350413,-0.005114420035302905,-0.00806023380650159,0.001961273124752236,0.6907844651083545,2.149193422745732,2.2669861330709034,-1.245565893429948
0.011204143027465642,-0.005118049292044963,-0.008053807839179437,0.0019863932317976704,0.6939153622082169,2.1675850778044308,2.2591210384181295,-1.2614628005638207
0.011219510479586255,-0.005121701428980315,-0.008047210578147675,0.002011600721639187,0.6969183749758385,2.186010642437789,2.2510597497248224,-1.2774023936527372
0.011326721735351507,-0.005149505264903618,-0.007999822287925465,0.0021880310010359253,0.7170219360708784,2.3153655825918924,2.192187476094565,-1.388475975748344
0.011342132739733066,-0.00515370604943864,-0.007992659551370823,0.0022133794856414664,0.7195916633326486,2.333916008265948,2.1832198046033313,-1.4043636516857332
0.01126550820762486,-0.005133667497587812,-0.008027794706640874,0.002087556597163191,0.7057573553823926,2.2419087282560457,2.2268395479311667,-1.3252794314406315
0.011280702291987967,-0.005137682995052917,-0.008021166523286315,0.0021126208644660746,0.7087544428760905,2.260337947139348,2.2185589157608585,-1.341061472766998
0.011295945329789529,-0.00514159800047771,-0.0080142413722626,0.002137642853061698,0.7116489401687089,2.2786390443904927,2.2099896189944794,-1.3568124108013206
0.01131129448390447,-0.005145505473328211,-0.00800708173922681,0.00216276865443163,0.7144035150279836,2.2969543252500517,2.2011655217329564,-1.3726127942925404
0.011261382886197083,-0.005117406957635687,-0.00801198427154503,0.002069589463964478,0.6972576444220894,2.22158564767015,2.2153610044026535,-1.3168031532767632
0.011508871364315776,-0.005202924698502363,-0.007909922523984201,0.0024878675095275807,0.7460694132602056,2.5342068708834624,2.0780813539521037,-1.5749364614160195
0.011463309178288738,-0.00518923638282624,-0.007934007984524748,0.0024132051250539198,0.7396569309565425,2.4801890616418505,2.108672931520209,-1.5288345501376142
0.011478482111573705,-0.005193665079687399,-0.007925985716891052,0.0024380068676844867,0.7418730579066327,2.498109790584674,2.0985533178647877,-1.5441815285208749
0.01149368900525353,-0.00519822572154561,-0.007917937898359461,0.0024629185011507512,0.7439893647266674,2.5161270064564962,2.0883390621606934,-1.5595626062488213
0.01144820495875898,-0.0051847971251567865,-0.007941813296759366,0.002388441030604196,0.7373084791726606,2.4622186648786717,2.118552924626018,-1.5134839521995476
0.01138768001376828,-0.005167122184324383,-0.007971773420397446,0.0022888492507943353,0.727502679582494,2.3895220813752505,2.1565216486839804,-1.4515247640813695
0.011402783971549596,-0.005171473838808512,-0.007964446106421053,0.002313720190512797,0.7301110213431246,2.4077148346958683,2.147247005061321,-1.4670395536326577
0.011417946161804832,-0.0051757976225427944,-0.007956893880079212,0.00233860600747627,0.7325547000431908,2.425841343513859,2.1377353504563135,-1.4825375321634546
0.011433104013644826,-0.005180266225163124,-0.007949366217689732,0.0023635593329388587,0.7349181171616279,2.44405514977858,2.128180926496265,-1.49804394477962
0.011384280897798242,-0.005150862929802587,-0.00795580748330682,0.002270873632771619,0.7191249771299212,2.3683822293733843,2.145200488686885,-1.4426058431528965
0.011369291953449332,-0.005146060236339186,-0.007962329360450236,0.002245895474099658,0.7163367486810058,2.3499082631824018,2.1537115696516733,-1.427137400420644
0.011354013013207287,-0.005141289193500852,-0.007968975756930237,0.002220501877147458,0.7134802459573816,2.3311606077185583,2.162320473086201,-1.4113846460470751
0.011524009036934414,-0.005207732573471712,-0.00790192379946948,0.002512803449947167,0.7481246422176148,2.5523009198583746,2.0677735680816336,-1.5902734732213
0.011539086366437508,-0.005212659867224392,-0.007893968132361588,0.00253771698962877,0.7501505462407212,2.570413717573666,2.0574404293491297,-1.605565505984224
0.01155408072193192,-0.005217702661521567,-0.007886072625545776,0.002562577271808516,0.7521856651307751,2.5885265233872308,2.0471006172502944,-1.6207925659033808
0.01156900283169379,-0.005222787477138471,-0.007878145446759537,0.0025873348075958723,0.754252090974465,2.6065527420549945,2.036686855722854,-1.635924642999839
0.011583909127702687,-0.005227826335785844,-0.007870035944613699,0.0026119841789831923,0.756279063547868,2.6244137400920873,2.026080429937658,-1.6509565146733414
0.011598825223402288,-0.005232839340073154,-0.007861743316288907,0.00263657516774248,0.7581954758753033,2.6421484824753314,2.0152764229964455,-1.6659147473148048
0.011613706703819707,-0.005237899485720486,-0.007853391955678067,0.002661115227969847,0.760044306641864,2.6598200172470894,2.004373393573698,-1.6808038450949347
0.011521170574458327,-0.005190688071105755,-0.00788503602872645,0.002493716533351027,0.7393197699576549,2.5289997297011086,2.0562595122116387,-1.5802653519480092
0.011628531368918255,-0.005242979230602973,-0.007844972831747692,0.0026855497185358517,0.7618810126124941,2.67737583356794,1.9933698230120773,-1.695593389995073
0.011643358583226541,-0.005247993426551675,-0.007836333903959172,0.002709874988163495,0.7636705488465222,2.6947360441166155,1.9821442322459912,-1.7102784383932568
0.011658269989320008,-0.0052529595514185035,-0.00782741516059912,0.0027342103351848447,0.7653534167478374,2.7119723191349965,1.9706290755376334,-1.724926688380264
0.01167330459086866,-0.00525797082746043,-0.007818280316313929,0.0027586921179671583,0.7668889266769098,2.72923064352162,1.9588526045449057,-1.7396168732813526
0.011688411999793225,-0.005263129661290329,-0.007809091018068409,0.002783353368627527,0.7682877523390362,2.7466210077432325,1.9469314559555866,-1.7543744120996874
0.011703450653660477,-0.005268540585693656,-0.007800103566885056,0.0028081178992458585,0.769647634400885,2.76421001844152,1.9350799797841447,-1.769163733453503
0.01171831460334709,-0.005274177577066434,-0.00779139638659447,0.002832832802344818,0.7710881937973052,2.7819075945431404,1.9233857620005639,-1.7838977204757482
0.011733060574677004,-0.005279857791231711,-0.007782710432408688,0.002857393574513097,0.7726406439508425,2.799492381173714,1.9116620873914536,-1.7985057442278178
0.011747820394972547,-0.0052854176618244335,-0.007773730261344658,0.002881800557353745,0.7741897405864404,2.816798314577378,1.8996642025057262,-1.8129703586619048
0.011762636219738512,-0.005290873852706469,-0.00776443048822125,0.002906117141599898,0.7756019718137283,2.8338587708309295,1.8873690031299681,-1.8273176892569374
0.011777463898409835,-0.005296364214761242,-0.007755009409799772,0.0029304254074627883,0.7768650756667731,2.850842347247577,1.8749186891798966,-1.8416011394416942
0.011811372316490652,-0.005339642682041291,-0.007767131406981862,0.003018894853601956,0.7970716560194825,2.9341357747523715,1.8685555525093038,-1.8927761055656036
0.011809085337978436,-0.005323834713963853,-0.007751613770915649,0.002998893795466646,0.7851235163302138,2.9117279125349556,1.8572842104829999,-1.8835979363148965
0.011792244657502525,-0.005301976555647152,-0.007745626173548952,0.002954744469906082,0.77805375085443,2.8678497535656913,1.8624297088926347,-1.8558443776081506
0.011806940517738194,-0.005307691487052867,-0.007736300398662022,0.0029790106424294107,0.7792536541967118,2.884838144743871,1.8499255815433664,-1.8700163188297496
0.011826004259357795,-0.005345356249420673,-0.0077576159500287204,0.0030432629790043014,0.7992093930667,2.951256098811946,1.8556397331582393,-1.907067603008542
0.011823750981046835,-0.005329522083506747,-0.0077420850939801415,0.003023168826042742,0.7859194007637452,2.928693549929281,1.8444231112508067,-1.8977896288464076
0.011840618209004684,-0.005351115767339394,-0.007748010861865524,0.0030676341657060956,0.7994102412829763,2.9683018301122934,1.8425442765189668,-1.9213721743988816
0.011838420375164147,-0.005335230907440849,-0.0077324319636404544,0.0030474132768939827,0.7869109620040634,2.9455759459051323,1.8313899719658073,-1.911918795251837
0.011855214021089619,-0.005356921179222511,-0.0077383216057241855,0.003091994468766766,0.7986365163043935,2.9853336665328087,1.8293076032030953,-1.9356167076089301
0.011853081331113598,-0.005341013177422401,-0.007722722446062285,0.0030716639471560655,0.7883065200392084,2.9624236750892656,1.8182671801524004,-1.9259713941944232
0.011869791551180904,-0.005362772427933636,-0.007728564233290609,0.0031163036060520796,0.7991920941322851,3.002340944164493,1.8159908404577356,-1.9497012603960187
0.011867709788321962,-0.005346892509898177,-0.00771300558747219,0.003095919826439712,0.7896289500309007,2.9792371644040068,1.80509731310895,-1.9399403168754805
0.011884350654762893,-0.005368669455772492,-0.007718740889026277,0.0031405564086866033,0.800918301416561,3.0192518192751137,1.8025891815382156,-1.963622382799029
0.011882304942400758,-0.005352830830896156,-0.007703240620117488,0.003120143370566557,0.7905219702731938,2.995967369895592,1.791826734993198,-1.9538381573692547
0.01189889118724208,-0.005374612204472542,-0.007708844381048119,0.0031647708926995158,0.802584078084093,3.036024083116575,1.789068238663335,-1.9774365302565393
0.011896874562241882,-0.005358791007607603,-0.007693380879260628,0.0031443039644139734,0.7911797797203156,3.012587060059756,1.7784068752173907,-1.9676715517534957
0.010345251712533227,-0.005011934116815129,-0.00831329739108266,5.754529877393027E-4,0.4736418014138217,1.159292553747309,2.562588704769375,-0.35795533052243145
0.010338397251150178,-0.004997408988244971,-0.008297154923453266,5.612686017374396E-4,0.465042461785016,1.1496532528265604,2.5509145319318836,-0.35610649288129315
0.010329582549946167,-0.005010874290742818,-0.008315063259839552,5.493452094141345E-4,0.4681930620935772,1.1411684905662014,2.565073755817714,-0.34166807237872776
0.010322691726742788,-0.0049963126288401,-0.008298828489120356,5.352121534258372E-4,0.45988157556443493,1.131670850824934,2.5534097225620034,-0.3397781388008061
0.01031391016005026,-0.005009863688092558,-0.008316748427455695,5.232123837444881E-4,0.4634521775668537,1.123032688860098,2.5674822169327944,-0.32526248799212143
0.010306966805495468,-0.0049952812125835565,-0.008300437915821133,5.091288389286363E-4,0.45455919125097655,1.1137038288603174,2.555854586847984,-0.3234540045908028
0.01029823468538191,-0.0050089023178828546,-0.008318352135988395,4.970641020476605E-4,0.4590470846080212,1.1049147611702843,2.5698194514228527,-0.30874236985577896
0.010266875049167085,-0.005007127309040209,-0.008321313632013575,4.4474300434509074E-4,0.45113929329153574,1.068865821525323,2.5743294856775063,-0.27550762856640393
0.010282556267937627,-0.005007990188766738,-0.008319874072249031,4.7090417147732725E-4,0.45504631832222825,1.0868477752225205,2.5720991727936173,-0.29213567353226116
0.01027546553731694,-0.004993453666124334,-0.008303508973412067,4.5689394942141013E-4,0.44361676239071857,1.0777716048785673,2.560619555528565,-0.29072769772403767
0.01029122281526486,-0.004994324970640338,-0.008301994555712464,4.8301975073833646E-4,0.449126452894877,1.0957390806771923,2.55825658987871,-0.30711130901598876
0.010479661377944363,-0.005008983964401415,-0.008277801200779,7.955485838716593E-4,0.5097699788060899,1.3130696248994262,2.5246282807221907,-0.5038476775191656
0.010470471553061363,-0.005022183559254116,-0.00829621416434105,7.841469777088036E-4,0.5139974545057867,1.3049573938494257,2.5398660414057876,-0.4895357088465972
0.010454833402758998,-0.005020730317030955,-0.008298637403619651,7.580720527734053E-4,0.5093745289407418,1.2865879838781118,2.542950523414719,-0.4731046012485686
0.010448308111622845,-0.005005996056643616,-0.008282599072757415,7.435366526979751E-4,0.4997365745473607,1.2766181486633146,2.5309327562534594,-0.4710934730938316
0.010439190866250394,-0.005019326211946599,-0.008300978769162342,7.319886742485454E-4,0.5047527194516455,1.2682395956263721,2.5459554677633958,-0.4566061043978864
0.010463989935193303,-0.005007458676525246,-0.008280233674241445,7.695492428252652E-4,0.5047686212902524,1.2948326133827586,2.5278100128380037,-0.48746803145007694
0.01051735821353665,-0.005026837979827506,-0.00828845989473965,8.62259706024863E-4,0.5302161793961775,1.360068847246894,2.530121886088616,-0.5383793843512702
0.01051096388844793,-0.005012198267028609,-0.008272710545778368,8.474909265153674E-4,0.5192403266149609,1.3496175546119213,2.518053943676341,-0.536648130392443
0.010532977343492103,-0.005028487639427607,-0.008285713922069659,8.882582150798911E-4,0.5365734736603391,1.3783961061448153,2.526692176070709,-0.5546637145425078
0.010526604694721109,-0.005013835152928121,-0.008269993109326938,8.734365719523573E-4,0.5235794617529638,1.3679463823210207,2.5145936267620734,-0.5531162775065245
0.010548591347176688,-0.0050301863683028455,-0.0082828832618385,9.142760906837898E-4,0.5413239556675113,1.3967463344532451,2.523153544580774,-0.5710847893497976
0.010542252274572103,-0.005015477568148485,-0.008267143415894513,8.993788087386358E-4,0.5280804379188667,1.386320298208168,2.511007557436234,-0.5696244521669938
0.010564200075219217,-0.0050319341514908815,-0.008279968875276003,9.403036299686097E-4,0.5451922420962632,1.4151621027293533,2.5195301051551886,-0.5875903651226762
0.010557906362985448,-0.005017167302793228,-0.008264207296310699,9.253270607777043E-4,0.5329242037238698,1.4047282580965719,2.507346035576909,-0.5861152613541271
0.010573559066731825,-0.005018929647004114,-0.008261213432961323,9.512780112662628E-4,0.5377454747922462,1.4231531197581708,2.5036237113234985,-0.6025664244318488
0.010504610267959453,-0.004997155728061324,-0.008257154857720378,8.328115401963046E-4,0.5136036332881403,1.3333173350118537,2.5071542831465377,-0.5289336949516131
0.010488960958364164,-0.004995406416649435,-0.008259541107655017,8.069347537612647E-4,0.5087613488674374,1.3150421937085124,2.510364973213996,-0.5125894971651966
0.010432614106648827,-0.005004595632446059,-0.008284897315430891,7.175079898568316E-4,0.4946499012640308,1.258420385868767,2.5339938530034924,-0.45471749604180595
0.010423544090142324,-0.005017971256234513,-0.008303238548517751,7.05893243935923E-4,0.5003557885468148,1.2499236602589063,2.5488921576922055,-0.44004396500460946
0.010750654885114614,-0.005011868584487227,-0.008185983181281845,0.0012317237470631035,0.5778883910295521,1.6121664672954956,2.42796887565456,-0.7862643349742293
0.010875062376717889,-0.005032919974164459,-0.00815250942092552,0.0014360585040545677,0.6108759207684455,1.7596631282882946,2.387078854597793,-0.9159365414956452
0.01076627708849164,-0.005014650304056883,-0.008182442074739176,0.0012575167022646613,0.5822930238805574,1.6308205774283557,2.423461470309484,-0.8025520668227317
0.010781719355695931,-0.005017618500069604,-0.008179057783131374,0.0012830958949612023,0.5866828727005583,1.6494013119112687,2.419064941371978,-0.8186679911384155
0.010797072813685846,-0.005020411451055543,-0.008175368432138848,0.0013084438771798262,0.5909168834712043,1.6677673185696016,2.4144101166296363,-0.8346901539439936
0.010812509212777764,-0.005022772090405902,-0.008170994225556642,0.001333703491661312,0.5949178037170871,1.6859170550079094,2.409179810410475,-0.8507751196329219
0.010828086306941131,-0.0050249742667686555,-0.008166226205832045,0.0013590798294005493,0.5988299107417604,1.7040858270931254,2.4035953088022057,-0.8669888003234875
0.010843753206905738,-0.0050273643416472195,-0.00816149152193149,0.0013846538859502383,0.6027902011028207,1.7224565405466918,2.397994767040093,-0.883299022141926
0.010859432767687126,-0.005030017238296199,-0.00815691393397512,0.0014103458818748036,0.6068102554478626,1.741005428019518,2.3924829237932816,-0.8996353572558187
0.01092127729492949,-0.005042082402698766,-0.008139319588286975,0.0015122531663812914,0.6228053389428926,1.8151672084010857,2.370750789501866,-0.9641773793592127
0.010916088185747184,-0.0050263692005841016,-0.008123698167135806,0.0014959576388974063,0.6151316808743027,1.7977727771992689,2.359373660330806,-0.9569564042281602
0.010885838410538326,-0.005019187159610844,-0.008130992305636435,0.0014457508566308051,0.6069204712198121,1.7608834584041109,2.369071716322613,-0.9254511636885816
0.010901212062151234,-0.005022855086709914,-0.008127373791427646,0.0014712816831676208,0.6111228584140478,1.7796453144500362,2.3642283478746244,-0.94146197824071
0.01101948985515652,-0.005076405212656479,-0.00812441316672418,0.0016821745605108999,0.6536867816573371,1.9445461289281063,2.3453561209863345,-1.068515575265959
0.01103490830809097,-0.00507958057519924,-0.008118956211362306,0.001707570485918316,0.6572878128805214,1.963114732827604,2.338760008242065,-1.0846606560859666
0.011050378419130117,-0.005082799893491528,-0.008113376176076064,0.0017330386079474,0.6608153469049814,1.9817361888129457,2.3320162941924814,-1.1008480161218372
0.011065883877375391,-0.005086109310177031,-0.008107735064951093,0.0017585814086276037,0.6643012692532321,2.000435135929657,2.325172628653235,-1.1170732771955125
0.010936862716635756,-0.005044588328168371,-0.008133900228894535,0.001537587478961839,0.6264263188893087,1.8333932785757934,2.3644097408348923,-0.9803649506544311
0.010952702668024665,-0.005047458806424058,-0.008128622577715537,0.0015634742054564633,0.6302181755968368,1.8521304123339195,2.358109726936615,-0.9968386153395979
0.010968430098890295,-0.005050844908867091,-0.008123862351735735,0.001589442523736353,0.6341726077098949,1.871130409666396,2.352192116734465,-1.0132544399082901
0.010983916659877963,-0.005054262401224924,-0.008119128868633948,0.0016150369353327783,0.6380377820709154,1.8898897782092696,2.346288033571996,-1.0294267682337317
0.011014660489087393,-0.005060662506680502,-0.00810885705870648,0.0016655528056356082,0.6453276018709647,1.9267425168444434,2.3337537694297303,-1.0614505058514856
0.010999316820220146,-0.0050574580746209795,-0.008114042635563194,0.0016403493865435003,0.6417110354059394,1.9083569463221635,2.340075690110804,-1.045472830019255
0.010745710222270374,-0.004994582906732089,-0.00816786335827594,0.00121654022330861,0.5699345770586776,1.595603832100668,2.41471928902271,-0.7802770978889465
0.010598677211808788,-0.005007370752346282,-0.008239479672911552,9.879638560183687E-4,0.5418695185855534,1.4429616413589967,2.4849731961677572,-0.6272182517575492
0.010630066578361304,-0.005011124324270953,-0.008232846541537388,0.001039707726489921,0.5509952377531279,1.4797268789234643,2.4768338435930577,-0.6600638741662594
0.010614387747119465,-0.005009214722128857,-0.008236190660431518,0.0010138593892598845,0.5464384816554282,1.46134366788999,2.480935058107367,-0.6436537344278204
0.010639678148503577,-0.004997285482771923,-0.008213109622418481,0.001050040375311029,0.5473616960787755,1.4826120221980472,2.4607516491533024,-0.6706691889620692
0.010697792396800564,-0.004987877908102345,-0.00817983057689445,0.0011385136272417347,0.5570297857548433,1.53995611271582,2.429277364792459,-0.7306826644819924
0.01072974671443929,-0.004992147767930285,-0.008171763371770025,0.0011904869027904916,0.5656105905829986,1.5769521959436015,2.4195315682848,-0.7637500189520612
0.010713769092997748,-0.004989965431787896,-0.008175816128461388,0.0011644930511404323,0.5613284250359892,1.5584321796619343,2.4244331168504982,-0.7472165721337457
0.010681711128790836,-0.004985777916262821,-0.008183722708103977,0.001112339447577787,0.5526512288393971,1.5213445360568387,2.434012259485837,-0.7140365885218606
0.010649099978516631,-0.004982881987565681,-0.008192749021860438,0.0010596957303565452,0.5441207407423417,1.4843739008530132,2.444379297671769,-0.6802987202722431
0.010665285398718123,-0.0049837826304363385,-0.008187718194706624,0.0010856376912194048,0.548170701832738,1.502410846124964,2.438832739813806,-0.6970354296554193
0.01058297399485869,-0.005005563322532156,-0.008242666163203538,9.620741550178039E-4,0.5372458201926608,1.4246060542978938,2.48891029837972,-0.6107964644229306
0.009992128325240145,-0.004986125294148715,-0.008316429777858104,-1.3029533467134083E-5,0.34881700336067095,0.7596060201261395,2.5916776225052907,0.004141374092456504
0.009984292236633437,-0.005000024673443877,-0.008333148925641699,-2.6176279351950363E-5,0.3540041711746545,0.750950461696172,2.603477643527089,0.01946927140011159
0.009952878302440085,-0.00500022205036873,-0.00833281989177484,-7.853050945675454E-5,0.34292792432209196,0.7161890722500216,2.6055216806687036,0.05209016371922607
0.00994487441484202,-0.004986404946920582,-0.008315909268958366,-9.140687689873426E-5,0.332722161854579,0.7074636992693905,2.59486865879499,0.05327790373805428
0.009937172394430337,-0.005000394746384635,-0.008332531985782902,-1.0471812128794091E-4,0.3381771954059358,0.6988714195955569,2.606476203661307,0.0684282452463249
0.009968584960421896,-0.005000098691445171,-0.008333025569253583,-5.23450864109298E-5,0.34796107208133814,0.7335585447911909,2.6045244951034374,0.03576358174674048
0.009960627036845695,-0.004986258838007156,-0.008316162261362649,-6.527981325220071E-5,0.3382661025567699,0.7248234101863815,2.5938653222702546,0.03689306671796869
0.009976380240405478,-0.004986174898866375,-0.008316345944484153,-3.915119699979373E-5,0.34360412255738165,0.7422034512939791,2.592807642555632,0.02052231534166971
0.00992912955257219,-0.004986619041275714,-0.008315593742012092,-1.1752331157405674E-4,0.3273282951769478,0.6901294853191337,2.595830069945428,0.06969016487968754
0.009921467368795326,-0.00500061677545759,-0.008332162095155466,-1.3088575950082033E-4,0.3323081851301569,0.6816054971544395,2.6073766890707315,0.08470664299318208
0.009913393163059097,-0.004986871217923946,-0.00831518315507445,-1.4362640855377997E-4,0.3221359336498244,0.6728277115613127,2.5967276456253185,0.08610248322587884
0.009905763358590827,-0.005000888133336492,-0.008331710080538103,-1.5704664590288065E-4,0.3262393528957163,0.6643667205748645,2.6082243060725574,0.10093120972690017
0.00989765924168603,-0.004987156700306393,-0.008314672339435747,-1.6972406683066655E-4,0.31685543463063887,0.6555574820272084,2.5975528456589827,0.10250609173104126
0.009890060497518439,-0.0050012088155440915,-0.008331175823548451,-1.8321129385687912E-4,0.32072320747959643,0.6471508004951319,2.60902488490098,0.11713561714994207
0.00988192612873783,-0.004987488951194164,-0.008314076281047118,-1.9582079722996532E-4,0.3115611971016286,0.6383206459205136,2.5983228403477843,0.11891144881030762
0.00987435891991841,-0.005001578817366836,-0.008330559684670736,-2.0936323301233055E-4,0.3146018056028182,0.629955660096038,2.6097601031721194,0.13329882325273046
0.00986619959637865,-0.004987851262975881,-0.008313376810979128,-2.2190643783096277E-4,0.30646526457124335,0.6211341275298158,2.5990373102724345,0.13528714258611044
0.009858658760762435,-0.0050019981338448065,-0.00832986159928433,-2.3550410119331503E-4,0.30768194614622596,0.6127461931383299,2.6104048941824485,0.14944277487925653
0.009850477955947333,-0.004988225667270686,-0.008312553174111446,-2.4797819294851046E-4,0.3013076040222806,0.6040066800076066,2.599682175572189,0.15159043411842774
0.009842960155646504,-0.0050024667597618295,-0.008329080635667268,-2.6166624501733425E-4,0.3017638286884496,0.5954914184804475,2.6109630151254053,0.1656987137545504
0.00983474001985591,-0.004988644245130133,-0.008311638134141769,-2.740699708041802E-4,0.2957177263307021,0.5869050885506363,2.600271632850076,0.16785695121569474
0.009827263240783757,-0.005002984689635677,-0.008328216280113042,-2.8786320601111037E-4,0.29767168935653815,0.5782214208235974,2.6114623947305864,0.1821636971233981
0.009748808830033833,-0.00500631368665081,-0.008322669328259296,-4.1860982797754445E-4,0.2705756970822284,0.49296876697057684,2.613492733215297,0.26435801771898815
0.009764495229330011,-0.005005549329206298,-0.008323941828968628,-3.924976843662237E-4,0.27742037931707547,0.5099656104643577,2.6131906605858433,0.24812200708897006
0.009755955473346808,-0.004991999287104733,-0.008306381763685254,-4.047467466380239E-4,0.2684377741727615,0.5013581230823997,2.602729801944765,0.24996799033408235
0.009818968844920924,-0.004989159635918546,-0.008310688162661875,-3.002168416031777E-4,0.2897750393503941,0.5697795377325051,2.600837060152941,0.1841746887927753
0.009811568152997375,-0.005003551917708423,-0.00832726917862274,-3.1407220034642585E-4,0.2944413547098704,0.5610122479657125,2.6119328732353946,0.1987816956586922
0.009780184008954095,-0.005004834243983439,-0.008325131617027068,-3.663949348691781E-4,0.2848220648251078,0.5269293531201529,2.6128186492512158,0.2318450871856422
0.009771678564876556,-0.004991262768629614,-0.0083076310111615,-3.7866649388858074E-4,0.27331403431814866,0.5183870685758478,2.6023675457594795,0.23354906970533493
0.009803182001132517,-0.004989791649151674,-0.00830972747495417,-3.263977312730143E-4,0.2838423430075337,0.5526231461946961,2.601388554706297,0.2005881910150574
0.009795875029713486,-0.005004168437936931,-0.008326240590302854,-3.402578620574164E-4,0.2906278310002352,0.543919887404246,2.6123898176398668,0.21539284300371878
0.009787414599282647,-0.004990513278270961,-0.008308730571421464,-3.5255669216257207E-4,0.27831192166019963,0.535477995860282,2.6019105742336257,0.21707045090310198
0.010031415039578108,-0.005000098691445171,-0.008333025767921866,5.2328754228524373E-5,0.3713251005702187,0.8032040903921375,2.5999650513828185,-0.02952014729109317
0.010023591463870553,-0.00498614651615052,-0.008316319001885291,3.9160205204816794E-5,0.35934805502358075,0.7944809333864361,2.589227324504949,-0.02860591953755395
0.010047121697559922,-0.005000222050368731,-0.00833282019969111,7.850260376261215E-5,0.3769749769905058,0.8206573341688564,2.5986812932795296,-0.04592517493041814
0.01003930922328764,-0.004986208805997305,-0.008316115186213972,6.523301582397053E-5,0.36450851758350994,0.8119592254482432,2.587890098071593,-0.04498458938635009
0.01006282760556967,-0.005000394746384635,-0.00833253213206945,1.0470165465860944E-4,0.3811869873489196,0.8381732141852943,2.5973390382612784,-0.06239233125766599
0.01005504157769139,-0.004986312673760576,-0.008315819964577946,9.132695184089786E-5,0.3699427841965864,0.829481430329018,2.586488471082618,-0.06137084374746183
0.010078532631204678,-0.005000616775457591,-0.00833216185319731,1.3089976809142848E-4,0.38538070002753644,0.8557634293975861,2.595952661061492,-0.07883040430806272
0.010070796122808553,-0.004986498834550673,-0.008315477560441318,1.1745485440463873E-4,0.37562835223402385,0.8470416375087845,2.585055900601596,-0.07773296384200999
0.010000006172585427,-0.004971885072371743,-0.008299973652992896,1.815542275171499E-8,0.3506443621936157,0.7620410236723587,2.5796755592465357,-0.004075992549922241
0.010015728677381312,-0.004971866070926071,-0.008299884530193563,2.5970582749853087E-5,0.35594217551909324,0.7793869550254393,2.5784092607182583,-0.020393637122928594
0.009701765314618093,0.0050089023178828546,-0.008318349079980133,4.971170860166633E-4,0.25874359098130223,0.44198870904856874,-2.6139575146073777,0.31401756178875595
0.009708753967749227,0.004994409554341908,-0.00830201861790114,4.830041307822483E-4,0.2513797792197683,0.4504408054968117,-2.6034282200322667,0.29893904139633604
0.009717443732062379,0.005007990188766738,-0.008319870614646136,4.7096403455960234E-4,0.26292642586045784,0.45888305375043714,-2.6138108079465314,0.29738298351650355
0.009686089839949744,0.0050098636880925584,-0.008316747425424003,5.232319513948578E-4,0.25310433253607917,0.42517855942102606,-2.6140874518920456,0.33052001574292533
0.009693035431413246,0.004995436468463428,-0.008300537973573942,5.090878246093792E-4,0.24595082702331642,0.4334589921836564,-2.6036454289129263,0.31543599204823897
0.009670417450053835,0.005010874290742818,-0.008315065131295285,5.493197483117579E-4,0.24644388307811363,0.40840843293692314,-2.6141908785043864,0.3468615038423482
0.009677334877305226,0.004996496613965643,-0.00829896065288054,5.351441788094565E-4,0.24091411738576454,0.41651009932126876,-2.603792552974453,0.3319558341375584
0.009654748287466774,0.005011934116815129,-0.008313300805394665,5.754036392569884E-4,0.2399770615369096,0.3916487324478825,-2.614256902608439,0.36309197317651715
0.009661638779884666,0.004997563472826403,-0.008297255225616832,5.611869159085184E-4,0.23598585416764148,0.3995981280859173,-2.6038473927330017,0.3484655731539665
0.01017368367958438,0.004974345417192698,-0.008294319231838869,-2.8663913382532803E-4,0.40848215302349505,0.9551213631048742,-2.5622239909660007,-0.18434252685752828
0.01015780833322296,0.004973889172413444,-0.008295277683194685,-2.604485085289689E-4,0.4033562186672603,0.937349934756651,-2.564155001845648,-0.16785700705070816
0.010141969651427689,0.004973590797468542,-0.008296274648801323,-2.3432445593655313E-4,0.3982256025998279,0.919695601449703,-2.5661011286217748,-0.15141383665522332
0.010126192102893092,0.004973412492776927,-0.00829726526270027,-2.083016716974448E-4,0.39307030903112633,0.9021656106340846,-2.5680297529189513,-0.1350393151733151
0.01011046559892432,0.004973304929267106,-0.008298194642090875,-1.82358465541117E-4,0.38788123280385517,0.8847246135171701,-2.56990354457742,-0.11872180264891853
0.010094771597660231,0.004973265420230302,-0.008299060839484373,-1.5646358577444178E-4,0.38256309002080074,0.8673419679264783,-2.5717229961906596,-0.10243037270286841
0.010079022402404632,0.004973148349523158,-0.008299695946174003,-1.304668114621347E-4,0.3770116413931688,0.8498526448450773,-2.573381645360401,-0.08606404755393993
0.010063286762114943,0.004972508254881137,-0.008299579404612985,-1.0447399070025947E-4,0.3715089308823501,0.8321866631213853,-2.574523857536796,-0.06975482159647835
0.010047521366107781,0.004971853395305121,-0.008299305792413782,-7.844057420224741E-5,0.36636901991237764,0.8145128937167619,-2.5755466790161905,-0.05343937810136932
0.00987435891991841,0.005001578817366835,-0.008330559295168564,2.0937218330007451E-4,0.3143496545603555,0.6299769136071272,-2.6096418311425866,0.13321613319851264
0.009858658760762435,0.005001998133844807,-0.008329860061722321,2.355531939260392E-4,0.30928557127602413,0.6127166969867922,-2.610278433484189,0.14964407214536843
0.00986626683113922,0.004987743748357945,-0.008313260405021098,2.2178789471604822E-4,0.30622845925126185,0.6211964320044404,-2.5989616299803022,0.13505913151170953
0.00985050418095386,0.004988177313950948,-0.008312497412396659,2.479268682572743E-4,0.3005833020135608,0.604006983853493,-2.5996408458380955,0.15140937101788599
0.01003168846384336,0.004971810573687902,-0.008299608414883317,-5.231223967947828E-5,0.36128201660754294,0.7970124463963062,-2.5769724882865765,-0.037012442705057554
0.010015966185435337,0.004971798807229977,-0.008299804357576344,-2.6362296210661406E-5,0.35602961257602334,0.7796489144983084,-2.578317898967214,-0.020690698070710455
0.010000270477678729,0.0049717368786961905,-0.008299800902484748,-4.5409106298751627E-7,0.35070176342047743,0.7623020301739776,-2.579517762048493,-0.004409853808232185
0.009937172394430333,0.005000394746384633,-0.008332532101598681,1.0472081374563961E-4,0.3379735208794666,0.6990546625352859,-2.606468053744992,0.06811167204021243
0.009944947704007135,0.004986343237256308,-0.008315841185758302,9.128803142227744E-5,0.33268293230266854,0.7074423526041306,-2.594777302895812,0.05326654898696379
0.009921467368795327,0.005000616775457591,-0.008332162427010837,1.3087125260264674E-4,0.3313680909406251,0.6817902041457099,-2.6073559567121523,0.0843549418753448
0.00992920220749412,0.004986560845676552,-0.008315530488103198,1.1740711518823322E-4,0.3275422633332586,0.6901048336538037,-2.5957509950918976,0.06968818101944348
0.009890060497518439,0.005001208815544092,-0.008331176008039624,1.831995674575526E-4,0.3198320268117811,0.6472499211189935,-2.608946272534261,0.11686900010656898
0.009882012201621259,0.004987375251986854,-0.008313955527289125,1.9567601296700536E-4,0.3116840921835779,0.6383836241524206,-2.598235873064521,0.11873273572892871
0.009905763358590829,0.005000888133336492,-0.00833171041674746,1.5702979520533893E-4,0.32530963987766054,0.6645229906538036,-2.608182574920651,0.10058655386084787
0.009913470887824164,0.004986793761059414,-0.008315100435768101,1.4350119379216329E-4,0.32241525979854974,0.6728219762627449,-2.596641324767037,0.08606503067936634
0.009897743984011045,0.004987059262537197,-0.008314569206348514,1.6958515332347236E-4,0.3170918748144163,0.6555865059666806,-2.5974629644952203,0.10240557613307368
0.009984517367449349,0.004971665944726922,-0.008299645276715785,2.5547606661038416E-5,0.34530530409629984,0.7448905571831678,-2.580624356424076,0.011938176950476047
0.009968693906905716,0.004971683988192226,-0.0082994520169279,5.1661724786963776E-5,0.34001849799442896,0.7274504017400049,-2.5817001118388827,0.028354193582007314
0.00995284567174969,0.004971880639868225,-0.008299325525793324,7.781974714370213E-5,0.3347875722876558,0.7100588608796371,-2.582820484135309,0.044802552186103954
0.009724507952271264,0.004993459113165863,-0.008303452198154511,4.5687207724964585E-4,0.2571492739446542,0.46745114651818875,-2.6031722522049336,0.2824908006315426
0.009733124950832917,0.005007127309040209,-0.008321311030518324,4.447872779108915E-4,0.26652786586749466,0.4758866262387155,-2.6136486329552704,0.2807160234298397
0.009748808830033834,0.005006313686650811,-0.008322669172503412,4.186065801510897E-4,0.27029410012522365,0.4929835242125393,-2.613454428965642,0.26412185477421285
0.009740289616511603,0.004992608779016358,-0.008304862210818836,4.30705221283139E-4,0.2630302560431374,0.484470682424385,-2.6028942586190578,0.2661000506469304
0.009811568152997375,0.005003551917708423,-0.008327269599909213,3.140716967455777E-4,0.2950662806972575,0.5613498729551425,-2.6119938730759538,0.1989940338520985
0.009818988983074524,0.00498930081518508,-0.008310843161717691,3.002013073280715E-4,0.2893734000681814,0.5696412779355841,-2.6008961043207126,0.18427986006739647
0.009795875029713488,0.0050041684379369305,-0.008326243738015713,3.4018539009256227E-4,0.28784191254524116,0.5443238992360839,-2.612474362825173,0.21520886196193548
0.009803271523128033,0.0049899314841419205,-0.00830989130940068,3.2627843064912974E-4,0.2843569125554994,0.5525301469914347,-2.601440921862185,0.20072845335893977
0.009780184008954095,0.005004834243983441,-0.008325135570159879,3.663013737859296E-4,0.2808306029962354,0.5272511477976793,-2.6128804063643307,0.23139468339071312
0.009787563210419088,0.004990556985380862,-0.008308798100313297,3.5233486702884357E-4,0.2794584781440062,0.5354849125228913,-2.6018972113918877,0.21711519819685407
0.009764495229330011,0.005005549329206298,-0.008323944146735967,3.9244074252183756E-4,0.2749214836215859,0.510124646044931,-2.613204709287756,0.24767699450020986
0.00977183448795261,0.004991187766222211,-0.008307570352264855,3.784152885780298E-4,0.27431696117156573,0.5184791462097206,-2.602274277953669,0.2334468805605476
0.009756073184084049,0.004991859148125527,-0.008306244319395783,4.04542083874933E-4,0.2688160325638627,0.5014804719754179,-2.6025987055214306,0.24976140023344165
0.009826496628345274,0.004974611639521589,-0.008294569984062812,2.86347352872236E-4,0.2921903826037213,0.5720459626673017,-2.589204899493201,0.17604626610802757
0.009842336248354152,0.0049739419009716184,-0.008295279879192376,2.601922090784696E-4,0.29746316312652815,0.5892048389055167,-2.5884819864515642,0.15957200951832898
0.010473031027609476,0.004994166021547305,-0.008262457698105545,-7.807314780836247E-4,0.5042731843952596,1.2967699325630642,-2.513987231316117,-0.49592275071256237
0.010967746567530684,0.005050033656469833,-0.008123294710427185,-0.0015879470714623082,0.6336912903356745,1.8697790483025358,-2.351854694748221,-1.012464614683234
0.010952113612633452,0.00504752297319309,-0.008129021540148692,-0.00156260803359436,0.6301710023461568,1.8515653627937727,-2.358521060254262,-0.9962538186255682
0.010936642793196614,0.00504497703703006,-0.008134473241379765,-0.001537459236388698,0.626606043627924,1.8334522555630983,-2.364913845656826,-0.9801838861695916
0.01098354391052811,0.005052851330146765,-0.008117688018915202,-0.0016136694562669423,0.6373262432252246,1.8883673141736723,-2.3452233105819715,-1.028862998472394
0.01097813036738661,0.005035689361131599,-0.008100727065278349,-0.0015957196019575836,0.628910416814677,1.8690699466768124,-2.332871215365163,-1.0208053251891276
0.010999436211700292,0.0050561006824239516,-0.008112382981448759,-0.0016397480010664483,0.6411131105071798,1.9073663626530883,-2.3387745352529588,-1.045401484893804
0.011030674688886842,0.005063576922834389,-0.00810278877786301,-0.0016915674841780513,0.6488589002482167,1.9455298514362998,-2.3266162105325745,-1.0780457099976923
0.011015171083027667,0.005059856516263574,-0.008107612057249547,-0.0016658542174939445,0.6450461012590449,1.926590001395299,-2.3327199863805905,-1.0618456881020213
0.011041649462175404,0.00505104939157116,-0.008081613764379006,-0.0017006287715617054,0.6446082121040603,1.9461102698149573,-2.308493732305306,-1.0867632219187848
0.01073345029692444,0.005009908089884607,-0.008191011807655328,-0.0012037684231927701,0.5734717326639771,1.5922981234103177,-2.4337851143726734,-0.7683559642455587
0.01071772207996998,0.0050081669063307315,-0.008195518655788077,-0.0011781950787230035,0.5693875131230905,1.5741581782905012,-2.4389935875445126,-0.7519737291242831
0.01070215821061937,0.005006341435371652,-0.008199714902644395,-0.001152815344848242,0.5652588239445505,1.556121578445745,-2.4439194360246415,-0.7357527969682419
0.010686669974624051,0.00500414440166435,-0.008203303269276452,-0.0011273818890731825,0.560933354676926,1.5379261659853787,-2.4483405875018245,-0.7196062039846015
0.010671130322246819,0.005001866761539654,-0.008206676902489747,-0.0011018174450276024,0.5565034758217894,1.519622508016836,-2.452574122367054,-0.7034108171425161
0.010655509316302056,0.004999867240484374,-0.008210267507238458,-0.0010762122958944112,0.5521163417050087,1.501392133726559,-2.456953916438899,-0.6871357488852007
0.010639921446460981,0.0049981212249779975,-0.008214001824819002,-0.0010507323737871234,0.5477962491171141,1.4833381337706057,-2.461414551671359,-0.6708954438391909
0.010624427273899095,0.004996299524094574,-0.00821747216356674,-0.0010253512455053284,0.5434236446510708,1.4653332110178592,-2.465640947809176,-0.6547548441051892
0.010608978320158542,0.004994185054220078,-0.00822044325009407,-9.999205398073972E-4,0.5388924151428277,1.447207343944454,-2.4694588088006704,-0.6386720098269091
0.010488773482971748,0.004995566146524048,-0.008259780103811091,-8.066784295820416E-4,0.5090915985241019,1.3149505955781484,-2.510578754617081,-0.512347410738773
0.010504554572589716,0.004997043294354609,-0.008257038708062726,-8.326925218280638E-4,0.5138461251901099,1.333213523596622,-2.5070996919786137,-0.5288171816618715
0.0105676730878898,0.005003730437820992,-0.008245551378693518,-9.368044995275965E-4,0.53266201832114,1.406701950622093,-2.492569618581962,-0.5947790830729786
0.010520344711865241,0.004998626239983381,-0.008254275152326754,-8.587351513816201E-4,0.5185972843555114,1.35154635560503,-2.503580433397101,-0.5453067445761977
0.01055190221428115,0.005001949128978579,-0.008248507865544848,-9.107817398340346E-4,0.5280141313921859,1.388277739039246,-2.4962981176460564,-0.5782868845748003
0.010536124532947826,0.005000259418215473,-0.008251429992970459,-8.847599130988568E-4,0.5233318711977376,1.3698974252022424,-2.499978660129376,-0.5617946327073118
0.010593382986641623,0.004992026966305953,-0.008223273906258557,-9.742275379126915E-4,0.5342592305077448,1.4288984455597105,-2.473164712100179,-0.6224446405314584
0.010577582611514797,0.00498999530001981,-0.008226180146172142,-9.482366862476948E-4,0.5295747862793015,1.4104340138946976,-2.4769227705628256,-0.6060064897037202
0.010827980691920161,0.005025065113948198,-0.008166382250840471,-0.0013589582408521598,0.598867155223397,1.704028832692934,-2.403740706921423,-0.8668950559261838
0.010921223552102672,0.005042129732863678,-0.008139402121029501,-0.0015121946625799244,0.6228409606376869,1.8151305937017816,-2.3708492795051463,-0.9641205415111741
0.010905745228507747,0.005039241089365756,-0.008144172225293164,-0.0014867898398780888,0.6189805545460202,1.796694403505129,-2.3766284976073657,-0.9479871304045568
0.01089028353184133,0.005036543559136236,-0.008149015406186566,-0.00146148326911247,0.6151576534378677,1.7783955796561928,-2.3824234812184497,-0.9318836050299878
0.010874963950503474,0.005033649621804216,-0.008153414472449659,-0.0014362709336185218,0.6112205750823474,1.760080245039511,-2.3878182310103964,-0.9159012994305059
0.010859555853390775,0.0050304139401616465,-0.008157317641205567,-0.0014107310895206595,0.6070449684738365,1.7414110518873291,-2.3928013565622046,-0.8997985291830543
0.010843821005135486,0.005027445996525382,-0.008161553261939096,-0.001384797642496177,0.6028637709403056,1.7225781494196644,-2.398051067183024,-0.8833820168028498
0.010749360492998612,0.005011966225418135,-0.008186654018961874,-0.0012297301798481302,0.577682209252217,1.61081564602475,-2.428645393166926,-0.7849275494196677
0.010796741284584509,0.005020624111028675,-0.008175769638654476,-0.0013080237122715407,0.5909670352173914,1.6675452300145095,-2.414768375423431,-0.8343674935168136
0.010781195600513835,0.0050175716994624794,-0.008179237371330238,-0.0012822552003040279,0.5865810637864706,1.6487954222360977,-2.41927401371782,-0.8181327961465964
0.010765375121824308,0.005014495610955165,-0.00818265600536089,-0.0012560332780244038,0.5820620742801342,1.629734669717427,-2.423742460686469,-0.8016187116120363
0.010822382958513031,0.0050090425590375905,-0.008150284605479834,-0.0013426436424673548,0.5910883061518392,1.6869667723778219,-2.392035580524951,-0.8599028035085948
0.010806987243061112,0.005007589653328808,-0.008155786703024382,-0.0013180238412863318,0.5875329453828025,1.6696414616678459,-2.3981586634073087,-0.8440323110685121
0.010743139502313733,0.004995072730578203,-0.008169532532139326,-0.0012127237359188118,0.5695722548886523,1.5932484608857784,-2.416274769248792,-0.7777302783875437
0.010236771786763086,0.004977424275042348,-0.008290574190341404,-3.9081332743944286E-4,0.4292556753686703,1.0264157569183021,-2.554521166178071,-0.24988212855248002
0.010189557968266094,0.004974966907036685,-0.008293411051456376,-3.1283842628171014E-4,0.4136103046963218,0.9729742703735962,-2.560320128014533,-0.20082927966327171
0.010221097970134683,0.004976650390520288,-0.008291705979812282,-3.649347500248696E-4,0.4239983298764313,1.0086809379660233,-2.556587471552532,-0.23358916271816535
0.010205373798920874,0.004975766163809353,-0.00829257441469169,-3.3895749991456724E-4,0.41876888784629357,0.9908526561202119,-2.558464494897411,-0.21725490220062046
0.010260852113862722,0.004963525505667275,-0.008270839521868177,-4.2831585639133504E-4,0.43218142366011897,1.047820406549205,-2.5384500404535193,-0.2770421939021384
0.010245222420912532,0.004963183580199602,-0.008272687429086817,-4.027142372285462E-4,0.42730768199133956,1.0303842283155105,-2.5410786570194244,-0.26078592101151826
0.010276593126045676,0.004963998090059341,-0.008268987802286984,-4.5410330354984143E-4,0.43710212616790445,1.0654354117861538,-2.5357981201014828,-0.29340606750861187
0.010292409810414021,0.004964642869838176,-0.00826718442637592,-4.8002707012631285E-4,0.44206265074043755,1.083209153663705,-2.533162328814744,-0.3098364779655918
0.010308319639431638,0.004965401945422524,-0.00826535606832135,-5.06108613158908E-4,0.4470467958151328,1.10113752213805,-2.5304876990831584,-0.3263578679625438
0.010466372519907575,0.004978978077306758,-0.00824640976339263,-7.65862199649246E-4,0.49663589387254886,1.2821648940639416,-2.5026394621227452,-0.4902941694983352
0.010324362726318953,0.004966262797246331,-0.008263477749518916,-5.324120609157403E-4,0.45206624335682216,1.11925893992687,-2.527753527427082,-0.343012264648166
0.010356720457826788,0.004968798619861934,-0.008260181031816817,-5.85582908116079E-4,0.4623604833377914,1.1561640888693994,-2.5225616235547332,-0.37653701390434574
0.010340552864704365,0.004967311108756328,-0.008261643852958177,-5.589772918853181E-4,0.45715948938708356,1.137625524910842,-2.525027811181573,-0.35980479778298097
0.010450729368972513,0.004977447392704796,-0.00824870497503352,-7.401530784396595E-4,0.4918343610401818,1.264133117113076,-2.50577083297776,-0.4740412029935737
0.010435090517071718,0.004975974271102941,-0.008250926201726037,-7.144542075272461E-4,0.48700874901288277,1.246141086277227,-2.508830002595204,-0.45779924943112077
0.010419491598022789,0.004974808666078522,-0.00825335873054292,-6.888828063404208E-4,0.4822661816767196,1.2283427332554526,-2.5120254523213035,-0.4415839864503263
0.010403958253417094,0.004973641910562673,-0.008255634674331902,-6.63402784373563E-4,0.4775077236960201,1.2106176046531612,-2.5150848755606106,-0.42544454354922506
0.010388441386773471,0.0049721340759483566,-0.008257367172514928,-6.378614733318666E-4,0.4725990278491668,1.1927578287129712,-2.5177290122155855,-0.4093605268641934
0.010372721166988131,0.0049704864447124445,-0.008258839836913119,-6.119549255114077E-4,0.46754753102948726,1.174619516985871,-2.520188891904096,-0.3930869967915757
0.008909334570059206,0.005120404840570064,-0.008132507201764281,0.0018177967833572777,0.010244831292405464,-0.39671205956260464,-2.555764345623213,1.16578714815653
0.00891393216545565,0.005105031455938333,-0.00811677461462544,0.0018008449880973882,0.005184362492038305,-0.3898855830969779,-2.546210634771097,1.1514622126114664
0.008924672332571876,0.0051170019037825145,-0.008138177406365722,0.0017922403960132702,0.01418608240840946,-0.38066471885879594,-2.558223456110915,1.148519458911708
0.008929300955646676,0.005101571068461931,-0.00812235724893843,0.0017753258631757526,0.009288880703685302,-0.3737237032921424,-2.5486405395017706,1.1343102344205611
0.00894002066470317,0.005113647187447097,-0.008143770854669137,0.001766649965633643,0.017604786730173832,-0.36457919299654246,-2.5606703820933925,1.1311913401753275
0.009047741492513606,0.005091517165669236,-0.00818066514786906,0.0015870650975047338,0.046056437942482396,-0.2510516365493055,-2.576185890501273,1.0119403197195886
0.00905280739967424,0.005076368500890692,-0.008165040618469123,0.001570714825640404,0.043493146183801144,-0.24435701204219526,-2.566360324122405,0.9982714718396394
0.00906316862569595,0.005088549402048354,-0.0081856075020178,0.0015613730949023262,0.051304285853913466,-0.2349334381018265,-2.5780469533444124,0.9951518322719904
0.009032323652033136,0.00509453340796357,-0.008175645245401104,0.0016127253320141375,0.03995998137878059,-0.26719633517390734,-2.5742622437444402,1.0286553040760607
0.009037403615751482,0.005079358134254862,-0.008160037124892995,0.0015962570333528825,0.039552119152432764,-0.2605411530012058,-2.564326450224286,1.0152611170911257
0.008944703351870824,0.005098167273462905,-0.00812788279053587,0.001749762542206273,0.013567169981929377,-0.35754115518741214,-2.5510058227337855,1.1171915142068818
0.00895537940604795,0.005110340726114829,-0.008149286204164193,0.0017410309781131213,0.020797375249334626,-0.3484412592722271,-2.563101237040009,1.1138512433917662
0.009016915263030919,0.00509759809889699,-0.008170543097247551,0.0016383778962479193,0.034214511343339686,-0.2834083719251977,-2.5722396816708013,1.045396927966719
0.009022001527511645,0.0050823503889723945,-0.008154898347547299,0.0016217696705394056,0.035691456972073266,-0.27668368393271064,-2.5622228841241763,1.03221271910569
0.009001516484536435,0.005100711207802963,-0.008165355358840689,0.0016640391452891262,0.029541593817758834,-0.2996826491186731,-2.570097793740308,1.0622678542079997
0.009006569116118728,0.005085362637570906,-0.008149625123061124,0.0016473065809068873,0.0316291579991353,-0.29281674316411793,-2.560055524979472,1.0491432156668639
0.008986127475825481,0.005103872703378313,-0.008160081306643622,0.0016897118365173044,0.02616487061173345,-0.31597707217422133,-2.567842372551247,1.0793216306724396
0.008991099740674227,0.005088428227771465,-0.008144249437532107,0.0016728946294079971,0.02725719520526318,-0.3089691233139918,-2.5578389434047817,1.066085582816856
0.00897074839641333,0.005107082553678812,-0.008154723534299526,0.0017153825550401064,0.02357508944576403,-0.33224020431748486,-2.5654999361761037,1.0965402218502096
0.008975614345872369,0.005091579889226882,-0.008138818572034969,0.0016985222336402012,0.022639692547104868,-0.32514887983756763,-2.555589965810059,1.0830690877947227
0.008960142581535132,0.005094830921169159,-0.008133364366006328,0.0017241560710061796,0.018015782247599338,-0.3413452291651892,-2.5533163915624653,1.10010739649668
-0.004995583220795787,0.010488837329087917,-8.067742926849377E-4,0.00825977609768701,0.026667199633097907,0.5046831434764966,-2.589482115098747,0.23573931890519031
-0.004997105335233912,0.010504521566446543,-8.326458001899247E-4,0.008257114069339558,0.021358272954119645,0.5211584513911185,-2.5887333810743045,0.21899697322946896
-0.004998525194278759,0.010520214215282346,-8.584829766370884E-4,0.008254188170131058,0.016132248276729544,0.5376321654550167,-2.5878115558423294,0.20222380254262953
-0.005001971636260975,0.010671989933088577,-0.0011032203196299649,0.008206455041403217,-0.034013593347239086,0.6937074904098529,-2.5662329616194786,0.038848191100881974
-0.004999978694111776,0.010535962158285651,-8.843989919680983E-4,0.008251143045160015,0.011013122353416118,0.5541682976240261,-2.586818671993225,0.18541024856509045
-0.005007382141044994,0.010599165072225719,-9.88736444635678E-4,0.008239320052946494,-0.00945367270983915,0.6208091546243183,-2.5831572493859234,0.11840339080062577
-0.005005359331619705,0.010583451316953166,-9.627577623042841E-4,0.00824226256408051,-0.004286215321254098,0.6042000639100685,-2.5840629114754776,0.13501540006085963
-0.005003387601725753,0.010567644115285366,-9.36632003819148E-4,0.00824515181496637,8.47476458744892E-4,0.5875125814053311,-2.5849303223029882,0.1517400951689538
-0.005001583487350437,0.01055178506750315,-9.104631079261639E-4,0.008248108792438738,0.0059385615878435735,0.5708050945104907,-2.5858445278709183,0.16856547794921217
-0.004999774440395166,0.010656284102095617,-0.0010774073614313836,0.008209852712509751,-0.029028851965366503,0.6770614848712367,-2.5674364920480155,0.05537992820615572
-0.004997704536955395,0.010640554570158342,-0.0010515859817471446,0.008213265283517712,-0.024023274866354288,0.6604279287977745,-2.5686523215201826,0.07196429093093866
-0.004995713182018822,0.010624864406031715,-0.001025837157045742,0.008216612574744686,-0.019005779683715085,0.6438553747091519,-2.5698290764557363,0.08852801882330719
-0.004993660064147166,0.010609239995426381,-0.0010001530839701001,0.008219721753789993,-0.01401353123027616,0.6273345452104014,-2.570851204402857,0.10501387775704064
-0.00500022205036873,0.010047121697559919,-7.850320665170614E-5,0.008332820384775815,0.18165131058662312,0.051926667974329904,-2.6110938554663754,0.7209792901346247
-0.004986349175525404,0.010055112417050477,-9.138921580336186E-5,0.008315856906078258,0.17299755636667177,0.05301893286669524,-2.6000747799814192,0.7121777544218095
-0.005000394746384635,0.010062827605569672,-1.0467730754264131E-4,0.00833253255340886,0.17624155096463,0.06821248882448809,-2.611811795504716,0.703467928112064
-0.004986508734389705,0.010070858474199444,-1.1750292110243995E-4,0.008315485954777853,0.1675964489678373,0.06937340463898158,-2.6007955077711995,0.6947335717452116
-0.00500061677545759,0.010078532631204675,-1.308660241775096E-4,0.008332162342721086,0.17141664777452936,0.08458289041131367,-2.612467244220931,0.6859701886587063
-0.004986736980346212,0.010086609565165383,-1.436248003608783E-4,0.008315052030434207,0.1621122014302572,0.08573840119835163,-2.6014763410482433,0.6773073727190323
-0.005000888133336492,0.010094236641409177,-1.5705634485574008E-4,0.008331709832328789,0.16665780073112604,0.10101162939400803,-2.6130659298110563,0.6685111981709388
-0.004987035359101917,0.010102361525279577,-1.6974929420904958E-4,0.00831455703571176,0.15662856931681,0.10212465212750547,-2.6021156817191957,0.6598961484186874
-0.0050012088155440915,0.010109939502481563,-1.8324365193687998E-4,0.008331175063009044,0.16190891591378703,0.1174636710099472,-2.6136191582578365,0.6511069429540268
-0.004987402471313994,0.01011811062331725,-1.9587087646227248E-4,0.008314000070707738,0.1511589081893818,0.11854025504458766,-2.6027077135399157,0.6425005125443285
-0.005001578817366836,0.010125641080081592,-2.094236275533227E-4,0.00833055817153078,0.15712195976251486,0.13389447739557195,-2.614138760873504,0.6337695071846554
-0.0050019981338448065,0.010141341239237565,-2.355842688307764E-4,0.00832985954780384,0.15177607697336293,0.15023874953099833,-2.6146244718314704,0.6164986526090205
-0.004988311644524815,0.010149585748744812,-2.4808454112653977E-4,0.008312669528812988,0.14065050537574833,0.15145745283517095,-2.6037291241531553,0.6077895897612481
-0.0050024667597618295,0.010157039844353498,-2.6171507395079756E-4,0.008329079586089413,0.14511027768571566,0.1664422829196569,-2.6150549069888602,0.5992638651475926
-0.004987834379356351,0.010133852655197928,-2.2198362637995334E-4,0.008313377748270243,0.14577647482281206,0.13499000093513802,-2.603248224920747,0.6251266484778789
-0.004988797129326945,0.01016531152444834,-2.7417189048733066E-4,0.008311834717009874,0.13580385522014285,0.16788879685978322,-2.6041322712283335,0.5905111632667764
-0.005002984689635677,0.010172736759216247,-2.878314968678341E-4,0.008328217895823019,0.13759043483425443,0.18254954698092227,-2.615403051921975,0.582007769059204
-0.004989272386582923,0.010181037162398454,-3.0025026521319077E-4,0.008310851575581093,0.1308684897192998,0.184233716700225,-2.6044459257161208,0.5732997277417321
-0.005003551917708423,0.010188431847002627,-3.1397025364394E-4,0.008327273238901617,0.1311056614366901,0.1987196048061923,-2.615662125473452,0.5646911096568501
-0.004989771979205037,0.010196780602433272,-3.263484550741686E-4,0.00830975488831726,0.12547319434828283,0.2005180777800473,-2.604692804919545,0.5561261695382829
-0.005004168437936931,0.010204124970286515,-3.401454238058509E-4,0.00832624497074542,0.12642163033551626,0.21508020208271464,-2.6158440256082054,0.5473353777938195
-0.005014201401274545,0.010376579782977362,-6.276354106011751E-4,0.00830952038126992,0.07053746847130597,0.39607281417291396,-2.6149617948841244,0.35990403629835344
-0.0050009166421536464,0.010385464039614361,-6.393014253768546E-4,0.008291561340205022,0.060308799706521414,0.3973871594337534,-2.604404775257274,0.351345451878399
-0.0050130431569171624,0.010360917504742087,-6.015128081512901E-4,0.008311452137438918,0.07498458517979065,0.37963220840764816,-2.61527843667647,0.3768151266985436
-0.00499970888689518,0.010369764908326395,-6.132602648500854E-4,0.00829352291576378,0.06578654910782179,0.3809389698008012,-2.6047227597430083,0.36826779590555286
-0.005011934116815128,0.010345251712533227,-5.753911007284053E-4,0.008313301430177123,0.079845709185756,0.3632455134229245,-2.6155557505080016,0.39376634702443697
-0.004998578207568726,0.010354063055769983,-5.872214566572225E-4,0.00829543187414195,0.07131834204175913,0.3645362820711868,-2.605004504146614,0.38519857035375443
-0.005010874290742819,0.010329582549946167,-5.492854339248969E-4,0.008315067236604134,0.0857332548922954,0.346937087120509,-2.615779523301237,0.4107230133488602
-0.0049975154570185394,0.010338365286119552,-5.611910291011686E-4,0.008297276649970804,0.07666099709264741,0.34815601863185086,-2.605242774395825,0.40213991147775335
-0.0050098636880925584,0.010313910160050264,-5.231891923710428E-4,0.008316750077710046,0.09220082333563405,0.3306502466620019,-2.615938575330885,0.4276656552287256
-0.004996490761594401,0.01032267339519253,-5.351651640191035E-4,0.008299024275481591,0.08176122697627601,0.3317599577086358,-2.6054201210015537,0.41910726905735457
-0.0050089023178828546,0.01029823468538191,-4.970840011233632E-4,0.008318351180616716,0.09829194788002778,0.3143110342592268,-2.6160360452155267,0.44460523070347363
-0.004995484485913416,0.01030698728271969,-5.091417245535212E-4,0.008300654547970967,0.08680998948254172,0.31533670826796856,-2.605525727656593,0.436109790689625
-0.005007990188766738,0.010282556267937625,-4.709637188812326E-4,0.008319870906553005,0.10383588826923344,0.2978985729755808,-2.6160863466788933,0.4615642520112447
-0.004994503861377664,0.010291303594601474,-4.8311884476897644E-4,0.008302176053531528,0.09198828021129345,0.2989066496675752,-2.605564471780013,0.4531471957075964
-0.004990349716785585,0.010212556371679659,-3.5249773803419795E-4,0.00830860144448113,0.11969401370223952,0.21681854252261487,-2.6049115087699524,0.5389442595335344
-0.005004834243983439,0.01021981599104591,-3.663384861564187E-4,0.008325133638229338,0.12266629481520795,0.2316231355477573,-2.6159655540671776,0.5300050258244745
-0.005007127309040209,0.010266875049167085,-4.4483409764426254E-4,0.008321308858158892,0.10931040070274574,0.28142240949830855,-2.6161028260848473,0.47856107902769707
-0.0049935626384396276,0.010275610776888818,-4.570805852828933E-4,0.008303605749940879,0.09725308668838632,0.28247840310503797,-2.6055410517055333,0.47022472159032386
-0.00500631368665081,0.01025119116996617,-4.186917484784686E-4,0.008322665117460545,0.11454047181156646,0.2648744210503023,-2.616088945952433,0.4956160294737281
-0.0049926625909073544,0.010259893606879301,-4.3100288695870575E-4,0.008304947687979474,0.10256699346137284,0.26604143985945966,-2.605452301422389,0.48735161338099947
-0.005005549329206298,0.010235504770669994,-3.9252593138663374E-4,0.008323940110217877,0.11893728592364056,0.24825522037403128,-2.616043839777685,0.5127582509192663
-0.00499181027911198,0.010244140346011012,-4.048691394439354E-4,0.008306210362639203,0.10806298578898103,0.24959886035646137,-2.6053041852297025,0.5045284932939157
-0.004991030960188947,0.010228353278658653,-3.78687188942209E-4,0.008307420458917794,0.11381464036779786,0.2331804191810409,-2.6051176250503176,0.5217373717096848
-0.004993978991373777,0.010473103042033173,-7.807846875703333E-4,0.00826221334875177,0.03195167088502265,0.48815830310618896,-2.590079865864828,0.25251142384225106
-0.004980095714913595,0.010482464161979644,-7.921658384875255E-4,0.008243352068013536,0.02709889491776626,0.4941549001826549,-2.5781972552420567,0.23954725711155847
-0.0049924594789230925,0.010457315280908963,-7.547199787130428E-4,0.008264620596128243,0.03713988658081802,0.4716064731122404,-2.590657638345728,0.269359777553653
-0.004991140414027307,0.010441541356913416,-7.287175510115513E-4,0.008267115803376766,0.042289217954663394,0.45510358420355773,-2.5912999561551726,0.2862506542432796
-0.004989936599235404,0.010425814634548197,-7.028053823763406E-4,0.008269592092688268,0.047518269501173854,0.4386617110723446,-2.5919376859204992,0.3031329828313039
-0.004988663050072403,0.010410105900582516,-6.76889870506025E-4,0.008271841140220016,0.05284602001258625,0.4222245173395763,-2.5924280505926762,0.3199869620800608
-0.0049873023571575855,0.010394390568692216,-6.50930915945673E-4,0.008273847898524969,0.05817299185720056,0.4057740008931318,-2.592757883670302,0.3368263451595989
-0.005000394746384633,0.009937172394430333,1.0475868514800577E-4,0.008332531501295266,0.2179957262939433,-0.06314179824681522,-2.6044264647244177,0.844327379175824
-0.0049862742182469775,0.009944815968134298,9.154659668821488E-5,0.008315759915221564,0.20988629234292025,-0.061905465915298795,-2.5930687579051326,0.8353519573376901
-0.005000222050368731,0.009952878302440087,7.856570286007874E-5,0.008332819532666786,0.21331471048499054,-0.046722344810068345,-2.605531123777383,0.8265327545349427
-0.005000616775457591,0.009921467368795327,1.3092992662254303E-4,0.008332161530486583,0.22340280703546087,-0.07943851456212062,-2.6032510403626805,0.8621195071480833
-0.004986528026135448,0.009929071382676033,1.176604480596677E-4,0.008315487249027474,0.21521511881803604,-0.0782474645928013,-2.5918820147008597,0.8530187607594053
-0.004986091519474591,0.009960575398800709,6.541074021379821E-5,0.00831597261546397,0.2044216783320734,-0.04555793320929775,-2.594218641008922,0.817698996199279
-0.005000098691445171,0.009968584960421897,5.236233051413073E-5,0.008333025354521744,0.20889842204350817,-0.030196617255121978,-2.606572750047619,0.8087682821417106
0.005398839222606494,0.008043135288126545,-0.0032614196951294607,0.007668454711418947,0.5654565305695565,-2.0426170216951554,1.7419952540521226,3.114919678727017
0.005392714184532193,0.008057600088913423,-0.003237321581348375,0.007678658953252677,0.5654474440690501,-2.0291852363605436,1.7562075687307,3.098858559866885
0.0053829498676087285,0.008044834049665581,-0.0032405725280637075,0.007652510513127171,0.5571123826152786,-2.0310132993016237,1.7319672409275422,3.089703835233809
0.005405009681636416,0.008028689782366835,-0.003285471168867136,0.0076581809530535,0.566046893224608,-2.0559134515449684,1.7276871423393032,3.1308180375892554
0.0053891484146348706,0.008030365819235684,-0.003264578687532524,0.00764229194990354,0.5562988444490413,-2.044310232368606,1.7178037883093535,3.105422074567292
0.005386634628544868,0.008072084039835076,-0.003213168811976038,0.007688796969490259,0.5664546706628505,-2.0155703242767817,1.7703429837439604,3.0826777520357513
0.005376772447450599,0.008059343387790728,-0.003216484699505627,0.007662650988168152,0.5576085187690637,-2.0176289897935678,1.7459941203544929,3.0738422044402385
0.005380600615198654,0.008086586996046871,-0.0031889688945852617,0.007698865486143214,0.5681907998360318,-2.001784836055851,1.784389817000137,3.0664347998977077
0.005370647707848508,0.008073901260848327,-0.0031923411540116012,0.007672754313442144,0.5577980078038577,-2.0041532265263133,1.7599339472926498,3.0578651943284467
0.005374612204472542,0.00810110881275792,-0.0031647395411093467,0.007708857095277101,0.5699017725970325,-1.9878960581783776,1.7983142215823236,3.0501670993914822
0.005364604126610689,0.008088496085583418,-0.0031681846114625972,0.007682838223457161,0.5578542297397365,-1.9905832652169397,1.7738140361667278,3.04180822882987
0.005368669455772495,0.008115649345237107,-0.0031404995225973406,0.007718764138283739,0.5707994168128092,-1.9739877783208282,1.8120767376534725,3.033866068970852
0.0053586485766680065,0.008103105618950423,-0.003144045940902621,0.007692886882084333,0.5579835878736753,-1.9769187935183263,1.7876244603435942,3.025692555157274
0.005362772427933635,0.008130208448819098,-0.0031162605426306596,0.007728581971078306,0.5700086865800903,-1.9601134762327785,1.8256469401615056,3.017467486750025
0.005352759430671345,0.00811771151054518,-0.0031199209346626272,0.0077028591231515535,0.5583972613129423,-1.9631645021368944,1.8013245420126187,3.009515967865029
0.005356921179222513,0.008144785978910383,-0.0030920036486296377,0.007738318360978304,0.568173888703082,-1.9462305370877442,1.839047083390426,3.0009003715160407
0.005346889982819212,0.008132303225139926,-0.0030957724719581584,0.007712694399812849,0.5591084291908625,-1.9493382743693421,1.8148416321343441,2.9932421808506766
0.0053511157673393935,0.008159381790995318,-0.0030676869923846584,0.0077479900722469955,0.5676709440472909,-1.932207429626309,1.85235480697544,2.984169128203559
0.00534101337785035,0.008146889030439869,-0.003071566770588377,0.0077223706964051906,0.5596466783393462,-1.9354589777725248,1.8281327029120098,2.9768330319331935
0.005345356249420673,0.008173995740642207,-0.0030433011155157268,0.007757600749851345,0.5691352058814764,-1.9179684598228597,1.8656103044686165,2.967350052068248
0.005335163507335039,0.008161503722514804,-0.0030473016176433836,0.007731959195689384,0.5596047546714148,-1.9215183534102633,1.8412664257664735,2.960302974721476
0.005339642682041291,0.00818862768350935,-0.0030188773269833706,0.007767137948623846,0.570981366383151,-1.9035754947205958,1.8787742988507805,2.9505113199083826
0.005329393443398227,0.008176172863062993,-0.0030230002502787258,0.007741544652992131,0.5591991204706117,-1.9074886062975616,1.8543477347387138,2.9436937483298116
0.0053339751212172605,0.008203277475351158,-0.002994446659645407,0.007776589531759027,0.5717916136562219,-1.8891500697720336,1.8917841749679785,2.9336615057316044
0.005323719506414192,0.008190880765054684,-0.0029986940736167656,0.007751130087907219,0.5588715665088673,-1.8933555215493045,1.867396650238487,2.9270286246563213
0.005300938961069021,0.008291542990765968,-0.002847354078558901,0.007831642562966288,0.5694156118688607,-1.8015724068597667,1.9668705070512251,2.8301497451855284
0.005285065055448255,0.008294104024069934,-0.002827744312756493,0.007815612939130441,0.5570633505940173,-1.792571096553747,1.9546689024549393,2.8081063970831734
0.0053063293371923064,0.008276789128081427,-0.0028719889892955164,0.007822642103081055,0.5677037557480208,-1.8165769350942755,1.9545780710824285,2.8476365928819836
0.005290425784254979,0.008279248658485268,-0.002852299091794717,0.0078065538356702205,0.5580192072929098,-1.8071813621941242,1.9425149318934503,2.8253520223401143
0.005249594624691072,0.008439984368592408,-0.002599941626091348,0.007917219176695998,0.5632001267954289,-1.6505048796571928,2.081711638669414,2.6523170792385353
0.005244717217658646,0.008454915646326116,-0.0025750770348445602,0.007925341388293242,0.561235982848737,-1.6350802178619934,2.092471334337143,2.6342450045649026
0.005233885951025321,0.008443089189196994,-0.0025810808433756097,0.007901364855433538,0.5497377144664152,-1.642703424724756,2.068837600279496,2.631928676305676
0.0052398867331516835,0.008469862200069995,-0.0025501931392477493,0.007933383377719557,0.5587603581472721,-1.6196849538511071,2.1030774438167206,2.6160840325196597
0.005229049353125414,0.008458065353991427,-0.0025562967889402794,0.007909530644963912,0.5490229778352259,-1.6273964813293575,2.079586084338681,2.613998643992962
0.005235103217132527,0.008484823888579553,-0.0025252604137141798,0.007941354750560145,0.5575659890408151,-1.6042394246198979,2.1135760414796465,2.5978517750987775
0.005224220140653415,0.008473051223156046,-0.00253146149220205,0.007917569490736626,0.5480845918259907,-1.6120430171757238,2.090144591201119,2.595981537559418
0.0052303667150690415,0.008499800570831094,-0.002500291683315712,0.007949251400693564,0.5570655441877146,-1.5887436366980519,2.123960849338616,2.5795906258996837
0.00521943388912298,0.008488065005907706,-0.002506582207195913,0.007925536133978719,0.5467601689206228,-1.5966212573981713,2.1005738904627695,2.5778908538293304
0.0051915700220476054,0.008578445983595844,-0.00235668549576218,0.007971521591713686,0.538464797605989,-1.503188061720868,2.16034900956704,2.4683408375284173
0.005207390722771273,0.008574904804645981,-0.002375148419591806,0.007987535694740651,0.548128161721485,-1.5107809295697006,2.173769906561138,2.4872168046352847
0.005225677271938597,0.008514792106028147,-0.002475320975865335,0.00795706254821127,0.5550986587645259,-1.5732668204365916,2.1341829762903135,2.561283627395816
0.005214712959293464,0.008503098445510818,-0.002481686038555949,0.007933449289945604,0.5454939854686907,-1.5811291063926889,2.1109097890789705,2.55976283700505
0.005221034932232108,0.008529798353607839,-0.0024503390620580464,0.007964791074518399,0.55215636306006,-1.5577976415525638,2.1442454522528656,2.542879396707277
0.005210023943353748,0.008518128997056165,-0.002456774099217539,0.007941252709195178,0.5445077918101329,-1.5656017050055182,2.12109291461554,2.541596636312352
0.005216439712524502,0.008544819263429001,-0.0024253130064024434,0.007972447154839723,0.5502580029055196,-1.5422427017818894,2.1541957883429177,2.524376172006378
0.005205340587515817,0.008533165754627882,-0.00243181510921528,0.007948923442458856,0.5433738923240735,-1.550054728756895,2.131085031901696,2.523362442559186
0.005211891625397759,0.0085598548013954,-0.0024002430680658956,0.00798003065703407,0.5492885358558314,-1.5265619751248851,2.1640443616714715,2.5058143274040474
0.005200688336325415,0.00854823498469954,-0.002406796422337659,0.007956511060531914,0.5418417521927689,-1.5344695967486268,2.1409378290547205,2.505058780798391
0.005196097398411349,0.008563334730108074,-0.0023817444039556587,0.007964048050794937,0.5401490554619047,-1.5188419412725194,2.150695745817614,2.486712267342766
0.005157781017836729,0.008642784813187683,-0.0022379521545860593,0.007984883780621512,0.5254765823139788,-1.4286545510521391,2.1872886361072994,2.3704349977927595
0.005161972169674063,0.008627512343542516,-0.002263006600387612,0.007977520399949138,0.5271867845533809,-1.444396437530093,2.178027211458312,2.388704967290692
0.005166279164806771,0.008612271774486742,-0.0022880646755498147,0.007970171614883663,0.5288695969952962,-1.4601157103967426,2.168715486015206,2.407005206805539
0.005170682430110675,0.008597070526837908,-0.0023131022207637255,0.007962820897070226,0.5305213083527925,-1.4757967225933362,2.1593429227924266,2.4253075178651815
0.005175166195991583,0.008581896936763896,-0.0023381241630548552,0.007955440620597718,0.5321424152074986,-1.4914415835159902,2.149886028066675,2.4436028589524432
0.005129751320026568,0.00874963240447449,-0.0020624651429071374,0.008033822217974206,0.5114612919935059,-1.317800080885262,2.2483621920467622,2.241861711454115
0.005145806290874684,0.00868851013334077,-0.002163119081131162,0.008006726136003806,0.5198686169187177,-1.3814823110048204,2.214476379215751,2.3158999224969556
0.005141697354130572,0.008703680910843125,-0.002138101050766849,0.008013523563397613,0.5177131919467274,-1.365678941613561,2.2230377914406714,2.2974818228945844
0.005137541934821218,0.00871892192986967,-0.002112909625760335,0.008020174940479503,0.5156027509160568,-1.3497575726202855,2.2314386293484003,2.278881945067957
0.0051335654303087935,0.008734265970157107,-0.002087664652826078,0.008026968111294523,0.5135790215265009,-1.3337782529390532,2.2399047005535233,2.2603278884476485
0.005133616682181101,0.008677177982325373,-0.002169914211835621,0.007983646637529323,0.5135515980610575,-1.3881235488744144,2.1939227010644977,2.312583270629491
0.005137216785057789,0.008661952997072576,-0.002194398352407716,0.007975971040104822,0.5151938648065304,-1.4035603778211252,2.184608870930324,2.3301290199421767
0.005140935583954651,0.008646571766151266,-0.002219144428467761,0.007968165646754748,0.516824347761264,-1.419130405203493,2.1751042970073864,2.347853413478068
0.00509852737183472,0.008815249845582086,-0.0019440511566851636,0.00804381966717002,0.49380228875493076,-1.245470652545742,2.268421592449154,2.1473984485509052
0.005101993149375807,0.00879990930877388,-0.0019689944654365365,0.008037205829941406,0.49609677725871154,-1.2613319029352874,2.2604202109398877,2.1655631655266245
0.0051057146058802495,0.0087844934567962,-0.0019941869223909854,0.008030695017606391,0.49844625630275613,-1.2773019956615899,2.252435546490744,2.1839945938064536
0.005113670229782871,0.008753860637020647,-0.002044536516447274,0.00801798360397203,0.5031428998977324,-1.3091067219038675,2.2365778404397534,2.2210212693041282
0.005109727442295897,0.008769154787481281,-0.002019437325267034,0.0080244370288496,0.500854751479623,-1.2932504605793722,2.2446074892392414,2.202593955049617
0.005094935524971542,0.008830455653666943,-0.0019191790556364018,0.008050048023220074,0.49138293373215797,-1.2296756189037017,2.276043682467936,2.129175110566256
0.005091183784313579,0.00884575243734846,-0.0018940290112528459,0.008056007238464377,0.4887924576660478,-1.213725457050476,2.283414891773749,2.1106528208619433
0.005087589167137305,0.008861264275995017,-0.0018686311207554082,0.008062151579912429,0.48620677153380215,-1.197578010938944,2.290919766946939,2.092023528608862
0.005254518907788254,0.008425068508327808,-0.0026248127017846784,0.007909008183629357,0.563541638042802,-1.6659930512199053,2.0707750049655607,2.670347728444849
0.005238743051906483,0.008428108511960365,-0.002605839840750627,0.007893075367316487,0.5506723076308379,-1.6579601163972402,2.057916513014512,2.6497980919802377
0.0052226592967623145,0.008431079658901575,-0.002586904729875205,0.007877458627733258,0.545709330953792,-1.6452478683673106,2.048665312841869,2.6240909717067695
0.005274683853955189,0.008365562078288622,-0.0027240581057771385,0.007875377111513643,0.5645280892600832,-1.7268868599084264,2.0259150527238305,2.7423736301515915
0.005264179432674859,0.008353569473452997,-0.0027294572785418994,0.007851072755930935,0.5556363320051637,-1.7331968359833134,2.0021515445297413,2.738464979938199
0.005259490019987283,0.008410168207199323,-0.0026496872414673383,0.00790070928756918,0.562587220800571,-1.6814774737637264,2.059686177850078,2.6883927347799514
0.005243666582703793,0.008413130498337073,-0.002630602761317958,0.007884719486589324,0.5519653312819343,-1.6731435000391268,2.046895090175949,2.6676322313432426
0.0052645079138193066,0.00839528360707569,-0.0026745367194994396,0.007892331980384823,0.5616480407430038,-1.6968296074081752,2.048497240343135,2.706456051944729
0.0052486927072639715,0.008398180027400294,-0.0026553712310760607,0.007876358569973799,0.5534247287495347,-1.6882394800742164,2.035838413939132,2.6854357261982837
0.005269572541305845,0.008380414850021051,-0.002699327565794085,0.007883887672551649,0.5623555928895345,-1.7119568346486795,2.0372469363464605,2.7244772850648125
0.0052538174839993545,0.008383277313099308,-0.002680119776347385,0.007868004815935971,0.5546266080605203,-1.703259575478085,2.024746654885511,2.7031920813985963
0.00525899334047925,0.008368415122265035,-0.0027048176089660976,0.007859598194570662,0.5552941355980062,-1.7182373060557887,2.0135413149583417,2.7208711948194595
0.005253474480674925,0.008341469513989777,-0.0027348271602203283,0.007827121241416728,0.5507295408283169,-1.7349690230176886,1.982106624741346,2.729739413008192
0.005263822359647359,0.008311659944298756,-0.0027837207330710465,0.007809312861446874,0.5520997750120339,-1.7642562968605606,1.9586335037145617,2.7640550230487624
0.005258685203644302,0.008326604990419696,-0.0027592857774967547,0.007818372293657271,0.5514769258647528,-1.749649592931007,1.9705262568028628,2.7469944740251653
0.005268900901330707,0.008296647847921211,-0.0028081236487169747,0.007799971877320041,0.5525142544099849,-1.7787807754859453,1.9464552741521415,2.780921082170249
0.004957718319318788,0.009587709018425563,-6.731276314894904E-4,0.008234606108283306,0.30855697291300926,-0.4382215875307724,2.5085565712873783,1.222296191823203
0.00495818209738475,0.00957076326495963,-7.005512317718531E-4,0.008231065477598444,0.3130701718747488,-0.455896275317966,2.5045263601553494,1.2412929519394247
0.004960303818046807,0.009554222958865868,-7.277108957938525E-4,0.008229417596987658,0.3180228933763834,-0.47303159894923263,2.501923806847124,1.2606336795639523
0.004979850401716814,0.009516711979404357,-7.933810295870412E-4,0.008242501741580923,0.33431935757246994,-0.5110381197053856,2.50874122383988,1.3120167636083535
0.0049815268393070145,0.009500954425301624,-8.19278821431121E-4,0.008240042084773788,0.33881215228664074,-0.5274949799597087,2.5055751243094377,1.3304196177160608
0.00496408210924274,0.009522714267195883,-7.793703606390617E-4,0.00822553455305599,0.3271954849158076,-0.5057365415761154,2.4963691449491834,1.2973929210685318
0.004962273958426095,0.009538402257141249,-7.536720822641633E-4,0.00822762575600807,0.32266272602258544,-0.48944688012767257,2.4992658196117916,1.279132205692565
0.004941878870501838,0.009596494532567496,-6.552917009230727E-4,0.008218024388789035,0.30096118120128096,-0.43028160892775696,2.496890297086431,1.2051199710842806
0.0049448351026363715,0.009610975400990826,-6.326916725127033E-4,0.00822478343984087,0.29821010661162156,-0.4149726774659791,2.503115006897463,1.1905242645420449
0.004940539649435682,0.009626055468382251,-6.074973556756941E-4,0.008223029034148009,0.29282047599169414,-0.3996111971607002,2.5030457963789687,1.1718933263071991
0.005062181213055563,0.008969135925012419,-0.0016908624092002412,0.008100337693264728,0.4658756861942234,-1.0846698736527853,2.3380988344596045,1.960841501944251
0.005065882104160659,0.008953379276384047,-0.001716905912063693,0.008095188592334232,0.46906724389241766,-1.101200803319603,2.3316936697906425,1.9801046753964464
0.005069797964495985,0.008937902725816658,-0.0017426343686251695,0.008090317043353173,0.4722699215117549,-1.117480992774645,2.3255077034694627,1.999247178417906
0.005073677241025014,0.008922678721672263,-0.0017679402459813093,0.008085415464005917,0.47534290069592183,-1.1334937939542515,2.3192853078310383,2.0180731678762065
0.005077335435600781,0.008907494775125648,-0.001793023257327867,0.00808013651472861,0.47824385145754755,-1.149413978227882,2.312722916186434,2.036629495987325
0.005071575462045483,0.00886577961251322,-0.0018513316359932816,0.008046281302679712,0.4784715736227913,-1.1892588106471569,2.279114400106698,2.072284319796705
0.005067904269158212,0.008881306622564873,-0.0018259557894168838,0.008052149202356503,0.4757604817872066,-1.1731872273786645,2.2863202097740367,2.0536957481005143
0.005065020373278988,0.008896630542702075,-0.0018013538902587924,0.008058666638220484,0.47334532992348016,-1.1574731903968205,2.293955353839166,2.0359914886888615
0.005025729148549017,0.009172168510275162,-0.0013589326026211537,0.008166669264900063,0.4235879618171659,-0.8720784132434597,2.416836755887909,1.7188318322128104
0.005028275069611611,0.009156451572741114,-0.0013846635663053953,0.00816208424494518,0.42714884632114375,-0.8885648819544173,2.4114176581614792,1.737530920456878
0.00503092704362468,0.009140679635797186,-0.0014105039875963428,0.008157451631577222,0.4307047730576458,-0.9051122203124929,2.405919576243321,1.7563457817073667
0.005033641258535335,0.009124976668153066,-0.0014362413771677079,0.008152780703164718,0.43419715651319885,-0.9215878441996682,2.4003592986473508,1.775109044907816
0.0050364565581810525,0.009109525451018964,-0.0014616133734004103,0.00814821275859169,0.43764720301225646,-0.937806238400872,2.394874332936151,1.7936570447948956
0.005032089488103512,0.009036723593070036,-0.001570936331036433,0.008103946223486145,0.4451226141882411,-1.011543487494427,2.3503972026592304,1.8662545884226314
0.005029347246133232,0.009052464445556524,-0.0015454599412014448,0.00810942715159055,0.44202598716629,-0.9952406494929261,2.3568323586472064,1.8478190245149089
0.005026991236945047,0.00906832544386478,-0.0015199729527857221,0.008115280790003931,0.43901007617630045,-0.9788495432228537,2.3635384657174794,1.8295253439578965
0.005025133837905583,0.009084094629188594,-0.001494848858726693,0.00812152438273553,0.43614873264347637,-0.9625896312646479,2.370502208901835,1.8116684980536928
0.005023509583277509,0.00909930614549958,-0.0014706539888326125,0.008127604885668036,0.43339696827225144,-0.9468935647892586,2.377227732919177,1.7945153726394676
0.005041337144111697,0.008989840212800661,-0.0016472261678874532,0.008088018114917751,0.4543932167990819,-1.0601684104336266,2.3312958261494003,1.9218214852860094
0.005044599015327577,0.008973882888384148,-0.0016731923859220849,0.008082431305226527,0.4574543534370678,-1.0767034450971542,2.3245772759416226,1.9407510618445503
0.005023397181684079,0.008994859842223453,-0.001629204804107382,0.00806988573044338,0.44592920989031226,-1.052034413723918,2.317697209834911,1.9015905322246465
0.0050170744188229996,0.009025910468514928,-0.0015788894243688753,0.00808024555214912,0.4397846359590889,-1.0200914306864937,2.330210460125294,1.8650444727175681
0.005020206710989138,0.009010393820745267,-0.0016040323167223244,0.0080751081534485,0.4428771075140583,-1.0360574557704652,2.3240085617154875,1.8833027497066868
0.004998066924020128,0.009360101577051192,-0.0010506051571289256,0.008213502714389377,0.3772672554844691,-0.6749306944540705,2.4728155516513177,1.495786769499204
0.004995560249908629,0.009375692143684356,-0.0010248278507117914,0.00821620652691715,0.3729595322689651,-0.6586043229769616,2.4763493092103803,1.4771017308045626
0.004993094961073195,0.00939155368918658,-9.986249068956047E-4,0.00821891310626212,0.36854199845946584,-0.6420043271326494,2.479885244366008,1.4581486022923276
0.005003379446487516,0.009313004586047148,-0.0011275175631728414,0.008201792716816704,0.38899288100770546,-0.7243179716247742,2.459195833475001,1.5508328034947854
0.005011067615372606,0.0092657956210005,-0.0012053546247340634,0.008191551952454938,0.4012484117601631,-0.7738335995426834,2.446488096778656,1.607380074802169
0.0050083032416117544,0.009281355000856346,-0.0011796209064120526,0.008194797959745398,0.3971786706119839,-0.7575048813406794,2.450601534744766,1.5885974607082671
0.005005566126792755,0.009297101432452357,-0.00115359045105924,0.008198010491158229,0.39301413424300385,-0.7409899322806007,2.454681073502726,1.5696310588409956
0.004998057545661163,0.009255790526691975,-0.0012155461739238435,0.008171897614261285,0.3976918950961816,-0.7838178594553106,2.430004835013691,1.6097086959734435
0.004986975683260003,0.009319045331968928,-0.0011114991303325045,0.00818477997350322,0.3812309679633947,-0.7178264993996617,2.4465068201938744,1.5340534155530534
0.004985819899225302,0.00933495730026288,-0.001085920947225897,0.008189579397345671,0.3775900503075608,-0.7012577989892791,2.4518023779418883,1.5160146168635693
0.004984775758089469,0.009350353596131847,-0.0010611614726514281,0.008194169833327852,0.374039425094945,-0.6852110292504109,2.456858323139588,1.4985729475096132
0.004999443579284682,0.009240180761793464,-0.0012405971928907535,0.008166766132527538,0.401057753745595,-0.8000539912752916,2.424331017372253,1.627464460864018
0.004987159028598951,0.0094545430823618,-8.956967124926228E-4,0.00823278590573853,0.3520342696275307,-0.5759881878343491,2.496126996532109,1.3850102565502762
0.004985335441669478,0.00946988035408885,-8.704644660753783E-4,0.008235366296549631,0.3477366177590764,-0.5599477083199452,2.4994097242964113,1.3669832663351977
0.004983357189946897,0.009485302287002163,-8.450393587452954E-4,0.008237652237022067,0.3433023081777608,-0.5438405750002588,2.502454325808953,1.3487883107462812
0.004973769535471816,0.009445352112298614,-9.061959224686975E-4,0.008214058347460425,0.3491388833984883,-0.5861989645643569,2.4809478869429893,1.38795286145256
0.004974215629767528,0.009430071331425484,-9.307364398706549E-4,0.008209649691839037,0.35278234887022425,-0.6021573249048551,2.4762014879993455,1.405029905247015
0.00497488277686496,0.009414190857467676,-9.562655789233775E-4,0.008205164457390427,0.3565830558474419,-0.6187211596469719,2.4713189953680827,1.4228593312732174
0.0049761779195922175,0.009397896926487128,-9.826276570592818E-4,0.0082011311343049,0.3606522721784433,-0.6356953504322828,2.466721896328099,1.4414751591074515
0.005008213715358594,0.009193219319978416,-0.0013178498141728494,0.00815589503485766,0.41271874235489575,-0.8490922439851599,2.410647045374589,1.683847274175097
0.005009932138218273,0.009177728003680703,-0.001342742986650895,0.00815063726732679,0.41594081882029105,-0.8651846919307088,2.4047531085189853,1.7015911041160734
0.00500135553685523,0.009223912757756457,-0.0012668700808080927,0.008161817159944983,0.40466388360899513,-0.816976158047381,2.4186963847686687,1.6462395755531867
0.005005763865846153,0.009208855587476736,-0.0012923577115107768,0.008160213163343746,0.40909314576603334,-0.8327843748079163,2.4157821846242804,1.6653973006333158
0.004939155760693005,0.009643148575481127,-5.797049523489509E-4,0.008224978980296309,0.28782827651118154,-0.38193990066605243,2.5058779953051995,1.152403990297229
0.004941681782048108,0.00965842558747838,-5.555901582531171E-4,0.008230998992422063,0.28457094629348134,-0.3657946155213741,2.5115477493004352,1.136643162140219
0.004937470488390232,0.009673529674392093,-5.304278316051067E-4,0.008228938301232004,0.27910495164641497,-0.3504602697178399,2.511234088809051,1.118094718891734
0.004934850181319118,0.009689909750147557,-5.03536857192375E-4,0.00822884576333402,0.273847137948019,-0.3336813994197074,2.5124598980641006,1.0988770641873329
0.004933879455800974,0.009706312805602878,-4.7690726558029126E-4,0.00823053954452767,0.2690018402351342,-0.31672211784099247,2.5149876814314935,1.0803498613744074
0.004958859063031786,0.009881023348533528,-1.9539553025585798E-4,0.008280568742487676,0.22444517466350966,-0.1314135233437386,2.5638716162843083,0.8960180789588567
0.004957985852660981,0.009896744815935705,-1.695447856972499E-4,0.008280540435775302,0.21929057878526856,-0.11517306859224131,2.5649197771671983,0.8782070017984892
0.004957135637583856,0.009912648313143079,-1.4340394814908774E-4,0.008280408048431121,0.2140468407183518,-0.09875467491221429,2.5659013936689132,0.8602216467996154
0.00494466863296777,0.00987263922505707,-2.0811396882629884E-4,0.00826326776493906,0.22330728367949074,-0.1422871889226154,2.550983046522344,0.9002958264205755
0.0049336723357390816,0.009722536296476505,-4.506793001355299E-4,0.008232947558526644,0.2644026329345775,-0.29987513475185384,2.5180122914466376,1.062343778152545
0.0049441857599452615,0.009857143072596749,-2.3336342474802475E-4,0.008261499511866112,0.22791833393759028,-0.158480164271302,2.5486234650362456,0.9173163073966563
0.004943967021356496,0.009841218051402034,-2.593149045832506E-4,0.008259865334248571,0.23269813379081103,-0.17508161777440692,2.5463187859307026,0.9349051772144977
0.004934720808787173,0.009738274544287875,-4.254013831043603E-4,0.008236606678162723,0.260269092874003,-0.28339430661164483,2.521896925732779,1.0453847163716163
0.004948798030849837,0.009761478903323784,-3.897667295685763E-4,0.008256478844018004,0.2577409838637099,-0.2575348977835459,2.538085959508279,1.0253236858180441
0.004936644014196856,0.009752146348354708,-4.0322794269777296E-4,0.008240887940728156,0.25688120626348515,-0.26874436908855287,2.526072042559666,1.030825243866439
0.004947292801369689,0.009777224497539474,-3.6393807339480305E-4,0.008256786340845207,0.25268242848389105,-0.2413055222667164,2.5394718486163366,1.0072389705665363
0.004946924275659043,0.009793419645184055,-3.37519558686197E-4,0.008258342778505815,0.24781351390823914,-0.22446391685637246,2.541776850993753,0.9890943997747833
0.0049454413549059545,0.009809332857591368,-3.1142723265495923E-4,0.008258407608786898,0.24267499877102497,-0.20807655628570645,2.5429783702535382,0.9708490779837146
0.004944403786793885,0.009825215892051003,-2.8543913468724043E-4,0.00825884963584351,0.23763618456885868,-0.1916771059550387,2.544442380678248,0.9528255842312353
0.004941072098951119,0.009920427983226702,-1.2990198060075424E-4,0.008261878443460408,0.20761439196849493,-0.09317244023708963,2.5533547528629654,0.8460684807739652
0.0049259326992526185,0.009945033229938621,-8.9258725729964E-5,0.008245067789967519,0.19626449253480802,-0.07003973191830591,2.543229660025803,0.8137631223430911
0.004924836008542335,0.009928679537151515,-1.1576687997163979E-4,0.008243184831722488,0.20105999191176657,-0.0871298814873639,2.5407327966169855,0.8314098871692083
0.004927818651786887,0.010004757324523685,7.754724339402076E-6,0.008248163691616723,0.1779616651146969,-0.007970927916799994,2.549614517260324,0.7485990768989107
0.00492124793115329,0.010020489608243258,3.325368182717291E-5,0.008240364385064853,0.17155193314233005,0.00718589468122649,2.545273919016996,0.7292123445579308
0.004924523294245616,0.009988696116719879,-1.8329895383871217E-5,0.008244265093198115,0.18229385594259814,-0.02511491980282004,2.5457659797329364,0.7652204301705244
0.004914744210594805,0.009971231533417476,-4.6519222275381253E-5,0.008232612017555721,0.1855396368264717,-0.04469841528106589,2.5363398144401184,0.7812167727456409
0.004910170808641774,0.00995436770860289,-7.36805429166486E-5,0.008226899059962154,0.18967894990696219,-0.06280985165812801,2.5310915029684797,0.7982075708091844
0.004948304085249639,0.010237494454767886,3.880652326903028E-4,0.008256251567566306,0.10575242125133512,0.23580928519258562,2.5708749408910285,0.4989446913024089
0.004946930306833822,0.010253543784673852,4.1397613599859464E-4,0.008252400694758895,0.10018694482302316,0.25204837258504087,2.56932591012136,0.48102400681960594
0.004935583941490216,0.010229071632817477,3.727000814614017E-4,0.008242453931981662,0.1065855310987869,0.22462592691838065,2.560958462024766,0.5047940937728014
0.0049321698481640495,0.010215307927943684,3.499662029928432E-4,0.008240190481099918,0.11058256769936603,0.20981514070927787,2.558498094730775,0.518915075411897
0.004928203671157905,0.010198955317336856,3.2301909497302973E-4,0.008237467398791762,0.11531646875763503,0.1922472012715777,2.555543408497479,0.5357030735230026
0.004930681207994956,0.01016453177456192,2.67483906698135E-4,0.008243907735261858,0.12699226706208838,0.15731781812723858,2.5576241611674653,0.5740281615720072
0.0049249517427939985,0.01018026424507452,2.924171790670904E-4,0.008235669105779506,0.12086923503615712,0.1724181972386192,2.5530563267053914,0.5552308971365193
0.004931305576157532,0.01013347223459047,2.171120960600756E-4,0.008247257204344912,0.1372447018268521,0.1254495721651283,2.5578245498426933,0.6082364821070448
0.004926370088479766,0.010148560357681835,2.412015428445633E-4,0.00824027565435803,0.13142821263938728,0.14007615551783079,2.5540599615019404,0.5902975962814273
0.004926218280001941,0.010117027815055777,1.900561106307694E-4,0.0082424639100371,0.14164223627576436,0.10757761483697283,2.5534157142505047,0.6247963366541148
0.004915479514178706,0.010099745198973291,1.6140910326589288E-4,0.008230961405505275,0.1451864795031784,0.08787525808413614,2.5442849777902006,0.6405724063087518
0.004906435716053635,0.010048660374755772,7.853326191765623E-5,0.008222520688225694,0.15958003672842,0.03376570723995883,2.5348156484579323,0.6937093746084558
0.004907275159394723,0.010065168600847387,1.051877080040979E-4,0.008222978468184783,0.15455260389745254,0.05088761136425219,2.5363094163419677,0.6759201623011536
0.004909613530823765,0.010082319260254534,1.3295818763114743E-4,0.008225001196187113,0.14959508480108596,0.06892636172196585,2.5389308854212405,0.6578814185461166
0.004904146367299376,0.010032499294657852,5.242385983161692E-5,0.008220211379977247,0.1641675773269725,0.01675467737642738,2.5320490875463366,0.7106748341655581
0.00493014602713254,0.010262899747419021,4.266741979367048E-4,0.008231371173308811,0.09464328889945989,0.25829724016821526,2.555694100984093,0.4664545843434024
0.004914228823085464,0.01028947403347678,4.6694458237221415E-4,0.008208635993190038,0.08374858471924485,0.2823565578563066,2.5420243988800646,0.4334898294171586
0.004913929421548099,0.010273035376425836,4.4052892085745743E-4,0.008210903811520157,0.08902927366251874,0.2654673380805897,2.542451078198009,0.4512569655177896
0.005954915005069573,0.00706107377027107,-0.004898144736671787,0.006741678487719133,0.38672053711999227,-2.6982620029768998,0.4486872363831475,3.884079507667591
0.005945702090780216,0.007073796236880271,-0.004876911746465453,0.006757054323011671,0.39247325683339196,-2.6942454487092067,0.46925027199161856,3.8796795822308963
0.005938962912601247,0.007059201702224786,-0.004871621608576891,0.0067273404134746695,0.3811228188999072,-2.6826842112275853,0.45283866239750187,3.8534528627148767
0.005936529182831808,0.007086547594687285,-0.004855648155646515,0.006772350804901429,0.39717998511612307,-2.690072282137814,0.48974411424218783,3.8751301528698083
0.005929747463286175,0.007072010715660795,-0.004850477285136095,0.006742704841737575,0.3846802368020524,-2.6787397839908054,0.47312162370589655,3.8490476580870427
0.0059273963698165885,0.007099327720783185,-0.004834362751233883,0.006787561666689206,0.4002522400424718,-2.6857966178403068,0.5101307001878416,3.870361784069916
0.005920595965541085,0.007084847657533609,-0.0048293216320516785,0.0067580199335638275,0.3886223086748353,-2.6746409587756914,0.49339164414748543,3.8444947384472754
0.00591830373358797,0.007112136501017045,-0.004813033466921107,0.006802702764715209,0.40309742104606444,-2.68140157866779,0.530452571882828,3.8653518315633364
0.0059114728216075885,0.007097683298907611,-0.004808111377299377,0.006773213726126533,0.3927698135808542,-2.670358469663519,0.5135946994889894,3.839702908430779
0.005829607002505161,0.007241771900939664,-0.004596974506017739,0.006950530838147725,0.4401476607624067,-2.628257737307941,0.7316990869121144,3.8045717638658316
0.005820962260321794,0.00725488733011826,-0.004575111934655644,0.006964940990971541,0.4438410437523279,-2.622048498424177,0.7515716854759854,3.7974154626498247
0.005813661346083247,0.007240608292994277,-0.004571574447676203,0.006935628719597467,0.4331695877010699,-2.6128037537721442,0.7325955503857076,3.77389541129033
0.005812358765846113,0.007268029851185397,-0.004553192100340888,0.0069792903691357116,0.44841980475512894,-2.6156584786556323,0.7714133429101607,3.7901135508787713
0.005805004839281661,0.0072537800705300345,-0.0045497744829743,0.006950000851700944,0.43641973410128493,-2.606643657625686,0.7522029655769539,3.7667605949991425
0.005882336769500144,0.007163655606209029,-0.0047271465699984085,0.006862662763336376,0.4197249195140242,-2.6620405809371723,0.611540454858989,3.8434228654169673
0.005875317262034049,0.0071492632332988285,-0.004722719722712131,0.006833194991563435,0.4076736546333887,-2.6515978224599657,0.5938744229630997,3.8183911478792107
0.005891267790960423,0.007150733491861328,-0.004748686127230575,0.006847775796424015,0.41563448690723365,-2.6671301771495006,0.5913370714269195,3.849160457221698
0.005884274840269926,0.007136310582695316,-0.004744112353707649,0.0068182614260575815,0.40409310379590896,-2.656508931340945,0.5738435503569715,3.823966262805392
0.00590023935268864,0.007137839516247013,-0.004770190103181438,0.006832813418632032,0.4110105388423437,-2.6720754037406693,0.5710627621879517,3.854722225883172
0.005909251363970854,0.007124973809367006,-0.004791642600871973,0.0068177866874432015,0.406698385949863,-2.676836893056868,0.5507597339021031,3.860126534600607
0.005902367582805768,0.007110525918771951,-0.004786828404325326,0.006788290647324487,0.39676598511651834,-2.6658960734014165,0.5337209543711045,3.834655540580684
0.00589329528212465,0.007123397428049271,-0.004765487580905881,0.006803295234015087,0.40051331913119154,-2.6612751426138015,0.5537950737490136,3.829395562973407
0.005838292905748428,0.00722868369512679,-0.004618776204104025,0.006936062290956053,0.4374902302214487,-2.6342938193313965,0.7118009406209368,3.8115394525378474
0.005822359138722217,0.007227475088605128,-0.00459332402945636,0.0069212050036655355,0.4295784459137781,-2.618810204333947,0.7129396182722988,3.780838240322147
0.005847019882893541,0.007215622843988552,-0.0046405438799769876,0.006921517512687127,0.43391819366107187,-2.6401919921988095,0.6918271105752721,3.8182822499011686
0.0058310769139528,0.0072143576015768615,-0.004615002535463381,0.006906678826905194,0.42589715054609084,-2.6246492244252013,0.6932038740401837,3.787542168574948
0.005855787846272661,0.0072025894786609205,-0.00466228314140811,0.0069068927590677474,0.4291364141034883,-2.6459371662711195,0.6717769052182558,3.8248374579530515
0.0058398367169595275,0.0072012629395522,-0.004636637946805358,0.006892079903597976,0.4224986369437916,-2.630335647721076,0.673416978173159,3.7940660618771926
0.0058734463785158,0.0071766057290885464,-0.004705579144059649,0.006877469031850022,0.4225633004404566,-2.6568333352499165,0.6316522232473663,3.837455933137995
0.005866412312235162,0.007162238496744737,-0.004701300452284764,0.00684806324227475,0.4114713854242515,-2.646531102158866,0.6138661291206836,3.812651267002708
0.0058645967077086796,0.00718958373010223,-0.004683965627750313,0.006892207161425496,0.4251377335441558,-2.651483010996654,0.6517125112689369,3.831242430635155
0.005857530300061922,0.00717521998978668,-0.0046798171381625744,0.006862818248514361,0.41543329197395984,-2.6412940131746443,0.6337815487031228,3.8066836128041843
0.0058486616686482884,0.007188218179627708,-0.004658252386316238,0.00687746745566871,0.41915215022727564,-2.635887853525615,0.6536169713933128,3.800464809324247
0.0056646449400784196,0.007509077178150166,-0.004151499914786654,0.007225448254834733,0.501407956638013,-2.4765100583431066,1.1154762252017534,3.6270727567877556
0.005648658956663898,0.007508827436853111,-0.004127673846716765,0.007209833624846254,0.4948923331733069,-2.4611367556313404,1.1122183762843856,3.5971915084481103
0.005672491742345133,0.007495469648830561,-0.0041741728700387835,0.0072123737603935366,0.49895353852186314,-2.4854039133710484,1.0970537332405677,3.637682001257005
0.00565653193105908,0.007495202207054453,-0.004150284887163811,0.007196846892174868,0.4922116719774517,-2.470089538692442,1.0940183879314942,3.607708285396241
0.005680381264467138,0.007481886821520237,-0.00419679552233532,0.007199233446543604,0.4969950068372073,-2.49413832716265,1.078574779665791,3.6480927048450567
0.00566443587641987,0.007481611964067859,-0.004172831264079488,0.007183793814547103,0.489409058169107,-2.4789121262604574,1.0757271239235362,3.618052630762787
0.005745025956567024,0.007374129498678272,-0.004376353375286401,0.007091514980514398,0.47533296747346526,-2.559361663992785,0.9275120997764539,3.7248501258169546
0.005737314173561909,0.0073601510718942,-0.004373845707911138,0.007062622383605028,0.4623841191399723,-2.551891446328998,0.9070121297534838,3.703210277115748
0.005753296411412851,0.007360774994305903,-0.00439861323282922,0.007077729411125322,0.47199539725580136,-2.5669529808889457,0.9082343995056595,3.7335949191431563
0.005736797506241736,0.007387509904858334,-0.004354065405079946,0.007105221256324634,0.4777888596395707,-2.5516828430814544,0.9466749072337047,3.715914580625535
0.005729079057319342,0.007373565541586617,-0.004351712694810291,0.007076420727945798,0.46559088345855576,-2.5443899905705685,0.9260977505771705,3.694509180245667
0.0057286111419663464,0.007400916079949333,-0.004331736061036728,0.007118856472880097,0.4803049006436669,-2.5439057355303527,0.9657412633952648,3.7067792377241933
0.005720869880996126,0.007386993706497977,-0.0043295199800375515,0.007090119770571912,0.4688356172160619,-2.536719366659357,0.945096426704103,3.6855965446986905
0.005745599108757906,0.007346756224694654,-0.004395949119855704,0.007048753535795436,0.4594100899398125,-2.5592369477545263,0.8878684803556111,3.7117471437806313
0.005761608788737447,0.007347446524517867,-0.004420845865340277,0.007063863901407286,0.4677009600570196,-2.5744240309522146,0.888853327577043,3.74218376529103
0.005753960116290755,0.007333390960853835,-0.00441805701619458,0.007034848922978328,0.45650213080793073,-2.566449410163884,0.8686851690413234,3.720165232739887
0.00576996300598664,0.007334144221965788,-0.004443031938878379,0.0070499304628201765,0.4637046944098089,-2.581721441146811,0.8694102323737082,3.7506421955511597
0.0056336864604488515,0.00756375163943979,-0.004060340120933224,0.007277066030842073,0.5129960903287841,-2.4389697484330193,1.1886461148234517,3.582792663057616
0.005625232199943664,0.00754995791270624,-0.00405942450550318,0.00724845710824189,0.502182874114526,-2.4335367512616237,1.1663372804268353,3.564593526216637
0.005626054401169322,0.007577480671187591,-0.0040374300609538165,0.007289801871187838,0.5169278247096039,-2.429086460078216,1.206787577111204,3.5714119820928594
0.005617539916361272,0.00756376156408365,-0.004036601746580492,0.007261277774809608,0.5042455479891711,-2.4241023019354233,1.1842695468372986,3.5534428225168013
0.005618465515670955,0.007591233601480753,-0.004014493286111202,0.007302458391083805,0.5203216982853431,-2.419091284848468,1.2248093292777125,3.5599370214122126
0.005609936538352462,0.007577591993469691,-0.004013799127922247,0.007274072879586373,0.506329595572609,-2.414552046149531,1.2021527175108127,3.54219580500892
0.0055885431814808,0.007646481625663305,-0.003922455921405442,0.007352305325505327,0.5280546299562673,-2.378467124151141,1.2955629041215735,3.5124440886418946
0.0055800069539835365,0.0076330077235403325,-0.003922363668247456,0.007324398106492598,0.5159146752696624,-2.3749255104766944,1.2726891502020268,3.495668597066985
0.0055959586381203,0.007632634442496725,-0.003945531620458558,0.007339947899704509,0.5257256037187564,-2.388758500524562,1.278037210067682,3.5245672425414294
0.005587448328880087,0.007619137022894018,-0.003945299028785665,0.007311971774098502,0.51364517635694,-2.3850550508106516,1.2552378669657074,3.5075808219492104
0.005603417561025714,0.007618810621285468,-0.003968559253740355,0.007327523034049187,0.523885743498289,-2.398941420081264,1.2604135028665344,3.5365334411154996
0.005610919877832094,0.007605010296224523,-0.003991539693628367,0.007315030241932055,0.5225012796886745,-2.4090400538292105,1.2426822752105184,3.5483243635536295
0.005602408366160996,0.007591435214446823,-0.0039910071495549955,0.007286812047892304,0.5086233550269449,-2.4048707040972768,1.2199651054978142,3.5308366793058084
0.0055949197394026704,0.007605282993362224,-0.00396818361367299,0.007299451516724328,0.5111516342377121,-2.3950402141983633,1.2376685943692378,3.5193114529530187
0.005581171262969615,0.007660352036567373,-0.003899345722446433,0.007364588039672566,0.5299273175804188,-2.368077736763254,1.3129731785265892,3.5001568811624613
0.005572611510872256,0.007646899187707577,-0.003899394853153938,0.007336751408184767,0.5181186201746971,-2.3646619197048255,1.290044258465926,3.483610614408206
0.005573842953947663,0.007674245540973594,-0.0038762010429608984,0.00737679603864214,0.5314501966898297,-2.357595888997041,1.3302686515995854,3.487695066916954
0.005565253193525722,0.00766080820107215,-0.003876383093626041,0.007349019328169071,0.5203744456752918,-2.3542624629577524,1.3072954880822925,3.471395501396245
0.005566558325275475,0.007688162004634453,-0.0038530155825475363,0.007388932661849296,0.533186749235706,-2.3470123848387807,1.3474615698585344,3.4750657516888137
0.005557921964371322,0.007674739032794004,-0.0038533119903759426,0.007361197819026139,0.5225586241792101,-2.343721987611867,1.3244365588998208,3.459004398625192
0.005559317447314378,0.007702101293295658,-0.003829794481345673,0.0074009952209758865,0.5347244244453305,-2.336328402297721,1.3645430626933512,3.46226815765203
0.005550620705729165,0.007688700269734609,-0.0038301776358373786,0.007373301168940016,0.5246575775780503,-2.3330414887070003,1.3414792320768933,3.446445618808282
0.005552120389927699,0.007716063272701482,-0.003806539567905765,0.007412982745951039,0.5358566609084409,-2.325538376194553,1.3815058309178887,3.4492884564113773
0.005543346820066884,0.00770268810256185,-0.0038069798500945666,0.00738532175455319,0.5267729499089481,-2.3222280013507155,1.3584144369299709,3.433719424277498
0.005544967222482057,0.007730047808600201,-0.003783241690667504,0.007424899906727918,0.5371584893808138,-2.3146062404884726,1.3983675689201023,3.4361243835976256
0.0055360959400610095,0.007716692655708231,-0.0037837230082424515,0.007397241127577266,0.5288301539494685,-2.311295473890196,1.375217423549259,3.420820036650508
0.005537858013848691,0.007744054766749506,-0.003759895185612849,0.007436749532089135,0.538921795586086,-2.30348801006441,1.4151495914106154,3.422788805170649
0.005528876426264373,0.007730714331606198,-0.0037604189199095055,0.0074090667888746945,0.5306993532566685,-2.300261479611135,1.3918871873336203,3.40776315359721
0.005530792832404855,0.0077580840129219475,-0.0037365011435883462,0.007448530974651025,0.5410672519116986,-2.292157305985212,1.4318617869355912,3.4093011267157096
0.005521702315016168,0.007744761105335315,-0.0037370784591360495,0.007420822655411288,0.5323696592905335,-2.2891389430891578,1.4084439213760065,3.3945725289327098
0.005523771746035272,0.007772135412910413,-0.003713061347776559,0.007460243222290557,0.5435471072996737,-2.2806084457000044,1.448505596406519,3.39568642385246
0.005514584786229064,0.007758840587551546,-0.003713708158264498,0.007432529876289728,0.5338778480117926,-2.2779317928376375,1.4249083377199925,3.381262795180963
0.005442982779307931,0.00794243006186523,-0.0034292192494133505,0.007594900185977899,0.561937181298666,-2.1341502155582077,1.6390530188591554,3.223614115818251
0.005433541427694598,0.00792953438276437,-0.0034315146194921387,0.007568275408060244,0.5500606665765985,-2.134831242211144,1.6148445151764632,3.2122375455958303
0.00544946942445865,0.007928123681040953,-0.003453073917109318,0.007584084186498784,0.5602030026941544,-2.146883957725405,1.623828865737167,3.2386613806836935
0.00544007158392359,0.007915201473168487,-0.003455244929125545,0.007557402052000027,0.5491888624843001,-2.1473715989330446,1.5996708646567894,3.2270574809827353
0.0054560009805072595,0.00791383775538694,-0.003476895666284024,0.00757319283403934,0.5584354406875168,-2.159502778314287,1.60848935058091,3.253617731146319
0.0054466660928345146,0.007900896309060716,-0.00347895750542951,0.007546481920725537,0.5481141368529987,-2.159813220681675,1.584406175956932,3.2417786008132414
0.005462577381044804,0.00789957242995771,-0.003500665150219718,0.0075622349835642285,0.5576844496954192,-2.1719783129933687,1.5930599509303203,3.268465114003843
0.005516794822133637,0.0077862088325336065,-0.0036895764483812384,0.0074718858586095985,0.5464072655955778,-2.2688556975648027,1.465076286967603,3.3819785219682275
0.005507534080917607,0.007772956797650838,-0.0036903165682107384,0.007444204081045644,0.5352425024667107,-2.2666366061620917,1.4412966621479066,3.3678427327533256
0.005509862126966205,0.007800304138943855,-0.003666050285171136,0.007483456973153324,0.5496794187620315,-2.2569383938879493,1.4815594778885248,3.368214922182782
0.005500564647096667,0.007787106769627871,-0.0036669242839088875,0.007455856130250796,0.5364632409023901,-2.255247306876091,1.4576207589688008,3.354326759240115
0.00550297372456129,0.007814421202973038,-0.003642500298746809,0.007494948086103251,0.552641310607383,-2.24492830072214,1.4979194450262983,3.354400704158228
0.005493692442294256,0.007801280564888344,-0.00364355992469656,0.0074674901337945755,0.5376317060723362,-2.2437571364080138,1.4738878618650546,3.3407409195439555
0.005496129685063256,0.00782855988196046,-0.003618948035629029,0.007506348839571307,0.553863151487044,-2.2329069563816417,1.5141101931665577,3.3404768341861364
0.005486905894566056,0.007815468109115405,-0.0036202158966940593,0.007479083873515418,0.5390582552871975,-2.23215022969253,1.4900869660430722,3.3270834964785507
0.005453294866317353,0.007886612672042997,-0.0035026234800370096,0.007535476435026439,0.546737071616756,-2.172152914927763,1.5690072791413272,3.256355720541727
0.005469198559067849,0.0078853278497963,-0.003524390521184022,0.007551206915342025,0.5573783416541312,-2.18434209877492,1.577520027071757,3.2831617684660697
0.005459943390666792,0.007872344928255844,-0.003526228613093599,0.007524365668026833,0.5453410717527064,-2.184383030354686,1.5534650031384798,3.2707741943635824
0.005475864446977091,0.007871104159928416,-0.003548093375015419,0.007540098641255967,0.5560845276628367,-2.1966287818946273,1.5618388853435414,3.2976983734695167
0.005466635822603348,0.007858096853732071,-0.003549797180450845,0.00751317936928515,0.5441041286338972,-2.196503322379698,1.5378175676109285,3.285074651228404
0.005482574976576023,0.00785690150535659,-0.003571766338407682,0.007528913654532084,0.5542612049369613,-2.2088181508218363,1.5460323294194698,3.312102734782881
0.005489330079069644,0.007842720031054358,-0.0035953823701955316,0.00751766475973081,0.5536625706422011,-2.2208925240625668,1.5301307246556537,3.326376064301376
0.005480149554757023,0.007829664663021539,-0.003596826073700227,0.0074905775848100745,0.5408883746060594,-2.2204040978718442,1.5061647872642527,3.313280996065329
0.005473383866808456,0.007843871822192386,-0.0035733431050663715,0.007501931667153002,0.5426993641720904,-2.2085151242346197,1.5220686083933659,3.299265834876674
0.0056323262374036315,0.007508297954665834,-0.004104048866696643,0.00719414985455239,0.49142076840895416,-2.4434540021769355,1.1135349286710812,3.5639414684776303
0.005624379520375852,0.007522008979750788,-0.004081301174654956,0.007206950617242784,0.49393822122224224,-2.4342670162748195,1.1314664238418757,3.553056511402523
0.005616451039768037,0.007535813717269115,-0.004058422802745453,0.007219757271029885,0.4964734703801983,-2.4249151336943844,1.1493948156678722,3.5419873833690123
0.005411225499911389,0.008014263716568458,-0.0033094951475488624,0.00764782952079696,0.5663219797649234,-2.0691456432174435,1.713245398611324,3.1465494846752153
0.005395354252819648,0.008015918839549907,-0.003288508501879627,0.007631959986028356,0.5553279799653595,-2.057521748487338,1.7034686483206904,3.120994512111874
0.013320043576515339,0.014021179858377962,0.00609190077433185,-0.005029297824985793,0.21667987343754033,-2.416725309652288,-1.1050417830409047,3.485588732799313
0.013276973255533465,0.014048169555814883,0.006150014376679099,-0.00497798225728673,0.2160255632650705,-2.3987568648816695,-1.1655081854286615,3.4722498111717752
0.013303308776644703,0.01404275494475836,0.006108479980766739,-0.004990735454731259,0.21458570608555555,-2.4010434355932024,-1.1305993638089145,3.4646046266050505
0.013134360321539043,0.014118642602598966,0.006347671466253977,-0.00483031637382828,0.21678426327094552,-2.3431304586985213,-1.3614841753455387,3.442023793609477
0.013205525036785598,0.01406425993113273,0.006261990862891209,-0.004938561485319883,0.2195616015777291,-2.3887548437297075,-1.2617356162394364,3.4884252543912098
0.013157127988683416,0.0140994785855483,0.006321884073325178,-0.004868304468214321,0.21799991735639093,-2.35967578273099,-1.3297406534067877,3.460158313104515
0.013185354443333575,0.014083696660582632,0.006284146401498914,-0.0049013782095932495,0.21809815017627324,-2.3729641023751076,-1.2906712105998943,3.4697981594271874
0.013234776857736379,0.014071939309330412,0.006207565889082557,-0.004930917130916466,0.2159141203344034,-2.3816870758592152,-1.223967161403001,3.4610885476551236
0.013266608837286371,0.01407549647753245,0.006151722686702075,-0.004930266452323791,0.21258771909915916,-2.3773998226751876,-1.1831711262903581,3.4383262644216406
0.013033805137806316,0.014207370085616984,0.006452369425333571,-0.004652127159858986,0.21061605770543704,-2.2612896758312715,-1.4969971788677603,3.348363398131109
0.013045557251823126,0.014188979077203356,0.006446689243836888,-0.004686567420150974,0.2126122947226426,-2.277828925537606,-1.4818584310897551,3.371993207684293
0.013067335300224664,0.014181059408319386,0.006416252470323138,-0.00470666552635939,0.21205866845782181,-2.2867842116128414,-1.4526959669415616,3.375792347773825
0.013122438100650897,0.014148089547658511,0.006347608479716159,-0.004777650153835209,0.21296674562476614,-2.3183007924663657,-1.3786697132291723,3.4028602576887375
0.01309408317499288,0.014167826104761942,0.006381187971098657,-0.0047367486607676436,0.21200714055675876,-2.300138192342224,-1.4168893183562996,3.3851796210062557
0.012968200271215966,0.014239229415705698,0.006535870644148084,-0.004575810740222779,0.2106784817164943,-2.2247974368045287,-1.5831880426457816,3.3208917963470337
0.012994270325233532,0.014244601592595768,0.006488724508270359,-0.004576806411211353,0.20774642871996113,-2.225048030114244,-1.5476875242290142,3.305124678258425
0.013017514608880785,0.014231516848079674,0.006460777376957349,-0.004606666650330055,0.20805302213426738,-2.239347534449591,-1.5175635964633527,3.3174986625780782
0.012722068521051177,0.014374691139621016,0.006813130654498677,-0.004238945216658008,0.20771332615032811,-2.0452222364811927,-1.8902663240616804,3.155953243694029
0.012753545487482722,0.014381873835734915,0.006756355111045456,-0.004245132541078073,0.20413274957280172,-2.051496435137786,-1.8457735460059512,3.143194247237915
0.01294841064200266,0.014259860213747163,0.006551598189938264,-0.004534116675918549,0.2088149311915575,-2.2041765717169395,-1.607718716586113,3.2950591845486983
0.012925808013064755,0.01427866326744417,0.006572900468483737,-0.004494119970377148,0.20756265621829947,-2.184114421666742,-1.6358017701165466,3.2722583166649746
0.012906040495755042,0.014293621961505552,0.006592361463449411,-0.004461358722058313,0.20665187966624873,-2.1674931401326085,-1.6602202380979256,3.254208036378336
0.012784088250422272,0.014386540374331144,0.006703790287989417,-0.00425417900111336,0.20124477277395683,-2.058580524815848,-1.80391976363031,3.1336992148381264
0.01281266948564506,0.014340828620637026,0.006700972846565282,-0.004341450797163824,0.2063278336005477,-2.103873414447595,-1.7768443392811413,3.1991816616698086
0.012798386393840197,0.014365990183962516,0.006700447901551929,-0.004294084962696437,0.20342542393109433,-2.079423766307869,-1.7900663562512875,3.162983223720285
0.012842955498636961,0.014341312076907909,0.006652093454705269,-0.004355619003443548,0.20403673255933594,-2.1126803561225986,-1.7360713785392399,3.194098138351355
0.012895919701171564,0.014320337885844837,0.006585760387668024,-0.00441379762480909,0.20350636729157162,-2.1436590530989013,-1.669422389669865,3.21614354402099
0.012872384038541216,0.014340226011720986,0.006606082270308908,-0.004371278976045927,0.20192538370057284,-2.1217782689823004,-1.697091207692651,3.1908970227568747
0.012695675145475156,0.014396614669304728,0.0068330349155689574,-0.004189072108749382,0.2060104283784627,-2.0177043231155367,-1.9189668951672387,3.1237391092344926
0.012675361556916261,0.014425125877754406,0.006836013693850332,-0.004132433785260598,0.20312865671982103,-1.9873307013130876,-1.9365971847452885,3.0810730748419566
0.012648947145145657,0.01444710067949373,0.00685433243275791,-0.004082278601602409,0.2014711771960502,-1.959202989934086,-1.9638127811391028,3.0479285929513553
0.012635085042542779,0.014472985250440402,0.006848686861483572,-0.004033977131283752,0.19856843519254513,-1.9335573759765705,-1.972374462832772,3.009146445659876
0.012612842939603276,0.014486385396436048,0.006868375381504002,-0.003999430675380362,0.1980059459575861,-1.9133127538797698,-1.9961936864617649,2.9881835203048124
0.012589601353676177,0.01450197774629867,0.006886821935019354,-0.003960711198432187,0.1973110292465293,-1.8907424128095156,-2.0200227626735052,2.9636242710436727
0.012520501732747347,0.014535182110796862,0.00695347806503852,-0.0038638484461233193,0.19700600456601375,-1.8313710975568298,-2.094282958254921,2.9072607236946473
0.01254398921482674,0.014520927745939686,0.006934438408913836,-0.0039014504287082025,0.19769856240340997,-1.854023247789144,-2.0706326194341886,2.9311528407417917
0.01257148138453883,0.014517847394457356,0.006896845453872168,-0.003924850900996279,0.19610194614180793,-1.8702495435273334,-2.036711460396024,2.9388254086460694
0.012507596567654823,0.01456164113472732,0.006942829344000708,-0.003815795784869988,0.19403955566181022,-1.80571873735213,-2.098299617736935,2.86724071195036
0.012375289193706182,0.014557062413862211,0.007140903763870601,-0.003721698154775643,0.20379283604590515,-1.7295176952914617,-2.268820234401499,2.845061080055438
0.012406200144219094,0.014571034772225433,0.0070793397192794255,-0.0037260528683025307,0.1994316207162975,-1.7398755126427707,-2.2216819041660014,2.832908596163652
0.012436476251380587,0.014581434240275639,0.0070233679100906886,-0.003734470377410895,0.19583226856913402,-1.7513524473573068,-2.1779254816813065,2.8251726918442333
0.012472333285261854,0.014584156487380191,0.006968506676585274,-0.0037574647267523517,0.19294970432150557,-1.7704911512341257,-2.1316834750309144,2.829019870136356
0.012356755844286058,0.014577887368186403,0.007142359208341775,-0.00367654970596175,0.20181501410999222,-1.7033442668860896,-2.280324954771786,2.8098741239691134
0.012336605199880397,0.014593755606100286,0.007151718171467445,-0.003637247728332327,0.20072182523623214,-1.6793579466509916,-2.2962746667179768,2.7812298165309284
0.012310422662406043,0.014605282196317593,0.007174556990644899,-0.0035989515658768965,0.2008198643231009,-1.6539375486609522,-2.3219313525347904,2.756631333808627
0.012019735032846228,0.014722720739770385,0.007410188861111233,-0.0031687086228704164,0.20271540395666407,-1.3552998496444848,-2.5848035314195386,2.466836368442486
0.012040439078888361,0.014714048317825808,0.007395788352385192,-0.003200846062115356,0.20253820992716554,-1.377969814783956,-2.568177572069733,2.4896306984703185
0.012058431293359739,0.014702736267597332,0.007388263170937627,-0.0032335711946329315,0.20327217170699302,-1.399563028665232,-2.5564029617421604,2.514276065978833
0.012233348822681137,0.014610897105520817,0.007275699320095904,-0.0035237812665827304,0.20542135772065404,-1.5944432360162792,-2.414033785318981,2.7210988572277284
0.012217373562449538,0.01462437250153976,0.007280382672073252,-0.0034905958321504002,0.20436804480976015,-1.5739938933479882,-2.4245811302642797,2.6957839109898063
0.012092999271161238,0.01467885981860432,0.007375909597372852,-0.0032991631937572857,0.20453421180102746,-1.4420608882386894,-2.5346378497778326,2.5641957273645644
0.012079960629972575,0.014698744637501057,0.00736569501060888,-0.0032601458907392175,0.2022179575961505,-1.4201167999764446,-2.5346263938917057,2.530826325498364
0.012200296788349873,0.01463437133760332,0.00729085499944511,-0.0034611995970763236,0.2039693197780865,-1.5547653257518188,-2.4385784345511055,2.6747884040668475
0.012184705460465467,0.014639441774183002,0.007305562192511812,-0.0034398553203407434,0.20434183670372325,-1.539554339004747,-2.4539855845428495,2.6611238901071075
0.012114437174888365,0.014676260959212997,0.007350999189960686,-0.0033235127962185883,0.20341563682312655,-1.4614405686627403,-2.5113536005447608,2.5783129174276422
0.012173147348590837,0.014651160936359327,0.007305785176472576,-0.003413108150829812,0.2032354139267656,-1.5234694180669113,-2.459680206330812,2.6398442890401004
0.012155906484091039,0.014661268867045512,0.007315656418764953,-0.0033832390295155013,0.20284400546796186,-1.503822357910597,-2.473126672713489,2.6182502836458785
0.012135830922389056,0.014669956950026673,0.007330974283603526,-0.0033525003894885855,0.20287372958802494,-1.4826009093806336,-2.490707609255528,2.5971174907010597
0.012255031599997211,0.014619450377584173,0.007234392609053967,-0.0035311593802438757,0.20246726427564884,-1.6052837795712935,-2.3815471517720166,2.7172658829545817
0.012283231181577774,0.014623559241617928,0.007189807811999674,-0.003550037208111998,0.19981294930418886,-1.623180056338086,-2.344133988676273,2.721740970101521
0.011976756288833795,0.014730868587047311,0.007453202719468991,-0.0031139551009684,0.20443483270659638,-1.3125707108365186,-2.6265253491408793,2.4314917986349385
0.011997898268507784,0.014729468757597161,0.007428446027899552,-0.0031376965160298544,0.2030875311211978,-1.3324240912514183,-2.6039620332204856,2.445657198878602
0.011967615997871925,0.014747780714204881,0.007440399687873978,-0.0030831468061483,0.20232064328104657,-1.2959570669719713,-2.62257979397638,2.4042484095119367
0.011948719587997392,0.014753856690087823,0.007455167412439171,-0.0030556907302272105,0.20272631598695742,-1.2756861316081658,-2.6382778387501524,2.3850676142181477
0.01192753329417097,0.014760308462137196,0.007471970298892805,-0.0030251880645263563,0.20319587547931775,-1.2529574155201946,-2.6559209968438022,2.3637877435549686
0.012018089511206536,0.014749543740634924,0.007374520468474922,-0.003132960057687409,0.19852410135335394,-1.3402182412127213,-2.565108014812258,2.431134453706338
0.011885637978298667,0.014766704431165595,0.007513758823982878,-0.0029720399454481673,0.2051614966785055,-1.2102657826428318,-2.695597546052326,2.3288805362970817
0.01190638489412745,0.014765220925059786,0.007490698486847302,-0.002996417026806959,0.2038327683921782,-1.2307709209920137,-2.6745807885365434,2.3442060203546866
0.011873984739942372,0.014783043215724068,0.007503617406758744,-0.0029395515712222395,0.20325542142196626,-1.1918580102193825,-2.6935496508452554,2.3008555710743677
0.011852981436293635,0.01478748233883984,0.007522117833356171,-0.0029110814571609096,0.20412933325564553,-1.1695673681854883,-2.7117361739954853,2.2812979287372332
0.011807041290431499,0.01478609417373275,0.00757857486638311,-0.00286113145576461,0.2076351069965988,-1.1244887449971885,-2.760969134844841,2.2510297447580094
0.011828187027667317,0.014789877271905089,0.0075479236585135135,-0.0028805760317635663,0.2054143401808823,-1.1441423704293514,-2.735510125329434,2.261336709501219
0.01179132582991225,0.014800128565183727,0.007575567391938387,-0.0028267968347305094,0.2063606339608647,-1.1030336882977994,-2.7640789271557438,2.222723957404486
0.011773911978808472,0.014810865071471738,0.007579282505265753,-0.0027944210564086573,0.20583261302212588,-1.0811886727819975,-2.7717045574392114,2.1971878467461825
0.011674235308224847,0.014846920497584268,0.007635011560870666,-0.002637028917049559,0.20693522824145158,-0.9644558363881863,-2.834874132712891,2.0789955394041804
0.011703131591913536,0.014846646389268215,0.007603716153876524,-0.0026716536371052158,0.20490289993222907,-0.9951633955280232,-2.807409014054705,2.1020327566753907
0.01173143527343969,0.014829352796739761,0.007599084644079644,-0.0027241525245125216,0.20581539379497113,-1.0306758266046756,-2.796521751919611,2.1437186318493957
0.011755892903156344,0.014820420226811093,0.007585218832603044,-0.002762707631513653,0.20558315913088557,-1.0591545802456344,-2.780772339103324,2.1725384136654395
0.011657906168807025,0.014865552319545589,0.007623338994220303,-0.0025972803054237037,0.205010945979703,-0.9411846580019906,-2.8318318853902973,2.044943998362197
0.011636474323573287,0.014881535170741936,0.0076209544041662075,-0.0025544654139532173,0.20374963110033043,-0.9134504600584678,-2.8358251667347556,2.0099577078709143
0.011235784443449125,0.014922827041378487,0.007935617584308675,-0.001992020372759445,0.22530810376785876,-0.43604114168249636,-3.1182840971322854,1.5943562914032707
0.011221421628917191,0.014937260612410791,0.007922251034170035,-0.001959786152959424,0.22363638372583114,-0.4174273868829416,-3.111157266272723,1.5662721299782507
0.011159164458859264,0.014958113908922979,0.007935958779189957,-0.0018552688315361455,0.22406718571734183,-0.3383978812019055,-3.1277794813420043,1.4821193620185908
0.011181136348730733,0.014949729946291826,0.007933284360289018,-0.0018930014946262998,0.22412230932082491,-0.3662841812867222,-3.1234943078229853,1.5127695726725867
0.011203268771817048,0.014945437731048483,0.007922852594631656,-0.0019276070080818414,0.22334785224260853,-0.39433470705750745,-3.1138220562432704,1.5399257315831552
0.011135327804232395,0.0149627850858801,0.007946328258050236,-0.0018177825449863657,0.22484743721314476,-0.3080724507380352,-3.13733012134767,1.4525387255978532
0.011614275412889693,0.014895148889389665,0.007622674067210456,-0.0025133510184870253,0.20318950224086427,-0.8856476649980989,-2.8423788152970633,1.9769134581434848
0.011590091045095242,0.014905899669516057,0.007630552084951205,-0.0024728084850911664,0.20288416116172822,-0.8565725360452144,-2.8531699715645362,1.9453728472000391
0.011318598451789811,0.014946052390795871,0.007823504676791314,-0.0020855331386889302,0.2150259740081988,-0.5369182502352131,-3.03144491833606,1.657084717757091
0.01146727643232884,0.014889239705055965,0.007781126745760979,-0.0023349737806104705,0.21463973655040738,-0.7220118837972372,-2.977068661130078,1.8552390033085013
0.011450386881783115,0.014895321019855615,0.00778743915584163,-0.0023070967253502207,0.2147496875202967,-0.7011325040387771,-2.984544854868179,1.833384438445678
0.01148519318812465,0.014900018700782542,0.007745602799997962,-0.0023474702894088957,0.21136919189310713,-0.7406208381404104,-2.9503022089178668,1.8603979066953265
0.011408796231807683,0.014913510959139344,0.007796624681635138,-0.0022352592931694855,0.21443969627485746,-0.6489905435432543,-2.9984655568936955,1.775889852566438
0.011434811986279273,0.014909488697077984,0.007778702383460221,-0.002273152343464646,0.21335374714046473,-0.6803232096897945,-2.981849859856155,1.8043993210309872
0.011396304706397572,0.01493686911271913,0.0077689222247574454,-0.0021970636556396662,0.21119780217126663,-0.6306974547221654,-2.9825572341529107,1.7409878142136477
0.011375054501135138,0.014946121941238871,0.0077728130621300675,-0.002160646553008599,0.2109875498824457,-0.6043711969580784,-2.988782877875383,1.711837896654717
0.011354790923615257,0.014953099445107768,0.007779308199297866,-0.002127579824985097,0.2111519723416537,-0.5794910995864938,-2.9964415548680576,1.6857221794057795
0.011335611831319113,0.014960831024135389,0.007783253439131722,-0.002095250182475719,0.2111456262509269,-0.5557774569933468,-3.0021438416996733,1.6598452975752946
0.011509271222541778,0.014909297540474525,0.007706558191030776,-0.002368955317618792,0.20806424165880594,-0.766100142797067,-2.9200132274134374,1.8723037021855153
0.011560876075896872,0.014912267186013706,0.007650099376471925,-0.002430456925931236,0.20398142064636618,-0.8229906637430872,-2.8723949137562093,1.9139875263263753
0.011533394602519825,0.014929015307289063,0.0076505717557739114,-0.002379659506768324,0.20301026345507897,-0.7886338827679517,-2.878821137796198,1.8729513580157222
0.011253590483200439,0.014932100918019199,0.007904136732414005,-0.002008893838080905,0.22227793751375594,-0.4580321022205934,-3.0947259038451325,1.6044006991991322
0.011269739910791433,0.014939207991688993,0.007877878911329862,-0.0020250690392428143,0.21975265699642973,-0.47773204189812196,-3.074870985718601,1.614447850206563
0.011285768215439631,0.01494825148361281,0.007848371020497388,-0.002039185705598969,0.21695514634664118,-0.49681368303039736,-3.0529033382893274,1.6223273603777841
0.011302573472402377,0.014953855324193915,0.007824142836628516,-0.0020570990098191157,0.214641313905159,-0.5168071512998385,-3.0343181990946566,1.6339480778872393
0.010876752540203642,0.014996122418063144,0.00806519096126489,-0.0014153024499411813,0.23578632997158538,0.02794512457191261,-3.2356954028679668,1.1342243201604618
0.010892926192303578,0.015000017260474759,0.008047969507571818,-0.0014372038575335246,0.23387876129872118,0.005407465194286795,-3.22334931913182,1.1506190087161698
0.011024254533674872,0.014953205871227074,0.008046709224014152,-0.0016639192343263817,0.2345532027668851,-0.1622978272783299,-3.215389999767488,1.3368742614942273
0.011008901125400448,0.01495593091541182,0.008052624785018054,-0.0016392813641723624,0.23508229425355767,-0.1421816637926722,-3.2205161608676867,1.3172035935597792
0.01091106412334652,0.01499558381479065,0.008044837585097525,-0.0014671267042242868,0.23363243578163698,-0.017939653022155846,-3.2204950643380124,1.1748796765214686
0.010927285578057772,0.014992078800070772,0.008040975907323581,-0.0014935770562209741,0.23327090246753635,-0.03892276953440082,-3.2171466671127393,1.1962255349411992
0.01094330829096095,0.01498875781227227,0.008036711003212127,-0.001519588627124678,0.2328802733652365,-0.05967593276878382,-3.2134661360559105,1.2171708304524709
0.010959381612510796,0.014985007866478224,0.008033016322362042,-0.001545933025096849,0.23256686721793982,-0.0804240507765313,-3.210105487133983,1.2384421990593444
0.01097533609317537,0.014980518634964893,0.008030571044767827,-0.001572581110728705,0.23240006354278256,-0.10091192589975607,-3.2075372951607686,1.2600890117061991
0.010990550244218827,0.014975027975560856,0.008030281583161096,-0.0015988203912615103,0.23246612413549508,-0.12029945308843011,-3.206420222648919,1.281617206208831
0.011003256333953802,0.01496926250428747,0.008032064637651938,-0.001621573173373032,0.23278873728868396,-0.1363702090288009,-3.2068200223917316,1.300498520065095
0.011033915292724326,0.01496466384335819,0.008018774283436733,-0.0016699054005801443,0.2315804143229651,-0.17638122879535184,-3.1955679606589373,1.3388893432357303
0.011050108334319218,0.014967214847029545,0.00800242244711946,-0.0016917213733686936,0.2299066969361139,-0.19794002185347176,-3.183162886544931,1.3551219893125865
0.011064481545081847,0.014980187979655571,0.00796843013956757,-0.0017031183174602128,0.22637627377092198,-0.21775202570529775,-3.1589225964733454,1.360863747794924
0.0111145504860546,0.014977898321606892,0.007935267451651422,-0.00177660267757027,0.22335869778524728,-0.2820428056614737,-3.131931648501667,1.4175238766341762
0.011075877781094109,0.01499114112454763,0.00794036517797056,-0.0017115015995176005,0.223413163179171,-0.23323607203943775,-3.1389127928424063,1.364680570232271
0.011093953322336153,0.01499148266524767,0.00792642863231161,-0.001737070536152068,0.22203678657506748,-0.25640083101029226,-3.127901694821958,1.3841452218554988
0.010078313174125003,0.015057202648431467,0.008216291064912807,-1.2726816154368036E-4,0.26083339902910185,1.091475377045082,-3.2794740702420495,0.09752842282301379
0.01009376910119795,0.015057455230494822,0.008214857958929775,-1.5234355154736628E-4,0.26037641101887504,1.070570863338534,-3.281297890729275,0.11755087077175676
0.010142496410204366,0.015056783798350988,0.008212137501226345,-2.3144044357089211E-4,0.259202053204906,1.0055792270353796,-3.287805371473231,0.18089487862652454
0.010109673699203736,0.015057674536134276,0.00821328497532288,-1.7813441541377788E-4,0.2599087116686867,1.049028301189158,-3.2830339099341264,0.13817738063705817
0.010125993571470458,0.015058185686267371,0.008210918950269487,-2.0455510804291967E-4,0.2593193324714886,1.02669962359477,-3.2842493259697165,0.1592641920229119
0.010364332347711287,0.015044466794143903,0.00819656454486766,-5.9200486137689E-4,0.2539443753392892,0.7113709818771272,-3.307070930767932,0.4713611732732525
0.010380331217115324,0.01504525069699981,0.008190796989583414,-6.174683922040015E-4,0.2530160019127079,0.6888964815549911,-3.304795690086916,0.49169950162042825
0.010356352770831865,0.015057425578872446,0.00817318538439111,-5.759156045857217E-4,0.2512170213996469,0.7144452847716428,-3.2903919278386,0.45695742687860424
0.010342832906649349,0.015060757649707315,0.008169993496173004,-5.534867779934521E-4,0.25099636887338855,0.730833570437885,-3.2867839369838276,0.4386180915702802
0.010327337632977636,0.015064248443896894,0.008166812157374108,-5.279038912014566E-4,0.25081818167304876,0.7497352710408777,-3.282918772987251,0.41774990830569125
0.010215147392086659,0.015068263958831592,0.008180309818093041,-3.4729155628291085E-4,0.2540471321609121,0.899010137404768,-3.2776844551904287,0.27265739902615754
0.010228841029376655,0.015065133377361617,0.00818433611704766,-3.6980084496321793E-4,0.2543480707102243,0.8827480932816141,-3.2823118063515073,0.2909670885959928
0.01024386356855977,0.015071320017300773,0.008169678109281467,-3.928941616968489E-4,0.25232582429829625,0.858105030274335,-3.2745370050149556,0.30890493130611546
0.010311235466756339,0.01506661291912187,0.008165793492743585,-5.01642685215781E-4,0.25091353118939624,0.7700962763751359,-3.2803826215378677,0.3964649706729131
0.010262193049867143,0.015070246071659412,0.00816853572354055,-4.2244972456685197E-4,0.25193162705748656,0.8340993787588963,-3.2761857160766987,0.33267123140689675
0.010278736168178038,0.015069241295625398,0.008167369080134225,-4.491224800049108E-4,0.25154587530636613,0.8124059767821875,-3.27750809197526,0.3541337098910959
0.010295011922710134,0.015068204436269694,0.008166126565952407,-4.753677064646368E-4,0.25117058357318806,0.7910559856189266,-3.2786770128153075,0.37525855960350535
0.010198772102781714,0.015071322492190014,0.008176665959059653,-3.2053103976006507E-4,0.2538779208267483,0.918851849490509,-3.272879265736258,0.2509650223743441
0.010151508648196117,0.015070801288545078,0.00818348506927364,-2.445556767380339E-4,0.25546509687682706,0.9826561034084841,-3.2701847364852825,0.19023752369598276
0.010165281328187774,0.015067431096036706,0.008188606972978865,-2.6712357325993905E-4,0.2558988844824392,0.9667502324035768,-3.275771282165972,0.2085597525603387
0.010180336998965782,0.015073444409941593,0.0081749333276537,-2.906277545893842E-4,0.25393371756569555,0.9420423110524957,-3.2689780806520905,0.22686029423122875
0.010063178259053564,0.015057107014464563,0.00821722901097212,-1.0269367719569458E-4,0.26123590774099054,1.1118105862637242,-3.277317492528635,0.07788116087303594
0.010031418486920029,0.015057254688673957,0.008217968201824001,-5.109126161999015E-5,0.2619191618246895,1.1539794089003514,-3.2717539831472884,0.03668081799305348
0.0100474088091903,0.01505813436102599,0.008215790702464155,-7.704135691426034E-5,0.2613215407820262,1.1319701330764451,-3.2733998370533537,0.05731821750667796
0.010008633402399686,0.015072965768288933,0.008187095975737893,-1.3994768897117214E-5,0.25836724652213405,1.1704475542375568,-3.2469826558642443,0.006060945854724818
0.010022741117144062,0.015070149858718749,0.008192535197423302,-3.6802845913565484E-5,0.25882769395768396,1.1543514496932525,-3.2533289266805334,0.024394893005536274
0.009991901682849578,0.015075387952817048,0.00818227845086191,1.2986406551201503E-5,0.2580805334120298,1.1902190920429632,-3.2404699304936186,-0.015543974792794736
0.010845541593851284,0.015000109308999013,0.008076502675976066,-0.001365748121449297,0.236990951882699,0.06908822714832483,-3.244317790287682,1.09456413713127
0.010861687319588049,0.015002751841442018,0.008061939524597087,-0.0013885768313577906,0.23533545377610987,0.04670147354445792,-3.2339214840767307,1.111991478234767
0.010581236853672927,0.015043930329112562,0.008125260884241538,-9.363095202467195E-4,0.24330777155994468,0.41390240382590054,-3.2747479707503655,0.7470019102844695
0.010597443157316718,0.015042301541580502,0.00812170088597606,-9.623025072877674E-4,0.24278682953786793,0.39248720074807575,-3.2730247414390625,0.7679547269913182
0.010613813113847903,0.015040408746325699,0.008118390852167591,-9.886355093021856E-4,0.24230296221719402,0.370948354063396,-3.2714089627834677,0.7892086448521719
0.01063024651701145,0.01503799964239392,0.008115850444318161,-0.001015269826437369,0.2419177254573656,0.34951765343998625,-3.2702523956810077,0.8107712388191378
0.010755489024816543,0.015020169238157736,0.008089097224089016,-0.0012173106269665562,0.23839943073041167,0.18543616196654725,-3.254016151351195,0.9739471420727456
0.010739386071579744,0.015022381958387607,0.008093316463995776,-0.0011914626170713768,0.23890577249080167,0.20658460248197155,-3.2568725675224655,0.9531284880054923
0.010723308510377484,0.015024099200493283,0.008098279295091299,-0.0011658736546165396,0.23950991963917803,0.22786587462357843,-3.2601720297531926,0.9325791670317588
0.010646477934247752,0.015034779199460052,0.008114757684454079,-0.0010419418934767407,0.24171117927646982,0.3286545989562091,-3.2700122975048873,0.8324823159183826
0.010661511786342013,0.015030348665813527,0.008116338135160226,-0.0010673186592903494,0.24177297856157653,0.30984182605492266,-3.2715064169150208,0.8533502390499885
0.010675787958326641,0.01502498226799549,0.008119892663112615,-0.0010919979143755724,0.24219942048560394,0.2923454608141237,-3.2742656417822893,0.873814162650153
0.010690223191741286,0.015026655785438436,0.008109783748969335,-0.0011135591726695582,0.24086914930862538,0.27202437569297117,-3.2676318869226306,0.8906832300604955
0.010707051712193343,0.015025658441880828,0.00810345085294466,-0.0011400466964384597,0.2401727174310432,0.2494570362534372,-3.2635466442259777,0.9118478264798971
0.01083037470867603,0.015006809242152462,0.008072812896433872,-0.001338839511422031,0.23650550386414104,0.08789517412025397,-3.2421221869641412,1.0721508780640374
0.010782934990130088,0.015032521621041425,0.008051166374109178,-0.0012525221713929715,0.23411556419472943,0.1447849404165107,-3.227967474708606,0.9995978822180281
0.010799161984335271,0.015027347833763742,0.008051983904750542,-0.0012799277892329467,0.2341945776068147,0.12447319096848604,-3.2283729151624034,1.0220890850985394
0.010814938794209427,0.015019882929345214,0.008057142855333555,-0.0013079780233035152,0.2348065533121069,0.10530393742846465,-3.23168955120646,1.0454992128792109
0.010766542370909404,0.01503615826027123,0.008053121518211697,-0.0012257114802337193,0.23434817222486504,0.16570754821024714,-3.2293908849189576,0.9778383047522424
0.010548648413156454,0.015047830738338307,0.008130652111607574,-8.837231459129859E-4,0.24418052900322815,0.4566441927440083,-3.2767969393340013,0.704498897733281
0.010559395073118876,0.015062960548251215,0.008097428863099854,-8.946682442745011E-4,0.24026711499568834,0.43517481905060457,-3.254754189656875,0.7111717007028872
0.010575149226685144,0.015061532866166192,0.008093959955570688,-9.197258160279085E-4,0.23976171879451066,0.41449979187339353,-3.253148667119419,0.7313239466998872
0.01049071310523616,0.015032960038811084,0.0081807145172539,-7.976253416737323E-4,0.2505937335008525,0.5434873730182118,-3.3073586349743347,0.637681941053773
0.010505860885773592,0.01503279124868734,0.008175687411690299,-8.217685863687575E-4,0.24982869425236184,0.5226570857246089,-3.3049709861738346,0.6570309099435844
0.010406314913039002,0.01506039756547662,0.008153979680682334,-6.547268738453017E-4,0.24831479394096748,0.6445041259497736,-3.2822930939398245,0.5197785605374142
0.010422290579670536,0.015058966703308979,0.008152118999168635,-6.805032986726356E-4,0.2479149870480046,0.6235283838648505,-3.2824609283392747,0.5405835702329355
0.010438218110285854,0.01505713232534328,0.008150875917721628,-7.063152042826921E-4,0.24759758703751603,0.6028113565186873,-3.282977545653043,0.5614627544204297
0.010454242071397299,0.015054498091645245,0.008150973400906765,-7.325296021642285E-4,0.2474308453002236,0.582352359978939,-3.284347729414607,0.5827635773895862
0.010469833351765354,0.015050580214182294,0.008153518724095296,-7.584956159931303E-4,0.24756623685664217,0.5631035744170442,-3.2872852594280233,0.6040280499053822
0.010483183693944324,0.015046369398994563,0.008157216288684451,-7.810530311631982E-4,0.24788812254848552,0.5469977003259848,-3.290787233636634,0.6226142925705178
0.01051379355095242,0.01504591155110992,0.008147359494951923,-8.296031997683231E-4,0.24644782432148832,0.5052451832468277,-3.286140704619284,0.6615210774964141
0.01053002498647301,0.015050847737955498,0.008131870778386742,-8.533472575468165E-4,0.24444918459075887,0.4806529189564462,-3.276578207554316,0.6798356166556995
0.010389925800769917,0.015061875225357067,0.008155680948669622,-6.282701580003119E-4,0.24871413405914913,0.6659864288424209,-3.2819120595925226,0.49842021188570534
0.009865008777654274,0.015041322008080437,0.008243331023408474,2.2070342777947858E-4,0.268476332667079,1.3877236110342481,-3.2518076589180693,-0.17861226959926643
0.009849261631294662,0.015040669890712404,0.008242992156407345,2.4647415743811555E-4,0.2687617700863372,1.4087806722179315,-3.2476991735231233,-0.19898891818587083
0.009833667317316249,0.015039849732626646,0.008242829096974026,2.72014459969095E-4,0.26907443631917755,1.4297614239328185,-3.2436681297359513,-0.21916470623915837
0.009825376173480024,0.015054016961568014,0.008213544460511838,2.837395166357816E-4,0.26532897636933,1.4258224036307785,-3.2227288970960664,-0.22902090502191716
0.009810069948955042,0.015054551362833499,0.008210458887961304,3.084646926816911E-4,0.26522216870325305,1.4447570182262985,-3.216832823970081,-0.24854326206853042
0.009794165538785682,0.01505503857446143,0.008207210603040707,3.341325511969271E-4,0.26510905308978044,1.4643976497034261,-3.2106168762406857,-0.2687742325030004
0.009777801132238953,0.015055097831744682,0.00820455854311343,3.6057744062486055E-4,0.26508298845753137,1.484968586366902,-3.2045936003991535,-0.2895735871700637
0.009760965729439295,0.015054541445314923,0.008202856526557304,3.8786172684283487E-4,0.26517059844331364,1.5066883477949704,-3.198972513182493,-0.31098378394419385
0.00974458407703124,0.015052102684328229,0.008204773191906925,4.1474368424563186E-4,0.2657611972962512,1.5297828367065918,-3.195680356356945,-0.33199663693709364
0.009872434470612706,0.015056575916153017,0.008213617959198045,2.07159772893414E-4,0.2643817852540536,1.3629120629314933,-3.234398124989672,-0.1686090201048194
0.009935897918011258,0.015058011073045809,0.008215211944795466,1.0406875615887172E-4,0.2633598112556456,1.2791905265602084,-3.2500729502010315,-0.08692906644921156
0.009958197354659495,0.015070010052813484,0.008192265601593056,6.748168786221941E-5,0.25998599218391566,1.2390185683067856,-3.239972669932005,-0.058542153544771325
0.009973171894176975,0.015076728324667894,0.0081793617485945,4.314962538214276E-5,0.25803167293257023,1.2134375823759875,-3.234719692677051,-0.0395882065461124
0.009944233749397725,0.01507260476505392,0.008186618792187822,8.99307060786939E-5,0.2594972423964342,1.2547781990644846,-3.2332979307082326,-0.0764960207279667
0.009903466354598368,0.015056636183937289,0.008216033047884203,1.568009539078064E-4,0.26409320033050715,1.3226938159054835,-3.2432625927800447,-0.12869456297895002
0.009919458186072313,0.015058301852871504,0.008213757100882043,1.3073793091566735E-4,0.26346742917773464,1.300334625087765,-3.2454463798373694,-0.10811355514026828
0.009894363343814772,0.015068610555043039,0.008191579409777381,1.7065332605544658E-4,0.26108589292333617,1.3229592798674052,-3.225334686346966,-0.14027617938373177
0.009880505416253679,0.015070863484586885,0.008185983156011297,1.928264577936221E-4,0.2606119233815514,1.338561480567398,-3.2184928318034554,-0.1579140701177262
0.008783410769221515,0.014894061567958061,0.008000711978269426,0.0019887941484586055,0.25101394693502194,2.742362236051378,-2.6583869819083663,-1.495917222919779
0.008798776423328424,0.01489801689693216,0.008006658625695962,0.001963547548229253,0.2518278553170366,2.7245257515018415,-2.67090298049502,-1.4787518375668978
0.0085695815057906,0.014836243282249676,0.007904407097015094,0.002337830009849641,0.23677718354766886,2.9783873363585402,-2.469267168273466,-1.7257833654726056
0.008584841088551952,0.014840766530845215,0.007911719447486074,0.0023128658542286257,0.23793842225263626,2.9619357723830624,-2.483505378326473,-1.709799330975237
0.008600072963135337,0.014845245359701059,0.007918904193843494,0.0022879321849241757,0.23903651715421612,2.945397915141125,-2.497588266083396,-1.6937520263956303
0.00864567943273228,0.01485825953885163,0.00794006389883619,0.0022133633257956013,0.2422684995118686,2.895585193631502,-2.539081400090131,-1.6453496724857535
0.008630427423581777,0.01485401445065567,0.007932972187279045,0.002238247306437209,0.24118502707734937,2.9122172893492855,-2.525286270557477,-1.66156232329878
0.008615237318659602,0.01484967974298597,0.00792592495862303,0.002263082628552827,0.2401328174068265,2.9288097012800525,-2.51146588799959,-1.6776844443837788
0.008737937591948313,0.014881996387794852,0.007982721650950056,0.002063582818771219,0.24853070756900333,2.794876460429618,-2.6206417374062627,-1.5464070627913387
0.008753039227111658,0.014885947634299618,0.007988972773141019,0.002038835534643126,0.24940223900743677,2.777687096033492,-2.633388261845758,-1.5297775598504002
0.008768161112012996,0.01489003611404967,0.007994816818098063,0.0020138964457580015,0.2502261885653215,2.7600901570103655,-2.6458791205594943,-1.512931444373755
0.008726614557474593,0.014894002708074805,0.007950710249895668,0.0020686131839152207,0.24391980528156323,2.7806362237462134,-2.5993330730158917,-1.5470634693655796
0.0087111082013001,0.014891305816565843,0.007941590641971204,0.0020925520233844516,0.24261197871509177,2.7954189152193725,-2.585087893779251,-1.5627453184800526
0.008679110922231273,0.014883618268167363,0.007926060936715872,0.0021436750834943376,0.24036776431299245,2.8291285827925527,-2.5568545667556584,-1.5963625375319446
0.008694809954264521,0.014888170336245317,0.007932367832444172,0.0021179069028057205,0.24128299207610393,2.8112820221574553,-2.570201716926482,-1.5793136143527693
0.008648905578167207,0.014874901213702281,0.007913326114747337,0.0021930911313446677,0.23845639263799515,2.86295563873372,-2.530652765069536,-1.628849563611552
0.008664007103277804,0.014879213273517307,0.007919863715608202,0.00216845000439124,0.23945260814156996,2.846223531885331,-2.543856885139673,-1.6127111134338723
0.008291542990765967,0.014699061038930978,0.007831631573517975,0.0028473843216002288,0.22514430276496222,3.353659493251777,-2.2095376202983688,-2.0466250432785293
0.008306313695911128,0.014704405031812397,0.00784054521140524,0.002822747474602306,0.22786144681704193,3.3390669131549147,-2.226122794067197,-2.0322638868524274
0.008294100747636495,0.014714863023682773,0.0078079379694012616,0.002825041499559633,0.2172142737112944,3.3234805679522297,-2.203088648235512,-2.0326976226899767
0.00830894863568524,0.014720177476019523,0.00781685352188772,0.0028004950740761407,0.2187182909163128,3.3089741998349385,-2.2195366431374546,-2.018449802881204
0.008276789128081427,0.014693670662807697,0.00782263933465477,0.0028719966829918266,0.22238150315188554,3.3681819091831517,-2.1928595140679685,-2.0608617924554147
0.008279274352154227,0.014709472413107617,0.00779899929963978,0.002849586357203211,0.21592591826828356,3.3379126005869835,-2.186588118211549,-2.0468308681202085
0.008262052251258773,0.014688233955621806,0.007813578073082136,0.0028965585087654105,0.2208059712316173,3.382597967740638,-2.1761280192280803,-2.0749088821408486
0.00826449048340071,0.014704007893129421,0.0077900566862196775,0.0028741055586788944,0.21446416135583082,3.3522556298259105,-2.170046646573867,-2.060848006339487
0.008247332503838375,0.014682750970092102,0.00780444841420497,0.0029210683119656722,0.22030589819858684,3.396853435105104,-2.159336595226409,-2.088784027828355
0.008249745973466635,0.014698503832971074,0.00778105062573142,0.0028985650519068756,0.2126529190040424,3.366460816523919,-2.1534183396019047,-2.0747544633272597
0.008232630029493518,0.014677221759479862,0.007795242789453688,0.002945546491195385,0.21984713488783147,3.4109312051878007,-2.1424437444487205,-2.1025668811837512
0.008235018265276913,0.014692988073214326,0.007771911300988677,0.0029229574203510616,0.21062226968817135,3.380497512836673,-2.136651170242026,-2.0885558166625855
0.008415679347664781,0.014772367640248071,0.00785201516594699,0.0026066724708682337,0.2280050217653886,3.169602910473909,-2.327224416686049,-1.896761823648805
0.008385979552658985,0.014762138287173236,0.007836023295014613,0.002655823583274613,0.22529016131685783,3.2003233419507815,-2.29646802846116,-1.926518835993967
0.0084008048450322,0.014767256068364402,0.007844073356964345,0.0026313029907317135,0.22662970505322824,3.185060676427911,-2.3118878314637743,-1.9117196310391977
0.00849113442738515,0.014796537827036717,0.00789266745371542,0.002482806287983931,0.23502800393961842,3.091805955316573,-2.403684359149255,-1.8206466441044424
0.008506158117945728,0.014801178522041955,0.007900533493546262,0.0024581546307270528,0.236184436441729,3.076070984921824,-2.4185646951286794,-1.8052570281873377
0.00853618687103605,0.014810625754060029,0.007915429971563125,0.0024085429811332177,0.2385430801478843,3.043723978824502,-2.4477588384013207,-1.7739507715185778
0.008521147266156768,0.014805905435386733,0.007908037419197426,0.002433404097793862,0.23733506366967205,3.0599925850975356,-2.433207769694429,-1.789680393098304
0.008417963478680625,0.014788921194101162,0.007826207101296204,0.0025853520775854194,0.22400331171341623,3.1362972371564037,-2.320896799109278,-1.8799216126900833
0.00847903611155667,0.014808196266466558,0.007859462527519484,0.0024861032546052587,0.22954996143579978,3.074549525368122,-2.382335194180017,-1.819174597938433
0.008433145700674483,0.01479400822030477,0.007834232634217687,0.0025604473819466223,0.2253749204573974,3.120664343790669,-2.3362244901345512,-1.8647488762094306
0.008448389766922368,0.014799091155740825,0.007842153156061805,0.0025354127834993074,0.22668712475150435,3.1048155057582174,-2.3514781304007726,-1.8494005414026626
0.008463710004632079,0.014803880299912017,0.007850484197539363,0.0025105400618123867,0.22807460550736677,3.0893244961477433,-2.3668349948097145,-1.8341432095504402
0.008371123423293101,0.014757075609837347,0.007827671311698058,0.0026802634224703963,0.2239267647399694,3.215286352879655,-2.280846861759965,-1.9411428272747744
0.008311492370903797,0.014736235041861214,0.007793282495572279,0.002778352171645401,0.2179033789963254,3.2743741792612826,-2.2169976050614806,-1.9989527759332197
0.00832637364931128,0.014741524391296062,0.0078019774726156566,0.002753862599640225,0.21937792838720702,3.2597518300507105,-2.2331054754013255,-1.9846442350228877
0.00834125927121666,0.014746843718813601,0.00781045245094729,0.002729272249025657,0.22088997639684546,3.2448629736896684,-2.249063707030594,-1.9701617756577097
0.008356196757956692,0.01475202607869025,0.007819043142973386,0.0027047158095432383,0.2224491618414466,3.230039981893956,-2.2650003232448412,-1.9556525169479173
0.008554289061599649,0.014831696451954438,0.007896925004299412,0.002362807834555922,0.23561383165237967,2.9947226186061218,-2.4548496902484733,-1.7416951690214642
0.008539004057852148,0.014827075090736714,0.007889402465085711,0.0023877984579259086,0.23440622515372525,3.0110082568440286,-2.4403367793248703,-1.7575399773019165
0.00971319873821675,0.015048672301162948,0.008205441230415595,4.6606917754159243E-4,0.2664817195554768,1.5725799077923501,-3.187234357096934,-0.37211840512166033
0.009728289082945105,0.015050815309695058,0.00820422913921816,4.412897081168431E-4,0.2659981119798245,1.5515063011962649,-3.1907743156382615,-0.35278400294795786
0.009703450253085406,0.015060835673127052,0.008179290147686964,4.7919260258860697E-4,0.2631807829646227,1.571157054002638,-3.1680236560967923,-0.38264529333065367
0.009689738895248046,0.015062804688285573,0.008172414381260188,5.007291754660693E-4,0.2625127528668559,1.5857238942583598,-3.1597605139758937,-0.3994596232381471
0.009665513434720331,0.01504790282259979,0.008196277686181482,5.430397218071795E-4,0.2661924422464194,1.6320693017004546,-3.1674578064615857,-0.43218823526544997
0.009649680515026092,0.01504560437036868,0.00819692330502718,5.690517925725584E-4,0.2666114247951538,1.6539588967896954,-3.163041808950666,-0.452383727769004
0.009672932753952092,0.015064346897634986,0.008165532640587461,5.272420507814344E-4,0.2619400140211428,1.6044090314318844,-3.15054658269197,-0.4201076157334
0.009618752121255575,0.01504204892528311,0.00819581136486233,6.1965087790867E-4,0.26707974822094466,1.695496951149454,-3.152713489066745,-0.49163322059701825
0.00963370943889029,0.015044236077534611,0.008195509780875585,5.950564850949318E-4,0.2667211022918114,1.6749114407833467,-3.1572269215265334,-0.47258536026874304
0.009595209347910081,0.015055452460159827,0.008162695433479474,6.534838689975425E-4,0.2630191464257207,1.7077728096134062,-3.1248548221372388,-0.5178831473250237
0.009609087393755482,0.015053756984278101,0.00816999068227082,6.318594743533035E-4,0.26376223857679804,1.6933075827027153,-3.1337476183327433,-0.5011801703572213
0.009517435567025223,0.015019258467879769,0.008209335624947384,7.892270528168664E-4,0.2709727019966021,1.8437067176367232,-3.1270812220336555,-0.622517096277763
0.009533057071922353,0.015021352986104323,0.008210556592750861,7.634723540928837E-4,0.27081391159215223,1.8227408501758458,-3.1332907659159477,-0.6027161957166608
0.009548885735411702,0.01502335527664344,0.008211849621175896,7.37412834926003E-4,0.27066406906560253,1.801580098405297,-3.1395347238236293,-0.5826569338052549
0.009508035415927466,0.015032850740788417,0.008179166258855813,7.994467935510918E-4,0.2669707566160792,1.8373245810869865,-3.105544299044011,-0.6301700556574562
0.009492660393394857,0.015032227619910965,0.00817486779959682,8.240998270950176E-4,0.26666748477453056,1.8558142826038113,-3.097507805183451,-0.6490271009444853
0.009476992640275286,0.015031319718534499,0.008170851620329066,8.492850949476241E-4,0.2664123883589022,1.874887862505638,-3.0894712291802358,-0.6682542948526199
0.009398139768599158,0.015022885025203053,0.008155553857753935,9.771473803930058E-4,0.26575258274493857,1.9743315532461494,-3.0508199727829504,-0.7653963262973614
0.009414219559915496,0.015023529097568948,0.008161147032689367,9.515731177733906E-4,0.2662267373783364,1.9557031192585692,-3.060306011155671,-0.7460823215148481
0.009429739925216599,0.015025060757358226,0.008164586272991358,9.264678201690836E-4,0.26641175047299104,1.9363742624298588,-3.068249930234364,-0.7270350005052233
0.00944531844868319,0.015027627764337559,0.008165842155675873,9.008325680662051E-4,0.266295561179878,1.9155283285882734,-3.074853493673189,-0.7075286473658874
0.009461159841352231,0.015029806989209102,0.008167784905783794,8.749305598687122E-4,0.26627988053852475,1.894819177158274,-3.0818708120078497,-0.6878048828579257
0.009365002888150276,0.015018877935926296,0.008148685323566135,0.0010309008390295882,0.2653863234267579,2.015922062175287,-3.0337589698220353,-0.8059235025480721
0.009381336600735334,0.015021608204410416,0.008150694184637921,0.0010040838061623877,0.2653682131344786,1.9944599985339748,-3.041410909999721,-0.7857018397887893
0.009555537544751396,0.015039907843283337,0.008181247616900754,7.214184753790274E-4,0.2663445313473854,1.7732197640487264,-3.1231589621465905,-0.5702313893235854
0.009579187179495218,0.0150567485116817,0.008155413904449892,6.785649804538583E-4,0.26234450887603744,1.725111570846339,-3.1152378298154226,-0.5372099589120299
0.009562682198321968,0.015056699709592484,0.008150449377589476,7.047548849152186E-4,0.2619814818902912,1.7444870239617136,-3.1068133669869833,-0.5573555746621128
0.008984169640607277,0.014940380171219991,0.0080743444768112,0.0016601706023994676,0.26028763333753724,2.5066870844985503,-2.8133241444696613,-1.2678514570869799
0.008968771897852364,0.014936815290892073,0.008069795289581884,0.0016856028202035273,0.2597753065618942,2.5256501555084885,-2.802490888988548,-1.2858877730922835
0.008922830526010216,0.014926285913127918,0.008054955932282766,0.0017612200060836108,0.25807256606930346,2.5812467276043027,-2.769015706041238,-1.3391476390892831
0.008953376924483105,0.014933288903404824,0.008064996462368359,0.0017109725130766342,0.2592492327991365,2.544415386322164,-2.791446180077705,-1.3038177544784026
0.008938080900378157,0.01492971296276468,0.008060186719654245,0.0017362033786700135,0.2586850948404356,2.5630403538445043,-2.7803656996850723,-1.321593612504554
0.00891195707636727,0.014938795676092907,0.008023153512148497,0.0017674412820768634,0.2535547982413269,2.568800234080826,-2.747328204911176,-1.3414859198494555
0.008896327488093988,0.014936636267516597,0.00801502525752095,0.001791795171920725,0.25249749101667684,2.584771602658442,-2.7343451432678267,-1.3582524550178408
0.008802406452455828,0.01491443676649222,0.007979544445401256,0.0019444166463413162,0.24789168039104334,2.6929970610926373,-2.6609830449385985,-1.4631637201925918
0.00881778917291797,0.01491854807524283,0.00798493138629617,0.0019191302542654973,0.24861114973796564,2.6748457713674934,-2.6730113211762236,-1.445895334446287
0.008863995489906504,0.014930016655010016,0.008001657525388018,0.0018436817474412111,0.25079386227865613,2.6208871915210747,-2.7089002069818693,-1.3940343926444687
0.008879888111881678,0.014934041159275097,0.008006893231028355,0.0018175927348031667,0.251439423299516,2.601918867824628,-2.7208189880787077,-1.3759718174294715
0.008833557737852637,0.01492213799887393,0.007991416513163603,0.001893688570853718,0.24946436927643836,2.6571302242420987,-2.685707260931068,-1.4285173255517434
0.008848717522573298,0.014926100696845019,0.00799653427456111,0.0018687675520199537,0.2501388445951603,2.639098870448656,-2.69730211516929,-1.411373289761535
0.009131188229008543,0.014982345105235946,0.008093544093716041,0.0014112426952486504,0.26126822055924254,2.307160308258887,-2.8995982401775913,-1.0876543931956146
0.009146519381823261,0.014984827506496282,0.00809821495153199,0.0013864491182794282,0.2617239859872061,2.2887423228515917,-2.909521620668873,-1.0696055670778526
0.009328422579438656,0.014997945164551168,0.00817242722480093,0.0010980875154645653,0.2693835605162797,2.0845505863025893,-3.032511617217302,-0.8571444607553821
0.009312947067791573,0.014995471667115219,0.008169676807575027,0.0011235713791410667,0.26926735134937857,2.1045982358771513,-3.024423395845901,-0.8762603231089762
0.009297471740879486,0.014993060925295489,0.00816662646777523,0.0011490059137320146,0.26912054960664794,2.1244596487659084,-3.016080737608283,-0.8953006492820182
0.009162135794673254,0.014988180656558986,0.008101213349390185,0.001360666544465256,0.2619172774070599,2.268620302630232,-2.9186067731453496,-1.0507270217126994
0.00917816323135139,0.014990761382665618,0.008105758564480635,0.00133469493673449,0.2623567068628943,2.249156707266943,-2.928625504389687,-1.0317360207869113
0.009193734907439445,0.014992019302424884,0.008112400701934407,0.0013101518352534875,0.26307309245183497,2.231978942945115,-2.939496829125014,-1.0138285969190797
0.009209337278749398,0.014994848211156958,0.008115856604016742,0.0012846165534950715,0.26331180645836433,2.21228285767118,-2.9485741267942043,-0.995010399931156
0.009224732264045524,0.014998294970598633,0.008117824347141601,0.001259036228889777,0.26335728209058334,2.1917837006743164,-2.956655698449344,-0.9760740477206017
0.00928770860743856,0.015006389675057368,0.008135685153958364,0.0011574319144140087,0.26489310845146535,2.1155793482987195,-2.994324287611558,-0.9008064277248188
0.009240398726058188,0.015001199958540748,0.008120811138542324,0.0012333282459510277,0.2635459008664501,2.1717171699132964,-2.9653294498820313,-0.9570478020573351
0.009256323853772458,0.01500351467781614,0.008124896690540126,0.0012075199524967746,0.26387339495414586,2.152129266598458,-2.9746466173837316,-0.9379372432484442
0.009272221519098426,0.015005225604485811,0.008129954945311144,0.0011820386644318997,0.2643353506884683,2.1333175307318384,-2.9844189848037357,-0.9190586566645375
0.009333836381725556,0.015014096469085927,0.008143476325593937,0.001081841064864021,0.26517866207809515,2.0560463390644137,-3.0181206365724553,-0.8442318393624274
0.009349367114480334,0.01501641658649875,0.008146283763076067,0.001056493401005382,0.2653137606669141,2.036202344847269,-3.0260725673420805,-0.8252051656764695
0.009115186602244899,0.014980702871990074,0.008086671764282403,0.0014364842179881156,0.26051573166187425,2.324769537210678,-2.888109648200516,-1.1058757636376628
0.009052232745848732,0.01496864875555559,0.008068508824968288,0.0015389660802150797,0.2587013396142063,2.4013207245222365,-2.8467843471214835,-1.1797980744977001
0.009036310963074277,0.014966821223950563,0.00806113840816529,0.0015639629573864658,0.25783376930949903,2.4183871539797575,-2.8346958004065432,-1.1975530001131742
0.009020175009069216,0.014964556742560997,0.008054267771846216,0.0015895167704325812,0.2570302743625958,2.436173874390727,-2.822682124867527,-1.2156811325256542
0.00898785497117717,0.014957554026168648,0.008044595033825893,0.0016422936255241912,0.25596715802094083,2.475295262999973,-2.800440597665609,-1.253198515143701
0.00900371494056581,0.014961758632801978,0.008047989441202193,0.0016158690448304389,0.25628273159271026,2.4549332251075593,-2.8107189238233428,-1.2343603246418384
0.009082952475563882,0.014973631104251203,0.008079449267941213,0.0014896067396180893,0.25990102814598254,2.365611607978167,-2.8682126273179076,-1.144374864419621
0.009098563399810532,0.014978154680799606,0.008080947463120193,0.0014631844250668584,0.2598844123692987,2.344191795544561,-2.8768467044915877,-1.1251546625272695
0.009071823130872335,0.01498424856494776,0.008051975051190036,0.0014993118819395395,0.25614035476708513,2.3592270008264777,-2.8482473187636463,-1.150132848088156
0.00905772839683612,0.01498401315316486,0.00804308925533818,0.0015204656186796834,0.25503106141572646,2.372252105119379,-2.8364856551836444,-1.165054732237295
0.00491944615628589,0.010384295099214031,6.196107456528516E-4,0.008196611910229976,0.053723704556268105,0.38040660030701673,2.5402800787324806,0.3320534419802997
0.004906953321150935,0.010395107118884115,6.340529995800939E-4,0.008179705176582322,0.04892534534458317,0.38878965028719353,2.529519578835537,0.31746289121882487
0.004896029113076403,0.010299572902860628,4.800485442852291E-4,0.008185794786197837,0.07806449000712427,0.2890297793078234,2.527121631300757,0.41798082300100065
0.00491360877016087,0.010367458490488826,5.915185295343726E-4,0.0081934081920633,0.0584956656052033,0.361967544925972,2.5369655161180735,0.3488821193531156
0.004905836964063959,0.01035033171498553,5.626567065956362E-4,0.008187856227213646,0.06309625815625958,0.3428543957185688,2.532020448195485,0.3655352796244682
0.0048975667825590435,0.010316897782960573,5.078885808283603E-4,0.008184562552201971,0.07275326493476147,0.3070257906238653,2.5274749726221946,0.39964305729428146
0.00490089552204901,0.01033356912819648,5.350248388058446E-4,0.00818536094603182,0.06785839296771855,0.32472254114037874,2.529168942901681,0.38244877539097066
-0.005064747183119274,0.010885216847135613,-0.00146795751648984,0.008184412674641676,-0.10261491332320573,0.92763557825995,-2.5674791548422466,-0.17863853171007127
-0.005079937274184245,0.010890495802369919,-0.0014841600511907242,0.008199958901266565,-0.09882749518902234,0.941937713946006,-2.5767416266500804,-0.1861049459435066
-0.005067592303100556,0.010900727744743035,-0.0014936902950990676,0.008179754054359835,-0.1073805237770865,0.9444341431790285,-2.5655051795090524,-0.19492491865094572
-0.005082759427831132,0.010905949863632844,-0.001509908366672777,0.008195256864826963,-0.10380316190534807,0.9587830474028851,-2.5747231311764627,-0.2023471124833038
-0.00509453340796357,0.010967676347966868,-0.001612785428810053,0.008175633223674268,-0.12212017767899408,1.0260781033436779,-2.566187002921404,-0.2671508311562831
-0.005082421720706688,0.010978140441848592,-0.001622054649435977,0.00815510539429234,-0.13049498993365183,1.028674438958616,-2.5546649238427714,-0.2761640623971127
-0.005091517165669237,0.010952258507486401,-0.0015870796448746137,0.008180662107977788,-0.11814807612236074,1.0092271329394107,-2.568379214409035,-0.25099899744466925
-0.005079346467331475,0.010962709009829147,-0.0015964543808971341,0.008160166777891735,-0.1259476455122891,1.0117822530280642,-2.556939725534615,-0.2599574092777442
-0.005088549402048356,0.010936831374304052,-0.0015613549634820893,0.00818561092339279,-0.11421712168541535,0.9923800989399365,-2.5705413340741883,-0.2348007476211332
-0.005076331740331678,0.010947240445592941,-0.0015708056085642801,0.00816517525575332,-0.12115377499000006,0.9949193248081319,-2.559170009418984,-0.2437211913599042
-0.005085630146507709,0.010921395106936292,-0.001535633196798317,0.008190475463986584,-0.1092786349322335,0.9755792633152555,-2.5726590266519342,-0.21857694454677504
-0.005073383110589807,0.010931743631141124,-0.0015451215539774232,0.008170131691747032,-0.11644880518035423,0.9780850169692091,-2.561351022652136,-0.2274677805311345
-0.005070475314364453,0.010916236399600661,-0.0015194141803308303,0.008174998703875514,-0.11193041127828575,0.9612577743464982,-2.563465138396421,-0.2112023451677578
-0.005079204949552865,0.01103498612464991,-0.0017074479236158194,0.008118459372460472,-0.14362799082564173,1.0884105485684044,-2.532801988231821,-0.33935418619585067
-0.005076154579894837,0.011019490529783647,-0.0016820143160685482,0.008124107826604351,-0.139298001255148,1.0715174621726664,-2.5355080974553847,-0.3231307760954775
-0.005073153691599861,0.011004068920512873,-0.0016566870545660125,0.008129627258491192,-0.13484833662148388,1.0547210225247288,-2.538129254111489,-0.3069781999090489
-0.0050700754841039525,0.010988694470860559,-0.0016313539716290525,0.008134887167320129,-0.13030002912618321,1.037969328803797,-2.540568244320283,-0.2908956612972513
-0.005008947881554006,0.01071874875227363,-0.0011801336102450473,0.008195996429399832,-0.048722395991353286,0.7434069778385943,-2.562441284235982,-0.010278622139794821
-0.005006671200365498,0.010703223028199517,-0.0011546299268984355,0.008199657846755172,-0.04385427375790795,0.7269100004796599,-2.5638241037362444,0.006040358269442839
-0.005004276262016729,0.010687654136460535,-0.001128991430814411,0.008203056032491884,-0.038955671888407005,0.7103431219447048,-2.565030051221315,0.0223844771556133
-0.004995772754803697,0.010728818539208816,-0.0011905393467767035,0.008176368870262895,-0.05192732281054555,0.7504595824399343,-2.5498734733262824,-0.023660283405250174
-0.005049027537778157,0.010879944630297275,-0.0014517839068075575,0.008168904140868202,-0.09798637226215329,0.9200793828521813,-2.555606101894938,-0.1772096508417205
-0.005038771091399224,0.01081773524375018,-0.00134939139099924,0.008187289995019003,-0.07917254474602119,0.8532690808303892,-2.5635159477492646,-0.1118904567952651
-0.005036282130499432,0.010802290887437652,-0.0013239310899456588,0.008191568549616767,-0.07428355172199629,0.8367210749686108,-2.565290982692659,-0.09566385817788793
-0.005031128720495571,0.010771250546111324,-0.0012726241943219892,0.008199565423818138,-0.06448686613483677,0.8034916148813976,-2.5684492931437455,-0.06311290611393056
-0.005033705895179171,0.010786815387654346,-0.001298358200998079,0.008195618525802936,-0.06936585483675388,0.8201426900290799,-2.566908026901657,-0.07943129005975802
-0.005032626948131765,0.01087468215635772,-0.0014353149351029931,0.00815234010816141,-0.09654689862237341,0.9095692887731167,-2.543991450380459,-0.17393752145360383
-0.005029980030896805,0.010858983000172831,-0.0014096223319139476,0.008157074742583098,-0.0918348431793835,0.8927447438409967,-2.546075372532174,-0.15751122421754712
-0.005027659336930122,0.010843324126292382,-0.0013841232591145483,0.008162027293501793,-0.08710927120574678,0.8760609464605075,-2.548312609656044,-0.1410737141479773
-0.005025570629805268,0.010827822871816497,-0.0013589481626757602,0.008167032918278474,-0.08240829300340337,0.8596061999431887,-2.5505961750690287,-0.12476274123889176
-0.005015251439989107,0.010766006370457373,-0.0012573516534737739,0.008183251030459388,-0.06346689325172529,0.7934704644842226,-2.5571564276313867,-0.06004254809753968
-0.005012828990417898,0.010750193223802112,-0.001231405560824169,0.008187293162257588,-0.058553293622302195,0.7766318790559606,-2.5587736040768303,-0.04345206906241953
-0.004996871197529407,0.010744546984589988,-0.0012156898902519501,0.008171012819895523,-0.05677611189328368,0.7668375277716074,-2.5473441491968742,-0.0403783730037306
-0.005082423644230646,0.011050534642100833,-0.0017330286618618058,0.008112831095266228,-0.1478931976218577,1.1054058537228098,-2.5301173662278313,-0.3556038092769806
-0.005089402657797808,0.011081504874745372,-0.0017842383924614117,0.008101846278295811,-0.1565456336282333,1.1394438481636369,-2.5249327447246377,-0.3878950981685319
-0.005085853698353086,0.011066059942440955,-0.0017586719814747121,0.008107317673077345,-0.15217972157118106,1.122440832703078,-2.527514093962639,-0.3717962583489947
-0.005127355233983757,0.01112130860346941,-0.0018688072188150849,0.008120936727081834,-0.1680229079066343,1.1952329995753164,-2.540828083117631,-0.4285398277885566
-0.005123855962596771,0.01110599246222428,-0.0018432616138436264,0.008126773189333778,-0.16473170805612258,1.17818803122543,-2.543646197432698,-0.4124232435487088
-0.005111965955312215,0.011116831286486299,-0.0018518930710885173,0.008105423028974075,-0.1696503076410447,1.1810343007801114,-2.531561837824609,-0.42135017591392493
-0.005108513369488727,0.011101435658993257,-0.001826403763596268,0.008111309076339763,-0.16532732047839158,1.164054147344398,-2.5343849094215467,-0.4052540535048213
-0.005092876309427916,0.011096919818513011,-0.001809681372057459,0.008096161065400105,-0.16092516309701968,1.15641864964868,-2.5221910555259655,-0.40398770106097753
-0.005214685021600214,0.011496858601607778,-0.002481646934649874,0.007933764583059581,-0.2618886295183289,1.611349583412025,-2.4403426737100067,-0.8197934520461939
-0.0052303667150690415,0.011500199429168908,-0.0025002387221317148,0.007949267929201784,-0.2630236643297992,1.6260542720886135,-2.4501536153316175,-0.8269079288351447
-0.005235103217132527,0.011515176111420451,-0.0025252278475941287,0.00794136495894431,-0.26489055077683227,1.6435088677607836,-2.445561276418407,-0.8427830994261442
-0.005219356966476986,0.011511930096908948,-0.002506550508111228,0.007925769423104486,-0.2651541802695418,1.6287119079615413,-2.4357292432306976,-0.835572653185897
-0.0052398867331516835,0.011530137799930005,-0.0025501961511192168,0.00793338232899936,-0.26631475336825394,1.6610513053555238,-2.4409063114391416,-0.8586057083008414
-0.005224119122469084,0.01152698746312091,-0.0025314651429702534,0.00791774102769223,-0.2686606326134748,1.646122334879047,-2.431056444893079,-0.8513623426280595
-0.005244717217658646,0.011545084353673888,-0.002575106795300481,0.007925331852768504,-0.26913685387864467,1.6785449527522192,-2.4362220427635544,-0.8743732990968534
-0.005228969883527332,0.011542000915554065,-0.002556354638501706,0.007909703198635367,-0.2719497309914796,1.6635862180192582,-2.426331829536846,-0.8671397123840169
-0.005249594624691072,0.011560015631407596,-0.0025999532338323895,0.00791721573254715,-0.2740062432986843,1.6959122190272167,-2.4314800569483013,-0.8901379043297127
-0.005233860560919266,0.011556971379741885,-0.0025811790722256294,0.007901602950708075,-0.2746779839032836,1.6810596666595814,-2.4215397220605652,-0.882877674846127
-0.005164987785668902,0.011273835502437062,-0.0021229937661803233,0.008058222910856064,-0.20925732972542463,1.366249775580138,-2.5097139287180643,-0.5884885346933476
-0.0051535285508782615,0.01128500801650649,-0.0021306607854077613,0.008036085386198015,-0.21345409967020793,1.3693221250313137,-2.4965811192797003,-0.5976179686439939
-0.005161009143188232,0.011258637154898948,-0.0020977005076578915,0.00806484418964682,-0.20368526462374945,1.3492691829023975,-2.513029122663984,-0.572570451636057
-0.00514956011353208,0.011269811907164114,-0.0021054992037381325,0.008042819349944734,-0.21007931529506707,1.3521529989193064,-2.500114968746965,-0.581699920899601
-0.005157078253839507,0.011243426298807372,-0.002072375021658006,0.008071388916877585,-0.19872114265878982,1.3321953028855997,-2.516288263056914,-0.5566752424741954
-0.005145592054621896,0.011254612780544569,-0.002080294709241957,0.00804941611017356,-0.20666741084871207,1.3349493690962184,-2.503563577030544,-0.5657440477636593
-0.005153195160361302,0.011228203096582517,-0.002047001684967241,0.008077861011114226,-0.19498844646071833,1.31499973146376,-2.5195300715952444,-0.5407535342021769
-0.005141632604502256,0.011239382900772437,-0.0020550173500465253,0.00805590369779151,-0.20294371271040454,1.3177280879750206,-2.506930105271095,-0.5497396501852406
-0.005137715253560281,0.011224107275343937,-0.0020296711804799164,0.008062328466578984,-0.19882613951221714,1.3005297154092939,-2.5102259016200024,-0.5337010387993718
-0.0051416470792949465,0.011296285887174235,-0.0021381537153471286,0.00801402594383359,-0.21295410264979545,1.3780749514710904,-2.4802225360570795,-0.6120358349613602
-0.005198714358040848,0.011493487556667166,-0.0024630494892322534,0.007918653548181422,-0.2575822795554547,1.6021463721077287,-2.426989979681542,-0.8178824440736446
-0.00518500937453766,0.011448236538952909,-0.002388647483202215,0.007942011145489874,-0.24787601244381244,1.5503780671116447,-2.440495739732715,-0.7705993673441429
-0.005194142265134746,0.01147837532821388,-0.0024382536704147177,0.007926605217793634,-0.25436431044120905,1.5848476982615394,-2.431633481671104,-0.802083550734058
-0.005189543633600922,0.011463297303756075,-0.00241343391336184,0.007934351263175843,-0.2511181200745766,1.567585176903835,-2.436103554537968,-0.7863298460875007
-0.005145521920375036,0.011311549021305524,-0.0021631270772508033,0.008006891392181288,-0.21661458851916662,1.3951777683216433,-2.476336787159654,-0.627996201882654
-0.0051494983199027395,0.011326858997372019,-0.0021882003306082395,0.007999693185205712,-0.22020754146640367,1.4123746706218328,-2.472400518637403,-0.643997972241701
-0.005180532950641934,0.011433216887477048,-0.0023639221215490855,0.00794955896565328,-0.2445610631555393,1.5332417790521322,-2.4447939843499373,-0.7549142098046778
-0.005176013927682357,0.01141823614919831,-0.002339171771851976,0.00795688316243607,-0.24113847500085014,1.5161360483891337,-2.448911156606495,-0.7392799796345365
-0.005153588488620981,0.01134219298185808,-0.0022133511904374025,0.007992461467414017,-0.22375201571316425,1.4296449685199535,-2.4684348927718918,-0.6600145779538112
-0.005171409836471782,0.01140323439479556,-0.002314280804104819,0.00796398482421682,-0.23765604646268132,1.4989889155380463,-2.4528417604670785,-0.7236412251793586
-0.00516676673493551,0.011388132246890087,-0.0022891788774400536,0.007970980135748228,-0.2341642698204244,1.4817364450030261,-2.456668840049271,-0.7079106980082771
-0.005157805652016813,0.011357548933833781,-0.0022385889543452037,0.00798521205253419,-0.2272390625386441,1.4469868331661964,-2.464452778034777,-0.676040935836455
-0.005162197364522533,0.011372889662752418,-0.0022639016024566003,0.007978028271416833,-0.23069417878345458,1.4643769374780329,-2.460515361065713,-0.6920338167509056
-0.005141833072035735,0.011182461035313321,-0.001970711363514108,0.008096811296388284,-0.18540236279336933,1.2634578298421972,-2.52908369643176,-0.49266633956380607
-0.00513012945972199,0.011193476140193436,-0.001978931589332879,0.008075081701535314,-0.1902703598561084,1.26631962915935,-2.5166507039792028,-0.5016327397978734
-0.005138141575448354,0.01116719007004694,-0.0019452826955434668,0.008102958286707797,-0.1800958046753914,1.246457936686554,-2.5321109924035325,-0.47663740878516814
-0.005126435889929587,0.011178170305618886,-0.001953586194175526,0.008081349165436251,-0.18638656741013115,1.2492656073466681,-2.5197668584095414,-0.48561841172965287
-0.005134498077970416,0.011151907568655757,-0.0019198320050656421,0.008109025945744093,-0.17503978306117354,1.2294370731513269,-2.5350595709280674,-0.46063217145553637
-0.0051227616763701534,0.011162873813079082,-0.0019282302787324256,0.00808749156237626,-0.1825925652029188,1.2321963485413852,-2.5228061336099334,-0.46959180767532255
-0.00513090261818238,0.011136613692675216,-0.0018943396507759825,0.008115018903377123,-0.17104276287843076,1.2123482811642166,-2.5379606467657094,-0.44461142560115746
-0.0051191060700255505,0.011147562173431847,-0.0019028313113070565,0.008093524044853138,-0.1785704538314207,1.2151157860838948,-2.52577583366525,-0.45353440941171647
-0.0051154966347320705,0.01113221420568341,-0.001877378330090223,0.008099489790203961,-0.1742019392167439,1.1980521798426649,-2.5286900255492104,-0.4374477899887678
-0.005118032904734459,0.011204682572063423,-0.0019871552823234715,0.00805339734209065,-0.18972612693187885,1.2756334865376993,-2.500780937246171,-0.5164774069523537
-0.005121798667011589,0.011220114443026827,-0.0020125326865684415,0.008046882121851022,-0.1935990558537177,1.2927926244725738,-2.497417209027358,-0.5325798588669318
0.005456000980507259,0.012086162244613058,0.0034768611303585503,0.007573208695896927,-0.34519068443678497,2.3292344683489117,2.2006483671130894,-1.446249693072896
0.005440001965708261,0.012084848460713615,0.003455289788387973,0.007557582903560803,-0.3466180166554152,2.3106290999863535,2.191011222768985,-1.4375830685333095
0.005610919877832094,0.012394989703775476,0.0039915719112646976,0.007315012549813104,-0.3536559031886571,2.708892188551522,1.9959767051094612,-1.7678138484254033
0.005594995598033451,0.012394720451763437,0.00396834498781464,0.007299757711288077,-0.3567891064603092,2.6875448356897205,1.98704962616824,-1.7579417464065472
0.005603417561025712,0.012381189378714531,0.003968584656758217,0.007327509160445851,-0.3531977649624947,2.692063681980915,2.006320004779126,-1.753633372006339
0.005581171262969616,0.01233964796343263,0.0038993476518786323,0.007364587090301726,-0.35371393729023376,2.641081768956296,2.0368736735071598,-1.710844550238597
0.005565223495477423,0.01233922611486813,0.0038764354490935797,0.007349197934962473,-0.3570012080837249,2.620095544884084,2.0280813219176994,-1.7012629546548197
0.005573842953947663,0.012325754459026414,0.0038762039159795573,0.007376794760433445,-0.35315888418367947,2.6240201378902084,2.046862717872423,-1.6964893906386427
0.0055885431814808,0.012353518374336696,0.003922472867375935,0.007352296243309211,-0.3530513876480224,2.6581359129622615,2.026771015038464,-1.72515838710956
0.005572596013462375,0.01235315341642827,0.0038994796345317973,0.0073369160468840814,-0.3570850167612937,2.6369955852700886,2.017987130801327,-1.7155108036278488
0.0055959586381202995,0.012367365557503274,0.003945554787260217,0.007339935369043613,-0.3527464644942964,2.6751453961376446,2.0165815271549405,-1.739417884429746
0.005580023061758169,0.012367039991067192,0.003922483637116122,0.0073245957360871085,-0.35721047257183547,2.653875343940381,2.0077928113286103,-1.7297069278666004
0.005587495600829777,0.012380891395149286,0.0039454433260293345,0.0073122207508796375,-0.3570822492408321,2.6707359163663607,1.9974857508967248,-1.7438537028776293
0.005462577381044803,0.012100427570042292,0.003500661663242456,0.007562236465960079,-0.34500982805048136,2.346813507373666,2.1923860230016,-1.4612644492518292
0.005446568867385221,0.012099202123840172,0.003479016508680238,0.007546573896211778,-0.3478680147740966,2.3279980418953135,2.1828358267227035,-1.4525601818269809
0.005469198559067849,0.012114672150203702,0.0035244253300046094,0.0075511906203421,-0.3446632282631361,2.36441764522762,2.1840428376478296,-1.4762160416334869
0.0054532072793664925,0.012113507445966199,0.0035027107820560428,0.007535549874589577,-0.34918432621859946,2.345372375297465,2.174581000233927,-1.4675076069850386
0.005475864446977092,0.012128895840071582,0.0035481300846858916,0.007540081479441694,-0.3455183243616499,2.381963069247288,2.1756468998278327,-1.4911197174727695
0.005459912851500358,0.012127757249529823,0.003526363931184089,0.007524515451557218,-0.3502684603438228,2.3627620381067618,2.166246002670402,-1.482416706824497
0.005482574976576021,0.012143098494643411,0.003571781636754314,0.007528906449017326,-0.3473704650492599,2.399409300581059,2.167191094827676,-1.5060041114588965
0.005466656166386581,0.012141978089734976,0.0035499692888820004,0.007513409449160958,-0.3509386953618819,2.380144093285328,2.1577987416997133,-1.4972854261353385
0.005489330079069643,0.012157279968945644,0.003595405971581726,0.007517653312861103,-0.3485765362771813,2.416801031555628,2.158652142860162,-1.5208782846089797
0.005473418073678683,0.012156195443893876,0.0035735263317567575,0.007502182696105658,-0.35148788084018395,2.397484301568016,2.149211591959926,-1.5121120387915707
0.005496129685063255,0.01217144011803954,0.00361900438246077,0.007506321490507714,-0.34909967537982983,2.43416343803066,2.1500268866181274,-1.5357258053992737
0.005480213141881432,0.012170399816111495,0.003597040651742865,0.0074908616791505385,-0.3521761979290281,2.414787644324283,2.1404978585892085,-1.5268941678655195
0.005502973724561289,0.012185578797026963,0.0036425581387321258,0.0074949199900022695,-0.35020931516107207,2.4514569497560026,2.1413208138981803,-1.5505368438523854
0.005487051819344582,0.012184572026211213,0.0036205074095427754,0.007479479759821993,-0.35280519241011193,2.4320709001392555,2.131680122074115,-1.5416301216483408
0.005509862126966205,0.012199695861056147,0.003666066693681025,0.007483449083230428,-0.35195008455799376,2.468667214149184,2.1325125337003685,-1.5653220363128348
0.005493916946336182,0.01219871389135224,0.0036439080641692185,0.007468017757936583,-0.3531862146256865,2.4493140605738737,2.122757541850206,-1.5563147922041074
0.005557880776354201,0.012325283190313688,0.003853337906073924,0.007361385515154764,-0.3571895190168947,2.603131227917942,2.038048200988069,-1.686956311220783
0.005566558325275475,0.012311837995365546,0.003853038113576188,0.007388921126204218,-0.3516153884185898,2.6068951782841587,2.0567454049683263,-1.6821172893617904
0.005516794822133637,0.012213791167466397,0.003689546960164164,0.007471900516053885,-0.3532174341597263,2.485849217841642,2.1235615407286565,-1.580089378030572
0.005500796684920766,0.012212838748905037,0.0036672388751278037,0.007456448223071908,-0.3534986704172318,2.4664885055316748,2.1137254449614464,-1.5709452955928584
0.00552377174603527,0.012227864587089588,0.003713003836800183,0.0074602718418101815,-0.3537020773868756,2.503055735095305,2.1144439049420902,-1.594828775611707
0.005507709019773097,0.01222695315814888,0.0036905270117309937,0.007444780422702627,-0.353957802073733,2.483605738635411,2.104594415593659,-1.5855318454837757
0.005550542787263348,0.012311340176901366,0.003830170719617067,0.007373434076560798,-0.35731420863674906,2.586084029823322,2.0478636739699443,-1.6725870400789866
0.005559317447314377,0.012297898706704342,0.0038298169094644597,0.007400983586531857,-0.35110278482707974,2.589632018630177,2.0665673602399544,-1.6677261048222831
0.005530792832404855,0.012241915987078057,0.0037364278988960098,0.007448567650269882,-0.3540428113125196,2.520290178424743,2.10515708888456,-1.6095258632044598
0.0055146773546339775,0.012241058410074274,0.003713803868439508,0.007433034614460563,-0.3544914994699701,2.500697667992029,2.095376655091411,-1.6000906866352416
0.005543225663242705,0.012297369181852792,0.0038069344744756073,0.007385394718539347,-0.35696695857396077,2.56899326255409,2.0575506946676927,-1.658155710085471
0.0055521203899277,0.01228393672729852,0.003806525986316718,0.007412989473686638,-0.35224535851080835,2.572258473822038,2.0763564952955256,-1.6532842328916597
0.00553785801384869,0.012255945233250496,0.0037598185484832435,0.007436788127431968,-0.35427647986889843,2.5375546130244557,2.095701270949247,-1.624174655974688
0.005521706367116357,0.012255159021516639,0.003737080206278613,0.00742120874833446,-0.35498581661704715,2.5177751818986844,2.0860677957242406,-1.6146320169452222
0.005544967222482056,0.0122699521913998,0.0037831854450837434,0.00742492830740282,-0.35370261200626124,2.554876504597972,2.086086969801538,-1.63876617960414
0.005528798851777636,0.012269257640171428,0.0037603615966704286,0.007409301526037935,-0.3555353046954521,2.5348390636004035,2.076656760691579,-1.6291596336692529
0.0055359698606545415,0.012283338371506048,0.003783652746456135,0.0073973475082781135,-0.3562509305043393,2.5519067431253,2.067146319267806,-1.6436727503146464
0.005083800004097096,0.01112280307016216,0.0018426172126185735,0.008068905893284904,-0.16717012517606009,1.1794260975447397,2.5050858148764896,-0.4324807912256447
0.005080577415996425,0.011107509202162637,0.0018177108526304178,0.008075039885619424,-0.16305546503131288,1.162716849920467,2.5081930417720772,-0.41653663663156104
0.005064771957158677,0.011102989522872335,0.0018008568377987073,0.008059532848691526,-0.1605615182711335,1.152893948971773,2.496722434616611,-0.41363813715536013
0.0050605602855389115,0.011088103330890713,0.0017760227606010558,0.008064068199744966,-0.15648382757748489,1.136340582510023,2.4987592525941325,-0.3982981256985063
0.0050699589693535335,0.01106145068596955,0.0017419202552681173,0.008091590077966261,-0.15041453647321792,1.1121370445356398,2.5161689426954514,-0.36865525749096023
0.005066811004455271,0.011045813313447056,0.0017164074387818367,0.008097451261518352,-0.14607563151476868,1.095135064827932,2.5190466087029773,-0.3523492925396466
0.00505767248648577,0.010999203291733312,0.0016402957177222156,0.008114338204121137,-0.13294920561076404,1.0445669154788126,2.5271979320549094,-0.30371403165263006
0.005063713666859014,0.011030156084344005,0.0016908593659097284,0.008103237055525314,-0.1416977222684158,1.0781335316287401,2.521867108558254,-0.33601449059735344
0.005060721422040016,0.011014598092183518,0.0016654873097277075,0.0081089404861638,-0.1373247400098436,1.0612755942313188,2.524635675832116,-0.3197747952683368
0.0050566959102510065,0.011072651204016232,0.0017505437859754256,0.008069223400279707,-0.15226067243859756,1.1193416103260996,2.501192052036657,-0.38232369090578205
0.005027241770127546,0.010932888488529491,0.0015221388207290792,0.00811574850682976,-0.1129585278127385,0.9676835249068586,2.5230704184383494,-0.2372288415498772
0.005030387619490891,0.010948541041568364,0.0015477430553970178,0.008110940176800687,-0.11747142650329435,0.9845851148503896,2.5209060312958216,-0.25348645285789767
0.005033820038177287,0.010964192000102685,0.0015734782244387518,0.008106320901839088,-0.12197373084516462,1.0015795188651229,2.5188745846876657,-0.2697034258990287
0.005037766913909275,0.01097962970254717,0.0015991577997882154,0.00810227505384488,-0.12641934065938346,1.0185244449344764,2.5172272834338743,-0.28562563250280343
0.005041972541244496,0.010994468527846775,0.001624065002318937,0.00809873125278588,-0.13069150342606053,1.0349558892624209,2.515887078227346,-0.3008833251106214
0.005023824738822394,0.010916971537023258,0.0014959624252347458,0.008120234890822085,-0.10833708012730227,0.9504400742008032,2.524994909440202,-0.22073002213003798
0.005010503906028148,0.010928722169493673,0.001506831716738456,0.008098500226390519,-0.11114479452516635,0.9584971394928977,2.5107849563213036,-0.2352486108368684
0.0050199710440981555,0.01089920279672998,0.0014666960794358264,0.008125020323585967,-0.10316675054982137,0.9311889547296611,2.5269953213947187,-0.20232083669946713
0.005007715272903588,0.010884110643267738,0.001437258180210973,0.008118471094768737,-0.09844689673211711,0.9122714611147485,2.5213733180408693,-0.1880792566723939
0.005000286625284869,0.010867035579831916,0.0014073328145287475,0.008118405826944253,-0.09335676833167816,0.8927644307903009,2.520091879649032,-0.17100604721766688
0.004996632129438666,0.010830957257577656,0.0013500271273961008,0.008131712435034216,-0.08281144271639863,0.854980384423339,2.526653890874283,-0.13303683096016083
0.004993796292399238,0.010847866380110508,0.0013747047289447115,0.00812027980821741,-0.08770250686978523,0.8714212028272775,2.520010017258425,-0.15156908164108138
0.004992205828585513,0.01079911069955996,0.0012986992237474636,0.008141430027306443,-0.07334358999441924,0.8212970921092232,2.5310537497076018,-0.09969296867418838
0.004989713053492988,0.01081559162783586,0.0013230435529139873,0.008130905938521353,-0.0782116231614891,0.8374207509765963,2.525014524585044,-0.1177483147437678
0.004985452124974166,0.010783341894129628,0.0012711898770361616,0.008140707745305944,-0.0686218184563565,0.8033983446382644,2.5294578830428622,-0.08395968574303868
0.0049659064333000364,0.010751212488685132,0.0012128295481802212,0.008132077910591047,-0.059031702355924816,0.7654962520089165,2.5213180949605705,-0.05296848956599399
0.0049730804571091495,0.010767371309898988,0.00124095867222337,0.008133401120527385,-0.0638260635030337,0.7838319838069009,2.5233474298377487,-0.06899569702077034
0.004972924980970905,0.010707090339920166,0.0011470913738684722,0.008158611443206551,-0.045572582345960864,0.7223802701554679,2.536355090388786,-0.00447950549194038
0.004961314165916057,0.01073462572483172,0.0011851851766236914,0.00813377974675865,-0.054098885840875195,0.7474281482077867,2.5213338024912098,-0.03605053451116611
0.004957941616202689,0.010718603342348254,0.0011589328704579344,0.008136505640161008,-0.0493193973754709,0.7302617290144396,2.5220915533497954,-0.019524483740255814
0.004970113497336602,0.0106885494405263,0.0011169485745887962,0.008162726528278498,-0.03992156312535267,0.7027553651452426,2.5378796437396063,0.01489295351284896
0.004940673929653506,0.010591399154953945,9.537180253564176E-4,0.008163909088213643,-0.010702045693761444,0.5964944121583758,2.532074782174235,0.11349561075170765
0.004942229610365391,0.010607259403615158,9.791595158823814E-4,0.008160308586883942,-0.015583102595927082,0.6130212104304075,2.53070368527607,0.09678179273876884
0.004944180775901882,0.010623612322307489,0.0010054880271818997,0.008156848052498536,-0.020587622796192587,0.6301431931605014,2.529461066766172,0.07962496219640965
0.0049472852989557,0.01064011878104129,0.0010324551385226205,0.008154516633685,-0.025586119855359107,0.6477069175877787,2.5289975273993366,0.06252887131356373
0.004952061396360756,0.010656416441508804,0.0010597187450792054,0.0081540473953204,-0.03046497006084509,0.6654817014249598,2.5297889335400754,0.045970164377288764
0.004958802987987785,0.010672259414271183,0.001087053687314091,0.008155884723274923,-0.035151829214487264,0.6833019731662208,2.532120803631594,0.030256826550903396
0.004937140241377783,0.010575642652137418,9.277679710681784E-4,0.008165033162402455,-0.005936625731615341,0.5795979512211714,2.5317737182233278,0.12970985315908815
0.004925353890055276,0.010586980538879829,9.416597530280165E-4,0.008147617837412531,-0.010092687040506698,0.5883290631398445,2.5206981084428106,0.11519472466690497
0.004905200336104694,0.010409257466857792,6.560839256405416E-4,0.008174450077957224,0.04423744914940259,0.4028427043411615,2.526908782890361,0.30180767031091865
0.004905329048116938,0.01042529920149389,6.815008739400595E-4,0.008170810970317103,0.03917319226300708,0.4192122782816669,2.5255208250681664,0.28457018954361063
0.004905677216666053,0.010441402797524655,7.070337107681165E-4,0.008167264111914816,0.034106677796775835,0.43569063452552387,2.524198740226636,0.26732084715593213
0.004929909456220854,0.01055904774285027,8.993367596587793E-4,0.008161989327812556,-0.0011414595456919329,0.5609849160934443,2.528587180239572,0.1460661727642916
0.004921945004241519,0.010542127270752061,8.702523648291509E-4,0.008158042267373175,0.0036743475398091957,0.5418960593974315,2.524760473965301,0.16259960514319305
0.004905377332739267,0.010457913364320365,7.330069659366449E-4,0.008162714034989057,0.028875816926542616,0.4524338360531482,2.522221885917657,0.24950476820194314
0.004906193197607143,0.010474881994508073,7.599522153954497E-4,0.008159178475434405,0.023608779524763892,0.4698815587821752,2.520967771358784,0.23145654793167145
0.004908339765268798,0.0104920718109442,7.875842971180122E-4,0.008156957306048658,0.01839113789950079,0.48784955646230616,2.5206236719990684,0.21346591236366597
0.004916719102583552,0.01052521115559398,8.420917024026538E-4,0.00815710786193065,0.008623533879169443,0.5234735989557858,2.5229781037014436,0.1796695019412925
0.004911856719390734,0.010508954603821995,8.151207981289026E-4,0.008156241755875551,0.013369505931285783,0.5058203113940798,2.521284003043851,0.19609518571935838
0.005177209793932224,0.011319353867715836,0.002198799450083098,0.008037868672097872,-0.22355088248900182,1.4170462516527655,2.4994816806927824,-0.6361893835732274
0.005161576466843962,0.011315264045241075,0.0021807596895870615,0.008022413645188206,-0.2201932267824245,1.4037040942651167,2.4892225577320115,-0.6294292821483113
0.005181379007421065,0.011334500554468822,0.002224054341923354,0.008030917290613289,-0.2269126228870126,1.434174487570268,2.495752707129857,-0.6521942568191509
0.005165619071912131,0.011330422378827809,0.0022058009053109056,0.008015366202941139,-0.22387385643295313,1.4208053406696968,2.485483695425796,-0.6452712594024798
0.005198530675796427,0.01139495244676372,0.002324973544880792,0.008002284364970273,-0.233869033546479,1.5044585974837907,2.4796719916092864,-0.7160627502709653
0.005187210309471904,0.011406363558159207,0.0023316332447771964,0.007979395461640408,-0.24375499937054443,1.5070345108474916,2.4661867097475283,-0.7248303328835809
0.005180274663378695,0.011432851155185692,0.0023631992749841495,0.00794956937087265,-0.2444740594439485,1.5327569463886552,2.4447695928733957,-0.7545369165426948
0.005175725876510544,0.01141781755343947,0.002338349605000532,0.007956900167565098,-0.24095517338461078,1.515573310260123,2.4488925967522914,-0.7388431140165039
0.005185595749722576,0.011349633918850095,0.002249293822483116,0.008023884760577037,-0.2303491749851936,1.4514774435472233,2.491861994267365,-0.6682171654047685
0.005169734985298466,0.01134559596115698,0.0022308750210333042,0.008008246199652886,-0.22766227010077575,1.437917613335722,2.4817210865520707,-0.6611174801569376
0.005189859973827203,0.011364753797800303,0.00227453533966135,0.008016766039379663,-0.23258891308501292,1.4689956720786295,2.4878353570574925,-0.6842421513258786
0.0051739267627066285,0.011360799241005996,0.002256003960834903,0.008001044054725237,-0.23152254226410163,1.4550617974683417,2.4779136075013333,-0.6769954772159609
0.005194171632003687,0.011379860028177457,0.0022997825232065495,0.008009560008754262,-0.23261397516392726,1.486726308953351,2.4837447656391887,-0.7002103625330545
0.005178226859731081,0.011376026013869655,0.0022812045139437884,0.007993800227338867,-0.23581799525436084,1.4722763888735309,2.4740474269874295,-0.6929239906640919
0.005182675727061878,0.011391228646982533,0.002306448805761367,0.007986595095433383,-0.24017900730572198,1.4896181488606943,2.470143783885789,-0.7088877875724323
0.005126078419764343,0.011235274541673721,0.0020378455849773933,0.00804101126823583,-0.19749619758443362,1.3098119594365845,2.494537967532155,-0.5483042278844062
0.0051301062523210665,0.011250492462400716,0.0020630301900012343,0.008034663074238222,-0.20147762853203258,1.3268461027568403,2.4912764425515648,-0.564157742275543
0.005134039157696403,0.011265656486893642,0.002088030347333146,0.008028101271289485,-0.20538996514496646,1.343812670235016,2.487846453885243,-0.5799764675349938
0.005137919470086402,0.011280838137743303,0.002112978534693375,0.008021324446720103,-0.20919442807538605,1.3607885220702578,2.484248314635689,-0.5958240388898326
0.005141958238707143,0.01129602797466224,0.0021380181041849955,0.008014579999879909,-0.21297308028569084,1.3778416765290726,2.4806648533710924,-0.6116705516699733
0.005145879298600665,0.011311168412244943,0.0021628560553443384,0.008007595286902702,-0.2167439630473316,1.3948324905126108,2.476887718078592,-0.6274957448617816
0.00508701183840298,0.011138238456902821,0.001867687647040668,0.008062524273227359,-0.17127291771877381,1.196276012363837,2.501805625811762,-0.4485738506415435
0.005090513163808923,0.011153817474636868,0.0018931219323216895,0.008056239472446674,-0.1754081111365852,1.21338258449668,2.4986008175705874,-0.4647919570319958
0.005094224033136366,0.011169401586252852,0.0019186670001416128,0.008050047531970332,-0.1795027182545834,1.2305772212922739,2.495457387622849,-0.4809961677155525
0.005097966798490435,0.011185006215313186,0.0019442270402670536,0.00804373019376649,-0.1835650746138943,1.2478177783848905,2.492221329549952,-0.49722678193064046
0.005101790286659266,0.01120062572571534,0.0019698279843880437,0.008037347545688316,-0.1875970036132899,1.2651108928252806,2.4889332441581433,-0.5134682270617711
0.005105906383443854,0.01121608162983446,0.0019953588650755446,0.008031271033383384,-0.19157040710603476,1.2823570014199268,2.4858483374328446,-0.5295129766209433
0.005110089940097594,0.011231378901603618,0.002020674004779993,0.008025239520745478,-0.1954741237204929,1.2994795006984725,2.482779272591165,-0.545389980772816
0.005168514266003452,0.011444199425244354,0.0023690724287974366,0.00792650409262983,-0.24530687319589875,1.5383751593542758,2.4283956104109947,-0.7666018363418247
0.005196948024824178,0.011535621212907443,0.0025188317481709376,0.007879177496246545,-0.26423354686363915,1.6426402994646028,2.400652907177861,-0.8615817378250846
0.005201705499219537,0.011550503821770667,0.0025431608788195254,0.007871114383521172,-0.2671419779403457,1.6596772584400707,2.395811743624526,-0.877044346896846
0.005206195077276771,0.011565553028368229,0.0025674167832352578,0.007862452570608762,-0.2700058432089149,1.6767290963602604,2.3905011460092713,-0.8926695544507774
0.005210986956176718,0.011580714974866025,0.002592046457451772,0.007853884484908936,-0.2728729516765127,1.694036784014207,2.3852563983412995,-0.9084071726477151
0.00518564240771648,0.011547392135720716,0.002524423746814821,0.007855725282206025,-0.26425518444040247,1.648487130886312,2.383436701176011,-0.8736330257137404
0.0051919868365196435,0.011520655497487584,0.002494160388421605,0.007886940361739517,-0.26122837631811185,1.6254175433624807,2.405238085923895,-0.846032121532401
0.005187093556801504,0.011505480959058184,0.0024692222097293585,0.00789482060495107,-0.25814441881205513,1.6080249102242916,2.409880903553853,-0.8302677102226929
0.005172842965207795,0.011459435187437644,0.0023937955571804973,0.007918515661859811,-0.24853287913763086,1.5555537147117373,2.423728342674582,-0.7824366566274138
0.005177414389448018,0.011474825241461822,0.0024188869478227663,0.007910526450851297,-0.25178699811436833,1.5729985654125216,2.419059439747178,-0.7984262001888113
0.005182210019001509,0.011490190627979393,0.0024440905088400078,0.007902665600532188,-0.25499116871957406,1.5905234458588067,2.414473005365179,-0.8143832685656281
0.005252488873290287,0.011700907562767296,0.002788734040367322,0.007784663580312607,-0.2940727172284452,1.8329965725496715,2.3420037495090806,-1.0332000207459373
0.005279911660148056,0.011732761034934062,0.0028570507228681146,0.0077830520253645,-0.3012806301701039,1.8801789373804352,2.3437110460487127,-1.0678348244039506
0.005285281784744206,0.011747451009800118,0.0028811768225933533,0.007773934043526804,-0.3036593774908203,1.8974268773687128,2.337793272214441,-1.0831829026463013
0.005257923453368286,0.011715743950825606,0.0028130849096689656,0.007775813485063058,-0.2964954294502889,1.8502923635883175,2.336334422777228,-1.0486000536531572
0.005263546503592069,0.011730346889721776,0.0028372800067502477,0.00776726595292519,-0.29886216718567593,1.8674763424982304,2.3308678774158555,-1.0637768543736963
0.005351115767339394,0.011840618209004684,0.0030676705043610254,0.007747996835833247,-0.3180510017663503,2.0305217903812514,2.3243171173580777,-1.1867177251252818
0.0053352563676525334,0.01183845525609323,0.003047414007779643,0.007732427012777046,-0.32189773620132933,2.0133914235258175,2.314722350402605,-1.1790947755131194
0.005356921179222511,0.011855214021089619,0.003091978795413761,0.007738328175663621,-0.32077877909855457,2.048149486042292,2.3178310880252493,-1.2021284698386727
0.005341076673157363,0.011853062848965088,0.0030716447926923377,0.007722812220005273,-0.3235683966001108,2.030934982909232,2.308244613797409,-1.1944946395744047
0.005362772427933636,0.011869791551180904,0.0031162716433614066,0.007728577177593025,-0.32263197091671364,2.0657889983957753,2.3112428896358064,-1.2175444917082177
0.005346921081909515,0.011867664932701269,0.003095836175906442,0.007713085774972644,-0.32531420978342585,2.048452137786566,2.3016552210079446,-1.209863302464502
0.005368669455772492,0.011884350654762893,0.0031405414670231716,0.007718746861746968,-0.32404770782612796,2.083440213941107,2.3045674217492933,-1.2329429627902402
0.00535281746921929,0.011882266006172338,0.0031200229423520337,0.007703271383280118,-0.3271803891711813,2.06598230901658,2.294960201158784,-1.225221579310511
0.005374612204472542,0.01189889118724208,0.0031647746126319677,0.007708842740977437,-0.3256940465888279,2.1010608187241973,2.2978263381061748,-1.248310369191071
0.005358771444057893,0.011896851052525068,0.0031441948818430924,0.007693390766615225,-0.3289950559881352,2.083534308310322,2.2881655267590983,-1.2405666407825897
0.005290586715033292,0.01176221814630026,0.0029052743279388217,0.0077645200831192385,-0.30592523597951987,1.9147074417680463,2.3316110438581856,-1.098602678123189
0.005295929775431855,0.011777099181857056,0.0029294922434530556,0.007754884446946772,-0.30805320990375074,1.9321059416769477,2.3252339892043037,-1.1141301117828
0.005301437689033561,0.011792055652143626,0.0029539144788755384,0.007745204472775964,-0.3100821069932502,1.94965604013883,2.3188083280741743,-1.1297328147040877
0.005307169057786314,0.011806984115739836,0.002978479112267812,0.00773565152180189,-0.31206689202917487,1.967292705999543,2.3124688574356242,-1.1453105110137531
0.005313062405173228,0.011821796331460466,0.0030030179580301177,0.007726251481282291,-0.3140683008945125,1.9849021848468211,2.306226601835917,-1.1607765340201752
0.005319010089776546,0.01183646579555811,0.003027387113362644,0.007716916395722009,-0.31610936902756803,2.0024004840687533,2.300000386956427,-1.1761006445993782
0.005199120240398248,0.011593031676033537,0.0025973019757426345,0.00782903208999283,-0.2726907562921937,1.6997558540523767,2.366827492346981,-0.9207244850085932
0.005204742844249364,0.011607596585352533,0.002621686880063373,0.00782172082827643,-0.2754735708346707,1.7168058974385403,2.362443440510177,-0.9357869346581899
0.005208791064929659,0.0116224343243572,0.002644897101779481,0.007812245722722163,-0.278006032011702,1.7332679613489945,2.356359590599528,-0.9510669456176258
0.005212974936460311,0.01163834167841446,0.002669555447090148,0.007801760978266033,-0.28063771710989527,1.750783620484624,2.3495581075292793,-0.9674037407208874
0.005219027146405309,0.011654117019792574,0.0026957707136169105,0.0077933326975623786,-0.28346395116077105,1.7692017976027918,2.344354660735951,-0.9836964730264012
0.005225589354706441,0.011668850944479456,0.002721101127213133,0.007786327992201779,-0.2862050622487438,1.786928466231412,2.3401696551143343,-0.9989758119680082
0.005231050525218844,0.011683475308398012,0.0027451791743435885,0.0077780591350736445,-0.28872806800352363,1.8039379955911958,2.3349540274288247,-1.0140878831954563
0.005235593704220969,0.011698568560551745,0.0027688937951432803,0.007768162711418797,-0.29108131541843246,1.8208333434315966,2.3284564481462486,-1.029590597336689
0.005405009681636415,0.011971310217633166,0.0032854538757206256,0.0076581880273989406,-0.33487647020907857,2.18880849159317,2.2625015743098156,-1.3249908860477377
0.00541122549991139,0.011985736283431544,0.0033095232877655653,0.007647817223972425,-0.33490963894414166,2.206515426020648,2.255060329803742,-1.3402421542813794
0.005395240568035476,0.011983995103580435,0.0032883546120154746,0.0076322614312784144,-0.338364416107718,2.188449903022382,2.245371820089249,-1.33199787885267
0.005380600615198654,0.011913413003953132,0.0031889638732364076,0.007698867782090568,-0.32794455584859794,2.1186157405996893,2.291017949733705,-1.2636541655546154
0.005364767112261758,0.011911404184141014,0.0031683171847462295,0.007683444565668795,-0.33062100535289213,2.1010841710659225,2.281274654402545,-1.2558789628038565
0.005386634628544867,0.011927915960164922,0.0032131132357396627,0.007688820382142954,-0.33069173323685747,2.136109249387559,2.2841112836223076,-1.2789934311105766
0.005370785958035532,0.011925928532433952,0.003192372909154849,0.007673410583907614,-0.33203009171198267,2.1186037801836997,2.274287477008922,-1.2711468137640265
0.005392714184532193,0.011942399911086575,0.0032372378388509314,0.007678694225656815,-0.33317633386864914,2.153596966629558,2.2770638731297748,-1.2943393687823521
0.005376821548241008,0.011940443346544254,0.0032163752062469996,0.0076632612030496155,-0.333356616396805,2.1360780713453917,2.2671998439766483,-1.2863757619921634
0.005398839222606494,0.011956864711873455,0.0032613516261968943,0.007668483372564904,-0.3346266412256588,2.171152371503747,2.269853597954737,-1.3096814363293767
0.0053828894548094905,0.011954963860866469,0.003240355975520172,0.0076529949550967575,-0.33481734404331415,2.153519600968659,2.260012593055965,-1.3015838545343732
0.0053890209519819815,0.011969488258185416,0.0032643471543939255,0.007642645455020365,-0.3365282024400839,2.1709649551288703,2.252733122600724,-1.3167900538488266
0.005417486615139693,0.01200014276429862,0.003333536926150527,0.007637380868488465,-0.3360682923848766,2.2241745019197525,2.2475690197428997,-1.3554374019619175
0.005401539125514588,0.011998463143974389,0.003312348091084195,0.007621857282218712,-0.339980343563256,2.2059752911626016,2.2379290519429884,-1.347191135714407
0.005423792964446572,0.012014529515234585,0.003357498615979571,0.007626877421320777,-0.338165925713984,2.2417431381841904,2.240023795390713,-1.3706056350837124
0.005407878560760628,0.012012894816128564,0.0033362877581491215,0.007611392377405809,-0.34121736423758514,2.2235017466669915,2.2303850447066282,-1.362350644130701
0.005430144484372425,0.012028896391215732,0.0033814270170509763,0.00761629881474545,-0.3401007392248343,2.2592556349495916,2.2323954501566217,-1.3857684293752375
0.005414235309414384,0.012027304450676242,0.003360160496257913,0.007600827633445723,-0.34228708320186474,2.2409890234022285,2.2227240510416535,-1.377464128754869
0.005436541110871044,0.01204324324720037,0.00340532725342526,0.00760564280695022,-0.3417253410760523,2.2767458646155063,2.224658155269087,-1.400924370475779
0.005420616908723353,0.012041699744959581,0.0033839817987594083,0.00759016163368718,-0.34337294959288595,2.258434634876623,2.2149515500201535,-1.3925332712108707
0.005427035240163764,0.01205608657497117,0.0034077712928137515,0.007579398661726383,-0.3444419219294128,2.275853285436243,2.207075204588524,-1.407570161990764
0.00542358243159672,0.012083648282013517,0.0034337509812437553,0.007542043175721643,-0.3420238443802655,2.2972772863749875,2.1758364880507206,-1.433147066181914
0.005417125757428923,0.012069138707704952,0.0034100494443549127,0.007553144427249481,-0.34096213710646556,2.2799626713416763,2.184099340391206,-1.4181509351779085
0.005348643383686801,0.011909457940449703,0.003147832008634058,0.007668326551015563,-0.3254451406871146,2.0892840822775445,2.2668234227883723,-1.2522428337491471
0.006030047672386858,0.013039651051762191,0.005066010849402332,0.006616463738201547,-0.28942618521387276,3.460182598102211,1.3446021140371756,-2.38066858138878
0.0060142283486136336,0.013041884474127482,0.005038844872813252,0.006602481066279159,-0.295812974102084,3.432803293320228,1.340627992802106,-2.367456867534804
0.0060396165473467316,0.013052107945002958,0.0050867490196115925,0.006600533358594522,-0.288350516624146,3.473310532276637,1.3286203911618686,-2.3910875309225132
0.006023813451428943,0.013054372916706518,0.005059544900329588,0.006586612688527802,-0.2931178704824036,3.4459068746368184,1.3247132486759743,-2.3778031600820486
0.006049224510282093,0.013064534716697501,0.005107459949067776,0.006584520224268082,-0.2859312247449702,3.486342624356908,1.3125046305485306,-2.4014168124095936
0.006033413588074034,0.013066860457880464,0.005080160855373948,0.006570618361261704,-0.29066755340734524,3.458833372093864,1.308674729581938,-2.3880194541290423
0.0060588714669512125,0.01307693124492386,0.005128132859517297,0.0065684326009494845,-0.2827718823246249,3.4993026683661186,1.2962768924140868,-2.4116365009192036
0.006043059626487456,0.01307932063407139,0.00510073621126517,0.00655455960044347,-0.2884627796520696,3.471649509138467,1.2925294185595178,-2.3981324071520755
0.006068557322679483,0.013089297407978533,0.005148746698826758,0.006552286854665172,-0.2799688258814888,3.5121509245605083,1.2799888743894159,-2.421754082841471
0.00605276145039798,0.013091732157285632,0.0051212843537531616,0.00653847641936225,-0.28626529113652616,3.484395293945719,1.276284944939749,-2.4081515322018276
0.006078281982360665,0.013101633084380386,0.005169286644829329,0.006536094652527149,-0.2786077928163114,3.52481338170838,1.2636624584483316,-2.4317897732520843
0.006062500883405083,0.013104094586006936,0.005141777187280251,0.0065223590041636045,-0.28377396256593385,3.497054010489691,1.2599433116086722,-2.4180635328253963
0.006088045350458172,0.013113938152874599,0.005189765625839121,0.006519845856606411,-0.2780731339485341,3.537272763632686,1.2472472252536277,-2.4417479397820396
0.006072245710577327,0.013116434891805145,0.005162166846229609,0.006506144967672726,-0.2809234026064931,3.509552649083688,1.2434984300414094,-2.427844735719645
0.006097847331006404,0.01312621249243652,0.005210213178191976,0.006503516999789477,-0.27629591731614866,3.549608192450781,1.230661762153342,-2.451598727730831
0.006081990615167261,0.013128778473314071,0.005182446421480497,0.006489789645605373,-0.27812937164647195,3.5218427488792616,1.226946087597552,-2.437490731086113
0.006107687827612112,0.013138455982275534,0.005230632550240598,0.006487105393320034,-0.27302930295356886,3.561887817242892,1.2138862571527878,-2.4613034337398743
0.006091774664633859,0.013141115399387135,0.005202677121914685,0.006473331004465372,-0.2757214953810864,3.533984741337806,1.2102980150143248,-2.447035562372165
0.0063551565897494505,0.013422735238775144,0.005704446523289562,0.006074646942679899,-0.20462478738225012,3.82010858753196,0.7836346021761327,-2.658068302341128
0.006365927441985931,0.013434168988720427,0.005723544527508677,0.0060566564328712715,-0.1987736069180063,3.829235657158902,0.7644289059474169,-2.6645880668251043
0.006350115644345775,0.013438027102117644,0.00569353246585303,0.006044436589305446,-0.20630712577176438,3.799275752576729,0.7652651705132972,-2.6495514141178567
0.005998117193817708,0.013044338327928973,0.005011905460022485,0.006588484128251145,-0.29287703124224235,3.4082532084379236,1.3295562155624345,-2.355266974201056
0.00598836364473225,0.013031922254973642,0.00499094156324596,0.006603856821551576,-0.2949618574690403,3.394899542318069,1.3448877730895712,-2.344804399599998
0.005978612223459848,0.013019379930243498,0.004969837677125892,0.006619303603183386,-0.2971882794409871,3.381401809641623,1.3602412637751717,-2.3341999722529505
0.005969006283005738,0.013006605826804324,0.004948798348957741,0.0066350950695759,-0.29948581261079393,3.367976084666489,1.3758458499955022,-2.3235316954166874
0.005959598816466162,0.012993706060420523,0.00492794414147116,0.0066510853909302085,-0.30169455660870415,3.354681868309005,1.3915685830798197,-2.3128561745210567
0.0059503136932373595,0.012980841026592855,0.0049071997347896815,0.006666955022000842,-0.30375338799965745,3.341394965447097,1.4071302996856028,-2.302156362356406
0.0059317852306358,0.012955292230838264,0.00486552655951189,0.0066979936223710975,-0.3076476012030371,3.314392029549946,1.4374974997403234,-2.280483291639215
0.005941049684017323,0.012968054613598531,0.00488641194909416,0.006682565089725452,-0.3057058247219855,3.3279714397595046,1.4224179294140102,-2.2913731382117883
0.00584701988289354,0.012784377156011448,0.004640592488456514,0.006921485263741861,-0.3262739211624607,3.1759041963405372,1.6429144658983585,-2.1528716640970353
0.005831045980596028,0.012785628773177656,0.00461487950591537,0.0069067138499218144,-0.33352454611661164,3.1506547424714224,1.6365835445938604,-2.1408851797687913
0.005838292905748428,0.012771316304873213,0.004618831183340929,0.006936025760939306,-0.32765664053756355,3.1606124100286035,1.6566894747538257,-2.1406286982401905
0.00586459670770868,0.012810416269897772,0.004683945445161545,0.006892221187208499,-0.32497558302932483,3.206005742890817,1.6152431812497101,-2.1772442186764276
0.00584871140539929,0.012811709034636078,0.004658219351777688,0.00687763340101537,-0.32998043160468343,3.1806526576123315,1.6089570443114403,-2.165158745036388
0.005855787846272661,0.012797410521339082,0.004662292754829733,0.006906886716028471,-0.32569105434266893,3.191032212848094,1.6291100280043846,-2.165077194513058
0.005839874433301927,0.012798676860605707,0.004636593765574438,0.006892228226851164,-0.33181775081982606,3.1657182542897444,1.6228411523759851,-2.1530787687864215
0.00577835898009388,0.012679131780828632,0.004465156313754078,0.007035938909302094,-0.3384907836069206,3.0522834431656443,1.7501708876715982,-2.052370591188197
0.005762386197173398,0.012679967500024843,0.004440151549822412,0.007020965758608651,-0.343642792334725,3.0283098223677065,1.7425598155579618,-2.040847741712724
0.0057699630059866395,0.012665855778034214,0.004443048618804732,0.007049920127229854,-0.3387805480860731,3.036534388206968,1.7629007998010122,-2.039490705398393
0.005786796627480344,0.012692381351478463,0.004487203275180863,0.007021898898082434,-0.3391865905098464,3.0678580612424096,1.7373577496592603,-2.0652182030249593
0.00577081424701453,0.01269319883491493,0.004462096009251845,0.007007022647334722,-0.34206585690671015,3.0438917613615684,1.7297056059385836,-2.053580182262738
0.005822240900210759,0.01277254714751671,0.004593092521813873,0.006921127494976544,-0.33487587586122824,3.135504300441573,1.650192393944575,-2.1285898474377394
0.00582960700250516,0.012758228099060336,0.004597001519086007,0.006950512909075089,-0.3302029672395123,3.145192864277367,1.6704419891570452,-2.1283245327258107
0.005795275864055084,0.012705604357736414,0.004509214509091493,0.00700778422599162,-0.33946230498976177,3.0833213281094487,1.7243750338943318,-2.078029613423902
0.005779236528431289,0.012706429427923903,0.004483940495732742,0.006992936001365428,-0.34038541413263906,3.0593221697968827,1.7167316491607492,-2.0662078856795354
0.005803796605215205,0.012718800667499655,0.004531206082252624,0.0069935844920580624,-0.33842713875091146,3.0987597834247977,1.7111678505394352,-2.0907732222228392
0.005787683753481221,0.01271968178676774,0.004505741345680222,0.006978695709898002,-0.3389327359077699,3.074628466667855,1.7036336038009712,-2.078762150210593
0.005812358765846114,0.012731970148814607,0.004553176725392956,0.006979300312670813,-0.336105255472779,3.114224550283502,1.6977401191537431,-2.103412104661614
0.005796195406037049,0.012732947051098212,0.004527552199933752,0.006964344528340316,-0.33780012120785324,3.0898682827583683,1.6904206265099389,-2.091274597072267
0.005820962260321793,0.012745112669881743,0.0045751130585049106,0.006964940185377736,-0.33316545789358004,3.129713653278552,1.684143034235501,-2.115927166097209
0.00580479589182088,0.012746197365131426,0.004549395517812498,0.006949942037144778,-0.33686406417061376,3.105091397241676,1.6771057670353444,-2.103760107673391
0.005813483875137908,0.01275940404544153,0.004571254913790362,0.0069355306189402485,-0.33593268890943806,3.1203094035578425,1.6636960950408024,-2.116207525979308
0.005902361552916621,0.01288950162062205,0.00478671041605376,0.0067881984791716135,-0.32002538623247506,3.2679754424654246,1.5233000740443055,-2.2357587298206845
0.005909251363970854,0.012875026190632997,0.004791654860546907,0.006817777954808295,-0.3152792039003206,3.279513884212447,1.5437122480202745,-2.236814976213682
0.005895273037407271,0.01290413455700027,0.004781825864959929,0.006758860284319755,-0.31499556177177584,3.259348110781612,1.496562066459911,-2.2361829849317316
0.005904392464882107,0.012916885725544365,0.004802873166608463,0.00674391098713245,-0.31330983219016306,3.2733227010278925,1.4820996628203422,-2.247403730815695
0.005913450449167142,0.012929685991244408,0.004823737820736976,0.0067286977439041185,-0.31151511872171955,3.287060458411942,1.4673642130899918,-2.258488176701551
0.00592256751608887,0.012942502743251256,0.004844605175288606,0.006713358624148173,-0.3095989016946185,3.3007289736224092,1.4524701638201911,-2.269508146738446
0.0056568409345932255,0.012477290724274193,0.004128722097155775,0.007238487911216976,-0.35340197806697665,2.808880408377711,1.9310675645924504,-1.8519430426014274
0.005648462032279565,0.012491014999070871,0.0041273125951300305,0.0072100840409817174,-0.3543298062540328,2.8034984185117064,1.9109487189317391,-1.8549738019298008
0.005649079802306202,0.012463634192265595,0.004105955067862706,0.007251426521433174,-0.35391375503511363,2.7922575527738505,1.9422779281318094,-1.838070246605329
0.005640675518033281,0.012477301512331082,0.004104677547505369,0.007223132481863049,-0.35463252312092547,2.7870755121439097,1.922128456441236,-1.8412419343061048
0.005647599859012235,0.012518773127005098,0.004148256910356741,0.007168385644020863,-0.34948982464415673,2.8178091433625245,1.8734178849402154,-1.8744596784001948
0.005639615138093968,0.012505000340173838,0.004125578166375078,0.007181543861182403,-0.3500947059310724,2.801464372893415,1.8848187141683879,-1.8608610427745231
0.0057539566187403334,0.012666693678429167,0.0044180910722970345,0.007034830503582708,-0.34482164306167457,3.012607870243842,1.7553087043784459,-2.028002563366058
0.005761608788737447,0.012652553475482133,0.004420868328980166,0.007063849884897497,-0.3405457904792731,3.020628004834109,1.7756054273825823,-2.0265538835605494
0.005746098847299426,0.012681021744883956,0.00441538362182809,0.007005994620890425,-0.3396761462336377,3.0081381218830825,1.728789379753971,-2.0317501700065175
0.0057286111419663464,0.01259908392005067,0.004331726507822337,0.007118862405650162,-0.34548982432244363,2.956719522488586,1.8254821001448642,-1.9738972602305676
0.0057125986145757516,0.01259955940863885,0.004307147461097226,0.007103801655694513,-0.34939507090767785,2.933452136032344,1.8175367847834452,-1.9627579507825617
0.005736797506241737,0.012612490095141668,0.0043540451915187964,0.007105233745728925,-0.34612731761244236,2.972716249773003,1.813248677136644,-1.9871749810533104
0.005720789411983678,0.01261301844264373,0.004329418188869912,0.007090178799899428,-0.3482130263602891,2.9494355246057213,1.8053329304961814,-1.9759317082075751
0.005745025956567025,0.01262587050132173,0.004376341875719308,0.007091522051204822,-0.3455401074224047,2.9886644379237546,1.800846309610223,-2.000395372596651
0.005728989195608125,0.012626480188450253,0.0043516142895229015,0.007076416705656701,-0.3470173224648501,2.9652974043779747,1.7929909904302284,-1.9890286435675222
0.005753296411412851,0.0126392250056941,0.0043986245478680255,0.007077722317337237,-0.3432057766382233,3.0046434014906587,1.7882757992968232,-2.0135274203165263
0.005737234099117021,0.012639935244136638,0.004373780247792136,0.007062558922566942,-0.34620610775655475,2.9810787128237233,1.7805259743121618,-2.0020678571009634
0.005745559916971992,0.012653348886725266,0.00439594873789221,0.007048685937041923,-0.34559935168435046,2.9968477003620495,1.7679629417668956,-2.015064808444279
0.005671983801480739,0.012559486238556657,0.004215963168463611,0.007129312412766269,-0.347804211592688,2.8664989493462447,1.8392689340617123,-1.9146889135316367
0.005680014705557331,0.012573028271592115,0.004238194359621522,0.0071159549460194415,-0.3471807103715549,2.8824194938997767,1.8274924821693437,-1.9279022030040645
0.005688047412231963,0.012586615565478201,0.004260372835249293,0.007102387405133512,-0.3464015325376298,2.898258798835141,1.815484551583458,-1.94107199022544
0.005696223699257187,0.012600156672534925,0.00428264705217312,0.0070888698696314695,-0.3455540777424984,2.914147660972087,1.8034722208263154,-1.9542173588070646
0.005655330140442565,0.012560125200463158,0.0041914378222788545,0.007113633714111284,-0.34682121443979647,2.845993042004405,1.826838979609487,-1.9058083236102574
0.005646922537602322,0.012546772131409164,0.004168826363312027,0.007126137508450563,-0.34739006913887943,2.829775327032578,1.8378099477685261,-1.8925791241426217
0.005638498469093458,0.01253320448752702,0.00414595180537141,0.007138799092111062,-0.347915419013665,2.813361013704689,1.8488662704049574,-1.8791462552544627
0.008203277475351158,0.014666024878782739,0.0077765731102032885,0.0029944883644336105,0.21506961430259755,3.43872085800515,-2.1082347403944093,-2.1300413052252436
0.008217944972024238,0.014671646377591765,0.007785951526145851,0.0029700186011042506,0.2181453475256767,3.424867433946931,-2.125408843770242,-2.116324685759508
0.008205539160355166,0.014681873696152798,0.007753227117199681,0.002971672102870824,0.20712223632192764,3.408156434722638,-2.1027006635929655,-2.115843355756706
0.008220283632270153,0.014687456931976877,0.007762618418443686,0.002947311490012303,0.20869881766082668,3.3943782229246025,-2.1197310757730397,-2.1022529527989753
0.008144785978910383,0.014643078820777493,0.0077383440173032685,0.003091939151731232,0.20951088438698576,3.4930206887560753,-2.038845796560712,-2.183329700519317
0.008132227841100974,0.014653092506994791,0.0077055654174044775,0.0030930775031108213,0.19779875366271527,3.4753726692113056,-2.0165123023253826,-2.1820532233834715
0.008159381790995318,0.014648884232660605,0.007748006434323224,0.00306764609544425,0.20982277491923332,3.4797046223385784,-2.056301912769179,-2.170218315257594
0.008146860382149127,0.014658886655913994,0.007715343460459607,0.003068914689263597,0.19994819748251083,3.4622643392254493,-2.0339975589702823,-2.169044454267517
0.008173995740642207,0.014654643750579328,0.007757594820377276,0.0030433167076048505,0.21031192061063483,3.4661932561717137,-2.073661659853712,-2.1570140490501704
0.008161484557855809,0.014664675605823551,0.007724950198182228,0.003044699871506334,0.20218676626530654,3.4489738101551795,-2.0513240457364517,-2.155918765372379
0.00818862768350935,0.01466035731795871,0.007767117437163161,0.003018929888538006,0.21204956931955699,3.452511020838378,-2.0909712389139865,-2.143627650460994
0.00819081096011622,0.014676204897048184,0.007743820397795464,0.0029960502603743823,0.20573564094096056,3.421870850505702,-2.0856225472147787,-2.1293205574239504
0.008176126420408016,0.014670459225743499,0.007734415752098339,0.003020407476364734,0.20415478789481636,3.4354958601647225,-2.0685124119909015,-2.1426784524876368
0.008119406448800435,0.014663471500028927,0.0076726708546211156,0.0030940674487245894,0.19575608335901104,3.453188382042395,-1.998662160301398,-2.174964023742007
0.008104646660342042,0.014657666694389266,0.00766253528658025,0.003118113261807065,0.1937788643748516,3.4658295033586306,-1.9810784241778363,-2.1876275003254633
0.006497944278924987,0.013568698043612793,0.005947748083277721,0.005836638572707936,-0.15998988080130952,3.9262337606424125,0.5304210372157264,-2.7335625887949107
0.00648254906794143,0.013573160784326055,0.005917488443320199,0.005825298545599662,-0.16891829896632157,3.8959063957682716,0.5337393682922155,-2.7190487028798533
0.006486750166079203,0.013557678400931637,0.005929387768096997,0.005855289589944003,-0.16327194046476717,3.918942619672874,0.5502461154034538,-2.7285562473193976
0.006471311103251068,0.013562131269552294,0.005899117164329364,0.005843806955838768,-0.172095262106438,3.8886417229685226,0.5533998185740129,-2.7139912014495526
0.0064755907342110685,0.013546623651759673,0.005910958661218183,0.005873893280162323,-0.16703000014666622,3.911486178781079,0.5700647642528384,-2.7234527657891405
0.006565831011279576,0.01363407255801407,0.0060567065169451475,0.0057234920271211935,-0.14002450577023107,3.966138690879698,0.41011738011152726,-2.7607819444705606
0.006550504855363951,0.013638849304541753,0.006026075413543681,0.00571256625424769,-0.14927204891787335,3.9356586093836143,0.4144435350202194,-2.7462291968431205
0.006554431157513265,0.013623265840603558,0.006038688916691101,0.005742498411719248,-0.14389846506358425,3.9598028435125627,0.43032145812864236,-2.7566407382501334
0.006509172961654168,0.013579682470325219,0.00596603263364202,0.005817947432697025,-0.15799199040575723,3.933297281012482,0.5105941609601385,-2.738480591760805
0.006493809822358153,0.013584151893965122,0.005935783895306031,0.005806735604620011,-0.16547607126149774,3.903014387837185,0.5140141850370474,-2.723951914930812
0.006520436102827724,0.013590631571951553,0.005984255834373074,0.005799201478360635,-0.15646410333624217,3.9401179269864897,0.49071032499156586,-2.743286654507729
0.0065050743400001275,0.013595135296035385,0.0059539604521161695,0.005788060921529632,-0.16177994453980185,3.909899913087211,0.4942263611218319,-2.7286854223871564
0.006531733590664734,0.013601545239737611,0.006002442465111141,0.00578037513271508,-0.1534823779670793,3.9467684454252314,0.4706935870250774,-2.747928486685184
0.006516347277124079,0.01360612673154779,0.005972018249681154,0.005769249283257806,-0.15824506409873107,3.9165317927479424,0.47437778631389643,-2.7332513088300185
0.006543065313045259,0.013612423365294984,0.006020594176984201,0.005761466498740081,-0.1488046051095055,3.953327958780495,0.4505391527991185,-2.7523731634904665
0.006527665612997898,0.013617099927761672,0.00599002838698542,0.005750353452294973,-0.15515927397635107,3.9229851371934434,0.45446578965430645,-2.7376838361200875
0.006539056438716377,0.013628013757610661,0.006008053261319367,0.005731449063537684,-0.15229527338268897,3.9293569355061932,0.4344859221625111,-2.7420131625327504
0.006634937971731549,0.013698155965600397,0.006163508590918886,0.005608316621219189,-0.12006727097287474,4.000128624648519,0.2877464007821949,-2.7828244622419995
0.00663130156622838,0.013713769950890096,0.006150030225665923,0.005578648139933875,-0.12604031976464267,3.9748290509737454,0.2728937968621747,-2.7715400283984937
0.006623336449023658,0.013687566035138602,0.00614583892242876,0.005627673945010132,-0.12501911901793994,3.9947833234111703,0.3083768385447791,-2.779588642389802
0.006619592639454959,0.013703185378595448,0.006132379424315361,0.005597924841736616,-0.12923200163954343,3.969608856346961,0.2933090441020227,-2.768300093893012
0.006740832253114332,0.013791810332500848,0.0063195859144866045,0.005431840334455865,-0.09008499968496542,4.0402139008480935,0.10093750761593205,-2.8057558878877007
0.006725778402125577,0.013797229906131454,0.006288319778448259,0.005422260300394002,-0.09912450194265576,4.009877205668979,0.10814318155449003,-2.791884259674912
0.006752760656429175,0.013802030595032832,0.0063366035443436705,0.005411978411166189,-0.0877473229240003,4.043809431988246,0.08009189581971968,-2.807641380269683
0.0067376982272172896,0.013807443964451613,0.006305292177924354,0.00540256210246445,-0.09544729849977833,4.0135278231072995,0.08740652134054251,-2.793746646170025
0.006764721103672902,0.013812213328629511,0.006353564522277889,0.0053920563457386245,-0.08495200832093348,4.047202160720621,0.05918591137081481,-2.8093875298668167
0.006749626951939372,0.01381764031936221,0.006322151431779793,0.005382778332721858,-0.09183963904421055,4.016952582037336,0.06665638256637073,-2.7954370467235776
0.006776713476601133,0.01382235843270555,0.006370467074250906,0.005372076178629008,-0.08187992625173424,4.050401203953373,0.038204980820752535,-2.8109694579632705
0.006773600505158813,0.013837989920755675,0.006355682524754423,0.00534292914919303,-0.0849045404099663,4.023236970366454,0.025048972589859612,-2.7983716808214916
0.006761590300617463,0.013827822145582867,0.006338941151724655,0.005362901505359333,-0.0883608477715644,4.020182956527145,0.04587413539224954,-2.7969748184333016
0.006686469156155463,0.013782495807639664,0.00622266457839895,0.005451225083756399,-0.10599254948200391,3.9709917803255057,0.14924704723133572,-2.7716016103994865
0.006698446454884468,0.013792803830280262,0.006239914092661023,0.005431772443056401,-0.10263388439945477,3.975141162640212,0.12883532419878485,-2.773876465437272
0.00671044262286774,0.013802995693181873,0.00625711919596847,0.005412410630468976,-0.09932123853246717,3.9792106213217813,0.10849345062109987,-2.776048939403409
0.006674541646539638,0.013772078913220402,0.006205421586564629,0.00547075455601071,-0.10936902736604136,3.9667970476459264,0.16970504276518805,-2.7692413174870616
0.006662675273229632,0.013761549865050583,0.006188204857184822,0.005490367969233384,-0.11278627489005132,3.962577631390335,0.19021001817020558,-2.7668058127762727
0.00662749682432763,0.013729605639866088,0.0061366504843922256,0.0055491434802429985,-0.12265212609991198,3.9494367722021217,0.25158388548348065,-2.7588814695990007
0.006639233937493112,0.013740208717048502,0.006154015700917395,0.005529756397545657,-0.11946421527804334,3.9541537205603334,0.23125398084625418,-2.7617540520259865
0.006650911373909004,0.013750900673953528,0.0061710916054686935,0.005510082240634974,-0.11618879029097955,3.9584050707109317,0.21075668319952598,-2.764331001029507
0.006460106129872782,0.013551049945434164,0.005880690031451647,0.0058622871068077,-0.1752054385132453,3.881240020077261,0.5729961779175056,-2.7087877190894645
0.006464466094067263,0.013535533905932737,0.0058924685605891486,0.005892441609241769,-0.17068928174603157,3.9038956799602063,0.5898547141793561,-2.718234044551918
0.006420317529674784,0.013490827038345834,0.005817914606036446,0.005966064450453956,-0.18590989615121603,3.8723275680886093,0.6683670805511414,-2.6957813769321617
0.006431301956387209,0.013502055721075013,0.00583662526151774,0.0059477608533043055,-0.18310114980947378,3.8803840917572128,0.6489075470068424,-2.7016667950589817
0.006415691348242186,0.013506144093141085,0.005806549845699099,0.005936048996814602,-0.1870950217825076,3.850416236243966,0.6507832237521766,-2.6867084553182257
0.006442321599068367,0.013513249833920802,0.005855295534611302,0.005929381638766034,-0.17910695702967297,3.888326510718587,0.6293081740655927,-2.707366670814867
0.006426709788981741,0.013517449923650844,0.005825109641351445,0.005917640571732121,-0.18402709087465308,3.85827507257866,0.6314368889582328,-2.692388875191256
0.006453376348240326,0.01352440926578893,0.005873914382206839,0.005910937541823244,-0.17465216243144419,3.8961713512069776,0.609608078707295,-2.712880880129232
0.006437792028252644,0.013528714085543313,0.005843661957981554,0.005899192716188725,-0.18117253923123086,3.866027965960758,0.6120157396068421,-2.6979672755358926
0.006448931069779184,0.013539913660175104,0.005862200874169732,0.005880743844614657,-0.1782659438864249,3.8736946978636886,0.5925334603815329,-2.703441276316297
0.007414347890939332,0.01427953305524214,0.007132435439099302,0.004309341263687067,0.08106484424871212,3.990707212745853,-1.0255258978030926,-2.6927973197371053
0.0074278052047061765,0.014287635004878955,0.007145937559313632,0.004286914260288733,0.08397159126754394,3.985117005486091,-1.0465015824432584,-2.6864613198815976
0.007413751913377001,0.014295741538819863,0.007112701517192063,0.004282237484804131,0.07518236556738069,3.959176230748113,-1.0299691265387632,-2.6766077906553645
0.0074412878880224615,0.014295694626951435,0.007159370438511715,0.004264442709236326,0.0869876074375286,3.979355560983859,-1.0674486854064504,-2.6799636733238343
0.007427276559325235,0.014303846108092128,0.007126146932366643,0.004259860483335119,0.07806338046625039,3.953579438474827,-1.0507057688949992,-2.6703950217186248
0.00745479580756053,0.0143037118419788,0.007172735493778154,0.004241924204658582,0.0901836909891293,3.9734288806859275,-1.0883752130564115,-2.673291092485551
0.007440826742822766,0.0143119082075171,0.007139522026155628,0.004237441542152641,0.08088435859429875,3.9478175458387956,-1.0713994673148226,-2.664043337119459
0.0076188106212854685,0.014396582438974287,0.007327523209828436,0.003968558683237972,0.1251819066095995,3.8900180171276824,-1.3353182988051302,-2.583166251687238
0.0076052594577296975,0.014405108448366732,0.007294599141603059,0.003965590072519064,0.11395023918722193,3.8660456377724723,-1.3165683101352528,-2.576184127182969
0.007605010296224523,0.014389080122167905,0.007315017545423533,0.003991562508519582,0.1221198258615207,3.897839059283226,-1.315013205881793,-2.591463064802032
0.00759141962042749,0.014397590985615398,0.007282047683736735,0.0039884513227052805,0.11142919128990693,3.8737298255437342,-1.296383908914956,-2.5842920042114934
0.007591233601480754,0.014381534484329049,0.007302433401911613,0.004014538416628055,0.11861612188530919,3.9055305975433217,-1.2946299662059757,-2.599650325714605
0.007577610243697613,0.01439000763193523,0.0072694629175530994,0.004011302014885408,0.10892975817275309,3.8812952356368053,-1.2761711027002904,-2.592262984952534
0.007577480671187592,0.014373945598830679,0.0072897774602969775,0.004037474099550602,0.11530048008529993,3.9130999374204904,-1.2742005023160334,-2.6076836010494127
0.007468328829897485,0.014311686570991885,0.00718603413630204,0.004219356279019902,0.09371444330383942,3.967356621553803,-1.1092814869952592,-2.666441740823065
0.0074544095661295134,0.014319924624414714,0.007152841676357193,0.004214981048179877,0.08362632859745533,3.941897218820538,-1.0920619969935699,-2.657552146950455
0.007481886821520237,0.014319618735532863,0.007199265978670401,0.004196739564976993,0.09774869550935138,3.9611698794630708,-1.1301553733305936,-2.6594339206243243
0.007468027081434463,0.014327883997389192,0.007166121968009254,0.004192495638432331,0.08624807443340782,3.935833659751786,-1.1127021025512407,-2.65092023139383
0.007495469648830561,0.014327508257654869,0.0072124227073155365,0.004174088389693912,0.1016593855443567,3.954876188067182,-1.1509614052894064,-2.6523160372158494
0.00748167406312894,0.01433576765548857,0.007179376858706256,0.004170017833218519,0.0888092839840167,3.9296575338099298,-1.1333224897439502,-2.6441484051823565
0.007509077178150166,0.014335355059921579,0.007225492925817882,0.004151422590888696,0.10413796296857926,3.948428024930411,-1.1716561867791724,-2.6451487097332502
0.007495340097298037,0.014343578319289847,0.007192589143655449,0.00414754834003104,0.09158872316716658,3.923369286684483,-1.1539181398102205,-2.637226940485005
0.007522709275725809,0.014343159065406773,0.007238479951742046,0.004128736630750385,0.10533624506268535,3.9417666314249344,-1.1922394167415553,-2.637945541120405
0.007509013896012547,0.014351358174794595,0.00720569357626382,0.004125027260924129,0.09474307412928452,3.9168930935713244,-1.1744662955669591,-2.630130264541323
0.007563835101318086,0.014382364090140936,0.007256842422917004,0.0040341313614135335,0.10635710111915418,3.8887314056408457,-1.2559283099247465,-2.600101883591502
0.007563751639439791,0.014366313539551149,0.007277052010669994,0.0040603654052149335,0.11222637455914776,3.9205278241664305,-1.2537412655145848,-2.615534087994143
0.007536365807734405,0.014350920197693798,0.0072513992976047425,0.004106003508297369,0.10685662980240933,3.934880740146206,-1.2127600838906796,-2.630648955220427
0.0075226910312427555,0.014359142605407054,0.007218639930642722,0.004102404837303974,0.09797765709418484,3.9101568574578494,-1.1949358636812937,-2.622847223149629
0.007550046640288171,0.01435863838087501,0.007264257951576388,0.004083210857251149,0.10931075701482536,3.9277936646028286,-1.2332587893339388,-2.6231889563608264
0.007536379689637372,0.014366921370109378,0.00723144998544535,0.004079694640076504,0.10096361500240149,3.903181839274829,-1.215322719927335,-2.6153990873315838
0.007550092321180511,0.014374666870716061,0.007244174852424296,0.004056930951286951,0.10371341243834693,3.8960294241565694,-1.2356480123481501,-2.6078134974178777
0.007730047808600201,0.014455032777517944,0.007424935090211649,0.0037831719888710836,0.14547210989528475,3.821266064045433,-1.4955460802218592,-2.512059367702982
0.007730711055447901,0.014471011453777547,0.007403840103439201,0.0037578993604093836,0.13711853020185719,3.7895312948413893,-1.4954968823486328,-2.4968462454940332
0.007716063272701483,0.014447879610072302,0.007413003386453374,0.0038064985726743695,0.1417886716450759,3.8303859643027187,-1.475669333880558,-2.5215094936295572
0.0077166549525635375,0.014463883206297047,0.007391929548797696,0.003781120389701727,0.13479729274526772,3.7986093614983774,-1.4758147568676037,-2.506198992725374
0.007702101293295659,0.014440682552685625,0.007401002538815174,0.003829779754971278,0.13868759034865658,3.8393965821327654,-1.4557524484691775,-2.5307959931742747
0.007702634703264031,0.014456682043716501,0.007380004334820327,0.0038043343840107914,0.13255650222567253,3.807590343416916,-1.4561080664230233,-2.515420975548196
0.007688162004634455,0.014433441674724524,0.007388938234528142,0.00385300454350595,0.13680205875131932,3.8482588055725793,-1.4358149104138065,-2.539901223327869
0.007688656985526781,0.014449427119595312,0.007368047852612307,0.003827509977545307,0.13002422734063732,3.816433588495634,-1.4363656005361838,-2.524507524244775
0.008089944570240792,0.014651689393953123,0.007652573931965753,0.0031422464652000217,0.19179068890901688,3.478606290742722,-1.9634795730150147,-2.2003006988467035
0.008075321786772527,0.014645631629832241,0.007642670093295201,0.0031663275750160136,0.1898587029937416,3.4913273096689896,-1.9458712994246425,-2.2128750248144917
0.008046193091549468,0.014633475166793449,0.007622565289220268,0.003214205107930653,0.1859997527625152,3.516180434041903,-1.9104548507443997,-2.237543779017837
0.008060746144368523,0.014639563868206099,0.007632672191141959,0.003190300434274754,0.1879510933822263,3.50384549641792,-1.9282034307450575,-2.2252834610241243
0.008017122606578662,0.01462111793782313,0.007602163833638581,0.003261999207523281,0.18196479316328396,3.5405449769674395,-1.8746875586084266,-2.2617625252104756
0.008031652072473356,0.014627333623301727,0.007612385376437187,0.0032380949261533944,0.18399858848202635,3.5283991165387882,-1.892615150557188,-2.2496957438268237
0.007988119733748413,0.01460847135972349,0.007581611360040438,0.0033098215406269123,0.17783314194004182,3.5646024618254715,-1.8385868818173041,-2.285622489067125
0.008002606274108462,0.014614829334516395,0.00759190034174798,0.0032859152777938894,0.17991171936370023,3.5526154303890425,-1.856670428865857,-2.2737418671430216
0.007930837950062575,0.014582597392826357,0.00754033705032088,0.003404645142828833,0.1696475146807053,3.611259008753464,-1.7660397487091404,-2.331780234727786
0.007945128613666664,0.014589040733272904,0.0075509048910872645,0.003381113797510788,0.1716742676950365,3.5999934179019277,-1.7842977845740677,-2.3205298854494676
0.00795938919089322,0.014595543771279354,0.007561173995945489,0.0033574564403969034,0.1736901671889219,3.5883610648242197,-1.8024129072181199,-2.3090501022309238
0.007973704810113454,0.01460203894059161,0.007571362205060152,0.0033336827383020303,0.1757498109279498,3.5765241110658255,-1.8204888727175261,-2.2973986258886474
0.007917720234876694,0.0145926322232613,0.007507063927867541,0.003403623050601462,0.16435820394620684,3.588012395009233,-1.7482749672267415,-2.3246404899196516
0.007874591354950786,0.014573024065258176,0.007474334982409396,0.0034738093051295423,0.1578083538462477,3.620230373734851,-1.6930327486549823,-2.357187206060867
0.007903280640317983,0.014586420101513295,0.007495758563732707,0.003426700167724273,0.16213003492413125,3.5982969044357884,-1.7298682122479383,-2.335318113189162
0.007888853017223724,0.014579879685764227,0.007484783935002193,0.0034501491012155047,0.159938163375924,3.609033623792199,-1.7113936331734119,-2.3461834339723633
0.007860399925231198,0.014566215295370307,0.00746375064272798,0.003497261428447029,0.15564429260860982,3.6311124988176,-1.6746525582825507,-2.3679576777692386
0.007846097535137922,0.014559811390025079,0.007452260169066399,0.0035201578997886562,0.15334003026012197,3.6408792639202416,-1.6560373101805281,-2.3781353935169083
0.007831696808896381,0.014553507407653722,0.007440322670446775,0.0035429157652906713,0.1509716772929294,3.650167197087381,-1.637220036571475,-2.388047603575456
0.007817277087467229,0.014546852621427792,0.007428691661837427,0.0035661135435862625,0.14863728919299923,3.659939766916351,-1.6182825515967487,-2.3981753033988813
0.007731266636014265,0.014487235644495118,0.007382913961535631,0.0037327722515729067,0.13750759792499498,3.7546262446305207,-1.5006940406701128,-2.4768430861998456
0.007745369171724845,0.014494278165599441,0.007394696853161748,0.0037096662937386557,0.13989362739737563,3.745453353552739,-1.520061690484022,-2.467399325789945
0.007759472449973899,0.014501360265796029,0.0074062606055272625,0.0036864162192382674,0.14224560941000644,3.7359418403537608,-1.5393594644415367,-2.4577242601438267
0.00777362123081434,0.014508462766770605,0.007417696823695633,0.003663012821153795,0.1445908402239051,3.7261539117433196,-1.558634504800443,-2.4478378475684806
0.007802853354619536,0.014539853980730396,0.00741737107091492,0.0035897336691776975,0.14632377887064082,3.670184092307078,-1.5992303530009406,-2.408507089611731
0.007788433140807263,0.014532622454465273,0.007406208861364943,0.0036136126028235745,0.14400711426040955,3.68066591771008,-1.580067168880645,-2.4189165207048435
0.007774102594572323,0.014525264856034184,0.007395179896083807,0.0036375177651271893,0.14169636718608833,3.6911899276832147,-1.5609044612791134,-2.42927229330097
0.007400916079949334,0.014271388858033656,0.007118860682817838,0.004331729298378813,0.07801610351223909,3.9961289758921983,-1.0045069315659416,-2.6989882719485734
0.007400245052754331,0.014287594520792103,0.007099173387898825,0.004304577140211103,0.07227674212051503,3.9646021527512825,-1.0091814360686053,-2.6826789318605404
0.007399334078808055,0.014304316037534237,0.007079100290492917,0.004277195591920095,0.07299888961449184,3.9295593716858437,-1.0193190647993209,-2.6630295147778873
0.007374129498678273,0.014254974043432976,0.007091481398762904,0.004376407694649765,0.07031101536859456,4.0065284587480035,-0.9623238059050941,-2.7109186426918908
0.0073875099048583345,0.014263202493758266,0.007105208841576289,0.00435408560326428,0.0743959508099608,4.001395630228895,-0.9834342256728492,-2.7050374038237357
0.0073732899709750286,0.014271141085655468,0.007071913494387533,0.004349190424001114,0.06676063067159353,3.974995997454243,-0.9674852295899016,-2.6944059910985234
0.007386753933645983,0.01427939897127672,0.0070855661786660825,0.004326889741885665,0.0694464007779947,3.96986470460816,-0.9883466429197124,-2.6886084227711806
0.007360774994305903,0.014246703588587152,0.007077687369922202,0.004398680953319836,0.06663877321723183,4.011532698202984,-0.9412158461610245,-2.7165914446001005
0.007359872358569682,0.014262814442669308,0.0070582526680874206,0.004371479203429719,0.06409058183388573,3.980019856461915,-0.9466191009610254,-2.7000822959988358
0.007347446524517867,0.014238391211262554,0.007063831754874825,0.004420897420728606,0.06376809500677418,4.0163793934582275,-0.9201334366611467,-2.7220380416864636
0.007346508374670477,0.014254434969822384,0.007044577187433673,0.004393727808018725,0.061233657693494765,3.9849116182758224,-0.9257499306383327,-2.7056347871447604
0.007334144221965786,0.014230036994013361,0.007049910718246296,0.0044430633894479415,0.06112645187962324,4.021033356241482,-0.899068341049268,-2.727270541522523
0.0073331906110197945,0.01424602437666904,0.007030851741978047,0.00441590583878957,0.058204402368948804,3.9896324477150986,-0.9048639388188265,-2.7110549769280783
0.007320868219171371,0.014221641019906124,0.007035922712276298,0.004465181510326671,0.05849609054862385,4.025484148342058,-0.8780132513506201,-2.7323063137943806
0.007319913291082502,0.014237588318600681,0.00701706203265133,0.004438006516507235,0.05511948963469795,3.9941765899417505,-0.883954788000001,-2.7163402027856667
0.007281199332500348,0.014196203394784794,0.006993573281913854,0.004531223691381522,0.05288679707411742,4.037554629044082,-0.8147750488588189,-2.746559488620265
0.007294395642263587,0.014204724135944917,0.0070077600402583635,0.004509252259641378,0.05492719633721379,4.033754936633968,-0.83590918504248,-2.7418974213136393
0.007280222227848174,0.014212161937263303,0.006975111764706173,0.0045038461990721465,0.04503804451973575,4.006594917239718,-0.8209668197217325,-2.7312796838513385
0.007307618648521538,0.014213203372519655,0.007021872636718996,0.004487244211268302,0.05642787090332461,4.02972995299674,-0.85696903466715,-2.737166512122141
0.007293450358036524,0.0142206488607651,0.006989234913923324,0.004481978951396323,0.04851406780239941,4.002693126385669,-0.842027215655655,-2.726471661502183
0.007306672277772023,0.014229126520362229,0.0070032025106633025,0.004460032908362905,0.051925264591107016,3.9985421172471844,-0.8630161017101409,-2.72148499831893
0.007268029851185396,0.01418764123415389,0.006979301970794567,0.004553174342556069,0.049486208824142376,4.04116778974535,-0.7935268355479254,-2.7511778467453554
0.007266978614530938,0.014203646945054304,0.00696083802218883,0.004525667815284392,0.04179785288909781,4.010273018700587,-0.7998420405542809,-2.735905456407076
0.00725488733011826,0.014179037739678208,0.006964947435307701,0.004575101906806383,0.0450456035290469,4.044652490742147,-0.7721805703193504,-2.7557175470950015
0.007253737223705442,0.014195070911199757,0.006946476239774352,0.004547487647922943,0.03888856529756573,4.013793913705542,-0.7786883466788962,-2.7403632403956824
0.007241771900939665,0.01417039299749484,0.006950519430452139,0.004596991346178454,0.04036890145195117,4.048039662330258,-0.7507937788654337,-2.7601063461833353
0.007240529249686892,0.014186414315858176,0.006932096328907361,0.004569322947778529,0.03617221135896617,4.017209581438926,-0.7575445288049328,-2.744674728466982
0.00722868369512679,0.014161707094251574,0.0069360305869963805,0.00461882358040714,0.03636931094092597,4.051317584215383,-0.7294331746716246,-2.7642771327260856
0.00722737998343887,0.014177680677280568,0.006917735125172943,0.00459115702758675,0.0334233434216158,4.020533384099953,-0.7364299651301297,-2.748858016738099
0.007215622843988552,0.014152980117106462,0.00692148957215188,0.004640585778809118,0.03366792111974415,4.054439281502772,-0.7081366646529056,-2.76820775936473
0.007214294690780159,0.01416889497107224,0.006903375599078097,0.0046129480225614245,0.03040698625647018,4.0237296291938565,-0.7153355880436424,-2.752915005661361
0.0072025894786609205,0.014144212153727343,0.006906893463874023,0.004662282497923386,0.03196405288070924,4.057348114134186,-0.6868867098430756,-2.771936747838323
0.007201255162308421,0.014160091186353328,0.006888954338946505,0.004634649064816031,0.02704021482094233,4.026728796427709,-0.6942293331128063,-2.756828400292106
0.006945691183992918,0.013976193641239032,0.006584644713460192,0.00505804292763263,-0.03863193546781624,4.0489598360751,-0.2698210129124638,-2.8026923056106585
0.006947892054997046,0.013960383452653272,0.006600532312446133,0.005086749923108284,-0.032292193800338424,4.077721442010893,-0.2593542724127835,-2.815953030475757
0.006933205657307089,0.013966594682322713,0.00656870442178534,0.005078684125032013,-0.041846244246409155,4.048227808636276,-0.2486280613800462,-2.8033822644206636
0.006935465283302504,0.013950775489717909,0.006584512060299848,0.005107470304083751,-0.03637369075995483,4.07687201663936,-0.23799940489502122,-2.816561748319186
0.006920755838124871,0.01395693643394331,0.00655272274810489,0.005099310047970762,-0.045098324422139895,4.047360653751839,-0.22745231283198294,-2.803926405433675
0.006923068755076141,0.013941128533048788,0.006568435424623222,0.005128129201270608,-0.0396025979034463,4.075878726596708,-0.21666823449420838,-2.8170140203531076
0.006908334167741844,0.013947241691138403,0.00653666960278505,0.005119882961618989,-0.04857561830029377,4.046302912930567,-0.2062879385141918,-2.8043094140797744
0.0069107025920214695,0.013931442677320518,0.006552300257775934,0.005148729381503849,-0.04226340605913121,4.074706887773434,-0.19535627264956615,-2.8173220165744506
0.007073796236880271,0.014054297909219785,0.006757060161019975,0.004876903974466698,0.0010299676240272697,4.076181365945025,-0.4732259366221499,-2.8015396475014387
0.007059280004048633,0.01406100901206546,0.00672482160428593,0.004869733834932718,-0.009053676116962948,4.0474129397689635,-0.4608624108700062,-2.7895728912780267
0.007086547594687285,0.014063470817168192,0.006772338810354349,0.004855664798849695,0.003597763717776319,4.075098529140034,-0.4946196651002044,-2.7992362073421124
0.007072044192539952,0.014070185296916985,0.00674010245893203,0.004848653941293545,-0.005574821184096335,4.046454771135779,-0.482090937355057,-2.787393773914966
0.007112136501017045,0.01408169626641203,0.006802712999100608,0.004813018673075117,0.01038109792590035,4.0724104136579795,-0.5374378767724977,-2.7942003153857304
0.007124973809367005,0.014090748636029146,0.006817795516877545,0.004791629998739673,0.013415269294311638,4.070800919473419,-0.5588120303070019,-2.7914846481117643
0.0071105312390112516,0.014097563037888367,0.006785512071044547,0.004784967739957646,0.0042475633251787,4.042397644044912,-0.545810229392223,-2.7798518179387988
0.0070993277207831865,0.014072603630183415,0.006787558147171168,0.004834367283646946,0.006881888511337871,4.0738372765267625,-0.5160301357214762,-2.7967893081961157
0.007084830201407895,0.014079342596935074,0.006755287667673422,0.004827492975421451,-0.002216144608054228,4.045277148566957,-0.5033110933007002,-2.7850404520715966
0.007097661294136301,0.014088472345627925,0.0067704243894536826,0.0048062571298782405,9.9870835202698E-4,4.043919420372568,-0.5245525820266285,-2.782524820219503
0.007044548466838922,0.01406806334768714,0.0066927048850702045,0.004862286558212384,-0.009965987367127269,4.017032114375199,-0.45538382922752946,-2.7743937165870416
0.007031685832966439,0.014058879050462386,0.006677135924613098,0.00488311471636835,-0.013239599461393288,4.017515560975652,-0.4343734109819291,-2.7762355070954094
0.007018831979363015,0.014049527073265101,0.006661570099097336,0.004904126822066004,-0.01662992589989394,4.018022959112337,-0.41322225621382475,-2.7780354602972164
0.007006103638789166,0.01403998883208013,0.006646227714476339,0.004925321438818311,-0.020034589544211338,4.018726787028679,-0.3920057357438104,-2.7798733175582373
0.006955944634367095,0.01400174792654725,0.006584769040272721,0.005008946118421273,-0.032933252367264625,4.0198757728886685,-0.3078570923368018,-2.785686550339243
0.006968476606113747,0.014011274779730722,0.006600370515416411,0.004988265961170067,-0.029722029106830316,4.020044660534162,-0.3288153216634346,-2.784564836225638
0.006981006799512319,0.014020786909871139,0.0066158313320224885,0.004967502335389958,-0.02653123808397059,4.019964144926541,-0.3497856320074517,-2.7832521502881202
0.006993529488682448,0.014030360118931396,0.0066310812011889245,0.004946522768685241,-0.023330689155688613,4.019498855758862,-0.37083774274971354,-2.7816761115795305
0.006943394287671347,0.01399222488842936,0.006568984535169616,0.0050295117628846725,-0.036168437750751924,4.019402959138937,-0.28691948834242126,-2.786590171342548
0.00689593266740129,0.013937525592339345,0.006520522697064217,0.005140376051079114,-0.05201938732817415,4.04502923252327,-0.18514122324603213,-2.804522231728439
0.006898366915619615,0.01392171801763934,0.006536091758271699,0.0051692897391199,-0.045804154859195804,4.073334474940839,-0.1740342987879969,-2.817500299262447
0.006883557927349525,0.013927764920706043,0.00650431033804278,0.005160827966837491,-0.05523172504897828,4.043596583218864,-0.16401623419929814,-2.804583210853647
0.006886061847125403,0.01391195464954183,0.006519810948721341,0.005189808944191872,-0.04997211443329611,4.071794235868517,-0.1527087171519988,-2.8175331953371363
0.006837150069184488,0.01387251601870674,0.006454101951710869,0.005271301762167454,-0.062232460489905224,4.063989287006874,-0.06773119999025141,-2.8160564928314984
0.006822163416950993,0.01387832608098419,0.006422349202094126,0.00526241963706399,-0.07227403109823416,4.033925953557982,-0.05870868489356363,-2.8026395146193797
0.00684933149816111,0.013882433256544183,0.006470618649620148,0.005251014120897553,-0.059644496751992127,4.066226551518709,-0.08893375355823673,-2.816637613451531
0.006834401177723288,0.013888263631395675,0.006438922766251134,0.005242248792263698,-0.0687873191395439,4.036276570813016,-0.07973340036575595,-2.803361972049317
0.00686154401772447,0.013892312172387887,0.00648707315963538,0.005230672612031871,-0.05683415078995604,4.068261215082403,-0.11015233222184244,-2.817094410564646
0.006846645950874174,0.013898177910756168,0.0064553814911354505,0.0052220029426950886,-0.06522580065667116,4.038401581815896,-0.1007695665209241,-2.803906812696582
0.0068737875075634836,0.013902152668993594,0.006503470246468689,0.005210271344434528,-0.05364863423816942,4.070109656654317,-0.13141019214506103,-2.8173984216359016
0.006871218160988139,0.013917942172745378,0.00648805650429788,0.0051812692520714085,-0.0584264492856894,4.042035577204168,-0.14291002718002363,-2.8045060603395364
0.006858914525360713,0.01390807337920414,0.006471751388755372,0.005201672343015026,-0.061768971991246875,4.0403133575575785,-0.1218261115457054,-2.804283922813877
0.006806812658444326,0.013884405275597674,0.006390538420704187,0.005253410005466266,-0.07267250826695025,4.003032009139539,-0.05671956947240272,-2.7867584166518813
0.006794459204846718,0.01387435873756037,0.0063737189695693445,0.005273493136509952,-0.07613629444954284,4.0003667420431235,-0.035834861129009354,-2.785801097641468
0.006782230753264747,0.01386415130301545,0.0063570803076666285,0.005293736011582009,-0.07960549029368526,3.9978401019528884,-0.014884973349056354,-2.7848508842640647
0.006770119665868642,0.013853891030341436,0.006340542480997428,0.005313945229190869,-0.08299719738648521,3.9952825700357635,0.0060050474394046345,-2.7838202648032855
0.0063767341593964424,0.013445568842486736,0.0057425598616406455,0.006038630664557533,-0.1944561044519876,3.8382624318713603,0.7452360676188273,-2.6709806321261795
0.006361011807990956,0.013449471257291243,0.005712604989931269,0.006026525376843478,-0.20380037861886405,3.8082389465164472,0.7463629593129215,-2.6561409940641636
0.006387576634705021,0.013456934686954742,0.005761484626534457,0.0060205773851407475,-0.192465541449751,3.847080167496985,0.7260915938809007,-2.6773048565066957
0.006371940701517122,0.013460839103771135,0.005731624790729246,0.006008627131136851,-0.20065087704690085,3.8171100696770637,0.7273916267526234,-2.662597238725733
0.00640936842804845,0.01347956389717228,0.005799157952348977,0.0059842980906988875,-0.18815855423776726,3.864105445292053,0.6876963004963025,-2.6897371233284546
0.006404718646974582,0.013494825791390115,0.005787944405657923,0.0059543626227837815,-0.19040778317211057,3.8423898329698587,0.6700494882037075,-2.6809049644433904
0.00639845476026239,0.01346826640933527,0.005780347518355405,0.006002469486814775,-0.19047094315105026,3.855689234408294,0.7069285456888373,-2.6835671812077275
0.0063828556351682025,0.013472176926421572,0.005750501642378781,0.005990648383983315,-0.19717657459440519,3.8257519664229345,0.7083512357888826,-2.6688671256236867
0.006393775349624659,0.013483504597880397,0.005769264270917043,0.005972560697835326,-0.19378022528911296,3.8341687683963817,0.6892379705624355,-2.6749618188401727
-0.0053117660443781954,0.011737947748741233,-0.002896540613107805,0.007813584635465137,-0.3039372285219197,1.9071891165843222,-2.367361182337113,-1.0780080980434454
-0.0053063293371923064,0.011723210871918579,-0.0028719877259556314,0.007822642828698656,-0.301106241290626,1.889601200729887,-2.373106391779246,-1.0624632033279726
-0.0052960241522668145,0.011735481303054523,-0.0028769367618716505,0.00779805075956884,-0.30657577574861455,1.8908616564225966,-2.3577430089287224,-1.0707978818507593
-0.005317249029907897,0.011752667496161629,-0.0029210828964032977,0.00780444275601844,-0.3055569480305023,1.924816244083874,-2.3615287349730627,-1.0935460486315418
-0.005301494843989005,0.011750210113157153,-0.0029013425899679264,0.007788946091340368,-0.30884926475617297,1.9083656470629735,-2.3518619316572433,-1.0863205866603638
0.013541743769827877,0.013807087104130773,0.00580467405741042,-0.005399961574301748,0.2307623508238458,-2.5396954292663447,-0.7614113996142701,3.624539749270903
0.013524269680353567,0.01383232602699093,0.005826142320068589,-0.005357643383933459,0.22841530417857123,-2.525572778258976,-0.7928235074807981,3.604481675021703
0.013380158134211666,0.013977141370307537,0.00601225183664485,-0.005109423516755424,0.21853494790611547,-2.4440723788257612,-1.018583470863534,3.5098343771900615
0.013368742103845317,0.01400005830497163,0.0060202795613327415,-0.005069699467141346,0.2158859705379664,-2.4276135121183633,-1.038576079942066,3.484775288590743
0.013352122984031696,0.014027190550415453,0.006034472080705026,-0.005022443396802777,0.21311360657940304,-2.408334528930761,-1.0655734861095059,3.4569029798442705
0.013402872152165917,0.013964441611172924,0.005979671247064327,-0.005132264951824971,0.21849270857103562,-2.450423027618864,-0.9866518540809298,3.5122604934262083
0.013505905309087997,0.013859242215335918,0.0058479210825436384,-0.005312295774336389,0.22570693056928093,-2.5099535472891006,-0.8254878092015984,3.5822540637239224
0.013428188890868832,0.013943029607762504,0.005946417759300881,-0.005169631313449393,0.21948873120176352,-2.462629046755739,-0.9491299166080281,3.5245497594066344
0.013445796988090692,0.013920942042763515,0.005926079386195182,-0.005207650031795321,0.2216476168040175,-2.4763625550882953,-0.9205480063590954,3.5427819879794678
0.013488836748174285,0.013886362903829972,0.005866728461669771,-0.005266367260226456,0.22306259506909898,-2.493434025537765,-0.856081207906577,3.5582229982320226
0.01347069356101357,0.013910296304689845,0.005888040325923099,-0.005225772046673265,0.2207929652261301,-2.4792413230999624,-0.8863927189926458,3.5389926160983776
0.01374242778855345,0.013607344313647813,0.005504412644798243,-0.005710596749668394,0.24219904986446342,-2.606747753849899,-0.4259971929453781,3.695486477111895
0.013717658428927464,0.013619747977588132,0.005545611507573733,-0.0056956607736919984,0.243069785047382,-2.609707627679683,-0.46113421789006237,3.7060908681776916
0.01371795500121042,0.013646645114763843,0.005540386692706537,-0.0056487671586279925,0.2386717465024298,-2.5908398489688262,-0.4761757848542313,3.6709360727367235
0.01366002095077601,0.013677249478712973,0.0056350836899426516,-0.005608668754729221,0.23981649745592715,-2.5939359390399743,-0.5592553111886068,3.6901797223087898
0.013701111196555205,0.013663491531738686,0.005566415157819822,-0.005623591875235228,0.23767601424419085,-2.5864411263927014,-0.5045400324843209,3.6665056719548663
0.013684375131016838,0.013678503751860215,0.005592383377612926,-0.005601309950453844,0.23707771745157688,-2.5829408154689704,-0.5317344453856403,3.663928670360856
0.013618944683870367,0.013705989730032751,0.005700104384122186,-0.005566177620749149,0.2394852269050838,-2.5891774549528663,-0.6224109640300358,3.6922337533281717
0.01360748233928015,0.013733079363594893,0.005712967917384141,-0.005520682234205842,0.23611785264735882,-2.573406174610796,-0.6492640288019836,3.6663868906569888
0.013648687676255931,0.013704308372000805,0.005648564609877181,-0.005563717754024862,0.2365443030469123,-2.5788922095702627,-0.5864823889968617,3.665277939702333
0.013591047180761753,0.013761452434182234,0.0057335047490001635,-0.005473660215707753,0.23318266931368753,-2.5581187741999583,-0.6821246950434504,3.643050613781875
0.01357502479095852,0.013811346858746012,0.005745778327668775,-0.005389345592665399,0.22669589633914544,-2.526222633170207,-0.723078056299057,3.5896514577849588
0.013591445377381281,0.013790947236484493,0.005723947996699029,-0.00542257442263035,0.2287093593034811,-2.536080620737338,-0.6948217605580707,3.6027127065334157
0.014060201258082662,0.01320394743139687,0.004945167054623775,-0.006267164652288986,0.26814011114081165,-2.651670057721528,0.19330155858462741,3.7644334558818344
0.013984294430206308,0.01332487598002538,0.005092790670109814,-0.006103199495901484,0.2590540746827153,-2.6429543443788313,0.02241930228816089,3.7406211000517904
0.01405000110209412,0.013230571256069771,0.0049674774353650674,-0.006227872080889249,0.2652527420737138,-2.646115452120014,0.16105504708855936,3.7514120268485995
0.014032002251333473,0.013247615918027112,0.005001084418186328,-0.006209372314598761,0.2652041343083536,-2.6505147614941795,0.1304952339365293,3.7587433145128015
0.014002050005803464,0.013301955357506985,0.005059877279707486,-0.006133075439460831,0.2604062545373431,-2.6432610743675027,0.05761879108291414,3.741796625488204
0.014021561835742874,0.013274148398657704,0.005022904471481026,-0.0061699167207510406,0.2622428810319193,-2.644366260044128,0.09850336897997522,3.7450985323497
0.013815501930075188,0.01349661676689394,0.005388751942064574,-0.005880338932296277,0.2521144886881927,-2.6433409480896715,-0.275606665128826,3.7523257123927136
0.013862750341367495,0.0134502127880832,0.005308138269224987,-0.005943012918640401,0.2538982231435792,-2.646033588625683,-0.1933779285592915,3.7519005760265958
0.013831036695387483,0.013485243528433688,0.005362244789410817,-0.005894421307113998,0.2519396340504472,-2.642066328354216,-0.25126676502943796,3.747833282432683
0.013846626754772991,0.01346944908379346,0.005335718420004001,-0.005915960800107026,0.2527420041584174,-2.6432843976252287,-0.22381544866769457,3.7483028565791883
0.013809061943232124,0.013517075626576905,0.0053985757229400655,-0.005846908582579199,0.2493690247252449,-2.6335296082465067,-0.29630638317175606,3.734477086217535
0.013798705037370199,0.013541581064626733,0.005414533397632519,-0.005807778410174124,0.24661808869211785,-2.6229538227279723,-0.32352578004374216,3.7159693296390124
0.013785174815878596,0.013565887934133054,0.005435559458407869,-0.005769941392678859,0.24419250212479568,-2.6138193465933983,-0.3536855563385133,3.7009254681120183
0.013767183377808377,0.013588518772609798,0.005464049022893665,-0.005736185049251784,0.24259402588839815,-2.6076245193530228,-0.3873439646010748,3.6924443354840553
0.013904464524864458,0.013423064172579777,0.005235792293478412,-0.005972391744513837,0.2531707721127861,-2.6378443971532017,-0.1311302582486427,3.7325313004109475
0.013910455258829411,0.013394499872627528,0.0052247965104624886,-0.006019203078941071,0.25715883976655446,-2.651112409178658,-0.10371904205491024,3.7581657213287762
0.013967753723435948,0.013354111406030773,0.00512370065518981,-0.006061451073986429,0.256334679361547,-2.6377732537078025,-0.016667466475344592,3.7300668770082974
0.013938570572974375,0.013378742956113413,0.0051754862402168325,-0.0060333075973468715,0.2560276718446532,-2.642601707126041,-0.06392679602509249,3.7402178270294724
0.013896368136640792,0.01345431027434743,0.005249830459693008,-0.005921945355284869,0.24929873109556813,-2.6238542440647215,-0.16201657070613631,3.7059598469804866
0.014139311498312943,0.013057015783071283,0.004773684327930781,-0.006464126174684677,0.2799570364056585,-2.65539721772091,0.39511928323523043,3.7912573622030368
0.014143931659113443,0.013082542684110526,0.004773496247469287,-0.006417584704890705,0.2754425065637794,-2.641340734628408,0.3739962364585857,3.76040652998771
0.01413509135389325,0.013102287454199606,0.004794024878149599,-0.006390516842266182,0.27345580036241673,-2.6402201569610946,0.34828090705124465,3.7551475530937437
0.014128857851630434,0.013128941452354397,0.004811671350149041,-0.006349839428347429,0.2701271282775872,-2.633807414007808,0.3183338817126933,3.739101941224288
0.014112687842477817,0.013145741281193946,0.004843182192830689,-0.006332389313337852,0.26999028221733073,-2.638975358459681,0.2898489578842508,3.7466346169167344
0.014101316834165855,0.01316893880677625,0.004867873396192254,-0.006300621273750953,0.2678928951995739,-2.6373275104165264,0.25933631569383436,3.7405603031656645
0.014091208168535083,0.013202153270562608,0.004892093104156357,-0.006250883013390718,0.2640821652795418,-2.629648665411572,0.2211321725472946,3.7222191538398657
0.014173625807966448,0.013031863425347005,0.004707749286993137,-0.006481094033697466,0.2787187579518671,-2.6371050592832286,0.4456858914692045,3.761348003136232
0.01416346482339963,0.013050539996433606,0.004730866787766542,-0.006457290474316911,0.27728832277120613,-2.6382822272613193,0.4198423231608535,3.760135420996201
0.014196888684218752,0.013033715746216411,0.004669475299942324,-0.006460417433048131,0.27500536089148303,-2.617267349462254,0.46088882179366414,3.7239293128448674
0.01422284030439614,0.012995164123243643,0.004612953446406318,-0.006504355151120941,0.27696751557408167,-2.609394668776451,0.5173046100330172,3.717068677370747
0.014210844097373984,0.013019085181579898,0.004641325160105774,-0.006474064204711797,0.2750585596706259,-2.611048183819381,0.4852140962150137,3.7152287706121556
0.014331648984725918,0.01280442197184085,0.004351983613120755,-0.006722641050104379,0.288113312296205,-2.567454716059951,0.7832751242488935,3.688796407136419
0.0143883233949224,0.01272154622266649,0.004217063860712572,-0.006800493573129187,0.290419610617673,-2.530606229622068,0.902661514004694,3.648015684700241
0.01438144415433174,0.012747263256408094,0.0042423249238457,-0.006766625261425838,0.28790746850570736,-2.5328175908653643,0.8711037080279048,3.6436385736078334
0.01434955566420959,0.012782751592992999,0.004312084525525307,-0.006740664847063402,0.2881565342949781,-2.555598371609742,0.8163090527204463,3.6737734289747155
0.014365101372352014,0.012764374580277536,0.004277543843155123,-0.00675521457267353,0.28826103307423273,-2.5448711167711546,0.8442689041904127,3.6600060550671025
0.014388376208456042,0.012766229514192052,0.004241742189045103,-0.00673007635961099,0.2841404822467955,-2.523340762573731,0.8536964281552851,3.6204183505644387
0.01432612933938787,0.012832710329795433,0.004374958109460542,-0.006682191370856572,0.28490298775784734,-2.566160850425394,0.7498146731555306,3.678164797089893
0.014317959694922625,0.012858843732509395,0.004400640835658256,-0.0066474268635206835,0.28226741394893246,-2.567268146024008,0.7174531380318538,3.67285765680723
0.014306203012201967,0.012879673274242961,0.004429241616183074,-0.00662414360983023,0.28107658089237525,-2.5724029189190136,0.6887478019173,3.676621261931301
0.014292803390414813,0.012894247944702914,0.004457489014452598,-0.00661214784711772,0.2811586023190989,-2.5803191008785284,0.6655328959209355,3.687280587380605
0.014289409709035944,0.012915591999430105,0.004472289302097508,-0.006580397147842973,0.2785402264877223,-2.5774285977980926,0.6412621256454617,3.6765070873313372
0.014285960812945248,0.012939305151600002,0.004487842247208109,-0.006544812999305161,0.27541248357752196,-2.573619857536837,0.6148295215261141,3.6637704537635813
0.014265246819392187,0.01296043122964642,0.0045300720249969164,-0.006527486669766879,0.27570338691450963,-2.5849532846931402,0.5803297210314965,3.6795812064626334
0.014254114121570727,0.012994408213767631,0.004561258658409603,-0.0064809405547738294,0.27224613207619397,-2.583555961462714,0.5390397389100111,3.6695211042330045
0.014512588507326252,0.012517970029319769,0.0038955801618488044,-0.006982418144994049,0.29615389533671205,-2.4284254011412196,1.179949302951124,3.5401138149923375
0.014475204277969056,0.012536564020375169,0.003965009199747036,-0.006996066458694258,0.3005744989747236,-2.4642907012104236,1.1472170791543324,3.5972095359899967
0.014505733921354834,0.012535972169365193,0.003918531813554806,-0.006963125277157573,0.29504881631493035,-2.434915557847632,1.1572474931886572,3.544343487388002
0.014469327643858032,0.012561413315943772,0.003991125254751044,-0.006964726537771769,0.2982714602956218,-2.4692254138139305,1.1164963040635145,3.595974526159099
0.01443453070316699,0.012621324052300337,0.0040842127092035295,-0.0069100178144110075,0.2964102414509488,-2.498925534772671,1.035177773078191,3.626328737330684
0.014450723391591652,0.012602622539318367,0.004047132161105381,-0.0069217210253096845,0.29597716085703146,-2.4849009075147444,1.0626127573809596,3.6080727882777666
0.014461257402885433,0.012582982716877678,0.00401800718081562,-0.006940549987800147,0.2967661187138026,-2.4760028322051393,1.0888918854009353,3.5996303915603547
0.014431343482233665,0.012664999460483509,0.004116462256447593,-0.006845690556211413,0.2908554132845694,-2.4978308742544306,0.98445110477331,3.608274720475053
0.014449808265109812,0.012648524659472915,0.004077819618768081,-0.0068521243587557875,0.2898298797853484,-2.4821534092797273,1.0102748383859355,3.585917360284988
0.014430787468529785,0.012690366313367847,0.004132582954245825,-0.006806965989228198,0.28747534606474884,-2.495490925337059,0.9559677306312601,3.595138610884309
0.014421727365233346,0.012718342420951665,0.004162956538403064,-0.006772596630509334,0.2851973618425822,-2.5003029102961345,0.9212642940645012,3.5943199464989455
0.014528798966053217,0.012506024385844477,0.003862926729220041,-0.006981983687958173,0.29466677601437036,-2.412797012260487,1.1981509305608062,3.5169505444993017
0.014661251190700813,0.01218261884072177,0.0034081839227574754,-0.007279503463776656,0.3080625965111144,-2.242699847208886,1.5961419838505593,3.367624416439582
0.014547314804815204,0.012488092174093612,0.003822627351749114,-0.006987485997243001,0.29349759945600584,-2.394710227863769,1.2234810102640938,3.492012766549525
0.014547029813898712,0.012439636202425415,0.0037868566283931824,-0.007058898682164887,0.2998005041573923,-2.3928901679356156,1.2795506101291438,3.5100144353527867
0.014565022563008656,0.012465257383406035,0.0037799065139865044,-0.007000623487969697,0.29309333359911127,-2.3769423530686473,1.2538283766063867,3.4699144885271203
0.014567642284414081,0.012415762004657216,0.0037384112422939176,-0.00706945604734674,0.29874229021509896,-2.3713661483147006,1.311610163310123,3.4820007276206204
0.014610359774977696,0.012307770621186579,0.0035895090625415525,-0.0071718966569152475,0.3037192635870803,-2.3173062851879913,1.4449313496901672,3.4364489576156934
0.014575148123829207,0.012372738614677355,0.0036934474120252623,-0.007122634923628653,0.30275954579994835,-2.3600993459021073,1.363484029851521,3.481934291631917
0.014580225935719473,0.012394340107918823,0.003703414769309609,-0.007085430862700126,0.2991050547128336,-2.357357214634144,1.3389358192953198,3.4666664415561512
0.014596348861217818,0.012327280433820784,0.003625760994263743,-0.007161717598380803,0.3042312787403914,-2.333870019585946,1.420227306553023,3.456674719688407
0.014589090682297738,0.012352619507899823,0.003657091017106494,-0.007134537502053911,0.30241024201196937,-2.344240345249968,1.3893431133177565,3.4629590986203405
0.014647303135119014,0.012205379773018166,0.003448084493691123,-0.007266857150758178,0.30833725272233864,-2.2616808741124204,1.5689233576086326,3.3896061218442
0.01462178984313925,0.012290830047733502,0.003559016913499354,-0.007181354202137225,0.30351223947782263,-2.30344506281541,1.4660660973891997,3.419940243993079
0.014643425218925643,0.012231131219603633,0.0034766737754097503,-0.007236576319399761,0.30617550272783906,-2.2710965989374716,1.5381836467293313,3.3926498700903402
0.0146310828833446,0.01227276969566373,0.0035304676893475645,-0.0071948023769911025,0.30375936715527535,-2.291256917343056,1.4881612360673195,3.4071626123237198
0.014638455724031142,0.012252887980602506,0.0035028517161671646,-0.007212969546942627,0.3046056320404133,-2.28034526200419,1.5121543580944563,3.3977999988643215
0.01488625451951534,0.01137868098184829,0.002220843453012248,-0.007871313679443047,0.32683458334862464,-1.612489679794274,2.455996533366294,2.785862880106872
0.014880895338221803,0.01139639484240753,0.0022496779022605734,-0.007863726463726952,0.32708560150693305,-1.6307687251118959,2.4404992708899624,2.8047989191349627
0.014884830350567464,0.011435516847325522,0.0022977996640673906,-0.007819467620953533,0.32383879739554183,-1.6575858783384716,2.396450402097395,2.8187770381816666
0.014885271553144263,0.011416756485114686,0.002272608775929675,-0.0078368118657301,0.3249093738613426,-1.642960531387842,2.416206381046955,2.808249497187136
0.014815416215852147,0.011605567207005126,0.002587294300220018,-0.007760106985911047,0.32879093164438605,-1.8368859417902825,2.2441300872895606,3.0159604686783363
0.01485226343693783,0.011487257121632753,0.002397733313471328,-0.007823041519208492,0.32831145418707436,-1.7231869402088305,2.3585168850515603,2.9006502705956665
0.014857750413146936,0.011507110611978703,0.0024178887142535643,-0.007793771443984327,0.3257486209966444,-1.73279167940009,2.33375604854157,2.9002894884769503
0.014855712642527469,0.011525198516794871,0.002443188682275045,-0.00777868706869476,0.32499084143495677,-1.7472844315539053,2.3148850240986913,2.911934600053758
0.014852383448590621,0.011542277345716289,0.0024683904621177494,-0.007766588470869028,0.32461245993264404,-1.7619966621743732,2.297680437517992,2.9251572821635263
0.014834547142003225,0.011600002802092411,0.0025597733630719813,-0.007735009641532742,0.32471979193418044,-1.816220012492298,2.241765499764611,2.9797883972157035
0.014838578866171608,0.011579057074224441,0.00252929923977816,-0.007750728330734624,0.32528386821902217,-1.798890725691022,2.263426227615861,2.9645380978176625
0.014847297118613184,0.011559127435924653,0.0024950270995272215,-0.007757426108699038,0.32468573007679097,-1.7779198795819562,2.2814665160626535,2.9411542312195316
0.014881463604207551,0.011451371348531901,0.002321873664672293,-0.007809705244011232,0.3237184311949619,-1.672272574991144,2.3813781223053216,2.832618729135559
0.014869057631837532,0.011477278068712215,0.0023679025141875748,-0.00780493231904109,0.3250398882842784,-1.7017001382564523,2.3603098103895683,2.8666667463582063
0.014880901319155017,0.011466496455090359,0.0023421525752906343,-0.007795799375613465,0.3228061102329398,-1.683932103847399,2.3654200377743826,2.8410872853084617
0.01480998437464522,0.011624458577754904,0.002616728557770283,-0.007748373308788565,0.32861417970924994,-1.8539293281320146,2.224944510914574,3.0325890723974007
0.014812836372068362,0.011644694547333849,0.0026385762492559268,-0.0077215853330324805,0.3264143344840215,-1.8641170195340016,2.2005528068191667,3.0345547099901484
0.014789257193567279,0.011682286751177244,0.0027107416171846723,-0.0077174323286386915,0.3289493323046478,-1.9085501881897013,2.1667239182914355,3.0891619387495535
0.014810840715353624,0.011662198993225785,0.0026621824577586274,-0.007705456200615482,0.32547568152119993,-1.8767162565051636,2.1813126972526344,3.04395162799478
0.014807235176300115,0.011678612128927955,0.0026861096681819745,-0.00769294312671216,0.32501070471295296,-1.8899230116294838,2.1639025001355923,3.055645094973191
0.01478407589200861,0.01169990106242819,0.002737921030432577,-0.007705706363894082,0.3287080934772752,-1.9237738290247246,2.1481866581362534,3.1038295459748757
0.01478666660594389,0.011721204532743754,0.0027604891616347656,-0.007677295679478735,0.32637021494295554,-1.9337258803163941,2.122378285442927,3.1051812759256285
0.014671449999022687,0.012072598473524888,0.0032887702388052233,-0.007413143032701671,0.3182095997543403,-2.201614057764882,1.7278304920599468,3.357787710425484
0.014672136618339895,0.012090933900070766,0.0033060358147600443,-0.007387860803893541,0.31583554089263116,-2.2067326714711744,1.7056346106388829,3.355789310089945
0.01467014664348494,0.012162469687539897,0.003377422967981394,-0.007294898775009496,0.3084455687878269,-2.2289295335761534,1.6200756665783638,3.3539070313740034
0.0146780706423575,0.01214044645454108,0.0033460255919035386,-0.007313812844900339,0.30926318094458966,-2.2153326217379496,1.646091506459712,3.341743906733068
0.014682833927502236,0.012112357147350818,0.003312744557769223,-0.007344760006059927,0.31137787329427685,-2.2026989740517284,1.6793410858551676,3.3351681186257447
0.014697897250378773,0.012003567843633746,0.003183951595944476,-0.007466149930121796,0.319799057487796,-2.1517814477018993,1.8083709040870921,3.3096769685216456
0.0146960250500014,0.012020291334040464,0.0032036309974582925,-0.007447185659168853,0.3184167708172965,-2.159733122780207,1.7884653111206148,3.31343917429167
0.014688202188491109,0.01204026506280552,0.003234200361332443,-0.007432244638539585,0.31803356157189827,-2.174402839285371,1.7653454391545067,3.3278013305638554
0.01468608879617735,0.012061480530383913,0.003258359381241736,-0.0074074212086110095,0.31611091987249396,-2.1836403878291812,1.740026522559535,3.331407224014987
0.014770360730285799,0.0117816342663219,0.002850440428174342,-0.007632532742411922,0.3249047768458609,-1.9821500770468659,2.0571081769225814,3.149698436353997
0.014774827155260127,0.0117606517652174,0.0028207638505535764,-0.007650203133969198,0.32572354281307775,-1.9667140960487723,2.0803316360757944,3.1367438335360314
0.01478353227269534,0.011740604125010032,0.00278709376811825,-0.007659906968234397,0.32542951383103214,-1.9475804308712676,2.1008379879144363,3.1160017890922673
0.014766416385363459,0.011799377742315265,0.002875582268191071,-0.007617643116721273,0.3242355297582144,-1.9951657533976892,2.0373907011379124,3.1606939802444227
0.014708995294641196,0.01198876258571409,0.003154283359717312,-0.007469286288163907,0.3188029190423469,-2.1353941999159787,1.824600551663304,3.288870792408518
0.014735374819486254,0.011924403144935737,0.0030526581537401415,-0.007512252336421593,0.31945553246234226,-2.083849534479786,1.896912585720541,3.236335710059174
0.014728264057789734,0.011945402974410447,0.003084084806804775,-0.007496397015787945,0.31891426516443294,-2.099540754635818,1.8732537992332985,3.2511719894157447
0.014719560507244446,0.011968062884808721,0.0031191092903617846,-0.007480435577209906,0.3185456003460738,-2.1171100036562467,1.847733780035519,3.2685980972856608
0.014765526647063263,0.011818078150690928,0.0028980269105332297,-0.00759677148822343,0.3227010018244922,-2.005567435151193,2.0155741251622596,3.166052504437285
0.014765154024531877,0.011837235049850415,0.0029201560318923747,-0.0075744305010294445,0.3210265935489645,-2.015449046176,1.9931020449536894,3.1702825853968037
0.014762455716735757,0.01185582936657683,0.0029442347104965947,-0.007556125757663914,0.3199158543859108,-2.026991569871394,1.9719153041078117,3.178313677533715
0.014743033215115784,0.011906719254999963,0.0030240013352592983,-0.007522903893904142,0.3194349309606849,-2.0688088595668273,1.916347160486272,3.2205084993110833
0.014750890991972807,0.011890719999468205,0.0029968663887042827,-0.007530954524749876,0.31922914632965677,-2.054169729174206,1.9335508254472409,3.204309618028535
0.01475755420836658,0.011873728397874558,0.0029700370843693314,-0.007541779170496689,0.3193382671683524,-2.040055470785402,1.9520442682526704,3.1899191325381593
0.014975674205669422,0.010828191708944274,0.0013536788346982822,-0.008132790406175226,0.32465153126833485,-1.0296396699596382,2.9021625484868903,2.223574806489322
0.015004141081635452,0.010743884873316284,0.0012078926378427145,-0.008125624896257748,0.3188604158991524,-0.9224104395251852,2.939085619624478,2.100970702731509
0.015002480820988992,0.010759785604982678,0.0012333200092666198,-0.00812035049896861,0.3191046111495259,-0.9408140541070323,2.928898244435128,2.1189378093959275
0.014992923436209511,0.010822994467170015,0.0013356519154569802,-0.008103211399412986,0.3205956009689353,-1.0146669518784492,2.889682304508341,2.1933451453018917
0.014995577845548176,0.01080723805728858,0.0013100368400263548,-0.00810723849501456,0.3201864872856925,-0.9962300463151786,2.8994425758630804,2.1745845706736096
0.015000424309073182,0.010775662755796037,0.0012588829697091893,-0.008115663169944201,0.3194246692734654,-0.9593050792085375,2.9189596673612925,2.1373165049930525
0.014998090753094698,0.010791475231298845,0.0012844634098489029,-0.00811135703379024,0.31979332893450335,-0.9777865039035561,2.90917775732399,2.1559053771510324
0.01499897526851863,0.010671532101237398,0.0010977499673317985,-0.008171833494717758,0.3205483035678323,-0.8433371771203433,2.9966054744497614,2.0351228487377786
0.014994311673251192,0.010583092536446527,9.597722555756974E-4,-0.008220605860083352,0.32232315649869486,-0.7419170336600723,3.0617582507867525,1.9474783813176113
0.01499608896431826,0.010567606991416083,9.34283390708679E-4,-0.00822355507993409,0.3217280723571858,-0.7228387164695919,3.0698723634828036,1.9282052998699155
0.014997959763516552,0.010552060267963792,9.086419174552728E-4,-0.008226170678908478,0.32116718093189306,-0.7035809997871808,3.0777562068882394,1.9086330142718124
0.014999827144285887,0.010536387234079564,8.827852972273934E-4,-0.008228664612750238,0.3207141010087324,-0.6841200767546834,3.0855499477784636,1.8888324089853488
0.01500131586708446,0.010655558957055342,0.0010715387119558722,-0.008174875983276472,0.32003761891074173,-0.823976258655409,3.0053050513964195,2.01532981449435
0.015003371247194287,0.010639605287040424,0.0010454694327507806,-0.008178274661647748,0.3195883815235064,-0.8046922669786619,3.014115911559113,1.9958367979454883
0.015005166369600344,0.010623721550628776,0.0010196016770033633,-0.008181961392918437,0.31918982533964485,-0.7855274183348769,3.0229847578580835,1.9766581712084335
0.015006672452761662,0.010607976195980653,9.940496380073016E-4,-0.008185966324449491,0.3188485331171151,-0.7665694196422573,3.0319028600565505,1.9579017697688303
0.015008015798073968,0.01059247820952614,9.689264748995206E-4,-0.00819000428359208,0.31853786578065546,-0.7478929426491331,3.040670103631839,1.9395126305566792
0.015009338843025442,0.010697664864504332,0.001133560852290036,-0.00813922955052758,0.31796201385596673,-0.8682304326083724,2.9674022083735534,2.0474637097296697
0.015020181141477986,0.010708114153940285,0.0011443988389400939,-0.008113355970052763,0.31533215744359255,-0.8749576327226825,2.948905873258079,2.04307108114235
0.015020484630475754,0.010721977507135012,0.0011656500841374202,-0.00810582711408151,0.3151539397312502,-0.8902454288948632,2.9386729369301396,2.0564739723914855
0.015020623535008987,0.010737865270028991,0.0011900348244868655,-0.00809744350207265,0.3150017126543334,-0.9077542803753519,2.9270326316114996,2.0719804610025903
0.01501348368809672,0.010682067809110676,0.0011072591108538257,-0.008138896016287507,0.31704228492880054,-0.848720366944458,2.9741775292905426,2.025903631440522
0.015018316315468247,0.010498486482696934,8.151919273869343E-4,-0.008206587242680726,0.31576935329585026,-0.6324936093397319,3.0878929863194813,1.8229284185565915
0.015015670814617995,0.010530482047504884,8.672721557172973E-4,-0.008199979537570493,0.31655118007647864,-0.6716978012003548,3.071564572364993,1.861893944232022
0.015017247095004271,0.010514425399716788,8.4105863095626E-4,-0.008202901716835785,0.31610177796009814,-0.6519722582175674,3.0795665826130647,1.8420754592246844
0.015027914758603619,0.010403703786816343,6.598818388391419E-4,-0.008218353990032054,0.3126766457423295,-0.5144363580984126,3.1300420279002528,1.702885184627726
0.015026573611528688,0.010419736850485821,6.860953345694144E-4,-0.008216266326302247,0.3131677350454983,-0.5344472301447575,3.1230430944527545,1.7230725427709128
0.015024797497029424,0.010435731395083914,7.123668422794258E-4,-0.008214859500685972,0.31375076960274245,-0.5544834841811327,3.116384142653079,1.7436549992418406
0.015019528140113899,0.010482880020347763,7.897778394011147E-4,-0.008209696201611437,0.31540029896305444,-0.6132994693978918,3.0956973414464604,1.8038622841587284
0.015021144852818613,0.010467368279879518,7.643574412348526E-4,-0.008211803506204618,0.31490035419340096,-0.5940327017985582,3.1028174830184887,1.784291262776023
0.015022895032432476,0.010451637177970674,7.385294974982097E-4,-0.008213544005357018,0.3143662343886601,-0.5744114393261053,3.1097319628864533,1.7642143241720796
0.01503325486109249,0.010492226006429859,7.999289371189237E-4,-0.008179631406863916,0.31229015022289935,-0.6198925713178802,3.074893708792476,1.7969831839507522
0.014908647009023702,0.0113016096575778,0.002095580920415962,-0.007903182363049483,0.32556415953452844,-1.532036392875713,2.521721292148078,2.7026703721752146
0.014912892825584152,0.01128613441127077,0.0020705260506664915,-0.007909483199846272,0.32531333935222967,-1.5157620841151926,2.5346287355752755,2.6859350349978217
0.014916983565316127,0.011270465293608036,0.0020452956195258364,-0.007916047113537423,0.32508927222259604,-1.499336233930835,2.5476868691126326,2.6691839506079043
0.01492094536171775,0.011254584634730039,0.0020198361937394695,-0.00792283960744881,0.32488766757421544,-1.4827170770688856,2.5608949228505935,2.652354050830628
0.014924874958523788,0.011238510551651345,0.0019940851419861898,-0.007929670081188863,0.3246817055423452,-1.4658431004910815,2.5741630339536865,2.635291274436104
0.014928613467389181,0.011222262080338644,0.001968199802803834,-0.007936797764978262,0.3245066901785378,-1.4488458137064901,2.587582377782001,2.618265519066458
0.014931689436765356,0.011205926867245692,0.0019426870586971361,-0.00794498343667005,0.32447751526245966,-1.4321412859761715,2.6014136325580988,2.6021004057411328
0.014933776277948051,0.011189787609697853,0.0019181942143653436,-0.007954584154161464,0.32466235182568076,-1.4162033433820875,2.6156430678587053,2.5875096867329805
0.014934672089683895,0.011174479403187975,0.0018957641120216102,-0.007965467983004224,0.3250730585985239,-1.4017393158268348,2.6298407502521783,2.5752646935239842
0.014904849502222178,0.011374628875197147,0.0021980218986182433,-0.007843267647207065,0.32261827112988634,-1.5943598083768886,2.4487318912807177,2.7520445134533844
0.014909554510428786,0.01135960759668614,0.002173536361575592,-0.00784910597395961,0.32232393578892937,-1.578705789887963,2.4614036435605837,2.7356309950622144
0.01491424058422082,0.011344432303809555,0.002148824282817898,-0.007854947635604091,0.322039877431965,-1.5628487911636875,2.4740950384715608,2.7190230699397535
0.014918898810657652,0.011329277164253354,0.0021241294906189988,-0.007860645063105342,0.32171798103700494,-1.5469267518799823,2.486635467850114,2.7023255909657364
0.014923567660459615,0.011314047992283855,0.0020992892460511507,-0.007866217466895814,0.3213880719008411,-1.530839836054515,2.4990963605531893,2.6854280642529003
0.014941025188090401,0.011015087439947993,0.001659068098456181,-0.008075720484221253,0.3290263753926901,-1.2453074414740508,2.774257583509049,2.4424583160766384
0.01493011845844888,0.01106220156246524,0.0017368000028774235,-0.008061301966964515,0.330302495302998,-1.299079460310499,2.7402220253891802,2.4980713899874334
0.014934030093069048,0.011046671841419761,0.001710976241370776,-0.008065655041157792,0.32980772228951066,-1.2812332225177174,2.7513404048572263,2.4793644451311763
0.01493773383075236,0.01103091753803049,0.0016849457242801684,-0.008070372555121606,0.3293731615984142,-1.2632206200054854,2.7626706974732014,2.460683577255681
0.014963827192189971,0.010978605216130982,0.0015888106463491389,-0.008059137730240695,0.32450357546494196,-1.1941180781212506,2.786951906654974,2.3762804092643504
0.014961263259191908,0.010994431370910872,0.0016140966183082227,-0.008052938529022889,0.32470676414651134,-1.2116460433007432,2.7752594189636817,2.3935548607005797
0.014958371993405453,0.011010288984174506,0.001639610023151659,-0.008047142323628081,0.3249678068185898,-1.2293139085569071,2.763666436941976,2.4112200459157793
0.014938274484733446,0.011088463161405205,0.0017691311957259697,-0.008026575494503462,0.3274052429994298,-1.3189331937027988,2.70897425024712,2.505536767939272
0.014942756657312782,0.011073844176853942,0.0017444120170306179,-0.00802945202529016,0.3267918411599078,-1.3018509429716636,2.7189311029830674,2.4869960627160927
0.014948399576052882,0.011113320193239068,0.0017973975551612198,-0.007989188646313842,0.3240625877596693,-1.335620459534466,2.6775265360775005,2.508368349909493
0.014948601697575536,0.011099498409297514,0.0017772874130163971,-0.007999420607316265,0.32452283822307554,-1.32244836315952,2.690295284805531,2.4975633408123716
0.014947246869213527,0.011129839923043271,0.0018220352953451163,-0.007978451918385638,0.32376059080856695,-1.35185185222705,2.662879524984294,2.52255846926573
0.014944768012697502,0.011148863603733909,0.001851197354629627,-0.007967939862003741,0.32362210008312403,-1.371172418903225,2.646755304696742,2.540515083564834
0.014949654929089078,0.011167163705280985,0.0018733166167488626,-0.00794463645543389,0.32179159441279226,-1.3844274725749164,2.62556452844721,2.5458760693692266
0.014971651159667386,0.010932885119142257,0.0015152236026964633,-0.008075266271563838,0.323694421389293,-1.142656523727278,2.8194804038616046,2.3249056009637976
0.014966131337445109,0.01087481301343928,0.0014308406593253017,-0.008122652273856388,0.3262332902790627,-1.0850327723720257,2.873338019316177,2.2812246535702303
0.014969364862149446,0.010859391912129064,0.001405289509018239,-0.008126039569262104,0.32571331459721914,-1.0667314598261688,2.8829747678660307,2.262146173490244
0.014972739186824282,0.010843886894689297,0.0013795075109578339,-0.008129033134263457,0.32513696638379824,-1.0482031045713656,2.8923684927001845,2.242679902212164
0.014975424354719819,0.010917208754416785,0.001489213402424397,-0.00807841730845274,0.3231103457210794,-1.124206711375667,2.8293247900276737,2.305399993303013
0.014977400455636539,0.010900886880890253,0.0014633516652418218,-0.008085150919895983,0.32298331813954134,-1.1060518129790948,2.84118092722283,2.287893731402939
0.014978958877625273,0.010885212919752646,0.0014386741092276918,-0.008092077589881857,0.32291453937951703,-1.088701840587901,2.8527349705962823,2.2714355859538062
0.014980893550072144,0.010973236782196824,0.0015692231107394445,-0.008031296382496132,0.3204992827114277,-1.1781745187636254,2.7766635278276657,2.345617961356489
0.014981877435420015,0.010957303582798887,0.0015449357092181886,-0.008040175105650268,0.32066038017961623,-1.1614996593365012,2.789487934364051,2.3305793814334077
0.014981975661883338,0.010943442337332363,0.0015242402911571742,-0.008049167438957882,0.32097566182183457,-1.1473448197846232,2.801217157680503,2.318506560351047
0.014998001866155191,0.009858658760762435,-2.3551438125298552E-4,-0.008329860740874702,0.3066341528314155,0.19056644602442185,3.3540820544754317,1.036519378262594
0.015012328010460053,0.009866304643593523,-2.2140344443142908E-4,-0.008301361236208346,0.3026965846361645,0.1759129202965896,3.333779640868489,1.0389206851143047
0.01499753324023817,0.009842960155646504,-2.617023902211472E-4,-0.008329079258021729,0.30693384575234905,0.21168095542458173,3.3568128933598875,1.0154072894913133
0.015011930339868565,0.009850548783208525,-2.474901013681646E-4,-0.008300522605669566,0.30195567104118975,0.19686750583101675,3.3365495062445008,1.0179726082332123
0.014997015310364325,0.009827263240783757,-2.8787717946152287E-4,-0.00832821577909493,0.30691738478107294,0.23283626395378829,3.3594259269847644,0.9943148301340656
0.015011456263262404,0.009834793687544191,-2.73578772443038E-4,-0.00829965460385687,0.30133554836124693,0.2178610622729857,3.3392367289373097,0.9970104184199863
0.014996448082291579,0.009811568152997377,-3.140418192496031E-4,-0.00832727027487046,0.3067043981229455,0.25401197450075824,3.361924865671604,0.9732338580434113
0.015010918365774582,0.009819046483276547,-2.9965659288843115E-4,-0.008298733066252296,0.300797728935788,0.2388779508447191,3.341818836037858,0.9760425668761549
0.014995831562063067,0.009795875029713488,-3.401991190822532E-4,-0.008326242710272064,0.30637017101389985,0.27520078651952207,3.36430862177535,0.9521555064168229
0.015010324630523146,0.009803308023444928,-3.2572163471765334E-4,-0.00829774380548491,0.3003292335188164,0.2599090254765974,3.3442857657628706,0.955072222709073
0.014995165756016561,0.009780184008954095,-3.663508058364144E-4,-0.008325133063585885,0.3060004223482947,0.2964030600113073,3.3665760630527046,0.9310722699325963
0.01500967931130962,0.009787577120331367,-3.517747817539728E-4,-0.008296677685677128,0.29988951638051464,0.28095123279271755,3.3466304390544184,0.9340998185975927
0.014994450670793703,0.009764495229330011,-3.9249713137872225E-4,-0.00832394134850002,0.30555816550485904,0.31761695403589735,3.368723641060225,0.9099800959856742
0.015008984188542199,0.009771848735941259,-3.778241430906774E-4,-0.008295531290719598,0.29948081110266794,0.3020073800856888,3.348852747185639,0.9131205985201881
0.014993686313349191,0.009748808830033834,-4.1863950188958957E-4,-0.008322667511849775,0.30513522520104697,0.3388448191349644,3.3707503384952147,0.8888771246056549
0.015008241315267548,0.009756120186680832,-4.0387304600149966E-4,-0.008294299246792756,0.29908477352802404,0.32307875865537566,3.3509487864410166,0.892130906630482
0.01499287269095979,0.009733124950832917,-4.4477907940196126E-4,-0.008321311496091997,0.3047826321717237,0.3600908769294961,3.3726546682494387,0.8677640202153455
0.015007450618959943,0.009740391240306597,-4.299219245907042E-4,-0.008292982279195822,0.29868645758163276,0.34416480656605014,3.3529195275165478,0.8711297497398846
0.014992009811233263,0.009717443732062379,-4.709147727454831E-4,-0.008319873355950138,0.3044623367476087,0.3813531232176846,3.3744369155810223,0.846644770976544
0.015006609919619914,0.009724662148305446,-4.559706991908845E-4,-0.00829158358306019,0.29827519239084405,0.36526840738188016,3.3547668758838314,0.8501171818177725
0.015028235318029192,0.01000009732116274,1.774105823999415E-7,-0.008276269721465545,0.3047229653611911,5.940025383684536E-4,3.286821570870508,1.2009130299470874
0.015044454210313364,0.010396935038034833,6.442916437769092E-4,-0.008187807324659268,0.30886925930617964,-0.5014968410073758,3.1145482658249475,1.6751013246020856
0.015045396224022891,0.010380877876187014,6.183094788897617E-4,-0.008190391072729446,0.3084671583301255,-0.48165705582382573,3.121671740383947,1.6553971456585186
0.015036102424447362,0.01027767105828383,4.539434514429772E-4,-0.008232937791176008,0.3089712257219622,-0.35596205623268157,3.1814697750303647,1.5437428189420928
0.015037283112181277,0.010261423559541655,4.2732653291876647E-4,-0.008233734249259939,0.30840731789118453,-0.33531401978205566,3.1871118652948085,1.5226961957385472
0.015032029803902378,0.010324800118578921,5.312788576261909E-4,-0.008230828289378387,0.3107047802367011,-0.4157842339724018,3.164774953134732,1.605083484713773
0.015033201292186776,0.010309281974315769,5.058526386794057E-4,-0.00823203681529698,0.3101843251382081,-0.3961533091693427,3.170656517241593,1.5851527405019838
0.015034634399172991,0.010293629468043809,4.801479971054666E-4,-0.008232580612418853,0.30960497268453074,-0.3762689407158499,3.1761087767768434,1.5646895202677535
0.015045967844977755,0.010364837775265754,5.924297663542623E-4,-0.008193513898553382,0.30813294497094734,-0.46187806838547435,3.1290379417818905,1.6360511085944924
0.015046023481880432,0.010348966107822655,5.669213164655455E-4,-0.008197426757838076,0.3079032202389811,-0.44237029439454895,3.1367486433103196,1.6173991631513047
0.015045861932736116,0.010333599036728579,5.422402626336404E-4,-0.008201470303155248,0.3077189928096804,-0.423461689235106,3.1443088193124917,1.5994780523842724
0.015027750818877245,0.010063251627882986,1.0412782260480024E-4,-0.008275826205165206,0.3063832670350768,-0.08190894405578995,3.270499656181937,1.2835599704658873
0.015028052495324039,0.010047504155749008,7.820380217583464E-5,-0.008275846128900017,0.30590899280018086,-0.061356168833127826,3.274615367182865,1.2628656243011906
0.015028282727083281,0.01003170534695434,5.2199430870693765E-5,-0.008275830371471955,0.3055257815419785,-0.04072124060961286,3.278650867413873,1.2421154178441978
0.015028317300945943,0.01001588506506073,2.6162539162058493E-5,-0.008276024617861824,0.3051646982642536,-0.020053122016160937,3.2827567464140164,1.2214709422235908
0.01504210060897983,0.010071351968566377,1.1672008191885621E-4,-0.008246765093764,0.30310903749581813,-0.09204973325216458,3.2499934152438037,1.2800101041660155
0.015041842898416391,0.01008700205508825,1.423188375478687E-4,-0.008246400727598392,0.3035605704192647,-0.11225774679042845,3.2456298581452927,1.300264624636094
0.01503802000838167,0.010245148772423447,4.007408395638713E-4,-0.008235225334026005,0.3079329486741609,-0.31466701220406273,3.1931113346042594,1.5020261939553554
0.015041586164520988,0.010102661333222327,1.679291105790451E-4,-0.008245856604452534,0.3040119587131535,-0.1324499904512599,3.241081785459308,1.320461547454615
0.015041523660699762,0.010118371468170316,1.9360070411174294E-4,-0.008244743430771563,0.304401889972993,-0.15265867304757705,3.236097033690602,1.3404505049239994
0.015041466855770841,0.010134199856216799,2.1945276597731548E-4,-0.00824342927874784,0.3047918150832758,-0.17297727100085106,3.2308923948606103,1.3605015975279489
0.015038413159747027,0.010229082452419578,3.745389934816539E-4,-0.008237174299230985,0.307532381288026,-0.2942910451675366,3.199257818483098,1.4819004119923591
0.015038530659793154,0.01021326293935785,3.4876343743157244E-4,-0.008239447516307508,0.3071980308254742,-0.2742183635407871,3.205464208241651,1.4622866265921968
0.01503881483766549,0.010197574126933723,3.2315653935774993E-4,-0.008241190243608474,0.3068237784653038,-0.25423705739355557,3.2112419932717793,1.4425613484676962
0.01503957152848734,0.010181864687300785,2.9744070131693806E-4,-0.008241817548458917,0.3063157467751924,-0.23412628953566503,3.2162685408063187,1.4222207454534344
0.01504046001520013,0.010166050006493283,2.7153625252272225E-4,-0.008242016671491216,0.30576249331400435,-0.21383764164169308,3.2209862362184185,1.4015402966515838
0.015041128117086232,0.010150126234826053,2.4548111765181334E-4,-0.008242486032281929,0.3052463495841535,-0.1934085063491697,3.225827059537334,1.3808877763946616
0.015026810296164319,0.009874075323274195,-2.072336976021404E-4,-0.008273276922955734,0.30076343911628634,0.16626621325901725,3.313612599594633,1.0351486506321146
0.015026887077649745,0.00992105714348503,-1.2996298144805996E-4,-0.008276651423090543,0.3023571611378659,0.10427939938146398,3.3056009727022904,1.0978780307187448
0.01502684321243447,0.009905461265472452,-1.5562697621495196E-4,-0.00827574663381696,0.3016169707845897,0.12484314232508965,3.3084673493688963,1.0771185962386267
0.015026925370789873,0.009889842566387645,-1.813073260223937E-4,-0.008274409559807168,0.301110260764717,0.1454499345377562,3.310990701803497,1.0561662646138845
0.015040848019201962,0.009928728579543907,-1.16611275204075E-4,-0.008249136280876,0.299391165437573,0.09335161504116095,3.2860550726446633,1.0957435562916034
0.015041822089767848,0.009944401298319453,-9.092851133954274E-5,-0.008247922305610183,0.29961814485238886,0.07284557761660249,3.2817425415203196,1.115502989906801
0.015042774326054088,0.009992295951906987,-1.2574828625360022E-5,-0.008247159601150016,0.30081160340857943,0.010423065982438152,3.270068082528009,1.1772850280022567
0.015042674660691207,0.00997647470901818,-3.8448844794696236E-5,-0.008247164742909985,0.30037428568154373,0.031012610915023147,3.2738341099985573,1.1567460601322601
0.015042374442282984,0.009960468718984419,-6.46314680975259E-5,-0.008247384804718231,0.299976314243596,0.05187196833536641,3.2777124271790243,1.1360841111563358
0.014914369853492293,0.009078604893063716,-0.001535641529389702,-0.008190473450533642,0.29752503502882766,1.256970853705076,3.341206970595706,-0.017686079156712355
0.014911450597951643,0.009063168625695952,-0.001561380654869813,-0.008185605780543805,0.29816290220184727,1.2782727646804948,3.3377973846342726,-0.03852258893607357
0.01492660184029712,0.009068335012096232,-0.001543006775180488,-0.008159558984829023,0.28923037354240266,1.256390230347469,3.3213834021455617,-0.03094397240139869
0.014908482834330765,0.009047741492513606,-0.0015870901560499915,-0.008180659999696147,0.2982554436745209,1.2994918142118874,3.3342984812127714,-0.05930092986227139
0.014923615378530817,0.009052851694296872,-0.0015686699581599678,-0.008154716345419111,0.28921006952456585,1.2775756384793138,3.317943787145555,-0.05171434728551282
0.01489291744632119,0.008970748396413332,-0.001715379648512585,-0.008154723831006449,0.29688132261824146,1.4049481769245677,3.314765331174345,-0.16319811029908587
0.014889659273885171,0.00895537940604795,-0.0017410321780803814,-0.008149285703037377,0.29893226800284406,1.426242301265659,3.3104327308005725,-0.18392439483268397
0.014905000445765525,0.008960203922381517,-0.0017220165421794646,-0.0081234107702447,0.2898574761848826,1.4037766789885546,3.294454880650644,-0.1755996270266996
0.014901658103780975,0.008944776506133303,-0.0017475956654851154,-0.008118023892880391,0.2896908722924732,1.4248375698394395,3.290179458813409,-0.19621214822752342
0.01490546659203643,0.009032323652033134,-0.0016127672318804994,-0.008175636745635092,0.2975939268692819,1.320599699540858,3.3306981093214674,-0.08004577693570787
0.014920586707607437,0.009037402348682276,-0.0015942792029112025,-0.00814979821592437,0.28938770386946105,1.2987365548418015,3.314377711429073,-0.07243893545956835
0.014902401901103014,0.009016915263030919,-0.0016384179197838952,-0.008170534917031702,0.2963164982390406,1.3416172221015252,3.3269651937805147,-0.10079633522077024
0.014917536015224197,0.009021979037521522,-0.001619831893571912,-0.008144762833363116,0.2897600308081714,1.3198374591583255,3.3106706986125434,-0.09310839590025909
0.014899288792197039,0.009001516484536438,-0.0016640602312971073,-0.008165350916567253,0.2952330533230225,1.362623914185083,3.32306675306427,-0.12158238880352508
0.014914474173673876,0.009006558584725008,-0.0016453522580361874,-0.008139574456235742,0.29017625138733777,1.3408599145733697,3.3068089076285534,-0.11373604089921173
0.014896127296621684,0.008986127475825481,-0.0016897130251712432,-0.008160080824170317,0.29527383878569663,1.3837185532660483,3.318991524730252,-0.14239850370124513
0.014911388672597675,0.008991120259116676,-0.0016708761993237647,-0.0081342405588358,0.2903958440700596,1.3618212992237309,3.302797543508212,-0.13434833215830014
0.014908243871462648,0.008975661033968452,-0.0016964318725087265,-0.008128823305169857,0.29025183177346436,1.3827741243985445,3.2986651835999434,-0.15496978526659597
0.014936006980985019,0.009042467396969954,-0.001575956576143816,-0.008124094540501422,0.2892784625383192,1.2839587123689629,3.295424412475201,-0.07089824552815126
0.014950131067195256,0.00929558363336138,-0.001173987216011706,-0.00825007901437699,0.29694949292888323,0.9583377490614858,3.375950821330131,0.2759610853303012
0.014947893672597865,0.009280035969880423,-0.001199938823041592,-0.00824634447308227,0.29860841059847043,0.9798786507761794,3.374232623612764,0.2548354221905228
0.014962926478153955,0.009285898289560132,-0.0011826414713302566,-0.008219468242009196,0.29023916212286377,0.9594586016679969,3.3567139575078886,0.2612545328630624
0.014945607421372955,0.00926449525245532,-0.0012258603162776792,-0.008242531133935168,0.2995235229782414,1.0014117537506886,3.3724164142376942,0.23378104698958183
0.014960622953119283,0.009270285734265893,-0.0012085095629333629,-0.008215754213346325,0.2897060160188291,0.9807321707138827,3.355026401216475,0.24027207134537124
0.014958591675504214,0.009357840677385803,-0.0010702895059520566,-0.008264172010767174,0.3005299382704758,0.8732094106044462,3.3813754461698164,0.36032714012774375
0.01497344941802726,0.009363839248633576,-0.0010535875419879746,-0.008237190207542681,0.29040278523808594,0.8533663926094358,3.363570271688119,0.36605269381734756
0.014956549907973092,0.00934226676397499,-0.0010962002233376425,-0.008260774977800422,0.29848461761718664,0.8944366577987385,3.380258184180598,0.33932849662378034
0.014971378085501426,0.009348273411230562,-0.0010793991739887264,-0.008233947601559084,0.2906864682272458,0.8746797013763121,3.362519055559184,0.34507464080329503
0.014954459204666776,0.009326699183653659,-0.0011221107659676436,-0.008257295131782442,0.2967665493755836,0.9156325896435454,3.3789870320168522,0.3182598891416857
0.014969315442752545,0.009332713804021604,-0.001105174185584928,-0.008230515529508514,0.2909961571704067,0.8959115641565437,3.361281778993322,0.3241319374427076
0.014952319584569098,0.009311138089096707,-0.0011480382489508182,-0.008253730074614407,0.2961184327550471,0.9369111133648644,3.3775466204251594,0.2971229929318692
0.014967243804113762,0.009317131313457972,-0.001130961873559129,-0.008226912735022233,0.2910816285495322,0.9170886898225881,3.359875920184081,0.3031911349908048
0.014965127902131342,0.009301521010658056,-0.0011567848936092728,-0.008223202088802879,0.29081038493620276,0.9382535549775799,3.3583378396951074,0.2822324715820668
0.014988723327263082,0.009369755274480356,-0.0010371802695342315,-0.008210074033913157,0.29089200731520265,0.8410910888364608,3.3436475232366267,0.3650447931926127
0.014930865148160086,0.009171405472706824,-0.0013809701917058455,-0.008217966471578653,0.2975076654627909,1.1293783624919143,3.3590736032836066,0.10778347594964484
0.014928237524093786,0.009155917713659414,-0.001406791984793204,-0.008213585626843477,0.2979928594154205,1.1507008169413915,3.356421776411627,0.08684841928210747
0.014943285677860442,0.009161338444155348,-0.0013889829519815255,-0.008187258641180918,0.28933332131078826,1.129458558834296,3.339545524363699,0.09384505406975706
0.014933444075470769,0.00918690126417368,-0.0013551303869542587,-0.00822226692614458,0.2969126470729607,1.10803801355643,3.3616166629480744,0.12876735241601955
0.014945906885865464,0.00917688677169628,-0.001363230014002643,-0.0081915820573566,0.2895509808743953,1.108232894543243,3.3421422311257287,0.11473300463697657
0.014991097682117146,0.009701765314618095,-4.97045899799183E-4,-0.008318353120720507,0.30413367736243485,0.40262882725623084,3.3760958798289775,0.8255216366262988
0.015005718840767186,0.009708935268208341,-4.820160195270271E-4,-0.008290105110823025,0.29787561287351755,0.3863873950833599,3.356492846503944,0.8290952728421493
0.014990136311907442,0.009686089839949742,-5.231726155575151E-4,-0.008316750778273225,0.30382177686870765,0.42391724976837936,3.377632738249968,0.8043965375234872
0.015004777604567955,0.009693212670489051,-5.080544143329185E-4,-0.00828854602062238,0.29748077902964126,0.4075199195613764,3.3580960833657656,0.8080664800533538
0.014989125709257181,0.009670417450053835,-5.492956847418731E-4,-0.008315066285657452,0.3036135134445606,0.4452191224784668,3.3790489062468105,0.7832723116695326
0.015003785905178172,0.009677496058698052,-5.340834763714538E-4,-0.008286908214243176,0.2970838758394741,0.4286631490737535,3.35957772525695,0.7870328025368116
0.01498806588318487,0.009654748287466774,-5.754116256833762E-4,-0.008313299883706117,0.30338854819656774,0.4665270249667887,3.380344752347254,0.7621508654420617
0.015002741094996287,0.00966178908437707,-5.600980597061139E-4,-0.008285197185789293,0.2966796041089687,0.4498152135827889,3.360940755099534,0.7660013483424083
0.014986956843082835,0.009639082495257915,-6.015155881263319E-4,-0.008311451918203115,0.30288266167068584,0.4878314324159936,3.381511127517855,0.7410236683700244
0.01500164499147365,0.009646095350861186,-5.860929997205164E-4,-0.008283411571307546,0.2963269567444362,0.4709665127430029,3.362188080749785,0.7449815301717743
0.014985798598725458,0.009623420217022645,-6.276072593012019E-4,-0.008309522424792014,0.30202494862057744,0.5091459661279746,3.3825338444764803,0.7198661986966317
0.01500050602100457,0.00963041532956516,-6.120646839133339E-4,-0.00828153438799349,0.29604822911047246,0.492099294106692,3.3633138248826655,0.7239819622513597
0.01498459116027727,0.009607761596875476,-6.536974739298311E-4,-0.008307510566350214,0.30112672024311127,0.5305251749668262,3.3834029129771928,0.698649835882552
0.014999333484958905,0.009614735519344273,-6.380302900057689E-4,-0.008279545078919577,0.29582846373470395,0.5132046617932144,3.364310476138556,0.7029930659762621
0.014983334538301009,0.009592106779443133,-6.798106233312203E-4,-0.008305414375538368,0.30150775549403874,0.5520490008093253,3.3841386533489928,0.6773880380796978
0.014998123716673244,0.009599027446209087,-6.64034083571927E-4,-0.008277441289195725,0.2954493719998558,0.5343118123784767,3.3651696869963206,0.6819732044885106
0.014982028743765488,0.00957645590985768,-7.059466710255833E-4,-0.008303233779029293,0.3039334836005864,0.5737182333602238,3.38478413519867,0.6561582278453693
0.01499683653557782,0.009583286149633717,-6.900953970408332E-4,-0.008275298085022044,0.29460179105842005,0.5554772252203349,3.365922520939883,0.6609005952793799
0.014971512360572394,0.009467022656507902,-8.88265345716242E-4,-0.008285713110230927,0.30003968075904097,0.723201353187548,3.386327241146456,0.5083624534863933
0.014984547006293735,0.009457758058206261,-8.98062993860306E-4,-0.008255695869814379,0.29292539794363076,0.7258956951789165,3.3675811738861285,0.49226837900272963
0.014990955507367716,0.00938542971361029,-0.0010112619736183527,-0.008212768294172982,0.29105820129095744,0.8198431045543316,3.344234513500755,0.38579287188107575
0.014994881701406837,0.009417252949847762,-9.588595909529681E-4,-0.008218871320935352,0.2910717126518763,0.7768952781873563,3.345664846447495,0.42815068178455434
0.01499308671537664,0.009401307579183971,-9.850508319605008E-4,-0.008215567361589128,0.2910717648034067,0.7983623654865211,3.3448098114819813,0.40684259183064725
0.014997921563701465,0.009448565005728748,-9.075514711097853E-4,-0.008225776457487415,0.29152468465368025,0.7348281598949554,3.347430551351111,0.47023359292223005
0.014996405595421487,0.009433017561251809,-9.330455449429554E-4,-0.00822244950022336,0.29122406019182084,0.7557275919712292,3.3466574219853684,0.44935137765155025
0.014699061038930978,0.008291542990765968,-0.0028473791596749444,-0.007831633729663456,0.3197429613863826,2.324570168894616,2.9996568156098493,-1.0587646803941277
0.014714847307593272,0.008294199815040445,-0.0028248918028407287,-0.007808145426085975,0.3117066587697502,2.2982444907636683,2.9873497579833175,-1.0471907027074572
0.014693670662807697,0.00827678912808143,-0.002871948218666383,-0.007822657300168715,0.3195021857666559,2.3439278991629164,2.9898645835203603,-1.0775952309789403
0.014709467938255042,0.008279417904200835,-0.0028493767503331535,-0.007799239923557363,0.3129149423916189,2.3176081435714,2.977627058583767,-1.0659370068634149
0.014688233955621808,0.008262052251258777,-0.0028965111381079687,-0.007813595558979902,0.320562843722081,2.363268668749425,2.9799289283462627,-1.0963941572103901
0.014704067968503973,0.008264632866325979,-0.002873824960822991,-0.007790193763099404,0.31398253706856666,2.3368660990903733,2.967750156282935,-1.084619119068469
0.014682750970092102,0.008247332503838377,-0.002921056056448195,-0.00780445285908887,0.32237060909541027,2.382601879193075,2.9698659828026748,-1.1151310939876624
0.014698612345963152,0.008249855971577886,-0.0028982639322410043,-0.007781075448437952,0.3147594214162288,2.356072419805376,2.9577519328657758,-1.1032505341000982
0.014731014003842796,0.008296747326754119,-0.0028025478062199878,-0.007784551939817751,0.31126628335533507,2.277623757898894,2.9704667712033266,-1.0406754514339627
0.014736431538782116,0.008311533430953106,-0.00277808408609807,-0.007793093302976519,0.31037151176975897,2.258307916237659,2.979810363319778,-1.0220424582174286
0.014778965067767892,0.008529798353607843,-0.002450316691987284,-0.007964797684653566,0.3085611278376092,2.0063446322243275,3.1403200128598474,-0.7501671780381655
0.014794669057427512,0.00853324354270422,-0.002429008444621138,-0.007940304877760348,0.29971849558596914,1.9816048243454547,3.126455159591084,-0.7397271488067575
0.014774322728061406,0.008514792106028148,-0.0024753090136304,-0.007957066116219776,0.3083407764540715,2.026550111890256,3.13248817483688,-0.7697858198346008
0.01479000405285442,0.008518209816600212,-0.0024539449000940254,-0.007932700555024453,0.300408909647278,2.001792399644334,3.118709079937311,-0.7593180337468154
0.014761283754630865,0.008428099863759116,-0.0026030462289016146,-0.007884763911636805,0.304388219484297,2.121520023807548,3.069397289884463,-0.8758212296913895
0.014750405375308927,0.00843998436859241,-0.0025999829877515128,-0.007917205379442465,0.31129640759229754,2.127047163435782,3.0911401532412466,-0.8675439771501129
0.014769633284930958,0.008499800570831098,-0.0025002706041388247,-0.007949257995871395,0.3078547345984101,2.046655810945758,3.1245302673595763,-0.7893877173154803
0.014785321943956528,0.008503199905943575,-0.002478816114541887,-0.007924976866970789,0.3013211092732569,2.021888560150692,3.11082343218232,-0.7788328417879774
0.014764896782867474,0.008484823888579554,-0.002525219016053175,-0.00794136786375326,0.30793788414667456,2.0667335227870285,3.116416737631972,-0.8089853837262472
0.014780621742583775,0.008488188453466158,-0.0025036526986168747,-0.007917109728977557,0.30217706085043744,2.041889610284587,3.1027876624719215,-0.7982878902647039
0.014760113266848321,0.00846986220007,-0.0025501577853712207,-0.007933394542587863,0.3087421089293285,2.0868268984301652,3.1081392565715427,-0.8285611700018439
0.014775881393121216,0.008473162934737323,-0.0025284918920607216,-0.00790912282762298,0.30285677446283127,2.061830687755313,3.094612740238903,-0.8177086172319656
0.014755282782341355,0.008454915646326118,-0.002575080681650997,-0.007925339905844132,0.3099436032007387,2.1069364070831296,3.0997077565793147,-0.8480871731633236
0.014771081011903886,0.008458128637264332,-0.0025533479212164387,-0.007901053724155076,0.30340208672461655,2.0817461633448904,3.086316150164461,-0.8371091525348403
0.01476621474921245,0.008443101826649422,-0.0025782069409984007,-0.007892928570116068,0.3039143916878469,2.101644499169439,3.077909874587301,-0.8564843271230967
0.014810804021433371,0.008536643679194716,-0.0024077630011188913,-0.007915670972509099,0.29950321249320583,1.9627520483252108,3.1084869811352114,-0.7348838360577244
0.014772546382758912,0.008415959645586613,-0.002606129197695176,-0.007852108940068792,0.3048258280789456,2.1218277989798877,3.0429532287383823,-0.8896793006185959
0.014767359599648202,0.008401016019364374,-0.0026309327337865605,-0.007844221352167701,0.30563896615291314,2.1416369726190854,3.0345225903745745,-0.908744404349405
0.014762131963418744,0.008386142889113364,-0.002655639638670104,-0.007836305711496468,0.3063720146611994,2.161345585503474,3.026014438599692,-0.9276991574707488
0.01474174208931804,0.008326390993300842,-0.002753600232499044,-0.007801722591589277,0.30944372775509804,2.2389645585748887,2.9891616532138667,-1.0033087417456767
0.014757005680177489,0.008371239244929558,-0.002680213498115376,-0.007828008479339094,0.30703106275148156,2.180889011436328,3.017156879975904,-0.9466368223293209
0.014751975490981539,0.008356280972591218,-0.0027046841436648536,-0.007819312622463407,0.3077334237834644,2.2002851074210708,3.0079360827816597,-0.9655763226991828
0.014746916242684248,0.008341316224607825,-0.002729131737663771,-0.007810484987862805,0.3085458580438695,2.2196249300002013,2.9985543609175873,-0.9844789945345713
0.014805828367996316,0.008620139971822548,-0.002299750348620662,-0.008009569292064908,0.3051507642742796,1.8839609342368526,3.1850190252262163,-0.6313043126280585
0.014817133296242138,0.008608770743898419,-0.0023039454825099018,-0.007977551163603672,0.2969647771786941,1.8803020594363746,3.1635173851606364,-0.6410990626780709
0.014810140026172798,0.008635246202199699,-0.002274542564342209,-0.008016764000657893,0.3030471588485187,1.863307716864839,3.192075485465905,-0.611319403190339
0.01482152838418107,0.0086239253938183,-0.0022788111037457376,-0.007984694492695106,0.29666107707977596,1.859855838350038,3.1705238120966563,-0.6212160236625998
0.01482870357754471,0.008597312426910557,-0.002308110144473636,-0.007945705987649944,0.29731288008224505,1.8822972443642405,3.138416931177113,-0.6564098399499539
0.014815417087198877,0.008551816038202594,-0.002382782739224087,-0.007923206091711037,0.29882944569144915,1.9426135856250362,3.116088448414896,-0.715300444337203
0.014824240481274016,0.008582180797355567,-0.002333044471764934,-0.007938476937868514,0.2977356306116212,1.902476480832436,3.1312400293402676,-0.6760301962559901
0.014819861717097765,0.008567017487002854,-0.0023578825241406323,-0.00793089055243148,0.2982152493821611,1.9225341558798166,3.1237345183616796,-0.6956583289257351
0.014910465798028483,0.008918592254723698,-0.0017797082873247296,-0.008081463365607727,0.29015541345312507,1.4513365933077063,3.262359474632236,-0.23517074226803023
0.014826911844453403,0.008695805978438997,-0.002173621649060924,-0.008044713996099196,0.3023929720673632,1.78127238845457,3.2188881226514514,-0.5309613012240268
0.014842386864635631,0.008699776036354825,-0.0021533467788308566,-0.008019809044541288,0.294368179941745,1.7577373933909228,3.204016646522071,-0.5215545409684642
0.014822790206067778,0.008680646132284168,-0.0021988546663308543,-0.008037853727514118,0.3011641895977002,1.8017284202874462,3.212446205160115,-0.5510347893299018
0.014838280408796992,0.008684622876119564,-0.002178456747986172,-0.008013035612766351,0.29512461703828613,1.7782960996586448,3.197595313365198,-0.541559936018618
0.014818620992578935,0.008665499445531182,-0.002224075625974906,-0.008030911505601849,0.3002938835608537,1.822158625101725,3.205831983296976,-0.571132876212033
0.014834171321777147,0.008669476401083634,-0.002203512373053019,-0.008006099938550367,0.29595185274996694,1.7987385735129318,3.1910214946581115,-0.5614953664137369
0.014814404250277427,0.008650366081149911,-0.0022493062614247364,-0.00802388126230932,0.300899469303428,1.8426747894274955,3.199030801811501,-0.5912451755142831
0.014830038156497352,0.008654306755169277,-0.0022285694571398808,-0.007999011249624,0.296510176784801,1.819097642145927,3.1842960563769185,-0.5813993518988808
0.014825835469909232,0.008639113723594568,-0.002253669362871472,-0.007991847405951236,0.29666743992803074,1.8394486796144243,3.177450528828792,-0.6013053597953187
0.014858197766651196,0.008703657033629401,-0.0021332929782201695,-0.007994901059584362,0.2941594984469738,1.7404035024470297,3.1857834575441655,-0.5179146631289145
0.014907126346781832,0.008903128685992264,-0.0018050792011487262,-0.008075618570106392,0.2902663632607207,1.4721484077847162,3.257555384843037,-0.25563979368295064
0.014903713298466242,0.008887665348465754,-0.0018304646663670043,-0.008069732902769015,0.2905127026360741,1.4929595867260161,3.2526579148396455,-0.27608150575147955
0.014900118866903622,0.008872258808308997,-0.0018558712804530007,-0.008064052062749587,0.29081871892176886,1.513784370985072,3.24784594599886,-0.29640248414751674
0.014896412773495587,0.008856910240320636,-0.0018812456819926637,-0.008058446367563336,0.2910672736862047,1.5345804697551306,3.2430252804150794,-0.3166244914677816
0.014892734563839572,0.008841558093492487,-0.0019065633017070346,-0.00805260683561509,0.29125753356318884,1.5553164169062896,3.2379689856483895,-0.33685531888832276
0.014889077263286789,0.008826196383829386,-0.0019318356348955246,-0.008046542160346263,0.2914840383639206,1.5759967717904315,3.2326831054559677,-0.3570943110827058
0.014885352971028045,0.008810873261639778,-0.0019570658544071275,-0.008040455778582674,0.29175776857145586,1.59663266146513,3.227318236807777,-0.3772620357426293
0.014862348801217064,0.008718899087971646,-0.0021081159491928656,-0.008001379969998659,0.29372484580456143,1.719896459297565,3.1918894740290114,-0.4979917803998763
0.014866375001311436,0.00873426093735326,-0.0020828406396647564,-0.008008016174609138,0.29327513319236975,1.6993043929547358,3.198051895890169,-0.47788698469293817
0.014881574309767701,0.008795597492161257,-0.001982231630965677,-0.008034332516741122,0.2920226797334973,1.6172081228731543,3.2218641246108746,-0.39735126116768105
0.014877815273294724,0.008780323866917551,-0.002007333096594404,-0.008027998235067198,0.292275816515905,1.6377151938779002,3.2161915560566583,-0.4174309213980842
0.014874068291735099,0.008765012828828784,-0.0020324306325364247,-0.008021432257434779,0.2925528779141928,1.6582009182595598,3.2102825308244145,-0.43754976299451753
0.014870267777239715,0.008749653962471458,-0.0020575948595759103,-0.00801474447204692,0.29288329512137296,1.678725732307967,3.204216412386286,-0.457709413148841
0.014913889853572148,0.008934036453995577,-0.001754258596535136,-0.008086954988596887,0.2900883058798784,1.4304440988339742,3.266842607189431,-0.21474269070894933
0.01451742502342398,0.007856901505356591,-0.003571793349692129,-0.0075289010126400125,0.357128785935043,2.879762089809382,2.6527340070889287,-1.5953316474206103
0.014533408958397685,0.007858035062246064,-0.0035470153910075737,-0.0075072547636931405,0.34718538545857797,2.8507312844120034,2.643726983942432,-1.5816996169796569
0.01452413555302291,0.00787110415992842,-0.0035481502163065295,-0.007540072023528366,0.3567109754527136,2.8623167459851415,2.665907851595064,-1.5785718503168045
0.014510669920930358,0.007842720031054358,-0.003595384688453112,-0.007517663624648734,0.3565623774136492,2.896990296938016,2.639471381912843,-1.61204900396648
0.014526641661272663,0.007843859950713728,-0.0035705534717537708,-0.007496166610347091,0.3491783213591427,2.8680608148844056,2.630509936969874,-1.5983713983723324
0.014503870314936745,0.007828559881960462,-0.0036189537833772258,-0.007506345816902803,0.35648207011554395,2.9141001140148846,2.6260320972327222,-1.6287383757656064
0.014519889254351109,0.007829685283455802,-0.003593990716220767,-0.007484895350436715,0.35121391640088717,2.885181143028639,2.6171566898825045,-1.6149089849554092
0.014411456818519203,0.007646481625663307,-0.00392246867578061,-0.007352298389568446,0.38151004637156766,3.1307435300338375,2.4402229437079788,-1.8374699859392674
0.014427447111092673,0.007646858136110661,-0.003896708294771964,-0.007331757630080821,0.3723446429197499,3.1004617937784213,2.4332242902268866,-1.8229422725873874
0.014418828737030386,0.0076603520365673755,-0.003899339771778592,-0.007364591032643287,0.3789876759312401,3.114669521808348,2.4551309805306714,-1.821960047886175
0.014434813980153496,0.00766078318019411,-0.0038736624094359144,-0.007343980499246641,0.3707243317705149,3.084471805781494,2.448055600702651,-1.8074891893076435
0.01442615704605234,0.007674245540973594,-0.003876175468634104,-0.007376809387297818,0.376715727869837,3.0985206927460625,2.469944257215973,-1.806339991401452
0.014442125473148541,0.007674742236420903,-0.0038505857105093993,-0.007356162500628566,0.3689498697019595,3.0684042529519258,2.4627880760563277,-1.7919475755354342
0.014433441674724526,0.007688162004634456,-0.003852990166034439,-0.00738894586691938,0.3754946389482356,3.0823093683986165,2.484636314429045,-1.7906271678512728
0.014449403057823504,0.007688712983988583,-0.0038274634315232487,-0.007368242838115949,0.3669931532346596,3.05220919873603,2.4773951996845507,-1.7763075922993001
0.014440682552685625,0.00770210129329566,-0.0038297726332942304,-0.0074010063772670205,0.37457574742981087,3.0659820870479044,2.4992120599404557,-1.7748359351333594
0.014456655532269125,0.0077026910057341825,-0.00380428875861746,-0.007380203315239457,0.36513804124644395,3.035883859147727,2.4918688022224824,-1.7605684389418024
0.014447879610072302,0.007716063272701485,-0.003806502971213814,-0.007413001268107726,0.37275303175549857,3.0495044500592274,2.5136947908299287,-1.7589594426701314
0.014463862088425032,0.007716690457403111,-0.0037810828711641706,-0.007392091075876275,0.3635423463692358,3.0194852322611783,2.506227475254437,-1.7447459456790728
0.014455032777517945,0.007730047808600203,-0.0037831848887494436,-0.007424928636919085,0.3703063977589898,3.032920274528957,2.528082440186725,-1.7429861301204221
0.014471005920006273,0.007730721307299047,-0.0037578603510740327,-0.007403943288263742,0.3619720177481152,3.0030381529057113,2.520489301459907,-1.7288468324847293
0.014462141986151311,0.007744054766749509,-0.0037598418776965303,-0.007436776493430012,0.3685895783838289,3.016284962545363,2.542347801515261,-1.7269237266379427
0.014478104594888316,0.007744774882620321,-0.0037345997240214005,-0.007415725039373259,0.36014179702883925,2.9864890797963546,2.534644141581403,-1.7128528206535243
0.014469207167595149,0.007758084012921949,-0.0037364837358120537,-0.007448539882272176,0.36810335854129045,2.9995746927007922,2.556482328763026,-1.7107951370637735
0.014485194587213262,0.007758841240139219,-0.0037112566463715197,-0.007427373711573139,0.35813017208580916,2.9697658179504995,2.548667334773239,-1.69673494102288
0.014476228253964732,0.007772135412910415,-0.0037130882413729787,-0.007460229953609743,0.3675976502374307,2.982699079561176,2.570526024267906,-1.694606846275427
0.014497026275438715,0.007814421202973041,-0.0036425221963091495,-0.007494937099129853,0.358032755049201,2.9312172381651957,2.612367626107568,-1.6453775689680785
0.014513120272564642,0.007815488197698605,-0.0036173882803115713,-0.00747345135618378,0.3529307918408648,2.9021313533406246,2.6036662789978204,-1.6313530502951743
0.014490137873033796,0.007800304138943856,-0.003666088810157987,-0.007483437812018931,0.36142828923516657,2.948406731679352,2.598506057736461,-1.6619200202916449
0.014506281396481115,0.007801272927060476,-0.0036408173272455004,-0.007461911599901581,0.35418400150664264,2.9190127812936524,2.5900516597646597,-1.6477563249160119
0.014483205177866363,0.007786208832533607,-0.003689623064193842,-0.007471862738930361,0.3653082506272449,2.9656143158639483,2.5845340930911402,-1.6783284665466436
0.014499333124709001,0.007787076055950541,-0.003664304855719777,-0.007450380236877034,0.3551674811401832,2.9359233546881662,2.576343206984317,-1.6641424264129403
0.014492285310882999,0.007772932907697892,-0.0036878105530868464,-0.007438893899427273,0.3563816600894833,2.9528745299005514,2.56255673433419,-1.680486284346271
0.014263202493758268,0.007387509904858339,-0.004354126973160259,-0.00710518369730874,0.42138777668073585,3.41618546701245,2.1359000034638687,-2.1132396494662187
0.014279223460272128,0.007386837977964304,-0.004327088434628465,-0.007085979171315753,0.4089790248355429,3.384423098264176,2.132008471602109,-2.0979066129522317
0.014271388858033657,0.007400916079949335,-0.004331795056963075,-0.007118820601858329,0.4195087674045108,3.402015850968784,2.152835955409902,-2.099755049422599
0.014287487522987955,0.007400237775640698,-0.004304717835058799,-0.0070993661662067,0.4069162330779135,3.3703144516612373,2.1486927294420703,-2.0842938998639085
0.01427953305524214,0.007414347890939334,-0.004309393478749858,-0.007132403612221119,0.4161959532110828,3.3876637643074514,2.1697534128504765,-2.086171544658121
0.014295694626951438,0.007441287888022464,-0.004264446382739569,-0.007159368053770244,0.409543414133422,3.358717417553162,2.2034154323652175,-2.0586266868394834
0.014311923757012813,0.0074407739085274455,-0.00423741934371489,-0.007139511156194365,0.4015484570691015,3.3276255115487143,2.1982581878605347,-2.0428468946920426
0.014303711841978798,0.00745479580756053,-0.004241916021259469,-0.007172740235424534,0.4067450251216016,3.344167539269321,2.2200847928103515,-2.0446515661438047
0.014287635004878957,0.007427805204706179,-0.004286939406480868,-0.007145922181023769,0.41267079984066574,3.373216677495371,2.186627549429945,-2.072465656379467
0.0143038445192809,0.007427212987700905,-0.004259870172213777,-0.007126136159086299,0.4033645298835881,3.3419178633402447,2.1818179202399217,-2.056751788780773
0.014295699201417227,0.007413695876514119,-0.004282305388851355,-0.007112746234124689,0.4051309273922536,3.3561423914550654,2.165294168927464,-2.0705703474899724
0.014311686570991885,0.007468328829897486,-0.004219345268230895,-0.007186040562554011,0.4041007511869739,3.3295593692350276,2.236618924513347,-2.0305385584700693
0.014319940130137784,0.007454368793529641,-0.004214953229628635,-0.007152851793547793,0.39970598962586096,3.3132540739902496,2.2146146795184922,-2.0288595617936456
0.014319618735532866,0.00748188682152024,-0.004196731503605783,-0.007199270651963426,0.40135025313455763,3.314891759536621,2.253007486205082,-2.016283853911241
0.014327894783618811,0.0074679957201071795,-0.004192470758334934,-0.007166153734654227,0.3978873588337852,3.2988021761916744,2.2308916766602613,-2.0147933680422514
0.01432750825765487,0.0074954696488305625,-0.004174083653559713,-0.0072124254117738075,0.39885506147988775,3.300184840241105,2.2692299895936254,-2.0018917753908796
0.014335780633840035,0.007481652870772825,-0.0041699837306105976,-0.007179422465722961,0.39609274630956,3.28428387086012,2.2470935448800575,-2.0006574181732515
0.014335355059921583,0.0075090771781501685,-0.004151419826088341,-0.00722549448717501,0.3977202363906856,3.28544401866422,2.2852639996324147,-1.9873899240089772
0.014343598356359628,0.0074953276838092275,-0.004147497782050549,-0.007192638318188504,0.3941058706707208,3.2696854605621737,2.2632128602227195,-1.9864492712017883
0.0143509201976938,0.007536365807734408,-0.004106005862897151,-0.007251397987909914,0.3971439891984176,3.255534210047721,2.316900788745567,-1.9581721232595115
0.014343159065406777,0.007522709275725813,-0.004128736697195645,-0.007238479924082024,0.39773382700989607,3.2705940456662446,2.30113044816853,-1.9728132320440854
0.014359168113596448,0.007522665463583668,-0.0041023524701350135,-0.007218654023495613,0.3892748907113968,3.239943799060324,2.2951126464857983,-1.9576830986997849
0.014351381451995967,0.007508999873718084,-0.004124972377697162,-0.007205732219736294,0.39174462011813804,3.254926130576679,2.2792248359010223,-1.972136242670495
0.014358638380875009,0.007550046640288173,-0.0040832096255178476,-0.007264258618688453,0.39517663912684525,3.2402511308990998,2.3326380483356015,-1.9434507289409766
0.014366957580531914,0.0075363481215026465,-0.004079627122991544,-0.0072314400245102215,0.38708548417699506,3.224774728198145,2.3108841879521944,-1.9430853403641024
0.014254974043432978,0.007374129498678275,-0.004376398326128424,-0.007091487458536347,0.42212004850047274,3.430132874438206,2.118920172543538,-2.126650104938532
0.014270939411480561,0.007373465704963681,-0.004349384061680283,-0.007072500467894112,0.41144789413163746,3.3983928203898786,2.115213477389332,-2.1113836579916074
0.014246703588587152,0.007360774994305904,-0.004398638891263437,-0.007077713626993886,0.4235924161628834,3.4439202635003405,2.101842237548897,-2.139986506578782
0.014262653179161875,0.007360094225960189,-0.004371587635555015,-0.007058869197421522,0.4139733048871613,3.4121520567235977,2.098290506883377,-2.124708792272975
0.014238391211262554,0.007347446524517869,-0.004420854691936921,-0.0070638584614836665,0.4262161078324645,3.457607829602189,2.084645959382768,-2.153225576799859
0.014254342070724823,0.00734673215229769,-0.004393727509422085,-0.007045124509245499,0.4162134452618263,3.4257359529968388,2.08125647516211,-2.137898761394528
0.014230036994013363,0.007334144221965789,-0.004443025197482727,-0.007049934721883741,0.4285961589194199,3.471171499383283,2.0673532651627635,-2.166352132253144
0.014245978066526098,0.0073333962018519655,-0.004415841341012243,-0.007031321977593415,0.41834708253964253,3.4392232819158592,2.064126744651377,-2.150983833421995
0.014221641019906126,0.0073208682191713715,-0.00446514367797966,-0.007035946588067138,0.4303165255260357,3.4845772462317703,2.0499781424546906,-2.1793703967805484
0.014237566187288395,0.007320081920531059,-0.004437925709883128,-0.007017447968681208,0.42065224994925315,3.4526134207158843,2.046890816793441,-2.163966842574199
0.014213203372519658,0.007307618648521541,-0.0044872237570406405,-0.007021885416661692,0.43245584963365524,3.4978496848460803,2.0325136489051854,-2.1922822330540024
0.014229121876320408,0.007306781633256455,-0.004459958346834128,-0.007003474385289068,0.42300726107152586,3.4658595913876034,2.029539409290271,-2.176831114611988
0.014204724135944919,0.007294395642263589,-0.0045092659204767046,-0.007007750902745104,0.43513187419696403,3.5110074130770976,2.0149651956753267,-2.205078618851574
0.014220639790821677,0.007293508454031594,-0.004481939501356037,-0.006989429000666265,0.4252285068036808,3.478970467823578,2.012088786210288,-2.189573687246059
0.014196203394784796,0.00728119933250035,-0.004531254555940541,-0.006993553086001736,0.4372190317980092,3.524013580315891,1.9973470103310458,-2.2177582948033705
0.01421211423449873,0.007280278431546894,-0.004503871397800203,-0.006975344084133999,0.4274816672667285,3.491975600856407,1.994559510695446,-2.2021984288589977
0.01418764123415389,0.007268029851185399,-0.004553188545994255,-0.006979292710750329,0.43858733977876146,3.536844071655242,1.9796440722548645,-2.230331749114932
0.014203559619571808,0.007267083632600399,-0.004525735358284974,-0.006961192199755489,0.4299443988768384,3.5048454966528086,1.9769509223063506,-2.2146949241646605
0.013902152668993596,0.0068737875075634836,-0.005210303769827065,-0.006503444647348225,0.519604238160544,3.8686665463941936,1.3868456958847422,-2.5571335850909027
0.013917966212714392,0.00687111046600055,-0.00518122168261028,-0.006487939401575846,0.5068426899903439,3.8358533138956825,1.3895726193956477,-2.54086062550627
0.013911954649541827,0.006886061847125404,-0.005189851430239966,-0.0065197774231409225,0.5167396297151211,3.8600343707497458,1.4070563604837154,-2.5486479082746127
0.013927828466591451,0.00688338567480415,-0.005160722010908721,-0.006504054387040457,0.5042593696591089,3.8272140523279354,1.4096077086138472,-2.5322536843745223
0.013921718017639338,0.006898366915619616,-0.0051693318946163065,-0.006536058613961545,0.5131582682027328,3.851224063281398,1.4272852629666444,-2.54005225172762
0.013937647552606944,0.006895719198644584,-0.005140176836514073,-0.0065201562525115594,0.5017989423959887,3.8184638457755526,1.429579330798093,-2.5235054601945914
0.01393144267732052,0.00691070259202147,-0.005148758015058322,-0.0065522778766626795,0.5096115083536678,3.8422887508576866,1.447497082403694,-2.5313255823648686
0.013947416965668346,0.006908106410762646,-0.0051195967265198665,-0.006536241292830639,0.4993448790062805,3.809601604394048,1.4494854537078148,-2.5146256006156213
0.01394112853304879,0.0069230687550761415,-0.005128134825919612,-0.006568431144893753,0.506272053518958,3.833240975303296,1.467658901202767,-2.522452367442647
0.013957137929790996,0.006920541633069163,-0.005098979614154099,-0.006552298707395369,0.49688498868130754,3.8006172927711668,1.4693295646833235,-2.505618153496995
0.01395077548971791,0.006935465283302505,-0.005107460652480468,-0.006584519678203682,0.5030177614550347,3.8240753641138725,1.4877535804276958,-2.513421515617206
0.01402653950718722,0.0070357160060040645,-0.004940408944496562,-0.006710768181019674,0.48385912421231564,3.745997037549392,1.6447191093052693,-2.4355599943748865
0.014017207114769168,0.007023080955577062,-0.004961487144625831,-0.006695199693658382,0.48772721532515645,3.7564471157275197,1.625274107496159,-2.445685333275913
0.0140331758001791,0.007021072130455928,-0.004932795443222809,-0.006678578492308512,0.47562520256860813,3.723761064074011,1.6257370878548685,-2.42923860633324
0.014035832164153966,0.00704838031874357,-0.004919264868568087,-0.006726282944812351,0.4792228054438084,3.73543528438594,1.6641669139419912,-2.4252865514212667
0.01404257314867971,0.0070337711303790134,-0.004911681153145841,-0.0066940143453981,0.4735200440927098,3.713377191199065,1.6449745957598034,-2.4190121980658286
0.011250471606850394,0.005129612576105321,-0.008034121029835662,-0.0020626568972628334,0.7028836354151579,2.223575361791916,-2.234796089016095,-1.3095932269683719
0.011265784809616439,0.0051336319090197705,-0.008027550874665267,-0.0020879324368540757,0.7058707092491763,2.242171927619943,-2.226591118144377,-1.325516372094385
0.011281111182737781,0.005137649208949127,-0.008020823077209194,-0.0021131876485204187,0.7088144547799629,2.2607202065260226,-2.2182068155056847,-1.3414165513554792
0.011296459957035177,0.005141644231908358,-0.008013906791440978,-0.002138418374463692,0.7116562825472718,2.2791989778183743,-2.209618334950679,-1.3572891943985737
0.01131180922837366,0.005145686542957385,-0.008006898434807523,-0.0021636430283906976,0.7143853246726491,2.2976605471029354,-2.2009015832208374,-1.3731386704112598
0.011327116372220369,0.005149842167568242,-0.007999906866109354,-0.0021888510998317938,0.7170533077299827,2.316140887413555,-2.192145312525373,-1.3889536406941891
0.01124650687984221,0.00511307012313253,-0.008017815810666863,-0.002044848264934974,0.694172830244243,2.2032464077762537,-2.2228631630415188,-1.301342874608794
0.011092538125015655,0.005077258793876647,-0.008080736397435818,-0.0017931949957712013,0.6629222862641192,2.019802295214961,-2.2996295225333636,-1.1423604259770084
0.01107721590624191,0.005073513134852687,-0.008085996710565533,-0.0017678483213343346,0.6593662112154286,2.0011424173035226,-2.3062204314940575,-1.1263851417943778
0.0110617801787831,0.005069869143302306,-0.00809130386895014,-0.0017423679575268608,0.655765239974052,1.98243743865533,-2.312823127522179,-1.1103085769016567
0.011103575728291593,0.0050649795645069514,-0.008059430761028613,-0.0018018680985726827,0.6584876674820624,2.0198561505482258,-2.2812856794536973,-1.150663466190743
0.011119148717742456,0.005067385041778049,-0.008052215396171444,-0.0018265357922292314,0.6613151842297985,2.0373190972844757,-2.2730704760925007,-1.1664390768087645
0.011150488929708907,0.005075141974310349,-0.008040633246551352,-0.0018779471567918948,0.6681563987370119,2.074915971554993,-2.2586503036306156,-1.1987476947191231
0.011135353477848081,0.005070300391690573,-0.008045030918783948,-0.0018524153763706138,0.6643508758260133,2.0557846292717312,-2.2647238552297435,-1.1829000768563598
0.011242611266235276,0.005095918872050053,-0.008000796905114809,-0.002026804274676244,0.68573122008095,2.182381719817305,-2.2106632800907566,-1.292581955866874
0.011227245243666473,0.0050917939245824296,-0.008007038280256326,-0.0020016147992912557,0.6826539887056349,2.163956930628054,-2.218484768107984,-1.2768271781174174
0.011211733101024754,0.005087889875918354,-0.008013493048694068,-0.0019763346855000783,0.6796034007294072,2.145563336812836,-2.2264448438155124,-1.2609704504300863
0.011196050022228067,0.00508443500296801,-0.00802043912421037,-0.0019510787807416727,0.6766817960942481,2.1273889609007033,-2.2347610073875726,-1.2450441492620514
0.011180414360835673,0.005081592265080095,-0.008027912163453525,-0.0019262645726246979,0.6739780226288047,2.1097788030704803,-2.2434217396848584,-1.2292870661142299
0.011165254015971985,0.005079037954137513,-0.008035251231688358,-0.0019022879021302313,0.671390697806002,2.09281864277304,-2.2518461161764063,-1.2140136188013002
0.011057267624186339,0.005053367542375537,-0.008074847538397108,-0.0017254783755079486,0.6476617745792267,1.9637477684046167,-2.300795844728088,-1.1026786230415515
0.01153880632394295,0.005212377322264179,-0.00789389749917728,-0.002537085759931973,0.7502204664263276,2.5698382532841895,-2.0574985670060397,-1.6051468182648099
0.011463337572310292,0.005188768934881569,-0.007933445859202139,-0.0024128437966873563,0.739381011795721,2.479620227853778,-2.1082854878781787,-1.5285765049027809
0.01152367258868029,0.005207551408433255,-0.007902016054633037,-0.0025121854406255366,0.7481498874968118,2.551808916562504,-2.06795821946401,-1.5898604164471177
0.011508574787174377,0.005202778488063631,-0.00791001611922308,-0.0024873327556010206,0.7460192222859395,2.5337833520404076,-2.0782515114016675,-1.5745719946800438
0.011493495495492773,0.005198058315879631,-0.00791791409684116,-0.0024625048031462382,0.7438459725753311,2.515750747572628,-2.088395775023375,-1.5592690091055534
0.0114784206339583,0.005193389336862739,-0.007925721267303688,-0.00243768157684422,0.7416314193938324,2.4977002086633977,-2.098403849393002,-1.5439405177031629
0.01138761967540928,0.005167070904615589,-0.007971761193480307,-0.0022887230541011913,0.727701281714518,2.389455624045357,-2.1565262921692714,-1.4514201550840544
0.011342347367288196,0.005154113662213705,-0.007992962550935503,-0.0022139992412230076,0.7197056905515665,2.334618988173546,-2.183377046937974,-1.4047089454084902
0.011357482753462702,0.005158469208132339,-0.007986045456281005,-0.002239038278002005,0.7223785000485048,2.3530451508455763,-2.1745881584878304,-1.4203752049955298
0.011372549647988124,0.005162822903500734,-0.007979036886839238,-0.0022639407709672227,0.7250676519742085,2.3713460692036565,-2.165685808092778,-1.435941194958074
0.011460013200749908,0.005171684412956269,-0.007916728487673249,-0.002393614578416275,0.7304057772693011,2.456646121536434,-2.0966963007254225,-1.5187827419539317
0.011444839660511937,0.005167174201691609,-0.007924458226659615,-0.0023688386913279344,0.7281114431561709,2.4387288349161724,-2.106463327883071,-1.5034833329631956
0.011399129018402778,0.005155075715851739,-0.007948579414676455,-0.002295142673952212,0.72153546804506,2.3859788703573592,-2.1361447964981752,-1.4576755156498662
0.011429583823331787,0.0051628739272610025,-0.00793235260388627,-0.00234407776000474,0.7258509772274881,2.420906873170313,-2.116311809629287,-1.4881451156694183
0.011414305565094547,0.005158866380795994,-0.007940455850342684,-0.0023194774753288964,0.723669476667112,2.4033199242479952,-2.1262619357979684,-1.4728500022497455
0.011688783917259324,0.005263793087575617,-0.007809467411165575,-0.002784484151772194,0.7682780516333634,2.7478692702254737,-1.9469929128079506,-1.755082441583996
0.01167396279021811,0.00525833197440492,-0.007818039145951588,-0.002759893973186853,0.7666840596883632,2.730222084524532,-1.9584186484517117,-1.7403479172049268
0.011658986117425567,0.005253007340020176,-0.007826771115753401,-0.0027351863485716864,0.7651549258276481,2.7125593164283637,-1.9699219906037337,-1.7255122322544165
0.011643939117362659,0.0052479044482595175,-0.007835673791079252,-0.0027105480924667393,0.7636062305980297,2.695047965310561,-1.9814811431144965,-1.7106845806069462
0.011553980831388073,0.005217281217523405,-0.00788568302754533,-0.00256206181463089,0.7522082971189645,2.5879047614002366,-2.0468858237203746,-1.620446408875926
0.011569150110961157,0.0052223217738293195,-0.00787748000351546,-0.0025871056318586827,0.7541436897345201,2.606051556080043,-2.036206650927611,-1.6357534055595735
0.011628956785533806,0.005242920431253752,-0.00784450081752622,-0.0026860524108767293,0.7618997702078597,2.6776273855608976,-1.9928932603073848,-1.6958985620426035
0.011584238236437,0.005227498831406917,-0.007869358257895184,-0.0026121185979691886,0.7560805545546466,2.6242267338481327,-2.0255310503413377,-1.6510090676507827
0.011599203671258626,0.005232715983552729,-0.00786124900159798,-0.0026369600350048938,0.7580405494733995,2.6422729204872026,-2.0148257000725205,-1.6661282421238977
0.01161407497286715,0.0052378755761117906,-0.00785301721800996,-0.002661577637490576,0.7600070491078809,2.6600774064215638,-2.0039931264228894,-1.6810772412746735
0.011339009838360137,0.005137757319440903,-0.007976691255270967,-0.002196430610439812,0.7112008138148914,2.3139286674158037,-2.1716383321300587,-1.3962675501100958
0.011937214572838065,0.005344067677595924,-0.0076318406662824875,-0.0031751004538706725,0.7798160162911912,3.0067280152457125,-1.7230499154862267,-1.9815185955535919
0.0119225895346664,0.005337661803494233,-0.00764159224255406,-0.0031508158107856833,0.7788557384858356,2.9901125210972874,-1.7364048621585368,-1.9678725291718084
0.01190765772280393,0.00533181883428645,-0.007652151497338502,-0.0031267490807903157,0.7781498990479315,2.9740973243306126,-1.7502813842002218,-1.9543329187045761
0.011708457009234034,0.005300938961069022,-0.007831632279284946,-0.002847383532122881,0.7879694037983868,2.8124748018280044,-1.9555191404674293,-1.7906257885385697
0.01170587231878397,0.005285217948445109,-0.007816124882521347,-0.0028279716749598743,0.7759796749954444,2.790725588867582,-1.9437160326207368,-1.782479779554763
0.011723210871918579,0.0053063293371923064,-0.007822658066324742,-0.0028719466471032,0.7904926754679691,2.8300231615948857,-1.9435336016188505,-1.8052496570006296
0.011720632247828782,0.005290583792388059,-0.007807159782906282,-0.0028524210958088716,0.7770430238372327,2.80815550105223,-1.9317507872858155,-1.7971447326185805
0.011782055027975764,0.005328353622408232,-0.0077859368225182655,-0.002970057158375728,0.793653955417215,2.8998208524701803,-1.893943826310637,-1.8639760865299444
0.011794497333077367,0.005318105958698587,-0.007760876144313762,-0.0029746157238405607,0.7840079011563446,2.894536375074448,-1.8697899545421919,-1.8695465172634516
0.011767369970506486,0.005322778240520137,-0.007795237771842854,-0.002945559401730405,0.7933995472969845,2.8823934530588615,-1.9065515871214902,-1.8493383865294977
0.011779768180812526,0.005312468757744555,-0.0077702342022343066,-0.002950208448838414,0.7825437781805004,2.8773831793314457,-1.8823599639539987,-1.855242184226768
0.011737947748741233,0.0053117660443781954,-0.007813600967628979,-0.0028964970620213664,0.792159903774809,2.847500709245505,-1.9313720982668994,-1.819916653631947
0.011735415150264735,0.005295974725691898,-0.007798057205019161,-0.0028768703381215938,0.7782121997975273,2.8255441941700252,-1.9195921939965046,-1.8117832894400372
0.011752667496161629,0.005317249029907897,-0.00780446053913889,-0.002921035635409752,0.793095320348823,2.8649514726686376,-1.9190378749551196,-1.8346281784363196
0.011750213019529413,0.0053014099556983685,-0.007788845255869581,-0.0029013266144358673,0.7795309477877578,2.842886023416806,-1.9072798619199605,-1.8263617363409637
0.011765003794567535,0.005306903538181479,-0.0077795600516767935,-0.0029257759188285547,0.7809994702900234,2.860165879467671,-1.894857585367882,-1.8408507610842986
0.011892870836364144,0.005326166446834654,-0.007662605414631845,-0.0031029967428622893,0.777460523207787,2.9582909867806495,-1.7639442320895602,-1.940912372190928
0.011851057163406712,0.005325099974704424,-0.007707703049171244,-0.003051786322074019,0.7825907390456455,2.9354721064636347,-1.8115156014604654,-1.9122000264274093
0.011836487849989336,0.005319268153649186,-0.007717202277551517,-0.0030277185425019813,0.781473972892143,2.9187652453018917,-1.824325493723,-1.8982911837892964
0.01187828064212852,0.0053203926862285976,-0.007672562535655489,-0.0030792750114758093,0.776600463495377,2.9422424611010487,-1.7771411554668,-1.9274360035044644
0.011863748015309329,0.0053146489924112165,-0.007682345474409868,-0.0030555930409628188,0.7756851667630577,2.9261327468687255,-1.7901251094598714,-1.9139274206671857
0.011821889247874097,0.0053134148983430204,-0.007726565060737908,-0.003003536896690587,0.7803246103394547,2.9018792038528045,-1.8369846893718533,-1.8842580673797593
0.011807213554469467,0.005307590191768276,-0.007735896490357135,-0.002979237246125336,0.7791638211839192,2.8848690533450654,-1.8495746702998839,-1.8701074241083975
0.011703489302783731,0.005269253662783031,-0.007800865131281559,-0.0028088770894932717,0.7699166660305811,2.76533629227535,-1.9355104536932348,-1.769662558144079
0.011951606833355118,0.005350506415929363,-0.007622245141542936,-0.003199098587907023,0.7807402061695986,3.0231694775893296,-1.7098120891794337,-1.9949593580160345
0.011982485950746179,0.005378824296713171,-0.007616665098164857,-0.00326742169920637,0.7897992434029885,3.081465875295424,-1.6890550449053094,-2.0340632607432023
0.011966158199104052,0.0053564094668756765,-0.007611746143166974,-0.003222603219467607,0.7812958204669432,3.038669268612047,-1.6959048117241105,-2.008006380378234
0.011980884847117465,0.005362056175274185,-0.007600623461286205,-0.0032459383272327585,0.781629273327802,3.0536603150620274,-1.6814863983889161,-2.020855831068548
0.012026050869265378,0.005397918497740638,-0.007585236059123147,-0.003339239982000711,0.7911700095299591,3.129189778955503,-1.646134761275136,-2.0735657858669163
0.012011646458254185,0.005391403390461087,-0.007595560398095465,-0.003315318000366017,0.7906521509306571,3.1132267360682158,-1.6603975751276179,-2.060446662987728
0.011997103213478959,0.005385017211638835,-0.00760603975431634,-0.003291330852328658,0.7902222405712482,3.0972780502508557,-1.6747184822765455,-2.0472518580708807
0.012040375002653758,0.005404411471245668,-0.007574837980812024,-0.0033629850120367815,0.7917184603060808,3.1449325531589785,-1.6317910375863942,-2.086515510127651
0.01205473083744745,0.005410833608996377,-0.0075641809445713805,-0.0033866163693526126,0.7921626911279595,3.160403215757715,-1.6172166110067516,-2.0993086105046284
0.012069123933736799,0.0054172834454280505,-0.007553361641920115,-0.0034102555739947177,0.7925042251567057,3.175764773149252,-1.6024529050005236,-2.1120249606256967
0.012083515380665462,0.00542378142140799,-0.007542448531349044,-0.0034338841702338603,0.7928232897390909,3.1910376674998457,-1.5875510858388244,-2.124661837573448
0.012126758520860417,0.005443111523754258,-0.00750857608546555,-0.0035042156485561647,0.7932715446258994,3.235509297094375,-1.5417456766922097,-2.161714561694122
0.012112333575791124,0.0054366428194111685,-0.007520000388535419,-0.0034808027861555394,0.7932464576671131,3.2208245507595765,-1.5571704071465453,-2.1494655487239975
0.012097915145243563,0.005430236357634922,-0.0075313344395210305,-0.003457399595013688,0.7931003692982013,3.206062712302376,-1.5724582553895632,-2.1371440830619295
0.012141185647469466,0.005449726129223031,-0.00749715281524612,-0.0035277390892027275,0.793236055215461,3.2502651625549217,-1.5262161317374716,-2.173964875960786
0.012155609834026972,0.00545650305964849,-0.0074857524797069626,-0.0035513908942246468,0.7931649074904402,3.265123257610778,-1.5105886528114887,-2.186230029732027
0.012169981433088234,0.005463452179839768,-0.00747444703088291,-0.0035751357107180848,0.793094892679541,3.280095154309191,-1.4949247254993698,-2.1984981158139223
0.01222638545813006,0.005491586952536569,-0.007429493570104326,-0.003668765467908301,0.7931335512473526,3.3386190558423903,-1.4321574674248205,-2.2461512384622897
0.01221235288919621,0.005484685495092306,-0.007440995339272034,-0.0036457013115562403,0.7931635119136935,3.3245107898031807,-1.4480319016421659,-2.2345815321555302
0.012198330256152192,0.005477655851348531,-0.007452210165266004,-0.003622410428155021,0.7931224486796092,3.3099848472970765,-1.4637074666605188,-2.2227646914601045
0.012184226562679505,0.005470541155793515,-0.007463298058268433,-0.0035988613348077133,0.7930821712228101,3.2951165909212548,-1.4793031748090169,-2.2107117762324364
0.012254185481814317,0.005488465062785975,-0.00738954989276312,-0.0036918591172674965,0.7849943015813786,3.335837413025502,-1.3949083474355028,-2.2540381503962474
0.012239930286006603,0.005481941115753983,-0.007401934167006636,-0.0036693572083958312,0.7854743979369108,3.322894227929416,-1.4112536585309952,-2.243082984352306
0.012268618329668189,0.005495221935887457,-0.007377016671611734,-0.0037147551859309084,0.7845150240819264,3.3490073747733873,-1.3782699728010053,-2.265118298677845
0.012353518374336698,0.0055885431814808,-0.007352298061164344,-0.003922469721081737,0.8053421500363996,3.5212322252124957,-1.2907529228407255,-2.3756449137279483
0.012367000487623745,0.005580019445301704,-0.007324639965209995,-0.003922513284794832,0.7935321803526443,3.505865239253984,-1.2672516419081463,-2.3737209261050105
0.012311837995365551,0.005566558325275477,-0.00738892133777866,-0.0038530371494189864,0.8052637610903267,3.4807007733152884,-1.3422428955497263,-2.343220168623827
0.012311439466390413,0.005550579607675118,-0.007373337524057705,-0.0038303804719810332,0.79636994873227,3.452523656713178,-1.335552488742051,-2.330357466632929
0.012325754459026414,0.005573842953947663,-0.00737678347544755,-0.0038762249219110334,0.8050868035258184,3.4943760632457104,-1.3251668107820533,-2.3541698770718016
0.012325369215913186,0.00555789587310944,-0.007361285510466851,-0.0038535035599150495,0.7958237307472507,3.466068138464627,-1.3186618988075665,-2.3413554553977174
0.012339647963432628,0.005581171262969614,-0.007364575542715793,-0.003899369397398596,0.80509986383881,3.5078879791554907,-1.3080070786934088,-2.3649692910899383
0.012339267537605406,0.005565243930068156,-0.007349160845151421,-0.0038765655966558903,0.7951874247832259,3.4794798003042295,-1.3016556715667862,-2.352253336419949
0.012353140952675513,0.00557261972148033,-0.007336951606710793,-0.0038995674139914067,0.7944065808706857,3.492748202360857,-1.284523266232406,-2.3630437810109317
0.01238063914123741,0.005571243343066958,-0.00729724849033836,-0.003922441368175682,0.7885673052479545,3.487562886527559,-1.2489821686570053,-2.367554908786771
0.012394511642316136,0.0055786414412281535,-0.007284712517619258,-0.003945113014556362,0.7879518582399198,3.500159266005545,-1.2317116134824244,-2.377812672525978
0.012311333199052907,0.005534233702313725,-0.007357660545203319,-0.0038079439256988863,0.790949271578382,3.4214134364886646,-1.3332082768906173,-2.314012181347172
0.01229729669047881,0.005526851126370093,-0.0073695644457157095,-0.0037846854006701254,0.7913565195097326,3.4076146096423017,-1.3498564329279132,-2.3028353436696505
0.012283103467646944,0.005502316360124806,-0.007364599286420761,-0.0037380665784050395,0.7841065998945712,3.3625798743713164,-1.3615231138887227,-2.276367991964103
0.012297406760720794,0.005509831316619193,-0.007352690468332554,-0.0037616913277333454,0.7838493581670155,3.376699506086371,-1.3449808022617498,-2.287785444151005
0.01240846079187348,0.005586043543585428,-0.007271927170033621,-0.003967774298621963,0.7872539120181913,3.5125357433848508,-1.2142099082880746,-2.3879340652505836
0.012422501136330201,0.00559348605230655,-0.0072589042181164945,-0.003990485285956472,0.7864030386834134,3.5247509933582193,-1.196465051731934,-2.397951613433705
0.01243654485913913,0.005601082560470144,-0.007245873422697805,-0.004013330547435145,0.7854468540205922,3.53702990714817,-1.1785970917246138,-2.407959854250084
0.01245048547242962,0.00560884342610336,-0.007232996213890425,-0.0040362385718519965,0.7845134176886255,3.549413533365224,-1.1607329790166532,-2.4179549414008346
0.012464317987024702,0.005616658171277512,-0.007220177042790487,-0.0040590518144827,0.7836374025452623,3.561695475293709,-1.1428716680631579,-2.4278281808506765
0.01247808319578271,0.005624462105963366,-0.00720729827271716,-0.004081712149736534,0.7827552201799745,3.5737468114436965,-1.1249641279131641,-2.4375207624180426
0.012491798583049931,0.005632277527571498,-0.007194356248252986,-0.004104265446369606,0.7818130199191827,3.585605274768086,-1.1069977326757707,-2.447054566414534
0.012505471722300853,0.0056401404811419415,-0.007181374331476087,-0.004126770830182816,0.7808202725222023,3.5973387358341378,-1.0889611520998965,-2.4564666853840578
0.012519109611331068,0.005648059666795737,-0.007168350274284363,-0.004149247121607107,0.7798070292842313,3.6089620430738947,-1.0708461771624853,-2.4657665467570182
0.012532733450995892,0.005656019781238153,-0.007155238983908589,-0.004171688796382907,0.7787700247563888,3.620439199719627,-1.052623741952109,-2.4749398592455165
0.0125463547339984,0.005664016575015883,-0.0071420191080710125,-0.004194097683351346,0.7776804659189964,3.631755748989589,-1.0342839383949602,-2.4839808265988776
0.012600218248849063,0.0056963785123737036,-0.007088961279005386,-0.004282974506201603,0.7731842985013535,3.675631545698184,-0.9605322878149188,-2.5188029814756447
0.01258682059456973,0.005688318489029444,-0.007102364447848335,-0.0042609790926542886,0.7742994787547052,3.665046152406631,-0.9790515812614465,-2.510383053796413
0.012573419980640016,0.005680188765510241,-0.007115568601726285,-0.00423879131368739,0.7754020393247688,3.654093526878604,-0.9974692408972654,-2.50172395877146
0.012559934531832328,0.005672070914686233,-0.007128767392349511,-0.004216474924173386,0.7765425619937392,3.642963640254147,-1.0158760882830242,-2.4929072076510064
0.012627974460869029,0.005695582323828125,-0.007045858115540176,-0.0043013960979066115,0.7638968979163457,3.6632324582333236,-0.9235745380323385,-2.5187532623376607
0.012614401689378855,0.005687905824691041,-0.00706004100039673,-0.004280163067520249,0.7653862850422528,3.6539700816226817,-0.9422443373086736,-2.5110763951069868
0.012641670410002295,0.0057034353486390505,-0.007031497576362276,-0.00432288458200527,0.7623835019958859,3.672538417383571,-0.9046300616540194,-2.526427615323889
0.013306558565652458,0.006249443980966241,-0.00625082841401012,-0.005510825511454251,0.6706224129248878,4.077303458497877,0.20916053436027948,-2.795082877555098
0.013321718883750175,0.006244237979062325,-0.006220638203641223,-0.005501755962998581,0.6584131636299101,4.047704446073317,0.22251866224062491,-2.7815127617962783
0.013294759514952837,0.006239074616716288,-0.006268096170025582,-0.005491177041997971,0.6722734899413275,4.076128331355349,0.18731228561694255,-2.7950267140210676
0.013309901688559883,0.0062338550407867515,-0.006237940279487421,-0.005482271595693126,0.6611862073344471,4.046717320482535,0.20081537907908234,-2.7815525559707486
0.013282927950127598,0.006228742374980063,-0.006285300977851872,-0.0054714756276492485,0.6738074181942936,4.074716818824982,0.16546060415424668,-2.794820934571716
0.013298073532575764,0.006223488788486969,-0.006255136240027282,-0.005462698460639931,0.6640898642444534,4.045495672911553,0.17914701133037034,-2.781413358191273
0.013271063988301829,0.0062184473579712084,-0.0063024569889941415,-0.005451704986565058,0.6760964863494353,4.0731069679229215,0.14355738204167162,-2.7944237226120427
0.013286218280869446,0.006213122667581057,-0.006272245232510251,-0.005443008101937505,0.666854985783866,4.044022518051061,0.157501993233405,-2.7810973765728204
0.013274314256005696,0.006202771204862789,-0.006289308887606026,-0.0054232248182460524,0.6692870021715133,4.0423386905820315,0.1358578317792448,-2.7806247192664233
0.013380291943222565,0.00629678977545434,-0.006133295041524524,-0.005598505274247892,0.644944725546514,4.0501468112885535,0.3311046499331359,-2.7789724608524975
0.013376663550976347,0.006312433964861401,-0.006145851620762941,-0.005627660157146914,0.654566375104439,4.080365606147724,0.3406286452666771,-2.792262429675993
0.013434168988720427,0.006365927441985931,-0.006056689714018431,-0.005723509826371798,0.6408335589679816,4.07826862595608,0.45016200895671626,-2.785322680828934
0.013422735238775145,0.006355156589749451,-0.0060746221024148145,-0.005704473875125615,0.642458724304002,4.0790715242784765,0.4283430217448205,-2.787075845669063
0.013437987545195826,0.006350449016952541,-0.006044600145304613,-0.00569422069763438,0.6317919474451226,4.048480148094137,0.4397165071681366,-2.7726139483652834
0.013411267706097348,0.0063444217095872096,-0.006092491788888297,-0.005685384583414793,0.6435555581682968,4.0796163567766905,0.4065209931179094,-2.788684380910144
0.013426519502093505,0.006339659017928931,-0.00606245999467326,-0.005675211728333151,0.63490010658813,4.049205953516945,0.4179883161900912,-2.774191736231238
0.013391936839312646,0.006307406356560761,-0.006115594518268107,-0.005617682143245745,0.6425314067512767,4.05005787806246,0.3528543288644106,-2.777959886018189
0.013388231747947458,0.006323060291193107,-0.006128116638035682,-0.005646966953433786,0.6502280737294182,4.080219817815724,0.3626330439098591,-2.7912822464036666
0.013399766504457605,0.006333722908021256,-0.00611032244383879,-0.005666216593431899,0.6460248179608529,4.079972000696883,0.3846206847034305,-2.7900972566946542
0.0134150438419253,0.00632886902886766,-0.006080200841960205,-0.005656083108207754,0.6378342484386242,4.049653048107797,0.39628480076201883,-2.775585037402523
0.013403525412152064,0.006318104192160221,-0.006097891050500465,-0.0056368821125854715,0.6402969659230969,4.049898745606918,0.3745825653246871,-2.77682861867035
0.013384089605116821,0.006280888503725522,-0.006120914036208152,-0.0055694561626054954,0.6438601568247709,4.0197772491636306,0.3152452421250124,-2.7644891477756475
0.013337195751725933,0.006238798400062094,-0.006190516046220521,-0.005492563466100397,0.6542960850273262,4.01772793412755,0.22939892482626648,-2.766396706303151
0.01337237438335089,0.006270413014966593,-0.00613851629749156,-0.005550499051314769,0.6464432353010344,4.019750210558157,0.29385298863560655,-2.765304905357814
0.013360717277231088,0.006259866695304719,-0.006155854551401322,-0.005531292322178271,0.648977006035591,4.019249850239034,0.2724189989247734,-2.7658215635615533
0.01334902323462383,0.006249278667150838,-0.006173110299774263,-0.0055118914084038165,0.6515939599171037,4.018451752999424,0.2509080955431429,-2.7661259447778472
0.013138455982275535,0.006107687827612113,-0.006487092890583646,-0.005230648192468555,0.7069548275290837,4.044315226696562,-0.09595257320649342,-2.779433832481098
0.01312621249243652,0.006097847331006404,-0.006503472189194737,-0.005210269221222732,0.7078034505071066,4.040608293255201,-0.11746370459631382,-2.7771675907674065
0.01314106357380406,0.006091931439368474,-0.006473494940457926,-0.005203012698995868,0.6964775266855535,4.013087950140307,-0.10157644284728647,-2.76513312212319
0.013113938152874599,0.006088045350458172,-0.0065197895898448195,-0.005189836016749643,0.7087448203437364,4.036654888886664,-0.13896325813606666,-2.774765421540014
0.013128823054599137,0.006082120625133584,-0.006489779866185138,-0.00518275427290301,0.6993181201034951,4.009369950820541,-0.122944111462322,-2.76277303312857
0.01310163308438039,0.0060782819823606655,-0.006536060853830254,-0.00516932878156569,0.7109499526983374,4.032508438111189,-0.16050966885770823,-2.772170308487578
0.013116555360647132,0.006072300112236477,-0.006505968018638279,-0.005162366110689009,0.7019045290310889,4.005381798429649,-0.1442568240983542,-2.760230152757813
0.01310422809993183,0.006062494203966867,-0.006522125632228273,-0.00514188165552374,0.7040863958991831,4.00119104369827,-0.16556000490622405,-2.757530902799012
0.013153305961305822,0.0061017482091846945,-0.006457075632420287,-0.005223172005719926,0.6937537478715786,4.016545004449622,-0.08012879823380803,-2.767304290167697
0.013150668501838896,0.00611756674345582,-0.006470631172264138,-0.0052509983444497905,0.7047049531620134,4.047778387371686,-0.07435351172941093,-2.7816040924723535
0.013165551753040123,0.006111621640456013,-0.0064405474951355485,-0.0052433160585710565,0.6914615927515307,4.019835016813015,-0.05861698788002075,-2.769311990100499
0.013162849930815514,0.006127483981293262,-0.0064540809698137,-0.005271326963443052,0.7006368560784623,4.051064100514027,-0.05264212151173555,-2.783658908531669
0.013199206474818058,0.006157464647985368,-0.006404095770293238,-0.005331942760879778,0.6923917672962637,4.06024576144587,0.012529400245653943,-2.788594279720474
0.013214121037727981,0.00615186889113311,-0.006374164055596698,-0.005323987336629103,0.6819169652708547,4.031942138842163,0.02753267180637653,-2.7760543817455967
0.013187119036995123,0.006147433031857423,-0.006420799190635725,-0.005311816221072463,0.693539726742613,4.057336276092854,-0.009149142582739547,-2.7871717368693436
0.013202035800752342,0.006141765586317831,-0.006390848653330471,-0.005303924657776069,0.6847657498328023,4.029216927129589,0.005964271043472308,-2.7745993013878127
0.013175000149139748,0.006137439443456895,-0.006437461437748906,-0.005291610399473171,0.6962344427041391,4.054248623944974,-0.030878344068467987,-2.7855315880590052
0.013189927795975746,0.006131661867823379,-0.006407434207039376,-0.00528374637980386,0.6873789046904655,4.026227843388324,-0.015564683059922287,-2.7729690219365217
0.013177769336659458,0.006121595761473556,-0.006423985532508811,-0.005263513602997212,0.6895023999841535,4.023062076384343,-0.03708589500747853,-2.7711960778552087
0.013277822612682915,0.006186739037321499,-0.006276086680609984,-0.005394740400427405,0.6671093342270459,4.010758838922171,0.12194358324663178,-2.765058560273848
0.013265675353334368,0.00617645953418407,-0.006293341020121202,-0.0053750363438310736,0.6698232555875764,4.0090895605875785,0.10035800569541653,-2.7644487761440573
0.013253476955756667,0.006166327870098268,-0.006310618880113626,-0.005355469190394815,0.6724456909271596,4.007447373924452,0.07887205993501543,-2.7637823799061856
0.013241332393549722,0.006156213115565618,-0.0063276732847096255,-0.005335817510911867,0.674930507698628,4.005479787265242,0.05745476961976931,-2.7628867946113895
0.013229234992739524,0.006146086346687899,-0.006344502006527447,-0.0053160326784784636,0.6773543877701078,4.003149600479682,0.0360779154548555,-2.761744040619512
0.012705604357736414,0.005795275864055084,-0.007007749726996695,-0.00450926817473788,0.7758894711100713,3.8193849230211767,-0.8052228544185643,-2.613746199146673
0.012719760740592551,0.005787874294376681,-0.0069787198342122795,-0.004506151053964861,0.7639147357029036,3.7979268185627437,-0.7842411500107409,-2.606734818926799
0.012692381351478463,0.005786796627480345,-0.00702186413335602,-0.004487257539796905,0.775936350916696,3.8097868128138224,-0.8248826331218387,-2.6064190842544477
0.012706548110113,0.005779374539116359,-0.006992863036029351,-0.004484293052166576,0.7658184717603059,3.7885962792601293,-0.8038798040562912,-2.599409334214252
0.012665855778034214,0.00576996300598664,-0.00704990624934311,-0.004443070366100289,0.7775420570619577,3.7899314854956088,-0.8641016450768125,-2.591233133875939
0.012666745339544079,0.005753893608442889,-0.007034700987842359,-0.004418107322469617,0.77062848615953,3.75930240853384,-0.8621438331172669,-2.5765648556479674
0.012679131780828632,0.00577835898009388,-0.007035913308540476,-0.004465196361192571,0.7762455253731666,3.7999572643029587,-0.8444954251020254,-2.5989354028183533
0.012680064298154978,0.005762375170646933,-0.007020811885986584,-0.004440271466311583,0.769349397216004,3.7692651399339208,-0.842796289709827,-2.5843149069413616
0.012693325011205544,0.0057708766878538965,-0.007006882142621952,-0.004462341045612041,0.7677176543388747,3.7790435386358268,-0.8233891150640628,-2.5919343802329613
0.012786900025788995,0.0058147973910147545,-0.006892321158861716,-0.004589435902730758,0.7524556684221276,3.809385247892522,-0.6902853559665693,-2.6237490819953435
0.012773702274356554,0.005806121638162798,-0.00690690956034793,-0.00456789923601656,0.7540690401157143,3.8009719075147324,-0.7101030094772208,-2.617211292359261
0.012760547726401008,0.005797380953658576,-0.006921234459991804,-0.004546187530871485,0.7556536799790022,3.7921479887099427,-0.729797400142633,-2.6104135887480004
0.012747361685619447,0.0057887124511633095,-0.006935522975108438,-0.004524479200472913,0.7573004807343217,3.783231109753473,-0.7494093072222124,-2.6035109100869325
0.012734130365189117,0.005780183597767365,-0.006949852015687118,-0.004502871218463462,0.758943113424161,3.774359938193841,-0.7689407677983905,-2.596572826334555
0.01280016844302683,0.005823404765808732,-0.0068774232986974215,-0.004610801811572258,0.7506807240148327,3.8173555107332793,-0.6703244660180817,-2.630012879320768
0.012813460097109356,0.005832121873826884,-0.006862428703757841,-0.004632254397486632,0.748769671281737,3.8252550126859783,-0.6502149215956483,-2.636189618322365
0.012826686568355632,0.005841042749866064,-0.006847550030154943,-0.004653900482925207,0.746849099661676,3.833325252011862,-0.6300186647201315,-2.6423922578636887
0.012667855413399605,0.00573731481953287,-0.007019344954884667,-0.0043930188301592185,0.7661417530648297,3.7258678418712026,-0.8654023602005346,-2.5589003047202303
0.01265434302156193,0.005728823817172238,-0.007033277735143076,-0.00437073920381261,0.7676731982154212,3.7157193982297083,-0.8846808707855011,-2.5509285568947173
0.012655421119751327,0.005711543867888753,-0.007017126038484496,-0.004344701942564388,0.7608870092155349,3.6820622522272224,-0.8854876333022302,-2.5341718777686437
0.012927970438791563,0.00592976740581357,-0.0067426726892980985,-0.004850434853236098,0.7347869321826775,3.9253708859491643,-0.4604396416424987,-2.7039978463097665
0.012926203763119731,0.005945702090780216,-0.0067570348920761416,-0.004876938818373255,0.7434828473849203,3.956759198115152,-0.4584171203182931,-2.718552746446589
0.012940729053114622,0.005939005452564154,-0.0067273931159268765,-0.004871586134928939,0.7328632997340389,3.931975733057232,-0.439711319407663,-2.7088477330828904
0.012938926229728932,0.005954915005069574,-0.006741679546293573,-0.004898143757668313,0.7413188005165904,3.963339732629672,-0.4374889171671102,-2.723327314698642
0.012951619681256434,0.005964167835846038,-0.0067262733216680685,-0.004919278862736335,0.7403226392506094,3.9697390442800273,-0.41654517581159745,-2.7279263240530605
0.012966162281423691,0.005957573260763814,-0.006696606330854068,-0.004913704956935439,0.7281340265663722,3.944590648658058,-0.3980624673062249,-2.7180769370762357
0.012964283993995938,0.0059734604928127835,-0.006710805553057804,-0.004940358850126819,0.7396472493168617,3.975911504586913,-0.3955424970742177,-2.7324051032990133
0.012953453254887268,0.0059482846079502725,-0.00671205475824841,-0.004892690727902108,0.7306382981127145,3.938406618209218,-0.4189302654195967,-2.7135499488090784
0.012978865956560934,0.005966862662956866,-0.006681029538870102,-0.0049346153198331,0.7257086781735641,3.9505127799925748,-0.3771099913849835,-2.7224136109569055
0.012976919044422943,0.005982792885230836,-0.006695257137140337,-0.004961409716697978,0.7376465547831947,3.981854149958845,-0.3744269954247453,-2.736805743095714
0.012989524709198895,0.005992164921919909,-0.006679625956427408,-0.004982434173357526,0.7343310504600713,3.987624828778967,-0.3531985032641518,-2.741111190404324
0.01300421394270568,0.005985589187557535,-0.0066496587526766035,-0.004976340155982994,0.72175027422196,3.961892429901528,-0.33507850053247196,-2.730601682776594
0.013002100865175389,0.00600157651125932,-0.006663926756459967,-0.0050034122058798145,0.731125193415731,3.9932741857377096,-0.3319015943064594,-2.7452731979576597
0.012991554864104205,0.005976188861751885,-0.006665364843047841,-0.004955474801361908,0.7236451443381791,3.9562559466752325,-0.35610736642817914,-2.7265796334913017
0.012887863498982957,0.00591830373358797,-0.006802712661951014,-0.004813019267333302,0.7507713025997339,3.936129817323803,-0.5208895562869443,-2.7032288521892553
0.01290234465969622,0.005911485690597823,-0.006773119062041867,-0.004808097590104602,0.7386208126330089,3.911798397426811,-0.5018005178271291,-2.6938906222023467
0.012875026190633,0.005909251363970855,-0.006817788832081099,-0.004791639546935263,0.7518124558256577,3.92888065226474,-0.5415402947310076,-2.6978698312253306
0.012889510611705268,0.0059024202027650186,-0.006788220142562256,-0.004786889798412907,0.7408175089974892,3.9047806049190794,-0.5223809904973429,-2.6886154166967433
0.01286216048375299,0.005900239352688642,-0.006832801772316872,-0.004770206845666005,0.7532276027955552,3.921431606173846,-0.562149850105919,-2.6923622775434857
0.012876665810919811,0.005893376366016195,-0.006803214154331654,-0.004765613435708819,0.7429844867034122,3.897552525695177,-0.5428669949386499,-2.683180835784522
0.012849266508138675,0.005891267790960424,-0.006847752834859582,-0.004748719222348233,0.7551007894102236,3.913797892516225,-0.5827349586467107,-2.686679480354318
0.012863790621840407,0.005884354971422642,-0.006818132282986086,-0.004744261621472091,0.7449687657053882,3.8901288582136897,-0.5632775989548319,-2.677595827200285
0.01285087333182027,0.005875364335087333,-0.006832998774555976,-0.0047228417920001904,0.7468577655811384,3.8825362201770193,-0.5836305746364449,-2.671871959694487
0.01291704118807769,0.005904377782987539,-0.00674370229028765,-0.004802981511006966,0.7338352856525002,3.885781964277562,-0.4887388392064664,-2.6818340420841444
0.0129299035532252,0.005913467528352892,-0.006728406399938555,-0.004823924689414671,0.7317759792182071,3.8923280808462835,-0.46831498335775074,-2.686741052395643
0.012852774294169618,0.005859151287467538,-0.00681815382382328,-0.004697140328552649,0.7431876257451958,3.849446378418978,-0.5896977141701124,-2.6545702548867047
0.012839783838079438,0.00585008838450362,-0.006832830617215946,-0.004675582402370243,0.7450011486120632,3.841462284140474,-0.609839155147653,-2.648556408643618
0.013016837215356077,0.0059950597991293144,-0.006633916028987142,-0.004997204628173824,0.7197452764602081,3.967406469765885,-0.3140230534428284,-2.7344834778609113
0.013014647389398245,0.006011027561188928,-0.006648166519878999,-0.0050243343630662,0.7284549922973652,3.9987935872330485,-0.3105669296404403,-2.7492600265523195
0.013064534716697497,0.006049224510282092,-0.006584514864917957,-0.005107467101126668,0.7201737642375875,4.019236740481946,-0.22509477902052707,-2.7632643036773223
0.013079377713448017,0.006043061256576495,-0.006554459635803904,-0.005100837125479738,0.7082887413014105,3.992490299207908,-0.2082186488182924,-2.7517365108202294
0.01305210794500296,0.006039616547346734,-0.006600509557669484,-0.005086779922548169,0.720975689961833,4.014402420395271,-0.24646097849836646,-2.7600410491225946
0.013066917581782168,0.006033413814981684,-0.006570521212927563,-0.0050802573453135194,0.7108979998766217,3.9879004862743197,-0.22949862177773114,-2.7486061254712446
0.013039651051762193,0.006030047672386859,-0.006616450650333773,-0.005066027591681762,0.7227598198570964,4.009360151478198,-0.2678214558593453,-2.7566526098434943
0.013054457109577422,0.006023773293965976,-0.006586448920310115,-0.005059583486476169,0.7134435940080924,3.983046452330267,-0.25069208988582153,-2.7452940973334936
0.013027164159111647,0.006020517979210123,-0.006632340495719394,-0.005045206971588463,0.72565280193565,4.004155959875608,-0.2892004101954623,-2.7530582025306116
0.013041966398025469,0.006014154696174649,-0.006602300087018024,-0.005038832878772216,0.715627123700818,3.9779778998534105,-0.2718264991890378,-2.741824162874518
0.013029424165637108,0.006004582458397155,-0.006618125486353173,-0.005018037887260125,0.7176666028225301,3.9727648337217283,-0.2929366154002982,-2.738221495116299
0.013107147112609683,0.006046370035374344,-0.006508007954462381,-0.0051145199829043045,0.7012159968316379,3.9685269384788024,-0.1761456400053958,-2.7409617631738965
0.01309458915700791,0.006036639385658476,-0.006524342069402633,-0.005094096419269934,0.7036487862812336,3.9643486951006395,-0.19736356177551573,-2.7381486866555176
0.011230484910796187,-0.005108920954973321,-0.008024547600770386,0.00201854635163851,0.6909939765079999,2.184007877393963,2.2312190962601623,-1.284825268624678
0.011246063208413629,-0.005112943033103167,-0.008017989183207857,0.0020441122678636803,0.6940621234536959,2.202716582656405,2.2230795914015533,-1.3008852469975432
0.011076752472554484,-0.005073543745390584,-0.008086323350143214,0.001767172615655732,0.6592991968520384,2.0007248252177745,2.3065347885446457,-1.1259400590396496
0.011092317830282814,-0.0050770199572568635,-0.008080599052980158,0.0017927146285129229,0.6627604115654697,2.019389306015837,2.2995414141000303,-1.1421068492408064
0.011107696912003388,-0.005080745896940041,-0.008075138971495878,0.0018181055262390998,0.6662580506343554,2.038053182520317,2.292738138030952,-1.1581213423268528
0.011169239843190772,-0.005094608856029721,-0.008050629164126214,0.001918699765301772,0.6790751535951994,2.1113667544201458,2.2629595526303414,-1.2217769557165952
0.011123051027784473,-0.005084363520375202,-0.008069425099442458,0.0018433603858277559,0.6696230565734131,2.0565595882111367,2.285692952795855,-1.174072247966471
0.011138469403115284,-0.005087483922119212,-0.00806294620370526,0.0018683503646146399,0.6726839295707361,2.0746307520758456,2.2779899832282475,-1.1899574345394297
0.011153915892665617,-0.005090726326410461,-0.008056445862646575,0.0018934199752919552,0.6757609835758869,2.092780440569525,2.270221860306729,-1.2058631143077811
0.011184376709038145,-0.005098443810437787,-0.008044743204420668,0.0019436404780885268,0.6822765957190935,2.1296898326025677,2.255625427171287,-1.2374791981214297
0.011199543613236157,-0.005101922440830193,-0.008038281698016056,0.0019683457669666597,0.6852179225328875,2.1476506975075975,2.247785698258842,-1.2530965629570134
0.011214911136519035,-0.005105347420636646,-0.008031474579130025,0.0019932654073921622,0.6880995649557825,2.165689327525111,2.239592835750003,-1.268859226722345
0.01118003331280455,-0.005082429348329847,-0.008029142093487844,0.0019262769780511995,0.6744124508845172,2.110124380159679,2.2444580241918817,-1.2290574931598373
0.011322663149217295,-0.005132850573870316,-0.007983716661707907,0.0021693381726004403,0.708073480156238,2.293982281055943,2.180635280459189,-1.3794240721942745
0.011338420756804536,-0.005136794949793739,-0.00797604045484361,0.0021948465010141944,0.7106782997949144,2.3123811171790147,2.171256096690234,-1.395407030567222
0.011276470873587794,-0.005121627459222268,-0.008005724927032864,0.0020945231624347822,0.7002400890610327,2.2399462966608557,2.2074336269937054,-1.332406709904693
0.011291608190639754,-0.005125423455970058,-0.007998795428734827,0.002119176782491014,0.7029263017782944,2.2578532002748912,2.1989221429125183,-1.3478953744198383
0.01130699919686421,-0.005129157568274764,-0.007991458423771636,0.0021441032289968302,0.7055459250081534,2.2758544697523444,2.1899904307969327,-1.3635614075327958
0.01125751557849247,-0.005100419024548299,-0.007995179276825743,0.0020515677133949094,0.6889794134377089,2.200611159464087,2.2034006521881953,-1.3078868656764888
0.011272320682530507,-0.005105577536876329,-0.007990257730581776,0.002076650943019145,0.6923750771672005,2.219493326642795,2.1965859237298875,-1.3233939078903918
0.011505861961391257,-0.005185891281016729,-0.007893147562019254,0.0024686980229183565,0.7371760969907601,2.510977902823879,2.0666079676378915,-1.5649408573564008
0.011459831081022965,-0.0051728053177125454,-0.007918169827186225,0.0023943211893314442,0.7309803454457892,2.4578529293431965,2.0977982225613627,-1.519094686732738
0.0114750466400943,-0.005176922383600327,-0.007909808628624034,0.002418781775628181,0.7329793025785065,2.4752602684060663,2.0874843558685794,-1.5342208170473095
0.011490465856908138,-0.005181245139151948,-0.007901358432648165,0.0024436422213874993,0.7350310957933087,2.4929795785517026,2.076987722857926,-1.5495500795153863
0.011444816807053232,-0.005168366887133253,-0.007925846343205199,0.0023698136919114853,0.7287225807090952,2.4401346279965206,2.107491257196278,-1.5039529946852672
0.011399190511364744,-0.005155241462028753,-0.007948720851271776,0.002295362490418566,0.7216253555330998,2.386248301428417,2.1362205364397586,-1.457809804645646
0.011414340174783988,-0.005159269962760562,-0.007940892468771936,0.002319857484728132,0.7238657279177714,2.403839334092359,2.1265682184267365,-1.473048041854197
0.011429666450727892,-0.005163648189649539,-0.00793317355763238,0.0023448379772070898,0.7262435365914238,2.4218991729680615,2.116893960293432,-1.488532158574403
0.011395720426422036,-0.00513910362846894,-0.007933042228814623,0.002277357130131973,0.7137826286959243,2.364906661792222,2.1255286738101637,-1.448349139393348
0.011381353875376874,-0.005134036931345781,-0.007938855370699433,0.0022532024659189936,0.7109636270012624,2.3469132674225555,2.1333765196717085,-1.4334955460920566
0.011366337268312472,-0.005128680836890697,-0.007944723884587371,0.0022278849296556128,0.7079329612101962,2.328002526233405,2.1413593706293024,-1.417929289635398
0.01135071525830537,-0.00512355862925461,-0.007951194491870804,0.002201878477906923,0.7049308313447816,2.30877780407956,2.1498649150762543,-1.4018787077202728
0.01151840906472554,-0.005172945933698847,-0.007867355837715128,0.0024742241347225223,0.7308509474657311,2.5048755629158386,2.0445771571499374,-1.5696005666464945
0.011536406131596663,-0.005195656272328787,-0.007877035860778168,0.002518740288495153,0.7414779270786868,2.547086398992803,2.0459464099434617,-1.5955486117099598
0.011551504845238482,-0.005200858935800475,-0.007869277690883358,0.002543746098968748,0.7436859536599983,2.5652744523296254,2.03577853284536,-1.6107713601241358
0.011566392389096796,-0.005206245777131783,-0.00786177531671533,0.002568596512171421,0.7459181580853266,2.583453985808936,2.0257843872116355,-1.6258551875164529
0.011581182077944521,-0.005211519105133763,-0.00785409106557264,0.0025931733311296986,0.7480201941742078,2.601334819961007,2.015618464274454,-1.6407536297979342
0.01159606123524664,-0.005216519678395232,-0.007845872049594098,0.0026175723669565874,0.7499026122090121,2.618836118823894,2.0049746288856842,-1.6555339779201377
0.011610975615763975,-0.00522154149098654,-0.007837500194360858,0.002641988729915508,0.7517336874682963,2.6362927775055334,1.9941433877490582,-1.6702932195669715
0.011625737735326146,-0.005226733911093513,-0.007829322138859082,0.0026663180837249684,0.7535923789798521,2.653770441877987,1.9834245226998455,-1.6849582890343802
0.0115338740044749,-0.005177857860625607,-0.007859138975717385,0.0024993581887912757,0.7329763050504664,2.5228631136238486,2.034131644829765,-1.5848986555279103
0.01164040629290477,-0.005231767367969455,-0.007820913764886951,0.0026903258272012714,0.7553039775809903,2.670875371806719,1.9725033575169502,-1.6994059396108498
0.011655215030569667,-0.005236509691365927,-0.00781190092643119,0.0027141832404912504,0.7567624382430013,2.687573948432611,1.9610474699662908,-1.713737990407763
0.011670297466111606,-0.005241176525236923,-0.007802392861869578,0.0027382594622326166,0.758118683357952,2.7042380227363534,1.949085656321109,-1.7281681305197913
0.011685686785329148,-0.005245981885201811,-0.007792588839463744,0.002762799939108562,0.7594306571584809,2.721166998834089,1.936744836240073,-1.7428268865960457
0.011701137059107166,-0.005251284139715346,-0.007783127009009226,0.002787843415980426,0.7609391904153692,2.7386934623527455,1.924540505807952,-1.7577259335121636
0.011716242131380136,-0.005257155009494116,-0.007774493256861866,0.002812959363695556,0.7626882959505207,2.7566762047404993,1.9129390037096592,-1.772612615460493
0.011730915903020061,-0.005263282466649914,-0.0077664335263266234,0.002837744842577193,0.7645165108875492,2.7746467682175098,1.9017965806910413,-1.7872589383848254
0.011745550892309525,-0.005269141458063946,-0.007757970611555236,0.0028621675640887055,0.7661263278938143,2.792117064511053,1.890317747428582,-1.801656464925484
0.011760414958090588,-0.00527450145726235,-0.007748572530094173,0.0028863141279155823,0.7673869093536129,2.8088884773953544,1.8780607252305541,-1.8158433581938327
0.011775377706848153,-0.0052797798325814925,-0.00773883395955964,0.002910437258624958,0.7685338555231397,2.8254655576947836,1.8654729538204975,-1.8299635991716343
0.011790293731747697,-0.005285302865383624,-0.007729267089146805,0.0029346954363275632,0.7697469071888404,2.8422393574567013,1.8529383338428136,-1.8441150023564157
0.0118215834270119,-0.005313386001658514,-0.0077268634571448025,0.0030031345346341683,0.7804689708533101,2.901638908781397,1.8372914291232154,-1.8840554212801965
0.011805048549037418,-0.005291090919250396,-0.007720016452963842,0.002958976954240664,0.7710347221298751,2.859186507365152,1.8405892945449374,-1.8582378440867322
0.011819591797290424,-0.005296933209266837,-0.007710906873276066,0.0029830036633799756,0.7722951373994321,2.87597658739797,1.8283362994539576,-1.8721688212200094
0.012014529515234585,-0.005423792964446572,-0.0076268612589032265,0.0033575355408686763,0.8056011711169773,3.167026729040375,1.675850552878975,-2.086461604742555
0.012012969322458709,-0.005407821954200229,-0.007611246249290389,0.003336366014429871,0.7968452120862392,3.1423785109771107,1.6660821279018345,-2.0753710647121397
0.01200014276429862,-0.005417486615139693,-0.007637369951897711,0.0033335618199149615,0.8049001508914285,3.1508421221218312,1.690401904921803,-2.0732290842318104
0.011985736283431544,-0.00541122549991139,-0.0076478148323461,0.0033095287002140993,0.8052904071065962,3.134557852215114,1.704890140343763,-2.0597808858792344
0.01199853007442734,-0.005401450931795467,-0.007621685782610437,0.00331238664026598,0.7961759712977665,3.1263955375913035,1.6804361671374377,-2.062206637737012
0.011971310217633166,-0.005405009681636415,-0.007658190035946528,0.0032854492754276605,0.8063571201533776,3.1182357469576316,1.719295156214198,-2.0461453282396636
0.01198404136168412,-0.005395146315933682,-0.007632103493321815,0.0032883663060751696,0.795227210291192,3.110322656207225,1.6947227674238243,-2.0489607809689794
0.011913413003953132,-0.005380600615198654,-0.007698873103834748,0.0031889512131134472,0.8042616260231421,3.052659469804988,1.7754202628294375,-1.991185027830844
0.011911414854865155,-0.005364766437344518,-0.007683424924745152,0.0031683888424464267,0.7917636443146226,3.0290952757301004,1.7648386276209305,-1.9814271397179943
0.011956864711873455,-0.005398839222606494,-0.007668487040980131,0.0032613432077796714,0.807246064055544,3.101909714161185,1.733576788047788,-2.0324024868527717
0.011969515044078049,-0.005388933675517619,-0.007642513202906644,0.003264344586445795,0.7941939800767477,3.0941906346896997,1.7089667550642382,-2.0356256838216606
0.011927915960164922,-0.005386634628544867,-0.007688826369782056,0.0032130990835326756,0.8060012646834579,3.069166472371363,1.7616377699656829,-2.0049055676937706
0.01192593082070577,-0.005370756140356466,-0.007673367025288797,0.0031924023570302114,0.7922337579629916,3.0454909409794975,1.7511136326223664,-1.9950966692376915
0.011942399911086575,-0.005392714184532193,-0.0076786992143164584,0.003237226218720569,0.8071510924789008,3.085567902889854,1.7476953689108121,-2.01864082315901
0.011940445087541935,-0.005376764879020832,-0.007663187987742341,0.0032163748206609348,0.79268742956656,3.061788081147529,1.7372128404561469,-2.008686380453696
0.011954975025862463,-0.005382814173909955,-0.0076528911215279554,0.003240347277940987,0.7933135398073218,3.078014821744295,1.7231483043203326,-2.0221987616962775
0.011836267944560377,-0.005318996343939268,-0.007717143624382608,0.0030271610267544736,0.7815810224089376,2.9181949438103043,1.824389100334903,-1.8979713241574487
0.011851020316957762,-0.005324682408408439,-0.007707286747917979,0.0030512900584359023,0.7825296305519961,2.9347597799171017,1.8112945207765418,-1.9118873098675795
0.011865751964430932,-0.005330594917187812,-0.007697553403218138,0.0030755789804138025,0.7834262418656911,2.951526811485202,1.7981939578517478,-1.9258578799319996
0.011880395911280824,-0.0053366453689361664,-0.007687920662435558,0.0030998560792237628,0.7843833922421829,2.9683324346439135,1.785097878764568,-1.9397832237257042
0.01189497015520096,-0.005342679235245389,-0.007678200827453436,0.003123975494533412,0.7853632077786304,2.984942649537231,1.7718944987377923,-1.9535606160870638
0.011909494351870926,-0.005348668764532244,-0.0076683429933597355,0.003147928531433129,0.7862905030833124,3.0013199125603482,1.7585536124726246,-1.9671777018772187
0.012114672150203702,-0.005469198559067849,-0.007551186099404218,0.0035244349956299833,0.8075393480665233,3.2768068243488115,1.5703514046605027,-2.1771371543850364
0.012113512985884351,-0.005453168383454598,-0.0075355002612166625,0.0035027374096273955,0.7988470492504297,3.2510218090204788,1.5615368124562545,-2.165082370793913
0.012100427570042292,-0.005462577381044803,-0.00756222792517799,0.00350068010236081,0.8079100748662307,3.26134068731488,1.5857802908041265,-2.164473179533624
0.012128895840071582,-0.005475864446977092,-0.007540076758302605,0.0035481400410291813,0.8077444180495631,3.2921546927478538,1.5548519341329694,-2.1896056792197363
0.012127759512719731,-0.005459875714653847,-0.0075244730690470695,0.003526388786346924,0.7990875717883404,3.2661828149620873,1.546227719890305,-2.1775193452086126
0.012381189378714531,-0.005603417561025712,-0.0073275227979420115,0.0039685598303505955,0.804606148282685,3.547164030430437,1.2556039896744082,-2.397584625361206
0.012380930021724487,-0.005587431312282942,-0.007312104052934158,0.003945459798328833,0.7930688065668677,3.5189151094039595,1.2498407641128908,-2.383918954975487
0.012367365557503274,-0.0055959586381202995,-0.0073399401837057525,0.003945546521605563,0.8041956873681023,3.5341176961691603,1.2730993737901446,-2.387091071506014
0.0122699521913998,-0.005544967222482056,-0.007424931345856853,0.003783179859888417,0.8076455855583652,3.438287098705293,1.3929935195277459,-2.309639415188986
0.012269377037049235,-0.005528802705790478,-0.007409140602393778,0.0037605458469352764,0.7970773981072057,3.411200703420857,1.3856980580535554,-2.2965171040000816
0.012255945233250496,-0.00553785801384869,-0.007436787158770942,0.003759820671876275,0.8086592935398521,3.4241403436008793,1.4097816134596977,-2.2979221280040885
0.01228393672729852,-0.0055521203899277,-0.0074130045114515946,0.0038064970438080477,0.8068438602507099,3.452335492295983,1.3761188713420476,-2.3212093913860086
0.012283427841404968,-0.005535946574442053,-0.007397201533266639,0.003783775571593703,0.7968677299089065,3.425049924759707,1.3690564570389674,-2.3077731546133915
0.012297898706704342,-0.005559317447314377,-0.007401004488711577,0.0038297764381809295,0.806047185812489,3.4662706252473394,1.3591512563057095,-2.332629172970189
0.012297448553080173,-0.0055431433766076855,-0.007385207533965735,0.003806972335231963,0.7965872395211813,3.4387869508785225,1.352316910842852,-2.31892972241091
0.012311837995365546,-0.005566558325275475,-0.00738892872037408,0.003853022978278274,0.8050188129206705,3.4800922518610355,1.3420827658414745,-2.3438976152738316
0.012311445772795138,-0.005550396051601847,-0.007373152925138546,0.003830146024249514,0.7962861304708966,3.452420229161732,1.3354735153364932,-2.329994892022261
0.012325754459026414,-0.005573842953947663,-0.0073767769278100725,0.003876237270292392,0.8036080298862825,3.493806188512836,1.3249205544330438,-2.3549952935872693
0.012325413692768641,-0.0055577102109871865,-0.007361050950299282,0.0038532982909620385,0.7960300684162691,3.4659573264479806,1.3185429159801265,-2.340969461397403
0.01233964796343263,-0.005581171262969616,-0.007364556998824218,0.0038994044800287598,0.8025250376792709,3.5074087378011902,1.307698740991353,-2.3658838176514565
0.012339335245356735,-0.005565090480520468,-0.007348928715022651,0.0038764204234648983,0.7957630407414361,3.4794045204334414,1.3015517234805039,-2.3518522458502003
0.012353518374336696,-0.0055885431814808,-0.007352279467583482,0.003922504909112125,0.8029018387383035,3.520863751662466,1.2904397460859023,-2.376557455777386
0.012353208906392146,-0.005572524812471828,-0.007336775947041665,0.003899497916296035,0.7952002862507834,3.4927441103395966,1.2844820008950766,-2.362643620401673
0.012367064605853392,-0.005579978939093161,-0.007324519628832664,0.003922513442797301,0.7941936466758749,3.5059244096963904,1.2672590976927622,-2.37333823951452
0.009482641786463353,-0.0050268379798275075,-0.008288465946312303,-8.622001139557612E-4,0.17958475436119317,0.20756058496553065,2.6110832113087725,0.5436494711836719
0.009473370591822796,-0.0050136894304486325,-0.008269716455462588,-8.733694297783893E-4,0.17361693450976382,0.19875011714035506,2.600468334060999,0.5462258660018384
0.009467022656507899,-0.005028487639427606,-0.008285714902988215,-8.882473781695145E-4,0.17493055996481258,0.19088600118576152,2.6104615584529838,0.5601781345579752
0.009498265893762122,-0.00502523740399226,-0.008291133096926254,-8.361649493737591E-4,0.18496612135705245,0.22422396745502285,2.6116216337851483,0.5272572863245371
0.009489043864749039,-0.0050121169313238,-0.008272514139468667,-8.473979655949995E-4,0.1788825642935665,0.2153498283735545,2.6010472468316848,0.5297588017368032
0.00951389482992714,-0.005023685925945949,-0.008293715283574392,-8.101539411028731E-4,0.19180548587272986,0.24084252806198628,2.612076782191724,0.5109605605034552
0.009504706271248118,-0.005010593140734523,-0.008275223289936138,-8.214395474166308E-4,0.18384377458382672,0.23196717739009795,2.6015827790529777,0.5132797728007045
0.009529528446938641,-0.005022183559254116,-0.008296214423920709,-7.841484279046948E-4,0.1992268736951878,0.25741400981245105,2.612458372917035,0.49462273567074044
0.009520359708972545,-0.0050090735295756144,-0.008277796510482216,-7.954783536558446E-4,0.1884736247191997,0.24862371176749107,2.602042211905093,0.4967494282116119
0.009560809133749612,-0.0050193262119465985,-0.008300975851512276,-7.320224070867766E-4,0.20930806451004721,0.2906379325345322,2.6131116574684854,0.46144661790026814
0.009576455909857678,-0.005017971256234513,-0.008303236479250043,-7.059178494958641E-4,0.21332876331162784,0.3073661403056781,2.6134300173033638,0.4447434149865823
0.009567392714322557,-0.005004571162128989,-0.008284774357520007,-7.174233684228153E-4,0.20400776097748732,0.29885649306363266,2.6029741216535567,0.4470687727698515
0.009545166597241006,-0.005020730317030955,-0.0082986343797517,-7.58107565914025E-4,0.2051097692907606,0.273991744791916,2.612792001960521,0.47811218616420414
0.009536017024807207,-0.005007535941591112,-0.008280213676536535,-7.694920791469557E-4,0.19322121863064043,0.2653322186854832,2.6024123675927444,0.4801671430794778
0.009551694393236698,-0.0050060182351235665,-0.008282520871853953,-7.434698305834971E-4,0.1984624157257673,0.2820844327592002,2.602715725953122,0.46359007490342136
0.009733124950832917,-0.005007127309040209,-0.008321312963265066,-4.447538878310338E-4,0.2653141849739966,0.4759472823172213,2.6137319569022974,0.28068539121261127
0.009740223585870325,-0.0049927445193029074,-0.008305003116409434,-4.3083141924178913E-4,0.26321946792227896,0.48436644995996864,2.6030076879883084,0.26634113070665005
0.00974735717088656,-0.0049780359860743095,-0.008288969872630057,-4.169648418045811E-4,0.26527658018668715,0.4863685244923432,2.5914813528472287,0.25845155884650944
0.009717443732062377,-0.005007990188766738,-0.0083198731696295,-4.70919231763689E-4,0.26121310203939224,0.45895704115390173,2.613929096705691,0.2971242391439377
0.00972447897882485,-0.004993547809485305,-0.008303547941634489,-4.56934302923594E-4,0.25762770662782225,0.46738131763633567,2.603233892034272,0.2827236300435105
0.009701765314618097,-0.0050089023178828546,-0.008318351500191402,-4.970765365162021E-4,0.25715954764623783,0.4420491375676719,2.614102617717354,0.3135879366895394
0.009708737473615066,-0.0049944422583909276,-0.008302055436448895,-4.830384210296953E-4,0.251903188515976,0.45039440043764006,2.603430691065768,0.29915735648027836
0.010172736759216247,-0.005002984689635676,-0.00832821454186053,2.879244748923962E-4,0.41682701689306273,0.9619563094709823,2.586356693274504,-0.17721003036370822
0.01016535179099669,-0.0049887457556784765,-0.008311777214736875,2.7427710135108607E-4,0.4078712385116184,0.952962268364259,2.5751910485079494,-0.17593693641080302
0.010157039844353498,-0.0050024667597618295,-0.008329077759791725,2.617616039778791E-4,0.4114525565255807,0.9441404937287317,2.5881018135259497,-0.1608743324940323
0.010094236641409177,-0.005000888133336491,-0.008331709854724012,1.5706465412671796E-4,0.39126219901795856,0.8733833778422123,2.5945212214540545,-0.0951808917612042
0.010086555019211005,-0.0049867692936150865,-0.008315090091867526,1.4359178050686618E-4,0.38107969567446304,0.8646214497861479,2.5835845962132074,-0.0940718485409629
0.010109939502481563,-0.005001208815544092,-0.008331175916178277,1.8321101968682603E-4,0.39791208524745497,0.89099838688075,2.5930209367657597,-0.1115192318836186
0.010102304967227187,-0.004987076031296692,-0.008314605199223413,1.6971654409834387E-4,0.38613804475402813,0.8822233643664706,2.582031879174871,-0.11043337309295538
0.010141341239237565,-0.005001998133844807,-0.008329859587115048,2.3557104056153583E-4,0.40727657643609055,0.9263515637948861,2.589794323370604,-0.14443024191678852
0.010149589562463023,-0.00498820928683114,-0.008312559952408935,2.481344068068539E-4,0.40239770767143906,0.9352538059328418,2.576955980793381,-0.15960521827181343
0.010125641080081594,-0.005001578817366836,-0.008330559221074693,2.093780166362139E-4,0.40325755864622553,0.9086379337400631,2.591439679345337,-0.1279435132095849
0.010118054782055177,-0.004987394153443767,-0.008313995776457106,1.9583921129302884E-4,0.3912459513331051,0.8998653205754493,2.5803868979797895,-0.12683610600525955
0.010133817595433725,-0.0049877583201607505,-0.008313299237554327,2.2197943462733824E-4,0.3967347736904969,0.9175488497612206,2.578685492547187,-0.14323973208500415
0.010251191169966171,-0.005006313686650811,-0.008322669881758449,4.185986536553949E-4,0.44629577281921545,1.050972263587056,2.576500494362095,-0.25894750594029253
0.01025971457434813,-0.004992666412183306,-0.008304977916707026,4.307805362112708E-4,0.43823184343881577,1.0598218921655338,2.562941119777397,-0.2743044923121242
0.010188431847002629,-0.005003551917708424,-0.008327270015520206,3.1405974999571917E-4,0.4233147651639748,0.9797515942627907,2.584539454369353,-0.19346971819630032
0.010181091422934097,-0.004989332673410009,-0.008310913233527966,3.0038627338157615E-4,0.4129850189996244,0.970678804101932,2.5733605603175076,-0.1922720769655407
0.010204124970286513,-0.0050041684379369305,-0.008326243356870098,3.4019238380963334E-4,0.42950855623771217,0.9975260237083788,2.5826340104065415,-0.20974944424371633
0.010196815873036575,-0.004989936397068882,-0.008309930968291785,3.264698581242496E-4,0.41792133469978693,0.9884258088984778,2.571439016899267,-0.2086467205690444
0.01021981599104591,-0.005004834243983441,-0.008325134127554746,3.663343765008262E-4,0.4348210692034134,1.015314305395125,2.5806483590840297,-0.226096167151516
0.010212540252469976,-0.004990561725808212,-0.008308835253061489,3.525501388594089E-4,0.4229996558715802,1.0062197060020834,2.5694340849040844,-0.22505404412043054
0.010235504770669994,-0.005005549329206298,-0.008323942993103302,3.9246970831329457E-4,0.4404222998148784,1.03313068804575,2.5786037278965988,-0.24249016934532266
0.01024398453141424,-0.004991934636313541,-0.00830636808301438,4.0469854974483336E-4,0.4331437944541979,1.04191640836346,2.565196894550008,-0.25787527293784573
0.010228264480054967,-0.004991230422076697,-0.008307650361048571,3.786286359394192E-4,0.42814017174293767,1.0240530191748134,2.5673589302818307,-0.2414630532979162
0.010173755106317375,-0.004974686649673408,-0.008294711281441006,2.867869557843159E-4,0.408376590850509,0.9553301702544063,2.5624990371758334,-0.18442833584688303
0.010360917504742087,-0.0050130431569171624,-0.008311451419390888,6.015287540411383E-4,0.48024706813253326,1.1773783610398671,2.560023310525717,-0.3741726378975552
0.010354085386586664,-0.004998547524468985,-0.008295392286569676,5.872986261948855E-4,0.469890449271623,1.167665576004102,2.5483428410935804,-0.3724668797512484
0.01037657978297736,-0.005014201401274545,-0.008309524016414766,6.275918802009724E-4,0.48709249770391133,1.1954314218532187,2.55736468212431,-0.3904430727099389
0.010369768732568957,-0.004999692557332848,-0.008293500084566058,6.13315467650843E-4,0.47445053694922784,1.1857278404198501,2.545654934374824,-0.3888926543921413
0.010392238403124532,-0.0050154088397227296,-0.008307512613437562,6.53676147402909E-4,0.4924423761361442,1.2135079106916316,2.5546078918232946,-0.4068737268570015
0.010385465389302314,-0.0050008339081719245,-0.0082914646065062,6.393426011781159E-4,0.4791243311043227,1.2038527752949675,2.542842761762891,-0.40538022010692815
0.01040789322055687,-0.00501666546169899,-0.008305416850558555,6.797845947805785E-4,0.49640333441100815,1.2316690227694918,2.5517756432833383,-0.42344195416165786
0.010401181441827646,-0.005002010610440664,-0.008289327596725465,6.653940747993716E-4,0.48419568716946465,1.2220288852347974,2.5399452414765302,-0.4218722832330439
0.010416903582583155,-0.005003263320485163,-0.00828713612352823,6.914575090552896E-4,0.48945879877341875,1.2402253917172914,2.5369954418240703,-0.43831867668091457
0.0103472952321997,-0.00498362753980172,-0.008279489805363152,5.731788348588485E-4,0.4645753524624458,1.151928654576895,2.5374353032722556,-0.3648870806520164
0.010331589034193647,-0.004982367510668313,-0.008281046909849555,5.472231053503612E-4,0.45951296213733883,1.1338864284739028,2.5398871875321505,-0.3485350862258056
0.010315826420097282,-0.004981199038837551,-0.008282580260648912,5.2118665970705E-4,0.4544888042882142,1.1158367771117328,2.5423164149114785,-0.3321285800272284
0.010300015094151958,-0.004980151689668178,-0.008284121799579448,4.950852900840122E-4,0.44947582620839005,1.09780173330593,2.544744265059602,-0.3156757535303549
0.010268284550131799,-0.004978463398619456,-0.008287269666859639,4.42745996905616E-4,0.4394386192401388,1.061830698338085,2.5496148670319947,-0.2826748883075502
0.010284157828492655,-0.004979231687450341,-0.008285677324832359,4.689217962158537E-4,0.4444662702306625,1.0797862527502649,2.5471728642895215,-0.29918145248435685
0.010473270176097269,-0.004993738090314475,-0.00826189236760916,7.810027506356822E-4,0.5039469052693284,1.2967712642700302,2.5135365785777886,-0.49620818204767714
0.010441812583054974,-0.004990709810385546,-0.008266549862208034,7.29062326646713E-4,0.4942821561624607,1.2603233967178535,2.519803745932125,-0.46337994622497564
0.01045755183665563,-0.004992176269385272,-0.008264233770531123,7.55043158567368E-4,0.4991227202600789,1.2785315083499234,2.5166870359089675,-0.4798024218226941
0.010520233235042661,-0.004998930307117463,-0.008254664492159667,8.586427756822522E-4,0.518493962240078,1.3515811666201503,2.503852574015212,-0.5452539947638839
0.010535879474978582,-0.005000558600965401,-0.00825185497384156,8.844551583197586E-4,0.523320005756922,1.3697874831757968,2.5002955261882267,-0.5615975023671059
0.010551570229375236,-0.0050020836699746826,-0.008248769503449072,9.102900564420872E-4,0.5279874395212882,1.3879751525077808,2.496508407389966,-0.5779828771610309
0.01056727718031029,-0.005003760548960026,-0.008245713702915007,9.361789122486615E-4,0.5326042378370875,1.406259708360662,2.492718637249743,-0.5943888803687826
0.010513924804538536,-0.004983637318390586,-0.00823857298056011,8.439293667812722E-4,0.5109351059669792,1.3369992877874124,2.4923727091994485,-0.5397384275075998
0.010498377597639023,-0.004981512540093444,-0.008240571092119868,8.182478915922995E-4,0.5060662693737478,1.3187703700454663,2.49532670446241,-0.5236023403065727
0.010482707906879808,-0.004979531988788775,-0.008242633188396296,7.924052569734365E-4,0.5011746690008961,1.3004886095144155,2.4983217403333335,-0.5073424855599965
0.01042604201328935,-0.004989332466044817,-0.008268835550116633,7.030406700065922E-4,0.48943546461068693,1.2421330999905835,2.5228826742903414,-0.44693323704663274
0.010761554577798827,-0.004997454667700025,-0.008164377075030918,0.0012425749663551016,0.5743527218133249,1.6144018429445388,2.410206856688887,-0.7967052612732465
0.010870191635143363,-0.00501588797644497,-0.00813503820387552,0.0014199740739996786,0.602777675235766,1.7421004578397825,2.374243444875099,-0.9092069184060748
0.010777055750738234,-0.0050008908436888514,-0.008161556635502719,0.0012683107112638513,0.5788846577895672,1.633203880004524,2.4062131879004,-0.8128205250101823
0.010792131655119235,-0.005004589848882777,-0.008159096514496046,0.0012934992492750674,0.58340029036983,1.6517387553631713,2.4025162660091937,-0.8285297668096389
0.01080726922294778,-0.005007166147474697,-0.00815516187307768,0.0013182655318310576,0.5874244255484476,1.669586612055847,2.397658950972787,-0.8442327746836383
0.010822793724654717,-0.005008669284955626,-0.008149655247744901,0.001343105296113645,0.5910318145362562,1.6870741721336933,2.3915136549812464,-0.8602338709657049
0.010838565999918684,-0.0050105339240136245,-0.008144310137752337,0.0013684574982308505,0.5947772670403791,1.7050335541527415,2.3854307453645145,-0.8764946382650113
0.010854412112278415,-0.0050129979372459076,-0.00813948264177586,0.0013941766253000205,0.5987260081810257,1.7234606846993634,2.3797027667491135,-0.8928680995234403
0.010881242084808333,-0.005001460380802013,-0.008112685207553238,0.0014297030749850278,0.5985994899288033,1.7432196884589748,2.3556134404584532,-0.9188799565318096
0.01093121103734343,-0.005028326903912031,-0.008117943761172364,0.001520165375867922,0.6184637571700904,1.8149621803855218,2.352848113173694,-0.9725026160530597
0.010924935005720306,-0.005014955804744913,-0.008105724959057174,0.0015034446886693436,0.611681917913769,1.7983200881838015,2.3443082183898776,-0.9644376063497863
0.010912053008595164,-0.005010151544928072,-0.008106934376576655,0.0014812647313016828,0.60749340162103,1.7814472406405686,2.347023613889771,-0.9508912223211513
0.010896988331339777,-0.005005347828221969,-0.008109172226955412,0.0014557681539341457,0.6029310712425914,1.7623474625444755,2.3508006268469157,-0.9351706533687025
0.01103000435313999,-0.005063872134967792,-0.00810353565789172,0.0016907299559815391,0.6488945259022326,1.9451021969901061,2.327285347194533,-1.0774162295271201
0.011045489560614553,-0.005066950736207624,-0.008097833737996536,0.0017160109159786773,0.6523369190704282,1.9634585517368734,2.3204551749836635,-1.0934853462353349
0.01106110366242917,-0.005070172094126438,-0.008092074794021296,0.0017415368546383101,0.6558163395566545,1.9820280322481174,2.3135182640137315,-1.109690104698629
0.010947455149750193,-0.005030269327986821,-0.008111423547322858,0.0015460329471537594,0.6218821194242389,1.8332291973817336,2.3455453158691952,-0.9891313576090317
0.010963860602823136,-0.005033951027937105,-0.00810668463218568,0.0015730555161257047,0.6260362561429681,1.8529827640163667,2.339551595089954,-1.0061524830653903
0.010979368090620731,-0.00503825342025321,-0.008103016760878328,0.0015990421739956087,0.6302547585979914,1.8722975936266486,2.3344672681958087,-1.0223681699560443
0.01099461318502151,-0.0050416198732583265,-0.008098265980759923,0.0016240884193740712,0.6339599154250669,1.8905955797191865,2.32855059092347,-1.0381818745334186
0.011025090004050234,-0.005048162006286354,-0.008088132356448374,0.001673973460372015,0.6411583475080774,1.9269140726243792,2.3161018401332494,-1.069714749468897
0.011010017553146562,-0.0050445009744471,-0.008092717953804666,0.0016490685696309473,0.6374402505437565,1.9086151757764898,2.321947981708975,-1.054053087981763
0.01074076216804243,-0.0049765053791092605,-0.008148883949585408,0.0012011245301494086,0.5616882105538821,1.5788102727521858,2.4008566893687724,-0.7743382427246037
0.010756963874981859,-0.004979224915263677,-0.008145113446326369,0.001227495135493523,0.5660903801490726,1.5977253630955792,2.3960727249669023,-0.791012435316021
0.010592431296896377,-0.004991896663945156,-0.008223443370862565,9.726617555036783E-4,0.5339285194092344,1.4277889746198473,2.473382987061935,-0.6214537359921682
0.010608232998992996,-0.004993553523283614,-0.008219960687198567,9.985115466787456E-4,0.5384025110447911,1.4460501022209158,2.4691635799191913,-0.6379150387840977
0.010624021466097498,-0.004995389941716025,-0.008216548605336953,0.0010243809579578713,0.5429112095396111,1.4643885128070122,2.464973956138437,-0.6543593797206424
0.010633743146544796,-0.004981585741314518,-0.008196864027153765,0.0010348819392945437,0.5400475980899294,1.4669575086938986,2.449118227050008,-0.6643880481948016
0.010642475590393576,-0.0049696199621278355,-0.008179692772694615,0.0010443312329182048,0.5375630424184802,1.4694634331706002,2.4352460956978854,-0.67331189243078
0.010692376953465041,-0.004970407033389523,-0.008161591579119212,0.0011230661747565123,0.5490269364979133,1.5234951050710668,2.4160684369328074,-0.7246043485686008
0.010708429282332002,-0.004972360869570283,-0.008157445678873455,0.0011489633279513258,0.5532535067130394,1.5418243295053289,2.4111032041441702,-0.7411095337287813
0.010724555946669136,-0.004974318470700451,-0.008153123699431166,0.0011749488233295396,0.5574451484712872,1.5602136165335294,2.405968230066865,-0.7576821799459187
0.010676097380311007,-0.004968098278631748,-0.008165262249007751,0.001096647743134244,0.5445649533324569,1.5046911961726972,2.4206722793456232,-0.7078509836660255
0.010657947785009062,-0.0049654513436293395,-0.008169088654695166,0.0010671443544803861,0.5394753233142883,1.4836726944554406,2.4255729860792745,-0.6891729353027439
0.01057672127011903,-0.004990015243619768,-0.008226487633675,9.468637394468119E-4,0.5293296265841293,1.4095008949062853,2.477237286173912,-0.6050989577280053
0.010586154456666644,-0.004976463311210607,-0.008207455528748202,9.574350268549207E-4,0.5267172244935593,1.4122941919144107,2.4620261289216807,-0.615080822722467
0.009984246240050522,-0.004971952385402733,-0.0082999783251038,-2.5996045491702907E-5,0.34532057980460523,0.7446792346046393,2.5808842515228387,0.012280480446114843
0.009936805046944183,-0.004972258405093844,-0.008299262153766059,-1.0429991598545327E-4,0.32936415128662316,0.6925101400186118,2.584012843685309,0.06149552023873315
0.009952618217205875,-0.004972053785681929,-0.00829952279097488,-7.819813130817275E-5,0.33465828969869943,0.7098529639457892,2.582986112277217,0.045086815075062264
0.009968448828852958,-0.0049719950404367,-0.008299812355091704,-5.2070598274224894E-5,0.33997087874406245,0.7272758809547041,2.581977343772085,0.028669349387293545
0.009921047622877889,-0.004972551902611452,-0.008298965807890859,-1.303126484981417E-4,0.32402618099513436,0.6752648972127452,2.585011394660277,0.07785567142694282
0.009905307724890419,-0.004972819027480735,-0.008298498430602375,-1.5629350320238707E-4,0.3186682850017825,0.6580351852398011,2.5858907981723402,0.09419480289046783
0.00988955141394742,-0.004973110255962048,-0.008297917375562595,-1.8229986285230127E-4,0.31332428399531237,0.6408022202047275,2.5866923800448824,0.11055275960150102
0.009873799381739918,-0.004973454821157751,-0.008297257554988611,-2.0829913744318696E-4,0.3079464345839418,0.6235947318291278,2.587440336036734,0.1269177597769585
0.009858071438749194,-0.004973751736193583,-0.008296402203303363,-2.342496136271804E-4,0.3025427870241288,0.6064002330628071,2.588056244814837,0.14326042182471646
0.009842336470516027,-0.004973983234978228,-0.008295328537936133,-2.6019723790295313E-4,0.2972129520071432,0.5891864705772866,2.5885279824959926,0.1596022758128833
0.00982652235924293,-0.004974301999406049,-0.008294208661329494,-2.8627307009356667E-4,0.2919848877018842,0.5719324170091066,2.5889771307283698,0.17602593105383768
0.009763101042354649,-0.004977372614615113,-0.008290390155980923,-3.90996075745441E-4,0.2706791650219092,0.5034077591844853,2.5912345026640384,0.24205839533152992
0.009810607951078224,-0.004974843467235293,-0.008293197478817406,-3.1252922828494214E-4,0.2867789295544192,0.5546587241389367,2.58950842787088,0.19256684565769525
0.009778845807401336,-0.004976549861318926,-0.008291482016565488,-3.6499541873917437E-4,0.2761260474482293,0.5204017388753835,2.590770256361788,0.22564825586374174
0.009794680392953534,-0.004975631977326812,-0.008292330648381014,-3.38831440995115E-4,0.2815067667755243,0.5374595793510965,2.5901371762809826,0.20914475470412144
0.01003141635791232,-0.0049718744242272786,-0.008299687464837684,5.186479699819741E-5,0.36125107523858296,0.7967123195513208,2.57706775062158,-0.036677761465413315
0.010047127556945,-0.004971866233740081,-0.008299330448714169,7.7794711119059E-5,0.366522286099444,0.8140612403885118,2.575611737050736,-0.05298824847837047
0.010062924040740679,-0.004971949101436528,-0.008298936613617249,1.0386324114666257E-4,0.3717236970911182,0.8315426942126208,2.57412212988848,-0.06938040548224572
0.010078765454785957,-0.004972231214548402,-0.008298632497686241,1.3000977017331544E-4,0.3769414830331051,0.8491615740356108,2.572687224880875,-0.0858117888756162
0.009992187170959545,-0.004957325075606964,-0.008282828329312346,-1.282421055879755E-5,0.34444004938437617,0.7489417516600757,2.568569598481416,0.0013464829513570925
0.010007879240871457,-0.004957179838232112,-0.008282662641627801,1.2947254721457412E-5,0.34960944500139807,0.7661562133192495,2.567226177474272,-0.0149344831351146
0.01002350377370407,-0.004957207463589558,-0.008282560847929695,3.860710060751865E-5,0.35478018625262736,0.7833615542033328,2.5659272248770644,-0.031124102820881416
0.009576455909857676,0.005017971256234513,-0.008303240727004805,7.058669644735503E-4,0.21174096913689008,0.30751439849015294,-2.613526004286119,0.44461174216131294
0.009560809133749614,0.005019326211946599,-0.00830098028842694,7.319710084510452E-4,0.20746390713236326,0.29069658488150657,-2.613170916634202,0.4612357970602993
0.009567447932898649,0.005004569209313188,-0.008284789376130358,7.173398533266416E-4,0.2045298731102613,0.29892058611035144,-2.6029282704518937,0.4470177385822431
0.009639082495257915,0.0050130431569171624,-0.008311454252986683,6.014870258499275E-4,0.23362303889519767,0.37488169044931735,-2.61426661560401,0.3792678139952297
0.009645954659442402,0.0049986437417376415,-0.008295429949769976,5.872024586531695E-4,0.2309943396822515,0.38273818349219185,-2.60382175024056,0.36494652302510305
0.009623420217022645,0.005014201401274545,-0.008309525556301524,6.275684653442565E-4,0.22717514102606803,0.35808412963475317,-2.614200840599943,0.3954451967195077
0.00963028453746007,0.004999744330818495,-0.008293492331489155,6.131883097756037E-4,0.22599614365714107,0.3659360977378694,-2.603733920406419,0.38138863948890694
0.009607761596875476,0.005015408839722729,-0.008307513964112277,6.536569850140052E-4,0.22122434774657204,0.34124305423219453,-2.6140519591789335,0.4116992026221215
0.009614610316513285,0.005000867989981548,-0.008291441308421464,6.391730916015465E-4,0.22092137033500236,0.3491759630203386,-2.6035902338151335,0.3977923404060735
0.009592106779443133,0.00501666546169899,-0.00830541891502038,6.797583111176421E-4,0.216141118349117,0.32437439395176737,-2.6138235078878154,0.4280864952195638
0.009598912396114032,0.005002031583643862,-0.008289290595481856,6.651902610405261E-4,0.21563119470196976,0.3324307659395132,-2.6033997475808612,0.41418003784644725
0.0095831871734626,0.00500325982874659,-0.008287066286485368,6.912510640072986E-4,0.21012465177189119,0.3156800432413722,-2.6031762876127575,0.4305823268390759
0.009715744153674408,0.004979376859288836,-0.00828570252431955,4.690747161812786E-4,0.2549310668610482,0.4521999347368321,-2.5916954021395244,0.2913740760113242
0.009699946909125248,0.004980539480220403,-0.008284434687607771,4.951836505933373E-4,0.24969856971244223,0.4352979786295405,-2.592059258757276,0.3078672234098181
0.009684221329714622,0.004981758965150666,-0.008283103528699346,5.211820277937438E-4,0.2443860058953193,0.41849044143589104,-2.592377288955475,0.3242963797159018
0.00966851441290789,0.004982900693578469,-0.008281543137105352,5.471303776080549E-4,0.23901723810555295,0.40167526961493216,-2.592542277249797,0.34070537817211943
0.009652828185481186,0.004983975807596156,-0.008279767391714222,5.730234699921977E-4,0.2336741286709334,0.3848611102826545,-2.592564043035686,0.3570929240337291
0.010182149812831694,0.0049593699937415395,-0.008275862157668372,-2.9902338412553177E-4,0.4066017496686776,0.9591484015377846,-2.548531633154346,-0.19558800862613498
0.010166091341689576,0.004958867243489059,-0.00827685950910842,-2.7266999330642964E-4,0.40139510848668264,0.9412147593244232,-2.5505398552327225,-0.17894760022001932
0.01015008412271462,0.004958650321632401,-0.008278041908091406,-2.464183939806704E-4,0.3962586311013782,0.9234494614806007,-2.5526681070067183,-0.16232469677755923
0.010134212833399724,0.004958719218260594,-0.008279404158067147,-2.2040086401984034E-4,0.3912184624379644,0.9059429470627925,-2.554904984682821,-0.1458060428607204
0.01011849216551656,0.004958860875017695,-0.008280698351739864,-1.946211352009507E-4,0.38621319423187916,0.8886332699288942,-2.557076099091392,-0.12943856664472939
0.010087287636990922,0.004959514370714495,-0.00828328689314667,-1.43428635566228E-4,0.3763082513954173,0.8544214890836447,-2.5613808255110815,-0.09691958524980147
0.01010281981007021,0.004959036798663032,-0.008281889426394075,-1.6890857624072726E-4,0.38120410038871655,0.8713960572569383,-2.559165467137467,-0.11312503502933778
0.010071232087925012,0.004959680089485375,-0.008284198993086205,-1.1706450973790216E-4,0.37115107052117824,0.8367533222951044,-2.5632809785192685,-0.08021602840102537
0.010039710755073053,0.004957003704627378,-0.008282033554411589,-6.521447613437897E-5,0.3601288648074254,0.8011139174452985,-2.5642644150625564,-0.0479335204057131
0.010055872893188735,0.004957056196388975,-0.008281661309491121,-9.17481176599356E-5,0.3654672962446097,0.8189297619303231,-2.562741691758856,-0.06467957105344989
0.009874043151975926,0.004973098006207088,-0.008296855242418804,2.0787217539059135E-4,0.30803099122674743,0.6237454024434252,-2.5871366657139916,0.12663165368571086
0.00985820684876876,0.004973456383819402,-0.008296065627456434,2.3400108115749558E-4,0.3027255846054331,0.6064664683219241,-2.587807294643479,0.14308146803583252
0.010023970897860822,0.004957300476859266,-0.008282664384144914,-3.937638425332224E-5,0.35500644872656567,0.7838880472275892,-2.56593469337947,-0.031575895564832694
0.010008409820614128,0.004957230429774061,-0.008282721089740645,-1.3820631415346357E-5,0.3498441436934891,0.7667430648464904,-2.567198616443866,-0.015464279850569902
0.009992750313590926,0.004956998741254555,-0.008282447908462283,1.1896420585591754E-5,0.34461017134008376,0.7494451755490306,-2.568242742063814,7.186304832501987E-4
0.009937035684111485,0.004972171167546545,-0.008299167504106373,1.039189426660119E-4,0.3294309730592134,0.6927465280048005,-2.5839156335445703,0.061222361112630456
0.009921282855458185,0.0049724055494880124,-0.008298804083104435,1.2992122876590926E-4,0.324033711863358,0.6754796355620646,-2.584866879057975,0.07758131474300149
0.009889826101192165,0.004972804451375667,-0.008297574907145881,1.8183005634420712E-4,0.31335287965594233,0.6409991163368921,-2.586423478741152,0.11023904390426352
0.009905561531838207,0.004972584673576298,-0.008298236519036046,1.5586546016214543E-4,0.3186732770085184,0.6582352744706331,-2.5856760819884657,0.09390180139256886
0.009976910431728969,0.004956765239955229,-0.008282030234891229,3.7904056215805294E-5,0.33928783536837054,0.7319554820246527,-2.569197122035345,0.017083646824951847
0.009960919362573298,0.0049568492508715424,-0.00828184050927412,6.416019910384204E-5,0.33395954428768126,0.7144142212039625,-2.570314220557478,0.03364851245237677
0.009944961286823524,0.004957387338628084,-0.00828204120034824,9.03751513156374E-5,0.3287339430557789,0.6970612037233918,-2.5716932938899615,0.050249004261758934
0.00973163960293425,0.004978393735124418,-0.008287053679720489,4.4283055351130256E-4,0.26013348686054366,0.4692720420543219,-2.5913821583550742,0.2747955833766304
0.009747580432851118,0.004977638687270808,-0.008288535236700603,4.1654055003783995E-4,0.2653578478040277,0.4864788144309871,-2.5911563589957063,0.25818902762264084
0.00981074387734928,0.004975356276471101,-0.008293814195329692,3.123664478940441E-4,0.2868320538206542,0.5550061306679099,-2.5898917052989265,0.19244497916106842
0.009795049116645358,0.004976006166655649,-0.008292812340368204,3.382762704564535E-4,0.28140020760160417,0.5379959094808858,-2.590410763578363,0.2087842331130941
0.009779320403561977,0.004976548783014184,-0.008291539533584661,3.642210953752172E-4,0.27598357556323677,0.5209157491492423,-2.5907524252355105,0.22515449815923863
0.009763492607002685,0.004977064172043641,-0.008290080036525725,3.903136283636463E-4,0.270634140543867,0.5037270935040129,-2.5909784776353146,0.24162652147387123
0.009818247974486377,0.004960360632442822,-0.008276947381708822,2.984533468729038E-4,0.2865208573885288,0.559146751835991,-2.5780508544483474,0.18168221817123395
0.009834121212141864,0.004959288234993748,-0.008277261819546813,2.723374522640662E-4,0.29171315924582797,0.5761892356934215,-2.5770370876241198,0.1651058174503323
0.009850144863836587,0.004958662308259867,-0.008277971420828452,2.460196160073269E-4,0.2970343246477385,0.5935303851325325,-2.5762797151766037,0.14845351268887005
0.010482115864245035,0.004980269439076673,-0.008243664716197904,-7.916551246171182E-4,0.5013257603556375,1.3001922549792546,-2.4991462479334388,-0.5066761931952503
0.010962217212848758,0.005033443713106394,-0.00810700532787783,-0.0015702755022441665,0.6255317578863524,1.850988164635076,-2.3400201017456754,-1.0045074126800762
0.010946684689714993,0.005031758332756772,-0.008113579352523827,-0.00154566971328883,0.6223756958050152,1.8336795649673234,-2.3473076184374424,-0.9886388342445996
0.010931465252095077,0.005029207799576528,-0.008118833761708832,-0.0015210261001718467,0.6188407402140143,1.8159671766701784,-2.3534931224404017,-0.9729337918882148
0.010994351032907692,0.005038597428430473,-0.00809489437122528,-0.0016219594857983923,0.6325679347493317,1.8879511924480876,-2.325980597382745,-1.0374909035096982
0.010972232493161349,0.00501812828363673,-0.0080836363386194,-0.0015769388152492468,0.6203535333058253,1.8491755178202813,-2.3205802714955577,-1.0122209471876358
0.01098867450947484,0.005020576455027387,-0.008077211643219914,-0.0016031088256899374,0.6238202470375819,1.867742178012012,-2.3132117587368133,-1.0289292356277302
0.011010826712493408,0.005042260737277459,-0.008089635262731468,-0.001648985120473888,0.6364912519525793,1.9076672471569622,-2.319448903544408,-1.054537667041407
0.01102643833360466,0.005047369159696448,-0.008086407679140213,-0.0016755352721667548,0.6409341100942955,1.927678315399407,-2.314562797561513,-1.0709700729746467
0.011052013378293247,0.005037445425142374,-0.008059576192820396,-0.0017079414979504738,0.6398403114289426,1.9449945834093152,-2.2898819061213502,-1.094421065855718
0.011037561611933982,0.005037365943247842,-0.008068176970885523,-0.001686294934681766,0.6379424748202319,1.9305442606688437,-2.2987816884813075,-1.0801934884937736
0.010727162905115271,0.00499363618644823,-0.008174582860626856,-0.0011870535776805512,0.5656324277054378,1.5752068400781682,-2.4219555884745385,-0.761228935112034
0.010711561997509028,0.004992743582472563,-0.00817996773313804,-0.0011621556954634694,0.5619146835200333,1.5578746802212775,-2.4278212035436617,-0.7451159033821947
0.010696242138751153,0.00499085485708355,-0.008183932840670578,-0.0011372575680861708,0.5578165148173414,1.5401876175300504,-2.4325456442013293,-0.7292392728479672
0.010680922284864669,0.0049879620459626515,-0.00818658571506396,-0.001111943952223471,0.5532751536460457,1.5218826084331167,-2.4362541697588145,-0.713337214542849
0.010665322217588091,0.004985695691065503,-0.008189942664676415,-0.0010864208711484672,0.5488761703075814,1.5036570126231952,-2.4405010567181473,-0.6971679835558254
0.010649569700147287,0.004984146088719985,-0.00819405389250797,-0.001060907000889502,0.5446681055710388,1.4856816983765755,-2.445305472998879,-0.680852101956886
0.010634167680451438,0.004982999235601768,-0.008198365508126993,-0.0010360659598650927,0.5406481952648391,1.4683020370465678,-2.4501971550630723,-0.664895038418373
0.010618814615489428,0.004981050475595505,-0.008201582547076376,-0.001010986170933326,0.5362847055703176,1.4504900405220758,-2.45423278300945,-0.6489769548137527
0.010603720812798255,0.00497828441849107,-0.008203616980040435,-9.860211923894172E-4,0.5316111584832145,1.4325126075907966,-2.4573377828702867,-0.633345335543963
0.010498014264917662,0.004981560788844373,-0.008240732121109167,-8.176795564702599E-4,0.5060201131096037,1.3183869480466142,-2.4954808080573176,-0.5232238537845747
0.010513958387595465,0.0049831243614575265,-0.008237960264815701,-8.438367060524594E-4,0.5107860734716544,1.3367682510624708,-2.491910639540022,-0.5398085803440424
0.010561669705527965,0.004988119252339686,-0.008229160730678945,-9.221014629023603E-4,0.5248849451873895,1.391929512054338,-2.4807284727473475,-0.5894502349181265
0.010529856470329522,0.004984750010601548,-0.008235128873331271,-8.699211342248194E-4,0.5155170764393052,1.3551311982095235,-2.488280425645778,-0.5563478706852664
0.010545738217999444,0.0049863800259383854,-0.008232161677809637,-8.95963499093215E-4,0.5201892402321927,1.373475334843078,-2.4845286980387544,-0.5728736230770929
0.010587705603974013,0.004976235073789148,-0.00820666770992408,-9.598284677953733E-4,0.5269931593209113,1.4139181685372773,-2.4612689550878595,-0.6167511473383683
0.010571787723973982,0.004973964534057312,-0.008209280009699964,-9.337053472897308E-4,0.5222177275287218,1.3953261800689039,-2.4648477817474945,-0.6002765006832095
0.010838390623386804,0.005010587662042328,-0.008144456663072619,-0.0013682106980029663,0.5947423990749705,1.7049589627133888,-2.385555838863272,-0.8763806866535827
0.010916123810603447,0.005025801413398325,-0.008123016564159402,-0.0014957116835363751,0.6148491203774502,1.7974575312205185,-2.3588390939119126,-0.9569876898543602
0.010900541786422099,0.005023014351049158,-0.0081279078079989,-0.0014703322076245467,0.6110364288448208,1.779148931573144,-2.3647231775997657,-0.9408712887932443
0.010885360375294814,0.0050207038141894715,-0.00813300681483359,-0.0014457845963744807,0.607447510941994,1.7615795040551914,-2.370678070295234,-0.9252001641004902
0.010870548044964777,0.005017077554501107,-0.008136248181148593,-0.0014211161748087667,0.6033040469752632,1.7434072605342543,-2.37511758846222,-0.9097528032179577
0.01085482478246829,0.005013046904476408,-0.00813933647669343,-0.0013948370136136095,0.5987606060708613,1.724004800302908,-2.379530634754922,-0.893354329436714
0.010759499735050346,0.004997184447357555,-0.008164956404248814,-0.0012392459233221303,0.573811820063039,1.6121109976663555,-2.4108797477768333,-0.7946493561292999
0.010791820507304536,0.005004561184329897,-0.008159203076411306,-0.0012930024970808109,0.5833149620473357,1.6514552783214163,-2.402623110271683,-0.8282685785791625
0.010776143088375144,0.005000080022478909,-0.008161014305616788,-0.0012665272397974013,0.5783328585717645,1.631771777872182,-2.405899754456606,-0.811899844763582
0.010802515058542688,0.00499381870697331,-0.008141779265029995,-0.0013047218310986,0.5809810894593933,1.655574053961254,-2.3879908418971625,-0.8384577637571834
0.01083230601418221,0.004993662991508712,-0.008127649328237167,-0.0013507000144755716,0.5865657299576009,1.686767971242048,-2.373446946786231,-0.8687086229212359
0.010816431490892807,0.004993738777361182,-0.008135233477270784,-0.001326229826380639,0.5836199543073474,1.670172525610852,-2.381252933575324,-0.8526092667109718
0.010736385517028322,0.004977846707658283,-0.008152293746104093,-0.0011948724973015192,0.5613202249439811,1.5750461507232971,-2.4039557188597325,-0.7699699252536071
0.010752944202141132,0.004979410733862845,-0.0081470644977701,-0.0012213261956703274,0.565345082691561,1.5936164666014785,-2.3980285445799976,-0.7869577632986734
0.010229682830952627,0.004962567236010411,-0.008274060596393946,-3.7720998761807856E-4,0.4223525104752632,1.0129424806421061,-2.543350321513106,-0.24466512976940816
0.010198201987967807,0.00496016140186899,-0.008275058463314215,-3.2539214643241603E-4,0.4118658379320033,0.9771916666853117,-2.5466534238186203,-0.21218869812773652
0.010214071917311014,0.004961373394790897,-0.0082746251814427,-3.5151185116476426E-4,0.41716915424334305,0.995206180158935,-2.545041973006676,-0.22855461549367698
0.010269181508954412,0.004948184835647251,-0.008251568980293,-4.395758664300282E-4,0.4303190509523242,1.0506955515328806,-2.524016350353312,-0.28724923443427347
0.010238229354469506,0.004948479483184806,-0.008256375420661972,-3.892841275903622E-4,0.4210410902613844,1.0167362077511444,-2.530099257530606,-0.25506995586009523
0.010253484257935664,0.0049482504534283924,-0.008253976752086984,-4.140705686274367E-4,0.42560576142875045,1.033443443669163,-2.527086660756609,-0.2709402115015663
0.010285027605075376,0.004948572724316295,-0.00824952825300357,-4.653716855860242E-4,0.4351678337113792,1.068295778627941,-2.5211819361543744,-0.30366877570179024
0.010300968757259188,0.004949156148939764,-0.008247557076600463,-4.913369831553326E-4,0.4400634181992334,1.0860819435821643,-2.518376324467239,-0.3201709897906638
0.010317076710238158,0.004949817511067629,-0.008245502029407202,-5.175702501054113E-4,0.44499217994769363,1.104084924288051,-2.515482903024154,-0.3368427684209026
0.010475254596653272,0.0049650460835613305,-0.008227672469367252,-7.76439861539345E-4,0.49422764739238456,1.2850477822755535,-2.487983790226979,-0.500285376758799
0.010459738830506868,0.004963684579625747,-0.008230211637424918,-7.511200708173849E-4,0.48959816840918263,1.2673362204805494,-2.4913236185453207,-0.4842120121232803
0.010333455731312004,0.004950589865201782,-0.00824337744608971,-5.44246198577075E-4,0.4499980680901405,1.122434528371035,-2.512502881016704,-0.3537903482544016
0.010366556626063301,0.0049543779052666805,-0.008241226600364512,-5.985673691549924E-4,0.46068226141006413,1.160518603246372,-2.5079784307180977,-0.3878878357928544
0.010350246622002027,0.0049516844149029016,-0.008241395084563874,-5.716358127663615E-4,0.4551617559462569,1.1413791928008934,-2.5095736888945557,-0.3711437904959833
0.010444232302440314,0.004961573638380547,-0.008231731697316502,-7.256110893490961E-4,0.48468258274711845,1.2492780977872198,-2.493902774153056,-0.4681965158829941
0.010428553043415237,0.0049603874469226214,-0.008234240150569548,-7.000500113609844E-4,0.47998716860532803,1.2314851274728253,-2.4972060786404047,-0.4519597843477509
0.010413124097219206,0.004959914388477925,-0.008237384268443995,-6.750446843523627E-4,0.4755679322502974,1.2142990193414382,-2.5009325644634632,-0.43593959372185226
0.010397682721464541,0.004958757499904252,-0.008239592204147857,-6.498387152831961E-4,0.47087700434804347,1.1967655713963847,-2.5039590174827175,-0.4199464995424033
0.010382622504073053,0.004956272041631393,-0.008240023029199997,-6.249481588606202E-4,0.46582426178719055,1.179059354413454,-2.5056525178301787,-0.4044577790517167
0.009545166597241004,0.005020730317030955,-0.008298638020207715,7.580650055665472E-4,0.2030514389667896,0.27393794918315617,-2.612770361608342,0.4779163249473124
0.009551713098054953,0.005005959036855891,-0.008282463270099162,7.434287766859047E-4,0.19898593566791375,0.28216203972402315,-2.602652884115868,0.4634855028607509
0.00952952844693864,0.005022183559254116,-0.008296213690627689,7.841519359259192E-4,0.19887679013241547,0.2572483279107948,-2.612341937774012,0.49462854433271025
0.009535995607098207,0.005007422524634154,-0.008280084023959076,7.694960859715628E-4,0.19347753864835363,0.2654135936806996,-2.6023399214460614,0.47997993406599976
0.00951389482992714,0.005023685925945949,-0.008293708293267189,8.102221918423644E-4,0.19459874973783278,0.240635002466194,-2.6118985216422814,0.5113214656276897
0.00952030507422739,0.005008962401148132,-0.008277658055600668,7.955282866566276E-4,0.1879878827531821,0.24868339146145288,-2.6019867503115717,0.49650869242877915
0.009498265893762124,0.005025237403992261,-0.008291123684639277,8.362576420710314E-4,0.18903642863824943,0.22408001725638735,-2.6114335398590085,0.5279150008744079
0.009504644797297743,0.005010570157027581,-0.008275177889916413,8.215203930645775E-4,0.18274531571091335,0.23198191300770735,-2.601591290986572,0.5130758819486193
0.009482641786463353,0.005026837979827507,-0.008288458947217223,8.622683882392375E-4,0.1825464394351585,0.2075418381166222,-2.610932291559025,0.544397867007891
0.009489001564408866,0.0050122090273158415,-0.008272599652342227,8.474837704920206E-4,0.17786835502114443,0.21531369322747942,-2.6011320277661363,0.5296563150159855
0.009467022656507902,0.005028487639427607,-0.00828571115490948,8.882833707339453E-4,0.17676026277599302,0.19100028861290377,-2.6103892280721115,0.5608449908003241
0.009473358153327253,0.005013857269635747,-0.008269894315141255,8.734359746746861E-4,0.17303170088621256,0.1986742098709802,-2.6005891177348643,0.5462238057150661
0.009451408652823316,0.0050301863683028455,-0.00828288011204289,9.143044455537712E-4,0.1717373580028693,0.1744699737012084,-2.609803789577107,0.5772991937607235
0.009457714924904506,0.005015536326528554,-0.008267085299390554,8.993799803337061E-4,0.16798076807699003,0.1820586324618583,-2.5999750044314287,0.5627891608747068
0.009109504197630085,0.005079937274184246,-0.00819996492950355,0.0014841270421152263,0.06344626797040843,-0.18635698172911666,-2.5834430402053643,0.9445125049086883
0.009114734497088906,0.005064841186199754,-0.00818430065679132,0.0014680450376840755,0.06125655546463227,-0.17930878066693198,-2.573931178955807,0.9304642714262027
0.009124966919156605,0.005077163713119264,-0.00820458308693339,0.0014583813533173104,0.06907909558447449,-0.17013704361793888,-2.585148239157827,0.9277004212740635
0.009094050136367162,0.00508275942783113,-0.008195261182403156,0.0015098839649583112,0.05903927131901884,-0.20258635217260035,-2.5816808201306776,0.9613691201783662
0.009099228608829986,0.005067634534452611,-0.008179585221553376,0.0014937444200884987,0.056907837218260114,-0.19558269310204648,-2.572124594133775,0.9473655082039371
0.009078604893063717,0.005085630146507708,-0.008190473886937957,0.0015356406628722116,0.05534321749567423,-0.2187859616653928,-2.579876552822135,0.9782722985768796
0.009083725168848016,0.00507048145972173,-0.008174790192465935,0.0015194385055786032,0.052334783368527614,-0.2118557092866812,-2.570254287498372,0.9642935702253288
0.009068245556403495,0.0050733981555801146,-0.00816994463454155,0.001545106097503411,0.04777294973107472,-0.2281221128127919,-2.5683328560966037,0.9812681483429354
0.009130229615244043,0.005062066342155743,-0.008188891740168019,0.0014423426702119876,0.06539553815744147,-0.16302462701244258,-2.5756526677499516,0.913558226347404
0.009140438143537983,0.005074438771579875,-0.008209118848843538,0.0014326292036207437,0.07511038515685696,-0.15394000665514054,-2.586802701541287,0.910847222879038
0.009145718743417032,0.005059295446869977,-0.008193345512171928,0.0014166270579319682,0.06969673450975232,-0.14672084123049786,-2.5772836067959237,0.8966459155831167
0.009155917713659414,0.005071762475906215,-0.008213578285730038,0.0014068357553820227,0.07983259292579509,-0.13773268613769132,-2.5884295482755664,0.8938755932368913
0.009161229926231553,0.005056561364713456,-0.00819771205142913,0.0013908756862834302,0.07448859517611407,-0.13039152036599166,-2.5788507591814844,0.8797605828915572
0.009171405472706822,0.005069134851839914,-0.008217963197869133,0.0013809898155594592,0.08289456541074053,-0.12146193842433578,-2.5900463571251304,0.8768213992428593
0.008817538964686684,0.005141833072035735,-0.008096813268271797,0.0019707032632356276,-0.01641977101698994,-0.49303463375475504,-2.539958336581478,1.2686197953961473
0.008802279697245051,0.005145572528467586,-0.008090585489900605,0.0019961164268738297,-0.021234366500789043,-0.5091339844861088,-2.5370599982407764,1.2857476589357266
0.008806710734238825,0.005130129456803257,-0.008074963792837406,0.0019786083356452076,-0.020449993177217782,-0.502474779917597,-2.527067582399819,1.2718564221491364
0.008787032289485814,0.005149359904790919,-0.008084270304209128,0.0020215403871210397,-0.02457924165945331,-0.5252745062071966,-2.534040685560932,1.3030232997315634
0.008791419259994129,0.00513383943959293,-0.008068581588784157,0.0020039062631148573,-0.02403918903153474,-0.5184829186874289,-2.5240619971154143,1.289042160470984
0.008771796903417487,0.005153195160361302,-0.008077869033536085,0.002046969360343124,-0.0265314437024201,-0.5414038326459831,-2.5309276044088094,1.3204678009052622
0.008776105349602577,0.005137621772732021,-0.008062122258379325,0.0020292458596875428,-0.027975302964055853,-0.5345145660245217,-2.5210003226552895,1.306260535888269
0.008756573701192634,0.0051570782538395065,-0.008071389689775457,0.002072371314908382,-0.028486980405656514,-0.5574760127229494,-2.527764018442643,1.3379863382044759
0.00876079571212861,0.00514150706718258,-0.008055637758006709,0.002054613413498447,-0.03204077715326165,-0.5505710436618042,-2.5178984437194303,1.323551591233273
0.008832809929953066,0.0051381415754483545,-0.008102958713617544,0.0019452805227600822,-0.011142666767726897,-0.476988061259352,-2.5427462315896023,1.2515311177597492
0.0088219807770823,0.005126448232130575,-0.008081222172425405,0.0019533212189040135,-0.017111337617630475,-0.486462433122176,-2.5300026809760072,1.2546548612431938
0.009057762454197179,0.005060874173951122,-0.008149638372199708,0.0015546091857634948,0.04805691615642548,-0.24328616003238898,-2.5543016658996645,0.9908896683644678
0.008894007537775724,0.005123855962596771,-0.008126761388236663,0.0018433144736637109,0.005245964439127695,-0.41274875702456243,-2.553276995887559,1.1829533899077305
0.008898588220675935,0.0051085308353126975,-0.008111110631955762,0.001826322620733699,0.0013706207623611448,-0.4060224992638581,-2.543708523803469,1.1686413388087284
0.008878691396530594,0.005127355233983758,-0.008120935957847776,0.001868811481066742,-1.112177351305054E-4,-0.42880786399042514,-2.5507339526791024,1.2000544792974606
0.008883252166157816,0.005112042535579435,-0.008105325397422593,0.0018517656298905033,-0.002171691174138714,-0.4221360489229305,-2.5411196022965323,1.185823651841244
0.008863386307324786,0.005130902618182379,-0.00811502443888259,0.001894316029928486,-0.004082277666436369,-0.4448890367896478,-2.5481238362876253,1.2171919283467347
0.008867910068362699,0.005115564121438931,-0.00809940691960158,0.0018771892607603276,-0.005817513407859808,-0.4382369380953511,-2.5384347259729334,1.2029948815433975
0.008848092431344245,0.005134498077970416,-0.008109029199700314,0.0019198177341633853,-0.007056138599361353,-0.46095360284921744,-2.5454595057334592,1.2343810781352613
0.008852570526991397,0.005119134758314634,-0.008093403370723548,0.0019026049015209072,-0.009773822931980454,-0.454334120088068,-2.535674877998965,1.2201860231435966
0.008837258650800308,0.00512277434010277,-0.008087353070866532,0.0019279922901875182,-0.013643135603683644,-0.47041618043831684,-2.5328662611567263,1.2374188171780347
0.00890306143713362,0.00509279032261382,-0.008095593062042257,0.0018095469483388664,0.006749171304174088,-0.4050654686403345,-2.530966822685724,1.161173231781213
0.008918404595977007,0.005089152881882991,-0.00810104384086119,0.0017841112354791985,0.010753206897763821,-0.3890792194040084,-2.533343669135085,1.1441093593184926
0.008933821503211413,0.005085583187071772,-0.008106476737046044,0.0017585790363142384,0.014756725775727423,-0.37301304676499253,-2.535699160193356,1.1270007216877123
0.009042422709270574,0.00506390984484346,-0.008144771165031163,0.001579949513717597,0.043692599724491264,-0.2593138464366589,-2.5523429400644146,1.0076616608253106
0.009027105063276574,0.0050668536520541855,-0.008139666543344899,0.0016051767078154554,0.03933971960362598,-0.2753535282487096,-2.550211090072939,1.0244169867311603
0.008949318107315496,0.005082106715131954,-0.008111923772438785,0.00173295598547998,0.018773585866622238,-0.3568516526259618,-2.538057780944371,1.1098432437444758
0.009011707133337897,0.005069718023159066,-0.008134280975643435,0.0016304495589798546,0.035059513865051246,-0.2915098150564594,-2.547882964149343,1.0412625491953909
0.008996176882421334,0.005072588331991572,-0.008128682719175747,0.0016558923288588333,0.030887441179998698,-0.30781495348862026,-2.545412843196037,1.0582662910828111
0.008980544572935635,0.00507556743741382,-0.00812300749682303,0.0016815175533222788,0.02681156144919421,-0.3242114240019933,-2.5428962035084495,1.0754158178851563
0.008964899531495648,0.005078746232369661,-0.00811741300359841,0.0017072460683635238,0.022789593415359924,-0.34058222594406456,-2.540440545065056,1.0926358655135269
0.008350725434314416,0.005279841802758871,-0.00786678189100337,0.0027487811497813714,-0.10447936204251605,-0.9871120149412252,-2.4163228344643035,1.812688310209911
0.0083535290486927,0.005264052622401463,-0.007850924506723207,0.0027293386749098147,-0.10863215181279247,-0.9798217132462749,-2.4060729052992897,1.7966458298740051
0.008365562078288624,0.005274683853955188,-0.007875383055544917,0.00272404010814759,-0.10310722995134751,-0.9713758321045406,-2.4215225072974644,1.7948015040001117
0.008368420333497748,0.0052588631266362795,-0.007859487170893563,0.002704641434469428,-0.10622541746766377,-0.9640559922216122,-2.4112201774055912,1.7789499056637113
0.008380414850021053,0.005269572541305844,-0.007883913182822435,0.0026992525936769384,-0.10248778962730161,-0.9555804524854817,-2.42667620386958,1.776910245305168
0.008395283607075693,0.005264507913819306,-0.00789236501019555,0.0026744396815631608,-0.10170902707738667,-0.9397289108483994,-2.4317441157556714,1.7591122623012048
0.008383348515048638,0.005253761000552078,-0.00786803513743335,0.0026799300054751395,-0.10363119874109229,-0.9482888013311529,-2.416305985338592,1.761306198028738
0.008410168207199323,0.005259490019987282,-0.007900729198933039,0.0026496290592806855,-0.0993814808103299,-0.923860715731171,-2.4366787986515015,1.7414665200132722
0.00839829466866653,0.0052487530616956825,-0.007876557743106236,0.0026552316183297933,-0.10118009286822573,-0.9325321950711148,-2.4213363814932656,1.743708180152525
0.007124973809367006,0.0059092513639708525,-0.006817802518195119,0.004791620079204679,-0.05215891335507348,-2.2392320096075364,-1.5497840809655001,3.2885047583155704
0.007112136501017047,0.005918303733587968,-0.006802709188022695,0.004813024064119221,-0.04851461749617259,-2.250584043719448,-1.5347607247599295,3.3024677750283957
0.007110562196241448,0.005902286350942805,-0.0067883345951910146,0.004786630718802808,-0.05349572316623386,-2.236559636808139,-1.529207614781994,3.275515869218211
0.007099327720783186,0.005927396369816588,-0.006787544745570872,0.004834386240448215,-0.04422971726708987,-2.261826517292795,-1.5196224830351746,3.3163706444176455
0.007097699667094184,0.005911392037291175,-0.006773228104438605,0.004807921376711329,-0.05068265435296968,-2.2477506875734146,-1.5142735579316868,3.2892186225664193
0.007137839516247016,0.00590023935268864,-0.006832814860435761,0.0047701882552822926,-0.05434646172193119,-2.2277868284539712,-1.5646590868651318,3.274478692660262
0.007123450833969582,0.005893243182820091,-0.006803386261253256,0.0047653284212690605,-0.0565666563531722,-2.2252841326338686,-1.5440289879123856,3.2617275754415016
0.0067887376566984434,0.006167534192912689,-0.006387347129155796,0.005351995215044018,0.04424413534963583,-2.507822956008602,-1.1076875481077204,3.6204680077929545
0.006785587824163785,0.006151701890776196,-0.006374011537789896,0.005324024459617583,0.03917123815152645,-2.4916647537499874,-1.1059630623954195,3.5912244714519796
0.006800793525181948,0.0061574646479853655,-0.006404135075741244,0.005331895535835314,0.04004446842466516,-2.4994509169290886,-1.1253921670293405,3.6100128887668483
0.006776713476601134,0.006177641567294448,-0.006370494129579424,0.005372044377966602,0.04868301747546547,-2.5160434865134165,-1.0898610248765022,3.630803944566935
0.006773510991217028,0.006161790712674355,-0.006357217479783075,0.005343957861299694,0.043066284097687806,-2.4998630452104744,-1.088374793979779,3.601455901890182
0.006764721103672905,0.006187786671370487,-0.006353577934758779,0.00539204081049828,0.05323894697855556,-2.524115024298226,-1.0719238372008735,3.6410197112712637
0.006761471183601624,0.0061719319515487385,-0.006340377090742076,0.005363863092901703,0.04695529651317953,-2.507950650863386,-1.070706323900591,3.6115589590816017
0.006752760656429177,0.006197969404967168,-0.006336601083453762,0.00541198151890459,0.057745157569598554,-2.532043549095222,-1.053892964583628,3.651103661267241
0.006749468349978798,0.006182126612805513,-0.006323490330062353,0.005383742450461924,0.05088200454711691,-2.515925235947732,-1.0529524985124132,3.6215357467099634
0.006740832253114333,0.006208189667499153,-0.00631956499547593,0.005431864868364319,0.06211667782347887,-2.5398355947866276,-1.0357809565565335,3.6610399975453265
0.006737502900981552,0.0061923688148389526,-0.006306555127342202,0.005403586070215966,0.054875957285235366,-2.523778799495059,-1.035112221587051,3.631377200838395
0.007536365807734407,0.005649079802306202,-0.007251389932005074,0.0041060200241849155,-0.12089809009906381,-1.8444650362866388,-1.9558877046746188,2.8103259955263034
0.007536317981321177,0.0056330314066913465,-0.007235855141593003,0.0040821312708863786,-0.12676101706498985,-1.8332786356281778,-1.9467820549597958,2.7875960050436333
0.007550046640288173,0.005641361619124992,-0.007264256862245431,0.004083212664354679,-0.12283791208379509,-1.830618817288429,-1.9670599291189854,2.793605862996196
0.0075637516394397915,0.0056336864604488515,-0.007277064091012896,0.004060343603510774,-0.12570037615781718,-1.81669116806743,-1.978192034193673,2.7768016769946033
0.007550041066016296,0.005625266153793083,-0.007248643782001039,0.004059350712635009,-0.1278975660698819,-1.81943678435183,-1.9579015079487785,2.7710470356276584
0.007577480671187593,0.00562605440116932,-0.007289798434887842,0.004037436326106842,-0.12832132279104919,-1.8026687924663658,-1.9892229255911154,2.760010317143316
0.007563818740520819,0.00561757584184227,-0.007261431819161266,0.004036552226862808,-0.12883450980328373,-1.805547208104101,-1.9689175120767832,2.7544996382592646
0.007605010296224526,0.005610919877832093,-0.007315009046303527,0.003991578622030064,-0.1291622213966673,-1.7744359133217233,-2.010785099363283,2.726508527751422
0.007591233601480755,0.005618465515670953,-0.007302446108347432,0.0040145157733323476,-0.1293843603082561,-1.7885731033198695,-2.0000885512525723,2.743270132679546
0.007591452275245981,0.005602412435195551,-0.007286881607547824,0.003990946844129929,-0.131344746924015,-1.7776565168515859,-1.9906305438403364,2.721324584505115
0.007577629829859216,0.005609970123442192,-0.007274198705595759,0.0040137627636341175,-0.12991921959282474,-1.7916264489596863,-1.9798325577789948,2.7379474725230364
0.007744054766749506,0.005537858013848688,-0.00743675353949234,0.0037598873129796925,-0.1361995330655318,-1.6303877196367826,-2.1114498315380708,2.5554968942139364
0.00774470722339339,0.005521766594264215,-0.007420847526340479,0.0037371550682453506,-0.14135448440004647,-1.620450474974194,-2.1015009211213784,2.534926003974174
0.007758084012921949,0.005530792832404855,-0.007448536114092359,0.003736490900938284,-0.1376229402317873,-1.6157838984808761,-2.1209489452705967,2.538018922616372
0.007730047808600203,0.005544967222482056,-0.007424905846476707,0.0037832301821610543,-0.13539149757606103,-1.6449360657266714,-2.101907743079568,2.572892922597566
0.007730678095832052,0.005528929150771339,-0.007409100449643513,0.0037604657359721553,-0.14092981531043078,-1.6350302805478873,-2.092023998022611,2.5521331886965117
0.0077862088325336065,0.0055167948221336366,-0.00747188648765179,0.0036895753238828186,-0.14029185853248494,-1.5863798347807245,-2.139691816208327,2.5030542976194234
0.0077870126608784096,0.005500666070943107,-0.0074558798906571725,0.003667089432450838,-0.141910324295071,-1.576485635261698,-2.1292834291438436,2.483274157709863
0.007800304138943856,0.005509862126966205,-0.007483450021022527,0.0036660646172411416,-0.14131267073470546,-1.571576645732853,-2.1488711318607723,2.485619775027037
0.007772135412910414,0.00552377174603527,-0.0074602480526913565,0.003713051694095777,-0.13904236559055852,-1.6011153909281444,-2.1303751304546266,2.520525780758042
0.0077728789251696045,0.005507629589072722,-0.007444237817148862,0.003690457213011454,-0.14177745338148687,-1.5911683196959319,-2.120120035585685,2.500497274817181
0.0077587766025146694,0.005514663271571976,-0.007432559832449064,0.0037138126736778556,-0.14160294049496172,-1.6058247671473718,-2.1108635268507743,2.5177124010809737
0.007913837755386942,0.005456000980507259,-0.0075732069203307524,0.003476865287027581,-0.1408872644902999,-1.4517262179264698,-2.2173662732271224,2.3456814714390366
0.007915147975565754,0.005440047353406142,-0.007557344217914278,0.0034552207881306247,-0.14271315498246806,-1.4427256314786439,-2.207174487778218,2.326732692831133
0.007928123681040953,0.005449469424458649,-0.007584085854238513,0.0034530710950349936,-0.13984668804228084,-1.4366056249965382,-2.2254634538479925,2.328068884727111
0.007899572429957714,0.005462577381044802,-0.00756223908639896,0.0035006560423162807,-0.14018894937312718,-1.4668180718988622,-2.2091350080638983,2.363343667982889
0.007900817305445678,0.005446603548728058,-0.007546354907687575,0.003478912560270131,-0.14291483062389074,-1.4577460843439445,-2.198961121407781,2.3442097462641835
0.007885327849796304,0.005469198559067848,-0.0075511935018667915,0.0035244191464412246,-0.13894936700577024,-1.4818571667486593,-2.2008040496849572,2.3810438653757124
0.00788652670420044,0.0054532247179263985,-0.0075353352636341325,0.00350257148610688,-0.1433565781198571,-1.4727287052562907,-2.1906597576777447,2.361674215789673
0.007871104159928418,0.005475864446977092,-0.007540085632814784,0.0035481214030600727,-0.13898483658742003,-1.4968511421680386,-2.1924178533111602,2.398672635111652
0.007872280449152747,0.005459921131496862,-0.0075243003186911475,0.0035262108924532256,-0.14359279447165366,-1.4876811604544713,-2.1822694783733243,2.379168575797198
0.00785690150535659,0.005482574976576021,-0.007528916357294197,0.0035717611148445767,-0.14047486500721482,-1.5118311683738057,-2.1839774487291392,2.4161545357240843
0.007858053768939144,0.005466658684763603,-0.00751318572285879,0.00354981710583251,-0.1433408065448619,-1.502597968775506,-2.1737528171739897,2.396668949813901
0.007842720031054358,0.005489330079069643,-0.007517672804471039,0.00359536563256497,-0.14190059317369924,-1.5268130063236225,-2.17543768573104,2.4335254940927573
0.007843823123792719,0.0054734017371445365,-0.007501927522733892,0.0035733668853316016,-0.1428242813964139,-1.5174647717314473,-2.165082856146079,2.414112536553755
0.007828559881960462,0.005496129685063256,-0.007506346072746239,0.0036189535890081164,-0.14233663655250445,-1.541780776450968,-2.1667503531919055,2.4508663769530745
0.007829590703399232,0.00548015207056975,-0.007490530367460704,0.003596855046960701,-0.14240927654360325,-1.5322761736883903,-2.156275011653783,2.4314733560157866
0.007814421202973038,0.005502973724561289,-0.007494937250102941,0.003642522535272003,-0.14202693935602387,-1.556707860542898,-2.157894401963732,2.4682256266151414
0.007815371834904897,0.005486934895556395,-0.007479037895481085,0.003620296005660091,-0.14217733793353457,-1.5470428860962864,-2.147361919430427,2.448772619298715
0.007801177557238977,0.005493769732038103,-0.007467482620972737,0.0036437045763504923,-0.1420326130451355,-1.5617775319263494,-2.13836312265618,2.4660353691500507
0.007929494850722496,0.005433512149598876,-0.007568230179383043,0.0034314665972202322,-0.1428047869947889,-1.4276550092464326,-2.21526528129316,2.3091846951151145
0.007942430061865232,0.005442982779307931,-0.00759488344520952,0.003429256981543545,-0.13805378033674767,-1.4214779637910075,-2.2334479636100935,2.3104032922541284
0.007971103608784268,0.005430144484372425,-0.007616290267978249,0.0033814457429477023,-0.13893670108173692,-1.3911186674254108,-2.2492592781773912,2.2747102100544185
0.007956756752799632,0.005436541110871044,-0.007605617269810191,0.0034053841101828798,-0.13770317738433444,-1.4063277268778052,-2.241373971956548,2.29259868010951
0.007958239334772202,0.005420468020282366,-0.007589654754444162,0.0033837418284747753,-0.14210391487938334,-1.3973647298150773,-2.2310415441026574,2.273928756238043
0.007943851048233279,0.005426974619384259,-0.007578980283451741,0.0034076337598555324,-0.14272378240981706,-1.4125308725925974,-2.2232125124247033,2.291562435504604
0.006020517979210121,0.0069728358408883565,-0.005045160129932071,0.0066323763557184735,0.36103293242205936,-2.721004637190416,0.3047833068666169,3.9094648665940723
0.0060141790679028384,0.0069581488106728465,-0.005038989780439716,0.006602686872616316,0.3482702613886384,-2.708731510206619,0.28991520019935724,3.881973094604311
0.006030047672386859,0.006960348948237811,-0.00506596231464092,0.006616500603100389,0.3571689142997925,-2.723679287113628,0.2840937455848853,3.9121805897833752
0.005964167835846036,0.007048380318743569,-0.004919312091182386,0.0067262486961300735,0.3822227748491002,-2.7020541355308487,0.4281452461824089,3.8883586135833563
0.005948255721211525,0.007046458388351547,-0.004892762378902099,0.006711994919548909,0.3775505090718165,-2.686500503586895,0.43258092986664437,3.85775671035085
0.005973460492812782,0.007035716006004061,-0.004940404707060071,0.006710771648075163,0.3793638366766337,-2.7056231982577645,0.40764766972604577,3.8924503246957394
0.0059575904429343485,0.007033774404286027,-0.004913848010193529,0.006696632100496125,0.37352374464205756,-2.690173334996498,0.4123199513460896,3.8618794718989933
0.005982792885230834,0.007023080955577061,-0.004961449756903991,0.006695227446212326,0.376136783715604,-2.709021049738712,0.38713423929710217,3.8962829313807794
0.005966933073239897,0.007021114896675632,-0.004934837139572394,0.006681173785715308,0.3692469930951174,-2.693675480829643,0.39200947575738826,3.8657400184654196
0.006011027561188927,0.006985352610601758,-0.005024324668745203,0.006648174074839736,0.3637241720533561,-2.7182406007864146,0.3253906978864777,3.9064896393927877
0.0060046821524752485,0.006970709896282959,-0.005018298512519171,0.00661857839879136,0.35269172083269235,-2.706085399149916,0.3104136063783281,3.8792090555987317
0.00600157651125932,0.006997899134824615,-0.005003428422916301,0.006663914678666571,0.36704735823587537,-2.7153433303068986,0.34597515904721643,3.903275016944221
0.005995189929347296,0.006983272468529581,-0.004997510074885998,0.006634338322292981,0.357135673276576,-2.703233308583245,0.33086314091772434,3.876157068972424
0.005992164921919909,0.007010475290801107,-0.004982463209304829,0.006679604319131394,0.37162408988561607,-2.71226847054878,0.3665669285672093,3.899873004205747
0.005985717836002804,0.006995852816327748,-0.004976646936966437,0.0066500001803680596,0.36125055437386694,-2.700197648759248,0.3512673502009788,3.872850852999189
0.005976298361744726,0.007008469075792578,-0.004955755131315964,0.006665614419955044,0.3651638708065528,-2.6970105681485665,0.371649869657344,3.869374090433722
-0.004981828990357552,0.010498179940683939,-8.180196165208472E-4,0.008240987500147125,0.021995347558999175,0.5106738677311954,-2.5776561852401776,0.222862289734946
-0.004983141525525428,0.010513821416674384,-8.436175987875262E-4,0.008238007123385927,0.016875607240027513,0.5270170075204547,-2.5767008990438787,0.20617117630844062
-0.004984251091383357,0.010529536192661478,-8.692506276407873E-4,0.00823462507221928,0.0117142804860026,0.5433824734614711,-2.5754817572080424,0.18936756029609067
-0.004985864484162488,0.010666871273109115,-0.001088932103241206,0.008189528037486864,-0.03269552035102124,0.6845771481425044,-2.554487228371555,0.04116136663162554
-0.0049882084945002785,0.010682634341299927,-0.0011147402216437243,0.008186184614197492,-0.037599029257043164,0.7012845214506708,-2.5533114745662306,0.02463622859909402
-0.00498554070213475,0.010545433579008447,-8.95206411186211E-4,0.008231255833255338,0.006511391896308197,0.5599759095546074,-2.574283885827462,0.1724136725637466
-0.004991464489724282,0.010593565022080762,-9.743241304577208E-4,0.00822253863542839,-0.009001294842988679,0.6107284437545565,-2.571676430594842,0.12152977843828923
-0.004989179865784547,0.0105776698909515,-9.481015249581974E-4,0.008225180453540053,-0.003919680542707142,0.5938799165383615,-2.5723734910631446,0.13826588163217057
-0.004987143602225791,0.0105615455852282,-9.215825977958496E-4,0.008228040637599346,0.0012754494011048818,0.5768660290555779,-2.573207067781023,0.15530026667768101
-0.0049836813068877195,0.010650972006138222,-0.0010629528271871608,0.008192966330492516,-0.027702693733716675,0.6677681726255317,-2.5557161650355464,0.05787325245539698
-0.004981751603718824,0.01063505618245405,-0.0010370206893680989,0.008196560534888807,-0.02270722106431945,0.651012539973087,-2.5570546496124043,0.07465047436342925
-0.00497996088143188,0.010619326210868217,-0.001011411735627418,0.008200105342639178,-0.017725068831464474,0.6344744283767815,-2.558369773027479,0.0912678276408637
-0.004977460667433775,0.010603988546491444,-9.861594923879955E-4,0.008202539892468509,-0.012909490917752398,0.6181777814119767,-2.5589709412662907,0.10731389595512868
-0.005000098691445171,0.010031415039578107,-5.235494468925093E-5,0.008333025816109172,0.18827394047289492,0.03569937555992812,-2.61031086963683,0.738475569378472
-0.004986239844051168,0.010039373246487513,-6.528392573572059E-5,0.008316144931140272,0.17812790941593581,0.036646901006891004,-2.5992966102098873,0.7296523969049006
-0.004985988124135241,0.009976346899137652,3.9256460357517506E-5,0.008316134369595564,0.19886235207777572,-0.029182015852524997,-2.5953332842552412,0.8000478073261988
-0.005000024673443877,0.009984292236633437,2.6151721506859227E-5,0.008333148881346217,0.20495846405007914,-0.013601134980923309,-2.6075712453558197,0.7910688852076996
-0.005000024673443877,0.010015707763366568,-2.6215996486156688E-5,0.008333149014354375,0.1953440928086405,0.019419331298788083,-2.6094575286743935,0.7559551679896984
-0.004986143226673405,0.010023635573572479,-3.9177176309222025E-5,0.008316309459887082,0.1829584569046485,0.020218520302406534,-2.5984281058666103,0.7471775825727209
-0.004985974557487284,0.009992122869804266,1.3094450906141003E-5,0.008316257469622912,0.1932463905731302,-0.01275185195649224,-2.5964141445980995,0.7823957489464121
-0.005,0.01,-4.9644873395975966E-8,0.008333190078407195,0.20095400529262955,0.002977366711799524,-2.608537755203377,0.7734672910875804
-0.004986042296062341,0.010007888101829886,-1.3053817213020487E-5,0.008316333337031271,0.18787934271780557,0.003732603143494266,-2.597456775174674,0.7647629747258319
-0.004971979178686733,0.010047345627601999,-7.814576849264871E-5,0.00829944865423002,0.17413092660010118,0.0443602880239441,-2.5880644444666996,0.7149380890847139
-0.004971985298641522,0.010063117261393585,-1.0417068965290465E-4,0.008298964224387693,0.1688835959194316,0.060738632868840604,-2.588730007383603,0.6974258187030066
-0.004972092393028307,0.010078914541504226,-1.302366960802734E-4,0.008298455653410487,0.16367054216657695,0.07714665994124685,-2.589382053904727,0.6799351859678465
-0.004972325160146667,0.01009472164388057,-1.5632106760910162E-4,0.008297951987870825,0.15845788612818382,0.09357190313011494,-2.5900392620314636,0.6624897439351826
-0.004972680406442937,0.010110527538538189,-1.8240774893947068E-4,0.008297449842918235,0.15323959379034327,0.11000260846123079,-2.5906972890343845,0.6450983433370175
-0.004973156053635924,0.010126322039451381,-2.0848203259131294E-4,0.008296947563419449,0.14801050022965676,0.12642920236257874,-2.591353020676193,0.627768717987346
-0.004974306615501692,0.010157838207533151,-2.605232010986726E-4,0.008295756450387007,0.13736840053196223,0.1592341143115468,-2.592526639688366,0.5932646907886708
-0.004973729665530632,0.010142092347319685,-2.3452319591172864E-4,0.008296419956986842,0.14273394657962746,0.14284122376231687,-2.591987832522681,0.6105025284381232
-0.004974750774077677,0.01017357292595405,-2.8648781905647524E-4,0.0082947971013898,0.1319572480583107,0.1756041524298245,-2.592862655888474,0.5759999732951715
-0.004975063226614882,0.010189329416205742,-3.124651692467482E-4,0.008293540175713756,0.12661212713223782,0.19197749167031541,-2.5929991322679484,0.5586815760509456
-0.004975418368437608,0.010205164189665843,-3.385638367431909E-4,0.008292182880978799,0.12136786567978909,0.20842972570061793,-2.5930756094276544,0.5413087071268087
-0.004985988204357231,0.010378658704992145,-6.249463361651048E-4,0.008275770360726247,0.06342721300773423,0.3893235039122857,-2.5930324671045777,0.3536950391874418
-0.004984814664121674,0.010362915766748694,-5.989650667094524E-4,0.00827771764656319,0.06863259935972853,0.37288638943121893,-2.5933271263279,0.3706179717654212
-0.004983785969001151,0.010347187827785683,-5.730273293452398E-4,0.008279689794328733,0.07385578113379511,0.3564834104935833,-2.593644750503175,0.3875742955713046
-0.004982821978668677,0.01033148998467449,-5.471388856489517E-4,0.008281590569121965,0.07914438489441833,0.3401167551528738,-2.593920889861611,0.4045269331988393
-0.004981807764094148,0.010315824234943987,-5.212821409462114E-4,0.008283286334478638,0.08447699151523837,0.3237730209657086,-2.5940635506990843,0.42144003818103787
-0.0049807282118244185,0.01030018011313948,-4.954402933358246E-4,0.00828476202834366,0.08978493025945884,0.30744534181453437,-2.594064456195218,0.4383148563305747
-0.004979665085527653,0.010284517106356554,-4.695640343815681E-4,0.008286119906331517,0.09507012511948441,0.291103212319385,-2.593988054838969,0.455218568728045
-0.0049759594017629505,0.010221097447370077,-3.648361116292893E-4,0.008290888512416208,0.11616063725961669,0.2249994582559149,-2.593204057819147,0.5239041959606848
-0.0049786514386610725,0.010268792110370696,-4.435889248826721E-4,0.008287405209194255,0.10036732752054646,0.27470366952569464,-2.593860992610573,0.4722103123506706
-0.004977659368609854,0.01025297821380697,-4.1746689977195515E-4,0.008288587515234298,0.1056678609661046,0.2582140853490728,-2.5936607241180236,0.489311740755467
-0.0049767246666497,0.010237066027543706,-3.911882678020191E-4,0.008289707560036124,0.11093360260861211,0.24162740910444525,-2.5934131076069638,0.5065457081201731
-0.00497832255920485,0.010466556666771975,-7.65981596500076E-4,0.008245577328665954,0.032279042648382654,0.4774340530953633,-2.578638281697884,0.2564325895760156
-0.004966363648907945,0.010492024676527411,-8.037423028185103E-4,0.008224571996817741,0.02293543313319547,0.5009437985093085,-2.566277270655896,0.22606398636238093
-0.004963811716890943,0.010476163690203417,-7.775629444172148E-4,0.00822595975183159,0.027971091180867724,0.4841191351392769,-2.566160181363633,0.2426896748604709
-0.004976938598363943,0.01045058774305084,-7.397903370436793E-4,0.008248129905835696,0.037533907166817,0.46074341903771243,-2.579300049314767,0.27347486111817415
-0.004975969040348923,0.010434760142489473,-7.139164767800201E-4,0.008250988594817946,0.04278823950787511,0.44429112843819946,-2.580179292122749,0.29046651712874155
-0.00497491157539945,0.010419040064842186,-6.881752334686324E-4,0.008253574915886701,0.04798913731591233,0.42792222573880473,-2.580884426340092,0.3073350000507759
-0.004973423274367715,0.010403338491337484,-6.623469435489711E-4,0.008255508394405421,0.0531240988349533,0.4114693259837665,-2.5811550627540734,0.3240935581173426
-0.004971844223676276,0.010387606420303359,-6.364411229956941E-4,0.00825719933369465,0.058262139971932934,0.39496526428580414,-2.5812644035387904,0.3408675355465662
-0.005033730973549848,0.009420196622188313,9.663521559157151E-4,0.008276969114122536,0.37968298416631635,-0.6072908947930752,-2.5283403162486993,1.446173103774937
-0.0050355768185515425,0.009404598895283901,9.923527958659694E-4,0.008273892236778468,0.3839300785059656,-0.6238618576420043,-2.524718712407212,1.4649648348220436
-0.0050207723242604,0.009410756520332917,9.772682725165723E-4,0.008258025809187863,0.3738617240311266,-0.6224367462475736,-2.511875626411651,1.4537176932385991
-0.005028487639427607,0.009467022656507902,8.882561104944009E-4,0.008285714120381265,0.36900477775636525,-0.5572663147917803,-2.5387759625295625,1.3900996527672322
-0.0050301863683028455,0.009451408652823316,9.1427646444215E-4,0.008282883168273985,0.3734998265606569,-0.5739006332566519,-2.535383993835456,1.4087185892101655
-0.005015442397606837,0.009457746583001898,8.993567298801218E-4,0.008266977328310167,0.3599691693865514,-0.5728213182800664,-2.5226631142980493,1.3978799197625558
-0.0050319341514908815,0.009435799924780781,9.403179699272522E-4,0.008279967113286454,0.3765490350738853,-0.590612226360058,-2.531897250742418,1.4274084675454113
-0.0050171309035888356,0.00944207779958209,9.253262971513101E-4,0.008264032826492308,0.3645444633811364,-0.589403152494406,-2.5191089731998875,1.416479528321003
-0.005018907682143805,0.009426409230873308,9.513038945978964E-4,0.008261047794894333,0.36929720278790307,-0.6059391752498943,-2.515514790925731,1.4350975243632946
-0.005007127309040209,0.009733124950832917,4.4481810307933335E-4,0.008321309609567229,0.28542861668324626,-0.2765526898617199,-2.5838856248977295,1.077425807271097
-0.00499275956455775,0.00974024027789448,4.30855526577305E-4,0.008305015567662985,0.27601610196468956,-0.27563460086985175,-2.5720405908705395,1.0678698810918776
-0.005006313686650811,0.009748808830033834,4.1867179406296996E-4,0.00832266595355363,0.28060557060536256,-0.2600948196066661,-2.585849424472056,1.059239430774715
-0.005002984689635676,0.009827263240783757,2.8792488882825276E-4,0.008328214486785036,0.25487347916796294,-0.1778489164488953,-2.5947348925365477,0.9691454509784627
-0.005003551917708423,0.009811568152997375,3.1405846767366356E-4,0.0083272700781071,0.26123407958804157,-0.19417189004881974,-2.5931155874415914,0.9871166510738746
-0.004989330940355893,0.009818921349002736,3.003625836247347E-4,0.008310866457712772,0.25085355996677133,-0.19327725731214465,-2.5815105925411554,0.9777823976556199
-0.0050041684379369305,0.009795875029713488,3.401808267863833E-4,0.00832624381932323,0.26786002199892717,-0.21051352646559326,-2.5914122403378945,1.005062111216671
-0.004989935311410004,0.00980320810025398,3.26429162048649E-4,0.008309883296225624,0.25551456151594953,-0.20971759993406255,-2.5797643940576847,0.9957067778122733
-0.005004834243983441,0.009780184008954095,3.6632667482491295E-4,0.008325134299353292,0.27304385320459845,-0.22697825382563055,-2.5896210751755926,1.0230347209900519
-0.004990544197106012,0.009787485594283036,3.5250596746226706E-4,0.008308767324467259,0.2602847381674815,-0.22622002776619346,-2.5779125381762955,1.013692551880176
-0.005005549329206298,0.009764495229330011,3.924995861109345E-4,0.00832394126976079,0.27680945730896733,-0.24354276078974157,-2.5877605863187507,1.0410928348082584
-0.004991196361548089,0.009771741175619434,3.7861383013530373E-4,0.008307559650563108,0.2654475705003428,-0.24273318238941635,-2.5759916354577004,1.0317340482628883
-0.004991934176583597,0.00975598513771504,4.0474135541015277E-4,0.008306307648437245,0.27080691317363037,-0.25920575937072393,-2.574034820149865,1.049801465806137
-0.004988741821307409,0.00983464821263949,2.742739838009506E-4,0.008311730003949627,0.2458837535378391,-0.17688909063022587,-2.5831570068493916,0.9598944794006631
-0.0050024667597618295,0.009842960155646504,2.6175577459930176E-4,0.008329077861261872,0.24993711986520348,-0.1614283209486133,-2.5962884844638383,0.9511563334379821
-0.005000888133336492,0.009905763358590829,1.5706945991739778E-4,0.00833170989285105,0.2301689173784439,-0.09565282808018259,-2.6020024738141627,0.8798777691805207
-0.004986829826805099,0.009913342863454808,1.437515755817217E-4,0.008315129750991064,0.22021109537335457,-0.09461626649779419,-2.5906350335892583,0.8707150824615534
-0.005001208815544092,0.009890060497518439,1.8319892903400636E-4,0.008331176249185335,0.2372986954107911,-0.11191504752164623,-2.6006733838954545,0.8976049396982221
-0.0049871380408494466,0.009897623697973854,1.6982932573157594E-4,0.008314642525266551,0.22487467170777073,-0.11105235350058835,-2.5892865464207655,0.8884615950243654
-0.005001578817366835,0.00987435891991841,2.0935955978778473E-4,0.008330559673096549,0.24269017613530589,-0.12834095693064346,-2.599264103039196,0.9153599192421059
-0.004987438724769587,0.009881899087263755,1.9591275271028575E-4,0.008314010416214464,0.22966738685101004,-0.1275523132969102,-2.5878267648900515,0.9062695347743425
-0.005001998133844807,0.009858658760762435,2.355568338901321E-4,0.00832985991623335,0.2462910699108327,-0.14489287303959486,-2.5977961233789837,0.9332089322709965
-0.004987778539277194,0.009866155725614497,2.2202142674910205E-4,0.008313283805747362,0.23495753891979917,-0.14405212692513847,-2.586298197341154,0.9241287258828373
-0.004988211806684612,0.009850398008960154,2.4815230151828757E-4,0.008312522197526623,0.24051006996006485,-0.16049677314491773,-2.5847420084348722,0.9420117359983223
-0.004971632554651695,0.00995243931096563,7.84920530674388E-5,0.008299014384859789,0.20535367261495144,-0.054360022362887415,-2.581682001973817,0.8204203267860913
-0.004971946067978888,0.009936633306139142,1.0458047828264303E-4,0.008298879995571306,0.21047310938937172,-0.07079476415447883,-2.580562023691916,0.8381645688005089
-0.004972362528809609,0.00992088344489208,1.3058209152219192E-4,0.008298726887063295,0.21563060446364604,-0.08717148330803685,-2.5794298186911893,0.8559019316697504
-0.004971452367593595,0.009968287794333132,5.233773631049229E-5,0.008299163963995576,0.20024163028340772,-0.037879178101574644,-2.5828120946503357,0.8026947303827422
-0.005207390722771273,0.008574904804645981,0.0023751491233229994,0.007987535490204544,0.5484789252460847,-1.5099319748675815,-2.173849469824836,2.4876530468912015
-0.005211891625397759,0.008559854801395402,0.0024002053027337607,0.007980042178185102,0.5513746028723888,-1.5256337271460885,-2.1641574188668535,2.506203279125376
-0.00519626801368966,0.008563385389013236,0.002381813527912483,0.007964277405987985,0.5398153108865076,-1.5191460685662779,-2.1509159291879567,2.4866520238260907
-0.005216439712524502,0.008544819263429005,0.002425232952497557,0.007972471553063805,0.5543590342123618,-1.5413129894874837,-2.1543281422582385,2.524646412090856
-0.005200803084718132,0.008548321152855908,0.0024067767692547266,0.007956705162596651,0.5409026823920757,-1.5347609975036371,-2.1411070886151697,2.504928760789333
-0.005221034932232109,0.008529798353607843,0.0024502667706335505,0.007964813050839082,0.5556620382115807,-1.5570552408338498,-2.1443219659191293,2.5430283243780214
-0.0052053435592009515,0.008533251424852952,0.0024317080059912816,0.007948992105512517,0.542099568139208,-1.5503635909689244,-2.1311010922078863,2.523154941995182
-0.005225677271938596,0.008514792106028148,0.0024753073545925736,0.007957066382138993,0.5554698315148338,-1.572827997259773,-2.1341545102632167,2.561415320074586
-0.005209936346631438,0.008518175863055767,0.002456642853295766,0.007941190488682852,0.5436866524078133,-1.5659207873269694,-2.1209699998572713,2.5413597320915
-0.0052303667150690415,0.008499800570831098,0.0025003243645658644,0.007949240895913685,0.5553874689328143,-1.588521170051538,-2.123874695741,2.5798200474564714
-0.005214622298020561,0.008503115611859341,0.0024815877392227455,0.007933362622919054,0.5454319794449094,-1.5814024907277966,-2.1107814933431004,2.559545817314192
-0.005235103217132526,0.008484823888579551,0.002525291619136998,0.007941344844466933,0.5564842599321,-1.60405388873714,-2.1135137325861515,2.598189992898187
-0.0052193941937231205,0.008488094215857821,0.0025065087958673344,0.00792551913410964,0.5469577017239238,-1.5968068233827901,-2.100537144797268,2.577684112457883
0.005379230899918416,0.008017393279844263,-0.0032677670131227034,0.007616337082713395,0.5507222027966062,-2.042288927187578,1.697801978969096,3.0915092863652447
0.0053666282856177075,0.008046312892028411,-0.0032198565468453187,0.00763654056671022,0.5516728229157417,-2.0158528963444593,1.7257653518764309,3.0601033388116385
0.005372957690020076,0.008031819186944664,-0.0032439132063827934,0.0076265034531465764,0.5512080248472798,-2.029170294538881,1.7118414054517859,3.0759511972658387
0.0053603243351471,0.008060919119151166,-0.0031956409836994795,0.007646587757313431,0.5521713591064111,-2.0023822484364575,1.7396623365456512,3.044092557983604
0.005354155564433305,0.008075626431931772,-0.0031714026950192264,0.007656750729741111,0.5527069261993857,-1.9888559614868704,1.7535742868403659,3.028109285472187
0.005348178049824733,0.008090366262721528,-0.0031472805869815243,0.007667012282685831,0.5532255481682057,-1.975355252610491,1.7674558370898004,3.012266659718979
0.005342361803598779,0.008105070560768939,-0.00312331643474581,0.007677263242113445,0.5536359954576106,-1.9618899883531349,1.7812189998467522,2.9965331094793766
0.005336576006261161,0.008119693551702948,-0.003099416995711356,0.00768730904016593,0.5538489855845096,-1.9483801155557126,1.794743939012087,2.980707253299961
0.005328353622408232,0.008217944972024238,-0.0029700186670346255,0.007785951916964739,0.571036700640395,-1.8747684540632303,1.9046062812226803,2.9167488041724368
0.005318119724199054,0.008205590318401852,-0.002974402730581706,0.007760654401738302,0.5588601365237352,-1.8791331373972746,1.8803513342123075,2.9103130001763993
0.0053117660443781954,0.008262052251258773,-0.0028965771912272203,0.007813571095345636,0.5669811608336149,-1.8313925328008562,1.9422095314521017,2.8651072346961506
0.005295890232206082,0.008264436852636114,-0.002876847825717672,0.007797505075974512,0.5588677324525206,-1.8216948389569139,1.930335173019113,2.842544956211913
0.005317249029907898,0.008247332503838373,-0.0029211053271819853,0.007804434620587552,0.5676483970458085,-1.8459863857272507,1.9297760570865397,2.882483343177148
0.005301426057747506,0.008249678560113494,-0.002901349946123001,0.007788440348538621,0.559330040142333,-1.8361334729173822,1.918086980407115,2.859653763383584
0.005322778240520137,0.008232630029493518,-0.0029455796845213995,0.007795230506429977,0.5692737081930473,-1.8604114820965396,1.917255347083798,2.8997022396095447
0.005312553544255898,0.008220281313367252,-0.002950110310449116,0.007770053350222225,0.5591191281625106,-1.8648479152395427,1.893133006895363,2.8935307701170747
0.005306989494936225,0.008234967364694075,-0.0029257712480649707,0.007779306301478541,0.5593679331398992,-1.850514854531504,1.9057044603719877,2.87665068142682
0.005330658684755887,0.008134228056791972,-0.0030754158668148232,0.007696963616403052,0.5538790462671157,-1.9347099591869539,1.8079256465238698,2.9645348792937374
0.005324642473933775,0.00814877504972117,-0.0030512353870791047,0.007706375730424307,0.5539109448953353,-1.920856234234918,1.8208886162404803,2.9480431681070716
0.005318725676987089,0.008163453767534945,-0.003026950870867637,0.007715896938344429,0.5540621428424108,-1.9069032400245416,1.8338823860329685,2.9315106173596734
0.005313014501439381,0.008178245280707224,-0.0030026947714026473,0.0077256238255568035,0.5542453855605735,-1.8929380636556947,1.8469542289152783,2.915108479761838
0.00530748260603897,0.008193044246926703,-0.0029785602434564047,0.00773541224003521,0.5543241383832961,-1.8790001135901953,1.8599774698304998,2.8988324023453633
0.005279535361930092,0.008266659318205872,-0.0028571838333024562,0.007781421968323629,0.5529778217514413,-1.8078559358401993,1.9219476980309487,2.8149154924913486
0.005274094377969118,0.008281624255687675,-0.0028325948186570834,0.007790601000971773,0.5527620245380209,-1.7932976368507212,1.9341732667821419,2.7978170269064724
0.005217913489437801,0.008446106072715747,-0.0025623178608668133,0.007885871031292775,0.5446407582018936,-1.6302035648624835,2.0595343580044427,2.606562659629677
0.005213065692037825,0.008461099280353851,-0.0025376326873660132,0.007893988727319208,0.5434387947105721,-1.6150572275847124,2.070113524633595,2.5888007055962046
0.005203385623482008,0.008491207357106921,-0.002487970900518558,0.007909914147132517,0.5410397034692362,-1.5844890614213483,2.090858329699835,2.5528928828581674
0.005208167504171597,0.008476123971388154,-0.002512812897982325,0.007901930868968371,0.5422347125644844,-1.599795613147288,2.080500518976397,2.570841173979094
0.00517972078254869,0.008566725587239947,-0.002363158662933885,0.00794799824720297,0.5337232905547853,-1.5070661590343493,2.1403145118461917,2.461899337716663
0.005198684275545717,0.008506267179732737,-0.0024631848596190042,0.007917823141418806,0.5397101566311648,-1.5691800714516193,2.101087433324828,2.5349644077179634
0.005193913096375457,0.008521287860541637,-0.0024383459511964738,0.007925470293028312,0.5382216471340958,-1.5538030815817285,2.1110500119667885,2.5168714970820143
0.0051890960069537655,0.008536369527302136,-0.0024133408627140594,0.007932970857357578,0.5367170578318409,-1.5382915397402208,2.120852995361611,2.4985761233538444
0.005184354689013802,0.00855153797979213,-0.002388238938393792,0.00794048749333764,0.5352395966369806,-1.5226884198891453,2.1306189949012637,2.4802211704145978
0.00514491746733076,0.008631152725951646,-0.002244100731793114,0.007960490447076661,0.5185047286370085,-1.4347794531342517,2.165633434955591,2.365821122471179
0.005149129588309996,0.008615771404904373,-0.002269140037138413,0.007952966638970424,0.5202166830996252,-1.4504300771208236,2.156227209595904,2.3839348490845347
0.00515351190290719,0.008600459734992833,-0.0022941741023448582,0.007945550462187952,0.521932905434455,-1.4660336175118702,2.1468577458859097,2.4021020472027654
0.005158016161846363,0.008585212324271766,-0.002319174758110703,0.007938182253981572,0.5236294505596457,-1.4815785590491792,2.13747699730277,2.420273751019239
0.0051626062744344935,0.008569989684889081,-0.0023441691885950247,0.007930787847548212,0.5252859198944099,-1.497087250375188,2.1280182456484606,2.438441644012712
0.005117309293797151,0.00873842159698634,-0.002069582410955961,0.008010920475525684,0.5052008862523074,-1.3249723828478823,2.2279855809299716,2.2391921698934727
0.0051296352112373276,0.00869217940381564,-0.0021454065903441315,0.00799055815260926,0.5116486114034663,-1.3727132268729088,2.2025386563230622,2.2947234956338147
0.005125194945752567,0.008707280202431361,-0.0021203699982318583,0.00799686572852053,0.509421921638745,-1.3570193413881577,2.210641873998363,2.276199219377802
0.005120996550454432,0.00872278778165204,-0.0020948977151873933,0.008003620204477506,0.5072234182767165,-1.3409926268986612,2.219117836527142,2.2575131247111284
0.005117647872339384,0.008680810528836772,-0.0021523811974122104,0.007967781619607532,0.5060355375647275,-1.379006306906627,2.1825416682313303,2.2915376821525117
0.005120661852872102,0.00866595087534708,-0.002175765248356599,0.00795976053891833,0.507446205123195,-1.3937457557331985,2.1731196016945025,2.307928705361203
0.0051236610168028905,0.008650486922875325,-0.0021999289671217545,0.007951109309828943,0.5087750760595152,-1.4089624499479791,2.1630346922292123,2.3247195740711337
0.0051271898523112674,0.00863484371900012,-0.0022246990344190827,0.007942784631028002,0.5102657369887497,-1.4244748527926505,2.153103697274989,2.342156424193694
0.005082760079398311,0.008819486843324948,-0.0019269450317629772,0.008028197200014575,0.48624045127822396,-1.2370851493555923,2.256881722390451,2.127641068100171
0.005085656115228934,0.008804342160885508,-0.001951080633847777,0.008021102083653614,0.48827177794851245,-1.2524615499587413,2.2485859862585826,2.1448751806566064
0.00510111523934958,0.008742903613457365,-0.0020511812269641693,0.00799523001652889,0.49750136901771297,-1.3155509352301118,2.216683766240623,2.2178841313081605
0.005088920021901702,0.008788754817760348,-0.0019760679011127536,0.008013986043445885,0.4904222677474741,-1.2683221235757538,2.2401440227971725,2.1628184765788703
0.005092955452868689,0.008773232523123804,-0.002001464028074345,0.008007671295300492,0.4928411067163618,-1.2843070006764388,2.2322859411641143,2.181414500422313
0.005097506012277772,0.008758088661229771,-0.002026650924334454,0.008002087349971277,0.49543312939401246,-1.300067898521468,2.225005918705279,2.2001436007853674
0.0050786274344032665,0.008834343983516544,-0.0019023426385207161,0.008033505039969852,0.4835719949566251,-1.2216098252448724,2.2636765926582147,2.109382495080776
0.005074877151218487,0.00884991124864457,-0.0018769290589555256,0.00803960427272757,0.4809408350741209,-1.2055498168896854,2.271169855255408,2.0908076185810405
0.005068895189578953,0.008823233656035268,-0.0019119569451512114,0.008014533016302696,0.4796984825739806,-1.2297197154533028,2.2468925534691886,2.110450634130182
0.005227438313369134,0.008416012149686292,-0.0026115233608552456,0.007868899157985762,0.5465975960791861,-1.6602669528295604,2.037609742270075,2.6415694287932223
0.005206407736716322,0.00843400000971245,-0.0025679198173204193,0.007861405110161174,0.5377295428754766,-1.6345379530809676,2.0379980646058438,2.600137324575368
0.005210860351477948,0.008418860384405511,-0.0025921978406239984,0.0078524551296819,0.5384829087042532,-1.6493134240711658,2.026735686807204,2.6170496842031334
0.005248240003476707,0.008356293275945502,-0.002710347406482003,0.007835656420406173,0.5499013144112536,-1.7202217519048852,1.9934550688066859,2.7123496759444454
0.005232389883060883,0.008400947425474944,-0.002636244943002974,0.007860393670044673,0.5473605649891699,-1.6753109827091428,2.026516215162203,2.6591657647274602
0.005237583647158859,0.0083859713913369,-0.0026610266452397804,0.007852103721645812,0.5481317309772952,-1.6903628065019463,2.0155176088401348,2.6769324343144683
0.005242930792026045,0.008371110107478449,-0.0026857568881990383,0.00784395313946419,0.5490022657290171,-1.7053550129061417,2.0045687328755175,2.6947373396502745
0.005237334751191806,0.008344089835663355,-0.002715556077715123,0.0078112297267266114,0.5432111488038812,-1.7236514566204113,1.9721613708698094,2.7050155547478347
0.005242608797809665,0.008329325027436383,-0.002739819477505946,0.007802707390903105,0.5439024726145764,-1.7381484415743442,1.9608866287646214,2.722106737269296
0.005252681920180633,0.008299273434752152,-0.002788378668799973,0.007784164266430415,0.5447459935911207,-1.7670269067556268,1.9368953191135534,2.7555555884228906
0.005247864725052284,0.008314418794374964,-0.002764195440232788,0.007793878815556242,0.5444886222081101,-1.7526709857292369,1.9492727945755706,2.73914344976923
0.005257382988677252,0.00828400673899373,-0.0028125273318623384,0.007774044991734219,0.5448630166667008,-1.7812980574728858,1.9241410699059862,2.771711961144946
0.004948286229313332,0.00954416273635186,-7.407530213353979E-4,0.008212674319751562,0.31639251413432534,-0.4843155186952385,2.4884839828762084,1.2658391728332246
0.004941024769811622,0.009578595483661209,-6.837891260912311E-4,0.008212793805603127,0.30529764728569925,-0.4489590941257962,2.4914911101041644,1.2244195258724575
0.00494078167296025,0.00955904965895273,-7.150099615275252E-4,0.008207683077137233,0.31012836091256296,-0.46929371295968453,2.4860107011759998,1.2457886341665645
0.004965569542442627,0.009506750859049633,-8.054119664649624E-4,0.008222846276497775,0.33161497522242206,-0.5223521706574138,2.492986553981062,1.3158166446606752
0.004967508459263699,0.00949099749745865,-8.312313451356673E-4,0.008220604128898577,0.33612771366088173,-0.5387215546326286,2.4899332568147443,1.3342229055785955
0.004951687924059607,0.00951278297049092,-7.918524843131636E-4,0.008208196408744083,0.32526103875615825,-0.5167977964743273,2.482405853571001,1.3020664996805473
0.0049455546800443225,0.009528126851144653,-7.65663278478849E-4,0.00820520495690265,0.3193820779804953,-0.501158812029895,2.4814829246363286,1.2821069396106959
0.004924030469505681,0.009588189205795074,-6.644091163307795E-4,0.008195165627377111,0.2972656436866247,-0.4401351728160083,2.479130483369556,1.2057992713701642
0.004925708639125891,0.009609727106148446,-6.304285323837073E-4,0.008202068865023997,0.2923244369180195,-0.4177244940109928,2.4861075348267794,1.1830135169190437
0.004921078842089748,0.009633447638054658,-5.915235458684828E-4,0.008201784050435668,0.28467706598309134,-0.3935201248397376,2.4878963133757392,1.1549207863484552
0.005052755328197655,0.008941668591168366,-0.0017264701530209298,0.008072535906564456,0.46412564589093774,-1.1103316033251154,2.311957514972947,1.980214273510567
0.005048116095099435,0.008957497540866853,-0.0016999207859259506,0.008076732847560752,0.46057305590185754,-1.0936925161748452,2.31766026937501,1.9602883600610312
0.00505711407939476,0.00892648337519864,-0.001751875120812349,0.008068260391882064,0.4673789794116016,-1.1262851117670027,2.3062510846212088,1.999255934239972
0.005061531002086601,0.008911700385438554,-0.0017767037056015454,0.008064167330958135,0.47060973029069725,-1.1418345418491527,2.3007005112745555,2.0179054873269604
0.0050510323032775155,0.008900822920037322,-0.0017861843469775761,0.008044931049802442,0.4667041521412337,-1.150216596027228,2.2838240617761216,2.01901875712359
0.005060384596496994,0.008855109430801205,-0.001859614324718844,0.008026091672737027,0.4740866850629322,-1.1968288177236603,2.261478247083971,2.071904748713619
0.00505451933587885,0.008870261236601796,-0.0018335058412457456,0.008029241065440146,0.47038254977686794,-1.180736863060327,2.2665213743254564,2.0518465053259836
0.005051436293251617,0.008886140726620978,-0.0018081289535000994,0.00803597618942335,0.46795520784876216,-1.164611331026255,2.2744242460615887,2.0336606531927863
0.005012148227189561,0.00916192429454279,-0.0013683203471890764,0.008145673658933488,0.4193676710469701,-0.8816183375064252,2.399022673478154,1.7199834747929243
0.005015112686971002,0.009146077833804151,-0.001394298233489903,0.008141425507434337,0.4230498042224415,-0.8981539313868055,2.3938154942010272,1.738941443211212
0.005017580474051686,0.00912996939940487,-0.0014204086397050664,0.008136311271900391,0.4264688643546651,-0.9149105389123376,2.3878616815107314,1.7577973902901503
0.005020433992035244,0.009114227094469525,-0.0014461168894369075,0.008131685915543682,0.42999358001548266,-0.931304369135837,2.3822929423376347,1.7764998486331736
0.005014118702602499,0.009041624561713256,-0.0015535172777863487,0.00808555605390155,0.4366757632118132,-1.003938790653227,2.33653642059387,1.846692087532441
0.005011630200932778,0.009057677006874114,-0.001527854630702611,0.008091451985391712,0.4336551186206172,-0.9874959387690591,2.3433299387728006,1.8283265653129899
0.0050099390283998265,0.009074009911071641,-0.0015021501881420797,0.00809828087010301,0.43087088835781023,-0.9708523630171609,2.35085478113109,1.8102467729604683
0.00500953977231217,0.00909007154873127,-0.001477480075696794,0.00810632731783685,0.42860146745998834,-0.9546082575333118,2.3592631876121497,1.7933782658289588
0.005010268800506295,0.00910372438644509,-0.001457001370034944,0.008114304860701332,0.4270761498985126,-0.9408805689297749,2.3672766376031595,1.7797841526042248
0.005026576744053007,0.008979080648220129,-0.0016547065176419262,0.00806436213651942,0.4489350258958446,-1.0682342113076315,2.3110739939649605,1.9200757804202928
0.005029773384151827,0.008962662285183269,-0.001681137217496665,0.00805832628708665,0.4519328709318822,-1.0850444736903861,2.303913143355178,1.9391651826776342
0.004998563946013909,0.009030497187740098,-0.0015616145828383058,0.008061193581847615,0.4313056413833915,-1.0125657420917473,2.31591718653269,1.8454308461053441
0.005008423170211347,0.008984453594763964,-0.0016360145607000594,0.008046334149310956,0.4405079926963283,-1.0595834961070822,2.29775707784651,1.8994118481013997
0.005005153812219404,0.008999825419802526,-0.001611215369177984,0.008051460191188622,0.437511477916993,-1.0439039737509868,2.303986456921311,1.8814398474341878
0.005001835182990243,0.009015093477755977,-0.0015865153659911783,0.008056330472659017,0.43444166298535575,-1.0283055269655874,2.3099641927201335,1.8635009334575392
0.0049822256479778,0.009365526836333024,-0.0010361705132521817,0.008196761952898745,0.3698866754026921,-0.6693900666737992,2.460314377933138,1.480448725682663
0.004978369906505182,0.009381277414733451,-0.0010097934536837585,0.008197885987864762,0.3650425994755279,-0.6529951404329825,2.462674335324276,1.4609489572604526
0.004988700851014004,0.009302905514157533,-0.001137623292819576,0.008180413475231187,0.38507899407226504,-0.7346304173065,2.441498018710216,1.552666630498677
0.004995452179945433,0.009271131674084396,-0.0011903650897602503,0.008175332927253478,0.39381493315303256,-0.7678016538905662,2.4342889695772523,1.5914079557834508
0.004991164571870352,0.009286609623650447,-0.0011642638083248019,0.008176702176103315,0.3891614976087177,-0.7516086875767986,2.4369542170578478,1.5718960565753253
0.004984241451687464,0.009246656795834666,-0.001223861411275243,0.008151676963693804,0.39368511447451077,-0.7926343501948367,2.413206034072052,1.6103838258301353
0.004984550062515771,0.009260628797371787,-0.0012022041289550139,0.008158042128493623,0.3913027965100223,-0.7782625880976162,2.4196764202460472,1.5956346995337296
0.004971193427254909,0.009355278668027286,-0.0010483235670552154,0.008179993178078852,0.3677327849135605,-0.6800640288703453,2.446360007765164,1.4850908018044597
0.00497147234798125,0.009309055509360275,-0.0011210866765715272,0.008162582797204833,0.37705289302178363,-0.7278688831600815,2.428249774207623,1.5352265374634133
0.004970420671888005,0.009325400507174406,-0.001095044758573995,0.008167760074039389,0.37345309168665236,-0.7109754925491508,2.433924404924174,1.5169619369077705
0.00497054898800397,0.009341431877530657,-0.0010698975106462787,0.008174051201512019,0.3703026678725445,-0.6944037005119296,2.440399613781318,1.499715212852653
0.0049840630158675065,0.009229956549134609,-0.001249755183119215,0.008144145295602409,0.39654340480007716,-0.8097774367555957,2.405499618705942,1.6280698505804174
0.004972268513102265,0.00946061690892964,-8.813160821827035E-4,0.008217080891424061,0.3450500341981882,-0.5702849999292231,2.484606378367639,1.3702931434530143
0.0049695670897526795,0.009475359165465233,-8.568950209292703E-4,0.008218395429079357,0.34057335630175695,-0.5549848516401489,2.4869042741269536,1.3525879354741701
0.004960929794856312,0.00945073374597653,-8.93545794573946E-4,0.008200632142078208,0.3431574037804411,-0.5810208344122281,2.471167748298456,1.3750669065079044
0.004959494041590486,0.009437055267771841,-9.14834011519803E-4,0.008194579570481551,0.3457307101896295,-0.5952867800686978,2.4652964882218438,1.3892541362922224
0.0049585384000967936,0.009421345553618414,-9.394389491091942E-4,0.00818831152695923,0.3488776804197325,-0.6116189073418344,2.459047387224785,1.4058740464936115
0.004958923434266832,0.009404889146010361,-9.656128453645801E-4,0.008183222736613482,0.3526164868974244,-0.6286773938487763,2.4536027830297953,1.42401280477813
0.004960109057353236,0.009387924636723555,-9.928187272884754E-4,0.008178740242094404,0.35670721542489175,-0.6462409735958102,2.448547834315656,1.4431295703777618
0.0049944856591627226,0.009197696676344022,-0.001304524149211108,0.008141791582534072,0.4062398441602254,-0.8435409046358794,2.400073054206009,1.6695084094705728
0.004994339430824588,0.009183656831847508,-0.0013261866642270174,0.008135070204604874,0.408450450706415,-0.8579043864592272,2.3931987675721,1.6842709127976665
0.00499550443075656,0.009167521229787973,-0.001351646768829772,0.008128771564260702,0.41150891442971455,-0.8744799316759043,2.3863838062826086,1.7021150381832897
0.004985049616615223,0.009211048796238316,-0.0012795159166010702,0.008136820844621957,0.400158895859864,-0.8292090441719483,2.397671602770568,1.6488146539591673
0.004922169345269205,0.009657585464682348,-5.53125508673574E-4,0.008207952595374962,0.2786560676200028,-0.3684408994059498,2.4944667726276317,1.1289538988189565
0.004918370848114734,0.009680034219742653,-5.164413651405404E-4,0.008207759157480449,0.2714751819892221,-0.3455468145022054,2.4961610123853197,1.1026890963743508
0.004917266858452727,0.0096981235526138,-4.872515896373192E-4,0.00820968239378423,0.26622170969809295,-0.32691431878056537,2.4990403640060688,1.08235956443613
0.004916547993477669,0.00971434026152866,-4.611175955774543E-4,0.00821156548205391,0.2615655695636597,-0.3101916427073402,2.5017282056916392,1.0642536289426128
0.004944043148404179,0.00988823089145847,-1.8261859366321427E-4,0.008263600856840544,0.21834467441628114,-0.12616203727203343,2.5523179661435496,0.8827721100597111
0.004941523391599004,0.009903919179086732,-1.5686351822031942E-4,0.008261574554357365,0.21284224962496787,-0.11024180241770577,2.5519870514900993,0.8645046013996392
0.004931616970907417,0.00987883617339148,-1.9709084825721075E-4,0.008248376103999804,0.21801749042453872,-0.13776601589372525,2.540831905866886,0.8887804342375347
0.004929635624494015,0.009865046751276078,-2.1934266252707997E-4,0.008245038509673163,0.22168499346262813,-0.15235332095850537,2.5374516290165032,0.9033000469385933
0.004917326619296888,0.00973158698883114,-4.335452119007351E-4,0.00821520870799849,0.2570245009409982,-0.292248179342356,2.505770695828165,1.045633480391885
0.004928047218148493,0.009848965523898839,-2.4530412959665134E-4,0.008241856729642406,0.22610253475765604,-0.16925373809843466,2.533999444209775,0.9204768185243335
0.0049279524986867865,0.009832659549536086,-2.717297852692119E-4,0.008240257823540707,0.23093731487556216,-0.1861822009881329,2.5316502175482474,0.9384447330787541
0.004920654182803726,0.00974907747271885,-4.059024644164126E-4,0.00822170102832472,0.25311053706370523,-0.27376021392699945,2.511885775671951,1.0277574302074264
0.004929409351379564,0.009767353134872495,-3.7762250925272813E-4,0.0082344885690814,0.25040215989038866,-0.2538002165090907,2.5225853309971,1.0111234966646399
0.004934042270914876,0.009784778797137182,-3.5000375076341177E-4,0.008242157454000287,0.2467203334270888,-0.23511733846651556,2.5294448759698076,0.9936776774790221
0.004930918977430351,0.009801025677752567,-3.2330440397007067E-4,0.008240418047552385,0.24105850621382255,-0.2186288689726523,2.5294126271376274,0.9745074433444089
0.004928803876622542,0.00981646937737196,-2.980497218917399E-4,0.008239629022458799,0.23596987878464623,-0.20287054867256507,2.5299978623381314,0.9566433316824149
0.004924300429333862,0.009911936500822767,-1.4290728079289472E-4,0.008241787608047092,0.20607728497961242,-0.10454060996394716,2.5385419872739665,0.849676777418516
0.004908370233077467,0.009937235724832653,-1.012815638471034E-4,0.008224255513567376,0.19449643729981878,-0.08075549789413271,2.527969473566588,0.8163900211252183
0.004907941347320381,0.009920761589960395,-1.278428972093679E-4,0.008223077800090442,0.19939945300175663,-0.0978175212997614,2.5259200851441936,0.834312031358248
0.004910436979625514,0.010002016243196951,3.2890332214360626E-6,0.0082278323870512,0.17501237494914124,-0.013625072165430812,2.535199043061779,0.7460431595090603
0.004897917157002551,0.010015519281100201,2.500286646841388E-5,0.008213170041572843,0.1680949959231224,-0.0017304895648779302,2.525894837538456,0.727278470248942
0.004901602990341521,0.009983538053051329,-2.6475664540859593E-5,0.00821743464419023,0.17876792988229398,-0.03406612740280249,2.5265551576155847,0.7634261647315016
0.0048907759524501795,0.009946309916431572,-8.608732498046724E-5,0.008204051505843251,0.18760910561297714,-0.07401126408753467,2.51434915552945,0.8005181052667732
0.0048944691277209434,0.0099651036813904,-5.601756465454645E-5,0.008208839031927125,0.18277361300312975,-0.05413438561568229,2.5191381048598562,0.7812354749852154
0.004929468734652761,0.010244324744154857,3.965677881567737E-4,0.008233250245852563,0.1006383823209289,0.23909707331679456,2.5557288629493553,0.4865237689699376
0.004918599007801702,0.010225911517772393,3.6540379010154613E-4,0.008223002966107352,0.10500422978434588,0.2180863821720477,2.5474979828934305,0.5037149657532015
0.004913520885266288,0.01020907136591825,3.376555420866591E-4,0.008219148695414428,0.10966071578997867,0.19983972923294924,2.543710537031995,0.5206897506734384
0.004908883412980676,0.010193372710672034,3.118679362890282E-4,0.00821552674652447,0.11397660903982461,0.18285610660848653,2.540150011981876,0.5365289452321237
0.004913845780782303,0.010163456612761839,2.6418422969447074E-4,0.008224327348385116,0.12444621607804363,0.15307926704959127,2.5441365616631697,0.5704998247216452
0.0049014953969745275,0.010177073698868942,2.849085624239077E-4,0.008208625317371697,0.11795551649951418,0.16476121205962704,2.53427885888731,0.5522418922979838
0.004913533510097171,0.010132222698311205,2.1375595714020495E-4,0.008226567495668302,0.13443484791416083,0.12093003932525426,2.5435138587840265,0.6045036711681134
0.0049064620882087896,0.010147341015764262,2.3756881540472238E-4,0.008217127609919415,0.12827589261305986,0.1351819497637379,2.5380609133738345,0.5859947036094396
0.004902526819808653,0.01011408683820965,1.8376282695931512E-4,0.00821498809617482,0.13815636587497662,0.10032497204888262,2.534243391160279,0.6211202640451751
0.004894146562227243,0.010094217694708097,1.5134502392730794E-4,0.008206390497658958,0.14283808852196864,0.07847667821532713,2.5268599848778988,0.6403054115241842
0.004891675689432655,0.010042175286841967,6.773108689830343E-5,0.008205487432586851,0.15855364713333245,0.024648371671419048,2.5224600408204485,0.6962501817314598
0.004889029659636556,0.01005651008161021,9.064910643076021E-5,0.008202020602513274,0.1535736644066136,0.03892488989572234,2.5210811185747164,0.6798199253721809
0.004889324239522582,0.01007464394444291,1.1972460737837269E-4,0.008201703724258137,0.14800008470027629,0.05757784079306868,2.522182068175051,0.6601721728421791
0.0048849081246677495,0.01002873279942566,4.6053837560172064E-5,0.008197879779466842,0.16128841694410115,0.009750670140169839,2.5161513111571714,0.7087903363879352
0.004911796215962421,0.01025659858870019,4.138298561157401E-4,0.008210881268699378,0.09403978331817563,0.24820984776018093,2.54131568084059,0.46856199533977266
0.004896980075625665,0.010282215553433406,4.5255241673361983E-4,0.008189749153914598,0.08371739307290217,0.2714936546155855,2.5286274113744827,0.4369859740246991
0.004899208658121978,0.010267337251755534,4.2915866187063085E-4,0.008194646307363312,0.08878023243924785,0.256725017250518,2.53094568328462,0.4536635103713422
0.005931974669556206,0.007044320541956025,-0.004866252169397557,0.006697734233200361,0.37652254213493624,-2.668943215512115,0.4428725905471264,3.8248361357647194
0.005922647959743437,0.007057190771985698,-0.0048450992984124626,0.006713141011336366,0.3805522568819089,-2.665049847464797,0.4630175987242748,3.820486438999243
0.005913485077163865,0.007070139788837828,-0.004824081380081258,0.00672864938948928,0.38449401815145495,-2.6611413571415325,0.4831027019480189,3.8162195585005008
0.005904360179954028,0.007083027808010328,-0.004803048636485945,0.006743941181015254,0.38826165726518685,-2.6570345213680517,0.5030687785953106,3.8116649752487377
0.005803796605215207,0.007281199332500348,-0.004531241083838769,0.006993561907243266,0.4520759177078411,-2.6091327696085838,0.7911672605733903,3.7826419834718963
0.005796413559524149,0.007266996287648272,-0.0045279555436851466,0.006964350629692737,0.43965887416444,-2.6003425981802875,0.7717883768309876,3.759493205838826
0.005795275864055084,0.007294395642263587,-0.004509261184889916,0.007007754165605531,0.4547264063973893,-2.6025004422605527,0.8108187020159873,3.774958781220468
0.005787871238341347,0.007280234495785979,-0.004506104684223802,0.006978631626111376,0.44314867215147197,-2.5938859841227555,0.7913237320459499,3.752057545623438
0.005786796627480345,0.007307618648521539,-0.004487236295041604,0.00702187760432511,0.45747392935922865,-2.5957410129356115,0.8303990472778141,3.767056953527008
0.00577935282196787,0.007293484229866005,-0.004484191331649269,0.006992807779376455,0.4466868110401361,-2.587260198670228,0.8107764252244994,3.7443996506490067
0.00577835898009388,0.0073208682191713715,-0.00446516064170788,0.0070359359122684935,0.46046321792550376,-2.5888228165044027,0.8499272927355369,3.7589459587158855
0.005762387470674323,0.007320058503682505,-0.004440154700144749,0.007020903479661341,0.45339428492315464,-2.573531187864782,0.8494509568203091,3.7284383547769013
0.005770855965345299,0.007306756492586696,-0.004462205927096695,0.007006893162095081,0.4500970457005648,-2.5804714477167923,0.8301496156990947,3.7365217834322846
0.005895191816513921,0.00709585221905776,-0.004781870882168388,0.006758955914549718,0.3919546455126221,-2.65264959858199,0.5229559805652207,3.806673133642723
0.005806156412275197,0.007226081911481934,-0.004568047318489505,0.006906506746573779,0.4281172998262542,-2.600869610804485,0.7196661427383243,3.7475836083727523
0.005788757461128176,0.007252529747452881,-0.004524561322010317,0.006935267186624222,0.43503516079311316,-2.5886074510412986,0.7585319781244997,3.7334202189652888
0.005797397997508739,0.00723925084367241,-0.00454629001068221,0.006920824189348592,0.43154809766274926,-2.594763158293114,0.7390973793827874,3.740488156310724
0.00585905878577201,0.0071476410181550475,-0.004696829228055483,0.006818798475814348,0.40691473471101175,-2.6337740823097957,0.6022213852043811,3.785268865692253
0.00586792808780558,0.007134606250208381,-0.004718012754347549,0.006803786786471317,0.403216302771991,-2.638604414927014,0.5824762879301925,3.7906679316830076
0.0058769171906416255,0.007121610949106114,-0.004739272031591249,0.006788786331286176,0.3994445987414841,-2.6433641511276247,0.5626611637803683,3.796037042873021
0.005886020630842584,0.00710869428036203,-0.004760582011933345,0.006773856304140582,0.3956769669461571,-2.6480619205340346,0.5428147628375636,3.8014019713801255
0.0058148909116039925,0.007212933809930998,-0.004589659737664799,0.00689206063174013,0.42470964926909766,-2.606754843869901,0.7001978216293714,3.754362593901368
0.005823596346396777,0.007199751806354225,-0.004611147801260872,0.006877394398383239,0.42118710808003085,-2.6123964333207574,0.680643108096072,3.760770470930438
0.0058324116551837606,0.007186631853641521,-0.004632680999462531,0.006862770151695755,0.4175689184034081,-2.617965777656924,0.6610505544353343,3.767152503238218
0.005850233369127728,0.007160658877814562,-0.004675625206368919,0.0068336739464082445,0.41048904702491656,-2.6287756658781425,0.6218806295104549,3.7796467161561638
0.005841340304165787,0.007173631825799564,-0.004654236719305766,0.006848284378929294,0.4140004633384184,-2.6234866287796788,0.6414732319456523,3.7735662313672855
0.0056883134290081185,0.007468328829897483,-0.004219373498661247,0.0071860240171210885,0.49531292534565413,-2.50275493831317,1.060011835589806,3.6582925300981493
0.005672361798335845,0.007468040928437843,-0.004195312838852053,0.0071706440082002715,0.48639477528695757,-2.487592754031741,1.0573195478831383,3.6281994537673934
0.005640271376355693,0.007494658310849099,-0.004126656187971929,0.007181305788912857,0.48887913441415426,-2.45245657976364,1.0955774268193712,3.5745972277445914
0.005648236710788312,0.007481093624841994,-0.00414915265823871,0.007168445142876585,0.48631186711160873,-2.4612982082947963,1.0776040329644212,3.5850690079274457
0.005656195703002902,0.007467569991642731,-0.004171525938939848,0.007155495182307961,0.48373968706370357,-2.4699539403954245,1.0595726931540612,3.595291278203566
0.0056962881580212045,0.007454795807560529,-0.004241929589137457,0.007172732048704292,0.49239319711338,-2.511289812607589,1.041317282190128,3.6682900064999493
0.005680309832954135,0.007454469966596301,-0.004217742339767585,0.007157370848988259,0.48341994526675336,-2.496123997858057,1.0387838037550765,3.638141444214605
0.005704305373048565,0.007441287888022461,-0.004264463884600311,0.007159357415915601,0.4882255927666665,-2.519711708615789,1.0225015709645482,3.678138520389819
0.005688311666574839,0.007440908988139649,-0.004240155409306897,0.007144017259748403,0.4807631173591595,-2.504515351612909,1.0201671584323346,3.647937500879992
0.005720466944757862,0.007414347890939332,-0.004309364621898078,0.007132421087350189,0.48263529144332323,-2.536006751961806,0.9847201012327323,3.697431760188015
0.005712687728512016,0.007400437540332015,-0.004307269039035642,0.007103722303762361,0.4720197351834379,-2.5288895444665815,0.9639996836922066,3.676482045952438
0.005712364995121045,0.0074278052047061765,-0.004286945926814255,0.007145918196377582,0.4848287956202433,-2.5279545698434513,1.0036292512499734,3.6878679831237786
0.005704528720972162,0.0074138992777371205,-0.0042849534872415945,0.007117227638495892,0.4751965094464814,-2.5209081685392776,0.9828052940683037,3.6671633423528633
0.005696392532932703,0.007427384703026681,-0.004262570127402745,0.007130642687221162,0.4781532645368018,-2.5127791491142557,1.0015152963838763,3.6576297304347762
0.005704716347924937,0.007386365961270608,-0.004305170194276852,0.007075354199998932,0.46682343005003407,-2.5188441411061735,0.949040732968582,3.652592549893235
0.00572927623191852,0.00734598903344267,-0.004371090660068185,0.007033941522993485,0.4577888964731745,-2.5410862443088953,0.892698509013682,3.6783266872729734
0.005721111581058487,0.0073594590475414045,-0.004349235603757141,0.007047924619297256,0.46090630902361046,-2.5338892285877956,0.9115711857883477,3.6700739337195354
0.0057129242690366205,0.0073729159539140665,-0.0043272616946771125,0.007061725165572941,0.46389193013226854,-2.5264733156836026,0.9303538025982022,3.66149194401178
0.0057375586942713585,0.0073325323859778,-0.004393025083539192,0.007019935198137976,0.45457011627486654,-2.548216934764048,0.8737269485542715,3.6865413971568586
0.0057460189147173525,0.007319121552352672,-0.004415113445768354,0.007006004813782403,0.45134234760983033,-2.5553500937544196,0.8546675333263841,3.6948570994414247
0.005608628958768472,0.0075497196346637424,-0.004035533208471435,0.007232662336884305,0.49904421815232497,-2.415491617670566,1.1673217722419673,3.5309090320014174
0.0055049552788112325,0.00774529722791084,-0.0037140684340000937,0.007404735418223128,0.5278971058356648,-2.27179779357169,1.4063333234450501,3.3616565944907677
0.005600976481307127,0.007563677932547276,-0.00401276052909487,0.007245654802485403,0.5016031267685932,-2.406066127593373,1.1851873349920814,3.519925942956361
0.005593489055080923,0.007577639818901009,-0.003990135395257794,0.007258661782271174,0.5040748075655727,-2.3966379076751,1.2029378073249541,3.5090117530321945
0.005563798037751924,0.007633288572688773,-0.00389932997966477,0.007309193607449529,0.512934914912337,-2.3575023340769055,1.2725063305277402,3.4633029423987822
0.005571197706730125,0.007619368811273792,-0.003922127751501196,0.007296746136793412,0.5107748005422507,-2.3675138940546634,1.2552908772453704,3.4750499666585024
0.005578654420852684,0.007605476480606821,-0.003944901650636688,0.007284246871920087,0.5086069932676617,-2.3774156497622365,1.2379855086885418,3.486672900093865
0.0055860848545011615,0.00759157697458914,-0.003967563236304269,0.007271566546818104,0.5064044016469033,-2.387124132732525,1.2205443509533078,3.49799823180943
0.005556455356476769,0.007647222308809015,-0.0038765196781305783,0.007321570293204638,0.5150274559218208,-2.3473819098920496,1.2896180480913364,3.4514284963961948
0.005549097580429406,0.007661150483849279,-0.0038536146378887657,0.007333778418774168,0.5170270551148485,-2.3370828405447486,1.3065934744488226,3.4392842396046963
0.005541718011542622,0.007675104256438134,-0.0038305785807140696,0.007345854302733298,0.5189696859392549,-2.3265941326797432,1.323467788147112,3.426865106986977
0.005534338630494078,0.007689107490918501,-0.003807420682261005,0.0073578516624725684,0.5208565315223511,-2.3159339919063275,1.3402704702448034,3.414220123475141
0.005526946155072029,0.007703127802331209,-0.0037841540299262152,0.007369711531967117,0.5226576638385366,-2.305096003487842,1.3569571266237368,3.401321879638457
0.005519559319128206,0.007717151761899195,-0.0037608186287386466,0.007381433724402769,0.524410822489295,-2.294104487118119,1.37350822770457,3.3882100623775044
0.0055122209104745,0.007731201611470822,-0.0037374524369234627,0.007393091174812675,0.5261564840169203,-2.2829982881449165,1.3899572968902918,3.3749718186511823
0.005436541110871046,0.007956756752799629,-0.0034053504274291044,0.007605632332215662,0.5624754312115563,-2.1213517834232287,1.6541254209725282,3.208445528510611
0.005427076569957351,0.007943889195445872,-0.003407771079596687,0.007579097698338719,0.5510524373732711,-2.12219077022101,1.6299325804769385,3.197331998950764
0.0054301444843724254,0.007971103608784268,-0.003381455885067416,0.007616285843723567,0.5623264320307894,-2.1084827049856822,1.6690567309176696,3.193123319639556
0.005420646195151593,0.007958254424723877,-0.0033839901865713794,0.007589823965533715,0.5522419520501926,-2.109451221308264,1.6448881030872133,3.182305532395296
0.005423792964446573,0.007985470484765413,-0.003357507549750359,0.0076268732318725005,0.5632987472122768,-2.0954845556707773,1.683894843647561,3.1776748767850855
0.005414233402364699,0.0079726325438746,-0.0033601524265712457,0.007600438210356293,0.5532678584514112,-2.0966146898440514,1.6596820226588036,3.1671247520167936
0.0054174866151396935,0.007999857235701381,-0.003333510086320383,0.007637392411417365,0.5652617404607327,-2.082349837597273,1.6986411780142803,3.1621515703862655
0.005407868388018633,0.007987040066537448,-0.0033362759884181734,0.007610990183063339,0.5539011920669307,-2.083679234352566,1.674361356619323,3.151820908542488
0.005401581625622418,0.008001475607669823,-0.003312395075409528,0.007621511314831975,0.5544814481514261,-2.0706462188769232,1.6889693063031077,3.1364463588517926
0.005497783168868931,0.0077594533847409825,-0.0036906782657705095,0.007416407355643975,0.5296325573994142,-2.260520460703813,1.4226584870618149,3.3483041255716572
0.005417301058510178,0.007930865671258162,-0.0034100200494871745,0.007552761256387787,0.5458878051689129,-2.1187770180921657,1.6104247418681756,3.1817514573771972
0.005423770100190264,0.007916469674890807,-0.0034336164562820924,0.007541815200597491,0.5448038652468331,-2.1311735293618868,1.5953903795449091,3.196336790049291
0.0054303900837300335,0.007902120572160512,-0.0034572807855236675,0.007530940937710748,0.5436946563879915,-2.1435552431225244,1.5803161241318406,3.2109911142348007
0.005437100608445812,0.007887817264023662,-0.003480942378645386,0.00752007250336592,0.5426197531119491,-2.1558706389085445,1.5651725677538222,3.2256093624966766
0.005490736832759191,0.007773672011268828,-0.0036673203043140587,0.0074281425836205785,0.5313716668134033,-2.249198497351944,1.4389418401702694,3.334973625248043
0.005483869708458713,0.007787935401538985,-0.0036440790487589536,0.007439973149448436,0.5331169126457275,-2.2378901379718177,1.4551759699970601,3.321762445636057
0.005477214911633673,0.007802208809632261,-0.003621028269193236,0.007451888688906964,0.5348023559247005,-2.2266365443841267,1.4713340071997514,3.308727381909233
0.00547063889347135,0.007816467110456233,-0.003598015802602501,0.0074637199034217,0.5363120681471975,-2.215311781702592,1.4873602254135287,3.295613505287506
0.005443769787748747,0.007873520945709526,-0.003504476604112176,0.007509022041810114,0.5414982948618831,-2.1680114108011677,1.5498652365106995,3.23995338847865
0.00545039570765557,0.007859223649917245,-0.0035278864963203954,0.007497778026732682,0.5402309420272867,-2.1799726484719657,1.5343923888327284,3.254013011991249
0.005457118842285127,0.007844951805333672,-0.0035513223083229947,0.007486521309875558,0.538902338879475,-2.1918758085144305,1.5188355758587366,3.2680432029156603
0.005463930115280816,0.007830708750280628,-0.00357477171788189,0.007475246213502468,0.5376193150601809,-2.203713882582385,1.5031887988018269,3.2820291442029004
0.005623657422363533,0.007493777602266541,-0.004102804930647851,0.007164785038840077,0.4837476010397164,-2.4358137309154824,1.0947610424468304,3.542095187064406
0.005615552093856935,0.0075073913430245874,-0.00408011130034953,0.007177350673193881,0.48617568617272783,-2.426720596467344,1.1123750390821352,3.5311831690325586
0.005607346569500223,0.007521144708547873,-0.004057083327402031,0.0071898803057525934,0.4885162842245116,-2.4173434203329376,1.1300450897621028,3.519874646724889
0.0055992415384685185,0.007535180784665446,-0.00403389305322398,0.007202765401741146,0.49093214664169155,-2.407870802400534,1.1479495269404174,3.508603020157018
0.0053854238232177755,0.008002960177333934,-0.003291471174167958,0.007605928361330806,0.5501220552778773,-2.0552212810640746,1.6835545134543748,3.1067501246517555
0.013330276065375677,0.014053852953095775,0.006057027794456303,-0.004975338956039588,0.21077446660510954,-2.3896676119219866,-1.0984178084602794,3.432501273293988
0.01329986000703638,0.014071623346125965,0.006098143330814016,-0.004941704542210142,0.2106337887696399,-2.378292388735705,-1.1398888296569039,3.425077711577577
0.013159657985121798,0.014136564973265486,0.006293091545210233,-0.004806391275146721,0.21167036765633998,-2.329306740573166,-1.328918686740116,3.403294493924544
0.01321625543650073,0.01409645080125838,0.006223854024081509,-0.004886073972315333,0.2135682024927048,-2.362255059448774,-1.2511465022007806,3.4347575044576346
0.013191019993523389,0.014117443905451442,0.006253028243682007,-0.004845590267887056,0.21219588194598374,-2.345386416219234,-1.2862257957698633,3.416578823634977
0.013250866460894994,0.014105408044098176,0.0061603625590342425,-0.004877509873964411,0.2092461986230336,-2.354160817758707,-1.2075008731613348,3.4036293849279065
0.013288387646816828,0.014108222913160058,0.006096320583774376,-0.004879079541069155,0.20622301341052343,-2.3501402201258235,-1.1600903227232708,3.3794939811356826
0.013159870811906074,0.014170167251111636,0.0062702811265535,-0.004750557236966554,0.20664167282652054,-2.302136548651742,-1.330418261459122,3.353762206273522
0.013050295474231895,0.014232812612228115,0.006406005664451761,-0.004615721704823882,0.20517250344224006,-2.2428022148845397,-1.4740768883381623,3.304665150850909
0.013063233387334894,0.014208511399237117,0.006402851866162387,-0.004659860465400748,0.2081705057942194,-2.263967605973281,-1.4577346423913713,3.3361525060150257
0.01309479095524134,0.014201361109239526,0.006356031130900107,-0.0046813226527423965,0.2066786878338405,-2.2729188062249155,-1.416103054040276,3.334938059511448
0.01312772820004896,0.01418613580669207,0.006312465634800366,-0.004715808685474609,0.2066287578870548,-2.2876711048698586,-1.3728410901049595,3.3441403827595977
0.012984225570562506,0.014270248603538082,0.006484740787624009,-0.004531178188147261,0.20458747849349,-2.2026111852252916,-1.5588131305297206,3.26963000098396
0.013015389872223164,0.01426248824205018,0.00644022245721555,-0.004555285428613032,0.2033209391814221,-2.2140073272630576,-1.518310336028551,3.2719703258101878
0.01303824359861692,0.014253083468255203,0.006410316587319445,-0.004578587468076842,0.20315687299494095,-2.224877732409451,-1.488904186226427,3.278673369104952
0.013013355921737253,0.014286431762813807,0.0064248110740784984,-0.004515834726638726,0.20008228563864922,-2.1946076097969356,-1.5191437892877002,3.237470674136562
0.012736845728031205,0.014413084349544792,0.006752337299334637,-0.004186935065171101,0.200655005454945,-2.0211670891999245,-1.8589765289102755,3.097502395504254
0.012771820744365071,0.014410844404769002,0.0066999924436913,-0.004209610692092369,0.19831695683674108,-2.035529125222413,-1.8136618553615893,3.0986767108125446
0.012796849785465313,0.01440922774931174,0.006662544130942724,-0.004225350459284391,0.19680324874503866,-2.045262644357808,-1.7813618364842916,3.099007023313097
0.012956869665722478,0.014292743114905186,0.006510844380161903,-0.004484031086228142,0.20302777550171758,-2.1793724291130636,-1.5925734149262516,3.2434599552193446
0.012928790723185285,0.014309010308338824,0.0065425801643880345,-0.00444625578925347,0.20267175922875305,-2.160433054044383,-1.627543526103091,3.22601183507296
0.012925462891051311,0.014337560842691699,0.006523840101996162,-0.004399182639806949,0.198754685374842,-2.137077621284269,-1.6278666608296752,3.1846485286561497
0.012813536178319727,0.014392345566308916,0.0066521553979177845,-0.00426029763858799,0.19823906283726098,-2.0637236397215015,-1.7636991288159625,3.1221133128125125
0.012830984867170674,0.01436834364058296,0.006646668251915421,-0.004306814449584102,0.2007412073656786,-2.087817296799835,-1.7462271117148622,3.1554127321732834
0.012865412966157204,0.014367990390843613,0.0065926097939430885,-0.004323974686444701,0.19828722274376462,-2.0980427594986613,-1.7010364404241776,3.1509634643874596
0.012901589647502038,0.014359762933081976,0.006542713175025799,-0.004353557604927575,0.19688088960395764,-2.1139565257832227,-1.655447425234222,3.1568787715189934
0.012708022724443192,0.014435748944673293,0.006774760548358132,-0.004135325426717005,0.19906878779019668,-1.9926503256146522,-1.8899264785755314,3.0648903083234385
0.01274041196901643,0.014451906760205448,0.00670904379977946,-0.0041289356583692725,0.1944433976039701,-1.9928401235517932,-1.8429260511514591,3.0403608555251798
0.012684198494933213,0.014459521474689698,0.00678757411522593,-0.004084729527285662,0.19720442583222994,-1.964983656892526,-1.9132400519732842,3.0301180203289575
0.01266192073488983,0.014480547586163767,0.0068001187504428745,-0.004039210373244727,0.1954949750974649,-1.9398157730924337,-1.9347829004861075,2.999056544622871
0.012640294317888455,0.01450271142599336,0.0068099036458558705,-0.003992324815628472,0.19365662835201447,-1.9139452591827288,-1.9545351524956505,2.96617376958285
0.012618562683256325,0.014518068245305556,0.006826390124227728,-0.0039555267544379566,0.19292063348351804,-1.8927730957914812,-1.9764553528974036,2.9426842546236105
0.012595716448330074,0.014532373417603453,0.0068452144617413896,-0.0039193955372530875,0.19215682938273201,-1.8716262736517322,-1.9998121129711743,2.9203288583008553
0.01254311278806803,0.014553305794306505,0.006900107593530497,-0.003853003004222435,0.19267355059787006,-1.8304455288098291,-2.0573690680204453,2.8844505903031403
0.01257109210236488,0.014544567864525723,0.006868504465617161,-0.0038849718837718587,0.1920930046917035,-1.850848956880445,-2.0259118022085314,2.9003965988633555
0.012512180806995947,0.01459946523302177,0.006893880771059113,-0.0037643071755826085,0.18796086538269227,-1.7819214655221451,-2.075104966446791,2.8148593591023574
0.012537176326233765,0.014581768481951612,0.006877445274942437,-0.0038074026752839565,0.18898501819424196,-1.8073888565614724,-2.0522428594185107,2.8435473195403818
0.012384673680544876,0.0145896610832338,0.007088069260297644,-0.0036822210360682593,0.19796485414212536,-1.713721984825636,-2.238453421491134,2.800791272649399
0.012414840176630956,0.014602050075041386,0.0070302227878652,-0.0036882480534812952,0.19405650319819015,-1.7243551936660013,-2.1939832930734826,2.7910563825766275
0.01244909100459173,0.014617252429082144,0.006963746581642393,-0.003692774346702847,0.18963557680617815,-1.734593323397362,-2.143900397576908,2.777909989313142
0.012486614889817381,0.014621994770366511,0.006905067299783188,-0.003713783232888772,0.18625258089168592,-1.7525945357907304,-2.0957713442516392,2.779034360030542
0.012363250190903029,0.014608142402200023,0.007096291961078087,-0.0036386688020656377,0.19663862580801147,-1.6876714916736895,-2.2546250080886114,2.7687814898353813
0.012339569064300997,0.014624229807295538,0.0071100897835946674,-0.0035966181946230527,0.1958153465382305,-1.6615856929053159,-2.27446890544277,2.739271022572833
0.012314964212863752,0.014640681126990837,0.007124191788609606,-0.0035531798632764317,0.19497709636653224,-1.6344307401008715,-2.2947156029349087,2.7086185320026335
0.012041973637754558,0.014740695981156134,0.007356619598568959,-0.0031682408223696313,0.19828885072908434,-1.3654588263491991,-2.545399875055583,2.4556684403243385
0.012068325030428623,0.014726796456692387,0.0073421250911434605,-0.0032122383342114017,0.1986559163178496,-1.3952048214728212,-2.526440486187304,2.4877273365962496
0.01223835551796349,0.014637099099795395,0.007234848023724657,-0.0034918711048754687,0.20085262549891167,-1.5820092891043058,-2.3903089224487846,2.6862500740457675
0.012218732702649088,0.014649546803953846,0.007245708186295938,-0.0034571536453671457,0.20020151332067118,-1.5597148756719814,-2.4057570069704277,2.6612661165934246
0.012109171578945116,0.014700180315686234,0.007325403807574763,-0.0032867800477140094,0.19998200553881337,-1.4437480516954453,-2.499631722983984,2.543547519695672
0.012095846782490326,0.014720450048008435,0.007315220858489001,-0.0032473862306530996,0.19761513142343284,-1.421619273673248,-2.4998523512405524,2.510085274153288
0.012196989740976978,0.014659236306680265,0.007262709080333691,-0.0034241741352011097,0.20025723225609743,-1.5373064180375768,-2.425338221789421,2.6389778446255967
0.012134309985872414,0.014696191743761728,0.007297653757664572,-0.003316121611876183,0.1987005988652317,-1.4664842507057534,-2.47329119869497,2.560966038772172
0.012178260049646292,0.014676008509487611,0.007265945824679625,-0.0033842627304827484,0.19891857718137448,-1.5129162253379276,-2.4360016131730275,2.6080861334068928
0.012157611859665587,0.014687832454225233,0.007277904508036145,-0.0033492144669765244,0.19855775984811544,-1.489847197618005,-2.452026309047472,2.5829251030151585
0.012262735539801029,0.01464814077377335,0.007187088717687713,-0.0034981535801070197,0.19746029548580935,-1.593132040964832,-2.3534535652930333,2.680240685771014
0.012291200944681897,0.014661335200099608,0.007131307970067064,-0.0035045640642278053,0.1934407439534097,-1.6050558278807,-2.310765178598883,2.6722044487570042
0.01199069298514948,0.01475396318922632,0.007402710055721156,-0.0030993936551498144,0.19977957908912064,-1.3138341988730853,-2.5919143557217232,2.4099289520197646
0.011969159649870352,0.014770823013818192,0.00740547661347156,-0.003056127196146605,0.19860665372225908,-1.2863246364862093,-2.6016913066975533,2.3759337703982184
0.011947493393798641,0.014779471934499135,0.007419721778738787,-0.003022833364084593,0.19869563537373722,-1.262534531883557,-2.617978593553437,2.3520105298854586
0.011924451656250562,0.014785844700566484,0.007438597576632971,-0.002990698335898312,0.19927745882679873,-1.2383627395277443,-2.6373581079625956,2.3298405746229496
0.012042147537333429,0.014771161246970622,0.007314112247789674,-0.0031299058712144583,0.19347614157638568,-1.3499658516556574,-2.5214264926255745,2.416660168880224
0.012016141394634403,0.014779268016955633,0.007335313621089114,-0.0030937629109874503,0.1940207780466184,-1.323609978802191,-2.543621550994104,2.392172595389986
0.011897485491930104,0.01479167273961452,0.007462672748046642,-0.0029547612203235174,0.2002922146514467,-1.2105183517820721,-2.661051532682522,2.305524666391485
0.011872687577480855,0.01480527287355209,0.007472282403619498,-0.002911606653128268,0.19973409537192952,-1.1810447863484799,-2.6752245457503077,2.2726945883791854
0.01184616106958953,0.014810483760493551,0.007495863680576808,-0.002876331587147132,0.2007665966639184,-1.1533073653272308,-2.698125095963402,2.248609851853011
0.011815661479031661,0.014811717707122859,0.0075296821483693335,-0.0028409004148383975,0.20283273389246517,-1.1228799902568731,-2.7284165608058872,2.2261068856714306
0.011836984482105831,0.014832137538965846,0.00747432575145456,-0.0028409309518443583,0.1980020700710476,-1.1354212431548474,-2.688224269808552,2.2163020564812266
0.011792232276863076,0.01482578410146756,0.007535495397456801,-0.0027981926810883603,0.2020813288000194,-1.094015662173572,-2.739252914828244,2.192740990888202
0.011772611965918538,0.014832312199893526,0.007547973716308923,-0.0027684081438801404,0.20246581022888224,-1.0718288364324848,-2.7528299712457325,2.170901884786992
0.01168470235186149,0.014871289504491752,0.0075854162771301845,-0.002622963441708349,0.2021610680314354,-0.9677198928826439,-2.801017070783544,2.0597616857893297
0.011709268994681511,0.014873756627477926,0.007554891305959313,-0.0026491055722838814,0.20001802891443007,-0.9923867401784291,-2.775350493525819,2.075898211574755
0.01173118783458973,0.014860904678223305,0.007550639433200249,-0.002688682081880732,0.20064529246992713,-1.0193046778150026,-2.7666045997766697,2.1070645802757864
0.011756748612296964,0.01484651441143318,0.007544216404558904,-0.002734187049687834,0.20122797634351275,-1.0504865848175762,-2.7552751526950776,2.1426576039079333
0.011664965186989448,0.014897363911691233,0.007565874990787833,-0.0025716932340916483,0.1993105987775288,-0.9387931644878209,-2.794009318374414,2.0152873326790313
0.01163711642081441,0.014907818065059475,0.007578809023254601,-0.0025276041621371324,0.1994542549272767,-0.9064134777172418,-2.809143882918213,1.9818430582510866
0.011236849884942893,0.014946267527013606,0.007893495675476772,-0.0019737093869325105,0.22078288030931695,-0.43648859430975,-3.089820441827871,1.574236511583285
0.011219055158674805,0.014959245186276402,0.007885548539600594,-0.0019382499670045456,0.21960362067684294,-0.4138459647731985,-3.0867993356486676,1.5442380409112495
0.011154383070979755,0.014980806166901678,0.007899436519257038,-0.0018306884397488352,0.22004052728517065,-0.33263476017362675,-3.103707738111584,1.457800659502464
0.011176787726532725,0.014974153634990058,0.007893545437832482,-0.0018673234935264041,0.21972507997169669,-0.3607793313195367,-3.097234839718427,1.4871248147844014
0.01119866015523486,0.014969276064847742,0.007884593901295827,-0.0019017312550322254,0.21912890487863315,-0.3881776848327591,-3.088673083245404,1.5142358535302678
0.011133713102713367,0.01499074343755697,0.007897794548888481,-0.0017939478409646785,0.21946445559489478,-0.30676396754288504,-3.1047837366739373,1.4275206669693512
0.011615358117514135,0.014929533769570118,0.007567142473296678,-0.0024791233158340128,0.19729418373474863,-0.8771019887390326,-2.8072590381781994,1.940966706484914
0.011584876580619918,0.014931472567095688,0.0075950959152111626,-0.0024404164012325246,0.19924784353704642,-0.8441110456882257,-2.832021471885341,1.9139561478600722
0.011315882936698371,0.014968544062983053,0.007787415827981378,-0.002062193531485006,0.21111224496009728,-0.5314548802801836,-3.0079718235659,1.6334520046025254
0.011463384143949571,0.014914750824134133,0.007742455805136854,-0.002305103523065949,0.21031886533512048,-0.7125674423428927,-2.9526784585671093,1.8254088962490944
0.011487649082268719,0.01492176510940391,0.007707329201310892,-0.0023293086264714346,0.20731364583148543,-0.7389440497652958,-2.925030757867129,1.8402274776680378
0.011424325590281207,0.014934226864649578,0.007747244492592839,-0.0022360729957577427,0.20968291145209741,-0.6638668795020632,-2.9632802198486807,1.7698617499520297
0.011447760356638395,0.01493257417343438,0.007727859732836931,-0.002267913411713693,0.2081951243694427,-0.691240703017589,-2.9462535416127067,1.7931348593318923
0.011415401035985394,0.01495466170094814,0.007721484241568111,-0.0022054763219862884,0.20677783100933983,-0.6501977411122238,-2.9481541207561093,1.7415562351057488
0.011395596614012807,0.014963820503772438,0.007724391049212868,-0.0021714085444429873,0.20645356018073371,-0.625881110351148,-2.953575076855134,1.714266070086304
0.011372608544515104,0.01497127606977434,0.007732684380762608,-0.002134718777961528,0.20672157462859372,-0.5981376295919437,-2.9629413116956003,1.685590118551272
0.011352332731639362,0.01497384103173673,0.007746432736723455,-0.0021058569580662424,0.2077438560099197,-0.5741009710992248,-2.975289672034304,1.6639098060791873
0.011335277137496234,0.01498655195527757,0.0077399742728468945,-0.0020722413107639825,0.2066394371736874,-0.5526149620285333,-2.9738329511447996,1.6358047964008977
0.011506290948430505,0.014939547134750559,0.007660099780625333,-0.0023355103726039332,0.20303182390010752,-0.7561613084761217,-2.8906979058460363,1.8385413769988277
0.011562072171470181,0.014946553709485583,0.007593942338211183,-0.0023975549784815645,0.1980435342212421,-0.8156623651122846,-2.8365270350781646,1.8792201396853152
0.011532774846361261,0.014959743219264694,0.007601669143119186,-0.0023487001176609296,0.19796020362104835,-0.7807789315918369,-2.8478617372422232,1.8410125199394545
0.011253545001825575,0.014955101373940408,0.007864011752335422,-0.0019892937702396876,0.21795515814998098,-0.45679609636190016,-3.067849192254835,1.5834230924320574
0.011272151677233933,0.014959511482406544,0.007840581128262455,-0.0020109843646677,0.21564761348888056,-0.4793566982348502,-3.049690352823672,1.5983156424774576
0.011290777325525417,0.014972837643447496,0.007801732587336767,-0.002024828851210824,0.21213356107345532,-0.5010061451341431,-3.0211760592866335,1.6048249155541112
0.01087692385885451,0.015014015520568412,0.008031776440175107,-0.0014046658011332553,0.2320733819089602,0.023834306252373084,-3.2128749478466045,1.122451867697935
0.010891947654813114,0.015023630257264766,0.008004834469904977,-0.0014211978352049912,0.22906850866165637,0.0019618798114396014,-3.1939912878556433,1.1334715104029145
0.010907099020329497,0.01501492995069903,0.008011529398869304,-0.0014490622761500933,0.2299373523055319,-0.016363033455513386,-3.1979569687409373,1.1569320085666357
0.01101864421221779,0.0149721141973049,0.008016028366376098,-0.0016422072380667832,0.2310969428447918,-0.15708164095487756,-3.194808147473424,1.3158301993072035
0.010922310989423109,0.015010439169216747,0.008010237469820951,-0.0014744453334611972,0.2298382467704272,-0.03563802051243393,-3.1964190210412884,1.1776167265282613
0.010938150476825162,0.015007623452054253,0.00800528503348154,-0.0014996789099214246,0.2293627622869073,-0.056037559957840564,-3.192298208703679,1.1978142010435995
0.010954519258385332,0.015004129211479372,0.008001052369261021,-0.0015261028424593682,0.22902369199317138,-0.07701482105263759,-3.1885760432060177,1.2190537743563326
0.010971078811121927,0.014999675283594345,0.007998255088999774,-0.0015534181676410323,0.22881080188100597,-0.098105069354269,-3.185752253065512,1.241170960637252
0.01098776083285257,0.01499395707298737,0.00799748029647529,-0.0015817636964510391,0.2288487643991377,-0.11920013025966202,-3.18423014161807,1.2643350830519253
0.011003818540293468,0.014986119733124383,0.008000790252159705,-0.0016106784316055297,0.2293608420410214,-0.13925446094934005,-3.1854618089709743,1.2883889085210465
0.011035535215017793,0.014982149877239089,0.007985747213021014,-0.0016597623716833692,0.22798518334565052,-0.1803186378246662,-3.1729664460590423,1.327119058848325
0.011050795135719679,0.014987322740285755,0.007965448091897122,-0.0016781804000178923,0.2258013863658605,-0.2006141086506684,-3.1580181294157073,1.3400872666476975
0.011061724722584522,0.014999716616486782,0.007935235703305897,-0.0016849924512256323,0.22267057659814424,-0.2157115222728163,-3.136638821250351,1.3424169340897434
0.011113820287117682,0.015003523643026088,0.007890167904841984,-0.0017562531040161654,0.21841603114775632,-0.28211952983819716,-3.101657040209478,1.3958806461788162
0.011078666973530323,0.015009996962732437,0.00790456049664077,-0.001701732115586617,0.2195794072928031,-0.23803998352094344,-3.1145643249566155,1.3529086841562956
0.011096372881233083,0.015014323970432925,0.007883927673839481,-0.0017236363234921152,0.2174647234716252,-0.2606432112199886,-3.0991268736984225,1.3686107266544905
0.010070450453074968,0.015069528619722945,0.008192260142020303,-1.1389911373492533E-4,0.25795897463430467,1.0917671343874977,-3.2621427153666724,0.08592780509429333
0.010100743749561545,0.015070967562385268,0.008187618863765973,-1.6271309352245113E-4,0.2568573312349897,1.050313142699679,-3.2644637345653207,0.12480961393556503
0.010085169373767272,0.01507466248276477,0.008181322879994783,-1.3736681641470376E-4,0.2562881231765299,1.0680210706075695,-3.2575706121730343,0.10429944077577856
0.010135016816438447,0.01507408983414127,0.008178647513976107,-2.1767769827893464E-4,0.25515833222342205,1.0021658019399646,-3.264303901091379,0.1684917603220177
0.01011634884399337,0.015076894805452684,0.008174746225862757,-1.874005241954497E-4,0.25493980511999004,1.0248364661530749,-3.258620765834127,0.1440871074422114
0.010371617745039523,0.015063051150432723,0.00815828092494055,-5.988260025977728E-4,0.2492282238155408,0.6902152008603499,-3.281878091360581,0.47471250686203653
0.010354054403689425,0.015073819854010432,0.008141752102679416,-5.681695898623802E-4,0.24753902890821053,0.7075989316000366,-3.2689352680778687,0.449004904704893
0.010337625124506,0.0150793788727909,0.008134891495889201,-5.407620681354164E-4,0.24690254099683373,0.726394024123592,-3.2625569316827767,0.4264824166595737
0.01032078316396865,0.01508250713915029,0.008132658450572162,-5.133358065797307E-4,0.24685769124734905,0.7471228825604389,-3.259192782413671,0.4042250000430001
0.010255745261952078,0.015088737464148697,0.00813352738290483,-4.0882553926082553E-4,0.24785634586527286,0.8302814820912753,-3.2519217040054396,0.32004416920602646
0.010208834442529832,0.015086230525569753,0.008145978499664574,-3.345244736513733E-4,0.24998124083844522,0.8946414752807162,-3.2538763177606644,0.26090146702675465
0.010225853783440564,0.015081928644175848,0.008151831478683319,-3.6234152733567894E-4,0.250491991100787,0.8749373216389936,-3.260161498713162,0.2835056162253684
0.010239079129125143,0.015094892714724247,0.00812438050446575,-3.813073862385325E-4,0.24691268239739103,0.8483652185819847,-3.243626625790203,0.2974537687052829
0.01030434098526774,0.015084902221427292,0.00813156451750919,-4.867360256771837E-4,0.24695113700519797,0.7676976244085197,-3.2565741442240426,0.3827122677426887
0.010271666447915781,0.015086613849145456,0.008134757391757732,-4.345149758180678E-4,0.247758452389764,0.8103809593997964,-3.2547665512025783,0.3408002519007833
0.010287819051762626,0.015086124877441239,0.008132576664039054,-4.6026387282097455E-4,0.24726573938442112,0.7890652279123757,-3.255290914924743,0.3614309643313411
0.010192492769396353,0.015090517572902714,0.00813986150225243,-3.0786977908798667E-4,0.24953194315690538,0.9133598472989476,-3.2474478887841625,0.23921109330536686
0.010145014153310636,0.015088826025912086,0.008148703300363757,-2.3228191640587746E-4,0.2512543193210422,0.9776143037610384,-3.2460920024256485,0.1790028429416287
0.010162189591027394,0.015084411411660158,0.008155541881958777,-2.602200544353917E-4,0.2518845579783238,0.9581467247988705,-3.2533177009875307,0.20165037852190934
0.010175492048369,0.01509748222147767,0.008128406923694235,-2.799205954826443E-4,0.2483179244806453,0.9308762405407077,-3.2373177705686342,0.2162794739901379
0.010202727592945769,0.015103448693228227,0.008113240892524137,-3.2237628155271244E-4,0.2460599406779807,0.8906788486032016,-3.2312203235243615,0.249586259618154
0.01005676822485377,0.015073028894358916,0.008185935095890965,-9.16611944016117E-5,0.25738585106270045,1.1069797011756313,-3.255459500140216,0.06794189208275903
0.010038322217419867,0.015076437575557858,0.008179789047313002,-6.181517494470608E-5,0.256910980007148,1.128437143720002,-3.247962536330021,0.043928530774129046
0.010001942558969428,0.015090963180034507,0.008151608021629954,-3.2085969102911376E-6,0.2540206290939358,1.1635367190308232,-3.222496039511492,-0.003565066854045709
0.010019610875575485,0.015086935449976503,0.008159436378546603,-3.154277710627275E-5,0.2547502596292363,1.1440368722567464,-3.2310625008847533,0.019177333233415975
0.00998459935703428,0.01509426001347823,0.00814500893356901,2.4514524372523064E-5,0.25352938014804155,1.183131080810445,-3.2147266079085814,-0.025786020727738408
0.01084644421188882,0.015017881829869902,0.008042746013668943,-0.0013566527627982986,0.2332181752489125,0.0636142134705171,-3.221226560529583,1.0840957959186974
0.010861852428005952,0.01502603153445179,0.008018515839767952,-0.0013749407712010488,0.23050284529143264,0.04124209804919187,-3.204286093997436,1.0968811159224414
0.010591290368202786,0.015060349268595313,0.0080896932504199,-9.452564968451951E-4,0.23917888588806566,0.39319214988494583,-3.250953720055407,0.7518089191680469
0.010607856548356236,0.01505897766340606,0.0080854264019773,-9.714861346183271E-4,0.23857918549147464,0.37139091217211884,-3.2487048372695893,0.7728638944159885
0.010624720890749848,0.015056874941182692,0.008082231571216509,-9.984566227659933E-4,0.23813422696528463,0.34947322676195575,-3.2471252907724613,0.7946075146085197
0.01064175463370237,0.015054030000411065,0.008080170908556462,-0.001025993488308219,0.23780162677715236,0.3275866011147697,-3.246249314523524,0.8169133641658838
0.010750157219387593,0.01503873937700872,0.008056860500192902,-0.0011994560631744496,0.23478835357783878,0.1869108685690841,-3.2319615553031453,0.956688026838956
0.010733862229682674,0.015040407463371928,0.008062083470887117,-0.0011737759670242705,0.23539833639885213,0.20827569145522692,-3.2354733285305275,0.9361299814464553
0.01071777018416079,0.015041471957203836,0.0080681630069306,-0.0011486639113537885,0.23612161697403208,0.22958525766455026,-3.239503036415719,0.9160965930558481
0.010658918287595685,0.015049560030895005,0.008080928438072454,-0.0010544641492488455,0.23782619521091766,0.3060948275747318,-3.247223060413947,0.8402040419685474
0.010678874228485076,0.015044823085221032,0.008080659438132203,-0.0010873814555129814,0.23768674360305453,0.28087837940237387,-3.2474821058718244,0.8670396305059259
0.010700904549536958,0.015043651156232093,0.00807233615991333,-0.001121772975597937,0.23669370160613648,0.2515968733347979,-3.2421565906570238,0.8944371352994205
0.010829427455830537,0.015030278413142853,0.008029493900324987,-0.0013239105253490134,0.2316975108520066,0.08331234061031045,-3.2125507029558906,1.0560988781658922
0.010777960250527241,0.015052689997999814,0.008016121154469454,-0.001234186065336212,0.23013448298403769,0.14582843621246402,-3.204165064650517,0.9816063534446965
0.010795038630512814,0.015048313799655932,0.00801508495472651,-0.0012622079981080316,0.2300223151515137,0.124381744783039,-3.2032968326867994,1.004398593514126
0.010812401603066093,0.015041590444673,0.00801804090519259,-0.0012919716416581592,0.2303811077748538,0.10311544707602587,-3.2050665748768554,1.028965982196375
0.010761188327173397,0.015055738351425313,0.0080192617609405,-0.0012073270055895874,0.23049989734286422,0.16720403784822915,-3.206389452245198,0.9599518705881963
0.010543745054974782,0.015066520599904938,0.008096597488117986,-8.68942201991382E-4,0.24031331699983163,0.4547414653008857,-3.253380440868586,0.6901729065587804
0.01055457381347653,0.01507769634542432,0.008071121988078654,-8.815136329608545E-4,0.2372214935408547,0.4352110451091087,-3.236668453162694,0.698587735446663
0.010569055076397604,0.015078774138243631,0.008063471597835515,-9.034768113724722E-4,0.236214143383199,0.41533255866621627,-3.2321761546628385,0.7158966072423513
0.010584728837033274,0.015077929249952828,0.008058866668814118,-9.27982382254623E-4,0.2356168417518961,0.3947230079672113,-3.2297555470987604,0.7354742782510785
0.010498054847541084,0.015050978617659121,0.008143144979269275,-8.029695968676789E-4,0.24605840925113662,0.5242743251665091,-3.282236864082363,0.6395565874422647
0.010400163132763091,0.015077827331110754,0.008121858020272458,-6.40081275976634E-4,0.24459782088600843,0.6429556139491157,-3.2600055557194447,0.5060655537705415
0.010415847025697438,0.015076711896491584,0.008119571736281516,-6.651224253561172E-4,0.24415577525800194,0.6224109318202561,-3.259865681991119,0.5262076810889353
0.01043173137301528,0.015075258103350133,0.00811770733617586,-6.905637625205808E-4,0.24378520111440186,0.6017606033495131,-3.2599630700444817,0.5467042391696263
0.010447667832639515,0.015072989294817799,0.008117222510900907,-7.163267671129247E-4,0.24355778486797128,0.5814397242721268,-3.260932288659145,0.5675601274544698
0.010464861693298992,0.01506933717296876,0.008118820262867706,-7.445169989798574E-4,0.24356879073529372,0.5600943964014741,-3.2633476971223634,0.5905227043825875
0.010481815813574826,0.015062919149427645,0.008125622305896628,-7.732932654665718E-4,0.24422247816715623,0.5403930671782917,-3.269214122192786,0.6143189892580647
0.010512912430290861,0.015063380667034677,0.008113949270510698,-8.219410117113807E-4,0.242558203472478,0.49796111119757197,-3.263374047095955,0.6530963838506786
0.010527538507852744,0.01507442412525111,0.008087466663293777,-8.407856659022667E-4,0.23931651513805405,0.47298028046894824,-3.2462758708317243,0.6666477234814937
0.010384296147990928,0.015080792192293675,0.00812043728772846,-6.142406289413455E-4,0.24463470681209423,0.6626797441016697,-3.2575632952699256,0.4850522570184613
0.010395293825962791,0.015092958906018606,0.008093954211703195,-6.282601991320633E-4,0.24131161344344135,0.6410734848314006,-3.240765198255989,0.4948123676392938
0.0098562078297944,0.015056819780465145,0.008211531048104653,2.334449783397913E-4,0.2644119993564,1.38353336310681,-3.2291241149295042,-0.18940845661468544
0.009840689846427397,0.01505471818490854,0.00821400342186268,2.588306312495099E-4,0.2650766016889194,1.4055207102973621,-3.2268770481112097,-0.20937019534017787
0.009818054147885785,0.015068926611117998,0.008183011282009501,2.9364282643190397E-4,0.26142153998422507,1.4199124331053705,-3.201347365285851,-0.23739786241511715
0.009831561506401538,0.015066971510602017,0.008188590394579611,2.721326287082343E-4,0.2619012134646417,1.4048113540867748,-3.2083110022573806,-0.22038374479445455
0.009802381528499196,0.015070781079933385,0.008177198891167638,3.1859423786842744E-4,0.26096427604074,1.4377399826731063,-3.1936428672115054,-0.2570860573146059
0.009786027116753452,0.015071610436635357,0.008173137464132417,3.4473429284190103E-4,0.2607406660948113,1.45735995746802,-3.1868174018912243,-0.277644842162511
0.009734242924838158,0.015065022657830957,0.008177230650478394,4.289586226758707E-4,0.2623096722219073,1.52867511521747,-3.17543661823311,-0.34347873620891295
0.009769039116926712,0.015072027585567015,0.008169597965637015,3.719127207445435E-4,0.2606056132325935,1.4780916962083144,-3.1800892528471,-0.29897937534177754
0.0097499473199693,0.015072267007581488,0.008165830023295738,4.024530308846748E-4,0.26044762216249234,1.5015007537211695,-3.172577594776269,-0.32290900769408776
0.009863970865360974,0.01507331875200594,0.008179592888152232,2.192312296998814E-4,0.26011921941997146,1.3572795232019663,-3.210463780729142,-0.1788779929139942
0.009927628007782146,0.01507474009179298,0.008181607377622564,1.1660181837975724E-4,0.2591865230987955,1.2742784698050498,-3.2264107771486663,-0.09775201531766348
0.009954388783656653,0.015086667702198334,0.008159231764645272,7.306442846459882E-5,0.2558608567245351,1.2288461387018144,-3.2177139308638125,-0.0638673857931184
0.009967091016473877,0.015100433059290605,0.008132558571752728,5.234535491589604E-5,0.25218982008216445,1.2002565675867152,-3.2030624541545207,-0.048229095797391645
0.009936828022842216,0.01509037386933097,0.008151223956962557,1.010475161158739E-4,0.25510313267814005,1.2480462088585578,-3.2087773848727017,-0.08621759931001531
0.009909178809075353,0.015075610826079318,0.008178782111806544,1.4626618945442758E-4,0.2591372111892917,1.2972189602427162,-3.220460323139391,-0.12128749923356727
0.009890307869115211,0.015084844349203541,0.008159179951978486,1.7590746928965425E-4,0.2570128865892698,1.312636202008554,-3.2035447998976747,-0.14515176337626035
0.009872336819304786,0.015089090048137547,0.008149277432550355,2.0431010263885054E-4,0.25601451419796195,1.3313904803432752,-3.19301784894122,-0.16775937328649873
0.008771553409576293,0.014906328118839714,0.007967949721177878,0.0019949056532570595,0.2463109122574539,2.7287552845034906,-2.636215760450208,-1.4974485463133005
0.008786757773432229,0.014910499637354545,0.007973432790311494,0.0019698940705174767,0.24705624771138954,2.7109202905332297,-2.6483565495348107,-1.480485675097554
0.008557457410158408,0.014848162104335639,0.007871158403393157,0.0023419054444285413,0.23196896161358452,2.961961043974698,-2.4477790722681196,-1.7248139005270804
0.008572570339931019,0.014852958193510651,0.007877901072080805,0.002317061467184139,0.23304410125594235,2.9453438733517463,-2.461600107562747,-1.708933534109443
0.00858812948316786,0.014857300040940997,0.007885709198721516,0.0022920260604869028,0.23423832407868136,2.9291325012293754,-2.4760838357331347,-1.6929458213369932
0.008603122334547032,0.014862075730031565,0.007892014716224466,0.0022672676414650615,0.23524345737792138,2.912274714597683,-2.489470555992465,-1.6769499629954863
0.008633455123319707,0.01487079892600886,0.007905908501200258,0.002217957703636662,0.23736194980103123,2.8793664299030084,-2.5167455903114484,-1.6450181166015148
0.008618193914373892,0.014866504078461034,0.007898837117902084,0.0022426999228801346,0.23627386006638806,2.8958176801743254,-2.503043806781145,-1.6610464598123065
0.00874170775381759,0.01489760357214247,0.00795765079772804,0.0020443738913596137,0.24489520294292097,2.7643081719406557,-2.6123086957192676,-1.530903983960929
0.00875622606170477,0.014902267283078405,0.007961982510848871,0.0020199577318639607,0.24547860083272058,2.746361380894307,-2.6236795467968226,-1.5143701157750866
0.008716069001872356,0.014907116304714998,0.007917538852174928,0.0020714288335581415,0.23922233518986893,2.764116659026189,-2.5782453943611707,-1.5459994690286492
0.008730179132047346,0.014907638330498551,0.007929209749347648,0.002051476238076714,0.24090007757374096,2.7541198700555545,-2.5925003263178286,-1.5333120094288804
0.008699249529978007,0.014905511005541964,0.007905239983213047,0.002095977766820502,0.23750642994212942,2.777551528658736,-2.561897638124607,-1.5617202836522273
0.008637310720316586,0.014885426423412588,0.007883561536785395,0.002198786129162627,0.2342883132427227,2.8505160661303255,-2.5106247174031533,-1.6297394140160288
0.00866734471680909,0.014893979299806829,0.007896562601492255,0.002150102532304501,0.2362030679713439,2.8175756753112027,-2.536697562671565,-1.5979163051053593
0.008680537422528473,0.014903153560744856,0.007892370908243079,0.00212367963522336,0.23561349859029462,2.7932513635714042,-2.5439820108494327,-1.5794746461292004
0.00865126901009806,0.014894015564984663,0.007881477840367884,0.0021718479999955583,0.2339859043996608,2.8269876834629244,-2.5195198085049526,-1.6112487091335586
0.008281610908634622,0.014725674764844024,0.007775196211381023,0.0028272625863483623,0.21465317275661708,3.3029727370664186,-2.1842271624035323,-2.0271723421672543
0.008296558890017363,0.014731003246871594,0.0077842551742616775,0.002802774270012017,0.2163386984547697,3.288679538195691,-2.2006680981018545,-2.0130829747852004
0.008266730448417437,0.01472017317161676,0.007766329637420758,0.0028518119528152925,0.21295278739221093,3.317399381787318,-2.167795942099442,-2.041262148246966
0.008251954853553968,0.01471457616915127,0.0077575720474395956,0.002876289708139096,0.21132417998192496,3.3317967235289587,-2.1513884562603107,-2.055254202362366
0.00823724499879518,0.014708996955221614,0.007748691394538514,0.0029006070903310442,0.2097670609180262,3.3459403611799234,-2.134918853237233,-2.0690494119018434
0.008222514348020536,0.01470350089461738,0.007739476583335019,0.002924783599676798,0.20817808031516274,3.3597016797715322,-2.1182686545750564,-2.082615479435345
0.008298970922461379,0.014747378655756704,0.007759907408343743,0.002780387551268101,0.21245750321762438,3.2551804231938566,-2.1964397210917395,-1.9956950363550747
0.008403042805774901,0.014783717201599293,0.007818494504773373,0.002609999648190198,0.2227068123957616,3.1518721172513655,-2.305793926011187,-1.8948950135171347
0.00837370332208104,0.014773246742939552,0.007803218851806124,0.002658580839424758,0.2200563483404883,3.1824132039378923,-2.275778952348849,-1.924187833890105
0.008388376378441168,0.014778411677705728,0.007811065017871022,0.002634391168230703,0.22140579671039226,3.1673688746922193,-2.2909010810023056,-1.9096655653489714
0.008494133320754134,0.014812569731650606,0.007867922758264862,0.0024618349878269556,0.2309420059156304,3.059560013697054,-2.3973972375140353,-1.8041820070881507
0.008508994851591968,0.014817339090528472,0.007875271828659615,0.002437398394083201,0.23213671158617413,3.0437185680137833,-2.411797914811688,-1.7888791552964187
0.008523878330226444,0.01482227263023983,0.007882184408237826,0.002412712717826631,0.23327081923018425,3.0273838300021825,-2.4259652023916374,-1.7733024027719677
0.008482140591945868,0.014824018364505412,0.007835355323995123,0.002465257363096048,0.22620532910948973,3.0427163818853527,-2.3766731868226323,-1.8025117458638744
0.008404819108799573,0.014800583570184546,0.007791768312240784,0.002589004299836099,0.2190008716590817,3.118169417627263,-2.29913803890723,-1.8777297857778767
0.008420070784148347,0.01480579083468152,0.007799723193889601,0.0025640866555639154,0.22035720814606488,3.102561584846697,-2.3143925898046285,-1.8626329048439174
0.008466813869299837,0.014820581924267495,0.007824989276263157,0.002488626284900181,0.2245629441368656,3.055760600202916,-2.3608933312628007,-1.8165997560129987
0.008435850406404976,0.014810672922485087,0.0078086262950430784,0.002538796369733171,0.22185194112997997,3.0871540771811805,-2.3303128775916337,-1.847315637324524
0.00845085964346142,0.01481659630913866,0.007814727150401239,0.002513300757643899,0.2229121207691198,3.0698891432261965,-2.344583070474503,-1.8314684643847026
0.008358801331929542,0.01476839659073482,0.007794409412391065,0.002682639599235184,0.21853086546739828,3.196708485198308,-2.2600851646173514,-1.9384238742146047
0.008313889757150668,0.014752533628733557,0.007768914733340129,0.002756207881982513,0.21406345951282227,3.24107544404788,-2.2125590748125212,-1.9817061361353543
0.0083286858423458,0.014758091820094873,0.007776931536239086,0.0027316450136907855,0.21548306016776084,3.2259879854667735,-2.2282073197029386,-1.9672564749213646
0.008343690584818686,0.014763497585182419,0.007785271168290823,0.002706946805376756,0.2169542775201707,3.21096004630228,-2.244030863323531,-1.9526984347644947
0.008361511482744048,0.014784467250466773,0.007770438770112531,0.002660956420272559,0.2152779683369612,3.1640864738792165,-2.255610374007929,-1.921198375888496
0.008541730286965445,0.014843842663697766,0.007862780477813141,0.0023670260404349774,0.23065817299301106,2.9778397388644575,-2.4327842637149177,-1.7406584356040329
0.008526421605945725,0.014838980920747964,0.007855595031277083,0.002392090924987381,0.2295027024164862,2.9943169816413824,-2.4184709861966702,-1.756505041282308
0.009717215638374303,0.015067957926782333,0.008168083075420274,4.556625290579314E-4,0.26137518692245837,1.5464535666185457,-3.1649282345564282,-0.36441731648925435
0.009699060107454409,0.015077224351132167,0.008146047055645094,4.827013340653104E-4,0.25886048302297876,1.5585199276796409,-3.1460279663487776,-0.3856671219294578
0.009681257148501455,0.015080583035230556,0.0081355229390846,5.102496473720568E-4,0.2577411404985814,1.576343464553206,-3.134370026949856,-0.4071373328091577
0.009639699194526405,0.015058075266833535,0.008169716653332533,5.818511473966226E-4,0.2631349867845294,1.6516447062597461,-3.1431224190874985,-0.4624631060432097
0.009654288656927062,0.015065178355279148,0.008159404841985999,5.567852187726548E-4,0.26142994088730725,1.6259736391775346,-3.1411854693177834,-0.44307165667790416
0.009664803294537037,0.015081486870001196,0.00812992739987433,5.361231573121687E-4,0.2573534789065887,1.5951210175856876,-3.1261023980658824,-0.42726234170788296
0.00962313442234268,0.015060882088040475,0.008159814919615078,6.075193038539076E-4,0.2620729389576201,1.6682271289255828,-3.131899441164397,-0.4823749532768811
0.009587489444815349,0.01507292603170743,0.008126159715152835,6.606243758189204E-4,0.25826270824186576,1.6962574395051668,-3.100093841946048,-0.5233684591870967
0.009605073960822778,0.015069526535315673,0.008137862634187837,6.338101623014138E-4,0.25953582418346016,1.6796119235869165,-3.112807924758989,-0.5027164633631497
0.009523547824780945,0.015034595094716394,0.008181130630002934,7.741545785571858E-4,0.26694632213153485,1.817142591377183,-3.1121566251434882,-0.6107604153164735
0.009539043844921796,0.015038275549198322,0.008179096812807955,7.482374530941928E-4,0.2663419395562157,1.7945327089030585,-3.116266462009596,-0.5908505371116263
0.009513286907764587,0.015046243491629552,0.008154665120324704,7.864143838230388E-4,0.2635012864882322,1.8145108945068362,-3.092649693856251,-0.6200507967539703
0.009499269608564035,0.015047156782834324,0.008147927172136608,8.082440998385517E-4,0.26283206337802917,1.82941198340457,-3.0837147498716244,-0.6367012220156695
0.009483643634147948,0.015047389362995376,0.008141797904948478,8.327977497683825E-4,0.26228647393910404,1.8468809489943119,-3.0745316179014286,-0.6554013149657648
0.0094678010391455,0.015046635382548598,0.00813734808991595,8.580068992404058E-4,0.26197639253173227,1.8657232581555963,-3.0662099200631503,-0.6745836282888801
0.0093885600250357,0.015038841094954689,0.008120268584418923,9.85219501807838E-4,0.2610418645240086,1.9634784544709156,-3.026562800428152,-0.7708766340079084
0.009405616805422266,0.015038712227117893,0.00812784274510975,9.58660991766054E-4,0.26175347798836773,1.9450508572248897,-3.0375306694150908,-0.7509176783386327
0.009420873032792343,0.015036811331772277,0.008137934501604582,9.355755410794641E-4,0.26295434458714134,1.9307541711880951,-3.0492246119808226,-0.7335661426608915
0.009435117497743409,0.015041601790160895,0.008134394631877479,9.112904689313446E-4,0.2621031623791393,1.908722125350274,-3.05250092353702,-0.7150749496414504
0.009451616426864819,0.01504467565279393,0.008134943096368372,8.84184545505738E-4,0.26195956982114704,1.8863816986388267,-3.0589073943940197,-0.694490392088354
0.009354823225216403,0.015030482163512979,0.008121422235861145,0.00104147165752581,0.26179513408206023,2.0110896487638303,-3.0139509786699006,-0.8133458570009772
0.009369318098265009,0.015037925511380772,0.008113546821120645,0.001015563754442654,0.26039825504662734,1.9854920028213885,-3.015168552676333,-0.7936598889093746
0.009545855871688732,0.015056053830768844,0.008146362718255704,7.315961825175341E-4,0.26174740621991127,1.7648351723957771,-3.0987443623574635,-0.5779687704525872
0.0095700955864947,0.01507369948889441,0.008119449532928343,6.878029224759204E-4,0.2576758375057994,1.7155753474773119,-3.090429231639936,-0.5442495116699818
0.009553580358804206,0.015073160990931948,0.008115372299844423,7.139423290583228E-4,0.2574235015257276,1.735295813932025,-3.082576207008089,-0.5643004682264662
0.008972638183597892,0.014953546069747683,0.008041110921741874,0.0016676135579029906,0.2556086851292034,2.494712173187899,-2.790366691768312,-1.2712195604564223
0.008957503734640566,0.014949644322288893,0.00803730979834391,0.0016927164043697522,0.25519099845971754,2.5137335774056524,-2.7801000415773367,-1.2889926634227662
0.008927103700602868,0.014941910823799892,0.008028954906436458,0.0017429966084289929,0.25426265938910725,2.551429599062572,-2.758846584858729,-1.3244288151087613
0.00894193676879002,0.014946070576059818,0.008032396499096673,0.0017181852893448288,0.2546223459559696,2.5324782769032796,-2.7689446871432355,-1.3069389073527804
0.00890188137036064,0.014952425444523097,0.007990021603988135,0.0017714920185328195,0.24891243891223788,2.5540452603693686,-2.7256387355198677,-1.3421097924236631
0.00891610664714872,0.014952396053161322,0.008001012359393236,0.0017509693909682658,0.2503967607346159,2.5428716868581294,-2.7390482081241907,-1.3282829446720978
0.008884956464920893,0.014951332155298716,0.007978872671891964,0.0017966707017597662,0.24747152938753528,2.5690049507879738,-2.710561861083749,-1.3591642053290565
0.008790651041399708,0.01492497239588568,0.007950303979835985,0.001952066918749958,0.24384005798589103,2.6830414134954728,-2.6405015046361733,-1.4661432541566959
0.00882236014360474,0.014933181946260577,0.007961861749590243,0.0019004754106887295,0.24537788693818685,2.6463845070515934,-2.665329051916589,-1.4310024219066158
0.008804477328607188,0.014933983779634001,0.007945516800658607,0.0019250395772164519,0.2430453715936532,2.6578343186662914,-2.6469529630514192,-1.4469114736609614
0.00885257609196093,0.014940808083863324,0.007972535507572603,0.0018513298102548394,0.24673965789165514,2.6112187475338087,-2.6884995170216857,-1.397288961746705
0.008866117074373646,0.014949546248900793,0.00796729473554538,0.0018250253924832816,0.24589005090098937,2.586361934515167,-2.694099968424413,-1.3783669840821628
0.008836465272635355,0.014941378122549493,0.00795842096174152,0.001873766941696012,0.24476285262897315,2.6221790954787925,-2.6723173279340062,-1.4120088839611182
0.009121729288142567,0.014997058233338932,0.00805958234343873,0.0014163783206989327,0.25657533231691093,2.2936506695286845,-2.8769440532908916,-1.0899398369447495
0.009137036060694765,0.014995992007054284,0.008071060096422188,0.0013939850290964869,0.2580658555901047,2.2808633574758668,-2.8904234997356246,-1.0740133462790429
0.009150818066763825,0.015001830923763065,0.00806828450390326,0.0013696387402437691,0.257385024093135,2.258987369237271,-2.8955229629477466,-1.0560037993541211
0.009318375180818171,0.015011427491113567,0.00814120715010865,0.001107233573595475,0.2651267901349648,2.0762323481847322,-3.0104193712515843,-0.8632915174046213
0.009303240677793095,0.015008238842868848,0.008139934371795082,0.0011323657238283774,0.26522248238366447,2.0966762592981616,-3.0033455002122587,-0.8821145431326664
0.009168116218507159,0.015005590435200574,0.008071412833983256,0.0013412416627675656,0.2577021808099897,2.2368131218759637,-2.9053221359837127,-1.0352486165566799
0.00918457111907233,0.01500766636902696,0.00807705025706508,0.001315086975872388,0.2581872463364254,2.2177993280380126,-2.9159984326384927,-1.0161767073653598
0.009200034021677902,0.015006149312437458,0.008088825027887374,0.0012924337835481911,0.2597042729888111,2.2048716026859934,-2.9295002149953246,-0.9998507589092578
0.009214654691902016,0.015011722700317143,0.00808635491305418,0.0012670042669780184,0.25904420217735563,2.1822592224788084,-2.9347741769011844,-0.9809214905880811
0.00929276795621378,0.015019877164251155,0.008112093288826592,0.0011427563756903506,0.2615071203578638,2.0912649598883215,-2.9831321890424336,-0.8892089630221742
0.009230016516176373,0.015015669350203658,0.008087254604368016,0.0012413714352257751,0.2590354492934876,2.1612423512507175,-2.942116970247406,-0.9619521162737455
0.009278629004770682,0.01502071373398847,0.008103287800323733,0.0011641362580881254,0.2604758432729199,2.10470495158252,-2.9721759563435497,-0.9049445938629116
0.009246069901253366,0.015018080548168295,0.008091298581167606,0.0012155130091391613,0.25932456573268586,2.141636340957858,-2.9514221117849027,-0.9428654820294055
0.009262554786731438,0.015020153996048198,0.008096034137331272,0.0011891398927871648,0.2597272474236773,2.1219570629101834,-2.9612192865880034,-0.923379463790354
0.00932394194019252,0.015026024363500338,0.008115542661775275,0.0010915023089283148,0.26147759926405034,2.0500265315046136,-2.9980635984011057,-0.8508542120369125
0.009338795974805403,0.015032642334319874,0.008109779597785747,0.0010653433841651988,0.2603736769098824,2.0252224206375016,-3.0008233639764152,-0.8310627345426271
0.00910453945478894,0.01499623993927206,0.008050349941836054,0.001442671979349089,0.25553364789769173,2.3108520152314007,-2.863691400292321,-1.1087462484658996
0.009112622759379605,0.015014471520806165,0.00802090974340354,0.001419162667908819,0.25135797765436924,2.275769823679712,-2.852102092357025,-1.0902005928738185
0.008976383937746014,0.014968504390725713,0.008015771773000707,0.0016512546909406157,0.252012424743293,2.467299636174663,-2.779820669939023,-1.2579452654335563
0.009041517331974483,0.014983549423047223,0.008033075240921587,0.0015448333094121192,0.2538050735530391,2.387358522395818,-2.823022369754641,-1.182194710676675
0.009025226352022573,0.014982000353205354,0.008024878136034577,0.0015699693864575164,0.25281789789532444,2.4040553001153877,-2.8103921762866233,-1.1999285700187443
0.009008649980230302,0.014980074194902776,0.008017009996117664,0.001595712834138015,0.2518792602511233,2.4214236157021323,-2.797713189126433,-1.2180650815132628
0.008990010184188633,0.014977836538344098,0.00800807032526865,0.0016246278363797049,0.25076421798523413,2.440858298064327,-2.7833319899543656,-1.2383609597321652
0.009085211593195176,0.014993661795300551,0.008042873374421755,0.001473201516157167,0.2546847442111242,2.3325075966479614,-2.850230323914604,-1.1306617578932803
0.009065500178335757,0.014999537166261196,0.008018943049904725,0.0014986647975125768,0.2515951411069022,2.341263654009204,-2.8279608290226865,-1.1479981975645979
0.009047294759787996,0.015000495176564587,0.008005089847411185,0.0015249113912586812,0.24981984943375335,2.3559160260584293,-2.811643037849583,-1.1663074388889239
0.004899002947004264,0.010381730033680283,6.110997382410226E-4,0.008173425366150818,0.052330975675953684,0.373462472480041,2.524331555089812,0.33003425072416454
0.004889119396726634,0.010400152118615107,6.380203187982761E-4,0.008157917187559998,0.0454573557685732,0.39013307335044134,2.515005777451435,0.3079275180678554
0.004875939564446136,0.010291840845477053,4.64430716465571E-4,0.008163822024421084,0.0778623138185055,0.2771721428064416,2.511508545518605,0.4212879028018173
0.004876222645766142,0.010310831899228773,4.944928992541762E-4,0.008160926526973243,0.07195113185589018,0.29656506368985175,2.5108489112333956,0.40091532050256123
0.004889413959416229,0.010363485009131158,5.802085525785926E-4,0.008166163893891699,0.05700013300597737,0.35286571149769536,2.5181174194974534,0.3474285474307544
0.004883537697403108,0.010345357912056291,5.503866174277166E-4,0.008162993618301107,0.06203882877092352,0.33319740562545946,2.5146849565942735,0.3655365291288413
0.004879673608507833,0.010328516234187084,5.230483495403674E-4,0.008161727641917247,0.06686187533200999,0.3152617427380329,2.5126376050171295,0.38272954635051265
-0.0050519209370740595,0.010895513955782761,-0.0014775075177515806,0.008164326094292152,-0.10265984210071881,0.9368948225627994,-2.5536532164082435,-0.19349456070782414
-0.005054884953711499,0.010911080039812657,-0.0015032379262025929,0.008159687829564654,-0.10736737207963208,0.9537363289528663,-2.5516596527773356,-0.2097686934515777
-0.005066918514355991,0.010973302326065549,-0.001605919919287859,0.008139923256867104,-0.12575044397155788,1.021204035000219,-2.542846946207399,-0.27482153835877493
-0.005063796930958475,0.010957824030195185,-0.0015803472742195786,0.00814490582652515,-0.1212380476016136,1.0043780054782034,-2.545081810403318,-0.2586595583472781
-0.0050607892704985745,0.01094225699362511,-0.0015546744011192702,0.00814992650021728,-0.11670053071059781,0.9874968033789687,-2.547339278410241,-0.24238431372778943
-0.005057846477429815,0.010926660723144016,-0.0015289632849348996,0.008154894425539438,-0.11207145059921832,0.9706061791984798,-2.5495595683921652,-0.22606529964558894
-0.0050659922116735746,0.011045738771491337,-0.0017157981325887268,0.008096539804074427,-0.1460338145837525,1.0947610304816138,-2.5183967024778995,-0.35235375243015987
-0.005063080101568763,0.011030065024912696,-0.0016903429820520589,0.00810255017244567,-0.14165555085987538,1.077808820541742,-2.5213764526917224,-0.3359824421126096
-0.005060402814298638,0.011014582959425688,-0.00166527726371598,0.008108576236179275,-0.13730979788175093,1.0611297824376917,-2.5243777564801646,-0.31978128689757307
-0.005057663021734434,0.010999237929667876,-0.0016403427777154005,0.008114306816114943,-0.13297914867821245,1.0445729282684406,-2.5271767170841635,-0.3037331840227919
-0.005054365108890163,0.010984015840222357,-0.0016152415337622606,0.0081191734406622,-0.12862009977722108,1.0279704543176396,-2.5293791479254017,-0.2878953122841535
-0.004993754924733069,0.010713325677881073,-0.0011653395958720148,0.008180409127303535,-0.04712842516585403,0.7340854679689044,-2.551529203476345,-0.007358667675544231
-0.0049907080945321885,0.010698303800185148,-0.0011404451200372554,0.008182915782342037,-0.0424925824672055,0.717947108157163,-2.552187419656304,0.008235815414978991
-0.004981651908646446,0.010738024532630801,-0.001199026037107691,0.008156005361168395,-0.05492174584773122,0.7561967547944864,-2.5367170470441898,-0.03609052385105461
-0.004982509031713928,0.010723885393008614,-0.0011772861665432126,0.008162917997390518,-0.05056147504952502,0.7419919805609114,-2.5404284758608284,-0.02076734082950457
-0.0050355487698758,0.010890354510504692,-0.001461078673664135,0.008147795655604641,-0.10122339171332152,0.9264558099795898,-2.542039140398867,-0.19029318563881173
-0.00502334965818292,0.01081247948838069,-0.0013339234975289938,0.008171668439473407,-0.07773907601928644,0.8432763521469978,-2.552636661486147,-0.10863889146347479
-0.005020737183329577,0.010797167105835878,-0.0013087381528922913,0.008175691599111442,-0.07305943019297347,0.8268729492476795,-2.554262490397445,-0.09261437479216085
-0.005017987025143686,0.01078168057638275,-0.001283197285447373,0.008179492282973481,-0.06830505645530872,0.8102616507122867,-2.555727957110919,-0.076429248819662
-0.005018371968903284,0.010885233726096977,-0.001444398264463204,0.008130322475575323,-0.09904450808796804,0.9164833967591931,-2.529604291039003,-0.18764647529008874
-0.0050155353629463785,0.010869359329873889,-0.0014185073849713738,0.008135016143902439,-0.09437161923878525,0.8994711248566657,-2.5316750381102477,-0.1711065463401863
-0.005013262805055124,0.010853452406184766,-0.0013928167051720744,0.008140236146745814,-0.08967874551698975,0.8825855503599697,-2.5341059538360864,-0.15443719108261897
-0.00501037815008275,0.01082251448897409,-0.0013434738253178876,0.008151758982086114,-0.08048375477049312,0.8501555323098416,-2.53976295856247,-0.12173686994734001
-0.005011649237213159,0.010837733012547266,-0.0013676979738260313,0.008145987688448682,-0.08502306720546854,0.8660708354657959,-2.5369123088322367,-0.13785251508061117
-0.005002101229178181,0.010776542503613524,-0.0012680453089989685,0.008163178018868384,-0.06653650134299975,0.8009164496613667,-2.5442673720321305,-0.07381262919471178
-0.004998519307915593,0.010760913240914593,-0.0012420326169189132,0.008165878658162762,-0.061782666132451376,0.7840007611814322,-2.545006142528394,-0.057667127755315926
-0.004981437740961353,0.01075501767841122,-0.001225419751603195,0.008148499402175336,-0.0600700455656183,0.7734607739762668,-2.532784855014389,-0.05433015710296906
-0.005069299726413841,0.01106151651256119,-0.0017416129886604207,0.008090780658372236,-0.15042342670859973,1.1119551045559952,-2.515601038648629,-0.36878503024597115
-0.005076925273711031,0.011092541778292768,-0.0017929828431216524,0.008080324702689467,-0.15898887936632042,1.1461811284950023,-2.510720092115218,-0.4009800027389579
-0.00507309166009495,0.01107715100562808,-0.001767480666260246,0.008085525829372104,-0.15475964213804186,1.1291766189898225,-2.513150576606986,-0.3850095114521292
-0.005099680962093418,0.01112789351092122,-0.0018605855796958897,0.00808409968591473,-0.1693063983818225,1.1905050917652726,-2.516212400953279,-0.43635737626255217
-0.005096242887847074,0.011112387665470827,-0.0018351003824270192,0.00809017347724013,-0.16518370978857547,1.1734307445339913,-2.5192315226698736,-0.42015874269832204
-0.0050802725746684095,0.01110795423658441,-0.0018181786790738921,0.008074398105148454,-0.16315979933918398,1.1630520773780477,-2.5077727301760877,-0.41703746824841775
-0.005064463048157782,0.011103591954152392,-0.0018015543019092599,0.00805878951568754,-0.16067622147760327,1.153421190794038,-2.4962280345914993,-0.4143385519852211
-0.005254518907788254,0.011574931491672196,-0.002624778064191266,0.007909020080510004,-0.2790134730827134,1.7132473622466253,-2.42661219637621,-0.9059501598751959
-0.005238743370045919,0.011571943911746554,-0.0026059516828967773,0.007893349659523222,-0.2770288100371227,1.6984939175680112,-2.416647384223706,-0.898584095008507
-0.005259490019987283,0.011589831792800683,-0.0026496333670302428,0.007900727635234849,-0.28085937891028756,1.7307446451530415,-2.4215937975656865,-0.9217854719252915
-0.005243632626572688,0.01158695670538152,-0.002630728730497615,0.007884924391309054,-0.2797860997573753,1.7158927548263627,-2.411639203088569,-0.9142994057558168
-0.005264507913819307,0.011604716392924314,-0.002674489665486868,0.007892348100580098,-0.28107961492140926,1.7484094780916741,-2.4164728088735044,-0.9375629828830315
-0.005248610231403154,0.011601971850840755,-0.002655534353225901,0.007876448951090147,-0.2832086944265209,1.7333194054568821,-2.406566010893979,-0.930032183896852
-0.005203257330334593,0.011508665650185242,-0.0024878589053262666,0.007910464891650003,-0.26066665795564686,1.619501830201118,-2.4221514197319944,-0.8337521402372569
-0.0052078988536687345,0.011523886210385512,-0.002512761880103924,0.007902204071920929,-0.26361134808197256,1.6369368145153709,-2.417249577264243,-0.8496570484570105
-0.0052127456323549206,0.01153906094311892,-0.0025377374281587302,0.007894069983132744,-0.26653418427071945,1.6544137444322338,-2.412433335134864,-0.8655049985085804
-0.005217734187280109,0.011554105509544962,-0.0025626192613872755,0.007886066501817763,-0.26953522685090653,1.6718341737695377,-2.407692209440737,-0.8812207905690702
-0.005222672492632524,0.011569068659013379,-0.0025872987396123926,0.007877933465385935,-0.2725884119702884,1.6891692603833712,-2.4028186057444754,-0.8968658947395728
-0.005137793150974097,0.01128110089728212,-0.002113264470218868,0.008020982096334743,-0.2091827006039472,1.3610713305823146,-2.4839727733780683,-0.5961605173978936
-0.005133853028878489,0.011265967482813345,-0.002088343928824977,0.008027657911813958,-0.20530293161778546,1.3441077641294592,-2.487507390758331,-0.5803584105257036
-0.005129820076296514,0.011250790451223352,-0.0020632539082356613,0.008034115791376903,-0.20137509155404396,1.3270907177669624,-2.490864968076371,-0.5645351206144259
-0.005125764226607064,0.01123550391383569,-0.0020379531422675505,0.008040482432060276,-0.19746446457721664,1.3099740078836872,-2.4941357845865664,-0.5486129602842941
-0.00512560432477891,0.011292431607871543,-0.002120487669935408,0.007998355281355186,-0.2105582406897902,1.3673765140261553,-2.4684342960157406,-0.6088581096509783
-0.005129128016872399,0.011307655205883026,-0.002145008690396426,0.007990893843103163,-0.2141756339888767,1.3841789330931495,-2.4642742127327,-0.6247150668632663
-0.005186838685692659,0.01150526045033029,-0.0024686990550013004,0.007894722354815358,-0.2580865133242228,1.6076597390789875,-2.4098005644010176,-0.8300137529782797
-0.005182493660442546,0.01149004339494899,-0.002444139407225997,0.007903117032293868,-0.2550214561351887,1.5904961416427368,-2.414823930854166,-0.8142026225803608
-0.00516895716413674,0.011444902652058954,-0.0023704195527569066,0.007926416315136084,-0.24552470617017433,1.5392587816430148,-2.4284041053348933,-0.7673042690195196
-0.0051733112749232845,0.011459926271040035,-0.002394872543530895,0.007918632231252056,-0.24872380277951725,1.5562403596644636,-2.4238741650151954,-0.7829158610034425
-0.005177899337198037,0.01147498310559924,-0.0024195243799643765,0.007910944662187521,-0.2519029599141344,1.573363691262111,-2.419408931422709,-0.7985560657717797
-0.005132816416438335,0.011323045173411962,-0.002169842723308984,0.007983352096006298,-0.21779885452299855,1.4012128742318712,-2.4600574395665227,-0.6407329237795337
-0.005136722670497616,0.011338492925980154,-0.002194877362380957,0.007975870935966816,-0.22140682199259062,1.4183960201508283,-2.455879567870948,-0.6567975444444764
-0.005164567766715867,0.011430004111332654,-0.002346063457683178,0.007933913389209575,-0.24230789796760252,1.5223789921857003,-2.432713616238804,-0.7518191079664064
-0.005159829801719111,0.011415226167605265,-0.0023215431444525386,0.007940770290998973,-0.23902054438245338,1.5054576666405817,-2.4365353657895317,-0.7364696420970375
-0.005140810170347812,0.011354003165218117,-0.0022200943303351795,0.007968401841191375,-0.2249991679935038,1.4357219106822863,-2.4517054213864657,-0.6729188955373265
-0.005154889219123107,0.011400316233100026,-0.0022966375395489535,0.007947363218801374,-0.23564504369570202,1.4883195633681494,-2.4401373320386104,-0.7209929934238223
-0.005149895480483411,0.011385092971034181,-0.0022712187321571047,0.007954006694083934,-0.23215578285537716,1.4708561961254425,-2.443741529632812,-0.7051988766102008
-0.005145133652622967,0.011369600083833425,-0.0022455747366615605,0.00796098603164422,-0.2285864974628317,1.4532411785952808,-2.447568821772835,-0.6891211310862208
-0.005114407289036945,0.011189297398719683,-0.001961905126799389,0.00805989731168826,-0.18575810335476348,1.2585657645638217,-2.5041366061809196,-0.5004038356369934
-0.005110757221561915,0.011173991120965563,-0.0019367152156803578,0.00806617074089941,-0.18166839973844487,1.241579428390066,-2.5073291507310835,-0.4844200601871432
-0.005107030325926471,0.01115870408402222,-0.0019114654409414695,0.008072198479768977,-0.17752465588851926,1.224607577020679,-2.510338384516022,-0.46847758055875904
-0.005103299315504709,0.011143349475318748,-0.0018860797150138007,0.008078122569400393,-0.17339814238391504,1.2075851837751992,-2.513261118976041,-0.45247611584549646
-0.005101952457114894,0.011200558663674177,-0.0019698448148332934,0.00803758140592258,-0.18759685255903513,1.2650924029564115,-2.489100983414081,-0.5133751080215553
-0.005109355265861828,0.011231764418290624,-0.002020709056348036,0.008024109365025928,-0.1955227603428411,1.2995585122662237,-2.481990104897839,-0.5458431676224901
-0.0051053763815507875,0.011216165317584135,-0.0019951070040079926,0.00803059469415164,-0.1915569139948995,1.282223193953434,-2.485366987840202,-0.5296389157066462
0.005430131443357234,0.012098136660690846,0.003457472104714913,0.0075309165168139,-0.342995265229833,2.31460725768889,2.167517896673312,-1.4481161158725049
0.0056184655156709526,0.012408766398519249,0.0040145188700675405,0.007302444302087401,-0.35416366808318983,2.725639565390902,1.9855301608478826,-1.7819577427001783
0.005602518904682937,0.012408524045442721,0.003991178434725615,0.007287207733839348,-0.35643744103808556,2.704285036132482,1.9764957427788714,-1.7719605055940664
0.005641361619124992,0.012449953359711831,0.004083150826903608,0.007264291608406752,-0.3542743709427561,2.775626689370327,1.9533260389979514,-1.8241309379706498
0.005632944935418254,0.012463574695131907,0.004082026851113065,0.007236105459450294,-0.35499945903768354,2.7706089006057835,1.9332029250059939,-1.8274710940004095
0.0056336864604488515,0.012436248360560212,0.004060305788609445,0.007277085270790032,-0.35472550346129744,2.758978135150777,1.9642183090627647,-1.810125811836307
0.005625265638849984,0.012449832197853344,0.004059352679107983,0.007249002441566476,-0.3553065131982602,2.754097772988675,1.9441784773226798,-1.8136592734825483
0.00562605440116932,0.01242251932881241,0.004037427694133115,0.007289803246483578,-0.3547199797835677,2.742322029014968,1.974951742385895,-1.7960636354211779
0.00561006563457711,0.01242230469135438,0.004013944803777609,0.007274567846378788,-0.3560098476936066,2.7209525186607135,1.965832489827191,-1.7859121540480432
0.005617642175886063,0.012436073659868827,0.004036661435575553,0.007261828313065583,-0.35560588054516923,2.7375501327151883,1.955057913127778,-1.7998078257042336
0.00557883548307822,0.012394563542985043,0.003945390222495381,0.007284779282341417,-0.35254743862956456,2.670942171883062,1.9725537807969873,-1.751162283626076
0.005586331379255671,0.012408384332359556,0.003968074444970195,0.007272263062712969,-0.3524827207007522,2.6874317016937677,1.9620970786037935,-1.765037623890376
0.0055489829039669656,0.012338966009243784,0.003853773805241267,0.007333956763730289,-0.3524442704831088,2.6042099155739353,2.0131411282687655,-1.6949805284564328
0.005556351864750391,0.01235295524888805,0.003876744395078166,0.0073216649775499935,-0.35256447928130313,2.620961659915021,2.003060110271434,-1.7091320523483482
0.005563796094302762,0.012366883391618998,0.003899685634825551,0.007309385053576092,-0.3525684299886224,2.637676263019891,1.9929491977451426,-1.7232143079324274
0.005571319877639265,0.012380728117703807,0.003922586375391113,0.007297152242739619,-0.35255883480669675,2.6543504188802554,1.9828365580044285,-1.7372167895445736
0.005436793816255419,0.012112543428126137,0.0034811769101464724,0.007519861435789091,-0.3438876890426435,2.3319177992856983,2.1592252619591648,-1.4630072840072377
0.005443581872764218,0.012126823977197006,0.0035048381839687254,0.0075089471091172285,-0.34476909950224893,2.3491861167662456,2.15101559544854,-1.4777876302542443
0.00545042677131962,0.012141024671046613,0.003528421693638996,0.007498044988268935,-0.3456981662058763,2.366399356415451,2.142775189951521,-1.4924876897189436
0.00545722857187264,0.012155245524709904,0.003551904203749954,0.007486926621815279,-0.3466138219827059,2.3835535787580397,2.134306961861674,-1.5071701256182557
0.005464008811926937,0.012169496036813263,0.0035753193398893614,0.007475602477168852,-0.3474211362761688,2.4006674844553335,2.125622012211149,-1.5218428308406222
0.005470850137309545,0.0121837018620551,0.003598695995199052,0.007464252295325216,-0.3481395393288151,2.417752040818493,2.116875204903082,-1.536460955210556
0.005477731938723903,0.012197837145304863,0.003621982681483987,0.007452888873880782,-0.3488435587956135,2.4347741510964873,2.108072981446037,-1.550998879056953
0.005484566802805912,0.012211951476628263,0.0036451150362628334,0.007441360400052901,-0.34951053277444194,2.451694428485489,2.099081094094539,-1.5654732843553398
0.005541577753897935,0.012325008992616482,0.003830704271557197,0.007346023018439185,-0.35217848324418405,2.5873751482391243,2.022981583007173,-1.6807936275323605
0.005491359812750418,0.01222608481376427,0.003668136624987371,0.007429620578736901,-0.350072083225248,2.46854198419499,2.089861423865715,-1.5799163400284557
0.005498206171782355,0.012240237362668127,0.0036911708987659177,0.007417764608395639,-0.3505224332444889,2.485398475179234,2.0805009435458603,-1.5943539027179268
0.005534096411014357,0.01231107205743899,0.0038074736848515887,0.0073578404534795595,-0.35189097089284277,2.5704206298869057,2.0325552960484736,-1.6665556256120928
0.00550514496583077,0.012254408224826563,0.003714267997581001,0.007405831458527883,-0.3509177289240503,2.5023012585994064,2.0710333432161545,-1.6088002857646264
0.0055266296186713,0.012297045430739237,0.003784107179491064,0.00736964638837682,-0.35167719982566864,2.553362736654854,2.0420689218490815,-1.6522140994055567
0.005512163044011749,0.01226862199858919,0.0037374341144424464,0.007393773759609319,-0.3512491594781422,2.5192505542944033,2.0614195050370205,-1.6232675738680413
0.005519304376975824,0.012282868995815646,0.0037607184426518294,0.007381646033932466,-0.35149429373871244,2.536276424399887,2.051707334405981,-1.6377604066315588
0.005070556352570181,0.011133362307617826,0.0018496322231122857,0.008046601625499849,-0.16854311816566672,1.1857449733929457,2.4899269570391263,-0.4452692566263486
0.005068318401464574,0.011118165325600952,0.001825673731386742,0.008053902947160595,-0.1646371636668229,1.1695368285923136,2.493928073890953,-0.4293753317432794
0.005048108152468155,0.011099539341932245,0.0017851430331499538,0.008042413934988358,-0.15842919345127446,1.1437446220935275,2.484228720714938,-0.4118407688513372
0.005054000563455458,0.011112358094660161,0.0018078519299931923,0.008041050873398597,-0.16204833205862645,1.1587251242815204,2.4842626659695513,-0.4247661449922281
0.00504318336472421,0.011084255535984648,0.0017594108985245353,0.008046337967711743,-0.15423528072773066,1.1266191026731136,2.4858332532991603,-0.3962119973135954
0.005053514042327507,0.01105687653294988,0.0017249744004668897,0.008075225187293743,-0.14797430076776638,1.1022449075897514,2.504197840480291,-0.365924804673379
0.005050956502497087,0.011040960382998788,0.0016995305070171707,0.008081889548719308,-0.1436609582242692,1.0852038522725647,2.5076578763019874,-0.3492904330627838
0.005045242657075955,0.011009559442323482,0.0016488013881955012,0.008093818483332862,-0.13496180560646984,1.0513763661679365,2.5136093859818316,-0.31655226346222914
0.005047474882797577,0.011025133949809,0.0016736268591397909,0.008087274834923615,-0.13924330047641906,1.0679571492957451,2.5102149416699686,-0.3328654008783394
0.005039373049133232,0.011068315751579806,0.0017333855335313925,0.00805181323634471,-0.14993882155682092,1.109215865248743,2.4884924291427164,-0.37976987917118205
0.005013180568455167,0.010944009944439295,0.0015314886085346458,0.008093389332030264,-0.11547813019916274,0.9748343740036421,2.5083526413644073,-0.25114123038788866
0.005016308868700817,0.01095971627672206,0.0015569961543447982,0.00808843371911999,-0.11992250378022608,0.9917348866540793,2.5060584551921745,-0.2674123692568864
0.005031147696120264,0.011003492005180335,0.0016314686469049086,0.008080945079577379,-0.1325016347543048,1.0407857257188582,2.5040998340473326,-0.3119619119339455
0.0050201669550425055,0.010975731297205235,0.0015833506235390681,0.00808400495732012,-0.12446331104961315,1.0091782668302594,2.5041554269636346,-0.2839125795788459
0.005025488476129799,0.010990972294144412,0.0016093546742255978,0.008081561621722634,-0.12884885424733492,1.0263004930029582,2.5035867839761923,-0.29939959255694354
0.004996494904488555,0.01093916449277699,0.0015151489728087084,0.00807668343219183,-0.11348450898959629,0.9648927618291365,2.4963377344313886,-0.2483233633526509
0.005005840208474939,0.010913736044702256,0.0014815623928608771,0.008101008350993687,-0.10678201225796813,0.9418805919120322,2.511430921070385,-0.21996396444776023
0.004996255639093574,0.010925615168847536,0.0014945438344005333,0.008083640546894295,-0.10976185200269488,0.9510985178934194,2.5002077978495842,-0.23397792466514528
0.004997882084710796,0.010898256705460633,0.0014538528957737864,0.008099816499522043,-0.10218341655399421,0.9238204284646357,2.509481783158353,-0.20465495101839767
0.0049879112032677015,0.010881384191677555,0.0014230722945215051,0.008096860834536874,-0.09715681592386181,0.9037940104719623,2.5062232361659835,-0.18818017830332143
0.004980278135393185,0.010864024984872676,0.0013928141036313785,0.00809669108998703,-0.09206245709063614,0.8839923650079714,2.50487021147447,-0.1708675693083295
0.004980037807648986,0.01083222672019701,0.0013440805293970291,0.00811182747962833,-0.08293186993975633,0.8516706562902695,2.513076210889988,-0.13707120859780583
0.004974680868518618,0.01084890281229385,0.0013670152446465511,0.008097617349741038,-0.08767202341914371,0.8670735230122839,2.5044373497071337,-0.15564566313156852
0.004974270752803403,0.010800649396466744,0.0012928685114965814,0.008119876022657508,-0.07367769957076344,0.8179912603848055,2.5163959268214104,-0.10432908021070873
0.004966017895976767,0.010816858194323035,0.0013139358188584693,0.0081028360674643,-0.07834372089305396,0.8321781448313442,2.505796906410836,-0.12293685603383218
0.004961709218208345,0.010782457749828887,0.0012592049926049723,0.008113544072485185,-0.06828478621410226,0.7961157223705423,2.510770934441725,-0.08701883854429023
0.004945526948489237,0.010746590901082294,0.0011970004501111707,0.00811045898052097,-0.05782040081742614,0.7554129377295068,2.5061704328302556,-0.05153232959177203
0.004951651452603843,0.010764662812360463,0.0012274180993445442,0.008109760066442866,-0.0630927937422766,0.7753577423123882,2.506934889312585,-0.06973774424688677
0.004953515571720267,0.010702742911715983,0.0011325072459251382,0.008137796003384505,-0.044591250781738985,0.7129926453077502,2.521882894587716,-0.0033596341907955398
0.004942270727204186,0.010729066389636083,0.0011686554080294097,0.008114053572733348,-0.05267999182011552,0.7367979481845355,2.5074349340589914,-0.033431690274991606
0.004941469820914603,0.010714562799945253,0.0011459557354641069,0.008119082168497835,-0.04837755244620264,0.7218856991674664,2.5098869071874663,-0.018116801161004753
0.004946241501908667,0.010686211122072088,0.0011039430846779324,0.00813590266835037,-0.03974280680811581,0.694329870538836,2.5194579382348867,0.012995563210059527
0.004924355215413906,0.010600877823106328,9.630360705296833E-4,0.008141776750244389,-0.014433533039568404,0.6022105471646545,2.5176621898557054,0.10012233991281895
0.004924896363657228,0.010617441667348024,9.89047006459678E-4,0.008136676145101858,-0.01949505943786736,0.6191600354031331,2.515304628945717,0.08251621028690102
0.004927030189778063,0.01063454190801442,0.0010164155253315381,0.008133066752855737,-0.02462999374289437,0.6370410137660932,2.513999125223331,0.06464970647311934
0.004931049424377231,0.010651797739063372,0.001044700163286934,0.008131410738859758,-0.029736549613683837,0.6555528176646667,2.514040928905427,0.04697030041902486
0.004937327794589161,0.010669044902493758,0.0010738423301266903,0.00813219944247935,-0.034769115331472755,0.6746361887334577,2.5157560368428977,0.029708849537543904
0.004916215126185798,0.010573663539732273,9.178381588466326E-4,0.00814142845217941,-0.006458364756969021,0.5726141731016495,2.5155809646274263,0.12764168214872532
0.004907349343968832,0.010591982336205825,9.434377748816966E-4,0.008125144967234698,-0.012571507743414636,0.5890674476974014,2.5056987054696154,0.10634280062774915
0.004885276632510587,0.01041902599409512,6.668281057186352E-4,0.008149115226128193,0.03919402312864075,0.40849888394865436,2.510275831125163,0.2867938461208172
0.0048900985206622154,0.010434361660835102,6.920854123238986E-4,0.008150987008668308,0.0348981471357055,0.42512721149086713,2.5126048715042573,0.2714218560889324
0.00488631074418305,0.010450859006179128,7.170226069918005E-4,0.008142491954558599,0.029394050628749335,0.44106556084347753,2.507923344976644,0.25288978424488673
0.00486778690954164,0.010410647388114924,6.496135423541852E-4,0.008130925933986075,0.04007700188845395,0.3962592831312153,2.4971993318378503,0.2918171601668531
0.004905952024830243,0.010555609116982426,8.863789708041403E-4,0.00813534978883186,-0.0015188187460349646,0.551854281062483,2.5102068314165993,0.14490707850388673
0.004899167415589325,0.010537817402554106,8.565387663154665E-4,0.008133027144471285,0.0035437994532780703,0.5322198196571057,2.507402373638188,0.16255449317577828
0.004885518093530223,0.010467752227580762,7.432578832114119E-4,0.008137198258677437,0.024113249253579157,0.45803739545383637,2.5054585292384624,0.23462968525189706
0.0048867328259482225,0.01048597697531125,7.720597128406649E-4,0.008133691892457802,0.018589468944414548,0.47679551706267637,2.5043061529728274,0.21539546513510063
0.004889968212260904,0.010503856481701225,8.008672218235321E-4,0.008132422247401629,0.013343518684619577,0.4956580943747099,2.504661013325221,0.19696232043709785
0.004894902636113092,0.010520946087768957,8.289536744728711E-4,0.008133160536776695,0.00844552048081068,0.514118166629374,2.506336520240032,0.17971808658344154
0.0051497187984229,0.01132630244843155,0.002187578474236247,0.008000378213006911,-0.220361230448641,1.4117995117361362,2.472916840193108,-0.6433247806763317
0.005153694760249081,0.01134147930886324,0.002212421492634904,0.007993142742590444,-0.2238810026831277,1.4288772735323707,2.4689282344955408,-0.6591956191528632
0.005171012990522186,0.011402741197229891,0.0023132636106807914,0.007963933939060393,-0.23740542957524013,1.4983004342658799,2.4527653353905414,-0.7231300443747662
0.005164161671781914,0.01142919356554363,0.002344597742680809,0.007934127179613894,-0.2420640410106177,1.521402403392959,2.432787086069006,-0.7509983737572156
0.005159361559499413,0.011414313901955525,0.0023198822619325235,0.007940989233079366,-0.23876810981338706,1.5043496282583944,2.4365965501369975,-0.7355416014106512
0.005157737173008442,0.011356711195003566,0.0022373490974236135,0.007985795964384658,-0.22734536191991825,1.4460429393772307,2.464849510009943,-0.6751195560684181
0.005161848047310449,0.01137207200482686,0.002262466889506532,0.007978281086837978,-0.23070830090161265,1.4633699192777405,2.460651651455518,-0.6911748358183657
0.005166262753416635,0.011387482903624976,0.0022878555914510328,0.007970927394290422,-0.23400459691976308,1.4808472011928642,2.456576986321052,-0.707244128097932
0.005114232885939834,0.011246663483504298,0.002045910132418187,0.00801902554423274,-0.19932386697392301,1.3165837803485105,2.479571279014595,-0.5612634566114365
0.005118575329428394,0.011261664025891542,0.002070847507455791,0.008013106049343766,-0.20309056158729064,1.3334855691517788,2.4765459639776366,-0.5768261408723444
0.005122118246857175,0.011276761001552324,0.0020952995146317,0.008006049841081888,-0.20677186465920874,1.3501838080761994,2.472695543771373,-0.5925617434333526
0.005126033242154456,0.011291959378366426,0.00212013339863748,0.007999207664964094,-0.2104449737659099,1.367113907269158,2.4689969470148587,-0.608360858798865
0.005130603156328349,0.01130716611256511,0.0021454336015812,0.007992973846168221,-0.2141803440432418,1.38434178092088,2.4657486959921147,-0.624141276048734
0.005133656511740467,0.011322121824164708,0.0021691762749178126,0.007985036250659933,-0.2176131326372713,1.4006729478063713,2.4612006676613585,-0.6397368041190515
0.005074003224440278,0.01114913691719716,0.0018751879937167163,0.008040179979822622,-0.17268317328311178,1.202967247477723,2.4866024002509666,-0.4616516833574376
0.00507749200624425,0.01116498437666913,0.0019008376544367815,0.008033607890364952,-0.17676468435907522,1.2202649423033642,2.4831626431583813,-0.47809350938751033
0.005081567576142826,0.011180623035897688,0.0019265391199599295,0.008027705653881891,-0.1808475445331272,1.23757947865412,2.480194300434748,-0.4942678036457711
0.005084907486172284,0.01119658863843181,0.0019521767796081468,0.008020576889067176,-0.18487498548037598,1.2549594264515938,2.4763564563039235,-0.5108563951589967
0.005089070781604275,0.011212465051924641,0.0019782140456953436,0.008014308233286879,-0.18891516958166266,1.2725492619867447,2.473130825952799,-0.5272703519523397
0.005093886951868477,0.011227624546454996,0.0020036410618055806,0.008009150295072459,-0.19282982966813433,1.289667879301726,2.4706523079620397,-0.5428754645125221
0.005098075210151618,0.011242799775855584,0.0020286188907324768,0.008003114039720356,-0.19665859722710166,1.306587718465195,2.4675356108804185,-0.5585640731454399
0.0051527245710153964,0.01144035059507141,0.0023504518771353716,0.007911683789282808,-0.2424374013971202,1.5273401155499096,2.4166658994573464,-0.7629846980266902
0.005156143696841285,0.01145542498814345,0.0023740604810152358,0.0079028537580155,-0.24548850330168973,1.5438334194837096,2.411297387359441,-0.77858753926126
0.005180401744277012,0.011532900235758125,0.0025003114249741647,0.007862838066160595,-0.2613384510127255,1.6317005278769943,2.387615380878169,-0.8586516105217313
0.005189687698645421,0.011562096829245815,0.002547691385363506,0.007846932787226313,-0.2669856900800221,1.6648749317377691,2.3779520298433883,-0.8888173672688157
0.0051934217726573575,0.011577616825287877,0.0025716898978420163,0.007836903369538727,-0.26972816469831123,1.6818522100471023,2.371556946161789,-0.9047977769703416
0.005175395612493721,0.011557734639982392,0.002528897160184103,0.007834806095453435,-0.26429863567283923,1.653204589871337,2.36808408518753,-0.8839643635780629
0.005169299422131233,0.011545477508507833,0.002507135015122501,0.007839026937101394,-0.26165256220824723,1.6382436855090514,2.3702600829171083,-0.8713219866917895
0.005175254756562021,0.01151774888572415,0.0024753598762756383,0.00787050591116297,-0.25828942130665805,1.614324279979723,2.3921496229595536,-0.842998320048297
0.00517058883737324,0.011502268917679803,0.002450344814480778,0.007878860681048304,-0.25521257194471997,1.5968610721501888,2.397172314081524,-0.8270053583092798
0.005160776501313794,0.01147110395310645,0.002399468765963125,0.007894746731098653,-0.2487832189978764,1.5614982732559426,2.4065241576739296,-0.7948058944868892
0.005165213068117442,0.011486807252023522,0.0024246878438305207,0.007886242083298196,-0.25194902803811076,1.5790619677910307,2.4014276179806853,-0.811025662798822
0.0052408013866116765,0.011713632664505215,0.0027931685275581525,0.007758888155378232,-0.2934808662121782,1.8380672032002223,2.322434015160755,-1.0450954803058465
0.005269033427173481,0.011744860582258827,0.0028611744935936045,0.007758516262076892,-0.30113442184075406,1.8844868161382424,2.3252110030243007,-1.0788499966802227
0.005274123120925398,0.011759505820311426,0.0028847691621633168,0.0077490493137002325,-0.30332266506307975,1.9013564063737693,2.3189623608416743,-1.0940094776969103
0.0052467257753912025,0.011728323940208693,0.002817640922766584,0.007750637565966895,-0.29590165987124945,1.855372774892085,2.317178357400525,-1.0602828314371637
0.005252837018217305,0.01174235272643137,0.0028414329215826106,0.007743126577134538,-0.29823850904580146,1.8721793591207307,2.312438772264922,-1.0748316309758403
0.005324914175644335,0.01185104048767314,0.003051539176764102,0.007707490115751746,-0.3181446747537779,2.019774463317486,2.293660824957666,-1.1913227551712937
0.005330761450782979,0.01186561429698721,0.003075570553910105,0.007697858334418444,-0.32009368562190926,2.0370971196095744,2.287120655944953,-1.2065293495726257
0.005336648100871422,0.011880233646798298,0.0030996403612419906,0.007688074471240035,-0.32193488548645705,2.054467683504656,2.2804311577532963,-1.2217739222377
0.005342619628210661,0.011894868726401824,0.003123763735740489,0.00767821966948025,-0.3237027241337537,2.0718882042729465,2.2736592729288945,-1.2370325400449647
0.005279123216795668,0.011774400407014893,0.0029085175056327785,0.007739081710788197,-0.30545051936789375,1.9183707745222787,2.312304777582142,-1.1093880078107192
0.005284319314360475,0.011789597744859806,0.002932776037706036,0.007728867613544515,-0.30760097749229937,1.935767290463713,2.305446030927769,-1.1250735902932902
0.005289920451983041,0.01180488400672354,0.00295750441273286,0.007718854883531648,-0.3097445926366326,1.9534821961722846,2.2987328947884724,-1.1408739059033532
0.005295991198959949,0.011819976571903671,0.0029824347404346467,0.00770941137517122,-0.3118826810657421,1.97132227181723,2.2924421317120935,-1.1565348128283957
0.005302217823705651,0.011834766986510195,0.0030071122539904855,0.0077003115064084365,-0.31395488522536613,1.9889870450489477,2.286381699837086,-1.171916426180989
0.005308412597854914,0.011849257892299464,0.003031343881997118,0.007691353204407663,-0.3159385011879081,2.006352331984713,2.2803868439026904,-1.1869975395581385
0.0051946086913371905,0.011618042124154643,0.0026257666808708353,0.0078005330045650325,-0.2753413731765565,1.7212359554594976,2.346709700084274,-0.9458913330623986
0.005180798324732464,0.011590805024514086,0.002577369610172194,0.0078105564159608966,-0.2697201426809877,1.687793984603694,2.352115662503591,-0.9177411819082034
0.005187902500352343,0.011605752057980263,0.0026034856999750007,0.0078045873011514935,-0.2727620846910288,1.7058758697340812,2.3487827266956107,-0.9331593863655955
0.005193100349777949,0.01163425024709425,0.0026453001970135922,0.007783506478713993,-0.2772092487974414,1.7357795658394983,2.3347432313563288,-0.9621392195366651
0.00519998648371319,0.011652409787426874,0.002675206986755253,0.007773787001230569,-0.2804250169262061,1.7567583868459822,2.3286875135801215,-0.9807571036472682
0.005207983420001345,0.01166782116500649,0.0027026284330448416,0.007767754200926306,-0.2834458822951356,1.7758001677544282,2.325296337338664,-0.9967122666304767
0.005216720177275928,0.011680428704945657,0.002727207252499455,0.007765130606327565,-0.28618418062644163,1.7926877751901522,2.324346945232015,-1.0099534460773814
0.005218829127696242,0.011696009103546139,0.0027490240049256724,0.007752125711539941,-0.2882833835675352,1.8084783646528677,2.3153966066780822,-1.0256450962107613
0.005222880949275428,0.01171148247777346,0.0027725291461043293,0.007741230196866796,-0.29052281741718794,1.8252565033986585,2.308084334903812,-1.0413438846276557
0.00541315333688745,0.012097240067228544,0.003435433586631296,0.007514326487018135,-0.3409356872666576,2.2987285248223794,2.153708433874275,-1.4423965926189302
0.00537883493312594,0.01198228597940374,0.0032671746018072072,0.007616880617142613,-0.33323046636534753,2.175918187742935,2.2304827365072266,-1.328002206838634
0.0053851937329462,0.011996851630461767,0.0032912232920247184,0.007606494855418123,-0.3345680347016457,2.1933913570163637,2.2230511240244,-1.3431531660110918
0.005354676826631583,0.011923979987870459,0.0031717725113632913,0.00765837367204751,-0.3271702718041398,2.1066101444263885,2.259900400577898,-1.2673794910757552
0.005360666284978771,0.011938486647710217,0.0031955830080682168,0.007648245711387019,-0.32884847472639006,2.1238763508014693,2.2527938808758523,-1.2824846321329437
0.005366631318749856,0.011953038090030092,0.0032193523738359175,0.007637894960287023,-0.3304313448881216,2.1411454282391205,2.245468769293097,-1.2976160397585697
0.005372660417739893,0.011967652631580379,0.0032432014353480404,0.007627394343578981,-0.33188059401938835,2.1584875416539737,2.237993322964565,-1.3127986396274467
0.005391662700346509,0.012011319913027086,0.003315230585752869,0.007596193087460411,-0.33595719431403875,2.2108358973716773,2.215652433981319,-1.3582171829508305
0.005398069655754731,0.012025755165352888,0.0033390642943456734,0.007585717748434767,-0.3373330734734709,2.228179103931737,2.2080637266087795,-1.3732215953404074
0.005404391436283046,0.012040198792481657,0.003362739084707323,0.007574995883756107,-0.3386239705709462,2.2454349572652124,2.200225435787988,-1.3881978065098266
0.005410734607100149,0.012054652954987049,0.0033863828941617376,0.00756413753228524,-0.3398253227428094,2.262683044839184,2.1922365737760745,-1.4031655914666195
0.005375032741792591,0.012009857491808948,0.003293800819751716,0.007580244156941973,-0.3339035330636722,2.195852919694809,2.202349823051007,-1.3528639298208542
0.005406647743373399,0.012082536440577834,0.003411671154569641,0.007525693570813423,-0.3398922570072443,2.2814540591026913,2.1622155478922735,-1.4273837551440611
0.005400328351129579,0.012067832501366747,0.0033880615734172555,0.00753710593347312,-0.3388119220688288,2.2642897388090475,2.1707228500506788,-1.4123866889142416
0.0053383165072513755,0.011922126462922395,0.0031509937223972544,0.007642774065809718,-0.324918350166345,2.0925015912433564,2.2469391470948814,-1.2624603487691697
0.005332208728445419,0.01190760788621336,0.0031271030966015206,0.007652579198128308,-0.3232235309244677,2.0752746912616336,2.253759941405456,-1.247429646032397
0.006007758922330468,0.01305681398435793,0.005032592343591488,0.006572798365569919,-0.2908340379047743,3.4212666888655154,1.3139169665731993,-2.3655379729613517
0.00601731988999759,0.013069379565885463,0.005053059024248897,0.006556769180443287,-0.2886808590357804,3.4339720022144555,1.2979472503644924,-2.375638783435765
0.006026921856721897,0.013081946666492773,0.00507348566982902,0.006540623903246415,-0.28638501053752036,3.4465613849107313,1.2818361330037928,-2.3856423951499752
0.006036631797812678,0.013094434478282105,0.005093966653341033,0.006524541158673013,-0.28402055279171806,3.4591519581721255,1.265730615074671,-2.395587346039026
0.006046422833247474,0.01310680433599483,0.0051144481481297235,0.0065085708193322765,-0.2816875637942175,3.4717154769619385,1.24967301836017,-2.4054497045630474
0.006056172528590294,0.013119115769553734,0.005134734164879344,0.006492539371297865,-0.27942818354662796,3.4840556263851163,1.233527468930501,-2.415143690760012
0.006065804470364745,0.013131492540315733,0.005154719166441808,0.006476190818598181,-0.27715173385620623,3.4960202400645355,1.2170858895179253,-2.4246201804414453
0.006075446723508674,0.01314395550751997,0.0051746269988321705,0.006459561855487628,-0.2747310312125046,3.5077913443609994,1.200360801731996,-2.433976328866813
0.006117566743455818,0.013150668501838894,0.005251003036502792,0.006470627556001276,-0.269700496147707,3.574100335773359,1.196959942872865,-2.4708494177156974
0.006101629319608603,0.01315341851516976,0.005222908180887484,0.0064568310610119,-0.2734834491279021,3.5460571577163535,1.1935701932845852,-2.4565103741405814
0.0061274839812932615,0.013162849930815514,0.005271315374100538,0.006454090869761699,-0.26676421028964376,3.5862177261004202,1.1799092740003052,-2.4802460519179497
0.006111546402884122,0.013165677306279095,0.005243125521877869,0.00644030249704914,-0.27114261245669086,3.558058328094656,1.1767655585358903,-2.4659097843732116
0.006137439443456894,0.013175000149139745,0.005291574886181582,0.006437490951295262,-0.2637927076508901,3.598240453516992,1.1627328233985177,-2.4895016809590973
0.006121511514075845,0.013177896307226931,0.005263305660646269,0.006423729961625512,-0.2687149756183525,3.5699574934282325,1.1598800976959558,-2.475217483311145
0.006147433031857422,0.013187119036995118,0.005311787865825298,0.006420822635828269,-0.2604008261761131,3.6101873099488095,1.145430926953708,-2.4986186875324807
0.006131525718419146,0.013190078952823198,0.0052834508634855915,0.006407108313048987,-0.2663090773169153,3.581749096547906,1.1429085918580293,-2.484428787204266
0.006157464647985367,0.013199206474818056,0.005331953952137679,0.0064040862451786975,-0.25645969203521946,3.622072649323576,1.1280272923125187,-2.5076032763658094
0.006141597164137621,0.013202218256371336,0.005303574353563065,0.006390453660112284,-0.2639883506510822,3.593448762205167,1.1258477981773234,-2.4935447086680687
0.00616753419291269,0.013211262343301557,0.005352060287503932,0.006387292528154798,-0.25267734123583707,3.6338693185642534,1.110569147523634,-2.516474784878392
0.006151729182855545,0.013214298797069096,0.005323681350811463,0.006373793876917709,-0.2616759187951963,3.6050780194868213,1.1087002737924816,-2.5025619937921557
0.006177641567294448,0.013223286523398867,0.0053720925872055405,0.006370453527109444,-0.2501759282384804,3.6455068263507173,1.093093748445579,-2.5252626422115756
0.006161908025266914,0.01322631998784512,0.005343750874841254,0.006357122497169036,-0.25910527773465214,3.6166273268316815,1.0914627493177635,-2.5114653090731527
0.006187786671370488,0.0132352788963271,0.005392058881670189,0.006353562601010155,-0.24855928577011469,3.656947891758675,1.0755864408210225,-2.533983464633096
0.006172105867409648,0.013238309100976633,0.005363738781188736,0.006340379372652231,-0.25617201433113507,3.628032409182605,1.074119709094328,-2.520228893522019
0.006197969404967168,0.013247239343570824,0.005411979744527346,0.006336602424278896,-0.24634545220142498,3.668224985732184,1.0580010369494024,-2.5426246467235947
0.006182310844126605,0.013250287782640912,0.005383624116258666,0.006323523339126191,-0.2531788195320445,3.6392429047666224,1.0566655036264943,-2.5288395982822327
0.006208189667499153,0.013259167746885668,0.0054318561704922415,0.006319572177897664,-0.24350382293221093,3.6793650462707816,1.0403208077454102,-2.5511641350595453
0.006192538945036408,0.013262246570097962,0.005403431620750688,0.00630657888581125,-0.25035705131625935,3.6502867029646673,1.039113735334264,-2.537311820826341
0.006085234728234656,0.013156407920753573,0.005194672028701935,0.006442895021614319,-0.27217534295288454,3.5196020942096076,1.183542672113169,-2.4433077318315495
0.006291290604793747,0.013353427294859525,0.005589007540466446,0.006181023533531219,-0.2166025930230686,3.7637695803552895,0.8952203003201183,-2.6148886601610783
0.0062758487960790236,0.01335694961204612,0.005560208947085948,0.006168514949697698,-0.22852212400660357,3.733993211076975,0.8953132576079353,-2.6009337543261526
0.006280773780640196,0.013341759466093658,0.005569565182722977,0.006198547802457865,-0.22004409785292223,3.753556616384698,0.9135028334624283,-2.6073450120381474
0.006344421709587206,0.013411267706097352,0.005685301873091572,0.006092568201502224,-0.20910143809878415,3.810969963389946,0.8027335713191275,-2.6513663021637814
0.006339313182889233,0.013426496589656256,0.005674513850642766,0.006062396343452808,-0.2087407608361653,3.7903088570730046,0.7840848384839404,-2.6428794403935023
0.006333722908021256,0.013399766504457605,0.00566611133946129,0.006110419589065598,-0.21284167857114708,3.8017789280635044,0.8216613387256674,-2.644452867027691
0.006328604620847223,0.01341492109127092,0.005655541392430402,0.006080335479808663,-0.21144753185699675,3.7812830110295956,0.8028060735945571,-2.6361329627715366
0.006333967663198933,0.013441969166029856,0.005663599505922803,0.006032394227132754,-0.20579242464357603,3.770176381932373,0.759629445857997,-2.6345390009995313
0.006344871768421374,0.013453569638317342,0.005682598001994966,0.006014356988510433,-0.2025521815796523,3.77896174548069,0.7407622616149051,-2.64101584664332
0.006301844034399601,0.013365062028268449,0.00560833647479964,0.006163491035059075,-0.21744435981381824,3.7736304441739636,0.8770531991231006,-2.622429718047883
0.0062864436896097435,0.013368504084332022,0.005579596349593642,0.006151222262137104,-0.22499206429810203,3.744017586650235,0.8769530024716173,-2.6083247598753654
0.0063124339648614,0.013376663550976347,0.005627606725480748,0.0061459009175450115,-0.21878071229308035,3.7831470795505475,0.858836508273311,-2.6299392588004697
0.006296974204315647,0.013380078971968355,0.0055987551797140244,0.006133738907756374,-0.22077009434251546,3.7537180578607834,0.8585038174885548,-2.6154992349134862
0.006323060291193107,0.013388231747947458,0.005646870789202331,0.006128205209227921,-0.21667827058946387,3.7925016658740938,0.8403804709298605,-2.637306980517749
0.0063074564301078785,0.013391698428880806,0.0056177027204849265,0.0061160356176428255,-0.21708247036705594,3.763044290642352,0.8399951977991272,-2.6224685792922315
0.006317984221508019,0.013403320909325847,0.0056366019521562625,0.006098215730690162,-0.2141792818971844,3.772190797467515,0.821436307074025,-2.6293256817408337
0.005991523020486976,0.013059426829812272,0.00500537483399146,0.006558420589335701,-0.29143959197463803,3.3955153484041447,1.3052079555069165,-2.3531585475639485
0.005981643909554162,0.013047156958717755,0.004984455351710653,0.006573481678297514,-0.29356971182930197,3.3822258908562506,1.3202736764701433,-2.342840095115568
0.005971494968178929,0.013034940163916658,0.004962995032827751,0.006588141080432278,-0.2956627683458765,3.3683701838048434,1.3350013097219282,-2.332218828351387
0.005961432416618127,0.0130222475801134,0.004941426259851647,0.0066035214349605765,-0.29776636739955653,3.354560707690616,1.350290365948566,-2.3214505260472893
0.005951774479093619,0.01300906835000419,0.004920270328948634,0.006619840200656898,-0.29989425748690074,3.3412574650341624,1.3662699887846588,-2.3107592017074015
0.0059425325436661255,0.01299584313256427,0.00489968974095968,0.006636359884790124,-0.3019692266811154,3.3284023524341797,1.3823110019794376,-2.300239733926043
0.005933398490911345,0.01298287465263589,0.004879270578015287,0.00665237552378422,-0.3040048638378288,3.315509438542684,1.397853474549134,-2.2897405851533947
0.005914963226308812,0.012957271423616712,0.004837953368483979,0.006683316893467015,-0.30787604451227985,3.28895696870867,1.4279095035796499,-2.2683504285888305
0.005924204723738532,0.012970072208432486,0.004858705110803717,0.006667932763513709,-0.3059514097488434,3.302347101295748,1.4129737032031964,-2.2791189423960643
0.0058734463785158,0.012823394270911455,0.004705548924936109,0.006877489808240894,-0.32462728566710003,3.2208210245312654,1.6012739984603817,-2.1893556728717716
0.0058575583891181384,0.012824722265104968,0.004679755047026768,0.006862935674102934,-0.328084315494746,3.195455858961297,1.5949519171405875,-2.177126465557514
0.005893265130906687,0.012876646967947693,0.004765346286076266,0.00680317095448173,-0.3216820266352492,3.253545993130102,1.5378149728760793,-2.224162881257459
0.00590023935268864,0.012862160483752988,0.004770186661306848,0.006832815597449981,-0.31854933518545947,3.264855640938873,1.5583004904507396,-2.225133193614824
0.005882336769500143,0.012836344393790973,0.004727112478322353,0.006862686167111438,-0.3243549453404729,3.2355055644847504,1.5871446401940787,-2.2013924878918596
0.005866413418403022,0.012837727026198412,0.004701201624929934,0.006848116706320997,-0.326074961228395,3.2101195645941414,1.5808311568908466,-2.1889923978163988
0.005891267790960423,0.012849266508138675,0.0047486603274018565,0.006847793475113817,-0.3223062983245473,3.2501635906036888,1.5728086735464146,-2.213327200597484
0.005875288967785812,0.012850735003316254,0.004722581303921212,0.006833167109863771,-0.3242743482674227,3.224641468484507,1.5665890912195002,-2.200772082095398
0.005884230707781904,0.01286372179029125,0.004743953740677493,0.0068181578501740605,-0.3229315002784796,3.2390927967425314,1.5522429083560976,-2.2124919430482546
0.005841413107301762,0.012826191700426565,0.004654184695896801,0.006848574909130599,-0.3252102557411746,3.1735736393219045,1.5823363273041176,-2.166746081356138
0.005814664619029067,0.012787125739621581,0.004589286475355371,0.006891797482035534,-0.32942509634936146,3.1290876245973167,1.6231371574848052,-2.130778451020738
0.0058236457097900355,0.012800139581291455,0.004611114045952235,0.006877596333912251,-0.3280463537795077,3.144132314017019,1.6097660079694507,-2.1428993766384394
0.005832557435335526,0.012813164847381306,0.004632742562153364,0.006863179504471173,-0.32665639188720186,3.1589571409407102,1.596157261416523,-2.1548886305667385
0.005754580827506303,0.012694167717660685,0.004437236040555224,0.006992333544835299,-0.33869092034513487,3.0235143108881637,1.7163047240774232,-2.0443065618749174
0.005762952116527935,0.01270732580153565,0.004458832473156568,0.006978421467588122,-0.3376899885690508,3.03864491744374,1.7035468272998493,-2.0567251787252214
0.0058056957209832215,0.012774027722176527,0.004567340067096641,0.0069059979004105964,-0.3308596091338493,3.113916059140023,1.6364580649851923,-2.118538687982008
0.005771252500407176,0.012720584947627333,0.004480285673459581,0.006964152486786641,-0.33656473431639045,3.0536000949433553,1.690423085835257,-2.069071700559618
0.005779596462544066,0.012733958861053092,0.0045017797394995285,0.006949596655176047,-0.33526045898410745,3.068521847980859,1.6769970547725972,-2.0814150565430727
0.0057881040797121705,0.012747389870649902,0.004523467835633384,0.006934938287059829,-0.3338284862579983,3.08354712326843,1.6634261089296627,-2.0937979549648555
0.005796820754591697,0.012760774075299542,0.004545363099811635,0.006920374806173993,-0.332340946681547,3.0987066307180275,1.6498853344492128,-2.1061955124535214
0.005886062053398898,0.012891380310353315,0.00476052613670045,0.006773609058782476,-0.3166914703904844,3.2451014789511503,1.5108056678508233,-2.2247939039316473
0.005878765580130992,0.012906251254251072,0.004755290130239938,0.006743692168498691,-0.31509570962752553,3.2349817952844293,1.4861430622927323,-2.2247846930309616
0.00588814776905971,0.012918735912073563,0.004776541902247457,0.0067294866550779596,-0.31336595480417434,3.2491887972461826,1.4723628259509576,-2.2359938250035687
0.005897003438705199,0.012931504300481358,0.0047969455601442,0.006714303926219572,-0.31158799743840526,3.262483773943654,1.4577718656217986,-2.246810545148197
0.005905843023914226,0.012944393441441495,0.004817270206660299,0.006698773471421028,-0.30973123040934764,3.275591316973756,1.442851673129602,-2.2575346426771747
0.005871784225699331,0.01292078490796623,0.004750264870846072,0.006714701390763443,-0.312825028460432,3.225460152390635,1.4619716973637054,-2.2247160890945032
0.005631796793436773,0.01249117654743074,0.004103018255787936,0.007194780724474715,-0.3506468815886529,2.7851888603555977,1.896243636049233,-1.847242701266808
0.0056240877529839,0.012477362669088084,0.0040805387897626,0.0072079567009517035,-0.35111756649092185,2.768949755611714,1.9075690454441527,-1.8336187117202856
0.005622223358978565,0.012505350028352359,0.004100250523787443,0.007165251482076405,-0.34890777184230753,2.780630550968492,1.871768774708855,-1.8519287137307867
0.005630185915125156,0.012519378521707243,0.004122964876892229,0.007151793633381754,-0.3484139275919637,2.796878980888527,1.8601517486678738,-1.8655446683177088
0.005738121052373326,0.01269540228122293,0.004412188446713559,0.006976887625648282,-0.3380868413029972,3.0017308661079927,1.704538791127313,-2.0345589991001827
0.005737570099415198,0.01266776292019503,0.00439329789178998,0.007019649404094522,-0.3407334164454005,2.992559339229407,1.7412167943536951,-2.0190280168641084
0.00572940693915731,0.012682437972910394,0.004390214313159929,0.006989973010211988,-0.33910376130536357,2.986263073262229,1.7164999751191308,-2.0220825646887004
0.005704469853433594,0.01261363754561731,0.0043048965791010205,0.00707535856184162,-0.34475864339986323,2.9300004956878163,1.7914116150663173,-1.9672965461282248
0.0057126364610652165,0.012627159609891817,0.004326962823732641,0.007061571060547917,-0.34394548637691974,2.9456721437394027,1.7790564131130162,-1.9802844945194824
0.005720793316231247,0.012640758102705776,0.004348972522582847,0.007047513331455792,-0.3429777744457883,2.9612490819992505,1.7664150777664778,-1.9932317110884308
0.005729101578723796,0.012654329994174365,0.0043711032663996474,0.007033479450931155,-0.341863638843749,2.9768862435119967,1.753749456174255,-2.006164546063395
0.005687772628097221,0.012614396190342735,0.004279896403403792,0.007059845794532887,-0.34388415637047487,2.9087822882281436,1.7793072374229546,-1.9579244630696486
0.005663604454356479,0.012573475580398586,0.0042137698706442815,0.007100872051174327,-0.3461814840605671,2.8619607533776725,1.8156029034556058,-1.9189039807518389
0.005671336839534538,0.012587183374847669,0.004235462019326327,0.007086956567849093,-0.3454453110397721,2.8773030115686336,1.803357442344314,-1.9318502737187784
0.005679338825910061,0.01260091889800192,0.004257488453242464,0.007073091240246917,-0.3446612197439129,2.8928719668392766,1.7911025415107555,-1.944878080169184
0.005647004121901878,0.012573983469349256,0.0041892509408349285,0.00708559810165487,-0.344576267806804,2.8419000506082472,1.803198279102489,-1.9100372097997127
0.005638205725467697,0.01256122319486952,0.004166701275073014,0.007096931299477009,-0.3450421810108622,2.8257459527931768,1.81319748824715,-1.8971684453277167
0.005629254787557165,0.012547983618172671,0.004143507260879891,0.0071086999940478185,-0.3454883117972567,2.809139899882162,1.8235187258644672,-1.883872676838189
0.00562044720043581,0.01253427979541389,0.00412010726368054,0.007121131608814938,-0.34593828781711006,2.7924247870229486,1.8343454783758986,-1.870305602288477
0.008192847369854716,0.014692444536770594,0.007720378768826354,0.0029732517709240747,0.20461158867443338,3.3867266629682855,-2.084363186996397,-2.1094502154094923
0.008207701885188441,0.014698034841664265,0.007729939664032993,0.002948951213476488,0.2064562912013674,3.3731927302575673,-2.1013850724604954,-2.096033669280954
0.008134129005290227,0.014669169963228097,0.007682754422328145,0.0030701262054772254,0.19759925808573062,3.4405413609667903,-2.0161085475655622,-2.1622695297823036
0.008148764156046583,0.014674924399774546,0.0076924655760450605,0.0030461395400983096,0.19930380677806392,3.4275525133165208,-2.0333197034140507,-2.14938650292391
0.008163373290783456,0.014680782047016524,0.007701807135499151,0.0030219834444863247,0.20098774898737792,3.4141278540094624,-2.0503539189128097,-2.1362439821808166
0.008178053669194406,0.01468666402049734,0.007711027092999046,0.002997651240355099,0.20275850960813566,3.40043365111022,-2.0673405749037723,-2.1228927297197893
0.008121189786045051,0.014679830663211872,0.007649172925957542,0.0030708568395188367,0.19206722641940036,3.4193760187160254,-1.9965330624983595,-2.1572190485750458
0.008106212058673313,0.01467438528016303,0.00763832700204362,0.003094549776660193,0.19005496514396428,3.4312688036727614,-1.9788106163706527,-2.1695675245539596
0.00809127936774942,0.01466849520252478,0.007628065348783312,0.003118690631281586,0.18811146736201234,3.443846647135778,-1.9611459214811084,-2.1821985523058953
0.00820983303474722,0.014714376098722221,0.0077061000602690445,0.0029261437563703357,0.20269675558962155,3.339561938360878,-2.0982534253482803,-2.0784559046491213
0.00657726476122486,0.01364484341025055,0.0060746419813155934,0.005704452781635522,-0.13761189567068788,3.9722648664745748,0.3899438885851764,-2.764831929378714
0.006561972040461654,0.013649617048082832,0.006044024049637693,0.005693681371402749,-0.14588317389382302,3.9418276216755834,0.39435924756155133,-2.750297805337984
0.006611768252052548,0.013676939708806898,0.006128102414208637,0.005646982460472775,-0.13010536799745062,3.9893403319613143,0.32897103504620706,-2.776188915832511
0.006607943237525456,0.013692531726267715,0.00611473104171783,0.005617203970823498,-0.132091345718619,3.964319170231519,0.3136543321626768,-2.7649417115033885
0.006600233495542398,0.013666277091978747,0.00611032342736133,0.0056662157232154195,-0.13380298482340178,3.9838143073874552,0.34943708631407605,-2.7725834099948075
0.0065963795397622075,0.01368181777318145,0.0060971249313594095,0.005636473531157622,-0.1350963370416012,3.9589706727650005,0.33391905761577245,-2.76148510622142
0.00658873229390265,0.013655578290412793,0.006092507472006667,0.005685367948037037,-0.13599377090532644,3.9781465530812548,0.3697455432132825,-2.768781634922489
0.006584888066367301,0.01367108178560103,0.006079520036962556,0.005655666562472715,-0.13848753163442093,3.953486742737057,0.35411025489388764,-2.7579131006861672
0.006573430805842284,0.013660350166525871,0.00606183935109532,0.0056747336747407446,-0.14218646926329057,3.947783786958079,0.3742496598941392,-2.7541926576038773
0.006546391243781215,0.013654710686411607,0.006013504785523006,0.005682687834483488,-0.14557834365890898,3.9116506847695973,0.39196138614833925,-2.7346655009583096
0.0064781508334321196,0.013588901743511109,0.005905638613809824,0.005795387019639567,-0.16500910026399487,3.8732583408271553,0.5104981456726536,-2.708510510889633
0.006455485807137426,0.013566948969421823,0.005868793269158062,0.005831974435560717,-0.17135478738622892,3.8586480584014065,0.5491854394062096,-2.698418540583706
0.00646680444120062,0.01357796719613841,0.005887243689352649,0.005813665938147563,-0.16816058380233687,3.8660103961805383,0.5298390098544871,-2.7035242657603678
0.0065348292264868464,0.013643986039593976,0.005995433771430095,0.005701312558342788,-0.1488412631142949,3.9053146884848977,0.41166707457491963,-2.730494292653771
0.006489470459325148,0.0135998289808701,0.0059238579323187815,0.0057769879188094425,-0.16192656425566376,3.8802316646261406,0.4910622424244239,-2.713300183414956
0.006500709143629049,0.013610868377376415,0.005941766258633143,0.005758242127392717,-0.15882383861937324,3.8867185028443028,0.4713814279071869,-2.7177925120026276
0.006511938067424598,0.013622008870953557,0.005959492948397723,0.00573918383779001,-0.15558453739527775,3.892833558718071,0.4514647740174022,-2.722045823265774
0.006523308118107136,0.013633086018881697,0.005977363417782002,0.005720137986841242,-0.15221196101866227,3.8989856324247856,0.43150964784959117,-2.7262583991923464
0.006473618759987126,0.01360478758354055,0.00589321621404723,0.005765204120631771,-0.1645072111373113,3.8498586798248344,0.48983590625400647,-2.6982416915015253
0.00661563358310547,0.013719070837750974,0.006118885998477517,0.005568274663469133,-0.12592493189680173,3.9441840462572695,0.2717889297350075,-2.755676576519004
0.006603786405765526,0.013708441519298254,0.006101054373857767,0.005587453080428948,-0.129346156511983,3.9388118871589697,0.2920218316978424,-2.7523471754215723
0.0066115778574235935,0.013735145021544187,0.006104867759379826,0.005538304155337507,-0.1258803732477091,3.918215129309195,0.25283432831392755,-2.7435111506561394
0.006722386617054638,0.013813120200462886,0.006274125972722194,0.0053930537191651555,-0.0960892980785039,3.983035384967734,0.08819401617671951,-2.7780360425255792
0.0067342592057042195,0.013823262644540675,0.006290854915100361,0.005373549113682368,-0.0928796324527275,3.986471509916527,0.06784366432229315,-2.7797650700914995
0.0067461400622172525,0.013833445979193887,0.006307438952608951,0.005353851637409867,-0.08962176971440715,3.989602589481191,0.047370313446581956,-2.781278209275779
0.006758091034967477,0.013843654685765172,0.00632399826094907,0.005333985619911864,-0.08631991500390267,3.9925385179538933,0.02676032495263479,-2.782629783648739
0.0066704765292604955,0.01378883232253113,0.00619007570044098,0.005439796247419074,-0.10944475716194237,3.938720359840539,0.15091151774282394,-2.755817665245713
0.006682565818737957,0.013799182535364751,0.006207445790932489,0.0054204432179458676,-0.10612515497129592,3.9429982065711253,0.1306426611758487,-2.758169151950448
0.0066947331615939375,0.013809308809308982,0.006224934045716335,0.005401375384315821,-0.1028054317347701,3.9474324298740373,0.11053510789774824,-2.760532476725636
0.006706842400353553,0.013819201347400027,0.006242300728067984,0.005382615347792035,-0.09951031497107275,3.9518440661394263,0.09068052623151296,-2.762820811953602
0.006658468436325961,0.013778298936867156,0.006172804071678557,0.005459361390947978,-0.11275941072275787,3.9345442124703136,0.1712930281088668,-2.753450547407064
0.006646558258477327,0.013767537285961145,0.006155676118591479,0.005479225056950685,-0.11606460029572495,3.9305456919770623,0.1918409024450256,-2.751102682838526
0.006623486396158274,0.013745604403954977,0.006122547869912978,0.005519362083261565,-0.1225679314022461,3.923390322536442,0.2328795941033033,-2.7466232670328625
0.0066349838174898645,0.013756504474947702,0.0061391426202593,0.005499473402157447,-0.11933045865010992,3.927127828139595,0.2124909667686203,-2.7489722863019286
0.006444201900622171,0.013555834506531134,0.005850301153228459,0.005850336935603815,-0.1745559175646174,3.851191712772206,0.5685579592799336,-2.693202485478494
0.006399692997649875,0.01351034094872635,0.005776395237821477,0.0059245269026817335,-0.18746621129426047,3.8209039088444565,0.6463737304457825,-2.6714625134085836
0.006410654726712007,0.013521805088103772,0.005794747598891286,0.005905968997971036,-0.1843173998201266,3.8284933903426874,0.6269785039041206,-2.6769954298555905
0.006421733273322631,0.013533260033251691,0.005813183639860862,0.005887326695950491,-0.18107095575795187,3.8360347461058955,0.6074670484309165,-2.682449759371129
0.0064329381001665365,0.013544612856980207,0.005831740031410442,0.005868770282465426,-0.17779137855923857,3.8436265775603213,0.5879760411208615,-2.687866355155028
0.007632634442496726,0.0144040413618797,0.007339945680574093,0.003945535751865394,0.12706747600706692,3.882023740369508,-1.3555210005434069,-2.574790712606665
0.007619117828747056,0.01441257141717496,0.007307086375188717,0.003942708521603596,0.11668246645361692,3.8582258146173314,-1.3367086690564352,-2.567931811519756
0.007646481625663306,0.014411456818519202,0.007352293202112788,0.00392247858213306,0.12847067148258498,3.8738251691726124,-1.3756462926433601,-2.5663134273908663
0.007632982752713025,0.01442001044416965,0.00731945299620831,0.003919770470465011,0.11962159871400257,3.850214652608679,-1.3567749613291158,-2.5595255186865766
0.007674245540973592,0.01442615704605234,0.007376798412397467,0.0038761961837527046,0.13442767631406408,3.8569364096520364,-1.4158161681443264,-2.5488602429272764
0.007674701534165365,0.014442145701197564,0.007355994780395467,0.003850623704549283,0.12733907768912442,3.82508699015859,-1.4165497739688446,-2.5334535847616713
0.007660352036567375,0.014418828737030386,0.007364578915499472,0.0038993626660074597,0.13106099369842716,3.865451314089105,-1.3957458563853262,-2.5576751741117936
0.007660763365483302,0.014434823055872155,0.007343857968936856,0.0038736995334709714,0.1248587755377264,3.8335889769286084,-1.3966700863525547,-2.5422702709285656
0.0076468581136661315,0.014427437458257067,0.0073316883432737795,0.003896757715050087,0.12240547130709985,3.841982791641843,-1.3767524236539064,-2.550965746652731
0.007605410188628807,0.0144214620074064,0.007274263499345283,0.003939617546366132,0.11467843303466134,3.831234188224816,-1.323716669176221,-2.5562419890570935
0.007412921432766225,0.01431246723193784,0.00709259094923781,0.004254899035725203,0.0758951206408063,3.924071866860387,-1.0399484311080762,-2.656865947290079
0.007426527843309566,0.014320576362222519,0.007106000045111059,0.004232563494126458,0.07878460383765568,3.9184135238886246,-1.0605340248094706,-2.6505546832240814
0.007440172400688137,0.014328640902056962,0.007119362121919266,0.00421018076737746,0.0816763698079781,3.912605653085485,-1.0810942508151717,-2.6441042775428536
0.0075914797896276184,0.014414066729037495,0.007261568954332504,0.003962249651010337,0.11201487109401975,3.838659650860436,-1.3037528439450867,-2.5642189244126716
0.007577576192309411,0.014406553853422092,0.007248903269980736,0.003984954335406737,0.10929081901699411,3.846082079256657,-1.2837183329288357,-2.5721409933359998
0.007563728541397109,0.01439891995787526,0.007236315200519994,0.004007716888650107,0.10655940688365291,3.8535272472185045,-1.2636422748613458,-2.5800153284740275
0.007453869956264098,0.014336638152359115,0.007132728055154212,0.004187777623051391,0.08458249757751334,3.9067061130027416,-1.1016317529180073,-2.637544551743881
0.007467618547582232,0.014344515384989397,0.0071461571313415845,0.004165440225589466,0.08750320877977441,3.900820394346088,-1.1221156517300919,-2.630935760335291
0.007481393645292972,0.014352236940912373,0.007159653435613258,0.004143241029934779,0.09037795056340266,3.8950020762616204,-1.1425046331082562,-2.624313650937409
0.007495151528981452,0.014359894959782508,0.007173038781551067,0.004121058410399374,0.09312699240358861,3.8890299960029657,-1.1628027935600092,-2.6175634524757823
0.0075088555351888985,0.014367646316603885,0.007186065779252908,0.004098666013983419,0.0957670811984521,3.8825578696073855,-1.18304236142138,-2.6104998958231675
0.007549940768503623,0.014391188457077826,0.007223780267276527,0.004030499603179252,0.10383088760811733,3.8609505612157626,-1.2435369562457372,-2.5878159175945306
0.0075225226055156864,0.014375506813628215,0.007198739702522427,0.004076031856114181,0.09840627238785475,3.8755699509609407,-1.2032391112971477,-2.603111199176627
0.007536207393569422,0.014383376819881041,0.007211267210125318,0.004053280856672804,0.10110341693261098,3.868313859497914,-1.2234023287607825,-2.5955227019083793
0.007717127874371475,0.014480194864755198,0.007370908571442966,0.003755821485155752,0.13502536118883654,3.7635233399923025,-1.4812059162506508,-2.4861007992736543
0.007703015893349986,0.014473024812297342,0.0073589522990167395,0.003778956967530202,0.13246093075701929,3.772449518585623,-1.4616470435991678,-2.4953218178982843
0.0076890018236244,0.014465712252180317,0.007347170259379347,0.003802140730724067,0.12993229038381937,3.781467914206512,-1.442093428522959,-2.504521900578364
0.007675031164183909,0.014458401886182408,0.0073352860919983906,0.003825200522785187,0.12745408088042956,3.7902470352097777,-1.4225133523095963,-2.513534453203778
0.008061912544559026,0.014656233994680712,0.0076084272749172765,0.003166839563714587,0.18433164644163316,3.4693212819806694,-1.9261912247441983,-2.2072887555609433
0.008076555033047269,0.014662329341976968,0.007618333992491562,0.00314289033142571,0.18625825081172329,3.4567724744038206,-1.9436841593770227,-2.194878746260432
0.008032795927033069,0.014644029166975811,0.007588347431458176,0.0032143610821098313,0.18044700295343222,3.493773788098373,-1.8910725914610682,-2.231579457807165
0.008047329126837434,0.01465015872813464,0.007598397294661927,0.0031906266087084086,0.18241035784944584,3.4816050530375695,-1.9086500973569003,-2.2194958067195434
0.008003662866080756,0.014631537536800533,0.007568004018873839,0.0032619948967032536,0.17648368204022977,3.517915973726295,-1.8555281303238427,-2.2555435494000657
0.00801823071197387,0.01463783655974263,0.007578182052202739,0.003238140963370092,0.1784906902732082,3.5058500525752794,-1.8733486767307526,-2.243585731644733
0.007974475005963528,0.014618721103086681,0.007547392509566891,0.0033098331829660398,0.17243220590820832,3.541809192637183,-1.8195078062915229,-2.2792254776278544
0.007989061552898578,0.014625165569821928,0.007557719944207216,0.0032859087064135554,0.17448226008401188,3.52990468027899,-1.8375586279488798,-2.2674315690050224
0.007932066383695969,0.014598804752407494,0.007518132282549691,0.00338061258889058,0.16654757942787066,3.577556317207954,-1.7664730917360083,-2.31386170895073
0.007946098201751866,0.014605422117566902,0.007527939411251904,0.003357221244383071,0.16852376985024553,3.5658877345046123,-1.7841344222822622,-2.302524093111627
0.00796013963059023,0.014612125058487338,0.007537467263371295,0.003333635556434633,0.1704714568511022,3.5538301272707282,-1.8016837734019153,-2.290941206021369
0.007919001612004687,0.014608723960000009,0.007485264543693797,0.0033797696297626014,0.16187582647419066,3.554776935021465,-1.7491632389926177,-2.3066184614276186
0.007904548260535198,0.014603311790889912,0.0074729195801096155,0.003401624651889212,0.15955437215852633,3.5634357873421325,-1.7309548918300381,-2.3164101917248447
0.007861453504396638,0.014582857357562212,0.007441408920058241,0.0034723818990686456,0.1531542054425327,3.596745866502452,-1.6762443400282956,-2.349313577200238
0.007875366154538004,0.014590342639129264,0.007450478820827523,0.0034483590608988513,0.15510878467813963,3.5844002317283183,-1.69401227511732,-2.337884258402634
0.007889809940822211,0.014597274299464988,0.00746092832671195,0.003424545064276911,0.1572357150807909,3.573088801518226,-1.7123353206040868,-2.3267814386029086
0.007847359886930114,0.014576174623310952,0.0074307650252225105,0.0034953660500131865,0.15101833009228768,3.607175464133956,-1.6581402146969795,-2.3597475048697127
0.00783281006479464,0.014570770416520386,0.007417491965049566,0.0035168582123264497,0.14853263087724786,3.6146071315254544,-1.6394266123159433,-2.368687787929762
0.00781822282615134,0.014564562706907943,0.007405148071015402,0.0035394452125663205,0.1461197374513595,3.6234397349328744,-1.6205740823053085,-2.37834007137341
0.007803653534908171,0.014557677964717944,0.007393617176280252,0.0035629070241446543,0.14379249614884745,3.63342825565886,-1.6016235337470677,-2.388558783325671
0.007717553680831349,0.014496718726508331,0.007349300107447803,0.0037303260246176763,0.13217647058394696,3.729229730676557,-1.4844173739451956,-2.467830584747692
0.007731734248344482,0.014503587670639579,0.007361448731406616,0.0037076133820202616,0.1346683741262882,3.720669128650709,-1.503685284144104,-2.458750523270915
0.007745769150757268,0.014510740787870425,0.007372828403958801,0.003684515226808313,0.1370233225237646,3.7112064320793228,-1.5227282094766805,-2.4491913075256484
0.007759873366802255,0.014517981669533433,0.007384025534744204,0.003661142961007681,0.13937630512583973,3.7013448794225385,-1.541778526529692,-2.4393533362216715
0.007718136187740977,0.014512958770503745,0.007328324240420839,0.003705316959217542,0.13006996650147748,3.6958439168831725,-1.487922720518348,-2.449663667299515
0.007789042042269212,0.014550385820399183,0.007382419836694048,0.0035869185232526896,0.14146800143202443,3.6439943183957055,-1.5824924072330828,-2.399056362567752
0.007774378288956021,0.014542745943950247,0.007371447350488451,0.0036114086204693916,0.13914593319122467,3.6550029740008476,-1.5631552594861553,-2.4097637728739056
0.007760151871183657,0.014534875231885897,0.007361256402528499,0.003635771292382968,0.13693384025037494,3.6663834022536554,-1.544228897917437,-2.420486356384488
0.0073857507578253614,0.014296113187715077,0.007065513570821435,0.004299477934117345,0.07007234555976466,3.934881429986245,-0.9986257133792341,-2.6690507010308764
0.007398121293961765,0.014321675210374965,0.0070575846744511265,0.00424903539675251,0.0707061283105933,3.894108631833287,-1.0269181217668686,-2.644292796931335
0.007384446275115077,0.01431346581135246,0.007044025990406305,0.00427127740335264,0.06781052532755527,3.8994646807726148,-1.0063932195758187,-2.6503402682998174
0.007358656438596847,0.01427942214153777,0.007038293862465955,0.0043441799655081674,0.06404296689389578,3.9453345628918526,-0.9570387287848025,-2.6808196621677864
0.0073721744161331995,0.014287830225163079,0.007051866624923578,0.004321791131764383,0.06708089340374936,3.9400955807545803,-0.9778561962776796,-2.6749599779498108
0.007345233610446034,0.014270908828273754,0.007024834255569615,0.00436659152177965,0.06102764968797109,3.9505915588190574,-0.9362207367030743,-2.686618662661011
0.007331884919492159,0.0142623736620334,0.007011361354244465,0.004388900726703747,0.05805453545971886,3.955682413782561,-0.9154341327228498,-2.692259411682054
0.007318608704943515,0.014253842461413513,0.0069978462074312435,0.004411066096070288,0.05510683249182652,3.96055818001086,-0.8946972088011435,-2.6977142707869213
0.007305415044662328,0.014245305355953907,0.006984318205168088,0.004433099190472114,0.05216895635057619,3.96525105300809,-0.8740204997233617,-2.70299989910885
0.007265806489741088,0.014219937562245655,0.0069424952350639795,0.004498214552171914,0.04346639103061373,3.977212124882158,-0.8119876283539119,-2.7173903175806404
0.0072790884989992815,0.01422833897019015,0.006956782927067521,0.004476659510832557,0.04640128973957736,3.973677625974187,-0.8327291665169635,-2.712878998410701
0.007292269902137215,0.014236788789648165,0.006970694083651499,0.004454974920242987,0.04927425793842761,3.969680986580382,-0.853382113772868,-2.7080804979254505
0.00718958373010223,0.01413540329229132,0.006892227892214807,0.004683935144864435,0.03008473206329856,4.060015221650554,-0.665621760035634,-2.775533988765518
0.007188233065240209,0.014151288302442487,0.006874407763274128,0.004656240096497803,0.023497161624733393,4.029478745372971,-0.6730808486520533,-2.7605755642241365
0.007137839516247013,0.01409976064731136,0.006832804982373067,0.004770202250275363,0.01580196725681598,4.068979642398998,-0.5801530782749431,-2.7886389314855733
0.0071234187904728455,0.014106616046944168,0.006800512671893597,0.004763630167336775,0.0076345543156971715,4.040692360148061,-0.5670554004930826,-2.7770188312050905
0.007150733491861329,0.01410873220903958,0.006847751284136515,0.0047487212830325705,0.01829475092943987,4.066948529090252,-0.6015003036706141,-2.785630360798588
0.007136314969657631,0.014115644651984815,0.006815398011262171,0.004742226351170564,0.011074868589619655,4.038771601551289,-0.5882701570843003,-2.7740225411405253
0.007163655606209029,0.01411766323049986,0.006862645331627383,0.004727171345612838,0.022152963517146695,4.064763645945084,-0.6228889835259609,-2.782424964369058
0.007149234664161386,0.014124649840936839,0.006830191138933226,0.00472075021869538,0.014276094517793448,4.036636324142599,-0.6094654554435456,-2.7708674369977433
0.007176605729088547,0.014126553621484204,0.006877477681855625,0.0047055660281702175,0.026728651031729198,4.062465166509054,-0.6442857591274527,-2.779039614349097
0.0071622017275585715,0.014133600271360946,0.006844960914630571,0.004699244793705255,0.017163044445900413,4.034360275503551,-0.6306695537345329,-2.7675736361017678
0.007175211204459732,0.014142471836998391,0.0068597233732381755,0.004677750875547188,0.020138811152922837,4.031994200852164,-0.6518851296301421,-2.7641502292401747
0.007252442093722971,0.014211478010583952,0.006927971054749711,0.0045198076713411535,0.040403660027077355,3.980502781972811,-0.7911051178299592,-2.7217311735247307
0.007239069098785876,0.014202869081584768,0.0069134272280521195,0.004541555660653449,0.03722489982303237,3.983792189347206,-0.7700873978025192,-2.72602293743768
0.00722578894391433,0.014194081027797336,0.006899065115535248,0.004563460800327711,0.034006038838742474,3.987237686042596,-0.7490097445406442,-2.730335170976904
0.007212649258003102,0.014185168638407542,0.006884910570943224,0.004585409636173877,0.030834181572212637,3.9907858108203578,-0.727955606340538,-2.734630375456351
0.007186647697665885,0.014167375880138276,0.006856579881122922,0.004628819951369247,0.02477401537388613,3.9972843432404397,-0.6861000071584639,-2.7426931544206865
0.0071996202807502714,0.01417624215413174,0.006870803458991684,0.004607230112498881,0.02775840819194537,3.9941989459450595,-0.70698237539853,-2.7387824185358216
0.006930835251689468,0.013982698165647225,0.006553041242026685,0.005049972394899744,-0.039468846191700525,4.018650841930524,-0.26600661889249105,-2.787288734481001
0.006918321019980415,0.013973059310308083,0.006537114001293921,0.005070511408793269,-0.04281033474499434,4.017866793523177,-0.2450384199826395,-2.7879110420882545
0.006905859625551327,0.013963308323393127,0.006521214843586281,0.005091128747330501,-0.046112082373303755,4.0170590847679755,-0.2240143824577502,-2.7884611821865906
0.006893400414559382,0.01395357392251628,0.006505161148250618,0.0051116013163930935,-0.049375678683322405,4.015953022331612,-0.20304370563716947,-2.7887959875425605
0.007108786790667602,0.01411368000812837,0.006768426396510672,0.004757066789549858,0.00593543318271542,4.010922978337397,-0.560292044880165,-2.7623897337954273
0.007057345645942463,0.014077175952884416,0.006708067889129791,0.00484149708719615,-0.006800948209155709,4.016321185466709,-0.4762847279265367,-2.7723830842451442
0.007070109280432667,0.014086311129001687,0.006723203445094445,0.004820570895184934,-0.0036554029384916753,4.015256600466948,-0.4971905023233882,-2.770131515782213
0.007095854127660656,0.014104593566233739,0.006753400522328236,0.004778293587999793,0.0027616486738291477,4.0125320856075675,-0.5392458725818772,-2.765118538728568
0.007082940438696061,0.01409546354169223,0.006738294431196922,0.004799481901725051,-4.585420274253716E-4,4.013964650856635,-0.5181860762627416,-2.767695087555748
0.007029564902120737,0.014075631183717683,0.0066596717712550805,0.0048538038385977636,-0.01440539637656431,3.9859945845323566,-0.4479567435269595,-2.759979892154512
0.007042511423174307,0.014084541061209238,0.006675432046413589,0.004833514085205459,-0.011157611472478707,3.9859169398090466,-0.4685655195776834,-2.758319122080858
0.007016482047089343,0.014066447685251005,0.006643747501235537,0.004874510571084948,-0.017691822304401774,3.986114801058349,-0.4269894695181707,-2.7616240569364083
0.006990835691198652,0.014046938590166333,0.006613287492071812,0.0049174630953283385,-0.024159794241912776,3.9881071954251994,-0.3844994831465536,-2.7656031876760565
0.007003456472635633,0.01405689099916656,0.006628076070820833,0.004895749953803771,-0.020966022600943685,3.9866683937385186,-0.4057440808697927,-2.7634327242813286
0.006941032766390969,0.014008390688852,0.006552843232647459,0.005000800821803271,-0.03694532331392231,3.989832608614926,-0.30143230945976046,-2.7715245881644517
0.006953514416188786,0.0140179884341804,0.006568263741640844,0.004980188901252173,-0.03372240020348971,3.9899112570490147,-0.3221640820693837,-2.7703927054008872
0.006965992575007643,0.01402749625496908,0.0065835988738518125,0.0049596305040948896,-0.030511928462547296,3.9898679746961,-0.3428195655845328,-2.7691413707161394
0.006978472207757551,0.014037028156151548,0.0065987703815064145,0.004938921263627085,-0.027301021907651223,3.989516277257048,-0.3635202503055523,-2.7676719678252795
0.006928402399515546,0.013999001725878637,0.006536855594653235,0.0050209608493121715,-0.04021642695293836,3.9889528318075445,-0.2808144082117637,-2.7721963596228316
0.006754154011740232,0.013859719938418376,0.006307863202114743,0.005304715982557554,-0.08657340996343567,3.9640050338666426,0.010195819906730389,-2.7686628460732496
0.006880934225247643,0.013943865826270161,0.00648893119125265,0.005131911483087646,-0.05269877252445888,4.01452262973504,-0.1821415793710577,-2.7889025155809857
0.006868504632896625,0.013934057640687688,0.006472690167366887,0.005152280117603553,-0.05607510913511491,4.013026867360448,-0.1611939061370535,-2.788915191632871
0.0068191923529365124,0.013894316340001605,0.0064073449719919484,0.005233450158704468,-0.06931983541142396,4.005663139045558,-0.0775161547323986,-2.7876369472757827
0.006831507638884058,0.01390422149191719,0.0064238944380028825,0.005213390541175496,-0.06605034123200006,4.007940807149919,-0.09831902076269745,-2.7882739480719745
0.006843794970213716,0.013914170917560998,0.006440220696045065,0.005193136471670745,-0.06277120495682224,4.009839991342378,-0.11920693417123317,-2.7886555806132596
0.006856124758487885,0.013924132500846747,0.006456471215296441,0.005172737091901202,-0.05944213347189075,4.01150735570129,-0.14018328132035093,-2.7888548332526155
0.00680363400445183,0.013900707642059223,0.006374890558323962,0.005223879647738932,-0.07318586525248115,3.9743519401110166,-0.07317150422783691,-2.7725577586842634
0.006790896523154928,0.013890895136226248,0.006357421232710763,0.005243519733082913,-0.07659008454690029,3.9710194457739436,-0.052495056276504214,-2.7713163664419866
0.006778378746066279,0.013880617796443576,0.006340487278948586,0.005263857342267962,-0.0799708244254846,3.9684087776428716,-0.03149881215452611,-2.7703670050361926
0.00676619020988974,0.013870116315853442,0.006324140058164506,0.005284448090597906,-0.08326743477551424,3.966312721119078,-0.01051171095868503,-2.769601616984971
0.006355972619828534,0.013464926716941168,0.0057018579410074805,0.005996688036986129,-0.19944402208105808,3.7880280042464194,0.7221158485488147,-2.647559865664181
0.006366962488147936,0.01347622374702874,0.005720798604396498,0.005978963436711253,-0.19650052501341744,3.7967360892151736,0.7034408153768269,-2.6538586458997355
0.00638877460925847,0.013498927611626224,0.005757982599768092,0.005942874170297658,-0.19052828907398858,3.813101571879694,0.6655765372356001,-2.6657722634308545
0.006377867735514308,0.013487558452829269,0.00573945478913264,0.00596101484190261,-0.19354962763122296,3.805047815296413,0.6845936368094651,-2.659905748060368
0.006339661031892935,0.01346930293345968,0.005671425845355148,0.005983942314327335,-0.2017750243472545,3.7579024230083413,0.7186732358167679,-2.6325913044650675
-0.005392714184532195,0.011942399911086579,-0.0032372474425240213,0.007678690337367078,-0.3329503515023117,2.1533867734583354,-2.2770967708285847,-1.2944800236708953
-0.005382902524691673,0.011955081146741514,-0.0032404995094499067,0.0076528769636948135,-0.33479813571354783,2.153767046517429,-2.2598728172220532,-1.3016340695755055
-0.005398839222606494,0.011956864711873457,-0.0032613522409606945,0.007668483320436788,-0.33472926050681084,2.170903759228438,-2.2699313683646967,-1.3098095977385384
-0.005462577381044804,0.012100427570042293,-0.003500644570628497,0.007562244817075468,-0.3457865323717897,2.3466482540267424,-2.192567143792976,-1.4612724181016266
-0.005453232902710127,0.012113420310650732,-0.003502658295624374,0.007535679115123731,-0.3484041792419615,2.3455993976488276,-2.1745319066412034,-1.4674300617753246
-0.005469198559067851,0.012114672150203704,-0.003524360023787343,0.007551221288691801,-0.34807822940006555,2.3640190662397633,-2.1843105232405864,-1.4762818386202046
-0.0054560009805072595,0.012086162244613062,-0.0034769006460573424,0.007573190868817186,-0.34319315436767167,2.3292048319925818,-2.200701933929087,-1.446266430188946
-0.005446624540593272,0.012099124986313962,-0.0034790040897467772,0.0075467203329571434,-0.34787668191721416,2.328222352672728,-2.1828079503223923,-1.4525172599259308
-0.00544946942445865,0.012071876318959049,-0.003453090838586609,0.0075840766135351475,-0.34237524239399225,2.3116140021558573,-2.2087823113058858,-1.4312353453748063
-0.0054400103875396,0.012084816976503238,-0.003455262397235193,0.007557627347483206,-0.34708839059166324,2.3107730512642832,-2.190956080979762,-1.437547326928075
-0.005442982779307932,0.012057569938134772,-0.003429217124452053,0.007594901093388579,-0.3430583044295503,2.293960229870044,-2.2168180633112353,-1.416143657718428
-0.005433435215607498,0.012070473826843028,-0.0034314675594749916,0.0075684700986217235,-0.3457431762747078,2.2933234605185437,-2.1989986105660138,-1.4225369106479924
-0.005436541110871047,0.012043243247200375,-0.003405321409548656,0.007605645340473814,-0.34283702442746183,2.276387035473284,-2.2247484302832357,-1.401001023335205
-0.005426953323194666,0.012056097878211757,-0.0034076854725190006,0.007579300465686994,-0.34421910678645595,2.2759290904951928,-2.206956941931604,-1.4075166355763218
-0.005459853852156545,0.012127716099689418,-0.003526256919195525,0.007524506742820874,-0.34917354414541185,2.3629035331585655,-2.1661359120857675,-1.482299525175162
-0.005475864446977091,0.012128895840071584,-0.003548071973132869,0.007540108653084923,-0.3487350475008937,2.3814393814237658,-2.175888946847763,-1.4912786087875471
-0.00548257497657602,0.012143098494643411,-0.0035717717359996654,0.007528910882704185,-0.34813891805339997,2.3989507379471378,-2.1673238833638764,-1.5062253521788864
-0.0054665350790881265,0.012142000244036506,-0.003549845470390646,0.0075132642258420165,-0.3502790695473583,2.3801875737829676,-2.157645199197535,-1.497148538953457
-0.005496129685063255,0.01217144011803954,-0.003619021234522338,0.007506313510083879,-0.3485864466993657,2.4339405556125886,-2.149963822253307,-1.535928440538162
-0.005489330079069643,0.012157279968945644,-0.0035954305360027927,0.007517641512817675,-0.3475495030278015,2.416490753318885,-2.1586713834759417,-1.5211030611634477
-0.005480142941621313,0.01217044704068479,-0.0035969963463462515,0.007490735191919936,-0.3523716401554193,2.4148245359065292,-2.1404251849421634,-1.5267823507335565
-0.005473302640336287,0.012156247605103455,-0.003573433349987705,0.007502007105058339,-0.3514779027342474,2.3974929292737657,-2.1490761850609617,-1.5119806753135967
-0.00550297372456129,0.012185578797026964,-0.003642554375844457,0.007494921927682331,-0.3509785980410875,2.4512614686932457,-2.1411722700642466,-1.5507391676284576
-0.005487010839705775,0.012184623503828951,-0.0036205041629553997,0.007479374589311846,-0.3527578456003116,2.4321408497221806,-2.1316608374444406,-1.5415429671358376
-0.005386634628544867,0.011927915960164924,-0.0032131248688931197,0.00768881561423642,-0.33039763869218286,2.1358941219938887,-2.284123340591243,-1.2791470141926247
-0.005376823433661665,0.01194056506152371,-0.0032165115244272833,0.007663127558249063,-0.3334065612217229,2.1362926188033025,-2.267069039381784,-1.2864167448968205
-0.005380600615198654,0.01191341300395313,-0.0031889689087454634,0.0076988657656421,-0.32805548607007035,2.1183627009999815,-2.291038584502161,-1.2638134985688498
-0.005370770231469958,0.011926047203213353,-0.003192487741915629,0.007673263484740927,-0.33204646799405335,2.1187840087284253,-2.2741594347052057,-1.2711726058335973
-0.005374612204472543,0.011898891187242081,-0.0031647732029628736,0.007708843441398095,-0.3262433250402097,2.100773253530079,-2.2978737093638446,-1.2484653162974442
-0.005364739736195316,0.011911507507875967,-0.003168403872169511,0.007683303642008259,-0.3305041358005203,2.1012440173773146,-2.28115224300517,-1.255886919554879
-0.005368669455772496,0.011884350654762897,-0.0031405462705831042,0.007718745080286904,-0.3242706305063419,2.0831401844517172,-2.304645276558862,-1.2330934231572312
-0.005358740322795354,0.01189692905899236,-0.0031442499303695154,0.007693274876176044,-0.3288392015378832,2.0836810947934166,-2.2880526861595167,-1.2405529652225693
-0.005322778240520137,0.011767369970506486,-0.002945588417438799,0.007795226933189393,-0.30738179275190575,1.9424349489357986,-2.355634591365752,-1.1090632311441855
-0.005307028033277941,0.01176490968770491,-0.0029257216676854864,0.007779793793167165,-0.3112340119917944,1.9258875258399095,-2.3459003349322027,-1.1018161502797346
-0.005312613610975277,0.011779584039931483,-0.002950070791022226,0.00777057961137375,-0.31321832034069486,1.943437966819744,-2.3398568548562877,-1.1172835226842326
-0.005328353622408232,0.011782055027975764,-0.0029700358265741084,0.00778594524402585,-0.31096562874304773,1.9599556997800207,-2.3496785977241776,-1.1245819940289503
-0.005269572541305845,0.011619585149978953,-0.002699287048049464,0.007883901646483664,-0.2832757454450571,1.7660731393499198,-2.411300347871159,-0.9532595169322889
-0.0052537020080519435,0.01161693595341161,-0.0026803292939284445,0.007867998514262025,-0.2864708963537858,1.7508219053595404,-2.401464021918351,-0.9457703817657538
-0.005274683853955189,0.011634437921711378,-0.0027240334628603076,0.007875385609208039,-0.2864613085480732,1.783676955499607,-2.406078956917941,-0.9689132100417152
-0.005258846198997296,0.011631847639155245,-0.0027050608278872787,0.00785950895207925,-0.289192792222786,1.7683445142864864,-2.396296764472065,-0.9614885353019762
-0.005279841802758873,0.011649274565685588,-0.002748752868477382,0.0078667917849581,-0.2895361365353594,1.8012686295641054,-2.40077689104032,-0.9845570919434904
-0.00526401221152189,0.01164672067356108,-0.0027297146163497168,0.007850936113328906,-0.29172875142471016,1.785836631076082,-2.3910393131235534,-0.9771660626594808
-0.005285046338188198,0.011664094939289063,-0.0027734607837050225,0.007858114818047298,-0.29186930692021745,1.8189100248725936,-2.3953761022817397,-1.0001928373691684
-0.005269209965298061,0.011661576238758997,-0.0027543249401416653,0.007842271874572189,-0.2943158990152552,1.8033094858551235,-2.3856936687087464,-0.992819393749241
-0.005290297410190857,0.011678898899739068,-0.002798155861144007,0.007849355174429279,-0.29314002806925915,1.8366257004224484,-2.3898956541938396,-1.0157986990790446
-0.0052744632764554706,0.011676411296155828,-0.002778910541098427,0.007833543580741743,-0.2970939826394963,1.8207842348015892,-2.3802684858726724,-1.0084584198226725
-0.005300938961069022,0.011708457009234034,-0.002847413201843838,0.007831621369634242,-0.29816350010985776,1.8719977908799539,-2.378766150190764,-1.0469175148952874
-0.0052905867297702545,0.011720735796765068,-0.0028524884696345463,0.007807066177254991,-0.30442405213057344,1.873342534865252,-2.363525311248331,-1.0552486631191764
-0.005295594968187609,0.011693686304088879,-0.00282280863189849,0.007840523307561579,-0.29514648727004983,1.8543430709404756,-2.3843571223400732,-1.031367416777834
-0.005285174768091635,0.01170597337476286,-0.002827991158824782,0.007815982394344655,-0.3022139291186084,1.8558093898992991,-2.3692080129945166,-1.0396680828616311
-0.0052797914240095695,0.011691204474591018,-0.00280346391834262,0.007824793606602294,-0.29983563956331355,1.8382799377496937,-2.374781318654397,-1.0240700488569858
-0.005280141570517865,0.011733110173861768,-0.0028577252765203923,0.007782951307218754,-0.30128575070718083,1.880655466571539,-2.343668440518126,-1.0681776904081817
-0.005285598879499293,0.011747820228446058,-0.0028819648520416307,0.007773906081115935,-0.30360833408522253,1.8979606452154052,-2.3378268071966315,-1.0835403826327896
-0.00529107031994872,0.01176254938543083,-0.002906189058119608,0.007764713913125346,-0.30582166641706315,1.915273657137768,-2.3318421032460392,-1.0989150196576747
-0.005573842953947663,0.012325754459026414,-0.003876177203664301,0.007376808657118486,-0.3547319108190121,2.623343570254707,-2.0472801096840683,-1.696779439122811
-0.005565071003598575,0.012339245875477951,-0.003876250244301539,0.0073490335077968155,-0.35652581042497916,2.620150446366539,-2.027827276576508,-1.7010575527329361
-0.005581171262969614,0.012339647963432628,-0.0038993359993537316,0.007364593293526903,-0.354799401790016,2.6404082963015947,-2.0372153206217027,-1.7111512823354633
-0.005566558325275477,0.012311837995365551,-0.0038529773239031825,0.0073889526080737275,-0.35478751047892426,2.6062588437732415,-2.0572120027849143,-1.6823523073391087
-0.005557754557236672,0.01232529406089118,-0.003853183491404738,0.007361256880114404,-0.3563818302339044,2.603232693576824,-2.037787045705571,-1.6867718721279237
-0.0055593174473143785,0.012297898706704346,-0.003829735258949352,0.007401025762784144,-0.3550591015784181,2.5891618549145856,-2.067013043340313,-1.6678657245893322
-0.005550488733785801,0.012311316425318625,-0.0038300846665064617,0.0073734174305455395,-0.3561249396451122,2.586283374790622,-2.047652270427267,-1.6724471331616437
-0.005552120389927701,0.012283936727298522,-0.0038064616909093177,0.007413022653106237,-0.35499873644533525,2.5720807060971977,-2.0766683549791067,-1.6533261123703689
-0.005543284367551224,0.012297314899746758,-0.0038069696468081954,0.007385522896392255,-0.3558105933595335,2.569317467629442,-2.057426056695156,-1.6580909276384068
-0.005572434532202636,0.012353177161857047,-0.003899284223183986,0.0073367372637372875,-0.35663179660931227,2.637028339685345,-2.0177667496472087,-1.7153035347903394
-0.0055885431814808,0.012353518374336698,-0.0039224617293711316,0.007352302272834858,-0.35455099897886083,2.6574744720366126,-2.0270108599931858,-1.7254689000967822
-0.0055098621269662066,0.01219969586105615,-0.003666071697966767,0.00748344657352613,-0.3522600362252068,2.46855877323256,-2.132241016054502,-1.5655427297676352
-0.005493880982123328,0.012198807572264261,-0.0036439517732426894,0.007467863739801143,-0.35304863202546827,2.449384045893026,-2.122756109289799,-1.5562584927072065
-0.005516794822133637,0.012213791167466397,-0.0036895864825071943,0.00747188087165565,-0.35157044569252754,2.4859315741792987,-2.123161424009911,-1.5803021639770396
-0.005500786862729873,0.012212991847434872,-0.003667369387284149,0.007456244115450486,-0.35373189921934683,2.4665683091921085,-2.113728419775701,-1.5709388648886013
-0.005610919877832095,0.012394989703775481,-0.003991607075260238,0.007314993606106459,-0.35238404162225856,2.7086528381409862,-1.995789026413944,-1.768048848788965
-0.005603417561025714,0.012381189378714536,-0.003968615159107637,0.00732749275681802,-0.3523296701939012,2.691658707316177,-2.00626084755762,-1.7539153752854115
-0.005594901581831961,0.012394806069427215,-0.0039682862188056755,0.007299555824018416,-0.3571095886710413,2.6875580276009505,-1.986968092268831,-1.7578246852621309
-0.0055959586381203,0.012367365557503278,-0.003945559001416377,0.007339933155054888,-0.35356114970400104,2.6745674102483314,-2.016679161156697,-1.7397257367988157
-0.005587345819206307,0.012380969363078823,-0.003945304987180148,0.007311978706547049,-0.3570717844472942,2.6707181140708105,-1.9973342651328088,-1.743693783739246
-0.005579854624860796,0.012367088831857588,-0.003922298684302993,0.007324376028788074,-0.35681521033086755,2.653876389718888,-2.007601376652843,-1.729515391285721
-0.0056883134290081185,0.012531671170102522,-0.00421936946219372,0.007186026254389892,-0.3501023886494293,2.8751312924318584,-1.8851311216238817,-1.9068689450577232
-0.0056802539689849016,0.01254550799996648,-0.004217669461261613,0.007157534628280906,-0.3522328518886501,2.869109420019937,-1.865184094676401,-1.9093170290529609
-0.0056962881580212045,0.012545204192439475,-0.004241939581701717,0.007172726237599518,-0.34866694374446655,2.8915622909366907,-1.8733621381271093,-1.9204366826199462
-0.005680381264467138,0.012518113178479767,-0.004196756807860598,0.007199255839461014,-0.3515551699697725,2.8586935762470227,-1.8967708992742311,-1.8932182986881623
-0.005672280955038234,0.01253191184163209,-0.004195191736211121,0.007170826164858617,-0.3526435495856676,2.8528739361158553,-1.8768081268882042,-1.8958258391409324
-0.005672491742345133,0.012504530351169442,-0.004174118014392752,0.007212405479257926,-0.3520475150076677,2.8422736707375935,-1.9082478348462084,-1.8794948253550798
-0.0056643781438063924,0.012518286056676318,-0.004172707982384131,0.00718407733728174,-0.35311563356384484,2.836614585135141,-1.8883382715188464,-1.8822941531471749
-0.005664644940078422,0.012490922821849838,-0.004151453558020927,0.007225474988829178,-0.3517309077554234,2.8258291384871748,-1.919559980739626,-1.8657180177840116
-0.005656524664905835,0.012504643655107596,-0.004150195876618558,0.007197252587886767,-0.35379205334932523,2.820294610856031,-1.8997646174808296,-1.8687125253883006
-0.005656840934593226,0.012477290724274195,-0.0041287515231677304,0.007238471295363857,-0.3514292666431997,2.809303541798494,-1.9307364003193441,-1.851902682942999
-0.005648699262600526,0.012490995003316826,-0.004127633721650711,0.007210319091041423,-0.3545248663831679,2.8038935808559864,-1.9110736832617115,-1.855071174717548
-0.005688289944626207,0.012559069161283652,-0.004240128391845275,0.0071442035478817565,-0.35168143391593354,2.8853188375917855,-1.853460454447388,-1.9227606721684884
-0.005704305373048565,0.012558712111977541,-0.004264458462103375,0.007159360893333567,-0.34764654918135945,2.9079451724971257,-1.8614898633940997,-1.9339294092263668
-0.005696373837022605,0.012572600144716917,-0.004262550354830735,0.007130813223161601,-0.350971822881554,2.901482091220523,-1.8416252442163568,-1.9361451822765836
-0.0057123649951210465,0.012572194795293826,-0.004286927891047277,0.007145929193512095,-0.3468950316599864,2.9242581666397727,-1.849519632491674,-1.947358729811229
0.013559368272261564,0.013835939923633161,0.0057644633198990144,-0.005348654596224891,0.22455100771493194,-2.512615112746445,-0.7518384646158878,3.5697539207752693
0.013543801893735483,0.013864191039904153,0.005781154550514038,-0.005301587176996101,0.22156425720791043,-2.4959094255294167,-0.7814718927983613,3.5444347110683885
0.013401126130170905,0.01399800694102389,0.005966571797386061,-0.005075335570856115,0.2135080447145046,-2.424482517422213,-0.9975770230807949,3.4662793351479437
0.013386933700095418,0.014031055443293633,0.005974101809714061,-0.0050189454865979,0.20975415482305923,-2.400864816334766,-1.0229970510056445,3.4295000008046874
0.013366508520206433,0.014064288164534804,0.0059910764617735306,-0.004961846301719517,0.2065187374598942,-2.3776854250625994,-1.0553327615924957,3.396156318426644
0.013438450901797057,0.013985736383396648,0.005909605009543519,-0.005097665467957827,0.212219423930345,-2.4277209302463993,-0.948382563589675,3.458029881326716
0.0135240095095523,0.013893926131928792,0.0058037922508437645,-0.0052521370259754905,0.21877475208376448,-2.4788316789138523,-0.8160862162195407,3.520060431946433
0.013468480979343464,0.013948854726527281,0.005875467869163821,-0.005160315198793508,0.21536468564692804,-2.450126400449418,-0.9011670224280357,3.4873498296429264
0.01350070072496985,0.013922579663034191,0.005832011470444354,-0.005204401287812777,0.21644128441455437,-2.462917510920391,-0.8539173872212084,3.499221856517005
0.013776030550595444,0.01361917068732201,0.005444576071238498,-0.0056806546921867665,0.23679684061753317,-2.58280031834838,-0.39608452092289514,3.6444692748316894
0.013745928500983662,0.013640865495331,0.005493027998702924,-0.005651605744641095,0.23660920030159913,-2.5822087542864014,-0.44165285544514665,3.6490895511367656
0.013731359621304534,0.013674799188274151,0.005512061672277589,-0.005596943134455677,0.23282679447123517,-2.565450671358121,-0.4768617319953203,3.6211541806330336
0.01367753275031329,0.013703351370786515,0.005598775390250184,-0.005559723561484074,0.23383571385918947,-2.568075905926253,-0.5526077885095148,3.6381559673937223
0.013705108473671993,0.01369262501955209,0.005553595294151202,-0.005572376479738032,0.23259355896249032,-2.5643228557557673,-0.5158261647452324,3.624846178689875
0.013640075425262936,0.013734567431924288,0.005655952914141772,-0.005512769571550794,0.23259113375726836,-2.56023610705206,-0.6116219183880093,3.633266315368051
0.01362283971693641,0.013756492431467366,0.005679862842860461,-0.005477672471614331,0.23072223398586494,-2.550604329477433,-0.6421927946980069,3.6203137548154762
0.013669592367761172,0.01373357577988158,0.00560534766831209,-0.005509228651949274,0.22982064572637365,-2.54970523368622,-0.577030514460186,3.606448743738048
0.01372960429758131,0.01370637388767543,0.005508873652889393,-0.005543430993115073,0.2282557300601702,-2.5444736764438796,-0.4958821220642176,3.5830810809568567
0.013588887092288738,0.01383597157796414,0.00571406915009353,-0.0053458020942990046,0.22188042021357646,-2.503581814307546,-0.7168993176280439,3.544629582372128
0.013619817190347702,0.01378466857379612,0.005677064301464565,-0.005429662760534262,0.22675269077184243,-2.531090281218445,-0.658640403994944,3.5855461436984135
0.013610438852251322,0.013816246421139378,0.0056836659927265165,-0.005376954975879184,0.22279250254521507,-2.511158732755891,-0.6835607100153968,3.552108949611554
0.01407967505480459,0.013232098938559317,0.004917326001472311,-0.0062073917159871,0.26092206306965054,-2.6239638922490225,0.18511784411861765,3.7084677031836826
0.013998569738338346,0.01334895546291442,0.00507058568724035,-0.006054611044084152,0.2533637483903763,-2.620437310169639,0.016112543169177863,3.6956117452075743
0.014016996851952762,0.013331508116999142,0.005037616831432134,-0.006074634518446434,0.2535134747887631,-2.61754405011477,0.0468687680888718,3.6902533206324013
0.014060475676152057,0.013264185048963213,0.004955198413137051,-0.006164543995985075,0.25845229617697957,-2.622121824123106,0.14114564841478186,3.70239583159474
0.014036046818615056,0.013310642179747348,0.005002993302929499,-0.006099728560291933,0.25443361001740167,-2.615571218049108,0.0808862065734955,3.687115595500941
0.014055263655353537,0.013292759493176983,0.00496820859294667,-0.006119258649935626,0.2546474128794942,-2.6114697549881867,0.11262737649486727,3.6800700402885385
0.01384008053076482,0.013514637187050533,0.005344861660987009,-0.005839969611012998,0.24612001058306981,-2.618316483901316,-0.2617136009448217,3.7012564734355804
0.013878382680137703,0.01348174151514926,0.0052802927014656284,-0.005882057819019287,0.24678825478928637,-2.6175229371431024,-0.19963794385993497,3.6954317598191655
0.013855545055175725,0.013494318135487376,0.005319210086777326,-0.005869310078985504,0.24788923955054995,-2.622594556085878,-0.23184106887378114,3.707565463027951
0.013829312527007167,0.01354333255181378,0.005361378241938045,-0.005794283676502501,0.24294339034083248,-2.605723175280715,-0.2920097565562894,3.678835057556295
0.01385746515690894,0.013540984658281097,0.0053132391478778115,-0.005788368358661069,0.2401080174030442,-2.5922176815289237,-0.2612097648620327,3.6496199143924044
0.013818690584896995,0.013567933303253482,0.005377440458363656,-0.005755554983136561,0.24029356373828323,-2.5953926824430984,-0.31904829885529634,3.660899208291942
0.013800565321610692,0.013595538242093955,0.0054055559131664785,-0.0057139309675871336,0.2378035973862784,-2.586541873037841,-0.35546799594410444,3.6471942915811364
0.013995297866769554,0.013371979847437895,0.005077984348084514,-0.006017154456013163,0.2500517498229181,-2.6100538870388847,-0.004961440172026406,3.6749302269423696
0.013922184988226134,0.013443762682545091,0.0052054964278033895,-0.005929013798245056,0.24789031795609895,-2.6147472020500104,-0.1286554836791119,3.6864959225482714
0.013940762105537133,0.013416781334304684,0.005173211560003021,-0.005966896296142927,0.24993676159258496,-2.61925040378174,-0.09061753257137442,3.694181083942844
0.013973433303185645,0.013392248052889346,0.005116433260497339,-0.005993434907954998,0.24972859101576708,-2.6128334389072587,-0.04097928870231993,3.6805848473219513
0.013924200252365154,0.013466063959336416,0.005202095395956863,-0.005890072143214774,0.244299955041367,-2.600350254795201,-0.14280095303210547,3.6585579936131913
0.013908065807154625,0.013489057610755624,0.005229274229886807,-0.005857617542202279,0.24254927763952402,-2.5960316500301897,-0.17493590767600553,3.6515092489678307
0.014165508971123208,0.013073757293790246,0.004734597798388248,-0.0064168139250601886,0.2735048100872332,-2.6275297884068656,0.3989212544978211,3.7358444296527638
0.014163310498882897,0.013101259938828434,0.0047463324775620505,-0.006372372951554585,0.26959859260823027,-2.618345039400749,0.37101599753447495,3.714064492589731
0.014155338247953541,0.013129822554399234,0.004767465176035894,-0.006330235125806902,0.2663104371864773,-2.6128932132673905,0.33819788924907807,3.6994627733214425
0.014137390420661445,0.013161197950026033,0.004805358669887248,-0.006289929799921221,0.26404501223242177,-2.6134103375588986,0.29545993563317285,3.696107628492388
0.014114585976493272,0.013229304750086488,0.004858184563164351,-0.006190728244271954,0.25675340661912666,-2.59994294838959,0.21664063433656958,3.6628631622182453
0.014126658025204608,0.013196848420142395,0.004831412552507754,-0.006237333964638125,0.26006692072386,-2.605796016879824,0.2548905497989687,3.6773869339653937
0.014190905190309765,0.01305818939410735,0.004687392172963523,-0.006424188353320543,0.27211033845566707,-2.613053461935874,0.4327230237792712,3.7114832333352585
0.014219808310276147,0.013046043245032923,0.004635638241549307,-0.006422709708285075,0.2697046347895999,-2.5941037550225636,0.4651049945344647,3.6785714847388014
0.014240154846636757,0.013023480282423948,0.004594565989045639,-0.006444272147421795,0.269969254364597,-2.5854061240071373,0.5010189029569644,3.66690445977598
0.01436005492173909,0.012804960777300294,0.004306850033029107,-0.006695473105490265,0.2833924767576418,-2.5417309211269288,0.7977027321894113,3.641856213142509
0.014354287486248923,0.012827516487919974,0.0043273581064008125,-0.006664917174011172,0.2808636766480385,-2.542218384378717,0.7705679666804118,3.636106453848065
0.014409136518679866,0.012749583454773915,0.00420013791779439,-0.006736239593622647,0.2828111326404949,-2.5072529370800747,0.881499871437427,3.5966201158282582
0.014381426117426613,0.012790612412209829,0.004265623620775192,-0.006698255507616776,0.2817164028448265,-2.525277834255693,0.8239508049623738,3.6163481120603
0.014405796257255393,0.012777087714213538,0.004220274069259545,-0.006696505178196669,0.2795685569094878,-2.5058185131933715,0.8502512004161723,3.5854345996170784
0.014351840821375417,0.012855764098650888,0.0043449533838605,-0.006622206903217755,0.2773510038574362,-2.5381442928809648,0.7394093633852671,3.6207349593944267
0.014335441174649114,0.012883648718044904,0.004384066587765029,-0.006592241855440356,0.2758403914245903,-2.5458546156325608,0.7013187638634174,3.6272307061571394
0.014314948366390015,0.012903907061579192,0.004425959993529895,-0.006577501186522197,0.2762339436676122,-2.55844690708379,0.6686578965598587,3.6448593020252815
0.014314410040571915,0.012932673347159774,0.004439185387092231,-0.006531761157966343,0.2722546016909244,-2.5511931041615505,0.6389300730964137,3.624505316360987
0.014301830925839545,0.012964349184766799,0.004472356703311847,-0.006491296295498806,0.2696167876268592,-2.5528795059036082,0.599483696856324,3.6201060002374703
0.014289645950230086,0.012992265899494364,0.004502807835792939,-0.006456197868204874,0.2673380703531309,-2.5546794425117163,0.5641360052229053,3.6171184467020203
0.014276124547611041,0.01302499760084977,0.004536610483941033,-0.006414034669051352,0.2646703420028896,-2.555453264447913,0.5235135036451352,3.611670554135966
0.014530608364418995,0.012530052178997969,0.0038773178906190762,-0.006944367600721106,0.2912320380333215,-2.4112853465555486,1.171111938184444,3.5042325748792114
0.014496966582397434,0.012559354093118622,0.003947863626271075,-0.00693765814238883,0.2934527627481726,-2.442854047585859,1.1277667279352157,3.5491499772840953
0.014527403968111264,0.01255487451511919,0.0038993017355295006,-0.00691108987494909,0.2885826942243667,-2.4141605215600666,1.1420231486814953,3.4993572127946497
0.01448953606550507,0.012583859498873301,0.0039756096196064865,-0.006908764005636242,0.2915809068885959,-2.4490564016420087,1.0974867090741462,3.5506525865931944
0.01446490330635303,0.01262866144838714,0.004042198388168058,-0.00686685534526833,0.28994878144489494,-2.469641780323528,1.0383075196503422,3.570679699069338
0.01447887769792737,0.012607020457057933,0.00400700444856359,-0.006885079548936611,0.2903253330295575,-2.457943354405255,1.0676814913219201,3.557749075796583
0.014455932004660768,0.012677638319827945,0.004086237962900184,-0.006801175909452326,0.2849162457055527,-2.473629498450571,0.9803243674406211,3.560221424219596
0.014477968835907122,0.012657862141726069,0.004040586997101216,-0.006808847201711231,0.28368862607352024,-2.455165739643665,1.0105712663961788,3.5340703997484098
0.014454742049802119,0.01270957273893933,0.004106957986927991,-0.006753448065276159,0.2808041043174199,-2.471209219631137,0.9448241515999393,3.544931145722114
0.014445860903395273,0.01274226158918218,0.004139210066396406,-0.00671202067188359,0.2779112173577001,-2.475032051519339,0.9057625488208066,3.541069460875359
0.014556437379312386,0.012514869798755377,0.0038285490671528,-0.006937950364662952,0.2885047173770005,-2.386694158497392,1.195212910371206,3.466389105809203
0.014683218960937933,0.012179436061751012,0.0033756399126963336,-0.0072547849158234225,0.3039716813322147,-2.2206074341478694,1.5998969277783577,3.329028202072231
0.01468214164838748,0.012201996533415835,0.0033977413515261256,-0.007225909275538276,0.30167436554989985,-2.2271540589734298,1.5734197207361509,3.3284039320063648
0.014580080094389625,0.012492629404597272,0.0037781762663285008,-0.0069437365805795695,0.28693281191995407,-2.3638504227250685,1.2260231433945632,3.4347849358985987
0.014581847968518736,0.01243989605934487,0.003736444409745059,-0.007017887344498783,0.2931695405201338,-2.3594164781305693,1.2865342670530484,3.4496049907001933
0.014599902283109097,0.012465954134126796,0.00373007457779734,-0.00695957988069064,0.2867035462918632,-2.343946156029144,1.260415115225103,3.41051565680556
0.01459823296137612,0.01241160218910779,0.003691152052030977,-0.007039279641137341,0.2936204909503805,-2.3415765138849625,1.3221324642902637,3.4302999575087783
0.01463815156337039,0.012310821750314713,0.003553184218717955,-0.007133009741551308,0.29791268770488205,-2.290884151540924,1.444159392766309,3.3870490512424154
0.014622826196911276,0.012326609587809238,0.003587815716988153,-0.007129933791804065,0.29918043298341684,-2.308037608299639,1.424167101572303,3.41020296327297
0.014605026839558569,0.01237977338154153,0.0036563588593558826,-0.00707653980846125,0.2961431845175249,-2.331946892384917,1.3599658746288352,3.427663292040191
0.014618881844123044,0.012348925632216309,0.0036117992591688723,-0.0071034065645352055,0.2971451273830943,-2.314936494928757,1.3976606007299355,3.4117024923813886
0.014672045660296474,0.012226119370892517,0.0034331043949562333,-0.007206439782367229,0.3009412143522565,-2.242340838136254,1.5450220669545047,3.3429268719625225
0.0146486322488635,0.01229350825985446,0.003523987345470276,-0.007143947123248972,0.2979592066474972,-2.277954041184423,1.4652189509195956,3.3723741194148036
0.014666804405016894,0.012250555242941242,0.0034618822563028673,-0.007179939979662543,0.29926540967021503,-2.2524883619801206,1.516326153648072,3.3483901157124265
0.014658672314454039,0.01227351959115753,0.003493013418140943,-0.0071588500364179524,0.29824744782987334,-2.264739397669684,1.4891664028033225,3.3586642148449566
0.01490192415248396,0.01139048813987204,0.002221916571317732,-0.007833444341949429,0.32245618327161735,-1.6091585363818617,2.4339368847254863,2.7657889166311187
0.014917202475862411,0.011384501058691945,0.0021996992716403624,-0.007813060054096108,0.3191532727046024,-1.5923231669865603,2.4308290275548625,2.736892975465128
0.014896362375099842,0.01144697502730595,0.0023016318936285793,-0.007788975166029008,0.3204215245207019,-1.656763328043533,2.3775376818301996,2.8050096934053794
0.01490226322993652,0.01140875832574254,0.0022458231662456567,-0.007815642136643824,0.3212867954201015,-1.6230423772312805,2.414527759972028,2.7751216818216515
0.014905194337805237,0.011431869340420245,0.002273409746111538,-0.0077886932654535074,0.31917315528332546,-1.6382618010159415,2.388456387135172,2.7823634266011683
0.01483116031241677,0.011618249059027816,0.00258604402923667,-0.007720893755254838,0.32416178517671623,-1.8310179714438448,2.2226826434171802,2.992591867391676
0.014873372296626185,0.011497677914243358,0.0023899677746948345,-0.00777734018594321,0.32266470956956045,-1.7128173649362346,2.335779588184415,2.868850749778592
0.014874168512192396,0.011519863242907777,0.0024175674695841357,-0.007753649979513201,0.32103136384580017,-1.7278308175474926,2.311225378708858,2.877596098369627
0.01487076661257155,0.01153917271517024,0.0024455385151038434,-0.00773957824677362,0.32050868833511936,-1.7441030839434053,2.291881018312272,2.8919325303581505
0.014865053817651942,0.01155353660372107,0.0024695310440125138,-0.007734163218583248,0.3208602790709848,-1.758793108809288,2.2789764942844437,2.907918337644464
0.014847578374150378,0.011612099574793925,0.002560838373778186,-0.007701026269285656,0.3207422724024189,-1.8126278331663805,2.2222023590669417,2.961499804211543
0.014855927977746486,0.011596378439823522,0.002532554384627454,-0.007704246359796381,0.31989576627170774,-1.7951829467197629,2.2359044515755944,2.9409937034207982
0.014866894101965206,0.011573750727953233,0.002492947715579327,-0.007710206870830821,0.3189742323348032,-1.7708182746324683,2.2557917250184523,2.913081139871295
0.014897012665014182,0.011463033848933383,0.0023218617723502386,-0.007772281032631028,0.31924539924008016,-1.668101998991897,2.3600721093842236,2.811924831817564
0.0148917402921449,0.011484595990237427,0.0023548530218926527,-0.0077598810853327016,0.31916028806431246,-1.6881131907383102,2.339971246406052,2.831305651811989
0.014830603988506125,0.011637423375027534,0.0026102338684578334,-0.007701027544975381,0.3228035862118797,-1.8436583718206843,2.2012167556286273,3.0004329114528123
0.014829762622673553,0.011657280108002864,0.0026353572312386576,-0.0076807040766107846,0.32145789363305277,-1.8567084586369564,2.179081740875551,3.008717256700479
0.014804699612029522,0.011695450243089177,0.002709233973301039,-0.007678093556730387,0.32427431699265713,-1.9022473749212725,2.1454859763667034,3.0653432554195614
0.014825740740325609,0.01167571552198239,0.0026620614907989226,-0.007666805611056393,0.3209141145722935,-1.871477227634837,2.1598036259424878,3.0218271247250894
0.014819923662862455,0.011689982106271448,0.0026856399142285783,-0.0076601732472434915,0.32115608950343916,-1.8852066200790696,2.1458504213386775,3.0365747073610208
0.01480465600864953,0.01171473748694352,0.0027323138270354233,-0.007656401098954754,0.32265293770417197,-1.913516797431436,2.123239363650702,3.0710405862794663
0.014804192155035006,0.01173637992911624,0.0027584172942729354,-0.007632534387603677,0.3209402475988856,-1.9262256304525323,2.0984421156386417,3.0778410746199962
0.014694327541716302,0.012084078206506378,0.0032699740508411045,-0.007366337250138346,0.3120179129135667,-2.182916233800501,1.7122614012591701,3.315829999761257
0.014696195646105158,0.012162020939467041,0.0033421858934358714,-0.007260851392405465,0.30309535806170745,-2.203660203259284,1.6200971022153239,3.3078806109673864
0.014705330922354745,0.012134532752499183,0.0033042545196478395,-0.007285023934108527,0.30429948843908733,-2.1873860756719803,1.6519643003473952,3.2938573408643044
0.01471400296849367,0.012107389598807567,0.0032669254470406484,-0.0073089053517993085,0.3054307277328033,-2.1711268599916065,1.6833043131485999,3.2799791870595776
0.014715393095281687,0.012010933120723329,0.003169054474607126,-0.007431772919741669,0.31514136469134874,-2.1375742586249804,1.7971789306604047,3.2781335475256976
0.014713933008235272,0.012035632903495857,0.0031961227478073295,-0.007402093497100008,0.31287825249487383,-2.147837160517916,1.7679766997307598,3.2812185040335926
0.014707423825396193,0.0120594119394496,0.003228435557182575,-0.0073804234061784985,0.3117414920662816,-2.16225430227399,1.7404116247498909,3.2928893987586716
0.01478274709339294,0.011794612405227448,0.002850844868680846,-0.007598247700626742,0.3208914803475503,-1.9774428183798272,2.0379584630784353,3.130229336367549
0.014791792536889524,0.011779950603233166,0.002823417007143434,-0.00760151237645464,0.3200541315621353,-1.9613506459804915,2.0521820650486764,3.110745690867494
0.014801020867591917,0.011758856606247434,0.0027883250104087883,-0.007611702853421648,0.3197457980246241,-1.9415361995761355,2.0735812798369864,3.0892764325264195
0.01478374852477913,0.011811479506324316,0.0028689179963906357,-0.007576875886415168,0.31913872813518257,-1.9851977757304373,2.017964249494824,3.1319893144558635
0.014736574700755262,0.011992713657829753,0.003123324280197575,-0.00742484280790396,0.3123557015684069,-2.1103787770258084,1.8157600040219768,3.2393633712989462
0.014755326687687953,0.01192190320336324,0.003025259242089019,-0.007486119871490343,0.31529059566841605,-2.0637521448479013,1.8957679267397363,3.2001428202282867
0.014753621622046813,0.011941126537127348,0.003047913472954,-0.007464865051579028,0.3137642080998684,-2.0735435977344405,1.8734962093785412,3.205174288857656
0.014747206183668414,0.011965593160258211,0.003081723261473396,-0.007443701775244656,0.312789300861069,-2.0896367083343494,1.8459363243996239,3.21869129706494
0.014785318678659917,0.011831238808506991,0.0028893783163518524,-0.00755114324066167,0.31701875027953946,-1.9936378205728735,1.9945021371884761,3.1330725068840866
0.014784174883892205,0.011851664435143001,0.0029135483423155576,-0.007528582525712119,0.31541449497333973,-2.004645678032748,1.9710631223699686,3.138800919084072
0.014780085782061178,0.011871532758889657,0.002940393687573052,-0.007510899559560205,0.3145043318493789,-2.017854029727346,1.9490092986132213,3.1493268510796724
0.014765229024932498,0.011907428856545681,0.0029975182946527013,-0.007489359725129694,0.31440512881881727,-2.048087408773053,1.9106192447305832,3.1807882879294236
0.014773425768069458,0.011890189635024723,0.0029688414349308963,-0.007498259231596188,0.31427818789261575,-2.0326681242586253,1.9288895017241632,3.1639215316024765
0.0149900995220092,0.010838830112835323,0.0013614588228209339,-0.008099276939995665,0.32103051266644994,-1.0332066230825372,2.8798531574804653,2.212310150134792
0.015019721141395105,0.010754045244157044,0.0012153365017671947,-0.008090713515706296,0.3150662850941797,-0.9259810413372435,2.9160738692881574,2.089073139567226
0.01501812316509521,0.010770183343672406,0.0012408866098754816,-0.008085142728255236,0.31527505835772246,-0.944406287196105,2.9056779930893053,2.106956924838792
0.015007995013685396,0.010833642358298652,0.0013431015583298728,-0.008068695743652538,0.3168334750185919,-1.0180083449254427,2.8669146475482434,2.181486645830173
0.015010788982942993,0.010817877313346469,0.0013175950256845185,-0.008072528961576687,0.3164041192417714,-0.9996903632781845,2.876527786950423,2.162750298588522
0.015013461534899568,0.010802082862749557,0.001292086550460345,-0.008076427683254927,0.3159921933925797,-0.9813329806203833,2.8861123201529417,2.1440462347080733
0.015015952345033702,0.010786195344610032,0.0012665101021002358,-0.008080540196419789,0.3156045546244796,-0.9628950776110293,2.8957755843581308,2.1253957096414737
0.015037006340986403,0.010748004715093802,0.0011970771512392197,-0.008061249212224954,0.31115771002914255,-0.9109217888449351,2.9034525212256415,2.0592184745442492
0.015016143793423023,0.010665620671384927,0.0010803497675754197,-0.008141626030507299,0.31652061082197497,-0.8288725713405477,2.9828794692985325,2.005418605184289
0.015009608932592762,0.010577207757546045,9.440302357819253E-4,-0.008193290028555825,0.3181579459695683,-0.7293176999717564,3.048857976312686,1.920925399349638
0.015011586257452079,0.0105619149239318,9.189224594004592E-4,-0.00819566794446465,0.31765027470149115,-0.7105130948321036,3.056473066391064,1.9017069481894737
0.015013659122022375,0.010546347750318465,8.9332811681188E-4,-0.00819779570161666,0.31711461693669823,-0.6912980004514878,3.0639827319837765,1.8819724414703642
0.015018324527493345,0.010649369006827935,0.0010539523562282211,-0.008144989549264459,0.3160684060714208,-0.8093920249875423,2.9917545233092304,1.9856734698398972
0.015020184319118482,0.010633241413031973,0.0010278693009355756,-0.008148724873495564,0.3156769621692399,-0.7901243078759146,3.0007027045213657,1.966378934679313
0.015021571625518315,0.010617247156882307,0.0010021729635367115,-0.0081531266394611,0.3153763801695307,-0.7711365069108527,3.009888816478012,1.947742129923027
0.015022395874024624,0.010601573542822228,9.7718410510103E-4,-0.008158297891494715,0.3151890146756724,-0.7526699972331344,3.0193004168219866,1.930071024614388
0.015023056147561742,0.010586533939152279,9.53218134844877E-4,-0.008163351253835662,0.3150226548869581,-0.7349181285854424,3.0283286375159126,1.913164619490507
0.015029041373180974,0.010694374719195168,0.0011188185540586782,-0.008103239559860602,0.31333065770298113,-0.8555064810095622,2.949627780279479,2.01712510366213
0.015035567675387327,0.010713791752566468,0.00114550068284757,-0.008081319027042773,0.3117636434043329,-0.8740610923672342,2.929390554755928,2.0276319712692374
0.015037181810388335,0.010731156805835603,0.0011712819995106508,-0.008069554051407387,0.3112392228609084,-0.8924207091759994,2.915416152015983,2.042543239331551
0.015031712073606242,0.010675962518859113,0.001089077564109634,-0.008106978031461494,0.31282405693166687,-0.8336687805494877,2.9596822234850433,1.9948953707690784
0.015033009593031508,0.010507892793440278,8.249167975165082E-4,-0.00817455070270953,0.3124382641608931,-0.6386408683987418,3.065983933471411,1.814691389504216
0.015029703111134827,0.010540743342755184,8.78223282178473E-4,-0.008168762729503077,0.31335476768902204,-0.6786838271467478,3.049859659798706,1.8549872801497427
0.015032416353932284,0.010524576897341369,8.515981521940212E-4,-0.008169598055692019,0.3126497685305345,-0.6586253311567677,3.0566945148084126,1.833829577298878
0.015043311227334976,0.01041309013239458,6.704665535359769E-4,-0.008185404936526393,0.3093044348307124,-0.5214568615716871,3.107426792582427,1.6950622310247183
0.015038583861550155,0.010445454121325609,7.236128183353347E-4,-0.008184793570534017,0.31068459232934686,-0.5620138300524932,3.0953686111366707,1.7377265855130528
0.015041807231576396,0.010429533014043707,6.971918196486147E-4,-0.008183434342301213,0.30979708225413827,-0.5418144399909481,3.1003794954822688,1.7156888297181305
0.015034738491225365,0.01047707834985371,7.753035571699648E-4,-0.008181949165046526,0.3118350063650784,-0.6012685952191262,3.081969458621057,1.778174665259612
0.01503693867428719,0.010461724139116073,7.501006003669076E-4,-0.00818277130895925,0.3111895402744574,-0.5821398977593963,3.0881899978983305,1.758184526343175
0.015047912895707607,0.0105004650458606,8.078480955186934E-4,-0.008148261369274613,0.3089671169256509,-0.6247201128618558,3.053884541599874,1.787746166731566
0.015046368685352446,0.010486800431488712,7.867778983772963E-4,-0.008156003913178575,0.3092464659729942,-0.6090525535644566,3.0634556970093816,1.7745585248035212
0.014928071452371934,0.01129864175544538,0.0020743191938064572,-0.007872057750430135,0.32108883583652315,-1.5146389668544529,2.511692084056661,2.668558522979563
0.014932298020726473,0.011282976473323792,0.002049198762410127,-0.00787842860402538,0.3208430205649948,-1.498330991521146,2.5245822057246117,2.6518379383140878
0.01493618106937524,0.011266987658092765,0.0020238850719250215,-0.007885497323852323,0.32067891982974533,-1.4819008493502663,2.537878457488144,2.635321708795422
0.014940107572906237,0.011250709066588586,0.0019980811410745206,-0.007892553336433196,0.3205013949015066,-1.4650738686704197,2.551281322734894,2.6183820296174747
0.014944242860670651,0.011234159553786795,0.001971673287214006,-0.007899280961194825,0.3202516725181063,-1.4477428361747868,2.564641361594164,2.6007587291167034
0.014947930972369029,0.011217262838863241,0.0019451019982919054,-0.007906886308022122,0.32011907937670164,-1.4303209928282217,2.5784931731526366,2.5834628510922113
0.014950202393207232,0.011200158675966907,0.0019193369668483657,-0.007916962577831367,0.32030083185650543,-1.413609109916001,2.5934198083458475,2.5681251865427277
0.014950771899128844,0.011183324391711165,0.0018952352539133455,-0.007929648878481415,0.32085441083097854,-1.3982011713882534,2.6092227190112247,2.555510645501816
0.014923653253601912,0.011372012140344086,0.0021771531532409345,-0.007813633012301065,0.31830063794342944,-1.5774563100124608,2.4397503988588185,2.7192098938391958
0.014928723629166446,0.011356791041430715,0.002152235643705826,-0.007818912326632009,0.31794223630054835,-1.561472748762929,2.4521716359918315,2.7021896565255266
0.014933319980908716,0.011341618234081793,0.002127781264922328,-0.007824779536313033,0.31764338402346454,-1.5457777052673618,2.4647068021411713,2.685813442625708
0.014938439566348292,0.011326546850919562,0.0021029612564949715,-0.007829489058219334,0.31720152948683883,-1.529676552367313,2.4766532090286186,2.668516393615043
0.014943520440795104,0.01131140859754295,0.002078059872309757,-0.007834151419109368,0.31678526644442767,-1.5134673815544752,2.488532471266609,2.651117456910901
0.01495527483413802,0.011026298110975627,0.0016654487523186275,-0.008041435409672802,0.32525438810647794,-1.2471688736989208,2.7519538716670415,2.429190519396419
0.01494695857015416,0.01105840856446539,0.0017186957932502423,-0.008033276759410617,0.3262794149769143,-1.2840728863609205,2.7297167873776114,2.4681154077070526
0.014951831945704633,0.011042660112500583,0.001692014295860609,-0.008035919599789445,0.3255772180992815,-1.2654964391785455,2.740047051219402,2.4478422723141295
0.014978844060838397,0.010989401798826787,0.0015945021875279602,-0.00802405199214465,0.32058627931182665,-1.1956227843925273,2.7644291825969636,2.3623144458172494
0.014976237884831059,0.011005422882330031,0.001619895394932449,-0.008017749002098675,0.3207760123546671,-1.2131636637539598,2.752651347015562,2.379585691646209
0.014973239231816543,0.011021399637600321,0.0016454498111324802,-0.008012015316167234,0.32104388563829617,-1.2308110532792085,2.741089147590353,2.397281170257665
0.014957692552934842,0.011070236849955404,0.0017280062226201526,-0.008004949065362466,0.32331222923927033,-1.288397836003236,2.7099878123547145,2.460522090256537
0.014963632627735491,0.011122701491610652,0.0017991195586107552,-0.007954562992789271,0.320087698466954,-1.3339143324051792,2.6567627425305513,2.4912143311311605
0.014957564519278294,0.011086552954429124,0.0017517701386006847,-0.007992994446243155,0.32276123208373336,-1.3040866003048264,2.6950909316610003,2.4734038995797047
0.014963759307856716,0.01110572863340193,0.0017747241896056162,-0.007967318323004248,0.3206800906016752,-1.3180108179148868,2.672428902866717,2.478307257958615
0.014964043965895853,0.011140158134193522,0.001823658733629559,-0.007940307525498623,0.31938934664637614,-1.3497461359462501,2.6401084896374356,2.50343793722423
0.01496607094583166,0.011157923252512865,0.0018472156619004523,-0.007922774037561628,0.3182203158507591,-1.3645358411414845,2.6218407378200386,2.513091665354613
0.014967527634327342,0.01117520109878497,0.0018703669667978326,-0.007906495809136682,0.317187899429406,-1.3790764092477181,2.604422036550169,2.5230865488611034
0.014991207203951393,0.01092979248674915,0.0014978759087646372,-0.008040971782034285,0.3190580582777916,-1.1278879497553527,2.8044712497939135,2.292761771768603
0.014981770754700552,0.010869794315850667,0.0014135592302656366,-0.008096323679392834,0.3225135846503273,-1.0708042109836502,2.8627643910093123,2.2531890534810226
0.01498678057862285,0.010854802436145788,0.001387745149410399,-0.00809600753838323,0.3215417012206944,-1.0520873055623108,2.870209113986014,2.2320068626799308
0.01499284899976785,0.010911671079592901,0.0014697655560687304,-0.008049531091901539,0.3190553270395448,-1.108301337400686,2.8180835544419724,2.2744162626658646
0.014992753359798668,0.010894850604835655,0.0014446096686250038,-0.008060293897730518,0.31940331395150556,-1.0909225127627609,2.832043717549118,2.2596096035088884
0.014992685899315822,0.010880912577960521,0.0014236764376242268,-0.00806905825619349,0.31968492235597024,-1.076404209695697,2.843504481810387,2.2471837240095884
0.014996533032764433,0.010984220885757224,0.0015748246681105734,-0.007995165411591383,0.31657085815268443,-1.1795202836222412,2.7536327179620357,2.3311671621277985
0.014998575173905834,0.010966955797416899,0.0015480889487163895,-0.008003017272063371,0.3165006930280439,-1.1610845349821632,2.7665973987120833,2.3136298560185082
0.014997190113006034,0.010949461457681792,0.0015231875192928072,-0.008017123224601167,0.31725702802304223,-1.1443293774463072,2.782629884751936,2.3008333099825684
0.015026508879561631,0.00985824789219542,-2.332681409757682E-4,-0.00827232967547757,0.3004416508802393,0.1871828627223269,3.316298018286312,1.0141668452572892
0.015026091400063675,0.009842418231450751,-2.5931151101382796E-4,-0.008271432805393636,0.3000699134133125,0.20812746011498665,3.3189507807596033,0.9932257735934501
0.015025586546023545,0.009826608256356882,-2.853277111594691E-4,-0.00827053011060473,0.2996938757458741,0.22906664752616787,3.321523139831062,0.9723326221438483
0.015025015224100892,0.009810817376586487,-3.1131428437523905E-4,-0.008269581658025391,0.29928904242461535,0.2500032068428109,3.3239957458973746,0.9514637607853603
0.015024391723020157,0.009795046381777167,-3.3726939828139534E-4,-0.00826855857420719,0.2988936757636525,0.27093055952856965,3.3263439479686245,0.9306137497078623
0.01502371443342468,0.009779276324965223,-3.6322289803865935E-4,-0.008267462922899161,0.29848470134795896,0.291877030871597,3.3285789309377165,0.9097541913714945
0.015022989119567481,0.00976350747297236,-3.891747526770755E-4,-0.008266281933129395,0.2980943980687862,0.3128385626977179,3.330686576974252,0.8888850899358091
0.015022223556552717,0.009747739531574737,-4.1512238946045914E-4,-0.008265001193613215,0.29769298291714114,0.333818265705369,3.3326636269469367,0.8679952418670958
0.015021407582671197,0.009731963446955094,-4.410839411318123E-4,-0.008263637896005703,0.29732113834001667,0.35482392571922355,3.3345169135376467,0.8470870520042674
0.015020538174452676,0.009716185412475148,-4.670484077481106E-4,-0.008262200178347811,0.2969407066448124,0.375852140423734,3.336256765079353,0.8261658930222554
0.015042965224799712,0.010008043590303274,1.317783869208659E-5,-0.008246791848040962,0.30119453482045694,-0.010043720250995715,3.2660167580875163,1.197574164509734
0.0150604275908381,0.010406210913181746,6.545559314511646E-4,-0.008153980978012511,0.3053899346301287,-0.5082682452483579,3.091535667094679,1.666720593130038
0.015061500948182774,0.010390095974557373,6.286443758448677E-4,-0.008156396014063002,0.30497371323478806,-0.4885242328914375,3.098545007791362,1.6470196246767974
0.015062189396150824,0.0103738536897665,6.026126732520161E-4,-0.008159412149930517,0.304628069264391,-0.4686751063031353,3.105879177582483,1.6275277845770895
0.015053789595981188,0.010253821708297703,4.119857736646203E-4,-0.008202477573849896,0.30463846978812453,-0.32265627301220484,3.1705398991435136,1.495115741368614
0.015050917953701495,0.010287390170021322,4.6668259192948763E-4,-0.00820169764927988,0.3058476263748319,-0.3650523960297141,3.1595231722844166,1.5387009667876166
0.01505300718738412,0.010270840553380995,4.395867488147964E-4,-0.008200855438456863,0.305097286933473,-0.3440381678965145,3.164257313041272,1.516506895518378
0.015046721811002202,0.01031825058044262,5.173224691026149E-4,-0.008203331414112662,0.3072823773156486,-0.40426786845182505,3.150502293464833,1.5802872031977253
0.015048954440042521,0.0103031758815293,4.925385952163475E-4,-0.008202260277276016,0.3065323011448831,-0.38509486352785677,3.1547825696135807,1.5598104993704087
0.015062034108652192,0.010357487046870598,5.76569013252808E-4,-0.008163922104163548,0.3044544672912885,-0.4488245889116947,3.114067370537273,1.6087625994535315
0.015060522542973107,0.010341536202434215,5.514715570132424E-4,-0.008170800809512041,0.3045608313046533,-0.42973135702393767,3.1234569869147326,1.5919186882931264
0.015058616763894358,0.010327705826066801,5.297909249780898E-4,-0.008177794278877312,0.3048022346078077,-0.41322972033853944,3.132171184624573,1.5778815804159434
0.015042405193911852,0.010055654127465967,9.104143282465098E-5,-0.008246860698625786,0.3026379335538229,-0.0717499735663387,3.2541279967065617,1.2595785351311017
0.01504295700193827,0.010039860469118159,6.520214250370924E-5,-0.008246288057082373,0.3020733815325219,-0.051293626560640425,3.257789986022073,1.2387173887715877
0.015043222675821678,0.010023939114420727,3.916616301555539E-5,-0.008246109301420045,0.3015742122730553,-0.03066441495946518,3.2616648819199257,1.2179157081192276
0.015056659525000135,0.010063881830225687,1.0385333415813412E-4,-0.008218128733799025,0.29981730929336803,-0.08154065519628194,3.2338855765030345,1.2561216646941267
0.015056852177190681,0.010079359013220263,1.2898452168317144E-4,-0.008216972003119348,0.3001582347673875,-0.10135794299248281,3.229155532340894,1.2755889809644303
0.015056333640088184,0.010094940761974524,1.5432051417459797E-4,-0.008217049273119023,0.30064926141886544,-0.12132924092727972,3.2251032188792945,1.2958223099339323
0.015054143034537526,0.010237258009257637,3.851799882891135E-4,-0.008204663470946968,0.3042536123240438,-0.3018714148747295,3.176946603581666,1.4746505714268645
0.015056247402139305,0.01011042443368542,1.79464883743785E-4,-0.008216102094021965,0.3010602340601623,-0.1411184422577646,3.220371254673243,1.3154427102837458
0.015056867439471733,0.01012613420536172,2.0490400311011826E-4,-0.008213562167447723,0.301306598254639,-0.16107793688014838,3.2145270938856876,1.3345425930120962
0.015056915098458629,0.010142213598511387,2.3097161868584838E-4,-0.008211944623877322,0.30166280341983925,-0.1815131111359657,3.209094469128818,1.3545961961497202
0.015053927350188798,0.010221194998528799,3.592525317860057E-4,-0.008207700804256576,0.3039989557223297,-0.2817564641435189,3.1836518990499,1.4553169116981992
0.015053312997190269,0.010205551442816372,3.340324830981537E-4,-0.008211282781987949,0.3038089007986597,-0.26216446231448703,3.190506292342573,1.436817811415611
0.015053749727877222,0.010190085594435749,3.089241857652089E-4,-0.0082125866827015,0.303375916295712,-0.24256727904508715,3.195856982807859,1.4173023841227181
0.01505527949339617,0.01017441095540665,2.833329149382154E-4,-0.008211580320166346,0.302715248647897,-0.22252808344695518,3.199778816378036,1.3963097215216715
0.015056387710203505,0.010158391581318134,2.5724686999914633E-4,-0.008211271245874922,0.30213383829976864,-0.20209876844199037,3.2041494527358942,1.375284167866335
0.01504134246114306,0.009881976388311823,-1.929983244909605E-4,-0.00824489926529487,0.29783825371830824,0.15444385460369003,3.293427500656111,1.0334397061752894
0.015041380620719696,0.00986618892010746,-2.1877191259272135E-4,-0.008243372037264348,0.2973043055393953,0.1750739280207968,3.2957069369886587,1.0124425577343699
0.015040712559784104,0.009913252279228492,-1.4193199354626296E-4,-0.008248506831727518,0.2989788295707232,0.11359601356019185,3.2890699356012223,1.0754168674902933
0.015041414551589432,0.009898000498397326,-1.6681580835219872E-4,-0.00824604684498341,0.2983449429847899,0.13347531285050304,3.2907777864116183,1.054641095867962
0.015057383370306062,0.010000167645871532,3.123678300718152E-7,-0.008218070161169195,0.29798324354128075,3.983230886034236E-4,3.249627315358119,1.1738212267712644
0.015052937595665002,0.009921640587594135,-1.27510341476857E-4,-0.008224616423488146,0.29664667572662884,0.10207166473165138,3.2717989126197304,1.0757235860132746
0.015055931383299288,0.00993560959655668,-1.0463706596743827E-4,-0.008219390105229986,0.296408375824911,0.08383941558478335,3.2653520395053826,1.0913577803194083
0.015056807179493856,0.00995222105381135,-7.760731438652249E-5,-0.00821833595422995,0.2967305142528049,0.06231985801075065,3.2609475380999666,1.1122230673714981
0.015057636136998028,0.009984650421871601,-2.489737690954778E-5,-0.00821746234811542,0.29748619123179904,0.020424082214903355,3.252913406330292,1.1535327534645046
0.01505729167034789,0.009968615431059638,-5.095524663907396E-5,-0.00821785872958661,0.29710238748418644,0.04111148167818058,3.2568936251909473,1.1330951122751982
0.014643078820777488,0.008144785978910383,-0.0030919877782171284,-0.0077383246521456235,0.3306333428476302,2.51651496923185,2.8958249527785367,-1.244408837853616
0.014658922962831234,0.008146898102911427,-0.003068779731188038,-0.007715405711080548,0.32134394663072463,2.4891808190260742,2.8846411862175247,-1.2321725616918533
0.014648884232660607,0.008159381790995322,-0.0030676882419183,-0.007747989677086466,0.33072831011873927,2.4976168392111373,2.906674853376321,-1.2261908566854163
0.014637227572066366,0.008130208448819102,-0.0031162508959778983,-0.007728585613535631,0.33004401102190206,2.5352524186157477,2.8848662717612314,-1.2625944010064132
0.01465306548399877,0.008132309075829028,-0.003092976465791816,-0.007705782683019655,0.322907383779849,2.5079776952755815,2.8737358862249955,-1.2503157849062754
0.014631330544227506,0.008115649345237109,-0.003140510769973436,-0.007718759277993775,0.3310366318004915,2.553952490751768,2.873757071064405,-1.280752583427125
0.01464720725511656,0.008117722007088473,-0.0031171021012202527,-0.007695995226120842,0.3243005137709076,2.526616416523963,2.8626713426681185,-1.2683621304956674
0.014625387795527458,0.008101108812757923,-0.00316475551335983,-0.007708850415043682,0.3329598530104242,2.5726440016041363,2.86250542737463,-1.2988486483341342
0.014641300854101091,0.008103141724217599,-0.003141210240700194,-0.00768612136807104,0.3253263507522441,2.5451779529437695,2.8514840135997495,-1.2863431539893806
0.014664779345544702,0.008161511395548405,-0.0030444928217998,-0.007724891619547945,0.3201191407553168,2.4702518937912354,2.8954007537437096,-1.213924210002306
0.01465464375057933,0.008173995740642209,-0.003043325119574345,-0.007757591381167903,0.32909044532792936,2.4785220667044143,2.91746894063891,-1.2078987940103971
0.014677221759479867,0.008232630029493522,-0.002945552362030271,-0.007795240576929399,0.32299136026415687,2.401842663758994,2.9596865104837673,-1.133794331915681
0.01469308831048185,0.008235104174791764,-0.0029226923071087006,-0.007771924430340241,0.3156404396937354,2.37526184866535,2.9476615416235425,-1.121831091307343
0.014671646377591765,0.008217944972024238,-0.00297000748802864,-0.007785955900331802,0.3227388576740919,2.420979176290436,2.9493628567649246,-1.1524098819234068
0.014687529617265804,0.00822036938383137,-0.0029470796715934653,-0.007762677744066668,0.3168508447858072,2.3943799970656987,2.9374549423984244,-1.140346894368842
0.01466602487878274,0.008203277475351161,-0.002994456403134851,-0.007776585505584142,0.323712112473192,2.44011530385054,2.9388654239795087,-1.1709889494465924
0.014681952131986975,0.008205630132995237,-0.002971427874803308,-0.007753285015858904,0.3180037786049659,2.4133821034564136,2.927101525401953,-1.1587992892271188
0.014670591558362008,0.008176174521374521,-0.0030201431229265403,-0.007734337153175238,0.31934093254357704,2.4512783595584353,2.9060523536288554,-1.1955924871592944
0.014660357317958712,0.008188627683509354,-0.0030189050565707456,-0.007767127028577479,0.3263065450383571,2.4593157742006784,2.9282143432706174,-1.1894978682097594
0.01467631853078411,0.008190888978902763,-0.002995777106192128,-0.007743807371330669,0.3187649545544806,2.4323229177891217,2.916621221635214,-1.1772108601428017
0.014675141383000157,0.00814884005076816,-0.00304579705191694,-0.007692311712227375,0.3211996727593212,2.4674799723474545,2.8683410414786183,-1.2247054146116196
0.014925561228420123,0.009140438143537983,-0.0014325824399543414,-0.008209126692489648,0.29758131579307395,1.1719536583592551,3.353655215461868,0.06595125043062466
0.014940605306926846,0.009145820659976113,-0.0014146963875184904,-0.008182886882591292,0.2892846181268048,1.1506812783168374,3.3368443177430254,0.07299136774943261
0.014922836286880738,0.009124966919156605,-0.0014583493654583529,-0.008204588364524996,0.29661450287010327,1.193150704880498,3.3507546083673176,0.04505416151252598
0.014937891193381375,0.009130330687993073,-0.00144035926174559,-0.00817841847143893,0.2894551621078864,1.171861845400694,3.3340159754730085,0.052182547027323924
0.014920062725815756,0.009109504197630085,-0.0014841127596782909,-0.008199967121108582,0.29614232997631895,1.2143644124132649,3.3477067509763443,0.02413432504463466
0.014935153717807292,0.009114846450604766,-0.0014659961610870734,-0.008173820769730526,0.2896276847037326,1.1929875756309984,3.3310415381936367,0.03140383158345089
0.01491724057216887,0.009094050136367162,-0.0015098805374782773,-0.008195261491003114,0.29662325724545857,1.2356454751545871,3.3445174482363327,0.0032083414523768074
0.014932374206074869,0.00909934968442567,-0.0014916440046034735,-0.008169116523332078,0.28959581098784565,1.2140915745990988,3.32793115259969,0.010629684091301465
0.01492952600181619,0.009083840767199475,-0.0015173195165395401,-0.008164354932409927,0.2894007533342195,1.2352203949642397,3.3247089729959147,-0.010154640513919148
0.01495601890847204,0.009151178556053045,-0.0013969627882612589,-0.008156632599310714,0.28915488080419777,1.1367591652491902,3.317476450994256,0.0736638249611359
0.01494213148726104,0.009073537909204241,-0.0015246942355893872,-0.008133518449458173,0.2891404672798627,1.2418139560650554,3.302143922062019,-0.02967331979826156
0.014939095442732088,0.009057963859059817,-0.0015503819493599745,-0.0081288205891524,0.28922832907836854,1.2629334128095506,3.298827781134889,-0.05034195025523041
0.014920783766136618,0.00896507072030959,-0.001702999325318373,-0.008097418745560374,0.28963951663441456,1.388348168256816,3.2752342052752854,-0.1737179767656208
0.01491739504648379,0.008949510640007713,-0.0017286657401998785,-0.008092136021703313,0.28991676875333017,1.4094253865168727,3.2710348457558793,-0.19429899982329257
0.014932919966244408,0.009027049611043201,-0.0016013793472545931,-0.008119240694622581,0.2892854784122776,1.3048581669831323,3.291863185254478,-0.09135781745209566
0.014929900070790772,0.009011653455356271,-0.0016266869794329178,-0.008114096736730825,0.28926333052455805,1.3256601451855416,3.2880283615137,-0.11181666797821742
0.014926937941612956,0.00899620775659391,-0.0016519882250655268,-0.008108630507907139,0.2892732930245216,1.3464517366148263,3.2838970564083776,-0.13236407654592475
0.01492393903496162,0.008980669902682708,-0.0016774115252063744,-0.008102989263152562,0.28939519531065244,1.3673351794665525,3.279574049722871,-0.15302271944796983
0.014951778766737417,0.009047476461208055,-0.0015575706909364548,-0.00809746249858529,0.28604533721133363,1.2665875494295777,3.2769417528737037,-0.0677126706808686
0.014948551333911694,0.009032061199005504,-0.0015829376193360124,-0.008092986609365279,0.28616187879880034,1.2874301349118713,3.273662910664786,-0.08796510418922592
0.014943272334665861,0.009248961635249483,-0.0012517395916232248,-0.00823864084404089,0.29903254064433576,1.0228380188484494,3.370502233696495,0.2127810519102975
0.014958246308761254,0.009254696930589612,-0.0012343567385008697,-0.008212012790986128,0.2895226254956398,1.0020451081312458,3.3532447181719434,0.21930321812602235
0.014940888434177029,0.009233435272781452,-0.0012775935124727362,-0.008234671204304723,0.29795985289514576,1.044159813317168,3.3684763457330877,0.19179289657714174
0.014955838487218346,0.009239127695646361,-0.0012601662657855664,-0.008208163544438664,0.289630384079906,1.0233437031040131,3.351320525768006,0.19835637039706
0.014938455742167744,0.009217916319918092,-0.0013034413812441548,-0.008230619332575745,0.297237052044272,1.065440034492786,3.366325235481705,0.17079164345647327
0.014953413399007432,0.009223567231942969,-0.0012859443863885522,-0.008204175412396706,0.2897565329345762,1.0445989996985123,3.3492344014572573,0.17743269744917903
0.014935974281465732,0.00920240493186779,-0.0013292869850972848,-0.008226484601693094,0.2968819260118415,1.086725351605658,3.3640386281996286,0.14977843506396296
0.014950958566484452,0.009208009038519633,-0.0013117064745393062,-0.008200067699420941,0.28978103757935797,1.0658188045330872,3.3470000743376658,0.15652829047846664
0.014948460503834507,0.009192448495891578,-0.0013374665789540297,-0.008195862142765332,0.2897235290612325,1.08702359355409,3.344632629773247,0.13563123002429808
0.014973666764345151,0.009260454615614883,-0.0012170517392076756,-0.008185240631170399,0.289728616198531,0.9888207117212374,3.3335042255899636,0.2192460552068992
0.01497846491710996,0.009291877635627055,-0.0011652310487837885,-0.008192364460600315,0.28975878577693076,0.9462410186565952,3.336732580655712,0.26103447646344097
0.014976156228352603,0.00927613575293114,-0.0011911528325781603,-0.008188701949318408,0.28976710815890905,0.9675381391455238,3.335082339329841,0.24006762778588012
0.014986538196295767,0.009354238604146782,-0.0010628110599144758,-0.008207178774906716,0.29061071609032263,0.8621168972719842,3.342841849650737,0.3444506779086484
0.014984476460297673,0.009338768321289175,-0.0010882895439665657,-0.008203885776294108,0.2902867530105952,0.8830321721175934,3.3416896914470935,0.3238204864717778
0.014982506329900799,0.009323237747838302,-0.001113792899755479,-0.008200207391467292,0.2900012720086586,0.9039797530012194,3.3402080656728015,0.30303083758385035
0.0149805460572877,0.009307602407251475,-0.001139426496319011,-0.008196280303754787,0.28982023500358883,0.9250392377900026,3.3384959822924585,0.2820723865992733
0.015004546345318807,0.009375469864346836,-0.0010209481255265022,-0.00818157536906638,0.2873576576945532,0.826257060399043,3.323648338185676,0.3654626691387027
0.015002036954291172,0.009360025674065353,-0.00104645259996967,-0.008179447291092795,0.2873013786719775,0.8471945077678348,3.32337434184095,0.3452919649406496
0.014958740345432856,0.009166755778941845,-0.0013712822501476942,-0.008160853866715202,0.2891527990376148,1.1156395216388966,3.3200589137803083,0.0943782471166693
0.014961341896304497,0.009182397642281874,-0.001345545425890774,-0.008165164421941382,0.28915194103421754,1.094475496372829,3.3226361918526304,0.1152150198758966
0.014973162020172494,0.009482641786463353,-8.622687333491624E-4,-0.008288458739707991,0.30203121229519464,0.7020709370516401,3.386442931495873,0.5293843363396483
0.014987870750010174,0.009488978664806679,-8.463335172036391E-4,-0.00826112563014101,0.2926961360752185,0.6833230979297898,3.367960675476688,0.5343150597735687
0.014974762596007742,0.009498265893762124,-8.362191328936128E-4,-0.008291127257550036,0.30152022228814535,0.6807630654708415,3.386431539701332,0.5504493030954909
0.014986206061587586,0.00947333506222458,-8.722597218961664E-4,-0.008258491681335864,0.2926124698816773,0.7046704305216492,3.367849741909009,0.5132460286716726
0.0149806737880534,0.00956080913374961,-7.320430268764692E-4,-0.008300974012360204,0.3049311404305305,0.5953356435703311,3.3853465458657745,0.6350222435130388
0.014995424390333295,0.009567545043845821,-7.161811883182987E-4,-0.008273216449809058,0.29370288301864717,0.5767570544125812,3.3666349194532548,0.6398118420853619
0.014979269682969048,0.009545166597241007,-7.580769168042898E-4,-0.008298637176747812,0.3030165262833169,0.6167525083418856,3.3857996366176324,0.6139280836374534
0.0149939388101382,0.009551836112524968,-7.422293055293869E-4,-0.008271108834170043,0.2935038285931126,0.59809355279483,3.3672597617399673,0.6187420975751877
0.014977816440745884,0.00952952844693864,-7.840979140637626E-4,-0.00829621893143854,0.30087318461230445,0.6380541901416408,3.386125546033243,0.5927904533419563
0.014992460587964822,0.009536145612159222,-7.68232909468326E-4,-0.00826881520775207,0.2937374865420866,0.6193911749014869,3.3676901988178742,0.5976819661450757
0.014976314074054054,0.00951389482992714,-8.101457066889412E-4,-0.008293715608206331,0.30028192709584606,0.6593803871034118,3.3863275030778763,0.5716056644429782
0.014990989298689006,0.00952043481846037,-7.942472834013844E-4,-0.008266322806467151,0.29375169394423434,0.6406590758985963,3.367913208093242,0.5765939604313411
0.014989474735315781,0.009504697103325726,-8.20298137002669E-4,-0.00826372465372384,0.2932935389774669,0.6619602678625788,3.3679806417630362,0.5554562133645912
0.015019617168981191,0.009700412804183739,-4.930051025804661E-4,-0.00826068451839567,0.29658226760968803,0.3968882849531967,3.3378733987230587,0.8052461371914476
0.01501864519134455,0.009684646362117052,-5.1895135009648E-4,-0.008259091249561241,0.29621649160871505,0.4179352516934082,3.3393728351985312,0.7843234037488419
0.01501762111215592,0.009668894416570793,-5.4487552520748E-4,-0.008257423507438745,0.29587835578272337,0.43897780735282227,3.340749379841904,0.7634154131261005
0.01501654324899738,0.009653165544472252,-5.707630748797453E-4,-0.00825568849141698,0.29552549483007967,0.46001049890271756,3.3420132086538454,0.7425289624790011
0.015015414521400247,0.009637464411294165,-5.96607286874206E-4,-0.008253880931765685,0.29517913435839876,0.48102492143974374,3.3431538340233975,0.7216719469913548
0.0150142686718572,0.009621791921282504,-6.223952421597962E-4,-0.008251935706804723,0.2948011516340628,0.502019856869473,3.3441339598103386,0.7008135441776916
0.015013172764479927,0.009606114271328629,-6.481619199621278E-4,-0.008249709723650274,0.2944515398424686,0.5230132130240196,3.3448570619789177,0.6798727987439709
0.015012066100601518,0.009590309871085362,-6.741177127959386E-4,-0.008247289066842954,0.2941959610614613,0.5441708895797079,3.345401956186864,0.6587291038895976
0.015010687728127331,0.009574414982812125,-7.00285949325292E-4,-0.008245198147466312,0.29406745335061885,0.5654913821937727,3.346114213209948,0.6376242436963997
0.014999493087851187,0.009464020289605841,-8.821573769175155E-4,-0.008228779634797387,0.2919498024356338,0.7140260045460644,3.3479260629374132,0.49092563152406976
0.015007071345325543,0.009391320218152746,-9.94788143702943E-4,-0.008183673197108778,0.2874374929386925,0.8047928261125795,3.3238102387365074,0.3861470547904309
0.015010452082502285,0.009423980829635574,-9.416206797338099E-4,-0.00819099780561889,0.2879999862144555,0.7613431536479799,3.326001922966629,0.4295727567742759
0.015009375868062209,0.009407716470441894,-9.67850715906589E-4,-0.008186252545474294,0.2875845080638626,0.7827268927544092,3.3241944248911195,0.4076537496484441
0.015013047541799848,0.009454864552983548,-8.914803285165223E-4,-0.008198403471775138,0.2886213724265119,0.7204070743570442,3.32813343786939,0.4708967273681956
0.01501169975313109,0.009439536456469666,-9.164065969821024E-4,-0.008194932040661894,0.2883429143276244,0.7407460572484473,3.327246776033428,0.4504405223886913
0.014725576418223316,0.008281989777704968,-0.002826940950903047,-0.0077759037786970355,0.3120962110797474,2.296850990538102,2.9609820049326507,-1.0592389130222524
0.014720208786842236,0.008267188524597763,-0.002851239598740477,-0.0077669153149086565,0.3129310280480197,2.315936827746439,2.951176287865014,-1.0777849343535664
0.014714840821686925,0.008252337857722067,-0.002875531735456695,-0.0077576955940291325,0.3138668694531419,2.334960644055038,2.941126689206293,-1.0963308212204732
0.014709323902712691,0.008237515566689878,-0.002899906170673792,-0.007748580853139447,0.3148742241850957,2.3540397806521365,2.9310882217216387,-1.1148315802212536
0.014742035919636777,0.008284445233529785,-0.002804294888251161,-0.00775163543148128,0.3086196123033124,2.273756290662673,2.9454257109663664,-1.0511163461866981
0.014747686149106666,0.008299082008364147,-0.002779931080154561,-0.007759656020038432,0.3076722893742494,2.2545050189616878,2.9544104661625243,-1.0327770115282242
0.01475320482844727,0.008313861763340223,-0.0027554954443532176,-0.00776788979498325,0.30677133639684784,2.235212561930332,2.963503831376276,-1.014274652831025
0.01480607742772777,0.008521571906139554,-0.00243267644190398,-0.007908261642084876,0.3001291006330393,1.982830568461926,3.1009224809203455,-0.7543220489078145
0.014801373103866797,0.008506575298311525,-0.002457415485741883,-0.007900715876369977,0.30067475885307315,2.002742865930611,3.0932016154679705,-0.773639587665235
0.014777606531854908,0.008431017693318162,-0.0025812667609343113,-0.007860162876063332,0.3040118461099275,2.10196235350409,3.051455387368382,-0.8704578462530822
0.014796729141573825,0.00849156920928357,-0.002482048320108853,-0.00789288019867053,0.3012129152538669,2.0225311066062317,3.0852019590726236,-0.7929345857743898
0.014792092497680072,0.00847649236088413,-0.002506707541056433,-0.00788478240489397,0.30181921971611186,2.042302247736806,3.0769360091069236,-0.8122804031509531
0.01478738709213222,0.008461337972350885,-0.0025314811710015796,-0.007876544956436358,0.30250001379700237,2.0621391750079385,3.068488986741983,-0.8316920250847396
0.014782555009986433,0.008446158647051298,-0.0025563644853237705,-0.007868321881402997,0.3032377477453169,2.0820499310679517,3.0599799690165175,-0.8511105466288401
0.014827443974874765,0.008540016714149655,-0.002386112688455379,-0.007889912218673953,0.29602397523016943,1.9411740739760617,3.0913502957381094,-0.7283146540084379
0.01482260802870812,0.008524812855532754,-0.0024111696903899443,-0.007882684548248557,0.2966590515652568,1.9613516301098712,3.083922339217082,-0.7477716954112981
0.01478948846147699,0.008418572024459703,-0.0025839893144809357,-0.007826035806031124,0.3011784361600518,2.09933268882557,3.025805573443169,-0.8826431437351357
0.014784137519841695,0.008403537703419072,-0.002608944693901562,-0.007818455889560554,0.3019735824890119,2.119277999261467,3.017597852643973,-0.9017037398567417
0.014778570068524947,0.008388740112460845,-0.0026337955550973288,-0.007811330159107177,0.30283153818420544,2.1391856836243317,3.0096789298385214,-0.9205011674721296
0.014773204324077367,0.008373938573502025,-0.0026583755298076692,-0.007803680887857938,0.3036641658769926,2.158785647451864,3.001331626462736,-0.9392281440716842
0.014758478351013732,0.008328791451311738,-0.002731106514559118,-0.007776533653295216,0.3059328045993383,2.216004609794192,2.9728406089340464,-0.9956260180600564
0.014768292136645697,0.008358938402549247,-0.0026826298319313287,-0.007794865500436521,0.3044164722476714,2.177927164517005,2.992075171784322,-0.9580307111291297
0.01476348737789828,0.00834384360693941,-0.0027068109192484664,-0.007785589296920514,0.30515078703555304,2.196915332003701,2.982413748462452,-0.9768566808807301
0.014833251621172381,0.008612480537326873,-0.002282992128969538,-0.007952642468942188,0.2968119204332122,1.861936220027472,3.1453175705241807,-0.6367209392561873
0.014837704016719086,0.008627744261485956,-0.0022577912106945194,-0.007959663677675727,0.2962037247842311,1.8415050103863422,3.152220472862151,-0.6168950623991026
0.014845141956986786,0.008600910138701569,-0.002286934457257126,-0.007920029616513878,0.29390458677363007,1.8613298777322902,3.121211414510876,-0.650234502750978
0.014840405829172891,0.008585828343726414,-0.0023119315483253254,-0.007913458598742429,0.29450143951643243,1.881590310046722,3.114539623525133,-0.6696557719518667
0.014831929485115325,0.00855540381949086,-0.002361121536889913,-0.007897764288639308,0.29550141040801964,1.92110761591673,3.099171665010949,-0.7086370515138487
0.01483613128689854,0.008570691424879892,-0.0023364913670422473,-0.007905838657160756,0.2949977152838295,1.901356102056791,3.107058587493125,-0.689078341339171
0.014856627168048017,0.008589421273013102,-0.002291008518026508,-0.007888325032593062,0.29183296838055556,1.8614423321145532,3.0975670766958703,-0.6637241991143749
0.014923093812160561,0.008907605113039658,-0.0017859981526268307,-0.008049222891550007,0.28710492392353665,1.4537692166369907,3.2394054512806036,-0.2516402854213384
0.014926347257892658,0.008923074985651475,-0.0017608321399159201,-0.008055122536856018,0.28695003527796853,1.4331846751508257,3.2442204397559293,-0.23132256678766186
0.014854033121562221,0.008688542996834608,-0.0021582601818317085,-0.007988387798921222,0.2945057004499576,1.7607294202484434,3.1795963857719283,-0.5376583194325706
0.014849967896006039,0.008673464370716203,-0.002183038388616281,-0.007981553223526686,0.29479307853691994,1.7808754143600274,3.173113752565303,-0.5573467016672825
0.014845977718323957,0.008658317138251888,-0.0022077888576593403,-0.00797434498817764,0.2951277131708007,1.8009679036453308,3.1662887656637686,-0.5771065993987897
0.014841931524466626,0.00864305939786431,-0.002232690142093686,-0.007966957775625673,0.2956048761416869,1.821159181683565,3.1592578240687033,-0.5969791757997099
0.014870062852576145,0.008692294117340306,-0.0021381222464109183,-0.007962866816007922,0.29127401385040086,1.7409675100643296,3.1623169114868133,-0.5323091873454309
0.014874478755174008,0.008707359834086825,-0.0021131354499462694,-0.007968763021169925,0.2908052240056583,1.7205972792908464,3.1680412521013968,-0.5127842719582301
0.0149199259001609,0.008892028306523329,-0.0018112081628151074,-0.008042901945274294,0.28723789568152586,1.4743491573703194,3.2342206181817423,-0.2720964981672607
0.014916395485421381,0.008876475864759448,-0.0018366247511509125,-0.00803709824742591,0.28743878837946785,1.495135124839396,3.2293291484946707,-0.29245586219986475
0.014912437556706265,0.008861131747801003,-0.001862045298366643,-0.008032077746989911,0.287740910258044,1.515987302900859,3.2249300712371824,-0.3124818098522568
0.014908536242318372,0.008845840653642264,-0.0018873099475163974,-0.008026815280874478,0.2880467490958716,1.5366949915398782,3.2202997870988486,-0.33244805399692706
0.014904955571459523,0.008830425781585407,-0.0019124501455487421,-0.008020677656069538,0.2882898202792017,1.5572219966995162,3.2149816046718747,-0.3526028627014562
0.014901307370960426,0.008815026195375239,-0.0019375812051621569,-0.008014499900251557,0.2885473694118564,1.5777309264765418,3.2095699467201655,-0.37271533457198425
0.014897433486854425,0.008799768615317486,-0.0019626577913969792,-0.008008681658503521,0.2888632459244062,1.5982196490106289,3.2043533796627597,-0.39260936472259966
0.01487873695777612,0.008722764909238965,-0.0020877812513640155,-0.007975077162840296,0.29038516220436034,1.6999573864734288,3.174026983070259,-0.4928095050426102
0.014882665883330417,0.008738338696482781,-0.0020624440116411773,-0.007981961338162884,0.29003822207548074,1.6793787938670393,3.180360006913371,-0.4725930505297414
0.01489359181041318,0.008784572274160962,-0.0019875782281535605,-0.008002680728279187,0.28918583466670295,1.6185599738318441,3.198946704398598,-0.4124155068634661
0.014890015446082384,0.008769270749569345,-0.002012371927767381,-0.007995927056160037,0.28944467867604784,1.638720869858452,3.1929351972999194,-0.4323584653868105
0.014886423330506276,0.008753859112372071,-0.002037284804448189,-0.00798893025068981,0.2897358829972261,1.6589465378297754,3.1866780158667214,-0.452416886346878
0.014930008633547105,0.008938535137492211,-0.0017353279893720446,-0.008060069302386542,0.2867127975872454,1.4122476867016893,3.2482985015281325,-0.21108206283558426
0.014619399384801344,0.008086586996046873,-0.003188955085847807,-0.007698871228647606,0.33384882021271106,2.591254642203838,2.851127001361231,-1.3168666627562622
0.014635326681749621,0.008088584254228459,-0.00316531148307827,-0.007676210334655595,0.32641605493209175,2.563714221584694,2.8402047842887246,-1.3042696353510055
0.014607285815467807,0.008057600088913429,-0.0032372722137854054,-0.007678679566335428,0.3362539471920624,2.6283185887073612,2.8279425806558685,-1.352728486967364
0.014601160777393509,0.008043135288126549,-0.003261397713291757,-0.007668463823291477,0.33862346239522206,2.646828143468056,2.8161659196928848,-1.37054516932088
0.014617143876763628,0.008044984511674349,-0.003237449840342034,-0.007645950157319969,0.32989741129750483,2.6188733066973953,2.805642891100979,-1.3576622357180226
0.01461336537145513,0.00807208403983508,-0.0032131195298179364,-0.007688817525736808,0.33438653132205526,2.609788142003958,2.8396076244459905,-1.3348262728592066
0.014629313495838464,0.008074044945521424,-0.0031893742187566053,-0.007666212678261172,0.32775066018891014,2.582174233863759,2.8288123239332883,-1.322126652965963
0.014623264192146044,0.008059509057874135,-0.0032134078974100882,-0.007656105290150101,0.3289474059630026,2.600538292886205,2.817284560499084,-1.3399174714692597
0.014540180281171796,0.00787224367865713,-0.0035233657098524764,-0.007518219510977731,0.3455593585685599,2.833241856837411,2.6568208101490125,-1.5648913348983908
0.014530801440932151,0.007885327849796304,-0.0035244393046977847,-0.007551184027597381,0.35471211790382934,2.8446528792303964,2.6790576682861498,-1.5617325593675158
0.014537422618955197,0.007899572429957714,-0.003500665544906157,-0.007562234509032657,0.3515626925469732,2.826851540521534,2.6921893528176604,-1.5447776644730238
0.014546916908524042,0.007886512204815543,-0.003499635553590574,-0.0075291498912086205,0.34435266052898467,2.8156785816112593,2.6698127485086824,-1.5479732193778621
0.014543999019492741,0.007913837755386942,-0.0034768482689942204,-0.007573214367626442,0.34816028259095483,2.8090179826970982,2.7052530461833,-1.5276906455422772
0.014553577679551476,0.007900845007081483,-0.00347587628474333,-0.007540108635188349,0.34340948141302224,2.798112772466455,2.682720253598371,-1.5309852079792134
0.014563458889128958,0.007956756752799632,-0.0034053205037527703,-0.007605645794067858,0.34465160688790525,2.755731870168932,2.7434231583700535,-1.4758655760869877
0.01455701722069207,0.007942430061865232,-0.003429172370919586,-0.007594921407466979,0.34466693421451144,2.773490466786169,2.730898591456002,-1.4931995894107397
0.014573031783902993,0.007943985923204173,-0.0034047230078369417,-0.0075729242619249045,0.339644082417692,2.7453738913719232,2.72087716028717,-1.4798053862208287
0.014550530575541355,0.007928123681040957,-0.003453012859275205,-0.007584111938194758,0.34569682481439196,2.7912303008251964,2.7181740301692563,-1.510486006725061
0.014566612711142178,0.00792961162404892,-0.0034284247478199134,-0.0075620674873719445,0.34120743784889407,2.7630158411843024,2.7082753093149385,-1.496907575757719
0.014560139225650914,0.007915222529558364,-0.0034521351835890726,-0.007551101417078883,0.3424483832864666,2.780571632737914,2.6955474663630183,-1.513960936868678
0.014373945598830682,0.0075774806711875935,-0.004037447321288149,-0.007289792172845364,0.3892607532009582,3.209276060830437,2.3640120331642054,-1.9136816604126172
0.01436631353955115,0.007563751639439794,-0.004060352491418641,-0.0072770591186093435,0.3923372087861003,3.2248077931198433,2.348353501237172,-1.9286260398018618
0.01438242769061483,0.00756385089285877,-0.004033985802896719,-0.0072568726097344575,0.3835767221896284,3.194157418697993,2.3421213054231633,-1.913542992721614
0.014374720698846112,0.007550074560712334,-0.004056824657812514,-0.007244164774211523,0.38523209548386655,3.209494378566107,2.3265526470363063,-1.9283623490371296
0.014549788695142138,0.00785897412505691,-0.003522409325758658,-0.007485364406388586,0.3467649473409706,2.826466843718823,2.6291474077013994,-1.5720846361664098
0.014542896452336711,0.007844864527924935,-0.0035459463932912207,-0.007474698233392516,0.3481526937432171,2.843747844172404,2.616351313587893,-1.588591929223339
0.014536148430621535,0.00783075146036238,-0.00356919990022952,-0.0074636557735109415,0.3494863435420565,2.860687467693003,2.6032337956884866,-1.6049420718229557
0.014529516593057163,0.007816550809220836,-0.003592283473158063,-0.007452157730637188,0.35088520813521545,2.8773539460208686,2.5897152656036613,-1.6212121404939233
0.014404041361879703,0.007632634442496729,-0.0039455428642873195,-0.007339941757807826,0.38314335169881336,3.1466820006576,2.425240163777275,-1.8528748532622323
0.014420027181859875,0.007632983109941976,-0.00391970991957652,-0.007319514866979049,0.3740954649630949,3.1163873256589754,2.4183103787746725,-1.838300875742039
0.014396582438974287,0.0076188106212854685,-0.0039685633421873475,-0.007327520659760961,0.3839284008367982,3.162458872720195,2.410162460169101,-1.8681971424364898
0.014412578019647009,0.0076191470819733315,-0.003942641008467411,-0.007307206253948549,0.3761147153350039,3.1322011944300723,2.4033038824443413,-1.8535465927409078
0.01438908012216791,0.007605010296224526,-0.00399154755994205,-0.007315025703713121,0.38485020710590606,3.17811365610048,2.3949446262714646,-1.883448368054369
0.014405111845636776,0.007605323026605759,-0.003965502310816445,-0.007294776399595387,0.3782288386788228,3.147858766829938,2.388184629375733,-1.8686740349001927
0.01438153448432905,0.007591233601480755,-0.004014508777144685,-0.007302449634992567,0.3866063096702419,3.1937075862323567,2.3795576391623157,-1.8986171695148586
0.014397614238888768,0.007591494369264882,-0.0039883258414614015,-0.007282217836078774,0.3802007098085964,3.163371468883188,2.372944368759571,-1.8837012435396436
0.014390059103861097,0.007577664458364883,-0.0040111480420370145,-0.007269567095343787,0.3819561068557262,3.178788251444022,2.357587392117484,-1.8986530572157643
0.014436322940576717,0.0076331586658921246,-0.0038940979111146278,-0.007299002307474885,0.3728463938611189,3.090471162296424,2.4056071948975077,-1.827125713242583
0.014443777380978379,0.007647061521380654,-0.0038711278088510727,-0.007311087439514114,0.3710116591884008,3.0746355745265377,2.4203030813639894,-1.8118666517858184
0.01445112162026692,0.007661075075660015,-0.003848152233679398,-0.007323322850700163,0.3692089247391777,3.0587824800815038,2.435070746326506,-1.7964945654570716
0.014458392658535409,0.0076751225428782245,-0.0038251736856543058,-0.00733554187388299,0.36749867383159623,3.042870282223456,2.449773197257756,-1.7810364351180767
0.01446568245616633,0.00768913090668225,-0.0038021118623121457,-0.007347511142224823,0.36583237547382347,3.026778109881541,2.464231255063226,-1.7654880821393633
0.014472984121703973,0.0077031124602149085,-0.0037789699069962226,-0.007359257675178998,0.3641189313793507,3.010525006679643,2.478463210414004,-1.749855968709683
0.01448020332533539,0.007717137991463487,-0.003755832881188459,-0.007371015086981431,0.36237990110750534,2.994234434241305,2.4926467501474563,-1.7341463853854349
0.014487308366947699,0.007731226337660619,-0.003732730537550562,-0.00738285627043677,0.36071392795425977,2.977943309406545,2.5068401491681946,-1.718358883271348
0.014494388995247584,0.007745324850139442,-0.0037095709879577357,-0.007394580993134273,0.35915982407516284,2.9615298171782523,2.520895994758995,-1.7024762313797945
0.014501566007024335,0.007759410568312634,-0.0036861943777801195,-0.007405988541366462,0.3576154519542247,2.9448223280363526,2.534673609890706,-1.6864477172528523
0.014522844653423697,0.0078022297667661965,-0.0036154514984013167,-0.007440375825139519,0.3524485473575956,2.893984319181694,2.5758964340870736,-1.637509085214887
0.01451596237608896,0.007787852719254293,-0.003638895193519003,-0.007428638298535377,0.3541737933704852,2.9108029437759497,2.5620109320925297,-1.6538763965669536
0.014508820424925559,0.007773560193863778,-0.0036625649000254367,-0.007417215658704635,0.3559470459916259,2.927827967056754,2.5482880943666406,-1.6702311249634165
0.01428721887261912,0.007372566205719162,-0.004322625239141133,-0.007053307972873715,0.41042134594384944,3.3705812432096223,2.1046045440529855,-2.0984903616107293
0.014295651398508179,0.007385865545706561,-0.004300224539221756,-0.007066330749187332,0.40832302812309645,3.3564940243523957,2.1209408409123607,-2.085082354438574
0.014304069635347631,0.007399236515688897,-0.004277712426740475,-0.007079326410911882,0.40612988902244745,3.3422505632619646,2.137229187169732,-2.071529917731667
0.014328680886874112,0.007440025177833924,-0.00421025647641654,-0.007119185624024034,0.3996036864199692,3.2994874835775363,2.1865252810517357,-2.030280543987637
0.014320586924841847,0.007426353184457581,-0.004232704197683902,-0.007105811234471084,0.4017382533218867,3.313746258436615,2.170074514237608,-2.04411261280782
0.014312386336220624,0.007412742758191172,-0.0042551923838594075,-0.007092498035691944,0.40391550569446405,3.3279950292521234,2.1536190035434952,-2.057866421963814
0.014336678465326118,0.007453743420306683,-0.0041878404160002455,-0.007132585183254819,0.397497896063885,3.285203489230273,2.202940901401193,-2.016370123235379
0.014344574285781437,0.0074675124886849535,-0.004165460032703262,-0.00714602498407661,0.39540481177246795,3.270905262851278,2.2193308527028743,-2.002383082966031
0.014352324927379742,0.007481324815721069,-0.004143189323529882,-0.007159545492414979,0.3933659238154957,3.256666966754363,2.2357115248048314,-1.9883562318890782
0.014359975437008258,0.007495116035412541,-0.004120997692966688,-0.007172991371161377,0.39145664197782687,3.2424145980116132,2.2519634818770977,-1.9742887759187726
0.01437555404083724,0.0075224495365786665,-0.004076052392109138,-0.0071986713587184,0.38780338053058777,3.212931389889613,2.283426741759673,-1.9457197130788906
0.014367699044755178,0.0075088126684152955,-0.004098656522418851,-0.007186038618493547,0.3896407624483675,3.227866219162006,2.2678661863455147,-1.9600950205406293
0.014383451300245568,0.007536139208077618,-0.004053252784031091,-0.0072111744745135585,0.38587923282447184,3.1977516123206193,2.298864086662403,-1.9311686370937198
0.01417903773967821,0.007254887330118262,-0.004575084041167661,-0.0069649592724217654,0.44031279372852916,3.549537906709331,1.9618173502448497,-2.242801348015156
0.014194985047080102,0.0072539040390350445,-0.0045475246623284974,-0.006946931921550347,0.4324562104493043,3.5175370188867157,1.9592514394144114,-2.227054572944445
0.014170392997494846,0.0072417719009396685,-0.004596948866004082,-0.00695054761467424,0.4429600763739623,3.562144586197713,1.9438525491103327,-2.2551537623117777
0.014186371985265405,0.00724073145495611,-0.004569272366677351,-0.0069325678208626215,0.4347819035204357,3.5300721976041376,1.9414530456431958,-2.239294656132184
0.014161707094251578,0.007228683695126791,-0.004618772131978416,-0.006936064868758036,0.4458936555871343,3.5746590690688276,1.9257779176073786,-2.2673751828592503
0.01417769509811572,0.00722757289840303,-0.004591018106369478,-0.006918135128067493,0.4369593247424058,3.5425107466680674,1.9235531067278935,-2.2514410324563205
0.014152980117106462,0.007215622843988555,-0.004640540982696558,-0.006921519537371909,0.44829187347991123,3.587038034258431,1.9076263760255587,-2.2794655696493002
0.014168954830254382,0.007214439256415018,-0.004612757650139981,-0.0069036506678914365,0.4392118214099305,3.5548691741245757,1.905555141510586,-2.263495380851618
0.014144212153727341,0.007202589478660923,-0.004662257734956549,-0.006906910073295026,0.45030984932370877,3.5992627925607263,1.889398120356735,-2.29143122413194
0.0141601735156435,0.007201334003653889,-0.004634451989304854,-0.006889099398804661,0.4416225589199226,3.5671030955240695,1.8874662784118732,-2.2754339227450053
0.01413540329229132,0.00718958373010223,-0.004683932318146556,-0.006892229793348834,0.4525732636419791,3.611353972001586,1.8710718592576459,-2.303270541468485
0.01415136408306649,0.0071882569741011345,-0.004656078097920534,-0.006874469535331927,0.4440574857675546,3.57917599851057,1.869294758584114,-2.287240118984764
0.014126553621484204,0.007176605729088549,-0.00470556828727073,-0.006877476258898157,0.45523825865115103,3.6233364863681587,1.8526350685577329,-2.314975101864012
0.014142520089797377,0.007175211666393369,-0.004677644456289578,-0.0068597731066018805,0.44641297343663616,3.59109716837042,1.851048496080902,-2.2989179528236257
0.014117663230499858,0.00716365560620903,-0.0047271639552105855,-0.006862650574579464,0.4582334998279523,3.6352232341288477,1.8340952018173688,-2.3265401171977547
0.014133629636271634,0.007162202037011472,-0.0046991697727335165,-0.0068450273525980454,0.44869812137866055,3.6028939239653694,1.8327272077681023,-2.3104792083728327
0.01410873220903958,0.007150733491861331,-0.00474871499944786,-0.006847755686691781,0.4614827744952608,3.647011549046606,1.8154796529042894,-2.3379678919805924
0.014124683874643324,0.00714923156035735,-0.004720668573099198,-0.006830245645463792,0.45093800571647263,3.614589867880103,1.814323711157081,-2.3219314958256914
0.014099760647311362,0.007137839516247016,-0.004770211525203388,-0.006832798478067823,0.4644250064714468,3.6586677136321377,1.796825900273692,-2.349268586948423
0.014115682162101508,0.007136307428409912,-0.004742140552807521,-0.0068154406303109205,0.4532238481442845,3.626199273629163,1.7958363190141233,-2.333272395982968
0.014278871937223622,0.007359226552834595,-0.004344813609582111,-0.007039963373830701,0.412456127345694,3.3843345340467903,2.0879988432139776,-2.1117232039441096
0.01427057594987968,0.0073458402322704106,-0.004366847200949125,-0.007026327230722683,0.41455468720268357,3.3978054255828645,2.0711406188724237,-2.1248043004361263
0.014262205832914885,0.007332486175381792,-0.004388888840743886,-0.007012668216812176,0.416753466525085,3.4112128846135232,2.0542178376526254,-2.1377986162352483
0.014253745617422828,0.007319171396775486,-0.004410962876720713,-0.006999013384960785,0.4189671824112154,3.4245872614370945,2.037243957091189,-2.150718810127415
0.014245281695963702,0.0073058334112245495,-0.0044329582287373015,-0.006985164620327735,0.4211516765134302,3.437769985993533,2.020079915640212,-2.1635180025672547
0.01423681219902301,0.007292487144733858,-0.004454867922216432,-0.006971149861441531,0.42337125288288663,3.450760789424614,2.002754077966267,-2.176186355309817
0.014228274115891372,0.007279213224368958,-0.004476755183301991,-0.006957172297396451,0.4256378360244342,3.4636810528442568,1.9854210388601354,-2.18874446584864
0.014219698574731114,0.007266018988203819,-0.0044985644635919,-0.00694321276742729,0.4278778749350693,3.47648185708184,1.9680765929827206,-2.2011663849239187
0.014211161536519799,0.007252836356352376,-0.00452020086105255,-0.0069290792043298225,0.4300754004524499,3.4890175307289497,1.9505843530003328,-2.2134116788652745
0.013822358432705554,0.006776713476601135,-0.005372082379255111,-0.0063704619207436445,0.5411314409575937,3.9311146376538315,1.2226795912312556,-2.620182563897369
0.013838101445605327,0.006773706264765479,-0.005342703252342138,-0.006355899757569692,0.5287294123422533,3.8982802956639895,1.2271363412995333,-2.604151992280744
0.01383246580708731,0.006788737656698446,-0.005352036618260763,-0.006387312221134138,0.5378170649093271,3.9237836209587607,1.2434343678187743,-2.6128489515028477
0.01384825506350363,0.006785758900638601,-0.0053226354133638605,-0.006372582830359619,0.5261399496080945,3.8909586194097265,1.247652529905969,-2.59669641527486
0.013842535352014636,0.006800793525181948,-0.005331932445824441,-0.006404104094530811,0.5343735969396507,3.9163033461012184,1.2641732437891526,-2.605379096412935
0.013858362529493273,0.006797861054640669,-0.005302528781168744,-0.006389238653443991,0.52357354799466,3.8835131844823594,1.2681101034478026,-2.5891036756263603
0.01385256696814258,0.006812880963004883,-0.00531177332426341,-0.0064208345453769045,0.5309926834435023,3.9086897364660103,1.2848712070389765,-2.597756227045554
0.013892312172387889,0.006861544017724471,-0.005230680673964906,-0.006487067013058487,0.5209103500056074,3.877043881601543,1.366653493401856,-2.565526567521362
0.013908081551477458,0.00685888020827127,-0.005201643245897006,-0.0064717741239288815,0.5097610391308408,3.8443407227242825,1.3694776562425302,-2.5493059040633628
0.013862560556543108,0.006824999850860256,-0.00529155662827242,-0.0064375057477009485,0.527277745886088,3.900947053039976,1.3055057618264547,-2.5899616533179635
0.013868418781951415,0.006810008591310324,-0.005282392290875313,-0.006405862321909654,0.5210692402527225,3.875947084994499,1.2885062943183698,-2.5813841974914076
0.013882433256544183,0.006849331498161108,-0.005251000071677681,-0.006470630199419053,0.5215603047222713,3.885157990531597,1.346412541216269,-2.573821034014781
0.013898202077549847,0.006846660419353958,-0.00522194213887736,-0.006455481563091181,0.5129834964566989,3.8525837399470935,1.3493245581902709,-2.5575630880445264
0.01387251601870674,0.006837150069184488,-0.005271291712819846,-0.006454110108171031,0.5236470071986338,3.893100552633167,1.3260354542308177,-2.5819797048234587
0.013888325798217584,0.006834428896038581,-0.005242120728680453,-0.006439026146197569,0.5160443443099173,3.8605376695015114,1.329113157803078,-2.565632199904284
0.013878408983788481,0.006822201741566653,-0.0052622520438595785,-0.006422463037533463,0.5186520277207997,3.8682906734075497,1.3088408309124502,-2.573558883908833
0.013924162271516063,0.006855919421120969,-0.005172779962222227,-0.006456179479531182,0.5074608195303485,3.81347811006246,1.365402614070222,-2.5338495593971193
0.013934164258758727,0.006868075743884448,-0.0051522241805639045,-0.006471941282713791,0.5048009593502538,3.8047790695309938,1.3850452872375085,-2.525345562408344
0.01394413624112388,0.006880342164823076,-0.005131592052235209,-0.006487775185555371,0.5020797776532854,3.7959741187162694,1.4047410458664784,-2.516705431908068
0.013954038151589096,0.006892721600077049,-0.005110953466581063,-0.006503713353437235,0.49936054730108914,3.787131455081487,1.4244983139105054,-2.5079627874927906
0.0139638682166602,0.0069051893160285175,-0.005090313779241937,-0.006519712678303321,0.4966627710597904,3.7782335929018305,1.444281230302084,-2.4991153244142086
0.014054297909219788,0.007073796236880273,-0.004876876485516238,-0.006757079869430746,0.47310207435460044,3.714185601023883,1.7027206166125497,-2.4042232109523543
0.014045084994930429,0.007061073770271073,-0.004898083086600902,-0.006741723273958983,0.47545121730044876,3.724835619561139,1.6835231416627543,-2.4148394244237483
0.014061111627751493,0.007059344331147715,-0.004869516919984618,-0.006724944471903871,0.46914129390484854,3.692521807933495,1.6832081217804535,-2.3983118897328812
0.014051884666093391,0.0070465394431316304,-0.0048905869080574345,-0.006709488553242619,0.47147009805892,3.702980093521569,1.6641352209395948,-2.4087025485165543
0.013960383452653272,0.0069478920549970475,-0.005086730677377494,-0.006600547212943447,0.49949899536338965,3.8147890470847936,1.5077725981005405,-2.504219964608786
0.013966810692727703,0.006933024082197296,-0.0050783247713088115,-0.006568326825749676,0.4944762004379652,3.7915116832406213,1.4891159832824492,-2.496489518614249
0.013969952327613146,0.006960348948237813,-0.00506594747227158,-0.006616511816810642,0.49576690892391945,3.805400853008718,1.527692153628777,-2.4948324113640337
0.0139764236579602,0.006945555177425269,-0.005057652050214398,-0.006584336162392922,0.4921712830721661,3.782312258953771,1.5088448181058087,-2.4872580135057873
0.013973638267236086,0.006917731479580778,-0.005069652334160072,-0.006535740236875698,0.4939747930506872,3.7692489507771882,1.4640677024678537,-2.490150029977816
0.014007835078080092,0.007010475290801107,-0.004982483866106082,-0.0066795891910166535,0.4898364459247031,3.766683723127785,1.6058793188366447,-2.4557064062944445
0.014023730935650902,0.007008447029434115,-0.004953865191419683,-0.0066631587315295745,0.4781375281551421,3.7340764991204014,1.6064305344326522,-2.4393391144513097
0.013998423488740684,0.006997899134824618,-0.00500340778081371,-0.006663930463994421,0.4905674839467368,3.7766528029557436,1.58650308086495,-2.4656522924723547
0.014014283575706582,0.006995867227846667,-0.00497482088164593,-0.0066476718303247985,0.48109964430714186,3.7442096652467414,1.5870553411233812,-2.4492636294898826
0.013979482020789882,0.00697283584088836,-0.005045126800303445,-0.006632401523555681,0.49274341912651093,3.795936590318981,1.5474650276803492,-2.4852561768533286
0.013985960096116403,0.006958127125718129,-0.005036991501466241,-0.006600325329923737,0.48983989324781246,3.7730425146109723,1.528509376020103,-2.4779427075499374
0.013988972438811073,0.00698535261060176,-0.005024281892133701,-0.00664820642941252,0.4911419582135987,3.786377957212595,1.5670592782124697,-2.475514961466428
0.01399542517424964,0.006970715593353493,-0.005016337811411471,-0.006616249223530058,0.48722503505855513,3.7636610734587665,1.5480989311737918,-2.4685342285996534
0.014004853349380043,0.006983296747738539,-0.004995635901578826,-0.006632042773447244,0.48424575384066765,3.754073498095663,1.567612152197677,-2.4589895967655266
0.014039984798041872,0.007006190000747943,-0.0049253582943115095,-0.006646496414075981,0.4762147526161393,3.7037680792690293,1.6004213217663306,-2.4244500466448566
0.014049599579067533,0.007018836408508558,-0.00490404938794672,-0.006661632005449717,0.4735585166326323,3.6932427493991065,1.6194030088056095,-2.4142689650731906
0.014059097088342154,0.007031670118653799,-0.004882783380311646,-0.0066770418903119855,0.4708485507963625,3.6827932803077634,1.638563533872616,-2.4040130635945656
0.013812213328629513,0.006764721103672905,-0.005392062005853828,-0.006353559816402486,0.5436444252896742,3.9382535913510726,1.2019287253543856,-2.6273982992324587
0.013827909862336049,0.006761702468413243,-0.005362719290691483,-0.006339183799842308,0.5314694310429878,3.90547123979832,1.206564251087836,-2.6114605607721675
0.013802030595032835,0.0067527606564291775,-0.005411979209888466,-0.006336602890084219,0.5455370725899217,3.9451748330268184,1.1811720105787282,-2.634506969139132
0.013817695978348742,0.006749730274624957,-0.005382657381237406,-0.006322396111040991,0.5344252059016456,3.9124839560691442,1.1859340570604784,-2.61860309242007
0.01379181033250085,0.006740832253114334,-0.005431844851341455,-0.006319581965232998,0.5475850712341102,3.951891245425665,1.1603759190458605,-2.641500748565029
0.013781552642028792,0.006728936011698175,-0.0054516611624640015,-0.006302495119747874,0.549820972512265,3.958417784508873,1.1395161770340503,-2.6483615503888265
0.013797217788090295,0.00672583555555369,-0.0054222682766444106,-0.006288521390272403,0.5403555943400601,3.9258592063905486,1.144515225600425,-2.632364279983029
0.013807468034828222,0.0067377749409515885,-0.00540250256880161,-0.006305507704428471,0.5374261293865895,3.9192765546476793,1.1652494133089621,-2.62556782523219
0.013579682470325219,0.006509172961654168,-0.0058179432674351035,-0.005966036604602911,0.6041519147110258,4.051273921783248,0.733714233397366,-2.7488944089893734
0.013595090005296585,0.006505138136233906,-0.0057881444605478545,-0.005954175173965979,0.5929526209059217,4.019528286941907,0.7424238263912938,-2.7336526443243883
0.013590631571951553,0.006520436102827724,-0.0057991912383283965,-0.005984265725743967,0.6023085134189827,4.047941148226558,0.7552698334233892,-2.7449253690328734
0.013771257625019942,0.006717072049872408,-0.005471427966614279,-0.006285342436507306,0.5521658639166634,3.9647626668135856,1.1185790397395008,-2.655070974890252
0.013786934994659564,0.006713910844371191,-0.005441972396515355,-0.006271439837203249,0.5432424082265469,3.9322472480549773,1.1237287671072667,-2.639005366331018
0.013760925383283718,0.006705240485047168,-0.0054911486204347534,-0.006268120895350798,0.5549415599165612,3.9709470717363495,1.0975546725425773,-2.6616125012623333
0.013776614134419258,0.00670200189482759,-0.005461623794516421,-0.006254267414318444,0.5460463197735309,3.938447945275485,1.1028882380069163,-2.6454996839754226
0.013750556019033765,0.006693441434347548,-0.00551082303429697,-0.006250830467932595,0.5581555955188886,3.9769928305465654,1.076447001650048,-2.6679759129208755
0.013766248550642441,0.0066901204259256185,-0.005481233385440642,-0.006237028127274926,0.5487291296110227,3.944484795945033,1.0819986483926447,-2.651856923177057
0.013740149634885993,0.006681675014610206,-0.005530448167200895,-0.006233473759665678,0.561695914715115,3.9829140831650247,1.0552757033779356,-2.6741639392085808
0.013755833200516933,0.0066782802769104815,-0.00550081018647106,-0.006219748732703548,0.5513263128479219,3.9503834685033117,1.0610626823228058,-2.6580839812166825
0.013729706333856551,0.00666994134237994,-0.005550017722989257,-0.006216056350947023,0.5653752021967491,3.9887086970586734,1.034075081828758,-2.6801924026385975
0.013745365979729729,0.00666649251398931,-0.00552035900837674,-0.006202449445040666,0.5538820264073556,3.956162934387096,1.040079136702731,-2.6641816286716598
0.013719226219359807,0.006658240533906346,-0.005569519099639395,-0.0061985895499489406,0.5684107316293748,3.9943338833133133,1.0128840161491375,-2.6860848111459332
0.013734851512381957,0.006654763581176326,-0.0055398736531245725,-0.006185139198352447,0.556524181388867,3.9618308713680093,1.0190510726871267,-2.6701436926481428
0.013655578290412796,0.006588732293902653,-0.005685371162674281,-0.0060925043813015,0.585654913956838,4.0241679393600664,0.884701014846958,-2.7183000587522232
0.013671163584848782,0.006584958923791115,-0.005655513653163664,-0.006079708336521606,0.5731324047048721,3.9918956743308285,0.8921565153232737,-2.7026026500695832
0.013666277091978747,0.006600233495542399,-0.00566619790076954,-0.006110339850261818,0.5823449256328747,4.019539525892386,0.9061833229043802,-2.7133532952090333
0.013708709395206254,0.006646572705140479,-0.0055889456619661465,-0.006181079416676053,0.5700954096337661,3.9997245738264806,0.991706645243576,-2.691857908613027
0.013724309798890215,0.0066430825921605305,-0.005559319765695777,-0.006167789714066055,0.5594547057989389,3.96734886685072,0.9979897338073397,-2.6759505772286007
0.013698155965600398,0.006634937971731551,-0.0056083135578788995,-0.006163511470518934,0.5713194044730039,4.004873416617014,0.9704840570604413,-2.6975014245623066
0.013713763757467821,0.006631418571266235,-0.005578654323167526,-0.006150337509887297,0.5626268690937147,3.9726336175338814,0.9769052541200275,-2.6815771327281195
0.013687566035138606,0.006623336449023661,-0.005627647894849029,-0.006145862890849775,0.5739016408553785,4.009857559721883,0.9491441383268083,-2.702977979815982
0.013703206689350383,0.006619751384694409,-0.005597885117336999,-0.006132751381810508,0.5656301833083727,3.9776500600278575,0.9557932916909756,-2.6870232589363057
0.013676939708806896,0.006611768252052548,-0.005646949957936103,-0.006128132362114767,0.5780296304449375,4.014748155114236,0.9276870014900954,-2.7082584866458226
0.01369259883071134,0.006608098491411085,-0.0056170825757568855,-0.0061150779489113904,0.5682109269382253,3.9824794805879837,0.934635687630041,-2.6923273856207923
0.01368191321440275,0.006596495040348382,-0.0056362989330083066,-0.006097388528746492,0.5705943042765736,3.987223573229239,0.9134207233112795,-2.6975233814704005
0.013513249833920802,0.006442321599068367,-0.005929396226685774,-0.005855280813299322,0.6226743608644354,4.067297665885239,0.6031124738901621,-2.7690526499399026
0.013528670720148355,0.0064378466357534496,-0.005899268825633248,-0.0058438594320584245,0.6092716441481415,4.03582698938179,0.6131187959513867,-2.7539874671189466
0.01352440926578893,0.0064533763482403275,-0.00591095622819881,-0.005873895325318194,0.6188170306760149,4.064929875983686,0.6249914702226874,-2.7661906121468682
0.013568698043612793,0.006497944278924988,-0.005836633092461821,-0.005947753399873707,0.6056127259667805,4.054358541118874,0.71215589150477,-2.752745207665488
0.013584106350890626,0.006493878915083263,-0.005806823253246492,-0.005936010111802303,0.5960709114544357,4.022758966234192,0.7209132600055111,-2.7374265610405533
0.013557678400931633,0.006486750166079203,-0.00585526802186286,-0.005929408942492662,0.6067962265948993,4.057193566819776,0.6905372893694443,-2.7564387322966097
0.013573115099750338,0.006482624904947026,-0.005825390295617552,-0.005917728216798183,0.599252349108082,4.025734932559872,0.6994030448511274,-2.7410162811283985
0.013546623651759673,0.00647559073421107,-0.005873869455254564,-0.005910981983926782,0.6094438833789741,4.059855144787019,0.6687898118145817,-2.75992285037443
0.013562106235827452,0.00647136381321325,-0.005843858337084225,-0.005899310958550459,0.6022217624332019,4.02843907383603,0.6778876317401719,-2.7444324004315948
0.01353553390593274,0.006464466094067266,-0.005892440125591074,-0.0058924695849242705,0.6139804863814012,4.0624309864798684,0.6469130808543615,-2.763166108757256
0.013551042093684296,0.006460121067013161,-0.005862297443369282,-0.005880812450831615,0.6046936556529708,4.030957862434755,0.6563452329455449,-2.747715034657974
0.013539891765298238,0.00644894108337542,-0.005880774039276677,-0.005862316870867833,0.6069061958426966,4.033413846453257,0.6347536460688171,-2.7509035234943986
0.013456934686954743,0.006387576634705021,-0.0060206040846629795,-0.005761456214249581,0.6347479451657101,4.075993160808438,0.4939402634485388,-2.7814462370565827
0.013445568842486738,0.006376734159396443,-0.006038682558837158,-0.005742505180692809,0.6381117077668345,4.077225058176765,0.4720286740066884,-2.7834491646416115
0.013460893944284026,0.006372101647428698,-0.006008567600743427,-0.0057319991430077885,0.6261868324064995,4.046365623982923,0.48320529660258327,-2.768919697414255
0.013449451327874033,0.006361254721913563,-0.006026623147473258,-0.005713134694948119,0.628877764038727,4.047512607002754,0.46146264384987495,-2.7708517371257453
0.01345348882108211,0.0063455532293731605,-0.006014774569146315,-0.005683947640535949,0.6277709642185393,4.018139075143896,0.44459299545121705,-2.7571956090871677
0.011261894189986002,0.005117188273914952,-0.008011356169332191,-0.0020701699778539278,0.6971880400970542,2.221820209158277,-2.214775858745823,-1.317219610522594
0.011277267024592768,0.0051213785105984335,-0.008004844335397625,-0.0020954882323712316,0.7001645118305878,2.240399216314529,-2.2065928796449517,-1.3330743378088332
0.011292659852838413,0.005125426110301665,-0.007998005782080722,-0.002120690714698829,0.7030058337215657,2.258791765773965,-2.198099284339872,-1.3488734942993472
0.011308150683599832,0.005129359475411226,-0.00799081316207745,-0.0021459048896870637,0.7057087177035345,2.2770865975867682,-2.189258277314639,-1.3646907246571567
0.011323645541617728,0.005133455489583573,-0.007983656764349728,-0.002171202470172579,0.7084497254511654,2.295489599390624,-2.180390425364379,-1.3805252790476779
0.011258028476793039,0.0051001271454917795,-0.007994469147181814,-0.0020520941367920768,0.6887799693057598,2.2008865188625424,-2.2027112879287576,-1.3083822954888016
0.011088073185950878,0.00506165603609658,-0.008065389909414007,-0.0017766735035277027,0.6551864224923384,2.0015810018939746,-2.288475209576355,-1.134720846878612
0.011073334975341015,0.005056347186042837,-0.00806842519331849,-0.0017513569528405215,0.650979692374328,1.9823340125835072,-2.2932486183373126,-1.1191263970603476
0.01109991124918902,0.005051109204791633,-0.008045688756777691,-0.0017876065140115462,0.6517463476191319,2.0040029609088843,-2.2713479848629454,-1.1440726307383697
0.011113890756122412,0.005051785220535721,-0.008037547786203915,-0.0018087029177467392,0.6536182939936267,2.0182301928335282,-2.262721066495701,-1.1577987857770642
0.011130570675945967,0.0050528262674416746,-0.008027958027772236,-0.0018339363212983826,0.6558880205044284,2.0353123181025112,-2.2524832835157738,-1.174160879778917
0.011161809595721672,0.005065070590091157,-0.008021422715539303,-0.0018878397290095974,0.6646148550608724,2.0765151970069016,-2.241901858483236,-1.2071908769212318
0.011149367292705556,0.005055190588541666,-0.00801833151540793,-0.0018630487110458877,0.6588915296806738,2.055515150179762,-2.241795441548603,-1.1928017679714802
0.011254050306135284,0.005082636597925968,-0.0079772547973454,-0.002033659619748232,0.6803520081526541,2.1796998688046574,-2.190535480039932,-1.2993246641588874
0.011238866487693669,0.005078234847295167,-0.007983142442603265,-0.002008709430849279,0.6772200842550413,2.1614104599039723,-2.198060370599768,-1.2838249367440353
0.011223526186161481,0.005073884012131386,-0.007989058303686881,-0.001983542317475743,0.6740405638196741,2.1429840801427056,-2.2055878586118545,-1.268170341265128
0.01120765598023011,0.005070054367267916,-0.007995799277973543,-0.0019579437325853368,0.6709988481817898,2.124523451249013,-2.2137927894160527,-1.2521398354290447
0.011191456507392705,0.005067178285637374,-0.008003710964276078,-0.0019324812840617004,0.6682986449402529,2.106599096432547,-2.222898218672858,-1.2360206056656458
0.011175528769184689,0.005065806342272584,-0.008013013936522073,-0.0019083735565371318,0.6662432859218943,2.0902610781995716,-2.2329629322630655,-1.2205034449159362
0.011068777684118493,0.005038469202502056,-0.008050526877586983,-0.0017335244328405273,0.6424160931164428,1.9624386116355341,-2.2802300350090747,-1.1110365361604477
0.011550961153380343,0.0052001285229853434,-0.00786894246682422,-0.002542356421631236,0.7433247644564432,2.563919501886876,-2.0357053328808608,-1.6099667070767716
0.011535656442678928,0.005195240094546163,-0.007877237406857194,-0.0025173580093994174,0.7412845338367468,2.545970426176567,-2.046321260360393,-1.594717866888047
0.011475123866807947,0.005176292231392655,-0.007909019190971124,-0.0024183413000361136,0.7326757236213376,2.4745450923993086,-2.086897459483002,-1.5340163429127676
0.011520459277424996,0.005190407188721833,-0.007885349774657527,-0.0024925037503149183,0.7391949581125296,2.5280797764183163,-2.056706406108805,-1.5795272542416725
0.011505323490691617,0.005185635716330592,-0.007893330435910726,-0.0024677386876598294,0.7370608068110983,2.510222640843686,-2.066910472542046,-1.5643610348820813
0.01149021755533953,0.005180938662297174,-0.007901223837121177,-0.0024430326357928636,0.7348917149547648,2.4923918016535143,-2.076974799383249,-1.5491991642426532
0.011384097531637966,0.005151142708077855,-0.007956277864209228,-0.002270842102318056,0.71926338370241,2.3685118989317857,-2.1456165304857175,-1.4425252110960456
0.011354218454180926,0.005142199474056458,-0.007969863875980046,-0.0022215082046307855,0.7139638437449093,2.3323212666815274,-2.162968362831083,-1.411879440572413
0.011369201154146616,0.005146759303893775,-0.007963208164877313,-0.002246324507984346,0.7166924025073821,2.3505805333064167,-2.154415801104154,-1.4272891948199824
0.011471926368665371,0.005158550919445625,-0.007891559013826599,-0.0023986987297106564,0.724070456417075,2.4507704434395365,-2.0751677711738648,-1.5235183740822331
0.01145678319147296,0.005153916365278047,-0.00789921212427268,-0.0023740483197855398,0.7217816118269632,2.433011015823402,-2.084852642912999,-1.5083925907039932
0.011441465864078985,0.005149511661059604,-0.007907129335126219,-0.0023493069140453804,0.7195325228948927,2.415297761521939,-2.0947123050644367,-1.493163395841796
0.01139555240671083,0.005139374145772843,-0.007933488780526311,-0.0022773438085621277,0.7138298558998812,2.365151934905647,-2.1258473894136363,-1.4483958909295056
0.011410564239802676,0.005142320281893564,-0.007924591560731423,-0.0023006352711574924,0.7155878562705028,2.3812359659255766,-2.115513339485837,-1.462957319825984
0.011425984873294178,0.005145597335934066,-0.007915595322860014,-0.00232469712562661,0.7174430855651464,2.397927798138244,-2.1049542705256012,-1.477937978551819
0.011701429535714347,0.005253000795428039,-0.007784755982575297,-0.00278992929311575,0.7618312362694201,2.741276141511937,-1.9255296264439152,-1.7589243934381342
0.011641345727924869,0.005231609226570219,-0.007819830545168204,-0.002691399283590367,0.7551741003486421,2.6713081509661634,-1.9714247898135897,-1.7000677727248075
0.01168681241317384,0.005247273293276622,-0.007792919568357991,-0.002765517672973144,0.7600619135893738,2.723690191504453,-1.9365637506379503,-1.7444145582221162
0.011671844707077661,0.0052416048253873014,-0.007801352614691296,-0.002740671689754584,0.7582561167030964,2.705851385357476,-1.9478261974430418,-1.7296020668673295
0.011656588839722407,0.005236351837932734,-0.0078103861674196405,-0.0027158099855409197,0.7566196482259305,2.6882887727422644,-1.9595231379876112,-1.714730187699064
0.01158169926056049,0.0052106009502005226,-0.007852570553815096,-0.0025930109168953793,0.7475378201992527,2.6005115950060254,-2.014378691549243,-1.6407250896194208
0.01156637908455003,0.005205172037712565,-0.007860569206913663,-0.0025675960040119693,0.7453693848077538,2.5820530865771736,-2.0249306187460223,-1.6253226846104116
0.011626394042568024,0.005226829256026744,-0.007828804251709688,-0.002667270190206315,0.7536241940895575,2.654358239889729,-1.9828357157665162,-1.6855388382400023
0.011596819494440006,0.005216170891997801,-0.00784476692459126,-0.0026182487686901208,0.7497225174776084,2.6189232979649835,-2.003953084028773,-1.6559814924582097
0.011611669022656953,0.005221621944149615,-0.00783693599452459,-0.002642978170844964,0.7517682341368427,2.6368899173741656,-1.993515108093473,-1.670900447933512
0.011638623328881605,0.005215739633294955,-0.007804642130598396,-0.002672595295207842,0.7475637891167456,2.6482116943604352,-1.9621105077871415,-1.6893909310732533
0.011351075918492813,0.005125658898594509,-0.007953319888910302,-0.002204032001338147,0.705839306745318,2.311454444512687,-2.1513054141139247,-1.4030599076319268
0.011335865021537175,0.005120974412956145,-0.007959826495958167,-0.002178899534148153,0.7029514223962393,2.2930051653971772,-2.1596838840182246,-1.3875088937536881
0.011950198353180057,0.005334150282330322,-0.007606352846771812,-0.0031786933079749305,0.7733180795533691,2.996662826178767,-1.702148392597416,-1.982224716725561
0.011936289810041974,0.005326303463711004,-0.007613835775638116,-0.0031537860240263703,0.7715995718008396,2.9784375799389626,-1.7138380337815564,-1.9682100834835345
0.011920683581096991,0.005320277725822145,-0.007625044731760612,-0.0031289420203915257,0.7709878272638436,2.962159434548282,-1.7283481073856726,-1.9543701409960408
0.011905406921611877,0.0053152945822048,-0.007636843692738637,-0.003105571373048316,0.7706792957478389,2.947459015822051,-1.742927055540543,-1.941342863526035
0.01171818163474316,0.005274637665871231,-0.007792046128319365,-0.0028331275906442323,0.7715194976660134,2.782573432099948,-1.9238177626828816,-1.7841102032672154
0.011732944553533119,0.005279958755973357,-0.007782941132897182,-0.0028573516994529597,0.7730089535985721,2.799643556419511,-1.9118399864760744,-1.7984877828727612
0.011792446519753077,0.005301839108288318,-0.007745259772910338,-0.0029548485442777513,0.7780004049314755,2.867794042145695,-1.8621377323184765,-1.8558606320359992
0.011777602282753222,0.005296196771131,-0.007754677468222291,-0.002930422765262289,0.7768339042077482,2.8507127641256784,-1.8746772638854574,-1.8415516013122508
0.011747798833946966,0.005285289232209742,-0.007773608019859373,-0.0028816438515803164,0.7743773112989868,2.816657087618584,-1.899603389920392,-1.8128521564381652
0.011762705090813876,0.005290686566312261,-0.00776414911250268,-0.0029060105232288583,0.7756417324995115,2.8336691870903468,-1.8871851107840383,-1.8272103631008678
0.011890868175642229,0.005309777390694864,-0.0076470973236599715,-0.003082386300520978,0.7699650873687575,2.9321015451621055,-1.7561983616972128,-1.9282804342511828
0.011849233966263112,0.005308885940710168,-0.007691944145103049,-0.0030318533476101964,0.7746815275779725,2.9098655410022274,-1.8029082199669972,-1.9003271855923465
0.011834802879638263,0.005302903819480411,-0.007701070610524756,-0.003007921284037632,0.7734825586403585,2.8931784128729525,-1.8152828098971427,-1.8865518767512366
0.011876488660954844,0.005303774748202602,-0.007656510971842094,-0.0030587890023774027,0.7689313353615478,2.915966617919412,-1.7688359799454652,-1.9149074876073857
0.011861976983923267,0.005298555335236907,-0.007666779008689839,-0.0030358355641995796,0.7682231633762101,2.900813287897385,-1.7819475720322904,-1.9018885673650157
0.011820242725505076,0.005296880468743405,-0.007710148617895121,-0.0029837372880834392,0.7722144272963268,2.87624513221003,-1.8276049822871328,-1.8725847689877553
0.011805457789997262,0.005290943862810149,-0.007719417538302099,-0.002959321124315123,0.7709265135310569,2.859190716004487,-1.8400592545241097,-1.8584333839718765
0.01171591011867331,0.005258575961040453,-0.007776417713571537,-0.0028139711200434185,0.7634638732075567,2.758466862238681,-1.9143542374185512,-1.773182272886573
0.011964513997854751,0.00534030754804362,-0.007596461321690622,-0.003202094931146662,0.7740718848023816,3.012333847115919,-1.6888529658021134,-1.9952066096178533
0.011995701031249755,0.005367963504836919,-0.007589527259490906,-0.0032696021956960916,0.7820141396895521,3.0689370162059615,-1.6669517788866937,-2.033833185954929
0.011979113354081479,0.0053453076294019694,-0.007584870811821764,-0.0032244125057649263,0.774183276385756,3.026117601284778,-1.674437177988459,-2.0073904563678666
0.01199413747112296,0.0053505281426226015,-0.007572878873379117,-0.0032473771555965717,0.7742701103556026,3.04023497894783,-1.659503867463868,-2.0198526093461173
0.012039343743126376,0.005387772796749631,-0.007558521828378907,-0.0033417558604110988,0.7838864162183542,3.116925265964151,-1.6244503443061544,-2.073223578476006
0.012025117950638797,0.005380956105131396,-0.0075683941848287625,-0.00331786804320304,0.7831770940437046,3.1008396796929705,-1.6382862686627215,-2.060211806471799
0.012010527161311277,0.005374245707418405,-0.007578668738784394,-0.003293645188582385,0.782510996569976,3.084659763014557,-1.6524488969211373,-2.046981255619464
0.012053526545844013,0.005394270563735038,-0.00754822142555926,-0.0033651561713174826,0.7843626302642749,3.132315935030748,-1.6103371660747354,-2.085862380772052
0.012067894259262718,0.005400650258363587,-0.007537428787211273,-0.0033885514260603646,0.7846873558050351,3.1474050686148476,-1.5957793892598218,-2.0983958324794063
0.012082298341793496,0.005407244971348579,-0.00752667175193072,-0.003412181934365767,0.7850450451618108,3.162701068688271,-1.5811164518200094,-2.11100504225465
0.012096665274613127,0.005413917703189922,-0.00751589579090152,-0.0034358026006407693,0.7853700698078977,3.1779546832696095,-1.5663706905682282,-2.1235454559856843
0.012140398455680344,0.005432480106064176,-0.007480393845779132,-0.0035050731270269467,0.7851200736542485,3.2203057716277748,-1.519745203566698,-2.1595507411138857
0.012125814291511808,0.005426109082829565,-0.0074921927024568765,-0.003481828479450675,0.7851818028984713,3.206064594367575,-1.5353614857669484,-2.147530082529794
0.012111243595273992,0.005419978440537622,-0.007504076365150319,-0.00345881746803769,0.7852896305382521,3.19204837790974,-1.5509179260854629,-2.135578894881436
0.012155016551069152,0.005439143233802433,-0.00746870426424118,-0.0035286419630106577,0.7851118792384876,3.2348700391631557,-1.5040578868213303,-2.1716960429291965
0.012169656359466827,0.005446091808007383,-0.007457128438579363,-0.0035525194792370225,0.7851603215173782,3.2497449760927037,-1.4883029869809707,-2.1839559361589895
0.012184103333661739,0.0054534311261321975,-0.007446045924325393,-0.0035766296680991186,0.7853497011069527,3.2650813990302363,-1.4727812596202448,-2.1963306385777344
0.012225919819723666,0.005475316038045792,-0.007413752368793983,-0.003646879371842228,0.7857879405948881,3.309595567264053,-1.4271127705199707,-2.231993117161102
0.012212134004585295,0.005468261873313562,-0.007424704327829883,-0.003623989967674612,0.7857835652298782,3.2953731754668776,-1.4423881447774718,-2.22049101499876
0.012198261423770859,0.005460915189085407,-0.007435332760950829,-0.003600571095228919,0.7856113280833791,3.2804583263352707,-1.4575113880741544,-2.2085892390778485
0.012239340436518064,0.005465887869967357,-0.007386715091706137,-0.0036476391614277182,0.778766805805848,3.294438359836161,-1.4068701418158758,-2.2289127706699863
0.012268213392628667,0.005477753503598948,-0.0073603196663480155,-0.003691093333754772,0.7772919189051021,3.3178805061431995,-1.3737102277571036,-2.249604651561288
0.012253528123693291,0.0054716009140291615,-0.007373697563177372,-0.003668886018308033,0.7780192837608334,3.305859502631725,-1.3905959207065741,-2.239056346277923
0.012283039729401582,0.005484467864071408,-0.007347160144369334,-0.003714082203889226,0.7767005978608035,3.330684387662768,-1.3566799366503444,-2.2605379032294723
0.0123668008814277,0.005563862940236697,-0.007309609103871154,-0.003899744822641962,0.789137740169013,3.4747844985585714,-1.2660760322275548,-2.3571699163414883
0.012325288061989341,0.005541625411033465,-0.007345729748575052,-0.003831065193169689,0.7905385047919199,3.4350280327303397,-1.3165187289706386,-2.32502973541941
0.012339161602617508,0.005549040496229669,-0.007333787018982462,-0.0038540694372450304,0.7901041662389904,3.448486035867447,-1.2997978600048476,-2.335901031809296
0.012352983387627803,0.005556464861401041,-0.007321779801735299,-0.003876964997233104,0.789643865373166,3.46176225548832,-1.2830049479606818,-2.3466224002903924
0.012380586650871871,0.005554871063032515,-0.007281708103501928,-0.0038994008837774092,0.7815551306467302,3.457195971805827,-1.246007151231204,-2.352524024285591
0.012394402007279641,0.005562168552515188,-0.007269240871367333,-0.003921756622103905,0.7808625228368477,3.469520597113663,-1.2290329990186066,-2.362611222005644
0.012408289520759466,0.005569499755543241,-0.007256562515738907,-0.0039441400680519205,0.7801116971565989,3.481694009036526,-1.211833407969371,-2.372600680087915
0.012325568866831465,0.005524981006155204,-0.0073291448399755085,-0.003808467718170222,0.7832910616465614,3.4045657139692422,-1.3120411718750589,-2.310173216943987
0.012311518085219608,0.00551747380374868,-0.00734101704256421,-0.0037852352075474654,0.7836408927277443,3.3908580498658414,-1.3285645553201724,-2.2991213086039717
0.012298007525737625,0.005491799128103832,-0.007334259769453692,-0.003737935842629294,0.7762270548970714,3.344364578780849,-1.3394971009016736,-2.271902517649512
0.012311878483088998,0.0055004328774825185,-0.007323946991683064,-0.00376244551334062,0.7765232186805279,3.3601112451849073,-1.3238930736051335,-2.2839255820418836
0.012422441010336618,0.005576687276107726,-0.007243231249167321,-0.003966459190075085,0.7791525576549879,3.4933483744143174,-1.1941362702046767,-2.3823589898096036
0.012436841418699813,0.005584029232375567,-0.007229542804875991,-0.003989113903449385,0.7781368837059645,3.5050240395954972,-1.176012142593178,-2.3921467749368692
0.012451075975453113,0.005591886435546454,-0.007216420665717115,-0.004012272841550347,0.7773090107218025,3.517453564950339,-1.1580387766915374,-2.402217223910433
0.012465066849264449,0.00559991140055905,-0.007203654167564196,-0.004035385815612728,0.7765684798913597,3.530022847583026,-1.1402611568996524,-2.4122461529689763
0.012478960066513634,0.005607785284208774,-0.007190740303828631,-0.004058119326361672,0.7756973728563956,3.542096238299474,-1.122463403397635,-2.421951759452615
0.01250641179979115,0.005623500960876274,-0.007164932166370459,-0.004103019240553832,0.773886143237227,3.565578640999046,-1.0869246756504654,-2.4407999546531314
0.012492725952292403,0.005615624745953701,-0.007177833813612284,-0.00408061561542469,0.7748184907464442,3.5539067890957377,-1.1047022357521519,-2.4314447520815605
0.012520054359330525,0.005631450393230996,-0.007152016803667388,-0.004125412636054184,0.7729693873390747,3.5771806960822397,-1.069078715926748,-2.4500630547554256
0.012533636632007837,0.005639454990751248,-0.007139095742834313,-0.004147758593567236,0.7719956374488887,3.588676705446843,-1.0511893230509406,-2.459210713576162
0.012560991791254488,0.005655470835512099,-0.007112544734858923,-0.004192351058123998,0.7698371789704438,3.610952982981145,-1.0147862447250169,-2.4770490700023395
0.012547278643792506,0.005647446699555203,-0.00712593139428954,-0.004170046856194508,0.770964931724106,3.5999116384029364,-1.0330941391337616,-2.4681946245804522
0.012601040715611203,0.005680095653512132,-0.007073648654149971,-0.004258781553835424,0.766709568855651,3.644130992345307,-0.9605485692646188,-2.5031030519962187
0.012587850285832628,0.005671933837307873,-0.007086555565999392,-0.0042369047480612125,0.767778468129515,3.633324476230953,-0.9785403898239157,-2.49462943636278
0.012574554506196316,0.00566364460847429,-0.007099370782118441,-0.004214679545006775,0.7687927871053787,3.622098154224212,-0.9965515288651478,-2.4858731548156983
0.012642502196060825,0.005686054858212108,-0.007015608632879865,-0.004296828019475372,0.7562441401604056,3.639274403313816,-0.9057241594226203,-2.50952656775832
0.012628610435715525,0.0056787973488650135,-0.007030661771376917,-0.004276230591292094,0.7579517264434469,3.6311838337616327,-0.9245659758358192,-2.5024543980362126
0.012615078091996829,0.005671861154297574,-0.007045309998091537,-0.004256261716099898,0.7596145377045757,3.623310166786773,-0.942838742116226,-2.49551765381173
0.012656443733852454,0.005693756069678896,-0.007000715183830226,-0.004318026210789166,0.754620242072103,3.647929341736162,-0.8866849013670935,-2.516846873134741
0.013325311758468933,0.006228446415041322,-0.006207942052126456,-0.005473344077463748,0.6569358898028894,4.017007661156502,0.20796683964489074,-2.7665968683518574
0.013313477546100792,0.00621809941584284,-0.006225147092974829,-0.005454015275975089,0.6594520320594444,4.01594853283379,0.18657251682383713,-2.766560397511649
0.013301674051517635,0.006207675452356177,-0.00624212999883359,-0.0054344316649679635,0.661924280169602,4.014442537357348,0.16512232133389168,-2.766237509417301
0.013289816799748264,0.00619718778345043,-0.006259045758957245,-0.005414614406911576,0.6644586600474948,4.012621531486688,0.14356856764419265,-2.7656927567343548
0.013395837316872846,0.006291412408675353,-0.0061031390440468665,-0.005588375877931282,0.6411534041496941,4.019555045777138,0.3366952086078676,-2.763479516908752
0.013441963676937662,0.006334769474769678,-0.006032718980257207,-0.005665159917213318,0.6303907693111189,4.019045220188027,0.4231039289871185,-2.758894719603358
0.013430513596112371,0.006323905291790927,-0.006050368171024751,-0.005646095358031504,0.6329559759043497,4.019438975685489,0.40155170389428013,-2.7602745427278808
0.013407540538054735,0.006302091914136747,-0.0060853680551913245,-0.005607454575506227,0.6383510646676006,4.019356940872115,0.3582641141610324,-2.7624063656978772
0.01341909708123435,0.006312954846113855,-0.006067793411806858,-0.005626751053487235,0.6355816600816935,4.01937040973367,0.37991402666854035,-2.7613622943265064
0.013399880737072213,0.006275099142573716,-0.006090119694737398,-0.005558512376282819,0.6366746265094688,3.988365417875823,0.32305729856393434,-2.7493494784746955
0.01338802383039126,0.006264833105165127,-0.006108033404790777,-0.005540150437105717,0.6394199374950066,3.988996428875986,0.3020217789643817,-2.750494057960704
0.013341016175118077,0.006222756165371663,-0.006177259646680116,-0.005463638871378352,0.649766786076123,3.9865706638683065,0.21711845496587953,-2.7520388765979256
0.013353138512306961,0.0062330175781393285,-0.006159381274803567,-0.005482486330275881,0.647046069861208,3.986677114217612,0.23841913330602196,-2.7515205417216255
0.013376403878578974,0.006254448434156806,-0.006125347597164547,-0.005521444830143594,0.642043430135887,3.98883888887689,0.2810494200227968,-2.751192135630213
0.013364942278010614,0.0062437026956308735,-0.006142110314215135,-0.005501969691020112,0.6444883637818858,3.9876134804760963,0.2598498196059668,-2.751320123057161
0.013156103608342245,0.006085772516773095,-0.006443787216942034,-0.005195630748636965,0.692081622990211,3.9847234752548375,-0.09187877576562653,-2.751244611556849
0.013143922411937896,0.006076034218943188,-0.006460009199812271,-0.005175725466760376,0.6943163877406403,3.9812225092915825,-0.11284208395858432,-2.7490473453441813
0.013131775729694687,0.006066182924736817,-0.006475972555211787,-0.005155521709294158,0.6965159926921366,3.977207562681357,-0.13383662144457656,-2.746530239223753
0.013119548982041936,0.006056254198643232,-0.006491894579733883,-0.005135057667640344,0.6988065646714238,3.97286993748671,-0.1549373898531374,-2.7437838841499445
0.013168382218275897,0.006095483525538757,-0.00642724470966126,-0.005215396420866182,0.6896861751289983,3.9877885771375605,-0.07082258581252208,-2.7531622704437413
0.013180715575239208,0.006105343729189006,-0.006410549842837683,-0.00523531983793903,0.687121628747544,3.9907740938222216,-0.04956726459156079,-2.7549754295149125
0.01321715550803255,0.006135947583312688,-0.006361156211001222,-0.0052961140026880895,0.6797368408824296,4.000497432615821,0.01471962467575441,-2.7603740750029786
0.013205094111523666,0.006125724314051908,-0.006377598086707581,-0.005275936203641412,0.6820923349801461,3.9973978120283746,-0.006677320772199054,-2.7587149133825766
0.01319297523944072,0.006115457832642851,-0.006393980093798554,-0.005255561934873743,0.6845387906635728,3.994010021334818,-0.02813800425293886,-2.7568434491966376
0.013293809693557784,0.006180783787601211,-0.006244749825770197,-0.0053854327943096405,0.6597347903371892,3.980131052233265,0.13219332390583036,-2.750538027117511
0.013281532860875004,0.006170223786563647,-0.006262104975428025,-0.005365434865051759,0.6623086078908766,3.9783202479802955,0.11047922941634684,-2.749891223464296
0.013269007287270198,0.0061600909813881,-0.006279958137055953,-0.005346051033081028,0.6650225351537675,3.9772524647945313,0.08891823253989667,-2.749521683017384
0.013256651831719516,0.006150117672590692,-0.006297446192520469,-0.005326841504871679,0.667685522932293,3.97595624487835,0.06766307179774349,-2.748970622047233
0.013244536511671115,0.006140041881772908,-0.006314325486448302,-0.005307355908829696,0.6701912630759043,3.973907581226405,0.04656056652816059,-2.747992014053373
0.01323247209937477,0.006129952363395703,-0.006330974638155874,-0.0052877363316125164,0.6726532219604379,3.9714973961811775,0.02551753067849496,-2.746771567791868
0.012720912165185764,0.005771734909327732,-0.006964082611124919,-0.004481302695192576,0.7604736388236218,3.7653842312806654,-0.7883457405300484,-2.5895289844653857
0.01270773983968381,0.005763237958634895,-0.0069780595914147375,-0.00445959347887528,0.7618768232695466,3.756038171375361,-0.8076186346159463,-2.582245807285148
0.01268126139668517,0.005745963260959588,-0.00700556184001868,-0.0044153818942593735,0.764659171372882,3.736128505117114,-0.8461090388305873,-2.56686064803679
0.012694549617972728,0.005754636467915118,-0.0069918360550918586,-0.004437619010363302,0.7632429869213962,3.746250271138623,-0.8268463479589331,-2.5746755081428954
0.012735442703610047,0.005763791682866786,-0.006934685426445929,-0.004477630591210592,0.7527663513583325,3.742118564674705,-0.7710514079718954,-2.5805144334681382
0.012801573869924024,0.005806830238175572,-0.006862504705452982,-0.00458474002189497,0.7445093706753855,3.7846759160805576,-0.6737179917846378,-2.6137669544311533
0.012788214411772136,0.00579836006360285,-0.006877542814126209,-0.004563658862196961,0.7463643573913847,3.7770176453791877,-0.6934984059937607,-2.6076362574180565
0.012775109427959938,0.005789512876056079,-0.006891739676099927,-0.004542015530029295,0.7479536504699834,3.768219956515947,-0.7129785533505489,-2.60091407477676
0.012762018689563281,0.0057806473721070395,-0.00690575692902274,-0.004520260214972475,0.7494698845394437,3.7591317628888077,-0.7323413478377697,-2.5939929672332487
0.01274875568825322,0.0057720671378305765,-0.006920130844650638,-0.004498767056099996,0.7510823965445405,3.7504435159340956,-0.7517475822065408,-2.587192054159796
0.01281514506987313,0.005815210933278052,-0.006846915487215309,-0.004605683502819718,0.7425132062507275,3.7917609872033418,-0.6536305934596247,-2.6195838406738807
0.01284211429867492,0.005833183148053311,-0.006816496156086051,-0.00464911397067169,0.7388106900007814,3.8075443467508667,-0.6130352825249991,-2.631833374201403
0.012828752106915746,0.00582398633644697,-0.006831422885739051,-0.004627173573865186,0.7405872484957571,3.7993038094023306,-0.6332937887152067,-2.6255803868025054
0.012682778616908206,0.005728910823622741,-0.006989123172395751,-0.004389729099692087,0.7581707224781148,3.7026247634310896,-0.8469112629304224,-2.55024081850992
0.012669201638689257,0.005719987315786904,-0.007002842406865716,-0.004366957228293354,0.7594442099302833,3.691961978946693,-0.8661597126299626,-2.5420597848573028
0.012670498975297477,0.005701861914218796,-0.006985841096897163,-0.004339812698408981,0.7530378931111877,3.6570423903212155,-0.8673557989490955,-2.524373033043758
0.012942718461923583,0.005922699452340824,-0.006713147603655185,-0.0048449815844274656,0.7296897734499838,3.898915928783673,-0.44780376457279575,-2.6916064859572746
0.012955456693851184,0.005932046315394637,-0.006697954439301675,-0.004866097692857909,0.727661287548168,3.905520484572414,-0.42724687654348,-2.696414164874161
0.012980905039423387,0.00595069363332183,-0.006667159108965329,-0.004907935273599611,0.7237045330604038,3.9178612788246103,-0.38599587270542274,-2.7054027625616803
0.012968160214889486,0.005941416573662738,-0.006682693257640672,-0.004887138526247419,0.7256999834906123,3.9119327505198283,-0.4066474715347049,-2.701060602504141
0.012993705731285407,0.005959888624374014,-0.006651337060779926,-0.004928506788342719,0.7215586465461398,3.923309041937952,-0.36528301513101846,-2.7094432041588763
0.013019253671145333,0.005978599221556565,-0.0066195738279030405,-0.004969845000375545,0.7170271768182063,3.934021087741914,-0.32356746230486483,-2.717247140953878
0.01300650467911759,0.005969163379527896,-0.006635431063023156,-0.004949102568498106,0.7192971211209139,3.9286302503100576,-0.3444759033492466,-2.713359129365713
0.012904193104763909,0.005895369476393734,-0.006758891480075191,-0.00478207661431575,0.7357927433049323,3.8791111854246823,-0.5090417349039038,-2.6768062017051375
0.012891390608816658,0.005886341286666004,-0.006773851109404725,-0.004761058330525965,0.7376521266027128,3.8720994309071592,-0.5292369572539332,-2.6715495194723924
0.012878583762725973,0.005877270991062804,-0.006788647600719274,-0.004739869775928379,0.7394905614581484,3.8647468284837636,-0.5493894753212666,-2.6660584608673754
0.012865709112448097,0.005868203776855264,-0.006803417104183179,-0.004718556417807772,0.7413489115988324,3.85719048913232,-0.5695476745777118,-2.66039554903501
0.012919028781207731,0.005888017719370212,-0.006729010851642345,-0.004776535365346189,0.7281522562206993,3.8532414870569087,-0.49390203523358034,-2.665771806033657
0.012931971939566094,0.005896834640107148,-0.006713509764519299,-0.00479694717568068,0.7260692997149248,3.859242555456777,-0.47378260008355566,-2.670428153665719
0.012944908425276973,0.005905922432068108,-0.006698069104991505,-0.00481770131420739,0.7240282175063674,3.8654962855682133,-0.4534812408801599,-2.675153108867127
0.012868034844805731,0.00585169971883675,-0.006787607324955552,-0.0046924952662132915,0.7354222482066612,3.824043529372107,-0.5732092250403181,-2.644053972775445
0.012855137457082486,0.005842498543636111,-0.0068020634383964195,-0.00467097583132984,0.7371541536164387,3.815987950661229,-0.5930660436459706,-2.6380800905862913
0.013031945978882506,0.005988152704235565,-0.006603746874577676,-0.004990660241964768,0.7147838771638132,3.9394076772430027,-0.30258906537604874,-2.7210674905873655
0.01308201755395554,0.006027007330886894,-0.006540617957867432,-0.005073726537720327,0.7059484777298737,3.960081396580843,-0.21849299689482013,-2.735223736550062
0.01306954330952044,0.006017314363760839,-0.006556549134049408,-0.005053168918390804,0.7081100805023263,3.9553201085250156,-0.23952809263009975,-2.7319893618894118
0.013057106659879913,0.006007536543676111,-0.006572223445400532,-0.005032369999655639,0.7102790533475917,3.9500871715572576,-0.2605360610506462,-2.728454930274222
0.013044578140463857,0.005997795374361139,-0.006587936759250985,-0.005011500465183558,0.7125260549246385,3.9447419601072737,-0.28156506741274395,-2.724793914545037
0.01312300476100252,0.006039784951678042,-0.0064766026287208815,-0.005107152826823052,0.6935730493118384,3.9395643996642247,-0.16300286205394576,-2.7277403068702957
0.013110343551666905,0.006029842773996267,-0.00649300556564789,-0.005086558003702017,0.695906817551342,3.9353224476095003,-0.1842424545432285,-2.724929176288511
0.01309746893322738,0.006020324882760365,-0.006509882134686568,-0.00506652505546631,0.6983834072017036,3.9317870929219088,-0.20538758638987673,-2.7223864491309375
0.0126392250056941,-0.005753296411412851,-0.0070776989604800925,0.004398662612283515,0.7819511182276604,3.769509998484073,0.903309102095366,-2.5752512018165423
0.012652553475482133,-0.005761608788737447,-0.007063858628979832,0.004420854907113512,0.7814429254783782,3.7797442827895176,0.8839364022528026,-2.583156643991636
0.012653228921857258,-0.00574568314032212,-0.007048962495782927,0.004396129913760611,0.7719864236863528,3.7497864956203144,0.8817834372973153,-2.568675003469684
0.01263987477548262,-0.005737339723295445,-0.00706273349022937,0.004373968708156785,0.7736493215392296,3.7396039679594364,0.9009967991982512,-2.5606446634087217
0.01262587050132173,-0.005745025956567025,-0.007091473366133681,0.00437642073302431,0.7823089301372085,3.7590527955762316,0.9226174275557857,-2.5671837475020443
0.012394989703775476,-0.005610919877832094,-0.00731501975281355,0.003991558680988313,0.8036515302684387,3.560057938431212,1.237932958270911,-2.4080679450823816
0.012394798801265842,-0.0055948994402775605,-0.0072995563071869855,0.0039683509559845205,0.7921933240863462,3.531742323745823,1.23227112863649,-2.39436513273608
0.012408766398519249,-0.0056184655156709526,-0.007302435732651036,0.0040145342311672435,0.8020880208069107,3.5728535870450018,1.2201188503023612,-2.4184981093314266
0.012408647353987043,-0.005602413859856059,-0.00728693685489306,0.003991206918470277,0.791550574680341,3.54444215413358,1.2146159860847436,-2.4046674266539516
0.01242251932881241,-0.00562605440116932,-0.007289776547767651,0.0040374757001987545,0.8003836421753662,3.5855642266762136,1.2021995950902353,-2.4288128598148337
0.012422460776750688,-0.005609990578540215,-0.007274279577890087,0.004014037991357037,0.7909787677341841,3.557029479318954,1.196904494484112,-2.41483311667918
0.012436248360560212,-0.0056336864604488515,-0.007277047228987245,0.004060373977438136,0.7987829399463546,3.598176931405495,1.1842052847484954,-2.4389590215995343
0.012436233373296711,-0.005617634125596647,-0.007261595461868568,0.004036846899874964,0.7903945705806078,3.5695118326587125,1.179139665143399,-2.4248785808633673
0.012449953359711831,-0.005641361619124992,-0.007264255238722101,0.004083215818883048,0.797916294629187,3.6106648394090626,1.1661620824522039,-2.4489076302193613
0.012449961476239389,-0.005625339009962008,-0.007248884012872782,0.004059624580152181,0.7896759178590053,3.5818851457168805,1.1613123505380212,-2.43481500384849
0.012463634192265595,-0.005649079802306202,-0.0072514043568154786,0.0041059946809300606,0.798205730517911,3.6229843799297807,1.1480687338042517,-2.458680605587241
0.012463651575488599,-0.005633082437067026,-0.007236115294036181,0.004082346444792855,0.7886357793008559,3.5941141136015475,1.1433874609972206,-2.4446389769344243
0.012477290724274193,-0.0056568409345932255,-0.007238484761506461,0.004128728038334022,0.7986737983505551,3.6350992050524042,1.1298733357238995,-2.468351729022002
0.01247732757248296,-0.005640836187904219,-0.007223231383533815,0.004104992722718721,0.7873035088708612,3.606152095984067,1.125312094114843,-2.4543371577567785
0.012490922821849835,-0.0056646449400784196,-0.007225480600793325,0.004151443635746185,0.7977255122007328,3.647028146441564,1.1115168950686662,-2.477979836827025
0.01249101026206974,-0.005648601021851577,-0.0072102053601505725,0.0041275784459813974,0.7860600671256667,3.6180035579607117,1.1070741835219222,-2.463901498114261
0.012504530351169442,-0.005672491742345133,-0.0072123904132540655,0.004174143808093327,0.7954265381366948,3.6588393218158717,1.0930033469428337,-2.4875435461755444
0.012504692610335667,-0.005656415575066551,-0.007197081939662155,0.00415014933729375,0.7851707611895885,3.6297325840586194,1.088727353859795,-2.473336730728794
0.012518113178479765,-0.0056803812644671365,-0.007199227171663214,0.004196805965237329,0.7931417761406546,3.6705747401166113,1.074390222516748,-2.496968987331363
0.012518347646709187,-0.005664311120583735,-0.007183926051541203,0.004172728890304564,0.7844512791087493,3.6413800700616465,1.0703305851755476,-2.4826501709984607
0.012531671170102518,-0.005688313429008118,-0.007186002328850774,0.004219410475742284,0.7917431862970782,3.6822103410153737,1.0557290256487106,-2.5062000103327335
0.012531953080061414,-0.005672278496948864,-0.007170759952565247,0.004195289498643611,0.7835906869893466,3.65292275814901,1.0518988923872932,-2.4918420420879177
0.011225726680354415,-0.005092325175321454,-0.008008733313669808,0.0019997906071559067,0.6828933637919709,2.1629821258579205,2.2201030265880455,-1.2754595683194738
0.011241715078225668,-0.005095264922173396,-0.00800068796830998,0.0020250387065557205,0.6854530207546697,2.1807993938288983,2.2108008800508485,-1.2914428864120042
0.011072020273775398,-0.005057484090066856,-0.00807056332989488,0.0017500976528961754,0.65141712034145,1.9819352864038124,2.295120750711106,-1.117990996879423
0.011087888491013725,-0.005060606083667984,-0.008064289235452354,0.0017757395412617953,0.6547455495119766,2.0004173192744124,2.2876757871210605,-1.1342587224939955
0.011103443920018302,-0.00506443232254762,-0.008058881156951886,0.001801323177816092,0.6582850777567454,2.0191634592212373,2.2809021877567406,-1.150344090349113
0.01111845564533982,-0.0050686656472355715,-0.008054151391518874,0.0018263361913038489,0.6619002715783835,2.0377144991234313,2.2746943963727997,-1.165977870034489
0.011165145057748398,-0.005077799860668611,-0.008033891058591973,0.001901292486971477,0.6708778022929893,2.0914643232329273,2.2508475599372777,-1.2135134140354193
0.01113389907389584,-0.0050722747663021,-0.00804827818118299,0.0018515612279811765,0.6652215342100646,2.056099478566807,2.2674866893305112,-1.181881936435424
0.01114936522816757,-0.005073599443313222,-0.008039595632253907,0.0018752667061728678,0.6673871061749174,2.0723257799763117,2.2580780800937847,-1.1972092792662183
0.011194907983258482,-0.005086086512557857,-0.008023142389602595,0.0019505540532171598,0.6774393785755323,2.1278201793253615,2.2370651486166904,-1.244323340521962
0.011209971219400617,-0.005088749873038484,-0.008015724790944678,0.0019743741907242087,0.6799499420505946,2.1446519698320192,2.228512695612306,-1.2594458726074136
0.011189529655349814,-0.0050717073990438665,-0.008010250115821859,0.0019327920278212275,0.6702716327711814,2.109026190247454,2.2282353986801624,-1.2353609314354321
0.011176936014286775,-0.005065634910932915,-0.008011859914767284,0.0019103064999394029,0.6663100083109431,2.0913934748422878,2.231821829187347,-1.221766622499933
0.011318065711710259,-0.005116049250319369,-0.007967898180464048,0.0021498775482174074,0.6999301642991989,2.2718395683799346,2.1698041312978495,-1.3693556952171573
0.011334414278290697,-0.005118835230781775,-0.007958497207478566,0.0021751925900841407,0.7020012109955421,2.2893308077894825,2.159078025724094,-1.385321836382438
0.011287185424439662,-0.005109517506783689,-0.00798375228943343,0.0021008966458849203,0.6951516333436284,2.2371461272347335,2.1885035843887333,-1.3385578513622745
0.011302227892325127,-0.005112431960462426,-0.00797579383605792,0.0021245830118378083,0.697374242276033,2.25379453618951,2.1792447747572026,-1.3534875463208402
0.011254024663065153,-0.005081842785332015,-0.007976362243643965,0.0020330459243133696,0.6799930652045513,2.1788819335447047,2.189870743952073,-1.2990532251860516
0.011269481863879618,-0.005089134195228702,-0.007973444172619843,0.002060473076351923,0.6844233915767329,2.200241720159045,2.1844759817891446,-1.315647752957844
0.0112818805567322,-0.00509534095342979,-0.007971408986961876,0.0020827540163778926,0.6881357628642101,2.217769816383865,2.180327856144171,-1.3290952326104315
0.011502868700034656,-0.005168183907259757,-0.007875657409171006,0.0024490692950068023,0.7287251105190421,2.4869178412156763,2.0550373273742366,-1.5542482482327655
0.011456421813734812,-0.005156444812726933,-0.007902398152239436,0.002375698542000816,0.7230906362841342,2.4356129028780007,2.087303174108632,-1.5090728240426874
0.011471272011789073,-0.0051600890970728095,-0.007893871268205024,0.0023991265648536926,0.724915101400617,2.4520082161271186,2.07705304844056,-1.523551447030098
0.011487037840153752,-0.00516353767548755,-0.007884190152742514,0.0024235688169447506,0.7265612545965556,2.46877241873074,2.0656766805010256,-1.5386392219274063
0.011441738085492663,-0.0051512536195949,-0.007908886694104158,0.0023511426119673076,0.7204666595784105,2.4174662443799844,2.095969710501851,-1.4940399227872165
0.011410403877643492,-0.00514254238879869,-0.007924978402922422,0.0023005932546895165,0.715782619149386,2.3812805455740995,2.115885285298873,-1.4628217245777015
0.011426118175112547,-0.005146076187829464,-0.007916032083130199,0.0023252777532552222,0.7177536446380345,2.3985078861388947,2.105292056318525,-1.4781613080585527
0.011405656835567046,-0.005128682338547617,-0.007913064115274395,0.0022826679667565324,0.7090486569206118,2.361662529714822,2.108345724661999,-1.4531555255255408
0.01139352906422536,-0.005122642192005283,-0.00791604017799992,0.002260970704504286,0.7058454208198413,2.3447138913310215,2.113554042782715,-1.4400735993844698
0.011379102750828584,-0.0051161999945760145,-0.007920305188113807,0.002235768120754359,0.7023690042139311,2.3253785777022924,2.120215097943024,-1.4248035691869445
0.01136371895998306,-0.005110375451360044,-0.007925898142147449,0.002209721818777417,0.6990970564196094,2.305879304536138,2.1280161106037667,-1.4089023547440176
0.011347521823483772,-0.005104713470967521,-0.007932162332076815,0.0021826483667140447,0.6958120045960149,2.285811889030296,2.136435701451139,-1.392310501395501
0.011515669279173074,-0.0051548011122884985,-0.007849314033230727,0.002454529451898445,0.7221643082629314,2.480814400518397,2.032602883661948,-1.5589964566227197
0.011531283023706665,-0.0051593960965303,-0.007840663929367093,0.002479429607528215,0.7241501452204436,2.498332547979959,2.0219045082060805,-1.5741181314447115
0.011549238878432863,-0.005183149703086593,-0.007851289650470205,0.002524650712796298,0.7352085023877426,2.5411539902258755,2.0239042161515672,-1.6002365606122815
0.01163759434359493,-0.005215639392098067,-0.007805514925833443,0.0026711625424318155,0.7476761739559868,2.647271646064605,1.963132537689465,-1.688417003478902
0.01156422220694144,-0.005188962015650875,-0.007844224081349481,0.0025498681140624473,0.7376356025143745,2.5597295212461053,2.014266985860033,-1.615462295384164
0.011578673027063393,-0.005195069933233597,-0.007837837764260445,0.002574623285924935,0.7401425317159368,2.5782276200784007,2.0051896157320677,-1.6303642750839111
0.011593291935300986,-0.00520020394095563,-0.007830062016469143,0.002598671562577298,0.7421122637978409,2.5955497251592483,1.9950287154324224,-1.6448799152243152
0.011608371028136824,-0.005204760939764872,-0.007821067197503492,0.0026227370106695074,0.7437397531381865,2.612342744539683,1.9838082010575062,-1.6593975602981352
0.011623298304656969,-0.005210075286981419,-0.007812920724845117,0.0026472624131045823,0.7456647380290914,2.629906056095878,1.9731493068812866,-1.6741178067635107
0.011547058267335179,-0.005164494533458062,-0.00783228078005472,0.0025049365872015232,0.7263077810466431,2.5164837346283577,2.0112795543904944,-1.5895436339330027
0.011652007618140005,-0.005219875329261797,-0.00779637819566046,0.0026938953601833844,0.7489777884686301,2.662871134329023,1.951840398483948,-1.702039774263296
0.011666943411816523,-0.0052241591735612885,-0.007786651592734503,0.002717283782843739,0.7501944869727885,2.6787435669489024,1.939921510299938,-1.7159917745803348
0.011682442930872809,-0.0052285055492277245,-0.007776300845447671,0.0027413826892964534,0.7513566716653165,2.694974152424957,1.9273098133261668,-1.7303460118126193
0.011698708328782871,-0.0052329996909240145,-0.0077652005187360375,0.002766520486585359,0.7524266025364299,2.7117307373121835,1.913871425034506,-1.7452395082319343
0.011714591915067513,-0.005239141234901941,-0.0077561429626195255,0.0027927373692913627,0.754241818726464,2.730370956829645,1.901817995427999,-1.7607106898650178
0.011729341448757044,-0.005245883168092277,-0.007748732182438981,0.002818086799385248,0.756342011901645,2.7490276582293034,1.8911727792265822,-1.7756290014412957
0.011743277955888878,-0.005253002708809981,-0.007742422996926669,0.0028427795002390374,0.7586031951386739,2.7676466684888403,1.8814585544725906,-1.7901355808214563
0.01175810574324563,-0.005258333722703713,-0.00773308900772831,0.0028667234171527198,0.759889302029258,2.7842093229562406,1.8693786979858282,-1.8041660771452417
0.012099224892168319,-0.005446518059485789,-0.007546489261809004,0.003479045243919114,0.7984575952899164,3.2357689891900425,1.5767588299592,-2.1525653085487995
0.012086162244613058,-0.005456000980507259,-0.007573198816647833,0.0034768824603366847,0.8085261980211923,3.2457878403793283,1.6011299063141642,-2.151625523713697
0.012028896391215732,-0.005430144484372425,-0.007616290556870485,0.0033814461589069863,0.8076597358229746,3.1830520148751567,1.661225720201707,-2.099522312508086
0.012027365190446353,-0.005414223646266591,-0.007600741350937718,0.003360272517480997,0.7970973143365003,3.158240575090147,1.6516048050159349,-2.088460174244247
0.01204324324720037,-0.005436541110871044,-0.0076056483679328895,0.003405315275193053,0.8100333052062701,3.1988884560063204,1.6464708227609357,-2.112524593142101
0.012041743544285536,-0.005420619674810344,-0.007590105397763831,0.003384092882288028,0.7969745936153836,3.1739519022603973,1.6369316964970364,-2.101474182897201
0.012057569938134772,-0.005442982779307931,-0.007594918268796362,0.0034291795437296746,0.8106850231364929,3.214572733566868,1.6315232846640335,-2.1255662266918263
0.012056130110845395,-0.005427005831631803,-0.007579306510625205,0.0034078464329275345,0.7969302162131875,3.1895197423573003,1.6220427994385245,-2.1144044611629003
0.012071876318959047,-0.005449469424458649,-0.007584097899321134,0.0034530438643181082,0.8096333522368205,3.2301904005593065,1.6163901272469337,-2.138631103787328
0.01207052223901145,-0.005433429190135013,-0.007568396787354278,0.003431581002095671,0.7973238997115505,3.2050003685505533,1.6070099394590291,-2.1272353222239793
0.012084893695488123,-0.005439933485320403,-0.007557450710888056,0.0034553201998836296,0.797938511327147,3.220423775891629,1.5919106038306996,-2.139954822718989
0.011773300339007803,-0.005262950835082679,-0.007722444339334486,0.0028903185795849887,0.7607555390099524,2.799817496733642,1.856253773583931,-1.817918105476079
0.011788489529495086,-0.005268122380354416,-0.007712265822056633,0.002914407741872013,0.76180653745243,2.8160633667141486,1.8433574485465678,-1.8319037517071102
0.011803469236957865,-0.005273892757085095,-0.007702814456023257,0.002938804575527774,0.7630821816924939,2.832920920889268,1.8309172571333783,-1.8460286006068956
0.011834126933833325,-0.005302463836867356,-0.007701321754906266,0.0030066304369323785,0.773327971325977,2.8921717703372867,1.8157147178453794,-1.8858095827198864
0.011818045432513564,-0.005280058691491588,-0.007694076907175634,0.0029630757605343147,0.7645066612656181,2.8500132316769995,1.8190035404307885,-1.8600494083091832
0.011832049545643285,-0.005286125919403983,-0.00768570384403837,0.002986503601790615,0.7658837086613507,2.866548096498224,1.8074845854407033,-1.8735487680685348
0.012025997282600695,-0.005397917716091326,-0.007585299631972715,0.00333917867677999,0.7911313740344612,3.1291222233576157,1.646202739754649,-2.073564067362328
0.012011585102041833,-0.005391374136109837,-0.007595602348062087,0.0033152135034151867,0.7905821806053912,3.1131018507335266,1.6604644593353333,-2.060411060220065
0.011982398188552554,-0.005378587043710671,-0.007616513397449752,0.0032670449949991423,0.7896671779212442,3.0809826288081443,1.6890483223326986,-2.0338344344743544
0.011997048565173807,-0.005384895771131676,-0.0076059745662568614,0.0032911255724163836,0.7901007753855468,3.096998012502659,1.6747338514264454,-2.047138699779851
0.011923979712839927,-0.0053546385160394795,-0.007658362539664472,0.0031717537544849288,0.787162672741669,3.017503767291371,1.7450829271354475,-1.980655857064874
0.011967699169434617,-0.0053724714924199635,-0.0076271670705186775,0.0032430668279392473,0.7892188279665414,3.0651091270266417,1.7033475849078739,-2.020549099020776
0.011938476545293607,-0.005360566738595335,-0.00764817979361205,0.003195483582959228,0.7879635268445592,3.0334742857323853,1.73141354658135,-1.9940051268529866
0.011953042888026498,-0.0053664848864616935,-0.00763776173611004,0.0032192180053560514,0.7886556206213071,3.0492993269406816,1.7174959262904734,-2.0072796446428796
0.011848952226219801,-0.0053078292368829135,-0.007691096853388432,0.003030366740671407,0.7741559153974852,2.9081273482434753,1.8024996730440954,-1.899441753968852
0.0118639438725364,-0.005313658831067762,-0.007681049811780774,0.0030547413824034285,0.7751487395099156,2.924727778390459,1.7892337560457798,-1.913397075343761
0.011878718058571212,-0.005319987258849998,-0.007671636500170101,0.0030793444284022368,0.7763386966491,2.94184879547352,1.7763576770570422,-1.9274557831737589
0.011893242881204908,-0.005326276865951601,-0.007662310673951026,0.0031035561171924996,0.7774630209350883,2.9586639077568377,1.7635633842531788,-1.941241778811862
0.011907718410381773,-0.0053323032951972035,-0.007652609913452911,0.003127362679276952,0.7783731304400555,2.9749109719163673,1.7504886857562332,-1.9547238282745465
0.011922114877695374,-0.005338297891907047,-0.007642820879240508,0.0031509828260509556,0.7792240213185221,2.9909330692933973,1.7373198774956935,-1.9680413175254865
0.012255287144205318,-0.0055217149182414695,-0.0074210394332738855,0.0037372783896799226,0.7971687755170725,3.3972341455708697,1.402260893604559,-2.2851471004474857
0.012241915987078057,-0.005530792832404855,-0.0074485721465490035,0.0037364191387709964,0.8100920681698215,3.409925473356985,1.4264757196830837,-2.2860808358721214
0.012213791167466397,-0.005516794822133637,-0.007471899140664891,0.0036895502977373645,0.8111011797503985,3.381276418016622,1.4594188343375907,-2.2622672098636465
0.012227864587089588,-0.00552377174603527,-0.0074602793858408204,0.0037129891214413876,0.811363363548162,3.395653543955366,1.4430381728757455,-2.274173426619084
0.012227007378348037,-0.005507741453643303,-0.007444729279161019,0.0036906836277194187,0.7974155045535481,3.369003627501513,1.4351929980562839,-2.262026990977478
0.012241158337271149,-0.005514695131717789,-0.007432909776861796,0.003713987266394061,0.7971896207119432,3.3831643258266166,1.4187632542077153,-2.273651432573318
0.012199695861056147,-0.005509862126966205,-0.007483436889542971,0.003666091872816427,0.8095886848476509,3.3667350535040232,1.475623250145005,-2.250365043314491
0.01221285621793511,-0.005500815736827563,-0.0074564338167045574,0.0036673405889656855,0.7979911175359543,3.3547124807156634,1.451488824151842,-2.250275451740244
0.012143098494643411,-0.005482574976576021,-0.007528902403825558,0.0035717901109283945,0.8089661500728881,3.3073534096178885,1.5392749641521213,-2.2019094881990977
0.012141971335100843,-0.005466622077574638,-0.007513381080679465,0.003549986547133448,0.7990310444626875,3.2812331064536875,1.5307978018077237,-2.189877648497381
0.012185578797026963,-0.005502973724561289,-0.007494910436478294,0.0036425777080661133,0.8090740362660972,3.3520450851671613,1.4917138866238193,-2.2383913442611885
0.012198708522043666,-0.005493888468558964,-0.007467989033620822,0.003643927826560136,0.7985105523182491,3.3402395051565104,1.4675980277641367,-2.2384021364797815
0.012157279968945644,-0.005489330079069643,-0.007517654601157809,0.003595403198605954,0.8102255726532306,3.3223813856447664,1.5235758610765224,-2.2141247099215144
0.012156167755188277,-0.00547338204338015,-0.007502176689442224,0.003573519114130528,0.7987112983702959,3.296141065157652,1.5151964407504306,-2.2021512867780846
0.01217144011803954,-0.005496129685063255,-0.007506321829636135,0.003619003491106373,0.809985393388757,3.3372613114900687,1.507713568677645,-2.2262978728483285
0.012170362696486562,-0.0054801580013479345,-0.007490847463809424,0.0035970005277375385,0.7985110287192558,3.3109176004086023,1.499427343361119,-2.214332733728672
0.012184547143716787,-0.005486988841408437,-0.007479442728505187,0.0036204677428249214,0.7985874404964431,3.3256170528914617,1.483555596449816,-2.2264179332739267
0.012112575766262512,-0.005436662115929246,-0.007519719107614731,0.0034810822333603566,0.7929041315483228,3.2208611324044445,1.556862693732561,-2.1496275551162074
0.01212684948815334,-0.005443445771995181,-0.0075088095535371805,0.0035047286821066627,0.7930483967349734,3.236066803202839,1.5417353979989084,-2.1620856913183624
0.012141032397770125,-0.005450300475681055,-0.007497941492838114,0.0035283036388036285,0.7932248113159409,3.2512083833126053,1.5265864005745622,-2.1744446432353395
0.012394772259687638,-0.005578566566885654,-0.007284275096185026,0.003945235504139032,0.7878191615943501,3.4999597999815,1.2313396985843161,-2.377854561535534
0.012268983158271409,-0.005512170116136871,-0.007393337231856085,0.003737830099702974,0.7921783842218292,3.379523234803463,1.3830282179628277,-2.28007549779262
0.01238084629655288,-0.005571154957143051,-0.007296874949215374,0.003922500298020422,0.7884193407127283,3.4873431195462694,1.2486822000592,-2.367573650730502
0.012283134958538193,-0.005519281135141029,-0.007381305418360446,0.003760981302456221,0.7917595943927629,3.393220265988098,1.3664728453767958,-2.2913215366099062
0.01229723418481077,-0.005526462442511776,-0.00736926711982476,0.0037841002565355913,0.7913315662639905,3.40684469087788,1.3498523138622327,-2.302475820768576
0.012311303960818538,-0.00553371880028725,-0.0073571956296754745,0.003807216239222502,0.7908760038699688,3.4204051459423908,1.333140291799804,-2.3135471995357944
0.012325342197157594,-0.0055410662142612805,-0.007345109273703168,0.0038303498227372115,0.7903777915198339,3.4339307316378442,1.3163438864503616,-2.32454786990078
0.012339309971014567,-0.005548525944517567,-0.00733308228597434,0.0038534959935715945,0.7898436404911796,3.447464240969444,1.2995166530721072,-2.3354876799644937
0.012353178858003966,-0.005556087321978862,-0.007321144192100191,0.003876617764347423,0.7893304201803484,3.4609923628261083,1.2826895910976537,-2.3463530387109945
0.01236699411814815,-0.005563664134839586,-0.007309149615210738,0.003899639734254731,0.7888817613743156,3.4743534342773934,1.2657869049662092,-2.3570754106021767
0.009592106779443133,-0.005016665461698991,-0.008305414759298222,-6.798101765135208E-4,0.21777927745456702,0.324153147363398,2.6137288768589824,0.42808647996017624
0.009583099650135088,-0.005003207814111686,-0.008286985118119873,-6.913726887624803E-4,0.2095555731297332,0.3156297978953235,2.603190645785037,0.4306059562974322
0.009607761596875476,-0.005015408839722729,-0.008307510697150657,-6.536988932091646E-4,0.22242540312094072,0.3409792279781502,2.613983328865284,0.4115037933534818
0.00959880949526004,-0.00500192014177023,-0.008289142070246931,-6.653230341359663E-4,0.215059769410856,0.33240597933049787,2.603367110384859,0.41417892458501054
0.009623420217022645,-0.005014201401274544,-0.008309524506911081,-6.275817166836936E-4,0.22708841095664534,0.357836732351083,2.6141778547479246,0.3950078895607529
0.009614523892711219,-0.0050007041711368615,-0.00829124068573728,-6.392704519275065E-4,0.22056973422461576,0.34919365878688685,2.6035104616310343,0.39776987655446727
0.009639082495257913,-0.0050130431569171624,-0.008311455862553548,-6.014640292466744E-4,0.2319252378119964,0.3747147804356789,2.6143041017929605,0.3786195603081864
0.009630240688551063,-0.004999561523907429,-0.008293282051676912,-6.132183631829849E-4,0.22608039046016423,0.3659938937942809,2.603627272717482,0.3813741685354057
0.009654748287466774,-0.005011934116815128,-0.008313303820624765,-5.753602745627473E-4,0.23757006836828173,0.39158645775994333,2.6143576250655283,0.36235503956474974
0.009645950571995859,-0.004998488837388605,-0.008295260434031178,-5.871795153866415E-4,0.23147422861176606,0.38280470463141847,2.6037158143106827,0.36498763125046724
0.009670417450053835,-0.005010874290742819,-0.008315067949539259,-5.492780682086773E-4,0.24448346158905998,0.4084207819505676,2.6143370219485806,0.3461727687992786
0.009661644882934596,-0.0049974625254190705,-0.008297148383003378,-5.611610622733182E-4,0.2365649741014708,0.39963419977701203,2.6037560852102826,0.3485871661378018
0.009686089839949744,-0.0050098636880925584,-0.00831674977427832,-5.231952940427805E-4,0.25160801319197484,0.4252228281732986,2.614246475799725,0.329950380814555
0.009677328287578278,-0.004996444019566928,-0.008298905397876548,-5.351484539323116E-4,0.24140281986308407,0.41650321617768166,2.6037186959342105,0.3321382299648162
0.009693019784261738,-0.004995423246676279,-0.008300524708585501,-5.091134959801409E-4,0.24641984130353256,0.43342620695003736,2.60360031640796,0.31564391564049465
0.009451408652823314,-0.0050301863683028455,-0.008282880853784492,-9.142967073610992E-4,0.17060965767427572,0.17422987512244534,2.6097688101865844,0.5768350676215437
0.0094576915691565,-0.005015332694806212,-0.008266855422540569,-8.993540739778285E-4,0.16824496210295156,0.18215394104465196,2.59986132506617,0.5627080282810218
0.00946401238296876,-0.004999986439850363,-0.008250908851374876,-8.844112917092396E-4,0.17147605602881064,0.183573467448211,2.5881833676974115,0.5553205873626631
0.009479760297601282,-0.004998471891627968,-0.008253890310856283,-8.58478716778859E-4,0.1765071634231492,0.20030266112938752,2.5889092325299363,0.5387189324446452
0.009495468381412088,-0.0049970659828945385,-0.008256844928615718,-8.326235595518598E-4,0.18160143402316264,0.2170237485140251,2.589627776332818,0.5221809522316646
0.009573976527064008,-0.004989227804482746,-0.008268522289913488,-7.029462154092427E-4,0.2075853013182101,0.30033166791353705,2.591214228866456,0.4395919307908657
0.009511123210360318,-0.004995641047269172,-0.008259619817099294,-8.068296239232498E-4,0.18681029840075,0.23368517823638,2.59023626194044,0.5057032868195037
0.009526756671554105,-0.004994046131818038,-0.00826204756609073,-7.810062987067952E-4,0.1920884050662303,0.25027288407494575,2.5906177608437697,0.48923711871523995
0.009558192914559956,-0.004990704281475188,-0.008266343050883578,-7.290126711882134E-4,0.20246306038284126,0.2835620737694571,2.5910022011765643,0.45616183901946483
0.009542438183623035,-0.004992334904828681,-0.008264209705984162,-7.550624036910601E-4,0.19731816464048837,0.2668700454731869,2.5908211627898594,0.4727247772252983
0.009754488623944998,-0.004963090783876568,-0.008272370260382465,-4.03151628958627E-4,0.2653127198104868,0.4903120316506869,2.5799224878953164,0.24795382037441185
0.009731556732965437,-0.0049786900022776555,-0.008287388744645185,-4.4301361388714714E-4,0.25998078315329204,0.469277655518999,2.5916289427797357,0.27489641576259505
0.00973871567944905,-0.004963462128798429,-0.008270519738791822,-4.2898686673759073E-4,0.2600149615156249,0.47321192389909755,2.5798995125207558,0.26428923109046004
0.009715713271893717,-0.004979484327745271,-0.008285823518823891,-4.691441740878705E-4,0.25475831757463335,0.45219848296208515,2.5917945927997974,0.2913950292683675
0.009699895457723729,-0.004980485477057192,-0.008284362610235642,-4.952595068764919E-4,0.24953300585412422,0.43521999521926397,2.5920303132120046,0.307890101416831
0.010157945200273624,-0.004974016556177736,-0.00829541375100397,2.606817279665319E-4,0.4031517775360696,0.9375271757812448,2.5642468866848227,-0.1680151479336106
0.010094577259847186,-0.004972606508131135,-0.00829829690208945,1.5611125193144037E-4,0.38225276391485563,0.8668000977294784,2.5712268315290903,-0.10221792542568532
0.010110366479434621,-0.004972889853809076,-0.008297713054421252,1.8216964372520905E-4,0.38758616199846213,0.8843883310650761,2.5695905011933617,-0.11861467589430663
0.010142070123011205,-0.00497346181478897,-0.00829611469821647,2.344773664679371E-4,0.39798761896697193,0.9197154228684085,2.56599141059352,-0.15153859125128635
0.01012619202683448,-0.004973109241518533,-0.00829690952436127,2.082790775175276E-4,0.3928266332782842,0.901994212889278,2.567793397131496,-0.13505358395424225
0.010252466264046824,-0.004977822950183205,-0.008288859861167092,4.166681781380943E-4,0.43435203110092285,1.0439966234083193,2.5520386581408796,-0.26622564067661075
0.010189494818937146,-0.004975343288084782,-0.00829385821391511,3.1277364955099336E-4,0.4136403238261515,0.9730628975462966,2.560644618415702,-0.2007781834621112
0.010205222232569852,-0.004975928476100382,-0.008292781666464489,3.3872852673939505E-4,0.41886220247733125,0.990758076941111,2.558628539423294,-0.2171216876943113
0.010220973641137157,-0.004976531324427376,-0.008291581721665916,3.6471839068552564E-4,0.4240307194560713,1.0084909083445075,2.556517441248214,-0.2334899087821234
0.010236717458358744,-0.004977190164279658,-0.008290306914672406,3.906951202843542E-4,0.4291989484648719,1.0262445848113446,2.554344787021403,-0.2498518191283269
0.010166477640415783,-0.004959430456500395,-0.008277484258265173,2.733525019406839E-4,0.4016418547886555,0.941861608090467,2.5509662840496685,-0.17926756766343155
0.010182244211668157,-0.004960336830520495,-0.008276989574286813,2.992760424702712E-4,0.4068665018656694,0.9596275641549471,2.5493335707644853,-0.19555023860817156
0.01036295936279657,-0.004984864588553132,-0.008277773240760943,5.990554773919761E-4,0.46968428402685575,1.1699228846057252,2.5348612939097532,-0.3812023980104291
0.010378643001873673,-0.004985952018418714,-0.008275736906527562,6.249244682251243E-4,0.47476062253163215,1.1878687891433064,2.532041927719066,-0.39754445002322053
0.01039440604197609,-0.004986956946656575,-0.00827344511296601,6.50891700736047E-4,0.4797217979087,1.2058573669232988,2.529016553213682,-0.41396841033554904
0.010410229228804892,-0.004988066222667851,-0.008271118789004423,6.769639923766771E-4,0.48459085854007006,1.2239599409476662,2.525943691851966,-0.430453069686938
0.010356216343667556,-0.004969634845559187,-0.008261267743839921,5.849305527360626E-4,0.4624552747259451,1.1559806002831927,2.523408672917254,-0.375920037751829
0.010340614069745591,-0.004968073150852971,-0.00826252796475921,5.592206805686783E-4,0.4573975145978489,1.138025201391981,2.5256787642293985,-0.3597784167628348
0.010324848248162048,-0.004966600827332629,-0.008263784313705122,5.332612028281503E-4,0.45228573290665414,1.119940410165114,2.5279466398839827,-0.34347052186502897
0.010308975792257103,-0.004965362479721563,-0.008265192621253524,5.071683666239873E-4,0.44718665064374025,1.10184869300891,2.530321979788278,-0.3270383688625143
0.010293016531007749,-0.004964328291444042,-0.008266711730691588,4.8096349228636445E-4,0.44209375640508003,1.0837556851552475,2.5327744714958143,-0.3105025568969446
0.010260915600927808,-0.004962999309366141,-0.008270210373293492,4.283432754921457E-4,0.43198452808149684,1.047691229137672,2.537996461192925,-0.2771769778107765
0.010276952395153074,-0.004963495843592534,-0.008268339344769608,4.546115296095894E-4,0.43699816658317925,1.0656375331490322,2.535304191090621,-0.2938421008088398
0.010466957698696025,-0.004977756143099999,-0.008244816092916286,7.664818373375529E-4,0.4962965421906195,1.2822273293517716,2.5013972907595234,-0.49099649667731887
0.01043534125360012,-0.004974720250931934,-0.008249388612122458,7.145515357444924E-4,0.48658202665018885,1.2458391036626748,2.50766574958813,-0.4581696984513064
0.010451168634610758,-0.004976167432903056,-0.008247086148578048,7.405354346969946E-4,0.49143899118364603,1.2640190224739316,2.5045255410011453,-0.4746051418139121
0.01052949207591678,-0.004985487040263322,-0.008236105811919534,8.695551669024585E-4,0.5156575047088664,1.3551162970958692,2.489047330027716,-0.555920679358947
0.010545168186391798,-0.004986773187687266,-0.00823280213038806,8.951685793773895E-4,0.5201487069879144,1.3730598480361957,2.4850637250773473,-0.5722509705758171
0.010560949638846864,-0.004988119320249296,-0.00822939230143646,9.20946052017037E-4,0.5246591866009797,1.391139204932282,2.480970417530811,-0.5886876471774257
0.010523052755680619,-0.004970405004094671,-0.008220341828441372,8.546790930807339E-4,0.5086441078669833,1.340100033969561,2.47795419332896,-0.5496897094558778
0.010507866879515727,-0.0049677122080728385,-0.008221651966921024,8.295454977914847E-4,0.5037555333166118,1.3220694599040452,2.4804131635248763,-0.5339940594724614
0.010492322923110656,-0.004965057509946761,-0.008222974634649353,8.038544869473648E-4,0.49876288415400266,1.303684615456138,2.482901333978973,-0.5179410764566016
0.010476567356777237,-0.004962815974160958,-0.008224700108716808,7.779424594875983E-4,0.4938253335952892,1.2852920859913135,2.485689848275804,-0.501666197335887
0.01041943797896241,-0.00497339745719714,-0.00825171162257349,6.884623529184755E-4,0.48170392515636223,1.2276370773883445,2.510812347668135,-0.44165164312340127
0.010772934913709356,-0.004982839008918718,-0.008142332988045798,0.001253883615124701,0.5707647205131628,1.61696931674104,2.392039911870121,-0.8075059483373915
0.010865389155445158,-0.004998160268817525,-0.008116787168496759,0.0014037584329572937,0.5944477524263804,1.7243939522944736,2.360857314273296,-0.9025443695349081
0.010788170966878733,-0.004987715209052954,-0.008141204088424685,0.0012796998597578027,0.5757223950691489,1.6362787330268243,2.3893259376902276,-0.8233455822261951
0.010801879735010372,-0.004993419162947262,-0.008141607441156487,0.0013035507716853368,0.5807617570749793,1.6545703482028997,2.3879398727815984,-0.8377227939981324
0.010816718315743993,-0.004992410757875642,-0.008133554975056759,0.001326052337155841,0.5831232953498345,1.6695112973028323,2.3799438038303316,-0.852737917029862
0.010833114617645136,-0.004993368535587488,-0.008126921670887936,0.0013518059765428895,0.586623081922821,1.6873592095129848,2.3727970123912345,-0.8694480538057512
0.010849388451870182,-0.004995334310852996,-0.008121364268852916,0.0013778002261610794,0.5904083012805681,1.7057328354120462,2.366451198150808,-0.8861009484192645
0.010876517980850027,-0.004983243268366006,-0.008093953179143201,0.0014133271391377868,0.5901499750070389,1.7252884833618836,2.3419183613820764,-0.9121491002835881
0.010892693870600559,-0.0049866606637355045,-0.008089722604402973,0.0014396493905514897,0.5943191106450976,1.7443421446320924,2.336496721784267,-0.9286993427765359
0.010940710212405044,-0.005011309019732186,-0.008093042089621307,0.001525481821557593,0.6125853823386863,1.811759341297787,2.33234597076753,-0.9797752370623193
0.010924807697903076,-0.004998729392262915,-0.00808697609112158,0.0014946438635169406,0.6046847194957535,1.7860577890545188,2.3299532804147947,-0.9622314542439011
0.010909054447795495,-0.004991526345846181,-0.008086915758622866,0.0014669847443198635,0.5990730823864111,1.7646308005626599,2.332102627121763,-0.9456078634352573
0.011040400415498072,-0.005050945110110627,-0.008082246044274875,0.0016986895934896476,0.6444520741792966,1.9446967341684143,2.3091771106381263,-1.0854461195104486
0.011056164487670187,-0.005053746118630684,-0.0080759626116687,0.0017240572273411591,0.6477560728386647,1.9628750538631465,2.3018342398379055,-1.101583269094654
0.01095945127056383,-0.005015703615754419,-0.008087915855434993,0.0015562717298159975,0.617418616490761,1.8342504992271411,2.3257317071230212,-0.9990900772403403
0.011034479423599478,-0.005037003788799425,-0.008069598647619108,0.0016814618780847262,0.6374580794124981,1.927078639426742,2.3003500449128604,-1.0770149074572442
0.010975814305061024,-0.005020961813851728,-0.008084917015140589,0.0015839315549067607,0.6221277448579379,1.8549814076948261,2.3210464336470604,-1.0161649858226147
0.010989603046915137,-0.005027766708740467,-0.008085022137085255,0.001608594909928469,0.6271740270970299,1.8743606268827662,2.319075263423073,-1.030955592849668
0.011005477679951444,-0.00502736795263181,-0.008075452241820115,0.0016322830610522412,0.6291757064159521,1.8900805119213888,2.3093355003187566,-1.0466506268417817
0.011020968027625075,-0.005031605076265759,-0.008071333424529674,0.0016580143059382706,0.6332133630019623,1.909089539166423,2.3037942129591347,-1.0627009298105852
0.01073561366903115,-0.004957910816558214,-0.0081294625254898,0.0011852973509060328,0.5533196950459854,1.5616379104562945,2.3867585568458582,-0.7681483298413679
0.010752193351049285,-0.004960130597372314,-0.008125003429791116,0.0012118775976657315,0.5575614545591695,1.5804656976493627,2.3813917837148177,-0.7850648080235124
0.010768800179993557,-0.004963341328268102,-0.008121520659066211,0.001238902757334461,0.562143530561523,1.5999409742730473,2.3767309772885876,-0.8020642869696316
0.01106691473596603,-0.005042833017673052,-0.008056722446158815,0.0017334380829089218,0.6441996203565927,1.9643006535637215,2.285275405163799,-1.1100652367337933
0.010601848327575195,-0.004978108166519822,-0.00820405607751921,9.82983103423641E-4,0.5311428541451625,1.4303133071358916,2.457864085828232,-0.631348291021058
0.010618031079809333,-0.004978952055905429,-0.008199402552127992,0.0010090024243796928,0.5353346802080744,1.4483772376213027,2.4526835949934305,-0.6481061611739006
0.010629129124536067,-0.004964904372658351,-0.00817903323587871,0.0010215657349212047,0.5326841406478348,1.452364791895124,2.4361962500083596,-0.6595301256669855
0.010642425317201686,-0.004953102603094047,-0.008160471429457096,0.0010382001263474529,0.5313250475304295,1.459870998047345,2.42083036964399,-0.6730509449519441
0.010687268508101345,-0.00495299755960623,-0.008143365419955433,0.001108238563238592,0.5412309312593241,1.5075600329160819,2.4029113169137504,-0.7188307400729479
0.010703003320556202,-0.004954590332478458,-0.008138981300413102,0.001133351264465123,0.5452081061006976,1.5251817454990995,2.3977871142863534,-0.7348936922369997
0.010719202805738062,-0.004956216221863627,-0.008134302201655107,0.0011591643339127799,0.5492647625012913,1.543291926638128,2.392361785552259,-0.7514192187599879
0.010671965081336138,-0.004949540532696512,-0.008145278262261317,0.0010830540563295738,0.5365956585060965,1.4892548575961408,2.4061005836255016,-0.7031360099161028
0.01065665157833797,-0.004942223940562245,-0.008142586371976679,0.001056416653573221,0.5304417829859815,1.4686805124641753,2.405816547225174,-0.687335932675082
0.010594619892860962,-0.004964572401475639,-0.008190694179725589,9.668792357571933E-4,0.5244075368694712,1.4148900799635158,2.4486016276210973,-0.6239394388358593
0.010570592185923709,-0.0049738491227756,-0.008209535162234423,9.317605686718797E-4,0.5219254097766703,1.3938851978736768,2.465166350897668,-0.5989690064847837
0.010580757825571553,-0.00496028582025341,-0.008190335115469578,9.434699077760523E-4,0.519473222230875,1.3975204925768725,2.4497854365097713,-0.6096677301975375
0.009976469443512445,-0.004957422019043233,-0.008282796398412699,-3.863824624349566E-5,0.339237922173099,0.731691650833922,2.569776475728728,0.017640022895977412
0.009928640438402239,-0.0049578377667683264,-0.008281977291915309,-1.1718702290629725E-4,0.3233233826696873,0.679301758546604,2.572936067594064,0.06719696010983318
0.009944504812074413,-0.004957365963570117,-0.008282000108727027,-9.112393876207837E-5,0.32853792771005635,0.696564245993025,2.5717202209663648,0.05070958376675532
0.009960562644501783,-0.004957282910686567,-0.008282341816807157,-6.475634092983417E-5,0.33389876208183233,0.7141695503075739,2.570705230478491,0.034082108937086485
0.009912972138132673,-0.004958191301991607,-0.008281681394765537,-1.429244708142543E-4,0.31813180617187903,0.6622235435570832,2.573950926922994,0.08345813964863234
0.009897246156207051,-0.004958381756660952,-0.008281049907875563,-1.6874638126397853E-4,0.3128693739832078,0.6450420833229186,2.5747418324529465,0.09974452985801578
0.009881473094850783,-0.004958725639939627,-0.008280454624380323,-1.9465080173754404E-4,0.3076122700250557,0.6278646239261744,2.5755600612168528,0.11610056126452999
0.009865780971518483,-0.0049590550063622315,-0.00827970598287187,-2.2041689628052354E-4,0.30237962351972664,0.6107782037316273,2.576268585016557,0.13236698306012773
0.009850107741802396,-0.004959086728680444,-0.008278467441036328,-2.4611966340013294E-4,0.29708579995500156,0.5936327374030781,2.5766430770889595,0.14855653354651463
0.009834306895266943,-0.004959021765807404,-0.008276962907433856,-2.720090185384831E-4,0.29171571292298687,0.5763317862265426,2.576845601287692,0.16485382627746745
0.009818281413073789,-0.004959234073357068,-0.008275620222832259,-2.9827918145818277E-4,0.2863084723760871,0.5588785436628582,2.577174405691379,0.18142694595584166
0.009770108364341851,-0.004962314244868462,-0.008273580483666972,-3.7749798303031396E-4,0.2704850028286551,0.5071442200116333,2.5795259282166563,0.23169394982512007
0.009802051446630216,-0.004959884419718139,-0.008274625009541766,-3.2492249448040834E-4,0.28090813468404097,0.5413373140133139,2.5777562737057855,0.19828829372702206
0.009785899027291354,-0.0049610281706549825,-0.008274070271219763,-3.514954694263754E-4,0.27562090217392893,0.5240239062527364,2.578632329551075,0.2151624435806714
0.01008676150928725,-0.004957704946132982,-0.008281179777020019,1.424807901133963E-4,0.37562481837518513,0.8532345256892547,2.559967772102571,-0.09667189990363012
0.010039068792406498,-0.0049571184666992105,-0.008282183747694594,6.416480874848415E-5,0.3598812152234517,0.8004711748925452,2.5644395347260835,-0.04727694525412793
0.010054819329089552,-0.004956893904242244,-0.008281503041630818,9.001789810224871E-5,0.3649887632448665,0.81774418670501,2.562725065846125,-0.0636469791764085
0.010070818464305483,-0.0049570770141746795,-0.008281150895121143,1.1628598276670035E-4,0.37027293412464507,0.835437024866625,2.561215031073655,-0.08021731374584112
0.009984523407900146,-0.004942775457979307,-0.008265660443825096,-2.5276730711253722E-5,0.3389517390971469,0.7356865761192674,2.5574562486056176,0.007184064833930155
0.01000005069794775,-0.004942110778110093,-0.008264955068503022,9.57543367836078E-8,0.34390549500579143,0.752486111347375,2.555734425085889,-0.008965138478880986
0.010015733295833976,-0.004942040717327308,-0.008264809371589061,2.5715346719580364E-5,0.3490140632767076,0.7696562060528133,2.5543774226115867,-0.025190854200443067
0.01003106398317388,-0.004942466680757918,-0.008265112220945581,5.076614635527518E-5,0.3541047474537968,0.7866174580986155,2.5533517832593273,-0.0409888909034521
0.00957417583133998,0.004989329316219635,-0.008268691191463772,7.026487639889908E-4,0.20752220319733902,0.30056997575912,-2.5912929951402073,0.4393980907040111
0.009558297144140854,0.004990655838559555,-0.008266312858039188,7.288317223785368E-4,0.20237482436513557,0.2836418787665697,-2.590954192291615,0.4560643145313366
0.009637177475799497,0.004985042726085341,-0.008277848217720395,5.988458013237431E-4,0.22837477518788418,0.36808331807309486,-2.5924917929765168,0.3734523229742089
0.009621530326029937,0.0049860758550918675,-0.008275749705892288,6.246423731878493E-4,0.2231003448497837,0.35130004175755025,-2.5923050556372935,0.3898146784629856
0.009605829087607346,0.004987088776290639,-0.008273474688729377,6.505078546485384E-4,0.21786313337142318,0.334454106544446,-2.592009424264584,0.40624033713080704
0.009590037786675732,0.004988154543188963,-0.008271099007732916,6.765158558585126E-4,0.21267651223263637,0.3175311449572418,-2.5916573748030256,0.4227731119352783
0.009722757326739684,0.0049636030357424555,-0.008268227333703963,4.550684842988863E-4,0.2546217440067741,0.45585121364018893,-2.579569830193075,0.2807582981886378
0.009706763616441506,0.0049649221667010385,-0.008267173893973136,4.8138717266108677E-4,0.24938449587516107,0.4387864613919968,-2.5800995805552174,0.2974982021776679
0.009690987972885156,0.004966511602758328,-0.008266331178680279,5.073977882138031E-4,0.24426173931245634,0.4220332989055308,-2.58075719823039,0.31406916906366106
0.009644043250112172,0.004970100885120897,-0.008261629988107304,5.845753614704104E-4,0.22885307790132378,0.3719046903215266,-2.581266034066509,0.3631544735884776
0.009675316199608696,0.004967944807577374,-0.00826518000578086,5.332127968062141E-4,0.23915318144712797,0.40535366199260586,-2.5812049021461374,0.3305045268067431
0.009659646572190917,0.004969024916266004,-0.008263471274384844,5.589535805224317E-4,0.23399307045212622,0.3885899172854214,-2.5812821335928846,0.3468656667032753
0.010190813387751588,0.0049437000016794,-0.008256539466160258,-3.115108030702993E-4,0.405192025789374,0.9626521839077348,-2.5342400405151704,-0.20636520470704459
0.010174483491580748,0.004943082606225241,-0.008257506596376836,-2.8485320067316147E-4,0.39996488022367926,0.944456588429615,-2.5362867384093573,-0.18950423585139797
0.01015819970863257,0.0049428343471852815,-0.008258751165117317,-2.582988189003923E-4,0.394819102355116,0.9264613008981525,-2.538515714485275,-0.1726574807492517
0.0101420777779453,0.004943184739187533,-0.008260534509406269,-2.3204566533316669E-4,0.389847298976626,0.9088727986987504,-2.5410996734558378,-0.15591185892214407
0.010126351728586195,0.0049440593528882965,-0.008262756955363645,-2.0645550843103127E-4,0.38509077207566117,0.8919082054351756,-2.5439488937965797,-0.1395091621212259
0.01008084744367795,0.004947114377116463,-0.008269010343503578,-1.322848197417736E-4,0.37124671979431484,0.842960465919108,-2.5520205411291634,-0.09193873178203373
0.010110843500289247,0.00494428321117841,-0.008264060943092537,-1.8115291983897622E-4,0.3802129471202204,0.8749370897192182,-2.54613134074847,-0.12340822535395092
0.010095031283814986,0.004944834927997754,-0.008265629023494857,-1.553579098830558E-4,0.3752716880124014,0.8577515290483398,-2.5485203661998965,-0.10694811110927138
0.010031705171020217,0.004942671042782868,-0.008265341191447761,-5.181719118918151E-5,0.35433266438657474,0.7874283347270893,-2.5534410921786868,-0.04166752052257843
0.01006594457728958,0.00494005932355953,-0.008261339892795476,-1.0764819849360591E-4,0.3648116844852805,0.8241038364393499,-2.54793218851701,-0.07745333569343249
0.010047578636085136,0.004941030874571457,-0.00826306402677842,-7.77038963211175E-5,0.359107899931482,0.8042850184007974,-2.5506026016671943,-0.05831658316113273
0.009882075199399112,0.004958057946656033,-0.008279708044130737,1.9361716555062465E-4,0.30771979539050504,0.6283052677617934,-2.57498941439631,0.1153718748247163
0.009866146551666994,0.0049583569862009635,-0.008278911187020366,2.197616043027207E-4,0.3023987031611753,0.6109521836506572,-2.5756803113133953,0.13187655537813361
0.010016472588762709,0.004942907481382347,-0.008265821548777634,-2.6932092583057386E-5,0.3494285849218999,0.7707935915109497,-2.5549895258206132,-0.025875773943437458
0.010001226112014532,0.004942164241121078,-0.00826501898982017,-2.0175147938208206E-6,0.34428997097953107,0.7538303374373849,-2.5556630507537594,-0.01021813221532583
0.009985490432564657,0.0049417710144446444,-0.008264490035492983,2.3686493038965374E-5,0.3390591135312944,0.7364487554280562,-2.556558575538173,0.00599487568339012
0.009929135133024469,0.004957917347619218,-0.008282092167797973,1.1637853994271993E-4,0.32354802071205374,0.679854534180614,-2.5729583419738145,0.06670905836163978
0.009913514603155281,0.004957906391284039,-0.008281373218473984,1.420208726471455E-4,0.31829574583995096,0.6627157896590069,-2.5736830202273864,0.08285787754158774
0.009897875703712509,0.004957886848502031,-0.008280503445983245,1.6768504202886573E-4,0.31302336606342335,0.6455652273590085,-2.5743061989600142,0.09901791864993292
0.009969405926146658,0.00494092876756825,-0.008263286905951779,4.9943097854295684E-5,0.3336017976463919,0.7185573433842589,-2.5570220989625487,0.022491385423976745
0.009952883525862722,0.004941927130782877,-0.008264087007459689,7.694654379441547E-5,0.3283653178196439,0.7007934137190558,-2.5588783663043233,0.03970586189719493
0.009937086983977477,0.004943257675937746,-0.008265148548648496,1.0279118895652074E-4,0.32340647961989966,0.6839271707784923,-2.560848991785925,0.05622444755784655
0.009738926980018396,0.004962661209637883,-0.008269606300773917,4.2851974776243604E-4,0.2599733119425815,0.4732133910371123,-2.579247967681594,0.2639127748005506
0.009755101387585454,0.004962267097638731,-0.008271483118445307,4.020342015524159E-4,0.2654090603763393,0.4907372245200243,-2.5792603932551486,0.2471671245206846
0.009802585265072356,0.004961291665164569,-0.008276345502705089,3.242126468338056E-4,0.28137322779148205,0.5422968837999259,-2.5788576138404236,0.198014994682054
0.009786969472438347,0.004961762153067094,-0.008275065490019148,3.498382849083238E-4,0.2761541101924468,0.5253733143071563,-2.579205940251948,0.21421162583457146
0.009771158684602656,0.004962058283109597,-0.008273414270422864,3.7574913329917447E-4,0.2708351054756513,0.5081967101900879,-2.5793184157152567,0.2305730063554157
0.00981005606221007,0.004946556178351347,-0.008259817145769795,3.1037193206333394E-4,0.2816713676559098,0.5461495985810066,-2.567204704203099,0.1878361839721954
0.009825617014359146,0.004944645670915728,-0.008259192889875451,2.848096222431123E-4,0.2865783288321444,0.5625582543229336,-2.565570933892424,0.17147367921904857
0.00984203340438646,0.004943012499611097,-0.008258834351149923,2.5789840212728715E-4,0.2917887687787158,0.579975303271009,-2.564047424821507,0.15428372625057393
0.009858141738543408,0.004943526723269581,-0.008260821898927913,2.3168064312872777E-4,0.29724003827654183,0.597702126230501,-2.5641252494365516,0.1377597805867624
0.010491142455354473,0.004965648946999729,-0.008224000828273237,-8.021286760516326E-4,0.49865455361951155,1.302770562440246,-2.4837515669843193,-0.5167729602625607
0.010956373526341188,0.00501723245749496,-0.008091382807160444,-0.001552456048157583,0.6175334665094886,1.832357029007187,-2.3288356766223113,-0.9962958984922944
0.010941285894181012,0.0050180180143034325,-0.008100519491166983,-0.001529980767942028,0.6155920856556596,1.8175434871906575,-2.338005133794841,-0.9813286954125561
0.010926835845577807,0.005012406205172384,-0.00810175225399848,-0.001504985617890809,0.6108133415197089,1.798431771974432,-2.3410015874785457,-0.9660776500876364
0.010965335503742296,0.004999802027982203,-0.008066281182615471,-0.0015563690492474286,0.6115010203724823,1.8278398524403972,-2.308308088508017,-1.0025087856846382
0.011005496913264233,0.005023670678372858,-0.008071156759857761,-0.0016301721692092016,0.6275715622936358,1.887160478934866,-2.306027949783493,-1.0460939815257806
0.010982664157194314,0.005001954702941014,-0.008059097347462975,-0.0015835572464779205,0.6149531375611316,1.8469001551983857,-2.300250458451188,-1.019913169324411
0.010999171258219698,0.005005155756722556,-0.008053417389681058,-0.0016100547461051537,0.6186812380628474,1.8659132532125737,-2.2934196082409453,-1.036654446626634
0.011024099688355098,0.00502768980647095,-0.008064957794214818,-0.0016604033441694063,0.6318940464506958,1.9090610025094834,-2.298411923032132,-1.0651470054037226
0.011063046871293475,0.005021098369792402,-0.008034011400279298,-0.0017143907879156844,0.6340534886727359,1.94202146410967,-2.268544536651174,-1.1018942831315304
0.01104472293790508,0.005021381006920172,-0.00804541988409053,-0.0016874077174002793,0.631871746119574,1.924284115372734,-2.2802123207611533,-1.084146690012289
0.010720693384005121,0.004977794100425467,-0.008158768687782132,-0.001170353628795567,0.5579634342156098,1.5583144491718093,-2.410692448621838,-0.7539218697473764
0.010705385163742975,0.004979518575703903,-0.00816702003761968,-0.001147087785874566,0.5554063371848355,1.5430367093370194,-2.418691756604676,-0.7382986413921148
0.010690759214584964,0.004974273228809643,-0.008166736838104113,-0.0011220571313261694,0.5501439105118894,1.5241471449948396,-2.420143925818745,-0.7230935358891247
0.010675429956905102,0.0049707556420325255,-0.008168617352413575,-0.0010966241305866138,0.5454451884464063,1.5055973833044207,-2.4232890328531336,-0.7072553099996615
0.010659392764281517,0.004969269012415347,-0.00817299583145169,-0.001070849094658318,0.5412786686520693,1.4875053429002245,-2.4283707376866244,-0.6907472616519627
0.01064319513320441,0.004968617240465733,-0.008178258990359946,-0.0010450972618506395,0.5373103578329174,1.4697131340883691,-2.4341041297850996,-0.6740839771516333
0.010629128348578955,0.00496970458454884,-0.008184637146882688,-0.0010232869939885642,0.5344663830763253,1.4551801589019497,-2.4404143086581573,-0.6596091992916449
0.010598010743252197,0.004964298459238859,-0.008189220703392924,-9.721575388207442E-4,0.5251084442262527,1.418463974271775,-2.447146696436868,-0.6274910826516896
0.010615440148406189,0.004961900450537908,-0.008180391185630508,-9.98892126213662E-4,0.5283645536211138,1.4359383697451382,-2.4386956952849954,-0.6454533723004153
0.010507466502297369,0.004967063032150521,-0.008221007838326298,-8.287189730261446E-4,0.5034188503470944,1.321369388077865,-2.479956892844445,-0.5336769009557493
0.010523534745924908,0.004969156790382213,-0.008218734642986876,-8.550812632005317E-4,0.5083231691706461,1.3400405733235863,-2.476697519512799,-0.5502985188777655
0.010555480243458537,0.004972300822069928,-0.008212579771912058,-9.071418003001164E-4,0.5175727801388517,1.376619749550329,-2.468948212974256,-0.5833815950212083
0.01053950498645006,0.004970439455102543,-0.008215392912216334,-8.810288124224034E-4,0.5128499951782951,1.35818557711755,-2.4726395007246027,-0.5668501536267853
0.010565167857991685,0.004959972417824667,-0.008195062873194915,-9.18628919539859E-4,0.5155678972737897,1.3805002813100504,-2.454922253240713,-0.5936154495384417
0.010583177402867312,0.004957049460911261,-0.008185756694794764,-9.462283902662849E-4,0.5188857443889394,1.398395558287447,-2.446125542074699,-0.6122176063831999
0.010849069611789901,0.004994733631849306,-0.008120821423788392,-0.0013770166259859872,0.5900809676212178,1.7050237554901273,-2.366071134263143,-0.8857710563917905
0.0109109901191195,0.0050085209016699,-0.008105598692862604,-0.0014787884301100621,0.6066340341427666,1.7792159716814957,-2.3461520006097882,-0.949684450154992
0.010894986340343226,0.005006674919693854,-0.008111745267392953,-0.0014533884876463917,0.6031291193028503,1.7613242604586967,-2.353050180511316,-0.9333698024499909
0.010881147393967583,0.005006556861442731,-0.00811865869716232,-0.0014321319480307187,0.600709657800139,1.7468871082801254,-2.3602092944581385,-0.9194053476434533
0.010867723318867699,0.004997447773985529,-0.008114802021173493,-0.001406982046950041,0.5945600720731018,1.7263536200002476,-2.359027213414509,-0.9048746402687639
0.010770029841797835,0.004981693791877102,-0.008142281649953759,-0.0012488701297820948,0.5697153798796714,1.6131814151391988,-2.3923450868102365,-0.804512072394413
0.010788956779960694,0.004984693662887098,-0.00813733324853337,-0.0012795557749819568,0.574671372217939,1.6351309242218444,-2.3862737066480464,-0.8239746357406916
0.01080832038061794,0.004978513850295765,-0.008121313082067252,-0.0013066377627153605,0.5759476039437886,1.6512679670876687,-2.3716766471650392,-0.8430818285593986
0.010842098157601003,0.004976651359508643,-0.008103230114612482,-0.001357585249740895,0.5814628217262229,1.685090343965317,-2.3535758135372036,-0.8769182001298058
0.010825379803488917,0.0049769946642124275,-0.008111589640215211,-0.0013321474157662,0.5785271717433248,1.6680013349945757,-2.3621024506942354,-0.8601518174421209
0.01072851385028581,0.004960047889063059,-0.008134902892205316,-0.0011751876659095186,0.5527897772583219,1.555412843042428,-2.3917199735763,-0.7609885492284225
0.01074585786781527,0.004961069741212721,-0.008128796210010438,-0.0012024847302681005,0.5567499408398969,1.5743200327036708,-2.3850323788367267,-0.7786311346020929
0.01076274280580288,0.004963393799193721,-0.008124225744503374,-0.0012295796862565637,0.5610593234120812,1.5935404488657092,-2.379528232136204,-0.7958687521290928
0.010223050977373364,0.004947279104635917,-0.008256953735115454,-3.6441875055441634E-4,0.4160715941828443,0.9995340271340947,-2.531803175767457,-0.23942873533911932
0.010207296502195274,0.004944767110492478,-0.008255930086189647,-3.384655476704398E-4,0.4105423527292272,0.9812008922450532,-2.5324211865460424,-0.22334529454217492
0.010232274391499097,0.004935419508105808,-0.008241863487655172,-3.778696886467431E-4,0.4156150538308692,1.0049435917960052,-2.52033013147469,-0.25023774264162146
0.010277545181701132,0.004932064668516067,-0.008231394721653717,-4.506205384645329E-4,0.42818439873189434,1.0531700951738208,-2.5088946196538626,-0.29742430648052903
0.010261586343494247,0.004932066381401201,-0.008233836609705225,-4.2483999271175876E-4,0.42346639166505,1.0356995310474788,-2.5120539185705386,-0.2809098337885146
0.010245892586561525,0.004933526581909163,-0.008237802580879505,-3.9966831860196674E-4,0.41919062618834957,1.019108417694037,-2.5162587243509456,-0.2645281046394557
0.01029351524310697,0.0049325468011183786,-0.008229371350626506,-4.76474891151017E-4,0.43300850374595906,1.070851276744358,-2.506020697979985,-0.31390646797575367
0.010309625802055444,0.00493298048732767,-0.008227121057452281,-5.0252996814382E-4,0.43781626310666605,1.0886607739340706,-2.502957861308342,-0.33053766097499326
0.010326003929668462,0.004933489120341593,-0.008224760785528591,-5.290090799233152E-4,0.4426869541130643,1.1067900111250506,-2.4997779855214195,-0.34743882521233044
0.010483700444468825,0.004949582046138293,-0.008207270632739875,-7.857497138245104E-4,0.49120409803907034,1.2865197688873202,-2.4721534283910156,-0.5096695195603739
0.010468447419046553,0.004951974905273793,-0.008214200882063616,-7.620030538478254E-4,0.4880242647002534,1.2710844752179047,-2.4787294902628307,-0.49378920117162506
0.010453407333681247,0.004946960989258935,-0.008212285794217863,-7.366089317121458E-4,0.48230930568650493,1.2521986414459245,-2.478786748384589,-0.47843448543986494
0.010342861309683064,0.004933943204919301,-0.008222090599464153,-5.562264714392621E-4,0.44764653578542246,1.1254141310067156,-2.4963180502338136,-0.364839286342077
0.010377034600471503,0.004941849710400148,-0.008224343708071137,-6.128209412096213E-4,0.4597219870181718,1.1663417800997384,-2.494796104872186,-0.3996562627161393
0.010361795262066108,0.004934182816570265,-0.008218583084020901,-5.867120057737749E-4,0.45307287700258175,1.1462021472404318,-2.4920446684355393,-0.38440133090941536
0.010437929403994487,0.004944810032254258,-0.008213697093807476,-7.112771318120947E-4,0.4774642535867141,1.2342703283153362,-2.4813116085265032,-0.4625228875732996
0.010421517980373485,0.004945083976009677,-0.008218028552260894,-6.850323344187952E-4,0.4730724950097365,1.2164889453302132,-2.4860392449641058,-0.4455264722140882
0.010407588558852047,0.004946744792136731,-0.008223254347440097,-6.630516283072102E-4,0.46978596434558806,1.2020460163792606,-2.4911597044401605,-0.4310047249553602
0.010393710611835923,0.004939436055687849,-0.008217872151044513,-6.390926365311451E-4,0.4636182954672546,1.1834662849212487,-2.488549751413164,-0.41708005661569286
0.009435799924780781,0.0050319341514908815,-0.008279967923303174,9.403121392133584E-4,0.16634209326913665,0.1579593095430684,-2.6091706806399193,0.5937359831043473
0.009442084167713272,0.0050172670379606725,-0.00826419907594777,9.253039268568671E-4,0.1629024267249195,0.16546966510693573,-2.5993119275662386,0.5793698465328063
0.009420196622188313,0.005033730973549848,-0.008276975024858425,9.663024487686537E-4,0.16043660612279578,0.14145045659469788,-2.608482181419372,0.6101476412180085
0.009426467268594911,0.005019040005591901,-0.008261225861609002,9.512041306517419E-4,0.15798382339378703,0.14891154533190773,-2.5986000583575444,0.5959573342037
0.009404598895283901,0.0050355768185515425,-0.008273900054454865,9.9228704302974E-4,0.1547479500588054,0.12492717047782342,-2.6077330773829743,0.6265730129196356
0.009410851173727785,0.005020843159009919,-0.008258148263370279,9.77096436434845E-4,0.15311459074165135,0.13237998986719843,-2.5978296224439457,0.6125386843093287
0.009389006894728722,0.005037471670074724,-0.008270742411281827,0.0010182706879414518,0.14949526042828054,0.10839331732706736,-2.606919495670305,0.643046862812291
0.009395225760188043,0.005022683459118558,-0.00825497024430267,0.0010029976118513405,0.14815134299648627,0.11586570422149788,-2.597003341094138,0.6291185498617361
0.009373420771600327,0.005039415511198498,-0.008267502501364756,0.001044249599202716,0.14441092039304085,0.09185852340736349,-2.6060378070998103,0.6595801082127201
0.009379593386909453,0.005024572499330209,-0.008251704974102075,0.001028907303713903,0.14311921000542402,0.09936537214246349,-2.596131457843535,0.6457041988363842
0.009357840677385803,0.005041408324495789,-0.00826418028667348,0.0010702235797957747,0.13951487613936464,0.07532723787794664,-2.605087885774391,0.6761853222267865
0.00936396047421113,0.005026514209819611,-0.008248358626226153,0.0010548167654937483,0.13806484028084645,0.08287991840583912,-2.595218570238355,0.6622946908262003
0.009542449564834701,0.0049921238294403595,-0.00826396405603756,7.549871299277225E-4,0.19723709888919652,0.26679526080728627,-2.590637676501388,0.47271941950445845
0.009526661796781018,0.0049937193817425245,-0.008261637222372956,7.810674332113093E-4,0.19212946955359692,0.25005702576672434,-2.5903355389504603,0.48932898308284395
0.009510951368893286,0.004995449731128087,-0.008259347206437532,8.070490369870268E-4,0.1870245695461392,0.23344449742002285,-2.5900563303055097,0.505877264191763
0.009495300813321684,0.004997229148800797,-0.008256989615114447,8.329378273574034E-4,0.18186136616866388,0.21690711999380982,-2.589731301608998,0.5223786229924596
0.00944835592871504,0.005002310647025619,-0.008248767715226169,9.10436471520371E-4,0.16648710161120694,0.1672093475530009,-2.588009416247108,0.5719031275534724
0.009479656342701747,0.0049989352400403,-0.008254405953520784,8.58783431729505E-4,0.17666892608234883,0.20034984998118335,-2.5892579259199757,0.5388761677968555
0.009463996926401782,0.005000592626942584,-0.008251619081701815,8.846234616569837E-4,0.17154083868674877,0.18376100172658008,-2.588653319477632,0.555391371473069
0.009233435272781454,0.00505911156582297,-0.008234675980026479,0.0012775647318672787,0.1008075320150002,-0.05593339389319313,-2.5959771909283256,0.8097862710871371
0.009239060119242646,0.005044160909359205,-0.00821898630842209,0.0012619313112648496,0.09851652851434493,-0.048715661018616456,-2.5862414815929653,0.7959693727034058
0.009248961635249485,0.00505672766533414,-0.008238644781390424,0.0012517151323848486,0.10677882922098035,-0.03962472141494993,-2.5972384207418506,0.7932121781644276
0.00921791631991809,0.005061544257832261,-0.00823062741959928,0.001303392225426649,0.09404970413059004,-0.07227932701036281,-2.5946339177760365,0.8263151591945981
0.009223511176984738,0.005046554006628515,-0.008214923474150987,0.0012877063922822419,0.09420002909635476,-0.06506340806395715,-2.5848639639081004,0.8127430778893139
0.009202404931867792,0.005064025718534267,-0.008226492637543175,0.001329238162628342,0.08872860585562341,-0.08868536562132572,-2.59318548545109,0.8429570237197962
0.009207954738467253,0.005048944978465528,-0.00821071486404433,0.0013134675202243198,0.0897893235691657,-0.0813794803077628,-2.5834135248345116,0.8294632992965766
0.00918690126417368,0.005066555924529231,-0.008222269829615348,0.001355112846048512,0.08541218635731417,-0.10510290116858345,-2.5916437296429087,0.859807788738689
0.00919237348270363,0.005051379985052887,-0.008206402802894109,0.0013392583646086623,0.08489506279716165,-0.09770031007808348,-2.581911081659697,0.8461734790146602
0.009176786181821169,0.0050539141424204665,-0.008202057307243833,0.001365076395218754,0.07966890504896773,-0.11404324165857567,-2.5803877918411993,0.8629328672540787
0.009254630412009706,0.005041779466843096,-0.008222932347060374,0.0012361078160168942,0.10317836391446793,-0.03232066641003916,-2.5875582783774806,0.7791695691095589
0.00926449525245532,0.005054392578627048,-0.008242536128802958,0.0012258284518910916,0.11138886775940816,-0.023296577949059802,-2.59845468584793,0.7765447309742483
0.00927022889281484,0.005039446779193118,-0.008226805556778323,0.0012102409984754427,0.1080759078441023,-0.015892929906776463,-2.588826347311745,0.7623908313880227
0.009280035969880421,0.005052106327402137,-0.008246346795914532,0.0011999257749182985,0.11599390151517171,-0.006927379492257535,-2.5996453920112272,0.7598412584344354
0.00934226676397499,0.00504345009202691,-0.008260775400554565,0.0010961951538937548,0.13504740915790514,0.05880878384904755,-2.6040776590284676,0.6928750915437051
0.009348327517736102,0.005028513617994748,-0.008244936747103247,0.0010807271685687695,0.13295371128706288,0.06640424413746308,-2.594265819887919,0.6788961875666994
0.009326699183653657,0.005045540795333225,-0.00825728843803618,0.001122159716782685,0.13092547694754716,0.04232189092963204,-2.603022094946802,0.7096321708001329
0.009332694117862644,0.005030581716159201,-0.008241451615163544,0.0011066437317282275,0.1277654548691457,0.04992970744997966,-2.5932754277040604,0.6955273303556835
0.009311138089096707,0.0050476804154309,-0.008253721226284925,0.0011481037951180232,0.12648042166089737,0.025878165955311613,-2.601931847668161,0.7264011866153045
0.00931706670595277,0.005032724076666938,-0.008237912283033853,0.0011325599913098881,0.12261630470193917,0.03345743373411514,-2.5922476751715533,0.7122017384388905
0.00929558363336138,0.0050498689328047465,-0.008250074623050292,0.0011740213881259063,0.12127598245646624,0.009466866282675653,-2.6008067338508023,0.7431348173224507
0.009301450447956905,0.005034926867275194,-0.008234305494347725,0.0011584640211878465,0.11767564006805144,0.016995938940103313,-2.5911734571949396,0.7289128104974547
0.009285839529875708,0.0050371680771990985,-0.008230604371146893,0.0011843557966929518,0.11290376474773291,5.475292187517494E-4,-2.5900354358867514,0.7456428729712549
0.009119871385405449,0.0050494058889609126,-0.008168877771046421,0.0014521895427647878,0.06570871588178963,-0.17831128019496437,-2.561925939959259,0.9233189222325692
0.00910432788844975,0.005052154319440764,-0.008164134590581488,0.001477798883611098,0.06116627379443146,-0.19459288660099314,-2.5600633731500655,0.9401893513337916
0.009088750259798037,0.00505493942892775,-0.008159273155331116,0.0015034510847559942,0.05674337817232499,-0.21090637744008742,-2.5581234082792705,0.9571122592618334
0.009073205923867025,0.005057850050758205,-0.00815443345992106,0.0015290902495346504,0.05239639474115448,-0.22715894163302955,-2.556199971024937,0.9740346444085516
0.009135367446330886,0.005046578684352786,-0.008173360503406392,0.00142658669104521,0.07032541117857088,-0.16210889509139112,-2.5636105814072363,0.9064997561441387
0.009150869889274816,0.005043677121187097,-0.008177615341038997,0.0014009138521994717,0.07490678402167282,-0.14593301066903785,-2.5651360928935936,0.8896829941618218
0.00916645429171121,0.005040835260873988,-0.008181836863210556,0.0013751223243836988,0.07940547609266456,-0.12966719951262962,-2.5666338993820506,0.8728094499679485
0.008635246202199699,0.005189859973827203,-0.008016775952479483,0.0022745018747180423,-0.05862000476149879,-0.6854956505251799,-2.500571202382466,1.4772319334740118
0.008638992723854105,0.005174301343858667,-0.008001034554407415,0.002256502324314733,-0.05811474023942816,-0.6786426645883528,-2.4905083249448414,1.462796851940266
0.00865036608114991,0.005185595749722576,-0.008023880661125195,0.002249310508330148,-0.05497038347511151,-0.6694762973851013,-2.50422312141343,1.4598711858827045
0.008654177610922319,0.005170097499065937,-0.008008211696740387,0.002231383265543514,-0.05521566587198066,-0.6626925814168899,-2.4942218708486763,1.445379013578532
0.008665499445531182,0.0051813790074210645,-0.008030899360923304,0.002224121202404103,-0.0501861655727254,-0.6534886731477515,-2.5077550003217817,1.4425697177877137
0.008620139971822548,0.005194171632003687,-0.00800958407057335,0.002299699004679529,-0.06102238426849604,-0.701515402007488,-2.4967946036377446,1.4947264640504587
0.00862380659652308,0.005178545951391301,-0.00799375818115204,0.0022816093911273323,-0.061294061614134955,-0.6945885975232055,-2.4867255360131133,1.4802039138005625
0.008605047553236286,0.005198530675796427,-0.008002308025394207,0.0023248909849929228,-0.06244576120491998,-0.7174970982695004,-2.49292387223944,1.5123614936401337
0.008608635795433911,0.005182865312660781,-0.007986432929889216,0.002306709218844577,-0.06470654414453493,-0.7105403293032055,-2.4828921438271574,1.497632929667791
0.008589969109727749,0.005202937056022921,-0.007994955248683744,0.0023500520828947883,-0.06391414474864213,-0.7334195223618071,-2.4890031751026194,1.5300641824796795
0.00859350333781858,0.005187279050354389,-0.00797909947016129,0.0023317890224356422,-0.06816849229619497,-0.7264909183668892,-2.4790176103089934,1.5151093146376697
0.008574904804645981,0.005207390722771273,-0.007987533441282738,0.002375156243503948,-0.06686167457639611,-0.7492972145746574,-2.4850564434349924,1.547714701684436
0.00857841547481739,0.005191776187217825,-0.007971751553790605,0.0023568359723696655,-0.07132118567361316,-0.7424279599031417,-2.4750929522532323,1.5326409248673063
0.008559854801395402,0.005211891625397759,-0.007980040764398144,0.0024002100414667596,-0.07112639078501601,-0.7651720170700805,-2.481068754131218,1.5652621226730148
0.008563350610660608,0.005196312951388635,-0.007964323980573522,0.0023818453851107203,-0.073980223984238,-0.7583454068072558,-2.47108513071376,1.5501999990281448
0.008544819263429005,0.005216439712524502,-0.007972467390823038,0.0024252465628506097,-0.07497767958163577,-0.7810719423436737,-2.4770043960187724,1.5827754934252172
0.008548285417691787,0.005200856611235197,-0.007956762013737512,0.0024068182007750062,-0.07644823750132358,-0.7742416339238379,-2.4669682207797607,1.5677445098146625
0.008529798353607843,0.005221034932232109,-0.007964808638178635,0.0024502813062303613,-0.0776214788227909,-0.7969856630847824,-2.4728441055949295,1.6003377619060448
0.008533218503768416,0.0052054210423280985,-0.007949079400941859,0.0024317639119174153,-0.07910596926478487,-0.7901205501951543,-2.4627522729625846,1.585270736963427
0.008514792106028148,0.005225677271938596,-0.00795706894447895,0.002475299623024299,-0.07990062140749452,-0.8128864231384405,-2.468592390725834,1.6179504488101806
0.00851816317806116,0.005210038148055596,-0.007941321599675895,0.0024566916807561875,-0.08192742015047626,-0.8059889149655463,-2.4584636199307695,1.6028075466041471
0.008669358599352696,0.005165899547899678,-0.00801524981085945,0.0022062308120525194,-0.05244446029506957,-0.6467219116038305,-2.497842306586536,1.4279260035131836
0.008680646132284168,0.005177209793932224,-0.008037839355657004,0.0021989078987152987,-0.045468568067920635,-0.637529641274345,-2.5112049266952625,1.4252103137181107
0.008741362845101054,0.005161009143188233,-0.008064839982216075,0.0020977161833480103,-0.032224957103500415,-0.573495902118388,-2.5245676727329376,1.355441100854941
0.008745514063438911,0.00514548067263965,-0.008049128754684038,0.0020799694002141228,-0.035770548587206914,-0.5666310792481539,-2.5147536694820882,1.34091506985527
0.008726164497562944,0.005164987785668901,-0.008058215603681697,0.002123020946610425,-0.03709955946592333,-0.5895109920710963,-2.521317982373691,1.3728156784689818
0.008730256065129364,0.005149486713909611,-0.008042530770385572,0.002105280796540651,-0.03899300490061847,-0.5826746219047116,-2.511534537882731,1.3582991555327124
0.008710978821122078,0.0051690141378385145,-0.008051505096418778,0.0021483295825681444,-0.04053529626543582,-0.605542765808693,-2.5179952285799425,1.3902314890173935
0.008715005149191178,0.005153499064026232,-0.008035803176318988,0.002130547651743617,-0.04220542729231752,-0.5986990994674087,-2.508216310857867,1.375659838379266
0.008695805978438996,0.0051730881555466,-0.008044709054088972,0.002173639949087901,-0.042483623432222346,-0.6215575199001951,-2.5146154872682027,1.4077345414753661
0.008699763712504898,0.005157560083349978,-0.008028994548780552,0.0021557951675622617,-0.04579865609629274,-0.6147149819359835,-2.5048177587002773,1.3930286536597836
0.008684548101703498,0.005161704941398008,-0.008022155921156572,0.0021810303857811315,-0.04936931023272142,-0.6307259652891472,-2.501365086423622,1.4104567422225374
0.008811174057391855,0.005114414934950595,-0.008059749872863306,0.001961096251089681,-0.016286274548312652,-0.5010958571148101,-2.5143157737881503,1.2636996516757988
0.00879589171554678,0.005117995067436569,-0.008053265895053514,0.0019861629455007832,-0.019945398068070913,-0.5171137112765022,-2.5111382712495636,1.2808148690072974
0.008780512666307945,0.005121614752600214,-0.008046615687328479,0.002011357978346073,-0.023461276420970154,-0.5332339726683043,-2.5078416145132163,1.2980532077777769
0.008765072072702369,0.005125433007962998,-0.008040008836170022,0.002036744198956886,-0.026890767113581026,-0.5493925387131576,-2.504582352007675,1.3154215493207586
0.008749668596951986,0.005129495728856321,-0.008033568529737946,0.002062216338192493,-0.030336953454671783,-0.5654803773871725,-2.501443315854711,1.332834234566551
0.008826405918653637,0.005110752545786842,-0.008065958426378831,0.0019360078842565393,-0.012526010434751855,-0.4851580870604513,-2.517284031693286,1.246633856050294
0.00904725122315012,0.0050481736695352835,-0.008128817681067322,0.0015638041951232771,0.04549397831159951,-0.2566167994004585,-2.5407942691906764,0.9979085983209787
0.009062492876518079,0.005044904781513396,-0.008133308398201304,0.0015386163920244082,0.04971298293230253,-0.24077814860292593,-2.54253561106326,0.9812176726934533
0.008887757282299341,0.0050964026488061155,-0.008089994106232639,0.0018348785692377174,0.002736750780857809,-0.42103016495047757,-2.5284746054689466,1.1782106158662253
0.008872423629705587,0.005099900410820883,-0.008084098017619057,0.001860147021360942,-0.0012135286683297942,-0.4370607044645296,-2.52576332109571,1.1952682273494053
0.008857038671907779,0.005103386173126918,-0.008078010338065697,0.0018854482302390586,-0.005029509564401597,-0.45315579313486243,-2.522912676465421,1.2123876812932204
0.008841678135269836,0.005107023603201994,-0.008071972861676836,0.001910779274966741,-0.008765636441597585,-0.46920492667772634,-2.5200956511918875,1.2295334532241535
0.008892132954852075,0.005080367570679017,-0.00807388329331734,0.0018179442469878641,0.004696291039115008,-0.4183713377133456,-2.5164778769191236,1.1681191668779178
0.008907321289041132,0.005076448852751219,-0.008079000112366024,0.001792720965339871,0.0085540541735084,-0.4026126377786203,-2.518676866271616,1.151151806437795
0.008922678953126593,0.005072568893892844,-0.008084127920241371,0.001767245519711206,0.012493185796268338,-0.38667643846472904,-2.520867127184473,1.1340371899486625
0.008938192391687314,0.0050688531196583465,-0.008089402219173343,0.001741614990397374,0.016498509566904882,-0.37055944324524215,-2.5231475597559783,1.116830818811943
0.009016952143304635,0.005053919994247898,-0.008118585107703144,0.0016133787466611792,0.03725221783197758,-0.2882522596184845,-2.5364207848215545,1.0309073981685526
0.009032153198139338,0.005051249799727085,-0.008124039602230805,0.001588642175542183,0.04136415459008746,-0.27234198747991534,-2.538841632975752,1.0144089994225336
0.008953861080689733,0.0050652890366499745,-0.008094803992264414,0.0017158179246470559,0.020574042049592414,-0.35426371409805085,-2.5255046302112856,1.0995294769978246
0.009001472867959166,0.005056445042450965,-0.008112658443788527,0.0016384179530798228,0.0331210457758113,-0.30448598825931333,-2.533685390003581,1.0476536775983931
0.008985669684379503,0.005059022638074841,-0.008106459706965947,0.001663936069818548,0.028929877004681515,-0.3210617475422359,-2.530780886164413,1.0647558044390257
0.008969717087738971,0.0050619259032831975,-0.008100407133749021,0.0016898305255439075,0.024730736402411305,-0.33774642702155994,-2.527987935577828,1.0821147305102272
0.00842506850832781,0.005254518907788254,-0.007909005822164084,0.0026248208921338828,-0.09563964324599195,-0.908013822941447,-2.4414684827960778,1.7239092198587727
0.008413243106510877,0.005243800551966418,-0.007884998751766873,0.0026305276995625643,-0.0990950149078711,-0.9167735346281515,-2.4262918698012714,1.7261030616821988
0.00843998436859241,0.005249594624691071,-0.007917204286393902,0.0025999871994354553,-0.09211875883006264,-0.8921884936680814,-2.446148039603252,1.7063187274567664
0.008428191355229478,0.005238860687730489,-0.007893310221919537,0.0026057836342041,-0.09712791884373397,-0.9009939077541828,-2.4311519652946108,1.7084554823642326
0.008262052251258777,0.005311766044378193,-0.007813588178326366,0.002896531173776135,-0.11728771745308363,-1.081393293689232,-2.383582847813175,1.9192894056758358
0.008247332503838377,0.005317249029907897,-0.007804445858599609,0.002921074967905875,-0.11830527490326555,-1.097044112337754,-2.377803955631035,1.9371215198309393
0.008249844705507041,0.005301442465649579,-0.007788653069728581,0.002901115750451944,-0.12132217187733534,-1.0895494987535743,-2.3673623991726047,1.920580175105077
0.008276789128081429,0.005306329337192306,-0.007822654712350404,0.002871955202658365,-0.11626900003778314,-1.06570013295289,-2.3892905435605654,1.9014684052064421
0.008264617777637009,0.005295959639300358,-0.007797789748885612,0.0028766459389354166,-0.11945809427055419,-1.0739139421285895,-2.3731720487800705,1.902860310760806
0.00833590506071094,0.005285046338188198,-0.007858111353807162,0.002773471256092447,-0.10688194865532684,-1.0028173337005337,-2.411084390099397,1.8305048395912742
0.008338679935414895,0.005269298089415778,-0.007842318865392233,0.0027539871096761872,-0.11069725958198955,-0.9955637724284356,-2.4008455274403357,1.8143680857627176
0.008321101100260936,0.005290297410190856,-0.007849367378619758,0.0027981223797574777,-0.10980391028087583,-1.0185248419826574,-2.4057859217855766,1.8482486842512227
0.008323856852027092,0.005274570544870815,-0.007833624590933527,0.0027785794488581947,-0.11246004731609062,-1.011273789198089,-2.3955176718762288,1.8320883255203544
0.008306313695911128,0.005295594968187607,-0.007840544228509931,0.0028227508482936443,-0.11240211293151893,-1.0342478781550546,-2.4003979288386943,1.8659662396184482
0.008309041324340212,0.005279860834525053,-0.00782481435148081,0.0028031282277366895,-0.11413530488969202,-1.0269552494723622,-2.390078783892452,1.8497897505286216
0.008291542990765968,0.00530093896106902,-0.007831640181087281,0.002847361376776839,-0.11458060122373404,-1.049978363079855,-2.394900770752206,1.883697418818081
0.008294228084963754,0.0052851805048575425,-0.007815894734652754,0.0028276494672825133,-0.11585192845321139,-1.0426162993116155,-2.3845367941447004,1.8674774981838917
0.008279418020093911,0.00529054259231035,-0.007806879988764898,0.002852154050387089,-0.11761155958858789,-1.0582671312867333,-2.3788999360910843,1.885163412162597
0.008173995740642209,0.005345356249420673,-0.007757606939996605,0.0030432855125668546,-0.12674401255349227,-1.1751759450658477,-2.3474989044805086,2.0259581186515967
0.008159381790995322,0.0053511157673393935,-0.007747999727565673,0.0030676626539721994,-0.12687339822344273,-1.1907317847064154,-2.3411183358178906,2.043851779010358
0.00816162204050848,0.005335203536760913,-0.007732158953125137,0.0030471525659369835,-0.13006171209724313,-1.1828461365609941,-2.330553895528853,2.026809224843999
0.008188627683509354,0.005339642682041291,-0.007767138803006984,0.0030188751973639293,-0.1265380277940614,-1.1595628204588255,-2.353805595680754,2.0080964439752877
0.008176308912204085,0.005329439902529342,-0.007741771712158879,0.00302283526681168,-0.12841634166386418,-1.1673171008589174,-2.336924649789511,2.0090888501277218
0.008232630029493522,0.005322778240520136,-0.00779523337249761,0.0029455716482910195,-0.12019056833645753,-1.1126642016738721,-2.3719632520930074,1.9549028214728954
0.008235112241712835,0.0053069817280933865,-0.007779473940674321,0.002925539638064196,-0.12297436555539658,-1.105157471709601,-2.3614732247165335,1.9383162336466475
0.00820327747535116,0.0053339751212172605,-0.007776586375064322,0.0029944547049996525,-0.12517565936339037,-1.1439205451417118,-2.3599921787361384,1.9903264876400648
0.008191015508751107,0.005323759555426022,-0.007751349096065042,0.0029985239503780435,-0.12686293353727698,-1.151790413296274,-2.3432130370518305,1.9914087221729455
0.008217944972024238,0.00532835362240823,-0.007785949234873031,0.002970025343023266,-0.122788985724629,-1.1282836846237922,-2.3660383779163916,1.9726199228288877
0.0082204111057563,0.005312551989822805,-0.007770216344872756,0.002949903822671383,-0.12432175612944417,-1.1207280358479965,-2.3554919055083645,1.9560420253532065
0.008205717473431757,0.005318140211361159,-0.007760842339914433,0.002974222015963748,-0.12553716473853752,-1.1362665255015398,-2.3494053877760375,1.9737371255992768
0.008237500189920859,0.005290846460103562,-0.007763929452564909,0.0029056730493422066,-0.11795151879055273,-1.102439996416617,-2.3466055742481955,1.927291753640546
0.008341290928093143,0.005253176002740826,-0.007826626232040767,0.0027347596126528193,-0.10518608255811494,-0.9934957981181879,-2.3860770852104967,1.8043496151744016
0.008356170020842752,0.005247813992777353,-0.007835070369013736,0.002710087764012971,-0.10313729905845752,-0.9778811769496459,-2.3911902655883144,1.7867297644487514
0.008371166758109153,0.005242577245814672,-0.00784362457108606,0.0026853359836366193,-0.10111982485275652,-0.9621471183370002,-2.396364486887801,1.769055708337248
0.008386236031253533,0.005237560630401182,-0.007852352620490029,0.002660649818575559,-0.09908438376885241,-0.9463341744268491,-2.4016623418593714,1.75141490728897
0.008401293640756471,0.005232718259884844,-0.007861121570783535,0.0026360903501187107,-0.09692402262768583,-0.930524283443396,-2.4069821396810993,1.733862583639134
0.00722868369512679,0.005838292905748425,-0.006936048947570527,0.004618796258409001,-0.07331057725179531,-2.144839606341892,-1.6653394459805952,3.173470359212315
0.007227521836728308,0.005822350377818148,-0.00692131536047754,0.00459323276917513,-0.07950477409346078,-2.131737984021354,-1.6586537071071141,3.1474942724184722
0.0072417719009396685,0.00582960700250516,-0.006950530682326959,0.004596974619752121,-0.07655158517169934,-2.1326599245070907,-1.6792455180399688,3.1585622529096242
0.007163655606209029,0.0058823367695001435,-0.006862661458255194,0.004727148047141299,-0.06104698819524809,-2.204622202971968,-1.5941145475500076,3.2459949500646377
0.007150733491861331,0.0058912677909604225,-0.006847763573392896,0.004748703738075028,-0.05692729346992068,-2.216257655852924,-1.5794237388885766,3.260309200331058
0.007149294144755983,0.00587522090323473,-0.0068332207196944396,0.0047224983035268385,-0.06259189489998711,-2.202393808990358,-1.573325748186482,3.233701660822998
0.007136353983802606,0.005884222723513642,-0.006818337693963454,0.004743955670994982,-0.0597535502929732,-2.2138953648899,-1.5587297992946363,3.2477811444762668
0.006464466094067266,0.006464466094067262,-0.005892420924986289,0.005892489494147456,0.1691928706988434,-2.685395801002203,-0.578290129610137,3.848164828068238
0.006460108640194597,0.006448994419567553,-0.00588168986137666,0.005863226749961485,0.15809927079638572,-2.6698785579328903,-0.5833834102097836,3.817456179431097
0.006475590734211071,0.006453376348240325,-0.005910900873610153,0.005873951511841842,0.16453492185078655,-2.6811034317058984,-0.5981567465637533,3.8423111227754716
0.006471232207606322,0.006437845795104148,-0.005899987316400617,0.005844633469572703,0.15372136591917004,-2.665399896808372,-0.6029594134670938,3.8116064829700176
0.006486750166079204,0.006442321599068367,-0.00592933509087586,0.005855342836222113,0.15916733560888868,-2.6766863767567686,-0.6180206826393329,3.8362660678476317
0.006482405973414359,0.006426743618678461,-0.005918254849339268,0.005826007375385959,0.14946951847251289,-2.660774522476615,-0.6224669770778294,3.805613747822868
0.006497944278924988,0.006431301956387209,-0.0059477149624861765,0.00583667206814048,0.15376019244529235,-2.672117289015874,-0.637845744116928,3.830074094257538
0.006493627479029007,0.006415698554971824,-0.005936490717225331,0.0058073655947513065,0.14523139240680882,-2.656017472914422,-0.6419043936512105,3.799485356675453
0.006509172961654168,0.006420317529674782,-0.005966034908742067,0.005817944840407814,0.14853032099273397,-2.667374090306028,-0.6575950676903374,3.82374758016506
0.006228742374980063,0.0067170720498724076,-0.0054714991885817426,0.006285280467602347,0.26458186488528795,-2.7423355815382444,-0.1315867098835897,3.9253716728620547
0.006218447357971209,0.006728936011698173,-0.00545170972669184,0.006302453138814407,0.26996285550317567,-2.7430607148031814,-0.1108659891517187,3.9265431595215134
0.006212969922597737,0.0067136689001010596,-0.005443176535631694,0.006272461050435304,0.2629970491120559,-2.7274239544010226,-0.1205333970015281,3.896905210311988
0.006301844034399602,0.006634937971731549,-0.005608351240197246,0.006163477042103732,0.2347543720472883,-2.73241649600949,-0.27539992719195927,3.911207269972017
0.0062912906047937495,0.006646572705140477,-0.0055889479903093895,0.00618107695572405,0.24005239737376685,-2.7342377733228713,-0.25484113251698615,3.9138628193432865
0.006286250999563703,0.006631297228919276,-0.005579887981268541,0.006151383500968172,0.23107143124537832,-2.719029259421662,-0.26339929069187074,3.8837182491158226
0.006280773780640197,0.006658240533906343,-0.0055694852891770485,0.006198619763683033,0.2458904396230214,-2.735892695907804,-0.23426301341114839,3.9163855848962843
0.006275678690860715,0.006642996804084161,-0.005560530714546767,0.006168916248603794,0.23529176195326199,-2.7207584544460897,-0.2430550592811068,3.8862216499710045
0.006270293666143453,0.0066699413423799364,-0.005549989051089633,0.006216082182939303,0.25032898012415805,-2.7374306162645645,-0.21374036443327027,3.918706209194953
0.006265173696638877,0.006654746573524935,-0.00554117020943577,0.006186430530819968,0.2396664636305161,-2.722341281829379,-0.22266005392774324,3.8886058870681715
0.006259850365114013,0.006681675014610203,-0.005530459610379738,0.0062334640569421985,0.25331134235528857,-2.7388807058277957,-0.19327297871039253,3.9207526193281637
0.006254718977389472,0.0066665037324232295,-0.005521778394685439,0.0062038475546766685,0.24444952757220204,-2.7237405721299086,-0.20224905102246196,3.8907967383049598
0.00624944398096624,0.006693441434347547,-0.005510876741880733,0.006250783504209537,0.2561803131359195,-2.7402171664036596,-0.17279337358809174,3.92251713709984
0.006244276928617239,0.00667825147731442,-0.005502293334767999,0.006221123474535037,0.24940465909929196,-2.724929470333907,-0.18184246560576678,3.8927085787330244
0.006239074616716287,0.006705240485047163,-0.005491224599435127,0.006268054519532481,0.2598378101736327,-2.7413841203119382,-0.15223798140155934,3.9240394589360794
0.006223384095770707,0.0067018101749849015,-0.005462963225328143,0.006255383148054573,0.25872783705685237,-2.7267394424027125,-0.14099977656469861,3.8957075582218814
0.006233829078988261,0.006690010434455415,-0.0054826839783810215,0.006238284556883957,0.25421028999809264,-2.725918724605147,-0.16143240584092486,3.894330905927472
0.006208189667499153,0.006740832253114332,-0.005431871291428816,0.0063195593635746545,0.2750235104440017,-2.743579860472481,-0.09011942453148424,3.9275409463716007
0.006202611345102375,0.006725584457291833,-0.0054233656346836185,0.006289525708383614,0.26722752777658143,-2.727985283970081,-0.1000386328875864,3.8979651812705973
0.0061274839812932615,0.006837150069184487,-0.005271289289018655,0.006454112505055389,0.31404346430370633,-2.7410136555502227,0.07648444864330511,3.928966224504832
0.00612153920761833,0.006822226004413967,-0.005263701394044141,0.006424278181311236,0.3013976267101554,-2.7272327375140866,0.06421749353370575,3.9000684066829803
0.006137439443456897,0.006824999850860255,-0.005291528154357233,0.0064375296038619995,0.3099100670847001,-2.74188268603753,0.05572095655317496,3.929399777180599
0.006197969404967168,0.006752760656429175,-0.005411988064694516,0.0063365955213204725,0.27952719321894226,-2.7439134279333786,-0.06936367897361673,3.928340070970292
0.006192309649935865,0.006737538615906653,-0.005403533851605205,0.006306547510411852,0.2715783811660395,-2.7284106357627746,-0.07953176818823726,3.898868009489398
0.006187786671370488,0.006764721103672903,-0.005392052972820942,0.0063535676903601615,0.2839576354316379,-2.744060561193096,-0.048583967484565095,3.92893592129763
0.006182052762359101,0.0067495190948209235,-0.005383661975099594,0.006323500263037297,0.2759954468262334,-2.728684206079866,-0.059026063305130834,3.899575834767734
0.006177641567294451,0.006776713476601133,-0.005372059193892244,0.00637048168205748,0.2887200689388373,-2.7440074035434585,-0.027762086648880108,3.929343553699504
0.006171834394847811,0.006761529797474127,-0.005363739400235448,0.006340387457207697,0.2803529087207526,-2.7288054650946267,-0.038522066705283776,3.900080010877223
0.006167534192912692,0.006788737656698444,-0.005352005547095571,0.006387338461154069,0.29388672891149115,-2.743746041262426,-0.006896673528774444,3.9295839029519173
0.006161658622390474,0.00677358157190721,-0.005343771730277517,0.006357229403710195,0.28459698051026655,-2.7287830972773155,-0.018010857512719084,3.900397712848308
0.006131474213768005,0.006810014961944453,-0.005283735294483348,0.006407584744250201,0.29705660350957935,-2.7278619118976164,0.043637847340840814,3.9003921617062574
0.006147433031857423,0.006812880963004882,-0.005311733642345923,0.006420867686124098,0.30473836213380484,-2.742651788536803,0.0348797950664713,3.9296167760303873
0.006157464647985367,0.006800793525181948,-0.005331895345017973,0.006404135200665886,0.2992916994235364,-2.7432854591713753,0.01399421223545797,3.9296729492600755
0.006151534893362177,0.006785681397377925,-0.005323773416439203,0.006374042855702761,0.28875518369856895,-2.728622559863297,0.0025171522767633444,3.900550287958692
0.006141471915140968,0.006797828201684554,-0.0053037585710664975,0.006390830853433637,0.2928870123504679,-2.7283196177914717,0.023066747611079092,3.900548432456198
0.006797704589229728,0.0061416568800778835,-0.006390760461405851,0.005304047171926003,0.035262687541825405,-2.483351717742453,-1.1234789101704938,3.580853283450281
0.006812880963004881,0.006147433031857422,-0.006420859018724484,0.005311744087860827,0.035957783092578556,-2.49092681130512,-1.1429770044022607,3.599429053926382
0.006809869404112192,0.006131646537401387,-0.006407473600190364,0.005284008648601333,0.031383785411991466,-2.474919969254634,-1.1409305737752602,3.5703363927670115
0.006824999850860255,0.006137439443456894,-0.006437520933134013,0.005291538505765879,0.03176681505390475,-2.482247426172471,-1.1604516977700436,3.5887090225967793
0.006822089323907516,0.0061216700591468455,-0.006424162163128571,0.005263905620455,0.02756019996309893,-2.466372168718063,-1.1583197807976886,3.559681080398907
0.006837150069184488,0.00612748398129326,-0.006454118918217056,0.005271281150795645,0.02752174563788413,-2.4734075649208513,-1.1778171408930984,3.5778571270035484
0.006834359102929253,0.006111733872848178,-0.006440820273648055,0.005243748692002135,0.023714738642287462,-2.45771320139414,-1.175636732803734,3.5488935435835143
0.006849331498161108,0.006117566743455817,-0.0064706450359828215,0.005250981818187318,0.02377847154978632,-2.464411550747182,-1.1950590446999616,3.5668800603992064
0.00684665636049513,0.006101836305595162,-0.0064574099026025,0.005223537918212108,0.01967976041544969,-2.4489339716278544,-1.1928613510611454,3.537948629269678
0.00686154401772447,0.0061076878276121105,-0.00648709342294921,0.005230647827377086,0.02110269953450265,-2.4552860134735237,-1.212172498584988,3.5557568519979434
0.0068589521921795125,0.0060919606471930956,-0.0064738740360848574,0.005203251943511592,0.015463844965490277,-2.440011249031167,-1.2099674261149695,3.5267973734467986
0.006873787507563485,0.006097847331006403,-0.006503474416595926,0.005210266481358475,0.01870620036358454,-2.446068067543886,-1.2291907114851177,3.54443138864117
0.006871240576505234,0.006082100543498906,-0.006490198084780304,0.005182885522065008,0.011412466669356532,-2.4309391479954763,-1.2269386122483112,3.5154444322125333
0.006886061847125404,0.00608804535045817,-0.006519805354362127,0.005189816221079364,0.015057524545510808,-2.4367697625891447,-1.246155366367026,3.532881407839168
0.006883550052937973,0.006072276938783808,-0.0065064399446372045,0.005162469940645981,0.007717239384784357,-2.4217392985631645,-1.2437889134873268,3.503964118193266
0.006898366915619616,0.006078281982360665,-0.006536081927534011,0.005169302387535609,0.01062018563788776,-2.4273738312669653,-1.263057605384654,3.521168437951514
0.006895902853432713,0.00606250260816877,-0.006522644829868306,0.0051420187065265785,0.004044165677195906,-2.4124209250220754,-1.2605409076546155,3.4923809199405373
0.00691070259202147,0.006068557322679483,-0.006552285371886966,0.00514874853425782,0.007152352975552913,-2.417871641811122,-1.2798614398372201,3.509344180957038
0.007023080955577061,0.005982792885230833,-0.006695225312509163,0.004961452763993033,-0.024928253832684627,-2.3271819274435437,-1.426665866047922,3.3969866255365484
0.007010475290801107,0.005992164921919908,-0.006679619715271823,0.004982442684432878,-0.022759533715739425,-2.33772213168233,-1.4108393618800485,3.4099379965547905
0.0070085072068611426,0.005976284545978963,-0.006665710116834406,0.004955667898557223,-0.027807596998120413,-2.3232489087810855,-1.4066264334115077,3.3820954554779896
0.006997899134824615,0.006001576511259319,-0.006663933863495245,0.005003402693652963,-0.019252268155318247,-2.34816497529538,-1.3948678375452797,3.4227815774947192
0.00698535261060176,0.006011027561188927,-0.006648173867989324,0.005024324593169057,-0.014830259806371482,-2.3584868501287537,-1.3787649986763266,3.4355454161827876
0.006983265501709375,0.005995128113026492,-0.006634332761502516,0.004997361181096071,-0.0209517665968804,-2.343804049973308,-1.3748770775666708,3.4074332951998385
0.00699587606417924,0.005985681355621036,-0.006650057855175895,0.004976529885874441,-0.024230454091633078,-2.333578509073298,-1.3908063459853077,3.394827116009175
0.007035716006004062,0.005973460492812781,-0.006710769622928508,0.00494040735637811,-0.02757223858797918,-2.316561274451658,-1.442400003807091,3.383847542913142
0.007021145448632304,0.005966900537325577,-0.0066812453079159355,0.004934719795722801,-0.031482032684786006,-2.3127854545292266,-1.4223269735160544,3.369173150611246
0.007086547594687288,0.005936529182831806,-0.006772329554451543,0.00485567793575326,-0.04139300165169353,-2.27296973915213,-1.5044190919699656,3.3301166864168557
0.007084879786593088,0.005920563863022681,-0.006758094550203444,0.0048292023591637485,-0.047676726597299206,-2.258861288783578,-1.499235108096452,3.3028725140133033
0.007073796236880272,0.005945702090780215,-0.006757057484747431,0.004876907753055605,-0.03963987664752771,-2.284031781899475,-1.489127368330086,3.3436675465087995
0.007072086873344039,0.005929759729791463,-0.006742880592799899,0.0048504129581789105,-0.044234803026236634,-2.2698602341170004,-1.484079442903233,3.3164036325583264
0.007048380318743571,0.005964167835846035,-0.006726266744653565,0.004919287281217667,-0.03185849822498089,-2.305843309917815,-1.458083600755848,3.370524691398987
0.007033811074677762,0.00595752801112187,-0.006696693556245811,0.004913679342677544,-0.03479986426535156,-2.3021901209683837,-1.4379142475983464,3.3560929551413134
0.007061073770271074,0.005954915005069572,-0.006741703859152457,0.004898109995018448,-0.03657367902692861,-2.2949996373260944,-1.4736820774359856,3.3571128646185104
0.00705929954570638,0.005938961249075403,-0.00672754119806479,0.004871528217094801,-0.04079316308333892,-2.2807301937534565,-1.468797778808591,3.3297422487307884
0.007046530738859357,0.005948206742055856,-0.006712122591540619,0.004892602732392702,-0.0377456019750726,-2.2914983150473542,-1.4534037087469238,3.342943111894513
0.007108882504183702,0.005885881990907893,-0.0067740879482787305,0.004760255999851235,-0.05234009430644456,-2.2247881250477253,-1.5172632856902248,3.2508188291792677
0.007095938491019347,0.005894961052970831,-0.006758955640506314,0.004781439590724196,-0.04928061751439841,-2.2358482313608694,-1.5023909369720754,3.264324983454506
0.007083066994785041,0.005904208407289412,-0.006743919298447664,0.004802769460005415,-0.04615893194739735,-2.246893265807323,-1.487541387547007,3.277913146281412
0.007121806802889326,0.0058768681891291814,-0.006789093281117623,0.004739088508560223,-0.0552584256337475,-2.213661087515956,-1.5319710163541294,3.2372349422789672
0.006504894263426548,0.006404709677939141,-0.005954691164307924,0.005788705304524771,0.1409569235153725,-2.6511358166959944,-0.6612816168642396,3.793216582245936
0.006520436102827724,0.0064093684280484495,-0.005984291117741641,0.005799165077414657,0.14364704439175335,-2.6624460815190027,-0.6772449576459966,3.81728131110242
0.00651620521088685,0.006393765828797191,-0.005972852686502775,0.005770005959184276,0.13659642656010337,-2.6461257105888336,-0.6806128414176412,3.7867892663079172
0.006531733590664734,0.006398454760262389,-0.006002482358639116,0.005780334082462982,0.1391776320560815,-2.657335972120427,-0.6967931420417296,3.8106577349644213
0.006728936011698175,0.006218447357971207,-0.006302469892967414,0.0054516906444018265,0.06629306333295244,-2.547494747318407,-1.0175906543999158,3.670813494072538
0.00672557429094357,0.006202650624750908,-0.006289567206652525,0.005423380536328813,0.05895049230981527,-2.531502649408383,-1.0171877779573302,3.6410701010212354
0.006717072049872408,0.006228742374980061,-0.006285313413201407,0.00547146160770937,0.07038412717411627,-2.5550189677753226,-0.9993136937071246,3.6804195769065
0.006713679150432507,0.006212965773027359,-0.006272518290494589,0.00544311533814416,0.06309528112878433,-2.5390904236846032,-0.9991812222194411,3.650599608395543
0.006705240485047166,0.006239074616716286,-0.006268090889705293,0.0054911831154653,0.07472622256743754,-2.5624010278752847,-0.9809378953919209,3.689873226853584
0.0067018142901878784,0.006223313860999015,-0.0062554028943402765,0.0054627895205987325,0.06724709754733994,-2.5465408304050565,-0.9810925828799828,3.659957350025944
0.006693441434347548,0.006249443980966237,-0.006250799919369952,0.005510857884428407,0.07957186277195913,-2.56963587485465,-0.9624653198083952,3.699199040254205
0.006689982827421104,0.006233702488286221,-0.006238229365496684,0.005482415468332581,0.0713283529308595,-2.5538589223390287,-0.9629199225793333,3.6691538358232667
0.006681675014610206,0.006259850365114011,-0.006233445209275892,0.005530480563329864,0.08472546528229181,-2.5767313575083644,-0.9439258998131134,3.7084026979501403
0.00667819511162671,0.0062441412502897324,-0.006221018749164152,0.005502009663659663,0.07533764122786218,-2.5610501267767294,-0.9446601153568134,3.6782149081230773
0.0066699413423799364,0.006270293666143451,-0.006216038269932799,0.005550038222869554,0.0894279371571387,-2.5837119244830085,-0.9253650518180382,3.7174454479784296
0.006666462283704904,0.0062546283673242465,-0.006203788946972663,0.005521570130300274,0.07940686912840084,-2.5681089143331755,-0.9263139286886729,3.687156801509732
0.006658240533906344,0.006280773780640196,-0.006198587906349264,0.005569521127090224,0.09290041415399221,-2.5906064012361143,-0.9068032905403137,3.726257476487966
0.006654781631744964,0.006265143650146715,-0.006186527888796972,0.005541063797814279,0.0837471342278376,-2.5750138577557387,-0.9078874387110772,3.6959563526749144
0.006646572705140479,0.006291290604793746,-0.006181087671692964,0.005588936621292342,0.09544625162769048,-2.5974217674006495,-0.888203781430074,3.734799685951321
0.006643126434085846,0.006275662846752464,-0.006169182003886806,0.005560449613328372,0.08840949829397517,-2.581739159851081,-0.8893831235912156,3.7045492986488244
0.006634937971731549,0.006301844034399601,-0.006163519310402005,0.005608304981346286,0.09834859321736154,-2.6041279468390526,-0.8694939703588046,3.743104831753293
0.006631464797431596,0.006286183533759384,-0.006151697103010573,0.005579721462462765,0.09314357465571281,-2.5882786770753317,-0.8707961730494059,3.7128847603341755
0.006623336449023659,0.0063124339648614,-0.006145869816687829,0.005627640414470903,0.10255307825926792,-2.6106771171654115,-0.8506256961848523,3.7512480119328573
0.006619789433490491,0.0062967310356471,-0.006134069658857198,0.005598919687242916,0.09763799970041019,-2.5946564508270082,-0.852119472563908,3.7209791846922466
0.006611768252052548,0.006323060291193105,-0.00612814200517697,0.005646939651356362,0.10804629801004335,-2.617039317424232,-0.8316132794175225,3.759285986086649
0.006608124350993863,0.006307337195546065,-0.006116350363562653,0.005618098215292873,0.10179076886372444,-2.600908736677901,-0.8333521856231018,3.72890152011307
0.006600233495542399,0.006333722908021255,-0.0061103554401272684,0.00566618128058043,0.11358880560773504,-2.6232251628115772,-0.8125236967979453,3.767203252401174
0.006596506253000824,0.006318017128769255,-0.006098605277874773,0.005637285498536742,0.1057873117803636,-2.6070591669663403,-0.8145020185489787,3.736725061889199
0.006782076408965009,0.006135533223493261,-0.006360371287573669,0.005296176071516425,0.0386158147149585,-2.4775055598439617,-1.0974523995452097,3.562522389707174
0.00676993446704035,0.00614556875842551,-0.006343589614675374,0.005315940005454384,0.04256276465516471,-2.4855427477211767,-1.0800104812902005,3.572512510629727
0.006757833781218719,0.006155674425696718,-0.006326779512974391,0.005335706794158961,0.046548605953400705,-2.493479444421222,-1.0625012342877183,3.582411023586356
0.006745775777744952,0.006165865140866583,-0.006309949229124853,0.0053555033259494325,0.050566920273510556,-2.50132891531883,-1.0449274511442797,3.5922426232739944
0.006733769416200883,0.006176133381962601,-0.006293110002429434,0.005375315926578928,0.05460373361355036,-2.509085789324829,-1.02730038035191,3.6020000203947196
0.006721818505008738,0.006186456750035985,-0.006276258103550145,0.005395105339218713,0.058649019679856425,-2.5167312992590785,-1.009623233770178,3.611648707690883
0.007468328829897486,0.005688313429008118,-0.007186046775248669,0.004219334683931518,-0.11705965767214598,-1.9132168095581958,-1.8984191183783432,2.8920165640691864
0.00745479580756053,0.005696288158021204,-0.007172741342603581,0.004241914106887925,-0.11414873734880367,-1.926759025240668,-1.8863795353421713,2.9082836142259034
0.007454427279473388,0.0056800769359541745,-0.007157147981790529,0.004217384630585886,-0.11635096592423043,-1.9146026453091025,-1.8774426218455371,2.8850797392974736
0.007441287888022464,0.005704305373048565,-0.007159366355246044,0.004264449277924937,-0.1113753739086543,-1.9401850351930385,-1.8741976806800176,2.924542158349979
0.007440811406013037,0.005688104206912021,-0.007143737109214759,0.00423986994981359,-0.11489734962732405,-1.9279939102450736,-1.8654955503626713,2.901113477768099
0.007522709275725812,0.005656840934593225,-0.007238467342516847,0.004128758780950703,-0.12037128845872909,-1.858266250735974,-1.9446824845083637,2.826880492429922
0.007522654000077691,0.00564083162804209,-0.007223036871696938,0.0041048360776142845,-0.125212738399898,-1.8470355565603256,-1.9355493676242193,2.8040981567106686
0.0075090771781501685,0.005664644940078419,-0.0072254814070796015,0.004151442756404142,-0.12063191692123647,-1.872054590462338,-1.9333904806606015,2.8432618508168943
0.007509026873672407,0.005648630989248452,-0.007210126965526169,0.0041274311883596265,-0.12328631896226548,-1.8606842050304024,-1.9241909075867982,2.8204932538255956
0.0074954696488305625,0.005672491742345131,-0.007212419473287939,0.004174094155867887,-0.12046402423719865,-1.8858309433864553,-1.9219380320008297,2.8595340124877793
0.007495399936282096,0.005656426890508548,-0.0071970720172414146,0.004149938344358984,-0.1212699012596203,-1.8742348441614902,-1.9126951448594804,2.8367573053886646
0.007481886821520238,0.0056803812644671365,-0.007199274744241136,0.0041967246375573435,-0.11931005822887657,-1.8995647958590551,-1.9102814843678786,2.875769456354687
0.00748175021357735,0.005664248223631314,-0.007183864385978635,0.00417241314443531,-0.11941535652203368,-1.8877226440169679,-1.9010621404054648,2.852919427303853
0.007468083086979188,0.005672125420832044,-0.007170537649772816,0.0041948934102944225,-0.1177931951357666,-1.9011759467070333,-1.8893040550963238,2.869017811281129
0.007522388603156821,0.0056244463083105385,-0.007207588733731758,0.004081085295593044,-0.12165168535495709,-1.839215690391388,-1.9206044429990496,2.7850711462111595
0.0076326344424967295,0.0055959586381202995,-0.007339940350984846,0.003945545532251743,-0.13139209593445303,-1.7460286195273393,-2.0318831835875772,2.6926102908573815
0.00761881062128547,0.005603417561025713,-0.0073275045052808825,0.0039685933983023515,-0.12961296323116542,-1.7602613186272105,-2.0213692771813263,2.7096213060055
0.00761914025511846,0.005587325113248525,-0.007311901747877959,0.003945076298433465,-0.13389228758383911,-1.7494964031245157,-2.0118378816022027,2.687768954067495
0.007605282782583926,0.0055948614130353945,-0.0072994385545626225,0.003968051616265449,-0.13280303151666015,-1.76361296203045,-2.0012960488899374,2.7045857585445283
0.007660352036567375,0.005581171262969613,-0.007364597694546261,0.0038993274094803938,-0.13438387221784115,-1.7173599813074485,-2.0526148142359384,2.6585076425758154
0.007646481625663309,0.005588543181480799,-0.007352307289969942,0.003922452139505686,-0.1332190876598588,-1.7317263028761305,-2.042310690684231,2.6755587401429213
0.0076469623017261555,0.005572425334694156,-0.007336699881128782,0.00389903918364065,-0.13553215527255902,-1.7211196847643713,-2.032591030864985,2.6540835819376345
0.007633036916586021,0.005579841699039041,-0.007324322449588081,0.003922063572228451,-0.13470248256757397,-1.735326770131367,-2.0222705739638864,2.6709324450528773
0.0075360457179933825,0.00561653628415911,-0.007220196567379753,0.004058347767751423,-0.12301895414272719,-1.82559600226141,-1.9315318454611272,2.768710725071408
0.0075498545452827226,0.005608712615603668,-0.0072329584101893446,0.004035532370731529,-0.12444899821297385,-1.8118529571913997,-1.9425422821996128,2.7522795176245185
0.0075915941571140025,0.005586054027463996,-0.007271582387480254,0.003967497949189872,-0.1282086893692014,-1.7703919948436757,-1.9756017256586997,2.7031591049406596
0.007563775853678535,0.00560108070832559,-0.007245915969668576,0.004012818805441392,-0.1258588030643956,-1.7980583883781602,-1.9536802704093768,2.73591254689755
0.0075777142838023915,0.0055935930769659414,-0.007258888311381328,0.003990213172695065,-0.12712015220343517,-1.7842497169239504,-1.964789098203833,2.7195982810362653
0.007716063272701484,0.0055521203899277,-0.007412995375763576,0.003806515153228178,-0.1356766719553525,-1.659452115780508,-2.092316066071503,2.5901494588791034
0.007716694352047394,0.0055361230680251216,-0.007397298793531642,0.0037837044095643826,-0.14017440506990272,-1.6495390487016202,-2.0824286146555164,2.569301241998039
0.00770210129329566,0.005559317447314377,-0.0074010147373146,0.003829756876497472,-0.136351862422666,-1.6739607290764538,-2.082625207780637,2.607282740741598
0.007702742950790189,0.005543320041089747,-0.007385399234333256,0.003806844720447852,-0.13912960494785995,-1.6639609132490134,-2.072707532445758,2.586383618876176
0.0076881620046344535,0.005566558325275474,-0.007388954115506992,0.0038529744374170304,-0.13625363566035265,-1.6884630221767412,-2.0727833781364673,2.6243665667491913
0.007688799433695118,0.005550523456848985,-0.007373373311876346,0.003829910676426115,-0.13808805301288765,-1.6783071884981025,-2.062855976678268,2.6033694343166385
0.007674245540973594,0.00557384295394766,-0.0073768133015057165,0.0038761681215855547,-0.13536714208743078,-1.7029363924481276,-2.0627761509766853,2.641443993579289
0.007674851265745096,0.005557765284446413,-0.007361234323828019,0.0038529544642731776,-0.13721920508683375,-1.6926070867752616,-2.052881568476929,2.6202982472433622
0.007660902804841063,0.005565066739340014,-0.0073490072251551014,0.0038760008874904575,-0.136400289624088,-1.706878279009289,-2.042793655853737,2.6372040430525256
0.007745118863982565,0.005505169477202203,-0.007404737029046082,0.003714517314997366,-0.13688907837538175,-1.614669610646662,-2.0854531585760125,2.518747457036506
0.007731061018303561,0.0055124212700993795,-0.007393126218614943,0.0037378484380537545,-0.13636409684855377,-1.6290934631714677,-2.0761545122926326,2.535825265484559
0.007717106411758938,0.005519734401970732,-0.007381569127439934,0.003761092975385029,-0.1358535323333835,-1.6434163863139115,-2.0668523711838316,2.552829608950409
0.00791634891887828,0.005423801247990606,-0.007541720408005117,0.0034337783158249536,-0.1384701814648008,-1.438226504529988,-2.191578812159649,2.3127148965187696
0.007787634873748457,0.0054840894261275405,-0.00743982740426307,0.0036446561249289557,-0.13826739705509764,-1.5710949984272775,-2.113317272804331,2.467534361054789
0.007773420368553981,0.005491005763831787,-0.007428109032904391,0.0036679126732064543,-0.1378559468583694,-1.5856616056765729,-2.10405212127719,2.4845948554024138
0.007759246803724077,0.005498028955558809,-0.007416406734263252,0.0036911958097520093,-0.1373932689130242,-1.6001859248022965,-2.0947591984952254,2.501663641705775
0.007901932346775643,0.005430304814775904,-0.0075306368769200134,0.003457368398018601,-0.13872846728151697,-1.4531705957391365,-2.183259252547209,2.3300453235431893
0.007887564539844192,0.005436879268667678,-0.007519542636485116,0.003480924057194239,-0.1388135182515258,-1.4680532671198663,-2.174894429520183,2.347342754539145
0.00787330534521821,0.005443621010555643,-0.0075086147825636565,0.0035045073039565336,-0.13885298798595816,-1.482850059283739,-2.166638743399441,2.364645713382291
0.007859101011279948,0.005450449912123004,-0.007497700661473703,0.0035280775592296146,-0.13894766487080992,-1.497597300181101,-2.1583520501811364,2.3819375510012013
0.007844842408287365,0.005457206356085459,-0.007486494187695752,0.0035515437294495176,-0.13905250759116553,-1.5123490503376738,-2.149760383582802,2.399164685116238
0.00783051942479567,0.005463869298399996,-0.0074749604022152525,0.003574883045734612,-0.13904810912641705,-1.527098049915092,-2.1408334265502433,2.41630657166333
0.00781619068479328,0.005470535416612715,-0.007463275671765925,0.003598155487908362,-0.138891209468142,-1.5418130708605728,-2.1317282761723075,2.433398768565816
0.007801892013374571,0.005477269180266041,-0.007451553306150465,0.003621408239036075,-0.13861801144226782,-1.556479860322307,-2.1225461560253707,2.45047158742296
0.007930744741093178,0.005417210680592972,-0.007552538268595526,0.00341003232307331,-0.13806308043888207,-1.4232514913806227,-2.1996234088600626,2.2952829692875736
0.007985470484765413,0.005423792964446572,-0.0076268885882910835,0.0033574727627103253,-0.13980004434481313,-1.3758420224264298,-2.2570623606573514,2.256863150723183
0.007972672365910847,0.005414041804382998,-0.0076003189982653116,0.0033598341794995085,-0.14121459803326583,-1.382177471879834,-2.2387845644061475,2.2563349369984613
0.007999857235701381,0.005417486615139693,-0.00763740423754371,0.00333348322142138,-0.13953917650110767,-1.3605189890108218,-2.264730046894282,2.239102207082786
0.007987128558592722,0.005407703282506038,-0.007610955139035847,0.003335938394033657,-0.1404634876834199,-1.3669874514141578,-2.2464381791581185,2.238772229975243
0.007959646503173406,0.005403889936349175,-0.007573712352337335,0.003362052538885909,-0.13730748584529137,-1.3931073254122508,-2.215165798413001,2.260106281378451
0.00794514796475975,0.005410515114374598,-0.007563104426742218,0.003386083064388968,-0.13765113607666368,-1.408224964587497,-2.207399298272135,2.2777229323603403
0.007427805204706179,0.005712364995121043,-0.007145922041923197,0.004286939746732283,-0.10868287829349939,-1.9535044861548885,-1.8618941728298821,2.9407782539687015
0.0074272448813373715,0.005696193535817115,-0.0071303067334982,0.004262324228406996,-0.1133206070749896,-1.9413341862884546,-1.853458981625362,2.9171011361965333
0.007414347890939333,0.005720466944757862,-0.007132405441256284,0.004309390555073818,-0.1055371069574302,-1.9667275768241013,-1.8494887240552895,2.9569989695224037
0.007413729055563238,0.005704338267929758,-0.007116853707190959,0.0042847373637402856,-0.11171499201717715,-1.9546113308103246,-1.8413239303096376,2.9330300509315688
0.007400916079949334,0.0057286111419663464,-0.007118823247537133,0.004331790797571051,-0.10242679440237897,-1.9798667551762452,-1.8370163945920253,2.973170306053509
0.007400272702330272,0.005712542997490247,-0.007103395678966226,0.00430711132891311,-0.1100965773389707,-1.9678170482097432,-1.8290921655470207,2.948913759773553
0.0073875099048583345,0.005736797506241737,-0.007105187210233945,0.004354121347641775,-0.10070980961426802,-1.9929482911060568,-1.8245034399442257,2.9892005990275474
0.007386873283222074,0.0057207996218952934,-0.007089922133994473,0.004329439084429748,-0.10819067368541936,-1.9809417993681506,-1.81675490062948,2.9647598873410597
0.007374129498678275,0.0057450259565670235,-0.007091493024783571,0.004376389448417339,-0.10022530451026186,-2.0059986775295164,-1.8119273711542234,3.005040929278433
0.007373497423198487,0.005729077380250253,-0.007076358109915249,0.004351699386027586,-0.10581828271735838,-1.9939727426932823,-1.8042776531249138,2.980524618100962
0.007360774994305904,0.005753296411412851,-0.007077721620626402,0.004398626150843128,-0.0990732610400341,-2.01901356497282,-1.7992292226821307,3.020752411607228
0.007360116471231891,0.005737355621303285,-0.007062644980564297,0.004373876987785173,-0.10330725810559445,-2.0068997517767024,-1.7916411437874353,2.9961470560646037
0.007347446524517867,0.005761608788737447,-0.00706386550029079,0.004420843482674495,-0.09651352999937506,-2.031961712939409,-1.7863768572924903,3.0364145799099007
0.007346740544308952,0.005745653309511157,-0.0070488141807866925,0.004395988750585869,-0.10104781681662488,-2.0197314477957486,-1.778869242036558,3.0116356890880875
0.007334144221965789,0.005769963005986637,-0.007049935224680792,0.004443024411241808,-0.0935528375907188,-2.0448215815014135,-1.7733895314079848,3.0520304439086807
0.0073333947726494575,0.0057540024442598115,-0.007034928692623287,0.004418066581462801,-0.09898236088713447,-2.0324891784581554,-1.7659905255581363,3.027050459915458
0.007240654558197636,0.005813646823924445,-0.0069357335009673825,0.004571475386470811,-0.081935872329209,-2.1196123087945478,-1.672479276846197,3.132737444031305
0.0072548873301182615,0.005820962260321793,-0.0069649484458626535,0.004575100600108412,-0.08000014290736693,-2.120381396780194,-1.693073689270693,3.143568471271818
0.007268029851185398,0.005812358765846111,-0.00697929275685808,0.0045531885320471656,-0.0828761984610253,-2.10799827561438,-1.7067847187159841,3.128526432119534
0.007253835672422081,0.005805000444457731,-0.006950128244555382,0.004549685897199247,-0.08434943837981142,-2.1074077934358093,-1.686198778543386,3.1179194892829014
0.006117566743455818,0.006849331498161109,-0.005251014815020996,0.006470618331005564,0.31689007212056636,-2.7400487262078013,0.09718680342903385,3.928252837728872
0.006111647254545587,0.006834435294370995,-0.0052436289679986805,0.006440857823141984,0.30604599221557766,-2.72641143299815,0.08477282873204284,3.899526660892183
0.00610533514511285,0.006819285836915632,-0.005235895569764425,0.006411220745058885,0.3028078484275207,-2.711088644139154,0.07907813867732132,3.8690207663157
0.006107687827612112,0.006861544017724469,-0.005230679021920539,0.006487068062887629,0.32009375112560534,-2.738942001669647,0.11790698885334855,3.9272736031525945
0.006101765483098585,0.006846633534889662,-0.005223466798068839,0.0064572895563943826,0.3107864402342811,-2.725383806781112,0.10528170700769278,3.898697085806361
0.006097847331006403,0.0068737875075634836,-0.005210265117610305,0.006503475257026578,0.32509094343660877,-2.7376429467420578,0.13869419716226228,3.926108760394454
0.006091886752418395,0.0068588565199488374,-0.005203197135581414,0.006473627908398299,0.3151606735800317,-2.7241662513786626,0.12577485195507862,3.8975931989069914
0.006088045350458172,0.006886061847125403,-0.0051897954953076695,0.006519821843691947,0.33050567185212193,-2.73616101044133,0.1594948829845406,3.924781082754279
0.0060820428898418835,0.006871146716956257,-0.005182862451973073,0.006489961649927747,0.31919714896682777,-2.7227960621342677,0.14630318538060247,3.8963194820568035
0.006023711298330278,0.00694559700642549,-0.005059629037993333,0.006586696951177413,0.34419993215703665,-2.711189367683413,0.26939435379194876,3.8845220972376038
0.0060396165473467316,0.006947892054997044,-0.005086739973316409,0.00660053999799929,0.3518482894014759,-2.726249564590079,0.26331166956954605,3.9146906777734767
0.006007474740354366,0.006943185825880868,-0.0050325171267560425,0.006573087723754344,0.3448080808072398,-2.694145087492967,0.28187076137505795,3.8524331483442444
0.005998050901118795,0.006955855675402522,-0.005012118317023958,0.006589210319750968,0.34888398372824003,-2.691766237158362,0.30207584359111883,3.850084860931478
0.005941418863196896,0.007031611677055308,-0.004887432731424609,0.006682535497160227,0.37258433639012467,-2.672812316722268,0.42277112415324397,3.8292688140756215
0.005950809408176261,0.007018961854238673,-0.004908398918802053,0.006667259437177611,0.3687379603981473,-2.676442748882808,0.40272865622814225,3.8333655890652394
0.005960125816964777,0.007006285248088953,-0.004929148495869941,0.0066517497962305565,0.36483910817819204,-2.6797754510356655,0.38268648410749856,3.8370020015094717
0.00598856199231575,0.006968454876523021,-0.004991522939563589,0.006605034890229524,0.3528368534076661,-2.68907454431195,0.3222597204743574,3.847237949841056
0.005979003456442794,0.006981013156160211,-0.004970718268288005,0.006620607544737803,0.35679805127090297,-2.686082799528634,0.34243875201664364,3.843920865544575
0.005969500542324727,0.006993617051978688,-0.004949888727542972,0.006636152926858514,0.36082868387232203,-2.6829567821296423,0.3625913556817723,3.8404581350519607
-0.004968024396806323,0.010507519286667495,-8.290787387867874E-4,0.00822210017004771,0.017940045140367285,0.5172012254406643,-2.5656491425365417,0.20963502316358515
-0.004968436488680612,0.010523086833686413,-8.5414580835508E-4,0.008218004599957055,0.012870284809361083,0.5332483482012603,-2.563938558833883,0.19286305874639256
-0.004969097565386233,0.010538834145988954,-8.795386932786091E-4,0.008214006656707788,0.00776967985825775,0.5495288384082212,-2.5623049173818573,0.1759642769284452
-0.004976660805428053,0.010692978829473164,-0.0011264790843341843,0.008168615004647299,-0.041108575012373055,0.7089407062927799,-2.5421614590338706,0.011349030741268699
-0.004971800833886754,0.010661280454254995,-0.0010747722678042802,0.008175208753181087,-0.03134192656314323,0.675353631646929,-2.5444535323470547,0.044498763023214594
-0.00496950665046131,0.010678370528359144,-0.001100752880600228,0.008165993668694893,-0.036755706644401386,0.6922197977956822,-2.539394205733338,0.025705982586663925
-0.004970252063038208,0.010555103189134869,-9.05885452644827E-4,0.008210279272854155,0.0025523051893207374,0.5664508482783007,-2.5608881250054876,0.15861892125195365
-0.004974795143203476,0.010588277538830843,-9.60252008381319E-4,0.00820476987898426,-0.007947742777384829,0.6014619923644275,-2.5594085210615805,0.12373361752153457
-0.0049718695646001594,0.01057189217263438,-9.331821596141062E-4,0.008206772300568032,-0.0028065682407779342,0.5840087468960284,-2.5596563361374547,0.14081946553974778
-0.004963001618296084,0.01059885054811429,-9.730412571602321E-4,0.00818739376172537,-0.011943084808099141,0.6094365459181776,-2.5484447884906642,0.10996110500188791
-0.004968247601884317,0.010628938111027882,-0.0010224600427740727,0.008182976838971996,-0.021273769712873366,0.6414460773356182,-2.5475016387387917,0.07860255591192146
-0.004965032798091047,0.010645898694548706,-0.0010480334857515836,0.008173053084512681,-0.026753061105829166,0.6579697376311788,-2.5419596165351614,0.05973917024677817
-0.004961106142837275,0.010615106532108346,-9.980830714327882E-4,0.008179552172250845,-0.0172025160259285,0.6255761008360744,-2.5442608014440995,0.09208778597390517
-0.004971969941976268,0.010031596902906916,-5.215317006288018E-5,0.008299787498135666,0.17945018572551932,0.027996423109080525,-2.5872994155797877,0.7324387614486173
-0.004971418811791163,0.009984165729241018,2.613608170146984E-5,0.008299343252827272,0.19513926627323083,-0.0213662998237136,-2.58395992576563,0.7850056297770475
-0.004971818374033214,0.010015839953451854,-2.6142299337191872E-5,0.008299818968088736,0.1847840919582415,0.011600896006304358,-2.5863163654959824,0.7499104901018253
-0.004971566751919669,0.010000032421591103,-4.930925722943859E-8,0.008299592041786097,0.1900120553909915,-0.004856776722581762,-2.585149489822731,0.7674053264567208
-0.004957418913840235,0.01003955929210173,-6.497566243369029E-5,0.008282514634611252,0.1731919929462639,0.0331352586520795,-2.575853764453159,0.7194525209905125
-0.004957104411429588,0.010055287934734695,-9.079229930255245E-5,0.00828172367136133,0.16794020717262811,0.049371134499834074,-2.576337205138254,0.7019502800396406
-0.0049569043345919755,0.010071120360058382,-1.1677259686812372E-4,0.008280922948732299,0.16266193171232216,0.06572339156604677,-2.5768176798290825,0.6843851679611586
-0.0049569402230045835,0.010086994867066506,-1.4282349657763224E-4,0.008280255752173359,0.15740839655429542,0.08215449428236309,-2.5773922538440677,0.6668586957404666
-0.0049572064595271945,0.01010287439899169,-1.6888951362869738E-4,0.008279716175447406,0.15218806255491066,0.09862778263324191,-2.5780553373765382,0.6494066299608643
-0.004957698547682161,0.01011874548096429,-1.9495352303920414E-4,0.008279299432215441,0.14699948400900484,0.11512988949846624,-2.578802646143553,0.6320399015153407
-0.004959958583053953,0.01016599658877508,-2.726165751950613E-4,0.008278141144977172,0.131624910600866,0.16437948931240462,-2.58108547308557,0.580611081791517
-0.004958429617674558,0.01013457373917833,-2.2096517082397521E-4,0.008279023472144357,0.14185580524839178,0.13162877771218287,-2.579644086448543,0.6147975923354313
-0.00495930844951219,0.01015031734818741,-2.468530699834101E-4,0.008278785022346413,0.13675701080765598,0.1480640239104136,-2.5805057924913872,0.5976969416888106
-0.004960123937472398,0.010181708835895214,-2.9838012889451187E-4,0.008276782784865546,0.12636616260234357,0.18062014639173177,-2.5811770398732343,0.56336757740924
-0.004960092329557881,0.0101975552050101,-3.2432712128285926E-4,0.008275037085855778,0.12100601893981101,0.19694697600673686,-2.5810110820083954,0.545939817858538
-0.004960278164683502,0.01021360699247826,-3.5061790345970284E-4,0.008273379873136822,0.11560364195296247,0.21352142577362018,-2.5809181963060777,0.5283601891457308
-0.0049705145962497125,0.01037181650389578,-6.10490042951934E-4,0.008259053116488441,0.06345798617461,0.37845960886805324,-2.581483882140745,0.35776673345539595
-0.004969516537174733,0.010356025371011653,-5.845966551281692E-4,0.008261154275002833,0.06869865184004319,0.3620257208038366,-2.581873451032321,0.3747537429688858
-0.004968774929977232,0.01034031699206529,-5.588748524268783E-4,0.0082633986749445,0.07394411081021747,0.34572923444988696,-2.5823667447556615,0.39172370251838323
-0.004968135415224778,0.010324643580509505,-5.332123462490996E-4,0.008265615477614993,0.07917965932711095,0.3294868266971529,-2.582845197610091,0.40869137638218794
-0.0049668126869000595,0.010309132337725355,-5.076771924041591E-4,0.008266860190505041,0.08425616902593035,0.31324979644554163,-2.582682495681761,0.4253294570020801
-0.004965502059938357,0.010293591610508884,-4.8209290362294816E-4,0.008267985762452563,0.08934390407113603,0.2969810217032789,-2.582437291124633,0.44200966886583265
-0.004964346689613801,0.01027790944084563,-4.5630084208151013E-4,0.008269177963709504,0.09448957891686234,0.28059534967435656,-2.582227137769134,0.45889162160090696
-0.004960851131739265,0.01022985677683119,-3.772677301788923E-4,0.00827200599990298,0.11019926905779583,0.23037595096477362,-2.5810330532212293,0.5106775244574528
-0.004963159664316935,0.01026210817822523,-4.303071195985824E-4,0.008270209789862036,0.09966282818959894,0.26407568389476016,-2.581901820339905,0.47590467951308696
-0.004961892205482922,0.010246094169221396,-4.0395393125905395E-4,0.008271033719204714,0.10487543411059573,0.2473160475329487,-2.5814228425753964,0.493137478386868
-0.0049620116773842525,0.01045974632273817,-7.506915181513356E-4,0.008228229344936612,0.03324750220040274,0.4668987627781438,-2.566599410833817,0.26008587895685825
-0.0049548443182832035,0.010501008609066498,-8.148686187448472E-4,0.008208541140140418,0.019113375074183384,0.5075131395560675,-2.556129877998909,0.213841884799764
-0.004949271949511413,0.010486847720167414,-7.906856061503734E-4,0.008206012573853219,0.02325970324686705,0.4917602974944753,-2.5534939800564795,0.22794387610153963
-0.004946416374970166,0.010469372755408282,-7.619974617523944E-4,0.00820743214820642,0.02874342543319933,0.4732493947246032,-2.55328731441411,0.24620918193430533
-0.004961112466205582,0.010443553101541462,-7.243994099643186E-4,0.008231343656323541,0.03852824100926602,0.4501048706239413,-2.567620736823182,0.27745147128757935
-0.004961068602580017,0.01042784412181083,-6.990725289284402E-4,0.008235193023521577,0.04373414679069406,0.43398744489243274,-2.569167423429445,0.2945015853388397
-0.004959700223054792,0.01041222068997433,-6.735362872701596E-4,0.008237327674166546,0.04880532435275375,0.41766340259831974,-2.569573126873174,0.31116555067788293
-0.004957459495413962,0.0103966180065379,-6.478257172659979E-4,0.00823829405496032,0.053782487670186584,0.40117628574248826,-2.5691989170277783,0.327602995583489
-0.004955665609135245,0.010380801035659368,-6.218727304184651E-4,0.008239690732225496,0.05886490679770771,0.38457035755266283,-2.5691012257684753,0.3443781631045284
-0.00505911156582297,0.009233435272781454,0.0012775873134257575,0.008234672172259776,0.4309335591443684,-0.8063420789029024,-2.4786649048977165,1.6724478717264255
-0.00504414969026271,0.009239056979867197,0.0012619830217079542,0.00821895760465814,0.41847674252876804,-0.8045141379480388,-2.465378641838033,1.659899636387258
-0.00505672766533414,0.009248961635249485,0.0012517178974544743,0.008238644222918989,0.4266589209542992,-0.7897572598505288,-2.483328756916441,1.6534865842899136
-0.005064025718534267,0.009202404931867792,0.0013293238177524206,0.008226478767050837,0.43747731448671034,-0.8395285103778608,-2.469020183457155,1.7104289791401877
-0.0050490323804948285,0.00920793184322421,0.0013135877312451234,0.008210784342936426,0.42631831037273576,-0.8375915804240085,-2.455703249140884,1.6975849677818335
-0.005061544257832261,0.00921791631991809,0.00130346255733372,0.008230615973748214,0.43416544618358155,-0.822952797255771,-2.4738876938056134,1.6914270697006533
-0.005046558425634467,0.00922348649601599,0.0012877954052034407,0.008214901037547627,0.4223499680482045,-0.8210665024986996,-2.4605766261114046,1.6787384529048153
-0.0050417779210189485,0.009254636338290531,0.0012361495769776436,0.008222919424296845,0.4147730980788538,-0.7879652524468489,-2.4700762842795587,1.6410745473052344
-0.005054392578627048,0.00926449525245532,0.0012258425668554853,0.008242533919779683,0.421850387387192,-0.7731882459505267,-2.487879468020417,1.6345169625011569
-0.0050476804154309,0.009311138089096707,0.00114807028319674,0.00825372584103066,0.41162697885386085,-0.723241980659942,-2.501024099425616,1.577761220548907
-0.0050498689328047465,0.00929558363336138,0.00117399660401565,0.008250077927384523,0.41547806847271945,-0.7398857791509271,-2.4967370939720523,1.5966262476584767
-0.005034943050396325,0.009301441650548123,0.001158539551534608,0.00823430433478129,0.40242208445011646,-0.7383236088050554,-2.48356998034016,1.5846439375432857
-0.005052106327402137,0.009280035969880421,0.0011999334264617206,0.008246345456272902,0.418153416378,-0.7565657068516698,-2.492345344568894,1.615548375088278
-0.0050371433349299865,0.009285832789552655,0.0011844103513163134,0.008230559278386841,0.40666805684262214,-0.7548979322096686,-2.4791338784034695,1.6034398481730008
-0.00503943110506985,0.009270227977159182,0.001210287646227909,0.008226773921214603,0.4109084351017335,-0.7714357037434761,-2.474649574716698,1.622255013247803
-0.005045540795333225,0.009326699183653657,0.0011221569053135436,0.008257288891408626,0.40624573686352833,-0.7066741209054183,-2.5051908423081275,1.5589100478954905
-0.005032796865009504,0.00931704646762947,0.0011326730681204744,0.00823796993933331,0.39854619792962825,-0.7217397157581905,-2.4879277722560924,1.5658773440923266
-0.00504345009202691,0.00934226676397499,0.0010962155191558687,0.008260772723520519,0.40176882462690494,-0.6900974731794199,-2.5092707311804974,1.5400553088560442
-0.0050306652261568946,0.009332651346812375,0.0011067925696749406,0.008241513304412673,0.3946904466225443,-0.7051892588685506,-2.4921501622917854,1.5471318677000865
-0.005037471670074724,0.009389006894728722,0.0010183154351166561,0.0082707370812303,0.3894672970474768,-0.6403483347651363,-2.521018000199263,1.4837335668679301
-0.005022690638318085,0.009395126416987643,0.0010032009707873874,0.008254930689513522,0.37803828515473176,-0.6389378658886827,-2.508151397305585,1.4723435133858374
-0.005041408324495789,0.009357840677385803,0.0010702384496420715,0.008264178361523803,0.39880888378610857,-0.6734638951507556,-2.513286473675431,1.5212361096097735
-0.005028575383566111,0.009348265631109721,0.0010808966236493757,0.00824496693972602,0.39040388053142977,-0.6886508192062125,-2.496258420384672,1.528397727391302
-0.005039415511198498,0.009373420771600327,0.0010442665472691294,0.00826750047103428,0.39502012800985553,-0.6568584605196963,-2.5172114318572216,1.502474919362698
-0.005024623515116246,0.009379508132123718,0.001029105886175762,0.008251716280028326,0.3819283979633208,-0.6554868618116219,-2.5042957640365433,1.4909939075019174
-0.00502656917010516,0.009363887898528779,0.0010549998294169017,0.008248377254184184,0.38598876630733875,-0.6720768890623283,-2.5003119781879235,1.5096801830194053
-0.005007506873363447,0.0094012202375891,9.881341350288042E-4,0.008239324110749291,0.3724229607393932,-0.6309168659597068,-2.496714331256993,1.455356135955473
-0.005026837979827507,0.009482641786463353,8.622494656993128E-4,0.008288460875068399,0.36322204035345323,-0.5407378209281545,-2.54206441360089,1.3715057560444064
-0.005013799052037654,0.009473411001232923,8.733890753401459E-4,0.008269833079254342,0.3557601930125702,-0.5562297306655277,-2.526134822567513,1.3793100011549304
-0.005019326211946599,0.009560809133749614,7.320294176035351E-4,0.008300975197907259,0.33762139683681375,-0.458435069499939,-2.557247551377064,1.2788002022285603
-0.005020730317030955,0.009545166597241004,7.580808428028227E-4,0.008298636770873155,0.3434753217784651,-0.4748663139370258,-2.554409276207637,1.297357712618714
-0.005006091371382164,0.009551752865361493,7.434501776497881E-4,0.008282611405125847,0.33379090685950213,-0.47352631233744974,-2.5419433895301604,1.2869107997532991
-0.005025237403992261,0.009498265893762124,8.362197357413476E-4,0.008291127377737484,0.3582378226118829,-0.5242373691661603,-2.5452739747274316,1.3529194312618416
-0.005012167163698327,0.009489078516737536,8.474049704810703E-4,0.008272564867672609,0.3515570612903372,-0.5396665289411774,-2.5294779460111134,1.3607646540327865
-0.005022183559254116,0.00952952844693864,7.841135766289766E-4,0.008296217468747416,0.349687838528517,-0.49125910015124874,-2.5514708501275676,1.3158650847881297
-0.005007565341804943,0.009536091240356013,7.694365673658445E-4,0.00828025874636496,0.3380363717640322,-0.4900040302444721,-2.5389715157943855,1.3053006968655296
-0.005023685925945949,0.00951389482992714,8.10162843300234E-4,0.00829371405514368,0.3544002340002032,-0.5077238618065026,-2.5484178847287464,1.3343697001423391
-0.0050105717454456385,0.009504753342544298,8.214073464400856E-4,0.008275200581540318,0.34699834698231774,-0.5231166526838953,-2.532711077538987,1.3422389130806307
-0.0050090455710637615,0.009520427418818438,7.954157242527705E-4,0.008277774386238555,0.3423632711774829,-0.506551913719155,-2.535879733485477,1.3237441570179203
-0.005005492433228668,0.009416894347177327,9.622236456979079E-4,0.008242264476934253,0.3681365568759752,-0.614405478114223,-2.500348549445782,1.4367135561224462
-0.0050004415617066695,0.009464129523432884,8.843728867600249E-4,0.00825146794065018,0.35532846153078784,-0.5647273879104365,-2.5114099264602774,1.3811437493015868
-0.005001954663749311,0.009448397158333793,9.102680620030985E-4,0.008248347040873296,0.3596660303529547,-0.5812670510185419,-2.5077075439909877,1.3995593723060675
-0.005003613549770562,0.009432635247347686,9.36236207872916E-4,0.008245244378047833,0.3639042826777054,-0.5978406104843986,-2.5039930636912184,1.418083435579307
-0.005017971256234513,0.009576455909857676,7.059308783600001E-4,0.00830323519881568,0.3336498583119147,-0.44184048870789233,-2.5600190830628287,1.2602144847842536
-0.005004635724613544,0.009567437454950903,7.174238410325618E-4,0.00828485035018596,0.32913419901352664,-0.457103960990025,-2.544803668513969,1.2685437769910786
-0.00501666546169899,0.009592106779443133,6.797984830384556E-4,0.008305415506241722,0.33102668138944225,-0.4250912237313329,-2.5627409441121105,1.2416805213812756
-0.005003253308559777,0.009583161105575628,6.913442810415446E-4,0.008287039684755644,0.3239841845399855,-0.44066056397726355,-2.547610319068625,1.2501615129422712
-0.0050130431569171624,0.009639082495257915,6.01493010176377E-4,0.008311453907088224,0.31758875124689623,-0.37516430363894865,-2.570491136859456,1.1867179678424424
-0.005014201401274545,0.009623420217022645,6.275699710344486E-4,0.008309525532830089,0.323479035520541,-0.39166802241159115,-2.5679929516155293,1.2049626357156655
-0.004999694488615772,0.009630333683944548,6.131499733635377E-4,0.008293433149789935,0.30916696896142865,-0.39099504403473023,-2.55585610141685,1.1950567704142794
-0.005015408839722729,0.009607761596875476,6.536701645203593E-4,0.00830751290421374,0.3280073349778921,-0.40832214851056764,-2.565404974633769,1.2232638471843704
-0.005001982969924875,0.009598907140121965,6.65241978968668E-4,0.008289219587332525,0.31871916784520615,-0.4241415467028889,-2.5504042964832987,1.231760770261122
-0.005000811740816254,0.00961463858934484,6.391689028452265E-4,0.008291368779182557,0.3137477398419141,-0.4075656297254355,-2.5531691296242673,1.2133787602460016
-0.005011934116815129,0.009654748287466774,5.754143638196749E-4,0.008313299982300232,0.31131675248568685,-0.35874135061400386,-2.572900526102332,1.1684656774516295
-0.004998592393694776,0.009646003407624124,5.871629408538303E-4,0.008295371985877294,0.30478720338689774,-0.37447704729606185,-2.558428835716142,1.1768055362889538
-0.005007990188766738,0.009717443732062379,4.709337998364212E-4,0.008319872549380419,0.2914591167366921,-0.29292880897160134,-2.5818546277965284,1.0956026164769959
-0.004993642091799905,0.009724519117497407,4.5693550923815073E-4,0.008303651013353808,0.28088316448441847,-0.2920583794644221,-2.569979994173318,1.0859430137456043
-0.0050089023178828546,0.009701765314618093,4.970418439885433E-4,0.008318353574464067,0.2975607933842092,-0.3093179016805943,-2.5797374123929937,1.113763155235922
-0.00499454572422933,0.009708812370546842,4.829905243637647E-4,0.00830217346536223,0.2854951243883345,-0.3085251496189762,-2.567818865616511,1.1040469951802854
-0.0050098636880925584,0.009686089839949744,5.231700996831813E-4,0.008316751065274713,0.3021960994851656,-0.32578988208653403,-2.5775264352217353,1.1319498451481784
-0.004995466968734687,0.009693100990760636,5.090471799221633E-4,0.008300577792877052,0.29024684130121453,-0.32503764181089784,-2.565559801037683,1.122200768100879
-0.005010874290742818,0.009670417450053835,5.493059735348716E-4,0.00831506576890993,0.3061424208689246,-0.3422921060666475,-2.5752413121882562,1.1501942683969064
-0.004996444733842494,0.009677382820161604,5.351132164972213E-4,0.008298906346105047,0.2952975971097083,-0.34154243346288843,-2.5632439986970135,1.1403934851239057
-0.004997497945590201,0.009661679547579155,5.611593547270107E-4,0.00829718294076054,0.3002418683716648,-0.358009579497077,-2.5608806841097986,1.1585961258929258
-0.004978892382199107,0.00973159747555284,4.429879030672074E-4,0.008287622858255848,0.2759288061582658,-0.28445459997474026,-2.5587151197380162,1.070460853823972
-0.004974691188672353,0.009826268579364575,2.867394345820959E-4,0.008294630225746042,0.24612716073029398,-0.1856933264884061,-2.5702657228234806,0.9625837999819965
-0.004977917932521214,0.00974737054332254,4.169356159923247E-4,0.008288822657592175,0.2710159444057452,-0.2679937587859121,-2.560688991917832,1.0523432252275027
-0.004975371669156397,0.009810566422382832,3.126670307051301E-4,0.008293802836179651,0.25122048937189995,-0.20205851366669877,-2.5686136949478375,0.9804505065530772
-0.004975924574933563,0.009794860272148214,3.385838367747711E-4,0.00829268451009262,0.25628979362629106,-0.21844637328178074,-2.5667445448704274,0.9982782724023176
-0.0049764263759003845,0.009779074042108028,3.6461811341102036E-4,0.008291354806379839,0.2612581776494494,-0.23492262499458308,-2.564709021573616,1.0161759196109041
-0.004977072115212198,0.009763216430287715,3.9077721910436787E-4,0.0082900418853476,0.2661441526560097,-0.2514653969723875,-2.562670545809205,1.0342173363403173
-0.0049740108920779255,0.009842039160212436,2.6069820413357584E-4,0.008295323687453886,0.24109589249117278,-0.16927316651817625,-2.5718187346166257,0.9446587280164586
-0.004972760604422424,0.009905185193899286,1.5649999582066792E-4,0.008298413860667363,0.22085179795540286,-0.10350640227164341,-2.578184444898715,0.8735903555219381
-0.004973001904513869,0.00988948960729468,1.824042192621227E-4,0.008297776793342098,0.2260578784701491,-0.11985861689289697,-2.5767043527984317,0.8912240734092592
-0.00497316467158504,0.009873724967869623,2.0841107076181303E-4,0.008296901817058779,0.2311452378006382,-0.1362873661807267,-2.575045495422442,0.9089042939310964
-0.004973475589871154,0.009857882008156248,2.3454877773447839E-4,0.008296052274153864,0.23612657004759033,-0.15278409256227643,-2.5733932727982336,0.9267309304188388
-0.004956298195250668,0.009960050483651716,6.557596872205038E-5,0.008281157057135361,0.19872074958485267,-0.0496037339967505,-2.569628665380669,0.8072666422302305
-0.004956664528771113,0.00994412484788615,9.172510159658488E-5,0.008281148012628255,0.20391304944211633,-0.06609402143886355,-2.5685584924304123,0.8250754428543366
-0.004957278343684692,0.009928312415358511,1.1770103306832532E-4,0.008281291282251371,0.2091117648477204,-0.08243463137977218,-2.5675993355758497,0.8428550995893823
-0.004957988484979205,0.009912677007086175,1.433973122665111E-4,0.008281414875215852,0.21425201593553453,-0.09858839194394277,-2.566632024712861,0.8604870453502432
-0.00495616492948592,0.009976058428825351,3.929793384611674E-5,0.008281297830034888,0.1935359280127598,-0.03299573896254867,-2.5707943422112414,0.7894550118396757
-0.005091517165669236,0.009047741492513606,0.0015871231930574096,0.008180653808988326,0.47154348110083505,-1.0058140409428076,-2.4146653515476,1.9008919171212815
-0.0050762641651682,0.009052773416154429,0.0015707595022139821,0.008164890642503276,0.4621056483130644,-1.0026157962780973,-2.401012535937271,1.8866468742266853
-0.005088549402048354,0.00906316862569595,0.0015614109385397948,0.008185600179935679,0.46812033561769956,-0.9893156453700828,-2.420550207417512,1.8817088899019907
-0.00508275942783113,0.009094050136367162,0.0015098853281685345,0.008195260827403104,0.4636462765840687,-0.9559064241670937,-2.4320676861041735,1.8433358338726216
-0.005085630146507708,0.009078604893063717,0.0015356600650321137,0.00819047015916642,0.4656754194384254,-0.9726652819633511,-2.4263529391314638,1.8625051814872087
-0.005070303725358978,0.009083785397457035,0.0015193123803398957,0.008174604360379603,0.4548065900218325,-0.9697786938090484,-2.412643137334934,1.8487651779559997
-0.0050732466023097065,0.009068259569418542,0.0015450594154555143,0.008169766337874739,0.4585740688306517,-0.9862166596931762,-2.4068575408944555,1.8677194594996027
-0.005079937274184246,0.009109504197630085,0.001484103917243025,0.008199968939407089,0.4612655635221892,-0.9391179440717243,-2.4376806207735555,1.8242329539831357
-0.005067450544111093,0.009099330343578306,0.0014935544124204713,0.008179411355217362,0.45100832821412734,-0.9532926077624239,-2.4183814258328393,1.829800674400779
-0.005077163713119264,0.009124966919156605,0.001458322502734463,0.008204593317918726,0.4581941158445026,-0.9223645084512128,-2.44318233657567,1.805198008099019
-0.005064678683130164,0.009114872976645249,0.0014678122269971632,0.00818416777783622,0.44734256561998814,-0.9367705452160413,-2.424053401623762,1.810844485123978
-0.005107082553678812,0.00897074839641333,0.0017153662298610628,0.008154727089415899,0.4904212004268919,-1.0880164164629922,-2.3835091303216136,1.9960287828477188
-0.005110340726114829,0.00895537940604795,0.0017409909408167945,0.008149294827306832,0.4929260647864921,-1.1046010539308826,-2.376911168101672,2.015094432975769
-0.005094933877810785,0.008960236071026102,0.0017241344026615614,0.008133509375222557,0.4800546576577536,-1.1012261848321498,-2.3631439654767727,2.0001488670820486
-0.005191739444523531,0.008578466906477638,0.0023567919070925838,0.007971727080143466,0.5383858915650802,-1.5035169333674905,-2.1605368856936837,2.468306218211053
-0.005202937056022921,0.008589969109727749,0.0023500385315374833,0.007994959186104302,0.5469741996287255,-1.4941043841834736,-2.1834496153315768,2.469015378471823
-0.005189859973827203,0.008635246202199699,0.0022745288867729667,0.008016768395519677,0.544396927520344,-1.4460997770073896,-2.2116077336949176,2.4130654484144287
-0.005194171632003687,0.008620139971822548,0.0022996994879035614,0.008009584065754033,0.5463507350495996,-1.462099620076508,-2.202367178939863,2.4317092896860966
-0.005178552110482171,0.008623902737433407,0.0022815344588759533,0.007993809748490231,0.5325507339098717,-1.4562902315110515,-2.1888632210616397,2.4129911801489103
-0.005198530675796427,0.008605047553236286,0.002324879006538873,0.008002311550628938,0.5466736029736186,-1.478134423122331,-2.1929659470905825,2.450352395393782
-0.005182861157925263,0.00860873770251159,0.0023066228295559894,0.007986479317974943,0.5344357947798041,-1.4721001599654222,-2.179483897176056,2.431451307857051
-0.005187257561904292,0.00859358561527715,0.002331717288713172,0.007979114097943127,0.536514600665757,-1.4878432269508097,-2.1700407588448862,2.4498976317286165
-0.005180243406631402,0.008566815569873954,0.0023634723510076623,0.007948684034627153,0.533975059804421,-1.5071622277160095,-2.140850148143539,2.4625270247286366
-0.005184847981229875,0.008551767863816251,0.0023883401522113326,0.007941258854715708,0.535615732308152,-1.522655887743286,-2.131251876056677,2.4807096649269416
-0.00518932665705859,0.008536692954009351,0.0024130949418035078,0.007933518176172048,0.5371479135651763,-1.5380516432955373,-2.121349905450614,2.498657151513148
-0.005193777877468626,0.008521539313483198,0.0024378861727039056,0.007925530972287693,0.5384895251415823,-1.5534331026926387,-2.1111827500751943,2.5165248840535246
-0.005274683853955188,0.008365562078288624,0.00272402351574031,0.007875389039867545,0.5662604310166849,-1.7265057853420123,-2.0259471085036473,2.742531996550131
-0.005279841802758871,0.008350725434314416,0.0027487469165980733,0.007866793845632405,0.5670010142868677,-1.741540189419026,-2.01441065088146,2.7602962602709114
-0.005264077986178819,0.00835360272559112,0.002729325021826159,0.007850993038509127,0.5550818719075742,-1.7334078889947957,-2.002003593659444,2.73821486259838
-0.005285046338188198,0.00833590506071094,0.002773457414974223,0.007858116102177294,0.5668773557130202,-1.7565307352673771,-2.0027294546194487,2.777998339355095
-0.005269271347886107,0.008338730617219405,0.002753953059357554,0.007842309958166656,0.5558608640628512,-1.7483108988775953,-1.9904128677491875,2.755740779463711
-0.005198395346633663,0.008506361293771804,0.002462804611244637,0.007917568332489348,0.5397098750016842,-1.5688548877909587,-2.100958091435917,2.5345218947684676
-0.005239886733151683,0.00846986220007,0.0025502036784101957,0.007933380077014579,0.5589035389263605,-1.6194319813543159,-2.1030678562203415,2.6164573943683678
-0.005224212367968756,0.008473120577854345,0.0025313633069234333,0.00791762304345033,0.5480574783846629,-1.6121529585737704,-2.09018539763492,2.5957428702859695
-0.005244717217658645,0.00845491564632612,0.002575078440994877,0.007925340972183654,0.5617199646166806,-1.6347423301289454,-2.092500537214588,2.634591290812873
-0.005229038195326383,0.008458178674405011,0.0025561394553195818,0.00790961872970912,0.54878983508871,-1.627468448073417,-2.0796585048374854,2.61371308239223
-0.005203213405755746,0.008491251954196368,0.0024877575759536894,0.007909752245664127,0.5409193553208843,-1.5842664933178316,-2.090782325222342,2.5526315992049304
-0.005208137924804803,0.008476264760818402,0.0025125948529407995,0.007902022451303234,0.5421795005867803,-1.5995797784635994,-2.080625771976113,2.5706971295661596
-0.005269572541305844,0.008380414850021053,0.002699292209992007,0.007883899927693349,0.5641357227249479,-1.711441273936063,-2.0373237158108597,2.7246584741005204
-0.005258929343812688,0.008368486985805527,0.002704671401721217,0.0078595929580006,0.554564478904254,-1.7184512144440907,-2.0134685017327105,2.720635918688314
-0.005249594624691071,0.00843998436859241,0.002599943057017725,0.007917218732181985,0.5636229206910404,-1.6500862988317053,-2.0817677502748686,2.6526228043676783
-0.00523386480304305,0.008443235767580276,0.002580871900360874,0.007901471798092773,0.5494671271541335,-1.6427700216097343,-2.068923534465536,2.631618800178335
-0.005254518907788254,0.00842506850832781,0.0026248124190814885,0.007909008357788613,0.5640501004741691,-1.6655007674797229,-2.0708523965866865,2.670620522013001
-0.005238721682438475,0.00842826927323046,0.0026056125854527334,0.00789319560717956,0.5503849441803018,-1.6580462901035649,-2.058008958023905,2.6494945638607934
-0.005259490019987282,0.008410168207199323,0.0026496802483669617,0.00790071179248392,0.5633014387654234,-1.6809314989883262,-2.059775803803723,2.68863775750896
-0.005243650205151468,0.008413286053900144,0.0026303877274661586,0.007884841188768359,0.5516228255223549,-1.6732650161417528,-2.0469810783780757,2.667353147880029
-0.005264507913819306,0.008395283607075693,0.0026745163469757485,0.007892339089562266,0.5628207946432576,-1.6962671475453501,-2.0485888279536955,2.706671646995952
-0.005248677813510812,0.008398316351964401,0.0026551840147704567,0.007876464710326415,0.5529818250200967,-1.688400543433337,-2.0358995220901153,2.6851863495921773
-0.005253788774115957,0.008383384886677161,0.0026799588516099493,0.007868069878267001,0.5540160646948077,-1.7034542683164131,-2.0247549512949417,2.7029612860038816
0.005349686520707671,0.008047529022995275,-0.003198750095743131,0.0076194170037663725,0.5445147230476066,-2.002118507330754,1.7173922953410334,3.031359947686177
0.005369104808493466,0.008004260833154399,-0.003270593950449666,0.00758977603957424,0.5432353332075771,-2.041519197220247,1.676298118754458,3.0785331444967103
0.005362793558865094,0.00801853211474445,-0.0032470646232500926,0.0075997998582577955,0.5437773822376465,-2.0287039773790245,1.6900745451647872,3.063295544720702
0.005356318473506562,0.008032941794726496,-0.003223127083299478,0.007609664122524828,0.5442169815691397,-2.0155765810822106,1.7037610214314824,3.0475733667643357
0.005343156463973136,0.008062338995288364,-0.003174179031465316,0.007629388880699944,0.5448361591561284,-1.9885085900273278,1.7311677493613933,3.0150785575573473
0.005337071922609943,0.008077337228851266,-0.0031498394509365505,0.007639913003865199,0.5452955037611255,-1.9750167940174566,1.745249649348059,2.9992916780142216
0.005331360908578824,0.008092256194484743,-0.0031259471689807188,0.0076506058388701855,0.5458235926409261,-1.9617372490927718,1.7592955680577536,2.9839719927406425
0.00532586557313864,0.00810697573982742,-0.003102459278832809,0.007661162779394742,0.5463357871040069,-1.9486233461666143,1.7730818112094917,2.9689085448062813
0.0053201265626616236,0.008121417768917798,-0.003078957890231668,0.007670993884478331,0.5466144968395694,-1.9353894800595748,1.7862365590791407,2.9533960511776534
0.005302022565689416,0.008207770575218189,-0.002954528932691584,0.0077450566760510825,0.5542282261208399,-1.86505719339333,1.8728011096149115,2.882545549655161
0.0052851749169341876,0.00825180374284254,-0.002881783934763089,0.007772432078743496,0.5532603659200007,-1.8223934478772563,1.909793696299267,2.8321265492030423
0.00529086396842977,0.008237065613541246,-0.002906236665598699,0.007763472457743251,0.5536044173547233,-1.8368001882838845,1.897619070786839,2.8492185201773688
0.005296496707149305,0.008222416983452163,-0.0029304676203590414,0.007754396368545723,0.5539580680806894,-1.8510162767223637,1.8853286269390643,2.86603930575033
0.0053138526186617555,0.008135731617270485,-0.003054958999674847,0.007679946721277981,0.5465259628746256,-1.9217497620171275,1.7987336149976898,2.9369266991191143
0.005307556876130459,0.008150320551917006,-0.003030559865244521,0.007689035697490742,0.5463934383442216,-1.907833054164638,1.8113535210236023,2.9201645308483912
0.005301701012606093,0.008165249162902592,-0.0030061813956221233,0.007698839290801591,0.5464278867078969,-1.8939130164506663,1.824466846168041,2.903792693237025
0.0052962456567356014,0.00818025312313592,-0.0029820827206633797,0.007709022315148175,0.5465835479383249,-1.8801211066352252,1.8377617816773124,2.887857363420787
0.005291079469105505,0.008195130052508855,-0.002958379802761608,0.007719243941352749,0.5467811619607721,-1.8665085123643828,1.850947851454834,2.8722752754375986
0.005268319119420751,0.008253679404340521,-0.002861930377452484,0.007755302484220628,0.5456056392759828,-1.8103578184638665,1.8994748670295938,2.805725797639855
0.0052625448425577615,0.008268740636129014,-0.0028370735187349034,0.007764297584875081,0.5451212979101115,-1.795754499386524,1.9115620804301152,2.7883934717620407
0.0051869370950362054,0.008494226387597314,-0.0024692052050451743,0.007893516694565705,0.5330120120375824,-1.5741828483749123,2.079587027222271,2.5293909478785115
0.00520172213111406,0.008448960072173587,-0.0025436085829819333,0.007869773861707162,0.5367685128764031,-1.6197130084681939,2.0487229338628734,2.58291839160262
0.005196578071508524,0.008463876131657687,-0.0025188905473472758,0.007877428394736511,0.5354803614844296,-1.6046296218569303,2.0588441916401323,2.5650165224467965
0.005191545375610374,0.008479022964677372,-0.002493919865660499,0.007885275305796748,0.5341781079366993,-1.589356782226487,2.0691002422013773,2.5470009045367425
0.005190398058013043,0.008436816505536559,-0.0025494015734674187,0.007845594655753534,0.5305020985827528,-1.6238510531590726,2.027738295377114,2.57674991918009
0.005167271793288397,0.008554726778725813,-0.002369239311336819,0.007923299868933732,0.5268942863206324,-1.512613530748199,2.1184141031198167,2.456646792717482
0.005182218928329742,0.008509184620717446,-0.0024446774298855782,0.007901266234827129,0.5317078456930203,-1.5591032693019715,2.089577047195942,2.511722367735383
0.005177131240436502,0.008524148846338507,-0.0024197763510192542,0.007908447731629487,0.5301221828764825,-1.5437935960614109,2.099079620278466,2.493486355683894
0.005172072128213209,0.008539386070895803,-0.0023944881173109116,0.007915753383357064,0.52848507031805,-1.5282154422750154,2.108679481848597,2.4749907947327916
0.005170535764724561,0.008497175137760804,-0.0024506830167830332,0.007877174143672554,0.5254862094711861,-1.5637727517263225,2.0686029216763657,2.5061466791105524
0.005131190779052252,0.008619230145173478,-0.002249747449406817,0.007934881654842877,0.5118916758007231,-1.4400847561538648,2.143440241574299,2.3600101663415605
0.005135521318436861,0.00860373442200057,-0.002274847432919705,0.007927306281319194,0.5135895937059046,-1.4556677102787152,2.13398987020541,2.3780559466470965
0.005140060258198386,0.008588370353714915,-0.0022998894697045347,0.007919931429078307,0.5153058859723734,-1.4711697062848013,2.1246580499362313,2.396150713174881
0.005144720401142581,0.008573096682098484,-0.0023248640366773086,0.007912624432251976,0.5170006179564773,-1.486595154131982,2.115334251287471,2.414231441603261
0.005149438238053524,0.008557821721464411,-0.002349846506088524,0.007905236390818304,0.5186428180030909,-1.5019989861814844,2.105883768697956,2.4322992279957245
0.0051039481886926705,0.008727091574135053,-0.0020759882914260642,0.007986856817973863,0.4991627956325244,-1.331313775907752,2.2070129050221827,2.2352760322021332
0.005112918457462497,0.008695180827915401,-0.0021283282109569065,0.007973290517914712,0.5037530120205137,-1.3640512828973888,2.1898821277497813,2.273587928909245
0.005107661312326705,0.008710669272993007,-0.0021022633996307626,0.007978898619640622,0.5011034717793678,-1.3478714778696224,2.197483749699939,2.2540522121521094
0.00510358808393659,0.008683849135545128,-0.0021372565145073583,0.007953759108301223,0.49948035436264354,-1.3711781896933706,2.172525330129914,2.2733781189139446
0.005104725290551485,0.008670347508055131,-0.002157167669813886,0.007944662897742073,0.5000474084873061,-1.3838765653696916,2.162645802810743,2.286368687712702
0.005106234504463871,0.008654759681200578,-0.0021802181417406763,0.007934256546178658,0.5007224453080984,-1.3985130011987152,2.1512793330777478,2.3014472564219175
0.005108876757421623,0.008638737858795265,-0.0022046767004127495,0.007924672643278086,0.5018312954579431,-1.4138722574324376,2.1403915365082384,2.318021106526798
0.005112467079973272,0.008622728639404137,-0.0022297965324469845,0.0079160386408091,0.5032921981955202,-1.429509351942662,2.1301667862843505,2.3355326341561504
0.005069533080990713,0.008809608616181856,-0.0019322167827612875,0.00800590237286579,0.4806344670551011,-1.2428956607301436,2.2377206491083945,2.1238764504144334
0.005071815908718641,0.008793331726961508,-0.0019573909555996344,0.007997223168646284,0.48239750268575005,-1.258990175327951,2.227989242086672,2.1413078535552175
0.00508712386248035,0.008732280580330818,-0.0020561044646219893,0.00797109649150389,0.4912515676905453,-1.320932309927615,2.1959647336265267,2.2127536038397007
0.005086929634865752,0.008747680187313731,-0.0020339357686810673,0.007982168687903069,0.49086836449238147,-1.306533401645557,2.2075584843029326,2.1986469132032
0.005075249134184585,0.008777202728892725,-0.0019830941118798013,0.007989831031183258,0.4846168033736968,-1.2752239542633441,2.219230618988474,2.15966085361287
0.005080313163920094,0.008761168729525839,-0.0020097846159179184,0.007984244855562997,0.487388277660794,-1.2918171563086458,2.2118317550009228,2.179510085678786
0.005059026470695643,0.008837460971379992,-0.0018845114444421365,0.008012683032270816,0.47442738531095413,-1.2134554606762562,2.2479691432608355,2.087408789078417
0.005053869129073877,0.008817830625703748,-0.0019095151643259555,0.007993333534979675,0.4731852746345231,-1.2307120977367083,2.2294865121243617,2.1008310267135824
0.005215522146311013,0.008403622237071159,-0.002616739988219561,0.007843505630307883,0.5392597941795235,-1.6641990088695262,2.015379577816232,2.634187596596042
0.005194232771646189,0.008421825165624078,-0.002572783601974197,0.007836131502298171,0.5310334305704448,-1.638032709405666,2.0162803624380916,2.5925617980043563
0.005198263429941075,0.008406373530160776,-0.002596882010658994,0.007826319982015982,0.5315443818043567,-1.652594550431625,2.0043759568729094,2.6088166247762534
0.00523212252199755,0.008358902037438621,-0.002691243540122885,0.007819723974742218,0.5424680090202924,-1.7090779082641279,1.9833547696969827,2.6878561435152863
0.0052206278046223464,0.008388431740071726,-0.002641581212586099,0.007834962135729788,0.540181430269992,-1.6792086192626108,2.004257533484243,2.6517774065161253
0.005226343594739935,0.008373575189466966,-0.0026665200947742673,0.007827290477551103,0.5413498237945361,-1.6942227668171788,1.993777696875594,2.669874728621275
0.005221280002843688,0.008346540403143423,-0.0026966950263427486,0.0077953294551291056,0.5360674419353018,-1.7123764904734937,1.9623541964613544,2.6807119961183905
0.005226090893785337,0.008331905450178255,-0.002720207177511365,0.0077864616766847245,0.53660637107334,-1.7263638931504233,1.9510129256024058,2.6968880395628365
0.005231994753483599,0.008317349668633494,-0.002744646299744502,0.007778771575289251,0.5375952653878072,-1.74086369701485,1.9404061332864562,2.7144391881864176
0.0052406225566916645,0.00828656510605385,-0.002792305997894559,0.007757689152413857,0.5376656742988456,-1.768937022926907,1.9146066739700303,2.7456470701087383
0.00523727637371451,0.008302242717440523,-0.0027691246826015282,0.007769684577171455,0.5381360650681709,-1.7553433736014952,1.92859445027921,2.731356547724058
0.005245014595806344,0.008270977952854837,-0.002816335552893998,0.007746812918583169,0.5375721952823863,-1.7829891714920276,1.9013245616596295,2.7612161483238205
0.004931181062664355,0.009540086835816275,-7.42772935517147E-4,0.008191542385754135,0.31156812981654824,-0.4895077096478991,2.4722574768572,1.261848003393821
0.004922897775095784,0.009570111795439085,-6.929159392222282E-4,0.008189491859409254,0.301409794148966,-0.45892087730383263,2.4733338835519345,1.225025787217377
0.004918729973114648,0.009552635642078013,-7.196185342392274E-4,0.008180242004619089,0.3042868083177596,-0.47722040277670624,2.464874928590723,1.2420595311984926
0.00495556602733223,0.009480967425520955,-8.437433232405297E-4,0.008203582835183985,0.3342173590378265,-0.549742871566602,2.4761176876074473,1.339028778151225
0.004948678740294849,0.009496176022115676,-8.174899950052155E-4,0.008199946046678086,0.32815332186891405,-0.5342191936077877,2.4747113353731733,1.3187522691905293
0.004934488859542025,0.009510001084724,-7.91470792462017E-4,0.008187239946707482,0.31994258983428536,-0.5204908237335025,2.466346068675016,1.2963441251942038
0.004923067811257498,0.00952299324814708,-7.677197218101712E-4,0.008177476720086016,0.31289457836641305,-0.5075836948406024,2.460151530957084,1.276429192404937
0.004897728022002707,0.009644419327904516,-5.692386910163246E-4,0.008176804098241446,0.2744565361705292,-0.38408252434224316,2.4703442766623334,1.1325252183775483
0.004908875489110377,0.009578772107944316,-6.757620448148661E-4,0.008175230830895533,0.294646092607842,-0.4508620863506148,2.463440005239601,1.2089319888984926
0.004903775812038101,0.009595449611676632,-6.481526555325528E-4,0.008173220862487075,0.288825800982931,-0.43403144813217714,2.463412686388214,1.1884375938229226
0.004899372715176155,0.009618725516391367,-6.103115231751211E-4,0.008173314269321948,0.28151774077129477,-0.4103814867350181,2.465531126693987,1.1611521942209884
0.005042227772994924,0.008930455500135855,-0.0017366964945577559,0.00805325537301059,0.4603517483346412,-1.1192596185562627,2.2950413374142573,1.9819850464655762
0.005032935792005946,0.008944121434592207,-0.0017106625826862115,0.008050794380151563,0.4550284882942982,-1.1039107814756746,2.2952108267316653,1.9602740195322532
0.0050423288012895785,0.008914328602676937,-0.001760682628634836,0.00804330205145612,0.46170871242832595,-1.1350856727121155,2.2847014356948576,1.9979093499237326
0.005034845046480792,0.008895314342748059,-0.0017839702807909078,0.008022515443003338,0.4598821742843376,-1.1518450383273249,2.265419034917572,2.009576472404581
0.005040144319617834,0.008852722423377694,-0.0018496543641086506,0.008000932609100371,0.4651432396450029,-1.1939650746284032,2.2415144339990847,2.055036013532338
0.005036059477107698,0.008875418421846715,-0.0018138920671021757,0.008011100276315018,0.4618103146131349,-1.1712703013362498,2.253245542176275,2.0297313678060642
0.0049981943522423985,0.009151578283715019,-0.0013775016374733345,0.008124205286032504,0.41501803469529047,-0.8909645799861482,2.3809152303359293,1.7207992784932877
0.00500344826844108,0.009135848293718647,-0.0014042766685405227,0.00812261054401787,0.41964075573560694,-0.9074892649360494,2.3777607911956706,1.7411233267387967
0.005001147277659584,0.009117860516295578,-0.001430694253864726,0.008110847636876478,0.42119377056698337,-0.9255169754680573,2.366318907062857,1.7581920322031022
0.004995514936639206,0.009046474152726903,-0.0015359498824352015,0.008066490118942506,0.4281310317642739,-0.9962746769444645,2.3222518310810325,1.8269236830940192
0.00499355600073477,0.009063177475725038,-0.0015097468885188275,0.00807329930129014,0.42527433886966914,-0.9794006960742688,2.32982994985727,1.8084970592026555
0.004992638904699391,0.009080732276693437,-0.001482751484951838,0.008081612487225769,0.42264597620411254,-0.9617793038720736,2.338658770275529,1.7899404594680177
0.004994508548559354,0.00909873958922614,-0.0014564308071776928,0.008093240678018322,0.4210820555957296,-0.9439871932720294,2.3501043734319613,1.7729372879531689
0.005011458298769657,0.008968747913260923,-0.0016611398941038856,0.008040597256821443,0.4433779872387303,-1.0755284956680216,2.290966495457557,1.9174799402206906
0.0050146205282663465,0.008952607285417689,-0.0016869496843652028,0.008034598569368471,0.4462949069264885,-1.0918926686990196,2.28386439450385,1.9360272271931904
0.004979578135746783,0.009034469933553843,-0.0015451134705684116,0.00804134969771708,0.42275838860519294,-1.005632168736099,2.3009763564335084,1.8263076885591778
0.004983151675243396,0.009019409556764196,-0.001569516960722049,0.00803707268436993,0.4259694347452649,-1.0209569880334393,2.2955359762297642,1.8440988736172723
0.00499361715471359,0.008974576065986133,-0.0016419519194224759,0.008023348159586398,0.4350796749102049,-1.0664669197723118,2.2783655469612687,1.8967431589716448
0.004990205065468799,0.008989622599215083,-0.001617722637106675,0.008028202326404171,0.4321006447608582,-1.0512276643372818,2.284358573876323,1.8791927908405128
0.004986715394195926,0.009004519732719641,-0.0015936449968360327,0.008032748333160554,0.42908179475708524,-1.0361077673187442,2.2900529202019864,1.8616965460703183
0.004962643507868171,0.009369060150584056,-0.001023467460009569,0.00817498904819079,0.3616312823359634,-0.6657579294566921,2.443841335500146,1.4650637899237693
0.004968007089659759,0.009237830486055625,-0.0012304831205945364,0.008128786543815611,0.3887321651925409,-0.8007327176967349,2.3944031780148705,1.6089422828799673
0.0049731534856226655,0.00929248556421044,-0.0011476892532166119,0.008157898762810019,0.38088490028787464,-0.7449973304540026,2.4229059883721935,1.5540953808114948
0.0049754625993959955,0.00927459188309943,-0.001176582334178723,0.008153241617333032,0.38513766350718337,-0.7634977769631225,2.417411089766303,1.5747521613019853
0.004969536535888802,0.009254973107148462,-0.0012045983383048066,0.008137999448230002,0.38634550343752344,-0.7833164603317043,2.4034564268304455,1.5917968258844608
0.004955686133938855,0.009350008508853027,-0.0010508462357534927,0.008159825309397377,0.3628991895709061,-0.6853492760322822,2.430278161638944,1.4815015544417873
0.004955566565992643,0.009299039729396082,-0.0011303602969941155,0.008139935178236577,0.37278751921250625,-0.7376463815043169,2.4096673749074076,1.5359755274163762
0.004953776812073219,0.009315393012345229,-0.001104200361813176,0.008144339581253317,0.36897793897958003,-0.7208526342135372,2.414785987414494,1.5174308605408766
0.004953544271725516,0.009332497486061212,-0.0010774319228065484,0.008150699751581544,0.36555974969800925,-0.703311380566936,2.421463442453081,1.499003962507813
0.004966280821102681,0.009220109697129122,-0.0012570601217057773,0.008118921981049876,0.3910636312826777,-0.8186690475501294,2.3847400945197523,1.6264765498003353
0.004953366907201509,0.009464390519791135,-8.694693071479282E-4,0.008195987633270544,0.3372702029913174,-0.5670664800793678,2.468861626769058,1.3560309457518838
0.004945429276405563,0.009446443946722909,-8.954521922309365E-4,0.008181071001873751,0.33851308169299216,-0.5858794291457182,2.4558609311196578,1.3713129027370925
0.004942248973894572,0.009429505752592517,-9.211773663402328E-4,0.008171891701404763,0.3411099608908004,-0.6034453394146518,2.4472667059783464,1.3879489547536927
0.0049413788105512405,0.009412426640613623,-9.477809308110653E-4,0.008165208431218996,0.3445102257112625,-0.6210612133652803,2.440529668429637,1.4059291902656526
0.0049421312914840945,0.009395661317118465,-9.743752936053686E-4,0.008160366135255693,0.3483681173323299,-0.638313867249018,2.435197558181955,1.4244353623891526
0.004942187747195142,0.009378792761071442,-0.001000838724699262,0.008154513147980415,0.35193077904505726,-0.6556631377679052,2.4290532947778263,1.4426276728205252
0.0049790616671690525,0.009191702846179131,-0.0013066300155601372,0.008120908628808559,0.4009007223917899,-0.8484694840117255,2.383030900109457,1.6650607665445143
0.004978775528938405,0.009174037848719823,-0.0013336390411386992,0.008112270402222859,0.40355669064231864,-0.8663633322435101,2.37421253110883,1.6833452239441442
0.004979583987775439,0.00915618644160193,-0.0013613639076152197,0.00810464438253343,0.40663362252720064,-0.8845011750745231,2.366128023541091,1.7025295779685894
0.004962712332695108,0.009201710993506406,-0.001283711765905913,0.008106422879565249,0.3926359129060464,-0.8370618866725491,2.3729020826276748,1.6433253681066093
0.0049024852691513824,0.009689681236269669,-4.981634409001009E-4,0.00819094782015457,0.264053488130369,-0.33702512049059535,2.484594642138081,1.085293611858685
0.004895814713938721,0.009671412834006222,-5.260181924851898E-4,0.00817984701903403,0.2668393086119438,-0.3564551509185912,2.4748986657158016,1.1023373666862801
0.004899002058658058,0.0097046121729492,-4.737621693624593E-4,0.00818947097718061,0.2589955646041103,-0.321957473934053,2.4847525019597616,1.0675308077334067
0.004898158211790681,0.00972297561259445,-4.443445099658944E-4,0.008191490260125474,0.2537780061730747,-0.30311389255625776,2.487751189075921,1.0471532520997524
0.004924253411394311,0.009893516954317175,-1.7277770313786533E-4,0.008240702103723145,0.21168578020740125,-0.12361949552960905,2.5364399993127194,0.8699622686823635
0.004915484037276812,0.009874747044848602,-2.02575787022813E-4,0.008229187050594935,0.2151205287182237,-0.14427972977609882,2.526856454784326,0.887502544946917
0.004911637542674068,0.009857343225129152,-2.3037428630819293E-4,0.008223351417004683,0.21929963368629576,-0.16280397077056843,2.521380189062157,0.9052404880022543
0.0049002150248483095,0.009742471299762136,-4.135296541516446E-4,0.00819686542107183,0.2490349201550299,-0.2828081126413195,2.4932680718451277,1.026718978959081
0.004910741187745568,0.009840345805943066,-2.5769669693162994E-4,0.008220830614305953,0.22407261739082476,-0.18049627668934734,2.518284485328086,0.9235812993194389
0.00491154576609029,0.009823718549922688,-2.845606601137314E-4,0.008220170879719666,0.22915081991916422,-0.19758588699062238,2.516540350276031,0.9421442789963376
0.004905600701656503,0.009762743240481873,-3.818435755956393E-4,0.00820601482986223,0.24495488232444432,-0.2613072941496151,2.5015570785794554,1.006717821143399
0.004913760632626618,0.009785646446233429,-3.461100005587603E-4,0.00821850432058701,0.2407707260730598,-0.2366949152606723,2.5124186957207804,0.9848170189071724
0.004912318225220099,0.009806834020552772,-3.1183307674126484E-4,0.008219288094460637,0.23426238744274255,-0.2149535839494685,2.514614647313938,0.9609892606139042
0.0049059909278311225,0.009904302436918904,-1.542810557372494E-4,0.008219970738562574,0.20388417004343315,-0.11508841064765318,2.522493429685451,0.851692015508044
0.004890964694649068,0.009928449999291803,-1.1473740165971815E-4,0.008203621031188076,0.1930025165871281,-0.09235280139159051,2.5126965888047574,0.820074836761629
0.004893168724090613,0.00991396345785092,-1.3807451388283702E-4,0.008205527380876305,0.19786365543576978,-0.10694886011460429,2.5129466143276074,0.8366545425775508
0.0048727392556380325,0.00993683163326677,-1.0062623064639525E-4,0.008182778934221627,0.18626579039730892,-0.08631543353809268,2.4985507939416434,0.8047301670680834
0.004887510771662842,0.009996029011549841,-6.314867439685091E-6,0.008201107587337745,0.1718353701680433,-0.023411807578838054,2.515992375535309,0.7452279697297549
0.004879133392432249,0.010013256839945521,2.1236191317116085E-5,0.008191345112636179,0.16475375189104965,-0.007021754911464626,2.5104145906163393,0.7237949943431823
0.004877957453976272,0.009978152337489716,-3.4838664613306596E-5,0.008189865137281822,0.17510529508578918,-0.043207720601753756,2.5067278872264445,0.7615805453321826
0.004872566972949302,0.009957047968513181,-6.840485312125854E-5,0.00818320575303103,0.18022624408888321,-0.06561987280141486,2.5004078504110203,0.7827177653782152
0.004905018766839668,0.010238880602972001,3.8446274581718814E-4,0.008205471275352679,0.09873664962067123,0.22873893293740397,2.5364010884276493,0.48603763870659406
0.00489583187039723,0.010218812832828088,3.5114794391189526E-4,0.0081973801830404,0.1037189835278249,0.20643676786498807,2.5294601824397343,0.5053836003283773
0.004896600113656381,0.010204096238432585,3.276964313215092E-4,0.008200027241677194,0.10854585573388689,0.19151982327137165,2.530245051729242,0.5215553015390787
0.004888503663460715,0.010190779617633419,3.055054078339433E-4,0.008192104648753536,0.11143233333464998,0.17637760267949212,2.523851870859477,0.5338048459744092
0.00488292027074768,0.010175699456842966,2.8086585784054745E-4,0.008187180191070622,0.11526864152910968,0.15994600809058768,2.519372918092408,0.5485998686177325
0.004889858625780252,0.01015886677397157,2.546347020841066E-4,0.008196815861353153,0.12174018024617529,0.14396852207414998,2.5248488374667057,0.5687973186506435
0.0048883182079263515,0.010132847928565256,2.1288141912352568E-4,0.008197158366354956,0.12964008030352245,0.1170532669695252,2.5232338751212526,0.5966068041276626
0.004877421094925467,0.010108394272480396,1.7308002007047015E-4,0.008186164623425411,0.13526857125417144,0.09014000656985742,2.513822749292672,0.6199806961166193
0.004870879860158168,0.010086384796191917,1.3765323169299417E-4,0.008179779451561469,0.14080699942780475,0.06653127281649028,2.507749134441703,0.6418952825484089
0.004873582749610253,0.01004394103007179,7.013024250130424E-5,0.008184437677453789,0.15431738314954144,0.023530112824934845,2.507852489772452,0.6887361034304708
0.004867565149031666,0.010064122548188031,1.020887534677372E-4,0.008176869324542082,0.14695098987054758,0.04322834150788341,2.504058681096143,0.6650063971895851
0.004862756750162499,0.010024475340941176,3.89511043027581E-5,0.008172263362359143,0.15794753600263797,0.0019313412316242504,2.497827090177567,0.7064356343422591
0.004891344236252763,0.010252683863398431,4.046278117803092E-4,0.008187666182099056,0.0923171480276571,0.2402115660633454,2.525147360630092,0.46749913907989643
0.004881557525780766,0.010272120292270079,4.3408609472986607E-4,0.008173450206264693,0.0847745929013785,0.25817031556340747,2.5167472013250656,0.4439693769880792
0.005924801195545453,0.007029048539901367,-0.004860470945237964,0.006667294014904449,0.3696062564660129,-2.655864328931201,0.43064693409447097,3.7963109798313597
0.0059151315749434484,0.007041921083931239,-0.004838951996087402,0.006682486578728607,0.3734203437937786,-2.6517981891621076,0.45073749801037016,3.791542267883201
0.005905948782664966,0.007055154639728077,-0.004817990796249349,0.00669846475322856,0.3773854889141491,-2.6481325009906413,0.47087848911915914,3.7877196172238996
0.005896965601297184,0.007068228480671707,-0.004797320100935437,0.00671417091920708,0.38129199021413623,-2.6443885731204637,0.49070194605345513,3.783810214797773
0.005887764100829342,0.00708100307252173,-0.004776313503404104,0.006729090691875504,0.38500434722509747,-2.6401149290177766,0.5102908292038791,3.7789200442747704
0.005780243266302518,0.007265863292777175,-0.0045029041690210865,0.006949754434176648,0.4384422318608248,-2.58239541857947,0.7779111988937398,3.7263512610541967
0.005771725955579195,0.007279159644071335,-0.004481168611425854,0.006964036560407391,0.4417131772486615,-2.5759701141565645,0.7971826837640031,3.7189631233574967
0.005763156712625568,0.0072924389561186236,-0.0044592676162103434,0.006978105905021715,0.44492862684581796,-2.5692858963225196,0.8163779651677255,3.7111775309600064
0.005754575389559528,0.007305757817689975,-0.0044372307581020155,0.006992082789325317,0.44813829058329846,-2.5623988596332534,0.835542720106229,3.703116337359806
0.005772301929414009,0.007251238334453039,-0.004499080986603821,0.006920131991834688,0.4309838608370267,-2.5716978582959027,0.7625562287265676,3.700806868445914
0.005878396070810238,0.007093712918902644,-0.004754963829472867,0.006743647925091704,0.3886210407201369,-2.635454494842596,0.529847129745071,3.773376514948129
0.0057985183689734385,0.007211308605122111,-0.004564170373084765,0.006876802034226213,0.4208406712220471,-2.589882859689172,0.7047067738202432,3.721763055636601
0.00578956330757445,0.0072243357793197694,-0.0045423868915047206,0.00689076672733267,0.42412461575951693,-2.583736663581627,0.7238091654306876,3.7144323955966985
0.005780707190166993,0.007237652263344212,-0.004520503160355629,0.006905128680344625,0.4274862618329705,-2.5775618720677547,0.7431357802500095,3.7072337191174376
0.005842603367087143,0.007145907693971776,-0.004670716568796029,0.006803900080393507,0.4033572938494356,-2.6168960825161984,0.608164175259463,3.7526829959955426
0.005851192646660389,0.007132755675739701,-0.004691393429786112,0.0067886170452188315,0.399641041120863,-2.6214496371165406,0.5887181523933328,3.7575231027047047
0.0058600142700302275,0.007119601799325308,-0.004712346360797553,0.006773362049738336,0.3959257861286036,-2.626031925519587,0.5691144566117368,3.762511000895668
0.005869106987205626,0.007106571309906501,-0.004733582557568787,0.00675836446147069,0.39225497518165314,-2.6307197160314275,0.5494637047612044,3.7678277478286657
0.0058071328968758275,0.0071981108037655625,-0.004585409767594619,0.006862158530933432,0.4173533151156928,-2.595447125224959,0.6854673970221158,3.728031522520611
0.005815735520293363,0.007184731446393512,-0.00460662891439259,0.006847072252632626,0.4137605095813494,-2.600754130746527,0.6659665031160286,3.7338502241453795
0.005824764894307859,0.007171644254275426,-0.004628281028739199,0.0068326394168776805,0.41030480381713685,-2.6063636593181436,0.6465661199122267,3.7404242731032125
0.005833880214921716,0.007158856490027024,-0.004649822328801469,0.006818615879512816,0.4069339286851697,-2.611948367782256,0.627398793628974,3.7471326422162545
0.005664102843064288,0.00745400656387675,-0.004193768385951501,0.007142294927882564,0.4811057669808258,-2.4783729770962064,1.0413942953491961,3.6051346658376358
0.005631728897838963,0.007480211142921751,-0.004125332562968386,0.007152113084832326,0.481298107951388,-2.444702130090384,1.0770870155069707,3.5527138285317448
0.0056398393739313935,0.007466828513661928,-0.004147698339001173,0.007139604468293643,0.4788224463165111,-2.453449966411539,1.059528347581353,3.563228583165469
0.005647816237668402,0.00745344622097232,-0.004169786074694182,0.007126834605618123,0.4762651680003156,-2.461898691835582,1.041860311424352,3.573247322438044
0.00567201330636877,0.007440382768904752,-0.0042159740698652,0.007128863028028363,0.47831019949556275,-2.486607876073984,1.0230439863595686,3.6146915307878835
0.00568007666401774,0.007426794984576761,-0.004238293773245362,0.007115477200423122,0.4754075062525342,-2.4948192870378523,1.0046178445297842,3.624299868378833
0.005696528594796651,0.007399832467292437,-0.004283009645612259,0.007088881123408192,0.46970759578278676,-2.511048217830447,0.9676499883965167,3.6434725116240947
0.005688301225775367,0.007413300506887183,-0.004260701495972594,0.007102230432691046,0.4725442479378282,-2.5030231656814474,0.986171611791843,3.63400874682485
0.00568836002305076,0.007385604199974455,-0.00428064075391226,0.007060032702892069,0.4623129813535723,-2.5021604245678346,0.9507172963266971,3.620377890438071
0.005696562222298228,0.0073721661114512504,-0.004302599910365212,0.007046522028329466,0.4593998057467255,-2.509764846828323,0.9323384859354061,3.629261565930767
0.005720734082684646,0.007331619988383535,-0.00436741314293768,0.007004415031381556,0.450125884152969,-2.531007385445637,0.8764684036535569,3.65335065098347
0.005712819053000491,0.007345201689148757,-0.00434607985724257,0.007018814221974481,0.45332726903752013,-2.5242676657916827,0.8952190329354436,3.6459057028332142
0.005704960716065841,0.0073587849158594995,-0.004324733430664856,0.00703312389251446,0.4564951698985884,-2.517392386201586,0.9138969823673454,3.6382960919365748
0.005729119168598982,0.007318072644937394,-0.004389356603198984,0.006990320935372346,0.446985308268191,-2.53803814351059,0.857571614169527,3.6614506205946995
0.00573782935794806,0.0073046372886359165,-0.004411642556626432,0.006976526085114084,0.44389598361781485,-2.5452219021987124,0.8386388758611988,3.669972745629835
0.005591454451371522,0.007549385068436634,-0.004010940199355169,0.00721603962440748,0.49341869256160314,-2.398518600250407,1.1659557422969637,3.4977347439056055
0.005487456325429323,0.007745620522446313,-0.00369030382300624,0.007387451145722313,0.5214920506702619,-2.2555025135017317,1.4017363485620422,3.329195168313175
0.00549483040693647,0.007731445663611247,-0.003713770932453788,0.0073758933798657314,0.5199097229422728,-2.2667105715340843,1.3855844810862072,3.3425937109752355
0.005583988371247316,0.007563556396567086,-0.003988386714972442,0.00722941856587393,0.495920629657811,-2.3893102668135904,1.1838194529584645,3.4872161289733508
0.0055768000403518155,0.007577675686003881,-0.003966181867094933,0.007242839477087633,0.49843452208407063,-2.380206785319214,1.2015259854061249,3.476961696642585
0.005547408533392827,0.007633511700909441,-0.003876129017076881,0.007293559632461949,0.5073828739900338,-2.341557471350353,1.2703051720548586,3.432107742413281
0.005554647316441359,0.007619505746189953,-0.0038986538819793313,0.007280924079634376,0.505197785576538,-2.3513684969222592,1.2532251529599032,3.44346338480447
0.005562112163780157,0.007605568566635016,-0.003921354759092656,0.007268459295021027,0.5030437134103424,-2.3612243368568127,1.2361346805244542,3.455024061246132
0.005569580503454085,0.007591679088895025,-0.003943938656341101,0.0072559211217095585,0.500837134157501,-2.370913728489065,1.2189758660408685,3.4663664121604576
0.005540159016117069,0.007647463142842133,-0.003853555848054,0.0073059640454348545,0.5094736561592811,-2.3315833589946666,1.2871903714213753,3.4204841086573405
0.0055326740582484065,0.007661331823878302,-0.0038306526132117387,0.007317878790206318,0.5113744663557579,-2.321240135541047,1.303799400412685,3.4081688560644605
0.005525151828941352,0.007675309231062484,-0.0038075239627651555,0.007329762082476239,0.5132475762191108,-2.3106903504868126,1.320399278349521,3.3955815209442526
0.005517594052272396,0.00768936861275658,-0.0037841978570213957,0.007341574592883469,0.5150381941289957,-2.2999312709351325,1.3369586988075903,3.3827063923229796
0.005509934923866391,0.007703359261309619,-0.003760726272211062,0.007353044304855926,0.516709970375527,-2.2889458767740702,1.3532580324749401,3.3694165225191592
0.005502331305846428,0.007717367491973226,-0.0037372462085739897,0.007364444482578949,0.5183230982517668,-2.2778624802343503,1.369439598186215,3.356015250506047
0.005410903736317907,0.00794526156945979,-0.0033864423862201847,0.00756363680720194,0.5468394642698077,-2.1063109110066667,1.625335011303317,3.1670970559052147
0.005404444446266137,0.007959626603647069,-0.0033627558137245242,0.007574261285846303,0.5476579827662128,-2.0936733530908254,1.6400237359243839,3.1521450041566887
0.0053979578284461946,0.007974013489452465,-0.0033389479654562745,0.007584736252635786,0.548474355506352,-2.0808783697584143,1.6545608996367214,3.136953649358397
0.0053916155956646875,0.007988478667894369,-0.0033151622438796907,0.007595314539487513,0.5493407215385343,-2.068051208052075,1.6690919978486172,3.1218155818122124
0.005400842439252977,0.007932134408679063,-0.003388357531961829,0.0075367626402917465,0.5392161329095843,-2.1043915444562327,1.6041779343728677,3.1525933537656723
0.005480248234597771,0.007759905884436948,-0.0036668791288231965,0.0073991755970218565,0.5230879232015141,-2.2442666269251954,1.4179272574747008,3.31588826373666
0.005469165088438654,0.007745744035886404,-0.0036658440760908716,0.007369209887183451,0.5152618364786065,-2.2384260598084222,1.3970466543148545,3.295622089168661
0.0054070710748616,0.007917660256439267,-0.0034116113599719877,0.007525536439745846,0.5381072735212188,-2.116511978111147,1.5891685008550793,3.16664188124188
0.00541360552522886,0.007903207178570263,-0.003435148429766007,0.007514514857052355,0.5370587413607377,-2.128751483963212,1.5741712712531684,3.1810278639092924
0.0054204862519709384,0.007888906303804453,-0.0034588885107091107,0.007503902685457469,0.5361089101520703,-2.141093394870227,1.5593532741833853,3.19580922584664
0.00542741271109843,0.007874647711110641,-0.003482578003029885,0.007493245139428377,0.5350987274143869,-2.1533342972236706,1.5444438160160454,3.210482567374369
0.005473301009282797,0.007774297111242725,-0.0036436208410890185,0.007411157209228843,0.5247307528021651,-2.2330873092702657,1.4341847128568521,3.3028426770030888
0.0054667636633426745,0.007788740460029753,-0.003620769484562161,0.007423479153246715,0.5264632672617969,-2.2221140215912314,1.4504971524674328,3.290326918537357
0.00546069678679656,0.007803128035774554,-0.0035985021066346017,0.007436066341755407,0.5282960829013809,-2.2114339732733046,1.4667641756683274,3.2784488890836596
0.005454355963665774,0.007817438185909522,-0.003575868420390172,0.007448127367101071,0.52993550702491,-2.200374995625442,1.482723736445803,3.2658454085416544
0.005433953134476226,0.00786030974483443,-0.0035057947350281174,0.007481935898747203,0.5338343082797473,-2.1651419049899676,1.5291201299238375,3.2242824673308825
0.005440450371739621,0.007845951301723409,-0.0035289037158425297,0.007470409313754257,0.5324806358072091,-2.1767786297442044,1.5136114399130338,3.2377975214655863
0.0054473793875892546,0.007831682333673746,-0.003552401974114494,0.007459301223828734,0.5312449401633503,-2.188626853323813,1.4982229730898393,3.251878151360582
0.0056148378759800594,0.007478897525004168,-0.004101441082446182,0.00713488384156278,0.47633866997623636,-2.427728741018735,1.076212684264142,3.5198310764037166
0.0056066248810205796,0.007492406259834706,-0.004078885435991982,0.007147254088871686,0.4786866498599424,-2.418769853707028,1.0935157324595093,3.508999820663778
0.005598287283252419,0.0075059381556320665,-0.0040560545986763966,0.007159398634060825,0.4809515509332379,-2.4094990733867387,1.1107580546145976,3.497672607345002
0.005589435120127352,0.007519878190778714,-0.004032083493802443,0.007171517796689452,0.4831119546454113,-2.3995464704229232,1.1283580503826274,3.485305381416079
0.005581393815005115,0.007534637618664369,-0.004008541651355367,0.00718541011802742,0.48573100468498615,-2.3901367612418976,1.146866298614335,3.4744444700556727
0.005375117678498103,0.007989821269513588,-0.0032938939927160123,0.007579085832985625,0.542440346133615,-2.0540685107109726,1.6620025195647663,3.0931366824808673
0.005358875551975266,0.007991230527026157,-0.003272984492725801,0.0075632900975886016,0.5362054186082105,-2.0401591489434203,1.6554064340392856,3.0651661552926224
0.013335029651182379,0.014098924565141538,0.006024519813409791,-0.0049010295827156885,0.20377426798819756,-2.354073176934996,-1.1006030708257157,3.3667325427943284
0.013315780576308894,0.0141434482285007,0.006031056427705985,-0.00482543034446029,0.19885844335608271,-2.321091768612295,-1.131497475494113,3.316100945679193
0.013197302747032971,0.014152136887101402,0.006220242968438055,-0.004789168298093928,0.20650923650952394,-2.317503474240887,-1.2809005190499552,3.3628951074659423
0.013230204301219557,0.014135799717542752,0.006176146220969923,-0.004823096430030208,0.20604855602637304,-2.3303997198064565,-1.2373963531793801,3.3704636087901716
0.013270288278492965,0.014143569402723466,0.006105332402386859,-0.004817825641396268,0.2024512873523203,-2.3232685046873987,-1.1874223546556035,3.339334216035016
0.013191045436025367,0.014187945637457205,0.006207259131939033,-0.004728862136996832,0.20149020032167103,-2.2889718889911763,-1.2915834999040983,3.314540732476991
0.01316453213804807,0.014205302626129524,0.006238975524880413,-0.004694063785898122,0.20100080988122396,-2.2743541713286075,-1.3261197894508487,3.3011710189239367
0.01306133563348463,0.014256870154696455,0.006369968843347086,-0.004580190528390133,0.2009925776289133,-2.224901133206292,-1.4585053646127237,3.265631416863047
0.013087589511788634,0.014239453496073348,0.006340243765207787,-0.00461680086461655,0.20164504324593605,-2.2417057628320056,-1.425042346342487,3.2818234709200658
0.013130654011537039,0.01422406820622786,0.006281228364717028,-0.0046544724669789475,0.20058306763019226,-2.2575563146084963,-1.3698524075076408,3.287951101558903
0.01299309497486594,0.014306381608301373,0.006441559453179189,-0.004476283818898311,0.19846721061524072,-2.175399822039355,-1.5437558047968574,3.2140389200408594
0.013045194576755688,0.01428069506900339,0.0063780186535655325,-0.004536314396630227,0.19855318078648157,-2.2039259575087162,-1.478305906652548,3.236346018451523
0.013030375979955617,0.014311055076686903,0.006378388401750797,-0.0044825650608639874,0.19513769362610736,-2.177907247697544,-1.4954865083199878,3.1972703643514815
0.012766378026175845,0.014439936292245036,0.006680693894282083,-0.004161625814313392,0.19446255006881644,-2.011370616460162,-1.8127284885486874,3.0565119996717685
0.012765340256081082,0.014466633310451324,0.006656769961143122,-0.0041202121465736905,0.19076490277750602,-1.990805784801007,-1.8067364113854794,3.0182130147782456
0.012793414476694572,0.014434553226855811,0.006644157296751093,-0.004184329394827686,0.19336662640933514,-2.0247348382258004,-1.7792929587517714,3.062448753746749
0.012821389277524936,0.014421855174293834,0.006612764647132116,-0.00421833506433205,0.19331340926938254,-2.0433625835959472,-1.746525911774856,3.078160151595474
0.012960889581822028,0.01433229369181864,0.00647192086374909,-0.004422305365555796,0.19671367013370442,-2.14892533099412,-1.582569872783059,3.184531099542745
0.012940124801575638,0.014366399394374209,0.006476403759509196,-0.0043598478417968415,0.19328170134037825,-2.1178762907705404,-1.604835989200576,3.1400305794485788
0.01285194424445331,0.014401556184420967,0.00658376891760084,-0.004264932562873109,0.19425951098538136,-2.068180370734304,-1.7116760034784375,3.103959466481417
0.012849102094492798,0.014434245029574974,0.00655875855693277,-0.004212981745188959,0.18977595201515396,-2.042284116766054,-1.7084301928442396,3.057530849944877
0.012891131158344175,0.01439708970517168,0.006526709918441784,-0.004290308889875544,0.1921517933428878,-2.082322425123454,-1.662302880349278,3.104751904360245
0.012921731431487615,0.014390253488151974,0.00648497445224219,-0.004314651423024868,0.19105578365580972,-2.0951400782341243,-1.6245874529006123,3.109363576243592
0.012717121490293118,0.014472373010718456,0.0067245350843776605,-0.004084469118559394,0.1929790454870333,-1.9685803899535956,-1.8666519720407246,3.0113941504785533
0.012749056211947787,0.014484812855381573,0.006663979395152553,-0.004083693352880789,0.18916475472174277,-1.9713494459992356,-1.8221957334874699,2.9929700189239554
0.012693830702787838,0.014496284078475518,0.006735966440034178,-0.004034682618436138,0.19106237987511257,-1.9415245975039264,-1.8886536361838004,2.9771448683824246
0.01267087582590469,0.014519860012832984,0.006746536544666793,-0.003985572567057462,0.18899168669165867,-1.9146593133520147,-1.9096636363002393,2.9430826833024937
0.012643816283833353,0.014530227083281735,0.0067761230481504595,-0.003953465866912077,0.18954555223519126,-1.8954251792913077,-1.9399463819627762,2.9271514406316923
0.012625343849995344,0.01455075276271476,0.00678207584682384,-0.003911445943353692,0.18746884195731697,-1.8722959479386538,-1.9553902407710326,2.8969490495378385
0.012598217316148894,0.014561026492318666,0.0068110161002042395,-0.0038788514885506496,0.18825674066012912,-1.8524016829972776,-1.985062483716749,2.8802006806479756
0.01257402554066284,0.014581927036309852,0.006823887272185212,-0.0038323561017023253,0.18650761530876475,-1.8259763124155237,-2.006498500281799,2.8483734320111274
0.012520237912220724,0.014634694890323324,0.006843241680904663,-0.0037198282027899594,0.1824750141568041,-1.7621805593639077,-2.049056935207576,2.767993579428271
0.012548929440329724,0.014612508273747292,0.006826857354321343,-0.0037713101424433457,0.1838517043180038,-1.7921762099422656,-2.024230204685764,2.802872348961598
0.012391992004461585,0.014621845586088108,0.007039176674081714,-0.0036422840418924123,0.1927666667786716,-1.6970571049731336,-2.211407578547177,2.7575764180845983
0.012420703256151903,0.014630927731372303,0.006987973451585114,-0.003651852699037413,0.1894108672393802,-1.7086522099092165,-2.1714801431736817,2.7524030906985764
0.012442389735908749,0.014654734805153101,0.006929882541590514,-0.0036349811727768404,0.18434303726904824,-1.7056579516596122,-2.132956258684936,2.7249030632455824
0.012495551903880582,0.014650952712437909,0.0068598532607814355,-0.0036793845663931927,0.18161289261913516,-1.7380560120329804,-2.0711289153123635,2.7414962985010223
0.0124703219687207,0.014645405785606413,0.006901499110295775,-0.003668832985425118,0.18410929175137297,-1.7277494089846843,-2.104109032992011,2.7437164470750464
0.012369993764325649,0.014641549477405416,0.007046470737762452,-0.0035971113808397014,0.19113556711423985,-1.670285076640926,-2.2272640792965848,2.724320068453316
0.012344844628945173,0.014658620749316778,0.007060750193219097,-0.0035530439070348423,0.19030699519463687,-1.6430437533860738,-2.2478523332499702,2.6935129036099377
0.012320253293162282,0.01467822824233876,0.007070561543735685,-0.0035058531403550394,0.1890753179234629,-1.6143619900489965,-2.2657158679870544,2.6590928583629174
0.012068768144562656,0.01476053286672883,0.007295180670749257,-0.0031695567023824205,0.1933065124037899,-1.3778453878451928,-2.500073467347135,2.444274842160445
0.012095983357821692,0.014747813706240707,0.007277832783976528,-0.0032122104196623228,0.19352011615462217,-1.4070765528867737,-2.479128136061666,2.4745258645956727
0.012242607814686883,0.014667067944195693,0.007190497227839795,-0.0034545429921231095,0.19578638711973687,-1.566903227423204,-2.3653575608808732,2.6466810857558567
0.012219686021203897,0.01467341016935351,0.0072134448715652985,-0.0034255261673435773,0.196570543488469,-1.5461320592457908,-2.388459835141868,2.6289895792278446
0.012125793315283628,0.014728715123921786,0.00726512366833723,-0.0032653862484596776,0.1944339582834394,-1.4415714115830975,-2.4593405844291447,2.513840675015182
0.012204088696837428,0.014690709555545571,0.007212002559267387,-0.0033881649862624427,0.1949047717198722,-1.524128394310196,-2.3952471923946934,2.599155098786282
0.012157159491341074,0.01471834455717117,0.00723796456434287,-0.003308424700961116,0.19388520450908764,-1.472146459466572,-2.4307758252937783,2.5419891720163785
0.012181814199755087,0.014705842208667675,0.007221918592284409,-0.003347696456858749,0.19400900672926993,-1.4983884494050175,-2.4109379106682023,2.569499672163509
0.012267166654740036,0.014682061137028683,0.0071380579026922445,-0.0034556534108196005,0.1919196599477839,-1.575407924206736,-2.3264692055572422,2.6355085175703574
0.012298469042862368,0.014698771216254687,0.0070747933268267916,-0.0034597410902700056,0.1874208343375177,-1.5869368744742889,-2.2791192626348074,2.624263127117778
0.011991912219064317,0.014789884397171117,0.007350377664170808,-0.0030560681846445513,0.19392445388624305,-1.2972577717114315,-2.561503779336409,2.365126241895925
0.011968523582147747,0.014799981734022685,0.007364715236005984,-0.0030196973496423277,0.19389386383681664,-1.271758684609839,-2.578454578192634,2.338989270057192
0.011946571793199207,0.014806020464179292,0.007382722470907329,-0.002989581591497835,0.19450263792657743,-1.249271671090443,-2.5968417516822875,2.3184355619270853
0.011921221187043717,0.014812455245979598,0.00740395397842135,-0.002955195402817469,0.19524910473278598,-1.223213735910375,-2.6182576425090534,2.2949464810748057
0.011939469051697146,0.014827789211996793,0.007360105184712159,-0.002956035903470928,0.19168228044290497,-1.2328477935484863,-2.5863560341519753,2.287617498835017
0.012067937338282925,0.014793961588917897,0.007250546823174068,-0.0031267178453830906,0.18833905904541248,-1.359721981070235,-2.475836339405621,2.4015117342684786
0.012041090622243691,0.014803296925509121,0.007271076754580739,-0.0030888604830392775,0.18869050199313617,-1.332737783813341,-2.4978720202199685,2.3757460669814345
0.012015746875582444,0.01481256884733926,0.007289404173617832,-0.003052310650995434,0.18898939069531753,-1.3067423032703553,-2.517937579497445,2.3504550633567463
0.011897571815663303,0.014823715578966107,0.007415767069826691,-0.0029166415991473027,0.19500932904326776,-1.19635199769597,-2.633389966060094,2.2663316203288706
0.011867248325787318,0.014833864134255538,0.007436561897426947,-0.0028720426342614984,0.1955033739166169,-1.1636335367940227,-2.6558434458814877,2.23453320080357
0.011814708763502399,0.014843358693561839,0.007483246190484878,-0.0028033058849322007,0.19760012754708847,-1.1092540918918956,-2.7006504515088836,2.187671717532797
0.011842525140148448,0.014858480741544403,0.0074288984302114764,-0.00281665985724729,0.19343446337872364,-1.129986084261507,-2.6593843760567295,2.1890618042748815
0.011785196893232304,0.014856348593273627,0.007497255561104365,-0.002755477777830798,0.19759715050119328,-1.0752507156821858,-2.7181880300177745,2.151763362449866
0.011698718239629738,0.014897466369453959,0.007529679317567762,-0.002611164209961134,0.19690698123316797,-0.9736457098015484,-2.76262739269626,2.041297578881253
0.01172882038473952,0.014891825274901826,0.007505818544244202,-0.00265202843295277,0.1956328418986403,-1.0060541789709976,-2.739757254897506,2.0702235442151924
0.01175773952275627,0.014877314666660492,0.007496192959686913,-0.0027009817215505575,0.19612613199910792,-1.04019079440014,-2.7256701258749163,2.1079021088788674
0.011685160239610574,0.014922308127191765,0.00750581284438408,-0.002568965847503742,0.1938379826650474,-0.9516282277472683,-2.7516354787081876,2.0036556797501444
0.011654908504279696,0.014935215880094672,0.0075174995015473926,-0.002520151844698133,0.1936648396774254,-0.9166067819529025,-2.7666692699663846,1.9663268706214443
0.011236905458337162,0.014971308797486205,0.007849726496556908,-0.0019529050159568576,0.21607843387849354,-0.43551716546379,-3.060551017181416,1.5519438180489227
0.011215995835851396,0.014985638145920561,0.007841927226343024,-0.0019124473591071204,0.21486176022224887,-0.409281139638268,-3.058024918935216,1.5180015090481953
0.011169220796851195,0.014994914590897917,0.00786296630266744,-0.0018404019484232162,0.2163290399453044,-0.35126672576885803,-3.077627687078412,1.461568415815755
0.011152084536689585,0.015004126343162042,0.007860069486460163,-0.001809410011925323,0.2157091719689769,-0.3300343181867244,-3.077558589750389,1.4359588296006593
0.011191156746207409,0.014998127867368536,0.007840066023833555,-0.0018682406050037367,0.21419206508918448,-0.3784351229787815,-3.0598054721516763,1.4817203355553752
0.011132981178325065,0.015017162967228444,0.00785167740407676,-0.001772872363994645,0.21465395287299494,-0.3065399489028304,-3.0739367376464384,1.405247693902048
0.0116320102145919,0.014963235507434043,0.007497469203428894,-0.0024645413181599413,0.19076335537608521,-0.8847516290113893,-2.7599505664978783,1.918855533539731
0.011595475330677582,0.014963197386962088,0.0075342980870220936,-0.0024212933847392692,0.19320422324607042,-0.8467975218272452,-2.7915406221863632,1.8896132791687337
0.011313782257498697,0.014995494997720911,0.0077434286625417,-0.002036132373506302,0.20651534758417114,-0.5264161502255841,-2.979425349597918,1.6069302177625493
0.011474105908297096,0.014945211346877785,0.007681895764593529,-0.0022895046200147305,0.20436846369577938,-0.7189607747990738,-2.911259932158547,1.8043748622412836
0.011442260940575542,0.014958948910160669,0.0076894035174896935,-0.0022360044961779383,0.20414035330493682,-0.6803464884413735,-2.9223088508414743,1.7621164608531923
0.011419045033488945,0.014979224990397014,0.007677397880095044,-0.0021875778208827507,0.20243744748840922,-0.6504486601309359,-2.918881213276658,1.7212827418508108
0.011394466215619762,0.014992846935012828,0.0076771166462984985,-0.002143708854640551,0.20154147825449467,-0.6203429194365638,-2.923075998221169,1.6857773561482687
0.0113633905857142,0.01499777704206007,0.007696515989289165,-0.0020991825600325397,0.20279556352205813,-0.5840231040095709,-2.9409301290851357,1.6522144853110379
0.011338542585269134,0.015012652068362269,0.007693276381976011,-0.0020539155524849514,0.20190100095466476,-0.5535041022982446,-2.942816426696258,1.615130714359415
0.011501917711832309,0.014970006393451776,0.0076149312084117194,-0.002300669982957543,0.1983291651804228,-0.7447918218398285,-2.8627876392215232,1.8041902099634728
0.011562394728089278,0.01498046034636473,0.007539764023624225,-0.0023645420361184093,0.19255698042648697,-0.8074783196315277,-2.8024317398448093,1.8449286122935622
0.011530452557491763,0.014993338184969276,0.007550211383580175,-0.0023134129607191895,0.1925277458986793,-0.7704102425823521,-2.815907974530463,1.805386957205964
0.0112608936571004,0.014982233467604576,0.007810848528435922,-0.0019765245160684973,0.21246991435196477,-0.46430504104149645,-3.0314668576266044,1.5666453089736192
0.011288339908745672,0.015006037971544109,0.007747121326092108,-0.0019934339151191937,0.20634924466688584,-0.49542636888291264,-2.985618599357975,1.5727077667193345
0.010876278070839004,0.01503571617257965,0.00799201852012296,-0.001390641096662143,0.22762331545840606,0.020161860637100043,-3.1858411510464855,1.1072667301909014
0.010892339401806166,0.015042697343711511,0.007969513540793238,-0.001410167451653266,0.22510847136576378,-0.002244817163015188,-3.170015382057148,1.1211460632191081
0.010906119384745947,0.015034405295555239,0.007976302391854408,-0.00143553352055163,0.2260054632796427,-0.018676597039723564,-3.1740625502183586,1.142487334992374
0.010917935787388509,0.015026102415436268,0.007984190679772043,-0.0014581039817006861,0.22692039532232733,-0.0326493013241049,-3.1789010821542414,1.1617067578609523
0.011019716175733852,0.014995717209548861,0.00797225751278738,-0.0016272006425809735,0.2263234988662001,-0.16114100349629754,-3.164953622248238,1.2989890988980102
0.0109321589554053,0.015026806187566544,0.007973928199368626,-0.0014785777000393978,0.22584526435944374,-0.05138433813749708,-3.1712540558818323,1.1774673090877865
0.010949298284025064,0.015023785642553526,0.00796847161406841,-0.0015056346779149436,0.22536480657140753,-0.07321955194350822,-3.1666950107284535,1.199047049847792
0.010965898074868087,0.015019925211923616,0.007964691496418265,-0.001532412260940957,0.22502811998490244,-0.09425430681044811,-3.1632293114715924,1.2206032557985333
0.010983818066368542,0.015015136630090709,0.007961517730086036,-0.0015617103234023962,0.2248154907725263,-0.1168642576450226,-3.1600310399478766,1.2442655824849018
0.011001952424095893,0.015007183633219087,0.00796370308045477,-0.0015934683358833337,0.225217478418438,-0.13939056856882795,-3.1603667438801577,1.2704859899737426
0.011040032139391899,0.015005866425907306,0.007939637105057283,-0.0016494512566165693,0.22293866379801136,-0.18842161695621942,-3.1413563019889277,1.3138287122326606
0.011060132467675107,0.0150233747331336,0.007893995340906857,-0.0016657896815778144,0.2182187510179133,-0.21548919565992578,-3.109046085717695,1.3224556462936892
0.011111350773884003,0.015029530561780675,0.007846015231854337,-0.0017334792702498462,0.21369388118525276,-0.2800676478465011,-3.072296472706346,1.3725644618875679
0.011084073049297257,0.01503708601937774,0.007852525140797583,-0.0016897960908120889,0.21410971261590955,-0.24651373062228693,-3.0791597848018175,1.3377294014179895
0.010068719327126874,0.01508594208953591,0.008159958456780051,-1.1033291060990561E-4,0.2539493247365172,1.080582190032261,-3.240585744601994,0.08194878171924656
0.010098659983295281,0.01508826684729551,0.00815368102768692,-1.581748625727812E-4,0.25265946676884,1.0393183031998843,-3.241727967666129,0.1199079649548651
0.010082364961902662,0.015097077237241392,0.008137400250395806,-1.3159017655257617E-4,0.25085370547219515,1.053725202359433,-3.2281752200907134,0.09806872312958224
0.010128657079293191,0.015093185498347471,0.008141697422391838,-2.0574601499669882E-4,0.25069205948152823,0.9959380232337008,-3.2388216844794635,0.15746387612835921
0.010112062850189958,0.015099999401296823,0.008129724279189787,-1.787312429024663E-4,0.24940630486531143,1.012535575665756,-3.2281805313667213,0.13538381454100593
0.010138779512986956,0.015105981543639024,0.008115764418564651,-2.2069022098218722E-4,0.24730765786392364,0.9729565324413784,-3.2232920096356787,0.16832255643810196
0.010367336982983503,0.015087409146105752,0.008112038487646548,-5.857730896956906E-4,0.24378351763329434,0.6816706734111712,-3.250246706381475,0.46153218877251107
0.010349414734206865,0.015095019172383255,0.008101746353208879,-5.556660337238932E-4,0.24274411248857455,0.7012087518064399,-3.2415210910983245,0.4366352948526892
0.010331356114392062,0.01509994707189541,0.008096445669104583,-5.261038144272431E-4,0.2423039778318726,0.722349938388664,-3.2360585515081923,0.412497757434587
0.010313948224557027,0.015102258580462755,0.008095831685039826,-4.982107528066524E-4,0.2424217192278255,0.7440965028350758,-3.2337292021357995,0.38998941401821013
0.01026547818539075,0.015101444899907971,0.008107052626596709,-4.219626451725774E-4,0.24445038762736876,0.808978206123444,-3.23548864945584,0.3292428071309669
0.0102520243623379,0.015108235983535293,0.00809626857428808,-3.9952897381649474E-4,0.24328601049066387,0.8223635758943316,-3.226603500047869,0.3106516219726252
0.010219357138965324,0.01510573127126709,0.00810639698243311,-3.483604478134871E-4,0.24495366093226156,0.8671326802720908,-3.22898275842958,0.27010497782968773
0.010236850056451283,0.015114482595138326,0.008086700109648386,-3.745874458222539E-4,0.2422668884686789,0.838232046837265,-3.2182875363783885,0.29017943499067334
0.010297247548753297,0.015103726152934255,0.00809649491568609,-4.7161910390028334E-4,0.24273101691441537,0.7653807161301306,-3.232262922998363,0.3686027562727874
0.010279876067678018,0.01510425067695593,0.008098916056133847,-4.4415157873740283E-4,0.24321140991094078,0.7880639321997007,-3.2318185181167993,0.34666055420199027
0.010188793430786021,0.015111177095009032,0.008100077636681524,-2.99298743107258E-4,0.24463659640475513,0.9036103692788832,-3.2205034056403545,0.2304814381095767
0.010155504369135065,0.015108483428047832,0.008109215524105371,-2.4695157028400814E-4,0.24623419816196274,0.9491685619814445,-3.221561927372279,0.18903428995779856
0.010173229904663577,0.015117385848845527,0.008089937767402721,-2.739690938348804E-4,0.24353654630781413,0.9195973675254108,-3.211542120219442,0.20978267013293114
0.01020414906890744,0.015123619160821522,0.00807391944222968,-3.218265399521492E-4,0.2412663997643669,0.874875617717059,-3.205388710764169,0.24730933977436872
0.010051835809477183,0.015093299766670737,0.008146181350001044,-8.300071329843716E-5,0.25250592266297694,1.096668696286571,-3.2284662319497186,0.059677236776575264
0.010033423315062203,0.015100603522411507,0.00813236746334736,-5.3403866727161596E-5,0.25104687992904934,1.1145807313860194,-3.2159917823275594,0.03564738266201171
0.009995083348372088,0.01510765060869978,0.008118863558364909,7.674830472479056E-6,0.249977309774293,1.1581262601395472,-3.199792943096206,-0.013311101682661303
0.010012602642457662,0.015110492794847465,0.008113305141513026,-2.0149477089165208E-5,0.24896990966523805,1.133208427381527,-3.199584529947816,0.008574366020564883
0.00998039428766101,0.01511500774893138,0.00810433323180712,3.090106404583262E-5,0.24838759908490046,1.1706302870156076,-3.187445998086753,-0.032174505267010184
0.009963475823207783,0.015120120772876174,0.008093991104332275,5.75578245235478E-5,0.24725097778151972,1.1877096888275842,-3.1773651908801197,-0.05352297565475315
0.010844395592611605,0.015040574604273237,0.008001780050833822,-0.0013403922734095718,0.22862324420850974,0.06107026771019127,-3.193374159274668,1.0670739810807353
0.010862223285574813,0.015046018095618341,0.007981355797184921,-0.0013637063253094882,0.22621279679265655,0.036452069459764966,-3.1790640388139377,1.084289288768915
0.010601281332970528,0.015077936443312115,0.008052115661450377,-9.534467328450659E-4,0.23471093519612055,0.37259321042895915,-3.2258433026337276,0.7556805973982313
0.010618644734644134,0.015076450252263451,0.008047671096529012,-9.80718801865031E-4,0.23409077873076942,0.35002331143240933,-3.2234526832705286,0.777505879897271
0.010636073608574258,0.015073707484457367,0.00804536406141604,-0.001008600314067726,0.23374637099474138,0.3277984446134968,-3.2224337200438025,0.8000319736613495
0.010654105193620365,0.015071334987319577,0.00804187349985936,-0.001037223328973996,0.23326748359677016,0.3046217982983634,-3.2205511415298846,0.8230627699324312
0.010744513351485777,0.015057861875111482,0.008023882347436201,-0.0011810656927685962,0.23102922769890785,0.18870550356878732,-3.209540329738869,0.9389169109334418
0.01072805027859627,0.015058244583471322,0.008031468946294093,-0.0011559575558402879,0.23192218758920316,0.2104653554362327,-3.214628944218355,0.9190676577575777
0.010713359772669243,0.015057066783478413,0.00804094800676972,-0.0011342385266064586,0.2330104329166697,0.2304201384290261,-3.220957114689412,0.9021266454371641
0.010673911292645683,0.015069117434828439,0.008037043236340441,-0.0010684514095535924,0.2326249253825252,0.2790087316449439,-3.2177135160109853,0.8481217394397408
0.010697623208107914,0.015067091176892256,0.008029719333055692,-0.0011054728099349571,0.2317644439470143,0.24812331039729935,-3.213149611321872,0.8777275286356413
0.010593266960709773,0.015094092706817504,0.008024811396288583,-9.345779493080428E-4,0.23164486173280568,0.3768119221989399,-3.207091906118491,0.7383278663682078
0.010828093995861793,0.01505437659609049,0.007985539276896401,-0.0013082542490191775,0.22671038411712888,0.07930768264486922,-3.1827348503106276,1.0393730910734662
0.01077244486875184,0.015073241676562231,0.007980815809545459,-0.001215081430475517,0.22612871357576728,0.14749888385283869,-3.180289644172165,0.9630068304864566
0.010789612315685896,0.015070166279042722,0.007977440490225834,-0.0012423077489492407,0.22574811138926495,0.12581927334794818,-3.177853114999818,0.9849119404203827
0.010808237362426365,0.015065067078791471,0.007976800693189788,-0.0012727873234959569,0.22569581501563366,0.1027322149715384,-3.1771774814225,1.0096996727180922
0.010755519836632779,0.015075781362557545,0.007984855095625755,-0.0011884699429708966,0.22659892533456727,0.16901305939928132,-3.1831103384328583,0.9416534149431915
0.010542098479642763,0.015085638109366195,0.008060686288929482,-8.592305810541076E-4,0.2361127081319108,0.4484137267915686,-3.2289611513208105,0.6797414353211925
0.010557862537830904,0.01509493159328159,0.008037096637756867,-8.800172968714354E-4,0.23327605050656477,0.42335801406650037,-3.2138167397405115,0.6949668090422568
0.010576923243122014,0.01509752762780916,0.008024824027493773,-9.08220621116419E-4,0.2316345596967553,0.3970419628695256,-3.2064271537946705,0.7169610640713792
0.01049555228088574,0.01507442393769824,0.008098788051253851,-7.909185817997073E-4,0.2409202318064596,0.5160755841443637,-3.2519519285121796,0.6268865500370966
0.010409288487346869,0.015094412389366959,0.008087278699067273,-6.497769208718859E-4,0.24034537107692078,0.6215651461053762,-3.237533731384986,0.5118090543887716
0.01042528949092441,0.015093551480997731,0.008084345646657982,-6.750446293135192E-4,0.2398537783640419,0.6006678675862905,-3.2369242719688445,0.5320428157083733
0.010441075198873932,0.015092196919141425,0.008082246530798589,-7.000986782903785E-4,0.2394385307377863,0.5802706867337662,-3.23679276901672,0.552193827611292
0.010458045748816987,0.015090594341774448,0.008080078097586896,-7.27061166369468E-4,0.23900189135784258,0.5584016347415526,-3.2366502575452425,0.5738926112579091
0.010477326020908688,0.015083848199185417,0.008086816192477255,-7.592974202736282E-4,0.2396439245291713,0.535959393758198,-3.242605815521594,0.600445083625403
0.010509326347897224,0.015086918123342272,0.008070069237483076,-8.080320663302007E-4,0.23745736854495328,0.4915948487346545,-3.2334022298858573,0.6388691988097457
0.010527123747837826,0.01509323951390307,0.00805169372152935,-8.333200952040942E-4,0.23506479469084277,0.4649750290900732,-3.2220776620596197,0.6581237082173097
0.010400116829475172,0.01511095761918056,0.008058048354877884,-6.308859718721981E-4,0.23692809737307316,0.6248262554090392,-3.2171468083050248,0.4948028519766879
0.01038148355487367,0.015101792592375523,0.008080622512014315,-6.042768868652009E-4,0.23985303537343158,0.6545765363389179,-3.23053613357007,0.4746329588475317
0.009845820512953792,0.015074513306563328,0.008175327010335772,2.4830105805668346E-4,0.2598807472964732,1.3791612332426422,-3.203344364412822,-0.20186457509234182
0.009811323971312302,0.015086510438415532,0.00814742021859871,3.020887262186704E-4,0.2569238408635735,1.4105713511051592,-3.177010133858134,-0.2446192249938737
0.0098278668512607,0.015082682488852202,0.008157097197878731,2.761394149812912E-4,0.2579016500940643,1.3937029478751535,-3.187305336122226,-0.22408665792323676
0.009794657112516323,0.01508831576251827,0.008141520874795723,3.284208139390239E-4,0.2564711420963102,1.4294784132648004,-3.1690374250705506,-0.26534284421604415
0.009778089357098724,0.015088775308970579,0.008138089337243776,3.547410895244226E-4,0.25631276955286436,1.4495108137821522,-3.162595153043645,-0.28598009136193414
0.009730821490698018,0.015082302939955765,0.008142523418988268,4.311189006838733E-4,0.2577869713289163,1.5143726470566978,-3.1527328832313413,-0.3455582986914505
0.009761359791343944,0.015090188113420742,0.008132570499282192,3.8112029257865313E-4,0.2559331341612034,1.4686678330924068,-3.154726054026771,-0.30667838428210975
0.009743675569038344,0.015095485431712045,0.008119082220802638,4.08245745854207E-4,0.25442024107644107,1.4848011010807538,-3.1415353270954696,-0.3280301486111856
0.009856478717906647,0.015092136430340531,0.00814174051799049,2.2934156631978305E-4,0.25537091642846205,1.348477214364696,-3.184441908915847,-0.18764071231821192
0.009920149907624035,0.015093574401609558,0.008144055631099602,1.2755031159265826E-4,0.25450820927081924,1.266456841572028,-3.2005063886592278,-0.10737251234789764
0.009946810664389641,0.015109856142033142,0.008113450859596178,8.429684116923246E-5,0.2500849337118729,1.2178188983126887,-3.1864732760530257,-0.07406902089966239
0.009930033983494502,0.015107902848961267,0.008116507877721703,1.1101857153313682E-4,0.2507848765267081,1.2408574406969703,-3.1848659569568656,-0.09508858449778956
0.009902155087338159,0.015099472564779337,0.00813131528745012,1.558771297862318E-4,0.25315047821439324,1.2838893093787958,-3.1882914545207743,-0.13007760559622053
0.009881873497223519,0.01510636755282199,0.008116230180807052,1.8759131544836394E-4,0.2515117973171411,1.3030488298952985,-3.174031847254243,-0.15543014053207285
0.009865888293719337,0.015105598142452922,0.008116285844294514,2.1302567977055285E-4,0.2518699843001108,1.323788794957358,-3.1703791797466025,-0.17540592696702248
0.009951235261404578,0.01513338681053529,0.008067817467308133,7.64106333590916E-5,0.24433586217252445,1.1916313999680461,-3.158010455335704,-0.06913375851772278
0.00876016380839106,0.014916633103030746,0.00793929228792137,0.0020019017119902163,0.2423098849416613,2.7184613726328157,-2.6163160474308156,-1.4998828479563502
0.008773541604764226,0.014925295549680851,0.007935115519533428,0.001975754645736922,0.24165587972596245,2.6943139528598157,-2.623005689826911,-1.4813747699427346
0.008545412756712403,0.014858648425561772,0.007840642668875672,0.0023471678043801587,0.227670415460495,2.9483710145487527,-2.427542376176144,-1.7249021994846152
0.008576387115330552,0.014867580870897996,0.007855980437784973,0.0022974550708283114,0.23007068597649466,2.9162591951783425,-2.456223721920358,-1.6933782652076743
0.008559012176831233,0.01486770376381846,0.007838491182166167,0.0023202380640705727,0.22743133482781122,2.9248836704846615,-2.436905015060469,-1.7067028214388205
0.008606558435296821,0.014876869963539114,0.00786919204047306,0.002248249646116727,0.2321164639659718,2.8832167395865507,-2.483167265982157,-1.661711708536782
0.00859026596754993,0.014877056201622106,0.007852993652333265,0.0022697484380479823,0.22968936787870792,2.891620763961552,-2.465219369514387,-1.6744697781174052
0.008620057114220097,0.014885798647845649,0.007866436289653674,0.0022215989385593955,0.23173756021576825,2.8595696491011506,-2.4917227817480025,-1.6434481330533635
0.00874273105931903,0.014917055156108193,0.007923290725466372,0.0020257647045616666,0.2400192560522018,2.729351299304857,-2.598140156320803,-1.5150275735620842
0.008704812324809349,0.014922627604520185,0.007879614763171764,0.0020729350251092976,0.23391228032411424,2.744012110235539,-2.5548699148786755,-1.5435792057130724
0.008723055180169241,0.014923055689946119,0.007895116450637644,0.002047600733932253,0.2361499399281215,2.7317195856616596,-2.573325510855416,-1.5276055177718841
0.00868811154476521,0.014920744278374648,0.007867917866769743,0.0020973388170804127,0.23229106028027416,2.7576752549974515,-2.538959452355669,-1.5592256590112017
0.008631598766717591,0.014902091291986113,0.007848659205429714,0.0021906634369052093,0.22938771651222237,2.8239016579111182,-2.492838674618042,-1.6207716967103984
0.00866166337660369,0.01491005644000927,0.00786268211127168,0.0021428764458810475,0.2314845449400135,2.7923696571666246,-2.519078627005532,-1.5897413812091117
0.008672762807014615,0.014920900546778172,0.007853666706766458,0.0021179457451272294,0.23015012405306687,2.7667023840511327,-2.5228713044145956,-1.5719441800530254
0.008642578058410526,0.014915736675704411,0.007834918363460244,0.0021631969683190266,0.2274899487929294,2.793444571835798,-2.4949146816408185,-1.6008413954451777
0.008268762369498356,0.014736833598848531,0.0077413181725749765,0.002829270037322421,0.2091389431397853,3.2833150600411716,-2.1634568500364124,-2.023679626021847
0.008283832218284519,0.01474232448709689,0.0077502986809042515,0.0028046445431804596,0.2107563104033454,3.26892282891331,-2.1798787808020843,-2.009566054454894
0.008253890173614222,0.014731055404267132,0.007732872077073831,0.0028539430916833396,0.207616688114607,3.2980469560109715,-2.147251354674973,-2.037829946359846
0.008239223628015034,0.014725263357620318,0.007724521887727141,0.0028783334625487344,0.20606191850279543,3.3125580578838005,-2.1311651809271726,-2.05173659975539
0.008224632337231077,0.01471964384440212,0.0077158099873729695,0.0029023658241466074,0.2044685768030888,3.3265083458634446,-2.1149662885784752,-2.065292970274292
0.00828624908767544,0.014759190264621134,0.007725321044654989,0.0027817249083054844,0.20743378379315489,3.2345806706832896,-2.1758708024013074,-1.9914033742503674
0.008301364192724056,0.014763552158725525,0.007735909402273236,0.0027584433608542104,0.20924541733861693,3.2222498314683894,-2.192453419245052,-1.9782928404755473
0.008390200556003312,0.014795137813800971,0.007784745915438631,0.0026133435035212006,0.21777054717078806,3.133866868401902,-2.28458477041794,-1.89253628473315
0.00837623020462036,0.014789233329795828,0.0077790550824893825,0.00263734906148368,0.21673637716510144,3.150034259154646,-2.27090506889755,-1.9072128800579142
0.00849713888752701,0.014828383126043024,0.007843602048081495,0.002441256760564279,0.22753070004652162,3.0278238623558225,-2.3914093215661194,-1.7876677573008646
0.008511241376371208,0.014833975914212321,0.007848613451353069,0.0024170885468939845,0.2283568279606343,3.0108595776867837,-2.4042150740836026,-1.772291792908538
0.008470863212923785,0.01483650252255304,0.007801915862472186,0.0024665274131278215,0.22142631843143504,3.0238038841079358,-2.3564420156334296,-1.799254455234064
0.008484847907515726,0.014837889176099827,0.007814264132011025,0.0024471458814013924,0.2233295681542155,3.0152288123487363,-2.3716542254802753,-1.7880407449051827
0.008392362183667955,0.014810027469819858,0.0077619975420305685,0.0025940938122337056,0.21477130623450486,3.104322487756985,-2.2795748075207265,-1.8770681005864347
0.008423481525521817,0.014820561926459957,0.007778320219626092,0.00254365395740438,0.2175381935279263,3.0729174916767206,-2.3105011744343615,-1.8465851205860258
0.008405108000262049,0.014820029528830936,0.007759162581012497,0.0025672220838130824,0.21455421548653716,3.080674579606204,-2.2893635406365944,-1.8593541328876844
0.00845416711552398,0.014834440988420313,0.007787721615988479,0.002489968889525879,0.21928819695980814,3.03457324601063,-2.338435945208792,-1.812824092285288
0.008436104234846963,0.01483107978159515,0.0077741030315237195,0.0025163991254755565,0.21711246542065782,3.048088327865701,-2.3194721671893794,-1.8283319764816621
0.00834633709701596,0.01478045813178671,0.007759868742851451,0.002684194043545539,0.21351938621460032,3.1765748313339732,-2.239291757861104,-1.934590565417554
0.008315958323491196,0.014769012978054451,0.007743900814170997,0.0027344319452518137,0.21067773973622902,3.2076471238215682,-2.207819080110465,-1.9642502578822472
0.008330562892091465,0.0147756557057781,0.007749767379247159,0.002708992674498234,0.21178158841594227,3.190569477764946,-2.2225057893184617,-1.9489564924096323
0.008364053085736144,0.014798515104490132,0.0077497365526736665,0.0026419401664191907,0.21254696124202582,3.135927880727308,-2.2518398816908998,-1.9061585406240567
0.008349940647119213,0.014796962019114986,0.007736394091715225,0.0026609937851376276,0.21042464495559185,3.1433080901871757,-2.23583159045573,-1.9164818376135655
0.008514254183370665,0.014848852363905624,0.007825897860769744,0.0023977764723259166,0.22531356132407626,2.9814441374049765,-2.3985728639227517,-1.756823758977418
0.00852774099296361,0.014858491954163871,0.007822993026342066,0.0023703909087785043,0.2249844348347436,2.957169189137827,-2.4078473844228374,-1.7383371051101126
0.009710901074314354,0.015091268402544128,0.008120991051739149,4.609587395086019E-4,0.25529021098483323,1.529005374843419,-3.1337391068326057,-0.36902320753607737
0.009672651035625058,0.015095114046764401,0.008105131137545648,5.205268364376993E-4,0.25388693987173744,1.5707507922519361,-3.1130045688395263,-0.4154016422256276
0.009689643359463925,0.015100082203434527,0.00809926830074645,4.926495628498323E-4,0.25273531484101897,1.5450978342500024,-3.114252506070858,-0.3938486430003797
0.009636602282588018,0.01507535059794036,0.008134949245656569,5.82313059136732E-4,0.25855613223806034,1.6356102599587181,-3.1207611139760876,-0.46296431614222194
0.009649866849161862,0.015084588705109536,0.008120224200785408,5.589944066953179E-4,0.25623287209308665,1.6094826015531158,-3.115689853007068,-0.4450262441934799
0.009657014895882615,0.015099479639835229,0.008092929353975854,5.440871680456751E-4,0.25253163319595145,1.5845093767442415,-3.1009262162647464,-0.43370630701211915
0.009617888640287897,0.015083941791053025,0.008113197172986586,6.096001210746201E-4,0.25595595417140976,1.6479536055423925,-3.101679106183449,-0.48412629098306587
0.009578192589653927,0.01509213276844898,0.008085993623781306,6.695605328819187E-4,0.2530088913864727,1.6847227202365496,-3.0727383628358775,-0.5302569269051164
0.00959751330899682,0.01509026706570092,0.008095226583976859,6.398631931237181E-4,0.2539122317466762,1.6645274170431794,-3.0844107650160617,-0.5074510383217524
0.009527357767993648,0.015054726502319246,0.00814284949783606,7.612688516285494E-4,0.26159640456496197,1.7878178038182673,-3.0903795099017097,-0.6007112400103377
0.009508317310358986,0.01506184440401784,0.008122399854936376,7.888089322690379E-4,0.25920240896217045,1.8008520502931733,-3.071590839686451,-0.6216570651927534
0.009491164256250358,0.015064150643213023,0.008111819274198047,8.14882161633946E-4,0.25803990209639366,1.8174104694788402,-3.0593121026699284,-0.6414841627344176
0.009474496171792513,0.015064076367843961,0.008105860556416508,8.409671253109193E-4,0.257515046115093,1.836208054606889,-3.0499031035532127,-0.6613048864960134
0.009458898121343177,0.01506254763941664,0.008102946852937663,8.658806536420706E-4,0.25739308698873936,1.855514650571063,-3.0426100156543043,-0.6802279182954537
0.009379279768692855,0.01505571735005423,0.008083514687615,9.922511488644154E-4,0.2561420519275303,1.951235263108656,-3.00168863194568,-0.775575356976696
0.009397658529251533,0.015056256686686814,0.0080904028102911,9.635930905989755E-4,0.2567535909303374,1.9307093396673929,-3.0126911375295182,-0.7540489905062334
0.009419261940366389,0.01505620916336991,0.008099524843141756,9.300991291333066E-4,0.2576277475813233,1.9072749546486831,-3.0261215006710027,-0.7288728689931848
0.009440836072725061,0.015060640066676631,0.008099626285794132,8.947562794305256E-4,0.2572916201898292,1.8779396042620429,-3.0341071490419185,-0.7021325790718221
0.00935159694538648,0.01504665240567766,0.008088617609760233,0.0010390474227846907,0.25732431150620855,1.9927749279160587,-2.9938494762193515,-0.8108793667055315
0.009363647130227712,0.015056569791043087,0.008074946788909885,0.0010159810831732177,0.2551305351842093,1.9668001665660426,-2.990709779859897,-0.7932834788249825
0.009536925875928191,0.015073736827086329,0.008108890260905425,7.398973605375949E-4,0.25686392633978183,1.7537369612736853,-3.0731533792421497,-0.5841811482290623
0.009560276927642913,0.01509096434117858,0.008082832627135494,6.978911451852257E-4,0.2528957060729852,1.7066367593386733,-3.0651103885789266,-0.551960209378226
0.009545645692748728,0.015087811748071028,0.008084350648708109,7.217074585877109E-4,0.25338222750046,1.727046182781945,-3.0612666431298803,-0.5701964148376609
0.008946348002668008,0.014960498255021718,0.008008724158280975,0.0017009631549523446,0.2512728222604929,2.5051507240972097,-2.7598279299305166,-1.2931152345163208
0.008960607585788882,0.014968911987312865,0.008003542372133717,0.001673994949148223,0.25036349171748534,2.479759289538435,-2.765163588214393,-1.2735006792605528
0.00892920734996741,0.014961368189078908,0.007994278279684243,0.0017251966635810285,0.24930194308098177,2.517621070335704,-2.743208179583056,-1.3094870730996335
0.008891235459806366,0.014968450765589739,0.007952207163752572,0.0017743688304355406,0.2436460124732673,2.535915170494718,-2.7015646214414564,-1.3415506318003867
0.008909646617632279,0.014968151425035882,0.007966891760140564,0.0017482524597328478,0.2456682568102222,2.5220897027330484,-2.7190058289260883,-1.3240704566940786
0.008874202890775906,0.014966984994332846,0.007941645844719758,0.0017997545110368712,0.24230383630459126,2.5513770622133403,-2.6867983894794407,-1.3587654619714418
0.008784562881860188,0.014941163787626182,0.007915719632515562,0.0019468736284520471,0.23899120111637637,2.659574261634639,-2.6213411245353373,-1.4597555117900816
0.0088171330119212,0.014950204942120139,0.007926462766035631,0.0018938001063106599,0.2403986296772944,2.6213626502919785,-2.6460929853363546,-1.423629830089898
0.008796225300636038,0.014955473723045565,0.007899606701286586,0.0019186445551856639,0.23668456482220115,2.6272443116008404,-2.6213090584479306,-1.4388443336742542
0.008847495319940857,0.014957121806765417,0.007938520963853134,0.0018454152108568808,0.24198486277269016,2.587680805337395,-2.669752918455267,-1.3906414496736088
0.00885910834602384,0.014967321699693593,0.00792914011547585,0.001820872693837176,0.24050111190777695,2.562174053347588,-2.6722065774471337,-1.3727420083884665
0.008828600582262817,0.01496364335141626,0.007911395994478453,0.0018667458435547549,0.2381941594941703,2.5906231720100927,-2.646086512397394,-1.4035872112330525
0.00913425443084845,0.0150152095930952,0.008032823911606412,0.0013864371269315032,0.2527226981061225,2.25458206944826,-2.868719101595872,-1.0668084153069188
0.009156836897887636,0.015021239979650665,0.008034947741077976,0.0013489892349032879,0.2527885113679971,2.224414212672755,-2.880390823602019,-1.0394886185781897
0.00930700263744469,0.015027979250001256,0.008103509489085602,0.001116744289923687,0.260027535109634,2.0650988003747415,-2.984228932945446,-0.8695012696940826
0.009176172201294516,0.01502386329953816,0.008041285397932947,0.0013184073824857483,0.2533780077662338,2.2020809904564307,-2.892726058231706,-1.0172268051596474
0.009197858118010124,0.01502531509191907,0.008050921424895942,0.0012848793893020863,0.2544132491269628,2.178992759054541,-2.907790171510498,-0.9928848472965955
0.00921857365759225,0.015031024404513251,0.008051572903608266,0.0012503589001983282,0.2542253949042537,2.1505197827959073,-2.917350877454235,-0.967439083213922
0.009288395648195566,0.015035500545779885,0.008079744943215816,0.0011416202275242714,0.2570969896361674,2.0739503618028827,-2.963077761366628,-0.8874825609123657
0.00923567689029125,0.015033700002709491,0.00805576066050273,0.0012229772433585773,0.2545116991135137,2.1297599802689433,-2.927167708191052,-0.947281842097702
0.009270402532509102,0.015037398871338252,0.008066947110737114,0.0011681772710656322,0.255562386027869,2.0896663109875857,-2.948314425760248,-0.906914127386755
0.00925259077446721,0.015036417604966282,0.008059560953377945,0.0011958298761737915,0.2548005876554597,2.109016521740212,-2.936593160459361,-0.927254828838359
0.009320976055405737,0.01504356968848346,0.008080208642452921,0.001087649973414123,0.2566663109962803,2.0291154516179115,-2.9767685223120393,-0.8471461109158759
0.009335721956339927,0.015052801305668072,0.008069419356090981,0.0010606376798378745,0.2547799553002129,2.001277042798102,-2.976563758838558,-0.8266959449124484
0.00909392097769404,0.015013402138663394,0.00801117740408676,0.001447614557234283,0.2502149056951703,2.294519214325741,-2.8379297471698437,-1.1105290780861576
0.0091193417103174,0.015035868137803082,0.007984771289446397,0.0013960006073016566,0.24612796817925506,2.2379076535237687,-2.8361518250532467,-1.0718721443108405
0.009101950694486232,0.015029051082664318,0.007986818487846258,0.0014258895656024328,0.24668501109754426,2.2638520077711095,-2.829002665436791,-1.0937044264297846
0.008970557154834602,0.014984940980840628,0.00798091261643376,0.0016478978728359306,0.24717265127818847,2.4458521222669707,-2.7594255059090007,-1.2534601379884736
0.009030253341706289,0.0149996096289942,0.0079952814442167,0.0015505499519058834,0.2486445920364555,2.372165340401185,-2.797949018826568,-1.1843134836549625
0.009014315582141138,0.01499773865407523,0.00798788442307414,0.0015751599491827496,0.2477317767817995,2.388808311498494,-2.7859909278704547,-1.201646078376313
0.008998238900424583,0.014996985316070426,0.007978138514348755,0.0015991279355550847,0.24654488925984788,2.403676158734115,-2.77271011329484,-1.2183521820749643
0.008981113257036759,0.014999265045724231,0.007961859549977123,0.0016223756540428862,0.24434846224018233,2.4144650855274166,-2.7555778231811163,-1.2341084541155205
0.009075272270586123,0.01501531584223295,0.007995650766533068,0.0014739584348994895,0.24819828641093486,2.308451553519141,-2.820695066853586,-1.1289660135498878
0.009053958790390067,0.01501843220815195,0.007975935078540839,0.0015032446590724448,0.2456576071659132,2.3226217509572327,-2.7999761975689483,-1.1492185544983478
0.00903481051948525,0.015017829479768104,0.00796435665270677,0.0015316126740627497,0.24422944710176872,2.340218320518744,-2.784482080607239,-1.1691012944811252
0.004857628942920318,0.01028138784899054,4.449996416392926E-4,0.008144387022701068,0.07865564103308868,0.26298584303041533,2.497351492001186,0.42790628717023843
0.0048710720035936884,0.010384565325551924,6.095289100298676E-4,0.008140545594332428,0.048444609429049525,0.37049046854783835,2.5020109678517497,0.32048521681425246
0.004852473466623846,0.01030415347528035,4.798810939941125E-4,0.008134715234469155,0.07100562942366269,0.2851145679231227,2.4922855798406354,0.402190951105662
0.004855536443468221,0.01032435407985663,5.120664364241311E-4,0.008134673356415508,0.0651664742922382,0.3062091596993855,2.4937013876498217,0.3813102839723042
0.0048647822616542285,0.01035928380237833,5.685775936849429E-4,0.008138596638905857,0.05552406275195217,0.34353550563874696,2.4988894194975337,0.3460974860742621
0.004864351132619404,0.010340466960224332,5.389799758581766E-4,0.008141802419750323,0.06132683086519077,0.3243418673090992,2.499763812401804,0.366166807055463
-0.005038661906785668,0.010905993628459065,-0.0014868663717748489,0.008143346635377862,-0.10586187037591487,0.9433759378340413,-2.540152869287331,-0.20658771791959066
-0.005041853512261181,0.010921603295104325,-0.0015126273622702337,0.00813885905210582,-0.1104643229956049,0.9603003929081869,-2.538238632967797,-0.22284386160368388
-0.005050992680544645,0.010968641533511679,-0.001589841685517588,0.008123898481813248,-0.1241801599266122,1.0111998134085678,-2.5314732941211386,-0.2719101739047771
-0.005047833991571168,0.01095299034807125,-0.001564113248618382,0.00812888449627936,-0.11963836879858715,0.9942219748194109,-2.5337299746490913,-0.25560212244302144
-0.005044879678964241,0.01093726214332042,-0.0015383508971253271,0.008134005761231453,-0.11504836315608259,0.9772343165220256,-2.536075413965968,-0.2391807123742535
-0.005051983068723593,0.01105676203035102,-0.0017238677878704956,0.008073515124893385,-0.14779590266717102,1.1016531774894374,-2.502962261460249,-0.36601978722508904
-0.0050450883410193435,0.011009713805121299,-0.0016489447505484394,0.008093548072205121,-0.13497264300331033,1.051507992945906,-2.513412292060043,-0.31676566891187713
-0.005049140962509541,0.011040711982385452,-0.001698065793649075,0.008079926239423134,-0.14343265836953364,1.084397428048627,-2.506235376561706,-0.3492902968049058
-0.005046947849020379,0.011024967042702921,-0.0016730627479702909,0.008086759242548898,-0.13915198202898063,1.0676544025338428,-2.5098248144355852,-0.3327939375016588
-0.00504222424957348,0.010994522380904762,-0.0016242912481522936,0.008098993285337301,-0.1306944545016052,1.035111236481992,-2.5160541554397042,-0.30093584853886496
-0.005038103757064975,0.010979795307849724,-0.0015995998124113855,0.008102573306719736,-0.12647648788347784,1.0188266230984728,-2.5174315936245324,-0.28579136228913654
-0.004974463117962453,0.01071031959710704,-0.0011527643482278375,0.008159097074582554,-0.046518264032463015,0.7260724244776896,-2.5369068533612453,-0.007667744440258006
-0.004963981066562232,0.010748685604403226,-0.0012080935214749727,0.00813092577491547,-0.058280700142671615,0.762388234367782,-2.520345800214651,-0.05056943793517321
-0.00496653001150372,0.010729328464170322,-0.0011791404205509356,0.008142049116904136,-0.052463784002964024,0.7433763037524345,-2.526614841023367,-0.029442242184040932
-0.005021586831798376,0.010901063866731559,-0.0014703897841367613,0.008125944328677517,-0.10369614211362277,0.9335647763451663,-2.5277501037505803,-0.20407997403853137
-0.0050080844734979365,0.010807450028833869,-0.0013189690994753296,0.008156127894359851,-0.07593181588660004,0.8341195947553915,-2.5416631704431043,-0.10595466233481077
-0.005004797366453065,0.010792447488994208,-0.0012940828500176656,0.008159172610442739,-0.07139162414951261,0.8178986033501668,-2.542671237024669,-0.09042084008450117
-0.004997194032032092,0.010817828341836373,-0.0013300013467052593,0.008138572964070416,-0.07893204139645214,0.8417509437289944,-2.5304200870886704,-0.11890185915217936
-0.005003678253687078,0.01089609868598346,-0.0014535419122529405,0.008107654969711262,-0.10174922491835746,0.92330010113922,-2.514752703490952,-0.20148079530745108
-0.0050004250512027965,0.010880039013912435,-0.001427330458978156,0.008112054080211458,-0.09709541333694399,0.9060253127591302,-2.516634721218065,-0.18485151026610203
-0.00499789223123061,0.010863792658578083,-0.0014011685959244029,0.008117231105377353,-0.09237742968914964,0.8887728821133001,-2.519041682021499,-0.16791209391467452
-0.0049964269612395255,0.010847461264359442,-0.00137536023698976,0.008123536388217814,-0.08762371803747622,0.8717362051014584,-2.522217417970254,-0.15070899518305372
-0.004996405643137223,0.010831791012668106,-0.0013512061770824906,0.008131052651510403,-0.08304331723440371,0.8557693384663382,-2.5262639698043263,-0.13396869859651897
-0.004990688466922449,0.010787355156826686,-0.00127977004174695,0.0081450047275548,-0.06979607353059189,0.8089005854389459,-2.5326584191040666,-0.08736800854325058
-0.0049824920311228454,0.010773242683462362,-0.0012542029224229458,0.008141760401249316,-0.06556535474868598,0.7923116303285,-2.529459823416548,-0.07365710691224113
-0.004965110933991591,0.010764693024466351,-0.0012333303769309514,0.008125324190471551,-0.06305673798975285,0.7789617488687953,-2.517621625304269,-0.06747127849131436
-0.005055567299021928,0.011073082705622609,-0.0017504878751312743,0.008067645127830328,-0.15226056334052704,1.119425756371719,-2.500091037275048,-0.3829417783509131
-0.005060600526437595,0.011088570134643112,-0.0017767430747475546,0.008063821712772375,-0.15657552794581633,1.136838582296348,-2.498604001458109,-0.3988075161779063
-0.005086964869883532,0.011139269286011165,-0.0018691857903289655,0.008061788487711967,-0.17155051896378568,1.197296276149683,-2.501358578063989,-0.4496675399187344
-0.005083432972252503,0.011123590771734367,-0.0018435498091408486,0.00806796433487072,-0.16735225919918464,1.1800870989418153,-2.5044749156311696,-0.43335219019862453
-0.005066995984591344,0.011119064859750982,-0.0018261505825199335,0.00805178558795716,-0.1647224122228337,1.1700188620084413,-2.4924732782707637,-0.43050305916975656
-0.005050511472980147,0.011099809233003136,-0.0017870646781626618,0.008045022896033014,-0.15865466556741323,1.1448639102611284,-2.486106120273369,-0.4118920925506919
-0.005050987753646818,0.011113917752096594,-0.001808218129285957,0.008036567678568104,-0.1621858535679027,1.159301178772184,-2.481175132869122,-0.4267737543035391
-0.005227476820987451,0.011584111670095501,-0.002611909502349973,0.007869429396148863,-0.27552757817201456,1.7065308876600815,-2.3976353690456276,-0.9126004690790915
-0.005232308293688326,0.011599304312193477,-0.002636689856926108,0.00786067084926981,-0.2782140299395823,1.7240436800383439,-2.392248514590825,-0.9284790633637546
-0.005237487582969412,0.011614387691975578,-0.0026616002258894184,0.007852260121165923,-0.28084728766165235,1.7415989722115774,-2.387121056774069,-0.9442263799297769
-0.0051911813173444055,0.011520689256712,-0.002493487391066866,0.00788599044373532,-0.26114271005140033,1.625018373763446,-2.404518640175132,-0.8460348982848235
-0.0051958685507053765,0.011536201060170753,-0.002518638499687089,0.007877426426139032,-0.2642088811906529,1.642621921396383,-2.3993591907491916,-0.8621346979587171
-0.005201020364261365,0.011551501118479508,-0.002543873427146913,0.00786942951556493,-0.2672484214228736,1.6602558574752317,-2.3946072461176975,-0.8780212119651329
-0.005206285185752944,0.011566429347480063,-0.0025686694539869097,0.007861750413034442,-0.270172790721581,1.6775954949482086,-2.390055229922225,-0.8935351078710868
-0.0052111084228983395,0.011581313450097377,-0.0025929538713080204,0.007853466207790127,-0.27297280933358387,1.69466394972771,-2.3850074264919088,-0.9090009115903311
-0.0051219212545869025,0.011277408812673195,-0.0020960876932591874,0.00800534026226393,-0.2069353720693389,1.3507085151632612,-2.472248130899047,-0.5932209779870697
-0.005117850205972975,0.01126243057580903,-0.0020714233560545216,0.008011703292747467,-0.20323883249254596,1.3339342446631515,-2.4755984378814406,-0.577662762670375
-0.005113628155887048,0.011247213006126883,-0.002046267945034638,0.008017925035706593,-0.1994338850061699,1.3168679433964667,-2.4788197144813022,-0.5618692954962393
-0.005109959789919356,0.011288677759227204,-0.0021033530819079935,0.007983104618237395,-0.2078600763932056,1.357509934875302,-2.4567371803293523,-0.6061078727229314
-0.005112696816060437,0.011303662257948327,-0.0021268155835631746,0.007974970845063623,-0.21130180419924385,1.3736871416432372,-2.4520170101639276,-0.6217078503948036
-0.005115759539014183,0.011319163125652329,-0.0021511987214954844,0.007966680526399794,-0.2148301942775701,1.3904980502878603,-2.447209298253844,-0.6378153076043183
-0.005153140174821262,0.011441643544471997,-0.0023525827077400837,0.007911070072740447,-0.2426901352187467,1.5288408061717498,-2.416290924663389,-0.7643559841776826
-0.005174156776968945,0.011517138631172185,-0.0024735656790524775,0.007869800178968671,-0.25801353143761396,1.6132252922723038,-2.3915244667813345,-0.8424062517893532
-0.005170587700297053,0.011501588461785277,-0.002449424707476724,0.007879454433849827,-0.2550855054853171,1.5962305882579046,-2.3975508549489164,-0.8263418972884334
-0.005166256973848218,0.011486618891605273,-0.0024253392485411745,0.007887590918706359,-0.2520610387196218,1.5794131769217439,-2.402436685366924,-0.8108625059206546
-0.005156861034352298,0.011456546885480522,-0.0023762084985840437,0.007902717557620778,-0.24575782867321413,1.5453142347014095,-2.411276161367161,-0.7797830586861179
-0.005161211444903824,0.011471731159949603,-0.002400699975095289,0.007894703029276777,-0.24890577551393542,1.5623455326272806,-2.406530127100409,-0.7954803712142203
-0.005119328765252375,0.011334748859649376,-0.0021760309654514647,0.007958760692164045,-0.2183851793401839,1.4075887169171841,-2.4426709924882264,-0.6539705056068997
-0.005123216318441143,0.011350353195510457,-0.0022010825676383413,0.007951043152378793,-0.2219307810321944,1.4248226286653305,-2.4382739823424484,-0.6701206944972653
-0.0051486780159447935,0.011426963869953953,-0.0023285931481542965,0.007918252615149448,-0.2394899660227469,1.5122377201239952,-2.4204176118680514,-0.7491694266717103
-0.005143097831285841,0.011412838730995243,-0.002304412024645711,0.007923564880495141,-0.23624054981101636,1.495707544118542,-2.423168421988781,-0.7346107075744398
-0.0051272953665988585,0.011366149366053548,-0.002226503166300292,0.007943243036331126,-0.22548565900721199,1.4423248644460058,-2.433822197792869,-0.6864580323269817
-0.005137745856615113,0.011397772167642872,-0.0022790949856182105,0.007929776431023145,-0.23275274597220094,1.4783490658084,-2.426502121526298,-0.7190667734826078
-0.005131796188001769,0.011382315006300936,-0.0022527268976852547,0.007935474769475618,-0.2291301106043531,1.4603722925402944,-2.429418182875278,-0.7031594156510242
-0.005098555678016489,0.011185181710956433,-0.0019448932652783042,0.008044293792727626,-0.1836636535221234,1.24820390006324,-2.4926462262693962,-0.4973486328809102
-0.005094795468879374,0.011169989891130466,-0.0019199247599119898,0.008050313350580518,-0.17970134886688457,1.2313742720727794,-2.495697642055798,-0.48155621243991265
-0.005090843022693624,0.011154749403365265,-0.0018947224588040051,0.008055999781995936,-0.17567134710788268,1.2144368641158005,-2.4985020794112143,-0.46573830966190005
-0.005086231715780743,0.011196311125319698,-0.0019526923193149517,0.008022300860987654,-0.18493382416558632,1.2551845136134665,-2.4775754432195467,-0.5104665612599892
-0.005088716037705472,0.011211915692035196,-0.0019771668648634016,0.008014282788804368,-0.1887508215138786,1.2718998060205802,-2.4730545194232127,-0.5267602927378198
-0.005097274895541685,0.011243576877092888,-0.002029165158795872,0.008001628443666383,-0.1967045764131876,1.3070932820949215,-2.466485812567797,-0.559481090312043
-0.0050919390078567285,0.011228205044512553,-0.0020030956525647,0.008006485611649678,-0.1927514892928298,1.2895633582154227,-2.4687391850449356,-0.5436958719018596
0.005419824993442346,0.012111837601351446,0.00345921515315898,0.007503113912229363,-0.34194812234711947,2.3160173593315694,2.1452850796328593,-1.4573284968073026
0.005593836952560893,0.012422161460624513,0.003990653704119202,0.007259673645735647,-0.3523618469820952,2.7038319794170405,1.9515269123940582,-1.778832222161584
0.005616431326979199,0.012463556832208367,0.0040580555496571415,0.007221024022573379,-0.351522316808077,2.752686359708856,1.9187527511162485,-1.8199623834116305
0.005608845750311041,0.012449742357438414,0.004035581726918886,0.007234024091554014,-0.35188702055045856,2.736415037785619,1.92982798234408,-1.8062747349523882
0.005601334420408438,0.012435937816459937,0.0040131380667929074,0.007246934392427045,-0.35217126025003886,2.7201475685577226,1.9407766697017468,-1.7925683598924744
0.0055625117428415105,0.012394482762560615,0.003922262489034587,0.007269375344126388,-0.3511468323131424,2.652620421146113,1.9599055924617785,-1.7435851574158416
0.005569928145753332,0.012408376728354745,0.003944772485721629,0.007256765092651568,-0.35104462491029403,2.6688945034544393,1.949394226979446,-1.7573456685861928
0.00557739309868169,0.012422126556936704,0.003967146401108251,0.007244261645962639,-0.3509043924309209,2.68505763090216,1.9389268170706246,-1.7709640690104338
0.0055324734050207795,0.012338884003104338,0.0038308937354360278,0.007318050162145329,-0.3509312604848005,2.5863564924155926,2.0000218793748137,-1.687843908483223
0.005539820018721436,0.01235291465059314,0.0038537418045418484,0.007305759501027365,-0.3510416170084481,2.602938623371172,1.9899595445678135,-1.7018875771851558
0.005547198651014697,0.012366983335579894,0.003876588771066583,0.007293301636529664,-0.35110398676037186,2.619498281740959,1.9797123666547023,-1.715917825573915
0.005554868434787338,0.012380750270300958,0.003899496235933144,0.007281398731024854,-0.35115255977299453,2.6361144767265685,1.9698819721322491,-1.7297910926367468
0.005426707235128714,0.012126230941344749,0.0034829752637827185,0.007492225484169778,-0.3429343463593639,2.3332917055082327,2.1370843649288447,-1.4721108807007628
0.005433773274565523,0.012140400958613443,0.0035066692991198105,0.007481659962883555,-0.3438784064090608,2.350522972578654,2.1291061201597254,-1.4867268332532697
0.005440758483164477,0.012154512617696206,0.0035301383836298735,0.007470939032406815,-0.34474482098363013,2.3676032527524176,2.1209567818963992,-1.5012464506590317
0.005447511205021614,0.012168753960774208,0.0035533780528261825,0.007459669485224957,-0.34552739959916773,2.384524707154935,2.112314063770658,-1.5157786487190636
0.005454302676985251,0.012183039486680286,0.003576641282437306,0.007448237905587276,-0.34626290716731706,2.4014588527212406,2.103499916581756,-1.5303229836497667
0.005461292222547292,0.012197139096051938,0.0035999014696671537,0.0074371029670715185,-0.3469650154442963,2.41838832677552,2.0948891529064,-1.5447357335727718
0.0054682327574700285,0.012211141988013081,0.003622932132070523,0.007425900728633069,-0.34759420281216324,2.4351537680493496,2.08617799365163,-1.5590181589942278
0.0054748433836491715,0.012225233631812127,0.0036455466814711668,0.007414108257311016,-0.3481428632534506,2.4516130477784426,2.0769315669007544,-1.5732273314544285
0.005524837370045786,0.012325053484326507,0.003807754020195737,0.007329638693505835,-0.35073132984779765,2.5695280475841287,2.009450796409801,-1.673791202942235
0.005481421213752214,0.01223941905190092,0.0036681320134149963,0.007402018044422982,-0.3486097651761387,2.4680351255177198,2.067400416918957,-1.5874526652376997
0.005488197225297642,0.01225365660206635,0.0036909482743353365,0.007389914424087567,-0.3490717835294533,2.4846253669482556,2.057816664887891,-1.6017506129952805
0.005517019046807309,0.012311175712435252,0.0037842533413831726,0.007340967010887039,-0.35044859159171793,2.552427030663725,2.018613954930362,-1.6595929827185945
0.005495028338905664,0.012267960457115902,0.0037138208245082603,0.007377632757324565,-0.3494503517615038,2.5012464390356612,2.048043905657788,-1.6160747273496987
0.005509304896033702,0.0122969595971347,0.003760512458413509,0.007352707642905981,-0.35012239000653866,2.535163445716616,2.0280700365156688,-1.6451330835981561
0.005501981305497501,0.0122824443537164,0.003736943694199212,0.007365084012366775,-0.34979822738258864,2.5180439874227663,2.0380061149303916,-1.6305460309450381
0.00505907010843617,0.0111435309044415,0.0018570509403635742,0.008026616748678333,-0.1700440221976605,1.1920231241512815,2.4763815387557186,-0.45722386288311256
0.0050511345385799876,0.011128299171402371,0.0018294858443003823,0.00802743923531496,-0.16574279358775432,1.1738588724943109,2.4757672803406945,-0.4419356218840632
0.0050295276246021805,0.01109657369161042,0.0017690287798885537,0.008022866486584625,-0.15632202550429383,1.1344453708071152,2.470020588908564,-0.4107190708742076
0.005036605119329501,0.011112955875575202,0.0017975831266413833,0.00802060319484828,-0.16083192850648884,1.1533570827709057,2.469662189558329,-0.4272367744320689
0.005024784826359571,0.011080362900072771,0.0017422051853631805,0.008027546037342894,-0.1519523659717474,1.116511087670853,2.472122229893344,-0.3941386545906351
0.005036892846688616,0.011051876920815478,0.0017073923778899642,0.00805897788062989,-0.145574666693168,1.091751763711725,2.492307475711445,-0.36264413825335806
0.005036329647703604,0.011035721495769953,0.0016829125542605413,0.008068035162637448,-0.14132364964824345,1.075189229083627,2.49746767730535,-0.3455728168737118
0.00502785095338719,0.011019810115193538,0.0016540650161348048,0.008067622755205202,-0.13665855449736133,1.0563250106040918,2.495970178875922,-0.32974123025891117
0.005020344155717695,0.011063730151894302,0.001714929108041576,0.008032673131752342,-0.14749204247641098,1.0982715750112921,2.474520514731919,-0.37709218439026954
0.00499809036145354,0.010955038577184056,0.0015399347438056958,0.008069917988882722,-0.11786729076018587,0.9814379954518474,2.4927606406804395,-0.2649319853732877
0.005001225443201597,0.010971363737019284,0.001566195878316094,0.008064531361392588,-0.12239298472398132,0.9989092172756772,2.4901773266715446,-0.2818060817575325
0.005014648493631861,0.011004644253243559,0.001623676402790257,0.008061174600434139,-0.13191574042058107,1.03676487452561,2.4902862729952244,-0.3153187731946773
0.005006353230661331,0.010988542564934145,0.0015948296374932293,0.008060802097396335,-0.12721991468142138,1.0178702382252212,2.488821527324539,-0.29932682960722784
0.004979851806270073,0.01094946820492942,0.0015216480857993887,0.008051946668686706,-0.11562361906856755,0.9702204934862472,2.479748017665188,-0.26144559888177166
0.0049801659663490806,0.010932287459445172,0.0014960576324818569,0.00806153536273075,-0.11103272242756139,0.952998906850904,2.485244262391203,-0.2432564860909667
0.004986481861890896,0.010913684304637183,0.0014713531905807145,0.008078624828582334,-0.10613383947219025,0.9361073731133692,2.4958524576762415,-0.2226997610123855
0.004975237730811579,0.010897275660815465,0.0014407375470811559,0.008074145489343244,-0.1012748120387612,0.9161860563502175,2.4915622642992035,-0.2068998756624065
0.004966014362258858,0.010878967574258741,0.0014083982371457659,0.008072800410138982,-0.09594938152651088,0.8949965732937838,2.489326389803606,-0.18883737886669819
0.004958979460629831,0.010859993371063482,0.001376217143426394,0.00807410694212249,-0.09050558960309964,0.8738103531788292,2.4889017262666666,-0.16977854390340322
0.004925570115791555,0.010740400048045948,0.0011790799593816815,0.008090085541591128,-0.05623301703219145,0.7438262185276715,2.491710382722484,-0.048278228365954357
0.004955366949335053,0.010837307448701554,0.0013400845228400704,0.008080911937485212,-0.08407428355200232,0.8498850510666501,2.4920573294710135,-0.14630208343938214
0.004951672926439669,0.01079758872542945,0.0012778761587305483,0.00809514016309556,-0.0726717747448954,0.8087051798717263,2.4991389617889332,-0.10474186514256735
0.0049448799080436655,0.010817321473448731,0.0013048044317179376,0.008078256807198213,-0.07833484654360018,0.8267538854466864,2.4888182235552097,-0.12672312726671356
0.004937953209742631,0.01078076574931093,0.001246045514695597,0.008086893296604619,-0.06784468543685186,0.7879258845974678,2.4922758992409038,-0.08906917609691632
0.004928566133318896,0.010760277329872166,0.001210699987305019,0.008085067535698277,-0.06198083496264911,0.7646956557279223,2.4896041827348827,-0.06886299083106252
0.004932350598197059,0.010701473478814283,0.0011220883268598036,0.00811381972198829,-0.04464715572792422,0.7062539332891223,2.5053853903993404,-0.005770008714908049
0.004924920598354958,0.010720622008157848,0.0011485330739048982,0.008097532975595248,-0.050489435179613955,0.7236793594155313,2.495496065282993,-0.0274002927340308
0.004921961034679061,0.01068302456057416,0.0010895675150349726,0.008109092076483452,-0.03943118416287778,0.684898047516196,2.500885220289437,0.012037366917812202
0.004905425876155439,0.010610152056386888,9.709553242376424E-4,0.008116747693015834,-0.01815017855034332,0.6069996429838856,2.501175512496577,0.08660505714443782
0.0049059437665511674,0.010628174611300846,9.990021760868095E-4,0.008111028330786743,-0.023561074885986282,0.6253662215171164,2.4984724705246606,0.06750780911880737
0.004908734379587486,0.010646105325563725,0.001027677838741012,0.008107771511060896,-0.028832627411656365,0.6442000812273524,2.4974562026015423,0.04893737667027504
0.004913850422221467,0.010664560137472946,0.0010580208699140327,0.008106807617145183,-0.034167644743680836,0.6641532143628068,2.4980537157443403,0.030232085946698514
0.004885731758215214,0.010601381864740522,9.506789302606332E-4,0.008097127141131836,-0.016455126613090284,0.5933394749071369,2.487072659429916,0.09221077070832846
0.004888226647115947,0.010576723006257865,9.134834865791714E-4,0.00810818703914301,-0.00894579395482613,0.5690328064263949,2.4930226831002806,0.11889657422830305
0.0048682157533858905,0.010434635963058035,6.871527204226226E-4,0.008125710483329959,0.03276225823030509,0.4206653272978573,2.4952819270482105,0.2662665293431033
0.004864407387629083,0.010458120139692145,7.227395489887491E-4,0.008115438146619443,0.025243959071236038,0.4436119310666893,2.489833953906001,0.2403757790969174
0.004844669370420223,0.010402136801640158,6.310873741434121E-4,0.008106353277705676,0.04034568949439788,0.3827870295194192,2.4796282626420556,0.2956539508849232
0.00484827357715469,0.010422888782339752,6.640879666855318E-4,0.008105674100996168,0.03445425393622891,0.404518131554718,2.480617738140083,0.274367508541875
0.004880667239739119,0.010551837771236014,8.726115081843442E-4,0.008107433511251592,-0.0019283199137242653,0.5420962129389527,2.490792431656507,0.14389038066638007
0.004880090836515868,0.01053315733935933,8.435279535417497E-4,0.008112485962263093,0.0037190248101570643,0.5230725217508395,2.4929799798103085,0.1636662131202245
0.004863914939068728,0.010478824629465795,7.547311336775506E-4,0.008109416373393881,0.018944630222373745,0.46444725336864784,2.4871176784735174,0.21820205038524768
0.004866282051553184,0.010498540258958251,7.859133210760205E-4,0.008106708147831211,0.013171714558851149,0.4849072220188662,2.4866161812775007,0.19770447139657446
0.0048716135303381695,0.010516679543583108,8.155073954992483E-4,0.00810763538194432,0.008074634350557058,0.5044494821677059,2.488510175067477,0.17949671988010055
0.0051377127722484995,0.011337338591991014,0.002194011729818319,0.007977915272247331,-0.22122441125341483,1.4177031502383601,2.457276871246713,-0.6555625971525921
0.005141357158219209,0.011352472885546224,0.0022183625833182875,0.007970241187689327,-0.2246788920063896,1.4344554767153872,2.452914881132383,-0.671306653104443
0.005154187207362247,0.011399250810162605,0.002294570387891168,0.007947428481193215,-0.2353343644109038,1.4869559773872878,2.440061946798751,-0.7199154073373738
0.005148131779011962,0.011425629920737078,0.002326292905799263,0.007918739154304135,-0.23921618532244823,1.5106325451224427,2.4206906720937362,-0.7477551844170728
0.005142576546014545,0.011411249348162013,0.0023017768144811004,0.007924277177376026,-0.23589799055913327,1.4938498995293807,2.423583139638621,-0.7329235175404806
0.005145423633377097,0.011367815980787588,0.0022432899596799686,0.007962744975227984,-0.2282137070200085,1.4516219870805556,2.448699394271635,-0.6872665296208423
0.005148998269681691,0.011383605237161358,0.0022684021343959463,0.007954177254202664,-0.2317133105709944,1.4689934165236906,2.4437056314898253,-0.7036929514360465
0.0051160264220067,0.011302480673965429,0.002127654193420459,0.00797970030780415,-0.21147502875460983,1.3737837193697124,2.4554548804850795,-0.6201919956970513
0.00510232238165036,0.01125843754481191,0.00205427548834847,0.007996665860833122,-0.2005684246014531,1.3240000744697598,2.4641494291188626,-0.5747369557463812
0.005108562195044883,0.01127198766016055,0.0020783699843923116,0.007993909641673543,-0.20415916356868266,1.3400936104812717,2.4632898007882558,-0.588562556911293
0.005107531635823459,0.011288465975997562,0.002101233164537734,0.007980465506862227,-0.20759099605147058,1.3562926806245936,2.454799416194857,-0.6060073275105101
0.005123108574353324,0.011332431173842056,0.002175684890523362,0.0079649007308269,-0.21843381931335557,1.406774800732072,2.4470833224150246,-0.6512732423791953
0.0051149164704890684,0.011318324205913569,0.002149364015398301,0.007966353820563614,-0.21461897310860567,1.3892589222454068,2.4469254218318137,-0.6369326385003437
0.005057482472351597,0.011160861836600457,0.0018813558599594731,0.008013264188569262,-0.17404545586607614,1.2089484985948895,2.468142099834418,-0.47567659140127067
0.0050670153770522655,0.011176103521810792,0.0019100163109249987,0.008013970419256607,-0.17844571868934977,1.2277519124200447,2.4698753192377882,-0.4908616242480209
0.0050675619355922625,0.01119175436196874,0.0019331584329117804,0.00800389975061211,-0.18215077936037416,1.2437117519563223,2.463849868893746,-0.5073029287754559
0.005071206889697817,0.011209200193863034,0.001960963095192458,0.007995998501645165,-0.18645140419350412,1.26260157983916,2.4595242876741987,-0.5253458792490059
0.005076559023129087,0.01122476325572437,0.0019872006060297023,0.007991208508303644,-0.1904723250729807,1.2802488064956437,2.457306300488758,-0.5412745708621163
0.005083544921921127,0.011238311227231422,0.0020116980445331694,0.007989591848361812,-0.1941422288268113,1.2965240258371413,2.457239631318149,-0.5549785951333178
0.005084352284537534,0.011254406189879733,0.0020353973099511338,0.007978915898626463,-0.1977969258058495,1.3129865185108782,2.45075538068777,-0.5718227214415355
0.005138207559909137,0.011435424658084,0.002331526193936195,0.007899276584884912,-0.23964854423028986,1.515770497600043,2.406754881608934,-0.7581267029976394
0.005145566187149801,0.011466335079121072,0.002379963411850835,0.007881557364399765,-0.2458975763585641,1.5495791049045866,2.395968145671197,-0.7899812048435056
0.005136437690357475,0.011451125688879774,0.002351520390893123,0.007884108398823357,-0.2421535494572413,1.5303810440183465,2.3965739214478954,-0.7743808754986939
0.005163014711662662,0.011530592561390711,0.002481703264010114,0.007845276947269072,-0.2585377634783621,1.6206697365839193,2.3737716411066674,-0.8560086729326598
0.005173455599521735,0.011573516396124691,0.0025479486169455814,0.007818254093056283,-0.2663018440884905,1.6673671025354189,2.3565867311038713,-0.8999589283446847
0.005160055794268758,0.011559558083847838,0.00251741080812895,0.0078159751776483,-0.2623842691707025,1.6470105049711126,2.353576278441929,-0.8853714171547199
0.0051512527889951785,0.011544721341861337,0.0024899497717804785,0.007819491515477952,-0.2590042672084714,1.628278355420149,2.355002522772377,-0.870098668062817
0.005158238526859619,0.01151468686492656,0.0024562126458384623,0.007853980732196555,-0.255448488380042,1.6028772950593326,2.379078976813366,-0.8396857741398537
0.005155408301590865,0.011498751729283146,0.0024323239066050962,0.007864746996449437,-0.25253360080255494,1.5860033174509616,2.385952084034801,-0.8233376904307967
0.005144772567639422,0.011483728948878663,0.0024028502455718036,0.0078657571201905,-0.24868466733461642,1.5661922856367314,2.3853945162003805,-0.8078789146186443
0.005228906804707616,0.011726780729233395,0.0027977145504642816,0.007732533150185736,-0.293021118965175,1.8430373951322812,2.3024889595240654,-1.0570333110761079
0.005258186314124394,0.011756745218142297,0.0028648575750641323,0.007734266805446277,-0.3004492863091379,1.8888575455305971,2.3066235085757807,-1.0896738135684219
0.005262144965340116,0.011771348217043,0.002887044434309857,0.007723521488519719,-0.30238311832516457,1.904809535368644,2.299274996125231,-1.1045419523039273
0.0052361239067457805,0.011741070646514216,0.002822808099526924,0.0077260139742729795,-0.2955467403815985,1.8606195623273118,2.2985348118693385,-1.0718478065901822
0.005243406182276903,0.01175276908174241,0.0028447451602175967,0.007722080653797235,-0.29777448579810206,1.8758858783918844,2.2964194364854174,-1.0841328856757817
0.00531432909562832,0.011863668760348165,0.0030551240100622217,0.00768203473257953,-0.31781350236477585,2.023438786739242,2.2740651181291587,-1.201952103159141
0.005320150032610205,0.01187822904540367,0.00307892026964273,0.007672305757964363,-0.3196538711986507,2.0405660928581604,2.2673901875297955,-1.2170217488160182
0.005326153074707945,0.011892917283657914,0.0031030109465988646,0.007662488610021073,-0.3214615643563757,2.0579102789816592,2.2606263674955787,-1.2322262272434525
0.005267096998641143,0.011786647265993745,0.0029110439391131534,0.007713004756473628,-0.3044954685082865,1.9220166366262823,2.292148613813657,-1.12019928884399
0.005271652127121804,0.01180259150107233,0.0029353345250687454,0.007701223709396454,-0.30651398931632107,1.939489733340551,2.2840282781833348,-1.1363911711457007
0.005278042167893941,0.011818303876806458,0.0029612055886299956,0.007691533241569484,-0.30874959527373785,1.9579286633013206,2.2775651384241473,-1.152571124284342
0.005284672794516935,0.011833419968980378,0.002986558450224788,0.007682580732717944,-0.310919756139911,1.9759795929382211,2.2716270295639625,-1.168196918149267
0.005291424390508386,0.01184799788941364,0.0030113513005062893,0.007674187044301809,-0.31301753875192323,1.9936280771566643,2.2660757726397907,-1.1833179992686238
0.00529801510580478,0.011861867776693416,0.003035086057281592,0.007666245460151444,-0.31498280169008014,2.01053863734173,2.260808789715883,-1.1977349779577082
0.005161150767347535,0.011590051105382424,0.002558259381197211,0.007789383433925714,-0.2667842808719864,1.676594065718333,2.335464473585949,-0.9161373430741852
0.005178506697376634,0.01162017740598898,0.0026133728784121604,0.007780614534907657,-0.27323794183607714,1.71443345986084,2.3312203604010056,-0.9471970870639144
0.005169468087095517,0.011604866592249331,0.0025851515963659613,0.007784905266846301,-0.2699867206335796,1.6950735753283566,2.3332511758728463,-0.9313933565487719
0.005152037823651844,0.011603416889418357,0.0025671298239791883,0.007766993590203679,-0.2672693497922046,1.6842452070495857,2.319053643787883,-0.9290031951967201
0.005169138371137076,0.011635812343678161,0.0026245952068861696,0.007755543417031102,-0.2738686637405426,1.723901552325909,2.3128049976393736,-0.9622094254086325
0.005179277791164607,0.011651671063755533,0.002654416688373133,0.00775162797046629,-0.2772409587296208,1.7443614416381712,2.3110753986562087,-0.9786209340833293
0.005187526101845633,0.01166826607660596,0.002683377242093875,0.007744754241917245,-0.28043066292485536,1.7644872002123775,2.3070671166911723,-0.9956620927437686
0.00519832719236368,0.011687337840420545,0.0027179342687430725,0.0077380785177913755,-0.28418691617578723,1.7883903626403068,2.3034177654087116,-1.0153624419467864
0.005203383447586592,0.011708587743616048,0.00274953414551461,0.0077227071192516586,-0.28724716763606645,1.8109278458419935,2.2930026524166496,-1.0367073113536822
0.005209619771460586,0.011725282621033542,0.002776501319795788,0.007712910045605749,-0.28990891263903235,1.829955845599317,2.2866151070201877,-1.053667441027683
0.005395636660119951,0.012096419118429803,0.0034129367116132424,0.007497171500473074,-0.3381388269213719,2.2831374655782217,2.139087859627109,-1.436867332943496
0.005402297377482241,0.012111312311953412,0.0034368738866081155,0.007485654080975617,-0.33915980012134544,2.300462881124879,2.13042255357059,-1.4519175249694476
0.005361961359417889,0.011980538476954574,0.003245402896590585,0.007600871176574225,-0.33101911455928773,2.1608170678003797,2.2171495861554207,-1.3225702704771984
0.005368286133141869,0.01199533280040909,0.0032695357503492867,0.007590249303294099,-0.3324668295501732,2.178291015503,2.209517918675178,-1.337803027053009
0.0053443702520402465,0.01193653928997473,0.0031746403144778403,0.007632886681932433,-0.32653181376252854,2.1095745243172668,2.240013458818986,-1.2773668228899975
0.0053501753977241015,0.01195104539410455,0.003198046262944569,0.007622482202488603,-0.32807428435735536,2.12651227710899,2.2326340429298686,-1.292297879270999
0.005355989947393831,0.011965711382316795,0.0032215778819442123,0.007611759407968014,-0.329548662313802,2.143552939237497,2.224970802934213,-1.3073537239026418
0.005328106080175554,0.01193464905364087,0.003153911622112457,0.007617557544372552,-0.3237532554332325,2.095894620353249,2.227007516665634,-1.2725237513963565
0.0053816877244184215,0.012024252686560944,0.003317754838257509,0.007570147325330409,-0.3352528597060731,2.213212549455584,2.1950647212260423,-1.3677715545967235
0.005387939093019478,0.01203872454138472,0.0033412471342857135,0.007559385487668991,-0.3365140501946185,2.2302728736954873,2.1871928216243517,-1.3826349588809388
0.005394074984458696,0.012053241412654958,0.0033645800095359973,0.007548301978945651,-0.33767476513366196,2.247221871670273,2.17902068291775,-1.397474905476994
0.005365122218882197,0.012022786127335037,0.0032963815436456282,0.0075544052313394955,-0.33251759975569567,2.1987120919382863,2.1816410647189888,-1.3625440799692825
0.00535774256132743,0.012008721749549795,0.0032720718771710277,0.007563282540278423,-0.33103531077569226,2.181222991137042,2.1879498691356862,-1.3478990999884883
0.005389218960881851,0.012081353145797181,0.0033890353933274226,0.007508999205868688,-0.33709529694409895,2.265828472483159,2.1479624617693425,-1.4216928521030674
0.005383374798008964,0.012066391332144252,0.003365861588984897,0.007521143260260541,-0.3360774944410197,2.249020306937865,2.1570748043279386,-1.4067182831377647
0.005377569760233235,0.012095582914265587,0.0033899018255218196,0.007479595053665667,-0.33547744449994893,2.2670583370572643,2.124360406436478,-1.4310587706695657
0.005321585499621855,0.011920567200365871,0.00313024787899371,0.007626507217449959,-0.32205998127865243,2.0789171738281933,2.233208696120082,-1.257958387917603
0.00531560628116531,0.011905774579454258,0.003106315369613907,0.007636696842045183,-0.32038389861500405,2.0617021983958264,2.240349834264632,-1.2428063476015117
0.0060010032726577735,0.013072059574748154,0.005025616993280591,0.0065423522868282786,-0.2892342162214045,3.4079582814616924,1.289318214059756,-2.3631124585396077
0.006010427194132746,0.013084827785968941,0.005045689000187147,0.006525880274418436,-0.2869881159679149,3.4201010997924723,1.2730626116275439,-2.372910211758526
0.006020074446379046,0.01309749461803117,0.0050660033754734565,0.006509579346109199,-0.28471607746471883,3.4324214512774405,1.2568767622734311,-2.382729714537204
0.006029949163239342,0.013109919535514597,0.005086535356873325,0.006493691677567185,-0.28243775976611324,3.4449705103574986,1.2409619271691745,-2.3925628822730256
0.006039818214118639,0.013122089835607156,0.00510688549713277,0.006478104382531825,-0.2801530116280104,3.457403334707734,1.2252720422149632,-2.402233015082691
0.006049334195317474,0.013134317423062584,0.005126528140472123,0.006462083058163128,-0.2778297679761213,3.469098991181005,1.2092590713004678,-2.411503422499388
0.00605863941284228,0.013146906492859376,0.005145773633415863,0.006445183352344635,-0.2754627504158705,3.4801725772527576,1.1925141955934053,-2.4205083988318723
0.006068242321720285,0.013159642726912437,0.005165452715377001,0.006428056824786391,-0.2730277999976857,3.491467704649484,1.1754808697387606,-2.4296225885109464
0.006095143295826466,0.013168785014895735,0.0052147977480512175,0.006426288036605693,-0.269596447991224,3.5314344048967556,1.1667203908567112,-2.452589713202595
0.006105115682762192,0.013181094167340132,0.005234907641076112,0.006409696271947989,-0.2670316268340566,3.5431985215742885,1.149865218481214,-2.461778176312339
0.006115148038339697,0.013193356215078384,0.00525499998652302,0.006393080584650068,-0.2644461391625421,3.5548803914531497,1.1329455975649412,-2.4708715589995376
0.006265249108838809,0.013345314763225249,0.005540703611702828,0.006185810874479765,-0.23109337932013926,3.7238501630507943,0.9136046012782338,-2.5933753052284785
0.006270293666143451,0.013330058657620061,0.005550028610511896,0.006216046236974281,-0.2255133212047052,3.7431882560378735,0.9318868198970579,-2.5997444108381638
0.006254692788335413,0.013333552744931773,0.0055211579657041205,0.006203212975316562,-0.23344408688065224,3.7136668196874534,0.9318430062154234,-2.5856857981961805
0.006259850365114011,0.013318324985389799,0.005530440604559688,0.006233480273811625,-0.2302020721418917,3.732790101902623,0.9502665205598122,-2.5920202435413593
0.006218447357971208,0.01327106398830183,0.005451675083673626,0.006302483052028376,-0.24106757774897533,3.6903463789899553,1.022555158729868,-2.559593444765384
0.006202803095347017,0.013274172966129818,0.005423183564381776,0.006289572625450311,-0.2475405895053713,3.661204481585521,1.0214748376019946,-2.5456633141148655
0.006228742374980061,0.013282927950127593,0.0054714361879163115,0.006285335284287911,-0.23899487726390103,3.701155032561202,1.0046916830672508,-2.567909399647338
0.006213096730435706,0.013286075064398025,0.005442869506017537,0.006272487263749092,-0.2445847394566318,3.6719818799426416,1.003745964895771,-2.5538931800701223
0.006239074616716287,0.013294759514952837,0.0054911487353619046,0.006268120803587023,-0.23655374125004722,3.7118136771170467,0.9866961326474417,-2.5760976601233634
0.0062234170964746175,0.013297963926845124,0.005462484010716123,0.00625530331650933,-0.24162948352196836,3.6825964899475374,0.9859265825556683,-2.56199884470745
0.006249443980966237,0.013306558565652453,0.005510815752246293,0.006250836848070699,-0.23367063080632877,3.722348898344612,0.9685509781566153,-2.5841389455409782
0.006233779587489566,0.013309841979061347,0.005482052592517955,0.0062380222739768275,-0.2387790901733907,3.693067142031334,0.9680131488076054,-2.569992930573853
0.006244201955181729,0.013321710470584397,0.005501605912585865,0.006220648146242815,-0.23601838649370774,3.703417818744093,0.9499886430124728,-2.5778881745450115
0.00612526484067642,0.013205566756395401,0.005275118461290036,0.006376461014833548,-0.2618121087443779,3.566518257679134,1.115977049080403,-2.479889530728114
0.006135488760111771,0.01321768903560497,0.005295299546163715,0.006359913197676508,-0.2591401076254223,3.5781610026716764,1.0990224804461866,-2.488850387989157
0.006145803966497571,0.013229696804025382,0.005315514416313535,0.006343474535860094,-0.2564940477167212,3.589796675611659,1.0821147188476044,-2.497743690407088
0.006156131466127405,0.01324163359576516,0.005335630496958105,0.006327028757516089,-0.25392352898355885,3.6012884740069864,1.0651637885488905,-2.5065078180150295
0.006166398233352008,0.01325357923558721,0.00535552661240958,0.00631040068521592,-0.25136958248101887,3.6124875499838693,1.0480339643779566,-2.515080349543379
0.006176636852209916,0.013265544897152445,0.005375259848543686,0.006293587934009991,-0.24873724627856664,3.623434786640186,1.030721834477962,-2.5234835543434433
0.0061869211273043465,0.013277474249077553,0.005394955729391464,0.006276725707992978,-0.2460330029582006,3.6342709506798356,1.0133302428819075,-2.5317790980672488
0.0060781544890863085,0.013172227617468056,0.005185520760185621,0.006411226400127228,-0.27056841728297615,3.503098767957147,1.1585952289740102,-2.4388299738939705
0.006270937052627861,0.013372214682062664,0.005551370294898366,0.006138933466469532,-0.22321492713666194,3.716655491334278,0.8704094661964238,-2.5942210053504997
0.006260166647493561,0.013360848880651553,0.005531751463702834,0.006155663797441736,-0.22598574134140684,3.70638934086914,0.8879863358166328,-2.5866676870466887
0.006312608399794681,0.013418574226927979,0.005626062700414071,0.006068566199488306,-0.21210647110642222,3.752762904070107,0.7972880466270286,-2.6214945452367746
0.006323246953614477,0.013430257519187529,0.00564482107325841,0.006050557840666687,-0.20897679532142902,3.7615270760959185,0.7785442566407786,-2.628067081235326
0.006317843808911722,0.013445689183632457,0.005633737362855503,0.00602058775517409,-0.20781519210805996,3.7409594086098186,0.7565951718252966,-2.6199609853282264
0.006328049470700502,0.013457951461112803,0.00565131790302129,0.006001288634574678,-0.20484419591008238,3.748052401541891,0.7371422916575391,-2.625651815119204
0.00628157828821908,0.013383556687839126,0.005570641950270498,0.006122062547559989,-0.22067184625933242,3.7265291315464215,0.8527060733600348,-2.6015158968789787
0.0062918741077024635,0.01339515292213059,0.005589158612194966,0.006104478525479064,-0.2180890802460369,3.7354733369152764,0.8344692454798129,-2.608318502634123
0.006302129782261583,0.013406868202736746,0.00560747134130683,0.006086538511071722,-0.21516977661707967,3.744043304212757,0.8159391924788969,-2.614890654531656
0.006266190008031836,0.013387277563789874,0.005542520856505085,0.006109763272894948,-0.22222265386601078,3.6988801373336204,0.8482664837099653,-2.5877790589434095
0.00597543900898564,0.01306195655657031,0.004978561421895777,0.006544323414738556,-0.291363385002855,3.370579505676098,1.2962990694343868,-2.3410206512356075
0.005984867804363823,0.013074592718311068,0.004998614155149964,0.006528344546991802,-0.28924093969210046,3.3828234898647733,1.2805824105883914,-2.3508411929358624
0.005964556245921113,0.013050784686237896,0.004956396931781896,0.006556778361367789,-0.29325879424695334,3.355783729869067,1.3092196335786561,-2.330265063523875
0.005953791686583744,0.013038673450620394,0.004934057255663903,0.006570759143222111,-0.29528606620207515,3.3411838792581636,1.32337472731358,-2.319322448074019
0.005943158749861847,0.013025336734947456,0.004911432558031032,0.006586746629120266,-0.2974455059552577,3.326776660402985,1.3391824296414825,-2.3080976632183723
0.005933960174930267,0.013011210856636738,0.004890836768500409,0.0066048162913036265,-0.2996730360441961,3.3144008537559384,1.3564680172461756,-2.2976482163850034
0.005916226671799246,0.012984936611742952,0.004851104940166222,0.006637631612024109,-0.3037066271762771,3.289874054463066,1.388002443367293,-2.277308341055033
0.005925093528158568,0.012997833474601268,0.004870940946964066,0.006621695577949266,-0.3017216968370869,3.3022321548461293,1.3726714375286233,-2.287471294526165
0.005897719002553725,0.012959289531998883,0.004809870431623142,0.006668345396079261,-0.30748566787085796,3.26351410466459,1.4177208743783718,-2.256076923849952
0.005907048025135961,0.012972200863145038,0.004830701466369471,0.0066529606290065485,-0.30556674814355184,3.2768628134902875,1.40285730305812,-2.2668178191474078
0.005850241656640793,0.012839209779175464,0.004675479196000529,0.006833822557246926,-0.32372069572976286,3.1880193566696415,1.5683382507953094,-2.1784851955303925
0.005876868737625149,0.012878502304399,0.004739101459869166,0.006788432092720828,-0.31850424744475797,3.230731132646397,1.52506510903799,-2.2132719858679644
0.005859024501904116,0.012852295851351059,0.004696631652111357,0.006818784489683452,-0.3221365922716988,3.2022737891881063,1.554043552171077,-2.190120272222696
0.005867848974706771,0.012865442243568725,0.004717778091726355,0.006803537282606377,-0.3203770568656972,3.216445292940453,1.5395179578797433,-2.2016998017366336
0.005833820642073797,0.01284082969069659,0.004649419083713143,0.0068189636312866045,-0.32343186730468737,3.164544917596539,1.557799556627707,-2.167567579998001
0.00582500428563345,0.012827869459747765,0.004628288668047119,0.006833520603312747,-0.32496416939967326,3.1502846752064957,1.5715467482447296,-2.1559840343103573
0.005797676715546451,0.012789037297068382,0.0045629439822798675,0.006875595863944967,-0.32925118173958534,3.1054810624224842,1.6112493967991666,-2.120086795907714
0.00580701035043494,0.012801938231018384,0.004585153385630502,0.006861956627645727,-0.3278792656936043,3.1208445142872567,1.598370207604351,-2.132272117875365
0.005816157022534866,0.012814830241116862,0.004606970312548374,0.006848042734534651,-0.3264482268503963,3.1358288882221017,1.5852272300607995,-2.14424447820813
0.005746576610262735,0.012708305343240063,0.004433636985740032,0.006963546096512383,-0.3370057687584665,3.016737415079195,1.6923316741858845,-2.0467709784248327
0.0057546345998698316,0.012721442109406268,0.004454516747495093,0.006949378399997974,-0.3358559415710043,3.031161311333016,1.6793963526523188,-2.0587737729823306
0.005788451376969224,0.01277583303121436,0.004540653020370552,0.006889657628194675,-0.3306097355432931,3.0900971563923623,1.6244340445950523,-2.1077543393202416
0.005762631447881095,0.012734867850532685,0.004475378534129365,0.006934570189626816,-0.3346010089589482,3.045440564119097,1.6658736296309604,-2.0707859543443288
0.005770834205763995,0.012748571419012164,0.004496626580593892,0.006919348692175003,-0.33331188083184543,3.0599266744968676,1.651926054849527,-2.0829705513132146
0.0057794228850706975,0.01276232144027664,0.004518409191199935,0.0069042147817933094,-0.3319612820346321,3.0748016510367293,1.6379771792518947,-2.095321999694459
0.005869257098003423,0.012893652805932717,0.004733687710238078,0.006757854978306554,-0.31678480515797286,3.2204589805974417,1.4998584211255777,-2.213353902321279
0.005861819453967708,0.012908999240479307,0.004728485667197045,0.006727236269709628,-0.3143697791135571,3.210623402045098,1.4743161272425354,-2.2134527397648145
0.005881034450391996,0.012933195324781198,0.00477106081401003,0.006700499304043094,-0.311147725023736,3.2391787155267235,1.4482350274426647,-2.235595354845558
0.005888829786545619,0.01294619765627463,0.004789593633797451,0.0066841895096841015,-0.3093211935187526,3.250620997820825,1.4328946623220398,-2.2454689172053217
0.005865598850227304,0.01293348211014127,0.0047456270811796365,0.006689449033258537,-0.3109463747879226,3.216882930445741,1.4411600237510571,-2.2243876934555673
0.005855339250418277,0.012924045606070973,0.00472458022457864,0.006697954408338271,-0.312185939401358,3.201964961899917,1.4500559915904996,-2.2138747026268004
0.005614610140343906,0.012491343408651741,0.004077975656834778,0.007178845775720433,-0.3493638982626573,2.7647037484579235,1.8834451098876952,-1.8384346373653704
0.005607063328418885,0.012477444895153211,0.004055791457404741,0.0071921985084405565,-0.3497868322160247,2.748811738294114,1.8948649094856849,-1.8249810285996946
0.0056043676869822,0.012505466342465231,0.004074226224919461,0.007148964986254921,-0.34696029750744817,2.7598750570209174,1.8583083627348886,-1.8428654120037926
0.005611735984731356,0.012520056239591855,0.004096373344934435,0.007134257913355005,-0.34638903473338684,2.775499140640765,1.8457042293214039,-1.8563920591941148
0.005730353993548406,0.012709428533459037,0.0044089228631218275,0.006948630017697541,-0.33581248507320344,2.9956550918046663,1.6807194689057463,-2.037165489381485
0.005721350325371181,0.012697207310064691,0.004387172137075428,0.0069603689001574405,-0.3367143509429747,2.980312893028795,1.6915413487060575,-2.0251073023070387
0.005720660728423991,0.01266914421884062,0.004367895169717989,0.007003400592002502,-0.3400984401038643,2.9705532031382025,1.7287129011542974,-2.0093372128941804
0.005712139063445593,0.012684327480674005,0.004364614479520085,0.006972823240901315,-0.33763216795629103,2.964428267055894,1.7029428542543223,-2.0125170347715664
0.005696004980424871,0.012627832331433062,0.0043018812317443264,0.007046345642408101,-0.3430251150494588,2.9243253497315416,1.7672552121061054,-1.970762417052746
0.005703922736068411,0.012641586830742674,0.004323509550703691,0.007031947304585901,-0.3420826118575668,2.9394673553890196,1.7544003513055217,-1.9835230729468833
0.005712072523706789,0.012655487082241299,0.004345493791175579,0.007017376037721232,-0.34108615471763915,2.95482652572122,1.7413390483302338,-1.9964101890219403
0.005679403642224127,0.012628478507593882,0.004276980520542521,0.007031253510243499,-0.34158328684003797,2.903632684945398,1.755195840952478,-1.9614488569386752
0.0056705019058003155,0.012615556041298603,0.004254461545140083,0.007043307026575443,-0.3422722483398207,2.8876307002006034,1.766001182479372,-1.9486666675377846
0.005654830130567225,0.012587413893421672,0.004210765599653218,0.007072278069209432,-0.34390103585426585,2.8570870142880196,1.7914922698747688,-1.922741918580481
0.0056615608188490376,0.012601786354169087,0.004231213242197881,0.007056462038849396,-0.3429933883740914,2.8711723961405275,1.7776939706815418,-1.9353006002836064
0.00563938058954315,0.012586159595021365,0.004186743651353507,0.007060814545319936,-0.34269840571232774,2.8377201583868024,1.7825224472579067,-1.9133226856604808
0.005630230875984525,0.012575600209216189,0.004165455375460419,0.007068628074378723,-0.34295839163537395,2.8223077257004583,1.7895621196368994,-1.901793231407687
0.005620143004219113,0.012563043963669335,0.0041412909052405585,0.007078464913856786,-0.3432511909090738,2.8049120365026887,1.7983141091839545,-1.8885001720707264
0.005610789952514103,0.012549621709268537,0.004117523347937598,0.007090069069174265,-0.3436476268653748,2.7879675741797594,1.8084789967803643,-1.8750299699231479
0.005601551149471889,0.012535718523032225,0.004093499086931053,0.007102324012965406,-0.34403935663174096,2.7708739926958192,1.8191422533553523,-1.8612660164775876
0.00817976545181071,0.014703378277404712,0.007686329911754236,0.0029745969745355537,0.19907478770021503,3.3660229924797562,-2.064041317020045,-2.105033897179854
0.008194795429776447,0.014709102411325758,0.007695934136049896,0.0029501312528858775,0.20085142883515908,3.352443389831468,-2.0811275238319014,-2.0915944704665836
0.008135919825567198,0.014685318795388244,0.007659462651456347,0.003047304792318481,0.1939938606246819,3.407178499559612,-2.0138227396261112,-2.144774155699102
0.008150426030189022,0.01469120336143178,0.007668668084825399,0.0030234259140729945,0.19573100842660737,3.3939563626265694,-2.0305993886199754,-2.1318644258314445
0.008164973000282367,0.014697311602948503,0.007677398198190182,0.0029991541928920877,0.1974112173210225,3.380066668909413,-2.0472271187667133,-2.118561432080778
0.008123109892577028,0.0146957931041792,0.007626505260869239,0.003048185913246951,0.18923612252977587,3.3865142398049684,-1.9948582068794474,-2.1395893151306993
0.008108012488068347,0.014691231649286823,0.007614262246518128,0.0030707530667795704,0.18707030080196485,3.3966100416107596,-1.9770105951000183,-2.151019201197569
0.008092252827280533,0.01468609586399818,0.007601897181790826,0.003094689494703897,0.1848462667971509,3.407646770962575,-1.958388090978511,-2.1631477212705437
0.008077677795271649,0.014679187520754651,0.007593648607105139,0.003119551400984119,0.1831981687801647,3.422012384543651,-1.9415502981349662,-2.1764657325343317
0.008212088754868549,0.014730365470467,0.007683015266354304,0.0029038069088977085,0.19969937632677545,3.306781105253666,-2.0955684223969935,-2.0609493328157558
0.00819698455887547,0.014725935877038741,0.007671546698381612,0.0029267054252090437,0.19769934060720443,3.3179577919278542,-2.0783180108057233,-2.073209756331309
0.0065578881977292405,0.013665349058725457,0.006031354072842942,0.005664088213592177,-0.14243280531792576,3.9177349666795647,0.3722988771178551,-2.7386443697681986
0.006592120923525224,0.013697657070109996,0.006083484543884347,0.005606801918944968,-0.13279212866009024,3.9336439359364648,0.3123063472223076,-2.7490574726470673
0.006580652562979235,0.013686816216539577,0.006066163524591127,0.00562614575616057,-0.13613439138700242,3.9285874857231913,0.3325082162117565,-2.7457656283855827
0.006569283254703542,0.013676032026738318,0.006048867981670938,0.005645272265350391,-0.13932328668193705,3.9233640203028948,0.3525139517402885,-2.742334475955015
0.006542141464777998,0.013670694996928542,0.006000360613276595,0.00565259479805133,-0.14529502714677187,3.8870078155889067,0.3720834996434698,-2.723457324774298
0.006530449873396031,0.013660311480712187,0.005982141013104183,0.005670534302399462,-0.14851078812328147,3.8803443158553237,0.3912197288443236,-2.7192005907920502
0.0064621127248526465,0.013594100520211613,0.0058746686663513565,0.005782964817163253,-0.16767057490175874,3.8423703068382413,0.5087385877104668,-2.693214014479469
0.0064391480390192345,0.013572256494360136,0.005837408732063932,0.005818966248354308,-0.17399067347007002,3.8272402890203874,0.5468624704852428,-2.6828761612176444
0.006450594866485574,0.013583270612919718,0.005856013274756769,0.005800855215689024,-0.170832247064953,3.8347751326944324,0.527736149606476,-2.688065355675923
0.00651867444322253,0.013649625197072773,0.005963740483225181,0.005688892661434232,-0.15175461942391663,3.873651074724273,0.4107028947101034,-2.7148511650344846
0.006484874246481829,0.013615676684197867,0.005911123988232493,0.0057469010400953945,-0.16134342386215897,3.8565094566202816,0.4706305943742501,-2.702807278386155
0.006495845398168919,0.013627061858652386,0.0059282364019814715,0.0057275173271957225,-0.15820071333953667,3.861942549938227,0.4507446594055198,-2.7067417711072945
0.006507043520063032,0.013638533869512519,0.00594560189859284,0.005707886692572953,-0.15499632187917042,3.867381177762512,0.4305868187135557,-2.7106290698257074
0.006469091548575453,0.013620424160605507,0.0058807846774682196,0.005735674842001,-0.16339691373898949,3.8269372230419996,0.4694722744733431,-2.687907520867047
0.006457491878178245,0.013610280269925239,0.0058621264409675,0.005752393709652256,-0.16646233937797947,3.8190389500595363,0.4874962921963765,-2.6827674253981866
0.006587394769478123,0.013713887473490123,0.006068565286117051,0.00557640817196754,-0.13256124052109605,3.906964012378122,0.2930962995616637,-2.736640693826778
0.006599372361944594,0.01372471831049056,0.006086492987998525,0.0055570433842527375,-0.1292311619968098,3.912296891634064,0.27280290703435367,-2.739968094103545
0.00660762905030163,0.01375099912642587,0.006091072478437965,0.005508942997721487,-0.12514032432942565,3.8929175225785673,0.23404490227406496,-2.731387757889742
0.006595136938345529,0.013741266064882907,0.006072092610659882,0.005526355035157612,-0.1284272660118115,3.885996969402617,0.253070486753522,-2.727408670831757
0.0067186747391408735,0.013829121272869387,0.006259013590013061,0.005363697857139561,-0.09626574045333645,3.955566555659697,0.0708955695535927,-2.7647093798156614
0.006730367988530356,0.0138392398359082,0.00627523352297413,0.005344309294926054,-0.09307581712571188,3.958558595793099,0.050898968048332584,-2.7661787587629862
0.006742211202699141,0.013849441131943696,0.006291548705542184,0.00532464448252884,-0.08982194155043895,3.9613961678121505,0.030654746330910084,-2.76750905981766
0.006653900961295262,0.013795686870559513,0.006156392116811964,0.005427414173772945,-0.11219975214428103,3.905472429297262,0.151714156126183,-2.7392636786676214
0.006666104694985885,0.013806156835217546,0.0061738411189215135,0.005408023166560965,-0.10889737649136304,3.9097656253889608,0.13152242496584074,-2.7416408534400585
0.0066785094280996,0.013816326972065146,0.00619166693011279,0.005389049103721648,-0.10558040448397653,3.9144831967037184,0.11151343899527259,-2.7441647737010406
0.006691055545257099,0.013826022839483101,0.0062098566998187886,0.005370807788330088,-0.10226981503357253,3.9197785817184063,0.09192358712391661,-2.746911234244358
0.006703270947313523,0.013835159741581192,0.006227604723987332,0.005353475607455346,-0.09906050941105661,3.925106710521408,0.07313211208224256,-2.749611447338197
0.006641743806407338,0.01378496876208187,0.006139003958411227,0.005447133774073126,-0.11551189673478335,3.9013032965175367,0.17212214476631268,-2.7368820517953085
0.006629605305184998,0.013773736123031581,0.00612173244760044,0.0054676723744445065,-0.11888887004579929,3.8975346061224054,0.19310247696982982,-2.7346239668623977
0.006618955854221101,0.013761695897272818,0.006107386485648888,0.0054895981215236705,-0.12199479337956638,3.896683911231689,0.2142620891364028,-2.73375098123137
0.006383334180968664,0.013514581844963345,0.005745572549835528,0.005912654712062863,-0.1896899978107949,3.7906674050564235,0.6442076478348762,-2.656398003301359
0.006427727324498839,0.01356107885886823,0.005818762297712638,0.005837251065267303,-0.17715437060594372,3.819668445343741,0.5661029853680478,-2.6775971892850805
0.006394125007763891,0.013526214783454803,0.005763507655682899,0.005893907340862082,-0.18660081338628196,3.79779058408162,0.6248989437732558,-2.6617124365805847
0.006405054933271717,0.013537995792943213,0.005781534046689927,0.005874797340460605,-0.1835021730922062,3.8047535227628906,0.6052419742617369,-2.6669106302868877
0.006416291474337148,0.0135496846831345,0.005800003426253644,0.005855797837100257,-0.1803317363308122,3.8120375355206293,0.5855438072406485,-2.6722090918273866
0.007619334098150768,0.014428804162623599,0.007286853473606539,0.00391698204816366,0.11724225485995464,3.823651185848803,-1.3435972384859125,-2.5481317586046432
0.0076332061768896835,0.01443623964429319,0.007299079836586001,0.003894152707538663,0.11975428773085874,3.815581438800489,-1.3633814140666995,-2.5397198605759645
0.007661036109092284,0.014451123980570657,0.007323156311931083,0.0038481452698348006,0.12491875443213389,3.7986895482173533,-1.4028395365075588,-2.522322716965979
0.007647075859079341,0.014443742275073203,0.007311051470427266,0.0038711349149251058,0.1223131966120684,3.807111797386401,-1.3831103194259151,-2.5310434166813525
0.0076055134295051246,0.014437972301321239,0.007253417896872426,0.003913519847915736,0.1121041532543008,3.7971925409683394,-1.3286096941355379,-2.5380655849483875
0.007591457954454356,0.01443092095883601,0.007240249851108515,0.00393560056262869,0.10939461100490933,3.803906959141432,-1.3088417155250056,-2.5456898764273213
0.007411797678086629,0.014329838874641815,0.007071036102400265,0.00422677045378445,0.07357843804258303,3.8885731023490213,-1.0473796564599722,-2.63809673067214
0.007425509784586395,0.014337963338367489,0.007084429892907204,0.004204450468902531,0.07643592480550675,3.882872353681075,-1.0678199547663498,-2.631751655601891
0.007439300723271559,0.014346025399571612,0.007097863587181602,0.00418208470807234,0.07929241359906102,3.87708527265703,-1.0882783483308363,-2.6252896571785276
0.007577388654770595,0.014423648088701916,0.007227182324501806,0.0039579430093552,0.10669033071242183,3.81080985715093,-1.288937889758161,-2.553370220211377
0.007563401595450101,0.014416119536487639,0.007214405132100684,0.003980531348445429,0.10401194830341216,3.818025658874319,-1.2689980001407324,-2.5611469253280643
0.007549528791693139,0.014408383217129147,0.007201905216217302,0.004003271497837694,0.10135655079837565,3.8254761331028457,-1.2490684432619978,-2.5689698777720626
0.007453196076234817,0.014353941342517497,0.00711147671237398,0.0041597907510341125,0.08216210103618221,3.871398056160696,-1.1087471654109358,-2.618804809503553
0.00746716905042243,0.014361586577833055,0.007125374035691773,0.00413778548458854,0.08505017516296752,3.8660425198556676,-1.129142698377042,-2.6124290242648374
0.007481131285953746,0.014368999306106875,0.0071393720565611956,0.0041160621663368585,0.08794368769528126,3.860882137791109,-1.1493852835706801,-2.6061107048614844
0.007494929933780879,0.014376506666303537,0.00715283710819424,0.00409419635212125,0.09076591113994635,3.855153176033109,-1.1694365665511801,-2.5994770345693077
0.007508524196700846,0.014384381472970094,0.007165373479528954,0.0040717859371108235,0.09345680566012388,3.8482770881776003,-1.189342966301149,-2.5922285557734104
0.0075357594943728625,0.01440048880945114,0.007189601219268219,0.004026098118844335,0.09871735271177538,3.8330547663063457,-1.2291461416864495,-2.5767855971813187
0.0075220908206724635,0.014392464753230015,0.007177451751042094,0.00404897305297055,0.09608605312116048,3.8407017861637445,-1.2092309338113407,-2.5845633604150624
0.007703226350559696,0.014489801220278153,0.007336831473596266,0.0037531482623267376,0.12963624237757895,3.737576295543804,-1.4648859185815877,-2.476794388589186
0.007675251470392336,0.014474831595255472,0.0073139482699750786,0.003799683714801907,0.12480900104636523,3.7561790692836037,-1.4262339618347113,-2.495389993452528
0.007689126909441909,0.014482379542145693,0.007325218073227364,0.0037764547436161633,0.1271953602589199,3.746816091365058,-1.4454774735032954,-2.4861160624160905
0.007661236094848551,0.01446765125113101,0.007301813593682856,0.0038223829423793374,0.12227749966130812,3.764457392252097,-1.4068138642044843,-2.504080225930206
0.007661561322692714,0.014483883073338892,0.007281062388523485,0.003797166583866671,0.1202856622410065,3.7311451288924147,-1.4110263780826466,-2.485960726775044
0.008048346404923652,0.014666961464573683,0.007573930840315826,0.00316720614301893,0.1794027764472599,3.4469118237501832,-1.9068989590147252,-2.2010808926084766
0.00806281430848174,0.014673118070632964,0.007583548976989576,0.0031435700173336896,0.18127674067231145,3.4344981930789547,-1.9240107977711285,-2.188896509620745
0.00801939234599465,0.01465466890764655,0.007554138946840583,0.0032142647441465934,0.17558049857200855,3.471068968905034,-1.8722803269162205,-2.2249955957403458
0.008033666430473582,0.014660998074889362,0.00756356999909305,0.0031907425457547065,0.17744425957339274,3.4587321065262358,-1.889342342355956,-2.21300846950178
0.00799020151751215,0.014641938895889248,0.007534018505150542,0.0032618743780099776,0.17165376051038184,3.4952233746925283,-1.8369806939271023,-2.2488342947127933
0.008004525342955064,0.014648561101175765,0.00754341023245364,0.003238042842328478,0.17353135575993553,3.4827264295067315,-1.8542905186205407,-2.2368254505679075
0.007960328167334668,0.014629133415059371,0.007512391911215609,0.0033099883054414,0.16744209023881093,3.518550277707527,-1.8003754669459955,-2.2723237535279384
0.00797502873927382,0.014635743034701427,0.007522662370217777,0.003285932252063376,0.16947129690855245,3.506571728715928,-1.8183948083899708,-2.2605298597380497
0.007933216728175787,0.014615004664126286,0.007495848402814131,0.0033568530237664753,0.1639508862125121,3.5440415544191772,-1.7669522359011955,-2.2957670102283063
0.007946309756360638,0.014622248048536214,0.007503298224678614,0.003333665155082445,0.1655737430520157,3.5309824067345192,-1.7831068970209751,-2.28407149938895
0.007920062059826719,0.014622864106319976,0.007466061320009129,0.0033590322414288913,0.1596948910292043,3.525972497471149,-1.7497007508303777,-2.2909804056100684
0.007906396004917758,0.014619726222995077,0.007451640444492663,0.0033768574811504667,0.1571833078065872,3.5301606500487392,-1.7326011909755301,-2.298085701703506
0.007891059249660564,0.014615222964078472,0.0074367540042318036,0.0033981066239130455,0.1545411667501337,3.536623190813246,-1.7134300443461516,-2.3069383723301704
0.007849230527911739,0.01459109108849314,0.007412237806373981,0.0034722592529195704,0.14911874049514423,3.5770242545400643,-1.6608173222731586,-2.3429872494272304
0.007861734897161334,0.014600521096649,0.00741657359867146,0.0034470012295675953,0.15032417487303706,3.5606382403437435,-1.6766865111157252,-2.329939154061804
0.007875722595607723,0.01460873013493144,0.007424576265212903,0.0034220297361994083,0.15220390426949773,3.5468721612431433,-1.6942540887426254,-2.3177563540956005
0.007834154170208723,0.014588039587051328,0.007395039896118403,0.0034908004629560546,0.14607416114659347,3.5796168106020154,-1.6417220953755554,-2.3494957626877615
0.00781931092725723,0.014582871499172116,0.007381033756306494,0.003512020761975788,0.1435434617893507,3.586311262097705,-1.6228481974169717,-2.3580563136413457
0.007804505665030492,0.014576106076862792,0.0073691636030851345,0.0035353992871465525,0.14118597514316275,3.59601638036002,-1.6038840666724494,-2.3681756868279007
0.00778988001391714,0.014568765691037655,0.007358180237431954,0.0035593586502065144,0.13893512786101322,3.6066970030607557,-1.5850195758638386,-2.378716515548771
0.007703607375430493,0.014506864132509711,0.0073146077035675374,0.0037269628540249774,0.12741366801888912,3.7024782904097635,-1.4685405664246503,-2.45774259877455
0.007731900832713511,0.01452009582694277,0.007339335435809973,0.0036826733156744185,0.13235291682901315,3.6865037876291074,-1.5064582479024382,-2.4403147591533645
0.007745770450216236,0.014527769133777686,0.007349614345629879,0.0036590647943531775,0.13454352047368276,3.675898031961897,-1.5250860032394729,-2.430214778533252
0.007705004895834623,0.01452346990236281,0.007294568218109618,0.0037008167788513883,0.1254921467731485,3.6691806235644684,-1.4731709383883427,-2.4392804623287496
0.00771869211753913,0.014527380017856088,0.007309792332428666,0.0036832421558063697,0.1282297752562825,3.6665861568366247,-1.4909107713687477,-2.4336714095717427
0.007774894150312309,0.0145610891566154,0.007346955917279075,0.0035840533398733914,0.1366140333571778,3.617697821959793,-1.5655753511743917,-2.3895013659511157
0.007759454414743766,0.0145526698203699,0.007335889344185001,0.0036101602679898966,0.13417920788040313,3.6297863348682564,-1.5453791756261943,-2.400967443479366
0.007747166831413674,0.01454315056851887,0.00733076604934311,0.0036350315386196445,0.13276563026471017,3.644912046471493,-1.528862354131404,-2.4130328573893953
0.007370743420991023,0.014305182568392312,0.007030341918776104,0.004293560023644414,0.0648890326728907,3.9046724298431363,-0.9857583385707459,-2.6562625951005585
0.0073965926489651035,0.014339684644743998,0.007034836361422293,0.004220229879106245,0.0689962425786438,3.857437000868036,-1.0347140955928593,-2.6246005850476766
0.007382837543160975,0.014331451659065048,0.007021348946644077,0.004242445617300478,0.06613094897793788,3.862870485182249,-1.014372151728433,-2.630704689283499
0.007369048361056083,0.014323164867068708,0.007007704263330301,0.004264672375484811,0.06323653050619076,3.8681122205783542,-0.9939221842012643,-2.6366618659980223
0.0073435072225956355,0.014287983686455376,0.007003460657017576,0.0043387845042570814,0.05906480818607609,3.915650536410902,-0.9442146170874294,-2.6682194494146096
0.007357021068909411,0.01429673892954196,0.0070166392377187655,0.004316022359153293,0.06195457117569695,3.909905729572475,-0.9649755547268967,-2.662151403015686
0.007330186995145677,0.01427914515449791,0.00699053235663315,0.004361479698940653,0.0562288219136342,3.9214574174082784,-0.923571762193424,-2.674229464264314
0.007316899844239932,0.014270448546210963,0.006977342545520643,0.004383826164496979,0.05332688333067226,3.9267402744439397,-0.9030111940578404,-2.6798992099937524
0.007290738008699057,0.01425310216281648,0.006951132181111722,0.00442793218115274,0.04759313596774045,3.93678101634134,-0.8622607629909352,-2.6907213903069285
0.0073037190683274454,0.014261773656631402,0.0069641491998971294,0.004405982751224595,0.050463493673859945,3.9318075550346463,-0.882540934802094,-2.6853806198296897
0.007251080619664101,0.01422823092566658,0.006908763916120241,0.0044916396705666555,0.038607839518311184,3.947263687857781,-0.8011904859173953,-2.704193908740896
0.007264569632764957,0.014236369084098442,0.00692365415409999,0.004470623567089822,0.04171246171038032,3.944580826340635,-0.8217592776228643,-2.7001386141655015
0.007277786321335408,0.014244582495848784,0.006937852785561367,0.004449516039954909,0.04472378125879864,3.941231458670432,-0.8420681660967998,-2.6957253945989126
0.007173640352923685,0.01415859588594016,0.006842059284275662,0.004650173201386481,0.021769716975322897,3.9998981553775756,-0.6652519084984759,-2.7462977098484633
0.007121696084707156,0.014122737285816549,0.006783283943561755,0.004735793708732501,0.009054795860423492,4.009064939583461,-0.5812954303740434,-2.75947445034501
0.007134580289436484,0.01413182813978315,0.006797913182850939,0.004714367295591832,0.01218347918483022,4.006842784237352,-0.6023042633312529,-2.7563105959745173
0.007147515105202306,0.014140906029306559,0.0068124887655319,0.004692839269284345,0.015389724570764785,4.004423840840701,-0.6233430212445333,-2.7529802141775783
0.007160562532922246,0.014149824763705346,0.006827254924507192,0.0046714371180520894,0.018633098256260444,4.002145722797902,-0.6443447828548489,-2.749659027447656
0.0072374498600664,0.014219844696080336,0.006893730060784476,0.004513042676780742,0.03546725734336265,3.9500119451057683,-0.7802896443096649,-2.7082588547649316
0.007210539493003386,0.014201988592462403,0.006864872094778291,0.0045572129840560265,0.029277323490878315,3.9570683161487055,-0.7380608879685805,-2.7170016816571727
0.0072238399010504705,0.014211115479738455,0.006878918406794395,0.004534913992673904,0.032335290515257686,3.953152484273047,-0.7591604883690644,-2.7124771510793892
0.007197546991134596,0.014192747272896362,0.006851307987012064,0.004579463421851455,0.026305431100790037,3.961233137630543,-0.7171730954405434,-2.721551943595261
0.007171907298272589,0.014174792783702204,0.006823795570675239,0.004622602692320273,0.02030044718668147,3.968111963165026,-0.6760811965266793,-2.7296557462327615
0.007184725412517585,0.014183653166475255,0.006837737409506936,0.004601285302965985,0.023305737586291776,3.9650206900259914,-0.69654885633616,-2.7258169991568617
0.006915747701347961,0.013989567687618784,0.006520713804834166,0.005041092969952184,-0.043502666685122066,3.987848367860224,-0.2601700259723521,-2.772696178043518
0.006903261498206507,0.013979731331739515,0.00650501912728714,0.005061801094859153,-0.04675837928670946,3.987339980120822,-0.23926931707621,-2.77343261938187
0.0068908260710844145,0.013969779732876714,0.006489348097263359,0.005082595302430722,-0.050033106868225756,3.986809985527557,-0.21830967868034354,-2.7740944029133217
0.0068782576755973815,0.013960155821320484,0.0064730632447683595,0.00510270732446779,-0.0533338342714651,3.9853104375719064,-0.19762659719923525,-2.774206109443164
0.00710690128857878,0.01413002625766508,0.006750634371776468,0.004728872556149462,0.004709495850808027,3.9794209242045397,-0.5723170246161419,-2.745992493013411
0.007093942328995125,0.01412097753708233,0.006735707310242769,0.004749961137424384,0.001539633980328873,3.9810854772884254,-0.5515205973050691,-2.748772393067919
0.007055214857894725,0.01409351224393835,0.006690565264677317,0.0048130876565669126,-0.007978876831523695,3.9851823984188925,-0.4890194972495318,-2.7562862136331034
0.007067948504899939,0.014102652690997905,0.006705463735017452,0.004792244272090567,-0.004847529114776508,3.983914414214619,-0.5096629553545631,-2.7539126422420606
0.00708092277302665,0.0141118118457116,0.006720624394749567,0.0047711715529000645,-0.0016447358509045667,3.9826176099742523,-0.5305623208656706,-2.7514359585427264
0.00701423239389733,0.014083863597664127,0.006625676747774682,0.00484420398000258,-0.018053832197046652,3.953805313612143,-0.4414687516361207,-2.7446304297579682
0.007040512650876434,0.014100763696398568,0.0066584087464180925,0.004805385625957435,-0.01156966003075341,3.955554763188569,-0.4816811500355686,-2.742311702822248
0.0070276052150990516,0.014092592692725295,0.0066422915837553295,0.004824282178205511,-0.014753182993395272,3.9546029437469694,-0.4620293484974027,-2.7434278010104536
0.007000748747371172,0.014074537831081499,0.006609203907033112,0.004865095960913461,-0.021393304687919168,3.9536146181270335,-0.42027994737577284,-2.746114967788271
0.0069753840931332306,0.014053480474396068,0.006580527407726549,0.004910327664187162,-0.027777964287539213,3.9582983047806564,-0.3770950916957621,-2.7514316730237494
0.006987285821779747,0.014064525877132037,0.0065931549780725756,0.004887079285413221,-0.02478520102329665,3.9543081266872586,-0.3984832619301138,-2.748010161889597
0.0069261630543371745,0.014015014026842222,0.006521187252135575,0.0049926276156066355,-0.04026759286155724,3.960201395661963,-0.29559613157879566,-2.757277736634611
0.006938574505359726,0.01402473305462689,0.006536355007231221,0.004971996518710297,-0.03712770950248633,3.9600800161523906,-0.31615062171680064,-2.756073839627055
0.006950776257062024,0.014034586842195829,0.006550898844187486,0.004951074601385886,-0.03400903572606528,3.9592203135454764,-0.3366639633821067,-2.754445685812278
0.006963319927771573,0.014043632047342177,0.006566520856638089,0.004931402761517926,-0.0308282285338756,3.959846341458895,-0.35667793676441834,-2.7535176926836153
0.006913096006479022,0.014006503229663002,0.006503826142411372,0.005011133559516934,-0.04357922148167911,3.9573017887678907,-0.2757905916388077,-2.7568906880977795
0.00673796083947259,0.013865518049103971,0.006274986735281605,0.005295518119071079,-0.08967289202978317,3.932860715614473,0.013985530021023646,-2.7532809540012226
0.006749657579741328,0.01387601605726843,0.0062905434154873485,0.005275283742100285,-0.08647250144220063,3.934608472552455,-0.006332169998554169,-2.7539648505740613
0.006865663781934363,0.013950556551696856,0.006456572774581872,0.0051226613165488355,-0.056651704238899085,3.983472605334059,-0.177001987850488,-2.7740866294886897
0.006853198015745923,0.013940559463532084,0.006440436093586361,0.005143198100804888,-0.05995022930757927,3.982155207662537,-0.1560792842630332,-2.7741655223122894
0.006816122679640085,0.013910455683537687,0.006391804806403031,0.005204265215768681,-0.06983356606053437,3.9771708166951902,-0.09365839309928181,-2.7734876898669505
0.006828398320148228,0.01392041639379508,0.006408056819887327,0.005184174111182234,-0.06656356800217812,3.979104728440426,-0.11427897540458963,-2.773918450951497
0.006840763633036858,0.013930461813811698,0.006424274819758681,0.0051637972312565845,-0.06324866280771108,3.98076047027253,-0.13510042106474326,-2.7741413979880423
0.006800687566983855,0.01391684769638338,0.006359717636784265,0.005194816785822116,-0.07293544414795887,3.946473855232885,-0.0897108106214553,-2.758439456252684
0.0067875969321955195,0.013907792555404917,0.006341348421651161,0.005213069936138786,-0.07632309823413395,3.9417912115618505,-0.06986549631962534,-2.756552178145304
0.006773979800018326,0.013897930830201225,0.0063223716319015634,0.005232717243643394,-0.07987406363859062,3.9372902038352735,-0.04881381142717108,-2.75471312020551
0.006761797286427963,0.013886701518200865,0.006306653064680741,0.005254553417879206,-0.08318720280426882,3.9364434370803347,-0.027247143915224713,-2.7546215296569927
0.006350909581831927,0.013480387642387555,0.005690781428021318,0.0059668383820372034,-0.1987431077642229,3.7671657211060077,0.7005126350993106,-2.639138081535275
0.006361740093792809,0.013491679263796033,0.005709226871704429,0.0059491053363141325,-0.19575838377451957,3.7753611267461333,0.6819993854737213,-2.64511413432151
0.006372520506871999,0.013503096004052924,0.005727439625445917,0.0059310014554824165,-0.1927175688317022,3.7831356015488535,0.6632122663229351,-2.6508389857161956
0.006335024681100757,0.013484653974964794,0.005661248814977341,0.005954576275773681,-0.20024384649160257,3.738335042343305,0.6969901197090104,-2.6246130353805266
0.006322881213368205,0.013474453309742849,0.005640262513170526,0.005969662983364369,-0.20320030980808754,3.7270593846445492,0.713757998794979,-2.6171445593192755
-0.005405009681636416,0.011971310217633164,-0.0032854404742781464,0.0076581939535108265,-0.33573761819543385,2.188483209280473,-2.2626264011108574,-1.325113183954533
-0.005389030416837723,0.011969595413577318,-0.0032644760745876677,0.007642534727673155,-0.3363496309584655,2.1712277360238343,-2.2525804101693683,-1.3168378103243796
-0.005366641738381099,0.011953373070073735,-0.0032197483948137235,0.007637518446629354,-0.3304265710776639,2.141422600091893,-2.245194222893183,-1.2979464284866788
-0.005372648927843245,0.01196795420790281,-0.0032435320807251873,0.007627029924016696,-0.3319083696343506,2.15871344614049,-2.2377252937057044,-1.3130903388153945
-0.0054301444843724254,0.012028896391215734,-0.003381428179276407,0.00761629839672667,-0.34049340951215923,2.2589100629844743,-2.2325201514164137,-1.3858517994060968
-0.00542055612713126,0.012041717485674378,-0.003383930802486504,0.007590077954737797,-0.34306147437772067,2.258559186976107,-2.2148208581938715,-1.3924948631633267
-0.005423792964446574,0.012014529515234592,-0.0033575112194446388,0.007626871971565217,-0.3377551026750935,2.2414056973889678,-2.24015305308741,-1.370716381410744
-0.00541418739305136,0.01202735107897976,-0.003360155682575684,0.007600725235744235,-0.34222265636977656,2.2411439841790948,-2.222565298245358,-1.3774503972222458
-0.005417486615139694,0.012000142764298623,-0.0033335357264615193,0.007637381416840818,-0.3365419071844021,2.223792510530873,-2.247706813415551,-1.3555673626681957
-0.005407822179379024,0.01201297752762844,-0.0033363124079265785,0.0076112413800412575,-0.3411537392455069,2.223668674021994,-2.230194986523864,-1.3623579288828653
-0.00541122549991139,0.011985736283431544,-0.003309505203095836,0.007647825117552281,-0.3362634474521878,2.2061241206187776,-2.2552059350230675,-1.3403693427933627
-0.005401490500223299,0.011998560762302811,-0.0033123997392402378,0.0076216975565676715,-0.3396521441353118,2.2061754062564627,-2.2377372994780624,-1.3472129726487518
-0.0053952244944310375,0.011984094325959746,-0.003288446408824102,0.007632133224914254,-0.33798849181603274,2.188694441182076,-2.2452010444928336,-1.332033055453589
-0.005443510847185859,0.012126601714331962,-0.0035045185221588594,0.007509151138640472,-0.3450541629701458,2.348917941532552,-2.15118852906318,-1.4775773459508257
-0.005410558887168197,0.012054685776510159,-0.0033862042785501776,0.007563911024264724,-0.3398653142839434,2.2625474581633473,-2.192060317419942,-1.4031562567185192
-0.005436949633538669,0.01211226829359717,-0.0034810838905800106,0.00752036586201079,-0.34406956617418033,2.3317787332950353,-2.159674176283078,-1.4627927940892473
-0.0054302607333238115,0.01209797612704031,-0.003457462687757766,0.007531250629396598,-0.34295991347496657,2.314528741126584,-2.167833880909224,-1.447986295267371
-0.005423521358717092,0.012083616687811658,-0.003433640662875222,0.00754201852485378,-0.3418839981221397,2.2971561984750224,-2.175843854282433,-1.4330886387396122
-0.005416935950492991,0.012069153081046391,-0.0034098309596380344,0.007552926836736674,-0.34090030322844717,2.279791914280811,-2.183932683517242,-1.418113905389694
-0.005450082992216381,0.012140991286446683,-0.0035279522470264067,0.007497731289801802,-0.3458547124379879,2.3660620377664103,-2.1424950869428483,-1.4923801344820475
-0.005456813399705882,0.01215536228663456,-0.0035514943007272687,0.0074863513998361395,-0.34654936300732636,2.383275034343676,-2.133806360479855,-1.5071732433355516
-0.005470790326627505,0.012183764164884982,-0.003598681395675343,0.007464111561833434,-0.3480643664002565,2.417749531149637,-2.1167539035884375,-1.5365159567230444
-0.005463749801266772,0.012169618223727917,-0.0035751108877319564,0.007475181845923676,-0.34726575422739897,2.400528502317013,-2.1252608388127285,-1.5218903445959062
-0.005477687273350985,0.012197980289777657,-0.0036220676098304354,0.007452657492140319,-0.3488388417182062,2.4348557549502723,-2.1078694277022474,-1.5511336864616947
-0.0053627724279336365,0.011869791551180906,-0.0031162852651350132,0.007728571753300727,-0.3222979397950576,2.065453982083421,-2.311363749650842,-1.2176930782899962
-0.0053527699453821305,0.011882315720968496,-0.0031200277397897334,0.007703170680175867,-0.32713866505135064,2.0660944892998567,-2.2948473560283897,-1.2251757795906462
-0.0053569211792225116,0.011855214021089622,-0.003091977485900187,0.0077383284987450444,-0.3210399979025084,2.047715731316714,-2.318033254473343,-1.202252372619063
-0.005346834108013748,0.011867678871748803,-0.0030957575457430143,0.007712983857287956,-0.3252583794234641,2.048504405748188,-2.3015282699080424,-1.209772497702362
-0.005351115767339395,0.011840618209004684,-0.003067623321994173,0.007748015109528193,-0.3204138198951259,2.02998709590763,-2.3246334342813597,-1.1867620822323122
-0.005340961081340228,0.011853026787157564,-0.003071480652050885,0.007722734154402603,-0.32309735068932516,2.0309526166857097,-2.308107318233796,-1.1943670835038054
-0.005345356249420673,0.011826004259357795,-0.0030432412477609506,0.007757624266662337,-0.31950465513895965,2.0123558614520958,-2.3311186010777147,-1.171230922379754
-0.005335178708646322,0.01183836312449213,-0.0030472300647447254,0.007732446388343059,-0.3207981244429376,2.013461591667953,-2.3146071271448707,-1.1789754726532928
-0.005339642682041292,0.011811372316490652,-0.0030188509946897798,0.007767148281547503,-0.31738294513655796,1.994850963019583,-2.3374503622648968,-1.1556803089395522
-0.005329482017823428,0.011823682094172581,-0.003022989834829816,0.0077421219064753586,-0.3186416026846293,1.9959997356007442,-2.3210438081089433,-1.1635856210764761
-0.0053182148652331715,0.011794271782120528,-0.002974399123711255,0.007761225798205482,-0.3149263831884599,1.9609832896635382,-2.3336921161642117,-1.132735591031947
-0.00533397512121726,0.011796722524648846,-0.0029944516784762166,0.007776587620667738,-0.31444002327514714,1.97740829555793,-2.3436282260297636,-1.1401255696785109
-0.005323834754673416,0.011808979547230737,-0.0029987138068931895,0.007751728077324231,-0.3167185878699792,1.9785098120078255,-2.3274118059868534,-1.1481731327362992
-0.005360646243617047,0.011938840376308749,-0.0031959678223083096,0.007647818081624341,-0.32882954413675275,2.124155223880802,-2.2524767818338596,-1.2828309496638381
-0.005354600593762954,0.011924315053470637,-0.003172074631703239,0.007657910106024624,-0.32716230712415134,2.1068394550912433,-2.2595508458724964,-1.2677007983276678
-0.005342492126521943,0.01189503902705013,-0.0031238211699893196,0.0076778914313257755,-0.32368179193680074,2.071937696495073,-2.2734150622659572,-1.237183582714069
-0.0053485418664007455,0.011909717559428601,-0.003148020967584731,0.007667923877053176,-0.32545207434320395,2.0894324453386433,-2.2665216283625935,-1.2524871629755834
-0.00535014041943721,0.011951715891438813,-0.0031987753920441446,0.007621671544217635,-0.3280519085167719,2.1270909818201744,-2.2319883093390858,-1.2929546985976932
-0.0052966954359468235,0.011777179837394692,-0.0029303952636458353,0.007755649136858338,-0.30803445637431315,1.9325746910461932,-2.325933666745474,-1.1141994001299922
-0.005302295513964335,0.011791818100593253,-0.002954530993048141,0.007746404663117906,-0.3102802466571881,1.9498738814574381,-2.3198490065870163,-1.129497939755449
-0.0052480017850588334,0.011644283628306579,-0.002711066104303725,0.007835427844116718,-0.28626382877987516,1.7765078912247236,-2.3767825614673,-0.9754333690591465
-0.0052427915349817335,0.011629363024894751,-0.002686438848984488,0.007843943767770666,-0.28352959483357537,1.7591016659934564,-2.3820470702229284,-0.959855459245838
-0.005253202232085034,0.011659151699787774,-0.002735565077449076,0.007826805209270872,-0.2889137026608875,1.7938640555560526,-2.3714134942833156,-0.9909596180649282
-0.00525841694236304,0.011674055480448196,-0.0027600725155859586,0.007818019584644197,-0.291451723613168,1.811250153649172,-2.3658960462742162,-1.0065155354515631
-0.005263745244395944,0.011688907485320733,-0.002784572440907147,0.007809266694511632,-0.29389407201139445,1.8286361265344624,-2.3603871806848815,-1.0220154251921476
-0.005274677212082795,0.011718369885466373,-0.0028333852753536343,0.0077918748701305265,-0.29885362273821053,1.8633159868429103,-2.3493888521607498,-1.0527844980819163
-0.005269206051552563,0.011703638039694583,-0.002808997464091676,0.007800638225518499,-0.2963766928727489,1.8459696375604697,-2.354951380503568,-1.0373960030374187
-0.005269837068205727,0.011745344149274767,-0.0028626064443377443,0.00775891181227998,-0.3012409189338045,1.8854816548469329,-2.3255119375408264,-1.0794648244265066
-0.005264010801582122,0.011731019307891992,-0.002838599929009398,0.0077670973750912425,-0.2989709867809378,1.868441276794029,-2.3307455947578632,-1.064551275046151
-0.005274918686255715,0.011760305498335804,-0.0028865898795484807,0.007749102573014828,-0.30347867682846746,1.9026553186481518,-2.319012522493369,-1.0949495335869648
-0.005280578740339306,0.011774938403236032,-0.002910707725019533,0.007740131246269491,-0.3056595735063903,1.9198482695589545,-2.313135542849007,-1.110133433388475
-0.005964167835846038,0.012951619681256434,-0.004919252975716866,0.006726292181829959,-0.30710054369894974,3.3645431082668487,-1.4544385141945846,-2.305571277619634
-0.005957533725274996,0.012966220650180974,-0.004913586688495696,0.00669649164737482,-0.3074230387304557,3.3523647835007284,-1.4337253845537603,-2.3030991971197863
-0.0059734604928127835,0.012964283993995938,-0.004940352289142778,0.006710810153357322,-0.3055868989391122,3.3783279917154974,-1.4391687819317636,-2.3166977278277203
-0.005966820249087045,0.012978925451742238,-0.004934488240219359,0.006680913828866882,-0.30541153116129477,3.36595851842162,-1.4184368451168743,-2.3139821146602046
-0.005982792885230836,0.012976919044422943,-0.004961424551752592,0.006695245903838566,-0.3029298678988624,3.3920759407223606,-1.4237073718532816,-2.327702159077742
-0.006030047672386859,0.013039651051762193,-0.005065968753394795,0.006616495777649217,-0.29219322674802983,3.4596328677916017,-1.3449635759348546,-2.381124830182872
-0.006020517979210123,0.013027164159111647,-0.005045180727682637,0.006632360823545142,-0.2930799760934885,3.4464539437625485,-1.360852234543034,-2.37058785942767
-0.0060141870627975985,0.013041883843118338,-0.005038781240682325,0.006602456511666585,-0.29481699207838946,3.4329826704790274,-1.340482734918014,-2.367237053467641
-0.005976174926520385,0.012991601506101229,-0.004955385232825454,0.006665288205877424,-0.3036212480241522,3.379481635259126,-1.403056152489924,-2.3248006679509707
-0.005992164921919909,0.012989524709198895,-0.004982461721173743,0.006679605265237319,-0.2993966306088435,3.4058186783822997,-1.4080844317089263,-2.3385714925325396
-0.005985612246611818,0.013004229777627947,-0.0049762977055513155,0.006649653909705786,-0.3019187493487932,3.3929731877280926,-1.387580904777493,-2.335559188306789
-0.00600157651125932,0.013002100865175389,-0.005003445319381418,0.006663901950164028,-0.2957183111554798,3.419528649797049,-1.3923686429083062,-2.349319901922591
-0.006011027561188928,0.013014647389398245,-0.005024350810852209,0.006648154395157033,-0.29355216673866746,3.433100790421898,-1.376626920785348,-2.3599822312624
-0.0059951214158815115,0.013016802888642117,-0.0049972091088910445,0.006634015006171007,-0.2999683572956174,3.406438348980854,-1.3720038737660698,-2.346240277503135
-0.006004657545696971,0.01302934329781686,-0.005018053339110127,0.006618306718135525,-0.2974978006302161,3.419804824750526,-1.3563082532949424,-2.3568076295978018
-0.005838292905748426,0.012771316304873213,-0.0046187365681775,0.006936088848208591,-0.33263429131591377,3.160055221705411,-1.657211711862444,-2.1410504233686853
-0.00583099615789244,0.012785630927126063,-0.004614812104858788,0.0069066749929348956,-0.3319949973709271,3.1508620918768955,-1.63639902408839,-2.1406333578468826
-0.005847019882893541,0.01278437715601145,-0.004640504726007962,0.006921543851932871,-0.3312838614048443,3.175104641917153,-1.6434340499046172,-2.153412918506198
-0.00585578784627266,0.012797410521339082,-0.004662249959331855,0.0069069151780455735,-0.3286749414961665,3.1901697945393805,-1.6294556942730782,-2.16565990034268
-0.00583972667636544,0.012798766735464739,-0.004636414296460513,0.0068919814441392195,-0.3306596469615996,3.1657396956173867,-1.6226146108077464,-2.1527657568673964
-0.005864596707708681,0.012810416269897774,-0.004683957681546113,0.006892212496443181,-0.3254427187353742,3.205251633930829,-1.615330239660204,-2.177775372143425
-0.005848541758197936,0.012811875387845492,-0.004658036875412982,0.0068772511875036186,-0.329522231430551,3.180587224515559,-1.6087319046880477,-2.1648623590922527
-0.005882336769500145,0.012836344393790973,-0.004727192511119117,0.006862631233708889,-0.3209042902507787,3.235233999221196,-1.5868678028934753,-2.2016815613380136
-0.0058734463785158,0.012823394270911457,-0.004705607893436911,0.006877449316846316,-0.3226754678587534,3.220294518222586,-1.6011230562215895,-2.1897723837486125
-0.005866389789130543,0.01283791998823839,-0.004701250838797826,0.006847794755878254,-0.32687094244291576,3.210203245332732,-1.5806927411113927,-2.188881116248701
-0.0058574386360269294,0.012824928607909474,-0.0046796638075208745,0.006862525606349195,-0.3283386550020415,3.1954187405684444,-1.594759830858978,-2.1769107357953246
-0.005909251363970855,0.012875026190633,-0.004791625941868567,0.006817798566483741,-0.3169887930603614,3.279292104232866,-1.5436935219556573,-2.2370386760523737
-0.005900239352688642,0.01286216048375299,-0.004770199566788292,0.006832807116723413,-0.31806184824456035,3.2647416544629895,-1.5581698146229888,-2.2253134759900592
-0.005893390653037509,0.012876663174186407,-0.004765556557094077,0.006803229512562989,-0.32143110892246485,3.2539321955032645,-1.5378062606577874,-2.2241508300581287
-0.005891267790960424,0.012849266508138675,-0.004748720822309895,0.006847752010609905,-0.3194997743526424,3.2500498675297007,-1.5725562563825204,-2.213526686870645
-0.005884365803087602,0.012863776279805153,-0.00474419253013066,0.0068181635809826694,-0.3233312180679197,3.2394633074672776,-1.5522194286988091,-2.2125008147555953
-0.005875367118931214,0.012850864444941516,-0.0047227609951836546,0.006833015769383033,-0.3251442351626728,3.2248900843583965,-1.566515049674517,-2.2007464893015527
-0.005544967222482057,0.012269952191399801,-0.003783169023508969,0.0074249369895368865,-0.35391701767469624,2.555017639640931,-2.0861626016994372,-1.6387573949296588
-0.0055361405611174174,0.012283303935167904,-0.0037838490758380157,0.00739755429387397,-0.3556238077997281,2.552330906504323,-2.0670997832477376,-1.643706747618879
-0.005537858013848691,0.012255945233250498,-0.0037598526289415158,0.007436771203937604,-0.35212518885209176,2.5379140038762764,-2.095512395929323,-1.6241831488328131
-0.005529032053783679,0.012269295853716312,-0.0037607005912250577,0.007409472798755547,-0.35563747228179615,2.5352904566434407,-2.0766573978035825,-1.629281243675676
-0.005523771746035269,0.01222786458708959,-0.0037130692000432917,0.007460239294160713,-0.3505891664868679,2.503345365259436,-2.1139867026678827,-1.5949859776509936
-0.005507773007693353,0.0122271429927096,-0.003690782350544566,0.007444599826690279,-0.3546579189054225,2.4837614006939774,-2.1046100026179784,-1.5855986557409265
-0.005530792832404855,0.012241915987078057,-0.003736491810734133,0.0074485357605477386,-0.3507511574092066,2.5206949666251233,-2.1047706393295296,-1.609601903094861
-0.005514834163852851,0.01224123888485402,-0.0037141684634651277,0.0074329531045686905,-0.3553609449522501,2.500977206418433,-2.0954034243694792,-1.6002260447254006
-0.005521930428451034,0.012255282514939111,-0.003737481164441708,0.007421262471334385,-0.3556455961566,2.5181688101022384,-2.08609052913665,-1.6147915162095325
-0.005555830844249745,0.01235302442597956,-0.0038760826309904087,0.00732106635520613,-0.35252785092498623,2.620433824715519,-2.002543937760066,-1.7089912613124196
-0.005548477460643208,0.012339028010179628,-0.0038531318152633842,0.0073333808296196035,-0.3524603308956263,2.603690142829507,-2.0126463680574775,-1.6948435767091923
-0.005541191490136178,0.012324998729720246,-0.003830164713621581,0.0073456596038959715,-0.352357380828726,2.586927369403789,-2.0226716120284784,-1.6806487557253382
-0.005534005482343195,0.012310930441491815,-0.0038072195695831135,0.00735794303536923,-0.35223400648753206,2.5701747870217315,-2.0326558020291583,-1.666414625283885
-0.005526939477754842,0.012296855525026122,-0.0037843522242058058,0.0073702075364615585,-0.3520526778682434,2.553471661927978,-2.0425824100846253,-1.6521732981400816
-0.0055632492826896964,0.012367008135465887,-0.003899032476672644,0.007308685987638361,-0.35252427156135346,2.6371652616945664,-1.9923403820791024,-1.7231048742475676
-0.00548447765920356,0.01221230168437542,-0.0036453451619107694,0.007440812237271136,-0.349440823121515,2.4518923889467668,-2.0986092522760065,-1.5657727825031393
-0.005491413169700598,0.012226592793395523,-0.003668704944091964,0.007429006327740171,-0.3498854197685471,2.4689758715107106,-2.0893493867048374,-1.5803870196981513
-0.005761608788737448,0.012652553475482135,-0.00442083662354005,0.007063869908687716,-0.34188377097419104,3.0206277127933845,-1.7756058216543753,-2.026662157841619
-0.005753296411412851,0.0126392250056941,-0.004398633299117365,0.0070777170931201686,-0.34249340134644096,3.004774576256946,-1.7881711700661007,-2.013584822071445
-0.005745698342636971,0.012653230046873227,-0.004396081812749021,0.0070489767839869875,-0.34536902872021497,2.9971637885203513,-1.7681264895273419,-2.0150212568922163
-0.0057204669447578635,0.012585652109060671,-0.004309352896261235,0.007132428186268187,-0.34622825544436137,2.9404966121507896,-1.8374482249609503,-1.9607286466520304
-0.005704498669069625,0.012586109870398349,-0.004284931278786221,0.007117345078670082,-0.3501511015899521,2.9175891845356836,-1.8296677830395482,-1.9494675005574067
-0.0057286111419663464,0.012599083920050672,-0.0043317393910647425,0.0071188543484737845,-0.34525305624469665,2.956672582839085,-1.825273114229572,-1.974035700007341
-0.005712661671505818,0.012599599644224002,-0.004307267404660067,0.007103795353608549,-0.3493033426755385,2.9336323261285107,-1.817585078883804,-1.9627255068392893
-0.005736797506241737,0.01261249009514167,-0.004354084861949224,0.007105209224648273,-0.344107250075181,2.972787655526885,-1.8129995741798899,-1.9872764944005474
-0.005720864850998789,0.012613057689281329,-0.00432955319714591,0.007090183323430835,-0.34846888561567146,2.949612560496561,-1.8053877395412232,-1.9759138631752429
-0.005745025956567025,0.012625870501321728,-0.004376382680626349,0.007091496890141623,-0.3432436773587339,2.98882445212961,-1.8006335685291122,-2.0004566294334647
-0.005729107635590914,0.01262647628432771,-0.004351783376396967,0.007076520036714909,-0.3475461401991345,2.9655327389039985,-1.79308362117375,-1.9890274414795677
-0.0057373850039982,0.012639863096940873,-0.004373956278948584,0.007062790162370192,-0.3464998138468432,2.981383147142326,-1.780665953890516,-2.0020623196900016
-0.0057295473532435704,0.012654015876589195,-0.004371585743827236,0.007034341106303424,-0.34196814527758773,2.9773321636716017,-1.7545013227389854,-2.0062617862228653
-0.005618465515670955,0.012408766398519252,-0.004014540411926162,0.007302432680075933,-0.3537142396799866,2.7255051503322485,-1.9852386863981435,-1.782152062844286
-0.005602483372541983,0.012408613196853007,-0.003991201769656721,0.00728705267856037,-0.3566957079353616,2.7043508506360854,-1.9764832409977229,-1.771890526351467
-0.005586127888843165,0.012408714911256271,-0.003968069463112229,0.007271601995293245,-0.3522951411919744,2.687415081867531,-1.9615139265525554,-1.765215875959728
-0.005578408442686043,0.012394900890143922,-0.003945080205739842,0.007283898025095649,-0.3523365936514365,2.6706904838120544,-1.9717820427075943,-1.751253287783461
-0.005570764249295655,0.012380982423721648,-0.003922029207043611,0.007296264880902845,-0.35243938834765176,2.6539150733523704,-1.9820599287870433,-1.7371985882960084
-0.005649079802306204,0.0124636341922656,-0.0041060065599372655,0.0072513974575190675,-0.3511491873445906,2.792680889792678,-1.9418058111606442,-1.8380590801413297
-0.005640901211601078,0.01247734316098971,-0.004105025157930078,0.007223271529374389,-0.3551969203545231,2.7874241673654367,-1.9222568369914932,-1.8413677334994316
-0.005626054401169323,0.012422519328812413,-0.004037451757656195,0.007289789972943197,-0.35405050035492147,2.7423032944726558,-1.9745516641381566,-1.7962282510624978
-0.005610068557639121,0.012422419338436012,-0.004014040732154923,0.0072744109401823446,-0.3561808241282059,2.7210479179354787,-1.9658558010696245,-1.7858900630533263
-0.005641361619124992,0.012449953359711831,-0.004083209630570926,0.007264258553877069,-0.35128724848465137,2.77595182179831,-1.9527955247682733,-1.8241827331079328
-0.005633127371085023,0.012463679143770287,-0.004082360184522214,0.007236119697435661,-0.35576898518422606,2.7708853668552638,-1.9333111717467022,-1.827593507037547
-0.005633686460448853,0.012436248360560216,-0.0040603515219269125,0.007277059708449349,-0.3526188163195201,2.75913272207791,-1.9637208953076168,-1.8102455833830566
-0.0056176890412644705,0.012436219500630093,-0.004036840703834432,0.007261666806117951,-0.3560278143295277,2.7376741259757433,-1.9551000858444716,-1.79983890939525
-0.0056253802091140205,0.012449977941629664,-0.004059623804233198,0.007248900399747747,-0.3560421584187026,2.754287595768836,-1.9442509197286046,-1.8137449962044114
-0.00567183595625886,0.012559584282499862,-0.004215812925844313,0.007129036077900359,-0.34778639035625275,2.8663635959137514,-1.839019483468121,-1.9146930859998996
-0.005663806419035494,0.012545939577042779,-0.004193421706531613,0.007142402943789847,-0.3485090122570212,2.8503010362983887,-1.8507509850952741,-1.9013483328163228
-0.0056559137454135,0.012532239497967482,-0.004171105289935553,0.007155828820705657,-0.3492112472446162,2.834277625792191,-1.8624866625003411,-1.8879697739163561
-0.005648115121426549,0.012518525624825723,-0.004148829358822118,0.007169214922688655,-0.34981623576446647,2.818260408612766,-1.8741428595237946,-1.874560305521659
-0.005640313225407662,0.012504848405417426,-0.004126488727139589,0.0071824000397344365,-0.35029885309661646,2.8021645798373886,-1.885575957980851,-1.861106696772195
-0.005632503035650948,0.012491213412924475,-0.004104083370293477,0.007195371557887991,-0.35069209709484644,2.7859938144585876,-1.8967719911707517,-1.8476152437640874
-0.005679964695776183,0.012573169399244586,-0.004238221763530995,0.007115700246161411,-0.3470696343367887,2.8824209301871266,-1.827264598180787,-1.9279836995243833
-0.005688161412013414,0.012586714576916834,-0.004260617009706348,0.007102338066806167,-0.3463392966366566,2.898444551189002,-1.8154347433074685,-1.9412166775316428
0.013582545388140915,0.013864730009627383,0.005715233535976773,-0.005297677299254576,0.2180963985253456,-2.484382828088036,-0.7359793020731628,3.511917516868747
0.013566998867241109,0.013899025271500809,0.005729379427627103,-0.005241159110892748,0.2144313888748581,-2.4636079657261933,-0.7672317306379295,3.479340453931815
0.013424583746357896,0.014028729428273538,0.005912551420776961,-0.0050253009455033795,0.20716330928899573,-2.397115253875551,-0.9765072761741237,3.4085726851712237
0.013408785883455588,0.014068216894658045,0.00591928607561315,-0.004959066916834825,0.2025165811117993,-2.3693241861892353,-1.0049352287961286,3.3650923834850492
0.013385909824910282,0.01410648424294854,0.005937124388949912,-0.0048944458426953994,0.19891770955665408,-2.3431011033426934,-1.0404458709975992,3.3273134698058584
0.01345950794210053,0.014022740762595002,0.005857575942182619,-0.005036794380955534,0.2049573424624238,-2.395719445130699,-0.9332617762360156,3.393654819284884
0.013483710489710289,0.013995083165743464,0.005829949227734899,-0.005083121202888423,0.20720627488992863,-2.4119540020472137,-0.896862844926174,3.4140614212413927
0.013543933883948894,0.013933245352794265,0.005755216005852332,-0.005185129916368022,0.21114883495187245,-2.444454777721225,-0.8063470219327599,3.4522547792246105
0.013513933529877837,0.013964584572387579,0.005792707714367586,-0.0051337380927595965,0.209154406108597,-2.428345090531067,-0.8518561799422689,3.433149725520099
0.013813298753824152,0.013630501953214136,0.005379444988466465,-0.005650461652835147,0.23117668966920393,-2.5574129410497406,-0.3630874715558335,3.5909737788808873
0.013784755220033204,0.013653404097258154,0.005424601170794589,-0.005619727765125399,0.2306622954679544,-2.5558483434266432,-0.4067121482605886,3.592997480101037
0.013761754905288744,0.013672704685992609,0.00546053191193655,-0.005593003343116147,0.22997147373149335,-2.5534031732630558,-0.4424644678409411,3.5928429021471926
0.013758044498471927,0.013700865800574466,0.005461725374358953,-0.005546171786674444,0.22613065069348523,-2.5360321794959018,-0.4619125121531415,3.561746994902627
0.013706650577680413,0.013729205926134556,0.005543048124049994,-0.005509497104699799,0.22692214579207498,-2.538157646637179,-0.533103503626212,3.576598086174429
0.013654544868440855,0.013768878263055945,0.00562209429500398,-0.0054514275068873784,0.22584073542709843,-2.530137097518324,-0.6113029104977538,3.5746138841954
0.013689548704761445,0.013759797356481366,0.005564915437751248,-0.005460841419054993,0.22383097873910124,-2.52349688202322,-0.5674381724156006,3.554012804249885
0.013746857504371162,0.01373436527814502,0.005473952188043924,-0.0054922911396739875,0.22240848535577448,-2.5181508977171774,-0.4917609514459312,3.5314641686977386
0.013624781288495515,0.013856396308118316,0.0056469362252282536,-0.005307526097468425,0.21545116981791954,-2.4776083084697667,-0.6840376534769836,3.4877880056480204
0.013648289103244287,0.01381235169395314,0.005620669284125309,-0.00537863846881587,0.22014545578066103,-2.501315488367847,-0.6383466039387039,3.5241181886976176
0.014102428254933875,0.013261485721456205,0.004884298045468275,-0.006144411604102539,0.2536689847002173,-2.5936678605849095,0.17904741765838075,3.6480170456445973
0.014025931932057756,0.013365938054080559,0.005025791323152431,-0.006011851258317597,0.2474511737800857,-2.5934020432752996,0.027754268449720863,3.6422046925519433
0.01405074868805984,0.013342196637198113,0.004981862839891104,-0.006038682014231397,0.2479711484886817,-2.5893910392399633,0.06857976531346134,3.635044949532934
0.014087989412659136,0.013293651800445097,0.004913477541679298,-0.006099202538171076,0.25045201809116063,-2.5883425556626203,0.14005525037261182,3.6354944816512336
0.014070244533598564,0.013321170038071551,0.004946831432365971,-0.006063250663785889,0.24870850706926165,-2.5869284512782857,0.10245273492347247,3.631216022103431
0.014060333037110224,0.013370315474246046,0.0049687469261541295,-0.005986782076257166,0.24281476616719883,-2.5686760709533654,0.054685761255131214,3.594166749893469
0.01388159861481561,0.013520519363009935,0.0052732526023463394,-0.005814381353514978,0.24060693725343946,-2.5918390610624553,-0.2228864823686511,3.64605990639624
0.013851597360517125,0.01356559133161239,0.005321375626428311,-0.0057484591285030286,0.2369955798073166,-2.5798717511996476,-0.2831947502115688,3.627137476157777
0.013877015758638074,0.01355446549721201,0.005279077575593276,-0.005758398737209034,0.2360160240423257,-2.5734314229879187,-0.25018663795659635,3.611912122791639
0.013843013125556898,0.013601217336538894,0.005332585787933579,-0.005690855348069132,0.23259948825088436,-2.5616397847761214,-0.31445779902171717,3.5942168017206124
0.014010799448350403,0.013398648644583677,0.005053655798741016,-0.005964505717178181,0.24436332058433505,-2.5856568952509895,-0.01112710793017073,3.626769805103224
0.01395014143852087,0.013453929947351518,0.005158003156105766,-0.005899470355513207,0.2428631936913818,-2.5921148852069216,-0.10903941796874565,3.6409918773205407
0.013987369603185114,0.013433258032203707,0.0050947322579672815,-0.005917525382221826,0.24165148102003337,-2.581282835781209,-0.058654618082500595,3.6185214640285217
0.013944745179934048,0.013489253996934479,0.005167180824731433,-0.0058421806959852,0.23819834966727818,-2.5748634158202552,-0.13939027773618537,3.6082084575538573
0.01392874222841444,0.013522996497374042,0.005193416405874301,-0.0057919736923803715,0.23509168494401192,-2.5641587758645277,-0.17812925194005017,3.5890770318768435
0.014192130454045507,0.013092994735415878,0.004696020155593009,-0.006365575794155912,0.2667328034466135,-2.5988403926404966,0.4003219642356763,3.678955149119528
0.01418786229095838,0.013126154864811598,0.004712506820596377,-0.006313819979217966,0.2623261930223568,-2.5891828440750575,0.36621821346666766,3.655688696934622
0.014177873876630602,0.013159581777636827,0.004737747492733661,-0.006265546159329879,0.25881866404057946,-2.5833297432551774,0.3281966608421534,3.639922685047704
0.014165101728794876,0.013193308530998385,0.004766859290941185,-0.006218420875026469,0.25543905892516056,-2.578770808418436,0.28826947955220256,3.6270029671392208
0.014139024249917573,0.01325610566838085,0.004822705743859466,-0.006131350105190896,0.24967460944530076,-2.5701512937432462,0.21337555718151832,3.60409047925615
0.014151889442220754,0.013224339704826615,0.0047953423109897515,-0.006175737829603934,0.252648060203669,-2.575068053831522,0.25081880601585915,3.616515847722684
0.014222973777236143,0.013080567553819115,0.004641494326355117,-0.0063636829014058205,0.26410688700251056,-2.579057908360326,0.4342245045731668,3.644404190714108
0.014257197698592511,0.013061183330069824,0.004579579937336472,-0.006369930094331955,0.2620348619722439,-2.5586578239588014,0.47625021406280676,3.610448069966768
0.014383472013424381,0.012819225118887499,0.0042770683842220025,-0.006651326945279846,0.277411685153032,-2.5179969538174745,0.7944073878539982,3.594668568417124
0.014376260105490306,0.012840739438247964,0.004299075853238142,-0.006624043790494141,0.27542228710855104,-2.519922439749737,0.7681214305633537,3.592031987241282
0.014382537790494785,0.012860788005086457,0.004298859229289673,-0.0065868967363364615,0.27193751253210413,-2.5100889640907975,0.7505895578295364,3.56880311826552
0.014433900374272356,0.012773898203201208,0.00417495811334117,-0.006674806937471811,0.27554841814981446,-2.481051570109125,0.8666791042851741,3.541916396711411
0.014416142067442095,0.012805114986690687,0.0042188560808862656,-0.006643189356947828,0.27415272139306607,-2.4915964930646557,0.8254777905103678,3.551384069716583
0.014370275092323487,0.01288608657766664,0.004329940919413328,-0.006557968307415924,0.2702234219048612,-2.5150838789551115,0.7180275715413861,3.5709820846700606
0.014351422871466336,0.012917607085894511,0.0043737665929802156,-0.0065244838778939435,0.268641152046859,-2.5236361780086276,0.675618708351614,3.5783143245178235
0.014342906979239034,0.01295523874460087,0.004403147497549966,-0.00647207792735241,0.2647387555245999,-2.5210453579388385,0.6330191211172204,3.564569893841236
0.014329057729766448,0.012987854213925964,0.00443809567844819,-0.006431688013939893,0.2621725759259494,-2.5234682391769474,0.5926741269785717,3.561497132001692
0.014316107119952237,0.013022005999411732,0.004471485658911944,-0.006387718966508668,0.25926541248000395,-2.5239307953597003,0.5516548846970358,3.555029884519086
0.014300162176523669,0.013056621560342936,0.004509044078821523,-0.006344891947175055,0.2567400367297518,-2.5258926454781387,0.5086138755435722,3.5516474326977843
0.014558177516438092,0.012544946073487068,0.003847097518478257,-0.006892007060671818,0.2844309981332805,-2.3853430529698154,1.1618273659235197,3.4517976946630164
0.014520043300221986,0.012582285274204042,0.003928790668412491,-0.006878307178724328,0.28634090991849726,-2.420439276850917,1.1089768781117753,3.4998725468981875
0.014552894123836233,0.012576637301542232,0.003876420386868452,-0.006851295859425457,0.28143236517875675,-2.3899518355072753,1.1251391746592068,3.4476730436652225
0.014510743765740181,0.01261010113603775,0.003960982335298127,-0.006846682923054604,0.28431464031804166,-2.4279717006697896,1.0749660505551424,3.5027987795260587
0.014495548319289056,0.01263520210739217,0.003999859215531281,-0.006824937855207402,0.28375173524645986,-2.440583985281543,1.042002591497514,3.5161098390602974
0.01450644793436955,0.012663642640140776,0.004001163119118074,-0.006770950510565336,0.2783009110423291,-2.428494900750493,1.0146261455098535,3.4843717003533485
0.014490932440288219,0.012694504437688377,0.0040431010392587155,-0.0067402487136480685,0.2768374051662345,-2.4398944965857186,0.9754787104850864,3.4940482487569606
0.01448303591037145,0.012734272146667797,0.004078048175316845,-0.006687988037809838,0.2729366179735533,-2.442636818853639,0.9298744231451382,3.485942476956694
0.014472476740258991,0.012768035093579336,0.004112759939200441,-0.006647032414293297,0.2703187588648501,-2.4476550053196373,0.8897668589460977,3.4842213407333875
0.014593644529759187,0.012527474575511857,0.0037834384923196157,-0.006878276188928293,0.2804679576844318,-2.352120724642958,1.1902961650291495,3.3996533269239566
0.014710017381119302,0.012188350181624818,0.003348111338767425,-0.0072077218542203276,0.2976433535986264,-2.1971885880387094,1.5891826467656887,3.2813591839065728
0.014704708645062117,0.012219185947001878,0.0033829902504752527,-0.007173621240421999,0.29538125497497925,-2.2095336334005036,1.5536920496229027,3.2871752842707482
0.01461707434207149,0.012494931801240707,0.00372675004842169,-0.006898704487812746,0.2802209570741016,-2.3293024959503597,1.231600657616643,3.3723478648673297
0.014617460770212561,0.012437177356748564,0.0036834476901639337,-0.006980330383279971,0.28694740786478184,-2.325476158734767,1.2962785563615478,3.3900000262293766
0.01463773561491724,0.012465970659335385,0.0036763647883355437,-0.006916270671601055,0.2800354381134155,-2.3085597258582777,1.2677568763576719,3.3475784293455813
0.01466409935456775,0.012316291693273737,0.003521880886173449,-0.007093316968151699,0.29235764964252103,-2.266932879520041,1.4401514485594744,3.341155048878061
0.014631489577349312,0.012405602394582911,0.0036393376161363675,-0.007008494122659443,0.2880767979706269,-2.309457740285545,1.3343423201936924,3.375403940505111
0.014649278877833299,0.01233923058199037,0.003561350954657035,-0.0070798412575073305,0.2925615770440186,-2.2845300638675288,1.4124116879902446,3.361642612427736
0.014642047079749218,0.012372625510512476,0.0035984993768937725,-0.007042125369203084,0.2900918825700729,-2.295820516451641,1.3733746732570336,3.3661156002822863
0.014697693527691217,0.012246288326092925,0.0034163386022234405,-0.00714634168390891,0.2938479767739232,-2.2221363438722865,1.522358348328326,3.295689136532065
0.01467806995938275,0.012296788958846087,0.003486366633159429,-0.0071027004255736935,0.29196082728389644,-2.2503941873736077,1.4635797448542034,3.321030382053049
0.014690685312171806,0.01227329010304423,0.0034492201952401017,-0.0071188208684553516,0.2920154735893821,-2.234184273189307,1.4911655786959617,3.303610436326325
0.01492024019463836,0.011400128738408698,0.002217526768428507,-0.007793363829740473,0.31754811988626247,-1.6020393798545924,2.412776633741436,2.7404141141474057
0.01493592294497456,0.011386380353555636,0.00218488625159657,-0.007779634899364449,0.31462911714142144,-1.5790799786126117,2.417459574850237,2.7070616695302614
0.01491331091790478,0.011453083751318706,0.0022931966523583778,-0.007754755160005224,0.3161072109260157,-1.6474551440495124,2.3614895831118847,2.779569649733585
0.014925008620602377,0.011420643873164162,0.002239942415247873,-0.007766099853730969,0.31527942891523913,-1.613883834599701,2.388662405823274,2.7434725966650624
0.014926394744779798,0.011440334495695053,0.0022642047688305926,-0.007745153690719729,0.3137710590606124,-1.6274631265175443,2.367415777717541,2.7513645631362706
0.014849262341420942,0.01162961450977965,0.0025805283748072364,-0.007679580034919336,0.31904463670101774,-1.8222972777662314,2.201859578879693,2.964989380843314
0.014893809954457785,0.011511546401490495,0.0023872273432520735,-0.007729682574042982,0.31695016407549775,-1.705561176057848,2.3099462402072763,2.8403867713470032
0.014892032270599318,0.01153601643361167,0.0024199308600444083,-0.007707996071826884,0.3156372332464315,-1.7240220223855405,2.2845058365023436,2.8543162474862096
0.014882369388444542,0.011556155910891338,0.0024550003560200352,-0.007703238352051026,0.3166259824467041,-1.7458531967717856,2.2675099062330015,2.879336163682471
0.014867152644641342,0.011616056285477797,0.002544894907228973,-0.007665400659980687,0.3159322235778612,-1.7981188238331256,2.2090228694036984,2.929119123508018
0.014881120452422564,0.011596889594429442,0.0025067579409811546,-0.007663147846266638,0.3140729831208995,-1.773811816041427,2.22371936626619,2.8979683328713457
0.014889863274202778,0.011575195427426,0.0024709728020165887,-0.007671557833615961,0.313637924392569,-1.752191025980506,2.2432034591227423,2.8744941992361883
0.014916374593704774,0.011475467929584308,0.002319013881675354,-0.007728028318838363,0.31407897994770023,-1.6612607455035298,2.3362277293276907,2.785466788173078
0.014916896503721848,0.011501274167147364,0.002351332497293798,-0.00770195822190099,0.3123320307008402,-1.6792060005156955,2.308704313849183,2.7968196153084723
0.014850637454839818,0.011650565401554762,0.0026045087446766695,-0.007654821419867212,0.31715185129687523,-1.8341254286290714,2.1778478010193143,2.9699807988969016
0.014847928817237973,0.011673060107598941,0.0026345098740265666,-0.0076346690402574495,0.31602073661220503,-1.8501558904827526,2.153798655352808,2.9821962124342245
0.014823168986570621,0.011706525515854943,0.002701732153090212,-0.007636608190516291,0.31909567035193914,-1.8919604823192027,2.125708920572144,3.035804765669156
0.014838761541253563,0.011693133589323036,0.0026685059025287334,-0.007627042341517354,0.3165938412441979,-1.8701635989733323,2.1349047000317545,3.004449932198803
0.014825184240190234,0.011728892422684004,0.0027258458806631958,-0.00760837187377838,0.3168334077908069,-1.9029214794142122,2.099491419365967,3.0386818463285787
0.014824092826056574,0.011753980145708439,0.0027562968924710195,-0.007581701028694785,0.3150142489606101,-1.9178121876808802,2.0713346841792917,3.0473252680471976
0.014726132121574018,0.012081188040597724,0.003225715542772976,-0.007326377817609836,0.30566105291514883,-2.1513258992284516,1.713098427708531,3.259319602920803
0.014725491192999263,0.012156132234824804,0.003298068198123415,-0.007229780690254516,0.2979288137484151,-2.1741609007689138,1.6259229252175345,3.2573156399254404
0.01473539115667065,0.012128850140003797,0.0032595857097220365,-0.007252135787495694,0.2987459827575269,-2.1571506767723894,1.6568876796745358,3.241770252859038
0.0147399044945669,0.012102444283654493,0.0032285653046802477,-0.00728018263752665,0.30064640986158075,-2.1449797176317245,1.6870845773051104,3.2348761348920227
0.014738933267678226,0.01202463039962607,0.0031529954912453066,-0.007381081457104788,0.3088041852996333,-2.1199224980180023,1.777895428112769,3.2364215065472206
0.014735859296183101,0.0120538268929082,0.0031862225700605706,-0.007348147185235937,0.3063835171706781,-2.1330567779567393,1.7440934640711883,3.2423700754165705
0.014761232330916377,0.012011797046875241,0.003111856531596881,-0.007365947686660083,0.3052353584780069,-2.0940740723784534,1.7897529536814232,3.1967048955122492
0.01474779694407348,0.012177768330046254,0.0032889013314035278,-0.007172229055377323,0.2914970387712143,-2.158855684004951,1.6004982507848828,3.2177394606336835
0.014801690182077767,0.011800650248618797,0.0028355847575121072,-0.007562294035573665,0.3160371020743851,-1.9630673120927227,2.025114197736078,3.097852866155678
0.014819415273005601,0.011782236337080426,0.0027941157500793877,-0.007556603771296849,0.31365984815597564,-1.9372160190640455,2.0407004593592153,3.0624986137603365
0.014806016479357085,0.011823137869005707,0.0028559182998630565,-0.00752950039072712,0.31314451784550945,-1.9704495676257736,1.9979489332077562,3.0948942188069584
0.014769041695154575,0.011986604547547275,0.0030763659194219637,-0.007386346338502156,0.3062551777573878,-2.0772164452450355,1.8177109211906506,3.1816233102468776
0.01477937475685841,0.011929838223207477,0.0030042700072550883,-0.007441378315170818,0.3093886054199458,-2.044484160209145,1.881477243165367,3.158389853769005
0.01477617206483714,0.01195965660125894,0.003039608068577364,-0.007409480778865153,0.30722749420507606,-2.059850129482528,1.8476465997669587,3.1670355289554917
0.0148073753011348,0.011845788932576769,0.0028795553356905207,-0.007500889721467319,0.3108855195636642,-1.9803049704047104,1.9715751789873648,3.0968622639780534
0.014804693011777056,0.011868339694730758,0.002907531642266103,-0.0074782385829006495,0.309460766782913,-1.993472061048797,1.9464499409794112,3.1054766609445306
0.014798290345897167,0.011889399222249585,0.0029380640213437065,-0.007462599435884294,0.30896247859956466,-2.0090734155911267,1.9238812414895123,3.119953369409394
0.014789898638151978,0.011907853526064006,0.002968028126499111,-0.007452723107817006,0.30910246160025595,-2.025113676972009,1.9046025178317862,3.137215979046132
0.015005280871934687,0.010849755118116212,0.0013690591219679036,-0.00806432850735747,0.3172329023485148,-1.0365785034811916,2.856783460197843,2.2003122931266677
0.015036274122135254,0.010764588522156643,0.0012226845580920155,-0.008053946944430347,0.3111620637271832,-0.9292883553478998,2.892076713810986,2.0762446105382417
0.015034449887956762,0.01078094757348221,0.0012484711240773243,-0.00804863131785885,0.3114047424121939,-0.9478461723804802,2.8817756049819843,2.0944194740023305
0.015023197766245514,0.010844011688726703,0.0013498902450234014,-0.008034266697228539,0.31316483388134225,-1.0207811402290758,2.844496673327346,2.169226506523719
0.01502622805386999,0.010828625006373218,0.00132501797267774,-0.008037502633091567,0.3126980673081414,-1.0029364417821343,2.8535682806178166,2.1507304072502467
0.015029184737156217,0.010812906895093325,0.001299668959878557,-0.00804089139099696,0.31223261506565386,-0.9847197203043404,2.8628004138557746,2.1319342205678384
0.015031892286386754,0.010797018218958248,0.0012741792522253607,-0.008044662059898776,0.31181785022801206,-0.9663799716191166,2.8722326922933683,2.113217326030805
0.01505534233736814,0.0107417062540889,0.0011781012313696266,-0.008030043892196673,0.3069902750846402,-0.8953203248815411,2.8899268426788995,2.0281020210573857
0.015054542047432822,0.010758727741370554,0.0012042359310866187,-0.008022790071891746,0.3070270170960143,-0.9140903119422532,2.8785088424281047,2.045584321334518
0.015033825127104966,0.010659276348172347,0.0010622446776466267,-0.008110741866945624,0.31239689299359513,-0.8139323158207522,2.9689141914332566,1.9750312486876151
0.015025190212916565,0.010571871784599444,9.292096243096189E-4,-0.008165239151613131,0.3144880273843436,-0.7169486276662377,3.035384508015456,1.8946059487133058
0.015027554080523454,0.010556667384639118,9.042465851040591E-4,-0.008166739756863689,0.3138928324349308,-0.6982319979249657,3.0423686466866378,1.8751050850995092
0.015035899874793394,0.010642912169932121,0.0010359006587882496,-0.008114236423727992,0.3119692707240438,-0.7945055338990925,2.9777842500303326,1.9554322055177764
0.015037460967180666,0.010626573285371881,0.0010097956785550522,-0.008118512886495843,0.31164683728092996,-0.775253900433354,2.9869951175608542,1.9364273572627682
0.015038076976476815,0.010610397742823617,9.84314781514308E-4,-0.008124344737797065,0.31152650366438034,-0.7564971650940348,2.996923507409902,1.9187144115138255
0.01503727569957254,0.010594845659733712,9.603479343832294E-4,-0.008132462328015453,0.31170532091555275,-0.7389320232770958,3.007798972815913,1.9033769690575648
0.015036043870872796,0.010581321028236173,9.396617306624905E-4,-0.008140425445042496,0.3119935137261103,-0.7237744750556292,3.0177239930463666,1.8906152964827858
0.015048763209829992,0.010685432062600251,0.001095589111723875,-0.008070103690449042,0.30892535438754404,-0.8366149282853209,2.9358112499373927,1.9815090669462891
0.015051288527855998,0.010703565568917706,0.0011221287260288766,-0.008056628438978244,0.30821109458197776,-0.8555457143453181,2.9207508218064326,1.9962094075679453
0.015055228568944918,0.010723561760375033,0.001150648483686335,-0.008039384730823813,0.30717714112972855,-0.8756599518993035,2.9028670525066116,2.0106157645947107
0.015049413941295558,0.010668967463133538,0.0010699983242972021,-0.008076592555721443,0.3088257739504416,-0.8179760124050625,2.946360338317573,1.9640468170257288
0.015049307829309291,0.010517444071615346,8.34122842351655E-4,-0.008139489759248004,0.3087612728819456,-0.6442420933851781,3.042434641642458,1.8046295116528015
0.015041757227161081,0.010551469742122958,8.904962820278242E-4,-0.008141298395948387,0.31061856123086995,-0.6868439198725197,3.0301800811572512,1.8511840421598502
0.015049803545201893,0.010536619506943772,8.640913218697583E-4,-0.008131443811491017,0.30869266531590406,-0.6665359055037444,3.030490455329058,1.8248678690045046
0.015059496196400034,0.010422601952678932,6.808419973207005E-4,-0.008151024939688306,0.3057717865035054,-0.5282485742086808,3.0840460286478817,1.6864706965109957
0.015050761730830656,0.010455685496166505,7.360132017886477E-4,-0.008157796463735906,0.30804204148718534,-0.5705344934455243,3.0760336284265266,1.7343730285332888
0.015058646945439057,0.010440790486463682,7.09924375388722E-4,-0.008147164713534086,0.3061036736672242,-0.5502880161492677,3.075321535725116,1.7080379190139805
0.015053686603116399,0.010473250732400382,7.628724248668975E-4,-0.00814638027110945,0.30747773401912065,-0.5905409512216239,3.0630143966026986,1.7504274152793542
0.015065518090766367,0.010509055779208675,8.151388298732206E-4,-0.008111234282900266,0.3050894697915752,-0.6287544745522613,3.0296783915650156,1.775277248079101
0.015062319876228036,0.01049106967680041,7.880427612877543E-4,-0.008123665421650002,0.3057560171281697,-0.6087597214053665,3.0434583071065853,1.759546435039482
0.014948142733090782,0.011295840643200735,0.0020529525451398922,-0.007839802549785923,0.31645722731158826,-1.4971568753398659,2.500988244485542,2.634061220788426
0.014952137460868783,0.011279928869474992,0.0020278812513528175,-0.007846655592446112,0.3162948688833929,-1.4809313288892616,2.514053759688837,2.617664128800941
0.014955346997108364,0.011263379295944717,0.002002554969262565,-0.00785523235754078,0.3162854467533485,-1.4646354821926828,2.528140693243596,2.6019618524017414
0.01495961987224004,0.01124668448698232,0.0019760644841571983,-0.0078618940326934,0.3160433019539415,-1.447293813973248,2.54148527530659,2.5842655922674136
0.014964746478375904,0.011229534704115932,0.0019481918830842571,-0.007867242266032108,0.3155972205712332,-1.4288383102991897,2.554493602960049,2.5647599670608288
0.014968313352913099,0.011211497287461047,0.0019203293875667915,-0.007875830392770298,0.3154964167546946,-1.4106258915779362,2.569273975294703,2.5469741364452623
0.01496880117972393,0.011193062765728786,0.0018943160505563615,-0.007889930271582317,0.3162247716485898,-1.3940819264192117,2.5865039550961293,2.5335573634890936
0.014964019918029479,0.011308986148900987,0.00205688268378703,-0.007801105023961338,0.31217381074121775,-1.4960373727207552,2.477405034430118,2.616536547597189
0.014945626912955312,0.01137034608783605,0.002154879135107212,-0.007777896531093912,0.31331220851531455,-1.5590597358519902,2.4278086802217795,2.6822581172855418
0.014945701347672096,0.011353859348091886,0.002132977895852548,-0.007792665548432147,0.3142028127433098,-1.5460137969582621,2.444433586876626,2.6727230735393124
0.014954206432074083,0.011340293010848355,0.002107340166067449,-0.0077903353646639655,0.3128353040761726,-1.5286914911862006,2.4526704105233956,2.651014974748873
0.014959136540842778,0.011324453079647329,0.00208185682107526,-0.007795936784255725,0.3125847370978008,-1.5122541685220368,2.4652806417012436,2.6337073359614998
0.014970355001120294,0.011037783297724063,0.0016714706889119104,-0.008005599728054402,0.32126190825205897,-1.2486873015424598,2.728908460992057,2.4149885017871817
0.014967338010462603,0.01105625813465785,0.0017005790072505773,-0.007997709717344308,0.3213890903499766,-1.268562671642149,2.714789492366059,2.434404713021557
0.014994622999040924,0.011000526145848453,0.0015999935988342724,-0.007987532215158378,0.3165942080715311,-1.1968097835145304,2.7412208615853975,2.3475486817646503
0.01499154671282958,0.011016604706366562,0.0016255801846698046,-0.007981999899747542,0.3168572057409725,-1.2144930019591405,2.7298469274172277,2.365354137631565
0.014988207486281734,0.011032194297665244,0.0016505997221866917,-0.007977109100447964,0.317204730325427,-1.231777849413678,2.7189612362851956,2.38303233811089
0.014973940544790424,0.011076226555635976,0.0017246465199552852,-0.007971079445634919,0.3192546251410981,-1.2833459544137218,2.6913051773781507,2.439801692947237
0.014977383636334113,0.011130946733634257,0.0018002698137057301,-0.007923645270042308,0.3165494675456543,-1.332140343390272,2.638364573851945,2.475731680805023
0.014980941781551186,0.011116192168582537,0.0017766180486167278,-0.007928568153342204,0.31621438570494953,-1.3161451180090358,2.6491996702890375,2.4592754321100845
0.014979419952049223,0.011095428297715652,0.0017481546487633879,-0.007946939196968638,0.3173095515900277,-1.2978380025907252,2.669399989730491,2.446013941184716
0.014983703182076646,0.011182822376759084,0.001868139578688486,-0.007871919370435921,0.3131134074609877,-1.3745425762398695,2.5852093053167766,2.503037212189604
0.014983104811859198,0.011146532510942676,0.0018178522349556958,-0.007901449724873227,0.3147130723207166,-1.3424434446253095,2.6195153342183413,2.4781613012523978
0.014986100158154452,0.01116676076705197,0.0018438703688286682,-0.007880383932543304,0.3131762585051588,-1.3586111711907713,2.5984485482419033,2.4880171747594244
0.015013182580089341,0.010940073852911994,0.0014989305188035657,-0.007993833009103118,0.3136825123726373,-1.1253996168536442,2.7763049769223795,2.269058436713918
0.015010749883911961,0.010922401008033945,0.0014743787843935288,-0.008009609601085323,0.3146872595586964,-1.1088977921270702,2.7930839571781956,2.2573545175518412
0.015001984738472135,0.01086743331357792,0.0013976952542609584,-0.008059915808382818,0.31770202108465945,-1.0570283518177763,2.8457726359043214,2.2212779915134626
0.015009725281335212,0.010904988842232474,0.0014491725111031677,-0.008022463745687712,0.31521684980588255,-1.0916693343494177,2.8082845755323613,2.24360046791564
0.015008027578937608,0.010887354482233096,0.0014239150307970101,-0.008036532610848674,0.31598934039837373,-1.0744259940290568,2.824160775234516,2.2304269801427954
0.015014128451293435,0.010995558815451925,0.0015794538506477811,-0.007955437501436223,0.3121375861069167,-1.179964581723249,2.728816906137588,2.3142467681173446
0.015018070403692393,0.010978494565556801,0.0015520031574792722,-0.007959733071681754,0.3115978190986443,-1.1608261215131783,2.7399119028416945,2.294326825161989
0.015016999285618721,0.01095898087483556,0.0015242178485277641,-0.007974566519194376,0.31240560878246976,-1.1421210793484624,2.7571994583924515,2.2795481961307504
0.015031601072763866,0.010947599674305919,0.001498116361735179,-0.007955309608011824,0.3092117963338464,-1.1222017031353984,2.7539072646670504,2.2486124726235586
0.015040672597135346,0.009850013609050025,-2.4524440889784515E-4,-0.008243112152030758,0.2969305157303564,0.19632769229184552,3.2988320288452866,0.9914683013358091
0.015040542102894851,0.009834354445285496,-2.708071222066228E-4,-0.008241572992159898,0.29644486590389624,0.21683235192583092,3.300947475810277,0.9706792268560543
0.015039644482953687,0.009818279368255392,-2.971343700801717E-4,-0.008241331669726201,0.2961042294266028,0.23802087146766815,3.303935281481008,0.9498703755801653
0.015039371995426147,0.009802673621528746,-3.2260908159120765E-4,-0.008239723830622938,0.29563957642846844,0.2584978386350267,3.3058637584705193,0.9291643455112634
0.015038389783570388,0.009786676506584453,-3.4881560038358523E-4,-0.008239294523736796,0.2953104360162271,0.2796308500892715,3.3085788337851056,0.9084109330930638
0.015037992599047584,0.009771031184542023,-3.743517895188622E-4,-0.00823757235389648,0.29486271047753204,0.30019423195219735,3.310303424517229,0.887653698307921
0.015036919662539528,0.009755060438950568,-4.0052076297280675E-4,-0.008236962095899468,0.2945419032705246,0.3213365489431605,3.3127583813649157,0.866895286056557
0.015036476804567203,0.009739431188076733,-4.260139163993637E-4,-0.008234976440351087,0.29409739591783474,0.34189710871457685,3.314170781008414,0.8461045335839094
0.01503529081301038,0.009723408625074434,-4.522758626788791E-4,-0.008234215537243158,0.29378816227753224,0.3631511422267079,3.316399464178889,0.8252564861324391
0.015034726456347909,0.009707762451363787,-4.777928085713072E-4,-0.008232110751808295,0.29335912619323185,0.3837635007541777,3.317600533217703,0.8044465397174477
0.0150584011206528,0.010015867368823943,2.581236790773936E-5,-0.008215977360433974,0.2981939924546105,-0.019802164400538027,3.244515790449998,1.1930751174864793
0.015076433308995822,0.010415184103151781,6.641589266089093E-4,-0.008120338617651305,0.30196386770245165,-0.5144969125014062,3.068879589395294,1.658059172396319
0.01507790932490372,0.010399468475068908,6.389632371885358E-4,-0.008121930917588888,0.30147006026205175,-0.4953191613747357,3.0752278199690184,1.6385584022635895
0.015079112629062025,0.010383275170833834,6.130756757986663E-4,-0.0081240053565597,0.30105497007097654,-0.475599797179543,3.081951068271675,1.6187496073603962
0.015079465754799232,0.010366548295465319,5.865485982730476E-4,-0.008127681011210119,0.3007693737300215,-0.45540281985840964,3.0897220118630213,1.59920911981813
0.015070693424814973,0.010245451658377107,3.9554791162781084E-4,-0.00817068049583844,0.3008172970625235,-0.3091619815568309,3.153856522276444,1.4665672745636498
0.015070337017803392,0.010262768922551393,4.233545450037387E-4,-0.008168294115514696,0.3012029652663794,-0.33067582264505097,3.1471314780095994,1.487715403442211
0.015063134538276504,0.010297165138238926,4.798686731338745E-4,-0.00817565600495769,0.30334029880896207,-0.3746141693027775,3.140781892742687,1.5366658602255294
0.015070325853616402,0.010282048004423203,4.5420801993878744E-4,-0.008164633005020903,0.301490669348141,-0.35448138012154734,3.138955532155094,1.5107109593275838
0.015065592866710175,0.010313524725025688,5.055250982576614E-4,-0.008167325838376156,0.3030162879677021,-0.39421757350090486,3.130560003147632,1.5532520924960511
0.015078143810939632,0.010349134052036657,5.593045552486253E-4,-0.008134586120204497,0.30083417601056434,-0.4347076509522055,3.099559675319831,1.5806583785314154
0.015074369000212362,0.010331575710985945,5.323231815150807E-4,-0.008146103161479255,0.30143652327703624,-0.4142943310604604,3.112122964974857,1.564551230633012
0.01505717186143355,0.010048089159364778,7.817752574744415E-5,-0.008217722581372345,0.29930255685982377,-0.061239531729259646,3.237645097147048,1.2354835534591573
0.015058936706538571,0.01003228708858162,5.2467014300812376E-5,-0.008214651128528228,0.29850100678850294,-0.04088918661377223,3.239651408391186,1.2136143744911345
0.015069622095001007,0.010057312751691885,9.26680773160109E-5,-0.008192703951590953,0.2969115631176713,-0.07247367908385356,3.2195747811737014,1.2352940933680259
0.015071873291069342,0.01007152533534262,1.1551614733086383E-4,-0.008187625661059237,0.29680141980594416,-0.09043090770414375,3.212790906475099,1.2510719353828874
0.015072436535531551,0.010087456850780295,1.411872812855574E-4,-0.008185637304068459,0.2970056630051366,-0.1106035132070798,3.2074515303714572,1.2705431320270206
0.015069175275206832,0.010102727097618933,1.6603748530175208E-4,-0.008191072602222954,0.2981706158469879,-0.13022166707390898,3.2068316709505544,1.2928855767759462
0.015070628692295139,0.010228738811797441,3.687550538929946E-4,-0.008173586932491888,0.30053060486498206,-0.2884157576817217,3.1606426457212233,1.4465004634616496
0.015072173561497749,0.010117663711024547,1.8990194409390147E-4,-0.008184006273497182,0.2978057467431745,-0.1488723320391194,3.198471617831412,1.3085652550265647
0.015073198338071357,0.010133819719419804,2.158349784960123E-4,-0.008180569448113573,0.2979971219549626,-0.16916241913740074,3.1919791559632276,1.327612637704094
0.015072988926374044,0.010150386213920273,2.4251932662601122E-4,-0.00817934021477845,0.2984147285420669,-0.19004855241642135,3.1866771841564514,1.3483220490497763
0.015069120695598593,0.010213071864376594,3.438292401165175E-4,-0.00817898043080383,0.3005208357222926,-0.26913925278666223,3.168570198016487,1.4291304503261333
0.015065946470063502,0.010198063256602856,3.2013790799888817E-4,-0.00818739775989338,0.30097032302244436,-0.25083578876254936,3.1780948653074477,1.414187132858882
0.015069777343780403,0.010183010750419661,2.9539514637552444E-4,-0.008181861842006396,0.29975093044289974,-0.23141903507604678,3.1790571252272737,1.3917495898597136
0.015072112885989612,0.010166943827124303,2.692564820830499E-4,-0.00817923071518324,0.298966655575482,-0.2109622053527048,3.181995928031519,1.3696187052295474
0.015053876711977724,0.00985801798969149,-2.308179833443514E-4,-0.00821762901488907,0.29450275896691414,0.18471815524080035,3.280625932399971,0.9910756033253664
0.015054236703798303,0.00989051661409624,-1.7801909713354051E-4,-0.008219887902166215,0.2954197977287534,0.14244680993997313,3.2754194488502053,1.0336778177419157
0.015059085934624895,0.009874834254019662,-2.0304442250168415E-4,-0.008208902210980397,0.29389568055780285,0.16246983161564454,3.2715587307948257,1.0089085007285787
0.015058617546071958,0.009907132494474048,-1.5072207492678995E-4,-0.008212401884434397,0.2949660922199267,0.12062740663065265,3.267069249300167,1.0517452225148505
0.015072896775674426,0.010007028413757028,1.1405386797997608E-5,-0.00818729664870606,0.2949003996135808,-0.008187093563221183,3.228451503377759,1.1682605913591066
0.015069828775361078,0.009993080672177131,-1.112479899219033E-5,-0.008193345605319381,0.29519651231824906,0.009616616618470426,3.2355810209001623,1.153235025615932
0.015069199424350005,0.009924071131408007,-1.2264885111683892E-4,-0.008192450181271438,0.29336996745637944,0.09827687537270256,3.25060040252701,1.0647054437292136
0.015072854042751436,0.009944205707695544,-8.996618182876194E-5,-0.008186189546484946,0.29314523512360374,0.07228994941787581,3.2421739398429197,1.0875880391058457
0.015070569448513685,0.009960025570252367,-6.451523271226928E-5,-0.008191274741166028,0.29414956592859604,0.05204189090188658,3.241870495578202,1.110010267994948
0.015075879395348967,0.009977257340946125,-3.658685025525207E-5,-0.008181182686525306,0.29346798759812026,0.029901245970293474,3.2315223133283024,1.1274296308907885
0.014669200679993763,0.008134297695611815,-0.0030699194895506474,-0.007683017029821159,0.3221879776274584,2.4861414269714395,2.8577588695237615,-1.2426402999769899
0.014663389849180876,0.00811973353915882,-0.0030938310836395324,-0.007673319015893856,0.32316701135090437,2.504543340744965,2.8468208771084638,-1.2604904278210063
0.014657589510968435,0.008105116834975177,-0.003117716318663442,-0.007663367495056109,0.32426995316228596,2.5228526524836585,2.835623975717254,-1.2783235230835819
0.014651639858788859,0.008090519251234466,-0.003141704552006661,-0.0076535046360341795,0.3254631565570834,2.541229737492694,2.824424203322114,-1.2961276082086022
0.014681123095509058,0.008163464250490521,-0.0030214657046175766,-0.0077014726273877945,0.32010035818803373,2.448604572655611,2.8787793580681367,-1.20661593809812
0.014703719551972734,0.008222749706352167,-0.0029242566182904133,-0.007739503695810018,0.3158274149726394,2.373085971571395,2.9210173656363083,-1.1332462167407176
0.014698187418447304,0.00820795854200978,-0.0029484806212354913,-0.007730105115591724,0.3167424228701891,2.3919640411679755,2.9106435217497135,-1.1516133846999488
0.01469267609865818,0.008193092351177654,-0.0029726957422340308,-0.007720407026345649,0.31775988948983724,2.410763703471915,2.8999722825312175,-1.1699931101036027
0.014687001715937455,0.008178226433055097,-0.0029970447318743965,-0.0077107981797184194,0.3189158249945892,2.4296510546735846,2.889297382964361,-1.1883579124453323
0.014685671424556339,0.008136076472776846,-0.0030467267054206126,-0.007659238473115291,0.3185452092906365,2.462117919618246,2.842912344352405,-1.2337583795950444
0.014691886656227492,0.008150480826456903,-0.0030225422468153702,-0.007667785910888168,0.3173787295247248,2.443310820155965,2.8529081336221487,-1.2159963408972354
0.014953260946414108,0.009135686146749518,-0.0014225067604944127,-0.008152353640267252,0.2891041167883053,1.1577710463325595,3.314784846465549,0.05306226883189038
0.014950549263172158,0.009120223284775342,-0.001447945611374548,-0.008147825628465775,0.2890251247303319,1.178697005829143,3.3118499247767126,0.032469070113264664
0.014947849006502261,0.009104715513151774,-0.0014734119689481268,-0.008143068742800888,0.28899340484275604,1.199643672936247,3.3086877360151514,0.01179887619469717
0.01494505944745298,0.009089141315253015,-0.00149900235518185,-0.008138261104138934,0.2890466187986194,1.2206880037756844,3.3054254580106304,-0.008936876335716527
0.014968978418450336,0.009140963308383761,-0.0014046578588242148,-0.008125353819097618,0.28591640868570994,1.1410635859632385,3.295965831979505,0.05559355166919842
0.01497192330173775,0.009156475761112717,-0.0013791229723781149,-0.008129178844527641,0.285886555626045,1.1200707922653643,3.2983308788264156,0.07598885260867676
0.014958130955236478,0.009078826397565328,-0.001506039023347435,-0.008106418921157833,0.28586986282347476,1.2242456575044696,3.2833127473971344,-0.026497690833192537
0.014954988935884296,0.009063091925637414,-0.0015318864811153096,-0.008101927651556021,0.28595438216730634,1.2454795580358466,3.28015049808489,-0.047188590250073596
0.014937070128018905,0.008970091441619324,-0.0016834799106270348,-0.008070378791650885,0.28635943300297567,1.3697238716093734,3.256571296397143,-0.16971999324908127
0.014933774859877137,0.008954216925374051,-0.0017093871448282851,-0.008064802245162468,0.2864832941045277,1.390938523607003,3.2521695908494777,-0.19057104535503286
0.014945434101933261,0.009016763767104165,-0.0016080199595069268,-0.008088205863587406,0.2862703025540565,1.3080197693780262,3.2701071776685957,-0.10809102689597204
0.014942644192180448,0.009001412678575807,-0.0016329130634306773,-0.008082591847686465,0.28630035514132146,1.3283975554927905,3.2658983523460634,-0.12836526412077606
0.014939930141491245,0.008985879040416518,-0.0016579793450211286,-0.008076528705289692,0.28633509268500984,1.3488828516735951,3.2613044153044917,-0.14889005350762083
0.014967765219024771,0.009052445953830153,-0.001539262368818706,-0.008070442503829845,0.2834385758711034,1.2498445776470104,3.258097535010704,-0.06499064062101678
0.014964600391847743,0.009036828186714894,-0.00156473536178116,-0.008065816054725526,0.28355407870110166,1.2707188184778448,3.2547226187433353,-0.08535788213647595
0.014960865920538089,0.009021797122724379,-0.00158970094888425,-0.008062493697092483,0.28376707774730475,1.291256074003832,3.252198121256441,-0.10481267514268984
0.01497111629208657,0.00924484099193614,-0.0012428561346770576,-0.00818175168998887,0.28959860321758285,1.010034297813548,3.331835493012889,0.19851616399708757
0.014968645553814665,0.009229252043903598,-0.001268553856152551,-0.00817794029820551,0.28943298516190813,1.0311641856811666,3.3298695632443582,0.17775867704004392
0.014966255241985247,0.009213658606892593,-0.0012941851148844973,-0.008173790274230793,0.289290030322529,1.0522403177815869,3.3275986861397944,0.1569398706912286
0.014963833055983927,0.009198043106233162,-0.0013198378620974938,-0.008169509511058014,0.2891977073175207,1.0733347697926046,3.32517200489016,0.13609036005250086
0.014986824455963643,0.009250548878733758,-0.0012254247340544187,-0.008154281417002624,0.28631218192687863,0.9939367720543993,3.3125977776647457,0.2004093667978912
0.014989716340022934,0.009266223120937554,-0.0011995027876879618,-0.008157032878777547,0.28630222082809714,0.9726131893326185,3.313747241123498,0.22091671721810013
0.014994536033462144,0.009298083854170943,-0.0011473106372573026,-0.008164125756267503,0.28651599958381996,0.929794502448981,3.3169307728239086,0.2629486771686964
0.014992400701544423,0.009282112072635277,-0.0011733410277944521,-0.008160116127787663,0.28635310933127806,0.9511217532512158,3.3150534261562226,0.24177248266246054
0.014999829117095277,0.009344786301735186,-0.0010714816603107549,-0.008176647235756838,0.2871941498291737,0.8677250976290792,3.3225608943715703,0.3252267855961826
0.014998012434601084,0.009329474176277225,-0.0010964159328341074,-0.008172875093619343,0.2869844155937546,0.8881455541271254,3.3210149394414112,0.3048551749649561
0.014996293551935354,0.00931391406606201,-0.0011216606318857419,-0.008168618333629854,0.2867667998136863,0.9088040239295944,3.3190823681786514,0.28408616480683047
0.015021031307437963,0.009380856437686923,-0.0010050986906991553,-0.008151700895031937,0.2845834205049114,0.8123137055212678,3.302746286211503,0.3647729477898806
0.015015010948543614,0.009350536580072875,-0.0010553332384320234,-0.008149665104418434,0.28464401636695186,0.853523117782264,3.30359682204427,0.3260281273926012
0.015018016847892912,0.009365355988432864,-0.0010307494936919119,-0.008150622304264917,0.28460158181149436,0.8333436854939213,3.303184098816492,0.3449624478192029
0.014974703450671915,0.00917219818521227,-0.0013533405554726028,-0.008133267113685871,0.2858958588915774,1.0988956764172004,3.300809306796863,0.09670911596831493
0.014977194990168944,0.009187990416349028,-0.0013275928592619817,-0.008137771321960112,0.2859691805118867,1.0777758420175603,3.3035082220692513,0.11761320417814004
0.015003052700061678,0.00949532977428341,-8.305147623409692E-4,-0.008233583048796027,0.2925333337439315,0.6717984447071027,3.347844975618308,0.532475127812588
0.01500125374998155,0.009479554401527817,-8.56543729914314E-4,-0.008231264227159632,0.2923081049041865,0.6930675900163586,3.347986937399996,0.5115699654001008
0.015009008229653306,0.009558582455124807,-7.264368603730406E-4,-0.008243539599728863,0.2938639269810626,0.586803622678953,3.3470501525406786,0.6167645287183666
0.015007427564399609,0.00954285848778305,-7.523703288680367E-4,-0.008241536837863129,0.2934527949538464,0.6079637284102716,3.3476710662800513,0.5959318701718966
0.01500600952888273,0.009527109979765896,-7.78272807860648E-4,-0.00823902134016702,0.29301531475206116,0.6291200225634098,3.347878394354105,0.5749118368879441
0.015004612650681986,0.009511250657748197,-8.043252400955621E-4,-0.008236243573228696,0.2927143366001761,0.6504040916120282,3.3478524639614444,0.5536966471447659
0.01503343785993696,0.009691766186788296,-5.040199036158233E-4,-0.008231192046554788,0.29306637191695556,0.40502488668836856,3.3195856001637023,0.7836065227876707
0.01503277098317307,0.009676129226703243,-5.295153560549549E-4,-0.008228935329689534,0.2926483737734596,0.42565038617152023,3.320550350137333,0.7627999526699973
0.015031382084800128,0.009660177306199178,-5.55678390504565E-4,-0.008227859855866987,0.292364841564883,0.44689239421003074,3.322291404151573,0.7419945816158352
0.015030612003139878,0.009644624095061179,-5.81033025403484E-4,-0.008225472394916394,0.29196957334149193,0.4674324444634725,3.323024878663374,0.7212958298209574
0.015029075695668142,0.009628745184501826,-6.070983580439347E-4,-0.0082243441271552,0.29170872992787983,0.4886282238976905,3.324586990220379,0.7005983165515014
0.015028461509183662,0.009613407490664489,-6.320274817940988E-4,-0.008221352347219409,0.29129190957533174,0.5088403992044178,3.3247523867312956,0.6800164996116164
0.015024585198544526,0.009565337843939982,-7.105917191808733E-4,-0.008214749261628379,0.29029772725285014,0.5727523731575825,3.3267308801802007,0.6165354312008469
0.015027477367051876,0.00959768295611109,-6.576590192586687E-4,-0.008218811224848856,0.29091345604573077,0.5296819520441326,3.32520958798835,0.6590865721800502
0.015026832664687234,0.009581574288945254,-6.837856914427587E-4,-0.008215304601748944,0.29043243320966566,0.5508846682259141,3.3250002463461894,0.6374186925688741
0.015014519537597892,0.00947002906202109,-8.667421317529846E-4,-0.008201396350305151,0.2888875010096675,0.700191890748071,3.328643311841794,0.4910628718033751
0.015024040226595621,0.00939702206053498,-9.784111118309074E-4,-0.008152899926864146,0.2845880747464528,0.7904504834350475,3.302280333116665,0.3854500129662634
0.015023521050426425,0.009430998656208993,-9.251221816893196E-4,-0.008168204938085422,0.28584684196642035,0.7471859092247944,3.309809309774091,0.4323515744760284
0.01502728501367516,0.009415333494243734,-9.482514790305713E-4,-0.008154345082515476,0.28457994219938,0.7657648114977371,3.3017411623349346,0.4088936708695932
0.015025679152135513,0.009461252912931439,-8.763941739301708E-4,-0.008176018375380664,0.2865037966003091,0.7074456721757714,3.312251886675803,0.4727633290558549
0.015029239420004975,0.009445781824918464,-8.994696133979557E-4,-0.00816295080390537,0.2852356248666294,0.7260148506248042,3.304868696501167,0.4496013425312215
0.01472025544365107,0.008225043140674619,-0.0029011800747665057,-0.007715449768947918,0.3123133296633727,2.3494322824311014,2.90579457029624,-1.1246630778055058
0.01473660361858583,0.00826977235354212,-0.0028283853112453772,-0.007743039892274344,0.3095430999866616,2.292674216487056,2.9359739023350886,-1.0693860578036023
0.014731498791672916,0.008254854015359454,-0.002852309155272899,-0.007733441760116631,0.3103819292271841,2.3112702307575437,2.925712615346351,-1.087769322140071
0.014726098784068359,0.008239844869894436,-0.0028766288464531008,-0.007724045598034575,0.31129760000434414,2.330198428865659,2.9154955976021237,-1.1062815250126832
0.014752981169564501,0.008272397302316015,-0.002805679873690667,-0.007719274264796781,0.30668160290877716,2.27012194280402,2.9206318222570204,-1.0612880012243708
0.0147589961493394,0.008286564954036587,-0.0027816362117055707,-0.0077261833687541715,0.30567729551459305,2.2510543258923175,2.9287786529614603,-1.0435612194547286
0.01476498922977243,0.00830111711051154,-0.0027571159961648924,-0.007733411562497772,0.30469296375076144,2.2316260690199177,2.937163370011184,-1.0253818728635256
0.01477054634179808,0.00831595507439615,-0.0027327125598855325,-0.007741520557136841,0.30379479248437424,2.2124072544894893,2.946139082573818,-1.0069704239445898
0.014817750092321553,0.008509879186879428,-0.0024358450789068523,-0.007875598100990614,0.2973172692572723,1.9812225902203735,3.076568973611821,-0.7668757538656398
0.014813188054885592,0.008494977427533216,-0.002460116550211781,-0.007867856475026401,0.29790961877263483,2.0006620135486055,3.068699116196935,-0.7858653257624305
0.014794612629132885,0.0084338133077626,-0.002558969336329264,-0.007834052108566693,0.3004346174128903,2.0793780028633333,3.0342823474151306,-0.8633474654421208
0.014808735396346662,0.008479931850163294,-0.002484402157212424,-0.007859601393588765,0.29850712143042757,2.0200325379088544,3.0603825260158195,-0.8049719158363441
0.014804287684012747,0.008464649558940862,-0.0025089244154327286,-0.00785091272230815,0.29908019477784503,2.039530632623237,3.0516521657341893,-0.824320972742406
0.014799591345193012,0.008449204964726639,-0.0025338587702481703,-0.007842301339018322,0.2997273856184072,2.0593638726278196,3.0428747487761485,-0.8438606120880525
0.014834106428073405,0.008512939820314123,-0.002414788973324863,-0.007850303971289262,0.2945901978467917,1.960680822810417,3.0595780683157,-0.760767031508463
0.014844279473348135,0.008543598042033244,-0.002364169733173455,-0.007864070263607895,0.2932516027409115,1.9199551562459496,3.073985957550494,-0.7218486486691192
0.014839959279440562,0.008527795171218277,-0.0023893349124325318,-0.007855456841146012,0.2937854287059191,1.9399965774224464,3.0655510284472354,-0.7417886869588695
0.014807141020822229,0.008421016846561049,-0.0025614653249463517,-0.00779862653830971,0.2982127767599066,2.0770154295802232,3.007492287159223,-0.8760484811534123
0.014801740385786815,0.008405726144514666,-0.0025866412150128246,-0.007790975634620466,0.29900675582521835,2.0970659285265536,2.999229677489996,-0.8952415444690865
0.014795811663789946,0.008390841958881389,-0.0026118460218002505,-0.00778448721666112,0.29991316473253987,2.1172761886673688,2.9917700940965823,-0.9140418260736741
0.01478930403692697,0.008376613472958046,-0.002636848582670092,-0.007779529414335147,0.3009125913278774,2.13751627735833,2.9854145684259574,-0.9321997791221701
0.014784388339652713,0.008361674766712587,-0.002660899976470062,-0.007770917537137787,0.3016438050461763,2.1564772566706956,2.976348459177126,-0.9507886614570372
0.0147756667561643,0.00833104547034299,-0.002708450217279615,-0.00775047353450535,0.30297633824628795,2.193404518103328,2.9556742285028856,-0.9883452006074817
0.014780259734378748,0.00834636934643943,-0.002684438132974556,-0.007760401521872107,0.3022551814503991,2.174722852625425,2.9658481674546375,-0.969536594496582
0.014850012598289669,0.008616170517300062,-0.0022615213065811713,-0.007926356883359525,0.29330977775058065,1.840692717296225,3.127669860425319,-0.6305641332120039
0.01485438544086154,0.008631681844101485,-0.002236208902623838,-0.007933633556450395,0.29282649613464606,1.8202421892796383,3.1347541177670695,-0.6105950480710679
0.01486229589530289,0.008604228756228247,-0.0022656099811377947,-0.007892857233072405,0.29110003613534247,1.8406963899016002,3.102762777839182,-0.6447387643103893
0.014851960724115279,0.008574463718274994,-0.0023155842635321556,-0.007881697606098971,0.29239619160720204,1.8812848061278264,3.090825020994581,-0.6828107237681219
0.01484863790299659,0.008559260234870523,-0.002339086093869683,-0.007872292910172258,0.29272690753622793,1.8998907014552315,3.0820741906875107,-0.7019973381505661
0.01486662541508886,0.008579271851797774,-0.0022946361462201706,-0.00786069043910743,0.2899604731634635,1.861493270080971,3.0770538313311966,-0.6753247510815742
0.01487345562538426,0.008591840873542467,-0.002271236382790862,-0.007861052819185076,0.28897000227767017,1.8420330408862113,3.079098508704369,-0.6591544412134933
0.014936444108666985,0.008896434474791685,-0.0017918170668791318,-0.008015591755172746,0.28456935338378003,1.4562651787668448,3.2153149980329316,-0.2684923438974974
0.014938877290428254,0.008912092116938013,-0.0017672081182014427,-0.008023227673877776,0.28454178593824,1.436311031984992,3.221400700054222,-0.24799045278135964
0.014942369509750192,0.008927297576774037,-0.001742391362702931,-0.008028368005915052,0.28436047198207337,1.4159985964133774,3.225659557127809,-0.22822374528802494
0.01486585973845637,0.008677407097211706,-0.0021626239388201807,-0.007956577595024066,0.29172387931359717,1.7608903124263848,3.156272774385165,-0.5515897610395332
0.014862064048588525,0.008662422105980632,-0.0021868299462816303,-0.007949292568632624,0.2920848409971988,1.7804568729583183,3.1494531534861294,-0.570965125627775
0.01485831155668584,0.008647178379307832,-0.002211294073803979,-0.007941515184921769,0.29245759395712206,1.8001717037924212,3.1421922875821635,-0.5906317472336956
0.014881610551392359,0.008681160678381322,-0.0021427663388339842,-0.007931716413301012,0.2891551955880793,1.741954379285754,3.1393268356975166,-0.5464561968441406
0.014886564395516768,0.008695596403795726,-0.0021183348600957237,-0.007936126784065453,0.28858674340499824,1.7219654915671898,3.143994367101582,-0.5279019213261691
0.01489143601300331,0.008710855067452367,-0.0020928197058200765,-0.007941265437236444,0.28805168001625625,1.7011454221926525,3.1491910645886345,-0.5083024102234551
0.014933397050854913,0.008880567545631709,-0.0018171510978444683,-0.008008757297262616,0.2846953326510253,1.476860516687495,3.209710054332463,-0.2891515072031238
0.014909360350945778,0.008788788968636394,-0.0019680377147270893,-0.007977390247166092,0.2866365191865466,1.6001672499910151,3.181575621765489,-0.40780684643538073
0.014929318122080043,0.00886490974479671,-0.0018429582001842722,-0.00800381870401972,0.2850192598014824,1.497979247180871,3.2053670921341397,-0.30939322286565174
0.014924419407644232,0.008849966280140077,-0.001868376517203156,-0.008000789051216645,0.2854836789067949,1.518922420870977,3.202329997410889,-0.32861502345875443
0.014920815857271383,0.00883464533171483,-0.0018932556435580382,-0.00799488294627111,0.28571896596256935,1.539212194457196,3.197196514922323,-0.34848390329986034
0.01491766692758281,0.008819094673304146,-0.0019180405616505251,-0.007987774603629172,0.2858915306317968,1.5593196744058717,3.1911471734757444,-0.3686725558324455
0.014913702976553757,0.008803673279807522,-0.0019432765462910329,-0.007982096071430566,0.28622262218770556,1.5799006259966786,3.186036394487552,-0.388602690726178
0.014895679920291808,0.008726741918343274,-0.002066965961494638,-0.007947920958853704,0.28763693521434414,1.6801763232296263,3.155436303092141,-0.4878870923597569
0.014899093697214571,0.008742611568735566,-0.0020418259889289727,-0.007955878468762724,0.2873685891916813,1.659900918165496,3.1625162163926883,-0.4674505769975587
0.014905801743286337,0.008773660977380887,-0.0019924340625377067,-0.007970870218047524,0.2869007127106004,1.6199833037667013,3.1757611044459204,-0.42737383663351985
0.014902972855643072,0.008758162372089212,-0.0020166623949359184,-0.007962529005327177,0.2870351703701259,1.6394680710866176,3.1685898690536534,-0.4473944996252935
0.014946955788024852,0.008942725051630204,-0.0017163943882557685,-0.008031454379081522,0.2839822691013469,1.3945836399418072,3.228428442409252,-0.2083611955645118
0.014569855515627573,0.007971103608784271,-0.0033814374460479045,-0.007616294076960701,0.34474063776184155,2.737863121773652,2.7557902031699615,-1.458494070340767
0.014579429861509216,0.007958343743768005,-0.003380987920576222,-0.007583622783064888,0.33790339487286675,2.727589846856978,2.733339627854567,-1.4626223692471616
0.014594990318363588,0.00802868978236684,-0.0032854675758833447,-0.007658182346844501,0.3396129703088933,2.6652151466061302,2.80430424277022,-1.388270161273857
0.014610949753593777,0.008030488950845968,-0.0032614886059093473,-0.007635773809429367,0.33103070120438427,2.6372032286976754,2.7939042937033887,-1.375355553438934
0.014588774500088612,0.00801426371656846,-0.0033094935279482404,-0.007647830154679908,0.3398082215003406,2.683463631011333,2.792339398730654,-1.4059306013711497
0.014604723249979384,0.008016017231476302,-0.003285475335870877,-0.007625508276619488,0.33252262637606783,2.6554537881820153,2.7820415002462124,-1.3929697725334698
0.014582513384860307,0.007999857235701383,-0.003333506651531854,-0.007637393888045252,0.3412594458964066,2.7016612355188525,2.7802500869786084,-1.423535887366621
0.014598479466043902,0.008001555115851803,-0.0033094012467195302,-0.007615113426434012,0.33395016476215206,2.673576120002369,2.770030692893929,-1.4104957086616638
0.014576207035553426,0.007985470484765415,-0.003357498809449221,-0.007626877097398448,0.3435783744466076,2.71982480383221,2.7680580384759588,-1.4410604410968426
0.014592183799082387,0.007987111889248347,-0.003333302225360372,-0.007604652329694514,0.33508015573018307,2.6916282544821866,2.757896520330035,-1.4279503741921735
0.014585822154959923,0.007972709214535459,-0.003357178705234468,-0.0075941739181697885,0.3363036627109683,2.70965311244802,2.7456701699735224,-1.4453343704557449
0.014627326351299456,0.008032231560562637,-0.0032375122405181055,-0.0076132785034011856,0.33032684527796286,2.614199852776748,2.778418749429438,-1.3667802884954694
0.014645616433904855,0.008075971564322555,-0.0031656647157530383,-0.007643651442066386,0.3266192378357364,2.5595602414493137,2.81317464980031,-1.3138472636306633
0.014633567808789718,0.008046800496837215,-0.003213453173526447,-0.007623336804064944,0.3290206799761386,2.5959201944565264,2.790026687624757,-1.349156857441912
0.014639628953663551,0.008061406289263686,-0.0031895245742562975,-0.0076335493887450005,0.3277692888234624,2.5777385851941372,2.8016797183257487,-1.3315023909042247
0.014556726294432597,0.007873185934533069,-0.0034986354799150213,-0.0074959431963641686,0.3452685763648877,2.8089408106500575,2.64184864347107,-1.5553851711495768
0.014563586455046748,0.007887557533086153,-0.0034747451295301947,-0.007506690425747414,0.34368358281803874,2.791314325126947,2.654645848566526,-1.5385046563149976
0.014570259171171123,0.007902066574509611,-0.0034509121685299252,-0.007517732551573244,0.3420897428353738,2.7737500190445057,2.6676166679043405,-1.5215135579049228
0.014589334874180751,0.007945535610021336,-0.0033803206892851884,-0.007551136727947875,0.3379572392511329,2.7216009706049493,2.706272184554368,-1.4705419263745858
0.01458303240160244,0.007931129465250854,-0.003403770810913902,-0.007540204665822896,0.3392144488069031,2.738994977480342,2.6936215077898065,-1.487513914867921
0.014576712830846808,0.007916625159335923,-0.0034272614048275756,-0.007528992998028725,0.340586785912033,2.7563320502243482,2.6806803291948054,-1.5044994785374544
0.0143990125484625,0.007563858417217916,-0.004007509828739573,-0.00723651509740459,0.38189599617035697,3.1672106026343823,2.329883433430576,-1.9016835405833212
0.014391299426582682,0.007549946035971991,-0.004030357653101779,-0.0072237601864507854,0.383889423529745,3.182465423049272,2.314334935624473,-1.9164679419573225
0.014566740214778695,0.007859583683174349,-0.00349734812660907,-0.007461969274510282,0.3426029484843285,2.7998062288760526,2.615539308193504,-1.5613293886902913
0.014559475578025956,0.007845621882534199,-0.003521156883471523,-0.007452195503889862,0.3441935044963205,2.81748210468202,2.60342497002117,-1.5778070156181483
0.014552418892622513,0.007831754252968153,-0.0035445088720467872,-0.007442092669593185,0.34575667456439124,2.834669547959784,2.591076910062736,-1.5940055134773292
0.014546037885036984,0.007817656044851561,-0.003567017800015924,-0.007430537355130347,0.3471625972419147,2.8507682362487903,2.577681221897295,-1.609901714460271
0.014539789791008137,0.007803303617285786,-0.0035894807282531222,-0.0074182670647230725,0.34856574703223075,2.866607779649922,2.5636763686762074,-1.6258214778735434
0.01442883612496606,0.007619358898468369,-0.003916950420530315,-0.007286955530214269,0.37462712167722917,3.1061740571518204,2.3909104173037794,-1.8422304980585096
0.014421406404758433,0.007605574242531707,-0.00393961490734648,-0.007274697232236677,0.3763552554821754,3.1216224863063364,2.376020223851438,-1.857180901110261
0.014414009368069332,0.007591730793709642,-0.003962184456524991,-0.007262144011760125,0.3781091667971606,3.13686779969991,2.3608498986115616,-1.8720407043271117
0.014406564783050349,0.007577812638276115,-0.003984794723353968,-0.00724937188274298,0.37995938167791093,3.152035310170547,2.3454384045221275,-1.8868700038906276
0.014445357978314824,0.00761934100579784,-0.0038910764997047583,-0.007265789159251746,0.3704276306892751,3.0783606648704205,2.37996238374215,-1.8300596070160238
0.014453026993927991,0.007633052020831025,-0.003868123847405837,-0.007277307432158867,0.3685970717697326,3.0624814975045624,2.394217329116976,-1.8150038851112635
0.014460511764133287,0.007647067761585479,-0.0038451288360860096,-0.007289371862236302,0.3668184579135982,3.04667765560998,2.408860261531334,-1.7997655294152273
0.014467697856159463,0.007661281978364104,-0.0038223450087261804,-0.0073019674531888375,0.3651183895192936,3.031144673011887,2.4238257917736394,-1.784483935682797
0.014474808691688282,0.007675483769763703,-0.0037995955399266613,-0.007314479303254248,0.36343548088185557,3.0155671395511585,2.43866308165032,-1.7691490931969127
0.014482331243775272,0.007689367904779298,-0.0037763948499951517,-0.007325796283854353,0.3616680652588263,2.9992439224223157,2.45258955591559,-1.7536547518592964
0.014489779846262445,0.0077032640889938,-0.00375321790693095,-0.007337062534448299,0.3599365416612014,2.982892529401336,2.466409779790101,-1.7381122339191115
0.014496946577587216,0.007717357634301186,-0.003730218622289691,-0.00734884033686193,0.3582809637694606,2.9667820220639425,2.480541438302835,-1.7225128181195968
0.014503887932800857,0.007731568240075425,-0.003707372700466362,-0.007360935463708925,0.35667935779663756,2.950831465956096,2.4948375135608676,-1.7068655336236234
0.014510952151762157,0.0077456737384144865,-0.0036843483150531303,-0.007372542204894473,0.3550540308801254,2.9345581760491286,2.5087271079913442,-1.6911120179051375
0.014518438325142413,0.0077596985799278555,-0.003660683887553588,-0.00738328413086074,0.35333503638160385,2.9174921875453568,2.521999146738947,-1.675053755140212
0.014533227067476279,0.00778864294607137,-0.0036125950161114777,-0.007405824024174986,0.35000741903553706,2.8829011910006597,2.549345570938438,-1.6420843153682319
0.014526068835252252,0.007773984923773839,-0.0036364966430042418,-0.0073940415845595775,0.3516088624913944,2.8999669736942177,2.5353257421624877,-1.6586132846718609
0.014295346875392648,0.007358081966615992,-0.004317806587567702,-0.007020093517514471,0.4077717510481831,3.354798698800058,2.0794352554897393,-2.0981838819041645
0.014303923384317185,0.007371244226997207,-0.004295444852542413,-0.0070327245202417635,0.4055603363129407,3.3406996398739808,2.095464950196236,-2.084926694107476
0.014312677104318279,0.007384406491243702,-0.004272701647065717,-0.007044996229958232,0.403317854147276,3.32611375677766,2.111252574756709,-2.071405103068497
0.014321324745997089,0.007397792091039679,-0.004249910770587693,-0.007057590994172435,0.4011206058118823,3.3115502637663536,2.1272585716635803,-2.057748148324112
0.014346102547035,0.007439022914087705,-0.004182227187645216,-0.007097475800564162,0.39485795797968454,3.2688164266678315,2.176460957635116,-2.01645305413443
0.014338018613653776,0.007425183676183837,-0.00420465749612911,-0.00708398761075161,0.39689430710745316,3.282943352919343,2.159992756683469,-2.0302519605731306
0.014329768313411088,0.007411417938701693,-0.004227216607176718,-0.007070646846123417,0.3989800570780689,3.297170604399238,2.143555866997122,-2.0440196030068445
0.01435405081358603,0.007452923571528841,-0.004159879930015958,-0.007111058840550361,0.39286549046296226,3.254734797899674,2.19293088043405,-2.0026024906747306
0.014369245677160289,0.007481007058401246,-0.004115831567443082,-0.007139027961526555,0.38907522669874345,3.2271928610509746,2.2261940447371287,-1.9749116164778384
0.014361838509386604,0.007466925279803763,-0.0041376257240063824,-0.00712483334617369,0.3909244272013717,3.240736381895379,2.209477136966683,-1.9886956121009598
0.014376563318293659,0.007494892566365791,-0.004094215115382536,-0.00715285730987205,0.38726142317843,3.2136135920918334,2.242531754277213,-1.9611664271196325
0.014392461324460391,0.007521929975853699,-0.004049178674804349,-0.007177350326928059,0.38329784186038274,3.183799310820874,2.2729413813954786,-1.932742566443206
0.014384350909761699,0.0075084313854835785,-0.004071985828894183,-0.007165411193042437,0.38531131063208973,3.1990651353352777,2.2579407082776353,-1.947124066589481
0.014400563859660279,0.007535665874879545,-0.004026128595942805,-0.007189512908129935,0.3813037449623311,3.168356651352776,2.2881245801062566,-1.9181176509545816
0.014090748636029146,0.007124973809367007,-0.004791646385641363,-0.006817784030964749,0.46665670800765074,3.670145379472751,1.7781529176080013,-2.360459692623774
0.014106640129765667,0.007123432434626785,-0.004763559202744585,-0.006800603665769099,0.4556794675680576,3.6377010788779605,1.7772687749027358,-2.344484694697556
0.014081696266412034,0.007112136501017047,-0.00481302040440424,-0.006802711892833597,0.4679397658442026,3.681411796383483,1.7594453642505201,-2.3715574212550137
0.014097577526781027,0.007110596032034614,-0.004784895833902732,-0.006785700531396255,0.4583922205827026,3.649050453150822,1.758623950078068,-2.3555470082478824
0.014072603630183415,0.007099327720783186,-0.004834349946342346,-0.006787570603498563,0.469568171830117,3.6924974125876537,1.7406565168447827,-2.3825624645914742
0.014088507769936814,0.007097776903899585,-0.004806133528154471,-0.0067706843364654335,0.4611788723808669,3.6601896518460237,1.7398968044891132,-2.3664447546726564
0.014063470817168196,0.007086547594687288,-0.004855635499670588,-0.0067723598203422416,0.4713469323450603,3.70341984461634,1.7217561105086725,-2.3934576380250925
0.014079412943651975,0.007084965743371118,-0.004827305148338225,-0.006755554898874396,0.463869763257356,3.6711403586243336,1.7210866050467144,-2.377194925360316
0.014070282061416388,0.007072156051616402,-0.004848431189585793,-0.006740309435456179,0.4665434449858498,3.681918554328751,1.7021908869286666,-2.387814654614248
0.014202637412889796,0.007239619603392447,-0.00454172963996355,-0.006914720393379992,0.43230794277595835,3.5013197445636917,1.932886849353159,-2.2255154231164505
0.014194022354059104,0.007226377733558026,-0.004563324085164441,-0.006900254722869928,0.4346354778560913,3.5135669985676032,1.9150413847017063,-2.237558995378451
0.014185277284279733,0.007213147938145718,-0.004585033479957545,-0.0068857816908766,0.43700689542543375,3.5258373195087596,1.8971147338738825,-2.249565640818315
0.014176470330211847,0.007199945228165816,-0.004606733317401259,-0.006871259063110105,0.43936169508623163,3.538013306077176,1.8791057384963692,-2.2614700377964128
0.014167673054985341,0.007186759924753399,-0.004628302825816613,-0.006856601853038223,0.44169256321431033,3.549964549677058,1.8609770200983224,-2.2732110495500124
0.014158868519867224,0.007173604666231968,-0.004649764776253915,-0.006841849817012941,0.44404735525194905,3.56172155119893,1.8427592639757642,-2.2847968502142764
0.014150004945816396,0.007160500663278772,-0.00467120008756108,-0.006827089281131471,0.44644751071392436,3.573382371781463,1.8245033080080664,-2.2962676153298314
0.014141049249284172,0.007147459773485367,-0.004692663122079821,-0.006812370823379714,0.44889076166016245,3.5850105218967045,1.8062367180779748,-2.3076512148822004
0.014131986045441686,0.007134505176543626,-0.004714173655330486,-0.00679774754696924,0.451361331496785,3.5966426031239815,1.7879978734789688,-2.3189578583870483
0.014122845458367768,0.00712165988538296,-0.004735672089811717,-0.006783231404565343,0.4538211908916763,3.6082364790706873,1.769811578971508,-2.330158347379376
0.014287074262994246,0.0073447285828390765,-0.004339682378741306,-0.00700665242625325,0.40989936583250214,3.368154451691249,2.0628331551591184,-2.111142043734112
0.01427879617655179,0.007331327426591497,-0.004361499178914561,-0.006992981903430462,0.41202745185721373,3.381315832238901,2.046017655651625,-2.1239875729652824
0.01427024168556769,0.007318081006301005,-0.0043835961786805105,-0.006979711854590834,0.4142386229049844,3.3947875057751724,2.029402651432513,-2.136865362935699
0.01426165378752967,0.00730480349146028,-0.004405672333314819,-0.0069662656531150014,0.41646881041026623,3.408125608550081,2.012597898797695,-2.1496569677816084
0.014253239530229037,0.007291347919948507,-0.004427455424239408,-0.006952177406283307,0.4186539401977356,3.4209267637365746,1.9953099049219432,-2.162232398861295
0.014244743380823025,0.007277934470849357,-0.004449253821838732,-0.006938089217108851,0.42086159366722115,3.4336766117725297,1.9779750006466126,-2.174719355096508
0.014236054783543473,0.007264767250694674,-0.00447114925722059,-0.006924461781869731,0.42313107825884616,3.446616550759152,1.9609376173227624,-2.1871433256756845
0.01422744616258032,0.007251689084909752,-0.004492763818773647,-0.006910749801342111,0.42539361384747104,3.4592356301104066,1.9438628954630979,-2.199330102876491
0.014219094899433063,0.007238480943423337,-0.004513903147482973,-0.0068964050848145915,0.4275667282800888,3.4711590966442674,1.926364785661985,-2.2111944129495114
0.013843929010072207,0.006758404704263739,-0.005333519049666931,-0.006324527902695806,0.5289553271842643,3.874412813148227,1.2040225941584783,-2.595676804830234
0.013854236190386435,0.006770378008400077,-0.0053133494647446535,-0.006340928173966506,0.5261845431574446,3.8669983731071604,1.2242548958343527,-2.588288407522476
0.013864479703900723,0.006782456592394522,-0.005293170857408541,-0.0063574125128574984,0.5234054018967181,3.8595342662221888,1.2445355895845953,-2.5807957955659364
0.013874640705188413,0.006794629019949857,-0.0052730167187682656,-0.0063739714991671885,0.5206348266339101,3.8520428265144964,1.2648460446788279,-2.5732129889125925
0.0139142165160749,0.006843790294713802,-0.0051931168014112,-0.006440284302184533,0.5100076023997159,3.821859837117754,1.3456882658822182,-2.5421325227923774
0.013884704462069977,0.006806885835602072,-0.005252912980065228,-0.006390597976669062,0.5178527050665989,3.8445429030248657,1.285170795970805,-2.565551788469516
0.013904396310592903,0.006831562300105409,-0.005213125228464281,-0.006423986351739801,0.5125080692170786,3.8296991162341425,1.3257252642668267,-2.550113043824077
0.01389461509311664,0.006819222585698874,-0.005232960581229427,-0.0064073200705478455,0.5151104013978237,3.837130375365081,1.3054994444417443,-2.557863152604151
0.01393049571514691,0.0068406129193850015,-0.0051638708397489476,-0.006424120317021431,0.5043131132334616,3.7898844065082806,1.3438077934455033,-2.526490562461346
0.013940673907382573,0.00685246833264531,-0.005143229704398588,-0.006439177573439672,0.5015610906940385,3.780870386910315,1.3628991806235051,-2.5179917761962867
0.013950902761455644,0.006864516917454833,-0.0051223572218070815,-0.006454402828898381,0.49880613885214914,3.771683387842007,1.3821700462775632,-2.5092979389451915
0.01396103135770671,0.006876808911804318,-0.005101513567045245,-0.006469985196282083,0.49609141975382814,3.762624483045584,1.4016770504019316,-2.5005470487887664
0.01397102931686587,0.006889285788141029,-0.0050807589598075124,-0.0064858402352184165,0.49341987280644656,3.7536960664544154,1.4213331596563992,-2.491756574730037
0.013980925638056267,0.006901886796395859,-0.00506004856171855,-0.006501839668089998,0.4907796210582321,3.7447965736606803,1.4410529767301556,-2.4828920593642536
0.014077517704739903,0.007057584753167309,-0.004840861496916336,-0.006708316018910435,0.46572712738364036,3.6623383013244966,1.6769877174822148,-2.3834939807791096
0.014068384122075337,0.007044627854438913,-0.004861742213651692,-0.006692691422178098,0.4682243557286901,3.6725467762544084,1.6578254336706306,-2.393767694210133
0.013983347343291682,0.006930353871219613,-0.005048967923827281,-0.0065518074688103375,0.4912708122919666,3.7601833991217313,1.4838647745223332,-2.4810668111725573
0.01399294269110124,0.006943062424512169,-0.00502835298465043,-0.006567964065671339,0.4885717650295533,3.7511354274464135,1.5036826613432968,-2.4719134568616763
0.013990767726504991,0.006914595444602537,-0.005039296843898166,-0.006517921318409395,0.488157405267409,3.7358264633927725,1.460816573578433,-2.4739065546965815
0.01403040821278109,0.006993662393664787,-0.0049464559079870065,-0.0066313898062304736,0.4787234558335988,3.714061629041693,1.581487121803075,-2.4344247759899
0.014020974427822692,0.006981129404680197,-0.004967190081098809,-0.006616012770723249,0.48110992193205687,3.7238705615665997,1.5623996075592455,-2.444107295704061
0.014002369357284801,0.006955812505314125,-0.005007916256018368,-0.006584172542410327,0.4859591515347917,3.742174270947413,1.5234582004726531,-2.462739521793576
0.014011669765078963,0.006968517058155935,-0.004987602224516246,-0.00660024875990834,0.48348215568275604,3.7331717570310707,1.5430566580054734,-2.453509311693987
0.014046803891361781,0.00699119218663749,-0.004917702961719613,-0.006614185099035808,0.4732775817995632,3.6825817910762484,1.5775571718349577,-2.419151240177813
0.014056738338195297,0.007003564955460717,-0.004896092956823916,-0.006628546795055228,0.47059299883024514,3.6715652825392664,1.5960076180754426,-2.408903455930887
0.014066697274677494,0.007016310214109647,-0.004874221226238246,-0.006643394312851394,0.4679170521483315,3.6604945245648755,1.6148854536235995,-2.3984490550731845
0.014076260901808196,0.007029481257695952,-0.004852808476061905,-0.006659160037014095,0.4653686407321725,3.6501418279255478,1.634302288534885,-2.3881576371207007
0.013833614737559272,0.006746491517134044,-0.005353580959553447,-0.006308097572399808,0.5316667613318496,3.8816401550628785,1.1837796871894681,-2.6029014510553385
0.013823356546382897,0.006734560594032966,-0.005373424005140868,-0.00629146246117842,0.5343192821458597,3.8885012830884835,1.1634238661652656,-2.6098889667405665
0.013802911534511934,0.006710605749784896,-0.005412626854704846,-0.006257565272594637,0.5396494348626063,3.9012396514690315,1.1223237528973335,-2.6232168557463407
0.013813142057674569,0.006722593251262873,-0.005393070356572719,-0.006274597551686539,0.5369693829158234,3.8949948344092227,1.1429331990094074,-2.6166417422719466
0.01384982993149964,0.006742933436913294,-0.0053239867565213475,-0.006292805985451574,0.5256777900882934,3.849478371830458,1.1834463802557265,-2.587096153221242
0.01360606881827831,0.006516417630646788,-0.005769352670920256,-0.00597224869245763,0.5898813491935652,4.016056704487705,0.7639289411899989,-2.7296850986646564
0.013601545239737611,0.006531733590664735,-0.005780372557068929,-0.006002444962582544,0.6001333490767568,4.044377089770748,0.7768632627308115,-2.740859633319453
0.01359972827929311,0.006489646137999887,-0.005777274572269179,-0.0059243032744159185,0.5921853977610924,3.99205343605226,0.7232361141736253,-2.721739326453276
0.01361071784298315,0.006500913647923982,-0.005758622728260628,-0.0059422818920807025,0.5895230915720738,3.9887781565387357,0.7444479108163357,-2.7179116070081117
0.013617038230906958,0.0065277282050428785,-0.00575045943911744,-0.005990249317591913,0.587055099958453,4.012368267144608,0.7854087829755066,-2.7255282128610907
0.013612423365294982,0.0065430653130452605,-0.005761473096768143,-0.006020587800907667,0.5963785156299265,4.040601725744309,0.7985185752540059,-2.736684745271901
0.013644843410250553,0.006577264761224861,-0.005704464295488226,-0.006074631132814925,0.5873620060592496,4.028556955247839,0.8632512298045807,-2.7231270740855305
0.013660383305759784,0.006573475945016356,-0.0056746675577204345,-0.006061999404759769,0.5760430148170971,3.996429750031495,0.87086117571842,-2.7075300414285013
0.013634072558014073,0.006565831011279577,-0.005723497923508586,-0.006056700880249565,0.5885498506305732,4.032698930780723,0.8417717040354568,-2.72782476573649
0.013649600160468149,0.006562008554992147,-0.005693706149659395,-0.006044186490443353,0.5792427909633506,4.000721895656221,0.8495479545650667,-2.7122704609620523
0.013623265840603561,0.0065544311575132675,-0.005742502935937974,-0.006038684493655112,0.5916258648576592,4.036690744641337,0.820187107899598,-2.7323511222576986
0.013638808414035789,0.00655053815067325,-0.005712633550085278,-0.006026240669845979,0.5822098375549433,4.004731017488969,0.8282139215468289,-2.7168207800406496
0.013627962399488188,0.006539098232711384,-0.005731534052459553,-0.006008236558323541,0.5846520085659445,4.008573815682748,0.8068393068206232,-2.721228635774244
0.013792641607864605,0.006698594281302368,-0.00543213469356868,-0.006240370701872834,0.5423490418980738,3.907271601095792,1.101583879302433,-2.629633862579601
0.013782312831807898,0.006686581264281278,-0.005451627901457854,-0.006223064242946232,0.5450880770676291,3.913142282299306,1.0807451093137679,-2.6359129645975323
0.013676220593744147,0.006569428394219801,-0.005645004907810631,-0.006049168132336791,0.5728994947661085,3.965248372296608,0.8715146695600761,-2.691571700411703
0.013771906498898652,0.00667461574709211,-0.005471139551847161,-0.006205744338162441,0.5478726563899797,3.918930983038798,1.059874972905482,-2.642083430283211
0.013761416047634737,0.006662735993367961,-0.005490682717719796,-0.00618848302250468,0.5506896077248475,3.9246882018007354,1.0390261311655717,-2.6481629507206197
0.01375084024093002,0.006650971507082972,-0.005510262463072412,-0.006171333331901512,0.5535158195909061,3.9304484935388415,1.0182374707099087,-2.6541636309315515
0.013740215955769394,0.00663932385603497,-0.005529813367014924,-0.006154280463407055,0.5562888407525274,3.9361543016883167,0.9975171092162926,-2.660055647876986
0.013687110239780004,0.006580890919535377,-0.005625687980863891,-0.0060665977420653475,0.5700792415559005,3.960476963035211,0.8925162118670366,-2.6865344553460466
0.013729622213468138,0.006627716037879404,-0.005549188432563255,-0.00613714931816542,0.5589606712437466,3.941591921178835,0.9767792339363802,-2.6657441456712334
0.013719114548591206,0.006616023995213366,-0.005568278571354481,-0.0061196919484038095,0.5615900198632137,3.946528236026159,0.9558771975252239,-2.671133335960206
0.01370860336209227,0.0066042393339271165,-0.005587245430647293,-0.006101932078287814,0.5643136395380416,3.951098884747664,0.9347782241300332,-2.676295715041984
0.013697936564122047,0.0065924941539856384,-0.005606376560656825,-0.006084171944482402,0.5671778841256683,3.955707213793183,0.9136134787229057,-2.68141473287814
0.013468266409335267,0.00639845476026239,-0.0060024630607668425,-0.005780353684273896,0.6312115871040754,4.074607709047626,0.5158593505945406,-2.779286170760422
0.013472294024727311,0.00638299839397087,-0.00599047305286736,-0.005750832063844239,0.623618288390405,4.04507747775862,0.5049195109826505,-2.7668349095274305
0.013502055721075015,0.006431301956387211,-0.005947753722527863,-0.0058366326833136665,0.6250674106317919,4.069462159278926,0.5813065795800855,-2.771799220813891
0.013517418969622927,0.006426829547194989,-0.005917710763310571,-0.005825417051126655,0.611998298914915,4.038131102978,0.5914707667994326,-2.7569253370423428
0.013490827038345834,0.006420317529674785,-0.00596603900341465,-0.0058179407056027635,0.6264763786759459,4.07138160208684,0.5595369505091109,-2.7744402966440185
0.013506166323971523,0.006415856966549754,-0.005936039570229069,-0.005806926945256617,0.6150576042126509,4.040232677960582,0.5698354765337396,-2.75967920380423
0.013479563897172281,0.006409368428048451,-0.0059842721834077435,-0.005799184417036598,0.6282823866521443,4.073079172410452,0.5377333947126666,-2.776947828492466
0.013494913806447425,0.006404894971102897,-0.005954243495537702,-0.005788330708996326,0.618161506266741,4.042067980014672,0.5482156827931358,-2.762234596955833
0.013483632946926257,0.006393936318734397,-0.005972369024948517,-0.0057696209865213295,0.621011910634688,4.043658993869056,0.5265870838877355,-2.764610024268
0.013533051358467212,0.006422042256922782,-0.005887849197523603,-0.005813888462090014,0.6088345929310607,4.0071344765830155,0.5945570140137774,-2.7410800745823702
0.013544431244029263,0.0064330308144699986,-0.005869191892714568,-0.005832045206900958,0.6059813293049753,4.004516519042415,0.6159075271478245,-2.73799121196419
0.013588768657802277,0.00647837552137557,-0.005795743390237384,-0.005906180905548022,0.5948159629412975,3.9950068773263787,0.7019809150621007,-2.7253406566836085
0.013577853091579014,0.006467018934680956,-0.005813986295861257,-0.0058877619450110295,0.5974332926978955,3.9975060268255365,0.6805901904174408,-2.728659287823175
0.01356689470601555,0.006455582753094785,-0.005832161575502182,-0.005869081007449243,0.6001558459790565,3.9996908734457652,0.6590337680791905,-2.731766581576126
0.013555750547284445,0.006444214420910247,-0.005850561110544806,-0.005850439768615906,0.6030441787123569,4.00198113170525,0.6374236616180139,-2.7348584213846086
0.013476538293537775,0.006367276201776339,-0.005978540480677367,-0.005721425671308334,0.622284382225249,4.015717733039935,0.48765768145301225,-2.7532781832661137
0.013465021940214707,0.00635637713000724,-0.005996696573698369,-0.005702680980293104,0.6250629410378182,4.017000771477935,0.4661024358239563,-2.755309164461488
0.013457627857777155,0.006329704989541156,-0.006002493570206699,-0.005654497721679603,0.6236752764539748,3.9883212347624935,0.43023902723062163,-2.743946938339882
0.013469264337694924,0.006340413551944441,-0.005984345804853366,-0.005672929047642754,0.6209177230865864,3.987019759997961,0.45146106979243056,-2.7420452751910624
0.01127363694623801,0.00510446086886898,-0.007987997734354671,-0.002077717368678646,0.6918266880167897,2.2196396126850675,-2.1945530260946757,-1.324370649134609
0.011288987141357086,0.005108993861124116,-0.007981799403900825,-0.002103083590171997,0.6949024095073543,2.238307969113794,-2.1865936392229313,-1.3401522555293397
0.011304481806307942,0.005112659098836265,-0.007974347614819693,-0.0021279672554410903,0.6974820489330124,2.2561562796703694,-2.1776084962835296,-1.3557572041848134
0.011320204732620983,0.005116664859846182,-0.007966963867636387,-0.00215338358698332,0.700203790327341,2.2744648391281266,-2.1685747058451352,-1.371618482485527
0.011269606997745582,0.005087084792798467,-0.007971004889802473,-0.0020591479455666496,0.6834715014185434,2.198325444262371,-2.1826072854381557,-1.3151572291113531
0.011086996012254147,0.00504099665157761,-0.008042142392899035,-0.0017621127959818689,0.645725364946219,1.9825061797978163,-2.27080020025082,-1.1293185033706747
0.011107020563326065,0.0050361285512413,-0.008023896506879846,-0.0017885764725858032,0.6458554975364743,1.997710626514347,-2.2534907330602816,-1.1475996838236073
0.011124278549437604,0.005036151998133977,-0.008012857227938165,-0.0018138936932415326,0.6477305250829839,2.0143261100606966,-2.242092697907719,-1.1641712985185595
0.011141412316234056,0.005036094604356478,-0.00800164317336288,-0.0018388572197602785,0.6495084775693165,2.0306201111435693,-2.230537099962261,-1.1805171892476372
0.011168374504496212,0.00505009824204964,-0.007999793339861136,-0.0018873528662257824,0.6584367676505584,2.0688915324090007,-2.224246235797219,-1.2096290919282546
0.01115919677945092,0.005034431623259936,-0.007988000103567273,-0.0018635717257091905,0.6504791935812763,2.0459213765222093,-2.2169889394073063,-1.1969672495115822
0.011265173785003335,0.0050693098596002245,-0.007953941634776964,-0.002039836406358787,0.6749344680840191,2.1765856148026845,-2.1707341962860163,-1.3055516787569081
0.011250077787626626,0.005064950692708119,-0.007959904614413316,-0.002015212677894483,0.6719048196118173,2.1586313864951276,-2.178303628419553,-1.290293369890794
0.011235766165147506,0.005059942733482289,-0.00796443196477855,-0.0019912198311155915,0.6685766063636428,2.140727958860062,-2.184591750513864,-1.275552907253245
0.011219966946330434,0.0050549815160029895,-0.00796993211016457,-0.001965120074580083,0.6650975159809418,2.121493672534495,-2.1918594982594732,-1.2594378956195673
0.011203201598677999,0.005051351928577566,-0.00797746986800993,-0.0019385324656596532,0.6620897718598123,2.102594822886246,-2.20079484600546,-1.242773361729338
0.011185841118932241,0.005049277191303927,-0.007987023740334347,-0.0019120917570810368,0.6596392534878239,2.0845175089798107,-2.2113146063639983,-1.2259197814137677
0.01108002995897696,0.005021513954807356,-0.00802405150222868,-0.0017397004225524163,0.636296513792222,1.9589382299066698,-2.2581514494323396,-1.1184220602316481
0.011332021758353525,0.0051061437352584015,-0.007945818483356137,-0.0021619938739005683,0.6958239948057725,2.273793357544155,-2.1501280230752293,-1.3787970963685325
0.01156343106260982,0.005187223390702826,-0.00784298758300027,-0.0025472344578195433,0.7367125306584348,2.5570393223380066,-2.01358452488796,-1.6140674498890497
0.011547825054934777,0.005182318189822669,-0.007851629104225606,-0.00252201723584454,0.7347286891545411,2.5391329412054806,-2.024509798554014,-1.5987666836822412
0.01153248405805765,0.005177423319888717,-0.00785989108552825,-0.0024971088027903043,0.7326722858199362,2.521342197716589,-2.0350193544691098,-1.583628402051014
0.011487006904399305,0.005163189456299879,-0.007883820299471093,-0.00242322200794081,0.7262893646058436,2.4684020051018236,-2.0653742874017476,-1.5385414168486624
0.01151727284119187,0.005172552060016056,-0.007867915764090903,-0.0024723456545319793,0.7305534604250631,2.5035891310350507,-2.045254553078862,-1.568552507020546
0.011502117545019666,0.005167813968208309,-0.007875895672012918,-0.0024477277144408995,0.7284293647753284,2.485953948549696,-2.0553735845487027,-1.5535301831394384
0.011483875885435283,0.005145037274399361,-0.007865998091950058,-0.0024032999614622998,0.7176669109334277,2.444361416553264,-2.0535299376671023,-1.5278372273385248
0.01138080916521198,0.0051353255244749735,-0.007940769338376607,-0.0022534751637238236,0.7114864194627851,2.347952901958955,-2.1348699992999722,-1.4335814216972766
0.011366372956797299,0.005130191603514333,-0.0079464277640799,-0.002229133880393444,0.7085292791918459,2.329791590342216,-2.1425593440296886,-1.418625880996976
0.011468885223100612,0.005140235486457734,-0.0078734212373775,-0.0023789053985923472,0.7153508712323645,2.4268045402927005,-2.062990337253524,-1.5129675107849083
0.01145365149563006,0.005135468128641693,-0.007880947722773644,-0.0023541681763166976,0.7129895872990594,2.4090216632005945,-2.072529333467699,-1.497860390951911
0.011437978374044226,0.00513131990265175,-0.007889396279940673,-0.002329303767291325,0.7108419983130078,2.3915125322066966,-2.0827890494321086,-1.4825822597013854
0.011392445931479705,0.005125626834748246,-0.007920314307765346,-0.00226188030796518,0.7071985766149814,2.3471680942824413,-2.1169351062998314,-1.4403178087707857
0.011406418293970311,0.00512658865030486,-0.007910062891986482,-0.0022820150407832415,0.7080077528745138,2.360021735019053,-2.1059374390631835,-1.4530649355170528
0.0114220123798841,0.005128193823170276,-0.007899093897270946,-0.002304821844504399,0.7090992042457723,2.374821140154907,-2.0939726231311444,-1.4674001176224303
0.01148094373288218,0.005126772106661565,-0.00784799129627152,-0.002383679701881442,0.7090787873833592,2.420707653005507,-2.0415422105469876,-1.5173655156352668
0.011713794165692015,0.005242561640424884,-0.00776073746763866,-0.002795161537911602,0.7558209112251006,2.7346859474509873,-1.905007685838681,-1.7622196549694629
0.011699993771132657,0.0052363197650053366,-0.007767609266103734,-0.0027714486624257034,0.7537779326939537,2.717218531591648,-1.9148625935623294,-1.7482360025486814
0.011653851119793612,0.00521958607642095,-0.007794272048236924,-0.0026959946320936454,0.7486141199965402,2.6638304036713323,-1.9497062165137848,-1.7034242032022042
0.011685063911204501,0.005230352436493357,-0.007775771439300391,-0.0027465413373297973,0.7519430850344605,2.699277020358472,-1.9259126319516098,-1.7334809443685677
0.011669925965643807,0.005224012540415559,-0.0077835763659195025,-0.002720964898039144,0.7497996806552599,2.68064474069916,-1.9367209668602527,-1.7183254999661077
0.011594664582893557,0.00519908863748804,-0.00782752818546826,-0.002599438961060387,0.7414408266300317,2.5951688506959445,-1.992762367075416,-1.6455127668353544
0.011579400042171227,0.0051924725883237795,-0.00783424304571234,-0.0025731918611401013,0.7387442535198671,2.5755412281897994,-2.00240150278532,-1.6297648082795864
0.011623897034671014,0.005210959523329143,-0.007813343788473108,-0.0026488836037313365,0.7459681269827331,2.6315623337318264,-1.9731561848009302,-1.6751582893852837
0.011609825336149899,0.005204897288899533,-0.007819851961096877,-0.0026247703766199633,0.743616446467163,2.613647332668346,-1.982415923281225,-1.6607423525903855
0.01163633335113715,0.0052018486601212435,-0.00779132684974818,-0.0026563464665004884,0.7410485595559405,2.628332063512391,-1.9539881237701309,-1.6801399979628635
0.01164995785120955,0.005203569121138639,-0.007780194937965436,-0.0026755385734996474,0.7411934715146214,2.639918642338263,-1.941747375455021,-1.6916572489933037
0.01136299228150573,0.005115401334522368,-0.007932199674751535,-0.0022126737647210405,0.7014423285310859,2.310711051162091,-2.132830494221721,-1.4101192282957118
0.011349323876684534,0.005106034262219746,-0.007932261431090928,-0.0021861981132785618,0.6964711742379472,2.2887897708722313,-2.136100481402203,-1.394414772521825
0.011963425420022671,0.005325965104097081,-0.0075824951676826315,-0.003184359385978936,0.7676739781113561,2.9893917241315884,-1.6822035487070088,-1.9841275122191626
0.011934267167196685,0.0053074460089379,-0.007596043340436715,-0.0031301185641044184,0.7633295935811236,2.9484286396311443,-1.7053989172553143,-1.9535588739082268
0.01195275143797674,0.005313804172886738,-0.007581835470512229,-0.0031583751912610462,0.7637027386731008,2.9660832152824304,-1.6878168848765525,-1.9690794216653278
0.011917854858681173,0.005302764448291197,-0.0076095026627750325,-0.0031060043799572283,0.7632925847129705,2.934005564278166,-1.7213845631896503,-1.9403036301407248
0.011902539869715945,0.005300855388143201,-0.0076245448909606755,-0.0030861265483506234,0.764441980890623,2.924065983537408,-1.7376135768593393,-1.929486682086985
0.011730557964186502,0.005263825022502698,-0.007767405579044199,-0.0028378475498121378,0.7648370834663148,2.775191289220555,-1.9025915740163113,-1.787304872430598
0.011745390632124248,0.005268989960963612,-0.00775796790444576,-0.0028618141940554404,0.7660801115074221,2.7917872180712853,-1.8904018661906823,-1.8014353642318248
0.01179054552718059,0.005285120372853373,-0.007728798623947419,-0.0029348137328151502,0.7696584924016068,2.842109185699425,-1.8525571188152166,-1.8441824295651144
0.011775498627937581,0.005279518867850003,-0.007738417270455828,-0.0029103163975836895,0.7684132259483515,2.8251448656152607,-1.865179850862264,-1.82988713301486
0.011760402943695347,0.005274199058597246,-0.007748248909316413,-0.0028859884705818776,0.7672703115202234,2.8084295631746605,-1.8778811137788125,-1.8156426641362697
0.011889670352848911,0.005292089726242751,-0.007629405619383156,-0.003061414493050672,0.7619234909766354,2.904758582149071,-1.7469082478298927,-1.9153607703606534
0.011847510088323326,0.005292641533387661,-0.007676104043059015,-0.0030121158851775225,0.767130817492064,2.8844813311179895,-1.7944160605900905,-1.8883268945243332
0.011833659360121802,0.005286130490851312,-0.007683976040742648,-0.002988445582815457,0.7655636366699529,2.8675101393107916,-1.8056449717495722,-1.8747355417136602
0.011874461452218344,0.005287089347445559,-0.007640748135821905,-0.0030380808246964403,0.761475462239602,2.8898929530768496,-1.760900350364853,-1.9022740708453136
0.011860443625898859,0.005284262989822569,-0.0076529926902796615,-0.003018435645804893,0.761798539042412,2.8786878718701012,-1.7747609567858291,-1.891298404385163
0.011818628243242322,0.005280081651727656,-0.007693478510473682,-0.0029638032716549968,0.76436243979588,2.850440412979814,-1.8183111966094787,-1.860547509454609
0.011803870921622989,0.005273862611605986,-0.007702355328881917,-0.002939261767394003,0.7629020056901198,2.8331908405162705,-1.8303782880875132,-1.8463867427037706
0.011728174997564872,0.0052479793417626215,-0.007752237463030299,-0.002818745895877371,0.7573299292976444,2.751329661978151,-1.8937892014830615,-1.776126230654653
0.011726075975731774,0.005234098505344889,-0.007739032353050129,-0.002802090746209497,0.7509162971091833,2.7307414487579984,-1.8862206134358896,-1.7663819177192266
0.011976907678462337,0.005329067142089201,-0.007570256326673228,-0.003203124218268932,0.7671356755073416,2.9996415972641253,-1.6682332591507498,-1.9941795979990025
0.012009321248032565,0.005356350520195222,-0.007561187579328125,-0.0032711369614509232,0.77453796862319,3.055194437238829,-1.6445508406840232,-2.032728916602594
0.011992213460071175,0.005332902087790786,-0.007556563560296868,-0.0032246772799502106,0.7666008891156318,3.0115703329591543,-1.6524421814262364,-2.0056728914482362
0.012007691612839938,0.005338049533495977,-0.007543904251469442,-0.003247838908875205,0.766560323822426,3.0254273925281496,-1.6370116555196128,-2.0180889371757176
0.012052515389325556,0.005377684073968994,-0.007532073148843099,-0.003344003565575959,0.7770139681269739,3.104549768883929,-1.6034605236941133,-2.0723634084184717
0.012038946362763888,0.005370643648390713,-0.007541006303962482,-0.0033207568471749905,0.7761445122457228,3.0886123654501954,-1.6163772183529908,-2.0597327281868516
0.012024628831022769,0.0053629382257223595,-0.007549999233014902,-0.003295857733355533,0.7750103093941485,3.071249497593819,-1.6296823824212272,-2.0461262567607545
0.012066744822239737,0.005383584356255737,-0.007521017288415131,-0.0033665368839543588,0.7771759501830027,3.118663702900537,-1.5890458872346167,-2.084340725327564
0.012081258095204201,0.005390127606780094,-0.007510142724504271,-0.003390085859484687,0.7775205498247332,3.1337524504292014,-1.574441465243037,-2.096849023827828
0.012095510665931097,0.005397305490338312,-0.007500099945926917,-0.003414070464565624,0.7781301641022546,3.14966970753372,-1.5602704356927342,-2.109627637443261
0.012110005747596977,0.005403686065737568,-0.007488788953203357,-0.0034372677333549158,0.7782607035047063,3.1641740350304257,-1.5452858849690083,-2.121783746538458
0.012154437398102203,0.005421170055606103,-0.007451106253610107,-0.003505274834873104,0.7773875184400855,3.2039188782710686,-1.4976266040190325,-2.1564953186768174
0.012139614025517916,0.005414758833368542,-0.007463232765937847,-0.003481953934280007,0.7774990656875459,3.189882043414139,-1.5134233867889881,-2.144583660122395
0.012124855011632447,0.005408982147542671,-0.007475779912670566,-0.003459406601111105,0.7778238725369575,3.176738473421917,-1.529258122093881,-2.133083486916384
0.01216934684064875,0.005427965839756914,-0.0074391107975213715,-0.003529085823554948,0.7773511282173154,3.2184372627111024,-1.4817203682282318,-2.1686300968659746
0.01218444643861537,0.005435229594070095,-0.007427189189397303,-0.003553605163587908,0.777369447326928,3.23359313892484,-1.4655922235931422,-2.18109789192371
0.012198451162988597,0.005443835487135711,-0.007417865724012338,-0.003578680928723013,0.7781787165304187,3.2506821838359987,-1.4511469880494117,-2.194110932404376
0.01222568978640533,0.005459228881058188,-0.007397953602157788,-0.003625590602114384,0.7789299378582141,3.281205772951512,-1.4220450146286618,-2.2180031054441964
0.012212646057152636,0.005451432200283553,-0.007407133862108309,-0.0036026008351302736,0.778383103620599,3.265948004769395,-1.4359098936079293,-2.2062663067951367
0.012238962848698522,0.005451881073718368,-0.00737333663296162,-0.003628935291579343,0.7730089382036893,3.27002820469365,-1.4028923735938605,-2.216700953724876
0.01225212469681297,0.005455273970809824,-0.007359458165340443,-0.003646056655714873,0.7715698766677263,3.2772535365200173,-1.3874039183679125,-2.224400660404988
0.01228270527435442,0.005466261993846348,-0.007329863464196197,-0.003689539976317147,0.7693518082566834,3.2987264692167515,-1.3521012607284701,-2.244453873634504
0.012267508978490221,0.00546009961706756,-0.007343956067748889,-0.0036670675946169143,0.7701971875965724,3.2869578162251867,-1.3694926243499481,-2.2339676797790564
0.012298038628086067,0.005472927488539693,-0.007315926243225255,-0.003712698285449599,0.7686244566594738,3.3111517930762617,-1.3345483839011019,-2.2552612013011593
0.012366809072936922,0.005547575408206271,-0.007293982725729751,-0.0038770021052481787,0.782171933908443,3.4446629243067837,-1.262796300199916,-2.3423010635018175
0.012339473564571912,0.0055324919179450425,-0.007317329854670435,-0.003831497842112988,0.7829439246304645,3.418083590221825,-1.2955606818814853,-2.321045577659824
0.012353159864545047,0.005540068604891982,-0.007305735003936117,-0.0038543502244814403,0.7825909768838369,3.431528663838041,-1.2792344604862047,-2.3317754642368786
0.012380624915220665,0.005538692386925367,-0.007266290794273734,-0.003876848237227011,0.7750526553392802,3.4274924566363736,-1.243110342136035,-2.337636377638112
0.012394485436027761,0.005545440902877843,-0.0072533244023507614,-0.0038983534845542125,0.774185067090669,3.43872805873213,-1.2262325942990977,-2.3471599799398084
0.012408130852115678,0.0055530057762370804,-0.007241290866839389,-0.003920731988036891,0.7736396220484866,3.4512610439431515,-1.2096388411726078,-2.3572364587539103
0.012422011282737407,0.005560069959306811,-0.007228320292331698,-0.00394252697297837,0.7727890381471187,3.46267247285092,-1.192532273698219,-2.36677094711887
0.012340036716124157,0.005515702326393909,-0.00730037631753555,-0.003808958660941202,0.7759465760234422,3.387549026872874,-1.2911645317134397,-2.3059604788246144
0.012326144303633583,0.005508038941990167,-0.007311954622394202,-0.003785870659933254,0.7761927278829802,3.37389508746099,-1.307345214472656,-2.295055166937083
0.012325895872529705,0.005492980497768061,-0.007297809043122114,-0.003765219475338636,0.7702754235715326,3.3471110561214443,-1.3041778386879426,-2.2815089661254726
0.012315075970826359,0.005480353761577019,-0.007300275990814364,-0.0037383320209606287,0.7677047680445013,3.3247180777031136,-1.3149019141134806,-2.2670900358229975
0.01243681964175612,0.005566502013478489,-0.007213308074461979,-0.003964111582925463,0.7713891391705024,3.4725666636609662,-1.174043947777087,-2.375731618680667
0.012466085279384889,0.005582844139811704,-0.007186533467007269,-0.004011625016447547,0.7698102062364104,3.498015944697002,-1.1375506304137326,-2.3962718087439137
0.012452110145998356,0.005573900141034155,-0.0071983506473654235,-0.003987353910028348,0.7701342674310063,3.4838950349594415,-1.1549381122356255,-2.385488058964764
0.012480121250965903,0.005590908452662723,-0.007173673406422874,-0.004034611864477147,0.7690128513711659,3.5103404671624205,-1.1198329973007672,-2.4061193335798188
0.012493979243072634,0.005598757917650761,-0.00716072621885237,-0.004057060155613904,0.7681441882194092,3.522048744030401,-1.1022264599397162,-2.4155556413234236
0.012521173167794638,0.005614645014746226,-0.007135331928337034,-0.0041015729974021075,0.7664360006640258,3.5453122034177924,-1.0673032804022908,-2.4340939561632706
0.012507659152520815,0.005606594301603089,-0.007147883961523807,-0.004079265998345675,0.7672576509051071,3.5335874426716685,-1.0847004524215869,-2.424823606835765
0.012534890621111778,0.00562268498883,-0.007122331066999609,-0.0041239428259963054,0.7654858398342731,3.5567876208516096,-1.0494835735811454,-2.443248895796758
0.012548055619666206,0.005630892025439744,-0.007110149375345606,-0.004146057097569627,0.7647209640888694,3.5684707488461327,-1.0322874896152217,-2.4523279203672708
0.0125759659358123,0.0056467764885354595,-0.007082553778695322,-0.004190437716123753,0.7623360783655119,3.5897683803714746,-0.9954572247782698,-2.469662438806988
0.012562140520052972,0.005638644116436967,-0.007096066026555689,-0.004168109524752733,0.7634397604437817,3.578859028263036,-1.013748232207494,-2.46092015871444
0.012602043975223277,0.005663978608222465,-0.007058267353549897,-0.004235117093529884,0.7607460455622218,3.6132261352233406,-0.9604698737250033,-2.4875053830134886
0.012589459299084975,0.005655186911069597,-0.007069634835335366,-0.004212855121514617,0.7613401299983455,3.6011110664452404,-0.9774345157835796,-2.47851107228362
0.012657361578557453,0.005675737238200533,-0.006984386255380631,-0.00429113061543135,0.7483400124268281,3.613974239608137,-0.8878847700650955,-2.4995043120817417
0.012643089052949972,0.0056684869679288485,-0.007000041113706959,-0.00427051322898698,0.7501573401057878,3.606302152632231,-0.9070085691874904,-2.4926397642475737
0.012628679759460196,0.005662506940779674,-0.007016832912027984,-0.0042515990318112975,0.7523870445569499,3.6007773591725045,-0.9261110567978914,-2.4868021695395477
0.012615684426871745,0.005657835079021112,-0.0070324834827643744,-0.004235509751039441,0.7546258214672072,3.596912642041622,-0.9432468026043412,-2.4820623994935014
0.012671427095990518,0.00568336201324192,-0.006969219519140243,-0.004312063053088817,0.7466680288093436,3.6221742745083767,-0.8689024642370548,-2.5065480025845175
0.013329050082280823,0.006212601831994929,-0.006194769003670407,-0.005444863655078568,0.6524360350829391,3.9861510246594833,0.1960519020232052,-2.752332179104687
0.01331736816831885,0.00620219001405106,-0.006211530452625821,-0.0054255187240981025,0.6549106044034999,3.9846564911156093,0.17499561465621213,-2.7520455904516274
0.013305707996510914,0.006191541264625859,-0.00622801954510382,-0.00540563651917093,0.6573229580456329,3.9824726638350243,0.15375132274531336,-2.7513638325331624
0.013344600849860257,0.006206993914160235,-0.00616455801267161,-0.005435398410585345,0.6459594428604705,3.9565704279416143,0.2048415308391147,-2.737967521117674
0.013411783420285206,0.006285604116985863,-0.0060720793109593175,-0.0055771774347473935,0.6339370872653598,3.9877696676665333,0.3443594775198712,-2.748140959740858
0.0134460971874657,0.0063189303244448125,-0.006020298076964318,-0.005635809018975505,0.626365299565525,3.9890884152583936,0.40899889426971886,-2.74552367275177
0.013434900179288077,0.006307742176362531,-0.006037230343360061,-0.005616221228363922,0.6288164446244822,3.9884578814888845,0.3875562575262952,-2.7463740043368188
0.013423572695749274,0.006296478630750551,-0.006054238912001967,-0.0055963918964188454,0.6312838954624252,3.987626966618652,0.3659418540661201,-2.7470635571029054
0.013416068613090339,0.006268647920173592,-0.006058573436376702,-0.005546260930885176,0.6300131833605443,3.9558532273212266,0.3299179908597438,-2.7334555173148103
0.013403899416421486,0.006258602795171445,-0.0060770956261646915,-0.00552852037621053,0.6328563359350997,3.9573544741319036,0.3091360688365142,-2.7350398942751917
0.013392013702311722,0.006249006806242081,-0.006095147956340317,-0.0055114496012603565,0.6356524874565577,3.9588948273379967,0.28902361463581056,-2.736550068875537
0.013357157207216133,0.006216448941777179,-0.006145733848204737,-0.005452725493179677,0.6430058685429842,3.9549787219202472,0.22548704179534437,-2.7366859445877005
0.013370011105767625,0.006226794346773985,-0.006126595143460401,-0.005471513776207527,0.6400386231200027,3.9541112189096626,0.24723377109003628,-2.7356500104066694
0.013381352438354243,0.006238236889499658,-0.00611045072186493,-0.00549213336018077,0.6378069723190104,3.95668793711587,0.26873589979131024,-2.7362025820586915
0.013171275896365941,0.006079243733150258,-0.006413591204138719,-0.0051873438295871105,0.684660362275192,3.9558445613220603,-0.08043769062217983,-2.7378694571663793
0.013159087320439815,0.006069814357609848,-0.0064299922438581575,-0.005168190209172489,0.6870981399477519,3.953084625396134,-0.10093099350612068,-2.7360681723211937
0.01314720081064072,0.006060028323515369,-0.006445541495813963,-0.00514836938740294,0.6892958519443745,3.949086421866339,-0.1213478491599952,-2.733612741291705
0.013135259687540693,0.006049962331547357,-0.006460899069058273,-0.005127945805401894,0.6914289677585721,3.9443918409289798,-0.14198661060416137,-2.730750027963168
0.013174037883680607,0.006063481328720729,-0.0064004479656251,-0.005160283137467611,0.6804422929296309,3.9252752562920326,-0.08988854843048301,-2.722996627064948
0.013183750101452762,0.006088692961517362,-0.006396569982218524,-0.005206472766916998,0.6820934390372925,3.9580470263065237,-0.0596141434451408,-2.7393455078977182
0.013196305163670652,0.006098632473500946,-0.006379528022021249,-0.0052263592233311685,0.679579808085871,3.960737866141279,-0.03830014325214243,-2.740993047917844
0.013220480367247758,0.006119740033676767,-0.006347299309831206,-0.005267797715895962,0.6750418239163879,3.968509569405978,0.0044654695691067866,-2.74520533033013
0.013208549123407715,0.0061091526068921265,-0.006363191458739827,-0.0052470987394919255,0.6772634477123739,3.9645190411211435,-0.01680736501882196,-2.743088053985938
0.013310053287002861,0.006175133825171176,-0.006213270989220553,-0.005376567385890262,0.6529722890736888,3.9500608153669137,0.14233785983754424,-2.736002483289147
0.013298389498373366,0.006163504260834517,-0.006229066715372856,-0.005354940990024814,0.6550947081789985,3.945917657086747,0.12050326845386793,-2.7342736055675165
0.013285076035059793,0.006153072223913321,-0.006248171311061131,-0.005335181871247816,0.6580253058622517,3.945494197842255,0.09820939619975354,-2.7342585747549335
0.01327199240570646,0.006143656019428536,-0.006267184534749184,-0.005317102466204181,0.6609989913228022,3.9461534074834668,0.07702725521296744,-2.734680343385748
0.013259833668548082,0.006133881513640711,-0.00628426862276269,-0.005298355440569036,0.6635387912622611,3.9448042551605895,0.05639111309860106,-2.734066508853479
0.013247997745106327,0.006123592174482746,-0.006300413957712276,-0.005278621808123044,0.6658620025456833,3.9419496283726887,0.03564948920556187,-2.732663625044141
0.01323586289337174,0.00611387207048202,-0.006317227618813038,-0.00525974244450685,0.6683722807511998,3.9401401179585185,0.015123601190588453,-2.7316949107551562
0.012722278510574059,0.005755498358872943,-0.006948851604645106,-0.004456458802491355,0.7543539125905941,3.733429387304899,-0.7900817812631291,-2.573626654555858
0.01270928475569375,0.005746860767103553,-0.006962332175903353,-0.004434760688805494,0.7556996117462673,3.72374307886307,-0.808870276741124,-2.5662124437837233
0.012696140417761183,0.005737976444919326,-0.006975706159060169,-0.004412496732961881,0.7569762241413377,3.7134284228491308,-0.8277906962076891,-2.558398799059052
0.012736738400346774,0.005747695282895628,-0.006919838478325513,-0.0044530061850915235,0.7472294099615012,3.7108232140714077,-0.7732575948040034,-2.564683221970856
0.012750147639613773,0.005755235375258996,-0.006904658252985489,-0.004472927757842742,0.7453380864859708,3.7177133703951184,-0.7542799213553052,-2.5706337241992325
0.012816563540024842,0.005797933505813531,-0.006831621728513094,-0.004578558756669813,0.736921648364917,3.7581981058271694,-0.6576932026908618,-2.602593047397063
0.012802632258089988,0.005790625051306305,-0.006848478633734978,-0.0045592492594079955,0.7392825989697701,3.753321661221228,-0.6775937712145573,-2.5978607310822195
0.012789538693802593,0.005781759086067212,-0.006862676125529336,-0.004537791208064618,0.7408394688108239,3.7447229898812817,-0.696889151638874,-2.59129075953081
0.012776895570988914,0.005772329062345404,-0.006875581241310587,-0.0045156013876159196,0.7420624314248102,3.734566135600332,-0.7156752405703076,-2.5839445841548287
0.012763754588610008,0.005763415591551265,-0.006889535563574961,-0.004493868340582883,0.7435340758121526,3.7254437285791897,-0.7348251772313007,-2.576997470069811
0.01283072536402812,0.005806287557773879,-0.006815043249274407,-0.004599543161460869,0.734747207461193,3.7646076286629158,-0.637115542900435,-2.608089813662381
0.012858130421124788,0.005825344905365656,-0.00678465631204913,-0.004644485295532766,0.7312326655580342,3.7815686063373755,-0.5960377484246883,-2.6208882582639474
0.01284498768623848,0.0058153517020697485,-0.006798679172509074,-0.004621602168985523,0.7326800447266995,3.7719847915500053,-0.616096925200967,-2.614035868374384
0.012697937624126767,0.0057209298472850716,-0.006959015967633419,-0.004387067503992821,0.7508231047287824,3.680161376831009,-0.8287613076781492,-2.541651096360985
0.012684792409641522,0.005710662162352138,-0.006971019976694867,-0.0043627197293622105,0.7515175580300849,3.6670874586752036,-0.8475113068292267,-2.5323706884573096
0.012685997511479441,0.005691261734518147,-0.006953364394792269,-0.004333630442366417,0.7448619794202956,3.6304054731397133,-0.8491609990781396,-2.5136526972074003
0.012957705104394748,0.0059153023144017935,-0.006682921091720181,-0.004838782849650259,0.7220684160087071,3.8721500047891975,-0.4331358503700801,-2.6800034911961323
0.012970336435228602,0.005924858929598927,-0.006668028063528254,-0.004859996001599914,0.7201674279689705,3.879010063652546,-0.4128200286352661,-2.6848783940428707
0.012995871311772392,0.005943357955447377,-0.006636956020209603,-0.0049011894042895535,0.7159465088234249,3.8905440044352724,-0.37198480554128993,-2.6933783087758276
0.012982984020486069,0.00593430981946456,-0.006652896051247622,-0.004880939796359145,0.7181769164177165,3.8853943477092088,-0.3924647796123939,-2.689455714209394
0.01300891116803069,0.005952295848348492,-0.006620550077024855,-0.004921193506574009,0.7135996838577637,3.8950782599862,-0.35134906994106124,-2.696947087487247
0.013034759327654882,0.005971075905627526,-0.0065882962857026555,-0.0049623103677480795,0.7091119684438962,3.9052075108251265,-0.30969026539339445,-2.7044048234623936
0.013021892815361528,0.005961550585481141,-0.006604309339151303,-0.004941598090290572,0.7113247838578226,3.8999775556295053,-0.33055708921016597,-2.7006305036423943
0.012906221435656179,0.005879181338005608,-0.006744136730780855,-0.00475604627900407,0.7301415745931905,3.846833800470428,-0.5138066125552299,-2.6608700820574644
0.012893577965467926,0.005870091625066337,-0.0067586756864952205,-0.004735113877352461,0.7319366972529694,3.8395569553542903,-0.5335546845432281,-2.6554942059578193
0.012880884092535802,0.005860881736748148,-0.0067730742457402055,-0.00471386517762971,0.7336875347473716,3.8318445083737314,-0.5533321254998903,-2.6498356090985027
0.01292096699707998,0.005871984221589653,-0.006714677169939604,-0.004750780176727607,0.7231438941664273,3.8217463417959583,-0.4990915198699068,-2.6499703998047472
0.012933991466950954,0.005880101160389628,-0.006698678451639582,-0.0047699625708758,0.7209032542395862,3.826436612232986,-0.4794797511038574,-2.653973603411392
0.012947190705630107,0.005888759037719785,-0.006682631605258642,-0.004790002777125376,0.7187090088935716,3.831726415171931,-0.4593590031855031,-2.6582474022292852
0.012960229975093626,0.0058979969689610355,-0.006667106268809363,-0.004810829435008083,0.716671341910569,3.8379510064228377,-0.4390888538902588,-2.6629209311618225
0.012883423718675477,0.005844228255501707,-0.006756983579770135,-0.004687710991608868,0.7281320651084789,3.7986737173267024,-0.5572403638232756,-2.6332313514545915
0.012870803987515373,0.00583484155804351,-0.006770887182940172,-0.004666244321720276,0.7297013007416805,3.7903390806770894,-0.5766145348564217,-2.627203750339333
0.013047542467904814,0.005980761940210209,-0.00657238405933934,-0.004983159020899169,0.70692342957991,3.9105355098812313,-0.2887704727962259,-2.7081561808121575
0.013084890358636539,0.006010759266466822,-0.006526079814737664,-0.005046374339978296,0.7007114444427448,3.9275764198361602,-0.2262059615598551,-2.719464616745539
0.013072637318549227,0.006000751177994919,-0.006541313902063137,-0.005025448143108368,0.7027494616738476,3.921950482370469,-0.24690973497549115,-2.71580199372764
0.013060239097875834,0.005990631537217372,-0.006556589012765676,-0.005004186717233368,0.7047733472180905,3.9160050456179705,-0.26778145111008883,-2.711905506163779
0.013139088707211479,0.006033494891508087,-0.006445141789699782,-0.00510020763716553,0.6865069839447223,3.911172613489089,-0.1500361410221871,-2.7145365915247286
0.013127015956164646,0.006022547278844974,-0.006459976443601385,-0.005078249114905904,0.6883755510005743,3.9047724580985457,-0.1710970009947599,-2.710729281988247
0.013113369545001781,0.006013036679905156,-0.006478191228232735,-0.005058258276972116,0.6911111499604224,3.9022513844703752,-0.19281135093222987,-2.7086937352143674
0.013100261901581629,0.006004227396658415,-0.006495740845116363,-0.0050394853263049134,0.6937643775042736,3.900118136244855,-0.21344596181293332,-2.706814314815961
0.012862160483752988,-0.00590023935268864,-0.006832821393141723,0.004770178588610624,0.7546380682775574,3.921065534569069,0.5624092349859174,-2.692401021631921
0.012875026190632997,-0.005909251363970854,-0.006817787964914203,0.004791640553063198,0.7514141427330633,3.92846555523553,0.5417090577214213,-2.697997110526622
0.012876562165759367,-0.00589329441618407,-0.006803321781999091,0.004765436607630452,0.7429143210108634,3.8976682524842956,0.5429509506743538,-2.6830474389386247
0.012849266508138675,-0.005891267790960423,-0.006847778184093936,0.004748682764626469,0.7570547173625473,3.9135243242212447,0.5830201644480618,-2.686663346750329
0.012863634986052227,-0.005884289682018034,-0.006818332181243517,0.004744086651423518,0.7446047495303124,3.890287477316393,0.5634384225485133,-2.677479353771336
0.012836344393790973,-0.005882336769500143,-0.00686265178935487,0.004727162533886344,0.7579437190750093,3.9057776325512386,0.6035145226172393,-2.680822152959595
0.012850686536370884,-0.005875344463182761,-0.006833279911793403,0.0047227211195853885,0.7466267114223722,3.8827809156109088,0.5838734662469937,-2.6717706956400633
0.012823394270911455,-0.0058734463785158,-0.006877458439074866,0.0047055944882756,0.7588618810137243,3.8978144166043625,0.6239424343790686,-2.6748503356828426
0.012837736660045248,-0.0058664226832750846,-0.0068481069175627155,0.004701294376100735,0.7488030462535487,3.8750672152940315,0.6042047524956075,-2.665901116803646
0.012824768665488975,-0.0058575173024287734,-0.006862832652890662,0.004679789494100147,0.7507426010918845,3.867134438107698,0.6244385327366587,-2.6598730370263968
0.012810416269897772,-0.00586459670770868,-0.006892209739234652,0.004683961713356153,0.7608481586881242,3.889677831079416,0.6443517253439528,-2.6686997086418747
0.012745112669881743,-0.005820962260321793,-0.006964917480870258,0.004575148021563372,0.768587997775341,3.8466941027133443,0.7453198494684415,-2.635800916841954
0.012746224097570293,-0.005804986913510967,-0.0069500459057497905,0.004549780077742773,0.7615649107610215,3.816248081426837,0.7446848435657242,-2.620664979391133
0.012731970148814607,-0.005812358765846114,-0.0069792536601077015,0.004553248270560342,0.7697956126041822,3.837482396682656,0.7652882923812786,-2.6287977343318856
0.012758228099060336,-0.00582960700250516,-0.00695052665604359,0.004596981189025256,0.7684078002690075,3.8556950302090827,0.7253335014024495,-2.642601509644481
0.012759349313997094,-0.0058136742092269045,-0.006935758683173078,0.004571596812980142,0.7596662945818923,3.825194679806542,0.7248829207753196,-2.6275709309837825
0.012771316304873213,-0.005838292905748428,-0.006936064535941039,0.0046187730906460675,0.7677081015974601,3.8644545013129386,0.7052541872366258,-2.649281078298454
0.012772474387609145,-0.0058223702160642215,-0.006921335615674678,0.004593336175936351,0.7576023102462752,3.8339178103960045,0.704939518946448,-2.6343354427630037
0.012784377156011448,-0.00584701988289354,-0.006921521787255411,0.00464053769569743,0.7659166356718589,3.8730073285792295,0.6850484832505898,-2.655874878790568
0.012785596082548761,-0.005831083708973958,-0.006906790437471228,0.004615005882061627,0.7557029239240808,3.8424391424404942,0.6848858534447451,-2.640943465192809
0.012811757159605924,-0.005848649987455798,-0.006877512595022637,0.004658227529110096,0.7524111144010971,3.8590342650936864,0.644618020769125,-2.6537030988919397
0.012797410521339082,-0.005855787846272661,-0.006906900930666783,0.004662271104058016,0.7634492901044164,3.8814063942921906,0.6647341509021246,-2.662362786503162
0.012798696048662045,-0.005839838591391994,-0.006892170345374686,0.004636631358564813,0.7540090543605126,3.850802830961014,0.6647690332384898,-2.6473961550250205
0.01259908392005067,-0.0057286111419663464,-0.007118857112013048,0.004331734459788375,0.7869136335971336,3.737702963593673,0.9611803243540132,-2.5503757058092305
0.012612490095141668,-0.005736797506241737,-0.0071051927584609015,0.004354111416816048,0.7838535554113323,3.748423287115807,0.9419068238342456,-2.5588964831634353
0.012613066158553404,-0.0057207182296420385,-0.007090044505318014,0.004329418075107374,0.7761130901097896,3.7186737028373504,0.9391358364187424,-2.5442005127224454
0.012626494748165712,-0.005729008196765413,-0.0070764083451453135,0.004351721757736537,0.775100714899886,3.7292190461731622,0.9200986218498288,-2.5524831571713826
0.012733070764208732,-0.0057963310205418695,-0.006964256044397915,0.0045279063612596844,0.7630351631718176,3.807122099658347,0.7643822368845875,-2.61364057641182
0.012718800667499655,-0.005803796605215205,-0.006993539582287166,0.004531275018476977,0.772512428444832,3.828132217498204,0.7852799210918272,-2.6215372060583597
0.012665855778034214,-0.0057699630059866395,-0.007049951562464196,0.004442999030589698,0.781050369876028,3.7897628122265856,0.8644764482641717,-2.59094978372735
0.012666565130748533,-0.005754040074909463,-0.007035086292987992,0.004418211509991914,0.7702642638731497,3.7597779120907346,0.8624539953502041,-2.576564874591614
0.012679131780828632,-0.00577835898009388,-0.0070359749473340024,0.0044650994095787894,0.7807913779387775,3.7995748685621664,0.8448991471283384,-2.598683457445705
0.01267989586985839,-0.005762410106953533,-0.0070210864799804895,0.004440220446153951,0.7684086129683521,3.7695637143694403,0.842994161209672,-2.584296553923863
0.012692381351478463,-0.005786796627480344,-0.007021914142203658,0.00448717893628487,0.7791711787693517,3.8091995314935008,0.825158543153011,-2.6063929185025967
0.012693233933150897,-0.005770794183115422,-0.007006945830423747,0.0044621643044266005,0.7666463012475337,3.779133192225704,0.8234022098737191,-2.5918550538363117
0.012705604357736414,-0.005795275864055084,-0.007007764830085996,0.00450924405840706,0.7759853341961677,3.8187010282662777,0.8052620963417757,-2.614041430859261
0.012706565077716066,-0.005779225209985246,-0.006992713156904821,0.004484080854597453,0.7652828446643832,3.7885502752428866,0.8037324191722665,-2.599250467817681
0.012719853191773529,-0.00578773727703184,-0.006978469554594941,0.004505999237549212,0.7641854339768451,3.7978787188071013,0.784051389900533,-2.606506054073897
0.012667375308044508,-0.005737879603776613,-0.007020564895984106,0.004393577684639201,0.7664663999254171,3.72718036026736,0.8658856139403434,-2.5595348604597308
0.012654018697697162,-0.005729504841297567,-0.007034354530037004,0.004371571945226238,0.7677855218819022,3.717165125239799,0.8849594348706288,-2.551663539254054
0.012640660614825577,-0.005721079700868706,-0.007047959103861,0.00434939919084782,0.7690670033130358,3.7068120761379917,0.903938338184295,-2.543563872906672
0.012545204192439471,-0.005696288158021204,-0.007172719249146013,0.0042419518081853605,0.7913620503696798,3.6936882704628347,1.0370342023676393,-2.515234264372456
0.01254550561189633,-0.005680286418219489,-0.007157560480213781,0.004217785835302484,0.7824296533599581,3.664312297491849,1.0334059881094726,-2.500907331966587
0.012558712111977538,-0.005704305373048565,-0.007159372932710244,0.004264438618987765,0.7914943248753913,3.7049615320608384,1.0182764858097826,-2.524121352345881
0.012559023806611091,-0.0056883085003007145,-0.007144278727208083,0.004240194759669935,0.7809798815233496,3.6755110468318484,1.0148035011119878,-2.509839665149275
0.012572194795293824,-0.005712364995121045,-0.007145952635035727,0.004286888958018914,0.7912263499704681,3.7160246220361306,0.999401209352441,-2.5329285486205486
0.012572535270180442,-0.005696338729949675,-0.0071308705641538435,0.004262527217124269,0.7794274003050289,3.6865114036830007,0.9960531574979737,-2.518633748965163
0.012585652109060671,-0.005720466944757863,-0.007132448139516442,0.004309319688600344,0.7897709866738291,3.7269175852984406,0.9803671462663078,-2.5416904802479694
0.012586055996356664,-0.005704395258474766,-0.007117329000069873,0.004284818260460572,0.7780211407624956,3.697339128034709,0.9771574666392268,-2.5272868834192166
0.01259957752358294,-0.005712511911556486,-0.007103695693128784,0.004307108696717,0.7769443373909084,3.708043292695329,0.9581624707990674,-2.5358042299006276
0.012408723385093565,-0.005585995481597514,-0.007271510372966555,0.003967933059078696,0.7870667611000015,3.5123821307924508,1.213839455530553,-2.3879970590333595
0.012422637085333981,-0.005593512473765072,-0.007258736327055654,0.003990638383835488,0.7862309019797281,3.5247501074734324,1.196265749592831,-2.3980586231445566
0.01243648169767779,-0.005601144466615603,-0.00724602327827176,0.004013365462965029,0.785365761529206,3.5371244817129104,1.1786568454359951,-2.4080634202586135
0.012450236133530955,-0.005608896367760086,-0.007233406019109128,0.004036107408306602,0.7845072691414283,3.5495249832192752,1.1610371971904236,-2.418016145660838
0.012463892697027851,-0.0056167283160157,-0.007220859033356231,0.004058804381391619,0.7836999333536915,3.5618828370305775,1.1434124579129377,-2.4278791031549187
0.01247750761375919,-0.00562453542138804,-0.007208204907627383,0.0040813525906576165,0.7829309533659362,3.5739868251979554,1.125707572665391,-2.4375567010038366
0.01249118984212126,-0.005632236568494368,-0.007195211054510701,0.004103719854664199,0.7820745784436937,3.5856485667296734,1.107788976201409,-2.446976314109642
0.012504968420705814,-0.005639930326907415,-0.00718192466060794,0.004126066890835926,0.7810500437036546,3.5970396021989046,1.089627930601037,-2.4562314502637475
0.012518750893201385,-0.005647783716553851,-0.007168631833646417,0.0041485621727443195,0.7799185015575333,3.6085002846125467,1.0713418056503123,-2.465476275323752
0.0125324418036161,-0.005655809437195382,-0.007155483863437167,0.0041711534606895945,0.7787847991089452,3.620085273072377,1.0530432650617136,-2.474718562024164
0.0125460057815988,-0.005663918228358524,-0.007142453189155199,0.004193686670199824,0.7777102058639854,3.6316407323913977,1.0347759569045047,-2.48387127807213
0.011219720664872193,-0.005077035144678329,-0.007995365562116795,0.0019802726566531975,0.675259448359569,2.142483597557491,2.2111114914822103,-1.2654644723984
0.011236322019107096,-0.005074690832516498,-0.007980897798728908,0.002002520355774816,0.6753542353125201,2.155605307888551,2.1968688957597675,-1.2804162722506103
0.011127743262719477,-0.005057619918526214,-0.008035333654062159,0.001832897375794842,0.6578392694949377,2.0368363511050935,2.2586313545255465,-1.17249045139002
0.011083320236706433,-0.005043903217581748,-0.008047798112701864,0.0017584850854279702,0.6465984992974163,1.9813880569695146,2.275748574566102,-1.126313236012347
0.011099509513994311,-0.005047132255706838,-0.008041348150846785,0.001784490202464467,0.649966293109371,2.000056790303668,2.2680980351335323,-1.1427597494424033
0.011114858766570498,-0.005052256302531026,-0.008037470377947381,0.001810432494125257,0.6539895198577866,2.01953427642287,2.262506749274134,-1.158788434320835
0.011161340921739473,-0.005059475090681261,-0.00801528741392825,0.0018834026195635215,0.6620329593435325,2.070854979295731,2.2373010579860444,-1.2053062497774663
0.01114341334303625,-0.005053632317118843,-0.00802047087214493,0.0018533037250805123,0.657569252945812,2.0483719824279203,2.244480139782603,-1.1866941492858312
0.01120485834911876,-0.005069465884401303,-0.007997072195811293,0.001953484996721437,0.6704750605387353,2.1213388817270835,2.2152894890606185,-1.2493330492295274
0.011190879071745933,-0.005054856547135685,-0.007989966242962526,0.001923181871376835,0.6626112009794926,2.0944923404939435,2.212585797752896,-1.2321943333029532
0.011174576739788238,-0.00504678930963483,-0.007991822718443358,0.0018941146033329762,0.6574498146473783,2.071746128615849,2.2170475654912223,-1.2146983081976621
0.011312124792042685,-0.005100625253238669,-0.007954747126954886,0.0021296875373910218,0.6923117819476813,2.2503715878419674,2.1612595095785596,-1.358711274835612
0.011329131071369545,-0.005098404314851694,-0.007939213741877171,0.0021519712078627317,0.6920076980812435,2.2630935268429018,2.145867286092774,-1.3734837552522199
0.01125208159206485,-0.0050618785607211576,-0.007954963755391271,0.0020158509804078565,0.6706339004444679,2.157506334424123,2.174193708948636,-1.291266086892483
0.011297118593888296,-0.005092897333435011,-0.007957238707869858,0.002102600308653967,0.6878051926885124,2.2290053116771102,2.1664084917622195,-1.3424001248493485
0.011267001855712248,-0.005069598151785056,-0.00795293698874857,0.002042640786289084,0.6751238304909255,2.178579898763505,2.169607584387879,-1.3073645066847541
0.011282862241861133,-0.005078469579225927,-0.007951389967695134,0.0020716463329782807,0.6802585373510746,2.2016401669771395,2.1651094853114063,-1.3246923274773257
0.01149993279010489,-0.0051499261808097925,-0.007857603870258793,0.0024291629402109637,0.7199733525600226,2.462762605821044,2.043016809402356,-1.5435802472358893
0.011466621003729822,-0.005146053736296796,-0.007881928100322852,0.0023807872514152143,0.7181752003617122,2.4317355219325556,2.069730374327246,-1.513484394955712
0.01145428301069124,-0.00513965510977861,-0.007885150050640962,0.0023585590451083885,0.7150138293717271,2.4143390042981303,2.075399336136218,-1.5001419511139955
0.01148270923648351,-0.005144360760447643,-0.007866240383866081,0.0024011434765856404,0.7173475108801082,2.4426328506626738,2.0540242878398716,-1.5265455042244391
0.011439150122218316,-0.005132823503295678,-0.007890120469144522,0.0023321577515550795,0.7115939119024127,2.3941755308411774,2.083013446388961,-1.484206971194916
0.01142143465585385,-0.005126481758045876,-0.007897628984353608,0.002302614553790583,0.7082581681223007,2.3723979143150555,2.0930550015188785,-1.4662015073299346
0.011407196153690494,-0.005112641725419296,-0.007893621920041035,0.0022717232671607694,0.7014252835974376,2.3452023911528967,2.0937586171978064,-1.4483066307056163
0.011392499407978875,-0.005104092001578296,-0.007895844499128023,0.0022445979539914983,0.6970226808057004,2.3235656321753475,2.0990190908133286,-1.4321339383753735
0.011377251437538101,-0.005097142005506227,-0.007900176368457348,0.0022180211477086666,0.6933195343139292,2.303230626024991,2.1058822631651832,-1.4161030209587298
0.011361465831339283,-0.005091637042858872,-0.007906417319162294,0.0021918395057559346,0.6901861522460133,2.2839721279831378,2.1142050424881,-1.400124787319404
0.011345734077659424,-0.005085165312006561,-0.007911367394738222,0.002164958105532907,0.6865885447288446,2.263678420539989,2.1214985994113493,-1.3838142216940144
0.011513282122532621,-0.005137335950451339,-0.007831842321896544,0.002436026016593942,0.7138585575492596,2.4582723353921487,2.020961949209195,-1.5491625306199188
0.011528352201130227,-0.005140575471011933,-0.007822214828992724,0.0024588657560618075,0.7152112880987646,2.473562127982888,2.009825114259098,-1.5630606369565896
0.011544507067696308,-0.005145047226214671,-0.007812855323609341,0.0024841557639361813,0.7171006332744784,2.4910276171189785,1.9984990701887053,-1.5783422422684537
0.011562646670136978,-0.005170452118014581,-0.007824871686213207,0.0025309244810112867,0.7288159422934135,2.5354592004588423,2.0013159857449447,-1.605168396307899
0.01164807023849786,-0.00520585619289181,-0.007784548280806425,0.002675307370380633,0.7424944355040666,2.6415633456134815,1.9453695781603393,-1.6913470516241733
0.011636038860019716,-0.0051990001019771755,-0.007788435015730669,0.002653248691547368,0.7397704127624184,2.624326881145082,1.952221548144269,-1.6783041163592778
0.011577028679849615,-0.005177693475644472,-0.007819847891227355,0.002556470291212192,0.7318413062376662,2.555076405152136,1.9933021118983394,-1.6203974809473356
0.011589983254969377,-0.005185675620167671,-0.007816840675593802,0.0025808297772430067,0.7353548150310839,2.574572012567104,1.9870340828556938,-1.6348440418670687
0.011605536184464924,-0.00518756173169217,-0.00780448016179612,0.0026029128496121647,0.7355640124571995,2.5881635207567686,1.9734667767344105,-1.6482681078425185
0.011621133886753001,-0.005192496958379186,-0.007795332472629264,0.002627809397635586,0.7373615113747611,2.605521505197913,1.9620129901698091,-1.6631767708245633
0.011560965910245429,-0.005150534820723622,-0.007804189509414528,0.002510691864881308,0.7193503305133233,2.509835644936692,1.9874909869754285,-1.594278002844289
0.011677912816932744,-0.005213637557234064,-0.007764252137835055,0.002721020603173455,0.7445495477839921,2.671938802680413,1.921089488655014,-1.7185619544545776
0.011663809989002943,-0.005205007562967864,-0.00776842332524051,0.0026946569912737234,0.7411824791742729,2.651103083122365,1.9290008399753655,-1.703052341374931
0.011695168730040367,-0.005212834847459176,-0.007746421398379096,0.0027420821985025775,0.7430227614417716,2.682133667045577,1.9029894571290202,-1.7311485262144293
0.011713360205801207,-0.005219909418524948,-0.007736165821303549,0.0027719531848930507,0.7451777536771721,2.7032783683833626,1.8894209960813073,-1.7486908226120368
0.011728936327582035,-0.005227249240260377,-0.007728619972972064,0.002798765449669798,0.747538115575442,2.7230200311723567,1.8784984079292035,-1.7643835397069052
0.011742219262593457,-0.005235263331849268,-0.0077239791183247525,0.00282339032278555,0.7502563987801172,2.7422119800584777,1.8702320811989477,-1.7787615854226697
0.011755246821921353,-0.0052439787100645304,-0.0077202484666813245,0.002848425870531125,0.7534098175767914,2.7622236302213308,1.8625260241426873,-1.7933817518958122
0.011770932883207645,-0.005246276817104752,-0.007706627508968237,0.0028701304488470696,0.7530307450957335,2.7747487974886424,1.8474757821957617,-1.805970192637549
0.012098210736815116,-0.005429978641585488,-0.007530699792242802,0.0034573970763317643,0.7927701024059431,3.205638294144356,1.5719794486023788,-2.137093898775244
0.012040347137307594,-0.005404406951243116,-0.007574867231237284,0.0033629489576859173,0.791719374472513,3.144876675869229,1.6318220529155703,-2.086531294912067
0.01205474774951488,-0.0054107451087365985,-0.007564067734733767,0.0033865292019058207,0.7922112890164125,3.1602237223339062,1.6171499334921473,-2.099281888319974
0.0120692428868876,-0.005417015960521334,-0.0075529359886304685,0.003410061071206711,0.792501192113593,3.175304586099734,1.6021798156759457,-2.111897028771603
0.012083758318385282,-0.005423412719474129,-0.00754176424058118,0.0034336950138137254,0.7926489169573386,3.190423586920002,1.5870865225274546,-2.1245001201625864
0.011786629032491199,-0.005250445765817058,-0.007694895190386204,0.002893661388766501,0.7536630278952963,2.7897127361874055,1.8335385578315553,-1.8195649851857534
0.011802097222342336,-0.005255979829932849,-0.0076847338954500995,0.002918258094325339,0.754778463315354,2.806325909477238,1.8205822760000523,-1.833742198834422
0.011817106717965306,-0.005262281275347736,-0.007675735358140849,0.0029430459252161763,0.7562450230470147,2.823646973090042,1.8084524760220464,-1.847995129576914
0.01184652713152195,-0.005290781005954945,-0.007675150462363005,0.0030089269812261653,0.7664949571536764,2.881125618132073,1.794376390109995,-1.8863637585685409
0.01183119945952206,-0.005269545484768542,-0.007668607996672134,0.002967713153653883,0.7581956806867051,2.8417601681929185,1.797765888418759,-1.8621745404642558
0.011842924815924426,-0.005276588611710503,-0.007663654644457738,0.0029892939887814036,0.7602543382073224,2.8582442000419217,1.789370372812824,-1.874590499267692
0.012024915197679606,-0.005381067149429631,-0.007568754612064815,0.00331777538929481,0.7832613210640927,3.100978988806134,1.6385713229576344,-2.060197565464865
0.012039137194577366,-0.005387856963920481,-0.007558859963503187,0.003341631016054103,0.7839488796663739,3.117022295460622,1.6247208400167088,-2.0731903540914716
0.012010442694839104,-0.005374264882486463,-0.007578789476145612,0.0032935727287618645,0.7825337770348416,3.0846825465327257,1.6525433823434736,-2.0469579850873303
0.011980700418389745,-0.005361583488533001,-0.00760033376681477,0.0032451779483516,0.78141631546834,3.0528439715801627,1.6814227294417627,-2.020408098516157
0.011995681228131416,-0.005367668171569947,-0.007589235796021045,0.003269232037384972,0.7818737564347421,3.068468120964121,1.666797460625433,-2.0336089350149575
0.011936493282533621,-0.005344249574852782,-0.007632864340645724,0.003174473946606402,0.7799922674909446,3.0067404828721878,1.723981007903765,-1.9812238790683183
0.011965730114590414,-0.005355738132607365,-0.007611523667055733,0.0032213380079156814,0.7810193940062841,3.037436135836895,1.6960099715583883,-2.007269362417268
0.011951002658289425,-0.005349961654103568,-0.007622357215854741,0.003197779312757876,0.7805307186329024,3.0220708841004122,1.7101861259556863,-1.9942112512170025
0.011862079233776239,-0.005295732690438145,-0.007663608627106945,0.003032877456032999,0.7670094982055101,2.896521190011424,1.780134119001356,-1.8999578874468492
0.01187743954776839,-0.0053025263985523015,-0.007654114318848412,0.0030585376529763185,0.7683650875582063,2.914442624891621,1.7670712394980337,-1.9145718555412594
0.011891783805438315,-0.005309731557139579,-0.0076460320124607664,0.0030834086926894485,0.7699402540412934,2.932376491151635,1.7552069985330754,-1.9287387040739883
0.011906033444643199,-0.005315915176695274,-0.0076368115930801,0.0031069946201832295,0.7709807205849373,2.948611119443655,1.742656758249496,-1.942075084662658
0.011920518206976835,-0.005321715482761921,-0.007626774993333175,0.003130369473009214,0.7717721266936913,2.964205251064715,1.729451114586851,-1.955183283851759
0.011934452303945936,-0.0053279847908305105,-0.007617725284916371,0.003153578534777954,0.7727786418818211,2.980153590200598,1.7169921149917442,-1.96819943531203
0.012254755861093895,-0.005505150565158764,-0.007405414310345165,0.0037146509260532743,0.7926013387940967,3.3657895237309607,1.3995511284157944,-2.2687509723073167
0.012226174197989307,-0.0054915159883933305,-0.0074297002845242965,0.003668464789604802,0.7932580231906378,3.3384344854904016,1.4324254238240763,-2.2460048459858117
0.01224046505275442,-0.005498282625691828,-0.007417580228585426,0.0036915317292476007,0.792991824916268,3.352124133619069,1.4160452979352465,-2.2574042276236175
0.01221196915275762,-0.005484604403049019,-0.007441414911783197,0.003645214801667979,0.793323250144817,3.3242859786381316,1.4485079223361412,-2.234361916765895
0.012155161971930804,-0.005457179194088977,-0.0074870199069023155,0.0035517885315577897,0.7934375103628155,3.2662112140117756,1.51135522426942,-2.1866786404209617
0.012197808007177803,-0.00547757059415948,-0.0074528021683311066,0.0036217772133566553,0.7933475284929398,3.3097323696884113,1.464341900889435,-2.2224931926883786
0.012169343460706849,-0.005463951176427367,-0.007475777346387424,0.0035751235026157875,0.7935425110588595,3.2808556207219617,1.4958684444293955,-2.1987132702447205
0.012183591272580924,-0.005470675484163522,-0.007464255730287999,0.00359839294803662,0.7934585534509075,3.295237291437482,1.4801328225947774,-2.2105992751338643
0.012111921381975236,-0.005419519198235377,-0.007502754417452399,0.003458959096406002,0.7849543773270858,3.1914326092209255,1.5498425447194693,-2.135529134453982
0.012126268954454943,-0.005426397560153748,-0.007491919676709854,0.00348266238925402,0.7852400403719878,3.20666694335207,1.5349023879918147,-2.147973714073736
0.01214042157776611,-0.005433453065907527,-0.007481366304694482,0.003506321137653408,0.7855741611347323,3.221994705079203,1.5201178216330093,-2.1603574522884528
0.012154368480634163,-0.005440621086617021,-0.007471044571900243,0.0035298499218635033,0.7859325383624761,3.237312704038203,1.5054723782048933,-2.1726299395819137
0.012268770886438282,-0.005494938519663854,-0.007376532876382684,0.0037145218547361414,0.7843521509323229,3.348523707125986,1.3779659064172876,-2.2649330232888825
0.01239487779118246,-0.005561963798474091,-0.007268379234509793,0.003921883244046271,0.7806627659120872,3.4691135848572876,1.2283311834292292,-2.362542065907123
0.012408985484961296,-0.00556919045362328,-0.007255287673513401,0.003944301521920378,0.7798034396302445,3.4810525592034014,1.2108345999430166,-2.372470844058272
0.012283089663235621,-0.005501979123326912,-0.007364286819811042,0.0037375999981914087,0.7839655726732961,3.3619894163534565,1.3614205632868694,-2.276075747488267
0.012380971859740686,-0.005554623183506742,-0.007280934015932877,0.0038993935763153736,0.7813724576342801,3.456724040133954,1.2454163059470524,-2.3523999041170787
0.012297308054882494,-0.005509115551597751,-0.007352123347100853,0.0037606317419812923,0.7835729961853618,3.3754209623455442,1.3448877453147114,-2.2871260949841847
0.012311477165874935,-0.005516356108271923,-0.007339981839753422,0.0037836790903605423,0.7831694383696451,3.388836669302569,1.3283029538594178,-2.2981095968395215
0.012325616531355986,-0.005523728613466154,-0.007327862319654586,0.0038067999795859037,0.7827621061469338,3.4022886689514844,1.3116465114051474,-2.309058685120812
0.012339685126245266,-0.005531278098471876,-0.0073158639211562656,0.003830021375463639,0.7823845764952937,3.415862417701494,1.2949792140920129,-2.3200045851118944
0.012353594290403754,-0.00553903365935322,-0.007304136920431665,0.0038533089707038655,0.7820686661977384,3.429620187511236,1.2784159338352301,-2.3309538440138025
0.012367297811584637,-0.005546916514950668,-0.007292671250252055,0.003876520576038257,0.781789104309905,3.443428974709452,1.2619914994621817,-2.341828959620736
0.009202404931867789,-0.005064025718534267,-0.008226481785984023,-0.0013293061773401156,0.09109153324317813,-0.0887590141066274,2.5931299436644792,0.8428175609137377
0.009192383919903034,-0.0050512923916892745,-0.008206305941137375,-0.0013391988537955382,0.0843019870817323,-0.09772170617620113,2.5818901738537003,0.84614185894403
0.009186901264173677,-0.005066555924529232,-0.008222262537769155,-0.0013551590612902564,0.08691800050291835,-0.10511420840556014,2.5915787841680635,0.8598047537474333
0.009217916319918088,-0.00506154425783226,-0.008230619458153524,-0.0013034417451504045,0.0953972861369191,-0.0723869380752327,2.5946262482492446,0.825898835604128
0.009207950346976015,-0.005048769854578815,-0.008210514064861759,-0.001313391956832473,0.08917224463135659,-0.08137907860168773,2.583319070251145,0.829389894214664
0.009233435272781454,-0.00505911156582297,-0.008234676142724827,-0.0012775621115481382,0.09968907621097829,-0.05599799439489963,2.5960609242584542,0.8090518783892269
0.00922351770406434,-0.005046310764269545,-0.008214653523031258,-0.0012875884848226277,0.09407390459525083,-0.06503233220814526,2.5847053313019646,0.8126617219130016
0.009248961635249483,-0.0050567276653341415,-0.008238652044003548,-0.0012516660594372462,0.10386336345879817,-0.039587410999320546,2.5974297154016157,0.7922864004147726
0.009239092358506269,-0.0050439177886101505,-0.008218729985357704,-0.0012617798302988795,0.09903547308668699,-0.0486754842670856,2.586056692106695,0.7959505873732485
0.009264495252455318,-0.005054392578627048,-0.008242546205728073,-0.0012257601577768677,0.10811965422012591,-0.023158249019198728,2.5987266721376403,0.7756278429590849
0.009254676087695092,-0.0050415973932653,-0.0082227512155076,-0.0012359656755086283,0.10405020757388468,-0.03230909236359484,2.5873804920524126,0.7792575066817479
0.00928003596988042,-0.005052106327402138,-0.00824635644874783,-0.0011998594675709424,0.11319712131577538,-0.006732223716284863,2.5999443064257712,0.7590987539189337
0.009270261689367338,-0.005039350202124172,-0.008226714853515034,-0.001210155916318536,0.10898373317626507,-0.01593614036869986,2.588676967804251,0.7625810903903069
0.009589757736079457,-0.0049878754243214635,-0.008270704175722204,-6.76903183308892E-4,0.21273059316855128,0.3171416224890968,2.5914321181650997,0.4230387527039811
0.00960554249846233,-0.004986631857116108,-0.008272871838617414,-6.508679707191775E-4,0.2178963323262942,0.333994106374816,2.591644775253116,0.40649632823692033
0.009621333437760138,-0.004985502047051738,-0.008275031504763658,-6.248358273778786E-4,0.22307153974690855,0.3508928004655089,2.5918564340691757,0.3899656986697993
0.009637110330022916,-0.004984496023337079,-0.008277190820332585,-5.988399299407585E-4,0.22826524137258783,0.36781967062444426,2.5920738892741197,0.3734700796023713
0.009652839392134445,-0.004983590358499196,-0.008279316068710027,-5.729282157905755E-4,0.23351982430923954,0.38473228157376255,2.5922770139792797,0.35704083944359516
0.009668510119735711,-0.004982673275476911,-0.008281275098548172,-5.470949083981294E-4,0.23886402011065153,0.40158381634920143,2.5923777000324297,0.3406755874154563
0.009684168530028596,-0.004981616247024261,-0.008282926751646949,-5.212434652926962E-4,0.24423322535503258,0.41837875358691373,2.592277382687324,0.32431572808274495
0.009435799924780783,-0.0050319341514908815,-0.008279963796927334,-9.403474025724067E-4,0.1669596922573113,0.1576206359495044,2.6090340153148093,0.5936024677360233
0.00944201446859001,-0.00501705558610763,-0.00826394336197117,-9.253432379248502E-4,0.16277939198787283,0.16555520260498893,2.5992241645683936,0.5792204279635579
0.00942019662218831,-0.005033730973549848,-0.008276965605200498,-9.663830679602817E-4,0.1634705117091406,0.1410882991193254,2.6082864811282263,0.610406942739909
0.009426350814486653,-0.005018872677095308,-0.008261001009754314,-9.513249293047667E-4,0.15723528247049615,0.14895504601873175,2.5985573371821675,0.595786457393393
0.009404598895283897,-0.0050355768185515425,-0.008273889808947051,-9.923739699180915E-4,0.15840067681172776,0.12463008145891823,2.607527608460601,0.6271164485277437
0.009410710806337881,-0.005020779316395781,-0.008258027342221074,-9.772853048822044E-4,0.15194598425053127,0.13236478050278935,2.5978602908059476,0.6124207607275772
0.009389006894728722,-0.005037471670074725,-0.008270735891188668,-0.0010183257000244694,0.15177770532389825,0.10819591368163987,2.6067384592790908,0.6436793755819211
0.009395088803585071,-0.005022726168528959,-0.008254966771831027,-0.0010032183139145267,0.14716463166774352,0.11579904499138526,2.597107908990918,0.6290905697816384
0.009448247622716763,-0.005001640621660699,-0.008247943154072915,-9.103959893507315E-4,0.16647897540723208,0.16686987352227592,2.587476463457172,0.5719648315611319
0.009580550727340126,-0.0049731321789966195,-0.00825110496979498,-6.883703108174418E-4,0.20782051907705076,0.30375523988705466,2.579216288047316,0.4291413658745605
0.009454538988096508,-0.004985551114549114,-0.008230897109702864,-8.952000375592447E-4,0.1672468002719988,0.1702184899898516,2.575713151781932,0.5615947349847841
0.009470404758547818,-0.004984076985212083,-0.008234051995860898,-8.692418992550052E-4,0.1723224314608354,0.18704009264113816,2.576555097298602,0.5449288993467142
0.009486209491617268,-0.004982873248286153,-0.00823736355865301,-8.434412830384534E-4,0.17741604051843976,0.2038632577528873,2.5775082656833064,0.5283876459145826
0.009501862219057916,-0.004981785073534792,-0.008240624352735551,-8.178944707207016E-4,0.18248167623852243,0.22055635486051453,2.578439250649195,0.512027114231984
0.009564662240770032,-0.004974598040737988,-0.008248944479650876,-7.14467272251534E-4,0.2026577777151313,0.28688390807860203,2.5790212396111722,0.4458099327876381
0.009517374771835759,-0.00498034419559691,-0.008243287713526663,-7.924518680397851E-4,0.18747738452527665,0.2370202285898985,2.5789826992400893,0.4957346840611275
0.009532944193068197,-0.004978316298394213,-0.008245132717699681,-7.667437820543674E-4,0.19244673993310926,0.2534054533707639,2.578979431405696,0.47926295986439754
0.009548743000877546,-0.004976272437965438,-0.00824687734849727,-7.406573689149426E-4,0.19750989953218412,0.2700339056221727,2.5788954778901143,0.4625574629956955
0.009761414731210455,-0.00494819427941554,-0.008255777676718251,-3.8979005728966617E-4,0.265659170774818,0.49359495807227366,2.568298424601991,0.2382883818544518
0.009746005882302308,-0.004948151654497011,-0.00825355466386118,-4.148473093621427E-4,0.26050207982005574,0.47680613742270633,2.5680106797744844,0.2541638524100542
0.009722763058692288,-0.004963955873275975,-0.008268643637914191,-4.55118008546649E-4,0.2546670997717182,0.45596243071456116,2.579872167087124,0.2808263184038671
0.0097300143716673,-0.004948055995077572,-0.008251043731876162,-4.408203859022451E-4,0.2551594586402259,0.4593822969269738,2.5675738734126736,0.27062297580455463
0.00970671678225975,-0.004964785146577164,-0.008267003141556121,-4.814430574861615E-4,0.24933525805617499,0.43871299777413525,2.5800121844901294,0.29751984856629393
0.009690788077855788,-0.004966066937333412,-0.008265770135216365,-5.076469745911846E-4,0.24411100432177726,0.42171842383387154,2.5804199450397647,0.31417968951777464
0.009078604893063716,-0.005085630146507709,-0.008190489596109768,-0.001535557147976243,0.05166049054594729,-0.21861378062511858,2.5800658820587667,0.9777294625041787
0.009068368572575706,-0.005073270146648414,-0.008169866448547355,-0.001544861879665413,0.048913821892428065,-0.2280150142344338,2.568271281490091,0.9811915880766943
0.009063168625695948,-0.005088549402048353,-0.008185623274425987,-0.0015612888000261168,0.04694732389644848,-0.234929444663159,2.578118353025258,0.9945605746852432
0.009052862883095982,-0.005076136952503641,-0.008164811195878476,-0.0015705102934617376,0.044236042460279706,-0.24421687630102887,2.5662844323311673,0.9980337000325809
0.009047741492513604,-0.0050915171656692355,-0.008180667115661,-0.0015870520801580352,0.04454423133925637,-0.2512538981099031,2.5760686569095377,1.0116480964932428
0.009016915263030915,-0.00509759809889699,-0.008170517302210644,-0.0016385066981605629,0.03983310223212885,-0.283632979135603,2.5718948392973884,1.046114704577236
0.009006477401440687,-0.005085428498218134,-0.008149642925817534,-0.0016474688310409021,0.030169611959723702,-0.29289554716010785,2.5602084076235503,1.0490153317199347
0.009001516484536435,-0.005100711207802961,-0.00816533668881511,-0.0016641322436309535,0.03347603458284255,-0.2997550240895676,2.569774860951996,1.0631675188724512
0.009032323652033134,-0.005094533407963571,-0.008175627138690139,-0.0016128151220320024,0.04354193038188542,-0.267495712176318,2.573984674725547,1.0289124650193875
0.00902188621863137,-0.005082251103170463,-0.008154720661418409,-0.001621874881775475,0.03416327782618297,-0.27669729221418554,2.562260161664662,1.0319697716347223
0.00903734905582215,-0.00507912474762363,-0.008159745269305983,-0.0015962054614488952,0.039066574461771475,-0.2604587131657867,2.5642721628073417,1.0149534159453533
0.009171405472706819,-0.005069134851839915,-0.008217961126122969,-0.0013810039780453801,0.08310573598171994,-0.12143939769036151,2.5899891673379,0.876850057388407
0.009176813899416601,-0.005053880574085201,-0.008202029482316886,-0.0013650173543707947,0.07942162300107326,-0.11407079906696081,2.5804105188763136,0.8629323603393102
0.009155917713659412,-0.005071762475906216,-0.008213578284161962,-0.0014068366472643169,0.0795703134303695,-0.1377095163031272,2.5883862480518776,0.8939121705471824
0.0091612469914107,-0.005056541297238715,-0.008197695432122764,-0.0013908413250113343,0.07451450226808491,-0.1304303030787404,2.5788747026499146,0.8797776707757928
0.010150502472785821,-0.004958611066603224,-0.008277957764185807,2.470972277874611E-4,0.3963422581151846,0.9239113098935007,2.5525931997549924,-0.1627676986930133
0.010102536056165507,-0.004958138640701707,-0.0082808453987444,1.6839211505659883E-4,0.3808392869965381,0.8707915927036097,2.558474020644478,-0.11299085206615099
0.010118363245948647,-0.004958070103199053,-0.008279774188575638,1.9435569899492315E-4,0.38590733155672857,0.8882354279351558,2.556455484789733,-0.12944430887873085
0.01013439781409869,-0.0049580898188659244,-0.008278647225144509,2.2065395932608742E-4,0.3910551774022242,0.9059403997467769,2.5543762951915614,-0.1461021172843637
0.010094671034697038,-0.0049433602012372456,-0.008263912436872472,1.5469240683918962E-4,0.3748267133422632,0.8567718344716804,2.547371669349033,-0.10670778157618806
0.010245119413775285,-0.004962653644995559,-0.008272077728918777,4.0247446371559473E-4,0.4270681661079818,1.0300728497189302,2.5406553720425467,-0.26074867540088653
0.010197877911779448,-0.004960976164246222,-0.00827605385000068,3.249533002310957E-4,0.41194804760968046,0.9771571492071377,2.5473924267720456,-0.21174053241694266
0.010213614410310995,-0.004961381946873028,-0.008274691181919272,3.5076636024121703E-4,0.41696332727238383,0.9947169190545629,2.545131778743293,-0.22807583889809813
0.010229419328248715,-0.00496201886743093,-0.008273449726968064,3.7671060073910754E-4,0.4220498624023941,1.012448822592588,2.542941201921449,-0.2444616860754936
0.010190680571673924,-0.004946113143732145,-0.008259384787682102,3.115550800010057E-4,0.40577757602486547,0.9633957253123465,2.536261533851213,-0.20591084649644995
0.010159268196902377,-0.00494338081216725,-0.008259293789276116,2.600863370299913E-4,0.3952808540377403,0.9277845427696797,2.538828762144231,-0.17363816187484205
0.010175266986672517,-0.004944723206116103,-0.008259352536825046,2.86290295425463E-4,0.40061809258525427,0.9458941886514808,2.53753311825314,-0.1900740214716742
0.01037174643855604,-0.004970851353321571,-0.008259477407546928,6.104486573186757E-4,0.4673386680307403,1.173714137288665,2.5207441555897883,-0.3920316470466157
0.010387458340999243,-0.004971538151199935,-0.008256885112110186,6.361365734213171E-4,0.4720476482833021,1.1914120676758395,2.517462584093757,-0.4083880551035028
0.010403426828420695,-0.004972271511182897,-0.008254145981402805,6.622298305452849E-4,0.4768203411296677,1.2094108440115516,2.5140351482996937,-0.42501162430833656
0.010349750293006792,-0.004953742373923386,-0.00824390767112231,5.712397893925902E-4,0.45566144709852435,1.141697871684671,2.5114420381238136,-0.37041319379894583
0.01036491534199477,-0.004955826059549398,-0.008243268227731504,5.962134099109637E-4,0.46066760109601373,1.159327620372428,2.50961430888804,-0.38602722242922133
0.010334069110411346,-0.004951630439991873,-0.008244480560985345,5.454338168650484E-4,0.4504800036041991,1.123506791654953,2.5132578777947,-0.354280208319907
0.010318134949313459,-0.00495000161575279,-0.0082455253089061,5.193154597071787E-4,0.44534949053197864,1.1052659430688847,2.5154235375867278,-0.3378595897050047
0.010302098419514235,-0.00494878722364292,-0.00824692875357584,4.931041053521998E-4,0.44028517657414495,1.087103510091323,2.517843110392865,-0.32130931027529797
0.010285914204616711,-0.004947802300769038,-0.008248478724159859,4.666853998005906E-4,0.4352133401142378,1.0688847615018082,2.5203684006241445,-0.30459492852314923
0.010253216172014102,-0.004947519044484142,-0.008253155936833678,4.1353106803759967E-4,0.42533576490001535,1.032799599930339,2.5265336783544807,-0.27068317833556127
0.010269377115665517,-0.004947085080451063,-0.00825024734084869,4.39726599267051E-4,0.43006766836294014,1.0503960368077399,2.5230678262307573,-0.2874973061834638
0.010428849082943933,-0.004958015308775308,-0.008231385631333325,6.999503314605105E-4,0.4793212766253557,1.230611734872294,2.4951049484181866,-0.4523375272560192
0.010460712083061999,-0.004960974494869987,-0.008226777852021945,7.519746727888769E-4,0.4889617304723384,1.2669989525395853,2.4887299247529433,-0.4852807612556996
0.010444811941846948,-0.004959408061498705,-0.008229044864780712,7.259973307727316E-4,0.48414040637893024,1.24879659710792,2.4918959467722015,-0.46884327888547356
0.010538658356986988,-0.004972149090552236,-0.008217658029628117,8.801981783013057E-4,0.5132780503107153,1.358101925280237,2.474419773764794,-0.565860807438209
0.010554401552367912,-0.004971734181145116,-0.00821225906857756,9.05239208604031E-4,0.5171096525307272,1.3750731546479986,2.4688307658110697,-0.5822095102244352
0.010530938670144494,-0.0049584601795442185,-0.008203991137257406,8.63691497111734E-4,0.5064571710189993,1.3424595777528336,2.4650405529977957,-0.5582133401164884
0.010517449829848136,-0.004954669014137158,-0.008203589356750739,8.410559759938059E-4,0.5016717121065816,1.3258121419480717,2.4660996518427,-0.5443677774955705
0.010502140873081971,-0.004950725506492877,-0.008203427897202964,8.154998051078914E-4,0.49636722684446827,1.3071384986949364,2.467508961832906,-0.5286666413049984
0.01048639109125941,-0.004947614360802835,-0.008204226627182317,7.894996418706415E-4,0.49121299884881536,1.2884327914325817,2.4696554713624788,-0.5125003728400318
0.010470490127939209,-0.004945266198751783,-0.008205814229492708,7.634769704891192E-4,0.4862472564055507,1.2699581934099171,2.4723825560133545,-0.49616072387294446
0.010412712998672514,-0.004956744198157048,-0.008233763679570608,6.736394055212748E-4,0.474454495926051,1.2122961550623639,2.498340930107822,-0.4356502973433592
0.010785568426398816,-0.0049679512764126705,-0.008119425081692595,0.0012667897262891293,0.5672608438227787,1.6204956091188174,2.373072555458142,-0.8193269608225701
0.010860659024921594,-0.00497984257470171,-0.008097893528001733,0.0013874781518885748,0.5859881560489687,1.7065524977506976,2.3470416724938343,-0.895909997467733
0.01080506227040787,-0.004974046073125397,-0.008117635534834881,0.0012995632585262853,0.573475562511916,1.644896241995932,2.3692713838509785,-0.8394693806749877
0.010826554046775225,-0.004974188901184504,-0.008107787781892606,0.0013326226921159699,0.5775282538696064,1.6673408925341249,2.3590338395193005,-0.8611203050812816
0.010844295320923318,-0.0049768340246755674,-0.008102383192680215,0.0013610319189685822,0.5818377412313945,1.6875476876879725,2.352615139040983,-0.8791962679067945
0.010872206514889996,-0.00496451111778757,-0.00807450435626812,0.001397438192941672,0.5817147469726195,1.707535444396162,2.3276921023852957,-0.9057339198205135
0.01088825763717919,-0.00496692653386665,-0.008069231143837485,0.0014229023698475072,0.5854133869676658,1.7255626153879824,2.321496738541354,-0.9219124355409586
0.01095577226690903,-0.004995889553532688,-0.00806702819530822,0.001539847706365295,0.6083013358681421,1.8153161054618037,2.3102561377678543,-0.9925688284405122
0.010905273895928276,-0.004970794860264341,-0.008064979427905341,0.001450530816118384,0.5898179472741671,1.7455809074754123,2.315904833308654,-0.9392092409262505
0.010939429076952724,-0.004986877096610234,-0.008065499487632124,0.0015103930404027526,0.6019449313839041,1.7919751962199528,2.311443122695426,-0.9751142582657734
0.01092275560261638,-0.004977594384997807,-0.008063682522107889,0.0014803837990374645,0.5954472421579027,1.7682196692337826,2.3124476922926074,-0.9573619283157498
0.01105107569325603,-0.005033925846105151,-0.00805607512559438,0.0017044126018717493,0.6381785091607394,1.9410562980666852,2.2873292519338286,-1.0927893918508131
0.010973100515242409,-0.005001826185275401,-0.00806430806809459,0.0015691492206698421,0.6134295486646599,1.8373393746468805,2.305641895890169,-1.0105729982514726
0.011034864428935403,-0.005020091413928672,-0.008049817391049712,0.0016719777522920408,0.6299869265178623,1.9135148602578098,2.2851289878739514,-1.0743076587774583
0.010993473409347365,-0.005009212201107011,-0.008061349277048954,0.0016038525219524047,0.6195623542623646,1.8635401075015134,2.300339041547421,-1.0318087077451308
0.011015883083045705,-0.005012451381922489,-0.00805217600101687,0.0016392049152788317,0.624086419048787,1.888456122983994,2.289897213046636,-1.0543449460895886
0.01078129005745088,-0.004946502630552271,-0.008096559159820013,0.0012506510896161326,0.5579599875473983,1.6019502724034889,2.356285323138503,-0.8134002832277112
0.010730048911606097,-0.004939392245805536,-0.008110377397736483,0.0011689844401200726,0.5450471870544749,1.5441781126349845,2.3730270645958442,-0.7614917325347581
0.010747026551863208,-0.004940487554903484,-0.008104513643186982,0.0011955398310611583,0.5488973810119192,1.562545411098229,2.36654463381028,-0.7786192557749158
0.010764090758763641,-0.004943009551659714,-0.008100091284626005,0.0012227914035919595,0.5532545668439247,1.5818735525913257,2.3611032769136373,-0.7959101134349776
0.011072825044489734,-0.005023719402885825,-0.008031035745108732,0.0017304417531630604,0.6363500598619467,1.9538544989780553,2.2646453437414156,-1.111969694076725
0.010611192181875761,-0.00495988006605229,-0.008179519340081513,9.91480543029038E-4,0.5265881468401982,1.430185493586342,2.438488055323909,-0.6410499768217993
0.010626551599456285,-0.004944427165389992,-0.008156128266460153,0.0010101876472951466,0.5244857353324369,1.4379402154246426,2.41933188214442,-0.6566946514877133
0.01064167213320526,-0.004930894266180327,-0.008135000624327262,0.0010289131881265354,0.5229577719749713,1.4462224690050756,2.401831689660066,-0.6718305346451595
0.010683032339897789,-0.004938171128330954,-0.008127848803791459,0.0010958763657333886,0.5347178156910982,1.4941533150084738,2.3917286706716037,-0.7139792319635777
0.010697133463148214,-0.004936889113661548,-0.008120837218268138,0.00111720177308783,0.5372335771924942,1.5082007104800226,2.3848152431336316,-0.7281855303693816
0.010713636231285135,-0.0049383438695945955,-0.008115900590494508,0.0011432664415509575,0.5412771048223405,1.5263713037667694,2.37914813845306,-0.7448996981639288
0.010670765332928149,-0.004930097289088186,-0.008123238943688745,0.0010737673413303008,0.5290949857567354,1.4764154405661671,2.389700408494024,-0.7012498231289729
0.01065647833905116,-0.004924019802315463,-0.008121607825422655,0.0010493594533918515,0.5237176229662363,1.457825580389509,2.3901432514940897,-0.686601077603732
0.010593224219777202,-0.004947835976586917,-0.008171657630459165,9.590086882330572E-4,0.5179416899155435,1.4041492572454175,2.434547257382133,-0.6225814906249664
0.010564642433036382,-0.004956261761977329,-0.008190900272888935,9.165999633846053E-4,0.5140859739109401,1.3778931944235113,2.4518813300778035,-0.593095445049929
0.010576106826209889,-0.004941788271357945,-0.008170320748539907,9.300247511083672E-4,0.5116571006446805,1.3824606665215702,2.435380268323542,-0.6050488705390303
0.009969040375205704,-0.004942502887895875,-0.00826512814651195,-5.0570013205003014E-5,0.3338142232436869,0.718628863631977,2.558322923328003,0.02314856166267829
0.009920540922872903,-0.004943603829595532,-0.008264875514609806,-1.2983403787014948E-4,0.31800232836697134,0.6658937698979969,2.561984823562456,0.07340800096836388
0.00993600518691934,-0.0049425223257003855,-0.008264243316031454,-1.0453177681050734E-4,0.32292760227264733,0.6824735284745334,2.5603356527852417,0.05727138646610592
0.009952585224720307,-0.004941570199845956,-0.008263657572113565,-7.742459097661223E-5,0.32820145588330424,0.7003077947635888,2.5586266520771925,0.0400096594636958
0.009905072000283932,-0.0049433936854460184,-0.00826385330780538,-1.5508605591288614E-4,0.3128274541674225,0.6489096006288965,2.5625119764238673,0.08934714571138674
0.00988915181684233,-0.004943533123552966,-0.008263076843375412,-1.810852008764089E-4,0.3075624921886591,0.6315513655968795,2.5632392024424018,0.10580143402767532
0.009873423492634396,-0.004944322729892719,-0.008262933663633664,-2.068113786292693E-4,0.3024613137544511,0.6146065114768469,2.5643770390323297,0.12216017852279237
0.009858010492840933,-0.004944389128330148,-0.008261824466442656,-2.3196698644147091E-4,0.2973375526170235,0.5977877237296169,2.5648350691229216,0.1380779052704513
0.009842441825216673,-0.00494352964307816,-0.00825947716372713,-2.572813484213936E-4,0.292019366456423,0.5805338209896932,2.5644706517459928,0.15399950647120308
0.009826396667484595,-0.004943115370418767,-0.008257468398443534,-2.833868768930704E-4,0.28661829759558394,0.5629118142756959,2.5643703291362034,0.17047310382974826
0.009809886594543038,-0.004943329147701034,-0.008256001191538567,-3.10294574046752E-4,0.28116148630645427,0.5449834220098287,2.5646708189374503,0.18752018977924864
0.009776647126952757,-0.004946515280326196,-0.008255816442748006,-3.6477889261508136E-4,0.2705320709822883,0.509708167464174,2.5671363004939205,0.22229821304312705
0.009792951739265488,-0.004944259361053749,-0.008255170881539787,-3.3796505788053914E-4,0.27564710588531444,0.5268108710068189,2.5654333137517304,0.20511997816917274
0.009767428258248901,-0.004935022491680213,-0.008241106280956216,-3.7824949493954154E-4,0.265826334663446,0.49642332483779245,2.5579907188472215,0.22981321612593503
0.010078990362071891,-0.00494204864687383,-0.00826314061501443,1.2902632166085902E-4,0.3694963045113809,0.8390750742589032,2.5481167078171922,-0.09063762386969852
0.010046320068415023,-0.004941698354443116,-0.008263880805292364,7.566887211475365E-5,0.35889410175108155,0.8030960379486224,2.551274787065482,-0.05687973902952842
0.010062495732517199,-0.004940987279291567,-0.008262551662788588,1.0205763760125763E-4,0.3639476630950785,0.8205935343410156,2.549049697941634,-0.07370700563062042
0.00997735104306877,-0.004929995743155046,-0.008250579739334945,-3.682523638280881E-5,0.33401508588268297,0.723659009646318,2.5477194647060206,0.012712310380670822
0.009992047398407639,-0.004927122236869105,-0.008247348373157548,-1.2903037848324535E-5,0.338158884590451,0.7387703054382818,2.5443199240561483,-0.0028648728296887843
0.010037723816305123,-0.004929355648343722,-0.00824960332085807,6.13706106430175E-5,0.3533679974100604,0.789445306808733,2.5421344772189656,-0.049693491456416335
0.010007902639503316,-0.004925938196721099,-0.00824597021500271,1.2858623034828972E-5,0.34304488129273075,0.7556944799664792,2.542081619016043,-0.019388185913513614
0.01002393025748846,-0.004926922679417463,-0.00824698712394127,3.89074504891871E-5,0.34839839646662196,0.7735365221904282,2.5414666716680876,-0.03578907751376639
0.009548942661573785,0.004976125552462473,-0.008246754279944172,7.4029594609635E-4,0.19758835476882666,0.27020412998253146,-2.5787794573176814,0.4623160486023145
0.01019966256001914,0.004927249056120811,-0.008236293581694509,-3.240550664336071E-4,0.40355466941062906,0.9659642522690516,-2.5192197900252595,-0.21733026902312694
0.009581130498445346,0.004973575920333936,-0.008251767981040712,6.875398948757119E-4,0.20808009926895646,0.3044786578413281,-2.5795966283363145,0.4286414032499351
0.009565031628950576,0.004974668316312453,-0.008249118963478498,7.138881771179957E-4,0.2028083842198216,0.28729038869262374,-2.5790921119792802,0.44544291341320513
0.009628484457779135,0.004971163207468143,-0.008259642252631766,6.101096957803906E-4,0.22373315700872645,0.3552712238219922,-2.5811502524213776,0.3793922285989211
0.009612871753632915,0.004971974700034248,-0.00825720748306044,6.356623333649375E-4,0.21856558831951925,0.3385220586438447,-2.580743248163948,0.3956332512292647
0.009597099201383706,0.004972737348153318,-0.008254537809723489,6.614440893352117E-4,0.21335136820757059,0.32159465077941235,-2.5801941962679638,0.4120279706638726
0.009729908089818667,0.004946983570015983,-0.008249765550570649,4.4082503528682717E-4,0.25498461571778663,0.4589966126482416,-2.5667072041405485,0.27050757524479113
0.009713512083820467,0.004948376376254326,-0.008248793997312459,4.676616128676373E-4,0.24969845273601257,0.441565440902215,-2.5673295619161274,0.28763037821100185
0.009697465259329364,0.0049503409490086045,-0.008248402405562775,4.940314093442224E-4,0.24459177485661523,0.42467228312935795,-2.5683148390268133,0.30449870981529475
0.009681952259407062,0.004952874110928421,-0.008248630149691509,5.196489870590361E-4,0.23970978653647565,0.408507606064676,-2.569673985295386,0.32092961317342145
0.009635389880737066,0.0049562742630595595,-0.008243534403345347,5.957676622462948E-4,0.22457345307299212,0.35885010554436997,-2.5699046508675045,0.36952281048628505
0.009650757619628378,0.0049547672390356295,-0.008244900685267663,5.705771034007919E-4,0.2295222266060084,0.3751340782899462,-2.5696187086753155,0.35341211669179057
0.009666381069827534,0.004954023908658315,-0.008247079700547296,5.451153210029458E-4,0.23464166291411573,0.391900976110642,-2.5698536676739434,0.3371804562531904
0.010183032074879467,0.0049267091572446345,-0.008237462956328358,-2.9707774510226453E-4,0.3983418505339855,0.9475516890023351,-2.521474848528886,-0.20019475879438733
0.010166502970648993,0.004926161533482237,-0.00823845672055897,-2.702564497549117E-4,0.3931348944509476,0.9292524943936297,-2.5235886034413544,-0.18317057507734524
0.01019139856645,0.004910288314492653,-0.008217407201102624,-3.088446627504606E-4,0.3966369865279808,0.9503096302999955,-2.506608758580365,-0.2105571112699475
0.010149843390728573,0.004926403326080636,-0.008240229806270554,-2.4328457644851218E-4,0.38806421868210966,0.9111138732395127,-2.52625160992452,-0.1659265885471152
0.010133713220750615,0.004928133093095579,-0.00824354676655692,-2.1726433214213216E-4,0.38346351124886097,0.8941045148721386,-2.5299375437205387,-0.14905547891517276
0.010118770873615719,0.004931174980589969,-0.008248174026296396,-1.9321536003307402E-4,0.37956818422075445,0.8788607820126254,-2.5344181665442083,-0.13324229262780285
0.010084713458892681,0.0049309016759974365,-0.008249807378855311,-1.3783403238658892E-4,0.368734019304535,0.8414451484495092,-2.5384032602185473,-0.09805717592554503
0.010103568177642519,0.004927595619936741,-0.008244935561660874,-1.6829718723909522E-4,0.3738876844840117,0.8608997505311268,-2.5334438227098204,-0.11795774935384055
0.010024512137270142,0.004930350093361795,-0.008250996636434093,-3.989915745743379E-5,0.34935212339836896,0.7753460036083233,-2.54415943164365,-0.03592792880512665
0.010072306421119049,0.004916435195415707,-0.008233426598060678,-1.170713793003336E-4,0.3614829697012915,0.8227491647545527,-2.528074592155226,-0.08708855258260191
0.010037949039398983,0.004927090579785174,-0.008246946376590203,-6.168882169549037E-5,0.35295661868878797,0.7889227739179742,-2.5402750397930163,-0.05023895105121886
0.010054305332627626,0.004922237023458176,-0.008240845466432013,-8.811536927679501E-5,0.3571110007999673,0.8051188082206969,-2.534715580097308,-0.06776195612657188
0.009890475726849098,0.00494269588007036,-0.008262176194713589,1.7887131249234658E-4,0.30784631379575655,0.6327652861414464,-2.562508211402814,0.10426904498906318
0.00987445516353497,0.0049429545324305,-0.008261399908385885,2.0502772232548226E-4,0.3025664630413493,0.6153456634255211,-2.5632405242502636,0.12083816750673697
0.00999442384160561,0.004928724097186815,-0.008249236967612247,9.046399138540703E-6,0.33929216435403214,0.7419039185998393,-2.5453982580139103,-0.00509881318946195
0.010010034147253995,0.004924970804365628,-0.008244829347575575,-1.6317301574751882E-5,0.343541934487923,0.7577030796999936,-2.541104360693431,-0.0217304446059046
0.009979418926050788,0.0049229754459816175,-0.008242383132201303,3.337397330998804E-5,0.33327311447201263,0.7236162082271358,-2.541925385459581,0.009564060370173015
0.009921621707670653,0.004943255865762508,-0.008264516722387254,1.280530332459101E-4,0.3182824234806656,0.6669977052345333,-2.5616405763556034,0.07220075403003352
0.00990635487490605,0.004942723135163462,-0.008263135321831374,1.5295530142711808E-4,0.31311623812261163,0.650136470435868,-2.561910139774495,0.08787999549053539
0.00996092528571007,0.00492502160091908,-0.008244454789564955,6.342862479214946E-5,0.3277052793681448,0.7041078104823965,-2.5448420333476958,0.028922949617953695
0.009944105329983001,0.0049279235558221755,-0.008247391553374443,9.082923373757585E-5,0.3227843039231257,0.6866971394676799,-2.5482040450939927,0.04668326556548219
0.009930403362115882,0.004930708029384302,-0.008250159007854956,1.1320546783567454E-4,0.31884178641401634,0.6726345806784642,-2.5511887379890585,0.06122447128446733
0.009746629694981005,0.004946150830974659,-0.008251290192764854,4.1354205824968685E-4,0.2604333609737263,0.47694397753569895,-2.5664304802938607,0.25314568898490114
0.00976296440668204,0.004947195965630738,-0.008254812315937785,3.871343282014356E-4,0.26602020398152065,0.49501177785954303,-2.567519136637195,0.23649892939839914
0.009794529416074121,0.004947444342109775,-0.00825910415677661,3.3577606802475145E-4,0.27660530975664793,0.5294747613207585,-2.5679376024381426,0.2039995561741861
0.009779272290413277,0.004946895438852626,-0.00825659645917419,3.605573184133443E-4,0.2714176615122923,0.5126923486003755,-2.5674473378196674,0.21963573804103834
0.009803011744022082,0.004934383630568575,-0.008244731582536273,3.2047903731341373E-4,0.27749344245175717,0.5349359346856774,-2.5576172605555247,0.19306102317755872
0.009816425647221539,0.004931099563882879,-0.008242339557531118,2.983633096410709E-4,0.2814207264085846,0.5485658404885113,-2.554947518064484,0.17870913416100412
0.00986675257990463,0.004930180690193443,-0.008245828891338736,2.1661596264726694E-4,0.297857980731322,0.6030619085728008,-2.553319615299203,0.12674596702939087
0.009832906183455224,0.004927338044272275,-0.008239583197161117,2.712722634574274E-4,0.2862717936926927,0.5653769201355289,-2.551782823717914,0.16113503525995176
0.009851329016317155,0.004924426995926769,-0.008237838184004488,2.4116347274819578E-4,0.29183853567278933,0.5845409941340475,-2.5491419414540535,0.14170884219776478
0.010500266047854806,0.004950128822757939,-0.008203268529808546,-8.123419900933905E-4,0.4957326936070841,1.304823345648735,-2.467570921056787,-0.5267737502789943
0.010944729781040382,0.004998154884315455,-0.008075648324895492,-0.0015244544313004341,0.6076603167341356,1.8057965964703564,-2.318461552672329,-0.9819059623225241
0.010922753037706701,0.004992733282243648,-0.008081133294246578,-0.0014883607016713226,0.6018787380232719,1.7794357493112203,-2.3257703485804644,-0.9593663594114424
0.010976560658320105,0.004981494008840732,-0.00803900463968373,-0.0015629907516495386,0.6053519993725428,1.8249308705052343,-2.2858643788327604,-1.0106526592217424
0.010957107403077116,0.0049769032509934105,-0.00804447046996412,-0.001531473204167388,0.600532889802439,1.8021011388101336,-2.2929055625932797,-0.9909573693184743
0.011015981641961622,0.005006534797122239,-0.008045305308960728,-0.0016359066402153073,0.6216017362057996,1.8837208549999822,-2.2846409282774585,-1.0533518727722655
0.010994010520247604,0.004986571685436473,-0.008035010614938838,-0.0015917813116352179,0.6099979480704695,1.8461285144904895,-2.28019438033002,-1.028466270001043
0.011008200624903002,0.004991519163307412,-0.008032569224502576,-0.0016156588588597074,0.614089481822715,1.8640186139548731,-2.276156006719258,-1.0431044189612053
0.011073004921815148,0.005006606616458966,-0.008011301524223644,-0.0017201867289040925,0.628900080907766,1.9395481417510794,-2.2496233903869154,-1.1085736199625993
0.011035015843795782,0.005004504195086646,-0.008031800040925163,-0.0016629572239956314,0.6232160068031324,1.9008331216024696,-2.271354833841528,-1.0715128807429561
0.011056576782510196,0.005000191622243239,-0.008013965973618996,-0.0016921692610767853,0.6240602374071017,1.9183124583864932,-2.254355901634746,-1.0914904337372062
0.010707389140888292,0.004960261478048171,-0.008143798984427955,-0.001142452243543191,0.54843368292045,1.5332323052416454,-2.400920785281443,-0.739539111923344
0.010686773338146053,0.004954600424158881,-0.008145418935054384,-0.0011080935485849657,0.5417950045490968,1.507936714619519,-2.4045238405187646,-0.718330133158048
0.010669405933842468,0.004952574031546405,-0.00814977650778532,-0.0010802182769394763,0.5372392300706298,1.488279162961429,-2.4097832416631633,-0.7005647115575857
0.01065322587926377,0.004951100884480394,-0.008154160142252067,-0.0010543745388122267,0.5330959591036134,1.4701702996076949,-2.4148974321169145,-0.6840000378875472
0.010634594257790765,0.0049534706832845025,-0.008163749744843221,-0.0010260466973783515,0.5297262795112045,1.4516669209377273,-2.4241546738830233,-0.6650055006183204
0.010601885793641887,0.004947088860836238,-0.008167843950016873,-9.723921020423468E-4,0.5198084030133842,1.4129966059068966,-2.43078802376234,-0.6314201183048277
0.010621926467291832,0.00493940567177034,-0.00815194618147212,-0.0010011612503095853,0.5216738298563744,1.43008438774181,-2.4167269235873587,-0.6518401716488725
0.01051783811811277,0.004952403322356695,-0.008200829436483687,-8.410094819375752E-4,0.5009951991354235,1.3250954356212883,-2.4640163969550897,-0.5448628643252894
0.010532589737166618,0.004956930578703847,-0.008201703039888575,-8.658600529474078E-4,0.5063608860010145,1.3434931770153342,-2.4631697120293956,-0.5599996682799134
0.01054985426124952,0.004952953640250297,-0.008191736556987439,-8.920858105638676E-4,0.5092424953248357,1.3601241415234693,-2.4540304473660437,-0.5779117641943196
0.010568605620847072,0.00494269704992559,-0.008173820346494278,-9.184934279311288E-4,0.5102830214252051,1.3748330345778774,-2.438789798096838,-0.5972886874614399
0.01058907847639036,0.004935089830707012,-0.00815824640432955,-9.482032726413648E-4,0.5124494997215433,1.3926192610312471,-2.4250156095434794,-0.618266137909245
0.010859072732383816,0.004976808876067609,-0.008095166402430945,-0.0013835693293965687,0.5845666026355695,1.702707516272058,-2.3452013697400456,-0.8939357113304275
0.010904792203880123,0.004990255060098719,-0.008087658347927941,-0.0014598595443467402,0.5979039475286066,1.759268579392942,-2.3332647330761804,-0.9411515473498434
0.010887257762762772,0.0049906110572974635,-0.008097061166091523,-0.0014333920450441062,0.5951237262469301,1.7415792749035892,-2.3428517059573832,-0.9236988304045418
0.01087669638471804,0.00497493236292431,-0.008084268694481693,-0.001409435088939456,0.5868240949341939,1.7194595756755289,-2.3345383883981357,-0.9113200141925786
0.010851688434769191,0.004958546132908328,-0.008077715972655287,-0.0013634394447554522,0.5758095438010108,1.68241528652684,-2.332923897016224,-0.8846717692690386
0.010779962450241043,0.0049642795375170095,-0.008117677002303819,-0.0012565188934888071,0.5648219434986985,1.6121527638731286,-2.372450822495344,-0.8133376518327121
0.010798380317432334,0.0049621388051123766,-0.008106914657104334,-0.001283855850822061,0.5674836754503952,1.629932276225443,-2.3619836798330787,-0.8317316791314164
0.010817113487721018,0.004959735849998987,-0.008095516375903557,-0.0013114116718515626,0.5700374731944836,1.647713413096309,-2.3509531638458996,-0.8503056191920025
0.010835022594855803,0.004959132288618107,-0.008086393486211029,-0.0013384169714069753,0.57307692684296,1.66574021446337,-2.3417073177558767,-0.8681355249238799
0.010738671847715583,0.004941269901138748,-0.008108943696601723,-0.001183032814486295,0.5475925986023958,1.554347867251862,-2.370925447488787,-0.7702589567758752
0.010719969383954525,0.004938486939201729,-0.008113486190055913,-0.0011530888953228439,0.5426891510425782,1.533089130407223,-2.376601470796324,-0.7512774967884962
0.010755888983917892,0.004944449416359671,-0.008105294735183538,-0.0012108368373379777,0.5522515340438853,1.5742827114336106,-2.3660708562790442,-0.7877578443106178
0.010771772098410511,0.004949410709973804,-0.008104115694016733,-0.0012373600593167215,0.5573597274956015,1.5939670512795523,-2.3632073864097616,-0.804044097804612
0.010218025604505866,0.004928199000820751,-0.008235233645969854,-3.5387795647487456E-4,0.4093681004189439,0.9864363017413924,-2.516879396294229,-0.23621897631483948
0.010286060793130962,0.004915755544639903,-0.008211001253561357,-4.617229400889025E-4,0.42604414383216743,1.0555951977498592,-2.493553427711868,-0.3076028123087735
0.010236220995124834,0.0049194661423783755,-0.008222694479561464,-3.821305628664953E-4,0.41246687793200426,1.0028122713250587,-2.5063889574415197,-0.25586369848434104
0.01026993370049912,0.0049148376688729085,-0.008212469185434577,-4.3569327650615127E-4,0.42110212374529254,1.0376579264693377,-2.496074435008888,-0.2910583721138451
0.010253458313843366,0.0049153664459135275,-0.008215525172038383,-4.0930357561861806E-4,0.41642696448336,1.0199366522039444,-2.499746287147912,-0.27402728096708534
0.010301981498209838,0.004916127702026427,-0.008208784835079337,-4.8731970298298725E-4,0.4307386510483962,1.0730796205521942,-2.490508822542917,-0.32398078990717694
0.010318448930464174,0.004915995115771722,-0.008205737281175511,-5.136810636955325E-4,0.4353841830505341,1.0909260356748944,-2.486801663904226,-0.34095340020357795
0.010334898779720096,0.004916831624486815,-0.008203666840403223,-5.401639213548636E-4,0.44029009081488585,1.1091634444540743,-2.4837841708344204,-0.357830750854696
0.010490876275311587,0.004932086218784438,-0.008184887766853109,-7.923224884553588E-4,0.48719094712045946,1.2854841400070924,-2.4549697794220524,-0.5176480135037257
0.010469624400459879,0.004932741398737177,-0.008191447285531839,-7.587517175160827E-4,0.4819129958590835,1.2628269808720003,-2.4619206157523297,-0.49576496362781425
0.010448807960655098,0.004928027855121066,-0.008191388319650016,-7.244153096463173E-4,0.47487438498497875,1.2379706376948294,-2.463939435570633,-0.4745201664564524
0.010351147723708558,0.004916163202645624,-0.008199731792250637,-5.660116478536892E-4,0.4446532742267639,1.126517753761303,-2.4794245354661784,-0.3746108286478353
0.010380783947909027,0.004924684211208097,-0.008203505134110022,-6.151419459547814E-4,0.4554612234812812,1.162564368111701,-2.479354827277344,-0.40460008665404384
0.010368325389133957,0.004911478479790855,-0.008190785905330468,-5.924586672783895E-4,0.4479590622816531,1.143040764731168,-2.471327022029943,-0.3925857919147226
0.01043107142153939,0.004926809523723827,-0.008194399690567076,-6.958791362247392E-4,0.4697718652777345,1.218162146658722,-2.4678816545189597,-0.45631208725978395
0.010412100943719147,0.004930283627599736,-0.00820298597149509,-6.664496629234464E-4,0.46577761388712435,1.1992236852904261,-2.4759776408292384,-0.4365919992250678
0.010398942021955402,0.004916720558411164,-0.008190225941070925,-6.423472399938419E-4,0.45793232345865137,1.1785844123821618,-2.4679685248323917,-0.4237529154245642
0.009432756033269098,0.005004088591825312,-0.008245858616725214,9.361866560016668E-4,0.16144446320483963,0.15071619599438554,-2.5873297520373373,0.5883920206872849
0.009417166547099384,0.005005848499723863,-0.008242790658341097,9.618976261551267E-4,0.1563956847600202,0.13422464962519606,-2.5865477889351234,0.6048817192163747
0.009401540397221374,0.005007595123125255,-0.008239553251076163,9.876444568579078E-4,0.1513732680820131,0.11768534927927822,-2.585658683001856,0.6214216800045104
0.009385869861238698,0.005009390946011909,-0.008236216055602453,0.001013459445021978,0.14639240506550455,0.10110851897964758,-2.5847093202265063,0.638028536285146
0.009354491882862208,0.005013180734489875,-0.0082293324832255,0.0010651574548812843,0.13653005630973927,0.06796234286781579,-2.582686541713255,0.6713492884566924
0.009370184592254626,0.005011251591196192,-0.008232806931374173,0.0010393004439772844,0.1414442360781469,0.08453063694036071,-2.583717127255271,0.6546740779793357
0.009532968412997712,0.004977768572634991,-0.00824449076974369,7.665548683274382E-4,0.19243121371440822,0.2532882054367494,-2.57852870834388,0.47911695698117335
0.009517124676166272,0.004979648820799014,-0.008242396691341712,7.92658300538043E-4,0.18734294514625752,0.2365719681295896,-2.5783841526250835,0.49583988825717457
0.009501431437418972,0.004981726844231132,-0.008240434333758566,8.185682076183091E-4,0.18233388079370771,0.22006636947366795,-2.5783194132680456,0.5124559663540116
0.009438992189236982,0.004988870768884259,-0.008229883869023909,9.212245690520547E-4,0.16241556521576614,0.15414711857064803,-2.576263032774111,0.5783628354911664
0.009485837540305476,0.004983688661832338,-0.00823822089986301,8.442783132762559E-4,0.17736284801866944,0.20363999161978394,-2.57808392662753,0.5289509626869667
0.00945456044767815,0.004986998586653851,-0.008232617818246725,8.956213335868411E-4,0.16736199114030506,0.17055572824053813,-2.5768417530394916,0.5619075042157445
0.009470220637435037,0.004985346987943679,-0.008235500594802934,8.699240552752725E-4,0.17236670284590705,0.1871193536360456,-2.5775148979070064,0.5454074023894754
0.009244623228700103,0.005028855246324275,-0.00820353510848433,0.0012464639161526578,0.10263988385273459,-0.047538467283172244,-2.5745858200659595,0.7887190936681422
0.009229084095106957,0.005031256326462042,-0.008199531938227188,0.0012721009545267235,0.097845252214545,-0.0638531824492054,-2.5732120309834965,0.8054080539490843
0.009213539335104895,0.005033519918905276,-0.008195221260809247,0.001297660677173688,0.09306734873985227,-0.0802176170685444,-2.5716306859571874,0.8221015147241885
0.009197884915122348,0.005035762015866603,-0.008190691713651567,0.0013233537759970986,0.08840499510959049,-0.09670833701914616,-2.569909770932425,0.838920320977223
0.009182149392340768,0.005038179944235665,-0.008186187210291409,0.0013492263336966602,0.08387476888662398,-0.11324014629864475,-2.5682170089155503,0.8558623652404534
0.00923454604069643,0.0050156115030925,-0.008183427069968649,0.001256555755597785,0.0992816547310884,-0.06087835951449134,-2.5618904422311837,0.7955712790135383
0.009260251739574272,0.005026427576494095,-0.008207402530779074,0.0012206529802605956,0.10740572406389685,-0.031144802243145142,-2.57586233790324,0.7719545005671232
0.009275954127365874,0.00502409419078849,-0.00821126865019297,0.001194744681897185,0.11220166463080015,-0.014653324183783538,-2.5771348298058334,0.7551428861068629
0.009338777597906729,0.0050152023651264385,-0.008225815476954675,0.0010910626907639984,0.1316539945931645,0.051395184090544936,-2.5816334070748854,0.6880702552950261
0.009323055713573206,0.005017333993280701,-0.008222281389610729,0.0011170022032491315,0.12680640086460662,0.03484902646622689,-2.5805734588032387,0.7048233917020764
0.009307353261119868,0.00501956257460627,-0.00821872488183154,0.0011429294755004296,0.12194697926389035,0.01834563109416046,-2.5795011161831063,0.7215816169760525
0.009291662101848593,0.005021826570198115,-0.008215070229022695,0.001168833485470007,0.11706414160563126,0.0018575764333399415,-2.5783657162107865,0.7383468782024406
0.009539309216793941,0.004961068539511935,-0.00822646788183677,7.518947739971075E-4,0.1934238181298595,0.25597567394220966,-2.566027849058445,0.46936608821751147
0.00912486802189637,0.005033644104190166,-0.008152750549600732,0.0014364134627372245,0.06724215376583566,-0.17562355357107373,-2.5504218900026037,0.9136014790050835
0.009109373739767708,0.005036335532040428,-0.008148011431002807,0.00146178903711257,0.06284939588018473,-0.19182626873174022,-2.5485290626602395,0.9303593245420742
0.009093700015747169,0.005038935610299393,-0.00814292712339957,0.0014873642750798041,0.05843543560557669,-0.20823908156186263,-2.5464085143393755,0.9472827001282026
0.009078008578286624,0.005041778354281218,-0.008137975164413865,0.0015130630557466601,0.054038677689713925,-0.22462672740414844,-2.5443796163976895,0.9642966072435889
0.009140265317379175,0.005030570274046803,-0.008156845066124976,0.0014109706429341487,0.07164740311212782,-0.1596013421063214,-2.5518768110863905,0.8968513388668032
0.009155802346113934,0.0050273646064893105,-0.008160709731918639,0.0013852284382056955,0.0761332017207585,-0.14346326369678478,-2.553165647965159,0.8799382243728457
0.009171589327323327,0.0050243895798257705,-0.008164823757599055,0.0013591935914712657,0.0807268372103513,-0.1270211600621773,-2.5546112639969754,0.8628448409429982
0.008627385114436706,0.005162529765521242,-0.007978092834618046,0.0022636269524586032,-0.05687778906236155,-0.6934896730914374,-2.4729120994676665,1.4718375456638848
0.00864265978562314,0.005158409014099387,-0.007985542177600315,0.0022386220838535617,-0.053789940209145536,-0.6774652954467157,-2.4769137164216537,1.45442689962022
0.008657894638777494,0.005154288341052336,-0.007992813535144541,0.0022136270946654306,-0.050552943973716326,-0.6614876862825766,-2.4807701113205956,1.43706756892346
0.008499800570831098,0.0052303667150690415,-0.007949252750081173,0.0025002869930147447,-0.08261750192744062,-0.8287689625791642,-2.4642549837797088,1.6355794173569487
0.0085031304267127,0.00521471431060883,-0.007933504660336528,0.002481594131242605,-0.08465445804346462,-0.8218462148559317,-2.454111748517915,1.6203662756471264
0.008484823888579551,0.005235103217132526,-0.007941358082477108,0.00252524965003828,-0.08528699899205287,-0.8446451338040516,-2.459830475216083,1.6532339015421165
0.008488118181302818,0.005219436462851537,-0.007925612822133636,0.0025064630973377637,-0.08724421504824285,-0.8376894085358096,-2.449686292916532,1.6379337920280783
0.00846986220007,0.005239886733151683,-0.007933382828284324,0.0025501942905320693,-0.087389344171322,-0.8605135699046627,-2.455325904558763,1.6709345917625862
0.00847311709319506,0.005224207484213962,-0.00791764137911481,0.0025313129710092387,-0.08985755150214746,-0.8535244479036505,-2.445178479784248,1.6555140656253748
0.00845491564632612,0.005244717217658645,-0.007925330229297312,0.0025751108758777096,-0.08946535490548936,-0.8763612999718121,-2.4507612724172385,1.6886493413015737
0.008458125304582122,0.005229041354638398,-0.00790960390127114,0.0025561591750223813,-0.09248015853064623,-0.8693589910910441,-2.4405892511654383,1.6731311373639512
0.008443149253794992,0.00523393305152181,-0.007901500765968765,0.002580990122592608,-0.09494050351407422,-0.8851867767621355,-2.435915873590268,1.6907863587716834
0.008612103897709956,0.005166756186403849,-0.007970615093740134,0.0022886793250706523,-0.059832774142296465,-0.7095088223189355,-2.4688817350615406,1.4892967978368492
0.008596873453714772,0.005171152694565541,-0.007963230713222929,0.002313754577280554,-0.06270575848362835,-0.725455149928624,-2.46491398065719,1.506766670261679
0.008581735249592699,0.005175723062647671,-0.007955978792679093,0.0023388030649711226,-0.06558125254575048,-0.7412905715018699,-2.4610341163263265,1.524210027488172
0.008566672463934074,0.00518036520231288,-0.007948727314104327,0.0023637667048031098,-0.06852173705900312,-0.7570527461601156,-2.4571348454180497,1.5416167248884893
0.008551621225656222,0.0051849463824082806,-0.00794126922688611,0.002388621145918705,-0.07146987987462446,-0.7728238850651471,-2.4530542315318566,1.5590060140227386
0.008536533781779446,0.005189463175053943,-0.00793356035436385,0.002413425089329221,-0.07430946687413188,-0.7886477352968805,-2.4487616560732324,1.5764176892706245
0.008521426080433584,0.0051940293168311535,-0.007925745919499344,0.0024382520872358922,-0.07701156588331533,-0.8044920757835267,-2.44437463309102,1.5938737730761454
0.008506352181001653,0.00519870551116677,-0.00791794283023691,0.002463081850208801,-0.07964777854362577,-0.8202963492882827,-2.4399817845733023,1.6113453039025056
0.00867310810423321,0.005150070523519001,-0.007999808261518823,0.0021885427257653054,-0.047234850040192934,-0.6455571038929356,-2.4844002564235925,1.419716041430175
0.008734344290226962,0.005133640393542464,-0.008027134877017552,0.0020875984552529703,-0.03386146896356965,-0.5814860521814146,-2.4982951890709586,1.3502088052911247
0.008719035813983464,0.005137674718775126,-0.008020437094119074,0.002112838186553789,-0.03736627686450244,-0.597504222145279,-2.494933830682927,1.3675507291731541
0.00870369453898133,0.005141661170830241,-0.008013512435068966,0.002138048061256829,-0.040714945438781826,-0.6135693845309653,-2.4913933302176337,1.3849181052253046
0.008688366036524639,0.005145801373565468,-0.008006631092756024,0.0021633156244571083,-0.04395581578334389,-0.62960316436296,-2.487880767178705,1.4023249363122137
0.00881563014158057,0.005098518416044201,-0.00804409488379605,0.001943491514078973,-0.013988228532265874,-0.49803914257587106,-2.5024326399474943,1.253184695995083
0.008800487019186886,0.005101925879252967,-0.008037554708467969,0.001968106178046859,-0.017536378997495567,-0.5138489114410555,-2.499167542780342,1.2699836260029096
0.00873840753934996,0.005117348812215458,-0.008010982029536184,0.002069634641417991,-0.03173417603712028,-0.5785366379729183,-2.485868998353585,1.3394475978643594
0.008785127980141347,0.005105231786538724,-0.008030600554278329,0.0019929217920724713,-0.02106683401158455,-0.529900601552349,-2.495606861482045,1.2869678932331654
0.008769509325432226,0.005108764764677411,-0.008023582779366238,0.0020182305545188724,-0.024645398226988715,-0.5462079874583861,-2.492014960006705,1.3043076732815189
0.00875384153005433,0.005112829026690725,-0.008017004522297396,0.002043952492446654,-0.02822059495953066,-0.5625132294091514,-2.488747368206383,1.3219010177155202
0.008830738484539002,0.005094678295707073,-0.00804996007879988,0.001918591578248018,-0.010373318673280297,-0.4823261401083007,-2.505198390456929,1.2362773900000452
0.008819932684861365,0.00508262705876404,-0.008028374443856056,0.0019262094344708082,-0.01137877663610342,-0.49540496300428954,-2.4903534493558634,1.2433034917413381
0.009036988348940749,0.005035780799619351,-0.008108471835215096,0.0015725983152296544,0.0436277345071776,-0.2698336356637226,-2.527386102532582,1.0051296578902749
0.009051631072699127,0.005031958581345588,-0.008112074272304868,0.0015481679718615735,0.04765993588577571,-0.25476665388859177,-2.52859117549386,0.9889485809034412
0.009066954733370733,0.005028281261908887,-0.008116087299644666,0.001522767678335247,0.051887850906138726,-0.23895553123483684,-2.5300278784564205,0.9721244559608316
0.008876954087918854,0.005083999121776992,-0.008068292462494195,0.0018429404043967268,9.103577072469376E-4,-0.43416702961113524,-2.513933123192794,1.1849935608614117
0.008861564477343544,0.005087237542227472,-0.008061957501784166,0.0018679564588454302,-0.0028645268734412825,-0.4502437273126569,-2.5108618704046752,1.2019578685397077
0.008846054307125529,0.005090716148781862,-0.008055680748002154,0.0018932718454800236,-0.0066430752428960635,-0.46641621342486955,-2.5078372141533456,1.2191283457015734
0.008881444371370386,0.005068135308586033,-0.008052536845725279,0.0018259088237480067,0.0034594351304024396,-0.4315509381248876,-2.5019812922646705,1.1752375534775596
0.00889613606240741,0.005063755715016937,-0.008056888296709907,0.001801282214329696,0.007193307747697278,-0.4164365814780187,-2.5037144146172783,1.1587038545666226
0.008911284018929037,0.005059304062050494,-0.008061312227998142,0.0017759190267060065,0.011072815204273875,-0.4008603233272085,-2.5054567489589075,1.1417009720133322
0.008926742274245896,0.005055175276293578,-0.008066169548365197,0.00175028242024951,0.01503087649445497,-0.38492069876278096,-2.5074838299598814,1.1245018890555853
0.008942416093886239,0.0050513304734581795,-0.008071348247052147,0.0017244795576050829,0.019049533231045027,-0.36872021935434524,-2.5097235119887973,1.107186342338329
0.00900711478692096,0.005040212143000519,-0.008096755524923819,0.0016204692275586664,0.035711146886740076,-0.30115261913068697,-2.521836903176114,1.037219539486568
0.009022204983682681,0.005038598150349381,-0.008103476372233095,0.0015966627626796532,0.03964174202319595,-0.285233292190699,-2.525213739802951,1.0211915719114584
0.009028115850269112,0.0050249572248296315,-0.008090763411734642,0.001580000095178767,0.04197235945005787,-0.28108797698412236,-2.515675957077281,1.0111468642832195
0.008958373138878878,0.005047639017817338,-0.008076730171369478,0.0016983210592622748,0.023160570110321386,-0.3522019189148056,-2.5120838570205097,1.0896399648026556
0.00899129115401864,0.005042411035292553,-0.008090159115073598,0.0016456695929367197,0.031592687211459386,-0.317769156169136,-2.518611561580155,1.0541830578874312
0.008974828777025422,0.005044207895076825,-0.008082562010162738,0.001671539772000184,0.027410747366844995,-0.3351160054797187,-2.5147194534016246,1.0716693456534998
0.008416291946118594,0.005227854937717313,-0.007869663711972464,0.002611533765881679,-0.09459535572311427,-0.9147730210180535,-2.4121016673604108,1.7163546402834806
0.00843126375290248,0.005222900967764018,-0.00787793052660324,0.002586875125149702,-0.09216992906432385,-0.8990550839919961,-2.4169757498036493,1.6988351484216644
0.008086586996046873,0.005380600615198654,-0.007698867012498684,0.003188965171719613,-0.13359710559565954,-1.2682608497675607,-2.307887673566843,2.1327163318176305
0.008072084039835078,0.005386634628544867,-0.007688802091684253,0.0032131568110606765,-0.13335179657734,-1.2836878274617356,-2.3009118165728197,2.150592784734431
0.008074025897776815,0.00537065708538613,-0.007672933675220628,0.0031921570092897857,-0.13662193377316847,-1.2754058572952698,-2.2903011953112746,2.1329753854238622
0.008144785978910383,0.005356921179222511,-0.0077383263582938,0.0030919834189817846,-0.12827471256043915,-1.206239523552501,-2.3346893146029117,2.061677180080528
0.00814698023493852,0.005341036486963917,-0.007722522754777209,0.0030714346460897417,-0.1314413064696435,-1.198352899318149,-2.3241041809537606,2.044561395584299
0.0081302084488191,0.005362772427933636,-0.007728584651454034,0.0031162535327318944,-0.1307241926662711,-1.2217385344546061,-2.3281872112947193,2.0794056608222724
0.008132379831057785,0.005346897655095702,-0.007712816383846007,0.0030956428967986505,-0.13240209815040552,-1.2138140301844997,-2.3175581829773897,2.06229792511477
0.008115649345237109,0.005368669455772494,-0.007718764342700193,0.0031404986789728227,-0.13290137353196793,-1.2372540207502054,-2.321562514253621,2.0971048099559018
0.008117793330952907,0.005352766011254277,-0.007702988846439253,0.003119784315328896,-0.1331912148877197,-1.229229889294866,-2.310899050786509,2.0799841493508935
0.008101108812757923,0.005374612204472542,-0.0077088580246873,0.0031647370330875543,-0.1338694866576422,-1.2527736437563242,-2.314788668143709,2.114864460318281
0.00810320026175701,0.005358659492449665,-0.007693036753889214,0.003143898538197802,-0.1341294173577456,-1.2446220783104904,-2.304128014055052,2.0976316196042397
0.008088603210969872,0.005364614938355644,-0.0076830012122576724,0.0031680218293460055,-0.13533315779258429,-1.2600132433197138,-2.2972576455943408,2.115282586460451
0.008252275091098113,0.0052852581457306135,-0.007773037690987086,0.002881274142406506,-0.11633924937223805,-1.0869331032375007,-2.3524414112465757,1.9096899723694933
0.008267138891548497,0.005279780948068565,-0.007782216293653392,0.0028568245022220096,-0.11469647342316235,-1.071336537175023,-2.358305011907387,1.8920554341077584
0.008326498132104154,0.005258546846250327,-0.007818130534737925,0.0027592801087301497,-0.10724551994046527,-1.0090264559740356,-2.3808893020544377,1.821889937169747
0.00831171169557768,0.005263845416086914,-0.007809413568853104,0.002783670244380568,-0.10925089737714998,-1.024551991455355,-2.3754905423772423,1.8393838516399474
0.008296886165609377,0.005269109873958447,-0.007800472984328827,0.002808022438414603,-0.11116144733308157,-1.0401162031053823,-2.3698842663609763,1.856891729431562
0.008282024338738153,0.005274411879936467,-0.007791392076293904,0.002832402782867827,-0.11297296085103538,-1.0557154262888668,-2.364143604099933,1.8744481017095322
0.008149111440448692,0.005324748447509315,-0.007706887991092092,0.003050941569275343,-0.12642937984345745,-1.1951394549661403,-2.3089538120823856,2.032640584678035
0.008163832638781775,0.005318853898046327,-0.007716478182695735,0.0030266244855590807,-0.12520755096648975,-1.1797027601672607,-2.315361711894559,2.014982814970738
0.008178637071049662,0.005313129476652968,-0.007726200522817529,0.003002334343532349,-0.12396929304056516,-1.1641879791090366,-2.321851187642928,1.9973353389831343
0.008222817799639173,0.005296464570494129,-0.007754805037970865,0.002929933914674859,-0.11956815055187082,-1.1178537796106907,-2.340719265390916,1.9448157438138338
0.008193428399252056,0.005307552805853614,-0.007735926331867464,0.0029781590185888767,-0.12262968041007695,-1.1486865395167742,-2.328322736865592,1.9797713124932803
0.008208151155339448,0.005302028863750467,-0.0077454911171814045,0.0029540628880588876,-0.12114888453919624,-1.1332462695121925,-2.3346397568765975,1.9622853410243455
0.008239706780064238,0.005274269598386251,-0.007747518130575576,0.0028855719867491633,-0.11586152107398673,-1.098381936867774,-2.3328237348978313,1.9140476839741876
0.008225069650355766,0.005280076763614445,-0.007738712738527794,0.0029098417101213526,-0.11747372741785134,-1.1136567449776373,-2.3271627343156287,1.9315074602734692
0.008328895357100899,0.005242170618503188,-0.007801807219702421,0.0027399443298611217,-0.1051502562742288,-1.005458565947759,-2.367363751140122,1.8094874166727621
0.008343598065704566,0.0052365220591178265,-0.007809843974184436,0.002715402049372538,-0.1031215098924922,-0.9901014354110133,-2.3722310077584763,1.7919968955465804
0.00835858343872606,0.005230937360951437,-0.007818083905278954,0.0026905139238698663,-0.10100942103888257,-0.9744633770412999,-2.377216324856366,1.7742754147114306
0.008373836485258726,0.005225654800472992,-0.00782677923243507,0.002665523010346333,-0.09884117226547477,-0.9585662723623037,-2.382524859232841,1.7564711958152515
0.008389188925100854,0.0052209526538398296,-0.007836083669451835,0.0026409023474398643,-0.09668411869328443,-0.9425830967171597,-2.388296312558634,1.7388925837072386
0.008404350252522088,0.005216483137310761,-0.00784532393478412,0.002616691009729353,-0.09451604516942903,-0.9267864729022758,-2.394013039133443,1.7216044801831323
0.008057600088913427,0.005392714184532192,-0.007678672770692276,0.003237289173989881,-0.13449951842091387,-1.2990646766912886,-2.2938903547080445,2.1683871903285192
0.0080594911207794,0.005376768734280381,-0.007662841032482948,0.0032162628317529154,-0.13760696306364564,-1.2907760413125786,-2.283257600600868,2.150700374502445
0.008043135288126547,0.005398839222606493,-0.007668475006263509,0.003261372136516014,-0.13654976053578743,-1.3144283914785755,-2.2867997171906977,2.186075950574932
0.008044994841289302,0.005382905209706492,-0.007652672710106071,0.0032402942415829567,-0.1381725769442572,-1.3060982742063632,-2.2761059857036794,2.168403253587895
0.008028689782366838,0.005405009681636415,-0.007658198476962759,0.003285430260392776,-0.13810970907492268,-1.3297992713655626,-2.2795930694794047,2.2037259255594663
0.008030517046672065,0.005389047574345062,-0.007642387575620665,0.0032642495822707914,-0.1386213947926517,-1.3213669240779191,-2.2688346748687507,2.1860460209478636
0.00801426371656846,0.00541122549991139,-0.007647840484438319,0.003309469840794285,-0.13891879656850503,-1.3451680239258952,-2.272240050297777,2.2213965488237783
0.008001586904917085,0.00540143136738739,-0.007621517116871246,0.003312051023117605,-0.1398384524970879,-1.351796297122177,-2.253993166842289,2.221210851460601
0.008016048062901,0.005395215290040959,-0.007631995020435128,0.003288159424417164,-0.139199877938755,-1.336594218812672,-2.261457929816539,2.2036395674476457
0.007176605729088548,0.0058734463785157995,-0.006877495011100882,0.004705540734394079,-0.06524808105788128,-2.1928571836930977,-1.6086951411739516,3.2316261541214204
0.007162291406093744,0.005866278862613104,-0.006848095230541929,0.00470101295216216,-0.06511910076403689,-2.190813371576741,-1.5878321553150752,3.2195707798354127
0.007215622843988553,0.00584701988289354,-0.00692151155927296,0.004640553123304801,-0.0710920742014006,-2.156941914768308,-1.651373213889802,3.1882276384769015
0.007214444422606693,0.005831094643360793,-0.0069068722692309445,0.0046149309239302,-0.07683101512347078,-2.1437668592237373,-1.6447262465050463,3.1621768441580986
0.007202589478660921,0.00585578784627266,-0.006906915233030446,0.004662250277299136,-0.06971726159101096,-2.16898678035067,-1.6373144549706382,3.2028058353345883
0.007201404502010278,0.0058398541713971,-0.006892358398896909,0.004636540173817052,-0.07383531954768328,-2.1556792415544073,-1.6306890703498382,3.176738341944502
0.007189583730102231,0.005864596707708679,-0.00689224675951947,0.004683907375353143,-0.06809425109826639,-2.1809686025631643,-1.623101496590918,3.217246071646423
0.007188370827766777,0.00584862201570285,-0.006877720631684414,0.004658064222089621,-0.07071559370559387,-2.167474844328822,-1.6165283390622662,3.1911424089112095
0.007175328219236498,0.005857419072884288,-0.006862950511001731,0.004679540483173996,-0.06776398998131862,-2.1791770032612123,-1.602239381050807,3.205402356092893
0.0072130743679671054,0.005814846136197249,-0.006892272474499317,0.004589501228296009,-0.07472008101463196,-2.1330776467946007,-1.6318350360795006,3.139148480363353
0.007226153475970971,0.0058060426458385874,-0.006906553137418356,0.0045678154184621055,-0.07733205638820105,-2.1211601734038723,-1.6454821174005276,3.1245992072570803
0.007147741241763438,0.005858740255449041,-0.006818748215323105,0.004696247221528137,-0.06110896413495017,-2.1909566357100574,-1.5609359344855103,3.209421998260639
0.007134722361872431,0.0058677897644208825,-0.006803896998570979,0.004717718731249515,-0.058145624649785566,-2.202371550956976,-1.5464584378047246,3.2233877462950997
0.0064533763482403275,0.006475590734211071,-0.0058738955195120285,0.005910956619393194,0.17288331311785352,-2.6895796585332032,-0.5584213839007088,3.8537800107976916
0.006449025675203582,0.006460166073523235,-0.0058633417893505105,0.005881745108307003,0.162732953582277,-2.6741866817584783,-0.5637511011205515,3.8231206575908288
0.006442321599068365,0.006486750166079201,-0.005855309936176046,0.005929367642743003,0.17666099092148027,-2.69364312376767,-0.5385073213479401,3.85916444293339
0.006437961970534205,0.006471346020811405,-0.005844904975536378,0.005900157704016162,0.16749174570945943,-2.6783058130909,-0.544069297938937,3.828543327972484
0.006431301956387209,0.006497944278924987,-0.00583665461680195,0.005947732043370454,0.18130088362079344,-2.6975612654821215,-0.5185198662769964,3.864360834432604
0.006426909695336513,0.006482550172432194,-0.005826368921205696,0.005918489217570735,0.17209778432698267,-2.682245242454204,-0.5243277078988875,3.8337281963662577
0.006420317529674784,0.006509172961654165,-0.005817937629804517,0.005966041846804444,0.18622476931139684,-2.70132745822427,-0.49848221489959216,3.8693807803151117
0.006415882227391583,0.0064938010122342965,-0.00580775914279177,0.005936781552556531,0.17654708169098268,-2.6860287942703596,-0.5045143971118257,3.8387295710342344
0.006409368428048451,0.006520436102827721,-0.005799170436306354,0.005984285812176981,0.19066532405953826,-2.704953186791221,-0.478428243635763,3.8741952905942423
0.00640489365360956,0.006505095000806403,-0.005789099025962163,0.005955032426550756,0.18104350961103252,-2.6896602822435187,-0.48463680120339087,3.8435667465932792
0.0064443484406581,0.006444431983440606,-0.005852543859514922,0.005852669794330926,0.16131179366346993,-2.6582445176711507,-0.5618859104319568,3.792358012801324
0.006455374029631895,0.0064331500975350646,-0.005870589601890676,0.005833995863357983,0.15689676208800107,-2.6538380172550657,-0.5811247110682244,3.7864626491216495
0.006466485866803353,0.006421903261058961,-0.0058886676253910265,0.005815276469345696,0.1524239142747348,-2.6493096496836874,-0.600372203332728,3.780444751367345
0.006477682735291039,0.006410748114037253,-0.00590678704936875,0.005796612103266291,0.14794571998840952,-2.6447059344340094,-0.6196135352210876,3.774392429433816
0.006488945163662693,0.006399697791111477,-0.005924917700000277,0.0057780222487998295,0.14349325141621505,-2.640028762551888,-0.6388220583436858,3.768307205948606
0.00639845476026239,0.006531733590664734,-0.005780354938960816,0.006002462078483819,0.19436404836424015,-2.7084433009885913,-0.45835742924508044,3.8787693263231326
0.006393943463526314,0.006516411634095408,-0.005770385261656748,0.0059732062713591565,0.18571336578147565,-2.6931264175286036,-0.464715541540299,3.8482122657180926
0.006376734159396443,0.006554431157513266,-0.0057425274972437565,0.006038661219665386,0.20315386820695747,-2.714935279610394,-0.4180040214537826,3.887293909085941
0.006365927441985931,0.006565831011279576,-0.005723514526941836,0.006056685067578306,0.20876994172823501,-2.717908169973151,-0.3977194142461415,3.891329635420313
0.006361239767922713,0.006550496537461121,-0.0057137874149183554,0.0060272326115726575,0.199309428577551,-2.70251691498347,-0.4047329422830867,3.8608063187431516
0.006387576634705019,0.006543065313045259,-0.005761478508267335,0.006020582854972085,0.19810626716767735,-2.711780027870534,-0.438227910633784,3.8831140626064893
0.006383016862289548,0.006527738772882417,-0.005751592124246466,0.005991277247449671,0.19047716838933473,-2.696415694776405,-0.4447634491057642,3.852622815576384
0.006372108221863554,0.006539090354378693,-0.005732712855244198,0.006009266587926458,0.19503202450503607,-2.6995363735133435,-0.42477453779320734,3.8567961162155195
0.006312433964861401,0.006623336449023658,-0.005627682323777982,0.006145831542116916,0.23080006141790366,-2.730415640946779,-0.29588862752927514,3.9083982045741394
0.00629686513598747,0.006619659526618266,-0.005599199248047518,0.006133841247889658,0.22658031766324613,-2.7171521598535837,-0.28368240263275263,3.881055141557416
0.0063551565897494505,0.006577264761224859,-0.00570446249088696,0.006074632656561506,0.21305286217124242,-2.7207283779058646,-0.3774329542422557,3.8951563992191787
0.006350427566289691,0.006561957704114177,-0.005694841378636601,0.006045182797128777,0.20372632309597227,-2.7053643921200137,-0.3846377344076879,3.8646938697837014
0.006344421709587209,0.00658873229390265,-0.0056853631377031776,0.006092511789340951,0.21654329609901182,-2.7234074706759483,-0.35713134170540767,3.898741180964025
0.00633965100263961,0.006573440178794735,-0.005675837123724299,0.006063053273860403,0.2084669926182345,-2.708047162061861,-0.3645058657435197,3.868383495853601
0.006333722908021257,0.0066002334955423975,-0.005666193299350963,0.006110344200354084,0.22120622382839736,-2.7259201060722895,-0.3367623163744955,3.9021377048428403
0.00632889145833209,0.006584935782029612,-0.0056567444972149905,0.0060808221920262565,0.21312037309808232,-2.7105485220088625,-0.3443472785191164,3.871817487698967
0.006323060291193106,0.006611768252052547,-0.0056469598100932,0.006128123522697151,0.2265302899428602,-2.7282512818139657,-0.3163355450635926,3.9053723480886577
0.0063181678024031886,0.006596472367833645,-0.0056375974570571285,0.006098543003676369,0.21748197832077368,-2.7128955129993417,-0.3241542624982339,3.8750594689379114
0.006307498416222423,0.0066080543336775556,-0.005618426269418928,0.006116230744159317,0.22192337752890703,-2.7151042811881507,-0.3039291298725129,3.878158425456157
0.006196705615009499,0.006709870647592458,-0.005414658927611639,0.0062592323522809796,0.2632101834776605,-2.712197858652569,-0.10386760759016879,3.866362122053768
0.006207246404087559,0.006697934795966225,-0.00543460166572974,0.006242228839291426,0.25870691640184523,-2.711702716693042,-0.12431352471829536,3.865474495258266
0.006259807456329285,0.0066392028352197895,-0.005532265936327576,0.0061568211240369515,0.2369481554270747,-2.706598317836694,-0.22518197805263948,3.8577281167464528
0.006281020800856161,0.006615662629627507,-0.005570848880446213,0.006121714791298329,0.22788699773467994,-2.7031835929481827,-0.26544958908464755,3.852757914652475
0.006270350148169332,0.006627359930453339,-0.005551504942690886,0.006139181359196202,0.2323971080592452,-2.704895434855047,-0.24530653257129129,3.8551937983183033
0.006249394319866114,0.00665106061116361,-0.00551313615350631,0.006174403087104718,0.2413776406722745,-2.708195510551407,-0.20514634003139962,3.8601734430852006
0.006238981243960463,0.006662811718324379,-0.005493892230337597,0.006191664656710702,0.24566608842786183,-2.709503961318584,-0.18512148142970797,3.8621693472047496
0.006228475075536266,0.006674470371093589,-0.005474372697418618,0.006208594947926139,0.24992687235316588,-2.710466937173267,-0.16500096261566474,3.8636024651028316
0.006217871328443211,0.006686142003348747,-0.00545456676128276,0.006225376644522672,0.25426458113488787,-2.7111562649778906,-0.14472595667812246,3.864616334161829
0.006186277240796355,0.006721876207251316,-0.00539479260581606,0.006276269589033761,0.2676818991277497,-2.712611137420081,-0.0834646884551503,3.867217951485672
0.006115122852636246,0.006806989457873301,-0.005255601851851654,0.006394452130141069,0.29855261970788743,-2.7116691095574605,0.05892934978917669,3.869154511245101
0.006175923269742328,0.006733892294994731,-0.005374940899872137,0.006293221123522887,0.2720899768521425,-2.7128725790901345,-0.06310278125160272,3.8679024702662255
0.006165614413257976,0.006745923534991851,-0.00535505212837365,0.0063100832367093745,0.27647640932691364,-2.712963536268831,-0.042749313756262564,3.8683784101903878
0.006155348825580776,0.006757999138428564,-0.005335119649377446,0.006326907005874203,0.2808805136553226,-2.7129033537025635,-0.022384837826213203,3.8686833299860273
0.006145143616470322,0.006770144217872555,-0.005315169217647167,0.006343744897707918,0.28531022162167613,-2.712723829942767,-0.0020111620063329103,3.8688778388313456
0.006125011503252473,0.006794660853517949,-0.005275374946114475,0.006377544253105205,0.29417840743127416,-2.7121034979746454,0.038678743799221704,3.869111233099509
0.006135023309047141,0.0067823677525008655,-0.0052952407401336415,0.006360624959114636,0.28975047447286745,-2.71245224031265,0.01835295257990702,3.869012083897409
0.006179792647550897,0.006705634898563005,-0.005385089267912053,0.0062447792137841655,0.2617113389345198,-2.6965335532760935,-0.08947574327304836,3.8347616037255565
0.006794273018659081,0.006125535996058566,-0.006377133538304575,0.005276355903875412,0.034692598491278294,-2.4693409145824785,-1.1148429015977788,3.552396184124308
0.006806551317445426,0.006115556217819724,-0.006393913266826615,0.005256436919745277,0.03076879718308048,-2.4610311563953204,-1.132219285746985,3.542113106066734
0.006818930592209722,0.006105609373731152,-0.006410751054921906,0.005236440765480656,0.026846874398789942,-2.4525885358629225,-1.1496133701199016,3.5317062709583458
0.006831388259693522,0.0060957257643668855,-0.006427622328888486,0.005216422673514306,0.022982447459151442,-2.4440365681729825,-1.1669971043844336,3.521211580334754
0.0068438460936218574,0.006085880764395723,-0.006444378197502868,0.005196355038919334,0.0192343147495104,-2.4353535331690295,-1.1842445754992028,3.5105515603397595
0.006856210138065627,0.006075995313336149,-0.006460813158812462,0.005176124144467595,0.015566394477813555,-2.426478151891448,-1.2011890881779343,3.499561553639316
0.006868496112943871,0.006066077946675941,-0.006476957834784643,0.005155746412760612,0.011869311651567039,-2.4174278815921233,-1.2178474861515698,3.4882736106098378
0.0068808275388607685,0.006056233180954877,-0.006493082608616836,0.005135375253679162,0.008150645926553403,-2.408290861545376,-1.2344376956199257,3.4769099401211823
0.006908284715003193,0.0060527572074383605,-0.006538779228929178,0.005121498687466295,1.54545025970477E-4,-2.4029640960541325,-1.2771888898395316,3.4806316289761505
0.0069230687550761415,0.0060588714669512125,-0.006568418634382071,0.005128150808571575,0.004311535925042634,-2.40827458095673,-1.2965764785127998,3.4973679739064374
0.0068932312693613315,0.0060464650483572115,-0.00650923767551339,0.005115009170193487,0.004509964138791955,-2.3990661385970498,-1.2510101669238745,3.4654829074497955
0.00697283584088836,0.006020517979210122,-0.006632359897188487,0.005045181544963386,-0.011498900561489412,-2.368689076703219,-1.3625748470603722,3.4481570880054413
0.006970694418246091,0.006004637907458699,-0.0066185722791720775,0.005018179771943354,-0.017583381797668583,-2.3539402259106095,-1.3588497471680627,3.4199659171499683
0.006920684052635811,0.006043027417218824,-0.006554815176152916,0.005100893043975394,-0.0035931787723588915,-2.3933627750405173,-1.2937173372306374,3.468696407545417
0.006935465283302503,0.0060492245102820915,-0.006584502540669962,0.005107482550687202,1.0731366269488247E-4,-2.3985784290361636,-1.3132406188708563,3.4852024498928293
0.00696034894823781,0.006030047672386858,-0.006616487663576034,0.005065979153180841,-0.009034574894194555,-2.3787824910706297,-1.3462817026341718,3.460585998168409
0.006958151586457515,0.006014178772072846,-0.006602738714679653,0.005038937170237714,-0.013863143959502113,-2.3639640800764687,-1.342717498105972,3.432368470108024
0.0069478920549970475,0.0060396165473467316,-0.0066005342423470755,0.005086747420441866,-0.005149565020798669,-2.3887524068358825,-1.329832503375531,3.4729168422170065
0.006945621669436782,0.006023735376081865,-0.006586799092014842,0.005059609519272237,-0.010193532721222536,-2.3738590220420748,-1.326475647794892,3.44457936436009
0.006933124399905638,0.006033343456577077,-0.006570807024302739,0.0050802489495112985,-0.006906318496325594,-2.3836516130682024,-1.3101394111927094,3.456662122906994
0.006968399681691328,0.005988416589154195,-0.006604867591329598,0.00499128535530135,-0.016831472718159327,-2.341081745898578,-1.3484466086748925,3.393719210609538
0.007006409784775864,0.005960137399166794,-0.00665198393520186,0.00492911294973759,-0.026968130057211114,-2.3107446174546706,-1.3959023778492952,3.356441167084693
0.006993749450254955,0.005969515461127454,-0.0066364030563874285,0.004949857175546412,-0.023715612869709066,-2.320955037837734,-1.3802407693070469,3.3689902727210703
0.006981045481552408,0.005978894497612947,-0.006620610979520352,0.004970512917863307,-0.02031854488926159,-2.3310352737449596,-1.364352254612193,3.3813349752259962
0.0070190325039925115,0.005950678379703631,-0.006667310154232708,0.0049081417498367495,-0.030194264784626643,-2.3003487259233704,-1.411304064663628,3.34357682298802
0.007070270093806532,0.0059135118891722425,-0.006728902989074719,0.004824060063829167,-0.04310570887206323,-2.2578420865493887,-1.4726532215548416,3.2914213475603256
0.007057440335794366,0.005922720574001253,-0.006713625849782205,0.0048451049488196845,-0.04005392139963699,-2.2686035842723418,-1.4574951250344321,3.304608048069634
0.00703172856490239,0.0059412184553437365,-0.0066826178190479086,0.004887038804769191,-0.03351082397215232,-2.2898101410721465,-1.426643206043,3.3305415172926307
0.007044555974577785,0.005931896862457292,-0.006698095793449404,0.004866013835361044,-0.03685203839966789,-2.279223075617423,-1.4420737680730331,3.317554124877297
0.007068289880633404,0.005896888924454402,-0.006714235523129865,0.004797167642059959,-0.044497402678299935,-2.245189201521594,-1.4631299668910742,3.2651792438956613
0.007107145778434419,0.005869124274376324,-0.006759340583498782,0.004733342647070127,-0.053505039168310294,-2.212317918806654,-1.5074050244465271,3.224843032777278
0.00709408054353198,0.005877999624160058,-0.00674399503280521,0.004754140721063878,-0.05056470472625262,-2.2231378730656437,-1.4924806543722864,3.2378751983438434
0.007081038659388819,0.005887284601602277,-0.006728833959670899,0.004775504108703404,-0.04754402056502107,-2.234138667956001,-1.4776108569770943,3.2513541065605023
0.007119982054212833,0.005860088208372599,-0.006774057112980445,0.004712286829347612,-0.05640258579326061,-2.201323182353222,-1.5217617369387268,3.2113817720255153
0.006527560975873727,0.006382849904287244,-0.005990972896107528,0.005751237088389171,0.13216893354136736,-2.6409752584817046,-0.6999091284240565,3.780178501968091
0.006543065313045259,0.0063875766347050176,-0.006020613071113162,0.00576144727100716,0.13478475414417446,-2.6520538496556267,-0.7162606499103933,3.803853896485579
0.006500259595207538,0.006388732218826722,-0.005943033238096112,0.005759467946719748,0.13907969815486346,-2.635254586260345,-0.6579868095902337,3.762144081987968
0.006511624058445887,0.006377807201245701,-0.005961121634137313,0.005740868504425616,0.134702616800403,-2.63034366803515,-0.6771163994022492,3.7558302856763786
0.006588732293902653,0.006344421709587206,-0.0060925281380647634,0.005685345831660753,0.117726638465654,-2.629271163235594,-0.7934121209982847,3.7749232896037395
0.00658494919396467,0.006328753236252117,-0.006080852225162731,0.005656454199700243,0.11001484158800938,-2.6130948012144564,-0.7955801170518121,3.744453348196547
0.006538965893492159,0.006371954014845356,-0.006009057010961221,0.00573238527165264,0.12778831173479044,-2.6356790125279255,-0.719170420638695,3.773380315168588
0.006554431157513266,0.0063767341593964424,-0.006038689000094725,0.005742498670258503,0.1299941472300707,-2.64660419412542,-0.7356704288354056,3.796864018135952
0.006577264761224861,0.006355156589749449,-0.006074651965169957,0.0057044421590601415,0.12099092744203514,-2.6351965932026737,-0.7742598125415724,3.782410877976787
0.006573428867883246,0.006339509917163772,-0.006063039737737531,0.005675541818295635,0.114591409714572,-2.6189763308116802,-0.7765896723142798,3.752002452568973
0.006565831011279577,0.00636592744198593,-0.006056706157475558,0.005723492513935305,0.12505235439621218,-2.6409830705094235,-0.7550142218377168,3.7897112388537537
0.00656191790504929,0.0063502805917585795,-0.006045120416926308,0.005694533513327076,0.1191713460881222,-2.6246862889438405,-0.7575252519626329,3.7593122270145787
0.006550422219755212,0.006361091622491432,-0.006027111619840598,0.005713474209252833,0.1235130355709877,-2.6302470949842616,-0.7383822756677234,3.766421400365584
0.006709911354278883,0.0061968096078429645,-0.00625936197627125,0.005414827999909724,0.06270047675894115,-2.5242415700986816,-0.9918774427459421,3.6211389032463432
0.0066980298324395724,0.00620717942755224,-0.006242384880255153,0.005434463381731703,0.06677051265594636,-2.5316022477215445,-0.9740375188121265,3.630436898210475
0.0066861713862310145,0.006217580845513101,-0.006225328663693733,0.005454037307290241,0.07088326963191983,-2.538824682009228,-0.9561036837695968,3.6395627688001055
0.006674359599807986,0.0062280498423394155,-0.0062082489544849455,0.005473612358914891,0.07505112150693671,-2.5459443190932145,-0.9381144556133575,3.6485899435844895
0.0066626378113925746,0.006238607856093429,-0.006191229643729343,0.005493225652144694,0.0792450352981071,-2.5529896601292603,-0.9201328569758722,3.6575842760858346
0.006651032895182569,0.0062492198408936085,-0.006174304324577057,0.005512815839135549,0.0833972687924331,-2.5599382483513256,-0.9021935882488005,3.6665105337668513
0.006639489665281037,0.006259796934237145,-0.0061573434021598905,0.0055322282658992325,0.08746366426482079,-2.566701697532046,-0.8842131032351394,3.675185082684249
0.006627890645331588,0.006270279293562871,-0.006140119806834453,0.005551357969746624,0.09149535742556347,-2.5731964879307303,-0.8660246173798182,3.6834171992552918
0.0066161753572790685,0.0062807058220016405,-0.006122542027842571,0.0055702709740735774,0.09560295549031288,-2.5794354057882285,-0.847547408221044,3.691216036030086
0.00660437881341239,0.0062911880193057415,-0.00610471057759967,0.005589162114793908,0.09986538700753848,-2.585518804444767,-0.8288370489171363,3.6987848366425804
0.00659260405413293,0.00630184349197889,-0.006086844502895681,0.005608240598362137,0.10424898445128326,-2.591575280885575,-0.8100295310060629,3.706397798446041
0.006580957744941963,0.006312675034931403,-0.00606913041258325,0.00562751555687513,0.10864308949002911,-2.5976380281294884,-0.791273176843133,3.7141494136716595
0.006778127457768943,0.006119012090807532,-0.00634564432729428,0.005267807520630712,0.03597822711182879,-2.4627364651571253,-1.0907452664944042,3.53280233770935
0.00676589994393387,0.006128932710564621,-0.0063288128732361185,0.005287292276254061,0.03981352472876195,-2.4705866872856355,-1.0734507523123804,3.542444583996319
0.006753714352670827,0.006138934412336681,-0.00631196200621168,0.00530679780459094,0.04367803240703828,-2.478348301912153,-1.056093158910759,3.552014660284667
0.006741571530982128,0.006149076545433212,-0.006295118373634141,0.0053264292946748676,0.0475851063272742,-2.4860728063669484,-1.0386742618429086,3.5616106247823685
0.006729500017449216,0.006159363750864648,-0.006278331309478374,0.00534619244221774,0.05153399966436443,-2.4937676283624737,-1.0212314702378504,3.5712577452580248
0.006717528851652915,0.006169757361093099,-0.006261632762393057,0.005366017664252113,0.05551381091520597,-2.50140396529304,-1.0038023981910749,3.580912124465963
0.006705646195943344,0.006180192870217386,-0.00624497367234541,0.005385794836265869,0.059514011109885155,-2.508925559617681,-0.986368061620616,3.5904618335420992
0.007453960553181825,0.005663392771092029,-0.007141607376859521,0.004192732042408801,-0.11406160463423541,-1.9061021735334853,-1.8624952178269896,2.864744555212227
0.007440153623086955,0.005671382343758628,-0.007127975958959343,0.004215186095831267,-0.1121867403214153,-1.91943359535874,-1.8503259130364114,2.880651889198141
0.007426442321086712,0.005679498978242455,-0.0071144538063836185,0.004237670040180489,-0.11029660819352537,-1.9326944078067803,-1.838201616461075,2.8965641716458492
0.007508835488216909,0.0056323162090181405,-0.007194949993636954,0.0041036011235683545,-0.12033834671736822,-1.8526853337332039,-1.9095909732016458,2.8012419001669744
0.007495269601962738,0.005640076062269735,-0.00718204778262221,0.004125883403342829,-0.11898926696975687,-1.866044336411991,-1.8982849910381507,2.8171937499651105
0.007481600120188554,0.005647791604563394,-0.007168809263925705,0.0041480952699206215,-0.11751033569187185,-1.8793798137565003,-1.886623394593571,2.83304010663907
0.007467810324114231,0.005655547483129888,-0.007155285309459576,0.004170370242617496,-0.11585617372229236,-1.8927381213371157,-1.8746546784445848,2.848881055669485
0.007521762061403151,0.005607550305469043,-0.007190992002755219,0.004056887353726679,-0.12121264309862657,-1.8304752830769486,-1.9069150390383653,2.7643361596848735
0.0075083777263977546,0.005615689197151475,-0.007178943466750773,0.004079534298419931,-0.11986948917934748,-1.8438281385635038,-1.8964350547805868,2.7805813550512912
0.007619391879182384,0.005570785808069626,-0.007296401290273723,0.003921520379177886,-0.13030893836430393,-1.7423892481143752,-1.9965538468839938,2.669792024707542
0.007605455915469246,0.005578408008053168,-0.0072840019752061355,0.003944563933097048,-0.12924026268299407,-1.756439460916363,-1.986114977638323,2.686523654308728
0.007647436540599999,0.005555889073047869,-0.007321335027636607,0.003875532711525142,-0.13233885433343098,-1.7141400437035588,-2.0174032327221947,2.63634969315826
0.007633405627633119,0.005563287013330551,-0.0073088809599285995,0.003898503756267144,-0.13136167161639975,-1.728277758511543,-2.007013745551187,2.6530640192672705
0.007591611371261814,0.005569326176257609,-0.007255603166478968,0.003943640077484102,-0.1274545267513416,-1.762037109820955,-1.9622552643987803,2.683274664018825
0.007535466594291078,0.005599421006965894,-0.007203369828436415,0.004033923043370102,-0.12252627962791163,-1.8168575373014715,-1.9176262080777562,2.7478694333434253
0.007549500725080375,0.0055915415793646875,-0.00721630997678399,0.0040109722581571075,-0.12382264737918426,-1.8030834571775183,-1.9287621859868462,2.731455649134197
0.007577804956184653,0.005576983723230958,-0.007243218929993752,0.003966337864191754,-0.12633508027132523,-1.775754176204357,-1.9517495135283787,2.6996203676518244
0.007563727358386482,0.005584180423684616,-0.007229866196226312,0.00398852070058623,-0.12511753344490376,-1.7893681581192256,-1.9403661798727037,2.7154632954981515
0.0077032355972044275,0.005527004053973107,-0.007369936411526356,0.0037841280246683237,-0.13535210099406877,-1.6576173636961082,-2.057427480028942,2.569672268475902
0.007689365164396222,0.005534174794352056,-0.007358061956731699,0.003806953691784512,-0.13477996777753629,-1.6717377983990283,-2.0477350845522078,2.586347785441309
0.00767543606453441,0.005541328839997667,-0.007345946973030731,0.0038297334516801183,-0.1340712876680259,-1.6858513522520842,-2.037781951538697,2.602972521002816
0.007661451800846287,0.005548562723150724,-0.007333690210185313,0.0038525949420456945,-0.133238547549097,-1.6999898683927837,-2.0276593803065412,2.6196404350949725
0.007745214945178842,0.005487899627706069,-0.007387383766544399,0.003691289303312179,-0.13574058265770647,-1.6076733856936845,-2.0706887315076226,2.5003684868500806
0.007731083754784124,0.005495251358818134,-0.007375856488057318,0.0037146864534950215,-0.13529535904133175,-1.6220553632028005,-2.061463280352905,2.5174117574433157
0.007717135287927334,0.005502787296896401,-0.007364612115153226,0.0037380891999630197,-0.1348127564138821,-1.6363244444677896,-2.052428174160101,2.534469072538242
0.007703438325653997,0.005510331046078226,-0.007353570123415432,0.0037612005132583418,-0.1342819380658065,-1.6503595769430894,-2.0435118367334444,2.551315561628136
0.007917374355269903,0.005407292088403932,-0.007525443569572685,0.0034121974117332986,-0.13686964329757204,-1.4324586841244604,-2.177628360391964,2.2967497403196426
0.007902922980992853,0.005413734684694975,-0.007514322936065662,0.0034356177302548928,-0.13710072078364186,-1.4472809983156603,-2.1692799231169055,2.313868861764101
0.0077880369649977995,0.0054669794238587305,-0.007422800223298001,0.003621752053983966,-0.13681621225777307,-1.5643538743619685,-2.0987918747708947,2.44973168783576
0.00777371108809134,0.0054737893989755815,-0.007410906721002627,0.0036448419881859044,-0.13650465625678354,-1.5788201646854985,-2.0893958235222923,2.4665468602370217
0.007759437115825746,0.005480753920286668,-0.0073990926055426095,0.003668007955227678,-0.13614526502787536,-1.593255569997954,-2.08002088886418,2.4834152158101896
0.007888405064569025,0.005420104875693397,-0.007502896721665685,0.003458945113408697,-0.1372632518237865,-1.462099459693498,-2.1606329642583444,2.330911175686824
0.007874071753240517,0.005426815437906776,-0.007491914876759852,0.003482433288930005,-0.13741236173154758,-1.4768154113630414,-2.152317443415136,2.348066183249386
0.007859993275344652,0.0054338889346815964,-0.007481490251919282,0.003506049673610906,-0.13753619873995904,-1.491390150398215,-2.1444272415085592,2.365321687025942
0.00784582632411117,0.005440837650146986,-0.0074706768596629865,0.0035295365623590146,-0.1375744688190413,-1.5059832040891623,-2.1361696308579723,2.382489430017266
0.007831388960181257,0.00544736275491059,-0.007458929128210562,0.0035526881632616217,-0.13747494587073958,-1.5206380319807014,-2.1270812240761434,2.399394485552057
0.007816885084875205,0.005453776124165554,-0.007446833332866334,0.003575682680395626,-0.13730035831989726,-1.535263296781114,-2.1176528406560386,2.416165198576572
0.00780242663869322,0.005460307744996346,-0.007434772813195728,0.003598701251525182,-0.13707936592237857,-1.5498376462645302,-2.1082086094057666,2.432940482055199
0.007931733045450395,0.005400426485190295,-0.0075358526777854415,0.003388285804032213,-0.13652451389764406,-1.4175746616941955,-2.1853289923076513,2.279279348297855
0.007974223573064487,0.005397465382594491,-0.007584480999111514,0.00333811427496085,-0.1369441819708792,-1.3779343916738824,-2.22303759366157,2.242542190385322
0.007988788514797207,0.0053911903748697495,-0.0075952472086353645,0.0033143015010457396,-0.13648049419806227,-1.362776271928564,-2.2308779040361966,2.2250635654771695
0.007961051756674857,0.005386650226021988,-0.00755690465375443,0.0033395697482614816,-0.1356083616495013,-1.3871952474322304,-2.200766932162475,2.2437241179501304
0.007946261509664515,0.005393362620490581,-0.007546108196196341,0.003363887075416651,-0.13608038478212411,-1.4024670682892217,-2.192844752592752,2.261468840675691
0.007320868219171371,0.005778358980093877,-0.0070359423038094575,0.004465150551259262,-0.0912399638950007,-2.057598049312087,-1.7602985159730105,3.067549283348582
0.007320087313127212,0.005762409526210509,-0.0070210047039577115,0.004440118330985212,-0.09680464568496211,-2.045180374998647,-1.7530066320615194,3.042420015975509
0.007307618648521541,0.005786796627480342,-0.00702188606417158,0.004487223002099801,-0.0894353792098634,-2.0703065308502486,-1.7471066818404506,3.0829444312560192
0.007306806422667297,0.005770857712202472,-0.00700701108164812,0.004462126916796477,-0.09439153332277633,-2.057794364754851,-1.7399002892700237,3.057719144449736
0.007294395642263588,0.005795275864055084,-0.007007759739644812,0.00450925244516521,-0.08741727931315928,-2.0829499831124334,-1.7337967662820863,3.0982315782014846
0.007293539529895361,0.005779336409387253,-0.006992921275245007,0.004484082773862902,-0.09188402444766296,-2.0703215221352806,-1.7266610172591588,3.0729173997233175
0.0072811993325003505,0.005803796605215205,-0.0069935620396569574,0.004531240876367987,-0.08519959262469888,-2.095517830448846,-1.7203580948160313,3.113423099136528
0.007280285884077355,0.005787851235134859,-0.006978738494684879,0.004505993866469146,-0.08938477114774895,-2.082764558936414,-1.7132935573890808,3.08801633399564
0.00726704959967732,0.0057964055594463835,-0.006964471351493141,0.004527862352803898,-0.08685588633601286,-2.095126507053086,-1.6998051431439916,3.1030184106520085
0.007412825510234595,0.005687702059275531,-0.007101003439441458,0.0042601270134286495,-0.10838706045977899,-1.9458647567690128,-1.8260901096449549,2.9124311215326433
0.0073993200588320035,0.005696003398656069,-0.007087661638901971,0.0042825663373859575,-0.10643396764245427,-1.9589435410692018,-1.8140256593551285,2.928261033513784
0.0073859584947128035,0.00570440724328973,-0.007074482369642652,0.004304975537579473,-0.10448992325532684,-1.9719197491649145,-1.8020545973806714,2.9440519002958188
0.007372667940363374,0.005712829775988718,-0.0070612821924783,0.004327280663157706,-0.10260427039921405,-1.9847933864274017,-1.7900086225879248,2.9597301293046603
0.007359308626253611,0.005721155122981609,-0.007047748350429328,0.004349398308454779,-0.1007079411581644,-1.9975716592042991,-1.7776076663606968,2.975189744832587
0.007345880325175579,0.005729409681939651,-0.007033904354261066,0.00437136334417186,-0.09867170228567983,-2.0102589762529237,-1.764878456030879,2.99045256491385
0.007332477668055836,0.005737722918534634,-0.007020006930224798,0.004393309838427528,-0.09648278090121122,-2.0228775424298733,-1.7520518526064321,3.005654168540913
0.007319150268778288,0.005746153336245465,-0.007006181363390992,0.00441529836818598,-0.09423570150478865,-2.0354395557760214,-1.7392373408101631,3.0208601044408527
0.007239352493469023,0.005797322931772614,-0.006920947959924512,0.0045461020072657754,-0.07995212740166974,-2.1091462866048727,-1.6591774414535452,3.1100016270253863
0.007252634401559744,0.0057887080621682975,-0.006935414480660177,0.00452441243203868,-0.08251259237302046,-2.0970618784272506,-1.6728842602395257,3.095386267369388
0.0060983985870287005,0.006803832472271014,-0.005226898204129758,0.006380710868012145,0.296466923847796,-2.695884038286693,0.07169944232170528,3.83776898665003
0.006095552441916858,0.006831484117975856,-0.005216105286980952,0.006427687207442557,0.30694114433939285,-2.7102409316457217,0.0991642379361009,3.868473389531253
0.006088924875595365,0.006816162183930867,-0.005207818611825233,0.006397540919835495,0.30075082302692463,-2.6954701741105294,0.09132775823671326,3.8380208700361966
0.006078281982360665,0.006898366915619613,-0.0051692982162082615,0.00653608536151512,0.334281782028095,-2.7345412011776546,0.18023467079096944,3.923220045893442
0.006072252534053094,0.006883493660051035,-0.005162493311102957,0.006506285494493803,0.3234170800480123,-2.721279680396613,0.16686554296624403,3.894913580391062
0.006068557322679483,0.0069107025920214695,-0.005148762834049696,0.006552274154166496,0.33701163465958056,-2.732785890990226,0.20093405593150312,3.9213767442971306
0.006062490781219832,0.0068958535222605625,-0.005142059708381879,0.006522512038399293,0.3279898691527627,-2.7195885176227326,0.18741306882457634,3.8932914444604774
0.0060492245102820915,0.006935465283302502,-0.005107478725265437,0.006584505470840391,0.3460805982557929,-2.728655637825542,0.2424831182727587,3.9170582058659895
0.006033316287943944,0.006933077320554616,-0.005080271142245089,0.0065706671303810945,0.3403837123428786,-2.713493602878693,0.24887905012605757,3.886936389584545
0.006058871466951211,0.006923068755076141,-0.005128158609831109,0.006568412458985446,0.34081198977036503,-2.730839402624104,0.22167472158134424,3.9192981616894635
0.006042998027723176,0.006920614237956498,-0.005100916882345812,0.006554638044789785,0.33656589117289176,-2.715666982251884,0.22838742670421344,3.889235201531449
0.006052733996714295,0.006908215614241514,-0.005121528393273969,0.00653860811905732,0.3324822870709836,-2.717708860722468,0.20791249242659757,3.891382810701433
0.006085680302044558,0.006843629373333323,-0.00519606198808146,0.006443880932430005,0.31108348358960397,-2.709072897041668,0.11930295860805147,3.867414935340935
0.006075775329379963,0.006855881359617654,-0.005175828874460233,0.006460108249548653,0.3153551453407981,-2.7077299794254976,0.13956690612501557,3.8661383699971705
0.0060659650170991715,0.006868295582927217,-0.005155609945883194,0.006476532788954505,0.31966806027331657,-2.7063564067298778,0.1598881073387217,3.864925421612678
0.006016983878316767,0.006930508817839409,-0.0050529521395908696,0.006556866574596463,0.340590747171813,-2.6963859673376027,0.26158685560843536,3.8546195346353547
0.006000183095714988,0.006927841565652427,-0.0050249086588017265,0.006542440202436474,0.3379652300732973,-2.679797786019655,0.2719164173492124,3.822136662177613
0.005990971238096311,0.006940770693622554,-0.005004995751507147,0.006559125715358307,0.34217703009405925,-2.6778621386650703,0.2919432620174977,3.8206178077475106
0.005981694311377563,0.006953516902958107,-0.004984915026065038,0.006575326188490954,0.3462910131195898,-2.6755679426292756,0.31184237762784844,3.818484711677062
0.0059344902683278605,0.0070165557101954336,-0.004881771304593672,0.006652609149548729,0.3659001034365493,-2.6599014655591797,0.41089535263982907,3.8012107775497728
0.005943741633913896,0.007003951728766992,-0.004902282680635661,0.006637313403435455,0.3620284124755399,-2.6632668371905663,0.39127414010556216,3.8049098762379714
0.005952884850989934,0.006991178130284354,-0.004922571891926699,0.00662152615920306,0.3580484009644143,-2.6662515962786704,0.3715289672188767,3.807947391271185
0.005972046865744069,0.006965999762360657,-0.004964184860602038,0.006590716708391581,0.3502250660061143,-2.672594504499965,0.3317318234342666,3.8151080090459994
0.005962329054484007,0.006978487296775887,-0.004943233536516028,0.006605932893238346,0.3541038068616378,-2.6693514382415837,0.35164060748816084,3.811320442191278
-0.004953337236188803,0.010517026557131878,-8.399869520930504E-4,0.008202133891143897,0.013775284132380822,0.5235479842947491,-2.5528937999111103,0.19621128971251256
-0.0049524473743556355,0.010531863852089632,-8.633417919516303E-4,0.008196661270209212,0.008925373561836316,0.538505252172286,-2.5502025012459986,0.18000729065226725
-0.004953072878745888,0.010548148591494097,-8.894102661554153E-4,0.008192381135816813,0.0037228292449972404,0.5552868880434138,-2.5484067962485786,0.16257462715449988
-0.004959494634770862,0.010697240036680822,-0.0011263304956712105,0.008146934047050436,-0.04279344912962766,0.7088952133409007,-2.5277443130569996,0.003643651321849946
-0.004954490209805927,0.010664826956766033,-0.001073786511977025,0.008153703904553182,-0.032974655751629174,0.6746374382883112,-2.530139265415789,0.03743373009330136
-0.004950000939544438,0.010682811719060234,-0.0011001217965047028,0.008141587943967946,-0.03863515336819083,0.6917974303462135,-2.523115514482637,0.017354725917309768
-0.004954054630221218,0.010564982451142194,-9.16424400329085E-4,0.008188188091503725,-0.001607436826437455,0.5727093506433646,-2.546708261153835,0.1446348040683213
-0.004955117999184284,0.010584003254492592,-9.468879986936871E-4,0.008183201000515535,-0.0076219803286880295,0.5923805417525515,-2.544625809362835,0.12436743185579567
-0.004946318680858407,0.010602998973545443,-9.738732608902937E-4,0.00816653065358429,-0.014044942910340403,0.6096399822449315,-2.5346390517132154,0.10219594752715354
-0.004950541803951303,0.01063278902051082,-0.001022151319439703,0.00816095867985814,-0.02317671387150501,0.6410201730634579,-2.532882877152105,0.071044048677558
-0.004941327185705198,0.010651968923261704,-0.0010487761462455263,0.00814324650888129,-0.02945279757031533,0.658268196216144,-2.5221462404294837,0.04873207070976806
-0.004941826495934502,0.010619101834474884,-9.97587147865049E-4,0.008155710891711227,-0.01930796097061673,0.6249493253109232,-2.5283890178986748,0.0840399359040696
-0.004957714320699757,0.010023835556328213,-3.915679197220629E-5,0.00828314177451102,0.1784052364727424,0.016889990697590604,-2.5752534497812234,0.7369579693485458
-0.0049563117737658,0.009992132091970416,1.2912557517721164E-5,0.008281623275687438,0.18837210355715253,-0.01627672713248007,-2.572091893858794,0.7716711204820023
-0.004956962525835861,0.010008083525287653,-1.3279352426308912E-5,0.00828239496712932,0.1833510777393795,4.024467783545653E-4,-2.573690716362409,0.754187920230085
-0.004943202965479502,0.0100319276954625,-5.219011184580342E-5,0.008265946456112486,0.17265680238520187,0.02277696670976218,-2.5638636460325537,0.7234446191738754
-0.004942223488726304,0.01004735669343826,-7.737570941210076E-5,0.008264453506704296,0.16744973204302702,0.03857525396612214,-2.563872039522923,0.706112483017099
-0.0049413616553472825,0.01006316624965769,-1.0316514626113364E-4,0.008262950274178825,0.16214121580138793,0.05477326005715424,-2.5638979100206654,0.6884175847549526
-0.004940952377204512,0.010079128758380148,-1.2920285103865697E-4,0.008261830122233619,0.1568657083222608,0.07119477387535521,-2.564196640431687,0.670711182394543
-0.004940954918244353,0.010095111778164497,-1.5528173714593818E-4,0.008261047866079051,0.15165106841256523,0.08769899036825406,-2.564728181965235,0.6531216147047417
-0.004941321500115469,0.010111101098185747,-1.813858369698678E-4,0.008260547451217555,0.14648685881328502,0.1042661711520032,-2.5654528446551494,0.6356454282388118
-0.004945376247958982,0.010173928369912688,-2.841760048463878E-4,0.008260236281671385,0.12646421415158504,0.16981876855682906,-2.5694152827334658,0.5677820341814449
-0.004942097362240768,0.01012710958420031,-2.0754808957713702E-4,0.008260380535869465,0.14137071802309917,0.12092198930314953,-2.56640632848681,0.6182763339307095
-0.004944995178004021,0.010158557448305605,-2.5907487651685127E-4,0.00826123865772897,0.13150146560300965,0.15389523119539408,-2.5690828443303606,0.5845563445259089
-0.004943399836071993,0.010143027619126882,-2.3360896276439832E-4,0.008260692832055277,0.13635544407934416,0.13757990255386557,-2.5676795042651857,0.6011624246561346
-0.004944569304449739,0.010189604301106625,-3.0963784670177014E-4,0.008257672010440536,0.12113216498897948,0.18582048958122824,-2.5687037319971946,0.5503589253968041
-0.004944114538077947,0.01020569895345598,-3.3579056064459914E-4,0.008255333175938339,0.11572342317410446,0.2023065683815363,-2.5681720068865945,0.5325951629591267
-0.0049442225669893486,0.010222208217951806,-3.6266134767014936E-4,0.00825345555292102,0.11026993550866371,0.21931521823476538,-2.567980888475907,0.5145487540577207
-0.004954537874085003,0.010364888458887373,-5.959031112089988E-4,0.008241745001417224,0.06404620498149739,0.3680078030656045,-2.5694404075737753,0.3614221556861674
-0.004954086140971359,0.0103335186887944,-5.450100658340003E-4,0.008247449122750918,0.07446886780066635,0.33570988806600255,-2.571223234448512,0.3954899253290269
-0.004954068727274897,0.010349044716097619,-5.701639650407589E-4,0.008244413329459894,0.06927491012205833,0.35164943391403725,-2.5701975951543248,0.3785614959240675
-0.0049532143287772095,0.010317928799946183,-5.195627606268669E-4,0.008249315936094806,0.07958285147929757,0.31951103632507266,-2.571459748369652,0.41228290261471406
-0.004951131749517127,0.010302843878445659,-4.947147216760707E-4,0.008249535477095114,0.08435966554027143,0.3035863675313575,-2.5706204886669792,0.42821963783121303
-0.004950039779062799,0.010287107359705465,-4.689825486188792E-4,0.008250893805457812,0.08948699854119685,0.2871906438680385,-2.5705043390960043,0.44512792324039024
-0.004948526952403445,0.010271553951569158,-4.434778509129176E-4,0.00825158790633037,0.09447078056334181,0.270901562211856,-2.5699522774742043,0.46172634409871144
-0.004944942043130003,0.010239134141652345,-3.9027372095277167E-4,0.00825208383709653,0.1047525380792076,0.23686134182712862,-2.568161168113205,0.49622562160803657
-0.004947106195594965,0.010255588959988618,-4.173224358019274E-4,0.008252311685405697,0.09960343981631893,0.25420366682,-2.569394002001403,0.47880848151352806
-0.004945086704153316,0.01045221883828891,-7.342216105970549E-4,0.00821037663438666,0.03421743518295812,0.4554080580757088,-2.5541279736712394,0.2644692564247806
-0.0049342160471494145,0.01050257153275655,-8.114645676399658E-4,0.008184030176537,0.017049036828931885,0.5043992698991032,-2.5397243266296754,0.20772889759518404
-0.00492987285299436,0.010479953567481083,-7.743807641576826E-4,0.008185288551494191,0.02395293928101984,0.4803449958104365,-2.539049773116368,0.23115960186519732
-0.004928321965504055,0.010461305742440863,-7.443567584265227E-4,0.008188468599288906,0.029797007111387937,0.46095865023331334,-2.5399491920857042,0.2509389372733036
-0.004938830568596209,0.010373847231763073,-6.070511511708667E-4,0.008221471780160167,0.05928290277251234,0.37383296891528967,-2.5563983066681346,0.3479559112369608
-0.004945248014741923,0.01043605409269373,-7.083793194240527E-4,0.008214649745609766,0.039507716739684416,0.43890681537634907,-2.5559292757509877,0.2820029751790674
-0.0049476909609680346,0.010420766457792397,-6.844492258804514E-4,0.008221233194956561,0.04478904909581405,0.4237927644530989,-2.5593391134980568,0.2991262286616693
-0.004943325360835837,0.010406023380782656,-6.597447235772333E-4,0.008219594731168843,0.049169721884236406,0.4077446602756533,-2.5572666371969217,0.31410669222646903
-0.004940295236816461,0.010390070938237569,-6.334391308600614E-4,0.008219662246162928,0.05411250096811037,0.3907591090755706,-2.5562546373758703,0.3306999405076383
-0.005066555924529231,0.00918690126417368,0.0013551504275449943,0.00822226391243729,0.4418775974456659,-0.856032951832019,-2.464072525798419,1.729419492070263
-0.005051568446755388,0.009192404413658076,0.001339343836576594,0.008206608763501056,0.4300604727085425,-0.8540901555787669,-2.450749900194029,1.7164258686721714
-0.005069134851839914,0.009171405472706822,0.001380949008639303,0.008217970384129419,0.44687301865513945,-0.8725139626989827,-2.459026794969579,1.7483683022779368
-0.005054134688909251,0.009176902684055544,0.00136505347528862,0.008202338270476605,0.43347043080941755,-0.8705956347976141,-2.4456735829453784,1.7352624867760669
-0.005071762475906215,0.009155917713659414,0.0014067414359412945,0.008213594558693223,0.4512685092592125,-0.8890497889808041,-2.453861219720427,1.7672882559087457
-0.005056712545881132,0.009161411355428941,0.0013907299011572999,0.008197946415582878,0.4367859735235032,-0.8871298440143057,-2.440450366402857,1.7541121440929643
-0.005074438771579875,0.009140438143537983,0.0014325350283686707,0.008209135148861933,0.4548515865302491,-0.9056707093131907,-2.4485759934950546,1.7862209081094231
-0.005059316846349079,0.009145914002384955,0.0014164024254969085,0.0081934428616603,0.44023458164731294,-0.9036811751402564,-2.435095658692818,1.7729920386412006
-0.005061969862949903,0.009130401718635018,0.001442094571271556,0.008188847866868,0.4437790992739758,-0.9202305779122187,-2.429628698998668,1.7919055597286786
-0.00503622311507207,0.009197834569655151,0.0013236533724844803,0.008191198546874619,0.4243078519890781,-0.8455279945978464,-2.439299646829585,1.6982711884823656
-0.005028838509067557,0.00924462842587046,0.0012464568737360238,0.008203502434597588,0.4130271066666356,-0.7960901248816588,-2.453942167812352,1.6420312340914445
-0.005031195825951149,0.009229001409774859,0.0012722119193217718,0.008199408824623835,0.4168587180624133,-0.8125944656322037,-2.449095641222343,1.6607525747783398
-0.0050336417318524234,0.009213388884092014,0.0012979593008077257,0.008195282103630278,0.4205941694106831,-0.8290853389288874,-2.4441940496290364,1.6795020315603078
-0.005026456374947135,0.009260264406944217,0.0012206546116990547,0.008207426571567039,0.4091067740544556,-0.7795703785037409,-2.4586247439626554,1.6232666244686171
-0.005019794554145339,0.009307333274103729,0.0011430645027746564,0.008218975527949044,0.39738906969720694,-0.7299013634443893,-2.472303359866162,1.5670687514292505
-0.005021844483472397,0.009291650523374604,0.0011688703894747734,0.00821507166461685,0.40132828740977095,-0.7464381906850175,-2.4677343758822716,1.5856914947531455
-0.005024069202004003,0.009275942343567574,0.001194763480837773,0.008211218949153512,0.4051982916003456,-0.7630108678378352,-2.4631723313929563,1.6044439593125837
-0.005017652555844533,0.009322977562619171,0.0011172609719677636,0.008222611682605489,0.3932838202762486,-0.7133952216144283,-2.4766302935673425,1.5484110935151687
-0.005015415103391065,0.009338622438607072,0.0010914012499736569,0.0082259925373242,0.3891542971469955,-0.69688765958267,-2.480729705173679,1.5296842656082748
-0.005009525912179846,0.00938559594814746,0.0010139524745199494,0.008236263878243581,0.37674995125692073,-0.6473857743476737,-2.4929673073911967,1.4739490774591422
-0.0050133388749914465,0.009354295346968997,0.0010655398839255414,0.008229431414893731,0.3851026381373584,-0.6803668295778421,-2.4848473917415475,1.5110278293924073
-0.0050114389313142375,0.009369964201054825,0.0010397290282109898,0.008232933539578336,0.38100426385009695,-0.6638596098400168,-2.488987282799208,1.4924786451709633
-0.004991743289719012,0.009407231070494541,9.730854602419758E-4,0.008222729645484777,0.3645316674463652,-0.6255864118405833,-2.4842418630429504,1.4400369926027217
-0.004994048936706153,0.009391637054852187,9.988246801133785E-4,0.008220072541617293,0.3688727640552351,-0.6419042876256013,-2.4807911146058426,1.4586097091534993
-0.004990986842984972,0.009558327536868007,7.288776448998153E-4,0.008266696900372227,0.3280742280708293,-0.4657851598150007,-2.5305027665928077,1.2706082545716841
-0.004998827943020852,0.009479839459398186,8.584650899437412E-4,0.008254320275124993,0.3508447938631398,-0.5482127331563039,-2.514881828915104,1.3626880740342768
-0.0049925924912802904,0.009542661976965667,7.547767522718465E-4,0.008264558732226574,0.3327421958617868,-0.48222985867359397,-2.5276699270920386,1.289006030560998
-0.004997116029657732,0.009495563414610672,8.324913548345129E-4,0.008256918470477962,0.34633590899535033,-0.5316916728031195,-2.51813869741375,1.344162246708456
-0.004994084262865167,0.009527006472384322,7.806201580017454E-4,0.008262147451768278,0.33737408231225924,-0.49867150708759883,-2.5246154528169797,1.307336362493072
-0.004995530763758281,0.009511301198284751,8.065179426775367E-4,0.008259527191684685,0.34187987370929157,-0.5151642552244585,-2.5213831894141148,1.3256943915362298
-0.004989562366080752,0.00942300507949803,9.470908008797707E-4,0.00822545345818852,0.36013953626154244,-0.6090855626509836,-2.4877360327920814,1.4213401580957408
-0.0049852378696196575,0.009470592056979395,8.692925724506116E-4,0.00823546648718605,0.34748684971494165,-0.5592295401324457,-2.4995404141518835,1.3661535962114557
-0.0049864761818487705,0.009454829239313138,8.950251932544817E-4,0.008232066186525612,0.35164243700194026,-0.5757535787983227,-2.4955861642790285,1.3843399827818008
-0.00498773221681135,0.009438931230841111,9.209543322143272E-4,0.008228498063407504,0.3557970848822611,-0.592417771391644,-2.491469959060272,1.4026713035828389
-0.004989411375861941,0.00957409008973638,7.028208191671705E-4,0.008268753009215824,0.32348530766339884,-0.4492538014469785,-2.5332629074426234,1.252131795849211
-0.004988042141252963,0.009589960461397927,6.766283995054636E-4,0.008270934927831005,0.3189594499444181,-0.43262387667040053,-2.5361050437409838,1.233656646922415
-0.004984898413605593,0.009637331286181109,5.985720842971535E-4,0.00827769832385773,0.3049624327645391,-0.3830112468779081,-2.544668147524499,1.1790038360617674
-0.004985899943851998,0.009621649776535431,6.244188536690972E-4,0.008275556321395684,0.30973089651990476,-0.399434810082058,-2.5419214087322684,1.197080309349207
-0.004986910096964657,0.009605848786465625,6.504471854350217E-4,0.008273255766986646,0.3144004121578185,-0.4159828140947952,-2.5390330735895774,1.2152898036834794
-0.004983815408009586,0.00965296465828449,5.727759178366464E-4,0.00827959358135936,0.30014546609683923,-0.3666458980545442,-2.54721463758457,1.1609429494013266
-0.004979899868303892,0.009715881146473994,4.68948338151709E-4,0.008286328611487488,0.2808919611316875,-0.30086717535323126,-2.556666394594687,1.0885436852749404
-0.004980802123227849,0.009700160514001523,4.948922576671995E-4,0.008284768662201679,0.2858116050008462,-0.3172984691591491,-2.554412415887566,1.1065919936028505
-0.004981658088058664,0.009684402751535285,5.208789681938386E-4,0.008283006262726336,0.29060442706450956,-0.33377370395781064,-2.551997143118625,1.1246622103153696
-0.004982676699201511,0.00966864920336232,5.468769096195169E-4,0.008281293354878457,0.2953529751728449,-0.35024193007014404,-2.549605978987372,1.1428073813838997
-0.00496356832542662,0.009738625370700893,4.2914980809864793E-4,0.008270616352897284,0.26876363440686785,-0.2795855054750333,-2.54671715017602,1.0567173789067352
-0.004964878232173819,0.00972292371553457,4.550020691467029E-4,0.008269743211667057,0.27372545892013017,-0.2958661588198102,-2.5449453912534703,1.0747963951961266
-0.004959446289592662,0.009833540747707892,2.7330503860254965E-4,0.00827737667597063,0.23923007780382985,-0.1808836678678298,-2.558330560198613,0.9491606692781787
-0.00496041683700621,0.009817872434459985,2.9907437282893627E-4,0.008276958401589802,0.24427849969615703,-0.1971035333081197,-2.556941326511352,0.9669996294487636
-0.00496241923500985,0.009754520507761301,4.0300564132495143E-4,0.00827156607548815,0.26375640723756705,-0.2630946851794724,-2.5485488833841363,1.0385020630363488
-0.00496101270410088,0.009802335423482245,3.2458903117730343E-4,0.008275973044047867,0.24913810331712807,-0.21325896790902196,-2.5551410602976197,0.9845674290425857
-0.004961179680773525,0.009786613486863186,3.503488156440979E-4,0.008274320315781729,0.2538779272016602,-0.22968174120822013,-2.5528334312797867,1.0021843713444138
-0.004961567573097577,0.009770586641147664,3.7661995406329795E-4,0.00827274573411012,0.25875456848990797,-0.24639647889400532,-2.5505522845940907,1.0202272783500368
-0.004958604344368033,0.009849436605794156,2.471779827353084E-4,0.008277826994947703,0.23411032851697364,-0.16442130655682338,-2.5597496661179964,0.9311322673845116
-0.00495834931966268,0.00989714574618637,1.6890824654716282E-4,0.008280993502591198,0.21923054150032836,-0.11470785007015849,-2.565277589705992,0.8778995067048364
-0.0049581769261762875,0.009881464728621349,1.946271315758084E-4,0.008279794830745563,0.22406703867027086,-0.13108268337416387,-2.5633526130845685,0.8953009925029008
-0.004958119540632378,0.009865494229378439,2.2081510157209984E-4,0.00827856783804756,0.22901010782166856,-0.14774637787529524,-2.5613822726053193,0.9130677128911177
-0.004943740770387151,0.009904701187006282,1.557079792149051E-4,0.008264224464509142,0.21318336800826845,-0.10906410746009017,-2.553924474476235,0.8643659930728601
-0.004940238249594818,0.009967705848262353,5.2707416644741185E-5,0.008262425500601411,0.19257111391526727,-0.04422636861671952,-2.557027988736573,0.7934309025298002
-0.004940568372770126,0.009951582249185808,7.903372949275487E-5,0.008262434867281425,0.19773653779424924,-0.06088653810028679,-2.555923829838942,0.8113668541857605
-0.0049413204426804955,0.009935585448354949,1.0517051022533001E-4,0.00826279731047141,0.20294091421201085,-0.07736186422164938,-2.5550714179915537,0.8293194808487373
-0.004942535063270255,0.009919869910307444,1.3087811965066437E-4,0.008263571288081138,0.2081538599018816,-0.0934884786227811,-2.5545233905107523,0.847136865858323
-0.004940189218091226,0.009983984505572552,2.6133355661999206E-5,0.008262600279455723,0.18739598980336483,-0.0273712425189224,-2.5582674952712376,0.7754287076931531
-0.00509453340796357,0.009032323652033136,0.0016127932960399583,0.008175631875142792,0.47610222649985223,-1.0221850618858839,-2.4086904376905696,1.9200030846750442
-0.005079324711618024,0.00903733412500748,0.001596387394880722,0.008159945720679025,0.4652573368147535,-1.019004460914494,-2.3950680790208847,1.9055446781031369
-0.005103872703378313,0.008986127475825481,0.0016897253555240124,0.008160078682488433,0.4879167404685483,-1.0714421774967633,-2.3899996810286357,1.9769977768547815
-0.005091718806737925,0.008975662958130131,0.0016985830578189664,0.008138976269721413,0.47692752618348383,-1.0848147909250299,-2.369765073245062,1.9812095771712743
-0.00509759809889699,0.009016915263030919,0.001638437530517813,0.00817053128288063,0.48096487337838095,-1.0385241931695486,-2.4025996685802884,1.9390287269713953
-0.00508239522382617,0.00902192577401459,0.001621949770099822,0.008154887227182349,0.4680755980317532,-1.0354201368880593,-2.3889730379977627,1.9244296173987354
-0.005100711207802963,0.009001516484536435,0.0016640794113594352,0.008165347343210347,0.4849499708796461,-1.054932939286362,-2.3963689471758474,1.9580078056304249
-0.005085468062023002,0.009006518757839333,0.001647484599785344,0.008149691799303688,0.47085498906354234,-1.0518794354860408,-2.382706345922271,1.9433307734915382
-0.005088567074345964,0.008991095863492704,0.0016730274092062348,0.0081443771798538,0.47381817283334776,-1.068357849292971,-2.376292216684184,1.9622623723134056
-0.005063693567373123,0.00904225396629142,0.0015800937682274706,0.008144405461663668,0.45894342939281413,-1.0099065301711352,-2.383584126404813,1.8860639373826376
-0.005060506322585243,0.00905772522781922,0.0015544741757300357,0.008149166291836388,0.4556320170225618,-0.9935125711047542,-2.389398344304171,1.8671260967312335
-0.00505445177901584,0.009089010907236275,0.0015028035967048338,0.008158817392954794,0.4490477122438942,-0.9604196116469562,-2.4010387050351363,1.829095214099208
-0.005057400938877875,0.009073324480201261,0.0015286777450013288,0.008153949160013151,0.45234216110774156,-0.9769989043866701,-2.3952020197879302,1.8481025700896272
-0.0050516750770306755,0.0091047107175581,0.0014769698237844188,0.008163749606686225,0.445713280940276,-0.9438488985725396,-2.4068839398953923,1.8101887892774828
-0.005049010917762314,0.009120364021720648,0.001451235955053906,0.00816864452556139,0.44230527601279906,-0.9273352567895602,-2.4126506715058507,1.7913931819925002
-0.005113647187447097,0.00894002066470317,0.0017665919973558146,0.008143783484457177,0.495712188640486,-1.1211577237490342,-2.3702106026899767,2.0341705390632776
-0.005098209749848558,0.008944826629720482,0.0017496643207264896,0.008127979749863122,0.4830961986997197,-1.1175923003275645,-2.356429233060221,2.0190681651898825
-0.0051170019037825145,0.008924672332571876,0.0017921684231434994,0.008138193296419334,0.4987605991879895,-1.1376798199134848,-2.3634033471256037,2.0532351270327442
-0.005101536525723834,0.00892943668513733,0.0017751648877595502,0.008122377421572598,0.48600277902833927,-1.1339283066018349,-2.3496080379921653,2.037967702798183
-0.005079113146059418,0.008965151326938994,0.0017070969737205067,0.008117978296623205,0.4746443897429565,-1.0912607413037076,-2.3518461993327517,1.9795181774790793
-0.005082348257557664,0.00894967108593929,0.0017325820991281498,0.008112404469968136,0.4775654627640211,-1.1075667685046218,-2.3451266958902974,1.9982801843657045
-0.005120404840570064,0.008909334570059206,0.0018177244960508963,0.008132523341943993,0.5018641342327528,-1.1541863515792044,-2.3564802919036527,2.072281380807586
-0.005104905829285457,0.008914058635259127,0.0018006422468794371,0.008116688614575278,0.4887958615948456,-1.1502516881004146,-2.342664877732744,2.056857075758869
-0.005123855962596771,0.008894007537775724,0.0018432678531659808,0.008126771910892484,0.5046520166753041,-1.1707049089060495,-2.3494306063956687,2.091321041664054
-0.005108316479303757,0.008898678574945744,0.0018261153521519399,0.008110903748688959,0.4915494612061852,-1.166574003905138,-2.335591089274811,2.075749950297723
-0.005127355233983758,0.008878691396530594,0.0018688027035247455,0.008120938018788302,0.5068716541891728,-1.1872444269541809,-2.3422504225992347,2.110376330937368
-0.005111777656462175,0.008883286505930633,0.0018516037686411772,0.00810502687796926,0.4943663129122738,-1.1828927746983557,-2.328393860591816,2.0946552090239674
-0.005130902618182379,0.008863386307324786,0.0018943212608181885,0.008115023415785075,0.5089712510628651,-1.2037800200244027,-2.334950030310199,2.1294571744637194
-0.005115302753632973,0.008867888438163588,0.0018771069881649298,0.008099076376465139,0.497234242318688,-1.199190626356014,-2.3210931628153944,2.1135669134388113
-0.005134498077970416,0.008848092431344245,0.0019198149463666668,0.008109030083669484,0.5114090578342548,-1.2202832838560567,-2.32754003365756,2.1485478774874256
-0.005118890247420086,0.008852502973557257,0.0019025977044902082,0.008093061855032604,0.5000140475630267,-1.2154513443571104,-2.3136945431135287,2.132460927555164
-0.0051381415754483545,0.008832809929953066,0.0019452868414268994,0.008102957293005648,0.5139589788687188,-1.2367497840338681,-2.3200190760024295,2.1676275899415076
-0.005122526651930491,0.008837142349083676,0.0019280502666779618,0.008086975971144661,0.5026623956094892,-1.231674750636527,-2.3061860224574935,2.1513198714844823
-0.005141833072035735,0.008817538964686684,0.0019707447787889352,0.008096803144727724,0.5162620341230787,-1.2531856225381746,-2.3123810860442195,2.186693542976522
-0.005126208010568208,0.008821803701608918,0.001953466291019484,0.0080808126835118,0.5052621570915495,-1.2478703057339244,-2.2985609063663186,2.1701504407606147
-0.005145572528467586,0.008802279697245051,0.0019961944092840214,0.00809056622186855,0.5181012281169597,-1.2695848989472345,-2.3046229965631655,2.20575742795662
-0.005129943158240636,0.008806479453976827,0.0019788620575180243,0.008074577234770381,0.5078929783724792,-1.2640431436451272,-2.2908266228350964,2.1889667971869637
-0.005149359904790919,0.008787032289485814,0.0020216345274837733,0.00808424680987809,0.5194215145718937,-1.2859097812870033,-2.2967516621565975,2.2248266116906565
-0.005133746804658221,0.008791172464570186,0.002004242589117275,0.008068288216847394,0.5106082713449794,-1.2801849748274101,-2.2830062368796042,2.207771534106761
-0.005153195160361302,0.008771796903417487,0.0020470468998295176,0.008077849514229057,0.5210289933839598,-1.3020907891852258,-2.2887896760024544,2.2438838160843035
-0.005137632243925581,0.0087758979800484,0.0020295955536824904,0.008061970867581057,0.5133253625697782,-1.2962827967866086,-2.275126605788168,2.2265576390934307
-0.0051570782538395065,0.008756573701192634,0.0020724094409752276,0.008071380025983965,0.5240413091998278,-1.3180948801084196,-2.28074875104154,2.262883073619109
-0.00514158956229554,0.008760661808780781,0.002054909014591401,0.008055617526382052,0.5157449640961241,-1.3123499231311555,-2.2671713890861693,2.2453194903101097
-0.005161009143188233,0.008741362845101054,0.002097727610011012,0.008064837080062963,0.5279590587192475,-1.3339906426712682,-2.272599264762374,2.281785373177548
-0.005145580200460847,0.008745445644488273,0.002080185184009923,0.008049172058752887,0.5177221063124927,-1.3284284548714276,-2.2590726963339587,2.264058597586258
-0.005164987785668901,0.008726164497562944,0.002123022684682399,0.008058215242202734,0.5315953055987264,-1.349886487892826,-2.2643057141328278,2.3005949678708935
-0.005149575644603169,0.008730234269200587,0.002105424349226053,0.008042592976946221,0.5194880373107873,-1.3445323339105337,-2.2507879127365693,2.282775611131644
-0.005185595749722576,0.00865036608114991,0.002249357359294487,0.008023867413026187,0.5410668331505604,-1.43014531904672,-2.2206827284751784,2.3943626894437076
-0.0051742846618201485,0.008639066298941409,0.0022564361191403023,0.0080010435871523,0.5310336165505061,-1.4404431061824596,-2.198110963857502,2.3945062681560754
-0.005175616186065575,0.008581930271464968,0.0023384516324208783,0.007955993937976247,0.5323626325425977,-1.4915520774618105,-2.1503101787578376,2.444178431133793
-0.005162626092731872,0.008627674525825508,0.00226330359013931,0.0079784187385916,0.527518547309623,-1.4445052174804047,-2.1787307668552,2.389403810713764
-0.005166795802459962,0.008612421713632879,0.0022882751989055893,0.007970899870607522,0.5292286615041633,-1.4601711771365578,-2.1692897006081218,2.4075597362517924
-0.005171103742024757,0.008597147372623482,0.0023133419616521984,0.007963377310319568,0.530804867261624,-1.4758633624859618,-2.1597767954208127,2.4258093679812887
-0.0053511157673393935,0.008159381790995322,0.003067694731814565,0.007747987087144299,0.5679329423713106,-1.9318586243754463,-1.852370287879342,2.984608582308871
-0.0053352169611769135,0.008161511931077106,0.003047347468708979,0.0077320273583401725,0.5596098286054705,-1.9217256659030133,-1.8413001653959313,2.960196796962197
-0.005345356249420673,0.008173995740642209,0.0030433306655216525,0.007757589255228919,0.5682834221591385,-1.9176921431358085,-1.8655988522855953,2.9677412895091346
-0.00516365385353645,0.008570054971103342,0.002344958484165608,0.007932063264521484,0.5257713238987346,-1.4974880684809124,-2.128993963425622,2.439656243181902
-0.005168528671016419,0.008555080848640413,0.0023698191418012756,0.007925064959022224,0.5274908735176772,-1.5128670115238665,-2.1198249385833488,2.4579059429768857
-0.005173005075980418,0.00854016143749353,0.0023942251948044554,0.007917506844160862,0.5289377533038281,-1.5279769306094366,-2.110182073795246,2.475534890830381
-0.0051771098620264295,0.008524987042316017,0.0024186127671556065,0.00790915189460116,0.5300904484666801,-1.5430801478338732,-2.0998154278408596,2.492795909795071
-0.005290297410190856,0.008321101100260936,0.0027981246373035046,0.007849366495977698,0.5677778630889806,-1.7714272230780164,-1.9909442318641186,2.7956389696924124
-0.005274528943937619,0.008323887259667666,0.0027785542813190726,0.007833580458844655,0.5565437776399512,-1.763139961706847,-1.9787284701620529,2.77321102579803
-0.005295594968187607,0.008306313695911128,0.002822750517520163,0.007840544345905991,0.569364091341339,-1.7862488403663406,-1.9790451821905737,2.813178731522544
-0.005279820560295422,0.008309074543904593,0.002803099635960839,0.007824772895784428,0.5568703004984611,-1.777897496857271,-1.9669066209755368,2.7905844299153415
-0.0051815044530105206,0.008509589901513183,0.0024435001203256014,0.0079007912238178,0.5313158050808915,-1.5584409276335744,-2.0893231882970373,2.5104866332364484
-0.005258372492689613,0.008326617794726746,0.0027589603730801744,0.00781802798566301,0.5512836474115562,-1.7493672474669466,-1.9703243564677424,2.746516804168048
-0.005247962026941275,0.008356463618791209,0.0027098584631983984,0.007835503552766796,0.5500025221588801,-1.7198469005663808,-1.993438853758562,2.7118403542241976
-0.005253098513818377,0.00834152485329498,0.0027343893641488376,0.007826745248082155,0.5506798228552875,-1.7346163253581601,-1.9819003927072687,2.7291517517827724
-0.005186370096499347,0.008494268034659282,0.002468646376147002,0.007892893391268807,0.532697947094621,-1.5738966879785499,-2.0791275760867367,2.528618824982369
-0.005213046240000206,0.008461377047823111,0.0025372401375381927,0.007894218381145101,0.5434697097234654,-1.6147450235711627,-2.0703715564474767,2.5885707286090214
-0.005217850805917106,0.008446496538171035,0.0025617367671798993,0.007886156536083566,0.5446957135350211,-1.6297811495955818,-2.059867843942141,2.60619328306452
-0.0051914999798744295,0.008479191767964604,0.0024936505183511953,0.007885372376492285,0.5341372723399194,-1.5892159982266598,-2.069206172244936,2.546812459667134
-0.005196704050663015,0.008464404562347623,0.0025182926350848706,0.007878052932079362,0.5355474343055674,-1.6042776867138506,-2.0594415460286353,2.5647984521268374
-0.005242807051066416,0.008371377221701386,0.0026852903298106964,0.007844068688341062,0.5491726522554295,-1.7050024997217594,-2.0047646716441565,2.694391777486487
-0.005222583705108666,0.00843153725103851,0.0025862241665570254,0.007877794860360061,0.5457652827831067,-1.6447659186470693,-2.049061593400099,2.62365888826869
-0.005227367297109288,0.008416475644216886,0.0026108414567425574,0.007869250367609297,0.546666775735913,-1.6597837939465123,-2.0380250995482947,2.64114526731722
-0.005232342946720342,0.008401367178397977,0.0026356464635885423,0.007860735809216765,0.547462710500933,-1.6748788618542145,-2.0269146894416576,2.658814376466769
-0.00523754576031785,0.008386320316725064,0.002660532840142969,0.007852392892663485,0.5482854190001573,-1.6899956060424868,-2.015858660650903,2.6766512897319275
0.005331541318042976,0.00804823635992379,-0.0031769648982835036,0.007600495210513941,0.5371079592450929,-1.9876273150773045,1.708085577346676,3.00112673956621
0.005338942598107938,0.008033402182943265,-0.0032023576434891594,0.007591345741841352,0.5371413811231806,-2.0016581753542186,1.694798945915416,3.0184720203186863
0.005352817081892936,0.008005285306610335,-0.003250185240610029,0.007573407987374933,0.5368234569430202,-2.0278826095014373,1.669007420111179,3.050719773932274
0.005345957955731118,0.008019142716282898,-0.003226611707220292,0.007582296857795366,0.5369742668764452,-2.0150014510645415,1.6817876028411118,3.034885134466423
0.005325226109010422,0.00806387613386114,-0.0031518439274656647,0.007611590169744268,0.537662271451106,-1.9738597775401694,1.7227241995870377,2.9850840719494154
0.005309567473826521,0.008108710812474171,-0.003082147845034661,0.0076451633371579725,0.5397058704015522,-1.935493462303657,1.7651617605284537,2.9419399360388696
0.005319507205755295,0.008079220604821826,-0.0031276654874821358,0.007622835335302432,0.5382888589013826,-1.960586438908485,1.7371871597055557,2.969926564613178
0.005314392984041342,0.008094263119467792,-0.0031044387755595764,0.0076342467086385505,0.5390289635298889,-1.9478183705702676,1.7514988175621813,2.955674638105368
0.005303109087778018,0.008122250061673207,-0.0030590411992984564,0.007653139731268482,0.5394422855955855,-1.922411325166962,1.776656158633741,2.9258135289396154
0.0052858343101537105,0.008209774637857931,-0.0029348093027499046,0.007728983353258445,0.5468253744837054,-1.8528962810465381,1.863659847122151,2.856529103816751
0.005274317908586638,0.00823884622071969,-0.002886684720010743,0.007746648155072589,0.5461532927636745,-1.824865584780696,1.8876143384215032,2.823146314416032
0.00528019156877857,0.008224243019379178,-0.0029109767624140126,0.007737946352227365,0.5465690364022145,-1.8390444934632948,1.8757311367140386,2.8401140957856756
0.005295886540348804,0.008136471147565891,-0.0030342541159673973,0.007660897610543192,0.5388760165927496,-1.9083015767588585,1.7882782772927708,2.9081060893477857
0.0052897251251974595,0.00815173788437476,-0.0030093485619582046,0.007670825389062605,0.538925968942297,-1.894205857287074,1.8015503210777641,2.8914487908874515
0.005284219845067068,0.00816708523584624,-0.0029849954979986357,0.0076814095298550775,0.5391473115978869,-1.8804129945036145,1.8151536035449747,2.875608623904149
0.005279404853027861,0.00818242662167184,-0.002961316374012734,0.007692599893933693,0.53958374523361,-1.866990560891782,1.8290346914182345,2.8606648882954118
0.0052750927916448325,0.00819724384803646,-0.0029387255751909397,0.007703641969622663,0.5400876738372303,-1.8541356638091038,1.8425233472162483,2.8465684321768574
0.0052574190224465404,0.008240448232045122,-0.0028670977960401395,0.007729323241689076,0.5388353355075116,-1.8126335910323432,1.8774877195677282,2.7968309510476455
0.005250354128982921,0.008255188871384668,-0.0028415064149035457,0.007736638459582528,0.537766926403015,-1.797672228853495,1.8883354459394328,2.778118577413437
0.005174463645595509,0.00848206455491338,-0.002474532622885752,0.007868285669218725,0.5263771738470792,-1.5783916286734074,2.0577750054318056,2.5226335988933495
0.005185205600733272,0.008451318949171734,-0.0025253658288523742,0.007852912028947915,0.5292236830291496,-1.609279522788168,2.037471542153614,2.559364651935208
0.005179013964551027,0.008466211863580495,-0.002499873030439734,0.007859299066865846,0.5273921463199017,-1.5938524020791849,2.0465948953057,2.5403456568598313
0.005178135195881838,0.008425300443467426,-0.0025533093883610557,0.007820984477968028,0.5239692739667411,-1.626717537411935,2.006880478356548,2.568778999394823
0.005176173444159251,0.008439140347154041,-0.0025332768803243964,0.007831463710281811,0.524160683594511,-1.6145707932272095,2.0185805185243986,2.556392270972129
0.005154198836570547,0.008542379584824107,-0.0023750506313718537,0.007897607808483186,0.5202256519342764,-1.5175174678818681,2.096145412631858,2.450467234233772
0.00516524683682622,0.008511539993310946,-0.0024265935518028216,0.007883696356716279,0.5238420895535266,-1.5490582724854305,2.0774475584099186,2.488385856589916
0.0051592353064880475,0.008526599863547037,-0.002400907673435383,0.007889854139021183,0.5218001701950993,-1.5333943884659151,2.0861554364661514,2.469145766734614
0.00515760906597068,0.008485893643828716,-0.0024544167084192214,0.00785236124793076,0.5188675536254821,-1.5669498355302849,2.0475286870113867,2.498308398498105
0.005156080864981442,0.00849974271429286,-0.0024344940956992876,0.007862825542685404,0.5189806377304246,-1.5546793611077898,2.0590224752943387,2.485956055773981
0.005116686367109745,0.008606916954847202,-0.0022550882600243173,0.007908133291619044,0.5049583287076573,-1.4451577663352102,2.1204751089983307,2.3534937117122237
0.005121295724000899,0.00859135899652919,-0.0022802980102967513,0.007900730810015381,0.5067247128943747,-1.4606882701372852,2.1111578299452662,2.371605696153141
0.005126104651908043,0.00857601514515132,-0.002305335632062946,0.007893584924970358,0.5085050702783422,-1.476067619607589,2.1020202707243345,2.3896945440560944
0.005130974039323025,0.008560775893767863,-0.0023302413808158045,0.007886448993648043,0.5102376804436236,-1.491336375070426,2.0928518585569367,2.407691004034777
0.005135798687884499,0.008545503392647749,-0.0023551148150128052,0.007879088317422395,0.5118685828605011,-1.5065676236718615,2.083443482787786,2.42557976649876
0.005089162836909625,0.008715497308457972,-0.0020815033148152036,0.007960996953520672,0.49255033613731364,-1.337114633955194,2.1847894429226176,2.2298891675109975
0.005093407098719848,0.00869617736585707,-0.00211206720053878,0.007951363665787073,0.4947415174898615,-1.3562914058210305,2.1733748812425593,2.251482089558969
0.005089098367615413,0.008676800868526069,-0.0021360427670692843,0.007931583737775196,0.4929564133179443,-1.3723017749263269,2.1542234723429616,2.2636442775470402
0.005088935149766188,0.00865990973176103,-0.0021595163967210854,0.00791833264430941,0.49290024479603206,-1.3873784027312295,2.14050461404523,2.27789659304411
0.0050900543235770914,0.008643101244318325,-0.0021837407272798028,0.00790646354239641,0.4933590200492661,-1.4027196343823756,2.1278128398992453,2.293297266729439
0.005096955179366955,0.008610053725709338,-0.002234803450107435,0.00788803343751064,0.49610686016169936,-1.4343908111491575,2.106375089655573,2.3283525502405342
0.005092960309046825,0.008626422748111158,-0.0022090888336160565,0.00789658380958802,0.49452732128874416,-1.418518319500188,2.116591362143143,2.3104066686225413
0.00505413061749429,0.008799583880829862,-0.0019360228663524777,0.007981041980963383,0.4741343497295083,-1.2479735427394834,2.216653931703896,2.1179640396207815
0.00505675426157339,0.008781935080816788,-0.001963197560752207,0.007971717878641149,0.47602531251172026,-1.265247796714341,2.2061718167999946,2.136719276704795
0.005070303412143879,0.00872261620602071,-0.0020573891201656307,0.00794448380795066,0.4839009788741026,-1.3242043143941513,2.173689553711904,2.2036686396406036
0.005067986467536444,0.008743410884011288,-0.0020262233416191047,0.007957081280870583,0.4823798593239203,-1.3043915100703212,2.187483343851129,2.182813467858972
0.00506026823487791,0.008764250664516315,-0.001990973198150114,0.007963214648510686,0.47826988017217037,-1.2827540534293667,2.1962575866083274,2.156287164756169
0.005036301745485844,0.008829269956616231,-0.001881037264070018,0.007980773010316258,0.4647419266129785,-1.215127818126662,2.2218298678079003,2.073308113683215
0.005035302874105053,0.008807898034627415,-0.0019110675278927408,0.007965043460510633,0.4653646624871543,-1.234840936756976,2.205890768008713,2.0920156471311007
0.005202876177739559,0.008390839678485541,-0.0026215635497494096,0.00781694524394965,0.5322310274639239,-1.6674481687799656,1.992683892730767,2.6257746522566965
0.00518089214395026,0.0084093994471798,-0.002576688121055205,0.007809377732852069,0.5239170565010288,-1.6408157532304628,1.993703890234064,2.5834998564450746
0.0051847433732889,0.008393535323877457,-0.0026009441823417936,0.007798895033910719,0.5242693723678188,-1.6553601261259174,1.9812617983608405,2.5994798074791716
0.005215917190579341,0.008361427981757857,-0.002672268926693649,0.007803672646316369,0.5352300030446294,-1.6977847621272062,1.973365834662104,2.6634557061191217
0.005208417542972048,0.008375365589442182,-0.002646989764149047,0.007808530750067595,0.5332119759744378,-1.6826872774300468,1.981596991336837,2.643827434116614
0.005206846192793934,0.00834837265054318,-0.0026803112031967605,0.007780760851993767,0.529783468646617,-1.7026081399731658,1.953310782157709,2.65945081358663
0.0052092905891698025,0.008334466365968489,-0.002700467358178533,0.00776998514513405,0.5293979204321791,-1.7145287031043621,1.941089819610277,2.6717091936650594
0.005213539752183714,0.008319379461868507,-0.002723812709124186,0.007759959362108634,0.529536001890324,-1.728288780008425,1.9288788714546403,2.6870736425977317
0.005222721010468785,0.008305900651941603,-0.0027499591990708516,0.007756930272377153,0.5321207296196416,-1.7437722368779258,1.9217375282050675,2.7083044681601844
0.00522726032516558,0.008273706160061825,-0.0027948963772386174,0.0077297002414744255,0.5301002824088007,-1.7698745102240654,1.8915840910177872,2.7338857535211307
0.005224044357882788,0.008289147463745546,-0.0027723675609849716,0.007741670183500416,0.53056428911201,-1.7568027852993946,1.9053659801871132,2.7202518169691356
0.005231643138744933,0.008257522199889442,-0.00281943316737889,0.00771813047002391,0.5299058593297387,-1.7840794907062936,1.877702764555815,2.749442846587163
0.004910666009296077,0.009533552878223309,-7.476904882161339E-4,0.008165857698331771,0.3062012634248135,-0.49728640651440564,2.452373237876051,1.2588022806938834
0.004903827872749605,0.009563527953977741,-6.986289905077922E-4,0.008165621849348449,0.29671002209867864,-0.46682589645682177,2.454913930727166,1.2230398505404254
0.004900390435981118,0.009547037194943464,-7.237489626308089E-4,0.008157438938704662,0.29952867899639596,-0.48390223342497796,2.4473016297471792,1.2391676919673476
0.00493799233152192,0.009477440394249729,-8.441048595856769E-4,0.008181908341534363,0.32879235513328214,-0.554040243187131,2.459364146242041,1.333628830186317
0.0049261017687568034,0.00949082485477517,-8.194313306050326E-4,0.008171952406443583,0.32150065107091924,-0.5406333347390032,2.4530509217901315,1.3128816180223593
0.0049130286945799,0.009502866370869185,-7.966904285545607E-4,0.008160167312359502,0.31421045172634243,-0.5287267055677694,2.445279070334854,1.2931583588744437
0.004904083422843389,0.009517609657036961,-7.710113425159987E-4,0.00815388085921655,0.30764932453002236,-0.5139119549344621,2.4419210436581906,1.2727162989335117
0.004872676602502654,0.009655695692568666,-5.464282613229328E-4,0.008149980210089565,0.2639518248609854,-0.3743402419737443,2.4515419023786547,1.1091874234964492
0.004872849616673392,0.00962937861299752,-5.878268875762566E-4,0.008144823993552487,0.27060899985233605,-0.4012007107806383,2.4453868847195417,1.137561061893954
0.004889548085327961,0.009577343316719373,-6.733643881586955E-4,0.008152415709208856,0.2886735037156915,-0.4534479422607482,2.4463161227546966,1.2013186640737281
0.004875095359127093,0.009599930801566434,-6.345174678030665E-4,0.008140963907957918,0.2786145719138246,-0.431113880667605,2.4398615569726343,1.1702038202665113
0.005025943822463362,0.008925648652144784,-0.0017337126094856719,0.008031260949060605,0.45360036461059844,-1.12046784293676,2.2770826585877564,1.9722073248127654
0.005015198666960024,0.008937541859561858,-0.0017095483235484716,0.008026102535447771,0.44779047275414063,-1.1066425892566307,2.2749321955552624,1.951220827126113
0.005020514216602592,0.008906644943687888,-0.0017582551551773918,0.008013060895349963,0.4526672154337512,-1.1376339292268385,2.2598817792166437,1.985734703564354
0.005018560091871612,0.008885815770297512,-0.001787422422318132,0.007997539096257522,0.4534134537805978,-1.1570778507656094,2.2444612961564467,2.003810739935332
0.005015264885175527,0.008841643849926499,-0.0018491156046548044,0.00796484566230584,0.4547496752011395,-1.1979447533265908,2.2117451420927625,2.042093354265557
0.0050177488921104045,0.00886367973282028,-0.0018190073499448863,0.007982253121160602,0.45459276350424976,-1.1778809276766558,2.2289400993975517,2.023921357209161
0.004982778604346058,0.009134404817989527,-0.001396188068800845,0.008097670229288043,0.4112033064070783,-0.9067821682045186,2.3580329025576776,1.7274172154042877
0.004978566639435531,0.009110781891037858,-0.0014299502257754178,0.008080837957090846,0.41274727417544715,-0.9299720278007656,2.3419183661733842,1.7485761262964512
0.004975614143352378,0.009051402699962503,-0.0015176853639303465,0.008046061959098,0.4191114651050903,-0.9884027710380184,2.3069784339536015,1.806325757071859
0.004973383841636838,0.00906912989960587,-0.001489974308150176,0.008053040453997275,0.41599927166243283,-0.970629158553625,2.314807692164182,1.7868537465222512
0.004974885644543927,0.009089269790172896,-0.0014605249375226946,0.008065432445655328,0.41411243462755426,-0.950932684231088,2.3271119737702044,1.767703983957768
0.004995618735250986,0.008959099661968622,-0.0016659445484358238,0.008016472475014434,0.4374240491288513,-1.081835520902871,2.270701096123263,1.9134962372791178
0.004997350907754577,0.008942110511296978,-0.0016919366511129932,0.008008225260709883,0.43968893027902406,-1.098543912771982,2.2617084248581674,1.9313863234926796
0.004958485670588683,0.009037880147905327,-0.0015284006991859217,0.008018880296721181,0.41355538770414585,-0.9989182301069645,2.284023424140186,1.8063458976519353
0.004965722454607197,0.009021194134361032,-0.0015570798720693042,0.008017945734878594,0.4184336543032246,-1.0162889017884362,2.2809540525956185,1.828428871991109
0.0049729690131134945,0.009009168504668786,-0.001578930049419092,0.00801951358201961,0.4227997722792371,-1.029178261855599,2.2804477193772805,1.8459968435141119
0.0049807215818896316,0.008966086245334468,-0.0016468131974646167,0.008003444843766416,0.43039521800425834,-1.0721460243618892,2.2616702407660134,1.8942016154807555
0.004975342083820349,0.008979469157139498,-0.0016240226134202635,0.00800513070459903,0.42680710328717897,-1.0582457854423666,2.2649748439591177,1.8768029189894053
0.004972430637493209,0.00899551946431711,-0.0015987464637185701,0.008011090320172583,0.42398877905625126,-1.0422649976347442,2.271950577760101,1.8588682155066067
0.004940211374270354,0.009360851281335918,-0.001028172816767566,0.008145730819606128,0.3548246702502463,-0.6740606252416278,2.420515646473225,1.4607183213422363
0.00495350278403431,0.009230051099952591,-0.0012360922337203708,0.008108432961878919,0.38426594909594175,-0.8077491429134632,2.377706552735628,1.607497433433942
0.00495094590982797,0.009245524472116406,-0.0012111971454694473,0.008112213117716672,0.3805733723956826,-0.7919289732918527,2.382392002645109,1.589606517940024
0.00495630003773225,0.00928258031779441,-0.0011562176182300064,0.008134098145901021,0.37613955665772947,-0.7545031092108374,2.403401317911627,1.553947747301539
0.004953960875839672,0.009264515935920977,-0.0011832069847074241,0.008123840732369268,0.3784578556653226,-0.7728188753609166,2.393497750122442,1.5715826989150552
0.0049359752345102086,0.009340931589579037,-0.0010576175273776843,0.008133386034665619,0.35719320454724257,-0.6943429458780931,2.4090012617807752,1.4794459780104192
0.004941863862413719,0.009290144323743685,-0.0011386052454947127,0.008120347461033182,0.3691012682213086,-0.7462314164078235,2.39358742150541,1.5368645170737512
0.004936803899951367,0.009304550022739904,-0.0011143137664269985,0.008120249229465984,0.364466203262171,-0.7314009614726146,2.3950585308117436,1.5185015923031313
0.004934770689542553,0.009321807050181093,-0.0010868205316087393,0.008124664298792357,0.36042576305426993,-0.7137897940169626,2.400296631353665,1.4990073146515448
0.00494640980790167,0.009214341984592143,-0.0012569839827709006,0.008093183745122355,0.3840739683365826,-0.823111376772831,2.364080698329662,1.6191359178325337
0.004931007373978212,0.00945787436030952,-8.728829725472704E-4,0.008167777621728592,0.33074961512720463,-0.5744451101441759,2.4468151410541306,1.3511482588743255
0.004925787827796988,0.009439356368955484,-9.003563061777791E-4,0.008155844173269214,0.33297837015105064,-0.5935906049805727,2.4359886340721495,1.3683123033862963
0.004923139011639282,0.009420717710728211,-9.286898797413958E-4,0.008146682799501983,0.33608447596093055,-0.6127254069155131,2.427210874055479,1.3868748365441717
0.004923267323908174,0.009402541949072018,-9.571242068272177E-4,0.008140718685711494,0.3399522363848129,-0.6313090066526298,2.4208713822613395,1.4063914618273692
0.004926852740963065,0.009387444055700911,-9.81908040678382E-4,0.008139672904681266,0.34446131518450873,-0.6467439757781653,2.418553462752654,1.4245477100000945
0.004921112321523761,0.009371828666814982,-0.001004165719303162,0.00812745953348191,0.3454896591598213,-0.6626351044000806,2.4076382651068804,1.4378886538843714
0.004958786317545372,0.009181976564081082,-0.0013120639763965754,0.008092698956716604,0.3941334796325698,-0.8566114187747945,2.3599252545547422,1.661122656120286
0.004963619216176032,0.009164303542841095,-0.0013412774233891645,0.008089939969120894,0.39890324814883443,-0.8747888221175893,2.3556495168842604,1.6827535939049418
0.004959840792948495,0.009145978281299798,-0.0013672780617114974,0.00807666911195714,0.4000227366522302,-0.8927543213032006,2.343093114618878,1.6989103332040252
0.0049404288267948125,0.00919181399372748,-0.0012885508061246788,0.008075974365107859,0.38524949472912645,-0.8451748301615322,2.348124546438028,1.6383375654451349
0.004883096369111361,0.009692161701058116,-4.90801802406144E-4,0.008168833262213388,0.25761591677023904,-0.33621407450895946,2.468581080631886,1.074353461236287
0.00487105661653328,0.009676590503294138,-5.132268527082727E-4,0.008152078879587982,0.2580484581339018,-0.3530976806860697,2.4549252153476786,1.0859692217218944
0.004877886641723911,0.009711633147465036,-4.590951400115085E-4,0.008166100129248262,0.25088547627092467,-0.31669081314829306,2.4682485658873854,1.051065853116724
0.004877976997642897,0.009733365886264986,-4.246921270643416E-4,0.008169646418294013,0.24513661182646684,-0.29440650750018144,2.4726770349204,1.0275711464403905
0.004900627235107494,0.00988640909830037,-1.827603492438839E-4,0.008212635968719078,0.20787509911831917,-0.13430550111876785,2.5159243788811687,0.8694143206670352
0.004894872734160656,0.009867212345664761,-2.1317821375080458E-4,0.008204570625080586,0.21207869095746043,-0.15485999261290997,2.5086969694621506,0.8883474703983669
0.004892576482016695,0.009848638682286553,-2.4275653117972177E-4,0.008200382858216402,0.21689884862667094,-0.1742851337028556,2.5042558480564234,0.9077990510586994
0.004881565866977209,0.009755163751825177,-3.9062878148125147E-4,0.008176993500539543,0.24023385259622201,-0.2716922841363651,2.47984752591018,1.0053876311388361
0.004892687618857078,0.009830749304885075,-2.7140695539648645E-4,0.008198869184468481,0.22207512028612017,-0.1926935113324272,2.5017688399291687,0.927375904308854
0.004896721633059013,0.00981524738730262,-2.966348350340933E-4,0.008201997133355173,0.22762397735560888,-0.2081763509226638,2.5027968064153447,0.9458324110191845
0.0048879268375560305,0.009776879239509612,-3.569212818344955E-4,0.008187287323695775,0.23602114877750383,-0.24871365287849315,2.489102332924189,0.9843091226449009
0.0048920772055257985,0.009798895409189308,-3.222855802583159E-4,0.008194784799776934,0.23098422888742418,-0.2255818679912838,2.496299797669067,0.9619211609624353
0.004885587993053529,0.00989921925628032,-1.6128736077996987E-4,0.008195914473385517,0.2003846229391937,-0.12317428545212673,2.504981000190368,0.8501041860619248
0.00487568295035325,0.009917232951910151,-1.3199302267806207E-4,0.008185363979637747,0.19268699462043484,-0.10600280750867071,2.4988732398744298,0.8270314747059521
0.004854361266504903,0.009925243464530177,-1.1829352422284348E-4,0.00816104904749518,0.18539078635648845,-0.10064923913609393,2.4821634669063104,0.8109565891257066
0.004852289544672583,0.009946827008884445,-8.406284942952116E-5,0.008159458643554452,0.17867259837148944,-0.07887009054737694,2.482735520408271,0.7869181616770793
0.004835778387825692,0.00993519427439079,-1.0184408694960349E-4,0.008140032907986611,0.1783208566080983,-0.09285363991351456,2.4679755012677185,0.7937809967831086
0.004860831738848388,0.009997175471879484,-4.411370082903045E-6,0.008170177559958842,0.1657386046605511,-0.02624872070147758,2.4942742775679285,0.7353452301443747
0.004852091958389362,0.009970320964393892,-4.688734098675095E-5,0.008159806282238174,0.171746079786783,-0.054911360338088695,2.4848415240132193,0.7614887492023844
0.004869852238838646,0.010166920567546492,2.6564087622064854E-4,0.008172889281727373,0.11583006345723916,0.14865683769097413,2.5088315141225417,0.5544373963550555
0.004881153913454152,0.010233031906291294,3.7195107510330734E-4,0.008178543776082516,0.09698868938356277,0.21819642725448454,2.517494657646718,0.4860797122108403
0.0048762146386163415,0.010208922534832096,3.3302335314558125E-4,0.008175821241237344,0.10380259838335028,0.1926775415064534,2.5139024566698356,0.5108013831642598
0.004864908147788688,0.010185513066151888,2.946374026231011E-4,0.008165338538006191,0.10929033911937903,0.16675614953016257,2.504949181314631,0.5329820507322821
0.004866116396983467,0.010148728137451239,2.3643300886549618E-4,0.008170178485756914,0.12081940464758119,0.12942568328847417,2.505629924382412,0.5730469656826628
0.0048587700460761985,0.010125160669020477,1.9851188207940234E-4,0.008163495231211014,0.1267462420635632,0.10412182091349893,2.499238434462837,0.5963863187586171
0.004850490057786901,0.010101036407274519,1.598298366213216E-4,0.008155459685933774,0.13257539345411273,0.07817473368250705,2.491811009570321,0.619957436534455
0.004846332045738156,0.010075893962037064,1.1992253324210918E-4,0.008151896369333335,0.13934739367572013,0.051908748338253756,2.487403567124641,0.6457822492076694
0.004845535273399063,0.01004759123295847,7.522374773831846E-5,0.008151936323146687,0.14765931752524816,0.022952439500272447,2.4852750133437103,0.67602388158788
0.004834860114636823,0.010016675399956388,2.632778423376509E-5,0.008140176653142435,0.15463039288069677,-0.010068866733585294,2.4745743967487495,0.7058984847696607
0.0048621725987621975,0.010254600973771026,4.0350374902225377E-4,0.008153652796216772,0.08754893692226282,0.23661642052910253,2.5018511130007433,0.45784166430494977
0.0059180150587526854,0.007013533561384398,-0.004855315645831409,0.006636874546534779,0.3631776951843763,-2.642934631303006,0.418577287332729,3.7685232665813047
0.005907226636956509,0.00702576455096239,-0.0048324045155164206,0.006650282548487852,0.36657725798524016,-2.6377143128433347,0.4384211211787436,3.7613591836504114
0.00589769915762833,0.007039700219005536,-0.004810799549844209,0.006667203877588436,0.3707650777736497,-2.6341565922095787,0.45922393041911164,3.7577966096425404
0.005889299207389538,0.007053464134042006,-0.004791012310741402,0.006684444008242343,0.3749195776041932,-2.6313815046344478,0.4791507354592084,3.7557731263401926
0.005880453427224853,0.007066291763228451,-0.004770772661621289,0.006699700645387232,0.3786354013558974,-2.6276145434518003,0.4983419547615138,3.7517678014988856
0.0058706335809386055,0.007078546939515373,-0.004749084087592271,0.006713213109994621,0.38200756016525156,-2.6225097302657443,0.5174172785184856,3.7452019353715964
0.0057640908812229275,0.007264790222781734,-0.004477883621779415,0.006935093293604983,0.4344663201634909,-2.5658207162112974,0.7818122377368505,3.694438757361348
0.005755364975948783,0.007277958627196292,-0.004456007588184141,0.006948892372873094,0.43762359786269384,-2.5591548301274565,0.8006968124501485,3.686534457043315
0.0057465894049562065,0.007291231065522205,-0.004433899210048939,0.006962671396230294,0.4407756818902859,-2.5522682826757244,0.819631629978106,3.6783352021711657
0.0057561481474158955,0.007250198117025233,-0.00447410372709475,0.006905693970960673,0.4276358836814617,-2.5551131455034657,0.7668804175200393,3.6693369874656496
0.005763712923472645,0.007236255703083674,-0.004494300145508307,0.006889587433911827,0.42394219159425545,-2.5600809856257616,0.7476309531767552,3.6739934318046115
0.005860931782636142,0.007091158235000946,-0.004727347817376368,0.006727252768945713,0.38548007364973497,-2.617453695582722,0.5367261960454233,3.7389038098901106
0.0057908764820508,0.007196506853088353,-0.004560163473716412,0.0068472019875744665,0.4141035706655147,-2.578692192630984,0.6903624117716839,3.6961222178358355
0.005782069577162646,0.007209314287026949,-0.004538943035084188,0.006860958273211477,0.41732066537299234,-2.5728210215550322,0.7089320184388707,3.689144023090314
0.0057721587655212075,0.007221974121941935,-0.004515970337651409,0.006873491138497404,0.4201972445458444,-2.5656490128976484,0.7276361775825334,3.6797628631096084
0.0058263935345056845,0.007144110325664599,-0.004645219204753408,0.006789131810538637,0.4003487075779691,-2.600225013592496,0.6140099243813254,3.7208931657431727
0.0058342984427904865,0.007130956596194931,-0.004664682792568097,0.0067734757314777015,0.3966241320743577,-2.6041401507283486,0.5951968563462628,3.724546097294589
0.0058426204010031055,0.007117467010718266,-0.004684878599622229,0.006757445842110551,0.39280122201401996,-2.608164917010706,0.5757820222960762,3.728405448641734
0.005851555463270034,0.007104163673457998,-0.004705873377446739,0.0067420209121309685,0.38908434954007226,-2.612646223049726,0.5562302716405932,3.733263825531996
0.0057987605073679975,0.007182914052216431,-0.004580238545166586,0.006831352796659488,0.4103951169596119,-2.5832537132737623,0.6712169635310666,3.7004963745565695
0.005807357027381963,0.007168903543772472,-0.00460156691115842,0.006815229236829707,0.40657709229520494,-2.588206957139612,0.6512586403552602,3.7055765537217233
0.00581735875852986,0.007156452173230016,-0.0046242391243552375,0.006802517207720249,0.4035619884723077,-2.594760617907431,0.6324090848320063,3.7142001205436723
0.005655508017921112,0.00743977925555946,-0.004191577658371728,0.007113242706099956,0.4734503395718854,-2.4698849105790326,1.023752107259284,3.5823360055060376
0.005639329794385323,0.0074393496184278545,-0.004167703997336253,0.007098243128419759,0.469226789729912,-2.4534929476150356,1.0247870289036083,3.5510706575797895
0.005623188473478302,0.007465535213901467,-0.00412401437770464,0.007122710559972979,0.47399474470750436,-2.4366801818974015,1.058937045203091,3.5307756986691423
0.005631743020871065,0.007452960351533829,-0.004146221807280411,0.007111743282069397,0.4719627158640321,-2.445626250372985,1.042546063451726,3.542143023299723
0.005663303589636622,0.007425982006155521,-0.00421352888037923,0.007099405288733177,0.4705648408990533,-2.4777932661850532,1.005380126597805,3.5913042686663914
0.005671676991406706,0.007412484610462305,-0.004236041570862457,0.007086386159540781,0.4678711246871115,-2.486110329073375,0.9872237929807487,3.601267038124965
0.005680187509322337,0.00739912446384819,-0.004258581917229105,0.007073550883918242,0.46520330601396537,-2.49440390990131,0.9690988861064497,3.611324718214291
0.005672132999887384,0.007384780782155132,-0.0042565153944803735,0.0070447942146764425,0.4582281300107684,-2.485584588961745,0.9524222657335191,3.5887393992664727
0.005679806623955656,0.0073711953339558114,-0.004277657151507166,0.007030709307648142,0.4552124281411731,-2.4926234443978044,0.9342438661440914,3.5965316588033684
0.005688398854849408,0.0073579875073081875,-0.004299848773688372,0.007017844555354455,0.45248986859526225,-2.500433135281655,0.916276211880558,3.606005446921538
0.005711634769391401,0.007316981426456604,-0.004362905378882939,0.0069741617525445965,0.4429477830483383,-2.5200942734547773,0.8607183611393409,3.6273144690655017
0.005703609982276912,0.007330805466161595,-0.004341456000953941,0.006988866231651225,0.4462000808828775,-2.51346670252407,0.8795529579455689,3.620043989158052
0.005697126761968801,0.007344519582553656,-0.00432234450491028,0.007004553585693033,0.4496740487968803,-2.5081965546242997,0.8978450019292242,3.6153678952901447
0.005720447337172225,0.007303377530413456,-0.0043853348183997875,0.006960302051165712,0.4398906205698731,-2.5273478377488234,0.8418705220983324,3.6359285541278905
0.005729755326162316,0.007290088703950789,-0.004408248894497605,0.006947188397698176,0.436962719143778,-2.534960247051346,0.8231550035875764,3.6454106753808033
0.005573780019984816,0.007549139099437323,-0.0039857285769041495,0.007199170192542073,0.48828295201071975,-2.3809865047944556,1.1649408293499695,3.4640430309686816
0.005476663112039999,0.00773144222971408,-0.0036894505271586977,0.0073576898762188455,0.5137327909016688,-2.2496845319077656,1.3810469631402185,3.3091180921004386
0.005484350102170964,0.007717303496917693,-0.0037130859218096643,0.007346426678674199,0.5122399793888341,-2.2609293584509733,1.3651443986208378,3.3227526998229138
0.005531247269475219,0.007633796087945146,-0.003853340813222934,0.007278304020525264,0.502391845209567,-2.325787959266179,1.2683827515214094,3.4016752840420694
0.005566810035901565,0.007563527754413472,-0.0039638305258703705,0.00721322147460936,0.49093194740205354,-2.3723027850460454,1.1827947824134488,3.454565000141844
0.005560344080351183,0.007577861099716606,-0.003942591944327847,0.007227526108803932,0.4936082777101163,-2.3639351966267395,1.2005308110148236,3.4457573396364203
0.005537888359738268,0.007619683583919076,-0.0038750066365388996,0.007265035540579739,0.5000563327838048,-2.3349791941312676,1.2513575788819198,3.411842672936274
0.005545150875701666,0.007605494213632616,-0.0038975174148002108,0.007252113396054863,0.4978276077805955,-2.344614015193549,1.234207416064322,3.4229094754296594
0.005553069846593117,0.0075917451662299565,-0.003920490630220681,0.007240292318523787,0.4958686279740396,-2.3546536036036083,1.217547612619831,3.435059430395983
0.005523891483299924,0.007647669059520558,-0.003830808998937472,0.007290408684419269,0.5043471277124093,-2.3157825695796217,1.284897148163658,3.3898873494248876
0.005515780980955457,0.007661155365192165,-0.0038075149400943714,0.007301105928839701,0.5058297968983365,-2.305024056301526,1.300636313543955,3.3764788611225334
0.005508478781791759,0.00767561340220816,-0.003784381648704338,0.0073137792911922165,0.5078549338155202,-2.2946386743335587,1.317635803899129,3.3644256180341503
0.005500271575191271,0.007689467484901822,-0.0037604916137072386,0.0073245905652290005,0.5093330580937262,-2.283393269706566,1.3335486236203538,3.350428829172181
0.005492229877478837,0.007703326316553536,-0.003736764297875931,0.007335423137872339,0.5107773787976524,-2.2721697836893893,1.349333667737952,3.33654032709558
0.00539452575799015,0.007946488426417304,-0.0033650537086299674,0.007547601896328443,0.5401853443122899,-2.0921223350540448,1.6188490275701575,3.138219651368989
0.0053878017174682075,0.007960728790113369,-0.003341313758290432,0.007557722049197058,0.5408640643205237,-2.0794442148692416,1.6330243754759344,3.1229756623871943
0.00538119114184514,0.007975178020447865,-0.0033174218546520467,0.007568071804330106,0.5415581942632812,-2.0666480212726595,1.6473406283085732,3.1077138042727905
0.005384621360673886,0.00793335267785223,-0.0033671725770779907,0.0075210304876581245,0.5331644769510914,-2.0901228551708844,1.598247717810227,3.124138442055592
0.005390166233816011,0.00791892374644947,-0.0033894137416462552,0.007509212388365737,0.5318649335944156,-2.1015388589530937,1.5832209167133569,3.1368792467398308
0.005457732457089785,0.007731189121439688,-0.0036645409147350494,0.007338552457748135,0.507313590762366,-2.232319946408285,1.375919378436129,3.2749766692925237
0.005461962251521243,0.007760250442192348,-0.0036423587233082935,0.007381147158264808,0.5168698224372017,-2.2272322075384223,1.4132307002326583,3.2824484397060787
0.005450075168065535,0.007745698387147685,-0.003640682065924853,0.007350104702967466,0.5087639897697788,-2.220968704206355,1.3918445679546079,3.261331507459944
0.005396245056558832,0.007904188130249987,-0.003412554809020543,0.007497437604803423,0.53061898686848,-2.1134028863215217,1.5679247615161402,3.150397152181099
0.005403168110201171,0.007889747235604747,-0.0034363556602598146,0.007486766285676649,0.529698732311357,-2.125721130455151,1.553194423867889,3.1651249098140215
0.005410760864546782,0.007875760845190897,-0.0034604590890019425,0.007477216907104285,0.5290599634979009,-2.138307470514841,1.5391225885931392,3.1807745083524956
0.005417887654042334,0.007861501720657811,-0.003484207937834688,0.007466694400741414,0.5281217628054472,-2.150501255256841,1.5243617058219512,3.1954940359078896
0.00545529575670934,0.0077749570126436005,-0.0036193032486703815,0.007393739006705438,0.5186334978431429,-2.2163139813236135,1.4296750230030073,3.270018766655513
0.005449559963537243,0.0077897020556275025,-0.0035973336260435944,0.007407178271743514,0.5206697716730363,-2.206067502573784,1.4463240604269851,3.25903105633676
0.005445320590151789,0.007804106314421602,-0.0035775392495433615,0.007421563979185514,0.5230575334759681,-2.197121612601706,1.4629351088583216,3.250508679980769
0.0054379105510191485,0.007818455690995213,-0.0035536017192881243,0.0074324990584428985,0.5242263933729822,-2.1851676782646585,1.4783301607901567,3.2360537679067387
0.005423344625424938,0.007846964696820979,-0.0035060575034653037,0.007453942293207981,0.5264006256409394,-2.16119627703979,1.5084828726219863,3.2070852910698355
0.005430167095607358,0.00783247920723256,-0.0035295059378758066,0.0074425236727044125,0.5251042752138765,-2.172924585331474,1.4930435128404431,3.220869324608923
0.005607936151911024,0.007465044751207489,-0.004101941137827339,0.00710836613593286,0.4700255062231765,-2.421461859807317,1.0592060747794303,3.501794364312721
0.005591407133655914,0.007491915727216835,-0.004057089957665092,0.007132773960920906,0.4745352858934317,-2.4036820463442266,1.0932772806182633,3.480193600258807
0.005595705479185447,0.007476158412062617,-0.0040755571907019885,0.007113705963996964,0.4704327037384276,-2.408858485983712,1.073560859037417,3.48290304691222
0.005579024622902998,0.007502560238816501,-0.0040308145308841576,0.007137007197892177,0.4746658670061351,-2.390723316342972,1.106686276021698,3.4605197171706554
0.005570944025915201,0.007519533270501332,-0.004005707908013468,0.007154104158583891,0.4779956242350874,-2.3813394187853505,1.127741406663451,3.4505771908476994
0.0055630670723170635,0.007534442553694933,-0.003982421158021442,0.007168248151572495,0.4805942990996997,-2.372127691546012,1.1461221220134608,3.4401058260547543
0.005344732991553021,0.007992693422711741,-0.0032546273822983128,0.007549902873746681,0.5308794530277794,-2.0280819993222168,1.6499557715832638,3.041142621893909
0.005364087035343403,0.007976485235783549,-0.0032954683516326464,0.007551304467335898,0.5350149358895385,-2.0519752746966624,1.6404204240576654,3.0781889841345023
0.005347244118502882,0.00797869835569016,-0.003272983992168441,0.007536012715252837,0.5288086206723909,-2.037260250773743,1.634722503943159,3.049378725243312
0.013299685881969163,0.014181603687007516,0.006034925874811573,-0.004761075838874929,0.19448208118834234,-2.2926200105764436,-1.1564109004025742,3.272352732023277
0.013361562349914459,0.014145131170646705,0.005955915305452528,-0.004829034285473998,0.19513975749485615,-2.3162075996205433,-1.076676169350547,3.2892064883480994
0.013340911284236612,0.01418258063828951,0.005968223702789071,-0.004766049993565606,0.1915015737528757,-2.2894772934073058,-1.1071825174776524,3.2502386174089337
0.013236804803748364,0.014186933826031582,0.006133371628741269,-0.004740618017643575,0.198545661159877,-2.2901699564178206,-1.2337437975723782,3.2950794143942383
0.013203776802149543,0.014221390557408028,0.006164674381305489,-0.004677589883861923,0.19605238954893792,-2.2630470674129604,-1.2772036685161725,3.2618802211242737
0.013174117565301874,0.014242108298709769,0.00619857868246329,-0.004636973373890602,0.1949824552728747,-2.2458970597769254,-1.3151064616768127,3.245231255962366
0.013085343599343352,0.014278292319552474,0.0063153853045599334,-0.004553443729155276,0.19595058894651798,-2.2107171247944026,-1.4272151505685835,3.2268242035485426
0.013134062809721944,0.014269589193637525,0.006243729365817769,-0.004582072879944342,0.19386891960349154,-2.2220609897258434,-1.3657226228231187,3.2220956973345554
0.01301285312939576,0.014345517400045615,0.006379116751392791,-0.004421647491156783,0.1916727794374058,-2.1482368437611066,-1.5148276161661107,3.1529814566601106
0.013069188551615025,0.014311462957314185,0.006316451668245077,-0.004495340326021496,0.1924837251886662,-2.182870978522912,-1.4463474789118516,3.185052410554755
0.013050516452618684,0.014335734323779499,0.006327500171628668,-0.004450648265137114,0.1901323599531571,-2.1615493100564307,-1.4682912595528042,3.1565335343585783
0.013048857150860446,0.014363432184889557,0.00630879583649758,-0.00440673868026981,0.18685492949388316,-2.1399951547960563,-1.468388872919401,3.118501743464395
0.012790541402453007,0.014463676010666554,0.006621213787909031,-0.004138222860509016,0.18940820433680003,-2.001729901068327,-1.7755339167259543,3.0210334097964093
0.012780313670812338,0.014492834633758014,0.006609175074829328,-0.0040886670504154425,0.18596959734010346,-1.97647778680669,-1.7807372352964006,2.9805645144553323
0.0128254703672861,0.01445785156299332,0.00657343632462723,-0.004165130480218468,0.1879007982072714,-2.0173729727305267,-1.732911416440416,3.0266067038249957
0.012981864773596323,0.014378768231052216,0.00640094665506376,-0.004357627455901048,0.188654358751044,-2.1168477909432393,-1.5502172434533261,3.113432424739811
0.012949791295563015,0.014399274424801328,0.006433789689796987,-0.004312691724121109,0.1883618970211993,-2.094595010355754,-1.5875791133381407,3.0913916030759787
0.012883479975913638,0.014430993424139397,0.006508834318529721,-0.004234374171222807,0.18808371836850168,-2.054357704230592,-1.6656792801697484,3.0577703779486907
0.012863028866539629,0.014458307997418048,0.006515878382782865,-0.004182945907567505,0.18531628370491687,-2.0281343943357277,-1.6858340579875193,3.022268103515564
0.012926020254453203,0.014428740983330695,0.006445526572178242,-0.004257078872053346,0.18553797442884037,-2.066803631820171,-1.612815663245959,3.0545554433264757
0.012727607083360341,0.014509644152122463,0.006672036025825411,-0.004034286087183065,0.1870000416121764,-1.9449541927105993,-1.841734060605585,2.958312953186717
0.012763978898002605,0.01452082391158103,0.0066069438581424405,-0.00403795455451593,0.18308369182986364,-1.9501352148587408,-1.793285359003624,2.9422315104391177
0.012701292662794345,0.014535845330565266,0.006685260462421744,-0.003980054573860722,0.18499293830894215,-1.91552023511089,-1.8661948715205805,2.921492483367907
0.012663962246522277,0.014560150850840796,0.006715686591366045,-0.003921845308070494,0.1840019888398214,-1.8826347308162583,-1.904012501052412,2.8864690890633318
0.012621166252234826,0.014595493731902024,0.006741343641645908,-0.003843660334293283,0.18171482629071695,-1.8387569257224787,-1.9433418220274778,2.8348348268276493
0.012591318255179706,0.014625543995214749,0.006752385671951445,-0.0037812403826054,0.1793454811214095,-1.8039051230849166,-1.9675573672149411,2.7907770296815144
0.012522613932893042,0.014670586526576788,0.006800220467611355,-0.0036711751363522073,0.17727191344697737,-1.7392151058018237,-2.0299352153047607,2.720234742379732
0.012558631837085126,0.014651653933556849,0.006770579390403211,-0.0037224661319988626,0.17771465671860778,-1.7701602196073125,-1.9957069000288994,2.7512703785273143
0.012405248755000918,0.01465868151425896,0.006976980149806979,-0.0036010949982336225,0.18646113732498396,-1.6810650727702092,-2.1754113374607082,2.7104932197236553
0.012434416019352046,0.014682888271575996,0.006908381568673487,-0.0035899651290809604,0.18110573440294986,-1.6826091142570214,-2.1281001646361997,2.685251231898959
0.012477970815751069,0.014682081589316507,0.006849252094795706,-0.0036233738703533966,0.17856722438517172,-1.7078686087448767,-2.0771029315868383,2.696337026218851
0.012375095432910321,0.01467780679871949,0.00699594124341476,-0.003550973560166784,0.18542975843779122,-1.6501332601150984,-2.2009014905091107,2.6764868233768535
0.012349205892313064,0.014689239865354925,0.007017613756410276,-0.003514562624445928,0.1855377602176367,-1.6264684988996176,-2.225051917386549,2.6535511690398548
0.012333565049429285,0.014713000690699855,0.007010000430517603,-0.003469650860477544,0.18303994491652345,-1.601495642835495,-2.2297500525201994,2.6171048033242443
0.012096318206696457,0.014782790044596272,0.007230108174058528,-0.003168074451451152,0.18812571399899083,-1.388595891379371,-2.4530390660774266,2.429926386202475
0.012126308625885629,0.014769052151600731,0.007210502087648954,-0.0032139276166910508,0.18820265586290078,-1.4198019717892076,-2.4297967649786485,2.4619199332734953
0.012236011150869102,0.014700490236392166,0.007156620203472255,-0.0034035939281221793,0.1912625724208852,-1.5420015498155897,-2.3513268441276023,2.5990596603270038
0.012158519220480921,0.014755910201801774,0.007186588056375613,-0.0032607742337788068,0.18798673812599168,-1.452099315832508,-2.402986805873781,2.493716618985069
0.012211099370271346,0.014727267909067383,0.0071553333120818645,-0.0033458727320984194,0.18881224343116065,-1.507980860122376,-2.362584480750026,2.5536555197493693
0.012182665730768805,0.014734890266509086,0.007182761821676394,-0.0033102283392341405,0.18983894535691592,-1.4823800724972653,-2.3900167738712295,2.531690515736217
0.012093974561139633,0.014818476871024848,0.007185057033111592,-0.003121257752242935,0.18305881174508157,-1.367998071768807,-2.429569582337503,2.384213191901118
0.012271979238989912,0.014721102196550066,0.007082490516273653,-0.003407317608516347,0.18601808057490654,-1.555200705013014,-2.296246911065509,2.5853201776771577
0.012306781465392144,0.014737059405025748,0.007016403417354224,-0.0034154355148530743,0.18142658596645614,-1.569168200361976,-2.2465270935132478,2.576751835918522
0.011991214527445893,0.014822703182120773,0.007305116884511363,-0.0030153111393134715,0.18907619675372242,-1.2808039885478044,-2.53605214874767,2.3242466005301305
0.011964147391020486,0.014832631476259031,0.007323729717485015,-0.00297577438672389,0.18936422713953124,-1.252559862739081,-2.556561940544635,2.2965123406467716
0.011921776314028411,0.014839695393698114,0.0073640449146733095,-0.002923398337604539,0.19104506669634946,-1.2115424110791733,-2.5948128598325684,2.2624293415540433
0.011943628373295198,0.01484814480249666,0.007326149690870015,-0.0029361792554109902,0.18830601917205658,-1.2273289038596784,-2.56527515520876,2.2657063868126195
0.012065400653267305,0.014827532153557222,0.007208058946894246,-0.0030827495706705426,0.18356566499767443,-1.340458205785821,-2.453560444644268,2.3586390355183053
0.012039310217564199,0.014835328427232106,0.007229292031212462,-0.0030478695329912253,0.1840454536355883,-1.3152139683485462,-2.475423616531955,2.335414243933035
0.012015419269025607,0.014845101409079265,0.007244758387578216,-0.003012516318872248,0.1841634811929175,-1.2905262356082279,-2.4931361330141972,2.3105935841118863
0.011899420932138749,0.01485582442944181,0.007367037532579847,-0.0028809112778774714,0.19017565016984303,-1.1841344227043804,-2.6041987848409303,2.229249650537735
0.011873509564483617,0.014873416303415042,0.00737150356383475,-0.002833010851545571,0.18891042311173264,-1.1528208086548946,-2.6154286000781215,2.192010317885049
0.011815656184504269,0.01487568784928038,0.007433947578945394,-0.002767625564168923,0.1925228604002065,-1.0974525708652278,-2.6708075877437207,2.1507988644229106
0.011847043520507255,0.014892419929787772,0.007373889560725876,-0.0027829888136482674,0.18787842485339287,-1.1204600682285912,-2.625319851493064,2.1527105808466853
0.011787531286750821,0.014894795597907032,0.00743688939242428,-0.002715131680684043,0.19131036578199942,-1.0629720278657258,-2.681063432924708,2.1093801144954836
0.01171940399527713,0.01492825511375513,0.007460415297394598,-0.0026020595090620424,0.19054667265022893,-0.9841817726009807,-2.7146924432389006,2.023059035496038
0.011756625665243027,0.014913268996455606,0.007443063783302352,-0.0026603085295729763,0.19049605693665814,-1.026095029150263,-2.6937707090214094,2.066697159915797
0.01168920663890223,0.014952992521409164,0.007454511824182851,-0.002541485118764373,0.18879156084524004,-0.945927618468203,-2.7191833827447023,1.9738749586806457
0.011663298014369008,0.01497340878724199,0.00744996447838724,-0.0024906336391526326,0.18718235462716679,-0.9135679174791046,-2.7229715864196744,1.932606806412304
0.011236431666695006,0.015000540209250422,0.007799478716512519,-0.0019282353517300936,0.21080767717957796,-0.43369561782692684,-3.0272440200577933,1.5260105435036015
0.01121376582995914,0.015015330750294055,0.00779222428210589,-0.0018855194816635747,0.2096633979076206,-0.405678980800034,-3.025329456282481,1.4904244071339638
0.01117176288558758,0.015017406202829637,0.007821626502072037,-0.0018264153173189613,0.21211176050681543,-0.3544265357067516,-3.0497980889896232,1.4456161571964208
0.011151779859013496,0.015027879590100364,0.007818668841301338,-0.0017908328557124527,0.21133030768853484,-0.3299713784626358,-3.050010733155027,1.4163797345936882
0.011191938256219676,0.015030153436169471,0.007783820798415734,-0.0018441376201693436,0.20840929869126237,-0.37887625756242643,-3.0224024224591512,1.4558234852143463
0.011135138510532262,0.015047174227744526,0.007797496271245091,-0.001753412131951314,0.20905331035082947,-0.30987198448824976,-3.0376786139146352,1.3836386655688615
0.011618298216754953,0.014988429783369934,0.007472151336363286,-0.0024231451851677616,0.1878803857028751,-0.8635585483078942,-2.747571407717937,1.8821199041764136
0.011642820406349877,0.014990870246531458,0.0074438854378455575,-0.0024492786543184233,0.18573488223716716,-0.8877335329450272,-2.72431089381533,1.8988011417262562
0.011593366558750158,0.015002695825671557,0.007474594797244514,-0.0023797415891363464,0.18702099490074942,-0.8340642808236316,-2.7548762667401028,1.8477802089027107
0.011314813772303865,0.015026840093671237,0.0076897210779908265,-0.0020108507303638417,0.2009995269902529,-0.5245096274810229,-2.9441698570538537,1.579820318340144
0.011470633750015944,0.014981374396584977,0.007626117722189255,-0.0022508973704387972,0.19850949874869886,-0.7079308906227282,-2.876204505604615,1.7655614183135213
0.011443696493358663,0.014990478838499584,0.007636279776515831,-0.002208574620119798,0.1986405887232946,-0.6762761697259516,-2.887850375784889,1.7328199317374178
0.011422956443712308,0.015014612004594358,0.007615691516255857,-0.0021604466509208865,0.19603902794440817,-0.6489111894663441,-2.878497078889677,1.6912160371437202
0.011388168443688063,0.01502129640378694,0.007635699723701102,-0.00211036135342782,0.19721694777786822,-0.6089069133294854,-2.897442634575567,1.6534535449966719
0.011362310042527194,0.015025897004926158,0.007650684549698895,-0.002073237134860146,0.19804493513380078,-0.5790628982488483,-2.9114051145478026,1.6254504241933336
0.011343113017974934,0.015043606508554198,0.007637805693344498,-0.002033361245726927,0.19637650616289035,-0.5550467590705543,-2.9062345998262615,1.5917295373560856
0.011498026030374206,0.015005289351534435,0.007561832987840516,-0.002262464232928795,0.19272002010898528,-0.7329221618788438,-2.8299438397428633,1.7660775657007959
0.011560226903784708,0.01501723375183518,0.0074839584734866516,-0.002326374431167373,0.18687972378484977,-0.7960883856520683,-2.768088293312448,1.8065864236241003
0.011527275263092931,0.015028391121707814,0.007497642357708068,-0.0022763493464841504,0.18722291285976442,-0.7590177779234967,-2.7836491221320085,1.7685689413738144
0.011261494767289753,0.015019201643466762,0.007746986744328729,-0.0019467293412878423,0.20571844842126838,-0.46263550436831485,-2.9892972946658602,1.5347631163784208
0.011288297010500962,0.015039614810180598,0.007690363888095425,-0.0019654445873428903,0.20041465402252565,-0.49259867115751205,-2.948500291887864,1.5432275242309306
0.010879562120831358,0.015060322550492064,0.007944885695821845,-0.001380838300244528,0.22247280068519923,0.010870605698331778,-3.1537668906424474,1.094957548263104
0.010904501783061162,0.015056282015791015,0.007937290450991523,-0.001419759346262603,0.22166014935616427,-0.020567250280028065,-3.1477145067970658,1.1259588891936552
0.010921953293694586,0.015044035339387363,0.007948871422662233,-0.0014527958880927545,0.22309754313807403,-0.04098206384056869,-3.1547886791055704,1.153981291902574
0.01101828636993888,0.015020844270384262,0.00792779128174384,-0.001607725537089727,0.22144817730502941,-0.161979294594247,-3.1349857186632257,1.2785123587910048
0.010943304901075392,0.015048851106751129,0.007926692439385624,-0.0014808566109451632,0.22069380260847482,-0.06931804198719178,-3.138817674217255,1.1748157089147584
0.01096056765693042,0.015038771037255825,0.007933910732073727,-0.001512360872621462,0.22168115340401506,-0.09004780759675589,-3.142748468258597,1.2012345249065364
0.010977869467511153,0.015038813898539767,0.00792254277386033,-0.00153736853162146,0.22047098812200192,-0.1122847008770458,-3.134093220818942,1.2205536524521223
0.010998354893447965,0.015031262357803206,0.007922556990224481,-0.0015719422788570794,0.2206905421405907,-0.13759878866967704,-3.1328161337665144,1.2487651910303923
0.011037826507363445,0.015035838089718605,0.007887393663755238,-0.001625330822912146,0.21725006235261765,-0.18828450414815878,-3.1063563516212,1.2887529902089854
0.011058612877679314,0.015051653606635036,0.007844793431767241,-0.0016437144848040401,0.2130078561747489,-0.2157098603961148,-3.07616152148193,1.2994600897937172
0.011106947608074185,0.015059961114784573,0.007795829480582539,-0.001705162329541083,0.20847412948653257,-0.27577526966788235,-3.0393519321288576,1.344323370022136
0.011079778318391954,0.01507123355866224,0.007795471173771968,-0.001659525589092719,0.20801648888607335,-0.24299383493351168,-3.041585526103242,1.3072343919228528
0.010065507081454402,0.015108057091504852,0.008116756065313264,-1.0421539506073921E-4,0.24855528651955813,1.0669225455721316,-3.211636850223122,0.07547249725597595
0.010095246967721891,0.015110024164562467,0.008111325533570886,-1.5130872544711908E-4,0.2474509503613819,1.026735740022932,-3.2132328636493033,0.11276978382001239
0.010080399947942192,0.01511558408660233,0.008101359862721431,-1.274589513985268E-4,0.24629179024183695,1.0416504638411552,-3.2041679758693142,0.09341958649524643
0.01012466358032419,0.015113311903545298,0.008102745356386082,-1.9766705298899533E-4,0.2459448598972922,0.985907062059962,-3.212458126603217,0.14940241633739618
0.010108661730701936,0.0151184606081596,0.008093985608267547,-1.7195991814296217E-4,0.24497973886752028,1.0028021154773525,-3.2041068790289247,0.1285872700424557
0.010140045764359616,0.015126082187395579,0.008076584483005687,-2.2080144530082707E-4,0.24252703024846886,0.9564616088731482,-3.197706203638612,0.1667597979367168
0.010362917582363554,0.015111327828619698,0.008067011369252712,-5.728440090263081E-4,0.2383769046146718,0.6738182009701986,-3.2196473217128774,0.44849922414110427
0.010343198197306629,0.015118232260877336,0.008058487354492778,-5.404303398686259E-4,0.23760277322902976,0.695860360634409,-3.211965837401489,0.42193853340126103
0.010323172990524857,0.015122296983749287,0.0080552087930235,-5.082988402043547E-4,0.23740734004396133,0.7198049847728615,-3.207662846692422,0.39592534936173435
0.010306790811866756,0.015120184766348525,0.008062766834276388,-4.831947669722817E-4,0.23857442113989097,0.7425911679521285,-3.210872375998426,0.3761451792395621
0.010267582692062387,0.015120086118517359,0.008070603173870991,-4.218817284562711E-4,0.23998741095132606,0.794218069878487,-3.2114766289752077,0.32726451720847377
0.010247317529571746,0.01512989671062214,0.008055237032236996,-3.884698332425422E-4,0.23840535592931802,0.8144175798458081,-3.1987625732882674,0.2997394879314055
0.010225140233864288,0.015131162160639235,0.008056325328355344,-3.5361121642003287E-4,0.23874385851706884,0.8424210020480963,-3.196621067717,0.2719555017249708
0.010289462480183252,0.01512750816378932,0.008052187549469528,-4.546736248291586E-4,0.23745325644780182,0.7608284775122953,-3.201858805863915,0.3526826962126633
0.010184754848524939,0.015134385473908161,0.00805568073692114,-2.900194119230273E-4,0.2392743816724964,0.8926887555185136,-3.1906342670446395,0.22106420681804864
0.010161407053863362,0.01513503600127928,0.008057123223792597,-2.5340634787488744E-4,0.2397220476017279,0.9223645073629235,-3.188185293052489,0.19198071335462993
0.010205582626026161,0.015154692788187697,0.008013979708916402,-3.198024677496464E-4,0.23407089793460484,0.8519917421188284,-3.166109021195723,0.2430499924290139
0.01004827469614312,0.015115729428426946,0.008102428573818128,-7.660658424903924E-5,0.24706490401348666,1.0830221430273428,-3.199161909130384,0.05299441039416564
0.010029897483139347,0.015120830404576608,0.008092943871379103,-4.741016036014279E-5,0.24605450127976175,1.1024767791572596,-3.189627189352692,0.02952827730256149
0.009996006745146536,0.015127506317984683,0.008080173939901104,6.0999131810348995E-6,0.24510263292770693,1.1401527970479168,-3.1749008189982266,-0.013270668303676592
0.01001401939091264,0.015137564711195938,0.008060664020284406,-2.2211457357347257E-5,0.24240421221207933,1.1089611333815685,-3.1657019526517374,0.008528126971594706
0.009975201890044371,0.015139859885469117,0.008055962699862721,3.8628275797574384E-5,0.2423861804331124,1.1560132640664966,-3.1552039498606628,-0.03968691141216348
0.010849028215586141,0.015067445616294965,0.007949603406427669,-0.001331822247716698,0.22286960571632464,0.048920851022902063,-3.157898783655566,1.0554987991824876
0.010611918132884774,0.01509997324244492,0.008006105958313114,-9.605955738427908E-4,0.22938357516374278,0.34979483109475806,-3.1951287573018017,0.7581247734866311
0.010630038089188554,0.015091359697803994,0.008014677778456386,-9.917691399288669E-4,0.23031563059407287,0.32916110310447294,-3.201481200739599,0.7840569806530885
0.01064717270002908,0.01509225025536585,0.008005582375647214,-0.0010173976339096218,0.22912193629781,0.3062384879887985,-3.1958321961614367,0.8041820748083218
0.01066741081189135,0.015091306057541304,0.007998341681524206,-0.0010484511384689019,0.22825408460370208,0.2798980384307382,-3.1913947190098635,0.8288687371009189
0.010738308150944707,0.015078315631830411,0.007988846729168423,-0.0011613965765377018,0.2269825626101594,0.190868784826377,-3.1858137353573244,0.9199542351210263
0.010720065159862936,0.01507564848491584,0.008002840303504627,-0.0011352905521757521,0.22863963540646481,0.2156807343762502,-3.1951834675153177,0.8998381550967691
0.010688543988261499,0.015090596382414459,0.007989975737087714,-0.0010806577456992682,0.22726970858722614,0.2523400293864724,-3.186120997844928,0.8544167133901751
0.010707543804411423,0.015088839137999627,0.007984291607181181,-0.0011100716419652696,0.22657163558088683,0.22796930553362654,-3.182526790034442,0.8778882405293554
0.010591153982537281,0.01511456290252076,0.007987129498611053,-9.231677090723644E-4,0.2274469508181773,0.371323472572413,-3.1816146625705177,0.7265254142188308
0.010765890923216323,0.01508892103734778,0.007955199665479836,-0.0011971942282554995,0.2234207942067667,0.15168492983764859,-3.1629955942800962,0.9464181569836818
0.010825073745650013,0.015081303419367422,0.007937652279071493,-0.0012887664316132994,0.2215633863791154,0.0768248044273858,-3.150401888010414,1.0194426900390903
0.010781761581570928,0.015091353830228409,0.007942480626179811,-0.0012194525934972498,0.2220149386894489,0.13038978071684484,-3.15429424141472,0.963512251322971
0.010802150109025264,0.015089163646543967,0.007935708720012967,-0.0012507162978168246,0.22126121340295316,0.10455928822201817,-3.1494885327770956,0.9883664039164185
0.010750930385432952,0.015095757752759334,0.007950182161090375,-0.0011714972705920061,0.2228865389833408,0.16920343772039292,-3.159662742221231,0.9251429363306386
0.01054013295276233,0.015108123545966952,0.008018731632523904,-8.47917533614752E-4,0.23125678013261575,0.44110318803459686,-3.2005539377666463,0.6676965263451714
0.010564391661584176,0.015121829792879288,0.007983873564704529,-8.797780661980039E-4,0.22718435378862314,0.40334767112601766,-3.1783059451265223,0.6912138837887463
0.01049249601257684,0.015098479780735037,0.008053774307615133,-7.779927234500766E-4,0.23565612305616687,0.5085823195901642,-3.221352493312391,0.6134366694015836
0.010419026432388113,0.01511445977692516,0.008046083149961102,-6.592661745960749E-4,0.23540554803360506,0.5979627055176421,-3.210750527501171,0.5169866980640974
0.010434178624603815,0.01510850981333108,0.008053054963071425,-6.84485109658551E-4,0.236120598033925,0.581022704455582,-3.216650953043575,0.5377706864045141
0.010449704127055074,0.015111981534339118,0.008041760294836378,-7.074757011278763E-4,0.2345751415313911,0.5586731012330254,-3.2102684109764645,0.5556854143318518
0.010471270637764932,0.015107209472405545,0.008044105842697312,-7.423058824897641E-4,0.23472517717187966,0.5325166982109789,-3.2134126909205016,0.5839659259108787
0.010411149711714522,0.015132128299710898,0.008014623123522581,-6.421480468837168E-4,0.23184724523595493,0.5989393129586807,-3.1889895075655392,0.5013861295845032
0.01051360430280083,0.01511326634799119,0.008018458953186017,-8.054433871221314E-4,0.2314237987976282,0.47373584846285505,-3.1989060463505266,0.6333505739465105
0.010384458964565066,0.015129993750686216,0.008025833647018777,-6.015622264624508E-4,0.23342323698899065,0.6349785213850511,-3.194141811871905,0.4693629345546898
0.009839236588783823,0.015097406839752822,0.008129515330107731,2.5623866622745064E-4,0.25406033194982514,1.3649867709869266,-3.172498354869066,-0.20904389572412738
0.009803611977407358,0.015105625663631404,0.00810889201470711,3.117207843742615E-4,0.25200295966058667,1.4011077326819332,-3.150661171384055,-0.25290242651360545
0.009821362756766554,0.015102767425956913,0.00811684927878407,2.8398073671143884E-4,0.2527182603513202,1.3819894391082863,-3.160096610334492,-0.23104498814451446
0.009786501443145607,0.015106679767027703,0.008104343380494062,3.386266056897988E-4,0.25168735858957336,1.4210837440655817,-3.143475795884506,-0.27400573582176907
0.00977093953913187,0.015103954007295861,0.008107222158776324,3.636466507436928E-4,0.2523891350216416,1.4428686453431434,-3.1412922775853036,-0.2934754267620149
0.009723230663487755,0.015105033274161081,0.00809657989791321,4.38733535883281E-4,0.25183375640966776,1.4995858581503991,-3.1219278974796456,-0.3520516267634764
0.009755878432504302,0.015109739958885246,0.00809341788775655,3.8644441468378574E-4,0.2508298620839912,1.4553246019377912,-3.128698765615383,-0.31147374020435276
0.009739966129173817,0.015114265704402018,0.008081780930907445,4.1067007095467423E-4,0.24950709185497386,1.4698971895599986,-3.1172271038789274,-0.3304463664351043
0.009851619227317171,0.015112891493130626,0.008100598803454944,2.3488932668800296E-4,0.25007299928141874,1.3346585890256044,-3.1570361517108,-0.1929389230436016
0.009914829955616353,0.015113952411963283,0.008103829853906784,1.3478511850001116E-4,0.24939697596526703,1.2546050371921498,-3.1734183136788396,-0.11417997864869682
0.00993231006382081,0.015125043361631304,0.00808319930796106,1.0655430048345532E-4,0.24646631693705115,1.222737390347148,-3.1639896302703927,-0.09247275404912253
0.00989477133318124,0.015122184720759088,0.00808641131712136,1.659139589439952E-4,0.24750747864553604,1.2722568661919784,-3.157867805529549,-0.1391035978816457
0.009936480209104183,0.015144074876681523,0.008046523474743704,9.908815171151845E-5,0.2418635670812282,1.2007855063070232,-3.141326577329177,-0.08753459836212046
0.009870000849201116,0.015126610100597598,0.00807572275389181,2.0454488246234023E-4,0.24659892652765275,1.2989416366756543,-3.145501593643473,-0.1696432377903782
0.009953778799470098,0.015156237878486592,0.00802378412233915,7.161874707620868E-5,0.2388171941320774,1.1688737436250987,-3.130331685640986,-0.06652254921382705
0.008754083636373717,0.014933152040861165,0.00790413441362023,0.001996016315059336,0.23742612370701252,2.6939316854240456,-2.5971386198227733,-1.4928204348294136
0.008766920102643079,0.014944353360456318,0.007894977326643465,0.0019686503796339594,0.23599962958837434,2.6661853236324373,-2.6012163051540824,-1.4731531323147082
0.008539168637017664,0.014875005427776145,0.007805924125819861,0.0023388411353285825,0.2228325689787913,2.9213150984553278,-2.4103055051784406,-1.7154802258946693
0.008569902347069393,0.014884038118328832,0.007820792685915024,0.0022897503718605195,0.2251319127634571,2.8895750896241412,-2.4383438596369356,-1.6844371086988457
0.008549636976496992,0.01488847932372297,0.007793052072975127,0.0023118008937709177,0.22110078561167693,2.8917003600765234,-2.4133095132014044,-1.696110195835397
0.008600306666085925,0.01489324939892782,0.007834328373877401,0.002240714758901589,0.22721925979734228,2.856986772510521,-2.4652982117221303,-1.6530294665061092
0.008580379477294295,0.01489820073567211,0.007806380938210635,0.002262160216741244,0.22317697179709697,2.858626291179163,-2.4404512064752635,-1.6644737595603105
0.008610978251385763,0.014906741150491504,0.007820926587910266,0.0022136600789085664,0.2253996495430686,2.8270570158241255,-2.4676149515610937,-1.633466571252782
0.00873324814077917,0.014939497372307571,0.00787462250715301,0.0020191575866666165,0.23326250745245639,2.696694733788713,-2.571116909937135,-1.5062614317048462
0.008693301115071165,0.014935466878140027,0.00784643986406032,0.0020770412820734618,0.22931125929187296,2.7288428355572467,-2.5333963935728474,-1.543414488802548
0.008709087577000108,0.014943871470403354,0.007845581000610051,0.002048205826554621,0.22914835575414602,2.70456023260688,-2.5432764052584758,-1.5236428572670984
0.008676956333392275,0.014937074241015936,0.00782887620366836,0.0020975961267425715,0.22682450353409792,2.7359759035977973,-2.515407346876256,-1.5558025301405172
0.0086212269585244,0.014921520814156698,0.007804779691999064,0.0021861242617190525,0.22334939703900983,2.7952831242303904,-2.4683736684289954,-1.6133359466899468
0.008655488244761367,0.014932552992036718,0.00781727819096565,0.002130424306675177,0.2251928872845505,2.7565040553239943,-2.4965017391327513,-1.5769634543201252
0.008634026120085795,0.014934033300331925,0.007794877171748105,0.0021575375800047024,0.22192991448699972,2.7662548748932947,-2.473162199574686,-1.593108854377072
0.008255755865829663,0.014747777712392773,0.007707734915008645,0.002831568437734091,0.20427138031434014,3.2639704003294407,-2.143115471112301,-2.0199595438679068
0.0082705032523886,0.0147543295583041,0.00771463712057003,0.002806265345749678,0.20558562642393455,3.2478137463778025,-2.1586139050245348,-2.005199814382308
0.00824071259663907,0.014741958521168103,0.0076991005390397655,0.0028562938038073755,0.2026757591070212,3.2785692285738537,-2.1267995053686675,-2.034046310739964
0.008226687562444327,0.014735600917251682,0.007692399457983619,0.00288042540299753,0.201384143674975,3.293828047802877,-2.111817510964076,-2.047964412643376
0.008273045217059303,0.014772301725629877,0.007688225789607982,0.0027819595663882437,0.20222497734075492,3.211755873775124,-2.1545009163879705,-1.9859459288843253
0.00828938410656509,0.014775704928621944,0.007701839809119736,0.002758562824560676,0.20441839655319258,3.201261300687824,-2.1728074461015185,-1.973309616523293
0.008303349507683104,0.014777928240526192,0.007714473872321911,0.0027392635683206904,0.20646518024350097,3.193433687117509,-2.1886826747791552,-1.9630236001238104
0.008376253961629202,0.014808955654275433,0.007745904004813633,0.0026152201926135208,0.21223014605350737,3.1118246349097043,-2.2611636852827064,-1.8884942946730319
0.008496740807763385,0.014848037845287095,0.007809190053326325,0.002421250393048109,0.22274158539518302,2.990900155842596,-2.379220521834316,-1.770363270512167
0.008458419239265616,0.014851619087725466,0.007762944235199993,0.0024663735615742463,0.2159815665897495,3.0005763800776566,-2.3336819349673408,-1.7943222854986978
0.008476885523756405,0.014852801763241934,0.007780317218725041,0.0024417093248636193,0.21865081587668841,2.9906649752805845,-2.3539388049547902,-1.7803321492163857
0.008384487978195446,0.014825989071757743,0.007726494883385739,0.0025862045358681497,0.20982606977125132,3.076585134173067,-2.2623125423872215,-1.8672806288775583
0.008415131928370213,0.01483652055990774,0.007742264826212225,0.0025367826839070955,0.21251204850354558,3.045797848242153,-2.292375004580617,-1.8374907582246287
0.008395377551054229,0.014840734516543677,0.007713754504104248,0.002556659100389815,0.2083022992560184,3.044978731447811,-2.267428477833349,-1.846600702563429
0.008441891530505286,0.01485018563058583,0.00774788134660052,0.0024886958722319095,0.21373166501835292,3.009916897131648,-2.3156599361821173,-1.807013146603072
0.00842406171134744,0.014851546095228615,0.007726574943604121,0.0025095091923427962,0.2105172790642449,3.014288154055429,-2.2945910390647186,-1.8178504252114125
0.008333426930134155,0.014793941229437528,0.0077226412892801985,0.002684526856798607,0.20824434401255054,3.154038980719448,-2.2175938335255956,-1.9295280333979912
0.00831516869596528,0.014789142895846374,0.0077096475516503565,0.0027120812146544985,0.20607365002970174,3.168437068419096,-2.1979774886088292,-1.9451372341236135
0.00835596266426948,0.014813532554406412,0.007715581906144741,0.0026349752950233537,0.20782637042893218,3.109605731547901,-2.2351118603897935,-1.8969984481335456
0.008338076702693988,0.01481162807677106,0.007698620465339908,0.0026588199954431057,0.20514559610595098,3.1186676173814085,-2.2149920196036343,-1.9098175019948769
0.008507404098381004,0.01486528401891615,0.007790486201570183,0.002389742519673259,0.22038843668339678,2.954083583965246,-2.3809355395755527,-1.747390997520654
0.00851828201252488,0.014879281398840434,0.007777492364189912,0.002361511164524432,0.21869528920951561,2.923399851879559,-2.3845451359621292,-1.7272712286698575
0.009705435186407707,0.015115009719798879,0.00807360288465668,4.64674921268334E-4,0.24913471154107694,1.5104238647389145,-3.102786229824225,-0.3724258318849623
0.009670536479740253,0.015113938485320503,0.008068041425483006,5.194948456402527E-4,0.24908802364832075,1.5528483977924206,-3.0895690375545084,-0.4148286383473854
0.009686340926824417,0.015122143738382582,0.00805571497112488,4.929905858039091E-4,0.2471058495255502,1.5254964771113553,-3.086461649387604,-0.3944352561625514
0.009634735932282198,0.015099437381326436,0.008087456846985598,5.790463113779831E-4,0.2522177316764412,1.6107453010495674,-3.091008456299055,-0.46067957564453416
0.00964965467639601,0.015121912483412015,0.008047662170702616,5.501347105823731E-4,0.2467704445460536,1.5686783390259598,-3.0710783253703204,-0.4385667137141535
0.009609957497149036,0.015108326293780068,0.008063655505045892,6.153981385909646E-4,0.2495253774391972,1.6296716052265057,-3.0690339184152724,-0.48871256871541396
0.009566896936780221,0.015111093923067118,0.008045937889592259,6.814552175425457E-4,0.24795016962019667,1.6758514424698017,-3.0450038375268864,-0.53933409472409
0.009587739811883813,0.015111909683217246,0.008050506493134534,6.489224886129943E-4,0.2481389125945952,1.651180503791524,-3.0542576530810233,-0.5144373142835094
0.00951888072529991,0.015077239737111964,0.008096060089016621,7.669669106095651E-4,0.2554198157743975,1.7700620408929753,-3.0593897172227997,-0.6048359912501816
0.009499944596281387,0.015081549266998917,0.00808115891845152,7.949907560620791E-4,0.25372841298472176,1.786181814807284,-3.0440750021802754,-0.6261153876863513
0.009481407605159432,0.015082843741116181,0.00807202243151449,8.233106761653448E-4,0.25280949853903506,1.8052785215541547,-3.0322725926870926,-0.6475864325542126
0.009464044624594227,0.015080829471972257,0.008069489990891132,8.50952116847116E-4,0.2527599759308339,1.826962591779564,-3.0247080519765572,-0.668541935899844
0.009449564029984828,0.015076712272618533,0.008071922242616946,8.749309000396791E-4,0.25334674939148033,1.8480262392550681,-3.021001138391012,-0.6867511185931245
0.009369035016648063,0.015073711180727306,0.008044393087629746,0.0010000942083277285,0.25082285952541045,1.9386177824402007,-2.9751698679901786,-0.7808357187219511
0.009387456082437722,0.015071023495503067,0.008057563364280602,9.73020638578153E-4,0.25245722162591977,1.9225408460953601,-2.9897482000886226,-0.7607029467434085
0.009405776553554263,0.015077036789121093,0.008053736410607837,9.423358576617834E-4,0.25147704213079014,1.8951956235500151,-2.994395741032108,-0.737514006450615
0.009430454405629961,0.01508203192128797,0.008054170527997605,9.023417329880219E-4,0.2512318641408134,1.8622301680178965,-3.0037063679936606,-0.7073216393226217
0.009347275287464431,0.015069493328141188,0.008042719711370576,0.0010352402039143103,0.2510478358271829,1.9669567390509746,-2.9658194018420265,-0.8071360128392975
0.009530232644426526,0.015093470295379557,0.008068394449525035,7.438607893709778E-4,0.2515048109860621,1.7378490504464665,-3.046630237537894,-0.5870912948875181
0.009547351490393907,0.015105662952051483,0.00805037078885032,7.133899959238677E-4,0.2487650719051672,1.704246561386985,-3.041450430236807,-0.5637458134970128
0.009553290161723385,0.015128629836517969,0.008008109692277587,6.970703676234734E-4,0.24318027477500817,1.6711198408177028,-3.017994796518597,-0.551141298533265
0.008941043208046291,0.014977406835672155,0.007973355220475202,0.0016961121472160846,0.24633348542927322,2.4820607113463957,-2.7396453324701677,-1.2874312884475563
0.008952849697941643,0.01499065847960191,0.00795749619123925,0.001669361359266018,0.24398195496969158,2.451266294995747,-2.738328278268179,-1.267387793484293
0.00891967275198648,0.014983531050829358,0.00794612068216831,0.0017222542826833829,0.242653371201439,2.4892287088573446,-2.7146226812373624,-1.3042813795656265
0.008880105159012126,0.014981838126054742,0.007919066014993066,0.001779822917900699,0.23911318575698065,2.522580085079739,-2.679497643320709,-1.3431851852653285
0.00889658504740063,0.014989963957314395,0.0079168672317975,0.0017502606808138567,0.23863840198598046,2.4968565496572848,-2.6877522121167243,-1.32220598864393
0.008863659795259774,0.014983450041204525,0.007903328698009608,0.0018017573740945964,0.23697309333571512,2.532299887042971,-2.662739939377172,-1.357508804446744
0.008773678784891258,0.014962637098614078,0.007867835582403114,0.0019438332218057702,0.23227527625872252,2.6306576260370345,-2.593394676326842,-1.4537810797235597
0.008806530268125464,0.014969731001980763,0.00788237819901546,0.0018925502933292051,0.23427748174546184,2.5962072862805594,-2.6197523287606366,-1.4193820440174247
0.008789097327783366,0.014973801888672434,0.007860680473479487,0.0019132911142738108,0.23116343852611615,2.6015564155325532,-2.599584284294403,-1.4320905421300385
0.008842104552388572,0.014980033334169028,0.00789251087544509,0.0018346786041098363,0.23558586031539772,2.5537330593155994,-2.645329821209927,-1.379769146562095
0.00881919867297459,0.014982096594807988,0.007870402892574825,0.0018649155544553278,0.23249409886759215,2.566827567749091,-2.6218601534479564,-1.399213373980963
0.009165695243224135,0.01503844713649773,0.008007564979391058,0.001325641547786025,0.24877183971902986,2.190965771367022,-2.869759369782411,-1.0213342597887054
0.00914523002781052,0.015043226590158738,0.007986538812137891,0.001353268130475286,0.24606267655408567,2.2032986136882937,-2.849131980766121,-1.0407885429643915
0.009301221005420255,0.015051390894955814,0.008055602696332298,0.0011141107941755161,0.2535358258252161,2.038917449500097,-2.954776634929903,-0.8663504980624085
0.009183641231641811,0.015044765145964955,0.008005942288551714,0.0012952201120709158,0.2482715056243067,2.164818250191875,-2.876962523197509,-0.9989604469428238
0.009225914838366494,0.015047788587328786,0.008023648275062592,0.0012301371666401395,0.2502137414119163,2.119540512799054,-2.905260500820778,-0.9515603443719405
0.009207359902890056,0.015052014411635565,0.008005507813762662,0.0012556916559237892,0.24790591200322118,2.1317172333404035,-2.8872391870457688,-0.9698568252651912
0.009280396114306325,0.015055671715030935,0.008037069330653917,0.0011436736552114053,0.2512770191391054,2.054303414108587,-2.935789394017536,-0.8878812610347414
0.009240972330870192,0.015053202716194649,0.008021415513193795,0.001204563153119591,0.24968474985327718,2.0971425753665387,-2.910503647888581,-0.9325869358695992
0.009259986308259145,0.015056019352107791,0.008026000927990051,0.001174400804493698,0.2500307555299273,2.074344818534884,-2.9211016903246576,-0.9103816908075969
0.009319508459453243,0.01506956775095669,0.00802966091772757,0.0010774968413931002,0.24966784678441004,1.9956337832461268,-2.947492799248739,-0.8384148668197408
0.009084603811603146,0.01503286162211535,0.007968775273213049,0.0014490127421644535,0.2443037724300737,2.2738402369899107,-2.81125930788633,-1.1097032527550412
0.009122928678456885,0.015064597292839321,0.007933276424282194,0.0013733268289715624,0.2391440561108768,2.1930438541617403,-2.810782182543673,-1.0531634240376413
0.009100239072589526,0.015049224459473353,0.007948051162415802,0.0014158612850395647,0.2413094529179751,2.23575242998419,-2.807928060712854,-1.0847336671033394
0.008962378266305679,0.015004469443334962,0.007938883969420408,0.0016456731964543047,0.24133493471488918,2.421745200785636,-2.734286914539034,-1.2494407523490354
0.009018340773251681,0.015016107441247453,0.007956448643324522,0.0015567303108441814,0.24324877702954076,2.35702274935154,-2.77213833231566,-1.1867805830390106
0.009005123732995978,0.015011787100812232,0.00795541636540082,0.0015788567538721015,0.2432789828588408,2.3748777553597935,-2.764865574195124,-1.202592244662306
0.00899013567528458,0.015015370683409583,0.007938397858900088,0.0015980336372798732,0.241036877475302,2.3819346360429656,-2.748604093596214,-1.2154254602946928
0.008974362199838017,0.015017044669324962,0.00792424865575182,0.0016195343727610921,0.23911054276808494,2.39237576297677,-2.7333898764389377,-1.229965713248313
0.009062799869856362,0.015037211319912078,0.007946721903085848,0.00147809711647551,0.24148829195116717,2.286673831578538,-2.7893029263565734,-1.1297067907249472
0.009039253440623304,0.015039587336800104,0.007926950650942372,0.0015107195934361353,0.23886826077382892,2.3035643995509525,-2.7676620027330867,-1.1522234326650607
0.009023295127987286,0.015032684846581382,0.007929094648365517,0.0015383571421230596,0.23950255285676653,2.327561007301784,-2.760785854577224,-1.1722009466765364
0.004835411793593584,0.01027199032646201,4.2683528151976055E-4,0.008120326952216384,0.07852694953501681,0.24924922794516433,2.4799817939034465,0.4323109147484851
0.004838152501597918,0.010292946510358508,4.599646334471636E-4,0.008120155286356495,0.07256485752822883,0.2709980039831879,2.481384776786475,0.41060807309374103
0.0048413090549039115,0.010376220938335295,5.901525260465676E-4,0.008108164358592988,0.04781726869275809,0.35589058668303286,2.47904801544755,0.3224989191188818
0.004829209876050013,0.010315815761698429,4.940320928736658E-4,0.00810602776748748,0.06457304792045294,0.2924477150707708,2.4732286601221367,0.38395661782589474
0.004839009721989029,0.010345606668970976,5.421302716429504E-4,0.008111723851330912,0.05676575035006905,0.32447602786357493,2.4793364736880146,0.3545818366623927
-0.005025063587557755,0.010916883680235743,-0.0014964817779777352,0.008121728589529495,-0.10833319239309826,0.9507213142223722,-2.5260089392837437,-0.2204656978227297
-0.005028717396466216,0.010932385378839213,-0.0015221637047743346,0.008117741080744785,-0.11286019252011496,0.9676179289975396,-2.524402424008524,-0.23649114760910014
-0.0050347147149291645,0.0109639986174246,-0.0015736822211959228,0.008107470564721412,-0.12193645744923058,1.0016756926521184,-2.519641188290653,-0.2693994286232539
-0.00503141929864205,0.010948110216001882,-0.0015476509583431562,0.008112378633926403,-0.11739533242482215,0.9844764479150298,-2.521860782687258,-0.25290487608584483
-0.005037022155838458,0.011068136231398962,-0.0017316719913155615,0.008049205962180964,-0.14970944871030467,1.108272594095293,-2.4866162872448005,-0.3798717567058376
-0.005034222867320425,0.011051516822759533,-0.001705239567290777,0.00805610665480014,-0.14528602370286192,1.0905239737856218,-2.490235767187571,-0.36259448130306654
-0.005031640851680157,0.011005514515628938,-0.0016347989834971347,0.008080347771768717,-0.13307360270834348,1.0430233705192586,-2.503830766421838,-0.31407689339567657
-0.005031619861957829,0.011019449407300416,-0.001655734138962922,0.008072202412893846,-0.13676833398962576,1.05717313005689,-2.4991625835666196,-0.32889465339378937
-0.005032102370624826,0.011035296660232579,-0.001679756406022973,0.008063391888396353,-0.140956256682804,1.0734013502024633,-2.4941524499666703,-0.34565499120932436
-0.005023448213044025,0.01097519348013832,-0.0015843788820632822,0.008088113151040967,-0.1244719089921766,1.0096543681051018,-2.5069825962439682,-0.2829104085705487
-0.005022877575408371,0.010992399994896622,-0.0016100168871356032,0.008077718615028482,-0.12909104836121507,1.026957917899157,-2.500996298795267,-0.3012865621187067
-0.004951243646709348,0.01071778613254897,-0.0011549245345635307,0.008129076676584752,-0.04919459360379529,0.727667581830905,-2.5169630904176254,-0.019810939261471646
-0.0049507787287155726,0.010758233824543257,-0.001217155756923751,0.008111538752944604,-0.061202722292457455,0.7686045878143813,-2.507707464669319,-0.06303216295374323
-0.0049442706992392955,0.010742034224266665,-0.0011894579095157733,0.008110937723616507,-0.056493620312653745,0.7504521563909146,-2.5061865859328365,-0.04688464206003967
-0.005007277081734085,0.010912237438780344,-0.0014800324959251335,0.008103463698282493,-0.10640819717324353,0.9407652110721582,-2.5130231053182244,-0.21814578054391245
-0.00498918582064656,0.010804489562472526,-0.00130564031093018,0.008135444033436806,-0.07490757589188972,0.8259593519181943,-2.527337340321296,-0.10595758265800002
-0.004982018828828576,0.010822830305170013,-0.0013305891000187332,0.008118573484692871,-0.0802476227323843,0.8426562453536083,-2.517055039121788,-0.12671869032897518
-0.004988968951414146,0.010907141894035492,-0.0014627455559162329,0.008084906471217125,-0.10439434597804732,0.930212679340748,-2.4997509526399253,-0.2153951007214547
-0.00498491872962665,0.010891078045128398,-0.0014362960405855144,0.008088485698456807,-0.09978997160460755,0.9127496926628816,-2.5010875058835755,-0.1989232277523277
-0.0049816058267653455,0.01087466202751084,-0.0014096723241131918,0.00809294169680194,-0.09510089122004518,0.8951547896714572,-2.503011935247816,-0.18197379260070293
-0.004979675605482458,0.01085759943508806,-0.001382718781758019,0.008099156173143574,-0.09022215885105404,0.8773036469328722,-2.5061086469424665,-0.16412513608483922
-0.00497960452301328,0.01084023042214575,-0.0013561378297405483,0.008107501727610282,-0.0852488474621748,0.8596594675302031,-2.5106508062681283,-0.14564923614997163
-0.004974235152777334,0.010792222298783058,-0.0012798675286071256,0.008123670099411326,-0.0712056498304236,0.8093979301125955,-2.5184062382344323,-0.09532423817519987
-0.004963957217888815,0.01077977447973613,-0.0012560760128216633,0.008117342491441484,-0.06753887925264748,0.7939723653877344,-2.513193216641015,-0.08375555264716184
-0.004947972484287341,0.01077395289284815,-0.001240060771422658,0.008101444373465197,-0.06581046065249592,0.7837883619132561,-2.501843294800174,-0.08023866000175774
-0.005040879106047301,0.011086518650524093,-0.0017613216669301337,0.008042260755174549,-0.15461382610381214,1.1281563840018372,-2.4830977109249317,-0.3988910703601346
-0.0050741799756329,0.011150995584229136,-0.001878043834553044,0.008039148377261484,-0.17309516926285554,1.2049218603415615,-2.485997874036402,-0.46362053392424835
-0.005069876233239551,0.011135250594508516,-0.0018519747958536963,0.008044573942071498,-0.16893045847955257,1.187449495239784,-2.488616508346809,-0.44737514277174156
-0.005052529324252462,0.011130349670421645,-0.0018334064103448895,0.008027715386379692,-0.16631386336652484,1.1764293151098715,-2.4761227029510375,-0.44397348248132357
-0.005035231774099019,0.011106709285476966,-0.0017875335127503415,0.008023010652631807,-0.1592467183140577,1.1465811396739125,-2.470894273129796,-0.4207885970929642
-0.005035394535830737,0.011124526904165767,-0.0018137518982794445,0.008011772079975695,-0.16355540223596532,1.1645431039422285,-2.464199508705748,-0.43951323173746154
-0.0052155779872825325,0.011596578030278028,-0.0026173578372253206,0.007844282972168883,-0.2757401753619125,1.7118981858522382,-2.3792666935699676,-0.92483894101324
-0.00522608544845506,0.011627585439140005,-0.0026681002998227067,0.007826786339009182,-0.2813921135563684,1.7476422700690029,-2.368444928784033,-0.9570313896145365
-0.0052202285568175785,0.011612399446053875,-0.0026426019842679276,0.007834631058846596,-0.2785835466943936,1.7297484406306955,-2.373185897538937,-0.9412384123410394
-0.005178316597520267,0.011533076557927449,-0.0024986801194948893,0.007860319257109076,-0.26102680668861183,1.630863655319791,-2.3856503322066973,-0.8588508310451868
-0.005183299359351153,0.011549173372476414,-0.0025246794916452702,0.007851466288111848,-0.26414042553718176,1.6490539960160804,-2.380261712424445,-0.8754560156042067
-0.005189518268189054,0.011564298388924801,-0.002550460400363833,0.007844730683500263,-0.2672267889695637,1.6669327254105344,-2.376416556386381,-0.8910869037038968
-0.005195017727332179,0.011578606319167158,-0.0025744699410941703,0.007837788474816781,-0.2700828134590973,1.683678391113407,-2.3723312395253426,-0.905887840554704
-0.005198959625739087,0.011593476579760982,-0.002597737011002997,0.007828436672972812,-0.2727013329140208,1.7001338694398138,-2.3663849637437075,-0.9212097424310345
-0.005106188615808766,0.011274002505437267,-0.002079508980892382,0.007989681460212705,-0.2042978902372343,1.341227399520825,-2.4603180513973797,-0.5908991311352838
-0.005101455757587312,0.011259399641184381,-0.002055027300831866,0.007994962508183275,-0.2006520075752125,1.3246688906708615,-2.4629509881948337,-0.5758559609688979
-0.005096374777183987,0.011285550347909706,-0.002088741595600771,0.007969818004976276,-0.20570652989345498,1.3489432678309539,-2.4466536960293954,-0.6037013836105407
-0.005160345889384706,0.011529274407861586,-0.002477572247454761,0.007843447277658787,-0.2579594385668351,1.618072874169752,-2.3722268820341967,-0.8546437881621222
-0.0050969564177207,0.011299081931820547,-0.0021084187694447158,0.007960356339903467,-0.2085895861472755,1.362707318627603,-2.4407988219728782,-0.6178372990605993
-0.00509853707260166,0.011315035080014186,-0.002132196850157687,0.007950091794569958,-0.21204753692126524,1.3792609091442705,-2.434528366038608,-0.6344175814860153
-0.005101506511071642,0.011330966298476608,-0.0021569186582913323,0.007941282213489486,-0.21558913364652474,1.3963403451048935,-2.429316343815412,-0.6508804953271308
-0.005139182288485394,0.011438818722204753,-0.0023369965338691707,0.007897548401271772,-0.24035295898147946,1.519619164162693,-2.405731056415973,-0.7616791120460532
-0.0051405445239949225,0.011452646290427028,-0.002357056965536525,0.007887478369368477,-0.24291504281269985,1.5338368347123204,-2.399283159748389,-0.775945551028574
-0.005157368880880109,0.01151295342307991,-0.002453124992902214,0.007854525303369051,-0.2550670486930422,1.600786199168646,-2.3793406100834247,-0.8379263499174102
-0.005156276718655795,0.011497529999764706,-0.0024314363916627603,0.007866792166502356,-0.2524306669118052,1.5852570023322472,-2.387417669586799,-0.8221090781386116
-0.005148952326508903,0.011483864680036765,-0.0024066365831963035,0.00787036109860423,-0.24926459862496406,1.5683677365961983,-2.388951361099053,-0.8080457156027755
-0.005143831361304904,0.011468503754681754,-0.0023814316075579625,0.00787774573729856,-0.24602069780187838,1.5509153995113902,-2.3932488769826414,-0.7922596960877417
-0.005105193332023935,0.011346633572132331,-0.002181758829047555,0.007933344643193516,-0.21910600341414788,1.4134460898870833,-2.424716758250151,-0.667023558812965
-0.005109101140338108,0.011362300723231062,-0.0022067166139103102,0.007925509753950509,-0.22260217503335253,1.4306403977388102,-2.4201812871284645,-0.6831517643139905
-0.005127900445858084,0.011410364464117913,-0.002288514037505552,0.007908270891441124,-0.23383964229948312,1.486431574532689,-2.4113519562686587,-0.7324420552852344
-0.0051292812054302105,0.01142659705660309,-0.0023119929839801392,0.007896478072152572,-0.23691851118004892,1.5030430885416526,-2.4038341042058398,-0.7492113347606966
-0.005112915359577494,0.011378582845816903,-0.002232400575377077,0.007916927448096404,-0.2261417591507899,1.4483981804830452,-2.4151258265881723,-0.6999171503799356
-0.0051172157838373375,0.011396963281583936,-0.002261313089415785,0.007907038764154264,-0.2300758628771016,1.4684281449622014,-2.4092533117350463,-0.7188316541064496
-0.005082928149043026,0.011181072652922886,-0.001928131010536208,0.008028974252001468,-0.18105630743375076,1.2385342005331188,-2.4811402773265314,-0.49462985679297544
-0.0050783661818478015,0.011166380873485928,-0.0019034790007184555,0.008033678769430492,-0.17718442627460937,1.2220122682805583,-2.4833264850527192,-0.47951260684977176
-0.005072584449723085,0.011192416329953301,-0.0019375814770865893,0.00800922914934621,-0.18274606842466545,1.2462370404477192,-2.467767111213241,-0.5075725260687862
-0.005072646188100055,0.011206725771335448,-0.0019583875188297763,0.007999379883150618,-0.18604558603859886,1.2606687157627048,-2.4617793631860825,-0.5226437237224316
-0.0050739918615129555,0.011223619441192718,-0.001983736640219715,0.007989067401542359,-0.18995734809746925,1.2781374209567502,-2.455635338566332,-0.5402885885851894
-0.0050867955552591545,0.01125575178304336,-0.0020391005852179937,0.00798074343836031,-0.19830433433284153,1.3152968387609847,-2.45219157455871,-0.5730788095747078
-0.005076726809054617,0.011242303623412808,-0.0020125461323701865,0.007978898733867347,-0.19435701770410568,1.2979114534811256,-2.449724361256411,-0.5596893573352547
0.005409172300865975,0.012126010341255737,0.003460797806720394,0.007474446606287116,-0.34015684343078667,2.317772294981419,2.1219682602711853,-1.4668225575704044
0.005584880685341337,0.01243582001448301,0.003989423417397269,0.007231718509226611,-0.35070953075123135,2.7011360761108096,1.928379052513199,-1.7844973856350295
0.005599537464754512,0.012463533544419864,0.004033538045578554,0.007205445207236031,-0.3501285234096647,2.732840892315736,1.9061480788550609,-1.811460279369937
0.005592189569652919,0.012449630515937631,0.004011458213906299,0.0072187010539005335,-0.35045968382663645,2.716990712333326,1.9173856542321792,-1.7979716235268903
0.0055463322542183,0.012394208962643916,0.0038993008287004165,0.0072544467996461985,-0.34912154560467173,2.6349147339211356,1.9473462482447095,-1.736130091366044
0.005568444816387269,0.012435694535822543,0.00396586596579462,0.007216597577632469,-0.34877667989995675,2.6827335428878043,1.915724400716311,-1.7766480727228242
0.005553557983338894,0.012408411626251998,0.003921686488031724,0.007241308287691852,-0.3490401672567734,2.6509977711329253,1.93641229684785,-1.749907303271126
0.005560639149524428,0.012422393474032881,0.003943590973269563,0.007228202834076182,-0.34886301823816673,2.6666955058540354,1.9254664245092028,-1.7633829757446982
0.0055158684163859354,0.012338959880192431,0.0038081555019536424,0.007301909865179072,-0.3487014021408972,2.5691207367420064,1.986371057062579,-1.6810010871118288
0.005523327049774304,0.012352766923354548,0.0038308273565543526,0.007290115271960096,-0.34889217771492337,2.585510480012776,1.9767379303213788,-1.694789254519099
0.005530228786559333,0.012367230227484698,0.0038532374336667286,0.007276739804388996,-0.34889207555088325,2.601635002937187,1.9657487011196875,-1.7087841847762177
0.0055378487781678155,0.012381383811663647,0.003876281149291281,0.007264330599117029,-0.3489385394568909,2.6182376518427612,1.9555235616669224,-1.7227851832365613
0.005451882495405812,0.012210429203684071,0.003600946525332342,0.007410368248662689,-0.34517759845239654,2.419252550566888,2.072917446278607,-1.552867024072085
0.00541646172330804,0.01214030948944244,0.0034847592828112506,0.0074640120169076505,-0.3411516936684503,2.3350984265006165,2.1141043379237767,-1.4814722614254794
0.0054241298813293105,0.012154064763806186,0.0035085828257902236,0.00745450243207324,-0.34216911116453413,2.352324192961752,2.1069509329054417,-1.4957483327507368
0.005431008203418713,0.012168018643835333,0.0035315567351287516,0.007443796219499192,-0.34301645987608004,2.3689781715963796,2.098765946110023,-1.5099450049505974
0.0054373528705734695,0.012182531310368153,0.0035543470947869238,0.0074316949620040875,-0.3437055146158638,2.3855020761870005,2.0893997262414588,-1.5244109028961488
0.005444434653580047,0.012196844652923103,0.003577805680745175,0.0074204487661152846,-0.34443510339685574,2.4024908956996582,2.080707638495138,-1.5388987203444293
0.005458833089440314,0.012224337436281419,0.0036237016882766713,0.007399230382698427,-0.3458096587886706,2.435747952529519,2.064212929363976,-1.5669187389411598
0.005464375253294786,0.012238497971650995,0.0036447848929198235,0.007386221140921999,-0.34615579627119425,2.450988216899072,2.0539095804080216,-1.5806178537540239
0.005507470064846687,0.012325644339539301,0.0037845817543672787,0.007311985490325982,-0.3483068613948673,2.552035656881623,1.9945226040560387,-1.6671846841395361
0.0054710520932609915,0.012252860902459903,0.0036674640708804604,0.007373937231350518,-0.3466282214465522,2.467412263949731,2.0441786047403316,-1.594859853022257
0.005477582207003294,0.012267205540369206,0.0036898478306535503,0.007361390172913067,-0.34696258096648497,2.4835795212009213,2.0341910495871525,-1.608958714835891
0.005499120448464005,0.012311748705139415,0.003760492299860485,0.007322750729038512,-0.3479223754290954,2.534602093556851,2.0031935998376995,-1.6529172191179793
0.005484220235650545,0.012281699761206301,0.0037124276802727803,0.007348606703353828,-0.34730162753964683,2.499905525196851,2.0239619881817354,-1.6231879644015168
0.00549100267955755,0.012296908950144576,0.0037357792299119587,0.007334860252151768,-0.3475384881742383,2.5167415086002762,2.012919776794462,-1.6379636131083586
0.005041526567756395,0.011145814623420664,0.0018488200667695512,0.008004917511241097,-0.16913970355733723,1.188112789977284,2.460936347202558,-0.46132407381354973
0.005027200980777239,0.011128370447254546,0.0018140613137017224,0.00799989128512265,-0.16382029025591918,1.1655682485308612,2.4559536954421386,-0.4443751763430828
0.0050134610244304025,0.011092541515097287,0.0017530313405599057,0.008006969153862393,-0.15417418224511698,1.1248979608502698,2.4583140421104366,-0.4081308819459649
0.005013098212903063,0.011110026291537718,0.0017783135322305915,0.00799553160144211,-0.1583897609092251,1.142271739564629,2.4514211902732455,-0.42649363034171583
0.005005868485510884,0.011079011091978936,0.0017285169477118786,0.008006692425088087,-0.1503382430404959,1.1087603517166054,2.4571096515982904,-0.3947174924938808
0.005016680283446314,0.011041480427354498,0.0016797676666489918,0.00804189304176812,-0.1416286640363017,1.074641664680273,2.4794139488821796,-0.35404004100957887
0.00500409653677747,0.011021753881727825,0.0016430482269274036,0.008039078329583777,-0.13580414463004475,1.0506758878444884,2.475945357507325,-0.33470382571939955
0.0049980728130332,0.011060746538471217,0.0016969911321345333,0.008008952842544534,-0.1453043143485719,1.0878476194032614,2.457380734428242,-0.37638292842088955
0.004980873566546634,0.010967045456020544,0.0015484589999455545,0.008043506920412844,-0.12034777219603383,0.9882348504911694,2.475074408654813,-0.27985839271607565
0.004983804811773299,0.010984876898690458,0.0015766342445614442,0.008036936587357081,-0.1252038693349993,1.0070881929738131,2.4717307879978203,-0.2982831784675933
0.004992781085541945,0.011003675988595123,0.0016096576834664347,0.008036555692151497,-0.1304941918413263,1.028844750330479,2.4728224898736912,-0.31699764491190857
0.004961731222964759,0.010942367146228614,0.0015012838881211575,0.008035005407395079,-0.11303504775196993,0.95753637791028,2.4673057038006703,-0.2563198772425537
0.0049617250606964975,0.010960903362558507,0.0015288131435909921,0.008024964440473126,-0.11793026131888375,0.9761271057841888,2.461532453669282,-0.27580476365821077
0.0049611481207713845,0.010919562952317028,0.0014669474046274285,0.008046418064740338,-0.10692730247488323,0.9344679397426943,2.4737355250279047,-0.2324046082115145
0.004905332347832809,0.010732166078215121,0.0011580966085499471,0.008070318191701733,-0.05412895917204446,0.7301602537614439,2.4774472623719426,-0.04292197414001028
0.004950437174681432,0.010896862482169109,0.0014274445853155624,0.008045881363202436,-0.10047625926225436,0.9084548079062927,2.4717607510565127,-0.2099354478732097
0.004942633920466483,0.010875993820383621,0.0013922502375204881,0.008047462309695797,-0.094633993399027,0.8851910152785757,2.4714113278947565,-0.18903030724789158
0.004934854960729408,0.010854769586169325,0.0013565881126618355,0.008048990289173523,-0.08863531109054584,0.8616024635152056,2.4710038629322333,-0.16776426281875104
0.004906807254325709,0.010753678315937355,0.0011913448030056123,0.008062969448814496,-0.06025046678740712,0.7522073329121785,2.473809934445621,-0.06542225950363191
0.004888526607296287,0.010745001848039415,0.0011705083426207768,0.008045798120644255,-0.05800387280926382,0.7385753522335832,2.4612562895539596,-0.0591948752480542
0.004927634834866331,0.010832027086599494,0.0013189593385040607,0.008051612662612893,-0.0822936047729239,0.8366881059818428,2.4712683706479024,-0.14484629713164818
0.004923706933600511,0.010802825912190124,0.0012731233145826107,0.008060644707338721,-0.07411748037209402,0.8062495010703057,2.4755766243096686,-0.11465336698068784
0.004910412594284521,0.010776781966184487,0.00122784363831405,0.008057093467018729,-0.06678200999085117,0.776398299529622,2.4713086758974936,-0.08922340497096132
0.004904282818074906,0.010706376682121299,0.0011184132356895605,0.008079603209418128,-0.04671647923347179,0.7039190169196098,2.4821402721941257,-0.015823444450029634
0.00489441041495569,0.010682973471571738,0.0010788413247281752,0.008077490393408897,-0.04015637162568974,0.6777973807502277,2.4790761250208253,0.007249247846154557
0.004884230068113145,0.01062104666386975,9.803696838782464E-4,0.008088626300618981,-0.022351798892532915,0.6128237177433357,2.48254234922527,0.0710473514229323
0.0048853457220156505,0.010639760046622258,0.001009433387982378,0.008083249398410123,-0.027832424230626766,0.6319717975398421,2.480103754434287,0.051404552374251795
0.004888187577870295,0.010660816865252247,0.0010426645077440835,0.00807877581687491,-0.03390076728515882,0.653900772701136,2.478448877856519,0.029609001721416867
0.004863354548442998,0.010593951844710575,9.317538010660569E-4,0.008074045400316103,-0.015343817072621004,0.580470899440237,2.4705882356752196,0.09583222365575339
0.004867780054803261,0.01061257571349887,9.616946241045695E-4,0.008072773836877902,-0.020571003918501782,0.6002823712046559,2.4709776071945417,0.07695717797487948
0.0048583344041708155,0.010569211585498497,8.922889487265269E-4,0.008076408504585561,-0.008357818127887799,0.5543724267489051,2.470531029847604,0.12106300725687623
0.004839637944490459,0.010470566528107206,7.355151205445781E-4,0.008083865873797133,0.019474925004002244,0.45081326479404255,2.4688421200010846,0.2217667704338034
0.004816423168862672,0.010396664767764924,6.163323572000484E-4,0.008075361740941216,0.03918339419793667,0.3714909384904949,2.4576911484547783,0.29500177645623
0.004837555378515357,0.010445203394714431,6.959528826296366E-4,0.008087998088511905,0.026827726148288412,0.4247881187654138,2.4699336115969195,0.24824174251559875
0.0048231404739103355,0.010421820364171212,6.564959254348051E-4,0.008077251716371818,0.032468699942992424,0.3981876263047716,2.460805738775178,0.2698709237854131
0.004854580421550325,0.010539584885426277,8.457357531519301E-4,0.008081352207135016,1.2430230272239594E-4,0.5236806786766635,2.4719236407236918,0.15168903722828067
0.004840867675211875,0.010492007490966319,7.687776738235366E-4,0.008079485258841173,0.013241915494699745,0.4726807649365506,2.4673058174673765,0.19929654518846998
0.0048445951264912005,0.010513896432721812,8.033972739797133E-4,0.008077561699212893,0.0070575058454986515,0.4955478550583921,2.4675043292605072,0.17688274804478932
0.005130984632356551,0.011362856609613496,0.0022248101580550923,0.007950085708770519,-0.22537919065078654,1.440555008443535,2.4386983518919623,-0.6827905949098597
0.005122480169192669,0.011348620066630925,0.002198066333745091,0.007951556785527614,-0.2215775316859283,1.422733253437063,2.4385361816748454,-0.6682972262601073
0.0051364698997410215,0.011396111232698592,0.0022757438839309404,0.007929667741911452,-0.23233416918655977,1.4760979155837417,2.4262928446223846,-0.7173394509107595
0.005131758765851364,0.011423247455605893,0.002309438575073869,0.007902061286519284,-0.23667605273051048,1.5008348117718417,2.407794805602961,-0.7456520694112071
0.005125417712367128,0.011408942322496542,0.002284520006469938,0.00790661250091733,-0.23330656679082873,1.4838821680320213,2.409989184096601,-0.7309927483434125
0.005129468578017708,0.011378902872257141,0.0022460914521759278,0.007935549428919449,-0.22825992879527784,1.4559265575701443,2.4291923888061113,-0.6996500085291012
0.00509992901081202,0.011305620032462587,0.002119935514809553,0.00795882877081531,-0.2102867388417706,1.3704080824308262,2.4402404463748884,-0.6244642069182831
0.005090170510899441,0.011275149734421223,0.0020693145949392585,0.007970412098444691,-0.2028311191713468,1.336040220885984,2.4462352558555227,-0.5931741100901933
0.005089999688212496,0.011293523638579625,0.002095319447235946,0.007956564159565704,-0.2066890406632637,1.3543156644855985,2.437529796416356,-0.6123955673488654
0.005106451904658644,0.011335599101899987,0.002167254287592202,0.007943351362592999,-0.21709249229962088,1.4029970230854838,2.4312792581487463,-0.6554446762848273
0.0050933028875932,0.011321425692096666,0.0021372125836839413,0.007939242722593262,-0.21275752995364397,1.3834345503128562,2.427002636357629,-0.6413185395335851
0.005032893389054032,0.011163451471204585,0.0018686783877360953,0.007983338998385145,-0.17254450799217935,1.202680623681916,2.4466983210016617,-0.4805912075632684
0.005048509365232772,0.011182614795700688,0.0019068884715151557,0.007988280575175406,-0.17833213271450551,1.2275370468935833,2.451776971654621,-0.49933294814950735
0.00505209617024888,0.011205432630984832,0.0019422342791778756,0.0079767130780605,-0.18381112955228882,1.2516627432990555,2.4451450587408563,-0.5229110347600097
0.005057013930000529,0.011224238631257192,0.001972644826990825,0.00796918671069601,-0.18845830563840174,1.272286871096904,2.4411424959348795,-0.5421929631420769
0.005064139583457843,0.011243056962201153,0.0020046019061667236,0.007963956946667529,-0.19327239221098869,1.2937856837716353,2.4388271709919,-0.5613418855710711
0.005067861099144809,0.011268681894757101,0.0020437361525186843,0.007949665625308732,-0.19914173688307904,1.3207409287491219,2.430372076772643,-0.5878153654444677
0.005121594689381423,0.01143668891749418,0.0023194215248830414,0.007879412507172952,-0.23770282714295668,1.5093600361363804,2.3917401747544704,-0.759678594405831
0.00512775234815116,0.01146936586149809,0.0023689078727013708,0.007858881060153448,-0.24407341282569853,1.5440548430230374,2.3788793515490245,-0.7931303288280024
0.0051131990403370745,0.011452858973188155,0.0023343513097260574,0.007856471424081713,-0.2394166643299991,1.5211705666671573,2.3756182891505984,-0.7762893590357843
0.005143558389461502,0.01152807217492331,0.0024610980904582283,0.00782570327455876,-0.25546061367703365,1.608420804603549,2.358369196207383,-0.8530504635094059
0.005150564260655762,0.01157548995527225,0.002529648042363272,0.007790970529653253,-0.263292281810582,1.6572060628635208,2.3354452024458827,-0.9010739741094839
0.005140367081814919,0.011560408661338525,0.002500769601782381,0.00779331860727188,-0.25976961086952904,1.6376126283559154,2.335998833662037,-0.88555536043235
0.005130852965360742,0.011544683793568683,0.0024717095061925934,0.007796846185494089,-0.2561753199760488,1.6178160615823245,2.3374131928770665,-0.8694535346443465
0.00513725019463214,0.011506378536374389,0.002426726610264641,0.007837685296642851,-0.2513027828363999,1.584441543697732,2.3657663816178456,-0.8309354978930114
0.005120910334775321,0.011487190236329919,0.0023869922695520514,0.00783599991798871,-0.24607490034858623,1.5579819437672973,2.3628326551689276,-0.8112460016845146
0.005217237839674039,0.011740865155959618,0.0028034274890572975,0.007705560601843796,-0.2926273398329322,1.8488095331875345,2.2820759042405148,-1.0696816127748325
0.00525137680807327,0.011782321016350782,0.002889335293690421,0.0077003095650600515,-0.30167524593345385,1.9079069078484387,2.2814658572104616,-1.1140308600657263
0.005242536342927024,0.011768371784173415,0.0028630894222044278,0.007705099134787557,-0.29911250371133985,1.8896009687285802,2.2841042685793886,-1.0993584227229831
0.005227241131827991,0.011755280523482488,0.002831327984909288,0.007701833809752444,-0.29551540023288553,1.86810279677562,2.2803369048783004,-1.0848332653529713
0.005303337079662094,0.01187617657854135,0.0030579063422576437,0.0076563129304772016,-0.31674357032050376,2.026958657824332,2.2539159302423197,-1.2123826770725203
0.00530936023074296,0.011890892743516547,0.003081920078144213,0.007646550586352525,-0.31853528210175547,2.044175280324584,2.2471752014635027,-1.2274932683510291
0.005250741334016396,0.011799336566677506,0.002909377854277431,0.007681852047521088,-0.3030432527160136,1.9228593454829908,2.268003525924495,-1.1305113458922245
0.005259029316471156,0.011816779850334067,0.002939167449691117,0.007672470456728497,-0.30568315433723653,1.9439164830564628,2.2618992127615045,-1.1484858992554854
0.00526626220462159,0.011832329538814433,0.0029655163985641384,0.0076637632920626975,-0.3079751930068783,1.962587913389762,2.2561607247972124,-1.164492318247525
0.005273473837687809,0.011847378957255279,0.002991206262007761,0.007655406908752905,-0.3101716492940248,1.9807995754986931,2.2506462913157033,-1.1800146672768295
0.0052812908232304666,0.011861517146231059,0.003016439519174363,0.0076485366390555655,-0.31234802162189923,1.9986265656215083,2.246249330157688,-1.1947621892581113
0.0052890832540308345,0.011872699076030793,0.003038147545393674,0.007644735275706254,-0.31425144716781167,2.0138668075281876,2.244097156191859,-1.2066998113904546
0.005140580508427885,0.011592211774715824,0.002542177422725105,0.007764694191517932,-0.2641752581467059,1.667604359967229,2.31631501340901,-0.917263903898517
0.005154554388529008,0.011619664741938526,0.0025902931566771,0.007754676482898891,-0.26972020770443345,1.7007804267760567,2.3107558147374365,-0.9452718216096745
0.005138024010838991,0.011608461468040671,0.0025606520222986435,0.007746959714778593,-0.2659950510064449,1.6813214186873808,2.303814623225854,-0.9331499475807437
0.005148302828859358,0.011637851147414802,0.002607551470641679,0.007730814434585407,-0.27119890158120125,1.7141312756638254,2.2935222891072042,-0.9627381360399904
0.005157367100232725,0.011652817823290782,0.0026350019986399564,0.007726554110862379,-0.2742296283304891,1.7329697977179694,2.291391620147667,-0.9780765287437502
0.005168534173937781,0.011666474154941727,0.0026628393431206224,0.007725692502358601,-0.2774459585289001,1.7518831178784613,2.2918220706774406,-0.9923503664980766
0.00517104754989319,0.01168388244808459,0.002687054169424023,0.007711652481439685,-0.2798449502838723,1.7692450798129082,2.282142308713134,-1.0095664263165511
0.005180383068903621,0.011705371036255742,0.0027228654082515594,0.007700836121229848,-0.28348351182518433,1.7942879883620435,2.2753213992682073,-1.031353709369533
0.005188833589700921,0.01172369135732037,0.002753829391725727,0.007691907526126294,-0.28664402437877684,1.8159269244199077,2.26970343820117,-1.0499743373751687
0.005196446418084702,0.011740238647703197,0.0027817386359020456,0.0076836319722705234,-0.28944371299485644,1.8354751024368825,2.2644489219366473,-1.0668043625340184
0.005384397907585873,0.012110782899419617,0.0034142192104295124,0.007467948264262176,-0.33655716916036255,2.2845768227316103,2.115599892450332,-1.4462817839366862
0.005391098574974224,0.012125896267087266,0.0034382095104983673,0.007456120828478009,-0.33754886189020455,2.301869629959423,2.1066447959474455,-1.4613586336569069
0.005344907860971801,0.01197848794355752,0.003223203220561075,0.007585095165508239,-0.3281423840602737,2.145960792389992,2.203693719647817,-1.3170724388914534
0.0053504857355437035,0.011993835497192419,0.0032469480338776224,0.007573108578013548,-0.3294848821701497,2.163143278870628,2.194954332604011,-1.332523098747702
0.005334051121981444,0.011948972002570354,0.0031771443449923023,0.007607578662329942,-0.32532661605560786,2.1126426678455097,2.219943171003516,-1.287203314648009
0.005339077716417871,0.011963550167506871,0.003199545900167271,0.0075961881104866435,-0.3266806170285372,2.1288523006915274,2.211696445949723,-1.3018915764867962
0.005319106295097807,0.011945777809521876,0.0031564360206904757,0.007595292825479381,-0.32284498942131207,2.0986733585891657,2.2095104996204897,-1.2811895771201873
0.005311180196006554,0.01193391600292359,0.003133888947445616,0.007600311848318892,-0.3211030986953069,2.0827042179673376,2.2126952010186325,-1.268541915699312
0.005371694883125562,0.012037147857637806,0.0033200094054005778,0.007544181610679594,-0.33383934575252944,2.215790556482339,2.1741932132089468,-1.377269506767017
0.005376980117107774,0.012051855641984402,0.0033424008666063094,0.00753205085185945,-0.33487762712101915,2.2320256610575444,2.165146128204459,-1.391935214112905
0.005347953565772312,0.012022468591379742,0.0032756914316987265,0.007536778497850713,-0.3298886082865095,2.184685965419526,2.166923103452996,-1.3581389768079133
0.005356212303269773,0.012034284905328485,0.0032984077236140386,0.0075313960873379954,-0.3313867956315216,2.200878401557837,2.1633130032408614,-1.3708324447105797
0.005339316237558362,0.012008092063316045,0.0032497123514713196,0.0075446569871526125,-0.32818733692520086,2.166133591597314,2.172401173552791,-1.3430475386107172
0.005371247410713626,0.012079599831149207,0.0033652852512125048,0.007492554726877301,-0.33443385695276057,2.2493077005638216,2.1341205457789276,-1.4152519927142446
0.005368037912544954,0.012064613751286367,0.0033453951018653483,0.007507364805868657,-0.3337304985833419,2.234846932703138,2.1454383092497498,-1.4010964254441665
0.005366400563581633,0.01211018897729859,0.003391533317639622,0.007450357668074672,-0.33390104976810325,2.2687266574388225,2.1008962313711455,-1.4405722521578517
0.005358367016346027,0.012095237133657085,0.0033661639932034628,0.0074604018773640575,-0.33263802624055,2.2505693117399748,2.1083539782827176,-1.4253695179091874
0.005303996963605632,0.011919343993964854,0.003109056133824962,0.007609055323359349,-0.3192731822135037,2.064990059518587,2.218705115105966,-1.2535138494133413
0.005300245167571028,0.011903334717118172,0.0030863331272833394,0.007622917882164816,-0.3178135880547608,2.0485063668386876,2.2287738767045897,-1.2377514492856365
0.005993704053763021,0.013087787499892256,0.005017700799876824,0.006510922251702671,-0.2869879411276994,3.3938802079218156,1.2637264647017974,-2.3601611037240335
0.006033047603907334,0.013137233184039967,0.005098859917928852,0.006447963387164704,-0.2780340894192939,3.443028946850569,1.2009402179980073,-2.3986977103327516
0.006003053274646459,0.013100853714224847,0.005037506009521519,0.0064938917500337616,-0.2847025360399796,3.405534312068546,1.2470845548383869,-2.3697082571202106
0.006012953027658325,0.013113552148967353,0.005058037955326258,0.006477676223625532,-0.28242961943239403,3.4179132244849684,1.2309861608201793,-2.3794934582279144
0.006023137740911622,0.01312569761074922,0.005078810531847805,0.006462437028813128,-0.2802008061313966,3.4306831283712858,1.215623754704085,-2.3893008615334526
0.006060564383446162,0.013175986839227627,0.005155460060632542,0.006395352800187018,-0.27083069340352134,3.4744355022247553,1.149404183834288,-2.4247776976718165
0.006041665544416806,0.013149570466364273,0.005116756777000928,0.006431259961896612,-0.2757870734486029,3.4530159334358426,1.1846108489300697,-2.407040811207956
0.006050507751948839,0.01316295826416426,0.005135156401183764,0.0064127351887450805,-0.2733436534364058,3.4628408832014586,1.1666835453560849,-2.415514288321669
0.006088136376114346,0.013184661447099337,0.005205563104847311,0.006394560714830687,-0.2680906785261961,3.5146968973468753,1.1418007898319467,-2.4479420765231414
0.006098168603708021,0.013197023085570423,0.0052255647135682195,0.006377910323460371,-0.26558718727319763,3.526208529863028,1.1249746845167081,-2.456951435364925
0.006108312538218755,0.013209335668014773,0.005245639790604827,0.006361265354848059,-0.26305472604086816,3.537722409237258,1.108091815867212,-2.4659094044329177
0.006249412991711024,0.01334917472360239,0.005512049796648647,0.006172822234472614,-0.2289939553761142,3.6961319245987805,0.9058982898878188,-2.5790213511947306
0.006238762946862841,0.013337251368859207,0.0054924147092003895,0.006190334887347837,-0.2320182878441468,3.6859693639065045,0.9240763776406871,-2.571337464294579
0.006197242063964031,0.013289365049654814,0.005414598036939435,0.006259813648471932,-0.2433261589387983,3.644983973542064,0.9958583520226408,-2.5399599405375164
0.006207544432339965,0.013301281062886883,0.00543409095690817,0.006242713729116445,-0.24060725973552152,3.65545404897973,0.9781990589045558,-2.5479757649722496
0.006217852411225946,0.013313243292837597,0.00545347655996186,0.006225398882543385,-0.23782534130467922,3.6656987063506414,0.9603274738120627,-2.5558390238721835
0.006228246168293705,0.013325239299427166,0.0054728961404996454,0.006207924194586162,-0.23495979465107594,3.6758487273502496,0.9422759982045124,-2.563615841216203
0.006118636047885292,0.013221552091773454,0.005265903249854319,0.006344741339639436,-0.26049591044099657,3.549365862861771,1.09123133775294,-2.4748707721818834
0.006129159886919363,0.013233589676290278,0.005286384427475285,0.0063284920919675905,-0.25791901560529934,3.561211026606061,1.0745157723995893,-2.4838547950226446
0.006139786231765881,0.013245402915868091,0.00530690980630592,0.006312548838882334,-0.2553267984214143,3.573130192912832,1.057995124117624,-2.492786785228374
0.006150254106551785,0.013257170665297939,0.005327041283198833,0.006296470816585212,-0.2527169581513278,3.584633349352788,1.0413708027910482,-2.5014544512683012
0.00616048014095619,0.013269102426681683,0.005346650151158531,0.006279851263233576,-0.2500895822415412,3.5954796717212147,1.0243321196293407,-2.509777529910474
0.006170748977023494,0.013281060355476146,0.005366224956674302,0.006263070463976984,-0.24743145263766728,3.6061806527522577,1.0071249282374344,-2.517988346294223
0.006181173442197346,0.01329285791148264,0.005385950516235963,0.006246512196023935,-0.24475221629125696,3.617012708756441,0.9900330086215628,-2.5261907220073776
0.0060705990240763315,0.013188580095104867,0.005175512200991921,0.006378579066014692,-0.26837514366935816,3.485930802520589,1.1326153851345815,-2.4338415065880628
0.006255190575198793,0.013376592805590462,0.005522679063616909,0.00612516648007879,-0.22503127927307323,3.688057705431538,0.8648076245007789,-2.580131876778117
0.0062441094264199205,0.013365274964899128,0.005502593741128625,0.006141548935684444,-0.22789273663539975,3.6773254738532093,0.8821509765320589,-2.5723790504070596
0.006296639470146229,0.013422139638023058,0.005596650502290953,0.0060567832651926765,-0.21371537373409596,3.724055584928015,0.79391134288483,-2.6071617490620578
0.006306905610081688,0.01343400441475819,0.005614640075924337,0.0060384776121150995,-0.21078652585393268,3.731998137767873,0.7752385313145872,-2.6133308997551254
0.0063028243062586715,0.013448148285302858,0.005606172396294888,0.006011420073461494,-0.2093177811360183,3.715065753327818,0.7548906328388996,-2.6067199080593006
0.0063088648350323115,0.013462828352929303,0.005615919654733465,0.005986621708731856,-0.20660727279172605,3.7137250265477673,0.732691235604528,-2.6083319923083237
0.006276893463870451,0.013398388460100531,0.005561712574763944,0.006093345840508981,-0.2193770124451628,3.7087463822646582,0.8309551370762805,-2.5949695902522456
0.006286084903060186,0.013410379048055657,0.0055780025489975855,0.0060746799427823924,-0.2165946353781654,3.7153246204579973,0.81239360253719,-2.6005428891953013
0.006261998581526903,0.013400555241689576,0.005534606342995265,0.006084176895564121,-0.22076852114648865,3.683301534544808,0.8288162299255966,-2.581959591058026
0.006250542086747919,0.013392357505456871,0.005514070877354425,0.006094926289816297,-0.22324167848745605,3.670399029397832,0.8416206714473028,-2.573704101067921
0.005958182523865387,0.01306622041026753,0.004950495208313765,0.0065266496764757416,-0.29113541627442485,3.344014859256418,1.2846913807839069,-2.328453685408584
0.005970291393658599,0.013076087236550233,0.004974146563812331,0.006517103089003422,-0.28930850683340936,3.3605601307310287,1.2740106619731333,-2.339713673368111
0.005977118489617164,0.013090387464479434,0.004990049511365876,0.006496743871819535,-0.28714459980469537,3.368320202660269,1.2551930108204203,-2.3475833090188036
0.005946655541752134,0.013055894242816812,0.004927661444509711,0.006537183929688516,-0.29286245614764667,3.3283459786560594,1.296017997569482,-2.317502357390158
0.00593506421369962,0.013043167263410808,0.004903881254990802,0.0065515849737117215,-0.29494084814129934,3.3128090778547663,1.3106068100457124,-2.3059373078034935
0.0059180957951840765,0.013011565130670958,0.004864254992806536,0.006594115269493687,-0.2997243057388387,3.2909249082620926,1.3502390900970511,-2.2856862753497436
0.005922440231392059,0.013027973738720746,0.004877419717221645,0.00656931258189613,-0.2973641062306593,3.2958722247630936,1.328187932934178,-2.2929270347463846
0.005901517605636126,0.012985916025752255,0.004826844123923803,0.006626381672408968,-0.3035730778272305,3.268240496273072,1.3809175475005073,-2.266536552143883
0.005905763217598523,0.013000842316925018,0.004839631794483725,0.006604194127621707,-0.30145282746178165,3.2736418622398,1.3611220737114347,-2.2736988753743685
0.005882053849956164,0.012959923024339052,0.00478405161845804,0.006656809148285178,-0.3072840854129914,3.2407131891081797,1.4103944334942127,-2.2446622773372478
0.005887412536520161,0.012975784379163434,0.00479936706393433,0.0066340235003452,-0.30509666094207016,3.2481372258061265,1.3899137102194354,-2.253238931874709
0.005842535343215042,0.012853854527301882,0.004670316350679478,0.0068040876874038364,-0.3218353686879944,3.178528341912161,1.5437434876283047,-2.1790066304185967
0.005859886852383305,0.012880643091516186,0.0047120294442555945,0.006772651757036108,-0.31847115981127333,3.2059852061564444,1.514057928014905,-2.201781652207307
0.005851049895245719,0.012867230050724564,0.004690953963495752,0.0067883533574564356,-0.32017590161838966,3.192106596552669,1.528924976016208,-2.190333607273695
0.005826064389512869,0.01285532052951884,0.004644148125127757,0.006789614233517627,-0.3211368222792486,3.15538998780668,1.533254381701556,-2.1680305182469564
0.005817067660978959,0.012842829363410581,0.0046231754370983985,0.006803303528392625,-0.32258127666555364,3.1412317295683834,1.5462471889182348,-2.1567320014814153
0.005808533148945068,0.012829721835171323,0.004602542115195299,0.006818198867736189,-0.3241112204872197,3.1275102316978907,1.560183726011456,-2.145408521956235
0.005779899395628989,0.012791428558813189,0.0045357781184792246,0.006858101382648383,-0.32806592712289745,3.0815724397289856,1.5979439243354625,-2.109277075392164
0.005789696852783743,0.01280440769945766,0.004558633966560887,0.006844794552973336,-0.32676264739846106,3.0973684159109642,1.5853788720710178,-2.1216558653949114
0.005799582727285647,0.012816873401796497,0.004581278393526637,0.006832228117003683,-0.3254918686901098,3.1130993464379553,1.5733894005622213,-2.133799029812413
0.0057454871703412555,0.012735492614274544,0.0044486932294596155,0.006919913473162827,-0.3335096143244953,3.0226963044383335,1.6546735869495794,-2.060091192694251
0.005738526113373669,0.012722148642870551,0.004429614014322022,0.006935308270671137,-0.3347666883647435,3.0099659968452834,1.6685465103230364,-2.0489084122883914
0.0057234913365922695,0.012721606781450326,0.004405786381168465,0.0069241196940895535,-0.33393387298218735,2.9900351365670326,1.6602643745687253,-2.039119519982889
0.005770357951727776,0.012777911508575124,0.004512947504446258,0.0068723088409042695,-0.3293953486013488,3.0659081272354913,1.6112099609337758,-2.096743535254728
0.005753288327061026,0.012749314430729613,0.004469267772812708,0.0069043066118751354,-0.33221571486360535,3.036538219590216,1.6404823287644434,-2.0719625701703808
0.005761013695277044,0.01276386834166037,0.0044900329534020835,0.006887347850038836,-0.33075707934119464,3.050269037873388,1.6251224505015915,-2.0840016352895514
0.005851691710506693,0.012896489969656364,0.004706036776413485,0.006740706308704201,-0.3159759341758663,3.195418681256101,1.4874399280424637,-2.201748992992298
0.005843956848631597,0.012912867549753898,0.004700889993513564,0.0067084195534492805,-0.3135704039602915,3.185349127152964,1.4607582140421822,-2.201940209436167
0.005869162179701231,0.01294889786075675,0.00475811444495153,0.006666415854111178,-0.3088592547895717,3.222202507019158,1.42076310026345,-2.2318721579680254
0.0058509871070820075,0.012940430079575195,0.004724597898849502,0.006668081317914011,-0.3097812198684787,3.196282605101738,1.4250844281164168,-2.2160734342178254
0.005837134600739184,0.012929725415654396,0.004697281736805806,0.006676178671278946,-0.31109417962257974,3.1764947996834247,1.4341258153882508,-2.2027180967023448
0.00559719376205704,0.01249148366890039,0.004052736924562366,0.007162820367735614,-0.3474182574348861,2.744635753079436,1.8701642798592613,-1.8297424829046047
0.005589933218128683,0.012477506355259571,0.004031028746951173,0.00717644941815141,-0.3478628321642894,2.7292246307780057,1.8817747696657465,-1.8165292078491382
0.005588807212978321,0.012504359668742904,0.004050758375538855,0.007136613773687213,-0.3455181926752871,2.7413215904689845,1.8483675645425024,-1.8341431158211736
0.005591055344543671,0.012520365894300554,0.004066461764610019,0.007115412119556671,-0.3444245414335291,2.7515765429633054,1.8304971230248166,-1.8458598077254353
0.005714042819145209,0.012711908008841045,0.004385088291178833,0.0069316320366562744,-0.3345467457074683,2.975068582388028,1.6674974211756035,-2.0282585659128363
0.005703855320854256,0.012699807505939692,0.004361719953233868,0.00694215239048339,-0.33531655430368873,2.9584370315760045,1.6773200210153372,-2.015675836382392
0.005703031106975908,0.012670826451283654,0.004341739496799933,0.006986175357496602,-0.33858022563746587,2.948390952650012,1.7150588440154848,-1.9995877250844394
0.005694130970855293,0.012686678528588064,0.004338361615102654,0.006954486417450737,-0.3361914543191955,2.9420272023025316,1.6886066533163715,-2.0027889102453234
0.0056870139161517026,0.012641979687461433,0.0042978508475760915,0.007017087653244506,-0.3406910006447868,2.918143844418815,1.7426012398182025,-1.973760195339718
0.005694207734661289,0.012656612465601194,0.004318742132933017,0.007000706713036718,-0.3395898467214771,2.9323724332730485,1.7281155265738593,-1.9863562692585293
0.00566258501470316,0.012630376536020674,0.004252787144878578,0.007014183423814025,-0.34009282935043456,2.8833495076128712,1.7416520013838286,-1.9527769549532257
0.005672088011124003,0.012640827906678254,0.004274335012628653,0.007006322201813719,-0.3396869690891103,2.8989413267846604,1.7343762402836365,-1.9642982283976338
0.005651961625629052,0.012617469904713649,0.0042278298089323445,0.007024677277004051,-0.3405924750345993,2.86544339143995,1.7511874738835405,-1.9391675617437316
0.005641125223285081,0.012602247470362074,0.004200872524933866,0.007038292932335646,-0.34130504105339166,2.8463283985284953,1.7633298088627218,-1.9240325264943419
0.005623712595977036,0.012591552932757634,0.004167333162336448,0.007039370319872819,-0.34083709182022454,2.821086404517374,1.7651655476555475,-1.9079247852710088
0.005611273570711836,0.01257869339894299,0.004139682166315884,0.007047737833210047,-0.3410145332184346,2.801021784227427,1.7728148585657346,-1.89333329320974
0.005600927094730494,0.01256523834432144,0.004114658194809165,0.007058608777340869,-0.3413183415430381,2.783174536286095,1.7824247382237466,-1.8795066069172635
0.0055921019981339274,0.012551606377625951,0.004091672931534247,0.0070708947308255185,-0.34178574150747615,2.7669864540079803,1.7931126430045203,-1.866351681775068
0.005582897559985267,0.012538499429407558,0.00406846506016238,0.007081941671913695,-0.34201079433989207,2.750508621608681,1.8027406302286935,-1.8532671225564237
0.00816638630563916,0.014714207142528364,0.007652214762199578,0.0029762607497769837,0.19414192249871112,3.3454376429040953,-2.043933632263249,-2.1003528719714484
0.008181228564991759,0.014720863781171475,0.007660135471565206,0.002951055135408436,0.19567672662460298,3.330274869791849,-2.0603712873111966,-2.0862773381299307
0.008137615651114566,0.014701303243567707,0.007636338325619281,0.003024976601076061,0.19104527195371282,3.374284209470165,-2.0116273982751416,-2.1272612115277494
0.008151540742523278,0.014707948686878842,0.0076434756385340965,0.0030009183242524847,0.1924613644324975,3.359628827091132,-2.0272065753771145,-2.1139052949600488
0.008110958347927237,0.014707367878317437,0.007592839092291145,0.003046810234112279,0.18445265042621609,3.363869806026866,-1.976692978270193,-2.132903670943641
0.008124882468205022,0.014709775207855325,0.007606814477526267,0.0030283782771576284,0.18679534987173899,3.358151056362415,-1.9934018772543332,-2.1242532677755213
0.008064526339032624,0.014687859943776393,0.007563105236709613,0.003122422737225339,0.17882972915978354,3.40459581698527,-1.9231732706415436,-2.1726600256481245
0.008094173183354533,0.014704091095561853,0.007576435289763987,0.0030693650604605286,0.1817482669720778,3.3712557393564992,-1.9566079170725026,-2.1435105140921773
0.00807592338680831,0.014699407927764927,0.00756014659307508,0.0030951682002043003,0.17889841607340826,3.381217147390615,-1.9349598592107742,-2.15597291068963
0.008200160884526537,0.014742315220341213,0.007649168809158416,0.002902907860565304,0.1949065913320094,3.284739479103912,-2.0767847790344836,-2.054928044390726
0.008214163593999489,0.014744375913725651,0.00766295892813931,0.0028842720036239794,0.19717240405488304,3.2784418914039177,-2.09326231921015,-2.045669311135305
0.008183647162029883,0.014738735585430743,0.007634602018206174,0.002926161364058934,0.19251411791546444,3.2942007138790292,-2.057682460368731,-2.066812996110045
0.006553549372149731,0.013681108186372472,0.00601792276720779,0.005634445289093101,-0.14211398545553075,3.892963795901346,0.352930695891512,-2.7273024309720806
0.006575875554852143,0.013702820058349217,0.006051436967182139,0.005596112764637683,-0.13578467518967774,3.9023552704915363,0.31341241364139755,-2.7336063936162858
0.006564677488528493,0.013691842128776874,0.006034726974095476,0.00561555911384384,-0.13898044459168998,3.8978735093063235,0.33338384319751874,-2.7305838513745133
0.006538004233849044,0.013686292740587622,0.0059874787551998645,0.005623421693140826,-0.14436543198290838,3.863196931342042,0.3526364217566637,-2.7123625586272015
0.006526188896000041,0.01367674203064718,0.005968953379349597,0.005639784569950437,-0.14746069100074188,3.855695240948187,0.37053781155678683,-2.707779301375527
0.006514022168188711,0.013666630529345832,0.005949860645316271,0.005657007656905605,-0.15066685237732647,3.848059538433327,0.3892235141718389,-2.7030351266435635
0.006445617068503125,0.013599868900098512,0.00584292270249158,0.0057694238090960845,-0.16958108669950608,3.810763430537994,0.50585999173952,-2.6773559608098663
0.006422272897407363,0.013578072092620871,0.005805141268457594,0.005804936309808553,-0.17583542699066146,3.7951143786599366,0.5434677701446019,-2.666751931894753
0.0064338771427995545,0.013589096328075057,0.005823939044624405,0.005787004105606398,-0.17270905482188406,3.8028274691585753,0.5245647345470902,-2.6720344311574853
0.006501895468654754,0.013655834004428035,0.005930939134062255,0.005675355366570934,-0.15392757524964426,3.840992902009176,0.408711256680025,-2.6984777687521286
0.006479712278468839,0.01363169186437566,0.00589722442113337,0.005716618729374365,-0.16036855628646943,3.8319465511588784,0.45011402190582134,-2.69160863007134
0.00649003366125174,0.013644246604939994,0.005912606204765533,0.005695052788305129,-0.1572431409294681,3.8349157914033296,0.429072098299313,-2.6943098593075145
0.006464970567623085,0.013634352529307874,0.005869509555296984,0.0057095350876233365,-0.162469404260278,3.8065075838289815,0.45174935728479193,-2.6786040826315105
0.006453437527550219,0.01362631913516306,0.005850598816764504,0.00572239523888585,-0.16527731993762942,3.7968539539480672,0.4667159084809928,-2.672794232864454
0.0064408284821344435,0.013616669523403844,0.0058300722318708744,0.005737896353234487,-0.16837686507332508,3.7869917355745213,0.4841293123890031,-2.6666739001776034
0.006570729710275708,0.013719064714259772,0.006035888482837609,0.0055658213954835846,-0.13512909426241249,3.875531100767468,0.2940866581213277,-2.7208601820689045
0.006582141288476114,0.013730820536153132,0.006052353224761113,0.005544910011122371,-0.13186659334695608,3.8789337711707303,0.2731529371617955,-2.723264076801483
0.006591921020379058,0.01375762365149275,0.0060595943559952755,0.005496285809029771,-0.12754934432938014,3.8616593656448424,0.2335245978646893,-2.7157312030426826
0.006603823758540203,0.01376503083672237,0.006078268824695177,0.005483127541706328,-0.12460479881101975,3.870256876124978,0.21795013027164578,-2.720429617116758
0.006577726473109151,0.013748518327363695,0.0060373557144707685,0.005512314905804674,-0.13100937592630393,3.851538175060188,0.25230192275609165,-2.710127312337622
0.006714443585352535,0.013845113415621857,0.006242904480194637,0.0053345920828207554,-0.0960331822860787,3.9276056310964793,0.05390375771858522,-2.7508523308226303
0.006726033173913078,0.013855316971666372,0.006258705206612629,0.005315121441774804,-0.09287904091667704,3.9301173639033977,0.03409726115326969,-2.752040195103992
0.006636850904853052,0.013802981973047667,0.006121908570943747,0.00541425444709097,-0.11497964317850036,3.8714910982521116,0.15220887062550392,-2.7222647649051535
0.006649076978398928,0.013813590438831696,0.006139254103834683,0.005394799235852562,-0.11171669543223427,3.875645533265709,0.13212820251022594,-2.72458906320297
0.0066615982621353416,0.013823966526204585,0.006157109238640979,0.005375633751592271,-0.10840809165945285,3.8802606752847666,0.11209367121027485,-2.7270807518166644
0.00670037077526945,0.013849009115854372,0.0062151954707986125,0.005328350192404468,-0.09864864742565624,3.902381538245499,0.058107715689517225,-2.738309791927818
0.006674642785409391,0.01383385049567838,0.006176022413820943,0.005357211883772525,-0.10503419630219925,3.8860022300790704,0.0922667204905362,-2.73007201834911
0.006688099130195574,0.013842602754274761,0.006196131087695917,0.005340685487197982,-0.10167169607343239,3.8935688544007525,0.07346408976201575,-2.7339103428743012
0.006624295598781249,0.013792209136499589,0.006103900147542211,0.005433882063116684,-0.11831562664910515,3.8668078790493996,0.17260511055717878,-2.7196083825319097
0.006610352092664869,0.013779962092572753,0.006083854095274115,0.005456039685309005,-0.12208457280311312,3.861647247558768,0.19550769895955075,-2.7165997095668786
0.006366856844886637,0.013518756992565262,0.0057147427496245335,0.005900872499852606,-0.19146104647485532,3.7608248988796285,0.6416761782340262,-2.641299531484309
0.006377308720116578,0.013530490453248847,0.005731972447328884,0.005882024932482914,-0.18845367456806786,3.7672947572927344,0.6225710853736498,-2.646273710149893
0.00641060564208082,0.013566811276719234,0.0057861546574177235,0.005823153477860676,-0.17898938869924672,3.787291180772415,0.5626088430519475,-2.6613345506454995
0.006387880196357758,0.01354252797564741,0.005749227872764605,0.0058625330128366905,-0.18540147552082875,3.7734541389223524,0.6028792977695331,-2.6510758549877846
0.006398717631553297,0.013555069435899259,0.005766729160029855,0.005842064411059123,-0.182228472115973,3.779317886669461,0.5823689295854519,-2.6557290360248724
0.006372551051108753,0.013545067571572,0.005720864528951263,0.00585434242009748,-0.1872295608972391,3.7472464008141992,0.6029826294960684,-2.637604310769576
0.007619406262118982,0.014445202925150084,0.007265944604030148,0.0038911913515360633,0.11472574961477007,3.789761316681481,-1.3481729137489762,-2.530054043468056
0.0076331341628329405,0.014452879694128479,0.007277479208646429,0.0038682127896817286,0.11718444380988459,3.7810639039002676,-1.3675791958241879,-2.5213646329018125
0.0076470710509865215,0.014460490034782973,0.007289259916010363,0.0038450868938237517,0.11968496683183096,3.772366833874088,-1.387143363943949,-2.5125692134352957
0.007605569720741828,0.01445421620948875,0.007232844618619504,0.003888071630513902,0.11022317360137747,3.763925792870333,-1.3335125467322573,-2.5199921041271813
0.007591527566761861,0.014447851323511585,0.007218989138488363,0.003908968905394682,0.10749570384263936,3.7693317704460507,-1.3142270360943848,-2.526881215139039
0.007577164629237348,0.01444115300206676,0.007204906675454279,0.003930529376359765,0.10470859130771605,3.7749837772959336,-1.2944162389044491,-2.5339423782861985
0.007410362222125375,0.014347881702904963,0.007048226864535204,0.004197966759629373,0.07184108355151309,3.8518153787736935,-1.0550118477163435,-2.618341017942441
0.007424227596048977,0.014356040258832569,0.007061656379887457,0.004175607902434598,0.0746864868525205,3.846071617764593,-1.07535715770887,-2.6119433126201357
0.007438277992687667,0.014364079487939663,0.007075362359725346,0.004153223397924496,0.07756183705638055,3.8404278820699536,-1.0958166675442043,-2.6055072690651127
0.0075629073699764226,0.01443392690554729,0.00719149605992054,0.003952732176333383,0.1019755613744568,3.781501942748086,-1.2745257612789713,-2.5413960521901253
0.007535000932357105,0.014418346098836812,0.007166547344390684,0.003998176234083734,0.09668936380735677,3.796393523622322,-1.2349296072672808,-2.5570090040970896
0.007548858524166135,0.014426289868901225,0.007178763469618393,0.003975327830086039,0.09930693736304756,3.7887101122377955,-1.2546976622751196,-2.549121442929873
0.007452536399537912,0.014371811331807307,0.007089600766511624,0.004131096452278552,0.08048396549666813,3.8352685247973537,-1.1163358628457998,-2.5992359805155076
0.007466886534393677,0.01437900507453336,0.0071044590632745675,0.004109669742033144,0.08346123188127795,3.8309683282213354,-1.1366890047998242,-2.59335940550527
0.007481078162165001,0.014385667395389296,0.007119538699194472,0.004089096037825396,0.08639915654994901,3.8273492301328926,-1.1566104427752892,-2.58784060586586
0.00749463237900063,0.014393160493055729,0.0071324607203061925,0.004067521868345068,0.08908439298915784,3.8213836058734656,-1.176113459189348,-2.5811473996052787
0.00750782041587929,0.014401714533000138,0.007143369519088195,0.004044419747046891,0.09155760751044921,3.8128160093916925,-1.1955452861424993,-2.573084509607962
0.007521294701743651,0.014410162377669565,0.00715469826722519,0.004021210171778387,0.09409952291412609,3.804396769307626,-1.2151860932171428,-2.564986033002356
0.007688696127808977,0.014499972238189038,0.007301217668049043,0.003750032594713007,0.12472423363227285,3.710318596529151,-1.4484874857796406,-2.4665359612125157
0.007675408995656234,0.014491182437364608,0.007292632155746479,0.00377453237553919,0.12270396669849805,3.7224807641827984,-1.4300153551248995,-2.477129183519392
0.0076472419340013415,0.014477503351032213,0.007267411980383934,0.00381868971585651,0.11759953227296814,3.7374483512694687,-1.3916048251199118,-2.4936065638981995
0.007661727132223109,0.014498219036475576,0.007262586427650768,0.0037751618361486694,0.1184807447380948,3.7020623391209364,-1.414386839586474,-2.470124973512963
0.007648421883781772,0.014494017913584534,0.007247798899285022,0.0037924526951600757,0.11579905555598909,3.7044836614932444,-1.3969480672146573,-2.475342892426369
0.00797714429106041,0.014650851618001566,0.0075029842815281895,0.003263227418948113,0.16725374489510922,3.475918450978933,-1.8193320193453826,-2.24360343662007
0.008035446127228419,0.0146759340761125,0.0075431707672042655,0.003169049498191383,0.17504538439496806,3.42840639797057,-1.8889929331920683,-2.1964721277402015
0.008047839750885367,0.014686158660398177,0.007543895179016414,0.0031424672600130353,0.1756417544149176,3.4080006354719177,-1.9026379677374978,-2.180987832351638
0.008006625987704071,0.014663723265957877,0.007523357851603955,0.0032154959188801582,0.17123250455785813,3.451953527893912,-1.8547525565391711,-2.219883622133164
0.008018592766996856,0.014674247578963424,0.007523418377621527,0.003188999875310881,0.171756795852037,3.431264238439881,-1.8681445237839074,-2.204462714530805
0.007989001466555729,0.014661666341070466,0.007502825644150773,0.0032364834275946464,0.16777974150695527,3.4549786051586224,-1.8328949795341638,-2.228135980931395
0.007946939086149282,0.014637398117689032,0.007481789289437729,0.0033121842479864614,0.16307889850178853,3.5000695535302375,-1.7826042032199143,-2.2675176171398883
0.007958910418351643,0.01464867591852982,0.007481476891488273,0.0032847224946615525,0.16363281123766082,3.4785509230345046,-1.7966190696449493,-2.251751205257723
0.00793096144660362,0.014634510092386172,0.00746408987499407,0.00333212841063307,0.16003642554938227,3.50385495512052,-1.7626916137238628,-2.2753295757434415
0.00791085141744871,0.014636386516652874,0.007433649503548669,0.0033494006318244116,0.15540576101791023,3.4971723315208076,-1.7373555578646782,-2.278939590662382
0.007893405226670909,0.014633779992344526,0.007413297428807738,0.0033700031180998904,0.15200593488686873,3.499572632876687,-1.7156896012332823,-2.2863449103695186
0.007876490867847296,0.014628559215075991,0.007397288207895417,0.0033935444882159664,0.14915460214723206,3.507011807229994,-1.6947885271648409,-2.2961785391141576
0.007841379763625157,0.01460885084117766,0.007375984151422489,0.0034544546013980564,0.1445560381686597,3.5392429082963472,-1.6512056566725681,-2.325396179491411
0.007859888196248459,0.014620554997237314,0.007385486660168577,0.003420541643978815,0.1467686070625707,3.5197822547410627,-1.674261821674835,-2.30869749347085
0.007821047119184318,0.014602429944931244,0.007356169415283863,0.0034824713810580337,0.14097210785465883,3.5472679669542053,-1.6257664692685962,-2.336469978725915
0.007805116118152326,0.014595356221920888,0.007343299626154913,0.003507191400183796,0.13842267965755492,3.557340536477153,-1.6056789880446087,-2.3471294255996806
0.007790819792971925,0.01458753255492981,0.007333624678407231,0.0035314038384694694,0.13635620034666063,3.5691080500286922,-1.5874725277545565,-2.3581276475475623
0.007776311371586606,0.014579959046754451,0.007323124589980822,0.0035553812687575763,0.13417517866916914,3.5800891320600754,-1.5689041357437095,-2.368732642548125
0.0076889283906503075,0.014518418798070401,0.007277166691554039,0.003722000773673946,0.12237277224554632,3.672896645696276,-1.4522656527850444,-2.4461653623015582
0.0077296025762050085,0.014540007595295544,0.007309042976910521,0.0036550348426923835,0.12901800288521173,3.645025947150049,-1.5064446338593551,-2.4186113501119837
0.00769084391537971,0.014536601051861029,0.0072560405116364095,0.0036932088093188,0.12048333846996295,3.6371779726676503,-1.457897967355584,-2.4261324858997964
0.007708755279736497,0.014540438875073579,0.00727756828284879,0.00367233839921184,0.12419043424633903,3.6364509091211388,-1.4806210296645854,-2.420340821057982
0.007760041452409001,0.014572591704702697,0.00730960726203772,0.0035805465276409925,0.13151993083568522,3.589841853560944,-1.548095904160024,-2.3791807913825735
0.007740062172433309,0.014561635799655132,0.007295308478591591,0.0036140873418615696,0.12851987747124283,3.6052214771589948,-1.5222220351115763,-2.39377624193467
0.007394755500851766,0.014358278412982059,0.007010993917398863,0.004190923083248283,0.0671376820965142,3.819942334049235,-1.042089848868614,-2.6044310565978606
0.007355124758548851,0.014314799895335023,0.006993760881680072,0.0042870088967837975,0.06028934649832062,3.8731258879993926,-0.9732386313455067,-2.642473694097124
0.007380945209907552,0.014350006128984143,0.006997640009065764,0.0042131161054237256,0.06431462678822118,3.8255028335305457,-1.0219603540204982,-2.6106086076474084
0.00736711127599882,0.014341666392249056,0.006984160895422187,0.004235336864583814,0.0614612469826644,3.8309083773896817,-1.0017300860254352,-2.6166571166878914
0.007353245632878681,0.014333284770148468,0.0069705149476685406,0.004257546471857654,0.058588049096530155,3.8361018187071863,-0.9814008427827464,-2.6225464830340397
0.007327972828495916,0.014296338432516207,0.006968401229762827,0.004333861607595362,0.054594255496236,3.8862180732631075,-0.9315442929640622,-2.655469234577034
0.007340960195354484,0.01430611453857253,0.00697959798942241,0.0043099186177089415,0.05726172511983659,3.8782763324098393,-0.9520642191182632,-2.6483598133364334
0.007314709807208352,0.0142874203132811,0.006955655021743389,0.004356451717089171,0.05177188124401139,3.892047499087042,-0.9111220633103324,-2.6614374453564476
0.007301571149468145,0.014278582589221413,0.006942866880426216,0.0043787474081851555,0.04891998711687537,3.8975485700123857,-0.890875521148995,-2.667148573400864
0.007276384691334865,0.01426066361213847,0.006918910678551848,0.004422897075189994,0.04351247430918942,3.9092269447058388,-0.8512666412662858,-2.6785842170197145
0.007288566386118651,0.014269668156819881,0.006930225604952074,0.004401011667595677,0.04612319724009017,3.9030714142802405,-0.8706485816347705,-2.672800802663137
0.00723591319245703,0.014237221131471122,0.006873771784961486,0.004484020810015536,0.03436997523112498,3.9158729427268555,-0.790982299909783,-2.6899736844025903
0.007249910855804704,0.014245051484533386,0.00688980596764905,0.0044634670858082,0.037561774329442306,3.914365351494966,-0.8116266703549844,-2.6865189265820892
0.007263453535138381,0.01425241591064961,0.006905397975300762,0.0044438232720440595,0.04065024271247956,3.9130443710559106,-0.8314780965079341,-2.6831979805505024
0.007158810147651371,0.014166235701118558,0.006808931308342192,0.0046434149889030005,0.017171798020321535,3.9700810517768175,-0.6555557331200405,-2.7328877228350543
0.00711975014606885,0.01413909221803361,0.006765199808870601,0.004707692739672308,0.00784165932329041,3.9773295613660546,-0.5930190491176602,-2.742946612437789
0.007132502033121693,0.014148429415844843,0.006779195843175797,0.004685976352978735,0.01088426735080115,3.9743643217582267,-0.6138430806117139,-2.7393952925385494
0.007145528313602766,0.014157592099296916,0.006793677032576853,0.004664350072771879,0.013998249195159905,3.9717469590631205,-0.6347780074631472,-2.7359341112375097
0.007104951835322113,0.014146290416635177,0.006732780458513789,0.004701049581785341,0.004044230509363214,3.9482331070988876,-0.5843158404433736,-2.72946815380963
0.007157241713903848,0.014182321421449628,0.00679121352661963,0.004616078814408523,0.01640986863907234,3.939066002872097,-0.6668032330864806,-2.716354649187753
0.007221832841610948,0.014228817855142612,0.006858018857227768,0.004505472266514519,0.031156872139171513,3.9180933557130433,-0.7698579263004396,-2.693777179847702
0.007194582848364171,0.014209855586005264,0.0068296954513497,0.004551286634219076,0.024973574330732867,3.9265345017068998,-0.7269871078361118,-2.70323323013023
0.007207656314811441,0.014219832969270466,0.006842512741472226,0.004527847800848869,0.027910490126956723,3.921006849693551,-0.7482111265680094,-2.697919157143342
0.007182076167279218,0.014200271081922525,0.006817306656980834,0.004573699162267643,0.022119292392033443,3.9316594243236005,-0.7065714638706271,-2.708180983736925
0.0071700629179294526,0.014190807762972851,0.006805494087714578,0.004595594287779635,0.019390092478424825,3.9367835226345904,-0.6867587751312999,-2.71299448709412
0.006900412485213125,0.01399674892077043,0.006487908778209386,0.00503166491663523,-0.046864792533419346,3.9566028842597434,-0.2550624653300559,-2.7575728292083066
0.006888240769627522,0.013986241081580524,0.006473292501375343,0.005053330159650125,-0.05003578723820223,3.957471955598326,-0.233962662393248,-2.7589781604669064
0.006875813554301192,0.013975951994307172,0.00645790589686615,0.0050745511228178644,-0.05325479644337528,3.9573966024310976,-0.21289535733662882,-2.7598523414428837
0.0068627838482894984,0.013967456340810548,0.006440072823741253,0.005092534751622719,-0.05657882751720617,3.9534923613149435,-0.19334323111615734,-2.7587117282419893
0.007091963900300772,0.014137699590165607,0.0067175765112685885,0.004721263883595946,9.095221942558486E-4,3.949209813019356,-0.5641300020549749,-2.731893508568209
0.0070789760101247845,0.014128335141844745,0.006702902830014593,0.0047427285950076385,-0.0022465855525800626,3.9512840321899243,-0.5432814629228169,-2.7348581510348065
0.007052648211678452,0.014109969553192131,0.00667216428272832,0.00478482316588255,-0.00862045776451484,3.9535797345682684,-0.5015837670637322,-2.739674430921921
0.0070656999582016725,0.014119063725388206,0.006687487943190784,0.004764029792235656,-0.005434533265921529,3.9525964314691735,-0.5222202784323612,-2.7373998597603535
0.0070386905702925304,0.014114712916962308,0.006643591366309373,0.004781406646591675,-0.011991593400056007,3.9296047555788776,-0.4925406109324756,-2.7285876432855156
0.006998456585881036,0.014092716272745732,0.006590651872087259,0.004833630848316337,-0.02181258836268866,3.9205185578674944,-0.43523379253925515,-2.728638026033607
0.007012320775903026,0.014101689238902329,0.00660787224516277,0.004813313246628405,-0.01843295701703535,3.9215434476014566,-0.4561887795702017,-2.7275402390394485
0.007026316248990091,0.014109433183840128,0.0066261897943361925,0.004794979326452385,-0.015041878328374043,3.9245158062965317,-0.47619330532384757,-2.727418556993808
0.0069843436065976485,0.014083193207750646,0.006573283405027713,0.004854862524713528,-0.025251622775441795,3.9198362781885687,-0.413576771371225,-2.7298913553655186
0.006960653280380558,0.014058080349901256,0.006550749490306406,0.004906389315850044,-0.03122685532746159,3.9329561221707627,-0.3684631823043806,-2.7394775032286494
0.006968751701380307,0.014072402755870928,0.006554120251055528,0.004878637881440676,-0.029089445638239234,3.9191869096544667,-0.38944616208165334,-2.7312626337059283
0.006910505679816863,0.014024039474318298,0.006486610351567231,0.004980326713872053,-0.04375690388598735,3.9262862733374537,-0.2915991858262305,-2.740732522892399
0.006924814955418388,0.014030176229156572,0.006507719705485785,0.004965794959453407,-0.04017988036554294,3.9342653492882236,-0.3098668556151145,-2.7436750620375143
0.006935059888984867,0.014042321701865474,0.006517055913134499,0.004941476419854589,-0.037618180971015075,3.927430346476374,-0.33076886131820066,-2.7390841180971344
0.006947999158900379,0.014051488157999288,0.0065332439194707706,0.0049216639685346975,-0.03433229060057014,3.928397337294502,-0.35097065635042424,-2.738337560072217
0.00689730307061041,0.014014828440461145,0.006469584106150324,0.004999934424112254,-0.046976288124529704,3.9242977952604963,-0.271234295622416,-2.740804282836692
0.006746183227496217,0.013890858126146372,0.006275905061107823,0.005248618661898773,-0.08624598968650163,3.9090163268707308,-0.021442551642486447,-2.741078970496396
0.0067229374026844925,0.013869805901015983,0.006245284808521429,0.005288946636676917,-0.09251804113606957,3.905894696054265,0.018761160311417193,-2.739914017279206
0.006731108966824933,0.013883410608176808,0.006252714114565876,0.005263564359978123,-0.08998418030497067,3.8985679014543484,-0.0026614949586741855,-2.7360937348472985
0.006850112171310572,0.013957530789965375,0.006423711372170979,0.005112910147750987,-0.05989266237576817,3.95199554141017,-0.17257744077353157,-2.7587434146472027
0.006837759943848773,0.013946979135984876,0.006408187588476247,0.0051342465747701805,-0.06318328762254377,3.951598768185589,-0.15138934229629766,-2.759265387979107
0.0068125161541601,0.013926907483248112,0.006375047076648794,0.00517479279307791,-0.0698010160328406,3.9476990591798065,-0.10987013454871043,-2.758551460718088
0.006824859389270395,0.013937090756608574,0.006391092018588548,0.0051543575664193325,-0.06652254154820182,3.9491844209654836,-0.13054027465817222,-2.7587144218567725
0.006785397991751497,0.013924619567453878,0.006327289824453367,0.005182838879168142,-0.07589263079968755,3.914459086402965,-0.08751502342194116,-2.742624333575798
0.006798130167982705,0.013931306379975531,0.0063462573780196044,0.005168952735930043,-0.07271033469143925,3.921864112162988,-0.10423966269682697,-2.745899326858509
0.006770644370771333,0.013916146101950766,0.006305658737072874,0.005200076874392383,-0.07952135539745815,3.9067121469944603,-0.0674485552277354,-2.7391949733431393
0.006754261274770974,0.013905677547864715,0.006282123002940525,0.005220931355592797,-0.08369707184289421,3.899317629146645,-0.0441085664076425,-2.7359337034302382
0.006345897051182745,0.013495631460595556,0.005679730960618704,0.005937579110911459,-0.1973531953693999,3.7467903136751484,0.6791583206827524,-2.630671880322097
0.006355984754256474,0.013507299713136309,0.005696572878741681,0.00591899062943481,-0.19443541689564833,3.753205507212852,0.6604142846263077,-2.6357059711090263
0.0063311403289897554,0.01349796922415055,0.005652613009081081,0.0059293007789558054,-0.19896949853686186,3.7216517905759487,0.6785269019712069,-2.6177388392900016
0.0063196588793389755,0.013490179279452577,0.005632730845078403,0.005940220359219323,-0.2015352279893012,3.7098153719466747,0.6916441616941759,-2.610363074641993
0.006305960733281011,0.013481837289018583,0.005608869766747882,0.005951374708856421,-0.20432480700835978,3.6948256101221126,0.7057601676853053,-2.6012086629609423
-0.0053787534343116145,0.011982559170163123,-0.0032673889241022834,0.007616471657839067,-0.33329526009071714,2.176063528255898,-2.230172380876285,-1.328250910636103
-0.005355887821586206,0.011966330860798215,-0.0032221656932407907,0.007610930172255466,-0.32952390148606187,2.1440352487437475,-2.22430552483926,-1.3079473424253896
-0.005361766056412463,0.011981070687673895,-0.003245778073615416,0.007600038965395665,-0.3309615588245615,2.1611451408164544,-2.2164754120923056,-1.3230555471693863
-0.005404243638818321,0.012040318007827767,-0.003362691917662041,0.0075746944246959875,-0.3386391127022251,2.2453898890722113,-2.199994077002932,-1.3882743577829755
-0.005397836364841121,0.012026017408912688,-0.00333907526372975,0.007585155576709597,-0.33728117867041957,2.2281863909303006,-2.207618640722881,-1.3734141124481212
-0.0053913721414115745,0.012011647715974115,-0.0033152504937788347,0.007595493647051287,-0.3359318832009719,2.2108613194123663,-2.2150927256426,-1.3584654677744352
-0.005384991227353239,0.011997144676013193,-0.003291313624526449,0.007605931518613268,-0.33462309934469786,2.19346086634315,-2.222606848859313,-1.343393932734554
-0.0053938537594590275,0.01205335552118769,-0.003364435302585528,0.0075479298288795025,-0.33760518138533774,2.2471527924307364,-2.1786907472043033,-1.397544136480682
-0.005433216860539458,0.012140007361219252,-0.003505558441736708,0.007481581754525338,-0.34376170615892554,2.3497444919743766,-2.1290012461736474,-1.4862323002473572
-0.005426891342740475,0.012125558213162605,-0.003482504069729959,0.007493258847681685,-0.34291574412211506,2.3329646712896097,-2.137897615045073,-1.4715897168140606
-0.005399940881804391,0.012067834854170623,-0.0033875899083066455,0.007536696233180818,-0.3387203947008546,2.2639852519411914,-2.17035225485118,-1.4123061652506024
-0.005420304591740405,0.0121113426963193,-0.00345929290670774,0.007504228899910772,-0.341987920107742,2.3160750918081496,-2.1461744788899217,-1.4570374604290703
-0.005413275470088397,0.012097101963137484,-0.0034354383349969107,0.0075146258943434505,-0.3409448506606085,2.2987423452337707,-2.153928629778878,-1.4423161843878411
-0.005406353660456911,0.012082535097946595,-0.0034113071596294374,0.007525388518089802,-0.3398314275954573,2.2812187393937475,-2.1619333227578674,-1.4273161406917925
-0.005439735820381789,0.012154584880141385,-0.0035289117839866573,0.007469796047059358,-0.3445829313955672,2.3667353257098895,-2.119982892365655,-1.5010023983083356
-0.005461326469416685,0.01219722080970711,-0.0036000262912583634,0.007437032909666707,-0.3469454029071681,2.4184859680354234,-2.0948254861491318,-1.5448212936653827
-0.005446649011886695,0.012169087101747992,-0.0035526137814824786,0.007458362109985034,-0.345396503248884,2.3839755361114876,-2.1112192008908113,-1.5157914910993548
-0.005454045514648242,0.012183196203462246,-0.003576468012994275,0.007447775548581296,-0.34620699123261006,2.4013289878125534,-2.103108806096232,-1.5303694260485408
-0.005468024072043655,0.012211598197103263,-0.0036231109089750746,0.00742509484951841,-0.3475303387927898,2.4352937035932087,-2.085509284260953,-1.5593427987557245
-0.005451872908658089,0.012210767149710896,-0.0036012658575157847,0.007409920374371674,-0.345172792731786,2.4194928482270543,-2.072547832546992,-1.553161710086328
-0.0053364352208993765,0.011880324835497712,-0.003099510700149665,0.007687743119434833,-0.3218511915806834,2.0543841558480618,-2.280176067264819,-1.2218315424962745
-0.0053304332770914105,0.011865594707572,-0.003075183142749611,0.007697523608541721,-0.3200259481131305,2.036833031900182,-2.2868472541260148,-1.2064604059370758
-0.0053245900891420615,0.011850859609696576,-0.00305096586338758,0.007707334555185187,-0.3182388195464259,2.0193607750239124,-2.2935211449022734,-1.1910922004883469
-0.005318949301980988,0.0118361217858333,-0.0030269061265678575,0.007717222911373494,-0.3164341853261719,2.001994208804725,-2.300242039719276,-1.1757298820761244
-0.005313415883191037,0.011821353587627058,-0.0030028628549940875,0.007727115906882257,-0.31451852937566877,1.9846450767221848,-2.3069440037898428,-1.1603315652159418
-0.005307852561165847,0.01180656192797115,-0.0029786950375622068,0.00773685548592453,-0.31246152001910094,1.9672396048586587,-2.313488604497152,-1.1448939877359943
-0.005325783007489107,0.0118932161728967,-0.003102948380277811,0.00766175408387284,-0.3213843033769313,2.0579228479862532,-2.260015559029514,-1.2324737456628616
-0.00534420894643704,0.011937272728342337,-0.00317530278563569,0.007631874257519032,-0.32650764075760946,2.1101147536120877,-2.239206386878236,-1.278062030062818
-0.005338074013688886,0.011922759577838088,-0.003151453828486714,0.007641794281528449,-0.324873451031485,2.092900393493053,-2.246154422743516,-1.2630495782318045
-0.005331976577001358,0.011908017262620349,-0.00312732018796451,0.007651867885987214,-0.32315740108037977,2.0754855344434593,-2.2531808974704,-1.2478057569725796
-0.0053389625117936865,0.011964500584140213,-0.003200491651219529,0.0075949685002199,-0.3267142979706404,2.1295871918689304,-2.210772949180154,-1.3027712617219345
-0.005333803681164398,0.01195001318209308,-0.0031780503613745878,0.007606121426548992,-0.3253406444754514,2.113340646185343,-2.2188272824322492,-1.2881313348414904
-0.00528643410281406,0.011789332180266949,-0.0029346813752492815,0.007731484531964814,-0.307843417660906,1.9369688999058565,-2.307492134723258,-1.12511680138857
-0.005291702408369628,0.011804046538188936,-0.0029583783545486637,0.007721709377307377,-0.30987107034575184,1.953964638996062,-2.3009360353058175,-1.1403280613667715
-0.0052372535454528815,0.01165661568694267,-0.0027167020787301505,0.007811332854912337,-0.2866491189707259,1.7818830103740269,-2.3589921361414112,-0.9872606359243988
-0.005231739240564894,0.011642158731131587,-0.0026925618246461743,0.007819152235223815,-0.2840986954124625,1.7648741639934784,-2.3638090621301626,-0.9722194667798245
-0.005217036505239918,0.011640130081522398,-0.0026757682833395474,0.007804592109894931,-0.2814562616647624,1.7547585513614756,-2.3519730770210368,-0.9694399959781299
-0.005247565384865482,0.011686631298389573,-0.0027655570970703774,0.00779338456149474,-0.2917110889434699,1.816532911146912,-2.3475710361511837,-1.0184184086845571
-0.005242190277738847,0.011671809505179945,-0.002741180793123205,0.007802003300272809,-0.2892215064409695,1.7992745774268712,-2.3530301597941103,-1.003026872331666
-0.005252915254029805,0.011701619704565042,-0.002790067879031691,0.007784427251501053,-0.2942190886612311,1.83395631594567,-2.3418458363040284,-1.0339915228295438
-0.005258818557188471,0.011715880792238,-0.00281416227714208,0.00777667393258888,-0.2965893424327825,1.8509957400158827,-2.336992563236038,-1.0488535349322323
-0.005249608674878222,0.011728453294526955,-0.0028207233943240238,0.007753699023414377,-0.2963497221302378,1.857255183193909,-2.319654711915868,-1.0606872358564003
-0.005260666597754761,0.011757440583942418,-0.0028682775637669856,0.007736286763399482,-0.30087666778795175,1.8910479247516245,-2.3083292722554343,-1.0906218909412673
-0.00525097260682705,0.011745021721106353,-0.002842856407558956,0.007738337090415312,-0.2982026083547158,1.8735011345375996,-2.3088208762288143,-1.0773082285115738
-0.005261832682067596,0.01177375349079849,-0.002889687591378383,0.0077206770724175654,-0.302554908056814,1.9068176890354833,-2.2972152495352796,-1.1068813900560395
-0.00527228656016308,0.011786667080509784,-0.0029165106153924503,0.007718686125926595,-0.305317919790635,1.9253803495491781,-2.2967924565388578,-1.1208308591450722
-0.00591830373358797,0.012887863498982957,-0.004813005275161599,0.0068027226144772605,-0.3161523376544119,3.2937047279334926,-1.5290987959663422,-2.248694844773765
-0.005902438170465128,0.012889537157757596,-0.004786852551557831,0.006788191922787771,-0.31939050098001426,3.268288288656968,-1.5232707657880196,-2.2357017657606666
-0.005954915005069574,0.012938926229728932,-0.004898122132954471,0.006741695377764337,-0.3076054070507491,3.350655047959077,-1.4695373926105944,-2.294356972949488
-0.005948288536076626,0.012953508545152552,-0.004892643882700305,0.006711970247480179,-0.3097095328494292,3.3386482945992455,-1.4489121648459695,-2.2921298144568083
-0.005945702090780216,0.012926203763119731,-0.004876935463234665,0.006757037470589772,-0.3085750874961596,3.3365912503027615,-1.4845329770704794,-2.2830789797602034
-0.005939053219834095,0.012940796713131926,-0.004871613564078905,0.0067273168423983625,-0.3120685948951081,3.3247655671405583,-1.4639835580545533,-2.281045511527582
-0.005936529182831808,0.012913452405312716,-0.0048556740309350244,0.006772332109435471,-0.3112230257231762,3.322356314880011,-1.4994794021023432,-2.2717240791505535
-0.005929823375819219,0.01292805857837616,-0.00485048173533196,0.006742570483471038,-0.3140779055317103,3.310741394518361,-1.4789478597754526,-2.269839923260132
-0.0059273963698165885,0.012900672279216817,-0.004834354608015955,0.00678756717450862,-0.3143376255196716,3.308042718244266,-1.5143549121204207,-2.2602637025202426
-0.005920633886189942,0.01291526013654976,-0.004829292104821606,0.006757808246062077,-0.31570765641099247,3.2966516894951696,-1.4938241769063476,-2.2585373285913204
-0.00591151095256164,0.012902408011295401,-0.004808087011217844,0.006773037536259556,-0.3174050520504235,3.28251734776369,-1.5086067664485414,-2.2471593461253865
-0.005941339400087051,0.012968355395334188,-0.004887020702461608,0.0066822483281123715,-0.3057349236326487,3.328379149847351,-1.4220923477121625,-2.2917150875481522
-0.005950507349677808,0.012981120088800977,-0.004907634404704189,0.006666608213596873,-0.3037448212703095,3.341652617037775,-1.406795814033565,-2.302414158560039
-0.0059597744731977155,0.012993885904104779,-0.004928308737549985,0.006650893351839258,-0.3016241336523117,3.3549090793933076,-1.3913835866188802,-2.3130672421107676
-0.006039616547346734,0.01305210794500296,-0.0050867357201765,0.006600543312382169,-0.2896411725657807,3.4727397250181773,-1.3289031745957842,-2.391550497172754
-0.0060237293824496755,0.013054424710389312,-0.005059421065599697,0.006586477216451348,-0.29242555224839034,3.4459795431248836,-1.3245402449400185,-2.377545833320093
-0.0060782819823606655,0.01310163308438039,-0.005169283585907509,0.006536097137610932,-0.27949046189087706,3.524399971680703,-1.2637408503669278,-2.43208710071335
-0.006072197716072785,0.013116452402846174,-0.005162089091315734,0.006506086080267012,-0.28063170715876423,3.509672872469394,-1.2434538217501132,-2.42766691978013
-0.006088045350458172,0.013113938152874599,-0.005189765847028802,0.0065198456079858256,-0.27858084270088856,3.5368646186720185,-1.247257999941057,-2.4420299712601903
-0.006068557322679483,0.013089297407978533,-0.005148757029044822,0.006552278902199328,-0.2800089075702156,3.511747827986808,-1.2800931297217353,-2.422071683868604
-0.006062461727361772,0.013104107386242467,-0.0051417137809976554,0.006522313433872727,-0.2835349910576835,3.497192365586002,-1.2598731180352958,-2.417887868128005
-0.006058871466951213,0.013076931244923862,-0.005128154825766971,0.006568415514424994,-0.28213797062855683,3.4988658520454177,-1.2964033118406826,-2.411998663442978
-0.006052719481571944,0.013091766217074788,-0.005121220363500056,0.0065383949992660105,-0.28625398290433374,3.4845136988847902,-1.2761769960246527,-2.407964699495473
-0.006049224510282092,0.013064534716697497,-0.0051074727951093265,0.006584510098065908,-0.28588449394327264,3.485828089047326,-1.3126925697512426,-2.401837898505599
-0.006042993877247106,0.013079386283426349,-0.0051006401580896,0.00655441270989984,-0.28846442820853907,3.4717165861376897,-1.2923807769630502,-2.397913903785865
-0.006033325378372781,0.013066936128171851,-0.005080032164735879,0.006570441755630855,-0.29039166566991975,3.4588720689979797,-1.3085020151651134,-2.3877679749760463
-0.0060075491637382435,0.013056879288293135,-0.00503225010604342,0.006572556800287539,-0.2909947399862627,3.420919204962123,-1.313738205885928,-2.3654241476238815
-0.005998053265981836,0.01304427469404579,-0.005011776133529471,0.006588552378956392,-0.2931240962121451,3.4081416847470423,-1.329634406385046,-2.355240205296669
-0.005969189675347579,0.013006608107407195,-0.004949111951504476,0.006635209351181671,-0.2994259682927061,3.368221484682349,-1.3759440186857257,-2.323699636711446
-0.00597877612943709,0.013019233984779758,-0.004970068533806025,0.006619657520054364,-0.29723898639711704,3.3816306522459265,-1.360559122308706,-2.334319353622291
-0.005988452121192963,0.013031755469235655,-0.004991039337561337,0.006604197347711887,-0.29515463177211115,3.395022814512355,-1.3451965955795397,-2.3448674963896754
-0.005829607002505161,0.01275822809906034,-0.004596946047237257,0.006950549958109981,-0.3327218669969561,3.144964612077231,-1.670781822856723,-2.1286099642874396
-0.005822328447689176,0.012772499221580386,-0.004593211484831493,0.006921268157463085,-0.3336375960388657,3.1359106354386026,-1.6500693548844343,-2.128453290224915
-0.005820962260321794,0.012745112669881743,-0.00457511499807,0.006964939322729294,-0.3326003388200481,3.129748110560277,-1.684195618115088,-2.116124117793165
-0.00581368749885799,0.012759383894105664,-0.00457156422337776,0.006935716071180805,-0.3354683176028148,3.1208344862958337,-1.6636140171968814,-2.116194977769687
-0.005814676681731672,0.012787020245772837,-0.004589249441953581,0.0068919747404424655,-0.3298362346537287,3.1290498892996186,-1.6232828011954987,-2.1307819154429573
-0.005823270542815166,0.012800269910019792,-0.004610577742041226,0.0068770966168823664,-0.3283209069544039,3.1436220384967695,-1.6093226443452207,-2.1427564309506333
-0.0058320202336832085,0.012813550279985994,-0.004632072969540209,0.006862145720047923,-0.32667552038524567,3.1582741443217723,-1.5952449759426302,-2.1547452805898573
-0.005840959185718882,0.012826760148438069,-0.004653737578906989,0.006847308145957833,-0.3249867848004007,3.1730331364574638,-1.5812124148813789,-2.1667269239577323
-0.00585912506073794,0.012852807677292495,-0.004697051006314088,0.006818018853126343,-0.32174167649914653,3.202477781538765,-1.5533357119392532,-2.190432601434271
-0.005850031397443121,0.012839836818264996,-0.004675452054531119,0.006832641599674886,-0.3233393096324915,3.187816564439568,-1.5672783051985817,-2.178642800330294
-0.00588636447805486,0.012891422994851494,-0.0047610495065217515,0.006773751205495229,-0.3168512478013092,3.2455379193523792,-1.5108743704569525,-2.225064866493702
-0.005877280137584022,0.012878579010554211,-0.004739820592413465,0.006788599996806244,-0.31851087988917354,3.2313205411498243,-1.5251577181043523,-2.213628404925118
-0.005868199310614722,0.012865716779914162,-0.0047184903760565606,0.00680333957709564,-0.3201442662010074,3.2169670839400584,-1.5392968117178112,-2.202087317577852
-0.005519932855114238,0.012282825770541787,-0.003761528059861959,0.007382325030103761,-0.35174475649594705,2.5367924482365214,-2.052341654677109,-1.6379440645397005
-0.005512870432360833,0.01226885503618859,-0.0037386070123058717,0.00739416442147148,-0.35129726865470207,2.520040207461616,-2.0618161927257472,-1.6237010999789774
-0.005498529610511063,0.012240787649199112,-0.003692134254456233,0.007417361198575371,-0.3503038714075842,2.486092652669329,-2.080193200773047,-1.594936133437147
-0.005505717713600265,0.012254869068886865,-0.0037154762658041514,0.00740579018947284,-0.35078396247085597,2.5031404018232024,-2.071055163416872,-1.6093794207468315
-0.005545987735140537,0.01236718445892449,-0.0038750801312767333,0.007291861141058182,-0.35094222744955755,2.618302301910953,-1.9785089514856444,-1.7155318215877242
-0.005538579533397332,0.012353128812814118,-0.003852216158923421,0.007304266901344932,-0.35088112875053984,2.6017368510745587,-1.988707146129545,-1.7015120220642588
-0.005531258364391567,0.012339036753677313,-0.003829359237410741,0.007316660655628198,-0.3507747074885827,2.5851692938484905,-1.9988473582767756,-1.6874511925088551
-0.005524082408455945,0.012324865000693666,-0.003806548011706334,0.007329158602364481,-0.35062773103799044,2.5686326085212468,-2.0090275784740625,-1.6733391832588218
-0.0055171429501922305,0.012310639801979712,-0.0037839271802992893,0.007341814775960077,-0.3504499542855255,2.552232925677542,-2.0192956137660265,-1.6592292823089905
-0.005510436639581665,0.012296492873080591,-0.003761610298745263,0.007354449807416274,-0.3502382284728122,2.5360441703759435,-2.029505905915117,-1.645218280818759
-0.0055534971956337055,0.012381262448670327,-0.00389802432308474,0.007279374627645497,-0.3509625688373548,2.634916206324647,-1.9681959779382143,-1.729560889556019
-0.005474592730621441,0.01222623400214186,-0.0036462001194987833,0.007412542674879928,-0.34805750722896384,2.452089207212173,-2.0756446485719446,-1.5739852480593635
-0.005481666806454348,0.012240743514445193,-0.0036697459332496684,0.0074005148080966586,-0.3486012601318738,2.4692127136055073,-2.0661743626966014,-1.5886490175171233
-0.00576996300598664,0.012665855778034214,-0.004442993949867983,0.007049954546459135,-0.34150403226798093,3.036376709847309,-1.7629246595645072,-2.039684923017559
-0.005754046330278779,0.012666585578816248,-0.004418162760023835,0.007035066219022849,-0.34413112866384427,3.012872690444406,-1.7554610424999113,-2.0279081302781026
-0.00577835898009388,0.012679131780828632,-0.004465114202160113,0.007035965380579144,-0.3407438012392296,3.05204970572866,-1.7501040838833235,-2.052644215207352
-0.0057624238859688036,0.0126799321785998,-0.004440191398653561,0.007021051195998908,-0.34286544099963506,3.0284922098440084,-1.7426712462339962,-2.0407216773098287
-0.0058123587658461115,0.012731970148814607,-0.004553221015943404,0.006979271669678354,-0.33355315007138625,3.1143629455190727,-1.6975264748979433,-2.103594830043799
-0.005805049693011967,0.012746262840748708,-0.004549824658806642,0.006950035090203743,-0.3371401733899185,3.1056198389241794,-1.6770408665450403,-2.103830899221006
-0.005786796627480345,0.012692381351478463,-0.004487200349635625,0.00702190045070715,-0.3394465349655374,3.0676785802098823,-1.7371333507888658,-2.0655240822923107
-0.00577084097133888,0.012693265817399185,-0.0044621789928986156,0.007006945322839885,-0.3416878683518468,3.0440288586021143,-1.7297643144461536,-2.0534681994642203
-0.005795275864055084,0.012705604357736414,-0.004509250024729827,0.007007761169900759,-0.3377722340317079,3.0832765486715545,-1.724025383129038,-2.078310437138216
-0.00577931145484116,0.012706580904187139,-0.0044841432695154,0.006992767082988676,-0.3405736473794383,3.0595040949332417,-1.716742520946193,-2.0661587456892927
-0.005803796605215207,0.012718800667499657,-0.00453126097637596,0.006993548937116259,-0.33561069791720577,3.098848753343771,-1.7108096538970685,-2.090998057466568
-0.0057878397962083635,0.01271986524411582,-0.004506084105731838,0.006978538265685195,-0.3395119052465249,3.0749266997206326,-1.7036065879785147,-2.07879288301957
-0.005796424643500562,0.012733096536126948,-0.00452798777037974,0.006964292226545383,-0.33844367871768233,3.090303028581213,-1.6903690208730706,-2.0913576199461743
-0.005737905674205671,0.012667398536102138,-0.004393582805975523,0.007020495917902678,-0.34098225504515306,2.992860395429909,-1.7419489811127953,-2.0190457706956235
-0.0056963972828492256,0.012600250031747888,-0.004282977231538935,0.0070888785922732225,-0.34556365269588163,2.914411522756477,-1.8034682094240928,-1.9543948616721512
-0.005704657060650243,0.01261376616273125,-0.004305271892078434,0.0070753234997092814,-0.3447229044449374,2.930295000487264,-1.7913682741985275,-1.9675011156832822
-0.005712946349403491,0.012627222035807907,-0.004327480839296121,0.007061740291090239,-0.34383408984702274,2.946085384795523,-1.7791954925916897,-1.9805141382476983
-0.005721240779623513,0.012640628840867946,-0.004349575309843892,0.007048092277990613,-0.3429173943884652,2.961758560979977,-1.7669183554116359,-1.9934279951617146
-0.005721501624158438,0.012668300481643751,-0.0043686458897470295,0.007005409588132501,-0.3402542492133138,2.9713964355766156,-1.7304066622179255,-2.0093782771618343
-0.005713178420371578,0.012654923278861746,-0.004346825964350077,0.007019175606129804,-0.34123601395558284,2.956083976958237,-1.742832185030381,-1.9967524627560629
-0.005593784541570051,0.012422498577933781,-0.003990864709572607,0.007259143198995811,-0.3522466594695874,2.703988417901913,-1.9510512237513655,-1.7790817588817125
-0.005577159221892881,0.012422932747274358,-0.003967497099362582,0.0072428956919180195,-0.3508209733141505,2.68524196346293,-1.9377853428712355,-1.7714396032346482
-0.0055691834722843,0.01240929312848503,-0.003944504737887155,0.007254766353382993,-0.35091316248544274,2.668578630568985,-1.9477308139948584,-1.7576697556916028
-0.005561199512568456,0.012395369623071311,-0.003921184226152887,0.007266882841769548,-0.3509474824752425,2.651681958502463,-1.9578317513313463,-1.7436445189670613
-0.005624704421808638,0.01247759331350238,-0.004081623822471622,0.007208187437576744,-0.3510234347319692,2.769761443705042,-1.9077801438619275,-1.8340816386146839
-0.005601368685049502,0.012436355857340688,-0.004013536851582961,0.007246366459400695,-0.35204324208477383,2.720446543252487,-1.940265555732562,-1.7929135346015765
-0.005616869665725809,0.012463951540308977,-0.004059013152351676,0.007220857128534459,-0.35133625300911103,2.753398020419615,-1.9186077372764225,-1.8204613430481535
-0.0056090469248626,0.01245021394893934,-0.0040362614634311235,0.0072335310395361995,-0.3516909036834468,2.7369184134496387,-1.9293883441687925,-1.8067262785488276
-0.005662995335227816,0.012573939208079253,-0.004213193562420646,0.007099640583864696,-0.3461198259958706,2.861393384207577,-1.8145864016159579,-1.9188468377789398
-0.00565485592013146,0.012560255319650304,-0.004190823629429053,0.007113018145508655,-0.34678661299371677,2.8454676671386383,-1.8263337623734655,-1.9056291305351485
-0.0056469269725269,0.012546448829189571,-0.0041685880199012065,0.0071266193760185365,-0.34742320863006343,2.8296479197565354,-1.838215345122596,-1.8923784524254532
-0.005639234663134368,0.012532572605171217,-0.004146559563910582,0.007140390552697322,-0.34803164549725923,2.8139793243527556,-1.8501868195754516,-1.879134921301919
-0.005631595471087447,0.012518801529721806,-0.00412459831010029,0.00715391088777561,-0.34857958373842046,2.7983139540493274,-1.861899234484525,-1.8659103370130354
-0.005623825699360578,0.01250519750962941,-0.004102485295758555,0.007166925778649324,-0.3490621755945175,2.7824748897052234,-1.8731368502199164,-1.852661337412062
-0.005616080446832428,0.012491637900589029,-0.0040803594021939634,0.00717975618150158,-0.3494825078602708,2.76659590753153,-1.8841698988009956,-1.8393925495233585
-0.005671294401084991,0.012587517444378186,-0.004235639772097799,0.007086415403669729,-0.34542035199954374,2.877375746413131,-1.8029129101409238,-1.9320193992042982
-0.005679714954731019,0.012601042178828096,-0.004258146242624793,0.007073229853845091,-0.3446848784292884,2.893392464272195,-1.791216980337009,-1.9451606804207502
-0.006365927441985931,0.013434168988720427,-0.005723491188337894,0.006056707080754258,-0.20152843983361682,3.8292142768638047,-0.7643212242265068,-2.6646932256703963
-0.006361165802829582,0.013449422869361682,-0.005712892181380466,0.006026656963735347,-0.20274360517813791,3.8087034271710087,-0.7463397189976336,-2.656125875656903
-0.006376734159396443,0.013445568842486738,-0.005742500584491606,0.006038686761989168,-0.19787529086346334,3.8380611687385517,-0.7452358975161394,-2.6712400264284177
-0.006372006820267578,0.013460853748676232,-0.005731745624858655,0.006008623405864066,-0.19988593992483805,3.8173560992169233,-0.7273725220201449,-2.6624713113836136
-0.006387576634705021,0.013456934686954743,-0.005761459268975976,0.006020601229027985,-0.19372352376065635,3.8468159553700225,-0.7260442714405394,-2.67762939773364
-0.0063829139040173484,0.013472237330978971,-0.0057505988376743665,0.005990561829389209,-0.19697985703577278,3.825925438411813,-0.7083187523040047,-2.668710286723964
-0.00639845476026239,0.013468266409335267,-0.0057803491365030725,0.006002467736293028,-0.19016827331130579,3.855434705237371,-0.706807005854898,-2.683889756469212
-0.0063938620233984595,0.013483579248791506,-0.005769407987908172,0.005972454451996686,-0.1937737085203348,3.8343771485532376,-0.6891835849129945,-2.6748194088428785
-0.006409368428048451,0.013479563897172281,-0.005799161559382305,0.005984294630278881,-0.18797230909950743,3.8638447152509166,-0.6875487879322364,-2.6900482079166523
-0.006404822056425078,0.013494906969663536,-0.005788115974519011,0.005954245781508202,-0.19027746696915068,3.8426353770378,-0.6699727612141081,-2.680773234102165
-0.006420317529674785,0.013490827038345834,-0.005817910912204782,0.005966068090281,-0.186376191903071,3.8720238753260627,-0.6682236836232679,-2.6960947552963668
-0.0064157934039560105,0.013506239208865118,-0.005806715181436211,0.00593590444137151,-0.1868866940586714,3.8506601832652643,-0.6506885918369677,-2.686572680069364
-0.006431301956387211,0.013502055721075015,-0.005836623028585214,0.005947762973459972,-0.18350516097144057,3.8800423918783458,-0.6487565310354938,-2.7019801036683018
-0.006442321599068367,0.013513249833920802,-0.005855301971084164,0.005929375170935127,-0.17892783009994814,3.887983468368743,-0.6291347082824471,-2.7076631241250375
-0.006426811155699925,0.013517555619100176,-0.005825269649487327,0.005917475569747893,-0.18392568390213634,3.8585132779287004,-0.631332213810527,-2.692253907470253
0.013611521569702651,0.013896877218294804,0.005655839794865691,-0.00524132911582017,0.21085412057658612,-2.4525175246849886,-0.7153922245218821,3.4467076269483035
0.013596633264111164,0.013941278910284507,0.00566494462483419,-0.005169100822682932,0.20580755826679084,-2.4247862977434065,-0.7489515595859235,3.401598423446113
0.013409516540789616,0.014151071728094745,0.005875760861802721,-0.004824942626419339,0.19103964629762796,-2.306816556652597,-1.0214594995605282,3.254868926162698
0.013455998169675375,0.014066941568354866,0.00584269505543148,-0.0049641871270287305,0.19916966186161544,-2.363131408819584,-0.9487378402954711,3.3372066980250916
0.013434064907944786,0.014111266287744229,0.0058566822778505015,-0.004890984845865718,0.1947015982289084,-2.333355102593839,-0.9846929765082296,3.292593304491381
0.013494483556327682,0.014038679162379416,0.005792982710820305,-0.0050116484246819646,0.20012444485946326,-2.3772993146307155,-0.8965899704902709,3.3491760806922515
0.013528045612496433,0.014010655842501045,0.005750335906854877,-0.005057670521822638,0.20135795476199678,-2.3910991801105337,-0.8498581039990968,3.362692624516168
0.013561484995698422,0.013978109377874866,0.005708797999123609,-0.005110325350192937,0.2033576570094364,-2.4071905637737845,-0.801400044042975,3.380798060411536
0.01350152455741416,0.01407771509998284,0.0057640418831953685,-0.0049486304566030235,0.19447791419275945,-2.3473789459430403,-0.8990796378428133,3.29443549063581
0.013656330038941565,0.013892278723798591,0.005583292777491339,-0.005244495396796955,0.20765186503165003,-2.4420190881199493,-0.6635984180349989,3.4160612085073567
0.013853202626297752,0.013644326892780601,0.005310611449017225,-0.0056152189204583544,0.2251377139650331,-2.529299538799258,-0.3303107581017278,3.532970240668696
0.013822515165189675,0.013668894017370826,0.005358626170065561,-0.005583149537103627,0.2245781054912914,-2.528187414681201,-0.37602794601722667,3.535692297227079
0.013790520252559633,0.013689181407195569,0.005409088377915521,-0.005557763694142022,0.22475588092280166,-2.529537493133688,-0.4208577300110768,3.5437042384410735
0.01378817112979377,0.01372776713264809,0.0054061596266350995,-0.005493842877222422,0.21952940016471204,-2.505144086500779,-0.4442382693795331,3.499704072973674
0.01372545936704306,0.013769226288920087,0.0055021979126287845,-0.0054382291930015645,0.2191825817830276,-2.502948926699984,-0.5326502349962631,3.5085533632166768
0.013691496342881719,0.013798100524414658,0.005551944178277513,-0.00539595641243909,0.2180232285817207,-2.4959358640466163,-0.5834682092039395,3.503716127420001
0.013773885874928843,0.013770943342085345,0.005421275283920509,-0.005425523318189668,0.21465377399798677,-2.4826108256488904,-0.481728839477697,3.46170775711698
0.013688715743511874,0.013849697069913097,0.00554256400722349,-0.005310569947384345,0.2110616068051257,-2.4611235033264385,-0.6100305250659114,3.4418296062119746
0.014132819159576605,0.013293568122302266,0.004839334794438282,-0.006073467801582679,0.2451549985579083,-2.55732653536459,0.17695098305058352,3.5766826815356145
0.014048717624343511,0.013398096543790787,0.004990391401479489,-0.005946654530537959,0.23989053487809198,-2.561824988435091,0.02304765015099577,3.5802862391860457
0.014084545171369898,0.01335497550806704,0.0049270990620450235,-0.00599938649256672,0.241926135755664,-2.560454822512892,0.08755408718851598,3.578943057978971
0.01411031593425738,0.013328717594365684,0.0048814527387575,-0.006028568534747049,0.24265540808149336,-2.556096544173059,0.12995447740428248,3.57198123746355
0.01408603103636762,0.013392181739816822,0.004928417143335799,-0.00593745059484048,0.23660835843789105,-2.5409249023121423,0.059669281969875844,3.54015121681601
0.013909496864219068,0.01355506596253711,0.005224322951705653,-0.005745538322744245,0.2321471644706142,-2.555489052967325,-0.21835922464741794,3.5745885187264563
0.013882818118312067,0.013584815048444717,0.005267011949673025,-0.005705193605321481,0.23086813297331774,-2.551531106976516,-0.26375472865887456,3.5701533598756554
0.013880919113439517,0.013619814584372981,0.005267088327207068,-0.005647318985742424,0.2258003701979967,-2.5309211210854365,-0.2876735582310708,3.532168325255499
0.014034046162480888,0.013430371734317981,0.005016799634212059,-0.005900398196655191,0.23713842048449704,-2.554071029732602,-0.014245777923193299,3.5650238326560753
0.013983767304850708,0.013479365078080908,0.005101848503615904,-0.0058420469872025585,0.23565652968667103,-2.55764239270227,-0.09538153905324699,3.573158335933972
0.01401867177721336,0.013462709124113027,0.0050436144266975125,-0.005854105695453355,0.23381688056675123,-2.5460229771657708,-0.05166920871278648,3.5497470715140893
0.01395491444097797,0.013561185443257092,0.0051484697736689155,-0.005718243361444779,0.2269471238911707,-2.5272030745679683,-0.1783847275020266,3.517369318112506
0.013973632463385306,0.01352289660775003,0.005118592105611503,-0.005774091103492779,0.23039609809069725,-2.5388873363966664,-0.1351911563976604,3.5379559298844545
0.014222221995762644,0.01311803936713852,0.0046538926738000745,-0.006303016381316493,0.2587994956351258,-2.565668364209717,0.3986594610928003,3.6134168672297027
0.014215739960516558,0.01315468327351823,0.004674503721228247,-0.006247879366749503,0.2544036645027669,-2.5565469736764364,0.36052442578394844,3.5909655156178784
0.014205275081591445,0.013192030932824101,0.00470085661789596,-0.006194224410119071,0.2504511493147385,-2.549500093997588,0.319551455485177,3.5727760826749306
0.014191523526460399,0.013225852400534336,0.004730853533930118,-0.006148191785259375,0.24714945210273975,-2.545555572999508,0.27984043939367015,3.561363493408578
0.014163196472621941,0.013275462397206061,0.004786639945357431,-0.006085068638823831,0.24350538646840186,-2.5443187157569644,0.21600044600431798,3.553862624787732
0.014169544073479482,0.013250669548123937,0.004771660455884382,-0.006121598429586172,0.2469578677317695,-2.550755718063577,0.241852961612315,3.5682866740734496
0.01417119622984115,0.013301861852786754,0.00477818520879716,-0.00603751134908729,0.23955562134697628,-2.526886657529752,0.20057157367034226,3.519024692225906
0.014255627284550099,0.013106864222221763,0.004596476239536282,-0.006297273904448743,0.2558982893485439,-2.5437800963856714,0.43230351175580156,3.575100516698424
0.014287314287620909,0.013088386164104609,0.0045399595421494925,-0.006303836174274095,0.2539139788882327,-2.5254860684951375,0.47052521199115277,3.545034596448885
0.014407440036050878,0.012842671070858696,0.004251229405002415,-0.006592829448845747,0.2705257579697222,-2.4921311649490767,0.782063933158895,3.541587737637898
0.014406937480937227,0.0128784162988577,0.004269103285509081,-0.006537774122866939,0.26577663021558623,-2.4853062120506695,0.7451005425494205,3.5196391198989665
0.014459279098749053,0.012801264614585181,0.004150527669528423,-0.0066089346693684265,0.2678974671474055,-2.454307235101165,0.8493348775999713,3.4860626116347793
0.014442081479914983,0.012830541280961255,0.004191749613602883,-0.006580060191763566,0.2667418004999507,-2.464316828074195,0.8112431378611668,3.4954339498279388
0.014399182360302581,0.012911813775878606,0.004296355284503928,-0.006492701114207633,0.26255308282878814,-2.4845316529756687,0.7074107567050579,3.509581040761731
0.014387435485521816,0.012948120787379837,0.004330326093747463,-0.0064462297837223565,0.2591242841625261,-2.4856944859822807,0.6650772457113382,3.5027575786336484
0.014373247241084812,0.012980896280631564,0.004365839914644159,-0.00640686617057985,0.2568410748039049,-2.488955979307726,0.6252004355255821,3.5010443210921465
0.01435770532563945,0.013017023403530404,0.00440404185560668,-0.0063628921727486186,0.2542777298954803,-2.4916293246498182,0.5814584276352343,3.4979364821605956
0.014343957792602516,0.013053564185766852,0.004438777862167869,-0.006316361310400837,0.2512992992208351,-2.491867744317187,0.5386942129235387,3.490918284254987
0.014324579414102848,0.013089940806089597,0.004481423970748437,-0.006273843266306548,0.24887359202375017,-2.4956841399465426,0.49307454426190606,3.490932293806264
0.014588103058428382,0.012565598491945364,0.0038176970093939354,-0.006829350784801034,0.27683681607186333,-2.357608022404404,1.1469636724996113,3.3945374432974718
0.014545896769903189,0.012608401734921063,0.003907667648080645,-0.006812043243494686,0.27869588595469924,-2.395512279179584,1.088114358102275,3.445623916802782
0.014582465813512392,0.0126002682086195,0.0038489149585566843,-0.006785206057179889,0.27355387749612964,-2.3623683828768005,1.1077113522071012,3.3899593779375405
0.014534348375437094,0.012643924821003336,0.003947379988063271,-0.00677162925767197,0.27605860612168165,-2.404371857193539,1.0457424421257864,3.448496921524055
0.014532827902868438,0.012686912507750423,0.003975942015792138,-0.006709501092983765,0.2711689514388956,-2.402853741244741,0.9990590792061144,3.4310467978745423
0.014506300880724434,0.012760244055974052,0.004057528434564993,-0.00662637989442332,0.2659284715747184,-2.4188945808927906,0.9117721581936443,3.4357273134052315
0.014525572444038074,0.012731630568766302,0.004012796787585049,-0.006650359093879165,0.2665180093080161,-2.405205393705143,0.9490775626686777,3.4204773651255493
0.01450525826478181,0.012796655975097508,0.004078679398281187,-0.006572896073950487,0.2615688374049094,-2.4149853506954386,0.87371045862922,3.4178415221232323
0.014625144723766529,0.012553909122280877,0.0037566739803041875,-0.006805914324922581,0.2718116525578032,-2.323793819762233,1.1688104812658542,3.3393234561240916
0.014632545815731585,0.012522190116914834,0.0037242045041513175,-0.0068427623624699955,0.27464278304664735,-2.3162262877033624,1.2049193025671276,3.338307347036891
0.014725424093642548,0.012238575071460171,0.0033726056174753897,-0.0071213197566382,0.2893449656393118,-2.194354555746154,1.53172140689038,3.2496632496398847
0.014741143638525717,0.012213656342797412,0.003329903180106471,-0.007134031143263437,0.28892157462026263,-2.1739959826629924,1.5599351851619845,3.225918226502132
0.014657057340603075,0.012497536805667446,0.0036722353816515314,-0.006850133438505208,0.27308156062767175,-2.292759888802125,1.2367522916161622,3.3067945848675104
0.01465537348421811,0.012434170098148357,0.0036278545704421547,-0.006940525349213683,0.28060305574638283,-2.2897705393773164,1.3060171745206404,3.3277660644067386
0.014678813886313242,0.012466579469080273,0.0036195188622812485,-0.006868614710107523,0.27303202901836804,-2.2709393123920383,1.2742044138425952,3.2809163807299235
0.014679570355544447,0.012336670557423735,0.003517522466030819,-0.007046391619376077,0.287220861837026,-2.2554741327051846,1.4183177971595193,3.3108237496311888
0.014691688341444787,0.012320239990160912,0.0034874701807746577,-0.007053961756781574,0.28675770894070274,-2.2415867286548625,1.4378244628585246,3.293792571471999
0.014669287927393295,0.012399156821155425,0.003581628054399174,-0.006972834752582999,0.2820791084801599,-2.27335430736682,1.3469387860597617,3.313920132389864
0.014678227617701777,0.012363122452010216,0.00354080583536511,-0.007011791862010476,0.28455572255566297,-2.2605476062158227,1.388318551122957,3.3074334595172545
0.01472897408800969,0.012268273362972764,0.003393627431443103,-0.007077473264093062,0.2855904864432333,-2.1972810195990626,1.4982754917564094,3.2398715324978786
0.014714800094359706,0.012303809793599471,0.003442604323907996,-0.007047697458335784,0.28434771091980965,-2.2171592596967042,1.457879026680492,3.25804592333743
0.014959843405036291,0.011383492354516208,0.0021592404103331756,-0.007742018652479075,0.30938290229659055,-1.5582086649785765,2.4057605141134144,2.6664539942948395
0.014948219314241649,0.01140800109568737,0.0022018264135203777,-0.0077390444349431774,0.31072712993538903,-1.585944188907556,2.387943817792777,2.69860118233651
0.014937419736104142,0.011460543441349816,0.002279678296302745,-0.007707631244876229,0.31020477810927183,-1.633394984181717,2.340208341457156,2.7432849392104073
0.014947526015467028,0.01143431229522407,0.00223649432180935,-0.007715711048103314,0.30941167377275597,-1.6061546084680216,2.3614692868925364,2.713539795015994
0.014872541657173728,0.011639926124100529,0.002568159065471273,-0.007631488326694055,0.31297422359044186,-1.8084046912828946,2.1803458527939683,2.92855513003634
0.014915775111312183,0.011529410526038375,0.0023878255629552845,-0.007675956061113673,0.3108541854865607,-1.6996355489986705,2.2795181197199796,2.8114284975493464
0.014909450703066098,0.011559386300382932,0.002431446756389692,-0.007656104960477499,0.3103473612778962,-1.7251317307184968,2.250799467479595,2.8348994031599135
0.014896983118071756,0.011620656962044514,0.002519136443604703,-0.007613060393912832,0.30898658579201016,-1.775286378751233,2.190742093264825,2.8800410408913275
0.01490948172511548,0.01158979460347306,0.0024687622780110575,-0.007625091748390672,0.3083478512175642,-1.7450289007313262,2.2182780774037085,2.847249441033377
0.014941818232524095,0.011490564067023054,0.0023135395455459186,-0.007671599235223452,0.3074969502609255,-1.651322151731469,2.3066892850403273,2.750635545770896
0.014942238340307957,0.011519115249764643,0.0023488751265236247,-0.0076431790226719745,0.30567096265252075,-1.6708385520463442,2.2767918106717744,2.763140762750298
0.014873728321246131,0.011666079305612262,0.0025982353821608884,-0.007601649322046408,0.3108694423952451,-1.8232927214264982,2.1510406127156294,2.93552098996054
0.014868942223089161,0.01169558671911833,0.002638319286392028,-0.007577218765181568,0.3096259571928995,-1.8449169954955094,2.1204369319646434,2.953241458418515
0.014846805739496217,0.011716665232884027,0.002687362475296107,-0.0075884579322843945,0.31297544931457555,-1.8766313556712586,2.1053696960835953,2.997604401118562
0.014848189707153039,0.011745065516370137,0.002718844771805858,-0.007554700431607512,0.3103226702988295,-1.891284848644583,2.0730266739586374,3.0032171141586503
0.014845959913111956,0.011772292727462578,0.0027525597093703788,-0.007527509552941112,0.3087440569323443,-1.907990680440195,2.0432398242540746,3.014120732467101
0.014759156057137426,0.012079609646922626,0.003181851818173039,-0.007283231145454138,0.2989494464550706,-2.119584523883437,1.7116774512230033,3.2018616358801717
0.014758215610343312,0.01214526582165874,0.003245500936011126,-0.007200540690552368,0.2927790857936761,-2.1403242317709332,1.636884866236614,3.20201024568317
0.014763947399185502,0.012113547146842582,0.0032083482340154556,-0.007233528628749166,0.2948515412800666,-2.1257327453216512,1.6725040944834555,3.1933611697949913
0.014768736954060757,0.01204233881585466,0.0031331125066168188,-0.007317159936447341,0.30081756701445067,-2.0980347680623974,1.753399665739327,3.184807447042396
0.014792790687198099,0.012012945254424394,0.0030737672147826446,-0.007320312736565269,0.29856918844470165,-2.0650753513709366,1.7835557816740786,3.142276248220658
0.014776105098919481,0.012197322345798841,0.00326996551618317,-0.0071102422087243695,0.2839979556430141,-2.1377529326775804,1.5774220719326337,3.1692973015571124
0.01478463217611091,0.012163605775562903,0.0032285951948456495,-0.0071423221273924425,0.28575721624545936,-2.1210542831968326,1.6146167244209357,3.157120174562117
0.014826421185042321,0.011812484770841725,0.002820263668444001,-0.007511169630722142,0.30969613384940825,-1.9464093886009948,2.004096317546353,3.0570772129233177
0.014843448898506511,0.01179609508944565,0.0027823417070768457,-0.007504316369082944,0.3072028440824749,-1.922682201324724,2.017310239144263,3.0241303097688363
0.014831915400750515,0.011836921681106491,0.0028410906920945766,-0.007474681335653355,0.30640366908091293,-1.953558358729014,1.974801528999883,3.0526259264346796
0.014805586040430627,0.011924698531144789,0.002967088679794662,-0.007409649049811699,0.30432199259752224,-2.017902912482357,1.8818397499994888,3.1121857735645966
0.014799962612532686,0.01198160697764873,0.0030331500177124726,-0.007348726578284962,0.30017427417245385,-2.0464903982154756,1.818025855482816,3.1277776564783237
0.014807825518761922,0.0119531701617646,0.002994253144940857,-0.007372111584331833,0.30117973217455035,-2.027831965132371,1.8488637507814984,3.1116020696258855
0.01483214768493185,0.011863421659960563,0.0028698651100258006,-0.007443505710453263,0.30414204864747235,-1.9660325754250427,1.9448353462929255,3.0572039111893825
0.014826342058821926,0.011888061113436973,0.0029033193454975023,-0.007423106799415549,0.30314226363912905,-1.9826777675168683,1.9185495573016815,3.0712787917833246
0.014816460096984188,0.011908788650161171,0.0029371927448369737,-0.00741293437943013,0.3034670426747877,-2.0009745450025958,1.8974773828518676,3.09132215934013
0.015022082916349414,0.010860057715769101,0.001374595134827936,-0.008026911237688054,0.3131909048264832,-1.0382175332179637,2.832957899804596,2.1854770405416537
0.015053917927793302,0.010775649079642362,0.0012300577426326068,-0.008015068831378274,0.30697053816572956,-0.932530685814624,2.8668481794309693,2.0625539638836057
0.015050860293828338,0.010792151194004616,0.0012564906171976377,-0.008011917982152861,0.30750118451341657,-0.9516245912660323,2.8576610930775104,2.0823067678610214
0.015036540922701668,0.01085269876686914,0.0013551022319562163,-0.008004432635860276,0.3099643081213304,-1.0227312346750053,2.825266388427644,2.158187168875425
0.015041188300267102,0.010839400038123607,0.0013325875828574185,-0.0080035217970026,0.3090713843671664,-1.0063875486510898,2.8312093892229133,2.139527102984436
0.01504532470071975,0.010824058521591856,0.0013073325821318519,-0.008004577183926305,0.30834744259440483,-0.9881567604303122,2.8390315186833335,2.119669516687488
0.015047889719108982,0.01080801866859162,0.001281906420485624,-0.008008763051735262,0.3079857456793513,-0.9699471519134147,2.848685853598234,2.101256465187564
0.015076665633351234,0.010735837789542653,0.0011585143974203462,-0.007993170899536642,0.3021732115356955,-0.8790508482861633,2.8732463013191443,1.9940225614781164
0.015071105870451535,0.010751694276506154,0.0011851188926837346,-0.00799551772313785,0.30337259035631353,-0.8986519158454496,2.867489005463721,2.016604956171647
0.015074819406422866,0.01076912589971855,0.0012092996813249726,-0.007979637571088166,0.30232638259358247,-0.9154849344306887,2.851504782911912,2.028220430245906
0.015051934239915203,0.010652798960991859,0.0010439589289951458,-0.00807921491464996,0.3083153283235848,-0.7987832001562648,2.954627048987446,1.9442900952245623
0.015043428552453808,0.010567656764106858,9.152515386001156E-4,-0.008131714944596954,0.31023984004335287,-0.7050629089420883,3.0183892440074023,1.8664372326157914
0.015054145313184922,0.010636190720831397,0.0010173620977548296,-0.00808243294476538,0.3078633177073801,-0.7791693107470663,2.9633206353819515,1.924391866465761
0.01505523773883644,0.010619429860401113,9.909876045377621E-4,-0.008087652087476712,0.30763893044759305,-0.7597698442742434,2.973094700370396,1.9056764766163312
0.015054602638396487,0.010602709402376467,9.65352139691662E-4,-0.00809596059517858,0.3077823039560887,-0.7410159041697187,2.984486033281876,1.8891025713782776
0.015051537419736005,0.010585825493394934,9.403706398148386E-4,-0.008108810308582291,0.3084943228730534,-0.7228996397127562,2.9984085785306696,1.8753220039923144
0.015063102815295618,0.010677173201467815,0.0010762121946508714,-0.00804688643892192,0.3056970638685403,-0.8211370535713215,2.9269208353099043,1.9542477086600691
0.015068317712187973,0.010692410600886023,0.0010969679257112782,-0.008029912881875994,0.304449858869186,-0.8356541226280702,2.911371583924303,1.962583408658033
0.015073457021308257,0.01071341125180289,0.0011263151435583242,-0.008010203824864927,0.30310206913036947,-0.8562971080260534,2.8919285395894962,1.9765086980571687
0.015067409855174055,0.01066311061925551,0.0010527543732444975,-0.00804523198157967,0.3047679704745276,-0.8036973138471334,2.931965695116346,1.9344931312675733
0.015067375147980745,0.010526199397595875,8.412675562356277E-4,-0.008101499162906258,0.30480123687420585,-0.64810416613818,3.0176853804850583,1.7915851604375266
0.015058830986747753,0.010556119711704115,8.91164584621224E-4,-0.008106640983670291,0.3067834226379204,-0.685885336431986,3.0090109258319475,1.8344541197165622
0.015072297636865158,0.010543918374192003,8.670333774998589E-4,-0.00808550155793118,0.3037175592295562,-0.6668763034701422,3.0019213862539647,1.8045141362577988
0.015076796541269685,0.010430942555347917,6.888615656248073E-4,-0.008115005327741355,0.30206384611568105,-0.5331583806259577,3.060281548098707,1.675366198866237
0.015068173492934624,0.01046039478168735,7.378672447215612E-4,-0.008122536343547917,0.30421355739825956,-0.5706845080080137,3.05409922638221,1.7185278238473582
0.015080845854170336,0.01044783210892163,7.14144756609452E-4,-0.008102050135740469,0.3012537760530543,-0.5519709337148152,3.046840583655064,1.68944100053943
0.015076549926926433,0.01048009630315358,7.660357100447137E-4,-0.008099955470907895,0.30248417656156307,-0.5912427304069566,3.0340127341009935,1.7301924303130483
0.015080920547859922,0.010517752717501756,8.232244098506208E-4,-0.008078594597067052,0.3016990825477253,-0.6336827704105811,3.0079622975660802,1.765873139005275
0.015085301964344381,0.010501468058908316,7.963880750962612E-4,-0.008075926796549377,0.30061125233502567,-0.6133540063391866,3.0125114801434583,1.7429701983559143
0.015090078559949583,0.010422731394612588,6.72054560781952E-4,-0.008091816420945707,0.2989985201845168,-0.5196692209963373,3.049731765794246,1.6506869511149946
0.014969118003294105,0.011293170888154866,0.00203122655548962,-0.007806027150386481,0.3117569524319173,-1.4792893204167639,2.4895800992008716,2.5986899039867173
0.014971970796501952,0.011277259201922421,0.002007318936524115,-0.007814709953349057,0.31176391704613643,-1.464028824958299,2.5032020195192257,2.584224894644993
0.01497222409681483,0.011258720881044423,0.0019819445873222362,-0.007829922683833795,0.3127025778415878,-1.4483065840305325,2.5210167882864187,2.571997202469977
0.014981198791850095,0.011243606558597819,0.0019538770524778868,-0.007826986939526782,0.31112901669432813,-1.429011052383432,2.529340778556808,2.5480058301204753
0.014987217572543272,0.011223998581493722,0.0019221313497112,-0.00783265391743549,0.31071903192009426,-1.4079667182880433,2.543771546271817,2.525611942538909
0.014992316056980698,0.01120059559474365,0.0018858690329002785,-0.007842671574352323,0.31048200264379705,-1.3841222435141662,2.5621793431146176,2.5018453509672653
0.014986444577147102,0.011307452581319176,0.0020354818551480444,-0.007764177073875447,0.30708301986805414,-1.478115985967322,2.4641458440476516,2.5799586140806863
0.014977852059405567,0.011321607270768627,0.002061713513704514,-0.00776656444674349,0.3084818804112679,-1.4959257584410033,2.4559186386691034,2.6020974348789356
0.01496662978325593,0.011360248366262522,0.002122670185043233,-0.007751520941187106,0.30907703044954177,-1.5349826770372892,2.424862242975179,2.642497516324601
0.014977889855082957,0.011339146336333672,0.0020849080412191777,-0.00775119040115346,0.30748872059054794,-1.509897677728703,2.438647196807313,2.612411772934468
0.014986766038844038,0.011048137572265969,0.0016747345636213724,-0.007968355199269493,0.31709484687293316,-1.2481086682082976,2.7060288623572237,2.3979660949023636
0.014988840913281398,0.011065751788756316,0.0016986389457818423,-0.00795188240158305,0.31603087546195635,-1.2636148097916349,2.688597941123614,2.4086252391146377
0.015000932418073074,0.011041157039484079,0.0016545526646831103,-0.007947730212525601,0.3139461991490603,-1.2323563427794317,2.700451615954308,2.370852388661097
0.015010511252598575,0.011011961425403123,0.0016056974943910055,-0.007950799703530595,0.3125769554322901,-1.1981796640197044,2.7178273127858117,2.3330237913148335
0.015006653204431527,0.0110281965147003,0.0016318378603247055,-0.00794651815384806,0.31297669058797223,-1.216275412673637,2.707022562785552,2.3518725086417693
0.01502820949936019,0.011007128697596052,0.001586628424242166,-0.00792212960928684,0.3086865299212967,-1.1826191634651895,2.7070926842647967,2.3028808823260456
0.014993606241910401,0.011085382139198649,0.0017232697364557691,-0.007928954691112924,0.3142977117407863,-1.2790457728203226,2.6671158800495545,2.4164683902490194
0.014995194994628841,0.0111291493628419,0.001784117559281491,-0.00789336063151481,0.31241640437668833,-1.3184392188821918,2.626226852733382,2.4468058606235537
0.014998057162377627,0.01110665227643673,0.0017502001782381965,-0.007905231589918819,0.312653789564745,-1.2959205928551816,2.644393880185713,2.4257573757992046
0.015003753651227518,0.011178439613232859,0.0018462469119169302,-0.007840242283352658,0.3086534387776254,-1.3568128546313043,2.574416223636874,2.468909675269025
0.01500808207382186,0.011151522317586223,0.0018055765292063228,-0.0078535278716787,0.30875036003345796,-1.330017092077213,2.5959022156906033,2.443291517807585
0.015031111520638785,0.010931505631642816,0.0014748861883596297,-0.007966469826706553,0.30974041072880704,-1.1064044352159297,2.7674976301871976,2.235595044306793
0.015026941518754887,0.010915569938756396,0.0014540855937756475,-0.007984131324328202,0.3110484791116291,-1.0926613078334804,2.784163255156792,2.2278172217707604
0.015024448721399597,0.01087821742391615,0.0014002836897643613,-0.008011668225888042,0.31230678911792115,-1.0558107575248667,2.8163892416318954,2.19845026267411
0.01502768805993948,0.0108981187536246,0.0014278530241943626,-0.007993574254300874,0.31114823128867347,-1.0744789537034105,2.7975529096274205,2.2114713039778118
0.01503679821479358,0.010991407889157291,0.0015582267694779905,-0.007917215097554655,0.3070374949598513,-1.1621817098979446,2.7131052944147487,2.2774971594540894
0.01504133754216789,0.010965749190059163,0.001518201152367051,-0.00792590039917806,0.3066788450820655,-1.134442677625709,2.7305231184235548,2.24972687681499
0.015050494630006303,0.010941073085082013,0.0014765769969252473,-0.00792512855704827,0.3051126039741981,-1.1048300323933236,2.7427109035167194,2.215921810864202
0.015052916346615928,0.009826217726558735,-2.825148170038268E-4,-0.008215895854808617,0.29370161225395597,0.22618633292209034,3.285762142155228,0.9496834278660234
0.01505834124457693,0.009842589480041195,-2.5533874900869586E-4,-0.008207075710812401,0.29306181178969776,0.20435611793788017,3.2768313212601226,0.9669741742705494
0.015051656614130417,0.009794334046136258,-3.3436289116429833E-4,-0.008214018217581373,0.29293146107662765,0.2678618288018113,3.2905558932986865,0.9081983687779805
0.015057146072346967,0.009810912459152511,-3.0674420962967865E-4,-0.008205476342036349,0.29230835781791425,0.24561481006544655,3.281877276619313,0.925935487387262
0.01505015429918234,0.009762672954731075,-3.858600749616649E-4,-0.008211930088544768,0.29219645282770135,0.30933234103996904,3.2949023713778685,0.8669903341962224
0.015055788296001089,0.00977899340904847,-3.5854091463376523E-4,-0.00820344124235861,0.29155365471165023,0.2872689079998804,3.286420045722359,0.8844869848672472
0.015048659023754705,0.009731059819864406,-4.37243311504373E-4,-0.008209116261427457,0.29144026420351943,0.3507752224830172,3.2984911422537833,0.8256448528409717
0.015054360188874672,0.00974735526604116,-4.098620576282679E-4,-0.00820086636215689,0.29079863715266246,0.32860650180451917,3.2902850598339977,0.8432680030965216
0.015046747824951773,0.009699127756172075,-4.891825356844076E-4,-0.00820634010689133,0.2907401171854061,0.39273813334438223,3.301886097692153,0.7839865874699073
0.015052731074642577,0.00971568019381167,-4.6123897986870364E-4,-0.008197964445405416,0.2900675148940716,0.3700561130944493,3.2936685658912586,0.8019591450595132
0.015075341412289086,0.010023677831521938,3.823535028331198E-5,-0.00818231007540353,0.29484789785225657,-0.029370807256650016,3.221308258447857,1.1871980834827207
0.015094092393812653,0.010409204240338954,6.497358597981742E-4,-0.008087965002704763,0.2979699564378593,-0.5025505477535033,3.0521283946405515,1.6308859004349998
0.015096055844300838,0.010392862929199158,6.236089379006263E-4,-0.008088693240912008,0.29742251468642283,-0.4826600735385598,3.0580785720742436,1.610271255094835
0.01509764268194743,0.010376817133729918,5.980453884857332E-4,-0.00808988068434765,0.29688183864000384,-0.46316195456503556,3.0641314495410916,1.5903215188644524
0.015097690737501016,0.01035861563618236,5.694771847482284E-4,-0.008094392132571323,0.2966499041212518,-0.44143287070257725,3.0727681295378786,1.5695723531191332
0.015088306871202025,0.010236419782603156,3.7816311934680977E-4,-0.008137717058437377,0.2968593430893996,-0.29497363714094765,3.1366260919558795,1.4369571361439146
0.015087328100544752,0.010253636963251657,4.057220110294948E-4,-0.008136701892080348,0.297342241939718,-0.316322774405362,3.1308808981258385,1.4585328450125077
0.01508732644131452,0.010270804500882344,4.330108666263562E-4,-0.008133583669711583,0.29769472657627144,-0.33739308388886435,3.1238081522934493,1.4789201683888986
0.015080091422224738,0.010299759208996182,4.8046668926184365E-4,-0.008141947225116115,0.29972151499977523,-0.3742285633257972,3.119829874972673,1.520915727947101
0.015088946623454464,0.010286022612232201,4.568536165427305E-4,-0.008127491298283903,0.29748275898754467,-0.35567141038108274,3.1154859663816294,1.4951187459472122
0.015088572829898563,0.010318567866727848,5.084799598902651E-4,-0.008121405783733665,0.2981332307887095,-0.39532337610660795,3.101635944748231,1.5335650381492967
0.01509477013806279,0.010338861358562343,5.391087749917895E-4,-0.008104782770558051,0.29705464890651495,-0.418430249779632,3.08529874567431,1.550186411348237
0.01507677388266705,0.01004226764584141,6.81584938582759E-5,-0.008179077680710788,0.295016061042697,-0.05298087487955316,3.21473772218916,1.2094226447141396
0.015085631914834955,0.010060799787684926,9.764033435783246E-5,-0.0081609808378255,0.29369371382742454,-0.07603915169005282,3.1987947247514135,1.2244013520045947
0.015090064186045986,0.010080342722983885,1.2874071869906848E-4,-0.008151336567267133,0.2932358025033522,-0.10041630275820988,3.187837123649405,1.2446035281483125
0.015088928171607868,0.010103049074530777,1.6515398980685805E-4,-0.008152144150627509,0.29399995780566573,-0.12898875813448638,3.182523621873069,1.273868488719369
0.015087680809532,0.010219010096596374,3.5053487245039123E-4,-0.00814168922773179,0.2966853806290904,-0.2735991361444658,3.144148809341982,1.4167483963429344
0.015090357316896372,0.01012438813116873,1.9917214408251855E-4,-0.008147675130699777,0.2941721784017813,-0.15559529247189943,3.174140691194005,1.2988387178375225
0.01509005231752595,0.010142086841487737,2.2748260971315964E-4,-0.00814665016964085,0.2946110691895382,-0.17775615218017257,3.168761470749839,1.3209116127453246
0.015089577044168285,0.01015873241256234,2.541196397778732E-4,-0.008145856420442204,0.2950771196030184,-0.1985898399882897,3.1637345142565674,1.3417904628964423
0.015085222525722357,0.010198064541302355,3.1747458208043327E-4,-0.008149528138826127,0.2968254732797086,-0.2480461659672981,3.154970138908676,1.39405070271366
0.01508899488006004,0.010176542801181243,2.8262195456322517E-4,-0.008144934190093154,0.29554964954422575,-0.22082338704418028,3.158237628543567,1.364087648795257
0.015070889884491519,0.009858858877578001,-2.2771316501269353E-4,-0.008183955856375427,0.2910892868783401,0.18219015795887386,3.2586301980525403,0.9781438348662793
0.0150711439406895,0.009891635935847458,-1.7486511682821598E-4,-0.00818641737116531,0.29202617213321225,0.1399454964026389,3.2535854471633017,1.0208053142845674
0.015081388363674663,0.009877928285744067,-1.9605813426151847E-4,-0.008165034326784086,0.289554532519599,0.15687623966167505,3.242574055175696,0.9943939817225061
0.01508064322891791,0.00991085266359917,-1.4325308749879738E-4,-0.008169028277464269,0.29066453023412314,0.11475222759672839,3.2383595444030786,1.0377274277274056
0.015090795988949123,0.01001342669709384,2.159246526055967E-5,-0.008151970946046071,0.29140158105953945,-0.015923857511544712,3.204640297391458,1.1599567435295983
0.015086326249867525,0.009995641859441207,-6.906079069403471E-6,-0.008160786309317223,0.29189824946608095,0.006529507070834446,3.2143654336807077,1.1414961554355705
0.01508773665543589,0.009932844025090523,-1.0756322619243171E-4,-0.008156305960198618,0.289867535158754,0.08638263691789579,3.2255302928312797,1.0600229588224588
0.0150901390257437,0.009957767776919332,-6.754224252845748E-5,-0.008152587983517713,0.2900675342108547,0.0546295473384399,3.217748116369925,1.089855035161321
0.015099339158828974,0.009980862193022928,-3.041539855867312E-5,-0.008135070382158419,0.28883990399926357,0.025297704706431615,3.20146999503349,1.111149417089367
0.014662324442969388,0.008077815273416607,-0.003141578147939347,-0.007620138309649117,0.32296123583944025,2.5346015509616326,2.7987931742260526,-1.3042071279736953
0.01467981480143673,0.008121706456504322,-0.0030703522045823733,-0.007649998079796594,0.3196598802319474,2.480311805505902,2.832400673593273,-1.2512830226076668
0.014674313339341041,0.008107088733709732,-0.003093724572622533,-0.007639714588038589,0.32068174894814067,2.4980694712923817,2.821058043941014,-1.2688429339824945
0.014668514619947642,0.00809236017789462,-0.0031175314014722476,-0.007629586421968328,0.3217741244815195,2.5161843620328277,2.809712189727987,-1.2865662140884935
0.014696129794065885,0.008123575202924593,-0.003047307697177851,-0.007626746450490771,0.31668010958828735,2.4569761926473355,2.817773181336088,-1.2425099483983362
0.014698089277114792,0.008165173468042691,-0.0029979906710076785,-0.007676544739306782,0.3162386697369625,2.4242156849820353,2.863057223931763,-1.1978855126863837
0.01471463236637637,0.00821032562179221,-0.002925299770846279,-0.00770642519168943,0.3133146272954734,2.368218502804179,2.895756466264235,-1.1428264049712142
0.014709424235036113,0.008195344380137004,-0.0029491416151624377,-0.007696232854239936,0.3142224119529676,2.386548546365916,2.8847948117508326,-1.1610617455186913
0.01470401819616409,0.008180179282698421,-0.002973365602895336,-0.007685957974077542,0.3151746615168745,2.405153145397202,2.8736556997506053,-1.1794931679916383
0.014730963544618732,0.00821269796572978,-0.0029024317057565973,-0.007682967776345917,0.31041330333453804,2.345356485731966,2.8807758307626288,-1.1344146885394257
0.014702619249138009,0.008137335776132805,-0.0030236855406987374,-0.007634082976051761,0.3154846588568407,2.438524094939901,2.8267944802438163,-1.2255154369823413
0.01470935621073262,0.008151690717494081,-0.0029990406426985117,-0.007641614252443301,0.3142563593846898,2.4192408103733727,2.836050255934522,-1.2077654965259013
0.014966224044066168,0.009125611114830729,-0.0014298035524014303,-0.008121083423029307,0.2859302717345405,1.1617158904014693,3.2932251094491787,0.03534260016893387
0.014963681388564342,0.009110188549794456,-0.0014548898165825158,-0.00811618713607982,0.2858795832895533,1.1822860665631634,3.289981991296456,0.014923149854822763
0.014961026194643567,0.009094570739845178,-0.0014803087043538641,-0.008111204740392603,0.2858655323230463,1.2031281735199106,3.2866134250794095,-0.0057317189576133075
0.014981817996892298,0.009130848583076003,-0.0014121042847643943,-0.008094449276897855,0.2833804539670312,1.1456993606481964,3.2746052694921546,0.037693699516575724
0.014985189343794439,0.009145996538318676,-0.001387041202299366,-0.00809730978341186,0.28324738763766594,1.1250898372207512,3.2763669329349567,0.05729916044362538
0.014988422731433396,0.009161740385302247,-0.0013611418277791312,-0.00810061867859193,0.2831763364829089,1.1038182504862055,3.2783642465701663,0.07773511344940852
0.014974596554134618,0.009084316621459667,-0.0014869468897966264,-0.008078613629884006,0.28320238775171996,1.2069055060854197,3.263900784514402,-0.02355071890934736
0.014971407266537876,0.009068289386878517,-0.001513105325732723,-0.008074131957213569,0.28330170173733554,1.2283366277963819,3.260755937795174,-0.044434661382799466
0.014953402434564684,0.008975551682503666,-0.0016634569423738686,-0.008043624115027912,0.28375519682979045,1.3513872944460799,3.237997635217796,-0.1655653577180667
0.014951085456481092,0.008959118356592069,-0.0016893081047960718,-0.008035924030274892,0.2836988847376986,1.372366360880118,3.2321254670799004,-0.1871553479592369
0.01495796199811967,0.009006632801047746,-0.001614257986827377,-0.008057336792375401,0.28383090366045843,1.311358775029923,3.248323155689771,-0.12466017379328677
0.014956043753475673,0.008991394793025544,-0.001638179012032356,-0.008050102945113893,0.2837308137948425,1.3307753211020439,3.242942829467679,-0.14477515495650597
0.014982184800855345,0.009057581370299975,-0.001521930066344516,-0.008046582040893056,0.28114036877972776,1.2341039860442526,3.2415646661499116,-0.061630630110254145
0.014981717083390193,0.009041408820934134,-0.0015462599459152673,-0.008036598989184738,0.28067501769750836,1.2536690624379985,3.2345009819520603,-0.08320046224509897
0.014977040697029521,0.009025790210804083,-0.0015725783787538096,-0.008034744003757909,0.2810757816600287,1.2753497146006978,3.232993097961574,-0.10304132516932678
0.014971682058741474,0.009012723543024386,-0.0015956052463393954,-0.008035765090277739,0.28164508346848155,1.2944993556155646,3.2334618699619235,-0.11936580496388119
0.01498411619405691,0.009234962704582047,-0.0012510939921963722,-0.008151037711359414,0.2862948991160765,1.0150395054019468,3.3110399726112996,0.1799206014435735
0.014981800124442697,0.009219356940628028,-0.0012765513763405125,-0.00814684174110405,0.28617892599062295,1.0359276629274146,3.3087524820281966,0.15923183350516693
0.014979558484236674,0.009203717348725096,-0.0013019874329862607,-0.008142303614800972,0.2860735364653943,1.0567771283434932,3.3061609803287486,0.13846641411911823
0.015003151105621235,0.009256108027958733,-0.0012080591910821285,-0.008125585631109253,0.28360608019125527,0.9784356580686681,3.2924878970920983,0.20152239158443122
0.014999664445860207,0.009240708115887406,-0.0012337005263047178,-0.008124049419031068,0.28372733951411727,0.9995353866350998,3.2920997320849668,0.18177482355617702
0.015006614594670654,0.009272007438193652,-0.0011816590463350175,-0.008127248232133151,0.2835142926617946,0.9567325044318206,3.2928783044110967,0.22191538502486052
0.015010733586080165,0.009304747086159202,-0.0011287956047539292,-0.008135927427940904,0.28385544053735173,0.9135231323063481,3.2970873931897358,0.26505278306846586
0.015009639779703945,0.009288435438326557,-0.001154661935163762,-0.008129840840601825,0.28350525903257373,0.9345893972818887,3.293814914948619,0.24316861919233088
0.015013241120453692,0.009335723257958261,-0.0010793193850316943,-0.008146136795095916,0.2844467559283721,0.873150848986557,3.302182667202986,0.3064748049427182
0.015012145147784333,0.009320527572616958,-0.0011035470570571325,-0.00814095319464659,0.2841306506198638,0.8929001450114021,3.2995999024410714,0.28610954420083906
0.015026246050763059,0.009342289848177001,-0.0010629438376812135,-0.008123943945893003,0.28233991560529975,0.8588812700025447,3.2865428027633667,0.30958159492661874
0.015037899915377002,0.00938572625174012,-9.90058652219943E-4,-0.008120977038526891,0.2816522252400077,0.799011602396205,3.281404392274523,0.36323713087059256
0.015034937315730372,0.009370192220463855,-0.00101555883905791,-0.008119859867828086,0.28168599979911063,0.8198732631299056,3.281806209139965,0.34353998032096295
0.015030715475141357,0.009355037638161954,-0.0010410491735675838,-0.008121183191727019,0.28194276700981785,0.8408172898397003,3.283788782078917,0.32489915716818624
0.014991176797740835,0.009177791074429556,-0.0013350366686539774,-0.008104844015111903,0.28318322757570485,1.0824290045579723,3.2809205245221347,0.09872659486779245
0.01499317215620527,0.009193763212408274,-0.0013094608439594157,-0.008110295970231432,0.2833325879278248,1.0615300409093225,3.2842581364526056,0.11987054446510363
0.015018874342009355,0.009501866063820122,-8.142833056450361E-4,-0.008204629898001933,0.2891615175410848,0.6573002148332988,3.3274502646019557,0.5325389007748585
0.015017022990574077,0.00948560066009488,-8.409480030263625E-4,-0.008202333716884795,0.28894006728593497,0.6790729296963108,3.3276546486669614,0.5111622588078159
0.015022597904105997,0.009549611919648949,-7.36496084899716E-4,-0.008213650794214782,0.2901482388347416,0.5938950099734993,3.3279685506504024,0.5961296367283003
0.01502124040783171,0.009533954003767008,-7.620757046404805E-4,-0.008211144620909315,0.2898610193199022,0.6147508283498843,3.3281781720412886,0.575382763194359
0.015020141955037007,0.009518071612891086,-7.879054950085119E-4,-0.00820786871185733,0.2895225535522044,0.6357959727986557,3.327821262263518,0.5541456614965351
0.015037684801823444,0.009556153593336232,-7.211515650581557E-4,-0.008185911656938561,0.2875504971467843,0.5808375213799519,3.3084174451924855,0.5957469526087107
0.01504470777524829,0.009667359901407447,-5.408439926887167E-4,-0.008203124407948972,0.2900558319589786,0.43454222348197985,3.304695187699152,0.7424542386342627
0.015050835858064271,0.009683932479432215,-5.127442512208156E-4,-0.008194852970915809,0.28936987549111254,0.41167792117061985,3.296658512311079,0.7605611051943229
0.015042661994043327,0.009636210597425952,-5.91462105622839E-4,-0.008199354993393018,0.2893786775346212,0.4755587204532718,3.306780025847852,0.7015916498340312
0.015048636293134715,0.009652072039612419,-5.644563337811279E-4,-0.00819159149204217,0.28871348533545343,0.45353451143281565,3.299299090966222,0.7190424190322818
0.015041000849164618,0.00960557747018674,-6.410815319399026E-4,-0.008194272138822328,0.2886342217363312,0.5157991803142583,3.3076569591224976,0.6610332293895586
0.015046204881229791,0.009620744412301499,-6.153269830438632E-4,-0.008188203487744192,0.28810926837585876,0.49477367423313817,3.301513024157803,0.678224512761301
0.015041086201061205,0.009571772636842269,-6.951445208522251E-4,-0.008184096140027993,0.28744711177245014,0.5596146987191144,3.305249015724414,0.6149359362761294
0.015045480543409137,0.009590032588100247,-6.646576992580788E-4,-0.008180921401958306,0.2871985725324447,0.5347543118987671,3.3007759790989577,0.6369961967273152
0.015030910427314562,0.009474872959074874,-8.528077639150758E-4,-0.008170943902758037,0.2859573006004234,0.6880095831368046,3.307441916199181,0.488551710431325
0.015041931903008674,0.009401110213535587,-9.643403300586342E-4,-0.008119775907080268,0.28146717555917794,0.7778919820059519,3.2793784113377744,0.3821769312093755
0.0150390517792947,0.009430364651445299,-9.197875193880864E-4,-0.008137556266663253,0.282975549527134,0.7419410690311491,3.289018445519622,0.4234033105204414
0.015048891369007722,0.009416291823383091,-9.377534586197962E-4,-0.008112627994956455,0.2806514341037644,0.7559012379597085,3.273274972830612,0.3993068154571058
0.015044782042445522,0.009460256559984368,-8.705872108603671E-4,-0.008138193978891067,0.28294428903042035,0.7017279532722832,3.286673998962498,0.46101121588534444
0.015047048246738685,0.00944319651417346,-8.964681365839576E-4,-0.008127110874625683,0.28188931407438744,0.7225648960468288,3.2807585320342354,0.43668548007977065
0.014737376548064939,0.008227016851531332,-0.0028779439457356187,-0.007690095555631846,0.30929782710193304,2.3260257300572977,2.8893926532627527,-1.1165652677789006
0.01474802249827187,0.008257716625708466,-0.0028290217926901363,-0.007709857667736959,0.30750107678606864,2.2882196039642477,2.9106008036144186,-1.0792208144720423
0.014743795650683775,0.008242208855244218,-0.0028523817484966177,-0.0076980936579733455,0.3081825867903533,2.305923497261624,2.898741605588977,-1.0977272811862908
0.014762780649657489,0.008261777733213195,-0.0028066171568842343,-0.007690633697863649,0.30489904881843194,2.2665706331937203,2.898860990982195,-1.0698906086465825
0.014769760725076849,0.008274028154406348,-0.00278387137365328,-0.007693747239662595,0.30369618708245066,2.2480928938788907,2.9040173755743024,-1.0541549781973798
0.01477685856582292,0.008288195076004328,-0.0027587063808229046,-0.007698767685776761,0.30252468309489716,2.2278802964226245,2.91085782357746,-1.0362585592245848
0.014782965342189926,0.008302899362460535,-0.0027340296553659033,-0.007705863105225953,0.30153996299111424,2.2083631981193945,2.9191453843152746,-1.018042560706178
0.014788357806217407,0.008317820853243781,-0.0027098692243749194,-0.007714211544937924,0.30066867815527004,2.1894394702443845,2.928255381333003,-0.9997529976792637
0.014829728866596394,0.008498379824683853,-0.002438286070425038,-0.007842722383973709,0.2951430226247227,1.979453626355767,3.051904776315617,-0.7791663110043595
0.014843699680921816,0.008502322885104559,-0.0024186178752874567,-0.007822661618997362,0.29283645777064155,1.9606591289047266,3.0388202004582587,-0.7721920330852089
0.014825541708848899,0.008483518675613982,-0.002461917716842852,-0.007834334506328021,0.295690907970482,1.9982064225803164,3.0435711762063544,-0.7978381026433666
0.014812297673801876,0.008436547728509816,-0.0025361985340150075,-0.007806771441167267,0.2974688458660415,2.0569324031522522,3.016068160044313,-0.8565808390929529
0.014821464831835008,0.008468337159186991,-0.0024857795325328343,-0.007825250926390971,0.29621740139785896,2.0170762283301915,3.0346226285118942,-0.816858030628897
0.014817436502541345,0.008452444509076555,-0.002510425265341551,-0.007815155106268122,0.2967371253134469,2.0364367340058003,3.024799535466006,-0.8366374248798384
0.014851052449255834,0.008514446536552025,-0.0023953277787646878,-0.007822474216661964,0.29170885652182416,1.941226999789853,3.0407279784652754,-0.7564511957736282
0.014859539665803046,0.008548171912364367,-0.0023427136016235302,-0.007842054393334602,0.2907404781897169,1.8995720769557791,3.059560746687804,-0.7143257767999668
0.014860398953050838,0.008530949074794094,-0.0023643437973371946,-0.007823145334940563,0.29029962083392397,1.915498796784757,3.0438827620961058,-0.7351746758196017
0.014825205075888711,0.008423377862908176,-0.002538811031406164,-0.007770534675415054,0.29512102873689816,2.0545352672065302,2.988848189799254,-0.8694446744305803
0.014820144909371244,0.008407797448114361,-0.0025638141009188095,-0.0077621226328205084,0.2958433897212797,2.074287504552307,2.980054747954799,-0.8887232221245235
0.014814231263212302,0.008392322953869798,-0.002589565876432064,-0.00775507963883001,0.29674218436616556,2.094822965378423,2.9721400904413895,-0.9080286862935755
0.014807113888180581,0.008377955675303325,-0.0026152450883771446,-0.007751096908517816,0.29780965596595466,2.1156931660451903,2.966453300920181,-0.9263208048474997
0.014798687883482679,0.008364826318728978,-0.0026408646557364106,-0.0077505113446294845,0.29925042086237474,2.1369752136718563,2.9632349780841913,-0.9435288653630739
0.014797195742694601,0.008349621395773086,-0.0026611878142772934,-0.007735846730674063,0.29927751405068426,2.1519305387692493,2.9500258775321124,-0.9613317843204348
0.014793179578326298,0.008333332431048503,-0.0026855877885327193,-0.007724007267617228,0.2999612190064472,2.17059748839157,2.9384075414023676,-0.9809047030170861
0.014867788352131655,0.008619957378046815,-0.0022391218725440853,-0.007898413248470107,0.29041185149957466,1.8191520355729567,3.108718255669533,-0.6246211106175464
0.014871024751387005,0.008635985603099711,-0.0022143565363210234,-0.007908075437512681,0.290135676914355,1.7994593104623917,3.1174799107609634,-0.6042587901958001
0.014880973608706308,0.008607073611906721,-0.002243644944410085,-0.007862639715760537,0.2879463223868057,1.819217373437336,3.082301330797467,-0.6396638577193343
0.014868564480925727,0.008563549468245259,-0.002313476621686497,-0.007841704931469228,0.2893561271023795,1.8751646055347566,3.0616701302117084,-0.694461194322657
0.014883892018650225,0.008577839526684726,-0.002279535431680087,-0.007829063664505457,0.28707869961806337,1.8455921087860323,3.055123811378014,-0.675347117027517
0.014893028686808796,0.008593331863690731,-0.002250216163987403,-0.0078281966300107,0.28572147577996715,1.8211512963683052,3.056740219653531,-0.6555426914618644
0.014951113019580456,0.008885000976699562,-0.0017968172622701438,-0.007979474342363324,0.2817871032790035,1.4577750814867718,3.1896034714803885,-0.28540487132474895
0.01495253798968742,0.00890116317947382,-0.0017724729144800585,-0.007989411932014329,0.28189296662793684,1.4382785982881676,3.197352727334026,-0.264340344556058
0.014952655590631202,0.008916889109054582,-0.0017496743591910017,-0.008001273944901455,0.2823568230325379,1.420169082990635,3.206341283648031,-0.24359843128692987
0.0149595484930795,0.008930383280788955,-0.001724900165515181,-0.007998700980822783,0.2814624531932887,1.3994116047231717,3.205162898652277,-0.22676996728742635
0.014877671009762457,0.008666552989257607,-0.0021664586613476984,-0.007925159226318748,0.2895465120121386,1.7611300098596205,3.1330779485274642,-0.5652117592778215
0.014874835044241334,0.008651616206692764,-0.0021895078906584396,-0.007916159177729353,0.2897556252871128,1.7794949136292468,3.125043266172072,-0.584282746260904
0.014891729399992375,0.0086715088857733,-0.002146577568237456,-0.00790462303793098,0.2872461111272912,1.7425058202388546,3.119446380699173,-0.5583797447912676
0.014897792177294818,0.008683602702018432,-0.0021244780569577015,-0.007904954774390044,0.28642808697233374,1.7241263387761379,3.1210621186117264,-0.5429074841416516
0.014904157101557562,0.008698280677113772,-0.0020985846244461225,-0.007906966388332807,0.2856303057672758,1.7027548405195756,3.1240807543789866,-0.5241872267747264
0.01490928564118421,0.00871432379156943,-0.0020719313797098755,-0.00791224317371478,0.2850784919090286,1.6810544990430751,3.1294389712769717,-0.5037691510038363
0.014947500505669994,0.008868372229179465,-0.0018234720296241914,-0.007973021873243306,0.28199519543447193,1.479439107401789,3.184171549359174,-0.30678513222129894
0.014920205790271713,0.008779046094394758,-0.001972464150894047,-0.007949253114213161,0.28456874007015887,1.6014637966641678,3.1612134945646457,-0.4209537779789544
0.01492564733390568,0.008792034779763697,-0.0019495963871873077,-0.007950410553176203,0.2839026053928175,1.5825271035412685,3.1630984291564723,-0.4044134264618002
0.014942091058968555,0.008852651856971731,-0.0018502273615249724,-0.007970400727284983,0.2824992997576255,1.5014737535069893,3.181382155411869,-0.32679045155998804
0.01493514427946246,0.008838914809038713,-0.0018754155455368193,-0.007972023061065056,0.2834298740797788,1.5225524544770996,3.181589281171137,-0.34411324161690965
0.01493444380518557,0.008823454623644355,-0.0018979228637375993,-0.0079606182442699,0.28306703631769087,1.5403880509767296,3.1725980025793032,-0.3642158894467142
0.014930895416353375,0.00880729121860818,-0.001923706801508845,-0.007953678505352064,0.2833882176101677,1.5612569492933306,3.1665768414338484,-0.38495048123841974
0.014913195620897554,0.00873147715850139,-0.0020447907339268476,-0.007920499032877538,0.2847072063745966,1.659217514299406,3.136892101338537,-0.48192757851636775
0.014913880949140366,0.008747028044099233,-0.002022638771597973,-0.007932969744859065,0.2849913806094416,1.6418822108029656,3.1470194734627555,-0.4620448658485527
0.014922780030832087,0.008762510726360659,-0.001993351561519244,-0.007930347962441185,0.2837390846370916,1.6172590703513217,3.1466436430319886,-0.44238042903206864
0.01496522362188032,0.008946687285970513,-0.0016970011230506615,-0.008000323337159257,0.28094767074561183,1.3763697666829235,3.2069436893476557,-0.2061069028117206
0.014595718375578508,0.00795987555194806,-0.0033567460665901347,-0.007561689128806118,0.3367247417342823,2.704002752152903,2.7185733264401595,-1.453514506396255
0.014621011870241183,0.008017729998392974,-0.003261527131494319,-0.00760324994408594,0.3315613667176978,2.632418871363097,2.76677821547899,-1.3843019748604328
0.014614770987582298,0.00800322747250722,-0.0032853701088722278,-0.00759293722662282,0.33276063635605085,2.6504152679522135,2.7548724306675183,-1.4017198054304119
0.014608540599958015,0.007988703334853907,-0.0033091461440311197,-0.007582409341996389,0.33405056550377865,2.6682798660626372,2.7427442362300156,-1.4190750402669252
0.014602171503805118,0.00797423963038654,-0.0033329757529371694,-0.007572002769604349,0.33541665599502474,2.686171964169261,2.730647855701125,-1.4363581402800687
0.014637720925720611,0.008019360133016715,-0.0032371601007870096,-0.0075800243549963365,0.32779133179084746,2.6070512362918374,2.752783933727148,-1.374295823527751
0.014644313102794392,0.008033891979365626,-0.0032128675130430116,-0.007589524582175306,0.326473464003831,2.588545556511123,2.7640317280066076,-1.3567517931802424
0.014656348340741891,0.008063338096205635,-0.003165200743481674,-0.007610277421961396,0.324131135505111,2.5525634628739877,2.7875567668552885,-1.3216195996122357
0.01465053595636246,0.008048650367195325,-0.00318875982963528,-0.0075997180905216346,0.3252494729720834,2.570306599160895,2.7757250157053623,-1.3390939485408884
0.01457398592269949,0.007873868205180443,-0.003473191966519413,-0.007472059408271618,0.34103624176071173,2.781886480290046,2.627908561606308,-1.5445108183109852
0.01458100400517044,0.007888496611188912,-0.003448957384045348,-0.007482791394763262,0.3395345992464223,2.7640190784917595,2.640735905694965,-1.527444764025856
0.014587504071310263,0.00790336157394976,-0.0034251471252376028,-0.007494434180520403,0.33814850351908005,2.746678205099172,2.654139219807106,-1.5103765791759185
0.014605831548124537,0.00794706363161369,-0.0033557354780178812,-0.007528815571726626,0.33430642247801684,2.6959678730917767,2.6931947705406043,-1.4600500820327011
0.014599696971074239,0.007932739279577153,-0.0033787501468118355,-0.007517896579658365,0.3355802744466733,2.7129278804152466,2.6806833505910816,-1.476710913470005
0.014593650558599576,0.007918178319798875,-0.0034017962425985098,-0.007506354055168669,0.33686675952597245,2.729737403078398,2.667620111592432,-1.4934473905508483
0.014416043019078206,0.007563869663177701,-0.003980376400776421,-0.0072153944552213285,0.37751301765372647,3.1380907117383674,2.319487827030667,-1.8886291601512497
0.014408512405019683,0.007549672253131274,-0.004003038122589085,-0.0072021274318605525,0.3793579301054375,3.1529720548117797,2.3036233691403605,-1.9033335536514746
0.01458450696217141,0.007859750259837293,-0.0034717398842102807,-0.007436813278580645,0.3391034926404408,2.772838228855132,2.6004314124167354,-1.550759794562973
0.014576571055102188,0.00784583538355349,-0.003496325412080934,-0.007428204116983581,0.34078664431411854,2.79133206734627,2.58912452297749,-1.5674321172426444
0.014568771064276953,0.007832572085678408,-0.003520051994886243,-0.007420162958530805,0.3424473647276208,2.8092279929751593,2.57836079411553,-1.5834182207969532
0.014561945814814682,0.0078187929325063,-0.0035427980526450205,-0.007409838528956427,0.3439259919588364,2.8257661406809125,2.5659144904974442,-1.599201589708782
0.014556814595169729,0.0078046882346433566,-0.003563304823185363,-0.007396520363127862,0.34507552762370913,2.839684931844687,2.551506006438203,-1.6141011778013976
0.014550914793938637,0.007789880243501808,-0.0035854744038558324,-0.00738310510128603,0.3464128545330763,2.854927342927248,2.5366188551067768,-1.6299626143006556
0.014437833640591514,0.007605745043129511,-0.00391363097536887,-0.007254102909834676,0.3722444319592093,3.093822140986173,2.365605880088509,-1.8448335785146739
0.014430603230973305,0.007591993710748593,-0.003935760724938502,-0.007241642143882767,0.37397989770366125,3.1086621125483096,2.350667897599871,-1.859391148459898
0.014423350922018912,0.007578030812840075,-0.003957997752920092,-0.007228719093894136,0.3757516510441002,3.1234027901977224,2.3352851965597203,-1.8739851680821535
0.014454162797116468,0.007605762638778774,-0.003888106227305805,-0.007233402336398091,0.3686680118530887,3.066854221963295,2.3547412603760933,-1.8329040309410314
0.014462287217866058,0.007618816339430754,-0.0038651616226541186,-0.007243332848858875,0.3667548719579941,3.050652914126392,2.3677436014103512,-1.8181873355776015
0.014470298121913456,0.007632626711941114,-0.003841722818014048,-0.007254413670957769,0.36486642000437136,3.0343280689807934,2.3817124952775512,-1.8029515022221452
0.014477575611958315,0.007647019353353618,-0.003818859403891666,-0.007267167141111182,0.3631308124570864,3.0188889686556415,2.3968236613552687,-1.787727800103205
0.014484159449865521,0.007661659851422126,-0.0037967595151740946,-0.007281040258901104,0.3615674213058622,3.004311710996973,2.4126145473511733,-1.772679009381781
0.014491353095940455,0.007675856964501175,-0.0037739955476672436,-0.007293279822994182,0.3598965627312314,2.988696583172121,2.427200295619659,-1.757402304795263
0.014499579121395616,0.007689232243537997,-0.0037502732737383355,-0.00730274436189332,0.3580412778858631,2.9715315611524105,2.4397198227325276,-1.7419326855290909
0.014507098377231317,0.007703092723743108,-0.0037271446877835852,-0.007313710631713229,0.3562965393859207,2.955215920460487,2.453248461278432,-1.7265062286934505
0.01451403484628924,0.007717571355283066,-0.003704280892093495,-0.0073262199323631755,0.3546869903557372,2.9394694591087167,2.467883134899342,-1.7109044627761187
0.014520386979323764,0.00773200514258902,-0.003682238151962313,-0.007339287226934033,0.35323067963012633,2.9244784309686653,2.482739802240627,-1.6955982790915465
0.014527557932210874,0.007745712983298767,-0.0036595210672946995,-0.007350007994095595,0.3516275071570775,2.9082945180935247,2.4958338644201814,-1.6802073643141762
0.014536138691397941,0.007759358974328231,-0.0036347011802465895,-0.0073585491365563424,0.349729498746245,2.8898208906081275,2.5075592691057014,-1.663893798632966
0.014544424374332754,0.007774362050650563,-0.003609045922985619,-0.007369307581632214,0.34787398157790245,2.8711695079814796,2.5211289052712083,-1.6466218879989079
0.014303524562883205,0.0073435876533687085,-0.004312806898574125,-0.006986983113316241,0.4058761616671383,3.3392224596320514,2.054150261301731,-2.097710337987159
0.014311939475128134,0.007356625446824414,-0.004290983083482494,-0.0069995812267856965,0.4037473610778464,3.325676115926298,2.0700117016413357,-2.084866554145829
0.014321285699976512,0.007369252038642808,-0.004267782871572783,-0.00701031917519456,0.40142484894775926,3.310331076668422,2.084682740205998,-2.0713300564380117
0.014330501548825899,0.007382338441947675,-0.004244446059495945,-0.007021790969608573,0.39910788757098986,3.295086648307533,2.099915746389906,-2.057592855715185
0.0143393803983073,0.007395911681355575,-0.004221281589079855,-0.0070342679682003015,0.39688261006929876,3.2802714529460064,2.115853854069563,-2.043788731360062
0.014364170845423352,0.007437860616630573,-0.00415346920309743,-0.007074784950604262,0.3906612627916532,3.2378699882179744,2.1654035675142076,-2.0025002809192993
0.014356168478722356,0.007423786854704119,-0.004175804539440153,-0.007060999203571105,0.39266622934276074,3.251753760889518,2.1487801460602216,-2.0162325471835207
0.014347923115000829,0.007409775900177814,-0.004198395126721982,-0.00704742912838846,0.39473637723960625,3.265854504386501,2.132216221985692,-2.0299926874393353
0.014372062669218802,0.007452005683060489,-0.004131163742223603,-0.007088652071235122,0.3886923905518007,3.2239744438094617,2.1820359667757874,-1.9886819912989877
0.014386052354839063,0.0074810857262640595,-0.00408858272986583,-0.007119290344435869,0.3851784974154771,3.1985677461048136,2.216955827371336,-1.9616064731055942
0.01437981216872998,0.007466435203941545,-0.004108788759127151,-0.0071029838449028155,0.38674120932912365,3.2101057298793463,2.199001003633463,-1.9746839967643746
0.014393115335300915,0.007494658802443048,-0.004067688580165534,-0.007132752996118734,0.3834333186474483,3.185506234476279,2.2327882856496237,-1.9483270704266282
0.014410045484844569,0.007520987478900566,-0.004021732688213256,-0.007154551802794662,0.3793278067570866,3.154260896271531,2.2611623688531375,-1.9197609532095299
0.014401483338041601,0.007507559777652269,-0.004045089535252761,-0.007143430586485312,0.3813976737435441,3.170145509369792,2.246737371127796,-1.9343188348949616
0.014418387818861655,0.007534940901765794,-0.00399826611778241,-0.007166603295362739,0.37731194289474285,3.1385218460502133,2.2763001734962534,-1.904953098725598
0.014113709434143725,0.0071088905734114595,-0.004757029479393673,-0.0067686911391740745,0.45621836315778536,3.6196365185260997,1.7516035195147353,-2.341188735141898
0.01410464926179785,0.007096123293097587,-0.004778148242127594,-0.006753936340213163,0.45855874008268566,3.630687241364718,1.7332435011166716,-2.351998884997435
0.014095636326542387,0.007083321994403956,-0.004799090248734205,-0.006738931141684027,0.4609107642260561,3.6414221895131607,1.7146863003156578,-2.3626187099423617
0.014086596005254666,0.007070480343895964,-0.004819987739650551,-0.006723729586190337,0.46330568686560286,3.6519691816114936,1.6959408122943833,-2.37311378465466
0.014210710201000678,0.007225143651625607,-0.004535061253437428,-0.006881722076832321,0.429772492112421,3.482899069713269,1.908552660247297,-2.222980070229322
0.014202017603713521,0.007211765880718352,-0.004556663151476984,-0.0068671204255032975,0.4320279646765784,3.4949679221382355,1.8906307567891665,-2.2349026502291025
0.014193113616536392,0.007198448931876186,-0.00457849674720524,-0.006852672139254286,0.4343834053442219,3.507219390193335,1.8727214892262454,-2.2468448385760382
0.014184299602438992,0.007185127014411764,-0.004600070328700118,-0.006837971017901047,0.43670364636289866,3.51909648180026,1.8546349038906154,-2.2585619667194474
0.014175623560150667,0.007171779912768434,-0.0046213080434547105,-0.006822941520599702,0.4389924189522992,3.5304946465489517,1.8363433339789734,-2.2700051691370313
0.014166865982292597,0.007158506104815846,-0.004642544633929908,-0.006807965004714264,0.44130712097755914,3.5418401209157087,1.8180522122544822,-2.2813437355498007
0.01413009708475941,0.007106919328213674,-0.004728840788235225,-0.006750752910451349,0.4510736981131687,3.5887694164654427,1.7461983607067832,-2.326410607416873
0.014157947374421638,0.007145335396251465,-0.004663908200231082,-0.006793165829418207,0.4436628561176221,3.553291923139487,1.799820811726822,-2.292646453670025
0.01414881768886298,0.007132309610297094,-0.004685473585829479,-0.006778659314579757,0.44608207233054725,3.564962481637338,1.7817190344165168,-2.303954672388748
0.014139484740307656,0.00711949930756095,-0.004707204437845517,-0.006764557903276896,0.44856474822921216,3.576872860654532,1.7638475002102785,-2.315252946932036
0.014295723886758075,0.007329930388546349,-0.004333877529214687,-0.006972539184959031,0.40785147552833595,3.3514505941038557,2.0369750963730904,-2.1101712455444024
0.014243654965837368,0.007250475798145111,-0.004465678406496491,-0.006892371533072625,0.4212522801770601,3.4301741129467658,1.9367005640333625,-2.1855083221157887
0.014287314475589662,0.007316594632190536,-0.004355680507294426,-0.006959133300717016,0.41002689637404516,3.364565017574996,2.0203974512506004,-2.1228615555998007
0.01427799143922106,0.007303897755620823,-0.004378563870197183,-0.0069476057901877,0.412393345209706,3.3791728087669246,2.0049765354240208,-2.1359460417248877
0.01426963076582099,0.007290337641700138,-0.004400223815829842,-0.006933454703315008,0.4145228154688681,3.3917989333420064,1.987726049486243,-2.1484338308613395
0.01426159946591452,0.0072764754168004485,-0.004421386764893668,-0.00691829940846109,0.4165989751321247,3.4035877473437957,1.9697724316182599,-2.1606028242130795
0.014252772922387571,0.007263090292783768,-0.004443534212416407,-0.006904613302312744,0.4188788247535154,3.41664408637315,1.952684730945027,-2.1731307645193554
0.014235212180042287,0.007237444529608207,-0.004486798755982701,-0.006878587413337109,0.4234257730372617,3.442244011429796,1.9197076277925387,-2.1973197978748122
0.014227654974657377,0.007224036529652968,-0.00450649419039241,-0.006863140388452887,0.4253796570934458,3.4524412076152267,1.9017788319227302,-2.2083138525817527
0.013860404151629651,0.006754658038982606,-0.0053035271872562935,-0.006308552473637779,0.522841274670096,3.8415947038598226,1.2032351968672772,-2.5796057607706118
0.013870927052180378,0.006766598281863934,-0.005283031641470644,-0.006324573591533694,0.520031366042457,3.8337543154790237,1.2232192810436455,-2.572029409403576
0.013881300324487362,0.0067787394958874125,-0.00526267623975519,-0.00634089903225698,0.5172736329379989,3.8261103979807003,1.2433571537322756,-2.564449312551193
0.013891528539247855,0.006791038717555291,-0.005242451898994934,-0.00635745080073688,0.5145660508339294,3.8186126097078197,1.2635934401683142,-2.556849964713187
0.013920663025310835,0.006828611868097026,-0.005183799321839711,-0.006408431959480995,0.506955604413602,3.7979295020779262,1.3244460509020934,-2.534485939826031
0.013901582590236543,0.00680351254967173,-0.005222404300352256,-0.006374280973218751,0.5119244796604413,3.811321528863411,1.2839523022134731,-2.5492561548438335
0.013911216353446262,0.006816154308078602,-0.005202978725195946,-0.006391533572681533,0.5094165031884508,3.804662396124851,1.3043882598097796,-2.541889119951201
0.01393683180662787,0.006825628669829868,-0.005154850786903799,-0.006392838416771552,0.5018864351198932,3.7668518206673025,1.3226562699942572,-2.519053591054035
0.013947117398906054,0.006836786867674885,-0.005134314007160566,-0.006406526545465111,0.49913190998296014,3.757369588898635,1.340590313719608,-2.5105924356978346
0.013957795156789255,0.0068483104050933614,-0.005112913535269686,-0.00642047285119278,0.4962720718462621,3.7472680570112415,1.3589869284185003,-2.50165402168825
0.013968326429597569,0.006860351158101056,-0.0050915859192284035,-0.006435292343652087,0.49346987017582394,3.737591497890383,1.3779980753793117,-2.4927354806625073
0.013978606590617311,0.006872780713654252,-0.0050705301974100754,-0.006450824248670682,0.4907476175650625,3.7284091146720892,1.397434998315811,-2.483908825511905
0.013988663534254401,0.006885446109505317,-0.005049716262868106,-0.006466778843762886,0.4880939543691123,3.71954779806537,1.41708659348463,-2.4751283008878535
0.0139985959779729,0.006898242518061897,-0.005028982543663878,-0.006482903585887329,0.48547498251965365,3.710752344565208,1.4368135436494043,-2.4662918061432246
0.014094285139751618,0.007055868631489497,-0.004811583447598183,-0.006691225351449336,0.4605894550180702,3.6307353868685204,1.6729403752350562,-2.368072203525154
0.01408535952047929,0.007042763319888447,-0.0048320712539692565,-0.006675350657925611,0.4629760368740881,3.640448010346056,1.6538067639981888,-2.3781105763590094
0.014000553672064845,0.006927455713553912,-0.005018493511721968,-0.006534166416895926,0.48555821914839736,3.7268158115958223,1.4806904341569138,-2.464799758514315
0.014010042606982513,0.00694049629089176,-0.004998061504745043,-0.00655080370301274,0.4830474639969536,3.7182131154108204,1.500712900675558,-2.4557919839167206
0.01400856542157257,0.006911171392179969,-0.005008034627843491,-0.006499088404849224,0.4828441885827653,3.7017326683489142,1.4566301626676383,-2.4572455601805157
0.014037107917101789,0.006978897282137089,-0.004938761961334324,-0.006599620491907483,0.47590143051343997,3.692992836165979,1.5590855822494303,-2.429019293929748
0.014028043239921217,0.0069663090814204185,-0.004958664704999374,-0.006583898466184317,0.4783059345348751,3.701851703645374,1.5400424862841595,-2.438151659314588
0.014019143824636057,0.0069535131047505395,-0.00497821287990757,-0.006567541688652986,0.48067359743135135,3.7100443810367696,1.5205940796945132,-2.4469641536460176
0.014053276590017908,0.006976504426757267,-0.004910506223882232,-0.006582880340192286,0.47120149567883024,3.662487691798199,1.5551145951254597,-2.4140716114866567
0.01406356414708116,0.0069881172782091305,-0.004888681541931859,-0.006595591590829585,0.4684467812631717,3.650690146798461,1.5722912346791398,-2.403763090185399
0.014074230794109572,0.007000348655281714,-0.004865909889840426,-0.006608940655749959,0.4656049608238642,3.6383649233963493,1.5902287416965597,-2.3929243105824765
0.014084814339952104,0.007013548871524688,-0.004842880501256196,-0.006623900521503619,0.46277498929448785,3.6264902319243224,1.6094679749718441,-2.381925453929195
0.014093885423145727,0.007027610445839636,-0.004822129195511609,-0.006641439019615932,0.4604151883642557,3.617509033722708,1.6299686474658481,-2.3720545786186302
0.013809051817218235,0.0066950692477570455,-0.00540195148820325,-0.006225820344720007,0.5363649265127822,3.874893558029164,1.1024522036774085,-2.613628240593521
0.01383927958418935,0.006731308359328459,-0.005344285241873804,-0.0062770814353510776,0.5285136687657731,3.857167205385665,1.1637044291154608,-2.594410005115947
0.01382924247418414,0.006719256635491083,-0.005363555495647011,-0.00626016028045511,0.5311176122384672,3.8632924578459664,1.1434091158044122,-2.600974559974059
0.013819198039506703,0.006707188050590188,-0.005382720455073239,-0.0062430774245362496,0.5337463391649068,3.8691576449471135,1.1230214283801787,-2.607354165830277
0.01385547126165023,0.006727761987024861,-0.00531486338247908,-0.006261966046174405,0.5231975474843914,3.825598385355356,1.163192446523533,-2.578699584147758
0.01386645752878552,0.006738783034283185,-0.0052938876258804566,-0.006276162686093473,0.5202433235839564,3.816617911976053,1.1819207121941904,-2.5708854444220637
0.013621765227225016,0.006512182949185294,-0.005739738691379604,-0.005960114884922182,0.5867969950999927,3.985139541507714,0.7656325868176924,-2.713835417119061
0.01360463724388402,0.00647397131671917,-0.005765659399369748,-0.00589403097903603,0.5884792153552313,3.9635938895744514,0.7065611307482986,-2.709867788580524
0.013615539746796813,0.006485191290896845,-0.005747322750799275,-0.005911874209872493,0.5857811499400386,3.9605829707669185,0.7274376405897917,-2.7062460582301058
0.013626521065520677,0.006496454790958434,-0.00572872377407209,-0.005929646506694802,0.5830483037542561,3.9572342341977276,0.7483738271791155,-2.702385039353493
0.013632853214936368,0.00652348633507497,-0.005720660037985575,-0.005977863475000753,0.5839306977350116,3.9812051485436997,0.7868197362703158,-2.7095417632415746
0.013665371793268025,0.0065580083692804774,-0.005664127217648495,-0.006031665214039878,0.5755919864698419,3.9697360046045627,0.8505148526216445,-2.696396494200861
0.013654616208895144,0.006546502457381254,-0.005682943148776495,-0.006013838821208651,0.5782374272076917,3.9736975583350875,0.8293757646395982,-2.7009059720971256
0.013643827580622861,0.006534938057091531,-0.005701686251163371,-0.005995784303106884,0.5810135940015061,3.977367616492946,0.8080904743243121,-2.7052177351736995
0.013798850027347884,0.006682839830676573,-0.005421164484114249,-0.00620825316665739,0.5389952414396192,3.8803514789144056,1.081639306325596,-2.619731991222302
0.013788494749641738,0.0066706468331844265,-0.005440532583730673,-0.006190691688475434,0.5416671329069561,3.88584429447716,1.0607549063062336,-2.6257897397988987
0.013692458174771611,0.00656496881548983,-0.00561456167203573,-0.006035179222626898,0.566364006922785,3.93259191905382,0.8740652972474562,-2.675510214845477
0.013681411124056237,0.006553745068121547,-0.005634020555338504,-0.006018310879640291,0.5692291385792356,3.937704119166962,0.8534970944427832,-2.680611101149917
0.013777999324584088,0.006658588664072426,-0.005460030854472612,-0.006173306871273144,0.5443770670343674,3.891451798248507,1.039935031200862,-2.631819079802692
0.013767340728327917,0.006646729798034196,-0.00547970632179406,-0.006156223694425121,0.5471424422670009,3.8972870619640623,1.0192546189577547,-2.6378652641821136
0.013756538910442796,0.0066351261411094625,-0.005499528937722224,-0.0061395318103241005,0.5499661620887318,3.9033827966883003,0.9987902684945934,-2.64393435399545
0.013745741889972116,0.006623738881306906,-0.005519231233692446,-0.006123093626598721,0.5528034141012519,3.909451762053706,0.9785414955224919,-2.649887862863936
0.013703550629544328,0.006576427241393648,-0.005594919761085442,-0.00605232210865217,0.5635041867044045,3.9274220301604914,0.8948940161524085,-2.670276858025461
0.013735230475663648,0.006612227893485783,-0.005538286564194978,-0.006106169229136332,0.5555343838052319,3.9146427089447458,0.9581648878399571,-2.6553604109034334
0.01372499653456144,0.006600284001514537,-0.005556689388021889,-0.006088204414725895,0.5580915064214705,3.9186100288769232,0.9372615105725522,-2.660238410885302
0.013714491174739827,0.006588216254506607,-0.005575458686742988,-0.006069990112262735,0.5607207530316157,3.9226261050635927,0.9160213752678475,-2.6651129075091866
0.01348796992122954,0.006378252128549402,-0.005960430659336655,-0.005740193913490901,0.6195017516305752,4.0143926304418125,0.5092176696453939,-2.7511559726117714
0.013521714347252417,0.006411160928782582,-0.005906325799161346,-0.005795788446685703,0.6115513619263532,4.0095581943748,0.5733196748189863,-2.7439944415369015
0.013510471869977949,0.006400254509562244,-0.0059244955502506455,-0.005777497203996215,0.6141642698790993,4.011526456963934,0.5520672637666029,-2.7466169162479406
0.013499264662338119,0.006389269020921302,-0.005942451935773171,-0.005758929897013953,0.6167845037293017,4.013054084438337,0.5307043771579706,-2.748962899966749
0.01353745725138609,0.006406107628745536,-0.005876147341339036,-0.00578369633842292,0.604774582691889,3.9779755454586856,0.5786590637109583,-2.7285615732133084
0.01354904496294808,0.00641675289751966,-0.0058571929601468125,-0.0058011080234212095,0.6018834034508135,3.9747378964289344,0.5995303492378485,-2.725262662908431
0.013560684103485718,0.006427743876034151,-0.005838097581458945,-0.005819005820624848,0.5990043444006118,3.9716304805347007,0.6207991941678968,-2.7219216030861904
0.013593838721299956,0.006462661568709061,-0.005783662779233027,-0.005875870533849297,0.5911225137675461,3.9660504786094966,0.6855941579228028,-2.7131610487917466
0.013583168153723317,0.006450960460581891,-0.005801228946467076,-0.005856838781182074,0.5936293952728384,3.9675054584652263,0.6641884393751925,-2.715943510996622
0.01357216269090653,0.006439171898044328,-0.005819259728009201,-0.005837603184172314,0.5962235232751,3.969094513052404,0.6424436594412136,-2.7187478228567112
0.013609832212400792,0.006458398603700093,-0.005753526761924514,-0.005864067255781861,0.5851746433169498,3.935168743924724,0.6901675103774413,-2.697719943651666
0.013461749232183294,0.00631403665039752,-0.005990301286482466,-0.005625565537572215,0.6201493571873041,3.95912548404501,0.41601824114894786,-2.7307383169814163
0.013492584370322478,0.0063622544841146255,-0.005947699033114955,-0.005710170601991971,0.6153991312952085,3.9841396520658416,0.4943393297918059,-2.7378685269317473
0.013480933634736134,0.006351272653097397,-0.005966053710399288,-0.005691501869580818,0.618169341074201,3.985615077531339,0.4728539927964122,-2.7400127053264156
0.013473571505184488,0.0063242227470635855,-0.005971815418366247,-0.005642950730045979,0.617321022439853,3.9569576897822816,0.43656722747649396,-2.728497492409962
0.013485191206190697,0.006335126856859829,-0.005953782516647085,-0.005661530600787693,0.614613430196313,3.955860208247803,0.45772302953298954,-2.7266661770659906
0.011286213448443246,0.0050916198313594825,-0.007963923603801937,-0.0020861625026877832,0.6865519009576078,2.2179266622207443,-2.1737767914316994,-1.3319508235088113
0.011300032992489543,0.005097803976187221,-0.007960662062025649,-0.0021104194261995497,0.6903059828404687,2.2366719476040076,-2.1683308495863147,-1.3466965766938075
0.011317453298871197,0.005096867899485361,-0.007946398922391644,-0.002134354232615517,0.6907200036241231,2.2512029656835204,-2.1538484481234943,-1.3623428542607476
0.01128190543238061,0.005072631925151886,-0.007945451289419014,-0.002065978503781867,0.6775275930389207,2.194890633331292,-2.1608868029924686,-1.3219329384209564
0.011098391528930301,0.005019785941808802,-0.008010605631730222,-0.0017655769889340148,0.637631084796923,1.9751965448000626,-2.244832404508165,-1.1357069440590157
0.011117828263809637,0.005018938778015149,-0.007997297426145562,-0.0017934136770731428,0.6393763354075768,1.9930321361884145,-2.2314116926450347,-1.1540415971948261
0.011133669598443576,0.005021744746087175,-0.007990288160922353,-0.0018182424509566235,0.6423289059166585,2.010501852947868,-2.2233266587465277,-1.1697118720220137
0.011150152162335433,0.0050177545692617525,-0.007974973901451224,-0.0018394785675577162,0.6421864436373778,2.022473177188385,-2.208828852317897,-1.184298700580232
0.011178496963750414,0.005030805234045532,-0.00797093279369212,-0.0018889752515967044,0.6506999348553278,2.060628076450683,-2.2005548149302965,-1.2141645654516635
0.01116733839379314,0.005016599204606311,-0.007962278477997744,-0.0018634253244232436,0.6433529345504849,2.0373924671043073,-2.1961649210214853,-1.200038295935233
0.011274866800251207,0.005053849746169705,-0.007929316177935325,-0.0020422510422555165,0.6685366549839823,2.1699144576726024,-2.150372967138578,-1.3095500048797188
0.011260538049592135,0.0050547051981094495,-0.007940706876440572,-0.0020226629430217464,0.667997197768221,2.1580019011681784,-2.161823858669471,-1.2967710359672606
0.011248681522893008,0.005047381583651572,-0.007940937065433326,-0.0020006182736340204,0.6638356991910469,2.140245741499618,-2.1644213108654387,-1.2837102254973531
0.011233505202980658,0.005040055412007475,-0.00794342916602075,-0.0019739061218666935,0.6594078062587637,2.1195598702120297,-2.169340135984779,-1.267641286145686
0.011216120816778507,0.005034152073048752,-0.007948932904529535,-0.0019450724334703275,0.655402350260576,2.0982451672069686,-2.176886597239312,-1.2499698038151348
0.011197953903550445,0.005030345266096834,-0.007957169457971541,-0.0019165448034652326,0.6521422165139396,2.078128387790473,-2.186559729490906,-1.2321370533750955
0.0110897808004249,0.005002170729316333,-0.007995872063429941,-0.001741972316386502,0.6289169636562457,1.9519210398254996,-2.2351346699084687,-1.1236699647672734
0.011337676386576017,0.005089658890301978,-0.007922689908723933,-0.0021572035622466363,0.6884130543090022,2.261371256292519,-2.131753058242705,-1.3781142122268102
0.011576244383668976,0.005173505024368689,-0.007815885559154969,-0.0025516041923554504,0.7298657024938859,2.5492707419976237,-1.9907761311969419,-1.6177194000951423
0.011560090043403635,0.005168896388901578,-0.007825449173438576,-0.0025261443185570966,0.7280762708676706,2.5316354519421744,-2.002474598373027,-1.6023436732535468
0.011544589663824503,0.005164053003910881,-0.007834001257882932,-0.0025012706800772253,0.7261100396157225,2.5140829795193578,-2.013204525852075,-1.5873140446153273
0.01152931913945341,0.005158981565835973,-0.007841942706361472,-0.0024764463661412803,0.7239517216792309,2.4963285189466062,-2.0233710347383376,-1.572303858562501
0.01149893040457516,0.005149523797155182,-0.007858022933504778,-0.002427464675700434,0.7197543427431179,2.4615107497572493,-2.043597076905854,-1.5425674006583712
0.01151411234982811,0.005154049370570549,-0.007849837744802869,-0.002451784435677003,0.7217934897918266,2.478710854024289,-2.033417775752629,-1.5573609434022446
0.011495656925510281,0.005131368531965188,-0.007840490426202053,-0.0024073378593388595,0.711238171245295,2.437548012132019,-2.032123248336285,-1.531725481609013
0.01137994076724573,0.005115805085543918,-0.00791918937002548,-0.002236616307341146,0.7021770471156109,2.325693790032759,-2.1191775187663318,-1.4254396976733514
0.011466186330461703,0.005121131395047136,-0.007854225161198462,-0.0023590359048629573,0.7063708204152652,2.4025795487479793,-2.0500164556092866,-1.5024882947201001
0.011450604883871576,0.005116256870806124,-0.007861871788744916,-0.0023338963202430094,0.7039415324425362,2.3846123054847475,-2.059657899380349,-1.487199289112678
0.011434102596892738,0.005112594010932519,-0.007871492496803021,-0.0023084639497928747,0.7019977022886263,2.367178076577918,-2.070896253364158,-1.4715626675172888
0.011399412757484207,0.005111032023846623,-0.007898117433144695,-0.0022597132891988467,0.700546989684796,2.336879043713355,-2.098999886228485,-1.440805778035813
0.011416942071961622,0.005110663888926986,-0.007883440922481668,-0.0022834722278236314,0.7007675433509913,2.351003501995527,-2.0839291546674676,-1.4559619157771033
0.011492220185439233,0.005115612304803764,-0.00782587507517643,-0.002389186317513605,0.7039341278694305,2.4166319603232087,-2.022792451993057,-1.5219469328543176
0.011478911545542944,0.005107075666091806,-0.007827743927430192,-0.0023641723072145974,0.699891620214835,2.396565581448986,-2.0277852527305877,-1.5071977531609617
0.01169832020829785,0.0052212207985877545,-0.0077525546173959235,-0.0027543391269455875,0.7467625332160868,2.6955263851854285,-1.9057494719020123,-1.7383130672224887
0.011714591455061854,0.005223491195463061,-0.007738878751745815,-0.0027770679728357363,0.746730354213775,2.708973264951872,-1.8906572991509503,-1.7517199896030586
0.011666775720259898,0.005206121209035821,-0.00776678378215656,-0.002699518133770063,0.7415388099147701,2.6545997255711526,-1.9268209410976758,-1.7059698798380836
0.011685581159634337,0.005209916100674854,-0.007752634276291267,-0.0027271016323137214,0.7422289834359176,2.672038983898944,-1.9106279331858755,-1.7223343398864037
0.011607772677246395,0.005189604392641811,-0.0078046674716719475,-0.002607733817390154,0.7364623162465501,2.5924196901327883,-1.972785997260564,-1.6511588357996474
0.011594513831299582,0.005178502348347292,-0.007804634422937525,-0.0025801146360959425,0.7316668226408799,2.568789840231388,-1.9771708444531841,-1.6348970689508613
0.011624738982773983,0.0051914740006759556,-0.007790792993179819,-0.002631512588943403,0.7366385084442628,2.6067751590581527,-1.9576576230625677,-1.665543092879137
0.011644469594470108,0.005187503995460953,-0.007767661949263398,-0.0026531235684227853,0.7339553969044684,2.615214197839514,-1.9353969433939258,-1.6787508066676173
0.011662132296771545,0.005188974450052587,-0.007752356403338546,-0.0026770402459153375,0.7337600900283205,2.628973805604492,-1.9190442283386695,-1.69303005905523
0.011369329171960168,0.005098914520494101,-0.007908459806073943,-0.002208465314300958,0.6939679552998145,2.298353236134893,-2.113887022640497,-1.4096860726334712
0.011358001242462785,0.005084966275217905,-0.007901597056567915,-0.002181814282756824,0.6870477881014425,2.2738626245987383,-2.111525898737289,-1.394554605648912
0.011972755632639462,0.005312496375135523,-0.007557619718237631,-0.0031794155236229455,0.7603900855730882,2.972239666963126,-1.6641575097952541,-1.979723912824685
0.011929589251479277,0.005288537585861165,-0.007581300691327396,-0.0031035425046195293,0.7554415900180594,2.9176944281356767,-1.6999860195640955,-1.9374633728808355
0.01194823815976369,0.005292873271745395,-0.007564917775720521,-0.003129560104247061,0.7549654942434457,2.9322737743935057,-1.6813581588137996,-1.951575522191488
0.011966829242846023,0.005294176022305603,-0.007545240792299505,-0.0031518971387933695,0.7529714752154187,2.941929405173816,-1.6609877906622927,-1.9632831155489818
0.01190900246687387,0.00528372282926554,-0.007599124472137738,-0.0030745991253314574,0.7558625595666212,2.901263990086295,-1.7203113893469,-1.921665905989371
0.011742933740127292,0.005252559023407696,-0.007742287162252525,-0.002841898955569955,0.7583352164003189,2.7668945395274025,-1.881424090535783,-1.7897224622494436
0.011757928392032544,0.0052577913597059815,-0.007732674079160204,-0.0028659462385401927,0.7595660705209796,2.7833898023382866,-1.8691036300968655,-1.8037930459198315
0.011788632804728328,0.005267954355848714,-0.007711929435190762,-0.002914407411870258,0.7616165951371755,2.8159612128182974,-1.8430053026211872,-1.8319798520609305
0.011773307923835649,0.005262554943479147,-0.007722000324722886,-0.0028899177806282314,0.7604593447167777,2.79932439509185,-1.8558828413096233,-1.817772716589446
0.011831628347296983,0.005271015718180747,-0.007669741411363588,-0.002969793785146689,0.758815383446805,2.8441892285803307,-1.7982036433206605,-1.8634767605453415
0.011888918204866488,0.0052741930935288495,-0.0076111361724415785,-0.0030408669236698664,0.7538913645650984,2.8777569808574524,-1.7370500086968697,-1.9027463090574204
0.011849152180653754,0.005273252682324031,-0.007653346327231761,-0.0029931163903310102,0.7579349188810303,2.8566496681218045,-1.7803882819583488,-1.876588675607192
0.011869270884817705,0.005269660191639675,-0.007627731922046822,-0.00301298732684396,0.7541154551594015,2.86155532153351,-1.7560359095662028,-1.887265956656284
0.011801277632932447,0.005258582482358372,-0.0076884231033235075,-0.0029199954409497276,0.7560819740876432,2.809619535307931,-1.8231334750140245,-1.8348618502510088
0.011819064547656714,0.005260266637229805,-0.0076714791036889005,-0.0029432649818754777,0.7550556809965359,2.821835452955096,-1.805003246924077,-1.8480788281585672
0.011739786751367899,0.0052362443548586565,-0.007727528739665763,-0.002821365038412124,0.7509048377206587,2.7421559093691226,-1.873411278041137,-1.7776582106931798
0.011734032508972229,0.005220215994215225,-0.007715796867610501,-0.0027980189030364787,0.7438538790313188,2.7165618772704687,-1.8683356253117103,-1.763991615133708
0.011989595312470206,0.005314920191340885,-0.007540794083026328,-0.0032009528874576976,0.7590393992491916,2.982529746863012,-1.6460685025220674,-1.990987886706824
0.012023403507259653,0.005343853070080302,-0.00753150337742383,-0.003271928192238566,0.7667187651810262,3.0402143816129095,-1.6214957579909604,-2.0309875365775354
0.012005840837515823,0.005319406441740153,-0.007526652304219683,-0.0032240647920776353,0.758649213083249,2.9955344641777724,-1.6296416684954789,-2.0032363437673983
0.012021271734044001,0.005324918912319023,-0.007514369951243083,-0.0032473648862364596,0.7587540793545545,3.009634372794329,-1.6145426441829713,-2.015650307324154
0.012051705383138262,0.005362959744892112,-0.0075177235579527765,-0.0033254329718323443,0.7706081128063875,3.0803314591669606,-1.59731550900079,-2.0605403464419156
0.01206517965284703,0.005366348565085294,-0.007505043564236748,-0.003344017950532747,0.7698250217627943,3.090023451712527,-1.5828102914691924,-2.070083904766277
0.01204068153430088,0.005351067323562909,-0.0075185456175170026,-0.0032992999965565897,0.7671752601863704,3.0575742941437336,-1.6046646725947782,-2.045642307148032
0.01208038064079659,0.005371983117461073,-0.007492476817603263,-0.0033670634273644854,0.769767455013349,3.1036991222230665,-1.5671809027211603,-2.0821161100282417
0.01209488650017387,0.005379718797879239,-0.007482759534729916,-0.003391849784072572,0.7704824184692408,3.1204177079839117,-1.5531901196842615,-2.095320706736836
0.012108006311947066,0.005389013167937664,-0.007476195936862037,-0.0034170469539813904,0.7723215825284562,3.13921101066381,-1.541347274454668,-2.10902392238915
0.01212391457643102,0.005392523567777162,-0.007460137770657473,-0.003437982593365249,0.7707956996125418,3.149007561471944,-1.523494230966176,-2.1193089783726484
0.012168808692952948,0.005409368929652843,-0.007421046878653382,-0.0035049911715149366,0.769537202593409,3.1868438259839036,-1.4752841091698128,-2.1529697106195793
0.012153811110147838,0.00540264916132659,-0.007433147195399254,-0.0034813355165129755,0.7695811409068748,3.1725851378927863,-1.4910842138152336,-2.1409787963149403
0.012138622434703754,0.005396660724250445,-0.007446073523732283,-0.003458311604473663,0.7699127477509798,3.159310576747865,-1.5072619995091843,-2.129361510473149
0.01218415890586918,0.00541613341647771,-0.007408391936286371,-0.0035289711090369298,0.7693858221583348,3.2010509532464155,-1.4589125679050543,-2.1650104349194383
0.012212678017248372,0.005436187900778657,-0.00739188833339525,-0.0035829183861393844,0.7720265043889015,3.2396764482025646,-1.4306458381639018,-2.1933105410627625
0.012201432060518694,0.0054234258485032875,-0.007393643703497475,-0.003555437982014072,0.7689690603993251,3.2162475535606907,-1.440197922881063,-2.1781156592132285
0.012228806570805207,0.005440089968752152,-0.007374905145702679,-0.0036037416635698104,0.7702601514856523,3.2485120450900125,-1.411824228926868,-2.2028233047833594
0.012248852752951038,0.005438924678004314,-0.007347721274504253,-0.0036215629527974955,0.76562058085625,3.248841267089652,-1.386509547884802,-2.2092163030539207
0.012266127260902307,0.005442023295798413,-0.007328190462599586,-0.003642021177130491,0.763175829383305,3.2557698180421686,-1.3659611551088906,-2.217945419141827
0.012297246361246725,0.005454472484147915,-0.007299230865780605,-0.003687445220193257,0.7614125161281008,3.279214002622773,-1.3307103822180542,-2.2389681764884255
0.012282409145310954,0.005447636781319137,-0.007312247352535862,-0.0036646608888376356,0.7619304362325754,3.2666109804185512,-1.3473264682083645,-2.2282548125207877
0.01231247889427167,0.005459932966864854,-0.007284231994309991,-0.0037086681219068714,0.7602254677912729,3.289274600305094,-1.3131070867762504,-2.2484784927492494
0.012366911816380605,0.00553132150174358,-0.00727832380238076,-0.003854525051259708,0.7755826072024918,3.414889888163969,-1.2595719986254446,-2.3274196384213544
0.012353966025785146,0.005523327861681669,-0.007288567398783678,-0.0038319603544879227,0.77556453176802,3.4009806094745128,-1.2747576268626581,-2.316733538004924
0.012380712474288465,0.005524334010694161,-0.007252619135432961,-0.0038570033366317454,0.7694539582966624,3.4016049929953347,-1.2404773732146386,-2.3245613541695223
0.012394388703303734,0.005528600941922694,-0.007237663532534807,-0.0038747991655908713,0.7677081085484131,3.408344219699025,-1.2236547401024476,-2.331724937062685
0.01240886929942142,0.005535232755980335,-0.0072236771668188005,-0.003896462883276761,0.7665778855839078,3.4190346188953016,-1.2061092246254945,-2.3410581320320993
0.012420799459882306,0.005545542767887993,-0.007216537002011916,-0.003921029735129701,0.7676014596602487,3.4363950507685805,-1.19220295474381,-2.3530779083355764
0.012435643222300634,0.005549085324379146,-0.007198915619870262,-0.003938483319044708,0.7650563665795067,3.4410592878398982,-1.1735600982324,-2.3593566415669915
0.012353817476517216,0.005508272524525945,-0.007274430960217222,-0.0038111703267986992,0.7697298690671232,3.3740044845808193,-1.2718899122797558,-2.3030743196164334
0.012342339653915086,0.0054964941478459215,-0.007278880203789703,-0.003784848004224379,0.7677538033434984,3.353319457157952,-1.284046946872041,-2.2893689656214025
0.012336453891953706,0.00547863390301254,-0.00726989283101295,-0.00375540583705177,0.7621580409646703,3.322087595254238,-1.287547625566616,-2.2719088229856976
0.012330088531759167,0.005462173810348963,-0.007262875124508417,-0.003727602888175425,0.7570535189022084,3.293603684968613,-1.2916719248621762,-2.2557213385014356
0.01245206223762023,0.005554996858419008,-0.007181121553128872,-0.003960426231847888,0.7631184909385472,3.449510107830499,-1.1531345889031552,-2.3679033756053802
0.012480876116370831,0.0055757160945439,-0.0071588333386455065,-0.004013353995523461,0.7632293771146591,3.4823565303363098,-1.1178383531967184,-2.391984548465911
0.01247032366089889,0.005562639267073878,-0.007162111768937704,-0.003986164745767345,0.7611470406669288,3.46048478969056,-1.1304134644475001,-2.3781423786883757
0.012508045556097297,0.005591562661390877,-0.007133876979332243,-0.004057718347321705,0.7617371225240954,3.5058061652114874,-1.0836514583034356,-2.410671936129522
0.012496832132712443,0.005579902842376867,-0.007139660942283272,-0.0040320672527781555,0.7604424470536318,3.4869088004413546,-1.097552098674729,-2.398250053408615
0.012535116389991791,0.005607700438142635,-0.007108762151223992,-0.004102117594291212,0.760122363433652,3.5290028514833955,-1.049108253075126,-2.4290313552886933
0.012523981829307293,0.005595328813468396,-0.00711408950354163,-0.004075547853164292,0.7586731693731779,3.509082325918015,-1.0632426238598478,-2.416167967692759
0.012561654139761121,0.005623826007135104,-0.007083862621548408,-0.004145788451627413,0.7583910194410288,3.5514908706288937,-1.0147512349780299,-2.4467335970831527
0.01255138411984603,0.005611930415052692,-0.007088624338880583,-0.004120611958364489,0.7570189001235123,3.532500269893635,-1.0281577665244408,-2.4346059051694504
0.012590101952865532,0.005639986944188993,-0.007055602163098154,-0.004190580656757585,0.755948827993905,3.572598306268497,-0.9774497435297189,-2.4639779983587693
0.012578896990031197,0.005627452642444193,-0.0070614900675757064,-0.004163833434210516,0.7547194584047884,3.5530390289757827,-0.9924406652103777,-2.4514121904775057
0.01260628522938922,0.0056447646825787436,-0.007035508703895869,-0.004209275248941088,0.7528630111337234,3.576024387302383,-0.9563436890860589,-2.4692694177309265
0.012672357527542475,0.005665109747764153,-0.006952917160048352,-0.004284909400412778,0.7404893169875698,3.5883519984912406,-0.870273296321545,-2.489169981998907
0.01265841190713309,0.005657234028248863,-0.0069675785916527,-0.004263799038485044,0.7419868209205119,3.5796513605803715,-0.888846287975687,-2.48190385218327
0.012642959039913445,0.0056503853017022656,-0.006985217872441551,-0.004243107189815509,0.7442136840572143,3.57315429071132,-0.9091342948523661,-2.47542608594037
0.01262632535471664,0.005645588325388067,-0.007006197075249273,-0.004224523198851498,0.7474559511374109,3.57054211131922,-0.9307030872383243,-2.4706509527656344
0.0126860181557298,0.00567215025589462,-0.006937879845624295,-0.004304462428912917,0.7387501180014243,3.5954376374650754,-0.8520879083176919,-2.4954966511494523
0.01333296049962778,0.006196895850619288,-0.006181363698485746,-0.005416822711444818,0.6484495811579177,3.9556619276491047,0.18436427160881663,-2.7379793849857954
0.013322049088164653,0.006186018784838766,-0.006196419498308546,-0.005396786347379868,0.6505045403369082,3.9523144319248797,0.16386497709162617,-2.7367543453111955
0.013347627165199157,0.006193169969375462,-0.006153665398419546,-0.005410790837577076,0.6426846319489552,3.9307138881067365,0.1942277422290851,-2.725759372087262
0.013360021443035785,0.006199999301639137,-0.0061342451084241785,-0.0054233712346657475,0.639391742126956,3.9253701376946495,0.2119689424086771,-2.7227678801167934
0.013428221407670833,0.006279321475122166,-0.006040169046271079,-0.005565001912101689,0.6272414171895572,3.9550564561704893,0.35131884769639615,-2.732114079539666
0.013450423709744442,0.006303082268025947,-0.006007528072169091,-0.0056066156418416715,0.6226899439659767,3.9591691060106933,0.3949664441027582,-2.731917396784429
0.01344033364860323,0.006290683392524941,-0.006021925781578665,-0.005584857606552266,0.6245168297543654,3.955059660501125,0.37340069124719966,-2.731051365442497
0.01343261649803693,0.00626150417235618,-0.006026393508095331,-0.005532687154199895,0.6232062267067628,3.9222823486841105,0.33620501474199327,-2.7169712011287377
0.013420280452382053,0.006251257038233261,-0.006045101213102377,-0.005514807001748782,0.6260394868547136,3.923796954714821,0.31536228036589403,-2.7185956502222894
0.013407422598698522,0.006242255671631681,-0.006065057851479803,-0.005499031853645531,0.6292276374246297,3.9276346737212973,0.29532179801671316,-2.721244843964054
0.013395787067276246,0.0062349839971893965,-0.006083343419509314,-0.005486189638261578,0.632243970235006,3.9322327384517464,0.2780060922314427,-2.724097449815079
0.013374349951162478,0.006209019455069835,-0.0061121403677909135,-0.005439742905069903,0.6358339448037788,3.920693540682031,0.2334673462963837,-2.7199367926687574
0.013389328891040109,0.006220216854273907,-0.006089561087482751,-0.005459815971576097,0.6322845117341683,3.9182072900225178,0.257600725069377,-2.718009639703257
0.013186554227112741,0.0060719539252033,-0.006382981724768017,-0.005177624214341737,0.677729365568719,3.9258673301896,-0.07004985242636537,-2.723708648859313
0.013162267888940097,0.006054140093883137,-0.0064160364609934665,-0.0051414642375244785,0.682680208854557,3.9220855103605925,-0.10962556764832042,-2.720977627054628
0.013151250833349205,0.006043852353343422,-0.006429681050412211,-0.00512107340992212,0.6843863843675924,3.916209863452895,-0.12920080252085897,-2.717607089310187
0.013176545294744152,0.006049804862799432,-0.00638889672703372,-0.00513698051526171,0.6767894804654572,3.898948097812253,-0.09777033281030599,-2.710115202378154
0.01318857290248274,0.006055900705614136,-0.006371170650798377,-0.00515002654716451,0.6738044057752982,3.896127755385287,-0.08049953002130396,-2.709147577941454
0.013199569958821591,0.006081124778859991,-0.006364885130056514,-0.005196152695838456,0.6749491500883041,3.9268332727318636,-0.049157790577598594,-2.7245560692150694
0.013212626417576034,0.006091568809638368,-0.006347226579849749,-0.005216787599141862,0.672330307316614,3.929638881564036,-0.027193510245654206,-2.7262325724832515
0.013224316653878944,0.006103270570691589,-0.00633244329848852,-0.0052392887084650825,0.6704588710681212,3.9358636588880453,-0.005550953946338303,-2.729472681409442
0.013325884145126634,0.00617117778083079,-0.006183440927866499,-0.005370577627410219,0.646763487735481,3.923613489568756,0.153451125095854,-2.72309465121891
0.013238838934466647,0.006099553660690727,-0.006305116403348567,-0.005234980227943946,0.6646850350974308,3.912630783702496,0.00604661373303713,-2.7183797556536686
0.013318039873934217,0.0061564186182459235,-0.006191180894959722,-0.0053439021357224534,0.6470130038810128,3.9099020860095703,0.13249609966699213,-2.7167650798525753
0.013302106772501843,0.006145061261153517,-0.006214492042924259,-0.005322561127493033,0.6507156834907585,3.9113950186459014,0.107215646858547,-2.7177463610920296
0.013287635692078538,0.006135627321082954,-0.006235901995586191,-0.005304546442146182,0.6540843300871669,3.91383723753909,0.08499825242514313,-2.719075205877905
0.013273819346115106,0.006129012583387055,-0.006257311846894438,-0.005291391598921506,0.65784033001397,3.919782994785934,0.06581455005031235,-2.722004470039827
0.013264095090664377,0.006116757976808514,-0.006268835165502918,-0.005268652202454627,0.6589392604307779,3.911342832807758,0.045661316704086664,-2.7179347591721648
0.01325139362246443,0.006106858966399086,-0.006286549401215597,-0.00524959620388371,0.6616409877756656,3.910053560496626,0.02470203627913808,-2.7172528586316607
0.012723946758525716,0.005739352241556657,-0.006933278697502821,-0.0044320982565671145,0.7486221515010641,3.701834418083703,-0.7915742954752227,-2.557712851007991
0.012711511466934883,0.005730100466989688,-0.006945300030709222,-0.004409914135525415,0.7495323663862575,3.6907689358762172,-0.8094926749563721,-2.549697931197702
0.012737905323704153,0.0057335709068100215,-0.006906837826762553,-0.00443155625716187,0.7424669480483667,3.6837772944778626,-0.7750464799657385,-2.550935627458797
0.012750907543583247,0.005738581046239288,-0.006890413530893595,-0.004447179680171787,0.7399555965944912,3.6861957197772024,-0.7574351835820446,-2.5544916705042673
0.01283213095863664,0.005788006011701068,-0.006799252732036465,-0.00457089461649341,0.7290453320196258,3.729762897721784,-0.6416820885830684,-2.5903224600842756
0.01276545639404536,0.005745661771920101,-0.006873073906437093,-0.004466832673666636,0.7376015744764248,3.691385141412788,-0.7373562595128148,-2.559695852539964
0.012817251453748686,0.005780350183445495,-0.006817359970139423,-0.004550756855239458,0.7315164838977176,3.725048542378653,-0.6626169447312216,-2.5855960370137177
0.012802804938356255,0.0057754590358343,-0.006836726191948733,-0.004535103069374888,0.7348137048061946,3.724881796638462,-0.682145251119373,-2.583214798254231
0.012791655018097795,0.005764131232760851,-0.006845861724250675,-0.0045109244295573675,0.7348712623942616,3.7105853678354923,-0.6994753661418472,-2.5740133555849094
0.012779436486123305,0.005754303328572924,-0.006857696007861708,-0.004488485009594016,0.7358594400104582,3.699506437807209,-0.7175286287440182,-2.566263199723713
0.01284705349347622,0.0057967237854939626,-0.006781713441659739,-0.0045926100703793235,0.7267397906195945,3.7361029648851094,-0.6202887788185203,-2.595833646621097
0.012872707713565351,0.005819599243345746,-0.006756841550813126,-0.004642380604574338,0.7248494973711219,3.760764878896482,-0.5803115142779103,-2.6122533854105883
0.012863532596755614,0.005806124719971872,-0.006761999582383284,-0.004616062988505333,0.7240281394712474,3.7423384509224364,-0.5966804858919029,-2.60144925217894
0.012712987351625737,0.0057147581596815435,-0.0069306892074503775,-0.004386972615904349,0.7442382413550812,3.6613645808053286,-0.8106716582836493,-2.5347917188097915
0.012702575154734164,0.005700619544290004,-0.006935442926495234,-0.004358591188376954,0.7428552741601772,3.6401288708072568,-0.8265415823843887,-2.521853245506488
0.012700796375466613,0.005678655799625567,-0.006920586193531339,-0.004323797719424355,0.736480630331227,3.6008233983319813,-0.8325450864742617,-2.5010987386897856
0.012972880282666993,0.005907738062275892,-0.006652422720885919,-0.004832236949488621,0.7148456332308718,3.84515759442711,-0.4189534814342743,-2.66799194046868
0.012985100209555567,0.0059177511598823675,-0.00663849793805153,-0.004853841379056072,0.7132023074919783,3.8529764671039506,-0.3990827304697811,-2.6732699876631183
0.013011199494005164,0.00593510280217092,-0.006605713460263562,-0.004892883481500694,0.7085668635734047,3.861503432611528,-0.35868862104818816,-2.6802161741755657
0.012997743758028483,0.005927046901927019,-0.006623254231357363,-0.004874313199703244,0.7111963545122121,3.858868142093037,-0.3790245908979573,-2.6775584727746504
0.013024628797228557,0.00594393797599915,-0.006588584814669435,-0.004912627849463066,0.7060838860280964,3.8653037050885364,-0.33792672658850115,-2.6833988471287906
0.01305075532788,0.0059630385443642355,-0.006556048176481086,-0.004953923663980509,0.7015998868485055,3.875332740452309,-0.29627494922864206,-2.6907360751529903
0.013037799008295173,0.005953355887588208,-0.006572123537162122,-0.004933144654506495,0.7037975423618571,3.870118152925533,-0.3170837833430364,-2.687007121676022
0.012908339914734787,0.005863132354791451,-0.006729381038315962,-0.004730453115329971,0.7250116502087679,3.8151163686738125,-0.5185262221934092,-2.6449708819152087
0.012896373342404385,0.005853541748260426,-0.00674234650554342,-0.004709127332463697,0.7263674755895768,3.8064035374633565,-0.5373700262882659,-2.638943634827586
0.012922683073953079,0.005857853472380862,-0.006702098004527715,-0.004728234459407346,0.7188087491325954,3.794398576457064,-0.5034820146281346,-2.6361818938022177
0.012935537309977145,0.005863619284600156,-0.006684884446910591,-0.00474338546838596,0.7160196263540869,3.7949766533787908,-0.4854117305523919,-2.638058409587312
0.01294929948846366,0.005871333926713459,-0.00666739825419804,-0.004762009334086354,0.7134637841213013,3.798159696383339,-0.4653466057168176,-2.641324611179552
0.012962839407359017,0.005880100181012474,-0.006650857736454435,-0.004782146881451303,0.7112069697329976,3.803164628859881,-0.4450089368232399,-2.645440672775863
0.012975994116556727,0.0058898071202162115,-0.006635438568639149,-0.004803571601207341,0.709311775676034,3.809922030883183,-0.42459830454804254,-2.6503533383715254
0.012898000270770472,0.005838389079789462,-0.00672901487884354,-0.004685062216990905,0.7217523923338182,3.7771999332025397,-0.541860191510776,-2.6241658811838313
0.012887849704792259,0.005825305127869202,-0.0067363267790194045,-0.004658959884024823,0.721418414862885,3.7605413937254224,-0.559592293002927,-2.614231124174246
0.013063678265771822,0.0059728961681257105,-0.006539993272281184,-0.004974878466825857,0.699416423979249,3.880616595115758,-0.27533970227303106,-2.694434278938456
0.013088099819675446,0.005994460475490657,-0.006510977294503756,-0.005019211956547213,0.6958288631649018,3.8950397051601784,-0.23367979294901667,-2.703464444883972
0.013076592360594516,0.005983222378503469,-0.006524085635129518,-0.004996522014552166,0.6972604634609537,3.886460904623083,-0.25405882717794265,-2.698347429728315
0.013154384464979744,0.00602913571173698,-0.006416287570749286,-0.005096285954873532,0.680288253524307,3.8873201445869254,-0.13676163515197426,-2.703422644029904
0.013146385720102611,0.006014432247684942,-0.0064220957437137755,-0.00506905321782911,0.6799395526457477,3.8704080394553446,-0.15598855368671113,-2.69460993607616
0.013130183636414624,0.00600453001824794,-0.006444473015231177,-0.005048017107496103,0.683479207410833,3.870046325519793,-0.1804311773741324,-2.6935676579440826
0.013115361932146425,0.005996490168507883,-0.006465374471995412,-0.005030339092676168,0.6868157168219352,3.8711590968919025,-0.2021136444783178,-2.6932627554098296
0.013102719494414673,0.005990092389945997,-0.0064833746043708364,-0.00501590332033965,0.6897970657686507,3.8726816718261254,-0.22033659246933385,-2.6932310703392797
0.01293892622972893,-0.005954915005069574,-0.006741695309805157,0.0048981217926276745,0.7419956492033043,3.962871675778309,0.4375547254745548,-2.7236206895282944
0.012951619681256434,-0.005964167835846037,-0.006726265533045881,0.004919289237568637,0.7391094778817001,3.969255968157954,0.41650063989865566,-2.72833488266838
0.012953448915572686,-0.00594817977123777,-0.006711992533652047,0.004892520558308456,0.7307846346260093,3.93842240245426,0.41893837519170246,-2.713300775987667
0.012887863498982957,-0.00591830373358797,-0.006802699062772512,0.004813038510319091,0.7493507948950783,3.9357455326645474,0.5209891121050569,-2.7034031734599204
0.012889437931085693,-0.005902367761566882,-0.006788301741575326,0.004786772951991264,0.7411677745242221,3.904944327246811,0.5224493140483889,-2.68848409342708
0.012900672279216818,-0.0059273963698165885,-0.006787558454360069,0.004834367211735459,0.7485185288544733,3.94284700182957,0.5002603347473279,-2.708629790379503
0.012902266523036788,-0.005911475091053642,-0.006773239464411202,0.004808045113930842,0.7390349314554316,3.9120398803720353,0.5019064267566841,-2.693771650472106
0.012913452405312715,-0.005936529182831806,-0.0067723511869877346,0.004855647729595855,0.7475255371384494,3.949717665885789,0.47946829951190856,-2.7137301136817147
0.012915077348489762,-0.005920590577171397,-0.006758070422301085,0.004829224942079303,0.7366889909019135,3.9188984113297765,0.48127415348315933,-2.698891606182682
0.012926203763119731,-0.005945702090780215,-0.006757063142987759,0.004876899738992567,0.7453139859247205,3.9563726230787286,0.45856382353349984,-2.7187352368453337
0.012927887364155897,-0.005929726005289844,-0.006742776998005676,0.004850335775859505,0.73448206492469,3.925541109832675,0.46054527143339813,-2.7038423383449337
0.012940686700377164,-0.005938915338514005,-0.006727398983581171,0.004871426128180809,0.7325804128701701,3.9320334808779784,0.4397537309132706,-2.7086391339460913
0.012865214679901435,-0.005868047881812597,-0.006804118337606617,0.0047180583119068855,0.7416132095317286,3.8572328856464893,0.5702273355929218,-2.6603858054031897
0.012891170674100958,-0.0058860722358677516,-0.006774023759325715,0.004760510406201111,0.7376661142409882,3.87172229453841,0.529660187737242,-2.671354561284835
0.012878230922295555,-0.005876981285001016,-0.006789021889752003,0.004739223821643463,0.739662277230461,3.864430103250292,0.549970967802916,-2.665878669258802
0.01285224849620522,-0.005859146999851898,-0.006819014505231272,0.004696869488758789,0.7434185864609226,3.8497942314462246,0.5903392112337822,-2.6547176282457436
0.012839341035844748,-0.005850185482211462,-0.006833627664094018,0.004675513239258145,0.7451493879534294,3.8419332694637007,0.6103316723762547,-2.648782516933925
0.012826392715852812,-0.005841217372037802,-0.006848160531145714,0.004654029860142776,0.7469276708124452,3.833832185465224,0.6302924331872964,-2.6426628250105604
0.01274757228407552,-0.005788643312485527,-0.006935132514899636,0.004524493344563521,0.7570460727805476,3.7829383642884653,0.7491849154923145,-2.6034360608136153
0.012760650343777297,-0.0057974342335248745,-0.006921112643593565,0.004546331426705669,0.755493249567837,3.7921551447090884,0.7296540937383796,-2.6104856176527815
0.01277378358406414,-0.005806165767430822,-0.006906814066277464,0.004568016046454242,0.7539512097522428,3.8009723836941194,0.7099736426744786,-2.6172821150002203
0.01278698659385505,-0.005814834524488632,-0.006892210890281998,0.004589544115506355,0.7523170584789067,3.8093667451903293,0.6901457393809317,-2.62381268924066
0.012800192745806125,-0.005823529724227255,-0.006877479889714191,0.004611016825575845,0.7505678977597058,3.817545973803039,0.6702269635258037,-2.6301744082567198
0.012813341169449438,-0.005832320119637386,-0.006862772356809008,0.004632511729038182,0.7487528903049482,3.8256831582335233,0.65026347473597,-2.6364497827613467
0.012613762909198281,-0.005704209605617891,-0.007074993739550005,0.00430463898514923,0.7717839748965835,3.685432970197333,0.9417749304697861,-2.5268311611438836
0.012627277651751563,-0.005712599996553762,-0.00706141018569519,0.004327039796737907,0.7703776018843591,3.6961263604394823,0.9228410295352901,-2.535236714989615
0.01273442481564758,-0.005779895018748828,-0.006949152625765911,0.004502592512762833,0.7586932960546342,3.773600161999631,0.7686835363611916,-2.5962599269497613
0.012680727394558505,-0.005746253322242374,-0.007006636994702025,0.004415488174941886,0.7651254837439571,3.7369504933979587,0.8467171440290847,-2.5672248045067256
0.012694146644465257,-0.005754570513098519,-0.006992413812058872,0.004437260863141011,0.7637091968372304,3.7463245085066483,0.8273777520546061,-2.5746691569664493
0.012707643439701634,-0.005762854146835087,-0.006977897845872909,0.0044589329324569915,0.7621206392956901,3.7553315851369153,0.8078580792119353,-2.58188480543718
0.0127211081506447,-0.005771277191950389,-0.006963401661201427,0.004480703458122615,0.7604126877607947,3.7643641425828718,0.7882533863418236,-2.589057354097548
0.012681636394546579,-0.00572987474999229,-0.006991700285123859,0.004390488102272745,0.7588721358790286,3.7050571223543898,0.84822113047312,-2.5512434067573087
0.012668322439644523,-0.005721490631980467,-0.00700545829368051,0.004368704223631067,0.7602484144165418,3.6952852543705887,0.8670683986587661,-2.54356569717782
0.012654929374963196,-0.005713127301060827,-0.007019213223599626,0.004346810751792962,0.7616145895151462,3.685346193259679,0.8859083786018934,-2.5357369901512286
0.012641675274630462,-0.005704454479712645,-0.007032349495535241,0.004324449191098257,0.7627520470874898,3.6745093874935786,0.9044939232546111,-2.5274291418163206
0.012559478453261155,-0.005672002855845207,-0.007129392533979972,0.004216032256194892,0.7766816769785568,3.6429525854836027,1.0165022468454727,-2.4928310090202377
0.0125729547370209,-0.005680002631607817,-0.007116107396365481,0.004238170059574425,0.7756239694479686,3.6538681743799066,0.998112552618954,-2.501538330653842
0.012586504052351385,-0.00568797651817433,-0.0071025458792774365,0.0042602354102966875,0.7744798303175083,3.6644710837951933,0.9795194994755912,-2.510050003152354
0.012600129948588444,-0.005696016730054172,-0.007088781728902469,0.00428236511630943,0.7731957938268366,3.674929154112965,0.9607160663217663,-2.5184524021750785
0.012423088916630487,-0.0055765511999769065,-0.007242182935913039,0.003966815184259007,0.7789459475929731,3.4930178212653833,1.1932387377869158,-2.3823652500522168
0.012437079093368629,-0.0055840955166201744,-0.007229265777487714,0.003989405992407751,0.7781280081953553,3.5051194003291735,1.1756878999931226,-2.3922507173280434
0.012450913087710283,-0.005591868718658643,-0.007216639989609921,0.0040121099981568825,0.7773820898330918,3.51745661780263,1.1582371281966053,-2.4021669569416315
0.012464532709037352,-0.005599869081130732,-0.007204388078458257,0.004034885807952701,0.7767223944045737,3.530045582674571,1.140953602492479,-2.412108623037898
0.012477942032664833,-0.005607911938648852,-0.007192336312062995,0.0040574784151001355,0.7760740540372223,3.54254888742469,1.1238090917630756,-2.4219087970158597
0.01249142685086268,-0.0056155690512568685,-0.007179681461758792,0.004079496386168638,0.7751916742290171,3.554100898043329,1.106402953126606,-2.4312044986489423
0.012505278540545851,-0.005622923594400996,-0.007166074058580075,0.004101279737741589,0.7740045200654908,3.5647706685170504,1.088381833625201,-2.440100203489117
0.012519316601260821,-0.005630603943555797,-0.007152343893390736,0.004123592316607417,0.7728560584107688,3.5757749877733604,1.070015960598483,-2.449163584092093
0.012533215450599607,-0.005638717801492059,-0.007139061163805049,0.0041463433334661464,0.771856821666959,3.587403959265813,1.0517218027203714,-2.458460526641345
0.012546851898610498,-0.005647034069516717,-0.007126200306665398,0.004169109233131663,0.7709462177066184,3.5992647306696095,1.0336435103376453,-2.4677633184947987
0.012560206129952872,-0.0056553617484274695,-0.007113624747321597,0.00419160074509537,0.7700573064045825,3.611012279163024,1.0158032102290517,-2.476894751053843
0.011221647617415051,-0.00505979585635373,-0.007974250442175772,0.0019709080228744566,0.6674121868911255,2.1277211703362826,2.194790132157303,-1.262424018171988
0.011237651283697667,-0.00505141617014883,-0.007953387176407133,0.0019878435779572792,0.6647909363408719,2.1342584651175316,2.1759345542659223,-1.2748285675622737
0.01112808948475498,-0.005041270559443526,-0.00801626920625523,0.001822782176340879,0.650404351528619,2.0225904851115644,2.2439970318098337,-1.169070789193028
0.011095109536494625,-0.005027985987184029,-0.008022073237778697,0.001765918447576971,0.6408521548124996,1.9791506287480765,2.2540933152361933,-1.134379722397303
0.011112470292723109,-0.00503356026082456,-0.008017469755929577,0.001794935879330075,0.6452645723863596,2.0007611033636064,2.247623428817056,-1.1523105607996829
0.011158598091797842,-0.00503928287811907,-0.007993944229475634,0.0018659311604279315,0.6525921378777316,2.049833184592243,2.221576759101279,-1.197673006012962
0.011142901423729487,-0.005030639982873089,-0.007994426921704727,0.0018374453630188063,0.6471350062188646,2.0272004847365026,2.2247770727399083,-1.180656049803929
0.011092085226271203,-0.005006063827656729,-0.007998874348038728,0.0017477584560544352,0.630894259048968,1.9574322749972934,2.2369940901145644,-1.1267248065958813
0.011206522432053135,-0.005046437360961574,-0.007969566686928683,0.0019398940919709716,0.6600905465835271,2.1010841608312627,2.1941970932770953,-1.2445621287484399
0.01118817982460686,-0.005032372615858188,-0.007966152904596754,0.0019039390835592655,0.6521975433109067,2.0710332450030076,2.195135802835235,-1.2236180152411007
0.011171526514552558,-0.005029113815081863,-0.00797370248170719,0.0018778125790421343,0.6492982656132015,2.052641343903563,2.2039170705037567,-1.2072259538268004
0.011314048880931672,-0.005083236616885429,-0.00793346320665811,0.002119206549210384,0.684206583819201,2.2341503121586723,2.1449981925638384,-1.3546738122548552
0.011330454933580564,-0.0050747296002045025,-0.00791133635889949,0.002135669167421434,0.6810389713333985,2.239645653617814,2.124963943008087,-1.3665176142594386
0.011264597971306118,-0.005051908385961406,-0.007934598445877227,0.002026367752421013,0.6669583919309603,2.158906641440472,2.1564201777520786,-1.299635393184477
0.01125288714368987,-0.005041804658461249,-0.007931613674721004,0.0020025624479592078,0.6615876837042539,2.1386188872208547,2.156625024931916,-1.285861268019305
0.01129839096258333,-0.005068621687926229,-0.007928658629273123,0.002086226832244562,0.6765996411890157,2.205480770685132,2.144848019601166,-1.3356556622355884
0.011281553033113383,-0.005053287932659111,-0.007923780559197194,0.002051233278461982,0.6686415624003599,2.1752795803321745,2.144841746480335,-1.3154486142255968
0.011498066123045873,-0.005131090487862363,-0.007838097078558377,0.002410317329017616,0.71101169756406,2.439213833016876,2.029715175492562,-1.5337180878385868
0.011468418945950472,-0.005129718901457988,-0.007861973557614962,0.0023693268844825143,0.7103547384516832,2.4143317309122954,2.054920468018484,-1.508127600538609
0.01145339266500535,-0.005120772902539939,-0.007864608620878595,0.0023414541232795708,0.7059796806316515,2.392116572575666,2.0608533642503404,-1.491569195506685
0.011483835016811631,-0.0051213092302471175,-0.00783941124629898,0.0023828818035380897,0.7063993008113086,2.4167784164537895,2.03463015701699,-1.517524493837808
0.011437936158484862,-0.005112660578749917,-0.007868392052330695,0.002313725892564789,0.7020331393520013,2.3704711807816614,2.0676279490504914,-1.4749818446507428
0.011451984808222071,-0.00510359053624608,-0.007846542971122179,0.00232516864958487,0.698022160114753,2.371515465501146,2.0483096379900254,-1.483183109531185
0.011423035928745743,-0.005101827523055186,-0.007868512014480328,0.0022845458610583074,0.6966841030237784,2.3462664291744453,2.0715430301565614,-1.4577871417301524
0.011391423911040565,-0.005083197135657624,-0.007873192960966996,0.00222637984808464,0.6873296826084195,2.3000312208878424,2.0828269117006735,-1.423212817915722
0.011407565185951016,-0.0050911369191084235,-0.007869116709255948,0.0022547841491963763,0.6914117365498883,2.3218971142859157,2.07589399354471,-1.440232508150687
0.011375300725519042,-0.005077337899434893,-0.007879424862240388,0.0021996589985850998,0.6841148039681301,2.280392446117872,2.0912364253750177,-1.4069929064413065
0.011359287424750425,-0.005074990159014223,-0.007889356089072609,0.0021758022817174308,0.682487814319801,2.264494532200511,2.102235668759106,-1.392128462726184
0.011346351808078508,-0.005064812771737861,-0.007887958306095283,0.0021500750966343216,0.6773117356468584,2.2429180598760428,2.1042339417613594,-1.3770742765982413
0.011509885347506327,-0.005121357976484761,-0.00781700825936496,0.002417592179026621,0.7064631134773063,2.4368465012092053,2.0115537974860387,-1.5391188850359168
0.011524212608854409,-0.005121530630418931,-0.00780470091912065,0.002436652950918467,0.7064435130223116,2.4478415467339474,1.998844834101147,-1.5509040447584255
0.0115412463558624,-0.005124831692119841,-0.007793346387199082,0.002461908577326539,0.7077803003913997,2.464363493592414,1.9860003624799047,-1.56617793035739
0.011558271320719897,-0.00512993095034416,-0.007783814468383804,0.0024886592537773414,0.7098831998643935,2.4829145486593887,1.9743344104049225,-1.582227651674062
0.011577412279328788,-0.005157739700449691,-0.007797269479805586,0.0025387211044247907,0.7223528016626206,2.5306399069955527,1.9776068103713007,-1.6109733182435029
0.011650891564308253,-0.0051890320610459475,-0.007763208665077951,0.0026627873469591713,0.7343037102782962,2.621579175650955,1.930163822933732,-1.6845487335979443
0.011635244822307286,-0.0051809007204666226,-0.007769135090730488,0.0026350315442009264,0.7311966108729987,2.6004556023462784,1.9395408930614526,-1.668186008122411
0.01159640012463731,-0.005166463773777073,-0.0077895107255626286,0.00257143173880107,0.7258736491617126,2.555079893960754,1.9662388436103002,-1.6303958883641985
0.011618330757545916,-0.005172612479354939,-0.007775913086956046,0.0026054920140230636,0.728043556011731,2.578197205710447,1.949809864299244,-1.6507253298261049
0.011575968261587181,-0.005135307594607114,-0.00777379998693646,0.00251646036609706,0.711976699593185,2.5021259025013354,1.9620582264701156,-1.5988362022270877
0.011681160017897145,-0.005196115249172902,-0.007741772043695693,0.0027080321773394304,0.7360065329938067,2.6509042727312373,1.9051816071829022,-1.7113696020539073
0.01166722022970524,-0.0051816752438978535,-0.007739445047097045,0.0026764528492704905,0.7299950549205613,2.6229061152515487,1.9086809757284684,-1.6930062473630498
0.011713463573226536,-0.005199562429917005,-0.007713807863082847,0.0027518644245211697,0.7355833492829452,2.676064930764674,1.8750253948087938,-1.7372079456489102
0.011698370813732348,-0.005188926848974801,-0.007717097541805545,0.0027225940326846307,0.7315583368986008,2.6524826417687106,1.8828236088213914,-1.7201583449590816
0.011729354709255825,-0.005207537961103217,-0.007706669175415066,0.002779503532229473,0.7381878029285388,2.6965656290623126,1.8643518255438052,-1.7533018648259213
0.011744768941360532,-0.005215722458331196,-0.007700068352931856,0.002806747780634456,0.7408646023708486,2.7169848274874817,1.854100663412155,-1.7691253657091963
0.011762606204700042,-0.0052258461865128435,-0.007692935802338636,0.002838931423337012,0.7441691109782547,2.741422290698733,1.8424139859637536,-1.787769354157289
0.011784343276897362,-0.005231562505233322,-0.007676782345768732,0.0028712846853909276,0.7450151724598045,2.761856417254369,1.823383905590336,-1.8063721841455587
0.01209740566157298,-0.0054128046148282025,-0.007513820806421293,0.0034352148713091314,0.784702590097163,3.1762659434002933,1.564902612384708,-2.1230183874750606
0.012053368389657456,-0.0053942731093695765,-0.0075484170927900066,0.0033649888802003134,0.7843890925936083,3.1322960882333972,1.6105000797288416,-2.0857948411765608
0.012067927732087827,-0.005400209657862048,-0.0075369273930700085,0.003388053866975178,0.7844537695050474,3.146695232173768,1.595485814174757,-2.098075775339646
0.012082710296901068,-0.005406287212328049,-0.007525165676337777,0.003411450873842955,0.7845001187915357,3.161212170294768,1.5801146615459596,-2.110456304921692
0.01180069401848551,-0.0052376546898822785,-0.00766637574156511,0.002897377447403924,0.7463381376416294,2.779603710338645,1.8100416407504747,-1.8213761760991412
0.011816325383441795,-0.0052432518486232775,-0.007656020129382983,0.00292201391624898,0.7474274487567801,2.7960768867622474,1.7969722246323727,-1.8354608315744818
0.011831600048572857,-0.005250771915010335,-0.007647949376303433,0.0029481945217506873,0.7493831287481486,2.8149516067525546,1.785332974851609,-1.8504304576707222
0.011859143935105992,-0.005275641500210885,-0.0076451207236776725,0.003007545534419835,0.7579609343082263,2.865226808945773,1.7708489984826536,-1.8846746172890472
0.01184576366151584,-0.005260741084014817,-0.007643536109082228,0.0029756505799979644,0.7525189758940812,2.836698770746264,1.7762383137280604,-1.8661965991964713
0.01202423087099088,-0.0053634862464503955,-0.007551047775546987,0.003296069193592182,0.7754776397612432,3.071918166539413,1.6305240192252917,-2.0462347273011017
0.012038399815857123,-0.005370820358006898,-0.007541846235734847,0.003320371618561449,0.7764321068193963,3.088654962961486,1.6172043299823156,-2.0594956702637615
0.012052019922527106,-0.005377882970382934,-0.007532877744376874,0.0033437062241014628,0.7772993977090304,3.104646317747204,1.6042345432293577,-2.07217249338006
0.012009536591116476,-0.005356348903404287,-0.007560931453379685,0.003271373412809086,0.7746303662049021,3.055181862235306,1.6443873772239643,-2.0327467978604954
0.011978602270822434,-0.005344724216682656,-0.007584846606193767,0.003223159364266931,0.7741438178514412,3.024902399147789,1.6747907087549283,-2.006572479545263
0.011994263297399785,-0.005349573689110072,-0.007571722953047183,0.0032464017924572004,0.7739476710357663,3.0386638440539318,1.6589378597508893,-2.019107954002347
0.011948739719053523,-0.005333424683013625,-0.007607252243447548,0.0031761955252672183,0.7733160981698425,2.994837488575722,1.703488511276042,-1.9807523587984515
0.01196336928637109,-0.005338620391423285,-0.007595986583459968,0.003198850998417584,0.7735722262945495,3.0090950133188783,1.6893270407689105,-1.9931973920863546
0.011945270734427808,-0.005318767824204066,-0.007595602843945603,0.0031555110602543507,0.7670793680204778,2.9705362911764763,1.699241554727695,-1.9681410531387158
0.011876588040952448,-0.005283713178717852,-0.007634799000732964,0.0030368855811179723,0.759746005010081,2.885871759067945,1.7564768644190192,-1.9013277460678262
0.011891618974960069,-0.005292145098409886,-0.007627316825803909,0.0030637485965525142,0.7617879547147887,2.905733311767403,1.7447817976990214,-1.9165901978659614
0.011903690571848688,-0.005301436810474488,-0.007623889080077268,0.003088109067440764,0.7646576932622317,2.925430812615292,1.736709095384222,-1.9305507501421204
0.01191924679200868,-0.00530402704864685,-0.0076092899944122045,0.003109022790001099,0.7637306530805902,2.9365260666181148,1.7205851436530268,-1.9419985719674753
0.01193341734610272,-0.00531106534627218,-0.007600845637866741,0.003133228980129879,0.7651371346874923,2.953565255776048,1.7084820168248773,-1.955559495966739
0.012254295336341982,-0.005488074889465754,-0.007389016285260716,0.0036914469984766145,0.7847834953275056,3.335161992376669,1.3946215524656858,-2.253746900503564
0.01222533752055518,-0.005475158626545607,-0.007414358635551655,0.0036461006139502194,0.7858353481007535,3.3092572778570823,1.4277864252544303,-2.231638035740844
0.01223973790973063,-0.005481668675670355,-0.007401916348948043,0.0036688106665573746,0.7853759803142881,3.322401984747629,1.4113864590801255,-2.24278426121461
0.01221118548689263,-0.005468029075488437,-0.007425706854518765,0.003622745074382885,0.785888414626359,3.2948439855017493,1.4435038637522686,-2.219914543639008
0.012168381947873936,-0.005447518974769375,-0.007460218973296111,0.003553043406189418,0.7860768758509363,3.252012746166811,1.490470751419885,-2.184594444487462
0.01219702537772705,-0.005460739041252063,-0.00743675748370739,0.0035991057324401498,0.7857841931688503,3.2799677691358204,1.459009875340563,-2.207924999928426
0.012182660411072991,-0.00545400979151587,-0.007448495273966518,0.003575916146099509,0.7859076565507878,3.2658699199157826,1.4748221218087094,-2.1962066365148867
0.012111531300116269,-0.0054016897512723485,-0.007484844673921216,0.0034363981039109144,0.777255726322057,3.161120487052589,1.5426445837768872,-2.1207899227478144
0.01212603686885541,-0.005408620102448626,-0.007473934376413682,0.003460183826542031,0.7775560273786956,3.176314121030243,1.5277568206917775,-2.133227236959996
0.01214026910581578,-0.005415869638106576,-0.007463544491134699,0.0034840204186864093,0.7779788101288564,3.19181720988502,1.5131729640526463,-2.1456845586347844
0.012154070368024676,-0.005423514724903711,-0.007453955256728851,0.0035078565521061734,0.7785888899909005,3.2077476058156065,1.4991114559161582,-2.158169584856596
0.01216742137857442,-0.005431059025630177,-0.007444695088291628,0.0035310597923164017,0.7791860796254234,3.2232863677668138,1.4853976065719532,-2.170283389702337
0.012268655283848032,-0.00547703072360056,-0.00735902395368773,0.003690554242531095,0.7770524390907224,3.316596162561185,1.373036243371435,-2.2490426915938353
0.012283236346814969,-0.005484003802434019,-0.0073464451708323735,0.0037136482110488255,0.7766149424967682,3.3298352317521958,1.3563988811605971,-2.260114453429718
0.0123948057843842,-0.005545345029234607,-0.007252788712979922,0.0038984979969740687,0.7742167170030826,3.4385029919031562,1.2258811712779243,-2.3470858114285327
0.012409143456141485,-0.005551961939146778,-0.007238893017248644,0.003920133555024627,0.7731260503617691,3.449235282860688,1.2082582456908721,-2.356437736796787
0.012423700019711346,-0.005559123957643163,-0.007225055177131195,0.003942618995256371,0.7721460248523629,3.460703283347422,1.1903211422357278,-2.366171147934381
0.012297633790622368,-0.005491051663935821,-0.007334037023351608,0.003736584270066129,0.7761859617174465,3.342990273461799,1.33987588836327,-2.27104450189827
0.012381339917733684,-0.005538014407353346,-0.0072646543127064455,0.0038765331180649234,0.7747338239097213,3.426166304666386,1.2421551835486595,-2.337114871972816
0.012311941007565238,-0.005498236065405682,-0.007321736299487428,0.0037595372361716064,0.7757698282943731,3.3561809323316525,1.3233633225515649,-2.281922367593921
0.012326207588542441,-0.005505605482335327,-0.007309522590887063,0.003782622459241937,0.77537189474923,3.3694985990606097,1.3068051885431655,-2.292809606253785
0.012340440644512842,-0.00551321296443388,-0.007297435552161716,0.003805922732134963,0.7750092146390002,3.383041644139364,1.2901983431558957,-2.303758525130849
0.012354533722632505,-0.0055211546962533374,-0.007285710848478579,0.0038294802403252295,0.7747374752090282,3.3969900765971563,1.2736908067231025,-2.314830085934046
0.01236819585706226,-0.0055295043247252955,-0.007274819272076624,0.003853150263928923,0.7746771817657604,3.411501216228801,1.2576593505736546,-2.3260238125219748
0.013014647389398245,-0.006011027561188928,-0.006648146954347894,0.005024360081276675,0.7268840898010737,3.998547798901295,0.3105165056181796,-2.749596824676413
0.013027164159111645,-0.006020517979210123,-0.006632325882253685,0.005045226275105139,0.7245058278665657,4.003974359206775,0.2892217445366629,-2.753293338781212
0.013029347559436756,-0.006004613425273127,-0.006618273106529799,0.005018063326684085,0.7182979084801664,3.9730730288132032,0.29310951169595295,-2.738060426528369
0.012964283993995938,-0.005973460492812782,-0.0067107863710368825,0.004940384885258314,0.7377296920134883,3.9754944335944167,0.39544061369338895,-2.732864849143025
0.012966161819796927,-0.005957496804044529,-0.00669656049832807,0.004913580088535835,0.7286950480536777,3.944663752139902,0.3981008505032182,-2.7178193353911015
0.01297691904442294,-0.0059827928852308355,-0.006695244938616888,0.004961426311195092,0.7365910557621187,3.981521158333409,0.3743373651254151,-2.737252575463445
0.012978846153672894,-0.005966827613958899,-0.0066810434507068835,0.004934550274064081,0.7262922581457731,3.9506712027057467,0.3772016531536033,-2.7221677626088234
0.012989524709198898,-0.00599216492191991,-0.006679621477178963,0.00498244017575894,0.7340200976975079,3.987332576327256,0.3531343567816357,-2.741528792365943
0.012991524267466505,-0.005976175506223719,-0.006665408862295504,0.004955442948996335,0.7240155518578028,3.9564491229277965,0.3562199489791443,-2.7263426111929143
0.013002100865175385,-0.006001576511259319,-0.006663916716965431,0.005003425366845874,0.7303347539029025,3.992993385913127,0.33183980415529407,-2.7456634931725046
0.013004185176363018,-0.00598558085115069,-0.006649701596002773,0.004976318129678421,0.7220892122471847,3.9620867227960246,0.33518745439744974,-2.7303705384822305
0.01301679905692122,-0.005995065908634589,-0.0066339837701421865,0.0049972023990517865,0.7202845702108468,3.967636565287519,0.3141465147449607,-2.734275648879677
0.013101633084380386,-0.006078281982360665,-0.006536066299300137,0.005169321879124436,0.710999061848192,4.032012967627745,0.16067824376515258,-2.7724240553833006
0.013113938152874599,-0.006088045350458172,-0.006519785537102046,0.00518984115615663,0.7080806982800052,4.036171992083983,0.13906495444540812,-2.7750781425138715
0.013116491391648744,-0.006072162452226804,-0.006506000174492232,0.005162117664880659,0.7020499213291597,4.005437266761905,0.1443403856436046,-2.7600003943466294
0.013089297407978533,-0.006068557322679483,-0.006552300146721922,0.005148729317564568,0.7153044997191756,4.0277634759154965,0.1823275855280407,-2.7695335982043208
0.013104132424181401,-0.00606234152730581,-0.006522200067123643,0.005141600599542933,0.7040236036950858,4.001245916413793,0.16567091098355144,-2.757322268908156
0.013039651051762191,-0.006030047672386858,-0.0066164574258527455,0.005066019010763395,0.7233517133180335,4.009212355543554,0.267968938534721,-2.7567689466321674
0.013041836066778974,-0.006014188622397777,-0.0066025382925038,0.005038847194887907,0.7159670231765157,3.97833147338755,0.27205403319135296,-2.7417079700011313
0.013052107945002958,-0.0060396165473467316,-0.006600533956661536,0.005086748469233852,0.7227826602394782,4.014202214870465,0.24671484963001608,-2.760084396200091
0.013054293403010562,-0.006023765600787182,-0.0065867164850777265,0.00505952113477861,0.713315303830052,3.9833489297798166,0.250933966950928,-2.74519171188734
0.013064534716697501,-0.006049224510282093,-0.006584540167056011,0.005107434548314476,0.721673587979979,4.018925701865868,0.22538368550940766,-2.7633079227719803
0.013066752715921115,-0.006033342327458116,-0.0065707530666173205,0.005080091033452339,0.7105779209288269,3.9881016232505995,0.22971428625654736,-2.748489419837449
0.01307693124492386,-0.0060588714669512125,-0.006568463034783894,0.0051280938764117195,0.7192212635305202,4.023422009434675,0.20392000158454068,-2.7664687514019435
0.013079226826036077,-0.006042941737874195,-0.0065546417179839144,0.0051005959152743445,0.7080463297721166,3.9926211171871464,0.20840032691756508,-2.751595664450114
0.013091699778135327,-0.0060525990962994524,-0.006538430530325643,0.005121087584979014,0.705890315466725,3.9969771474932902,0.18703364408438483,-2.754527954222017
0.013044261902541085,-0.005997966311915029,-0.006588586802822549,0.005011690354472106,0.712543611070538,3.9453331931440263,0.28179694581914033,-2.725121282528725
0.008469862200069995,-0.0052398867331516835,-0.007933404785010034,-0.0025501264740152097,-0.09014245704216746,-0.8603651129143962,2.455593802740695,1.6706481029548588
0.008458117434367014,-0.005228978277294043,-0.007909529448155655,-0.002556121283273985,-0.0915861678097985,-0.8694144990903333,2.4404830172345258,1.6731424092013463
0.008454915646326116,-0.005244717217658646,-0.007925355600311528,-0.0025750324475042204,-0.09321736372146976,-0.8762896812860582,2.4509927891667127,1.688184771280661
0.008484823888579553,-0.005235103217132527,-0.007941368639044615,-0.0025252171890160543,-0.08606397087854162,-0.8444651967892919,2.4600393523361666,1.6531875365517996
0.008473132966533506,-0.00522422754540583,-0.00791767826374426,-0.002531315583403533,-0.08934624253366626,-0.8536064915231362,2.4451165892074784,1.6555830542438097
0.008499800570831094,-0.0052303667150690415,-0.007949256677695304,-0.002500275178522756,-0.08276533525341674,-0.8285764700281173,2.46436856939958,1.635693823800591
0.008488149110135209,-0.00521948723014438,-0.00792569533946163,-0.002506468760926074,-0.08709027569280331,-0.8377810314225801,2.4496638990283865,1.6379850548219708
0.008514792106028147,-0.005225677271938597,-0.007957067597652754,-0.0024753047782657286,-0.07977507858403261,-0.81269193207907,2.468614589764288,1.6181702142205738
0.008503172517881222,-0.005214774794376815,-0.007933606009573435,-0.0024815908898095586,-0.08460521509496534,-0.8219402465436266,2.4541320806960094,1.620386065583183
0.009182218081407586,-0.0050380100623526845,-0.008186019026957937,-0.001349038699834969,0.08401777351643101,-0.11318409328543134,2.5681119996088353,0.8557429416371592
0.009197868371339532,-0.005035433068885699,-0.008190295584103535,-0.0013232258458156351,0.08862330390385374,-0.09678523683672359,2.5696526904406265,0.8388638899301392
0.009373420771600324,-0.005039415511198499,-0.008267499369674455,-0.001044275833855765,0.14564793191880712,0.09174448913317777,2.6059057326706467,0.6601815169373969
0.009379470354513407,-0.005024673199012889,-0.008251770368899099,-0.0010291296203699285,0.1425473913192292,0.09926681716286662,2.596269457402073,0.6457443504524045
0.009357840677385803,-0.005041408324495789,-0.008264178678277232,-0.0010702368474708492,0.1405536287785454,0.07528217364089364,2.605025198844853,0.6767036393341829
0.009363848277946837,-0.005026637525500181,-0.008248453605172875,-0.0010550324199667478,0.13770723683282113,0.08276154797828773,2.5953506489309315,0.6623844489302896
0.00934226676397499,-0.005043450092026908,-0.008260775630048789,-0.0010961942172381803,0.13560869948274953,0.058835105804804506,2.6040992810542036,0.6932402928597118
0.009348222081136642,-0.005028650023727754,-0.008245049622276996,-0.0010809387019639395,0.13273224685238613,0.06626441244919025,2.594373904670983,0.679049633404769
0.009326699183653656,-0.005045540795333225,-0.008257291368677422,-0.0011221389244573134,0.13057473987621215,0.04242053020925532,2.603135674810916,0.7097592330334727
0.009332597965224782,-0.0050307158623371295,-0.008241566252243234,-0.0011068428747199772,0.1277921837322793,0.04976926824122508,2.593343849511422,0.6957518770633806
0.00929558363336138,-0.0050498689328047465,-0.008250082337428266,-0.001173967518120782,0.11929514360090127,0.009665049209109515,2.6010777053528424,0.7426646894507344
0.009285838083347831,-0.005037155011697683,-0.0082305928191333,-0.0011843574729064426,0.11366965729138644,4.4563706639019025E-4,2.589930332624524,0.7459034016162344
0.009311138089096707,-0.0050476804154309,-0.008253726677339248,-0.0011480651774548485,0.12529906622183232,0.026038351305210067,2.6021342951830215,0.7262364016387409
0.009316990341153238,-0.005032829887137879,-0.008238003385820635,-0.0011327208443610562,0.12292304660209886,0.03329134151357397,2.5922594001698562,0.7124762522191345
0.009301407811259621,-0.005034982266113717,-0.008234353725744525,-0.0011585553485483084,0.11822322744264398,0.016849587417229108,2.5911235767037546,0.7292011098718828
0.009213497782172585,-0.005032939133031271,-0.008194516118362234,-0.0012974598463861336,0.09325303588813988,-0.08039155818100326,2.571161261529635,0.8220312060318372
0.009229129750942049,-0.005030531516702587,-0.008198695516284188,-0.0012717048418211705,0.0979008434509868,-0.06397826166538328,2.5726452926458734,0.8052241127006138
0.00924477841708111,-0.005028229198662534,-0.008202862478348278,-0.0012459461189517783,0.1025610628331751,-0.04752542398706743,2.5741230730665694,0.7884330274560235
0.009260433473821923,-0.005026051509830591,-0.00820703534737835,-0.0012202064912106654,0.10724692250413402,-0.031037776345984928,2.5756080536419614,0.7716715361796801
0.00927605603119601,-0.005023975740795679,-0.008211171177404488,-0.0011945355384513554,0.11200270498578106,-0.014561236549202107,2.577073624810518,0.7549744430192087
0.009596431236791122,-0.004971816964750977,-0.008253296450070056,-6.623114366671063E-4,0.21299913378624655,0.3206582874137187,2.579436267161459,0.41251641399024813
0.009612329687218752,-0.004970662850236634,-0.008255537184511032,-6.362479625157776E-4,0.21820919958222992,0.3376240150140339,2.579690905015212,0.3959101896912151
0.009628227918105177,-0.0049697129141855105,-0.00825787392089494,-6.102152019722931E-4,0.22345291634502693,0.35464567877149594,2.5800125477984257,0.3793479382464678
0.00964405250251291,-0.004969013186913853,-0.008260346325482353,-5.843371900195918E-4,0.22870874976506214,0.3716585411752075,2.580431908407568,0.3629109072628081
0.009659702229089339,-0.00496844196675755,-0.008262792846869392,-5.587494903064265E-4,0.23392241910123754,0.38852371978939954,2.580847174872289,0.3466761090597068
0.00967518302353825,-0.004967494668983295,-0.008264623188716734,-5.333475362027146E-4,0.23902863398522592,0.4051154830077371,2.580864820707937,0.3305380863643274
0.009432486130772329,-0.005003454508634754,-0.008245023117927694,-9.36409996852856E-4,0.1615258452869526,0.15021973502453703,2.5868057042933272,0.5886298834074467
0.00938550068184363,-0.005009665061758228,-0.008236408596021457,-0.0010141461479953023,0.1464298334282682,0.10078640883859082,2.5848894883200213,0.638471087678948
0.00941677350617133,-0.005005475212241033,-0.008242219259625864,-9.623995782227743E-4,0.15657023371499726,0.13368151290902527,2.5862133682954447,0.6052760117159481
0.009401131152213579,-0.005007626089224423,-0.008239448898123293,-9.883084893930656E-4,0.15153238313106263,0.11724769755878915,2.5856417448608453,0.6218799491119927
0.00943864733543763,-0.004987281769303539,-0.00822789198191304,-9.212612734452105E-4,0.16219332094534908,0.15343018764013275,2.574976948177213,0.5783497364640029
0.009587125878934616,-0.0049562519150630835,-0.00823276081799014,-6.73718628302798E-4,0.2086884999332497,0.3064993997826821,2.566492755030939,0.4192459111397619
0.009571124841043025,-0.004957702170913976,-0.008230611359145901,-6.998483387989262E-4,0.20356842980275136,0.2895454135520055,2.566309338697183,0.4359892625665083
0.009444912659577078,-0.004970357176582256,-0.008209912965241926,-9.0581190262162E-4,0.16358308471719848,0.1561601979962636,2.562446731290177,0.5684753184825703
0.009460930529138862,-0.004968819486037654,-0.00821312939949769,-8.797512531312234E-4,0.1686045869695956,0.17309250619813796,2.563327879324081,0.5516670710257358
0.009476927919754049,-0.004967748785420413,-0.008216742453291086,-8.538429941068408E-4,0.17366185578385038,0.19012059796388783,2.5644775407164566,0.534974220961942
0.009508053984296763,-0.0049666925083547775,-0.008224560815304408,-8.036433870141864E-4,0.18363308781007256,0.22352735986141634,2.5672370610459567,0.5026917091894824
0.009492750946134795,-0.004967208862523372,-0.008220783246993905,-8.283404161245952E-4,0.17871495947263108,0.20709708883528613,2.5659259602316413,0.518564813471344
0.00955506227144773,-0.004959299451091828,-0.008228472255391526,-7.26103398343206E-4,0.19844556734749064,0.27256472548062494,2.5661413740794337,0.45282751283681894
0.009523021596438473,-0.004964260068225218,-0.00822585230033081,-7.789292326225587E-4,0.18835242626831616,0.23913084236573603,2.566914069338225,0.4867840948411933
0.009538780362467065,-0.0049612108741354305,-0.008226496803145049,-7.52783905830902E-4,0.19326852192183178,0.25542608601791006,2.5661034973225156,0.4699579106903385
0.00975366459253325,-0.004933334935904712,-0.00823723918732286,-4.0030338512923955E-4,0.26104353505740346,0.48100192210381193,2.5564783472972716,0.2436818069114107
0.009737586773084374,-0.004932007507212938,-0.008233341346623653,-4.261076343544562E-4,0.25556655571570447,0.4631870224518027,2.5551243224786333,0.25998485910337293
0.009713752939379247,-0.0049484143316285804,-0.008248877211736776,-4.6727971439373045E-4,0.24979299866720006,0.4418049495800336,2.567388163438522,0.28743224579096555
0.009721176776708295,-0.004931739310646791,-0.008230486108862409,-4.525685163000145E-4,0.25013817359165813,0.4453200484885805,2.554495478148613,0.2768079588184183
0.009681301190620106,-0.0049516575655900435,-0.008247077735985662,-5.204848726220638E-4,0.23937118771155266,0.4074412486613846,2.568705888010459,0.3214223821884355
0.009697219329255838,-0.004949377798909669,-0.00824722488527886,-4.9426569660555E-4,0.24440027056209065,0.42410842026958456,2.5675682797720296,0.30462468995157965
0.00899106260077148,-0.005088593854482589,-0.008144409335124982,-0.0016730373390185275,0.02637045282429711,-0.30907124273792835,2.558053533501717,1.066037560406522
0.00898612747582548,-0.0051038727033783145,-0.008160071894966446,-0.0016897587519777858,0.02848524906926662,-0.3159231682546434,2.567602806292566,1.0802098186584586
0.009094050136367162,-0.005082759427831131,-0.008195268512133395,-0.0015098453522173463,0.057658471843246885,-0.20236471701660275,2.581877687963747,0.9610747037828483
0.009083837979135928,-0.005070462673019471,-0.008174826850205999,-0.001519266155382811,0.053134327088057993,-0.21184062051554328,2.5702089068484812,0.9643654926149582
0.009140438143537986,-0.005074438771579878,-0.008209116726348996,-0.0014326415029615267,0.07555451754668537,-0.1539087167398953,2.5867891590522705,0.9109092336635135
0.00914570302929127,-0.005059275421370929,-0.008193314109056054,-0.0014166425533093067,0.06970628450592044,-0.1467875139465369,2.5772809710042286,0.8966825631830903
0.009124966919156603,-0.005077163713119264,-0.008204578637659771,-0.0014584066544523517,0.07041975084173996,-0.1700536718708876,2.5851947770254515,0.927764633247695
0.00913019883342679,-0.005062062501588866,-0.008188871151744817,-0.0014423870845526926,0.06519687038751644,-0.16311936455030532,2.575623442189943,0.9136278712590843
0.009109504197630083,-0.005079937274184246,-0.008199963527962229,-0.001484135711415628,0.06423249218375768,-0.18618880896659892,2.583572796225201,0.9444635817624508
0.009099285019213683,-0.005067670391653699,-0.008179652065279005,-0.0014936806221960018,0.05710348359613774,-0.19564738051447475,2.5720865439496645,0.9474998698420071
0.009114731905443063,-0.0050648692292145844,-0.008184329031538632,-0.0014680626959657852,0.06103968344505583,-0.1794081315219442,2.5738930188716806,0.9305787447918284
0.009073635187540983,-0.00505776392009227,-0.008154560917318405,-0.0015283863471654002,0.05221200223459201,-0.22671824633444146,2.5562518354539314,0.9735751500176343
0.009058118169000382,-0.005060418446107552,-0.008149292460468789,-0.001553814134660602,0.047926937443596086,-0.24302010173317148,2.554018256484852,0.990458301982844
0.008996033790222227,-0.0050729816972659445,-0.008129064722841113,-0.0016563380666208443,0.031082556275446597,-0.30785879156131873,2.5457160532817578,1.0585215211075676
0.009042455972434658,-0.0050632151849747805,-0.008143968288833058,-0.0015795094636484842,0.043789054517820114,-0.2594434318316002,2.5517631067131696,1.007527206862192
0.009011389040609906,-0.005069760680027979,-0.008134149769561337,-0.0016309558686140539,0.03541652238907414,-0.29182106528027346,2.5478265836582046,1.0416278482519947
0.009026813273792449,-0.0050663656422310814,-0.008138926398907087,-0.001605342812262995,0.039665440963104724,-0.2757683369812191,2.5497084354467225,1.024654354880157
0.009166534891432203,-0.005040686241528339,-0.008181699192740569,-0.0013749258514421726,0.0794418859434078,-0.12959597980380735,2.5665494164895093,0.8726809705704756
0.009150857675076259,-0.00504350017774362,-0.008177399633585998,-0.0014008472230542682,0.07488571207992,-0.14597086641280507,2.565004923424817,0.8896447185814366
0.010142949168498368,-0.004942401396327832,-0.008259541597997725,2.3340042050803433E-4,0.3899191683235592,0.9094763842277601,2.5403583613457053,-0.15684105939677728
0.010110182382019432,-0.004943216835632268,-0.008262846810375318,1.80007168025553E-4,0.37974860452037773,0.8737718799550412,2.5453616452476937,-0.12279903079843923
0.01012630804955812,-0.0049419902031101175,-0.008260327952137055,2.0623511472438473E-4,0.38456289296220275,0.8910382035369552,2.5422824720017227,-0.1396525744344624
0.010101592666400455,-0.004930688869446651,-0.008248668224987115,1.6526669332793018E-4,0.3740026963420027,0.8598273881585886,2.53621146188729,-0.11550875384965184
0.010087739624625055,-0.004927676280239563,-0.008245878189579501,1.4259843942055373E-4,0.3689027543026997,0.8435866257065262,2.5354298617604774,-0.10157991996391902
0.010237901038119052,-0.004947516363975154,-0.008255288545487053,3.886219561180199E-4,0.42068495416776336,1.015935309850887,2.5293616614881507,-0.2547782656147704
0.010245500665395426,-0.0049348658517356266,-0.008239422284007914,3.9922131520821495E-4,0.41944188303750796,1.0191842087250953,2.5174417758908203,-0.263960799124248
0.010206035159780661,-0.00494606202374029,-0.00825759766037293,3.365648885448027E-4,0.410518460767997,0.9802830837719787,2.5337073164097466,-0.2218572291450376
0.010222118427609206,-0.004946098549150888,-0.008255686300521673,3.627544949278672E-4,0.415464975536921,0.9979925466367138,2.5309909171804343,-0.23854166614704966
0.010198189406480821,-0.004933627186350904,-0.008243920958107515,3.223873717564793E-4,0.40476949769056214,0.9668085437433559,2.5247284923828905,-0.21509647095169154
0.010184547182630071,-0.004930497816517499,-0.008241735418026504,2.999259017311155E-4,0.3997531699223502,0.9506454839378939,2.52436344551802,-0.20132443471167263
0.010152034579225484,-0.004926486480963104,-0.00824013632706455,2.4684074221252025E-4,0.38871307371635316,0.9135243943666601,2.5260184677170376,-0.16816610584908476
0.010168520990710674,-0.004928062735146953,-0.008240486511038446,2.737044862360671E-4,0.39419796068897406,0.9321639298860219,2.524858639925107,-0.18502509081590035
0.010380080819261844,-0.0049560485209132815,-0.008240314469602467,6.207928250611835E-4,0.4650685235678795,1.1761220978383287,2.506098820374216,-0.40178856980424954
0.01039621727884659,-0.004955788930007495,-0.008236443937955194,6.468049738159007E-4,0.4695344989529115,1.1937338478213897,2.501812724597894,-0.41857419923519995
0.010343606877138756,-0.004936549038393427,-0.00822498953331497,5.579330060603948E-4,0.448609202624851,1.1273607151242697,2.4983478835320927,-0.36539887118277425
0.010359108509064664,-0.004940179887991488,-0.008226140967513555,5.836183534650917E-4,0.45413185130085093,1.14593339826375,2.4977533747031377,-0.38117745920201257
0.01037242901621321,-0.004943524057150793,-0.008227284103775687,6.057646006485759E-4,0.4589530642732738,1.1620217832745172,2.497348935730485,-0.3947373317177026
0.01032753102492841,-0.004934158511937345,-0.008225258214945965,5.315902124940153E-4,0.44328626352313893,1.1087312648340266,2.500009266571588,-0.34894866472848
0.0103113628902014,-0.004932673470471342,-0.00822645395606062,5.052736579557134E-4,0.43818659483693995,1.0904072615869633,2.5023338131292974,-0.332341960591039
0.010295219500729083,-0.0049316754006871405,-0.00822806550847374,4.790775265132498E-4,0.43321051462898913,1.0723245080365722,2.5049421327098016,-0.3157270252678232
0.01027879360507631,-0.004930589840510866,-0.008229470901859236,4.524027856671257E-4,0.4280960933425604,1.0538997599251287,2.5074166261001793,-0.2988338101801559
0.01026039904226834,-0.004929372749408216,-0.008230860753318253,4.2252405371326736E-4,0.4223104143915188,1.0332736234470892,2.5100448707613237,-0.2799253584248331
0.010422335520288921,-0.004940722809044731,-0.008212735481743323,6.852985151090499E-4,0.47185802621954226,1.215285945677085,2.482093629336602,-0.446597572839133
0.010438439026687299,-0.00494202885860736,-0.00821031984984384,7.114017574154807E-4,0.47663765885823,1.233467498918239,2.478788522912233,-0.4631796630001653
0.010454485407024055,-0.004943482752217174,-0.008207942920615248,7.374356537820848E-4,0.4814124791281184,1.2516552313161513,2.475501177856995,-0.47969734950821147
0.010546433944203116,-0.004953053181172146,-0.008192920548964188,8.866852989862559E-4,0.5084021939415823,1.3564552684357183,2.455254900315279,-0.5743696079370127
0.010529098464003607,-0.00494202460776488,-0.008185371676009188,8.558066747930592E-4,0.5001977401243368,1.3319129822926608,2.451445623067198,-0.556736196089841
0.010512672751792514,-0.0049361714711965606,-0.008183422997312602,8.280415052531329E-4,0.49402946064355063,1.3111376411861766,2.451684272055509,-0.5399752799194223
0.010496380248219786,-0.0049323717856609856,-0.008183673520959322,8.011286438059624E-4,0.4886038700990855,1.2916056295401293,2.453523216010065,-0.5233291635024168
0.01048052498658387,-0.0049291957182253515,-0.008184377883844423,7.751051548161707E-4,0.48345931702491035,1.27288090929539,2.455638134861822,-0.507130191316805
0.010464396511775253,-0.0049270230948226836,-0.008186177342297317,7.489280612041857E-4,0.4785531284173999,1.2543751851089258,2.4585723532222263,-0.49062802782621834
0.010405876448370852,-0.004939273594903883,-0.008214917510893928,6.585770207089823E-4,0.4669000436119413,1.1966480074087886,2.48524639572662,-0.4296598483072262
0.010800043569525603,-0.004949552915973667,-0.00809163799695496,0.0012806697866661523,0.5627125529488629,1.6233246307044593,2.350185196917851,-0.8324035871072059
0.010856161774729419,-0.004960961395994216,-0.00807831853638523,0.00137139473968562,0.5774969142804965,1.6886688723229113,2.3327413162056008,-0.8894112873749783
0.010820220495617245,-0.00495207195895483,-0.00808523848815665,0.0013125737276099118,0.567465331548314,1.6457780051561421,2.3427381195566923,-0.8527687749262908
0.010839893617596933,-0.0049562899603255925,-0.008080798130574891,0.0013444633618451172,0.5727169755103542,1.668798158291885,2.3367859052701756,-0.8727523883966367
0.010868390249151634,-0.004948353628600703,-0.00805784813416145,0.0013836798983730744,0.5745915527413743,1.692264983782281,2.315625646416582,-0.900057356742799
0.010883253432343818,-0.004947737092852861,-0.008049748588521066,0.0014057045524840503,0.5768303836341219,1.706793657900148,2.3074682811117886,-0.9145816083683357
0.010901209272557454,-0.004949752104663365,-0.008042952406202793,0.0014336160236171024,0.5806117047113282,1.7262211033852168,2.2998312318367446,-0.9324165916992854
0.010968538844247599,-0.00498450597745596,-0.00804691400527259,0.0015527092221817426,0.605390825642305,1.8193231827907013,2.2930453822432253,-1.0033462238477595
0.010954307766487186,-0.004974428828830372,-0.0080431615827857,0.0015259492101524547,0.5990608863848682,1.7974234619028244,2.2923037207376518,-0.9878474306076656
0.010919696974905165,-0.004954313653058952,-0.00803860111126191,0.0014635896028060357,0.5854234649814808,1.7479765920392547,2.293914069222858,-0.9510926621744272
0.01093829631791147,-0.0049633349068864034,-0.00803908898670047,0.0014960938563470317,0.5920236538579355,1.773144550784387,2.2915773236924433,-0.9705402039868364
0.011051881316633318,-0.00500914207070777,-0.008027048250216736,0.001690651379031837,0.6273499169528679,1.9211905796354258,2.2650200639788074,-1.088778010415681
0.010985570592038167,-0.0049846826378032935,-0.00803761901818624,0.0015781785354276074,0.6079231144208568,1.8363552085601376,2.283419168451101,-1.019996962201746
0.011031498398533913,-0.004997333769749977,-0.008025658720939152,0.0016535208981850217,0.6196217586481619,1.891585552464851,2.2672327198948072,-1.0667925370758515
0.011009019768551146,-0.004989096515774986,-0.008029325690501112,0.0016154807093904484,0.6130741818970878,1.8629309090747268,2.273536205255766,-1.0435238781170124
0.010794122526035342,-0.004927670937561771,-0.008069192881604884,0.0012617632023597155,0.5531616672781018,1.6027963569855872,2.3340728115210787,-0.8245555051353062
0.010776151405371283,-0.0049253613740291614,-0.00807454247990695,0.0012334736480313971,0.5488662332304576,1.5828973919264706,2.340392131787169,-0.8065310278677734
0.010723744201744826,-0.004922994674286358,-0.008094103486730387,0.0011525388227483855,0.5376542939533725,1.527408706591134,2.3615954897025184,-0.7541491659737571
0.010741097313055836,-0.004920294361929056,-0.008083801901926382,0.0011779425646117484,0.5400699477895871,1.543657141212379,2.351747485325147,-0.7712957136919671
0.010759140591374915,-0.004922115580421367,-0.008078221402165638,0.0012062036590505879,0.5443396227366221,1.563363273981549,2.3453093198429937,-0.7893758716419307
0.01107211063442267,-0.004995321975907914,-0.007998968409570017,0.0017119632100578463,0.6238512017931245,1.9292151481953503,2.240412291270349,-1.1053731816549321
0.0106085097749202,-0.0049346489734410845,-0.008151121981303763,9.785043115952163E-4,0.5167441510625759,1.4131563350052152,2.4175675707668387,-0.6381603545249206
0.01062582390123323,-0.004921322853012844,-0.008129642888818308,0.0010008326873182543,0.5159474710842274,1.4239628133223545,2.399623462960482,-0.6555269008996385
0.010645429427117593,-0.0049110220814247985,-0.008110712641322985,0.0010274844388678298,0.5166362262219576,1.4386472125814949,2.383307351952389,-0.6750038640865029
0.010687686686219378,-0.004920610674361244,-0.008105787725331229,0.001096232946729487,0.529264845552352,1.4884700126597112,2.3746717829223027,-0.7178878552383491
0.010708167724548207,-0.004916584548907824,-0.008093060146938265,0.001126087026164088,0.5320179290847306,1.5073114243099777,2.3627161711744225,-0.7381794006484945
0.010669004538435263,-0.004907578394648944,-0.008097987310844818,0.0010625005824485805,0.5205370192576374,1.4612289622621388,2.371071791927086,-0.6985359168494564
0.010652744378561722,-0.004892722567581361,-0.00808702864384494,0.0010320146040752108,0.5117396718613564,1.4356522676183237,2.364854441923521,-0.6816176081635036
0.010587844358899406,-0.0049240761408939,-0.008145898280540078,9.425892076225995E-4,0.5081602631935834,1.385271868268133,2.415954114552823,-0.6170042729190349
0.01055960845085558,-0.004936798011086403,-0.008169848805889444,9.024125562639823E-4,0.5059163463606832,1.3620346868350177,2.436766544565638,-0.588167008966983
0.010570865458650847,-0.004925060879028169,-0.008152620838331008,9.163367803625094E-4,0.5045087314420569,1.367726905697824,2.422781020988199,-0.5997075754611001
0.00996285909712607,-0.004925656130835846,-0.008245238917558807,-6.030346032671303E-5,0.3284228946913194,0.7064247423329458,2.545243970812614,0.027024207463432454
0.00992716666002448,-0.004930788309943731,-0.00825011807546283,-1.1847343905881681E-4,0.31779002660858113,0.6691053506949125,2.55143659048723,0.06459884356937576
0.00991341096479482,-0.004928684723898937,-0.008247019640603042,-1.407362830443949E-4,0.31289051396376205,0.6534417413907784,2.5504344980534097,0.07845519903082131
0.009942685052692357,-0.004923732720095449,-0.008242432522217487,-9.299953216188931E-5,0.3214964608517458,0.6838084733460591,2.5449601706272102,0.047528086359124457
0.00989716749819374,-0.004927679676967244,-0.0082449566804628,-1.6706352654757495E-4,0.30739679467717895,0.6354252708028544,2.550334477798448,0.09503594394083724
0.009880583216463124,-0.004928467938034135,-0.008244822673338486,-1.940373632426846E-4,0.30206601026107377,0.6176003561619295,2.5515655126667123,0.11224022588447037
0.009865579665813355,-0.004931613826314116,-0.008247419052987294,-2.1863250711007324E-4,0.29771765766998276,0.6022085062681705,2.5545103447958786,0.12819782459927506
0.009850797113053662,-0.0049285433136247855,-0.00824261528610712,-2.423778773131449E-4,0.292313679050021,0.5851924818343125,2.5524379644739876,0.14292738253681
0.009835138679126448,-0.004926672419033259,-0.008239013096199956,-2.675922208450511E-4,0.28687674749622344,0.5676083020378493,2.551244069380775,0.15873612100763101
0.009818460877817117,-0.004926309012130787,-0.008236932932256207,-2.9456479531348286E-4,0.2813438600819118,0.5493758960832499,2.551158750009392,0.17583320924495258
0.009801221142532953,-0.004926713743425345,-0.008235530897479195,-3.2250976904234186E-4,0.27575272528888567,0.5307670889215971,2.5515772885367802,0.19363129743896937
0.009782008928331207,-0.004927763459461348,-0.008234470567863689,-3.5371199941739567E-4,0.2695878404268189,0.5102096849901497,2.5523840523327515,0.21356300319191263
0.009763390053695352,-0.004919213960310478,-0.008222035796478814,-3.8265134763619237E-4,0.2622830662361151,0.4876147430082077,2.545475610166974,0.23123622291008392
0.01007128974164108,-0.004924870775491432,-0.00824332860783745,1.1576525376324683E-4,0.36305350193937796,0.8246091337683649,2.5350321338502937,-0.084959353909544
0.010052633263409754,-0.004922981517641923,-0.008241764474635793,8.542699580832068E-5,0.3566912445912441,0.8035647872747125,2.53549929132217,-0.06595663231596055
0.00997848973764131,-0.004911362293863457,-0.008228789275510741,-3.4733518459525435E-5,0.3305959235109896,0.7188295658274795,2.5327031591198335,0.008848429111489179
0.009999147399900033,-0.004908358051421716,-0.008225426536069174,-1.3446932110285468E-6,0.33657015368097115,0.740312563337441,2.5286737900740666,-0.012825584127514814
0.010034624074866725,-0.004912594537111846,-0.008230056482916694,5.600964606714399E-5,0.3487012146760855,0.7803612343562519,2.5289093400448865,-0.048775204957659773
0.01001648701890292,-0.004908956473621769,-0.00822605992606962,2.665496228155227E-5,0.3421757593642169,0.7593830382286613,2.5276659667471115,-0.03059027979807816
0.009555573177350342,0.004959396774175687,-0.008228716054728672,7.253064372878913E-4,0.19859918564768694,0.2731544347386832,-2.566252372661325,0.4523018391651124
0.010207376792581923,0.004909335753548009,-0.008214498968574789,-3.3443706295528783E-4,0.4011727943338786,0.9673396642389286,-2.5031430858222357,-0.2271186071359672
0.010198346869821158,0.004895924918772665,-0.008199928758040528,-3.18417205221228E-4,0.3949851350856656,0.9522779293142865,-2.4936410237015485,-0.21916218320515107
0.009588383242395736,0.004958008602143077,-0.008235126393758398,6.721087630538968E-4,0.2092188449595469,0.30832373459945367,-2.5679627793705038,0.4182639667729188
0.009572161614425702,0.004957880778201865,-0.00823107534547785,6.982240369836575E-4,0.20389398477701468,0.29072639007783435,-2.5665283138665504,0.4349366949391322
0.009737279069411346,0.004929410032772659,-0.008230248639482044,4.2621402016134016E-4,0.25514757825733075,0.4621267884620624,-2.553048272015337,0.25984723184236863
0.009619983686890625,0.004957086668423561,-0.008241205822321187,6.208645034655788E-4,0.219545360297451,0.3423433445769619,-2.569552848019793,0.3855469053106939
0.00960449328508067,0.0049571091121476864,-0.008237791530845659,6.459003540202234E-4,0.21443767726625265,0.3255552875085819,-2.568483408169549,0.401502327081443
0.009627620969123092,0.0049438497372624665,-0.008227275455273155,6.056888236183287E-4,0.22079526074713077,0.34720034720837983,-2.5596584659049038,0.37519167171959106
0.009720399379947654,0.004930976053086631,-0.008229467310354933,4.5369934324166264E-4,0.24980945085417658,0.4442622307880643,-2.553848183204094,0.2774704022443845
0.009703709102767733,0.004932852222110209,-0.008228919631460385,4.809350507890998E-4,0.2445664131750049,0.42669027327307624,-2.5547918816858908,0.29495542895736054
0.009687724653301944,0.00493613943487302,-0.008229995240216588,5.072926057718856E-4,0.2396895003854008,0.4102626353584698,-2.5567691020451346,0.3119717232140396
0.009673039034232273,0.004940774948318462,-0.0082327529231073,5.318402318240916E-4,0.23540866847649325,0.39559077485727306,-2.5597635026823378,0.3279124200596416
0.009641523335376287,0.004940409458357222,-0.008226142315050885,5.825812539061653E-4,0.22500046891113448,0.3613561447619456,-2.5578151053225393,0.3602544025505848
0.009657570660303297,0.004938645346697148,-0.008227289085573129,5.563785062943044E-4,0.23006892551389627,0.378266450681305,-2.5573240421430765,0.34343188642811145
0.010175259347461014,0.004909211356581837,-0.008217821833547257,-2.827589012246168E-4,0.39149742664518666,0.9323178964999402,-2.5083183174220482,-0.19404322750470018
0.010158152448961117,0.004908442468976673,-0.008218534435791668,-2.551463652964823E-4,0.3861240065051181,0.913399654613606,-2.5103142801023974,-0.17650731516332033
0.010184687767013667,0.004892996832141344,-0.008197999956777224,-2.962441196874372E-4,0.39017560443698424,0.9363372038579046,-2.4935090030689135,-0.20542544063920323
0.010140353355610629,0.0049092897915253885,-0.008221019904689313,-2.265446772256036E-4,0.38090951892322344,0.8943371827812355,-2.5136070875058683,-0.15808216824015278
0.01011924158986665,0.004911245689160807,-0.008224844166250645,-1.9264095397718766E-4,0.3749013976415872,0.8720693584498662,-2.5181117681390224,-0.13611499964233723
0.010093432585361427,0.004908012721183403,-0.008222613995011464,-1.5081019778872236E-4,0.36613113628787425,0.8427932287182472,-2.5187716910134452,-0.10991844464742949
0.010026382522653546,0.0049140772941421934,-0.0082319286776923,-4.2707012193924747E-5,0.3464596754915346,0.7718580167287111,-2.530875319000932,-0.04006437028681417
0.01007603407707124,0.004895439023989118,-0.008208789894130056,-1.2221323210149268E-4,0.3578729384928589,0.8194043144784736,-2.5106243625418903,-0.0935530513622162
0.01005931074512196,0.004901431906272924,-0.008216396315671807,-9.554656958234849E-5,0.35402899911879077,0.8033424179613483,-2.5173492290795507,-0.07561258191578298
0.01004276648306506,0.004907105131134251,-0.008223477638289052,-6.904247709586476E-5,0.35011624883873976,0.7873126218384109,-2.5236613571904063,-0.05785787097385148
0.009899174221386756,0.004929477886060956,-0.008247183629779942,1.639094256013984E-4,0.3083863737839329,0.6381783817675992,-2.5516603674681706,0.0932321960674332
0.009883192563508747,0.004924865562865121,-0.008240778307698931,1.8955963683492814E-4,0.3023363465864825,0.6193446248086664,-2.548593385374622,0.10897876314092524
0.00999598253012807,0.00491168421307604,-0.008229306182164343,6.462761274120402E-6,0.33631107116211917,0.7379418075105345,-2.5315867827540295,-0.00908397989072589
0.010012510170150507,0.004902166748970367,-0.008218172661603863,-2.0190775027435927E-5,0.33953683825420145,0.7527367386813794,-2.5225339848344244,-0.027390483170483287
0.00996792370158422,0.004907446323445146,-0.008224051133733595,5.17330576161142E-5,0.3265221138903787,0.7060322835748766,-2.53029484839354,0.019189504009802197
0.009982500973734482,0.004904035003895632,-0.008220286562900447,2.8171165782636373E-5,0.3304391793002591,0.7207590413769314,-2.52649725937073,0.0037204685042753352
0.009915904270901985,0.004924827909439927,-0.008242624535650521,1.364984038823114E-4,0.31301595666476095,0.654965473143107,-2.5472290778935047,0.07528027039282854
0.009951833294523808,0.004908889811964944,-0.008225357776572255,7.77381197038568E-5,0.3216583555260258,0.6890008316987143,-2.5325130305077646,0.03594958059474018
0.009933591666058674,0.004914155717487223,-0.008230904272995209,1.0738471846724928E-4,0.31678859656419783,0.6708527716034296,-2.537802091717131,0.05547926004788826
0.009771809204984758,0.004933573023222632,-0.008239981793151243,3.7096378413810463E-4,0.2670662136742255,0.5007758243802591,-2.5568771364202636,0.22504737078582399
0.009755918499259471,0.004927583629926946,-0.008230809591151281,3.958540546352697E-4,0.2610124505567908,0.4818295688762473,-2.5519631539463234,0.24037075932307547
0.00978862424628613,0.004928859766946487,-0.008236569008801008,3.4314722998410357E-4,0.27193141312268443,0.5176973410208224,-2.553260902503656,0.20694676081813304
0.00980546225263441,0.004917933254076428,-0.008225727940832856,3.146705185214761E-4,0.27584682298067315,0.5328188101931081,-2.5446015323278868,0.18782232922789419
0.009823105707690358,0.0049125608772687,-0.00822132139857009,2.856525228517074E-4,0.2807593085259911,0.5503814347755043,-2.540204510904005,0.16881904325470018
0.009869127633946154,0.00491249844963963,-0.008225307308916739,2.1143179520769192E-4,0.29566795982107635,0.6002904167214501,-2.5392142477776196,0.12152071234681101
0.00983896604927028,0.004908199869561976,-0.008217761900428437,2.5968637224921173E-4,0.2852143901931879,0.5662919184382056,-2.5365132536207713,0.1518241640853364
0.009855542502055448,0.004901034892600551,-0.008210852944667682,2.3240119823761887E-4,0.28937495962746995,0.5821197868169367,-2.530473392313595,0.1336683939990165
0.01051055718940628,0.004933965689636347,-0.008181474791626621,-8.240501738795494E-4,0.4928403775456496,1.3076937593800733,-2.450461935682054,-0.5378271387891588
0.010914617114030497,0.004975073878438156,-0.008065049701759558,-0.0014668151104320758,0.5931900604556453,1.7581062537039425,-2.3146734302538556,-0.9489370077734496
0.010933716400779279,0.004970519945443827,-0.008049756599689444,-0.001493083046584938,0.5942863214285675,1.7739519953884435,-2.3003292214458355,-0.9671178447371592
0.010989555807017893,0.004964860103113557,-0.008012731366084212,-0.0015729256573725496,0.6002451492833294,1.8248743665849958,-2.2640329657265412,-1.0204739482990732
0.010970690876661322,0.0049588012984409175,-0.008016338045850486,-0.0015417117072124588,0.5950005191530433,1.8017785785088065,-2.269621934274637,-1.0012868313017
0.010951023017347065,0.004952029190460119,-0.008019355143591067,-0.0015089313434276256,0.5893833609039741,1.7773384676926602,-2.2748342732159057,-0.9812055820006821
0.011023907372125216,0.00498656642861128,-0.008017796231199028,-0.0016360022963690507,0.6140777886943253,1.8754619065802067,-2.2624981441078025,-1.0574178772466272
0.011007932331960875,0.004972767148644515,-0.008011299369000203,-0.0016044872038596225,0.6060636253725398,1.8489522501490843,-2.26011602077709,-1.0395267582730074
0.011075546076770183,0.004988075787277572,-0.00798861881484879,-0.001712537575595245,0.6211827681528126,1.9264901306319404,-2.2320995262826133,-1.1070902530085647
0.011043725791585036,0.004981015829467271,-0.00799979416875442,-0.0016618425026650554,0.6142424681614419,1.8901930344955977,-2.245740205762448,-1.075374284961283
0.011060954366555357,0.004978667611379284,-0.007986807948378473,-0.001685580464269328,0.6154082805313669,1.9047795073533123,-2.2331453320048924,-1.091279044433789
0.010699520462075375,0.004935293159305307,-0.008118046855370617,-0.001120255898243312,0.5372140720683395,1.509719263950597,-2.382460148472639,-0.7304950301928733
0.01067906911739041,0.00493343660647244,-0.008123912433286333,-0.0010879056086003178,0.5321254105849124,1.4871381986473555,-2.3892605754754643,-0.7097669632561329
0.010662459758785926,0.0049361927541537055,-0.008133427024096253,-0.0010631906979688295,0.5295917750668728,1.4712621587511059,-2.398306174662513,-0.6930384703498075
0.010645880089740486,0.0049299931914055396,-0.008132420641622484,-0.0010351239503978108,0.523618902082221,1.4501272864781762,-2.39945804404612,-0.6760466890336215
0.010610240055687357,0.004926276932416274,-0.008140832146932607,-9.783094196246587E-4,0.5142357713339977,1.4102730896860949,-2.4097297946636504,-0.6397832899163501
0.010627552356952298,0.004919804193952254,-0.008127276551150371,-0.0010029790490949386,0.5157818669331118,1.4249364337341281,-2.3976987423653977,-0.6572297273484055
0.010532603493385488,0.0049370933711900475,-0.008178577334344532,-8.598689208143862E-4,0.4994665728844595,1.3330842303143309,-2.446065744772819,-0.5604041499708713
0.010555731998169837,0.0049294772607853254,-0.008162580251212545,-8.939899249359656E-4,0.5024959388109745,1.353886449651452,-2.431802481900004,-0.5841837979965366
0.010576531479843443,0.004921447226618376,-0.008146595257317717,-9.240320793226262E-4,0.5046816724672869,1.3717700633286223,-2.4177054760545182,-0.6054436618894216
0.010595230597282405,0.00491586706089467,-0.008133934103511086,-9.513621552616166E-4,0.5070185884673679,1.3885499192158377,-2.4062672356614794,-0.6243924321781311
0.010867441433028468,0.004956918542284997,-0.00806813847645467,-0.0013864747398087505,0.5778869554438174,1.6973264367661611,-2.323547896480481,-0.9001121124313246
0.010898200934799958,0.004967799365639641,-0.00806517154958787,-0.001438336344197005,0.5874791178953895,1.7362261404416053,-2.317065798458568,-0.9318056990459568
0.010882448707380428,0.004955905101800932,-0.008059504288314754,-0.0014085917249187785,0.5799746167725663,1.7118043118233388,-2.3149628394959336,-0.9148016835229447
0.010859148522060843,0.004938415467766997,-0.008051008993054415,-0.0013649103986004716,0.5690078430231403,1.676034350876147,-2.3117257443575956,-0.889840464189473
0.01084399496385746,0.0049430922755861985,-0.008063683514173556,-0.001344352273047547,0.5682721949808505,1.6639309112636256,-2.323334396193426,-0.8754228021166007
0.010787837278055911,0.004944284089565464,-0.008091085777067256,-0.0012596664906066965,0.5583956704010947,1.6072716659419621,-2.351348771306857,-0.8197589246286906
0.010807740817304679,0.0049411827854588955,-0.008078497847772257,-0.001288565289244849,0.5609332902966783,1.6256805249485138,-2.3392989436229423,-0.8393204564861155
0.01082783701262644,0.004940452706296352,-0.00806832669953061,-0.0013186887503747388,0.5642714272755902,1.6457111909056616,-2.3289945764239692,-0.8591765236235528
0.010750938931611068,0.004923290035699444,-0.008083077267621067,-0.001194213292684758,0.5431658157691371,1.5557045206732287,-2.349955211634428,-0.7813506125583999
0.010732802149303552,0.004919646568497641,-0.008086520640803799,-0.0011650104577234314,0.5381855633519624,1.5347118332933203,-2.354785114564623,-0.7630186519116732
0.010712930298234578,0.004914416876235694,-0.008088654571062061,-0.0011325005793275686,0.5322487429462349,1.510923555599897,-2.3588171914068705,-0.7428440380359344
0.010772395371786212,0.004927528350572369,-0.00807867741005506,-0.001228715833333064,0.5489897541271431,1.5804830604344853,-2.3439627201234354,-0.8030303889616209
0.010294396121169381,0.00490142719198373,-0.008192966374877902,-4.7270747221549484E-4,0.4243574260089222,1.0586081886348877,-2.4798760139162286,-0.31735280243709024
0.01022442578805105,0.004905012732460603,-0.008207387996032024,-3.612871315949305E-4,0.40506223489478294,0.9841737593921523,-2.4965810305851863,-0.24509988637801824
0.010279031077509672,0.004897335044052669,-0.008190702915250802,-4.4753579378286826E-4,0.4187845281096548,1.040252867043385,-2.4796987310876344,-0.30189568312982473
0.010243299810753533,0.004898875266837081,-0.008197759783130113,-3.907033745557459E-4,0.4089242316102561,1.0021876675488495,-2.488031410188405,-0.26507015424032665
0.010261899095854054,0.004896472507526842,-0.008192317430673975,-4.2007212085887967E-4,0.41365211663453433,1.0213516124458764,-2.482443096211208,-0.2843791927767381
0.010309956885307893,0.004897682937736595,-0.008185964434505985,-4.968698609677317E-4,0.42762203605749455,1.0738461739423537,-2.47339688423356,-0.3336106537825245
0.010328421808205118,0.004898409831847745,-0.008183476971330787,-5.263756323302461E-4,0.4330494292828005,1.0940922335079348,-2.4698560913138548,-0.3524831473329699
0.010342787400390789,0.004902509282558204,-0.008185508052001352,-5.500015633007964E-4,0.43824512659807624,1.111413963544056,-2.4699549560307976,-0.3669372290905113
0.010499561594358988,0.004912541432209017,-0.008159765322144998,-8.005531043531154E-4,0.48285150162527585,1.2849125090197953,-2.435594777968596,-0.5270501819445124
0.010480168228980144,0.004911422733136044,-0.008163850522596607,-7.697013700927623E-4,0.4775737231249671,1.2635656602385374,-2.440593957696654,-0.5072649113938422
0.010441013657812586,0.004907044864576525,-0.008168990732654363,-7.067662326641183E-4,0.4660571777137263,1.2193914518722735,-2.4483410898082867,-0.46737281694158433
0.010460335523539525,0.004908672326311833,-0.008165945335301536,-7.3769255561474E-4,0.47156876494524386,1.2409215627687493,-2.4441573485300077,-0.48706806793495
0.010356622584479813,0.004897500176482095,-0.008176965670857716,-5.709910094170253E-4,0.440550911323411,1.124125324593637,-2.462467907464863,-0.3814415112259503
0.010386926192617593,0.004902867747009442,-0.008176817900556967,-6.201775762792592E-4,0.450407949597366,1.1592150892352262,-2.4594038833464773,-0.4121805212625014
0.010372786547122353,0.0048933678349555145,-0.008168849355330769,-5.957465444131148E-4,0.4436678765524822,1.1396506656278953,-2.4550286358561486,-0.39820442666286443
0.010420532540645445,0.00490638554407163,-0.008173220109328987,-6.742176981536099E-4,0.4604566181136755,1.1970500492209009,-2.453476142557044,-0.4464366268704945
0.010402894763783786,0.004896846446463328,-0.008166278856413042,-6.441085992825162E-4,0.45273751481281704,1.1736062870505057,-2.4501830252195984,-0.4288193658070357
0.008443099747612556,-0.005233771523956286,-0.007901281448035829,-0.0025809145657952853,-0.0941919224488757,-0.8852174656033426,2.43577542976472,1.6906802603757412
0.008439984368592408,-0.005249594624691072,-0.007917216442907313,-0.0025999490444489517,-0.09441579564271181,-0.8922159844435367,2.4462370593037948,1.7059023788867673
0.008425068508327808,-0.005254518907788254,-0.007908993997919089,-0.002624855438484493,-0.09470134467626223,-0.9080977221219299,2.4413768776323175,1.723782004111456
0.008428090259000135,-0.005238659075627514,-0.007892999837944671,-0.0026057302078316027,-0.09709987733620766,-0.9010349362557816,2.431015206351574,1.7082575544265215
0.008410168207199323,-0.005259490019987283,-0.007900698793253409,-0.002649719652576609,-0.0954312686889562,-0.923909212603729,2.4364719173061262,1.7417098174509196
0.008413111918321116,-0.005243656315214499,-0.007884722061609228,-0.0026305568804229386,-0.09997019089030966,-0.9168633385137211,2.426206219668327,1.7259043183773664
0.00839528360707569,-0.0052645079138193066,-0.00789233824083753,-0.0026745197304069764,-0.09788380913075323,-0.9396680118564836,2.431542733893138,1.7595576981039311
0.008398180033772172,-0.00524873475409405,-0.007876431154304806,-0.0026553525069873806,-0.10244179119516905,-0.9326788003685264,2.4213348263041703,1.7436044217384101
0.009423502995116776,0.00499070650467763,-0.00822699248091592,9.466744365438376E-4,0.15751357592521395,0.1378174394486561,-2.5755780205875283,0.5947331753474536
0.009407967448916426,0.00499229699769407,-0.008223655805055964,9.720987936958691E-4,0.15259310885434976,0.12138302355948927,-2.5746035457007577,0.611101410530087
0.009345005722823123,0.00499941686558194,-0.008209491251616506,0.0010751502244613134,0.13288016767007102,0.05494038053186228,-2.570247320682535,0.6776440709701994
0.009392312632382369,0.004993869530692753,-0.00822011551528863,9.976856334313914E-4,0.14765764934588696,0.10481858109869795,-2.5735045007231965,0.6275920885395009
0.00937657388471175,0.004995600627622621,-0.008216590088849902,0.001023438454300172,0.14271318388892026,0.08819905791479342,-2.572424749214908,0.6442110599734184
0.00936081345835126,0.004997466992822053,-0.008213072474738533,0.0010492522817468518,0.1377967358369914,0.07158691903595565,-2.5713542077406326,0.6608893668748114
0.00952319136850101,0.004962985036444624,-0.008224395789682303,7.783047075979573E-4,0.18831817879632584,0.23901754323549781,-2.565913020704716,0.48633208642093934
0.009429764880593662,0.004975618680524854,-0.008211226415217888,9.31687683658619E-4,0.15896315937629948,0.14105064859043012,-2.564526818186549,0.5851471427735696
0.009507288994239188,0.004965395444581704,-0.008222817092555902,8.045012722007839E-4,0.18332025426673182,0.22241274530125868,-2.5661137639844607,0.5031812473615216
0.009491797444672432,0.00496822175883501,-0.008221702518562744,8.30161157896775E-4,0.1784724184995131,0.20634636074575327,-2.5665949508533967,0.5197031072953121
0.009445010175876645,0.004973203966247252,-0.0082133032301129,9.065659102450104E-4,0.16370787266964135,0.15695630702283567,-2.5647005357892336,0.5689325706340296
0.009476417174925275,0.004970125437934704,-0.008219394677576592,8.553729217668228E-4,0.17361390334919657,0.19017108843875816,-2.5662747748731456,0.5359377409249736
0.009460735472956736,0.0049713045832378835,-0.00821600216220573,8.808326639101319E-4,0.16864102234302278,0.17349948519591016,-2.5652540578314724,0.5523380989487058
0.009250050343853681,0.005013044610527887,-0.008187169750857147,0.0012310299795347931,0.10392133618704029,-0.0446763223148317,-2.5631112343465676,0.7789220152994741
0.009219180022484256,0.005017829013731456,-0.008179190734877372,0.0012816867782098672,0.09472040945837178,-0.07700589219742611,-2.560325850863416,0.8120007757464761
0.00920355501757542,0.005019689270634124,-0.008174272696293434,0.0013070312687938096,0.09010554995389743,-0.09348514469119716,-2.5583158108652473,0.8286138689161154
0.009187585051408424,0.005021787551488996,-0.008169330877782465,0.0013329895677346617,0.08540922359218979,-0.11028781401282552,-2.5563136684812977,0.8456470243846247
0.009224687732696045,0.005002334590768785,-0.008163343461561797,0.0012661034880536966,0.09666428793349953,-0.07427853341158862,-2.5489952854853772,0.802666058410168
0.009239631005233801,0.00499946100352504,-0.00816656961965944,0.0012414698857091536,0.10107344728817637,-0.0587733497136702,-2.5499363836761764,0.7865541746662205
0.009265834618051407,0.005010558080094629,-0.008190984705254825,0.0012050785383314409,0.10867529157602628,-0.028159150017583224,-2.564361678853371,0.7620126448246501
0.00928171717764948,0.00500831780737539,-0.008194985898373171,0.0011790544657016195,0.11348315594969414,-0.011485806219789766,-2.5657323152321285,0.7450688182559092
0.009329148872587352,0.005001471875902799,-0.008205869845050449,0.0011011449082001005,0.12798096551540825,0.03826419685380627,-2.569119545703378,0.6944808985044909
0.00931330572109167,0.005003710546987121,-0.008202324411540876,0.0011271686441704336,0.12310606330250028,0.021639644337903722,-2.568045356504156,0.711356493759404
0.0092975253030543,0.0050060660020807245,-0.008198795379759804,0.0011531207380712815,0.1182884697609543,0.005104906695363295,-2.5669805133979904,0.7282052503897858
0.009545750717772491,0.004943840722823032,-0.00820789331613943,7.370553837808769E-4,0.19423953524126594,0.2586964996079994,-2.5530955494954948,0.45934435165300785
0.009529359236973593,0.004945525546710492,-0.008205531501906364,7.636892839829856E-4,0.1891056612471538,0.24142347497311054,-2.552804035162565,0.47651543267570967
0.009129616467494743,0.005017728757091627,-0.008136334324521967,0.001421031240894861,0.06929178015665495,-0.1735425572407077,-2.5385820641635433,0.9046310797613114
0.009114552463146066,0.005020532677719144,-0.00813199449300704,0.0014456718736845198,0.0650376375585718,-0.18921907569956434,-2.5368986309386585,0.9209211331126318
0.009098843469124294,0.005022494103034931,-0.00812619005521492,0.0014708404762777021,0.06068186489993304,-0.20574286762090963,-2.5342479158812883,0.9376580116994332
0.00908275644050748,0.0050251048554648655,-0.008120804836647342,0.001496888112735699,0.056243371885291,-0.22255126594081967,-2.531918271957039,0.9549582738838535
0.009144781876860587,0.00501377865988404,-0.008139237152442582,0.001395645438347847,0.07364546857193165,-0.15798449261469824,-2.5392653953511655,0.8879624020704376
0.009160519585446104,0.005010178328802666,-0.008142693747298826,0.0013695436021987741,0.07815251341689579,-0.1417584927691474,-2.5402891286355813,0.8708139507971158
0.009176746465148397,0.0050071312967763446,-0.008146889338033779,0.0013429387377427856,0.0828069130038069,-0.12490697194351212,-2.5417867501808953,0.853314417534463
0.00861545757123793,0.005150118617103566,-0.00795389187083423,0.002270387018984701,-0.05752633303312482,-0.7067089052898822,-2.455764177649789,1.47824500932415
0.008630889720632905,0.0051461109791994366,-0.007961699640590264,0.002245433996082687,-0.05448908462293096,-0.6906056596621531,-2.460074705046536,1.460860636477898
0.008646242753043484,0.005142247863315252,-0.007969465331170026,0.0022206562410176426,-0.05143171927242817,-0.6745732913056023,-2.464345179907539,1.4436136228050502
0.008661459810846537,0.005138208151598447,-0.007976769983502873,0.0021958814342440893,-0.048327202330994974,-0.6586968419532852,-2.468262157978645,1.4264272857480036
0.008491329742127927,0.00520343439747487,-0.007910100391621613,0.002487841543079695,-0.08225642820081958,-0.8360490967471362,-2.435539195489335,1.6287939151078372
0.008476317792336171,0.005208176438439597,-0.007902137280830947,0.0025125517760133855,-0.08480376867322927,-0.8517944916415395,-2.4309842658714804,1.6462411939987411
0.008461288726770313,0.005212997998927517,-0.007894104836688629,0.00253730913955762,-0.087284230304146,-0.8675572676158526,-2.426360983553146,1.6637409397414338
0.008446261344040763,0.005217926255395803,-0.007886050582805226,0.002562114273927813,-0.08972828332346518,-0.8833186508895091,-2.421705823985931,1.6812890869413248
0.008600043383760275,0.0051544041499072685,-0.007946275092335179,0.002295491159417258,-0.06054512948837302,-0.7227760741005539,-2.451584640229086,1.495732488822206
0.008494385761618067,0.005187078971968288,-0.00789384588102421,0.002469121734322893,-0.08000607154773808,-0.832889841820866,-2.422444986642198,1.6172466748620933
0.008584749601655164,0.005159036244151883,-0.007939013621418202,0.002320668842064153,-0.0635290418589979,-0.738701714479538,-2.447657035695594,1.5132592760513564
0.008569677514903671,0.005163938540126217,-0.00793210481342091,0.0023457257341074835,-0.06644890136365046,-0.7543901058347076,-2.443971542897117,1.5306972165526969
0.008554749873812282,0.005168745946172471,-0.00792506241920782,0.0023704664140011752,-0.06926758719673355,-0.7699412407372023,-2.4401582934732837,1.5479586806269603
0.008539724723919674,0.0051732029598001465,-0.00791738559143503,0.0023950011737637524,-0.07200619668448184,-0.7856145694962146,-2.4358460509261453,1.5651588664359
0.008524554701801553,0.005177591830628117,-0.007909360125072276,0.0024196278553369143,-0.07470767714544675,-0.8014396698118759,-2.4312596850058323,1.5824660639704895
0.008509394481634326,0.005182236296134815,-0.007901494166720216,0.002444413914308725,-0.07738426431501483,-0.817244879327626,-2.426781887342002,1.599882200203097
0.008676666972041386,0.005133781545712316,-0.007983467756600143,0.0021707754625316412,-0.04512412504985805,-0.6428680221331925,-2.4717081400334284,1.4090980217855547
0.00872314147004609,0.005121590679379397,-0.008004609468454653,0.002094836903006461,-0.0351241015713013,-0.5944215842903783,-2.482707790555848,1.3567327716813276
0.008707716215646687,0.005125352461947058,-0.007997407274231831,0.0021198682691877108,-0.03846009800537286,-0.610525872216409,-2.4789282960199794,1.373998204072409
0.008692115391846035,0.005129314170186128,-0.007990157519618511,0.0021452574602357295,-0.04180573347310696,-0.6267965420231706,-2.4751177498667123,1.3915193613948913
0.008727262560719928,0.0051054799483175916,-0.007988803595628079,0.002076888859708695,-0.032373647059302894,-0.5916086659935234,-2.470306061481198,1.3464164007491364
0.00880511233045304,0.005086230885115596,-0.00802233967522792,0.0019503655501724316,-0.01486116580295292,-0.5107952740557152,-2.487383402566257,1.259770490676181
0.00879006874909145,0.005088687098150248,-0.008014668243236002,0.001974001581185854,-0.018197967044327454,-0.5265423933887771,-2.4832090223244414,1.2760468058233077
0.008742234874356332,0.0051003034244643175,-0.007993818222801112,0.0020515527486300593,-0.028931438367539638,-0.5762004390213856,-2.472523696395189,1.3291825524261205
0.008774348842395932,0.005092008732358681,-0.00800738975025806,0.0019991761837777756,-0.021732205541019567,-0.5429215330170307,-2.47938673245298,1.2933351036883247
0.00875818554363031,0.005095038177392579,-0.007999298867897082,0.00202472780692857,-0.025244962678040033,-0.5597816543184965,-2.4749906921028653,1.310945372424892
0.008834764973422109,0.005077920741226915,-0.008032989092169733,0.0019012532643191626,-0.007748441082563007,-0.4801486807434873,-2.492273092867586,1.2264628769832742
0.008810436083473977,0.0050721860049195745,-0.008009600636584822,0.0019328594050752232,-0.012313290179848604,-0.5066770322291849,-2.477421655419953,1.2493230018566994
0.008822942160949263,0.00506610091784597,-0.008011101286991151,0.0019104798959745561,-0.009106336183661521,-0.494083885505276,-2.4773109989445277,1.234428762609881
0.009040572633783949,0.005019733720134625,-0.008091589022167868,0.0015582263705338582,0.045448372136912024,-0.2686130001708235,-2.515144436556842,0.9968481908970973
0.009055499872029303,0.005014738000171773,-0.008093940729977787,0.0015328544923613313,0.04956741667967913,-0.25347552208310775,-2.51547622864375,0.9801006193688925
0.009071252905257832,0.005010891992452106,-0.008097952070531697,0.0015068566634307676,0.05386443876529148,-0.23727681787268576,-2.516909473089861,0.9628472151212278
0.008866416301049906,0.005071112786895426,-0.008046184368102385,0.0018500931374279132,-1.8388798463406234E-4,-0.44722528895864055,-2.498820620875989,1.1916765403316527
0.008850558162381368,0.005073473765179591,-0.008038416762143974,0.0018750443454439594,-0.003896587861678465,-0.463850158890943,-2.4946952014934634,1.2087465151128063
0.008872141533863103,0.005057158914189071,-0.008033590129730081,0.0018324783613991355,0.0023631736023883186,-0.4428730464326637,-2.489063300941625,1.1811281952101225
0.008884879411929112,0.005051784714143181,-0.008035597573251965,0.0018102203479959786,0.005668084894471927,-0.43000469501399013,-2.489312010780529,1.1663193682368813
0.00889961107630253,0.005046064829285946,-0.008038376021955576,0.0017848133314263724,0.00948418654155876,-0.4150763880090737,-2.489938003243163,1.149383865246956
0.008915023667511403,0.005041259652458195,-0.008042520329690718,0.0017589865700935253,0.013401051353519626,-0.39932076329554533,-2.491495911461389,1.1320737904828313
0.008930631806907802,0.005037038236711977,-0.008047324351778603,0.0017332244402505322,0.01734963044302561,-0.38329056447943644,-2.4935153589023824,1.1147688866429475
0.008946473750506192,0.005033151943330364,-0.008052515952989217,0.0017073015642110254,0.02136527910456504,-0.36697373270135514,-2.4957943660138535,1.097344700602539
0.00899790889358985,0.005027831175104354,-0.008076882392684486,0.0016272058386987312,0.03419747505185837,-0.3129228913122762,-2.5085472400573092,1.0430202356911846
0.00901293494510767,0.005021662446707558,-0.008078296896977309,0.0016010464963440265,0.038314956906282595,-0.29783493237200975,-2.508201529126382,1.025781163583584
0.009027878339830505,0.00500901100733724,-0.008071950147806525,0.0015714015367450094,0.042841356323893055,-0.2838624384514737,-2.502360907116969,1.0067747307139518
0.008962787390294614,0.005029077560574397,-0.008057620097893464,0.0016805386652872965,0.025544176993205058,-0.3501876892083589,-2.497968356840261,1.0793914328655367
0.008981102125800357,0.005024521259393168,-0.008063181040469302,0.0016504755123547422,0.030266885237033164,-0.3313504662327192,-2.5002923112300266,1.0592582739450005
0.008419289486954699,0.005211643006860997,-0.007853783341121563,0.002592363760821235,-0.09227815434655323,-0.9112043540432992,-2.3991003878182453,1.7043154705724624
0.008434256009431545,0.0052065938265651165,-0.007861882018624896,0.002567754366322285,-0.08993688376195709,-0.8955913709086065,-2.403875433119769,1.6868830198730402
0.008075937095618541,0.005354246134287584,-0.007657229825285766,0.0031711357828974594,-0.1319052237166076,-1.2717579824020289,-2.2749191768783734,2.120274671217359
0.008061318502630166,0.005360413292433985,-0.007647169752225918,0.003195274577951755,-0.13275825014562995,-1.2870568731033014,-2.267915926741217,2.1378943624416844
0.008134502944773388,0.005330700281852786,-0.007697337552449072,0.0030751295855136977,-0.12769166658442677,-1.2104650251597062,-2.302538756179517,2.050217783530561
0.008119931796189335,0.005336577346368318,-0.007687599044185406,0.003099131649505213,-0.1289376536347999,-1.2257392997339733,-2.295922307445371,2.0676975233965478
0.00810531595200843,0.0053423904502283666,-0.0076775936940254716,0.003123053103337987,-0.13007240862755462,-1.241039111704187,-2.289045452737034,2.0851554497188
0.008090633858615288,0.005348246985549649,-0.007667415281573035,0.0031470370255364936,-0.13104403861614752,-1.256390957116162,-2.281997380506279,2.1026744119854928
0.008136502676787833,0.005314130329755282,-0.007681135442315335,0.0030543542760498184,-0.1257153085121758,-1.2057621744090905,-2.2887550339111,2.0360408404772916
0.008254617521846952,0.00526859929558195,-0.007756616663011042,0.0028610527926193207,-0.11418805693266561,-1.0828424612469343,-2.338675560664044,1.8964126865487898
0.008269655474944921,0.005263197507774118,-0.007766001256714461,0.002836595928814372,-0.11247704264228019,-1.0671906886172093,-2.344727546923389,1.8788160767855053
0.008314277254335017,0.005247516983047437,-0.0077933664464090524,0.0027640335083158898,-0.10706175824459867,-1.0207134509227542,-2.3621394128609405,1.8267143824957992
0.008299502702349129,0.005252639441399909,-0.007784372037770723,0.0027880466892097624,-0.10891326366376564,-1.0361070509241728,-2.356454395378117,1.8439400029901878
0.00828462040214509,0.005257896821878407,-0.007775277376757594,0.0028122763901403396,-0.11071723564005075,-1.051608185802432,-2.3506736431455555,1.861331554877853
0.008151140835860228,0.005307902334768588,-0.0076903483398361285,0.0030299608409727636,-0.12443431497250014,-1.1904860436240527,-2.2949132466397537,2.0183920548571503
0.008166076091236743,0.005302020309719827,-0.00770012252845301,0.003005534562339572,-0.12312482867868975,-1.1749629717288224,-2.3014876938227515,2.0007105344889067
0.008181066607079035,0.005296474754899572,-0.0077101822876728425,0.002981345918870361,-0.1217767591393369,-1.1594104136722534,-2.3082698614713455,1.983184133558072
0.00821055711279761,0.0052857029180187745,-0.007729691192844771,0.0029337152469642506,-0.11898062885827643,-1.128784550622257,-2.3212850867967814,1.9487218061342688
0.00819591105877327,0.005291067386167618,-0.007720091447622088,0.0029574176986984376,-0.12041061600415794,-1.144005694969063,-2.314910967145311,1.9658623584658386
0.0082128353200167,0.005269448909302976,-0.007713904180092965,0.0029137112578199536,-0.11632995400465128,-1.1247304723053715,-2.307715927933313,1.9358696306994652
0.008241703484221142,0.005257123572909427,-0.007730327242718019,0.002865249476307902,-0.1130560811051131,-1.094745808528234,-2.318185737086552,1.9011970835549767
0.008226916236892505,0.005263261633713945,-0.00772178949375184,0.0028899099872847288,-0.11473660250035873,-1.1100840390885003,-2.312729250648864,1.9188427977221971
0.008316647188510995,0.005231260112285399,-0.007777272150820857,0.002744820874938859,-0.10433484038792006,-1.0173296969721524,-2.348549145331308,1.8148077787390717
0.008330683687547429,0.005225263203494449,-0.0077843521731501145,0.0027209663951591645,-0.10235629162725642,-1.0027342550034144,-2.352764826731967,1.7979030527599995
0.008345464321900012,0.00521911387013244,-0.007791852233448432,0.0026959788974242472,-0.10023295260783903,-0.9873869331991356,-2.3572259165713807,1.7802127487124968
0.008360798919653504,0.005213239372732099,-0.007800053437386657,0.0026705088110700573,-0.09804546315574963,-0.9714971931213464,-2.3621823259770984,1.7621566659651364
0.008376693119468696,0.005207913045709902,-0.007809258810220646,0.0026447920432925496,-0.0958330513213117,-0.9550597154006889,-2.367874188371142,1.7438674228274043
0.008392545032981584,0.005204643295072901,-0.007820606444603183,0.002621017863684856,-0.09384222350068518,-0.9387271944588048,-2.375284491274623,1.7267418214758379
0.008407452578124634,0.005200323909763073,-0.007829717340174123,0.0025974050507861983,-0.0917204444093238,-0.9232898669133681,-2.380963540853236,1.7099015680527454
0.008046803501705726,0.0053666378164647505,-0.007637143574699336,0.0032192997397099757,-0.13365961919250677,-1.3022539488876896,-2.2608983140372856,2.155441636808012
0.008032327298543243,0.005372784895233774,-0.0076269310424610035,0.0032431283895734547,-0.1345344788630312,-1.3173885328435408,-2.253674437276556,2.1728749952726862
0.008017834381803908,0.0053788682959896835,-0.007616483599786728,0.0032668363826855317,-0.13529123665882262,-1.332511031826879,-2.2462078442512907,2.190247118345242
0.008003319788431348,0.005384991402344279,-0.007605907664385062,0.0032905486432873005,-0.13592329252379423,-1.3476389617125484,-2.2385961634232676,2.2076347428198044
0.008048503227003888,0.005349985628331662,-0.007620900838372568,0.0031979880117922583,-0.1318049509954793,-1.2970526633393946,-2.246988171321068,2.140447795405533
0.007160877877883564,0.005849842727213725,-0.00683376027637287,0.004674866581690178,-0.0640752816829555,-2.1794955257588904,-1.5754980202147901,3.1955106995966602
0.007200087322823269,0.0058236495552746,-0.0068779972945920325,0.004611042551331158,-0.07215440981129088,-2.144856365216142,-1.6181408950119873,3.1535399742203687
0.007187094761355816,0.005832378312380833,-0.006863515338387297,0.004632371365577878,-0.06958603145002625,-2.156482106954931,-1.604213858849205,3.1676773076510583
0.007174023986436565,0.0058410767277182135,-0.006848743781309078,0.004653594602182789,-0.06691802350342703,-2.1680086713752575,-1.589977211606737,3.1816241808492123
0.007198546968683513,0.005807158234473142,-0.006862898791787885,0.00458521554198641,-0.07290586379876916,-2.1334152068987104,-1.6072568179105569,3.1291219543143165
0.007211392476525987,0.005798160728810585,-0.006876679003067502,0.004563553318180244,-0.07545444603422478,-2.121688494498517,-1.6204659664217258,3.1146230664015246
0.007224517554607887,0.005789252834411285,-0.0068908344302543514,0.0045417892248425275,-0.07798971960326578,-2.109815245839368,-1.6339452100108327,3.100086072731502
0.007146134163890432,0.005841695037246501,-0.006803619974528025,0.004669120197687378,-0.06213328211498594,-2.1786053230715905,-1.5504966249178247,3.183503055247444
0.00713287677495418,0.005850747379438636,-0.006788509452392685,0.004690606000998475,-0.05926886108196106,-2.189970792734494,-1.5358873545223173,3.1973034521125885
0.006389252513730963,0.006500844537247831,-0.005760480267563994,0.005944188876193705,0.18340092623633053,-2.677361056086747,-0.4643761299689359,3.8177334811041064
0.006433352835488979,0.006455672310319519,-0.0058344179403443065,0.005871151353506596,0.16566211183209356,-2.6624379913234297,-0.5426048740965456,3.797948658177208
0.006422316736267384,0.006466873817470115,-0.005816088791859607,0.005889431849792042,0.17002676131733152,-2.66638287479903,-0.5231940134682946,3.8031557881178046
0.006411255126747594,0.006478131520209251,-0.005797597190966887,0.005907683222254087,0.17447076336630093,-2.6701645209497085,-0.5036427316446072,3.8081436312799046
0.006400224950253652,0.006489475024126085,-0.005779047992822652,0.00592596966772558,0.1789568961455815,-2.67383611096953,-0.4840181535420321,3.8130237969953416
0.006428365255834277,0.006439744896973694,-0.005823006448805558,0.005841618356174746,0.16105369488404772,-2.646697035472329,-0.5429649975403841,3.7667202718692505
0.006439142175353448,0.00642828954910286,-0.005840526837180861,0.005822773075128859,0.15663725204378795,-2.6422188647657094,-0.5617537652559234,3.7605363318333684
0.006450100966231115,0.006416785905624493,-0.005858233976506224,0.005803752820007591,0.15219898375947352,-2.637599467452935,-0.5807006121145027,3.7542154614711394
0.006461235722346055,0.006405408416883772,-0.005876147557386433,0.005784865782395159,0.14778872067053173,-2.6329774082299853,-0.5997334223369148,3.7480235246711153
0.006472493912866652,0.006394223743076134,-0.005894190002933665,0.00576622051554677,0.14342642300349864,-2.628382268565034,-0.6187658979086726,3.7420067612687693
0.00648382751593683,0.0063832249467768234,-0.005912279041326852,0.005747796057960819,0.1391137603099748,-2.6237866710886113,-0.6377445531488383,3.736102103011127
0.006378316180924933,0.006512193818426247,-0.005741851135897684,0.005962252882050965,0.1877916954113821,-2.6806881664107407,-0.44470963700344796,3.8221747301149374
0.006345483250230127,0.00654632626832165,-0.005685199328140863,0.006015821177578917,0.2012286843301145,-2.6895045884148114,-0.38521220891695296,3.833891261056628
0.006356362484195344,0.006534848333765718,-0.00570408041079929,0.005997896775805963,0.1966908245326451,-2.6866503798987798,-0.4050733244478569,3.8300354685387283
0.006367346084684071,0.006523504061415508,-0.0057230364613306385,0.005980110429272093,0.19219695533372846,-2.6837619633999164,-0.4249409016443826,3.8262313591791854
0.006291691443593958,0.006604061562363692,-0.0055900736261084985,0.006104288974167502,0.22347410956364874,-2.701336813615385,-0.28548876796496936,3.8501694102206216
0.006334703982423051,0.006557871640679626,-0.005666378444855031,0.006033764547818358,0.2056779344116264,-2.6922698135295806,-0.3653710008760193,3.8376944245654143
0.006323902074983195,0.006569366042278684,-0.005647393109756485,0.006051480900544609,0.21006960335177624,-2.6947734416316584,-0.34545634333842584,3.841101855552275
0.0063130740450667786,0.006580855489982746,-0.0056282413821895924,0.0060690506129021035,0.2145276535759709,-2.697048597999388,-0.32545209731760755,3.8441755825218564
0.0063023386290438355,0.006592440950334784,-0.0056091382258983725,0.00608668987110933,0.2190349609709419,-2.699252514929119,-0.30545608050471557,3.847229447132474
0.006190430950283845,0.006693490308622842,-0.005405136224096136,0.006227608879671001,0.2573100744534243,-2.696102241769266,-0.10986872120375361,3.8339294341227337
0.006201354415339971,0.006681594434199092,-0.005425549785600429,0.006210853144802148,0.2529627744134421,-2.6958406257350336,-0.1303543435818071,3.833567478292076
0.006243777452844586,0.006635323654152574,-0.005503755518790068,0.006144312377536426,0.23584388766748757,-2.6926999744963136,-0.20977943078865627,3.829138478126184
0.006275655820934701,0.006599689184591157,-0.005561345711739832,0.006091386623934064,0.2225364786032684,-2.6875412083972545,-0.26964350779505675,3.8214998534070515
0.006254081709559525,0.006623152432535592,-0.005522507708896041,0.00612616825852728,0.23132579606366235,-2.690750101490821,-0.22961029674407432,3.8259997659852965
0.006264805656485953,0.006611207985192957,-0.0055418764689119165,0.006108442572822352,0.22686278598888832,-2.6890479929684035,-0.24971110174118857,3.8234943771485788
0.006233578617127543,0.00664724653033261,-0.005485075522519828,0.0061619257281856805,0.24027411668598034,-2.6943391417161524,-0.1901728145408059,3.831782737714296
0.006223100174066905,0.006658709555554074,-0.005465805499269176,0.0061784922512810175,0.2445241364752798,-2.69524458763139,-0.17052537867015813,3.8330725104186496
0.006212333280376404,0.006670040369464037,-0.005445924819740927,0.0061945845716137315,0.24873658614475214,-2.6956464082465086,-0.15064153026136543,3.8334676484676105
0.006169315582123671,0.006717736911241231,-0.005365214941413027,0.006261803243556318,0.2660761807595251,-2.6968439888764864,-0.06925401839582303,3.835477947710808
0.006108020230308688,0.006791318460345991,-0.00524615439320155,0.00636350484907048,0.29210426925838556,-2.696103612536874,0.05180093863941535,3.8372331445673145
0.006158897320058689,0.006729793186019355,-0.00534533431439728,0.006278635504083647,0.27040128232778843,-2.6969570300872925,-0.04910180054796471,3.835923331714689
0.0061485123168361034,0.006741874975450981,-0.005325395355170281,0.006295391330435514,0.27470857302282586,-2.696900651671527,-0.028941043351747294,3.8361557375755306
0.006138181905238385,0.006754048641492469,-0.005305426106509391,0.0063121970794358445,0.2790219265857194,-2.6967342485161776,-0.008741269970218754,3.836296827952402
0.006127951369220044,0.006766352821167598,-0.005285497487839464,0.006329141842005742,0.28335895258673277,-2.696518099678753,0.011486933419394692,3.8364688948592014
0.006117878246945742,0.006778790385788408,-0.0052657055623424225,0.006346259211200696,0.2877238872914965,-2.6963005753485674,0.03169574971988102,3.836767915591833
0.006162256465974022,0.0067010714490411,-0.005354693328201625,0.006229526124014062,0.26047730075835274,-2.6802139781841032,-0.07465850115578676,3.80216885598133
0.0060906039554934725,0.006787963370262732,-0.005216421378951826,0.0063492674906114955,0.29074846573061025,-2.679727794375342,0.06535244334239397,3.805064451780025
0.006172841309304355,0.0066887392026375135,-0.005374570601984621,0.006212174049573609,0.2560888462684034,-2.6797565065727778,-0.09483926270327918,3.801200513581126
0.0067904388072209075,0.006109086734468312,-0.00636248951729649,0.005248184522548153,0.0321477545738768,-2.4547257718855935,-1.1080311895926895,3.5229692495470135
0.00680290141093283,0.0060991307850869194,-0.0063794520627606386,0.00522836318982424,0.028311603717819118,-2.446532971846082,-1.1254030296011388,3.5129346334642064
0.006815557439625894,0.006089239076516602,-0.006396650443592806,0.0052084964063828345,0.024477869359304405,-2.4382354233747296,-1.142931947914397,3.502867651259621
0.006828340126948335,0.006079519464237983,-0.006414022865297201,0.0051887810272652065,0.02067758237992806,-2.429917177330488,-1.1605379290847406,3.4929032035386984
0.006841024086528029,0.006069800017940825,-0.006431090404714096,0.005168965770955846,0.016906676052948114,-2.4214284910390513,-1.1778659106857565,3.482653347582724
0.0068533169239674676,0.006059785318125687,-0.0064471880902953445,0.005148614623653145,0.013197361417808499,-2.412532854963851,-1.1944286229918306,3.471519039405027
0.006865468267981322,0.0060497152193635965,-0.006462872803843669,0.0051280960867611655,0.009535881353646093,-2.403454512128675,-1.2106161985673303,3.460033240592598
0.006877871124484018,0.006039936721351801,-0.006479014134092743,0.005107912769798333,0.005916486983405384,-2.3944665651423453,-1.2270850585279345,3.4489154384539513
0.006905642630273138,0.006036670462076974,-0.0065252534678599825,0.0050944862689808745,9.420045110866457E-4,-2.3896720047548237,-1.2674323465844861,3.453805811355157
0.006890311780623693,0.0060302118208764655,-0.00649511474095191,0.005087704412700108,0.002324240466788746,-2.385371410425751,-1.2434784505048746,3.4376870919008042
0.006955829366758335,0.005998016448956554,-0.006589160320672108,0.005012058763180726,-0.013389333349009212,-2.3510442638239444,-1.3325172461881072,3.406052437718326
0.006918080303645974,0.006026838726249733,-0.006541153895238921,0.0050737842719947865,-0.0026864527411158963,-2.3801027052323493,-1.283719903369475,3.4418745934192967
0.006943238695526149,0.006007554038576296,-0.0065732419245242224,0.005032625105579516,-0.009949755590537542,-2.360819490889328,-1.3163715006373347,3.4180864679071905
0.006930620518483207,0.006017111892521285,-0.006557150882684573,0.005053125632845732,-0.00637203516415506,-2.3704690250071194,-1.3000350347292573,3.429939248818569
0.007004119526049655,0.005943718982567691,-0.006637594461529023,0.004902184445778061,-0.028633933967067014,-2.2977609962229426,-1.387110129262217,3.3297491323784763
0.006953336170537932,0.005981496446008727,-0.006574909362340251,0.004984640080756788,-0.015287447990380726,-2.3375788653534606,-1.3243383991427005,3.378596783809936
0.006965908285375304,0.005971721571165746,-0.006590373616241735,0.004963665849565472,-0.018692347110045745,-2.327578507430749,-1.3399783614831051,3.366120560345395
0.006991683824567265,0.005953370160379743,-0.006622700584724785,0.0049232091923904235,-0.02536057657640239,-2.3080422115696497,-1.3721006575685324,3.342637469063767
0.006978786784776376,0.005962395745131378,-0.0066064951854949835,0.00494324148409123,-0.022068332702846735,-2.3177642331696497,-1.3560468318695593,3.3542431380233126
0.00701662959185054,0.005934013359733727,-0.0066524370964934154,0.004880943130650929,-0.03187167527226024,-2.2873014543072547,-1.4020394720251776,3.316615226526547
0.007055568485168472,0.0059062273198513685,-0.006699357945536871,0.004818280133696443,-0.04141572466650023,-2.255910795678332,-1.448405811056215,3.2784306132114556
0.007042541161633483,0.005915182528499516,-0.00668357345439706,0.004838779609186195,-0.03829668083370261,-2.266279561737718,-1.432917324327734,3.2908671436938772
0.007029438747429474,0.005924369070088468,-0.006667679540751315,0.004859589177500832,-0.03509764343571833,-2.276706833577368,-1.4172597892828886,3.3034541433905242
0.007053714383005036,0.005889711528091844,-0.006685151656637369,0.00479159324843209,-0.042269206068041194,-2.2434310092534067,-1.4389856065859095,3.252819087167993
0.007065856437640107,0.005879697432949966,-0.006698485204092836,0.00476972081930262,-0.045200648031505385,-2.2324613607732147,-1.4523839539598669,3.238650949536398
0.007105421994044069,0.005852487549383559,-0.00674475512232265,0.004706808550922052,-0.05409883416462057,-2.200185053600604,-1.497270200796381,3.199674206680633
0.007092476316615692,0.0058607751955097155,-0.006729324882378575,0.0047264852978433115,-0.051279675634438436,-2.2104114648123816,-1.4824516747449286,3.211687664674941
0.007078789812018679,0.005869440531641485,-0.006712811617631687,0.004747014524727599,-0.04825051078246705,-2.2209924915051147,-1.4666277397355463,3.2240329572415605
0.0071176886462771295,0.0058427600489465705,-0.006757925134053349,0.004685004515117175,-0.05684680820123849,-2.188980000509257,-1.5102911911740138,3.185342349592437
0.0065230517741091815,0.006366878750894724,-0.005979196139199319,0.005722145166127867,0.13032864943471859,-2.625262244294662,-0.6962373193106305,3.7493074758252374
0.006495203400220815,0.006372338537989387,-0.005930343851503536,0.005729455460262392,0.13482995413732698,-2.6191147000917403,-0.6566543031510063,3.7301567554709636
0.006506622240430817,0.006361441916859032,-0.005948359522744359,0.005710978208471148,0.13053852928193568,-2.6142623562640233,-0.6755346356596862,3.7239729121709266
0.006569416537389758,0.006323542988993433,-0.0060514824877741695,0.0056467381692715665,0.11293841224545327,-2.6035808622729344,-0.7725422202472011,3.721794167061233
0.006534570611004267,0.0063559500049564606,-0.005997306261607104,0.005703304728583569,0.12591803074977304,-2.62002236424676,-0.7153849563308731,3.7426067235412943
0.006557841930477932,0.006334332190003977,-0.006033621810753524,0.005665696389822685,0.11718591969034174,-2.6092563575904424,-0.7536574106228585,3.729016717465751
0.006546192036727315,0.006345095769297614,-0.006015490754181809,0.00568448070925201,0.12150622904858265,-2.614691809662446,-0.7345599786461389,3.7358589033495697
0.006693791440294684,0.006190611560197317,-0.006228223566274927,0.005405427421198392,0.06353014070927214,-2.5162722346103084,-0.968842438231171,3.599769960616429
0.0066819211037438845,0.006201010236962199,-0.006211305975714656,0.0054249127903295245,0.0675622611902038,-2.523431281585759,-0.9511669014669332,3.608798211164769
0.0066700641510963376,0.006211470236959997,-0.006194304770098072,0.005444391654011294,0.07162304120892947,-2.530475980779517,-0.9333837274702699,3.6176982693987756
0.006658316417614472,0.006222095868019798,-0.006177427892760269,0.005464043588763672,0.07572076589740885,-2.537516525147311,-0.915622854128744,3.626713134059692
0.006646799213930407,0.0062328975872983075,-0.00616089091040076,0.005483884953686263,0.079845581228721,-2.544592368901118,-0.898050851263764,3.635956932799759
0.006635531017002938,0.006243709069606407,-0.006144664735426208,0.005503625848424184,0.08396496155795967,-2.5515711481299914,-0.8807033587947352,3.645179880854959
0.006624225091919373,0.006254267429214511,-0.006128150788977362,0.005522810980709504,0.08806099727611381,-2.558160149779297,-0.8632028780952902,3.6537276213142236
0.006612587262642484,0.006264457026244445,-0.00611079550933225,0.00554123379503807,0.09211121041142521,-2.5641734653828903,-0.8451634622995723,3.6611559460134386
0.006565185919005778,0.00630718031800013,-0.006039231094596225,0.005617229286225448,0.10903983993043355,-2.5878844850766765,-0.7704620295917084,3.6908257899729757
0.006600667264882174,0.0062746284863736046,-0.006092810357051366,0.0055595077370725115,0.09622996934672921,-2.5699149926954195,-0.8266347262175607,3.6680657779911088
0.006588598588484853,0.006285085086777949,-0.006074529971078856,0.00557816372102416,0.10040305360844677,-2.5756758180440684,-0.8077467576039293,3.6750554723164437
0.006576694697933646,0.0062959857578975134,-0.006056551792165055,0.005597490029491954,0.1047059098439395,-2.581681939470206,-0.7889166160901601,3.6826521598855915
0.00677377768096591,0.006102265418172953,-0.006330161981671577,0.0052393246760675805,0.033973828620540686,-2.448027152689713,-1.0829514426304938,3.5031632917860276
0.006761449137732494,0.006111979645056329,-0.006313212306907842,0.00525837278991166,0.037726595881170534,-2.4556036600898605,-1.0657615543288286,3.5123108535309555
0.006749150232639858,0.0061217334722651244,-0.006296207855968033,0.00527736911802493,0.04150471601952276,-2.463053286014279,-1.0485000627357064,3.521309587149748
0.0067368697533511206,0.006131724183872585,-0.0062792159077880135,0.005296659955864695,0.045343500281435516,-2.4705442357919476,-1.031158256005013,3.530471396485361
0.006724666652064615,0.006141988044578602,-0.006262349310000405,0.005316301807605981,0.04923906355937829,-2.4781136781674573,-1.0138131808033057,3.5398888493486154
0.00671262800662669,0.006152480516173709,-0.006245735140976948,0.005336209310958725,0.05317054594205634,-2.485736253884204,-0.9965790872359189,3.549546087616711
0.006700798804325686,0.006163092178642421,-0.006229402591366214,0.005356191375833295,0.057114578056384334,-2.4933293605805846,-0.9795118566279274,3.559301971161896
0.0066891099254799725,0.006173686763967182,-0.006213174543233703,0.005376021788183972,0.06105562631814094,-2.5007717753680967,-0.9625101430921771,3.568899884998443
0.0074535173550538125,0.005646163560849374,-0.007125476591478787,0.004167270785888342,-0.11366766273573349,-1.8962745837194106,-1.8495196946572035,2.8425073581326132
0.007439349329248549,0.005653954971847139,-0.007111234570816667,0.0041895738963447565,-0.11191050022762729,-1.9095527456204742,-1.8369057123496955,2.8580773254027645
0.007425376655967121,0.005662101267430977,-0.007097451944134795,0.004212166402618184,-0.11014095350435449,-1.922832994965937,-1.8246198535206857,2.8739066003233362
0.007411580974595982,0.005670377530422877,-0.007083901254548948,0.004234733674737909,-0.10833500308497936,-1.9360031914308549,-1.8124735910280976,2.88972220940534
0.007495060260440071,0.005623535299698356,-0.0071665815574275885,0.004101625057276656,-0.11845193507830833,-1.8569228758679566,-1.8856423975106493,2.796348104338293
0.007481505134530207,0.0056310732519106385,-0.00715344954113386,0.004123367022952418,-0.11695460170540621,-1.8699346189915806,-1.8741435964626654,2.8117293380843624
0.0074676463098890125,0.005638604062944385,-0.007139721869602972,0.004145243806245868,-0.11534171041545892,-1.883054022281117,-1.8620835643580411,2.827107719912481
0.0075206476523112286,0.005589969572321842,-0.007173150161737027,0.004032247412516538,-0.11989313543340528,-1.8219876844629008,-1.8918640693600837,2.743626832027424
0.00749469283792387,0.00560713876858267,-0.007151088205823841,0.00407785597697865,-0.11744729960999752,-1.8482621413647482,-1.8726553319911965,2.776308514777186
0.007507339550232786,0.005598654248528202,-0.007161799975991316,0.004055488218908678,-0.11866091575262748,-1.8354145814912661,-1.8820121406423993,2.760269273623781
0.007619616067535061,0.005553732984497745,-0.0072802170687528344,0.003897277296175484,-0.12950182127415363,-1.7340271948015058,-1.982971459617367,2.649804458684748
0.007605481426117625,0.005561389581775491,-0.007267663924778342,0.003920414397454408,-0.12848649760046146,-1.748087136187747,-1.9724317127408406,2.6664894010020075
0.007647961704339589,0.005538864774246011,-0.0073054134356264145,0.0038513166025347756,-0.13135957347822388,-1.7058737601146314,-2.0039774209417343,2.616624585377096
0.0076338211520650704,0.005546292708514577,-0.007292928411332747,0.0038743014588201274,-0.13045509640905437,-1.7199514631851904,-1.9935975060559132,2.6332313362083593
0.007591258905695277,0.0055520198443917675,-0.00723863480333721,0.003919432298293128,-0.12599790118103296,-1.7539631170746801,-1.947730738551462,2.6635359922964983
0.00757791333811746,0.005560376728283661,-0.007227654766174652,0.0039426010047452385,-0.12505555929866244,-1.767537114389517,-1.9384488961589421,2.680241558175487
0.0075345870261692045,0.005581529650057419,-0.007185489110454594,0.004008786309798029,-0.12115846352867939,-1.8082172890845836,-1.9025018831851137,2.7269045856582514
0.007549195766502057,0.0055735472836533255,-0.00719905996766499,0.003985354215450935,-0.12248774315740286,-1.7941627581416435,-1.914125898172366,2.7103024226894328
0.007564086770458278,0.005567345551517904,-0.0072145432813428825,0.003964132487275624,-0.1238919485269387,-1.7807281151985725,-1.9273034210423583,2.6955268247082347
0.007745020689859647,0.005469907076737685,-0.007369025518333066,0.0036675280953029628,-0.1336710811208147,-1.600952881131051,-2.054734605705409,2.4821505029124524
0.007689810849728209,0.005517553246129906,-0.007342161123712353,0.003783742901725586,-0.133658093858839,-1.6641676057697488,-2.0342323555325326,2.5677120447626147
0.007676018312436903,0.0055245284793293955,-0.007330143149184246,0.003806026441759138,-0.13296196121569218,-1.6779494761290732,-2.024388314391984,2.583865041586474
0.007662046479332846,0.005531603195030932,-0.007317836366797787,0.0038285322200515663,-0.13217975078096297,-1.691854555720232,-2.014256421209329,2.6001492904081647
0.007730744359555514,0.005477297450287296,-0.007357423203200855,0.003690967477644743,-0.1332596924746807,-1.6152964025379613,-2.045468512122613,2.4991008903940624
0.007716663027613565,0.005485072742708447,-0.00734631559320497,0.003714668217653074,-0.13284296559975262,-1.6295969657285647,-2.0365746262742728,2.5162597694460946
0.007703034635604361,0.005493174501887226,-0.0073359926937178336,0.003738324210113953,-0.13243417160247403,-1.6436411068304693,-2.028289812345632,2.5334204865918264
0.007690046085263896,0.005501083757947277,-0.007326204195493616,0.003761075532674851,-0.13200358591217018,-1.6570846964810766,-2.0203918685808824,2.549941181372972
0.007918128366970291,0.005390677941317799,-0.007508804291821761,0.0033909004979790357,-0.13460479257971936,-1.4272054966740102,-2.1630670001050034,2.2814982330766482
0.007903960356582779,0.005397337978514528,-0.007498333749356109,0.0034141576590431297,-0.13493108832191295,-1.441704008017597,-2.155250637312801,2.2984191573165655
0.007889182329771281,0.0054030426706430075,-0.007485962435199557,0.0034368020393167535,-0.13501839355956802,-1.4564212110164865,-2.1458073382205467,2.314889035014175
0.007788260797626417,0.005449376744129094,-0.007405141284051161,0.0035985239541590727,-0.1347272699339809,-1.5579238067524808,-2.0833843558528913,2.432249026151181
0.007773778169037148,0.005455993812108931,-0.007392928983126378,0.0036213755911833775,-0.13441106142549744,-1.572291474149054,-2.073729919380162,2.448780679653753
0.007759371597772995,0.005462828107589143,-0.007380890631049048,0.0036443564555715944,-0.13405741847502187,-1.5866236242248541,-2.0641801529763524,2.4653983932076273
0.00787448614366177,0.0054093757978734515,-0.00747420487395675,0.003460059338273707,-0.13512075340681948,-1.471193520073861,-2.1368521843916928,2.3317799053947614
0.007860429161723392,0.00541659102435585,-0.007464021818138322,0.0034836898251414147,-0.13528577596208066,-1.4856416501718537,-2.1291667075280922,2.3489407967120113
0.007847001404327121,0.005424648734115032,-0.00745536538599919,0.003507689503318446,-0.13556293813726517,-1.499799154575996,-2.1227156256104496,2.3663916383742047
0.007832404107847322,0.0054310654218359755,-0.007443381645554237,0.003530742787748812,-0.13551132907334926,-1.514423989993742,-2.11343325877289,2.3831473001458434
0.007817571780973418,0.005436848338060599,-0.007430298618672694,0.0035531345292408897,-0.1352704959722528,-1.5289802823164893,-2.103174971763996,2.3993842341556477
0.007802853765354564,0.005442958811297091,-0.007417554442277923,0.003575737901842959,-0.13501008614074061,-1.5434806035127548,-2.0931636332546013,2.4157552203703525
0.0079322511084547,0.005382861665930859,-0.007517855617162531,0.003366218133951548,-0.1340717030091332,-1.4124249485983729,-2.1696253229746545,2.2635896434906098
0.007975840336364315,0.0053803796484872685,-0.007568020193832697,0.003315720430000816,-0.13511356531762272,-1.3720057486850976,-2.208927890742818,2.2263129546697757
0.007990485891245572,0.0053742754588174966,-0.007578994128033812,0.0032921554402030873,-0.1345925270596461,-1.3569604921566312,-2.2169417833963387,2.2091147238985
0.007962787522029901,0.0053689648951011195,-0.007540111959872984,0.0033163281053723453,-0.1331219499291217,-1.3812266198671919,-2.1859986629558037,2.2273823454842625
0.007947337223648434,0.005375163509744285,-0.0075280501694846924,0.0033405972719941176,-0.13352000782561593,-1.396806034199065,-2.1770441044411935,2.24500825465044
0.007305876658784085,0.005754654579091925,-0.006992354382785619,0.004437273088521667,-0.09199806984294646,-2.0479309687201557,-1.7263663775487024,3.036018362930834
0.00729259299426421,0.005763147467420714,-0.006978360800547311,0.00445915016775563,-0.08973630346524003,-2.0603321244477946,-1.7132919641790443,3.0510359050813407
0.007279277831739311,0.005771631216964026,-0.006964166448524044,0.004480939256785463,-0.08740564138795104,-2.0726488354179513,-1.6999835505697092,3.065910886488562
0.007265952715405648,0.00578015214631441,-0.006949842714695326,0.004502698447873293,-0.08499190128700944,-2.0848954984545838,-1.6865067825831443,3.080696810767931
0.007397939603560882,0.00567879719372735,-0.0070705607943049005,0.004257319414040447,-0.10649553669825691,-1.9490893658733233,-1.800447949194654,2.905556604953615
0.007384555691339045,0.0056874219241275425,-0.00705764199741091,0.0042799515259416025,-0.10464060766264179,-1.9620755566907064,-1.788723146848371,2.921465218512998
0.007371511763030215,0.005696214973172582,-0.0070452411530108955,0.004302526216874964,-0.10276827771029749,-1.9749037809605887,-1.7773849964420465,2.937386995587809
0.0073583707735602666,0.005704783554737763,-0.007032354746036464,0.004324747868075385,-0.10082105993856351,-1.9875812644987387,-1.7655860055593384,2.9529383306955506
0.007304762009663102,0.0057381197386282634,-0.0069769784182265775,0.004412024128295315,-0.09232966452799284,-2.037369423548197,-1.7146296142748902,3.012866206409383
0.007344883616363481,0.005712938675241224,-0.007018440754546021,0.004346483189684183,-0.0987580242202636,-2.0001007582758366,-1.7528703490084807,2.9679024209636995
0.0073313570797340424,0.005721069834206386,-0.007004304951087843,0.004368113667167223,-0.09664603904055157,-2.012526198278108,-1.7399167378538192,2.9827020943875167
0.007317963393195864,0.005729473411494253,-0.006990462454014854,0.0043899861870582415,-0.09450210923557713,-2.0249612408320012,-1.7271514414580496,2.99770307689224
0.0072378567054504255,0.005780582076624338,-0.006905373957623994,0.00452018775415152,-0.08050622440946138,-2.0979157611883568,-1.6476856676078973,3.0857185830276896
0.0072513156751343524,0.005772110301462748,-0.006920119111737971,0.004498734558715258,-0.08298886345395462,-2.085992745572614,-1.6615384102757311,3.0714639084575013
0.006081560619382334,0.006800740752650533,-0.0051981980628632565,0.006367051363832389,0.2951160387897814,-2.6800193362364593,0.08464773727041368,3.8066581094459093
0.006079256373898356,0.006828173018030083,-0.005188355774304109,0.006413589317398252,0.30488890461515966,-2.6944984199480544,0.11087115232591006,3.837263204488067
0.00607279980320746,0.006812971081280407,-0.005180454744214567,0.006383911644424573,0.29927927432465623,-2.6800229330041927,0.1032624020478697,3.8077504289999538
0.006056255151687946,0.006880778038214048,-0.005135434898553347,0.0064929938820984315,0.3238690032061525,-2.7048956239833797,0.18019243357396653,3.8636653167674724
0.006046457356446752,0.006893155934742025,-0.005115024844718507,0.0065090877879757795,0.32795784350720614,-2.7030761915399455,0.20048993297495032,3.86182222503995
0.006026675270161052,0.006917907270289246,-0.005073565411560226,0.006540744008403941,0.33630684522942017,-2.6986232786670072,0.24121197548957926,3.8569094377134086
0.0060365339974779815,0.006905462355459427,-0.005094311854236511,0.006524848230698709,0.33207063747821625,-2.7008877193481484,0.22082441975324832,3.859375446120542
0.00606923857021397,0.006840173943997946,-0.005168184714018962,0.00642930996982475,0.30894232455416915,-2.6930181628699974,0.13071702934973126,3.8356246772649354
0.00605930332575251,0.006852633155702351,-0.005147942901699267,0.006445735897842601,0.3131557169010726,-2.6916690887158725,0.150896990492289,3.834401684040708
0.006049743298842326,0.006865392677055339,-0.00512816201364318,0.006462747683856682,0.317479945352455,-2.6906057424126923,0.17103802682417799,3.83387840455163
0.006009736792203873,0.0069149576064524544,-0.005045274754914325,0.0065258978069325435,0.33377316402503615,-2.681856488959077,0.2516735791139191,3.824006033916389
0.005992198247985826,0.006911982488040178,-0.0050161843990457885,0.006510711322911311,0.33167423686039793,-2.6645264663646167,0.2626080038924825,3.7904930164539556
0.0059830336188264254,0.006925321693842729,-0.004996434089575555,0.006528102179553048,0.3359759717454854,-2.662954827262683,0.2826817596772191,3.7896450218825897
0.005974681928328177,0.006938658791993395,-0.004977936022426992,0.006545839934005342,0.3402932471394659,-2.661908674924455,0.3021652291373736,3.789898078728737
0.0059652216705743345,0.0069510937489077225,-0.004957736421011372,0.006561261830965393,0.3441635446236158,-2.6592079695513324,0.32161052475764634,3.7869594410592526
0.005927614092400225,0.007001561772582929,-0.0048760613793054,0.0066229893669044635,0.35965528839848376,-2.6469632091799595,0.3996685398579775,3.773588559300403
0.0059360436433640446,0.00698873110598276,-0.004895078999368578,0.0066067900652051195,0.35567822512692887,-2.649324731507747,0.380635571329269,3.775424575482969
0.005945058423139145,0.006975663898038827,-0.004915053929075799,0.006590434136927898,0.35162285128919385,-2.651927919114008,0.36096570766887476,3.777766260726738
0.0059549452016003255,0.006963083240940675,-0.004936215010469091,0.006575299899656511,0.34777753616474655,-2.655352157136761,0.34116003078969165,3.7818514439963242
-0.005380600615198654,0.008086586996046873,0.0031889723512860068,0.007698864010300872,0.5686137644678618,-2.0012137307349263,-1.7844912704866047,3.066782161987392
-0.005386634628544867,0.008072084039835078,0.0032131711951752513,0.007688796020465734,0.5668155815318184,-2.0149475079877885,-1.7704691431145616,3.0830093891829193
-0.005370650905033771,0.00807403030325598,0.0031921992206692226,0.007672899716984964,0.5575732095658666,-2.0043446931192928,-1.7600387815275063,3.0576407967965777
-0.005392714184532192,0.008057600088913427,0.0032373053973029507,0.007678665881294319,0.5667961045007466,-2.0285031496004873,-1.7563765475670807,3.0991590494371954
-0.0053767775505376035,0.008059492098738628,0.0032163237645193373,0.007662820408932471,0.5572684147189748,-2.017823922277152,-1.7461131501952354,3.073624199792965
-0.005398839222606493,0.008043135288126547,0.0032613886142225947,0.007668467934517192,0.5676828954372822,-2.041930038700791,-1.742180046054962,3.1151615770689305
-0.005382934617485138,0.008044981670940124,0.0032403926985501,0.007652657410798277,0.5564728855585507,-2.031217891291266,-1.7320460936229318,3.089471493969365
-0.005405009681636415,0.008028689782366838,0.003285458628315896,0.007658186211902671,0.5671782021872382,-2.0553050885528292,-1.7278231567743092,3.1310115728725343
-0.00538909712389389,0.008030481431337697,0.0032643953134071434,0.007642366338598046,0.5556306693514407,-2.044529962774849,-1.717801297414688,3.1051672398403407
-0.00541122549991139,0.00801426371656846,0.0033095139625300887,0.007647821361577006,0.5655483524468691,-2.068615484324794,-1.7133188339471583,3.146759965922895
-0.0053953003907690695,0.008015995943525861,0.003288362957874402,0.00763199069797887,0.5550938572383188,-2.0577523451891504,-1.7034353739043109,3.1207633963662293
-0.005449469424458649,0.007928123681040953,0.003453087183311393,0.007584078280122658,0.5596094633814839,-2.146712021617393,-1.6237139128654672,3.238965717345696
-0.005433500900102947,0.007929487646139955,0.0034315149969063956,0.00756817922115393,0.55015014738805,-2.135004108628466,-1.6147491865380046,3.2120205853971755
-0.005442982779307931,0.007942430061865232,0.003429238986191596,0.007594891243062771,0.5607495228814613,-2.133939200935088,-1.6389478738408407,3.223835426970847
-0.005417486615139693,0.007999857235701381,0.0033335200058234,0.007637388325216349,0.5649867465068295,-2.0818078084259377,-1.698717896250762,3.162419597464288
-0.005401572035766012,0.008001539465315627,0.0033123126667583733,0.007621574863040284,0.5545102234048659,-2.0708772501426034,-1.6889866117827916,3.1362817394195357
-0.005423792964446572,0.007985470484765413,0.003357474241424382,0.007626888189856114,0.5654815869754073,-2.094903460115275,-1.6840108039937867,3.1779468947502756
-0.005407882432349929,0.007987106173649082,0.0033362201364569286,0.0076110803841341656,0.5535124361562809,-2.083904024970845,-1.6744047881803155,3.1516724543220658
-0.005430144484372425,0.007971103608784268,0.003381410031613501,0.0076163062623450335,0.5649360725553214,-2.1079695560831038,-1.6691422121799553,3.1933291933151104
-0.005414203565667429,0.007972676810007772,0.003360072954379167,0.007600456394292376,0.5524015067798259,-2.096834705292252,-1.6596450935929583,3.1669069590605186
-0.005436541110871044,0.007956756752799632,0.0034053392205874804,0.007605637229423918,0.5628816389489494,-2.121005529578598,-1.6541047016361852,3.20861430994537
-0.0054205622632014635,0.007958249929879972,0.0033839000362466272,0.007589729942160642,0.5515883617338845,-2.1096663148605717,-1.6447482855340498,3.182028241721545
-0.005426995854248014,0.007943846865734613,0.0034077215445905344,0.007578964531400743,0.5509559728164585,-2.1223908112073704,-1.6297794436321738,3.1970728436822244
-0.005456000980507259,0.007913837755386942,0.0034768852348524295,0.007573197729355168,0.5592965367953668,-2.1593302651749724,-1.6083983128451547,3.253954877857988
-0.005440046885417541,0.0079151705548056,0.0034552481205514618,0.007557339938771448,0.5490135138415208,-2.147511005269413,-1.5996155890478,3.2268311543380066
-0.005462577381044802,0.007899572429957714,0.0035006555076767484,0.007562239389443204,0.5584741649813356,-2.171841041823886,-1.5929606130853593,3.2687845155290964
-0.005446615119414193,0.007900874645911875,0.0034789199974326833,0.007546403260450992,0.5477250386090592,-2.1599218002519254,-1.5843353708504175,3.2414909226727295
-0.005469198559067848,0.007885327849796304,0.0035244080776954175,0.007551198637538535,0.5564882875185357,-2.184255753739847,-1.5773850565171859,3.2834845782767474
-0.005453224142178264,0.007886587459717697,0.0035025639461481635,0.007535374404803618,0.5466035187016963,-2.1722443146300385,-1.5689210707075565,3.2560360520240423
-0.005423722959988775,0.007916333703608235,0.003433703096757107,0.00754159655531689,0.5447328127078657,-2.1311511299152386,-1.5952027761556564,3.1962972041108215
-0.004936860463480716,0.010557382692810773,-8.989184756700816E-4,0.008170592009520508,-2.0022080289309473E-4,0.5608963902393221,-2.5343062064719377,0.14930726966877797
-0.004935308057371709,0.010523229916834334,-8.445010160333708E-4,0.008179277945944183,0.010529103279590347,0.5257203657657995,-2.5378936538362584,0.18571689990923537
-0.004935331960987472,0.010540903185492993,-8.724409049302744E-4,0.008173960264123196,0.0049147048164880705,0.5437434418159764,-2.535480076661471,0.16670914671505924
-0.004935070376924508,0.01070118525243288,-0.00112272795548333,0.008117075783667382,-0.04450530479520964,0.7066508317582957,-2.5076056639713875,-0.004973376681936884
-0.0049316799466434715,0.01067486644758568,-0.0010807142336814355,0.008123448516463634,-0.036686778873203256,0.6791014630113464,-2.5101768117019136,0.02247869789406753
-0.004936677441107964,0.010573595559342704,-9.24393567301558E-4,0.008165165990290503,-0.0053121577365595,0.5773744160325274,-2.531721799415766,0.13184823832953552
-0.004933098653260428,0.01059071725668841,-9.500997084931378E-4,0.008155345220856895,-0.010861613710960989,0.5939586671609892,-2.526213929316515,0.11275293367819254
-0.004920821400765122,0.010658505706244041,-0.0010512923475706492,0.008117108579802922,-0.032081294208012,0.6597791626794621,-2.5047030687105076,0.03794603826871401
-0.004923754117072536,0.010610222152075332,-9.774016673676355E-4,0.008137871538062657,-0.017317922860887482,0.6115437636302187,-2.5156346536557685,0.09002241291545832
-0.004925710599255483,0.010635720027643396,-0.0010177709554305455,0.008131117900850268,-0.025032648984772032,0.6379011649413985,-2.512754283609677,0.06314999049031163
-0.0049429104540813,0.010016326324804549,-2.6690982392330347E-5,0.00826581095799868,0.17764025690967852,0.0065696405930370525,-2.5627116074208462,0.7405850905747567
-0.004940617247485621,0.01000052922868842,-8.761670809142163E-7,0.008263184796490524,0.1822044261250059,-0.010169973471504208,-2.5598068944450425,0.7572961972385723
-0.004930394891175729,0.010025417857025364,-4.1372496107011235E-5,0.008251016846584055,0.17198518538430327,0.013833476657259697,-2.553039616627378,0.7266426569617745
-0.004928137776592853,0.01003921913380381,-6.377558044753581E-5,0.00824812433324377,0.1670827630642107,0.02770172711941903,-2.5519875922671447,0.71076107260728
-0.004925943721389447,0.010054978240343442,-8.932221127049423E-5,0.008245140129871953,0.16158074296547223,0.04358673495291626,-2.5510088376634292,0.6927734784002121
-0.004924610374516682,0.010071057171048448,-1.1537762102926918E-4,0.008243011523020018,0.15615615439834693,0.059935584752582365,-2.5506447487189003,0.6747206669583631
-0.004924107348020308,0.010087163803647216,-1.4148765069341173E-4,0.008241707269285902,0.1508834798088985,0.07644748883178308,-2.550852492761465,0.6569038421501051
-0.004924160470385725,0.010103263603704463,-1.6760213987895652E-4,0.008240907187458818,0.1457116732750846,0.09304222634603714,-2.5514071528853894,0.6392723923963546
-0.004924710325826244,0.010119466524492691,-1.9390922147790788E-4,0.008240534126533817,0.14058450578079829,0.10982633348913341,-2.552261581185116,0.6216820484733961
-0.004929637611996968,0.010181432384517172,-2.9478921945863226E-4,0.008241031016433942,0.12128620373290548,0.17451442047616508,-2.5568155992014248,0.5552455645200506
-0.00493266805058531,0.010166331895099839,-2.705918124951885E-4,0.008246066449109375,0.12677821990201854,0.1595517740603209,-2.5592370226814523,0.5726081480993743
-0.004925869735531693,0.010135968812494995,-2.2074796379161456E-4,0.008240701888103552,0.13545538846390862,0.12702690029765237,-2.553505873508023,0.603943732481932
-0.004928273919212206,0.010152648864651967,-2.47991084497684E-4,0.008242156111955381,0.1304458299564197,0.14463925364704636,-2.555638914020145,0.5863644858564329
-0.004927628894490326,0.010197189280925332,-3.200966466112314E-4,0.008236991705029865,0.11580826105454133,0.19032678483929866,-2.5551176274741856,0.5374782719563501
-0.00492712060402316,0.010213873517814305,-3.470311427911902E-4,0.008234455473726391,0.11026467197430327,0.20736863085907845,-2.5545080448312443,0.5191258580398688
-0.004927128948313974,0.01023104925954463,-3.7479740511949634E-4,0.00823230133090075,0.1046510166897582,0.2250052575135548,-2.5541937014466236,0.500392052042217
-0.0049411150580321445,0.010327525978698819,-5.328764927409704E-4,0.008233374177637157,0.07484072036295951,0.32684574098751995,-2.561354199682715,0.3988378432241472
-0.004938209889599047,0.010357800902315242,-5.81112624111845E-4,0.008224081358434719,0.06448974167282469,0.3572663979513821,-2.557094113919032,0.3652258908064749
-0.004939092932719345,0.010341721354916712,-5.553913078255104E-4,0.008228309104831093,0.06988831417142244,0.34097717785896137,-2.5588799897588586,0.3829056268374081
-0.004937347679884944,0.010296523540272579,-4.821323913550836E-4,0.008234459627174012,0.08460596962626733,0.29425683654378076,-2.5600311777137312,0.4316616776926779
-0.0049338477161554066,0.010312854977145187,-5.078855812700505E-4,0.008227540554867414,0.0787403017604189,0.31028764401575687,-2.5564458915248003,0.4130136345206075
-0.004934472850680532,0.010265509483934555,-4.315379562098222E-4,0.008236041769217328,0.09444208636083738,0.261843475471782,-2.5590360038589357,0.46472723411913214
-0.0049313647269461,0.010281581010935185,-4.570202154569512E-4,0.008229912424548133,0.0886909927053874,0.2777041925165535,-2.5559612278191826,0.44642748311004615
-0.004927443908429443,0.010250214420069119,-4.057957878934164E-4,0.008230057241208578,0.09841462495978301,0.24473444283527823,-2.553955423363672,0.4795867039123954
-0.00492737610795395,0.0104432821425823,-7.154559658049787E-4,0.008191996249543337,0.03550519939685814,0.4423480785553388,-2.5411284442160276,0.27017938858372254
-0.004911833686825825,0.010513347315929922,-8.220166782273013E-4,0.008154942710576166,0.0120098656330297,0.510280248983623,-2.5207031034074845,0.19138277350803753
-0.004906435791855751,0.010489358666868485,-7.827910913187561E-4,0.00815550857689107,0.019101427776208862,0.48465032534710506,-2.5194658058313,0.21598196978949027
-0.004913123388151985,0.01047036674219103,-7.546914147895926E-4,0.008168418263117361,0.025627179018262208,0.46681134320845075,-2.5269560974053435,0.23783993412566198
-0.0049080506886878235,0.010452640447737416,-7.253790276402003E-4,0.00816717228110832,0.030774932271059485,0.44764130117407835,-2.5249098811548496,0.2557808935668919
-0.00492157666843053,0.010366740383268768,-5.920313514759913E-4,0.00820283201311083,0.05964705501697859,0.36289063995022436,-2.543323966379442,0.3515879122776428
-0.0049224515235418344,0.010382793581460834,-6.178682879833721E-4,0.008200438977525135,0.05454138881979093,0.37949049976875476,-2.542779553566533,0.3344156571641201
-0.00492852561830771,0.010421864980027467,-6.816179064442035E-4,0.008198594705606908,0.042530563311628446,0.42072689882579795,-2.5441612304384873,0.2935679500281813
-0.00492368113821202,0.010400383366919917,-6.462189121503162E-4,0.008197963796140283,0.048981983717526,0.3977328024627535,-2.5422869015912792,0.3156742194570323
-0.005038852704829745,0.009182355142690385,0.0013492308331647899,0.008187064356871804,0.42804146969076834,-0.8618987670899799,-2.4343387583789724,1.716981230844609
-0.005041414870870385,0.009166913386857668,0.0013746953527103039,0.0081827268400509,0.4317445248570267,-0.8782188550624453,-2.4291871407866563,1.735582232840075
-0.005043906351568724,0.009151457839640494,0.0014001222980858903,0.00817815777783915,0.4353406599440253,-0.8945337714362448,-2.4238174436032556,1.754118651539532
-0.005046420789711219,0.00913594754639531,0.0014256178399589977,0.00817344642081238,0.4388470059072276,-0.9108955431129683,-2.4182942748184177,1.7727012279510992
-0.005023235796041232,0.009187667618686361,0.00133353777251727,0.008171066962273786,0.42000019809133243,-0.8558291350968171,-2.422043489683606,1.7003821948901081
-0.005013219707839265,0.009250123164146596,0.0012309888759408985,0.008187388071150868,0.40497959379279286,-0.790286644199838,-2.441599208010605,1.625877639555288
-0.005020376245683818,0.009203115681149157,0.001308031498809874,0.008174865106319963,0.41620231332044183,-0.8396009077272263,-2.426735872433189,1.6817108377709105
-0.005015482838184599,0.009234457060851574,0.0012566355514707188,0.00818321512480249,0.40871895869111746,-0.806720745012809,-2.4366750758496676,1.644421926581843
-0.005017760246895412,0.009218755913795439,0.0012823171700790817,0.00817889817080038,0.4124174574166508,-0.8231869463824321,-2.4316042093677708,1.6629918807244304
-0.0050106731355654315,0.009265815073627415,0.0012051574482267269,0.008191091973935442,0.4010369505807833,-0.7738199902828765,-2.446120151801681,1.6071033291044314
-0.005004476586523767,0.009313270547330416,0.0011275286394612017,0.008203198099766487,0.3893880705964042,-0.724047586674076,-2.460329278159896,1.5512237087803717
-0.005006290973426712,0.009297550430246446,0.0011531731490393969,0.008199052346046301,0.3931930235200134,-0.7405373983114912,-2.455543029112873,1.569602859291966
-0.005008173614347988,0.00928167988539589,0.0011790544260073725,0.008194779304467282,0.3970129576866248,-0.7571779595376578,-2.450614398065422,1.588164734381124
-0.005002105986971334,0.009328912505832952,0.0011017662832048492,0.008206509682483902,0.38529043034173455,-0.7076446408954924,-2.4644207462923564,1.5325733868709295
-0.004989111331915236,0.009319283351529125,0.0011119588737893175,0.008187393483898122,0.3820469293273611,-0.7175664460604675,-2.4485682674377167,1.5350341027617669
-0.004999597026118252,0.009344623895740195,0.0010758261212010008,0.008209541211401765,0.38104825968047523,-0.6911790410781933,-2.468270959305704,1.5137625241902148
-0.004996068215347537,0.009376100842040113,0.0010243588627526989,0.008216955510234068,0.3730256966242311,-0.658180108192237,-2.4769621262487997,1.4769549456335131
-0.004997681742751645,0.009360426048602452,0.0010499478864137218,0.008213165695561119,0.3769787918056737,-0.6746165044413054,-2.4725696057257314,1.495207098412278
-0.004975205926857158,0.009413118579969453,9.580796167354941E-4,0.008205182142393304,0.3569559557344429,-0.6197785870940112,-2.471251066004507,1.424131933424466
-0.004977978049553902,0.009397441396363405,9.839738975273586E-4,0.008203095969815053,0.36144146440971786,-0.6360921383166033,-2.46820297711164,1.442920466714629
-0.0049807204987161536,0.009382242483192216,0.001009095989471932,0.008201002658334912,0.3657751487167367,-0.6519234972769147,-2.4651722010214976,1.4611802333918493
-0.0049751971068614335,0.00956481718283012,7.14368880795184E-4,0.008249671808309217,0.32045270737204606,-0.4608269070747327,-2.5180414593806777,1.2560821344693076
-0.004977182555895076,0.009549162719260122,7.402146803770873E-4,0.008248042349644194,0.3251848368980075,-0.477120094171487,-2.5155696039933684,1.2745124396844318
-0.00498344038883081,0.009486308806243548,8.43445806121019E-4,0.008238047203011451,0.34305513173152763,-0.542797069996162,-2.5028360089352284,1.3477203042910177
-0.004978867080835038,0.009533650250149529,7.657485265071999E-4,0.008245954082011939,0.329716469268468,-0.49330421798524476,-2.512742326648338,1.2926481650643227
-0.004981498696360968,0.009502137079094287,8.173660959583292E-4,0.00824034688761109,0.33848015535573156,-0.5262701679501393,-2.505903448602052,1.329095129315814
-0.004980076759073478,0.00951799674038524,7.91370754592749E-4,0.008243125556868984,0.33404732088855565,-0.5096835948870365,-2.5093213593841885,1.310704948889466
-0.0049699349763011,0.009477132204847768,8.541680028765079E-4,0.008219360917933185,0.340341694566348,-0.5530671452862849,-2.487797900001467,1.3507430709841015
-0.004972836869000204,0.009429139631205225,9.317691627232597E-4,0.008207714948981855,0.35249817865259886,-0.6031122086489663,-2.4746501581411113,1.4052016966633643
-0.004971219697732692,0.009461589139217203,8.794384329472649E-4,0.0082161431098313,0.34446437523543244,-0.5692747888410307,-2.483985852022481,1.3685928337614695
-0.004971104301329643,0.009445560345084484,9.050158572580727E-4,0.00821097771942623,0.34811918561328486,-0.5860206936127418,-2.4786199600062946,1.3861853536609166
-0.0049734317722159955,0.009580814277182284,6.880199832658714E-4,0.008251503730603014,0.31565869639186034,-0.4441672905938208,-2.520676626418901,1.237387493289389
-0.0049722751726862646,0.00959700003157367,6.614999062737838E-4,0.008253952366409434,0.3109899775634594,-0.42726051002685456,-2.523777721898126,1.2187759911052478
-0.0049698580348938835,0.009644386847142668,5.839632105162101E-4,0.008261397260047416,0.29744492194616523,-0.37769343319429405,-2.5329810455317894,1.1647213475732323
-0.004970720395837523,0.009628862879236068,6.093980860169956E-4,0.00825918486089139,0.30194673033631153,-0.393917607432215,-2.5301516156865387,1.1824633595113978
-0.004971489592969444,0.009613077813768989,6.352201510554264E-4,0.008256664734638505,0.3064531010720633,-0.41043337511333106,-2.527055716586531,1.2004539773614205
-0.004968634822329384,0.009659910885903086,5.584448068383193E-4,0.008263044730719519,0.2927553500481895,-0.3615227766811915,-2.5353709062006256,1.1468255835218886
-0.004966109365277747,0.009707264720880057,4.8077182338348944E-4,0.008268642802084523,0.27860486586628325,-0.3121250882242112,-2.542999723306538,1.0928077966099037
-0.004966608011623103,0.009691516384117069,5.065552022902108E-4,0.008266521165044059,0.2832257078830081,-0.32858761848144175,-2.5402829085053784,1.1106252663787226
-0.0049673325988757585,0.009675667707183262,5.325262357684504E-4,0.008264504738132972,0.2879258451296652,-0.34513273237099734,-2.537623657796819,1.1286487154270883
-0.004947477956688657,0.009745554933519694,4.154808573427064E-4,0.008252675418065738,0.2619810629837472,-0.27426490957331034,-2.534157296715104,1.0424246887001667
-0.004949236469009343,0.009729753170897687,4.414253095045972E-4,0.008252372743696485,0.2670358362782999,-0.2905480216657588,-2.532755506142532,1.060699071581648
-0.004951166109601995,0.009714399678328321,4.6667789815699597E-4,0.008252202796298324,0.2719926886080759,-0.3063616426279761,-2.5314773852364074,1.0785675964616297
-0.004943384050358464,0.00984068637295387,2.6012776198626805E-4,0.00825912864370727,0.2327216815020642,-0.17567362375297282,-2.5457687827529347,0.9352201631549084
-0.004944842064038098,0.009824889430328623,2.8601448224923595E-4,0.008259330476945949,0.23786968075316264,-0.19191580495567204,-2.544778580227886,0.9532937999195275
-0.004946233488370822,0.009809694059401297,3.1092512381561383E-4,0.008259377901634198,0.2428043835008998,-0.2075581075643462,-2.5437148342074103,0.9706956839143867
-0.004946156633937338,0.00976173942889836,3.8898346490608853E-4,0.008253403060522376,0.256917242399125,-0.25754741351832,-2.535887630943033,1.02392021304229
-0.004945927595289926,0.009794525304674619,3.356021826396549E-4,0.008257299638922527,0.24723485786169822,-0.22341111261176905,-2.5411146485364147,0.9874317048410397
-0.004945323506813082,0.009778353593904521,3.618517072740722E-4,0.008254610726126,0.2518210298639547,-0.2403362441972412,-2.5379873330529388,1.005146409381764
-0.004942389140340749,0.009856916317905702,2.3358606218061548E-4,0.008259365671941597,0.22754347588444226,-0.15893356840208003,-2.5470966977898297,0.9168568311154902
-0.0049430631399256676,0.009889645203713415,1.8024823955357973E-4,0.008262539071382165,0.21768651212992254,-0.12481941120802363,-2.5516716560709676,0.8808239478690368
-0.0049419974046412294,0.009873545020077435,2.0644313538023022E-4,0.008260191261343933,0.22235901728230115,-0.14170608344236713,-2.548865377876418,0.898284691403887
-0.004931005847236634,0.009897896747146076,1.6607178513265456E-4,0.008248880120009969,0.2120637938602154,-0.11806521143590736,-2.542560508159185,0.8674731872165589
-0.004928462876264705,0.009911211706768737,1.4429550031994583E-4,0.00824662777028299,0.2073286245094357,-0.10464842241851559,-2.5419237841255007,0.8518934808061838
-0.004923608969294303,0.009975417082045393,3.987755669442967E-5,0.008243047963495833,0.18625796725735563,-0.03897132185443928,-2.543975157889222,0.7795206085003618
-0.004923741496067506,0.009959100152955648,6.636094870607211E-5,0.008242889131346255,0.19137462305917696,-0.055816103392902876,-2.5427072550668974,0.7975221907086162
-0.004924336861777702,0.009942815092374198,9.280645349892636E-5,0.008243122275658842,0.19656776480641458,-0.07256420229479982,-2.541711968997369,0.8156521616126288
-0.00492581131743397,0.009926687556703404,1.190395186634832E-4,0.008244241790463775,0.20190861794061607,-0.08902556717804677,-2.5413481405406304,0.8339197406446407
-0.004923404128990127,0.009992100488100605,1.2798528678470634E-5,0.008242972578027882,0.18098655514547848,-0.021767793547969556,-2.545100484844008,0.7611010836865454
-0.005066852352794014,0.009026888320664872,0.0016055113021943943,0.008139526578100374,0.4622594573442676,-1.0261792276925685,-2.3776478944493245,1.9048428390390446
-0.005075970773602294,0.008980650462666198,0.0016816054713368314,0.00812352815702628,0.4716846974568339,-1.074941291372972,-2.358500854401404,1.9607800830961233
-0.005069908333639209,0.009011539930294583,0.0016308182996770115,0.008134393651283501,0.4655126489924986,-1.0423967420185798,-2.3714727904765174,1.9234807587844187
-0.005072917767819716,0.00899612802260079,0.001656165706257301,0.008129026343069485,0.4686531354121916,-1.0586441055464944,-2.3650642679431844,1.9421008711597787
-0.005047457931107656,0.009046988418388932,0.001563805227872204,0.008127802703498806,0.45070259386315303,-1.0033290093319396,-2.370720151576244,1.868124628415275
-0.0050509165659598345,0.009031691965896368,0.0015891523036600356,0.008123364871609223,0.45408790103180313,-1.0194186726445196,-2.365166355086668,1.8868839421544514
-0.005044044171102371,0.009062577566059797,0.0015380152213700616,0.008132312995433945,0.4472316885193289,-0.9869426352022433,-2.376328621134395,1.8490773879286777
-0.00503800783600368,0.009094394154636283,0.0014858071482107282,0.008142172018579181,0.44036507893415416,-0.9535862403089873,-2.3881801308547694,1.8108708928880384
-0.0050408348556418014,0.009078424149605755,0.001511918552548215,0.008137058383873031,0.44375235748983405,-0.9703115796356246,-2.3821180690968693,1.8299024549229925
-0.00503544577362619,0.00911030173630996,0.0014598966615717416,0.00814741527804675,0.4370520021134574,-0.9369353077963877,-2.3943019820563802,1.7920724124900043
-0.005032921075610844,0.009126074961675648,0.0014341789385525882,0.008152484280325159,0.4336863291206074,-0.9204129278815633,-2.4002294335642245,1.7734095979785423
-0.005062893026694582,0.008970169119277888,0.0016897264506137773,0.00810180039671943,0.46607552367426136,-1.083751482770413,-2.3394215055954533,1.960397841765993
-0.00508564600430146,0.00893422848367609,0.0017580160118252977,0.008106783065621669,0.4804533794193339,-1.1238358122056573,-2.3383245865510838,2.0170219325405454
-0.005088978212606913,0.008918814416185321,0.0017833956182666045,0.008101075440209824,0.48330801943811,-1.1400671846774186,-2.331409323901706,2.0357243186037155
-0.005066078090890435,0.008954575373529975,0.001715221882103825,0.00809614876642902,0.4690170967142659,-1.1000428396695285,-2.332639490047603,1.9790597379805999
-0.005069363903551602,0.008939047432811707,0.001740645826395557,0.008090510621403897,0.47190902535650686,-1.116269592651811,-2.3258303481195526,1.9977037299972
-0.005092330038763504,0.008903398723038957,0.0018087564818888866,0.00809524541924777,0.4861101633239045,-1.1562850762467043,-2.3243469482218937,2.054401876179828
-0.005095707207094066,0.008887938877964066,0.001834164608764094,0.00808927172994482,0.48883593089078753,-1.1725287404205904,-2.3171144337600116,2.0730976896006665
-0.005099159860708714,0.008872420858266722,0.0018596723946771086,0.008083203091082748,0.49148785056054295,-1.1888257816166294,-2.309744753732979,2.0918738588356516
-0.0051027246281530715,0.008856893666197784,0.0018852308853279682,0.008077113481568284,0.4941034915771581,-1.2051397211772192,-2.3023018450087966,2.1107191665016845
-0.0051063610669059446,0.008841411221709585,0.0019107348020296446,0.008070991128741349,0.49669024411454704,-1.2214069988239933,-2.2947832142224462,2.1295411797346726
-0.005110030985341883,0.008825974659770036,0.0019361576365238135,0.008064792463002903,0.4992269219079231,-1.2376129854610107,-2.2871560964273097,2.1482983415473327
-0.0051813790074210645,0.008665499445531182,0.0022241428720871934,0.008030892997323822,0.53870115909891,-1.4141426963701005,-2.2296405477014725,2.375592400094157
-0.005170021774969943,0.00865423397568577,0.002231295557408266,0.008008142958330513,0.5294669316173432,-1.4245812000401568,-2.2071705706697498,2.3759636052997966
-0.0051690141378385145,0.008710978821122078,0.0021483048923138346,0.008051511811645517,0.5348290300096865,-1.365848392808271,-2.2558616683019275,2.3193434518692015
-0.00515357570907667,0.00871503137176804,0.002130617797944689,0.008035883844663803,0.5212307000906397,-1.3606305845716173,-2.2423239203838103,2.301460376244154
-0.005177209793932224,0.008680646132284168,0.0021988740985938184,0.008037848269292743,0.538049763891677,-1.3980387299010244,-2.238510659645679,2.356812428912427
-0.005165792551850141,0.00866942124086542,0.002206116142439121,0.008015150943037229,0.5274105394030477,-1.4086855264881697,-2.2160824464664794,2.3573623172151152
-0.0051730881555466,0.008695805978438996,0.002173586036407272,0.008044723568921877,0.5372003287582774,-1.3819071034817718,-2.2472629526599706,2.3380681685639977
-0.005157590723796103,0.008699833132853295,0.0021557761713280007,0.00802905379204631,0.523029196952406,-1.3766988307849963,-2.2336913593559022,2.3201080429391143
-0.005161649031451384,0.008684627338983876,0.0021809354404360988,0.008022125655263635,0.5251009091980005,-1.3927242516726857,-2.2249235048039613,2.338736890445272
-0.005113751132729978,0.008810560471683384,0.001961545446847263,0.008058521669827267,0.5016962642129087,-1.2537822731444186,-2.2794207765983288,2.1670274859956966
-0.005117563842403669,0.008795166181085426,0.0019869312837110975,0.008052227262751508,0.5040920662529863,-1.2699289011559072,-2.2716148141102015,2.185774018131575
-0.005121518650535729,0.008779827961522957,0.002012298443345119,0.008045993814105397,0.5064285570135922,-1.2860361873792978,-2.2638103787524284,2.2045593510122328
-0.005125626208994257,0.008764585574891464,0.0020376002151413527,0.008039863836555172,0.5087668990045476,-1.3020751846273058,-2.256046812665597,2.2233648541146747
-0.005129785818645032,0.008749406043218472,0.002062816188339382,0.008033696774438754,0.5111462065693037,-1.318046120482158,-2.248207314281503,2.2421172667094678
-0.005133866387383182,0.00873422245265395,0.0020879480882167434,0.008027290193228733,0.513504190479546,-1.3339605486181663,-2.2401230552829774,2.2607290122110992
-0.0051378639349052135,0.008719036969744088,0.002112985496999289,0.008020640469356799,0.5157730747593927,-1.3498049266629366,-2.2317948269895336,2.279181671491532
-0.005158387695622903,0.00864287660486768,0.0022383037391916394,0.00798566936674311,0.525629007858008,-1.428799734803887,-2.187895885524501,2.3711169179743266
-0.005158844237344094,0.008585273168836902,0.0023197776095794475,0.007939198447221574,0.5240044818502989,-1.4818782040700755,-2.1382577869879977,2.421210092267945
-0.0051464558229923525,0.008631508612544312,0.002244834214189618,0.00796257807137865,0.5192636697235514,-1.4350585390579942,-2.1673102034604734,2.3673098812068116
-0.005150330374539922,0.008616211102373122,0.0022694987765988824,0.007954729701154505,0.520784757982761,-1.4505183397887784,-2.1576691531583863,2.384975602492778
-0.005154328677103571,0.00860071706233779,0.0022944857484650636,0.007946716593092333,0.5223034847591409,-1.4661430911376492,-2.147799674352596,2.4028511626605966
-0.005329405021413339,0.008176180496065435,0.0030230026703999147,0.00774156825437915,0.5593849319292189,-1.9077027677049403,-1.8543274712088742,2.9435680673382483
-0.005339642682041291,0.008188627683509354,0.003018915851727128,0.007767122977563987,0.5695857991692616,-1.9033280653643347,-1.8787566550720889,2.950793352641511
-0.0053339751212172605,0.00820327747535116,0.002994470087209322,0.007776580414087756,0.5710015851526435,-1.8888348872530678,-1.891804612014855,2.9338133022936703
-0.005323666472710765,0.008190906593508957,0.002998609201945318,0.007751102616871189,0.5589738594200612,-1.8935803377025306,-1.8673062472227586,2.926850654646661
-0.005356921179222511,0.008144785978910383,0.003091999208859038,0.0077383201207942625,0.5689361363238904,-1.9458248336333683,-1.839080599228751,3.001331733499343
-0.005341068987157583,0.00814690875305763,0.0030716024309917754,0.007722452151710818,0.5594382654848168,-1.9356585623831262,-1.8281826952416906,2.9767033570053267
-0.005362772427933636,0.0081302084488191,0.0031162575481318753,0.007728583113816638,0.5705699807384609,-1.959669823397147,-1.825691754104244,3.017872128091538
-0.005346926292197892,0.008132346452591172,0.00309576101250704,0.007712780308365456,0.5588574065714659,-1.9495239374849482,-1.8148992570006877,2.9930707303849506
-0.005368669455772494,0.008115649345237109,0.0031404977968494487,0.007718764778763053,0.5713836734586663,-1.9735001406678483,-1.8121427963713757,3.034249774911897
-0.0053527803386117685,0.00811778517302907,0.0031198586302136383,0.0077029620603024885,0.5581622878721312,-1.9633383752357239,-1.8014010097422755,3.009314906639826
-0.005374612204472542,0.008101108812757923,0.0031647378636086563,0.007708857720468905,0.5706279969180914,-1.9873633737627403,-1.798402396735652,3.0505322009507316
-0.00536460689703416,0.008088606855375253,0.003168062643277195,0.007682962681957092,0.5575661298889277,-1.9907688447565202,-1.773902217719179,3.041580992920711
-0.005358659551233071,0.008103202081714262,0.0031439480988205318,0.00769300429642951,0.5576954924733285,-1.9770946568187295,-1.7877113057914908,3.0254751467327483
-0.005318859322576684,0.008163475866960328,0.003027068812794934,0.007716071030067474,0.5540682382424301,-1.9069309989634073,-1.834006919327569,2.9317296401005106
-0.00532484427994914,0.008148866587817938,0.0030513463497811315,0.00770670201170161,0.5540182135503003,-1.9209024537277124,-1.821122652633769,2.9483520202754927
-0.005322778240520136,0.008232630029493522,0.00294554734284761,0.007795242698325363,0.5710316650718075,-1.8597581789975077,-1.9174262345467106,2.8997351542428778
-0.00532835362240823,0.008217944972024238,0.002970012646502021,0.007785954111670736,0.5715815903202963,-1.8742972296629665,-1.9047002974293905,2.9168056337457458
-0.005312430513138289,0.008220416099192402,0.0029498271996134533,0.0077700570140784376,0.5585081811424816,-1.8650730795639732,-1.893038512591265,2.8932441065349455
-0.005318014009478904,0.008205661083327116,0.002974212370473832,0.007760614426027812,0.5586284744953036,-1.879365047387693,-1.8802265604340926,2.910074791849229
-0.00530093896106902,0.008291542990765968,0.002847359735363659,0.007831640791356176,0.5701362946255961,-1.801049869993111,-1.9669950678536459,2.830614831919273
-0.005285128642571769,0.008294274453210203,0.002827593610016677,0.007815851583605987,0.5571140853168134,-1.7925970652163123,-1.9549127392812806,2.8078597121027085
-0.005306329337192306,0.008276789128081429,0.002871958050059995,0.007822653717089442,0.5699394129270485,-1.8158347343269077,-1.9547887015032945,2.847984895857367
-0.005290476683925773,0.008279476279345232,0.0028520699078843632,0.007806832552325026,0.5575384942426918,-1.8072369768484504,-1.9427736333670758,2.8250710431602695
-0.005311766044378193,0.008262052251258777,0.0028965293907469345,0.007813588977918146,0.5696973851705514,-1.8305603259075578,-1.942451145196259,2.865309249329256
-0.005295890288057652,0.008264687033189206,0.002876544811079604,0.007797750236926194,0.5580469482605165,-1.821804752578511,-1.9305281010001154,2.8422325561379904
-0.005317249029907897,0.008247332503838377,0.002921058643145635,0.007804452159229183,0.5701082916713622,-1.8451954530398618,-1.9300002451696132,2.882568944278449
-0.00530688553188288,0.008235164124871228,0.0029254329233305647,0.007779389785521978,0.5585165842401097,-1.8507163422904014,-1.9056919016293767,2.8763345608521225
-0.005301367157255872,0.008249916755846104,0.002901005448504267,0.0077886111572489,0.5584053302923252,-1.836295947455121,-1.918178344574562,2.8593282912148372
-0.005146312917282468,0.008573042774278403,0.002326268498647452,0.007914423274925919,0.5178069826831243,-1.4872638712623354,-2.1167027804769436,2.4160779182110486
-0.005151664684205313,0.00855799113922741,0.002351495588757579,0.007907955466747411,0.5197467717743227,-1.5027683710947735,-2.107980083399328,2.4347550945452348
-0.005156823934930861,0.00854354820202849,0.002375695858306937,0.00790164140950782,0.5215570902302581,-1.517628382831288,-2.099462005655021,2.4526509280629027
-0.005160352851681717,0.008528788999505073,0.002398892444965883,0.007893037447138056,0.522532508667199,-1.531978437636332,-2.0891166808613097,2.4687094456051555
-0.005163804250719185,0.008513027627050127,0.0024233193282255073,0.007883331789978949,0.5233226915566426,-1.5470450063604588,-2.077654829630849,2.4853065435167383
-0.005263723827093149,0.008311792973693026,0.002783450117821313,0.0078093342367652205,0.551904218174848,-1.7640280615941857,-1.9587122577292586,2.763818814914291
-0.005269019450960571,0.00829700186574159,0.0028077892353722115,0.007800464951852252,0.5524860948485512,-1.7785451929610827,-1.946918886370564,2.780887082104037
-0.005247245873465738,0.008314403466872096,0.002763594956797068,0.007793158213528392,0.544178243493027,-1.7523328281901345,-1.9487662679510602,2.7382574181316373
-0.005168738596955926,0.00849719593791687,0.0024490697115435926,0.007875119146846257,0.5247324640003573,-1.562802998322738,-2.067185030639496,2.5037061510681293
-0.005241647679818953,0.00832927926412014,0.0027389284010239223,0.007801564405294539,0.5434045861751878,-1.7376396298923382,-1.9600727145887848,2.7207561685072132
-0.005231526283122803,0.008359354422629596,0.002690079142452799,0.00781948138522684,0.5421932523570964,-1.7084136343755996,-1.9833201722839562,2.6867270840376816
-0.005236453147052987,0.008344368146479986,0.0027143349315971194,0.007810494321530244,0.5427670162843444,-1.7229493889865857,-1.9717324316975569,2.7035821656647343
-0.0051741019518394705,0.008481847884181007,0.0024745013463853874,0.00786767272056422,0.5262593514709507,-1.578305333003402,-2.0573287615364113,2.522184487102314
-0.0052016699821283265,0.00844973045278938,0.002542528344202357,0.007870419643043887,0.5367643557002107,-1.6190731842231003,-2.0494105402898284,2.582295613948204
-0.005206218208567199,0.008434923481216832,0.0025665133134742716,0.007862040948150698,0.5376730891945515,-1.6337034952364753,-2.0387320785079415,2.5992262385343046
-0.005179837845605375,0.00846699261412045,0.0024995699418770413,0.007860947802879622,0.5279118334937712,-1.5935364750259875,-2.048055283183565,2.5406919167948323
-0.005185565093518696,0.008452819234237182,0.0025236931143936543,0.007854690907493649,0.5295440121832397,-1.6081668350337548,-2.0392435790937715,2.5586229590911382
-0.005226221298193047,0.008374194531089584,0.002665595560817372,0.007827746668947012,0.5413128108047999,-1.693696077865992,-1.9942895906591345,2.6693052185630433
-0.005210695522141773,0.008419859182108134,0.002590718753382453,0.007853198573347904,0.5384683561793348,-1.6484348258725678,-2.027576603127709,2.6161255106761874
-0.005215410273530799,0.008404542368708022,0.002615421076870897,0.007844245236520027,0.5392564899902191,-1.6634204677938136,-2.0161945532027867,2.6334012842106147
-0.005220620967927927,0.008389224238487902,0.0026405358446874995,0.007835709682759479,0.5402229787304607,-1.6785982317889239,-2.005034530500399,2.6512351520591366
0.00531261024280016,0.008049883341865264,-0.003153365713674241,0.007581960459720011,0.529767487645902,-1.9721806846785872,1.699537868665029,2.969817378615939
0.005330582792249223,0.008020069830053288,-0.0032076332547405313,0.007566858507283547,0.5310039597171803,-2.002426756200617,1.674724827204038,3.0092312317468775
0.005318769969939427,0.008031779910589985,-0.0031808391900393254,0.007567775781395377,0.528619641994308,-1.9869062113621554,1.6820441738218883,2.986094094777745
0.00533355795602344,0.008003821312594613,-0.003229188413392839,0.007551076372670657,0.5287726033910295,-2.0134102536739964,1.657312605771473,3.0192937391933232
0.005306746076476097,0.008065897952698376,-0.0031284884797581135,0.007593886442877348,0.5304795983502233,-1.9586872135541078,1.714610680360108,2.954529351121175
0.005295140071220385,0.008109925454694212,-0.0030646504518689337,0.0076307344680975175,0.5338814895374859,-1.9241798973303805,1.7578680471291286,2.9185576069219037
0.005297913654865596,0.008096721525647067,-0.0030830973730126966,0.007619038309617556,0.5326293710222422,-1.9341385706620031,1.7445833189498428,2.9284107541903985
0.0053015841663636674,0.008081470773593604,-0.0031048194327286845,0.007605909397116199,0.5313169234173993,-1.9458373236256528,1.7294159469112331,2.9403280143091792
0.005283626839975277,0.00812089533008989,-0.0030390970369095567,0.007630326675238914,0.531041690829086,-1.9091526468677158,1.7632688078436483,2.8958306308508903
0.005269819487993184,0.008211575232132397,-0.002915633058972344,0.0077129574650047035,0.5400087062227983,-1.8408351367419995,1.8546915646535649,2.8310733488442366
0.005263470925632321,0.008225449768674549,-0.0028919228159851903,0.007720457424056151,0.5392683934360293,-1.8270766398286,1.865463440933454,2.8141150863235196
0.005277099339803994,0.008137672875545423,-0.0030122437181126487,0.0076416112371391,0.5311969838609573,-1.8941377125565892,1.777970248156879,2.8783136366609097
0.005271456220837397,0.008153374724561676,-0.002987546449578571,0.00765251415352492,0.5314379989864736,-1.8802898289719148,1.791836953773023,2.8624493360200103
0.005266447863352464,0.008169265077378014,-0.0029632281311503055,0.007664158163672175,0.5319044752751411,-1.8666451641510664,1.806143887782696,2.847288171212348
0.005263178587870872,0.008185480030857232,-0.002940280738349128,0.007677906795768268,0.533089280765943,-1.8538474593918435,1.8217695730894696,2.83440464858429
0.005261178425926024,0.008198992325614583,-0.0029218286513603853,0.007690047703995952,0.5343259693024559,-1.8435412786492733,1.8351758778914242,2.824581641467053
0.005248468435569336,0.008227328336616374,-0.002873948905518538,0.007705702159818721,0.5330640097519244,-1.815888044298474,1.857237731628048,2.790718417468821
0.0052369151975626485,0.008239622102895973,-0.002846900768325362,0.007705616993900578,0.5297551768555665,-1.7999135459807447,1.8624537201398204,2.767049446852011
0.005160630723658334,0.008469558129455473,-0.0024788951227762003,0.007841266810232577,0.519257030467111,-1.5818997348124855,2.034820094933472,2.5142479832022686
0.005165319206184757,0.008451226800264174,-0.0025074257306269073,0.007830103280171264,0.5201398410308062,-1.5991978642830984,2.0213984890216707,2.533600722101641
0.00516321605923016,0.00841298010613801,-0.0025556249260311535,0.007792721058138123,0.516326480182623,-1.6285467580015778,1.9834517578127968,2.5577863280235005
0.005161809159983343,0.008431039037330314,-0.0025307864793647442,0.007807744212698244,0.5171285765036626,-1.6135703803979797,1.999557596475033,2.5434366154846537
0.005140418473839139,0.008529743401954342,-0.002380428549626307,0.007870928898401576,0.513323942391544,-1.5220692450844633,2.0732595101756677,2.443513581035335
0.00514564897441596,0.008511999109349704,-0.0024088923004307737,0.007861589793926453,0.5148744439938585,-1.5394533765148002,2.061608166562135,2.463607683024826
0.005142362997676076,0.00847458448298325,-0.0024559443430255206,0.007824983042383908,0.5113462526049722,-1.56874448603088,2.0248291202729547,2.487481403209967
0.005141209678275144,0.008491997876848383,-0.002431801146312853,0.007839052903193732,0.5118664500226462,-1.553950828167034,2.039839955026533,2.4732092202197493
0.005101630889436604,0.008594114271300963,-0.0022604226539763056,0.007880448181405748,0.4979186953552503,-1.4501011363917728,2.0969157595228904,2.3466175733624652
0.005106730772958092,0.008578642678235417,-0.0022857078145425494,0.007873576014314652,0.49984810977040167,-1.4655326328767202,2.088033694994456,2.3649074377078456
0.005111968207332924,0.008563502198025307,-0.002310623352493858,0.007866987931807005,0.5017800021353577,-1.4806990414617494,2.0793804482002645,2.383025082109367
0.0051170906855368065,0.008548399051273211,-0.0023353612182516084,0.007860156593646762,0.503551648634601,-1.4957438912476355,2.0704946912580535,2.400908175966609
0.005122030339382972,0.0085335556371063,-0.0023595578992892346,0.007853196873574447,0.5052129296540087,-1.5104479712788246,2.0615207625749856,2.418300254377833
0.0050724311288755704,0.008704228446398411,-0.00208488764303133,0.007933226469692882,0.4851691703191094,-1.3416631475434715,2.161333484947487,2.2220424403998007
0.005071200655714062,0.008685511928734324,-0.002110173798797839,0.007917669956045406,0.4847500096421699,-1.358095342262066,2.1456058291246225,2.2369181515761802
0.005069924640763431,0.008666458563038482,-0.002135697476762122,0.007901619915031662,0.484296844340905,-1.3745878480051046,2.1294259465297807,2.2517538801800754
0.005081032998649798,0.008596679386150163,-0.0022401871495233553,0.007859105349297435,0.48868086774951164,-1.4395233608499096,2.0818555129800926,2.321263892005392
0.005070495224408116,0.008648220914379548,-0.0021613373302009366,0.007888124274214392,0.4845410814295628,-1.3908478546379441,2.115302141469782,2.267633790211153
0.005072632216655924,0.008630530766434627,-0.0021873132733699614,0.007876659730654755,0.4854022317577022,-1.4070729866056102,2.102769013908009,2.284556213110433
0.005076257012134462,0.00861330392741031,-0.002213733512803365,0.00786707461110475,0.48682789488250017,-1.4233654939887332,2.091677239082705,2.30257287302692
0.0050372541720802,0.008787659200916452,-0.00194132697850408,0.00795325038782063,0.46709265149364304,-1.2541582277031242,2.193125379669098,2.112290347776859
0.005042256873531468,0.008770771421176573,-0.001968858221522663,0.00794710557150887,0.47003469039910845,-1.2711888351589216,2.1852347167981967,2.132376095061188
0.005055824135964368,0.008712418957145442,-0.0020609910436956225,0.007920286289035213,0.47759636926469157,-1.3286342042202488,2.1532540647844196,2.197587311160371
0.005049269193485533,0.0087278792695228,-0.002034474383808923,0.007924198768304186,0.47431862163421457,-1.3125283652043376,2.159376520964832,2.1774072548351406
0.00503897974469134,0.00875095591521193,-0.001994544126475925,0.0079291906850968,0.4691212491603584,-1.2883086009876583,2.1677705176415114,2.1467511284087326
0.005014202794247129,0.008818063834682035,-0.0018821269797120574,0.007947764069663682,0.4555823062234183,-1.2195254983007862,2.1945037379261723,2.062644363655446
0.00501593378694123,0.008795287869018745,-0.0019156629651719988,0.007934132621259861,0.4574237573792712,-1.240931982711423,2.1799744052215897,2.0848095714862414
0.005189227624486039,0.008377538717461105,-0.0026258874970167133,0.0077888482140213615,0.524825403058986,-1.6702556477834598,1.9690104525454188,2.6162460829818706
0.005166498806221437,0.008396309512471159,-0.0025802578146786035,0.0077809244712861185,0.5164307294524386,-1.6432684335186096,1.969969313276181,2.5734029375895617
0.005170428339575999,0.008380656118990493,-0.0026040904624197877,0.007770648567801062,0.5167827150348837,-1.6574393281855129,1.9578001132148615,2.589019513807091
0.0051952079951355515,0.00836025477115582,-0.002653844115867864,0.0077790935285891325,0.5258247857271866,-1.6868762009107383,1.956438135477747,2.6357300919518516
0.005192595991673579,0.008339091824019491,-0.0026783366738408003,0.007755744106676646,0.5225290131324957,-1.7013181376720805,1.9333949530192414,2.6457249917852397
0.005195746837178228,0.008320004789441424,-0.0027055369225262773,0.007740658800932662,0.5218276623422868,-1.7172653552513124,1.916522759266505,2.6619104816332797
0.005213363066285175,0.008260856621496112,-0.0027967238663610876,0.007701258560635824,0.5224683018690915,-1.770196577440099,1.8685358394966325,2.721307818013676
0.00520437089653336,0.008299418187571175,-0.0027398739871717782,0.007729965077314055,0.52333529963663,-1.7373565146429715,1.9018654769914354,2.6863072894322007
0.0052088271035052765,0.008277151585427097,-0.0027720327208794093,0.007712681976045413,0.522565071477064,-1.7559452726004567,1.882211744161862,2.705597966988694
0.005216781890315371,0.008244720960974986,-0.002819986873751064,0.007688607806178818,0.5218550132193228,-1.7835219507676057,1.8540912380935153,2.73516592537714
0.004885910356012645,0.009530013348451966,-7.466413537236728E-4,0.00813616246734405,0.29874355494057364,-0.5019140145976997,2.4297712069413024,1.2503034956199632
0.004883101575697235,0.009555275625306338,-7.063946902785387E-4,0.00813949077630527,0.2918925585869636,-0.4762769818084695,2.4346363848149157,1.2218976992058552
0.0049169730915720735,0.00946959325557955,-8.501472506193679E-4,0.008154997039189892,0.3231572073646773,-0.562755844553053,2.4382430681119476,1.331057699207857
0.004906737363976334,0.009486681599889442,-8.202965427822095E-4,0.008148178233890278,0.31564915387210024,-0.5454959618743971,2.4347328533376844,1.3073327963284331
0.004888363807328536,0.009500747793090616,-7.930010639487834E-4,0.008130924472192512,0.3063365666349553,-0.5316122890013039,2.423062605272975,1.2827726643577282
0.004848522638101544,0.009668778216131078,-5.212806690784357E-4,0.008124616577518751,0.2535839883881424,-0.36254470575304326,2.434049377048225,1.0844349538780713
0.004846392560408492,0.009642675814998315,-5.615624326321825E-4,0.00811706092206499,0.2594588476564901,-0.3891453886486416,2.4261082323824255,1.1113163724273278
0.004845572854977506,0.009614726488426649,-6.048494130675986E-4,0.00811022776440143,0.26605399921986567,-0.41747801507892296,2.418470818433128,1.1406515938797865
0.004862409465178777,0.00957091301141478,-6.76843244681406E-4,0.008119476302428166,0.2816969831868541,-0.4611588347960602,2.421191621925887,1.195156463075091
0.004845242284773387,0.009589202744443609,-6.443571819720933E-4,0.008104083992864377,0.27201729386561346,-0.4432741364035014,2.4115060355748104,1.1675406365964875
0.005002457684927106,0.008920799572213959,-0.0017262542304591012,0.008001027946638518,0.44373567970716954,-1.120031434501991,2.2528122794681296,1.9562189704599364
0.00500011353223554,0.00889642096694202,-0.0017602520108005915,0.007983034276506361,0.4446159544990347,-1.1426589109395062,2.2350191930935437,1.9772781991167607
0.005002055997934698,0.008877456530294566,-0.0017889178225015151,0.007973142993603506,0.4467955529139941,-1.1610118020300204,2.2242773658606527,1.9968049520755506
0.004990265372764729,0.008831264745085563,-0.0018472389495605439,0.007929355048468435,0.4446615265988018,-1.2008505494098716,2.18285637524103,2.028431528205218
0.004991771352451523,0.008858611905160015,-0.0018093058854099149,0.007949138674461785,0.44363658387425625,-1.1760685955745653,2.202654569260013,2.004946102502931
0.004958663606227804,0.009122604120748154,-0.0014020053526274884,0.008063705637851427,0.4028823542387592,-0.9158664143584957,2.3300812576790295,1.721875262990568
0.004959415101783609,0.009101813740265847,-0.0014336464527947778,0.008053998162987323,0.40603035360541934,-0.9364888830542138,2.319875954637221,1.7434188258000316
0.004952891089150036,0.009057618031357843,-0.0014961307292625816,0.008023190291975848,0.408914493669924,-0.9788816550376455,2.2900947184150025,1.7825838733070858
0.004949406726055396,0.009081271432036393,-0.0014591434951476737,0.008031762209894074,0.40456752410705027,-0.9553459344900335,2.299932851862365,1.7565281929791892
0.004977056148590583,0.008951526017696405,-0.0016659087645684728,0.007990545677500807,0.43018377013889914,-1.0853365078142654,2.249495337703032,1.905108524442815
0.00497622666223289,0.008930946065028438,-0.0016953285315763754,0.007977121594645168,0.43160989575334346,-1.1046838305669793,2.2359745762637435,1.923954022374372
0.004933476244313265,0.009041611090690588,-0.001509202813170645,0.007992251096318946,0.4029339648717269,-0.9911643215962599,2.2641146683148032,1.7832954420209524
0.004943818984527462,0.009020937444777976,-0.001545205859173073,0.007992665031764512,0.4094938454464156,-1.0127273961597523,2.26144834536195,1.8113365106096817
0.004957014246895559,0.009005153680524692,-0.0015757724835595316,0.007998885818860388,0.4165822494794575,-1.0302091196339676,2.26396164573524,1.8371063266551213
0.004962009615813855,0.008965762460580576,-0.001636211621678728,0.0079817761555039,0.4226168535471329,-1.06870155120681,2.244933215082957,1.878937981705216
0.004954014308255435,0.008985534317357406,-0.001602746033247252,0.007984193493583093,0.4172649629847706,-1.0483638523230068,2.24978950379245,1.8535510400059703
0.004916861767621975,0.009351150176014037,-0.0010346396224617542,0.008114983551923985,0.3480584299663563,-0.6835451479543161,2.3959645736011996,1.4572840177917177
0.004935870291679471,0.00923244885986965,-0.0012246636199047501,0.008088996502255813,0.37686665554880255,-0.8041371227590403,2.36298044922922,1.5933540506022472
0.004934312649387438,0.009254331682491358,-0.0011905398272616925,0.008096658749074942,0.37255031831386637,-0.7820696986639453,2.3713745422076964,1.5696184772608754
0.004937797749229263,0.009274613691916693,-0.0011608763559413078,0.00810923902573382,0.37032350959056687,-0.7618055630210536,2.383323757395813,1.5506519955273677
0.0049147684565581905,0.009329235614584735,-0.001067645283249234,0.00810430256121429,0.3515040935396733,-0.7056314887354097,2.385476455530068,1.4790817888043393
0.004924789126203067,0.00928869356389641,-0.0011338993653342503,0.008099919237407717,0.3628125060668719,-0.7469359123067182,2.377697755696197,1.5276879404067019
0.0049171336301418464,0.009307611636403874,-0.0011017989225764735,0.008098629100462893,0.3564445764388248,-0.727512016295517,2.3787914295311317,1.5031539304504198
0.004918964546262744,0.009210673833745336,-0.0012502097057543414,0.008059782508581482,0.3739479950182059,-0.8244901515965256,2.337927436071372,1.6044840604862682
0.004908422898388493,0.009451218531935065,-8.762862371067647E-4,0.008139389063549156,0.3241762742985248,-0.5817143342377239,2.424666335135182,1.3462133328613843
0.004904479432475808,0.009430377911444682,-9.075051626786437E-4,0.008128161810966714,0.3273277160639458,-0.6029754518665817,2.414104966044203,1.3662919201346753
0.004902006864406599,0.009410376394701818,-9.377379440467507E-4,0.00811868569787047,0.33069078102354377,-0.6233000356425252,2.404902446941825,1.3861621377736435
0.004904190553348163,0.009388705419011413,-9.720334699131643E-4,0.00811379799840279,0.3359418357700256,-0.6452790510948035,2.3989765048186666,1.410306731525994
0.004896369745743864,0.009364028307756171,-0.0010072917506119027,0.008095988594836125,0.33808921789375196,-0.6700012949619545,2.3828649718695947,1.4317300648151952
0.004940721506275781,0.009163680379718344,-0.0013312612869943972,0.008063085301643172,0.3897408598309103,-0.8731618894381946,2.334755890478758,1.6672873301363376
0.004936558332855195,0.009135143809779095,-0.0013721474844514546,0.008044410210696703,0.39219647206281577,-0.9008420911607192,2.3167592112810387,1.693185325829359
0.004914919761211198,0.009178619562357205,-0.0012965889135598695,0.008040422863529809,0.37737788593910265,-0.8556991211248749,2.319170634218883,1.6342335571080027
0.004855198551762815,0.009694976412964882,-4.8149693467710973E-4,0.008137048509873034,0.24881262341728333,-0.3354954109763667,2.4455153964629166,1.0593323430044934
0.004853889926015431,0.009721802104961947,-4.3919172134702233E-4,0.008139990482284074,0.24146146438588842,-0.3082862385887765,2.450021488455754,1.0300069861683996
0.004856140717164978,0.00974620358459001,-4.0118105872145047E-4,0.008146285215674483,0.23562623411866693,-0.2832358067740077,2.4567301690859407,1.0047266914338213
0.00487710785917491,0.009878882342739004,-1.932244176955581E-4,0.008184767687695728,0.20418627247706447,-0.14517990653168564,2.4954432389504677,0.8692272914361986
0.0048729861003114355,0.009858616565153773,-2.2518766711354288E-4,0.008178459093597214,0.20899913434232506,-0.16647961127716973,2.4893122660553217,0.8897402833125857
0.004872753980714607,0.009838312779131868,-2.5745403650943524E-4,0.00817642741662792,0.21472410882217954,-0.18733010919394752,2.4862182573119473,0.9116933304015299
0.004861456467836995,0.009769597968674664,-3.650433039346104E-4,0.0081556555450583,0.23080227742920287,-0.25887591237961377,2.4655406846134755,0.9816843384150812
0.004874603509526259,0.0098160223529061,-2.930660090433559E-4,0.008176369730666216,0.22150809809145394,-0.2099798075766008,2.484381668559941,0.9365879404106039
0.004867112421842278,0.00979275515172996,-3.2913951606404024E-4,0.008165090449577044,0.22600200488806807,-0.23462824673488572,2.474318276329331,0.9589041516320668
0.004857633180780917,0.009899849758027759,-1.5866697079487612E-4,0.008163548279661988,0.1934805755140943,-0.12617039090995064,2.481930735597317,0.8395338259667158
0.004832117280571829,0.009915555986220856,-1.32540322656866E-4,0.008134975166762827,0.18310482845470946,-0.11328376750254289,2.4627656491700205,0.8135945338455209
0.004818213481126746,0.009932903899675173,-1.0476121670168682E-4,0.008119779135344972,0.17510750551872178,-0.09730909418849613,2.453326546394354,0.7901330524979355
0.004826211774279565,0.009956328749365431,-6.835940931904058E-5,0.00812971184096265,0.17022753365054458,-0.07257267809121833,2.4623341296116554,0.7678107107725108
0.004829389380464934,0.009987830101659932,-1.899780107374246E-5,0.008133894113259293,0.16186038615778428,-0.040166268129420875,2.4678336578415414,0.7351000475108392
0.004848988746562335,0.010166080692815192,2.623686834862183E-4,0.008148890545262777,0.11265508664062633,0.14417091030796025,2.492088873238625,0.5494960824334242
0.004854691590809892,0.010226609878327,3.5837255669096327E-4,0.008148809231588165,0.09505822957063931,0.20676586827549573,2.496468167198776,0.48596089593933905
0.00485142517166368,0.010203902458929404,3.2221233410119636E-4,0.008147783384370711,0.10151693418329,0.18308582491867656,2.494089639776839,0.5094856097009195
0.004836418692447235,0.010186299660970703,2.9291632775467854E-4,0.008132450190890395,0.10449637888191932,0.1625336281504404,2.482115594586659,0.5242970731177485
0.0048387952320399445,0.010143335071550463,2.2569136258956675E-4,0.00813912618662751,0.1178215879915354,0.1193125870325893,2.4835722112195238,0.5710502197966645
0.004829191139694701,0.010118393252067094,1.85849490961588E-4,0.00812990924380328,0.1236134050428659,0.0924186593823585,2.475224473542393,0.5950188487001155
0.00482034616012871,0.01009199149185016,1.4400513982922784E-4,0.008121301089180216,0.12976859382513792,0.06425687912140016,2.467131557632143,0.6206623862988782
0.0048228954825404995,0.01006613903809531,1.0367799601805523E-4,0.008125340415733496,0.13787301921680434,0.03843926844413877,2.467955285291151,0.6490890800120074
0.0048107546214310555,0.01004189131895763,6.544445183657478E-5,0.008112151364500888,0.14252730657335402,0.012048542843253759,2.456721080808897,0.6712813871419615
0.00480378483059607,0.010009890553661737,1.552147665256876E-5,0.008104612628821213,0.15030783566895142,-0.021284583928713185,2.4488017645204105,0.7031923621753594
0.004831205504103259,0.010245254834464371,3.8450881490317016E-4,0.008119373657982884,0.08599527953349202,0.2213813773405097,2.477364336847583,0.45980775260115264
0.00591330408169563,0.006999282936683603,-0.004853024748950124,0.006610080131565413,0.3575368404866429,-2.6325788960632286,0.4067008377946997,3.746072729970863
0.005899104967333823,0.007006949276133894,-0.004826445057354239,0.006613775663260326,0.35896381021983137,-2.6224561921439595,0.423781531877415,3.728690998517564
0.005888425364136158,0.00702330712939277,-0.004802210912107912,0.006633959996704825,0.36384975590319296,-2.618954597758044,0.4475149579250077,3.7256522275279225
0.005879994772856476,0.007038479972649743,-0.004782011016480728,0.006653479922492925,0.36839211927935317,-2.6168366817737723,0.46863249989267247,3.7250703828086755
0.005874603031212876,0.007052851747201755,-0.004766990863264667,0.006673577743074119,0.3731351130616345,-2.617060814369375,0.4871723507500434,3.7288104198743226
0.0058632736854118,0.007063538098674126,-0.00474369952413034,0.006683519197326124,0.37559210086417427,-2.6101045246094983,0.5051979924094089,3.7183502414395417
0.005852610637328324,0.0070752955178965335,-0.004720979892061297,0.006695532240049275,0.37872849207921083,-2.6039989454981414,0.523841080470964,3.70979717484081
0.005747845717260239,0.007263571488571083,-0.004452973015769479,0.006920183577781457,0.4309319916535417,-2.5490881320836354,0.7856679859986498,3.662602040343817
0.005738544052113327,0.00727636834011097,-0.00443053711752599,0.006932830100172181,0.4337337032201875,-2.5417976993741345,0.8039605342480457,3.6533730957075927
0.0057418390144856465,0.007249276556987692,-0.004452131453707717,0.0068929751554791235,0.42469752835402297,-2.5405865089691564,0.7705432297920372,3.6418595966577145
0.005747027754939562,0.007235959196699506,-0.004468144926701139,0.006876115822563768,0.4208465528737318,-2.543320075372233,0.753104172262042,3.6425788867060818
0.005753844892251377,0.007220425776153608,-0.004487867071522094,0.00685693037908647,0.41652315199672035,-2.5470500336412187,0.7325344420654138,3.644541715492194
0.005842723713611342,0.007088257529748366,-0.004698911833738274,0.006709890202960208,0.3821697962776041,-2.598850002005792,0.5433001865526036,3.703418667583971
0.005781981058472197,0.007181963667506802,-0.0045539000556178355,0.006817263506281051,0.40735624869318326,-2.5663719627752193,0.6771282054000753,3.668693494711491
0.005776498019105731,0.0071949742664168675,-0.004538054042348456,0.006833868818548805,0.41118841764986136,-2.5640228765269146,0.6943533084244398,3.668245389248
0.005762916709983359,0.007203727929531754,-0.004511643478834814,0.00683748246189323,0.4120823456829607,-2.5525225217504706,0.7097920023435982,3.6495035151428996
0.005812057042256879,0.007142297083369635,-0.004622942776477906,0.006775783422038216,0.397621960026005,-2.5855955616846393,0.6186901107057328,3.6930604657930415
0.005817742478671844,0.007129729189448583,-0.004638445307512589,0.00675959308845579,0.3938613790262104,-2.5875414583213936,0.6018565579510035,3.6932199575315896
0.005824828652598775,0.007115492514960925,-0.0046569144288491834,0.006741611076507501,0.38968068996776756,-2.5901854007916096,0.5825118277199833,3.6943170943079724
0.005833366030137126,0.00710158243750952,-0.004677442106301202,0.006725058940181424,0.385786598404867,-2.594131281048567,0.562811839772674,3.698024264753984
0.00578919057609538,0.007166832253603251,-0.0045735045284332415,0.00679846092237259,0.4030794235908423,-2.569714731953629,0.6567872187438031,3.670459672646
0.0057982005721307975,0.00715066994132595,-0.004596373418872631,0.0067791869346428965,0.3986000845118092,-2.5743166613412334,0.6345003808900831,3.674387510872389
0.005646210519687584,0.0074252858250459285,-0.004188370581516201,0.007083307045407122,0.4661033371980036,-2.4604571437530285,1.0064656691298621,3.558186085462433
0.005625182620006247,0.0074390166584066,-0.004146935575074382,0.007085270089969549,0.46562799219419626,-2.4393204135361173,1.0256440092763375,3.52418411277304
0.005629503755032543,0.007425597903594525,-0.004163240442251255,0.00706915634915417,0.4621439123595596,-2.4437105878917387,1.008635656500619,3.5267758849008715
0.005612627915876373,0.007448507054475169,-0.004121326289437468,0.007088227405560031,0.46562489203919194,-2.4266534714115875,1.0384027541781615,3.504386038786126
0.005654012129194835,0.007410912973619364,-0.004210532626181849,0.007068575079813876,0.4630083315039868,-2.468144611538643,0.9875940418224062,3.5666325438832724
0.005663894547645485,0.007398537604388379,-0.004234303317379407,0.007058511067918387,0.4611141459760349,-2.477785213162018,0.970830429641226,3.57967288412889
0.0057021607959406,0.00730174978861398,-0.004358076418140354,0.006942892660969628,0.4356940990593858,-2.508777732748682,0.8446969995375772,3.6006194781655716
0.005657508129223937,0.00738379073737163,-0.004235096113313881,0.0070307745765096534,0.45455222844165155,-2.470843009105044,0.9535213000441922,3.5606449463810277
0.005662947187560351,0.0073703078405290045,-0.004252689909882664,0.0070150462628140115,0.4511498165115955,-2.4756320573712816,0.9361195382339019,3.5642988209323705
0.005670363315355935,0.00735626419581826,-0.004273545032608318,0.007000022823292496,0.4478822778296383,-2.4821777985759526,0.9176611735688712,3.571119796761721
0.0056815152273857195,0.007344953143330654,-0.0042981502216424975,0.006992148896582331,0.4464985381877148,-2.492500640270969,0.9016739546291296,3.5861105501206767
0.0056935339452400535,0.007316160593241497,-0.004335543144818602,0.006958026451006819,0.4389730737286448,-2.5018187034701214,0.8641350937159468,3.5928198877849264
0.0056857601411059635,0.007330328338437915,-0.004314368547135006,0.00697333738658287,0.4422053999042072,-2.4954798665359665,0.8830127403801021,3.5861834808783506
0.005711998245420969,0.007288453536483417,-0.004381677162410786,0.006930300369102873,0.432886172993536,-2.5168770388684023,0.8261904964712713,3.6110364253086487
0.0057229996545745225,0.007276229494859146,-0.004406349494782258,0.006920156685641143,0.4308367063005135,-2.526114528505307,0.8084799877314648,3.6240123751600875
0.005555586494795928,0.007549086782338582,-0.003959814206232512,0.007182224673300544,0.4831586933750813,-2.3631491740418338,1.1640738714732353,3.430039362286361
0.005465652182644154,0.007716982455279977,-0.0036883946711033177,0.007327509009726029,0.5059550530696809,-2.2436827755749973,1.3602812290264887,3.288889728624142
0.005473744117136581,0.007702926158530704,-0.0037122765587533388,0.007316685871709459,0.5046119008852217,-2.255029961796614,1.3447105205852952,3.302921997824687
0.005516842075223554,0.007634028537709123,-0.0038331797976365956,0.007264763863462928,0.4980263121698771,-2.3119200183062403,1.2665996007791203,3.3750474547945126
0.005521294149079672,0.007620420502770542,-0.003851272165655773,0.007250192051872654,0.4952409968326656,-2.318861435649538,1.2501595538057568,3.3812176320532132
0.005550142606231605,0.007563746668234843,-0.003939975697103652,0.0071979677714759166,0.4861780774034385,-2.3559627804701155,1.182068966240651,3.423482498077169
0.005545553846143333,0.007578749190009488,-0.003920922325658419,0.007214870979853322,0.48969802666207407,-2.349350079807015,1.2005063513551795,3.418301272820755
0.005527495566398811,0.007605367607124222,-0.003872933434914416,0.007235161230095491,0.4925680370667819,-2.327577417573931,1.2320782211886065,3.3901360244718597
0.005535576308161744,0.007591088866406342,-0.0038964501058527177,0.007222834391940156,0.4904447695439193,-2.3377698313770003,1.2150865101826047,3.4023823539436653
0.0055038730558953156,0.007644666625084133,-0.003805928308570023,0.007266956605240073,0.4971655236333302,-2.2973420023551507,1.2779456840344035,3.3526366826630847
0.0055005887900543135,0.007662327161178544,-0.003785647475870091,0.007287946973791119,0.5014856798062955,-2.290278216747252,1.2994751259341344,3.348594254547284
0.005490846979531972,0.007675610021990508,-0.0037603837561589787,0.007296561369742427,0.5021793317376656,-2.2779675227435767,1.314275280821491,3.332097475093812
0.005482234634375355,0.007689188319149571,-0.0037363435312667494,0.007306531822093432,0.5034607427888184,-2.2665313046730904,1.329462381050863,3.317495252207894
0.005378138168407648,0.007947507160830935,-0.0033440079599267314,0.007531379916954495,0.5339616782623683,-2.0779099897393305,1.6123813165673273,3.109639772162804
0.005370165280983076,0.007961243976760032,-0.0033194468992023816,0.007539502275910187,0.5339481627753581,-2.0645987118704467,1.6251300397590225,3.092596254793614
0.005370254402659901,0.007934219435876879,-0.003348752342071646,0.0075069302791688245,0.5278247351652184,-2.077768942204416,1.5927534651716013,3.099464489996437
0.005373636807196134,0.007920709438966729,-0.0033672726572465755,0.0074940375006167246,0.5259782106689506,-2.0868600997687246,1.5780797278496468,3.108228527173814
0.005378338228666402,0.007905395929518977,-0.0033892111035250592,0.007480201378691288,0.5241544093659579,-2.0977280704891927,1.5617382938221223,3.1194135553649933
0.005446147623242033,0.007716194898006116,-0.003663264836175607,0.007307355334896549,0.49933493043246263,-2.2260972425667127,1.3546041269774334,3.254191138570707
0.005438008036290285,0.007730636282695557,-0.003639067490508655,0.007318414494421493,0.5006156819683186,-2.214589564747312,1.370187368170874,3.24004634302281
0.005442922934815449,0.007760612306988328,-0.003617023897414764,0.007362537815450536,0.5104226964019686,-2.2098033894152445,1.408258296080434,3.2483663231925344
0.0054301435558761465,0.00774552791433016,-0.003614740538957523,0.007330178855324222,0.5020436353165953,-2.2030564161649804,1.3862312309096645,3.2261797241853176
0.005384818881592154,0.007890117017072207,-0.0034131986816951705,0.007468111146768256,0.5229508089430636,-2.1099163056825336,1.5460677809248409,3.1333953277089246
0.005392865984466243,0.00787625002654793,-0.003437590272619076,0.007459240201286824,0.5224970198809288,-2.1226952793690828,1.5325770493474506,3.1496205480009167
0.005402606548135205,0.00786347376333659,-0.003462943462309566,0.007453344891776089,0.5230373154122191,-2.1364046246203277,1.5208724157955662,3.1684862252146604
0.005405585472854215,0.00784823167614383,-0.0034822923930558605,0.0074372460300703705,0.5201940840711597,-2.145178838663037,1.5034326241760836,3.1758283467410977
0.005436747033471109,0.007775956875724428,-0.003594131669812649,0.007376355361256468,0.512463545850958,-2.1992155486486378,1.4253521513832992,3.2368850726783553
0.005432403918090563,0.0077912773915601065,-0.0035735254304096937,0.007391838707942931,0.5149825030846208,-2.1900950276029043,1.442878177557539,3.228388730078468
0.0054301478266083015,0.007806534782792559,-0.0035555300195259376,0.007409228709099413,0.5183690907663688,-2.18264947341978,1.4609480304252453,3.223306868119299
0.0054199972514451696,0.007818463392418434,-0.0035306251183248147,0.007414193885981179,0.5177413065707884,-2.1692695489486966,1.4722147694544507,3.204396626567467
0.00541179608942649,0.007833328453100542,-0.0035052497159839863,0.0074247591708941916,0.5187709811484829,-2.1564394681779775,1.4875186540931773,3.188490143378079
0.005593185562730226,0.007454937463870542,-0.004088022864050495,0.007080544646986279,0.4629376395149782,-2.4073601333428947,1.0475225344138277,3.470847540238202
0.00557733787307866,0.007482448424665149,-0.004044061472406026,0.007106459431527373,0.46783789227106304,-2.3905188388780148,1.0818655094193863,3.451115108594912
0.0055768247944807435,0.007462298143122563,-0.004058710853830547,0.0070768775529396815,0.4611574527622167,-2.391128820371272,1.057231687506084,3.443486450215383
0.0055598321883454345,0.007505297414634449,-0.00400108689277641,0.007123657035316378,0.47052417503062177,-2.3718691044330775,1.1099973666630707,3.426140856494959
0.005564071869818593,0.007490751988280112,-0.0040185358825683614,0.007106606141214096,0.4668641184385625,-2.3771205038609327,1.0921950364973412,3.4295489785279782
0.005552779364643209,0.007520296256563095,-0.003979130210097336,0.007138705563626933,0.47330107812493605,-2.363644864025341,1.1283053825368041,3.4174414577605376
0.005543791931815455,0.007533893559258236,-0.003955454429212375,0.007149861863693099,0.47510360661093204,-2.353536273389475,1.1447165529949404,3.4046078379018216
0.0053302667477208455,0.00798345541652119,-0.00324772102897833,0.0075236831420742644,0.5232900294072685,-2.0213185566503182,1.6319452392226588,3.0200508890826687
0.0053516701099267225,0.007962521507516427,-0.0032958763474173727,0.007521435097724753,0.5270330160259674,-2.0489023692605586,1.6177734022308885,3.0611670422301462
0.005333218800885518,0.007965285552362507,-0.0032709307762162254,0.007505323431400574,0.5205320940945918,-2.0326967443467523,1.6122361105440388,3.029927694126115
0.013284393970118356,0.014226524392511018,0.0060324317826115454,-0.0046864556208866225,0.18944061033092516,-2.2587767665423324,-1.1798078368054299,3.2190152831558945
0.013323585037186572,0.014223578265550086,0.005972091458619252,-0.0046981380972167175,0.1871159052764162,-2.2595542286176578,-1.1331199320675551,3.204519215155073
0.013383699521099099,0.014186673868832949,0.00589783590781576,-0.004765366650500452,0.18806230870315496,-2.282995221129567,-1.0577541294779256,3.222649119784655
0.013361195003825913,0.014215016185820318,0.005917673405829829,-0.004717518965845176,0.18561577733605747,-2.2637299800909285,-1.0882005911314565,3.1974259388790998
0.013241911400307014,0.014243749173205218,0.00608921293732808,-0.004650441092018013,0.18996868179379203,-2.2461079400757047,-1.23255872676732,3.2148048905218247
0.013214249469466572,0.014262303782914874,0.006121110352315567,-0.0046146792079305365,0.18922368805874812,-2.231580022470165,-1.2670797140464904,3.2013522698403842
0.013182563515852837,0.014279335262907119,0.006159897558303613,-0.004579830037748892,0.18950654989769278,-2.2174627463777288,-1.3061917030635268,3.1907182884986955
0.013114681917298684,0.014311678636049008,0.0062443938827398465,-0.00450955550453709,0.1895373312721226,-2.187783488728471,-1.3895407133389275,3.1704155111589363
0.013163483182301448,0.01431219175815896,0.006167357084841876,-0.004522997867978677,0.18586031866821948,-2.191257943886153,-1.3300652605778556,3.1530670980725426
0.013278569929788143,0.014262739913842698,0.006019378813759218,-0.004628127488841676,0.18525336259696118,-2.2315649826954487,-1.1903114144311826,3.1736387266712276
0.01302357542832612,0.014392094017559191,0.006325609793654318,-0.0043531301119604975,0.18428925805565546,-2.1141685250710895,-1.4972685053811192,3.0854442484914966
0.013086369941223756,0.014349722333122978,0.006260781257392955,-0.0044409224430014445,0.18588069334396679,-2.1555357134729607,-1.4231368621846079,3.126942805838218
0.013070970802737917,0.014394092849940516,0.00625114580026749,-0.0043671082645397015,0.18088146911163638,-2.1199036715822177,-1.439739140476472,3.0711855423666807
0.012816765887763678,0.014493809797245091,0.006553479250844488,-0.004106320213469245,0.1835318720666157,-1.987757508870814,-1.7351815798896275,2.9770836665277187
0.012802812773060774,0.014527285404383179,0.00654318798651305,-0.0040491721681464475,0.17979776536728018,-1.9585968929740292,-1.7439500699741632,2.931924374675624
0.012856095551442213,0.014491823486268386,0.006496268608337355,-0.00412898508587163,0.18131472266003743,-2.001104298481891,-1.6871614649810625,2.97654642505885
0.012979425710971979,0.014432319234890212,0.00636091907745813,-0.004274188499763778,0.18148999777082822,-2.075785361477418,-1.5468354379945592,3.040213600001039
0.012901874727493889,0.014475877582300836,0.0064415918448516634,-0.004174620355352814,0.1806100489558344,-2.0253800196484253,-1.6344993605425469,2.993202111421056
0.012955642122101527,0.014474233147689667,0.00636214170639749,-0.004200874699753168,0.17736950401934556,-2.03940332558544,-1.5698241314687655,2.9877576816381453
0.012740776942891302,0.014549913617069017,0.00661316638567979,-0.003982052532388977,0.1805152459084921,-1.920562960347396,-1.813272447595445,2.9025903851134873
0.012783313947712214,0.0145604585328944,0.006540695486614721,-0.003990017597294889,0.1765627566243947,-1.9280105041405056,-1.7587778074101212,2.8877646656613467
0.012710752804904642,0.014579339621592415,0.006628140758381788,-0.003921839558244679,0.17835328257570285,-1.8880220608837053,-1.8405578741245503,2.862198631890688
0.012519671328986223,0.014705708653864913,0.00676555434700119,-0.003620651016675943,0.1731385241705529,-1.714457740031861,-2.017619172184236,2.6737059180906937
0.012674507238383563,0.014609584383154312,0.006650145802113817,-0.003856634564865831,0.17637745435539323,-1.8519925659560166,-1.8739845188887483,2.819816318183479
0.012639906441749331,0.014641289877739008,0.006666977481524297,-0.0037901511123818823,0.1741931946007885,-1.8151538511339387,-1.903651695970682,2.7749339431125075
0.012605249735071725,0.014670394018423433,0.006685306412597125,-0.003727169535502266,0.17244437290738576,-1.779704683230454,-1.933211189461679,2.7329072547705127
0.012563790899281339,0.01469811515634685,0.006713251296805527,-0.003661352183295275,0.1711383504874857,-1.7415676568151868,-1.969978207846102,2.691085722540048
0.0124083443169635,0.014699688044074814,0.006924559924117263,-0.0035470632522330643,0.1803037959805206,-1.6563881349243965,-2.149984632015799,2.656319752289938
0.012446570015462947,0.014714721370984701,0.006855131167819386,-0.00355556151156981,0.17605386895526084,-1.6691269780510074,-2.0977550401105627,2.6464651255489637
0.012492723918881513,0.014730796214788261,0.006774425185040479,-0.003567457677012827,0.17095379878548497,-1.683974126094647,-2.0371005181638693,2.6359383574539392
0.012372935239913617,0.014719061141906048,0.006949691769924082,-0.0034931420985992727,0.1798035831643114,-1.6226301017760751,-2.180661543898264,2.6210684142756655
0.012341335443573236,0.014742159016067359,0.006964298265582274,-0.00343695421087488,0.17845322281802045,-1.5885153416389548,-2.2039673737286916,2.5815585964026173
0.012125102013963116,0.014806949379055084,0.007161661336075137,-0.0031649034522283595,0.1827500873066583,-1.3984731583624581,-2.404114076051606,2.413588016211192
0.012159326848485174,0.01479180912835571,0.007138456005793935,-0.0032156004410875687,0.18283755010201228,-1.4328811540770878,-2.3771762666911935,2.4483647477271346
0.012241883212045005,0.014744846453120894,0.007092378460329983,-0.0033499453891254927,0.1843399014565328,-1.5199721423818355,-2.3158230923577925,2.5429152253735876
0.012202613185880416,0.014769080228764121,0.007112550498440429,-0.003283779270744567,0.18330359246014696,-1.4777755853996375,-2.3444496431991095,2.4959733025986974
0.012088596579620872,0.014853699593618286,0.007144526643298157,-0.0030729416433988685,0.1784015595848977,-1.3455220528663807,-2.4100141370567525,2.33857047851987
0.012120503892977271,0.014845931529586048,0.007115836754944587,-0.0031122848886780915,0.1774308856637303,-1.374241736987045,-2.3818141783238036,2.363499268216231
0.012324403779195534,0.014777502023680347,0.006943869936115273,-0.0033766904482336753,0.17486319262412656,-1.5562675938352488,-2.202905222562243,2.530789769308175
0.012281582299459195,0.014763396948563053,0.007017111959163685,-0.0033596485636435236,0.17911056260362354,-1.5365076604838013,-2.2593558551925965,2.5339234478390726
0.01199111801966425,0.014856990901753929,0.007257373659764276,-0.002974056374401245,0.18395858478318797,-1.2643171319494504,-2.5092311971807075,2.2827569543118464
0.011963403192543414,0.014870360714190331,0.007271468911477868,-0.0029302686857107067,0.18363222333036264,-1.2343369407872318,-2.527196068504178,2.2509275346130804
0.011929345917186538,0.01487024721633902,0.007311481214349915,-0.002895455768887691,0.18600212951089298,-1.2046725533646347,-2.561862795363677,2.230753829320037
0.012061530541155637,0.014860439350007516,0.0071682644996324376,-0.0030390042674875955,0.17899345649309503,-1.3206982461799892,-2.433501433803151,2.3168042399344055
0.012036716629498494,0.01486304348520584,0.007194565340891237,-0.0030118924019521256,0.18037858099565876,-1.2993739377158386,-2.4573535908145576,2.300667079205413
0.01201817886456067,0.014878489593955602,0.007195559591238329,-0.0029753601542971586,0.17905439015989658,-1.2767045444486038,-2.464881783008412,2.2723503252615633
0.011906881591430865,0.014894491156076665,0.007302887377397407,-0.002844072023193726,0.18362691093496497,-1.174027501456376,-2.56452507720217,2.1886515695795077
0.01187607197167127,0.014904890888557138,0.007322996112568483,-0.0027999043692748886,0.18428333949150144,-1.1420132644036378,-2.5862001059840374,2.157388734902507
0.011820794884963008,0.014913631341657588,0.007372124706290883,-0.0027308603502234356,0.18633019961078248,-1.087509735839685,-2.632415223416174,2.1110649174487794
0.011856547537848152,0.014929032200777162,0.007310010397075051,-0.0027521800035171583,0.18192526757257813,-1.1144003108701919,-2.5848917453954026,2.1175261452269303
0.011790192959724116,0.014934645940779067,0.007374695988689238,-0.002674375752786767,0.18508671351125108,-1.0506830092348631,-2.6430472840654353,2.066765962300327
0.011723172731133427,0.01496998300674457,0.007393372746621221,-0.0025623318656140905,0.18395412579163883,-0.9738668883144882,-2.6729908938080835,1.9809116793295873
0.011756087370540522,0.014952790485610013,0.007384414545035241,-0.002617201305376123,0.18457265927417557,-1.0115967122454073,-2.658594122173712,2.023058211382575
0.011694404524082542,0.014989810332919724,0.007393222884231485,-0.00250942430445045,0.18290388933772858,-0.9393303700592862,-2.6804255183632466,1.938897449551123
0.011666262946608304,0.015008377152008796,0.007393618557487263,-0.0024586506615778356,0.18167050235393722,-0.905945718339468,-2.687798862477889,1.8987703397340396
0.011237246933830115,0.015033587223238559,0.0077420962134706695,-0.0019026195874736974,0.20478217811676958,-0.4330141683322295,-2.9892978602093336,1.4984159355974807
0.011213503740609533,0.015045346409404317,0.007740814643015732,-0.0018614266875016004,0.20414975326230625,-0.40425251234207454,-2.9914686466356373,1.4648867051338177
0.011168358004611485,0.015049456407463874,0.007768585353882771,-0.0017971793367492549,0.20638551053758272,-0.3501245633366072,-3.015007249684747,1.4159349275715363
0.011193085271950814,0.015055247973075513,0.007739704710914112,-0.0018262493834893686,0.20366439969578626,-0.3796145608866992,-2.993210949198993,1.436257718765739
0.011154669097333368,0.015072729125743157,0.007738706319264019,-0.0017611054407653981,0.20315530355225347,-0.33357840889902785,-2.996853787822283,1.3834417799802015
0.011130166469212673,0.015081312457203714,0.007741908260369817,-0.0017215331924842158,0.20302064948619222,-0.3042820972103661,-3.001491832316002,1.35172827257586
0.011629724206795167,0.015021949771913883,0.007409208705932395,-0.0024032939549166383,0.18216181461442152,-0.865732278602809,-2.706157107563748,1.8571506995967955
0.011593705546329077,0.015042779051831446,0.007412179801632211,-0.0023413154360001453,0.1809565951545771,-0.8239349514666096,-2.716310009023616,1.808516168553654
0.011316807853833797,0.015063634205665335,0.007626655481086134,-0.0019826891074963735,0.19468853730955485,-0.5229766934331712,-2.9031160119188493,1.5496113834327827
0.011463795415657852,0.015018311538985607,0.007572604309322771,-0.0022081615909653692,0.1927059002327705,-0.6931914260165774,-2.8434909172925265,1.7239523394644853
0.011407562084342236,0.01504250784448207,0.007583879388076425,-0.002116242636752571,0.19246227989719306,-0.6272279194870097,-2.8609972283125313,1.651647523702269
0.011436156490415544,0.015048828541853902,0.007548326313206704,-0.002146333572283115,0.1896579303021004,-0.6575352201397696,-2.833295319675027,1.671329832017557
0.011378317483036535,0.015054102533943469,0.00759040532312858,-0.0020692872282627294,0.19232463654121604,-0.593132970722246,-2.8701586797813374,1.6147730352276852
0.011351106756293458,0.015076129637307681,0.007577457428236429,-0.002016109299477799,0.19037927153422743,-0.5599636504427038,-2.866329439290936,1.5705481167900857
0.01149611079196308,0.015042191637953718,0.007504731333515177,-0.0022258816119247343,0.18704458133968552,-0.723113504122611,-2.7944451554422414,1.7292185268743854
0.011554939016386883,0.015053543619412864,0.0074322613161479445,-0.002285692032283727,0.1817413526428563,-0.781896874059734,-2.7371467899399353,1.7671834962542372
0.011523933274069571,0.015058752128665611,0.007452974334841084,-0.002244092920690248,0.1828483432964015,-0.7487151226960772,-2.756454081969627,1.736844824787997
0.011261749955426137,0.01505320637190541,0.007689086212698115,-0.0019194328435217266,0.19991680599745398,-0.460674721434806,-2.9513924511739726,1.5058853343879086
0.011286583882767102,0.015068766169231279,0.0076428846329934155,-0.001939364294284315,0.19572221646095186,-0.4880838015587769,-2.9179820953297364,1.5166685617908358
0.01087351246459181,0.015091406128184985,0.007891833985304035,-0.0013538189091525411,0.21673620668960217,0.012520414958452242,-3.1182979719128627,1.0683052278711134
0.010900322190987155,0.015082639815321035,0.00789194419226705,-0.0013977964178604285,0.2168420912335073,-0.020009671651915802,-3.117377135325643,1.104064711671291
0.01092576921806803,0.015072136619397651,0.0078954986179591,-0.0014409322447330403,0.21735944419840944,-0.05060852753886564,-3.11865451051391,1.139431177520654
0.01101552545658793,0.015048123918690195,0.007880697181433867,-0.0015851747050864473,0.2163642167313314,-0.16128585554686178,-3.103481927319667,1.2553701178365009
0.010946472865370132,0.015074412057075078,0.007878530929934393,-0.0014693143704153924,0.21560642969527954,-0.07727654622348287,-3.10622974412193,1.160962782961501
0.010966801381988942,0.015062237314539376,0.007887517704101683,-0.0015062077206502438,0.21671711619131043,-0.10130794012163291,-3.1111708736258197,1.1917945845094031
0.010992687749477576,0.015057469775566152,0.007879217870955073,-0.0015463628792340537,0.2159905389157438,-0.13346272023189307,-3.1040253381013976,1.223644602316183
0.011034373060210531,0.015065163473085586,0.007837578310333557,-0.0016003070686847409,0.21204783024763527,-0.18657471633860567,-3.073244683065754,1.2634246516046
0.011057133834015484,0.01507783163633089,0.0077996456253288365,-0.0016234856837144696,0.2082076833247198,-0.21561316071493536,-3.046280873469419,1.2784517465699545
0.011101178527135479,0.015093429863949598,0.00774171327793178,-0.0016733242689383903,0.2026470809014558,-0.26979869111429483,-3.004122935964165,1.3127531180419902
0.011071155788841262,0.015099971628800843,0.007751276917201624,-0.0016276402180975759,0.20337740095033566,-0.2339730265659201,-3.013059395193682,1.2768784079175985
0.010066560757977627,0.015129602363971498,0.008074787514744086,-1.0495482634403923E-4,0.2434001365555564,1.0484019198224441,-3.184391684839666,0.07460059847020771
0.010092319969061002,0.015133159571369311,0.008066563043772415,-1.4524708757691676E-4,0.24195348720583382,1.0126219434510073,-3.183420632987977,0.10629561888139524
0.010118679755214736,0.015135914573054549,0.008059412231294779,-1.8640263029715522E-4,0.24059930975000024,0.9768210792551796,-3.183073825683922,0.13864545697839267
0.01014123463694065,0.01515775645515798,0.008015467603897873,-2.1970932527090744E-4,0.23508156736653502,0.9320779617592364,-3.1578713132871066,0.16342609633851493
0.01035891472920894,0.01513851534632576,0.008015980002030054,-5.599978267864359E-4,0.23255456484813017,0.6636114047019327,-3.185180772014501,0.43543188892226453
0.01033556488397577,0.015143147009945972,0.008012585516044888,-5.228939856731539E-4,0.23234546989836513,0.6913344393861705,-3.18060746082941,0.405489520740449
0.01031012770072038,0.01514520924781977,0.008014145902165403,-4.831798974646297E-4,0.23284604470200382,0.7231508852085523,-3.17897757799254,0.37371102488575086
0.010264642465590302,0.015145467843199707,0.008022386674361344,-4.1275066214130736E-4,0.23431075611389304,0.7819156966365793,-3.1792244820003503,0.3176954725488313
0.010237584983263761,0.015158550437798636,0.008001913794359728,-3.687185766791933E-4,0.2321469395147999,0.8084250995966344,-3.162380307300001,0.2815834895173021
0.010285190700100172,0.015160266420065375,0.007990417815532669,-4.417645433899446E-4,0.23034164012872696,0.7463057986104696,-3.160522858394708,0.33940348223450734
0.01017536616227868,0.01516440048635503,0.007999217596273048,-2.7184789627401326E-4,0.2325934630814326,0.8840022238044967,-3.152253589110362,0.20426390356506438
0.01022077658606396,0.015178280968496776,0.007966929165157875,-3.398974268986483E-4,0.22850389675145205,0.8172253216720368,-3.1373442709753347,0.2571405808929873
0.010199855949577494,0.015185579026456536,0.007955963741097152,-3.0688847121024694E-4,0.22726955485718633,0.8389051079835149,-3.1274349009425433,0.23041232543273357
0.010042423729747955,0.015141983421426468,0.008051660384092116,-6.664844450118434E-5,0.24085140205643343,1.0694359762963808,-3.165085751096121,0.04337695485666366
0.009997526998487105,0.015154365725290038,0.008028258326043041,3.575305937702047E-6,0.238648353448164,1.116001115857558,-3.141708761562153,-0.0128452277010407
0.010021911303752615,0.015163996668573893,0.008009683878981369,-3.427858267140342E-5,0.23603826370013195,1.0778494587643304,-3.134317563067072,0.016433489255104905
0.009976315797583499,0.015171091929998335,0.007995899616000392,3.6269991949758154E-5,0.2350874875999072,1.128589488955747,-3.116919201558103,-0.03946278671194604
0.010844872066356696,0.015100677134332328,0.007891296450257127,-0.001306966495337893,0.21653077870408957,0.047133470934974546,-3.1187889509239617,1.030208746058231
0.01061240567077168,0.015129760047746311,0.007950170172275799,-9.490953932483078E-4,0.22323813484235674,0.33772871351330996,-3.1575785288882954,0.7450327451057851
0.01063663972511218,0.015115666785890838,0.007966331558440815,-9.913744328781842E-4,0.22489847706887775,0.3114678809885974,-3.169141086084217,0.7803381660147907
0.01065876877178777,0.015110126519182034,0.00796705515803191,-0.0010270324488285542,0.22502553657720306,0.2846083581031438,-3.170131995647739,0.8092640416827516
0.010680077881107409,0.015113397129140817,0.00795143150646528,-0.0010574716440310478,0.2230574989169378,0.25575113458440374,-3.1600361279341356,0.8328360382301728
0.010727605578506232,0.015100254928930397,0.00795341645222804,-0.001134574360030847,0.2232338973411851,0.19817100833417017,-3.1618280771629936,0.8954476817829684
0.010703851899150796,0.015110555441516538,0.007945718735496285,-0.0010942584956384405,0.22249832137315742,0.22583074481602264,-3.1565085655645664,0.8622094483728481
0.010588030092791138,0.015144408469229851,0.007932622421957762,-9.067324889552617E-4,0.22147421372479062,0.36362837117918495,-3.1449867626375867,0.709598245974627
0.010768571804761583,0.015107699166190524,0.007919255792601228,-0.001191541405549046,0.21955128300632995,0.14309141021395624,-3.1388002068481122,0.9389857813353667
0.010818171610684886,0.015110927117468536,0.00788732314274359,-0.0012624824204596197,0.21605457746388892,0.07886677461546078,-3.1167351808596315,0.9938212360321
0.010791516985474044,0.01511364651417947,0.007896517451477479,-0.001222142866392294,0.21705211031275295,0.11214015143342482,-3.1233122479174553,0.961951028897535
0.010748585541201066,0.015120839397189277,0.00790520559942165,-0.0011555201942481813,0.2180815611109598,0.16518800995847352,-3.129485503043092,0.9086626850178677
0.010536241072088899,0.01513567977333263,0.007968247199998215,-8.320270990150114E-4,0.2256874031042182,0.43416469429646326,-3.1665073654442524,0.6516559753703791
0.010561020260852871,0.015158288685351524,0.007917072226310233,-8.610849606675254E-4,0.21978947101319787,0.39285098881049924,-3.1335240755053735,0.6717137831600222
0.01048808281514612,0.015125614253101247,0.008003715569062583,-7.621857837330787E-4,0.2299343764217103,0.5015472070343847,-3.1874488280344946,0.5974785906771151
0.010435797873777556,0.015130359355251973,0.008010963259195944,-6.805496080760027E-4,0.23124332425663924,0.56760779248512,-3.1885395000339494,0.5321150585207549
0.010462570877136835,0.015131929746792614,0.007999914039218002,-7.211243332190732E-4,0.22963086471975755,0.5318879864561189,-3.1831656558695016,0.5641257034291182
0.010424611828964755,0.015151376054959174,0.007974421356532042,-6.573926001957142E-4,0.22713323427883245,0.5715994941272156,-3.1633730528738107,0.5113413114392792
0.010402892154246267,0.015155615915784987,0.007972388986772374,-6.231105404734079E-4,0.22714034657385282,0.5974484870452831,-3.160255590816897,0.4837179197223494
0.010509057863316629,0.015146535709775748,0.007957349220143836,-7.87123488352841E-4,0.22455778149839414,0.46464020668627487,-3.1577197737836484,0.6147342156485966
0.010376875871997836,0.015160970644883627,0.007969003830578282,-5.820505931147151E-4,0.22694688043621336,0.6281465385128858,-3.1557455343932013,0.45057152293408714
0.009832700884958715,0.015120168392356775,0.008084300019709693,2.6392261426096266E-4,0.2483020640535345,1.351076446719545,-3.142199822576989,-0.21599829505829393
0.00979438800714945,0.015125284097417833,0.008069310487629511,3.234545197949435E-4,0.24702764610687114,1.392933570838102,-3.1233792848063913,-0.2627391869314261
0.009813434691286765,0.015124216799652248,0.00807401799829053,2.9371406796940624E-4,0.2472992661428635,1.3707782460352786,-3.1310429221484557,-0.23945873783971514
0.00977286867156677,0.015124386888175035,0.008067775381381358,3.5731948793752056E-4,0.2472405575031056,1.419913046808531,-3.1169983348430086,-0.2891608340150595
0.009723091640801715,0.015131833995415251,0.00804457638737159,4.337422425440808E-4,0.2451421890208123,1.4718999330782636,-3.0895763438971175,-0.34871633710946853
0.009749969045771764,0.015131434388537085,0.008050298498175,3.9193494132707237E-4,0.24541215025016247,1.440334622237209,-3.1001898439134625,-0.31626920639158107
0.009846714887321702,0.015137328633681927,0.008052606297851858,2.3998150300530573E-4,0.24411969255879654,1.3175585940198078,-3.1254874274694053,-0.19781939907042936
0.009914470308915607,0.015141087079613326,0.008051104433941289,1.3367439023388958E-4,0.24281408116453004,1.230692974966748,-3.1396328085236322,-0.11456684976115296
0.009887761282123085,0.015147724973886377,0.008036394462958313,1.749177185967265E-4,0.24140634414441972,1.2576970526439217,-3.1245042490192105,-0.14721914042777376
0.009930537249490244,0.015164561799281814,0.008006803818272125,1.0733967949597111E-4,0.23707844705524658,1.1904120621896876,-3.114781984746651,-0.09498254938887842
0.009862397889153378,0.015155350160106652,0.008019465383288628,2.1369313267024636E-4,0.23969474500347898,1.2817727962465943,-3.1081142981965733,-0.17794182070148154
0.009952057575988266,0.015184719486472013,0.00796920599280883,7.326370949651477E-5,0.232229526499425,1.1470836669061446,-3.0951882696951327,-0.06918778387579928
0.008748373632732214,0.014957567134114258,0.007855411407545794,0.001982832395845518,0.23055730743976804,2.656054933869305,-2.572352344970955,-1.4796568376903667
0.008528388769208625,0.014894171745149266,0.007762085692034105,0.0023335555930339125,0.21673614772799352,2.89174111830534,-2.3864941157753132,-1.7071390668605473
0.008559355179751493,0.014903234538202526,0.007777133827952734,0.002284644345645219,0.21908712318971804,2.8603763095501864,-2.4144443265050017,-1.6763764129307412
0.008541754431307318,0.014906536574455027,0.007754141124161723,0.0023041199677856367,0.21558174190963647,2.863193649642387,-2.393341787950541,-1.6868049986080247
0.00858985583059392,0.014912540643874775,0.007790608750421522,0.002235894497020364,0.22118971770942278,2.8281158147195473,-2.441145904687504,-1.6452904265055153
0.008572270973556772,0.014915761884389957,0.007768079158415958,0.002255706501606207,0.21775304750720353,2.831572889968671,-2.420260997744239,-1.6561599280209802
0.008603161291983023,0.014924733696584591,0.007782126011338953,0.002206855075639724,0.21989899506716754,2.799536712126256,-2.4471401222414704,-1.6249889109902966
0.008722179775823008,0.014962286208495176,0.007824399984097797,0.0020143466392549716,0.22630166051360814,2.6650259004781485,-2.5426538033489945,-1.4986584685658377
0.008687521902990792,0.014953034726277068,0.007810221246090237,0.002069101941006023,0.22430807314559198,2.7022023441807757,-2.5146062228069606,-1.5347461151040565
0.008701275311951374,0.014965209471959307,0.007800958459061194,0.0020399148247711293,0.22291997904310695,2.67318897776811,-2.5195799218015664,-1.5140466042354248
0.008664460528130344,0.014956435529403674,0.007783573720398093,0.0020967726496369282,0.22052923048070985,2.7101953858463634,-2.488707904308765,-1.5510922407202397
0.008612170455754494,0.014945758617807522,0.007754158461845543,0.002175308402870694,0.21633083130536007,2.7580058339796016,-2.4423357272897666,-1.6010762470660294
0.008638840651885473,0.01495451234886915,0.007763640709365993,0.0021323188783877426,0.21767378930426018,2.7282330776726895,-2.4638529210085625,-1.5731856824050343
0.008242729304332752,0.014756992180926052,0.007677099595408776,0.002835818470041491,0.19989534046226337,3.2482875177306454,-2.123657204926309,-2.0178628398659977
0.008254956593618438,0.01476788297221585,0.007674016612461717,0.0028084968850679943,0.19980005243178262,3.22436484697684,-2.134374900935963,-2.0003699560159784
0.008225721205525519,0.01475518819525165,0.007659551251012879,0.0028577887702142786,0.19703466100934072,3.255025121816231,-2.1035781319320006,-2.028750625003855
0.008260601023172059,0.014786627440117509,0.007650285834234061,0.002779742496465633,0.19691669723421137,3.186745224206628,-2.133822669970712,-1.9789107142186768
0.00827642605344228,0.014790263561431111,0.007662905569744557,0.0027569095880170904,0.19894000070079562,3.17609258896729,-2.1512755033893076,-1.9665111670333777
0.008294872219669902,0.014792228241382672,0.007681136490791815,0.0027327948282156473,0.20186411523412393,3.167806040130502,-2.172437897953024,-1.954074298880122
0.0082643707597287,0.014802430453187338,0.007629146706764152,0.00275686414933406,0.19421605620218754,3.155506849179184,-2.1319333975797736,-1.9615383934772725
0.008364174377934472,0.014829601023496432,0.007698038233796723,0.0026070709989402118,0.2056214661086825,3.076450071586974,-2.236912934681099,-1.8768201672835059
0.008485413736599627,0.014869079637026003,0.007761363707725019,0.0024139436151691175,0.2161495826697837,2.9568519909584787,-2.354060077666462,-1.7598778306956324
0.008446980893532264,0.01486492796101263,0.007728341114210302,0.002466729232669861,0.2111086969855688,2.9805947602447094,-2.313246962948302,-1.7903734524991073
0.008461780518335963,0.014872909659566134,0.007730343467675572,0.0024398284732757383,0.21156752663944253,2.959888582646769,-2.325390107869907,-1.7731216301409918
0.008371712992009582,0.014846395700574716,0.007678498563848141,0.0025794062807580746,0.2032370970534854,3.0424419207694906,-2.2373827946534415,-1.8565331620410177
0.008404360758272264,0.014855258615303103,0.007699211361820005,0.002529884935681369,0.20658062173431632,3.014700527573836,-2.2701866484417086,-1.8275312819289982
0.008386654665326827,0.014858411539079247,0.0076748528242660385,0.002548159737482463,0.20282352604554998,3.015177968225636,-2.248445999966157,-1.8361255310713755
0.008431550054504697,0.014867448838835947,0.007707817945491513,0.002483292100253139,0.20813501910347373,2.982051864510947,-2.294479117682759,-1.7985915437001518
0.008415009759655397,0.014868626093275984,0.007688295873433168,0.0025024822612119235,0.20515951448438022,2.9862050671512845,-2.2752481591337976,-1.8085298092048059
0.008320485134418859,0.014809821750531653,0.007681664452435907,0.002682031624907191,0.20255544779238407,3.127168582198967,-2.195101631170163,-1.9221434312127232
0.008301618735210547,0.014809871925119608,0.0076600568053930415,0.0027044677845973948,0.1991885429873227,3.1321786732588888,-2.17283929882128,-1.933224767454773
0.008343155839172408,0.01482957857683806,0.007674695304681927,0.002632540553588641,0.2020406035889342,3.083062472428807,-2.212514752915078,-1.889855020482211
0.00832549531808155,0.014825936504131105,0.007660877951461423,0.0026578015525936353,0.19987329171026993,3.095118799653381,-2.1936654151610724,-1.903919780875156
0.008495270002561651,0.014884208242571893,0.007745677758003495,0.002385894885003613,0.2141100344772189,2.924924247875644,-2.356109093169984,-1.739693642353199
0.00851044251894665,0.014897891686865483,0.007737726905919796,0.0023527597214905807,0.21304098294112422,2.8934476399778903,-2.3646219343228183,-1.7170611604724262
0.009696832255568277,0.015140540435374434,0.008022502385090275,4.727429986904623E-4,0.24277918306460558,1.4938604664278012,-3.0688713796851155,-0.37904022180719704
0.00966950020501674,0.015140772724799167,0.008016049658578404,5.149379995127205E-4,0.24235741342857017,1.5254156500508833,-3.057380573092498,-0.41157181610873345
0.009624838193729817,0.01512818708533596,0.008029312995499145,5.870145608532222E-4,0.2447693037887637,1.5905383125649157,-3.0526052567465496,-0.46699921903595243
0.009641580023433538,0.015149266756913313,0.007993141145803247,5.558846749218844E-4,0.2399251215956494,1.5485646327191411,-3.0354855704046595,-0.4431556733431444
0.009599030030203175,0.015134459221642943,0.008010336563946783,6.251258146145225E-4,0.24271679421916473,1.6130970467951917,-3.0334149301149256,-0.4962123321575543
0.009575171186627405,0.015134471402185646,0.008003510235962215,6.617577322333355E-4,0.24225103906789447,1.6399828739647526,-3.0220481780209423,-0.5241689966359462
0.009561905058099954,0.015150253585978142,0.007969487367032327,6.773408786850733E-4,0.23815513274909522,1.6372354834867893,-2.997647833465685,-0.5359609932454914
0.00951037335519843,0.015100090540971976,0.008048962263182967,7.724037537308864E-4,0.2491715077748852,1.7522861236943352,-3.0284597907352357,-0.6087507780474616
0.009489841015246877,0.015102863612692285,0.008036479847387578,8.030929542618146E-4,0.24788781616009323,1.7717368919214527,-3.014149653177325,-0.6319745331764722
0.009359663905768914,0.015094166972355159,0.00800119569285796,0.0010053193451950377,0.24532007653794177,1.921921162109305,-2.9469315697430605,-0.7838037496692675
0.009469202979337905,0.015102681346338267,0.008029363414910286,8.348700521871628E-4,0.24723428023493363,1.794615020718599,-3.002891058903016,-0.6560019690284119
0.009450591738357907,0.015095740234187869,0.008035688002600627,8.660332479508695E-4,0.24843097655935084,1.8233541412301413,-3.0001051928890132,-0.6796503717371899
0.009385784380162666,0.015094049697440921,0.008012751693569227,9.657414114974117E-4,0.2464266310667629,1.894773629072125,-2.963342838541828,-0.7543935245038897
0.009413080674197225,0.01510217620461586,0.008008593001473467,9.2084089620494E-4,0.24543144813359455,1.8556828533398786,-2.970948771604688,-0.7205810347332853
0.009433926201166488,0.015105605829382645,0.008010360477396105,8.877131863751755E-4,0.2453182208063251,1.829182686910562,-2.9794348267773034,-0.695662909505047
0.009334844223048108,0.015096359046663668,0.007985860046491676,0.0010418130748037246,0.24358114425764957,1.9447060852788207,-2.928721187314471,-0.8107602103858683
0.009527722731970223,0.015121301278301144,0.008014024828070556,7.386140786223894E-4,0.24441915411114687,1.7079794901310914,-3.013365392547666,-0.5827779792996791
0.009540510637747449,0.015149075032187959,0.007965167244538706,7.10211634536319E-4,0.23791069901914721,1.662161903094529,-2.9884452789671143,-0.5609146322751224
0.008930697626019777,0.014997598759269527,0.00792846256007468,0.0016960291922166984,0.24009047262222674,2.4580362018907516,-2.712151994430917,-1.2845988922282998
0.008945699188246236,0.015009563220525943,0.007917483393247701,0.0016658768838903638,0.23829632769906856,2.4272659627327684,-2.7149294150462455,-1.2625511135362528
0.00890992294361819,0.015006332896488195,0.00789704660990567,0.001719040606740581,0.235828995258292,2.460484243917602,-2.6856982103408877,-1.2989166306487718
0.008874647148281524,0.015000498578910268,0.007880895307121846,0.0017731014484482722,0.2338410023609733,2.49660346717965,-2.6585040262909883,-1.335869332798537
0.008889337180237952,0.015010843062293536,0.007873358282659107,0.0017446235761006987,0.23259835483288063,2.469104630213997,-2.6631599911932176,-1.3153409372362215
0.008851651701665,0.015004090638488671,0.00785657184836226,0.0018023971392331555,0.2305206860010894,2.5078498326896987,-2.6342108249174188,-1.354697651391594
0.008774850910174267,0.014987195110722436,0.007824928195185708,0.0019216980290791689,0.22635744024488577,2.5890500449919585,-2.575203352917111,-1.4350209369693179
0.008755721338409655,0.014978904685661336,0.007823653927226344,0.0019546663646159623,0.22626334011535382,2.6154836244211794,-2.5630896704178996,-1.4576309641858263
0.008799237822420468,0.014993078575140349,0.00783449592284141,0.0018835197241601814,0.22772647975167043,2.5627458943012553,-2.5939002509211058,-1.4093910948303134
0.008824915404033348,0.01500263321691081,0.007838092794302379,0.0018405363234853724,0.22800672232891592,2.5294028612188217,-2.6104474790379286,-1.3799179417091818
0.009166431977598892,0.015059116728561257,0.00796908058830552,0.0013125934853574093,0.24345982503099695,2.1607553854736903,-2.8494384953381293,-1.0103762728274612
0.009147276241359489,0.01506888745696542,0.007939710306026347,0.0013351437174060692,0.23969909458761682,2.1646725582737156,-2.8252242690807896,-1.025625606156316
0.009293088890049699,0.015075885710842552,0.008004897526770296,0.001114439010496011,0.24668284811487032,2.0141618580118696,-2.9229633473760797,-0.8653264445073247
0.009188249906033131,0.01506986921647578,0.007961277802467059,0.0012742333351076227,0.2420952879187035,2.1250706851110244,-2.8549105777161388,-0.9819737832167528
0.009226493257495333,0.01506834393398828,0.007985046694975496,0.0012182195731059232,0.24489526812243942,2.0904615444274217,-2.8843203252258616,-0.9416087459199911
0.009208953270432774,0.01507676714378361,0.007959749537067042,0.0012397706122200974,0.24165707151603377,2.095779998907471,-2.863036866750291,-0.9566262927374524
0.00926941180013018,0.015077982943011587,0.007989147687620617,0.0011490001459027491,0.24486804915238802,2.0350907522574713,-2.9045329511412743,-0.8905612978990213
0.009246344022223756,0.015075687398539704,0.007981660645934148,0.0011847100322839041,0.24405838744973687,2.0609958371332797,-2.8908435067975002,-0.916755577026983
0.009137641345436551,0.0150905114202291,0.007893962164057036,0.0013365741558266054,0.23389074667906698,2.1429653359005223,-2.7967593399281863,-1.0246725265359569
0.009114878614248019,0.015089053007680979,0.007883203245085162,0.0013703631114048013,0.2325859803860713,2.1654949293004835,-2.7808803487758635,-1.0487517490969673
0.009308140090857174,0.015099514003357439,0.007967442067093782,0.0010804340396656268,0.24147634737780962,1.9677083111182314,-2.9079437414952984,-0.8390831721509963
0.009077080503960822,0.015057636846449354,0.007917971608461909,0.0014443143234847014,0.23753764927735208,2.2439781624566,-2.781372326357076,-1.1038884816401058
0.009095893737436684,0.015075409977564572,0.007896841923849528,0.001406043417613013,0.23452625370370803,2.201724388772107,-2.7793281548440025,-1.0751865817176915
0.009098300355263593,0.0151029238487425,0.007847785354982706,0.0013858358250505142,0.2280814597397239,2.1607006288231148,-2.7549369177993825,-1.058390112969488
0.008956615769751153,0.015029475790913743,0.00788888410731658,0.0016360337994410625,0.23448447353651478,2.387476226238683,-2.706695450718238,-1.2396220173429684
0.009004587733877911,0.015032733409258465,0.007916348845525938,0.001565266573770945,0.23780877452579305,2.343262702088634,-2.744961408035375,-1.1908099896161664
0.008981330852732158,0.015035722575480116,0.007894842312783827,0.0015964898454959003,0.23504152930196673,2.357928979251522,-2.7224161450831166,-1.2118627114332143
0.009050485674139278,0.015061658191920185,0.007893592593593417,0.0014801301202623633,0.23441366659644922,2.2611789189027984,-2.756179042596291,-1.1284699596130956
0.009019371973468335,0.015057098905884969,0.007881566349350751,0.0015276812212078013,0.23310477527966264,2.294244917189691,-2.73498928166829,-1.1618821421769765
0.004807272778397149,0.010266366654900539,4.1387722868035476E-4,0.008089030028950471,0.07644089046017029,0.2384220716887345,2.457716929843766,0.4310630770986745
0.004816038428801829,0.01029138513936121,4.5393058652205153E-4,0.008095131603070493,0.07026203490189585,0.2652813753778975,2.4638336537593806,0.4066889589939588
0.004799775839960193,0.010312703733942264,4.840682553246832E-4,0.008073041758908299,0.06194292459538815,0.2837280866538582,2.449947038104552,0.3800230628556301
0.004810460530026816,0.010369268307574597,5.729904601332185E-4,0.008074438681756323,0.046668130749776084,0.34270502367579403,2.455071667430152,0.32266601012678037
0.004803311789277978,0.010339529357525136,5.259087989229438E-4,0.00807219219810909,0.05450166319521393,0.31137123276994855,2.451334505454643,0.3524812599858203
-0.005011375992343464,0.010928627242995459,-0.0015071531400473002,0.008099565314404937,-0.1111562635157644,0.9586418470954284,-2.5115163672910996,-0.23500861327459885
-0.005016780606086561,0.010942626516287886,-0.0015313405807042156,0.0080983197779321,-0.1152295801683659,0.9744952406607797,-2.5116756109343514,-0.24914807994712512
-0.005014551795381876,0.010960232392501204,-0.0015568082681858809,0.008086110113781438,-0.12001056686907884,0.9917285840490041,-2.504473477608251,-0.26821298959119716
-0.0050188200951410975,0.011062178662986727,-0.001711705533537447,0.008031866533127091,-0.14700913160088044,1.0961810864816546,-2.473814828059591,-0.375610649642005
-0.005020211512316742,0.01107881301701468,-0.0017370881900480425,0.008023250499041274,-0.15127906137262317,1.1133870573114868,-2.4689259019472147,-0.3929844158015687
-0.005005291414422091,0.011071295699438538,-0.0017168577757345662,0.008010776792439053,-0.14839950393182808,1.100806342641915,-2.4594523953768754,-0.386662121971651
-0.005015889592096132,0.011046062272282138,-0.0016860873733566659,0.008038240200507097,-0.14273463440132006,1.0789800662106914,-2.4771376170403347,-0.3589482443732966
-0.005016462097510055,0.011011350324304713,-0.0016347561986728828,0.00805938916388576,-0.1337908969144828,1.0441254748308688,-2.4895147917786944,-0.3221954661829615
-0.005014614530766458,0.011029080667479601,-0.0016601155375053237,0.00804687821374111,-0.13831071942534856,1.061443581919165,-2.4819947584242392,-0.3411731509050658
-0.005006249378536278,0.010980179756822635,-0.001582234915510584,0.008065400301946952,-0.12499903199782102,1.0093715769364584,-2.491435669179488,-0.29047470651030266
-0.005001826653731156,0.011000371750074928,-0.0016099259973773577,0.008048845328008064,-0.1301268914849647,1.0283804946980248,-2.4812551885283565,-0.312398199932525
-0.004927584500500983,0.010726562079096629,-0.0011587327785092796,0.008098159609057423,-0.05213686735819667,0.7304011112522576,-2.4963259080282234,-0.0332792213142662
-0.0049325584594974055,0.01076180337673189,-0.0012147529981926246,0.0080889959436668,-0.062342460410158,0.7673263509968632,-2.492412029853035,-0.06984946402345961
-0.004922638209945459,0.010746756595620416,-0.0011875464058311116,0.008084039438801349,-0.05811760118383151,0.7494795979780432,-2.487950764046928,-0.05552751863313725
-0.004992404142473339,0.010923961390638727,-0.0014900042721928167,0.008080065006650329,-0.10915522602961401,0.9482752219711087,-2.4975956887618334,-0.23276582222154804
-0.0049673495723858195,0.010811408069466495,-0.0013062074335342324,0.008106908719165263,-0.07678413666453653,0.8270134320972925,-2.5082179284203643,-0.11691886537099817
-0.0049623754328985215,0.01083122002086629,-0.0013341552643847123,0.008091882846542607,-0.0824142075245573,0.845698938007132,-2.499216869175582,-0.13876461168534415
-0.0049756165988502936,0.010917558166412752,-0.0014715138107458262,0.008064078086608757,-0.10681894694191188,0.9367793982552668,-2.4859506917889123,-0.22831653656087672
-0.0049697065349044185,0.010902049013107434,-0.001445098927375137,0.008065329580344163,-0.10242295153018104,0.9193764182721598,-2.485731297607772,-0.2127394930705797
-0.00496481132008712,0.010886403507606321,-0.001419020381458712,0.008067676002289954,-0.09796568748647301,0.9021548406076579,-2.48626220686612,-0.1968859844785272
-0.004961722593424854,0.010868848658820337,-0.0013909622595096093,0.008072902472677605,-0.09302445576150575,0.8835436416624717,-2.4886700924144556,-0.17875744876826716
-0.004960744754207599,0.010850323590230101,-0.001362422703058607,0.008080849552990039,-0.08781424946366724,0.8645555235294283,-2.4928992954481246,-0.15928028574176897
-0.004952402311430612,0.010797024627294665,-0.0012773442310826221,0.00809623865881412,-0.07250565864605794,0.8083407979084763,-2.499853154671484,-0.10403596122529325
-0.004926925500803948,0.010783418188714644,-0.0012451842428619544,0.008073055102213946,-0.06860983455464377,0.7875981845779191,-2.4828553298827925,-0.09365021234280264
-0.005018307238628084,0.01109767754308244,-0.0017635833447895218,0.008009294729097503,-0.15579422869836893,1.1316937683001045,-2.4603645944448433,-0.41302813332321175
-0.005063987067052885,0.011162004282929081,-0.0018873846318100066,0.00801999870029839,-0.174855938420477,1.2124370854107547,-2.4730908495069337,-0.47627083602998976
-0.005054904533146544,0.011148385005448735,-0.0018614089146587703,0.0080186049231845,-0.1708504684311314,1.1954550112856464,-2.47099917899218,-0.46276857196419247
-0.005036863880766733,0.011141068043317779,-0.001838841784191405,0.008002690085195005,-0.16764580217883165,1.1816723510349119,-2.458944631270613,-0.45675752337035463
-0.005022176104078806,0.01113540174116768,-0.001821016466390739,0.00798958486377824,-0.165112776919428,1.1708147179234518,-2.449047320311677,-0.4521963118395592
-0.005014578378140587,0.011119714932513944,-0.0017933436076862145,0.00799103945385398,-0.16083884733840134,1.1524587823561465,-2.448912659408929,-0.43648739786842544
-0.005202685671102947,0.011609321391577448,-0.0026220083813847956,0.00781778839884645,-0.2753429647094783,1.717378404619318,-2.359485408500858,-0.937491809673867
-0.005206519173775204,0.011627746765277992,-0.002649647402993863,0.0078046536068400165,-0.27827870156651496,1.7371064848719686,-2.3508370704898884,-0.9563650380063136
-0.005164566116362478,0.01154602467032787,-0.0025036056403852005,0.007833219836891983,-0.26104566525173545,1.6363771838007823,-2.3657831116971235,-0.8718026720145763
-0.005181141523917554,0.01157615982378436,-0.0025584679293352646,0.00782444112210433,-0.26772755720109165,1.673990694700717,-2.361659979322937,-0.9029403637469133
-0.005170129085519265,0.01156400435238809,-0.002532396132801306,0.00782320568358883,-0.2644279406809584,1.6565370984837178,-2.3595946942611614,-0.8902343639744557
-0.005182825747111723,0.011590106105105103,-0.00257833076828074,0.007813471067293394,-0.269893533999449,1.6882386623930403,-2.354339265997075,-0.9171441862405082
-0.0051861683306406335,0.011605167310305376,-0.0026011036403071224,0.007803199600662245,-0.272400686551076,1.7043882179937901,-2.347636768559632,-0.9325016773286235
-0.005145900191937458,0.011541839095163991,-0.0024813682226613866,0.007816094304654098,-0.2578610033695025,1.6227534431876178,-2.35210021370759,-0.8670213025187367
-0.0050869875959571615,0.011273444526482225,-0.002064534866180245,0.007968019822292964,-0.20212853784932067,1.3330894788114451,-2.4443063067420217,-0.5916172115647035
-0.005081771945416875,0.011292566443466654,-0.002087815109085347,0.007947883558403217,-0.20560890069888685,1.3500366468770635,-2.4310076648009464,-0.6118717504568031
-0.005141692096580881,0.011524602834563545,-0.0024548518862055405,0.0078266805883883,-0.254706533064774,1.6041327746777847,-2.358821314540624,-0.8494860809432492
-0.005081100098950326,0.011310183156122698,-0.002112138194938034,0.007933892351794107,-0.20914400072554132,1.3672372095942473,-2.422075298272418,-0.6302265368248811
-0.005083123532000481,0.011327170773059378,-0.002137483959628776,0.007923275674797005,-0.21276772597341845,1.3848657009720575,-2.415564282197224,-0.6477443450475734
-0.005086757833691026,0.011343121532711492,-0.0021625319030970304,0.007915119893803444,-0.21630248266793586,1.4021200673921521,-2.4107826299922555,-0.6640963163154412
-0.0051241749468163185,0.01144628552041561,-0.002334636684804141,0.007874318391624108,-0.23973901019085395,1.5199232828507154,-2.388674950098341,-0.7695126006247085
-0.005126071166494728,0.011464082160030732,-0.002360350290478248,0.00786147342241209,-0.24297312883387098,1.5381243682864947,-2.380388337262612,-0.7877316968909289
-0.005137422552564082,0.01150264006830178,-0.002421886321375272,0.007841132629006499,-0.25071985708330075,1.5809083192351623,-2.368092184092067,-0.82713258074589
-0.0051293035879718275,0.01148216977206857,-0.002387464057873977,0.007849697528074795,-0.2463864947234942,1.5572064273274906,-2.3729122731612793,-0.8062199108913647
-0.005090767039558949,0.011358420078880641,-0.0021869084572386185,0.007907746146903089,-0.21970526055229597,1.4188854336118626,-2.40652046281048,-0.6797545206804143
-0.005094714247193893,0.011373801646779357,-0.0022113035206340827,0.007900094136882802,-0.22309005145616376,1.4356959443422106,-2.402044954897958,-0.6954924188830188
-0.005111907395075552,0.011417906391480083,-0.002285779940487858,0.007883977460150224,-0.23324282287249096,1.486558255535135,-2.393592456432185,-0.7405071768083725
-0.005108741417664822,0.011437710680718381,-0.0023101404251209263,0.007864092171711147,-0.23628925388959351,1.504392164210856,-2.380146719124806,-0.7608379643921171
-0.005096945468840424,0.011390116169803566,-0.0022355560129287406,0.00788961349975798,-0.2263899562353043,1.4526599243948544,-2.395499945164382,-0.7122300242484418
-0.005096060424257049,0.011408307402529518,-0.0022597510899324646,0.007873951815097714,-0.22956225104006459,1.4700188250481558,-2.3851757020764173,-0.7309126457221337
-0.005063349210416483,0.011179526202165821,-0.001912508777896168,0.008007420011250413,-0.17891693185654306,1.2298664180948007,-2.465408533476063,-0.4948063432589947
-0.00505652442510652,0.011199179805064383,-0.0019362950618689485,0.007986105825095903,-0.18285539519483643,1.2470676060453263,-2.4514982496726283,-0.51602158205771
-0.005056451128648104,0.011217680336607007,-0.0019628530293163793,0.00797315171054123,-0.18694600822949312,1.2655067742637642,-2.443511285262387,-0.5353670831153515
-0.005057438748500024,0.011234914167552115,-0.0019882023554355466,0.007962117316476905,-0.1908634854834199,1.2830664828456835,-2.4368043020565335,-0.553292708429178
-0.005070367867094125,0.011263054938073495,-0.0020375765940679447,0.007956625330275328,-0.19822554839945009,1.3161239382581387,-2.43504582049434,-0.5817901338586814
-0.005055335201865405,0.011252970526422079,-0.002012379309752371,0.00794680711769249,-0.19454246747956036,1.300195249145845,-2.4269928951469173,-0.5722339668068289
0.00539820913340646,0.012140823025138461,0.0034624391632648156,0.007444785927649882,-0.3385401369255057,2.319326949249781,2.0980566475050746,-1.4763592020999294
0.005575844259531507,0.012449410277560448,0.003987834048792328,0.007203888314451837,-0.3485690707263211,2.698483452867442,1.9050105396316577,-1.789976032153059
0.005582330256326596,0.012463339601050907,0.004008581152184012,0.007189897196166312,-0.34817212770537487,2.7131950904655415,1.8932017064991549,-1.802920624964799
0.005560393397073862,0.012447736517091093,0.00396443967374851,0.007192053529530566,-0.34701058920053707,2.6802882884907757,1.89537171970477,-1.7813399548921083
0.005528348434197557,0.012396744314847573,0.003876402202963439,0.0072340192816310045,-0.346899343076811,2.6170393453022527,1.9304655683768355,-1.7299167702970315
0.005538867789855265,0.012407915188375248,0.0039006499230317777,0.007228262431334025,-0.34735885881305784,2.6347430142637975,1.9256555818746413,-1.742820941368997
0.005551429544464589,0.012436658228527894,0.003942555759490686,0.007199503320035528,-0.34685521567105315,2.6644178452087814,1.9016909060488472,-1.7692764882145535
0.005542985764147911,0.012423115480529233,0.003919313494604545,0.007210783308234651,-0.34688634662988077,2.6477497721728125,1.9111384747899882,-1.755688796119051
0.005498529735826806,0.012339768013083452,0.0037852298160839944,0.007284184800230998,-0.34650145812172917,2.551735135886538,1.971621234151636,-1.6744173425235862
0.005508460043124852,0.012351741111047487,0.00380950648265651,0.007277322661205411,-0.3470357889122041,2.569359878951178,1.9660668735585258,-1.6877005424830884
0.005513017241163608,0.01236695059968891,0.0038292461898687207,0.007260791440768341,-0.3468832515740839,2.5833248841774115,1.952519510497788,-1.7011214974079163
0.005520060457547808,0.012382465132913481,0.0038525511233110585,0.007246046022296616,-0.34676071987832696,2.599925029511981,1.9404000306398659,-1.7157296463556178
0.005443469735370639,0.012222134646959284,0.0036015566852191914,0.007386783256133294,-0.34375301695024063,2.4195810453864763,2.0536989174993576,-1.55966383640673
0.0054349656027892395,0.01221101618420121,0.0035796510400153488,0.007392699098527676,-0.34285115577887865,2.403771288296032,2.0581563713561946,-1.547518527966486
0.00540652240400759,0.012154558981984552,0.0034868954524384225,0.007436006117238789,-0.33966243523976813,2.3369244903359543,2.0915049249737403,-1.490683051088986
0.005416121678216811,0.01216671530494481,0.003511345351415604,0.007430377380179825,-0.3408675616369443,2.354514203578586,2.0874512662863616,-1.5040710881421235
0.0054200667083605485,0.012181617187933261,0.0035313626993726493,0.0074154473153879704,-0.34134199026684037,2.3689834720951506,2.0757585039029056,-1.5179635748739602
0.005426646097940715,0.012197010033155715,0.0035551188133730823,0.0074023937694664725,-0.3419489549301822,2.386092303227494,2.0656119428761204,-1.533041417827952
0.005455400596209005,0.012251012312144132,0.003645090630328826,0.007360918477921039,-0.3445479202997167,2.4509600867629633,2.0332075625443293,-1.5875917885115085
0.005444454297564773,0.01223808805834959,0.003618343487332448,0.007367026119637963,-0.3435027719263945,2.4316186580452634,2.0378227644756755,-1.5731220964559347
0.005489208196952711,0.012327336980496503,0.003761359752924054,0.007292119548275134,-0.3459281616081595,2.534459858985279,1.9780029376365482,-1.6610428853693795
0.005457959770885144,0.01226743636965431,0.0036641048905784253,0.00734183198584621,-0.34440594420057763,2.464536560376285,2.0178484872086284,-1.6017788864699676
0.0054686194871378605,0.012279740384474342,0.0036898113902090824,0.00733596231070868,-0.345329452941007,2.483150993267027,2.0133407837379917,-1.6156266906273125
0.005480293693839313,0.01231272735857127,0.00373602480517804,0.00730323878615144,-0.34548406713570295,2.516214935600465,1.986949337807202,-1.646147720866795
0.005470531238260575,0.012296131634489296,0.0037076592038996843,0.007316019866254033,-0.3449774295646884,2.495800577811647,1.9971878293194008,-1.629336215942281
0.00501856402182378,0.011144603631492726,0.001831978509581249,0.00797945860459858,-0.1669890034498931,1.1787112932275952,2.4424391052140355,-0.4621345784346758
0.005002322596895538,0.01112875329332897,0.0017985535359015235,0.007971283330680541,-0.1620562009048402,1.1571195260022629,2.435339189742615,-0.44700338710614546
0.00499523237596747,0.011096369044758799,0.0017472051808818925,0.007983780656003225,-0.1538238977344453,1.1224396078930747,2.4419484716412243,-0.4139159716385006
0.004991422375808133,0.011113386599074848,0.0017694240882995794,0.00796873898675021,-0.1576557310454196,1.138010762442085,2.4323614373055413,-0.4319720802008315
0.004983281523867718,0.011080285017961251,0.0017164594267507652,0.007980178478604645,-0.14915995431958792,1.1023167250333306,2.4381881219593833,-0.39828733624744467
0.004989444251054416,0.011040036797619638,0.001661416326084523,0.008011516854850707,-0.1396032157588932,1.06424400509945,2.457686758870771,-0.35559550786557953
0.004983017745003416,0.011020966943585573,0.001629581694142574,0.008015385583573668,-0.13446526055092092,1.0430576091005377,2.4590551276874657,-0.3363145403759173
0.0049727152658775075,0.011059831180807412,0.0016803345880383666,0.007980642202790648,-0.14353938531378851,1.0783893622496523,2.437040052994488,-0.3780151195385128
0.004962141927106978,0.010980933710871004,0.0015586664257913657,0.008014382858528778,-0.12316008128075877,0.9963102652657757,2.4554638388204846,-0.29676874968769235
0.004966303327757009,0.011005655776385124,0.0015974171955940762,0.00800516219118369,-0.12966616085316937,1.02232597916733,2.450680573226338,-0.3221610384078983
0.0049467983460968505,0.010954044966063049,0.0015105516322487984,0.008011686069364038,-0.11557475928825126,0.964602682953737,2.4516629587804704,-0.2704260456965276
0.004940701115855584,0.010937934012914173,0.0014834808227063548,0.008013393744000051,-0.11114826233044038,0.9466263026258007,2.4517528937996342,-0.25431268764420273
0.004942400866055837,0.010971638948778577,0.0015340518792589571,0.007997091656509811,-0.11994336799004578,0.9807608696753292,2.442540044838655,-0.2893392170578897
0.004933285381832287,0.010916527372207718,0.00144790904783116,0.008016207263513599,-0.10531562684287456,0.9229782593089101,2.4522525463222746,-0.2328325678382344
0.004881887820905227,0.010726917820079954,0.001140504741906766,0.0080457444143114,-0.052973962019117804,0.7186893823172104,2.4599914939510232,-0.041242126795135725
0.0049242675421582935,0.01089335307037668,0.0014089336991869722,0.00801782677512928,-0.09893420435301643,0.8971202320428663,2.4517868278641024,-0.2097364303679907
0.004921250022341077,0.010872016838264387,0.0013757190990233072,0.008025045506471084,-0.09312625975615724,0.8749300475569907,2.455395002776252,-0.1877974329957541
0.004906526580066862,0.01085329055107331,0.0013406952712651339,0.008017450078765559,-0.08784517712481991,0.8519095246359104,2.4487809462641557,-0.1701898981258264
0.004871487922478315,0.010746181237064101,0.0011651304210914544,0.00802596576236015,-0.058565491153983684,0.735176619182428,2.4474847133871256,-0.06311716239371114
0.004882435727430188,0.010767442625266996,0.0012016183597982702,0.008029325975396887,-0.06435182695422105,0.7593924662819634,2.4512881097967845,-0.08373646103264089
0.004899126762465221,0.010827343855257953,0.0012985805290773693,0.008021355455997664,-0.08076169782311261,0.8238806232284305,2.4497615546799634,-0.1440584010821595
0.0048909868399369255,0.010798363026575254,0.001251625363455984,0.008025398006269615,-0.07283429557939798,0.792641317778418,2.4506264284337393,-0.1148689098653577
0.0048729022493501735,0.010704463303588154,0.001103030852511422,0.00804457545069851,-0.04684198203362105,0.6938258419192219,2.457649345388869,-0.019089814548225673
0.004864845275121145,0.010678726356316065,0.001061059529377699,0.008045428652494455,-0.03975789793952519,0.6659707238563208,2.456484727775482,0.006626756697031212
0.004863226846337789,0.01062958430758894,9.860116673441584E-4,0.008061646960264955,-0.02571774639333763,0.6162763594651395,2.4644144673425896,0.05813363531261629
0.00486150938353073,0.010652835121449496,0.0010206639861488097,0.008051320146270876,-0.03248617585124453,0.6391847117972528,2.4588199800560147,0.03330404002987302
0.00483574439682685,0.010589815244168554,9.162986905856659E-4,0.008044041731539582,-0.015559812456399688,0.5697100786547712,2.4494309859702206,0.09501763684542873
0.004846062466566357,0.010613032389036362,9.549186812601793E-4,0.008047916751141687,-0.021659164659739622,0.5954604457131992,2.4537249090516586,0.07247351673182682
0.004789867183342183,0.010390718722850311,6.014233929238774E-4,0.008046569031876461,0.038242493374425354,0.3600949327880407,2.4371139351179774,0.2953216012420343
0.004827433171349654,0.010563356761191696,8.735740193797447E-4,0.008043161370201767,-0.008373149418003283,0.5412411340308608,2.4469891346237493,0.12130282312169693
0.004814472086383605,0.010484289040077907,7.497809172473279E-4,0.008051610488707355,0.01346341268323968,0.45908110647308703,2.4473388543552734,0.20200413972239553
0.004816258286617317,0.010463628762077813,7.187823451152304E-4,0.008059097464284527,0.019614531919892625,0.43875324424197987,2.451105447701857,0.22416431622455532
0.004788605819472014,0.010419112488044517,6.442743455553299E-4,0.008038760439842816,0.02998859412758675,0.3882564847999114,2.4337058610230287,0.26515938118507765
0.004803310505673607,0.010444909421547759,6.869910569014642E-4,0.00804917549442956,0.023910851785354053,0.41717952809670417,2.4428488654933496,0.24117288147286306
0.004818562049200728,0.010535058537972618,8.280012097035709E-4,0.008041803523327494,-9.183282055036944E-4,0.5108543373414848,2.444066220776604,0.14936190805420527
0.004814751943905512,0.010507834891032767,7.856294167616906E-4,0.0080454108677606,0.006708158609310128,0.4827487769533338,2.444669221256483,0.17724268064616563
0.004789356682295599,0.010497770950988104,7.633142102241266E-4,0.008019582746573118,0.007644804777070716,0.46697613323157994,2.425842091908037,0.18277440481837146
0.00511404677816644,0.01136534416352392,0.002214872209419142,0.007928737678682013,-0.223785405544679,1.4357745583794248,2.422890370167624,-0.6861042941505254
0.005099790048572493,0.01135155912359507,0.0021844271303914347,0.0079233469415387,-0.21943880596372714,1.4160172487013225,2.4176606280164985,-0.6723457835101813
0.0051179641672948264,0.011394715935971354,0.0022588117733124084,0.007909705172634734,-0.22977342283304567,1.466529380979993,2.4110848403963936,-0.7164576472008745
0.005113381909842342,0.011421158742734154,0.002291436208643959,0.007882975806467353,-0.2339695098049365,1.4904302937226512,2.3931146108067343,-0.7438398148324888
0.005110337817647594,0.011407171098009105,0.0022697892367096813,0.007890967845461266,-0.23109352572794553,1.4753710767137598,2.397973634547144,-0.7295084732087871
0.005106996235493645,0.01138104366346171,0.0022310863485406787,0.007908238654175568,-0.22589443642763699,1.4482242173038602,2.408797856637143,-0.7026332767592399
0.0050799104092475456,0.011307732786159683,0.0021078002274972454,0.007934388238679549,-0.2084598269512937,1.3643440205755635,2.4222405707299806,-0.6277557326240436
0.005072456874280012,0.011290649663857072,0.0020781745536305202,0.007938704426616183,-0.2041988409130495,1.3443841562134213,2.4240575609563404,-0.6104010504019995
0.005084820384315246,0.01133709618349363,0.0021526443854990927,0.007917577608110059,-0.21486315586846308,1.3953913457227205,2.4121318783431795,-0.6579632783977218
0.005075227964462636,0.011322947196955554,0.0021255592853437768,0.00791754951322436,-0.21106933127765243,1.377430445119454,2.4109563195480455,-0.6437310722954248
0.005018905469318443,0.011183157704967717,0.0018875910540517707,0.007954187611402564,-0.17586069100331828,1.2171193466040007,2.4269984361110457,-0.5022230279154423
0.00501042598023864,0.01116449175800265,0.0018552085621023524,0.00795709019528237,-0.17097234324929267,1.19550303270127,2.4277090840867603,-0.48348618492746853
0.005028175300933555,0.011203690551104806,0.0019232097548454177,0.007950684798304025,-0.18124563220175735,1.240937351032681,2.4260104906369375,-0.5228712010768612
0.005035227333119695,0.011223032524068859,0.0019556212706107845,0.007945245521495488,-0.1861225019151089,1.2627675875308686,2.42350439374343,-0.5424575640336311
0.00504149667006491,0.011241702664539555,0.0019865150697152643,0.007939170731624033,-0.1907706159226131,1.28366486401932,2.420492094685056,-0.5614217184786224
0.005046570913660518,0.01126234739379878,0.002019304822446811,0.007930102707489698,-0.19562781539464258,1.3060527030088427,2.4154297347892597,-0.5825059163995249
0.00505046875582272,0.01128720161706607,0.002057050514035396,0.00791634966241448,-0.20116997522557736,1.3320908399768092,2.407203743686935,-0.6079744009322612
0.005098592349254202,0.011435329949708644,0.0022985223901187297,0.00785468598725784,-0.23458162830267026,1.4973864152948817,2.3727870920947614,-0.7584691792056433
0.0051042674683015425,0.011470467228344862,0.0023504871336679635,0.007831673600500766,-0.24111490999497756,1.5338923856205484,2.3581060757534757,-0.7941422006121138
0.005091611079138843,0.011453591171188016,0.0023172930264143713,0.007831751137430232,-0.23686105268676544,1.5116984489229952,2.3567876177993177,-0.776988165271365
0.005120614773215644,0.011527519133140396,0.002440157251562335,0.007800677646620318,-0.25224670853087433,1.5963457361119369,2.338961277881858,-0.8519259110413006
0.005127699485823607,0.011577243904222123,0.0025111791652256683,0.0077641683470167375,-0.26032873743751833,1.6467663598553648,2.314676877187799,-0.901760351405812
0.0051220847996057434,0.011560979254193863,0.002485106807412509,0.007772636412356404,-0.257320240172931,1.628632209330308,2.3199334710564075,-0.8853779530447798
0.005109136415689569,0.01154858812306972,0.0024575257283967664,0.00776945037197099,-0.2537620458596784,1.610323613292783,2.31647353019835,-0.8725264607888378
0.005108181382478454,0.011507585283365533,0.00240309550900723,0.007804287378750143,-0.24754857493417878,1.5712112867693477,2.340107524342606,-0.8316034464882714
0.005097229298979914,0.011488625334181605,0.0023686485189190146,0.007808450126558607,-0.24326962955133738,1.5478421992302545,2.3417808601320997,-0.8123532054563849
0.005205084163600919,0.01175651798300312,0.0028103248486091932,0.007676551734965617,-0.29225338978113724,1.8554063855115983,2.2601145588492435,-1.0834866852664984
0.0052341368485233,0.011785826108283355,0.0028757054016941876,0.007677926963391092,-0.2993099707468789,1.9000181232855022,2.2636887108865102,-1.1153022330191729
0.005219028973464406,0.011771474525834831,0.002842723930678817,0.007676372363220601,-0.2957400687972675,1.877551302539621,2.2612110564925203,-1.09957966447916
0.005288960346209538,0.011889770984142721,0.003058039267416518,0.0076258492703636166,-0.3153163672128963,2.028691577585865,2.2300530773586975,-1.2229290111081161
0.005227272259359129,0.011802818067775644,0.0028890567385528687,0.007652877417851331,-0.2996945669938112,1.9107042961492693,2.2448663457279854,-1.1307096328226012
0.005239402612932618,0.011816751096205466,0.0029184222169093763,0.00765132396324724,-0.3026367776592637,1.93094307903057,2.24475970981454,-1.1457052986165976
0.005247573291711386,0.011831401118983759,0.0029445105828155415,0.007644619802959965,-0.30502679255987614,1.949266083200899,2.240531836965346,-1.1608631272023258
0.005254336469189609,0.011846834648120115,0.002970005878113587,0.007635419292456827,-0.307179321306377,1.967335201155678,2.234324543374255,-1.176557802020154
0.005262498531027798,0.01186235706146012,0.0029970669300161093,0.00762745743127862,-0.3094894359294091,1.9864273348313042,2.229117935490997,-1.1925514025773936
0.005273114148191279,0.011876884836525946,0.003025613099894802,0.007623030421706576,-0.312059773252157,2.006382367551527,2.2267015945085373,-1.208030303294132
0.005117573708841708,0.011600685327697976,0.0025319823632942314,0.007731803888488361,-0.26209617102565136,1.6631296737941255,2.2913153082700144,-0.9243021446469023
0.005127569450184956,0.011627561620324417,0.002575196504907722,0.007717897410740671,-0.2669135860399163,1.6932260631320193,2.2825234912246732,-0.9512229854679343
0.005132888503902537,0.01165340101623783,0.0026125746402695005,0.007699467956770262,-0.27077749104029186,1.7196546335869514,2.270069751401712,-0.9766687884459095
0.005147279925947418,0.011675869773486858,0.00265420356500368,0.007693641477598253,-0.27545589773152873,1.7481934789717448,2.2672367232008597,-0.9996470800650511
0.005155225675893558,0.011702126867325247,0.0026942921236571544,0.007676859605386739,-0.2794954734300825,1.7764269087260356,2.2560077337699806,-1.025679397792958
0.005165855439978106,0.011723936216513518,0.0027314047347412047,0.007666916119048894,-0.2833104579387767,1.8022460630000345,2.249816775649887,-1.0477033892618708
0.005177314290348837,0.01173867022785848,0.0027607076708829298,0.007664604406720531,-0.2864310686845239,1.8223290397880862,2.249118136106615,-1.0630961841439
0.005180590484596188,0.01175639212595669,0.00278545671396511,0.007650383886908308,-0.28868967910838506,1.8400402180978441,2.239177082274693,-1.0803723350808505
0.005373183086254521,0.012125422317148034,0.003415600314761977,0.007438542588178048,-0.33494203411703444,2.286018466492532,2.0919511686877605,-1.4556509075712567
0.005379121949468691,0.012141170750775481,0.0034390675301676156,0.007425085292270788,-0.335788858707525,2.3028940221772416,2.081633195432237,-1.470867321153326
0.005329810823759263,0.011975438262869958,0.0032022854280862613,0.0075726393175161635,-0.32569400933011583,2.1317574252833413,2.193112971526928,-1.310971725455923
0.005330381442227271,0.011991845594439852,0.0032212874321912105,0.007554241794146508,-0.32637470529776097,2.1458178270323454,2.1791305751560124,-1.326188107098673
0.005319210336122178,0.011961618887069477,0.003174532627456387,0.007577325260433484,-0.3235634576784414,2.1121214518436804,2.1959107468170074,-1.2959490595647247
0.005302429639095644,0.01194963290548718,0.003141881510077353,0.007573264856284056,-0.32041901274611767,2.089492537061855,2.1916402360600453,-1.2814003154106002
0.005291856698442833,0.011933525054560886,0.0031116905029523125,0.007580274595405595,-0.3180710170166164,2.0681595613046593,2.1961486526753435,-1.264401018672482
0.005356456372654676,0.01205109070299941,0.0033169353943027775,0.007511607419349692,-0.3318097286452189,2.214570260962654,2.14804342650991,-1.386016649776464
0.005328928037349648,0.012023105935969869,0.0032539948372761174,0.0075162402935022654,-0.32708116073585686,2.1700920085625097,2.149969225544195,-1.3541224330385992
0.0053394061911972565,0.012037972392512676,0.0032824787100302955,0.007509567055326259,-0.3289650173664147,2.1903140232666902,2.1454726245393005,-1.369978166260173
0.0053203269391552226,0.012008586395963973,0.00322808321233287,0.007524287690700063,-0.32534340882920404,2.1516271232447965,2.1556081083159575,-1.3390268641833456
0.005350779668564829,0.012074486265763991,0.003335147008847884,0.007477715993518679,-0.3313156168563421,2.228300037524803,2.1214469747389693,-1.4052281743859234
0.005357837866029868,0.01212472315685123,0.003396058018565836,0.007423951459909263,-0.3327025056418559,2.2723439977245072,2.079813338223679,-1.4505147739791069
0.005347174697521604,0.012114215737312644,0.003372275283710164,0.007426057118206438,-0.3311074286228905,2.255487283626902,2.080998885862327,-1.4384806806683332
0.0053358351620277755,0.01209785872964118,0.0033416696430162494,0.007434443120975264,-0.32931838661582263,2.2337592325919284,2.0870388143868404,-1.4213190942065272
0.005282313729275817,0.011912763439988731,0.0030773102133895744,0.007593347445685439,-0.3155663805143681,2.043684441579852,2.2052655709266484,-1.2433134187175077
0.005985526938355167,0.013104278652647962,0.005008382422017475,0.006477895862507458,-0.2847432853788964,3.378263914089532,1.2373276465720935,-2.3564186458689242
0.006027036023924627,0.013150461406396816,0.00509159652146995,0.006421742487695623,-0.2763076476453097,3.4302684640113825,1.180092297782058,-2.3953634642346042
0.006016767197559163,0.013141600503023168,0.005071757816273583,0.006431418032474934,-0.2780950214069913,3.416955576554876,1.190729565232929,-2.3861851240871883
0.005995318005560611,0.013117557962505431,0.005028764660596602,0.006460758417437411,-0.28247736354999514,3.3902041477524754,1.220569694870272,-2.366091919400983
0.00600574110317307,0.013130213495535758,0.005049948630600306,0.006444903385811496,-0.28022711348691703,3.4030489135157844,1.2047310211203621,-2.376038414167708
0.006052712321476642,0.01319283469511563,0.0051451605433426376,0.006361929117305653,-0.2687596314987646,3.456900928632231,1.1231584166470394,-2.4196054439334103
0.006042413789813905,0.013180158995231972,0.005124754833751331,0.006378563223924155,-0.2711749636070469,3.4451646653296355,1.139779152808858,-2.4104259527481133
0.006031047737094472,0.013165778602297907,0.0051020117999882085,0.006397432060746119,-0.2738855960892672,3.4321130610289496,1.1585115570025966,-2.400106743342539
0.006080582841771123,0.013201045901053093,0.005195333769972963,0.006361864993725305,-0.26590973264761675,3.4971954628392816,1.1158632730679159,-2.44271392449175
0.006090677075821988,0.013213490189842018,0.005215228715692743,0.0063451083520641854,-0.26341281353258766,3.508445461300527,1.099019735233506,-2.451533707036257
0.006101037101624163,0.01322587197244602,0.0052354649397627,0.006328455415115341,-0.2608770531472275,3.5199386920527935,1.0821666669789398,-2.4604266739623113
0.006233132876645606,0.013353333429932389,0.005482583199254012,0.006158958879610405,-0.23079233868162133,3.6669523061013156,0.9002790687233994,-2.5646533377921625
0.00622243984626046,0.013341073040739533,0.005462956770013356,0.00617691511114682,-0.23368655901867222,3.657011338038324,0.9187422040986141,-2.5570445889786426
0.006191656968418904,0.013304569851494369,0.005405663047035888,0.0062299986203455645,-0.24204157861773015,3.6277874842644127,0.9729304975717828,-2.5343038768601853
0.006201744022147988,0.013316685973411147,0.0054245713069268195,0.006212457029212128,-0.23931775787606877,3.637496463701098,0.9550687459623989,-2.5419036147436986
0.0062119670594592315,0.013328843826072573,0.005443601702027661,0.006194765971449794,-0.2365198203513368,3.6471810665049067,0.9370265150523317,-2.54945170002811
0.006111770304016317,0.01323806706570257,0.005256217790578283,0.006312171320569317,-0.25831724699397246,3.5318962644156398,1.0654944190234945,-2.469481359622287
0.006175563792417699,0.013308043329493315,0.00537705668489336,0.0062168874902722255,-0.24288438984228458,3.6002405169376885,0.9669315850360887,-2.5205232393772907
0.006122877690208189,0.013249837829733163,0.005277467000479995,0.006296669657135057,-0.2557611217874902,3.5444307391735195,1.0493417165989,-2.4787054124726864
0.0061340534181941716,0.013261047577507755,0.005298671216454716,0.006282045694041227,-0.2532750193381623,3.5571480384641974,1.0338599563639137,-2.48786692754511
0.006144331398937622,0.013272698307771669,0.005318240682608729,0.006266085234521664,-0.2507630609992102,3.5680993460583053,1.017464748432421,-2.496163367222253
0.006154212202970694,0.013284934303919903,0.005337055019236866,0.006248774662214196,-0.24814308648282948,3.5779527213323843,1.000040178156347,-2.503967068524695
0.006164802378728356,0.013296780119590132,0.0053569795038634896,0.006232342638833558,-0.24549504964744293,3.5889086960956713,0.9831230628146459,-2.512225473587922
0.006062537532284389,0.013205320776758013,0.005164592671792856,0.006345243966575248,-0.26635564554883584,3.467782068099034,1.1065904363575605,-2.4282503792200534
0.006239066127285457,0.013381897157767582,0.0054934790107657875,0.006109621371828582,-0.22594123003349834,3.6588066692532286,0.8576031101048499,-2.5657018121437716
0.006227479024694231,0.013370134542567018,0.005472595568694341,0.006126475819239496,-0.22885304213106306,3.6476787647819715,0.8753550598117615,-2.557668453529878
0.0062813264400186156,0.013424383094257664,0.005568682421472142,0.00604761992311018,-0.2152131754070914,3.6978914143917323,0.7921056582747095,-2.5937613115613374
0.006288197217029098,0.013439240633561764,0.005580266761849583,0.006022942099878933,-0.21240553776653856,3.6982890827755064,0.769631675157917,-2.5964353623939034
0.006289179541644473,0.01345798394561198,0.005580713528200342,0.0059893746547137645,-0.20965963275228008,3.686329786249486,0.7423636618596947,-2.593088838090651
0.006290412626180285,0.013474721923934856,0.005581548203255588,0.0059596171218329235,-0.20723750161624319,3.6759449794025194,0.7181983769709123,-2.5901477802542385
0.0062676461543617785,0.013415341971085343,0.005544326500995574,0.006059382037783114,-0.21813663438292522,3.682351485984253,0.8066092117949814,-2.5840340489831735
0.0062487072334332025,0.013409762928567884,0.005510374844672819,0.006062914775387339,-0.22095740696539004,3.6561619752812935,0.8162453196217058,-2.56921783800256
0.00623490717762649,0.013399217259949928,0.005485829605703236,0.006076977786387899,-0.22394463875564408,3.6412815304108164,0.8324507864844347,-2.559509217292917
0.005940257902506928,0.01307448358293472,0.004922778215847047,0.006501974187948578,-0.290256632995118,3.3163156625792385,1.2673451669855227,-2.316263883250612
0.00595501264576598,0.013088465786178304,0.004951931418814529,0.006487076800934569,-0.2879359781655935,3.335760186503347,1.251659232458538,-2.330107316601493
0.005966626656871236,0.013107660467915212,0.004977149880762818,0.006461288709088626,-0.28475901144367605,3.3493516629048234,1.2273429468106498,-2.342177715790902
0.005928033797869163,0.013062070436956981,0.004898300004745038,0.006515528443949496,-0.2923065324326471,3.300194536740147,1.2813206684339737,-2.3045442767917645
0.005916163716771901,0.013049165354246835,0.004874179668316243,0.006529948619946254,-0.2943217970677759,3.284538690822638,1.2958996838215973,-2.292911619543317
0.0059029589263146056,0.013020114462672037,0.004842042941019697,0.006570254994188546,-0.2986198864720068,3.2682443472065628,1.3326966736727759,-2.2764212624664033
0.005900798498696666,0.01303904738133576,0.004845129617170817,0.006537408096806654,-0.29596783744651173,3.263416912132463,1.3051587294519393,-2.2791763045486175
0.005886083540740599,0.012994988348028957,0.0048046571470732324,0.006601286970946099,-0.3022878258652653,3.2455231321078686,1.362154969396853,-2.257532159233723
0.005888694201439825,0.013011256454129424,0.004815102103670758,0.0065759876579727745,-0.30007459910902484,3.2483459003979505,1.3401691315368156,-2.263633044449174
0.00586684489594951,0.012969430755923514,0.004762788213320767,0.0066310022418923295,-0.305870826402552,3.218818466253159,1.3908323903782895,-2.236325145836585
0.005866812213647229,0.012987971448264565,0.004770114580273527,0.006600451947158492,-0.30326304757440753,3.218304506338525,1.36477012716582,-2.2414920837546752
0.00583421347785157,0.012868594697148272,0.00466403415234755,0.00677389894222682,-0.31952509054993566,3.1683148462799795,1.518565420379985,-2.17895583290955
0.005842056308525499,0.012882944793871134,0.004683821570245514,0.006756075213224125,-0.31770539516424273,3.1807166420051867,1.5020853505489402,-2.1899301558403224
0.005819117486545679,0.012868192456494692,0.004639265310309328,0.00676364727040359,-0.31918296504049887,3.1470480168316044,1.5117956964703216,-2.168185631566161
0.005809180492889592,0.012857799374729834,0.00461800644783428,0.006773288770515826,-0.32034094110837263,3.1320965487756856,1.5214014485188951,-2.1572575662378033
0.005799515295031274,0.012845562532712494,0.004596208784785491,0.006785977241521054,-0.3217277287145766,3.117232886686352,1.5335370973536768,-2.1457357876863257
0.005793740156145527,0.012830450555883796,0.0045790863948251895,0.006806019654047346,-0.3234456234355337,3.1071656493790516,1.5514764874788394,-2.135588344174616
0.005761325853715683,0.012794091994562178,0.0045077107668975115,0.006839699031599161,-0.32692971455136527,3.056963204225006,1.5841197951277843,-2.0981520967453977
0.005771388330276385,0.0128076530334969,0.004531152038234751,0.006825771048599327,-0.32561694375196737,3.0730120848233486,1.5710600689526266,-2.1108122433365177
0.00578221366832581,0.01282004866736462,0.004555105286435654,0.00681411271669114,-0.3244549592813659,3.0897929545918044,1.5598145981660807,-2.1234056395888476
0.005737298580085076,0.0127483957452201,0.004443568448321078,0.006893181223585275,-0.33146586688770024,3.0150531693576292,1.632464480546401,-2.0612043224210095
0.0057261179658953335,0.012736830987966134,0.00441915992585654,0.006902471915282967,-0.33231823507007213,2.99748986764992,1.6414643653108987,-2.0484259305850094
0.005708415790998729,0.012727717734114866,0.004386123667957323,0.006902653219566742,-0.3323051391254495,2.972171399711321,1.6432247370687862,-2.0327915848409748
0.005751368785456867,0.012780267590774332,0.004484203081875255,0.006853961493198846,-0.3282248295431995,3.040887079196816,1.5974090963925598,-2.0853587667067655
0.005740227758867815,0.012765031399120686,0.0044579254427379545,0.006869361503564078,-0.32962552366682546,3.0228158079458853,1.6117426429035384,-2.071057420163568
0.005832923881839834,0.012900042594411937,0.004676972387996903,0.006721667806124101,-0.3151578296724919,3.169064443490505,1.473746845604367,-2.189632748455016
0.005824808975327699,0.012917926475932777,0.004671965208238591,0.006686936439746437,-0.3124935844053626,3.158793550248196,1.4451516970435734,-2.1900743745040088
0.005847670953844378,0.012958635889463428,0.004726878284273755,0.0066360454919076215,-0.3071941923121834,3.1917730160003153,1.3982249484202711,-2.219267360206619
0.005831016807561667,0.012947793595364345,0.004695155941156637,0.006642632443985026,-0.3085227541730698,3.1683961719080753,1.4064674696899777,-2.2040612672853133
0.005817386776727155,0.012935491720791122,0.004667744314304886,0.0066534214224682866,-0.3100133180918165,3.149221360779768,1.417727704093191,-2.1905603024477593
0.005574257531762337,0.012476376359365843,0.0040075691380919,0.007163830423781487,-0.3463075675083475,2.710798389073425,1.8715345022191632,-1.807951912870228
0.005577817937555072,0.012492867077075205,0.004025843119031443,0.007143353742758528,-0.34540796586680295,2.723122800160897,1.854303537414191,-1.820909958288237
0.0055734295711934246,0.012511647697836246,0.00403424116032458,0.007112413550410752,-0.3433621520213422,2.7272731203360734,1.8285485777641262,-1.8311406353016808
0.005572977952021352,0.012527259088651821,0.0040455949212475795,0.007089528200052983,-0.3421001983257622,2.7340394559528822,1.8094411497743945,-1.840983209770863
0.00569605141796827,0.012715897358057855,0.00435977059326318,0.006911098503584609,-0.33295760053359164,2.95309756380465,1.651472214749082,-2.0191904407222236
0.005685357498514611,0.012702841346711366,0.004335195499351202,0.006922613763408375,-0.33375927499736097,2.9357835804393733,1.6621404014290988,-2.005966786679427
0.005684429474544471,0.012672868965444964,0.004314528536639785,0.0069677278128123825,-0.33708557422168545,2.925344313843141,1.7006191895044374,-1.9894865844711098
0.005675720127835258,0.012689462202485638,0.004311973672212089,0.006935313403704071,-0.3346393900635029,2.9196406536168227,1.6736851190689863,-1.9931654238038392
0.005674302567029575,0.012657053220105637,0.004288631717040353,0.006983507769724179,-0.33814405671505343,2.907366901509136,1.714772376044682,-1.9747614240628641
0.005643639819508363,0.012633801624221855,0.004226621495815212,0.006993179894741008,-0.33828087027129167,2.86134064131476,1.7249797330278034,-1.943852407902554
0.00565615046480763,0.012646443634077912,0.004254020818968432,0.006984556301369312,-0.3378437354408607,2.881176994595623,1.7168947527393856,-1.9582022212412402
0.005632206325135881,0.012621076688232508,0.004200768458372883,0.007002660364567829,-0.3386216340340788,2.842743252416281,1.7336787607925392,-1.9300386582033255
0.005626474959215912,0.012636168115892169,0.004202592034691173,0.006975412152253398,-0.33667202559767384,2.841306924610291,1.7110476330608182,-1.9353431429940813
0.005618151055244944,0.012609236628975385,0.004171631996028976,0.007008467479536265,-0.33866796807731037,2.821340687191394,1.7393662172477067,-1.9152717665140917
0.005601926136486775,0.012595651600553384,0.004138111269620688,0.007014850386371167,-0.33859403982672,2.796784291388661,1.7456043370078362,-1.898337442830979
0.005590382156882946,0.012581237477513045,0.004110886052434045,0.007026197891091257,-0.3389680863878581,2.7774672881632667,1.7556922554935934,-1.8835084388435883
0.005580871885921039,0.012567227138908772,0.0040868652238038325,0.007038509433613234,-0.3393593943532593,2.760598931244911,1.7664498990239512,-1.869954610205882
0.005575485671103052,0.012553372496236271,0.0040688566252367695,0.007053980933023621,-0.3400440938546771,2.748502458103751,1.779606954954992,-1.8586471159774596
0.00556334104143051,0.012542922526976075,0.004043551806882429,0.007058598684955644,-0.33977544775633767,2.7300468812356713,1.7839596828631394,-1.8458327742108296
0.008153419920753129,0.014722939273951473,0.007622105558727355,0.0029799423307458476,0.18983237461769487,3.3292704792580237,-2.0252044121664174,-2.097538847100218
0.008165548444610319,0.014734016125811693,0.007619707442818742,0.0029524867774906043,0.18992299253595804,3.305853903788793,-2.036896868041916,-2.080428831222763
0.008136221997097435,0.014720822702417608,0.007603831136633573,0.0030018142596484046,0.1868099607369793,3.3351095433548994,-2.004505675696891,-2.107696233548227
0.008097284191464835,0.01472157240118436,0.007553368135832287,0.003043640117557832,0.17900553004623088,3.336316698207017,-1.9563013570031635,-2.1240856658209446
0.008116064831198637,0.014724026523420001,0.0075733823501939355,0.0030200335184444767,0.18231299004983262,3.3303371823578387,-1.9787793511494998,-2.113450875437383
0.008055134249595891,0.014703060118435583,0.007527633509189634,0.0031126856409852033,0.17403581112605968,3.3742901646884076,-1.9084018139129058,-2.1605003351318506
0.008080592269792458,0.014718883814745223,0.007536220797589656,0.003065099729962484,0.17623294724445823,3.3423724543378053,-1.936383029082917,-2.133863956502841
0.008062803665290327,0.014718712446936972,0.007513690095081502,0.003084337107313546,0.17264647588533324,3.3432126760365564,-1.9145650284965774,-2.141265683267697
0.00818718758734203,0.014756557392139345,0.00761060179586743,0.002900290905509119,0.18953373572084742,3.2586088364604824,-2.0562413051721933,-2.0470987916309435
0.008205467933064287,0.01475893948767783,0.007629035832167734,0.002876577038230962,0.19255267600476342,3.251146750268592,-2.0776220355910353,-2.0355269964043186
0.008170527946760419,0.014752791211959234,0.00759617485303108,0.0029237017620387215,0.18717554786896695,3.2682942208494903,-2.0371860298866626,-2.0590696761981158
0.006548889131594176,0.01369666827809136,0.006003900726761219,0.00560533514751842,-0.1413583333895698,3.868138208239262,0.333914345089482,-2.715639946134751
0.0065593738258417815,0.013707808653113074,0.00601918756236212,0.005585705944749385,-0.13832930205318258,3.871367650510819,0.31432417814845626,-2.7180334369138994
0.006534387737751643,0.01369986736532276,0.005976204901882384,0.005598200227651948,-0.14361265401705725,3.8425868270647916,0.3360896529760615,-2.702680446880103
0.006522697984664611,0.01369275456277582,0.00595726122670199,0.005610103282548052,-0.14642785090551394,3.832830479345784,0.35055852771763035,-2.6971407766881987
0.006509690143443516,0.01368393753841799,0.005936418164480567,0.005624856423144041,-0.14959710412626845,3.822806358904433,0.36771538346522464,-2.6912970899945297
0.006496977917372044,0.013673734685501066,0.005916466761508174,0.005642021325165971,-0.15285504092160632,3.8145150417720175,0.38646620683946636,-2.6861999856068413
0.006428525804505599,0.01360625937408328,0.005810193859496541,0.0057546893634919565,-0.17151343231759333,3.7781356166228837,0.5023532750813698,-2.6609569611373125
0.006405030222067543,0.013584351235109727,0.005772365543821954,0.005790042602334808,-0.1776949682301521,3.7624957169472246,0.5396038904018181,-2.6503501668867675
0.006416704371067002,0.013595363319088713,0.005791192363863724,0.005772313616753012,-0.17461576533618986,3.770260818788197,0.5209755274677247,-2.655655344031292
0.006484308044068854,0.0136627062184745,0.0058967297759447085,0.005660547866818636,-0.1561625253172462,3.806925746297162,0.40618843975270397,-2.68134918634479
0.006471152442306275,0.013649977232900803,0.005876458957467295,0.005681954101047969,-0.1597635492934826,3.8000930628880982,0.42825583209176565,-2.6766907428422493
0.0064514758493081975,0.013643452034271442,0.005842512619546149,0.005690944897529189,-0.16359184460846243,3.7769198891320728,0.4440972186950098,-2.663971939498218
0.006436598824930297,0.01363436416118448,0.005817950622806622,0.005705085076745635,-0.16700513854068286,3.763377720193413,0.4614299413585539,-2.656019213640556
0.006423142414601669,0.013623875310057229,0.00579623300546308,0.005721812394311199,-0.17028524736302797,3.7531614492633536,0.4800020564030005,-2.6496283837824226
0.006555175141789993,0.01372233763434631,0.006006184253124261,0.005558785933332415,-0.1376312126254138,3.8484189082845752,0.2970940219981584,-2.7071171344198803
0.00656218514848865,0.013737628878451933,0.006013252342625378,0.005531346273072337,-0.13495032712386099,3.841277120262366,0.27387246979295954,-2.704305253768266
0.0065749232807034465,0.01376603139019987,0.006025309113800239,0.00548038639558301,-0.12989954507164034,3.826955876227155,0.2312745370251019,-2.698302472437789
0.006589995774229422,0.013774973459862885,0.006048976960131228,0.0054646712883433925,-0.12622631006500049,3.838195669756765,0.212397188871798,-2.7044309672019495
0.006559936487654967,0.013757713449404229,0.006001475323518537,0.005494792789585131,-0.13332441403072218,3.814893112384483,0.24917821936845594,-2.691723727499134
0.006707839696948237,0.013862893534675453,0.006221543454103625,0.005302630511507187,-0.09620299288250177,3.894208395538619,0.0367038846748254,-2.7341902658878534
0.0066199628057265975,0.01381062116677781,0.0060878485849915264,0.005400505539578799,-0.11754689292016716,3.8378779601510513,0.1520638153014486,-2.7053778540826268
0.006631715604796262,0.013821222956546288,0.006104259785265335,0.005381254702188761,-0.11442311114106696,3.841363436370774,0.1325520412713563,-2.7073740020612855
0.006644024957837513,0.013831890848949946,0.006121509538935751,0.005361757496294754,-0.11116776128219476,3.8453024831591356,0.11258956979831862,-2.709541867101717
0.006657099930740442,0.013842210515716824,0.006140167735862196,0.005342738483144579,-0.10782929179777077,3.8504988949764383,0.09252571327380797,-2.7122799625312983
0.006687497613103852,0.01385999346196098,0.006186208913588867,0.005309186741398807,-0.1004235073134848,3.8697801839298447,0.052919813540543974,-2.7220201177862617
0.006671465740968178,0.01385202544555038,0.0061612732614591305,0.005324428159672551,-0.10425068760196272,3.857893668692688,0.07220108026849616,-2.716058650194101
0.006606803466443603,0.013801331810211126,0.006068192314923215,0.005417265813037398,-0.12077170382959905,3.830542835980508,0.17067058968036694,-2.7014026364902968
0.006605758313112272,0.013817465361749375,0.006059234894275048,0.0053882263196957615,-0.11966271301093663,3.809485923508757,0.15150229213204053,-2.691079823417411
0.006589906910516696,0.013794132814618882,0.006040815945716648,0.0054300514222836395,-0.12458571836502282,3.815152978064121,0.18850809503294183,-2.693323836070302
0.00635188934873229,0.013521595641274923,0.0056870775132299755,0.005891921358252363,-0.1931202899968717,3.7349227572177086,0.640801103491327,-2.62803128926236
0.006358583035063736,0.01353605084426556,0.00569700954320597,0.0058673725762498205,-0.19040386372136991,3.733236431878169,0.6188925538856461,-2.6290633197588558
0.0063928617759734414,0.013573190345714624,0.005752553388234744,0.005807803091854685,-0.18084306003674724,3.753880992150546,0.5584617627345465,-2.6445334030049916
0.0063788423797316324,0.013560692105986826,0.005729510591852131,0.005827431798145224,-0.18445520883028907,3.7433666238746914,0.5795236063465133,-2.637507542958161
0.0063599321776595,0.013555671998854777,0.005696219803750923,0.005832228295028111,-0.18765634268748088,3.718695312221621,0.5911756815567099,-2.623862903966647
0.007618963322766105,0.014461785247487717,0.007244009476880592,0.003865718955207409,0.11261734639097336,3.7554720691443007,-1.3523020892424507,-2.5115834774744816
0.007632371402106381,0.014470453754010222,0.007253624815933759,0.0038415859296511597,0.11481576025987152,3.744583076886522,-1.3712893563376387,-2.5018115018160856
0.007605289976438776,0.014468651925533146,0.007214087612365779,0.0038658845212768697,0.1084535051446222,3.7345967383169536,-1.337235302258725,-2.504099800239241
0.00759211820880387,0.014464366266175196,0.007199104416841976,0.0038827983785217316,0.10572506912146577,3.7363521626287373,-1.319847234340893,-2.5087356364932063
0.007577149260162598,0.014458858671652182,0.007182759916897922,0.0039028804796449393,0.10271190832516365,3.7393886345427063,-1.299909430612087,-2.514515009036787
0.007562367256944488,0.014452180563126938,0.007168025256054414,0.0039245156300100744,0.09984389037506608,3.744604157227981,-1.2798263302998274,-2.5213815824451733
0.007408627198963763,0.014366543025968535,0.00702429521411736,0.004168607282702689,0.06994984987440624,3.8141773720916734,-1.0622432192248878,-2.5980781904585633
0.007422744605217533,0.014374773471731814,0.007037870967941226,0.004146090679506452,0.07279552130458748,3.8083889856802595,-1.082621518683762,-2.5916065173685072
0.00743726236870109,0.014382794534543122,0.00705216876324957,0.004123546043459621,0.07573470208552352,3.803019120273832,-1.1033284061397242,-2.5852200809153003
0.007520211982175365,0.01442860307355715,0.007130655924458094,0.003992725191942367,0.09197994985016944,3.766990466220006,-1.2207605187851447,-2.544795870950012
0.007547993640719317,0.014444824486075742,0.007154611060431173,0.003946792566848177,0.09712052805755726,3.751134734120083,-1.259983981585249,-2.5288071567343438
0.007533973016004218,0.014436921520612272,0.007142259318795746,0.003969569451907166,0.09450942238105019,3.7586986316363977,-1.2403253341945673,-2.5366581039164564
0.00745218823368697,0.01439023119163868,0.007067635053822644,0.004101557064792442,0.0788059039793178,3.7987934509256465,-1.124219495140924,-2.579311654724886
0.007467110675324507,0.014396137201090507,0.007084728942626204,0.004081903935883338,0.08192550689408697,3.797286187070933,-1.1444328896811589,-2.574843232028192
0.007481722679955826,0.01440038527802713,0.007103158418216161,0.0040649817323448086,0.08526819247702924,3.798564910063223,-1.1636087738848384,-2.571914936795302
0.0074929244950525265,0.014410548224683493,0.007108999563222675,0.004040891314549141,0.0869415077459063,3.7857537431802477,-1.1811402527460022,-2.562071206793991
0.0075066075697131675,0.014419875691376705,0.0071196232262007,0.004016337301308427,0.08953272894506824,3.7759386978823444,-1.2011521839253854,-2.5532103674192395
0.007671780399136222,0.014511340580899507,0.007260658806878527,0.0037469811935477927,0.11919532901264861,3.6799494096993004,-1.4296338726323727,-2.4551201606997046
0.007632642093052422,0.01448871917226996,0.00723054388511813,0.0038133035605202093,0.11267153271797392,3.70774406961999,-1.3761943629321456,-2.4816822056681445
0.00765144880501668,0.014510690786525013,0.0072308018810594765,0.0037646816701017625,0.11454277272080303,3.672395271850306,-1.4044559354335784,-2.456943289244482
0.007634912051061479,0.014506407741438921,0.007211290951297743,0.003784547930802447,0.11110320793469973,3.6734426053694516,-1.3832445411347238,-2.4622749742633023
0.007968453319690486,0.014666317750666458,0.007468293459638962,0.003251206995275814,0.1626715193096959,3.4440498273059106,-1.8066514801327802,-2.2299663456181986
0.008027320235592189,0.014691460509240856,0.007508942004079773,0.0031571559765574326,0.17047747741009314,3.3971298553096143,-1.8761292438442714,-2.183189402702812
0.008036170474726406,0.014705921201046324,0.0074986710667612885,0.003128992122186955,0.16961205894215411,3.368587249781381,-1.8844326295424965,-2.16481460122522
0.00799836865191675,0.014679113495134476,0.007489259340206197,0.0032035333660586506,0.16669904892465992,3.4206126637381025,-1.8421739442063039,-2.2064927364963602
0.008007017388531965,0.014694024119922516,0.007478408718770768,0.0031748958680678434,0.16579866412780464,3.391386707913924,-1.8505911003131004,-2.187837513000592
0.007977670191411806,0.01468115594514659,0.00745868302332747,0.003221993269471182,0.16199653918056364,3.415228598563051,-1.8162405111888,-2.2113191420910794
0.007937653922593164,0.014652686167191963,0.007446655818553911,0.0033005856847644574,0.15846644752794734,3.468112683250475,-1.7696619391721808,-2.253921203743517
0.007946793171067487,0.014668607409284945,0.007435753343775823,0.0032699016047824593,0.1576910440087377,3.4373944155778333,-1.7795339781726043,-2.2342962073453734
0.00791711918758942,0.014654206041495494,0.007416442356351561,0.0033187986549201576,0.15379959627546844,3.462390042618489,-1.7440236440175763,-2.2581815013820052
0.007897164579083826,0.014653232644376016,0.007390545175139244,0.0033395629637908695,0.14969048905602433,3.461410737981122,-1.7194330099402746,-2.2646222514399086
0.007878470196154517,0.014649555160502876,0.007370113515817226,0.0033625795889720904,0.14628593247395058,3.4656306047686374,-1.6965966320399508,-2.2732979052407085
0.007822980283422239,0.014626073707627285,0.007325963065139013,0.003447284373519516,0.1378281028544419,3.500764030767723,-1.6287071244370515,-2.3107479767585555
0.00786040993081782,0.014643532197348241,0.007353704704801788,0.003388040805064392,0.14333227669875773,3.4742340250490673,-1.67459944863468,-2.2840294235927643
0.007841904289257458,0.014635202077262559,0.007339701874200562,0.0034169762111460286,0.14061985238052996,3.486944880543089,-1.6519911629558275,-2.2970531791336573
0.007778768786716951,0.014596157099889668,0.007304490864108569,0.003529870533067138,0.13248140201052813,3.5484923316840176,-1.5731651049027002,-2.3508219414726255
0.007805161503369982,0.014616860629032311,0.007313616122280704,0.0034765794470490298,0.1353067278754813,3.5146315831854626,-1.6066360672716897,-2.324030669328127
0.007789851701100011,0.01460633662659705,0.0073063758039796445,0.0035053775108010686,0.13345628379143604,3.5314031204004164,-1.5874031053665736,-2.3380271347235695
0.007804793646965064,0.014641514888394108,0.007279162592517526,0.0034422733815137503,0.13165161002801218,3.466574372567503,-1.606876727458159,-2.2980751717727537
0.0077634583299762035,0.014593623962183472,0.007285972802452331,0.003547131406729458,0.12941064067185268,3.5490569947449706,-1.5541889128363728,-2.355964442440967
0.007673626564231706,0.014532284421603932,0.007236041754468359,0.0037140141075957824,0.11709755110172386,3.6388276754727236,-1.4359780827918878,-2.432145489253827
0.00767657874974048,0.01454952450727098,0.007217926602470911,0.0036859389306458947,0.11555103716870821,3.6059538095017265,-1.4426025552699162,-2.4133291198188003
0.007714870349382706,0.014559582945244683,0.0072611289329038075,0.003638864084829356,0.12302879659779141,3.6005163018377613,-1.4909081076816992,-2.398945910501053
0.00769305597244439,0.014555951355353286,0.00723384217001384,0.003662699231965362,0.11842563700656177,3.5996602822912993,-1.4636896795631518,-2.4050318844484107
0.0077437038630695015,0.014587981009593859,0.007265138347587844,0.003572614159067081,0.12575460799035407,3.5541298678914117,-1.5295363341948507,-2.3648651947684005
0.007721582865730228,0.01458168933275949,0.007241527934502706,0.0036008460753190505,0.1215118453932054,3.5592525993610487,-1.5018972305162954,-2.374419286000082
0.00739263253481957,0.014377308515235138,0.006986282905195388,0.004161364452173362,0.06525251056327495,3.781939104171846,-1.0490735031257967,-2.5839346002025994
0.007378832067575388,0.014369007905537414,0.006973157366579709,0.00418347125628253,0.06247314161821243,3.7876517978194038,-1.0292396821711092,-2.5901851057290344
0.007338922758044048,0.014325050650701075,0.006955794402010248,0.00427968085435023,0.055570721306354286,3.840381135274536,-0.9606032561791863,-2.6279816577312833
0.0073649691386991805,0.014360644023487185,0.006959841349392394,0.004205623764010156,0.05968792817106457,3.7931805394492133,-1.0092610261044805,-2.596300408648332
0.00735105454161003,0.014352037399714157,0.006946542590879653,0.004228106906041633,0.05682776158935721,3.798865066798284,-0.9890626495353408,-2.6024642770475466
0.007337635056991718,0.01434348002038586,0.006933839110635054,0.004250116981385255,0.05411272265694194,3.804577775467792,-0.9694002852668877,-2.608489682159734
0.007313024852378608,0.014302730738289101,0.006936626543519014,0.0043317870228762115,0.05050055500660816,3.8614534818056554,-0.9185128171514464,-2.645006817356293
0.007322546722360315,0.014316281374402938,0.006938076349562456,0.004303780928694907,0.05200463402738515,3.843711200204333,-0.9371753370241606,-2.6332724004893353
0.007287300024867202,0.014284723375028438,0.006912459161541343,0.004376345805187155,0.04508548955125767,3.873450758146091,-0.8788380888131048,-2.656825466533231
0.007297980066070459,0.014297599857098551,0.00691691888638303,0.0043488576502487405,0.046975108108212156,3.858409231476283,-0.8986562519137162,-2.6464157798011523
0.007262484969288316,0.014266455520993353,0.00688945490383803,0.004420539143504221,0.03977638196467246,3.8857766124036894,-0.8397640240888453,-2.66846679978296
0.0072714637226479585,0.014279281033524037,0.0068914761349162185,0.004394121762889156,0.0413412541716524,3.8697824673719983,-0.8579471158211434,-2.6579483911596316
0.007220179484574442,0.014246889960802337,0.006837396341777075,0.004475480046183459,0.030080600270749925,3.883153779391827,-0.7808710769398833,-2.674956105645533
0.00723475174488583,0.014254837650135618,0.006854239052873253,0.004454644065131082,0.033360603245246374,3.8820733547636697,-0.8019368882388164,-2.671687921491517
0.007249549063896259,0.014261444766419346,0.006872666146469174,0.004435822291494914,0.036760062798995824,3.883399237293791,-0.8223626529681286,-2.669641019782412
0.00714366872302442,0.014174563857398141,0.006774811753672006,0.004635520763013924,0.013190686181074949,3.9389843473592037,-0.6466772954997121,-2.718504908988933
0.007117532550061409,0.014155547914734692,0.0067465308463844345,0.004679729854126294,0.007032963452846819,3.9453603123782766,-0.6046754770131167,-2.7260280708390527
0.0071297702579576515,0.014165917388391555,0.006758521503256345,0.004656525636028634,0.009880117151716437,3.9398914783830903,-0.6255410194927046,-2.721186863800852
0.007090307496804939,0.014154684158213098,0.006699790630520455,0.004692211206336629,3.178249515174357E-4,3.917659281155433,-0.5768664435912264,-2.7150568643659163
0.007103146108210601,0.014160782337432343,0.00671676451295459,0.004676467744138069,0.003390285716068546,3.9207327022100826,-0.5945981044585692,-2.714840069165751
0.007142863650083868,0.014191228124766513,0.006758068058542747,0.004606996060678856,0.012592879946555164,3.908243499348181,-0.6590471327084167,-2.7019183919032277
0.0071560190616163245,0.014196380249057153,0.0067759941807312134,0.004592291031285173,0.01575381441599489,3.912403030329616,-0.6765039381838872,-2.702053779842144
0.007205551986970475,0.01423846318766322,0.00682078014413071,0.004497024133853545,0.026773331797090936,3.8847753915773207,-0.7594291225445883,-2.678474729351087
0.007179935410799233,0.014215533223962023,0.00679908654282072,0.004548424822854288,0.02116902862969699,3.9016975635281463,-0.7158308694648763,-2.6922054122683834
0.007189131405797808,0.01422919809853809,0.00680175140686698,0.004520720682413653,0.022964122123180664,3.885897368019179,-0.7355131356665238,-2.6819754960447137
0.007164756313493005,0.014209518369881378,0.0067787311025713625,0.004565741763969053,0.017521510205803403,3.8975191207649647,-0.6955782822800601,-2.6924879226265968
0.006884771437327428,0.014003754733814594,0.006454909557209677,0.0050226036498168996,-0.05034269454934497,3.9257822824776603,-0.24955309930382705,-2.7425946282671405
0.0068743153242746425,0.013991567517113418,0.006444556277646324,0.005046724219564998,-0.05300269219264493,3.931322740636516,-0.22832279885958,-2.746300769807014
0.006846715927057785,0.013975497585388698,0.006405765965961783,0.005081134409542284,-0.05990421130068926,3.9203368694600607,-0.18941047037094594,-2.742454048063358
0.0068600608681607805,0.013985119743415928,0.006423331033932988,0.005061244976197585,-0.05658841334501496,3.9229465294229127,-0.21013758818750386,-2.742929448257426
0.007076580831868734,0.014146005110291189,0.006683414947156463,0.0047126808305430696,-0.003008307346923145,3.917894127493818,-0.5561584378984764,-2.717140323136718
0.007064674046442245,0.014134532309247645,0.006672472131097397,0.0047372289570623725,-0.005715066350084112,3.924655697596131,-0.5348141173467434,-2.7224506621160725
0.007047800439494996,0.014129160360707823,0.0066474879731341,0.004752816699304934,-0.009870619553756775,3.9151821585076574,-0.5139877916011445,-2.7196095701000735
0.007027620216022164,0.0141266638462672,0.006614283741371233,0.004764324100049698,-0.014603839279740705,3.8970123891668034,-0.49284459761835153,-2.712373426590428
0.006982525455421805,0.014101766716879833,0.006555472984077081,0.004822752116762404,-0.02540339688237628,3.8873015927724386,-0.42926773755532915,-2.7125622640464724
0.006996036952130195,0.014111519573947719,0.006571384609377542,0.004801386152966137,-0.02215494117790801,3.8866875311641054,-0.450318431860985,-2.710660086765634
0.007011110876172427,0.014120263830762462,0.006590686764017189,0.004781137781902661,-0.01854731436351774,3.8892289557887794,-0.47191313988000844,-2.710219107451426
0.006967844553002513,0.01409340444582837,0.006536275364963244,0.0048419135773569355,-0.028882398671634214,3.8840327401998898,-0.40847304700758885,-2.7124490417404967
0.006947811520717293,0.014069398313897813,0.006519410957135776,0.004889985106299296,-0.03390037426541861,3.899280256790973,-0.3682346378592516,-2.7227830559480832
0.006950610777870374,0.014088036465606238,0.0065101918116287,0.004856410449984211,-0.03303332845694241,3.87269738554455,-0.3883464138711172,-2.7082056536726804
0.0068953363467302966,0.014034526239038515,0.006452136511498196,0.004965337815880245,-0.046825667702396385,3.8910701945914394,-0.2897010431780487,-2.723323938536943
0.006913333368501207,0.01404565240482409,0.006476036340806049,0.004941193587831052,-0.04239839843584873,3.8956428705834654,-0.315726208261538,-2.724178553179193
0.006930224003731409,0.014060999945886594,0.006494648889577459,0.004909649698782351,-0.03825958462208249,3.8917431561395204,-0.3450238368046909,-2.720503693772668
0.006879694044806164,0.014023403471185586,0.006432210845674345,0.0049887063139483915,-0.05065564410293016,3.8889773863111157,-0.2656703651465024,-2.7235155019809074
0.006734014216816434,0.013902521707361651,0.0062473911799143,0.0052287729721115575,-0.08803879753153591,3.876329518279629,-0.026750678565983604,-2.724717592968115
0.006710293530494284,0.013882130334407078,0.006215786652266949,0.005267648291286003,-0.09428072506682435,3.8717438340662516,0.012420391644160788,-2.72282893038679
0.006716580327221108,0.013897081110582616,0.006219037747698575,0.005240216298237057,-0.0921508250559745,3.860158556629556,-0.008987347556588336,-2.716837929287997
0.006834095941221749,0.013964205150094297,0.006390442171090645,0.005103768653893291,-0.06326711260398822,3.9208937316619425,-0.1674972467807568,-2.7435246974504337
0.006823130204387684,0.01395209721006388,0.006378448516405138,0.005127481125946576,-0.06616276594167184,3.9245253562933575,-0.1459514390393575,-2.746035377481598
0.006806367804079471,0.013945936342954351,0.006352102767513466,0.0051413025657864,-0.07024415538632524,3.9114664079580033,-0.12662864485495082,-2.7401394640419308
0.006769037684426569,0.013934407730050972,0.006291996129326461,0.005167406790592261,-0.0788784337476382,3.8787297557996765,-0.08692215119602525,-2.72482634258466
0.006785486789654251,0.013942437783968573,0.0063167019876247945,0.005150729102671516,-0.07486594377416284,3.8890171970510132,-0.10753489574641993,-2.729466572855362
0.006753465540026465,0.01392663112207524,0.00626862981370114,0.005183317491276699,-0.08255027175935763,3.8689954461109086,-0.06734262231490458,-2.7203749455118005
0.0067358491952982736,0.013920859743591725,0.006240392726542505,0.005195679708577005,-0.08658910546385899,3.853552092945559,-0.04882021493352737,-2.712986540577056
0.0063368039008057445,0.013513110411206355,0.005660933367710315,0.005903400693095861,-0.19630559820646468,3.718342805631469,0.6558795769673117,-2.618123647781022
0.006316849879294537,0.013506358347090422,0.0056257880315611535,0.005910254504028458,-0.1997093443595571,3.692796711880874,0.6691626457098504,-2.6036632708064817
0.006304220997266373,0.01349665873937523,0.005604193837515105,0.0059242026861709585,-0.20262161733998324,3.680812055430768,0.6849871597454337,-2.5959367044010317
0.006289725848499917,0.01349218212867669,0.005578681430923087,0.0059281130404277155,-0.20493088119567185,3.6618620193167417,0.6936335378323277,-2.5852408172238515
-0.005367861687832375,0.011995840466142722,-0.0032696066924812234,0.007589197686698807,-0.33237520147754473,2.178410981541528,-2.2086568177720483,-1.3382106021959699
-0.005344372322052621,0.011979468507360508,-0.003223687080615849,0.0075833873035577384,-0.32808798641470677,2.146375629551001,-2.2023693243164604,-1.3178716370945407
-0.005350149503974703,0.011994483359807177,-0.003247280288070364,0.00757199393749059,-0.32945857624011077,2.1634334417256738,-2.1940923775824053,-1.3330565618248358
-0.00538758491042977,0.01203919779297335,-0.0033413413915890527,0.007558440953270879,-0.3364298969941188,2.2303799269372537,-2.186412120660816,-1.3829955106423641
-0.0053808983519060246,0.01202505837459446,-0.0033177032709599875,0.007568347844924211,-0.3351396714831762,2.213248864585807,-2.1935942007484144,-1.3683447386943275
-0.00537422072813649,0.012010573317012803,-0.0032936354562500855,0.007578531399976134,-0.33376690646016766,2.19581937657297,-2.200949680023831,-1.3533650791437315
-0.005377354227225436,0.012052101262602609,-0.003343117635984312,0.007532145174216601,-0.33497308716812363,2.2325460816401903,-2.1652565917075144,-1.3922643832495532
-0.0053826974286392765,0.012066332709763351,-0.0033649763249457075,0.007520509003503394,-0.3359694030317893,2.248409985925204,-2.1565504302314316,-1.40649143277769
-0.005422164149130177,0.01215370981392718,-0.0035057350106100864,0.007452946965854755,-0.3418878132632753,2.3503201155307676,-2.1056170607842137,-1.4948570993525878
-0.005416151690235149,0.012138892548954396,-0.0034829065391245666,0.007465472632206341,-0.3411463542144704,2.3337672383952035,-2.1152465603606205,-1.4801646080942985
-0.005410401035735545,0.012124551025257307,-0.0034608109779395283,0.0074775272965656924,-0.3403784432551383,2.3177334765389594,-2.1244727271013595,-1.4659118483870008
-0.005388465028540421,0.01208127456463713,-0.0033880304006727873,0.007508313368257267,-0.3369717695076057,2.2651255776244663,-2.147393087968862,-1.421417963345494
-0.005403212196989506,0.012110889185430974,-0.003437564327775451,0.007487120759610552,-0.33929899434505234,2.3009074144788824,-2.1316355741406845,-1.4517961024231016
-0.005395234121723431,0.012096528123723133,-0.0034125567574415923,0.0074966225103260805,-0.33809039894340337,2.282868227690525,-2.138645962561551,-1.436847682650156
-0.005428740610662729,0.01216862630487632,-0.003529289791938241,0.007440721349560046,-0.3426496312706879,2.3673820039436193,-2.0962094446596216,-1.509759207893805
-0.0054449889965675295,0.012196577800571798,-0.0035782525250354154,0.007421351601641223,-0.3444972549579082,2.402799899355568,-2.081449792109339,-1.5388564698143765
-0.005436108418979443,0.012183465537350632,-0.0035536939076080826,0.007429241896567786,-0.34349641445378837,2.385043112359328,-2.087388271491935,-1.524804415259439
-0.005457648169037998,0.012225524598838973,-0.003623316937746601,0.007396497903060622,-0.34558036847351375,2.4354743864390085,-2.0619570105614327,-1.5675118696725747
-0.005437578149996843,0.012210354984850399,-0.003582364861221593,0.00739615587556555,-0.3431776118472806,2.405805902045603,-2.060982656722743,-1.547917909468535
-0.005441393359148797,0.012223717577893853,-0.0036004085948450307,0.007382671653043993,-0.34337889184503206,2.418797658575295,-2.050298826142478,-1.560299216770588
-0.005319522479844995,0.011878391336056787,-0.0030784151710221727,0.0076714434320901215,-0.3195358258435681,2.040274139695448,-2.2666573197708435,-1.2170977532320573
-0.0053134832230754365,0.011863524370304412,-0.0030540191539558913,0.0076812695628612265,-0.31765191447541913,2.022730277454794,-2.273380586823595,-1.201707681421681
-0.005307847328556649,0.011848702242095652,-0.0030300587722007746,0.007691338508887836,-0.3157635348992522,2.0054911746312207,-2.2802822392392277,-1.186410317514113
-0.005302638085908306,0.011833887013515258,-0.0030065045666946874,0.007701721639856108,-0.3138842387555554,1.9885276595557386,-2.2874160139209594,-1.1711631997017635
-0.005297326961895385,0.011818961633098451,-0.002982636918902239,0.0077119669412141845,-0.31192396492379965,1.9713594364314944,-2.294397855994873,-1.1557685084673315
-0.0053083981755484575,0.011891649205570272,-0.0030817380008743445,0.007644672659922822,-0.31844202230047874,2.0441576522195404,-2.2457002854385344,-1.228055935863794
-0.005315353061094512,0.011906251719347253,-0.003106587819046116,0.0076358906825529866,-0.32033388069565505,2.0619225170611943,-2.2397311012343173,-1.2432074676832663
-0.0053274426113959815,0.01193604841203668,-0.0031547666547116007,0.007615256467850775,-0.32370655583040614,2.096591619937396,-2.22521915452827,-1.2737118798475207
-0.005321335429816828,0.01192127798282797,-0.0031307872754536468,0.007625437471775719,-0.322086452889825,2.079348281825087,-2.2323913648456,-1.2585878079498427
-0.005319624200437447,0.011948588203556428,-0.0031602253444718573,0.007592644448478955,-0.3230666823518144,2.101486242507772,-2.207550056585594,-1.283949104894667
-0.005326543340798199,0.011977364915222848,-0.0032006765742513417,0.007566970882689829,-0.32526331306047057,2.1308827053628216,-2.1885837922627016,-1.3120603964293363
-0.0053221250106930615,0.011961901356048653,-0.0031781880552124568,0.007580086033416574,-0.3239935844996676,2.1145972350333255,-2.198229776190441,-1.2968404567034317
-0.005275045958101187,0.011801343121678999,-0.002937401418391331,0.007706259883254738,-0.3069880296108476,1.9405806621938375,-2.288047534034248,-1.1355981474134291
-0.005281113893717863,0.011816253909188784,-0.0029620008753165343,0.007697074188504953,-0.30910684224194207,1.9581243718536483,-2.2819293507211658,-1.1509861954472898
-0.005227859368717765,0.011669142256740136,-0.0027236942546079003,0.007788576147178888,-0.2865674013631282,1.7885251860773295,-2.3419889476876077,-0.9994383841188421
-0.005218401461543157,0.011656046099188962,-0.0026976485326781255,0.007790765392891226,-0.28357738327177323,1.770692425570472,-2.342487295221155,-0.9856292885461846
-0.0052021159801917734,0.011647454883480571,-0.0026708959843876816,0.007780911483413735,-0.2801346775165589,1.7533012359514604,-2.3338822526897753,-0.975934658173219
-0.0052384931630914885,0.0116988592801263,-0.002772148903850098,0.007771096346808196,-0.2915238262818995,1.8228191152322952,-2.330829377216299,-1.0301148302061274
-0.005228788441427519,0.011685549516924687,-0.0027455929213931725,0.007773493938556046,-0.28857536207711404,1.804577767587031,-2.331490772853757,-1.0160212471139654
-0.005239663123084886,0.011715801331621057,-0.0027947585127125188,0.0077554464397071735,-0.2935211726038967,1.839407204454902,-2.3198663895163105,-1.047171952071839
-0.005234441488819647,0.011735505856611303,-0.0028141775665799433,0.007729807482130792,-0.29474459484438104,1.854471180329835,-2.3010878491900617,-1.0661972816923468
-0.005245889989560318,0.011763865927239249,-0.0028610012700881343,0.00771341097724833,-0.2992047397138023,1.8876258837708484,-2.2904432706198286,-1.0953240153379193
-0.005232143405541668,0.011754806547148687,-0.0028357445916442794,0.007707663823538858,-0.2962544818312802,1.8707245531694,-2.28498850893596,-1.0849123188845295
-0.0052457542036618,0.011779472182384527,-0.002880011680810323,0.007697136347758491,-0.300581345345718,1.9017374549626465,-2.27867323300292,-1.1105711784190357
-0.005256336005121528,0.011794206681284848,-0.0029090128324185363,0.007693314519932907,-0.30347827186030557,1.9218870162212593,-2.276885227533827,-1.1262454485270916
-0.006081952261634342,0.01312881058639002,-0.005182386310701235,0.006489712026354319,-0.2779992527557708,3.52196732382821,-1.2269236734825404,-2.437325735438115
-0.006097847331006404,0.01312621249243652,-0.005210222180420621,0.0065035096751714155,-0.27621107005605333,3.549231929813431,-1.2305795053513786,-2.451851947963914
-0.006065786855654312,0.013131539253399015,-0.005154699488387386,0.0064760983977797315,-0.2771549620003268,3.4959705863314716,-1.2169973402222223,-2.4246459443612802
-0.006239074616716288,0.013294759514952837,-0.0054911668952711155,0.0062681050311737705,-0.23605878171527514,3.7115261203730996,-0.9867830526225458,-2.5764033015750663
-0.006233809674243737,0.013309814114412526,-0.00548210311233891,0.006238081298032716,-0.23864095312773695,3.693330933966054,-0.9678799575152023,-2.5698100891879965
-0.006249443980966241,0.013306558565652458,-0.005510824611999016,0.006250829231542874,-0.23343776141543962,3.7220813799369314,-0.9687580642300603,-2.584493193385015
-0.006228742374980063,0.013282927950127598,-0.005471462190471798,0.006285312771262941,-0.23806593680569302,3.700818975407595,-1.0047209178796486,-2.5682135098297048
-0.006223437133315712,0.013297965878626828,-0.005462516886850414,0.006255307089429806,-0.24164146074256906,3.6828165321411803,-0.9858167424885175,-2.5618251863550263
-0.0062184473579712084,0.013271063988301829,-0.0054516992266013435,0.0063024622305299155,-0.24041253095678802,3.689930027733842,-1.0226006323478312,-2.5599365789832444
-0.006213082832668991,0.013286101229768433,-0.005442844126160937,0.0062724368209567645,-0.24466955400451232,3.672126726139234,-1.0036538121768892,-2.5536970503416767
-0.006208189667499154,0.013259167746885668,-0.0054318699574874806,0.006319560288423465,-0.24354476945020878,3.6788717524015824,-1.040437581789895,-2.5515675060740097
-0.006202751519306978,0.013274214357535943,-0.005423094746754731,0.006289480923281839,-0.2475027273695,3.6612863488746235,-1.0213858382647516,-2.545431509253078
-0.006197969404967169,0.013247239343570829,-0.0054119791895978556,0.006336602709518745,-0.24696503514593912,3.667687777380993,-1.0582154204464795,-2.543088098657848
-0.006192459065911098,0.01326228865650095,-0.00540329566045969,0.006306474253101464,-0.2501495276022423,3.6503336535878534,-1.039019909658595,-2.53704313743275
-0.006187786671370488,0.0132352788963271,-0.005392033033059975,0.006353584209153156,-0.25037215199262225,3.656403926121339,-1.0759070645429298,-2.534478913971084
-0.006182214130948327,0.013250315669946547,-0.0053834599812623155,0.006323435452288008,-0.25272514812111346,3.639280234012493,-1.0565642254751566,-2.528543035446933
-0.006177641567294451,0.01322328652339887,-0.005372036738928973,0.006370500353323448,-0.2536309459290988,3.6450281621342344,-1.0934851594821349,-2.5257269195618086
-0.0061720209636219985,0.013238296388860126,-0.005363594154127404,0.00634036495032051,-0.2552800813425576,3.6281277785653114,-1.0740227925286783,-2.519940534286628
-0.006167534192912692,0.01321126234330156,-0.005351999101323124,0.006387343816825482,-0.25624074085146986,3.633558681987354,-1.110923089733183,-2.516834736126423
-0.006161883853495958,0.013226240969795045,-0.005343705839409744,0.006357247946447236,-0.25789944080181254,3.6168747040943523,-1.091393000869555,-2.5112420267290694
-0.006270293666143453,0.013330058657620065,-0.005549973591391037,0.006216095796003636,-0.22868910216206473,3.7427065491731946,-0.9324348938509427,-2.600320163121282
-0.006265107623878944,0.01334520512063799,-0.005540463236737234,0.0061859496395363055,-0.2296417689859823,3.7239842314748963,-0.9135670744041956,-2.5930001578424187
-0.006280773780640197,0.01334175946609366,-0.005569471983148606,0.006198631655957062,-0.22614423521408536,3.7527818830186948,-0.9140883158824268,-2.60802939070985
-0.006259850365114014,0.013318324985389799,-0.005530428886094491,0.006233491031448191,-0.23075769458273263,3.7324835739739464,-0.950643818178721,-2.592468504351432
-0.00625465027071886,0.013333429800837258,-0.005521086231402535,0.006203411572828255,-0.23270452966692498,3.7139282706947276,-0.931748986266525,-2.5853963849909367
-0.006244214096652723,0.013321636059695186,-0.0055016260844649445,0.006220782015002598,-0.2357291468784127,3.7036985547581565,-0.9498548852119147,-2.5776646993898216
-0.006275605695242375,0.013356961996496483,-0.005559789646482797,0.0061684041396142175,-0.22679853264269464,3.733883475583698,-0.8953066636725776,-2.6004908028276996
-0.0062912906047937495,0.013353427294859525,-0.005588931508190074,0.006181091832349609,-0.2224955467777154,3.7627679209332427,-0.895581861068333,-2.615571615414373
-0.006301844034399604,0.013365062028268452,-0.005608343122601385,0.006163484349873678,-0.21838924761333292,3.7726829518894944,-0.8769507294545318,-2.622940978802058
-0.006286173825104582,0.013368688041927416,-0.0055791182556443894,0.006150806166293735,-0.22413306582330048,3.743683566836886,-0.8769564398300248,-2.6078921740571643
-0.006312433964861401,0.013376663550976347,-0.00562769738991034,0.0061458176931015384,-0.21428748239021508,3.782515278260593,-0.8582506162882847,-2.6301552863333075
-0.006296812193440297,0.013380366783865123,-0.005598451325747177,0.006133183239758608,-0.22147490078700335,3.7534014641304956,-0.8585130672815428,-2.615202123756433
-0.005895414918815585,0.012904313181454359,-0.004782143006073151,0.006758660729045518,-0.31513014796288524,3.259567138432956,-1.4963352169068858,-2.2363904418803813
-0.0059321758850724784,0.012955638280464048,-0.00486632658574367,0.006697672846112957,-0.30758948888692106,3.314952562345877,-1.4371556336891713,-2.2809158582901436
-0.005922921420348194,0.012942952645211237,-0.004845388105909522,0.0067128437051468615,-0.309418441145545,3.3012422926752403,-1.4519565654732387,-2.269948440061332
-0.005913635287447164,0.012930181601259715,-0.0048242594140617675,0.00672799486940575,-0.3113291746215841,3.287338656729452,-1.4666956874940018,-2.2588243172715354
-0.005904466561226823,0.01291726730277998,-0.004803164096493401,0.006743324359609698,-0.31327975925662627,3.2734486900765454,-1.4815377520757025,-2.247628894155092
-0.005924999834128269,0.012970689785193336,-0.004860291853870787,0.00666741918336283,-0.305861414070753,3.303519855897154,-1.4124101395520858,-2.2798900856600017
-0.005933903345268586,0.012983498846425903,-0.0048803652252769674,0.0066516500266357165,-0.3039030861276027,3.316237467479692,-1.3971504197433564,-2.290287775504796
-0.005942938189233628,0.012996381211512009,-0.004900578248234398,0.006635709428007619,-0.3019013481601491,3.3289754724606753,-1.3816844620742295,-2.3006797412906086
-0.005952194614308892,0.013009246621851794,-0.004921049938385519,0.0066198057092675885,-0.2998696597767327,3.3418781772665973,-1.3661753440814872,-2.311111595069432
-0.006017066094505093,0.013069530158361991,-0.005052662847398113,0.0065563563362187605,-0.2886908443332185,3.4335420749599384,-1.297626927977172,-2.3755024201865322
-0.006056127365359521,0.01311914218511872,-0.005134662393902052,0.006492466938493248,-0.27945608754690343,3.4839694777584325,-1.233469436133958,-2.4151461682489295
-0.006046363006129326,0.013106857347037586,-0.005114358058417951,0.006508444008857619,-0.28165849209696225,3.4715988960150894,-1.2495770569278308,-2.405443738109648
-0.00603650548188943,0.013094569092905559,-0.005093783116026648,0.006524234334586509,-0.2839123187839318,3.4589148509468077,-1.2654911940630988,-2.3955409137920243
-0.006026710088516604,0.0130821264750476,-0.0050731678474420444,0.00654018767258118,-0.28628635622153104,3.446187134740296,-1.2814942059355412,-2.385539190720509
-0.006000432581734247,0.013072224273238729,-0.005024680664732636,0.006541724025905803,-0.2892377138944923,3.4070474805092874,-1.2889257086960624,-2.36268028863766
-0.005991126135337689,0.013059428495227813,-0.005004691984675854,0.006558173291215697,-0.29145273643144703,3.394911878200405,-1.3051017658082955,-2.3528405978096667
-0.0059816137193984655,0.013046945003614432,-0.004984335494420812,0.006573824477956152,-0.29360470700233193,3.382222686856751,-1.320600090339532,-2.34276595999048
-0.005961759560460192,0.013022053126700394,-0.004941917211968455,0.006604060339096079,-0.29780350893786545,3.355086958762842,-1.3507100179540765,-2.32164411958898
-0.00597168213068322,0.01303462368297541,-0.00496320972427895,0.006588798992206077,-0.2957163974027858,3.3687066393781144,-1.3355543034758737,-2.3322830238446444
-0.005806136677042846,0.01277387214079284,-0.004567963705851435,0.006906590103621879,-0.33118529485791787,3.1144383714758064,-1.6369610898337708,-2.1187907678055637
-0.00579753528058809,0.01276080666203768,-0.004546528653447378,0.006920884746789903,-0.3324354510862355,3.0996383520527684,-1.650307730430108,-2.106707597392718
-0.005798178026067497,0.01278852861310058,-0.00456346907730057,0.006876797769498879,-0.3293258887642562,3.10609659144394,-1.6122656235909616,-2.1201851854276144
-0.005806437292216786,0.012801853740028494,-0.004584182433076066,0.006861651007560914,-0.32787594347776333,3.120033659647609,-1.5982010143953052,-2.1318358949149925
-0.005814938802252812,0.01281537720280265,-0.004605287449274963,0.006846230878061392,-0.326369619365026,3.134191428212913,-1.583831406291733,-2.143629454328454
-0.0058237923760573245,0.0128289405114647,-0.004626875900557193,0.006830869294692752,-0.32482361072530935,3.1486993161959096,-1.5694293699932844,-2.1555717531326635
-0.005833044614253491,0.012842269104544148,-0.0046488868549981075,0.00681603949725009,-0.3232730053630539,3.163594929976849,-1.5553951438412847,-2.1675879006798557
-0.005851711060615521,0.012868048968432593,-0.0046924425724734695,0.006787490111261403,-0.32012180943552243,3.1931260256095153,-1.528127562012908,-2.191098317961394
-0.005842443308145183,0.012855239203704781,-0.004670858140122609,0.006801754400554214,-0.32170165139059453,3.1785262400430927,-1.5417684578048318,-2.179466169985108
-0.00587921835967145,0.01290634254915571,-0.00475608420643096,0.006743856277951756,-0.3151105859725885,3.2356656955421035,-1.486250006363374,-2.2251453292612946
-0.005870081390406601,0.012893600291092343,-0.004735029289391981,0.006758527349792698,-0.3168226568894481,3.2216736880683334,-1.5003591666230882,-2.2139272014051357
-0.005860879405948834,0.012880869774171222,-0.004713777069793348,0.006772992788130517,-0.3184829469642713,3.207449045562622,-1.5142553746755179,-2.2025670759296854
-0.005535534531178512,0.012381744577528683,-0.003873375505636725,0.007261637653745163,-0.34859662692853677,2.615996353184143,-1.95325262993936,-1.7220559086805378
-0.005503658165005483,0.012282527265724047,-0.003739282115576181,0.007366628365545553,-0.34997119452344955,2.519821912955251,-2.0392952150139823,-1.6312686550676372
-0.005496522361860308,0.012268726984649841,-0.0037165536535893108,0.007378091289967573,-0.349593176757137,2.503283928898098,-2.048442208488043,-1.6172723870550019
-0.005489112043110902,0.012254882582748578,-0.0036933483587775705,0.007389198084722332,-0.34912458043689026,2.486390213247082,-2.057247378292097,-1.6031027791091723
-0.005528057408705958,0.012367617531351743,-0.0038505762879166073,0.007274136758446883,-0.3485557767688708,2.599589936445017,-1.9635510858546095,-1.7081594275867273
-0.005520676228864454,0.012353473403667587,-0.003827813277617838,0.007286604862604206,-0.3484690830673911,2.5831990046391664,-1.9737783621800589,-1.6942386234407742
-0.005513448686229205,0.012339196932530003,-0.003805060046493475,0.007299256044946086,-0.3483526461435904,2.5668096490542207,-1.9841120171199946,-1.680227117125419
-0.00550654665917626,0.012324742307918855,-0.0037825026835303435,0.007312317834035476,-0.3482321691623786,2.5505625870531645,-1.9947420909475804,-1.6661542740270257
-0.005500205818793832,0.012310239645977295,-0.0037605690106815685,0.007325843905042842,-0.3481322786274775,2.5347664652005997,-2.00571769574756,-1.6522051411645278
-0.0054943486781060735,0.012296114107520219,-0.0037395399356947245,0.007339194020430223,-0.34802053203606625,2.5196034805879357,-2.0165173690378713,-1.6386717924515695
-0.005543156404991767,0.012396015303004757,-0.0038964195476869543,0.007248927892949315,-0.3485835700678679,2.632565455726637,-1.942734341817116,-1.736069728369211
-0.005463994714349972,0.012240963434964794,-0.003646676581530724,0.00738260800374146,-0.3460049397292369,2.4523708120705763,-2.05096425726691,-1.5825497839517542
-0.005472046815017336,0.01225531385915324,-0.0036711370393894406,0.007371683364788746,-0.34658612035307196,2.4700602323910874,-2.042373411205578,-1.5972401676274222
-0.00574627097483123,0.012680808716788101,-0.004415516285137548,0.007006469634373025,-0.33994148474621194,3.0082961893073126,-1.7291853704976201,-2.031769906559653
-0.00575462440441947,0.012694250437585021,-0.004437356490420963,0.006992240451827426,-0.33881601244363274,3.0236107226697597,-1.7161933062004955,-2.0444204118030846
-0.005788856973748598,0.012747702803752162,-0.004524854310808,0.00693503844455158,-0.3336909808656184,3.084608158583276,-1.6634814779597298,-2.094470239381318
-0.005763041632576575,0.012707694211742638,-0.004459201628191149,0.006977915963386836,-0.337604568975518,3.038886838437729,-1.7030685535433274,-2.057022351232321
-0.0057715580591661715,0.012721115696007654,-0.004481092339845022,0.006963562417236099,-0.3363272535547667,3.054160809298264,-1.6898686473600846,-2.069583189519939
-0.005780172516382401,0.012734470402612745,-0.004503001377597648,0.0069492479885640826,-0.33500689590734,3.0694174788905357,-1.6766534523043457,-2.082080060610935
-0.005729987469874093,0.01268169187180253,-0.004390636881937104,0.006991613618572957,-0.33922066232356096,2.986813126399261,-1.7178959103507083,-2.022031962750397
-0.005688105523143367,0.012614632008957618,-0.00428056806023456,0.007059772613136378,-0.3438856986597653,2.909300082091466,-1.7792396644033397,-1.9582560579063097
-0.005696512910881223,0.012628144680275863,-0.004302874286152866,0.007046300788303111,-0.34305708859607514,2.9250920273472314,-1.7671994528777504,-1.971239460087798
-0.005704928873916587,0.012641520820504541,-0.004325013097802504,0.007032900295974461,-0.34218350827433625,2.940743507568276,-1.7551732313703319,-1.9840750252954928
-0.005696927535443403,0.012655857023491581,-0.004322411935591904,0.007004132951935396,-0.3398386331924024,2.935593338863887,-1.730827263156722,-1.987584000491626
-0.005713419789060281,0.012682561045111776,-0.004365455592194783,0.006976607153508791,-0.3378818991815869,2.9655496112107103,-1.7060473820697315,-2.0123761611199384
-0.005704705415234858,0.012669364475520924,-0.004343359182168539,0.006989812686550173,-0.3388308002681733,2.9500826792403463,-1.7180119279106627,-1.9998266178006625
-0.005584745637700458,0.012436669331063082,-0.003989940936800901,0.007230377635195381,-0.35063478235012996,2.701453443356296,-1.9272498929139357,-1.7850508717461189
-0.005568227685595412,0.01243708276928387,-0.003966715701036127,0.007214423117685735,-0.3486341172682945,2.6832694883179653,-1.9138928143355478,-1.7775603272405667
-0.005560154803036163,0.012424073312934637,-0.003944325967611371,0.007225376597217496,-0.34864159818640256,2.6671001070575504,-1.923098883617276,-1.7643808057182524
-0.00555122814310519,0.012410512708803051,-0.003920205439588779,0.007236171366789507,-0.3485776250588803,2.6496690760540713,-1.9321296514605282,-1.750396113882698
-0.005608259156445722,0.012478132708940324,-0.0040580861320438566,0.007192296020464923,-0.34984306783776176,2.750566499771747,-1.894913725313721,-1.8260616093444109
-0.005592236202479552,0.01245070236687088,-0.004012412494341095,0.007217202537394634,-0.3503783710517454,2.7176258516814253,-1.9161185330899142,-1.7987638068111915
-0.005600155409924416,0.012464591772474215,-0.00403529727725336,0.007204485366948514,-0.3501220189110646,2.734117373895739,-1.905319364593055,-1.8125155113465483
-0.005653808575962801,0.012588542277210457,-0.004210047893843842,0.007069701128504969,-0.34365599230262817,2.8563193087740717,-1.7893185193512735,-1.9228863131906018
-0.005645485814582535,0.012574870804425424,-0.004187632790135793,0.007082948502558007,-0.3443115272797757,2.840468848015615,-1.800965612782852,-1.90979200561182
-0.005637359628607512,0.012560988221665452,-0.004165268530081922,0.007096535861805889,-0.3449650681565987,2.8246676799381665,-1.8128468987229855,-1.8966038223915727
-0.005629577768663629,0.012546862365017104,-0.004143139912914527,0.007110640046728531,-0.3456186493503374,2.809065072301873,-1.8251059499998818,-1.8833712492169317
-0.005622561632798132,0.012532708260567215,-0.004122019826190932,0.007125320171625669,-0.3463025843276219,2.794237416173875,-1.8377865631653985,-1.870439028332992
-0.005599766747007583,0.01249224689047234,-0.004057078003817743,0.007164043023082329,-0.3476221428420698,2.7480107921701236,-1.8711220401624409,-1.8315926055376155
-0.005615048885260487,0.012519138903505296,-0.004100518756755749,0.007138561424646591,-0.3467947613786832,2.7789686796055126,-1.8492282942525808,-1.857536368707177
-0.0056070549685203796,0.012505752743249936,-0.0040783709721551814,0.007150966024893751,-0.34719364456927665,2.763156788385458,-1.859921409994973,-1.8444579498807683
-0.00566245239650696,0.012602009081204658,-0.004232715134742083,0.007056892003597743,-0.3429904089386346,2.8723856503900946,-1.7779810976731822,-1.935969183808252
-0.005671414569453408,0.012615377763759275,-0.004255717015403209,0.0070443554537446195,-0.34231926383569183,2.8887217050565055,-1.766807931499746,-1.9491162630190304
-0.006355156589749451,0.013422735238775145,-0.005704443526645377,0.006074650491816404,-0.20400185028195594,3.8202593515992675,-0.7832592230951558,-2.6579895092558257
-0.006350391721608856,0.01343796187786323,-0.005694035948695477,0.006044634139663178,-0.20580700096778748,3.799942322046405,-0.7652198814201882,-2.649674952887557
-0.0063444217095872096,0.013411267706097348,-0.005685353784005791,0.006092520705494902,-0.20565636107740567,3.8111352152112214,-0.8020666060083327,-2.651160336700926
-0.006339659019568074,0.013426492753980659,-0.0056751287880895855,0.0060625100551582,-0.20914584444694626,3.7910106344826424,-0.784018893971401,-2.64309498947986
-0.006323060291193107,0.013388231747947458,-0.00564698699304994,0.006128098600540833,-0.21054617192357572,3.7922347465791915,-0.8395277818298679,-2.6372450281977455
-0.006307500597457531,0.013391981537798565,-0.005617754743437973,0.006115557433244287,-0.218725469676047,3.7630232481677415,-0.8399888096797422,-2.6223988739143347
-0.006333722908021256,0.013399766504457605,-0.005666205618449775,0.0061103330411690325,-0.20762425374211327,3.8017912050040064,-0.8208048027424374,-2.6442414102698133
-0.006328937399710052,0.013415021161931226,-0.005656118356814856,0.006080265454122723,-0.21255739573231705,3.7818668693059307,-0.8027429829597156,-2.6363592510740474
-0.006318215383593593,0.01340352741054257,-0.005636988292557882,0.0060979299011931975,-0.21577846549792676,3.772524353657466,-0.8213977240340254,-2.6294579590333895
-0.006345329336685259,0.013453411754464758,-0.005683456367534771,0.006014779116579134,-0.20278941875992698,3.779788269632388,-0.7409087399562658,-2.6414601601321315
-0.006531733590664735,0.013601545239737611,-0.006002467425178864,0.005780349253944474,-0.15198981606522877,3.9466310869364194,-0.470641765734012,-2.748136411606374
-0.006527748646037723,0.01361701422581498,-0.005990201550508146,0.005750520639366558,-0.1552513351592549,3.923362722851309,-0.4544257100780181,-2.7375962129103697
-0.0065430653130452605,0.013612423365294982,-0.0060205999322776255,0.005761460826044951,-0.14828970292958818,3.95322256278305,-0.45059316086523654,-2.752647757346954
-0.006520436102827724,0.013590631571951553,-0.00598427439712602,0.005799182097081721,-0.15564935937593372,3.9398936751700013,-0.4906381818175853,-2.7434911769803274
-0.006516412619360547,0.01360609337717464,-0.00597214245234826,0.005769320860666137,-0.1584220724328889,3.9168208586671796,-0.4743389930561522,-2.733158392882416
-0.006356081563625032,0.013464936171203597,-0.005702057856521259,0.005996700424428638,-0.19968799070463986,3.7881619833256726,-0.7220375616105891,-2.647665802966729
-0.0063669857110811535,0.0134764061753619,-0.005720817851451766,0.005978635118870008,-0.1965410287214491,3.796591666529395,-0.7031153864333027,-2.6538453017877175
-0.0063779991451915355,0.01348778834820098,-0.0057396639216733625,0.005960628915024579,-0.19344255913815192,3.8050364602741538,-0.6841877440988968,-2.6599719058860853
-0.00638902172416644,0.013499129482182159,-0.005758406209306997,0.005942567674481306,-0.1904255989308361,3.813299951921484,-0.665191837242962,-2.665947312851257
-0.006399985002503655,0.01351053205013967,-0.0057769010027694905,0.005924247793060652,-0.18740200995357317,3.8211827815509274,-0.6459914307486175,-2.6716783309926577
-0.0064533763482403275,0.01352440926578893,-0.005873925861184615,0.005910926066241805,-0.17417607267764745,3.8958522784779586,-0.6094221124157649,-2.7131514144693085
-0.006437902812520071,0.013528815355160253,-0.0058438378737459195,0.005899036590362814,-0.18119177355392943,3.866286062823297,-0.6119083822317157,-2.6978487678486656
-0.006464466094067266,0.01353553390593274,-0.0058924791473832705,0.005892431000281344,-0.17027590557132247,3.903605074656449,-0.5896805393408306,-2.7184845261056547
-0.006449054557693697,0.013540001271857909,-0.005862401534512208,0.0058806132610708176,-0.17830047504338617,3.873984530184401,-0.5924219224626447,-2.703345342259713
-0.006410953690813393,0.013522024060074347,-0.005795258706725991,0.00590563642855118,-0.1842444714427474,3.828755520282668,-0.6265467443041546,-2.677204208079171
-0.006422056516333776,0.013533490545914004,-0.005813735093822059,0.005886974867119647,-0.18094958097700334,3.836321028448238,-0.6070134543178157,-2.6826690313171624
-0.006539127857756544,0.013627894319225163,-0.006008220810093122,0.005731673323413406,-0.15189490573456577,3.9297777889733005,-0.4344428470395449,-2.7418963431175105
-0.0065544311575132675,0.013623265840603561,-0.00603865681683585,0.00574253254392616,-0.14579928418085333,3.959604331167333,-0.4305293919684237,-2.7570457613736106
-0.006550521654703621,0.013638754618085627,-0.006026142177868958,0.005712737704187724,-0.14824916698959245,3.936001707515628,-0.4144041139891563,-2.74603790116492
-0.006565831011279577,0.013634072558014073,-0.0060566458830703706,0.005723556240163174,-0.14411197994330166,3.965739073744883,-0.41042056951380984,-2.761321655655077
-0.00656192080477849,0.013649613141838574,-0.006043939894122345,0.0056936828912169885,-0.1446537028107182,3.941983993380125,-0.3943249057853089,-2.7500171950588093
-0.006577264761224861,0.013644843410250553,-0.006074590382573288,0.0057045073500769,-0.1414793349914879,3.971676650592249,-0.3901871419304594,-2.76542401664503
-0.006573356485761955,0.013660457963000359,-0.006061671210321578,0.005674535018903256,-0.14143956966332927,3.9477710977457368,-0.3742031474173455,-2.7538667562476635
-0.006588732293902653,0.013655578290412796,-0.006092498803548527,0.005685376720752794,-0.13724310520928248,3.977501476917608,-0.36979076954494317,-2.7693047405127422
-0.0065848673565590135,0.013671260867871675,-0.006079416395872738,0.00565534685082603,-0.13853929646613805,3.9534513394238595,-0.3540184112661999,-2.7576224358550863
-0.006600233495542399,0.013666277091978747,-0.0061103593642505396,0.005666176748694673,-0.132144412437377,3.983259933941898,-0.349273535293073,-2.7729631840284745
-0.006634937971731551,0.013698155965600398,-0.006163499639434109,0.005608326871031913,-0.12107497504215863,3.999806181414956,-0.28769947210534247,-2.7830873970008114
-0.006623336449023661,0.013687566035138606,-0.00614586837642254,0.005627642368320473,-0.12332573340174967,3.994485120037153,-0.30819072928923896,-2.7798068202601915
-0.006619757060932538,0.013703235791828633,-0.0061326570734148165,0.005597841787578454,-0.12918940242971858,3.96999284408427,-0.2931115157293507,-2.768219975338326
-0.006611768252052548,0.013676939708806896,-0.006128154508624638,0.00564692621430327,-0.12713462907556167,3.9889430788937137,-0.32871733037789946,-2.7764438753625
-0.006608101576273042,0.01369264763931316,-0.006114969383242374,0.005617007108454552,-0.13264939367291514,3.9646030453740484,-0.3134532973327258,-2.764832066106237
-0.006596458531098317,0.01368199543793329,-0.006097196949986387,0.005636163721125228,-0.13569948428457765,3.9590666975451083,-0.33376252086835606,-2.761286586051656
-0.0068737875075634836,0.013902152668993596,-0.006503474301650578,0.005210266170514508,-0.053752525442889575,4.0697971365798065,0.1312022893695773,-2.817913619828836
-0.006871204020996213,0.013917923696926801,-0.006488042586710734,0.005181306425154175,-0.05822928974826267,4.042223259327067,0.1430255668226336,-2.8042443785002527
-0.006886061847125404,0.013911954649541827,-0.006519812563417272,0.005189807029187166,-0.05022326369086403,4.071492998037965,0.15247492114977712,-2.8180677038614697
-0.006861544017724471,0.013892312172387889,-0.006487064702308215,0.005230682838665954,-0.057928844703461047,4.067935855381296,0.10994397950380246,-2.8176033063129675
-0.0068589107445653575,0.013908080824927851,-0.00647174034981006,0.005201661287812736,-0.06144507590169721,4.040474401668061,0.12195641952837298,-2.804023209173137
-0.006849331498161108,0.013882433256544183,-0.0064705996900771045,0.005251037254108208,-0.06125450122280798,4.065933146234238,0.08874025760326758,-2.8171149641949946
-0.006846664298037309,0.013898182907172823,-0.006455413202324304,0.005221991600543052,-0.06468116140364788,4.038601694682867,0.10091559776199734,-2.8036698356156893
-0.006837150069184488,0.01387251601870674,-0.006454079561264962,0.005271329066569914,-0.06385244463101061,4.06375061420892,0.06758464566006743,-2.8164619610725903
-0.0068344502050928435,0.013888246367624766,-0.006439023256804627,0.005242272382017819,-0.06817416036163791,4.036551433020741,0.07989019394637337,-2.803169382987982
-0.006824999850860256,0.013862560556543108,-0.00643748992815241,0.005291575962514047,-0.06717253005018253,4.061356644448353,0.0464395262347627,-2.815666762122787
-0.006822253435916938,0.013878286832572662,-0.006422535251441455,0.005262477003749744,-0.07168509352867518,4.034287999422381,0.058880628012650905,-2.8025063853154504
-0.006812880963004883,0.01385256696814258,-0.006420832482721745,0.005311775927958344,-0.07094000606883569,4.0587795151229065,0.025313064910859207,-2.814723929491915
-0.00681008831388192,0.013868294138723217,-0.006405982650706333,0.005282619911859006,-0.07501549976638218,4.031856701052107,0.03790546013917311,-2.8016914968275217
-0.006800793525181948,0.013842535352014636,-0.00640412103535611,0.005331912282881576,-0.07387250056187848,4.056038179808198,0.004241028807735587,-2.813626794811024
-0.006797971783890733,0.013858265847837373,-0.006389396488853263,0.0053027045191756,-0.07840183616764212,4.029276820129941,0.01697622505793037,-2.8007311232106757
-0.006788737656698446,0.01383246580708731,-0.006387354713801096,0.005351986103648916,-0.07616244433115181,4.053098970646729,-0.01678438204595591,-2.8123992860442635
-0.006785892470558591,0.013848221411950641,-0.00637274455753743,0.005322699192334934,-0.08202013779654303,4.0264963059211665,-0.003915331835127749,-2.7996067144253023
-0.006717072049872408,0.013771257625019942,-0.006285291787226627,0.0054714863514220375,-0.09994736087969443,4.032011080434015,-0.14289167080566037,-2.8022288997443994
-0.006713830354618371,0.013786968700014968,-0.006271189615066433,0.005441924067983702,-0.10142644052569301,4.006233986240351,-0.12882815349417798,-2.789573995461186
-0.006728936011698175,0.013781552642028792,-0.006302447176313561,0.00545171649659987,-0.09678238209652608,4.035830008608656,-0.12201719794980216,-2.8044049303489675
-0.006740832253114334,0.01379181033250085,-0.006319557038160999,0.0054318735515282235,-0.09258535324342405,4.03951388216802,-0.10102686133851867,-2.806358338803031
-0.006725728075820146,0.013797337082144527,-0.006288179365101646,0.0054220717617764124,-0.09818387163964905,4.009911970311222,-0.10810254123695316,-2.7915546444464994
-0.006776713476601135,0.013822358432705554,-0.006370518617830702,0.005372015160647763,-0.07904282727233757,4.04993676163284,-0.03781184228677049,-2.811073214069307
-0.00677382556408209,0.013838166469106591,-0.006355981233928695,0.005342595683464108,-0.08565549975505739,4.023482478177794,-0.024786419479628927,-2.7983009767152605
-0.006764721103672905,0.013812213328629513,-0.006353603364772466,0.00539201045205188,-0.08306993100942568,4.046582980933889,-0.05887454232765729,-2.8096497233490063
-0.006761760993790989,0.013828074635417444,-0.006339104905995198,0.005362439801119511,-0.08904143993981435,4.0202702492790445,-0.04564646941693606,-2.7968197722023658
-0.0067527606564291775,0.013802030595032835,-0.006336612605602264,0.0054119674721002054,-0.08783114621561776,4.043096676137945,-0.07996124123101263,-2.808094356856285
-0.0067497088536134274,0.013817910750762602,-0.006322152244005295,0.005382292556966896,-0.09215114425115402,4.016918513035869,-0.06649552403352517,-2.7951860120026226
-0.006737690800054035,0.013807660435370952,-0.006305167441467987,0.005402178154221338,-0.09514004465904678,4.0134650562485765,-0.08732091891530668,-2.793425599793362
-0.006646572705140479,0.013708709395206254,-0.006181067230769322,0.005588959143647019,-0.11911869353470768,4.004889280015066,-0.2671806244634313,-2.7862677172173522
-0.006631406096837859,0.013713802385846742,-0.006150208606254697,0.005578592591972231,-0.12547015437654419,3.975151722990286,-0.27273978444298413,-2.7714226221828047
0.01364245164011788,0.01392772658026839,0.005594559701472958,-0.005187780678669589,0.2036785311683337,-2.421361511615542,-0.6930397571690871,3.383079031662106
0.01363837325770526,0.013962609639532369,0.005589309038257914,-0.0051314178468073995,0.1995334114562185,-2.3980707091680027,-0.7106203817021495,3.3432419712301185
0.013431851866669675,0.014197603913037645,0.005816141739457196,-0.004753636624187479,0.18331783225180054,-2.2701321037231783,-1.0048385771427337,3.1832217132659584
0.013611942628611644,0.013991424411659638,0.005621686088851475,-0.005086547981656488,0.19759992275093888,-2.3849767654739247,-0.749835024821179,3.3273375246390455
0.013460010774199383,0.014159270885358403,0.005791434367058108,-0.004816436437310844,0.18620743371471019,-2.294532169113974,-0.9655823774840878,3.2159996804135766
0.01348417289550758,0.0141156092520533,0.005774269541825084,-0.004887262800511923,0.19042654644487803,-2.3226924541841125,-0.9283806076514125,3.2569176387158545
0.013538156773609221,0.01405891235417972,0.005713479528231217,-0.004979529891291186,0.1941144893682747,-2.3539644335147725,-0.8525889308820481,3.294504981045194
0.01357774151642343,0.01402821132644009,0.005662626137193288,-0.005028558419320051,0.19517761137593628,-2.367283929813198,-0.7995507309244809,3.306054609755653
0.013534875930715751,0.0141084277069298,0.005697073003255969,-0.004900603065636006,0.18773010282278424,-2.3191710162756727,-0.8702030838278175,3.2350596430540475
0.013680320509844168,0.01392102759801805,0.005535115551534435,-0.005194871684025126,0.20141596792021002,-2.4144964121132997,-0.6493906069960641,3.3614948931143696
0.013698521791312797,0.013895425914465015,0.005513336367982104,-0.00523428480184636,0.203600628566707,-2.4262221458727318,-0.6195821972025766,3.377705863336337
0.013895539929104306,0.013655909082978018,0.005239164640618647,-0.005582929046764847,0.21949919613287291,-2.501397533530975,-0.29495389085138896,3.4759449191428007
0.013864533054323764,0.013685420753791705,0.005286578215091813,-0.005543735322584808,0.21818283713029565,-2.497994564071256,-0.34286401951247175,3.4740155229836147
0.013828788025530456,0.013710513954311934,0.005341815369731815,-0.0055122242893829955,0.21800410813407625,-2.4985428138204533,-0.3930129988605838,3.4805987754167016
0.013830930622900594,0.013760733013576205,0.005329666548438587,-0.005429274518953979,0.21082578660462617,-2.4655032539601045,-0.41803918955452346,3.4205223238134073
0.013744300563154729,0.013822914739070033,0.005458097884633153,-0.005345729950447859,0.20969001129333328,-2.4594362027518843,-0.5382265982500316,3.426204148313716
0.01380816372495125,0.013810090018451763,0.0053569367651358744,-0.005354221069848696,0.20598382453787786,-2.4431991800009336,-0.46624415698688165,3.3847636405554167
0.013741177758206019,0.013879147794173124,0.0054487327580898465,-0.0052546410976835834,0.20236142766440626,-2.422819651421601,-0.5672980063568706,3.362062067089162
0.014154893931322637,0.013333398047148946,0.0048094410118484955,-0.005995933211046572,0.23673922408754308,-2.523759612897912,0.16215681167449228,3.5106857690125852
0.014075164129694187,0.013431123615699626,0.004949290313469774,-0.005879257754456377,0.23230242595168057,-2.5280190021226727,0.02097331902270203,3.5146215600680972
0.014128931719702663,0.013372405862676186,0.004856496571993039,-0.005947111206390652,0.2343646969847905,-2.5227435152568236,0.11060864858255669,3.5064366744694273
0.014117306814614995,0.013425609229003304,0.004880557107037556,-0.005867220974588354,0.2284157624583947,-2.5044017175063034,0.060529079645889446,3.469815525055759
0.013928357165900301,0.013611546518563817,0.005189291446988182,-0.0056449837086692675,0.22237843480881095,-2.511698849626189,-0.23611102114224963,3.4909174285649134
0.013936203978937821,0.013668328767832305,0.0051715347367961,-0.005549678975685305,0.21366596646410124,-2.4740126605631443,-0.26379334728526743,3.4209240154172478
0.013982061821482802,0.013596699852639699,0.005102459679553984,-0.005649791674941832,0.21874045117031313,-2.4921780824231288,-0.17658859573937277,3.4500392601627032
0.014058730840698558,0.013468861038025122,0.004978141939758088,-0.00582559712556173,0.22882426746943765,-2.5185071219960125,-0.020845760765007285,3.4961677766359984
0.014026695579356355,0.01350909726215906,0.005031431007055913,-0.005774386201728646,0.22664186266990732,-2.516055195240057,-0.07742093673407723,3.492142273128031
0.01400483890666282,0.0135599826488811,0.005066744555158335,-0.005700633047172401,0.2218808950303999,-2.5004771779264434,-0.1317501669946143,3.463908924503983
0.014254631064003084,0.013145618555791536,0.0046092457876888045,-0.00623567944142553,0.2505075327444733,-2.5304101053369092,0.39614902159398896,3.5443283845615485
0.01424657545415319,0.013186674142906798,0.004632976130891669,-0.006175415435620654,0.2458826454182513,-2.5209116876144004,0.3539585098764096,3.5209512995690244
0.014231954762987248,0.013228923351881345,0.0046663517694437474,-0.006117431550876803,0.2419318063166966,-2.5149531060889854,0.30691706252162665,3.5045550077692638
0.014202416561331452,0.013271860930547594,0.0047225684182538455,-0.006067115649895979,0.2394953785123704,-2.5182518538665,0.2490659393895967,3.505799354185616
0.01420338214844929,0.013327858668846069,0.004730835230757228,-0.005977049258666457,0.2320870304640639,-2.4935503786364497,0.20390516651982074,3.45517120388871
0.014299005562300347,0.01312732041094183,0.0045333314171680725,-0.006233508919817375,0.24722577793077313,-2.503010422926797,0.4425623881114761,3.4975736315024557
0.014444649314652367,0.01286387236727932,0.0042041407974353915,-0.006526717074658579,0.26201428412431543,-2.4559941723431824,0.778378535697316,3.47137701272916
0.01444020901085725,0.012899391360251795,0.004227568764877793,-0.006476348118588603,0.2579776395161612,-2.452696370821723,0.7405706194119909,3.456224874809523
0.014482198656318754,0.012839989737155399,0.004135490034862369,-0.006529131993037703,0.2593880848622918,-2.4281465378223808,0.8197728235474315,3.4286759343331528
0.014343073028613118,0.013123597519032406,0.004463097818740468,-0.006207648668812899,0.24225762028731004,-2.470605266093271,0.47388637999475397,3.4400740960377822
0.014438783666384543,0.012941072019409985,0.004248232834345333,-0.006413960205645935,0.2530501920954457,-2.444874061008599,0.6988193060474683,3.4320111569304563
0.014419069794653582,0.012982096817863498,0.004295488283580478,-0.0063676174223935905,0.25016984916322454,-2.451252518533666,0.6490518991957118,3.4338399407561364
0.014393821702690317,0.013010399001190052,0.004345409813068591,-0.006344492182522601,0.25025898368648486,-2.464338800126104,0.6084277393193028,3.450800364578582
0.014390040367777884,0.013047420741266441,0.004364978093858117,-0.006290395369706007,0.2459397854532651,-2.4572815642466264,0.5714755132814994,3.4305321758902068
0.014375299368877716,0.013094195176456448,0.004403832025457271,-0.006229507704582991,0.24165920890584272,-2.455126304139253,0.5199689719366446,3.417734724287367
0.014617703545335878,0.01258896184705832,0.0037907971953392767,-0.00676400500161631,0.26916011156279357,-2.3306974144389816,1.129297295159372,3.338398907927509
0.01461517939377982,0.0126238910033704,0.0038170882284890638,-0.006716777702684096,0.2653739419891374,-2.3325357018969353,1.0914446186503002,3.3290581645161623
0.014577268768186259,0.01263677989855027,0.0038799102835261824,-0.0067376570742581,0.27005292033559053,-2.3659965974619,1.066905493815085,3.383192138786818
0.01457195368767588,0.012677066760646435,0.003912533868972738,-0.006684472746826543,0.26586700925422435,-2.368693857040863,1.0224595165130184,3.3740663845571173
0.014563998923764782,0.01271647370802162,0.003947473558062911,-0.006634911801574376,0.26221804112439817,-2.3728365887176577,0.9785453976939064,3.368417509275002
0.014537861601825778,0.012770165500169893,0.004016039791875969,-0.006581402195993141,0.2598000581302719,-2.3901839138948477,0.9137063140478433,3.3821966398066636
0.014560161262522832,0.012748570000587083,0.003971347488497911,-0.006591716693461788,0.25909633176173513,-2.373162037377779,0.944054392744776,3.3590008611738176
0.014547878673192608,0.012802228353365705,0.004018435791708329,-0.006524734258940521,0.25472015264976794,-2.377637385361564,0.8850794420906143,3.350892626936247
0.014530810497124527,0.012834664837464899,0.004060304225006052,-0.006492734076236669,0.25318836867501715,-2.3877428888536687,0.845786222592238,3.3593357794257117
0.014649999329679772,0.01257555467787351,0.003736143480798453,-0.006748474125499444,0.2654408581578469,-2.301616956718235,1.1514263853963607,3.29239156962738
0.014666880122568027,0.012541071188213121,0.0036891240003653586,-0.006778485804121667,0.266696528153011,-2.285765307100674,1.1917855072712176,3.277494435976365
0.014754712612462834,0.012245408677337356,0.003340027947141632,-0.007075181435949762,0.28315307459095346,-2.1686906206120375,1.5242197605202306,3.2001960376691785
0.01477467743428503,0.012225473104428569,0.0032967206120994704,-0.007075786386444452,0.28130961287489686,-2.1458253097403204,1.546231543530846,3.1693849652815036
0.01476472529017826,0.012271944284570104,0.0033497075105680223,-0.007027969978220643,0.27875051848670485,-2.1651149133853314,1.494988535400945,3.180803149122289
0.014698654042800746,0.01250508457914414,0.0036199946215979225,-0.0067932709276938156,0.2654275810666069,-2.255628445060857,1.2360821330143972,3.2386517515961297
0.014697414862748337,0.012430560578088367,0.003567086796689689,-0.006896788851177838,0.2738702555734081,-2.250821318434648,1.3161626974021485,3.260513785903829
0.014723962553275722,0.012468340851692782,0.003559048677917113,-0.006814992432869199,0.26527760280089835,-2.230242771038856,1.2791518555086396,3.208872243472594
0.014712124976521067,0.012344162097826985,0.0034794061336655855,-0.006996705945053131,0.2805837365026516,-2.226377528086331,1.412723460389428,3.255441703083726
0.014711022810709858,0.01238896866941043,0.0035165908159483484,-0.006937474714236139,0.27579351584199857,-2.233732087057511,1.3631832033233413,3.248259594606965
0.014755456558888729,0.012298224070236008,0.0033839625644495647,-0.007005021604103905,0.2778111467915703,-2.1788196897936274,1.4658308561219748,3.192519848962904
0.014746796265032402,0.012325583636452496,0.0034179791686763557,-0.0069795012324519205,0.2761321351588982,-2.1916085649644974,1.4354814281626527,3.2024508536105687
0.014979817816078338,0.011398762275923978,0.0021609669892481763,-0.007694830697601231,0.3042416859193677,-1.5544188600930446,2.3784879925025417,2.6427891083423876
0.014982973737793554,0.011377210948744472,0.0021302356053219075,-0.0077089484101798365,0.3046221520123895,-1.535638706630404,2.3979530339766195,2.625981682486809
0.014968951712695917,0.01147945996969732,0.002273645746000865,-0.007637971492207316,0.30207274343908136,-1.6218115957068127,2.303400286845601,2.701382769337028
0.014975953863210868,0.011424634386906978,0.002197704771102512,-0.007677642280148053,0.3036567135705075,-1.5767141328648189,2.3548925369556524,2.66268025555421
0.014972159813863337,0.011451716478541029,0.002235678914531337,-0.007658805600585781,0.30304885866384185,-1.5994377713702386,2.3298001094616008,2.6825795703626816
0.014899271703839662,0.01165294109898093,0.0025554082427309828,-0.007575570035280198,0.3062183696794358,-1.7932264412452505,2.1547567975558017,2.887798998934123
0.014920303461359847,0.011636254107152525,0.0025135617938496194,-0.007560063513069875,0.30272950489358097,-1.7652038100331418,2.1636394828441525,2.846954547130527
0.014940222895720102,0.011549124603833144,0.0023879750140676464,-0.007616880938461498,0.30428224942555193,-1.6928024635350176,2.2464988727469337,2.7796728573970673
0.014936377840657197,0.011580400222032288,0.0024300191900176217,-0.007591775552288842,0.3029893543409985,-1.716541064424731,2.2155369279829795,2.7990365812439255
0.014928460319100221,0.011611256529040962,0.0024752982514028607,-0.007572990209608122,0.3027820654450028,-1.7428025085580308,2.186645830233094,2.824181327384142
0.014969053229776652,0.011507550252468697,0.002308546018209436,-0.00761103391107791,0.30051726604475665,-1.6413229866376724,2.274694336205799,2.7144881520113127
0.014969756408589023,0.011537534073565099,0.0023447726286584393,-0.0075809557737383905,0.298557928045976,-1.6611386849848195,2.243639298593251,2.7269216345335856
0.014903523160354388,0.011683279995919135,0.002586669562297371,-0.007536779666719409,0.3030964436764257,-1.8076688922432798,2.120104154605175,2.8909039717995206
0.014895398143111799,0.0117103698215671,0.0026268764963757545,-0.0075202843434294285,0.30276395751283663,-1.8303002532505885,2.09389686435408,2.9130381381021793
0.01487658773872067,0.011730787633953731,0.0026709250413717686,-0.00752694615128778,0.3054180908839081,-1.8582068664722193,2.0786375996550794,2.9507226788702474
0.014872262923852967,0.011763455189699519,0.002713049007721879,-0.007497470935867432,0.30377069524790773,-1.8798347515823595,2.044122950367042,2.966961827657201
0.014867597109173736,0.011791688409984182,0.0027500781026085397,-0.007472957060550018,0.30242379601698216,-1.8987986130876486,2.014476718214137,2.981912712586165
0.01480739560117618,0.012216838055870071,0.0032472353695697444,-0.007045283841046325,0.27668848583794753,-2.1138625899209695,1.554993951633767,3.116706462310679
0.014788418121445763,0.012067878970162009,0.003133558638403465,-0.0072580997121523645,0.29437336083164667,-2.08846181149739,1.7218267651252313,3.1519053000973734
0.014791052616489712,0.01209604499226436,0.003157380236369877,-0.007219243397961429,0.29117776053740646,-2.095165995957725,1.6897988287997785,3.1477521570457814
0.01479087327132411,0.012129440358032775,0.003189131933240943,-0.007177437653017313,0.2879337630191043,-2.105600426282162,1.652353986598019,3.147855208338149
0.01482388212178034,0.012001232376148745,0.003023952927380623,-0.007291263564195102,0.2936184516081312,-2.032090832431073,1.7916677871873825,3.088898449711882
0.014804712724511246,0.012045688607374963,0.003091616004782157,-0.0072633681170841055,0.29325672690323673,-2.0657935447943054,1.7447992740249603,3.123701655763337
0.01482169061055651,0.01202587975180306,0.00305121871603891,-0.007264321040285909,0.29165636774963916,-2.043197749135223,1.7645037070007372,3.0942707600163066
0.014813605751109613,0.012183238033731393,0.003209645439801344,-0.007079845976709084,0.2785795075895879,-2.0997885673228462,1.5913879851575994,3.1086701719263305
0.014820877551287491,0.012147920363388914,0.003168535705709684,-0.007114712431902336,0.2806051909858716,-2.0835399936310774,1.6295484026842464,3.098068131689771
0.014857851012696014,0.011821773201631695,0.0027945530992299116,-0.007453488484496825,0.30214837136995404,-1.9227496991078472,1.984141254004321,3.0052586336983853
0.014860635700789458,0.011854373395935827,0.0028270468688031615,-0.007412081284844277,0.29885484940974744,-1.9361456152581622,1.94709960029758,3.0072818707849476
0.014830571973425306,0.011931493559061177,0.002944358027046063,-0.007365554498421985,0.29836933492439416,-1.9979562645377837,1.8685191624219828,3.070342502347916
0.014829968437935883,0.0119761938792666,0.0029912612387346035,-0.007312963772042901,0.2945436988089609,-2.0168471832008197,1.818559039218103,3.076479209483345
0.014838429661071038,0.011954694789656497,0.0029591046984971583,-0.007326736407686741,0.2948545180334149,-2.000497520608203,1.8408827208190204,3.0599963917018194
0.01486001402079858,0.011885267054364225,0.00286098295846861,-0.007377347776336837,0.2962841418377861,-1.9510734143115671,1.9129855702057899,3.0139307314831014
0.014847110550269183,0.011912083134018306,0.0029044376238054168,-0.0073647248448111,0.2966743509076706,-1.9745875062884632,1.8864283353529403,3.0397541879357557
0.014848556511640512,0.01199470229341899,0.002987674253856889,-0.007264756053236907,0.2893883685648931,-2.007234569030408,1.7945406494388298,3.0473408136508002
0.014904946845039782,0.011729968921079028,0.0026390952414811443,-0.007484497018664968,0.29942866855360656,-1.8330714976213058,2.069031869565229,2.903117788803897
0.014922990748355009,0.011712225837765277,0.0025994348646559656,-0.007476020876677284,0.2968940722459524,-1.8076880712046133,2.08129129421819,2.8681024420803483
0.01504114443074215,0.010868339690027134,0.0013756383063670801,-0.007986738986128472,0.3086412773152482,-1.0364820744441798,2.8088270689448014,2.165785206179063
0.015072561808983751,0.010788353547121592,0.0012391580694137297,-0.007973690729244262,0.30256629474750535,-0.9368975420925595,2.83980666609796,2.0492929926457712
0.015064526697545443,0.010802945175303646,0.0012652045463181945,-0.007980696473504759,0.3043062452736409,-0.95623687528382,2.836722594913343,2.073759217682796
0.01505464107714228,0.010853195620372461,0.0013453273852290016,-0.00797073488891076,0.305780096309819,-1.0136504940356537,2.8081710058326625,2.1332975997252213
0.015061944456437992,0.010836409066693068,0.0013163189489868198,-0.007966891253382373,0.30438586733936357,-0.9924720700206603,2.814185448614797,2.108009777074727
0.015065657614163732,0.010819077617215577,0.001288562175106927,-0.007969749890774638,0.30376467582585853,-0.9725551397827649,2.8237154946018816,2.0871004624730634
0.015098247443333221,0.010723884486216702,0.0011299944038295068,-0.007958974083214066,0.2975483990413334,-0.8564051626184773,2.8604209129876974,1.9542621741656967
0.015094387505183082,0.010752283833906282,0.0011741902134030002,-0.007952057082267545,0.29817110966584764,-0.8883518627407253,2.8446153390216042,1.9863446672193654
0.01509463538175599,0.010779892580687386,0.0012149731987420459,-0.007937443017615666,0.2978393674770304,-0.917278496827814,2.824964184436221,2.0119172763568316
0.0150711397779413,0.010646316408610239,0.0010254043555398666,-0.008045735550745144,0.3039952190346004,-0.7834529134418301,2.9392182385989893,1.91268272059605
0.015066052837392591,0.010574926315515243,9.175781182357881E-4,-0.008085437418491258,0.30518845266545186,-0.7048117959455172,2.9898016989247185,1.8452733122313576
0.01507333575272868,0.010629102579107463,9.98085709582249E-4,-0.008049115795116609,0.3035300493025485,-0.763315908708503,2.948109322700576,1.892314678332376
0.01507381300892176,0.010611602211222518,9.710234218683083E-4,-0.00805566657883121,0.303473772551381,-0.7434652250459693,2.95877160599386,1.8737188195639367
0.01507205815254708,0.010593559679101817,9.439739422922405E-4,-0.008066477722420749,0.30384816300949996,-0.7237576059537526,2.9719321156263265,1.8572285972507865
0.015081691843661956,0.010675915047793411,0.0010657024612289595,-0.008012506461969006,0.30148910426442715,-0.8117630684888045,2.9090545980913713,1.9288568696673032
0.015096512847854723,0.01069547091440857,0.0010883076921576022,-0.007975745202736572,0.2981806795633913,-0.8266522297751437,2.8812661500635364,1.9289909021754867
0.015088044092471296,0.010657306777769555,0.0010346220897049366,-0.008009021812348591,0.3001646326145553,-0.7886372976776453,2.9148713028027236,1.902130830650196
0.015086463721892438,0.010532459682800699,8.440201381282726E-4,-0.008062700834597357,0.30050926086789737,-0.6487479921378284,2.9935010822667922,1.7748970301506706
0.015080890114589036,0.010564414167559526,8.95487805053252E-4,-0.008061282437501873,0.3018707393699513,-0.687270883258794,2.980488929205223,1.8155802297935637
0.015090924086965343,0.010548679150358627,8.674043797171196E-4,-0.008048205709700752,0.2994988545236794,-0.6657391370264047,2.9792692211053784,1.7866822843513361
0.015095413035972867,0.010436569427280539,6.920972140488244E-4,-0.008077474701043336,0.2979775898557096,-0.5344790892034775,3.0366539438315296,1.6599128404874117
0.015090234529182029,0.010468818457748275,7.439571940365043E-4,-0.00807737541856575,0.29936178911164285,-0.5737834757566106,3.0252039649108924,1.7015110311431376
0.015099760743312977,0.010452782631646639,7.16011362802896E-4,-0.008064200810990857,0.2970379660711026,-0.5521816289383977,3.0233720785591083,1.672746173438599
0.01509967917674268,0.010486352768436277,7.680822270062696E-4,-0.008053581471021783,0.29734041695015384,-0.5912245662207694,3.0053592416494435,1.7094544516857402
0.015099943814315689,0.010519580668995221,8.192915611379604E-4,-0.008041675841483414,0.29749783586564377,-0.6293648700310869,2.9865088185511977,1.7448458868762649
0.015106573988113835,0.010504052552571846,7.930738693583585E-4,-0.008034487660827067,0.29591288712963587,-0.6093611495690934,2.9881580998497976,1.7203367750181457
0.015108188676201997,0.010422451428351574,6.663699954991546E-4,-0.008057141436774112,0.2951284419099421,-0.5142755901199331,3.0297842546174043,1.629504533411149
0.01499201483826525,0.01128955888077375,0.002006864336545867,-0.007769939840709723,0.3067881339166006,-1.4594652717242782,2.477774075402795,2.5602261209444355
0.014996856659345987,0.011264184171671921,0.0019687691328418174,-0.007782941743824628,0.306780819716639,-1.4350498177920856,2.49880148886804,2.53673294502974
0.015006534642761847,0.011238510073439468,0.001926154972889434,-0.007787435452132199,0.30572166593862726,-1.4066760871194626,2.516364799089811,2.505193699609787
0.015012553842335847,0.011216349924061023,0.0018912433074960466,-0.007794931233184878,0.3051926182974151,-1.3836156398268897,2.5328570203258276,2.4812638602477204
0.015021112257404268,0.011194619682144866,0.0018548551253154222,-0.007797341208552238,0.3041363548880109,-1.3590063972928677,2.546813436219472,2.4535101193051063
0.015012996594899004,0.011303726524800967,0.002007947648178351,-0.007722344934949609,0.30149526122323694,-1.4556542883687058,2.4502807971049836,2.5362373156593576
0.015002666048989212,0.011327665774515867,0.00204826621414313,-0.007719367763676212,0.30270710585057853,-1.4822514326312888,2.4340478668825187,2.566535980659237
0.014999717028654496,0.011357492143751102,0.0020897991531750345,-0.0076984160533005355,0.3019380075441393,-1.5077654953759423,2.4070055478539203,2.5884209883356633
0.015005111568985166,0.011055784153999238,0.001672595855785109,-0.007929793946057489,0.3126110307003493,-1.243669835736023,2.684139059067394,2.3760603339373634
0.015006476404183958,0.011072895927157338,0.0016960693119980248,-0.007915027879631595,0.3115989734856872,-1.2589340563234812,2.6679313674742597,2.3872790715719874
0.015019507461589518,0.011042695917073561,0.0016436612822048181,-0.007913221280163335,0.3096328436438052,-1.222094826028873,2.683807440195842,2.344159256856562
0.01502924577927963,0.011024585507812986,0.0016109833587703863,-0.007908335175054638,0.3078507811163082,-1.1987956040740089,2.6913685674959535,2.315416528583475
0.015050395682898685,0.011012149655758679,0.001578826124632209,-0.007878905896655549,0.30345090824179727,-1.1741027837562343,2.6843058676053895,2.274687396814473
0.015016282574652219,0.011091741660435606,0.0017156507641958349,-0.007883826881616837,0.30894222940572885,-1.2701484909740335,2.643381004873024,2.386821645131766
0.015022687607324368,0.011121766855435209,0.0017530695625705573,-0.0078503310248308,0.3063575328423456,-1.2935076769374156,2.6116316316029042,2.3995881015554654
0.015029657481692035,0.011169632958325286,0.0018140313360035531,-0.007801917206674144,0.3031358811314831,-1.3314887118365004,2.5633369915076396,2.4233694740523686
0.015034765390377364,0.01114556832317933,0.0017770490391423785,-0.0078113239050213255,0.30294030127281785,-1.3068660879657918,2.5811822688654087,2.3987388997473276
0.015048938005904192,0.010914167022293524,0.0014383722460529333,-0.007944763032123374,0.3059833364512345,-1.0788780775084819,2.7656682795372918,2.1951167309175363
0.015048047253305377,0.010888414812315969,0.001401155564859847,-0.007962077534850362,0.30677362593872576,-1.0533211744052648,2.7868119830524556,2.17388868733504
0.01506353669553911,0.010984970085764585,0.0015313626179141095,-0.007873411686015746,0.30112416375352696,-1.1402469817465917,2.695783328334898,2.2338897514468545
0.015077171160337728,0.01092922206874477,0.001442803619402022,-0.007884294280850435,0.29932459258666416,-1.078135231753692,2.728862980404621,2.168350036531029
0.015071862401789966,0.010957718136345494,0.0014870418360312945,-0.007876024528170997,0.29987486671910185,-1.1090244768547508,2.7107954862184243,2.1996677395069884
0.015069634430931038,0.00982698246421132,-2.7918330414805533E-4,-0.008182825342281536,0.2903482129037422,0.22341023095844834,3.2640828564575837,0.9372726118927835
0.01508057113638931,0.009845011033868284,-2.489324374960029E-4,-0.008163357398542603,0.2887350565635917,0.19913340918058567,3.247969781989126,0.9521565150759691
0.015068358096327323,0.009794881124357058,-3.310038811359811E-4,-0.00818097829590396,0.28961133835359737,0.2649946187772448,3.2688565667279064,0.8958980603634857
0.015078445515354021,0.009813034778439355,-3.004423580160392E-4,-0.008163619606213918,0.2881624627490175,0.24038892226758457,3.2541923253118195,0.9119716078592545
0.015066923463654973,0.009763262761758205,-3.820439950592643E-4,-0.008178792251238668,0.28887664429207494,0.30601683602166935,3.2730455037902186,0.8550804239226054
0.015077537499578502,0.009781078632368182,-3.517480212444661E-4,-0.008160759455148879,0.28734956740157386,0.28153314713833194,3.2581015252587306,0.870635962484415
0.015065483839633808,0.009731615075733738,-4.330947477600481E-4,-0.008175897607956157,0.288130681062472,0.34711869499930886,3.276503352977931,0.8140294131360001
0.015076507286049083,0.009749375459818372,-4.0261675372320517E-4,-0.00815746208665888,0.2865521285183625,0.3224024939328354,3.261402439316836,0.8295351025496664
0.015063641185706102,0.009699678981378638,-4.846432986707103E-4,-0.008173022294360734,0.287437565376468,0.38869490823927005,3.279755085764952,0.7727010609726772
0.015075007057345194,0.0097177670309727,-4.533672975642407E-4,-0.008154396827873944,0.28582590385213674,0.3632524291512326,3.2645774179417004,0.788729873071688
0.015094379517010393,0.01003108538413097,4.979337567016167E-5,-0.008144692281940034,0.2911508148524294,-0.038145818934042,3.1958520516685542,1.1789334449986002
0.015107116532152295,0.010019622088433851,3.132073833044454E-5,-0.008119926757031408,0.28823277781935297,-0.023419926233227677,3.1829752141011936,1.153003585020202
0.015115888648523954,0.010402527111649712,6.332886306489211E-4,-0.008048007568034905,0.2931156700396189,-0.48884417064012275,3.0312505064979955,1.5986976768390593
0.015113111978424281,0.0103865270901877,6.091679743883448E-4,-0.00805761541921667,0.2937339677219151,-0.47075472790546646,3.0421347604411273,1.5839449461105972
0.015118929121530983,0.010371426291848111,5.841950842856869E-4,-0.00805036479269598,0.29221297676644764,-0.4514676366090686,3.042864250038703,1.5605164197006796
0.015117208439837168,0.010348778732110616,5.493662123552289E-4,-0.008059205485631488,0.29237204728928917,-0.4250871875855325,3.0553170048101452,1.5368255229646064
0.0151078070871132,0.010227089762015808,3.602604682938051E-4,-0.008101252811885689,0.2925094595347508,-0.28042822829865344,3.1172916070926693,1.4055568033554453
0.015105719784929257,0.010244586993406387,3.882247786640434E-4,-0.00810247580124322,0.2932291753269798,-0.3021060661541515,3.1129304862529987,1.4284404306790408
0.015101685095307436,0.010261763460644585,4.160470470555209E-4,-0.008107320556852125,0.2944700299724935,-0.32371972444091524,3.1107409388018215,1.452926125808696
0.015106088278585256,0.01027867321988762,4.4190197242425095E-4,-0.008095652455198955,0.2937195063531066,-0.3434434571740966,3.0986612348715554,1.4681026152141519
0.015103974521758557,0.010301174447113912,4.777457109238389E-4,-0.00809526929057836,0.294553590508516,-0.37103141619537855,3.0915618115095005,1.4965479921205789
0.01511266177641022,0.010326345085242362,5.153785346686968E-4,-0.008073103026795708,0.29306013539642645,-0.3994008973465692,3.070596437414754,1.5161961815208906
0.01510010980942819,0.010048631109195464,7.76544828718323E-5,-0.00813300691674588,0.2903667238904195,-0.06001888400834509,3.184275846823063,1.1956249288684029
0.015106661881623636,0.010068116308666586,1.0841544610959573E-4,-0.008119443840567479,0.28946847411285065,-0.08409041411101682,3.171047338949975,1.2137766876355887
0.015114922250056673,0.010091101742305203,1.4443264679782388E-4,-0.008102118713435344,0.2882889465214235,-0.11220629725124633,3.1545266758407036,1.2343771347502746
0.015111400748989801,0.010114675540446514,1.8200449904851813E-4,-0.008107347754251662,0.2895074942822215,-0.14171031098265277,3.1517454715150013,1.2665860391222308
0.015108198928143619,0.010207564193225568,3.293583238308185E-4,-0.00810339503304196,0.29204878506316856,-0.25650047765291945,3.1241748964639684,1.381921719963577
0.01510935888663336,0.010134848527114507,2.1414008629476257E-4,-0.008109620367907437,0.2903526860781595,-0.1668528677885344,3.1478871874323775,1.2931425139527335
0.015104932435586136,0.010150332432517806,2.39118823596875E-4,-0.008116742443769658,0.2916822261500532,-0.18645855374877612,3.1481353779497496,1.3162916538505167
0.015108497689450056,0.010166047411200441,2.636457096524218E-4,-0.008108106936760853,0.29118802255803455,-0.20545793115591657,3.1385946584047324,1.3317928734033053
0.015108896355132113,0.010186394450524768,2.957966691794502E-4,-0.00810488687297469,0.2915494165014841,-0.2304320878338014,3.1310322885263044,1.3558769771950276
0.015092160170763489,0.009863615309832105,-2.179595633048359E-4,-0.008142501829081219,0.2869886850092244,0.17432756360054102,3.230870200802008,0.9670478646531485
0.015092057808209226,0.009897560351937486,-1.6375621317497616E-4,-0.008145626037061066,0.2879736503075146,0.13111388079017502,3.226080746392928,1.0109747757128906
0.01510307101205042,0.009882712239790627,-1.8654685808657372E-4,-0.008122848656243915,0.28536600198372963,0.14926238020363577,3.2144508269130654,0.9828516861572795
0.015101589568154291,0.009918384817872616,-1.2990451758838767E-4,-0.00812831622294586,0.2866851750650033,0.10419230351121768,3.2106927773234797,1.0297657265234472
0.01510916258160434,0.010002046151364644,3.3840591400674326E-6,-0.008116019804141651,0.28735022436251967,-0.0013456059035124263,3.184592128666801,1.129158759772569
0.015118459096403542,0.009983312132234983,-2.6238379085186468E-5,-0.008097747887377984,0.2849513980176885,0.022131139951224763,3.1772806414034043,1.0975647631346788
0.015108837292567498,0.009940971243451073,-9.361846921353364E-5,-0.008115299925293687,0.28587087019382057,0.07540801135617593,3.1976444218750326,1.0524347253821562
0.015114439172554424,0.009964181086743278,-5.660675368322279E-5,-0.008105187121880313,0.28529875788307807,0.046109281613676806,3.186201822973602,1.076997931348698
0.014672955104659222,0.00806527844740707,-0.0031412039787721614,-0.007587218931163524,0.32103935119618937,2.528253999360959,2.773337689976637,-1.3120769639650336
0.014679651996311516,0.008079342885143257,-0.0031172131456429475,-0.007595286346006804,0.3197599388698205,2.5097185987049913,2.7832188496454404,-1.2949037411476434
0.014691368722706709,0.008109330661467544,-0.003069194355515173,-0.007615922842229325,0.3175548853412244,2.473359209389479,2.806254087067677,-1.2592394259315014
0.014686370206035184,0.00809419100018414,-0.003092287268572651,-0.007604166151686416,0.3184743451941317,2.490533068695708,2.7937993715253455,-1.2768813805450347
0.014705583146398814,0.008112691390330893,-0.003047270031146737,-0.007598048595312772,0.31495506763151165,2.4519200329412265,2.7957588420726127,-1.2497199057741606
0.014712704070391543,0.008124165058330721,-0.0030255414796825208,-0.007601533552797459,0.31363086387184475,2.4344489365083537,2.8015868666982313,-1.234984428299983
0.014715846536313672,0.008166651259480712,-0.0029739745315816965,-0.007650118762599681,0.3130847384729944,2.3997525359936684,2.8460496484090325,-1.1894324875087585
0.014726364963552264,0.00819798360162403,-0.0029250904142497642,-0.007672264658349823,0.311206456632335,2.3625780244330787,2.8696007931437992,-1.1520043804611266
0.01472185395398412,0.00818225976061418,-0.0029487114938215498,-0.007660014957158976,0.31198256934648244,2.3803068711294966,2.857072324788725,-1.1705407002881811
0.014740493245391156,0.008201848288451035,-0.0029032818163371977,-0.007654361789852263,0.30867810968677095,2.3414697420532113,2.858894517629905,-1.142648711534235
0.014747528485431462,0.008213874382602779,-0.0028808521423995463,-0.007657747005316449,0.3074348589447666,2.3233308462195983,2.8644314378527387,-1.127219521573773
0.014720497092789836,0.008137804519626354,-0.003000554465998419,-0.007606561646124774,0.31222351045164826,2.4145351520443246,2.809019244647503,-1.2177396029205332
0.014727689093630944,0.008152452916231295,-0.002975173173138485,-0.007613621862244163,0.31092255177181544,2.3946288490224856,2.818002472801545,-1.1996726714984653
0.014979652428815245,0.009115795480570415,-0.0014362476568558402,-0.008089171528487303,0.2832788717171884,1.1654436166319257,3.2710989133402637,0.017820200970956837
0.014977319619978101,0.009100241183353652,-0.0014612133669251275,-0.008083729571451948,0.28321630865365016,1.1858345120771323,3.267423577431457,-0.0026549759129379873
0.01499820962751242,0.009134923903384861,-0.0013958372758194509,-0.008065669975370388,0.28060192829226693,1.1307517710848354,3.254629331209585,0.03826780675473119
0.014992858346007604,0.009121812108731432,-0.001418893992320711,-0.00806775745164105,0.2811689567821867,1.1499198141399243,3.2562084519948677,0.022141103307832206
0.01500200983884325,0.009151037316509082,-0.0013692231223564144,-0.008068209335915342,0.28045565089005314,1.1088952085544959,3.2561553744511635,0.0588654362270098
0.015005741937275273,0.009166934658145652,-0.0013429668841006138,-0.008070556880806512,0.2802905030342555,1.0873276926460294,3.257484528441952,0.0791642933899105
0.014988931036744603,0.009090498221254104,-0.0014683858719996212,-0.008055384924196558,0.28091514895229663,1.1902284653141817,3.2477854492680622,-0.019045010758665964
0.01499082437495107,0.009073146843940854,-0.0014930539243386226,-0.008040537880373276,0.2800099083721786,1.209836744183287,3.2374865248357563,-0.0428835839170375
0.014967904143214087,0.008981886278070278,-0.0016436623850848958,-0.008021005133102072,0.2814202850620665,1.3334538380461578,3.222464448660623,-0.15982051439779565
0.014970563069298264,0.00896534047832913,-0.0016659301658267596,-0.008004072261152828,0.2804773004756196,1.350845686714507,3.21021136428206,-0.18231548087558586
0.014974719407408901,0.008997152973192195,-0.0016164010758736775,-0.008019122869470265,0.28063185722073863,1.3107145631155153,3.2215669556503217,-0.14080525843458147
0.015001090032280956,0.009051943681433855,-0.001517701146617534,-0.008007240435910215,0.2776936973136234,1.2283166074772944,3.214358010430051,-0.07365635461955004
0.014996413679090406,0.009029857603652772,-0.0015533403644992017,-0.008001170047430969,0.2778513369225126,1.2573987678293828,3.2098457282204538,-0.10187165875323366
0.014987839220319816,0.009012261018907548,-0.0015850468000045191,-0.008005139195894238,0.2788511580459376,1.2838764568695107,3.2122621058677967,-0.12337258354654042
0.01499693059841499,0.009225072419690828,-0.0012592852352147456,-0.00812074930925426,0.28369680582890533,1.0205336909817533,3.2904347160025105,0.1613668300153216
0.014995650111453825,0.009209498657427411,-0.0012839315458823082,-0.008114502270510809,0.283406026392154,1.0406039933784481,3.2866731807877714,0.14052825610629174
0.015011009796054561,0.009231886672790545,-0.0012410774507324947,-0.008097357112893016,0.28142416741470466,1.004454418064009,3.2740520972783225,0.1654429135197452
0.015020466117791023,0.009261402497765244,-0.0011907625680063424,-0.008094951799606518,0.2806722605454785,0.9629147070626117,3.2711674845735152,0.2019159668195143
0.01501595452504992,0.009245669991568525,-0.0012172822718600539,-0.008095299386987399,0.2809540459141356,0.9847621627486863,3.2720876743427874,0.18230415018514243
0.015024786418863442,0.009277708346226156,-0.0011634845103077102,-0.008095079445207558,0.28043524441983386,0.9404730251007151,3.270487670735456,0.22232272349669
0.015024892776003856,0.009312216306335682,-0.0011102275411029121,-0.008112156962617599,0.28156790860178493,0.8973201820907388,3.2803472753264082,0.2691921343708534
0.015029168609964855,0.0092960570377075,-0.0011330479500362039,-0.008095909370630072,0.2802201732109169,0.9154746209182998,3.2701210594200534,0.24541558696122973
0.01503013426989757,0.009327248055746447,-0.0010844332869257235,-0.008109284407120785,0.28108815878871457,0.8760176430488864,3.277480590547991,0.2873571697847436
0.015042128439779067,0.00934290370894548,-0.001054578190311803,-0.008093479054805319,0.2794935431200584,0.8509603453390774,3.265721747871756,0.30328649712169
0.015052793971810582,0.009389804500197298,-9.772600860885763E-4,-0.008093871573598102,0.27909638818093085,0.7876529032742119,3.2626737702064275,0.3616494114475368
0.015052772627287644,0.009375353069809274,-9.99629336938695E-4,-0.008087615743591509,0.2785986721149389,0.8057427439811803,3.259500415765023,0.34220867604833427
0.015049217693627335,0.009358818585005422,-0.0010267569308867951,-0.008087094320610944,0.2787239123131966,0.827930993254078,3.2603089835359427,0.3215773125018802
0.015008128505799944,0.009184102472970718,-0.0013155519690337318,-0.008076021795583912,0.28035243893082656,1.064968447205831,3.2608636214669136,0.10159323248259496
0.015007584824357136,0.009199466466870306,-0.0012925066978809992,-0.008085868520856252,0.2810036723077213,1.0464084336807302,3.267222842943686,0.12259258294965496
0.015035044050756301,0.009509020189261239,-7.971159603077659E-4,-0.008175273980609495,0.28640197341315604,0.6426085229179685,3.3067359776348084,0.5329075129439266
0.01503404720037879,0.009491937091719397,-8.245926005488404E-4,-0.008171107169719279,0.28599767258186093,0.6649507239879141,3.305772264420185,0.5101326577559795
0.015036048169224995,0.009540864447370064,-7.460796749779794E-4,-0.008184173712628239,0.28731928558852243,0.6011419578454408,3.3090948517375973,0.5758483520141681
0.015035758595523462,0.009525323408023445,-7.709387509154943E-4,-0.008179525656427268,0.2868237607018049,0.6213143344038815,3.3077757508841574,0.5547954259063811
0.015048852322398016,0.009548126175157616,-7.303421472622368E-4,-0.008161334100009389,0.28516469237675085,0.5878188776006993,3.2928512022195937,0.578046786858722
0.01505302080417852,0.009561235748391239,-7.082087495488694E-4,-0.008157319055830599,0.2847878633898526,0.5697361589702877,3.2885818056724676,0.5932747983405012
0.015061594000071087,0.009667680474050488,-5.362934455674842E-4,-0.008169807438876244,0.2867694150563724,0.43041778191479585,3.2825230375802614,0.7312493948513413
0.015073035010108482,0.00968581196773131,-5.047226769559361E-4,-0.008151473095939258,0.2851663943505563,0.40466070800690185,3.2676335328881607,0.7476178241118508
0.01505943722772106,0.009636255280915912,-5.8700598324985E-4,-0.00816622647622449,0.2861326971466566,0.47144343541881445,3.284698869206107,0.690468347996842
0.015070690493810098,0.009653484322974972,-5.567156982831428E-4,-0.0081484635867127,0.28455088705894255,0.4466517207562864,3.2704199378248178,0.7060788797770127
0.0150574707090067,0.00960605566203383,-6.356571844890229E-4,-0.00816191140940925,0.28549915360915784,0.510853027280379,3.285957853070897,0.6510521877115306
0.015068467394707437,0.009622196822906456,-6.069794286531857E-4,-0.008144752815805185,0.283933434817045,0.4872988626626336,3.2723278268625866,0.665675329211271
0.015059043359040597,0.009576323032765273,-6.824259795046326E-4,-0.008150139815686736,0.28420708819182566,0.5486310474074617,3.2819024706179376,0.6099596932389436
0.015067501628885866,0.009592020557306095,-6.550607472574362E-4,-0.00813820658823162,0.28312637292490955,0.5261806409913845,3.2719309221731865,0.625824665800183
0.015049549314199849,0.00948015968023031,-8.374986917405865E-4,-0.008136393877222219,0.28273595068821106,0.6746700252548651,3.283496733648437,0.4854158037562564
0.015060796511829386,0.009402451259925572,-9.542732084267062E-4,-0.008083793014643117,0.27807123126019967,0.7685210431859347,3.2548716692528923,0.37484162449325215
0.01505856411556204,0.009430939108148458,-9.110028910434862E-4,-0.008099836470997325,0.27941588482703783,0.733651758602786,3.263358724206731,0.41422183590194633
0.015067565201755923,0.00941735989392218,-9.284032643849971E-4,-0.00807691514464327,0.2772727908855084,0.7472009797441328,3.249026008983172,0.39152936967972146
0.015066447519088576,0.009468007450614253,-8.502219478872447E-4,-0.008098961757534233,0.27918570993663083,0.6840341102102286,3.259418761820068,0.4599683514887433
0.015064623163210555,0.009448524280036473,-8.812503417341646E-4,-0.008095050876472118,0.27883793506510623,0.7092345476927345,3.2585900580051645,0.434775229657504
0.014755918096264036,0.008228388708647259,-0.002853901719975954,-0.007661811888023464,0.305986712682699,2.30153911320984,2.8710286901620106,-1.1086346876219288
0.014764041404693801,0.008245399755319658,-0.002824348626032595,-0.007669089294772114,0.30458027682506067,2.27807260154656,2.8803271974174818,-1.0874277631955753
0.014779097450680428,0.00825934682831548,-0.0027901695511195978,-0.007661257119255477,0.30205152737436664,2.248497378018303,2.8787370493340876,-1.0672956718163666
0.014788664670398369,0.008274585405734959,-0.0027610400325246746,-0.007663611728321294,0.3004226717562996,2.224653595278737,2.8841048027314105,-1.0476182417608688
0.014795833566126754,0.008289887498793719,-0.002734629780684965,-0.0076697237836387345,0.29923525429335257,2.2036291271406534,2.8919000901267213,-1.0286273755610997
0.014801281558539905,0.008304385733324645,-0.0027111225911420726,-0.007677533548162824,0.2983959449145304,2.185222437626124,2.900569656615191,-1.010987967239511
0.014806621700561183,0.008319247721056517,-0.0026872494300138883,-0.007685771268500458,0.29750755737965434,2.1665852171816167,2.90954313836162,-0.9929562463516007
0.014859992675512685,0.008499179705389161,-0.0024058192258236233,-0.007791353911397659,0.2900446543959849,1.9463821244365638,3.0169353396302117,-0.773399114183375
0.014844316505153485,0.008486643921980078,-0.002438171591440667,-0.00780527319456143,0.2924869886287597,1.9749239641462581,3.0242231613533552,-0.7909415562785794
0.014836214808401946,0.008472834273395177,-0.002464374421949979,-0.007804680816153148,0.2937539960037778,1.9966965553202862,3.021371359518137,-0.8088322867816118
0.014830490601402116,0.00843919785813201,-0.0025132032126515425,-0.007778638084057868,0.29436833899236176,2.0342192615897656,2.997410198227421,-0.8497904592069815
0.014837139611481552,0.008456608936991393,-0.0024840661862077615,-0.007785915250850249,0.29336821004378816,2.0108485737032917,3.0056307210491116,-0.8279576473018204
0.01487202350964033,0.008513144104082658,-0.002375563121871156,-0.007784991832743309,0.2881806767163026,1.9205033207767073,3.0149409722541685,-0.7548955982449198
0.014877285249248792,0.008544828191482747,-0.0023292751877504315,-0.007807871485866536,0.2876958584037354,1.884625789306931,3.0356657915774115,-0.7161524079709031
0.014884059451261002,0.00852803575658837,-0.0023442307025375313,-0.007779361555911396,0.2863210800884086,1.8938458940143732,3.0135340191657343,-0.7353902540778261
0.01484248083629086,0.008425378598759055,-0.002517671326042617,-0.007743505046753883,0.2921748371666672,2.0335257836209006,2.9709779656109236,-0.8634234898755873
0.014838950607506353,0.008410209942900815,-0.0025403529200293297,-0.007733095390838613,0.2926498716837953,2.0510409859573744,2.9609415158889103,-0.8817267515179569
0.014833889665861856,0.008393989617111542,-0.002565920606927917,-0.007723944463317319,0.29338884214017896,2.0710904680995803,2.9514802212849562,-0.9015151423659095
0.014826781285184748,0.008377562192495126,-0.002593927281533463,-0.007717783486765662,0.29450169468821125,2.0935464908532904,2.9439096733292356,-0.9219868134679777
0.01481718596379486,0.008357749918574768,-0.0026287959812899137,-0.007711753941858099,0.29596337085451774,2.1216785376448777,2.9356105208183396,-0.9468907638037773
0.014812132321928694,0.00833583835520911,-0.0026610471024629254,-0.007695512304580036,0.29672980053202647,2.1461735885196194,2.9198615523888347,-0.972868116253326
0.014848897352958804,0.008379189567664602,-0.0025676894334801907,-0.007682819883611933,0.2907244979687266,2.067105558164894,2.9208058121247547,-0.9147300032718974
0.014886204818060559,0.008641483509733571,-0.002192475683110877,-0.007886311988275769,0.28764044971620856,1.7789758570461127,3.103142648999554,-0.5964248064227806
0.014888218560625388,0.008624598634137419,-0.002213262047107235,-0.007866695997385207,0.2869669461247177,1.7943332911136218,3.0874401833173235,-0.6173817856108116
0.014901128879096025,0.008608488900408929,-0.0022223849995568934,-0.00782860864169374,0.28465264646769656,1.7980677289508924,3.0591210576648042,-0.6362797926222773
0.014892292339475857,0.008562207235289696,-0.00229176526029588,-0.007799112779844751,0.28542537282194647,1.8525082470634133,3.032332969186299,-0.6933623249105753
0.014907051442195464,0.008579720723964446,-0.0022545166611902846,-0.00779062449001039,0.2831508308289718,1.8206934107987516,3.029145344310376,-0.6705931743042727
0.014910450863218376,0.00859504230131087,-0.002231189272500794,-0.00779947342235756,0.2828663517332762,1.80231384684833,3.037355618539452,-0.6517739602905398
0.014967125574560128,0.008872437794823282,-0.0018021990477914247,-0.007940203154437058,0.278774695332721,1.4593425185738793,3.1616767777549764,-0.3035579503513252
0.014969779379112867,0.008890970113485983,-0.001773768737116492,-0.007949752930662947,0.27876804547773154,1.4364805686689726,3.16933801009932,-0.27980543177184597
0.014971465526724017,0.008912594736783647,-0.0017415456805551315,-0.007963200584186378,0.2790438012813645,1.4107602269284525,3.179757793191843,-0.25185674353690907
0.01497883300931487,0.008932626875306285,-0.0017072292584457236,-0.007964656562253735,0.27826764509673113,1.3824401383585536,3.18168838220161,-0.22670950761300349
0.014893816472387517,0.008656088995734909,-0.002165572748658927,-0.00788653298760311,0.2865611350609329,1.7565816604499853,3.105103997518349,-0.5777224131080084
0.014907756789124734,0.008670139063474237,-0.00213361508088656,-0.007874798306601387,0.2845176414187038,1.7288749286070242,3.0987045747579747,-0.5595266868842722
0.014916779979786255,0.00868476672324677,-0.0021055351923063817,-0.00787214759314958,0.283239386156989,1.7052796749118324,3.098553495815541,-0.5409200067204529
0.014923111218265853,0.00870053301611903,-0.00207839160744866,-0.007875123140826222,0.2824880067071321,1.683010121425841,3.1023434849709353,-0.5210179970778209
0.014928230540468752,0.008718032581478794,-0.0020499532850559027,-0.007881599385175145,0.281966585143231,1.6599897509520167,3.1086625170068216,-0.49896764035446145
0.01496198624980029,0.008854649675907416,-0.001831462259656588,-0.007935549691995709,0.2792662777184889,1.483268675013725,3.157356510225757,-0.3260829798986699
0.014936000111893298,0.00877761198776079,-0.0019609856258936786,-0.007919370849052768,0.2818868589310896,1.5894340948785548,3.140390306555112,-0.4234652987407963
0.014943723444633052,0.008794124717306857,-0.0019314398053392491,-0.007919326250918237,0.28090392125786473,1.5648905291708013,3.1417213988148114,-0.40265934510390483
0.014953951268242555,0.008833855952722567,-0.0018672718574011605,-0.007933501235462102,0.2800818006414259,1.512796874327629,3.154535958895784,-0.3522482473118048
0.014950164899307736,0.008811318380186723,-0.0019020406442331681,-0.007921944138969494,0.2802892852368179,1.5406735029892114,3.1448776460563423,-0.38094593643220037
0.014933094119646918,0.008740102867823842,-0.0020154083409882942,-0.007892295453381437,0.28158259756574533,1.6322889721852094,3.118261725261251,-0.47114246331590504
0.014946727619260915,0.00875949802641626,-0.001976925731817311,-0.007884583165188067,0.27971838403193144,1.599700970308543,3.114768445092322,-0.44683788226385096
0.01498384235699958,0.00885848217926211,-0.0018087845278597586,-0.0078987875377583,0.2756538320000756,1.461604675139973,3.1322425787105797,-0.3230717381747275
0.014984371849580817,0.008949926570172748,-0.0016782127650870505,-0.007967183137096427,0.27780729522462694,1.3585699794231136,3.184158749837692,-0.20490077390990782
0.01461238005926742,0.007961272838256551,-0.003332186675012619,-0.007538796218252697,0.33293816533923276,2.6783290999879097,2.7050007321456566,-1.4431980916957101
0.014631353823080494,0.008004928047836047,-0.0032609756141724028,-0.007570142852947752,0.32908707087775285,2.625057917926376,2.741252607615815,-1.3915673116764882
0.01462534658523542,0.007990312777496565,-0.0032844189153508445,-0.007559299562706488,0.3302904794239339,2.6425247549121273,2.728967470166953,-1.408760067990243
0.014619077979024508,0.007975655763822252,-0.003308185156813938,-0.00754862404876131,0.331564762019505,2.660254821849169,2.7167035416274463,-1.4260356252582531
0.0146479760360455,0.00800663754173988,-0.0032367037549233773,-0.007547325232812295,0.32593508243737107,2.6003198614112875,2.7273879652788433,-1.3816719892074554
0.014655082983297015,0.008020665558919943,-0.0032124480649803684,-0.007555402207636877,0.3245328158386152,2.581666574926152,2.737559375294102,-1.3645814088051378
0.014662253064867905,0.00803555278056836,-0.0031871485831298,-0.007564351312162478,0.3231184270651348,2.5622941972693596,2.7485042329706224,-1.3465746680251536
0.01466772123840397,0.00805083054310312,-0.0031636210409186423,-0.007576233150463663,0.3220515127579859,2.5449231083073722,2.7613711395812035,-1.3289172086744694
0.014592141910169455,0.007874317904154179,-0.003446902840988733,-0.007446599315424418,0.33748772507024616,2.7543735163393457,2.6126469489985857,-1.533633659703529
0.014599430464271588,0.007889532789020432,-0.0034218588424775515,-0.007457611629459633,0.3359287993911633,2.735972687048904,2.625793817836271,-1.5160580133607373
0.014604953093076866,0.007905112229958346,-0.0033988519477211403,-0.007471508211653619,0.3347443635371054,2.7198458133581425,2.6407636640802816,-1.4990530762067316
0.01462231531147469,0.007948464520480874,-0.0033314806320124853,-0.007506357933882165,0.3311141183509414,2.6710768662818682,2.6797377768646147,-1.4499614941862413
0.014616021564033617,0.007934466554121087,-0.0033542729896747464,-0.0074962692607938525,0.33240107033751554,2.6879777337101918,2.667933102195271,-1.4662843862724537
0.01461082563605244,0.007920035631784126,-0.0033758942642970846,-0.007483815431863492,0.33349560618276036,2.7033528486943417,2.654448947398255,-1.4822996029478208
0.014432993324205109,0.007564233641569412,-0.0039533060119610825,-0.00719493920056801,0.373750241847453,3.109755226450591,2.3093098255759448,-1.8756871832795972
0.014426544440902191,0.007549419504941726,-0.003974616401392835,-0.007179538468815604,0.3753287359300446,3.122842906356737,2.292124531430232,-1.8898483071570826
0.014603226948246692,0.007859533927213542,-0.0034453783628258933,-0.007409850676504951,0.3354399860895019,2.7450061132597585,2.584170084198704,-1.5400607161792588
0.014594841550792798,0.00784517488615029,-0.003470860925478918,-0.007401388031228739,0.33718877300404193,2.7641903737958446,2.572839686934794,-1.5572081902580346
0.014585314403900568,0.007832202452611466,-0.0034966310501595367,-0.007396320734450111,0.3391660439708008,2.784354866206168,2.5640510632382907,-1.5738105794167334
0.014576940945850525,0.007821198522738925,-0.003518903572768764,-0.007392285939750219,0.3409343366412414,2.8018634821516613,2.556680088914822,-1.5880554469984274
0.014566299596161923,0.00779269658940401,-0.00356049423891311,-0.007365911482957585,0.3433316184950506,2.8301506998048738,2.5279683416807472,-1.6180656599878218
0.01457610368118153,0.007805747915155328,-0.0035343785261420365,-0.007371199006791549,0.3411943183743941,2.8098009876255996,2.537166872226891,-1.6013735334452492
0.014565131153297751,0.007775513322986783,-0.003577728810809168,-0.00734255304804301,0.3436695946440957,2.83886966903372,2.5062542000330263,-1.63264472228707
0.014446864587218236,0.007592365834558659,-0.003909963182422514,-0.007221733613476695,0.37039473489446584,3.081640822605593,2.340533318358443,-1.847170311813098
0.014440406717645684,0.007578464833332357,-0.003930808672216722,-0.007208074760774618,0.3719521355032494,3.094958079893033,2.324940388145304,-1.8610180478288523
0.014461845956962935,0.007593844263236188,-0.0038854936229443257,-0.007205182564358581,0.3671180242119351,3.056779088142847,2.332922737246786,-1.8352149084415994
0.014470834946140156,0.007604418792643427,-0.0038633239403188663,-0.007210211578737383,0.36503693345066196,3.0399526614144023,2.3418799135988735,-1.821712617341108
0.014480170878407706,0.007617595877663967,-0.0038385499371582717,-0.007218658188005822,0.362903557367428,3.0219213531165408,2.354073804270722,-1.8061836329515166
0.014488393610426994,0.007632081770080504,-0.0038143837956735285,-0.007230348323868998,0.3610402928372393,3.0052394548774273,2.3686476296211434,-1.7904762351983272
0.014494635419812059,0.007647337360845658,-0.0037925158292780627,-0.007245584553885117,0.3594261316867396,2.991370320791352,2.3854477074050844,-1.7755218521251452
0.014499070754760368,0.007662955930441887,-0.0037729764018522996,-0.007263568306681105,0.3584670624354382,2.98003503643072,2.4038848821021617,-1.7613775622814547
0.01451763304120045,0.007688118278324857,-0.0037239871289465776,-0.007277229148673909,0.3542640212300621,2.9432318423267247,2.4250902376588246,-1.7304797895246542
0.014509394885609237,0.007675662108071627,-0.0037468164826756152,-0.007269308021200239,0.3560637199012761,2.9599893289338994,2.414015962152258,-1.7451500062208838
0.014525214556542147,0.007702897437379369,-0.003700124342734028,-0.007289336485777536,0.3525652631263461,2.926667008585674,2.439635621895915,-1.714470050929214
0.014531871814611979,0.007718701975117857,-0.0036766564627521777,-0.007304024594511238,0.35092564755153705,2.9110490987509805,2.4560576365654296,-1.6982010519100494
0.01453492724579571,0.007733059865917304,-0.003659674122103816,-0.007321245416876396,0.3502662829413897,2.9013079669918973,2.4730981102408967,-1.6852279271981636
0.014545238484386956,0.007743587076319382,-0.0036352165304871058,-0.007322892352605047,0.34800013983664807,2.881526853974871,2.479358176997041,-1.6703979049987172
0.014555330950026991,0.0077583541770027235,-0.003607354485609135,-0.007330894450047352,0.34585958401468564,2.8604958438704906,2.4912309463514895,-1.6524063072561146
0.014313601525168371,0.007329240317439482,-0.004304491105038006,-0.00695229815415616,0.40342284300204306,3.32042879887776,2.0287109787790762,-2.095393630652858
0.014318387267421134,0.0073431902420148685,-0.004288333109720078,-0.006970290381131264,0.402316369681745,3.313462567767526,2.047336054132307,-2.0854067637380482
0.014329306901070277,0.007354249827946461,-0.0042636536682804935,-0.006976756302651322,0.39953044349529104,3.2955686880650306,2.0590100512582192,-2.0714590724435866
0.014339653712918309,0.0073663361661799424,-0.004239272803396356,-0.006985359778413586,0.39702604199236385,3.2786176233277797,2.072233557283546,-2.057462223954481
0.014349244568637903,0.007379789296785788,-0.004215237239150261,-0.006996856166930749,0.39464631858940186,3.262886805372115,2.087612824320224,-2.0433753139842312
0.014358269020878375,0.0073937457356291515,-0.004191731292042759,-0.007009622090295791,0.3924083154149942,3.2479642401776085,2.10380908765133,-2.029400574495028
0.014382671967675119,0.007436683589172932,-0.004124276937683371,-0.007051633194192611,0.38636213533725766,3.206555416164545,2.1542588266072755,-1.988307785087738
0.014374918416444652,0.0074223539649049125,-0.004146261060125083,-0.0070373342819856,0.3882793533650046,3.219919620264722,2.1373826604064714,-2.0018505273721483
0.014366826987379774,0.007407979535875172,-0.0041687143835518045,-0.007023185539195246,0.39028590180894746,3.2336479780466534,2.1204603410967873,-2.015541855410389
0.014390686304187467,0.007450980453094151,-0.004101789242324248,-0.007065419006822071,0.38440292148057437,3.192551252482821,2.1708052097778174,-1.9744335635959354
0.014401055135064558,0.007482580062589728,-0.0040634500943934025,-0.0071039729281688144,0.38176056337591224,3.1731712302410395,2.2108717827842326,-1.9489949021863413
0.014399532319186698,0.007466494488403356,-0.004077029419239026,-0.007080017891836975,0.38222470213206894,3.1768873973051908,2.1884970297980124,-1.9591136607207758
0.014409860903726536,0.0074932343520533184,-0.004041906426859268,-0.007110557293797491,0.3796460700606497,3.1575361494973286,2.221302823497433,-1.9361289530136652
0.01442830485442645,0.00751968087064734,-0.003993722703351397,-0.007130427768134557,0.37526117594753483,3.1240542280416967,2.248570330558959,-1.9066016392172032
0.014419550672817721,0.007505894604851219,-0.004017504690727079,-0.00711912931203182,0.37734883650148504,3.140150283593959,2.233953971207353,-1.9213778520673037
0.014436883660283744,0.0075339674991811365,-0.003969775109817583,-0.007142547841005,0.37322499196402686,3.108019321669301,2.2638243207639603,-1.8915530294801985
0.014120912803299517,0.007094349361139197,-0.004750018261060495,-0.006736631893199357,0.45353168283792683,3.6000962595783332,1.7283953684116466,-2.3372373972360196
0.014112047114963507,0.007081635814598679,-0.004770587064646368,-0.00672183219279925,0.45587524794436535,3.6105656861105397,1.7101977992457702,-2.3476465562438094
0.014103209474375156,0.007068813377796062,-0.00479104153909601,-0.006706671871651914,0.4582348955360253,3.620713198195739,1.6917181535357944,-2.3578893092531916
0.014219198107579068,0.007210404236704641,-0.004527728620188875,-0.006848052523499154,0.42757177664487506,3.46397313823163,1.883622776828364,-2.220036359798053
0.014210190539369982,0.007196853574544905,-0.004549760085383106,-0.006833485261646667,0.42993132372494886,3.4762686150346234,1.8656429310442508,-2.232049203249348
0.014200889505004961,0.007183575664203035,-0.004572061956728998,-0.006819505531839558,0.43232971371966683,3.4889763401280427,1.8479810200913693,-2.2441186958840302
0.014192600861045346,0.007169877797439469,-0.0045927057435181315,-0.006803683758441945,0.43451966734611175,3.499534074359907,1.8292975403864389,-2.2552399506976957
0.01418414221146144,0.007156297286216887,-0.0046134728557134875,-0.006788079855978257,0.4367356154596472,3.5101955019068813,1.8107237703823629,-2.2663099720086772
0.014137103596214893,0.0070924849900094135,-0.004722241085683136,-0.006719207749790303,0.44909316226972146,3.5701733714500645,1.7230234218668394,-2.3227247145259278
0.014175380830626331,0.007142894396815216,-0.00463457040086223,-0.006772916817785038,0.4390295544980692,3.5212246998095047,1.7923609654836419,-2.2774445426300782
0.014146880894061324,0.007104363758027998,-0.004700387531932952,-0.006731424536370183,0.44650945268099823,3.5575733434815313,1.739446294461519,-2.3115637129930273
0.014166278158548528,0.007129696056691521,-0.004656063371610681,-0.006758269156635297,0.44141271038696256,3.532709845579219,1.774250230436101,-2.2886808388372413
0.014156756351309772,0.0071167888055994055,-0.004678061747328799,-0.006744349335691993,0.4439100724040111,3.5448343069283017,1.7565247033303442,-2.3000818092805897
0.014305124852925455,0.007314410567904047,-0.004327168806792477,-0.0069366566181064656,0.4056879824794121,3.3334012134346813,2.01019246555613,-2.108654185647904
0.014250249722196746,0.00723795395574737,-0.004460940107243532,-0.006864480321453053,0.419605862696654,3.415894729409178,1.9158129634019505,-2.183975905865789
0.014260222257288834,0.007247880537620345,-0.00443891666122545,-0.00687131839701429,0.41702893372172184,3.4005740741060024,1.9274563801951332,-2.1719713764016784
0.014296180357682526,0.007301951041952213,-0.00434916090126767,-0.006925291683576642,0.4078552333030913,3.3472707073283594,1.9951962908326675,-2.1212155341172942
0.014284540628912384,0.007290295081639137,-0.0043751546008316084,-0.006917911939350303,0.41087619237967943,3.365766030887829,1.9822122968417157,-2.1356537741873343
0.01427884082362494,0.007275140506228015,-0.004393029653112523,-0.00689835695530036,0.4122354711857938,3.3732572068266298,1.961724199245323,-2.1462422285407965
0.014270481767687582,0.007260902134207759,-0.0044147455015625245,-0.006882935117945815,0.41444461603540267,3.3852544621964547,1.9434469605217737,-2.158575789291909
0.014234685445209274,0.007210549972955595,-0.004501174818971403,-0.006833217810183703,0.4236220149400808,3.436724054850481,1.8794535605861291,-2.2063331918663285
0.014247126570074601,0.007222148509401745,-0.004474258815338204,-0.006840758230118279,0.4203666267563193,3.4177807775351137,1.8931449487408227,-2.191840878847072
0.013877516142456935,0.006750345981535085,-0.005272636371422571,-0.006291151974538166,0.5172924549430326,3.807774863100916,1.2013188415847909,-2.5629520305857714
0.013888296843169945,0.006762357827073595,-0.005251741832462314,-0.00630695728981866,0.5144421850803099,3.7995710299709216,1.2211771364421293,-2.5551854544897683
0.013898787196875642,0.0067746296069627855,-0.005231234774145332,-0.006323248959532562,0.5116866058391065,3.7918490694585514,1.2412400377070494,-2.5475519118073415
0.01390912751988592,0.006787122923139586,-0.005210856400150877,-0.0063398819715660805,0.5089826840356381,3.784324258279313,1.2614955526070946,-2.5399093942229416
0.013928188410374236,0.006813348921410852,-0.005172488614196021,-0.006375952104612753,0.5040893251083071,3.7723362222422665,1.3032284183423475,-2.525715938507828
0.013919326379349903,0.006800032213217902,-0.005190554442739234,-0.006357208017649518,0.5063006244736666,3.7771293963202575,1.2822289174244397,-2.532267142310388
0.013942769859153306,0.006812461075174765,-0.005146240720518684,-0.0063652936008429025,0.4996465363098307,3.7461056352773476,1.304459040104877,-2.5121061179138318
0.013952933228709032,0.006821367393626173,-0.0051264572726951035,-0.006374973609270915,0.49686254030704796,3.73532085614019,1.318977086770923,-2.5036976461513922
0.01396449472760524,0.006831846091638133,-0.005103837111830266,-0.00638645265804656,0.49375551846159865,3.7231583289139176,1.335854605551483,-2.4940503883311984
0.01397575404861203,0.006843367564245271,-0.005081498728346422,-0.00639983151397886,0.49075005523825294,3.712110597842815,1.3540543456803336,-2.4846388250886418
0.01398653176625241,0.006855646929162109,-0.00505978629258201,-0.006414718642654756,0.4879150732750061,3.7022357185440753,1.373160074878948,-2.4755721110808313
0.013996858445671808,0.006868390138996409,-0.005038680219200683,-0.006430576896548802,0.48522473884535894,3.693240556728291,1.3927709680132365,-2.4667799807866513
0.014006840048263356,0.006881351176643218,-0.005018028807611172,-0.006446905373342144,0.48263463931904743,3.6847530754426763,1.4125579582995158,-2.4581390672869894
0.014016690259476694,0.00689435117305907,-0.004997484432188647,-0.0064632446922432,0.48008276660880517,3.676273228559468,1.432288069660741,-2.4494411636657105
0.014110997482684115,0.007054290416403942,-0.0047825567138305505,-0.006674391922141156,0.4559244412814721,3.599904852477273,1.6686283192649751,-2.3528671833971675
0.0141025586655485,0.0070411358337113044,-0.0048021323781877396,-0.006658214062945456,0.45813839467720135,3.608702607712998,1.6496337062354645,-2.3624093849562438
0.01402752216704283,0.006938221043380692,-0.004967231479023668,-0.006533852977814648,0.4778930599383134,3.68543415318482,1.4976626603214698,-2.439507428625007
0.014018654767571132,0.006924450525224686,-0.004986665013775667,-0.006515660929989811,0.4801706972256161,3.6924734100207623,1.476857100603872,-2.447906378615252
0.014026944119824407,0.006907404287667787,-0.0049760905802301554,-0.006479241410013325,0.4774128592279549,3.666873487579941,1.4520147340570775,-2.4401929188665012
0.014043834140583338,0.006964223264065077,-0.004930927931696802,-0.0065681726291884806,0.47368827068203884,3.672185790345847,1.5367647625357372,-2.423499053300468
0.014035990028278822,0.006951402809156861,-0.004948534725167449,-0.006551161198985383,0.4756924297314343,3.6784805799948503,1.5175418527929683,-2.431289609416065
0.014058901620854292,0.006963677186762628,-0.004904235453352901,-0.006555725001237388,0.4693642202511277,3.6450592515266664,1.5358524344095421,-2.409545580906729
0.014069447823125093,0.006972919362732194,-0.004882816185276323,-0.0065640274162603466,0.46649131951739303,3.6317018316321072,1.549406164997851,-2.399322676963138
0.014080947411103417,0.006984127608487755,-0.00485907779338922,-0.006574914275943059,0.4634403682638793,3.6176358527741286,1.5656993872586227,-2.3880085066430503
0.01409283101677042,0.00699615959095344,-0.004834343737674571,-0.006586766968957933,0.4602782628221133,3.60316247933557,1.5830279420761253,-2.3761584118053105
0.014105289890786965,0.007011062850641277,-0.004807577996671075,-0.006603000794750958,0.456973894240419,3.588954671486363,1.6043911570005602,-2.363374870279807
0.014109386486821206,0.00702749228763397,-0.0047948312623971815,-0.00662853330053582,0.45610568180656674,3.589912439531603,1.6285375572457355,-2.3578193336236084
0.013815880932403305,0.0066790836145147634,-0.005390003219168638,-0.006193121516177249,0.5332861250831601,3.847276694744339,1.0821510082391397,-2.6031905936207607
0.013825620006859397,0.0066916506378901465,-0.005371673951447748,-0.00621132971387266,0.5308394067762786,3.842890537965502,1.1030169385893205,-2.5975882703590383
0.013844996636812847,0.006716078583836072,-0.005334853529237613,-0.006246137700130674,0.5259394881434617,3.832846094217661,1.1435376766203076,-2.5857394652150565
0.01383580271333658,0.0067036245591846596,-0.0053524348921537,-0.006228105104926554,0.528211697508666,3.836906871993071,1.1231437424075084,-2.591240346170391
0.013860523031371608,0.0067143629928519445,-0.005306666494763685,-0.006234865037580069,0.5209776193774894,3.8045411209772135,1.1456762355521677,-2.571166388420732
0.013871740857242422,0.006723105514936221,-0.005285613559447879,-0.006244776156237152,0.5178473786639793,3.793323707522642,1.161115483784071,-2.5628352703130055
0.013883909168782377,0.006733761388252463,-0.005262618048687246,-0.006257485604175221,0.51454867085112,3.7820374024200825,1.1793657642063227,-2.5539120420096304
0.013637788494235947,0.006507595042575247,-0.005709456678545063,-0.005946974663318041,0.5801742420111752,3.9529958298058503,0.7692629342549903,-2.698030073451245
0.01362071748179472,0.006469201145238416,-0.005735312846483479,-0.005881074224706725,0.5824831844811987,3.9318337378869948,0.7102844883116014,-2.694060816311542
0.013631293462780204,0.00648063197778204,-0.005717645523932688,-0.0058991921778769755,0.5799480925647092,3.9295327329413383,0.7309668196166887,-2.69077952479293
0.01364231185449196,0.006491742049689825,-0.00569899855415354,-0.005916474404079951,0.5772443459987048,3.9258710563037904,0.7514747019389086,-2.6867863619947503
0.013649175852299501,0.006518898308391421,-0.0056898680926549304,-0.0059644265651380346,0.577276790677309,3.9485012560885138,0.790360822848454,-2.693456420995993
0.01367066476674015,0.006542397719895742,-0.005652793292200971,-0.00600097417188501,0.5719765618710021,3.941907416921532,0.8328504565070588,-2.685210284009894
0.013660116730242955,0.006530650518161052,-0.005671032835046343,-0.0059827065441081274,0.574565999037807,3.945021566914118,0.8117351419212179,-2.689266755341905
0.01380563912256421,0.006666476018400162,-0.005409122022118945,-0.006174955317288312,0.5358866227170918,3.8522070971617013,1.061009844085113,-2.6090341655450255
0.013795184761604677,0.006654091681944331,-0.005428491890586689,-0.006157163433820305,0.5385479653281738,3.857448077145602,1.0400383923795127,-2.6149306763490077
0.013686648530531477,0.00653830006361511,-0.005622952678347595,-0.0059880718165866076,0.5662546719533826,3.9107398139572616,0.8357606840596649,-2.6696099473904167
0.013709224926995256,0.006559943312432155,-0.0055833071994118915,-0.006019897934005928,0.5604031444002261,3.8989852699470204,0.875580718161561,-2.6588303685613273
0.013697767774241691,0.0065489006626308875,-0.0056034746678480345,-0.006003710979921862,0.5633701776182324,3.9050042460764622,0.8553390224198435,-2.664365256517643
0.013784478966903232,0.006642008586240312,-0.005448191930102204,-0.006139899446906283,0.5412917786394155,3.8631549964456906,1.0193223482347042,-2.620946019824876
0.013773447071519639,0.006630322127459668,-0.005468369135968206,-0.00612336298559516,0.5441536079556301,3.8695638866384576,0.9989468299075651,-2.627185946435319
0.013762189459761612,0.006619161735740499,-0.005488854429586834,-0.0061077385748661206,0.5471064652301462,3.8766580951827145,0.9791075319316241,-2.6336153137732183
0.013751247448308529,0.006608424823985666,-0.005508667405775783,-0.006092609386755726,0.5499841435495493,3.8834399256036236,0.9598768786697017,-2.639733871438354
0.013720620525514293,0.00657154236026445,-0.005563178519808021,-0.006036978275972694,0.5574923140909386,3.893447254644522,0.8964489343035719,-2.6533800589121594
0.013741768070301067,0.0065965842535791784,-0.0055256500804273774,-0.006074727158929758,0.5522880867703898,3.886327134966418,0.9396894663594019,-2.6440008329292106
0.013731892398000213,0.006583779785663408,-0.005543187971841604,-0.006055127998334749,0.5546166662298817,3.8885572375011006,0.9180333970573006,-2.6480781899504517
0.013503993403090971,0.006373381722817585,-0.005929695725870216,-0.005729008865856088,0.612755370355515,3.982957670079544,0.5157874007445074,-2.7357939679979215
0.013526111163183677,0.006395467278572071,-0.005894538666573817,-0.005766115377596752,0.6075675970539766,3.9805816724508376,0.5579118588993398,-2.7314783996332532
0.01351506834637916,0.006384526883587596,-0.005912177224643538,-0.005747807360755337,0.6101697766750104,3.9820261549578966,0.5369879260926177,-2.733784117036468
0.013541638593428563,0.006390544662186275,-0.005864934065099316,-0.005754418048188007,0.6015949742153053,3.9500513428801134,0.5629895283976237,-2.716339797023028
0.013553429741650372,0.0064003660829695256,-0.0058455846917372266,-0.0057702223385208634,0.5985943691850766,3.945585401634236,0.5827962890418622,-2.712569034892787
0.013565553483972271,0.006410779075623323,-0.005825650647799011,-0.00578689839338778,0.5955370736344721,3.941164959439334,0.6034581330361513,-2.7086821021835026
0.013577619635801957,0.006421934628157184,-0.00580585799780415,-0.005804792857769549,0.5925647694735473,3.937561666883035,0.624907198698862,-2.7050522801547117
0.013599588120399247,0.006446806460078495,-0.005770308639707651,-0.0058453356116262845,0.5875421314232082,3.9362113644039556,0.669410151990114,-2.7002616393419774
0.01358942299530337,0.006433990886753782,-0.005786587343112847,-0.005824245018902267,0.5897075905849962,3.9352682183815744,0.6472254608549378,-2.701903620564803
0.013614682569961479,0.006444547142453877,-0.005742342664957774,-0.005837540691065021,0.5821829185539933,3.9097938652164346,0.6760755331521966,-2.686748621736441
0.013626060611241083,0.006452959463904645,-0.005722988560438988,-0.005850001995249056,0.5791363459615536,3.902840977582955,0.6933428061905983,-2.681642629251394
0.013465727751005116,0.006300092073661412,-0.0059789199366004405,-0.005599963387852371,0.6169493080584946,3.933058821973814,0.403928970752666,-2.7188274388354756
0.013477510024957222,0.006307979637783628,-0.005959973883904564,-0.0056131352977450005,0.6138923161548777,3.927777247378195,0.42170969091747706,-2.715272892719876
0.013509086164006473,0.006357152504547183,-0.005916195654535491,-0.005698610130253818,0.6089918688906789,3.9521900166875708,0.5006912932216111,-2.7220354326625706
0.013497296965056834,0.006345929624920585,-0.005934710291686515,-0.0056797369283764785,0.611743979300215,3.953629653414009,0.4791237880344,-2.724202581203492
0.013490228545599142,0.006317964341019499,-0.005939850788519028,-0.0056298586286686395,0.6106843165264202,3.923962243964283,0.4424264286818545,-2.7121906899049932
0.013499915848371633,0.006330901040083866,-0.005925901751474166,-0.00565212775312865,0.609072566407164,3.9284106642250114,0.4640940776298422,-2.7129839545784606
0.01130311118044863,0.005078743564026226,-0.007936610200366305,-0.002100441398835018,0.681620070674481,2.219867116998713,-2.1497607995482437,-1.3432164929404222
0.01132647640463653,0.0050742062253818845,-0.007913787015728,-0.002129726156665255,0.6807189466024046,2.2356214376864147,-2.1277134640008915,-1.3627223632853556
0.01129421817981493,0.005054230013213355,-0.007915495025683584,-0.002069673607762211,0.6698976017034514,2.187320487584687,-2.136033647384277,-1.3271431975119328
0.011110921848793795,0.004998660152777034,-0.007978602645371551,-0.0017704765798306971,0.6297278492425069,1.9689779932258757,-2.218508441622857,-1.1428939795790178
0.01113268749392649,0.005001161278042606,-0.007967518821071383,-0.0018034980716699046,0.633177447755484,1.9915499211604943,-2.206360149702147,-1.1639063153586402
0.01116176245687842,0.0049984613497458886,-0.00794546371213709,-0.0018434060710736352,0.634858301296762,2.016043715022189,-2.1846086050016176,-1.1902257009913029
0.011185629227718224,0.005007117811685769,-0.00793927738539993,-0.0018831757561985512,0.640861362365794,2.0455763219871144,-2.175536214053467,-1.2144696860506496
0.011283176043407638,0.0050337401391628254,-0.007900580588738784,-0.002039167393042034,0.6599634042600808,2.1574848728670664,-2.1273814299326346,-1.3106847639335595
0.011264190560896037,0.005038480728458282,-0.007919721458874483,-0.0020160736514017283,0.6608932278292442,2.1454525279298626,-2.1454838339545095,-1.2951128406438228
0.011249307743884588,0.005026474320011865,-0.007916881917855662,-0.001986564694659965,0.6544791797395026,2.1207436322628035,-2.1464360339777504,-1.2780067316880037
0.011231188649376347,0.005017310969771835,-0.007919387923541089,-0.0019546205076036477,0.6490806619189652,2.0959848770434437,-2.151941141969072,-1.2588918042382622
0.011210908599755154,0.005010867345835814,-0.007926247754401115,-0.0019215495745394937,0.64464973330773,2.0718453400085877,-2.1610115433266235,-1.23861596629445
0.01109747362895737,0.004976086123550285,-0.007961488954727937,-0.0017368755986395346,0.6186327940622488,1.937116245266649,-2.207981064532182,-1.1251153894045183
0.011347997652758311,0.005069926639402235,-0.007892434488087715,-0.0021562919592715206,0.6797477166571758,2.2496455478188935,-2.1071303624115783,-1.3803631598364223
0.011588276315090374,0.005158286634127454,-0.007787936235744849,-0.002553360189198859,0.7224224869600161,2.5390188320881824,-1.9678302778832648,-1.6197874370314722
0.011572026982949556,0.005155077138692092,-0.007799216437275888,-0.002529273168298381,0.721335704784874,2.5233350616310415,-1.9806864077607245,-1.6052447387849533
0.011556617257020917,0.005150637327245184,-0.007808219097041366,-0.002505085105923328,0.7195846241117784,2.5066362887668086,-1.9916547205533612,-1.5907015875628228
0.011541353758164147,0.005145474928195395,-0.007816139787838449,-0.0024803837520720397,0.7174327417716987,2.489050143171173,-2.0017683815688403,-1.5758543807530254
0.011526224027958401,0.0051397372623700754,-0.007823155523487108,-0.002455307283283078,0.7149561700026105,2.470818559863958,-2.011153998067428,-1.5608117184491739
0.011510914773177094,0.005135088227186167,-0.007831398699047226,-0.002430912458191662,0.7129029295276701,2.453668761069878,-2.021377546483389,-1.5460726000057594
0.011507146164271002,0.005115990410980452,-0.007813426577781645,-0.002409312523999217,0.7040580406177043,2.428499213806306,-2.0098729200799625,-1.534433684071245
0.011390519877356488,0.005094950290235896,-0.007887125287268077,-0.0022345418126311985,0.6927920167337224,2.3119124007002525,-2.093177695642581,-1.4268608506801141
0.011464109240699561,0.0051008756230706935,-0.007833355447453753,-0.002339164188597087,0.696937844253438,2.3779999689342097,-2.035757217376089,-1.492209007353602
0.011447562094197047,0.0050960682014364175,-0.00784183146610737,-0.0023129563303877737,0.6945286119702613,2.3595655931167703,-2.0461581327243756,-1.4763013660132795
0.01142937966800246,0.0050930512500922225,-0.007853482969997156,-0.00228595304177143,0.6928374078624692,2.341691195910553,-2.059183332096477,-1.4596596446156453
0.01141016324890308,0.005092570363741389,-0.007868622455162061,-0.002259485672419572,0.6921948816155187,2.3255619579308235,-2.074922650156458,-1.4430003685161925
0.01149867569687218,0.00509696194335712,-0.007799677912657865,-0.0023817364088787193,0.6952667820969838,2.400259883440532,-2.0026160580117502,-1.5191624397752537
0.011480676454862235,0.005086760736908324,-0.007803750535530576,-0.0023492964314639404,0.690550203582135,2.375042094408453,-2.0104150160687073,-1.5000143181006298
0.011706370744455899,0.005206024495302161,-0.00772788803650331,-0.0027494171197499674,0.739182392165442,2.6801818631169536,-1.8868243386132504,-1.735595878401763
0.011725319734258076,0.005204521116884477,-0.007707423686797208,-0.0027714967831794454,0.7371645928916369,2.689954255648337,-1.8664733723157225,-1.7485512612087015
0.011679228432076536,0.0051906537400845726,-0.007737666223536306,-0.0027002835987302454,0.733654133433543,2.6424143751388893,-1.9032575774651155,-1.706839944348194
0.011697503443064963,0.005190213465543982,-0.007719353957503855,-0.002722771915135203,0.7323207438110214,2.653586307038761,-1.8846630578295844,-1.7201706752382175
0.01161542082613674,0.005173859781895662,-0.007780020055893629,-0.002602915385668186,0.7288247284997142,2.5777311907859968,-1.9536036108684145,-1.649044393859515
0.01160635183469006,0.005158119874049613,-0.007771085413264988,-0.0025765740106312076,0.7217246183988526,2.5516076881747645,-1.9505502918274953,-1.6339496958321817
0.01163681864987112,0.005171594912609723,-0.007757400358152114,-0.00262824145860042,0.7268765730500021,2.589593976662932,-1.9312069320428866,-1.664467258782766
0.011658681244843573,0.005170627462837037,-0.0077355574172265846,-0.0026550755871232175,0.7253724678312876,2.6030278224450663,-1.909210492092905,-1.6805928995831387
0.011673680937769607,0.005175371171758498,-0.0077263343532485125,-0.002678511450733607,0.726893195365784,2.6189280966868504,-1.8978734224832916,-1.6943595116547656
0.011380881636981185,0.0050792983633285976,-0.007877212954682048,-0.002208853923106024,0.6852573642713238,2.2871257307345356,-2.088300131734106,-1.4125917311445726
0.011366527017798271,0.005066546707159815,-0.0078742272106751,-0.002179154467726115,0.6787991437732325,2.2617389316649805,-2.089579804714312,-1.3953832205779257
0.01198569601640216,0.00529546544723422,-0.007525075213587854,-0.0031742970883188964,0.7509415221139227,2.9513467049816433,-1.6402492400982867,-1.9748623073430382
0.011941611345213734,0.005276139102252822,-0.007554852393699544,-0.003103296317585568,0.748298493065265,2.904473355743732,-1.6794700260810693,-1.936085607643084
0.011926505133024597,0.005268250134473099,-0.007563431222937518,-0.003077445319509309,0.7466267444232996,2.8862660211081512,-1.691873433837462,-1.921738276910837
0.011958775588900801,0.005273929872835545,-0.007533310529716393,-0.0031200378265903612,0.7450666103616753,2.9084076446911946,-1.6590440860802185,-1.944542647399438
0.011981093766199066,0.005274711557823261,-0.007508919991380795,-0.0031456022346675154,0.7423370453191253,2.918508530313161,-1.6345065209375473,-1.9576822080649612
0.011906011596267974,0.005260538234676748,-0.007577960543526058,-0.003045601460737114,0.7456751033266914,2.865757511502991,-1.7101182445481127,-1.9041643044011705
0.011755807355435488,0.005240466385670332,-0.007715825340869405,-0.0028455258663628445,0.7515477735328769,2.757688930953392,-1.859497956706555,-1.791719690043209
0.01176978247886738,0.00524790031812467,-0.0077095885650214175,-0.002870388602855962,0.7539658316567927,2.7763640308776734,-1.8497463647055672,-1.8061798099240458
0.011787665460362313,0.005247866939871501,-0.0076910089629358604,-0.0028922391209675563,0.7522833293354559,2.786651979613623,-1.8306789540826094,-1.8187218879453846
0.011839699682985991,0.005255297812406452,-0.00764418513946452,-0.0029626354115805005,0.7507408085439816,2.8256698042402815,-1.7794808220159959,-1.858656662020883
0.011884022458353303,0.005255029490230798,-0.007596173669204585,-0.003014287096872351,0.7457462931874971,2.8474487470886527,-1.7310061773657741,-1.8869341979431642
0.011861853275131624,0.005253760039979797,-0.007618801835889627,-0.002987106222314791,0.747649269528705,2.834745789312589,-1.754420339874071,-1.8720601516875142
0.011808736387751121,0.005242388129051323,-0.007663064454530172,-0.0029120023573617417,0.7478953366538725,2.7906977279821614,-1.8046255097583155,-1.829752796661812
0.011830233668070253,0.005240285902457369,-0.007638169609359043,-0.0029354548182100415,0.7447928770825252,2.799250926914775,-1.7802460019395132,-1.8427990002796368
0.01175278267094528,0.005221443914197006,-0.0076981698405799645,-0.0028223966868074694,0.7429927985832774,2.7295301903655727,-1.8497328981808947,-1.7781430820153126
0.01174589628371256,0.005202161458011531,-0.007684247297312233,-0.002794453700340357,0.7346418339909554,2.699229012693515,-1.843810712984321,-1.7619023279490929
0.012003607509053929,0.005299199499018356,-0.007508363463408783,-0.003198241174832915,0.7500069656417306,2.963774926308069,-1.6217812103605793,-1.9874118359248563
0.012036896358336819,0.005329525205563904,-0.00750077838094083,-0.003269714529376412,0.758399948521567,3.0222114255468147,-1.5986195459307952,-2.027372765559074
0.012020477952604828,0.005305338069427938,-0.007495148777720819,-0.0032236818660309925,0.7501653651475951,2.9792186485264334,-1.605585425024293,-2.00093886628553
0.012033304601151271,0.005313327918301318,-0.007488381104393746,-0.0032468309567662383,0.751813383252516,2.99591365889604,-1.5947886331308836,-2.013554070609842
0.012061317562608398,0.005348917586241851,-0.007491728858374783,-0.0033189632588330217,0.7629419317498921,3.060745057961921,-1.5792228365419663,-2.0546441156106776
0.012078620129188011,0.005352672425186518,-0.007474814803212528,-0.0033418649011881588,0.7616336311025459,3.0719214757087308,-1.5604722326450642,-2.0661752699892637
0.012054583270590695,0.005331241331692586,-0.007481641084531123,-0.0032907275361329195,0.7562446290815269,3.0306911635958866,-1.5787704737646615,-2.037825242064898
0.012095740164912744,0.00535922283921083,-0.007460803725159911,-0.003367794899357158,0.761585564688272,3.0873002146925512,-1.5430391881051664,-2.079618834999685
0.012116236827754298,0.005370016773535177,-0.007446759147347813,-0.0034023028402581953,0.7626691580158281,3.1101208652537955,-1.5232689615201291,-2.09775715816076
0.012136448790870143,0.005377686567529596,-0.007429626102901252,-0.003432544278001198,0.762297232137965,3.1274864888927394,-1.502184649602648,-2.113072579681715
0.012182918592330541,0.005397565354701768,-0.007391474055946194,-0.0035042406298472022,0.7618788383865955,3.16980031048702,-1.4536239358013547,-2.1491875042071116
0.012168420061257025,0.005390347367742777,-0.007402517757437651,-0.0034806889628914667,0.7616512484541075,3.1551225113802275,-1.4685310959552282,-2.1372362025400164
0.012153134042806686,0.005383288552696496,-0.007414554542110148,-0.003456473146398974,0.7615623604523415,3.1403743551629764,-1.4842972848663736,-2.1249549994454413
0.012198264179730932,0.005402899115846907,-0.007377350696076338,-0.0035261705879349576,0.7611239564856893,3.1813305043035314,-1.4368380029649526,-2.159826133796422
0.01222285194516791,0.005421784133116538,-0.007364559447847659,-0.0035743275789458183,0.7639931707948439,3.216649121396371,-1.4131896179134384,-2.185120114366121
0.01221621909891187,0.005404848069031521,-0.0073564415885389875,-0.0035462086119130913,0.7582760104377665,3.18738869830873,-1.4155763477450642,-2.168526619029286
0.01224349568920787,0.005421692996189294,-0.007337877807996687,-0.0035941005285987063,0.7596753028663085,3.219079948063736,-1.387705084917102,-2.192749461705398
0.012263365720453674,0.0054231873678395985,-0.007313597847070613,-0.0036148736531135435,0.7560817957754677,3.2237025847368557,-1.3637334601942557,-2.201096456060391
0.01230992720312261,0.005444559381699931,-0.0072730161634903066,-0.003685952667028887,0.7546299133493203,3.262981685756414,-1.3123212824977537,-2.23450877985619
0.01228275119058377,0.005427520311166222,-0.007292512720721823,-0.0036386125743808548,0.7537029348956691,3.2326292678157214,-1.341191682781333,-2.211333062922734
0.012298166165053491,0.0054355080661701955,-0.007279928556580865,-0.0036632816794150065,0.7535936383730956,3.247066108095592,-1.3244373192535681,-2.2230973213743517
0.012324845960494194,0.005444969721288961,-0.00725365401363241,-0.0036999902124361344,0.7515143982027165,3.264247842323233,-1.2939890643928849,-2.239417509376208
0.012370664603293755,0.005512178057876805,-0.007255030020465278,-0.0038314407501945026,0.7671409369207904,3.3803882110853753,-1.2511280664673279,-2.3110302123215796
0.012391191604861131,0.0055110292496604405,-0.007225708986522735,-0.0038477295310607004,0.7617719341845725,3.3772903123467857,-1.2248032667853306,-2.3150650951590968
0.012410609269773325,0.005516954455079881,-0.007204352802876874,-0.0038725172505090014,0.7592486783690379,3.3863111728557986,-1.2011322040153323,-2.3248461814705372
0.012429854716545499,0.00552847083938128,-0.0071881417000072365,-0.0039047271093003927,0.7588610715094628,3.4048183145818145,-1.178380399060852,-2.3393230467593447
0.01245029402628249,0.005535802520725062,-0.0071661801517371474,-0.003931893674947946,0.7564275645735798,3.4153817110759053,-1.1533460533654212,-2.3499580133326465
0.012363540557112147,0.005493459636589675,-0.007247182550795893,-0.003799570306113806,0.761614002524282,3.347652992020406,-1.2565510017146744,-2.29245408546393
0.012355640438897298,0.005477626092007234,-0.00724306118897886,-0.0037711290610624756,0.757258000763482,3.320242293600734,-1.2632201228284539,-2.2763709381016404
0.012350378748585286,0.005461935671997194,-0.00723548393000526,-0.0037453580592025373,0.7523958161052127,3.2933936133144983,-1.2663720894501367,-2.261315215128698
0.012341297724423784,0.0054472168373532175,-0.007233897335125876,-0.0037176616665235904,0.7486169769147802,3.2684287242349206,-1.2742870613063075,-2.2461272286632212
0.012467300088497663,0.005541958154997054,-0.007147776241133581,-0.003954392141816295,0.7543653550775216,3.423949256360387,-1.132390312807981,-2.358635130695123
0.012491323693712732,0.005562076554671548,-0.007131652115847201,-0.004002151883809841,0.7554688009958143,3.455870453069384,-1.103525122763392,-2.3809467899207264
0.012484909210371504,0.005545314854532892,-0.007125866724889174,-0.00397322584061409,0.7509870113194786,3.427121651870955,-1.110388660349104,-2.3646089361766482
0.01251787076926393,0.005577208732959436,-0.007106959588251613,-0.0040446062900476734,0.7538885600749111,3.4777443729384214,-1.0705037711691299,-2.3985745396011233
0.012510944202598892,0.0055617941632558196,-0.007103350240542067,-0.004017107934734708,0.7501493567268281,3.4515916992204843,-1.0785687558700678,-2.383462972824557
0.012545197776048561,0.005593727854329027,-0.0070818204052334926,-0.004089354470584523,0.7524147235099825,3.5011190547904305,-1.0360584682208864,-2.417000401631961
0.012537984969680286,0.005576970701549078,-0.0070777243232627825,-0.004059617707018092,0.7483669895956647,3.472793766674286,-1.044935150163006,-2.4007204044807717
0.012572178874193271,0.00560920112607767,-0.007055720805938372,-0.004131997567077223,0.7503889365630546,3.521803972567121,-1.0015869845235994,-2.4337739704827666
0.01256259541814947,0.005595480465414662,-0.007057970186090412,-0.00410486803889075,0.7480660823032161,3.4997663035082938,-1.0139473557723926,-2.420241140209773
0.01260073249853854,0.00562535850618889,-0.007027338217743492,-0.004176435138526069,0.7479127119103199,3.54244384386945,-0.9646346748565823,-2.4506946641562113
0.012593294637634195,0.005608466043160499,-0.007024044776854623,-0.004146182358608186,0.7441586187856566,3.5142661710302483,-0.9748058298598007,-2.434506844984114
0.012622581706404082,0.005627053068335781,-0.006996320235857937,-0.004194268484521033,0.7422834130232615,3.5382239897801013,-0.9368418157430395,-2.4531284786216827
0.012685715237495176,0.005655964366387128,-0.006925331326457345,-0.004279736897779232,0.7336444074175659,3.5663951411783614,-0.8546922879863794,-2.480350184010242
0.012675217263215306,0.005646123957249769,-0.006933241098885711,-0.004258122911409267,0.7334109937096668,3.5530343114074934,-0.8690327051693342,-2.4713799589613203
0.012659474184700014,0.005637460732209488,-0.006949848608860987,-0.004234788864492817,0.7351659732110666,3.5436483478173986,-0.8896372604648599,-2.4634215664459305
0.01264175864321696,0.005630964558368105,-0.0069710049839218835,-0.004213219242819775,0.7380794757380561,3.53854757926829,-0.9124148653580059,-2.4572314864578058
0.012699847569425238,0.0056584575267614205,-0.006905958211791223,-0.004292511299868564,0.7302382772434947,3.564956369818232,-0.8367561086563421,-2.4822778823599982
0.01334066155167354,0.006179050961351374,-0.006160416076649683,-0.005385369402219477,0.6428230095907218,3.9173433651188647,0.17442574005149528,-2.7197104598518065
0.013360905214757884,0.006182511973275596,-0.006125893446163131,-0.005392329588159012,0.6364946416374888,3.8970226627807,0.1959735564107872,-2.7094226308437026
0.013377414885438718,0.006190932821083541,-0.0060998875305222355,-0.005407659455646086,0.6320473149599547,3.88888979433531,0.21859029813868427,-2.7049244865894955
0.013445298800978386,0.006272483362989245,-0.006007177316262145,-0.005551723363168152,0.6203277206395028,3.921106081473759,0.3580710828701504,-2.715395933018143
0.013459838815770751,0.006284685415073834,-0.005984859511812484,-0.005572675113843106,0.6169272955037405,3.9188338742926843,0.38267709126116806,-2.713074931394107
0.013448407351253917,0.006253852330514464,-0.00599566453672297,-0.005518203001975235,0.6167587966757323,3.8894459291697188,0.3411342971446308,-2.700815648618608
0.013437480803673322,0.006243332575705627,-0.006011719783881903,-0.0054999856372837394,0.6190549577986789,3.88873487527009,0.32144692177607825,-2.7013345534115376
0.013424272040421244,0.0062329088194061745,-0.00603175080583502,-0.005481906122255701,0.6221074063195902,3.890977492644202,0.2999787750126042,-2.703297694777732
0.013408843185771924,0.006225116392039535,-0.006056525734042104,-0.005468385908713558,0.6263332050711231,3.899838156514005,0.2792005800614991,-2.7083715958650605
0.013392230448889084,0.006199692744767806,-0.006076914031983485,-0.005423341174933378,0.6283182284799332,3.8831518069744995,0.23997655277628446,-2.701547456212801
0.013408469776887477,0.006207367307776001,-0.00605093844787706,-0.00543689242390807,0.6238035564283044,3.8736415402839923,0.26138851304455885,-2.69626204614346
0.013202209158309443,0.006063178883802929,-0.006351180249000633,-0.005165304787324617,0.6705070251238218,3.8933315912902446,-0.06070256456098024,-2.7081866449077263
0.013169360480274799,0.006036355578971421,-0.006394261097445285,-0.005112136008604387,0.6765193815672931,3.8837106871757436,-0.11552409944792194,-2.702287493793899
0.013188564755774347,0.00603914812325606,-0.006362542352307211,-0.005121007032186441,0.6705588422748074,3.8678352613080587,-0.09334448595053174,-2.6951294682489686
0.01320392144047318,0.006045073703939048,-0.006339058261745789,-0.005134252764216002,0.6664335571083511,3.86112095252432,-0.07300343865814553,-2.6923091161165864
0.013216085824628545,0.006072579265627825,-0.006331735196992645,-0.005184162223601991,0.6674949209831876,3.893580176014481,-0.03903717586981962,-2.7086653736530057
0.013231027977118982,0.0060845232367236525,-0.006311536224123089,-0.005207473734418207,0.6645971842421773,3.8965562907885736,-0.014251273715250593,-2.710426640327615
0.01333868363772226,0.006159243558508076,-0.006155903754059717,-0.005350221256992111,0.6404441991717079,3.8887307667085182,0.15417436259294168,-2.7062048497320994
0.013251807463830213,0.006089062593483957,-0.006277454405886028,-0.005218519167892331,0.6583540249816745,3.880259725950459,0.010217185865579017,-2.7027374091568634
0.01333338563431789,0.006143999471087742,-0.0061589887692555115,-0.0053230915163538384,0.6396326680272764,3.871415787889995,0.13551002924479527,-2.6980699147464264
0.013319420575494553,0.006136026014015868,-0.006180165603695448,-0.005308098625961308,0.6432302298969775,3.8758838924865944,0.11544753169778414,-2.7004666012952545
0.013304138338516415,0.006125676931379022,-0.006202533223792634,-0.005288650502039884,0.6466995732315598,3.8778959747100488,0.09193550392997606,-2.70162091039824
0.013285839499212304,0.006114185176319363,-0.006229522344368078,-0.00526668157678375,0.6510707701243765,3.8813126533684295,0.06452533430525294,-2.703390989716859
0.013269813397094888,0.006098272859437075,-0.006250330971297325,-0.005236993907681412,0.6536889739144315,3.8744257470136456,0.03553889608776128,-2.70003204017711
0.01272894456160748,0.005720590483077979,-0.006910556729951501,-0.004405876824128415,0.7411271766903175,3.6642781691045383,-0.789252986544012,-2.5392347892075358
0.012749371404876898,0.005721314182159851,-0.0068793542154138255,-0.004419302166990499,0.7351376776354909,3.6552169242607264,-0.7634074633602691,-2.538163277079643
0.012766526623073824,0.005727155103984998,-0.0068571375672178275,-0.004438465656043175,0.7316002002578436,3.656836594336093,-0.7406256037119152,-2.5419637145986567
0.012848245349321018,0.005777978759975117,-0.006766179670806379,-0.004563224086559847,0.721013334811145,3.7012021788121676,-0.6252872283784455,-2.5779365725491767
0.012832984213532198,0.005768641751148256,-0.006783653637883177,-0.004540465577508922,0.7232001903562423,3.693864885851587,-0.6469867526359189,-2.5718534132098445
0.012782019565177978,0.005735210956837672,-0.0068390733744756555,-0.0044599348294702265,0.7292830413593365,3.6630580913016684,-0.7193669687084387,-2.5477956320353035
0.012813402897828839,0.0057591107110168665,-0.006807648145953761,-0.004514932482622555,0.726621730982603,3.6884636960131587,-0.6739529590828035,-2.566042650365994
0.012796901191863911,0.0057449831942495136,-0.0068231063577787856,-0.0044836115299768465,0.7275528960683407,3.6724343308990157,-0.6983446801688155,-2.5550990332761843
0.01286286994496978,0.005786326050291723,-0.006748847673144066,-0.004583943965617816,0.7187711085902889,3.7068695449423354,-0.6046225697513306,-2.583002672756958
0.012883359823018673,0.0058062565620119145,-0.0067301332013908486,-0.004625986929268219,0.7177605944277906,3.7290882739498854,-0.5725355842145544,-2.5973711545243394
0.012876585371058444,0.005792346519119062,-0.006731181155812857,-0.004600351811948381,0.7159275065400618,3.7086516161812404,-0.5858877684686729,-2.585858136228452
0.012724424477173106,0.0057012178395150215,-0.0069022509444378035,-0.004373116898295784,0.7365133359963817,3.6309419803374685,-0.79889454456624,-2.5211176861996374
0.012719499985154944,0.0056829936977764684,-0.00689545151993316,-0.00434210087803264,0.7321966145658773,3.6002109769540946,-0.8084284202283946,-2.5042456960682213
0.012716198115506653,0.005663499142227215,-0.006885164730406572,-0.004310365741947246,0.7270744590703274,3.566851151054444,-0.8157486193482727,-2.4862842011021686
0.012988045724185104,0.005900493771394858,-0.006622341024373648,-0.00482609933142239,0.7078190023883911,3.819098976051316,-0.4049055326415733,-2.656321795780403
0.012998722545700355,0.0059117933241834165,-0.006611797060635897,-0.00484906020448465,0.707154101132049,3.8303189004281544,-0.38633080891478483,-2.6631391802393662
0.01302722283747268,0.005925725649888726,-0.006572819848139871,-0.004882827831031885,0.7008302956230247,3.830220135911134,-0.34555268206040873,-2.665831346570707
0.013012916682717299,0.005917829847537359,-0.006591866304437049,-0.0048644472630976,0.7037038943470356,3.828792310617081,-0.36650252871533257,-2.663764851776342
0.013067092733768418,0.005954591173259828,-0.006523204920584139,-0.004944832453235849,0.6940279934157693,3.8447842878960237,-0.28302282951107105,-2.676609986077007
0.013040991701384924,0.0059350815218052085,-0.006555454000713039,-0.004903328731811228,0.6983788026887457,3.834445302948772,-0.3243668113699308,-2.6692093432264925
0.013054164896810765,0.005944805213372588,-0.0065391742691399595,-0.004924124063151199,0.6961780431776639,3.839582939987587,-0.30360201227749517,-2.6729349270881673
0.012914219754374505,0.005844548995502727,-0.006706799040591196,-0.004702605645138614,0.7179786393588584,3.7764750516428625,-0.51960451963831,-2.625909172957298
0.012934678907692523,0.005845767349610571,-0.0066741727029769335,-0.004713711169904892,0.7116708852705297,3.7632899007956837,-0.49461358651377063,-2.621659324504583
0.012950599740399235,0.0058530083322599165,-0.006652984565415296,-0.004732413712484181,0.7082913394306009,3.7640599278050004,-0.47247011587599724,-2.623953557788592
0.012965508311633999,0.005861601248562355,-0.006634222386448829,-0.004752727922416426,0.705605848210208,3.76773223410482,-0.4509056838027701,-2.6275485536687757
0.01297880283403004,0.005871067683802726,-0.006618546394563349,-0.004773681919215368,0.7036228108730532,3.7739589455515907,-0.43076755952648577,-2.6322126639871346
0.012993211416774966,0.005881263198933128,-0.006601358881270894,-0.004796162879791621,0.7014545657864747,3.7803084233069577,-0.408882771099395,-2.637001543774946
0.01290915661311786,0.005824477128178287,-0.006701160062241114,-0.004667593173591182,0.7143506825543452,3.7438238806384194,-0.534234847395206,-2.608426608735144
0.012903130801294821,0.005807349506602298,-0.00669904101011684,-0.004637113676702279,0.7115934131600531,3.717333208696683,-0.5483553576009462,-2.5939537850337473
0.013080361402901924,0.005964445819276947,-0.006506557599168266,-0.004965649604914431,0.6917543601472252,3.8495104034352567,-0.2619686376750421,-2.6800088464612344
0.013094896094549417,0.005975719393938695,-0.006488431337595051,-0.004989131556676557,0.6892949618520257,3.855198565042748,-0.2385560877122914,-2.68391464441792
0.013167893189868425,0.006017176055912649,-0.006386629179211875,-0.0050787729228249055,0.6732073252278113,3.85270355073516,-0.13117328013048504,-2.686776762439626
0.013147184715298974,0.005993983332776283,-0.0064095927229682196,-0.00503424051806916,0.6754837743246341,3.8346787131421896,-0.16950870886642092,-2.676750982080529
0.01316462844104117,0.005999256145775146,-0.006382696502872904,-0.005047382854710964,0.6705736127552698,3.8258252021845274,-0.14733815937815667,-2.6731934962891124
0.013131913338164,0.005986611039096394,-0.006431563854236766,-0.005017829985302953,0.6790651931702651,3.837472761704156,-0.19094460375053868,-2.6773076284702992
0.013115804974967012,0.00597909440013025,-0.006454775048349174,-0.005000757530681576,0.6829931226016531,3.8405622617568986,-0.2134059204809808,-2.6778974277704677
0.012955405420121828,-0.005931774955183026,-0.006697858066262003,0.004865622148708357,0.7277297407423163,3.90502066949306,0.4274743208131592,-2.6961875010138745
0.012968183500145994,-0.005941142377137921,-0.006682471772125337,0.004886685860849233,0.7256119056907,3.9113590114601036,0.4067981765540735,-2.7008073210775
0.012903990999427706,-0.005895249203429354,-0.006759143355525322,0.00478178425574191,0.7357467555500442,3.87900864716828,0.5093706879449843,-2.6767567675668116
0.012916784467051771,-0.005904370395427182,-0.006744126944748892,0.004802854950011811,0.7338756097362826,3.8859456687353773,0.48906552112727253,-2.681918997137061
0.012929630665637739,-0.005913433734975291,-0.00672884161193095,0.004823751322538059,0.7319455560134823,3.89246281771281,0.4686632075269089,-2.686812762472585
0.012942527205441838,-0.005922538644592516,-0.006713360064432694,0.0048446334352471865,0.7298868270539173,3.898746182666027,0.4481244767252964,-2.691532577518833
0.012905935231258278,-0.005878670963931622,-0.006744251875141059,0.004755068236319185,0.7300875137531003,3.8461096572013784,0.5143676808353486,-2.6604567753505326
0.012866839932111825,-0.0058515611724190425,-0.006789471338187876,0.004691680484113877,0.7358055717915456,3.8246782363369154,0.5747324436506651,-2.644190210753609
0.012879976418826758,-0.005860228513957919,-0.006774101322910282,0.004712353948840394,0.7337816848675206,3.831304601268456,0.5547129762462522,-2.649421002536512
0.012893132934569264,-0.005869243433541365,-0.006758808095944519,0.004733502961221371,0.7318363699168194,3.8383095213833243,0.53445383989993,-2.6547902316140135
0.012828367714227053,-0.005824439687883613,-0.0068323867960172835,0.0046277062904543165,0.7408597799420304,3.8004384505654305,0.6336073739406131,-2.6260816790098898
0.012854023433103998,-0.0058426666115233535,-0.006804011031531735,0.004670690843130002,0.7375811957557351,3.8171214846144736,0.5943802719175459,-2.63847646428442
0.012841287961179176,-0.0058335333630969875,-0.006818104094638708,0.004649258995442748,0.7392099150210468,3.8088017123191267,0.6139319579417316,-2.632331745838973
0.01274931080893727,-0.005771781245686885,-0.006919020774279483,0.0044986420625470125,0.7508193663830922,3.74958755634341,0.7510751245891826,-2.5868537904015807
0.012762197153035662,-0.005780827023494538,-0.0069056124641671416,0.004520649491725242,0.7494781738904636,3.759386138051994,0.7320332696915988,-2.594150876895432
0.01277509345892152,-0.005789879724705096,-0.006892050783367944,0.004542592422926458,0.7480782396460857,3.7689550727934473,0.7128595589029211,-2.601280103644377
0.012788484150217216,-0.005798354066157076,-0.006877105002044601,0.004563798996730873,0.7462632296796068,3.7768572066859285,0.6931249116192609,-2.6075910466630408
0.012801901178181078,-0.005806843827333364,-0.006861986702104551,0.004584939747157486,0.7444011097778241,3.7845054327085026,0.6732765956379264,-2.6137216863042387
0.012815222959983809,-0.005815527397753013,-0.006847028050400547,0.004606235689866741,0.7425903336007033,3.7923231027104722,0.6534106628494031,-2.619867565116889
0.012614513382291003,-0.005687181403408944,-0.007059247762786201,0.004279138870782278,0.7650669090691148,3.652559217385994,0.942132493852467,-2.5103817024876203
0.01262830256575709,-0.0056956274848869205,-0.007045392086991794,0.004301690181533314,0.763811425018546,3.663203166651798,0.9231226853697673,-2.5188070025343134
0.012736126947512498,-0.005762904173535188,-0.006932891372140455,0.004476641867185376,0.7522456522453221,3.7400436044034513,0.7703474895283157,-2.579579916424763
0.012695006750642722,-0.0057382357643851805,-0.006977693065175559,0.0044121815221921275,0.7574079397024648,3.714515350999634,0.8291961043813506,-2.558721730434527
0.012708709910358424,-0.005746205019400607,-0.006962702929319213,0.004433374935297337,0.7556438262364907,3.7228008744207686,0.8097168762471044,-2.5656147323464444
0.012722546478182313,-0.005754281931680043,-0.006947448176734727,0.004454710897688029,0.7538319477173459,3.7309604936717995,0.7899702835931385,-2.5724134016405036
0.012695728975232844,-0.005721805815086803,-0.006963161854164024,0.0043870234411158004,0.7519014532855092,3.682850619766358,0.8315135089364386,-2.5425967043056765
0.012682827623913283,-0.0057131528882737315,-0.0069761002443893836,0.004365297700707881,0.7530621915369883,3.6726402117434014,0.8497120317892913,-2.5348273329526143
0.012669368765141647,-0.005705102136364597,-0.006990257362637003,0.004344054164227428,0.7545340055707443,3.6635960473029567,0.8684170589633485,-2.527502512085689
0.01265604277978625,-0.005696740589440939,-0.007003812448954373,0.0043223278839102765,0.7558331048652098,3.6536496435330186,0.8869156868918256,-2.5196858171479874
0.012643369995135574,-0.0056871362844516495,-0.007015188131690663,0.004299064247101591,0.7564596326321232,3.6408872666747167,0.904601776966648,-2.510508673217084
0.012573489491976245,-0.0056634016306226454,-0.007100760521071128,0.004213531215582136,0.7690275416164744,3.62201696114801,0.9979348827829034,-2.485586341796365
0.012586961341533245,-0.005671229516077638,-0.0070872863333548,0.00423519873883067,0.7677731642913684,3.6323215352440896,0.9797154395777491,-2.4939176319995298
0.01260064859024676,-0.00567913015283299,-0.00707340931824283,0.004257039372807507,0.7664589708090811,3.642452420208627,0.9610980423344032,-2.5021616848249546
0.012437989318586652,-0.005566487270077247,-0.007211634376301341,0.003965066633894797,0.7712322144029079,3.472338900188419,1.1726344085127123,-2.375868612233391
0.012452024339971857,-0.0055741423506136985,-0.007198698614928055,0.0039876271417268695,0.7704244476343495,3.4843225395397224,1.1551837480471099,-2.3856297775150925
0.012465748581083512,-0.005582280093510445,-0.007186504733923064,0.004010540987632878,0.7698196005472199,3.49703149833141,1.1380460775554282,-2.395636198011932
0.012478967574481825,-0.005590831877678269,-0.007175270684956881,0.00403357133383156,0.7694448485659294,3.51039805232883,1.121449018234071,-2.405808592417755
0.012491721248074008,-0.005599073741998046,-0.00716428970900044,0.004055721560269283,0.7690267812519537,3.523106797941647,1.105286488546012,-2.4154917431027534
0.012505261708438123,-0.005605756094574986,-0.007150628385833591,0.004076161896519732,0.7677822554080566,3.532562313214997,1.0878943486580595,-2.423672314937619
0.01251985397115237,-0.005612581639710928,-0.007135425632808126,0.004097532094426656,0.7662038676543023,3.541796367500943,1.06908117726522,-2.4319388342107064
0.01253424603093027,-0.005620869248723994,-0.007121671563359158,0.004120778732989861,0.7651905147641358,3.553547413906475,1.0504382361891054,-2.441395649797738
0.012548127584138523,-0.0056294659422037804,-0.007108787984670839,0.00414400347345976,0.764336434232537,3.565771810796899,1.0323208974210534,-2.4509261543464835
0.012574202763675041,-0.005646931469656768,-0.007085322175795265,0.004189375981359919,0.7630470168974427,3.5905823158371333,0.9978499263799271,-2.4696501713478676
0.01256150677619719,-0.00563827090283221,-0.007096681042228606,0.00416708306420164,0.7636421209485121,3.5783080155993012,1.0147111827113668,-2.4604544602568645
0.01122312980474048,-0.0050370879894468725,-0.007947370946336713,0.0019570845262743765,0.6573060591964497,2.1073731621919465,2.174315115122813,-1.2572685216562631
0.011239367160196998,-0.005032265339890703,-0.0079304764486962,0.0019766889864817156,0.6563090749015613,2.1173859086610114,2.1585281030284316,-1.2706832326391828
0.01112722397217852,-0.005019779975446563,-0.007992220997984868,0.0018076139675366279,0.640758170714593,2.0027144992235186,2.2258962149162147,-1.1631909644878118
0.01111098947477335,-0.005012539090766522,-0.007994356551809566,0.0017793784687791592,0.6357916856651147,1.9810192511550093,2.2303515018101803,-1.1461354789724674
0.011157724467225202,-0.005018367174551784,-0.007970676992808444,0.0018507888925148321,0.6432206106139972,2.030044909704151,2.204199862367895,-1.191525234580463
0.011142359183384125,-0.005011506992558749,-0.007972980797518691,0.0018241507554722712,0.6386489721794784,2.0096332151731775,2.208726519492138,-1.1754407608477506
0.011093314225416677,-0.004982689599976099,-0.007971545117973352,0.0017349835629004268,0.6209578927230498,1.9387705334205185,2.216249562376856,-1.1226778117805687
0.011108171228831773,-0.004994121912003531,-0.007975193242397698,0.0017636239763688592,0.6274932676052083,1.962472474017392,2.2164044038663278,-1.1392527249501119
0.011204929294273955,-0.005021550676063684,-0.007942418017529334,0.0019204334601227106,0.6489235416568064,2.076262837074161,2.174178539976967,-1.2361041849173864
0.011179586150676973,-0.005009736093775856,-0.00794630497652326,0.0018763352647349666,0.6414874914123013,2.0423869578649665,2.1819247982551757,-1.209568542179795
0.011314143349277604,-0.0050595654126663935,-0.007906614971182481,0.002101454200850362,0.6733868537235376,2.2100063562876993,2.125122929568134,-1.3467612395037538
0.011332676822110248,-0.005055777470236226,-0.007888309526345323,0.002124278885794024,0.6725557377137964,2.222025730962387,2.1076082101714935,-1.3618558806700087
0.011269466231950243,-0.005032972626180458,-0.007909705271816505,0.0020194763988057693,0.6588574781065254,2.1447286397058227,2.1369948096197677,-1.298128692563257
0.011253756858629609,-0.005019644921754232,-0.007906039852981354,0.0019879211757241155,0.6518322938219013,2.1180918543781977,2.1375150688319966,-1.2799018079385778
0.011300618283016086,-0.005044270869906196,-0.00789953345021366,0.0020711983237974153,0.6657668772696828,2.1829251262214684,2.1228840748148676,-1.329587320171129
0.011286104888204168,-0.005031345922460822,-0.007895748687967228,0.0020414872995880348,0.6590514250016967,2.1576366286679245,2.123238143114632,-1.3124660164228141
0.011498736318301289,-0.0051122541602418295,-0.0078165437743413,0.0023949529314798135,0.7023214574494764,2.4177550520879403,2.0143976530630625,-1.5258658367651632
0.01146898214283077,-0.005106649500602198,-0.007835684529033035,0.0023505485843880237,0.6996068155258246,2.388367062690822,2.0360561203287855,-1.4987699988390606
0.01148609415295088,-0.005103781837172343,-0.007817977856019207,0.0023709264423522193,0.6984039604872334,2.398360206422278,2.018941062425251,-1.5117221403607217
0.011439806073217587,-0.005090783361383305,-0.007842371805002406,0.002298146330480456,0.6920185508046547,2.3475348841460284,2.048532819824267,-1.467599850205583
0.01145980711854287,-0.0050870865144932624,-0.007821655934303328,0.002321867294171474,0.6905886539768584,2.359217133664122,2.028651788986167,-1.4828236634578973
0.011388770889867837,-0.005061651211476385,-0.007851240404653187,0.002205618559629447,0.6775235072221805,2.2749023574690956,2.0676686131412834,-1.4127283548106764
0.011424277345276646,-0.005077260795624298,-0.007840058874190715,0.002266154505199258,0.6855147284667744,2.3203180160531214,2.0508886029696254,-1.4490043915165742
0.011407155819388512,-0.005067822776841522,-0.007843423896880043,0.002235429675661994,0.6808564357679535,2.296385712665367,2.057577259544958,-1.4307738610911844
0.011367584681155863,-0.0050559977690329255,-0.007861615271208032,0.0021723510511336475,0.6742452283831473,2.251544178405768,2.080180210164698,-1.3924018946529932
0.01134767590294028,-0.0050423932064332525,-0.007861874954301434,0.0021346344521990745,0.6672796566854355,2.2210053660812368,2.0849572277892894,-1.3702829310276547
0.01151496878958761,-0.005104432145101769,-0.0077938687630468165,0.0024095975362180733,0.6987836331368503,2.4209744849463757,1.99403739544597,-1.5356012679580788
0.011537581276811449,-0.0051004599768094145,-0.007769777524955745,0.002435647079232573,0.696784242841865,2.4331088789443993,1.970911798289803,-1.551956190745379
0.011554624994666016,-0.005111157277958548,-0.0077664418318364155,0.002467180589057952,0.7015053438227564,2.4579917302964973,1.96359134460254,-1.570432946594324
0.011572374296689955,-0.005112507419921904,-0.007752063928051473,0.002491273895985566,0.7016994517016091,2.472279413376793,1.948492785397341,-1.5849904267853867
0.011595042845282948,-0.005141644437738945,-0.007763385119231066,0.002546833532042943,0.7143932812569423,2.5233396365164755,1.9489931418134951,-1.616902380164353
0.011650903926662797,-0.005169506878189976,-0.007741743440331075,0.002644168041096163,0.7251505745851227,2.59644691894062,1.915945190604553,-1.6741614664772853
0.011634368784982283,-0.0051626494068073995,-0.007749888533615394,0.002616676549743221,0.7226916992485198,2.576669918641403,1.9269968320191115,-1.6580074857146425
0.011619946956862387,-0.005147659311462453,-0.007746978167950556,0.0025842711201766936,0.7164054885155923,2.5480313026416757,1.9299078747498017,-1.639208365483025
0.011592613915329082,-0.005117498876171465,-0.007739219793109414,0.0025216848355539222,0.7035784238950408,2.492424952096501,1.9336004220585605,-1.6030831731705675
0.011730198789403531,-0.005187782634823377,-0.007684428906793231,0.0027608343088714182,0.7290810402767135,2.6706055985129495,1.850027164593304,-1.7424702978971538
0.011683659532437152,-0.005172421189751664,-0.007713481299353927,0.0026881585528098603,0.7248944073449128,2.6215666350938047,1.885878037355113,-1.7001969379504052
0.011669289970030338,-0.005158728120252541,-0.007712455510564397,0.0026570213053131206,0.7193775812654107,2.594775208349287,1.8903795896419038,-1.6821570680281894
0.01171576088214385,-0.005178516888811453,-0.0076887261598494626,0.0027339168104974533,0.7258272994766415,2.649598334528038,1.858245422587945,-1.7268794738284736
0.011701947506128517,-0.005169417086307281,-0.007692452845579181,0.002707956544251037,0.7224627613824326,2.6292134427172704,1.8657677534100299,-1.7118405005895778
0.011745408839156236,-0.005194985720305111,-0.007676992579146356,0.00278664578606036,0.7312904173093888,2.6893122214048355,1.8394390518261734,-1.7574019567535186
0.01179948155488365,-0.005220822915154629,-0.007649554543409405,0.002878411979929871,0.7387033694211111,2.755472126992063,1.8004258337657775,-1.81018350319983
0.011763339809791612,-0.005201069626216765,-0.007665440304253128,0.0028145964807252018,0.7327013338977432,2.7079842999281634,1.8251295911914938,-1.7734920035442647
0.011786099222341685,-0.0052076910029703605,-0.007649311971391119,0.002848812641806725,0.7339055801994478,2.7299542498024487,1.805942050700237,-1.793097662266995
0.012096758115918526,-0.00539490526181691,-0.007496086420966624,0.0034124423348811175,0.7769986938858738,3.1459310807620806,1.5577600023149447,-2.1082232961598044
0.012066223439428767,-0.005383104173807728,-0.007521151141424515,0.0033653951559259876,0.7771993846645949,3.1176519217250234,1.5895150039366361,-2.0836194051109165
0.012081519797654003,-0.005388306562260032,-0.0075079366948970746,0.0033881457505442786,0.7768010361399639,3.130742040580482,1.5733590522672571,-2.0954511744138133
0.012063261725653262,-0.005368775464007338,-0.007509863462583369,0.003344882171125229,0.7713424522595858,3.093288192495557,1.5863058129437597,-2.070909851195758
0.011814853370311676,-0.005223480945333762,-0.007636392906778976,0.002899525596031911,0.7385523669341675,2.767503414295256,1.7859326808708424,-1.8221075636444921
0.011876679812184765,-0.005263529375196786,-0.007613153372960799,0.0030149929323198092,0.7504002030807841,2.8562828969457,1.7440655191701382,-1.887983731705788
0.011831630799889808,-0.0052292924974032,-0.007624970444472368,0.0029255038222636867,0.7395943591030169,2.7844966594045353,1.7718037400950146,-1.8367968821156733
0.011847648844556607,-0.005239384901866949,-0.007618723198524162,0.0029550589074612862,0.7425483856536194,2.8070108831406198,1.7609178888302985,-1.8536339369081085
0.011862437709302363,-0.00525183937148749,-0.007616125995489256,0.0029857247903517553,0.746621333901214,2.832284163445978,1.7525471133203425,-1.8712079945956486
0.012023918448253642,-0.005345093987187054,-0.007532187306786064,0.0032739559248150933,0.7672377745023558,3.0423478469074055,1.6215445023866053,-2.0321711411542154
0.012038396099563487,-0.005352827872463792,-0.007523087339294277,0.003298910879905024,0.7683613098895198,3.059613659768351,1.6082750122233656,-2.0457435738194145
0.012051921952595534,-0.005361206897724584,-0.007515644900416907,0.003323568571000981,0.7698713523721604,3.077483446510015,1.596265106857784,-2.05922731071125
0.01200890577616985,-0.005337475236053186,-0.0075418833129066885,0.00324850500842576,0.7661885564078527,3.0249402718809377,1.6353114452934923,-2.018305049771417
0.011975223435611977,-0.005329045296870855,-0.007572177094969669,0.0032012053029400666,0.7675123157281405,2.9988629849537274,1.670222325337532,-1.9931263399915806
0.0119922675175178,-0.005329178750056172,-0.007552597419141999,0.0032204132104231386,0.7649477498471182,3.005716570217452,1.6504210801417167,-2.0029385503500268
0.01196084547721605,-0.005318469175098197,-0.007577528696851183,0.0031728575043586844,0.7646911169533468,2.976614949282563,1.6810910602374878,-1.9771487204772156
0.0119486398109864,-0.005302385387129043,-0.007574457278101537,0.0031407578772499937,0.7590862868330827,2.9469238194616207,1.6861486190010753,-1.9585661987681162
0.011892573822601634,-0.005272693307129361,-0.007605539914379078,0.003043461056048627,0.7527286880126852,2.8773816198013846,1.7320170315028258,-1.904110996706516
0.011910980648598577,-0.0052838559307104346,-0.007597076090571289,0.0030770233372742393,0.7555770666913801,2.9024589552681443,1.7181049896499805,-1.9230491312658842
0.011932220238968146,-0.005291387033593603,-0.007581359934137988,0.0031097292358034123,0.7562819066102221,2.9232164387362864,1.6985732674371163,-1.941096395851657
0.012224427801450034,-0.005458720103691973,-0.0073990935292921585,0.0036236907450485378,0.7791157669279811,3.280120155791631,1.4235505017655468,-2.217004276657686
0.012253657140553377,-0.005470335964619201,-0.007372278652757879,0.003667342101910247,0.777599080955442,3.303601009483451,1.3901411278300453,-2.2379171290104583
0.012238622553650887,-0.005465663212227736,-0.007387435807011186,0.003646647843907324,0.7789784995525668,3.293924498557572,1.407783899739746,-2.2283754977923844
0.0121113722092041,-0.00538332697976689,-0.0074662429233265494,0.0034135756214161207,0.7692137454998679,3.130662977411341,1.534820057913999,-2.1060451736382615
0.012210760836347694,-0.005450780862759053,-0.007408926628327753,0.0035998933448252598,0.7786828171919294,3.264476104316414,1.438157204966384,-2.2048638914289618
0.012181428197399183,-0.005437584241494321,-0.007433432539389675,0.0035535785037505174,0.7791794954589176,3.237054807826375,1.470316028567318,-2.1817272851169154
0.012196275811062108,-0.005442939699489054,-0.00741976992813661,0.0035753602312862884,0.7783697839670366,3.2487376806926114,1.453646286722406,-2.1923793197691377
0.0121787809803067,-0.005422298971820426,-0.007421406891154321,0.0035314132202213288,0.7731602510590149,3.210482621249633,1.4679129831793019,-2.167836940472408
0.012126064453861218,-0.00539017225399937,-0.007455083874627206,0.0034372963077899245,0.7694820525035556,3.145599234038088,1.5199003727794886,-2.1183749969680963
0.012140526568622663,-0.005397393106179795,-0.0074444421718068,0.003461177135079494,0.7698924573799806,3.1609300058057275,1.5052585281325397,-2.130781136292492
0.012154558300345918,-0.005405366803976067,-0.00743495167581579,0.003485502242973785,0.7706421233143289,3.177261456940743,1.491277421679208,-2.1434957844023987
0.01216758780496293,-0.005414298515960391,-0.007427545763499085,0.0035099802437931556,0.7719387174053683,3.194867411903152,1.4787261674548715,-2.156468837605813
0.012268668619088473,-0.0054583115632861195,-0.0073406862817259845,0.0036658087343236,0.7692970252555139,3.2839311481007187,1.3675259288278083,-2.232797632085926
0.012283503767127682,-0.005465478604525872,-0.007328047819311114,0.003689250872037284,0.7689180708224287,3.29741555690453,1.3508870346766442,-2.244026596591464
0.012298109409594108,-0.005472350530944477,-0.007315277600562563,0.0037119981668644786,0.7684145192071562,3.3101599846087524,1.3343146000627062,-2.254774127972746
0.012439100100918275,-0.005548564406531638,-0.007193565891406251,0.003940624127105875,0.764079984314586,3.4396743148533324,1.1690687122895362,-2.3595360887250756
0.01239410717330996,-0.005530776561736707,-0.007240091492965969,0.0038775776048428643,0.7687808622802811,3.412223358407876,1.224412187301163,-2.3335894161456334
0.012408434994246922,-0.00553414922349452,-0.007223280418453115,0.0038945828359795653,0.766337949523444,3.417108477248068,1.2065272997856296,-2.3399497135320293
0.012424236204651053,-0.0055412724545628985,-0.00720776691267292,0.003917935894876632,0.7651385836398853,3.428317017348627,1.187252544453252,-2.3498546092090327
0.012312617206410387,-0.005479385155165221,-0.0073026484186309035,0.0037347834887905165,0.7679371921428145,3.3229744807789037,1.317774163295579,-2.2654845485290025
0.012382700727852622,-0.005520628579951007,-0.007246387775078544,0.0038536188648481515,0.7675368079820548,3.394824708958439,1.2373256392774572,-2.321644735479231
0.012327023366787112,-0.005486703794354248,-0.007290281330855189,0.003757772656075242,0.7675336300348407,3.3360784837348105,1.301294887404482,-2.276267734808138
0.012341414859596557,-0.005494319393932533,-0.007278069453267518,0.0037810694441937644,0.7671886032367278,3.34950315489462,1.2847590438866094,-2.2871661881311804
0.012355822334787582,-0.005502311848318637,-0.007266042718800045,0.0038048158759903853,0.7669216763027173,3.3633922910340464,1.268135366285902,-2.2982621133926853
0.012369953509620944,-0.005510980114105262,-0.007254878038829801,0.0038291724199027263,0.7669428736066884,3.378289383112501,1.2518409285293364,-2.3097496194372575
0.01303179873731212,-0.0059882696936687,-0.00660407270080189,0.004990810519540177,0.7147198076016325,3.939726787450502,0.3026722966581085,-2.7212712318308623
0.012980884121156165,-0.00595052118564287,-0.006667082546698562,0.004907635142419957,0.723580853744532,3.9175167637387163,0.3861360443962835,-2.7052680260554247
0.012993623447700381,-0.005959823699551808,-0.006651436449901815,0.004928365712562535,0.7215077775642937,3.9232228380515664,0.36541904502755224,-2.709440863070602
0.013006425663167669,-0.0059691474275970135,-0.006635556614838975,0.004949047384054046,0.7192909119815329,3.9286334473853732,0.3445694840607196,-2.71340700745252
0.013019182359819104,-0.005978631511601744,-0.006619716522303243,0.004969875500267504,0.7169910043095484,3.934107618406849,0.32362049914506347,-2.717339438865969
0.012983082948717015,-0.0059338491910717285,-0.006652426646316086,0.0048801992014146514,0.7180217896396646,3.8844708773276366,0.39255901376350993,-2.68899433521854
0.013175000149139745,-0.006137439443456894,-0.006437467397083844,0.005291603283719947,0.6961881304321068,4.053867497759631,0.030799000450810788,-2.7858925372528867
0.013187119036995118,-0.006147433031857422,-0.006420808307657897,0.005311805280941775,0.6935974805141703,4.056934909432339,0.009070886675801672,-2.7875367834920404
0.013189948430574428,-0.00613163882241407,-0.006407385720283911,0.005283709745412038,0.6874952519392165,4.026366742257204,0.015639612445016604,-2.7727290735988785
0.01312621249243652,-0.006097847331006404,-0.006503465941193304,0.005210277143448988,0.7070729455299812,4.040165053616364,0.11751367624276667,-2.7775089432902687
0.013128784435329803,-0.006082018523714668,-0.006489790742224282,0.005182571337067909,0.6995923431134045,4.009460277334587,0.12301002418392078,-2.7625423566691225
0.013138455982275534,-0.006107687827612112,-0.006487087990745125,0.005230654419316349,0.7063401680957678,4.043904170505787,0.09595585426218012,-2.7797897639324014
0.013141053060161223,-0.006091869320444949,-0.006473480333435114,0.005202903813920214,0.6967543589292076,4.013209066016285,0.10161910116337845,-2.764906481049362
0.013150668501838894,-0.006117566743455818,-0.0064706261640035635,0.0052510046821551025,0.7039118376306517,4.0473819900414645,0.07430804058100747,-2.781969985948793
0.013153324514541731,-0.006101720305551626,-0.006457029795014245,0.005223127750326006,0.6940581794595541,4.016687534963242,0.0801495820947652,-2.7670792493599365
0.013162849930815514,-0.0061274839812932615,-0.0064540792464461635,0.005271329248858886,0.6999865114579671,4.050679785927806,0.05256641406568651,-2.784024752447633
0.013165583709256884,-0.006111617771963948,-0.006440491014258229,0.005243315563531025,0.6917992834980673,4.020005045934213,0.058640762377360704,-2.769089599275043
0.013177797568742619,-0.006121594977318235,-0.006423936044802466,0.0052635172202400845,0.6897372070749769,4.02323867621287,0.03713375843172909,-2.770970821834688
0.013131597752188355,-0.006065830689890341,-0.006476088471329418,0.005154862692356141,0.696508850405409,3.976731783322484,0.13433728181555174,-2.7463277136751567
0.013119296282123015,-0.0060558365324333225,-0.006492099772766207,0.005134265598256155,0.6988660500603939,3.972354022251365,0.1555680277253408,-2.7435525951791284
0.013106806683178639,-0.006045948946268861,-0.006508359223101078,0.005113697888997269,0.7013520588856138,3.968094444316851,0.1768657222642254,-2.740762520480274
0.013056640691851161,-0.006007625042396366,-0.00657308203036282,0.005032375649232542,0.7104526153940478,3.9506856874835266,0.26098643431260576,-2.728772793415903
0.013069053021196236,-0.00601718206770405,-0.006557318402544443,0.005052792699449041,0.7083594949676574,3.955546979454312,0.24016473832707577,-2.7321145943297656
0.013081569106186805,-0.0060266871754522085,-0.006541206370066499,0.005073043289648855,0.7061719254064073,3.9599313937022367,0.21923128504930292,-2.7351583869588905
0.013094182843715288,-0.006036248620876761,-0.006524820356027294,0.005093306390433656,0.7038312886117905,3.9640351725435856,0.19812243042002456,-2.7380028167327786
0.013047094551434308,-0.005981236079534772,-0.006573443895560617,0.004983823964333198,0.7072163003638533,3.911862230172744,0.2889707158870752,-2.7087642221274595
0.013059271735008371,-0.005991170995545495,-0.006558581139934343,0.005004808502359972,0.7052681056818689,3.917979865520891,0.2685189371980419,-2.7127955775727592
0.013306558565652453,-0.006249443980966237,-0.006250786501013773,0.00551087318093596,0.6674105221161352,4.076810677243687,-0.20940329468588068,-2.795736023606647
0.013309918898812232,-0.006233750703861285,-0.006237871766888971,0.005482090182821288,0.6621015142655019,4.046773991319269,-0.20070416562524804,-2.781179384346913
0.013294759514952837,-0.006239074616716287,-0.0062680662684050864,0.005491211041086799,0.6697619894758646,4.075521027353099,-0.18751899016778592,-2.795719632281489
0.01327106398830183,-0.006218447357971208,-0.006302474233398717,0.005451685139534362,0.6767259006948834,4.072503805124897,-0.1435939525775375,-2.795010668571597
0.013282927950127593,-0.006228742374980061,-0.006285297806472512,0.005471479124084455,0.6730022208597978,4.07407633664366,-0.16557256092823766,-2.7954780050461587
0.013286205783962933,-0.006212909447432906,-0.006272174221699311,0.005442637898622596,0.6669170207011194,4.043922349294938,-0.15735020002025704,-2.7806787778552127
0.013298093445531914,-0.006223309984205706,-0.006255028051634834,0.005462389041394161,0.6646049322607884,4.04542193826397,-0.17903430113963945,-2.7809918096990516
0.008650366081149908,-0.005185595749722576,-0.008023868249479819,-0.0022493537101295857,-0.05302274936826464,-0.6693807808735578,2.5042011862295697,1.4600087627711933
0.00866549944553118,-0.005181379007421065,-0.008030901649263135,-0.0022241117079433645,-0.050968816483977254,-0.6534002245562811,2.5077656184911548,1.4425404973328064
0.008654121921211582,-0.005170042568995958,-0.00800810703731268,-0.0022314143295352157,-0.055465812888233205,-0.6628092117270237,2.494174294250318,1.4453040721404173
0.008635246202199697,-0.005189859973827203,-0.008016759938178885,-0.0022745584647818826,-0.05576499329156189,-0.685327149586401,2.5005826000288556,1.4774852503086227
0.008638967329526176,-0.005174300815453717,-0.00800101277363229,-0.002256530479385031,-0.058856559629368144,-0.6787667449975531,2.490491802713168,1.4627454258260728
0.008605047553236283,-0.005198530675796427,-0.008002323392323249,-0.0023248390192892416,-0.06462569538474315,-0.7172271812658685,2.493102689321874,1.5122824062504303
0.008620139971822547,-0.005194171632003687,-0.008009581266359764,-0.002299709912116561,-0.06019747087745108,-0.7012624899883759,2.496897077674211,1.494888915424019
0.008608716337359911,-0.005182938373175109,-0.00798657687950085,-0.0023066601770016792,-0.06447686009068783,-0.7106329522959111,2.48292706054488,1.497676743219903
0.008623839293033626,-0.005178614150148154,-0.007993857763535832,-0.0022816146949940987,-0.06181218151048851,-0.6947096964217915,2.4867517686687606,1.480220085417664
0.008593582035436888,-0.005187279009508878,-0.00797916249007388,-0.002331688859680318,-0.06733632646997066,-0.7265453451821194,2.4790144413548023,1.5151046564692423
0.008589969109727747,-0.005202937056022924,-0.007994977436574416,-0.0023499762901115153,-0.06749136187684175,-0.7332201968149444,2.4891746313633356,1.5297903896825131
0.008529798353607839,-0.005221034932232108,-0.007964795548348108,-0.0024503246532949228,-0.07573638743583051,-0.796830133578025,2.472791103174262,1.6006311790885193
0.008518198707043512,-0.00521010039012429,-0.0079414185832059,-0.002456695696160863,-0.08218213043333406,-0.806085858867197,2.45851200115033,1.6027993108705212
0.008544819263429001,-0.005216439712524502,-0.007972446356357245,-0.002425315637364242,-0.07177314280617803,-0.7809899299630364,2.4769204339799327,1.583004030659436
0.008533219883048527,-0.005205437391912796,-0.007949097766337605,-0.0024317704602338057,-0.07987149682954849,-0.7902129617047748,2.4627763280671413,1.585200901073866
0.0085598548013954,-0.005211891625397759,-0.007980029830351936,-0.0024002451769289564,-0.06969001482706602,-0.7651268334518492,2.481034148543385,1.5652495461921918
0.00854825300432384,-0.00520078180622423,-0.007956652979942302,-0.0024067931257017307,-0.07720169979650239,-0.7743133206521807,2.4669288134635106,1.5675968752492009
0.008574904804645981,-0.005207390722771273,-0.007987543671548003,-0.002375120460997758,-0.06884112501824535,-0.7492010035795205,2.4851334880063556,1.5474656483475104
0.0085784440663785,-0.005191680962357896,-0.007971670019963172,-0.002356724611344101,-0.0705623193500675,-0.742462783888817,2.4750350916923947,1.5325426004017626
0.008563326777609967,-0.00519618157771991,-0.007964160167109576,-0.0023817678011686517,-0.07398068924762145,-0.7583903533128854,2.4710065588662804,1.5500346890564618
0.008446214597654525,-0.005217610772236446,-0.007885642282224338,-0.002561887904070939,-0.08990256160859006,-0.8833902257057716,2.421362209473418,1.6812197919378757
0.008461326950038572,-0.0052129897606033775,-0.00789412910435197,-0.0025372527912374057,-0.08749851689119557,-0.8675160340731409,2.4263754732669742,1.6637057896154326
0.008476396881536797,-0.005208304906973312,-0.007902356816573685,-0.002512563070898663,-0.08494011587860108,-0.8516904374247395,2.4311645458847297,1.6462087801819913
0.00849145181550927,-0.005203568824884289,-0.007910365058010146,-0.0024877974010430594,-0.08233229088346593,-0.8358915549710595,2.4357577139176922,1.6287163778753921
0.008506496338885403,-0.005198873116874271,-0.00791826463988738,-0.0024630339506521285,-0.07968358170478146,-0.8201091362701717,2.4402470685598288,1.6112614386599817
0.009171855109444361,-0.005024045363921604,-0.008164545000163016,-0.0013586140129848814,0.08081539354801943,-0.12679373894654344,2.5544092556104,0.8624863503647919
0.009187648703276475,-0.0050213932744167,-0.008168895879092976,-0.0013327031175389735,0.08542492820578083,-0.1102832912972211,2.556018456352552,0.845477965179632
0.0092033609410817,-0.00501884445003145,-0.008173184259627897,-0.0013069431743833874,0.09003921709052935,-0.09384503202370238,2.5575927243813124,0.8285919928223953
0.00936984914435735,-0.005011579216942864,-0.008233071656058842,-0.001039955141778736,0.14138914327786575,0.0842649098344303,2.5839422186269414,0.6550764863899438
0.009354179616840819,-0.005013537756258998,-0.008229637750154483,-0.0010657882585969258,0.13644053043009555,0.0677354617994901,2.5829363309958335,0.6717153014224971
0.009338487456065437,-0.005015569722394727,-0.008226138827365921,-0.001091664756814795,0.13152428344544764,0.05120013275240954,2.5818942884644187,0.6883976514930595
0.009322802241414022,-0.005017653293765336,-0.008222559916530281,-0.0011175302482108196,0.1266204299630033,0.034682396847799384,2.580801596391972,0.7050929090774951
0.009291621332102028,-0.005021908938328867,-0.008215151030586428,-0.001168933200971013,0.11684544417759546,0.0018529715272424822,2.5784397315665024,0.738352525932076
0.009307178750963247,-0.005019784024884174,-0.008218917095724004,-0.0011432959598983404,0.12172857901848878,0.018236954942997083,2.579663412200876,0.7217476634395124
0.009219056005545427,-0.005016399521193944,-0.008177442060933212,-0.0012812332009702351,0.09467876545484849,-0.07741007971341478,2.559148616368421,0.8117624845402788
0.00923478114387556,-0.005014093972583479,-0.00818173282241146,-0.0012555135313907647,0.09935859712690899,-0.06091989477871284,2.5607262186880813,0.7949488757203528
0.009250546901475218,-0.005011982997213479,-0.008186126077483535,-0.0012297886980890736,0.10408340472977597,-0.04434988435371259,2.562372249084102,0.778151658911029
0.009266293430712376,-0.005010099875755379,-0.008190635270565667,-0.0012041625015569459,0.10883227484031942,-0.02775442387065979,2.564099553420418,0.7614368905200654
0.009281882494992785,-0.0050083573458568585,-0.008195100366943748,-0.0011788123559570887,0.11355769796866931,-0.011298138737052819,2.5658092416328793,0.7449227385582892
0.009603162100764515,-0.004954994415046795,-0.00823499829324733,-6.475660432103082E-4,0.2138430008510681,0.32354501965277027,2.5667348452250445,0.4025045530794245
0.00961924824728035,-0.004954003973714349,-0.008237413674388109,-6.213785898515689E-4,0.21904400115693565,0.3407197753892666,2.5670934066499544,0.3857617014310813
0.009635306319165924,-0.0049534390024309205,-0.008240175995682912,-5.953089123902241E-4,0.22428593658146537,0.35798369102163496,2.5676860784347255,0.36912424811101546
0.009651112964816558,-0.0049534316463827124,-0.00824339703106118,-5.697343949030064E-4,0.2295157568159327,0.37513258940764954,2.5686036152670866,0.35284417390352635
0.00966631978271735,-0.004953416174458366,-0.008246350666563913,-5.45099355051741E-4,0.23456736701752515,0.39164030481339535,2.5693881915946126,0.33717545617629024
0.00937582980662151,-0.00499632721133167,-0.008217183787263103,-0.0010248864218298838,0.14251374650421858,0.08755218157948653,2.572901686051073,0.6451630567297199
0.009422752298500467,-0.0049893295983168455,-0.008225114963816125,-9.474161067976188E-4,0.1571705192313698,0.13671132995726606,2.574398516474955,0.5951867608986888
0.009391470479831476,-0.004994411690029944,-0.008220463954465601,-9.992190650204792E-4,0.14739968652040128,0.10403391788463022,2.5738228771752216,0.6285910371494813
0.009407054521359462,-0.004991906613261374,-0.008222884216574177,-9.734233736879823E-4,0.15225997887466255,0.12032255927398379,2.5741747756009783,0.6119491189421081
0.009428818785361897,-0.004972233465453661,-0.008206922772701311,-9.320832597666202E-4,0.15856723251119142,0.13922929357012412,2.5617269650809877,0.5854339868525349
0.009593731297473741,-0.004938602259756832,-0.00821356141167065,-6.589633843175469E-4,0.20926421740260012,0.3092091928714618,2.553143569218404,0.4090325644237421
0.009577546819664657,-0.004940065219692942,-0.0082114406072925,-6.852373707856241E-4,0.2041616546972647,0.2920979157479122,2.5529917647264937,0.4259379288744339
0.009561465250811032,-0.004941735028721716,-0.008209438109664603,-7.113874732627483E-4,0.19911389209432054,0.2751511221466134,2.552913589212947,0.44278152648960406
0.009435172815679646,-0.004954565557824216,-0.008188203631873489,-9.162284171896953E-4,0.15979132759980633,0.14204798580677222,2.5486415438682957,0.5751413722998416
0.009451280430748705,-0.004952781937427558,-0.00819124986268998,-8.901154436012029E-4,0.16474840616677863,0.15898024264990485,2.549412349360873,0.5582196689327663
0.009467473338915487,-0.004951591744544111,-0.008194869610223955,-8.640308394728572E-4,0.16977872836468885,0.1761441861851538,2.5505640468440167,0.541337919143924
0.009513344788972127,-0.0049531722807715384,-0.008210124631439946,-7.91374126575117E-4,0.1844724822347705,0.22598668746769496,2.557169435406854,0.49451658996815323
0.00948376408617071,-0.004951260191933163,-0.008199376123324982,-8.38016956932975E-4,0.17491133453750893,0.1936214853105022,2.552302986023731,0.5245324553430598
0.00949964937265935,-0.004952101899247779,-0.008204992790837596,-8.129435101840468E-4,0.18002204800667057,0.2109503704780871,2.5548157422807436,0.5083795147702176
0.009545185624887069,-0.004943274082967478,-0.008207081929966784,-7.378117184865198E-4,0.19400373231147283,0.2579594349509156,2.552617534939832,0.45980768733020844
0.009527307918245076,-0.004945058677152025,-0.008204429395712393,-7.668398951839068E-4,0.1883979734975036,0.23910479655707734,2.5522528228150025,0.4785281665444722
0.009745901833505842,-0.004915721579949533,-0.008215496774950202,-4.1030116634013515E-4,0.2561210389655155,0.4677081011531065,2.5424504848811154,0.24859210674813093
0.009728698112094375,-0.0049146347010835855,-0.008211642252239195,-4.377712459944423E-4,0.2504097621080594,0.4488035755180643,2.5412140364532854,0.266058069926961
0.009704521147971148,-0.004931946805988292,-0.008227993794837754,-4.794746282724087E-4,0.24470423390619442,0.42732791269008535,2.5541307658452337,0.2939635140165045
0.009712434991209062,-0.004915024549726389,-0.008209500068169936,-4.63926934021661E-4,0.2452027376365888,0.4313336755191503,2.5410585574957207,0.28281107924357207
0.00967203837848191,-0.004940135527487869,-0.008231812768480434,-5.33336107021942E-4,0.2349879602942342,0.3943212099943966,2.5592326150157656,0.3288453537036597
0.009686065541625283,-0.004932754744578591,-0.00822572496139618,-5.09363100418932E-4,0.23874408566707483,0.4075568137164566,2.5540599011696634,0.31307359063125256
0.008832809929953061,-0.005138141575448354,-0.008102961049127229,-0.001945269912216036,-0.012025474736084237,-0.47725282549043246,2.54258974413693,1.2515625851307184
0.008848092431344243,-0.005134498077970416,-0.008109039824449429,-0.0019197729195608159,-0.00942155494022882,-0.4611103885371782,2.545415608599842,1.234277887874049
0.00883712564555442,-0.0051226793247228656,-0.008087160893676936,-0.0019281204530435002,-0.013381633752447783,-0.4704163106852755,2.5328573676575203,1.2373125432646315
0.008863386307324785,-0.00513090261818238,-0.008115029982183336,-0.0018942930314971966,-0.004938765171228404,-0.44497141918495764,2.5481511970704287,1.2171381855354124
0.008852500175083785,-0.0051190945953926694,-0.008093314523918827,-0.001902681616492064,-0.009450934996538903,-0.4543210580498313,2.5356775456941114,1.2201362776828784
0.008878691396530592,-0.005127355233983757,-0.008120934809090664,-0.0018688166879028438,5.985286818725151E-4,-0.4288732147130701,2.5507842072472022,1.2000576228736817
0.008867855414719282,-0.00511554994097611,-0.008099358221780708,-0.0018772584487703728,-0.005905407249825385,-0.4382350799480616,2.538421391642853,1.2029656026358104
0.008975618229276373,-0.005091789224568376,-0.00813905232617232,-0.0016986353066971403,0.02217610272548245,-0.32524994680967473,2.5558083067204422,1.0830751071592994
0.008970748396413332,-0.005107082553678813,-0.008154721750526674,-0.0017153921142739528,0.02480875910446789,-0.33210262691391185,2.5653780912436805,1.097300935239745
0.00896017300045975,-0.005095045558603893,-0.008133622170940194,-0.0017242384550054718,0.01795014689580267,-0.3414274558201957,2.553504956164229,1.1001519448385435
0.00895537940604795,-0.005110340726114829,-0.008149292366175146,-0.0017410028649334612,0.020574943448475567,-0.3482624111070323,2.563097246260203,1.1143867401130636
0.008894007537775724,-0.005123855962596771,-0.008126762911344584,-0.0018433069115701636,0.005251770632675008,-0.412797437559772,2.553340933292678,1.1829241829061738
0.00888319306960509,-0.0051120125185264475,-0.008105257872165485,-0.0018518306056011528,-0.002353292334914545,-0.42214167288054744,2.541079377159585,1.1857791772874762
0.008940020664703167,-0.005113647187447097,-0.00814378395601123,-0.0017665896941268583,0.015844513787788932,-0.3644137240537049,2.560749004989508,1.1314551685390781
0.008944745114743404,-0.005098344412803501,-0.00812810768082538,-0.0017498107040041864,0.013941287105309256,-0.3575921835098485,2.5511425524877365,1.1172468257824837
0.008909334570059206,-0.005120404840570064,-0.00813251719702902,-0.0018177508115466152,0.0085179275103869,-0.3967004523119087,2.5558538336341683,1.1657311113752202
0.008898540997489919,-0.0051085003395841865,-0.008111051205569752,-0.0018263729808667493,0.0015870804564921098,-0.4060277751946227,2.5436704713048495,1.1686002726907825
0.008924672332571876,-0.005117001903782517,-0.008138192588384018,-0.0017921707296293494,0.011678619796651185,-0.38056584736428906,2.5583294020314016,1.1485583845623208
0.008929328131258442,-0.005101673843513202,-0.008122491800572644,-0.0017753534251248161,0.009966166707131711,-0.37374526461989,2.548711626543199,1.1343444632225668
0.00891392140037623,-0.005105051218894681,-0.00811679404026724,-0.0018008767617189684,0.005811588419913526,-0.38989229157122146,2.5462155800522512,1.1514554633192455
0.008980545753355424,-0.005076092272181982,-0.008123628458494058,-0.0016818282824826133,0.026855743673654477,-0.32407134574296576,2.543361055387468,1.075543525707108
0.0090890503257298,-0.00505513721535046,-0.008159664480383194,-0.001503095786588176,0.056628236803716085,-0.21052331186891782,2.558381645084251,0.956818224401106
0.009135267197420811,-0.005046446505051485,-0.008173153915138164,-0.0014266772757961432,0.07032270910246789,-0.16222809399144825,2.5634937052267124,0.9065549130707283
0.009119802893138068,-0.005049435647277308,-0.008168878212396771,-0.001452311990128973,0.0657401315636595,-0.17835215947981345,2.561951020243289,0.9233619301254478
0.00910442269477217,-0.0050523719751486736,-0.00816444072421074,-0.0014777672910589708,0.06115715910784853,-0.19441445334943355,2.5602853692662397,0.9400974992126269
0.00907889788131679,-0.005042262683052423,-0.008139023342364686,-0.0015119561782119858,0.054277831015804336,-0.22358658678814927,2.5450458202496264,0.9635238499838855
0.009063554388722849,-0.005044501399332525,-0.008133405491085844,-0.0015367682136366338,0.050035472332869126,-0.2397134740138309,2.542519725574276,0.9800178181776049
0.009047890852500769,-0.005046893434829365,-0.008127652801718012,-0.001562113860592241,0.04573085304586077,-0.2561570963925466,2.5399228699997782,0.9968894191796648
0.008985646723344586,-0.005059965133371746,-0.008107563096223154,-0.001664526583871611,0.028884108274911297,-0.32095737968532556,2.531569857975359,1.0650933458547553
0.009001035931196716,-0.005057241085929407,-0.008113348879133625,-0.0016395403478082057,0.032952727164058844,-0.30484377416510794,2.5342092856759515,1.0483642001446218
0.009031755348250776,-0.00504953808222523,-0.008121789258526933,-0.0015882824451166997,0.04131667232180139,-0.2730643906727077,2.5372897903042175,1.0143275068761637
0.009016044575694576,-0.005053464337994195,-0.008117528492772514,-0.0016144975368294426,0.037029833687686024,-0.28930638889891275,2.5357439452236306,1.0317118318731995
0.009140100278986318,-0.005030007581982076,-0.00815609675767343,-0.001410947653900176,0.07162638923458155,-0.15988325627564612,2.551386064049575,0.8968843395089233
0.00915594635061241,-0.005026860170222004,-0.008160183312456807,-0.0013847585343470595,0.07620119049302275,-0.14340100890105056,2.5528042312424923,0.8796676117766281
0.009161259216303248,-0.0050094012876536,-0.008142137241927012,-0.0013680222914779782,0.07839974705036924,-0.1411091985906396,2.5398528497678856,0.8698586480604019
0.010135269868143785,-0.004925258962477455,-0.008240060937946008,2.1956783140205367E-4,0.38321710539238435,0.8947259324562197,2.527388195940771,-0.15099061771800446
0.010116684929951365,-0.00492443365435267,-0.008240416998505341,1.8938160966846387E-4,0.37721288936012104,0.8740970112858717,2.5292074280512646,-0.13189729866178157
0.010098381053998427,-0.004913886624402027,-0.008229197989587753,1.5911627292804038E-4,0.3689887967701593,0.8503140617232283,2.522943450603734,-0.11431057255423238
0.010081102222383202,-0.004909533907039122,-0.008224987399358218,1.3099227463018442E-4,0.36258954091628265,0.8299438839954559,2.5214845439044384,-0.09705199534681157
0.010231907122051317,-0.0049312546000230386,-0.00823703608311645,3.7672837318196716E-4,0.41434608803156125,1.002837563344755,2.5169418414296882,-0.25025759541115744
0.010244052741848506,-0.004918507461610731,-0.008220509018002626,3.9461495361866103E-4,0.41444709188942547,1.0110042447904724,2.5041471205780788,-0.2640709916857375
0.010213739654069801,-0.0049278710147861796,-0.008235372240460163,3.4690640852715147E-4,0.407927585032188,0.981605580188753,2.5173536797364586,-0.23181739576536525
0.01014493797518778,-0.004909190213294663,-0.00822053133606846,2.3392301089187226E-4,0.3822058553340575,0.8993438661475671,2.512892456473256,-0.16284489913374453
0.01019596405889686,-0.0049175364353393055,-0.008225359108742954,3.169937354944756E-4,0.39982041952871583,0.958143557511402,2.511841061920032,-0.21453771942384184
0.010178749472556932,-0.004912677746969127,-0.00822151194043054,2.8872541634071346E-4,0.3933519366603855,0.9374946537776802,2.5106366736755263,-0.19729903127480897
0.01016141245114328,-0.004910332439889801,-0.008220440733864291,2.6056592859755896E-4,0.38749939121380533,0.9177127374685404,2.5113964320201987,-0.17968732059264117
0.010387548489930322,-0.004938018856257638,-0.008217584165730004,6.28887805702905E-4,0.461420369883018,1.1760614269464462,2.48891112879797,-0.41078381447556955
0.010337285586061094,-0.0049178023590656815,-0.008204341573968198,5.44167035723166E-4,0.4411513643901847,1.1122400849074963,2.484054853541757,-0.36027412764172556
0.010353922117256963,-0.0049215305094125255,-0.00820542539688125,5.715197623722773E-4,0.4469346468694882,1.1319775528241032,2.483276321573014,-0.37715968055413324
0.010370410616078681,-0.004927352095614858,-0.00820882370308136,5.99112298055618E-4,0.45332628218125043,1.1525328535952222,2.4841812356977506,-0.3937769065672952
0.010320734807907551,-0.004915793755425321,-0.00820508707829293,5.173028300597824E-4,0.43587859601176854,1.0933753047579575,2.4861340369971887,-0.34337114945806624
0.010304445712484612,-0.004914993015523259,-0.008207037710453708,4.910735299439359E-4,0.4310063156160963,1.0753246153211604,2.489042321689283,-0.32665381697777035
0.010288678427156495,-0.00491462918856645,-0.008209260805000528,4.65738580945788E-4,0.4263776158796791,1.0580241272878705,2.4920853043905287,-0.3104394501505472
0.010273117520153644,-0.004912475015264584,-0.008209225208210956,4.40439732539508E-4,0.4212784909938962,1.0401939743426578,2.4934822663363807,-0.29458884005366465
0.010257346743595994,-0.004906438801181859,-0.00820456464297209,4.1425404542300197E-4,0.41499447266600603,1.020549979776632,2.491594684443353,-0.2788715668919827
0.010416063886951274,-0.004923267541088759,-0.00819388259093337,6.711244498260038E-4,0.46453051762735065,1.200257213531006,2.468957685125049,-0.4410837277369383
0.010432005085893944,-0.004924304609279983,-0.00819125443889722,6.967537374972322E-4,0.46912331063469265,1.2180137585051662,2.465484060440435,-0.45743316749296076
0.010448205096391355,-0.004925542871230267,-0.0081886492104302,7.228247460796918E-4,0.4738257586993852,1.2361433492581544,2.4619884030119086,-0.47403996286255073
0.010542650147331346,-0.004928920429560205,-0.008166011740649586,8.732268346488981E-4,0.498994272122582,1.339620838596993,2.435698150284567,-0.5708721182212132
0.010524631943536963,-0.004920779161936031,-0.008162026551379181,8.42394986762967E-4,0.4917619197966066,1.3160272372649302,2.4346437703506543,-0.552542809373432
0.010506985496295203,-0.004916069700153116,-0.00816173098487074,8.132418973432815E-4,0.4857973924559618,1.2947010864367334,2.436272277785511,-0.5345915144795957
0.010490835361178862,-0.0049130211321434655,-0.008162765236252522,7.869470918293658E-4,0.48071683464317,1.2758379973137404,2.4387022570899606,-0.518150552485415
0.010474676332671589,-0.004909809279904822,-0.008163464113736847,7.606072589243245E-4,0.4755547602054509,1.2569058077072028,2.4408778341795174,-0.5017194852010016
0.010458085426637594,-0.004908552941505593,-0.00816639103078285,7.341085077663564E-4,0.4708919192389794,1.238488835562847,2.4447126298606148,-0.4848005942563583
0.01040023268768602,-0.00492048140322323,-0.008194305237090497,6.452553664940923E-4,0.4593811185956222,1.1817939781136901,2.4707978555530805,-0.4249409214345265
0.010814210403885109,-0.004928619050203929,-0.008061123801124939,0.0012925822296274995,0.5572497127621806,1.6238813070932778,2.325392141889439,-0.8445049175115543
0.010855692137310441,-0.004939430696369325,-0.008053850258874486,0.0013602092246430024,0.5688518512894917,1.6732313027946326,2.3143553908192547,-0.8865295566104571
0.010835559065512729,-0.004929734852915887,-0.008052420640848329,0.0013252816908501917,0.5614604415371978,1.6462577055454524,2.3160172299425414,-0.8656468847251751
0.010874637386484495,-0.0049291278399995414,-0.008032807077865628,0.0013835418916550949,0.5679664458673045,1.685055077564618,2.29593711944613,-0.9038149807736539
0.010895087634277987,-0.004928313218028274,-0.008021639331536977,0.0014135777615498267,0.5710993227687907,1.7047851966741454,2.284674532244812,-0.923566607231563
0.01091579489609939,-0.004930899834886853,-0.008013969918861864,0.0014456086320510282,0.5754201285447457,1.7270810612872303,2.27594804258703,-0.9439574792136946
0.010973959596391636,-0.004965703931994983,-0.008022400889511049,0.0015503586903742904,0.5983544615867942,1.8101886407885737,2.2736878883778027,-1.0055374366045797
0.010956884769117402,-0.004949797658812732,-0.008013646326810502,0.0015163901653552799,0.5892915354871726,1.781380555994687,2.2696600887947542,-0.9864837345191134
0.010936703717389966,-0.004936997819008321,-0.008009931563138629,0.0014797194876288034,0.5810536264898091,1.7520772144337335,2.2698688865684917,-0.965026767089772
0.011050356469747126,-0.004982249552116677,-0.007997243802412448,0.001672272353623385,0.6155812001437898,1.8975475592406357,2.2427092580173764,-1.0819495988711711
0.010999972725536664,-0.0049609899520296746,-0.008002443354177859,0.001586066841251224,0.6000248285343556,1.8319528110784586,2.254665168099235,-1.0297813105302331
0.011027015243641256,-0.004970962468168412,-0.00799820367092146,0.0016314578228376995,0.6078475777079398,1.8659704755903854,2.2471978590631907,-1.0574826371197792
0.010787515334152682,-0.0049099548149590735,-0.008051907364402793,0.001243850444280336,0.5451688785517623,1.5844729192896905,2.3219321503961043,-0.8164297526117181
0.01080552557011409,-0.004906588347442217,-0.00803997396591283,0.001269419897472115,0.5471879486945106,1.6004692182389506,2.310634217218111,-0.8337966180258333
0.010771670253951593,-0.004902837916343564,-0.00805076984554203,0.0012168351981806953,0.5394765546311938,1.5637877943200882,2.3231315167584,-0.8001847313171758
0.010725800569077269,-0.004900096845228093,-0.008067034676849954,0.001146286240992993,0.5295651832053424,1.51536109825656,2.3410954592657673,-0.7547252074701418
0.01075096834319551,-0.0048988751849422165,-0.00805515026245994,0.0011838915219369425,0.5340494479559991,1.5402549533870638,2.329062482386616,-0.7794694589812913
0.011074390101815124,-0.004965255479337843,-0.007963484646206232,0.001696920812280993,0.6114338167407259,1.9064575041025729,2.213407732919539,-1.101117321093106
0.010606422407338237,-0.0049103516534282,-0.008123761987018375,9.668802494334324E-4,0.507638155601892,1.3972942683528196,2.397454352848617,-0.6356478857935627
0.010588968534574715,-0.004903289590932173,-0.00812153391959245,9.374109027275645E-4,0.5012017305799901,1.3750010600040434,2.3977547403396233,-0.6179034467607667
0.010627716362444185,-0.004893723302372544,-0.008097220838978689,9.939701651451441E-4,0.5066327542312549,1.4102349028098462,2.375340522528784,-0.6566550869873405
0.010697119779544842,-0.0048945122032711535,-0.008072173679177758,0.0011004479508970163,0.5216913792348982,1.4825444438778062,2.3484599147162726,-0.7259419009302874
0.01064809931635675,-0.004871487180833832,-0.008064486813598589,0.001017143870421808,0.5032821997191249,1.4186418431226497,2.3487049796199346,-0.6761101491074618
0.010672807791480008,-0.004880064173710804,-0.008065075458974837,0.0010578944808494995,0.5114832119218465,1.4489823231343555,2.346150001696296,-0.7010124206011946
0.010718066483378967,-0.00487449897515909,-0.008041043459724681,0.0011241834788397538,0.5188443501729254,1.4917926867615618,2.3227553328787236,-0.7452497396625484
0.01057387268538839,-0.004908182143660473,-0.008132138175932403,9.15559705914727E-4,0.49935960489987957,1.361738074532761,2.4072956619937664,-0.6026758088935161
0.010556951895701903,-0.004915703543422621,-0.00814624285102767,8.915558177742608E-4,0.4979357846427886,1.3478542932068776,2.419559303995698,-0.5855393938741503
0.00995700314942798,-0.0049047729401592915,-0.008220688022808497,-6.928935675995752E-5,0.32245918093861653,0.6933356956806507,2.5289114417768115,0.03000741313092382
0.00992397921530244,-0.004914780358076833,-0.008231236205358287,-1.22955019615659E-4,0.31375555388541804,0.6606210375276899,2.538834004514238,0.06544448606283583
0.009906539492091429,-0.00491186248336427,-0.008226973890987895,-1.5099492525537608E-4,0.307594059958787,0.640756724332774,2.537340208972422,0.08293940162936776
0.009937399493800271,-0.00490072707210279,-0.008215367104813102,-1.007417155390721E-4,0.3154329183360958,0.6707585631493459,2.5268743670650813,0.04956765949353997
0.009888259352568398,-0.0049100722237670254,-0.008223802848741898,-1.8039558390224323E-4,0.30139302584702315,0.6203481093812045,2.5366603805288706,0.10145974362020842
0.009865417976540856,-0.0049116653069809744,-0.008224049330350739,-2.1735428834332985E-4,0.2942688893639624,0.5960492902445828,2.5386858873297204,0.1251744090340008
0.00984512933618517,-0.004909774975860576,-0.008220157282868984,-2.4990473406526263E-4,0.28740525098692343,0.5734825565281331,2.5376723926346365,0.14571408207707012
0.009827613900822664,-0.004908683546425338,-0.00821724089056037,-2.7800492325613673E-4,0.28156783799125223,0.5541803890348743,2.53709876342729,0.16352279700781
0.00981054513434201,-0.004909052925081592,-0.008215904418496435,-3.0550588508285984E-4,0.276111129031682,0.5358015547227848,2.537562076847895,0.18110441104107375
0.009793485836757819,-0.004908134372044177,-0.008212899194395622,-3.3282764658492704E-4,0.27047222709597646,0.5170660384171675,2.5368914230280173,0.19846248342730052
0.00977548968698684,-0.004904466216539045,-0.00820639963541171,-3.6126131300602543E-4,0.2641357389310928,0.49654798468494254,2.5339277958326014,0.21631864756815297
0.009755838469907801,-0.004898924317936702,-0.008197306398872993,-3.9198087678371643E-4,0.25708594269616714,0.47376124249898793,2.5293362037780613,0.23553340795921793
0.010064714589252913,-0.004905737226550869,-0.008221226018349034,1.0440219446262163E-4,0.35663565002817954,0.8107669518583481,2.5202599725374237,-0.08065805894637344
0.010047743695840114,-0.004898928654829778,-0.008213820788995671,7.685823757024042E-5,0.3498197392821028,0.7899410727904063,2.5165572626659194,-0.06406432799467336
0.009970587541028822,-0.004885439330789292,-0.008198465421588232,-4.705115236806828E-5,0.3229792514562144,0.7017651997316471,2.5124672949646336,0.013357828264144595
0.009990728230508858,-0.004887736615455328,-0.008201373650777945,-1.4812355632791155E-5,0.32972486724204164,0.7243200656405814,2.5127747010712453,-0.00698661836669798
0.010009387691897038,-0.0048884412829908455,-0.008202207830339031,1.509677581358852E-5,0.3356744621212449,0.7447545739627346,2.5117641690146026,-0.026031349734158483
0.010029226397253985,-0.004888422248816421,-0.008201985908924047,4.690042014928729E-5,0.34184255580489037,0.766238829867622,2.5099238699534427,-0.04639016161125099
0.009562282789703346,0.004941978417599472,-0.008209927678476997,7.101417114024036E-4,0.19941089802308087,0.27607972107592044,-2.553160263650536,0.441998076790747
0.01021240136664432,0.004889340498620566,-0.008190658790572103,-3.4011810855751485E-4,0.3973922829219491,0.9649203689846043,-2.485809838929803,-0.23423066895462505
0.010196388561092218,0.004878442688523037,-0.008179869648423745,-3.133512092051565E-4,0.3899017358969559,0.9433477221225367,-2.4796381166720423,-0.21883562399087644
0.009596478661155719,0.004943926133991292,-0.008220448251782387,6.557918287900075E-4,0.21063459021041636,0.31351759301960014,-2.557525611906299,0.40723228614002815
0.009580698688471211,0.004938971416131915,-0.008210915290376881,6.799292917341281E-4,0.20508987823725122,0.29521292206015204,-2.5523801323488122,0.4224983597739643
0.00972739146262428,0.004913491195542554,-0.008210102747549282,4.3968966204641953E-4,0.24989551113637454,0.44702858675554275,-2.5402514739723547,0.26723585685143464
0.009743532673228876,0.004910829454701059,-0.008209434049471324,4.133918759006983E-4,0.2547681718333345,0.46374667272952014,-2.538516465005751,0.2502130342173757
0.009612201795288565,0.00493883320759261,-0.008218029204866625,6.293902810400833E-4,0.2152794088302885,0.3292206880828242,-2.5546802344215824,0.39010292344404013
0.00962900614732292,0.004926645088879385,-0.008207390150025041,5.998055848432534E-4,0.21957339340484472,0.34425236707682166,-2.54621691624652,0.3705537571075142
0.009710595807594763,0.004914403030310903,-0.008208471144690803,4.667718394485097E-4,0.2445802410441744,0.42912685607151474,-2.5404845243590866,0.2846244426977104
0.009692529370855369,0.004916775265858056,-0.008208162980349569,4.961362103165341E-4,0.23903178434796488,0.4102499260809162,-2.541712828863034,0.3035771684564741
0.009671396208826457,0.004921816635553619,-0.008210217601679197,5.309287841534846E-4,0.2327718082069668,0.3887663351427571,-2.5447764716633565,0.3261644299590976
0.009648808304936774,0.004922215915316199,-0.008206295343398536,5.671926899275571E-4,0.22551014231899283,0.36448242994925767,-2.543916503746497,0.3494123066884884
0.010167739002974626,0.004890423274040497,-0.00819669190795509,-2.6887714749137273E-4,0.3844896979816092,0.9169927372198644,-2.494101333337159,-0.1882937509085365
0.010149206294773488,0.004889104496456067,-0.008196811311671076,-2.3911558686350127E-4,0.37861542654851865,0.8964264770056517,-2.495836923266245,-0.16941690767941675
0.010178983922713606,0.004873629404743996,-0.008176132729294653,-2.851693589612535E-4,0.3836231859671222,0.9227163764874485,-2.4785718376226895,-0.20149551650624645
0.010191620124685403,0.004861204267248323,-0.008160466058368938,-3.039108545555574E-4,0.38417386946138893,0.931476601720116,-2.466309122391284,-0.21554506817802696
0.010129097853721963,0.004888516399841243,-0.00819769919245362,-2.068952841866255E-4,0.37243618351470964,0.8744350369009827,-2.498243694493514,-0.1488507925025191
0.010108403477514322,0.004887562012760298,-0.008197966819911334,-1.737117230081922E-4,0.3659530382723893,0.8516708898581647,-2.5002500191500836,-0.1277215329624843
0.010089760895423527,0.004886909831023712,-0.0081982406453976,-1.4382999974633918E-4,0.36014263523710865,0.8312453506366447,-2.502062878901835,-0.10866520692986892
0.010030520265296761,0.004892776805827732,-0.008207030859137964,-4.9045424910314896E-5,0.34322515488754185,0.769096143684355,-2.513296513460642,-0.047129490803053654
0.010078192010333517,0.0048777738275507096,-0.008188178800631786,-1.2491192816732792E-4,0.354543543345559,0.8154637833621037,-2.496047929519932,-0.0978648072767168
0.01006310735569524,0.004880707835009328,-0.008192172279915077,-1.0093493359388866E-4,0.35063028042178807,0.8002022411330837,-2.500158497270441,-0.08206735097217849
0.010046502813343067,0.004885726413809143,-0.008198499382442869,-7.452335378995633E-5,0.34664003372501934,0.7839891124618091,-2.506004065436517,-0.06442849938464867
0.010016599822048444,0.0048816490795677014,-0.008194272621945097,-2.660103926332499E-5,0.33655955259020187,0.7502401728503206,-2.505632612511382,-0.03428540264646598
0.009900621698194745,0.004912012430815316,-0.008226823036608948,1.6055883373891294E-4,0.30576573485925357,0.6343450747730742,-2.5376980371805895,0.08906566736919609
0.009886172427414984,0.004902397932865265,-0.00821471246861964,1.8325823710117845E-4,0.2994232662970484,0.6157061533264471,-2.530609938535011,0.10244558961234244
0.009959279694672144,0.004894449112076071,-0.008208715031995852,6.537205292303223E-5,0.3212200574112194,0.6924548903449165,-2.5204603446622595,0.026205553168627473
0.009995541094157076,0.0048878431267061,-0.008201524433882189,7.097364023536519E-6,0.33128837424172325,0.7295526171492506,-2.5124539736612888,-0.011902618144755812
0.00997433436993312,0.004889379069726012,-0.008203111505429404,4.111115817607291E-5,0.3249634236810656,0.7071135743357578,-2.5153370648230085,0.01004857107007079
0.009919847080042302,0.004901369249110235,-0.008215394181053109,1.2901629253343606E-4,0.3100165320120815,0.6518972892787575,-2.5283161529849445,0.06770660106300513
0.009942213581949601,0.0048904630886942805,-0.008203584985391097,9.26477808306685E-5,0.31506805521762177,0.672689051332717,-2.5183652478864675,0.04315108441036859
0.009774092255279351,0.004915812999888837,-0.00821947368773652,3.6496940652570056E-4,0.26533933032160667,0.4982126154996896,-2.5428775311964618,0.21969576502114632
0.009760329404056443,0.00490399468071095,-0.008203839146686516,3.8549622649149676E-4,0.2592469992471078,0.48000124862628984,-2.5333886782035626,0.23181216611012082
0.009792591467485911,0.004905684155851661,-0.008209934787534923,3.3397545450908605E-4,0.2698765516903406,0.5153535722451096,-2.534936613456008,0.19901106169399704
0.009812743522381066,0.0048954910359508335,-0.008200327424037512,3.0051567135593336E-4,0.2748062860764418,0.5342080171373514,-2.526782418151513,0.1766690368658261
0.0098285296753413,0.0048958633668035705,-0.008202381081721378,2.752726967649365E-4,0.2799237849851615,0.5513689180010343,-2.5268937435650023,0.1605541311318199
0.009872770651225053,0.004891117801632958,-0.008200643715201102,2.0399160991900432E-4,0.29324870090524624,0.597775391694861,-2.5220991335209533,0.114458370973079
0.009842383210762203,0.004887975040499988,-0.008194507328431412,2.523586240377373E-4,0.2830799568944445,0.564014814423646,-2.5203962650181873,0.14509933065501998
0.009858750723833624,0.004881342833866718,-0.008188201832041867,2.256510903966931E-4,0.28718146675136236,0.5796917941600056,-2.5147353735403746,0.1273216782586293
0.010520044602076194,0.0049126205795862205,-0.00815394112006914,-8.327694293335759E-4,0.48798191439576727,1.3068513311177237,-2.429167703056226,-0.5479457691925101
0.01091362299298642,0.00495406173876495,-0.00804147698188331,-0.001454387151261005,0.584402699535901,1.741789231274664,-2.296962956855205,-0.9451670569085424
0.010932094109624483,0.0049448052722138895,-0.008021244496949203,-0.001477032393115057,0.5834094381761668,1.753337663055604,-2.279047166363275,-0.9617968682793183
0.011004072099819075,0.004948981847374561,-0.00798649864344429,-0.0015852446542425488,0.5955976692211288,1.8266011538956957,-2.2420140465940865,-1.03156882823352
0.010983981749561528,0.0049409007739804785,-0.007988658212159716,-0.0015513346323714648,0.5895199467825779,1.8009864675236031,-2.2467472830205963,-1.010985168398779
0.0109656900925177,0.004937909904264598,-0.00799536145062134,-0.0015228835366304662,0.5857021235815318,1.7810400157876038,-2.254573544361893,-0.9930331753659545
0.010946788765822888,0.004923647075110128,-0.007989448449789287,-0.001487447361164738,0.5772776117505344,1.75199282937584,-2.2529904774227867,-0.9725889822496538
0.011027806433788563,0.004958598751296899,-0.007983721719646111,-0.0016254032210008683,0.6027934203647939,1.856912396602524,-2.2361682247879204,-1.0559061512338632
0.011075361953250177,0.004964780384795214,-0.007962351968780555,-0.001698032627088692,0.6112652023537807,1.9069456292388391,-2.212363581074745,-1.1019231197911232
0.011053114954295139,0.004959453763424861,-0.007969761102321523,-0.001662669641650043,0.6062922343881015,1.8816511972787524,-2.2216029265266344,-1.0799461878970844
0.011092445061641663,0.004951014532566932,-0.00793639809135278,-0.0017141178429556148,0.6074872874403825,1.9115463723848745,-2.1901429714374183,-1.1147786871879712
0.01069099149383839,0.004910556631714931,-0.008092944099268527,-0.0010973851295875373,0.5262238020797702,1.4858669814033567,-2.3646867622524748,-0.7207083317318373
0.010664717773692496,0.004913859056863752,-0.008106820994541587,-0.0010582777930920701,0.5219049330592868,1.4604975896786225,-2.3781598882653516,-0.6945387288876654
0.010641928132986572,0.004903330364119967,-0.008103145312578311,-0.001019281191870298,0.5131584169669082,1.4305577210994291,-2.378060148256282,-0.6712540149264169
0.01061436320311555,0.004900847920419351,-0.008110083182720591,-9.758898506055066E-4,0.5061351577891692,1.400327922436288,-2.3863816126928206,-0.6434954436320383
0.010542619792289891,0.004909604330090518,-0.008143660833424741,-8.672376284079539E-4,0.4924484700328305,1.3293454891617709,-2.419179906235779,-0.5709756038218304
0.010563111726424759,0.004907972893490898,-0.008135360870212232,-8.987241476356024E-4,0.49680110343820905,1.350213007341604,-2.410831752838118,-0.5917662782692382
0.010584645755268095,0.004895459499799349,-0.008113960317455038,-9.281141022224109E-4,0.4974816863875372,1.3661920222372552,-2.392617047617598,-0.6134924441745818
0.010875974034344843,0.0049364563514313385,-0.008040495867909525,-0.0013891690205231728,0.5711141903932231,1.691559952661809,-2.3014893793311804,-0.9060889675570184
0.010895994271139084,0.004941408521559754,-0.008036085806611125,-0.001421567965750667,0.576410083259513,1.715035960089039,-2.2953762623335643,-0.9262386945278959
0.010865129505079181,0.0049161346820440184,-0.008022710116058209,-0.0013629787136259736,0.5613802202491232,1.6664864539449378,-2.289661686998601,-0.8929161051602206
0.010843189226473973,0.004921359579942622,-0.008039240985259403,-0.0013327519259715317,0.5596341535660856,1.648188023517456,-2.3050601316537622,-0.8721887448473062
0.01079593318976784,0.0049217610156467315,-0.008061617479172724,-0.0012618431372270905,0.5512250354640801,1.6007551943783545,-2.328129669005928,-0.8258296243484823
0.010819227772466786,0.004919165342869587,-0.008048005911040169,-0.0012957716865926554,0.554470426699591,1.622617715300654,-2.314854256289927,-0.8484940126016225
0.01076269900460398,0.004907379049593042,-0.008059836958697933,-0.0012052557689782076,0.5395413951258627,1.5576207183165531,-2.3310878905496915,-0.7917375169556884
0.01074635475518753,0.004902019062581756,-0.008060685155157782,-0.001178243401709345,0.5343600667131718,1.5375725680955368,-2.333799083251566,-0.7751735597983678
0.010728369518130002,0.0048991098661589185,-0.008064852827966824,-0.0011497823534942938,0.5297187776281465,1.5174180959266508,-2.3391745994906374,-0.7572016294615324
0.010710140902468416,0.004885118569126411,-0.008056299317303629,-0.0011164871108809706,0.5210348337292913,1.4902297547369794,-2.3350825998360647,-0.73825095168577
0.010781732285355462,0.004902193881249791,-0.008045630613171999,-0.0012317039882692013,0.541189510607289,1.5736116680306826,-2.3180115352542967,-0.8100392859867552
0.010294950351688543,0.004880234731463054,-0.008168318104119278,-4.700654091948689E-4,0.4185213937622988,1.0502186087894365,-2.462185268558746,-0.31948909552156385
0.010230745173174724,0.004881370191120345,-0.008179134029632405,-3.6834692898622044E-4,0.4005858437060404,0.9815557834722562,-2.4759463404400157,-0.2537450463574498
0.010272574782242824,0.004877601819403723,-0.008168848082629689,-4.34204555168301E-4,0.41149920882331575,1.0250489366258615,-2.464685863254489,-0.29681787564410467
0.0102519727745586,0.004877342046869162,-0.008171588701313614,-4.015107519493079E-4,0.40559082839305,1.0027792651978034,-2.468592298086516,-0.27578318882420816
0.010321574041014882,0.0048738040346854436,-0.008156270066211288,-5.110219374339278E-4,0.42404481182712594,1.076025249521508,-2.4509803935733427,-0.34707658016814
0.010342916095551685,0.004883522280290529,-0.008163497248475803,-5.465294103134516E-4,0.43268225228603013,1.1031840884270752,-2.454082246870509,-0.3682855142552319
0.010506597934327289,0.0048905116242263,-0.008132323266324825,-8.053081434352942E-4,0.47726180062064943,1.2811945578067103,-2.414693736610904,-0.534575896692184
0.010489125336052438,0.004894641747884756,-0.008141997202264148,-7.791677011553506E-4,0.47435156549183616,1.2647331275313485,-2.4236351799604687,-0.5167857362484697
0.010432864472028736,0.004889194582231167,-0.008150360198791765,-6.895172508899168E-4,0.45830497263096615,1.202082317518665,-2.4355737041648737,-0.4597070601747567
0.010471535259376786,0.004887819809301367,-0.008138901922913984,-7.497954333658425E-4,0.46768774649964123,1.242607388525408,-2.4232158003733244,-0.4990506811111302
0.010450097424406857,0.004885255768283459,-0.008141524387567716,-7.155714651646446E-4,0.4614656475636529,1.218566743073964,-2.4273623578452703,-0.477363942654417
0.010363845979906748,0.004875943721906139,-0.008150580236693931,-5.780209463908723E-4,0.4360768466427731,1.1222023889462633,-2.4426966604134894,-0.3900251964438553
0.010389003433822984,0.004878154150374197,-0.00814779156077365,-6.180463419085878E-4,0.4434081312866494,1.150060067260812,-2.4381559779331208,-0.4155088566511052
0.010414965788079385,0.004880863899894814,-0.008145030103153657,-6.594209449051776E-4,0.4510808405766456,1.1789859988282083,-2.433510833703719,-0.4417743014632037
0.008380414850021051,-0.005269572541305845,-0.007883907482933127,-0.0026992704852137005,-0.10161260583402858,-0.9554210295718306,2.426558648990156,1.777298085236457
0.008383279498381928,-0.005253841078965391,-0.007868055871326343,-0.0026800879355039406,-0.10438730654012222,-0.9484658254492494,2.4163703918343167,1.7613102825089209
0.008306313695911127,-0.005295594968187608,-0.007840543792433562,-0.0028227520353837966,-0.11229416560293785,-1.0341332729570845,2.4003512843328707,1.866177426417403
0.008321101100260936,-0.005290297410190857,-0.007849366622716646,-0.0027981243929580805,-0.1094720014037201,-1.0184059796740368,2.4057543564804305,1.8484448317647184
0.008309009364834682,-0.005279863540668503,-0.007824787343365204,-0.0028031704260875357,-0.11427020794198041,-1.027055575840847,2.3900990652983087,1.8496976498650415
0.008365562078288622,-0.005274683853955189,-0.007875392392958551,-0.0027240136100376306,-0.10428429051306783,-0.9711929221356336,2.421479995369711,1.7950365194539037
0.008368384493285258,-0.005258947800387732,-0.007859543437949465,-0.0027047668128731797,-0.10622810949365423,-0.9642248072991765,2.4112877486896624,1.7789794196380002
0.008335905060710937,-0.005285046338188198,-0.007858112726075098,-0.0027734670604345544,-0.10667227094697672,-1.0026913451118455,2.411064047695488,1.8306797509596493
0.00832381923187337,-0.005274571061416555,-0.007833590288135158,-0.002778626323560577,-0.1126270773097879,-1.0113813441123833,2.3955247705240335,1.8320075584354216
0.008350725434314416,-0.005279841802758873,-0.007866790075844092,-0.002748757510454097,-0.10529172975974616,-0.9869588775286671,2.416306660631185,1.8128508536414334
0.008338641228939002,-0.005269300713619016,-0.007842285541770888,-0.002754038236133113,-0.11070178068788585,-0.9956824431589001,2.400849710325516,1.81430435854438
0.008353497334173093,-0.0052640878569137515,-0.007850931971728004,-0.002729413564886401,-0.10841168358022264,-0.979962507053315,2.4061029760216304,1.7966283332414064
0.008431069753355913,-0.0052223303324276694,-0.007877092032592474,-0.00258660232676153,-0.09214280837074372,-0.8992887768893144,2.4162887166825304,1.6988048310865287
0.008415943232602082,-0.005227280003168198,-0.007868675848521673,-0.0026114538953258964,-0.09432230978269097,-0.9151551649314821,2.411313910085951,1.7164707722806354
0.008400912427532855,-0.005232459884037557,-0.00786046547400276,-0.0026363462211424246,-0.09654949511594961,-0.9309161303639443,2.406484385034247,1.7341473173804374
0.008385991653078158,-0.005237734043101839,-0.007852319021535431,-0.002661136260141902,-0.09885749392352704,-0.9465689260861513,2.4016753308151766,1.7517654913260754
0.008294196083404681,-0.005285182358704228,-0.007815866355804188,-0.002827690282939534,-0.11601304318646645,-1.0427110839911509,2.384566319612692,1.8673681209500257
0.008291542990765968,-0.005300938961069021,-0.007831637678696867,-0.0028473683151068793,-0.11407182079573681,-1.0498727908342886,2.3948374346229184,1.8839470580451987
0.008276789128081427,-0.0053063293371923064,-0.00782265213818659,-0.0028719625354215717,-0.11547198645122854,-1.065601822021659,2.3892200335282823,1.9017536529020436
0.008279382248129182,-0.005290555726272209,-0.007806860083981429,-0.0028522094347235376,-0.11789665746034873,-1.0583604446920278,2.378942177289512,1.885051486915417
0.008232630029493518,-0.005322778240520137,-0.007795242191298522,-0.0029455478965373524,-0.121191225281914,-1.1126634273955083,2.3717408331519594,1.9551421766726091
0.008247332503838373,-0.005317249029907898,-0.0078044573819333095,-0.0029210444142358373,-0.11945840842614834,-1.0969944717571747,2.37768894315255,1.937334379041029
0.008234997136927597,-0.005306975842470172,-0.007779353050846761,-0.0029256734198644867,-0.12287037649197373,-1.1052705891731651,2.3615381560446163,1.9381796815599983
0.008262052251258773,-0.0053117660443781954,-0.007813592590315017,-0.002896519770362887,-0.11737035978916309,-1.0813080674189632,2.3835075879076064,1.9195515822365679
0.008249778290457189,-0.005301466168586955,-0.007788613790150498,-0.0029012209863979086,-0.12128886934623499,-1.089649478968119,2.367430931030873,1.920481532963007
0.008264575268852646,-0.005295989661983409,-0.007797781417821421,-0.002876726838680064,-0.11967866875811213,-1.074008836969855,2.3732328629562685,1.9027633942688158
0.00941440390483005,0.0049772916179942174,-0.008208100864639323,9.567395665529222E-4,0.1541576161019875,0.1248442338288424,-2.5636640722670454,0.6013350664948366
0.009399014069771406,0.004978104952121677,-0.008203814283149846,9.815212377389975E-4,0.14934581426945268,0.10841904990338787,-2.5620233265163006,0.6173674281552975
0.009351397236082661,0.0049835679343310495,-0.00819315599053535,0.001059060270565266,0.1346702339290677,0.0582663707281354,-2.558707720105432,0.6676425448500374
0.009335441420827423,0.004985264994278856,-0.00818913245511013,0.001084944084659545,0.12981067633396373,0.041440736384126035,-2.557292044795662,0.6844625162174623
0.009383133291112091,0.004979736089769289,-0.008200180664235989,0.001007336009336064,0.14441825954898072,0.09164579125543498,-2.560864047629968,0.6340911670655948
0.009367367913411346,0.0049814515134795475,-0.008196542412226683,0.0010329733547177128,0.13956982398444037,0.07502456712255091,-2.559690403334226,0.6507116550636748
0.009512940038739665,0.004947867562644789,-0.008203779183106974,7.905387260324974E-4,0.18402009196122446,0.22428100825550804,-2.5529270731097102,0.4938509867886997
0.009421603774636855,0.004963913883781639,-0.008194743772423506,9.40817631720957E-4,0.15592805101441728,0.12956869387588804,-2.5541130520138395,0.5910632562867836
0.009435081442319474,0.004959723253068452,-0.008194235902665893,9.180461856310257E-4,0.15997819014645173,0.14313426678572738,-2.552698294210622,0.5763145834305371
0.009497136401128542,0.004951584713712941,-0.008203664857937847,8.168012391489319E-4,0.17919538318464048,0.20812850422585613,-2.554102883966765,0.5108390191220762
0.009482615837762403,0.00495666111954209,-0.008205386672807496,8.414454207148767E-4,0.1748891722241226,0.1936693338821426,-2.5564033247557956,0.5268048894436821
0.009450917820276957,0.004956608738453422,-0.008195634003416045,8.918966631196206E-4,0.1648259737198017,0.15948118621103616,-2.552378693134049,0.5593800208409575
0.00946726479880218,0.004955415091991537,-0.008199300594801777,8.655286534072336E-4,0.169906503479248,0.17681861582011013,-2.553543386159132,0.5423317274154829
0.00925532971943003,0.0049965808445620865,-0.00816998099801957,0.001215638778949608,0.10572617722069466,-0.042463338573396604,-2.5509428182148763,0.7696752046685854
0.009209633615145924,0.005003665935917289,-0.008158115083527926,0.0012901936303604045,0.09227502691922794,-0.09022112541187542,-2.546694910939543,0.8185334273290438
0.009193401327705969,0.005004692093071256,-0.008151846402388174,0.0013159314040976382,0.08759002225980783,-0.10747838315354961,-2.543773984556816,0.8355317069231089
0.0092161712890698,0.004990629578275227,-0.008145724107897158,0.001274107125125999,0.09436141370065931,-0.08572326016632158,-2.5376333603982553,0.8085531562210377
0.009228949878036812,0.004986270737727347,-0.008146320904407388,0.001252304907528482,0.09809162504803669,-0.07286214894873667,-2.536972005203314,0.7943361020272691
0.009244206135667435,0.004982370582117251,-0.008148441528248241,0.001226868706332264,0.10254571082351548,-0.05726200768970193,-2.5371532206204375,0.7776992487962379
0.009271551152578427,0.004994201735188956,-0.008174058497056075,0.0011891843058922087,0.11055033159681175,-0.025491115631354106,-2.552360442054059,0.7523857229100042
0.00928762864707238,0.004992499728486182,-0.008178721755466476,0.0011632107678009327,0.11535749435128433,-0.00853060435022465,-2.554188740095571,0.7354072032752496
0.00931933520658574,0.004987412633860281,-0.008185433004339382,0.0011112128037444751,0.12491396633841152,0.02454478497249529,-2.556114232289449,0.7015518950909189
0.009303393281683104,0.00498987492883195,-0.008182019668593478,0.0011373267258853999,0.12011169856426225,0.00789987720939528,-2.5551147581177247,0.718542550164604
0.00932564053619556,0.004973382686259126,-0.008171362004938154,0.001095817400947691,0.12665883987203064,0.028349212545983382,-2.5460623924998402,0.6918579476035593
0.009552062232114765,0.004926859059007791,-0.008189624391092618,7.226116398822538E-4,0.19496234510081625,0.2613551701435817,-2.5403189831500725,0.4495142200014656
0.009535890553558775,0.004927737644509426,-0.008186435196040684,7.485327113579019E-4,0.18991338585350725,0.24416101270231247,-2.5394451551924533,0.4662667266969967
0.009519009299044683,0.004929274104801942,-0.008183670496713187,7.757342714861335E-4,0.18470288952170708,0.22636718856425223,-2.538916302577005,0.4838787503291732
0.009133545115974178,0.005000763271372161,-0.00811833458797738,0.0014064792993941763,0.07094862326892903,-0.17239427989298942,-2.5257384578828774,0.8961073036036317
0.009119692345030869,0.005006827061349348,-0.008118476975599457,0.001430782558537842,0.06698634311194203,-0.18614893505855637,-2.5270340303141747,0.9119641817432909
0.00910494440035618,0.0050057333713274055,-0.008109635785136106,0.0014527954326822154,0.06299680636647031,-0.20212950955535977,-2.522154247313503,0.926827816023646
0.00908768107567811,0.005007820567162246,-0.008103080560439159,0.001480225868011033,0.058332553608447295,-0.22023173601865054,-2.519071066656171,0.9451267707351348
0.009148827758592682,0.004995770059354217,-0.008120040240922125,0.0013805454592043104,0.07530590821556905,-0.15693520287061358,-2.525606179908443,0.8790930949195922
0.009165179085921063,0.004992126670851959,-0.008123707344467511,0.001353635741807866,0.07992126568662117,-0.14009848594763882,-2.52675325916997,0.8613520095068362
0.009182022024453491,0.004989013080697301,-0.008128070894975838,0.0013262077397980826,0.08469311497271888,-0.12264155246032467,-2.5283460682910612,0.8432532178318374
0.008603126489794803,0.005137014326133182,-0.007928572022054018,0.0022769186265490546,-0.0576442677904069,-0.7205293706895669,-2.4374676212280595,1.4851129142703823
0.00861881831605195,0.005133033015562901,-0.007936718256665783,0.002251817546748931,-0.05465937490697704,-0.7042403478664957,-2.4420753036467393,1.4675938435359217
0.00863444620195541,0.005129515874077401,-0.007945200873878774,0.002227120937338567,-0.0516838700659412,-0.6879838726558094,-2.446931048027604,1.450326517430909
0.008649823263475818,0.0051262830996257865,-0.007953666363769476,0.00220294070404678,-0.048719183532087706,-0.6719597052515773,-2.4517826656790898,1.4334148807453726
0.008664757645438689,0.005122007114711481,-0.007960425097253877,0.002178509096230663,-0.045629853483834616,-0.6564694961284748,-2.455357860030388,1.4165095370901348
0.008479447622005679,0.005191807463197356,-0.007885984170406526,0.0024935871964082627,-0.08253644993904367,-0.8484660033897136,-2.417918809568086,1.6344873376320905
0.008464414431832025,0.0051965075645003835,-0.007877860415999171,0.002518107709998588,-0.08503368180764763,-0.864140857807061,-2.4131786168488407,1.6518038287208114
0.008449323842655034,0.00520150015253811,-0.007869876269023008,0.0025429230362825762,-0.08750908367903538,-0.8798740976686817,-2.40853929101737,1.6693251523319594
0.008587501345163074,0.005141539766806743,-0.00792095895475319,0.0023023211814318166,-0.06063103418643017,-0.7367168918033907,-2.433253411253291,1.5027977406903161
0.008482483109884078,0.005175503524021561,-0.00786988345483057,0.002474907295920112,-0.07971790650808458,-0.845512066463085,-2.404690440514844,1.6234230668386893
0.008497113990066767,0.005170262014120938,-0.007876833117158201,0.002450534093069926,-0.07715782100717629,-0.8303525242838088,-2.4085752904930824,1.606361019889501
0.008572091179302941,0.0051467187108945045,-0.007914129383680494,0.0023279278352862465,-0.063626314705295,-0.752653972770195,-2.4296172613995703,1.5205638480217543
0.008557439364807915,0.005152360833040011,-0.007908326367151573,0.0023528510230744555,-0.06651829750460579,-0.7677911676355799,-2.4266910499937495,1.5377984798722848
0.008542890974064398,0.005157070307984497,-0.007901395308175374,0.0023768143952504588,-0.0692363151136436,-0.7828734321263083,-2.422867977156599,1.5545285288534825
0.008527667114331393,0.0051608553472533725,-0.007892677980746157,0.002400863177994149,-0.07184908200634664,-0.7986852946780233,-2.4176997088068535,1.571491268507523
0.00851228246462854,0.00516520777151204,-0.007884330434221555,0.002425563189248609,-0.07449746124433011,-0.8146382938823872,-2.4128224639066285,1.5888659640698741
0.008679936672627127,0.005116735704038295,-0.007966072869505868,0.002152924494859548,-0.042330891655915116,-0.6408122195501219,-2.4580560705140098,1.3989759177101302
0.008712175261306718,0.00510908873579459,-0.007981730619597636,0.0021011939963047166,-0.03560572126062673,-0.6073016280420968,-2.466544025527561,1.3631902995259617
0.008696103145270034,0.005111951598358232,-0.0079728971927209,0.00212628669506482,-0.03887819382398699,-0.6240853157956984,-2.4615392755216283,1.3806534689731331
0.008717554520261484,0.0050949171224661,-0.007969249970076047,0.0020828896374669357,-0.0329717839416226,-0.6027877009735695,-2.4565616814354865,1.352173284988252
0.008730164845456044,0.0050889221645107575,-0.007971655569901539,0.002060458271591055,-0.02994982594111673,-0.5899901995241051,-2.4570983763860856,1.3370852314720827
0.008780368922138144,0.005076807354031718,-0.007993923767384507,0.0019796454518247,-0.018909403057204427,-0.5380625515703483,-2.4687507484736964,1.2816038859497598
0.008794995076331589,0.005069844226961557,-0.007996122072203552,0.001953613221844497,-0.01527112465635107,-0.5232938964573436,-2.468950750538234,1.2642051693396377
0.008745604291550468,0.005081662258025781,-0.007974559630256567,0.002033074709884878,-0.026224958346395957,-0.5743379963469711,-2.457735329652779,1.3186810863859781
0.008763619970072939,0.0050743321413496325,-0.007979087095476808,0.002001970654253678,-0.021987350762135018,-0.5560032960643744,-2.4593442458407218,1.297681457092443
0.008838392544872134,0.005059664672171919,-0.008014085919582262,0.001883593345465765,-0.0052152810361089375,-0.47842747924423223,-2.478016022345232,1.2164429724928703
0.008809312590342101,0.005055461924890028,-0.007989357491599241,0.0019229316311745704,-0.010884529091538567,-0.5096275958058457,-2.4625659328850165,1.2444926060288266
0.008825147655167861,0.0050468678725018494,-0.007990237662458719,0.0018941640323576058,-0.006828395936414836,-0.49382443531541925,-2.461714308256133,1.2254055526547987
0.00904320566544294,0.005001275497276066,-0.008071443582795131,0.0015440417656333147,0.04713665835848702,-0.26875610723122106,-2.5006454237061564,0.9888626189336005
0.009059379985447938,0.004996289441863416,-0.008074468077627057,0.0015169550528605217,0.05151255511017305,-0.2523364231927099,-2.501370504804674,0.9709080136110009
0.009075221999539139,0.004993049325873842,-0.008079197976466319,0.0014913056922620333,0.05575479215897063,-0.2359968326220461,-2.5033332293465005,0.9538016927960761
0.008856168390404815,0.005053952615389981,-0.008019313826390167,0.0018538023905601258,-8.80891463248476E-4,-0.4602435025839368,-2.480153749840047,1.196367067637139
0.0088717090338977,0.00504079372130864,-0.008014217664433986,0.0018224096635529221,0.0037090531415165137,-0.44532420851055626,-2.4749620500096943,1.1760772098292553
0.008887059712994185,0.005032828457281569,-0.008014909050290689,0.0017947868305999628,0.00776634062749574,-0.43003974283661234,-2.4740324750814384,1.15780568665909
0.00890290423751688,0.005026958684082704,-0.008018207532435791,0.0017678179150511211,0.011789992652943488,-0.4140038067080742,-2.474971762661305,1.1397685503310504
0.008918692716691354,0.0050224605980088025,-0.008022913044979043,0.0017417970777417974,0.015723229843889033,-0.3978711994439675,-2.4769461814390517,1.1222615289203268
0.008934410964245493,0.005018498662773956,-0.008028048579547328,0.0017161941187264745,0.019630479740786858,-0.38175311434642617,-2.4792406152041973,1.10501367809828
0.008950155440926269,0.005014858904097899,-0.008033426430707105,0.00169072467275219,0.023555693723926508,-0.36556966359852333,-2.481709416323906,1.0878525071433012
0.008997133778999248,0.005010278907079969,-0.00805591089835704,0.001618199521835502,0.035133560105547884,-0.31637753118216505,-2.4936620427095693,1.038569264532794
0.009013270487351557,0.004998411661612397,-0.008051345655648976,0.001587302295524384,0.03981828296329595,-0.30099752170455757,-2.4889699446425166,1.0185672811951412
0.009029462986279348,0.004988206225772376,-0.008048606778302922,0.001557386613706752,0.04438868983897639,-0.2853396471267647,-2.4856051353746094,0.9990546924012577
0.008965723982805188,0.0050096041209278285,-0.008036674156365565,0.0016645250060991791,0.027609933968999387,-0.34979338620046563,-2.4826571415874716,1.0703690259413732
0.00898141950105249,0.005000566606086242,-0.008035460112165863,0.0016359219573716078,0.03192599438734189,-0.3344242766559929,-2.480392654372651,1.051613870566835
0.008422071446819192,0.005195075625901852,-0.007837355902172575,0.002573247940860175,-0.08944398004214364,-0.9081307385046254,-2.3854672334604827,1.6928400964015626
0.008437230518414034,0.005190092927179265,-0.007845655862423731,0.0025485787993063734,-0.08709960452458597,-0.8924203431611023,-2.390426227305522,1.6753915470571796
0.00807788351434831,0.005337372027805618,-0.007640892540532349,0.0031495508152374727,-0.12995292894597468,-1.266535324598699,-2.260953428855041,2.1052246387669604
0.008063050869074294,0.005343499362150886,-0.007630611153927022,0.0031737572794685027,-0.13089103722632914,-1.2819011789862451,-2.2537561788423197,2.1228299698788202
0.008122044142577688,0.005320211853970203,-0.00767181248099737,0.0030783187043665517,-0.12689439254285614,-1.2208360829812017,-2.2824585737833423,2.0534102261591283
0.008107496523108182,0.0053259217469255535,-0.007661834821410398,0.0031019151787230023,-0.12797873134644525,-1.2359250966360957,-2.2755847496816917,2.0705608662141732
0.008092767075763698,0.005331576906592149,-0.00765144737934953,0.003125598731368071,-0.12897322885489007,-1.2511540755027113,-2.2683493062690148,2.087789125539356
0.008124039942483001,0.005303851167868422,-0.007655971732897602,0.003057764547407384,-0.12434080122239466,-1.2163344704499048,-2.2687013577151696,2.0397827430776405
0.008138150182555114,0.005296962186841316,-0.0076639615266875126,0.0030334554039881563,-0.12301570774147876,-1.2015959790041697,-2.2739369394470845,2.02231441704792
0.008257021433763783,0.005251442533259557,-0.007739776439166652,0.0028403532864413523,-0.11135351124649474,-1.078919183017452,-2.3243171982504065,1.8833408637517814
0.00827231339857542,0.005246488345158891,-0.007749861778575851,0.002816172449135307,-0.10970365811331169,-1.0631672641668448,-2.3309561214040513,1.8659407787008588
0.008302171037187526,0.005235885660932949,-0.00776807089029844,0.0027678290237242095,-0.10611117356528499,-1.0322899584042995,-2.3426202727267893,1.8313196906972655
0.00828717418180053,0.005240929924966001,-0.007758680895420801,0.0027918559221752075,-0.10788139668161727,-1.047771387686166,-2.336569553324269,1.8485301034674835
0.008306223326352124,0.005221789584682234,-0.0077562350731941645,0.002748636384326773,-0.1037179810710048,-1.0271353483763503,-2.3324498495734494,1.8189455567172117
0.008168604251513953,0.005285188998424203,-0.007684156221037555,0.002984225520534656,-0.12041891234568831,-1.170248042028106,-2.287644251227571,1.9867873841195822
0.008153170499430063,0.0052901495356938305,-0.007672887983060951,0.0030081101048895654,-0.12160991241877696,-1.1859928102985793,-2.2798392640577885,2.0040932998181975
0.00818374283477241,0.005279504500327547,-0.007694152398712435,0.0029598392976666024,-0.11902969963440298,-1.1546432101041093,-2.294385982136316,1.9691788793047387
0.0081985341299366,0.00527452521282572,-0.0077044118690498585,0.002936560961499837,-0.11772500301012458,-1.1394713162500671,-2.3013592007267376,1.952361903227038
0.008213770331787032,0.005252712334842286,-0.0076962770044197845,0.0028949619547572673,-0.11385636626338065,-1.121794624600817,-2.292938861023797,1.9238916312073007
0.008202023797333542,0.0052601154401734525,-0.007692109149620098,0.002917040633122616,-0.11544780842102151,-1.1342023110986437,-2.290717532893686,1.9394628588712206
0.00824363351138377,0.005239234929857508,-0.007712363618855036,0.0028443741433332964,-0.11034598435390873,-1.0909329548614133,-2.303095232805114,1.8878820216075807
0.00822822622603652,0.00524567709587889,-0.007703572429023601,0.00286996071123758,-0.11210086402592491,-1.1067941565257267,-2.297457129021423,1.9061262392795637
0.008317502158267456,0.005214638637049142,-0.007759376852920652,0.002727284002018082,-0.10185590614326268,-1.01530603147581,-2.333792894283734,1.80406586817271
0.008331720814547113,0.0052074217408750985,-0.007765232670707911,0.00270214607109598,-0.09968750166017591,-1.0005497896928466,-2.3370294188974605,1.7864175688432293
0.008346960956169467,0.005200807986684438,-0.007772619335375206,0.0026762798163142334,-0.09746632795525446,-0.9848206871946171,-2.341392906138901,1.7681760300594982
0.008362855520324642,0.005194501458798401,-0.007780825563850165,0.002649839331394128,-0.09517526477178301,-0.96845662560348,-2.346339302990787,1.7494979613716237
0.008397009647374363,0.005190138224135902,-0.007808310066745901,0.0026015091478395615,-0.09132831415108586,-0.9336278492423205,-2.364864998960693,1.7143994392920896
0.00838074570938561,0.005188133582557833,-0.007790688969016079,0.00262072020942014,-0.09263567722501534,-0.9500796450400327,-2.352397350977801,1.7288894227663243
0.008409459952801308,0.005183600421262987,-0.007812542343898096,0.002579141776614172,-0.08914955096513,-0.9207270995570115,-2.366917775924227,1.6988499505499914
0.008034115618524651,0.005356333366799439,-0.007611077806079309,0.0032218182221070498,-0.13262286892955974,-1.3120138814132216,-2.240077849862855,2.157797752987634
0.00801965919014993,0.005362293535012773,-0.007600608111591442,0.0032452111586296494,-0.13334814797483338,-1.326940636622796,-2.232585360662249,2.1748618780792874
0.008005096541736487,0.005368206498414726,-0.007589817877501188,0.003268600102948245,-0.13397903083589344,-1.3419225423472432,-2.224794469938743,2.1919241913715912
0.008035838586356701,0.005339825290344355,-0.007595160951882522,0.003200637512947613,-0.13018655584402314,-1.306993410689704,-2.2261525842735836,2.143290350337019
0.008049858724820462,0.005332731414398394,-0.007603686912869562,0.003176496933897866,-0.12922044516485728,-1.2923557551867555,-2.2320143206535494,2.1258471124551304
0.007159533243090904,0.005833012651386484,-0.006819090814443239,0.004648063636616392,-0.06492232333736982,-2.167338871500974,-1.5653325066152117,3.1700745997302895
0.00718575893903529,0.005815988192981395,-0.006848943121084277,0.0046064880851598294,-0.07031373908259375,-2.1449045143250483,-1.5938669534891792,3.143231784063541
0.007172764144210509,0.005824506199580492,-0.006834280880293537,0.004627273226748178,-0.06767222124420715,-2.1561424920732715,-1.5798488799814103,3.156742253613974
0.007184338230218491,0.00579963958450173,-0.0068343207696557546,0.0045808891223305245,-0.07053693557506548,-2.133636835936585,-1.5831092938147213,3.1194337941905803
0.007209324877298613,0.005780878618612769,-0.00686008439038703,0.00453704661241049,-0.07544008680107768,-2.110292462798814,-1.6079417869894812,3.0899183043346103
0.007196492669910389,0.005790265720970443,-0.0068467357561790175,0.0045592021747204855,-0.07295672578047752,-2.1221434831722914,-1.59514458978906,3.1047766402011803
0.007222667901076827,0.005771932295988141,-0.006874440119615708,0.004515220204089076,-0.07795313650686818,-2.0984478769946553,-1.6215156315732602,3.0754937265144378
0.007144857591065947,0.0058246595604868265,-0.00678909712438749,0.0046420328495533495,-0.06260095034448364,-2.1664139586120963,-1.5401719491764698,3.1582385395137256
0.007130797588052687,0.005832719130981926,-0.006772097792867312,0.004662197418818874,-0.059709347443332984,-2.177176622191711,-1.5241749692285251,3.1704136949984973
0.006373450902406637,0.006496454967516677,-0.005731580288740494,0.005932832619350847,0.18304066543568234,-2.6652186235879225,-0.44662777780436613,3.791485664027508
0.006384340387724046,0.006485021058477672,-0.005749935752558368,0.005914651989225895,0.17861540958536248,-2.661779533519459,-0.4659742676104582,3.786826792393097
0.006417505327807914,0.006450950414868368,-0.005805171506120855,0.0058598835016296395,0.16541682494584017,-2.650740395324579,-0.5240772891681161,3.7721507065703874
0.006406441955202094,0.006462127878149322,-0.00578684597409507,0.005877939976904359,0.16975020095734103,-2.654464188427174,-0.5048575085356893,3.7770269888241157
0.006395366569966424,0.006473544868590229,-0.005768406165814802,0.005896300801581509,0.174185361857507,-2.6581827934826134,-0.4854400611501733,3.7819893631950285
0.006412597794372952,0.006435167721383921,-0.005794077392438923,0.005830770223267531,0.16147836602586987,-2.635246222460267,-0.524267209638428,3.7417597106014355
0.006422656706039219,0.00642353931219213,-0.0058102457746774,0.00581167736407398,0.15716166704784137,-2.63047823740856,-0.5419905575018503,3.734799476235208
0.006433246309752682,0.006411572576072046,-0.005827171299473921,0.005791962518915935,0.1527140316911957,-2.625509434712871,-0.5604173112048593,3.7276516599354004
0.006444254779207356,0.006399766135660442,-0.005844731770971125,0.005772483588935395,0.1482708908524,-2.6206826199253226,-0.579214537387451,3.7209496406988944
0.006455505352073982,0.006388285176986451,-0.005862647944630701,0.005753499739677881,0.14389081407583623,-2.6160459176859177,-0.5981079148732703,3.7147501675254575
0.0064668996637052304,0.006377164183762482,-0.005880761215454154,0.005735054104636882,0.13959373890801877,-2.6115824090985815,-0.6169753249736583,3.709000606845066
0.006478347715464415,0.006366358769260995,-0.005898912219648264,0.005717054649224593,0.13538116545534537,-2.607218067014351,-0.6357285325330212,3.703540446094697
0.006329517238895633,0.006541979828979051,-0.005656253325451207,0.006003821031740908,0.2005982270970055,-2.6765911935246223,-0.3681867727352998,3.8065053745984225
0.006362607011431265,0.0065078644128622005,-0.005713181005495342,0.0059508546610825665,0.18745600498874707,-2.668465562928999,-0.42727212907005024,3.7958829177479743
0.006340244449849289,0.006530255652009046,-0.005674782715819615,0.005985586314365354,0.19613187404306662,-2.673626211274865,-0.38775549684653704,3.8023188578564633
0.006351382714517997,0.006518932792243416,-0.005693952727060977,0.00596804703763332,0.19175207679231185,-2.671020822062937,-0.4075454629105186,3.7989912176176617
0.0063578491830910905,0.0064921342487402845,-0.005703243568303963,0.005921622693180281,0.18316351335660272,-2.6531554743620007,-0.42909326455688107,3.7658185060140354
0.006286257525876426,0.006588134948612473,-0.005580257594057068,0.006074057703302237,0.21816452388523722,-2.685637634308124,-0.2892655779718916,3.818820610778207
0.006318820393434613,0.00655353629497371,-0.005637645222752751,0.006021637476903368,0.20501830680804978,-2.6792447435564664,-0.3486724716937207,3.810196098979594
0.006307816413948122,0.006564833694806395,-0.005618359171473922,0.006038775879826846,0.20933483031709657,-2.6813042180523396,-0.3288740379602835,3.8128029285587597
0.0062968577669468674,0.006576359240596521,-0.005599045524585968,0.006056204708179531,0.21372482285888636,-2.6833632428026744,-0.3089610812098526,3.8155269383755086
0.006313729626678381,0.0065376492748875775,-0.005627831490783142,0.005991886234334124,0.2004546012976102,-2.6637448256364915,-0.35137695898315346,3.7796710724318068
0.006183835364881779,0.006676106988883334,-0.005395073815199947,0.006194316847270392,0.25154587408122925,-2.679174518426789,-0.11563082159997,3.8001155536073417
0.006195669399629983,0.0066645678685073985,-0.005416845016308374,0.006178561141377266,0.24736333388033935,-2.679732246264884,-0.13649500892637578,3.801435403773038
0.0062280563894130635,0.006631730032724947,-0.005475981778711733,0.0061324191588491015,0.23534253121447732,-2.6792097352299713,-0.19456910215499382,3.8016937999537697
0.0062375311431657745,0.006619185396549493,-0.005493215800304004,0.006113493352129091,0.23082143588472007,-2.676576268613872,-0.2134773167618236,3.7971000182332024
0.006270304348114916,0.006583806892013297,-0.005551813039392411,0.006061426989667298,0.21773781282218732,-2.6720509104251486,-0.2732569791162062,3.790876593026148
0.006259442703302777,0.006594671135757522,-0.005532515751461021,0.0060772878363444605,0.22180621798871245,-2.6731128728918274,-0.25400363548804,3.7919722087700403
0.006247934814629982,0.006606207104134163,-0.0055119667493411665,0.006093998117577263,0.22609051543438,-2.674053207212713,-0.23360982626348673,3.7928949785449526
0.0062180002578476785,0.006643512551146429,-0.005457625017046727,0.006149676818376627,0.23961810643044165,-2.6806965342414304,-0.17544238124835995,3.80411083272694
0.0062069930373482435,0.006653645788621897,-0.005437581296576445,0.006163550221449438,0.2433452663764176,-2.6801501501210683,-0.1564314537936594,3.8025958293720943
0.006151733069671071,0.006713160580123365,-0.005334833869736701,0.0062463413018939646,0.264760397815429,-2.6803423718694748,-0.05469731557397187,3.802604015947368
0.006100109615660212,0.00677506915504613,-0.00523534196835054,0.006331382935352513,0.28632588444441476,-2.679540358098507,0.04557718723588699,3.8037749620635535
0.006141200403764577,0.006725197186932696,-0.005314852604097428,0.00626292535654257,0.26900291557306905,-2.680219255324882,-0.03474918923276879,3.802660790728528
0.006130690601430133,0.0067373376635077,-0.005294786508076629,0.006279564788320222,0.273257547965388,-2.6799712309258727,-0.014728938046267669,3.802593844530905
0.006120270521991905,0.0067496822711761275,-0.005274734183838385,0.006296463694609477,0.27755733587459314,-2.679712993476129,0.005379722820594666,3.80263375473846
0.006110035969803991,0.006762270132447561,-0.005254849270196908,0.006313734768115226,0.28191602781939196,-2.6795432904546352,0.02552470861790655,3.8029770070256395
0.006144279223652548,0.006696222721923059,-0.005323830467074706,0.006213667250869728,0.25916085010370643,-2.6634828967200352,-0.0600792130023998,3.769022404515948
0.0061548084325742545,0.006684107232488418,-0.005343491731373052,0.0061968423845409045,0.2549336252361856,-2.663267265229751,-0.07973189728682185,3.7684628879980253
0.006073037196753692,0.006784944402500904,-0.0051866145399469205,0.006335598148050494,0.28945520626134774,-2.6635607501100598,0.07889287839126129,3.7735270647299273
0.006081822186411712,0.006771451247667567,-0.0052043288702750224,0.006316510227402064,0.2848953564729924,-2.6625620560870744,0.05955935705366721,3.770578268471097
0.006165258735357619,0.006671203877072588,-0.005362973972606573,0.0061784817960396044,0.25044142257669894,-2.662256800765055,-0.09984866315902204,3.7664483282586843
0.0067862531822853985,0.006092375432512887,-0.00634715739996712,0.005219827561824827,0.030182199047648507,-2.4401456924770137,-1.1002155030922935,3.4935798673367855
0.006799030177504438,0.006082361829322318,-0.006364484815144786,0.005199938128761373,0.026335814530545593,-2.4320047457585403,-1.1177744135517111,3.4837146647768726
0.006812211879568444,0.006072626186794025,-0.006382516881992205,0.005180321111870286,0.02248689946446045,-2.4239353793742406,-1.1358239572201203,3.4742451402209618
0.006825587546176047,0.006063483769976538,-0.006401053959818701,0.0051615566136995784,0.018730400381581223,-2.416185723986614,-1.1541258504181753,3.4655611764917524
0.006838588247675245,0.006053912993241709,-0.0064185977423702216,0.005142003210474851,0.015024765270943702,-2.407890496405255,-1.1717044276752873,3.455768437101373
0.006849861987305447,0.006042970080183975,-0.006432306914072638,0.005120388079663709,0.011450085939073427,-2.398328395890012,-1.1863652952088952,3.442844814460568
0.0068621368514334,0.006033001721283189,-0.006448116192689874,0.005100111933122024,0.00783734275547676,-2.3894290407220407,-1.202500742166217,3.4317036569930717
0.00687494562176678,0.006023719514050153,-0.006465081297176982,0.0050807673254065384,0.004272629629426045,-2.380927948361977,-1.2194204392895456,3.4216504309019586
0.006902643448846165,0.006020218495595334,-0.006510739071879921,0.005066957343760551,-0.001265155151089867,-2.37591438657997,-1.2594968896176761,3.4257792799697167
0.006887125177285329,0.006013922020561103,-0.006480553815694511,0.005060600436678427,8.127162280263974E-4,-2.371880130214493,-1.2351851539910006,3.4103305608697814
0.006940826310728888,0.0059911230085574405,-0.006559321997318465,0.005005236668454143,-0.011854257613472932,-2.347316487122791,-1.3085850588869503,3.3906633845310625
0.006915166421778789,0.006010126998854448,-0.006526494456282383,0.005045881269239599,-0.004850156154536679,-2.3662212493726087,-1.2756114892287285,3.413582188639006
0.00692802773822651,0.006000481957776135,-0.006542946604452851,0.005025360247629043,-0.008396793652914611,-2.3567235683912062,-1.2921780114927834,3.4020108677083027
0.006938423627643101,0.005974643620468518,-0.0065454294050600855,0.004977951592623015,-0.01325777820111172,-2.3339921945157687,-1.3004224924129615,3.36376858991985
0.007001311390796,0.005926937080743082,-0.006622152445342171,0.0048750302148337305,-0.029613308365539114,-2.2848160404013673,-1.3771065522070425,3.302997164056547
0.006989483137942408,0.005936982664843954,-0.006608657262500526,0.004896382487130224,-0.02650953544075113,-2.2951769593514144,-1.3633338941238193,3.3164483774963927
0.006950413105302197,0.005964438981584772,-0.006559651317611693,0.00495664740090208,-0.01657617034636019,-2.323962999827429,-1.3150182554726568,3.350800054430937
0.006963265494788874,0.005954193292126795,-0.006575162799489408,0.004934885957269534,-0.020017083126009916,-2.3136523151629445,-1.3306810835989926,3.3378041954966844
0.006976919767141738,0.0059463323924985375,-0.00659335155287796,0.004916750073254887,-0.023291901923281007,-2.305007290102285,-1.348082947717768,3.3285162837483164
0.00701376175229746,0.0059166797546595104,-0.006636410710183906,0.004853002045995022,-0.032805129007750296,-2.274058961808088,-1.3915287891909165,3.2891765558269337
0.007040943707714615,0.005898603828435632,-0.006669884836536219,0.0048117859744198,-0.03926347281699607,-2.2535831171505714,-1.424052385073314,3.26506072592435
0.007027059137963387,0.0059066919979214325,-0.006652107452374316,0.004830990801488932,-0.036099333669203974,-2.263211616635583,-1.4070915669091721,3.275724701950114
0.00704088471511635,0.00588328458934813,-0.006659635844503168,0.004786430448388158,-0.04042683620932059,-2.241586944092325,-1.4180826690353046,3.2416991075140578
0.007050628079373792,0.0058731275331018965,-0.00666894803432267,0.004765530679549999,-0.042926175990350486,-2.2313159914031524,-1.4279831533805798,3.2273807774771157
0.007062532242384499,0.0058612684350196455,-0.006680536819310595,0.004740862995989172,-0.045856573213373664,-2.2191334775065132,-1.4401005248797372,3.210635725924409
0.007102472855143257,0.005835894883295507,-0.0067282922338585205,0.00468113339818274,-0.0545195323844812,-2.188562998162198,-1.4856639036591555,3.1749319911806215
0.007092697993364888,0.00584607514948238,-0.006719465185794709,0.004702317442065757,-0.0521798905227544,-2.1991462267493063,-1.476371667336942,3.189699651132696
0.00707666922028459,0.005849340079663055,-0.006695556320062183,0.004715022584671842,-0.04918237342584375,-2.20622026848544,-1.4551258323959593,3.193823170645889
0.007114478775440706,0.005824235241589391,-0.006739568856146815,0.004656453351881639,-0.057234636564135515,-2.1761456216779407,-1.4972585910468315,3.1579658655643694
0.006518138874360972,0.006350452142519978,-0.005966402533082914,0.005692219411122593,0.1262129645636927,-2.6091796416732085,-0.6944798835142983,3.7174696549679944
0.006489777992736618,0.006355647567459234,-0.005916933133329832,0.005699099221472156,0.13119971782172882,-2.602739792235361,-0.654349454126257,3.697950745651607
0.006501210039943112,0.006344728349374999,-0.005934789950279163,0.005680652596186418,0.12696925065148482,-2.59790028456165,-0.672949856458196,3.69177109294947
0.006553715032335862,0.006318148889110791,-0.006021777990562484,0.005636447732438787,0.11333690344583731,-2.593724881163588,-0.7519848895402846,3.6984096984505013
0.006529867716897081,0.006339444559396161,-0.005984693105039855,0.005673319416263388,0.12186892839175821,-2.6039699417951785,-0.7136205255830856,3.7108752066232493
0.006541857318581493,0.006328745813474084,-0.006003402430287372,0.0056548602723867705,0.11757017609760156,-2.598925007745445,-0.7329454243184338,3.7047592082621112
0.006549615520058252,0.006301931655835532,-0.0060099661039071765,0.005607341951123159,0.10998461364883182,-2.578345341027328,-0.7498564571636605,3.6683054804515565
0.00667731529234054,0.0061841049093335,-0.0061965582056255,0.005395444813476548,0.06500149963507999,-2.507886645469437,-0.9452299860007639,3.5779177403242888
0.006665359904083614,0.006194424686990812,-0.006179492137213354,0.005414596398571129,0.06897403800586836,-2.5147218853026914,-0.9276050778083452,3.586430973412128
0.006653472364065826,0.006204985911495646,-0.006162508329927572,0.0054340540733873325,0.07300368129464886,-2.5216094312573016,-0.9099471360833807,3.595145369574895
0.0066418955362419945,0.006215982041984235,-0.006146099048006829,0.005454148990093047,0.07709628525156587,-2.5287692145762004,-0.8925734975239014,3.6045548302463355
0.006630905571555064,0.006227317549192022,-0.006130708269158857,0.005474712188451517,0.08119001330764791,-2.5361924029284277,-0.8758591178010945,3.6147296272050773
0.0066204462463339275,0.006238409465638527,-0.006116032137666289,0.005494733287210022,0.08517189374176848,-2.543385740653964,-0.8597688527751023,3.624716320189305
0.006609213112923002,0.006248491317807641,-0.006099515372346543,0.005512892804089543,0.08906367356180306,-2.5493706040441144,-0.8425670984020662,3.632248128624124
0.006597187563734577,0.006257835862253554,-0.0060812419296342865,0.005529646275762272,0.09292960181924732,-2.554336167121941,-0.8243035046116166,3.6377019856656205
0.006560457186130189,0.006290264744175448,-0.0060259322964445255,0.005586933313530277,0.10569378842931297,-2.571741694524969,-0.76731320645801,3.659087806860761
0.006584944244794857,0.0062681386877369355,-0.006062777523282063,0.0055479716709361466,0.09706035635402256,-2.5598947324715877,-0.8054673811096295,3.6442779597035586
0.006572134470499092,0.006278297621362862,-0.006043147763086811,0.005565904836809737,0.10123758516373703,-2.564966996765009,-0.7858337676771184,3.6498741979576734
0.006769085523695786,0.006085529312055803,-0.006314178432189629,0.005211162224711443,0.032031353817763876,-2.4334436241285005,-1.074899107841132,3.4738698722808468
0.006756716278365067,0.006095043489617569,-0.00629721676981571,0.005229777369978987,0.03567641864856242,-2.4407584073048416,-1.0578972483933449,3.4825653642261756
0.0067443066680636975,0.0061042144547986295,-0.006279912755914979,0.005247689545574204,0.0393013422681153,-2.4476153957025475,-1.0407207493674953,3.4904667390071293
0.006731813875954577,0.00611383729542167,-0.006262551507517461,0.005266277968236535,0.04303426011735151,-2.4546846677862537,-1.0233489478945328,3.498812283636154
0.006719361934956865,0.006123954579391722,-0.006245353864955225,0.00528559794560337,0.04686345376999158,-2.462011830383154,-1.0059394751248198,3.5077348513707594
0.006707107188203769,0.006134524639634812,-0.0062285604826555355,0.0053055609301855345,0.05076311211461739,-2.4695814243985232,-0.988693137104935,3.5172623567698387
0.00669522656531247,0.0061454341328266125,-0.006212421621405247,0.005325958146134117,0.05468972189487962,-2.4773285991166087,-0.9718406938100731,3.5273340312985586
0.0066838627369627535,0.006156442954876957,-0.006197083733130808,0.005346370143053481,0.05857744806715692,-2.4850848445996427,-0.9555727794418339,3.5376793083674234
0.006672589897266431,0.006167217809455859,-0.006181675529706057,0.005366270726250459,0.06243864344498084,-2.4925128852635337,-0.9392971760243588,3.547509259102537
0.007453536628885895,0.00562890210107854,-0.007110088182394386,0.0041415867715742264,-0.11283588672670965,-1.8864702519701133,-1.8367769330938615,2.820716320270217
0.0074386061665971245,0.005635509865053255,-0.007093781960487863,0.004162579314783789,-0.11097404721040159,-1.8993773677961154,-1.822502212351761,2.8349035073761777
0.007424121720225891,0.005643855996539182,-0.007079524317970313,0.004185711766751387,-0.10918487038831137,-1.9129140297595144,-1.8098618086753284,2.850971600136546
0.00741005766488588,0.005652263152484107,-0.0070657939725153164,0.0042085312289448585,-0.1073997438536141,-1.9261484763911165,-1.797617498692386,2.866833190584695
0.007396161418198748,0.005660780994025512,-0.0070522599925657925,0.004231306509243777,-0.10558338071085797,-1.9392676287601056,-1.785486669676802,2.8826562313630224
0.007481560346679612,0.005614357496899073,-0.007138384684545008,0.00409868639347962,-0.1160588578235169,-1.8606952536372032,-1.8615654370050378,2.790943502494463
0.007467794201916643,0.005621286098728783,-0.007124360341230672,0.004119492414603419,-0.11448767130697492,-1.8732715239890414,-1.8493218628921912,2.8053524815834536
0.00748278811787613,0.005599728404741057,-0.007127002298353091,0.004076322067418491,-0.11547606333934887,-1.8518253791741117,-1.8523149264985854,2.7724062471199677
0.007519057459511512,0.005571563292598606,-0.0071540146404080185,0.004006990938054486,-0.1186475641131175,-1.813341613524724,-1.8759867851281677,2.7223760409679465
0.0075054544742450685,0.005580731549049585,-0.007142759852372335,0.004031009043625161,-0.11744966652476628,-1.8270509855394554,-1.866239302635685,2.739500735377796
0.007493005199296673,0.00559063760757398,-0.007133690410201429,0.004055138236621077,-0.11638414665398276,-1.8403758350399395,-1.8582766491396863,2.756940735275705
0.007620102212772166,0.0055363703362729996,-0.007264186322725691,0.0038725304826159345,-0.12801505878188654,-1.7256402089070157,-1.9691568341965235,2.629964943027621
0.0076054032437977,0.005543413562713973,-0.007250354172486096,0.0038951663464273033,-0.1269323725176881,-1.739659839172501,-1.9575773640658534,2.646057224499081
0.007648623355358256,0.005521358457024835,-0.007289294521158879,0.0038264698441469636,-0.12980058590656715,-1.6975937044136646,-1.9900335058830232,2.596921866805913
0.007634400654347013,0.005528725569762866,-0.007276733988149536,0.0038493156885015885,-0.12891162428032144,-1.711542725630408,-1.9796187140154216,2.613294447414074
0.00759026821076653,0.005533580207729116,-0.007219836453814022,0.0038943614393480083,-0.12448937466633904,-1.7457725737548107,-1.9319298496739397,2.6430936353979146
0.007576777010405229,0.005543476983119697,-0.00721017174905074,0.0039196690715372,-0.12369929168926826,-1.7600272540530557,-1.9237735343765558,2.661389006406281
0.007565831844712848,0.005552332947813878,-0.00720298457451455,0.0039413467881850555,-0.12304773479055582,-1.7719885986853576,-1.9176668210961672,2.677165102966391
0.007533377258887809,0.005562695303952689,-0.007166414788419497,0.003982765647807712,-0.11987977631268869,-1.7992660248648116,-1.8866470397257251,2.705196296215749
0.0075496920854064556,0.005553637025797953,-0.0071813109250736164,0.003956557190793762,-0.12129091566106011,-1.7836971943199766,-1.8993604322232271,2.6867424671144255
0.007744637557430919,0.005451279706462631,-0.007349940092992246,0.003643287447180747,-0.1317680238537642,-1.5940168111301212,-2.038456655165169,2.4634969119036856
0.007730147564063602,0.00545853838463349,-0.007338005967464743,0.0036666010404998455,-0.13136705875037288,-1.6083139468182086,-2.0289245247855163,2.480235017378732
0.0076766412217216485,0.005507592030643324,-0.007314340562515752,0.0037822455757582116,-0.13135462871199213,-1.6702364937459102,-2.0106771696073795,2.5651824288060117
0.007662771043890043,0.005514301866052402,-0.00730190859817447,0.003804036914041176,-0.1305808289426006,-1.683752939826453,-2.000458178608064,2.5808110491530987
0.007715739968849426,0.005466367233757548,-0.007326593359194232,0.003690519827223213,-0.13096510242431272,-1.6227277172018086,-2.0197896244543787,2.4974350444179474
0.007701762611869652,0.005475000257614406,-0.007316391817856412,0.003715050455803011,-0.13060031078670561,-1.6370982079263643,-2.011624984214562,2.51514065461782
0.007688956715776987,0.005484476325678815,-0.007308440053179475,0.0037395946495639497,-0.13036436928469916,-1.6509014721422133,-2.005288749393276,2.532975946876522
0.007678382396348405,0.005493165646440864,-0.007302610085936692,0.0037610214111608265,-0.13016873844878124,-1.6626710916971774,-2.000648844259876,2.5486233388736164
0.007917622879588911,0.0053731751092125956,-0.007489820213054288,0.0033699941245429357,-0.13235360329080967,-1.422718782474014,-2.1468368673927056,2.266542443474616
0.0079057058568572,0.005382811286042805,-0.007485277753128633,0.0033943932267414697,-0.13311773634555804,-1.4359501860652393,-2.143892636491154,2.284164798474314
0.007890806208741545,0.0053857844032173426,-0.007469998985232886,0.0034136830113977988,-0.1329698263162806,-1.4498335311271948,-2.1319894115600007,2.2981328436872466
0.00787492030523902,0.0053910849518966795,-0.007455780168183507,0.00343676093405827,-0.13290142364168414,-1.4651650634207891,-2.1210246026440487,2.3147865878049747
0.007788422002828375,0.005431410646379532,-0.007387176252404732,0.0035750542549000154,-0.13279472797343372,-1.5512746687481729,-2.068005689254018,2.414508936655785
0.007773705924965926,0.005437710253127277,-0.007374426868157574,0.003597580631806957,-0.1324799971906039,-1.5655590501226053,-2.057914919915754,2.4306847605819297
0.0077591293798426235,0.005444349019375075,-0.007362054956496293,0.0036203251403371067,-0.13213829996081852,-1.579794306617589,-2.048099301048713,2.4470134397160765
0.007859853417723973,0.005398268790221595,-0.007444367529229892,0.0034612384326462953,-0.13306417401853807,-1.480318798073531,-2.1123530992339288,2.332459705296604
0.007847098580591058,0.005406410894087565,-0.007436694964368026,0.003484499807258175,-0.13342335454793,-1.4937947917919685,-2.1066851416361363,2.349298293876348
0.007834122519220794,0.0054162993897968,-0.007430401766248376,0.0035101800206881533,-0.13380814905996952,-1.5080376170749232,-2.102161994597187,2.3679368600219464
0.007818430135289737,0.00542021295152293,-0.00741440400100156,0.0035309422180405813,-0.13346432867648128,-1.5225384079014173,-2.089497384092212,2.3828407859874408
0.0078033557702626676,0.005425444628578443,-0.007400399133907886,0.0035526508475874426,-0.1330790705242115,-1.5368671985387994,-2.0784489274109377,2.398416323263097
0.007744190597258108,0.005432242312547554,-0.007330535483863129,0.0036187582310564016,-0.12974937560004218,-1.5870438233538329,-2.021961081228414,2.4447415831173553
0.007932243066319433,0.005364099080138428,-0.007498108566883626,0.003343413800101547,-0.13165311052768158,-1.407293070176718,-2.1527226145466654,2.2473641252085224
0.007977565498068393,0.005363031542667755,-0.007551495997061589,0.00329303007009221,-0.13264050506399708,-1.366260749510854,-2.1944060908904857,2.210431876882484
0.007992229979245827,0.005357353284509492,-0.007562871707749178,0.003270081458600129,-0.13217832828465584,-1.351445962157299,-2.2027792712713805,2.1937598710671815
0.00796560710329646,0.005353531938154124,-0.007527118350660053,0.0032947636095939973,-0.1311413932042217,-1.3747152791675723,-2.174646777115412,2.212105053209532
0.007949224768505092,0.005354684057571203,-0.00750871433769193,0.0033138628725816366,-0.13094864310018628,-1.3896895223150147,-2.160358688268101,2.2260546590595394
0.0076504773615632665,0.005505814305315289,-0.007276814591335052,0.003803435173309367,-0.12861569622993382,-1.6892363402970907,-1.9794122051657195,2.5788147741194876
0.007291584042839289,0.0057467782718276334,-0.006963397579035114,0.004433980344566273,-0.09009290702099702,-2.0496911253585903,-1.7019711169297693,3.0279189158055253
0.007278224502181086,0.0057551945940145675,-0.006949191677472191,0.004455579016059471,-0.08780400277924992,-2.0618482337122486,-1.6887346186831536,3.042534920133226
0.0072647793341711585,0.005763611713583767,-0.006934708785247605,0.004477136676702951,-0.08541289272305484,-2.0739377644689725,-1.675213911449003,3.0570117884800783
0.007290548567145175,0.005730258886330706,-0.006948335201867627,0.004408756437321086,-0.0898668376731016,-2.0391965978198616,-1.6902365877515193,3.005186001776375
0.007382525075650602,0.00566961792128853,-0.007039241974566479,0.004254294870059545,-0.1037575229526676,-1.952351199218496,-1.773733331005572,2.8986893760765207
0.007369517441934707,0.005678880393119506,-0.007027391310777952,0.0042774162748544795,-0.10197246848657517,-1.9652754374855366,-1.7629102059126802,2.9149775915867955
0.007357483835813078,0.005688541451781102,-0.007017218713776369,0.004300419198740643,-0.1003062016631404,-1.9778659006690236,-1.7534567658995375,2.9314229620400645
0.007343943036003517,0.005696647914075435,-0.00700328754390541,0.004322003564903881,-0.09833264583215912,-1.9902517801996564,-1.7407852074701344,2.94617126281052
0.007303259448989351,0.005721095792486849,-0.006960670536245421,0.004386428571648762,-0.09195627122162638,-2.0269153290604223,-1.7017913008525276,2.989739736027562
0.007330110849373874,0.00570413875391564,-0.006988255775187279,0.004342737847230236,-0.09620725261519524,-2.0022938624843545,-1.7271614107544888,2.9600225524562016
0.00731649573286645,0.005712256976904635,-0.006973943775381697,0.0043641937882990455,-0.09407611284434658,-2.0145135188428807,-1.7140786567255717,2.974506112763453
0.007236272269752891,0.005763568714226063,-0.006889519941125,0.004494069685344619,-0.08045473746197206,-2.0867907966901966,-1.6356072067941134,3.0617060872013107
0.007250078630806243,0.005755529759308548,-0.0069050355134371915,0.004473206620039735,-0.08295643589262695,-2.075144815996435,-1.6500109381700518,3.0481719105650598
0.006065151330336714,0.006798262797139003,-0.005170342615017905,0.0063547139641448895,0.2939331864146622,-2.6649958965293457,0.09734633853712919,3.777411818195884
0.0060628314134950415,0.006824168745293276,-0.0051607409037521925,0.006398258513026791,0.30301562939897103,-2.678214192608877,0.12209077750926323,3.805337837792712
0.006058757703358065,0.006810066192742395,-0.005156827270532795,0.006371873465097898,0.2979556931124452,-2.666607388395641,0.11324361487148642,3.781595697751983
0.006040091003349042,0.006877910332091231,-0.005108167043344506,0.006479156379747414,0.32169034591527024,-2.6891157949551836,0.19104881145623387,3.8326073510070233
0.00602994987678802,0.006890037450035434,-0.005087327116116328,0.006494482821896322,0.32567201035554066,-2.6867666285928453,0.21109588083820477,3.8297326531133415
0.006019667286661308,0.006902266125206538,-0.005066116897264022,0.006509763721347195,0.32964774462164165,-2.6841394338331965,0.23131501222546838,3.8264475197976218
0.006052165693916021,0.006836140605458416,-0.005139561234430201,0.006413454774964737,0.30695457009612964,-2.676082814597191,0.1421611927473226,3.8024868385061086
0.006042621473178693,0.006849581987624888,-0.005119852006601088,0.006431630790016323,0.3114812877059893,-2.6755268669737275,0.16258637759878777,3.8029389153449995
0.006033757773059686,0.006862625247824396,-0.005101281481429573,0.006449352874968057,0.31584495250814365,-2.6751168693422867,0.1821184000530716,3.8037379169455456
0.006001987746534179,0.006898811744437336,-0.005036823634075209,0.0064938305144492,0.3274441643663128,-2.666528022247118,0.24221912603939147,3.7922923392639163
0.005983745143483335,0.0068955274979267235,-0.0050067801043759555,0.006477960920123358,0.32528652284314136,-2.6486747671009625,0.2533573100306467,3.757907070679863
0.005974081764694681,0.006909229803100905,-0.004986295123698703,0.00649565111315243,0.3296220652288056,-2.6469584852773935,0.2738421393740617,3.756757579928595
0.00596574459505644,0.0069233456565663464,-0.0049677829561407165,0.006514670997518463,0.3341224455394301,-2.646409203132596,0.29374810021551284,3.7579861673448485
0.005959783006188643,0.006937485977474789,-0.004953114511675408,0.0065350193368955535,0.33890709812718506,-2.6477904276513353,0.3120202985540908,3.762985237913111
0.005948127028996027,0.006947051307726432,-0.004930281709489551,0.006544172409495945,0.3414287412221206,-2.64168199543078,0.32993237357876315,3.7531519321308475
0.00591951530762252,0.006986901395523324,-0.0048680972879727455,0.006593359370464663,0.35359100406172633,-2.6331244551164783,0.3898542041215994,3.7445844866870464
0.00592709337612572,0.006972917561915266,-0.004885921705666786,0.006574727516975306,0.34918847645796763,-2.6340782250644383,0.3705118553286711,3.7436372421200197
0.005936813142145489,0.006959450238133942,-0.004907004260732824,0.006558149931148719,0.3451362165171234,-2.637020407383577,0.3502647635818223,3.7466260745417146
-0.005354174364443769,0.008075966524811773,0.0031710289699930605,0.007657159990506535,0.5528179357104852,-1.988617491338234,-1.7539874853166244,3.02803074251624
-0.005360402065723832,0.00806133257949594,0.003195252901005524,0.007647149363561299,0.5523263354349554,-2.0021520561643995,-1.7402006334000808,3.0440952384461997
-0.005366698669616292,0.008046782859601575,0.003219399286990282,0.007637163128621651,0.5519085193271228,-2.0155902309553757,-1.7263711642765027,3.060082519643472
-0.005372882270607289,0.008032239087432816,0.0032433473338050914,0.007626911860778687,0.5514451473673646,-2.028817741287703,-1.7123159969615915,3.075702024144326
-0.005379016755583859,0.008017670434711063,0.003267201864019575,0.007616429679295128,0.5508081133276644,-2.0418944391294747,-1.6980441555921042,3.09106348851623
-0.005385292350680977,0.00800314140754245,0.0032911112637009922,0.007605999857636331,0.5500865850091178,-2.0549479870199883,-1.683730061984032,3.1064761911193908
-0.005417100409583312,0.007930677198797519,0.003409976570669975,0.00755231431363568,0.5457319200004994,-2.1186341698001727,-1.6101154533002238,3.1814451827813954
-0.005391661609016082,0.007988679607171588,0.003314992058400287,0.007595604373070453,0.5493920840771344,-2.067929848500166,-1.669373442423913,3.1218541541656655
-0.005397944604650533,0.007974206982924165,0.003338717495986757,0.007584955447474916,0.5486625239412697,-2.0807208285186167,-1.6547953981108667,3.1368995781991966
-0.005404183665708,0.00795966976988849,0.0033623931647755703,0.00757403326089054,0.547779829437499,-2.093374139317518,-1.6399610797666007,3.1516905298178117
-0.005410557356907841,0.00794513056545938,0.0033861628435165104,0.007563104691630501,0.5467691946577588,-2.1060133228004223,-1.6250302981054234,3.1665233679873466
-0.005475864446977092,0.007871104159928418,0.003548118486528097,0.0075400868999255105,0.5548480648855035,-2.19653275462941,-1.5617090511919038,3.2980789555581924
-0.0054599021840438,0.007872321221213077,0.0035262013838058466,0.007524296923615117,0.5455581112345577,-2.1844757057895996,-1.553418099726093,3.270501716719925
-0.005482574976576021,0.00785690150535659,0.0035717667460800954,0.0075289136063495694,0.5546890189104153,-2.2086643560190455,-1.5459543896427492,3.312534312075884
-0.005466632424758006,0.007858087291585122,0.0035498029348804833,0.007513166555487046,0.5441712932278674,-2.1966030594707777,-1.5378158769188979,3.284848516038204
-0.005489330079069643,0.007842720031054358,0.0035953711866274925,0.007517670087367596,0.554820413219065,-2.2207186412025206,-1.5300804974420739,3.3268080030749467
-0.005473371137180862,0.007843874048299415,0.0035733278153913567,0.007501924555997603,0.5424148305102751,-2.2086158654487758,-1.5220551815397974,3.2990111465515484
-0.005496129685063256,0.007828559881960462,0.003618962726794394,0.0075063415042199225,0.5536522864467116,-2.232766965641596,-1.5140329532216843,3.340920104727688
-0.0054801137204939345,0.007829657930224332,0.003596790943184999,0.007490538146880822,0.5406942633809799,-2.22051393438258,-1.5061111739823572,3.312993059156387
-0.005430327613584511,0.0079020494720601,0.0034572780965645817,0.007530786287590153,0.5437306390649606,-2.1434976584031418,-1.5801943632200441,3.210914505716357
-0.005436905020569553,0.007887746782611069,0.003480771238504578,0.007519777247813746,0.5426108376192725,-2.1556921577513113,-1.5650001235577362,3.2252876905522796
-0.005443576567368395,0.007873432282266295,0.0035043255539579476,0.007508706128061634,0.5413768709770369,-2.1678420105439247,-1.549675516769138,3.2396352027940085
-0.005406894156925194,0.0079172114858246,0.0034118731792308773,0.0075247931702087005,0.5379207094600923,-2.116579839777813,-1.5885255861996175,3.166400187348156
-0.005413713282010079,0.007903013522444735,0.0034354885006410564,0.007514388515175683,0.537045685938044,-2.1289436877800045,-1.5739667771720904,3.1812382905707213
-0.004923069919359317,0.010565303303171424,-9.069712678855911E-4,0.00815206357754403,-0.003469415036236853,0.5657241874059279,-2.5222531434469784,0.1379898738564358
-0.004918783776044489,0.010551458174992189,-8.839133122112725E-4,0.008151486148483994,5.797395454362214E-4,0.5506400661932864,-2.5209262850843044,0.1519577035685944
-0.004915456952899824,0.0105333751998043,-8.545318770648325E-4,0.00815319628718725,0.006007842583185472,0.5314821970970668,-2.520869452656589,0.1706574727560677
-0.004908936398298451,0.010713633157271557,-0.001131349100638708,0.008082020139611052,-0.04868363381984243,0.7124796110754391,-2.4842943161140507,-0.022756377449413126
-0.004913923875433591,0.010691914214724018,-0.0011001045149666095,0.008096384797714939,-0.04218660017321507,0.6918366826278601,-2.4927280847402087,0.001155757595663873
-0.004906125638325522,0.010672852360610836,-0.0010678476832373378,0.008094792686487747,-0.036836337581375785,0.6705979189629313,-2.4903353942454127,0.02001135504535277
-0.004917692894552478,0.010579288791061403,-9.27102210366777E-4,0.008141299689652798,-0.00811108761047205,0.578667369219067,-2.5158641351129094,0.1219283442232809
-0.004914079496366036,0.010594829928780197,-9.501249102321453E-4,0.00813195300521544,-0.013050438414659865,0.5935751658738331,-2.510531322070127,0.10460517279698749
-0.004903192485099757,0.010605033988956843,-9.622641726556014E-4,0.008115937329326356,-0.016688151375333082,0.6012859736968705,-2.5002468361154886,0.09161156603968111
-0.004898589642765091,0.010649324726368408,-0.0010289160556887042,0.00809493927982774,-0.030117108075198656,0.6449447678581889,-2.4888340723067057,0.043631443528145616
-0.0049017065390319385,0.010623532151817217,-9.903350204831793E-4,0.008107799848216716,-0.022310441410255264,0.6196422339117839,-2.4959244955504585,0.07162970480663788
-0.004923416606355976,0.010010600995435302,-1.7227771831558494E-5,0.008242984424283438,0.17514434410881652,-0.002661381744637645,-2.5464119406761836,0.7407638573718921
-0.00491430016887236,0.010029015186422902,-4.696854557239628E-5,0.008232123458872776,0.167366489505301,0.014815815742031347,-2.5401352892205757,0.7176999284844002
-0.004910254348244109,0.010046081366283289,-7.447163780532614E-5,0.00822704384427943,0.16113440371378804,0.0317209728250254,-2.5378067192102383,0.6977522329033022
-0.0049082053992107345,0.010062790149563962,-1.0138557825390858E-4,0.008224146642761221,0.1554607700207418,0.048572021010611505,-2.5369750296242306,0.67884655362302
-0.004910771373894608,0.01018750094771824,-3.026246061328044E-4,0.00821835793663586,0.11615311178242015,0.17716357154351003,-2.541704325565448,0.5434732442330416
-0.004906918731060643,0.010079053938494434,-1.2757022760835754E-4,0.008222001205897013,0.15006580871412756,0.0650816685161827,-2.536634592156776,0.6606793774583114
-0.0049064893150843,0.010095213245523644,-1.53601590120313E-4,0.008220711807027756,0.14487244826113896,0.08162040219429405,-2.5368811375415583,0.6429004311767487
-0.004906661965512532,0.01011136055350474,-1.7963502900466695E-4,0.008219977225727773,0.1397873621863429,0.09824485656658567,-2.537509569250128,0.6253222945226106
-0.0049074647487755176,0.010127936668968128,-2.0639761334439574E-4,0.008219798493005583,0.13465786059353632,0.11541745980525302,-2.5385491888778122,0.6074649512731632
-0.004913499894581199,0.010166533530087556,-2.691144699422603E-4,0.00822363634564986,0.12337056451300364,0.15615443123029224,-2.543885504049261,0.5670727856762748
-0.004908818238377415,0.010145669349450295,-2.3507182256792867E-4,0.008220011245006207,0.12924397257363396,0.13387460537067364,-2.5399370392837386,0.5885077052523339
-0.004909423452808947,0.010205003859996077,-3.3063274750146885E-4,0.008214846968635134,0.11030120202669673,0.19485777873019858,-2.540500013688113,0.5240561846094755
-0.00490965746810944,0.010222005235309502,-3.5798594919857484E-4,0.008213069146033224,0.10486544499654059,0.21232720435237737,-2.540449457717432,0.5056295385563269
-0.004908687395761203,0.010238820335433883,-3.8486000021544013E-4,0.008209749583752162,0.09930827288394618,0.22936693881851666,-2.539329683695273,0.48709720325775235
-0.004924355718609352,0.010331912331685013,-5.368001142221097E-4,0.008212969999530756,0.07128907973749589,0.3278463690835634,-2.5478564021091015,0.38999019999295315
-0.004921077877805192,0.010350565572626645,-5.6605706666428E-4,0.008205539984145112,0.06481924628929207,0.34624694656434746,-2.5440731414429076,0.3689826772231632
-0.004919960731983454,0.010299360794576835,-4.83764215859609E-4,0.008213668541740778,0.08131643646625343,0.29361508447069823,-2.5461356708141785,0.42423272697074305
-0.004911306499401551,0.010318593647130633,-5.130641073321196E-4,0.008200222173962027,0.07395021873939307,0.31153598361656704,-2.5382945662454937,0.4012274682152736
-0.0049175837987586275,0.010268779818509351,-4.342537095126826E-4,0.008215816809008623,0.09092409502580225,0.26181036107083244,-2.545520867447877,0.4568499581444934
-0.004908742884438076,0.010286171704306388,-4.607612365459505E-4,0.008202786818934717,0.08405414954716871,0.27785512173087096,-2.537822362112523,0.4357186407263716
-0.004904571734523916,0.010256250153946732,-4.122226830079175E-4,0.008202520823912762,0.09308024723269558,0.246416067394891,-2.535583011228388,0.46709536402476676
-0.004905784966918619,0.010431952146119543,-6.921310902825683E-4,0.008169726948004136,0.037133588416952336,0.42607673619470615,-2.5252444040807123,0.27752911850526757
-0.004892939403747297,0.0105258717878718,-8.360517054524535E-4,0.008129441865903904,0.006816515839036798,0.5186588597100349,-2.5041304233023784,0.1740540409142007
-0.004886644984467151,0.010505677564345865,-8.027585476806193E-4,0.00812807733616258,0.012550278082013257,0.49674270259983005,-2.5018139639676984,0.19432877583055308
-0.00488081409989533,0.010486463709756387,-7.711950746500841E-4,0.0081267457931458,0.017974732062739175,0.4759580289441579,-2.499574995994681,0.21362587320406518
-0.004888545015864986,0.010467130634688009,-7.430861010375104E-4,0.008140853227315463,0.024577294487884125,0.4580658958760361,-2.507930555511488,0.23596141202302864
-0.004885151863067556,0.010441805130501233,-7.025452636579835E-4,0.008143438768063822,0.032128114733026625,0.4316009260526464,-2.507960377977312,0.26235183620723035
-0.0049020766800180774,0.010360342605582008,-5.778216327566596E-4,0.008181479217203266,0.05947163029411525,0.3522847646224952,-2.528367356683628,0.35384112013197294
-0.004906790207618509,0.010375111360749483,-6.022670921435688E-4,0.00818387706885823,0.05532082162444436,0.3683365459155613,-2.531004295815394,0.3390240818792626
-0.004903420738979457,0.010390635666777443,-6.261765308275724E-4,0.008176603175783852,0.04998175687682992,0.38346343147788126,-2.527110629856215,0.3214838293060493
-0.004903950244326986,0.010410928992138562,-6.584409166821684E-4,0.008172615144991511,0.0436066054914545,0.40425825871688653,-2.5257797614413278,0.2997458751443229
-0.00502598385524322,0.009172354096633202,0.0013587637363372497,0.00816706020122101,0.4236569626466129,-0.8719143983428711,-2.4171654918441963,1.718819871418755
-0.005028328196179927,0.00915705759015779,0.001383746664790344,0.008162444413736052,0.42705376002408973,-0.8879572100087806,-2.4117654565528217,1.7369314789353825
-0.005030528153372622,0.009141671690102472,0.0014087673626075855,0.008157473831805888,0.4303540167406243,-0.9040735521065654,-2.40603592715526,1.7550023783940831
-0.005010547971128176,0.009177638913989606,0.0013431723678452988,0.00815132161297844,0.4162309219965992,-0.8652940948686085,-2.405291111129511,1.7020545834912066
-0.005007052304520707,0.009192634050110744,0.001318218473073414,0.00815424999676946,0.4123283022909941,-0.849581926562983,-2.409294535102278,1.6835814493970587
-0.0049974700686666014,0.009255478345585693,0.0012157833189279722,0.008171068521072624,0.39752071204680717,-0.7840769274407023,-2.4293241943274992,1.60957200520329
-0.004999875632652122,0.009239928434179643,0.0012411818357391427,0.008167164130235124,0.40127737515564327,-0.8002985902102336,-2.424620755336633,1.627945675225693
-0.005003845753162071,0.009208264114123762,0.0012924039450057784,0.008157678045722665,0.40839043323810126,-0.8332469904072216,-2.413731612199421,1.6646378826858375
-0.005001465408907804,0.009224120184997148,0.001266595624760822,0.008162038979967763,0.40470591268103534,-0.8167324961239458,-2.4188940138880866,1.6460128972679502
-0.004954779708899252,0.009651303978698117,5.696903186718522E-4,0.008245002947620324,0.29068175677673375,-0.3719241959036071,-2.52135020783664,1.1502629907506006
-0.004994121422176494,0.00927125196222619,0.0011896177300581786,0.008173812111685259,0.39327019356437254,-0.7675929738566597,-2.433118314620596,1.5903370177839948
-0.0049912566566024255,0.00930368504116274,0.0011374197209674086,0.008183744023989652,0.385971963122077,-0.7338413311414119,-2.444172794962077,1.5533556820439054
-0.004991488231734254,0.009287764359065137,0.0011625815168644115,0.008177558951049381,0.38910410791786343,-0.750379385800747,-2.437739874212312,1.5707696430989257
-0.004985801998819899,0.009334688556908326,0.001086337915597835,0.008189453617196975,0.3776559477756603,-0.7014865388724623,-2.4516824412608256,1.5162032066205764
-0.004977454654740315,0.00931104833945308,0.001120332663254284,0.00817040725117404,0.3790619214102542,-0.7259037834841127,-2.4345304494314144,1.53674704759674
-0.004973159013136307,0.009324256775838504,0.0010979021418706235,0.008170533520524272,0.3747702143453973,-0.7121644920834758,-2.4359625333160966,1.51982595864155
-0.004982828405038341,0.009350804098597803,0.001059721401834241,0.008192038177773133,0.3732005517482566,-0.6846896211513215,-2.455249607427021,1.4968199416772654
-0.0049822391401191995,0.009366818462240644,0.001034128097782189,0.00819724907888567,0.36964003636529214,-0.668010758442476,-2.4608157835555953,1.4789748676473005
-0.00495782212737125,0.009418904486578752,9.430649809865937E-4,0.008186654202530555,0.3491567181126544,-0.6141315677053923,-2.457557784829555,1.4080965147411293
-0.004960858159786294,0.009402944605509464,9.693482642123473E-4,0.008184828004826962,0.3537665903040201,-0.6306330914507338,-2.45466075573022,1.42718652068396
-0.004964724756631346,0.009387438796981179,9.952083532958362E-4,0.00818399138455113,0.3585505288317346,-0.6466706194301204,-2.4525455471038353,1.4462683096952482
-0.004968742025203489,0.009374020717314328,0.0010178413375387092,0.008183946745624001,0.3629381836518437,-0.6605657615104927,-2.45122330492647,1.4631950062682242
-0.0049636505740337416,0.00954024082724756,7.510769294154434E-4,0.008229734017805232,0.32272171071907,-0.48737901075843487,-2.501023983205655,1.2776967664616723
-0.004958396195990284,0.009571143254691909,6.999899859514765E-4,0.00823140953789613,0.3130934543214691,-0.45541788980426084,-2.5048300936130556,1.2408841853045365
-0.004961069574012405,0.009555325458455275,7.261302238186579E-4,0.008230600936570439,0.3180316756922293,-0.4717674376993717,-2.5029254179860385,1.259706883281862
-0.004967271886854326,0.009492699209728247,8.284369272064149E-4,0.008220820582444147,0.33567046879323387,-0.5369080683365796,-2.490254014720367,1.3321443616666822
-0.00496431100499076,0.009525137112772123,7.755402369448414E-4,0.008226466677328991,0.32671728316847487,-0.5031490961401491,-2.4972926476959105,1.2947629467342525
-0.0049649056342554185,0.009509052174213467,8.01533461801121E-4,0.008222712639416612,0.3308655056798037,-0.5199315411451993,-2.4930891111507645,1.312849723568297
-0.004953797394463003,0.009482701698895528,8.404561790519087E-4,0.008202015974811237,0.33318619545313727,-0.5479717789211841,-2.4750823190307165,1.3361446113346294
-0.004957841953153436,0.009469178085434694,8.632187879987265E-4,0.008202709786224918,0.33782165050749635,-0.5618757289874076,-2.4744027222337435,1.353105733174976
-0.004955089263089037,0.0094352881348415,9.162118007876588E-4,0.008188827158811716,0.34451928319361674,-0.597198989757136,-2.4607383988881946,1.3887220514506307
-0.004952783915801501,0.009453616618235204,8.864049028564046E-4,0.00819195809431709,0.33951854870259185,-0.5782492703789758,-2.464806794292859,1.3674622907780791
-0.004956406697402023,0.009587891601125142,6.72523126329107E-4,0.008233101359883007,0.30810229588248356,-0.43806636515647046,-2.5074563226436726,1.2213789111735591
-0.004956385650523005,0.00960458620255028,6.455848406542742E-4,0.008236939724643498,0.30374250124162905,-0.4206297834526804,-2.5116657806711813,1.202870545771839
-0.004955550207732717,0.009636237044722298,5.942411758705395E-4,0.008242837939851559,0.29502102384169177,-0.3876133066752337,-2.518566243662748,1.1673561356668154
-0.0049557810395050505,0.009620804960077542,6.192499006287969E-4,0.008239825876938193,0.29923483066602286,-0.40372270062949384,-2.5151064822242826,1.1845885911070881
-0.0049527305314992585,0.00966668768708772,5.443684517810948E-4,0.008245592411054771,0.28581490330492926,-0.35604264241063205,-2.5229798256705855,1.1322626805195055
-0.004951957140139749,0.009698816026244257,4.921188840010473E-4,0.008250517840942355,0.2766430026327736,-0.32255912359057964,-2.529064495738371,1.0962315479969131
-0.004951153097675027,0.009682964638588466,5.176935460854661E-4,0.008246765233694395,0.2808153059762751,-0.339199076290196,-2.5250970251478346,1.1134963736095143
-0.004938798726110053,0.009707056618984002,4.765304744868418E-4,0.008236439140110408,0.270288578421963,-0.3154035579090811,-2.519367639083627,1.0815652138846785
-0.004930614939501316,0.0097523890402264,4.01980681938957E-4,0.0082338422177795,0.2550385491321969,-0.26918367632719464,-2.520970094124664,1.0281104732209503
-0.004932456620281985,0.009736286720058608,4.282741768731697E-4,0.008233647168517579,0.26014899688113324,-0.28570320608397876,-2.519590492588628,1.04663787872094
-0.004935608589225855,0.009720694966804933,4.539620540653173E-4,0.008234924721433967,0.2654857215948521,-0.30156071326517303,-2.519318074063784,1.0651570490788649
-0.0049264524891740385,0.009847755848640172,2.4712571714738266E-4,0.008239879255014943,0.2260375640916247,-0.1707175395006789,-2.5325019601906784,0.9212145689537955
-0.004928092609946491,0.009831518200312367,2.7359249286362856E-4,0.008240309554931756,0.23130544605749567,-0.1873330587326508,-2.5316101543293033,0.9397397984326387
-0.004930796891561642,0.009815923384448654,2.9914454403163056E-4,0.008241906749671101,0.236661219479767,-0.20315568719562707,-2.5315989242559405,0.9579735896549998
-0.004933693237132499,0.009802523788885069,3.2119034956384587E-4,0.008243842456055264,0.2414248696098753,-0.21669308786126798,-2.531992859401656,0.9738843061905239
-0.00492905635350862,0.00976903138460242,3.748625937413462E-4,0.008234293346480182,0.2498284037297888,-0.2520842242773343,-2.522569060909205,1.009114391054416
-0.004927682077783546,0.009787628686461639,3.446125371488722E-4,0.008235042076169376,0.2440544620848382,-0.2329479320306638,-2.5245246696387134,0.9880495005617591
-0.0049252605104475,0.00986453941657286,2.1982552350921245E-4,0.008239867242812433,0.22069759328971286,-0.15348909752392095,-2.5337274424813363,0.9022678150244056
-0.004924570275198546,0.009883198769146763,1.8952804031806337E-4,0.008240409910940313,0.214875831679797,-0.13425887339515663,-2.535479960852807,0.8814460533003386
-0.004915192174407098,0.009900726869095175,1.6056839954383222E-4,0.008230519336955795,0.20720644666398294,-0.11747873177930619,-2.5297385021831764,0.8588629728095732
-0.004910425749946266,0.009917019589277052,1.3399745735617836E-4,0.008225802276848394,0.20109305788761578,-0.10133884206421202,-2.5275928766416893,0.8393114621802823
-0.004906946212938396,0.009982862261197803,2.762049434357666E-5,0.008223658564652632,0.18014191755331743,-0.03395255422947338,-2.5308946888066717,0.765949191287758
-0.004906621206632212,0.009966745679272014,5.3617943369429996E-5,0.008223036761527773,0.18503085067926928,-0.05061125576111491,-2.5292855923440203,0.783496915135347
-0.004906540277882033,0.009950270789107695,8.019111938782152E-5,0.00822254180505645,0.19005642255974273,-0.06760653296203191,-2.527732502534977,0.8015210815292745
-0.004907569577673499,0.009933579898153118,1.071492694706049E-4,0.0082231807173285,0.19538334417921355,-0.08466688793963617,-2.526957387400991,0.8201649488973476
-0.004905236160834779,0.009999255039396653,1.167034664557677E-6,0.008221757683003712,0.174698682910155,-0.01733561506007478,-2.5307457083862457,0.7474437458429618
-0.004892475658549493,0.009989127068321061,1.7411482457000372E-5,0.008206846206868339,0.17500814772473347,-0.029742264770843553,-2.5195243659728117,0.7543805807283045
-0.005054080437343753,0.009016542653768516,0.0016140871949553964,0.008118521544265638,0.45725238010249347,-1.0353132869749775,-2.359264485973238,1.9052246576275593
-0.0050598582027047605,0.008985769463918847,0.001664275090274814,0.008107487262020029,0.46314986400527974,-1.0674631234105123,-2.346189003621015,1.9418202461648306
-0.00505694338231606,0.009001266533570598,0.0016390155803266556,0.008113109410059676,0.46020100059578173,-1.0512801743128801,-2.352846610872738,1.9234074688874918
-0.005030419790182347,0.009051489798989907,0.001547530730946309,0.008110154708874821,0.4426210552324477,-0.9963280738417098,-2.3572940691695794,1.8495939895438946
-0.0050343815022995345,0.00903607986486423,0.0015731903061394386,0.00810628802690008,0.44620707590171466,-1.012492263025752,-2.3521757269591146,1.868698570334514
-0.005038364203526447,0.009021345373061665,0.0015978253362896827,0.008102687808121936,0.4496731700290879,-1.027983899256954,-2.347320349184113,1.8871214607114533
-0.005026748195266817,0.009067383291960917,0.001521279624174649,0.008114483467898807,0.43904359151809663,-0.979718698694576,-2.3627988406802043,1.8302114443167543
-0.005021585594386524,0.009100112101271077,0.0014684175565261987,0.00812575371761705,0.4324907494570249,-0.9458128008107988,-2.375860622141914,1.792107745032239
-0.005023409526867191,0.009083778613317911,0.0014944202912845386,0.008119321119679045,0.4354679711779634,-0.9626436942509508,-2.3687248029957684,1.8105520790393006
-0.0050166697166527646,0.009132050801513561,0.0014167427794299261,0.008136283160515649,0.42583434282895655,-0.9126590672845104,-2.388083376808458,1.7548461969877887
-0.005018936107175426,0.009116222976752358,0.0014422827639191482,0.008130939608204874,0.42909236282677155,-0.9290679530831271,-2.3819433093672617,1.7731864555508985
-0.005049375739488271,0.008959609916908315,0.0016975114119356118,0.008079494382441871,0.46102383319363865,-1.0917863182732341,-2.32015854899366,1.959179637171095
-0.005046227084079172,0.008975428738497411,0.0016718334601133254,0.00808527072990145,0.45806993101366694,-1.0754300849201572,-2.3270477692101443,1.94052479013242
-0.005072634193993532,0.008923601510821949,0.0017659027164861265,0.008084759724867012,0.47472930195966795,-1.1323909141158468,-2.3188970456559983,2.0162058978905404
-0.00507589821469884,0.008908185148556427,0.0017910773177431292,0.008078875494551394,0.4774496792661675,-1.1484589072439741,-2.3118116187225692,2.034623694069827
-0.005053014542365173,0.008943846744782602,0.0017233700707898856,0.00807418030689287,0.46410072222571247,-1.1081835433752756,-2.3135997041059437,1.9781957256387557
-0.005056070673001743,0.008928389104683196,0.0017483795072542596,0.008068220333235412,0.4668379639680614,-1.124122192017472,-2.306528089166582,1.9963188512331957
-0.0050791319674384884,0.008892723186345016,0.0018162632989406483,0.008072781716818847,0.48010489357293945,-1.1645426861949237,-2.304503882833032,2.053008711204098
-0.005082373249809957,0.008877094810037732,0.0018416633785086625,0.008066442187127267,0.48268108362422696,-1.180764539263022,-2.296924702190981,2.0715078908414384
-0.005085838297694173,0.008861337494719871,0.0018673608398330742,0.008060132332200752,0.4853122066390721,-1.1971345598687826,-2.289299062789741,2.0902873303296503
-0.005089510984509706,0.008845641758722348,0.001893066558649411,0.00805395782099687,0.48795886548767525,-1.213465798152814,-2.2817390531303325,2.1091512093337257
-0.005093179307415557,0.008830056974157056,0.0019185684433437927,0.008047703398817337,0.490515626754823,-1.2296587544707798,-2.2740812582686907,2.1278462013699087
-0.0050968614390009435,0.008814516862595217,0.0019439760487082423,0.008041347084569698,0.49299789239682706,-1.2457806401668423,-2.266298615646264,2.1464515931531056
-0.005154049082727743,0.008658084085866663,0.002213176245358181,0.007992660915577099,0.5236964331585369,-1.4130030701154583,-2.1967996323765573,2.352626664949945
-0.005141826802813355,0.008703858261078076,0.00213794742952637,0.008013810740253662,0.517939458286271,-1.365583344268937,-2.223274110234906,2.297512672053284
-0.005149808734806714,0.008673351708681143,0.002188000584576861,0.007999669042570252,0.5218335887776734,-1.3971592833193842,-2.2056587779718773,2.334129666125877
-0.005145772817049998,0.008688634538961093,0.002162919077385313,0.008006782558573263,0.5199588241596382,-1.3813486543785531,-2.214535388662068,2.315783562423597
-0.005100645905115168,0.008798989529747588,0.001969397207413104,0.008034971709833623,0.4954529175124122,-1.2618850017850283,-2.258452597858211,2.165085773518387
-0.005104642279310574,0.008783517329969999,0.0019948493574546648,0.008028736726703541,0.4979364924769873,-1.277963909979917,-2.2506771766488147,2.1838240492489853
-0.0051089408892827535,0.008768204715738756,0.00202025127902372,0.008022825242315708,0.5004885517981342,-1.2939502106293614,-2.243133860364921,2.202671823702922
-0.00511349044378374,0.008753114988234658,0.002045483709679105,0.008017227024756877,0.5030768022267775,-1.3097780830782346,-2.2358225687538646,2.2215305079216066
-0.005117872830541425,0.008738065322595974,0.0020705110234690515,0.00801132054545836,0.5055004928340238,-1.3255002181805668,-2.228217012009027,2.240134940276928
-0.005121877481766568,0.008722933163923202,0.002095347110309625,0.008004766953334424,0.5076524215980078,-1.3411534689158338,-2.220026088679512,2.2583495735510284
-0.005125818466917079,0.00870784178677538,0.0021200382415799378,0.007998026172785748,0.5097014020232975,-1.3567116410647546,-2.21164089352628,2.276387872616718
-0.0051420837614063455,0.008646640071238722,0.002219958570702946,0.007969564487337199,0.5173941808692036,-1.4195073971605183,-2.176190114145413,2.349115049431864
-0.005141304408049355,0.008588553473472878,0.0023006630212286275,0.007921525288816698,0.5159647882810904,-1.4714687603523322,-2.125939447018052,2.397370026426106
-0.005130266743210106,0.008635336920239272,0.0022264639199794556,0.00794675749641407,0.5117601386010179,-1.4251725813273095,-2.156256418234267,2.345161757919333
-0.0051339913405178805,0.008620387182153397,0.002250393573404428,0.00793907270655894,0.5132840555661796,-1.4401245939779235,-2.1469013016462246,2.3621952397027743
-0.005136783635165198,0.008604552782963031,0.002274740971822548,0.007929441258545548,0.5142530492702194,-1.4553997650329762,-2.1358312443902823,2.3787516956577126
-0.005312952657829093,0.008178254521705085,0.0030026162486012087,0.007725564742173696,0.5541603629944832,-1.8928171573558517,-1.8469510502946387,2.915008350282142
-0.005307205098803581,0.008193149570145405,0.0029781348970235083,0.007735213418221116,0.5542397605525559,-1.8786502425036034,-1.8599464139366806,2.898335531864334
-0.005330795123864285,0.008134379666514325,0.003075385655596771,0.007697283661832159,0.5540062845442296,-1.9346755812028287,-1.8081812784697069,2.9647161342867006
-0.0053366288332135645,0.008119896383560936,0.00309923536740179,0.007687594287146678,0.5539455825937986,-1.9482526213845965,-1.7950065930114734,2.980731308585375
-0.00534237969626955,0.00810532903303531,0.003123032072540886,0.007677574060304696,0.5537300163029596,-1.961701927057524,-1.781526833700222,2.996478090585024
-0.005348178369388349,0.00809066527255271,0.0031469310505778197,0.007667351697967672,0.5533333005754435,-1.9751274902818483,-1.7678048924825267,3.012168550328336
-0.005301862700643358,0.008165212422001987,0.0030064001817607547,0.00769897910104934,0.5464752648580191,-1.8940728469004122,-1.8245196843982028,2.9040622128107523
-0.005308104317329251,0.008150520380207726,0.0030309195458682815,0.007689864525438127,0.54664788238824,-1.9081143720986267,-1.8119235683295418,2.9209395975341406
-0.0053143685617550625,0.00813618399774667,0.003054989218141894,0.007681020885541882,0.5468102989105085,-1.9218558793090958,-1.7995678897083993,2.9375528671324873
-0.005296109128998983,0.008222905276880502,0.0029294571829857553,0.00775447371670291,0.5540873515787528,-1.8503302849586067,-1.885634439427749,2.8651765487218124
-0.005301621294500965,0.008208057284992918,0.002953751689887232,0.007744909650020052,0.5542329689617329,-1.8644952417940568,-1.8728863466390102,2.881762051644387
-0.005274281878477071,0.008282184550563792,0.0028320738345483415,0.007791385537115926,0.5529343355660118,-1.7929708796961592,-1.9349035141734634,2.7977845168807463
-0.0052796205144786884,0.00826734295084757,0.002856409859190935,0.007782221254331786,0.553265917551573,-1.8073750564615876,-1.9227466769362873,2.8146713237172385
-0.005285073713479679,0.008252511045050257,0.002880794663290404,0.007773050324943534,0.5535529794158145,-1.8217650735800623,-1.910503196152998,2.831590596796214
-0.005290590485704707,0.008237706311606901,0.0029051553535256788,0.0077638326070035525,0.5538367592279522,-1.836093618340062,-1.8981548489798274,2.848454297977487
-0.005128162752812811,0.008575875722076158,0.0023072345358052435,0.0078958354986543,0.5094832927995433,-1.4770363701028602,-2.1036636253626306,2.3922073143167313
-0.00513375037072686,0.008560362828721952,0.002333136715317745,0.007889291148265426,0.5115288489522386,-1.4928659550193129,-2.094856044066302,2.41129955350658
-0.005140266208100049,0.008545678843621358,0.002358670093321157,0.007884366065203386,0.5139791028122547,-1.5083609227592778,-2.0873768877266055,2.430785654447634
-0.005146477913260893,0.008533435765859437,0.0023806233230675086,0.007881050715628272,0.5163455344487664,-1.5216287428708533,-2.0816554111417234,2.447966657694447
-0.0051444571201100875,0.00851749968650796,0.002400448499965626,0.007864994946261092,0.5146047738414309,-1.534241240647449,-2.0656099002555703,2.4578872603847697
-0.0051502903063877425,0.00850004426107357,0.002429008952735328,0.007856459188638823,0.5163882992879351,-1.5516113464632213,-2.054561617175782,2.4784251524716967
-0.005252712037011914,0.008299708165893335,0.0027878513538240964,0.007784637089977022,0.5448209179373746,-1.766738644988914,-1.9373709833789936,2.7553386150884367
-0.005257836210151253,0.008284946496741089,0.002811795660587702,0.007775516313356671,0.5451896575827472,-1.7809046823316599,-1.9254757661288162,2.7718290055759778
-0.005236397456385027,0.008302299207231774,0.002768168686198622,0.0077687475011196635,0.5378079506424581,-1.7546962089156903,-1.928062532021918,2.729934173874053
-0.005230130500326613,0.00831668634273819,0.00274364055567595,0.00777600190059478,0.5367405376638182,-1.7401711464994307,-1.938393099951892,2.712079043373493
-0.005155888116769958,0.008484313405628899,0.0024550041338538245,0.007848990577886378,0.5180282691183263,-1.567371990933047,-2.0446862861936563,2.4972613180855014
-0.005215067059273369,0.008362201511450692,0.0026704497426728855,0.007803452359679879,0.5349950490165157,-1.6966402522278035,-1.9735393071962128,2.6616594874088477
-0.00522392673929669,0.008332033904233956,0.00271791690029829,0.007784133737971126,0.535711089129836,-1.724912111891389,-1.949573147315366,2.6936226247953843
-0.005219400490429853,0.008347576055950039,0.002693533041596778,0.007794203694376716,0.5354142021598541,-1.7104302800377391,-1.9620195135373344,2.677295858394567
-0.0051618816878149145,0.008469056160593244,0.0024806838001683886,0.007842239489099368,0.5198008143478211,-1.5828836822953123,-2.0353824523275246,2.5161534264344905
-0.005190302447990644,0.008438368201529524,0.0025472537596690774,0.007846912365579689,0.530640664506623,-1.6224749924570927,-2.0291979385267225,2.575382712793234
-0.005193869457648507,0.008423583392500357,0.002570124372958303,0.007837347117206404,0.5310719311459788,-1.6363403868133413,-2.0177494607810686,2.590684982571403
-0.005169072180017533,0.00845460899445251,0.002506344849190505,0.007837436722342385,0.5221089568091043,-1.5982968600712393,-2.0276160718941187,2.5359160567663133
-0.005175790844096736,0.00844281381807461,0.0025280701114196247,0.007834382960244394,0.5243485225321156,-1.611312524421652,-2.021815230558534,2.5531383666756384
-0.005208914545901264,0.008376706263765164,0.002645723750339959,0.007810378227573959,0.5336809366422336,-1.6818404289501971,-1.983370545779778,2.643472252409527
-0.005198395623775062,0.008408109431367205,0.0025947262022838545,0.007828098717529784,0.531846781962625,-1.6512133855141224,-2.0062269112751743,2.607656637603369
-0.00520262361559872,0.008392214011005797,0.002619531269741521,0.007817957301836683,0.5323098313313994,-1.6661381419828427,-1.9939002370176804,2.624344295563208
0.00529365821516859,0.008052541899505295,-0.0031287829029779906,0.007564706643486389,0.5226531868848068,-1.9564312903921828,1.692165981616906,2.9387919555507014
0.005299246508356196,0.00803671461837465,-0.003152902842273976,0.007552633833118594,0.5219125098434715,-1.9693709634765428,1.677248017525196,2.953272509170765
0.005315287622590439,0.008011825676232646,-0.003199040190070767,0.007540996281768227,0.5233076278648358,-1.9949460539092996,1.6572288385548555,2.9871304265611056
0.005302715221785995,0.008021978160459346,-0.0031732817960770884,0.0075394138853582884,0.5202509019567778,-1.9799435155570293,1.6623168471237553,2.963783484259661
0.0053127118171781154,0.007990647844693007,-0.0032193042052706873,0.007513653645181803,0.5179002905029494,-2.003949481245058,1.6315386855823462,2.989564754359592
0.005287492763282705,0.008068253468803384,-0.0031040559990647486,0.0075758735631887295,0.5231403747170492,-1.9430077775668886,1.7064753384415228,2.9232759809997035
0.005281483299656516,0.008101049543586713,-0.003059792667133907,0.00760606272759437,0.5266937365032139,-1.9195585096680432,1.739826071408288,2.900927290019219
0.0052832613865465,0.008084416149716464,-0.0030808947016713367,0.0075894606790056955,0.5243823106036843,-1.9306165043922225,1.7222302651457702,2.9104108860062055
0.005264958334838708,0.008107280023879221,-0.0030343499487592404,0.007595151016282927,0.5209195914246002,-1.9040296079239443,1.736995700096503,2.8729536900409287
0.005263234382042349,0.008124051125482541,-0.0030130453278369913,0.007611678423198,0.5231659360254352,-1.8927194888529113,1.7544759085136643,2.8631553391207074
0.005250471490513042,0.008210112693828552,-0.002897046333378631,0.007689925499442784,0.5313856346549785,-1.8289074390750744,1.840096588224329,2.8028016582581876
0.00525855678934881,0.008139441683480656,-0.0029899916341361668,0.007623366312189392,0.523776491555783,-1.879997144699449,1.7685387369850136,2.8492293380435965
0.0052525673143503536,0.008154933676540427,-0.0029653220297669613,0.007633593411132406,0.5237869685550778,-1.8661964412604626,1.781738020243288,2.833119484414666
0.0052478586487974665,0.008172222493875798,-0.002939816253692776,0.007646976694172222,0.5245593276272088,-1.85201624136553,1.7975223107014215,2.8179037985925253
0.005247083077344713,0.008190246679880669,-0.002917464200125067,0.0076652642176548436,0.5270228685476949,-1.839815956819154,1.8164929433690247,2.807910801090559
0.005232875002351491,0.008218160828810136,-0.0028688981270101233,0.007678933460102886,0.525060671238979,-1.8119133969888443,1.836982994656635,2.772688749403765
0.005216897464915133,0.00822660294719313,-0.0028421367770974653,0.007670144785056179,0.5193844846393346,-1.7959219035896934,1.8352103871353596,2.745118754601949
0.005144794739441741,0.008457232361847691,-0.0024810066555279587,0.007812249707871363,0.5113708111870023,-1.5839976163790597,2.0107190556796546,2.5031335629408296
0.005128898960287181,0.00846345594307047,-0.002458631769933102,0.007799903396747394,0.5046749794950371,-1.5711758990946774,2.0039142609742484,2.47885018370429
0.005144809018175556,0.008438819625151125,-0.002505137199592623,0.007795662004395641,0.5100606449365999,-1.5987019555456266,1.9935583086101338,2.51623491006418
0.005147560099208183,0.008398484976859645,-0.00255983613676689,0.007761755951726732,0.5082042552301437,-1.6315317998414252,1.957628263698693,2.5474007933960556
0.005144400950135901,0.008417347219519719,-0.0025326441465762096,0.007775623684206526,0.5082715392188771,-1.6153284937737469,1.9730873199790946,2.5306045890382904
0.005125067172023848,0.008518086503641423,-0.002382919164458387,0.007843400442706738,0.5059321328047018,-1.5247675819854678,2.050272077998058,2.4338090398299124
0.0051246194641873,0.008500461724862992,-0.0024060362248081025,0.007827642337523187,0.5048118359553432,-1.539135303739602,2.0341213974773154,2.446543585108017
0.005120936702419409,0.008479305585772777,-0.002430780238355138,0.007804979090782418,0.5020097254492651,-1.554603924524301,2.0120913056594953,2.4576391568042264
0.005086358088971642,0.008580794843894972,-0.0022660378571848776,0.007852194955990969,0.4907145422799642,-1.4552208517279228,2.072926415559865,2.339894225783627
0.005092349724135997,0.008565774464597208,-0.002291242006695612,0.007846598717737378,0.49298740902537963,-1.4704254855845227,2.065095777808592,2.3585279426017536
0.005098087020828321,0.008551158622866945,-0.002315675759389329,0.007840913294544559,0.49508156234414,-1.4851657803700034,2.057247006489925,2.3765284145376424
0.005103392459126143,0.008535728773221852,-0.0023408133516197058,0.007833915776454642,0.4969049414020342,-1.5003466719236387,2.048175101053658,2.3945663469175513
0.005110172461464578,0.008523686787335205,-0.002362659946937237,0.007831334009871606,0.4994496876372373,-1.5133701141946405,2.043118947192298,2.411753661438111
0.0050515181565826085,0.0086960466371673,-0.002080615460910071,0.007903135136679071,0.47592858179960146,-1.3418103590944483,2.136938336304637,2.207197429773068
0.005049929508925254,0.008674155336873442,-0.0021097280653133432,0.007884754871061396,0.475362863056968,-1.3605541731235293,2.1185660763333343,2.224028889616962
0.005049888938151552,0.008654152597956483,-0.0021371830277819317,0.007869345101744267,0.47548574441843244,-1.377957926164336,2.102762189374294,2.240584883389896
0.0050654253837730855,0.008582534865593327,-0.0022466011482213596,0.00783002090388355,0.4816367187557234,-1.4450449317313916,2.0573087468999596,2.3149678025396843
0.005059182031263212,0.008599174665377315,-0.0022191836761127474,0.007836464735622705,0.47915066743703844,-1.428524605364127,2.0660033739304993,2.2949821004678346
0.005051437489315602,0.008635211866984321,-0.002164243812907389,0.00785634998377331,0.4761387125487388,-1.3948608835575003,2.088932630603504,2.257716496098178
0.005054451445643581,0.00861690253507636,-0.002191469613407496,0.007845306178982795,0.4773094849585009,-1.411649951029669,2.0766268384955207,2.275721049141897
0.0050191346224939225,0.008770489959185765,-0.0019528991094681573,0.007920458006927636,0.4598577974829295,-1.2644609766218375,2.164965811692808,2.1099586650937296
0.00503559878873425,0.008711324226617986,-0.002047516181562944,0.007896413942133739,0.46862428677977047,-1.3227793016252993,2.135146708479105,2.177768112948509
0.005023242966714927,0.008731048922691664,-0.0020110332609008514,0.007896864092325056,0.4629082814277648,-1.3011370251489736,2.139498777690672,2.1483629560627384
0.005014214293684425,0.008750355511590908,-0.001977617354486162,0.007900558921103024,0.45835501810664037,-1.281010266490404,2.1461021620544787,2.12273313167944
0.004991720507632699,0.00880463701840409,-0.001885833966774817,0.00791301484898397,0.4464921114817268,-1.2254464781199699,2.1657396843283507,2.0535531288541633
0.004997953418152456,0.00878299805804162,-0.0019205005015976687,0.007905165339238511,0.4503362690342604,-1.2467786488792965,2.15581180844417,2.078517936945749
0.005173445646100515,0.008364437854689632,-0.002627695999966011,0.00775866907328837,0.5166240587256673,-1.671444377561749,1.9442332231825483,2.6036546626833617
0.005151484032820841,0.008382613212724441,-0.0025837931323066366,0.0077513373473576735,0.5085173691247201,-1.6457271971316014,1.9454185887046853,2.563008163925741
0.005157046135024872,0.008369454464970744,-0.0026057670925460374,0.007745149543638622,0.5098678060875508,-1.6586480227037128,1.9368931003517105,2.5788030534375235
0.005174183117616225,0.008345413110889448,-0.0026525583128002572,0.007741303268408335,0.5150290023011695,-1.6861217228537255,1.926062147468402,2.6168196468035663
0.005175404480156407,0.00832439280109388,-0.002680184059945157,0.007722348800420719,0.5134012573660311,-1.702251015671692,1.9061615203751907,2.631520010909575
0.005179880996508398,0.008302909518802807,-0.0027113401913422663,0.00770629730810237,0.512999546370855,-1.720326002477712,1.8879284983372686,2.6505204315713766
0.005201660662556845,0.008249435460134052,-0.0027988359312593894,0.00767681101711204,0.5159508250231247,-1.7708713315636389,1.8486637918747895,2.7112167930134996
0.005193997422076823,0.00826260069067192,-0.0027750299033413232,0.007681719976946596,0.5143108880211947,-1.7571008570544429,1.8569362158881015,2.6931845813589277
0.005185862781242706,0.008281401472836214,-0.002743834717119781,0.00769160757195051,0.5130711393386189,-1.7391008733111162,1.8704500672411244,2.671275338628885
0.005200164679750183,0.008234270403337145,-0.002815705435584544,0.007659743380969602,0.5133510707359507,-1.7802316047567215,1.8320008460009272,2.7173560440020315
0.0048582446119565725,0.009513052514162153,-7.65461976072993E-4,0.008099624904228745,0.2936806423027502,-0.5197109831283385,2.4008075338400485,1.2543236539544191
0.004856523459292503,0.009542819319718903,-7.189760722013757E-4,0.00810562613117071,0.2862890003449381,-0.4897492346289935,2.408196045818599,1.2220661487266649
0.004889262839003809,0.009469815146437702,-8.414190997930943E-4,0.008122897665207922,0.31357946935419173,-0.5630109914623268,2.414022630972879,1.3161524244967742
0.004861021722305639,0.00948333518308916,-8.120956096073451E-4,0.008094357441552838,0.3011357196459314,-0.5496317455747829,2.393922712210037,1.2870771330850135
0.004824515971039587,0.009684284366156235,-4.927538159692255E-4,0.00809990370554657,0.2428229304027796,-0.34838908460023016,2.417308160711109,1.0575044282158574
0.0048205172331833536,0.009657893970151347,-5.328343758215084E-4,0.00809041078072746,0.24818106825335165,-0.37520565904538833,2.4078864013796686,1.0836593100934317
0.004818190057758863,0.009629579143265241,-5.760195737666724E-4,0.00808204075453258,0.2543600592573016,-0.40376179732288425,2.3990522382287067,1.1124343892332182
0.004815574390191697,0.009597604088982655,-6.245756493400075E-4,0.008072067255497395,0.261105091082719,-0.43590736871213276,2.3886202551674836,1.1447785878359216
0.00482753507540626,0.009562850836643658,-6.807392636180263E-4,0.008077473638591945,0.2727648618728869,-0.4703614915086439,2.3892237278731727,1.1868463754416447
0.00496165570614822,0.008818233559246392,-0.0018464224098745285,0.007888298323933078,0.43336812647323647,-1.2046790510935896,2.149638377606276,2.0137685045824836
0.00497749841006738,0.008906949305104423,-0.0017308016846649917,0.007963737175008997,0.43409173517488747,-1.1275621716184083,2.2218674873944515,1.9475909463827221
0.004982082218964084,0.00888275908982916,-0.0017684710565589424,0.007953678724563472,0.4378199105970108,-1.151201893887866,2.2102042221420866,1.9740280643390573
0.004966882349021964,0.008846459582670605,-0.001810268085805346,0.007912916135280015,0.4338895487642052,-1.1806709665933701,2.1731396687052897,1.9934907423032222
0.004968073082719339,0.008867046806235948,-0.0017818972189862846,0.007927658726314074,0.4331292608719265,-1.1621842471768302,2.187822431011036,1.975988508053867
0.004934822015498961,0.009107502359612659,-0.0014125551898102606,0.00802854945612211,0.39524264263053555,-0.9277300984304218,2.300952352984084,1.71961603355037
0.0049269799089536595,0.009064412917946383,-0.001472224443633012,0.007997123581330944,0.39764956161798853,-0.9682555337999723,2.271035619573641,1.7561970247251677
0.00492284814754136,0.009085758974981687,-0.0014386155138333176,0.008003638267866214,0.3933753870549635,-0.9470803196683949,2.278944921538477,1.7322443169663866
0.004950956531049467,0.008919112068626698,-0.0016968767455857892,0.007941064483772535,0.4221140340228747,-1.1100318199907109,2.2065712081042883,1.9133974735713972
0.004952334908452352,0.008945032293023528,-0.0016604750208525701,0.00795838873272218,0.4205413550666625,-1.0862358166107537,2.2238372698103714,1.8904763782652176
0.004906272325786404,0.009047142877861751,-0.00148636585309513,0.007964312942059418,0.3916230114357982,-0.9812392788570844,2.2436045479377236,1.757129083866855
0.004914931183345133,0.009021259343788841,-0.001528663834927194,0.007959957738848382,0.39782613039422626,-1.0071837504406658,2.2365919179542364,1.7884430159452307
0.004933341512678268,0.008998511016647058,-0.0015719922352156314,0.007968075985488649,0.40768346065657085,-1.032104019512117,2.2393728575281977,1.824519796964416
0.004932803636321998,0.008966939553125462,-0.0016173159504901603,0.00794921687098596,0.4104891050542161,-1.0615960161827116,2.220304480979417,1.853833107939028
0.004891936444745472,0.009340279733450398,-0.0010420531721859712,0.008082120642705767,0.3410931670429315,-0.6936899419892771,2.369770856562076,1.453894499458874
0.004912655052099287,0.009241072615433539,-0.0012014363940025619,0.008065923683186994,0.3664837843232553,-0.7938027021513482,2.346220098259488,1.5692131558326403
0.004915587891345345,0.009267396946419265,-0.0011626769995664676,0.008080501606648355,0.3631667092320521,-0.767807052612656,2.360404541751127,1.5440212745484219
0.004891932972787089,0.009313633501879973,-0.0010826992417518817,0.008071913944656022,0.3460531566551432,-0.7202888217640905,2.3590809612505983,1.4814873904468067
0.004899738025110908,0.00928774892226992,-0.001125175615502139,0.008070596858696715,0.3536497175535078,-0.7464781368587471,2.355158127142131,1.5129597787927744
0.004890423559302714,0.009194089800341509,-0.0012621440717005142,0.008019532091628631,0.3656746521987017,-0.8380116565689882,2.3050749965502053,1.6020158900698755
0.004889993547371821,0.009224182753571872,-0.0012169935430124297,0.008032538994383486,0.36082430253695447,-0.8085638722893619,2.3186759637855787,1.5715263048961747
0.004884198684494429,0.009441860492034963,-8.831874849055057E-4,0.008108385210451917,0.31782853598029787,-0.5913297201400499,2.4002990876544854,1.3430343653843904
0.004885072374096798,0.00942067590999878,-9.161779699991032E-4,0.008102537383223012,0.3226733453666686,-0.6127107220238948,2.3937187115884364,1.365822753497156
0.004878723699140018,0.009401617083572062,-9.433775812313705E-4,0.008088844187413345,0.3243133412570293,-0.6318278547569348,2.3813963973877113,1.3822976287752804
0.004874181707248379,0.009378606456424078,-9.770309947835735E-4,0.008075655006332354,0.32736440984192156,-0.6547795756232441,2.368977059467358,1.4037082213568406
0.004868934082223904,0.009353934735319163,-0.0010127177840164533,0.008060766555641754,0.33031090342242697,-0.67916092995803,2.355035314065242,1.4261786621772397
0.004910867396008121,0.009147990210598044,-0.001340406067277117,0.008021195960606083,0.3802218312807413,-0.8852263329662912,2.3005549525449704,1.662119458744361
0.004913546847601562,0.0091242137701683,-0.001377023247399361,0.008012580278854197,0.3846875067801316,-0.9086128553255144,2.2908847520558857,1.6875698276790225
0.0048881077492244724,0.00916347970712174,-0.0013065150483320394,0.008002647485509733,0.3694249035050206,-0.867440382372811,2.2883648100002634,1.6308470422162726
0.004866118184297295,0.009179300041178475,-0.0012728637490805935,0.007985100700081724,0.3588773650351802,-0.8496495277845889,2.2771283224514693,1.6003707375093488
0.004827423154859429,0.009709616007311236,-4.539488791288565E-4,0.00810758670403966,0.23728252850327677,-0.3226002332875781,2.425248846465871,1.0318536916152599
0.00482871410529483,0.009735024290850491,-4.1463236362042144E-4,0.008113074315821296,0.23109263141370426,-0.2968122888518707,2.431541672858856,1.005372828703404
0.004833234961506471,0.009762301536548373,-3.7273575054684317E-4,0.008122163157948642,0.22524248134611016,-0.2688337811660703,2.440563739944192,0.9781526492656797
0.004851564392089037,0.009872961452993304,-2.0079932256295824E-4,0.00815478392537982,0.19968274817407786,-0.15435100671704385,2.473481647142403,0.8663716517080068
0.00485008701234099,0.009848366453541006,-2.3950450266281746E-4,0.008151113811165725,0.20616413096007793,-0.17960486326113353,2.4688265338561606,0.8923320993554027
0.0048537769482266185,0.00982805062342967,-2.7189711091352945E-4,0.00815349332694096,0.21281859883148294,-0.1999397691489199,2.4688489672369274,0.9156210622439278
0.004839924706911845,0.009786369306477671,-3.3593594109057313E-4,0.008132945276728504,0.2206014066489901,-0.24380155629952552,2.450477780074143,0.9550751624978459
0.004846676074163163,0.009808774149811291,-3.015355307018711E-4,0.00814330624593161,0.21622906797636612,-0.2203585331225244,2.4598844253861496,0.9336728525180144
0.00482748228207512,0.00989024829695072,-1.719721026899099E-4,0.008128237755300152,0.18906893451556042,-0.13955644243233126,2.4558581975510503,0.8390897869425215
0.004802553598654413,0.009913724664687077,-1.339446616464191E-4,0.00810101717690021,0.17699044428628039,-0.11858580550849764,2.4382775116307296,0.805129391916428
0.004797151453886886,0.009944630524697564,-8.575165547972706E-5,0.00809612006002087,0.16719617827208402,-0.0880280551821584,2.437358817998542,0.7704151485806676
0.004798568213590752,0.009976594471856217,-3.6191853243066E-5,0.00809848781459403,0.1586138079159289,-0.055601739742343614,2.4417137882538342,0.7369275510602705
0.004776324562719299,0.00992874732101931,-1.0952298519591131E-4,0.008071838741335326,0.1670199118215533,-0.10645365636011125,2.4186090737713037,0.7801044355365873
0.004821085385209035,0.010163515212534517,2.557846291490003E-4,0.00811709410296735,0.10884301047992408,0.136821993684187,2.469658696665572,0.5444208225929364
0.0048259777182597195,0.010213946561673818,3.349895610675196E-4,0.008117396722303036,0.09458300977682454,0.18874385852317793,2.473675366993906,0.491868247989255
0.004806296188620116,0.010185577339101148,2.886741394728201E-4,0.008098060766909512,0.10001856999787982,0.15669128514762007,2.4579819717427998,0.5167582433128527
0.0048081139630472515,0.010139094189219119,2.166620947054389E-4,0.008104314351977893,0.11387714075733028,0.10998657434223073,2.4588032465955183,0.5667997488761958
0.004797343906463758,0.010110846289765323,1.7207966742347584E-4,0.008093976100816908,0.1202241527739837,0.07975896172510301,2.449309242799453,0.5937435704394654
0.0047915093120055085,0.010073327184673232,1.1367788217201196E-4,0.008089219040688572,0.12989580936159884,0.04104460742520232,2.4429785013198555,0.6318573474235069
0.004778032162338168,0.01003649514639099,5.640522374994207E-5,0.008074983260377248,0.13781298406143694,0.0020928684182375114,2.429868881713056,0.6667223932265821
0.004771219262286387,0.009999915801891723,5.580354106000978E-8,0.008067575261622264,0.14660344210818085,-0.035556315682937774,2.4215550573679097,0.7032082002603008
0.004798962386511983,0.01023875389736848,3.700772641900981E-4,0.008083449981356995,0.08344594680892053,0.2090861771622441,2.451737165817995,0.4582437031845718
0.005877880607211057,0.00700655346880475,-0.004791604044556316,0.006599594775210715,0.3568689771296513,-2.602563798957616,0.43650982214759276,3.6914536327655516
0.005902199029758498,0.006987447318884821,-0.0048391208241292125,0.006583437260569937,0.3523055202989966,-2.6173403140473694,0.40172464641333555,3.7151300354022694
0.005884290780684161,0.006989887965209814,-0.004808657154560248,0.006576271984165321,0.3514827225983707,-2.6018717351786225,0.4154807197951608,3.6867189924598667
0.0058686379222925395,0.007022388931803638,-0.004770041635776687,0.00661962802244916,0.3615640519697622,-2.6000472965504033,0.4584889710260111,3.690171597043997
0.005858140944826103,0.007041737431374293,-0.004744774085138453,0.00664441389642373,0.36731850313727804,-2.5973817440867033,0.48484157801242483,3.6895102417549697
0.005843956241088834,0.00705793286976242,-0.004714630236757688,0.006661387410572054,0.3715221453324022,-2.5897569511259544,0.5098585933272782,3.6790658083461207
0.005833869499288339,0.007072108206253508,-0.004691926991372265,0.006677597663089805,0.3753160657582086,-2.5850133860958757,0.5304658878777458,3.673644111195731
0.0057281193569605265,0.00725875468518839,-0.0044249913162344445,0.006897003368493483,0.4254954977106332,-2.5285029684882923,0.786170447766292,3.6224971967647517
0.005729648720451601,0.007237509397499931,-0.004440022113414518,0.006865066067573159,0.41844126103620555,-2.5263921863632794,0.7607866237035261,3.6116226442800428
0.00573545645072758,0.007220435836737353,-0.0044589956766493905,0.0068428672517083485,0.41341849049293616,-2.5289208715024336,0.7390665995914897,3.6108915199772036
0.005741796748863909,0.007204201868927427,-0.004478126047350165,0.006822267571511692,0.40887777469282144,-2.5318951756313104,0.7181646761809571,3.6113708238305153
0.005823711528944969,0.007085029649141363,-0.004669576590932801,0.006691574974342585,0.37866149628549284,-2.579577776821097,0.5496770273770116,3.6667227096920567
0.005771053576983561,0.0071659447457737245,-0.004545104085964734,0.006783710624540271,0.400004200159969,-2.5517571264169416,0.6634570312932381,3.6368514249719657
0.00576464626785965,0.007183358594930482,-0.004525612688646357,0.006806558332295189,0.4052371499661856,-2.549660694365377,0.6857592023027864,3.638047614015282
0.0057463417581336265,0.00718604820366727,-0.004495304696851305,0.006797199159978244,0.4031778489891192,-2.5324691046417587,0.6958009412623841,3.6069614596426907
0.005800543341378949,0.007130630728911484,-0.004610313683398744,0.006748746339628278,0.39184164777451186,-2.571083615778704,0.610982779949648,3.662833499227674
0.005806233155674326,0.0071142022189566645,-0.004627560177844257,0.0067264166342091225,0.38673700344552486,-2.571829272446909,0.5901268420398861,3.659812896558256
0.005814564371395445,0.0070989757743877765,-0.004648283297039015,0.006707754169825965,0.3824637433694434,-2.5752298660367696,0.5694116301485498,3.662171922174385
0.005777659252488854,0.0071504069303085435,-0.004563724122576247,0.006763863083112615,0.3955762380565613,-2.5542700578234796,0.643197633074016,3.637078141460685
0.005782471249430938,0.007133032440795425,-0.004580247202325896,0.006739697302796138,0.3900827693023013,-2.554331783196957,0.6217548874605848,3.632388596523793
0.005635492998824353,0.007410003626493286,-0.004183474273983239,0.007051156834081365,0.4583583751238036,-2.4495665873274484,0.9887661997038034,3.531317221118632
0.005612203667818135,0.007427953974956778,-0.004135925832311516,0.007057595246701186,0.4588238401326716,-2.426579954534446,1.0131842402419127,3.4955929474635075
0.0056172893682251,0.007410943127334993,-0.004155780803870836,0.007036878702950724,0.4543367064863601,-2.4315856515488234,0.9919674376906539,3.498002081739355
0.0055952462336823355,0.007432962493016179,-0.004107364667143092,0.007050260136996695,0.4562720540407299,-2.409947042304101,1.0205973564885449,3.4664486722094687
0.005643367300329061,0.007393086633980564,-0.004207311624967472,0.0070326569371083605,0.4544598447798477,-2.4570365440953985,0.967008505953136,3.5384668449272505
0.0056832755660972435,0.007300609423625946,-0.004329822515761931,0.0069258845340511395,0.4315344849284077,-2.48989697458611,0.8480012233997399,3.5650619074702123
0.005692023772051604,0.007284895042715372,-0.004353118063118389,0.006908829331721838,0.4278225640684141,-2.496616155322067,0.8272547325563765,3.5720891006855795
0.005645198610697399,0.007372240825805072,-0.004224633263151243,0.007002980140869262,0.44787602986735725,-2.458068720223754,0.941377084405253,3.5321974863492485
0.0056526452596921935,0.007353544188174466,-0.004248608649314326,0.006981114924173567,0.4431556873266969,-2.464387894984974,0.9175783460642556,3.536838822799949
0.005665598770904024,0.007335466759167845,-0.004280284133725006,0.006964527823419262,0.43983879523071095,-2.4758471217794207,0.893471882709412,3.5514646473252474
0.005674754347896788,0.007316485849981032,-0.004306629734878272,0.00694319971628305,0.4352519702763121,-2.4831635890021335,0.8688706483718202,3.558193125993148
0.005705256671466057,0.007266475866290405,-0.004384844221698663,0.00689096819337502,0.4240453881086807,-2.507110666545526,0.8020434654314527,3.5853251828679786
0.0055358921071570685,0.007549750918983922,-0.003931404579198105,0.007165051590708402,0.4778631572616243,-2.344045245536495,1.1638226617676641,3.394080089287339
0.0054545491841247575,0.007702215724920991,-0.0036873222979673646,0.007297010713920672,0.49818269716953495,-2.2375742586398104,1.339487576029857,3.268601977950351
0.005463005111217777,0.007688134460980333,-0.0037114915560728864,0.0072864340871102275,0.49694000334029026,-2.249001518600459,1.3240934125771722,3.282917675877641
0.005504327943523061,0.00762424418793669,-0.00382451020978616,0.007239346879515259,0.49131696481378156,-2.30196401472427,1.2526531788095987,3.3507899145574243
0.005509273145955661,0.007606601145891682,-0.0038465874041588403,0.007219686651912779,0.48745512056749035,-2.3099533789913345,1.2314635553911624,3.3570342411073724
0.005527476592130152,0.007569032420750278,-0.003903672297204245,0.007184388000962267,0.4814284373917928,-2.3333766936460845,1.1869676440649248,3.3830538718391305
0.005515795850681477,0.007588957720777828,-0.003870656200295809,0.0072013435826581715,0.48413435155171053,-2.319183361487607,1.21039678382431,3.3657877978005684
0.005485015704030792,0.007630354476246836,-0.0037927413307642112,0.0072294520431506895,0.48724666462083205,-2.2826442622655,1.2573239832190828,3.316899620010163
0.005481897908858247,0.007654423481357935,-0.0037673001557163854,0.0072592096551377374,0.49330499498920416,-2.274591300728169,1.2863505875391412,3.3140281268383243
0.005471321096063331,0.007673253082588336,-0.0037361389923008595,0.007274497411171389,0.4953580508821061,-2.260385085451429,1.3075150623952905,3.2967676580966656
0.005357943754158262,0.007944923083597214,-0.0033223935755598765,0.0075069336009370635,0.5255135771417833,-2.0625521791118064,1.5998734483774353,3.076140616975525
0.005356931922863569,0.007924604818137287,-0.003342837882889331,0.007481343591614093,0.520545829913925,-2.071256503824618,1.5753420889685257,3.079232572423939
0.005359929116903566,0.00790759181774396,-0.0033643922129194515,0.007463788153928729,0.5177337128601492,-2.081434753840916,1.5564725330131288,3.087889280699468
0.005365171141995458,0.007890837394575108,-0.0033882562236639577,0.007448710592791238,0.5157756874861096,-2.093130138079348,1.5387884467260096,3.099954182423712
0.005434533410690489,0.007700804384963796,-0.0036621254302234576,0.007275803768340915,0.4913826713544304,-2.2199001580658884,1.3331633758500951,3.233611456901119
0.0054262146030706095,0.007715210344083054,-0.0036379571581458977,0.00728671789664654,0.4925840172695022,-2.208500605130627,1.348519781117118,3.2195045072003077
0.005417383005138502,0.007729674377506979,-0.003613009571914107,0.007297059154688058,0.49355764291516513,-2.196521643656179,1.36364540672645,3.2043627896368974
0.005422956381970077,0.0077611455374982236,-0.0035905247292520033,0.007343395955907539,0.5038031126797949,-2.191742081439013,1.4031939319874864,3.213247845159831
0.0054091357504037485,0.007745040247186848,-0.0035879190785163425,0.007308980297779746,0.4949016960739841,-2.184652150948427,1.3798299376785967,3.1900036247691683
0.00537301699162071,0.007874262418184388,-0.0034150171334487514,0.007436350436646402,0.5147070905799892,-2.106725117280814,1.5222401405476012,3.116086317002818
0.005385079607030186,0.007855499020291463,-0.0034491766664258394,0.007425375181397118,0.5146368507181912,-2.1246180112779722,1.504484910274044,3.13946162938591
0.005392196263732126,0.007835713322712322,-0.003478089513749284,0.007407823645107337,0.5122668132765255,-2.1384916770398843,1.483336054259501,3.154249714678316
0.0054172196374890486,0.007778009402727612,-0.003566875620678639,0.007359497093507959,0.5063266156680674,-2.181113509008861,1.4219648913313743,3.202509495279681
0.0054110564454875835,0.007797603442830247,-0.0035398627321587242,0.007378493424035412,0.5092946889701802,-2.168949521465183,1.4437757416890469,3.1905307360113087
0.005399485827495131,0.007818118423275126,-0.003504867930443529,0.007392981750706022,0.5104675957239512,-2.1514599775314944,1.4646734305367473,3.168750184515059
0.005577833088136775,0.007438658951339725,-0.004077817505889175,0.007043514771785592,0.4538866037069151,-2.392970969544281,1.02858460520917,3.4370064590689764
0.005560743252924488,0.007449719823165578,-0.004044949863152157,0.007044735926772688,0.45304137411139755,-2.3762749870296203,1.042676968613255,3.410413708397556
0.005544097251517685,0.007506322114734706,-0.003977850048592935,0.007111034321881944,0.46661490100565944,-2.3566621881208207,1.1109584760609508,3.3978819918264405
0.005556993338428259,0.007471006038492267,-0.004023555828152337,0.00707204005800697,0.45891287485526394,-2.371617079073886,1.0682858901014105,3.4105824590659206
0.005546958749505714,0.007490958129755443,-0.003993906707305597,0.007091723235926745,0.46254508830474766,-2.3606872933969147,1.0923704862213446,3.3986615036683077
0.005533411317007723,0.007517227250201354,-0.0039541069871662565,0.007116924332768548,0.4670750575430804,-2.345432490800437,1.1239090724526601,3.381612615486597
0.005522009341212214,0.007532528451006435,-0.003925848446871334,0.007128229170414027,0.4686505913731715,-2.3329955824711974,1.1419393644460296,3.3650937721800847
0.005311793831446344,0.007966462941598846,-0.0032443823240965496,0.007484380746851793,0.5124982140660609,-2.015302258307703,1.6033338219514204,2.995058411226896
0.005337229688403586,0.007948383083416123,-0.0032938596909554197,0.007489415147820586,0.5184053546588628,-2.0441109719910524,1.5943724920604998,3.0409300606145506
0.00532110830931273,0.007952192009432287,-0.0032706276347889405,0.007477199867782593,0.5131008573534018,-2.0294915238722715,1.5912856827432726,3.0137886363091044
0.013316009926709277,0.01426041002694374,0.005962155752576192,-0.004638944995159469,0.1830037758726236,-2.2324400739347534,-1.1461952216654863,3.1600597202800356
0.013360631048819594,0.014253600633862343,0.005896610175502304,-0.004657029415511819,0.18088275657891717,-2.2353522757917172,-1.09414734139179,3.1482252411586775
0.013397164722027413,0.014228636422111298,0.0058537350645228,-0.004701119616407853,0.18165241194193713,-2.250865401533387,-1.0493186824416814,3.1619271892223146
0.013440036741189175,0.014234606915294431,0.005783997038918721,-0.004696965614762582,0.1783804040795213,-2.24262018483803,-1.0023189645415784,3.1330577753570084
0.0132526037625251,0.014285018449207348,0.00604602635705996,-0.004587758728099383,0.18369844080256056,-2.214905459702973,-1.222667294695685,3.155238346757027
0.01321537228294586,0.014311543568444537,0.006086806409820269,-0.004537646111937069,0.1827023613329613,-2.1942461551644623,-1.268110453144777,3.1349083729951306
0.01314489064210616,0.014353411044847655,0.006167267340582504,-0.004453524698815325,0.18168747920869158,-2.158624970542616,-1.3524250467503889,3.103929674473019
0.013189327925883187,0.014347592843067906,0.006102780723989736,-0.004475075317423389,0.17951348630027686,-2.1660425367570277,-1.2998231362217103,3.0968551913980544
0.013296326190818086,0.014297737435135396,0.0059700586297887345,-0.004577187882543471,0.1795180012725658,-2.20533092473694,-1.1725654269237797,3.120543679687069
0.013047466316338088,0.014438442174462777,0.006252749255333167,-0.0042912044692730794,0.17683436910401326,-2.083285388240649,-1.4643819536956022,3.0176404589515333
0.01312134504027726,0.01439465262277252,0.0061736571275223485,-0.004382967087039586,0.17776275252265164,-2.1254293133521283,-1.3795430457994542,3.056243998057759
0.01309522315968939,0.014425188467342216,0.0061906873544745585,-0.004328039317696222,0.17518096550912504,-2.0997259475565726,-1.4088225853949448,3.0233100113523417
0.012845367224044361,0.01452938145833458,0.006478298359448771,-0.004067791218977415,0.17693566539249883,-1.9702873876243918,-1.691933409812919,2.9264715033378264
0.012828222754185372,0.01456743456505419,0.006468676142856753,-0.0040033582227783394,0.17300983565152409,-1.937511173977543,-1.703479119065235,2.8767999020717387
0.012891049148739786,0.014525928824128639,0.006413913624665706,-0.004094960655654605,0.17460545957778326,-1.98563412017516,-1.6380598119929213,2.927105972703252
0.01300752033727604,0.014479934187292667,0.006279809006602182,-0.00421365722260212,0.17357992048136206,-2.045664820002212,-1.5072942408891115,2.971071624530421
0.01293780881939034,0.014521113125608297,0.006349072807320832,-0.00412334833066168,0.17244264676081725,-2.0008108319163624,-1.5835105852753155,2.927979655641287
0.01297988343669212,0.01451209968767691,0.0062945452866174,-0.0041546803111267815,0.17092490550176442,-2.016656044761459,-1.5355593982815896,2.9337422814233487
0.012757728199254201,0.014593387337580177,0.006546427558530274,-0.003928237533329072,0.1737521688571678,-1.8955395220164382,-1.7800580747695458,2.844108840219574
0.012806364118879025,0.014603906361698829,0.006466491395098878,-0.003939345943645351,0.1695745659069797,-1.9045589358378552,-1.7200595284773816,2.8297465239363855
0.012726267971682402,0.0146272033182566,0.00655865478454945,-0.003862029384570597,0.1711653095713831,-1.8601480020031642,-1.8069279455888927,2.7989670080593547
0.012538775555118405,0.014741558259461147,0.006700375592002191,-0.003585163332395235,0.16718985582180165,-1.7006436126902322,-1.980225703908108,2.631246788279418
0.01269074681671233,0.014659499181282629,0.006576847525432999,-0.0037955909176000864,0.16900453579002786,-1.8239168870110862,-1.8377609158636796,2.755163059058543
0.012656451075374709,0.014687226493162151,0.006596652176645157,-0.003736119465851681,0.1673720652526434,-1.7909033841987505,-1.867616076451408,2.716758393884066
0.012621229321918953,0.014718649011749178,0.006612755339247766,-0.0036708014078377566,0.16565172604050013,-1.7545816009457893,-1.896132577964812,2.6728595132147768
0.012591352182186176,0.014753034494132521,0.006617261464482732,-0.0036049004743738664,0.1625896106742626,-1.7184104982400117,-1.9162974961493513,2.6254925761607915
0.012509446990276766,0.014767972469955879,0.006710780857804193,-0.003529403590073059,0.16507427936946245,-1.6688260340425631,-2.0013648837226787,2.592379760502665
0.012416854869027182,0.01474436409724718,0.006861004510147935,-0.003493261575975015,0.17385530064009738,-1.6331931618170674,-2.1167951661016864,2.6006349432270213
0.012464921685139525,0.01476190676920739,0.006776803509885931,-0.0035056571042561824,0.16858681354599955,-1.6491513154089412,-2.0538286833348525,2.590220705212833
0.01237628167491468,0.014771821396399305,0.006882681689811279,-0.003425527301181043,0.1722084788246367,-1.5920590051235235,-2.1480672681294717,2.5543126484420466
0.012153922915407568,0.01483368548848389,0.007090605234697185,-0.0031580887363909693,0.1770931913387019,-1.405960324995159,-2.3546136766854873,2.393927711883364
0.01218685510257995,0.01481708944069023,0.007070890487967656,-0.0032085076315459906,0.17761078283317158,-1.4392460054251783,-2.3301985747359484,2.428875717067729
0.012250511657320464,0.014790897829990088,0.007023144929985715,-0.0032975546819751047,0.17737060594294365,-1.4991816124195714,-2.2771554595035366,2.4874168939540255
0.012222230264117196,0.014813616927556564,0.007030626827374683,-0.003244112058822391,0.1755434692590409,-1.466542274979252,-2.2938345595541016,2.447945196943425
0.01207935594333356,0.014883860374637348,0.0071154388739590475,-0.003027838524777251,0.1747827093165025,-1.3229355660543691,-2.398136153957227,2.297820784720177
0.012110813885851827,0.014885957282896718,0.007074911016449495,-0.0030546721017852777,0.1724666776923631,-1.34616988704199,-2.3640886781015165,2.310893582835016
0.012147108599704137,0.014876974765581273,0.007042745056496636,-0.003098711558168219,0.17168854781652623,-1.3779664533760558,-2.332539628574788,2.338564124274099
0.012342922514561568,0.014818781514819026,0.006870303843854235,-0.0033381585339189407,0.16812441829491834,-1.5432974631061025,-2.1594776438994283,2.4855549010908073
0.012293934443812111,0.014808973783011175,0.00694499749976115,-0.003310963940984116,0.1723370131589849,-1.517910548882215,-2.2183571144914964,2.4809360672118896
0.011994145039733959,0.014892003452157897,0.0072052920458565775,-0.0029357346395662855,0.178891886310949,-1.2503927239920125,-2.479043695451297,2.243175802865746
0.0119736186626331,0.014910257062417394,0.007203916916618078,-0.0028940758126504954,0.17712805120165545,-1.2247622226159642,-2.4855768502554874,2.2103647307507295
0.011941055339905807,0.014911783999288077,0.007239253616525727,-0.002859493711817269,0.17928988340989765,-1.196376734675123,-2.51673741388571,2.189617206729062
0.012049286436287325,0.014895826919907342,0.007135185861119721,-0.002984989406216309,0.17464429231158787,-1.2933985996044977,-2.4202957663911824,2.268435496450174
0.012019688269158835,0.014907224044598048,0.007154536456090497,-0.0029430294716138467,0.175084083168397,-1.2642170857508013,-2.441810946787964,2.239527467279925
0.011899382756350208,0.01493836284578504,0.007248903732878619,-0.0027866495877476066,0.1778620171518742,-1.148753440209415,-2.536117926328448,2.1343317513168745
0.01182784439190146,0.014955235858298527,0.007303587755116103,-0.002692810234303979,0.17998533346952786,-1.0779045774005007,-2.5899759338632227,2.069745403261799
0.011868147701695716,0.014969652340576909,0.007238915189205382,-0.0027196362897925134,0.17518418149380588,-1.1082971381065987,-2.5404298746978955,2.080145850391226
0.011724555289899909,0.015003212113919173,0.007342187862486066,-0.0025294552343717728,0.17898472704709567,-0.9641310914126671,-2.6419693327696483,1.9472163852787259
0.011792290230319458,0.01497816368206057,0.007308393271470409,-0.0026298837903229056,0.17853741916848323,-1.0365809856406811,-2.603229635744047,2.0210636114175604
0.011755378789492068,0.014992837475899684,0.0073256901167196575,-0.00257420451201134,0.17876624233852637,-0.9968569674282076,-2.623803912275669,1.9799314962000916
0.011665559690973028,0.015042590883342265,0.007342572615291669,-0.002423809926310066,0.17680237283117625,-0.8949489542202189,-2.657248370090932,1.8639690876271673
0.011702441945324245,0.015031402860014741,0.0073226209477651825,-0.002476238915794992,0.1763637780994332,-0.9338192480430648,-2.636078729171967,1.9022795404179256
0.011236537792363836,0.01506789488282867,0.007684337755377497,-0.0018744106537747333,0.1986205327708157,-0.43042345342996313,-2.951618373410456,1.4690575770123593
0.01120844915157882,0.015069862256520442,0.007702881055016211,-0.0018355927352001395,0.20044865028601172,-0.397467809550111,-2.967184199921029,1.4397731705895531
0.011183177319912443,0.015081421079491019,0.007702461714538684,-0.0017929969140076838,0.1997771483026526,-0.3674295810713056,-2.9698901163196707,1.4053709623923987
0.01115605437746433,0.01510034485140452,0.007690321123944777,-0.0017425989013543468,0.19830893476402214,-0.33526243005487405,-2.96499195218752,1.3635181019923992
0.011127755615824983,0.015116021400344307,0.007683962250507922,-0.0016933179532664406,0.1973736909167312,-0.302042260658209,-2.9637292851895953,1.323152150405515
0.011637532715747276,0.015074140916252324,0.0073222954435785345,-0.0023614763991107574,0.1737845015244461,-0.8585069732136541,-2.651754747670583,1.8117463223364612
0.0115863855467247,0.015086707229929459,0.007351690313620314,-0.002291264204583771,0.17493546286327746,-0.8050674134828614,-2.68107293258419,1.760501869005978
0.011301984553797297,0.015095420107279812,0.007586144646235776,-0.0019376545113875706,0.1902290011121266,-0.5030738009442369,-2.8792439694019336,1.508665900585548
0.011330451434479688,0.015093825668254776,0.007565587707375973,-0.0019752332424848354,0.18886589156986075,-0.5349232889379695,-2.8618728204909254,1.5363241715431315
0.011468217824774625,0.01506236618170958,0.007497979693287836,-0.0021736500090888985,0.185521754367077,-0.6894568825658848,-2.7956075173240524,1.6866194474693412
0.011412211560858724,0.015073699738231689,0.007529254123176697,-0.0020947926174239967,0.18723935890317145,-0.627379674319112,-2.82547945670331,1.6276421448419072
0.011442194457706972,0.015081457042004446,0.007490644302633617,-0.0021249243513064365,0.18397378287225152,-0.6582139453453275,-2.7958559759593395,1.6468734556446083
0.011383749320130579,0.015095563699199894,0.0075183441854107585,-0.002040715903084439,0.18535197745744117,-0.5931769017879384,-2.8233686523253554,1.5830092590689124
0.011354194776569626,0.015106027051641383,0.007526094780401715,-0.0019950929755992147,0.18546224176609225,-0.5597420973957986,-2.8329597619532905,1.5476550857520002
0.01150187862731797,0.015080454974779917,0.007439062057838344,-0.002197968013035861,0.1809030551132056,-0.7211404702844505,-2.7522338615138895,1.6982851366763494
0.011539462671586991,0.01508917928947374,0.007391280936500897,-0.0022344839078171264,0.1772148413548621,-0.757582603986827,-2.715274724978643,1.721026471373112
0.011264080040277307,0.015091955351125242,0.007622191252010508,-0.0018915631627160008,0.193326273086849,-0.460578063802556,-2.9077068048611343,1.4758243138600768
0.011288709223493898,0.015120839567479111,0.00755485286911192,-0.0019004006955162709,0.18702523875273747,-0.4859627052401211,-2.86112175890433,1.4752627060966252
0.01086957215277554,0.015124116059279848,0.007835072678564871,-0.001329423018597397,0.21065983857515916,0.011233969667793019,-3.080483664664778,1.0435570197325317
0.010897728700106487,0.01511324888129577,0.007838353549641373,-0.00137595915891743,0.21108277133057815,-0.02205126624074784,-3.0816338565275214,1.081507936079448
0.010922812966202343,0.015101311990681461,0.007844814513074184,-0.001418894054157214,0.21191427851733055,-0.051535468324603935,-3.084835662735865,1.1168747606830358
0.010941020803939326,0.015091554154361503,0.007851160981339918,-0.0014508420382171297,0.21273093778061636,-0.07293214708810192,-3.0881805631627928,1.1434141549975376
0.011011631005078376,0.01507816563572994,0.007829803127041344,-0.0015595460165175273,0.21094020137994843,-0.1594845463840707,-3.0697238628017605,1.229571120254097
0.010960776600231354,0.01509112968355769,0.007839598101530785,-0.001479225072433164,0.21151576368275296,-0.09762226918511484,-3.0793905319494037,1.1653613738789053
0.010985952344516095,0.015086217969771895,0.007832299013761776,-0.0015180306648976871,0.21104116553578098,-0.1284271781935333,-3.073057850872896,1.1961602450771416
0.011038475470578771,0.015099055068056536,0.007775076482817117,-0.0015831478270169914,0.20554754687044927,-0.19426742166957225,-3.031439920800334,1.2432802091777424
0.011058319406781033,0.015125250409879524,0.007716115301123472,-0.0015928777311162983,0.1998207448812723,-0.21994891408501563,-2.991029221426042,1.2454035117183508
0.01109126736246783,0.015132079023901901,0.007681960210009652,-0.001632952703001529,0.19649473273611479,-0.2594619311853148,-2.965883378087539,1.2743992213194975
0.010071501715429683,0.015155959563232157,0.008023705088109718,-1.115216193294932E-4,0.2369713996648284,1.021836052087825,-3.1520653705155017,0.07790125049339523
0.010105134553696209,0.015166688818103161,0.008001250344862836,-1.6307825004349973E-4,0.2337539989705048,0.9713233973419052,-3.143015533720302,0.11798659326077375
0.010156352955245584,0.015185042167182907,0.00796198325549852,-2.4037469636086525E-4,0.22867133759188768,0.893919243317552,-3.125306892695357,0.17786518686359745
0.010131655369301967,0.015191129489784495,0.007952722303571984,-2.0201435959107903E-4,0.22781412991136876,0.9206030379168545,-3.1156579658561125,0.14709433136088504
0.0103511279562463,0.015168637880917763,0.00796071672378221,-5.409452936164333E-4,0.22619219476042066,0.6570024649580865,-3.147866432460297,0.4172236636609719
0.010327022752153728,0.015166236969505411,0.007970635874040429,-5.046961952806635E-4,0.2277224136449906,0.6891788981169527,-3.1520212006530555,0.38876114987291005
0.010305085922301413,0.015177648325434986,0.007953638276404771,-4.6884468915145546E-4,0.2259283429634358,0.7106467312718384,-3.1385286478467758,0.3592080892240221
0.010260716623383707,0.015176499364467631,0.007964024039157927,-4.013195942830467E-4,0.22771215448729545,0.767682490121682,-3.140316526615561,0.305879854356725
0.010239250066955493,0.015188163217708476,0.00794547051786912,-3.666416757458142E-4,0.22554579424487814,0.7876055777124306,-3.125597855862944,0.27751393295169163
0.010281109008421972,0.015189265575680828,0.007936325025726724,-4.3013429152448883E-4,0.22407627762775748,0.7342214981472309,-3.1245633308551852,0.32757447354052377
0.010178375065772575,0.015198311492312652,0.007934509780018965,-2.725760900927255E-4,0.22513544839082175,0.8574153615787871,-3.1105466475791554,0.20235943575365825
0.010221609304496896,0.015204419372332533,0.007917469735308352,-3.3743770164469303E-4,0.22283071632895893,0.79960129528367,-3.1051274924135206,0.25300957591975853
0.010200738900159604,0.015209891868182349,0.007910008160259007,-3.051006378573368E-4,0.2220410011892313,0.8221074269588067,-3.097629393315036,0.2271266664033303
0.010047508231774834,0.015174821364971636,0.007988464443895693,-7.366196922273335E-5,0.23311379210214797,1.0374581016308346,-3.1251694067366462,0.04683438400668863
0.010000488243969888,0.015186552390709058,0.00796667559267583,-1.140255219101467E-6,0.23116262340317387,1.0863828302679865,-3.1027851757283496,-0.010862758147563626
0.01002634490287629,0.015190067928468859,0.007959867095995833,-4.079177564419153E-5,0.23001178743451695,1.0519224126204716,-3.1030803921555354,0.02006253980620317
0.009978841959820987,0.015204816868988315,0.007931778235634096,3.174450068363951E-5,0.2273928254878204,1.098282557283602,-3.07654580025781,-0.03763591836103292
0.010839685184359153,0.015134905137270428,0.007832285998240119,-0.0012805888625549615,0.21027153900173237,0.046469474287718714,-3.0795033634478615,1.0038474206867507
0.010611779474181637,0.015156046718848284,0.007901686553588161,-9.375286828507571E-4,0.21779243973982948,0.328878563148989,-3.1251975043400355,0.7323077374472787
0.010634900717668375,0.01514816282906985,0.007906781255955972,-9.750755402745708E-4,0.21845272187089473,0.30213748817124664,-3.1292269027111868,0.7629309372667342
0.010661056467773385,0.015138349550134565,0.00791373057199308,-0.0010180582294652982,0.2191251235426823,0.2719848040585997,-3.1344704600330937,0.798168715127482
0.010695385117526891,0.015138415509817219,0.007898277031588836,-0.0010687950824539315,0.21721450492112027,0.22805911014250838,-3.1246250948672105,0.8379978467037086
0.010723953298195562,0.015131826080279187,0.007897032890093365,-0.0011139532835146952,0.21714140857061717,0.1935819185967316,-3.123995588298632,0.874374613629418
0.010593598713458267,0.015179296450640995,0.007866014341505615,-9.015173408857617E-4,0.21415124843236816,0.3433723936538455,-3.1008705773901,0.7008760435734479
0.010772743913036691,0.015135670466200199,0.007866055177898105,-0.0011834475205966396,0.21378596774398215,0.13052989082645147,-3.103187902959078,0.9280817346845996
0.010805731573244125,0.015145866853117602,0.00783065983330373,-0.0012259406027194245,0.2099871234542195,0.08652979897844318,-3.079169386368128,0.9596037868803
0.010747698587155142,0.01515378857012788,0.007845564585116612,-0.0011380839558648272,0.21154600158662387,0.15739455496132693,-3.0896789744375854,0.8898375047545289
0.010533297889770712,0.015170630365916983,0.007904116225813428,-8.152687125521059E-4,0.21855308684587071,0.4231848657570801,-3.1236069064033916,0.6340260096534487
0.010560439451449091,0.015194640752776099,0.007850207994238355,-8.469694027350259E-4,0.21259674350339688,0.37926143820722885,-3.0891620586250887,0.6560818582076555
0.010481062534314661,0.015155581003676434,0.007949578886347024,-7.418270505899868E-4,0.22391028924347145,0.49663868281138074,-3.150835128135221,0.5778139539264534
0.010449507278498893,0.015160832858446034,0.007949427506652203,-6.924697468029558E-4,0.22406817704795204,0.5347335693012604,-3.1486044928942793,0.5381462593093586
0.010423259585961442,0.015175653088799744,0.007929190718693769,-6.485548039769478E-4,0.2221970062442861,0.5610887587177894,-3.13321406863418,0.5017414699044053
0.010396991791577567,0.015183572742181413,0.007921416366182203,-6.068082296703917E-4,0.2213283998399054,0.5905259200619491,-3.1259594684202985,0.46786604838726803
0.010503808261676921,0.015181051467990541,0.007894766411831287,-7.677548699082282E-4,0.21769885439424705,0.45620615809859766,-3.1158492481994764,0.5953133420304672
0.010366983235631969,0.015189859595057018,0.00791712314728473,-5.600078278927724E-4,0.22125805117081906,0.6253387565233125,-3.120519555855317,0.43012860819519844
0.009785606027138547,0.015143229656561726,0.008033313953709627,3.3452230304853155E-4,0.2427003100823862,1.3859314615237202,-3.0986739023257424,-0.2718251024083231
0.00982472562581596,0.015144760611129869,0.00803570633829588,2.734381992041853E-4,0.24235344081176732,1.3373043039177153,-3.1096639244752833,-0.22423124030548205
0.009803818895622554,0.015146694607420675,0.00802925308216801,3.057141889345653E-4,0.24182516828156111,1.360683285651547,-3.1006001556023857,-0.24945813885794063
0.009713382660640866,0.01516394784898731,0.007981040120704094,4.424714195613092E-4,0.23722203329964633,1.450725665904363,-3.047813709144767,-0.35604850338550526
0.00976667100561756,0.015150371734023692,0.008016614388652707,3.627858780895425E-4,0.2408762071060563,1.4015484130945894,-3.0835146239769635,-0.2940171109433484
0.009741338365018816,0.015158008001421775,0.007997648814148479,4.006156677003057E-4,0.23894662799215552,1.423983496615442,-3.065337619960276,-0.32354444152693157
0.009839244512810888,0.015164750186993982,0.007998998074404434,2.485613592382126E-4,0.23752334207853945,1.301174936614564,-3.089965695281713,-0.2055564358363118
0.009904602947913253,0.015170069600992162,0.007994712853255039,1.471334349915598E-4,0.2359512454785169,1.2173501361075327,-3.1016540351677673,-0.1264669000109044
0.00988032499230848,0.015171049331423,0.007990979049466856,1.8453053449897714E-4,0.23582806398981368,1.2458795376625766,-3.0940835865279515,-0.1557101371369126
0.009924145861890605,0.015193902569845166,0.00795047446139995,1.1562983264882324E-4,0.2303195020090383,1.1732311136381226,-3.0777291034524783,-0.10277032868868137
0.009859224749108391,0.015185191686850123,0.007962065591052307,2.1566733732549092E-4,0.2327601573517827,1.2586944687257693,-3.0712638190153307,-0.18060909937083533
0.00994872629992271,0.015217706355993002,0.007906604206197864,7.711316448115906E-5,0.224888293702729,1.1242589512087868,-3.054933658934305,-0.07376188389342188
0.008732799862957268,0.01498214174652862,0.0077984531157418045,0.001982907210024073,0.22271524301200304,2.625038433421114,-2.538142964028125,-1.4749530483568662
0.008521040054451449,0.014919306523900968,0.00771186704954597,0.002317930553104947,0.20994690486775053,2.8502252345230485,-2.363134433266007,-1.6911558098773187
0.00855150980165054,0.014928154125482904,0.007726666050857729,0.0022704469958727855,0.21218753802433657,2.8200156010158515,-2.3901727066709104,-1.6614654684026973
0.008581935881415518,0.014937173152149345,0.007740463774965082,0.0022226430374114037,0.21430987509675908,2.7888949688258036,-2.4164986397061803,-1.6312353621001408
0.008708294895463623,0.014985430224360004,0.007771580703738783,0.0020128889630160614,0.21910174148807818,2.6350192754616875,-2.511615885811732,-1.493058879695761
0.008680055762254441,0.014980136032869252,0.007756126108559699,0.0020549847016179904,0.21697711009921855,2.660974619493349,-2.4875308692027693,-1.5202076160745521
0.008648525029906132,0.014980901331648692,0.007726707531174672,0.0020957020802240766,0.2129844717123818,2.678124544673984,-2.455498414394263,-1.544890293198096
0.00858884664826454,0.01497075051613857,0.00768947907208007,0.002182118139821811,0.20768724299574506,2.7278389926522184,-2.401853474323946,-1.598971909326602
0.008618506431197968,0.014977347235071478,0.00770559760559559,0.002137896646920667,0.21001564468102643,2.7008475789533155,-2.4276892569418105,-1.5711057278214957
0.008234899081611338,0.014772913152677923,0.007642006451350797,0.002825888809462155,0.1951217950358912,3.2186160156274144,-2.108235465836254,-2.0062852875629393
0.008245338523383503,0.014785233790905978,0.007634558482414325,0.0027991659912383893,0.19432196074807687,3.1926915136588767,-2.116110519146922,-1.9886172834482252
0.008213753267645047,0.014776602596245594,0.007610822282641199,0.0028458145690733977,0.19041882555428583,3.2153305512113834,-2.0814272873481627,-2.013763317692053
0.00824833279505814,0.014802160193524741,0.007610872457963711,0.0027757990001522695,0.19138487695914289,3.159546459794108,-2.1130731149190045,-1.9705835124950168
0.008278859881760693,0.014811783287517288,0.007630805258370073,0.0027291017462729335,0.19475137621286182,3.1342629981146453,-2.145213263616377,-1.944452916817804
0.008258041777157908,0.014819897322584338,0.0075937149560525085,0.0027439555578996524,0.18951354772758253,3.123817476959761,-2.117580860839087,-1.948245824589611
0.008350835475159461,0.014849673324276386,0.0076501606857722225,0.002601012174577156,0.199047578106569,3.043110217659948,-2.21188825514507,-1.8665130339952174
0.008474437009678397,0.014891245780337918,0.007712425349433875,0.002404988548675401,0.20932483604985067,2.9213004713051434,-2.328997940786292,-1.7483247180813797
0.008441263125049754,0.014882476588349784,0.00769282591878162,0.0024554437841587035,0.20631987793540982,2.950813359668142,-2.2971588000263448,-1.778732029352476
0.008454068633593976,0.014894297678714051,0.007686315428876332,0.0024272753527927217,0.20549841928736204,2.924322281170219,-2.3048373061044725,-1.7596778175286736
0.008365662452978467,0.01487257221651787,0.0076287851197778065,0.0025582042328652463,0.1965786351092391,2.996305190719183,-2.217744377225598,-1.8364747145805858
0.008395471140048641,0.014878773655287475,0.007650623306893533,0.0025155509831513065,0.19999021430446318,2.974765337333061,-2.248035039798189,-1.8121226992052686
0.008420012547011167,0.014886802668886675,0.007663319056648782,0.0024771004284967787,0.20201079018462306,2.9512275514902266,-2.271187233981737,-1.7890721202897788
0.008309552516050813,0.014828709101003314,0.007638363242089539,0.00267363403112823,0.19655879934990692,3.0943721274636093,-2.17383505426119,-1.9107829641824339
0.008290797180309313,0.014827550876640944,0.007618961781686995,0.002697050670818549,0.19346249678673627,3.1015231589153798,-2.152580913655893,-1.922687699579368
0.008324390496895505,0.014847099977946969,0.00762506746354194,0.0026354149212035596,0.19515984273559553,3.055873505663229,-2.182817411985837,-1.8848328098254596
0.008489561725327291,0.014912667277433784,0.007691658434231849,0.002364241969868804,0.2068484629561194,2.8762889598668764,-2.33315669325448,-1.719211628257833
0.008499516063699718,0.014944754401733882,0.007647673232264015,0.0023198139900044087,0.20132329974643573,2.8157440651492998,-2.324997832569825,-1.6851661079030704
0.009683243095106412,0.015169534305095135,0.007964149639041145,4.874377922631042E-4,0.23555293680166392,1.479822605073528,-3.029433579903848,-0.39074654198023584
0.009658313978048292,0.015168072869096178,0.007961310072128568,5.257817023783995E-4,0.23562439095971488,1.5097468651064974,-3.0208729155307874,-0.42014763337234096
0.009614315682350218,0.01515691340476445,0.007971595383355005,5.956375013660185E-4,0.23759699888188676,1.571341525242345,-3.014580351284396,-0.47364676072776973
0.009633419350675035,0.015179684704992622,0.007933297163580903,5.607784154071754E-4,0.23253074915897984,1.5258630047119386,-2.997004104702523,-0.4470633818414493
0.009583157808243765,0.015161345569528868,0.007954633382236757,6.418219919856976E-4,0.23587436318704397,1.6014107997327829,-2.995219515623293,-0.508858274664803
0.009555849063427418,0.015171589426112348,0.00792727851447114,6.801076076460916E-4,0.23288637471260834,1.6203691456406302,-2.970729673491173,-0.5378460700947345
0.009501037231985027,0.0151248310085414,0.00799833560031822,7.782644663338876E-4,0.24278403952636277,1.7332573888709961,-2.9953393180976806,-0.6127380824500485
0.009477071294643436,0.015124766900016939,0.00799002809473365,8.148066605681606E-4,0.24203863681294568,1.7594247254554027,-2.9824506981928107,-0.6403118363333561
0.009350800409834844,0.015120899107141953,0.007946698396074802,0.0010068246085098457,0.23814239866182554,1.8970887226688922,-2.912642459717755,-0.7838370481565535
0.0093729663251154,0.01511546996694788,0.00796659855863165,9.759626100526827E-4,0.24055853901706653,1.8811232328566039,-2.9321808330549266,-0.7611713322830785
0.009451461464133488,0.015121985695784813,0.007985892614886102,8.547437486684776E-4,0.24192814758205336,1.7903776685972264,-2.97130627757024,-0.6704487353094857
0.009396209526113005,0.015122586861731492,0.00796292746566747,9.380233304855551E-4,0.23962193974869958,1.848114843135728,-2.938584312362178,-0.732674758004952
0.00942404154108903,0.015126093697092025,0.00796752818651079,8.946613641188558E-4,0.23993620330113474,1.8146119480053307,-2.951139458977794,-0.7002263144683419
0.009323682223705415,0.015124517274781061,0.00792768005069548,0.001045591322883519,0.23607119566010556,1.9199037671954746,-2.8916955116188947,-0.812221144501207
0.009514414937464771,0.015149251230814764,0.007956422659338049,7.496952581352725E-4,0.23713995640438942,1.6905132355762944,-2.974996691614383,-0.5908209973555247
0.009529881873798938,0.015173424835403388,0.007915801361568747,7.185653235865764E-4,0.2317616661101942,1.6465504726847724,-2.955934483793547,-0.5669249808526925
0.008925954581212928,0.015025613629509575,0.007873803976901976,0.0016821718841823993,0.23261874798484045,2.417681540746377,-2.683219915512194,-1.2713331768876313
0.008939271660240684,0.015055551044665903,0.007829201942452279,0.0016418905502270946,0.2266998951833604,2.361443074217707,-2.6687772460935975,-1.239998217987164
0.008897298020978063,0.015030461313804163,0.007843875390633246,0.0017187527049397748,0.2287529539730859,2.43220693708694,-2.6535602822073927,-1.295131471572982
0.00886823418791957,0.015026961996446125,0.007828249734042699,0.0017617519053836504,0.22676446899555147,2.4593567825663674,-2.630388193303609,-1.3241712235958418
0.008835671574695253,0.015029657887265721,0.007798310530283017,0.0018044619361014572,0.22291140016388858,2.4787000732633584,-2.598531387798942,-1.3517526154522377
0.008778444516950638,0.015009249938036373,0.007788761461009766,0.00189862246539218,0.22157846501971923,2.5507969186202692,-2.561385395391927,-1.4162364862621488
0.008753113309058595,0.015005530488383587,0.007774387171311763,0.0019358446060720369,0.21965066363585817,2.5735430428611825,-2.540125623567333,-1.440624548028808
0.008801628100056205,0.015026842271593115,0.007776413930744201,0.0018530115800388454,0.2199344648138579,2.5069182992178978,-2.569421960470969,-1.38371980323943
0.00916666261295925,0.015089385131383557,0.00791273156199719,0.0012949865957438656,0.23603036328362137,2.1179351639242765,-2.819482846967254,-0.9951575924779557
0.009281603470731089,0.015102411010490986,0.007949176562690771,0.0011186327582503308,0.23943764262362774,1.9903736013601778,-2.887259856410014,-0.8669047712002612
0.009196448739397178,0.015097167961523337,0.007914832362382364,0.001247087657976709,0.2359996451278021,2.079490377177238,-2.83343476473993,-0.960247220435328
0.009226214546348177,0.015096440195295088,0.007932160991910379,0.001203722191542855,0.23793359758654511,2.0522407589626948,-2.8553257959297262,-0.929095516110774
0.009255133851697829,0.015102357447227937,0.007936059815863525,0.0011579332346657275,0.2380440278174034,2.0164038391626558,-2.8693547949279843,-0.8955356644738827
0.009124336733597728,0.015112821147518274,0.00784516084133058,0.0013427048479862358,0.2274710452665882,2.1240357111323607,-2.7651780245517514,-1.0271513965509511
0.009149725183243808,0.015118585289028012,0.007849252244529285,0.0013029644519811122,0.2276852995455989,2.0935108374387474,-2.778390014919117,-0.9986069652146302
0.009296188140802826,0.015128439473831532,0.007907500806101057,0.0010844515381680851,0.233809424090989,1.9422059728450514,-2.8698789252039565,-0.8404870814140174
0.00910499523590412,0.015126745980598707,0.007808389531319912,0.001362058317583035,0.2228941527446057,2.122044464945601,-2.7375745749145697,-1.039531021449168
0.009069525352702558,0.01509009309440737,0.007853564447706365,0.00143481099548373,0.22914824497226904,2.2037026598339184,-2.744763397211924,-1.093860831774786
0.009080665273285814,0.015124154271607999,0.007798487592338184,0.0013980215422639364,0.22182860291085338,2.1465638716051334,-2.7216404680670165,-1.064894253153458
0.008967033897588862,0.01505903246586192,0.00784244068182669,0.001600530819454462,0.22819527493890804,2.334188672311431,-2.6894435019520935,-1.2114822048198859
0.008994135296650108,0.015060400747950044,0.007858578875448552,0.0015613426730885554,0.2303502875287524,2.3102195497977664,-2.7109664762436725,-1.1846224378362875
0.00903488037959488,0.015088332870085474,0.007834760760900152,0.0014851672322756945,0.22695477668298494,2.2356137258289768,-2.7189412046806045,-1.1289489782225652
0.009008340780593265,0.015083031598185661,0.007827005308427025,0.0015260967273872908,0.22600084964804132,2.265245241297124,-2.702310523893715,-1.1576768259216172
0.008950955339107529,0.015080290225226481,0.007792929424738404,0.001608185412415582,0.22202263910840644,2.3153624521052194,-2.657160962402678,-1.2139940041955497
0.00478031365871978,0.010261022595053959,4.017138677323089E-4,0.00805920948437495,0.07443489285967231,0.22819668838209167,2.436363448199385,0.42984364320149726
0.004781813077787947,0.010290114525784957,4.4644443361183296E-4,0.008056465478235117,0.06625972505899631,0.25765236411267306,2.436640217597652,0.39950829408813215
0.004768738779546456,0.010326752477217897,5.000194625017614E-4,0.008035452023162576,0.054179505288172065,0.29190930368816864,2.4245747640267585,0.3577478637884675
0.004772839413788418,0.010366865472972824,5.61631823878737E-4,0.008032372757670788,0.04327284999138519,0.3328064887505597,2.425383858560217,0.31655562222508554
-0.004997577681443309,0.010944007274145415,-0.0015230389483929022,0.008075323913076088,-0.11484626131919395,0.9701220715991558,-2.4957471384432366,-0.25331125369445945
-0.004991378204456076,0.010967796118686998,-0.0015553859600310473,0.008055162518971521,-0.12101091065323731,0.9922534347839287,-2.4833272617174056,-0.2793100474279157
-0.005000045181410642,0.01105726413582063,-0.001693072320256453,0.008013314750134835,-0.1445832602226839,1.084991094467641,-2.460230164296318,-0.3724994138994116
-0.005000737170554392,0.01108708877527174,-0.0017371379935068917,0.007995831816859589,-0.15196824493294048,1.1150731035457124,-2.449921084807412,-0.40369060163960196
-0.004986559151289129,0.011071136530964755,-0.0017051695933963816,0.007989506763474244,-0.14714956119678005,1.094328822505707,-2.4442193726697243,-0.38843191641779606
-0.0049954256770846145,0.01104104242944144,-0.0016664468918396482,0.008017755221373732,-0.14023884533980815,1.0672054827417385,-2.4621999792254994,-0.3559797901045059
-0.00499619584044197,0.011021279423100166,-0.0016377272069539731,0.008030283280779827,-0.135247957366181,1.0476294036817981,-2.4696516438487826,-0.33512503230651974
-0.004985924541097313,0.01098903316923655,-0.0015840049873485813,0.008037023788649773,-0.1263522576126268,1.0119360056463218,-2.4720693011759987,-0.3024073278365434
-0.0049832480466851245,0.011007961145980648,-0.001610527435193627,0.008023172545846797,-0.1311566676272704,1.0300676758751355,-2.4636376857546183,-0.32261857316093795
-0.004903317099732026,0.010737946520721768,-0.0011660307018777855,0.008065614748106463,-0.05579003369131014,0.7354667678566295,-2.474577565133686,-0.049396945797205154
-0.0049054489891131375,0.010765425672534126,-0.001208528809348748,0.008056378311104187,-0.06357353137940397,0.7636389551592624,-2.4700314753418664,-0.07803963069994642
-0.004973318414102945,0.010934438628379546,-0.0014956380338022575,0.008052519618712601,-0.11134942201940741,0.9531061457924999,-2.479057518986757,-0.24646844797110215
-0.00494395067709454,0.010820505726109333,-0.0013092048555786572,0.008075708738009621,-0.0791823591822448,0.829708813589548,-2.487254443186242,-0.13024667867557124
-0.004940622929075462,0.010841718372454763,-0.001339720001479441,0.008061875213393847,-0.08510826955619721,0.8501408950682156,-2.4790936187862616,-0.1531734970881087
-0.004953617368873743,0.010920307845668381,-0.001464119430510384,0.008037411496154624,-0.10687877107698197,0.932940659805137,-2.4674502750135474,-0.23419263456095568
-0.004947836567528842,0.010899960872273767,-0.0014307520455363052,0.00804132662627863,-0.10123947391843464,0.9107854500967424,-2.468766050477402,-0.21355299529833327
-0.004943011169621742,0.01088167287297554,-0.0014009481277229329,0.0080450616051033,-0.09617079904862291,0.8909966394084913,-2.470112604716117,-0.1949607271755551
-0.004940467185349556,0.01086218886263506,-0.0013704621383971473,0.0080517956747459,-0.09077970719446954,0.8706838165952658,-2.4734741406951533,-0.17479310990679564
-0.004923047190478747,0.010807805997632825,-0.0012803387319567214,0.008057619388230254,-0.07547429502995144,0.8110701510361739,-2.4737927460238844,-0.12001522064607402
-0.004900358759850953,0.01079408143419185,-0.0012494213998369178,0.008037962303308959,-0.07162324497060653,0.7909527357352709,-2.459130127568485,-0.10895813093881092
-0.004995230876633279,0.011107159862573381,-0.001762836730379813,0.007976999668511524,-0.15643865812976324,1.1331698775683545,-2.437868958900569,-0.42516358253537395
-0.005047542793434325,0.011168136984563273,-0.0018852730999380262,0.007996963183432015,-0.17490008858937714,1.2126528808188333,-2.4569266669101872,-0.4842084886898553
-0.005036292654641552,0.011156394385613886,-0.0018607291169942385,0.00799192278114547,-0.17122187308193426,1.1968254745909128,-2.4523591783695555,-0.47288538300041105
-0.005019818765646111,0.011151433449233528,-0.0018426596424493665,0.007976401137126278,-0.16867889279451198,1.1859783468877054,-2.4407340491009877,-0.46916732078369566
-0.005004190800295084,0.011140305194180739,-0.001816399308142558,0.00796592560295,-0.16487425423504132,1.1692576523274878,-2.432310547513121,-0.4588681555655069
-0.004992387009340707,0.011126568523003375,-0.0017890195052246336,0.007961426365158841,-0.16081460082989524,1.1514150962282337,-2.428043603575288,-0.4455845706501572
-0.00518823856207148,0.011620847221332671,-0.0026233950526966363,0.007790791289172133,-0.2747630574313711,1.7203960161413787,-2.3392823178403557,-0.9483936254097304
-0.005187294665668049,0.011638233882062674,-0.0026448989643095815,0.007773280558384149,-0.2768313855858638,1.7362733399630266,-2.3270191968433642,-0.9657638037401747
-0.00514915256959792,0.011558770742187056,-0.002506535210642626,0.007804539414197843,-0.2607909659644165,1.6405722507144442,-2.3445739216619725,-0.8842035298717527
-0.005166475157289386,0.011584925935719753,-0.00255648444550708,0.007800008277342465,-0.26688063074347673,1.6745465832411839,-2.3433258007179227,-0.9112086046111646
-0.0051494048440786176,0.01157734192120191,-0.0025309999857189565,0.007787999327104785,-0.26339888627142755,1.6583156431775243,-2.3332794620372295,-0.902864305113619
-0.005169180881402171,0.011602308029521266,-0.002581573017903883,0.0077869638116860535,-0.2695752120674108,1.6924385396341,-2.334628199593381,-0.9287730225292611
-0.005174925389494848,0.011615060807491908,-0.0026034140257891083,0.0077814447860854495,-0.27208614787467933,1.707602360984715,-2.331409923039097,-0.9418479643392731
-0.005133558713606002,0.011553670774319269,-0.002485869431540257,0.007791825710372674,-0.2577938969186073,1.6277119490482577,-2.334260182849368,-0.8785541662071322
-0.005126069628864141,0.011538686814058063,-0.002459612227191817,0.007796870657515532,-0.25466549385330434,1.6097109469446185,-2.336934733590615,-0.8633036446996231
-0.005065958653349911,0.011283786026260711,-0.0020636836873059936,0.007936404939226352,-0.20211078454038925,1.3349463714936098,-2.4217821107665354,-0.6036167235760769
-0.005063286605569997,0.01130368366137164,-0.0020896292460648655,0.007918580645674638,-0.20590108721778946,1.3535065034423281,-2.410156497840712,-0.6243565109156807
-0.005118790803294439,0.011519094332762105,-0.0024274788957233434,0.007806031837028541,-0.25070092846915654,1.587447457459391,-2.342387613472269,-0.8434369407197372
-0.005063547430472471,0.011323303680712575,-0.002117174326051873,0.007904082408558668,-0.2098249332803306,1.3728807979307167,-2.4009209294851277,-0.6445695128333851
-0.00506729224521576,0.011340414890318704,-0.0021437549503651146,0.007895224222486105,-0.21352759380264197,1.3912026389938532,-2.3956596202920974,-0.6620177299917339
-0.005072540699801323,0.011355151474239685,-0.0021681618898469622,0.00788973082762248,-0.21696825011278967,1.4078556906939106,-2.39272836938494,-0.6769854045737537
-0.005106591274897827,0.011459241727048318,-0.0023374026165669114,0.007843719956712554,-0.23970320274472776,1.5242025354041366,-2.366399861876752,-0.7827754162642268
-0.005111738677105724,0.011475406262101449,-0.0023634187408866046,0.007835816318998825,-0.24295484458006372,1.5421886350432183,-2.3616869524227617,-0.7991882508697251
-0.00510843262920694,0.011496495433527395,-0.0023886579684070717,0.007814122172761728,-0.24593822275288652,1.5607984795212817,-2.346760166558427,-0.8204798592849223
-0.005076123699869527,0.01136955077030847,-0.0021907763196457064,0.00788249763474119,-0.22011892658024199,1.423455279692224,-2.3884559725435177,-0.6916501480273344
-0.00508229520764166,0.011383875841422276,-0.002215302292593621,0.00787810360835971,-0.22341628233883926,1.440104158299876,-2.3863007262605658,-0.7061639314871773
-0.005091158970423479,0.011429768172978047,-0.0022848884976572627,0.007850948736006093,-0.23269657368568608,1.4885926322763527,-2.369478571610882,-0.7528651522453687
-0.005088340790100743,0.011449865332946967,-0.0023095859602277873,0.007831211545231857,-0.23578151097645958,1.5066005538792504,-2.356076333129273,-0.7732289338760091
-0.005078348583500277,0.011399211163684274,-0.002233074477405464,0.00786143146800504,-0.22579018711731336,1.4532455946561278,-2.3749655681076454,-0.721896854518736
-0.005078116563243012,0.011416491358694252,-0.0022563083392418875,0.007847232618702588,-0.22880987710149162,1.4698074440544713,-2.365602393130911,-0.7394483781484257
-0.005041001394375468,0.011188546378100057,-0.0019103231447709938,0.007975655886774178,-0.17902134093848823,1.230686867795896,-2.4430484043891814,-0.5061503148522566
-0.0050427433101955296,0.011228657368332657,-0.0019688931626507373,0.007949821055785502,-0.1880536715648297,1.2712176210270203,-2.42729462749763,-0.5477902067710412
-0.0050353622384735385,0.01121298546616472,-0.0019414241287585804,0.00795240686728904,-0.18395015972335613,1.2528624247311748,-2.4279756403103967,-0.5320179821747163
-0.005039370976147624,0.011244264985083498,-0.0019886231638095056,0.007934937531415958,-0.19108955407396064,1.2853530411188547,-2.4175775127354124,-0.5641915389600288
-0.005049589683116571,0.011275143070163874,-0.0020394984255151494,0.007924207559285376,-0.19859567252560298,1.3198490755505914,-2.412064994189166,-0.5955554618146869
-0.005037573511166667,0.01126086220441813,-0.0020107145706050695,0.007921008034773042,-0.194452856909709,1.3009962128695092,-2.4086008236700365,-0.5814415705683593
0.005386827529143968,0.012157025623780201,0.0034647417752846368,0.007413106278746864,-0.3367799301991199,2.3213127335620585,2.0725145967259313,-1.4866556519619072
0.005562131443283387,0.012463523840411906,0.00397984582753742,0.007171190881570715,-0.3460811043196624,2.6905505291841436,1.8779290643778492,-1.7931808397603706
0.0055440810727992625,0.0124533802119518,0.003945983843428001,0.007169171429358404,-0.3448092610509578,2.665272889112727,1.8765544146929607,-1.7774894274580755
0.005510366860724723,0.012399589371881608,0.0038539279805327726,0.007213345418381325,-0.3446044414920563,2.599572679496806,1.9134182245265106,-1.7239516660125342
0.005522877883193686,0.012417229325370533,0.0038862415660325536,0.007200448354204478,-0.34493363349707673,2.622770009864453,1.9027046423104468,-1.7422456374458266
0.005531969817157957,0.012437600555263651,0.003915963214687713,0.0071803365641361664,-0.3446078348152273,2.6436627867488145,1.8859741112305592,-1.760800749308676
0.005479557899483813,0.012344418002099627,0.003763688935572149,0.0072598677656766095,-0.3439262642714421,2.535218364763257,1.9515820385190368,-1.670048223062959
0.005490836307127084,0.012361017844661988,0.0037936869604480597,0.007247994006429664,-0.3445020839196274,2.5567523695410803,1.9419260703772276,-1.6872004572364607
0.005500546934701425,0.012382897551539707,0.0038260626496116577,0.007227191727086292,-0.3443871985369282,2.5796482041868836,1.9248475646257706,-1.7074729517509069
0.0054272131916530564,0.012226802352280138,0.0035850769700270266,0.007364667185334586,-0.3413374127928131,2.4075930212189074,2.035414546044063,-1.5578229788373106
0.005416123153263824,0.012212889512646187,0.0035572839861295323,0.007371618173501369,-0.3401887909582318,2.3876327113944993,2.0406170882195394,-1.5426250779834072
0.00539859205128067,0.012175601125028395,0.0034981625534286033,0.007401576519691305,-0.33831780645364196,2.345247701968994,2.0638603613301765,-1.5059733344679223
0.005406890977361192,0.012197186836746768,0.0035301009585129886,0.00738251781219115,-0.33909790756167807,2.3681108010691045,2.0490001128572612,-1.5265781603640656
0.005438819167716249,0.012257949917840237,0.003630011255593136,0.0073356101122156745,-0.3421167650510097,2.439756979055801,2.01240171387072,-1.5870895615151264
0.0054215110406083305,0.01224403899881824,0.0035942959523704962,0.007336829704905171,-0.34016952387750304,2.414015941994451,2.0129248859045568,-1.569702165095787
0.00547023244458431,0.012329738183506555,0.0037379832948818176,0.007270797949539218,-0.34348815603919364,2.5167880806922294,1.960431501768461,-1.655121510398924
0.0054358780269918435,0.012275861258062319,0.0036430264159515308,0.007309351418901892,-0.34115749093288,2.448800996733858,1.9911584607069595,-1.6001636655635914
0.005452559555600958,0.012286293469059018,0.0036746794593678985,0.007311713389791822,-0.34296358297120205,2.471748967555065,1.9933917132286936,-1.6146650314774325
0.005461520132593293,0.012314583860281052,0.0037126085811308046,0.007282776992499699,-0.3430353705527471,2.498644369448481,1.9700903206265288,-1.6400627798815817
0.005451360247134333,0.012302101687073012,0.0036877001522881044,0.007289661842358368,-0.34229295482883687,2.480725303324396,1.97553366141284,-1.6264581760907457
0.004990493676935404,0.01115077936112367,0.0018224679297230773,0.007943598762168573,-0.16622613650870374,1.1746717665646191,2.41687724193685,-0.470828236936375
0.004976670315069852,0.011127924781378515,0.0017808961954209389,0.007942811595730924,-0.15994632880264703,1.1471540737269068,2.414648634680908,-0.4482889219768669
0.004969984089935265,0.011103783805075096,0.0017421068934784496,0.007950558813796664,-0.1539153043541905,1.1209874879251525,2.418538073278022,-0.423898591077119
0.004957754949495903,0.011081848963984498,0.0017030510968545525,0.007950366209720902,-0.14795213550901085,1.095075068870088,2.4168413755476537,-0.40226595161979256
0.0049619857052156865,0.011035346541102418,0.0016383407790357923,0.007983046523881045,-0.136939090632659,1.0504647767744577,2.4370145788716475,-0.35360472112039393
0.004945671739401029,0.011060504266028103,0.0016650590397384918,0.00794970263022711,-0.14212762346159816,1.0698709521220555,2.414853326348218,-0.3812882102655824
0.004938165681862055,0.010995316094562751,0.00156632337091454,0.007979121269797086,-0.12580511296352828,1.0029179308867813,2.4313929014338984,-0.3144687332941694
0.004942177080855845,0.011018378975017794,0.0016021501953948497,0.00797051911811172,-0.13167720447576484,1.027066444333709,2.426850895235112,-0.3379870404353778
0.0049274334649115755,0.010957381359835374,0.0015049836014304748,0.007987924798586536,-0.11572223313879448,0.9618580341554853,2.435033491971067,-0.27621039965749444
0.004916467716003165,0.010937839166081828,0.0014704929635881386,0.007985991489597907,-0.11036013810495372,0.9390309421473296,2.4323139207809032,-0.25715626975324396
0.0049181482069889145,0.0109812495031373,0.0015347039072892048,0.007964403207240804,-0.12142069004463944,0.9825287143370494,2.419917656297336,-0.3020141096195421
0.00490611756939466,0.010914539781171906,0.001430936449664879,0.007986473069136605,-0.10400233562187615,0.9127344821804876,2.431067618605748,-0.23416537795018352
0.00485229223918273,0.010730526362129705,0.0011338070476316197,0.008010756329064435,-0.05453139658460377,0.7144111642154424,2.4357441395263515,-0.04972990694625705
0.004895452234046286,0.01088339069323366,0.0013797846212435605,0.007990203539567095,-0.0957552538916179,0.8786054495790427,2.431622089796957,-0.20309075097498924
0.004878490444881042,0.010853644779386688,0.0013277573026155875,0.007985612400542475,-0.08763509377112776,0.8440777800765144,2.4263550181323716,-0.1743223594392913
0.004853467859261067,0.01076182746537823,0.0011808262105726787,0.00799900990219307,-0.06309378436575142,0.7458485882163853,2.4295896544204005,-0.082202980437612
0.004859559921089966,0.010793440614351495,0.0012302682353566156,0.007992105332481252,-0.07155164073397562,0.7789324248230042,2.4268598955262117,-0.11426135538616301
0.004867326945544638,0.010823942644172519,0.0012787868098795268,0.007987025281177113,-0.07970799320736623,0.8113910373546483,2.4253340079090075,-0.14492398963995337
0.004839670504125293,0.010701266819321972,0.0010851469163519966,0.008008249321927731,-0.046703982598313216,0.681942488072123,2.431994613859462,-0.021141342213121455
0.0048080684356116565,0.010585829338256223,9.012192021059524E-4,0.008014111593495923,-0.015866829146754902,0.5590878842863655,2.4281865283275574,0.0941447592078225
0.004832382286482755,0.010670005239834102,0.0010356987363458155,0.00801201243493869,-0.038367059152791046,0.6489514746699824,2.4325093719266557,0.010322881911413439
0.00483489941813935,0.010638145736461234,9.888874314274755E-4,0.008026489227395557,-0.029293601919357867,0.617841882841316,2.4404775071321327,0.044087299810009
0.004811369600603609,0.010614121500875307,9.446670514578515E-4,0.008008373558514704,-0.023612912810791305,0.5880418958447687,2.4261234139068617,0.06515768497249096
0.004761006984561,0.010401682577894705,6.116749539426162E-4,0.008011674427629746,0.032268757331915594,0.36521320871519386,2.413323947906259,0.2773862343348968
0.0047563171281079265,0.01042723865770774,6.489601351235074E-4,0.008000574545032165,0.02474725380670725,0.3896964719697568,2.4073362852486304,0.24966352771462316
0.004788788590950787,0.010561490684226542,8.586714818670765E-4,0.008000220814110141,-0.010131781097142948,0.5303038936908989,2.4167214945639777,0.11602824028638657
0.004786316577803149,0.01047317414717028,7.254527750169236E-4,0.008022793219277553,0.014394137513166564,0.44175935920878395,2.4263665706621205,0.20794225352338216
0.0047695921493784085,0.010447449704925026,6.824812590158508E-4,0.008010566134110478,0.02021222545142363,0.41255929923773177,2.415904454740307,0.2313834828491539
0.00478132681824407,0.010524202461952622,8.006996123356892E-4,0.008003076788771116,-2.825723352245535E-4,0.4915398025180523,2.4161148679927287,0.15351284910253105
0.004768192876178578,0.010497905557402811,7.57673742200173E-4,0.00799580863007997,0.006044549749865827,0.4624983593187661,2.4090974386271324,0.17836792460483408
0.005092472775180881,0.011367044308877092,0.002200194135805631,0.007902898450913534,-0.22153030055930725,1.428123493997991,2.403601125334444,-0.6886191179783802
0.005077662479170776,0.01135280459245583,0.0021689078847988933,0.007897324964504389,-0.2171064305217025,1.4077654524158214,2.3982483693709433,-0.6744147746726384
0.0050990277929995175,0.011396124036876999,0.002245478873812884,0.007887135959921875,-0.2276986303221469,1.4594969170216887,2.394133326285726,-0.7183857468835041
0.005095897505734154,0.011414914451966478,0.0022686227915976885,0.007868403008055384,-0.2307224527329155,1.4763637363572106,2.381523570484856,-0.7376603626068589
0.005085819773314771,0.01138250237115921,0.002216222406720873,0.007883157559208586,-0.22364416322405753,1.4403286374013506,2.390012622045363,-0.704683665897185
0.0050577505606911035,0.011311933781115151,0.002096988294121397,0.007906140560426154,-0.20689919289888814,1.3593487072506891,2.4015670082983083,-0.633124031828923
0.005061106392653484,0.011336788753245373,0.0021339981670911233,0.0078910504380854,-0.21212274900494404,1.3850319254267212,2.392261135962874,-0.6584979712447794
0.005002088040180568,0.011204254426020731,0.0019060919905642168,0.007920846651094477,-0.17908389120602816,1.2315717414256835,2.404184234481507,-0.5251657300927985
0.0049911946995591745,0.011180499010818773,0.0018651546229465617,0.007924702304638558,-0.17297863228710522,1.2041533059254992,2.4052672303105003,-0.5014256687219638
0.004969044421408332,0.011167766311731924,0.0018324450665971354,0.007908353893620651,-0.16834552191387078,1.1834206692702314,2.3924137159379137,-0.4898047850352173
0.005010143481239073,0.01122403870730565,0.001939519322613642,0.007916230346371072,-0.18404901191768233,1.2540653309563063,2.402271151980667,-0.545030173018395
0.005022431954622391,0.011239100352391196,0.0019693217307443604,0.00791948184342653,-0.1883870609985742,1.2736367309397938,2.4057907214822563,-0.5598351936227721
0.005023596305528488,0.011258440123520147,0.0019972663761307803,0.007907018192530329,-0.19260149659956863,1.2930463262321215,2.3980709177934947,-0.5796621284245119
0.00502734797479002,0.011282412965369302,0.0020333966071380857,0.00789386551062504,-0.19786008749729558,1.3179660564987705,2.3901541874485424,-0.6040648602439269
0.005030825124729501,0.011307184007487729,0.0020702556510980986,0.007879480025799262,-0.20316904830592072,1.3434897288130025,2.3813377033048333,-0.6292396383969417
0.005080329387975303,0.011424725864278163,0.002269222435240842,0.007842998592006439,-0.23046170329516236,1.4787306911815865,2.3630254437214644,-0.7477712329435187
0.005074553359324789,0.01144342105997955,0.002289563354755508,0.007821247615346083,-0.23295625235129605,1.4939723136918364,2.3479341830438405,-0.7666640507655513
0.005074428691788378,0.01147187459836033,0.0023272351447504343,0.0077974493106326,-0.23764121158972823,1.5209367151044808,2.3320036576694965,-0.7951929100357438
0.005094692385684291,0.011529838245278576,0.0024204968638871795,0.007770105039145187,-0.2491596861884786,1.5853953611420801,2.3155031308337257,-0.8533623358528174
0.0051023414701612015,0.01157430502989931,0.0024845732357438722,0.007739115597649309,-0.25655631955158525,1.6306810537940692,2.294991140136258,-0.8975451080471413
0.005084230897825525,0.011554220864714878,0.0024427688417775063,0.007737307120309713,-0.25139035082532346,1.602654434311144,2.2920885939746722,-0.8768675458601037
0.005078314646744181,0.011506037237130562,0.002375357528838573,0.007772753823097408,-0.24349344821741112,1.5548999423836665,2.3157073510539656,-0.829206628545445
0.0050492288534548435,0.011494755125506706,0.0023359505479880103,0.007750655343116278,-0.23816713155558564,1.529952221767889,2.2979727005790753,-0.8170390999132017
0.005194815380809407,0.011774781682385974,0.00282199620734668,0.007646978782505227,-0.2924164743562097,1.8651576486269494,2.2378856708632178,-1.0996544125979402
0.005210359973097791,0.011788069073680626,0.002853861477031396,0.007650008228869091,-0.2958830387846647,1.8867677329574821,2.241351550263957,-1.114354400839301
0.005265230291797509,0.011895706063935326,0.003038847469343022,0.007594076145886434,-0.31195633269152573,2.0170086076163973,2.204534438584392,-1.2243003359141709
0.005208868621686738,0.01180709159096866,0.002875028554909222,0.007628767783913734,-0.2973258257273804,1.9024385374602883,2.2257794594696882,-1.1321265088322052
0.005220124165897935,0.011819833970838259,0.0029018646460605498,0.007627471762912524,-0.29995915137267076,1.9209003856427203,2.225718508211242,-1.145793526945807
0.005231418080264038,0.011830326400493644,0.0029261432333637493,0.0076284792138602685,-0.3024823907422547,1.9375227435184026,2.2273575543899518,-1.1573939908336472
0.005234808433066023,0.011845430379757346,0.0029475216695625758,0.007616093220987497,-0.3041210489270882,1.9528963227805474,2.2185066634834283,-1.1721479884560138
0.005241245262630556,0.011862204892424013,0.0029740123894816187,0.007605011703489452,-0.3062285052881763,1.9717009081104393,2.2108274257855283,-1.188899446134404
0.005251419351227796,0.01187939212405726,0.0030049475431489846,0.0075972489727042436,-0.30888742670744324,1.9934231698242717,2.205851719009049,-1.2066634499861035
0.00510069724761517,0.011621977608710391,0.002543363171938486,0.007694068601115961,-0.262586337302488,1.673250445447167,2.2635125601157045,-0.9436935009111153
0.005086106172036109,0.011603036975744635,0.0025063304503037723,0.0076956900839735025,-0.2582460150973232,1.64817076959857,2.2634072392340663,-0.9243504872082601
0.005100945462707926,0.011650890032230715,0.002579507033969999,0.007667569921149911,-0.2662150807615102,1.699367838740201,2.2449250084857186,-0.9714483783913097
0.0051158686386788025,0.011675416788450937,0.0026237183906126058,0.007660410137289789,-0.2710198596361228,1.7297096063528412,2.2410545083528763,-0.9962295548468506
0.005128076927454044,0.01169956732391634,0.0026648964004435845,0.0076503287112376335,-0.2753447307987707,1.7582337446108778,2.2348856976048297,-1.0204362281508634
0.0051387151372214715,0.011724126416212772,0.002705001940950608,0.007637801209206297,-0.2794257597644834,1.786172347844605,2.2267751953934973,-1.044844762115862
0.005154847205803313,0.011749088157939177,0.0027509509870670473,0.007630300221532182,-0.2842018604470236,1.8178051076659167,2.222638294302159,-1.0703099689553168
0.005166894866582027,0.011776059027937486,0.002795225501729762,0.007616034712803803,-0.2884006564524068,1.848710863951269,2.2132440775591142,-1.0971553384138526
0.0053601913372165735,0.012139805154950925,0.0034143191729640045,0.007407813922362192,-0.3330636285700122,2.2854717092821555,2.0672329700925025,-1.4639524392086727
0.005365222035816399,0.012158052116547998,0.0034389264802927692,0.007390309804968339,-0.3337272871074417,2.3030504435373866,2.0536592428968947,-1.4807190544035895
0.005312868488652783,0.011980494022939917,0.0031884217543330213,0.007549006637806044,-0.32327508891513007,2.1229886951706836,2.173970068349083,-1.3119219338808383
0.0053105068787750835,0.01199651313356909,0.003203435391888952,0.007528090034087371,-0.3235268713033648,2.1342318068650785,2.157890061760416,-1.325876583185312
0.00529702854119259,0.011967423658263955,0.00315573858173933,0.007547399885399333,-0.320356029080096,2.1002290807042985,2.171685185712299,-1.2965797878305878
0.005283272863011828,0.01195162069668327,0.0031224864397152827,0.007550925546376944,-0.3176224447913032,2.0769490369992867,2.173440200287248,-1.2792885752403576
0.00526994024402133,0.011934139429648898,0.0030878896071533293,0.007556571737606999,-0.3147546946870882,2.052684514257429,2.1767899236478248,-1.2606201117169908
0.005332045161077062,0.012057278394983858,0.0032944833699028874,0.007479115482146415,-0.328210127851766,2.1995963772923446,2.1215109052222902,-1.385187477640253
0.005311685211659148,0.012021914636733768,0.0032325437598501837,0.007499839923599346,-0.3244084450442516,2.1555137545432532,2.136305114263384,-1.3488583173593558
0.005314841707060063,0.012039605824414693,0.003255293859278801,0.007482389530346427,-0.32534341502523173,2.171968983765215,2.123075205739113,-1.365267145572505
0.005300460114529463,0.012009800055673684,0.0032063691975585296,0.007502357408001766,-0.32236100869220685,2.1371252039295414,2.1375684636426775,-1.3354177060119297
0.005323186639070292,0.012078976072986452,0.0033068559484506336,0.007444313985565081,-0.32733234286554364,2.2090554211545848,2.0941077269862753,-1.4016389222919845
0.005341767266231167,0.012134348195202309,0.003386238451276401,0.007396165138932528,-0.330406444869179,2.265700334100107,2.057374449536365,-1.453806054057423
0.005310339952766058,0.012103145718330618,0.0033165512616755125,0.007402631129943694,-0.32575846059610986,2.2165787980790177,2.061167562837211,-1.4185372873523798
0.005324666154499538,0.012121474485103784,0.003352447576101704,0.0073948284904348785,-0.3278824478172311,2.2418856612429234,2.0556743821536405,-1.4379843532485286
0.005254871955069195,0.01191793740148807,0.003052884012036579,0.0075587695058774934,-0.31168611735703955,2.0283243211732196,2.1773995055464854,-1.2428412504488764
0.005977207788865651,0.013121591276372418,0.004998926370484459,0.006443642101508377,-0.2824668070389251,3.3622067577632975,1.2100689817495018,-2.352464450706534
0.006012723181633517,0.013158198945079797,0.0050687373222054405,0.0064006612334784095,-0.2757397075286239,3.406513497105649,1.1656447626236022,-2.3848059877509864
0.0059987907266715644,0.0131480357826535,0.005042462194607861,0.00641052117059742,-0.2777992677107403,3.388230507463643,1.1772140745567012,-2.37271476812634
0.005987156364816882,0.013135241677984426,0.005019423665793944,0.0064259636193326,-0.28011653957948685,3.37396179308004,1.1928980069977477,-2.3620584794436827
0.006044446405772568,0.01320975936477359,0.005134060510110791,0.006328425668886675,-0.2665844158939166,3.4387944664055454,1.097100215517974,-2.4139673045513743
0.006035102575425537,0.013197537597885825,0.0051156256193433105,0.00634475870724923,-0.26890236400500017,3.4287009048455785,1.11313519533497,-2.405834270950315
0.006024183849084867,0.01318606068442186,0.005094529297512861,0.006358873846598966,-0.27106260833712753,3.4158222812735644,1.12769140628655,-2.3963656472950117
0.006010049465997011,0.01317632013601203,0.005068226994991479,0.006368182309766626,-0.27318142597757067,3.397495976848559,1.1389306805431856,-2.384408580019556
0.006072403338803705,0.013217891399556396,0.00518399295259013,0.006328300770247457,-0.26391280284545654,3.478502792261878,1.089769475383031,-2.436790611964419
0.0060934381542316965,0.013242982089934985,0.005224706914869012,0.006294732034923307,-0.2588603745445646,3.5013843886557434,1.0559721055393305,-2.4544979036363697
0.006082635930478652,0.013230512913394938,0.005203922391110397,0.006311315793924298,-0.2614113695757749,3.4895727626313344,1.0727931183636652,-2.4454858870667757
0.006216279891193364,0.013357527172273167,0.005452280041024411,0.006144846690758848,-0.23182744436829014,3.637460601892684,0.8941972499983885,-2.549912256064378
0.006205888798232531,0.013344688873063735,0.005433274156701438,0.006163804067056202,-0.23473378994865693,3.628419065861619,0.9132509074752485,-2.5426821707238916
0.006185928641842289,0.013319890787225307,0.005396359661320557,0.006200085864512445,-0.24022442453269535,3.6104562725563163,0.9497025074220914,-2.528316983204244
0.006195303476753629,0.013332490783390922,0.005413808452900317,0.00618140125982376,-0.23751535406951554,3.618462876414094,0.9312453207307253,-2.5350445651814577
0.00610496792389635,0.01325511609972521,0.005246609304122843,0.006278931682574987,-0.25627282002190516,3.514270815354769,1.0395712867975055,-2.46396494346555
0.006170355965569191,0.013321557708185156,0.005368683114559146,0.006190594197869776,-0.2413708058017034,3.5849785278804815,0.9468096906747568,-2.5151818370519576
0.006159445290610808,0.013312637123351746,0.0053486951028899185,0.00620183281303863,-0.24365002154937102,3.5724897482967095,0.9594818537740563,-2.506793947174128
0.006117297002879845,0.013266083531368437,0.005269674425103833,0.006265396502643732,-0.2538123180801682,3.52872236269105,1.0247912912527204,-2.473971568430254
0.00612968637615829,0.013275205833932283,0.005292574590714777,0.006254984217493857,-0.2514738821473465,3.5439522096379212,1.0125169415746211,-2.4839615546343397
0.006137221927397921,0.013288836116517933,0.005307304788755392,0.006234298398805526,-0.24901552228029236,3.549438189892371,0.993087716904007,-2.489731029905419
0.006147588991942037,0.013301270897156513,0.005326784312944424,0.006216868930994094,-0.24626650397355723,3.5596350357453326,0.9755424720603411,-2.49768782173205
0.006053727468091648,0.013222273257873932,0.005152323579125103,0.006311437974706028,-0.26425704078395507,3.448513921605635,1.080509908518039,-2.421931756718632
0.006222135860331843,0.013387852252049215,0.005463060113369936,0.006092701477621153,-0.22688277808242804,3.6283777321716726,0.8496004819558863,-2.5506641655111726
0.006210018323992049,0.013375111107601591,0.005441349670367627,0.006110958221194834,-0.2299158635971028,3.6171446716037203,0.8685508540067347,-2.542416219891679
0.006267938058022891,0.013434850278617266,0.00554394959372641,0.006024290170095946,-0.21532100702627285,3.6694476847458737,0.778195161721044,-2.5804564816923423
0.0062696338469976146,0.01345193254658016,0.005545991439899063,0.00599414657938591,-0.21278132428552385,3.6601190843972646,0.7533953683974377,-2.5782524001024254
0.006270777234643858,0.013469474958533482,0.005546798363799226,0.005963101084053345,-0.21022758537673944,3.6493982489555172,0.7282739256734457,-2.575263316375633
0.0062750455654506905,0.013485362418354718,0.005553106029091567,0.005936032840029464,-0.20772158821693393,3.6444687458320795,0.705396433498072,-2.5749913491549528
0.006248795415103912,0.013427140270859667,0.005509945706135898,0.00603177013247546,-0.2185504143110352,3.6447339146363924,0.7910763947504788,-2.5660859758470207
0.006231570394034559,0.01341773802522505,0.005479480573374661,0.0060426940615044685,-0.22171272212509505,3.624165890059364,0.8059143260009597,-2.5535895501257104
0.006217206214821739,0.01340661827496028,0.00545412506923785,0.006057458190965036,-0.2247579182941238,3.609021329585474,0.8227521430804162,-2.543650904132597
0.005960710037968514,0.013125194147781436,0.0049719403338702485,0.006428273782106574,-0.2823643934628781,3.3371436836485118,1.2007189398192053,-2.340227337962696
0.005920676951863005,0.013080963545898624,0.00489196733070425,0.006479546062329151,-0.28968860838493243,3.2867816766135163,1.252310876834969,-2.302549791029767
0.005931542676207293,0.013096117040475485,0.004914715100730279,0.006460553964045746,-0.28731887011555274,3.300080575142498,1.2340827870542161,-2.3134320769091405
0.005944154686104821,0.01311608292046747,0.004941582437853933,0.006434297462127236,-0.28407699469372044,3.3147951386536993,1.209351468894825,-2.32621628040426
0.005909357210205489,0.01306876830303355,0.0048692637466014495,0.006493169862011897,-0.2915773010868001,3.2721937784495156,1.2660691681460225,-2.2917255578950115
0.005896301089916227,0.013058419546170328,0.0048442216353921244,0.006502534420663877,-0.29316811597894393,3.2547944539002143,1.276489592480493,-2.2799042463042554
0.005885032431202284,0.013048565959967612,0.004822284697496073,0.006512015145553214,-0.29476864129664876,3.239882421518277,1.2866023337951655,-2.269492638887667
0.005881745212183343,0.01303012788766578,0.004810450314937952,0.00654042723468145,-0.297279799461534,3.23695040551051,1.3112234705384214,-2.2629861958460897
0.00587058106049119,0.013047570708018517,0.00479817028582041,0.006504885222523421,-0.29476345315269953,3.2196484979186843,1.283275507222348,-2.258647220145476
0.0058668595943378475,0.013010243114554468,0.004778698190965475,0.006563865968083933,-0.30012778936922785,3.217327388934993,1.333718738965777,-2.247311140129398
0.005844933030648554,0.01297704185004019,0.004729933223006467,0.0066041757982796484,-0.3046094171564549,3.1877770249448134,1.3715821832009663,-2.2226080862044437
0.005847925124229107,0.01299719650797224,0.004742744656159816,0.00657322104505075,-0.30200725620040536,3.191421296659023,1.3449251105341065,-2.23021350750707
0.0058223463962011985,0.012884858204094185,0.004652595991248505,0.0067389063086590335,-0.31703153699718495,3.1531246100861337,1.490044573951026,-2.176713695519649
0.005803483183077349,0.012874510739059684,0.00461708180071472,0.006742217885772985,-0.3178667451853445,3.126058858812598,1.4954665275438896,-2.1597360678420228
0.005789775043552253,0.012860404879598192,0.004588081020127966,0.006755057575844486,-0.3193716297471591,3.1057312823437915,1.5082391584533141,-2.1449250408410645
0.005778074038007016,0.012841162913023006,0.00455958554143738,0.006777333383752465,-0.32148123269119006,3.087382467223912,1.5287580118031872,-2.129380933517161
0.005742654610794048,0.012796723875204441,0.004479701089277099,0.006821421334949754,-0.3257540648344752,3.032651129242394,1.5705121048799529,-2.0870769372790057
0.005751977982017133,0.01281078348911,0.0045020893013578605,0.0068062649816362205,-0.32440445064095286,3.0475833312575014,1.5565389684533064,-2.0993063835958554
0.005763132673343085,0.012825251112454115,0.00452749317029548,0.006791659501901369,-0.32299552689316885,3.0648922305603183,1.5427859822588195,-2.112822943757935
0.005688400492364753,0.012733365332353258,0.00435870220555593,0.006878217745331359,-0.33046906608091026,2.948025709882575,1.624201414382723,-2.023141582727458
0.005721308207589059,0.012755301459291983,0.0044226606364009885,0.006869919116433621,-0.3297523822966158,2.995794967953648,1.6141048797411635,-2.054347645892321
0.005704266490607226,0.012744871035460063,0.004390048210340344,0.006872865000621036,-0.33005159819884744,2.971214386618442,1.6182046034382889,-2.038598100361369
0.0057322531417704535,0.012784160746895992,0.00445636533268715,0.006833261930380453,-0.3267924698516664,3.016461078992407,1.5817312473364853,-2.0747187400123424
0.005718115148032232,0.012773184761352724,0.004428066606170886,0.006839628302622746,-0.32746702002758926,2.995677027785892,1.588605217050665,-2.0606450133879473
0.005812598715864572,0.012905245581318045,0.004646396426945614,0.0066990368121729454,-0.3139361345877199,3.141146715804332,1.4572509982791912,-2.177168924516979
0.005804841729720255,0.012924220395705085,0.004642519521790857,0.006663104064672105,-0.3112589101985242,3.1315133921318687,1.4278213790917418,-2.1781050228757532
0.00582518276458974,0.012968002569708155,0.004694154619642426,0.006605987839340822,-0.30569467303347314,3.160439362963412,1.3763488197407188,-2.2059018587773562
0.005809269222512971,0.01295460049963327,0.004662866835706012,0.006617171038508119,-0.3073043869078535,3.138522411523503,1.388283379230602,-2.1907212151797544
0.0057992337619236604,0.012940370906414925,0.004640632801283896,0.006633367585410483,-0.3089818174035298,3.1245248714464524,1.4034608141871099,-2.1793531783674767
0.005558226414027465,0.012484002151230814,0.003990749992234903,0.007138487260660534,-0.34403198436182164,2.6966446267591633,1.8507335214495122,-1.8052161634063337
0.005555718384596202,0.012502181030880927,0.004001491952298057,0.007110322605708745,-0.34234146365415724,2.7027414382860964,1.827298075209703,-1.8160246818786476
0.0055541662429538854,0.012522859894738676,0.0040152308343847885,0.007079418673347602,-0.34053962888322065,2.7107025048166764,1.8016245721994575,-1.8285664128441412
0.005676488738096956,0.012719710091428233,0.0043321367904092115,0.0068897801297354575,-0.3313034189959669,2.929333170862708,1.6350345312809476,-2.0090955076492434
0.0056658984154776375,0.012705492393768704,0.004307178173159155,0.00690306344226205,-0.3322337967936595,2.9120743654412458,1.6471504155350043,-1.995521077707821
0.00566487246398915,0.01267665883074714,0.004287220292437274,0.006946006021759424,-0.3352620985475516,2.902070597471132,1.6835801706448026,-1.9798803091392443
0.0056595721138050096,0.01269224814695246,0.004289217520833316,0.006918111144642497,-0.33324860026996933,2.900290497294871,1.6603722801782521,-1.9849167139307107
0.005650289906513732,0.012664571545373366,0.0042572709950136805,0.00695241566160676,-0.3355474147075644,2.8800845397131885,1.6900488543224645,-1.9647627662421023
0.005632460527558542,0.012651274866394205,0.004221701799952577,0.006957803022092695,-0.3356290149949249,2.853827221840073,1.6958324378538419,-1.9471510975841537
0.0056118515472802005,0.012627542744970808,0.00417500353076864,0.006976127396433951,-0.3363751283231738,2.820651618346076,1.7125353001103762,-1.9222210097441863
0.005611789483801136,0.012645251358730058,0.004186923148220685,0.00694987434588127,-0.33464287181953717,2.8268731412959345,1.6905510251317126,-1.9320023371775157
0.0055943736993685845,0.01261513566169725,0.00414070593133041,0.006979932606454503,-0.33611654071615155,2.7953849805834907,1.716749466038492,-1.905450807250199
0.005577581442879791,0.012598755515507994,0.004104715466183331,0.006989901595545822,-0.33624412693511907,2.7695632573860336,1.7259812578533056,-1.8868711950251384
0.005571795958944131,0.012582159708862627,0.004084513552246017,0.007009147384866491,-0.3371243335081754,2.756308741366869,1.74229892678053,-1.874069709223522
0.0055581252192547954,0.012566764128362171,0.004053647007964353,0.007019838221858978,-0.3372570508038662,2.734367954508254,1.7518689615069998,-1.8576768881639454
0.005539906609905284,0.01254720073790113,0.004013181609193269,0.007032384884494433,-0.3371582568981562,2.705543030465553,1.7630696800190429,-1.836395963804294
0.008144988334910513,0.014738690777681128,0.007586773480269453,0.002969684281573737,0.1850915025612799,3.2988947808558735,-2.010278597350705,-2.08539219166298
0.008155036886924783,0.014751354044222627,0.007579366808769196,0.0029428053425280625,0.18438177712732198,3.272999893105456,-2.0187900213460983,-2.0679209785159522
0.008123805785866125,0.014741854704885426,0.007555403894608781,0.002989124482423585,0.18032930896627622,3.2946185259673793,-1.9835027359898583,-2.0918369236849093
0.008084649330170019,0.01473409658851727,0.007518071575456743,0.0030413729193192033,0.17412656487032152,3.3123416834323356,-1.9377624364926322,-2.1166306000816744
0.008099584862006001,0.01474325455527245,0.007522875454993693,0.003013734006182173,0.17528626816421808,3.293657991569268,-1.9536731205942677,-2.1010268877203626
0.008042673595576416,0.014720869250026612,0.0074845296064905914,0.0031028221525201956,0.1682962172831546,3.3392351170358165,-1.8894905610379198,-2.1469312709677983
0.008068719861666724,0.014735422428505963,0.007495829024265362,0.0030567005086343645,0.17075205115380657,3.31038640581994,-1.9180813750714254,-2.1218245338813753
0.008052178004761277,0.014735261402555136,0.007475000806650353,0.0030743906243765797,0.16743016359041885,3.3111379327563966,-1.8980847644739711,-2.1285629359356246
0.00817412149544569,0.01476826823902195,0.007576174537038434,0.0029007479904153205,0.18471059523229166,3.237654205152461,-2.036556285523801,-2.041885357269503
0.00818914517148536,0.014778310586140403,0.007578537455047316,0.002871699976349593,0.1854122471077647,3.2160806222209817,-2.051321572761856,-2.024560708125327
0.008157527244635717,0.014767848293485248,0.007556592649716989,0.0029197719732084616,0.18162292283664097,3.240609694261687,-2.0167207211113545,-2.0502603888836712
0.006540895928010171,0.013714119104854922,0.0059830989799775315,0.005572728407379794,-0.14107738171364856,3.836415612925996,0.3143732889418181,-2.7004319527729543
0.006521451410640207,0.013709502140304065,0.0059493352801130925,0.005579498153932438,-0.14486305540776134,3.812660678600578,0.32897606831035026,-2.6878326133510666
0.006505954273025307,0.01370170361283465,0.005923850694617813,0.005592185894665438,-0.14835279702969914,3.7981356466457483,0.34575485855169164,-2.6797616806777924
0.006492311508344104,0.013692109002323665,0.005902249950513854,0.00560813505177865,-0.15164170684701073,3.7881244092865525,0.36393032608528025,-2.673861192356495
0.006479574534733396,0.01368139126871439,0.005882536283792252,0.005626060744297014,-0.1549289674911368,3.780434877802262,0.38308314493592893,-2.6690351972496877
0.006410954606532364,0.013612790230053191,0.005776838770602994,0.005739680039394145,-0.17341528258871408,3.7452150538995705,0.49883533572655603,-2.6443233013478467
0.006388058522610921,0.013591055090520603,0.00574026502217028,0.0057745076895952705,-0.17939965116093884,3.730494564453011,0.5351354621293666,-2.634231418750671
0.006399371856848098,0.013601890751269942,0.005758372939039573,0.0057571890361554,-0.17644308359691682,3.737785570604941,0.5171170330713778,-2.6392609395500757
0.006466102553088402,0.013671263466658938,0.00586120652425296,0.005642679915613852,-0.15815901785983819,3.7708022460413484,0.40163391263292053,-2.6631900152145196
0.006449746601770106,0.013662389751049917,0.005834229228826557,0.005656476826239009,-0.16180353998103691,3.7553917835356407,0.41939631755629386,-2.6543767182929723
0.00640483067468057,0.013630909179901427,0.0057616067688643635,0.005706012532036904,-0.17221471095196358,3.719013822349496,0.4763246268647848,-2.6323397393113335
0.006432978099071046,0.013653344298196243,0.00580650944852433,0.005670308952286898,-0.16542560364372297,3.739407692989744,0.4372695641398105,-2.6451875649439454
0.006417867807590943,0.01364267397579118,0.005782119880552068,0.005687101546677017,-0.16896479357860836,3.727270550006835,0.4564861584478725,-2.6378224926415963
0.006540946031974272,0.013733212598857888,0.005976318395404297,0.005538028365703986,-0.1391044486873423,3.815092933966555,0.28949410578243556,-2.6905526097824324
0.006542654696413811,0.013751236111564829,0.005972751667485687,0.005505568963919176,-0.13707852812288837,3.797239895783656,0.2656173235173663,-2.6823010744288616
0.006558729125900459,0.013773457867000835,0.005993153515082723,0.005466361934475383,-0.13214819731628077,3.794981487114158,0.23000191348328242,-2.682179550354419
0.006569047582572259,0.013787059973570683,0.006006242595529828,0.0054422904165499515,-0.12908245224484574,3.7938796457662356,0.2079552345874764,-2.682161503216968
0.006543366823079381,0.013769371976211635,0.005967172071790201,0.005473017255425768,-0.13524871592053664,3.7777318860812485,0.24253538417225193,-2.6730997328561226
0.006689948450602538,0.013878162946113624,0.006181264261019115,0.005276293056259693,-0.0986850026445112,3.8491370867246837,0.029981026191885734,-2.7116190594443217
0.00661425250699678,0.013828621856163723,0.006069483326093143,0.005368168481123641,-0.11717768960034898,3.807743771873176,0.13336120715128066,-2.6904334114949116
0.006626085244615908,0.013839743482161444,0.006085593163700927,0.005348058776460415,-0.11402624494225365,3.81044801878259,0.1134370648483984,-2.6919918467605903
0.006638579797722346,0.013850660223835303,0.006102832967781634,0.005328183493543355,-0.11081123604360836,3.814068142340442,0.09328615344414076,-2.6939522270977245
0.006652448312399489,0.013861836143414026,0.006122260279285027,0.005307663054892837,-0.10730297990903714,3.8189880845978865,0.07197769759699485,-2.6965093312704234
0.0066690048121010904,0.013871667459151261,0.006147021442345476,0.005289243467927662,-0.10334921868913316,3.829026825509501,0.050507648099305864,-2.701571688119621
0.006590422293139954,0.013813780677379595,0.006033363343854905,0.005394788787021908,-0.12283592169721082,3.792470492446206,0.16421092913296312,-2.682295221338737
0.006596335894853553,0.013833395417455324,0.006035352407576698,0.005359793321784754,-0.12015099288714846,3.777232043802013,0.1374882791576462,-2.674940388537309
0.006570710349778761,0.013809389131648947,0.006000029953560737,0.005402399136502621,-0.12678341013449626,3.770206599300446,0.17981533516786682,-2.670735508926093
0.006338041101467299,0.013532420941893572,0.0056604608217974755,0.005868864279981145,-0.19356428699819758,3.704539215809007,0.6284278515264222,-2.613416858719751
0.0063432715843999956,0.013548507711748778,0.00566741431260988,0.005841217400620132,-0.19097622357932953,3.699275239873283,0.6049443785801358,-2.612688989238966
0.00637545154359568,0.013581513273217808,0.005719465005934128,0.0057891010107942115,-0.1823401233011557,3.719880821844655,0.5516325660164901,-2.6275523183738865
0.006359736228073634,0.01357407496564014,0.005692627114693352,0.00579909294663014,-0.18546679030333,3.7025543612425156,0.5658579350377869,-2.6175289673511255
0.006339077983839232,0.01356855254264812,0.005656640647723534,0.005804357062882127,-0.18890772701156558,3.676058567341353,0.5783842323670606,-2.6028277922865786
0.007615050112948114,0.01448150355332279,0.007212805881016845,0.0038383865266774643,0.10926996967686266,3.71367917014575,-1.352725834040767,-2.489933140587843
0.007594748516933959,0.01448138835119128,0.0071817544997930275,0.0038544755102375484,0.10449541002368228,3.7037590242197624,-1.3279226013427528,-2.490161585096456
0.007577750881674325,0.014477022284544817,0.00716104956589629,0.0038742953977221324,0.1008760512064348,3.7036239888415383,-1.3060868139187998,-2.4947439030781378
0.007561905657877472,0.014470763166626502,0.007144340366940169,0.0038959873475296514,0.09778483229411816,3.707544583394323,-1.2851167916796846,-2.501167969508009
0.0075469686073144845,0.014463852862428643,0.007129685246816067,0.00391787297449936,0.0949383536850315,3.712961006607322,-1.265020831960067,-2.5081149964338896
0.007406582430800556,0.01438574989601287,0.006999330095677041,0.004138842169594023,0.06800781876152608,3.775801212373883,-1.0691042902597967,-2.5773683143552897
0.007421140221659868,0.01439413867523219,0.007013248317555002,0.004115913757885424,0.0708952555585925,3.769923680287946,-1.0897604440438753,-2.570756708754263
0.007436467638804449,0.014402250010833659,0.007028544040433948,0.0040928116603416225,0.07397725834588743,3.7648160235110772,-1.1111500183050724,-2.5643358740857134
0.007505309770753812,0.014438957843412585,0.007094716087087927,0.003987122987717552,0.08735698357053658,3.737603838871491,-1.2067710825420332,-2.5324578328030367
0.007518815738044575,0.014447783571433526,0.007105309088988148,0.003963570793629818,0.08976660665273944,3.7283833289795596,-1.2259997880880162,-2.5239321032003676
0.007532714289183162,0.01445616265110021,0.007116884706216796,0.003940358805881342,0.09228583723844251,3.720022587222342,-1.2454485928330532,-2.5157358849617855
0.007452806432657321,0.014409524352073917,0.0070462459081063996,0.004070236814354558,0.07735653790236907,3.7616872305406006,-1.1333353575443719,-2.558708217126979
0.0074720229522574596,0.014417865026712665,0.0070670984944109375,0.0040438319349826455,0.08126856528752498,3.7580180002275907,-1.1593122092940578,-2.5520229850733327
0.007490432209453495,0.014430464652992863,0.007081393853067573,0.004011046306367461,0.08461701123948145,3.7450947294298618,-1.1859404907998685,-2.5403396045713014
0.0076553511763964785,0.014529059864946724,0.007212909788712643,0.0037338683353978154,0.11316910642290591,3.637575576182833,-1.4130183813729909,-2.4368049231167714
0.007617797236511018,0.014502508549913291,0.007190292185024469,0.00380411747498614,0.1075698814868339,3.673182028350064,-1.3614412054303289,-2.466992060068495
0.007636500187501014,0.01452509958180482,0.007189735217130706,0.003755072386043077,0.10922627998151824,3.637215400172517,-1.3893126349133895,-2.442009547765922
0.007622432491607023,0.014517873648139801,0.007177782057166677,0.0037771801158254506,0.10680489541662704,3.6450766851980028,-1.3706896610900818,-2.4502895463621037
0.00795526073134369,0.014684440989193713,0.0074239514862650185,0.003240190708166522,0.1568578288963477,3.40696967110096,-1.7882316557673514,-2.2150878514487
0.008013871991365374,0.014709466348070653,0.007464314226330954,0.0031475858367302316,0.16455827190018738,3.3612421822976093,-1.8564335505798477,-2.16938326446298
0.00802538622333306,0.014722482796318728,0.007459798486919818,0.0031187802699735373,0.164329648797742,3.336069013725697,-1.8681414567969754,-2.1518022760434037
0.007985302111626203,0.014696657815538722,0.007445870159142858,0.0031936754945603584,0.1609646469538647,3.3851688886849742,-1.8234831625062335,-2.1926106358965782
0.007996612866816417,0.014710613844889012,0.007440067399485417,0.003163820372854444,0.16061325164367043,3.3584596282330663,-1.8352036755421601,-2.1743091832649735
0.00796737085953569,0.014698156218405811,0.007419959662277542,0.003209826017073078,0.15678524875091493,3.3811305600540544,-1.801372837119084,-2.1969832963998486
0.007923363770851455,0.014672829574810376,0.0073979823779266865,0.0032873752340871047,0.15209462544254868,3.426386814343537,-1.7502767142955091,-2.2367587690355326
0.007937116863574487,0.014686694055317352,0.007396403972430859,0.0032552035233045064,0.1524821544178839,3.4008635573939032,-1.7658039608166163,-2.218286335583318
0.00790318462613977,0.014674839857111335,0.00736779407972598,0.0033043027994400474,0.1475060247035742,3.419891362736546,-1.7254629267965205,-2.240293025492979
0.007882247903910905,0.01467174671217448,0.007343775195013439,0.0033285976061513483,0.14354014395573175,3.4228976605954924,-1.7002188751881129,-2.249024099691671
0.00786252882680232,0.014666696827703777,0.0073239963062499665,0.003354154906980176,0.14022711297218945,3.429485414175055,-1.6765211541762512,-2.259184466601869
0.007823587533611403,0.014651569220527192,0.007291455261066317,0.003411157336317857,0.13422998337320233,3.4513041403708997,-1.629690531995181,-2.2837535638245665
0.007843177626175313,0.014660624766991254,0.007305938638607572,0.0033805761545436064,0.1369818508800935,3.43773955772382,-1.6532811350728662,-2.2700325712093137
0.007804260710051938,0.014667643429400194,0.007242649358890979,0.0034065051900677725,0.12781396690242972,3.4163689281650895,-1.606629441702388,-2.2708958805365866
0.007771810952420409,0.014612852465869079,0.007271814036819229,0.003512238731421515,0.12860578941938974,3.513792079543818,-1.565755806795824,-2.334166297658719
0.007786927280826694,0.014629466046789115,0.0072705956151485835,0.0034752598010779237,0.12945667961287224,3.4855610987731898,-1.5849172514558576,-2.3140591753809088
0.007784752124395042,0.014656023887407329,0.007231451640805141,0.0034400512832559933,0.12529508764769995,3.4339963493280465,-1.5832344378021637,-2.2866142059180063
0.007750109797803326,0.014612204594383909,0.007241794196239971,0.0035322694057665673,0.12384351095642766,3.5089242156802882,-1.5394363080931617,-2.338242682909034
0.007659950146054442,0.01454964894164847,0.007193146187679931,0.0036994455853721375,0.11167306731570946,3.599111952944368,-1.422443413415006,-2.414443369587433
0.007671844326965931,0.01457135683220226,0.007182573177487327,0.0036577128718527055,0.11162571462513328,3.5616300910381535,-1.4404784362661613,-2.390426586308854
0.0076959516664906165,0.014577978262355087,0.007209158181971434,0.003627985948503805,0.11634889340427879,3.557621152671794,-1.4703764286961312,-2.3811961077202066
0.007726967050149213,0.0146061418140275,0.0072168066971512205,0.0035609661630343257,0.1196395333194268,3.513621749523699,-1.5110676998883301,-2.3478284002136154
0.007707215158552061,0.014598046581695051,0.007199109545372789,0.003589421165027902,0.11615396755617188,3.5228203561949973,-1.4865545649847594,-2.358732648256588
0.007390121969867917,0.014396526073345099,0.006960829777013726,0.004132030543071818,0.06317279148793165,3.7437164057731125,-1.0553662742768186,-2.563406640372694
0.007376586694933479,0.014388194343922576,0.006948344036722932,0.004153892012186764,0.06056557244518957,3.7497562599503262,-1.03610121039831,-2.5697689701486897
0.007362787358525622,0.014380027139280034,0.006935095713417307,0.004175562330609441,0.05777832617670051,3.7550437096620484,-1.0165967194753893,-2.5757248749053736
0.007323462495344143,0.014336736191646887,0.006917810583147284,0.004269499376887929,0.05110503871756033,3.8060423034647717,-0.9498509589440572,-2.612288758027017
0.007348837316292331,0.014371406717283625,0.00692194341513743,0.004197960157983848,0.0550593678354799,3.760819416117403,-0.9966359680524183,-2.581940405147485
0.007334282628983842,0.014361947526294343,0.0069085428296907355,0.004221981186232743,0.0521539601689159,3.7674177538267375,-0.9755639088809147,-2.5886833138184246
0.00732441987325373,0.014352002842221663,0.0069031221620159,0.004243959661081603,0.050397299910132545,3.7783474286800685,-0.9593109378183644,-2.5967902071102427
0.007301736445306937,0.014316088064344562,0.00690380270048306,0.004316004375756182,0.046946138798681314,3.8270101461921313,-0.9139155105217872,-2.628344213830104
0.0073066268588165085,0.014333114518432699,0.006893989903425708,0.0042851460536265035,0.047143982652107286,3.7993002467492976,-0.9291706764713922,-2.612048469952921
0.007276598909241259,0.014298652217282198,0.006880167336079755,0.004358921350476295,0.04171387767472113,3.8382700107534817,-0.8757633808596449,-2.6395881266470327
0.007283081840197394,0.014315137732323327,0.006873920786033299,0.004327995595185551,0.04237203350143002,3.81325213025033,-0.8928674102393374,-2.624502488751279
0.007251573833424116,0.014278472282235303,0.00685889718416073,0.004406072375232097,0.03654188868039238,3.853728473711962,-0.8357914693878014,-2.6529464134770024
0.007256788183244983,0.014295702969029801,0.006850178296009903,0.004374506019692984,0.03695402149668354,3.826629631802249,-0.8524272660474655,-2.6370204367261025
0.007204278620728516,0.01425706951246668,0.006800519887789891,0.004466117670716356,0.025781840492496013,3.8498612184810894,-0.7711111917930698,-2.6595184635979128
0.007218629427706328,0.014265067504372633,0.006816881609401059,0.004445522645406069,0.029031064440504375,3.848566355456039,-0.7917002443451325,-2.656227159447791
0.007234335332489609,0.01427341342952218,0.006835028825721109,0.004423521950914923,0.03249548617494414,3.8475960052852733,-0.8139633661475184,-2.6528127301804987
0.007127653926050939,0.014184219053509436,0.006738213628971901,0.004625658596376405,0.009023904733152803,3.90507307062278,-0.6381293510866004,-2.7025917508006247
0.00711160551311752,0.01417527634555697,0.006718523292313578,0.004647853489583306,0.005226292680837199,3.904157121133497,-0.6148947595747217,-2.7045619085050894
0.007073840079122613,0.01416514966545313,0.006662087284841756,0.004680467767746846,-0.0037183643583673293,3.8819234906630897,-0.5696077394740654,-2.6979702140646844
0.007091357350846862,0.014172183268637189,0.006686240150027567,0.0046614260058266905,4.419619573784779E-4,3.8883403099367286,-0.5924178592572201,-2.6989438073993646
0.0071269330182678475,0.01420258319073842,0.006720268281098041,0.004594362222629281,0.008523589428698637,3.8720003126613576,-0.6518757538131413,-2.6846159186788636
0.007144163855076391,0.014208672756423886,0.0067442088429693235,0.004576426505136432,0.012650880205097163,3.8785592564836224,-0.6738920856481901,-2.6854755549500404
0.00718999287630015,0.014249205617077841,0.00678399685013023,0.004486329376516103,0.022649256393630714,3.8507162326438107,-0.7506823417373892,-2.662508677440965
0.007168971502077535,0.014228927886085353,0.006767652003121633,0.004530627449824696,0.018159214204406596,3.866948443909013,-0.7143947746743192,-2.6750201030331264
0.007176208293904966,0.01424330305026824,0.006766317526795839,0.004502857868933649,0.019354826682795027,3.848270900102709,-0.7322266572080981,-2.6635350612687496
0.007148486265826463,0.014227429437933614,0.006734213190841671,0.004542499469094873,0.013214514903379397,3.849698397618955,-0.6923584139264921,-2.6689513671092033
0.006862486174465814,0.01400728732177154,0.006412694473342904,0.005021121289718764,-0.05510811033370115,3.8921956151560697,-0.23541062543312147,-2.7265541927682544
0.006829000120096451,0.013983712571236227,0.006368676867126651,0.005069733671773924,-0.06345839520490819,3.885211053995525,-0.18460542228852825,-2.7251462078771986
0.0068441667690882155,0.013995536367613056,0.006387958069118903,0.005045775300091125,-0.05961883924836447,3.886857207959086,-0.20879891343003298,-2.725020078382629
0.0070544330048424395,0.01415239377975405,0.006639408576981752,0.004709910767241011,-0.008259125759225293,3.8829234768456686,-0.540347139953487,-2.7012124839115748
0.007030836344887076,0.014146790716470311,0.006603212170409828,0.004728185128775684,-0.013781706879951889,3.8668017269177777,-0.5133659089198641,-2.6955651724032617
0.0070108189255128,0.014140470027565672,0.006573742509237466,0.004746095946780338,-0.018555372874001292,3.8554322134858166,-0.4894064095053478,-2.6919284477364585
0.006967766555671187,0.014109389297503383,0.0065237251742832885,0.00481399814072021,-0.028736647375333692,3.8580635118674813,-0.423050125323165,-2.698446516563423
0.006978233348030805,0.014120908738801173,0.006532906516899177,0.004790712437128802,-0.026270595573400283,3.851255444756191,-0.4427322457982985,-2.69356966889
0.006993538205895551,0.014131855442245081,0.006550764480661574,0.004766798291202016,-0.02260122101112819,3.8505195411977238,-0.46616063307106487,-2.691371652083349
0.006952734743252809,0.01410621933296426,0.006500006243856868,0.004824043010222338,-0.032221982304333284,3.846050355564255,-0.4069547266143709,-2.693608457563299
0.006937984298085176,0.014101305262465173,0.006478092290560189,0.00483688194496343,-0.035743293844098495,3.8370686831448095,-0.3897012503949229,-2.6903057151694956
0.006928419159743859,0.0140855150089973,0.006473265075993134,0.004867088127190029,-0.038086638373575364,3.8508615538825515,-0.3668708080655088,-2.6987371813486822
0.00687921759197562,0.01404269303286983,0.0064179026145643496,0.004954714305828543,-0.0501890226928269,3.8589016778932255,-0.2846888369139138,-2.7075508310514107
0.006891964324671515,0.014056540610572146,0.0064305317642687826,0.004927323077163034,-0.04700272897229634,3.8529621709711965,-0.30869467646558957,-2.7032942157144064
0.006908720925540849,0.014071624087735608,0.00644904462949038,0.004896652207006544,-0.04281286633179907,3.849533600998592,-0.33713418289847435,-2.699929639587824
0.006859007592997846,0.01403744018965102,0.006385986019394252,0.004968538461323613,-0.05475497238643588,3.842378816545284,-0.26323353987184467,-2.7003948758991365
0.00671380770359607,0.01391706061012705,0.00620316661648656,0.005204736199674009,-0.09130871220566868,3.8293631994231245,-0.02986219321588918,-2.7011428894286316
0.0066955978862590845,0.01389970671314674,0.006180064921769973,0.005237298469052599,-0.09610839489583024,3.8282892436670832,0.001515979814765339,-2.700957390524984
0.006811700831515301,0.01396952459800079,0.006346879914631188,0.005098115073454916,-0.06786657912911849,3.883933697111449,-0.15637063475326438,-2.725508009658054
0.006788652627510131,0.013962309645769236,0.006310241661787177,0.005114710152605499,-0.07317613130653235,3.8646019016849436,-0.13162447687144294,-2.716620721975144
0.006753403213019718,0.013943058686982174,0.006258965726076297,0.00515397319939483,-0.08166513821353767,3.845904462183687,-0.08553138554148251,-2.7084467705486257
0.006765301759049269,0.013956084052687348,0.006272441929303325,0.005129210492228846,-0.0784885065340376,3.8431415177595616,-0.10813622681259384,-2.706531686055255
0.006737569805127197,0.013939653346558884,0.006232768979229783,0.005161980573664962,-0.08508793180382511,3.8298897927047304,-0.07088857230259289,-2.7007275159383837
0.006721968313319959,0.013933619510999718,0.006208485752372437,0.005174460788023991,-0.08879168894931222,3.817756452018358,-0.05374935235364296,-2.6949357364969426
0.0067075577831191184,0.013937638847299164,0.006180750287385964,0.005168866957034798,-0.09114219604816402,3.7936305033993727,-0.04871803913054992,-2.682854301378609
0.006316946769470815,0.01352543112029235,0.005623558954191619,0.0058760396870633025,-0.19721779686216745,3.677831273463056,0.6424243031066664,-2.5983386603985217
0.006294944720766901,0.013512678562471968,0.005585816709746584,0.005892973364243008,-0.20169007646889378,3.6543010259596143,0.6641623093085257,-2.5841017689380905
0.006271616057543172,0.013503252511945,0.0055453507570661234,0.005903249047823929,-0.2056379703080313,3.626156823378086,0.6810444198827327,-2.5677782753897245
-0.0053563106762466,0.012009518983935643,-0.0032712687520082885,0.0075608318023869464,-0.3308263180230144,2.180761345698057,-2.185977926460557,-1.3483131193986877
-0.005332023193279079,0.011992929697579075,-0.003224402314059682,0.007554707578192171,-0.32663162992822964,2.1479951065487595,-2.17961370524092,-1.3275511921636174
-0.0053379084166878974,0.012008195057106569,-0.003248177821448466,0.0075430642127586765,-0.3279913906340705,2.1651200602297087,-2.171098927162784,-1.3428197726142657
-0.00537057884346627,0.012038705927289646,-0.003320378840183023,0.007541146314478845,-0.3336799547982174,2.2161315862209388,-2.1717835094667066,-1.3783999035745713
-0.005362967569666383,0.01202461441119331,-0.003295835952596495,0.007549967459714841,-0.33223491522978454,2.198487866626887,-2.1780843360367643,-1.3637096913270474
-0.005362962623901709,0.012051078849505976,-0.003324710193411179,0.007518376563924342,-0.33276298588865755,2.219910285941969,-2.153677353504529,-1.3876837953408712
-0.0053659269334775505,0.012064206761956976,-0.0033424135153449744,0.007505673344930411,-0.333394658876719,2.232791074326913,-2.1440022996493187,-1.4001931964003187
-0.005370150293554428,0.012079442343621523,-0.0033637888336252447,0.007491617008473436,-0.33422466305568715,2.248284860901532,-2.1333111693341027,-1.414834932105958
-0.005410362518002238,0.01216780542353447,-0.003505170075933028,0.007423196608311952,-0.3400469237144838,2.350152395864327,-2.081479833770793,-1.5031897583343696
-0.005404281496876886,0.01215250650825036,-0.003481990825619729,0.00743631743312989,-0.3393204930176424,2.3334402604063817,-2.091615208895862,-1.4882649772279344
-0.005399179704358971,0.012137186833284954,-0.0034599125808074806,0.007450305663334634,-0.3386533362008158,2.3174958504967296,-2.1024315280196197,-1.4735627654357122
-0.005395834930229264,0.012123596702519555,-0.0034416968929671518,0.007463799002832451,-0.33821389218072856,2.3042934090174407,-2.1128979082139963,-1.4608024563675708
-0.005375909631076501,0.01209519445667129,-0.0033874643746561925,0.007478368419743662,-0.3352002170036836,2.2653807271133135,-2.1232871536531266,-1.4302840040739897
-0.005383776596227147,0.012112376261531686,-0.0034151174669868572,0.007465353171659485,-0.33642525499586284,2.285297020076577,-2.1135079824704204,-1.4475270891115914
-0.0054169573378125,0.01218326014798929,-0.003529057644499053,0.007410240134781115,-0.34076479604268256,2.367365036684547,-2.071448345331478,-1.5183561883713048
-0.005424939327116231,0.012200176718995434,-0.003556069471892312,0.007396635611326878,-0.34160251238002715,2.386817367124952,-2.0609037818645706,-1.5351500479331324
-0.005445835910273576,0.012240081365380157,-0.0036220677752572196,0.007365794829155268,-0.3435601986566539,2.434343364377924,-2.0368716269968914,-1.5752649553610174
-0.005424696158493572,0.012220535677080016,-0.0035757424662863847,0.007370262063407711,-0.34123914986075193,2.4008686150209386,-2.039845489520381,-1.5518024765016551
-0.0054282103906083436,0.012237556841983858,-0.003596747112194973,0.007351755390037246,-0.3413010945090555,2.4158609484762548,-2.0251291508994798,-1.5668451570063195
-0.005301888904649412,0.011876499778198768,-0.0030566916334665226,0.007654389370834228,-0.3165253751172565,2.0262204903681895,-2.2523639184008264,-1.2124528769000478
-0.005295984206068911,0.01186138058930889,-0.0030322859446496758,0.0076645727712249785,-0.3146526555928428,2.008712516166868,-2.2593883641926467,-1.1969624184930716
-0.005290980084141431,0.011846537197876117,-0.0030091223917102293,0.0076752849167277745,-0.31287333344472285,1.9920387560885409,-2.266846501923467,-1.1818537776714797
-0.005286912820526296,0.011831583365073658,-0.002986758491718588,0.007686996092418558,-0.3111933590312412,1.975857916200421,-2.2750894123130894,-1.1667414278705144
-0.0052899990891556795,0.01189002637816231,-0.0030594798936735674,0.007626683523248219,-0.3154835275901496,2.029640488336483,-2.230778224433035,-1.2233339275604107
-0.005297380055342151,0.011905882584031151,-0.003086102479835091,0.007617021244711051,-0.3175623423548147,2.048626289359989,-2.224167176441138,-1.2396235314738118
-0.005306250482595114,0.011918598340750462,-0.0031107225008726366,0.007612295057502737,-0.31954165513022303,2.065990348845161,-2.221318178145499,-1.2532325283815395
-0.005307575939994468,0.011936361486249627,-0.0031326110364177265,0.007593718298018476,-0.32067020865026336,2.0821454525558285,-2.207446321147494,-1.2701474696958657
-0.005305474993864409,0.011956629010784432,-0.0031532338679229077,0.007568534433952717,-0.32123109852200654,2.097609114965294,-2.188285561510932,-1.288471544310006
-0.005313269095974666,0.011991040400533826,-0.003200586532293628,0.007537282360908579,-0.3237285909025634,2.1319031722971284,-2.165068660306435,-1.3215672014292268
-0.0053083100602662175,0.0119742874498558,-0.0031762743444804027,0.007551362101009723,-0.3223751672410981,2.11438200946322,-2.175457321160138,-1.305247422919404
-0.005263604482780706,0.011813823909804769,-0.0029404535536659946,0.0076805646073170196,-0.30619978972913836,1.9442969322807973,-2.2682630880425787,-1.146243434161165
-0.0052720150981288025,0.011827666439779236,-0.0029660765919909625,0.0076749761082235924,-0.30851633488829205,1.9622949850515319,-2.2649217291999433,-1.1608113649006688
-0.00521267581261166,0.011675744682985722,-0.002717290943338681,0.007765233856806207,-0.285048329926545,1.7859372697190057,-2.324013505885251,-1.0049664205955988
-0.005198315809438552,0.01166665287782017,-0.002691763524778,0.0077581946715278545,-0.28185084690483503,1.7691409781704783,-2.3175928651342748,-0.9948436362405523
-0.005183165984877659,0.011658652876131397,-0.00266700198184438,0.007749216184062273,-0.2786712712771399,1.753015988873946,-2.309777694706415,-0.9857864203400774
-0.00522324390048339,0.011705414146324509,-0.00276526070922046,0.007747673120792012,-0.2899461664413793,1.8198442674401292,-2.312700542257922,-1.0353591878205295
-0.005209557636779969,0.011695479166760557,-0.002739204925841621,0.007742426173875913,-0.2867976861693282,1.8024915945055893,-2.30761252907006,-1.0243266703856901
-0.005220158501979519,0.011726479887109583,-0.0027885434811717306,0.007723230796280639,-0.2916590809299567,1.8374364246881942,-2.2949959864104463,-1.0558835860541862
-0.005216287064632253,0.011747245853278835,-0.0028103202610942073,0.007698072953453385,-0.29311774266057494,1.8540031962411263,-2.2766240206424118,-1.0757861258257548
-0.005230720656730969,0.011773159704282011,-0.002856777605235792,0.007687302308691274,-0.2976915584871489,1.8864513776407075,-2.2701655416482556,-1.102620797318519
-0.005216731432837339,0.011764130619327991,-0.0028314381556413773,0.007681397241813805,-0.2947623643439131,1.8694793442681992,-2.2646672775935617,-1.092178585075978
-0.005234037949417851,0.011792372272073219,-0.0028835239533035514,0.007671031856393455,-0.2999648565671047,1.9057749360807017,-2.258673100645923,-1.1215821367107903
-0.005242962929807527,0.011810941440154361,-0.002915212764766952,0.007661263225589038,-0.30273620542448704,1.9281105350970573,-2.252329738666418,-1.1406295613859345
-0.00611756674345582,0.013150668501838896,-0.005251031331269293,0.006470604433081143,-0.26866469768796486,3.573853289415645,-1.1966998874738808,-2.4710070721720547
-0.006107687827612113,0.013138455982275535,-0.005230647855075438,0.0064870929237412535,-0.27274788087400076,3.56155649273058,-1.2137096903315707,-2.461513862481893
-0.006101660482244128,0.013153484617397121,-0.005222970368069283,0.00645673352199429,-0.2735648896600232,3.546264954084268,-1.1935601776277431,-2.456425595354824
-0.006091766395545764,0.013141163383448375,-0.005202669877705526,0.006473243400907638,-0.27569131991691437,3.534148022050162,-1.2102912708799929,-2.446905536298552
-0.0060754825232706205,0.013144020684826065,-0.005174704305689563,0.00645946667949293,-0.2746838863823445,3.5078191013908264,-1.200256143942484,-2.4340454897975747
-0.00604947138188034,0.013134399621098213,-0.0051267875220587095,0.006462015892867052,-0.27782111887454936,3.469300236840064,-1.2092007740973063,-2.4116178750954833
-0.006058884077605246,0.013146973169639517,-0.005146217451485419,0.006445200085548021,-0.2754438755034083,3.480546869948681,-1.1924992456644732,-2.42070771529392
-0.006228323431476157,0.01332506955039145,-0.00547303124661866,0.006208262170341921,-0.2350051277219127,3.6760178240323724,-0.942573049564062,-2.563728498395459
-0.006217941823846904,0.013313192230866347,-0.005453635960426142,0.006225528403335351,-0.23779279075335233,3.6658286063702374,-0.9604407625079201,-2.555951275493222
-0.006207528127995402,0.013301336695227692,-0.005434064803052527,0.0062426075537708745,-0.24051717852905052,3.6553648580248748,-0.9781332647449369,-2.547990635708027
-0.006157464647985368,0.013199206474818058,-0.005331924476182751,0.00640411106563072,-0.25789498929811955,3.6219665449970164,-1.1282133187034258,-2.507827380346921
-0.006151798252418271,0.013214172720922466,-0.0053237895193767185,0.006374043154201224,-0.2607178194740802,3.605496222987805,-1.1086610936761474,-2.5024412007479238
-0.006147433031857423,0.013187119036995123,-0.005311802303892663,0.006420810979542733,-0.25930808043035136,3.610199728530533,-1.1453902338142354,-2.498738535059476
-0.006141742880948144,0.013202109790802012,-0.005303811868632882,0.006390710051472115,-0.26369418070590883,3.593949794772548,-1.125817178956819,-2.493516104341435
-0.006137439443456895,0.013175000149139748,-0.0052916162281131905,0.0064374570653299365,-0.2614559899359964,3.598233758821818,-1.16251209731733,-2.4895842387257043
-0.006131695171819601,0.0131900395947672,-0.005283734393533864,0.006407259122006098,-0.2665746817556101,3.582220167880267,-1.1428722554710402,-2.484445680809998
-0.006127483981293262,0.013162849930815514,-0.005271358244267403,0.0064540557580755565,-0.26465742288667743,3.5860981170453337,-1.1796173990624592,-2.4803516060449526
-0.006111630187382889,0.013165745228965893,-0.005243276760276663,0.006440228604225856,-0.27145757834732875,3.558332963486777,-1.1767404136654782,-2.4658756542222293
-0.006121651657636978,0.013177927704943625,-0.00526354739482909,0.006423746240789812,-0.26916919021862173,3.5703330651311,-1.15984366780316,-2.4752264795514525
-0.006197071970917882,0.01328950841406556,-0.005414301865068798,0.006259483570930418,-0.2432213624242687,3.64461123445037,-0.9956338130791885,-2.5398407505774228
-0.0061866462407128625,0.013277637089118466,-0.00539447508897378,0.006276312836138736,-0.24595875534047473,3.633723360582484,-1.0130553235917807,-2.531570561209023
-0.006145829308640222,0.013229377085338319,-0.0053155174173130796,0.006344055496448362,-0.2568594039871744,3.589923509500096,-1.0826269630951726,-2.497786479283708
-0.006176298313588595,0.01326567478480111,-0.005374664763475117,0.0062932026438620335,-0.24871844713929567,3.6228001747470624,-1.0304815338477142,-2.523222569295268
-0.006166043779806909,0.013253620940658765,-0.0053548962370423515,0.006310162085602244,-0.25147550986533657,3.611866019562807,-1.047919077267367,-2.5148084722848534
-0.006155887240117959,0.013241502960208184,-0.005335178174997401,0.006327145788684096,-0.25420721971578836,3.600914995668962,-1.065329048953813,-2.5063299935526313
-0.0062595754104212906,0.013360648827916335,-0.005530679701892257,0.006155801249595464,-0.22647831228208057,3.7055157228964064,-0.8882390180484657,-2.5862110259387365
-0.006249166077541478,0.013348766207192032,-0.005511601092790685,0.006173465171730252,-0.22936749030622403,3.6959239953706873,-0.9065198121928576,-2.578886739285837
-0.006238743046733642,0.013336918773429922,-0.0054923739967181195,0.00619092802855225,-0.2321893086788158,3.6860731153760855,-0.9246138942878074,-2.5713849456157707
-0.006270078983103378,0.013372531320141058,-0.005549804244986341,0.006138041054918303,-0.22348623923630098,3.7150394201934476,-0.8698346886650609,-2.5934519845293322
-0.006280743332569852,0.013384363973397902,-0.005569096955081611,0.006120296711337743,-0.2204441072193646,3.7246314490997747,-0.8513814866631995,-2.600673377872479
-0.006291543293315937,0.013396087676037526,-0.00558851585310189,0.006102663270694663,-0.2174088036433175,3.7342882736390237,-0.8329650137355628,-2.607864064544087
-0.005888111906421113,0.012919370009021934,-0.004776762556661609,0.006728401602372941,-0.3133114385924278,3.2491628989670844,-1.4714531249892036,-2.2361785076219447
-0.005872040854598602,0.01292123649386756,-0.00475088912358694,0.006714127856241216,-0.3127113679995839,3.2258835890995745,-1.4613291409454459,-2.2251146387374203
-0.005915874755636953,0.01295812334321334,-0.004839836140698794,0.006682497115310562,-0.3077555449923312,3.2902961745972337,-1.4270727919424717,-2.269276849790613
-0.005906395227691101,0.012945567714822803,-0.004818689705485837,0.006697179817292069,-0.30961192176935043,3.2764013748235494,-1.4414054913504089,-2.258300454255179
-0.005897052807232457,0.012932585043735892,-0.004797494281864631,0.00671252920991347,-0.3114647917915771,3.262568556022195,-1.4562519172742443,-2.2471882165812933
-0.0059089362326458965,0.012973149652222522,-0.004834243410729984,0.00665261993348177,-0.3053648545113434,3.2796665884557314,-1.4021519128425908,-2.268569843970099
-0.005917245665321996,0.012985890834472135,-0.0048531867351385245,0.006636694761560602,-0.30346229093990695,3.291382416322428,-1.386942463103984,-2.278395528470067
-0.005925774827739594,0.012998984426915874,-0.004872519963280809,0.006620196562360418,-0.3014698768294648,3.3032245743046054,-1.3711762414760615,-2.28835090282197
-0.0059347221381166266,0.013012013894476841,-0.004892416152751302,0.006603946511859805,-0.29945037396417606,3.3155098183239216,-1.355521081748516,-2.2984743129261105
-0.005944022531564741,0.013025033198328763,-0.004912790828159641,0.006587803663916418,-0.297391010380553,3.328144274238754,-1.339862945220423,-2.3087357930946215
-0.006009922288551561,0.013085092485612064,-0.005044890391112558,0.00652512394179976,-0.2869807425103519,3.4192626234498618,-1.272551561324856,-2.3725388180293474
-0.006039884472122783,0.013122155672780973,-0.005107018319216152,0.00647802759162719,-0.2801372789833374,3.4574969297167573,-1.22522781014178,-2.402285706760893
-0.006029834890112644,0.013110136962374069,-0.005086394359125613,0.006493249390211612,-0.2824225823249711,3.4447436445949946,-1.2406442379520526,-2.392489640022836
-0.0060197142032146905,0.013097826071267504,-0.00506546916253259,0.006508796137641639,-0.28469933894809274,3.4317883046987547,-1.256316242250932,-2.382478962664893
-0.005992717084805641,0.013088000333585217,-0.005016066624934384,0.0065099755183128044,-0.28689134327252663,3.392366868586659,-1.263058924361519,-2.3594521924515988
-0.005983610485233696,0.013074770936004782,-0.004996512682848688,0.0065272865456438775,-0.28916179341874365,3.380923495644971,-1.2798622577554848,-2.3499299997737033
-0.005974846994027752,0.013061980127759528,-0.004977556065921967,0.006543922135478371,-0.2913252169677299,3.369726616587539,-1.295992094463015,-2.340612234844872
-0.00596485043569193,0.01305019513140756,-0.004956707034207696,0.0065579622430659195,-0.2932834733952245,3.356336318640769,-1.3101099452569211,-2.330406372319628
-0.0059539771126711485,0.013038089776157257,-0.004934175514935569,0.006571866312943118,-0.2953108500422825,3.341575306377593,-1.3242234885797932,-2.3193804282643415
-0.005789812746145077,0.012775532765192147,-0.004542668112095507,0.006891197697603582,-0.3306920609073045,3.0919304824405853,-1.6256543297401407,-2.1085104944924455
-0.0057811414668733135,0.012762631565834908,-0.004521336201337483,0.006905070927554743,-0.33200138940693646,3.077239095508434,-1.6385700110589847,-2.096591412312963
-0.005782006354009119,0.012790019642739433,-0.004538360627709424,0.006861964896446491,-0.32831421654383947,3.084206271241303,-1.6009810484615736,-2.1100906059511835
-0.005789475550475625,0.012803294889823008,-0.0045576711734357025,0.00684640782526244,-0.32686076574163786,3.096916667231499,-1.5867086233923138,-2.1210747086208954
-0.00579741505468426,0.012817101946934402,-0.004577910611276092,0.006830226736787217,-0.32531832012180967,3.1102009741195698,-1.571813252650749,-2.1324891028534645
-0.00580591076096599,0.012831113644863348,-0.004599033604420235,0.006813995431127159,-0.3237206896403701,3.1241148524002944,-1.5567741209564099,-2.144245319065687
-0.005825214734106242,0.012858409383391119,-0.004644311204721577,0.006783968784686665,-0.32056344988545055,3.1545609050246246,-1.5283956713283773,-2.1686942538476655
-0.005815057273726026,0.012845291306542569,-0.004621174162678905,0.0067978308761884555,-0.3221058134396681,3.138781724201923,-1.5416752252074664,-2.1563923357964465
-0.005844361536835434,0.01288325919677741,-0.004687749958962668,0.006757209383828224,-0.3175844477950928,3.1840254020708727,-1.5026686327126517,-2.1917192254614317
-0.005834871703838095,0.012870997816709417,-0.004666284815319368,0.006770453129714642,-0.319130440675738,3.1695005059608463,-1.5154188050714341,-2.1803805548017174
-0.00586312967793063,0.012908343735292998,-0.004730349710402613,0.006729233363450119,-0.31439109744103716,3.2124908630665794,-1.4757549337933986,-2.2142166469847346
-0.005853459217588054,0.01289629692552692,-0.004708852169413026,0.006742273653569512,-0.315996130054402,3.197962448144889,-1.4884434103838462,-2.202999739137938
-0.005524549998249702,0.012396561021653365,-0.0038709661230389614,0.0072307264524616,-0.34644038577399217,2.6128880716882,-1.9277209987507298,-1.7280941961110574
-0.005517030453779164,0.012382406758027237,-0.003848313335409867,0.007243280937596067,-0.34641566650394773,2.5966961329889986,-1.9380926201454527,-1.7143634153655916
-0.005487611552761888,0.012282378760827748,-0.003717605260772403,0.007351027466960922,-0.3476773473847316,2.503724753457057,-2.026017008047361,-1.625042052771539
-0.0054797763762501825,0.012269392574402092,-0.0036948460477596013,0.007360647548335244,-0.34718723116327693,2.4872428262991204,-2.0336400764043336,-1.6115864186742541
-0.005509585724476016,0.012368270454369343,-0.0038256984907196656,0.00725573622848679,-0.34634225365914234,2.5805186055431517,-1.9483367711385708,-1.7006262624677533
-0.005502273874861774,0.01235396690072864,-0.0038030360469655943,0.007268401784981236,-0.34624300681556736,2.5643043492709885,-1.9587078821755377,-1.6867682693519601
-0.005495187586944422,0.012339338397888984,-0.0037803036607490874,0.007281578336040353,-0.3461266621143568,2.548042133050192,-1.9694539718129114,-1.672700589997319
-0.005488770781024083,0.012324324244532175,-0.0037580323687896526,0.007295769117678846,-0.34604799508827716,2.532133773903212,-1.980988084808958,-1.658549590044457
-0.0054837990426523636,0.012309209002657494,-0.003737500569336923,0.007311342696503635,-0.3460817963004464,2.5175092417277862,-1.9936221024831957,-1.6448212243701497
-0.005480339049831262,0.012295904369346546,-0.003720546638239448,0.007325830063037468,-0.34620702595044506,2.5054366835709736,-2.005357483865228,-1.6330084653254608
-0.005532115686678521,0.01241123783535787,-0.003894045269325011,0.0072173405282066816,-0.34636226781600504,2.629348615423222,-1.9166141559800078,-1.7421707071348649
-0.005464641669338417,0.012269383537065116,-0.0036747695242424763,0.007345799297105717,-0.3451430828429144,2.472383180823298,-2.0212247372426773,-1.60586387745743
-0.005451861617266792,0.012258503602020595,-0.003647605062922538,0.007347620779202936,-0.3438287506285525,2.452651097217959,-2.022388910829655,-1.5923555495728277
-0.005738246923514548,0.012695250744183775,-0.004412288304086124,0.0069772262383179995,-0.3381195846845859,3.001867028495749,-1.704841337939721,-2.034555617818249
-0.005746470258200552,0.012708886185971444,-0.004433832296787141,0.006962546314505697,-0.3369518552162778,3.0167608918439615,-1.6914962697892688,-2.047000493973497
-0.005772332063318249,0.012749468220774815,-0.004499541602331506,0.006919112414348921,-0.3332692636663716,3.062179075861533,-1.6516019640093027,-2.0843692159545255
-0.0057549135596421256,0.012722505571413469,-0.00445560992240024,0.006947926536068184,-0.335743192232365,3.03181375391438,-1.6781386676153913,-2.0594818723594357
-0.005763531244040019,0.012736063385760242,-0.004477524660626641,0.006933398726215831,-0.3345255307926605,3.046953853322394,-1.6647966957657163,-2.071949752499443
-0.005722181587399223,0.012695948501246664,-0.0043876633606483376,0.006963000934476315,-0.33689053417557396,2.9810532500826423,-1.6936798184705097,-2.0249969138712776
-0.005679614995084538,0.012629411684258395,-0.004277944812057287,0.007030013485567021,-0.3414931083256119,2.9042746435260125,-1.7540757545570098,-1.9621573823559453
-0.005688603774521562,0.012642464305554452,-0.00430061117161304,0.007017684332025188,-0.34068731546348857,2.920320203129687,-1.7429811206980401,-1.9749889526240805
-0.00568236861853846,0.012656686126047496,-0.00430067677768823,0.0069907496069507,-0.3386888875204166,2.9174483571672445,-1.7203970885371533,-1.9793723994174865
-0.0057067016486243155,0.012695705411103759,-0.004363512570745118,0.006950787275678913,-0.3359010631144742,2.9609406242170326,-1.6844658457241386,-2.0153009668343715
-0.005687759494880269,0.012670196406792844,-0.004317870096793643,0.006974551719960669,-0.3375712878975205,2.9287659773844603,-1.706211741466409,-1.9900670621303311
-0.005695373348888151,0.012684396952064567,-0.004338801647719478,0.006959003723317218,-0.3365258715762458,2.942970396639927,-1.692386497365115,-2.002358704576277
-0.0055536863672645985,0.012437512102348218,-0.003946452575177053,0.007200376975791194,-0.3469950430341279,2.667410111340223,-1.902337284540583,-1.7709868064328496
-0.005575047690635497,0.012451131677496473,-0.003988115911717175,0.0072006948211457,-0.34831528641958465,2.6985301428451005,-1.9023325882492725,-1.7908315372236567
-0.0055580769592970865,0.012450735957065544,-0.003963619304898743,0.007185676393257296,-0.3465201361397223,2.6793754951166338,-1.8900358260420251,-1.7823912739329197
-0.005540976480152645,0.012427586725947272,-0.003920249396064931,0.0072026486168569525,-0.34626604680593054,2.648037848248497,-1.9043632317005625,-1.757970549571713
-0.005591506457451489,0.012479247045091641,-0.004034704016772846,0.007175370092113358,-0.34781366835408556,2.731911591544455,-1.880827456147646,-1.8185216091151972
-0.00558252592212467,0.012465796445000578,-0.004010865541021019,0.007186549123994698,-0.3479805930975377,2.7147377592957516,-1.8903730165942874,-1.8047669659593664
-0.0056444468583178925,0.01260334945971787,-0.004206620729207204,0.007039476261701825,-0.3414028697868204,2.850833498854343,-1.7641626475040517,-1.926570991941128
-0.005635857699913826,0.012589693461257536,-0.004184041747094321,0.007052520433803291,-0.34205437026741975,2.834946846677697,-1.7756568284611525,-1.9135452207666945
-0.005627534719345129,0.012575928343347616,-0.004161696581808097,0.007065809756305664,-0.3426945317202503,2.81924722883388,-1.7872998784836958,-1.9005371195074632
-0.005585234546091224,0.012492931339726548,-0.00403658224839627,0.007149930940804741,-0.3460775657518119,2.731677772746334,-1.859620407716268,-1.824726613844377
-0.005619220762084342,0.012561645231337406,-0.004138895824536061,0.007079725197787293,-0.3433016685438008,2.8032451497574864,-1.7994260931230635,-1.8871467151873624
-0.005611878668840731,0.012546870893966909,-0.004117055225885132,0.007095060140783302,-0.3440498561536764,2.7880695608711625,-1.812653111525181,-1.8738908761055353
-0.0056079128102838795,0.01253205057494526,-0.004100007444609626,0.007113296244890566,-0.3449204274386508,2.776677239965343,-1.8281545331306135,-1.8622739583604324
-0.005590240679241036,0.012506025806361338,-0.004054138989198059,0.007135486128279586,-0.3454832279236095,2.743845539553005,-1.8473779273436077,-1.836034324054147
-0.005597253271665423,0.012520376430697061,-0.004075480946864048,0.007120894310068691,-0.3449897883672672,2.758802026403791,-1.8349209253320924,-1.8491037850428358
-0.005653832100611993,0.012616712011606,-0.004230109805275886,0.0070274006717785725,-0.34085434346862953,2.8674890627358463,-1.7534009859032398,-1.9398118561838131
-0.005664317088721834,0.012629120736116526,-0.004254539879600895,0.007017537302770186,-0.34027501415674255,2.885064233790853,-1.7443866739164142,-1.953071085763116
-0.00698535261060176,0.013988972438811073,-0.006648138686182643,0.005024371245308486,-0.02597072842876517,4.078673073565822,0.32282623588957904,-2.8142972208730703
-0.00698314184772755,0.014004876148944587,-0.006631668897427105,0.004995652377992031,-0.027393898353305367,4.049954450181886,0.3336049441884841,-2.7991228082650963
-0.006997899134824618,0.013998423488740684,-0.006663889397636607,0.005003461920939569,-0.022857466339819887,4.078685115573306,0.3441625917369919,-2.813181736414259
-0.006883532049016796,0.013927726275878604,-0.00650429015098982,0.005160901708921777,-0.05479332170574224,4.043816009113107,0.16412415443211734,-2.8043179036664605
-0.006898366915619616,0.013921718017639338,-0.006536078457417158,0.005169306690865417,-0.04745054332587761,4.072991126306284,0.1737509677156384,-2.818082935762438
-0.006868417592021764,0.013933947608998297,-0.006472603476474061,0.005152496993955599,-0.056159512048924866,4.013051984844627,0.16097267336678547,-2.7890019548924765
-0.00718958373010223,0.01413540329229132,-0.006892216586515965,0.004683951935104713,0.029049596071783552,4.059674124267128,0.6657773594338549,-2.7756727931799277
-0.007176605729088549,0.014126553621484204,-0.006877476976690806,0.004705567533327509,0.026503432668697008,4.062153501571499,0.6444699852678427,-2.7791381302386635
-0.007175320809229255,0.01414253495023781,-0.006859852469244229,0.004677594266953271,0.020446217350550046,4.032227567224715,0.6520504280227502,-2.764018830443295
-0.00716365560620903,0.014117663230499858,-0.006862664799346174,0.004727143626198878,0.02347519575409804,4.0644262956025585,0.6231201266688124,-2.782486613926802
-0.007162317951807308,0.014133658390930242,-0.006845104852096454,0.004699095528263979,0.017137855128450095,4.034607995386275,0.630841917297238,-2.767449745636498
-0.006334672412259698,0.01344190553611843,-0.005664901053067286,0.0060327248968404705,-0.20577307135416525,3.7713244694209327,-0.759629291198331,-2.6351622118147664
-0.0063239952739907275,0.013430477110294879,-0.005646177188372097,0.006050394155238933,-0.20865032674200149,3.7625448142387334,-0.778114881854813,-2.6286626580162085
-0.0063024048769227395,0.013407656831530787,-0.005607931430401177,0.006085196163124779,-0.21442013877743518,3.7439242988950627,-0.8146520392398845,-2.614973107424206
-0.006313237800666337,0.013419094325337354,-0.005627181461889349,0.006067824198129978,-0.21150586045818923,3.7533841884244157,-0.7964077469318306,-2.621923508253868
-0.006329360194491485,0.01345747615343458,-0.005653765040053881,0.0060025485924340045,-0.20472938525111664,3.7505936199819616,-0.7376717911565934,-2.626892159053743
-0.006339817840280215,0.013469131289218046,-0.005671733366266844,0.005984298161225897,-0.20177739856853386,3.7583305082307237,-0.718917200479825,-2.63277562467119
-0.006509172961654168,0.013579682470325219,-0.0059660348237391995,0.005817944912809432,-0.15832840238726467,3.93301641677277,-0.5105434459802103,-2.7387060376318337
-0.006505130240166006,0.013595139380869502,-0.005954058364017244,0.005788063666714129,-0.1617278565546206,3.9101450644762923,-0.494175598870455,-2.7285860358445047
-0.006497944278924988,0.013568698043612793,-0.005947743821909914,0.005836642758316964,-0.1605698658123955,3.925953414637746,-0.5303688294380168,-2.7338010704538553
-0.006493884416372969,0.013584173211383102,-0.00593591251444136,0.005806709936217898,-0.1652361552604269,3.903281987438475,-0.5139381142964335,-2.7238615310243666
-0.006486750166079203,0.013557678400931633,-0.005929388375072245,0.00585528893417953,-0.16336973698503812,3.9186789936337654,-0.5501553316426455,-2.728796659605905
-0.006482654603124017,0.013573195526256986,-0.005917669796326555,0.005825254625514167,-0.1687187052367817,3.896211202273912,-0.5336370842770143,-2.7189713057812366
-0.00647559073421107,0.013546623651759673,-0.0059109654987587875,0.0058738863935171035,-0.166767322776924,3.9112182060178537,-0.5699254949114775,-2.723694340916911
-0.00647143732189669,0.013562184890682984,-0.0058993307187454195,0.005843734313254836,-0.1720159694554166,3.888960686165509,-0.5532817055961604,-2.7139182386972345
-0.0064602367981205335,0.013551122076099186,-0.00588090691893664,0.0058621838306153915,-0.1751979684087854,3.8815517912884494,-0.5728775183886744,-2.708708148255543
-0.006523525017348448,0.01363274320595452,-0.005977872117021083,0.0057208021771383575,-0.15225098400219392,3.899658487680027,-0.4319429917791498,-2.7266275509097073
-0.006512141732498829,0.013621827281386613,-0.005959924356807575,0.005739550375506824,-0.1554980588842733,3.8933136335514473,-0.45167317561803394,-2.722321213873823
-0.0065008614395891595,0.013610846857729723,-0.005942054233126455,0.0057583065563960424,-0.15874238075107414,3.8869510276629087,-0.4713651032406773,-2.7179470297839146
-0.006350580330517768,0.013480774797873935,-0.005690131721504927,0.00596603312781306,-0.19877092069769084,3.766336278936944,-0.7000288186720902,-2.6387478797895683
-0.006361656551499697,0.013492260867497134,-0.005708996335279077,0.005948014470060541,-0.1957224372747439,3.7747449836129694,-0.6812036231969696,-2.6448581033239713
-0.0063728771316374985,0.013503551316262742,-0.0057280271952947605,0.005930258941920888,-0.1926508559130317,3.7833207114267737,-0.6625138073831208,-2.650979984982939
-0.0063839306489962624,0.013514864147212412,-0.005746623162386053,0.005912285673785006,-0.1895729594332085,3.7913810805054955,-0.6437039182206936,-2.656789678676027
-0.006394743438314689,0.013526495393190624,-0.0057645946628568515,0.005893540219394681,-0.18650005448126586,3.7985371859962753,-0.6243757251338072,-2.662122041565824
-0.006433307089093082,0.013544815298382465,-0.005832379424414145,0.005868476517262172,-0.17764975733249463,3.844008523543097,-0.5875563077844091,-2.688128292711976
-0.006444611554984658,0.013556001409948983,-0.00585102175216623,0.005850113092917925,-0.17442328767090418,3.8516677990550856,-0.5681834400069655,-2.6935053675983522
-0.00640570034091505,0.013538349760649637,-0.00578265513408861,0.005874293863465669,-0.18337402578599352,3.8054746707388767,-0.6045995890381503,-2.6673153516703594
-0.006417081758907699,0.013549980320122404,-0.0058013993559945486,0.005855426035602628,-0.18020210076360413,3.8130394992014125,-0.5849397934465487,-2.672750525563863
-0.006534940226318534,0.01364361070520032,-0.005995761395144336,0.005702020818993267,-0.149080337695311,3.905859061312571,-0.4121665930278621,-2.7307993389210288
-0.006546308862063245,0.013654521231177457,-0.006013416354218006,0.005683028990749131,-0.14593312340035577,3.9116919641984835,-0.3922436983475423,-2.73472569093061
-0.006557657841797781,0.01366550667449589,-0.006030872834495492,0.005663773771754432,-0.14268609851067746,3.917158103163304,-0.3721325694518382,-2.7384085554695505
-0.006569100707540126,0.013676495538470945,-0.006048363322947093,0.0056443995023849995,-0.13930007602962677,3.9225110621684336,-0.351901824074163,-2.741974329434924
-0.0066160152366834995,0.013719211965722108,-0.006119538007000296,0.005568029420633517,-0.12592936136070268,3.9445595707809002,-0.2714006148893448,-2.755920492323119
-0.006580714388281533,0.013687400580250392,-0.006066061972740098,0.005625071327631606,-0.13584520716744555,3.927967716872473,-0.3316427534004593,-2.745530421233489
-0.006604289183823171,0.013708716467341819,-0.006101880327254475,0.005586972627718369,-0.12911808539627082,3.9392182519359733,-0.29140763345673776,-2.7526171487162787
-0.006592479581565411,0.013698148918769353,-0.006083962754360958,0.0056059176404460115,-0.1324226003264658,3.9335809441835217,-0.3114557206788661,-2.7491008756908726
-0.006658240533906346,0.013719226219359807,-0.006198590385014615,0.00556951797598348,-0.11608206934754361,4.009787952099062,-0.2465690343389766,-2.789297040563603
-0.006643066357266602,0.013724369803754903,-0.006167644176266953,0.005559222133287605,-0.12188435591300618,3.9800617770373434,-0.2523247922892778,-2.774447026262269
-0.006856064529085532,0.013924128905149588,-0.006456362575180604,0.005172754464196196,-0.0594902828002369,4.011399558738531,0.14011089723231962,-2.788866080900977
-0.006843785315900203,0.013914216697167511,-0.00644017278798734,0.005193053881543245,-0.06286504981002135,4.009722981279101,0.11923900716612122,-2.7886552336993127
-0.006831570406876719,0.013904228028471405,-0.006424004596019626,0.005213367738528229,-0.06619004444324507,4.00798057420831,0.09836176523021702,-2.788348401459583
-0.006705240485047168,0.013760925383283718,-0.006268092833722126,0.005491181046742707,-0.101835446515109,4.0280027558783225,-0.16365325268303796,-2.7998685775621386
-0.006701985681509153,0.01377658635758205,-0.00625416016380505,0.005461682082365377,-0.10499862414933771,4.002374528873048,-0.14950300046136564,-2.787461311492692
-0.006693441434347548,0.013750556019033765,-0.006250834005636439,0.005510819349614807,-0.10362388144170682,4.023746883560333,-0.18436596307743672,-2.7973893134006587
-0.006690161751161108,0.013766212872510898,-0.006237023870416813,0.005481306421134217,-0.10880723269559996,3.9982616044092407,-0.17014334057902047,-2.785177143615931
-0.006681675014610206,0.013740149634885993,-0.006233492945540723,0.005530426615572828,-0.10702915379018361,4.019242625130498,-0.20510150565831686,-2.794824174920168
-0.006678337812869404,0.01375583745590779,-0.006219752907841171,0.0055008148299898136,-0.11242025355565387,3.993899591952466,-0.1907543385266126,-2.7827069304750265
-0.00666994134237994,0.013729706333856551,-0.006216071068443813,0.00555000108115801,-0.11173583243939206,4.014567691527967,-0.22585796400318023,-2.792143525007989
-0.006666530130441363,0.013745415681254107,-0.006202398528642992,0.005520284298913043,-0.11560178304341694,3.9893849024051007,-0.21132776537721573,-2.7800788506452
-0.006654769179917167,0.013734920158126144,-0.006185025805414655,0.005539763870948708,-0.11863352898705647,3.98478150315919,-0.2318541418893856,-2.77732447541467
-0.006819342724165418,0.013894253035942952,-0.006407659477504833,0.005233543386839338,-0.06947469557888926,4.005928628250664,0.0775376381551313,-2.7878217838856423
-0.006807113984938965,0.013884285609212564,-0.006391163995624108,0.005253588348369267,-0.07279438081072394,4.003594473187952,0.056776293141935406,-2.7870883615913375
-0.006794965029787491,0.013874264930340196,-0.006374704583647806,0.00527360327849298,-0.07613618662765433,4.001183288185299,0.03605760033921579,-2.786252320478521
-0.006698478104936935,0.01379256831284064,-0.006240090409864056,0.005432205355455772,-0.10295562966353343,3.975452534278652,-0.1291065502174986,-2.774085228442908
-0.00678290027051284,0.01386421938178202,-0.006358272911024503,0.005293537757959859,-0.07941223484759241,3.9986608417481135,0.015414160657703698,-2.78529707911545
-0.006770834247492872,0.01385422404889689,-0.006341669440654692,0.005313264016823531,-0.08263184683051904,3.9957985780744885,-0.005112368495070644,-2.7841082015734293
-0.006710296968257152,0.013803082385100598,-0.006256806651679,0.005412256114107746,-0.09961867574250884,3.9788290161372366,-0.1084216084943296,-2.775908123811242
-0.00672224925046011,0.013813586036476288,-0.006273630404254935,0.005392202354718988,-0.09617759144077652,3.982150732481444,-0.08761759162906546,-2.7776382279614427
-0.006758706354259638,0.013844259114982624,-0.006324796556308286,0.00533282159961643,-0.08588388094886096,3.9925403996203244,-0.02557705374246055,-2.782659092143353
-0.006746524351478815,0.013834211363094753,-0.006307731770492076,0.00535241461018959,-0.08924438653447697,3.9890558783361842,-0.04611144976775471,-2.78103613563141
-0.0067343435479164685,0.013823988322176984,-0.006290624815816625,0.005372207462611956,-0.09269645149142142,3.9855506058841,-0.06680509343607799,-2.7793421840111687
-0.006627646365082008,0.013729767635461547,-0.006136860600522807,0.005548847487025042,-0.12274906858794311,3.9494282839442616,-0.251266988804244,-2.7589263778302366
-0.007202589478660923,0.014144212153727341,-0.006906887721945354,0.004662290826448732,0.03126281686507161,4.056972418239878,0.687065921172176,-2.7720678909893954
-0.007188333454628271,0.014151383504249812,-0.0068744904266348885,0.004656032986199689,0.023851599552565425,4.029646285633722,0.6732287431873453,-2.7604235711073897
-0.007254887330118262,0.01417903773967821,-0.006964937433565813,0.004575117798870466,0.04454037169196346,4.044593041809751,0.7721966292484389,-2.7559886191537735
-0.0072417719009396685,0.014170392997494846,-0.006950541637835584,0.004596958289168938,0.04246527161345439,4.047939451420921,0.7509933190646966,-2.760196705153559
-0.0072406947325370655,0.014186399053854768,-0.006932390171142839,0.00456926823778643,0.03620992128062503,4.017540226137263,0.7578326665617848,-2.744522855691704
-0.007228683695126791,0.014161707094251578,-0.00693605995213759,0.004618779545213824,0.03872376125389162,4.051080382474613,0.7297085583990562,-2.7643093541807997
-0.007227558035047304,0.014177739337174448,-0.006917976358765493,0.004590976315718705,0.032998435822660536,4.020759366983611,0.7366919384975973,-2.748708623897004
-0.007215622843988555,0.014152980117106462,-0.006921502306616987,0.004640566534026009,0.03439695900771282,4.0540878443959745,0.7083777663384739,-2.7682828431441564
-0.00721443845613736,0.014169012972498405,-0.006903503319125326,0.004612685013449581,0.030118728095306763,4.0238548954989986,0.7155318061381343,-2.7527525186290873
-0.007201364868240631,0.014160215837440338,-0.006889021837626407,0.0046343892945244535,0.027150346482578663,4.026841515623297,0.6943807516364605,-2.7566634627035005
-0.007268029851185399,0.01418764123415389,-0.006979261055193098,0.004553237377785954,0.0462476771717965,4.041005439584215,0.7933649759398328,-2.7516574752125558
-0.007253827729989543,0.014195033813932008,-0.006946669375417512,0.00454750243280885,0.0396798102712149,4.014109452846637,0.7789196565909267,-2.740171019228752
-0.00728119933250035,0.014196203394784796,-0.0069935275923425815,0.004531293970842244,0.04899210420150408,4.037205810115675,0.8145611733921435,-2.7471344781051754
-0.007280153737124249,0.014212265224182855,-0.006974899799712227,0.004503709565393826,0.04598522461743303,4.006580554131594,0.8209548159653143,-2.7310018487057586
-0.007294395642263589,0.014204724135944919,-0.0070077366430493305,0.004509288041092703,0.05259999800378317,4.033235157270511,0.8358014932228537,-2.7423777944006686
-0.007266972083093052,0.014203662737473267,-0.006960818539823996,0.0045256421615344974,0.04298610280948773,4.010437941615094,0.7999527033150798,-2.73565458698077
0.013679751988253922,0.0139563287055031,0.005524732540724635,-0.005137981215368838,0.19717783434312533,-2.3904153828451538,-0.6636430352477302,3.3193754152903807
0.013663425456918692,0.013997006044972194,0.005537158254666885,-0.005074363857823266,0.19322110380667867,-2.367290092798019,-0.6962835521888316,3.2830641584590636
0.013477555206836252,0.01421096691946024,0.005738192876959081,-0.004737101519828954,0.17878576758913156,-2.2550684382441717,-0.9567053327771987,3.1423070494191054
0.01363480436993692,0.014040945823116172,0.0055667079151122114,-0.005006363248927566,0.18956264228203654,-2.3446399102419577,-0.7418890167702904,3.2510705611728024
0.013520684870751924,0.014167468734585372,0.005692404395030847,-0.004807454499671988,0.18134805384090608,-2.2796642996447916,-0.9003723220045199,3.17115832837698
0.013592961360546135,0.014088804159508335,0.00561388936589259,-0.004932009863703871,0.1862625246700114,-2.3212551952302145,-0.8015280201791192,3.221836930062668
0.013571832818444627,0.014142049409528254,0.005624380407465989,-0.004848717751806196,0.18111748518677112,-2.288443425273138,-0.8391839573108639,3.1714354158728804
0.013724547090594686,0.013933378066055152,0.005460120635541091,-0.005169766238405976,0.19673086464556636,-2.392100734082956,-0.6075729148293983,3.3118044432586267
0.013911092122718679,0.013701800327809679,0.005208484539404701,-0.005503300911960613,0.21119764705042063,-2.4660218653211885,-0.30709801590735136,3.4094981309498134
0.013876060457101717,0.01373108024749916,0.0052612024259620785,-0.005465878820326536,0.21072451636871928,-2.464262201079159,-0.3572885822228187,3.4111565579624723
0.013860671122035905,0.013803762218982073,0.00527372018763892,-0.005352733360124438,0.20231437376207975,-2.4257909413405314,-0.41103749932712136,3.3447839606819794
0.013880825030774643,0.013770876217810323,0.005247240721297505,-0.005400436484611472,0.2052467863682676,-2.4376311556943935,-0.37432710384640344,3.3627385618107164
0.013799539888675414,0.013863170987162705,0.005358892014051567,-0.005270467352131968,0.19976132911500719,-2.4121428703007664,-0.500300325381709,3.3314255667100103
0.013849929805434117,0.013847017758999623,0.005282236642993459,-0.0052862224902248366,0.19766975993491956,-2.402933102146196,-0.44287114483112294,3.3062135919720848
0.01388523411137112,0.013831416014352421,0.005229503802629409,-0.005303077726572178,0.19678567112765183,-2.398346807841565,-0.4012558399104173,3.2924774263800094
0.013791763375384904,0.013911935837671549,0.005359174525758612,-0.005194225458964814,0.194125645426236,-2.383459924737959,-0.5302192787311825,3.282679063397715
0.014183227497065342,0.013374598141427585,0.0047696526463336586,-0.0059141169097319994,0.22812373452287912,-2.4861744133269137,0.15174732717849213,3.438115872559102
0.014106145322765901,0.013471657063872279,0.004901683134926168,-0.005798737727361735,0.2234005844859893,-2.4883814714402326,0.01736318663067248,3.4384311404900374
0.014166198448029113,0.013423918129498898,0.004802299567986449,-0.00584493356471786,0.22336076185514633,-2.474338935353954,0.1008633158852361,3.4134353061997054
0.014149225908092696,0.013458492768771563,0.00483221651700893,-0.005798734730777796,0.22024544898175963,-2.4684780591951543,0.06192106975114706,3.401347531964588
0.013964143145846859,0.013707899058522946,0.005122660757298795,-0.00547727594882524,0.2063363220343899,-2.4371072482872784,-0.2607185552755462,3.3511220547089438
0.013984903060728825,0.013650553406448617,0.005094612300724701,-0.00556191591050166,0.2115804226727958,-2.4597953075448253,-0.20763008817176518,3.3901271365712877
0.014029476078328273,0.013608880513321951,0.005025624401730288,-0.00561221984789599,0.21275604150233648,-2.459776291099345,-0.14178614431979983,3.386767687783339
0.014088218724430106,0.013516461132669159,0.004932249186363576,-0.005735354230633586,0.2192151942435351,-2.476269909005388,-0.02942281267078527,3.4152645741725927
0.014060487669958849,0.013564556512420374,0.004977081141974662,-0.005670544012778921,0.2155414758088081,-2.4668159928525735,-0.08582751437194291,3.398233803191126
0.014231312689321483,0.01336868757382921,0.00469301519847945,-0.005896680621849805,0.223685980817074,-2.457046593177782,0.19252430790105682,3.3850390252855873
0.014291160377817757,0.013175946144405423,0.004559392109134503,-0.006162239144635858,0.2418006241618876,-2.491743820627709,0.3940018608327922,3.4695978157319725
0.014281156591665732,0.01322250158803575,0.004586857924467245,-0.006095664641171078,0.2368403850274781,-2.481839764953008,0.34698558989239286,3.4452136622888254
0.014264074565791695,0.013269113883965454,0.004624084130446429,-0.006033351361834887,0.2329556459483463,-2.4759912179090495,0.2959955033029451,3.428929369854122
0.014245175893320867,0.013315464734080696,0.004662684562358612,-0.00597208756365944,0.2288087671288658,-2.470237918919993,0.2447005724981828,3.4136355543731436
0.014336653479394596,0.013160889464947463,0.004484087309516793,-0.006154275365679778,0.237956428412447,-2.463080962941485,0.43671600851827,3.420467798933213
0.014479177410005076,0.01288396878701864,0.004161312688057786,-0.006465599008088658,0.2547701807322238,-2.4229636368583134,0.7743596727089564,3.407723465523844
0.0144725661046979,0.012917186255324925,0.004186540504134552,-0.006421329313901637,0.2508208941558696,-2.4219676869833195,0.7386575763646428,3.39760083405449
0.014514134529003481,0.01286896029768099,0.004101915334094965,-0.00645699898045995,0.2510991603445435,-2.3963407483976527,0.8048221378622802,3.365162632448693
0.014483674065302446,0.012947071493047009,0.004182994203649913,-0.006366981937939981,0.2463465671583532,-2.406597140264313,0.7151430607892348,3.363499908725738
0.014381164685687231,0.013144616660148576,0.004410742045197098,-0.006147778551417544,0.23483318712313775,-2.4350952839856745,0.47838486248893125,3.373524578087818
0.014468921830723215,0.012981917223492184,0.004219779524070995,-0.006327050560088245,0.24385308618505633,-2.411032229955543,0.6747324024423403,3.3631028497645032
0.014440691858971351,0.013028696728269513,0.004280758872346391,-0.006279299283679269,0.2415915238058916,-2.4222842529165995,0.6166928574336096,3.372720283177631
0.014428766157885962,0.013080645952385384,0.004317611429496376,-0.006209968249409613,0.23695584494305919,-2.4178236228626573,0.562730237200684,3.3546063557071837
0.014416078548056994,0.013120908857580603,0.004350242268226232,-0.006158518069707269,0.23332675841382508,-2.4159929893797014,0.5196241859943814,3.344046945059115
0.014651971509410614,0.0126091421324541,0.003755437604364115,-0.00669914920571505,0.2615233979699856,-2.3000556731145836,1.1163717711438144,3.277438752569044
0.01464468412176435,0.012641392139269899,0.00378623607361083,-0.006661289514583879,0.2586097928113891,-2.305961833865747,1.0810191481351472,3.276633689836294
0.014617296211325905,0.012666777898461557,0.003840845544177231,-0.0066533036976644455,0.2602507469391461,-2.3291923660567613,1.047079031220157,3.308444429715418
0.014606050923324152,0.01271151870603594,0.0038836881199391412,-0.006600490847196552,0.2565704014889039,-2.3364186975837415,0.9975606562032019,3.3065400327046466
0.014587495071570445,0.012743135819675186,0.003928520777863322,-0.006573123787118823,0.2558826306672513,-2.3499177169521124,0.9593248309490006,3.320215959810716
0.014580171821230049,0.01278118471580357,0.003960098954621763,-0.006525043979831799,0.2524447125373459,-2.3525513867669505,0.918311272328956,3.313300846504504
0.014576994681388716,0.012829232757110664,0.003989954318700097,-0.0064583485201427536,0.2473907816746533,-2.349590169576398,0.8693575360925306,3.2945830505613274
0.014555436444242016,0.012871582264264374,0.0040423445685158895,-0.006416260384562032,0.24530824036129115,-2.3614324079266016,0.8196096792975879,3.3037926666122632
0.01468799231081586,0.012584482982733375,0.0036890741699563494,-0.006695429706652617,0.2584220953520174,-2.2681583651253416,1.1504831093664565,3.230851759328132
0.01471676659793312,0.012548740546424804,0.0036255694980285896,-0.006713644496737835,0.25788766186470274,-2.2419393920952326,1.1932487076829776,3.198294757877628
0.01479403754334716,0.01225413662840261,0.003296580679669027,-0.007014463775492337,0.2753260570886757,-2.1345660709267515,1.5147152474520647,3.1351164509856466
0.014793119487866175,0.012292303981499827,0.003329965651863141,-0.006966437677431463,0.27168849214110885,-2.1433956008781245,1.473355887857782,3.1326059135286672
0.014747075657414083,0.012510234647392279,0.003557865637774989,-0.006732640545114116,0.2572496065246756,-2.213212752544124,1.2383463817662925,3.1628838136348327
0.014758530259859978,0.012552106154454993,0.0035713743170230966,-0.00666398187348016,0.25132326440238767,-2.205868791625358,1.1972342232364976,3.1348913014571202
0.01474602213685067,0.012426152007393047,0.003498042279946497,-0.0068465667151459955,0.26623074007542197,-2.206252067591693,1.3269118844988583,3.184210044779894
0.014775794733527262,0.01247143382905858,0.003491892022668064,-0.006752409652718338,0.25642737823848355,-2.1850890876497844,1.282356616591643,3.128979239542535
0.014763021076669342,0.012370684750089317,0.0034327097693401774,-0.00690040803402739,0.2691690175283179,-2.183928147703161,1.3875792224657548,3.1684807475243244
0.014784447747947144,0.012327543377502073,0.0033701209148138574,-0.006931326107780379,0.2698607122751104,-2.1577690514762757,1.4350426109513983,3.141647939871596
0.015005823824060611,0.011413225454627264,0.0021560160341621386,-0.007638816895042105,0.2977608226101069,-1.5453630047731712,2.3488311316487387,2.609612964252015
0.015006130352723466,0.011386012044685524,0.002120991342400544,-0.007662614819315196,0.2992125010525477,-1.524819527668367,2.3752828932473116,2.5944716117295386
0.01499283359418171,0.011495788646011317,0.002271388666860207,-0.007583887086303311,0.29614515766777055,-1.6143774127885522,2.274077914833252,2.6712541022206344
0.01500045084384613,0.011470611083433968,0.0022330801187457304,-0.007595142479463469,0.2957325941969189,-1.590921512905059,2.2951132115878785,2.6472557359854445
0.015003699449163863,0.01144093465329986,0.0021929551326791575,-0.007617187115008957,0.2968976115029616,-1.567253683842935,2.3227255325661527,2.6273512389061273
0.01494733257703505,0.011635456921910411,0.0024847736035049496,-0.0075186408049341055,0.2970392438519775,-1.742088997443265,2.1526526799037504,2.8025303653516094
0.014929817955262945,0.011660132034204166,0.002531865825658,-0.007520390392455212,0.29904857780016675,-1.7716429334049624,2.1341034093593962,2.839810312449202
0.014967808857836185,0.011570648596637022,0.0023868997365755194,-0.007551628104806197,0.29695235445334905,-1.6845296503359493,2.2105583885192863,2.744218155013414
0.014960283188431777,0.011604976359037586,0.002435527015325031,-0.007529305282296534,0.29637683199007686,-1.7125279103783153,2.1786541673511834,2.770105643666184
0.01499874971866535,0.01152286590354784,0.0022989907477029077,-0.00754877917813506,0.2933397710215893,-1.628247507225396,2.2437798154155044,2.6745182728787174
0.015000813401185836,0.011557909716874743,0.002339371190356676,-0.0075119405825509996,0.2908592465797159,-1.649778683553926,2.2075427914485455,2.6866951839838955
0.01494382769909803,0.01168896670914964,0.0025507402783370957,-0.00746870473231486,0.2941915521327681,-1.776731086069941,2.0978262170690027,2.826751493811805
0.014899562843896916,0.011754387836138733,0.002672697330774069,-0.00746612386399869,0.29868510827849154,-1.8511127913450949,2.0445187335577377,2.918982488653643
0.014899165128401266,0.011784808143554868,0.002707250729338776,-0.007433304061060564,0.296374212223569,-1.867521008748293,2.0116612939768657,2.927647049050701
0.014886894778473698,0.011811706108110784,0.002750647428601284,-0.007421680866181791,0.29699670453096155,-1.8919278162929536,1.9863609876107027,2.9543642417568243
0.014846168112829367,0.012237874629985209,0.003216572925531468,-0.006969899760120035,0.26801005560451796,-2.084385240374249,1.5312421141136436,3.0542928470379582
0.01483978088706747,0.01220298301421771,0.003194312438310947,-0.007021549303805245,0.2721225219174208,-2.0813367757531878,1.5687816368401817,3.066037457055816
0.01481840071223665,0.012075712929458929,0.003103877254344099,-0.007207650751283491,0.28786472726808787,-2.063522180658465,1.709434430656431,3.101920846478626
0.014825520137608815,0.012110080902167225,0.003127692513569872,-0.007155636946792114,0.28328787157593815,-2.068141767538405,1.6706449139614985,3.0908520792669822
0.014848831652169348,0.012020156525559132,0.0030126789414747957,-0.007233847382348794,0.28695177343803296,-2.016596083637569,1.7663910690421727,3.049023435341237
0.014838214855000493,0.01204937277035082,0.0030541596511193055,-0.007213035374677656,0.28626854917595196,-2.036618893868406,1.7359029371560408,3.0682963029743813
0.014852843192096149,0.012170758647549929,0.0031495322225535334,-0.00704485958677798,0.27282573569293495,-2.061255278579546,1.6024211455681374,3.0464881038670453
0.014858443367795389,0.012130153024562548,0.0031058046135357138,-0.007087490661918743,0.27567739201990565,-2.044559765278029,1.6455935880638377,3.037823679805502
0.014890318977146358,0.011841633659735321,0.0027794653965579337,-0.007383010086352822,0.29382972522528267,-1.9037063608976197,1.9525941871458115,2.9552820326353206
0.014891567432668909,0.011877192728204963,0.0028161575269398803,-0.007340917531674957,0.29081196701822204,-1.9193209347498248,1.9135840185900788,2.960245918953873
0.014862092050080149,0.011941527786768904,0.002917542809925285,-0.007308757375134541,0.2912723859905537,-1.9737923049922592,1.8503750412245685,3.0190287785470353
0.014861042476677334,0.011971885016697707,0.002949832726659085,-0.007274459473678466,0.28869341864997017,-1.987089610390522,1.817298643893187,3.0244717783923964
0.014887041675500302,0.011917474577884548,0.0028636313040462315,-0.007301269160454393,0.28832398703462886,-1.9412861257292902,1.871021217361964,2.974532748804851
0.01487905638625949,0.012004043330594214,0.002960729111881493,-0.007211423634095945,0.28265686156536934,-1.983477067305989,1.7787463169032827,2.9982934488054087
0.014929639788152168,0.011743062691091275,0.0026273519594922456,-0.007432985849404278,0.29338501815627965,-1.819098582957437,2.045928391808072,2.8664968028923323
0.014956466995242125,0.011723884529290317,0.0025772569766430204,-0.007412902604252889,0.2893112700679535,-1.785890586413996,2.0562380345108555,2.81764118673691
0.015066747921227414,0.010872353405883222,0.0013664803469392662,-0.007937385980831565,0.3027197916180142,-1.0268490566088309,2.782420268098831,2.1335864996691005
0.015086232282733248,0.010807700439236064,0.0012604768885799537,-0.007938118590838887,0.299422889694723,-0.9503572955412317,2.812885766974353,2.0487762785512516
0.015078968289995488,0.01085198079929188,0.0013295804399652944,-0.00792683165103479,0.3003558327200413,-0.9996463136693238,2.7867973103570947,2.0986793885171067
0.015085886756339595,0.010830741803563027,0.0012945596252663422,-0.007926128355136773,0.29909522051142373,-0.9743167578900312,2.796302423173813,2.0702009139624375
0.015117256913935888,0.010794783999876949,0.001225024528774565,-0.00788825288880145,0.2927569130488436,-0.9218593384864623,2.7931889239910928,1.9958910925940316
0.015125365471888641,0.010708368384055228,0.0010940068111878086,-0.007916299295758822,0.29183755575729936,-0.827870840678583,2.8444790291043742,1.9046372323528526
0.0151259747924884,0.010737571108552143,0.0011367943360639655,-0.007901230588251403,0.2914482433545253,-0.8583715334636587,2.8244646646859923,1.93158896624523
0.01512255449212388,0.010767107815987548,0.0011818399463365441,-0.007892835380840213,0.29186825395759003,-0.8907549305689958,2.8075532782200887,1.9635635351577034
0.015091969414173645,0.010639388793705662,0.0010057137071484135,-0.008009535900566142,0.29933034433675093,-0.7672404374226353,2.922423400882835,1.8790962079210762
0.015089571798281874,0.010581982077224203,9.19108569019336E-4,-0.008037911464453441,0.29996142382583457,-0.7040100396221721,2.9607284391259916,1.8232293867682812
0.015094120902317798,0.010621453361991618,9.775377892291867E-4,-0.008013161317457511,0.2989093608370215,-0.7464774167391468,2.931598881806519,1.8581875450967649
0.015093522868704084,0.010603358384356634,9.50216971922913E-4,-0.008021814710104545,0.29898548204819037,-0.7265187620756336,2.9435230363001224,1.8404232560627192
0.015106763738988067,0.010670018172972995,0.0010454113032664564,-0.007968338533527018,0.2958917930245364,-0.7946707847879758,2.8878147696889935,1.8908883914617205
0.01512282806399321,0.010683932841010477,0.001058933499502981,-0.007932247160222125,0.29266117511763706,-0.8028536388238432,2.8629436189853688,1.884224674511875
0.015108842108665754,0.010650185988172599,0.0010146847825448124,-0.00797325454467689,0.29582909209047126,-0.7722352749457371,2.8984842964732684,1.8686580655844978
0.015107681356698967,0.010539028168952046,8.463750030463984E-4,-0.008020014177120947,0.29587488952012725,-0.6488844096469161,2.9671611656685815,1.7561555798205435
0.0151085947359072,0.010564799185755664,8.854220288936949E-4,-0.00800866329611445,0.29573256262358866,-0.6776467750151939,2.9512001341096172,1.782023317534632
0.015116954817976053,0.010442826746123717,6.953433693686635E-4,-0.008034417898030959,0.29336222953052254,-0.5355210920612978,3.0097499587867116,1.641885435996686
0.015116560539755748,0.010470018286682092,7.373858472649872E-4,-0.008026761856046892,0.2936676061217924,-0.5670320337272071,2.995935468441258,1.6718761156803288
0.01512284929457474,0.010493642811595797,7.716017280288908E-4,-0.008007157188376503,0.2925098169520761,-0.5921079844704024,2.976485112060384,1.6899277086269002
0.015125095531206627,0.01051920374556035,8.098734051310632E-4,-0.007994209264519962,0.29216193718718714,-0.6204052406319472,2.960036397753626,1.7144095839694447
0.015136892108493172,0.010421040035553875,6.560061784243275E-4,-0.008002883735576933,0.2890839900207464,-0.5045701018433135,2.999099599504067,1.595433837126462
0.015021584888555995,0.011280668476338664,0.00197026523368627,-0.007727093107384242,0.3005908257224111,-1.4308411267850858,2.4664327443034817,2.5088713939760243
0.015029045637614782,0.01122965505787683,0.0018960481278363262,-0.007755911527712605,0.3011348425102521,-1.3833234741877023,2.508958538297001,2.464873684952372
0.015032335038565435,0.01125324862977815,0.0019250011389035549,-0.007731296711766192,0.2994231015517404,-1.4007256602108062,2.4848211025102676,2.4751880439659755
0.015039097929487825,0.011210716559668196,0.0018625709225257635,-0.007753681696033907,0.29967844506650915,-1.36038379507044,2.5192467667235428,2.4371597018763613
0.015049590330750989,0.011185437366334566,0.0018202547810302614,-0.007755287823725594,0.2983325804066695,-1.3316769470316459,2.534597800853818,2.404410568827173
0.015039027199853417,0.011296506911950277,0.001976675598734396,-0.007684527144022776,0.2962887920919416,-1.4312192156801808,2.440063984417068,2.4922339138071177
0.015036264320721773,0.01132050752057094,0.0020103229274569616,-0.007669102944365684,0.2956364189595501,-1.4522013208017093,2.419344074530659,2.5108241715896398
0.015027517282375818,0.011343719493907486,0.0020478491476707897,-0.007663975380979226,0.2966179691220504,-1.4766134088439797,2.402910203404052,2.5376730701218158
0.015034288976341681,0.011368407033428762,0.0020737669305361793,-0.007631493214338065,0.29396154445852973,-1.4906308654235962,2.375168683668388,2.541443248293708
0.015029275316655825,0.011065188425050207,0.001668752675228955,-0.007879864485042682,0.30672177332897593,-1.2371449564348633,2.6563212187169607,2.3471401578848385
0.01504600090996122,0.011041343978857076,0.0016232801433743928,-0.007866819953914637,0.3035825674995562,-1.2043933744703939,2.663313323285226,2.3041454446144125
0.015084330642992605,0.011005665925242126,0.001547068013223544,-0.00782280217299817,0.296158151875826,-1.1476456001254396,2.6615625280047137,2.2209797879513835
0.01507766954292046,0.011034834789075547,0.0015924550162747274,-0.007815140377558828,0.2968537927071759,-1.1789601946360933,2.6430150523117955,2.2533627122440247
0.015046128178252733,0.011096350151999506,0.0017004308061980226,-0.007827715970566263,0.30200227077890585,-1.2552387119344564,2.6158623129385075,2.3459477421890855
0.015056050507723762,0.011127356564964089,0.001736124248745032,-0.007787768742915418,0.298978965464177,-1.2767033434533939,2.581196998362443,2.3540739817455285
0.015057227209005488,0.011157323670671128,0.0017762727345279887,-0.007763467753870992,0.2976678169116546,-1.302283995279481,2.55403199047877,2.3736728332214434
0.015079900974741073,0.01089906351597616,0.001397604942100041,-0.007897659096141688,0.29937638274451456,-1.046735659200072,2.7500149203560786,2.138773498779884
0.015106989126679403,0.010921046286884515,0.0014129448118572242,-0.007835730179170547,0.2931058636080433,-1.053707208495493,2.709337849618173,2.120434185744337
0.01509594091191028,0.01097669932682108,0.0014987203362107626,-0.007820949607832363,0.2943497355694347,-1.1134213723517628,2.6752683060045594,2.181472319130112
0.01510269347077849,0.010948595061601356,0.001454727078716104,-0.00782658951740666,0.29344345052146786,-1.082742416395934,2.6917191222828314,2.1492381990943303
0.015090662859112196,0.0098308857259398,-2.7034525404566424E-4,-0.00814185632331668,0.28631766311657425,0.21619095907257044,3.2367099763356637,0.9257440841657939
0.015102548882240892,0.009848203615806022,-2.414218008187646E-4,-0.008120544187609503,0.28444713167270197,0.19298273649863587,3.2196915178461403,0.938895604259624
0.015088562182719326,0.009799068917570364,-3.213582901387645E-4,-0.008141774849258003,0.2857321004717734,0.2570189744366318,3.2425044106918968,0.8858910284420761
0.015096293166256308,0.009815446705605966,-2.942184545814388E-4,-0.008128860852420487,0.28463300802153757,0.23521624441743189,3.2311546205585415,0.9013408824705229
0.015088103879598842,0.009767715122907536,-3.7137201717710834E-4,-0.008137829630441492,0.28484606080063607,0.2971190747375578,3.2454189733811574,0.8451531898463077
0.015098839635983491,0.009785878140193039,-3.408114051887472E-4,-0.00811968068443863,0.28329427394284107,0.2724676756090518,3.2304404237076114,0.8609351721837858
0.015086918824219808,0.009735787695605487,-4.2235616236417764E-4,-0.008134511138788584,0.28407617898047777,0.338072480381054,3.2485832617093138,0.8040441493839431
0.015098361024452304,0.0097538443091381,-3.916447117292636E-4,-0.008115384112127684,0.2824042509875632,0.3132164633092111,3.2330961669272367,0.8195027423381168
0.015085057601241826,0.009703792647325305,-4.735285550429118E-4,-0.008131785715426837,0.28341729301647106,0.37925092972687513,3.2518734322000085,0.7631493818489724
0.015096704581358882,0.009721666613492554,-4.428513785304997E-4,-0.00811264363692218,0.2817298292304334,0.35433964926949324,3.2365051567256757,0.7785628118661817
0.015115584097253136,0.010034733584272497,5.5155933162132056E-5,-0.008103154821141148,0.2868905191298738,-0.04210358847877426,3.1688934109216116,1.1642164327712534
0.015125634417885022,0.010016746096076702,2.658223590581686E-5,-0.008083879179362909,0.2843640215015069,-0.019465760876276657,3.1610314812509768,1.1329714846843062
0.015137019396646708,0.010388920287274575,6.066068793498682E-4,-0.008011370156965873,0.28877989497888773,-0.4673604312779007,3.014510931140457,1.560007200032447
0.015140577089360745,0.010361404530257601,5.633336779620082E-4,-0.008011526758189941,0.2876839154966733,-0.4344161311106854,3.02340104291571,1.5255735404846662
0.015138585736370261,0.010335925463617574,5.244709086593837E-4,-0.008021279474781505,0.2877716004427456,-0.40500186267018595,3.037083416335203,1.4991358507132537
0.015129687248448544,0.010217400317095525,3.417277698696001E-4,-0.008060403333237794,0.2878468500353091,-0.2652166778537057,3.0953901366279344,1.3717428312480242
0.01512724888042376,0.010237557189167848,3.7364129587845896E-4,-0.008062006587069901,0.2886690065670822,-0.28994114020784756,3.090625608635143,1.3978763907905647
0.015124394506011732,0.0102607873455545,4.10465037254863E-4,-0.008063592098085189,0.2896679598277427,-0.3184347347169471,3.0848405063064304,1.4279646043604755
0.015128848462964523,0.010285668731811708,4.4849302727773026E-4,-0.008050430670549545,0.28914189895732584,-0.34741813221136103,3.0696351966179485,1.4521366742224633
0.015133605324898079,0.010310651665319413,4.86398899496884E-4,-0.008036289687070333,0.28844448328428435,-0.3762308739679739,3.0536878725216394,1.4757792379091947
0.015123055417810552,0.010054483501864057,8.617236480187308E-5,-0.008088061191939229,0.2857315128760576,-0.06636544039709115,3.154767970710642,1.1818726419211858
0.015125537368472802,0.010073295048518898,1.157298783503277E-4,-0.00808245859918673,0.2857534031931459,-0.08948270862177063,3.1467208320577584,1.2026694002512313
0.015136174779097383,0.01008591259725748,1.3501170132713847E-4,-0.008061204215114444,0.2839450366698997,-0.1043346438418026,3.1304599071526806,1.2082449964523092
0.015135238510246571,0.01010523366254344,1.653778951839468E-4,-0.008061799269018767,0.2845107608381543,-0.12807198286540203,3.126040241221222,1.232506166824465
0.015131982578838991,0.010127303862527168,2.0024769312015241E-4,-0.008066391855994295,0.2856256413990162,-0.15536796905784378,3.1232546347147436,1.262205502347336
0.01513129834305853,0.010196178086364945,3.082886232201201E-4,-0.008060253290932127,0.2871302036910865,-0.2392964472568148,3.1012061600319893,1.3450927982186327
0.015127432766130216,0.01015030278404975,2.3678464467758988E-4,-0.008073059433119888,0.2870700740388714,-0.18395699826611028,3.1213627196874927,1.2942357839770173
0.015131165764358074,0.010173969669874054,2.7352011254310284E-4,-0.00806327233037851,0.28673354572612547,-0.21235626686139233,3.1090889345953436,1.31887555515367
0.015114491745734128,0.009868977806205648,-2.073039593231017E-4,-0.008099317501750759,0.28276324653352125,0.16573235770536202,3.2020532342026438,0.9561566848520556
0.01511443129925316,0.009903872605945288,-1.521130384132555E-4,-0.008102280033185928,0.28373304179190534,0.12183718508764634,3.1970318261891126,1.0006812119307884
0.015123128996219176,0.009885670043931597,-1.8019412322988577E-4,-0.00808396912162436,0.28136667929807035,0.14414173536204297,3.188973077561576,0.970586671298374
0.015125862755095568,0.009924016352243263,-1.1959399299299121E-4,-0.008081287562066617,0.2819764526345325,0.09601945279703529,3.17954382237105,1.0168580258636748
0.015132759289935458,0.009996039739817426,-6.030132346334698E-6,-0.008070090257971051,0.28255996261106325,0.006341174124914751,3.1570215517271625,1.1010290638267557
0.015136601190710815,0.009973239909228718,-4.177944168235306E-5,-0.008062346247370027,0.28107828200255563,0.03455806575935224,3.15716316828728,1.0694863565360733
0.01513328533994552,0.009948451499794285,-8.080276572258595E-5,-0.008068030928632506,0.28117228371814873,0.0653431020581585,3.1660421522684126,1.041387372742663
0.015146055234074779,0.010011513829740753,1.8226007285532113E-5,-0.008044393942063754,0.2802625011971803,-0.012601354733765429,3.1374650180885095,1.1086490293920772
0.01468985801566507,0.008066061807622942,-0.00311826595888965,-0.007562261393225284,0.31791089682644097,2.5045700539991205,2.757605694281349,-1.3036151952575417
0.014682043200986358,0.008054261525460567,-0.0031411141242352718,-0.007558821638422369,0.319407161913738,2.5229189220393615,2.751437771009523,-1.3188614515459116
0.014698266680843656,0.008080318906736722,-0.0030919979496354367,-0.007567818379346814,0.3163647734769488,2.4837588912617865,2.7658764056762943,-1.285647173187911
0.014706469395289726,0.008096671457871968,-0.003063689834523008,-0.007576185799250319,0.31480477576625304,2.461744427990254,2.7765461001834404,-1.265640288224011
0.01472124374954022,0.008109714571059641,-0.0030306196264855267,-0.007569920020886707,0.3121906696406271,2.433231833842567,2.77666781773955,-1.2461636525443385
0.014731222096206482,0.008123339307163047,-0.00300307798987051,-0.007571619821713505,0.3103611038060961,2.4106956496540324,2.781981874804638,-1.2281967134161322
0.01473456389043312,0.008167907034721594,-0.002949238777603088,-0.007621996309514809,0.30970158517241325,2.374462462339959,2.8280050429904606,-1.1808486610254834
0.014741277293356177,0.008185323630526025,-0.0029212139583564946,-0.007632842393483081,0.3084924399033339,2.3529501054230813,2.840101656621507,-1.1599729901347426
0.014756371885509293,0.008199356936921186,-0.002886774776938554,-0.00762596618694186,0.30592171828974507,2.3232763694775715,2.8395486481805716,-1.1395660439744528
0.014766755011388775,0.008213546352407244,-0.00285798283108067,-0.00762656104067158,0.30408015108166864,2.2994779555579714,2.843819039007849,-1.120787315922821
0.014739594623782631,0.00813773002153474,-0.002976718403428644,-0.007576584003794973,0.3088663770925188,2.389707677992274,2.789559210144626,-1.2101234640151228
0.014746531627611468,0.008152797775525805,-0.002951367248570332,-0.007584441129927574,0.3076047969324959,2.370037503964076,2.7991357899301046,-1.1919114316849309
0.014996154161778765,0.00910607873437625,-0.0014404523353064615,-0.008051624369677822,0.280070394994308,1.1669092371140721,3.245144150802861,-4.706739403146624E-5
0.015017003627041541,0.009138188272998608,-0.0013794927863379827,-0.0080319724447364,0.2774431284940975,1.1155692379427222,3.231335620742889,0.037018354173365485
0.015010331426666818,0.009121673969330417,-0.0014082649802446582,-0.008034508118766999,0.2781581612137652,1.1394213455485789,3.2332518893279905,0.016890436718621758
0.015020419738486024,0.009154746270071602,-0.001352645385481171,-0.008035422477235791,0.27736693360781844,1.0935807939414177,3.2334800107752635,0.05815113421587682
0.015024294011348178,0.009172190429590712,-0.0013241791268945216,-0.008038316600792806,0.27721964740012156,1.0702654294647393,3.2351632557963974,0.08027690347195443
0.015006363212634806,0.009088418154286853,-0.0014602991283498067,-0.008021096690977917,0.27787268465831044,1.1816899371782215,3.22412158182668,-0.026458542409302368
0.01501117947456856,0.009070860049017969,-0.001483178622143082,-0.00800073340487308,0.2764465089902698,1.1994536617356275,3.210037478965004,-0.050988986809762535
0.01498502800578507,0.008980045596383131,-0.0016340896980894277,-0.007987727130730544,0.2784771840822504,1.3234011720460617,3.1993872377920636,-0.16544952030173155
0.014990683929884377,0.00896472143026494,-0.0016522586246001517,-0.007966243839830644,0.27700546321445735,1.337033395027362,3.1840567844865317,-0.18655980264596708
0.014997201684044411,0.008995621778079802,-0.0016028277410764572,-0.007976096107729718,0.276770316229996,1.2967893200965472,3.191795988945851,-0.14721566847584203
0.015026659629001626,0.009056981077511142,-0.001493483275145,-0.007962785893343953,0.27344483633204586,1.2057185878828298,3.183777262573456,-0.07290150503394872
0.015018639955379205,0.009033695898394527,-0.0015327426807901134,-0.007962313174731046,0.274215141800548,1.238071537756001,3.1831245616550947,-0.10162132778044584
0.015008703103834004,0.009013026973474957,-0.0015695544459628167,-0.007966776985925418,0.2753564500801393,1.268721712009106,3.1857758868678325,-0.12663903902135754
0.015015044903559363,0.009215618556489646,-0.0012637068233256694,-0.008080644371626726,0.28013307773087154,1.0224009763978639,3.2631313987834494,0.14186239978631224
0.015039105163600996,0.009266406987414997,-0.0011734160029338652,-0.008061766063988408,0.27755604138338824,0.9473337169982078,3.2482174815408142,0.2013982459541859
0.015028031594712008,0.009232587758336692,-0.001230753712178543,-0.00806508320793514,0.2784457634584774,0.9946000139238244,3.251871041197538,0.1600859251672603
0.015034723301636152,0.009249958456744417,-0.0012007503067210845,-0.008061566678248158,0.27778988597427906,0.9697829475015869,3.2487817989166037,0.18096780185972497
0.015044067384861026,0.009281859840851754,-0.0011473241791374962,-0.008060152122720753,0.27718788401717237,0.9258321218786029,3.2464044366395224,0.2202178360499747
0.01504240174087849,0.009312571083647412,-0.0011011506123950003,-0.008078546643834103,0.2784437324622186,0.8886207082509395,3.2573686993487745,0.26222677466103456
0.015052592159731926,0.009297486083382898,-0.001119247852242175,-0.008051624933284792,0.2761322946681078,0.9024542832613175,3.2398058436022397,0.23774685395732095
0.015053558108271636,0.00932900048587217,-0.0010706146037041144,-0.008064961798685287,0.27697135926386746,0.8630687500214963,3.24713515964887,0.2795717083865093
0.015063055712359264,0.009345778890995787,-0.001040499589757457,-0.008054535536669486,0.27581513442513245,0.8380290803459475,3.2390120271350042,0.29792314709169404
0.015072371975669078,0.009383924942149909,-9.77889639364156E-4,-0.008053616084458676,0.27539510548028184,0.7868342681699682,3.235810122255622,0.3446048274124814
0.01506941997185785,0.009363651913646345,-0.001010260897892414,-0.008050401753527588,0.2752741990258916,0.8131637178630354,3.2350424198809544,0.3189479759776374
0.015026871118041438,0.009194465117318588,-0.0012891516141210555,-0.008046193981730267,0.2774586467560327,1.0418163683753112,3.2400782541242057,0.10924652544170677
0.015048665511976473,0.0095168490837138,-7.799554479929036E-4,-0.008151245662723117,0.2841315800597639,0.6280461683327891,3.2896403625043376,0.5356984110319141
0.015053211184046287,0.009500102272909613,-8.047849234298114E-4,-0.008136476667227166,0.28267524862929355,0.6479736475992744,3.2814967084591773,0.5103932638513174
0.01505382782403061,0.009533252895212048,-7.522698717908503E-4,-0.008146688726340124,0.2836839956365424,0.6053765662636598,3.2847261020900076,0.5549169142702696
0.01506521523260204,0.009550272125541524,-7.216884173025148E-4,-0.008129955610170379,0.2821938785087717,0.5801376133777376,3.2715369283094806,0.5711638730698363
0.01506860671090419,0.00956518862039861,-6.971076952476543E-4,-0.008128010144795906,0.282015972589963,0.5601431603921969,3.268450024778074,0.589142484079098
0.01508290874882999,0.00967169439293686,-5.248873397187969E-4,-0.008128876515579662,0.28279824731715836,0.42064893208938886,3.254790867650328,0.7221285359313563
0.01509463415396481,0.009689550406189984,-4.940049695431049E-4,-0.008109997947067226,0.28111522354900836,0.39549308710778636,3.239694982467981,0.7378005369896979
0.015080687526921127,0.009639947012171269,-5.756648463316442E-4,-0.008125470407621696,0.2821945989000618,0.46163758977259217,3.2570645210330267,0.681444131679493
0.015092389730471112,0.00965750725357641,-5.450449427787471E-4,-0.008106984327776423,0.28052592980536056,0.4366200769615219,3.2423667670411906,0.6970662761795413
0.015079049572068877,0.009608714635765623,-6.254147238773225E-4,-0.008120356060359409,0.2814896703794543,0.5018235361621467,3.257873777950549,0.6409221673840757
0.015090327844115665,0.009625867186034646,-5.953568507897113E-4,-0.008103000004728423,0.2799110610296347,0.4772077111257587,3.2440765245904557,0.6565780148157755
0.015078575897822834,0.009577659028846566,-6.744504029577292E-4,-0.008112337680834684,0.2805939474805656,0.5414248647064199,3.256457573492527,0.5998084195750701
0.015089694924070855,0.009593983518749906,-6.455759998188526E-4,-0.008095465874826775,0.2789930371801889,0.5177045437467012,3.2432070857017776,0.6147617369724373
0.015067968781349817,0.009485780371850935,-8.219354168323892E-4,-0.008102574738572845,0.2795356123632093,0.6610673694131085,3.2601392495366213,0.4830200193328329
0.015083039930093679,0.009476294568262612,-8.311857731897503E-4,-0.008069927921111155,0.27646408124086286,0.667730904664713,3.239088375971881,0.46231895643639975
0.015081227934142648,0.009406214014983079,-9.39945636364186E-4,-0.008046037281661375,0.2745213244933568,0.7556543898452114,3.2290291226156462,0.3700900815845956
0.01508222897169159,0.009430513720510717,-9.021924597835336E-4,-0.00805398058072918,0.2751345744227238,0.7251552675353735,3.2324359110760517,0.40182502569845097
0.015088721883232036,0.00945702924332083,-8.588305801761609E-4,-0.00805179252425365,0.27477983289368385,0.6897957655393986,3.228680064858259,0.4337448748148817
0.014776070691957145,0.008228277354340043,-0.002829882531935821,-0.007629302921742542,0.3025241502723624,2.2765848949914305,2.8495691246503845,-1.1018277841796502
0.014787720538510065,0.008242618223074517,-0.0027994940561266216,-0.007627626923743793,0.30052239260309643,2.2511258187111065,2.852230451273116,-1.0825247187799014
0.014800028197404615,0.008259004321609595,-0.0027660317353570825,-0.007627060794454787,0.2984653365939296,2.223356698293061,2.8560796312968044,-1.0608893916399185
0.01481040951727864,0.008277050555280272,-0.0027329184881153767,-0.007631243883395272,0.2966885262842316,2.196602073817744,2.8633487244071323,-1.0381384480597917
0.014812198206660139,0.00829171693071026,-0.002713623427031567,-0.007645205176171574,0.29653570911249355,2.1826977552181663,2.8761209437543185,-1.021688964359011
0.014821530635504614,0.008303745616291288,-0.002688754117538116,-0.0076437711410976905,0.2948918494432606,2.161912760355819,2.878063822461236,-1.0057707729339278
0.014823248302850181,0.008320363337221777,-0.0026670655927312947,-0.007659785262564193,0.2947409528545377,2.1462482030901726,2.892535972742706,-0.9870432365370198
0.014882000889360716,0.008496306457685013,-0.002386928633490928,-0.0077507704834287585,0.2862923531798838,1.9259504233447429,2.988868266482077,-0.773234436351844
0.014867043816579157,0.00848217863976219,-0.0024202473020643847,-0.00776174152167054,0.2886191598531003,1.954878815620379,2.9938686275634185,-0.7923609060163539
0.014852803831917392,0.008469078073225944,-0.002451710360454303,-0.007772365837287747,0.2909142320603415,1.9822881255081006,2.998742629031417,-0.8103121560878499
0.014848636536811975,0.008440768227836544,-0.0024918366289916794,-0.0077495548670273315,0.29132286879141805,2.0128188086783063,2.978052273659868,-0.8442597886599689
0.014856300819204372,0.008453849637132686,-0.002467284446762264,-0.007750425522009187,0.29004153914659336,1.9925473781151646,2.9810970168626105,-0.8275022106170125
0.014894640187525095,0.008509943209909691,-0.0023567670495510396,-0.007743057052792206,0.28439857949784075,1.900063023310931,2.9859628923418486,-0.7551885868708523
0.014900042188575546,0.008545516149444807,-0.0023057758479789916,-0.007769287813606811,0.28392148255707245,1.860823291454489,3.009461553928712,-0.7123845764853342
0.014905537147221162,0.008525646774593427,-0.0023258317091263752,-0.007740189474332944,0.28261719364323457,1.8741907994430247,2.9866238251541017,-0.735109868405741
0.014858488448500887,0.00842868780452762,-0.0024964491285479093,-0.007720109673975318,0.2895731873184645,2.0129316418794523,2.9557973505829858,-0.8562288479226977
0.014857696877410129,0.008413862128406153,-0.002515658577297731,-0.0077056207825933224,0.2895200918236646,2.027019564003806,2.943137181333056,-0.87340775818761
0.01485439087850151,0.008396801195979428,-0.0025402064746754952,-0.007692799875503872,0.28997193472073984,2.0456801330135685,2.9311209434290295,-0.8935463641550393
0.014842744224970311,0.008359329431343543,-0.0025985316522460383,-0.007671227556924758,0.29162702905951776,2.0910630556622043,2.9088412494878013,-0.9385227345626334
0.01483644958140525,0.008334488504772369,-0.0026353781152593935,-0.007654031450354184,0.29258473579880867,2.119198506374279,2.8919221596122244,-0.9677819456978218
0.014871293206214614,0.008382226140858878,-0.002539749221529875,-0.0076491114838719764,0.28698303168922634,2.0395567370031067,2.8990589555421518,-0.9058190881293339
0.014866482656126117,0.008362535215540128,-0.0025686931207256434,-0.007635720393045996,0.2876467260752626,2.061627907445423,2.886022743199673,-0.9288140495096243
0.014903957101921973,0.008639543242435408,-0.0021783458849085114,-0.007853064694078192,0.28463631597768924,1.7639452264424165,3.0800074709047167,-0.5978174998375829
0.014912070508007507,0.00862326615588302,-0.002192407859329663,-0.007823482542451984,0.28301790353010947,1.7726591948118637,3.0575893689310543,-0.6173247424921082
0.014922031047209773,0.008607620835524816,-0.0022036496075613916,-0.007791317684858104,0.28113917871092653,1.7786301314106938,3.0335588648236365,-0.6354799544619246
0.014916901595062588,0.008562029552321515,-0.0022679478323374635,-0.007756475437722202,0.2813199155603963,1.8281053697752265,3.003305304473129,-0.6906222523818705
0.014929221261946195,0.008585546575842862,-0.002225641366350967,-0.00775790257327716,0.2796293727462866,1.7933466641065954,3.0077424503638928,-0.6612856870394145
0.014988531936197598,0.008877151594405162,-0.00177887499184266,-0.00790480567740415,0.27528620475444954,1.4373549683796736,3.1375463566991084,-0.2996607482884732
0.014992418557936253,0.008897380668714365,-0.001747323014903726,-0.007913218268055496,0.2751264820600388,1.4119033688109617,3.1444861241008284,-0.27414254799206755
0.014995791407255142,0.008919023883459764,-0.0017140611452916025,-0.007923339339559786,0.2750094350364765,1.3851323717929214,3.1525552092402886,-0.24668616276890654
0.014996597157369427,0.008937145494662069,-0.0016876152560344117,-0.00793527197749032,0.2754624285709411,1.364122553083408,3.1615849123001634,-0.22338794849414176
0.014917340339791871,0.008654910927849492,-0.0021452826501640095,-0.007843774842833962,0.2826588481213877,1.7355678646921662,3.0755139386912345,-0.57806085016608
0.014929119349689553,0.008669956733601198,-0.0021142855209549624,-0.00783680510063525,0.2809672001826135,1.709192375984809,3.0725364824458175,-0.5589217633641966
0.014937228533334755,0.008686056043142465,-0.002085302414807849,-0.007837056835117517,0.2799247819565634,1.6852236625854562,3.074565301206441,-0.5387410592241574
0.014942985513263576,0.008701738280162945,-0.002059005600734736,-0.007840884927542776,0.27921673497058436,1.6638113635940772,3.0789266019185004,-0.5191752043805508
0.014949721583451711,0.008719916839645962,-0.002028453019638794,-0.007844971628722823,0.2784973691681491,1.6388714458791078,3.0836618255760233,-0.49648418163116537
0.014979810865412328,0.008838044461510038,-0.0018405897673808012,-0.007889910933668294,0.27585165465548434,1.4872229067353648,3.1247503433082406,-0.34880922301980766
0.014956911633523572,0.008778428783144937,-0.0019421669645948434,-0.007882349609952809,0.2784037111398261,1.5707040793359708,3.114913783933417,-0.4231864712969518
0.014961736990976079,0.008796038032118215,-0.0019137614186087522,-0.007888365816667041,0.2779332839512612,1.5477110348982257,3.1205243004345915,-0.4011056303204226
0.01497586828763486,0.008812344639135217,-0.0018795310430340972,-0.007876306566096091,0.2759629188942882,1.5183487144634606,3.1135319172059615,-0.38114404326189183
0.014960263078330366,0.008738838213281171,-0.0019935969212603604,-0.007842668523033842,0.27706331648537214,1.6098060007951942,3.083990411497108,-0.472905455817522
0.014971311265836102,0.00875947112774903,-0.001956058621084333,-0.00784060620665729,0.27558918907991087,1.5786341227708391,3.084564961718496,-0.4473352857133667
0.014999361674373268,0.008845396175315608,-0.0018148634134246585,-0.007860452606454524,0.27280590078150724,1.463702541509993,3.1051150926317623,-0.340906653575921
0.015006757061202514,0.008861073743471818,-0.0017872947092018572,-0.00785936621980716,0.27194945988136826,1.4409183221391928,3.1054007118051605,-0.3217689025075913
0.015004925972732414,0.008952910298797743,-0.0016589830505267412,-0.00793144977707365,0.274391464547815,1.340210878096663,3.159605600233371,-0.2042247305621858
0.014629669529513363,0.007962275443525428,-0.003307354757725905,-0.007514455789759508,0.32962415559439506,2.6526390742907044,2.69014696514191,-1.4332006462890197
0.014642040959561278,0.007992253263722306,-0.0032596904914671578,-0.007536832006787335,0.32712009981740886,2.6174278247147202,2.7154741498751975,-1.3984781756635485
0.0146368942698017,0.007977053496674583,-0.0032823649934515292,-0.007523892270362781,0.3281555667778328,2.633735758705473,2.7016753358815326,-1.4155485881521004
0.014665057860065066,0.008007125531445442,-0.0032132923549460265,-0.0075222444469462075,0.3227091252021577,2.575959280409705,2.7117470017820295,-1.3727885373670643
0.014657071294789754,0.007995455621495413,-0.0032360990762673376,-0.007518604113879643,0.3242761153378233,2.594182376197765,2.705219068221726,-1.3878651348314173
0.014673768016163526,0.008021360810789831,-0.0031868407742535253,-0.007528050298901177,0.32105114728952716,2.5551252818320056,2.72048884578702,-1.3548875751651508
0.014682366457808722,0.008037878917933394,-0.003158102646233501,-0.007536830450908387,0.3193671686199289,2.532943800263143,2.7318225463379373,-1.3347983935753154
0.01461130625513514,0.00787451980649497,-0.00341967671709733,-0.007419438146921813,0.333765237576037,2.725859022735575,2.5963588739765804,-1.5224853026402816
0.0146207740118194,0.00790826081665349,-0.0033736750557161006,-0.007452937218416773,0.3316933011178319,2.6949623353731122,2.63073916924478,-1.4874367408714642
0.014620261677506088,0.007891278119411423,-0.00339096879565147,-0.007430038882540867,0.33186601219960404,2.7044182888123807,2.6098124699441763,-1.5027949690711384
0.014639254452392975,0.007948523670712757,-0.0033081534494939155,-0.007481452022205507,0.32786315029876606,2.6465618106394135,2.664332631676327,-1.4409379972997878
0.014630858134967948,0.007937178320727094,-0.003331058025234995,-0.007478225349826929,0.3295516442584567,2.6648955170529764,2.6578926223282098,-1.45579565434256
0.01463035022369879,0.007921460942129675,-0.00334739574095757,-0.007457304953553857,0.329707407823606,2.6741064829666925,2.6387620026684213,-1.4703568491842507
0.014622221138841368,0.007859142212712394,-0.0034190513106508147,-0.007382370059695414,0.3317805729938064,2.717253855023024,2.5676524651344295,-1.5294327006667479
0.014448785765745124,0.007565928840333851,-0.0039272575039638845,-0.007178029659453672,0.37026542407669943,3.0834221387537126,2.3018546497620824,-1.8628462945227735
0.014446837738369158,0.007549664731804339,-0.003942534925229275,-0.007155007651313153,0.3708143217434415,3.089335890046161,2.2800544755952625,-1.8744948470918694
0.014614626591732632,0.00784413317443664,-0.0034438597552890753,-0.00737202425751327,0.33336916843321057,2.735377204782131,2.5549965951904237,-1.54649541539736
0.014604926430327065,0.007829506348721312,-0.003471223361971578,-0.007364974847078165,0.3353699883370887,2.756307038403539,2.544369038083087,-1.5644004855744391
0.014592569228077203,0.00781667357300609,-0.003500692470904693,-0.0073639678118756205,0.33791643608443683,2.7803605111192735,2.537992435086299,-1.582396244023111
0.014582927580878613,0.007787557262644781,-0.0035411194667986866,-0.007335555449291765,0.3400850325836234,2.807081931709907,2.5080020803191228,-1.6119338056047514
0.014597699783004311,0.00779960233120227,-0.0035090156507733908,-0.007332484105963029,0.3370201472417324,2.7799433888546505,2.5118453494237376,-1.5931889291013903
0.014588425574750189,0.0077697697954503715,-0.003549169345973546,-0.007302438523870501,0.339103836305688,2.80582402770928,2.480579593701844,-1.6225728005209838
0.01457610376794868,0.00775580005457971,-0.0035793485805052957,-0.007298982571674905,0.3417566458088391,2.8297764162625945,2.471848814617473,-1.6412024687988882
0.014460052834220808,0.007578238767191337,-0.0039003243727565107,-0.00718320760957518,0.3676213966733465,3.0627730178689916,2.312112920787157,-1.8466913821001698
0.014477314620119005,0.007588435283008743,-0.003865786451079472,-0.007177425864966061,0.36389144828891856,3.0328564802841096,2.3153771844525353,-1.8275493614116574
0.014489745332620567,0.007601484659458607,-0.0038365686857416005,-0.007181855163276165,0.36107812235911646,3.010164480161352,2.325416054506236,-1.8100898499052291
0.014499186933028456,0.007616048614512413,-0.0038107115455409293,-0.007192144367421271,0.35889578494392627,2.991833487401412,2.3392543188042434,-1.7937234286108605
0.014508216765489843,0.007631761601077004,-0.003784496723430691,-0.007204494470284547,0.3569146519371999,2.9737007854626505,2.354753896580586,-1.7767531396770944
0.014536221383605899,0.007686851655413611,-0.003697273411168102,-0.007250889915821765,0.35046873255705296,2.914504387809639,2.409921107906756,-1.7188825680964117
0.014516812263963468,0.00765359494838092,-0.003753845503318794,-0.007226404808241078,0.3548524800078732,2.9545084365730765,2.3786166913712115,-1.7557825350163596
0.0145283175461048,0.007670973700302664,-0.003722292826459509,-0.007237547365197688,0.3522945411914662,2.931583473924706,2.3941313948161724,-1.7356435642287942
0.014544750691604413,0.007703063315992866,-0.003670941213165683,-0.007263702263470106,0.34863336066393935,2.8961400527684487,2.4255115986107634,-1.7013241740765317
0.014552463765342798,0.0077236508903410946,-0.003641930737042554,-0.0072838231465456316,0.3467881779830927,2.8774417878147562,2.4472592160623896,-1.6809706815907295
0.014565038387016263,0.007741326100381974,-0.003608156325611228,-0.007292861587216599,0.34411165219872714,2.851968573454854,2.461232192515294,-1.659422172210226
0.014324294744292166,0.00731204383558996,-0.004296772744862226,-0.006912513180949956,0.40111092068789406,3.3002642162073634,1.99919276831885,-2.0934861001588287
0.014334725381898838,0.007332309610985674,-0.004267816414153305,-0.006934800952253024,0.3984578201654912,3.2846141730936234,2.024548829867214,-2.0764886922756047
0.014348485432914242,0.007349245967533815,-0.004235187927509449,-0.006947752610642789,0.39511321478944755,3.2626354827528705,2.043435941259013,-2.057841420264008
0.014359129972862341,0.0073630568476741615,-0.004209448037962692,-0.006958701824908801,0.3924860023263416,3.2454786250778196,2.0588579021827793,-2.042980452511419
0.014368844266221129,0.007377064581490778,-0.0041850252001425425,-0.006970789845723867,0.39010248821180876,3.2297244143277726,2.0747670484641563,-2.0286817895747364
0.01437797994856462,0.007391490586639846,-0.004161189160689977,-0.006984006537715509,0.3878661031750354,3.214771145808079,2.091349044401919,-2.014538801554717
0.014401069902569582,0.007435608109247035,-0.004095449515067958,-0.007028828348662884,0.3821937105533549,3.1758864154683586,2.1433926546928466,-1.9742974574725836
0.014394002600098476,0.007421220742112884,-0.004116259803233266,-0.007013843514789168,0.3839269725089713,3.1880084002226265,2.126331426317217,-1.9872057596082164
0.014386379196573302,0.007406293082008287,-0.0041381991298780245,-0.006998471638064868,0.3858094277318525,3.200851737251486,2.108640408074844,-2.000670357399201
0.014409698516243427,0.007448707014606326,-0.00407290720196189,-0.007039817117189733,0.3801442223831412,3.161023251139763,2.1576977176663035,-1.9606842004506368
0.014416714762269583,0.007477426943784858,-0.004042082442586514,-0.007077319050989179,0.3782952738061916,3.147559807501999,2.1949151097767685,-1.9397196155042737
0.014422258209525493,0.007460523144803523,-0.004044942371541539,-0.007044044935648044,0.37713448310671555,3.139600302587073,2.1679476682014496,-1.9446001393784307
0.014446497085591063,0.007518328549309961,-0.003966108216371685,-0.007106397399085861,0.37122277850341123,3.094380973832315,2.2361390441100073,-1.8936219038863433
0.014429050886228357,0.007489966157195738,-0.0040137804736065106,-0.007082628524814683,0.3753685368677964,3.126108942100755,2.205963975149642,-1.9232087416130987
0.014438707183800444,0.007503838951476383,-0.003988737980369744,-0.007093006218597021,0.37309024595898826,3.1088344142577444,2.2201714578410825,-1.907939846189759
0.014454947302941945,0.007531666390871093,-0.0039431936467846235,-0.0071170285700915175,0.36929583016466555,3.0788281740584758,2.2499542402605477,-1.8793691743227356
0.014128108737917495,0.007079944216008521,-0.004742893298767355,-0.006704995126685007,0.45145155536581055,3.5809077582536113,1.7053235722948685,-2.3331653988112517
0.01412006372917491,0.00706721946408944,-0.0047618427760528345,-0.006689506788017391,0.45354188973084403,3.5896419660479424,1.687138853040062,-2.342601859873296
0.014143185842753583,0.007079896965310577,-0.004716493871461715,-0.006691883269916485,0.4473388898488144,3.5540458110482844,1.7031642350456895,-2.3194014120298134
0.014230037893684676,0.00719401737586063,-0.0045171263144582275,-0.006809537597769517,0.42472989361853036,3.4405843427301024,1.8560431153004904,-2.215349776956241
0.014216012913827031,0.007182833193358599,-0.004546408440850733,-0.006803836510424465,0.4284615420928823,3.4620575099999535,1.8429811154476194,-2.2308912707885566
0.014209297391387278,0.007168198004910253,-0.004564714477419845,-0.006785097267052669,0.430080748657056,3.469541959186675,1.8227735570942152,-2.240799222065616
0.014201770919842318,0.007154043559084666,-0.004584058465927122,-0.006767822021772506,0.4320903057988909,3.4783294296340403,1.803391681703985,-2.2511014716227056
0.014193281594570008,0.007140271455867357,-0.004604755627640467,-0.006751961377595205,0.43424796378005803,3.4886918924721324,1.7846716317437787,-2.2619952908348506
0.014153449626327775,0.007089417532564157,-0.0046948807016374055,-0.0066995631358723814,0.44459776793487266,3.5398641207612394,1.71590263721127,-2.3084148437092478
0.014184399561357126,0.007126785559016874,-0.0046258889955544,-0.006736805240737875,0.4365457684635068,3.4996126165460453,1.7663426216202673,-2.273008472577264
0.014164535766413262,0.007100942841040779,-0.00467100433380719,-0.006709853829848953,0.441707604782048,3.524919814872312,1.7313521770803637,-2.29623043405341
0.014174871057220914,0.007113566797361081,-0.004647917846483663,-0.006722538467887043,0.4390089083959418,3.511547629276151,1.7484045487625044,-2.2843891798882456
0.014313645598933885,0.007296676132561388,-0.004323093746515186,-0.006898282272993473,0.4037032003831797,3.3165741461743363,1.9807885183471627,-2.1085230968332103
0.014265204371259188,0.007231201771863087,-0.0044391222116357985,-0.006838209052128493,0.4158773296005382,3.388464852280752,1.9011317011704862,-2.1732392098410878
0.014278984515420543,0.007243637626261341,-0.0044095582319639845,-0.006845367915272926,0.4123875347913771,3.3672588158702044,1.9151127628436224,-2.1572383878644286
0.014300670069455507,0.007279739115204445,-0.004354032593839812,-0.006883616154534942,0.4069629595118123,3.336353418082663,1.9607395606509552,-2.1259345268761027
0.014290508096580543,0.007259146170224908,-0.00438210997081418,-0.0068596869230984235,0.40946888928081343,3.350364314645644,1.9340799345858137,-2.142025341424857
0.014249852064332606,0.007201945120704082,-0.0044796495817246524,-0.006803881283067197,0.41979178193592265,3.408228160584494,1.862419938412702,-2.1956846184316787
0.014247834110360411,0.007183859530492597,-0.00449178578901111,-0.006775261807739649,0.42017942663776775,3.4070769891434978,1.8363822276090054,-2.2026555235082084
0.014268466041443459,0.0072116610589262374,-0.004443500581976962,-0.0068021515340022575,0.41506142169219834,3.378486367738162,1.8714428915832506,-2.176591716800839
0.014331480724316406,0.007294249577792756,-0.0042950570271555145,-0.006875711230300154,0.39938435877050377,3.2860343867638138,1.9707018978742468,-2.094494732128484
0.013916823858658223,0.00677020825076,-0.005199104392440843,-0.0063047146673476636,0.5059485343453866,3.7568443911626273,1.2388104537258366,-2.530257291291679
0.013895445525920432,0.006745576680611082,-0.005240570911837714,-0.006272466610057718,0.5115050782248788,3.7726300364430583,1.1989550990423963,-2.5456289054134804
0.013906345366834,0.006757774997827575,-0.005219527514018164,-0.0062883340058698745,0.5086562619580484,3.7644009728349093,1.218812675187319,-2.5378216027759426
0.013927462029576199,0.006782828360124854,-0.005178252757927191,-0.006321187232154443,0.503202829976567,3.7489161137298788,1.2590134955118002,-2.5223933832178154
0.013938908670886605,0.006796920442870002,-0.005155604471723763,-0.0063396628787641485,0.5002352845442283,3.740512817978918,1.281362826593248,-2.5137962148813564
0.013956987179168793,0.006805039948136931,-0.005121872511850528,-0.006343105251141967,0.4951532833924757,3.7157534147704605,1.2961466745358514,-2.4982167905851402
0.013970528563155372,0.006815117625733027,-0.00509596771645407,-0.006352634657850689,0.49141672511274576,3.700162443624539,1.3126900907054297,-2.4869166146545543
0.013983095485786893,0.006825812741361046,-0.005071649896166732,-0.006363686358504309,0.48803463269835773,3.6865442042099006,1.3297816247609628,-2.4764499799634785
0.013994678695097766,0.006837824043815239,-0.005048769213349486,-0.006377532924666966,0.48498599575512896,3.675385291584322,1.3484533772158498,-2.46685862090836
0.014005517354953393,0.006850643110663295,-0.005026953942285997,-0.0063931318696912156,0.48217964378617856,3.6658539111120585,1.3680507012537209,-2.4578429693840094
0.014015632985163576,0.006863914059762534,-0.00500621193805273,-0.006409856486010927,0.4795978545961988,3.6576332747383655,1.3881048940118659,-2.4493350554952396
0.014025245513275523,0.006877258875144847,-0.004986220765939278,-0.0064269075819414915,0.4771700008607001,3.650076774304145,1.4081241886379579,-2.441105452862511
0.014034548762044562,0.006890274929049045,-0.004966729042666338,-0.0064434523758064586,0.47477829886611395,3.6425898151545257,1.4275608824543193,-2.4329667646988073
0.014126450807761858,0.0070539339413594505,-0.004755516210559176,-0.006660753654218121,0.4516817456497481,3.5722428452676516,1.6663790133993,-2.338754051608466
0.014121832169247886,0.007038658843286719,-0.0047690956799244415,-0.00663785606461547,0.45270411204578836,3.573317164386815,1.6440501978766524,-2.345074266569488
0.014042896973660467,0.006937623011689683,-0.004939945286560503,-0.006521429769200242,0.47344556695408324,3.657831691070418,1.4971170065010124,-2.425261201104811
0.01403900039476288,0.006921564440360853,-0.004951089945625531,-0.0064957362060124035,0.474185209856013,3.654761188680122,1.4733140295832194,-2.4291013274425466
0.01404477039974775,0.006902309387395739,-0.004945739738100293,-0.006457473743092954,0.47219717871527367,3.632652367672508,1.4455547397148265,-2.423804136262286
0.014054896625099404,0.006948369573052553,-0.004915686986891931,-0.006531580404745969,0.4701556764811388,3.6431671431743307,1.5131424091331527,-2.4138935836787083
0.014072926488472047,0.006956095270479713,-0.004881605403639708,-0.0065316272307639174,0.46526710399478155,3.616131652159169,1.5245103388777048,-2.3970432269640436
0.014087070033560172,0.006966675908081834,-0.004853600432679599,-0.00653942190378459,0.46145606099329,3.597419170037264,1.5397985592219021,-2.3835659209765043
0.014099465280144193,0.006978010717809416,-0.004828408988337231,-0.00654967631513735,0.4581716704346452,3.582023907347359,1.5560242797573567,-2.371541897950101
0.014112260652224056,0.006989767334626015,-0.004802334663923173,-0.006560153868616469,0.45484784927310223,3.565997007396032,1.5726594224135464,-2.359014180158983
0.014126851263053032,0.007000496887317257,-0.004773432749084231,-0.006567195516287192,0.4509241490828065,3.546166337122205,1.5874839163177992,-2.344835003551783
0.01412342635449217,0.007018963001797937,-0.0047731684345145445,-0.006602110987796222,0.4521747463023658,3.5611815451951574,1.61477052148941,-2.3460342363934985
0.013823316726970408,0.0066622870736745,-0.005376996230733376,-0.006158907922819431,0.5300134750190341,3.818124795565764,1.0614292966077725,-2.5919550733264156
0.013833545942099878,0.00667577772505,-0.005357914391610632,-0.006178467459397216,0.5274323712867698,3.814029650209535,1.0834795872731153,-2.5863546175785466
0.01384071369985626,0.006688927339964481,-0.00534427157219914,-0.006198809951931288,0.5259529680211313,3.8144902781778427,1.104036409637842,-2.58320500590906
0.013855295225064346,0.00669851855084802,-0.005317238112664739,-0.006208818295837658,0.5217717385486171,3.798766192102559,1.1219245322666946,-2.572323616105727
0.013874669283030947,0.006705879839934942,-0.005281681380239009,-0.006212054234559692,0.5161849449160901,3.772793425816221,1.137840929342765,-2.556504345729422
0.013889766232642048,0.006716204194120996,-0.00525363904891546,-0.006222613532449696,0.5119836716624865,3.7565558617234416,1.156334329363114,-2.545077220477268
0.013902541754357334,0.0067285374659887655,-0.00522952177237604,-0.006237814164819419,0.5086153467116515,3.7458015168035277,1.1767930175248156,-2.536001565785345
0.013654427595773668,0.006502214194259108,-0.005678138828194395,-0.005932124597435738,0.5740720818997155,3.919410021355556,0.771701813649499,-2.681389667716825
0.013637237860883694,0.006463899424455265,-0.005704308132704395,-0.005866983883508031,0.5763384817401715,3.8991748958682284,0.7135215699873768,-2.6777845231189814
0.013645553357261534,0.006477213214149223,-0.005691067242571031,-0.005888963292649132,0.5748698127078989,3.9026768062860233,0.73498840550443,-2.6772347064172997
0.013658870518233421,0.006484867816286404,-0.005667812824502006,-0.005899098239131261,0.5709997550224548,3.8910967808009747,0.7521955300753359,-2.669701267142998
0.013666489280115204,0.006513978408825065,-0.0056574217777654945,-0.005950001449384497,0.5709769295855801,3.914345167221921,0.7934615303232926,-2.6764265913196508
0.013676912350663076,0.006526605619358124,-0.00563967304407307,-0.00596983423126833,0.5685679835082577,3.9126710682712047,0.8153903481467112,-2.6730240293993472
0.01381289609217308,0.006649397799721842,-0.005396258496020789,-0.006140399203723245,0.5325697426417239,3.8228418898936876,1.0400702594676545,-2.5976764283515696
0.013802301975367576,0.006636893180775345,-0.005415694945700072,-0.006122533098562221,0.5352202960438014,3.8279600092040567,1.0191168415228733,-2.6034609503686377
0.013691564758633038,0.006524673722021338,-0.005612659884794693,-0.00596147265614114,0.563498688654588,3.8866903668439425,0.8206224295338715,-2.659650274479313
0.013726523554699247,0.006554363170751923,-0.005551297392153132,-0.006003385180819676,0.5542325005237991,3.8643356481539812,0.8765867255000703,-2.6416287935297955
0.013702530693245903,0.006532946897534972,-0.0055934042704154615,-0.0059728689830716155,0.5604992614121257,3.8786787160548997,0.836928332225149,-2.653721969210704
0.013714807619450485,0.006543106775213625,-0.005571847752164199,-0.005987108679900335,0.5572374879292236,3.8705492187473642,0.8562309605955046,-2.647303791850827
0.013791140970118168,0.006624949894513178,-0.0054360326107142564,-0.006105799720469007,0.5380746950868806,3.834328927399445,0.9986400601939099,-2.609723973255568
0.013779376368773313,0.006613572527949107,-0.005457356532488557,-0.006090204579721086,0.5411319554441398,3.842031453431686,0.9785924401657384,-2.616515999796455
0.013767179150231332,0.006603304521181281,-0.005479389230102571,-0.006076647047447185,0.5444158946470027,3.851377878601941,0.9597503093226143,-2.623880593792148
0.013756311435203044,0.00659487847766492,-0.005498973625359208,-0.0060657429395775606,0.5474036004013983,3.86030612201239,0.9438192052996944,-2.630560456246189
0.013738388202851204,0.006566209614162901,-0.005530398877884789,-0.006020524363235538,0.5512241262035422,3.858279197331131,0.8977079181033328,-2.6358606296452503
0.013751373643694493,0.006579603866156682,-0.005507402082538958,-0.00603987943212062,0.5479288081569846,3.8518073360792515,0.921277974094574,-2.629477863319773
0.013520296022390145,0.0063685870385539155,-0.005898657466061379,-0.005717825387688491,0.6064380857221199,3.951637787744357,0.5220999681924136,-2.720235784252488
0.013530496927216812,0.0063800268024404045,-0.005882826599605462,-0.0057370945201222585,0.6042541899309023,3.9523169153705715,0.5427389549147678,-2.719018087719759
0.013545330907909287,0.006377014953710382,-0.005855097415702598,-0.005729120808138718,0.5987885611482195,3.9259130955607042,0.5497072421754746,-2.7056906995122807
0.013557008698007963,0.006384208257122936,-0.005835510298847227,-0.005740126433925317,0.5955525909801369,3.9182324579971106,0.5661800554284703,-2.700657511034841
0.013569942248408358,0.006393612194548232,-0.005814061207360771,-0.00575476491132939,0.5921681149064081,3.911459407723392,0.5859878427465407,-2.6957343609853948
0.013582759986280302,0.0064039997687323005,-0.005792929933959975,-0.005771043590145377,0.5889002793228824,3.9059160573042075,0.6067808174359848,-2.691257519207841
0.013595425524802815,0.006415539016412502,-0.005772186164167908,-0.005789278368542092,0.5858065049285645,3.9018396277306233,0.6287694523437479,-2.687318283689103
0.013608884743507467,0.00642920352563779,-0.005750244700440755,-0.005811023618786304,0.5826339526617579,3.898993720930204,0.653747485069232,-2.683624201453822
0.013629089593827831,0.006435345709699477,-0.0057146649579636255,-0.005817264070782446,0.5765808736243839,3.8759469153018067,0.6736399657553734,-2.6704198056836628
0.013644941902143657,0.006446298204702515,-0.005687710171641341,-0.005832997535223102,0.5722037553881415,3.8653401704399672,0.6963969001425555,-2.6629455429667974
0.013479116972369863,0.006290676397026127,-0.00595203915732954,-0.005581850884168806,0.6111237319456865,3.9006262183635343,0.4042449062020976,-2.7030784644078145
0.013495536014803997,0.0063000886469110045,-0.0059253024213221294,-0.005597133725346586,0.6066807397965345,3.891026449502615,0.4270013603352631,-2.69711478135131
0.013524281052948065,0.006353890160551205,-0.005887751220373651,-0.005690500291548614,0.6034111117910801,3.925183983977841,0.5080449162742698,-2.708442229359659
0.013516146888216694,0.006338803431982028,-0.005898637416573199,-0.005664341640466656,0.6043124915319816,3.9160330628401505,0.4850148885483291,-2.705606598379937
0.013512172511002164,0.006315320374577603,-0.005899633000199249,-0.00562257013327686,0.6029500703586753,3.888984225653417,0.456057576832928,-2.6943483727723136
0.011316467968793346,0.00505444344600376,-0.007899101702808118,-0.0021008290130587162,0.6711554210889098,2.2068454775918025,-2.1190990436750634,-1.3471141071504034
0.011336373096868066,0.005055310347124586,-0.0078849656478737,-0.0021290167928285616,0.6725692654424449,2.224716566294452,-2.104324709461242,-1.3649773139468273
0.011305784317319593,0.0050319710540279745,-0.007881918057100243,-0.00206921129395918,0.6605020157527175,2.1752463391164345,-2.1088472458369645,-1.3301738041502968
0.011124559795897606,0.004975581924417186,-0.007943845479380165,-0.0017754226080281543,0.6213022509120599,1.9618439532793552,-2.190090747069489,-1.150168058786994
0.01115136834636294,0.004975641919657158,-0.007926622730887692,-0.0018136385083882447,0.6240654446603272,1.9864644602380948,-2.1724715704116373,-1.1748628204816336
0.011178640067173621,0.0049784417782727545,-0.007911764387902918,-0.0018540367066687252,0.627807194083437,2.013538168167551,-2.1564518700125177,-1.2004068242586865
0.011203749870175644,0.0049841819930584,-0.007901245293729112,-0.0018931872045405706,0.6324845533082563,2.0410950597611506,-2.1439197864472317,-1.224663547526003
0.011291402567449406,0.005010440431222235,-0.007868540089279246,-0.002033495715700079,0.6501422260487272,2.1418984234713663,-2.1022301014079408,-1.3104346596597989
0.011268574926650744,0.00501472597103722,-0.007889901597651726,-0.0020050451385079542,0.650639385952544,2.12640798448044,-2.1226049291479323,-1.291677429357451
0.011249705600510744,0.005000891255144805,-0.007887946513510649,-0.0019689389044875096,0.6432556260024364,2.0968825082231795,-2.1250673696114473,-1.2706304643939397
0.011227779528971,0.004991393302835421,-0.007892748208735858,-0.0019317424089369884,0.6375422095175053,2.0688801708425433,-2.1329813143847933,-1.2482655564675869
0.01111365354071463,0.0049523353652834836,-0.007924672373637644,-0.0017451596708838236,0.6103865143886892,1.9321542495070794,-2.1777707050762456,-1.1346081831773356
0.011357753970771944,0.005045604175118135,-0.007857686293059439,-0.002150865185847134,0.6691230088381387,2.232749059404551,-2.0795871340850742,-1.380238284472606
0.011582522465600337,0.005143069911373218,-0.007776393996962272,-0.0025319895623809653,0.7154354423857495,2.5162609302238885,-1.96180019717792,-1.607782156340555
0.011598124974928634,0.0051412041984819625,-0.007760077068762525,-0.00255039545863394,0.7141540366937643,2.5250115795127486,-1.9457863033407052,-1.6191162490560649
0.011568499612411241,0.005135856401145374,-0.007781154243225141,-0.002507282913551924,0.7123389087264953,2.4974353286180393,-1.9693988193460135,-1.5931779368173231
0.01155318187896819,0.00513431707901404,-0.007793208260665534,-0.0024859493731498304,0.7120848653955276,2.484445867063924,-1.9823347924636363,-1.5802118617844538
0.011538221498118059,0.0051249709986628394,-0.007796175050037609,-0.0024580722038410295,0.7078889364002694,2.4623053096686474,-1.9888884430832243,-1.5637902206148035
0.01152344919549938,0.005119706429862178,-0.007803348895352647,-0.002434050299817868,0.7057023866354425,2.4451223962206305,-1.998180483171857,-1.5494185980204704
0.011519509079692151,0.0050986140646543075,-0.0077835282727011105,-0.00241049935558661,0.6959331494258826,2.4177905641466833,-1.985515447078363,-1.5367952299355994
0.011401369287376437,0.005073538813179898,-0.00785443675867493,-0.0022321883506921003,0.6831786995935368,2.297867971665335,-2.0668699481653614,-1.4281199673431308
0.011462990719480029,0.005079486976120109,-0.00781058813630233,-0.0023197544814224577,0.6871056849395321,2.3533253751320635,-2.0199592557482373,-1.4823687428960424
0.011444122864168134,0.0050742313979689965,-0.007820436061672523,-0.002290278691860355,0.684465231367931,2.3328282151323774,-2.031846857901021,-1.4645281776636114
0.011423317127611556,0.005072197914533032,-0.007835218345166886,-0.0022607431579438272,0.6831421218650587,2.314134648992104,-2.0476576251366434,-1.4462505340041043
0.011513451403455742,0.005081992032477221,-0.007770549114328019,-0.002388228782696414,0.6886169025002299,2.3942922851518675,-1.9783589438140603,-1.5244108618543133
0.011480596340903189,0.005063366595476259,-0.007778132516543557,-0.0023294718477120005,0.680163131256115,2.3489622802203347,-1.9926430732652236,-1.489889697052641
0.011498741579497275,0.005073100951064355,-0.0077734245062187545,-0.002361437020188832,0.6845966152316553,2.3733592066294604,-1.984440804399619,-1.508699871942561
0.011717209150898508,0.005187477201519493,-0.007696986295982415,-0.002744543202942195,0.7298771371960661,2.6623077598897136,-1.8629454956955123,-1.7330013668441542
0.011733809417543553,0.005187761030649594,-0.007680815960016905,-0.0027652411088138697,0.7287775424631466,2.6727902198877604,-1.8464087077455464,-1.7450239641952545
0.011689715025792954,0.005173327527687957,-0.007708595585791453,-0.0026965889404695943,0.7250261681284403,2.62660965606324,-1.8805827880776143,-1.7051334250355368
0.011707251110356559,0.005174265583383502,-0.007692502871037886,-0.002719248034359497,0.7244025930822003,2.6388209186765614,-1.8638474957183135,-1.7183858417411835
0.011627414621924638,0.005154806996214738,-0.007747832980854839,-0.002600458944940247,0.7194211598921131,2.56204702725077,-1.927976391200562,-1.6486054885536603
0.011615677951970379,0.005141042373051841,-0.007743711256803465,-0.0025726979143397013,0.7134217207768249,2.5369854348288894,-1.9291587353794502,-1.6325921874879512
0.011650971088646066,0.005151870934282455,-0.00772245813153863,-0.0026275178476528947,0.7170191818771082,2.574199184718211,-1.9032359708610118,-1.6649672984454702
0.011676769690807437,0.0051549735628579315,-0.007701231938354395,-0.002662753442845369,0.7172892387960789,2.5948964655909568,-1.8804483844745739,-1.6857457970191854
0.011388000586017126,0.005052938082732205,-0.007842174120923548,-0.0021976750383689817,0.6735739198197042,2.2651462259454784,-2.061321516998167,-1.4088381516904873
0.012000258458948502,0.005277286708654979,-0.007489751416775753,-0.0031694584519859075,0.740876909440661,2.929619732165168,-1.6143286076534051,-1.9699990047195686
0.011944869717820914,0.0052571130688951855,-0.0075314540441955334,-0.0030857309504055326,0.7394054798716246,2.8779370800681736,-1.6653699128422648,-1.924956675113729
0.011925641186296286,0.005244748561690494,-0.007539924538615821,-0.0030505178527667214,0.7363816435707685,2.8517436499119455,-1.679624823604953,-1.9053595650921427
0.01196936012954433,0.005248345622163696,-0.007495135105402799,-0.0031030420386254304,0.7326266469393943,2.875152839724651,-1.6337089065566917,-1.932804479327498
0.0119936673987395,0.005253708632982944,-0.007473263775940381,-0.0031355332901278443,0.7317506818663113,2.8923185359516093,-1.6097423635404449,-1.9497808760578759
0.011901692870016382,0.005237543077281528,-0.007558628735583076,-0.003015555804538705,0.7359545082129574,2.8306738311790425,-1.7015667375966466,-1.8862825227012328
0.011774544968541316,0.005227378068987315,-0.007682362352426705,-0.0028550709314436634,0.7440002964685358,2.7504505926507217,-1.8309941828763046,-1.7970117723161736
0.01179862230500843,0.0052255663417665335,-0.007655534108469273,-0.002882301867436135,0.7410493870871422,2.761535952643334,-1.8044788715296074,-1.8124484885712173
0.011853298601062115,0.005237464613976786,-0.007610670108952313,-0.0029596302631011225,0.7411857025748474,2.8071774317425753,-1.7537052644346744,-1.856047344149659
0.011876385735546157,0.005234481854541663,-0.007582796477153234,-0.002983257536809974,0.7373427556141968,2.8143975834559396,-1.7270813039757653,-1.868759865672758
0.011820513057829213,0.005223707043547927,-0.007630716098439308,-0.0029064764523621146,0.7382160417185385,2.770844588403557,-1.7801354802500455,-1.8259820227014745
0.011840089394905539,0.005222590721162533,-0.007608942860758423,-0.0029283852658860843,0.7356679439115089,2.7795793485776903,-1.75871936752698,-1.8380960284548018
0.011766173737303735,0.0052022605527496735,-0.0076638495617447405,-0.0028192412909268058,0.7331189604067586,2.7112524125663016,-1.8230428757163317,-1.77616337679071
0.011753225512320933,0.005178074515546164,-0.0076510306563363625,-0.002779175056783719,0.7231426216428006,2.671407203792517,-1.8202674175464393,-1.753050773347589
0.012019259819639973,0.005282709893483277,-0.007473480498981072,-0.003196203613774233,0.7404850910107647,2.944580309580459,-1.5956534878782873,-1.9839992374785937
0.012048148192524442,0.005312674339872291,-0.0074703166188242395,-0.00326195787589223,0.7491421288311927,2.999871934932342,-1.5773227554267264,-2.020789232618176
0.012039183561750004,0.005292457830074771,-0.007460303291224749,-0.0032287853900571407,0.7418221564044359,2.9660730548273264,-1.5778480950527967,-2.0013910589355848
0.012092024487642794,0.005340266328780478,-0.007446094910126375,-0.0033410134278512435,0.7539839513669802,3.0560978808480543,-1.5389834877505433,-2.063250799500021
0.012077135405585495,0.005329216127031687,-0.0074527653790214385,-0.003312196128425624,0.7516594984924073,3.0344551098202004,-1.5514222489140796,-2.0476315101312754
0.01206393929480505,0.005314679215167506,-0.007453739751430481,-0.003281053742629137,0.7474757116387193,3.0079714018813886,-1.5600471512790506,-2.030244702781723
0.012112341887394407,0.005340603181488578,-0.007421916842362681,-0.0033624693388878304,0.7506043522179445,3.06214486503334,-1.515191453777676,-2.073158741549294
0.012134175596967571,0.00535275918051888,-0.007407484258091589,-0.00339957982308057,0.7519595518973183,3.0868639218016622,-1.4945261301977484,-2.0925427306932924
0.012152545874688222,0.005362108708693177,-0.007394202751190263,-0.003429640768996132,0.7526017467750377,3.106003605240818,-1.4764917602390655,-2.107977436307745
0.012195043590290947,0.005387643049075139,-0.007366407431057832,-0.0035037210744011276,0.7553183666753999,3.1556999332252444,-1.435212660475853,-2.146158398482716
0.012182934893314531,0.005378857906180966,-0.007372976135452164,-0.0034807601954269297,0.753978200711313,3.139184887743428,-1.4465768157672125,-2.1341423898771237
0.012168974524261578,0.005370248082771835,-0.007381905478128483,-0.0034561671176679726,0.7530240760773599,3.1225478208984856,-1.4600679162560477,-2.1214530680743557
0.012209936206436778,0.005387648902390085,-0.007347621394841658,-0.003518274156392876,0.7524236009160371,3.1581915577398543,-1.4172065913650025,-2.1521024826505024
0.01223843455248362,0.005403922248433817,-0.007327155131626136,-0.0035664111943825906,0.7534245041284625,3.1889157478594186,-1.3881594660283614,-2.176187455573871
0.012226823202499409,0.005389182179977662,-0.007327708476047155,-0.0035365117476713046,0.7496004433552123,3.163248909435416,-1.3973882395629844,-2.1598294848701496
0.012258279923192755,0.005402692839988259,-0.007300500984223663,-0.003583616831938545,0.748801324122343,3.189241770002377,-1.3636812453214597,-2.182345061392862
0.01228065945086061,0.0054062697539863135,-0.007275031575821561,-0.0036090565803730532,0.7456772309775505,3.1972868876083482,-1.3376685877939958,-2.192958296499197
0.012316970251663518,0.005427982102934791,-0.007248114723925334,-0.0036704714363332554,0.746597050126523,3.235483005209096,-1.2993903913619016,-2.2226594448399055
0.0123018291648834,0.005413614060215451,-0.007254454978781361,-0.0036379754725142373,0.7440293363218303,3.2109388159531833,-1.3140877576109167,-2.2059264186976333
0.012339056541315223,0.005427746265811041,-0.007218790302640066,-0.0036898624980168273,0.7415553581228044,3.2358452056928226,-1.2724494248729685,-2.228979150586976
0.012385943869161859,0.0054941708308843765,-0.007217273827884107,-0.0038200597948758797,0.7565008046645225,3.3480098174137747,-1.228427976460609,-2.298770173589809
0.012408673624838787,0.005496451115194176,-0.007188212505080457,-0.0038425867163435954,0.751915466002183,3.350617765109648,-1.200307832056704,-2.306149303170109
0.01246504135116862,0.005525760458084935,-0.0071364517541055075,-0.003929777890253023,0.7489749898311849,3.39575981226063,-1.1335742947684946,-2.343620606159264
0.012431427542089812,0.005502696338146916,-0.007162523542810541,-0.0038702234313517003,0.7486523097169314,3.35953625694864,-1.1728168036623925,-2.31659298449928
0.012451862541562294,0.005514543489088951,-0.007144831492565111,-0.0039034294961369335,0.7480975144852611,3.3778649817127504,-1.1488182946427037,-2.331161478446754
0.012379027918910754,0.005476679866373353,-0.007210521644118427,-0.003790267483162317,0.751439378497746,3.318065472567953,-1.2337958396583988,-2.2816812249803955
0.012367899356243179,0.005461439924750777,-0.007211481451362034,-0.0037600466538224497,0.7479527262065316,3.2924378341310705,-1.2445959611474058,-2.2656173724989457
0.012362454255636724,0.005439513615710392,-0.007198598654938894,-0.0037259558601848773,0.7410483420703146,3.2555539483209595,-1.2466660064296817,-2.2453589364349735
0.012481299691680011,0.005527178150522279,-0.007114884406581193,-0.0039447647410495315,0.7453498016674588,3.3958963808103406,-1.1133486924675093,-2.3476825618753305
0.012505823866988052,0.005545949135636531,-0.00709674452312723,-0.003990536444757143,0.7458475905036095,3.424551615351536,-1.0840797817251897,-2.3683220778296192
0.012498322897727796,0.005530313597776042,-0.007093665315144174,-0.003962564836696511,0.7420578340899668,3.3986116634815993,-1.0923970182317864,-2.353153652425902
0.012531999818439232,0.005560556870885399,-0.007072105517487542,-0.004031465309868933,0.7441881186618713,3.4449843441473926,-1.0519260013763834,-2.38499381826681
0.012523236669363516,0.005546819697672216,-0.007072722178088025,-0.004005176875782175,0.7413941948212462,3.422727836335207,-1.0623550278471603,-2.371454207563267
0.012548209075099702,0.005561526714811754,-0.0070496686711018245,-0.004045027966367334,0.7400223144015442,3.443035620022769,-1.0316754253178153,-2.3876746095640238
0.012560949139394012,0.005575499591046135,-0.007043249540838655,-0.00407461128281025,0.7416635666490559,3.464548032041262,-1.0159380809320444,-2.4016752815231315
0.012583557487402013,0.00558714653842544,-0.0070202997746517375,-0.00410798161799552,0.7395875099518286,3.4791189388203696,-0.9876028534923675,-2.4141847658706923
0.012617588729092105,0.005609861181189848,-0.006989416680214584,-0.004165344466852906,0.7378819272026301,3.5091346968171844,-0.944168709719149,-2.4369953992869786
0.01260670789124172,0.005592078073079872,-0.006990620079422342,-0.004131628708865456,0.7347719022573385,3.4811432933395645,-0.9586156303405268,-2.420146146857511
0.012639199484737082,0.005609859891888211,-0.00695750628526053,-0.004180162348852809,0.7317595466864938,3.5019964633769125,-0.9172430227650276,-2.4377113921141547
0.012695289949071284,0.00563762572750308,-0.006896324492730429,-0.004258252461932091,0.7249280555773624,3.529946827503529,-0.845231892643709,-2.4631672265184683
0.01267848284284658,0.0056245961954603805,-0.006911102085189869,-0.004228019394759937,0.7254942918358463,3.513698260540194,-0.8674388674012853,-2.4515008116536774
0.0126600120888305,0.005615440030684813,-0.006931223562840265,-0.004202339016871302,0.727772038530182,3.50451230358032,-0.8910815068637651,-2.443140753885174
0.012715068125276681,0.00564285156950815,-0.006870729013420006,-0.004278478936240748,0.7209049684993306,3.530929271126437,-0.8202897092655889,-2.4673070382863425
0.013359692219670318,0.006163419553687626,-0.006120586698886709,-0.005358598586594846,0.6338404941756237,3.8690112953220948,0.17707441168956883,-2.6962404561718
0.013393708189990245,0.006184309793270404,-0.0060686779022090616,-0.005396202653804302,0.6254315027220708,3.857991774800746,0.2266123521526923,-2.6897100072991367
0.01338327406479681,0.006170063658478469,-0.0060817218028537965,-0.005371009388572505,0.6267397045783739,3.8496665233360767,0.20415830872084245,-2.6862394544248143
0.013463177539404708,0.006263775945811614,-0.005972450051305023,-0.0055349998284763184,0.613072905993027,3.883802122200126,0.3632943229503263,-2.6970309467566866
0.013478896839795912,0.0062717751506537875,-0.005946857935240218,-0.005548086892566112,0.6087091653859417,3.873781643929423,0.38405312694708854,-2.691108609041056
0.013464076317857338,0.006247536388360024,-0.005965819739546171,-0.005506072313239457,0.6105303688168021,3.85914942326309,0.34734994420443044,-2.685789156386767
0.013455030257006423,0.006235682359590202,-0.005978098564792706,-0.005485593206154362,0.6119621326664894,3.854112455482344,0.3280787524023874,-2.6842078512361307
0.013443880712000911,0.006222439223015141,-0.005993510546727594,-0.005462695216575937,0.6138365632119555,3.8496215657567547,0.30580864396921054,-2.6829549422384993
0.01342774996979603,0.006212964643551677,-0.006018815221032154,-0.005446468209949027,0.6181002203442157,3.85682608384052,0.2831375701061249,-2.687329795966059
0.013409051853137276,0.00618931471395835,-0.006043508601666913,-0.005405065073436349,0.6209776988370753,3.845942352765619,0.24455782759312972,-2.6833235369569604
0.013423614312690423,0.006196898498064733,-0.006020584479488835,-0.005418265014599289,0.6170343452079817,3.838573598160295,0.26410124921468225,-2.6790941537053374
0.01321855603592507,0.006052433570066772,-0.006317466440226518,-0.005149646807755271,0.6628520941698265,3.857346500323841,-0.05241288702376413,-2.6908572452976443
0.013187438720449213,0.006021368427574756,-0.006355301314600076,-0.005090192337625685,0.6673577646647074,3.839181177896904,-0.10768745735687744,-2.680844669628788
0.013205556149341309,0.006026385587008262,-0.006326815939680922,-0.005102431055098596,0.662122486113481,3.82832603494682,-0.08531735271040342,-2.676095358411633
0.01322026209196772,0.006032711182063569,-0.006304779722696173,-0.005116020950387975,0.6583937361990482,3.8229861263558225,-0.06562194311032077,-2.673904148987145
0.01323318456036406,0.006061626013416925,-0.006296681490542054,-0.005168029327942064,0.6596270171622202,3.856335669211782,-0.03047687686498372,-2.690701246922481
0.013251088865868798,0.006068741555346318,-0.006269119761148329,-0.005183130949246003,0.6547234504914758,3.847933048438555,-0.006968950487029931,-2.6868910958164807
0.013354451642362772,0.006141390513420755,-0.006121073542795499,-0.005319766955174019,0.6320659190228456,3.8416005213985938,0.1524002912679259,-2.683342311038562
0.013273701774209851,0.0060737737791021415,-0.006232381096770369,-0.005194982339665384,0.6478900432110605,3.8304859907786897,0.019287353305825133,-2.678608529541506
0.013337977504127622,0.006126264991141818,-0.006143686196830207,-0.005292406853268646,0.6351185208515232,3.83818582758768,0.12409858361734129,-2.6820603442857056
0.013320901469588118,0.006118715261980671,-0.006170280204017761,-0.005277962043211347,0.6398037172082153,3.8468080978059134,0.10174227213590563,-2.686464763715652
0.013308926022223128,0.006104446553721755,-0.006185010947371047,-0.005252081502085487,0.6412519328313132,3.8385555400336,0.07831761363057053,-2.6825840384254325
0.013292042932188147,0.006088998664509383,-0.006207523727761338,-0.005223536934628335,0.6443823131171027,3.833780297949641,0.0493731347738745,-2.6803055503942805
0.012862984875155794,0.005769830387357834,-0.006736877096745005,-0.004557715062095236,0.714108523049844,3.677176364735002,-0.6101147154028123,-2.5676313043509524
0.012745406897247786,0.005703857174762952,-0.006871939495986108,-0.004389882487214295,0.7309189831393025,3.6254227215852524,-0.7721422790422511,-2.5220032309111997
0.012766677394531849,0.005707526046171266,-0.006841877725225512,-0.0044080542466439976,0.7255759897680772,3.6212324177794457,-0.7450106046401298,-2.52349467152967
0.012784052565686238,0.005715229421242894,-0.00682078424049115,-0.004429926483052487,0.7226352527478656,3.6258780727736344,-0.7218765290473773,-2.5288058769935406
0.012851450715273787,0.005758275827518272,-0.006746874469884304,-0.004533591639135523,0.7143314447947012,3.6638462966034013,-0.6277913091802391,-2.5590401519193953
0.012835254962226157,0.00574606526510386,-0.006763586151416429,-0.004505977819748018,0.7158939855644045,3.6519420159253286,-0.6511217939158916,-2.5504493247408075
0.012799744130275221,0.005723932921055599,-0.006802897454011157,-0.004452230919374782,0.7204006847494945,3.6329048107783852,-0.700473227282902,-2.5350173451694995
0.012816963043383839,0.005733976665456459,-0.00678344141388773,-0.004477307600151594,0.7180455271315744,3.6411171399578675,-0.676801890296944,-2.5420118742240088
0.012879017362788221,0.005774777896756535,-0.00671490287941042,-0.004573489366341566,0.7103192109771136,3.6756553050157588,-0.5891899150045696,-2.5691009012074297
0.012896510295137376,0.005786711890063305,-0.006695351546275036,-0.004600900251075798,0.7081391903698507,3.685200609759793,-0.5640987640106885,-2.57642826776009
0.01274229191053175,0.005684460191202208,-0.006861707975337855,-0.004358186110493386,0.725868772320217,3.592123106493626,-0.7798837114408473,-2.5041253908445404
0.012732322330559612,0.005669011815372692,-0.006864963265467164,-0.004328607848445204,0.723909533144207,3.569397121907381,-0.7949939852300781,-2.490501398607221
0.012733722096482984,0.0056490028853498925,-0.006847391853594716,-0.004299137193030136,0.7174299554905162,3.5336173080910345,-0.7966549076126217,-2.472034042099187
0.01304435820146992,0.005916200801366492,-0.0065382378405570525,-0.004872805062652794,0.6928609746980764,3.798091674398821,-0.331554436037294,-2.6509735388112383
0.01300980635401533,0.005895844940175481,-0.006583146017197366,-0.0048266139131262755,0.6995322919293123,3.7922515413957005,-0.38216705278506485,-2.6447952936675825
0.013029260641332651,0.0059061420945903465,-0.00655723231206872,-0.004850789058769288,0.695535534037082,3.7936952957629377,-0.3543314961273691,-2.647373438319358
0.013083209035271522,0.0059457813122443985,-0.00649076994564296,-0.00493495157182126,0.6866158717757135,3.8142436645129014,-0.27054605177856234,-2.6623482347909575
0.013070684556751548,0.005936189797519462,-0.006506176984860684,-0.004914929595058922,0.6886516840621927,3.8092049875134566,-0.29030080454541757,-2.658826457551734
0.013057910861973004,0.005926228790514997,-0.006521648369444052,-0.004894105687804655,0.6906706455170584,3.8034954798936558,-0.3104987497417713,-2.6548853846388973
0.0129306929645245,0.0058287376477857925,-0.006669124281612627,-0.004684210807005388,0.7084791076605378,3.7357001166763415,-0.5068047140850712,-2.6069545002358994
0.012950398082118795,0.005833763485202099,-0.0066404841981879,-0.004700919779042813,0.7033785070248587,3.7299728425002496,-0.48142704737543646,-2.60636618094231
0.012993991478876952,0.005863233658193067,-0.006588511767857336,-0.004766765477245432,0.6966754727094026,3.7478919660662826,-0.41707796063387226,-2.6204351903518983
0.012968153839055143,0.005841944140996529,-0.006616983619753763,-0.004721651132174008,0.6997187233718276,3.7308810502102685,-0.4570495632057852,-2.6088718669913367
0.012983323446059323,0.005852126813140127,-0.006598844584639669,-0.004744391287438122,0.6973634193011016,3.736927767377628,-0.4347412922096893,-2.613658309164117
0.013012627992985644,0.005867132019816422,-0.006560393286005333,-0.004780245325241863,0.6914684525234078,3.739570351626173,-0.3937737258199641,-2.6180706424268547
0.012926812920954293,0.0058109590728919955,-0.006663349910962304,-0.0046537235315012295,0.7049911424425366,3.706999797886429,-0.5187969300193561,-2.5916350285550105
0.012917672390155274,0.005792672420009796,-0.006665605131825921,-0.0046202400376392505,0.702910244928252,3.6813292272090643,-0.5368563266215628,-2.577143935557323
0.013096963964384528,0.005954132741821816,-0.006472439137554536,-0.004953138728585508,0.6838674440119731,3.815725720519222,-0.2501553945431521,-2.6641028367847386
0.013113942398936129,0.005960547815286382,-0.006447444938367787,-0.004968809148904515,0.6794714047604266,3.8104915353541062,-0.2275123303489667,-2.6626139013139176
0.013147233170070913,0.0059779211582364515,-0.006400778062231283,-0.005006957079370948,0.6719786818394743,3.807460032770431,-0.18028779281966525,-2.663087746753388
0.013187152074764187,0.006002814019219647,-0.006346203528697061,-0.005058440502562653,0.6636733848184598,3.8085971498438815,-0.12128121724674722,-2.6655819551047517
0.01316276803026111,0.005981156907755474,-0.006376217311873389,-0.005016206280957004,0.6674215712585275,3.7974151809603804,-0.16167609426958154,-2.6588532805849923
0.013179109782773252,0.0059860065201517935,-0.006351115776810098,-0.005028170390304304,0.6627831697354094,3.7890854582303186,-0.141323797642291,-2.6554348580778484
0.013135996591591429,0.005965105594006155,-0.006412758743556125,-0.004982433848810413,0.672987892800631,3.7968590851337036,-0.20075328113945615,-2.6571085252792748
0.012957442606617688,-0.005914906411678289,-0.006683097194799831,0.004838012899072499,0.7220269874071118,3.8716596146796687,0.4336079774650999,-2.679715979789831
0.012970415211955992,-0.005924263694462441,-0.006667500165506747,0.004859025830177082,0.7199670424688676,3.877853481146978,0.4129984985068838,-2.6842962687207117
0.01291857270212394,-0.005887973400228639,-0.006729739999475823,0.004776257909579132,0.7283004975747723,3.853550512369612,0.4944524081546549,-2.6658612826432777
0.012931372380663962,-0.005896928314372038,-0.006714576900903778,0.004796844785049849,0.7262855671891573,3.8599421617000185,0.4744309849946186,-2.670697908634225
0.012944354234930178,-0.005905837516939256,-0.006698941496150068,0.004817327700746953,0.7241825483470321,3.86583157160652,0.45415084323155924,-2.6752458979271245
0.012920497853412725,-0.005871577148397806,-0.006715170359698007,0.004749896902460519,0.7233155492416464,3.8212806478188326,0.49998629230149,-2.649668420712312
0.012868483564042887,-0.0058351398809494024,-0.006774889706457618,0.004665591386949542,0.7307000658056902,3.7924922494005657,0.5795022291319366,-2.627969311032573
0.01290839496004882,-0.005861528713905021,-0.006728168267297079,0.004727835155170137,0.7246809827467269,3.812037859350248,0.5193099703422447,-2.6433982651292123
0.012881482317782052,-0.0058430125542963665,-0.006759296648486886,0.004684790293669219,0.7286081502304161,3.797776215699511,0.5602411364664855,-2.6324996963464766
0.01289530413440689,-0.005851413731770706,-0.006742599852108952,0.004705132395800916,0.7262830765254548,3.8031788646807425,0.5397449014502077,-2.6371411363090576
0.012830713373636738,-0.005807138322256906,-0.006815693806580417,0.004600908081903183,0.7351381346053746,3.7661462598075155,0.6369747248300314,-2.6088639344663167
0.012843682249767592,-0.005816373299314744,-0.006801545445770441,0.004622585683942629,0.7335540764213887,3.7747210991436595,0.6174854613914375,-2.6152336468673147
0.012856271601593213,-0.005825856802267729,-0.006788052549588625,0.004644385600611142,0.7321170964006404,3.783775504765193,0.5982752668339922,-2.6217407104789263
0.012751635545377837,-0.005754300032708398,-0.0069015727478325085,0.004472333186663829,0.7447113494029534,3.7150785354384728,0.7527450453680052,-2.5695212573079362
0.012764280895808998,-0.005763592835327541,-0.006888837992011077,0.004494453591899854,0.7435704968455181,3.725422433350373,0.7342327685921687,-2.5770612819133167
0.012776441593301104,-0.005773409249611609,-0.006877137889657519,0.004517059211991819,0.7426463538347224,3.7368190023613614,0.7160615829195259,-2.58501335993814
0.01278983291598059,-0.005781999133119436,-0.006862390574592591,0.004538337797359384,0.7409429904866974,3.744961666871728,0.6965625384708712,-2.5914501346769048
0.01280367056010879,-0.005789946846796381,-0.006846299689476128,0.004558730351323593,0.738870003274858,3.75134827116336,0.6766352614716813,-2.5969984922387934
0.01281733360671108,-0.0057982934382326675,-0.006830652611728699,0.00457954808688956,0.7369095918587901,3.7583208510491235,0.6567496343943913,-2.6027625852960803
0.012614915914946125,-0.005669999766959282,-0.007043969858839931,0.004253331102508729,0.7591786925511447,3.6198049321256534,0.9433154680006054,-2.4936554509066737
0.012629474844547699,-0.005677752250583392,-0.007028462884016969,0.004275238511659657,0.757455314265388,3.628811267531342,0.9236840606723601,-2.501386200464457
0.012738169951282614,-0.005745229541278131,-0.006915631664282562,0.004449996412502383,0.7461575323138968,3.705368771457781,0.7721285247736852,-2.56211407765885
0.01270926959157465,-0.005729954906429144,-0.006948682639105876,0.004408286659468714,0.7503644419483361,3.6915769415462196,0.8124786614014976,-2.5496774281467336
0.012723929828703802,-0.0057365056672474095,-0.006931030375921416,0.0044276364232330575,0.7478485746151363,3.6964607294401333,0.7923107541915217,-2.5549255674046525
0.012708238952421147,-0.0057143021485229276,-0.006937683697113612,0.004383300156670286,0.7456504346435378,3.6628127776222668,0.8168893179097767,-2.5346206954920403
0.012697452376629786,-0.005704813871912298,-0.006946717729256881,0.004361813498357324,0.7458715571403994,3.650311844332705,0.8323835862443804,-2.526119635668186
0.012684515148998876,-0.005695617682087275,-0.006959178382401405,0.004339360508002947,0.7467655132296344,3.639177201484351,0.8504272244790422,-2.517875805894708
0.012669626834958418,-0.005690404344304926,-0.006977750331406428,0.004321643402971164,0.7496799933044708,3.63602047980759,0.8702737551664315,-2.513317518159176
0.012645770682851937,-0.005668797425791224,-0.006996235957667993,0.004272796654099978,0.7495844226327789,3.6058471890067216,0.9035917964783033,-2.492925559504268
0.01265938101909419,-0.005679126979143179,-0.006984109239590604,0.004297632564922827,0.7489164076877373,3.6194476051578603,0.8849420025118787,-2.5027076353129356
0.012587346048636058,-0.005654325551502846,-0.00707206248418668,0.004210035371186901,0.761839891332443,3.600146583753601,0.9803320244769642,-2.477516460414146
0.012600980402315049,-0.0056619567526720455,-0.007058135646873504,0.004231314357944396,0.7604816240350356,3.6097491267801423,0.962102050260459,-2.4854571589724053
0.012453425961041093,-0.005555735171556972,-0.007179864426972515,0.003962593971650758,0.7630551124184586,3.450645023512046,1.1514560663939981,-2.3688286362983813
0.012467494972664502,-0.005563730025377221,-0.0071671325530876595,0.003985431215181508,0.7623558131076043,3.462918532232958,1.1341409519623185,-2.378673807316721
0.01248097529426632,-0.00557271266820939,-0.007155986034924017,0.004009129986264123,0.7621249533545837,3.476871354171767,1.1175251968459168,-2.3891868398877634
0.012493343400682594,-0.0055824961149022285,-0.007147012125712046,0.004033044417174894,0.7624378502343677,3.492315756774207,1.102232842863146,-2.4001502895823603
0.012503814513474643,-0.005591233011652011,-0.007139714440121059,0.0040539272358403305,0.7628406309846236,3.5061181196535047,1.0891637855183494,-2.4097790421838123
0.012519691907952086,-0.005592737493038732,-0.007118032628546587,0.004068479450421135,0.7589793471930235,3.5053549712038903,1.0686925214039176,-2.4132257765971423
0.012586414372125734,-0.005639845545577043,-0.007060977723604469,0.004187709100910451,0.7570275135839004,3.5735380391758356,0.9822842281549923,-2.4636178611911164
0.01253552867122121,-0.005602222518990969,-0.007103342615860972,0.004094429473995922,0.7580657924924924,3.5188840766395217,1.0485246019752357,-2.423912024240435
0.01254971695998239,-0.005611153303413709,-0.007090395956639273,0.004118224082523058,0.7572956137165021,3.5315538968133633,1.0303111896875692,-2.4337210053730396
0.012563501385776972,-0.005620310847339778,-0.0070780828578221105,0.0041419722026208965,0.7566643055409189,3.544521278707848,1.012469538998887,-2.4435454443429574
0.012576355809763948,-0.005630154918594796,-0.007067585501473884,0.004165987004939957,0.7564797646352098,3.5588127995476344,0.9956543488103105,-2.4537988336298913
0.011228767164020752,-0.005011006100989661,-0.007914002503419422,0.0019467972290600365,0.646159556783989,2.087888268657331,2.148416268379386,-1.2548537145038183
0.011097720529131888,-0.00496211851237365,-0.007945599229631268,0.001728538845805904,0.6126904696420418,1.9256618602222821,2.1961014984815983,-1.1221513692001592
0.011090373928266655,-0.00494509434193043,-0.007931046360965574,0.0017075095574553985,0.6048143759154753,1.9047681882403318,2.186488280707926,-1.1115376872843994
0.011129057084620026,-0.0049960626936796015,-0.007964086595764376,0.0017949869216708453,0.630615338421317,1.983696233686047,2.204400219017701,-1.1592847184743051
0.01115455599773434,-0.004996170942484307,-0.007947627527760787,0.0018316104585057362,0.6331619033695381,2.007336578111413,2.1875475808858673,-1.1829345662424091
0.011115410133077612,-0.004973254347938698,-0.007947037374302746,0.0017608512045829917,0.61943660910695,1.9513788043137816,2.1940999523965465,-1.141100719094788
0.011203498506228022,-0.004992619467457967,-0.007910847082964955,0.0018985831149726507,0.6361109796526208,2.048534409878141,2.1510527641764265,-1.2267992702552453
0.011176785004424887,-0.004977919589016817,-0.007912413767965273,0.00185106657302389,0.6274633480551356,2.0114370036576523,2.1572597007876158,-1.1986068040335363
0.011322144521567476,-0.005034097711481756,-0.007872044453099006,0.002093340545913664,0.6623607364627847,2.1912043760833355,2.0980572226572285,-1.3451999115864717
0.011253713578905563,-0.0049918699167445305,-0.007875064944762167,0.001968098799169081,0.6396721227639094,2.091972780115104,2.1148327901167723,-1.2714732893100382
0.011277760623441739,-0.00500897542571037,-0.007876848594057835,0.0020136114934161432,0.648738493247882,2.1288331981034534,2.1111245783249597,-1.2979998926657161
0.01130137294335055,-0.0050187065522428595,-0.007870394594732094,0.002053296057215302,0.6543904411305292,2.1584337136735936,2.1014317184460443,-1.3218706373546885
0.011499137964217674,-0.005091675935604433,-0.007793457325954218,0.0023778162601017163,0.692921198043536,2.3945095573252746,1.9982270528605788,-1.5170976332926234
0.011479779322593028,-0.005087020359166137,-0.0078048017240536375,0.002348329830165315,0.6908039800196412,2.3745849711172133,2.0114259355646573,-1.499311732154988
0.011470524802485681,-0.005069855291059805,-0.007793690715696547,0.002321668324954125,0.6829744658136017,2.348448462037705,2.0061483397717343,-1.4844499053624451
0.011447765561908078,-0.005064620038502047,-0.007806828385558379,0.0022872069462149223,0.6803095226274324,2.3251837085150986,2.021324519540205,-1.4635950018259616
0.01138592630660465,-0.005041784875662033,-0.0078314592495093,0.002186073719692866,0.6685262414437827,2.2519024092730824,2.054152978886583,-1.402897534970424
0.01140506256462413,-0.005043873612555396,-0.007818597368905033,0.002213441370644291,0.6699736626422609,2.2694622578357873,2.040374654326294,-1.4198314706726942
0.01142553050331292,-0.0050518636843968805,-0.007810945591529839,0.0022472058322725867,0.6741006612126829,2.294103526968357,2.029890780731345,-1.4400397545953671
0.011369722229068138,-0.005028938605106202,-0.007829941855970413,0.002154179004722966,0.662226244320527,2.225506508613353,2.0568709990923253,-1.3843856745049177
0.011347575353140136,-0.005014734912691267,-0.00783131136228736,0.002113341550014879,0.6551119975970937,2.1930838798935812,2.062979544563326,-1.360422999214993
0.011518622990330194,-0.005079963498159033,-0.007763874280120777,0.0023931980348465016,0.6876946229050364,2.3958549408664926,1.972321466978184,-1.5276622449178952
0.01154253398884922,-0.0050695057078133455,-0.007731778423019873,0.002414955263632852,0.6828342713052834,2.401390687648974,1.9436029359047813,-1.5417832781465268
0.01156366700805127,-0.005088000574310183,-0.007733196629921724,0.002458249805639141,0.6908714062794682,2.4374822428250176,1.9383491976217182,-1.5666919533028312
0.011589100279786282,-0.0050931492461399495,-0.007716028296452901,0.0024951901624486465,0.6927065813053613,2.4611407091417763,1.9191277125290949,-1.5886129078770186
0.011566548363234223,-0.005054998558077944,-0.007695155391600753,0.00243274808482194,0.6763363248173623,2.401808364744945,1.9120263102146853,-1.5534670234651975
0.011614090382331568,-0.005122181195289141,-0.007724660213355145,0.0025532592599186318,0.7051520399504038,2.512832807275615,1.9170594599500514,-1.6218304210437153
0.011648408188643374,-0.0051440557166694935,-0.007716394499807626,0.0026169065591635154,0.71369576346142,2.562658451015998,1.9001978771641146,-1.6588646147886392
0.011634001509441187,-0.005125414485980192,-0.007709727788991855,0.002581352822806988,0.7057603931903108,2.5301511735021616,1.9006971139236266,-1.6384651246634465
0.011610724893936025,-0.005098187666026884,-0.007701852499025265,0.0025270290291704903,0.6944015935105288,2.481837823332128,1.9029528812420533,-1.6074394067946651
0.011744119654696808,-0.005178176677581411,-0.007660241568916762,0.002768248896377976,0.723878557530721,2.666211743697815,1.8295833122125837,-1.7467125944251092
0.011733088926276017,-0.005167908455048256,-0.007660224783713713,0.0027446423348212504,0.7199902982832264,2.6462105075807547,1.8338010050717062,-1.7331305759212459
0.011672781433655643,-0.005137206023786625,-0.007685902107282346,0.002640819777726815,0.7094669438629284,2.5699578020195673,1.872045375982807,-1.6732249399326844
0.01169351095913828,-0.005149553380045062,-0.007679269201064697,0.0026782630101080044,0.7140670038169282,2.5984994117852636,1.8604429684682828,-1.6948448850495301
0.01171671690472273,-0.005157062301180726,-0.007664744509670582,0.002714018635770373,0.7161038723445347,2.6223254166639225,1.8427881892778009,-1.71549633085913
0.011760671130429114,-0.005179624963774699,-0.007645203647067681,0.002789713071056977,0.7233283567369243,2.677769446434574,1.8138236371599838,-1.759004306078453
0.01181069370042264,-0.005204094470885186,-0.007620118066803294,0.002874415767365668,0.7303102006114908,2.738527123236231,1.7781200687202492,-1.807344770826602
0.011781283458691477,-0.005182467427145839,-0.007627381756565218,0.00281729302307349,0.7230817661508064,2.6932335251461024,1.7947166833311996,-1.7746877427880763
0.011800885832160133,-0.005188003643377653,-0.007613218849679834,0.0028462194692759017,0.723906839208116,2.711417386624381,1.7781511473663414,-1.791066725751016
0.012096317866826937,-0.005376225931874597,-0.007477433108840084,0.003389090822852197,0.7688298352037181,3.115035160698231,1.5499036189592268,-2.093218233229269
0.012079359626379496,-0.0053685611732416086,-0.007490192851939275,0.0033618321867343527,0.7684110167333019,3.0977661580927998,1.566837720163596,-2.0788897826370554
0.012066783687335393,-0.0053531221048798375,-0.007489495444087929,0.0033298333044006092,0.7637592629060932,3.0692111157315183,1.5746664387602747,-2.060695344352833
0.011891530571551179,-0.005254784963459323,-0.007587748319623741,0.0030226836987626957,0.7448076610925795,2.850664092915541,1.72260884586664,-1.8914409655734268
0.011830397795294382,-0.005205706099077672,-0.007601305560038812,0.0028992924557149206,0.7291618184302501,2.751137546018129,1.7585667108525886,-1.8212022442860307
0.011879780245272635,-0.005241938095756464,-0.00758696858394291,0.0029952044303341147,0.7403895240077568,2.8265531409253737,1.727840514439012,-1.8756512077564709
0.011848704251494814,-0.005215535524666979,-0.007592401549630771,0.0029309921416505354,0.7318384896656739,2.7740722119882366,1.7453035571248867,-1.8391014968933186
0.011865756596563958,-0.005228129018618872,-0.007587514001364856,0.0029641639705542577,0.7357196530729976,2.800146899104646,1.7347294021674868,-1.8579102087688046
0.012023840851473344,-0.005326444659551577,-0.00751294044431955,0.003251948097016917,0.7589100484233063,3.0130634268900667,1.6122039936151218,-2.018287352079984
0.012038724055529944,-0.005333702861545276,-0.007502922574425578,0.003276614379108956,0.7597766886963729,3.02949203412661,1.598429995729029,-2.031559722753119
0.012053347062865823,-0.00534232407767293,-0.007494460006085126,0.003302565406103085,0.7612222973582757,3.0478498791657587,1.5854360228274516,-2.0456320848154537
0.012009710626745752,-0.005317930341981151,-0.0075206274345005425,0.0032265916287412956,0.7573165676183183,2.994797275837843,1.624290157020148,-2.004392155993781
0.011979375537165292,-0.005311419316360664,-0.007548899192631949,0.0031855697668232443,0.758865209020242,2.9732818000166383,1.6558972472572748,-1.9827949283699804
0.011996396184522615,-0.005305490420635911,-0.007523162648391035,0.0031975878000492226,0.7537236112316278,2.9707120438565338,1.6332191078797391,-1.9880280642797297
0.011965090311468916,-0.005295224931302262,-0.007548306375393723,0.003151142213544706,0.7536080137353389,2.942855302609214,1.6634686433910348,-1.9630714932115276
0.011948888041574917,-0.005280160869561947,-0.0075508923666674915,0.003115984340171751,0.7491128613143053,2.913514054538197,1.6735327983537636,-1.9431120578243866
0.011908049907463381,-0.005258136348805158,-0.007573207235372366,0.003045292305097831,0.7443974407794546,2.8631816819297122,1.7064405380099827,-1.9037936958280348
0.01192948238298155,-0.005267076873732055,-0.007558904015142768,0.0030795150295010554,0.745756084222542,2.885816974895658,1.6878881827226928,-1.922688501624955
0.0122359760700535,-0.005450213157608411,-0.007375587135586019,0.0036238667290832754,0.7730884207213806,3.2667313792522314,1.4061858138346341,-2.214078970250332
0.012224681206267695,-0.0054419135362712675,-0.007382054550725561,0.00360208765382886,0.7719874610740006,3.2510674666599084,1.4176287933002791,-2.2027489021432785
0.012252059688666918,-0.005450542113477874,-0.007354902151507915,0.0036397968043807784,0.7696778816453456,3.269026983743679,1.3860499247611249,-2.2202745121460374
0.012111556269292627,-0.005365070124730615,-0.007447479884142935,0.0033913980784797686,0.7612259060339176,3.1010407688200856,1.5266407197257446,-2.0917841507489388
0.012126206466524556,-0.005371407041696579,-0.007435928231543376,0.0034142973141487354,0.7613208108537322,3.1149729159952986,1.5117839752842526,-2.1035608443716876
0.012211028950139903,-0.00543211818424234,-0.0073899688574450275,0.0035760570806885315,0.7707179579544537,3.2324563003712767,1.4313351764807185,-2.189192646518249
0.012194791771711108,-0.00542224348896044,-0.007400953630727611,0.003547348657565061,0.7698266192336931,3.2131664336129906,1.4479983803648788,-2.1744408662224917
0.012182675748885867,-0.005406309587056805,-0.007400472735874827,0.0035150399282966606,0.7655048154428075,3.184364320952603,1.457079224911945,-2.1563263481675725
0.012140924240627756,-0.005378157996024466,-0.007424565183860979,0.003437697941416304,0.761542710951285,3.1294122719563258,1.4968731911922888,-2.1155704911463045
0.012155468064108102,-0.00538587076467463,-0.007414232101564979,0.003462048820733653,0.7620874822676748,3.1452205358402447,1.482395926286147,-2.1281564928035945
0.012169549773678378,-0.00539506892652209,-0.007405808288048317,0.0034877420943001587,0.7633067558187453,3.1632324229623876,1.4688734328369437,-2.1416417323436376
0.012270239894446436,-0.005438813484011045,-0.007319705980444611,0.0036416941784595054,0.7609131626539237,3.2507174868583255,1.359798066869111,-2.2167121517882182
0.012283942446432064,-0.005446959880579014,-0.0073095817013631185,0.0036652003980738855,0.7612297980303325,3.2656460871062314,1.345102087090564,-2.2282851892293785
0.01229853300886769,-0.005453196429752664,-0.007296310083505349,0.0036869469824877704,0.7605146876750751,3.2771718314098544,1.3286401109035637,-2.2383747805084746
0.012313399692552024,-0.005459849520886867,-0.007282929143741418,0.003709400208854304,0.7598621918489176,3.2892111005515674,1.3118258188986494,-2.2487587452401745
0.012440683390375256,-0.005531502403768342,-0.007175763672352106,0.0039179568007192585,0.7571910620840235,3.4089993486430434,1.164911412309233,-2.3442946194259338
0.012454795405045236,-0.005536915404912299,-0.00716086097185096,0.003937142585797169,0.7556044776079589,3.4168150435241214,1.1476301371414637,-2.3518864033188684
0.012403894551374242,-0.005513188285019972,-0.007210172699308598,0.003861599445909906,0.7594136167382031,3.3802094416030455,1.208976956448856,-2.3199920344041947
0.012424453795531839,-0.005522039663546377,-0.007189791069641711,0.003891241185469734,0.7577157055023626,3.393988942658854,1.1842730560929204,-2.3324232346466593
0.012328009267898987,-0.005467069050293393,-0.007270282700354152,0.003732281177626942,0.7594241614004106,3.3020070335605607,1.2953404552914076,-2.259405915512073
0.01238670026985544,-0.005501044033487934,-0.0072226061725108185,0.003830126829925656,0.7589130020189333,3.360003415924362,1.2286472577400154,-2.3050980740006963
0.012342441951136192,-0.005474708528327428,-0.007258122159908355,0.003755483737339431,0.7591155651544675,3.3153253939187377,1.2790338222676423,-2.2702247476247686
0.012357036704061145,-0.005482648189421129,-0.007245875795744205,0.0037791580670109848,0.7588372685349328,3.3289694298047157,1.2624351919713643,-2.2812138474813586
0.012371925936495366,-0.005491068344685087,-0.007233522088689013,0.003803665661361743,0.7585874601584018,3.3432323296581647,1.2454091562079803,-2.292555302791383
0.01347956389717228,-0.00640936842804845,-0.005984276315235361,0.005799180231171705,0.6286103307202938,4.072873038690819,-0.53765706014248,-2.777195849020641
0.013490827038345834,-0.006420317529674784,-0.005966041847552086,0.005817937821783764,0.6265390500897444,4.071153729616768,-0.5594447207569112,-2.774668343171122
0.013494838333443776,-0.006404895739672183,-0.005954379271702511,0.005788343480219124,0.6182930027629289,4.042379766757951,-0.5481376919548673,-2.762146611891627
0.01346826640933527,-0.00639845476026239,-0.006002457711783471,0.005780359323805456,0.6308193333910372,4.074382039600961,-0.5158359595168641,-2.7795681708689375
0.013483545380935142,-0.006393939243298873,-0.005972527226527576,0.005769638103246582,0.6212311878611968,4.0439929096503695,-0.5264832687011135,-2.764517976264323
0.013472220582643295,-0.006383001091750302,-0.005990606426102031,0.005750846177416935,0.6240250284063366,4.045395776802462,-0.5048176471142788,-2.766724966873767
0.013456934686954742,-0.006387576634705021,-0.006020591024891074,0.005761469857999479,0.6337618391038321,4.075719198902282,-0.4939641153192215,-2.7817635889679067
0.0134608488480189,-0.006372096822381779,-0.0060086480580113155,0.005731996656502789,0.6266366246612987,4.046630540266263,-0.4831299475976604,-2.7687841570289806
0.013445568842486736,-0.0063767341593964424,-0.006038670873177446,0.005742517340118581,0.6371580791602169,4.076908839866753,-0.47205802459931084,-2.78377859794546
0.013259167746885668,-0.006208189667499153,-0.006319586526981593,0.005431839396008272,0.6803589481445863,4.070804415763677,-0.12162482187660632,-2.7943427925542443
0.013274262166790216,-0.006202571790711091,-0.00628930989777503,0.00542287517088778,0.6691836458401559,4.042306669771392,-0.13565579251834278,-2.78024583356286
0.013247239343570824,-0.006197969404967168,-0.006336629920758928,0.005411947451253596,0.683559281128607,4.068963756999179,-0.0996953311916038,-2.793508429080361
0.013262277982633854,-0.006192303999414759,-0.006306412635745606,0.005403113404785193,0.6715395300913407,4.040570778332497,-0.11396465804878157,-2.779681166317804
0.013199206474818056,-0.006157464647985367,-0.006404105101130752,0.005331931630913244,0.692294430587635,4.05981646661256,-0.01260541607257705,-2.7889750072289985
0.013202044092687002,-0.006141710515324974,-0.006390805744924447,0.005303830251754789,0.6848836912839453,4.029311159730626,-0.005859483110149915,-2.774342824702521
0.013211262343301557,-0.00616753419291269,-0.00638734528205882,0.005351997538522092,0.691269591082762,4.062447525160693,-0.03427743544581647,-2.790263014314229
0.013214111899575685,-0.006151780800932218,-0.006374135702554173,0.005323833424688646,0.6819903360022633,4.031999604462693,-0.027397128966574247,-2.7757799731683623
0.013223286523398867,-0.006177641567294448,-0.006370513216598568,0.005372021736149206,0.6893617511401952,4.06481773331369,-0.05600759385087156,-2.791447499417275
0.013226174218471403,-0.006161852022029428,-0.006357340869946967,0.005343725263767502,0.6791268712834709,4.034424591006505,-0.048990961445263444,-2.7770236906574906
0.0132352788963271,-0.006187786671370488,-0.0063536060337766225,0.005392007532211032,0.6865773032730007,4.066973714909854,-0.07781815005637574,-2.7925355248557
0.013238229603825877,-0.006171950623250453,-0.006340437970795265,0.00536354909781554,0.6764866204701995,4.0366391994811055,-0.07062743264670986,-2.7780808000383774
0.013250265919250206,-0.006182098874804452,-0.00632345809928365,0.005383341193250638,0.6739891760205615,4.038685560610763,-0.09228754445744997,-2.778963823651068
0.013034622680228432,-0.005971294304030273,-0.006588666095498978,0.004962635777256073,0.7092226550314321,3.9057568453657994,0.30969492496167367,-2.7046515839044236
0.012995756345704235,-0.005943127052534824,-0.00663700240804973,0.004900753577303233,0.7159408874039405,3.8902439395724744,0.37221334161786096,-2.693206691393654
0.013008745937317769,-0.005952169163554149,-0.006620751064063803,0.004920917382833858,0.7136238866917363,3.8950179203247415,0.3515824132331326,-2.6968880750153157
0.013021813377898027,-0.005961529447307758,-0.006604431973999988,0.004941533251622522,0.7113448121439854,3.900030796829244,0.330635626153754,-2.7006349404698873
0.01298571076400105,-0.005916719120450892,-0.0066367993969428775,0.004852344908740434,0.7129037078770173,3.8504938723087156,0.39907146777715324,-2.672064050270634
0.012997823341271498,-0.00592655708417299,-0.006622804094995888,0.004873516272851027,0.7111980541088493,3.857837630148134,0.3793553588620732,-2.6770334970384693
0.013205126620355985,-0.006125626315008216,-0.0063774916937379715,0.005275766953461654,0.6820698355566067,3.9971423880866905,0.0067259844483406606,-2.75864109995384
0.01319305057109618,-0.006115448484896836,-0.006393842728476282,0.005255557892551994,0.6844985180687325,3.9938601463997956,0.028063042126678234,-2.7568222985269166
0.013143804346626889,-0.0060757988985756265,-0.006460088090410759,0.005175285467087967,0.6942890486787404,3.98089310104941,0.1131824605046482,-2.7489238617057175
0.013156089180645364,-0.006085633180488412,-0.006443738151311207,0.0051953825217841,0.6920255699938823,3.9844509703791293,0.09202517864116024,-2.7511557604871566
0.013168481492798435,-0.006095407447610505,-0.006427030181653081,0.005215282522613866,0.6895818578170777,3.9874979235965466,0.07079052232513595,-2.7530704533927235
0.013180834078861942,-0.006105337686646062,-0.006410338138725485,0.005235331286339947,0.6870304755606292,3.9905823754689176,0.049449240399906856,-2.754934443913662
0.013146814895253538,-0.006059427834952817,-0.006445888825634496,0.0051472290414354615,0.6893026058240089,3.9484661518969006,0.12218512608914367,-2.733283033933692
0.0131348093729122,-0.006049138776337258,-0.006461227850799064,0.005126399586685781,0.6913918772425487,3.9434295827969024,0.14305931924358542,-2.7302466183182577
0.013122423356695818,-0.006038853632232593,-0.006477090274861695,0.005105384568729222,0.693571319209127,3.938540869001734,0.1642879204420895,-2.7271942270507137
0.013109570205696225,-0.0060289760796437475,-0.006493852724736592,0.005084848003856655,0.6959705713186014,3.93460343060196,0.18568860858155078,-2.7245153977207135
0.013071437579887997,-0.00600083757574255,-0.0065434369354132734,0.00502523313378572,0.703208195874223,3.923356572522209,0.24818839922235433,-2.7163951962963697
0.013083880007224874,-0.00601016146034035,-0.006527475196959675,0.005045047987558148,0.7009080088717471,3.9275593092543133,0.22772612940587433,-2.719371047498161
0.013096609763502154,-0.006019481500967191,-0.0065108813340244215,0.005064825335142662,0.6984873605611899,3.931184944355067,0.20690946238807648,-2.722019321517218
0.013050481692117052,-0.005963801277604726,-0.00655697964969863,0.004955130435489047,0.7020255390117831,3.8769071085043767,0.2962711634204837,-2.691495535164869
0.013062504634914054,-0.005974298962088298,-0.006542842060260416,0.004976901832057088,0.7002889675212055,3.8842069386678904,0.27593190030054915,-2.6961359707191055
0.013073936765580588,-0.005984558514514084,-0.00652942983866149,0.004998001917861581,0.6986634223810272,3.89141182285981,0.25631777678758266,-2.7006235107554875
0.013399766504457605,-0.006333722908021256,-0.006110337558809537,0.005666200436499698,0.6469347045510953,4.079797241634388,-0.3845782281977801,-2.790330126507525
0.013403470813884539,-0.006318189165780225,-0.006098015425409766,0.005637034839028527,0.6405440163359639,4.050315167816348,-0.3745270055923267,-2.776742438289618
0.013388231747947458,-0.006323060291193107,-0.006128106783266254,0.0056469778243822015,0.6493917958728799,4.080007515819902,-0.36267463612071843,-2.7915745038116797
0.013411267706097352,-0.006344421709587206,-0.006092517158595716,0.005685357330962784,0.645037510486422,4.079396098733412,-0.4064333378726741,-2.788910178309218
0.0134149854040867,-0.006328908588432617,-0.006080314455493038,0.005656157306935976,0.6377050869904962,4.049981149417779,-0.3962212937433312,-2.7754862686782893
0.013422735238775144,-0.0063551565897494505,-0.0060746348885671155,0.005704460028351545,0.6428295531154612,4.078771768698064,-0.4282836315795215,-2.787340248035465
0.013426481713538066,-0.0063396493312997855,-0.006062521433631591,0.00567519891428046,0.634802071430658,4.0494240846717275,-0.41793768435651796,-2.7740601296718204
0.013434168988720427,-0.006365927441985931,-0.006056686370341011,0.005723513130876323,0.6401982109309038,4.077934648452891,-0.4501573430363324,-2.785631212643137
0.01343796433639508,-0.006350422979472521,-0.006044632673268984,0.005694178078363934,0.631980909698166,4.04866603083229,-0.4396734828140901,-2.772463924107786
0.013449425284607533,-0.006361237854814018,-0.006026665256828501,0.00571310869568866,0.6292522519929634,4.047727171276969,-0.46141165911729426,-2.7707015256034784
0.013391912878500264,-0.006307492255311808,-0.006115667920024346,0.0056178344804582725,0.6431519286809902,4.050451908370306,-0.35282834941786434,-2.777843504487308
0.013376663550976347,-0.0063124339648614,-0.0061458274598541725,0.0056276865416011596,0.6527513960803721,4.0800726247828285,-0.34071287018074053,-2.7926239441553307
0.013380289835360104,-0.0062968313168578795,-0.006133315630543298,0.005598579051018776,0.6456183121056088,4.050443951159767,-0.3310933066625403,-2.7788068065304423
0.013365062028268449,-0.006301844034399601,-0.006163489181381226,0.005608337821696885,0.6562535410652045,4.080000336838401,-0.3187346782373945,-2.7934880920236633
0.01340742028793622,-0.006302400137852077,-0.0060856932570163775,0.005608021588676138,0.6383580353630647,4.019990879440665,-0.35852333220789884,-2.762753508079135
0.013353427294859525,-0.006291290604793747,-0.00618108306271075,0.005588941373853706,0.6592664888911414,4.0797687382059316,-0.2967882062923132,-2.794196592370737
0.013368610797858387,-0.006286217689563958,-0.006150947495990288,0.005579286566350379,0.6481573163164446,4.050302354263895,-0.30932401848639435,-2.7796281156578164
0.013318324985389799,-0.006259850365114011,-0.006233457530594406,0.005530466822292032,0.6658808332931831,4.07789894736969,-0.2312302824714454,-2.7955576691181014
0.013321692525773263,-0.0062442056364040675,-0.006220676453860132,0.0055016977601305165,0.6593291314052595,4.04792550756115,-0.22237193731360597,-2.7812197676141523
0.013330058657620061,-0.006270293666143451,-0.0062160679378398505,0.00555000497089935,0.6642430980064074,4.078746252129576,-0.2530446589877342,-2.7952278880165515
0.013333438376642094,-0.006254662702321025,-0.006203396414767147,0.005521191880783204,0.6564013468864015,4.048833503342574,-0.24406075423140305,-2.7810875586653836
0.013341759466093658,-0.006280773780640196,-0.006198609317444267,0.005569497043376249,0.6619283482505571,4.079358196602371,-0.2748917404001545,-2.794773180823734
0.01334517400418874,-0.006265137468471345,-0.0061860086840182,0.005540599478567922,0.6535508170122902,4.049511843046112,-0.26578710294087043,-2.7807753318377966
0.01335690039195335,-0.006275653290304095,-0.006168520917710093,0.005559960218688543,0.6508181715834277,4.049997772599617,-0.28754710877651585,-2.7802880452809426
0.01332534328601904,-0.0062282513710808255,-0.006207806280286442,0.005472992911265511,0.6567049737705103,4.016599995096166,-0.20777712961758618,-2.7664787368917136
0.013313596500212382,-0.006217673519659459,-0.006224754523667748,0.0054532538338280916,0.659242524569117,4.015041657386256,-0.18622137783926798,-2.7662031990885807
0.013289723822420657,-0.00619661841765552,-0.0062589638690879286,0.005413585252603389,0.6645330840829348,4.011746448181697,-0.1429029245178088,-2.7653481813897067
0.013301725869524153,-0.006207103025710393,-0.006241791577388602,0.00543340560033084,0.6618624577818571,4.013379007642434,-0.1645726416749864,-2.7658051376854558
0.013760925383283714,-0.006705240485047165,-0.005491151443702216,0.0062681184809135594,0.5545909383910527,3.9706381160466484,-1.0976057721891457,-2.6619014663675813
0.013766223192304786,-0.006690150969237446,-0.005481277283278108,0.006237092491902133,0.548990325589303,3.944787462285753,-1.0819569929867463,-2.6517425084236255
0.013750556019033765,-0.006693441434347548,-0.005510818531042552,0.006250834439708094,0.5575058594877146,3.9766665777513865,-1.0765271549133113,-2.6682859075407195
0.01375582390717448,-0.006678316958388333,-0.005500825949358121,0.006219817687484517,0.5516292388948135,3.9506702933830913,-1.0610450917637555,-2.657954072111542
0.013740149634885991,-0.0066816750146102034,-0.005530440676365353,0.006233480387834038,0.5609524891984489,3.9825707994538573,-1.0553567736018958,-2.6744933551244565
0.013666277091978747,-0.006600233495542398,-0.005666143589916304,0.006110390296626199,0.5788423989310058,4.019134036797461,-0.906513136015346,-2.7138648458060133
0.013671204517109745,-0.0065849791272659984,-0.005655446893950152,0.006079729542949149,0.5743054982278578,3.992131495363328,-0.8920969289453788,-2.7023410124935006
0.013655578290412793,-0.00658873229390265,-0.005685318231873835,0.006092553475423747,0.5818777567797266,4.023589335974141,-0.8850256186721553,-2.7188927340095037
0.01372970633385655,-0.006669941342379938,-0.005550008097410359,0.0062160648914129065,0.5644063063751639,3.9883442035982366,-1.0341315742255566,-2.6805293517094317
0.013745362659156215,-0.006666519018124797,-0.005520364962135563,0.00620249814446043,0.5542220814962757,3.9564301501204326,-1.040072713140779,-2.6640438385335177
0.013719226219359807,-0.006658240533906344,-0.005569515258579971,0.006198592856318024,0.5676015526954545,3.993966574845102,-1.0128865895266965,-2.6864111360962735
0.013734846938989131,-0.006654763002168647,-0.005539881866121948,0.006185140011207422,0.5568721557899162,3.962064211184291,-1.0190394614276783,-2.670002539290937
0.013676939708806898,-0.006611768252052548,-0.005646929945537286,0.006128151157314164,0.5768588677220837,4.014530855951851,-0.9278774571175586,-2.7086486425678413
0.013681867157914154,-0.006596561852626432,-0.005636391260332655,0.006097522909340126,0.5714853457043191,3.9876457117137583,-0.9133146048099139,-2.6973676041341323
0.013687566035138602,-0.006623336449023658,-0.00562766808935192,0.006145844688108838,0.5752121062192371,4.009720058562874,-0.9491550736883175,-2.703277746905726
0.013692494801397124,-0.0066081508406987885,-0.005617273583176184,0.006115208903956352,0.5684368120154981,3.9829424807125755,-0.9345028400929375,-2.6922393019815174
0.013698155965600397,-0.006634937971731549,-0.005608345367345683,0.006163482542686997,0.5730165485409034,4.004674518961734,-0.97040089169285,-2.697778003331999
0.013703109872493917,-0.006619752208308086,-0.005598056347496134,0.0061327897838475845,0.5653947472998934,3.978005729650531,-0.9556769093137013,-2.6869360011542223
0.013708709395206253,-0.006646572705140477,-0.005588960557275059,0.006181065782801798,0.5704197798229348,3.9994154126569588,-0.9916422265501993,-2.6921568615024825
0.013713710691498135,-0.006631382230922348,-0.005578745149898132,0.006150293832298106,0.5624750459579162,3.9728697557897807,-0.976830777958012,-2.6814595974253694
0.013724291674463653,-0.006643051258155606,-0.005559350209516923,0.006167741126108762,0.5596291606681597,3.9675523585206967,-0.9979546964617604,-2.6758130254933072
0.008741362845101052,-0.005161009143188233,-0.008064847243446496,-0.0020976872351578784,-0.0335457217600579,-0.5735423541538227,2.5245298529978357,1.3554798838763442
0.008756573701192635,-0.005157078253839507,-0.008071405803652966,-0.002072308685615214,-0.03132431537354341,-0.5574649707770408,2.5277481495216145,1.3380587227172007
0.008745356655229625,-0.00514547887497156,-0.008049016578139225,-0.00208019215920353,-0.0353211400912417,-0.5667863703644119,2.5147479063204874,1.3409671976638986
0.008680646132284168,-0.005177209793932224,-0.008037849251163829,-0.002198871580123716,-0.04743306423239387,-0.6374156114993135,2.5112529953508527,1.4251707295488052
0.008669296038057333,-0.005165865779460995,-0.008015164457493897,-0.002206292761206768,-0.052122316928029384,-0.6468485052669729,2.4978037879384476,1.427911392482151
0.008695805978438996,-0.005173088155546601,-0.008044710693326573,-0.002173634761931083,-0.042601483377481646,-0.6214628886864316,2.514646694988281,1.4078532425725652
0.00868446628767873,-0.005161737277436015,-0.008022130953841229,-0.0021811699291681935,-0.04913488733665338,-0.6308850496795716,2.501353315046794,1.410527941735891
0.008710978821122078,-0.005169014137838514,-0.008051494639641298,-0.0021483693266794454,-0.03823730942878171,-0.6055298224502818,2.517969490015851,1.390474405183164
0.008699635190006766,-0.005157616739288129,-0.008028964061356504,-0.0021560140062227453,-0.0462107112771164,-0.6149008015827291,2.5048084803069255,1.3931190547066683
0.008726164497562942,-0.005164987785668902,-0.008058207280303629,-0.0021230518804151426,-0.03531402936779934,-0.5895685297077008,2.521260131194681,1.3729934715846595
0.008730073622713283,-0.005149447453919961,-0.008042358179664503,-0.002105505793329541,-0.03923348710303077,-0.5828351425313157,2.5114876659930374,1.3583001663930896
0.008714830680672567,-0.005153507182044879,-0.008035687321348824,-0.0021307923900801867,-0.042946474614635195,-0.5988812399466497,2.5081800738734272,1.375695993839409
0.008597165390144875,-0.005171304615722971,-0.00796364853356031,-0.0023134748286441505,-0.06289705082437082,-0.7251073488997631,2.4652187246397443,1.5065271976857872
0.008657762437399552,-0.005154176454710275,-0.00799257777933791,-0.0022137257358665363,-0.05056659759682621,-0.6616312129061742,2.4806027222977476,1.4371911941406756
0.008642564691550345,-0.005158381763670926,-0.007985435024124368,-0.0022387333016252666,-0.0536329566646687,-0.6775420678485365,2.476847483926031,1.4545235155993927
0.008627431520122799,-0.005162742377138049,-0.007978379744562057,-0.00226373259732725,-0.05672197251415984,-0.6933768193643556,2.473146344709328,1.4718574022459168
0.008612320490027052,-0.005167071922900461,-0.007971161126968168,-0.0022886345958567536,-0.059855244286642455,-0.7092092609335287,2.4693036394203243,1.4891809576494646
0.008581951073356572,-0.005175562837718564,-0.007955971047204179,-0.0023383704805539705,-0.06577209008942082,-0.7410679765762361,2.4609995450542663,1.5239477288674907
0.0085214985069056,-0.005194179527281742,-0.00792598450244443,-0.0024382836073733177,-0.07690990996907128,-0.8043758171535388,2.4445797135125447,1.5938549293445796
0.008536482372066936,-0.005189400722974019,-0.00793344511959456,-0.002413440031965537,-0.07405605180171969,-0.788678152137482,2.448688357533141,1.5764437195110503
0.008551539804467849,-0.005184607624442781,-0.007940806784278403,-0.002388441971421198,-0.07125216400009726,-0.7729201803969259,2.4526943597850064,1.5589692222198623
0.008566714839410043,-0.005179974724734564,-0.007948307954405364,-0.0023633773746406968,-0.06852301778858437,-0.7570354979335119,2.456788676029421,1.5414471222039652
0.008434093796802275,-0.00520552877146386,-0.007860501953175947,-0.002566984115058537,-0.08979673857480762,-0.8957554366001298,2.4027897538048237,1.6864738891772764
0.008449429212138006,-0.0052011719948634955,-0.007869591612471033,-0.002542482384074413,-0.08743630248113758,-0.8797738304009094,2.408307640867768,1.6690575468928366
0.008464601306989268,-0.005196751170653455,-0.007878310107591135,-0.0025180799813814274,-0.08503157571587938,-0.8639500042587586,2.4135246323191333,1.6517504513421988
0.008479650063870662,-0.00519202776986766,-0.00788642093940551,-0.002493514189658138,-0.08254525059551243,-0.8482550361906448,2.4182510683084293,1.6344040330335756
0.00849470922218015,-0.005187266918992331,-0.00789435205329632,-0.002468851315098183,-0.07998300867807083,-0.8325517604121897,2.4228174050306954,1.6170275389656845
0.008509721053039137,-0.005182666408344034,-0.007902282127268958,-0.0024443468090350686,-0.07739106315152844,-0.8168934090756296,2.42737163431196,1.5997727237698387
0.00917730862558072,-0.005006666723131342,-0.008146610180032885,-0.001341845031815055,0.0829962039894651,-0.12438777336213759,2.5415545111205717,0.8526197485168016
0.009193122411345882,-0.005004034221150554,-0.008150942107670034,-0.0013160565913249757,0.08755414524302978,-0.10790220511613842,2.543180845897748,0.835657696814685
0.009208867251339056,-0.005001510487938682,-0.008155223647818776,-0.0012904013158469045,0.09211908171606453,-0.09147171849018633,2.5447799722668996,0.8188017459337186
0.009166979189976516,-0.004991398887702249,-0.008123719712677906,-0.001350515315467517,0.08045812465286756,-0.13830407184669646,2.526614001875912,0.859321335897757
0.009360150963314438,-0.004998102657486145,-0.008213581209431824,-0.001050542829726528,0.1376166434975097,0.07100145017089383,2.5717666627659033,0.661745047034592
0.009344407186441868,-0.005000100708621776,-0.00821007468396773,-0.0010763622189291862,0.1327273667364464,0.05443293062557452,2.570702377917735,0.6784480595765778
0.009328601341322063,-0.005002151301780614,-0.008206462134180185,-0.0011022791213651597,0.12784532420448766,0.03781008452461326,2.5695762792269803,0.6952330635513936
0.009312841138867009,-0.005004228651008211,-0.008202753468631764,-0.0011281128856786462,0.1229935677849358,0.021242005802913497,2.5683858727663353,0.7119839314004407
0.00929730960277768,-0.0050064067946071975,-0.00819911089199698,-0.0011536032205304216,0.1182506890265006,0.004941197729982769,2.567224459555026,0.7285299360558116
0.009224652780147424,-0.004999143303732519,-0.008159562189502728,-0.0012647285960876269,0.09672033385664629,-0.07496833008280557,2.546416224470566,0.8019498025300916
0.009240550001367608,-0.004997010535450085,-0.008164079821564038,-0.0012389582155501804,0.1013783272046025,-0.05829796255396904,2.548166611819615,0.7850453125152838
0.009256546272483795,-0.004995256427587253,-0.008168938548748214,-0.0012131654442883633,0.10609084036691772,-0.04144180443717333,2.5501413704139373,0.768132444982005
0.009272400512690425,-0.0049940273356792846,-0.008174207628411924,-0.0011877798371705054,0.11079330417074994,-0.02462520755971036,2.5524051518173256,0.7514901829357069
0.0092876397649481,-0.0049930384747108765,-0.00817936123648689,-0.0011634172279146298,0.11535119265824834,-0.008413716559847894,2.5546371671560446,0.7355365484177487
0.009610032029396396,-0.004937442396858498,-0.008215913763744219,-6.325605531072328E-4,0.2144392199033983,0.32652629292692154,2.553443083042256,0.3920678964839195
0.009626446431181459,-0.004936725673906839,-0.008218658275059227,-6.060549720424197E-4,0.21970114643001892,0.3440846753828169,2.5539970259676648,0.37507098197081495
0.00964278379760279,-0.004936921817978851,-0.008222304209019237,-5.798376933612231E-4,0.22504635505877965,0.36180424633027636,2.5551603051936618,0.3583219974509943
0.009658507770377387,-0.004938444633756563,-0.00822723521784226,-5.54829953148146E-4,0.23035463141784243,0.37921918828910756,2.557230946796078,0.34244484471871656
0.009600453229838142,-0.004920311994522885,-0.008193691661106952,-6.44007747996918E-4,0.20978065018712902,0.3118772561921797,2.539255129557063,0.39862394836989806
0.00938169463084835,-0.004981232587967728,-0.008201437319741217,-0.0010101518560338347,0.14402997991243893,0.09043520294681283,2.5618389053991497,0.6358971743726132
0.009366161578020575,-0.004982482988409886,-0.00819732125659031,-0.0010352624889688655,0.13922058668228,0.07395300716581105,2.5603314411005162,0.6521860295873507
0.009412559757412588,-0.004974674736393123,-0.008204393265529937,-9.587913070338226E-4,0.15351986201707682,0.12225146048425255,2.5613338123137566,0.6026871037933148
0.009397306654044401,-0.004979058752042078,-0.008204350460219003,-9.845650653536554E-4,0.14886938025720184,0.1067958732236139,2.562531625033115,0.6193319874391814
0.009418731472017229,-0.004956364480922356,-0.008184914477758959,-9.428563182002542E-4,0.15475209901440515,0.12476125935716319,2.5477377316447445,0.5924143505739514
0.009583972868590782,-0.004921686063886255,-0.008191456720498884,-6.705719265068974E-4,0.20465212467365343,0.2944710897997995,2.539048429006705,0.4157779281194229
0.00956762685903455,-0.004923569277172078,-0.00818969482780624,-6.970347189316153E-4,0.1996136943058491,0.2773392765381378,2.5391502746820653,0.4328941357398604
0.00955186184051614,-0.004925690836211927,-0.008188207451066317,-7.226305358385047E-4,0.1947889482237721,0.2608915318917262,2.5393910147235714,0.44946597100664515
0.009425741596163478,-0.004938689747104793,-0.008166521851343743,-9.259429630171808E-4,0.15618430831227736,0.1283628164708096,2.53473460595486,0.5814054340870655
0.009441484880051136,-0.004936414223560326,-0.008168964611591377,-9.004146653698752E-4,0.16092559496735556,0.1447480379512579,2.5351374602759496,0.5647906813981733
0.00945767525306586,-0.004934426736055083,-0.00817174034941748,-8.742628243210024E-4,0.1658252752855098,0.16167767259598784,2.535732087612734,0.5477843864394941
0.009474345921487312,-0.004933753594575921,-0.008176046933854084,-8.477339741735486E-4,0.17096527220735577,0.17942769050306298,2.5373231287685374,0.5305625017125393
0.00950861908268267,-0.004937543522979183,-0.008190458019763388,-7.945279483167496E-4,0.18193809101807287,0.21717858660823355,2.544333695760068,0.4961931678369287
0.009491595801166161,-0.0049342009013405635,-0.008181673850451059,-8.205748806880253E-4,0.17636997237412963,0.19807355886223962,2.539757072309719,0.5129718573594616
0.00953622609483091,-0.004925981226419484,-0.008184470531027256,-7.475346803570419E-4,0.18986531636281234,0.2441360573137958,2.538105796970816,0.4655493623948617
0.009519473362302763,-0.004922689162893217,-0.008176101340929604,-7.731895855758961E-4,0.1843663098171867,0.22532840143004093,2.533777580735757,0.48205985421874914
0.009736208588540149,-0.004896072753874677,-0.008191137040864355,-4.229148831422206E-4,0.25045386443969503,0.451797563047095,2.5267253129793628,0.2551549193977846
0.009718863696309206,-0.004897138957269282,-0.008189679518228805,-4.507415842392439E-4,0.245068508999109,0.43339848856875923,2.527127743896926,0.2730966391542267
0.009696406659860412,-0.00491402842821366,-0.008205628163713301,-4.894462407550785E-4,0.2399093671117317,0.41374915014935004,2.5397170603995516,0.29907571503809094
0.009704930948666392,-0.004900572327541581,-0.008191385983553734,-4.7352247979063586E-4,0.2410567432930343,0.4193164804286692,2.529398458485525,0.2879634349811896
0.009667923962024321,-0.004924242732149976,-0.008212399172414888,-5.369560130857877E-4,0.23186534238614545,0.3856867235093737,2.54653423297777,0.33015180582737186
0.009679369619967121,-0.004909700843288466,-0.008197536122027137,-5.159226459557489E-4,0.23392717218681833,0.39420378194985334,2.53560331836265,0.31577045477246735
0.008817538964686683,-0.005141833072035735,-0.00809680009929121,-0.001970756685949566,-0.014078637532289282,-0.49334397600195024,2.539713447618437,1.268946413150468
0.008821760381790682,-0.005126351488691946,-0.008080968431627129,-0.0019535663634116392,-0.017583238549556433,-0.4865239821016372,2.529987379672559,1.2545374444336306
0.00880227969724505,-0.005145572528467587,-0.0080905652060173,-0.0019961992697567843,-0.01718329060780191,-0.5093696375853591,2.53681504649343,1.2863099720355717
0.008806437435979543,-0.005130115845874071,-0.008074764575120822,-0.0019789795282510055,-0.021619173034242194,-0.5026254552870574,2.5270780606271015,1.2718198175944233
0.00878703228948581,-0.005149359904790919,-0.008084258654721113,-0.002021588748391045,-0.021819563600987833,-0.5253679647348862,2.533881831864343,1.3035783137661554
0.008791163143571621,-0.005133934471229311,-0.008068512167834796,-0.0020043279091057254,-0.025212358932663107,-0.518696843280048,2.524115516034703,1.2891274372482584
0.008771796903417482,-0.0051531951603613025,-0.008077875261791165,-0.002046946357703175,-0.027158667843498435,-0.5413934142074508,2.5308701425399924,1.3207862637684424
0.008775911148260668,-0.005137765997733536,-0.008062148165299389,-0.00202961963247174,-0.028429947021058378,-0.5347330254490877,2.521078921152182,1.306421849118134
0.008760645467953248,-0.0051416011376524025,-0.008055637666198783,-0.0020548951659980076,-0.03167290006723508,-0.5507540237063752,2.517953566294455,1.3236904293975087
0.008841435225206388,-0.005106874643899744,-0.008071633063777868,-0.0019110370731166423,-0.008888635466488578,-0.4695339481090787,2.5198593964308915,1.229810727844355
0.008825915057167361,-0.00511043702996431,-0.008065250710240031,-0.001936512776519144,-0.012529991930958035,-0.485781588666453,2.5167938506157905,1.2471290181808303
0.008872264726107719,-0.005099923487679615,-0.008084022354978954,-0.001860397782843009,-0.0011845881693512592,-0.43724197350210664,2.5257228214283587,1.1954634260632062
0.008856899763046383,-0.005103428509227751,-0.008077968094751043,-0.0018856823020637623,-0.005104579782506513,-0.45332651333558954,2.5228931370665624,1.21258711910453
0.008845833337134285,-0.005090886311623486,-0.008055732650137261,-0.0018937122058530658,-0.006693870092590897,-0.46662548605266146,2.5079115311419415,1.2194084364609739
0.008964988922234034,-0.00507932465191152,-0.008118150091837341,-0.0017074623274643279,0.022739260569376654,-0.340339549738298,2.540983029845067,1.0926770007391708
0.008949462462116095,-0.005082652645291843,-0.008112656920422649,-0.0017330755208739372,0.018629075649762933,-0.3565651166351312,2.538591525502124,1.109817704144519
0.008887589949571164,-0.005096329645304735,-0.00808980171824525,-0.001835079625074534,0.0027447434508047594,-0.4212331789257055,2.5283499183418576,1.1783834070243584
0.008933961976535745,-0.0050859994169501046,-0.008107055591947292,-0.00175862872801276,0.01453874690538017,-0.3727696713062212,2.5361182659674806,1.1269546241176298
0.008902980656277272,-0.005092773086075445,-0.008095522599843828,-0.0018096561596041268,0.0066306675964670795,-0.4051636435815951,2.530924543294283,1.1612681946392016
0.008918458383960942,-0.005089345586386552,-0.008101305871685206,-0.0017841529505471332,0.010538227944164306,-0.3889853143290882,2.5335355143716565,1.1441091683329354
0.00896987375203381,-0.005063069508365862,-0.008101854145526543,-0.0016902821276589986,0.02472180483129856,-0.33742495663959243,2.5290133642588857,1.0823395325642793
0.00909416439215632,-0.005039928670904747,-0.008144347752748223,-0.00148717252025244,0.05853121566943691,-0.20755971681849314,2.5473678975191363,0.9470870025466134
0.009124548770524661,-0.005033375846135824,-0.00815227177076394,-0.0014367735187367804,0.06716651166876726,-0.17601434258452822,2.550128180575534,0.9138701776724073
0.009109310312232747,-0.005036717955896276,-0.008148432897054409,-0.0014620868207865848,0.0628203017533459,-0.19182158957851533,2.5488370604686037,0.9305388084107366
0.009083881104027065,-0.005027356432750543,-0.00812405671038653,-0.0014963614850199878,0.056413319764804175,-0.22095005306803087,2.5341031147334814,0.9544187084652885
0.009069096795052951,-0.005028735718042548,-0.008117777386366902,-0.001519739668815822,0.052407418549594735,-0.23658988929292524,2.531030790219049,0.9700600904364477
0.00905372843698315,-0.005030550713190457,-0.008111563241821456,-0.0015441961854006576,0.048276707173553667,-0.2527699292171686,2.5280472533282285,0.986414547227395
0.008974984395135029,-0.005046238852769672,-0.008085046478914807,-0.001672515510087988,0.027296252729800376,-0.3346109028593542,2.5165045532053334,1.0720964069310714
0.009037806101107479,-0.005032548195995779,-0.008105116253659448,-0.0015695475897398931,0.04404505982067194,-0.2695037726729044,2.524944515330684,1.0033843380965022
0.008991370795272834,-0.0050434284986823575,-0.008091406062101196,-0.001646142267265883,0.03153852706984956,-0.31749480538424907,2.51950933851943,1.0543742567563503
0.009005691182442113,-0.005043032436455279,-0.008099259379495191,-0.001624246118196291,0.035169838667720214,-0.30220388314036695,2.5237545485317328,1.0394878090092416
0.009019578159305241,-0.0050340916476469735,-0.008096676415394759,-0.0015980850556572919,0.039287885341097506,-0.2887789537426068,2.5206430817360865,1.022599444827562
0.009128855796101563,-0.005016497936692436,-0.008134500540175187,-0.0014215859855491264,0.06915183891547046,-0.1745868285714874,2.5373866895004813,0.905100692398361
0.009144793322187955,-0.005012380186177799,-0.008137594802900343,-0.001394937175612775,0.07369872736397222,-0.15823483720050827,2.5381408867317856,0.8875982504465812
0.009150521475139535,-0.004994145839807693,-0.008118965838032984,-0.0013771484325764644,0.07583448654322766,-0.155415924321979,2.524719000677823,0.8769349812808468
0.010128838063619649,-0.004906761987569675,-0.008218941234981495,2.0779877207608E-4,0.37669622677731424,0.8809147418180414,2.5131712953460745,-0.14654256189933731
0.010111518635998587,-0.0049006918591910035,-0.008213038951121151,1.7951604636303286E-4,0.3699139808691796,0.8598485159250936,2.510538038805366,-0.12942102767933636
0.010075143580315681,-0.004892928021271102,-0.008205903171727097,1.2067781262258489E-4,0.35699172269281665,0.8175637588829459,2.508696125965346,-0.09295328556029454
0.010091648244631896,-0.004890295176143157,-0.008202075111814498,1.4702519965357057E-4,0.3614510614782755,0.8345190049744915,2.5046025749938816,-0.11021648873015841
0.010241334804030992,-0.0048961531674214746,-0.008194863768210638,3.871905645289383E-4,0.4075617742396919,0.9989774580537073,2.4861512710501974,-0.2633150155607921
0.010227681815515265,-0.004910915910949873,-0.008213842513390185,3.672693241921652E-4,0.40753945375975037,0.9901150150223684,2.500880101543966,-0.24791809914962717
0.010209921264037377,-0.004903869989317346,-0.008207832542626038,3.378806221584776E-4,0.4003859191837614,0.9679891353956628,2.4982058658498514,-0.2303105253767089
0.01013892314663831,-0.004894031149446159,-0.008203363510696513,2.230458698684446E-4,0.37668143300564777,0.8871370402005393,2.501361849458533,-0.15833071019595168
0.010153211503982774,-0.00489220422286451,-0.008200067994363383,2.457885618081038E-4,0.3805238273815716,0.9019409127087105,2.4977839527795793,-0.17320148242355962
0.010190644129078007,-0.004896669828176131,-0.008201635207067988,3.0616693551121854E-4,0.39280426478016045,0.9442340784304449,2.495553131356481,-0.21119063733964286
0.010171454315354137,-0.004892883597022346,-0.008199191769125973,2.75056360857913E-4,0.3861418348613786,0.9219660375849822,2.495544407132771,-0.19185960858217058
0.010330357076561575,-0.004897937102884912,-0.008182566640276908,5.293649838465985E-4,0.433362038920213,1.0959931312958455,2.469023625047326,-0.35451085069382365
0.010383486503374647,-0.004913723862366401,-0.008190166677263978,6.170799967900655E-4,0.45269625732216784,1.1605205077402154,2.469402880217555,-0.4080923813990096
0.010347557738597388,-0.004900776759811988,-0.008182565211475201,5.572498191310717E-4,0.4389452513064364,1.1158166458364447,2.467371521678441,-0.3719655994113103
0.010365691881252862,-0.004905648207464423,-0.008184560549777004,5.870576566205233E-4,0.4453777780641088,1.1375886387159035,2.4670621017743275,-0.39027653136238216
0.010313416437916915,-0.004896926602954355,-0.008184475075906457,5.022402629715866E-4,0.4283382182475142,1.077262154389284,2.47200747473002,-0.33721166098516825
0.010297236523905576,-0.00489796842237077,-0.008188474184051496,4.766593541660445E-4,0.4240737359334695,1.0602287247090578,2.476401737929548,-0.3205443835151665
0.010283195569351426,-0.0048999185170427095,-0.008193039266632013,4.5458895319166256E-4,0.4206447013380668,1.0458632701052835,2.4809798641275704,-0.3059809836874814
0.010270044546548993,-0.004893113273442461,-0.008187194219758763,4.3255628941447867E-4,0.4150108323845596,1.0287702187465315,2.478025027631268,-0.29301471867388634
0.010255093143054055,-0.004888027513026698,-0.008183511625865648,4.0799399227929567E-4,0.4093280663189612,1.0105158882707728,2.4767964560098057,-0.27809603802705885
0.010410719060476874,-0.004907979209143333,-0.008177374984862549,6.590499252423639E-4,0.4582814276847606,1.1872663187667756,2.4574603290647272,-0.4363350784210576
0.010425085083911857,-0.0049064003174535235,-0.00817214614784849,6.814271824205211E-4,0.46156959070667103,1.2019841788654746,2.452230276230321,-0.4511186228646397
0.010441895553541289,-0.004907586003271466,-0.008169395061565348,7.082959661174481E-4,0.4663843471018357,1.2206227203405595,2.4485377246816014,-0.46827272392208724
0.010539006233686301,-0.004905116986408712,-0.00813958206585,8.602137227333415E-4,0.4900098073817944,1.3231334882613266,2.416578149190897,-0.5673097706361405
0.010517378771550435,-0.0048963719209293936,-0.008135955163322635,8.238285929457618E-4,0.4817950165653246,1.2956098778741068,2.416231537139448,-0.5454088290853637
0.010501015904500779,-0.004898822630556259,-0.008143492131687096,7.989486904781088E-4,0.47865651287350097,1.2794817870511364,2.423502331259996,-0.5287661836816805
0.010486281939272132,-0.004891635376623126,-0.008139311484782316,7.738892240606873E-4,0.4726321501974801,1.2601545508270673,2.4219923068986096,-0.5139006880388609
0.010467933770581821,-0.004889427416108709,-0.008141709997740264,7.445843247837649E-4,0.46728752180866623,1.23954043254032,2.4256677121076495,-0.49531351667995244
0.010451425048405152,-0.00489186052643008,-0.008148803144422255,7.193313084328561E-4,0.4639357791145883,1.22315388162588,2.4325504457547824,-0.4784749008693615
0.010397565268119273,-0.004900282815740551,-0.008171461648146654,6.364568588879191E-4,0.4523993531468021,1.169480878240307,2.454461599537655,-0.4232156429966804
0.010829968177065878,-0.004906076801918956,-0.00802811446197075,0.001305764604837858,0.5513617071757001,1.624641292048447,2.2984984972147733,-0.8576040056224413
0.01085863494754023,-0.004909505487351173,-0.008018350487836744,0.0013500998454164471,0.5576974680901126,1.6554825099864645,2.2872822180862786,-0.8858250206222583
0.010886338226771387,-0.004906282768306013,-0.008001073980077376,0.0013895439638059812,0.5610410624492336,1.680535497440417,2.2704878390717016,-0.9120864053735592
0.010909292591411372,-0.004906079667461016,-0.007989238051162055,0.0014232401510478393,0.5645837721051848,1.7028706745827107,2.2583467876168215,-0.9340946216775361
0.01093278648068268,-0.0049103305966318525,-0.007981844853279048,0.0014598885324844134,0.5698561515063743,1.7287391923610824,2.2493833731063755,-0.9571509271207271
0.010978516599529222,-0.0049398099658292775,-0.007990464081955159,0.0015427325135935466,0.5883519125205812,1.7949015468925074,2.2489799081877737,-1.005569079325461
0.010959994128403601,-0.004918660859127493,-0.007976727159579935,0.0015040840761598889,0.5772347614741715,1.7611064080184877,2.2414890325131025,-0.9843500748526484
0.011002384893468926,-0.004934020421308671,-0.007970565121781108,0.0015743019552986464,0.5892916550350007,1.8133464506767478,2.2303776730166915,-1.0271296710313251
0.011047853588094056,-0.004953469674689392,-0.007966137536452027,0.0016514909390801336,0.603192194141656,1.8718452454280514,2.2197731460754695,-1.0737527360529453
0.011023390511384635,-0.00494263534464976,-0.007968251020075548,0.001609718776832249,0.5956263841628563,1.8400543306124815,2.225316677588088,-1.0485785434623176
0.01079055573694532,-0.0048878238467160865,-0.008025401159508673,0.0012385654480920841,0.5375238673815693,1.5731506891557603,2.3017838685264813,-0.8172483811030725
0.010816781316617253,-0.004879384717247011,-0.00800401818366178,0.0012737862526551317,0.5390441085361184,1.593735730429213,2.2823763915252897,-0.841760990758578
0.010766958109431395,-0.00487538188066243,-0.008021645540559565,0.0011978733568126163,0.5285198666035013,1.5415783290523548,2.302125282995354,-0.7930762233164234
0.010741440138072694,-0.004872917968100953,-0.008029668282419787,0.0011586516368266445,0.5227823555595482,1.5144191013922252,2.311363271298276,-0.7680012272127165
0.011069007747539694,-0.004935841088059361,-0.007933691036068558,0.001671375841097982,0.5985017163109595,1.877440506873784,2.1920841686142727,-1.0897412426231587
0.01057947906014374,-0.0048911515449227855,-0.00811071050878221,9.187039563135475E-4,0.49484202889515433,1.358349664397517,2.39079877612628,-0.6081421046534059
0.010599671516627154,-0.004885049063525349,-0.008096992521643217,9.478241069998021E-4,0.4973304117115394,1.3761462652107792,2.3783957444354686,-0.6283213018085411
0.010619725337664226,-0.004866343953033096,-0.00806874227395267,9.721164895346602E-4,0.4954186764660751,1.386520213901404,2.3552198277403735,-0.647742807019998
0.010697997471535239,-0.0048624111147952415,-0.00803531834049963,0.0010891760528905,0.510510161559004,1.4641533278316687,2.3210229701066916,-0.7247033235557411
0.010643720729400155,-0.004844395536381297,-0.008035327373938935,0.0010006994339160904,0.4931741882390332,1.3985937061209148,2.327715571187618,-0.6703840308187156
0.010671881264446218,-0.0048516735811342925,-0.008033189229126788,0.0010457736686351287,0.5014605796234709,1.4313600838726772,2.3226914142318758,-0.6984154124835643
0.01072635269168555,-0.004844086564562917,-0.008003328604358671,0.0011242723063928457,0.5096584666277507,1.4815972433946156,2.2937656629534016,-0.7509603078871738
0.010559126804359718,-0.004889811162763185,-0.008115710974720214,8.867688345336569E-4,0.4896426219439278,1.3362493219774676,2.3967593885005134,-0.5876373076598006
0.009950190034620459,-0.004881319477045218,-0.00819320413445946,-7.959023921972601E-5,0.3158306129600769,0.6783802922556085,2.51055738982398,0.03369235435270909
0.009917129073908168,-0.0048947186245917144,-0.008207513600021655,-1.3307218180122428E-4,0.30788810457091914,0.6468922612429545,2.5231607036950696,0.069498425286874
0.009899918153031493,-0.004895164033682619,-0.008207125580165165,-1.6072469042169475E-4,0.30249448236548643,0.6284076381555435,2.52431401955467,0.08721289654539398
0.00992979784989728,-0.0048773359872033096,-0.008187868255210099,-1.1202420406722983E-4,0.30873517216386287,0.6550891277759415,2.5085996427838775,0.05401713099997361
0.009881268983594755,-0.004886196658401414,-0.008195517733878359,-1.9004253765678335E-4,0.29505841007202843,0.6054656716942078,2.5179123110876787,0.10499668544157534
0.009856846185460358,-0.004888663160756665,-0.008196549966892988,-2.292929975303553E-4,0.2877383591107567,0.5798316691498632,2.5206205163319466,0.1303957157431452
0.009837374894107557,-0.004889558307556159,-0.0081958855784996,-2.6051223263869576E-4,0.28172074104390243,0.5590718985734185,2.521758997187209,0.15048277485688158
0.009819038386349,-0.004890686723854,-0.008195395569698068,-2.89939368264843E-4,0.27605538508144783,0.5396098690369521,2.5229204219081285,0.16944232654078709
0.009803460560754654,-0.004893682523155519,-0.008197200423441938,-3.1517187986113176E-4,0.27157280464166716,0.5236716148445706,2.5254132008016024,0.18587662746918965
0.009788193687906207,-0.004887057793806107,-0.00818771138720129,-3.3877782408927074E-4,0.26576131444854445,0.5052858303220352,2.5201902678536166,0.20044164756561858
0.009767870212335439,-0.004881168175941044,-0.008178292600336546,-3.703858998528168E-4,0.2585260307223178,0.48172676141103504,2.515421454969568,0.22026478932105473
0.009746170444383178,-0.004876903221005439,-0.008170335091070182,-4.0424050514619586E-4,0.25114163948401597,0.457206658687415,2.5117564624986457,0.24172825816818386
0.009963296226667185,-0.00486111126460552,-0.008170121666478037,-5.8197844182623957E-5,0.3161004728988839,0.6859473550283884,2.493493911408144,0.017565389343525098
0.010061699836686302,-0.004885935705993484,-0.008198286686543736,9.886334632208732E-5,0.3513202294443374,0.8005212878239739,2.504549281445533,-0.07999777048349056
0.010046467038762621,-0.004880270737731104,-0.008192164203154344,7.432876250785376E-5,0.3454058766327354,0.7820678401386144,2.5016085470667333,-0.0650691542586137
0.009983491334542537,-0.004864097938731401,-0.008173900165490097,-2.6169021353639522E-5,0.3228597657600152,0.7086536142383314,2.4943754373653295,-0.0026695778132609237
0.01000339678378704,-0.004866480713946126,-0.00817675016727675,5.470543850288212E-6,0.3293830180410405,0.7308743631265363,2.4946315700507173,-0.022702303684935667
0.010019903105174487,-0.004871468459595806,-0.008182433546056899,3.177893834530895E-5,0.33547017553642616,0.7503578087648864,2.4971391507166376,-0.03896351178405354
0.010036257841307298,-0.004866114578946593,-0.008175991670112731,5.7734598379384874E-5,0.33928734421808565,0.7661472166163645,2.491232701438399,-0.05634511578684024
0.009567492982479636,0.004924510241832875,-0.008190761433674447,6.974815004651123E-4,0.19968606636807543,0.27739594741733004,-2.539870128830477,0.43323392799154764
0.010212541729657753,0.0048623837794756165,-0.008159458863748017,-3.371223826260143E-4,0.3904912278921699,0.9543828890715976,-2.463653838287709,-0.23677252785745356
0.009596683972523007,0.004926562267793726,-0.008200136266745312,6.514551540186818E-4,0.20917877778047242,0.3093543115134482,-2.543883896953641,0.40370432423669805
0.009581495436548581,0.004919647308997051,-0.00818848358793361,6.740278588196491E-4,0.20369186669159517,0.29126866635834353,-2.537226945149236,0.41794124234082763
0.009733655067542894,0.0048986201342943935,-0.008193717585163155,4.273760870982304E-4,0.24999738570473534,0.44973516123614743,-2.5286613699794103,0.2582138716834554
0.009719232943213254,0.004896315280877284,-0.00818878053906954,4.500204262489831E-4,0.2451068505936483,0.43356061746846847,-2.5264686675007826,0.27257805014703335
0.009746816107301303,0.004891582006157284,-0.008187477999661857,4.053393526339101E-4,0.25327199108864423,0.4619877228804549,-2.523369572768465,0.2435258701495235
0.009613935918229573,0.004914576229614615,-0.008190019155308079,6.212507761221441E-4,0.21357795275382083,0.324922813880634,-2.535701904672574,0.38373365101348705
0.009635017129248328,0.004905837991273682,-0.008184348522020568,5.858410279641927E-4,0.21941802234777372,0.34539156864316617,-2.530196411096856,0.36050598912610127
0.009700539834738774,0.0048957700287856655,-0.008185050144910574,4.797017761601421E-4,0.2390991346315968,0.41328373741789887,-2.5254374391404473,0.29161201490896366
0.009679611178538045,0.004897725374769288,-0.008183624095727272,5.133449281137949E-4,0.2326884560512317,0.39127768489968023,-2.5261470568787945,0.3133746718774088
0.009657246701300413,0.004900909771093317,-0.008183098490642358,5.495074836952516E-4,0.2259558484578232,0.36804153557648783,-2.5275791959952882,0.33684185263630756
0.01016014423692486,0.0048691550853430625,-0.008172747594082068,-2.548177016463746E-4,0.37698612231132794,0.9007039746520488,-2.4778915243964406,-0.18266763958713647
0.010139156292730938,0.00486717553423626,-0.00817221643410411,-2.2132694340107396E-4,0.37034634831890484,0.8773696204544567,-2.4794244093613536,-0.16142269322873246
0.010196135171310542,0.004840019906745657,-0.008135592790204772,-3.0872663964857315E-4,0.3802567978557987,0.927943618424255,-2.4482522213211215,-0.22189111204582326
0.010174052225031633,0.004851568014054197,-0.008151153896799714,-2.7518162626169034E-4,0.37678749895998354,0.9088710946758897,-2.461347240311817,-0.1984801029600062
0.010117438436620699,0.004865905431750507,-0.008172302906840097,-1.867495005815137E-4,0.36362550826501033,0.8535129394903277,-2.481439326735153,-0.1393610663049971
0.010092918833063675,0.0048653893011161185,-0.008173140553075456,-1.4777500164279915E-4,0.3562008293874955,0.8269311029770934,-2.4842268630204747,-0.11436342150776677
0.010032034404609286,0.00486970002591483,-0.008180221373283073,-5.107684015284511E-5,0.3387735684158071,0.7628610584453281,-2.4945442059092877,-0.05162096015186637
0.010069735941163652,0.004860680253422287,-0.008168741573639627,-1.1075657157361497E-4,0.3482180728703593,0.800315057609806,-2.4832115918764797,-0.09121351194183587
0.010049298504988454,0.004863301711775675,-0.008172438750195155,-7.839483444122148E-5,0.34265131748971384,0.7792496214189547,-2.4876024271110535,-0.07004151727331344
0.010006192435586855,0.004859554547617568,-0.008168739951525764,-9.899571800026869E-6,0.32884462012752946,0.7315822041102659,-2.4888107781530784,-0.02646322411819543
0.009905799115904971,0.004890145577412981,-0.008201615025148329,1.5101205239200521E-4,0.3035333766242841,0.6331886457169923,-2.5200396315663163,0.08045300657992172
0.00988867398998532,0.004882642850920351,-0.008191880533331242,1.7796752159739213E-4,0.2967675622276057,0.6123711176435689,-2.514783967622291,0.09688583349047258
0.009960093525369966,0.004876067266549968,-0.008187373095121438,6.363350187721548E-5,0.31797636525825806,0.6873789049072315,-2.5056828951971752,0.022826197218512718
0.009980667198221514,0.004866433676081599,-0.008176575666056472,3.0684196645733944E-5,0.3224277781585952,0.7064026731455745,-2.496456144750013,4.962616217169242E-4
0.00992465357429896,0.0048773341267499696,-0.008187653704761724,1.202323932804193E-4,0.30715609431145857,0.6495529215252819,-2.508879787988811,0.05926751017619808
0.009943733242971637,0.004868423339295784,-0.008178052572450464,8.948666408880759E-5,0.31142952434790006,0.6672728927427823,-2.5006387941173696,0.03852544192721034
0.009779570716298359,0.004892911722772914,-0.008193456968097207,3.532629144234705E-4,0.263865787759149,0.4976645285160391,-2.5247910487125704,0.21022006958924908
0.009762046172971292,0.004885248270818666,-0.008182251045749189,3.8019584765710206E-4,0.2572135221624382,0.4766270811670611,-2.5185800299104084,0.22687766171986823
0.009798396032678982,0.004881918043713502,-0.008182948769265334,3.21915382797819E-4,0.2682269732532733,0.5148317992990612,-2.516101043306058,0.18913494264745778
0.009823933717750684,0.0048757753139396015,-0.008178577988411463,2.806115119999486E-4,0.27535403195453995,0.5405407581991466,-2.5110205630816904,0.162048504326378
0.009873563537905503,0.004865686607671962,-0.00817118849034488,2.0087655907789689E-4,0.2892471774795394,0.5909182681592106,-2.501821758227941,0.10980303899661335
0.009848387187533978,0.0048657558390972164,-0.008169262549082297,2.4083159023872332E-4,0.28144616879298945,0.5638831825570273,-2.5025981001610984,0.13551993513226515
0.010528670019935025,0.004887241136715059,-0.00812211082730216,-8.387150196683377E-4,0.4815647331279845,1.3028645830042682,-2.404811437517002,-0.5569449503708629
0.01051300555003321,0.004866824624171358,-0.008103283054129051,-8.08448956775254E-4,0.47115189012538883,1.2758073322570151,-2.392711929492601,-0.541156501773184
0.010915031811875794,0.004924087874448751,-0.008006641003527349,-0.0014409522463501164,0.5726011263589302,1.721396258302777,-2.270523845817588,-0.9422744270672688
0.010996949885373678,0.004927490273732636,-0.007966275909703214,-0.001562725653220904,0.5859799190170573,1.8031140249673059,-2.2280113619920696,-1.0208148085742141
0.011018206391211916,0.0049292740334792836,-0.007956207400611119,-0.001594517045316889,0.5895025201692888,1.8246536158370275,-2.2171503210805104,-1.0411167056247332
0.01097572716673632,0.004915437828149196,-0.007964520218459552,-0.0015252216334741117,0.5782500904280491,1.7737110673663141,-2.230025215805522,-0.9986132313977576
0.01093270952202162,0.004895834695860856,-0.007965590662564444,-0.0014521715644128465,0.5643544550740031,1.7181656064031638,-2.2373679359908745,-0.9547542213603827
0.010955248010796137,0.0048954521474798745,-0.007953222875959386,-0.00148469011881777,0.5674086086951229,1.7394182898239854,-2.224812371584701,-0.975894021820699
0.01104368609271911,0.004932132212574165,-0.00794461145697841,-0.0016328820519191792,0.5939342939285353,1.8508694929937433,-2.2044051663875717,-1.0654831680029224
0.011072285973030336,0.004935483406280194,-0.007931316624133563,-0.0016758443583917428,0.5987681855599215,1.880158191177426,-2.189807193683986,-1.092681429664571
0.011101114773513346,0.004927032536943751,-0.00790428127614169,-0.0017116192465287388,0.5987184501989522,1.8996467380640123,-2.164919443091135,-1.1171095054880313
0.010679925618267406,0.004883975390801875,-0.00806682705060738,-0.0010702076179607723,0.5143239582350749,1.4586316847854144,-2.3465888883836112,-0.7083162285819474
0.010656309555797612,0.004886427917795246,-0.00807851677872486,-0.0010351400971031145,0.5103103686202721,1.435736331496868,-2.358089359290686,-0.6849640579388965
0.0106346337059453,0.004875774291904978,-0.008074233595068361,-9.981800465166636E-4,0.5018846772374377,1.4072219593526574,-2.3575118778887645,-0.6629312318126934
0.010606311817686818,0.004869423099847962,-0.008076876317354485,-9.527033368987786E-4,0.4935438774982473,1.3743964440086034,-2.3627845251201642,-0.6345319459468182
0.01055555691374805,0.004883220738775566,-0.00810926874805088,-8.791689633152986E-4,0.4865499067450428,1.329058791455328,-2.3924196526032637,-0.5840567183339646
0.010579523060907066,0.004861939117803356,-0.008077270859087033,-9.092384252693933E-4,0.48505706715873514,1.3425497857516915,-2.3661672017767086,-0.6076387654331361
0.010890687145447074,0.004910140697272913,-0.00800325537144222,-0.0013978965017684762,0.5632143436997419,1.687572949096264,-2.271515996795961,-0.9168617029065282
0.010852988041504228,0.00489836760596655,-0.008008459284597069,-0.0013363441017902272,0.5524682568104471,1.642308384029781,-2.2807202835986344,-0.8789878745008244
0.01086893350390116,0.004892659989418697,-0.007994293507178868,-0.001357149909888374,0.5529058145194273,1.6540797213516811,-2.267940802162842,-0.8935942486300521
0.010833998767722886,0.004893888979068653,-0.008012410266341335,-0.0013060557897542366,0.5474520124654799,1.6204644381401974,-2.2862876209134892,-0.8600848990504514
0.010806662327588623,0.0048964075324019595,-0.008027893639111923,-0.0012664931650392382,0.5436263528968314,1.5949158113084814,-2.3015043026777042,-0.8338453966511175
0.010695937231559826,0.004854620219600254,-0.008027308893428967,-0.0010830401174211698,0.5073962418066088,1.4573794954167492,-2.3153544458099247,-0.7221605197417483
0.010763740968430857,0.004886150223803528,-0.00803522949794208,-0.001197686472711829,0.5319041250457311,1.5451489031693806,-2.3125998891222017,-0.7909407149149307
0.010740157892606822,0.004878115199560584,-0.008036089908242996,-0.001158890680373798,0.5243960646099187,1.5163437010833316,-2.316293816136834,-0.7671824053648492
0.010727938048939956,0.0048540917880206475,-0.00801395362137127,-0.0011307018608758973,0.513473267156339,1.4892178593491179,-2.3014139279521033,-0.7533066752145102
0.010788961484641264,0.004873987761084055,-0.008010466058057579,-0.001230050507195708,0.5320971157453669,1.562630934299258,-2.29086235971269,-0.8143675172122155
0.01030457539407312,0.004853572935391875,-0.00813596628654333,-4.80740335242555E-4,0.41374172999314496,1.0491099078344819,-2.438036530451759,-0.33100758188417917
0.010323998488334237,0.004848262053743535,-0.00812644271582246,-5.101941533905248E-4,0.41751140626060923,1.06742872128047,-2.429256857723314,-0.35095643425697187
0.010284218664058958,0.004859421475656288,-0.008146053640726845,-4.497388214829062E-4,0.40982832147473747,1.0298828994209923,-2.447254524182883,-0.3099537427641522
0.010238131189009096,0.004855759347240386,-0.008148591484213324,-3.766630760309669E-4,0.3960243610218526,0.9791051265645464,-2.4535075388450243,-0.26334136026580607
0.010263375356977121,0.004854805741097899,-0.008143942888268524,-4.162562038288755E-4,0.4027677822444295,1.0056748061583887,-2.447770256207633,-0.28906322076293156
0.010347176283278275,0.0048539558935837435,-0.008128614993537437,-5.474843040310001E-4,0.425349206278142,1.094565124825621,-2.4285176203885688,-0.37415124185365783
0.010333886270822722,0.0048318987047704055,-0.008105884894213475,-5.225782247525213E-4,0.4157150102649811,1.0706243359324468,-2.4134568444260056,-0.3616573147181905
0.010489166278016123,0.004869388203395759,-0.008112940228573845,-7.722643200392328E-4,0.4662075859447761,1.2520621124732318,-2.402372818420598,-0.5171642028766065
0.010435477369650562,0.004866348171252434,-0.008123421750998379,-6.880137410997297E-4,0.45188632223358755,1.1938949692638536,-2.415715192190842,-0.46302891779420124
0.010460317793788861,0.004857869852421326,-0.008107445556242208,-7.244713286508532E-4,0.4554766667463398,1.2159708249481234,-2.4014579044706275,-0.4882419910922683
0.010374542980548978,0.004849196782391217,-0.008117614801152305,-5.892098154669356E-4,0.4311293170060346,1.1213877916312052,-2.417794292514831,-0.40200042234724237
0.010406993011553135,0.004848108803951358,-0.008109256200625308,-6.394103350152192E-4,0.4391518647583891,1.1551451799922592,-2.408406386723446,-0.4347614895456537
0.008144785978910383,-0.005356921179222513,-0.00773835097652862,-0.003091921528262371,-0.13047814861138476,-1.2060044798702538,2.334598661841302,2.062180654601143
0.008159381790995318,-0.0053511157673393935,-0.007748016116204237,-0.0030676220972867606,-0.1282969150991709,-1.1904323847591005,2.3409394803255,2.044590649788994
0.008146972784954201,-0.005341246672038725,-0.007722739122672914,-0.003071673033040545,-0.13095218193911254,-1.1985581984884532,2.3243164677219514,2.0446208813941276
0.008130208448819098,-0.005362772427933635,-0.007728596427180506,-0.0031162234895856494,-0.1313455693447825,-1.2215837401783194,2.328089582911963,2.0798546990439193
0.008132340261019893,-0.005347024048202938,-0.007712911765284152,-0.003095827653120002,-0.13207916945898945,-1.213975379008928,2.3177010639141957,2.0622612164558327
0.008115649345237107,-0.005368669455772495,-0.00771876171397247,-0.0031405045718026817,-0.13185749741477804,-1.2371333314802784,2.3214392343321935,2.0975973834693256
0.00811771304961362,-0.0053528678590159876,-0.00770301517159602,-0.003119986119963001,-0.13334168563005014,-1.2293901909123195,2.311003869953822,2.079915884652706
0.008217944972024238,-0.005328353622408232,-0.007785942928247815,-0.002970040826611691,-0.12237111765344703,-1.128312309037563,2.3656538402086564,1.9730325709641428
0.008220236192179401,-0.005312527061003449,-0.007770012623923127,-0.0029500858400603775,-0.12447622789194086,-1.1208713050861923,2.3555626115638986,1.955858506901791
0.008173995740642207,-0.005345356249420673,-0.007757587170640246,-0.0030433371235821295,-0.12329975674558351,-1.1749167377706817,2.347138955424439,2.026993781776667
0.00816159638385962,-0.005335496048143866,-0.007732443045526144,-0.00304749163302552,-0.13037919529239275,-1.1831067308134573,2.330823108583839,2.026931393577728
0.008203277475351158,-0.0053339751212172605,-0.007776553445793692,-0.0029945393367227257,-0.12123218004123892,-1.1439186130308774,2.3594732240058836,1.991076405012751
0.008205494557122064,-0.005318142132507599,-0.007760616008648032,-0.0029744816376360648,-0.12636713476022635,-1.1364672639425513,2.349495248836869,1.9735410116500824
0.00818862768350935,-0.005339642682041291,-0.00776709250040736,-0.003018994608945204,-0.11984594735201977,-1.159443131218409,2.353289896296676,2.0091580937674234
0.008190808747358442,-0.005323871382609463,-0.007751255362149039,-0.0029988724301135317,-0.12859897877241444,-1.1520471022322694,2.3433607747545575,1.9912822167472168
0.008176196736874747,-0.00532969582165706,-0.007741927275217292,-0.0030232258729268337,-0.1300068243053363,-1.1675973697944089,2.337164731513454,2.009120840909503
0.008149107540291379,-0.005325490827123907,-0.007707710675606667,-0.0030517673146070105,-0.12674334628860937,-1.1952019363910351,2.3096865629458887,2.0331615248186927
0.00829678400070259,-0.00526911499806008,-0.0078003759748704665,-0.002808157808264961,-0.11113849355417736,-1.040212092006028,2.369808572550173,1.8570262887794164
0.008371088313376624,-0.005242910574279519,-0.007843930418517166,-0.002685761856631844,-0.10114644890030806,-0.9622134357841711,2.396640106330406,1.7693257294712696
0.00831160534140655,-0.0052638479438982,-0.007809310023747487,-0.002783809047707982,-0.1092232455330235,-1.0246492847068416,2.375410129548641,1.839514359976351
0.008356145587764525,-0.005247998662629034,-0.007835256831013902,-0.00271030160166764,-0.1032722991374435,-0.9778983179792083,2.391351297871738,1.786876988535994
0.008326400828771702,-0.0052585243321624136,-0.007818008233699686,-0.0027593835603483496,-0.10722675280171255,-1.0091134413999654,2.3807915286282832,1.8219961429035372
0.008341230447573381,-0.0052531900166475215,-0.00782658214544829,-0.0027348530643796364,-0.10525324556982328,-0.9935490749966484,2.386042256124055,1.8044432019725392
0.008418708130365946,-0.005210222131664169,-0.007851603879157149,-0.002591803459557476,-0.0921519281602582,-0.9117820540098124,2.3974114119111483,1.7041042879344193
0.008403395913663767,-0.005215384376011495,-0.007843162442938393,-0.0026169095990992227,-0.09449381867513196,-0.9277384687634619,2.3923755647865854,1.721913303635472
0.008388381993296546,-0.00522100693179805,-0.007835379928501267,-0.0026420121654766194,-0.09679294749138262,-0.9434048396864142,2.3878218330896117,1.7396912340337138
0.008373600727246485,-0.00522658938935226,-0.007827625289645528,-0.002666730543131697,-0.09899729686371893,-0.9588418419509733,2.3832490341292463,1.7572313239689923
0.008281927378405926,-0.005274429809767374,-0.007791314520570453,-0.0028325440496211256,-0.1129246988054675,-1.0558084841734947,2.3640815763974934,1.8745902105373673
0.008267051678751181,-0.0052798581333876335,-0.007782215227994439,-0.002857014436179552,-0.11464704899225264,-1.0714242340232263,2.358303817418511,1.892226671316329
0.008222431005586305,-0.005296401067825536,-0.007754325409298576,-0.0029303446209219745,-0.11956279742791041,-1.1182554918316263,2.3403191311006455,1.9452288611811994
0.008237284965738499,-0.005290875899562023,-0.007763737876536566,-0.0029059724434143635,-0.11799942939230372,-1.102670595163991,2.3464399379503877,1.9275858387933409
0.00825216873137547,-0.005285361989561993,-0.007773045622829934,-0.002881516115388163,-0.11635166865501732,-1.0870487063552827,2.3524436876661703,1.9099070380715013
0.009390290363370815,0.004965736046187192,-0.008186209684557112,9.910595582460814E-4,0.14624164958063818,0.09624275018928781,-2.5508734889781484,0.6236684359246539
0.009406139039474098,0.00495955567738008,-0.008184418370140327,9.638564065483218E-4,0.15094045894023744,0.11192355081590379,-2.548398576141675,0.6060340078560184
0.009358574268328562,0.004969272256488021,-0.008178975726585092,0.0010424205884055956,0.13658567770297006,0.06288541693385012,-2.548545119321236,0.6570641432888565
0.00934215616096718,0.004966171730879289,-0.008169206582289675,0.0010671062143725993,0.13151409625226299,0.04456664508523316,-2.5432629179403534,0.6732420829335444
0.009373945600261687,0.004962931741140807,-0.008177116159073934,0.001015876729844531,0.14111839635930193,0.07803572726138185,-2.546050394522807,0.6398563010532144
0.009501636945843715,0.004932341987670848,-0.008182393481194955,8.041322417085013E-4,0.17945619710378893,0.20840703935824043,-2.53943419011323,0.5023110939712737
0.009422629605966995,0.004947380189940592,-0.008175669966594275,9.337147525997552E-4,0.1556043146815864,0.12693489016183238,-2.541170030983475,0.5864792755357225
0.009439637013698517,0.0049419989070763615,-0.008174909144693486,9.051181488483946E-4,0.16062292015127877,0.14399582346769432,-2.5392955283174428,0.5678876095374942
0.009480130250677996,0.00493727168562312,-0.008181897565041856,8.396351687321821E-4,0.17298372948826896,0.18643383596834556,-2.5408086183127048,0.5253703936484103
0.009457778018008178,0.004938006629099049,-0.008175963034243025,8.752124429295276E-4,0.16608953240183713,0.16258479983484686,-2.5385613868992176,0.5484374700161037
0.00926065502508386,0.004979362368686425,-0.008151981635467855,0.0011999600007057706,0.10735509668236198,-0.04021275568397331,-2.5382110022389948,0.7600658920062974
0.009200766201712288,0.004986426514822356,-0.008133762528869083,0.0012960607818547894,0.0900129139183352,-0.10305393698642117,-2.5307014517386897,0.8233457804493802
0.009216819017757925,0.004974450112140359,-0.00812702928937753,0.001265808984251238,0.09476713348796136,-0.08813665272841369,-2.5247107254567034,0.8038708819025163
0.009232178966707269,0.004968196405421054,-0.008126555800032754,0.0012393044753869714,0.09919329310619483,-0.07290241168053789,-2.523104270733759,0.786573666566874
0.009248486509654692,0.004964157133708567,-0.008128946068829723,0.0012123389587587621,0.103888422012706,-0.05624229502079481,-2.523401526038409,0.7688721300141274
0.009278058345015494,0.004977487225717112,-0.008157091239566738,0.0011720164162416313,0.11246129369996889,-0.0219144925133351,-2.540262071713166,0.7417319569442263
0.009293461642458586,0.004978757126470843,-0.008164910537179592,0.0011484424151328946,0.11705748235558303,-0.005114630577176845,-2.5443172439591284,0.7261976805279038
0.009309072829563978,0.004970625180791931,-0.00816162237512915,0.001120725145744754,0.12163722508152616,0.009970201309364468,-2.5408043551587522,0.7082523586556776
0.009324426021777599,0.004955857398927892,-0.008150328944606723,0.001090928524660835,0.12602959750778206,0.023386139922240392,-2.531858964144703,0.6890760028086221
0.009557846437909344,0.0049123771605108285,-0.00817418615938896,7.09754844382487E-4,0.19567318235486947,0.26406138631112547,-2.5294179742059275,0.44073105651203404
0.009543105936339048,0.004910547735288057,-0.008168270278843766,7.325848891413058E-4,0.1909075123492716,0.24778804227821719,-2.526579392126166,0.4554527946179309
0.009526030436401742,0.004910237562065261,-0.008163372145041446,7.594405756752394E-4,0.18558482456081218,0.2293990759773428,-2.5246107363824817,0.4728473073115404
0.00950818558680845,0.0049118685081583876,-0.008160351688944667,7.879971886157522E-4,0.18017517780781708,0.21065404334822638,-2.5239753982870194,0.4914160683114202
0.009135893307026228,0.004981101616080296,-0.008096482254405126,0.0013930908590476159,0.07225432884605194,-0.17337637054498023,-2.510289462930491,0.8884953833332873
0.009115844867796964,0.004987048975276685,-0.008093345848491746,0.0014266007381832176,0.06665510396088632,-0.19372533960672272,-2.509806007366883,0.9106031827726674
0.009093041260872714,0.004989542660945623,-0.008084502617688392,0.0014624989524431604,0.06057389076371101,-0.21759326506716573,-2.5055317842240084,0.9346006572887745
0.009153026112900064,0.004976599900474509,-0.00809965378796043,0.0013647482456082037,0.07701844981999108,-0.15589712609779408,-2.5110515423566464,0.8697756831732323
0.009169843338840506,0.004973784526858726,-0.00810447122463191,0.001337693555892695,0.08167561533099553,-0.13846346236212712,-2.5129936367383867,0.8518371172104208
0.00918610479115672,0.004969602727503649,-0.008107268591469784,0.0013108229391910068,0.08626251976563463,-0.12186764008003954,-2.513576905521067,0.8341155287460885
0.008606349298525265,0.005119189286623222,-0.00791059129208007,0.002257913296863874,-0.05488413894060997,-0.7179564204146375,-2.423235937241515,1.4740150437001347
0.008590256654535958,0.0051232046849689185,-0.007902057971118481,0.0022833904595720186,-0.05787098793573751,-0.7345623033570411,-2.4183098769130456,1.4918180422269234
0.0086224475177471,0.005115809532806081,-0.007919703648865802,0.002232878711059464,-0.05191019683678095,-0.7013060128215668,-2.428593032348182,1.4564724718849023
0.00863871697593463,0.005112909852654765,-0.007929349281110644,0.0022079125369762263,-0.048940112534043366,-0.6844442444676561,-2.434318427885914,1.4389535791540047
0.008653600266364431,0.005112170993697455,-0.007940250602605274,0.0021865095969807596,-0.046311928046522365,-0.6688790666586326,-2.44111355948718,1.423701595935652
0.008666987645737008,0.005104709113204922,-0.007942069035806049,0.002161886913753106,-0.04314966576986672,-0.6552929425531172,-2.441128010492046,1.4071341601246894
0.008467593688118539,0.005179625454227189,-0.00786127684621786,0.002498583857858686,-0.08211238109067848,-0.8609538643047326,-2.3995052313907905,1.6401884220573975
0.008452370827847439,0.00518445976359292,-0.007853044890186804,0.00252329479517021,-0.08455232906861705,-0.8767176367553383,-2.394635123089971,1.657611035227779
0.008574383672815376,0.005128434030837337,-0.007894943723342636,0.002309515195395372,-0.0609159540256189,-0.7508910185865707,-2.4144507527668964,1.5099437180668758
0.008471696752765547,0.0051652175138373595,-0.007848448395916835,0.0024801650435479295,-0.07959539119086277,-0.8566367066342044,-2.3888526674642434,1.628800351941631
0.008484270838138,0.005158659423132943,-0.007852155919936944,0.0024575288820749583,-0.07719685938806403,-0.8436691393544747,-2.3904436623639143,1.6131973114129605
0.008499512970166228,0.0051525728651955665,-0.007858640868216006,0.0024317353330855387,-0.07444073901401803,-0.8279722321635358,-2.3939415638234736,1.5952448767664613
0.00855836224953701,0.005134693900669253,-0.007888729736110737,0.002336672534974203,-0.06405854290041708,-0.7673498011003984,-2.411301597410699,1.5286986792146544
0.008546536763961027,0.005142734662695724,-0.007887969547768148,0.002359609592057938,-0.06677476821017411,-0.7794337702926294,-2.411959938891563,1.5441676597867302
0.008531557202382165,0.00514383978894967,-0.007876444055171171,0.0023809176783104336,-0.0690658517888833,-0.7949529152805254,-2.404538265516741,1.5594992086193873
0.008515338828353309,0.005147538731981217,-0.00786668749268314,0.0024060450435641864,-0.07170106795269444,-0.8116741545547616,-2.398599260589093,1.577244993613596
0.008682902050533571,0.005098443853669165,-0.007947101575327088,0.0021346547981027125,-0.03963682924114742,-0.6390046471434777,-2.4433263202561375,1.3885612855196319
0.008701693881437116,0.005092551423937875,-0.007954583237850825,0.0021036278549962013,-0.03562563166857775,-0.6196885438025589,-2.447094145755129,1.3672700366347763
0.00871647605238762,0.005078543339769685,-0.00794946817406248,0.002072201281926964,-0.031325563018789915,-0.6052032570150684,-2.441765409516631,1.3468335355840162
0.008732064095054577,0.0050695678841615665,-0.007950641087285762,0.002043490415773962,-0.027501653617064133,-0.5895563985688611,-2.4411235823445767,1.3276660409569432
0.008778828981315916,0.005059134828654006,-0.007972311979032158,0.0019693386184055296,-0.017406359650651473,-0.5413681778648911,-2.452827830025544,1.2766373408635039
0.008793957891539684,0.005046117069684682,-0.007967893610608292,0.0019385288031592573,-0.013103270264664279,-0.5266850590759323,-2.448096634840471,1.2565918567966774
0.008747384581538018,0.005061560159014956,-0.007952588386035186,0.0020159164063660896,-0.023748795607266147,-0.5741453606828091,-2.441099074243276,1.3091872754794254
0.008762450131164553,0.005050811780494649,-0.007951055403089017,0.001986781688447677,-0.019770282691086608,-0.5592598076922611,-2.438509678134521,1.289970553011642
0.008840781868965579,0.005039627424872889,-0.007992401609899403,0.0018666494956363258,-0.0028506468102219543,-0.4781127495136581,-2.4618331039002257,1.207032589900133
0.008810927662486057,0.0050317666920698546,-0.007963088380706015,0.0019043123514475137,-0.00831508505092634,-0.5102382785568552,-2.4429445235762874,1.2342876713713455
0.008827621164919336,0.005029792053392992,-0.007972179265776229,0.0018790207771556297,-0.004730690733242718,-0.4929502216279273,-2.448128294608831,1.216817302361063
0.009046614842380533,0.004980948670485999,-0.008049668444901828,0.0015277578152760303,0.04904086756525177,-0.2682588717571275,-2.4848837043750547,0.9794868851996569
0.009064068699803472,0.0049772970396301346,-0.00805490198940703,0.001499658760004439,0.053605749857401526,-0.2503333601272583,-2.4871107109120705,0.9606924971960246
0.009079362785831503,0.004976666987553755,-0.00806232333468666,0.0014763714413150765,0.0575279445494495,-0.23421786940792297,-2.491064399350057,0.9449552839237768
0.008856441909604468,0.005029547891731923,-0.00799115110379217,0.0018372534479506456,0.0013755659169851079,-0.46271334226528643,-2.4594543073533424,1.187692666872264
0.00887289898641726,0.0050194153479286175,-0.007990218640681161,0.0018067533639229245,0.005764193783018887,-0.4465140309822666,-2.457264875592886,1.1675894407640408
0.008890132776293259,0.0050118904326072276,-0.00799263510186334,0.0017768791214302505,0.010130881986579523,-0.4292460029591783,-2.4574719387640864,1.1476507085654706
0.008906743995766712,0.00500715475207613,-0.007997701146449753,0.0017496991054320899,0.014171720199521976,-0.4123311290389356,-2.4596789810497106,1.1293079525718728
0.008922464121861404,0.005003646418167339,-0.00800346743366564,0.001724564179923591,0.017976927918011667,-0.39620798358199577,-2.4624767795275524,1.1122741536122758
0.008938324406702428,0.004999908902778138,-0.008008907595302586,0.0016990499270750654,0.02184577534261653,-0.37997475017288246,-2.4650268110779456,1.09503901283472
0.008953223662155136,0.004998766895607026,-0.00801661988611394,0.001676483299195721,0.025378611786448367,-0.36442692631903395,-2.4692970036818154,1.0796158175935815
0.009032254431656225,0.004964990096714135,-0.008023304719391075,0.0015403260682635698,0.04624259954839565,-0.28572463535776427,-2.467294492153624,0.9892877057944097
0.008998660941346638,0.004986713193360663,-0.008029420802135402,0.0016023325851708353,0.036936098855842835,-0.3181189268595796,-2.4745475406008732,1.0298608304399564
0.009013554151014336,0.0049746004212084145,-0.008023918448559706,0.0015733816267471782,0.041197483803063116,-0.30408192014710433,-2.4693231717206907,1.011085037869849
0.008965635197402108,0.004989627872943314,-0.008013481468406136,0.0016527677129244973,0.02888741898797423,-0.3525298490578516,-2.4659451931533334,1.0641613640385439
0.008980552940767753,0.004981610648391884,-0.00801302360966462,0.0016260991704972864,0.0328602507511097,-0.3378755727496145,-2.464320027048214,1.0465788983643731
0.008424732871366395,0.005177918768219697,-0.007820249225565274,0.0025538623769922595,-0.0867437292318836,-0.9049937308818518,-2.3714441779694346,1.681067890042218
0.008440603937523208,0.005174890111697157,-0.007831371012638493,0.0025301801672545083,-0.08455740100821946,-0.888708001351354,-2.3786135182689496,1.6641121483174075
0.008080114794441089,0.005320567635471098,-0.007625035918641825,0.003127841356597799,-0.1273902288459684,-1.2613677679428286,-2.2470833232966965,2.0905861132935435
0.008064752126854547,0.005325750770874767,-0.007613193224605624,0.003151446338302139,-0.1282005260993708,-1.2769184007246077,-2.2385929837468783,2.107742829674027
0.008109774107415833,0.005309784119665253,-0.0076466183054977885,0.003081153118529616,-0.12547386568545468,-1.2310762856164053,-2.2622982862719323,2.0566991797079037
0.008095125694845091,0.005314701609763312,-0.007635584822789817,0.003103790110091461,-0.1263770358607472,-1.2459672940687538,-2.2544827221232038,2.0731376417611447
0.008124761442231314,0.005286927183341867,-0.007638218513151911,0.003038216591394361,-0.12188605507163057,-1.2128317703989582,-2.2536578880073477,2.0268790565737764
0.00811301589992989,0.005294991833782398,-0.007634036559684816,0.003060889799542625,-0.12326919550578186,-1.2253993645333858,-2.2513358411805022,2.0429740703901924
0.008139307661272025,0.005278600471888978,-0.007645071798723522,0.003011968886099364,-0.12033095598531986,-1.1975679222079743,-2.2579285452451603,2.0081795405432157
0.00826008342132393,0.0052337131849663114,-0.007723085831146447,0.002818386545662296,-0.10859685811486784,-1.0741336146132026,-2.310189716769589,1.8692562127024692
0.008275233610337896,0.0052315121438402876,-0.007736029579450782,0.0027973062872330163,-0.10728290659048492,-1.058909341093792,-2.3192130049608943,1.8538728828030657
0.008289137963052355,0.005220935164362137,-0.007738214316302025,0.00276926848550026,-0.1048397228348967,-1.044143097839194,-2.3195162665207385,1.834408650953529
0.008302705026425524,0.005205951193193944,-0.007735020014416258,0.0027373362423344966,-0.10169391509290938,-1.0293954248460977,-2.315482062889821,1.812694988854945
0.00817220469809054,0.005269855027736095,-0.007671096634432507,0.0029633803115805047,-0.11806390527364012,-1.1645495810035056,-2.276321592011606,1.97290769548692
0.008155768191668872,0.0052700067725417795,-0.007653551413737492,0.0029831478950563184,-0.11866755549239547,-1.1804432589193123,-2.2633489689743596,1.9876220556845199
0.008186199076630693,0.005259781300428215,-0.007674959129576513,0.002935809136853738,-0.11611446209526663,-1.14958165260685,-2.2780851135217426,1.9534885643604214
0.008213961896138763,0.005234446002934351,-0.0076763245257680515,0.0028756317503181275,-0.11122511997708466,-1.1193558579543332,-2.276359630493845,1.911661126603154
0.00819862831100789,0.005243293249532523,-0.007669981375572205,0.0029034051077824895,-0.11315060543516682,-1.1353225182528757,-2.2726714813913227,1.9312445485880592
0.008245543835310861,0.005220195373003634,-0.007693247299891632,0.002822486886012474,-0.1074868928758086,-1.0869659687228956,-2.2871075281798805,1.8739281631725284
0.008229198654990997,0.005227198177810322,-0.007684162231188708,0.002849627221218102,-0.10938603290754388,-1.1036769571675489,-2.2812787325109976,1.893205366870027
0.008317032906221553,0.00519614598776373,-0.007738226529524218,0.0027096787717162322,-0.09921359341912629,-1.0144089798072427,-2.316590340695704,1.7935242915262146
0.008332614815699387,0.005188465512189764,-0.007744878882661156,0.0026825400035881968,-0.09688698195862716,-0.9983752320247475,-2.320377052532697,1.7744974281329178
0.008348166687800284,0.005181935682800033,-0.007752624316042316,0.0026565327687191743,-0.09466615599823047,-0.9824612021810276,-2.3250492476912967,1.7561844748300202
0.008363566381832964,0.0051747393187057894,-0.00775932168648609,0.002630051131121214,-0.09225623828332406,-0.9666579880440492,-2.3288751008759547,1.7376295929109402
0.00839484496357868,0.005173989912022718,-0.007788019213535384,0.0025891673526233657,-0.08920982372543602,-0.9352162015078251,-2.348753140549615,1.7076310904957965
0.008378321682771564,0.005165069868181194,-0.007762491194569086,0.002602044884142707,-0.0895891842835075,-0.9513852627007623,-2.329915547011257,1.718320942236575
0.008410649462240603,0.005164059987315636,-0.0077915530448277245,0.0025594439574856413,-0.08622786151925237,-0.9188795803912683,-2.3499272715209956,1.687163367022599
0.00802154914168165,0.005346158558292954,-0.0075853580459331466,0.003224152138446177,-0.1309870756219916,-1.3217252843980145,-2.2191916130475104,2.160355352762497
0.008007028914030696,0.005351132074494566,-0.007573679719850191,0.0032462661453029474,-0.13151006936858256,-1.3363208698474898,-2.2106182209220306,2.176446918684594
0.008036316481844514,0.005322821997867622,-0.007577386169828139,0.0031804269232754523,-0.1278302356824446,-1.3028963382308856,-2.210980985670949,2.1294707079423136
0.008024688818560834,0.005330917608834763,-0.007572617910063232,0.0032028665170713948,-0.1288880260332434,-1.3154098993940702,-2.2080346657372716,2.145528269463072
0.008050684070815923,0.005314297357463398,-0.0075847252364782255,0.003154401945143565,-0.12664851710410138,-1.2877720033967812,-2.215832080082905,2.1108186189783815
0.007158451173678075,0.005815823968725392,-0.00680463907943796,0.004620728683354415,-0.06539280409335675,-2.155079429911279,-1.5550113774717407,3.144715220930408
0.007171648483309989,0.00580833689345947,-0.006820401774888793,0.004601699738743016,-0.06801034509633513,-2.1447708419887097,-1.5697888511269735,3.133035102584403
0.007172000539053175,0.005792966798156129,-0.006809541404832359,0.004576814492530064,-0.0686231229009856,-2.1334697922190426,-1.5624778617948143,3.110683786163836
0.0071815755760431775,0.005783103822263928,-0.00681750555664424,0.00455591044565785,-0.07062234448089443,-2.122801115026325,-1.5706908412391645,3.095812586060495
0.0072069977313675695,0.005762840604162031,-0.006842621335048181,0.004509702088751945,-0.07551492961729361,-2.098520738347057,-1.594992720278127,3.0645310538526758
0.007193698186666413,0.005772486551630234,-0.006828839094798952,0.004532392621762222,-0.07300744129175185,-2.110587411840808,-1.5818679631024841,3.079598430477344
0.007220790020890864,0.005754071170010043,-0.006857700425566244,0.004488027576316829,-0.07800376231631466,-2.086763090663871,-1.6090912965344384,3.050491681760828
0.007145176545849046,0.005808475349817497,-0.0067778433040480545,0.004615715636276341,-0.06333867732263793,-2.1543641490939125,-1.5327863156098445,3.1345112941959794
0.0071286709372580005,0.005811799560176353,-0.006753650564080187,0.0046293911932713825,-0.06037997388826916,-2.162386337853803,-1.5113325504508783,3.1397600713480007
0.006368203256170488,0.006480504571560458,-0.0057205696113826,0.005903146140082686,0.17880228835201628,-2.649446900845732,-0.4476427766648085,3.7604698003071744
0.00637933637167284,0.006469051972106891,-0.005739177643159694,0.005885033369444671,0.17440137135682474,-2.6461098081874286,-0.46700332530423166,3.7560554677860982
0.006401569388655866,0.006445803531910234,-0.005775913427109216,0.005847815202121013,0.16558062423237618,-2.63854989448571,-0.5055926993726979,3.7458352857285164
0.006390438402447096,0.0064572722612537175,-0.0057575649373509145,0.005866207087752946,0.1699669035882083,-2.6422891449186854,-0.4864126842635295,3.750817132323933
0.0063991004027044475,0.00643128064756465,-0.005769492354666154,0.005821538508222911,0.1617989909048477,-2.6254698220005364,-0.5086498560962253,3.720640432795661
0.006406144817411266,0.006419566446536241,-0.00578027687570453,0.005801951278236646,0.15777247946799236,-2.619350090455349,-0.5224108343468165,3.7104703969179353
0.006415907450020519,0.006406647582654569,-0.005795556676073657,0.005780611798133943,0.15322299668938077,-2.61342017621887,-0.5399658877750951,3.7012615185643596
0.006426725145570143,0.006394049525374462,-0.005812600904723727,0.005759903055730106,0.14865769913552293,-2.608069492488013,-0.5586049053464257,3.693440221601456
0.0064379700226284255,0.0063820083351315065,-0.00583034984810438,0.0057401250330634665,0.14420157142465703,-2.6031810752519786,-0.5774625811799822,3.6866669492352107
0.00644945472140699,0.006370531612110759,-0.00584849100588889,0.005721254837911953,0.13987232739255975,-2.598670371295817,-0.5963276011249327,3.680746035952403
0.006472714200324685,0.006349452275567764,-0.005885297393296543,0.005686490151407043,0.13168549349017988,-2.590755774622259,-0.6335836722643303,3.6713136307964747
0.006461112287072825,0.006359680640851031,-0.005866935498750288,0.0057033870309219845,0.13568980703711375,-2.5945591004688673,-0.6151236547834523,3.675703452808841
0.006323782014963854,0.006525634256291411,-0.005645082646526622,0.0059731289007255856,0.1960205640062904,-2.6603259042364367,-0.37005604216601157,3.7744427559367
0.006346885027135322,0.006503452567661787,-0.0056846782855038275,0.005939286365957071,0.18748244157759572,-2.6560888871802324,-0.4098410771699133,3.7696846146004934
0.006334663642566442,0.006513414179901321,-0.005663663660151102,0.00595410023709348,0.19144086452221054,-2.65703668470587,-0.38974886202348213,3.769676303700449
0.006343997061186632,0.006488089554506848,-0.0056782463630437085,0.0059113086449550665,0.18315062544302926,-2.6423073507106003,-0.4140794890063061,3.7430034774259737
0.006351920899335364,0.006476393032104337,-0.005691216562669333,0.005892336932554461,0.17905590491772713,-2.63738712996506,-0.4294790349805613,3.7348978661974015
0.0062802610380641435,0.006571816156243606,-0.005569387946301035,0.006043164681579004,0.2133403509024475,-2.6693655751735346,-0.29208396397538744,3.786646950749717
0.006302947172313434,0.006548916695809415,-0.005609122422399387,0.006008998983500233,0.20469908294370817,-2.6659550160205363,-0.33214373196770697,3.782579403737343
0.006291012047609255,0.0065594866951636695,-0.005588238035116458,0.0060244165051847815,0.20876395272288836,-2.666726283684586,-0.31195456871482846,3.782691679120269
0.00630733779656974,0.006521784122173788,-0.005615696983412413,0.00596206206563303,0.19605263644169654,-2.647663771378166,-0.3524666014505666,3.748055430186529
0.006299790477885395,0.006533651209519589,-0.005602912153245712,0.0059810575266040205,0.20021681456306015,-2.652297163942143,-0.33704712694872113,3.7559843349410977
0.006192182874331779,0.0066490290059821044,-0.005411831576228392,0.006149943634107407,0.2424075529884186,-2.6663764508536487,-0.1437690196940069,3.7750184581350665
0.006176976624375011,0.006656328620820001,-0.005384693549430324,0.006157023378968266,0.2451964154188742,-2.6605939532886977,-0.12262195079480895,3.7632891349890056
0.006214308057223901,0.006628535459050945,-0.005451867228988605,0.006121947890758496,0.2348680258565162,-2.6674085003414336,-0.1816376609392064,3.7778821080328635
0.006221124115125029,0.006616495459497633,-0.005464364742117694,0.006103143492481921,0.23067256355946872,-2.663463804423263,-0.19708976100053288,3.770530390128979
0.006230117777997376,0.006601992796272172,-0.005480629045535816,0.0060806826931365686,0.22564342954007063,-2.6590712573105697,-0.21641198767992934,3.7625258853774324
0.006263666493424306,0.006568125417482846,-0.005539985507584209,0.006031661360174245,0.21315501826885455,-2.6560541567230973,-0.2751707534545418,3.759335961102629
0.006256337343477962,0.006580109671493232,-0.005527092977095628,0.0060505578109242356,0.21736054609274608,-2.6602662486152133,-0.25955900606887233,3.7668159052698926
0.00624152649954467,0.006586870777847852,-0.0055009657278202225,0.006057808214007138,0.22025683687382494,-2.6556159677979436,-0.2386555867207774,3.7566239167119164
0.0062003538504976025,0.0066352833474348175,-0.005427016135904868,0.006128830564824577,0.23756304902134737,-2.6625005501113628,-0.1619581382997255,3.7676772474992433
0.006133582361556926,0.006708091084004946,-0.005303796987760279,0.006229859851979502,0.26329002220609454,-2.663204172415814,-0.04042980688450649,3.768720976122679
0.006091410858393178,0.006758064201924101,-0.0052232687946388925,0.006297865245030635,0.280374848040495,-2.6620688052535857,0.039642204295773704,3.7687281054288504
0.006122834037747085,0.006720050864937967,-0.005283557541720738,0.006246053355646438,0.26742187383707355,-2.662739572217642,-0.02065470367145356,3.768172994368165
0.006112134181421588,0.006732312570286452,-0.005263252522834383,0.006262653103439916,0.2716281098514941,-2.662296427854851,-6.855681086535945E-4,3.767793800381495
0.006101597523681363,0.006744980861224764,-0.0052430540453575515,0.0062798899038045775,0.2759422406693472,-2.6620238163470766,0.019463010010156503,3.767882280217926
0.006125937318638493,0.006690891813575717,-0.005292678246770182,0.006196914094564985,0.25775243954262933,-2.6463084272187305,-0.04592817641280859,3.735242105331231
0.006136823501111263,0.006679441920735834,-0.005312781792576744,0.006181549725539252,0.25383306268148703,-2.6469287547568228,-0.06512337522085608,3.7362633596869146
0.006146955925311542,0.006667444753003747,-0.0053315398398429215,0.006164810318355474,0.24968601877282734,-2.6464446567384976,-0.08396602837157968,3.735216377293044
0.006055670903214677,0.006782785148661317,-0.005157229776520256,0.0063235520884559965,0.2884848259727239,-2.648176034251947,0.09261396437189341,3.7437761572577117
0.006063197262953878,0.00676831962628846,-0.0051729230500869505,0.006302383074133835,0.283674260197683,-2.6457354691573673,0.07382911954357109,3.7379394264494437
0.006072079303787124,0.006754021467946638,-0.0051907415839011145,0.006282037216161863,0.2789241619160517,-2.644284115873374,0.05409229819630062,3.7341327623947618
0.006155780714891556,0.006654005797207731,-0.0053480493878374875,0.006144958453859695,0.24517806910635817,-2.6438723928235643,-0.10250275980117536,3.7301541890491876
0.006781692084056699,0.006075280498604785,-0.006331078226482195,0.0051911190626521995,0.028240392816106238,-2.4253590779141514,-1.0920486483894123,3.4639012636982565
0.006795083488827066,0.006065024977214167,-0.006349189061923018,0.005170787111764649,0.024360598565961764,-2.417132265565001,-1.1101833730446782,3.4540696314935686
0.006809437934365801,0.0060559071248692965,-0.006369380193254033,0.005152065031211913,0.02041714709230937,-2.4096936693192705,-1.1297012877920565,3.4462229469759103
0.006823798457312582,0.006049028540256778,-0.006390595427323072,0.005137037021032918,0.016992653817287363,-2.403921110349718,-1.14946100387466,3.441624699400182
0.006834152591902312,0.006035943487772585,-0.0064016438811630326,0.005112155328021403,0.01321026662341075,-2.3927936100492926,-1.1624389755878834,3.425237945202881
0.006845475162742024,0.006025429937353111,-0.006415529657470618,0.005091387372633608,0.009813044969994534,-2.3837035426948616,-1.1770013419842087,3.41318419345257
0.006859034436338778,0.006016080692975099,-0.0064337161585790404,0.0050719390145953095,0.006078602293344073,-2.375371243646091,-1.1948370579116767,3.403644075330148
0.0068731217215010935,0.00600909964192684,-0.006453961904955579,0.005056255939226624,0.002768154601290491,-2.3687905244341123,-1.2138006810926485,3.3977558298540176
0.0068990444352834005,0.006003155337090807,-0.0064949004411356545,0.005038753447275522,-0.0027040326702246708,-2.3619227294628007,-1.2501800925520001,3.3972063515862456
0.006882577653778906,0.0059970397431570515,-0.006463427932605498,0.005033090505957224,-5.176195259102206E-4,-2.35815573452162,-1.2249322110773948,3.382069119087005
0.006925822331976747,0.005983701273857641,-0.006529354494751394,0.004997411410402962,-0.009922815528134397,-2.3430368176458223,-1.2844472549241344,3.374586259214452
0.0069120541161937395,0.00599247000015603,-0.006511002609292399,0.005016626268128126,-0.006406882948070162,-2.3518043142211975,-1.2666020860170075,3.3843760117379165
0.0069347154418237,0.0059579557386591625,-0.006529282748434042,0.004950959004794364,-0.014420029229801354,-2.3208094411303644,-1.2904680744566746,3.3366559266196414
0.006925259816617577,0.0059684051257999715,-0.0065194641883134,0.004971664011833341,-0.011544853860940469,-2.3304991621023703,-1.2796533331293778,3.3503701952594502
0.006976626671094606,0.00593077462416643,-0.006583215007862362,0.004890728568440852,-0.024747457386201106,-2.2924837014105237,-1.3427436344317307,3.304274367920969
0.006997541512028203,0.005909428739560202,-0.006604743142560634,0.004847257585884969,-0.030477917642289968,-2.2716110756086523,-1.3656664610163416,3.2754174946774284
0.006986218535845735,0.005920667074596797,-0.00659295573203124,0.00487028192101699,-0.027443274508459126,-2.2826883779029292,-1.3532334667360446,3.2905940683815955
0.0069467317811951175,0.005946189697323449,-0.006542492747954911,0.0049271429898386935,-0.01780254110083172,-2.309641188025584,-1.3044299208942263,3.3214587617493456
0.006960757671028869,0.005933822793657422,-0.006558533358292561,0.004901543095363857,-0.021618671038898585,-2.2975780798722334,-1.3208872067835706,3.3056393483019297
0.0070102797301356615,0.005898327365218589,-0.006618812714610611,0.004823849026701583,-0.033715006140461766,-2.2602684667029584,-1.379980351873579,3.2605489673784542
0.007025138382302293,0.0058867212283289965,-0.006635891062872276,0.004798655641975065,-0.037361410499884236,-2.247957643015724,-1.3969206699375183,3.2450488350420303
0.007033999023186015,0.005868258828782277,-0.006638418548329709,0.004764609043694822,-0.04018208351699904,-2.2316356961090498,-1.4025923367143804,3.218490586204109
0.007045875426748021,0.005854126703243532,-0.006648537179398041,0.00473645285272263,-0.043374584038910785,-2.2179701457450594,-1.4138425063962268,3.198757469246237
0.007057325831876885,0.0058417504535389405,-0.006658943148613324,0.004711324442712313,-0.04611357691261622,-2.2056831744160346,-1.4249603694424289,3.181478549671867
0.007098034370507784,0.005817411037575968,-0.0067082330965756365,0.004653322240263929,-0.054729016082246666,-2.1761676201151663,-1.4713198749424932,3.147916809904601
0.007086069748434089,0.0058304759218971046,-0.006697918616511888,0.004680041132081948,-0.05184629364066162,-2.1893743228758162,-1.4603457118417218,3.166559646839877
0.007068003278198801,0.0058267388190482465,-0.006666163399309665,0.004682258909863147,-0.048954919452313735,-2.19158510459985,-1.4337285423242478,3.1602626902646977
0.007109197665169122,0.005804781311385582,-0.006717387063747277,0.004627668391992729,-0.057203217580980244,-2.163462186645567,-1.4811693329591256,3.1298003527085574
0.006512810511341591,0.00633349414764104,-0.0059527446115953215,0.005661537427466101,0.12264794485467982,-2.5926715233596203,-0.6917658240945789,3.6849909994485412
0.006484213023642501,0.006339141525223568,-0.005903352783093557,0.005669315623965357,0.12766371033877258,-2.5866620594113194,-0.6518745354229177,3.666442607696696
0.006495345825148067,0.00632776957243857,-0.005920401583909974,0.005650117791275301,0.12342912413386785,-2.5813587761527113,-0.6698970516050179,3.659303399277435
0.006538035607519938,0.006312566131533788,-0.005992266309483126,0.0056257765572513335,0.11413288753008417,-2.58365275622269,-0.7314646933302514,3.674955824696635
0.006525003865609031,0.006322209982960915,-0.005971609095326204,0.0056422444563418985,0.11821714726895183,-2.587419445829845,-0.7112900537909513,3.6784169116238146
0.006544233373440056,0.0062857030818328965,-0.005995904840951597,0.005578404983619694,0.10686672635952142,-2.5627308694834796,-0.7460138718613541,3.637579819860617
0.006535963746872169,0.006297396445850993,-0.005984505435486837,0.005598774844800636,0.11077642017180919,-2.569987422042693,-0.7322059241738545,3.648818342209016
0.006660478470894978,0.006177188812733912,-0.00616436341521484,0.00538473856966678,0.06628528196750437,-2.498955074374097,-0.921747653839693,3.5552738385757343
0.0066482895186825855,0.006187278079166032,-0.006146840963551399,0.005403301544115329,0.07019235164639369,-2.5053131937706863,-0.9039869191020234,3.562936178468456
0.006636334464643655,0.00619820089793562,-0.006129907969170705,0.005423190753597497,0.07425231627152042,-2.5122582657065835,-0.886384702204659,3.5718535781384912
0.006625100635158356,0.006210043405809135,-0.006114426341114389,0.005444544643841211,0.07840923485326189,-2.5199799742570907,-0.8695657301497334,3.582534010017525
0.0066154600115136105,0.006222687440579036,-0.0061018665953044,0.005467155329863748,0.08252552171466708,-2.528609502099577,-0.8547111310531316,3.5954884965741987
0.006607267038035537,0.006233772602237779,-0.006091182301320337,0.005486925842571583,0.08615121504086833,-2.5361476559911957,-0.8418941659218688,3.606923536566147
0.00658310344098913,0.006252119395259975,-0.006054525246749153,0.005519647950566894,0.0937441703548264,-2.5455854418582784,-0.8056283411740942,3.616989046348828
0.006592620975615064,0.006239106578866931,-0.00606714877565591,0.005496630849316378,0.08942123809209904,-2.536999179063941,-0.8207932555453005,3.603894969115832
0.006554801802228233,0.006272198726515549,-0.0060107013199579415,0.005554847983998989,0.1022946520413918,-2.5545418644436473,-0.7631668900191216,3.6253115241819134
0.006567240550782685,0.006257859845115018,-0.006028359216246561,0.005529753635936919,0.09722474870695375,-2.546034053711257,-0.7828382012682856,3.6130677513526415
0.0067639916508603634,0.006068677273875577,-0.006297548675195041,0.005183115848892334,0.030237993706577888,-2.4189294291566026,-1.0663211037409763,3.4446511380620017
0.006751894657850414,0.0060791335823137125,-0.006281632148180072,0.005203204737753397,0.03391376940425544,-2.426970820515263,-1.0500174392391886,3.454867232644141
0.006739479952013233,0.006086597806076735,-0.00626369938595167,0.005218104018222658,0.037194463082296986,-2.43231715954822,-1.0330067460547332,3.460008776473106
0.006726653990262754,0.006095475390147306,-0.00624560090596667,0.005235373102931106,0.04078407165345944,-2.4386479397545173,-1.0154306731170173,3.466911934746039
0.006713814661453831,0.006105236493173192,-0.006227752901623279,0.00525403497787702,0.044535397312284904,-2.445546003998984,-0.9977727268714044,3.4749489211236724
0.006701122805067027,0.0061157462175875305,-0.006210350761074357,0.005273840496767449,0.04841216219595406,-2.452915144958066,-0.9802216551554358,3.4839984925817014
0.006688852646524995,0.006126959609945721,-0.006193828661261347,0.005294688354301472,0.052367761564898196,-2.4607603953779917,-0.9631243878127141,3.4941629977666397
0.006677479225750435,0.006138703037188557,-0.00617892151001393,0.005316246913342759,0.056307766642526035,-2.4690247374725147,-0.9471107629108569,3.5054935117572192
0.006666956162572954,0.00615028576382591,-0.006165274765731018,0.005337357286031412,0.06012238982395925,-2.477154384537148,-0.9321161362311446,3.516930273718177
0.006655783012274159,0.006160711449293869,-0.006149919543487921,0.0053564421980631495,0.06384724648044644,-2.4840787764924888,-0.916108967254634,3.5259556103191776
0.007455196346267953,0.005612555354464124,-0.0070980255303770695,0.004116207599367936,-0.11234219818706277,-1.8761550168362409,-1.8271137112503393,2.799623367137503
0.007438360838373894,0.005614548059750308,-0.007074994446150265,0.0041317258832553085,-0.11016316167459819,-1.8874766736703474,-1.8073399674343447,2.8086900322514685
0.007422624747734107,0.005624683084947045,-0.007060575021125201,0.004158274185114426,-0.10830500819253285,-1.902600270789909,-1.7945400498212987,2.827229004567893
0.00740837084474177,0.005633437580465706,-0.007046975700857389,0.004181599090921057,-0.10657379626915954,-1.9159754603700863,-1.7824497998555877,2.843373013168726
0.007394194258966518,0.005641934040863866,-0.007033114272403259,0.004204394472179647,-0.10478661510079777,-1.9290699926543204,-1.7700989693975508,2.859040907680033
0.007380076430294791,0.0056508317740084175,-0.007019529435525115,0.004227659189283267,-0.1029450280238584,-1.9422848497050709,-1.7579133981062982,2.875078052790619
0.007467363505557481,0.005601740672648582,-0.007106272052331399,0.004091118849280761,-0.11356095955177882,-1.8626183803062555,-1.8345537044327505,2.7813634752112293
0.007477235283929535,0.005584191019733932,-0.007105040431395677,0.00405801177205161,-0.11391989709876305,-1.846846872844008,-1.8341250914519247,2.7559676933361636
0.007517070638114087,0.005552694168326919,-0.0071340656415333215,0.003981594596416068,-0.11724169791469717,-1.8048334381836977,-1.8595184048611626,2.701159248299301
0.00750308233615617,0.005561569729331865,-0.00712207666226741,0.004005330844852859,-0.11601650066934548,-1.818449461486809,-1.8491900504491279,2.7178527317636605
0.007489562824723971,0.005571947990872327,-0.007111948266898754,0.004030797600405531,-0.11489134203513708,-1.8325210775282466,-1.8403473927360323,2.7360537273780032
0.0076218191084966675,0.005520317504633378,-0.007251223799849238,0.003848709872679326,-0.12689412343151504,-1.7169147251371917,-1.9581945745900626,2.6110806886529385
0.007605640041988946,0.005522891792801222,-0.007231210918455916,0.003866300302291285,-0.12542501868804282,-1.7297841946858552,-1.9414661705492686,2.6228596101037844
0.007634143615718672,0.00550844373677833,-0.007256906934600892,0.0038215160988201565,-0.12724619562119852,-1.7024882301927275,-1.9628436287376902,2.5910666485853366
0.007588079417738993,0.005514926076346852,-0.007199338331272827,0.0038702040729608864,-0.12289253602952989,-1.7383303042841989,-1.9148596164925282,2.6232679936357397
0.007574394199882155,0.00552445774118772,-0.007189123352105464,0.0038949846143273297,-0.12216769823549255,-1.7523925819624535,-1.9062530885393425,2.6410359208396095
0.007560690019176822,0.005536828450350174,-0.007181343119051391,0.003923731229111092,-0.12138291050193183,-1.7678213892324843,-1.899616711750127,2.6619691772211973
0.007530517056648652,0.0055429900273404635,-0.007144382861835572,0.003957054081034612,-0.11821490044760792,-1.7910810862153992,-1.8684145103726173,2.683661828319531
0.0075431895186835836,0.00552981135919441,-0.00715029638893129,0.003928210521489623,-0.11891402085186874,-1.7760676237520456,-1.87360473536651,2.662516549301914
0.007729547300596139,0.005439188439743267,-0.007318178686026186,0.0036416504521374848,-0.12935057361827285,-1.6011716996127034,-2.0120919709174125,2.4610476701236625
0.007714853173090632,0.0054467849114152355,-0.007306242369676474,0.003665365457485211,-0.1289501939934009,-1.6155393879357032,-2.002539931110048,2.477960481710765
0.007662842112183998,0.005494678130444207,-0.007282957066703235,0.0037771458455680487,-0.1288992285920496,-1.675089263639501,-1.984359175743759,2.5595396972514854
0.007700006638325253,0.0054553548935345276,-0.007294894105350106,0.003690438935971653,-0.12855746840501903,-1.6303692016250622,-1.9934480743222702,2.4958912965795785
0.00768602130693359,0.005465582202778024,-0.007286134387400328,0.003716881972614158,-0.12832959971663804,-1.6452081718876936,-1.986472524981809,2.5149739928316337
0.0076734838458473635,0.005477765336907854,-0.007281048679146554,0.003744631733513593,-0.12831526671091478,-1.659800623015679,-1.9825202596717484,2.5352585262734473
0.007729260817934443,0.005419820999737213,-0.007298924174413382,0.003616583515550449,-0.12736296404663808,-1.593816975174134,-1.9958437921005137,2.441896365095543
0.007915628505902978,0.005353969077135377,-0.007467430158690635,0.0033487300999599967,-0.12991163784939433,-1.4189977113629475,-2.127929745581961,2.251360177229451
0.007897520944197807,0.005365532964036107,-0.007457310660942145,0.0033817666186555595,-0.13070349388009583,-1.4380042765939887,-2.1206746953102455,2.2750982109533417
0.007876422458118955,0.005370866354537519,-0.007436856925941809,0.003410157015087742,-0.13054541782313958,-1.4576370047506317,-2.104786323136088,2.2954467898011193
0.007858931320505667,0.005378307361048229,-0.007422787537769493,0.0034372625929385246,-0.1306658200757478,-1.474752354750022,-2.0940112225160337,2.3148924265624493
0.0077885779804079845,0.005413343053998155,-0.007369251185838632,0.0035516317195141505,-0.13082288094427816,-1.5446579904770257,-2.052687140865658,2.3969052278033316
0.007773604849640386,0.005419079638955948,-0.007355700011243554,0.0035735437552341033,-0.130461467490247,-1.5587937933073233,-2.0419447809404763,2.412521017692594
0.007758768859763534,0.005425415286578589,-0.007342779581727652,0.0035959993916307585,-0.13010032729767718,-1.5729589351479547,-2.0316932760050137,2.4285173433963276
0.007843283882683318,0.005387696457641113,-0.007412800985659627,0.0034648359630033644,-0.13100000282110155,-1.4909063899319384,-2.0865380104132627,2.3347290720820286
0.007825228300014767,0.005398320213543143,-0.007400836753537776,0.0034963279653220268,-0.13131846213670528,-1.5094464164953083,-2.0774871047876613,2.3573669402859214
0.0078040667246451105,0.00540620463007771,-0.007381912680656748,0.003527324994685249,-0.1309442142727446,-1.5295231139511805,-2.0626100283141997,2.379479572371497
0.007743626666868595,0.005412993547514431,-0.007310947494839231,0.0035942570138497915,-0.1276903688519879,-1.5801101658882704,-2.005430902522654,2.4260895191776144
0.007931373034015112,0.005344685056593474,-0.007476825457611268,0.003320906536724052,-0.12917216389902633,-1.4026831492852339,-2.1347068088184833,2.2313620387924806
0.007994812230948002,0.005341796135194721,-0.007549302231312761,0.003248840106290872,-0.13007999914615756,-1.3453523762086708,-2.1909545340587773,2.1788603160096125
0.007978385254091117,0.00534338538048965,-0.007531583171656737,0.003268762560380344,-0.1300851529014141,-1.360647150982196,-2.1773318948282685,2.193436525314997
0.007960057459163701,0.005337530572511403,-0.007503666738587837,0.003281702911191595,-0.12893562506091982,-1.375545916126199,-2.155187206738141,2.2031148821222097
0.007944373160250357,0.005335570657073867,-0.007482940376210274,0.0032961735735566452,-0.1284020172724156,-1.3888331702102064,-2.1388805999979827,2.213647307644863
0.007644155740684874,0.00548903190496567,-0.007252091195350381,0.00378611495565264,-0.12653536549140867,-1.6864390485515013,-1.958689838602431,2.5643361701067504
0.007277371490899782,0.005739034222483574,-0.006934815751289613,0.004430694624080221,-0.08766698934686747,-2.051377105245049,-1.6776266920942648,3.020094542288003
0.007263585180113277,0.005746651635403697,-0.006919273864903497,0.004451096649785832,-0.08529718033852224,-2.062935739392429,-1.6633477948911028,3.0333325767590877
0.007277878594325595,0.005723288270764895,-0.00692297294526145,0.0044057965067035,-0.08780586866857353,-2.040561511896527,-1.6689056152653534,2.998213566820762
0.007288424042192012,0.005713173583864302,-0.006931227774996794,0.004383526558101259,-0.08956845041632211,-2.0288831346523595,-1.677003564506968,2.98221459726081
0.007366400621811671,0.0056604219627837534,-0.007007038386888182,0.004251576833132629,-0.10112212071168149,-1.95560254809474,-1.7465706168700308,2.8917597044406613
0.0073542982175838975,0.00567081188739144,-0.006997444657201371,0.00427557057855518,-0.09952766572288814,-1.9685168016691816,-1.7376127357564635,2.908935842201562
0.0073437168414667384,0.005682008572796983,-0.0069906978709608925,0.004299744527733233,-0.09802703653988604,-1.9811136779046117,-1.7309741957585907,2.9267182079703673
0.00732899231464443,0.005687341067445984,-0.0069726249621130665,0.004317673955827567,-0.09589696502376209,-1.992121482716289,-1.7149738758318633,2.9377978913683136
0.00730132020754968,0.005703224075954261,-0.006943117280731214,0.004360002332438089,-0.09158800365095941,-2.016156564701351,-1.6881749236306953,2.9658831620047827
0.007314863434366915,0.005694388137469826,-0.006956758919915213,0.004337707495139092,-0.09369615188204611,-2.0037627074284887,-1.700713877703519,2.950789949720693
0.007234733183311102,0.005746887838536806,-0.006874102173743385,0.004468649518740272,-0.08050896094765225,-2.0759217159732466,-1.6240976502906097,3.0384853357499844
0.007249687290452953,0.005740187488848905,-0.006892341610884039,0.00444930933673783,-0.08303422730179234,-2.0648239122681704,-1.640606541943777,3.0267858848136338
0.006048430428316723,0.006797620680804058,-0.005141782299060412,0.006345407593648006,0.29346169710665304,-2.6508775828750477,0.11158383864300812,3.750259094346418
0.006044575541434384,0.006817307659195235,-0.005130863055007683,0.006377188020076795,0.30009815462049216,-2.6589360901644468,0.13201096973961915,3.7675782451434827
0.006023940370262028,0.006874867979131769,-0.005081162283187558,0.006465056299101023,0.31984847432496183,-2.673229453866332,0.20174558850739244,3.8017054947266833
0.006012427435685441,0.006885922237741815,-0.00505837644111485,0.006477649601974763,0.32326981873047594,-2.669028463175245,0.22157450031926987,3.795195265293844
0.006034300382215436,0.00683284211649671,-0.005109647654220224,0.006398541583290015,0.30527071070510736,-2.659051446453074,0.15456352267187665,3.7694564133204023
0.0060262839090402046,0.006847633896854133,-0.005092299115761448,0.006419657685218652,0.31018842343892233,-2.660421721166168,0.17463222981415064,3.773782350090254
0.006019628092665391,0.006859925161646863,-0.005077759256351892,0.006437126869757831,0.31430347369036904,-2.6614026784813487,0.1913826127347178,3.777169517935883
0.005993689903070174,0.006881935647927232,-0.005027578813613043,0.006460474276235076,0.3209837252012113,-2.6504718836218757,0.23277330220510975,3.7593370347857946
0.005975076655962772,0.006878928926782644,-0.004996996841527304,0.006445127515838248,0.31902656033922955,-2.6327216167193614,0.24442731487511662,3.7253478339701167
0.005965290832088229,0.006892199057443045,-0.004976661838779772,0.0064619941514993265,0.32315271427939857,-2.630788580201028,0.2642794469592946,3.7236462759081914
0.005954425775188844,0.006907001857830738,-0.004953923250598919,0.006480678650571428,0.3277370242956927,-2.6284347986006917,0.2863717953833314,3.7214998043959384
0.0059443937361031065,0.006926205312935744,-0.0049309951026332765,0.006507029314304406,0.33389309932412065,-2.628622847164922,0.3121102660762078,3.7249738312511975
0.005928089875055659,0.006940997088793882,-0.004898848364657476,0.006522112665527183,0.3378848311338,-2.6208045734919083,0.3379444245802358,3.712851390226531
0.005908235261438382,0.0069710481456302,-0.004855240911196467,0.006560022577502084,0.34696610309536263,-2.615979295569394,0.3811702608366518,3.709360057493035
0.005916673687865133,0.006955643253194692,-0.004874784958459809,0.006539619763328362,0.3422101597574776,-2.6170062752868244,0.3601670401095803,3.708381399702479
-0.005502973724561289,0.007814421202973038,0.0036425539263476524,0.007494921637189278,0.5507696552907638,-2.244808448990178,-1.4977983370222898,3.3549405482239574
-0.005486902454201352,0.007815427124278646,0.0036202532901481043,0.007479036056496698,0.5393265295543439,-2.2323020980034305,-1.49002033138027,3.326856113718734
-0.005509862126966205,0.007800304138943856,0.003666133586389325,0.007483415764563027,0.5468643715736953,-2.256755631192466,-1.4814178492049603,3.3689217222856818
-0.005493783801121283,0.007801202772278279,0.0036437510810023374,0.0074674910392810295,0.5383095848249461,-2.24398020342316,-1.4738622575507703,3.3406546333273077
-0.0055167948221336366,0.0077862088325336065,0.003689673067107147,0.007471837947346041,0.5430325752603584,-2.2684694303703212,-1.4649759012986376,3.382851726965418
-0.00550077304051418,0.007787035592414869,0.0036672546469277115,0.0074559811987278115,0.5374362128561686,-2.255543191608009,-1.4577183083113672,3.354396736509312
-0.00552377174603527,0.007772135412910414,0.003713125657150256,0.007460211430828405,0.5415513053661632,-2.2798391534848657,-1.4485663321943478,3.3966533785748574
-0.005507850444510806,0.007772965988349694,0.0036907044308923803,0.007444536057871309,0.5362383697373696,-2.266996004493811,-1.4416056224989664,3.368056300339011
-0.0053500374630067625,0.00804851034724931,0.003198032605687361,0.007620938246097828,0.5448655409245996,-2.001846704159338,-1.7187504223988437,3.0315917632398555
-0.005337102228501411,0.008077982724106736,0.0031491240631626627,0.007640682958098417,0.5454061209804467,-1.9746719528577223,-1.7460181046181733,2.9990843600876853
-0.00534336711875923,0.008063109410177814,0.003173532543699359,0.00763050560098254,0.5450661198921763,-1.9882344419113707,-1.7321954484489872,3.015131065365671
-0.005375047718764704,0.007990147321206266,0.0032934469604777587,0.007579398294551413,0.5424755796645354,-2.0538521437323727,-1.6623599743414237,3.0929083327322737
-0.005356451102547438,0.00803402402573216,0.003222051375475113,0.007611073246073752,0.5444761135854354,-2.015091927930183,-1.7051142051633839,3.0474244089050573
-0.0053623707821713424,0.008019361508933103,0.0032456304145717977,0.007600316418796395,0.5437420321843457,-2.0279313897814344,-1.690827631562888,3.062307385316409
-0.005368473160836763,0.008004640144370636,0.00326941980636741,0.00758954014186831,0.5430213414120701,-2.0408210583556006,-1.6764152198261506,3.0773283626629
-0.005400089522007444,0.007931641868784577,0.003387965207250356,0.007535354214262094,0.538770181825155,-2.103999393963621,-1.603212296561363,3.151358606831321
-0.00538141524147958,0.007975761959686746,0.0033170461360084373,0.007569015745232878,0.541776105438846,-2.0665465279963198,-1.6481561774489302,3.107930759538149
-0.005387371575304466,0.007961132728448717,0.0033403514596241223,0.007557750866319207,0.5407423544438935,-2.0789032514521444,-1.6332906928819326,3.1221203456693556
-0.005393496516032443,0.00794632370224553,0.0033639796373429866,0.007546300138233995,0.5396812184698864,-2.0913526867349943,-1.6181406138642063,3.136445213192982
-0.005364860360480568,0.007977309553061937,0.0032954849230767192,0.007553113963191236,0.5355746140942933,-2.0521109444424144,-1.6418625330218484,3.0791591778653413
-0.005450365650849501,0.007859174568942452,0.003527899798786457,0.007497683892785017,0.5401400878855166,-2.1799442763239676,-1.5343079547770968,3.253992125821526
-0.005457120047490112,0.007844965431945152,0.003551311808231332,0.0074865407373324614,0.538931494375588,-2.191859440663998,-1.518828958939803,3.268077554708166
-0.005463781031338234,0.007830729714722085,0.003574561282378648,0.007475119637804975,0.5376626961972412,-2.203554406854163,-1.5031343819433314,3.281784873242319
-0.005470446652825543,0.007816409101250555,0.003597828333880881,0.007463446452078852,0.5362275347214118,-2.2151327702839474,-1.4871956522852623,3.2952886958018475
-0.005420287941094789,0.00788882316613849,0.0034587275468672698,0.00750359087184255,0.5360003671729351,-2.140972034718517,-1.5591521346727835,3.1954582236850855
-0.005426793111591408,0.007874437395906875,0.0034820167299030023,0.007492329090922108,0.5347801233516218,-2.1528914191512665,-1.5439186752325067,3.209386902054115
-0.0054336718954354005,0.007860103490489668,0.003505652332535449,0.007481378945829992,0.5336789295896763,-2.164983509189256,-1.5287458018226519,3.223779226627496
-0.005389404350161937,0.007917727208745392,0.00338975284320292,0.007506938014286668,0.5313666184136391,-2.1013865061881423,-1.5815004998955384,3.1357343946058283
-0.005396692479427162,0.007903533628855127,0.003413800380134878,0.007497097213444044,0.5307175397781707,-2.1140207845988717,-1.567381308906022,3.1512216307985628
-0.005403843058836576,0.007889867638218423,0.0034370701519086454,0.007487623931668603,0.5300730567966133,-2.126198166549489,-1.5536778139654182,3.166211240667391
-0.004904504828286188,0.010565501582617466,-9.013326349112924E-4,0.008130542425405849,-0.004584437865344082,0.5615363719165415,-2.507578577362785,0.13405574300530207
-0.004897454421703261,0.01054630078523838,-8.692282561456478E-4,0.008128453076471172,8.362834919381608E-4,0.5404211833753599,-2.50484542944357,0.1531442701140124
-0.004877328405077084,0.010539660270013601,-8.527583369832279E-4,0.008107350967202028,0.0016062452144113364,0.5290099738598169,-2.4898772189570746,0.15617020373820167
-0.004879060662598999,0.010722706302402721,-0.0011330040286274495,0.008044249004158163,-0.051862353601065704,0.7136946291579217,-2.458673771851378,-0.037243006959120556
-0.004886623248244908,0.010692831684527646,-0.0010908233783598717,0.008064769467716101,-0.04316877712032841,0.6857114286869662,-2.4709242108922473,-0.0045189612093073745
-0.004885000784711213,0.010669415675099842,-0.0010545874286251406,0.008071909529506009,-0.03643299865739218,0.6617512848785477,-2.4742712147632493,0.019946814187058074
-0.004873973251048802,0.010653893964576973,-0.001026851187069159,0.008065116262183772,-0.03237877578463588,0.6433379611097217,-2.4684989083579554,0.03443096078494246
-0.004894325458339091,0.010587044837743625,-9.314422071181224E-4,0.008111801208996149,-0.011709129758518637,0.580944124289026,-2.496192178707704,0.10906553722865818
-0.004882211872119298,0.010609433901557136,-9.618494639281925E-4,0.008090345798489546,-0.018984292181409266,0.6006310836762704,-2.4829408958234893,0.08297385939380704
-0.0048767892089058296,0.010631352970109703,-9.935160738103995E-4,0.008076482494839487,-0.025639793646713843,0.6213863951843078,-2.474852673154507,0.05874902540499815
-0.004890321438049478,0.010195494088165221,-3.13235137961919E-4,0.008193699947157974,0.11026997341946375,0.1815536215900085,-2.525294617014812,0.5291817241522364
-0.004899759028383869,0.010016953669628183,-2.7326096753322977E-5,0.008215301759870544,0.16801102119987588,9.087028735410452E-6,-2.5275000112741144,0.7263334004668441
-0.004893721641541915,0.010035819010801795,-5.7570476499220926E-5,0.008208001926094303,0.16090100411449437,0.018437852386507688,-2.5237653493682064,0.7038359435439268
-0.004891126638088176,0.01005425858307378,-8.71038409609271E-5,0.008204526527925443,0.15468193590499157,0.03694991145809679,-2.522678906933009,0.6829384248426215
-0.004889636212925654,0.010070726352016947,-1.1345953621876329E-4,0.008202222357913826,0.14926844817152687,0.05360578295256934,-2.522265032702302,0.6645458090277314
-0.004889921475515373,0.010175866660390808,-2.818254603946083E-4,0.00819528622585885,0.11639547480996458,0.16139498544237973,-2.525001111515604,0.5503597781448151
-0.004888307555818408,0.010087154698637885,-1.3972566740178365E-4,0.008199955709560376,0.14391047332263415,0.07023240582490543,-2.521877814615794,0.6462721512879469
-0.004888481289971262,0.010103071199426692,-1.6522662785790267E-4,0.00819931221269672,0.1389821034352706,0.0865771560421532,-2.5225816079595815,0.6290180655922141
-0.004888291860731814,0.010119059760772089,-1.9081294506732196E-4,0.00819809799065588,0.13395655168175147,0.10293098042862425,-2.522888111089365,0.6115805842746025
-0.004887677635639,0.010136352309118848,-2.184388044261644E-4,0.008196146452063064,0.12842777864448127,0.12053754268106957,-2.522777720332549,0.5926176554056425
-0.004888703970528185,0.010155602768844588,-2.4931130255785404E-4,0.008195760886045627,0.12256744472051766,0.1404276920985497,-2.5238890919641364,0.5720138569643388
-0.0048909501020367166,0.010213944653386367,-3.4277456095036977E-4,0.008192303167868417,0.10452174317228484,0.20053995641645292,-2.525628725762281,0.5093552204843724
-0.0048942243184977585,0.010229259208111453,-3.6764145287976856E-4,0.008194192449397238,0.10019618295685388,0.2168149052863156,-2.527996972666875,0.49363981000006235
-0.004888616644660416,0.010244062884345656,-3.9050694717996065E-4,0.008185709119732093,0.09465785959504962,0.23089115705115384,-2.523206044013906,0.47611428524385424
-0.004900143037414709,0.01033962847389262,-5.445214591416958E-4,0.008183334891309726,0.06586430453459151,0.33074871229367014,-2.528221736976366,0.37573641280288006
-0.004898648410483198,0.01030605201164877,-4.90815349595006E-4,0.00818772639953297,0.07637974112512123,0.2961655661580171,-2.5289037593393826,0.4116505797609009
-0.0048916531496015145,0.010321984422054224,-5.149054064031974E-4,0.008176788643405021,0.07039290547413021,0.31102640881311633,-2.5225210069520925,0.39270286970079765
-0.004896372162188174,0.010274698039228664,-4.404704972232519E-4,0.00819022630764822,0.08605372459560857,0.26368099663124195,-2.528441032552362,0.4449896349221128
-0.004889354506526396,0.010291312689525139,-4.6579612714889204E-4,0.008179433313549752,0.07978074037615643,0.2792716490136727,-2.5222003534654354,0.42524258748682514
-0.004885174545252227,0.010260576115563608,-4.162950465003173E-4,0.008179372110949155,0.08894416755164405,0.24709108847168643,-2.520007735531908,0.4573685115610452
-0.004881657081935021,0.010421189924582741,-6.693677355525878E-4,0.008144428300975936,0.038194394476091464,0.40990672910249876,-2.5072183475725542,0.2836678311475418
-0.004867373205388684,0.010521363367431999,-8.215095337792297E-4,0.00810141046381113,0.0064415781435340075,0.5082166105506801,-2.484522847269925,0.17363032000499443
-0.00486047364114982,0.010497660604728173,-7.829260481861553E-4,0.008100305361236654,0.013041567098990925,0.48272763467226115,-2.4821254826351766,0.19740628103388833
-0.004861037178381065,0.010473462095885499,-7.456530894350287E-4,0.008107555485134551,0.020348608922052983,0.4584150890855672,-2.4854593264228018,0.22326718482045757
-0.004866439218043875,0.010452795637740727,-7.149865397367832E-4,0.008119136246577648,0.02712168275672918,0.438672888325784,-2.4920098634133425,0.24648503050746812
-0.004859568824728977,0.010433759747575372,-6.836764320781115E-4,0.008116000691145249,0.03223035727386553,0.41791749116382887,-2.4885267478330095,0.26528742809043804
-0.004880141453998565,0.010353654724833515,-5.628146373579389E-4,0.00815743585330708,0.059085749959764185,0.34093400793925915,-2.511451563686979,0.355811673499397
-0.004883611207971647,0.010375707987622057,-5.982943493742927E-4,0.00815690636611985,0.05257275606488159,0.36409407974685726,-2.512625716295735,0.3329207682698923
-0.004880016848801433,0.01039890766665847,-6.34011170577626E-4,0.008147689219401425,0.04493241412146446,0.3869257843832861,-2.5079159929170385,0.3071843562517916
-0.0048644669081929805,0.010363756652503605,-5.755251577592435E-4,0.008137325470047007,0.05413969391351455,0.34799067016965035,-2.4983297931806003,0.34125604377843366
-0.005013255058091824,0.009162511630652782,0.0013679457595246088,0.008147266127438177,0.4197654068611482,-0.8810881202460049,-2.4003527746179283,1.7201020833715361
-0.005014502471761212,0.009147561969075157,0.0013917039425056013,0.008141438117010298,0.42259337534558555,-0.8965450129536862,-2.3940012321923025,1.7368483724285178
-0.004999296536748532,0.009168834934337181,0.0013514373157425704,0.00813385913004196,0.4129077829249884,-0.8734165686129591,-2.3905217231666898,1.7033673076200038
-0.004994437824971784,0.009181816981831414,0.0013290745457814614,0.008134316817924552,0.4088040569222315,-0.85974873081856,-2.3923908844175403,1.6862150857704947
-0.004989683323774096,0.009197242739070008,0.0013030051548242267,0.00813593272091583,0.40434375114752524,-0.8436160772176161,-2.395426282650728,1.6665856075709258
-0.004980469618685907,0.009259978242550931,0.0012014814144224748,0.008152964478985744,0.3897939227654044,-0.7787109266321868,-2.4156510638304396,1.5936107042145018
-0.004986322474702051,0.009245727231348911,0.0012262112279278056,0.008153720411397383,0.3947554576323204,-0.7936550868240133,-2.414703487054292,1.6127048882356108
-0.0049851357785818,0.009229607610414779,0.0012507753362499226,0.008145250031032619,0.39700953817325857,-0.810162076672276,-2.4063366614039676,1.6291239477616861
-0.004986440108584035,0.009213624541249776,0.0012761573996345388,0.008139619063848911,0.40029912788884287,-0.8266262858102568,-2.400161081824901,1.6469969813086707
-0.004938766254621337,0.009657074735596571,5.571978589914499E-4,0.00822730667853329,0.28398765471131365,-0.36745721503498224,-2.5087150452491964,1.1368212109649403
-0.004942534530379362,0.009643817066737326,5.793158885651342E-4,0.008229082298293685,0.28877190680025705,-0.3809100557924068,-2.5089634025699676,1.1531348936942942
-0.004976159633660428,0.009276719115056833,0.0011735526607859115,0.00815494505526902,0.3850427338416474,-0.7613155300959508,-2.418965021687097,1.5729012572605365
-0.004972617810604984,0.009295628395796665,0.0011425585907381762,0.008158544236566532,0.38006145942363767,-0.7417287458859124,-2.423732000865133,1.5503625606482905
-0.00496784701044237,0.00934025667272091,0.0010707213772968196,0.008170426694753695,0.3695113811633726,-0.6955565201870814,-2.437481596994686,1.4993141638645053
-0.004961128461442618,0.009312388132938363,0.0011117796155238962,0.008151763312013156,0.37235759981285627,-0.7241768669220683,-2.4202175558547956,1.5252428899535395
-0.004953838860572199,0.009328895110347101,0.001083168817412023,0.008149660258163985,0.3663172037174818,-0.7070629258278146,-2.4202954651841684,1.5031083874654654
-0.0049636497751256465,0.009358011468296177,0.001041230973410302,0.008172131591093786,0.36425852313512913,-0.6771742696874464,-2.440552401448509,1.477604968375314
-0.004939915419853633,0.00942436273994384,9.285121922957611E-4,0.008167469615350684,0.34133730528648143,-0.6088235529386258,-2.443410420052077,1.3922821358226238
-0.004942871636765095,0.009408563906697677,9.543579629660964E-4,0.008165648636139404,0.34583850729619775,-0.6250609973678783,-2.4405037701721057,1.410994560351562
-0.0049463470582126,0.009392161672027392,9.813337916503165E-4,0.00816408157612882,0.3506166334960085,-0.6419319258347249,-2.4377145584550424,1.4306650406927426
-0.0049522588780394495,0.00937557920353734,0.001009472578917956,0.008165149590262483,0.35631081303113693,-0.6590107280022947,-2.436913465255414,1.4519617788166264
-0.004951498704721202,0.009532533744512791,7.60216219714372E-4,0.008213375246314282,0.320403725635907,-0.4962002567905812,-2.488025779496596,1.2801922244706392
-0.004947863757173357,0.009545763702623118,7.380789385569494E-4,0.00821259375121802,0.31585628326761,-0.4826467901491281,-2.488568805482949,1.2638336121861136
-0.004940147348950544,0.009577284870630772,6.856756116524343E-4,0.00821144495093151,0.3053209612322539,-0.4503786323799451,-2.490373150639997,1.2254351551746134
-0.004943607143026797,0.00956072774374135,7.130362490119136E-4,0.008211421282775537,0.31066822929919935,-0.46735419547282503,-2.4889593687746103,1.2453004381642037
-0.004949612479035751,0.009498962361863525,8.133198307379413E-4,0.008201842649793718,0.32784896642359457,-0.5312564812292053,-2.4763939512368016,1.3161499704396633
-0.0049463714802776395,0.009517431408214313,7.829554727480024E-4,0.008203239758848282,0.32225273978521257,-0.5122242396723172,-2.479071513815125,1.294243498118752
-0.0049349670066861145,0.009487763252172326,8.268640414262281E-4,0.008181420294614867,0.32526046745181975,-0.5435136648843398,-2.4599350021650395,1.320865280611607
-0.004940800329014006,0.009471087684940363,8.550109105188321E-4,0.008183281775261066,0.33120866366949814,-0.5605434961534427,-2.4598143014590534,1.342050070797031
-0.004935847612294917,0.009440151085901304,9.023297939794486E-4,0.008167843149244167,0.33640629279124207,-0.592626431194696,-2.4451920374961564,1.3729741939194506
-0.00492386708619894,0.009428704566866942,9.164305093109606E-4,0.008150155630999736,0.33459159279268064,-0.604547529704599,-2.4306328818814977,1.3787301617661634
-0.0049282681627942125,0.00945689498280283,8.73574560251587E-4,0.008164270247547607,0.32992307758110545,-0.5755483510543914,-2.4440516274387654,1.3507737001647373
-0.00494239993481058,0.009613096795979017,6.287390658815499E-4,0.008222390466160497,0.29686978248634166,-0.4129311198847633,-2.501505857909601,1.1870172138398005
-0.004937118917581587,0.009596632195597395,6.539704748855903E-4,0.008212465867220645,0.2993544013011445,-0.4304944109667362,-2.4927553826114717,1.2027318369681603
-0.004937445222438487,0.009629266915080438,6.016744168695546E-4,0.008220077779500573,0.29096912232806477,-0.39652721514337314,-2.501112326086853,1.1669320676939066
-0.004920413445312995,0.009582073251210434,6.732891225648617E-4,0.008189485237219176,0.2975525432117125,-0.44676701924473433,-2.4743790929876326,1.2108610972238756
-0.004935263432836565,0.009673393676596864,5.302341116795428E-4,0.00822632002033105,0.2784642591095907,-0.3508196629568637,-2.5092937750891764,1.117284225208194
-0.004932794651098443,0.009691774286867719,5.001672417914893E-4,0.008226761487334602,0.2726443105437106,-0.33195938766011795,-2.511076416764329,1.0959448787036175
-0.004922467140484218,0.009709598136674779,4.6970811005421975E-4,0.008217708707787312,0.26460696100275877,-0.3145188576487233,-2.505859569231127,1.071974224570899
-0.004913729357538561,0.009758889583808456,3.8914223356526124E-4,0.008214977957998528,0.2482969984612037,-0.2644105117593237,-2.5077697395118466,1.014238790691536
-0.004914463318143359,0.009743025431646322,4.1473771143003775E-4,0.008213576396821963,0.25295453012672947,-0.280743275485345,-2.505495557616665,1.0319483715788944
-0.004917169766667081,0.009726311848800047,4.41995230847414E-4,0.00821420518480401,0.25840023317233113,-0.29775426368651364,-2.5046266708632428,1.0514059582235458
-0.004909067990324778,0.009854495756790866,2.3475053302712918E-4,0.00822011157396828,0.21943900797427895,-0.16612456703294554,-2.5188581571548476,0.9074823218876311
-0.004910346243944346,0.009838342505692465,2.608867003033347E-4,0.008220182395226608,0.22451891559819956,-0.18264495507446887,-2.517681821771337,0.9256817708625799
-0.00491242554912088,0.009821375423879898,2.8842419062746343E-4,0.008220958300407004,0.23002908839484562,-0.19991594478797106,-2.51694187417177,0.9450864570657572
-0.00491774350943092,0.009804821953831679,3.156797834882084E-4,0.008225406294376203,0.23629857095604415,-0.21637083632852408,-2.5188823390196404,0.965297530009463
-0.004910533026945489,0.009775365289398782,3.6223887702074506E-4,0.008213436892636842,0.24274161346670356,-0.2477341517148676,-2.5079434145056503,0.9948848512247915
-0.004905341108264154,0.009791906038434769,3.350317982867965E-4,0.008209421526448442,0.23656576574235325,-0.2312428245972046,-2.5063301941427594,0.9747107368538849
-0.004906892463877944,0.009871299381747571,2.0751068639317577E-4,0.008218892590931302,0.21391771113403837,-0.14906164913698441,-2.5192536526218023,0.888250386977267
-0.004893591653275106,0.00985981673256114,2.2493310345341028E-4,0.008202497661655608,0.21390786326859543,-0.16264686859038155,-2.5066479624979605,0.8959788828055968
-0.0049011174141236616,0.009888408290738653,1.7957695071598473E-4,0.008213333832638255,0.20736137838855298,-0.1321905840853698,-2.516576055945173,0.8674225439225073
-0.004894103720195819,0.00990586433768837,1.511195753905389E-4,0.008206192836645762,0.20046684373089194,-0.11516242742121317,-2.5128168861967244,0.8458463333456748
-0.004890006994914226,0.009923576847245862,1.2250935853116114E-4,0.00820229545314218,0.19421434479030594,-0.0975020348897959,-2.5113938117410908,0.8250762658653424
-0.004890180195253911,0.009974550295865107,4.0776946573116815E-5,0.008204013022627701,0.1789309390220173,-0.04507108546173689,-2.5164477731820827,0.7695277542175539
-0.004888561320131589,0.009958253591439578,6.687466178938583E-5,0.008201805139520372,0.18349425828934318,-0.062056378288014795,-2.5136694889419924,0.7867580621328684
-0.004888250708650337,0.009941102509645035,9.435231795619849E-5,0.008200939623755182,0.18857311182606026,-0.07972914991308093,-2.5117625286399523,0.8053551214216393
-0.004874253138995128,0.009985925502430788,2.2390412864714975E-5,0.008185651212863356,0.1719918670446731,-0.03574395760629893,-2.504358812061088,0.751891536780129
-0.004885293443972396,0.01000392819803186,-6.34076057892819E-6,0.008198534757413905,0.16895149350191943,-0.015634511667089835,-2.514781179617939,0.7359140100357271
-0.005040895652450182,0.009006545491695305,0.0016217162307735242,0.008097209188035652,0.4524414874739979,-1.0433104816765795,-2.3409291504841825,1.9043901851356395
-0.005043458644105332,0.008991155373023594,0.0016464809920999684,0.008091289624450384,0.45523389859487845,-1.0591885499606215,-2.3340708663744816,1.9222129009033957
-0.0050277064243063295,0.009012294543957704,0.0016054531000141386,0.00808499203712322,0.4460091233409759,-1.0353593331862316,-2.3320680657119754,1.8875377807258595
-0.005012544254768265,0.009055842492857244,0.0015311305282942418,0.008091521401265483,0.4342889106905013,-0.9894337624938334,-2.3431473302608707,1.8308951717743345
-0.00501674134756687,0.009039993927404264,0.0015574330260586678,0.008087724900345714,0.43801693918753476,-1.00592866272833,-2.338033705584431,1.8504274698182825
-0.005021987316092719,0.009024921176636388,0.0015831462434007708,0.008085447490023547,0.4420536045718267,-1.0218160149400484,-2.3341810187724827,1.870016026885742
-0.005008565725757791,0.009072134163070115,0.0015042637750009495,0.008095662869220326,0.4305409783190088,-0.9725281883034161,-2.3485474316139836,1.8110696664385861
-0.005007493770797632,0.009106223472102491,0.0014517459849442151,0.008112333040826765,0.4255921333810285,-0.9379819899305432,-2.366019905271684,1.7750104649097262
-0.005004210227435765,0.009090203459691366,0.001474480832327658,0.008100139977380781,0.42629103407439495,-0.9537862166156226,-2.354397944136894,1.7891095101934273
-0.0050023864539954005,0.009138607096150508,0.0013995116916134416,0.008122735141494702,0.4187955823053602,-0.9045499647743427,-2.3781834415249494,1.737407400175569
-0.004999425526578351,0.009122641156959654,0.0014225093415172435,0.008111250261261664,0.41980151119030124,-0.9204617741839706,-2.3672069817226906,1.7518991599523324
-0.005031766734473483,0.008981334894834159,0.001654389109927741,0.008071775538973956,0.45105683966757965,-1.066926986534905,-2.317233913087005,1.9222094287830842
-0.00503816355526742,0.008949118782701678,0.0017064102137681557,0.00805996314440438,0.4569616156182975,-1.1000264710345455,-2.303173662507012,1.9598949462159543
-0.005029873404593126,0.008964564955820322,0.0016783565619733543,0.008059586949520402,0.4517922729255418,-1.0831828324379555,-2.3051846275089622,1.9373587347844798
-0.00505923409770844,0.008912992051155318,0.001773329041608336,0.008062281943779155,0.4695221649520132,-1.1400181477243103,-2.299440521775788,2.0144564223441637
-0.005062302081770304,0.008897626305627168,0.0017981327089725766,0.008056106978827754,0.47210836346546453,-1.1558137724132627,-2.29212458736137,2.032393279548053
-0.005037055452442153,0.008932773657100492,0.00173005220213668,0.008048637819791178,0.4578476845415639,-1.115881338348573,-2.2917806529292335,1.9750840301844386
-0.005044917237933183,0.008918125176953682,0.0017566830171682423,0.008048714916842661,0.4626408291195889,-1.1318974864373497,-2.2895529372531955,1.9964798388597065
-0.005079314142549407,0.008818410888249091,0.0019261483821470943,0.00802341342952914,0.4847660994742538,-1.2371109991740514,-2.252986059612645,2.125145793251979
-0.005065236006929998,0.00888212983932491,0.0018230025146038018,0.00804954864842994,0.4745628257655193,-1.17169819220432,-2.284437989664607,2.050303326352411
-0.005068081414662184,0.008866028245726793,0.0018486605569739106,0.008042340479487611,0.47693372037344745,-1.1880923356809336,-2.2760981518349586,2.068623209282326
-0.00507199336001364,0.008849889401256413,0.001875031435243023,0.008036203116202555,0.47971988123973347,-1.2047622838108507,-2.2685382072263027,2.0879409878573245
-0.005075715075014103,0.008834100149826699,0.001900724597708743,0.008029921640750113,0.48231108774365045,-1.221017374347161,-2.260868415426272,2.1066822217543657
-0.005082986941914802,0.008802710712457284,0.001951597418750454,0.008016833815206114,0.48717812777986014,-1.2531998598842617,-2.244994560158002,2.143626803453793
-0.005137495166414381,0.008661909178868358,0.0021946791400034274,0.007976261975535623,0.5153287862280661,-1.4037107122252481,-2.1848123963055497,2.3304803077916283
-0.00512966847745178,0.008692720091000309,0.0021446617241014996,0.007991013238159537,0.5116367466684414,-1.3722311315553704,-2.202981605851976,2.2942833552779747
-0.005133377185325086,0.008677370135066254,0.002169456677344344,0.007983514554359724,0.5134115829425924,-1.3878704444999281,-2.193842018058,2.312143985312494
-0.0050869150887964286,0.008787017407714112,0.0019771745765301122,0.008010407485904774,0.489627645253718,-1.2693207058196097,-2.2370712520704683,2.162293581607732
-0.005091304042668224,0.008771459984507693,0.0020028463408084973,0.008004467099702635,0.4922007618111313,-1.2854201945220576,-2.229496055823916,2.181246722382364
-0.005096307261702333,0.008756310146972595,0.00202834610594287,0.007999392477279571,0.4949771298749643,-1.3013042043036613,-2.222612165779056,2.200416054665219
-0.005101785861968177,0.00874171991825911,0.002053374595758009,0.007995144228769298,0.49788556669405626,-1.3168074669700756,-2.216417799304786,2.2195508891337714
-0.0051058654919664955,0.00872671554970393,0.002077952906333405,0.00798881898873167,0.5000852438947856,-1.332240687283617,-2.2084816706541464,2.2375592401545354
-0.0051094773946148715,0.008711604669816358,0.0021022960087591527,0.0079817265629208,0.502022456472501,-1.347565341864321,-2.1998740349428165,2.255072876651323
-0.005113657172679346,0.008696862135184278,0.002126500315041912,0.0079754371207119,0.5041348803106257,-1.3627047998770487,-2.191909870973744,2.272805603592587
-0.005125084540675867,0.00865013473900554,0.0022015475202855146,0.00795248714568554,0.5094950416247687,-1.409755066282161,-2.1640376914212833,2.326517489242524
-0.005122899068849174,0.008591759749912926,0.002281060374746076,0.007902905514059538,0.5075115553351166,-1.4609827388078844,-2.112878016875485,2.373122138317168
-0.005119664015730562,0.008625478681777545,0.0022317483939595564,0.007926558383425012,0.5067179745752529,-1.429860616664049,-2.138710691697457,2.341379870784591
-0.005113462492911395,0.00863793964687647,0.0022094280980106823,0.007929335824666692,0.5039792000610251,-1.4163118899599618,-2.1437248786727667,2.3238151292722637
-0.005117474341740507,0.008609626578392086,0.0022519801736797956,0.007911240125892402,0.5053768819035529,-1.4430754471742038,-2.1234439342754956,2.352134297226645
-0.0052901821941706865,0.008195465931605644,0.002957009787311739,0.0077185967978763,0.5463906188258898,-1.8656921709785885,-1.8506895942668902,2.8707087701656295
-0.005295826050537519,0.00818025503019613,0.0029816267180892294,0.007708554120688924,0.546371156094878,-1.8798525513418964,-1.8374669379512678,2.887196701281973
-0.005320358723425102,0.008121946366487942,0.0030785899817437974,0.007671841173157323,0.5467787667543509,-1.9352491551662785,-1.786976508760602,2.953544585725343
-0.0053259061799943615,0.008107536269931237,0.003101844773781103,0.007661837855422412,0.5464240837184261,-1.9483276492009372,-1.773743372580464,2.968740480213683
-0.0053313706158426765,0.00809287351727155,0.0031252354978304167,0.007651315994224204,0.545926550967411,-1.9613883998674917,-1.7600116594077988,2.983735786222143
-0.005284067596625742,0.00816676182764709,0.0029852169559370922,0.007680889201583885,0.5391349385919434,-1.8804270852493126,-1.8147837578116306,2.8753965501573115
-0.005290645664467376,0.008151741016735187,0.003010346837298786,0.007671843591207812,0.5394091098376306,-1.894765438985696,-1.802223846795947,2.8927493313601267
-0.0052974955367976325,0.008137444976896826,0.0030348667556990365,0.007663741301762151,0.539848049126371,-1.9087550112595666,-1.7904595510676995,2.9100625541717826
-0.005304219811115646,0.008123835468151713,0.003058402008821476,0.007656119813140987,0.5402801265660319,-1.9221595872235275,-1.779211594655662,2.926767262088218
-0.005279384912505579,0.008225434222285834,0.0029086569746163814,0.007738292137592578,0.5463473344908532,-1.8376988638212841,-1.8764549989225834,2.838242232105585
-0.005284806778670698,0.00821055252888908,0.002932763995057186,0.007728654399395614,0.546451385815199,-1.8516926959349649,-1.8637862352362113,2.8545381266325225
-0.005262941363120714,0.008270062464095396,0.0028358154867455534,0.007766104714707909,0.5454838417044553,-1.795060272247076,-1.913269517455438,2.78822291177353
-0.005268317758981411,0.008255134620352433,0.0028601094220328973,0.007756808535156277,0.5457921499059236,-1.8093293658780798,-1.9010431489130781,2.804905018863544
-0.0052738590495517825,0.008240258774439579,0.002884450932385273,0.007747605693155703,0.5461271941468456,-1.8235817289120921,-1.8888159476930768,2.821670140454646
-0.005109759996745037,0.0085785009036602,0.0022883992061931164,0.007876918904314226,0.5010994302668684,-1.4670523533996531,-2.090397863117842,2.368685025336387
-0.005114770015165153,0.008562979442104168,0.002313670008129856,0.007869747691397437,0.5029025897984881,-1.4824608023025307,-2.0812101145844184,2.386855475598686
-0.00512107847246906,0.00854649286576078,0.002341301256455527,0.007863091626885506,0.5051911429625929,-1.4992104359369058,-2.072070548064382,2.4072352313076473
-0.005130417536106123,0.00853163676578488,0.002369300588385522,0.007861114650452916,0.508845893909192,-1.5159314550776213,-2.0666810235241986,2.429955672562965
-0.0051214736673573175,0.008516018870832054,0.0023825871686270843,0.007837540966778493,0.5040777066340035,-1.5249005711283885,-2.0454471536048975,2.4311086569831137
-0.005131133995159525,0.008501637057248296,0.002410142214386093,0.007836038196534244,0.5077541593568249,-1.5412940979352567,-2.0403821143500456,2.4536864538937073
-0.0051375826369263345,0.00848658892424383,0.002435806608200537,0.007830175579759567,0.5098253348104417,-1.5567268855727774,-2.031939605855568,2.4728317051397863
-0.005245979251019584,0.008272942817196175,0.0028148558249031556,0.007749901777628357,0.5383276228836101,-1.7821159235248452,-1.904150635846442,2.761360634705747
-0.0052416562743226435,0.008287800019456447,0.0027917906813186492,0.007760103781683183,0.5383397034497993,-1.7686260982012925,-1.9167042422568896,2.7463056163609507
-0.005226988342689416,0.00829158567721384,0.0027722561336911617,0.007747415813474207,0.5323176936873921,-1.7567760292265788,-1.9100341430340741,2.7229174447629174
-0.005219550421576471,0.00830361977565129,0.002749681430626941,0.007751096142169857,0.5304343583728383,-1.7434608938439535,-1.9171040744182812,2.705111747018092
-0.005211799777690412,0.008318470989115772,0.00272324569229947,0.007757106859938498,0.5287440824863473,-1.7278813473825274,-1.9266676218656322,2.6851229906374887
-0.005142601429300776,0.008471127337433116,0.002460730239078491,0.007822178836036003,0.5111579936956945,-1.571752555627303,-2.0217938932830894,2.4904156449516557
-0.005198253243687497,0.008363755017432726,0.0026522685541289386,0.007785883032823372,0.5275566368104473,-1.6858708538053235,-1.9622390696392917,2.637522072127435
-0.005205117048852117,0.008351704448425087,0.002674364324366455,0.007782031955716855,0.5294302512468212,-1.6989904707275496,-1.955374669235632,2.6547819618496242
-0.005203852820902069,0.008335807784829738,0.002693452106777904,0.007765171913976078,0.5271066890121721,-1.7102959802299986,-1.938388865983287,2.6632339183429354
-0.0051830173076168815,0.008412959061902163,0.00257400943199083,0.007815101657748631,0.5252604792017087,-1.6390807983455784,-1.9988341676700323,2.5837721516159213
-0.005149750011170466,0.008455450233013691,0.002487802500377658,0.007816246007557747,0.5133602362401825,-1.5879542717226107,-2.012960814797052,2.510741636309593
-0.005174369104830169,0.008427400286072358,0.00254707876003667,0.007818635740486747,0.5224399671865808,-1.6230119273884145,-2.005937054481692,2.562287591201039
-0.005159573233349399,0.008440897919931085,0.002515819255706956,0.007814203651871588,0.516780433605604,-1.6045991607504766,-2.0070919681062693,2.5336464709841198
-0.005190158851047127,0.00837869782935954,0.0026252748398103844,0.0077909967100837545,0.5253758940574166,-1.669844844936241,-1.9708711918263486,2.6166851502353246
-0.00518171107749735,0.00839612211172438,0.002594737014716009,0.007797891944385611,0.5231172644701741,-1.651669939138118,-1.9814401049651043,2.5936490071388927
0.005273189584350976,0.008054457235048917,-0.003103516095194401,0.007545148028814585,0.5147486665172939,-1.940298564275224,1.6830558305533672,2.90632158031546
0.005282576822115942,0.008040012339912772,-0.0031302414424396194,0.0075387448743854165,0.515898643104847,-1.9551361791561201,1.6719672308607816,2.926005210344639
0.00528419443061521,0.008023391114609672,-0.0031504968844900745,0.007521532084280303,0.5132506360050691,-1.9652636912016497,1.654144504930187,2.934216468764891
0.0052933879783664305,0.00800265699900564,-0.00318379073365841,0.007507360562875445,0.5128369051717377,-1.9829901183607888,1.6355145293040427,2.9552639502597633
0.005291804706305654,0.007975491913865769,-0.0032113421405706517,0.007474256256137249,0.5067804031698554,-1.9954346523845057,1.6040303157848042,2.960934866828314
0.005292764306531106,0.00795476692651692,-0.0032345209077334616,0.007451061325233337,0.5029975180053711,-2.006149374531745,1.581082222787419,2.9681255574904237
0.0052665171507903915,0.008070736802257646,-0.003077746191686668,0.00755632705609515,0.5150680921690894,-1.9263536088437407,1.697453983511462,2.890003518015249
0.005263661426917747,0.008088225749298928,-0.0030547452484232488,0.007572733190742218,0.5170961662574926,-1.9142998253969423,1.715172661217584,2.878795477100082
0.005249931170517291,0.00809711439946109,-0.0030294813753132177,0.00756792284067795,0.5130596900017608,-1.8993622078834183,1.717100501732898,2.854442715999591
0.005247812889923066,0.008112343995356158,-0.0030097395785881552,0.00758234147376241,0.5148457284207133,-1.888956717935417,1.7324534352265382,2.844950857941815
0.00524789072246546,0.008126914504001412,-0.0029930136491392416,0.0075982799021673915,0.5173025261403217,-1.8802759900967758,1.7483598802902502,2.838785357201357
0.005230669578290385,0.008197323017313978,-0.00289169953015896,0.007654763739357397,0.5210826221497328,-1.824295135257586,1.8133599826540576,2.7801858074381696
0.00523919924843014,0.008138864162694768,-0.0029697494960897494,0.007601867374093677,0.515684575978628,-1.867006016658106,1.756056410695552,2.820523555942364
0.005231925947885775,0.008156432372838201,-0.002941459273488425,0.007612877600106702,0.5153870803554198,-1.8512479178753611,1.7704917041909842,2.8018293517026645
0.005229627959426769,0.008176842664873141,-0.002914987037207405,0.007632071823647764,0.5175779397560025,-1.8368532898343315,1.7908657067835545,2.788795271133175
0.005213706728057739,0.008204548147767126,-0.002865352131429934,0.007643847694263832,0.5149973852669277,-1.8085134955460973,1.8099635701933623,2.7520163233134336
0.005200289728935661,0.008217612469458171,-0.002835864475156487,0.00764280603782017,0.5110643271547337,-1.7913673908772014,1.8148772029030174,2.726306855602554
0.005126052750282429,0.008446012604380153,-0.0024788484228898153,0.007781124511549256,0.5022737405853964,-1.583618682665181,1.9856640576355653,2.487700022205978
0.005110347611616255,0.008460144680368478,-0.0024464759734452797,0.007776208573467396,0.4962838055758004,-1.5647572237560217,1.9864987041653415,2.4585122783042697
0.005133897584493016,0.00838545937375013,-0.0025637626862730478,0.007734504291362002,0.5012476953835476,-1.6341641725559342,1.9350540927369795,2.5385115709151393
0.005124106200561389,0.008424106931427035,-0.00250541046523277,0.00775917562147235,0.49988265295163875,-1.599695936008908,1.9639468206510664,2.500430078222854
0.005125882968078567,0.00840072604550205,-0.002536956748379313,0.007739766922447068,0.4988623617641971,-1.6184390379448395,1.9435111730286392,2.518346785313262
0.005107349829951809,0.008508919246325176,-0.002379868886872388,0.00781548552309644,0.4975167522968484,-1.5242410430719024,2.0277921980281666,2.4195034666154966
0.005106557035255026,0.008491655969851712,-0.0024019618678126973,0.007799650903959713,0.49630458254737475,-1.5378411403871526,2.011845092436815,2.4312652620985395
0.005097919683932844,0.008476630144654593,-0.0024140807023419713,0.007776898237055221,0.49187617246403553,-1.545746892308024,1.9916733814904626,2.4317439427775613
0.005090700705670209,0.008458757312974954,-0.00243089451753747,0.007753194118417373,0.48769601910418625,-1.5562744538810473,1.970168478795268,2.435703012691274
0.00507067831797976,0.008566917887496675,-0.0022718138178473477,0.007823134200112311,0.48348781348198094,-1.4602581214695791,2.048501499744686,2.3329971088215657
0.00508008688974107,0.008553545079993393,-0.0022974544463575273,0.007822627071412949,0.4873476233805242,-1.4753658138697878,2.044738071071231,2.3539517939144363
0.00508058080519406,0.008537110801578427,-0.002319735767705036,0.007809435742920105,0.4868256037935296,-1.4891139319433535,2.031071700289269,2.367010479004985
0.00509236116056152,0.008520430531061574,-0.002351789807187987,0.007808516380794749,0.4914486816095815,-1.5079958523793033,2.025990254413791,2.393192296062883
0.005023881916583805,0.008688865304029349,-0.0020697899326631228,0.007866430077158003,0.4639903046420502,-1.3384689370779534,2.108128794595085,2.184699433530419
0.005052898741899063,0.008567841676939976,-0.0022559868892997794,0.007804023559935735,0.47590120668639885,-1.4520635137849973,2.0349626081084,2.3124198433908285
0.005025874457853681,0.008662456650826319,-0.002107387656534392,0.007848675939118378,0.4650161992986182,-1.3619388801393961,2.0893808366676705,2.2084897230027036
0.0050284680220313285,0.008640955908946469,-0.002138545074533999,0.007835025806151764,0.46620388657755446,-1.3812246836023585,2.0746307115614084,2.2286063787725268
0.005042300245250853,0.008583767983764442,-0.0022262046106366344,0.00780517176308379,0.4715824717986337,-1.4345099632590534,2.0397151064180563,2.2884719595525276
0.005035540995101828,0.008601844514324674,-0.0021966775745093756,0.007812157053412066,0.4690287791298882,-1.4168090569624605,2.0490562205700242,2.267119274292057
0.005031643878934838,0.00862134823815444,-0.0021674540146778758,0.007823258512593722,0.46751064353023447,-1.398992818764713,2.061620689071344,2.2476236450559863
0.00499270916042667,0.00876258033973563,-0.001945318255948691,0.007884945266161446,0.44873516517839995,-1.263443069774885,2.1367577058127463,2.091270435685574
0.005008875318016508,0.008713510567842959,-0.0020247938122119283,0.007867819573595898,0.4570568045078371,-1.3118172060821005,2.1142780192193045,2.1488548165747976
0.004997102221305762,0.00873679463702861,-0.0019841583650615437,0.007871509324209275,0.4514315841253898,-1.2875421553394781,2.121730104036992,2.1175556778131086
0.004995733176025783,0.008695167641291784,-0.0020401921541453884,0.007839568974844715,0.4519693193935976,-1.323138544781862,2.0897188403532905,2.1509397430294666
0.00497026901326776,0.008781995103863873,-0.001902707959722662,0.007873287270129294,0.43870246351398723,-1.2393581824856186,2.1318004574574925,2.053205218380063
0.00515450078833883,0.008353177182738,-0.0026239449436296154,0.0077269070458349165,0.5072166628990743,-1.6693890601168047,1.9192419411454076,2.58589275991659
0.005135371868288177,0.008366387955711155,-0.002589235749150406,0.007718311149478444,0.5001945853547906,-1.6491424570334379,1.9180313176850083,2.55268086796985
0.005153962515038015,0.008330995133162676,-0.0026512165858727367,0.007705100092645196,0.5048450925319061,-1.685255813774604,1.8972937369764227,2.598956993468089
0.005156072798066021,0.008307880062594253,-0.002681910693801531,0.007685050912450117,0.5033718106933546,-1.7029518278010694,1.8761404483494142,2.615631364611673
0.005161837507685567,0.00828435203245168,-0.0027164307493054633,0.007668288807010197,0.5032898254976484,-1.722753741329693,1.8568688595687612,2.636991831413414
0.0051838742213998834,0.008244698139577265,-0.0027865650752139696,0.007652636832269311,0.5078787735015348,-1.763095901998805,1.8318371856649736,2.689036929477123
0.0051703966974710495,0.008262060864560787,-0.002752037200088021,0.007655464004165813,0.5042620747376557,-1.7431367817092622,1.8404126168671373,2.661088471607528
0.00518094168353821,0.0082226640305696,-0.0028100150699700457,0.007627104373365826,0.5037947898781034,-1.7758655600003166,1.8074626245552154,2.6966363273594385
0.00493496892422154,0.008798251003059155,-0.0018561323686803169,0.007845044112236993,0.42366276523143703,-1.2145478211084246,2.113920284369961,2.0067174168778643
0.004835708875655783,0.009496589251675949,-7.8443858032577E-4,0.008069184767642533,0.29008404250631326,-0.5365041210307793,2.376422558329304,1.2601392363276136
0.004821939671503531,0.009524810582334522,-7.375210568471888E-4,0.008061280772648989,0.27955022749294406,-0.5084349904055739,2.3734155733196496,1.22378376062018
0.004859141996109975,0.00945530552458181,-8.546272731281826E-4,0.00808376274281465,0.30652643786545064,-0.5778005515129329,2.3831332173961894,1.3154875302097733
0.004832519922636096,0.009471484419443328,-8.218127906212343E-4,0.008058223977427907,0.2943618369548761,-0.5614887266866101,2.365659596030959,1.2845355442556678
0.004802794389508317,0.009698422563179002,-4.6712313816797517E-4,0.008077562160606983,0.23340344756107895,-0.3354338090705562,2.402228593129314,1.0332117429935825
0.004794337448008729,0.009675463175925847,-5.008814393639218E-4,0.008063879940369167,0.23659982887876183,-0.3588908136080255,2.390044988676539,1.0536637486567366
0.004791143493380854,0.009646582869285195,-5.444253936027589E-4,0.00805472705858727,0.24267215455162794,-0.38781302783608856,2.380566339408418,1.082389355100939
0.004789932431998954,0.009617990216870285,-5.877582868442193E-4,0.008047428197437064,0.24907923208182178,-0.4163026204300863,2.3724247612952354,1.1115972434516943
0.0047853115943527,0.009594294300425948,-6.227297690530147E-4,0.008036938672711819,0.25304205588955764,-0.43990529926550537,2.3623435594702675,1.1339933529798474
0.004797209594301235,0.009574596408820251,-6.554143479788768E-4,0.008045808302553106,0.26108159895710376,-0.45920096928994153,2.3669307001874005,1.1600008869556515
0.00479218831291028,0.009547429616767383,-6.953777871007825E-4,0.0080334108156146,0.2655398018305142,-0.4862293828106879,2.355029970866856,1.185687820532234
0.004944867496195547,0.008840540418814772,-0.001804128919084674,0.007884260135536494,0.4252058531216911,-1.1800321890921999,2.1505994466620506,1.9789983570708318
0.004932558566547137,0.008824510486851216,-0.001818297044269355,0.007859947963861195,0.42124976605055275,-1.1908253050686284,2.129695681356347,1.9819922634827272
0.004952980938376022,0.008890069025237986,-0.0017395575333878767,0.007925267978236379,0.42521408183117476,-1.1373093051550265,2.1898714878729773,1.9418064095416077
0.00494466108385242,0.00886306006148094,-0.0017724384660951803,0.007898674453485001,0.4236894933585584,-1.159798171914104,2.165293280117965,1.9589191203354623
0.004903315346427793,0.00910171066930912,-0.0014050754802714482,0.007989586213694685,0.3837191164901818,-0.9289201064313434,2.2703139026744967,1.7022948214427382
0.004899970897029156,0.009074103578711197,-0.0014437661871241857,0.0079715163941505,0.3859101813961385,-0.9546626026478241,2.252844216472823,1.7265336930033592
0.004927392205321782,0.008906958185265957,-0.0016996364942945034,0.00790697792421823,0.4136214029722149,-1.1156834387824563,2.1788560622409126,1.9045489455208835
0.004919590430769476,0.00893383755645381,-0.0016567903188685863,0.007914618249129727,0.4082044109072339,-1.0893334132116808,2.1889894868483597,1.8736273514576332
0.0048768799504275715,0.009055684492999599,-0.0014582637576709093,0.007935732009718059,0.37923031283477787,-0.9682123033532486,2.223136972045737,1.7269632972428537
0.004885403008461508,0.00902578568472877,-0.001505839660584053,0.007929149329950884,0.38583991570060894,-0.9975471291612562,2.2138574833277898,1.7614451552472146
0.004897466716724015,0.008991241760307968,-0.0015620477464923079,0.00792339483632668,0.3942223251074638,-1.031848041589039,2.204443428177911,1.8029654326866886
0.004894196938101503,0.008958518754228513,-0.0016066994995623562,0.007900837991445269,0.3960140777383268,-1.0611739625403238,2.182466010991891,1.8304383441007082
0.004864537808581759,0.009325338595621789,-0.0010543716823242179,0.008045036109367257,0.3340881650822976,-0.7072622751635157,2.3399560807800994,1.452911573473459
0.004884235703008845,0.009257920383539611,-0.0011638722160162342,0.008040479521254305,0.3530672660173427,-0.774976997181126,2.3287552278814325,1.5336975331689224
0.004864748995494035,0.009291237381212611,-0.0011057945303530922,0.008031920868623655,0.3402416849363003,-0.7408421520270788,2.32615274519673,1.4877374248410515
0.004864437567448756,0.009208282904074418,-0.0012293263126820933,0.007996385023745606,0.3538290895453104,-0.8215511770304483,2.2892946122471187,1.5706453745011768
0.004863946144258691,0.009234403637780175,-0.001190376181539233,0.008007315615879867,0.34954758137122194,-0.7962431983019256,2.3007744271466204,1.5443975013604219
0.00484442500547373,0.009193526772666808,-0.001242029422873144,0.007967132406948197,0.34891648892770255,-0.8335287560496564,2.265298111171229,1.571913272702987
0.004858821716477175,0.00942378695887609,-9.027918752781918E-4,0.008073379422354155,0.31300590934356426,-0.6093063468355161,2.372070058329879,1.3481527867281058
0.004851596965172688,0.009394295835284165,-9.45290782975644E-4,0.00805524361675101,0.3165019865476845,-0.6384619889816731,2.3552773714974538,1.3746422614265867
0.00484527519786163,0.009369057357601511,-9.81273450749696E-4,0.008039208504627903,0.31925838474196294,-0.6632059896245542,2.3404395354465355,1.3969525294778444
0.004839087241469454,0.009342092226037923,-0.0010195834177978808,0.008022363161117055,0.32215804867050674,-0.68942299333271,2.3247519710854934,1.4208184958792989
0.004883082349122608,0.009129339338684692,-0.0013543801453647123,0.00798045131226324,0.37229678502680036,-0.899615418354151,2.267081759702899,1.6608563816255393
0.004863756691277704,0.009153002612571692,-0.0013103570487690368,0.007970063504625554,0.3617510586757636,-0.8744819627237577,2.2623775259844527,1.6244455334563905
0.004839746837154565,0.009165374867868163,-0.00128094895126684,0.007948904979830224,0.35122908739072883,-0.8596819898962629,2.247936987918818,1.5960707282450348
0.004812609476884707,0.009781344214804415,-3.4041398829053965E-4,0.008100995957764678,0.2148698956860924,-0.25127917543702266,2.4268591088563993,0.9496156211495324
0.004799426087594978,0.009723187422367354,-4.284602936081648E-4,0.008077778480824938,0.22620700219983805,-0.31080440413757193,2.404695875632654,1.0057452155061652
0.004800554565411904,0.009755277370081864,-3.791640226697715E-4,0.008083806833672722,0.21852209236488537,-0.2785205632626439,2.412028220777661,0.972402324243517
0.004824092525602352,0.009861831755496984,-2.1620063798591694E-4,0.008122327468499975,0.1961371220415956,-0.16875620453769094,2.449236793204489,0.8682559525096686
0.0048253481271018864,0.009830425545040423,-2.6539854238092747E-4,0.008121007231828471,0.2050084781868546,-0.20046116424889499,2.445622470364419,0.902276376192816
0.004818457217648523,0.00980344406999547,-3.067566638599067E-4,0.00811029536455344,0.21056359766023167,-0.2284257961373253,2.435536469218613,0.9283987303951574
0.004796654058515369,0.009881148396147081,-1.8412539418842915E-4,0.008092369264420017,0.18448651219913972,-0.15210176581878956,2.4292903791230027,0.83762851473288
0.0047699320716856385,0.00990283822809881,-1.4903323386060996E-4,0.00806333668650811,0.17252715063995136,-0.1331618673753127,2.410267362229867,0.8052051170544622
0.004766110559197224,0.0099615046516051,-5.886303025962309E-5,0.008061314081626388,0.15602746626127542,-0.0746950266736117,2.4138460753399724,0.7420103544557176
0.004746751346283855,0.009928332886945385,-1.0893550772394393E-4,0.008038376896265633,0.1609701434599298,-0.1098856861797159,2.3944996905209748,0.770150698913103
0.004787804484192103,0.010161352664213712,2.494379969482636E-4,0.008079337380839649,0.10414268542183437,0.1292319575718175,2.442898902877985,0.5373261092720948
0.004787454983074878,0.010210060098655096,3.2443165526021466E-4,0.008073946552980008,0.09004345498344822,0.1782021080839303,2.4428683376949127,0.48561121375565003
0.004778707609386796,0.010184002999436729,2.8342436976519855E-4,0.0080668592291817,0.09621478477288603,0.15057324307860454,2.4358423851912474,0.5107899272125266
0.004774463630683967,0.010137122645183605,2.1105989328240157E-4,0.008066191254678513,0.10892244545201522,0.10278388111130037,2.431694911127263,0.5591622581626208
0.004760439097696372,0.010105149378889332,1.61133225303533E-4,0.008052442983801601,0.11560698052459349,0.06862834998749806,2.4193925746030587,0.5887985289551251
0.004749202805159426,0.01006614888197341,1.0106216269453263E-4,0.008041568297945166,0.1243159200521514,0.028032885772792508,2.4084576174919303,0.6264272730378418
0.004741722110035775,0.010027797159532274,4.249487014896039E-5,0.008034082757070432,0.13345534044398352,-0.011201704284388237,2.3999074060093872,0.6642958002120816
0.0047330095423917945,0.009990907807992942,-1.3536557315946046E-5,0.00802441865525613,0.1417487140039719,-0.04900589080641866,2.3898459800568115,0.7000654359991723
0.0047609352253860865,0.010236966880092555,3.6233723125726964E-4,0.008040631381724788,0.07869581735363147,0.20069281242489037,2.421407704158096,0.45019510365512266
0.0058606974130868406,0.007006166870216643,-0.004763658096497994,0.006588050070872141,0.3549903015756663,-2.586615494866593,0.44621348654267257,3.661677312439232
0.0058655752479291395,0.00699113542892133,-0.004777550784524781,0.006566626029355927,0.35018949459694587,-2.585322651568631,0.4280102804969954,3.6561736877303734
0.005888727078823337,0.00697064301673171,-0.004823215345725835,0.006547405119123467,0.34515829944023807,-2.5980966482452157,0.3932420900281697,3.6758639068957266
0.0058722817604302344,0.006976682751336988,-0.004794035211361243,0.0065472055979181095,0.34570038798291813,-2.585716007250111,0.4094523272261855,3.654048259562893
0.005846688431638602,0.007018088718383633,-0.004736045748079069,0.006598490064171064,0.3576775552050106,-2.578167048365256,0.46650329063462953,3.6485297447439984
0.005825594589861947,0.007057818151410902,-0.004684953135813979,0.006648941217030972,0.36930683266649506,-2.572500929111795,0.5195474385294453,3.647018434335486
0.005830178384851031,0.007037034021032881,-0.004701403206565099,0.006618442171410887,0.3624566327183208,-2.5697123956827497,0.4952079910137405,3.63704307383782
0.005814550534365073,0.007068266554298527,-0.004662501854676149,0.006658361864322505,0.37162456079888573,-2.5655963097739973,0.5363023263144528,3.6367039161609607
0.005710062823121725,0.0072415707108647405,-0.004407215024459504,0.006856243607312935,0.4163073260955455,-2.507929893929326,0.7716010730597932,3.578663614337589
0.0057151410993593575,0.007218822298684336,-0.004428309300697931,0.006824911320513616,0.4091923754131191,-2.5089126380605076,0.7438379293264371,3.5732917089996974
0.005724932924023766,0.007205496849239641,-0.00445106748856475,0.006811609133382206,0.4064113418205677,-2.515840036212581,0.7254283356321906,3.582009287711101
0.005727124832275941,0.007189323500645346,-0.0044634774671475546,0.0067880794458901675,0.40109056587062636,-2.514729840371299,0.7063315002021827,3.5750900814258997
0.0058031833997842204,0.0070809792317733196,-0.004638461144290171,0.006671060010257831,0.3746564527987189,-2.5589658369835697,0.5554935629117957,3.6275195027043874
0.005761371126517178,0.007151032250817901,-0.004537610545016187,0.006753093290800432,0.3932994527275036,-2.5387938177745406,0.6505944758898594,3.608586026902227
0.005749349498249891,0.007163250085048199,-0.004512288853338015,0.006763618456488112,0.39565834277548756,-2.530219913912189,0.6689528420243478,3.5961539587703437
0.005732449842719435,0.007172808745148472,-0.004480751445037828,0.006766264983798896,0.3962418867253435,-2.5163073367086652,0.6859561003780528,3.5732228721820056
0.0057862763937053556,0.007114495149967353,-0.004595511215982257,0.006712889422203535,0.3841728072011979,-2.5528755175730766,0.5996570648754268,3.6247472182720872
0.005793397170228321,0.007095996897796309,-0.004615786513866433,0.00668835712853347,0.37853890859566147,-2.554303607349222,0.5763026516483433,3.6226364095131474
0.005763708126650575,0.007134997256805442,-0.004549529241614386,0.006729467371768826,0.3880908980924684,-2.5369977672131387,0.6318909707405324,3.6008684294488273
0.005768063852885765,0.007118462452367616,-0.004564688498383317,0.006706434208030054,0.3828906754807049,-2.5367939581865735,0.6119937617388609,3.5961203523752174
0.005622560325352009,0.007394183799929888,-0.004175536292178963,0.007016565846096174,0.45005794545840866,-2.436537241216221,0.9710254497354406,3.5005319267615644
0.005597405786028062,0.0074108387074415735,-0.0041265956128196815,0.007019731483968973,0.44950657418662915,-2.4122629759359033,0.9937029204139946,3.461775840973005
0.0056059137576722,0.0073968267845766185,-0.004149070891179582,0.007006369327649395,0.44699049084528186,-2.4203801545092265,0.9760877978016744,3.4713881359120164
0.005578221381504443,0.007416878806013288,-0.00409426169370638,0.007012238421228638,0.44694995389798337,-2.393793476919008,1.0025285175069947,3.4297382857869008
0.0056263257260664385,0.007375442908277666,-0.004194237373743195,0.006991914335003831,0.4446275671278786,-2.4396906778006127,0.9479463084159593,3.4990851512501284
0.005666297540586301,0.007301984310449254,-0.004303099946112735,0.006914342257280973,0.42857769437695825,-2.4734492763518863,0.8535024898484194,3.534966864094854
0.005669636362217862,0.007285756825561511,-0.004318405248402106,0.006892371854980082,0.4236898595794923,-2.4749048480172884,0.833737767161758,3.5320707965523614
0.005678847463572387,0.007267380115059569,-0.00434377656979608,0.006871641741499874,0.4192990943076255,-2.48151313712609,0.8101221952141611,3.5381393077763046
0.005631568126863753,0.00735412907488068,-0.004216628482695456,0.006964530889945955,0.4387047185630099,-2.4438420066488895,0.9217335571530773,3.4987505392435136
0.0056401955467717015,0.007332856432845933,-0.0042437391939823136,0.00693979441008115,0.43342443354494936,-2.4508562617218406,0.8951061893398623,3.5039892140401316
0.005654062823507292,0.007314367216584183,-0.004276652811405659,0.0069232349996786345,0.4301969795141182,-2.462764363136673,0.8706724669678213,3.5194761064068714
0.005687977331577141,0.007246075679842476,-0.004370562712520191,0.006846163778469736,0.4136837206608857,-2.487279552378997,0.7830979320818999,3.541849524089401
0.005510715875395929,0.007550592665895522,-0.003895445128179727,0.0071432871819102324,0.4709845083515744,-2.3201343675412347,1.1630621145743565,3.349116694779809
0.005442635990715098,0.007686402347836411,-0.003685942452847694,0.007264532113136754,0.4899630274968166,-2.230946298295598,1.3176193473673212,3.247111529516341
0.005453334493310839,0.007674559781590287,-0.003710856231048022,0.007259006340219899,0.49014611746799464,-2.2435810405761267,1.3055356622190193,3.2650844987952388
0.005489670110532866,0.007609473674092188,-0.0038171514891981993,0.007205282636934352,0.48246800751309366,-2.291043649313823,1.2324678302194794,3.3223491840491213
0.005497284041906931,0.007592987754076359,-0.0038416371305380315,0.00718971224130564,0.47987238436319074,-2.301063116348714,1.213349597897289,3.3332846506222524
0.005497397879831418,0.007572058046902466,-0.003859321252162567,0.007160939612167542,0.47369091707720934,-2.304615043016095,1.1878903756737247,3.3298417408096657
0.005467770654806071,0.007613789414962987,-0.0037836002867898473,0.007190804453423061,0.47721529083061703,-2.2700499279315314,1.2346287118395887,3.2844739556829254
0.005462554201902944,0.007635616850358521,-0.0037577001116320756,0.007215470278361229,0.48187352900126507,-2.260882602842333,1.260089343787845,3.27791707379902
0.005456564717462812,0.007657560913635094,-0.0037303582777280108,0.007239337911604345,0.48631935196840265,-2.2505760518137428,1.2855650815204493,3.269517422788313
0.005338926023883729,0.007929981088811109,-0.003315444752849645,0.00746915359019766,0.5149354070110009,-2.0541298534953936,1.573612218124827,3.0481780064177575
0.00534064514430636,0.007911072302016478,-0.0033373639370870996,0.0074481544580147704,0.5113464327215634,-2.064098251435706,1.5522811292114094,3.0552288836111856
0.005344477608632523,0.007892919674514476,-0.0033608336245876396,0.007430074924406557,0.5086860303152304,-2.075163652784727,1.532691151418667,3.065215962644698
0.005350446024557396,0.007874737510416648,-0.0033867635565817296,0.007413951049120223,0.5066481402910873,-2.0877421311247635,1.51383776254695,3.078379979416806
0.0054207516975412345,0.0076842758296777865,-0.003658964994114225,0.007240900016288551,0.4824484563858728,-2.2119776750498015,1.3102795296449619,3.209484570716717
0.005416660944895835,0.007700276601750667,-0.0036391327765164447,0.007258001381726753,0.4855665321785711,-2.204170276262028,1.3283489751609159,3.2029873173883154
0.005403958332393141,0.007712120643636173,-0.0036117666640101205,0.007261323702161153,0.4846007702038388,-2.1897501138429263,1.3393644474367496,3.181606148008711
0.005395465394894077,0.007727857279502332,-0.003586293647575935,0.007273572465952803,0.4860322226572688,-2.177872936480697,1.3557734201457594,3.1672538883261683
0.0054014624017104905,0.007761662620349137,-0.003562296663456303,0.007322909797443011,0.4966776240727709,-2.172727060531909,1.3975071210410126,3.176333436703111
0.00538739155272373,0.007744363438394259,-0.0035605592531015536,0.007287038468683178,0.48765248682953694,-2.1659777319367097,1.3730131960595993,3.1533592988437396
0.005380642768204431,0.007821931764132,-0.003477310001401381,0.007378859149164915,0.5047902979613127,-2.133842518714689,1.4627558378507468,3.136287945329047
0.005359606432807775,0.007855806035966006,-0.0034172389910846813,0.007399919536007271,0.5054993959585216,-2.103039111386994,1.4951718531497182,3.09661024072232
0.005370459065347452,0.007836992201020672,-0.0034495905675864945,0.007387493240500538,0.5048294028674013,-2.1195168477773074,1.4769878734377366,3.117350802260401
0.005392441812381854,0.007779800678423589,-0.003533394139166478,0.007337259435784214,0.4982239856457374,-2.15893967696892,1.4164108851440347,3.160009391532888
0.005380966541580445,0.007801613841780023,-0.0034976980935602785,0.007353590495069564,0.4998372346776571,-2.1415423076515583,1.4386851078312688,3.1389344361247185
0.005553465445189103,0.007426377729092455,-0.00405164385488217,0.007004973354552227,0.444182960563003,-2.3701848470403495,1.0153671805615232,3.389636631650298
0.005538605633392128,0.007450417728231774,-0.004012751764173269,0.007026709977880832,0.44790076683099506,-2.355377902956746,1.0441531033875846,3.3717078372482905
0.005527498744326821,0.007497802379758109,-0.003961000332674768,0.007084249727729333,0.45965854596644773,-2.34173186364227,1.100405373356792,3.3660982748896644
0.005529658077803612,0.007474497854232514,-0.0039819659690572265,0.007053192337567454,0.45303136913527337,-2.34560598760701,1.072711577338018,3.363416764188784
0.00551029126853095,0.007512520739887538,-0.003925326113528458,0.007089745239747995,0.45944132600211146,-2.324278838043283,1.1174488649429826,3.3398129586104317
0.0054961710331153865,0.007530761166444987,-0.003891208589122675,0.007102650148321133,0.4612116288177073,-2.309175192172162,1.1383826437086457,3.319508503505261
0.005305221862967388,0.007945792870501601,-0.0032586421859416253,0.0074532706706797154,0.505714889753741,-2.0200758652658437,1.5766496442478795,2.990137065502451
0.005320485623663163,0.007935374448610661,-0.0032877121944619564,0.007456593243655233,0.5092182938933916,-2.0369131457306313,1.5715900277181076,3.016995595551301
0.0052877494891457825,0.007941641592742533,-0.0032424541202193983,0.007430571876750837,0.4983370271929438,-2.0084541969894287,1.5639447636779915,2.963695569230031
0.013352553383524923,0.014298279520760907,0.005883152192267524,-0.004586764801841703,0.1758917457758368,-2.2032545994627064,-1.108969960436486,3.0956541382785865
0.013411493394886285,0.014284162701116206,0.005801050271664151,-0.004617375820294982,0.173781011181567,-2.209793454882892,-1.0418169339645742,3.0861551158505525
0.013475955595596667,0.014267982706146027,0.005711591705706553,-0.004649609590111729,0.1717747540836516,-2.2150313902866507,-0.9695922546001053,3.0742841574155833
0.013269168978734112,0.01433204876973566,0.005990355085228134,-0.004518605546139045,0.17684122877722483,-2.18010624696668,-1.2062921719473454,3.0874777860091336
0.01323436887171851,0.014363753505756437,0.006022876368510697,-0.004461977537400414,0.17472575135993582,-2.1560834260434603,-1.2476175051788332,3.0598856560398953
0.01318405902319979,0.014395781490381516,0.006077505430564811,-0.004400037316929805,0.17393028745451966,-2.1300103248026594,-1.306095332825219,3.035739858000657
0.013237041019019818,0.014408899462573493,0.005988761837939837,-0.004394459037503188,0.16922812268364285,-2.123321868610269,-1.2463465205674396,3.002161747050359
0.013326166674780199,0.014343976386434469,0.005896026225388726,-0.004512342122913473,0.1716636249687313,-2.1710845322987447,-1.143143887184447,3.0499742630652524
0.0130608845138879,0.014493267545909827,0.0061899976876605345,-0.004214168654560926,0.16872402511885645,-2.044849719887995,-1.4438962527903254,2.942830838252867
0.01309284139421476,0.01446122842742693,0.006167086745141299,-0.00427309716411323,0.17126729494505158,-2.0728585242885846,-1.4093909525574722,2.976915536844974
0.013142829182622868,0.01444626793834018,0.006103570869708753,-0.004311839845438096,0.16994778002848432,-2.089607613655525,-1.352593390978027,2.983343497814588
0.012856208348357365,0.01461182271311956,0.006387879382592742,-0.003953440597498235,0.1656783772205528,-1.9142928647870268,-1.6605786484509848,2.8177110588232916
0.012877263752300125,0.014569999962911593,0.006395074130159263,-0.0040239198779725505,0.1697813922537709,-1.95002789089435,-1.6453204458372215,2.870366175873865
0.012927889694870449,0.014567372706854468,0.006323971221266571,-0.004051290757023888,0.16711974645259633,-1.9650035309845706,-1.5871310105753462,2.86895773607958
0.01302186449170826,0.014529223324088908,0.006218924151320711,-0.004146498433249667,0.1665981714715289,-2.012301526191161,-1.4849113096517101,2.904503805335264
0.012976581412984429,0.014555994653705018,0.006262995952860493,-0.004089013342037176,0.16571392854409292,-1.9842409020199014,-1.533059217572804,2.877600153767997
0.012832616493897737,0.014648653418283778,0.00638779180068031,-0.0038893582794011024,0.16241853420724453,-1.8814621601383024,-1.6788127178392374,2.77186132361029
0.012780124165612566,0.014641667909010617,0.006468333012139228,-0.003871592711710812,0.1662930513335696,-1.8693152257264758,-1.7403726802141082,2.781186485563499
0.012743749327688006,0.014679744013624698,0.006482841221259345,-0.0037980679265396037,0.1634019912802873,-1.8302055720655923,-1.770877452722771,2.7319162302242197
0.012555668011098423,0.014793722567678455,0.006621499167393754,-0.00352702021454952,0.1594880418986148,-1.675404371662896,-1.9389841473189426,2.5691995855872487
0.012703598965806103,0.014711947424543204,0.006506754323982895,-0.003730394103930565,0.16145901774189386,-1.7932071185003229,-1.8059354107246686,2.689178435141754
0.012665341888303159,0.0147324607766622,0.00653843601488435,-0.0036794576635180353,0.16111212070969436,-1.7642034472201478,-1.8416883283306755,2.660353303495004
0.012644053825991961,0.014771120968396629,0.006527778178930158,-0.003614229575157189,0.15752730804252,-1.7297734976389594,-1.8515527666889235,2.6100801405813843
0.012612898718175029,0.01479689051173491,0.006542601558210287,-0.0035603370311763764,0.1560036386078983,-1.6996440734312563,-1.8757509147003866,2.5746945526694662
0.012495145243466165,0.014811847269188775,0.006681177423947646,-0.0034615442257188676,0.16062514662551974,-1.6338855225724314,-1.9969720959967232,2.534923657365115
0.012543989944554345,0.014840196382738147,0.006586855019494837,-0.0034584580399541686,0.15488883626034253,-1.6406156598922206,-1.932188705629614,2.5111746466122455
0.012432076281768813,0.014798985860910836,0.006777979823778522,-0.0034325559441140464,0.165598550397323,-1.6078330111582242,-2.0722037641580613,2.5356899416623535
0.012392610734454523,0.014832191552167426,0.006790789715924716,-0.0033597511947902688,0.16339931341534927,-1.56494640741425,-2.0982500415227636,2.483882517475448
0.012358221993783516,0.014859912478385695,0.006802067794320635,-0.003297898936559786,0.16182792935355558,-1.528257785691144,-2.1202931586257754,2.440121168342861
0.012184494399974233,0.014863321693981786,0.007014584239056512,-0.003148852521468222,0.1710488063091402,-1.4123419599128326,-2.302365507526689,2.371420627025072
0.012215559581422663,0.014846468185359379,0.006997488673145323,-0.00319701100548586,0.1719579470740695,-1.4434742250078887,-2.2802591930909855,2.404791414653478
0.01225673456837836,0.014843960722070176,0.006949108838629689,-0.0032354352516297115,0.16951283835273154,-1.4731696236852276,-2.2377406746096664,2.424282725987941
0.012086010147932225,0.014922897203121522,0.007055746044958921,-0.002987738375729087,0.16897482635096922,-1.308727765817834,-2.3636499324737392,2.2556403706055
0.01213390441367146,0.014920982769865374,0.007001619894750645,-0.003033886491046231,0.1663525538795432,-1.345396303638523,-2.3166406948035294,2.2808161287342172
0.012177271663759497,0.014911547429819308,0.006961891483038461,-0.0030838171956573883,0.16526894731269262,-1.3814730698795346,-2.27864903871459,2.3112887759642593
0.012312105012114992,0.014862298400841073,0.006857233607659519,-0.003258215821760984,0.16420538663136372,-1.4986048851238682,-2.1681257598758155,2.4221537433937397
0.012347571766113216,0.014894322468764612,0.006774841641150209,-0.0032465100886768317,0.15856019534305166,-1.5019705632453415,-2.1129105630000966,2.395855926558109
0.011998849858741735,0.014928685415583641,0.007149451549749719,-0.0028977653517317796,0.17290466867753992,-1.2371204839320786,-2.446562787368665,2.203318852680471
0.0119702785041913,0.014936480938188019,0.007171464429755713,-0.002860652142314447,0.17386792902837434,-1.2101081561062879,-2.468688326792848,2.178520729848972
0.011944550963434357,0.014960101863863427,0.007167838504790345,-0.00280829706814991,0.1719079211014407,-1.1780475660476715,-2.4754838052322925,2.136968430366768
0.012037966969438568,0.014941102110664095,0.007087525885232682,-0.002921288186170313,0.16931357006280148,-1.262661379484958,-2.3986523822746872,2.2102469185979357
0.012075404521078125,0.014967090443244117,0.007009859708225849,-0.002926507282620904,0.1637893645711993,-1.2789993342557395,-2.3435305344079933,2.2002256421214508
0.01190958610553635,0.014984809492487252,0.0071721576394482905,-0.002745660481854009,0.17048826970608535,-1.1378641211109601,-2.489330255858184,2.088923486389857
0.011879167967631846,0.015004055190214118,0.007178163899700574,-0.002693715259351069,0.16946083622996105,-1.1039604392011286,-2.5022154175647646,2.049603857779098
0.011839102008612521,0.015006295552629454,0.007217881775102421,-0.0026498039110704505,0.17176590465669686,-1.068077649255972,-2.5371533610958728,2.021862578839866
0.011869594693793645,0.015033351780952104,0.007147127481540949,-0.0026526184688548775,0.16647235658987916,-1.0841676511057066,-2.487455507227845,2.0127523022442046
0.01174737845946726,0.015032026894017149,0.007276176208801819,-0.002525037127052762,0.1734636016011976,-0.9757099340205643,-2.5968098306086485,1.9334740263454615
0.011791424860086911,0.015022995286578146,0.007243994316508437,-0.002581792606698442,0.17187349651169936,-1.0191451973260863,-2.5659719300485064,1.9728812596606857
0.011691531439577867,0.01507706016615153,0.007265576252573976,-0.002418872942077609,0.1700619734869557,-0.9089042827083734,-2.605013716959597,1.848610972033921
0.011730355332799848,0.015066668143973026,0.007242532651183653,-0.002471591669936508,0.16951721334531547,-0.9482052585196692,-2.581637337485484,1.8863577427137443
0.011216716962601833,0.015102139046989866,0.007641911878737661,-0.0018217652312380018,0.19443784702539949,-0.4058701053363621,-2.9265661835271897,1.4220951407679066
0.011184908373846458,0.015120167895239765,0.007635440035115278,-0.0017663474529222873,0.1932774006012414,-0.3685476991632923,-2.9261335601619503,1.3768633277776503
0.011155649963955292,0.01513041498294119,0.007639480267583208,-0.001720204492807163,0.19314172550430542,-0.33459463370684156,-2.931983426012231,1.3402595647360072
0.01113241288580368,0.015157561856529037,0.007610078593172171,-0.0016702165649868114,0.19016100984613657,-0.3077825936863893,-2.915291962699055,1.2970680545757374
0.011671709611044303,0.015121122080259489,0.007219576994051165,-0.002354609734506271,0.16529595028119592,-0.8771777153365585,-2.5826037168954596,1.7920138141594066
0.011619878789640005,0.015126611564600406,0.007260137448291542,-0.002292055942841405,0.16725139740032988,-0.8268815589069604,-2.6186692005710888,1.748664391770452
0.011569912074207838,0.0151283302133715,0.007303451189349536,-0.0022340180246973214,0.16985882787548792,-0.7783921933360701,-2.6554725780996944,1.708998352241071
0.011326501021145335,0.01512839357108447,0.007512338669504072,-0.0019421482339384776,0.18364955748158773,-0.5268872217439423,-2.8285313227676943,1.5037649377413762
0.011469465378907945,0.015103023631708507,0.0074324929789851895,-0.002139021953595726,0.179204471241418,-0.6828990135581917,-2.7544101399518186,1.650624983191184
0.011424845620906671,0.015115393310820022,0.007451617854773674,-0.002074390873303926,0.17997077328922798,-0.6341038066909431,-2.7743725223217233,1.6018315065009712
0.011377426879611649,0.015140283603837365,0.007451707417362579,-0.0019956229318928414,0.17890814806297703,-0.5801063189666448,-2.7824416119043174,1.5393190232989349
0.011514229228962619,0.015127268990418675,0.0073551154512956915,-0.002170637008931383,0.17325624839323325,-0.7235299411682153,-2.698274413787355,1.665855968894986
0.011547779683920099,0.015165436660712999,0.007267017046635224,-0.0021755220686775645,0.16595562196877403,-0.7479808574003082,-2.638076817882262,1.6584566759237191
0.011257034302062966,0.015134275714242513,0.0075574357181499114,-0.00184944742539089,0.18668822557761086,-0.44956982787328476,-2.8670938680886517,1.4347166957509627
0.011294274955545816,0.01515330308196649,0.007497372267620431,-0.00188195674756474,0.18156505505608833,-0.4891342494523426,-2.823768676174732,1.4541352413532638
0.010866264359400878,0.015158317654439923,0.007775814312367742,-0.001305577684349811,0.20460581888749743,0.008944591641427259,-3.0413132251210198,1.0194387772386921
0.01089549822959606,0.015146299839496063,0.007780684738849855,-0.001353622624528896,0.20512288942316806,-0.024859656041317433,-3.043474245704168,1.0585634862257283
0.010924658918792067,0.015133725375908536,0.007785946987121556,-0.0014020774403534662,0.20581911989803017,-0.05872465555143547,-3.0456779921750647,1.0980598759592815
0.01094761628596284,0.015114879377935889,0.007805500924074457,-0.001445835519405951,0.20800570722245945,-0.08440742570123273,-3.057458398970794,1.1351854567373236
0.011007017062761125,0.015110827638022233,0.007775165089291508,-0.0015316672977854313,0.20528595622700166,-0.15686168188046898,-3.033784462180679,1.2016839721489045
0.01097680772329001,0.015117481217024824,0.007782751445920193,-0.0014852307560051516,0.20564592285485864,-0.12061047370769763,-3.0407560283534276,1.1649183145703266
0.011029749098584164,0.015136232863572777,0.007715998636779711,-0.001546529514818926,0.19937553315053813,-0.18647742850122093,-2.993161365611149,1.208021369031863
0.011060734801307016,0.015158133853443072,0.007657857178873973,-0.001574229969646522,0.19395763983833172,-0.22461478509487184,-2.9528214472671626,1.2248852566374124
0.011091617766247905,0.015176375088963662,0.00760621493594893,-0.0016033515082781449,0.18910918656706818,-0.2611476434855273,-2.916640680571758,1.2431437609888152
0.01007522733578521,0.015189410386601016,0.007959648109240854,-1.1574177827866107E-4,0.2294221313302436,0.991991296934727,-3.111276328495832,0.07915391181121273
0.010104857162710597,0.015205593515380223,0.007927360788821792,-1.600752998288692E-4,0.22516834122613585,0.943637611769052,-3.0951970645955664,0.11307652126615579
0.010156256877147832,0.015212901282626742,0.007909387702873564,-2.3745958762727464E-4,0.22260548543682993,0.8752205849293758,-3.091252478119704,0.1735875798796659
0.010132177691236824,0.015226769883508044,0.007885547348093979,-1.998550483370915E-4,0.22007745781483387,0.8955021027157865,-3.0724370404730936,0.14301290710164458
0.010333207297524773,0.01519654238340856,0.007912292361135241,-5.07547372889942E-4,0.22091842996889757,0.6643523697113318,-3.1142133232722538,0.38803247822348463
0.01029758764610476,0.01521141853417381,0.007891724729746962,-4.5090516461870027E-4,0.21900267628927808,0.7007052935847081,-3.0971246321626715,0.341947250010235
0.010256156861120299,0.015214187935266722,0.007893884519082532,-3.8810587549531185E-4,0.2196393862173236,0.7506205902138707,-3.093974233321927,0.2921986707423638
0.01018573682591989,0.01522805239542572,0.007877828452039626,-2.802723113894962E-4,0.218602495269016,0.8290149548797023,-3.0748668756460433,0.20624376743142106
0.01021811887726325,0.015233094466125481,0.00786432896331755,-3.281659202765503E-4,0.21674580051353018,0.7862449428081405,-3.070344222583912,0.2435171687216254
0.010047635149188083,0.015207546219606523,0.007926321040417251,-7.295268199096983E-5,0.22587499587700247,1.0124721734661097,-3.085281129819746,0.04442148742804131
0.010013845026076182,0.015219190308835125,0.007904898156525087,-2.149609623201994E-5,0.22377392812074584,1.0447309733923078,-3.065818041744333,0.0034219857844118295
0.009979626644485843,0.015241033986636605,0.007863708676273928,2.9901302553547222E-5,0.21954812759828046,1.069022592818224,-3.0336792728625572,-0.037859779053685004
0.010836190996648397,0.01517350212611266,0.007765143214966525,-0.0012548255939719727,0.203428098901804,0.042943108445264326,-3.0351832517128305,0.977696079341451
0.010629962176218736,0.015178605797554418,0.007852887909723156,-9.552387817102222E-4,0.21244893541818702,0.29791126478147856,-3.093245201950403,0.7430974520336945
0.010654476686982339,0.015167428146025345,0.007863132746483864,-9.958473025092447E-4,0.21365133213796444,0.27075627559893306,-3.1005619298246367,0.776502020103663
0.010684676350271163,0.01517013110693531,0.007845091881562084,-0.0010388136796208724,0.21149910028650512,0.23178720631815666,-3.0890355562379614,0.8098989795904995
0.010718694808663025,0.015166233750896891,0.007836756718441735,-0.0010900782583116583,0.21067978688046995,0.1903409072888191,-3.0837908436132673,0.8504859200982695
0.010621435796879576,0.015210407831905495,0.0077984128608732635,-9.300649052218242E-4,0.20690937284753416,0.2976049066828769,-3.0570646645059187,0.7193351131190248
0.010589447098040675,0.015220937248888969,0.007791612936759353,-8.796781417194968E-4,0.20612594069136056,0.33345721983069293,-3.0516420640717605,0.6785000237410833
0.010774358986384187,0.015172182296396435,0.007799279476993613,-0.0011674991473406002,0.20680619685447246,0.11939777064767583,-3.0588270870383862,0.910075680395971
0.010804579176620812,0.015191803814080621,0.0077490523963425284,-0.001200636224910031,0.20152980606366247,0.07778259855986304,-3.025279350216913,0.9328363696194181
0.010743079641085116,0.01519298537850617,0.007777087852015383,-0.0011126816518804965,0.2044665756237003,0.1527583343714821,-3.0443772264111586,0.8643477060740151
0.010529326655918431,0.01520790953037663,0.00783675920569981,-7.965803765608029E-4,0.21126666765514904,0.41292194519154224,-3.0789022938956503,0.6148576729825458
0.010557713368114176,0.015235628889978552,0.00777647692811257,-8.284133417318667E-4,0.20471648376001886,0.3670826395926691,-3.040570679268899,0.636588450918961
0.010474148046418323,0.015188689827878797,0.007890023979096111,-7.210800224716911E-4,0.2174033181773801,0.49034808283446135,-3.1109248324401286,0.5576286660213404
0.010445100202918677,0.015192240931763506,0.007892080392981506,-6.766571068239767E-4,0.2177668543489923,0.5253468967382352,-3.1103248818831273,0.5222228881514326
0.010390427987992217,0.015209985517690136,0.007873878006175871,-5.90235424428111E-4,0.2162290936367443,0.5854655245868498,-3.0942225234373977,0.4521366123632289
0.01042046101094612,0.01521027364133409,0.00786552562123382,-6.348889527885861E-4,0.21507336185321374,0.5477796140525464,-3.091098132560806,0.4872883859896305
0.010496132527906236,0.015217446044767494,0.007830147443087727,-7.446776014853441E-4,0.21071044549928422,0.45028119284860196,-3.072835273768096,0.5729508488283105
0.010363536688235654,0.015229875840126552,0.007843534550637824,-5.454569353699324E-4,0.213215838883642,0.6087659864569203,-3.0720701826475603,0.4149116674697218
0.009702078445950696,0.015196016298379784,0.007917929465918372,4.5327008484944E-4,0.22972582906001923,1.4318135927054472,-3.006243637994857,-0.3648041406238662
0.009787451589303097,0.01516514932382673,0.007991494007326782,3.284057743911315E-4,0.23744547227863502,1.3625603799556887,-3.0730375109757344,-0.2676530686956466
0.00981286768359204,0.015170096238749592,0.007985567248850552,2.8859227314937227E-4,0.23619915495342728,1.327781577547399,-3.075426253997152,-0.23690556531312068
0.009733654874060714,0.015188274446410228,0.007938622581628661,4.0691614588283473E-4,0.2316423886926752,1.4032382908242622,-3.0270028393083313,-0.32898229456105016
0.009762792334906375,0.015180022145619799,0.007959304477890504,3.6392965193545704E-4,0.23382528316891074,1.3774108319980387,-3.0470362870734333,-0.2956306615557564
0.009829536241873856,0.015195773791445736,0.007938768280490116,2.598795296976577E-4,0.2303371415129654,1.284448021457093,-3.05008018002265,-0.2153587602796341
0.00989037968187123,0.01520209341186046,0.007932714071969896,1.6660589345718696E-4,0.2286665780644795,1.2067665439970294,-3.0595894515468345,-0.142944792051692
0.009918573312778046,0.015224266590842379,0.007892803431224582,1.2239373625963788E-4,0.22345914774589032,1.1547800403630326,-3.040409941660287,-0.10927191399187286
0.009855772487741214,0.015221022425660789,0.007893951710416522,2.1737452647780362E-4,0.22454143530600804,1.2313540816991724,-3.0280786759280063,-0.18308324173976945
0.0099391124445725,0.015257498633173529,0.007831759423817683,8.989690511198209E-5,0.21629032822667033,1.1039056421151308,-3.0060788175233943,-0.08540398538896578
0.008721854764292361,0.015010775119213681,0.007738908789722126,0.001973140239235886,0.2150409642431601,2.5850070929749474,-2.5062143350699135,-1.4630266979515216
0.008528053093963907,0.014953167877150812,0.007661450851979146,0.002275909520069424,0.20342589602627115,2.7880128478264705,-2.350004433548459,-1.6579083517846585
0.008558139614612464,0.014963130600229212,0.007673511266709762,0.002228396813456895,0.20526629890189332,2.7564252867933585,-2.3751295984069345,-1.6279641047236428
0.008506804335358322,0.014972181906782114,0.007609015865696694,0.0022839387247873865,0.19657207590807346,2.765660216897834,-2.316447558306634,-1.6574472812818157
0.00869160389550328,0.01501203276709398,0.007710839681141004,0.002011943769671293,0.2112234169553129,2.6015421678414925,-2.476086307984856,-1.486849772717475
0.008661062647798243,0.015009329638035064,0.0076888865467513,0.002054117595270957,0.20816550149754462,2.6239448727337837,-2.4482017842625865,-1.513263536176872
0.008567107119416252,0.01499801959962572,0.007623087035411358,0.0021842738088131797,0.19906472495994113,2.693422102337817,-2.3623278351675245,-1.5934924401827777
0.00862828999230827,0.015007635611228975,0.007662686430732239,0.0020978725796556414,0.20469916436184546,2.6452528406564615,-2.4170727489608725,-1.5401202939146355
0.008597130842862804,0.015004038019324062,0.007640602463755738,0.002140855488634325,0.20149933719148985,2.667995364942339,-2.3885560264467838,-1.5665483581784885
0.008226879259517306,0.01479558781746798,0.007596161629476482,0.002808209091940756,0.18885856387976904,3.1764276716956874,-2.090208030738591,-1.9883716135912868
0.008200413207438693,0.01479867668063714,0.00755989402919172,0.002834616428240143,0.18350283011005655,3.175390128127509,-2.057806310982899,-1.9989960740643278
0.008235032456938594,0.014822280624787663,0.007563250551290154,0.002767608997332381,0.18503664875490197,3.1243236794073357,-2.0898500446931685,-1.9583283387819919
0.008272776931344773,0.014836681355788776,0.007583722957430483,0.002707643312946661,0.18868721771278787,3.088921267727524,-2.1279299603782724,-1.9241780676154523
0.008248877876165957,0.014844014694557924,0.007544734135453499,0.002726743973081616,0.18313385343052094,3.08100298923453,-2.0975067619593806,-1.930341057582112
0.008336481324922514,0.014873097787320147,0.007596159688771302,0.0025923942529385707,0.19182829578227548,3.0046895243966216,-2.1846750469259675,-1.8537770750854017
0.008460597790715048,0.014914349255260405,0.0076594708552580265,0.002398598582720558,0.20225253564744897,2.8857573664509886,-2.3007824438771416,-1.7377955206315658
0.00843353810970728,0.014908310887287715,0.007641717310620661,0.00243809268808774,0.19950207757922042,2.907393250045985,-2.2746555696736332,-1.7611776771717675
0.008347297248474321,0.01490057654468455,0.00756340148205737,0.002549828721481878,0.18788345001439855,2.951846650071588,-2.1838028312832543,-1.822490087594544
0.008375814455878672,0.014903430521596017,0.007589229383769803,0.0025129735692208835,0.19176672831966532,2.9373380355673473,-2.2138807478755917,-1.8025129208067312
0.008403878085982,0.014907237903597262,0.007612599509604609,0.0024752700909707066,0.19530232615302065,2.9205981388742823,-2.242802035453511,-1.7814235826891196
0.008294538953373736,0.014851978093544925,0.00758377769118524,0.002665053154206425,0.1892545274494508,3.0551469292966322,-2.1465112156656967,-1.8976369191140792
0.008312049274799473,0.014871399792757579,0.007572031019324625,0.0026229882162142146,0.18801598947100245,3.01497524369131,-2.157915755320752,-1.8697054678495602
0.008470520663351569,0.014941222775663331,0.007624740481219811,0.002359198957883967,0.1978953615160439,2.834564896513171,-2.296283920539597,-1.7081622719990326
0.008481214385793025,0.014970089796750748,0.00758751378627602,0.002317453325640127,0.19332539504637414,2.780611688031676,-2.2911455519114843,-1.6767937068455667
0.009664694152046358,0.015201074417803469,0.007900400966136735,5.085381085855645E-4,0.22789922921109335,1.4689733060830579,-2.98579691060629,-0.4072226666289734
0.009603870077441234,0.015188536813349841,0.007908986831813557,6.03054197570109E-4,0.22996476284834363,1.5494764644062176,-2.9740328258326447,-0.47927469412737894
0.009626633035120673,0.015214381923743383,0.007866422224063967,5.623276058241575E-4,0.2244228786763923,1.4977496935689685,-2.955024634456953,-0.4482694727629402
0.009572892661816781,0.015195508516026877,0.007887332261438099,6.475316902283453E-4,0.22765304833602976,1.5760253815152556,-2.9521319493418425,-0.5129955992207967
0.0095435582103766,0.015199941449892111,0.007870376359238103,6.899142517399326E-4,0.22594594170214075,1.602929669479266,-2.933417536210437,-0.5449596775262419
0.00934127447668903,0.01514923590010677,0.007889432067570827,0.0010084215173343004,0.23099622198236802,1.8712723366812891,-2.8768546152618737,-0.7836507517445533
0.009486572851987918,0.015150904085895296,0.007943824724260272,7.911704728611385E-4,0.23584210407462966,1.7186756842721653,-2.958583197219476,-0.6220327925112543
0.009464312224117939,0.015145335642374882,0.007946401634222236,8.266681838496401E-4,0.23670769401135533,1.7489073458261424,-2.952695260384462,-0.6487839325213712
0.009372373403697577,0.015145647196069884,0.007909595637729668,9.639868671558332E-4,0.23317944388796927,1.844336474226809,-2.8995619327320687,-0.7510950077627357
0.009440578143075933,0.015152620167702264,0.007923867817706653,8.595747665255605E-4,0.23400647561067808,1.7654895447654961,-2.9315856452402396,-0.6733112666797978
0.009408993237848043,0.015151587423335078,0.007913529981135927,9.071100585319884E-4,0.2331336647194089,1.7996006864618386,-2.914757862730848,-0.7087425600425994
0.009311609526087169,0.015153297724141947,0.007868498905807986,0.001050161261174194,0.22864840767475716,1.8956499277807815,-2.854089174751565,-0.814096190104261
0.009331283669584061,0.015173488805507233,0.00784005531698046,0.0010123215257760313,0.22469352948252297,1.8516414790819913,-2.845561412641871,-0.7855001716522331
0.009500764281684233,0.015175971169803078,0.007901519423801991,7.612962525246025E-4,0.23045884194267588,1.6749908237609061,-2.938385861105321,-0.5991452784222407
0.009519236185917719,0.015197917166504787,0.007866547353200642,7.26631194477885E-4,0.22577503844917574,1.6310661625419907,-2.9237954777050756,-0.5726262698484267
0.0089101891828775,0.015056013593947912,0.007807422238348496,0.0016820117487385772,0.22382998695552672,2.383188397431893,-2.6431665030757667,-1.2668900823547826
0.008924881147818626,0.015082881407436336,0.007769953605919157,0.0016424027174908307,0.2189135290948996,2.331715280409888,-2.6329359070197795,-1.236655923715733
0.008880150050002249,0.015057002704139627,0.007783521627570656,0.0017226884360446936,0.22088271617926594,2.404183146781403,-2.616026792705958,-1.293755142003352
0.00884998091914252,0.01505779058132138,0.007759408141121496,0.0017632840869586715,0.21769510246135546,2.4249224147679143,-2.588612238891494,-1.3203594385231587
0.008818612313472675,0.015058709311953135,0.007733656643475165,0.001804972832584801,0.21446372875343456,2.4456101125207255,-2.5597596646881127,-1.3473567957685761
0.008768520633107388,0.015033558957329473,0.007737888228705961,0.0018921134071617138,0.21507910465605942,2.518666454510397,-2.533448375867709,-1.4075769062274028
0.00873961438228508,0.015036908901018407,0.007708317343327436,0.0019277486096381297,0.21102337201542223,2.5321016052467407,-2.5037974503679794,-1.4295261579953544
0.008786800667953917,0.015060832463423114,0.007704956878399566,0.0018458318809726865,0.21068096894100755,2.4639754460030585,-2.5292493058295875,-1.3733177728967405
0.009179214579741336,0.01512342718349069,0.007856835241612571,0.00125778073960083,0.22850009856056144,2.060121340888585,-2.7950189322499703,-0.9660371523020813
0.009268257695948448,0.015131185732369141,0.007888874572805439,0.0011241927522784377,0.23169936403494548,1.965946062147404,-2.848685434091603,-0.8692848603788829
0.009208999057144463,0.015127853656191232,0.00786475501786883,0.0012122968031849498,0.2291316473524203,2.026660437805626,-2.8116655535006374,-0.9331587300726971
0.009239042523429697,0.01513062152014342,0.00787526846711496,0.0011671806729659873,0.23026615496632444,1.9946955331590301,-2.8296080732984312,-0.9004544600588983
0.009162269366565036,0.01515039401905156,0.0077982046628568905,0.0012672131641826535,0.22110802710451663,2.039681201408204,-2.7568235458606174,-0.9705964602331459
0.009128214073443098,0.015145014076401692,0.007788803479141021,0.0013185293043422948,0.22022992781386197,2.07703330932588,-2.737491470890638,-1.0073109638561668
0.00928387592136776,0.015159801492992842,0.007843505200097139,0.0010875535864501645,0.22571688695607262,1.9145400276400137,-2.829782828920567,-0.8410379101141624
0.009096540538939634,0.015151291998761404,0.007759045490732895,0.0013594517622030995,0.21675843887218396,2.096130043433447,-2.7084586704747626,-1.0354192406010878
0.00904936921354372,0.015120543843506008,0.007785694222990267,0.0014442517343164223,0.220353265263971,2.178062895208432,-2.700909788553025,-1.0973829558011843
0.009065260102936871,0.015153330126559955,0.007736651728770051,0.001401849866139257,0.21396261773627198,2.1198284253648154,-2.683326319809529,-1.0646786882639567
0.008979567048440967,0.015092770279988421,0.007790164628713429,0.0015598591396033382,0.22132817032434088,2.2744745393136356,-2.6700379390872846,-1.179680324987997
0.009012189283122123,0.015117571586608643,0.007767297201155232,0.0014980467475560466,0.21809909569171107,2.2128597406488155,-2.67442995932884,-1.1347023203883146
0.008943551011366966,0.0151123444926735,0.0077306541538763734,0.0015961736822202573,0.213905158588164,2.274607213270526,-2.623486274191803,-1.2018912029182396
0.004752584825515735,0.010272911017123272,4.1572469372845E-4,0.00802618179828946,0.06737427293226474,0.23517893603172454,2.413921550556623,0.41029095676266225
0.00472949894501767,0.010255550109657605,3.8618880647223544E-4,0.008002820512659867,0.0693131140097376,0.21392766134697502,2.39601098211595,0.4225808341209719
0.004750219909509652,0.010301471684389505,4.5853780565956284E-4,0.008019010866832708,0.059204476181663454,0.26324835380165185,2.411016718721215,0.37979229828793387
0.004734975634017079,0.01032326167374736,4.887021782748488E-4,0.00799819562785816,0.051281753807738126,0.2822209144021148,2.397922230277908,0.35328698785738044
0.0047384199085393226,0.010353422778653648,5.345364117576899E-4,0.007996439453667755,0.04343516651663845,0.31280500287979596,2.3989567689321656,0.3226606753298377
0.004741514734290214,0.01038348832521369,5.801696026860402E-4,0.007993800535373788,0.0354671148520357,0.343269902812867,2.3993160240125193,0.292026125651456
-0.004971487647922906,0.010956469858021728,-0.0015275522909515568,0.00803854629732152,-0.11714707504704354,0.9747108212440317,-2.4708023828205583,-0.2699376283363532
-0.004971138868809571,0.010977012043098436,-0.0015578790125953983,0.008026834921074017,-0.12251953695261189,0.9951949009236307,-2.4639980492719182,-0.2915623429576789
-0.004978262447621729,0.011051869718279018,-0.0016720748346739768,0.007991719813098609,-0.14189049368229487,1.0723462756160682,-2.4443954222187254,-0.369172635014654
-0.004972691419758775,0.01109209953130292,-0.0017269983174386192,0.007960892767378542,-0.15129057379407107,1.1104037676681087,-2.425157799874569,-0.411578897970193
-0.00496232727396714,0.011067201325675693,-0.0016847384317308968,0.007964437371668616,-0.14471160263455166,1.0821960958564611,-2.4259313629719537,-0.38669947680163536
-0.004971698689362482,0.011028686990256857,-0.0016343130535172797,0.007997978496789236,-0.13575876069362658,1.0470647633590113,-2.447202280265835,-0.34566034369611126
-0.0049610023175738075,0.010999538995000042,-0.0015854138432260033,0.008002616108031832,-0.12787918766843667,1.0145250876302419,-2.448440590439105,-0.3163870703134945
-0.004876233837935131,0.010752595317405165,-0.0011767315655612923,0.00802864309239393,-0.06031129111637951,0.7428167610461464,-2.4497943534048043,-0.06906126706731548
-0.004875640068249753,0.010780849016281128,-0.0012186803773064812,0.00801579661865357,-0.06808610406748496,0.7708552956211964,-2.4427018694577565,-0.09875004399485386
-0.004949177911568561,0.010944438466849669,-0.00149762912101875,0.00801956732998353,-0.11313916563853414,0.9557472279581453,-2.4565710639054505,-0.26009054034047546
-0.0049188041444108545,0.01083156151489815,-0.0013140979852823878,0.008041753989805526,-0.08206439390334337,0.8337101319584984,-2.464340226529991,-0.14565705289855915
-0.004917399930543399,0.010854481438322005,-0.0013477073531006037,0.008029228348223836,-0.08833765132405579,0.8562523728212917,-2.4571358560505847,-0.1699286056035139
-0.0049279623871421535,0.010930944061444285,-0.001466423936630206,0.008002630250008273,-0.1089512531713031,0.935711978075295,-2.443656780320632,-0.24856452555585026
-0.00493169940978944,0.010912831822870811,-0.0014416116429240196,0.008016318626834102,-0.104273844386819,0.9187945468972856,-2.4520659401416904,-0.22916024373911306
-0.00492391820488922,0.01089653312910027,-0.001413473255063121,0.008015822051501182,-0.09977268656517645,0.9001786565189426,-2.450595779236988,-0.21310510533684646
-0.004919304552308696,0.010876001399526034,-0.0013806848552221486,0.008020868971345926,-0.0941670459613657,0.8783123870007005,-2.4527393807787266,-0.1922210644745931
-0.004895842728564922,0.010820233993397665,-0.001286462246852886,0.008020931634666098,-0.07880998648640207,0.8158271238477951,-2.4489761789728264,-0.1370531680854721
-0.004876613069630631,0.010804789767260417,-0.001254710539575719,0.00800623620668227,-0.07460751304117061,0.7949649993053454,-2.4375984614341,-0.12361874997512332
-0.004972684043377131,0.011119809870265862,-0.001766757612959913,0.007943498142339848,-0.1578047857135785,1.1377401600160706,-2.4145588576926786,-0.4402408732789576
-0.005025721900973013,0.01117396565312205,-0.0018790184125512329,0.007968123338531037,-0.1743485593447975,1.2105396249117273,-2.4364474025163396,-0.49216657959304166
-0.004999350080188853,0.011162362062263351,-0.0018448180409644515,0.00794597224070028,-0.16959501323515414,1.1893218111623989,-2.4194527869175917,-0.4821275134427707
-0.004976834475275569,0.011146350472396753,-0.0018072514432941977,0.007931114239669468,-0.16418502639676388,1.1653224641846087,-2.407472268607234,-0.46728236330646705
-0.004946195806199179,0.011108115771643876,-0.00173341037491029,0.007921149495888314,-0.15334794533825957,1.1167728343670535,-2.397538260813421,-0.43024832166511523
-0.005171572005506809,0.011629723731561159,-0.0026191092368574617,0.007763965782097474,-0.2734565512051908,1.7195480885194474,-2.318922367418716,-0.9563043289145464
-0.005170450677127026,0.011646174116844554,-0.00263902181231655,0.007747168949659178,-0.2753420135320414,1.7342258586116786,-2.307100634710125,-0.9725170954365205
-0.005131269602022653,0.011569732767117797,-0.0025046951824825147,0.007774875562152838,-0.25982279142241405,1.6416444893920195,-2.3224330456253024,-0.8944832105843251
-0.005131651120710768,0.011586784631860551,-0.002527044645770706,0.007759846842552198,-0.2621964977842781,1.6577721080641346,-2.312132853345075,-0.9114015399070027
-0.005146654609066932,0.011599865707741016,-0.002557597593444754,0.007764343291572174,-0.2660782499726493,1.6780316126594068,-2.316699445428458,-0.9251998273947796
-0.005157801617210565,0.011618215581198098,-0.002591469216488314,0.007759594042450986,-0.2699815718620901,1.7012153805578192,-2.3145075562896706,-0.94403809864917
-0.005110826869400054,0.01155802578599193,-0.0024712343158684587,0.0077629215214335195,-0.25541773308350785,1.619988526479194,-2.3122024393192038,-0.8819201158103861
-0.00510564640882791,0.01153488734026978,-0.0024366528419587,0.0077776969650169645,-0.25137599117563253,1.5956954465803685,-2.3217991020355213,-0.8587755099493437
-0.005044436890117582,0.011294524421709543,-0.002062811111658272,0.007904138680744811,-0.20204888141496027,1.3367960229439688,-2.3987003554403326,-0.6157780794221911
-0.005043182831401385,0.01131759404171865,-0.0020938719506862925,0.007885512077869123,-0.20646747284127184,1.3587744645642588,-2.386618218631218,-0.6394585236049367
-0.005093481503722682,0.011517253505852074,-0.002403054602504145,0.0077797142717974275,-0.2471851951934845,1.5729667968433274,-2.321979650612604,-0.8408076289854122
-0.005045208020971305,0.011339470782039868,-0.002125521223802693,0.00787118531181947,-0.21093467055836848,1.3808606691433312,-2.3776003175913494,-0.6617115853740625
-0.0050550623236769975,0.011353023743224165,-0.002151678480774538,0.007871776956176038,-0.21464178882968551,1.3982429467603215,-2.379074972654453,-0.6752792412520972
-0.005059241056795682,0.011366377829994634,-0.0021732014060826077,0.007866067101891725,-0.21750085947179282,1.4129866879912147,-2.375825910459068,-0.6887841216242805
-0.005088294726957296,0.011475042217832222,-0.00234308904139463,0.0078100820888918464,-0.23985146233561455,1.530593044024671,-2.341940313153017,-0.798572599667674
-0.005082313674949199,0.011497285087346888,-0.0023673295654067857,0.007784619300388385,-0.24273903386010082,1.5486656347038243,-2.32418797032953,-0.8206212716576726
-0.005057796872924614,0.011386101275388206,-0.0021989011559978493,0.007848949164936848,-0.22103250933841517,1.431421808814564,-2.3644818813261446,-0.7088714724096531
-0.00506805694578284,0.011459440823136087,-0.002305479204843517,0.0078008171837808575,-0.2348693969226206,1.5060548974626535,-2.3336558668687095,-0.7825970539131386
-0.0050661401866803945,0.01143479396336489,-0.0022711330178173256,0.00781902691465012,-0.23048820633826098,1.4817962239113076,-2.345609537439817,-0.7579288539850692
-0.005058874651353862,0.011410376090914547,-0.0022325299132086346,0.00783078748234437,-0.22541655997504506,1.4551716428731336,-2.3526378844459255,-0.7333701421692976
-0.0050170857160672785,0.01119918509306625,-0.0019091834749677267,0.007941222074255393,-0.17926667374565355,1.2322773323807823,-2.4187446687789182,-0.5189555536761131
-0.005025067133686877,0.011233467693296298,-0.0019632509930276247,0.00792642497388635,-0.18743533154923087,1.2691233100230903,-2.4104819020861807,-0.5538755153353551
-0.0050132574844618015,0.011219830820326402,-0.0019357599172462284,0.007922662262925654,-0.18347016942135266,1.2511310596052354,-2.406689975660566,-0.5405058552200586
-0.005019568200318007,0.011254790422496904,-0.0019892797649369866,0.007905107428485087,-0.19144969530039993,1.2878987039872651,-2.396373100393054,-0.5761437736800973
-0.005023597983320129,0.011280408727511227,-0.002027873976463075,0.007891127728004385,-0.19704139716953242,1.3145045546464031,-2.3879592927672957,-0.6021968917507418
0.00537289284274735,0.012177677430778341,0.0034680130387274868,0.007373500931370823,-0.33467990535335107,2.3237741258078057,2.0406691358788183,-1.499342791840576
0.00553973496951975,0.012470380542463147,0.003953625720905004,0.007141244511818954,-0.3430813415395962,2.6692892259242087,1.85339469968564,-1.7870358672283466
0.005522992190641757,0.012455625580952492,0.0039181707766315224,0.007146957214105317,-0.3423350905784639,2.64346465005743,1.85846162781029,-1.7690331386370988
0.005492480005608484,0.012400199309715596,0.003829837862020493,0.007196002457559284,-0.3424681160214638,2.5811358966136204,1.899232483990075,-1.7164369083597866
0.005498759263138097,0.012417758176156854,0.003853280930509815,0.007177616537353049,-0.3421473000734791,2.597429149019154,1.8840725474238404,-1.7316586753691399
0.0055088472531342894,0.012437882190539538,0.0038839439889936495,0.007158939306104721,-0.34196750602345927,2.6189681178366566,1.868580187400921,-1.7502664618800254
0.005459573469634955,0.01234704496792158,0.0037391361116614744,0.007237551819581031,-0.34132991775516425,2.5165706664057548,1.9332247712551844,-1.6636847664466685
0.00546733282273393,0.012364181617231011,0.003764621546785698,0.0072217445341768985,-0.34146757742258044,2.534547404122121,1.920357426750968,-1.679528921349905
0.00547652073603684,0.012387163050376664,0.0037969290709191405,0.007199122632662527,-0.3413066020578191,2.5572096233631307,1.901870700445487,-1.7001042161619222
0.005404006827069426,0.012230656330045052,0.0035589795693093088,0.007337010584140684,-0.33810253196848966,2.3886330188817726,2.0126272079987704,-1.5527643543282208
0.005397941383530792,0.012214476382623888,0.0035356306920899536,0.007351732803495399,-0.337657498996935,2.37203142420118,2.0241913161814282,-1.5376730742757623
0.0053819319621588166,0.012201557693489799,0.0035028070111961557,0.007352428753960103,-0.33558265792481023,2.3485672707696383,2.0242776234677504,-1.5217881570166987
0.005416649366883749,0.012261697242605904,0.003604726075485441,0.007309280501610391,-0.3390282965429529,2.4211990581967733,1.9907017516695313,-1.5819115833063648
0.0053979233927627344,0.012249040091788527,0.003568683032546295,0.0073075834255892725,-0.33691749055193493,2.395301244848582,1.9889851147074007,-1.5651493947338821
0.0054163769034619984,0.012281904743781758,0.003623195947392733,0.007282798723196491,-0.3384799497548557,2.434024210174403,1.969460104618894,-1.5974579337707855
0.00545122286726591,0.012332327134192132,0.0037148950859740228,0.007249389519940522,-0.3409305753121233,2.499343644979898,1.9428107153826877,-1.6493107548694217
0.005430959677538234,0.012296502451082107,0.003655679697182613,0.007277599782357107,-0.33980402332427356,2.4573072157959515,1.965460153078809,-1.6142438764438756
0.005441230631678604,0.012316997020453585,0.0036878589113001066,0.007260329186033865,-0.340330627418068,2.4800832727537663,1.9516044452268968,-1.6337953755487293
0.004958523617609269,0.011146108795381467,0.0017950383111464874,0.007910758077423355,-0.16282887442475194,1.1583849634803618,2.3926382380338844,-0.46832630097604827
0.004947027693111749,0.011124987219741917,0.0017578371675876262,0.007911456826028113,-0.1572465682526363,1.1335794955502292,2.3916733986827325,-0.4475007253760905
0.004938418258119448,0.011101545188854095,0.0017192412331764526,0.007916553403248454,-0.15136841298449752,1.1076050811639735,2.3937430977712726,-0.4241236962431955
0.004933892755487531,0.011080031588256371,0.0016858889189813174,0.007924712464724044,-0.14608492558201572,1.0849758180747175,2.398164366653951,-0.40241105384561465
0.0049304860221409,0.01104092333721337,0.001627912343486565,0.00794426095957012,-0.13659899496132485,1.0454459903784745,2.4095712816127506,-0.3624839289056623
0.004917161556413593,0.011064722211625267,0.0016540252859508816,0.00791527563457653,-0.14156349031278745,1.0641921655363236,2.390292119399629,-0.3880869772637889
0.004912917189993623,0.011012498147978868,0.0015769062615698679,0.007941005581025272,-0.12891427600540115,1.0116155309217196,2.4053033991242287,-0.33483444339542573
0.004900087616720011,0.010961579642893009,0.001496320262662201,0.007954878334889934,-0.11584011023862838,0.9573166733155242,2.4117857367507622,-0.28357614605454534
0.004891669251260602,0.01093899910421021,0.0014590912229598138,0.00795748976239467,-0.10998940687175067,0.9324241089936669,2.4121286112590243,-0.2611723880002428
0.004888480131468387,0.010988527012753395,0.0015287896567887378,0.007927179751869575,-0.12207628067995126,0.9800500498609637,2.39375381636201,-0.3125238235058024
0.004869109252444589,0.010920344029155512,0.0014203445522580594,0.007941980314351546,-0.10460618077923224,0.9070676636883768,2.399802867841482,-0.24447328133658378
0.0048254774780001316,0.0107564800536252,0.0011610763984388065,0.007969883543304619,-0.06193964629912418,0.7329286154212529,2.4086518229595253,-0.08076341338331977
0.0048168307663313,0.010727501778632013,0.0011149042596903037,0.007972183833453871,-0.05440917827074748,0.701931884065011,2.4083256949432807,-0.05198116778645894
0.004854864779344369,0.010884455096498411,0.0013612444151226257,0.00794418086030513,-0.0953012681370231,0.8674608077563005,2.3989609426229737,-0.20914299520160637
0.0048422853242847995,0.010851637088778912,0.0013075692863487344,0.007946042994641191,-0.08679911195050961,0.8314552862024628,2.3980974486174063,-0.17684167231934997
0.004829658705476512,0.01078984802934554,0.0012117757320237673,0.007960194908004316,-0.0707199040666724,0.7670212915118002,2.4040219393326807,-0.11472181005210992
0.004833343640228407,0.010819264173268247,0.0012563448166159124,0.00795113714942808,-0.0784080597749751,0.7970152844113096,2.39955762379229,-0.14459122037275465
0.004803700081714808,0.010777994960694107,0.001183213768788747,0.007936478970921186,-0.06786656298663081,0.7480118322918202,2.386328371555537,-0.10595925696141273
0.004798768669214998,0.010696378322618678,0.0010620057866452762,0.007964330894965134,-0.04646865739839497,0.6663949037289117,2.4006477665821175,-0.02247651548677573
0.004781994482173302,0.01059562762659861,9.072747637523388E-4,0.007981674845410845,-0.019936095226361184,0.5625502152158401,2.405990240936212,0.07927327332967075
0.0047956769287515735,0.010653091915133287,9.970629923263443E-4,0.007977072428473593,-0.03500909765302456,0.6228425675031168,2.406731589374171,0.021881671865314114
0.004777141097313134,0.010623308260675587,9.465480342523792E-4,0.007966930489430852,-0.027711956948192774,0.5887823546358699,2.397462195471722,0.04968950548932621
0.004757931141399866,0.010579891137872796,8.762163995806144E-4,0.007959980372824747,-0.016869808287154477,0.5413093343865609,2.389477546988141,0.091285556356281
0.004739970466898425,0.010443996643135854,6.70043833636622E-4,0.007978305044754122,0.018772611777651334,0.4030282541881589,2.3927451655690746,0.22866925678348166
0.004726857888392986,0.010415647930674427,6.248563859766222E-4,0.007970413387044782,0.025268078422830013,0.37225175142788963,2.3850809630298997,0.2553499771650867
0.004748690708604915,0.010551243524037171,8.311476127023191E-4,0.007958646660475945,-0.009716845539041353,0.5108566001009799,2.3865187623665878,0.11927637503712042
0.004743033458094925,0.010476265593172529,7.18719152572782E-4,0.00797354812370131,0.010192647512209848,0.43560715753906326,2.3917161664584925,0.19577916630108172
0.004740944876572374,0.010518113088008338,7.800374998001421E-4,0.007959793427320368,-0.0013357290417282655,0.47641506148654506,2.3849564229247537,0.15209919455833368
0.005070543875731663,0.01136941529934396,0.002186208598897095,0.007876340872306863,-0.21937564959529454,1.420878494173486,2.3838150724283325,-0.6916345057209966
0.00505860248918776,0.011355739757730063,0.002158146183357277,0.007873635279972584,-0.21554714401911473,1.402401132316736,2.380707521310061,-0.6779448062652284
0.005075486678348506,0.011404597970078707,0.002238093042764202,0.007853907843366918,-0.22638626256318112,1.457157893897857,2.369704988831566,-0.7274092581112634
0.005064930347033375,0.01138665576212863,0.002205304376711149,0.007856459986117396,-0.22199555781300506,1.4351261166130327,2.3702121072234323,-0.7093181332146339
0.005034258403641821,0.011331032443034572,0.002105620793420051,0.007865393618787365,-0.20818727951118055,1.3680515624239573,2.3726297142462034,-0.6534316972242339
0.005042903699957335,0.011350899310155305,0.0021393970799006828,0.007859846496874354,-0.2127439700174681,1.3909776912927698,2.369966898817325,-0.673424586863437
0.004987582708425363,0.011226902854938478,0.001927830478481116,0.007888985758847875,-0.18267734513606945,1.2480966766058172,2.3824435595875175,-0.5491946149702419
0.004976477486821896,0.01120724580525327,0.0018927786144921682,0.00789014280213892,-0.1775580394850612,1.2246827979873844,2.3818716175004746,-0.5297207188342741
0.0049624939048580835,0.011189232448545462,0.001858179114779028,0.007886767151983123,-0.17255752056761817,1.2018479570012,2.3781189281330835,-0.5121340042540458
0.004942603754169802,0.011170646886208412,0.0018190578484671416,0.007877045129513685,-0.16704526881395343,1.176271480253524,2.3697215465078876,-0.4943010498845864
0.0049994464403794,0.011249380516975655,0.0019674237702003283,0.007886445608904882,-0.18844479688640853,1.2746107454285729,2.3821969369998013,-0.5715571582950236
0.005002345455152944,0.011278043875675332,0.002009161066695547,0.007869141918505518,-0.19454306425261728,1.3035267392227163,2.3714660504629848,-0.6005891787715664
0.005006335471322238,0.011302515162388331,0.002045688586612408,0.00785568440807703,-0.19975818812882773,1.3287596435885378,2.363244693018768,-0.6252529534677596
0.005010030318495973,0.011329072770976879,0.002084656138807518,0.00783998907744278,-0.2052446789628913,1.3558185350924383,2.3534675294063345,-0.6519883470383118
0.005059862264703927,0.011425025370470233,0.0022529673321312615,0.007820046092169559,-0.22809189076604133,1.4695727901616016,2.345611057015636,-0.7480766071836921
0.005049633946656483,0.011448818347813887,0.0022762164547395236,0.007789355589576109,-0.23087187210284085,1.487318219909113,2.3241080840174075,-0.7717491741764296
0.005042652258486012,0.011472939216812313,0.0023020882043086823,0.007761795339493972,-0.23411605212724065,1.506487405554748,2.3048939821278234,-0.7953935691899245
0.005067671037403447,0.011535106567877413,0.0024037719727620023,0.007736086290468797,-0.24656439836616115,1.576504425703292,2.2897107870527997,-0.8573391338437917
0.005070741805573542,0.011578871796401935,0.002462139427678478,0.007700912504076896,-0.253110241127837,1.6180823374596873,2.2657296781874643,-0.8999944603367434
0.005060801644522673,0.01155862054139592,0.002427753398268561,0.007708147579501963,-0.24904142187364586,1.594478671118256,2.2698574576828596,-0.879808487256067
0.00504720631469032,0.011520572031762856,0.0023674896068628802,0.0077265108678693005,-0.24183788170099382,1.5527921259940187,2.281277836763723,-0.8422204966270673
0.005023462097451819,0.011489632929430697,0.002307703671936483,0.007727118712913462,-0.23424584626545,1.5125705399905574,2.2795478711758146,-0.8110831953837224
0.005029254311685853,0.011507529311666945,0.0023355170600305093,0.007718300306984396,-0.2377124865448562,1.5318218532929868,2.274064804732345,-0.8286887222271995
0.005185301793055094,0.011798792768658693,0.0028408991658893687,0.007612343086576475,-0.2930696800179717,1.8800619914803443,2.211947750776717,-1.120994632114573
0.005239553189209247,0.011899364124725193,0.0030150111294608654,0.007563095064066637,-0.308319863924242,2.0019599615154067,2.1795708215143077,-1.222934428568011
0.0051977742053653225,0.011823483378235959,0.0028828454443652605,0.007599996076932721,-0.2968679183439787,1.9093656759454376,2.2038512655314513,-1.1458375101222265
0.005215172038754806,0.011838214705397811,0.0029182969227039743,0.00760292713362041,-0.3006076754192914,1.9335079315135093,2.207294370267388,-1.1622730872395513
0.005217500684950568,0.011859401001332813,0.0029454053624500594,0.007582972006499878,-0.30250405613803566,1.9531089891572784,2.1927737253993596,-1.1822780884841004
0.005226874684510382,0.01187983576527295,0.0029789703766808784,0.0075709557559633855,-0.30525164037397573,1.976765564835352,2.1845430888713397,-1.202720148194684
0.005151368342326313,0.011801319301968328,0.0028092471642572436,0.007574191996483994,-0.28843152155119894,1.8604638787656331,2.1817158931542067,-1.1182722888462349
0.005074604797762054,0.011632078362588331,0.0025319575158872236,0.007656964446895147,-0.2604264821018944,1.66788643941581,2.2353695966526703,-0.9511379600726787
0.005050842094683009,0.011610813027224798,0.002484160876303034,0.007651136153029051,-0.2546656903724505,1.6360031184955626,2.229364717651874,-0.9289505818902494
0.005067837401215451,0.011663994665496983,0.002564716376417853,0.007620383749775723,-0.2632938526087571,1.692162638206286,2.208962522898806,-0.980510463681502
0.005087312715143522,0.01168189721190287,0.0026046179254164106,0.00762407325081977,-0.26793133876744757,1.718892968842667,2.2130871729265444,-0.9992959460646756
0.005103200517108173,0.011698098820393518,0.002639269668850385,0.007625417403271458,-0.2718252421675499,1.7422700261842483,2.2152079520878765,-1.0162292126857888
0.005108284469693152,0.011721305067174875,0.002672037014576714,0.007608473221615601,-0.27502785269993146,1.765406624482208,2.203469089911888,-1.0384658587509312
0.0051200027909257,0.011748730230548031,0.002716105840176847,0.007594011902114569,-0.2793295126626982,1.7960791748912788,2.193905378697672,-1.0653860257685877
0.005134557430970862,0.011775702860547257,0.0027623420582858775,0.007582479330249207,-0.2838047892656506,1.8281121096030277,2.1865871860822264,-1.0922701565530366
0.005343092861287415,0.012156150843263068,0.0034097554175985087,0.007370814774954402,-0.33063478285702336,2.282481367685342,2.0375789566411,-1.472197848218762
0.005348844572901321,0.012177521396915877,0.003437988242540813,0.00735012506163811,-0.33131619120867845,2.3025017197122892,2.021494486128279,-1.4914100361063454
0.00529027290984032,0.01199012460142717,0.0031731580530398222,0.0075144889185675265,-0.3202035613279072,2.113583631714827,2.146234517237293,-1.3155528441624806
0.00527404354824005,0.011970944849493995,0.0031335853960568496,0.0075195489001787935,-0.3170352597915396,2.085869773339544,2.149106158343257,-1.2947582499327803
0.005264345761987896,0.01195407689547534,0.0031039800351820826,0.007528496687248509,-0.31487882206197443,2.064974355279895,2.155271599005835,-1.2775156485889716
0.005244554343380266,0.01194382835463308,0.003070550213939629,0.007519474669761772,-0.31136639288079815,2.0421762847308966,2.147165529983574,-1.2641898557018199
0.005306624269472785,0.012061897244346677,0.003269310968161462,0.007447836304462032,-0.3246082129108603,2.182627889876802,2.096032003567387,-1.3825014922662973
0.005293742237731255,0.012028487812030987,0.003218761227531081,0.007473841115019726,-0.3218754421103967,2.1466353057879997,2.115348632011234,-1.3502487657982714
0.005292921928336622,0.012046711356365796,0.003237214139920125,0.007451809797824739,-0.32229776019622475,2.1600912526956177,2.0984132826426602,-1.3658397035267533
0.005276664143315311,0.012012913320142225,0.0031823342700884327,0.007474442296293369,-0.31889555445178136,2.121210957941115,2.1148988492624636,-1.3324674866101167
0.00529578106825759,0.012084615102289966,0.003280205367059219,0.007410174791555119,-0.32333982391458926,2.1909811983727536,2.066384452373685,-1.3988849408441801
0.005317461814204346,0.0121498667970046,0.003372242050825422,0.007353396693761941,-0.3270099566515106,2.256180058558863,2.0230530450123605,-1.4591382584292436
0.00528711984900892,0.012106570793650812,0.003292416718461674,0.007375640223428017,-0.3225137293290483,2.2000289924043277,2.0393514865100735,-1.4146716606528178
0.005295415991018628,0.012129413728255508,0.003325300211951584,0.007356552714619725,-0.3238295000763666,2.223211674476516,2.02481626532374,-1.435800078300972
0.005227639143729997,0.01192182469314633,0.0030273964172030936,0.00752624850932477,-0.3077524339815842,2.012109877144215,2.151215124439999,-1.241006498599331
0.005216835767004822,0.011946073711897202,0.003042465270879645,0.00748863177581485,-0.3075537979247121,2.023876054632004,2.122437230927123,-1.2602476094036448
0.005967797871902609,0.013139829995213946,0.004987740512627189,0.0064074891415033105,-0.27999616947857126,3.344335652775761,1.1817012774687188,-2.347624343865538
0.006035260854915633,0.013226093052703442,0.005121186924481716,0.006295754000946057,-0.26469740196595165,3.419440491205181,1.0722826573518793,-2.407368260326599
0.005993074808483202,0.013167445253021555,0.005037287639242931,0.0063743413761467365,-0.2751059824517232,3.374727817279368,1.148131398625589,-2.370293671016056
0.00597735284935171,0.013155589490097333,0.0050078162823870365,0.006386039904384313,-0.2774912540007744,3.354627997255758,1.1615806511599562,-2.3568633269039885
0.006026998628360949,0.013214693388893674,0.005104975746779539,0.0063111956119786565,-0.26678470799103676,3.4109837072858142,1.0872334186871102,-2.4003468171792064
0.006019646271060119,0.013201824264931744,0.005089934054887704,0.006329515111917363,-0.2690053069844012,3.404198070006545,1.104302126566196,-2.393851780686459
0.006006332390043567,0.013194867887868321,0.005065808301426375,0.006334587348008888,-0.27055404242874603,3.386580910360736,1.111816558149039,-2.382939268132539
0.005992728601198743,0.01318566054171812,0.005040741098293355,0.006343218358415637,-0.27258437172563443,3.3692555868753638,1.1222831298773503,-2.371641298484442
0.006063492059623167,0.013235254668393726,0.005171379621702894,0.006293756154306802,-0.261792659179459,3.458601413330453,1.0631971829892384,-2.430154875251447
0.006085681381405046,0.013260597913359857,0.005213644171393041,0.0062603221182391,-0.2566849361400085,3.4824458505478924,1.0293852884419794,-2.448284631437906
0.006074129433223493,0.013248143240514097,0.005191807508189429,0.006276520815623525,-0.25925480793717487,3.469839690958668,1.046003821259218,-2.4389238944167384
0.00619853667912842,0.013361068394596741,0.00542060557454689,0.006131616345699809,-0.23310961825759166,3.6074237056018705,0.8892225230993817,-2.5346779384557023
0.006190648452726303,0.013347326391918593,0.00540611324193029,0.006153006975494616,-0.23575469407608335,3.602866659135066,0.9093161814405368,-2.5296725494552015
0.006175543685933631,0.01333761919025916,0.005378811438989211,0.006164192389400454,-0.2386065452771971,3.584561807994447,0.923368319282905,-2.5181190666672673
0.006098641635070567,0.013273236714060114,0.005237852410123683,0.006244289858403209,-0.25393805527329705,3.496950851138312,1.0124594907585391,-2.4586573083391556
0.006156559864395227,0.013329679096969875,0.005344747131720474,0.006170459030229512,-0.24132462651234896,3.5593146637923,0.934460797395284,-2.503175915337575
0.006141799141101519,0.013318498225686584,0.005317955277174969,0.006183985852250225,-0.2441989906522115,3.5421911064707565,0.9500762428049917,-2.4918912192926848
0.006115060728737097,0.013288029382119907,0.005268243113648636,0.006225851591038495,-0.2506719630705936,3.5155640052148334,0.9925085788039406,-2.471621162242457
0.006128032943703617,0.013305973018242238,0.005292740427606627,0.006200096908196024,-0.24699266455513127,3.52708814474698,0.9674744469598725,-2.4813741707293375
0.006043770298737619,0.013239626622801122,0.0051380710689185516,0.006276673633010244,-0.2622916623402869,3.427344233445939,1.054249214561018,-2.4145253860137603
0.006204132858122171,0.013394142900100083,0.005430986569813514,0.006074902357827947,-0.22779985237031872,3.5965269274959937,0.8412548948418425,-2.534847580562999
0.006191513017788712,0.013379987767930465,0.005408509783065909,0.006095309957685508,-0.2310090955477712,3.5855013941497975,0.8619599396148657,-2.526482389749727
0.006248671931177178,0.013444776116149033,0.0055089240267832025,0.0060002206666203905,-0.21612019909143673,3.6326274293273535,0.76583649099967,-2.562512466425673
0.006250293483930498,0.013463791125954685,0.005510714098926153,0.005966903041393727,-0.21333770781952732,3.6220815698341347,0.7388038057342367,-2.559852830091103
0.006253727887108833,0.013486666269944618,0.0055151561719443565,0.005927418628137816,-0.20989420290243047,3.6112596704223714,0.7065298446348436,-2.5574702499441853
0.006228933022012988,0.013436561464299347,0.005474190679900633,0.0060083264670459996,-0.21930520299449288,3.607845468775911,0.7792726843624239,-2.5479965987956708
0.006212152728788847,0.013426423659083168,0.0054448002113374186,0.006020595587241605,-0.2224502171289041,3.5888264983127662,0.7948680992993271,-2.536204230929276
0.006198338270026525,0.013414335553354258,0.0054206352402164475,0.00603711723639783,-0.2255005695838095,3.5753941808901417,0.8127584765962341,-2.527031833622851
0.005904283025865282,0.013084665065044264,0.004865847437269882,0.006463782302462295,-0.2893273547572426,3.262784154807852,1.2423422282557648,-2.2909167724067068
0.005947729544089061,0.013140579635780096,0.004954158591407509,0.006395193599916381,-0.28054560740929846,3.3149701018097173,1.1758854413586397,-2.3322959329786372
0.005910587098523878,0.013099676846946746,0.004880848972239392,0.006442543736803531,-0.28712835588169533,3.269464585219795,1.2232985567526835,-2.2982355021970586
0.005918865094107499,0.0131183784914305,0.004899992832403778,0.006416206277839433,-0.28434415901652915,3.278037856728466,1.199609991584701,-2.3073886016500453
0.005928520296404298,0.013136376638393807,0.004920973844937552,0.006391652875454132,-0.28157377945674594,3.288332283460742,1.1771331889036318,-2.3171815556054445
0.0058906740888784,0.013077333590473831,0.004841050467703399,0.00646792583659674,-0.2905025445389926,3.244533878420517,1.2484716116688983,-2.279456189047155
0.005875714256050022,0.013067676651115807,0.004813327901010936,0.006474976312720252,-0.29201474517025655,3.224743022015502,1.2572475830707261,-2.266575293014536
0.005857220056781358,0.013034137520592301,0.004771608671083509,0.006518730036518843,-0.2967529494023949,3.2021398214142205,1.2973565565770147,-2.245922303695855
0.00585319334623895,0.013057345520751067,0.004773089903615969,0.006478450525653643,-0.2935210497452771,3.1946679053275564,1.2644332925641546,-2.2480894765922734
0.005839508757303869,0.013017322860804842,0.004736668094324489,0.0065351601252301,-0.2990359615602512,3.178709025588265,1.3142801516696467,-2.2291621295075204
0.005821512025208034,0.012993403266197127,0.00469841099324012,0.006562550153432733,-0.30215502020059765,3.155056375284207,1.3402982106571744,-2.2103087351820254
0.005798346275177574,0.012892899741215925,0.004617654121505998,0.006708993652371512,-0.31529720651182086,3.1206313342786807,1.4677405163140727,-2.1628961804603857
0.005781735139871302,0.012878916303471969,0.004584342436639021,0.006719708399869192,-0.3166973515638863,3.096777038744062,1.4791256877319574,-2.1464019653862416
0.005767123753789186,0.012862708381325007,0.004553099562276216,0.006735130703391192,-0.3183276506441188,3.075344627268262,1.4941476173136758,-2.1304057508632686
0.005753475970722298,0.012845488526070805,0.004522773942228365,0.006752580890550314,-0.32009863910670006,3.054907113950108,1.5106768386842708,-2.1145476423074965
0.005726806628536513,0.012798752961917587,0.004455992101102782,0.0068063436464981236,-0.32480304243057007,3.0121478203944836,1.5594303513911798,-2.0776108522875494
0.005732090452273793,0.012812390775170872,0.004471701346835669,0.006788956486826313,-0.3233888757401153,3.021529319307783,1.5440581450907507,-2.086898081335016
0.005741245893406371,0.012828690777789949,0.004494766407240085,0.00677013775825988,-0.321736754664699,3.0362529886762175,1.5270398521198871,-2.0996820334471837
0.005667600208227628,0.012738489121849477,0.004329993671976139,0.006854222420892268,-0.32868392369593386,2.92309063371698,1.6058089655067658,-2.0127813817891327
0.005682076561000551,0.012752947951136101,0.0043606852394589566,0.0068432903911750135,-0.32790190228669674,2.944840988748376,1.595254272958545,-2.0285474709240714
0.005698894331131135,0.012762442376898608,0.0043920896299475065,0.006841581490342107,-0.32771394163825057,2.9684623746434577,1.592170064915022,-2.0434916634762197
0.005714240474666384,0.012791058052771693,0.004432150799779346,0.006808910820338117,-0.3251092181972491,2.9942995728111,1.5629622554954639,-2.0661371662878323
0.005700903585605349,0.012781069732670248,0.004405873970352854,0.006814353278262205,-0.32573411817724146,2.975104930981455,1.5689616435317963,-2.053208516486569
0.005790787016538967,0.012912582218490034,0.004614692125815654,0.006672185199811735,-0.31253073036240947,3.111723344669936,1.4375624340091113,-2.1644675193914007
0.005784233075667361,0.01293371138813633,0.0046137197211477835,0.00663397564356126,-0.3095175251997229,3.104007842418308,1.4062099092642504,-2.1668499656948694
0.0057999043490134005,0.01297790132555407,0.004657486381711793,0.006573645733908201,-0.3039207238234351,3.125997855477466,1.353116854751991,-2.190883370152083
0.005782890875262205,0.012958042879967026,0.0046220903657338145,0.006594313508807457,-0.3063347545658957,3.103035732185081,1.37307564141805,-2.173385036096161
0.005535666458236275,0.01248865753840859,0.003962412331723556,0.007111798440310883,-0.3413160272363995,2.6739017131984504,1.8290675957297367,-1.7972185621456944
0.0055355650060934574,0.012508899873114569,0.0039780405381050245,0.007083069772504306,-0.33988725288926563,2.6834823073130303,1.8052960431596445,-1.8102794563578395
0.0055249831068401685,0.01252846469821499,0.00397799252988362,0.0070462230623454586,-0.337242497495118,2.6806856277813353,1.7750847761337714,-1.817267255162785
0.00565594140950199,0.01272244585287502,0.00430257961811999,0.006869522599701952,-0.329695600967194,2.904379200666225,1.6197235255659919,-1.9979251559904385
0.005646841569434791,0.012704539415560163,0.004277743740591034,0.006889429936985678,-0.33115162819147587,2.8881725281257484,1.637222696198455,-1.9835851838432041
0.005644831433913297,0.012683764599850733,0.004261541996004283,0.006919109976619923,-0.33313651931626526,2.8794790443261733,1.6623400111746813,-1.9717408698810142
0.0056271808541900935,0.012672893454904606,0.0042280671530434575,0.006921241026628759,-0.33301313353573064,2.8545452978379324,1.6654414752957527,-1.9556943721770639
0.0056131065886790895,0.01266030805343861,0.004198890257137336,0.0069286340018636745,-0.3331985317071749,2.8335456904603213,1.6726018586732028,-1.9409033270282223
0.005598196323294402,0.012657003043878151,0.00417467558501633,0.0069215011841959415,-0.3323199697120875,2.814714657027125,1.6675985950815118,-1.9306441464372213
0.005588646956778665,0.012639211327806408,0.004148772061743202,0.006939927557561365,-0.33331920364851303,2.7974006179641573,1.6836041361283802,-1.915689949306668
0.00556786789966758,0.01262036130496746,0.004105641755803014,0.006950485392802823,-0.3333145172492793,2.7665326585955268,1.6936516814671336,-1.8938377795195216
0.005552019089782085,0.012596814284021148,0.004066367878000917,0.006971486068883302,-0.33405793375359233,2.739589319776433,1.7119759621314263,-1.8720445013169549
0.00553099890913179,0.012576287006502365,0.004021694268705535,0.0069834385103246036,-0.33387786252811824,2.7078361909360993,1.7229183132117372,-1.8491183282261312
0.005512914608138274,0.012555869536115089,0.003981282200533116,0.006997276283047264,-0.33382133300755096,2.6794301896810153,1.7351401206178405,-1.8278089785842428
0.008135880662372278,0.014761166998998668,0.0075404114018785265,0.002951884034734912,0.17884571710276592,3.255936007606788,-1.9927028310098245,-2.066969809520938
0.008110094027611895,0.014763166671522701,0.007505411195499293,0.002977509132328989,0.17356157828413135,3.254453880558519,-1.9611788784728643,-2.0764863078751934
0.008076857015655662,0.01475146622911523,0.007481742683999944,0.003027757764315597,0.16939237480954303,3.2789946694663015,-1.924198942774871,-2.1022794151003095
0.008089788698754452,0.01476358851112541,0.007479504509552812,0.002998800475642761,0.16949192909032573,3.2550840779480352,-1.9367708164163413,-2.0847476935431826
0.008031893571187798,0.01474357500168916,0.0074366310251327925,0.003084946138183599,0.16205785033416917,3.29524222266575,-1.8719166230785318,-2.127880284632725
0.008055128610883155,0.014753046961166243,0.007451949127501078,0.0030487015038451015,0.16481972151043636,3.276762502540423,-1.89774903057803,-2.109430218378256
0.00816621952700492,0.014785833711385525,0.007539051753066205,0.0028882573784502694,0.17977992336639023,3.2050082238978335,-2.0215658704138266,-2.0283323938639204
0.00817907737627771,0.014799041137334023,0.007533872964622166,0.002858088995441183,0.1794387301780256,3.178130258671141,-2.032540084366078,-2.0091930421949082
0.00814334268595321,0.01478709010933197,0.007509374816576771,0.0029119550239122115,0.1753010544111406,3.2055064626644083,-1.9940631468035421,-2.0378390373119895
0.006521542533711446,0.013727387884951413,0.0059433136812956705,0.0055471335380465475,-0.14306993966574835,3.7931150645968725,0.30570608262455495,-2.678834268228012
0.0065032441995814295,0.013720589433406503,0.005912679565871563,0.0055578457448821885,-0.14687906189101782,3.7737998487234763,0.32238668161500256,-2.6683755029175167
0.006487791777199658,0.013711278085491404,0.0058879807307174875,0.005573117943002117,-0.1503978224970313,3.761200331074665,0.34082890258481086,-2.6611924970199294
0.006473890231707434,0.013700616703990108,0.005866403930008875,0.005590789226590078,-0.1538160696533861,3.752066372325659,0.3601872388251357,-2.6556694197257467
0.006463860994492157,0.013687967046070712,0.005852253043555352,0.005612324126032447,-0.15670863430491289,3.7503926933247222,0.38049312411537123,-2.6538453049137463
0.0063735246725752925,0.013597198630608234,0.005712906222355828,0.005760549200217631,-0.180737053689144,3.703016797562345,0.5307925984287459,-2.6203866932137574
0.006393505070492475,0.013619488393728736,0.005743947239244537,0.005724463622464254,-0.17521482158522617,3.712743190760795,0.4950803911263942,-2.6278885472512257
0.006382000670914482,0.013608286703472711,0.005725785621210809,0.005742367057417533,-0.17826252506130913,3.7057824651128044,0.5134633929287861,-2.623047644476612
0.006389329707781069,0.013635458677666305,0.005732857325523921,0.005695195976664706,-0.17387931461532835,3.6918331424772015,0.4750153567412842,-2.6184073426083545
0.006447928009287489,0.0136835274989503,0.00582500349500418,0.005618289168869125,-0.1596888735830673,3.731534505981152,0.3922655449184489,-2.643613811024622
0.00642950937522218,0.013673733612803147,0.005794840799504915,0.005633308095593482,-0.16370502554253455,3.7143616985963632,0.41162553692695597,-2.6337762730484973
0.006397015664059355,0.013650133553504175,0.0057430510547737046,0.005670391612518416,-0.17120806972486524,3.689491641997179,0.4532677734810118,-2.6185574979831387
0.006412690594211162,0.013663460375234365,0.0057676021913269935,0.005649156148805624,-0.167183583173406,3.6997405645351393,0.43078043172833985,-2.6251771496514813
0.006521079839571753,0.013745764166639182,0.005935964832956115,0.005514033301563603,-0.14130815051719448,3.7721802157339197,0.2824463084336037,-2.6690366542417974
0.006527834676864887,0.01376335645418169,0.005941639740503279,0.005482964536208432,-0.13862244232655813,3.7624149333131447,0.25731923167473053,-2.6648715587955993
0.006546371455492246,0.01378711254561775,0.005965662486490792,0.005441439507635233,-0.133002075911538,3.7618356252405847,0.21910706182597064,-2.6656231652504156
0.006552941216042621,0.013803634771345875,0.005970772565971019,0.005412251914987804,-0.1304803137341093,3.7521765065047257,0.19573383339532413,-2.661231399944792
0.0065249563043006525,0.013782641639224961,0.00592930212328616,0.005448466101922255,-0.1369980942964222,3.736857898076584,0.23477921003980748,-2.65248056010114
0.006669457164708684,0.013892586173340231,0.0061372165395015684,0.0052518939725090035,-0.1016993681322501,3.802658327722997,0.02602840436192125,-2.6881992431665833
0.00660632926356541,0.013849260301429923,0.006046002950898154,0.005331477240831896,-0.11694709959377246,3.77174553598412,0.11324340699878306,-2.6724065823572563
0.0066216126020885585,0.013856834466056978,0.006069659524199799,0.005317674120000427,-0.1134561839941057,3.783258551633268,0.09577194342029556,-2.67835821370377
0.006630207091069754,0.013871463853525834,0.006077989553547786,0.00529142830359624,-0.11084163226629172,3.776772724284475,0.07376077530907972,-2.6751591070907197
0.006648332501795118,0.013882989362704561,0.0061045286710181825,0.005270173788182661,-0.10647387980896407,3.7866562770122596,0.04981395542752539,-2.680183585927763
0.0065887906500851,0.013855986681087713,0.006011944666990844,0.00531984309277423,-0.11952422610743363,3.739837736136931,0.11487163736357052,-2.6561499993415523
0.006572462342221803,0.013835257626921619,0.0059922029271856515,0.005356512931631161,-0.12412422306960123,3.742245030671316,0.14784501435376926,-2.6570129869463694
0.006551116837158044,0.013823468497626015,0.005959470605800633,0.005377103204204683,-0.12886517607397807,3.726881869376765,0.17277326582201605,-2.6487537732335973
0.006320724305586476,0.013549852499365883,0.005626879152794923,0.005833369769798377,-0.19369825388003262,3.6639502322091495,0.6079561508233436,-2.5941141998180055
0.006359473155424821,0.013593052887233522,0.005688609320649012,0.0057650838502604,-0.18309404727301248,3.685612273226663,0.540130505925308,-2.610712413304853
0.006345094123865647,0.013585868323940457,0.005664329228410948,0.005774841711306537,-0.18613287824816047,3.670415039173599,0.5534587292014304,-2.601826685340684
0.0063145907109776606,0.013577603872628519,0.005611696039617315,0.005782717126378786,-0.19084814654177262,3.6322798594388916,0.5717481335418917,-2.580539560068999
0.00633019675631171,0.013588288426358284,0.005637470136117041,0.005767312050835891,-0.18747007704840893,3.6463650908072553,0.5537852377277351,-2.5892742040433965
0.0075989751807340675,0.014500162010026588,0.007164622611266629,0.003822462847135591,0.10338373183802697,3.6687392165694708,-1.3380520436633923,-2.4698078620174844
0.007579093059016897,0.014497300507921668,0.00713788700438293,0.0038421663998985493,0.09901968309602537,3.6645135526453125,-1.313413864811861,-2.4729117233351605
0.007561153180283162,0.014490941234217526,0.007118317798803077,0.0038654950851944284,0.09543171312101674,3.667717763895553,-1.2902373055233747,-2.4794748988406003
0.007545494267169328,0.014483371760714,0.007103557553874832,0.003888805893721477,0.09256008594363631,3.674138142334311,-1.2693832764075734,-2.4871422047445937
0.007531305949008896,0.014475906123424316,0.00709076657382651,0.0039107616286349935,0.08997850817713161,3.6808808962189246,-1.2502478321081314,-2.494555716514151
0.007403995966723383,0.014405634581484512,0.006972830086548262,0.004108628053117223,0.06583071884938606,3.7362122643386892,-1.0753016407899019,-2.5561138326502046
0.007419628474345563,0.014413956500638906,0.006988341990874332,0.00408524502056713,0.06891160682261345,3.7311069344175323,-1.0968182596696108,-2.5496998950143808
0.007435718094840514,0.01442297905098234,0.007003593561134682,0.004060319907677233,0.07201725689753515,3.724648613383587,-1.1191522084165009,-2.542365065908754
0.007492213936655718,0.014448703766195075,0.007062574385944065,0.0039811245054994625,0.08332114052832863,3.7108750704955495,-1.1949427563649562,-2.521027729753165
0.007503374981631453,0.01445845209324947,0.007068414706895167,0.003957998839802816,0.085071869205933,3.698697700792698,-1.211530011128443,-2.5115121852675615
0.0075171534983241,0.014467827795596884,0.007078609486336709,0.003933547903304096,0.08742119734732316,3.6885635447013345,-1.2309291506532583,-2.5024278615384943
0.007452987061513209,0.014433841673646758,0.007018372389540495,0.004031571905462828,0.07519479924020035,3.715124203657561,-1.143528461730346,-2.5329952957006454
0.00747337654896427,0.014446867175784901,0.007035245788595968,0.003997153436153702,0.07900230646640509,3.7030035685444314,-1.1722453086207067,-2.5213539822381885
0.007638760493322114,0.0145453616519085,0.0071672074791627885,0.003722982581845121,0.10735902885382732,3.598718551811224,-1.3961606563721742,-2.4202640820215033
0.0076042888658010965,0.014519365917552601,0.007148531869402918,0.0037892117158899855,0.10246379105638091,3.633791267236585,-1.3492013734697716,-2.449156523990063
0.007618663954277856,0.014535986806996824,0.0071491558734828,0.0037529706436878816,0.10373566368544314,3.608197787015549,-1.3702070584101724,-2.431082591160136
0.007945570951327158,0.01470893588696911,0.0073754211950076915,0.0032172756125377904,0.1507990677085869,3.358428744451832,-1.7736833365596587,-2.192619602840917
0.008003957058136864,0.014732601598873844,0.007417067225502116,0.0031277513634538475,0.15851310644181568,3.316012384627151,-1.840448991702679,-2.149154470426828
0.00797512439487283,0.014720761089693373,0.007397035875981978,0.003172314697473259,0.15477234149062816,3.3376561755168828,-1.8076879929436411,-2.1710677437352017
0.007915244844567059,0.014699242890303776,0.007349091725036104,0.003259817949151576,0.14615000314536988,3.3741691040146304,-1.738196623623624,-2.21157274532727
0.007920646737867437,0.014731039045353056,0.007310850380468145,0.00321250416624045,0.14223408810203428,3.314379678537613,-1.7414850029048747,-2.1775150846834435
0.00788607916408518,0.014697264100755779,0.007312849870567454,0.003290465620846221,0.14035121213259585,3.3743995746967985,-1.703355104432534,-2.221560492291474
0.00786704062826411,0.014686916442623675,0.007301745389354393,0.0033223918161082557,0.13810693455167852,3.391320183280007,-1.6811677104092388,-2.2370439406566103
0.007846582874459967,0.014686759365463929,0.007274231807995565,0.0033416935450059117,0.13386567253322554,3.388281580526171,-1.6567200041762724,-2.242113845780995
0.007824408645796402,0.01467835645348776,0.007255627898373943,0.0033735246517621587,0.13050699308900102,3.4001354176498473,-1.6305934506846784,-2.255657456227068
0.007804924831341228,0.01469068324586891,0.007212178503953627,0.0033743264720170543,0.12494804910443358,3.373325499615425,-1.6076027356973008,-2.2470444924046657
0.0077813677708149925,0.014684803872753527,0.007187934363101564,0.0034033380810666734,0.12076947007498606,3.379365639894398,-1.5800603083588596,-2.2575861301114895
0.007761526608083422,0.01463929703506241,0.007221574619476917,0.0034839398499742174,0.12268078474465495,3.4600579121936867,-1.5548774356926534,-2.3080462620976268
0.007764658461590354,0.014667564662899951,0.007188041769210956,0.003441772544902999,0.11973220944084076,3.4075630938795833,-1.5599692595865626,-2.278192704814821
0.007733191983121213,0.014633331279567141,0.007189613774899204,0.003516933727532382,0.11741712897068246,3.46358679565412,-1.5208580881883378,-2.318512588471604
0.007644274638722705,0.014569723063843746,0.007144249686622447,0.0036825538539109744,0.10593428598849382,3.55407734527818,-1.4073879923397727,-2.3940830472170798
0.007653750856778947,0.014592629087409353,0.007128814129818415,0.0036414743855836943,0.10521982759063882,3.514266776915212,-1.4225091350386925,-2.3693685329717593
0.007679348258529927,0.014604042607534912,0.007151133842627335,0.0036040538236982995,0.10966580248685799,3.5018308518780974,-1.4542864635768977,-2.3552735826937776
0.00770536163697064,0.014623519594799045,0.007163051908650293,0.0035544976178906256,0.11265353368083784,3.4737559966524496,-1.4871321159039648,-2.332291192393967
0.00719006189621714,0.01426585873589942,0.006768096644446274,0.004458244171852614,0.022113799193995604,3.8209786478616463,-0.7622749060443128,-2.6461306755805176
0.007385752639680918,0.014417006629761498,0.0069311318978901885,0.004102152465807269,0.0606911181063448,3.7026414933010714,-1.0599271230373952,-2.541549870753484
0.007375122568171881,0.01440537075761419,0.006927078389983292,0.004127307725831922,0.059114878571238906,3.716822980256475,-1.0426796171478143,-2.551794587960031
0.007359949929416103,0.014401039487551982,0.006907613792443424,0.0041435926424941505,0.05565315039340168,3.7141547261517185,-1.0237504672935474,-2.5536144907368343
0.0073474525120560685,0.01438999875294616,0.006899600098824854,0.004168843073030888,0.053619380532821684,3.7254488405845576,-1.004544990456829,-2.5625812987628205
0.007310276455016285,0.014350602761374669,0.006881548831529263,0.0042544358636859405,0.0471229957340292,3.769900619925291,-0.9429642832621986,-2.5950463443858602
0.007328273864728713,0.014385391043796842,0.006873769672533377,0.004187674441864096,0.049272380591330545,3.71986451381698,-0.9811335115150149,-2.5635253615673186
0.0073154751210265335,0.01436736713436392,0.006872289716759084,0.004224209338512456,0.04741528674015733,3.7430936686941885,-0.9577015573730844,-2.579121586060602
0.007287158332018329,0.014331664165520758,0.006863526438635983,0.004298497204760276,0.04264727825814319,3.7862100153248295,-0.9070346931485823,-2.608745422063556
0.00729426823735331,0.014347454338937589,0.006858744028648553,0.004268681194921694,0.04334354857514845,3.7630766873642445,-0.9237757586889433,-2.594499563023493
0.007261436356504936,0.014313876883988334,0.006839429948686404,0.004341868025485835,0.03735200103181927,3.7974286084627984,-0.8686574351002428,-2.6200023723798314
0.007269996047663826,0.014329322151312194,0.006837758402126361,0.0043118059434295265,0.03843359375006026,3.7764974199730483,-0.8871264512308139,-2.6067433142845946
0.00723557103059533,0.014293555835773616,0.00681701353066124,0.004389205627311873,0.032008400259933595,3.8120849360836506,-0.8283363384985066,-2.6330129825101634
0.0072442141090544865,0.014310374592592972,0.006814503984519829,0.004356813319171027,0.033124483442389725,3.789214423024569,-0.8481314763451626,-2.618733339008295
0.007201256052602569,0.014276932068984624,0.00677613766072194,0.004434248480501891,0.024299071409166165,3.811470538263702,-0.7813814046058708,-2.6389188029009385
0.00721593689442979,0.014287102538196553,0.006790705415908266,0.004409971196838816,0.02742695645463745,3.8064399167453975,-0.8034490963397388,-2.63350897410526
0.007111046641412353,0.014195778075633065,0.006699179170957743,0.004612753450705561,0.004869603583924694,3.8677717641414344,-0.6307314563850334,-2.6847595910372912
0.007094020766696466,0.014190719848112671,0.006674477690035285,0.004628432968974634,8.038185417460958E-4,3.859092483320213,-0.6099781151593667,-2.682572308271094
0.007054950938785921,0.014180198370835914,0.006616627858417,0.004661781025290656,-0.00827160983697067,3.8365792734655435,-0.5639082204186247,-2.6758452463662916
0.007075224141129041,0.014186487257054925,0.0066459575842587855,0.004643185707901016,-0.003567960234752868,3.846979324456317,-0.588360916247407,-2.6786797667947924
0.00711192906213374,0.014212448375878142,0.0066857103284209156,0.004583887916030382,0.004749161675390633,3.83977771461952,-0.6444816932726867,-2.669283403325718
0.007125389733202728,0.014224129899861465,0.00669802035230997,0.00455827944952233,0.007684347955250609,3.8328949424814667,-0.6666877046559223,-2.663415169187379
0.007174204703880288,0.014261744301975039,0.006745420316871872,0.00447271406004304,0.0183760454543217,3.8136311963935934,-0.7431005210423436,-2.644816303069884
0.007155311322643725,0.014248585135928775,0.006726049713069921,0.004503614561987611,0.014273853409352876,3.819070206998084,-0.7146382157440465,-2.6509858986001356
0.007131798062484634,0.014245114998874405,0.006689671885827908,0.004520016562358249,0.008801041055929312,3.8028026664926586,-0.6885341626883398,-2.6458110341199474
0.006809805684777632,0.013995151850396917,0.006327217625196106,0.00505289208621178,-0.06720181428386124,3.8441262408259402,-0.1821703998330916,-2.7047292905876876
0.006839236171186205,0.014019035173771684,0.0063636053845728445,0.005005118990982074,-0.05992932439892897,3.845674438130235,-0.22918929073195313,-2.703615330911857
0.0068274977022809566,0.014002580148034377,0.0063537252316821615,0.005036483365507866,-0.06277980149832196,3.855407546638621,-0.2032733602732339,-2.7095606403072567
0.0070330377378528645,0.014171002668669375,0.006586830236432892,0.004685661575633855,-0.01338546167043494,3.828894373743998,-0.5357658606900948,-2.6746016495356035
0.007034291539859344,0.014198106517248524,0.006566244237951349,0.0046389863454194885,-0.013148499496283978,3.7855128472452066,-0.5590108618451827,-2.6506040424591952
0.007011159709513929,0.014163504477687858,0.006555514758994405,0.00470628720607419,-0.018430533190631804,3.8180391549264727,-0.5093184475266347,-2.6714918540906893
0.006990637689870154,0.014153763811832618,0.006528203771675467,0.004729974635023944,-0.02311089432717049,3.811906239396063,-0.4824743890396285,-2.6706766236790567
0.0069574946786480005,0.014124647253043271,0.006494068923960751,0.004790659861399295,-0.030799182337367868,3.8222087442327166,-0.42774194226768186,-2.6801429894443167
0.006971133851684863,0.01414230714908594,0.006503797871562367,0.004755995582773668,-0.02772154636550035,3.8091655368712263,-0.45523617072494066,-2.671483137416795
0.006935934544461345,0.014119890322215157,0.006460489661347091,0.004805302199219122,-0.035955926488642105,3.8057296794346143,-0.40482646809203987,-2.673511706741252
0.006923052387039945,0.01410650074742629,0.00644829985372467,0.004832087598647676,-0.03877940826569187,3.8120584329467198,-0.3817812965454573,-2.678275814190078
0.006903287263148675,0.014098117539177894,0.006420287807691108,0.004851980053165956,-0.04345843126998263,3.8025273538833777,-0.35744445449313483,-2.6750880258166183
0.006870143372044196,0.014061833743190574,0.006388616739366886,0.004923291422842407,-0.051605578719195126,3.819049945458054,-0.2960559519055779,-2.6870055156328454
0.006885027212794741,0.014082942919874051,0.006399599941231693,0.004882976016144663,-0.04789558183405746,3.8046467286581316,-0.32825861803369677,-2.6779354515963227
0.0068327847891246326,0.014046147987602595,0.006334218776027141,0.00495892834397573,-0.060064243061671,3.797888779087106,-0.251373016512993,-2.678608342829787
0.0068494910073822884,0.014061680597165355,0.006352774037923248,0.004928294937116989,-0.056114585080358416,3.7949278971829257,-0.2795413048219429,-2.6757150237104685
0.0066910543802877675,0.01392839972765833,0.006156665874657455,0.005186780225848438,-0.0950454787502573,3.7844538609492275,-0.027810482679496495,-2.6785337128147213
0.006669598882568597,0.013917112647977755,0.006124818563041967,0.005208481384775573,-0.10005860620947211,3.771154725838264,-0.0017159599561465306,-2.6720933850995934
0.006790290440204956,0.013984261638188151,0.006299578410187656,0.005075476781764096,-0.07175790075234735,3.8351684001253052,-0.15625715284058747,-2.701138537941159
0.00677276258730709,0.01397561976260533,0.006273903171327896,0.005093507397386628,-0.07596660024367333,3.825238887642732,-0.1344454548769599,-2.6968228882513157
0.00674219640113832,0.013958925736271463,0.006229834232606864,0.005127268449352314,-0.08304287424618818,3.809428722522743,-0.0951422631431421,-2.689912460654354
0.006752101923083468,0.013978510472229602,0.006235757477461929,0.005091431674572072,-0.07991062677160045,3.7950262781935336,-0.12297810981557973,-2.6819400291840627
0.006718536167960439,0.01395482527943298,0.006190490190433903,0.005137386449383844,-0.08803251088280518,3.7847443598734642,-0.07470030453384775,-2.6779005065947716
0.006693480076790897,0.013953738389291767,0.006147160749384608,0.005142036028397732,-0.09296174286719722,3.7544085045298097,-0.057010537219794134,-2.6628407883220557
0.006294459432371034,0.01353809017069843,0.00558186028350005,0.0058476940409765725,-0.1984182735328557,3.633997894482451,0.6293086006903562,-2.576637735234654
0.006248682771658136,0.013513059398248992,0.005503980615709974,0.0058794849799545966,-0.20699757753404224,3.584853754502953,0.6711401259446427,-2.5470053032998177
0.006270763948878737,0.01352688422583309,0.00554136260263705,0.005861261756932411,-0.20272646711039957,3.607317060355886,0.6488243694759844,-2.560905365684645
-0.005343999070358175,0.012023619000468928,-0.003272285413629627,0.007531295431268184,-0.3293083081419608,2.182486935943811,-2.1624568867123632,-1.3582459396541753
-0.005319385986677843,0.012006883200551774,-0.003225121908155391,0.007525293341838059,-0.3251602206635391,2.1494954872821554,-2.1563007549336883,-1.3372669453676258
-0.0053253481455015,0.012021774535701002,-0.003248351282464042,0.007514095890692765,-0.3264754947398367,2.1661424899376165,-2.1480837741486956,-1.3520348700285867
-0.005351233319010733,0.012040467959698684,-0.0032992126496749455,0.0075188628755726355,-0.33077461325910046,2.2018611123272467,-2.1533279232210725,-1.3751968501645888
-0.005349653928345231,0.012059977170064658,-0.0033183464904837784,0.007493960695936746,-0.33095015045403603,2.216016197690426,-2.1339905630059715,-1.392133603007075
-0.005351628427720626,0.012076809552362565,-0.003338624633906605,0.007475793559185034,-0.3314846332210007,2.2307631956261793,-2.1200040451856315,-1.4074570995749431
-0.005355984878926951,0.012092966702776356,-0.003360896297770298,0.007460732949656149,-0.33229828940733785,2.2468129753621486,-2.108509917683072,-1.422717588764291
-0.005398019198175241,0.012181869296568656,-0.0035036924985362553,0.007393103571098964,-0.33819395155639925,2.3491400970933864,-2.0571456326951787,-1.5109275241417695
-0.005391837762526562,0.012166896288164301,-0.0034809508953440632,0.007405771315486615,-0.3374688780138962,2.33284083161464,-2.066950020695584,-1.4964518073265338
-0.005385530531778235,0.012150609708841074,-0.0034566281256988986,0.007419801268837553,-0.3367069443665321,2.315396171220503,-2.07777934445031,-1.4807770297328702
-0.005382456760007401,0.012133040532442447,-0.0034348779508882182,0.007438510733586724,-0.33631120448884283,2.2997128314627737,-2.092387804685087,-1.464912102474255
-0.0053616280965692095,0.012108700314529845,-0.003384161451348747,0.007447341099400213,-0.33324586119585936,2.2635152433903083,-2.098333099228934,-1.437894724328556
-0.005364966774851307,0.012126900439018347,-0.0034070232807243486,0.00742844564319016,-0.33378335675048626,2.2800095281292925,-2.083681108623495,-1.454439710481332
-0.005403407536323038,0.012197651520875276,-0.003526131089508742,0.007378478181068646,-0.33874030935733207,2.365226491801572,-2.045705175266017,-1.5257623753757208
-0.005387059158478338,0.012194019368647332,-0.0035018893482167677,0.0073669498873745395,-0.3364410630781095,2.347894128027131,-2.0359969689942767,-1.517335348548172
-0.0054063585757381846,0.012215875163253617,-0.003547709555184507,0.007358192800773909,-0.3388138230076685,2.3806654465786417,-2.0296213370653473,-1.5416700333243964
-0.005431788630271085,0.012254235557353915,-0.0036173255472340027,0.0073336121743255295,-0.3413333242302235,2.430506002124954,-2.0106470905535203,-1.5815008443425713
-0.005409626392883074,0.012235627919676367,-0.003570944577984242,0.007336103015089682,-0.3388509873617908,2.397194468489209,-2.012075275811259,-1.5587109359556865
-0.005416157946392025,0.012250460068558651,-0.003593488843945615,0.007323341128609351,-0.33926634613210704,2.4132400082959276,-2.002019349706556,-1.5728295456163415
-0.005283518196038413,0.01187428571495554,-0.0030339253875518966,0.007637014230596136,-0.3135461603219308,2.0113708441065294,-2.237923314670589,-1.2072956489975704
-0.005277945302458423,0.011858802837236013,-0.003009595153363281,0.007647877681793925,-0.311678164959095,1.9939375000822743,-2.2454995587491986,-1.1916370209219143
-0.005274261225234346,0.011844428201580173,-0.0029885426128103067,0.007659433755144176,-0.3101371542788132,1.9787326510737986,-2.2537046329205803,-1.1772987296839448
-0.005277667649840681,0.011904182461420517,-0.0030622938537210095,0.007597923580033489,-0.3143716312369514,2.0330529518297697,-2.2083175633903127,-1.234464692236241
-0.0052709779349000745,0.011887770754821966,-0.0030359581591547446,0.007608860776883883,-0.31243855567862694,2.0142621349679373,-2.215957241293585,-1.217912002658702
-0.0052864829029709666,0.011924699634301962,-0.003095613042536086,0.007584476197163599,-0.3167920572518283,2.056806838737074,-2.1989132306214647,-1.255199829900343
-0.005286385162540067,0.01194866008921608,-0.0031226603449524015,0.0075575119491505804,-0.31796862052487923,2.0767813978669936,-2.17859253827023,-1.2772300411767186
-0.0052883595034305,0.011969590771911202,-0.003148296331504715,0.007535909095222021,-0.319146589028989,2.09547521596903,-2.162384977487655,-1.296665778211563
-0.00529941682958699,0.012005623496748342,-0.003200614587585847,0.007506107471771756,-0.3220846998436126,2.1330000707194983,-2.140393103304508,-1.3314691888944787
-0.0052929996813420345,0.011988430707165104,-0.003174413839207722,0.007519244795084226,-0.3205548350316017,2.1142777340064822,-2.150021189302523,-1.3146436059700208
-0.0052541830683848,0.011832242813248798,-0.002952540247518389,0.007650824765051799,-0.30609703627407286,1.9544187844177505,-2.2456523824803445,-1.1626458608260897
-0.005234401984749386,0.011826866284278668,-0.00292519588299295,0.007635312055015374,-0.3027076304410742,1.93647321063367,-2.232625790346539,-1.1545665043669942
-0.005194253531843232,0.011686510010627982,-0.002712909647953836,0.007734417442323025,-0.2835157965159836,1.7852162558351152,-2.300451359788949,-1.014177222116316
-0.005178372688998124,0.011676906251394854,-0.002685414518312068,0.0077263777433834715,-0.28009296711854725,1.7671333994911136,-2.293251321018564,-1.003398601711463
-0.005159618647586145,0.011664383498552427,-0.002651676998844444,0.007717987001345692,-0.2759146044914909,1.744872454751521,-2.28553946981973,-0.9896011122678868
-0.005160616855656863,0.011685566379572292,-0.002679062935182658,0.007698715382227701,-0.27841795001108827,1.7646932100486512,-2.272005000678713,-1.0102544320502498
-0.0052066280073723254,0.011717397515655157,-0.00276372381947983,0.007717506835671766,-0.2886685835946689,1.820925302300332,-2.2896281942431327,-1.0456399181700375
-0.005193055945700583,0.011704738652021561,-0.002734536463163277,0.007715233652153664,-0.2853331680488395,1.8012289514226887,-2.2867527941761057,-1.031939679834912
-0.005200658326649632,0.011737310207193331,-0.0027823678137948653,0.007691123668974259,-0.2898056891741936,1.8354064997413728,-2.270228213061341,-1.0644271347876886
-0.005197287957019408,0.011760645644695622,-0.002807444240064027,0.007663980415599319,-0.2915078409459137,1.854236422960255,-2.2503848193600042,-1.0865236925070079
-0.005209831534020535,0.011784305849853013,-0.00284879799426618,0.007653314482910392,-0.2955006084130039,1.8831118923515169,-2.243717561533414,-1.1107128613849762
-0.005218670057791334,0.011812142680977413,-0.002891221904261776,0.0076339571173986865,-0.2991234337257452,1.9132542513482547,-2.2303415259182002,-1.1383443224281302
-0.0060953347623027565,0.013168945693040023,-0.005215167088289548,0.006426107214935447,-0.2694518438524662,3.5316704292996124,-1.166516519478782,-2.4527868329956912
-0.006085323015927096,0.013156516638822988,-0.005194849941665002,0.006442751731741101,-0.272091637954687,3.5196982798073084,-1.1833861297487258,-2.4434213374461127
-0.006068506611113478,0.01315969977718679,-0.005165928455206203,0.006428099171454563,-0.27300710123500277,3.4918766334824025,-1.175477655219419,-2.429836493345077
-0.0060334116767608885,0.013137356178209686,-0.005099521049659667,0.006447951782408724,-0.2779440793673955,3.443587125188038,-1.2007761624593896,-2.399039147087681
-0.006042185439978636,0.013149872605625732,-0.005117730917097644,0.006431018853542602,-0.2756394627999073,3.453762482459902,-1.1842190348414254,-2.4075230797748897
-0.006051333097110993,0.013162839149047265,-0.0051365696093754395,0.00641338504404097,-0.2732139991637265,3.4641821883287602,-1.1669612754524474,-2.416202944249203
-0.006222536546761043,0.013340539092687837,-0.005463119821314893,0.006177917964894148,-0.2337568924430267,3.657490099359302,-0.9195769156956759,-2.5571755863128725
-0.00621218200743761,0.013328609065280536,-0.005443980941572081,0.006195278259676363,-0.23654173107056684,3.647669541364411,-0.9374067662826772,-2.5496443841050245
-0.006201815456639003,0.013316691594515323,-0.005424701306790617,0.0062124782949503484,-0.23929539987246476,3.6376063582633704,-0.9550937399232952,-2.541944172807536
-0.006191198202980842,0.013304987224729786,-0.005404866108457609,0.006229054762250889,-0.24203713589647516,3.6268141124458855,-0.9723155756919865,-2.5338644801656205
-0.006135821002705059,0.01321731786912869,-0.005295838056805651,0.006360736438751396,-0.2593888162932245,3.578785869608734,-1.099688138054506,-2.489139515260828
-0.006125770517972452,0.01320533584709131,-0.005275981706398363,0.0063771252793395,-0.2618422393648591,3.567360541334675,-1.116472357601512,-2.480319229680571
-0.006115644148420929,0.013193337629469086,-0.005255877539266973,0.006393368476187115,-0.2643016435664043,3.5556359326318927,-1.133111547746273,-2.4713000925998565
-0.006105473914048254,0.013181224454212395,-0.005235565717777207,0.006409653849192071,-0.26683949903581206,3.5436962987563034,-1.1497598037523338,-2.462104512343505
-0.006180514938154871,0.013293304851517931,-0.005384803073265131,0.006245424995366543,-0.24475435326024728,3.615708528440473,-0.9893536461312079,-2.5255861923003162
-0.006169962955205982,0.013281430459806414,-0.005364849645524391,0.006262058189066289,-0.24745427205016865,3.6047182661315316,-1.0065417487649257,-2.517287199161565
-0.006129552863319638,0.013232700198986662,-0.005286958956287019,0.006330261562083724,-0.258003921474489,3.562230746926936,-1.075916462415228,-2.4841665816413223
-0.006139373784750317,0.013244875203625002,-0.005306107078729089,0.006313290263559048,-0.2554297292434626,3.5727118053684976,-1.0587545873079083,-2.492436779766908
-0.006159589591803635,0.013269354875671218,-0.0053450833151354625,0.006278993616464807,-0.2501397342135105,3.5939171018393696,-1.0239028846670344,-2.509002029262683
-0.0061493881667776355,0.013257143319299045,-0.005325491947364242,0.006296114591147719,-0.25280137529870444,3.5832547316345384,-1.0413443780705391,-2.500716523707567
-0.006253499664059304,0.013376501554736445,-0.00551961096904369,0.006124703962810948,-0.22526033705229562,3.6853767775238553,-0.8650756536284853,-2.5787108457741286
-0.006243204244526064,0.013364380105925625,-0.00550095263206177,0.00614282334406173,-0.22812449486015832,3.6764300421886094,-0.8835619299974359,-2.571736462980478
-0.006232945544539289,0.013352388472828684,-0.005482233201512991,0.0061605933011219735,-0.23094758601713258,3.66723393816434,-0.9017382883298034,-2.564607829008113
-0.006264078818021827,0.013388603088511654,-0.005538653537434524,0.006106595160766108,-0.22235014646207674,3.6945656865942653,-0.8464869816304891,-2.5857593171002358
-0.006274961855630635,0.013400629578159615,-0.00555812023440982,0.006088596547109253,-0.21939218291426196,3.7040681177547845,-0.8278638731395612,-2.5929094872816436
-0.006286091578952988,0.01341237226171349,-0.005577920235782439,0.006071059849029761,-0.21642620943163707,3.713939169862138,-0.8095084187799099,-2.600154989557334
-0.005880219804337561,0.012934794334218479,-0.004770398956480707,0.006697282347192138,-0.3108230148698547,3.238066956717725,-1.4454811781573833,-2.23557709304111
-0.00585787467423325,0.012922731479278592,-0.004728165501577112,0.0067018614108322215,-0.3123283213837136,3.2056352301383186,-1.4529540483005596,-2.2153398384673717
-0.00586367664830967,0.012935855907625977,-0.004743484619009145,0.006684219999022952,-0.31054782938394104,3.21428520208325,-1.4368915503986939,-2.2238330965469704
-0.005899331085471446,0.012961310703965001,-0.004813392876023523,0.006666047710674247,-0.30704878441622424,3.265862755535617,-1.4153885984371133,-2.2579245001141444
-0.0058891539494064435,0.012948726435347212,-0.00479119743660232,0.006680196694755819,-0.30887998820692036,3.251151067885941,-1.4292844575061816,-2.246567619367488
-0.005894826478800903,0.012975354846526047,-0.004811533736370894,0.006639618828240028,-0.305078298157553,3.2589822801917068,-1.3934226994616616,-2.258661597818899
-0.0059011136990795654,0.012987743727978143,-0.004826877772875226,0.006623070007751767,-0.30326755170249853,3.267642128579976,-1.3781248414486102,-2.2667808927187747
-0.005908436102192437,0.013001495621884301,-0.004844347546126809,0.006604820927684896,-0.3012751486873921,3.2775523538296443,-1.3611750252277963,-2.2758955438743835
-0.005916932670577677,0.013014856432127428,-0.004863500643081629,0.006587860931088021,-0.2992773185606479,3.2890053281949796,-1.3450915823584284,-2.285645979832491
-0.005925838084695951,0.01302789302381342,-0.004883100988638722,0.006571575130922683,-0.2972794182822586,3.3009056070150216,-1.3294768137913229,-2.2954965144287303
-0.005935079490370508,0.013041227327792558,-0.004903251561040858,0.0065548654186131415,-0.295196430675968,3.313096627549028,-1.3133980257362818,-2.3055446561179616
-0.006002254453796918,0.013101242694987074,-0.005036237164436488,0.006492759399700433,-0.2845711374891357,3.4042618236863835,-1.2462193123359242,-2.3691688636363235
-0.006023344895497179,0.01312609718945786,-0.005079271443042364,0.006461861965654194,-0.2800314975618405,3.430913533047604,-1.2150258799053206,-2.389540342448507
-0.006012382190509612,0.013114332014078552,-0.005057258965160376,0.006476005359826037,-0.28225418434967525,3.4168879125633835,-1.22961992414551,-2.3791823538464745
-0.006019259442257982,0.013140220349930768,-0.005075719264210255,0.0064351722282435615,-0.27810891629264234,3.421161759498271,-1.1932529692643876,-2.388047027723074
-0.005984620653387937,0.013104247107869671,-0.0050068229144089186,0.006477427661458271,-0.2847462055756595,3.376935317225978,-1.2370735519509475,-2.355720905290489
-0.005975282631497211,0.013090519299422418,-0.004986959904994938,0.006495444169632977,-0.2870568649537128,3.365567322882278,-1.2544403536021012,-2.346186583430466
-0.005967020726434196,0.013076643341606561,-0.004968745197605785,0.00651421283470091,-0.28931135064724467,3.355620249279188,-1.2721941233085177,-2.3373060043233047
-0.005960621634860001,0.013064067414743833,-0.004953959828817722,0.006531774180020584,-0.2913340195327757,3.3480346058486914,-1.2885192820623752,-2.32995261337768
-0.00594614044617415,0.01305563905570813,-0.004926706528721813,0.006537302848707066,-0.2928905164677267,3.327652509809059,-1.2962017965551007,-2.3170771123392906
-0.005773472613138338,0.012777731963002519,-0.004517806357820976,0.0068750024820044735,-0.3294880366976178,3.0700938193248652,-1.613154638152672,-2.0987445372525895
-0.005764505507817851,0.012764909553697953,-0.004496174402525934,0.006888422520333865,-0.3307673862009847,3.055217555300855,-1.6256468494399552,-2.0868148524900847
-0.005768092208252784,0.01279112405738756,-0.004516797430868235,0.006849559209496656,-0.32754935834939614,3.0655592031233225,-1.5918123961893655,-2.101334854464049
-0.00577286091300677,0.012804034275454335,-0.004531522159444738,0.006832640689285648,-0.32608926083958756,3.074414811064391,-1.576754843752216,-2.110246519315495
-0.0057796509118174825,0.012818444118698353,-0.004550152353406848,0.006814761260399785,-0.32451396566961194,3.0860876144011744,-1.5606246132869501,-2.121021948779316
-0.0057875921332034555,0.012832863583539985,-0.004570486026426236,0.0067975971087145615,-0.3229251238257938,3.0991323744360577,-1.5449408273101835,-2.132432655702335
-0.0057960714331921,0.012847577270648822,-0.004591699151796917,0.006780214891043618,-0.3212522250161545,3.11276904151022,-1.528965675932717,-2.1441943995364316
-0.005819654053825215,0.012873346495699559,-0.004642658693009483,0.006755672764182154,-0.31842031969897944,3.1483549987301025,-1.5047756069579874,-2.1705589902533715
-0.0058057188314779564,0.012864073868461208,-0.0046155431531941585,0.0067606507128564,-0.3193468341264185,3.1280253305493555,-1.51093149026747,-2.1573136626102536
-0.005838441899529217,0.01289790047098352,-0.00468497941624439,0.006729041443839167,-0.3154457152441917,3.176750870324846,-1.4792382739237482,-2.1928320809765207
-0.005825463072706727,0.012888635976103673,-0.0046594587945217045,0.006734978821032108,-0.3165042067219708,3.1578221643129463,-1.4862020931281419,-2.1803082121650292
-0.005843864285301439,0.012913853687722833,-0.004701182798210804,0.006706738278076134,-0.3133969481470981,3.185337171204071,-1.4592846447940724,-2.202263013607802
-0.0055132191429286305,0.012411051612125327,-0.003867616003120479,0.00720012935669741,-0.34427357962339133,2.608953139988508,-1.9025574369296987,-1.7333904034861778
-0.005505708127152599,0.012397264994160787,-0.003845515655580774,0.007212236910717671,-0.34425162596996556,2.593268297723782,-1.9125775065014785,-1.7201454577407482
-0.005498086121661722,0.012383263541240362,-0.0038230029294436564,0.00722439764862559,-0.34417401608194725,2.577268545203165,-1.9225968823337298,-1.7066433852989442
-0.005468613482904403,0.012285999709990466,-0.003695671984153596,0.007327647567122295,-0.34507356049484245,2.4873031289253134,-2.0066031063353535,-1.6206165334335572
-0.0054906897311176915,0.012369049528711021,-0.003800537310965481,0.007236917411807886,-0.34406837085649905,2.561298790792972,-1.932870875048055,-1.6930259393648053
-0.005483659193593672,0.012354533998944468,-0.0037782189132655563,0.007250047310081622,-0.34398185184858016,2.5454477832345757,-1.9435996706599645,-1.6792858179104246
-0.005476320474052185,0.012339292230379549,-0.003754744180483336,0.007263720172535903,-0.3438344503723607,2.5287539700937747,-1.95472514690806,-1.6648083340586481
-0.0054705651045254345,0.012323123882370867,-0.0037324523416042642,0.007279982190374492,-0.34386919940185257,2.512972908028574,-1.967926946633707,-1.6501956356595888
-0.00546732249273158,0.012305820265736806,-0.0037123282354411913,0.007300013497876908,-0.34418815124680724,2.498818949710499,-1.9841786779450576,-1.6355900603576925
-0.005519131445066781,0.012426033912790823,-0.0038884132131551826,0.00718475620013097,-0.34400137334345643,2.6235094975950735,-1.8898018419248093,-1.7466985894008238
-0.005502866494222911,0.012423389794693526,-0.003863655448617511,0.007173582675658957,-0.3422365066427544,2.6047690827808214,-1.8807513622857148,-1.7374056838868053
-0.005450197320072536,0.012279779750617732,-0.0036654890214406865,0.007318027305165792,-0.3429787753623843,2.4651404356187663,-1.9984862561326622,-1.608605647045852
-0.005433172308554766,0.0122729132296271,-0.0036367317210008535,0.00731060208710188,-0.34096184316762107,2.4442033284586238,-1.9921491609733586,-1.5967796761960706
-0.005729557974097514,0.01271005768310478,-0.004408072390937511,0.0069470032297732935,-0.3356508560054035,2.9948229477403383,-1.679324834393974,-2.0370395497232288
-0.005738122984657486,0.01272380145495901,-0.0044299980047685815,0.006932394578435389,-0.33446936971261393,3.009894719490591,-1.666025429429937,-2.049527139664822
-0.005755539923438974,0.01275128848020902,-0.004473993900959581,0.006902965083019485,-0.331982186924853,3.0400151699400664,-1.639072149249705,-2.074398658572214
-0.005746380689252365,0.012737797393826982,-0.00445148840722811,0.006916999492032272,-0.3332410610530758,3.024501615639045,-1.652017796176313,-2.061859131292193
-0.005711604341402819,0.01271060359336072,-0.004380492214586553,0.0069316959787182756,-0.3345367394100847,2.971622879861322,-1.6677391226125018,-2.0261168184425995
-0.005668684309933332,0.012646762601894542,-0.00427318916115802,0.006994478343363316,-0.3388322914895027,2.8968464234784403,-1.7244863200988294,-1.965718105940884
-0.005669729885455335,0.012668245858974754,-0.004289093472017638,0.006962735390603942,-0.33658798173788185,2.9054092730930297,-1.697458698920009,-1.9782203531475044
-0.005690553574007642,0.01270509019827583,-0.004344578896987289,0.006923326215024636,-0.33384150776422045,2.9430227746124804,-1.6623439279912198,-2.0102962667770137
-0.005677452165721411,0.01268662800465775,-0.004312798533234603,0.0069410378914500845,-0.33508803737947807,2.920936817177544,-1.6784401536717455,-1.9927033711755755
-0.005540932634261984,0.012448159602234391,-0.003937260309422816,0.007173671941132346,-0.3449256288113371,2.6590391416014736,-1.880342256240392,-1.7723621252783446
-0.005564054496819383,0.012466298370014962,-0.00398483810272211,0.007168988635703572,-0.3459744934838445,2.6941907640378733,-1.8760227013313904,-1.7960720828527352
-0.005545572829559246,0.012465410480860592,-0.0039578700012309525,0.007153523751889038,-0.3441438512154922,2.673101963409494,-1.8635444403095427,-1.7864157327957775
-0.005522679794097558,0.012443983289634964,-0.003908221764555331,0.007162955505923436,-0.3431914411037786,2.636973270610923,-1.8717179203475585,-1.7608648373623115
-0.005571904635136283,0.012483098240706529,-0.00400958218962586,0.007152070725598556,-0.34549632270925656,2.7115907382866413,-1.8617273855682583,-1.8114084894768232
-0.005634342981280868,0.012619348897466205,-0.004202753950025783,0.007007027646601306,-0.3390249841589123,2.84467351913838,-1.7372385096356828,-1.9302564793627404
-0.005625747578748872,0.012604490103953918,-0.00417955294329088,0.00702190514255584,-0.33982386675629644,2.8286016797713867,-1.7502926392936946,-1.9167309704397975
-0.005617964695479585,0.012591005638588757,-0.004158432410673312,0.007035282733138374,-0.34047392465278237,2.8139246664994277,-1.7620026405790583,-1.9043816023666473
-0.005609204722582583,0.012577386745482476,-0.004135689113623668,0.007047887276379742,-0.34099163025210383,2.7979608200307102,-1.7730516966386338,-1.891368248499184
-0.005572754211619726,0.012504038716000893,-0.004027346164931095,0.007122765724744029,-0.34400832188168357,2.7228388034680955,-1.8372409585824483,-1.8257895649779023
-0.005599769064466472,0.012561834818544873,-0.0041104582819156904,0.007062591070518203,-0.341589752478991,2.780303364097781,-1.7858463139609062,-1.8767462834718052
-0.005591137200866762,0.012541510211346057,-0.004082702143173495,0.007084756751417877,-0.3425963554587819,2.76136695190981,-1.804801160525001,-1.8594830024433517
-0.005579161691616663,0.012522822267314236,-0.004051127235868067,0.007101359638739489,-0.3430515599663926,2.739046215643748,-1.8191310301948136,-1.8413131582358895
-0.005646246831477106,0.012638126558808757,-0.004233480054734816,0.006988859055713079,-0.3379955421605581,2.866050283771315,-1.7211702789523105,-1.9477978748931224
-0.007150733491861331,0.01410873220903958,-0.006847781967984536,0.0047486773708013364,0.020277457286693352,4.066517212387441,0.6017307346182177,-2.7857193181941526
-0.007149332172323234,0.014124744154569047,-0.00683026927013227,0.0047205493046619884,0.013892750655916343,4.036805578367974,0.6096178583847808,-2.7707153927969403
-0.007137839516247016,0.014099760647311362,-0.006832829115834052,0.00477016779807856,0.016881406889063533,4.0684360333451295,0.5803127162889525,-2.7888269915398793
-0.007136373141621994,0.014115792598903764,-0.006815361984827306,0.0047419504864285944,0.010680226909931376,4.038822525051239,0.5883944891308407,-2.7738142295805477
-0.007124973809367007,0.014090748636029146,-0.006817808270652815,0.004791611982609749,0.01342544989943261,4.070188278626619,0.5588814225999282,-2.791795260759257
-0.007123447470642113,0.0141068015888708,-0.006800396152711896,0.004763300322214964,0.007503059503429111,4.040667543156066,0.5671778151980921,-2.7767508534379854
-0.007112136501017047,0.014081696266412034,-0.006802722740922901,0.004813005217744096,0.010182793721393925,4.071772283338476,0.5374490889234529,-2.794615021752129
-0.007110556170013177,0.014097769622106132,-0.006785374463366391,0.004784601711398884,0.004299811061772134,4.042344197375211,0.545963977839449,-2.7795307477180127
-0.006995698379523008,0.014014385591516701,-0.00664721321161436,0.004974709505074834,-0.024163930943340406,4.049854798618747,0.3548036174083198,-2.797761911170275
-0.007010475290801107,0.014007835078080092,-0.0066795836057351775,0.00498249089706723,-0.019074176386015888,4.078534354072946,0.36556305017392776,-2.8118493471632107
-0.007008301339044922,0.014023844665045077,-0.006662728070813389,0.0049537330163797475,-0.021053335164867935,4.049619432711446,0.37600783400253474,-2.796282045079422
-0.007023080955577062,0.014017207114769168,-0.006695214189190026,0.004961467567518993,-0.015126107564448139,4.078232341421913,0.3870101964830624,-2.810303933770358
-0.007020948739608987,0.014033247113381532,-0.006678215722443956,0.004932733434400546,-0.017941873777468653,4.049258008891425,0.3972168169928642,-2.7946839498321516
-0.0070357160060040645,0.01402653950718722,-0.0067107756989821105,0.0049403991969544135,-0.011371107644433937,4.0777730380397585,0.4084871829182814,-2.808562523619257
-0.006895885441038485,0.013937507075393844,-0.006520453026693286,0.005140417348031882,-0.05133312496379162,4.045201815813752,0.18524553795386456,-2.804226396362932
-0.00691070259202147,0.01393144267732052,-0.006552285085709928,0.005148748658113331,-0.04418612328891555,4.074311224396769,0.19505825376955702,-2.817945690013181
-0.006908276164251091,0.013947257500291977,-0.006536556990447241,0.005119866905047074,-0.048058906476385506,4.046400893863485,0.20639534231263104,-2.8039774981363723
-0.0069230687550761415,0.01394112853304879,-0.006568434389560642,0.005128130470640445,-0.04025045901861681,4.075486055775573,0.21639747366991668,-2.8176464219277215
-0.006935465283302505,0.01395077548971791,-0.006584516422548992,0.005107464823620926,-0.03654061723112753,4.076512881814142,0.23773107663864354,-2.817205982867733
-0.006920711076942091,0.013956959663372426,-0.0065526269363403245,0.005099279493522634,-0.04483489673026581,4.047453175667923,0.22758087413284114,-2.803581022133065
-0.0069478920549970475,0.013960383452653272,-0.006600526452198667,0.0050867578379700275,-0.033346221501398966,4.077369237167578,0.2590318868086569,-2.8166516144669473
-0.006933175565647276,0.013966610639099599,-0.006568640098359473,0.005078662649498623,-0.041490414650882386,4.048349374147379,0.24879193792449913,-2.8030275774141633
-0.00697283584088836,0.013979482020789882,-0.006632333164755752,0.005045216771951579,-0.028297302444812596,4.078465283788945,0.3015505369551019,-2.8152196550094106
-0.006970626394959277,0.013995337097409489,-0.006616069943297931,0.005016527392429241,-0.030850231584757925,4.049877576592549,0.31241134609366883,-2.8003472933589566
-0.006960348948237813,0.013969952327613146,-0.006616464944779178,0.005066009002830542,-0.030569427129550592,4.078029533305696,0.2802990442130206,-2.815992987302527
-0.006958134872259481,0.013985785557678924,-0.00660037465417862,0.005037309256273975,-0.03446195883390387,4.049580637419918,0.29121493817679706,-2.8014116161738376
-0.006945652305399352,0.013976215897156556,-0.006584562221871989,0.005058010999042347,-0.03803050037100548,4.049063444524877,0.27000767199376435,-2.802305137133182
-0.0069805906081147695,0.014021183127941312,-0.006614773932038611,0.004966905159112306,-0.026716910214095894,4.018729279691441,0.34982418027294826,-2.7827334458660347
-0.006968116024810661,0.014011521851434824,-0.006599530353728243,0.004987916289387283,-0.02997527322306222,4.019132525431391,0.32875287765280176,-2.784209630045926
-0.006880782877532246,0.013943761518571615,-0.006488724763446378,0.005132130460133388,-0.05287809153159597,4.014457799701371,0.18188241929095597,-2.7889495705383176
-0.0068530049269993195,0.013940440753231928,-0.006440160942940229,0.0051434484622151265,-0.06002184619137945,3.9820867717282487,0.1557788989118147,-2.7741253073197893
-0.006865423957103163,0.01395017622725415,-0.006456388136993963,0.005123398584667715,-0.056724423367538405,3.983757667151693,0.17637740577369154,-2.7742324967295677
-0.007173956733960642,0.014158824518404126,-0.00684239780776113,0.004649629736260901,0.021759287278712538,3.999786657168301,0.6657875733073036,-2.746226019754482
-0.007147854423657775,0.014141114787934827,-0.006812893996263755,0.004692325851499392,0.015546175752788868,4.0043891124792035,0.6238750023555842,-2.7529530693276882
-0.007160914358326186,0.014149984435503601,-0.006827724260280538,0.004671001145853819,0.018678330877640453,4.002208317169274,0.6448519266005116,-2.749680348847931
-0.006318916723107793,0.013445994648531882,-0.005635678888951335,0.0060203639151241335,-0.20766111589483136,3.7425140761849147,-0.7560692451567985,-2.620807642183816
-0.006308203502523872,0.013434820276784146,-0.00561695417781942,0.006037409173845245,-0.21056778410047403,3.733543020892251,-0.7739365379203926,-2.6142614310032797
-0.0062972408687892835,0.013423722797797714,-0.005597656416509834,0.006054102922988688,-0.21347072367278982,3.723904755745481,-0.7915940869409863,-2.60733656961079
-0.006313724683605657,0.013461407349662266,-0.0056248789024219365,0.005990671355130678,-0.2060901767786287,3.7225140850164062,-0.7339939656819925,-2.6127567724822502
-0.006323410635896979,0.013473233730947333,-0.0056413531673776204,0.005972034452143834,-0.20324412597867128,3.728859409074612,-0.7153453716460639,-2.617922212739274
-0.006333725123095768,0.013485232834798177,-0.005658817771660748,0.005953154608013243,-0.20027740955402604,3.7358311086938696,-0.6962712010957285,-2.623393440734159
-0.006489658491406075,0.013599870531530686,-0.005924194609170041,0.005776942552375121,-0.16189800236687638,3.8804590946684496,-0.4909334486949943,-2.713453995342382
-0.006478446921607646,0.013588952429265303,-0.00590617368501629,0.005795344909717954,-0.16499199865723288,3.873651665161585,-0.510320923046201,-2.708750805674804
-0.0064671899376877165,0.013578052756901585,-0.005887936576278118,0.005813578876314208,-0.16809960412535774,3.8665157159702797,-0.5295881852381895,-2.7038277605155656
-0.006455907966027886,0.013567081265436586,-0.0058695436664709675,0.0058318123482180755,-0.1712493678351217,3.8591720446654887,-0.5488577694553859,-2.698739255282152
-0.0064851746994102795,0.013615753412275083,-0.005911658101856172,0.00574680681961495,-0.16131798556014051,3.856912439773311,-0.47044768839869316,-2.7030043298767628
-0.00651906165419553,0.01364870196860156,-0.005964745338894693,0.005690646911081165,-0.15179582900931787,3.875279823334115,-0.4118608100592271,-2.7155863618910137
-0.006507563712562108,0.013637871320620257,-0.0059467628003065575,0.005709181711012364,-0.15500251985364985,3.8689222461224575,-0.4313437762521463,-2.711338749869324
-0.006496242499811397,0.01362684644405214,-0.00592903311441608,0.005727973611876627,-0.1581798764491886,3.8628048533295725,-0.4509360516231153,-2.7071439188159823
-0.006344727662232308,0.013497066990577983,-0.005677418200940247,0.005934644567403252,-0.19723461215489294,3.7437823533438688,-0.6772233590752225,-2.6293056848296708
-0.0063562972296902194,0.013508586253995652,-0.005696962393422173,0.0059167265747510555,-0.19415579886464765,3.752647952557837,-0.6584085264828873,-2.635604251169505
-0.006367934677214898,0.013519375233944045,-0.0057166162175722865,0.005900016286078217,-0.1911379880916435,3.7620035985245615,-0.6404933645704195,-2.6420126311580954
-0.006378596547084208,0.013530576561696034,-0.005734308496686501,0.005882179037467337,-0.18820251602043436,3.7692660984513133,-0.6220578734582888,-2.647332924059176
-0.006388838829786855,0.0135429645490348,-0.005750900450547931,0.005861957696763593,-0.18513098545377515,3.774596216978041,-0.6019446269466248,-2.6517420834942063
-0.006428640735207612,0.013561276952056998,-0.005820403541659094,0.005837075994295836,-0.17700210297244742,3.820954879257808,-0.565595992987837,-2.6782725887642638
-0.006440129919389123,0.013572403140720515,-0.005839186202076516,0.005818889963543904,-0.1738467609353054,3.828681886817542,-0.5463938592653953,-2.6836245976189335
-0.006400075145900036,0.013555530220203227,-0.005769122346683825,0.005841520927877008,-0.18189812755156123,3.781050653293164,-0.5812727658741705,-2.6567052008812535
-0.0064123081357669726,0.013566845237403815,-0.005789263151047364,0.005823447331195796,-0.1786165356346524,3.7899190301991026,-0.5620111646209099,-2.6627255897679447
-0.006530465755148599,0.013659530780367683,-0.005982423835806889,0.005671977735837021,-0.14858970513702416,3.881249304887849,-0.3923192404973301,-2.719582797606936
-0.006552859719834238,0.013681911311636626,-0.006016366422104635,0.0056328966847073855,-0.1422010665321373,3.8909734716793545,-0.35217442108328406,-2.7263308680161322
-0.006541638997653108,0.013670630183774532,-0.005999452403672644,0.005652661273895173,-0.1454070393195039,3.886306690777918,-0.37241491362617607,-2.72307917865627
-0.006564391812822898,0.013693136211564714,-0.006033731484428542,0.005613145444557185,-0.13894386563558628,3.8959233447198867,-0.33180433497303646,-2.7296627935605
-0.006612046300635314,0.013735473702749745,-0.006105599340521664,0.005537713799548563,-0.12576789193960503,3.9185352134684064,-0.25218162927217375,-2.7436778122902106
-0.006600407078739891,0.013725104270742102,-0.006088254293272304,0.005556381830434977,-0.12899865403037777,3.913419010272509,-0.27180577689095303,-2.740543377115085
-0.006576259461101208,0.013704178381600556,-0.006051640407218628,0.00559363357596475,-0.13563583647276709,3.901341412354664,-0.3114480149077113,-2.7331606636392425
-0.006588380510538165,0.01371482541577726,-0.0060700284679836005,0.005574737126986821,-0.1323040021090908,3.9073563174384103,-0.291409107281664,-2.7368787573212736
-0.006639290302599101,0.013740386257728799,-0.006154043505829397,0.005529428900629195,-0.11945936707053241,3.9539821128650083,-0.23096814390771234,-2.7617155898334924
-0.006840608720415007,0.0139306180067968,-0.006423889952014614,0.005163536807754957,-0.06331208835943569,3.9803172862476965,0.13514811153322584,-2.7739075470449674
-0.006828472465482607,0.013920491173504449,-0.006408143195131749,0.005184022975888503,-0.06656743095972618,3.979099084112471,0.11441215923950325,-2.7738974844901967
-0.006816325008004407,0.013910381825867353,-0.006392219407928309,0.005204367329245816,-0.06982519259620416,3.9775708323160646,0.09371146222245813,-2.773668577721996
-0.006686720007476096,0.013782099157727176,-0.006223321186300528,0.005451952545581813,-0.10616826276472047,3.971843973713979,-0.1496358610810654,-2.772080897193614
-0.006674877906375492,0.013771748665757914,-0.006206199864623902,0.005471362949501845,-0.1093594593146376,3.9676929848371922,-0.1699792206534043,-2.769741299737977
-0.00666293478099783,0.013761440992180374,-0.006188735550389199,0.005490571671879951,-0.11265656865079561,3.9630751274272744,-0.19023358663421683,-2.767105201384432
-0.006651044097586378,0.013750983830805323,-0.006171300502144281,0.005509931246954543,-0.11606059311836085,3.958467826746379,-0.2105769704142744,-2.764410993803636
-0.006803971143422144,0.013900513680904983,-0.006375625013327627,0.005224185133478967,-0.0731440903122121,3.975126099864917,0.07318758055886287,-2.7729225714546106
-0.0067916918027696,0.013890578142043628,-0.006359067052402648,0.005243998107028098,-0.07644662566952154,3.9726194204857364,0.05269452893105725,-2.7720820037373204
-0.00677967934664903,0.01388045568405104,-0.00634296828571168,0.0052640053686512705,-0.07969551643409795,3.970496651674066,0.03221661770786265,-2.771365066247124
-0.0066945702478119476,0.013808978796619945,-0.006224797402038727,0.005401987362453329,-0.10288971840359028,3.947646891142583,-0.11107739915027592,-2.7606245995513947
-0.0066830195230841,0.01379825537594686,-0.0062087332940061754,0.005422139433868622,-0.10611628917678344,3.944916257075931,-0.13157277798000808,-2.759093275878362
-0.006767740497607453,0.013870453791224632,-0.006326794832365891,0.005283670643720268,-0.08293627647857914,3.9680402171997358,0.011972226068231005,-2.7704171983351737
-0.0067556093456221595,0.013860707336929427,-0.006309986746333317,0.005302771197693987,-0.08622620653009254,3.9646843166418297,-0.008043555604365869,-2.7689632805083115
-0.006706367839192251,0.013819751137921417,-0.006241144540334902,0.005381624026417381,-0.09961366093361684,3.950404408098804,-0.09032436326754799,-2.7621048008430154
-0.006718467505436011,0.013830480773418979,-0.006257920621732273,0.005361208228510282,-0.09628174782001063,3.953388408166866,-0.06938505117089865,-2.763629483758402
-0.006743296466307848,0.013850941584947917,-0.006292724623755256,0.005321801362898736,-0.08953896351119417,3.960841770781386,-0.028141846065185955,-2.7672097585764504
-0.0067308516207469846,0.013840916048925978,-0.006275227261354976,0.005341193852924774,-0.09291616537840842,3.9569179326994717,-0.04856740389718697,-2.7653550758714776
-0.006623511836418646,0.013746108968163064,-0.006122381916728179,0.00551842895190099,-0.12254976674348851,3.92280749562171,-0.2322278757555092,-2.7463404909759874
-0.007186963679058488,0.014167696721193397,-0.006856825152726973,0.0046281144340438235,0.024815606896815324,3.996994635227493,0.6867097416835893,-2.742522409398483
-0.007239482658848695,0.0142027392399158,-0.006914273637613246,0.0045415702954321015,0.03722554499790576,3.984429757774089,0.7704100211220154,-2.726350781550559
-0.007226335927035442,0.014194140607681427,-0.006899955923398565,0.004563088730751278,0.03423818287952974,3.9876594670154866,0.7496107847589927,-2.730522867023279
-0.007213132342548317,0.014185468363309967,-0.006885457844699864,0.0045846585063582905,0.03111347136963127,3.9906968793303306,0.7286895305794805,-2.7345462047645337
-0.0071999951782887135,0.014176618742958712,-0.006871092589459727,0.004606399484354638,0.027930082122011982,3.9938610796240126,0.7076842369053405,-2.7385766210127938
-0.007293384471039531,0.014220817277706068,-0.006988956714845362,0.004481737331626323,0.04882083079194676,4.002587339963767,0.8419459331727731,-2.7262319778329065
-0.007307618648521541,0.014213203372519658,-0.007021882194393442,0.004487228690987727,0.056534619337813834,4.029123075557314,0.8570712248877222,-2.7373892667026634
-0.007252555403630811,0.014211409907834392,-0.006928236829601976,0.004519864242578122,0.04016061468088388,3.9807162434821675,0.7911768918548981,-2.7218725783973774
-0.007278840186707792,0.014228794531786508,-0.006955888795139395,0.004476012394120433,0.04624575144780249,3.972533798042462,0.8328231322857463,-2.712317813786756
-0.007265651747872492,0.014220126243899145,-0.006942038186066489,0.004497969783795526,0.04316705253850727,3.9766687014910365,0.8119818675705271,-2.717153792985293
-0.007238056277629732,0.01421941635246092,-0.006895203055558903,0.004513470121097782,0.03567043150084232,3.9514581524845274,0.7806268246161691,-2.708916666080348
-0.007374129498678275,0.014254974043432978,-0.007091491410344518,0.004376391622072176,0.07149593172316193,4.006474097352265,0.9627726512804097,-2.7103960853493567
-0.007373485057512095,0.01427096538089801,-0.00707242132381542,0.004349363168590209,0.0668512330847467,3.975648104388052,0.9676484670020445,-2.6946204744081794
-0.007387509904858339,0.014263202493758268,-0.007105207621239669,0.0043540873511762656,0.07476137889033804,4.001364188844474,0.9838074179852064,-2.704611547420768
-0.007306667451456445,0.01422930858961787,-0.00700300563039124,0.004459739416486899,0.05155914546349777,3.9984702631377487,0.8629406976437907,-2.721341111536025
-0.0073208682191713715,0.014221641019906126,-0.007035961506786713,0.00446512008412328,0.06090062035836318,4.024902697906754,0.8783472547635937,-2.7321994522441693
-0.007360774994305904,0.014246703588587152,-0.007077719345793585,0.004398629935886799,0.06947462918755604,4.011403481658693,0.9417579892538496,-2.7159910853116553
-0.0073601042721852,0.014262679333134562,-0.007058774196298022,0.004371567085346164,0.06380510567675259,3.9806366529141184,0.9468171305430895,-2.700298453083647
-0.007347446524517869,0.014238391211262554,-0.007063884034637295,0.004420814282555795,0.06800262986685009,4.016105888171264,0.9207174921629268,-2.7214601012299746
-0.007346740173363921,0.014254378828300015,-0.007045011756376936,0.0043936909670703175,0.060444795143269774,3.9853996427798326,0.9259241574594667,-2.7058153472530204
-0.007334144221965789,0.014230036994013363,-0.007049966298173148,0.00444297528345369,0.06520025450211726,4.020582618522168,0.8995819055171669,-2.7268669734097
-0.007333369231539784,0.014246072660187134,-0.007031088568480484,0.004415731552389367,0.05714355466712163,3.989911747361667,0.9049561253817539,-2.7111519517706095
-0.0073200015665134165,0.014237727379490722,-0.007017058230615845,0.004437734467203907,0.05424046493910719,3.9942448206397585,0.8839480640384817,-2.716319093631746
-0.007359244111288369,0.014278971229651325,-0.007039779007652228,0.0043445863756633426,0.06424720351526787,3.946738704394274,0.9574200300285282,-2.6814728253654057
-0.0076603520365673755,0.014418828737030386,-0.0073646130334075145,0.0038992989215111237,0.13363317594411803,3.864968752354361,1.3958298611490765,-2.557812813977702
-0.007646481625663307,0.014411456818519203,-0.007352333150307171,0.0039224038648855855,0.13131402974264195,3.873202994526627,1.3756681579763483,-2.5666092483150096
-0.007646874813725682,0.014427510862965233,-0.007331614627038546,0.0038966368681638973,0.12167602014518729,3.842054364708028,1.376777682673307,-2.550757828054085
-0.007632634442496729,0.014404041361879703,-0.007339963593586252,0.0039455020704488464,0.12731381636819855,3.881304175205516,1.355378501738252,-2.575367000727974
-0.007632933854842337,0.01442017386761111,-0.007319168166065304,0.0039195644474704925,0.1191735162382861,3.8501078517927056,1.3567028184840064,-2.5592245648235603
-0.0076188106212854685,0.014396582438974287,-0.007327515632824033,0.00396857221713515,0.12314150176206738,3.8893329809690695,1.3350135098770723,-2.5840098860427063
-0.007619010637603001,0.014412754658824365,-0.007306691888384085,0.0039425131820439935,0.11693018660253096,3.858068714724195,1.3365943911425686,-2.567553276067013
-0.007605010296224526,0.01438908012216791,-0.00731499609294031,0.003991601463028468,0.11931824225879584,3.897282535041183,1.3146121013465915,-2.5924709182721957
-0.007605121127677322,0.014405248481853664,-0.007294213873021302,0.003965480159780796,0.11465128737363572,3.865936350174009,1.3164651630630857,-2.575757361916432
-0.007591233601480755,0.01438153448432905,-0.007302404647313404,0.004014590430982424,0.11547528793510477,3.905121452185275,1.2941936899529225,-2.600704272590274
-0.007591276841159608,0.014397668486302808,-0.007281733996364041,0.00398843745883693,0.11233408582011752,3.873694145003047,1.2963217196603667,-2.5838451734756798
-0.0075774806711875935,0.014373945598830682,-0.0072897467196311565,0.004037529479312688,0.11204873525658036,3.9128248332659497,1.2737912409712464,-2.6086682687997964
-0.0075774923185087184,0.014390020302713412,-0.007269267188948369,0.004011366227854773,0.1099800156135435,3.8813503405220104,1.27617546096954,-2.591828897351702
-0.007563751639439794,0.01436631353955115,-0.007277031405512128,0.004060402468632203,0.11000154764698639,3.9203519517408427,1.2534277675788807,-2.616355708122442
-0.0075637672910605705,0.014382316884184607,-0.0072567962214058436,0.004034249293204621,0.10735804366352934,3.888889039550341,1.2560094834235855,-2.599712077601428
-0.007550046640288173,0.014358638380875009,-0.007264256033377173,0.00408321448616964,0.10888227343483949,3.9276475304521257,1.2330663198074423,-2.6238298406294267
-0.00755007212896716,0.014374587723064033,-0.00724423882436758,0.0040570654605779,0.10434505878210955,3.8962468880814716,1.235769406642735,-2.6074796231248367
-0.007536365807734408,0.0143509201976938,-0.007251409822014976,0.004105984898544044,0.10748963015101513,3.934692907364124,1.212646409016659,-2.63117983902856
-0.007536383617721766,0.014366855087148724,-0.00723153396497414,0.004079795995637876,0.10117732231508274,3.903380279393055,1.2154302881255068,-2.6151058154192994
-0.007522709275725813,0.014343159065406777,-0.007238487563975902,0.004128722875501718,0.10568626619828757,3.9415158632660066,1.1921413733136628,-2.6384614772469095
-0.007522705088075254,0.014359118985167224,-0.007218689453319385,0.00410243524488126,0.0980533614732117,3.910292639651313,1.1950142404022002,-2.622566356782514
-0.0075090771781501685,0.014335355059921583,-0.007225484093094794,0.0041514373186117524,0.10312856059454079,3.948153788011959,1.171535252232892,-2.6456970299718168
-0.007509034454488407,0.01435136641709564,-0.007205718653369951,0.004125003160263281,0.09503471703432644,3.916995423324289,1.1745323018463436,-2.6298495780761324
-0.0074954696488305625,0.01432750825765487,-0.007212395182025002,0.004174135370017327,0.09919292308349835,3.9546541321197917,1.1508234865149747,-2.6528649110296487
-0.0074953636190797784,0.014343567085969488,-0.007192644644528825,0.004147551811691681,0.0923015982343779,3.9235317808622363,1.1539898572013987,-2.636968932568203
-0.00748188682152024,0.014319618735532866,-0.007199231662439037,0.004196798107159846,0.09498641614767696,3.961061371511351,1.1300527064814758,-2.659892551840516
-0.007481708715743408,0.014335684722164115,-0.0071795340123873745,0.004170127002499886,0.08982569862597957,3.929970654214269,1.1334183841964476,-2.643951819993912
-0.007674245540973594,0.01442615704605234,-0.00737680886671746,0.0038761769465093213,0.13457535573048726,3.8565279427509367,1.4158680953101452,-2.5489872676050975
-0.007660814059782767,0.014434812232287653,-0.007343943995804777,0.0038736752110619887,0.12460765508604137,3.833829948048687,1.3967786432120455,-2.5421280358071168
-0.0076747493487196875,0.014442115475830963,-0.007356103506604406,0.0038506287040358405,0.127574385302226,3.825360266029136,1.4166696356148731,-2.5333252509681596
-0.007688162004634456,0.014433441674724526,-0.00738893944578391,0.0038530024619158588,0.13625791099894255,3.847878554177615,1.435849004887216,-2.540057184351217
-0.0076471953644648314,0.014443821340106577,-0.007311134852842182,0.0038709142120478645,0.12254262990042207,3.8069784519536216,1.3832798926275964,-2.530980740790144
0.013722225166696094,0.013987257506257402,0.005447269139749794,-0.0050845549755549,0.18972855130126146,-2.356896721483199,-0.6315213611826,3.2510308162516277
0.01370063444812422,0.014043035158918124,0.005462637229819039,-0.00499914316205748,0.18438402002230994,-2.3259752578733095,-0.6742687453239418,3.2025215588700147
0.013532483215250073,0.014238470983320956,0.005640555536692491,-0.004699022821825413,0.1717638845993437,-2.22816491230254,-0.9038907490170134,3.079684918970827
0.01366689968597178,0.014094942843368125,0.005496240727333659,-0.004920599328859631,0.1805850950414332,-2.2999581247469165,-0.7262191874558938,3.165949047557193
0.013583921136087534,0.014197478230247968,0.005581381034244433,-0.004763756025409527,0.173596854537964,-2.247933813950512,-0.8408211551031481,3.0988436437390265
0.013626720794121791,0.014148068216369797,0.005537156952628648,-0.004839781155489256,0.1764105869896173,-2.2732213401237673,-0.783526547010977,3.1304748063890497
0.01378726587204899,0.013966459440643774,0.005351538673258081,-0.0051092360416311105,0.18767886810314194,-2.3498523267969165,-0.5579205668083236,3.225140564155049
0.013928292957776827,0.013755135543593444,0.005173879816017214,-0.005412819616403238,0.2029357207018156,-2.426025471526511,-0.32050184696290945,3.3354224426107177
0.01390894343678372,0.013802440290702107,0.005197256064925227,-0.005343053292078203,0.1988046068673572,-2.406082242822613,-0.36391164631965495,3.3026516104512367
0.013915402216028123,0.013837313505119153,0.00518105391765334,-0.005286689802818531,0.19379558747582573,-2.3822064880716645,-0.37606265795549054,3.2595449162595456
0.013847934950157605,0.013890159570851462,0.005275985229478739,-0.005218567041226888,0.19255439677705533,-2.376697640531535,-0.46541263745239586,3.260571632424577
0.013891586586505076,0.013866174973939008,0.005212810340558539,-0.005247084165219671,0.1918537323237565,-2.3745147393541086,-0.4125844346598107,3.2496700365198854
0.013850562332329952,0.01394083151603514,0.005259952774063977,-0.005139152814706096,0.18605007427817902,-2.344197973633907,-0.48586765003649335,3.203575939683855
0.014214646201670489,0.013421320360125857,0.004725841145528695,-0.005823587894264757,0.218806149190065,-2.4446933353024085,0.1399500229710274,3.3587665465021206
0.014153074089799348,0.01351131071413783,0.004829459517220784,-0.005713715209513129,0.2138080808217025,-2.440467064129886,0.02756311197486361,3.3477597235407446
0.014194981568089855,0.013467575592166079,0.004761088972624671,-0.00576164824431643,0.21486467624164618,-2.4359069897732657,0.0909935918040355,3.340423957669735
0.013997673842753742,0.013759231923629567,0.005064222041139873,-0.005386143001858906,0.19673211196808008,-2.3916063321569783,-0.2599393889188341,3.265922290095318
0.014025071870202684,0.01370932113120529,0.005026477044561024,-0.0054552185344564075,0.20042758616521497,-2.4065047361138525,-0.20722411953572903,3.290017705474497
0.014053947360742084,0.01366211194777941,0.004984556222836704,-0.005518878325592457,0.20406964723656565,-2.4178994013367165,-0.15362672979871597,3.308504879214994
0.014090116813060773,0.013619911658472582,0.004929554632430299,-0.0055710589223588,0.20578436204871756,-2.4212263296101137,-0.09651090126364649,3.3127053093019936
0.014123628962291463,0.013573411505564369,0.004877427426626755,-0.005629859375231532,0.20887354430029478,-2.4266578760253577,-0.03863116682873491,3.321756665162944
0.014259561844501247,0.01340713373139831,0.0046545051026288175,-0.0058212557260770405,0.21557439923430183,-2.4222035261120003,0.1834187449121894,3.3189046932027138
0.014281882582142372,0.01336574976580868,0.004614112946806935,-0.005872407416514171,0.21853911690741115,-2.4249179482175087,0.23077550990370757,3.3269987827550476
0.014332214506515976,0.013211039028106393,0.0045044525691637785,-0.0060796527876940685,0.23244804237794506,-2.449005893519185,0.390551184084103,3.38787120512731
0.014320959887946674,0.013263312970442656,0.004534327159103988,-0.006006384906308184,0.22704270713341143,-2.438180729428663,0.3393301924870223,3.361617882514174
0.014302233176974941,0.013313130185932628,0.004573524879296963,-0.005941347842870821,0.22290889303366782,-2.4322276955036486,0.28629230492503144,3.345227462117706
0.014382734917756433,0.013192923503335025,0.004422230755458696,-0.0060730140190203945,0.22865025795156277,-2.418388155457412,0.4375565174300471,3.336288622322861
0.014520945791988522,0.012914462958359366,0.004113112553262715,-0.006383594567963093,0.24491384440973496,-2.3826059580853696,0.7636245343157838,3.329613261361889
0.014517895857837072,0.012968833978252887,0.004141478388966245,-0.006305945373674995,0.23892360404535098,-2.3748094562607664,0.710601309776906,3.3031804724889144
0.014430094938026886,0.013163339356967126,0.004342289907427491,-0.006084453334921628,0.22662670333041238,-2.3929818763686606,0.4904287598842891,3.2964680792919308
0.014513415741190305,0.0130237323041102,0.004170366382115935,-0.006228772984999913,0.23329870631482022,-2.366536374353283,0.6577790764325927,3.2766692214040214
0.014486371364190238,0.013075252180349314,0.004229534328255899,-0.006174004689428829,0.23017263878279828,-2.3750564361404716,0.5978544337967681,3.281024699552464
0.014462861562139058,0.013121357302079665,0.004280220613025995,-0.006123344672217124,0.2277162756776732,-2.3806897161790648,0.544772197871251,3.282252063633989
0.01465870341925567,0.012669176925842388,0.003783647549715204,-0.00660782984268467,0.25399910404568843,-2.2929499999261123,1.0562571522809432,3.2448595932747706
0.014688913768788612,0.012637589718610679,0.003721983358593975,-0.006620944297016358,0.25265555470142465,-2.267618359477314,1.0961018610533442,3.2115062262261356
0.014647559506859975,0.012707606477516684,0.003822306993777301,-0.006564941455161928,0.25106048126192393,-2.300954872665453,1.014090894321116,3.24629045780078
0.014627092395402254,0.012757931973590923,0.0038799979784597807,-0.006513638374370453,0.2484361416281198,-2.3149908445662564,0.9575419318934697,3.2552057823987
0.014623719062707718,0.012817028606125547,0.003916548671151203,-0.0064327642080201615,0.24237410449874222,-2.3122342811359737,0.8983245669096592,3.2335749486087493
0.014576503493896706,0.012908147955612785,0.004029034396849009,-0.006344545167953497,0.23844289115651035,-2.3386721376493425,0.7930634032749716,3.2551098317749734
0.014610962110102866,0.012874173335695474,0.003963443422407797,-0.006362919755033045,0.23739735274870746,-2.3157506866469038,0.8388292950423385,3.224347996845608
0.014741467054810931,0.012599463829320354,0.003625710408790873,-0.0066183885700008705,0.24879440131768835,-2.222295149820663,1.146177741877347,3.1464379869342354
0.014822916251493238,0.012316914311134255,0.0033119049286538674,-0.006898534419161396,0.26426070141492897,-2.1216193472054883,1.4476720228080355,3.0832158000788032
0.014842133535504481,0.012281038225808567,0.0032580545857355475,-0.0069206887370013995,0.2644193797975985,-2.097625850334007,1.485558095334717,3.057266137667355
0.014884409983646665,0.012251967488257234,0.003181072120363833,-0.00690491106125063,0.2598888359529845,-2.0543850472816305,1.514873180279391,2.9948321119424226
0.014788714959981127,0.01257596972855566,0.0035471459246972847,-0.00659991661962489,0.2444227884188263,-2.181392481738949,1.178258618689955,3.0847168649808445
0.014798627029160622,0.01252612202058187,0.003500423856595853,-0.006655020037367011,0.24767226529488234,-2.1699929176691914,1.2296327778961693,3.0826766765113622
0.014821077235567765,0.012480434769619091,0.003439018855614072,-0.006689989205894788,0.24921009454856285,-2.1468065279016657,1.278423781844764,3.0598079710288255
0.014815067967100607,0.012425352670018206,0.0034065516722210356,-0.006768218275549158,0.25473525542614195,-2.1457642471220613,1.3339532698869547,3.079087661104327
0.014827602008831247,0.0123636017888527,0.0033431338052806346,-0.0068332255558259955,0.25914150283425563,-2.1258495941100084,1.3988351246515225,3.0701398298633213
0.015029740272889133,0.011428110366860127,0.002153326705281861,-0.007586381388404122,0.29198043346338415,-1.5382274451355848,2.320444223752177,2.5805960004684545
0.015039650786141563,0.011400905255217083,0.0021103606264543193,-0.007594355344994174,0.2912494745122394,-1.510993486385143,2.3408794942508373,2.55114346911355
0.015026962465924488,0.01149845602090877,0.002242755126627364,-0.007526750793883901,0.2888610280526724,-1.5897574786279074,2.253362953416485,2.619590764843473
0.01503812003142713,0.011457320516868421,0.002182094921049632,-0.007546558148079718,0.2887877514052816,-1.552782317460766,2.287394688932768,2.582649351052146
0.0149818451376902,0.011633779492558217,0.0024478136244249524,-0.007466805956515014,0.2900787688619935,-1.7127326372928098,2.1391875258115793,2.74684284215857
0.014965265433114744,0.01166427515384186,0.002500066156600911,-0.007461391732902576,0.291434757232961,-1.744479433145728,2.1148751554650005,2.7840261157618382
0.014999874398271813,0.011598316392046608,0.0023883211816730925,-0.007474073986618348,0.28854460178709235,-1.6762913543695124,2.1672297091031134,2.7048272030490716
0.015012619592119556,0.01163165194885736,0.002414680134569131,-0.00742154735930785,0.28424320141578474,-1.6865016559991393,2.1279495412696328,2.698029020545031
0.015033088443765408,0.011539964650317694,0.002287121679259662,-0.007478270027839652,0.28540154513026966,-1.6127381503678884,2.2094638356576506,2.629132991348579
0.015035608073286053,0.011578135559772034,0.002329958711412176,-0.007438116419932194,0.2828033415773743,-1.6353219271234558,2.170650352033056,2.6416120395812417
0.014982646521717283,0.011698799645688105,0.002521702937255071,-0.007399468681282746,0.2857405928503302,-1.7501159118938825,2.072115935958515,2.7682823601787785
0.014930209173762718,0.011776755771541766,0.0026643460479717734,-0.007395807674671518,0.29076701997664256,-1.8365395309501913,2.0098267333282,2.874837374319416
0.014922313345138681,0.01181716460323101,0.0027172762013704392,-0.007363317620186037,0.28931254486364516,-1.8638803933323036,1.9693533610241194,2.8976739944919667
0.014884457272377687,0.012204652826813623,0.0031405532470918794,-0.006962926424953343,0.26419777094666425,-2.0426607652031046,1.564262045913445,2.996599969471625
0.01486030627283184,0.012084927811239324,0.0030614145114483027,-0.007140082281663753,0.27904630978562267,-2.0287631933977575,1.6941648745602385,3.0338787090643202
0.014874460193427938,0.01204373455436891,0.003005009639952479,-0.007170590261123316,0.28023832318104575,-2.0021332773611644,1.736564879367332,3.008983518844729
0.01489622273998981,0.012153824291649126,0.003081400928775265,-0.007009671700483686,0.2668079718440844,-2.0184426677588134,1.61654807949867,2.9789466413733163
0.01489326768478832,0.012113035722199959,0.003047882909094987,-0.007062562458820405,0.27087976602886693,-2.008547404295994,1.6599730907067856,2.982572116229766
0.014925442879404975,0.01186212921321624,0.002762041840443378,-0.0073089335360864245,0.2853156132543484,-1.8828460764260628,1.9204641387473538,2.9025526805719846
0.01492595437669488,0.011902217968080811,0.0028034720765907784,-0.00726328871923549,0.28217533118102245,-1.9007042576186564,1.8776400398592703,2.909433103337451
0.014897920620259596,0.011965276567716903,0.002899940381737176,-0.007230646147976612,0.2824671149138913,-1.9516470251929934,1.8168721712622866,2.9635983045905694
0.014924636603898003,0.011938713166053947,0.002842392587361357,-0.0072238234478088316,0.2791981621131129,-1.917533545876389,1.8392046097859,2.9175039184596288
0.014906274170417191,0.012030595307356924,0.00295468865725902,-0.007142983459456987,0.2752677596917227,-1.9693652092652367,1.7454933858923742,2.957428186899258
0.014916309079224505,0.012001953049040929,0.00291508486587035,-0.007162708610739548,0.2761553767996102,-1.9500516186186765,1.774003138385882,2.9388964802653614
0.014963624207909669,0.011761095131666182,0.002611202098071284,-0.007362898887940517,0.28523354351702906,-1.7999885305491683,2.0147534837982626,2.8171892782372105
0.014996067740219485,0.011739146777738177,0.002552945442514719,-0.00733770697226114,0.28049773221038127,-1.7613176728608086,2.0256222949501166,2.760007958530963
0.015096676964963125,0.010872699457522205,0.00134959149457357,-0.007882757577561355,0.29608539202232964,-1.0114018664908075,2.7551602954751377,2.092935623994244
0.01511431587980518,0.010821077269554107,0.0012648753863376114,-0.00787961762188187,0.2930580830283922,-0.9502596544563705,2.777119389700074,2.023612644641018
0.015108225048173655,0.010848219609115192,0.0013076061871495276,-0.007875743160980829,0.2939088230994474,-0.9807878563205102,2.762954954738117,2.0558607421125425
0.01513845135777612,0.010809310713679948,0.0012349673525062297,-0.007842187705562161,0.2882586573541983,-0.9263775763871568,2.7634774144184187,1.981505097928228
0.015148893886064838,0.010689321036812733,0.0010551113695140316,-0.007881850426636486,0.2870450223705819,-0.7975884387960804,2.8341867950826933,1.8571373398040443
0.015147891439987474,0.010784432921963079,0.0011941816411740862,-0.007838009473621543,0.2864874104608049,-0.89664298636389,2.7720771135722373,1.9469979159463435
0.01516011304185591,0.010720099731930315,0.0010949633402816178,-0.007847257334189561,0.2845512264141468,-0.8250982729918795,2.8035359541851896,1.8724871224195296
0.01515518091939244,0.010753682450939444,0.001146072708354864,-0.007840163578276814,0.2852481251428612,-0.8619354793112121,2.7860848754405914,1.9097958377658848
0.015116354297090946,0.010631952360676747,9.84041951637704E-4,-0.007967074860106527,0.2938387419972927,-0.7492347036294226,2.9024683641366873,1.8410816278087214
0.015117608588376897,0.0105903756741915,9.207802182350776E-4,-0.007981768815520145,0.29376498494778364,-0.7028948627080592,2.9266329093916412,1.7974441781480033
0.015112737566193534,0.01061225290046277,9.558237576136146E-4,-0.007982055048992947,0.2950228373945966,-0.7289640723289371,2.918332383785436,1.8256753661154481
0.015136604375169786,0.010656485696802845,0.001012024617450766,-0.007918974504308408,0.2897520654995509,-0.7675924021958429,2.8669477346729484,1.8402592938625821
0.015134763469910155,0.010548581983608812,8.510165647072678E-4,-0.00796555400455741,0.29025443467286566,-0.6501029320818607,2.9333844637896562,1.733712763957499
0.015139761768975748,0.0105785741013565,8.94338756249629E-4,-0.007944980687405677,0.28918975090028903,-0.6815957128641,2.910892803631233,1.7585709366481088
0.015142705053122206,0.010452362548609331,7.02229869883748E-4,-0.007982746094351663,0.28816183963877534,-0.5388872136907624,2.97708586233176,1.622918299242867
0.015144799603812589,0.01047951697934932,7.429153298523357E-4,-0.007970369469076517,0.28778598078042555,-0.569162977494944,2.9607499782549525,1.6496123850346882
0.015144391501116456,0.0105026972350923,7.782118333591643E-4,-0.007963559741512298,0.28802403805806176,-0.5954631141146961,2.9488387625647365,1.6746292520105364
0.015159467119256026,0.01052683759092957,8.094656969885336E-4,-0.007927163998457533,0.28499279703280594,-0.6175827934088646,2.9199256064893624,1.6824842589872566
0.01516748330904583,0.010404032934089577,6.216711480973735E-4,-0.007949816151530039,0.28264118868218197,-0.4769733765739453,2.974128785206648,1.543428438097961
0.01517014973777011,0.010433637149417172,6.657555288677057E-4,-0.007936660752304146,0.2822129625848753,-0.5099516393131984,2.9569956275893965,1.5724615231425194
0.015052356313259472,0.01127514974591485,0.0019377402975218345,-0.007679640082066036,0.29419077401844124,-1.4046760616975382,2.4510513641796376,2.459087910468186
0.015054706734922957,0.011229450102437307,0.0018753880704043874,-0.007712259833815208,0.29550585662096457,-1.3655498974392153,2.491179023187051,2.426364452412009
0.015063395133496868,0.011251573272912383,0.0018978294976106241,-0.0076800126906189144,0.2928660164792361,-1.3778864765097274,2.465137407378602,2.4278557070757896
0.015069535987863198,0.011204835457513043,0.0018310022644969645,-0.007706202468688957,0.29320427502599483,-1.33490558808873,2.502860031167963,2.3882260277659584
0.015080911101222597,0.011175495858914385,0.0017830607201322016,-0.0077091029044681824,0.2919563128203637,-1.3025262408653517,2.520582869199289,2.35182544673431
0.015069885413435017,0.01130598061382709,0.00196354847339581,-0.007625167688293029,0.2893735459210875,-1.4168927995257665,2.411202839510269,2.4518181954312652
0.015064415377658989,0.011344157132103487,0.002017094644937805,-0.0076025106978210985,0.2887039715951845,-1.4503735623086569,2.3794337059167483,2.4824056977595768
0.015068303030495767,0.011378156130907877,0.0020568793249180384,-0.007567308438993705,0.2863601878137332,-1.4731887228775913,2.3453451537162664,2.495783750916274
0.015069911676423204,0.011068609578371472,0.001644925896333553,-0.007805597806372905,0.29758531048369047,-1.214881193839316,2.6209714069462247,2.290403256550952
0.015111096498960676,0.010998404475202077,0.0015194698567057893,-0.007780252618497621,0.2906938263534604,-1.1252528987960309,2.6454658387064427,2.178057859970958
0.01510856997153598,0.011025843887538737,0.0015592889899130541,-0.007766800816147101,0.29046773377027774,-1.1522114887484955,2.625526432654839,2.2030668025813323
0.015105533149880704,0.0110522191345667,0.0015977803858772208,-0.007754498353107692,0.290548896939751,-1.1782015942072428,2.6064930217771223,2.2275734589512655
0.015082247536948062,0.011104709843754898,0.001686075806269777,-0.00775859510515269,0.2939951117953486,-1.2398140282472465,2.5807600163644135,2.299655201626632
0.015092257313060683,0.01114042487258137,0.0017274537382747624,-0.007715576271710856,0.29065632423998505,-1.2649709280975137,2.542644497376019,2.3110607922862667
0.015115916257605567,0.010895234310596425,0.0013708286360818568,-0.007835034398756878,0.2916878229506858,-1.0235671820070438,2.7211741130253646,2.086415131037944
0.015133046461642197,0.010914760360425046,0.0013885115768306833,-0.007793026973037756,0.2878559597143829,-1.0335259398623577,2.6916743837121606,2.0801602349401245
0.015133017468771942,0.01093911147606944,0.0014228103901015128,-0.007778560681983759,0.2873534922564998,-1.0569261754199382,2.6733059935414727,2.100396591803733
0.015130215898040684,0.01097327045224689,0.0014723066312782233,-0.007762548090687224,0.2872012146042819,-1.0908329047377718,2.6494437015588708,2.1319364952590156
0.015122922744160628,0.009851899234398423,-2.3340171442091977E-4,-0.008081212947191338,0.2806107961696255,0.18651462222331072,3.1936775404547286,0.9277429521157584
0.015114408109178667,0.009828664371013074,-2.709854026302386E-4,-0.008095146856834644,0.28152762315834984,0.21648782317262144,3.206948424147295,0.9045620581757065
0.015109265481830331,0.009805359514520712,-3.084626927228752E-4,-0.008102145648791576,0.281945706250845,0.24643952566857505,3.2156323051337914,0.8784343652768919
0.015110454367874693,0.00977285143416932,-3.5959460497782535E-4,-0.008094973851949723,0.2807774788708714,0.28733806896815534,3.2166233407644325,0.8354867212122435
0.015118601703856635,0.009789295253489469,-3.3243681989155013E-4,-0.008081667227437653,0.2794859756494353,0.265540294612409,3.2052001097019187,0.8507783453427793
0.015109434280945617,0.00974042276499126,-4.108521297978449E-4,-0.008091391338701572,0.2799966207710885,0.3284039017632307,3.2196260974291113,0.7941311567038402
0.015118163074850496,0.009756520323890707,-3.839986494732008E-4,-0.008077278886888934,0.2786366121849126,0.30676746118055215,3.2078359636658775,0.8088248080748344
0.015107290782464387,0.009708193341871457,-4.6195803706843664E-4,-0.008089302466723002,0.27941189427143476,0.36943444810219334,3.2232982426232053,0.7536386437831438
0.01511651884596528,0.009724035974902102,-4.352466014409005E-4,-0.008074542251313517,0.277970332002095,0.3478325343024212,3.2112177217176265,0.7679289498697527
0.015143123476194401,0.010036465751324112,5.728294468570502E-5,-0.008049720181284593,0.28147149802113663,-0.04331327670590425,3.1351114029223246,1.141742172071222
0.015165919605372188,0.010375140351992334,5.781685301949701E-4,-0.00796017543161221,0.282629196783406,-0.4442000769570463,2.989287034294882,1.5135563749415553
0.015165534591307312,0.010347716405561156,5.364532165907523E-4,-0.007967446157370965,0.282460035001403,-0.4126570515902778,3.0020027122093995,1.4837377902033377
0.0151619009781888,0.010320365531951729,4.954199574861707E-4,-0.00798036108835168,0.28286817138819725,-0.38169338673833253,3.0178425415216896,1.4570726913340748
0.01515353112252206,0.010207542853130643,3.229917098880588E-4,-0.00801602835808153,0.2828548500965164,-0.2498754852209597,3.071376691432254,1.3365098881481308
0.015150086333240512,0.010228438830065412,3.5587539698947245E-4,-0.008019591114071738,0.28383477385478373,-0.2753659454434692,3.0677642845332893,1.3642534319111377
0.015145640177437462,0.01024711170520012,3.8553414705762854E-4,-0.008025137377615602,0.2851270878277262,-0.29834381577472724,3.065813430445361,1.3903265400630809
0.015152073308052839,0.010267157881632542,4.154636906596076E-4,-0.00800941447849058,0.2840837993505805,-0.32108322866363886,3.050670654692352,1.4068894866082926
0.015157065715171945,0.010293009656255741,4.5439487144527266E-4,-0.007995099066082144,0.2834486882790717,-0.3506603727850113,3.034647951934406,1.431252818458469
0.015146872513775776,0.01006686109250117,1.0467121194393231E-4,-0.008041508864996301,0.2813816176329698,-0.08033740869533353,3.1229079439339125,1.1753809707050384
0.0151582763717611,0.010093084200002465,1.449246756725249E-4,-0.008018247047402081,0.2798072380959072,-0.1115252649583196,3.102281798956453,1.1967093323056275
0.015157855726983869,0.010119228176788782,1.855515978152508E-4,-0.00801725066167297,0.28026583614243994,-0.14317351388163493,3.0952302190125303,1.2282996896332266
0.015150608834050125,0.010139534484220008,2.1771466029650889E-4,-0.00802943252520079,0.2822812604161336,-0.16842540069474465,3.0975139243464875,1.2592321124304044
0.015155305525078386,0.010184841118341767,2.875784645535049E-4,-0.008015582772238516,0.2821178277069177,-0.22244898466757265,3.077246760379427,1.3082383723353488
0.015155598144841681,0.010160032138287228,2.490767645421656E-4,-0.008017849122375728,0.28147560106577996,-0.19265478389608146,3.085153903580466,1.2788121109126995
0.015140544873394715,0.009870862726474427,-2.0192639966457564E-4,-0.008048937099063588,0.2777988010195043,0.16141330158412184,3.1693326422207337,0.9380746312102008
0.015143106050663447,0.009901924841241992,-1.5317331068762425E-4,-0.008046504131363402,0.2781162904593775,0.12275080559425998,3.161828657665581,0.975089420601492
0.015153970628611214,0.00993030838143735,-1.0825074120634987E-4,-0.008027280012462215,0.2767989353255531,0.08724158638375644,3.143989843006505,1.0017839088496199
0.015160643218934244,0.009989380320258758,-1.620790295229954E-5,-0.008016262651205981,0.27694790381484086,0.014752530658052458,3.124747985346484,1.0690156022497221
0.01516004460355991,0.009957844281220716,-6.51914381637972E-5,-0.008016742892637747,0.27632040668039887,0.053302577224415386,3.131705424410072,1.0308494955852296
0.015168652708443663,0.01001815443237299,2.8401359917322292E-5,-0.008000938796375352,0.27616036875910693,-0.0201579990262873,3.1089269905964154,1.0972696579626893
0.014708926302127069,0.008065850809696238,-0.003093799978466646,-0.007532810513854072,0.31443205679706804,2.478965988953196,2.7387828181319143,-1.2952409815431365
0.014698866185846744,0.00805123473631107,-0.003122387409771145,-0.007529221484894439,0.316373931349557,2.5019556343643234,2.73160599697742,-1.3141089749717232
0.014718367929479823,0.00807978531049077,-0.003066746304824824,-0.007536258952419341,0.31275287469369234,2.457175345142913,2.7455685676864037,-1.2772882533016203
0.014730125097167377,0.008093422083785842,-0.003037087866046198,-0.00753557653473634,0.31055806190462015,2.4324988291723275,2.7495338992436764,-1.2586383693233334
0.014742322114027007,0.008107504842610093,-0.003006456201617498,-0.007534566347187194,0.30832893595103367,2.407001192419625,2.753356731908933,-1.239410282075312
0.014752055131058345,0.00812241589115932,-0.0029780541780006354,-0.00753816866869082,0.3065752209054362,2.3841749366633205,2.760284892284881,-1.2204418136398374
0.014754429546282248,0.008167833504062074,-0.002924825439606638,-0.0075905591238760945,0.30626692299985375,2.3490551218754425,2.8075070026085913,-1.1733015151649975
0.014765343693844508,0.008182984820018264,-0.002894457962452954,-0.007591855146218203,0.3042833242051946,2.32410527867189,2.8126894576768176,-1.1534179851040258
0.014776833583643685,0.008198564147521766,-0.002862949594299904,-0.007592517924708703,0.30224785492760603,2.2981428091627705,2.817490158523574,-1.132918672735111
0.014782353035497579,0.008213200814571492,-0.002839686219428977,-0.007601294224189918,0.3013322408265283,2.2802881214975246,2.8272111622456766,-1.1155772300244668
0.014759582476729228,0.008137564565109912,-0.0029521165090536684,-0.007545268961566231,0.30520943954377483,2.3639797620559677,2.7694284038178036,-1.2021356982330682
0.01476338878679378,0.008153267685138896,-0.0029300875905603437,-0.007558654615017288,0.3045954602459241,2.3480548559148136,2.7826832182235597,-1.1847122265058967
0.015020561335027799,0.009104999923155775,-0.0014267278161638937,-0.008004853176735357,0.2758749894417594,1.1530891984951326,3.2129181473585544,-0.008163001722975906
0.015032867089195115,0.00914281537433724,-0.0013630564974373195,-0.008004792263500963,0.27488270644695717,1.1006292404126774,3.2126079766609608,0.038527716442283214
0.015033927879809504,0.009125138657044415,-0.001388653147117137,-0.007992144927303976,0.27412437529968425,1.1210533636156603,3.2041066755815066,0.014840021065761832
0.015040029688722296,0.00915694740856674,-0.0013377920039197753,-0.007999661581814662,0.2740453066070558,1.079589922144477,3.208916648628577,0.055113865091157184
0.015046626234725524,0.009175929391295398,-0.0013057037195003329,-0.007998227385141153,0.27350990312227946,1.0531454888013843,3.207622995828863,0.07818995268679253
0.01503096012397435,0.00908381048791715,-0.0014514336023448168,-0.007972028119300497,0.2734895671916457,1.1716532654933935,3.190354022283167,-0.03879406139778251
0.015009109398265053,0.008975558078330202,-0.0016234741431378611,-0.007939937076069116,0.27430439288651254,1.311514004456063,3.1662535602219632,-0.17559370104878344
0.015017810968653622,0.008995686028190777,-0.0015883892776159775,-0.007937966610234047,0.27331194587997265,1.2825022982555712,3.165507134536213,-0.1510366858720059
0.015050881753525536,0.009061861598245406,-0.0014707168765837229,-0.007921027924436995,0.2696490662875475,1.1846694004499583,3.1552692423165474,-0.07206925714361623
0.01504261867900157,0.00903541034295705,-0.0015143203855491891,-0.007919064172410577,0.270262559776102,1.2203483309798984,3.1535082589683268,-0.10443253956085076
0.01503228565418627,0.009011106694636338,-0.0015562603367224885,-0.007921842281119211,0.2713833368965602,1.254983527389565,3.1548786602697754,-0.13374877148872655
0.01503923628188158,0.009216352802993167,-0.0012492383200205046,-0.008034872490612702,0.27599797887275307,1.0084724897866135,3.2316900353253932,0.13430647112429792
0.015055225299982716,0.009270706720793224,-0.0011586205126915162,-0.008033186337977172,0.2748407426400644,0.9339863609636228,3.228507700282775,0.2009830519455118
0.015055265505959013,0.00925681878970688,-0.0011796042363920085,-0.008025976035197517,0.27438946856787144,0.9509098614071391,3.2241650732678444,0.18246710992801288
0.015049516902703959,0.009236864715674165,-0.0012127426335936163,-0.008026420660711124,0.27481068656418467,0.9781169765943741,3.2252231633635553,0.15802243005818106
0.015063471996355682,0.009282831558593224,-0.0011361089370763536,-0.008023600145669845,0.27381333670655494,0.9151274989730486,3.2214324752868957,0.21394243800000254
0.015066153319145676,0.009314996572335955,-0.0010860137308343263,-0.00803420111917815,0.2743371863672683,0.8745563172993857,3.227004051047135,0.2555604675001775
0.015071434386873679,0.009297280858081139,-0.0011103213590920318,-0.00801558954479298,0.27276059359709165,0.8937169824811875,3.2153126534509147,0.2299806386703648
0.0150774758532519,0.009330505296920867,-0.001057121383077532,-0.008019923250380286,0.2728305318683313,0.8504079045877436,3.2164635425193318,0.2714368437500308
0.01508654846014828,0.009349832446984011,-0.00102365145330174,-0.008011493453777411,0.2718411496745432,0.822821344806976,3.209617916625851,0.29309725123730895
0.015099367193902058,0.009389629051214281,-9.576775256741522E-4,-0.008004444685246167,0.27084578168233836,0.7688147745478225,3.202225828267919,0.3397917277245739
0.015092553362055505,0.009368203546933662,-9.931222695075878E-4,-0.008008214606852226,0.27141940312834906,0.797814137669406,3.2062255098435277,0.31467684426296616
0.015054129397465116,0.009197786569799657,-0.00126887109897055,-0.007996413583910454,0.2728094076085512,1.0227949272603434,3.2059022693147665,0.10467596934852814
0.01506564027694098,0.009516562581397771,-7.745702738721225E-4,-0.008117965616060048,0.28099614238438514,0.6229038301443075,3.267290519974963,0.5256032773552315
0.015071703834096986,0.009500417188173885,-7.977396040891374E-4,-0.008100558234150441,0.2792346470380489,0.6413261581653836,3.257304012874433,0.5005942467993021
0.015076817486986006,0.009534809691923463,-7.422211683271464E-4,-0.008102330932474746,0.27949013290132907,0.596220615771256,3.254796392553628,0.5436851228175207
0.015085733375196255,0.0095569604761032,-7.047147682749881E-4,-0.008092097642518564,0.27853098930512044,0.5655576009433764,3.245452594544425,0.5680297348513035
0.015105099494015235,0.00967608075615219,-5.128613161030324E-4,-0.008086606948650847,0.2788267632613433,0.4103686437221041,3.2262887104861737,0.713134237278383
0.015114413287128948,0.009691729331122776,-4.8626823667431934E-4,-0.008072005709891245,0.27737537928927625,0.3887903356060683,3.2144320647657096,0.7273910485746091
0.0151028057125899,0.009644310294367556,-5.632143851488286E-4,-0.00808347558747492,0.27825962246235797,0.4509214872587308,3.228683326432449,0.6729650707095284
0.015112183526598776,0.009659652049450844,-5.369231662778432E-4,-0.008069038086411578,0.2767955773074158,0.42951793312193925,3.217067856757706,0.6870476260676153
0.015100864261976812,0.009611988827810468,-6.142849006215257E-4,-0.008078805906592657,0.2775987621979614,0.4920908358503913,3.229864482253791,0.6316864047148724
0.015110128754395866,0.00962785990660853,-5.870427853541946E-4,-0.008065091308834016,0.27618788264028354,0.4698610791331642,3.21875417732237,0.6467995036153472
0.015109800548089757,0.009596187418268823,-6.364268219064213E-4,-0.008057141138047879,0.2753457233463684,0.5096030636516721,3.217502752277489,0.6055172425998232
0.01510304238362817,0.009576068642719914,-6.696569981335898E-4,-0.00806437888597341,0.27604678968554636,0.5365957747321958,3.2247306463113143,0.5831168626760058
0.015087385537800658,0.009491545969427698,-8.059872942980732E-4,-0.008067054212095035,0.27614671594490675,0.6471647659906689,3.235669255341087,0.48025938119937767
0.015101558209447322,0.009476416458240391,-8.242314688617593E-4,-0.008034334925700194,0.27318313289228474,0.6612167316836673,3.215204720867669,0.45276650900728255
0.015105037750007839,0.009413405222175803,-9.192120899074082E-4,-0.008003471075029009,0.2706068026702097,0.7375277944915285,3.199844975178696,0.36833409152305413
0.015110312864060128,0.009439010040028097,-8.781602544341424E-4,-0.008003557273089698,0.2704290295857846,0.7041807947727975,3.1978722081208293,0.39932925916235024
0.015113132161801775,0.009460367272529026,-8.445449849741014E-4,-0.008006284977521708,0.27062409701237017,0.6769935528798041,3.197876901932418,0.4258370714708485
0.014795959838998209,0.008223417294035175,-0.002811860287931813,-0.007591790915940705,0.29901524093520254,2.255763036960914,2.8237785592684124,-1.1000276551043546
0.014811063511990156,0.008240145514946617,-0.0027749642146324906,-0.007587392917148256,0.29635103087459114,2.224625709935174,2.8253453320323185,-1.077224355193856
0.014823264260356895,0.008260225375945113,-0.002737687643917002,-0.007591188372682006,0.2943443067317453,2.1944634880585743,2.8329480366006554,-1.0519564401666648
0.014831678167291314,0.008283494185966972,-0.002701021801393849,-0.0076043267005146626,0.29301678619721666,2.166191487375151,2.847283663245535,-1.0245016342441622
0.014839617645925321,0.008308378351560475,-0.0026628474759755817,-0.007619635649899384,0.29181546329386204,2.137022142504419,2.863225139284291,-0.9953963801215505
0.014902560691384643,0.008489962857991203,-0.002374062595882034,-0.007709444679798518,0.28289904519751485,1.9104818928791107,2.959886575946395,-0.7771982923769661
0.014887521974613514,0.008479541547082017,-0.002402496570194859,-0.007724256727329716,0.28520098146462297,1.9357468042791708,2.9680126007768566,-0.7919017539500476
0.014875807430683835,0.00846235303009414,-0.0024361950309574614,-0.007726326232927851,0.2869987814920085,1.963828552624536,2.96631499981411,-0.8139541193486101
0.014867925411034667,0.008441069775311383,-0.0024710577146413036,-0.007717351625651902,0.28811585116982363,1.9915399116197816,2.9563088955915586,-0.8400340850015154
0.014921662376644596,0.008506558825403163,-0.002334003776090557,-0.007693835485297723,0.279928510266473,1.8756542504824982,2.9521926044700444,-0.7548978249434529
0.01492744167357012,0.008537907218113608,-0.0022886143537124153,-0.00771495075609449,0.27939124697058854,1.8406863471448511,2.9714957452247472,-0.7177076859814929
0.014875704449604782,0.008422360636477126,-0.0024860324087116695,-0.007684594337433647,0.28663834657792114,1.999847318825885,2.9307631732745048,-0.8597922872868357
0.014875636253142416,0.008401310367918764,-0.002511905971987399,-0.007662374621327065,0.2863611483725419,2.01833503884655,2.911805599205484,-0.8834844720742693
0.014862115437525492,0.008340669319557336,-0.002599598846855794,-0.007618964305269974,0.28826997052673414,2.0848155939271096,2.870171624058021,-0.9539461287195411
0.014858132865824148,0.008319086414168215,-0.0026295520221269846,-0.007601611991722161,0.2887287167646516,2.1070477010792663,2.8539225084006543,-0.9784283327822939
0.014891717636967665,0.00838666362474694,-0.002512554451208683,-0.007620288241681974,0.2838571875271328,2.013488512610707,2.880847942679033,-0.8960376353037095
0.014890637574938676,0.008366853638134109,-0.0025374472299692762,-0.007600914958550506,0.283643045377099,2.0313932334458134,2.863967898934544,-0.9179769158248875
0.014883237814245137,0.008346938812357966,-0.002569118879651204,-0.007591477771756524,0.28496906686949414,2.056088322855286,2.853490978541569,-0.9414849141188603
0.014927689862486366,0.008639949325775229,-0.002155658724837676,-0.007811728388512357,0.2807234130932681,1.741004334975819,3.05170247890489,-0.5958361329790888
0.01493158569610095,0.00862147904808713,-0.0021764415896385787,-0.007787733230132361,0.27967508915453687,1.7557781115755318,3.032991889090605,-0.6179353030096351
0.014944401945945,0.008606567733884163,-0.0021839746804329443,-0.007751580747907557,0.2775200022144924,1.75834079156143,3.006417728347319,-0.6347525067245248
0.014945371199663746,0.008561254650603266,-0.0022414898958037026,-0.007707020767811413,0.2768265952643201,1.8010687730661277,2.9697999807890114,-0.6881075492307692
0.014958891508475741,0.008584754013505056,-0.002198577092130821,-0.007706252450025816,0.274828334797036,1.7657138876639202,2.972744876907559,-0.6590742309441803
0.015012123901081599,0.008881205101192469,-0.0017550958281879637,-0.007865137512643406,0.27152814636368744,1.4148407014352025,3.110586656515555,-0.29687240575727913
0.015015618725026186,0.008903940436151484,-0.001720600909750517,-0.007875948733711684,0.2714797571533793,1.3872244223759063,3.1192580146030893,-0.26846913773541475
0.015019107830072818,0.008931224539370912,-0.0016795566108100818,-0.007889751396777346,0.27159872881170394,1.3543762976534512,3.1300801429906175,-0.2341724647829606
0.014941540102683762,0.008653632221381581,-0.002124743129203773,-0.007800081343573169,0.27864789627603415,1.7142830422035586,3.045484623472533,-0.578297223852016
0.014953054328265603,0.008671258992631395,-0.00209087475429412,-0.007795904144297095,0.27702342305369365,1.6859284243010613,3.0447711404918834,-0.5562451455426372
0.014958367854560834,0.008688049716750707,-0.0020637351966552105,-0.007801593150440211,0.27646708051741736,1.6640462044598425,3.0505900263217156,-0.5355360084216542
0.014960969849155513,0.008703989960004313,-0.002040081510602727,-0.007811099373648283,0.2763633822662065,1.6454227508037078,3.0588345229177683,-0.5159602637556601
0.01497278658289662,0.008716798387282327,-0.00201256762275365,-0.007801463591895094,0.27464465017011036,1.621850237162098,3.0536556026706694,-0.5000208841993886
0.015003842438399657,0.008823510167965133,-0.0018415769851648312,-0.007835092081813627,0.2716329236282537,1.4837961872535013,3.086205977020182,-0.36868051009361563
0.014981969828668009,0.008783822709973105,-0.0019138500360677854,-0.00784195803736574,0.2743453764803198,1.5438735124565521,3.087677266094665,-0.4172129582813645
0.01499960172243766,0.008799822769470727,-0.001877496589518819,-0.007823623552187107,0.27182003794753296,1.5124713504972198,3.0765228457106506,-0.397948261586464
0.014988323835119194,0.008736118173341044,-0.001973270391118319,-0.007790689018778883,0.272552031548523,1.5885276109861104,3.048300953326218,-0.47622792790923374
0.014993671535153314,0.008760117842579827,-0.001936394963600791,-0.007801471844002934,0.2720252459433078,1.5591375686299758,3.0579573959196993,-0.4468387050786703
0.015020586802017304,0.008842132439563867,-0.0018027623904495053,-0.007819834318462135,0.26950001028719067,1.4507553717333008,3.077176723918718,-0.3465567090024421
0.015031363992124819,0.008862578572444864,-0.0017662817387376518,-0.007816354683952352,0.26807869111932175,1.420550464188383,3.0762237589813086,-0.3219399368031189
0.01503024857960086,0.008822599989323774,-0.0018219283141249266,-0.007787352484631338,0.26742605762842403,1.464019192751584,3.0536498961601675,-0.37126584393769557
0.015030025867099124,0.008954664336478268,-0.0016384821575587006,-0.007886751832654764,0.2703539609063999,1.3204158221973001,3.1290537441001014,-0.20583440487250093
0.014648339616175137,0.00796264531988533,-0.0032815068240002435,-0.007487289562847269,0.3260868181344583,2.625657244546,2.6733860795237057,-1.4231515688001124
0.014657111495684128,0.007979142797075357,-0.003252832596552002,-0.007496595138907588,0.3243160185646528,2.6037509160723933,2.6853997596339676,-1.403278122607453
0.01468426293647089,0.008006336719835977,-0.0031886020356051196,-0.00749239497283869,0.3191686354429051,2.5498252625210722,2.6927563540677526,-1.3641883445331555
0.014673776501693622,0.007992071017350354,-0.0032172378663883933,-0.00748911524245528,0.3212369948340656,2.5728455647337145,2.6855447878711445,-1.3827830116289297
0.014693835688544161,0.008020569243724714,-0.0031612149288964627,-0.0074967869686887395,0.3174050957757258,2.528012640020123,2.7005712860467894,-1.3460398431445768
0.014706533841032468,0.008034145188882161,-0.0031304506416852877,-0.007495412039114374,0.3149712753461826,2.502320742210244,2.7044409649787293,-1.3270484194779135
0.014630904367631916,0.007873165806715291,-0.0033935989062746108,-0.0073896109700357015,0.3300476388301879,2.6978732062442443,2.577962956092986,-1.5125036319726197
0.014637600461224894,0.00790344092771865,-0.003355097247151504,-0.0074219423782425934,0.3285401441415919,2.673094897100008,2.609981306905542,-1.4824625580835067
0.014643057492538305,0.007886015256688042,-0.003364453322885447,-0.007390089481641352,0.3275749713473007,2.6739768112458298,2.583638525910571,-1.494608355829259
0.014658617546505588,0.007947222203044882,-0.0032831080116572328,-0.007451249262231937,0.3242433575008777,2.6197642813549216,2.645231698110837,-1.4319975128110178
0.014647309948468447,0.007932929571823368,-0.003312740524884733,-0.007448336637397507,0.3265159958547413,2.643614988971524,2.637870700290804,-1.4508972061738439
0.01465325854050071,0.007915732470493209,-0.003321592205319845,-0.007416220932036738,0.32545389439663247,2.6442460920698476,2.6114844311396124,-1.4630587773286416
0.014638548325867001,0.007859013411668784,-0.003396428667318576,-0.007359135786362958,0.32863925648192555,2.693512594611663,2.553890167806606,-1.5201320612800138
0.014634815801862773,0.007844273955839571,-0.0034154622715753175,-0.007343891083656281,0.3294653627498074,2.7057360243138198,2.5385452144574217,-1.5345893328940796
0.01446456496783264,0.007559311974541704,-0.003907700597252301,-0.007148252238136557,0.366930749722055,3.0588985563690128,2.2828024800499587,-1.8553690025190208
0.014465008974409449,0.007542930875084026,-0.003919246670679204,-0.007122315475104295,0.3668508669201563,3.060850087137324,2.2597199857809542,-1.86509366923666
0.014627779283236837,0.007827068254863833,-0.0034412839203936223,-0.007329674266168928,0.33088817294582656,2.723707975149217,2.52269657503906,-1.5528637093734883
0.014614426987220664,0.00781178209652254,-0.003474140771738642,-0.007326678323486686,0.3337178028941401,2.7499491556271063,2.5140773440309405,-1.573232318684422
0.01460390121821019,0.007782011097951453,-0.0035160660979829915,-0.007298882338790335,0.33603088354142235,2.777844967972914,2.484382053113134,-1.6033694516239814
0.014616261282151311,0.007793834144429907,-0.003487863897078474,-0.007298776255821001,0.33328055381187444,2.754771949645634,2.4898539579531542,-1.58648049773876
0.014607165661357828,0.007765162046810027,-0.0035264161046199066,-0.007270429066915012,0.33539633640421973,2.779578023627265,2.460328103011841,-1.6144352814845657
0.014595324066808064,0.007752574987729476,-0.0035544561453778605,-0.007268390148654136,0.3379516577063478,2.8019447495780923,2.453121999371348,-1.6314787415470822
0.014582721639048932,0.0077420624363431015,-0.003581819311771131,-0.0072701704689833255,0.34053162687874877,2.824741521531455,2.4489396629942863,-1.6474676795618683
0.01448187635832146,0.007570218071246963,-0.0038727336620580327,-0.007143732926030503,0.3630767414991656,3.029038144425083,2.2872658364290523,-1.8358629638675217
0.014498017639959594,0.007583584994173765,-0.003837814380814639,-0.007144181246195023,0.35944430348406714,3.000740832015173,2.2955982401915485,-1.815730338853654
0.014511312178907308,0.007598863447515861,-0.0038058042676553587,-0.0071507947207177696,0.35649181949613334,2.976527071005226,2.3080087902720976,-1.7964173243839212
0.014517221486135764,0.007614490880876397,-0.0037846283252196953,-0.007166965570825484,0.35508366547052284,2.9637278640161546,2.325350263645671,-1.7820413984236332
0.01453293882338283,0.007626687875528177,-0.0037513550035849813,-0.007165386721323453,0.3516883825248063,2.93618728111764,2.3315200110170475,-1.7629382720934357
0.01455319860757822,0.007686100029558993,-0.0036727564934647254,-0.007227530156594457,0.34698331016354506,2.8884404847222456,2.396892924223845,-1.7080309985821482
0.014548711077759109,0.007669960743909009,-0.0036927947665270785,-0.007209531060926194,0.3480244692385992,2.9001313042146912,2.3786010281398138,-1.7224881953315736
0.014541828254029866,0.007650347751938853,-0.0037190687282334556,-0.007189321093549522,0.3495651981112778,2.916244602546774,2.3572158245332324,-1.740777253386627
0.014569671432816405,0.0077002571969783246,-0.003636667559882262,-0.007226714008020703,0.3434509143042828,2.85873372605585,2.403870241994803,-1.6868918428649593
0.01457837605958804,0.007724492056598135,-0.0036033349771525994,-0.007250507491282955,0.34150442970735534,2.83745990897755,2.429246662463786,-1.6634378264331524
0.014348287412249715,0.007305736346742139,-0.004261044897598195,-0.006876952481816788,0.3952772875175273,3.259118990417334,1.9809458546741996,-2.0760299470586596
0.014359997142610093,0.007327861533553015,-0.004229162668196833,-0.0069005713301943895,0.39232920737158783,3.241621362073946,2.0080124442852156,-2.0574044175327515
0.01436986452394029,0.007345201585972186,-0.004202866855530661,-0.006918096119914902,0.3899529148397142,3.2264287532468425,2.0287321986313462,-2.0419999439651053
0.014379283983013568,0.007359955612403207,-0.004178717124349758,-0.006931712702758215,0.387695164205128,3.2115686037493973,2.0457731774392744,-2.0278954125355675
0.014389314743492603,0.007374195349337771,-0.004153803104246013,-0.006943641400037989,0.3852748101755518,3.1954835026552115,2.061617147135465,-2.0134032929851755
0.014398614163754883,0.007389384164004367,-0.004129376484187391,-0.006957700333919091,0.3830117463984015,3.1804300261711855,2.07893638127841,-1.9989311651492219
0.014416640330596572,0.007434868272587424,-0.004071143577932235,-0.007009848941865046,0.3786396621366206,3.150139980591983,2.134583600545042,-1.9623878245591908
0.014413049611588437,0.007421171141719227,-0.004085887861303903,-0.006992182378338401,0.37951346566080524,3.156456088303028,2.1170162293049373,-1.9721151029277235
0.014406275468458383,0.007405134253878911,-0.0041070898892199515,-0.006974294013939404,0.38116945603827584,3.1678429579698,2.097631104892901,-1.9853357129232745
0.014428397696611965,0.007443863710458645,-0.004046523963192148,-0.00701062250600696,0.37592198536978555,3.1304615701274288,2.14135068158916,-1.9485690170885699
0.014439160074997653,0.00747144835834267,-0.004010784208817256,-0.007041591490146382,0.37330788827148825,3.1110992282449192,2.174404583602652,-1.9256330696518236
0.014440045887843634,0.007455198353225279,-0.0040205268726542075,-0.007015049100141823,0.3730763376237028,3.1108753748774087,2.15126477888407,-1.9336375748994166
0.014462103919057912,0.007517729338843644,-0.0039422130762979705,-0.007086720886628239,0.36785460787963764,3.069039416337918,2.2263231736076543,-1.8821903128105735
0.014458098554173463,0.007503056959196865,-0.003958974229297015,-0.007068693575265878,0.3687866870428261,3.0773078882844707,2.2081800051475677,-1.89365960150078
0.014450746937242274,0.007486104316349678,-0.003982427565544386,-0.007050963597291377,0.3704896732230822,3.0909884109298953,2.18866020352899,-1.9087416162471749
0.014473584060483824,0.007528144112528494,-0.003916866060754417,-0.00708904194383157,0.3652364261802928,3.049133116235284,2.234146408619908,-1.8675158337573483
0.014139583103497291,0.007064710356182967,-0.004728562045026827,-0.006668463934985052,0.4481172806584061,3.5538678564976927,1.680905087289856,-2.325178617430485
0.014158163703385693,0.0070727857384028986,-0.004693176766172719,-0.006666580628314023,0.443259455746754,3.5247495733473713,1.6904570465855373,-2.307067736170833
0.01423160850023829,0.007170214631539369,-0.004525695608500343,-0.0067675378410750825,0.42438121012378666,3.431269896604682,1.8204079785726195,-2.2205724167897256
0.014220419194404818,0.007151850099260972,-0.00455313524694763,-0.006746758556044961,0.4272154430574209,3.445114662988795,1.795964028121986,-2.235101279939563
0.014211341904320203,0.007137576796229692,-0.004574962393459521,-0.006730783139902546,0.4294941978356173,3.4562840372748593,1.7768834827521618,-2.2465563040204404
0.014203043286223046,0.007123768986613674,-0.004595136966025349,-0.006714738153612248,0.43163580453633005,3.466021438026505,1.7582295724363508,-2.2570370475572017
0.014172035019814023,0.007084340811281478,-0.00466467387866584,-0.006674541247716183,0.4395822972146883,3.5052631906774785,1.7055033156512749,-2.292592259201778
0.014193875686142545,0.007110202295191155,-0.004616578952351714,-0.006699745086207273,0.4339397277901523,3.477125587585293,1.7399762453676224,-2.2680770860532857
0.014183561182956541,0.007096796476684354,-0.004639818563160454,-0.006685885514982326,0.4365963957982051,3.4900575961570355,1.7220261840928586,-2.279950984048542
0.014324329320626368,0.007277175592326512,-0.004316304904114924,-0.006855048863674009,0.40111894457940095,3.2957794805607485,1.9486739077953568,-2.106903713335397
0.014286178901277022,0.007223924901649802,-0.004407699213684813,-0.006805281287944218,0.41062720649598555,3.350956255298748,1.8841103154298657,-2.1575239389132737
0.014301314917376075,0.007238755068821583,-0.00437489836767856,-0.0068149131578062955,0.40684934127457134,3.328255353447478,1.9009268315437564,-2.1397947540480526
0.014313905152487795,0.007257182236533824,-0.004344331990497005,-0.006832737041232607,0.4037262396752334,3.310271592495251,1.9234333419565772,-2.122858983043772
0.014257030873597877,0.007164769444317163,-0.004485300359673066,-0.006734406843039727,0.41780474550154295,3.386070124448881,1.806314154253977,-2.199760159589457
0.014270641219948619,0.007188351080041737,-0.004451299649683765,-0.006760994684755147,0.4144771232396086,3.3691918529703853,1.836950152363242,-2.181590084142894
0.014291799356768761,0.007202376793270121,-0.004409184862088099,-0.006763954088466031,0.4092043431401171,3.3368080453021993,1.8514228617496562,-2.1593481681241258
0.01434686494812364,0.007279586690139725,-0.004278095076588978,-0.006835822777967148,0.39570019195686545,3.2584257157052083,1.9442464566862638,-2.08718749597965
0.014365892231301775,0.007287125229364408,-0.004243034197694239,-0.006828428254853492,0.3911729414005704,3.227965793295285,1.948074784938885,-2.068679756339195
0.013934817571439545,0.006765529043651603,-0.005167369100893101,-0.00628575440768677,0.500307336995677,3.7222431145193586,1.2359900789903888,-2.513145148422143
0.013924825634824313,0.006753072986261095,-0.0051868397832125065,-0.0062692606474184995,0.5028352461084175,3.7289374361528114,1.2163505449234648,-2.5202269860279007
0.013914221232995391,0.006740541073372734,-0.0052073018288406716,-0.006252840651018727,0.5055707390473166,3.736360844953255,1.1963864489765212,-2.527670614287606
0.013946172519851217,0.006776920067565505,-0.005145497784005012,-0.006299392429460198,0.49736973548318214,3.712123995102921,1.2543264919615351,-2.504494681150636
0.013960656303460738,0.006786961832692982,-0.0051181688662435025,-0.006308550577505783,0.49333839664819307,3.6954042027855185,1.2711805706332153,-2.492678388601693
0.013976949311853924,0.006796555797330216,-0.005087672644609363,-0.006315565383411783,0.4888336926920056,3.6751549156546233,1.2874730893181316,-2.4790732209271904
0.013990334724719953,0.006807443062251846,-0.005062099679687189,-0.00632645033226819,0.48527839227743125,3.6606462501627886,1.304861071981463,-2.4681298501818216
0.014002892621028088,0.006819174334508314,-0.005037775181850581,-0.00633915274736499,0.48197273079347586,3.6479644815827297,1.3231228786227331,-2.457881636647691
0.014014586335386875,0.006832021555245297,-0.005014675302195257,-0.006354192339769371,0.4789614766118388,3.6373191209118194,1.3426775276140634,-2.448348714153417
0.014025216161958648,0.006845731029875364,-0.004993159755952152,-0.006371275971190118,0.4762831828125051,3.6288162018911625,1.363189345404004,-2.4396514100549775
0.014034536287842528,0.0068597897596238975,-0.004973741317597189,-0.006389702306391133,0.47400388543668454,3.6224952870282725,1.3839799130543788,-2.4319520858612695
0.01404363922911576,0.006873612534096494,-0.004954615735682299,-0.006407732008259295,0.47171339189531475,3.6161289003562094,1.4043551995225008,-2.424242060146348
0.014050288578401108,0.006886557369536255,-0.004939878559755748,-0.0064258171752456395,0.4702480383533806,3.613119193573336,1.4232252262217744,-2.4185434223130122
0.014141300976679691,0.007045566004136648,-0.0047326419552841245,-0.0066336597807318,0.4475491217666323,3.5424088692165476,1.652301653040167,-2.326475664314918
0.014138847272654659,0.00702919379241645,-0.004742767017753341,-0.006607259439851828,0.4478808530823887,3.53922153946127,1.6284603217874731,-2.3308677982879913
0.014057267489658331,0.006928460785659423,-0.004916927187755749,-0.006494580168281887,0.4692001495225137,3.627157471227673,1.4839430021380542,-2.4122547633623648
0.014055359273614738,0.0069122810657721205,-0.0049245403005791465,-0.00646744215282935,0.4692484521623708,3.62060649948213,1.4604264136441858,-2.414169536280224
0.014063578456729415,0.006895350596514641,-0.004914418172498567,-0.006431804777293036,0.46662263616123817,3.5959788933364014,1.436499193975804,-2.406637869389097
0.014075143068468477,0.006936945193599172,-0.0048831400956682175,-0.0064962646520660685,0.46426940672117073,3.6011910189850886,1.4965604768523626,-2.395730872305881
0.014091938345553261,0.006947925556521498,-0.004850605241698196,-0.006502860680996745,0.45974562180798745,3.5785211585286736,1.5124578728284055,-2.380075168469197
0.014105388850749757,0.0069599056646224245,-0.004823606669141798,-0.006513480031146089,0.4562108604644464,3.5620084578848643,1.5295619907229978,-2.3673007015316525
0.014118121929291733,0.006971346834920196,-0.0047979713035792475,-0.0065234987183691,0.45291379953333694,3.5462474789597844,1.5457088469112337,-2.3550793888402697
0.014131026921779017,0.0069814603691181545,-0.0047724169479412765,-0.006530884972645542,0.44949031936094513,3.529379021704298,1.5597290943531392,-2.3427130902179485
0.014142012503481394,0.006991650008464566,-0.004750130722308844,-0.006539741817106789,0.4465667937430289,3.5157275369168337,1.5737644140395648,-2.331987429169366
0.014147096962583578,0.007010066163236958,-0.0047351597064851,-0.006567396356841599,0.44556283017964443,3.5158899994332335,1.599930959152417,-2.3255905981179104
0.01383073596776309,0.006644732320015847,-0.005364066625747592,-0.00612361305725946,0.5266518123886538,3.7884992691020547,1.0400819888855004,-2.5804657573612286
0.013841723582679351,0.006657965019383847,-0.005343829313312439,-0.006142245397817376,0.5239673514948994,3.7831253330028694,1.0618179906914094,-2.5743307337470047
0.013854463844341771,0.006674550965782985,-0.005320117952318148,-0.006165902866992249,0.5208777629792746,3.7777204229542,1.0885761163151246,-2.567282779208471
0.013875980464696725,0.006686176159347485,-0.005280731239314731,-0.0061759225119184,0.5148227736882932,3.7526333171696318,1.1110861243932737,-2.5508674522642543
0.013922727704032018,0.006722632611886624,-0.00519403793111209,-0.006216087855649188,0.5021945772715483,3.706844385743111,1.1736918920263273,-2.5167329091938773
0.01389470988716854,0.006696911627504974,-0.005246400584549247,-0.006185388089004853,0.5095450828738192,3.7311440985843665,1.1311529063543666,-2.5365624865059644
0.013911034342151386,0.006709023642167933,-0.005216214872421903,-0.00619826770565314,0.5051269756187889,3.7146428562582625,1.1521079765800275,-2.5245322137696227
0.013672069289436045,0.006495910811319308,-0.005645136333026786,-0.005915256439047847,0.5675979636425456,3.883604100974534,0.7734460731098022,-2.663651276044751
0.013658792733234747,0.006463552557294658,-0.00566512925194569,-0.005860422606040347,0.5692642217707807,3.8652012659841963,0.725545970845382,-2.6598521724111177
0.013675614830114079,0.006476580799028838,-0.0056363909075123906,-0.005879123219959061,0.5648221683629354,3.854838512448189,0.7511133382376222,-2.651975365235931
0.013686402104578041,0.006509344342912559,-0.0056205349890411024,-0.0059352164461749035,0.5639360019359961,3.876864936800188,0.7982220389432927,-2.657483923678322
0.013820648263741506,0.006631584199492702,-0.005382539606203585,-0.006104572803566297,0.52909504877777,3.7921868897249005,1.0187403629069236,-2.5856182017802527
0.013809780026601071,0.006619043521057331,-0.005402275724853422,-0.006086851478395367,0.5317876386612138,3.79748864359118,0.9978793450443293,-2.591431928403924
0.013705468191940393,0.006516037486701878,-0.005586559666349582,-0.005941127410966966,0.5582761483903208,3.854419261095718,0.8166752461698422,-2.644211261976055
0.013743395652793653,0.00654851261955031,-0.005520316741676704,-0.005986531627356398,0.5483647255815378,3.8306156585224405,0.8769116468594634,-2.6248682571129653
0.01373289190999411,0.006536724055970773,-0.00553856069576264,-0.005969060060876737,0.5508963192650356,3.8342965842642402,0.8567406867208295,-2.6292905704285032
0.013720149863197362,0.006525531127014384,-0.0055607801368818014,-0.005953319474297446,0.5541940488039955,3.841965254570862,0.8361820061571986,-2.6356697740596586
0.013797735459475552,0.006607443783210288,-0.0054240101110798146,-0.0060711952214807414,0.5349053671615613,3.8054055175704407,0.9777307759876032,-2.598375508979696
0.013784840466729661,0.006595670790647577,-0.00544717096681267,-0.006055412954136961,0.5382523546702275,3.814272555511956,0.9569021140587441,-2.605817765110747
0.01377004805813715,0.006586394106713173,-0.005473729490303113,-0.006044731349487041,0.5424134740507188,3.828638689929764,0.9384164958784176,-2.6155890318652273
0.01375665153171183,0.006559371776407661,-0.005496935135847757,-0.0060011444745768465,0.5448986037272291,3.821234532932381,0.897103462624682,-2.617545653466801
0.013771378651218509,0.006568512337578938,-0.005470745884390349,-0.006011883252439913,0.5407204238897054,3.8073816023267555,0.9155511170157878,-2.608158749274645
0.013538932699284387,0.006362478109688078,-0.005863296898688518,-0.005703809755089288,0.5992940549757336,3.9154754354507304,0.5283559812914551,-2.7022508864351775
0.01355811991177415,0.006366993407413704,-0.0058296583748564884,-0.005708768396105421,0.5933886475343031,3.893412716201379,0.5469482966324631,-2.6900790853562633
0.013573624667242115,0.006375254375571457,-0.005803512549552753,-0.005720865962166886,0.5890294186611388,3.881590050978302,0.5670161053817119,-2.682709051644238
0.013587665771897463,0.006385388540636391,-0.005780323739005041,-0.005736400797347204,0.5853892405593815,3.874168284310262,0.5881031707379688,-2.6773318353585065
0.013600386721994491,0.0063966017498634405,-0.005759617815332671,-0.005753964386468053,0.5822703361918905,3.8698488455142885,0.6094812132747353,-2.673373447431347
0.013613570405601795,0.006407339602740963,-0.0057378708795377065,-0.005770407241455653,0.5790113795372305,3.863944176290437,0.6305482239423547,-2.668594687562964
0.01362971750589749,0.0064159866859616116,-0.005710331302725218,-0.005782204383996404,0.5743782017090923,3.8506595042383993,0.6508680484085697,-2.6601892793012496
0.013651107704677218,0.006422658347176956,-0.0056730374982880616,-0.005788883557325818,0.5679696612051924,3.826783622950806,0.6717690904400025,-2.646424389261066
0.013667362908997371,0.006439373725684085,-0.005646376033750219,-0.005814530674376762,0.5641824728217456,3.8226746055931344,0.7011883265247726,-2.6414358921556325
0.013497281919631563,0.0062794599101921285,-0.005916369540731833,-0.005560133673840056,0.6035379244909896,3.859418409337708,0.40634195098343445,-2.682904634194001
0.013516201954802819,0.006289852321844674,-0.005885617136592914,-0.005576637484215768,0.5984026275923061,3.8478343123152148,0.4316266674075943,-2.675786453849147
0.013537332126199378,0.006342134671179302,-0.005861278144933431,-0.005667335397684529,0.597614198540917,3.890003684008724,0.5041307881127288,-2.6916010602668514
0.01353130128053088,0.006325005536735551,-0.005867849984700062,-0.005637456402982789,0.5975198312733042,3.8752035806987815,0.48073501199420987,-2.685997593218169
0.013535877044689988,0.006304627303466592,-0.005854535171863638,-0.005600491302110297,0.5935556142334542,3.8407482016790353,0.4619100059806302,-2.6704222100598716
0.01133284501552766,0.0050322114141463,-0.007861863512801935,-0.0021065888190556718,0.6619554397942528,2.1983953837831955,-2.088291931190405,-1.3539381092107374
0.011354796091767164,0.0050197999823051054,-0.007831381000101152,-0.002126975831723472,0.6576619662259795,2.204082370170842,-2.061397934383799,-1.3683933165978597
0.011316132204644974,0.0050071591118384575,-0.007846643503205604,-0.002064944654372019,0.6502400151865809,2.159556130198745,-2.0810126968920213,-1.3308554972272935
0.01129990725620774,0.0049889730775264,-0.007838559158394825,-0.0020294098503872092,0.641447204484807,2.1284012067306386,-2.0787110990074935,-1.3107793216530894
0.011141252140056674,0.004949607341677236,-0.007904082791586754,-0.0017824804123668279,0.6120891408861336,1.9548863375520888,-2.157666320944125,-1.1590769980997813
0.011169308124244846,0.004950597845787278,-0.007886935211199464,-0.0018224961399747849,0.6152398780364904,1.9808078154342683,-2.1399313684689933,-1.184591978186833
0.011196852360403246,0.004955089228775262,-0.007873580127305635,-0.0018638620112754526,0.6195851413453762,2.0090165157890065,-2.1249676918113702,-1.2103740947955677
0.011222972422555572,0.0049627408232743,-0.007864264163536425,-0.0019052508881753233,0.6249421060662349,2.038591082816037,-2.1131100458107723,-1.2356528893809011
0.01127484736019634,0.004986242386015814,-0.00785373752170001,-0.001993191831579834,0.6387550450237552,2.104708217173918,-2.094967010917449,-1.2882217280398665
0.011248241160094026,0.004972541179677078,-0.007857518306300245,-0.0019469043191831543,0.6309920581083351,2.069288320825793,-2.1031659985558746,-1.2607627556945762
0.011126783354966821,0.0049211448176340955,-0.00788172827331361,-0.001744032262501973,0.5990727657544993,1.9178938462280992,-2.143821720811634,-1.1389024227524276
0.01137732129585497,0.005022327168229344,-0.007816755753064439,-0.0021592660578908245,0.659657120717895,2.2249425555768547,-2.045719022555016,-1.3884086991967477
0.011585684442621869,0.005124925184419203,-0.0077536125512672445,-0.0025195631257633657,0.7071255168504303,2.496484728803203,-1.9453375717733359,-1.6014271533280164
0.011610276906956382,0.005121711767927242,-0.007727661765994467,-0.002548001378433952,0.7048097354525757,2.5096849112183652,-1.9201929410482685,-1.6187869964097665
0.011562185903982822,0.0051136423503377465,-0.00776242201123737,-0.002479175394532251,0.7022832710485751,2.466374076080953,-1.958539075218592,-1.5776335373934647
0.011539259959713423,0.005103431641774414,-0.007771561569712346,-0.0024404391748504227,0.6980313423356037,2.437899950124987,-1.9715661486198817,-1.554793065041588
0.011531873075130709,0.0050796030783482795,-0.007752010004931621,-0.002410044948850176,0.6874953138692629,2.40506511428709,-1.9604525764683884,-1.5379407698382261
0.011415311597096925,0.005049283171072721,-0.00781635324260496,-0.0022314835430408235,0.672771081243522,2.283236815316702,-2.036281794156198,-1.4304629420660093
0.011460862215246123,0.005055764312949682,-0.007786283793220408,-0.0022972081039034976,0.6765791561142603,2.3256693058886757,-2.00354750034581,-1.4706793466741142
0.011439556100122305,0.005050512491142967,-0.007798056045832987,-0.002264748273909238,0.6738465265343669,2.303581887897522,-2.0172829950851434,-1.4510708234394711
0.011518433913166566,0.005061797057855093,-0.00774429383265032,-0.002377322332905932,0.6796445850378614,2.3753522096097246,-1.9589616949320103,-1.5194683351189937
0.011479666464508613,0.0050375095418572526,-0.0077507841195493905,-0.002306621917509267,0.6687522793420521,2.3201877293634237,-1.973947356428824,-1.4782877916627142
0.011500615667723731,0.005047727340312121,-0.007744247400990552,-0.0023423339749221975,0.6733654299531073,2.3467612691661297,-1.963836923067224,-1.4992543132016765
0.011727259975135646,0.00516664491744734,-0.0076646326574432155,-0.002736298961392245,0.7196860873047316,2.6410775480298807,-1.8387100908948715,-1.7283899687776167
0.011703844342366314,0.005154833770496647,-0.007674922012054812,-0.0026960883049764336,0.715658263779276,2.611709083912411,-1.8538819545261183,-1.7052528774165172
0.011637078203132088,0.005129303746695748,-0.007711062902726405,-0.002588844772145732,0.7074592333547304,2.5369161313954884,-1.90048690771785,-1.6427990417630627
0.011666307203578554,0.005129239602316486,-0.007683509146418841,-0.0026252338367602685,0.7062508699078842,2.555857955044685,-1.8727070673123396,-1.6642886450108916
0.01169418799265498,0.005129544470626442,-0.007657249310894801,-0.00265981709200014,0.7050892245821685,2.57373528378136,-1.8461485130185482,-1.6845211712190438
0.01162567945521511,0.005098071401017886,-0.007688035902073932,-0.002545644627536177,0.6940214521518219,2.491583366828418,-1.88917778594751,-1.6184365491557549
0.011404921357889017,0.005023020653805408,-0.007795823628855016,-0.0021966620733396,0.6608389955372632,2.247647573048497,-2.02427970128946,-1.4117441864773606
0.012014823161794986,0.005257727642017002,-0.007453318471489092,-0.00316283313886731,0.730691557155474,2.9059373961029658,-1.5883548482064633,-1.9638337725101922
0.011946821508577126,0.005231344246767618,-0.0075028046183035066,-0.0030593538184874227,0.7280645820159105,2.8415483027515767,-1.649262935585135,-1.9085689918643032
0.011923574085107743,0.00521807776794783,-0.007514708624021166,-0.003019024099771874,0.7249931183700014,2.81291356449059,-1.6670744964011266,-1.8864033355612977
0.01196807360448401,0.0052203026206729675,-0.007468117894763415,-0.003070435070851028,0.7209740866244928,2.8346579790779067,-1.6205481233824597,-1.9130285984279927
0.011989013292970863,0.0052278943465435415,-0.007452462501531994,-0.0031015101920652817,0.7214969038602373,2.8535144275897846,-1.6018275941691644,-1.9295113667834494
0.0120073161581912,0.00523629977950538,-0.007440331387134959,-0.0031305300490184506,0.7227449418206089,2.8722718557341738,-1.5861453893350594,-1.9449353673433252
0.011894522158526823,0.005212382554601634,-0.007540286602437849,-0.0029802194227605745,0.7257800326759393,2.7918867663436973,-1.6948499432817077,-1.86551539766361
0.011789886509124907,0.005204396131975527,-0.0076419109291943664,-0.0028499710568461937,0.7321285687472279,2.72757779312446,-1.799891468208344,-1.7936760473994937
0.011810382331036248,0.0052076593286664,-0.007624220729319361,-0.002877741974371828,0.7318588555773263,2.7432331902559364,-1.7806658592590352,-1.8093486190819241
0.0118629242994313,0.005210711180626541,-0.007572298709470327,-0.002942346468713456,0.7282885616895668,2.774487017359483,-1.7273153281075937,-1.8451019985933104
0.011833477348134813,0.005200784865204049,-0.0075929162673544996,-0.0028977430957341926,0.7266724836059454,2.7460298357180233,-1.7522150323640049,-1.8202585365764041
0.011780527969075858,0.005180167784254857,-0.007625721796233941,-0.0028140503196385433,0.7219890401185394,2.689759027903236,-1.793922591713897,-1.772910976053114
0.011748168943294082,0.005152154536802662,-0.007628541027982843,-0.0027472516302623922,0.7118991174767906,2.6347551674466616,-1.8083914023484098,-1.7347281428848063
0.011769684407230181,0.005155840866724934,-0.0076109831098225686,-0.002776611762610635,0.712020957058794,2.65176753415911,-1.789351503878432,-1.7513948894509692
0.012037047139734247,0.005264264761259265,-0.007434423945370553,-0.0031939193210715386,0.7302826924747298,2.9232052991425874,-1.5668837765317944,-1.9798915339090513
0.0120608931656452,0.005294753139979049,-0.0074372768088991565,-0.003254403782867659,0.7396106255638416,2.9765678010392063,-1.5542339230949385,-2.0140238324731214
0.012054795003048287,0.0052741596659165516,-0.007423797534840261,-0.003223996954152412,0.7319369961464081,2.9436767786504503,-1.5516781927727978,-1.9959155373381503
0.012096319673239472,0.005319561291314331,-0.0074201626502510476,-0.003320643798141869,0.7444710709321153,3.0250378364389086,-1.524777235314019,-2.0496660823618034
0.012080344580258551,0.005303221091327697,-0.007422844013805448,-0.0032846823917666405,0.7400175546214066,2.995323685417753,-1.535941310856655,-2.0297652080186555
0.012134538753716142,0.005327261962109211,-0.007381799359703788,-0.0033689074496671997,0.7413494378433735,3.046878936437007,-1.4836888253817897,-2.073022696123429
0.012117358452272584,0.005315132647287,-0.007390566717838538,-0.0033369009609663437,0.73898393846411,3.0238611652735945,-1.498581379316203,-2.0560803644818093
0.012152945171106024,0.00533887165143686,-0.007370803233519183,-0.003401498447701029,0.742854959513129,3.0692882586960564,-1.4668379902718611,-2.0900368053117053
0.012170289790528957,0.005348554665893645,-0.007358981963920948,-0.0034306153282852012,0.7437881758701702,3.0882107899226843,-1.4502048595560686,-2.1049332366403735
0.012201444984275328,0.005371037344880647,-0.007342149856313643,-0.003489109253825642,0.7472965072384844,3.129860924365809,-1.4215385353317813,-2.1353933711396595
0.012186525572822113,0.005358326178113178,-0.007348408595848875,-0.0034586888177986744,0.7447114751255463,3.1069131055057593,-1.4346893500130191,-2.119328209252896
0.01222369020062805,0.005369751546746338,-0.007312955150305789,-0.0035089343460601445,0.7424117605332271,3.131347645765631,-1.3946124605765295,-2.1429599498835756
0.01224904624261926,0.005379451123832095,-0.007290132558603246,-0.0035452235878467298,0.7414818193577861,3.150331856428132,-1.3676119854070197,-2.1600516839445105
0.012276230150041458,0.005381907432640862,-0.007257758923923517,-0.0035736150213260694,0.7370583591203445,3.15725822923519,-1.3360142146885818,-2.171413497917683
0.012301405768982839,0.00538867154218252,-0.007231705663538522,-0.0036052350433219455,0.7346036196220876,3.1702314814178116,-1.30796352372577,-2.1850962412949237
0.012327972308960728,0.00540148918943952,-0.00720909627136914,-0.0036456045545819942,0.734104589398141,3.1924387278382733,-1.279610264094247,-2.203736146371313
0.01235898206502925,0.005407714998755777,-0.0071741770953072095,-0.0036808602030390784,0.729948315569739,3.203380951881431,-1.2441507630328206,-2.217573428882375
0.012402914939230418,0.005475515951087371,-0.007176998617039278,-0.0038090913567476324,0.745346390336584,3.3150100104701763,-1.2039647380716876,-2.2864604223593648
0.012430104905459054,0.005478524246091234,-0.007142600572033954,-0.003835880665466991,0.7400266496014895,3.318255219645034,-1.1709743312466818,-2.2950691049049747
0.01247429384820677,0.005508100073813053,-0.0071078501589599006,-0.003912493652142513,0.7401312860663878,3.363949649870989,-1.120168462720198,-2.3295504525009014
0.012459092930782947,0.005488180252275216,-0.0071113512433554436,-0.003872729460912688,0.7366071855682899,3.331826853863212,-1.1367059696735262,-2.309247258545937
0.012391906302646475,0.005451522359154671,-0.007170111472647289,-0.0037673032888112775,0.7389724481615048,3.2750093584640902,-1.2132617610392347,-2.2630596610376617
0.012387231972303533,0.005415675541241363,-0.00714405468114914,-0.003715479378377366,0.7267672047158181,3.2162475343305483,-1.2121323378378974,-2.23151703114555
0.012497930754107704,0.005511621763929706,-0.007077910322146839,-0.003935988503673355,0.7354447799901972,3.36645149851828,-1.091343385475594,-2.336463129225764
0.0125201255410418,0.005525481754064728,-0.00705869569108556,-0.003972545831392778,0.7348235235247664,3.3863176234750116,-1.0650300872877123,-2.351904690004265
0.012544024612445682,0.005540974261016986,-0.007038077809455425,-0.004012507882339805,0.7341142133935595,3.4081486007249886,-1.0363510839741323,-2.3686314087381706
0.012561715306024202,0.0055535454756685835,-0.0070234761270983204,-0.004043533015653289,0.7340031871937996,3.425842658278184,-1.01482863955299,-2.381738804886223
0.012582744079113329,0.005559754492635003,-0.006998465546693158,-0.004067705057046089,0.7303494719681343,3.4314085161789785,-0.9888985327839775,-2.389205423278455
0.012606432371774293,0.0055695459774783886,-0.006972363424860066,-0.0040986173551078855,0.7273572841662812,3.4418870064038534,-0.9596249268019873,-2.399657572767946
0.012632666230305983,0.005585370625145187,-0.006947135594622184,-0.004139736403774918,0.7256198796191254,3.461325134887706,-0.9269000627640611,-2.4151570279044683
0.012658820888803803,0.005590260936116591,-0.00691276764815543,-0.004164407680615319,0.7200931097668052,3.4612183060263324,-0.8947461315138331,-2.42020222853375
0.012713182121452143,0.005623700672738754,-0.006858657325708934,-0.0042486220923838676,0.7155052885749246,3.4984931422339662,-0.8253536046943006,-2.449906104428151
0.012699521615271485,0.005611667097639327,-0.006869611070882943,-0.004222203548622958,0.7155972267768912,3.483171821635404,-0.843407737519458,-2.439361900548569
0.012680772326087714,0.005599239063851915,-0.006887596931924307,-0.00419190386934066,0.7169081139821175,3.4689002589376243,-0.867396059172772,-2.428394457346666
0.01273216889972178,0.005624823462468536,-0.006831178570488283,-0.004261897696104214,0.7106035330360854,3.4926252479316733,-0.8024133437354285,-2.4501590406874247
0.01338017720670865,0.0061482566570914875,-0.006078901474272161,-0.005332823240526145,0.6244770074732325,3.8206988818605434,0.18150477270585666,-2.67259118065227
0.013406605178006717,0.00617153213323229,-0.0060414321015165385,-0.005373910301822709,0.6191868532759163,3.8227169524849933,0.22576216891832643,-2.6725166262073667
0.013400022153864571,0.006155224610440621,-0.006046976627166144,-0.005345429303247035,0.6187745507757609,3.806786269716311,0.20509236299903372,-2.665231584442601
0.01347867077925965,0.006252100073750668,-0.00594137735987139,-0.005513175109674238,0.6063076662167846,3.846078781685337,0.3635725158427447,-2.6786382139244402
0.013493739892932904,0.006260158028040268,-0.005917105737938411,-0.005526238533113735,0.6020974460696233,3.837220276436258,0.3835365179503141,-2.6732806208138182
0.013474236714950632,0.006232627506648592,-0.005943272666456282,-0.0054791281424415176,0.6051401023197772,3.824339383970209,0.34035750871516196,-2.6691008614619522
0.013462058758903587,0.006214322159929942,-0.00595892280358032,-0.005447653710361836,0.6067187939504842,3.814248785795885,0.3125418835269929,-2.665366620223097
0.01344357811295928,0.006197299745447172,-0.005985735159709203,-0.005418545326485605,0.6105435446896265,3.8136122913849126,0.2810639168267917,-2.66629413131063
0.013427968288840209,0.006178043188226906,-0.0060064605916965,-0.005385229235979619,0.6128626052676694,3.8055218270151188,0.24993830534861217,-2.663376174226126
0.013235674046405332,0.006039431145965919,-0.00628165280457111,-0.005130227264587885,0.6544292249614213,3.8173071457926384,-0.04504028621338368,-2.6714977183989443
0.013206144391388142,0.0060063319593046584,-0.006315699052836274,-0.005068333613798828,0.6578208561439066,3.794731507466089,-0.09926297580472764,-2.659384412624186
0.013220555800533666,0.006015188968178204,-0.006295614454887216,-0.005086151209510791,0.6548849737774639,3.7940793163643156,-0.07830477465274861,-2.6595291973874384
0.013236405985001766,0.006017716044338562,-0.006269898155600113,-0.005093289837365563,0.6500422317454763,3.781456978874895,-0.060583116856339554,-2.6536931949051135
0.013251801717050324,0.006047334794685821,-0.00625778015441317,-0.0051463737664976,0.6504150386558117,3.8124747087291655,-0.022964399123208832,-2.669449997629508
0.013266096991457282,0.006055545111821837,-0.0062370923413118135,-0.005162567358703896,0.6470422467391398,3.8098733575571444,-0.002584588360499452,-2.6683875090964024
0.013282149495916284,0.006053859955818898,-0.006208816185228085,-0.005161858239915472,0.6415164635521885,3.789470504486547,0.011595449440364948,-2.6584984075276625
0.01338007365394242,0.00612424061315213,-0.006069927850979681,-0.005291204357961873,0.6206777092664114,3.7847999778667645,0.1601148073438753,-2.6553876284662503
0.013357739527963814,0.006113444489164984,-0.006104250755870226,-0.005271449056566815,0.6265297436564489,3.7950901388626797,0.13083842299574255,-2.6608751677906084
0.013298188552182857,0.0060655266378245405,-0.00618656024308779,-0.005183814950041347,0.6381818441323229,3.7899360275273604,0.036127405412812945,-2.6588400348693195
0.013334924820060604,0.0061004564961246776,-0.006138334375773875,-0.005247455063592212,0.6319526015271172,3.802017942424875,0.09905641463666948,-2.664608403060939
0.013317138373907855,0.006080995556218979,-0.0061607601332187385,-0.005212376894260907,0.6345920085048226,3.7925520100683445,0.06642245726581807,-2.660123683756226
0.012873567341800715,0.005751328208803486,-0.00670704221816939,-0.004533702390252627,0.7055886417791675,3.637883026366929,-0.6036239610251629,-2.5486632094442707
0.012763933542038704,0.005687019838525419,-0.006830494631761517,-0.0043748665804694145,0.7201597943542127,3.586179913264415,-0.7528325870543688,-2.504758930466586
0.012788689481600885,0.005692740275904998,-0.006796762138570081,-0.004397783880955317,0.714420126386141,3.583772162070805,-0.721572522880599,-2.5075710688352313
0.012800515293069576,0.005704981612876105,-0.006787620136362496,-0.004423232413230942,0.7146395746807972,3.5989792595057333,-0.7043580768439155,-2.5174304513380803
0.012855667549606835,0.005735810592721075,-0.006724176834868013,-0.004500390438973736,0.7067077158805687,3.621709867849996,-0.6297820973165656,-2.5376698664441637
0.012838580682428642,0.00572037863905988,-0.006739804787370088,-0.004467529949113575,0.7075334107859885,3.6048133892714778,-0.6546602831808731,-2.526323577253439
0.012817894395680257,0.005709389262253036,-0.006763961306967534,-0.0044395224090313075,0.710621904355213,3.597273240940153,-0.6823386478254855,-2.5192598387772254
0.012873645521051875,0.005728198805502187,-0.006690712604144192,-0.004497475996217056,0.6993066585487486,3.5978294228767744,-0.6110124651562459,-2.527648191806054
0.012896361240345119,0.005759716021091006,-0.006676921789098514,-0.004557941560187941,0.7008363058037831,3.6380292454937817,-0.5739537408179224,-2.5518253656023977
0.012918995630922978,0.005770401428434974,-0.006648392943630695,-0.0045853635363333,0.6966055131114639,3.641652356152409,-0.5436833979331945,-2.5566557933637344
0.012755752932445878,0.005662880760927904,-0.00682465011934584,-0.004333251767219749,0.7153575684153797,3.547767248372481,-0.7675988491315701,-2.483251080238945
0.012755857926338626,0.005631176401554473,-0.006800547091756637,-0.004285486679055158,0.7058843919737129,3.4933273986875695,-0.7732271017216584,-2.4545516341102
0.01306257059232337,0.0059070471309702575,-0.006502369129341187,-0.004863631738355274,0.684552580952602,3.7660742098061912,-0.31623767743846004,-2.6362186696796033
0.013048979468590023,0.00589532080285936,-0.0065178518460616425,-0.004839653809408199,0.686261609556725,3.757735281341795,-0.3379292451759934,-2.6307918812320437
0.013032264724976551,0.005882098597112227,-0.006537393441692944,-0.004812005391375684,0.6885954338369896,3.74918099256471,-0.36380272199906966,-2.6248996663050534
0.013097145900159264,0.00593765184705451,-0.0064626295010889,-0.004925471981155576,0.6800299431894393,3.787241789605271,-0.26011547453050216,-2.6496813964887727
0.013087076158334111,0.005927640593522011,-0.006473682175066661,-0.0049056954610922155,0.6810928753502731,3.779411452606952,-0.27720087655791176,-2.644962338833334
0.013074738350622575,0.00591797976143276,-0.00648861398982558,-0.004885739845758051,0.6830655614408392,3.7740453866610495,-0.296468256028144,-2.641276487821552
0.01307808285342094,0.005902033084567538,-0.00647367636992646,-0.004860306958512051,0.6783344074693021,3.7439113470833307,-0.3019392288867097,-2.6261348235644886
0.012948363321346775,0.005812781673959229,-0.006629837932956849,-0.004666091701784247,0.6984841923092296,3.6947128018381643,-0.49279806983397495,-2.587885888811989
0.012969887173297136,0.005820332556843111,-0.006600076013791763,-0.004687310262766252,0.6935614737260102,3.6920039967794076,-0.46468419288348844,-2.5889509066014393
0.013002542196014764,0.005845044479318048,-0.006562973166835197,-0.004740329302678159,0.6893154142065702,3.709588828728947,-0.41604307638733623,-2.6015755535073093
0.012989185403095838,0.005830816398052573,-0.0065756210759162605,-0.004712040909580088,0.6899754783098863,3.6955184852518386,-0.4378900510211264,-2.5928835732923603
0.013021282226393371,0.005844125286456459,-0.0065319227593835195,-0.004745875476444245,0.6830242031671724,3.69325191304519,-0.3953906744841283,-2.5949727026430316
0.01303725654519446,0.005856643383029483,-0.006513606078738454,-0.00477203189123001,0.681010155714236,3.7016537676473713,-0.371360011316099,-2.6008500652017053
0.012942912302466907,0.005787940202056405,-0.006622096644961524,-0.004623905623567119,0.6938701131658077,3.6555180849039854,-0.5093434327408874,-2.566834006022867
0.013112290082790539,0.005940628236782553,-0.006438952329202409,-0.004934838058026151,0.6757027462423847,3.7781482550972423,-0.24179364558204622,-2.646130716307883
0.013129091637346461,0.005946567502195917,-0.006414119470802103,-0.004949432928489927,0.6712153718300674,3.772354227645765,-0.22005290037153938,-2.644270879854744
0.013158303175039047,0.005962748917547954,-0.006373910393349399,-0.004984080080476704,0.6651213677606708,3.771184757756021,-0.17868714903880667,-2.6453830317020546
0.013202158848527844,0.005981291902829206,-0.006309793227604194,-0.005025168862815894,0.6544356978625191,3.758121164409027,-0.12102824026024284,-2.64082451329598
0.013180214489418383,0.005967024874113407,-0.0063393584605428545,-0.004996420330199002,0.6587406683560549,3.75675777312873,-0.1530925586244233,-2.639179950114412
0.01314860524179391,0.0059429172623746175,-0.006379469635580192,-0.004948431133717687,0.6641781302349149,3.7477307640537307,-0.20174639355515175,-2.632925113525983
0.012959217126748841,-0.005898032391002332,-0.006668821758793519,0.0048104750538092095,0.717216087109548,3.838786744475741,0.4403954446991966,-2.663225719661229
0.012972871761929535,-0.005906609894779886,-0.00665169363533856,0.004830347901194472,0.7147368395820032,3.8430269536467025,0.4196935554287436,-2.6668977392368305
0.012932974382671788,-0.005880594775009152,-0.006700704831085963,0.004770339971312512,0.7215400178469684,3.828085906114929,0.4805881719676819,-2.6546879726612604
0.012946034914022362,-0.005888890857050132,-0.006684643557891321,0.004789735364139513,0.7192624335445345,3.8328288057576816,0.46081994376337027,-2.6586662043440437
0.012933305319853663,-0.005865553038508741,-0.006689878932699793,0.004745598699919652,0.7173883361878666,3.800207723832103,0.48726724454723164,-2.640453943399946
0.01292385394435065,-0.0058548973962008356,-0.006698137908217363,0.004723898116157464,0.717654160393783,3.788059529206159,0.5034896654635651,-2.633057927550812
0.012871361186912168,-0.0058186659925746915,-0.006758354551164996,0.004640210801193788,0.7250786826972772,3.759989245085093,0.5823814125775253,-2.6116526961941244
0.012881252727169123,-0.005828293753624794,-0.006749173049145083,0.004660656754932541,0.7245527240690119,3.7707324897241525,0.5665002248172479,-2.618559263409756
0.012911723049409076,-0.005843168061882571,-0.006709924069640783,0.004699210739950408,0.7185395757468332,3.775807827356132,0.5232560310547417,-2.625228488518442
0.012897192902732741,-0.005831097896813046,-0.006725212260801026,0.004672800291884341,0.7200084105332386,3.764434325989389,0.5459053631268872,-2.617480912396076
0.012833311202966777,-0.005789355036225568,-0.006798356726193903,0.0045736723234772346,0.7290641924368816,3.7315129673578578,0.6397902971975404,-2.5913963618178255
0.012846656547635664,-0.0057985508765343195,-0.0067836836837249425,0.00459534499844906,0.7273998845502935,3.7397505054937636,0.620143498424044,-2.597650299810441
0.012859613340964872,-0.005808253998521053,-0.006769859238517382,0.004617542703917178,0.7259591797038175,3.748925284584757,0.6007074491298919,-2.604276587945412
0.012754525301816068,-0.005736225452547962,-0.006882907497066029,0.004445627357560385,0.7381636009268636,3.6798991950334954,0.7534621520477881,-2.5518450363642304
0.012767641893460307,-0.005745699930465435,-0.006869665095728222,0.004468158675400165,0.7369897114673775,3.6902606474109176,0.734618063232908,-2.55947014696124
0.012778553049108283,-0.005755407531695648,-0.006859935191529088,0.004489724504046993,0.7364293360973554,3.702068907753238,0.7183627505908441,-2.5674230617024807
0.012790226964349286,-0.005766940100056115,-0.006850268326885162,0.004514576080694936,0.7363816142969937,3.7166264885339992,0.7004838021222627,-2.5768913505782356
0.012805013083066174,-0.005772932117155542,-0.006831304236734973,0.004532294273955338,0.7332705103906355,3.7188873258070347,0.6802127881936803,-2.5804600963384243
0.012819445966823096,-0.005780646840134823,-0.006814077902112889,0.004552402699712535,0.7310230877560953,3.724246521360449,0.6598423597709767,-2.5855082983613453
0.01261389229874142,-0.005654390076881253,-0.007032260943268774,0.004229069859715549,0.7541101629697778,3.5911471384242453,0.9459150344486937,-2.478667913363786
0.012630171520222418,-0.005657379492658939,-0.007010281411387749,0.004244893273678479,0.7502627721111393,3.59075957638392,0.9247224786733669,-2.481913656320796
0.012740544490846245,-0.005726686052111531,-0.006897298854289157,0.004422397405826762,0.7395591497078935,3.669626348120779,0.7732942103210517,-2.5440644218007384
0.012724544206836587,-0.005716314965396787,-0.006914004040269505,0.004396545413503562,0.7411963269895486,3.6585575368982006,0.7957275488894952,-2.535453942806536
0.012649056286194865,-0.00565015591734508,-0.006975859377648824,0.004246874395393095,0.7423047276451454,3.570509120195304,0.9013346560746854,-2.4753235207241393
0.012714199611831867,-0.005698621183789611,-0.006915943878250297,0.0043628027930575275,0.7386973188291143,3.6310675312252694,0.8121802961198034,-2.5193195039748773
0.012699220373160326,-0.005685274058737495,-0.006928284406279736,0.004332914723751457,0.7389321277006943,3.613575114363552,0.8333700301797416,-2.5074472758602124
0.012679628319936007,-0.005674759356063671,-0.0069497096459923335,0.0043043036867815914,0.7414239085860858,3.6029664188121866,0.8596866415819263,-2.4982037852341343
0.012663199228628215,-0.005661150717917839,-0.006963554561139868,0.004272887016099638,0.7417822535346345,3.584973159558356,0.8822102604935146,-2.4856550699491144
0.01260203990131067,-0.005642362654157262,-0.007039812288533799,0.004202673514982341,0.7533016553159255,3.573056566126596,0.9619821117466942,-2.4667998852100115
0.012469453790304145,-0.0055441455646724975,-0.007146698876462464,0.003959219510194679,0.7545076810778961,3.427541598744137,1.1297753364312426,-2.3610579873512734
0.01248370137207175,-0.005552918288609922,-0.007134349538175644,0.003983058260265474,0.754043585229151,3.4408413294544586,1.1124545248930584,-2.3714018662701792
0.012497092559537687,-0.005563516335813896,-0.007124689097765283,0.004008759952307998,0.7543780543885238,3.4573512346641775,1.0961800683835736,-2.383145926626897
0.012509128028596593,-0.005576023563525567,-0.007118509821605471,0.004036122682086279,0.7557483324934583,3.4774342092133756,1.0815395214493966,-2.396363121747538
0.012538292367396007,-0.005583211885346502,-0.007082699798386175,0.004068879323944777,0.7504667847340089,3.483839232643921,1.044593421079334,-2.4065225423234153
0.012526199760954758,-0.005570904968658019,-0.007089432724286067,0.004041918407864424,0.7493003959766885,3.4645725608351268,1.0595944235841215,-2.393774926007412
0.01259267959327435,-0.005624120553006248,-0.007038223169554895,0.004168854892459926,0.7497165539836076,3.542743029976107,0.9749053774384105,-2.449121362069046
0.012551473618163028,-0.005592611095465689,-0.007071712979866424,0.004092432437064644,0.7501906491524536,3.497487201703749,1.0279611261687263,-2.416582945404468
0.012565521837526064,-0.005601284117338896,-0.007058683851590433,0.004115507382246611,0.7493711263330162,3.5093754002562036,1.0100933923412645,-2.4258880224878507
0.012579850680798742,-0.0056114168531032,-0.007046336678712192,0.004140849291430965,0.7489223246799485,3.5235953041100285,0.9916927174901534,-2.436416985665296
0.011228417612266626,-0.004975832806223838,-0.007874999647807622,0.001921822796235263,0.63090355290419,2.05523791260713,2.119869561884771,-1.244302528376062
0.011094242818754423,-0.004919948739130665,-0.007900646715960956,0.0016975538335386872,0.5950948798871919,1.8877024715571415,2.1634654987538364,-1.1092423410232033
0.011116508444092144,-0.0049423078907506295,-0.007911683286535194,0.0017428989116219735,0.6064865386868371,1.9263938073881373,2.167650852962464,-1.134843241472684
0.01114472297761195,-0.004965048393730003,-0.007919072163579725,0.0017973309979311214,0.6188525171505185,1.971263190223139,2.1680702318595144,-1.1661339429252704
0.01120259900022102,-0.004959635491736096,-0.007874736717685132,0.001874905612240457,0.6219650197694343,2.0181472081694554,2.124700119107714,-1.2167869958801762
0.01117578563852225,-0.004944292429240246,-0.007875681585993798,0.0018273701854030074,0.6132365303161755,1.9811502125802318,2.130505255545937,-1.1887275267166417
0.011255160969013437,-0.00495786453147938,-0.00783649365782512,0.0019460618624790157,0.6253624108444752,2.0617822004199122,2.0865836631734846,-1.2623148609177048
0.011325179553528644,-0.004998424425026022,-0.007830253671909952,0.0020707229854427657,0.6468911148550399,2.158526540102624,2.0672394934168032,-1.3356088133327015
0.011281401161278931,-0.004974382460385584,-0.007835950644970507,0.001993606249307781,0.6340986411609554,2.0991474393330507,2.0807631556877677,-1.2901315781933074
0.011300536439905697,-0.004992040066310393,-0.007841479925586323,0.0020325140430149722,0.6428552096280814,2.1319423815199,2.080644636401667,-1.3123771643664492
0.011494732260337856,-0.0050651273774868855,-0.007768129093417031,0.002349427722659711,0.680960417961274,2.3615979663744717,1.9818614878063197,-1.5021046676864775
0.011471265562672698,-0.005046515258470648,-0.007767555726560135,0.002303174063350104,0.6725896376577895,2.323695965236407,1.9877826653476378,-1.475352155138916
0.011447404774490277,-0.005034266333867094,-0.007773887656711956,0.002261826985781521,0.6668928862651731,2.292402216024676,1.9983647198079348,-1.4509687347388696
0.011394644684518118,-0.0050206332372650765,-0.0078013317101629275,0.0021811044472628514,0.6595876728149612,2.2370824407012577,2.0306303525908977,-1.4022745190399843
0.011421516956419119,-0.0050233385460855965,-0.0077829315755309604,0.002218904868831356,0.6614652236108917,2.260932019153113,2.0111807925714618,-1.4254616197825187
0.011374926446049788,-0.00499808762955266,-0.0077920777688957185,0.0021372564296116957,0.649150558487891,2.198568977612068,2.028795076765927,-1.3774543497957465
0.011348857141171639,-0.004979857686029222,-0.0077921402030511145,0.0020885907914200675,0.6402078284506998,2.1598183309307823,2.0348422032648688,-1.3492207245219048
0.011522357487353394,-0.005049666705297319,-0.007727823904166571,0.0023719553074410017,0.6743378526075173,2.3647478114592553,1.946632961637292,-1.5171760045965181
0.011546440834485246,-0.005043906065286314,-0.007700870964377727,0.0023976680013863467,0.6716561205321235,2.3754314050549366,1.921683194478971,-1.5330982249253338
0.011588916682595304,-0.0050644844203881385,-0.007685454498251624,0.002469256244117625,0.6801000382493831,2.4279164382634644,1.898912646350346,-1.5747865408081136
0.011607024048643472,-0.005076607907072577,-0.007682112414008487,0.0025027879745071805,0.685099331251762,2.4540604874027974,1.8911372189646891,-1.594106601953103
0.011566641802352689,-0.005026707100434892,-0.007665010002426631,0.0024080735549831607,0.6642863226235276,2.3702495742336276,1.8920101583492517,-1.5404075282973222
0.011591448320869743,-0.005037440851243097,-0.007654520031520178,0.0024483402182986515,0.6686031821296162,2.398901079472107,1.8778138043068842,-1.563766564528317
0.011632403712193047,-0.005102731901847873,-0.007686823146849158,0.0025583199754552026,0.6957120444296748,2.5016739321852905,1.8861334450651974,-1.625831988740616
0.01166070702567773,-0.005114280375172075,-0.007672789685434522,0.0026041905593832174,0.6998970299663565,2.533927816436897,1.8676692522034808,-1.6524142795017869
0.011629117179041757,-0.0050769569033000395,-0.007662383152708306,0.0025305469312602515,0.6845878585024198,2.4690282300252733,1.8713233871363684,-1.6105075729599412
0.011753050545658979,-0.005161279910235652,-0.007633348776015154,0.0027621781683621715,0.7156744909338729,2.6493583824529736,1.809480037375547,-1.743222358496512
0.011738542196677644,-0.005145309440152431,-0.0076308183463053006,0.0027289204721365652,0.7095669812406329,2.6203314316010657,1.8134606986109445,-1.7241893209524461
0.011691991250611346,-0.00511941264381582,-0.007648579244720711,0.002647436275631281,0.7006844143545922,2.559821511955658,1.841482487612853,-1.677480735281934
0.011717445009191746,-0.005131671717185357,-0.007637031591638129,0.002690144064733666,0.7047840344552502,2.5905680018241846,1.8251220505129566,-1.7020158428945307
0.01177703384032327,-0.00515971545743756,-0.007607674871751853,0.0027892275094994596,0.7132790189493893,2.660936601789985,1.784424729228984,-1.758550392111242
0.011824102519592952,-0.0051808547264688394,-0.007581789287891021,0.002866094755204205,0.71882723090478,2.7141575519371943,1.7497992673011518,-1.8018966529925575
0.011802070495074762,-0.005165220120347138,-0.0075880720046827945,0.0028243095743668155,0.7137096895287424,2.68179807202869,1.762673539929697,-1.7782584574953575
0.012097491376065868,-0.005356757794716068,-0.007456173259944591,0.003366638152483569,0.7601236200702467,3.0838947984526466,1.53978511903869,-2.0786174629641123
0.012112101043505859,-0.005349310070938272,-0.007430935823444727,0.003372773056928061,0.7544391589890421,3.0758890214114234,1.5192397716086572,-2.0797344091949217
0.01208366900284025,-0.005344867376949382,-0.007460795037877406,0.003337797500407772,0.757298009107274,3.0610098778229466,1.5508460731566058,-2.0627339404183225
0.012069738934877483,-0.005331699613562481,-0.007464096540353169,0.0033073642272157173,0.7539460478208245,3.03614452869872,1.5611982118192744,-2.0458445358621096
0.011900570407467498,-0.005237629531523451,-0.0075599407217045245,0.003014365563419171,0.7362315198142223,2.830231064297173,1.7028788003236899,-1.8855919936844756
0.01184816032251745,-0.005189994016431251,-0.0075662731122040985,0.0029034889557603915,0.720675024787342,2.738806400949203,1.73048529355739,-1.822795043401232
0.011887125893748884,-0.005218558339445348,-0.007554626808059938,0.002978448721366739,0.729316192760236,2.7970808181587627,1.7062964962675282,-1.8650080678818994
0.011868882668588529,-0.0052015157924852435,-0.0075564010353339735,0.0029394369081608934,0.7236430613353834,2.7647559423000865,1.7156654461878291,-1.8429185381114035
0.012023465693553712,-0.005310310812418666,-0.007496775533316522,0.003232694605885148,0.7519346282433647,2.987896780484717,1.6046021283499239,-2.006160235053477
0.01203835226217471,-0.005314084552629168,-0.007483246014249312,0.0032531425074747663,0.7512995057195652,2.998777584318511,1.5893042023562447,-2.0167402201299356
0.01205452325498199,-0.0053213737350805,-0.007471649953749468,0.0032789898326185374,0.7519546025029332,3.015316429741251,1.5740925428920065,-2.030441718741034
0.01201341145953184,-0.005298604747835174,-0.007496438731878267,0.003208222496317427,0.7483644343782435,2.966399035187695,1.6102907340936172,-1.9922372954008238
0.011982035395663816,-0.005287773030255966,-0.007521302701779157,0.0031614766961860327,0.7480988707414903,2.938305790354734,1.6403131081883833,-1.967344637523903
0.01200099031245945,-0.005287053268616896,-0.0074988996908374695,0.0031814308617927447,0.7450601691425451,2.9444201845996263,1.6185815080830905,-1.9772218272918494
0.011968762986835843,-0.005270964390647433,-0.00751900020055139,0.0031277785859511156,0.7425433706415174,2.9079793650087855,1.6463709096080492,-1.9480515888937824
0.011949099811668118,-0.005253930946790914,-0.007523462654171646,0.003086902208702283,0.7376335214538704,2.8750190966683795,1.6590184873159473,-1.9251530850596883
0.011925568411899398,-0.005237792730355542,-0.007532811931794393,0.0030427933391524477,0.733404082190721,2.841728639172945,1.675891030581408,-1.9006222192603186
0.012240088499212688,-0.0054341352549004615,-0.007354422960327231,0.003606935483419452,0.765431408215102,3.239758104357929,1.3958177137961771,-2.2020178453570494
0.012226806876204782,-0.005422847212202433,-0.007360516685990041,0.0035795341276542085,0.7634868705803348,3.2190402164471075,1.408574461360952,-2.1875843734190017
0.012257117042219193,-0.005426338466662627,-0.007324745692071544,0.003613066824060356,0.7586082102174334,3.2283687768620317,1.3723121151978355,-2.2015662268173686
0.012125897746921233,-0.005353232349418438,-0.007418070758433677,0.0033917201897496712,0.7536951367652333,3.0856043499045183,1.5045745015299232,-2.089124873986514
0.01214147597330045,-0.005358344568697309,-0.007404091963106824,0.0034138328796658158,0.7530910969343783,3.097455249141754,1.4882021273429842,-2.1001032842274565
0.012212882994135558,-0.005411898961571193,-0.007367612979726857,0.003551956716682444,0.761841502924995,3.198671082125738,1.4219956241883158,-2.1731037301455025
0.012199669630909057,-0.0053988603415904175,-0.007371589093129924,0.0035224344109915785,0.7590296698042146,3.1748776955829707,1.4335906507298954,-2.157124487460248
0.012185961774218886,-0.005384440304947525,-0.007374676418967192,0.003490749472630053,0.7557235456419588,3.1487998022447,1.4450020490790871,-2.1398463696105487
0.012155842120801365,-0.005365689302698463,-0.007393679856495955,0.003437376593041205,0.753587029843109,3.1124452074514717,1.4740114459457543,-2.11218757903799
0.01217140738057252,-0.0053735484526468945,-0.007382135630682875,0.0034626969330765543,0.7539641537981888,3.128325177535386,1.4584414710241764,-2.1250577341101082
0.012284441766553333,-0.005431166828244689,-0.007293789058202729,0.003644942498274154,0.7548656315671817,3.2388835614881257,1.340116571822181,-2.214970204386962
0.012275173622118815,-0.005419210515844129,-0.0072944494792435,0.0036207514570560637,0.7520867126641876,3.2181016013346277,1.3480972586158968,-2.2017784852053706
0.012298257805223058,-0.005434213149718521,-0.007278581707056044,0.003661668994307443,0.7530665068723393,3.2449087480919325,1.3239716913089057,-2.2220278131967444
0.012314065132213314,-0.005439854999070517,-0.0072631030259612634,0.003683498900556231,0.7518980917778619,3.2551853542440026,1.306017441673539,-2.231746573442177
0.012329240678829347,-0.005446795590225189,-0.0072495342734935795,0.0037063570049958986,0.7512466343568224,3.2673911736906702,1.2890449051931367,-2.2422133321819833
0.012440841997543648,-0.005513949815295129,-0.007159639838985263,0.003893590498778938,0.7506037230490205,3.378162461191161,1.1625107955229976,-2.328538231629013
0.012455178637143143,-0.005517713730280017,-0.00714305254153712,0.003910551682600166,0.7484104306566605,3.383022306477811,1.1450177424157995,-2.3346309360458286
0.01247106701578772,-0.005523623063574372,-0.007126100781423317,0.003931623028529569,0.7466603827600772,3.3911888536374604,1.125792342673047,-2.342749589835932
0.012407298942328024,-0.005488048776979563,-0.007182423221811046,0.003829898876996807,0.7490789916740263,3.3361679199247867,1.2006670684237248,-2.2983769580523306
0.012428628015009288,-0.005498161979572319,-0.007162294870673206,0.0038616395511435328,0.7477139276524173,3.351946809963106,1.1756621992621312,-2.3119722434110046
0.01234360320884058,-0.005454428845491921,-0.00723754738892167,0.003729319253754391,0.7510493674668907,3.280546916156577,1.273098675157967,-2.2528923276682757
0.012389168166530923,-0.005478757614642343,-0.007198658475883011,0.003801813092484625,0.7498487610490773,3.3212110734781355,1.221602123505286,-2.285958663062854
0.012357851703462416,-0.005462614762424209,-0.007226080283412929,0.003752850430624982,0.7509238532367942,3.294451934954482,1.2572679373108435,-2.263881489935549
0.01237301253181137,-0.005470531740305373,-0.00721298471620841,0.003776741171994114,0.750494746297325,3.307710022916058,1.2400935414156757,-2.2747517213509814
0.012408017891699687,-0.005464786071630832,-0.007160337536723277,0.003798804316314472,0.7402933584050354,3.29657333543695,1.1959902277084196,-2.2782034445689305
0.013557678400931637,-0.006486750166079203,-0.00585528390070109,0.005929393144464082,0.6071060667575815,4.056757855589222,-0.6905402867111982,-2.7567671156213307
0.013568698043612793,-0.006497944278924987,-0.005836638696428154,0.0059477477658501365,0.6052135339055696,4.05388941916243,-0.7122159215575947,-2.753130390115661
0.013573137013403657,-0.00648255250364009,-0.005825334723493285,0.005917592693244065,0.5993291530024262,4.025828351340827,-0.6993309406128357,-2.740802639188848
0.013579682470325219,-0.006509172961654168,-0.005817943826578025,0.005966035951601739,0.60370901836597,4.050801108194902,-0.7338057574189477,-2.7493283597466167
0.013584111361904468,-0.0064937805447607055,-0.005806795767352314,0.005935831746679613,0.5962498542959523,4.022839892888758,-0.7207889634413293,-2.7371960877207635
0.013562120541083513,-0.00647132061939278,-0.005843820153951328,0.005899230226027251,0.6021392313922131,4.02858734184153,-0.6778467377650347,-2.7442525962940363
0.013546623651759673,-0.0064755907342110685,-0.005873891701444711,0.005910959856912576,0.610261559508614,4.059476564515503,-0.6687410013806881,-2.7601961201334326
0.01355103292816962,-0.006460108940956499,-0.005862307606301769,0.005880792864325072,0.6046114608565651,4.031189280749092,-0.6563146847773283,-2.7475800716840397
0.013535533905932737,-0.006464466094067263,-0.005892459139262435,0.005892450654942618,0.6146081019557965,4.062105265563948,-0.646841149901481,-2.763399379789474
0.013502055721075013,-0.006431301956387209,-0.0059477522134703574,0.005836634274796714,0.6246445198293941,4.069212574004609,-0.5812241648809348,-2.772013524900609
0.013506109492377861,-0.006415868784989241,-0.005936144801719876,0.005806957263676368,0.6152920811553598,4.040544682104397,-0.5697891634820128,-2.759597684340745
0.013513249833920802,-0.006442321599068367,-0.00592940022788135,0.005855276873684412,0.6226451556427175,4.067041326627534,-0.6030336639368303,-2.7692581093841944
0.013517372164951509,-0.006426860428438524,-0.005917801668002564,0.005825480352796481,0.6122381782777689,4.038467877920493,-0.5914459533580629,-2.756853016655109
0.01352440926578893,-0.006453376348240326,-0.005910969027806529,0.005873882573856871,0.6192469750884416,4.064649162300326,-0.6249126967657391,-2.7664015344432538
0.013528632448598107,-0.006437879291733788,-0.00589934312437115,0.005843925368514817,0.6093703923381363,4.036157440837471,-0.6131007219043002,-2.753909147178191
0.013539864957233074,-0.006448955406300429,-0.005880822400598355,0.005862348362221055,0.6069050782079408,4.033705999766163,-0.6347301231207378,-2.750803260272186
0.013510309658702022,-0.006400179163865397,-0.005924775820494609,0.005777385032472537,0.6142186041498442,4.011655955216596,-0.5518629755511705,-2.746735217542732
0.013499019518985847,-0.006389224029444501,-0.00594289175837976,0.0057588835663154,0.6168824189349883,4.013349962744024,-0.530479317796253,-2.749164423698858
0.013487719513681476,-0.006378258632519528,-0.005960893144455034,0.005740239434652814,0.6195645812004575,4.014768811875242,-0.5090454745749229,-2.7513922213760265
0.013476388422843025,-0.006367276376984054,-0.005978816231783187,0.005721444273164335,0.6222824579775353,4.015932216015887,-0.48754436389065736,-2.753430238193363
0.013464962241995601,-0.006356345134288902,-0.0059967969350429836,0.00570262921694092,0.6250387236077044,4.017032992874738,-0.46601429919137355,-2.755369749938193
0.013577879959426805,-0.006466890619796949,-0.005813911902159998,0.005887518052651417,0.5974753897903425,3.9972739925063547,-0.6804299391368894,-2.7286031551774417
0.013277633473020217,-0.006186264843611031,-0.006276214698651711,0.0053938728962011065,0.6672010488705339,4.010160903213017,-0.12129204291259539,-2.764841384866436
0.013265517925118148,-0.006176018433322408,-0.0062934222321008315,0.005374229691544282,0.6698226536074302,4.008499920692331,-0.09977223665258121,-2.7642272799299956
0.013217131034074339,-0.0061357596270406,-0.006361107301946105,0.005295775517343704,0.6797325324620297,4.000156942227156,-0.014528740805817756,-2.760258441809906
0.013229165828194694,-0.00614579628295562,-0.006344484858568869,0.005315505693029367,0.6773819082749334,4.002691441236702,-0.03574275945112715,-2.7615721016938934
0.013241267119432534,-0.006155795285749794,-0.006327591387350341,0.005335063137725492,0.6749344505146374,4.00480191273416,-0.0569944817567549,-2.7626103363088643
0.013253395882564292,-0.006165857777680798,-0.006310545036251417,0.005354618871628698,0.6723999508905253,4.006705674965336,-0.07833567468175205,-2.763479598078177
0.013037829575959968,-0.0059535225169338865,-0.006572175120604329,0.004933435751852914,0.7039886907493113,3.8703358505238685,0.31710473791215943,-2.6871083677664216
0.013010670382219095,-0.005935104738511289,-0.00660660957321996,0.0048926923203031795,0.7089112805860203,3.8619229934314956,0.35943661545368627,-2.6803687619969025
0.013024520022650789,-0.005943581881130183,-0.006588546117237776,0.004911985977597317,0.7061824607679887,3.8647043070424476,0.33841375006722857,-2.6830742181858285
0.012989138372092772,-0.005898632643553909,-0.006619316486190041,0.004823418473682205,0.7071618952619724,3.8147895015184594,0.4046335456940449,-2.6542252523931977
0.01300108775759568,-0.005909909749911903,-0.006606629276423093,0.00484680050223361,0.7059265956265585,3.8248477051686245,0.3846847092514445,-2.660574855950355
0.013010764037676033,-0.005920203277123865,-0.0065969816923176165,0.004867636734176775,0.7052122986712411,3.8349074153521956,0.3677736939440021,-2.666648656577808
0.01322043203198913,-0.0061194708744399945,-0.006347253290566274,0.005267313479868322,0.6749854357745199,3.968122182274995,-0.004227911388166551,-2.745002270755301
0.013208612330235096,-0.006109101614068561,-0.006363055362588668,0.0052470186401257215,0.6772212273988378,3.9643745871177685,0.0167449795209231,-2.743003224029754
0.013196530629720912,-0.006098712659549407,-0.006379171810875305,0.005226540833419518,0.6795041360706481,3.96063029499117,0.037962701618999235,-2.740930258174537
0.013158909047816386,-0.006069375292458185,-0.006430069262568784,0.005167380642665858,0.6870503469303574,3.9525257087264722,0.10142264580834591,-2.735777607811697
0.013171443498269158,-0.006078882712905172,-0.006413106030498573,0.005186743464113831,0.6844977318374316,3.955035510522959,0.08050408053684273,-2.7374679392525576
0.013184126640920031,-0.006088536703850261,-0.006395825880471902,0.005206270106224312,0.6819076826308509,3.9573557930496484,0.05930597422337003,-2.7390058344003347
0.013161714590289404,-0.006053163006500567,-0.006416478057566107,0.005139639379130384,0.6827843685870602,3.92097117709223,0.1110898412860921,-2.7204012598486798
0.013150429148864494,-0.006042662419089215,-0.006430463077995511,0.005118814227408835,0.68459375919622,3.9149885448957416,0.1311366446326703,-2.7169579043888814
0.013138641986581151,-0.006031709146275426,-0.0064449323619465634,0.005097004963326186,0.6864494732187577,3.9085049900342033,0.15197457395134764,-2.7131799570630224
0.01312581324136766,-0.006020828524690955,-0.00646109357316882,0.005074972996453594,0.688606349177901,3.902972970567479,0.17380457316121997,-2.709753090401051
0.013111951755578836,-0.006011627434450065,-0.006479835693476015,0.0050554482876888525,0.6914989037918545,3.9011720766338063,0.195507714904721,-2.7080573094108096
0.013086006140025867,-0.005993799811341599,-0.006514189168614864,0.005017466475207947,0.6965870966688716,3.8959215961525326,0.23658172938733116,-2.7037504018052965
0.013098788821735851,-0.006002310672040395,-0.006497168450815765,0.005035773746415346,0.6939921859977166,3.8981561326223075,0.21655639995161316,-2.7057260930722786
0.013054390121420697,-0.005945525702448554,-0.006539231253008583,0.004925412906415729,0.6963297517559033,3.8406559456722946,0.3029639873730257,-2.6734872491498347
0.013066688374784405,-0.00595652720045756,-0.006525048094836161,0.004947982880637487,0.694689357823867,3.8485998863309447,0.2823438932605167,-2.6784983172747125
0.013077711263826878,-0.005968240314610454,-0.006513300543728082,0.004971291774228922,0.6936172572915594,3.858751461336237,0.26260576309702705,-2.68446503093781
0.013086763797268834,-0.0059787994336515694,-0.00650409285540802,0.004992002176939919,0.6929358150855179,3.8685744953219947,0.2456758091046088,-2.690066913722845
0.013418878606225116,-0.006313193904416777,-0.006068271699648724,0.005627200205251703,0.6357374926426855,4.020039220008836,-0.38002570361401006,-2.7617295205214885
0.013430358062729651,-0.006323949577084861,-0.006050666249080042,0.005646188363966344,0.6331318294462741,4.019719301203739,-0.4014909156541339,-2.7604579632064596
0.01344189976065221,-0.006334687774636124,-0.0060328098742856275,0.00566501734924757,0.6304772149882513,4.0190047318314575,-0.4229615445270177,-2.758923735868993
0.013453447085321861,-0.0063454846025501966,-0.006014830015209991,0.005683826826976462,0.6277815877977165,4.018089318727381,-0.4444763905426461,-2.7572174948592063
0.013423034459997462,-0.006297262137412242,-0.006055478687924157,0.005597848165353254,0.6316154739506169,3.9896334272707814,-0.3663792971039676,-2.747986085262031
0.013395846083649299,-0.006291622793419855,-0.006103197608102676,0.00558875845356909,0.6410516497569086,4.019853475792261,-0.3369390590594807,-2.7636674137409307
0.0133841213109296,-0.006280905955295937,-0.006120863239404597,0.00556948798397662,0.6437782559978787,4.019740023700584,-0.3152911705826483,-2.764525140065999
0.01341174924192561,-0.00628628724465751,-0.006072374382268645,0.005578420205037544,0.634077713180723,3.9889084948226095,-0.34509578606582364,-2.748638065033862
0.013372323586648896,-0.006270270298968817,-0.006138556484789132,0.005550242305841002,0.6464722480800913,4.019570405464628,-0.2936604358293397,-2.7652844245538204
0.013337033096774002,-0.006238766761644217,-0.006190799447818189,0.0054925015039124685,0.6542215933787291,4.017854612769818,-0.2292225096154634,-2.7665366576897026
0.013348756065862334,-0.006249221587642296,-0.006173574016559402,0.005511784738477265,0.6517004888317935,4.018688417372753,-0.25062784386620857,-2.7663196566064965
0.013360527858136677,-0.00625970678496008,-0.00615613882319825,0.005531003817549751,0.6491135385055832,4.019225162924561,-0.27209823261070326,-2.765885394204089
0.013340943338480045,-0.006222623158200727,-0.006177339257658291,0.005463396300934473,0.6498038077116838,3.9864826895791405,-0.2169636388033587,-2.751984624749387
0.013329434551623788,-0.006211887779335771,-0.006193785553772446,0.005443593694401454,0.6521905420051547,3.984500979711779,-0.19575541928715515,-2.7515389704308446
0.013317698489028659,-0.006201060403653196,-0.006210465476949184,0.005423505653429209,0.6546098821994338,3.982393069456004,-0.17426716338376694,-2.750966803106039
0.013293431430920573,-0.006179741470975661,-0.00624497447977828,0.005383536223363996,0.6596864901518761,3.9789134895198237,-0.1309093462708157,-2.7499557929071945
0.013305695766806841,-0.006190272392365393,-0.006227500406183751,0.005403359590078678,0.6570962352055938,3.9804152886479116,-0.15258484808067427,-2.750385512129697
0.014126553621484204,-0.007176605729088547,-0.004705576399342259,0.0068774706056524025,0.4552946093286974,3.623019789557155,-1.8525560650208959,-2.3152715100611956
0.01413540329229132,-0.00718958373010223,-0.004683922658407261,0.00689223627638925,0.4515334433792077,3.610994168414017,-1.8710450126519556,-2.3035609541735655
0.014142529651470025,-0.0071751371240509065,-0.004677658289718824,0.006859636251594401,0.4465982880052395,3.5912095476572254,-1.850950586843476,-2.2987623643012167
0.01411766323049986,-0.007163655606209029,-0.004727184728582555,0.0068626363259677815,0.45920853331097794,3.6349838368582534,-1.8339959177239618,-2.326825031589514
0.014133612038138158,-0.007162108807091511,-0.004699235774892099,0.006844883410696552,0.4485949792262484,3.603032101008416,-1.8326080141687555,-2.3103512289093833
0.01410873220903958,-0.007150733491861329,-0.004748723690947131,0.00684774990716306,0.4619202455504594,3.6467921646517785,-1.815425910593939,-2.3382443469301064
0.014124627962960478,-0.007149144476702472,-0.004720797462238469,0.006830145720118038,0.45080406615267204,3.6148056239365602,-1.8141921053228984,-2.3218414525974365
0.01409976064731136,-0.007137839516247013,-0.004770192477457611,0.006832812039853828,0.4633450295719069,3.6583755464258254,-1.7968420456791716,-2.34956107184077
0.0141156186193363,-0.0071362364794872145,-0.0047422777296878054,0.0068153738389615985,0.4533858485822723,3.6264544570654564,-1.7957064779841059,-2.3331895261367026
0.014090748636029146,-0.007124973809367005,-0.004791608095851719,0.006817811008532958,0.4642789670550433,3.6697364308833778,-1.7781832407191667,-2.3607852196670036
0.014106610402221548,-0.007123357796713193,-0.004763641396113114,0.006800500377171938,0.45621129418485,3.6379003835114823,-1.7771504447089186,-2.34436840160439
0.01387251601870674,-0.006837150069184488,-0.005271287100370422,0.006454113857196023,0.5229665648206081,3.8926222404427295,-1.3260931945105268,-2.582450673306484
0.013882433256544183,-0.00684933149816111,-0.00525098857101149,0.006470639469247397,0.5205481792892915,3.884700594728173,-1.346526121481914,-2.5742911473313157
0.01388832412283244,-0.006834368736171309,-0.005242132320912988,0.006438921539224328,0.5163253053407248,3.8606784233024753,-1.329035486224022,-2.5653983066026576
0.01382235843270555,-0.006776713476601133,-0.005372073067263065,0.006370469966961514,0.5402374429286761,3.9307346727622523,-1.222782255546239,-2.6205660393130055
0.01383246580708731,-0.0067887376566984434,-0.005352051339150422,0.0063873000662183444,0.5383933645093851,3.923441362983738,-1.2434440520765586,-2.6132214962745848
0.013838012686663181,-0.006773649048383401,-0.005342865739789512,0.006355844403034047,0.5288555165612409,3.8985899980473424,-1.2269656343353879,-2.6040363455106292
0.013842535352014634,-0.006800793525181945,-0.005331955140534071,0.00640408522880623,0.5352488006989315,3.9159179533675164,-1.264126684016106,-2.6057714504613703
0.013848165049576281,-0.006785660609494758,-0.005322802254565418,0.006372456682513843,0.5260006389525539,3.8912135204128036,-1.247470401255003,-2.596567211222767
0.01385256696814258,-0.006812880963004882,-0.0053117854799429876,0.006420824427862212,0.5310468276443168,3.908232925834513,-1.2848334290750074,-2.598183757453854
0.013858298913465126,-0.006797735188561817,-0.005302652029611144,0.0063890499115136145,0.5234928027414371,3.883693278801674,-1.2679407342824212,-2.5889367895001727
0.013862560556543104,-0.006824999850860254,-0.005291556718208793,0.0064375056353656104,0.5266414393974675,3.900457792305822,-1.3055129080677814,-2.590417993775886
0.013878389744906974,-0.006822109178618366,-0.005262297146029166,0.006422310185765078,0.5188844682994186,3.868437516781308,-1.3087333250018176,-2.5733386453438736
0.0138683814649102,-0.006809888177010896,-0.005282470495515479,0.0064056693454189574,0.5212010924451879,3.876095561130828,-1.28836574492872,-2.5811846171611728
0.014035832164153965,-0.00704838031874357,-0.0049192785022201995,0.006726273281962871,0.48005531775649707,3.7355558560319437,-1.6639051363787676,-2.4252784330986255
0.014042404477629574,-0.007033822729250957,-0.0049119601373587675,0.006694235286545949,0.47370287147183093,3.7138798505949313,-1.6450003722191135,-2.4191219069283902
0.01402653950718722,-0.007035716006004064,-0.004940389278294254,0.006710782801235435,0.4829879859697834,3.746025289560668,-1.6445923962172138,-2.435592723886685
0.014033066640501558,-0.00702114589942928,-0.004932967053901337,0.006678792241123444,0.47610586284112316,3.7241672255988845,-1.6258063169624306,-2.4292773666427796
0.014017207114769167,-0.00702308095557706,-0.0049614546741887765,0.006695223687728981,0.48620009072331255,3.7563789325251418,-1.6251961202653469,-2.445772764586835
0.01402367302342141,-0.007008503953249334,-0.004953953318841953,0.006663304251068316,0.4786463136482078,3.7343570524776406,-1.6065319606329578,-2.4393166005251583
0.014007835078080092,-0.007010475290801107,-0.004982456312018317,0.006679609486101288,0.4884051910638208,3.766553195856368,-1.6057491988898722,-2.4558261494640847
0.013812213328629511,-0.006764721103672902,-0.005392036391966535,0.006353581556629761,0.5415466919038889,3.937789076558547,-1.2020849928416246,-2.6278084237482853
0.013827861089075235,-0.006761665558856621,-0.005362810628160971,0.006339141907954759,0.5319706867966688,3.9057454782642798,-1.2064257495158612,-2.6113176243111753
0.013771257625019939,-0.006717072049872407,-0.005471445825002159,0.006285326954686061,0.5527095328104299,3.9644595459763523,-1.1185829873976882,-2.65535722755012
0.013776570706164884,-0.006702009647129643,-0.005461699146141689,0.006254299340065043,0.5461360897652684,3.9387447745792454,-1.102818667326887,-2.645396215968786
0.013781552642028794,-0.006728936011698173,-0.0054516883543814796,0.006302471531939728,0.5509780965712365,3.9580712636046016,-1.1395006350344887,-2.648681723455651
0.013786894944349789,-0.006713879972120328,-0.005442041252168728,0.006271402296141545,0.5430783270089113,3.9324751919915326,-1.123641559262149,-2.6388823995090864
0.013791810332500848,-0.006740832253114332,-0.005431858277966109,0.006319570196644649,0.5478250361215999,3.951453639091857,-1.1604095319704386,-2.641877758331474
0.01379720958301908,-0.006725768917646118,-0.005422281903648816,0.006288405882302437,0.5401848160551673,3.9259818297923696,-1.1444261617134206,-2.6321932092989573
0.013802030595032832,-0.006752760656429175,-0.0054119649621472915,0.0063366148462570505,0.544001926516206,3.9446762536997757,-1.1812917438685646,-2.634921650234036
0.013807486901125437,-0.0067377027633304006,-0.005402471030348467,0.006305368927820854,0.537624373573277,3.9193618155764143,-1.165161480765672,-2.625363815164477
0.013817698263429268,-0.006749679985922567,-0.005382657673420929,0.006322304003088883,0.5349848102900486,3.912646732807587,-1.185830283750205,-2.618414754424981
0.013782161980090921,-0.006686693740166549,-0.0054519037733027085,0.006223341979208679,0.5450971850831713,3.913501581949855,-1.0808541806565772,-2.636118327142427
0.013771844174187515,-0.0066747617115545145,-0.005471252853044562,0.006206040973516156,0.5478306509624576,3.919175303828617,-1.060056834301034,-2.6422206406884015
0.013761411109492293,-0.006662862616415394,-0.0054906916165457,0.006188717532560898,0.550630014766987,3.9248194432577646,-1.0391969757104798,-2.648246329009932
0.013660475366957595,-0.006573413692624995,-0.00567449784603282,0.006061858278548458,0.5768716584928946,3.996463555274943,-0.870823860387972,-2.707191840508575
0.01364484341025055,-0.00657726476122486,-0.0057044491825073785,0.00607464490485074,0.5857030587677023,4.027935441459568,-0.8634335413021116,-2.7237156317948004
0.01363407255801407,-0.006565831011279576,-0.0057235248024567606,0.006056675368832153,0.5897062703454956,4.032172502435097,-0.8417913179870417,-2.7283443035302386
0.01364966930458082,-0.006561886058471851,-0.005693565986673901,0.006043947458695707,0.5793316928301037,4.000688327680078,-0.8494851482987184,-2.7119338567232245
0.013590631571951553,-0.006520436102827724,-0.005799183675239672,0.0059842730335589464,0.6014638726994854,4.047465355328112,-0.7553727776990994,-2.745392501500645
0.013595072027487299,-0.006505014644498917,-0.005788156592688475,0.005953957557597028,0.593188207558155,4.019607995028058,-0.7422478775308737,-2.7334121567829075
0.013601545239737611,-0.006531733590664734,-0.005780357901736792,0.006002459301581514,0.5986007337547737,4.043913673441452,-0.7769505783616087,-2.7413282066170983
0.013606025767763116,-0.006516287409532754,-0.005769411849405393,0.005972025292686135,0.5903086308518551,4.016179928996999,-0.7637188395652031,-2.7294550830079882
0.013612423365294984,-0.006543065313045259,-0.005761475111450841,0.00602058634344967,0.5958769304104462,4.040180605769955,-0.7985421760789851,-2.73713305392543
0.013616966584067717,-0.006527615940646206,-0.00575057414023309,0.005990066727594414,0.5874858789888017,4.012581036913514,-0.7851938509830134,-2.7253293576540103
0.013623265840603558,-0.006554431157513265,-0.0057425337446615375,0.006038655540641519,0.5931436533720906,4.036265988589181,-0.8201532626836879,-2.732807922329537
0.013627892426597265,-0.006538992404079337,-0.005731644929468764,0.006008067719946833,0.584628388968925,4.008791781543235,-0.8066554556270137,-2.721028954016963
0.01363879970666376,-0.006550412638098996,-0.005712630276874347,0.006026020697398216,0.5818766373950454,4.004811267274896,-0.8280901730170971,-2.716555635334181
0.013687099073407843,-0.006581104671311829,-0.0056257269410713495,0.0060669954422543125,0.5698187338188726,3.960721890979111,-0.8928049412954194,-2.6866852953287714
0.013676467295745792,-0.0065694098468083205,-0.005644546160717058,0.006049046525033784,0.572584776199185,3.9647923498123903,-0.8715884478257724,-2.6914013105864982
0.013750857848357037,-0.006651020567215722,-0.005510229879144415,0.006171415100379877,0.5534476636782922,3.9304645738105752,-1.0183032693924827,-2.6542062202629926
0.013740216479644267,-0.00663925247714687,-0.005529809511486968,0.006154147868827641,0.5562542154545757,3.936071531083396,-0.9974061061684499,-2.6600762658756056
0.01369765458370476,-0.0065927601308074,-0.005606918831378466,0.0060847683206942844,0.5671440163847247,3.9564658196461973,-0.9138748991153277,-2.6818230214386047
0.01370824166572559,-0.006604356101542104,-0.005587922827396189,0.006102287964734628,0.5644820504220799,3.95182374197697,-0.9348090731300135,-2.676714083636735
0.013718882964932469,-0.006615935221735525,-0.005568702713386639,0.006119621118080859,0.5617780096843602,3.946808289358492,-0.9556701047335648,-2.6713572954088067
0.013729545758984774,-0.006627560306756826,-0.00554932314955195,0.006136893390066311,0.5590324525478799,3.941543403387875,-0.9765274744919131,-2.6658054081287967
0.014327508257654869,-0.007495469648830561,-0.004174106447400775,0.007212412019491697,0.39959092668536056,3.299823334888698,-2.269198955275756,-2.002147801022876
0.01433580534104563,-0.00748159027286046,-0.00416998221013041,0.007179296148320523,0.39588987659947955,3.2843399960204773,-2.247000158625777,-2.0005241354165086
0.014319618735532863,-0.007481886821520237,-0.004196765217305084,0.007199250932414217,0.4024510948539329,3.314625443650849,-2.252906874861436,-2.01648511300385
0.014343159065406773,-0.007522709275725809,-0.004128689429865692,0.0072385065838289865,0.3950725523922694,3.270114539458263,-2.301316015500852,-1.973069515370945
0.014351442338377228,-0.007508949775615624,-0.004124911756630152,0.0072055851808287405,0.39227836353555867,3.2549437030516297,-2.279096227506008,-1.971951839747289
0.014335355059921579,-0.007509077178150166,-0.004151410674641277,0.007225499415507454,0.3969361157843512,3.2849845576613315,-2.2853431335893735,-1.987671413513884
0.014343657997439786,-0.007495254518967948,-0.004147450318226443,0.007192456278793624,0.39413383030979793,3.2696777511964075,-2.263084568116311,-1.9862739712586384
0.008749258375620515,-0.005129619519317613,-0.008033412297003807,-0.002062903315957671,-0.030613580342906354,-0.5659229909005382,2.501360651058567,1.333342950000849
0.008733841773573439,-0.005133482054785401,-0.00802657586786809,-0.0020882068212691317,-0.033962604191048455,-0.5820636320786069,2.4979107904287594,1.3507217536955094
0.008672961638119361,-0.00515010741478097,-0.007999736393920575,-0.0021887806340313665,-0.04738638020697059,-0.6457055659831208,2.4843630402631116,1.4199091155356511
0.008688108198243614,-0.005145999431741583,-0.008006664677375786,-0.0021638376355588612,-0.04404729688433145,-0.6298466296573365,2.4879414314089066,1.4026774367210086
0.008703251327042928,-0.005141790881717379,-0.008013328506824622,-0.0021387826034588195,-0.04064569679348429,-0.6140183175325746,2.4913047459843756,1.3854346764872858
0.0087184820292494,-0.0051375674738680455,-0.008019896097026994,-0.0021135540557433163,-0.037277858701235685,-0.5981142703877182,2.4945741711657767,1.368116347341543
0.008585482046058628,-0.0051590672049493585,-0.007939658138952132,-0.002319676971301988,-0.06340413388498002,-0.7379341035098227,2.448084180472179,1.5125415009530114
0.008600731028031966,-0.005155146104315367,-0.007947707873209127,-0.002295143249815158,-0.06052111449097786,-0.7220105661399852,2.452625975102815,1.4953720247999323
0.008661322284688508,-0.005138117933501481,-0.007976555072818274,-0.002196005618165482,-0.048329413840054285,-0.6588555395726975,2.4681186464968903,1.4265345629046609
0.008645993673725365,-0.005142011235168749,-0.007968990202455272,-0.00222081978414254,-0.05145973544850508,-0.6748546553276499,2.4640090554112866,1.4437648826314626
0.00863083806610901,-0.005146498396359614,-0.007962112446792803,-0.002245818701686213,-0.05457032157977254,-0.6906296365472316,2.4603968760950923,1.4610733970858147
0.008615889969919167,-0.005151214885168069,-0.007955526370018269,-0.002270673571391616,-0.0576114338082308,-0.7061820765357322,2.456980678958791,1.478285815766634
0.008570086795197902,-0.005163193960458682,-0.007931579841988721,-0.002344531222984746,-0.06628590085966156,-0.7539968215879834,2.4435192769440874,1.5299448147291599
0.008524564053278784,-0.005177848929388456,-0.007909669277669376,-0.002419837549916478,-0.07475116471564563,-0.8014147597578537,2.4315006756455175,1.5825744204953722
0.008539454042685824,-0.005172676176808835,-0.007916541708270415,-0.0023949180241514124,-0.07200307215911093,-0.7859069081141907,2.4352091348895777,1.5651672044807332
0.008554668299215968,-0.005167693076715593,-0.007923767013109718,-0.002369680680456782,-0.06916074870439602,-0.770065556021761,2.4391507772791208,1.5475413415198205
0.008512794563725641,-0.005166500900988185,-0.007886270447724898,-0.0024259971079949433,-0.07458874280098406,-0.8140911954551059,2.4142877971541954,1.588996643442302
0.008421602276220975,-0.005192507792396757,-0.007833981859841474,-0.0025714813871243604,-0.08908394724792261,-0.9085913569804164,2.3827917930184657,1.6919695524290732
0.008437461129623782,-0.005188324159695955,-0.00784383935427252,-0.0025466472893288187,-0.08678644054007055,-0.8921918678970392,2.388931405230302,1.6742840892186022
0.008452955528810594,-0.00518494762029946,-0.007854134886139043,-0.0025229603906313913,-0.08456800783724784,-0.8761490733995952,2.3954392047927655,1.6573384197807002
0.008467888608743026,-0.005180432432997752,-0.00786246953160054,-0.002498917927315209,-0.0821759697169106,-0.8606584919385242,2.4004187001440656,1.6403270268239762
0.008482792444870746,-0.0051752496062412385,-0.00786986812526619,-0.0024742664649340263,-0.07963187407805866,-0.8452090661894848,2.4046423197698044,1.6230177111890838
0.008497988816498572,-0.005170689551873598,-0.007878098811113813,-0.002449730383400433,-0.07709006354533089,-0.8294532061217946,2.4094764067383188,1.6057286482237199
0.009182865308936704,-0.004988657547011025,-0.008128052254931515,-0.0013247380480017647,0.08495450819130014,-0.12180409611447497,2.52826644141671,0.842302973307249
0.009214379739871327,-0.004983483461644124,-0.008136518928270138,-0.0012736540651838088,0.09395259282088175,-0.0890275539235128,2.5314590547455555,0.8086319312771028
0.009198599727968326,-0.004985988914264705,-0.008132252092393768,-0.001299205522695025,0.08943404516337063,-0.10545489202672086,2.5298410126194426,0.8254665970659643
0.009172807533738628,-0.004972992743708515,-0.008104959317965439,-0.0013327803139257853,0.08250232479836318,-0.13540609552438176,2.5130922694787423,0.8485661557958828
0.009157126795015515,-0.004975792292611184,-0.008100702980604836,-0.0013580950774199436,0.07814656638580325,-0.15162824755030382,2.5114482600330774,0.8653361811383148
0.009350383764407904,-0.004984222827206242,-0.00819355107076525,-0.001060911190230278,0.13438059850328107,0.057320535908858994,2.5590747566810568,0.6688352523777855
0.009334561759204985,-0.004986633355143776,-0.008190410597830574,-0.0010868603154359682,0.12955196511184716,0.04078821140415035,2.558247397068026,0.6856838579826308
0.009318455004803355,-0.004988436706894574,-0.008186296321799688,-0.0011130057296055028,0.12464205869879268,0.023813021315217273,2.556789087038243,0.7027005151335824
0.009302648948938822,-0.004990607263437743,-0.008182584696582644,-0.0011387962458630533,0.11988225672567794,0.007247643662593472,2.5555756097639324,0.7194906407354211
0.009230330443382078,-0.004981240401633871,-0.008141023516345441,-0.0012479298368086292,0.09854414693211881,-0.07236828209631403,2.5332270217410984,0.7916942914193755
0.009246568210880076,-0.004979400912276445,-0.008145977738368261,-0.0012219054499132047,0.1032475443566843,-0.05532108612623444,2.5352788582942622,0.7745650112655146
0.009263033443167033,-0.004978345629401215,-0.008151795777746553,-0.0011958222317354562,0.10804856446512832,-0.037870875170097844,2.5379011032459817,0.7573937641539644
0.009279061003658572,-0.0049786710367886264,-0.00815889776130555,-0.0011709436234335656,0.11276845735106757,-0.02060253287030471,2.541430222487303,0.7409978200261768
0.00929254346818451,-0.004979964721297969,-0.00816595742264316,-0.0011503745641382793,0.11677437605487402,-0.005853346703585854,2.545126824203074,0.7274363235709709
0.009617145781354256,-0.004919214090763148,-0.008196140745021653,-6.171534850582414E-4,0.215007981052212,0.3295874275872462,2.5395896239289324,0.3813045874637399
0.009634195667983425,-0.004918724165447436,-0.008199215723858115,-5.898387116624653E-4,0.22040928538689133,0.3478422445219454,2.540317532221018,0.36373392003011557
0.009651206847446176,-0.004920275395217273,-0.008204503566253277,-5.629652153946761E-4,0.22603907538148685,0.3665958574764198,2.5425375855532084,0.34657580400754234
0.009607269153851997,-0.004901835109716322,-0.008173683098405098,-6.29000708572575E-4,0.21025562468836023,0.31455764007282333,2.5251761575163756,0.3881386102806638
0.009590545213847263,-0.004902618916866883,-0.008170767267533253,-6.556490395428735E-4,0.20508298280664086,0.2967888070939826,2.5245275550176127,0.4053917663514031
0.009386585235705121,-0.004967595842056987,-0.0081870982012046,-9.975716750518192E-4,0.1451603844373056,0.09266706507920416,2.5517915777773905,0.627891495460986
0.009372459917800651,-0.004967056333951372,-0.008181431141458638,-0.0010197041739620544,0.14078955668185691,0.07734332144809246,2.549109095564375,0.6423001565472931
0.009356323418264952,-0.00496775327692852,-0.008176360599527019,-0.0010454080900173383,0.1358680993235225,0.06013669991410619,2.546986114193828,0.6590459922869996
0.009400584320100382,-0.004958647857653525,-0.008181452013086623,-9.723243783134335E-4,0.14920825535361895,0.10574902048706956,2.5468579321138463,0.6115485157096702
0.009409415194156187,-0.004938935017958341,-0.008161365265851745,-9.516923398613046E-4,0.15119696640352534,0.11090037278301702,2.5325400188322775,0.5981851042108016
0.009417869576921969,-0.004924826770020282,-0.008147735366965956,-9.337090974660324E-4,0.15323830949966102,0.11685169396216115,2.522587956803155,0.5864759087331571
0.009573887318650508,-0.004904572585834833,-0.008169069783940079,-6.824523666731022E-4,0.20004661197064047,0.2793901241122254,2.5246985021364363,0.422798434752822
0.009556906741734622,-0.0049073446949876726,-0.008168084922049694,-7.09967732163001E-4,0.19495943221163078,0.2618445089310541,2.5253763959598685,0.4406984941116026
0.009543537482574293,-0.004911873517229454,-0.00816992701703595,-7.322493079509659E-4,0.19113111550889433,0.24859234465596453,2.527683842854224,0.45526346087613756
0.009431738934386227,-0.004920869899979462,-0.008147685830513465,-9.107094699460117E-4,0.15725633701530153,0.13082166693359018,2.521453490760219,0.5714465520963645
0.009447290520096957,-0.004916948079040874,-0.008148099542548052,-8.851125208046144E-4,0.16179626206545317,0.14658988828697325,2.520500595789749,0.5547199490348933
0.009464280190702777,-0.004914441721082919,-0.008150463180684693,-8.577183307334136E-4,0.16684366977539367,0.16421013341824373,2.5207627690892593,0.5368327481973214
0.009481889682936548,-0.0049136206827913535,-0.00815480594104018,-8.298427830643913E-4,0.1721521116646443,0.18287959332382653,2.522320244426925,0.5186677013432633
0.009501363332137427,-0.004916860063577515,-0.008164233611860751,-8.001530523717694E-4,0.17837006679803522,0.20450479125186607,2.5271753302307194,0.49942154770132413
0.009529789516566833,-0.004907033027186976,-0.008160653232002392,-7.526536472798767E-4,0.186511650798137,0.23267188469640596,2.5224823370264953,0.46836715513025023
0.009513764998233358,-0.0049026221329780415,-0.008151151164250367,-7.766447989320609E-4,0.1812631650698699,0.21446559849063557,2.5172961901916215,0.4838511108431992
0.009724760834978351,-0.004876642761957192,-0.008166803059294877,-4.381186131932709E-4,0.24440941257884072,0.43414601778089706,2.511084178791652,0.26354456347080063
0.009705450378158351,-0.004881956942503011,-0.008169828611175815,-4.695650054059402E-4,0.23902400700788393,0.4148535478374424,2.5147090357939423,0.28417794881274244
0.009691099347441938,-0.004894083644234687,-0.008181446857660037,-4.944260658639576E-4,0.23591870780679772,0.4026727374944814,2.5237628619306354,0.300980990228835
0.009660979251238273,-0.004902645492712963,-0.008185844583155395,-5.439103375506283E-4,0.22730297788872855,0.3725277776449354,2.529154493511074,0.3333319398571167
0.009674079298994095,-0.004890401498570301,-0.008174083806052767,-5.207791940766E-4,0.23009596882102173,0.38340866334948803,2.5201218486614967,0.3177188911049531
0.008810449460272316,-0.005114214209542572,-0.008059011250744737,-0.001962018423804992,-0.0161326663836692,-0.501937147734491,2.5138302129742267,1.2644570316777546
0.00879511294016162,-0.0051181339924663396,-0.008052882608828105,-0.001987399727101838,-0.01977927650695022,-0.5179412830235331,2.5109335787279363,1.2817065070035338
0.008779869703288737,-0.005122054625840387,-0.008046675180724024,-0.0020126111554395923,-0.02347073842280081,-0.5338630967057876,2.507959911855693,1.2988831671605043
0.008764611719637357,-0.005125870683116182,-0.00804018995921008,-0.0020377326096537723,-0.027118252868946705,-0.5498334692933254,2.5047694073189355,1.3160676184977878
0.00875314173063422,-0.005113584596907114,-0.00801738071019882,-0.0020455206224211423,-0.028411533779133035,-0.5631943138150279,2.4891161072782833,1.3229187419158375
0.008830104101459154,-0.00509406334107178,-0.008048801039630212,-0.0019191040145372497,-0.010448503917353065,-0.4830777929323837,2.5044237201167543,1.2367089573722032
0.008814330475478452,-0.00509772875036848,-0.0080422640677773,-0.0019448510604405751,-0.014214411869863025,-0.49951839829351785,2.5012217939427157,1.2542304974376248
0.008876547733551102,-0.005084055875096441,-0.008068094412229736,-0.0018435814905256238,7.994677242111845E-4,-0.4345849501579577,2.5138361982056048,1.185421917286078
0.008861367527602458,-0.0050878361964500395,-0.008062534101966827,-0.0018686460769602438,-0.0029635493307389234,-0.45036615217897286,2.5113125119596194,1.2023548088920248
0.008850399047902713,-0.005075326397318876,-0.008040485081179759,-0.001876518041878805,-0.004105192535514759,-0.4637989667179019,2.4962304331913896,1.209558574885144
0.0088347139331362,-0.005077588913228385,-0.00803256490165212,-0.0019011009420003332,-0.007705157733849041,-0.4802641412723913,2.49196916331128,1.2264358494843537
0.008954156106213454,-0.005066431299844344,-0.008096333998472793,-0.0017160730312672171,0.020596640344797714,-0.3537977485299575,2.526581421024878,1.0996170868955566
0.008938570125647501,-0.00506991533513479,-0.008090890370910923,-0.0017417082309836198,0.016547445755352854,-0.37001719602091226,2.5241898532219498,1.1168083507908702
0.008891804986935094,-0.005080210764153736,-0.008073486416747622,-0.0018183317989645508,0.0046369988638878595,-0.4187404532811671,2.5162291608584453,1.1684030673339054
0.008922992245531716,-0.005073289791164592,-0.008085175100803673,-0.0017672311800928443,0.012552059766937212,-0.38625046716943934,2.5216009721412562,1.1339678376590678
0.008907351912839806,-0.005076624693690526,-0.008079226400538079,-0.0017927880723299287,0.008566309447962507,-0.4025613445833405,2.518845562982903,1.1511879761454773
0.008958826217543675,-0.00504958565815617,-0.008079295084346733,-0.0016988214322982904,0.023104353044164364,-0.3514070132790444,2.513906024155032,1.0897545363004983
0.009099083753357922,-0.0050243754774344064,-0.008128535509309783,-0.00147145488985319,0.06066454091745308,-0.20514047317379805,2.53587167896114,0.9379107507403673
0.009113621314361666,-0.005020373053998001,-0.008131330289904657,-0.001447024882538133,0.0647865696309694,-0.19024563582986442,2.5365310347845647,0.9218414289405782
0.00908852139716177,-0.0050137114599329196,-0.008110440474239429,-0.0014820472607326922,0.058300216589965335,-0.21834396001773188,2.5241633006818285,0.945910516174167
0.00907495755426187,-0.00501340349707361,-0.008102881744929158,-0.0015025666555566815,0.05472249624981248,-0.23291713134195477,2.5200605830356118,0.9597740841924997
0.008963642668921596,-0.00503248482884941,-0.008062121526177206,-0.0016813080424320245,0.025519511610021996,-0.34878970361905376,2.501135197045912,1.079581443254481
0.009059646746614726,-0.005014127770488282,-0.00809548123498053,-0.0015262307282449142,0.05068224272613203,-0.24916538244422112,2.5162042368576096,0.9757010234862201
0.009044443353898502,-0.005016136087871181,-0.008089509414932812,-0.0015503733987396514,0.046652461467343635,-0.2650788189768916,2.5133338623484156,0.9918736020217874
0.008980503523544644,-0.00502842152135263,-0.008067395553372396,-0.001653671423940735,0.029918019135449808,-0.3314060015727543,2.5033651864663184,1.0610586544052494
0.00902948893303996,-0.005017632608397956,-0.008082941188749545,-0.0015738076323183043,0.042750498645901074,-0.2808075624586568,2.5100162071733103,1.0076469390245402
0.009000359486415945,-0.005025089752402236,-0.008075089825684835,-0.001621930894161809,0.03497738346180395,-0.31073887989432797,2.5070632820638434,1.0397138229126552
0.009015954265207196,-0.0050167925433455786,-0.00807431480290256,-0.0015937245024394225,0.03939236452940541,-0.2953756112498323,2.5051025176075075,1.0212772484506865
0.00911795862105336,-0.005005622728294903,-0.00811618107288725,-0.0014328283868159668,0.06655942943824056,-0.18822504034055373,2.52559266321596,0.9134383735172171
0.009131930382362853,-0.004996752979992762,-0.008112821931456031,-0.0014069494947911445,0.07066537752822118,-0.17483745306965842,2.522042838729545,0.8967097159310536
0.00914103835074888,-0.004978679022453108,-0.008096203275918477,-0.001384050167174834,0.07370438951650495,-0.16827003559289458,2.509669069458876,0.8825515937657783
0.010125735770491388,-0.00488688679374765,-0.008196042654772443,2.0139835298323673E-4,0.37101749197164,0.870184179668911,2.497387639634072,-0.1455684958139831
0.010109482055479053,-0.004880708176472338,-0.008189943160115674,1.750178110693366E-4,0.364641560464135,0.8503326749521077,2.494551289226003,-0.1295790503628808
0.01007753539298742,-0.004874447877781045,-0.008184350391408439,1.237197653105316E-4,0.3536086817314446,0.8135754080665808,2.4934491758732533,-0.09758321082101303
0.010097721143386421,-0.004865754609630916,-0.008173307207238198,1.5542118744594848E-4,0.3577241077065277,0.8322123718997566,2.483929212605034,-0.1192055786561793
0.010243256922343128,-0.004876141490095773,-0.008171412069828356,3.87519495885737E-4,0.4027930814349922,0.9928628185988249,2.469290437950983,-0.2669259765284691
0.010225135307053606,-0.0048878392325404675,-0.008187345461047107,3.6024541640319917E-4,0.4006616515084817,0.9780772170053341,2.482294333414975,-0.24741777188398192
0.010204853454145636,-0.004879132515385191,-0.008179709226388976,3.2689565065085135E-4,0.3925034576834295,0.9526984193671059,2.4787503334146574,-0.22740416842845268
0.010141711248281967,-0.004876356439062222,-0.00818263595361554,2.2611022306171725E-4,0.3732826436345276,0.883522855551718,2.4865522251247936,-0.16305336949543678
0.010161509151540786,-0.004871704885875504,-0.008175569971783543,2.5721602638698705E-4,0.37798746628228236,0.9030983284660666,2.4797864624716905,-0.18376367941277952
0.010183213406752175,-0.004873702269755303,-0.008175782619068267,2.918993156602188E-4,0.3848493125745058,0.9272450753822202,2.477956845629804,-0.20576343214392737
0.010322957748784448,-0.0048773052864773256,-0.008160054935923124,5.138405351963609E-4,0.4254216326189862,1.0789630329779791,2.4535506735487407,-0.3482145154284159
0.010340190140102058,-0.0048790178535748005,-0.008158814215733579,5.413601893974784E-4,0.43060658719095296,1.098198495634536,2.4509763749023197,-0.3656956143628314
0.010379262122376873,-0.0048901235649633215,-0.00816372016628948,6.052925031926479E-4,0.44442231969774076,1.1451081880944243,2.4506656085969944,-0.4049852232714331
0.010358672025636048,-0.0048816641319838275,-0.008158230124599326,5.710378500076498E-4,0.4363633160300214,1.119182093850745,2.4487356284833157,-0.3843977872965187
0.010304762883881815,-0.004877493558515967,-0.008163489215380128,4.851293052630991E-4,0.4204365696663714,1.0595268389993853,2.4577796003495895,-0.32963968707855024
0.010285427841042836,-0.0048826175970032235,-0.008172627952090101,4.553648699905949E-4,0.4164941576358096,1.0409446210049482,2.466172245788855,-0.3095517452706446
0.010265821826362691,-0.0048710808409507264,-0.008162334840116733,4.225279779745149E-4,0.4078358379401373,1.0150193596447359,2.46068690648969,-0.29035150959895345
0.010248803366840684,-0.004857472972471234,-0.008149101648608591,3.9370596546315685E-4,0.39944903031839685,0.9911645791412782,2.4528605804158783,-0.2740117125288779
0.010414601557213106,-0.0048893284197830044,-0.008154884704234026,6.608312279218895E-4,0.45359117611135774,1.1826040718561612,2.4407287068704027,-0.44107097720588956
0.010435206514440153,-0.004885893850948047,-0.008145977196499265,6.923888709712281E-4,0.4578208880624359,1.2029451976504812,2.4321604673294384,-0.462138521583703
0.010533297886246193,-0.004879115733570812,-0.00811138688590353,8.434605891786358E-4,0.4799657483860715,1.3034255132325816,2.3964298171718794,-0.5615417970902358
0.010504230138683929,-0.004876729221028534,-0.008117147858261571,7.97692643224392E-4,0.47220360830643837,1.2716153556995804,2.403825751228968,-0.5322676851585658
0.010481059845163891,-0.004868685902600059,-0.00811434709980908,7.594953466281694E-4,0.4639945370054505,1.2431464189946302,2.404274859570122,-0.5089759568205903
0.010454145878401364,-0.004867578126206806,-0.008120157819840143,7.173842944743204E-4,0.45696768964313594,1.2142010725092087,2.4113777134192382,-0.4818447851002423
0.010396542195412074,-0.004874982866937973,-0.008142468669014377,6.291745845173399E-4,0.444471997262007,1.156591638964337,2.4335551909933018,-0.42325322530644044
0.010847328721229982,-0.00487653764959817,-0.007986550725215756,0.00131756630379913,0.543339373341285,1.6218834517906615,2.2652103382455446,-0.870754047972551
0.010877855622727039,-0.004877295210765717,-0.007972643883851063,0.0013627182596823847,0.5485755531663931,1.652146255586673,2.2505804997855954,-0.8999814185813676
0.010900957877576419,-0.004886194581891264,-0.007971110419651178,0.0014009162270464301,0.5557674624017035,1.680688324160149,2.246096039774178,-0.9231916875687943
0.010924169126793445,-0.004882792199556622,-0.007955428402771565,0.0014329767083845696,0.5579583252782809,1.7005667315407755,2.231085463262764,-0.944568407502956
0.010950764423998298,-0.0048865531997508115,-0.007945667786697308,0.001473456992648078,0.5634112683774991,1.7285905079116766,2.219869323593396,-0.9701231262679119
0.010991747752968859,-0.004913134836329854,-0.007953079134741596,0.001547155792101295,0.5795372934201067,1.7872644706384408,2.2189755702223306,-1.0132957437948684
0.01097638542519293,-0.004892466347927249,-0.007938446715769704,0.0015135891142952326,0.5693402632511916,1.7571808707350602,2.2105757424844716,-0.9951000566041873
0.011018306332373254,-0.00491351712556947,-0.007938498198812134,0.0015856366718467734,0.5831415335887677,1.8125364777926685,2.203979729652268,-1.0381009823592942
0.01104510429414888,-0.0049226835464293165,-0.00793320072722746,0.001629361147708872,0.5902957428673815,1.8447173992007386,2.195707409847014,-1.0648127211666158
0.010833323285841742,-0.004848385345070233,-0.007961591108595054,0.001283808896936291,0.5305918757071266,1.5894824528254927,2.2486696511181896,-0.8538628639626874
0.01079488383740492,-0.004852795403642223,-0.007983993869069035,0.0012294245205813142,0.5255010913380377,1.55487818875581,2.2704729301753805,-0.8177943949783086
0.010760057995442556,-0.004847374278610696,-0.007993032073663841,0.0011756329018808174,0.5171896273152421,1.5171203417689008,2.2817819433168065,-0.7838022760580117
0.011070523195795786,-0.004902311376336052,-0.007895473720058924,0.0016533951365325262,0.5853733676362581,1.8519227044612503,2.163703285785435,-1.0836675656333714
0.01057715329036707,-0.00487040820497924,-0.008087708715127763,9.083594212576312E-4,0.4873104753138901,1.3447070422802996,2.3741254576720148,-0.6054819086932818
0.010598235624791822,-0.004860075195731143,-0.0080689598593424,9.372098533211084E-4,0.4885132079674543,1.3608749981030148,2.35789271905226,-0.6261844225798887
0.01061392340786895,-0.0048395831394508655,-0.008040369711696168,9.540535290437467E-4,0.4852361010858411,1.36555513084894,2.334991993579189,-0.6408804869208583
0.010699253322520258,-0.004830812536240768,-0.007999188415823253,0.0010787069942147494,0.49980684981811224,1.4465879336759093,2.2941838017739618,-0.7236540408066037
0.010639174717220663,-0.004816172071355863,-0.0080051486685289,9.837784934188913E-4,0.48280999756019355,1.3780415198564995,2.306053602614537,-0.664463520459611
0.010669219314938817,-0.0048209591682006935,-0.007999575834467658,0.0010302917737582803,0.4904824023843645,1.4108159075909146,2.2982448778624924,-0.6938581066379325
0.010750585673679008,-0.00482138336104637,-0.007967919045046042,0.0011507349063025899,0.506461191293542,1.491574884797422,2.2645224695815362,-0.7720981411507537
0.010727637354256685,-0.004808016908384668,-0.007962430227550549,0.0011115697349931173,0.4975973024631722,1.4609067107395524,2.263513721212932,-0.7488912044152246
0.01055412658675254,-0.004858999987999317,-0.008082005857420187,8.694045598635517E-4,0.4782482120940235,1.3146171660992236,2.372536407925477,-0.5822522152882167
0.009943012472593694,-0.004858012424716232,-0.0081659815898897,-9.028935780964684E-5,0.30931482677426403,0.6631451780080244,2.492369487985697,0.03785660723948033
0.009906393862994708,-0.004872970178288671,-0.008181697807786074,-1.491334636362317E-4,0.30068126709717363,0.6284760556940165,2.5063275255922313,0.07734533245056659
0.009924663030078659,-0.004856268072488579,-0.008163261428049412,-1.1929840551623842E-4,0.30337052045681695,0.6428866147093953,2.4920590217245553,0.05633919029077582
0.00988665619651122,-0.004860390430400155,-0.008165959218577785,-1.7974283668785107E-4,0.2923746680672545,0.6033479641848778,2.4971370718812844,0.09569880949159651
0.009866346840085518,-0.004864898177555238,-0.00816973410588853,-2.1227008388857762E-4,0.28691974022951156,0.5829048763226868,2.501441272243678,0.11708402404294614
0.009846440133749378,-0.004868610449103467,-0.008172392369375106,-2.4417108618906137E-4,0.2812739585200275,0.5626064741720658,2.5049239668600802,0.13798248893708773
0.009829181422078767,-0.004870930989336903,-0.008173478513461688,-2.7179162433841876E-4,0.27627633682799907,0.5447347633867832,2.5070989086177513,0.15596812524673287
0.009806056055818708,-0.004872194113326091,-0.008172530689714644,-3.086388355533274E-4,0.26923889709407395,0.5202367401114899,2.5083591646715804,0.17978726015374266
0.009733753554015219,-0.004853195352233925,-0.008141078274100683,-4.2032054295388694E-4,0.24427720266517125,0.43739531607954646,2.4927418113302298,0.25040269291796374
0.009782799774783782,-0.004862701361830765,-0.008158811973425233,-3.443567105483847E-4,0.26064174840464666,0.4925542822616163,2.5008735006276894,0.20199877603538482
0.009758839578466976,-0.00485616940764859,-0.008148134207092815,-3.8129817632043625E-4,0.2523541373492976,0.4650483378699302,2.49552041610257,0.225354909752977
0.009956556909604994,-0.004836662891392667,-0.008141765559614959,-6.826883896937968E-5,0.3094893773599761,0.6707782651285187,2.4743722268051074,0.02123678900039463
0.009977238365373705,-0.004840591420210123,-0.008146696850654151,-3.577981513276885E-5,0.316436929397993,0.6941948711539858,2.476001175120981,6.93695316866287E-4
0.010058529342123378,-0.004863175992602832,-0.008172017739583563,9.305307018924782E-5,0.34541679106419426,0.789098415007369,2.486511286458779,-0.07944480065251151
0.00999765334294005,-0.004842638525852679,-0.008149222008312017,-3.6098664724191075E-6,0.3229607039197091,0.7167323511584317,2.4759742541573484,-0.019828133227404118
0.010021247125897054,-0.004847883795851292,-0.008155165177416946,3.366249510927291E-5,0.3310315172711061,0.7437645941987564,2.478040651607896,-0.043206113396101864
0.010042927694201616,-0.00484663362257223,-0.00815335542364503,6.788803817098713E-5,0.3372794914796005,0.7665628550787807,2.474845591752284,-0.0654239500360104
0.009990776844389645,-0.004823539723944059,-0.0081272433433873,-1.4333731512143174E-5,0.31720195960237485,0.7030258353468142,2.4612222929643135,-0.0151817924403371
0.009571582119835905,0.004905557266990358,-0.008169654927248983,6.863383113823314E-4,0.19942456932669758,0.27715213531120697,-2.5252625991694444,0.42534337789960625
0.010220285840432424,0.0048315277556183304,-0.00812305005707273,-3.4555920658117264E-4,0.3849308392709607,0.950275544514844,-2.437015586932422,-0.247033315999758
0.009595293335444396,0.004903419310434875,-0.00817280323565276,6.483245289901178E-4,0.20665070846278424,0.30207329363638324,-2.525534298879324,0.4006917954103279
0.00973162005823624,0.004880622923728921,-0.00817248402851802,4.278681342923739E-4,0.24707293406850314,0.4426183028936607,-2.5143850980041247,0.257195859843315
0.009711640561382582,0.0048749237618536155,-0.0081627042609276,4.5859852742275977E-4,0.24010334501997058,0.41961926793184245,-2.5093336359494955,0.2766201117198998
0.00975020089623637,0.004869647215296567,-0.008162510107972955,3.9681828823639646E-4,0.2514488251870664,0.4595477487644735,-2.50606192199924,0.23636972188038155
0.00961868385165685,0.00488945830148007,-0.008161817675129147,6.082243098294791E-4,0.21269211003348246,0.3236873230224957,-2.5162101417724987,0.37414622936752173
0.009642284217332302,0.004881277459955832,-0.008157298836878482,5.692726706981649E-4,0.2192190702315091,0.34691302022551446,-2.5112396550731937,0.34853580215813745
0.00968946000107677,0.004874560145945942,-0.008158497722901696,4.935729159106575E-4,0.23316838737160892,0.39573436987810234,-2.508256054018976,0.2991900382973572
0.009666211025406308,0.004876641404223405,-0.00815664076353985,5.306322482266975E-4,0.2261697766310892,0.37136060838627455,-2.5088648270248863,0.3232795724257778
0.00970153931160675,0.0048510657991464486,-0.00813344937880571,4.705083275361799E-4,0.23420334120211828,0.4023954731988661,-2.490105417022853,0.2828158819200172
0.010197369673607275,0.004809759180012063,-0.008100826967352133,-3.073412620704242E-4,0.37324955548407224,0.9173505797837443,-2.423433814564072,-0.22545821550923684
0.010150446407915573,0.004843807928068371,-0.008144359463144936,-2.3729052648193682E-4,0.36809186600534444,0.8806606053218938,-2.4587483221510733,-0.1751721025435815
0.01012868615002495,0.004847673577067484,-0.008150498475317066,-2.0329968323601545E-4,0.3627802778707389,0.8588417834244634,-2.4650791306922573,-0.15267520172934396
0.010166994878920749,0.0048216019108636215,-0.008117425419075758,-2.6126257033335303E-4,0.3676612316789353,0.8897782528708938,-2.4381400347030726,-0.1938631512242828
0.01010619610263408,0.004840655507288386,-0.008143887321200137,-1.674075592453077E-4,0.3546057671942575,0.8321703348008603,-2.462484373533122,-0.1304728450462784
0.010080728751464362,0.004838246223358567,-0.008142430329288257,-1.271987447567213E-4,0.34665812802951207,0.8040637484366995,-2.4637811615898024,-0.10482235859179297
0.010030664015572559,0.0048465614049420175,-0.008153518214839726,-4.851692412720231E-5,0.3336573028638104,0.7534087197492076,-2.4760403913780675,-0.05296266114968645
0.010054199884136722,0.004838673363918179,-0.008143901724327296,-8.545490583171594E-5,0.3389317184550808,0.7758607816498219,-2.467210106866899,-0.07781212029381812
0.010010812146539321,0.004833306518495143,-0.0081384753132104,-1.710034437927334E-5,0.3250451602386815,0.7276360009157231,-2.4672840208409936,-0.03431233523411549
0.009986857207808522,0.00483783366444798,-0.00814363770920974,2.059412397345176E-5,0.3188556421667819,0.703557608820768,-2.4730135203932764,-0.009424652982480882
0.009904519393424061,0.004863546429072374,-0.008170687011420381,1.51599640957543E-4,0.29848081136345334,0.6235318030601508,-2.49888148488758,0.0778912187294515
0.009960261758694215,0.004848512114646893,-0.008155508953459697,6.271761203082003E-5,0.31282954767884846,0.6785859746601454,-2.483603825858338,0.01900139878462063
0.009931326325009834,0.004851268532139469,-0.008157772153855101,1.0854563608823829E-4,0.30456216331416547,0.6484527056930659,-2.487664544187988,0.04884920963136053
0.009776846792033368,0.004866813904605958,-0.00816282546785562,3.54287049269471E-4,0.2593758344334028,0.48733596273279955,-2.504105269128115,0.2087233125497801
0.009804501372330295,0.004854541051564787,-0.008151944304546799,3.091344722030499E-4,0.266216116798414,0.5134690703148889,-2.4943469775886165,0.1785861203389221
0.009830863846904044,0.004846942160729675,-0.008145923968987534,2.6679798628530455E-4,0.2731550796882259,0.5394783239693738,-2.4879928412249117,0.15057007761071028
0.00988384210364162,0.004835094160815324,-0.008136611413896285,1.8251537796115183E-4,0.2873915886609714,0.5925727976021135,-2.477068209603353,0.09493910515835789
0.009856853763577929,0.004839814527444283,-0.00814003506371977,2.252736827463229E-4,0.27999715152328836,0.5651566533478034,-2.481731089801244,0.12306602902806123
0.010501792954979054,0.004849121999233028,-0.008086252012763633,-7.86120908355796E-4,0.46288106139452667,1.2550462963398061,-2.381476330126496,-0.5299072973987254
0.010534232423629289,0.004860676218204469,-0.008090004666676783,-8.393657678066646E-4,0.4742184229563315,1.2948193366359175,-2.3806359868489384,-0.5624162623263614
0.010517922548988286,0.004845588067456439,-0.008077613336212599,-8.0987114645362E-4,0.46553612804492017,1.2700022833302889,-2.373374511500026,-0.5459775178038287
0.010908422076803473,0.00488950398300076,-0.007971031471008054,-0.001413493267322535,0.5581412990183249,1.6901979098361346,-2.2449765509927353,-0.9307398588723997
0.011002515876017986,0.004905021235778576,-0.007937963948651655,-0.001558132352681424,0.5778007272414674,1.7912005822035824,-2.2061651541735334,-1.021761417553593
0.011030095526057009,0.004905139047278061,-0.007922376582092688,-0.0015976939751651768,0.5814727610613176,1.8169854507141812,-2.1902089560805105,-1.0472826152048882
0.010924008012792582,0.004872007184272644,-0.007943469397371613,-0.0014271601454273488,0.5539277568230083,1.692755394626254,-2.2222239759889795,-0.9427705296724863
0.01097891692702216,0.0048776549461677894,-0.007920581301472647,-0.0015091225928342883,0.5639892773679981,1.7485755948230453,-2.197005611840424,-0.9947992708957172
0.010946758454038837,0.004870309910852981,-0.007929701312753277,-0.001459064369374362,0.5565755796290283,1.7130906018258518,-2.2086437753017805,-0.9637298596406997
0.011057657603971515,0.004906359131231478,-0.007907618381755408,-0.0016376150979972818,0.5854226698423699,1.8433565263628855,-2.1747707647712438,-1.0728488658297985
0.011082613334947984,0.004907616186907168,-0.00789406366472969,-0.0016736406484051656,0.5887354803123264,1.8670621266736442,-2.1606038401697147,-1.0957903885377533
0.01110647213533901,0.004894681080925485,-0.007865221000982163,-0.0016991637040890807,0.5863652935903486,1.8780647933318344,-2.135384937283698,-1.1142499978629843
0.010660342548096289,0.004855200485285653,-0.008041494202490432,-0.001029708310249777,0.5003193742559172,1.4217101174488833,-2.330235547434038,-0.6873566785099127
0.010626255006437742,0.004842772479174047,-0.008039701171054707,-9.737855415200891E-4,0.4888953517697528,1.3799431949839553,-2.333027531168474,-0.6532158848819051
0.010598357349692231,0.004838723635503483,-0.008044676604408026,-9.302342397257722E-4,0.4815623949507721,1.3492337542653494,-2.3399928792022275,-0.6255848699367083
0.010556277866655014,0.004848858165785063,-0.008069784771605014,-8.695332269816888E-4,0.475458584153234,1.3114426885261514,-2.363298863443038,-0.5842238645352679
0.010575988662392191,0.0048359495671087115,-0.008048881940766072,-8.954398888115385E-4,0.4757020427231737,1.3248287786422965,-2.3456974534957817,-0.6034219588456252
0.0108851885507852,0.004875075786843314,-0.007966532622529067,-0.0013723310927367153,0.549033589540402,1.6575824334919063,-2.2449693281043075,-0.9065698959105238
0.010853622831306345,0.004872363349891134,-0.007978858818431285,-0.0013248238001971262,0.5428280627663544,1.6251021784989332,-2.2585689110203524,-0.8762209494387926
0.010820116568261352,0.0048675223067876595,-0.007989131438664185,-0.0012732686108553996,0.535301965256728,1.5891811128090296,-2.270817278799534,-0.8436605134565319
0.010681752965655926,0.004821899667422686,-0.007995923016741015,-0.001049274677576111,0.4934059419136682,1.4238753653917868,-2.2940193478397912,-0.7060377252945905
0.010715230375524583,0.004824796667013705,-0.007986146263831389,-0.0011000262204844931,0.5009203204066689,1.4588354454747174,-2.2825863463256844,-0.738524624782011
0.010762540388190092,0.00485320638875194,-0.007998531197331233,-0.001181792010499222,0.5197257153219302,1.523163537280869,-2.285525759758848,-0.7867453012803656
0.010743621239392293,0.004828684030749556,-0.007978969476517422,-0.0011435252963284228,0.5076698093392851,1.4892225283166536,-2.2736103496212854,-0.7661166714469837
0.010798923825251596,0.004839042820562355,-0.007966800955276278,-0.001229235240592524,0.5213709672424377,1.5499266147591095,-2.257253917079721,-0.8200606980507895
0.010312725427856315,0.004828116646615109,-0.008105387086295561,-4.890512287526748E-4,0.409081757045428,1.0466382127883558,-2.4152528290715427,-0.34050777381021685
0.01028349438125174,0.004831580453519648,-0.008114218243914615,-4.441824934565478E-4,0.40221032454075806,1.0172685609033056,-2.424525367454462,-0.3108854391735875
0.010249860350741519,0.004827129303898192,-0.008114134456888931,-3.911302878377068E-4,0.39189108015773155,0.9798256349815456,-2.4277835620195636,-0.27721152400092297
0.010355035463892928,0.004823437031065463,-0.008092160379247688,-5.536959227856355E-4,0.4188445482240088,1.0891335792651609,-2.4013997066347588,-0.3832930284096614
0.010330495690751852,0.004805721898844178,-0.008076690089872657,-5.12489643391817E-4,0.4076621342095566,1.0555769171133955,-2.392815973258774,-0.35935137252203636
0.010481789116508088,0.004838927784758293,-0.00808014643774291,-7.525796381638495E-4,0.4549375009318937,1.2290337600117125,-2.3792152452625803,-0.5098972763118267
0.0104356698088203,0.004832355390123709,-0.008084504640958478,-6.800060790712012E-4,0.4417679366634744,1.1777238692712502,-2.3873736957329204,-0.4638691242335304
0.010458380984445272,0.004825321691845057,-0.008070827323971025,-7.131139025278439E-4,0.4450514902980637,1.1979528796456647,-2.374960729923793,-0.4866004300825303
0.010385170572272617,0.004815644398659666,-0.00807707017323378,-5.985256640139563E-4,0.4242802581596656,1.1171375536564954,-2.387354516533516,-0.4137193122568262
0.010414145004675551,0.004814288282516012,-0.008069068802622393,-6.42670297898776E-4,0.4310936800797441,1.1466616789242754,-2.37847052930252,-0.4426321324830683
0.008057600088913423,-0.005392714184532193,-0.0076786884749972945,-0.003237251636628477,-0.13603405402488972,-1.298977229581937,2.2938412416201963,2.168582014095716
0.008072084039835076,-0.005386634628544868,-0.007688816297372387,-0.0032131229793159913,-0.1344808729882245,-1.2835519989691215,2.300894360187126,2.15087564504536
0.008059417160269962,-0.005376848694421776,-0.00766284629456035,-0.0032164373697360815,-0.13735371104642866,-1.290920505223861,2.283329491142592,2.15065989869079
0.00810110881275792,-0.005374612204472542,-0.0077088517702520115,-0.0031647523003537994,-0.1323555403754415,-1.252642406006872,2.314679990203722,2.11537440344478
0.008103103473468187,-0.005358782514802878,-0.007693066884618348,-0.0031441409667130886,-0.13457727091224939,-1.2448022380781705,2.3042233786885684,2.09759482057129
0.008086586996046871,-0.005380600615198654,-0.00769886975409717,-0.003188958911032002,-0.1331878403481877,-1.268111826557861,2.30783281959865,2.133143011089048
0.008073957075258523,-0.005370788208734922,-0.007672999700431169,-0.0031923819941992193,-0.13660972578427,-1.2755769870086677,2.2903909992644036,2.1329866346925512
0.00808851728604351,-0.005364761243913211,-0.007683066171424002,-0.00316827966498311,-0.13568614744291027,-1.26020208999628,2.2973540858636032,2.1152917072423167
0.00813445179635928,-0.0053311050000086615,-0.007697730824468541,-0.0030756422605779724,-0.1279816411398735,-1.2105462843206896,2.3028887333462804,2.050569295948773
0.008119752938582157,-0.005336828498331146,-0.0076876789304876425,-0.0030996249567337773,-0.12903586046876303,-1.2259285436403424,2.296011107357678,2.068062694392385
0.008105045995485506,-0.005342665627470524,-0.00767759683819842,-0.003123680389230587,-0.13003542428599144,-1.2413178027647795,2.2890819820855355,2.0856157904793275
0.007814421202973038,-0.00550297372456129,-0.007494926887706249,-0.0036425439947624454,-0.14106165347019012,-1.5563616217728782,2.1577714214983827,2.468612230871886
0.007801241259992255,-0.005493853779799939,-0.00746764626981776,-0.0036437487148782495,-0.14234202745723543,-1.5619607564958924,2.1385199462136435,2.4659226843832003
0.007800304138943855,-0.005509862126966205,-0.007483445123595708,-0.0036660746157124798,-0.14066440046934295,-1.5712156237378831,2.1487659040952614,2.4860268330549578
0.007787086862229206,-0.005500756560983671,-0.0074560645996781865,-0.0036671336404805015,-0.1421913946674724,-1.576659457883908,2.12944929218084,2.4831571937258943
0.0077862088325336065,-0.005516794822133637,-0.007471882685122426,-0.003689582983015728,-0.1395190079269811,-1.586022785620998,2.1396067163878403,2.503484532565212
0.007772958261804799,-0.005507729863586104,-0.007444440056124868,-0.00369051101417405,-0.14204581034397387,-1.5913303020397918,2.120287885826556,2.500386840412872
0.007772135412910413,-0.005523771746035272,-0.007460247089657582,-0.0037130536749211524,-0.1384026462047076,-1.600772382262308,2.1303227799908324,2.5209553905192754
0.00820760122734695,-0.00530196344655797,-0.007744832721363992,-0.0029546665924595574,-0.1209978494017976,-1.1338048539163665,2.3341091321054175,1.9628498118863453
0.008163732080387792,-0.0053197955337550284,-0.007717420480148253,-0.0030277749701762453,-0.12523985177079433,-1.179866733833621,2.316219479486577,2.0157087167257335
0.00819277766748215,-0.005307652494486152,-0.007735342157304073,-0.0029790585863049795,-0.12226351314805163,-1.1493397790576632,2.3278860488474398,1.980512694129554
0.008178207189970308,-0.005313715428637342,-0.007726393947911871,-0.003003489808556904,-0.12363798075430603,-1.1646398637708961,2.322082864453476,1.998140829636138
0.008151149951020809,-0.005309946506779424,-0.007692634160767416,-0.0030321970628921923,-0.12467480556296036,-1.1908096282841496,2.296829160665204,2.0198888421614423
0.008136526773797443,-0.005315068968837996,-0.007682202811837982,-0.0030553677336921732,-0.1258017737770959,-1.2059233058900711,2.2896408777673867,2.036743736559251
0.00829929401701892,-0.005252811220563133,-0.007784356673711701,-0.0027884855253412877,-0.1089607642398472,-1.0363314359267932,2.356471346381427,1.8442367631855043
0.008284428481036863,-0.005257918726765221,-0.007775107341787349,-0.002812541785708863,-0.11074790672315594,-1.0518053679406003,2.3505631459316234,1.8615198028565878
0.008358695478981387,-0.0052316459288784395,-0.007819003537422244,-0.002691058062539695,-0.10108178268624461,-0.9743887339191765,2.3779653556949163,1.774588056385655
0.008314047950716953,-0.00524761493310789,-0.007793248377844525,-0.0027644251679551056,-0.10712042523139696,-1.0209539180880434,2.362074052597053,1.8269862964399974
0.008343615147040372,-0.005236592305585495,-0.007809939987443656,-0.0027154506787831867,-0.10312474082414358,-0.9900987074563047,2.372318949519489,1.7920314328015048
0.00832872519176109,-0.005242032937061012,-0.007801480746846348,-0.002740028451920893,-0.10515537199305373,-1.0056292072458388,2.3671235329698876,1.8095678080288977
0.008405832413795484,-0.005197403853904333,-0.007824863716042851,-0.0025967913698657923,-0.09140924298886603,-0.9248981187425781,2.37721627760136,1.7099251586693691
0.008390150398263308,-0.005203017647076776,-0.007816487903135839,-0.0026226045196723682,-0.0937913542095191,-0.9411295999044561,2.372213841224889,1.7281759340130687
0.008375605229297818,-0.005209919071259896,-0.0078105039430848,-0.002648123749521947,-0.09617304325977839,-0.9562505770149264,2.3690008541223446,1.7460476114786927
0.008361170355858732,-0.0052154681559133725,-0.007802945946931961,-0.002672180243436841,-0.09832101826534066,-0.9712356531077159,2.364493040357749,1.7630948270294724
0.008269489281590181,-0.005263269680550307,-0.007765913278965847,-0.0028368803183740614,-0.11251362350132343,-1.0673612301595232,2.3446850302322915,1.8790057410498762
0.008254540961231164,-0.005268869275960393,-0.007756843042926923,-0.0028614290835018504,-0.11424644333256088,-1.0829411265834084,2.3388866330369815,1.8966455171737422
0.008209648670855102,-0.005285497051732272,-0.007728494615936465,-0.0029346113353988196,-0.1189988340198672,-1.1296750804529359,2.320387635463646,1.949416510864897
0.00822452585215562,-0.0052799572690407325,-0.007738005027872741,-0.0029103873359588614,-0.11749785171125991,-1.1141962561889152,2.3266451319560155,1.9319294137751493
0.008239538861641572,-0.005274462987984684,-0.0077475608139467465,-0.0028859829347130943,-0.11590636669719699,-1.0985718332316254,2.3328941871649715,1.9143232066177502
0.007758858612336016,-0.005514767602452737,-0.007432770346233661,-0.0037138716120675547,-0.1417712625867125,-1.605968632008511,2.111026777105582,2.517610841834152
0.0077580840129219475,-0.005530792832404855,-0.0074485416631435075,-0.0037364799569831165,-0.1375249769888888,-1.6154698518946102,2.120937619896503,2.5384032821313083
0.007744054766749506,-0.005537858013848691,-0.007436767062399425,-0.003759860608284426,-0.13694075616848778,-1.6301243308575344,2.111463604024477,2.555798457899588
0.007744783012189327,-0.005521859592428364,-0.0074210393570741445,-0.0037372075936450617,-0.14134029815186075,-1.6205685700179224,2.1016519570546364,2.5348206082229847
0.009389319575893585,0.0049483222928882135,-0.008165433699871619,9.864953542819742E-4,0.1454158050884223,0.09136621998794599,-2.536904462380438,0.6208539862478121
0.009406713805039968,0.004936295389328581,-0.008157365340815579,9.550396232299517E-4,0.15028617653323717,0.1073933554157628,-2.530033502453511,0.6003948435357308
0.00935802970440862,0.004952205103217922,-0.008158747121569207,0.0010369920226550849,0.13603110941440502,0.058639991274334835,-2.5348780564171194,0.6537943428891885
0.009341582026978948,0.004943652739704663,-0.00814261905920863,0.0010595054172189212,0.13091970707584835,0.03921698289392089,-2.5252041605134967,0.6687068354358012
0.00937312953686259,0.004943075894534113,-0.008153557202429208,0.0010100259794986524,0.1403128816588483,0.07287804778479763,-2.5301291126071237,0.6362765108942164
0.009488262788562707,0.004912816176925868,-0.008155746546889222,8.195975184083583E-4,0.17410082561669807,0.18952120794643465,-2.5224319459960793,0.5119758878553587
0.009498843203359735,0.0048948464378869745,-0.008137928398394997,7.978277941184086E-4,0.17621693678664607,0.1967319108093785,-2.5094508120772794,0.49745796929601427
0.009426763214406457,0.004926855251051337,-0.008153038970969945,9.204546197753731E-4,0.15601782990764312,0.12680185180266193,-2.5254888886879034,0.5778285084674682
0.009444418727721435,0.004924459682897371,-0.008155942137993201,8.91991785967909E-4,0.16127112659399054,0.14517689370669887,-2.5260547904901918,0.5592643672740555
0.00946247116587945,0.004912926006800363,-0.008148147115417665,8.600870819458361E-4,0.16620246881873588,0.16192758563465273,-2.5193214753410937,0.538353351859376
0.009266286029093112,0.004961245345924882,-0.008133128722750545,0.001183542632625297,0.10902156539354689,-0.03777523498853277,-2.524815549955118,0.7499309354594504
0.009202622188968043,0.004962085820803907,-0.008106139110109926,0.0012820346774357072,0.0909607724320919,-0.10562618236841075,-2.5114180667214643,0.8153026329787041
0.009219086744929232,0.004953349917096329,-0.008103413880856539,0.0012528486846834928,0.09566546798391257,-0.08968988154949468,-2.508166671489271,0.7962723346561442
0.00923552551419751,0.004948579949736471,-0.008105141248657707,0.0012255316872487301,0.1002979691303424,-0.07306880100641377,-2.5080170502941868,0.7783011517467301
0.009252261808207842,0.004944313283187929,-0.008107425136190902,0.0011979908539974289,0.10504354300223284,-0.05604121791951163,-2.508230544753839,0.7601616458203733
0.009288746753943092,0.004958750827278314,-0.008139522461792628,0.0011476533387477742,0.11552884601266876,-0.014243646932599706,-2.5273752142426784,0.7263265540213913
0.009308119001121152,0.00494613711105272,-0.008132577658740993,0.001112498060820294,0.12110255334690674,0.003934500665465246,-2.521032951178949,0.7035239278955595
0.009325146666630438,0.004934411038757674,-0.008125573434019566,0.0010815132381643865,0.12595128570367975,0.01974423712284717,-2.51484123005249,0.6833853263351032
0.009340263719370545,0.004925032433517216,-0.008120434119869633,0.0010545313430065123,0.1301450670799089,0.033967059692797494,-2.5100950461650737,0.6657827595796
0.009554989036481453,0.0048944052327778665,-0.008152555650323452,7.097124683289672E-4,0.19338231039617695,0.25664753902512777,-2.514966524243563,0.4401272873382416
0.00953465579506881,0.004890283247835435,-0.00814250076836739,7.405436773764134E-4,0.18681913410660697,0.2339271100063048,-2.5097290483509997,0.46003677785645625
0.0095153299276476,0.004891690909159657,-0.008138901922764523,7.711698432056447E-4,0.18103877211543185,0.2136112720818344,-2.508807695050042,0.4800131924168563
0.00913997004651272,0.004959577711543563,-0.008073445638663497,0.001376248246822195,0.0739663591987826,-0.1727007263159804,-2.493790763594808,0.8785290056412342
0.009120052354226346,0.004962626233053859,-0.008067049083503065,0.001407853780703657,0.06861570870685059,-0.19332330323764424,-2.4909572136691946,0.8996247533660372
0.009095736953190348,0.004965669073838692,-0.008058138542139314,0.001446009258413703,0.06220323352759045,-0.21860292629649167,-2.4867210894353113,0.9251916971498888
0.009158435082465374,0.004957210799793133,-0.008079702148353247,0.0013471222040209905,0.07896467350951776,-0.1535011517543761,-2.4966434294977677,0.8590976190891201
0.009174263410676653,0.0049580540548069645,-0.008088244757770034,0.0013234734500971632,0.08323262883192245,-0.13654049265917828,-2.5013036134191613,0.8432017021841391
0.009187080148680481,0.004948155652038395,-0.008082765534796156,0.001299330945763561,0.08690774534263875,-0.12466135397257805,-2.496421287999403,0.8275537500919868
0.008609812566165265,0.005101355250784791,-0.007892911510603727,0.002238692733051573,-0.05211267579258925,-0.7150921993637641,-2.4092165990600702,1.4627217576480154
0.00857649518518839,0.0051084610658412985,-0.007873817441070909,0.0022900686135362077,-0.05803651423519296,-0.7493003226654281,-2.3978003475095826,1.4987636331096323
0.00859341462638448,0.005104374165896516,-0.007883050536630144,0.002263626293838566,-0.055003219403558935,-0.7319548777357272,-2.4032485553064777,1.4802595575749657
0.00862649804630789,0.005097316272881291,-0.007901672969766856,0.002212467131033775,-0.048950176894206936,-0.6979474619292731,-2.4142885882862397,1.4444191830688042
0.008647688549859688,0.00509379562744074,-0.00791440324441238,0.0021803265845307482,-0.045129217695327614,-0.6761125739427217,-2.421952856923902,1.4218826111154057
0.008667429745894533,0.005085861061764505,-0.007920667752555054,0.002146658726924549,-0.04085379220602659,-0.6559845852277119,-2.4247700986774583,1.398890229367851
0.008455005500706715,0.005164006855275646,-0.007832058090756417,0.00250125286186199,-0.08142739694294743,-0.8737814336560881,-2.377613412971329,1.6444535450424436
0.008559127630190743,0.005114361575649632,-0.00786610182975756,0.002318563106614271,-0.061289585417915994,-0.7670580306815605,-2.3935655826999813,1.518533407563499
0.008469107742325,0.005148265313421583,-0.007826835139269768,0.002468457679507348,-0.07758487740518033,-0.8591558530157298,-2.371979702922454,1.6227146141496462
0.008485556550670367,0.005140021908216619,-0.00783207112137114,0.0024393376126682566,-0.07446869918204983,-0.8423006359007555,-2.374400065832063,1.6026320012583002
0.008502181334120715,0.005133607160463238,-0.00783935964666183,0.0024115822707895603,-0.07152188495037565,-0.8252916798065533,-2.378425618246236,1.5833160463159806
0.008540562102886996,0.005123537146854578,-0.007860912409429982,0.0023514079749745883,-0.06511291059651171,-0.7860038492001814,-2.3914148600460314,1.5410235372326115
0.008518976532349945,0.005128202237752913,-0.007847767110818577,0.0023844384115126113,-0.06858663480993883,-0.8081011346242758,-2.383306904256098,1.5643211304168083
0.008685258541747842,0.005078843794341334,-0.007926287110148202,0.002116357533761479,-0.036973492691410044,-0.6378145629055273,-2.4272834032516823,1.378203109072503
0.008701261466822551,0.005068867036790639,-0.007926936825151748,0.002086386887283912,-0.03303191677994178,-0.6217717149643128,-2.4262122028998436,1.358185097357918
0.008718492241834169,0.005055150366282141,-0.007924057209390108,0.0020519912398209036,-0.028457253661897275,-0.6047390823049725,-2.4223792823730843,1.3355152415138993
0.008734262557561132,0.005051569017366078,-0.007931547779209161,0.002027195219478158,-0.025175640360343927,-0.5885925677508124,-2.4265268670730085,1.3184116517800368
0.008778323231908611,0.005035581363294576,-0.007944817447549579,0.001953436193347507,-0.015159017840981724,-0.5439456908115227,-2.4323531654361603,1.2683258248186358
0.008792087526092335,0.005023643165827174,-0.007940764036041928,0.0019255562857407786,-0.011367739376358184,-0.5305980340225093,-2.428070678521822,1.2501149321070217
0.008804594407252073,0.005013537060554178,-0.007937844283929976,0.0019008348609740075,-0.007883210532909359,-0.5184459564677152,-2.4247515425202852,1.233912854233889
0.008746334838513094,0.005041326498674493,-0.007928586034424348,0.0020027564539123904,-0.021855984809963577,-0.5767753391829716,-2.4231687588830675,1.302385017322874
0.008760934969814614,0.005031725184530996,-0.007928084544809899,0.001975296097191995,-0.01819113657702875,-0.5623213665115526,-2.421438918578297,1.2841652682410782
0.008840312219294186,0.005018158383404424,-0.007967312737666972,0.0018529691932004713,-0.0010576776656395506,-0.4808181816105876,-2.4433721553568053,1.1999317166500687
0.008820916311191416,0.005012579180001515,-0.007947875917708591,0.0018769702472991236,-0.004580266355330376,-0.5015591825819373,-2.430744009287354,1.217304019342845
0.009051697444936195,0.004958253139231493,-0.008026202989478736,0.0015078175344543105,0.05134242758295713,-0.2662115696244031,-2.467723426371583,0.9676458818949868
0.009072221216272703,0.004958624408663034,-0.008037648165568722,0.0014775002992979671,0.05645044740785097,-0.24453550485020584,-2.4741547373074684,0.9470160106342672
0.008856300471704921,0.005005477650372489,-0.007963339343637741,0.0018216105333655108,0.0033747824707157687,-0.4653689665165331,-2.439012901512607,1.1794327863377736
0.008875750014009033,0.004995953934269856,-0.007965080611768495,0.0017874520819938253,0.00829386144979413,-0.44604435510056284,-2.438566448059071,1.1566662907391743
0.008895379993937866,0.004989025123169355,-0.007969682386333525,0.0017547367410889355,0.013026791968044944,-0.42629233665091676,-2.44021311006517,1.1346589190738603
0.00891142503039458,0.004990420642338011,-0.007981369408817858,0.0017324073535074727,0.01650529987294275,-0.40935116933990834,-2.4473449409177195,1.1190272724013992
0.008925187617367861,0.004983434951028994,-0.007981885285342287,0.0017081097146346635,0.020036106935826834,-0.39575368110952075,-2.446526253425528,1.1029014632593237
0.008946279282939687,0.0049798346772879495,-0.007990612279168544,0.0016752382974484022,0.025069128835989277,-0.374098705484263,-2.451049979828401,1.0805444923542697
0.009037151745289055,0.004939736357146088,-0.007997007767949501,0.0015191800234852814,0.04868533962844177,-0.2841158614949579,-2.4480199264024596,0.9768230003221413
0.009014965438070842,0.004948191387155434,-0.007994360719654252,0.0015564140546605674,0.042963460918516265,-0.30619632755982074,-2.4479588046673872,1.00164076205376
0.008992739689776234,0.0049611785144323866,-0.007996596900746668,0.00159635757620653,0.03697765572744332,-0.32777900957398837,-2.451434573502436,1.02796445905678
0.008966608304606898,0.0049673348856042404,-0.007988412944185412,0.0016381360769880907,0.030548859792816793,-0.3543466430339191,-2.447714414408447,1.0561269942719103
0.0084319875387649,0.005155596360210842,-0.007801629000446576,0.00252388109887422,-0.0828259549398369,-0.8970510310486323,-2.355779165726903,1.6622668635760252
0.008083288104704241,0.005305443058493596,-0.0076121692944311915,0.003107083370830328,-0.12521042347069075,-1.2554834937854227,-2.2358716366768836,2.0764073900293893
0.00806693484712064,0.005305753359620599,-0.007594026603015432,0.00312618992152073,-0.1254326931952698,-1.270899323865031,-2.22213871243877,2.090570743652006
0.008097373380451519,0.005294835378498338,-0.007616456265666705,0.003078914566109418,-0.12357554542719175,-1.2402242753067008,-2.238091034622291,2.0563969836170224
0.008124643788626896,0.005267923372447067,-0.007617432706846394,0.0030174944167730886,-0.11925598478601751,-1.209727131225117,-2.2362509637839043,2.0132951435467383
0.008109487525390563,0.005278245562680686,-0.00761193783753747,0.00304645868813659,-0.12096121088690458,-1.2258016888253869,-2.2331169225209773,2.033786856786136
0.008139364787070467,0.005259557511882797,-0.007624406370299542,0.0029911816178482373,-0.11764915735388659,-1.1944054345994777,-2.240648048823988,1.9945885156709873
0.008266722738999718,0.005213329368646949,-0.007707195321242663,0.002789476597606496,-0.10524938669829621,-1.0655534144265866,-2.2964234263260486,1.8503469319738401
0.00828373582026317,0.005197148274272593,-0.007706395894452681,0.0027522065945105867,-0.10178605437135675,-1.0472945906401456,-2.2940367866007674,1.82478209429695
0.008299898093341501,0.005184633417260344,-0.007708613599729907,0.0027197668073628335,-0.0989004279832527,-1.0303106651764302,-2.294218502716426,1.8023845581396574
0.008167661805609436,0.005252756357786999,-0.007647483419457135,0.002950473985934131,-0.11576423370240473,-1.1664383775452611,-2.2570898833020006,1.9651455821148163
0.008151759792667456,0.005250210073488325,-0.0076276620803389355,0.002966536270113415,-0.11600041635590116,-1.181162653322519,-2.2421506482642344,1.9772573675842569
0.008181025480887434,0.005236388246991385,-0.007643864234572715,0.0029171854837162833,-0.11291152567913755,-1.1512883888296344,-2.252739313931056,1.9421942894140558
0.00821574197920501,0.005217824750227352,-0.007659974645820007,0.0028562177512457556,-0.10876188710062126,-1.115522722308427,-2.262655158709909,1.8991272227454563
0.00819820410711674,0.005219987911553238,-0.007644093468042063,0.002879484792185865,-0.10991368691679436,-1.132596588626994,-2.2512565018827413,1.9160644240106506
0.0082446753323378,0.005197199854055129,-0.007667143349287171,0.002800110814485532,-0.1042473759697442,-1.0852073610772075,-2.2657393249068742,1.8600596201583859
0.008228046681823137,0.005207925698018384,-0.007661863796444942,0.0028311808657871247,-0.10672217840363944,-1.1024707127635727,-2.263013109542784,1.8817510828698396
0.008316477828340574,0.005175044921328357,-0.007714289664690067,0.0026897363625506434,-0.09631483647925342,-1.0132348216416636,-2.297181136476023,1.7814540050417165
0.008333469552883875,0.005168143877434348,-0.00772314632016918,0.0026617916583496653,-0.09401744891786802,-0.9960001074934565,-2.3026755306166233,1.7617728280057372
0.00834953289989136,0.00516495594298746,-0.0077350420335972805,0.0026385218854787524,-0.09218816270807809,-0.9799394826216066,-2.3107005908058733,1.7450896158982392
0.008361737790764606,0.0051537880272271444,-0.007734281648076193,0.002612481698522313,-0.08957024251203098,-0.9671322009905392,-2.3088857781115286,1.7273764574532835
0.008392871872748378,0.005152676094030926,-0.007762283757603247,0.0025718014563101553,-0.08648006900595552,-0.9362181934261731,-2.32827842576388,1.6977537185143332
0.008375640940913632,0.005146797713481055,-0.00773964431429687,0.0025882814650137146,-0.08738826383146339,-0.9529683006160259,-2.311827808393452,1.7105418027044699
0.008409589213903444,0.005140015482621557,-0.007763641729309622,0.002538627238530704,-0.08304115565978813,-0.9189496379139458,-2.3277099371069974,1.6751150145678892
0.008008826959844537,0.005330982344222207,-0.007554216274798865,0.003220640763351383,-0.12883801767554673,-1.330016836715836,-2.193863580027733,2.1586548333223523
0.008035851481428663,0.005303403638873781,-0.007556102376883205,0.0031586372798792727,-0.12523024278211534,-1.2991253380476835,-2.1930294962882484,2.1146772000077765
0.008020990098345344,0.005314306793226115,-0.0075505988924576065,0.0031877565350415904,-0.1265896893740718,-1.3151000215804187,-2.189715775850301,2.1354074940918397
0.008050390762826707,0.005295322963145229,-0.007564077859283724,0.0031331092974570536,-0.12404633399422049,-1.2840643056891115,-2.198439415656178,2.0964119267552785
0.007156758406570688,0.005795798466011584,-0.006787211502508426,0.004589378308918166,-0.06592745426464951,-2.141076224822591,-1.5427047625482668,3.115679488195213
0.007165681999123527,0.0057779552245439325,-0.006788380013227075,0.004556213739343861,-0.06799747003992969,-2.1250608018314954,-1.5461705367546792,3.08969164677317
0.0071771815329824745,0.005764399325170632,-0.006796628290927811,0.004528576315950502,-0.07038402588762778,-2.1112113954735343,-1.5550495430746187,3.0696826675189848
0.007204795742936432,0.005744120852650829,-0.0068249743847764765,0.004481447800542884,-0.07550335853721164,-2.086403860146621,-1.5819537267296762,3.0386131979167534
0.0071905742221104385,0.005753395913055982,-0.006809585571551576,0.004503922717907263,-0.07292538599781602,-2.098415627012756,-1.56758508470324,3.0530545256865285
0.007219132401133689,0.0057348860685625435,-0.006840418076908674,0.004458866587450743,-0.07801606681868735,-2.0742448446894346,-1.596337744206471,3.024035391078806
0.00713762378602307,0.0057919133844815535,-0.006753782192681309,0.004592990671420021,-0.0627012372481293,-2.144911977933395,-1.5144075115963174,3.1109438078429394
0.007119444213466569,0.005789236636858719,-0.006722868529719387,0.004597805735223059,-0.05971062012254099,-2.148910247501353,-1.4882276908666288,3.107512172870155
0.006362265892315791,0.00646389661165093,-0.005708264866189926,0.005872383897402917,0.1744500233513099,-2.6329836106908595,-0.4481045238962624,3.7282437587798882
0.0063753496400473265,0.006454007258353287,-0.005730323299476192,0.005857483434506639,0.17053262799190796,-2.6318922429768796,-0.46884320971810406,3.728413135280037
0.006383309380698706,0.006438020640193299,-0.005742430264514952,0.005830673144035793,0.16517261813817338,-2.6230962028769818,-0.485867390242909,3.7132003837146352
0.006388770621772367,0.0064181940724699895,-0.0057493884604185195,0.005796642829263483,0.15922402621335116,-2.60988841833208,-0.5010885058241512,3.6893605517210983
0.006397835929558092,0.006402569342952189,-0.005763049587631046,0.005770633059264961,0.15404707919636587,-2.6016653749945977,-0.5187225867654118,3.675637945719179
0.006408680321656872,0.006388536167518662,-0.005779882689598229,0.005747618041851868,0.14916930503535808,-2.595391167070879,-0.5377487281246087,3.666002820194405
0.0064199034850788836,0.006375628905034084,-0.0057973941634888995,0.00572652537068662,0.14458490903080204,-2.590008270744095,-0.5566754847707828,3.658205494327141
0.006431433355159287,0.00636347646970465,-0.0058154265688110385,0.005706677324590434,0.14014312054819852,-2.5851804591538374,-0.5755885452715223,3.65160158098196
0.006443344352942785,0.006352110062964481,-0.005834139389186734,0.005688126940421188,0.13586794685804693,-2.5809603415870406,-0.5946131867708639,3.6463049286024316
0.00646705361880019,0.00633356785397131,-0.005871897189216283,0.005657983336526389,0.12842366130215535,-2.5753428541445906,-0.6310168869524414,3.6412209082938296
0.006455584295166322,0.006342043461531584,-0.0058535716194103105,0.0056717603598734545,0.13189564423741973,-2.5777425961074596,-0.6135735226518607,3.6430440729967803
0.006316962815484629,0.00650825383368932,-0.005631921348037584,0.005940589020892839,0.19130179091602725,-2.6428189013145267,-0.371118851913732,3.7400697478995304
0.006328610157113561,0.006493778366228659,-0.00565148395761624,0.005917826096391381,0.18606430111606412,-2.638194336615794,-0.392542821884173,3.7328847223141635
0.006334720039257821,0.00647468955779917,-0.005660690698710093,0.005885566487706916,0.18007345989421972,-2.6267037240369846,-0.40938773686758895,3.711992382513198
0.006344115212243481,0.006458459661637742,-0.005675686226334635,0.005859048596229584,0.17460688689586756,-2.6190715692075126,-0.4284848555055296,3.698993101666877
0.0062731854839830166,0.006554563054635805,-0.005556581398483493,0.006010562803616241,0.2083954405324607,-2.6518975162943197,-0.29410422433243877,3.752256063486555
0.006284814339734615,0.006540074718249828,-0.005576706534693889,0.005988315971755504,0.2031622742443307,-2.6481396540579962,-0.3158775287789289,3.746271996150093
0.006299031733841636,0.0065045132252403055,-0.0056001390850012635,0.0059295423483857225,0.191557032444607,-2.629629586785492,-0.351872012480475,3.712631151362882
0.006290090830245019,0.006519696772270256,-0.005585212266864439,0.005953891519942547,0.19677634042965206,-2.6359107692555526,-0.3333283450336868,3.7235116704063187
0.006180870607074102,0.006635187827729726,-0.005393009251145491,0.006121630706912898,0.23834793699600573,-2.648876704575429,-0.14143412863763724,3.74038986750987
0.006162525672580764,0.006637402736888301,-0.005361054398125627,0.006118772854803133,0.2395898200575842,-2.6375135806570906,-0.12101657955908073,3.7177479329815015
0.006203994556047636,0.006615438713445183,-0.005434397872405138,0.006095402805033542,0.23120265423796837,-2.651080396362738,-0.17918217660005145,3.745553334349895
0.006211982965547316,0.006599251482088535,-0.005448965634810875,0.006069865853882976,0.22566300896765865,-2.645034527214362,-0.19832504895234784,3.734214589814781
0.00622059010167907,0.006583855475065379,-0.005464381172649294,0.006045843673503102,0.2205447107468974,-2.639768432818137,-0.21745095483263688,3.724534355336577
0.006254992867586376,0.006551143174754118,-0.005524588313836651,0.005999273837777173,0.20850518194549952,-2.638051935148985,-0.27534656086581927,3.723934980213541
0.006246357177386347,0.006566513442834219,-0.005509567334777732,0.00602360078430815,0.21379243401206027,-2.6438795030728017,-0.25654124800387934,3.7343785400918406
0.006227770937147236,0.006566876294602461,-0.005477135050340746,0.006018549192483533,0.2148590517599462,-2.63226066176264,-0.2358104792360176,3.710549979796234
0.006185936478893628,0.006616310177915163,-0.005402933552055508,0.006090651362540215,0.23211629117285135,-2.639365117547103,-0.15952210722170904,3.721980360965546
0.006114859067929613,0.0067023673231102684,-0.005272147676788365,0.0062121084577944,0.26166680824443533,-2.6453672975568394,-0.026539998536510564,3.7337026230701693
0.006082122163522608,0.006740106563637755,-0.005210324862046516,0.006262757421544898,0.27431011276656087,-2.643763130301861,0.0336983128264478,3.73226323867846
0.006103795439887168,0.0067142971011942346,-0.005251486938397367,0.006227951617108748,0.2656955112786177,-2.6445247061580237,-0.0068319052557668574,3.7324809539453168
0.006092826514855109,0.006726844169301432,-0.005230794553038779,0.00624475416975171,0.26989443771897387,-2.6439309844856997,0.013266744871741065,3.731882595988951
0.006107054232244849,0.00668453785175144,-0.005261019395582461,0.006178289770955628,0.25581991276306143,-2.6282707081377983,-0.032660760439196766,3.6998685560520523
0.006118715228351336,0.006674023875409189,-0.005282222513118836,0.006164994754444414,0.25229418789214236,-2.6301575657349976,-0.05157412888764578,3.7033157042848104
0.006129409454899966,0.006662677341134679,-0.00530178593438791,0.0061497534001345505,0.24843971183743044,-2.630627800910436,-0.07021533618614544,3.7040925604407557
0.006139518063442552,0.006653043419781154,-0.005320087737152478,0.0061371064061791335,0.24519062323236498,-2.631610715308122,-0.08701588508736059,3.7059806912550557
0.006036574044272235,0.006780906361141256,-0.005125086743127594,0.006311187043801777,0.2874579128040373,-2.631650353549816,0.10756681066820754,3.7119829835784217
0.006044554763099303,0.006766033619470112,-0.005141600276277699,0.006289743191828417,0.28260657100856906,-2.629525757802767,0.08824475500219815,3.706672285205038
0.006051933980057209,0.006750619766393458,-0.0051570224228099865,0.006267009518610125,0.27754198006453595,-2.6264223015194363,0.06915582453280572,3.6995706953471896
0.0060616462989573445,0.006735316882224721,-0.0051761999384352,0.006245426223198361,0.27251427563211394,-2.6249925119388426,0.04825866522342473,3.695808747919127
0.006143319068594985,0.0066383903503489695,-0.005327907952941103,0.006113375757834585,0.2404636739350112,-2.6246848592989487,-0.10116053751956745,3.692376869021445
0.006776514142318089,0.006057494855333902,-0.006313713356954055,0.0051615987362452894,0.026387131648923545,-2.410162438477416,-1.0830010524436942,3.4333136090312455
0.006791405169210277,0.006046238154108918,-0.006333729059200133,0.00513935649611482,0.022170677252918772,-2.401245067644593,-1.1028401528535683,3.422739203153917
0.006810681275624475,0.006034649367469556,-0.006360882030667183,0.005115405056483763,0.01724099308252119,-2.39187374593283,-1.1286662956232554,3.4132640729190418
0.006825989893622127,0.006018531956382619,-0.0063787611084229895,0.0050844238822740145,0.012333419702162902,-2.3784067983632515,-1.1480284877734432,3.394584803070725
0.00684167521585007,0.006006051685521195,-0.006398894482263215,0.005059380890262374,0.007898555540218526,-2.3677286450068054,-1.1682147935495097,3.3813932577100023
0.006861281061779409,0.005994287667794426,-0.006425829914160277,0.005034328161355295,0.0030084429158775414,-2.357237694353604,-1.1938666545932224,3.3704250655733246
0.0068944894286580025,0.005984990828789443,-0.0064769158868706045,0.0050092026157874435,-0.00408698386407478,-2.3472641147987043,-1.2393881834937128,3.3671098177458707
0.006875689703390093,0.005979385903916148,-0.006442054562553625,0.0050051841227719595,-0.0013927910959625662,-2.344153670368129,-1.2113030654771544,3.3523634083636824
0.006909496647233212,0.005972108303104899,-0.006494984230518711,0.004982882588444115,-0.00833741226060926,-2.3352845099952426,-1.2578754691259084,3.3516386026969727
0.006929480960003918,0.005939405293377512,-0.006509602388544116,0.004921585552061487,-0.015437468267788268,-2.306527424616553,-1.2779635723987222,3.3068477191277466
0.0069178145030976985,0.005953140482511277,-0.006498072015975344,0.004948360263683262,-0.011800632800347844,-2.3189764612074693,-1.2650296078220469,3.324758199770216
0.00696975424351428,0.00591606819523544,-0.006562694442892566,0.00486871432261726,-0.024839842488287356,-2.2819593107907283,-1.3282912131658895,3.2804660447091245
0.006992873898666522,0.00589132279724774,-0.006585605598587227,0.004819086316095959,-0.03117755299406773,-2.258310222402107,-1.3529460021995605,3.247347817812414
0.006980768289534829,0.005902609439499778,-0.006572657558192384,0.004842329283456104,-0.028060268615922025,-2.2694123341760046,-1.3396018030248433,3.2622167981351295
0.006941727671529992,0.005927106913468115,-0.006522760134022697,0.0048969697248310495,-0.018794287963693566,-2.2950491246482767,-1.291912818383194,3.2911174254284887
0.006952419072429682,0.005912827275479755,-0.006531978582091064,0.0048695564752149,-0.02214030760043235,-2.2821457852417315,-1.3028737680292914,3.271936016352718
0.007005192019571585,0.005879015309281594,-0.00659809845956393,0.00479401801697137,-0.03431725354087182,-2.24627242945111,-1.3660612762068876,3.230841494819721
0.006988541897431038,0.005875180359031552,-0.006568397767836243,0.0047942497952678225,-0.03172328659252693,-2.246567280497144,-1.3415834918754115,3.2225875518785316
0.00701593783816483,0.005864546300166674,-0.006606460523034748,0.004766003451722233,-0.03735049685795661,-2.232834319636203,-1.3759898226086253,3.2108292488762733
0.007026818283783778,0.005844807322164185,-0.0066114563287169035,0.004729385686572178,-0.04073478054319558,-2.2153453713528024,-1.3839694843026964,3.183123061712012
0.007041209877126855,0.005836851037867434,-0.006629578750318758,0.004710400753796058,-0.04366745685579637,-2.205965242898107,-1.4007960157013735,3.1729580805104898
0.007049168644364812,0.005822737074690614,-0.006633136573785348,0.004684175662994645,-0.04596486500742164,-2.1934189468320873,-1.406340647611575,3.153165301268974
0.007093650602952077,0.005800117423809525,-0.006689254825450419,0.004627639218164146,-0.05480540135201904,-2.1646728879842825,-1.4578363597973873,3.1228669778908054
0.007078540773105218,0.005807395562317471,-0.0066700396218499014,0.004646339436556326,-0.051864987799934155,-2.174323195190359,-1.4402559529876588,3.132813441089419
0.007059635630397176,0.005810020812685297,-0.006641516880638671,0.004659128947913756,-0.04856114361880931,-2.181316317679153,-1.4156364595074298,3.1356466501903837
0.007101052989833244,0.005785958007927051,-0.00669130235499706,0.00460153616642103,-0.05670935459324248,-2.1521622243750547,-1.4618176165567427,3.1028428603366636
0.006506852729860746,0.006315798091363966,-0.005937830253034261,0.005629776753052022,0.11902950638094194,-2.575512990081995,-0.6884658170822887,3.6513278943551106
0.006478265433459629,0.006322522647232782,-0.005889119131228165,0.005639559660403263,0.1243512098327793,-2.5705531259629257,-0.6488633390765131,3.6349640340585245
0.006488647698853332,0.0063108126349447095,-0.005904605939446428,0.005619799866615707,0.1201566344592817,-2.564748916873666,-0.665689925790825,3.62668968432464
0.006520286124133863,0.006302777856157906,-0.005958239440445665,0.005607565992657239,0.1140896890282419,-2.56927004946175,-0.7097330131171742,3.6432044352703907
0.006537254800964482,0.0062673291453187565,-0.005978503886019784,0.00554591769235938,0.10355198323315727,-2.5450480083552836,-0.7404773694990642,3.602739114006535
0.00652722282878624,0.006282189247184791,-0.0059650035161933216,0.005571650036903165,0.10842114795081352,-2.554294698079658,-0.7238605466576726,3.6171971683935937
0.0066432556893742285,0.006169170856388322,-0.006131363669175571,0.005372122795027524,0.06740724639894867,-2.4889360265047795,-0.8982664489299786,3.5307576465522246
0.006630424888182707,0.006179396839742085,-0.006112830375578687,0.0053907631785449035,0.07139128191972875,-2.495046436715936,-0.8798232330155048,3.53787747257782
0.00661855235298823,0.006191332340588752,-0.006096438423900354,0.005412191089507312,0.07560289816236394,-2.502616577643862,-0.8624271205796964,3.54810493538745
0.006607431306875594,0.006204722668960348,-0.00608169586806153,0.005436015247450744,0.07997450822605612,-2.5114241115540956,-0.8457367211759134,3.5609399594764497
0.0065986071371933784,0.006220132676072281,-0.0060714535365235306,0.005463221821088116,0.08453818986822254,-2.522373457974297,-0.8317191086698106,3.578539084999306
0.006573530819318772,0.006237638973105338,-0.006033208375184783,0.005494288134199831,0.09193127615747078,-2.5306905087598257,-0.7949116539139878,3.58640474631486
0.006580734099585599,0.0062199691635324884,-0.006040218519724652,0.005463365946115177,0.08702026737679903,-2.5177112135706565,-0.8074227872338247,3.564451053890513
0.0065475009726272205,0.006253596790979682,-0.005992508521061369,0.005522104316187887,0.0991063163198141,-2.5366628620299,-0.7569777926030512,3.59000985067055
0.006555683190061307,0.006237493200835349,-0.006002035358133181,0.005494092535310183,0.09433229627714292,-2.525569916239915,-0.7709319425413182,3.5717459878630926
0.006748144801625149,0.0060633104897135385,-0.00626800532861901,0.005176809740167775,0.03207285679034121,-2.4135024360118673,-1.0437933943310198,3.428325043598472
0.006756683928347651,0.006051120207244023,-0.006276939366599905,0.005154527387960773,0.028737068121868655,-2.4039280262952034,-1.0547913670631692,3.413811678112648
0.006735323905741675,0.006068757995698584,-0.006248625877175827,0.005188290115732971,0.03495341773364929,-2.4170948234386214,-1.026386160187038,3.4301187123877317
0.006721709126359635,0.006076654991898031,-0.006228922474644839,0.0052039417265115915,0.03846100940657418,-2.422470976464417,-1.007984688768227,3.4350208220218152
0.006708345706990454,0.006085857129816003,-0.00621011818683292,0.005221635079769434,0.04209575687483325,-2.4287676355577297,-0.989897310136873,3.441813311810808
0.006695051337505117,0.006096059901917344,-0.006191738370324618,0.005240890214040676,0.04594395155530934,-2.435714940787897,-0.9718318930739521,3.4499249885786383
0.006681989301624028,0.0061073065326743585,-0.0061740511936851745,0.005261766150698684,0.04994303415884111,-2.4433736723861856,-0.9539619740130051,3.459520238249194
0.006669737555824039,0.0061197431938239755,-0.00615807435820686,0.005284465301009774,0.05407048284370725,-2.451960597451841,-0.9370278502263932,3.4711910283164698
0.006659404032099395,0.006133244380333285,-0.006145633376515165,0.005308701713940885,0.05814091645069069,-2.461586892718954,-0.9224782858054142,3.4854954613788465
0.006652539016481858,0.00614537928616225,-0.006138479226727992,0.005330224473510148,0.06143488067836369,-2.4705793838814363,-0.9125234160304814,3.4998387132069437
0.006639532596622505,0.006150818616422442,-0.0061181267754520825,0.0053407006070334785,0.0644088002778685,-2.4727997328284954,-0.8944740892498789,3.4996401033010893
0.007448988042883923,0.005596109700882027,-0.007074450772963752,0.004096765929628041,-0.11076706177224245,-1.8706962374355263,-1.8077013124748904,2.7818873923850522
0.007419575097873894,0.005605291645399787,-0.007039323671063004,0.00413187754008358,-0.1070963367223766,-1.8931930489760205,-1.7773783100430463,2.804225568503146
0.007431288245160458,0.005591908854240698,-0.007044957218711015,0.004103735629974704,-0.10821585691092651,-1.878785410910391,-1.7828025436287744,2.783486123336878
0.007406553474367132,0.005614578779081176,-0.007028099678710431,0.004154940444892778,-0.10564821593394368,-1.9059942738143485,-1.7673324413713087,2.8203600904477146
0.0073923360529109085,0.0056224336228260915,-0.007013745192904081,0.004176665658533371,-0.10390581689771307,-1.9185558521419115,-1.7546514927008514,2.8350029755126314
0.007377705107365624,0.005631111621808682,-0.006999324607370078,0.0041998055204871855,-0.10202674694981063,-1.93173229020965,-1.741825532291909,2.850676937630975
0.007363075118408475,0.005640620448183081,-0.0069854399743646415,0.004224085450051655,-0.10014713433446328,-1.9453245697761365,-1.72934617623418,2.8672861676828627
0.007460271251924105,0.005579441862567744,-0.0070762643765799734,0.004064047965614881,-0.11149642275009684,-1.854641097642743,-1.8098790858370457,2.7571781069000525
0.007472302199162401,0.005563695367735474,-0.0070798079554244995,0.004032203703665312,-0.11228954874855311,-1.8387357688955224,-1.8134624470130845,2.73344934261355
0.007515271492851153,0.0055359761099881295,-0.0071164896479478015,0.003959297629239369,-0.11602292642309124,-1.7973033403550356,-1.8451363816835382,2.6825143365186443
0.0075010746529899815,0.005541306573665982,-0.007101129275034215,0.003978016530597176,-0.11467195604675164,-1.809035851072272,-1.8321153203526237,2.6949609146050837
0.007486262218951232,0.005551157681464678,-0.007088765319117442,0.004003542186363572,-0.11337910688410933,-1.82343925310519,-1.8214328754320626,2.7128166533478395
0.007614827804230557,0.0055048692874962125,-0.0072269202421407315,0.003833434919906557,-0.12494703359202376,-1.714802364196089,-1.9378680486601205,2.5979103411083577
0.0075989780877410125,0.005506475021540984,-0.007206559790832243,0.0038492484939695393,-0.12346025747194586,-1.7267187027825084,-1.9209109815862342,2.6081612918493704
0.007625228398792824,0.005486447840913217,-0.007223836301440215,0.003799167839821756,-0.12448974200039671,-1.6989449513285513,-1.9352321564153414,2.5721462856162844
0.007585345021653349,0.005495634067935326,-0.007177692622794454,0.003845814473190861,-0.12118795117532953,-1.731046950709619,-1.89684843406353,2.6032998945309775
0.0075738381538613,0.005506448893094558,-0.00717173269797098,0.003870382721558064,-0.12064956024311604,-1.744036671034936,-1.891794136385284,2.6210873423375607
0.007556712387344064,0.005511485836485918,-0.007152540621910764,0.0038915243247079003,-0.119218294993795,-1.7579956297753794,-1.8757126706246798,2.6352104413349373
0.007524451879275788,0.005523055013909379,-0.007117861955644403,0.003933794476868178,-0.11628427118114547,-1.784809374343567,-1.8465929053749448,2.6635111904075153
0.007537066288703198,0.005510861326474328,-0.00712458743167497,0.003906614989373761,-0.11700328589248676,-1.7705432961651462,-1.8524499264128487,2.643878040354132
0.007916386564090966,0.0053358421423690735,-0.00744967227627121,0.0033260378945956077,-0.12762822526729295,-1.4131371196613236,-2.1128030951952965,2.2350928662276273
0.007714167268326173,0.005426316295920077,-0.007285489105246326,0.003639066901188717,-0.12687264589013683,-1.6078760285441083,-1.9850608492597017,2.4577256501335203
0.0076984119317969855,0.0054342445636491495,-0.00727241121822251,0.0036639442530035427,-0.12638465291321388,-1.6229346696406342,-1.9745565145405821,2.4752964785590144
0.007655928160086343,0.005472019240025026,-0.0072518491872830765,0.0037526136761887965,-0.1261681307484627,-1.6703453960100152,-1.9582777566365162,2.5394610825832484
0.00768308245421086,0.005444295292824611,-0.00726175406339426,0.003691161660975008,-0.12606034635233812,-1.6385031844190863,-1.966016839000398,2.494704476856107
0.007668747324542907,0.005456718992953649,-0.007254501887537924,0.003720614794025631,-0.12595459904398879,-1.6543350524704492,-1.960257530417709,2.5159731863316765
0.007714397787664687,0.0054053921276053145,-0.007265689460487483,0.0036115545459676746,-0.12492746337075104,-1.5992981512880162,-1.9685526784528464,2.436686586551478
0.007729624476527773,0.005402785631862446,-0.0072829262559650386,0.003594128548817109,-0.12571830810132892,-1.5868265932111123,-1.9824788169805092,2.4247977051824146
0.007898624547205647,0.005340480110462576,-0.007432965330076463,0.0033501018698664426,-0.12774045446966584,-1.4296261593989872,-2.099930234986715,2.2522810245823504
0.007878140489455544,0.005347817966751287,-0.007415493651228989,0.0033800885640328147,-0.127819337545666,-1.449108942844788,-2.0865451269018744,2.2736757516526684
0.007858367570880355,0.005356086648778875,-0.00739957890315266,0.0034103235836582357,-0.12801355491679842,-1.4681563937083772,-2.0743590309989144,2.295207539893991
0.007840840191064862,0.005365486769325385,-0.0073873357568787655,0.0034395725708821208,-0.12831833816587698,-1.4856407911439902,-2.0650695512600854,2.3160636660786675
0.007788156845958108,0.005397187748379983,-0.007352634729657274,0.0035313786782416577,-0.12901229557341368,-1.5392522591959101,-2.0386264344964347,2.3817762635047908
0.007773834981375316,0.005400520775060138,-0.0073376312215245295,0.00354946427531434,-0.12842988615348308,-1.5518437962270577,-2.026634230142941,2.3944636305816207
0.007758215577026048,0.005405781605212536,-0.007322742541570437,0.003571144001792955,-0.12796420556319663,-1.566050786537015,-2.014772562533913,2.409713709566741
0.00782252929318533,0.005373796120848089,-0.007372804236690429,0.003468147459420498,-0.12837186062067138,-1.5033828449504387,-2.0538355889757387,2.336431332114683
0.007800658677146841,0.005382607694111847,-0.007354050775095011,0.003500710635738411,-0.12810975884774475,-1.5240862505392276,-2.0391835176501902,2.3595710084445627
0.00774168365759389,0.005391775064635039,-0.007287861517350309,0.003568705268265231,-0.12548884263921925,-1.573411569970782,-1.9862150403086367,2.4065408984772003
0.007930367767180011,0.0053239043052708815,-0.007454177633910423,0.0032970760196790656,-0.12657696203030255,-1.397769791404112,-2.1156138536530165,2.2144183863129814
0.007988921920365856,0.005324790211077549,-0.007524365213380231,0.0032353287979869963,-0.12775239122174084,-1.346566594860448,-2.1703203104726363,2.169738595041549
0.007971172796575101,0.005320911184886673,-0.007499443458389124,0.0032500540373896895,-0.12698485381563487,-1.3614286871525263,-2.1506886367702154,2.180620008553938
0.007950842772387872,0.005317049293422372,-0.007471442414036184,0.003267280600752904,-0.12612918342794008,-1.3782436932855169,-2.128652973011612,2.1931616088573165
0.007637247805523724,0.005464777757963309,-0.007219785253434414,0.003759292901312821,-0.12379179896617425,-1.680657673531374,-1.931739270912896,2.542331124266035
0.007261303261489273,0.005726241053360819,-0.006899512552050081,0.004420537595700352,-0.08513331947538384,-2.0501926171613483,-1.6482764440193294,3.005469172217331
0.007271615288832964,0.005707483509337386,-0.006900685041315115,0.004385151482282002,-0.08678678167156974,-2.033018966736149,-1.651159041507716,2.9779937217357664
0.0072855147876168995,0.0056935243348247,-0.006911001650144198,0.004355047102981451,-0.0890461344148064,-2.017431866416316,-1.6613281535331488,2.9563969615969707
0.0073488063921102785,0.005651640689240296,-0.006973180381718115,0.004250306372108964,-0.09825859338558864,-1.959572730707183,-1.7180975208792375,2.88561975038559
0.007332855039584191,0.0056659060770117035,-0.006960856178013807,0.00428248980699623,-0.09610997251166006,-1.9766333885491514,-1.7064911903099278,2.9085233167223694
0.00731359397301963,0.005675039252372849,-0.006939059320086707,0.004308951003892835,-0.09329260550484787,-1.9920131769065275,-1.687060073113919,2.9253985704319767
0.007298667528747424,0.005684328698225592,-0.006923790551138801,0.00433267996453695,-0.09104849412346643,-2.0052115976533447,-1.6731540468567705,2.941209523556956
0.007237308878439548,0.005724137799270714,-0.006860515609355954,0.004431568768934933,-0.08115868276022135,-2.0593477309043084,-1.6148330890473857,3.0066760722244683
0.006029752048951408,0.00679800070785527,-0.005109883478070419,0.006336875118026751,0.2931474334868321,-2.6357576046653475,0.12790582329574138,3.7213880060880933
0.006023481575063708,0.006815211939976085,-0.005095361343908867,0.006362965292514869,0.2989231694014276,-2.6401841801795345,0.14811969825886037,3.7315712646514743
0.00600499069819536,0.006867384972802386,-0.00505081665594088,0.0064419467450437815,0.31632351385243923,-2.6527138834985693,0.21023325282866365,3.7615980117581382
0.006016489959793396,0.0068311260297618725,-0.005079704718882721,0.006386417918456413,0.3041141378742825,-2.643084338765736,0.16798125193777816,3.738846355979788
0.006009153754837206,0.006847101713337553,-0.005063248063772373,0.006409713040227927,0.30946529132983075,-2.6455137767439685,0.18832594317085397,3.745356484391649
0.005983704589129553,0.006864913601479693,-0.005015469476966104,0.006426243379747677,0.3145792867097772,-2.6330680170099323,0.22477188464285466,3.7240493503355556
0.005967477058212722,0.006864707002221833,-0.004988284531552272,0.0064171265904281296,0.31371434289146544,-2.6190364497548564,0.23695446109175933,3.697535675282663
0.005956552409792616,0.006874290753697348,-0.00496730703140607,0.006427192617402925,0.31638563703658235,-2.6144287415639487,0.25394335945232355,3.6902053806243145
0.005943693318998967,0.0068874946414423195,-0.004941996755902552,0.006442087130486965,0.3201993390833464,-2.6097418598188216,0.27559330471906524,3.683341773079833
0.005931150631554427,0.006903512863358126,-0.004916240577135292,0.006461635464174566,0.324920313823748,-2.606393481200582,0.29956665357867557,3.6795354155873228
0.005917228013490161,0.006920080814951453,-0.004887863087568246,0.00648107642283459,0.3297709619426701,-2.601765436588366,0.32499910124670933,3.673593422028192
0.0059046004820697585,0.006936684436279934,-0.004861449758792401,0.006501091655244709,0.334575604885377,-2.597960685210762,0.34948460458213976,3.6693447016763856
0.005895131135824679,0.006952714968622734,-0.004840258750887845,0.0065218334327347026,0.33936283691093405,-2.5964032883481316,0.37134274838894354,3.669324545020529
-0.005477249755939373,0.007802020964756393,0.0036212641301610646,0.007451679840497876,0.5346139106815971,-2.2267127061641574,-1.4710715941484744,3.308829313583344
-0.005484281537433032,0.0077876872335843885,0.0036448662699227687,0.007440071471365142,0.5329028106765802,-2.238345548146277,-1.4549328084285091,3.3225754359465767
-0.005530792832404855,0.007758084012921949,0.0037364720112833968,0.007448546097322994,0.5437036520471991,-2.290925015474103,-1.432181125820301,3.4102081862366673
-0.0055149502658663465,0.007758966341081665,0.003714052289088766,0.007433051838397997,0.534088748632009,-2.2783502199379693,-1.4253910857273768,3.3815429327007323
-0.005537858013848688,0.007744054766749506,0.0037597666366165367,0.007436814887234755,0.5462004966956929,-2.301953566473252,-1.4156757340853996,3.4234263159974794
-0.00552198625340343,0.007744970192048574,0.0037372494672239724,0.007421361857911534,0.5311383135461667,-2.2896003114662626,-1.4089014246160454,3.3947384554555016
-0.005491521898002769,0.007773560199137566,0.003668464798727031,0.007428801408342623,0.5312161959827236,-2.249972978525753,-1.4389538532130712,3.336499306716568
-0.005498866523441893,0.007759680546944471,0.0036918927904238635,0.00741781852497186,0.5297266911506099,-2.261491927937826,-1.4231542746673524,3.3504205461903784
-0.005544967222482056,0.007730047808600203,0.003783080182527669,0.007424982052197278,0.5452361717523617,-2.313112052356372,-1.3989123103665984,3.4363805731505774
-0.005528952692217128,0.007730937577740099,0.0037603181923720713,0.0074094155241555175,0.5284426468091739,-2.3007172118058796,-1.392123011221971,3.4076459861002024
-0.0055521203899277,0.007716063272701484,0.0038064195568710637,0.0074130438360266145,0.5413167327372936,-2.324391482730326,-1.3818895552725758,3.4492388140454593
-0.005535950196577697,0.0077168615903405674,0.0037833854988534375,0.007397303027903729,0.5266066162677375,-2.3116921660071763,-1.3751706111274322,3.4204134572815694
-0.005559317447314377,0.00770210129329566,0.00382975120317816,0.00740101715532961,0.5359572137507006,-2.3356469774145623,-1.3646956780664556,3.4621087663950796
-0.005543063704981589,0.007702775764913627,0.0038065332383052813,0.007385151021798213,0.5253838401120695,-2.322530119508827,-1.358166747994952,3.4331399684461954
-0.005339965636729383,0.008035845950504904,0.0032007796545543907,0.007595289658626722,0.5381438139861898,-2.0010275776540953,-1.698305124763376,3.0192214370441524
-0.005332687457104988,0.008049931660744148,0.003176352244139743,0.007603690094285937,0.538052398665256,-1.9874577754122524,-1.7107909223507811,3.002262136549371
-0.005319900276853463,0.008080361058439482,0.0031267914516170873,0.0076245579923821085,0.5388007663535134,-1.9601279363453532,-1.7388028697297084,2.969984785177068
-0.0053251910682620635,0.008064923781327893,0.003150601506359728,0.007612748074195466,0.5379489321224727,-1.9731285389802495,-1.7240101253744233,2.9844906985151805
-0.005357772973786156,0.007991262869736055,0.003271639346107917,0.007562143973440205,0.5358503409090116,-2.0391722897022966,-1.654971806212164,3.0631869697169023
-0.00534600919529972,0.008021384450423372,0.003224151014672503,0.007584975367309166,0.5376082156198879,-2.013750052005364,-1.6845321225591114,3.0341255256659436
-0.005350725981349714,0.008006158773181499,0.0032467483532374066,0.007572188160711232,0.5362401866733014,-2.0256809656794625,-1.669036723566309,3.046855233101027
-0.005382315078569046,0.007932413065993547,0.003365368611332013,0.0075174436260390136,0.5321300007092559,-2.0885781330638054,-1.5961322912658853,3.120311346704248
-0.005370594919944904,0.007963008207711147,0.0033180398048466785,0.00754208445723688,0.5346298656228629,-2.0640230930823122,-1.6275059080841723,3.0927811482582537
-0.005375610761947148,0.007947664797876185,0.003340778275731156,0.007528889879634931,0.5330590766877865,-2.075695676095847,-1.6114474300490242,3.1052241085146624
-0.005347938950297151,0.00797756470260656,0.0032750471574378814,0.0075353997855687515,0.5289047022725115,-2.0383357556210577,-1.6337714313242788,3.0507604904833214
-0.005355720301965238,0.007966100407088415,0.003296828174125923,0.007529991868260028,0.5294655760680472,-2.050348689088892,-1.624002912436105,3.0668773536154603
-0.005460129723011493,0.007802876045645705,0.0035980159842554454,0.007435152231735516,0.5280079211383679,-2.210992773795043,-1.466253334225218,3.2773701955742367
-0.005440595156975596,0.007845964553915346,0.0035290767943954096,0.0074705776609480514,0.5325589473334431,-2.176907664247778,-1.5136715011496005,3.2380348503778476
-0.005447159881087286,0.007831804301625254,0.003551998013307033,0.007459230969188257,0.5311842775890466,-2.188385116668711,-1.49828003401128,3.251440710214371
-0.00545358543808901,0.007817469195466557,0.003574841172753119,0.007447371177608707,0.529658359453264,-2.199662983267824,-1.4824756736409848,3.2643991154043275
-0.005371180445156653,0.007917911867865059,0.0033672414222001607,0.007488053604062334,0.5243736498007222,-2.086079266344942,-1.5736429431036705,3.104601448703487
-0.005423970858396479,0.007846757320478308,0.003507065329076818,0.007454325634826379,0.5266771471996817,-2.1617643913683278,-1.5085301590539684,3.2081367803562455
-0.0054097202514099265,0.00787562273878248,0.0034592985324626087,0.00747596079578008,0.5287452144314378,-2.13742053620386,-1.5385856326663436,3.1789085228096217
-0.0054161575548966265,0.007860739057480078,0.003482812104195662,0.007463933247074534,0.5273515678439537,-2.1492316509410063,-1.5228283327350811,3.192457822487619
-0.005378886897001211,0.007903412351654994,0.003391969731004614,0.0074783333771657615,0.5238791880667985,-2.0990570986583097,-1.559585250556171,3.120681132133733
-0.005387194638186729,0.007889739085693709,0.003416530462257986,0.0074701069949198945,0.5237233907205011,-2.1120695815257737,-1.5465966168689194,3.1374646422081756
-0.00539523692946952,0.007878212453734238,0.003438506511316165,0.007464140643469311,0.5239514858310369,-2.12386199799061,-1.5359171274931276,3.153306064446242
-0.004875702499718494,0.010563613603497784,-8.892259420599533E-4,0.00809803965819856,-0.005693798991866331,0.5528340378949869,-2.4851159106281173,0.1303639983981556
-0.004852711982170323,0.010543826207945082,-8.516681733762623E-4,0.008077931733059207,-0.0012039172583760735,0.5275075397772162,-2.4698457573066963,0.1468452694144864
-0.004844189431443246,0.010734251542819179,-0.0011360275013814192,0.00800010340420603,-0.05567859112132434,0.7159404666782192,-2.428514581241355,-0.054858831551069125
-0.004854042475353402,0.010703549657711656,-0.0010942031652608115,0.008023565439619337,-0.047038203834377394,0.687949208572034,-2.442913597382924,-0.021178991368122773
-0.004859272598904663,0.010675749992326272,-0.0010544521296340945,0.008040239307450153,-0.039058800353492136,0.6615176730966396,-2.4526750778293107,0.008865226343364459
-0.004850214019957208,0.010643626458980641,-0.0010026376998688964,0.008041854587668014,-0.0302382145123446,0.6270921937918451,-2.451600024371471,0.041060830662577257
-0.004862794586352446,0.010591676180036239,-9.280884674450141E-4,0.008074165296204925,-0.014698192187225472,0.5780458994331562,-2.4705231469863125,0.09813649027445302
-0.00485447276624694,0.010617946197269216,-9.652665425007079E-4,0.008055770051709932,-0.022754524732599465,0.6024204194040134,-2.4595421575888463,0.06885084098522502
-0.0048698681354553295,0.010204675133157625,-3.2554688117326474E-4,0.00816897129574008,0.10418027925566413,0.18720540129034055,-2.5088599526169992,0.5136483081443872
-0.0048685874671044954,0.010184858227899498,-2.9398191874063063E-4,0.008169656685819919,0.11010968239246015,0.1667556186013254,-2.507909253785986,0.5346984514317636
-0.004876407156883321,0.010023215490412051,-3.711549513898982E-5,0.008188086061194288,0.1611947167129251,0.002789215224027764,-2.5088801265643084,0.7120886248105301
-0.0048708294178176105,0.010045930081134014,-7.322989549498706E-5,0.00818119690405525,0.1531594827637891,0.02517827099259685,-2.505737488237257,0.685688339011651
-0.004874369094163937,0.010062096217787708,-9.910082524654682E-5,0.00818481813147825,0.14897339662186418,0.042287989450311765,-2.5094740393318653,0.6692504284305449
-0.004868914592362316,0.01007884649556266,-1.2556747043930796E-4,0.00817784646008638,0.14277894124421645,0.0585522896646234,-2.505843627270947,0.6494247606620913
-0.004866401900735688,0.010164808605894693,-2.6196779822338333E-4,0.008169095025309445,0.11594365478636626,0.14591055584973114,-2.506066125921045,0.5557424523431123
-0.004868899020118681,0.01009519643478095,-1.5157543073326363E-4,0.008177038709916705,0.13777103405283572,0.0752627413745847,-2.506489394956681,0.6317165894597316
-0.0048721419364490485,0.01011022881666066,-1.7568186226009998E-4,0.008179933127807733,0.13379321568925964,0.09116133329293355,-2.509611498245399,0.6164091027019576
-0.004867221437889491,0.010125320343352786,-1.99355918227112E-4,0.00817324609132098,0.12823125731050064,0.10575052679396535,-2.5060630942282143,0.5986358528873507
-0.004865453416081742,0.010144498417176758,-2.296682185745345E-4,0.008169756113168357,0.12203341463613647,0.12502386434774118,-2.5050431393202994,0.5774049796179833
-0.004872205799299349,0.010227230395578317,-3.615846837179334E-4,0.008168938366485511,0.09751046037692149,0.21063318189063812,-2.5104587185041294,0.4899397037917131
-0.004866653405353703,0.010252197677470723,-4.003468468291036E-4,0.008159162980392107,0.08893407421942502,0.23502925456819837,-2.505484393700384,0.4615802152828305
-0.004874168942062259,0.010334843460924212,-5.320044822456196E-4,0.008154190473104441,0.06423435686827104,0.32057654100013006,-2.507904430898708,0.3745989013594517
-0.0048740101971416535,0.010307333379517105,-4.885852697818603E-4,0.008158981664343768,0.07279460125538849,0.2925594250849037,-2.5092728868035032,0.404129432012367
-0.004870999418744913,0.010278277727336542,-4.421991288449369E-4,0.008160292552587376,0.08144850717165696,0.2624058418764239,-2.508123187978313,0.43462514623638826
-0.004855480785973493,0.010409779222069237,-6.454225407560308E-4,0.008116996535895225,0.039165145245301285,0.3927820509767939,-2.487538704112211,0.28995565059086986
-0.004834140815720432,0.010515483769687466,-8.028119642514594E-4,0.008065211002138035,0.0058507405921981994,0.4947362549750261,-2.4590412351968527,0.17313059148936774
-0.00483249092839881,0.010483932798759006,-7.541137738890733E-4,0.008072158857417945,0.01497528657959458,0.462658269759512,-2.4616604112902425,0.20615205886548807
-0.004837460166933572,0.010452789189640684,-7.076085202075794E-4,0.008085984018691058,0.024589554078919253,0.4323978866397181,-2.46908453695428,0.2401893989583417
-0.004831247973930647,0.010424184466288476,-6.620504255870785E-4,0.00808592430663708,0.03251128232059855,0.4022515520467323,-2.467012426910523,0.2691816723292342
-0.004858346235001731,0.01034623738938569,-5.468683886483928E-4,0.008133782605832066,0.058848163016021575,0.32897122765199377,-2.494646490508267,0.35855996956320557
-0.004853486337223279,0.010382688780885215,-6.028017882639567E-4,0.008120738284572104,0.04717285037766462,0.3649398104619097,-2.4882206156789386,0.3184162713746468
-0.004846782503926068,0.010360485682599195,-5.668199044427906E-4,0.008117680984715927,0.053203306697947705,0.34110615819421564,-2.4845165528599864,0.3405484220490501
-0.004995847252274738,0.009153473005873823,0.0013734401850170744,0.008122373947677461,0.41376849937760574,-0.8888001980847433,-2.379683152697222,1.7170698149766022
-0.0049831819313629995,0.00916896687147683,0.0013435183742377514,0.008115008323833188,0.40614873206421814,-0.8719130724603191,-2.3757664858230254,1.6918075918852253
-0.004975753933922518,0.009184989171193291,0.001315405318086674,0.008113900882907992,0.4005805181154591,-0.8550296444109032,-2.3767819049519865,1.6698237930387732
-0.004970516920485631,0.009202105427103757,0.0012866820497263508,0.00811571121869927,0.3956974826533873,-0.8372547526759758,-2.380177777174129,1.6482716466507465
-0.00496142804056474,0.009263855653692683,0.0011873787095405682,0.008132284703653186,0.3814867549561842,-0.7738993038764644,-2.3999758090251375,1.5771690771094191
-0.004967170814445192,0.009242992279928966,0.0012221377355652043,0.008130059633596915,0.38746639714907,-0.7954681495934304,-2.3959645409416823,1.6029896000186992
-0.00496789145397262,0.009220373937180257,0.001257374755002769,0.008120920446032742,0.39161491377713625,-0.8185179536863268,-2.386319749557876,1.6273022955260046
-0.004920025819639374,0.009662590778786088,5.446918458378623E-4,0.008206414976707066,0.27658432246265435,-0.36348428139829236,-2.4937587776948784,1.1225899109948791
-0.004925997846120066,0.009645279363300788,5.736027988428273E-4,0.008209978900302768,0.28308190185403004,-0.38089345776015454,-2.4949569400762424,1.1442090710639017
-0.004956806588994666,0.009281827336116712,0.0011575938335905598,0.00813437895822331,0.3764173247851381,-0.7553425774372419,-2.40353013396022,1.5551312828815702
-0.004949311327586585,0.009298717046832687,0.0011283465136474374,0.00813249551682711,0.3703356281562817,-0.737803497731155,-2.4038675845796296,1.5324591099682667
-0.004947804009961832,0.009344884026337555,0.0010559122832942934,0.0081486786136154,0.3608743411574326,-0.690549385429266,-2.421163841077418,1.4823424158713363
-0.0049394046156123325,0.009316797483279668,0.0010963862507562831,0.008128109211976485,0.3631293777707189,-0.7190276041842244,-2.4024068261713136,1.5071424401822384
-0.004937107127200466,0.009332233448389708,0.0010715557951022142,0.008131401078347074,0.35929587255169315,-0.7032465688854714,-2.406560291783828,1.4893817619958183
-0.0049392763085493625,0.00936179033911786,0.0010263646487712267,0.008144977769695567,0.3542404313953726,-0.6730961198055166,-2.4200239612820837,1.4591720752904676
-0.004924010833862818,0.009414573826707958,9.385851240033032E-4,0.008145651416111272,0.3376720589517305,-0.6190110295723695,-2.425821716504934,1.3939526309784744
-0.004926365646526802,0.009397633855299967,9.658439504138427E-4,0.008142642219087337,0.34209827540063764,-0.6363294850998965,-2.4218497686893428,1.4133950994673203
-0.004931119618768557,0.009379773284261336,9.95373648396568E-4,0.0081419378465582,0.34754688733137123,-0.6546114900235479,-2.419516512186131,1.4351975880621657
-0.004935313125007347,0.009534041963295058,7.534832151103549E-4,0.008194778428476544,0.31440627772735413,-0.49557743665757975,-2.4741587824178235,1.270537190633857
-0.004929361107809675,0.009549465298315137,7.273804077083476E-4,0.008191852361821362,0.3086038288093627,-0.47993736104648704,-2.4733108725012225,1.25075435571282
-0.0049245797454584165,0.00956526730583977,7.010347946625143E-4,0.008190259250743355,0.3031111330677627,-0.46387605721489605,-2.473498872385656,1.2311884423996433
-0.004930164094108659,0.00950417546671201,7.994874788359016E-4,0.008180533636200159,0.3197683157462983,-0.5267427936945658,-2.4607488809348848,1.3005295746739558
-0.004922909701402405,0.009520417903884333,7.717513997221463E-4,0.008176585108439952,0.3134014436132419,-0.5102826312061614,-2.4592369701765695,1.279186046519477
-0.004918223727301098,0.00949330087228981,8.132400252118266E-4,0.008163475298423326,0.3181602203275136,-0.5383689907438327,-2.4468657030846748,1.3061523268554447
-0.004917143541185765,0.009476371472101577,8.39554318321875E-4,0.008157233564628927,0.3216293557072744,-0.5557901882875798,-2.440569706800566,1.323851357355322
-0.004915129334340171,0.009442053751535284,8.927231268836519E-4,0.008144288750668654,0.3285974648277899,-0.5909750645617774,-2.42747933296561,1.3596324219145204
-0.004906918501983122,0.009423864459566384,9.184316434882276E-4,0.008128861873754447,0.3295889403088577,-0.6095455846944596,-2.4140041787304187,1.374528728477122
-0.004903576387264292,0.009458417844355532,8.63539831961987E-4,0.008135999042656545,0.3209813215345911,-0.5743860322494769,-2.4228091968758085,1.3358904625982253
-0.004925008234742276,0.009614326825757179,6.229238763402621E-4,0.008202267968354876,0.2908508284809073,-0.4130573155973312,-2.486662865917547,1.177722749719553
-0.004914000976963533,0.009599388171509904,6.442577875718112E-4,0.008186045920650737,0.29106606055407913,-0.429305509327422,-2.4733112807122697,1.188959124832241
-0.004913663081843548,0.00963197167262216,5.923215332015367E-4,0.008192806836139188,0.28263390803462834,-0.3956894525543487,-2.4811271184196713,1.153261204633875
-0.004899021215690143,0.00958524044229102,6.631835506157942E-4,0.00816530025061417,0.28980368793179845,-0.44479007240845275,-2.456612857575536,1.1972533420686136
-0.004904768006369275,0.009569038027956295,6.901584602847492E-4,0.008168077373735564,0.29564289395493315,-0.46112809523173176,-2.457235971416703,1.2175473658742073
-0.004915870144020887,0.009679387862981474,5.170189423072663E-4,0.00820471474239774,0.27083827192736804,-0.3464730886061775,-2.4938782535716104,1.1023614035325047
-0.00490883708017636,0.009696651476923493,4.881496615598718E-4,0.008199577444705923,0.26403410051462967,-0.3292747022944796,-2.491509368172736,1.0804313408558688
-0.004901341031658433,0.009714954330731591,4.576537117616862E-4,0.008193909865267234,0.25685532657637733,-0.3110913562404338,-2.4888589107048653,1.0572595479149813
-0.004898624532305659,0.00976574317740586,3.7610071380198815E-4,0.008198279621621916,0.24210042529905845,-0.25899284425712693,-2.4961730889292895,1.0006818497402292
-0.004896087071069437,0.009750964138403742,3.9936700464875E-4,0.008193282635883849,0.24547547635473985,-0.27449747613680464,-2.4913452811471513,1.0157969673924712
-0.004896681900208636,0.009733311506884054,4.276269301930224E-4,0.008191374395916821,0.2505058595813648,-0.292621857461238,-2.488513318675722,1.035292239759814
-0.004891850589217209,0.009845200870359411,2.481957263828238E-4,0.008199234781676003,0.21770371924620188,-0.17791509666420116,-2.503173218367223,0.9112959619039483
-0.004890969223893442,0.00982804654250674,2.7556125746950065E-4,0.008196602533889333,0.22238137820193163,-0.19567829735293676,-2.4999368896405265,0.929684265920323
-0.004896522192722802,0.009809574400880035,3.0569846257190854E-4,0.008201152501927279,0.2291619837485582,-0.2140537181915505,-2.5017482326945646,0.9519722401494676
-0.004891862744399074,0.00977922635937499,3.53676882640735E-4,0.008192158317020921,0.23646832989999397,-0.24582974335276,-2.492817430740207,0.9832702895225706
-0.004887559750564128,0.0097947556515493,3.283713991643525E-4,0.008189043938914268,0.23090297840513235,-0.2303170210085356,-2.4918251684986124,0.9646594764097458
-0.0048850655791126026,0.009873258836787635,2.0276577145701645E-4,0.008193607826460043,0.20786790669008637,-0.14990938481233632,-2.501329310898617,0.8782010940169368
-0.004875080717871793,0.009854824468945865,2.3139294616293668E-4,0.008180575915650605,0.21064557303221607,-0.1700666555301997,-2.4905469495055246,0.8945946924341964
-0.004876883927166043,0.009893005899549036,1.7069151975331452E-4,0.0081854305563912,0.20007744581606837,-0.13067332824230016,-2.4970325884975773,0.8537603688003165
-0.004870985121408872,0.009912444276063343,1.393924471509032E-4,0.008179678442361315,0.19300821199150223,-0.11150999154180886,-2.494453420516962,0.8305621871303613
-0.004868273242059421,0.009931349573819297,1.0918490646462927E-4,0.008177390142273545,0.18684421387583663,-0.09250293493308058,-2.494302704072464,0.8091099367592715
-0.00487038937576679,0.009967570274374568,5.159014904768262E-5,0.008180912723395328,0.17665395519537408,-0.055105824992925066,-2.4996067189430633,0.7705334332238952
-0.004868545436499932,0.00994958314319276,8.018175908236563E-5,0.008178337252877164,0.18155556174187784,-0.07378963793018194,-2.496393083755932,0.7894262949867512
-0.004851910817247356,0.009978273115473876,3.429685522201761E-5,0.008159717675817921,0.1694268671074286,-0.0467962979098224,-2.4854071064153014,0.752814403012981
-0.004856966345719797,0.010003759663981891,-6.037486751368606E-6,0.008165711469071224,0.16298834938812187,-0.02005546579950737,-2.491633354015541,0.7269380259852295
-0.005024682218272965,0.008996705819888103,0.0016271768355867054,0.008072464416120494,0.4462913206437583,-1.050403300232048,-2.3199950447005073,1.9007891424947216
-0.005010678096486577,0.009011958339042133,0.0015962364031133294,0.008064859799069611,0.4385741639214851,-1.032910592086248,-2.316195263082616,1.873904572026951
-0.004994494031259374,0.009060091309699751,0.0015149028466343616,0.008072723897270583,0.42599912715977045,-0.9826493092499785,-2.3289651245002,1.812424462719177
-0.004997934837593007,0.009043940005413515,0.0015410875373084434,0.008067916090648268,0.42940668882694727,-0.9991932948066946,-2.323022899804229,1.8314580067559716
-0.005002981469683738,0.009027666119088692,0.0015683288760339313,0.008064757902359465,0.43347251134896964,-1.0161041728106577,-2.318312522109178,1.8518773739212178
-0.004989600174724342,0.009075521224979843,0.0014890106635413094,0.008075298781926124,0.42201347072154133,-0.9666048720154282,-2.333023492348993,1.7929597646065052
-0.004989676303766318,0.009105786467837475,0.0014432275419674122,0.008091232397009695,0.41805221552015653,-0.9363450296356358,-2.3494172368543342,1.7620744214485173
-0.004980608082271614,0.009090649606177862,0.0014614391491483605,0.008072804257201483,0.4162252877861983,-0.9503354256704916,-2.333046300972001,1.7706892193935488
-0.004984444627496114,0.009137985648640112,0.0013915540231343416,0.008101393866866502,0.41132660712726815,-0.9033693946611007,-2.361383464256663,1.724969472677694
-0.00497629932457896,0.009121694505456445,0.001412263721108765,0.008083737339241332,0.41022058597152505,-0.9188381774258881,-2.345556041241942,1.7357843842533935
-0.005014075126151247,0.008978975638302572,0.001647484220355145,0.008049700840285383,0.4435164609674751,-1.066026613425343,-2.2995902448758723,1.9096252637968452
-0.005021332383554364,0.008946353604905885,0.0017002741797998236,0.008038619168628545,0.44978179583616246,-1.0993776879387094,-2.2860230568055955,1.9479910720855023
-0.005006483733225608,0.008962255759490471,0.0016677853770626762,0.008030948225186685,0.44180832120649344,-1.080927038604538,-2.2824465742802134,1.9196559450155581
-0.005018000424218462,0.00893001308885263,0.0017223629978538172,0.00802472713817679,0.4496460422544729,-1.1145458703720907,-2.272657108471903,1.9609985615055607
-0.005064755502648915,0.008806463431012407,0.0019334687065571416,0.007998154810370577,0.4786248070487424,-1.2445149405497506,-2.2311356812128977,2.1220684506975487
-0.00505054952388651,0.008887689247183608,0.0018052738431420968,0.00803593731851196,0.4674833238069433,-1.162860942665296,-2.274647702352703,2.0312928256399156
-0.005043315800574476,0.0089020751947026,0.0017794186764107432,0.00803670111626001,0.463111718221684,-1.1472251827329438,-2.2775750087309814,2.0107199629234986
-0.005027867071840271,0.008915550983756139,0.001749795545737846,0.008027199765269057,0.45525128845687085,-1.1306898824647122,-2.2723226472235774,1.983753404147551
-0.005061304065520434,0.008822347284871508,0.0019080570877915914,0.008005069357105326,0.47629549279133004,-1.2284696623619558,-2.239373291133536,2.1038377016384366
-0.005048397301851428,0.008871660402039582,0.0018274437307034075,0.008023009098230631,0.4675509424791122,-1.1778876256627477,-2.2618772302844743,2.044768069221799
-0.005053876150474617,0.008854114190656974,0.0018567482578622232,0.008017828374087647,0.47117181165065736,-1.196135717499111,-2.2548658402305386,2.06667816168132
-0.00505784631304253,0.008838160287984226,0.0018826980106974422,0.008011776308925982,0.47389263542830057,-1.212452117207494,-2.24738797298487,2.085599264677821
-0.005068433556232252,0.008790507954470056,0.001959095075181109,0.007991300929600896,0.4809786523906517,-1.2606516993285568,-2.222881621004874,2.1405177547077403
-0.005119990562641786,0.008665837172401223,0.0021754025830742116,0.007958888866304721,0.5071878477669477,-1.3935310173251099,-2.1724656572088894,2.3071488993664135
-0.0051168886203892434,0.008681754305294779,0.00215045833221829,0.007967625181535763,0.5057433759628792,-1.3778127813752372,-2.1826491734050637,2.289756699011985
-0.00507263581876509,0.0087745498420669,0.001985052612766143,0.007984900253409229,0.4834946940308295,-1.2769067353800485,-2.2149251213946344,2.1594256498781923
-0.005077756143227412,0.008758833081622605,0.0020112896370402377,0.007979585474573643,0.48635794364548895,-1.2931869778169192,-2.2077956431484824,2.178990079392396
-0.005102687962359619,0.008687123428324757,0.0021319390764313636,0.007955224987193818,0.49913254899603077,-1.3677942223997808,-2.1743677608093903,2.2694328643790747
-0.005084205363897212,0.008744283073563595,0.002036811089982836,0.007976516538036146,0.48968208548702297,-1.3087868992305187,-2.2025630024883927,2.1988383600839647
-0.005091641337122871,0.008730817267285303,0.0020615269032543304,0.007975269070530549,0.49348200150055177,-1.3237286270667654,-2.1988817695508964,2.218768513136629
-0.005092407172726628,0.00871512897441611,0.0020844566723695365,0.007964487395579978,0.49402350192224004,-1.3385150406700073,-2.1873964551244574,2.2336289847855912
-0.005096993995556719,0.008700136243104947,0.002109186866198516,0.007958523956324298,0.49637053466270237,-1.3538752539118446,-2.1796851310093213,2.2518223712111305
-0.005106617631043866,0.00865314689778669,0.0021827733156808264,0.00793343183678197,0.500935209335656,-1.4000726819838933,-2.1503036971349445,2.303208384178299
-0.0051037210900578365,0.008593421035870758,0.002263074103039447,0.007882270740587565,0.49876131911711247,-1.4516733688360128,-2.0980384383838815,2.3497146412691516
-0.005103052028398002,0.00862410343600658,0.002220343989956056,0.00790630398107544,0.4990060443817507,-1.424603873117797,-2.1232396899986017,2.323771919687317
-0.005094370314547718,0.008639377055096795,0.0021923016963498083,0.00790847815462317,0.49516647205503844,-1.4077710017160234,-2.1284232020659526,2.30134336920247
-0.005093971774162689,0.008608223431007393,0.002234903588345147,0.007883150790441327,0.4946019551577578,-1.4348724854767134,-2.1022893957899993,2.3265890217145935
-0.005094049744110947,0.008580961202661486,0.0022721189015744944,0.007861055750323354,0.4941667408548821,-1.458295078903702,-2.079425801791972,2.348551447581702
-0.005272833095658073,0.008198186651984105,0.0029351754407172703,0.007702128703188728,0.5393634044281105,-1.8518896475974136,-1.8421150879455228,2.8425156739264175
-0.005277792483410843,0.008182426072035617,0.002959587156934326,0.007690807556761753,0.5389913110334573,-1.8657888247566217,-1.8280592024653395,2.8580526220524978
-0.005309934471228032,0.00810981713434924,0.003081260104348373,0.007646802608781985,0.5401582598428104,-1.935008351948312,-1.7667136344322827,2.941929564691028
-0.005314383448780883,0.008095382877196544,0.0031031231152380784,0.007635495585596602,0.5393229119143707,-1.947042524413274,-1.752858252900035,2.9550550999731304
-0.005295310492515057,0.008113101083110235,0.0030611284701333847,0.007634445497003326,0.5345969795369541,-1.9223039697755442,-1.7616063749999964,2.9173812490756195
-0.005265383593560225,0.008168213374318292,0.002963337256187934,0.007661857113480224,0.5312990189073794,-1.8665946941088867,-1.8043130314240547,2.8461811855119676
-0.005272307201532521,0.008152533121580026,0.0029894637405938345,0.007652531956477692,0.5316684456961732,-1.88141596742226,-1.791455149372765,2.864142055675981
-0.005279596648437602,0.008137793235786298,0.0030148283938454066,0.007644468363584375,0.5322683337137323,-1.8958141721834065,-1.7796708281007618,2.8820918650969247
-0.005287821372112355,0.00812450137019642,0.0030394921946527505,0.007638871426711188,0.5334413442871205,-1.9099157672363216,-1.769887084596693,2.90074104943651
-0.005262595914875815,0.008227960596710842,0.0028879178466435953,0.00772210726731918,0.5393937640574701,-1.8246887881452185,-1.8676416428765246,2.8113222062466074
-0.005267780605136591,0.008213195814128634,0.002911500247290378,0.007712391768274003,0.5394615244638805,-1.8382866517704635,-1.8551430481619453,2.8270143883528367
-0.005251120732497572,0.008257838468641523,0.0028389958122235852,0.007740225857036659,0.5385718181077986,-1.7962282048987246,-1.8917519891805405,2.777639747440382
-0.005256719668395631,0.008242808442446924,0.002863451921479094,0.007730989789137564,0.5389566656704506,-1.8104597370228352,-1.879596799350278,2.794372438270369
-0.005094948162116274,0.008566007531988168,0.0022930800403469405,0.007849738148709135,0.4941938055583836,-1.4713417925636458,-2.067446158247819,2.361357350189234
-0.005098467280406298,0.008547567157108091,0.002320812024678749,0.007838332680560577,0.49508382868228257,-1.488318524507445,-2.0544850883594425,2.3797428532054177
-0.005108727508934246,0.008530705825374804,0.0023520505629003475,0.007835682554111338,0.4990946492720389,-1.5069164763997973,-2.0481064234194126,2.404712913331142
-0.005235849029492114,0.008261456142712842,0.002818850765821369,0.007726835714366198,0.5323254630331,-1.7839496833813304,-1.8847851562359466,2.753281566042739
-0.005102530539506572,0.008514138389450435,0.0023688143459665266,0.007814548471090392,0.4955949924165168,-1.5177127466044238,-2.0286205121511296,2.40984769834464
-0.005111575304327347,0.008500495500625963,0.0023946649283207136,0.007812956286981573,0.49902746649402324,-1.5330092887048519,-2.0237016180000613,2.430751265550434
-0.005121417425044476,0.008489225490523349,0.0024181279505465763,0.007814222684965923,0.5027786222157641,-1.5468230216438286,-2.0214161762160807,2.450993735682242
-0.005122709242831449,0.008474263595246397,0.002438972125648883,0.00780252693838611,0.5025130043267815,-1.5595074585995368,-2.0089004650960063,2.46345109655018
-0.00522632482546511,0.008275582237956096,0.0027916106338306307,0.007730554184797288,0.5298960484328256,-1.7679270585137563,-1.892873634865183,2.7314172459407993
-0.0052104072980221385,0.008288749865796769,0.002759202422033855,0.007726054594481638,0.5246160316350269,-1.748742462273001,-1.8952231014925989,2.7011848572873696
-0.0052011513486959855,0.008303908206956409,0.0027310646198368464,0.007730829857018858,0.5223274586382661,-1.7322583352602783,-1.9041002261057487,2.6792527480094463
-0.005192186835344645,0.008318769920285046,0.00270360273117103,0.007735481458346,0.5201160072143528,-1.7161423076017213,-1.9126574839400734,2.657857097269865
-0.005127794512175268,0.008457097971561132,0.0024659697990995354,0.0077929943306613856,0.5037460562338761,-1.575683062641296,-1.9972211686714054,2.4820031255484625
-0.005178952050361918,0.008364214898829565,0.0026332244271638178,0.007764613788292673,0.5189110407153509,-1.6747633306179848,-1.9481161449663034,2.6112845599058594
-0.005189011629967798,0.008349181872462245,0.002662041937685945,0.007761475645370983,0.5219191836997323,-1.691749409608786,-1.940767555899127,2.634485306725144
-0.005180696392925729,0.008333149555954529,0.0026743168515899842,0.007736707739435771,0.5165800995927953,-1.6989181078207862,-1.9186977562568985,2.633319520547744
-0.005165525306881858,0.008410217427308209,0.0025613458646137764,0.007792763079369565,0.5170848944730566,-1.6319960037259766,-1.9825646166072328,2.562777867057228
-0.005137363893901217,0.008440476926075828,0.0024962370216084456,0.007788796089200398,0.5068498764397883,-1.5936223163507544,-1.989307922897109,2.5056806952389756
-0.005150966318805999,0.00842510401108585,0.0025286011059298136,0.007790088213887853,0.511749405423478,-1.6126997653065012,-1.9854391609057538,2.5336863511960988
-0.0051702080732572726,0.008379167623236228,0.002605792178404273,0.007768997267988226,0.5165011833293537,-1.6585476268630523,-1.9561507263296363,2.589842028159272
-0.00515853032576263,0.008393441524930757,0.002576513616432689,0.00776931526158049,0.5125444674988167,-1.6412715776995042,-1.9611070579654133,2.5650074199383415
0.005250244707379465,0.008055903604035405,-0.0030762021143339456,0.0075226455578624755,0.5060700392006119,-1.922757142736763,1.6722243799432015,2.870757066527389
0.005261633391077042,0.008032308089741404,-0.003115069785385022,0.0075080701317119455,0.5062933169605981,-1.943769222126891,1.6523295332537589,2.896396884569524
0.0052637571509017754,0.008008561612447675,-0.0031434135229503235,0.007483355582559205,0.502657369875513,-1.957692095916329,1.6271964312307468,2.90750436561806
0.005268143241163312,0.0079832364268015,-0.0031756957698700866,0.007458896117021506,0.49939125815003654,-1.9736992938660405,1.6012513024938635,2.9219994401951186
0.005272027063148617,0.007955180344578698,-0.0032099114637250503,0.0074304317661111055,0.4953449140581055,-1.9901038248753997,1.5719460059653974,2.935836440288238
0.005242533439449233,0.008078719770163782,-0.0030421552096209295,0.007539856718218732,0.5070694304476216,-1.9046114036239616,1.6928768280376671,2.8506134754125445
0.00523080163905953,0.008099101348910447,-0.0030062947629945908,0.007549855022552092,0.5057448060666773,-1.884816475023203,1.708307224290672,2.825190408557438
0.005230650412059501,0.008119881894629075,-0.0029824423533399732,0.007572259302611967,0.5092121042962651,-1.8726068049860947,1.7305273346584842,2.816301452998303
0.005210257140000581,0.008184031625047144,-0.0028861154749387496,0.0076187234618108396,0.5106043533293629,-1.819503463717286,1.7862393555041451,2.7573134169058195
0.005213573111362225,0.008135613651742469,-0.0029460246736020866,0.007571052905028645,0.504770404650427,-1.8515843777488852,1.7372825827807326,2.7845995197336033
0.005209973364241694,0.008160799800283062,-0.0029130519340058564,0.007593985842060099,0.5071479340972611,-1.8338501958174305,1.7616813958179751,2.767974940542404
0.005188413215203877,0.008196503493460076,-0.002848686775060385,0.007608262188379005,0.5034848032781939,-1.7974250520571078,1.7854541343465624,2.72024939425519
0.005099222004600703,0.008437200064541411,-0.0024661710601945326,0.007743445074373656,0.4901355828836081,-1.577075437134346,1.957180940024596,2.460823795595283
0.005109700575462866,0.008379915378536643,-0.002548316993800748,0.007702799410568347,0.49057585404450693,-1.6253476054234548,1.9122721010172408,2.511496450649138
0.005101220135903693,0.008408740467529992,-0.00250421994177164,0.00771996792673487,0.4890972587043528,-1.5995990209818371,1.9327244675972874,2.4823222082685543
0.00507169680667835,0.008447124321195718,-0.0024290293420988966,0.007722056644493305,0.4792303607800478,-1.5558631451887057,1.9456322609484804,2.420988254644625
0.005085601850720884,0.008497533556611404,-0.0023761095006542697,0.0077813510016507765,0.4875160286396306,-1.5233403391757725,2.000616592064768,2.4020537937426334
0.005074317766754989,0.008472687209113613,-0.0023985826977282495,0.0077473446685295,0.4816250487157174,-1.5375620427842593,1.9701505900048595,2.4064887322692736
0.005058423828368479,0.008546533493283184,-0.0022887592193851663,0.007792599836324883,0.47764954805368504,-1.4717914911524603,2.0214976631761843,2.334698842454341
0.005066984579573506,0.008519379503628006,-0.002331626393981307,0.007779330918878862,0.48048835665483786,-1.4973501112117977,2.0051204076672176,2.3644610890170266
0.004997791358948697,0.008672827590873906,-0.0020720182950091925,0.007825174812515738,0.4531926465736042,-1.342925061945973,2.0744658997227394,2.1712354615219867
0.005028210854422588,0.008558373010532846,-0.0022482822037182605,0.00776893470726206,0.4653558400811542,-1.4491907427623452,2.007811371111007,2.2921497716117822
0.005001666598572978,0.008646963560885111,-0.0021097855760066155,0.007809810341119962,0.4548324405518507,-1.3660618973397487,2.0577269251466817,2.1958751893225847
0.00501030795951297,0.008627256685132617,-0.0021428308929891528,0.007804154821921367,0.45871128887206664,-1.3857675624376264,2.0492217302428792,2.2203909165982183
0.005015697841782373,0.008583568146748766,-0.0022050497738640845,0.007775560517449889,0.4605057835549347,-1.423703717908843,2.018643208259825,2.2597372014506476
0.005009657362003723,0.0086059179184622,-0.002170723625348323,0.007786697023964559,0.4581240927223234,-1.4031083212690645,2.0318236645317325,2.236295868481115
0.004969088630062956,0.008749474079647272,-0.001946714719798249,0.00784921131839172,0.43951277278003037,-1.2673808159042057,2.107794566922173,2.0797217430658326
0.004977692838734517,0.008717862675398376,-0.0019960748108332482,0.007836119631932694,0.4439736597201195,-1.2974470271265623,2.091904541151545,2.11434558692746
0.0049717441844524075,0.008687382406230222,-0.0020329491613842155,0.00780717930801528,0.4422821487051021,-1.3212666440431915,2.064594217999133,2.133407042832221
0.004936446246331061,0.008765431261213838,-0.0019020312690059252,0.007824188171325243,0.4255616398301743,-1.243374172089059,2.0924516806425273,2.0357235562522518
0.0051315932619564455,0.00834020903271718,-0.0026183759200636265,0.007689440698202164,0.49632424183789636,-1.6660517056091264,1.8903523311046229,2.5641074827422656
0.005107072776019896,0.008351455133394968,-0.0025812986968571767,0.007673434217107109,0.4871683215818168,-1.644506887882261,1.8837835870070412,2.5259822363061146
0.00513201750948962,0.00831488874943899,-0.002650017901184545,0.007665686703614322,0.4940718725604734,-1.6842044607468891,1.8663031802181143,2.5798209201014344
0.00513528743176996,0.008288437406152874,-0.002685434282722011,0.0076435864509285184,0.49273950682901196,-1.7043311487512114,1.8428919346442658,2.59933908124562
0.005143524341055265,0.008263422869763157,-0.0027236892427990843,0.007627859980869576,0.49342988417652717,-1.7260301091415051,1.8238784401162091,2.6240843612435385
0.005155765188755412,0.008237210993330297,-0.002767216165445078,0.007614837088535559,0.49543949873955484,-1.7507378794447281,1.8058791189322414,2.6545410295538328
0.005156386789812237,0.008207185204299198,-0.002803292230251798,0.007585141162095965,0.4920881337559991,-1.770379818904931,1.7762404933516038,2.6707466008636334
0.004907000310898836,0.008816229282705656,-0.0018127504518519915,0.007826170535433642,0.41159489139830185,-1.1907799965029129,2.103332640811835,1.9663893112576944
0.004901844347612561,0.008783115491774898,-0.0018542987557062113,0.007798300379856245,0.411285941890929,-1.217657107804871,2.076887095092216,1.9895332834742125
0.0048033599720550095,0.009491825686238064,-7.824458917382898E-4,0.008031030049931968,0.28093878708739467,-0.541113856601562,2.3475350679850604,1.2484418452720227
0.0047806861562951115,0.009520933149950563,-7.32309808709605E-4,0.008013485453235152,0.26787348711545295,-0.512374161343799,2.337517335673962,1.2071984352119964
0.004829029904763965,0.009441556141200572,-8.661911952058676E-4,0.008045065802497758,0.29957207184494955,-0.5911478376947928,2.352683510381935,1.313599568179198
0.004806523062965263,0.00946211074875726,-8.281897511334391E-4,0.008025867396291424,0.28808661271602015,-0.5704111900675992,2.340543807592775,1.2805108238163072
0.004768960639955229,0.009701381499544375,-4.5686821415781906E-4,0.008039676119734248,0.2236092660231974,-0.3343139327985333,2.3748150287011245,1.0157123737922442
0.004758092960985036,0.009664213787238937,-5.112557463114331E-4,0.008020784307778757,0.22944603283750167,-0.3715472956854405,2.3573722362390908,1.0494625826206727
0.004765475209542161,0.00963400336072055,-5.583259719215136E-4,0.008023148685764576,0.23856988657583583,-0.4011788000202204,2.35611667840309,1.0839156570080937
0.004759562021993993,0.009606489224938996,-5.985401996606107E-4,0.008010632036358338,0.24298146400837786,-0.42845386502456506,2.344155194572028,1.1095025006191914
0.004764279533277622,0.00957479156251756,-6.472540993997664E-4,0.008008666053168842,0.25149031463263233,-0.4595224193332296,2.339503109104325,1.144149635919584
0.0047610435403555185,0.009544887744219535,-6.912698301710981E-4,0.007997659746383553,0.2569639515761725,-0.4887984035163847,2.328283299068454,1.1730652881113364
0.004914300395271539,0.008849298170430103,-0.0017720346501229525,0.00785589575624703,0.41238430632767054,-1.1639858769421985,2.1310554516330438,1.944428112277267
0.004918893160239749,0.008883060567968873,-0.001727957978020987,0.007882557910453782,0.4119799150149693,-1.1352146717260274,2.1565854634942685,1.9187605425135248
0.004868476711961582,0.009090974374126856,-0.001402938411690174,0.00794470433456493,0.37179083428926274,-0.9338161571034729,2.234863003688014,1.6873746562200134
0.004893847418485562,0.008906151149563763,-0.001680118161152849,0.007869020052219651,0.4003443020866966,-1.1082796955914118,2.1503966346327332,1.877201509233192
0.004885708791202016,0.008934053025606866,-0.0016361381936112532,0.00787689282900457,0.39501443649652696,-1.0813605765124443,2.1607138792064884,1.8456496929765318
0.004848837782393011,0.009062640449918344,-0.0014334802665771779,0.007908043572109034,0.3681340384799347,-0.9568309125009055,2.2034047108425607,1.6997660590484778
0.004852318976933771,0.009033459992650676,-0.001476875586135115,0.00789636563858221,0.37250862901977433,-0.9841982508006107,2.1904786214201617,1.7293007032656698
0.004864551115241599,0.009005925560980416,-0.0015226196616976815,0.007894863420071969,0.3803260212312051,-1.0117110130180993,2.1852454127656844,1.7638128941481142
0.004862980133851023,0.008975874590828131,-0.0015641485159541921,0.007876145164319582,0.382407191742611,-1.0386584015970344,2.1667124273446707,1.7899210965492405
0.004866631932754545,0.008949166113134743,-0.0016036813282922272,0.007864695885839726,0.3864389411092472,-1.0633903073800948,2.154060347222443,1.8167331526378632
0.004835031824192762,0.009311976598333388,-0.0010630621244717023,0.008006341985334446,0.3262735229558109,-0.7185707212152556,2.3092567264967525,1.4487825851708804
0.00484659803909411,0.00925832340628663,-0.0011474751546119634,0.007997821441101248,0.3394690939602281,-0.7714918377127029,2.2964699902351495,1.5094709086549105
0.0048311686298806965,0.00928372023987605,-0.001103510956620465,0.007990805745449681,0.3296242867483203,-0.7456667294363553,2.2942337124854806,1.4746558153473772
0.004834175634989728,0.009223380773457879,-0.0011937134417245084,0.007968876208179163,0.34055337803223834,-0.803916135462188,2.2703854907814676,1.536045195672617
0.004817646803478305,0.009191295276755098,-0.0012331552531072,0.007936097390588337,0.3397233558111687,-0.8323660459458724,2.2417588568589086,1.5563704936147686
0.00482398839156234,0.009411197725460268,-9.104290502065923E-4,0.008029514243959144,0.3037815100390114,-0.6209726981338782,2.337771221538691,1.3419612211172467
0.004824363834362837,0.00938419010402698,-9.511462844020239E-4,0.008020769867528681,0.30934319981397435,-0.6474612445258487,2.328248805642824,1.369621070830343
0.004813572369559898,0.009361245382615813,-9.816465386259926E-4,0.008000472703090082,0.30998460363915686,-0.6693977378413071,2.310458833840139,1.386698238228712
0.004807172200594701,0.009331000666054957,-0.001024192669495655,0.00798216500181913,0.31338522140761765,-0.6982850800782262,2.2932672628771336,1.4132094117673917
0.004841688971328561,0.009127529629370145,-0.0013367032100677979,0.007932962128126038,0.35719205359912787,-0.8954887438367704,2.2309843798460247,1.633595309140596
0.004807927931823588,0.009153634352706181,-0.0012829434223423858,0.00790788443915622,0.3417326521710948,-0.8662003744477881,2.215760884143623,1.585716015735968
0.004789199515519158,0.009778967044064849,-3.41167453887995E-4,0.008074004819482575,0.20946194433018556,-0.2555848258072421,2.4070109509908715,0.9428665818604125
0.004794926469190947,0.009796009889020525,-3.155982463971101E-4,0.008082576870996228,0.2066155285155941,-0.23802323320377866,2.4147655336978158,0.927159904761307
0.004768109670540159,0.009739402803237152,-3.9886893405794745E-4,0.00804470657903525,0.21413630881237974,-0.29658140938871075,2.382040496615993,0.9758021735754338
0.004772875830470091,0.00976687416022864,-3.576090998917409E-4,0.008053922805548614,0.20858596842788718,-0.2688536521123415,2.391273121025802,0.9490035387018854
0.0047929701697525945,0.009849627996214609,-2.326077516614528E-4,0.008085747666229907,0.192065487184403,-0.18422430672848975,2.4217869820689124,0.8696689280466302
0.004791258451638594,0.009817741314818492,-2.8168003609166983E-4,0.008080783006177301,0.19990964358851884,-0.2164759986131584,2.4153844643734743,0.9027562820164521
0.004730853526227231,0.009726891152464421,-4.121995648836774E-4,0.00800090317784606,0.2078420659056314,-0.3108858151219174,2.3488535344504626,0.973247195599539
0.004762305487661425,0.00987052818696256,-1.9803404112497035E-4,0.008052610979149223,0.17939457587625027,-0.16624714744742572,2.399704913388802,0.8364120351960102
0.0047349925926459795,0.009894645855381069,-1.5949619380978673E-4,0.008023432574321141,0.16733821263123386,-0.14453134471739112,2.3807320545472805,0.8011197690340527
0.0047201258041382685,0.009957227232851812,-6.425830404131234E-5,0.00800943214332604,0.14802658626743134,-0.0838904114971636,2.3761401993867106,0.7308638231873444
0.00471292010931521,0.009925113418108342,-1.1237958229064057E-4,0.008000264579435028,0.15480210937068742,-0.11635557883364753,2.366697103275092,0.761668363039367
0.004757690065830252,0.010167733909582559,2.5649917635016986E-4,0.008044667258746351,0.09766300749294528,0.1309401889242429,2.418851418159672,0.5220869204839172
0.004753850526807891,0.010201118561978712,3.0694579492200673E-4,0.008036968368884614,0.08773067226012844,0.16367783161495864,2.4160164004832825,0.48598509780855365
0.0047356169626056165,0.010139434268911549,2.116521158131305E-4,0.008022206028836283,0.10205809347085881,0.0993068469196202,2.4006409151596357,0.5455630407219888
0.00471449796925995,0.01010401700282888,1.5681821474208886E-4,0.008000890804983278,0.10826114632823122,0.061074486919619475,2.3825029577512846,0.5763923643183196
0.004709001465966573,0.010054885266659286,8.273429022429678E-5,0.00799682830573945,0.12032912350837488,0.011673299815312364,2.375453744729061,0.6257927955090555
0.004709867422072304,0.010018430052285296,2.797973499001068E-5,0.007998466992803445,0.13013804551231584,-0.02430427902726003,2.373516394563378,0.6638768662785971
0.004689158662197773,0.009989583737836552,-1.5213869591216151E-5,0.007975411352670185,0.13371276635417517,-0.055153739682481044,2.3544142423936356,0.6870450229858842
0.0047226180552847555,0.010224576107621099,3.387564482336982E-4,0.007999201684814243,0.07685379740232746,0.18199197925949995,2.391012752744548,0.45309783684274146
0.005845929309779225,0.006995690947506429,-0.00474386686773466,0.006561751040390744,0.3499292716091112,-2.569280270210294,0.4440287607144761,3.627388377013896
0.005853329999132345,0.00697456896199887,-0.004764040266432726,0.006532158400244467,0.34334715172592395,-2.5678792643036683,0.41863996860002145,3.6206148044161393
0.005869485695582185,0.006957178383823212,-0.004796728272012913,0.006513735592097359,0.33886429685300673,-2.5753709443538635,0.3918527668225224,3.631149589725635
0.0058217549564406924,0.007006757385039282,-0.00470051334124134,0.006564381701400736,0.35124864708734777,-2.55151151118659,0.46862869506949345,3.5969106029411155
0.005808756721150412,0.007048073819106869,-0.004662210530060205,0.0066221500451803935,0.3638890209587448,-2.5537228610112597,0.5178448606041837,3.610015044824148
0.005807279801403833,0.007027163667481578,-0.004668874579278658,0.006587792856259653,0.35654502524687776,-2.5454359409234124,0.4970396552040479,3.590119209325033
0.005792779909810851,0.007061017546163848,-0.004630986387697108,0.006632237605826389,0.36631752487063945,-2.543162036169593,0.539302229181451,3.593576124191945
0.0056940728166485315,0.007221451267764013,-0.004394308695414087,0.006813051909666255,0.4064874927845487,-2.489157243288337,0.7532974675084995,3.5376030700864463
0.005705423656691254,0.0071973361951387345,-0.004425429723930283,0.006784433468187732,0.40029463233209117,-2.4956273040022947,0.7226622263543382,3.5422704450714084
0.005713026084101799,0.007172349553390752,-0.004450851175156337,0.006751428285575899,0.3931817954982035,-2.4978280650739304,0.6924109694164658,3.5391218487725484
0.005780096883960671,0.00707658896885209,-0.004603755235794264,0.00664847385863654,0.37016969534127037,-2.5361932433751124,0.5617173804926566,3.584460367944138
0.005745098356988897,0.007140572962413351,-0.0045174344264333885,0.00672501743824675,0.3873040133873947,-2.5208463896516062,0.6455276463007228,3.5725885151034737
0.005726524832694582,0.007153136475769684,-0.004481968817356373,0.006731365012517023,0.3886351981213489,-2.5063210796614803,0.6664784148337204,3.5493657366545004
0.005766452038219436,0.0070984710889182775,-0.0045718864132730476,0.0066737768416413445,0.3758922346937536,-2.5298362368669634,0.5911160860864024,3.578142927101971
0.005748929512668924,0.0071172364363682045,-0.004535206368353496,0.006691167668067114,0.3797067088837636,-2.5186038375490187,0.6186614492259853,3.562287703750766
0.005605585650071538,0.007379793983694711,-0.004160523775738177,0.006981014978932168,0.44139064368665304,-2.41974575400399,0.9557970210848675,3.4635847270007862
0.00558420734588627,0.0073915922987685834,-0.004120950330590566,0.006980472282140578,0.44038161477670285,-2.3995065893348264,0.9721394897208492,3.4305304739395863
0.0055613976916215,0.007401761016995153,-0.004080701597161574,0.006976195964565375,0.43831680238050924,-2.3780268348567692,0.9861038044206596,3.3946800802688437
0.005609144936980757,0.007357616271963897,-0.004180989003831316,0.006951251720271196,0.43497566562469897,-2.422409533586185,0.9291987217047765,3.4602371460017776
0.005650177112535347,0.007292941187662231,-0.004284463791002866,0.006887848822622145,0.4222864112111191,-2.456987286861707,0.8465093885782101,3.5013509014899804
0.005655086294065501,0.0072713049687205085,-0.004305318120512602,0.006859076686694782,0.4160778993546303,-2.4592321763080474,0.820555754286266,3.4982984309707725
0.005663104675403632,0.007249772468759132,-0.004330477242084318,0.00683270291874023,0.41046501681377107,-2.4640627800769006,0.7940954999462112,3.500257619783376
0.005615956330260335,0.007332786230746529,-0.004207658466705091,0.006920054887891853,0.42838047556577036,-2.4275881572007627,0.8992219776999574,3.4608671430038918
0.005628208753492115,0.007306761873611366,-0.004242774239342919,0.006891159218705854,0.4224261341644233,-2.4373113554823846,0.8670034318746185,3.4697579807169845
0.005669782327437043,0.007224877018277114,-0.004355239532707688,0.006800005229668942,0.403470341522385,-2.466708614638918,0.7642896679648646,3.4973680766548587
0.005647705903186791,0.007233205027375092,-0.004317024345163273,0.006796015673078233,0.4022688571659027,-2.4473243560541533,0.7795490601146626,3.464443394716908
0.005483474018912492,0.007549689565344543,-0.0038584471317610392,0.007117484564668957,0.4632998922744908,-2.2950504355665458,1.1599147636675993,3.301466866040833
0.005433138823303818,0.007666193093999319,-0.0036914657534183807,0.007228726494875702,0.48151038552560355,-2.2274758674866653,1.29137618682406,3.229742896304508
0.0054743478243440835,0.007588933084017277,-0.003813594640016447,0.007163035084462007,0.4719853884732715,-2.280620143259086,1.2056743505272236,3.2924423954190485
0.005472250568503669,0.007565995712538529,-0.0038297522149169103,0.007129787164525935,0.4647969675635789,-2.282415182847514,1.1782235794639102,3.285150080884107
0.005451368612468301,0.007599363699967124,-0.003773652034153454,0.007156205225170189,0.468365721178415,-2.2579063563783994,1.2152108224170155,3.2545017484115335
0.00544365978565189,0.007619074230596383,-0.003746558420706102,0.0071756748200367615,0.47167305071997295,-2.247210819321903,1.237353960001535,3.243713452197266
0.005437337668739671,0.007641999031920383,-0.0037183227032908657,0.007200491093753167,0.4761358843270181,-2.2367556740443355,1.2634275295651982,3.235149533063599
0.005320194766220816,0.007915778401008862,-0.0033078791701938903,0.007432910619785272,0.5048123064528087,-2.045591253379563,1.548902248697981,3.0210920704706647
0.00532337831339045,0.007895873146221569,-0.003332260118346232,0.007412238186426833,0.5016162681013264,-2.0568377423949595,1.5273624829463748,3.0304206981429336
0.0053272323025996575,0.007877405895217656,-0.003355760389691743,0.007393799826080763,0.4989060034302915,-2.0677531423806905,1.5076455802353743,3.0401855170858556
0.0053336959295970324,0.007857472934505068,-0.003383730056652087,0.007375998064455152,0.49667445001436406,-2.0811104269124745,1.487189849566507,3.0540617680807274
0.005410268133712523,0.0076702559992653,-0.003657697803763621,0.00721262852408488,0.4756778992181653,-2.206189590567431,1.2915505455831364,3.1911539259761494
0.005398508233191687,0.0076888225023351835,-0.0036257881751098195,0.00722586744531309,0.47686860475377696,-2.1912528064918795,1.3107190057225837,3.1721336689460102
0.00538232153704659,0.007707992835529792,-0.0035875396037066535,0.00723545877502802,0.47673865774976815,-2.1721991277004697,1.3292146600206822,3.1456323525418797
0.005372886475251803,0.007727173618873949,-0.0035579215630600416,0.00725115688483532,0.47860958828442096,-2.158717249964321,1.349034441493834,3.1299125722972683
0.005377637859543115,0.0077607105157361765,-0.003532740530376452,0.007298486233509044,0.48856561803967063,-2.1524989175246314,1.3894275872865853,3.1363935945124317
0.005367758992517252,0.00774373428560911,-0.0035360795880581483,0.007267392228682274,0.4811263111666582,-2.1494327136079603,1.3668320277693582,3.1209964942218202
0.005360175268382799,0.007817170885522444,-0.003456378290056242,0.007352528313368173,0.49650728747804557,-2.11839810773483,1.4499867426804849,3.102818999861128
0.0053450540519273965,0.007835832177499797,-0.0034192353171949713,0.007360707038979644,0.49557454140904994,-2.0988579041241864,1.4663830427359008,3.075725415880218
0.0053663049795507805,0.007779204180907085,-0.0035008280109545854,0.007310910057000307,0.4893508760825212,-2.136846854781488,1.4076424301419117,3.116512987371078
0.00535627060675983,0.007797363053671335,-0.0034707828076493315,0.007323942650275481,0.4902983397222244,-2.122209826837454,1.4256018748652408,3.098510138007292
0.005535958096400233,0.007400213991919161,-0.004045278570265458,0.006952890826792437,0.43196176554698756,-2.3544257638027637,0.9859977648556191,3.350379658897961
0.005521498962717165,0.007426994033078613,-0.0040056138152454665,0.006978962855625809,0.4367263910377432,-2.3404782053229884,1.0174903549421634,3.3348215209249994
0.005509274723290149,0.007453910891329222,-0.003968657290686846,0.007006658134850997,0.44178285569255177,-2.3280124393778476,1.0487881890677626,3.3223051706803743
0.0055005878213040885,0.007485228566911875,-0.003932904405972702,0.007043120444105559,0.44895820025487015,-2.3178557139377696,1.085042867955176,3.316145699127193
0.005482236059966563,0.00750977634355046,-0.0038884503344266386,0.007061309266233118,0.45134546663321823,-2.2987641046676934,1.112964512020852,3.2908728758143098
0.00546829905949356,0.00752945930434983,-0.003853790666979818,0.007076219768281961,0.45336028709956994,-2.283845896433174,1.135039552909775,3.2714699804526917
0.0052974296177052144,0.007924319304108366,-0.003271915955952877,0.0074199733659218595,0.49839873744551116,-2.0238405100441543,1.548727766475172,2.983032116539981
0.005272301329888918,0.007929108066928026,-0.00323738820184041,0.007400309816838309,0.49033036331254537,-2.0022236480131546,1.5432111597402798,2.942887856240343
0.013392191987880664,0.014341765102834175,0.005797779196947566,-0.004527361409998266,0.16807805079506366,-2.1701579594197287,-1.0706329878764438,3.024990146064954
0.013531666094242214,0.014309400923277697,0.005607003022132149,-0.00459258166767084,0.16368040350399074,-2.1798445456692637,-0.9192782926291009,2.998293139788375
0.013462314756441227,0.01433009706126722,0.005699390623255036,-0.00455467898404296,0.1654094963618422,-2.1731475117830747,-0.9944758765612306,3.0074545298459263
0.01328786129798804,0.014391363913798744,0.005924125464273773,-0.004432935384888173,0.168088717026523,-2.137231449652561,-1.1890796881982741,3.006131606026767
0.013213334136905425,0.014452068564353762,0.005994732320764113,-0.004323951959583797,0.1650867764123883,-2.091103501587943,-1.273425607713934,2.9560282932373814
0.013264649157048943,0.014441039946389017,0.0059264185679543625,-0.004353609046367358,0.1634660253115366,-2.1012481956396076,-1.2169804793761185,2.953450486205406
0.013362123987843373,0.014396582180844615,0.005810365952310037,-0.004440480629153973,0.16352036876166795,-2.13282759730205,-1.1086692511845868,2.9716944710859416
0.013077811308582769,0.014547804005338484,0.006122943917129631,-0.0041406294164690735,0.16149738904953995,-2.008420923132118,-1.4199229825153805,2.8710762825358267
0.013117803798535563,0.014502976011079671,0.006098814675647653,-0.004219847666554589,0.16454319713645985,-2.045883658977669,-1.378620403785214,2.918346022206718
0.013187906138258917,0.014507882224422902,0.005992962541930069,-0.0042349136717572365,0.16006843986462502,-2.0496338438192905,-1.3008359012522608,2.8947555100883373
0.012883246817867476,0.014659782836989039,0.0063067121172992015,-0.0038988785100646773,0.15827837505859957,-1.8885029909638151,-1.6194151970728348,2.7559637302122617
0.012854258738255565,0.014687403930452952,0.006322227014446421,-0.003846209412261654,0.15651003463480312,-1.861293157408597,-1.6451872743651124,2.7230030369413174
0.012914845343603413,0.01461805950997813,0.006298820325449026,-0.003972652303879894,0.16193960423539522,-1.9259117281301616,-1.5925818793352917,2.805815502229518
0.012971609131708339,0.014611762481163935,0.0062235793090186205,-0.004006827442193112,0.15948592696335126,-1.9437681978369385,-1.5298785362799376,2.8082601266596967
0.013029169405332138,0.014586335777045538,0.006162473952580779,-0.004066787890106525,0.15963541053546138,-1.973052574130916,-1.4698055665849665,2.8318307416865474
0.012805561238727099,0.0146979252112274,0.006379885722127185,-0.003806639592902034,0.15807163645455155,-1.839033076523023,-1.6964554522114113,2.710373519461236
0.012893634348488853,0.014712405876633992,0.006245636166647223,-0.0038310642282670285,0.15202541832166896,-1.8554295109164023,-1.596516073882581,2.691518132128405
0.012850466388085235,0.014725604954330757,0.006292787085992374,-0.003791815448246948,0.15280360048157748,-1.8343407731962595,-1.6400705708884562,2.6767264420365477
0.012759060796085755,0.014738165870879446,0.00640545870713153,-0.003726352771932225,0.1557290858501423,-1.7961846091915852,-1.7362885288512084,2.6597902998559806
0.012601110345925134,0.01484218391047867,0.006510858936019466,-0.003493555849501433,0.1515957505798091,-1.665892676110566,-1.8705253471788743,2.5189119889933136
0.01256401606509018,0.014880030768569807,0.0065186978778431605,-0.003420794295344741,0.14916712703019971,-1.6254133634191772,-1.8945188344438577,2.467980270320941
0.012706243890672665,0.0147745882116481,0.006441177710416356,-0.0036471066185892803,0.1540983004443421,-1.7526278373640147,-1.7823674059387231,2.612168885051475
0.012659687560474486,0.014819991372025648,0.006457366381053699,-0.0035591876835600546,0.15144206098545568,-1.7049151623759948,-1.8166635478834878,2.553403611496668
0.01266177309814156,0.014872424962904328,0.006401723811681431,-0.0034925129083446744,0.14520781907113545,-1.6724789627829622,-1.7963128306948917,2.4920313512758576
0.012509712089271078,0.014868309384861472,0.00660040581595744,-0.0033989461969487628,0.1528038084877373,-1.606476335516619,-1.956286358321879,2.4707546929185678
0.01245019847607539,0.01485164983223705,0.006694797197814157,-0.0033779073408488325,0.15819042456562984,-1.5856670949404614,-2.026680430109657,2.476161970834656
0.012395979346610636,0.01489200567398173,0.0067172983033696185,-0.003286644066741686,0.15565012294335764,-1.5316737288645352,-2.0637715451837866,2.4135733697029482
0.012531761098439849,0.014908374313710749,0.006529148297346585,-0.003363434387575537,0.1470992687759013,-1.5929217342870963,-1.9160089509026483,2.4288021935826247
0.012226153249849978,0.014894133706586165,0.006924583995974369,-0.003147297142260649,0.16497292831220925,-1.424641467253098,-2.239283220165479,2.352200812824673
0.012274179968952277,0.014892611752485031,0.0068675971256628885,-0.0031895404764102986,0.16215439236975385,-1.4571650427309693,-2.190447395984363,2.372489492936699
0.012115272052397581,0.014965408774007117,0.00696601766669713,-0.0029649152938823506,0.16170931848103198,-1.3094044921122483,-2.3054984464872166,2.221487667129709
0.012210014867814138,0.014952686147815331,0.006871048409944549,-0.0030630537704446023,0.15816575456213086,-1.38229422461641,-2.219763970212638,2.2777729138066363
0.012161863546532368,0.014961152494253916,0.006917170041522216,-0.003011388823372912,0.15970108492485288,-1.3448242867358404,-2.262313506510933,2.247586938510187
0.012311202007792475,0.014917541052835916,0.006792096130729417,-0.0031891044657474045,0.15730124056824288,-1.4666621676829212,-2.1377834694749436,2.356519579167094
0.012361690449705628,0.014939734993494,0.0067043175698984795,-0.003201648251217226,0.15205270225025794,-1.4844776676357379,-2.0744900378580535,2.3480325041209458
0.011993194662360356,0.014970893909498685,0.007098368864287696,-0.0028441881662771566,0.16779173345084591,-1.213300553200965,-2.420447764312002,2.1528344097426895
0.011954076422645855,0.015004662913396472,0.007095827306908689,-0.0027683313148459867,0.16550391936492959,-1.1666744156599007,-2.4322615668808285,2.093971640018332
0.012043160167224643,0.014994982680367733,0.007009737738389823,-0.0028647425153740884,0.16181900137970162,-1.2412862500344837,-2.355240299449892,2.1529234272868307
0.012092274797048528,0.015009250316061302,0.006935593684656364,-0.0028939202012002543,0.15753484444144653,-1.271255271783649,-2.2984398159889987,2.1619562848116405
0.011912169114545838,0.015031333644180087,0.007104552521979681,-0.0026978013847895194,0.16421649283632775,-1.120967475526679,-2.450506235465585,2.0410179063496017
0.011834704711150472,0.015053463800428246,0.007155340302382881,-0.0025956574382116123,0.16562285977118998,-1.0463178289742616,-2.50249892173783,1.9698015113658938
0.011882835835144224,0.015071616745347986,0.007079768583410965,-0.002625785077265805,0.16052035586664762,-1.0802805122883534,-2.4459240768824393,1.9816159818243217
0.01177969496147969,0.01507518431443377,0.007180653329603618,-0.002515883804118203,0.1654125478809532,-0.9902407339360711,-2.532421344510194,1.911891461775991
0.01173006849642022,0.015117942649400975,0.007168115131400978,-0.0024207918291922954,0.1626768549136122,-0.9315713408758092,-2.538166833107527,1.836428105255955
0.011216557421766006,0.015147358473854445,0.007566431817756263,-0.0017874608780186166,0.18663278621306437,-0.403444603226846,-2.877893129234087,1.3860905426880754
0.011175789641513549,0.015156963582145628,0.007580284560935042,-0.0017275333930390922,0.18760463098033342,-0.3572358486209927,-2.8914517541218268,1.3397902797759498
0.011159836438420057,0.015188726543803205,0.007538650741470745,-0.0016842356457123816,0.1834217067054843,-0.33859227162292527,-2.866525451153092,1.3008917783096252
0.011125157257324844,0.01520263023572647,0.0075394401516070955,-0.001629662989328834,0.18289036711023263,-0.29956700373655437,-2.8705157777697434,1.2573997677712316
0.011697188321809302,0.015161492971379448,0.007136503658827275,-0.002343993151713656,0.1586993419654803,-0.8883022509686758,-2.5278988361800296,1.772383721832081
0.011651669260238728,0.015170103763071168,0.0071663013889486085,-0.0022869150669845993,0.15996841141145698,-0.8446953028182861,-2.555778955755558,1.7322586561602298
0.011596159164724803,0.015179125005626007,0.00720340424675861,-0.0022177343703301947,0.16161503110145667,-0.7908739814961815,-2.589921560489332,1.6833704433978869
0.01134046561736237,0.015175411481764609,0.007425390480673979,-0.001921914507492732,0.17571575089541794,-0.5362788402491613,-2.771776567535363,1.4778854856070638
0.011466875647252543,0.015151421102660108,0.0073589850147861595,-0.0020938931480953865,0.17226020635308434,-0.670840584879364,-2.7095794555697785,1.6059383790088961
0.011421996099684117,0.015162304355960618,0.00737989146222468,-0.0020313490627310356,0.17316747267315868,-0.6231199772135134,-2.7303830570123777,1.559177369578337
0.01139022642501836,0.015198172013339457,0.007349597052873657,-0.00196399625270269,0.1696665636004104,-0.5848332618827411,-2.7169300507910505,1.502399896955005
0.011506714919994564,0.015182544771597842,0.007276827479544869,-0.0021136491034318716,0.1656387281425091,-0.704157302085399,-2.652059613372487,1.6111353914805047
0.011551690961227259,0.015209924655328708,0.007196640917816134,-0.0021410321385947483,0.15978659218586347,-0.7414689472781334,-2.595088892630254,1.622914764049176
0.011303898885991245,0.015202953157949952,0.00740977765507595,-0.0018555863459883421,0.17349759460057343,-0.49455458557921267,-2.7672932277791182,1.423642088410271
0.011255775457333644,0.015176252498005641,0.007489464399327561,-0.0018159093513510065,0.1802592206361304,-0.44527688511359237,-2.8239163159294733,1.4007470464232152
0.010866182557117854,0.015195291372404935,0.007710520325719865,-0.0012852010647997748,0.19783956300437414,0.002635616712164456,-2.9984011367629964,0.9974922196280321
0.010890462766146995,0.015175798534861349,0.007731387380888825,-0.0013298112761365223,0.200187940512396,-0.023507893051020242,-3.0111613750525508,1.035203194814333
0.010924303770549591,0.015172594154843178,0.007717666286028122,-0.0013786965148111267,0.19876777986401686,-0.06382832972259005,-3.0006794966640418,1.073302419861758
0.010959993560335087,0.015154018011198846,0.007728955405395326,-0.0014392253156176303,0.20025251591971457,-0.10446365113480895,-3.006241916944649,1.1229461084806864
0.01099949172855535,0.015147815195963877,0.0077152955127722566,-0.0014975759400127934,0.199168076652299,-0.1512254888006256,-2.994818093527623,1.1685679233341242
0.011028739728789434,0.01517551208967885,0.007648844621079234,-0.0015198169933433906,0.19271757111493185,-0.1881478364623648,-2.9493807806224086,1.1803038531439907
0.011059783857692022,0.015189540504497967,0.007604903034788749,-0.0015523610040603045,0.18848947979320635,-0.224961782473948,-2.9185324045654215,1.2022709602729114
0.011081572162721206,0.01521601853217011,0.007546037103100559,-0.0015638962102818687,0.18307803245241408,-0.2507722908538335,-2.878728768915343,1.2057284532337675
0.010075660406198337,0.015227138437292643,0.007888436291107076,-1.1468007193313517E-4,0.22111542082391086,0.9640522961197794,-3.065677207626418,0.07606128726929941
0.010105300744742366,0.015245621156547602,0.00785229721820989,-1.58169120630718E-4,0.21665687321850288,0.9153041107854717,-3.0471673790422833,0.10906882944550257
0.010161065879255665,0.015247040188955016,0.007845128082912616,-2.4131162974398395E-4,0.21529835115611448,0.8469963784276587,-3.0505263502093865,0.17415980554797428
0.010134337014815644,0.015258198513221794,0.007826843805204209,-2.0051255990589202E-4,0.21327737092382346,0.8719776249865359,-3.035139708525213,0.14148052155903107
0.010323779963704682,0.015239960300041294,0.007833563166760434,-4.843432390734132E-4,0.21231791207338027,0.6524746250701253,-3.0618892506958706,0.3658595410450834
0.010284932202623312,0.015250153706765234,0.007822177478654118,-4.2488403796985956E-4,0.21155047914519765,0.6944173960163332,-3.0506154357504296,0.318275667180374
0.010245011475829846,0.015260567535506427,0.007809579352255551,-3.641815551778301E-4,0.2104584426367775,0.7370651809859807,-3.0381044460535933,0.2696663147309006
0.010199866430452096,0.015267073251403375,0.007803771099808419,-2.966507236882724E-4,0.21016537740355348,0.7875673721960822,-3.0290655883838187,0.216288752253333
0.010047224992417648,0.015244648891469864,0.00785669495863465,-7.135154731671054E-5,0.2178460916688327,0.9857501546728704,-3.0408796875953468,0.04108190848733296
0.010014976025297244,0.015264570278586187,0.00782014164329223,-2.299016305443339E-5,0.21399887472854165,1.0095528905498286,-3.0123538401229553,0.0022118753105782457
0.00998210759348103,0.015283278984992672,0.00778536651779491,2.5473924112787366E-5,0.21047927551802312,1.0342184036681388,-2.984870975080057,-0.03645541669497065
0.00994766745534765,0.015299521163746313,0.00775456714353448,7.555071007194437E-5,0.20727252284267203,1.0616879630775973,-2.959602851748691,-0.07588755669582689
0.010834722594726818,0.015214843786382796,0.0076928817116892366,-0.0012310485948499874,0.19595956897648995,0.03686668992931986,-2.9877969114546983,0.952633391173164
0.01066069628832601,0.01520218405255218,0.007797282015265195,-9.902020996911494E-4,0.20665414358616285,0.25174353777706665,-3.057150480735419,0.767442916832879
0.01070591540181026,0.015209579458694082,0.007764380941956897,-0.0010519511151174498,0.2029789822710561,0.1939178771476722,-3.0359776945964865,0.8146619198242141
0.010646075650643409,0.015235647774358652,0.00774308285459571,-9.554130919455041E-4,0.2009482234077816,0.25931763126187574,-3.02131236068087,0.7358525777835598
0.010619083882999753,0.015248946364323659,0.00772991326640583,-9.116605519990229E-4,0.19971134686262285,0.2877554013306202,-3.012108172558985,0.7000788626660737
0.010587687880856102,0.015263515860667971,0.007715587864796993,-8.614782338022365E-4,0.19834644334345744,0.32072311169871487,-3.0018917890824635,0.6592160322554782
0.010772095448693064,0.015216479265571615,0.007721357110232659,-0.0011426138032600642,0.19868265597392967,0.11171695908350805,-3.007582991170184,0.8841190362974009
0.010804400165043955,0.015227958194443789,0.007685266902837708,-0.0011821844023764522,0.19488682434361207,0.07051316718479157,-2.9835207886539443,0.9129838034764713
0.010743055221212128,0.015236575982814289,0.007699486864154296,-0.001092319586707246,0.1964397241321076,0.14192912247835363,-2.9935615897638095,0.8422188369807461
0.010524652090183308,0.015248516773378455,0.00776436731410914,-7.762334767606015E-4,0.20359542857195548,0.40253211940068434,-3.0312283449198087,0.594255967914183
0.010554722729673324,0.015278358074322715,0.007700655635423826,-8.093582400962625E-4,0.19694424062110735,0.3550250399468251,-2.991047671238434,0.6168822376475535
0.010458305183391909,0.015225560001333136,0.007826743709755222,-6.865834178750775E-4,0.21051637494295924,0.49364060627300066,-3.0683570051472024,0.5263905625914601
0.01039941058856472,0.015239792560141957,0.007816602744744132,-5.960520853928443E-4,0.209913581147555,0.5596659311475726,-3.0574761115186297,0.4537571767226403
0.010429139369216228,0.015244650697357753,0.007799952061663213,-6.384098844610689E-4,0.20782354150669996,0.520942749969658,-3.048862658461066,0.4865730910116789
0.010380376347792038,0.015263625558734003,0.007777638547022826,-5.623384239250237E-4,0.20592188307712322,0.5714149357184095,-3.030657644438101,0.4250021845845288
0.010489560695050327,0.015259558473638489,0.007755489084631416,-7.220270407639266E-4,0.2028635769320347,0.44074702459043585,-3.023650464037274,0.5505985471289111
0.010350569146234063,0.01526936549803129,0.00777394026580766,-5.17534011481531E-4,0.20569662025518518,0.6046831246151764,-3.0257382644848168,0.38928766468604253
0.009696399310560249,0.015237293991064863,0.00783945456670757,4.5343987136513964E-4,0.22034910955920187,1.3982162419646895,-2.957293333566026,-0.36535494936170465
0.009725852770969415,0.01521756193394217,0.007881993276166187,4.133343732061194E-4,0.2248498848340227,1.3840179577458835,-2.9904908440227467,-0.33430305022120366
0.0097931686184178,0.015200428481105893,0.007925240798304355,3.145646538983157E-4,0.22915318628914577,1.3227888202413156,-3.033309080574763,-0.2578829165264896
0.009756537218971755,0.015214071382302748,0.007893916375461859,3.67841221113894E-4,0.22602758136444676,1.3524358300089163,-3.0052929321850983,-0.29931486061276086
0.009820279876014228,0.015232937144953378,0.007867678141641713,2.694065592990333E-4,0.22198417497914022,1.262113148782367,-3.003987357409429,-0.22371103142949897
0.009890502787881733,0.015250132467100884,0.007842531739942621,1.6274328580967215E-4,0.21826542559439724,1.1662048669289187,-3.0033011313488567,-0.1415396067167687
0.00984832932142699,0.015261726839912693,0.007817221607082923,2.2438123133461686E-4,0.2158306324701256,1.2051099260033418,-2.978958246467467,-0.18956905860529136
0.009912840788053738,0.015296425475431745,0.0077585094468235515,1.2660965680738598E-4,0.20828082446552273,1.1037821166825106,-2.955594372016703,-0.11538462315747501
0.008707349046932756,0.01504489768623854,0.007667597728686117,0.001963377298822608,0.20575007858549493,2.5396003818849757,-2.4674932747744953,-1.4502942825728962
0.008531463055615416,0.014991564187661344,0.007600394772842926,0.002234816620034902,0.19565541024894875,2.721629141410964,-2.330228700020353,-1.6243381629838842
0.008494254229606379,0.015002478491672347,0.007546815900539803,0.002270095378606923,0.18870851390226,2.7209450958685295,-2.2860018323004865,-1.6415329206590685
0.008671579140407198,0.015042696721292804,0.007640945453413803,0.0020115277920435912,0.20203317532358864,2.5644070173912286,-2.435095447842439,-1.480376797171539
0.0086430266681643,0.015033109189379338,0.00763243925016528,0.002056427756063558,0.2008483251879256,2.595956226782263,-2.4143067648884835,-1.5095920852659013
0.008548636923150802,0.015026350268194233,0.007558696992113431,0.002180990774429684,0.19076485958345588,2.656586503364196,-2.326254193224703,-1.5848060589027355
0.008578435302159798,0.015032299071308645,0.0075761181077381,0.002138603707935269,0.19317004029686047,2.632014570534523,-2.3518836441484297,-1.5587079924740836
0.00861156290850576,0.015041379644301772,0.007590691115416096,0.00208898764381871,0.19530987793619722,2.6001143138283243,-2.3783018825088145,-1.5273834614048172
0.008210064238434555,0.014822028866407313,0.007534515691166438,0.002796189343774326,0.18062706969908862,3.1296637557079783,-2.0608611363345513,-1.971525088290256
0.008183562223955328,0.014820489205766618,0.007505745794141137,0.0028276041555684857,0.1763119083216562,3.137129913772022,-2.0306258722625827,-1.986200344660481
0.008222301284854969,0.014848020261208213,0.007507908973664423,0.0027522361143858423,0.17784178933511785,3.079354761057538,-2.065581019635248,-1.94054808736803
0.008266053680477226,0.014864863068414728,0.007531162960300686,0.0026834535851188806,0.18193740695944716,3.0389512110190346,-2.108778829098661,-1.901607859945605
0.008239061354518757,0.014872145577710005,0.007489214541511476,0.002705855720377081,0.17601771042792533,3.0321671883122288,-2.0754835138107333,-1.9093345271330333
0.008318677702267392,0.014897277959600773,0.007537760839387093,0.002586881962637761,0.1840556547567392,2.9664711739434644,-2.153708547046607,-1.8423333486984734
0.008441584777116483,0.014938497954664448,0.00760006026277119,0.0023973327005021756,0.19439642618937983,2.8512355514783834,-2.2669917666311723,-1.7298393038785596
0.008413425084922523,0.014934552813914063,0.007577742643409339,0.0024353991133747766,0.19102324854294547,2.8690739347359213,-2.238934018938712,-1.7515553338504073
0.008329938379425408,0.014927410903635148,0.007501746846280935,0.002541360178913592,0.17999029105761155,2.910162280324879,-2.15243841186961,-1.8089001977241541
0.008357571359585597,0.014929862526748805,0.007527136346089598,0.0025065760372615115,0.18370203610177802,2.897049957581276,-2.181137082041992,-1.790380497486731
0.00838502147913949,0.014931564125907579,0.007553178602025962,0.0024724113115371284,0.18748389126641027,2.884670356831141,-2.2099030183579167,-1.7720918925023847
0.008286157896538212,0.01488754514537507,0.007517603557898987,0.0026351152886641767,0.1807425884372034,2.9929062052032624,-2.1219204771537004,-1.8696342883206774
0.008450752781756705,0.014967162882319331,0.00756219239775751,0.0023573713542886852,0.18990401259994763,2.798490112529112,-2.2610257356384085,-1.6996666074657198
0.008465438240985466,0.014992738322333476,0.007534851576127659,0.0023144104984216406,0.1866873392727727,2.749573218233874,-2.2621516538931195,-1.6687920789371256
0.009653809911904447,0.015243597526902174,0.007818591365621562,5.150717112441598E-4,0.21825175808084005,1.4389559093089634,-2.9337140269614275,-0.4123778614310591
0.009592802305173514,0.015223386683762085,0.007840871116586103,6.101955925605303E-4,0.22167496598664707,1.5253713068428623,-2.9303162639666396,-0.48462211758604967
0.009616674664089872,0.015251426324722329,0.007795210645868912,5.677617177781961E-4,0.21586447049549476,1.4714311391755646,-2.9098968695693586,-0.4523505519836671
0.009558247127702015,0.015229075735672629,0.007820627299547618,6.595396658570311E-4,0.21962665764685427,1.556430766344928,-2.908439643544707,-0.5218331332247604
0.00952573175887637,0.015226237858593887,0.007816053019905402,7.080972091845348E-4,0.21951388273765662,1.5936238112448933,-2.8961913082378,-0.5582774332152615
0.009357897845476372,0.015177565469543028,0.007844098767902428,9.717317609125668E-4,0.22496054849006494,1.8203363500193632,-2.857380393456594,-0.755518438234886
0.009465877366748907,0.015176401362475115,0.007888612872878162,8.131090267534966E-4,0.22914417632132883,1.711382842955681,-2.919678191439839,-0.6379736316378227
0.009391798982799387,0.015180899329241899,0.007852000979222324,9.207554929482258E-4,0.22555564841095174,1.7824349514067102,-2.873773528825996,-0.7178194769621075
0.009428316824105634,0.015181840661297418,0.007864594702158641,8.666887779451745E-4,0.22670082122093824,1.7441425713189302,-2.8934198243751514,-0.6777245053906431
0.009338447093876809,0.015196925807953716,0.0078001173918514095,9.916477614723578E-4,0.2196199118393804,1.8165413068385192,-2.8258120413522434,-0.7694128068867182
0.00930718940579092,0.015190419125790706,0.007798144229124072,0.0010396022213848201,0.21977839909130756,1.8544881019652326,-2.813468665464927,-0.8046050400676303
0.009491058009880475,0.015212726645048325,0.00782980174119542,7.633237950782191E-4,0.2217067567037114,1.644437085028038,-2.8936314513903345,-0.5998943371742412
0.009503537553344954,0.01524809403937119,0.007768829247511761,7.334833903235684E-4,0.2142546352027849,1.593627484793089,-2.8621857234915553,-0.5769483748703652
0.008893547055013763,0.015084837616402214,0.007743957037375745,0.0016838846130275721,0.2157956684180414,2.3523734752842316,-2.6045298462099784,-1.2640176328011938
0.008911772638305317,0.015108251471702,0.007715675057444115,0.001642306974537219,0.211988493368874,2.304555857343732,-2.600548352613586,-1.2332089789892768
0.008864081752761254,0.015088110671604453,0.007716541066679956,0.0017214193783810087,0.21216000349956965,2.3689911983644545,-2.576402086202812,-1.2882928107409681
0.00883376668695554,0.0150878710271497,0.007694223415364695,0.001762276711343278,0.2093920409977723,2.3907772100052402,-2.5501297927013824,-1.314974773587178
0.008803825932032612,0.01508926164096579,0.0076688784929569995,0.0018009928759827856,0.20618011345707357,2.409187923432064,-2.5225709121387223,-1.3397667798837383
0.00875616791710715,0.015063581902905182,0.007675650765881316,0.0018841267467847556,0.20682128457793583,2.4798282479460703,-2.4991073005332196,-1.3972096354318244
0.00873068698120313,0.015063125701698876,0.007655669179249948,0.001917837008668498,0.20413170181300452,2.496682795999708,-2.4759881471807437,-1.4184500964459552
0.008773175210145878,0.01509175649218622,0.00764064321652595,0.0018393418777529695,0.20249851575418606,2.42578029134161,-2.4933817007486567,-1.3638595558980677
0.008712418267919906,0.015075792549773027,0.007618951447460621,0.0019310714599295033,0.1996016667320974,2.4884253495564224,-2.449915183776681,-1.4243447051731557
0.009191185896269943,0.01515728659330924,0.007801348991574483,0.0012222814079061977,0.22130353233589303,2.0045645350673893,-2.770430956411362,-0.9381290308644649
0.009253748787962401,0.015163631703347467,0.007821865580064776,0.0011292932543899824,0.22329236383824316,1.9384544631770841,-2.8063487991832745,-0.8710269839609243
0.009221922468770922,0.015162364209070078,0.0078081659388426474,0.0011756810600329877,0.22181521181646732,1.9698207813959934,-2.7864362184050226,-0.9044639062665721
0.009173107379065728,0.015185165133208625,0.007741218348341361,0.0012329782290514113,0.21387184210140653,1.985071131685837,-2.7312952658582663,-0.9436566307745112
0.009143800002745766,0.015174931861853185,0.007743619410777505,0.0012796876712012656,0.21460693722224092,2.024043951308863,-2.720579403213989,-0.977421734065049
0.009115884088643967,0.015181804579217363,0.007715597036423217,0.0013147742179081153,0.21104613679169967,2.039336979297397,-2.694386094095805,-1.0015343901707396
0.009272451929504993,0.015197648511988645,0.0077688466905103505,0.0010860176139486815,0.21653581744160366,1.8787576346906611,-2.784592535978131,-0.8378486127794643
0.009081309250398047,0.015189541963638432,0.007681820017855848,0.0013580483849116498,0.20710579145505162,2.0584507677607466,-2.6624566697357985,-1.0310010582675362
0.009033096497151732,0.015153513428218858,0.007716490493942209,0.001446204311461058,0.2118632873717936,2.1461648764758636,-2.658764241961501,-1.0953301649229201
0.009050579724241654,0.015180935719759588,0.007678678927734854,0.0014053033860078723,0.2068971858427112,2.095068761679677,-2.647598289021079,-1.0644238336031602
0.00897579838160694,0.015134839881959067,0.007712637752657525,0.0015368606188652675,0.21150125123046612,2.2176530160025916,-2.630328538851682,-1.1591494841503478
0.009002321807442782,0.015155775837840118,0.007692955573931748,0.0014869739276820654,0.2084252403752024,2.16780761726851,-2.633080192332549,-1.1229249466197455
0.008915994158373011,0.015138904812250794,0.007664833860220697,0.0016150932667482471,0.20547567640057207,2.257495296417695,-2.5784682415791678,-1.2111481552761667
0.008945789863544306,0.015149925054448015,0.007665981094279302,0.0015674948089961214,0.20546874912058133,2.219749941835106,-2.5934279817276815,-1.1780216635216392
0.004695395117547498,0.010254902982653342,3.8047185873158043E-4,0.007964940678828745,0.06516155754108201,0.20768317174795406,2.3689264958357152,0.41450343486743096
0.004713148424157657,0.010294395716639863,4.41868021568411E-4,0.007978742334269947,0.056718656025023795,0.2497179698509973,2.381894048290018,0.3780067345502297
0.004704539713458238,0.010340282588305284,5.085370388872129E-4,0.007961235906758922,0.04334779688982406,0.29351731775878503,2.3728558563252062,0.3284228334485797
0.004708548449718462,0.010379762479774663,5.677299494004092E-4,0.007957919117702007,0.03324053913680735,0.33319086596740055,2.373486036633627,0.288535225948719
-0.004946155192896777,0.010971510629209862,-0.00153593039619616,0.008001421821204153,-0.12009010711455612,0.9818261810346955,-2.4456314966197996,-0.28878271513858583
-0.0049530395687896085,0.011045542742058682,-0.0016478643951876885,0.00796691563656094,-0.13894482099566655,1.0575891261940564,-2.4261791403135473,-0.3651002363527846
-0.004943300825912384,0.011082049202543664,-0.0016945004301921333,0.007934012031660312,-0.14713545006963982,1.0902064602528319,-2.405032882125688,-0.4036878015985465
-0.004940663473996243,0.011061441306702505,-0.001663403456863079,0.00794351768872507,-0.14210927626272363,1.0690532087695361,-2.4104573645307488,-0.3826833388694716
-0.004941755682176437,0.01102193043528919,-0.0016070593072555017,0.00796799633717077,-0.13256912311200883,1.0304436760946214,-2.4253039657286375,-0.3417182710151468
-0.0049290813175744816,0.01099756720189176,-0.0015644862272572028,0.00796760862518338,-0.12597819849314829,1.0021798293096313,-2.4233432093802887,-0.31775056978403793
-0.004850792632115704,0.010798681495246685,-0.0012340919941309111,0.007979925854560877,-0.07290873505913142,0.7816623033143156,-2.418589283083909,-0.12094526600057631
-0.004845803488673849,0.010768939450228483,-0.0011880633658239964,0.007987351578037939,-0.06510076803585362,0.7508126288021124,-2.4218449728187053,-0.09075122035315332
-0.004922521291902474,0.010953117954326108,-0.0014960915323154538,0.007984675293716948,-0.1144764333943823,0.9560512406739071,-2.43244787807378,-0.27231230485428043
-0.004891964981476409,0.010844604980995301,-0.0013208399453456393,0.008005121314374098,-0.08542112046571078,0.8389990924813265,-2.4395071927300367,-0.1630727796116932
-0.004893557159790815,0.01086914125649218,-0.001357863089054013,0.007995092508986742,-0.09190741415504226,0.8638569165363729,-2.434086413142687,-0.18844659568026886
-0.004905599444140716,0.010938609413640575,-0.0014658754043712196,0.007973335315360552,-0.11022523336268417,0.9363794203510242,-2.423370797284604,-0.2591868370774511
-0.004905162520513242,0.01091641320586734,-0.0014331863799257045,0.007984431469847826,-0.10452689009645069,0.9142735946374068,-2.429753646464482,-0.2362035968379379
-0.004897477234425791,0.010891972257154136,-0.001393405905078377,0.007988205001524364,-0.09801308656705739,0.887702596685223,-2.4307642329165144,-0.21172647814680987
-0.004863250833190016,0.010828863805936126,-0.0012841417530411526,0.007980168400558126,-0.08095587963984203,0.815092046006817,-2.4208135130473276,-0.15058432418736742
-0.0048324936508745185,0.010819896918253826,-0.0012568794252153118,0.0079499003555626,-0.07853777535879661,0.7974163589759903,-2.3986791721596745,-0.14539501554274226
-0.004918904304230129,0.011094453772755775,-0.0016971726411330289,0.007899208688149924,-0.14850918856937742,1.0937258064778383,-2.380663155024626,-0.4183043811325216
-0.004946549416025569,0.011135372421307818,-0.0017721883569402185,0.007904311100488287,-0.15959814860785912,1.1435036616036747,-2.387187808756933,-0.4581330034065411
-0.004996129293189131,0.011187380684492937,-0.001878205635776926,0.007925618596437622,-0.17487810806573187,1.2127726334557078,-2.406440789135931,-0.5082006474956263
-0.004973405245754209,0.011174736920154102,-0.0018451460872467571,0.007908611246400328,-0.1702675740077297,1.1918227070734984,-2.393094132715311,-0.49664572017161995
-0.004947237079125926,0.011163400060474657,-0.0018119780205177862,0.007886938363799967,-0.16583859526954622,1.1710014444822132,-2.3764586807625574,-0.4866802176791438
-0.00491855535679497,0.011122045995280572,-0.0017357267784009406,0.007881681295170166,-0.15470486474892808,1.120392911038376,-2.3697728054304936,-0.4464427058198959
-0.005150597530244631,0.011639877772730175,-0.0026122737326475655,0.007731407953502774,-0.2717027394966188,1.7172913623691977,-2.2941405856894597,-0.9649204481074064
-0.005136368910439049,0.011660631608291347,-0.002624870257623441,0.007696386454113316,-0.2721659744291998,1.7281488024581524,-2.2682354129366726,-0.9839344870736063
-0.005112039401189744,0.011581754916737458,-0.0025028199427866824,0.007742971243873892,-0.2588598240151947,1.642644593855058,-2.2985691633976972,-0.9053554293544727
-0.0051201940639769,0.011605225800179253,-0.0025401414592044857,0.007730500920135912,-0.2630993475055941,1.6686434157464276,-2.290680351823769,-0.9288471631779892
-0.005133402239522552,0.011622675784238812,-0.0025744433216534648,0.007728765114029695,-0.2671464652931961,1.6919067299886639,-2.290705009908375,-0.9468144796703811
-0.00508653421870512,0.011571754856750329,-0.0024671931794077386,0.007724255126674293,-0.25412968334115615,1.6199620408199584,-2.283250438735329,-0.8941176963342855
-0.005081073972280517,0.011542396248948728,-0.0024248262362608253,0.007744269846103402,-0.2492641199651162,1.5900773596788758,-2.2965447274450903,-0.8651247010661949
-0.005020819439806524,0.011308671824489164,-0.002064854266600132,0.007867213096283354,-0.20244633546218535,1.340761904165783,-2.372300333618248,-0.6310864193685325
-0.005022689861663013,0.011335320194199748,-0.002102708110518585,0.007849287262919771,-0.20775457855274995,1.3672414808900089,-2.3609027251422394,-0.6580458473870272
-0.005065229202101034,0.011513871842910837,-0.002374314389391768,0.007751767374175238,-0.2430562896023977,1.5556537315866423,-2.3001832585028232,-0.8364506617988442
-0.0050341292545828704,0.011365233975679978,-0.00215209720392593,0.007839026358259433,-0.21454279886442734,1.400892432895588,-2.355445438691157,-0.6880572449498359
-0.0050569313816835595,0.011483031288398584,-0.0023271912007825288,0.007768910180000059,-0.23730986382006902,1.522891687414933,-2.3110486438173354,-0.8058220434684663
-0.00503236638730583,0.011398363438337515,-0.002195275387503814,0.007811110029820067,-0.22035680626200385,1.4316287376001828,-2.3368686352224244,-0.7212819129660386
-0.005041897126687591,0.011454083272778588,-0.002276787649426261,0.007776570803287902,-0.23086726773097135,1.488586748393956,-2.3147761006839134,-0.7768233807985191
-0.005035773575449272,0.01142635362340625,-0.0022352337683181306,0.007792468373366781,-0.22558522026063757,1.4596411024614009,-2.3248158745012977,-0.749204449638606
-0.004993929627302063,0.01121278862195795,-0.001912491184160122,0.007905835234116062,-0.18022061846576157,1.2368160222445288,-2.393795147623417,-0.5344361734702874
-0.005000100592524759,0.01124027709737359,-0.001955215134514601,0.007893604534806949,-0.18658241754241814,1.2660057869439434,-2.386804566062698,-0.562232735935498
-0.0049956824287984815,0.011269048288433642,-0.001991955548994569,0.007868225330834125,-0.19214247158936312,1.2920807539645318,-2.3701450622997418,-0.5916714162996862
-0.004994895904878349,0.011297245972885258,-0.002030069744694847,0.00784689402187578,-0.19766817328989705,1.3189025037886193,-2.356334513709236,-0.6202341351968257
0.005355991002044272,0.0121987069031579,0.0034675285993137866,0.00733076910096997,-0.3321270998624137,2.323405287571593,2.006431226337739,-1.5107639689530996
0.005515652002357803,0.012476266994001992,0.003924470010233987,0.0071115181537321145,-0.3401391328325278,2.6459107663062382,1.8293713324350522,-1.779310528772431
0.0054976716752392135,0.012458239520322519,0.003885017815279015,0.0071206875685045695,-0.3394712549952304,2.6175492967905,1.8373323550386635,-1.7587896408565171
0.005442925445732818,0.0123477880361297,0.0037175501266749076,0.007221046187837555,-0.33923956792289434,2.50037531843557,1.9197860687176376,-1.657324911912236
0.005476155623864877,0.012413644801640504,0.0038188406304867782,0.007162717127188015,-0.33985465415639676,2.571518810021385,1.8721186515580832,-1.7185822012645235
0.005482881293813813,0.012437038028407007,0.003847394904479825,0.007136750281775933,-0.33926396134468756,2.590985824203498,1.8507836289396165,-1.7376578774198534
0.005446169338008943,0.01236381683437046,0.0037358800190479264,0.007202656131842562,-0.33891698853600666,2.512996649223563,1.904850209985936,-1.6703188926106665
0.0054514832816926866,0.012384245794788374,0.003760581881013334,0.007180131659696164,-0.3385334338002944,2.5299954880807856,1.8865219120068237,-1.6871565341219965
0.005457897181825004,0.012404555274340102,0.003786418576868982,0.007158556454969116,-0.3382297022029333,2.547769879467392,1.8689196671619652,-1.7041583825863575
0.005380747798908724,0.012230098687049615,0.003528822781921979,0.007315204753486114,-0.33504410632915205,2.36690992565946,1.9946925715508041,-1.5441549506598926
0.00536202612701563,0.012218146453550736,0.003493792087818092,0.007312273328296629,-0.332733978181746,2.341974524337508,1.9919544878459117,-1.5282235747221296
0.005377752890252075,0.012255220358193378,0.0035487061391453753,0.007280422490214366,-0.33415388301098303,2.380711534556804,1.9669411455106185,-1.5626332659842035
0.005393412137788184,0.012275010168355924,0.0035871240072676077,0.007269926663981379,-0.33562513853833675,2.407932178536719,1.9587841277597897,-1.5835584172140753
0.005404985308107981,0.012300452598802525,0.0036253641535726696,0.007247923832993435,-0.33635616077477337,2.4347857249298137,1.9412632292381888,-1.607135601933072
0.005431846036170448,0.012337815297072237,0.0036940485863005495,0.0072239939424680955,-0.33828948258874886,2.4835091418312096,1.922139355095937,-1.6454894252851788
0.005418419612322341,0.01232057012158854,0.00366101993599297,0.007234217908056002,-0.33729633296366984,2.4600346053290583,1.930340054164733,-1.6273858207965988
0.004926147412052243,0.011148421766339173,0.001777392897298694,0.007873303213963534,-0.1610401840588763,1.148639634297692,2.365472174008016,-0.47269402635628094
0.004913559832910441,0.011121374622368344,0.0017316485532893695,0.00787658542005405,-0.15436413250523065,1.1178909859866566,2.3660385354042934,-0.4460438455274373
0.004910473937121757,0.011091468214599597,0.00168780198661574,0.007891683595798222,-0.1473613348150644,1.0878716818261187,2.3750032803178995,-0.4159024734657661
0.004897013877431124,0.011042835642282122,0.001611060294100572,0.007905803989346665,-0.135428057820733,1.0358878488135315,2.3819793421390614,-0.36733804589516206
0.004885479771148198,0.011072296253654768,0.001645780922703974,0.007875657827122894,-0.1416902964104608,1.0604524794909918,2.362097994926527,-0.3981900929997955
0.004875650019181793,0.011019044458198192,0.0015650595229737367,0.00789583665512439,-0.12884277615889742,1.005523291892075,2.3731814141715826,-0.34488080357314305
0.0048665116455304715,0.01096072387187148,0.0014770295374808506,0.007917893136694278,-0.11453564258777359,0.9457711847983383,2.3851993161327703,-0.2862032379835517
0.004859584631390112,0.010993680184260281,0.0015201550312625722,0.007892302600712893,-0.12230023745107485,0.9755345109570122,2.3689411600489954,-0.3204378230619002
0.004840479220456322,0.010944293689481719,0.0014398095381119255,0.007897797000176737,-0.10978905456728036,0.9214209617376511,2.369656706008595,-0.27198105749648616
0.004828663335398881,0.010916007569636186,0.0013934645137687433,0.00789935357437156,-0.10270536888629019,0.8902051342091039,2.36891895288753,-0.2443558596674079
0.004794989568304465,0.010752681639616618,0.0011427602107560305,0.007937545548345538,-0.061474518070373164,0.7207542004039412,2.385387686225418,-0.08111139802275295
0.00478978613916018,0.010727677474479906,0.001104252859186401,0.007942007402401629,-0.05501660180817662,0.6948222480767164,2.3868724632211284,-0.05612950406973762
0.004769281877458996,0.010713773418288584,0.0010759007932890341,0.007924847489760344,-0.051810919383233636,0.6757522442296066,2.373686010224605,-0.044856427364931555
0.004814424963963214,0.010881882236343675,0.001337710857680487,0.00790063707209672,-0.0941602596219055,0.8526710098499705,2.3675988879465315,-0.21110929205899212
0.004805178769688819,0.010846650304405951,0.001282900514965031,0.007907273300092603,-0.08531876418596109,0.8156228348680884,2.370021414114374,-0.1762158567301251
0.0047958931877983765,0.010810099950032692,0.0012261763830418802,0.007913749003323868,-0.0761485382953629,0.7772638096353008,2.3722242161151548,-0.1399736643901992
0.004772481621032468,0.010780864767378924,0.0011739301823217101,0.007900786431952323,-0.0688529758231733,0.7421314955996418,2.3609824465479945,-0.11308304025467143
0.004761328808902109,0.01068440543395275,0.0010302406599100573,0.007927370906136643,-0.0443874216615881,0.6448869552190343,2.373505597873418,-0.015882295251064854
0.004748668031392147,0.01060912483852575,9.160657169561863E-4,0.007940145307154936,-0.025127792702650118,0.5679416088945325,2.3773907047487803,0.05943919462081556
0.004752560962484279,0.010649354473291983,9.760750847719115E-4,0.007930544566253655,-0.035639007520216794,0.6083100896410397,2.3733396987020146,0.0187502608090292
0.004721513893878173,0.010581969015975898,8.676445570083829E-4,0.007919064989607065,-0.019368157653961562,0.5347768390000326,2.3604710414740384,0.08274856289638553
0.004704057409684369,0.010453372595341444,6.750548090288358E-4,0.00793620413476802,0.013204438058060567,0.4047687007573156,2.363462387102149,0.2116270552275301
0.004678441724066448,0.010416739216586868,6.154691606167091E-4,0.007916702961051148,0.020657970664163586,0.3637121934616279,2.346745356812183,0.24391891495029647
0.004705195340916746,0.01054659972660363,8.112910820071307E-4,0.007912035406676997,-0.011117448741725685,0.49643712175065763,2.3529263444238473,0.11609258445412853
0.00468965616363669,0.010499609810361693,7.387130602276406E-4,0.007908369810689318,-6.777092527788431E-5,0.447096049879867,2.3469385178850932,0.1612927625437988
0.005044808098980424,0.01137418620332751,0.002172535108043851,0.007843891286450274,-0.21737596778096083,1.41422323878051,2.3597472736109357,-0.6969869333634363
0.005047996485596118,0.011402597012406765,0.0022133729092545817,0.00782498134888717,-0.22277733562327565,1.4427429393154936,2.34763170151788,-0.7255218959399424
0.0050159059145281236,0.01135701074824346,0.0021269297304100585,0.007825241058827447,-0.2111019675687453,1.3849926884084616,2.3444783299975214,-0.6799509153338531
0.004970227131133903,0.011248576736450903,0.0019456891350114627,0.007854581447432106,-0.1856794299908522,1.2621265446282004,2.3585837725580983,-0.571922126890328
0.004965649648934568,0.011227776090209713,0.001913841034113324,0.007864021943183006,-0.1810113968224507,1.240302627771426,2.364098943238003,-0.551075420527644
0.0049497403255627445,0.01121482157658063,0.001885044902175664,0.007855342429972415,-0.17700680591496362,1.2215922620466706,2.3568195831734777,-0.5386596008291358
0.004929399099450969,0.011197409285037128,0.0018473314857522483,0.007844723289398349,-0.17181890517791207,1.1969657680169705,2.347826861666468,-0.5219750695072735
0.0049095449002694875,0.011176152393539151,0.0018049699688554074,0.007837040548741866,-0.16592966260627592,1.1689912459614968,2.3407713142080055,-0.501472962215833
0.004987267116398727,0.011319762807374616,0.002055027281465473,0.007821875966151429,-0.2012469678080228,1.3371687105301018,2.339295271441339,-0.6429912806798999
0.004974940304129004,0.01127305879363752,0.001982578011284333,0.007842403113361686,-0.19100507177236883,1.287507500556816,2.351288199437086,-0.5964426959253047
0.004979685057625738,0.011298807242238015,0.0020210686129439113,0.00782898973454295,-0.1965114254786693,1.314038573678758,2.343124702195242,-0.6221630011441243
0.004982130032156979,0.01134663526939908,0.0020872803312612927,0.007796117414379515,-0.20581769599055483,1.3604065763467064,2.3219194188853565,-0.6698542587232114
0.005030104193948883,0.011428126780213278,0.0022330078386850684,0.007784832141143929,-0.2251927624967096,1.4586952396497617,2.3191576357550434,-0.7509197286333532
0.005016302282668413,0.0114606238365439,0.002264313096903786,0.007743410154640141,-0.2289916795113352,1.4824325246377688,2.289990337415785,-0.7826001676569282
0.005040325881161676,0.011548054901738887,0.0023965146590251003,0.007695433867007357,-0.2449860571552546,1.5743178725537883,2.2592846442062435,-0.8684245398189073
0.005041038600649177,0.011576848576246475,0.0024332858977437213,0.007671014693709091,-0.24906930683216802,1.6005295634632335,2.2424433380427917,-0.8959544963992351
0.005018441220384027,0.011531957042447308,0.002357351438090037,0.007685975291173799,-0.24003778066124612,1.5485105968887776,2.2509397957475987,-0.8516234462397437
0.0049943200941211085,0.011492498854314541,0.002287091785087948,0.007693560104825217,-0.23139285250223485,1.5008667265669835,2.2541702407079214,-0.8125615107638945
0.005009014784294684,0.011509451231739777,0.002320892251582369,0.007695029298487812,-0.23560676686296037,1.5235104963827817,2.256382749255823,-0.8295770816988345
0.00516880612636095,0.011825887960293506,0.002855637587932525,0.007567190122658108,-0.292868796100064,1.8924800331937963,2.177796763043908,-1.1435052605772784
0.005211245457676054,0.011901521088564791,0.002986803556319067,0.007531379165485152,-0.30420469370250053,1.9839555286003243,2.154040152679108,-1.2195560084621837
0.005189406662984958,0.011850813101728858,0.0029058390503723633,0.007562683525469883,-0.2977113537812896,1.9270230838875853,2.17583424827868,-1.16968762383919
0.005199423194862821,0.011878131073156314,0.00294766710333145,0.007544215981939836,-0.30106798123037853,1.956549149777427,2.1628265752209344,-1.1962716320382845
0.0051351883294993746,0.011829526270744696,0.0028253136765491412,0.007528763679925297,-0.28845689882232217,1.8735822218560048,2.1474306721833636,-1.1412315269577162
0.005116028181555375,0.01180244026288567,0.0027748730233661634,0.007536553499415933,-0.2835327819267199,1.8388805118642437,2.1519353816407087,-1.1137614552176218
0.005063156061519116,0.011689904064406237,0.0025915144917685227,0.0075913021856766185,-0.26561207035142176,1.7118865476394913,2.187957215979585,-1.003998949385942
0.005016050000623675,0.011602759382493541,0.0024431868091087648,0.007621797842772241,-0.24929714187038363,1.610130022726316,2.206087891272968,-0.9183833111126214
0.005045168977056192,0.011648978748950857,0.002525630955017726,0.007610525068928074,-0.2586265342958038,1.6663428317504858,2.200280003296628,-0.9641781888775524
0.0050221074259786235,0.011632768221844437,0.0024850717799637387,0.007601259021900142,-0.2536848500729429,1.6394795676055616,2.192088342199505,-0.9467824683101673
0.005041545032276695,0.011680196805473697,0.0025597539911260026,0.007577979086375689,-0.2617963267460708,1.691113534247455,2.176958186061693,-0.992510592694183
0.005076459834571344,0.011712307710522576,0.0026307810296853818,0.007583923245911816,-0.2697260225251718,1.7388239638319907,2.183623515129794,-1.026225284508267
0.005085170175649119,0.0117458655908124,0.0026787275204817745,0.0075606691883931204,-0.27430870775557953,1.7724722642839892,2.1674718798533052,-1.0580196927452235
0.005098448006671832,0.011776280667260584,0.0027271639655728204,0.007544562373352958,-0.27896549445409285,1.80608602470829,2.156678330766098,-1.0874715920811102
0.005325195762801051,0.012176836810399133,0.003408212247314596,0.007328021074241311,-0.3279971151362095,2.2815640466802765,2.003364083041799,-1.4832644710674205
0.005330672884541512,0.012197704549803203,0.0034351595469080238,0.007307630034968242,-0.32861274422284237,2.3005342121565353,1.987453186392458,-1.5015843810472538
0.005260088534616649,0.011992518836509867,0.003141406892987897,0.007480838615257219,-0.31577237397616215,2.092537864956164,2.1188496227363043,-1.3106820999724773
0.005249917811286007,0.01196985114691746,0.003105241969065045,0.007495995960917692,-0.31344746252833167,2.067021301742793,2.129763007004738,-1.28846633349351
0.005228329562762411,0.011962895543288074,0.0030735775702464656,0.0074817501891591125,-0.3099371455883411,2.045582360354105,2.117895793718087,-1.2775066579950207
0.005280923496837559,0.012064248073517532,0.0032416311758078037,0.007419306610690005,-0.3208885278435989,2.1638836442558262,2.0728143595579653,-1.37767144133381
0.005268477930581446,0.012039317827519089,0.003201049337418739,0.007435802491337621,-0.3185133166256335,2.1353068509307445,2.0849374979403574,-1.3532691898003482
0.005247808258374325,0.012017389006062923,0.0031541598581973714,0.007440207953543068,-0.31489927993156136,2.102636489445349,2.087346843433846,-1.3293177325582093
0.005266449562453115,0.012092894262751286,0.003254178328858065,0.00737150056629523,-0.31934370706993737,2.1734091595711162,2.035403156092777,-1.3975325766767859
0.005303157623926247,0.012173289014654035,0.0033778804288462907,0.007311150162120465,-0.32501442463871405,2.260181794221495,1.9896130013878064,-1.4732850442575767
0.0052889370396663835,0.012157554502154362,0.003345363085418372,0.007316527395551792,-0.3232291633853099,2.2373717375362356,1.9934348742196717,-1.4563224909878347
0.0052676126705492035,0.01212278515662669,0.0032856173138102428,0.007337452829798836,-0.32003507815159127,2.1955969555943233,2.009075277196835,-1.4220958025685098
0.005271693091056893,0.012144578254747802,0.0033120102053262684,0.007315522039051904,-0.320555028430213,2.2140718036624776,1.9921774840648119,-1.4406635872214137
0.005244845480576415,0.012116368843365543,0.0032524632994518536,0.007323069544905672,-0.3165414380976464,2.172672394690126,1.997257289760023,-1.4102284073030389
0.005206256797322654,0.011970800075598073,0.0030577414848727935,0.00745073168924141,-0.3070379186048002,2.0356813690465914,2.0932785180817093,-1.2794505871918889
0.0051940047385503505,0.011952828691498473,0.0030248468091742873,0.007458152992700149,-0.30463506034640114,2.0128214106647553,2.098236940598068,-1.2612097401932911
0.0051951316629228455,0.0119281771267327,0.0029991026364891175,0.007486095043484776,-0.30342852392185754,1.9941273300288829,2.119289025656292,-1.2399585403087394
0.00517565885532917,0.011946752773057887,0.0029983160614924093,0.007446371785309308,-0.30148150766941834,1.995014867310294,2.088447291509168,-1.2519721488700948
0.00595651731559426,0.013161025957918208,0.004974011223868705,0.006365677331838212,-0.27737765802031705,3.3230015830673287,1.1493238800261258,-2.3414056111619543
0.006018827439542604,0.013227838441754791,0.0050934042612216296,0.006284691013502239,-0.26519717116090974,3.394488354369566,1.0673030955732885,-2.394484498888516
0.006023674599451428,0.013242448440746549,0.005104163515714306,0.006262160901094524,-0.26292717981677954,3.396625361516867,1.0474639305696731,-2.3987734947211563
0.005972733530252169,0.013181575728112207,0.005006051452410401,0.006339710424374923,-0.273766807569876,3.341195356943545,1.1240591441388146,-2.355827774812196
0.006005613912385675,0.01321596176558904,0.005068751325946222,0.006298350177022344,-0.26753633262233606,3.3789748987680666,1.0819234124116948,-2.3836310437544346
0.005985747551162905,0.013203389982335584,0.00503264831002249,0.006309634774155657,-0.2702228743869131,3.353906269825052,1.0961343514709456,-2.367489008870687
0.006053873482138184,0.01325343171178464,0.005157592415208418,0.006257773005251371,-0.2597072754419787,3.437291725689494,1.035961957374535,-2.4227739714903898
0.006077466439959107,0.013277821994369637,0.005201637893613285,0.006226658948576506,-0.2547393152024999,3.462867242645584,1.0038908036044447,-2.441488335343657
0.006065372740980519,0.013266357337884218,0.005179251422208314,0.006240897289084719,-0.257149161222501,3.4494328225496766,1.018947290844123,-2.4319567529964505
0.006176823828884022,0.01336183209522751,0.005382084246095218,0.0061218012336449685,-0.2349413383110592,3.5732776441572756,0.8882497347559911,-2.5166933734583767
0.006155092550585839,0.013349976856098242,0.00534329253580228,0.006134101605124166,-0.23850014139018685,3.5464060256630923,0.9051487728629207,-2.500181589217251
0.006090173227806326,0.013294605531650574,0.005225598283342194,0.006203317644778775,-0.25147032999906965,3.474767756923391,0.9811137266973086,-2.451255705887716
0.006137122614006899,0.013337788393294784,0.0053110907604739304,0.0061481852933880955,-0.2417373449469171,3.525351351163063,0.9221848462099053,-2.4866647502963137
0.006124580528027186,0.013324468222775332,0.0052882268052710174,0.006166250250791901,-0.24470335769867538,3.5129695442870608,0.9406924904865649,-2.4775105346796775
0.006104782425260444,0.013315940191140806,0.005253047952610655,0.0061726892296061365,-0.24735563410545452,3.4871027040146925,0.9518544913198843,-2.4620657694361507
0.0060322433985373035,0.013258430610215269,0.005121305981435949,0.006239008769575455,-0.2601490585419722,3.4034613907147198,1.0262509509024367,-2.405781559533223
0.006184859637064712,0.013401616857554489,0.0053969597755317575,0.006054680034701456,-0.2285297574972087,3.5626272421755765,0.8313387701060858,-2.5180641060732394
0.006169586559870215,0.01338790976243052,0.005369999197589039,0.006073122711960622,-0.2318382461930668,3.5475033343711915,0.8511657849263637,-2.507621036817364
0.00622711457589005,0.013455019587955929,0.0054701776483752525,0.005975075861607411,-0.21697413879174696,3.5929129807234115,0.753553302969686,-2.5429248035929373
0.006232875367295202,0.013475348876928733,0.005479180840732127,0.0059410720207575445,-0.2137865527500618,3.5879064948099297,0.7248009764678879,-2.5432958342394
0.0062268047851794135,0.013496374642613884,0.005467090906642554,0.005902367711182645,-0.21157973800162425,3.5643666205594684,0.6968117589839857,-2.5336978481526455
0.006207220300980591,0.013447955727943387,0.005435470644963123,0.005981024212001056,-0.2200415515200244,3.5676637299639187,0.7652566563760758,-2.528308064913332
0.006190839689935545,0.013434954610869172,0.005407136595281129,0.005998316044728588,-0.22350583576699892,3.55141552220729,0.7845140871217584,-2.517538792766888
0.006180578279071105,0.013420637435005125,0.0053894026831869555,0.006019798408911895,-0.22629706971387167,3.544845061606181,0.8049699769910573,-2.5116998250078044
0.005891252240637611,0.013098173937760775,0.004848448771996913,0.006433920134610125,-0.2875968027464184,3.24247725984265,1.2200100300144499,-2.2836090967725586
0.005929962661191498,0.01316085123380651,0.004929656758958134,0.006351759776043608,-0.2779606088641097,3.285175942014079,1.143694684663345,-2.3212658188281785
0.005896893079851689,0.013119882603599373,0.004864086026014133,0.006401385703274655,-0.28446149430309203,3.246888232498955,1.1918043460253684,-2.2912448880961427
0.005907641042850622,0.013142180020397866,0.004887926290097207,0.006370596168261325,-0.2811067843267963,3.257832966044589,1.164076012255791,-2.3023508174171172
0.005871868428206451,0.013091098914729975,0.004814491987918767,0.006434366747023066,-0.2887587359265988,3.2165104619499902,1.2242375063113748,-2.2681263394403466
0.005851465359780519,0.01308019915045029,0.004777822449102099,0.006440290582381397,-0.29038642599889547,3.1898271288687563,1.233104133550107,-2.251303152274158
0.005833372239829584,0.013043689026582102,0.004736237287469716,0.006488677343716102,-0.295377349181559,3.1686934110575247,1.2765273622253586,-2.230906653555515
0.005834030694952146,0.013066820032552646,0.004745220331753389,0.006451724063504398,-0.29235908501778257,3.167577897968621,1.2458230188361883,-2.23618092619793
0.005812114776404803,0.013027332901708434,0.00469614025767671,0.006502071529029382,-0.297402536396171,3.1410185603019447,1.2914076618389423,-2.2121079075953287
0.005790335600218765,0.013006856324893044,0.0046536434797784555,0.006521334726150949,-0.2999741945492303,3.1127094158412976,1.3110477207583793,-2.1918424205734977
0.0057744280350199365,0.012899279838349532,0.004582419456705182,0.006682146645895475,-0.31385669115047327,3.0887225785085284,1.4482936213757387,-2.148671194495694
0.005757388071940997,0.012883727347704732,0.004547997928619224,0.00669495893697607,-0.3153728303259394,3.0646163262918282,1.4614195166775443,-2.1316051166113463
0.005742294258641249,0.012866550318081336,0.004515801834372516,0.006711412977541313,-0.31703740172603173,3.042823343356822,1.4772546554012411,-2.115184601497591
0.005729151782461234,0.012848606439051898,0.004486162082662548,0.006730175251221893,-0.3187521787876327,3.0233276300722918,1.4947098307522972,-2.099644610833519
0.00571215360567266,0.012809759270354736,0.004439202807754019,0.006778317441175771,-0.32271840734505886,2.995126606502748,1.5372494343997325,-2.0728567265340057
0.005717707142022926,0.012829691673553205,0.004458491169226336,0.00675141320120089,-0.32064871505640663,3.0056742288326492,1.5139569924409155,-2.0846731192281864
0.0056455668363871265,0.012742559310802351,0.004299039778440789,0.006831116919669103,-0.3267554952094618,2.896881952618431,1.5882334198394863,-2.001347839426243
0.005659146748373113,0.012760785632303782,0.004330307413805121,0.0068138732479329145,-0.3255558231407348,2.9180561534841414,1.5725419503183862,-2.0180665620192557
0.005678349480411495,0.012778695475838611,0.004369858607614182,0.0068010455807563045,-0.3246403103416062,2.9460086316510994,1.5599188837145666,-2.038010797428873
0.005693284982846312,0.012799125889876624,0.00440421717650133,0.0067808123506089,-0.3230367654950857,2.9690003823261057,1.541392265600525,-2.056283461700907
0.005766740935474909,0.01292153011392074,0.004580469801778268,0.006641566332110307,-0.31067814797272514,3.080025232411337,1.4150994495955675,-2.1509358943785433
0.00576090374872081,0.012945522835881818,0.0045818674976854665,0.006599719824659221,-0.30737058827003677,3.073519811628223,1.3808817845780006,-2.154529958163577
0.00577007491046285,0.012987298624472973,0.004613798632318606,0.0065396385500013825,-0.3021914169193987,3.086228766545507,1.3294738411319587,-2.1727301244305823
0.005755942738982356,0.012968537300810549,0.004583830593922764,0.006560206143067393,-0.3043401618913825,3.067605649605792,1.3486818836345846,-2.157888087083479
0.005510636452936373,0.012502349519453212,0.003937868142629734,0.00707059694017091,-0.3377371425916011,2.653074142676918,1.795680742929587,-1.7937933921294902
0.005495205781540615,0.012533935087428536,0.003940231078419115,0.00701317696256078,-0.3337054142438192,2.650776396156338,1.748945943658016,-1.805771886440242
0.00563328926249576,0.012723918911486547,0.004269349954649351,0.006849708882876463,-0.3278925129756756,2.8769931251654772,1.6048737763336731,-1.9850739143142953
0.005624238892933113,0.01274461564935558,0.004268233113125418,0.006811782888068887,-0.32515990249263454,2.8714828545890567,1.5740235720145739,-1.9894863232428641
0.005621559803554703,0.012699406070140412,0.0042366321490322455,0.006877227118265647,-0.32975202298925504,2.8559506335215272,1.6288336427029064,-1.9661192988672165
0.005600836864921195,0.012678035594230311,0.004192283525128447,0.006892589183386699,-0.3304603749745146,2.8247298307470947,1.6432373292501519,-1.9432375811602753
0.005578287678745327,0.012663353024325415,0.004149627168222955,0.006896257859527888,-0.3300259511667165,2.793566853428247,1.6479033361908988,-1.9228215544960825
0.005559152019479723,0.012648025187249884,0.004111681294148495,0.006903317056526263,-0.32998921835200834,2.76631632585272,1.6550252304886686,-1.90409386537897
0.005538283650000321,0.012627450924965571,0.004067784191080753,0.006916259094439033,-0.3301279128515962,2.735451054351365,1.667042560072484,-1.8816988508116024
0.005520834382739711,0.012605697730198576,0.004027953529367968,0.006933224602179063,-0.3305287307158277,2.7079427308040125,1.6820066702338445,-1.860452349787294
0.005502174302273546,0.012585390505131173,0.003987339166483308,0.006946754833277019,-0.330432839564965,2.6795657380615925,1.694102777703941,-1.839309912973637
0.005481776373819732,0.012565365005142035,0.003944480039290128,0.006958089167106129,-0.3300682227933293,2.6494379955619807,1.7044029319767642,-1.8174539358815591
0.008118460532611229,0.014785557570755318,0.007481386949516039,0.0029408744179082315,0.17093114958895914,3.211022484819886,-1.9650579492926692,-2.050560934980643
0.008094204293777996,0.014783187952609717,0.00745519316166919,0.002969787466702315,0.16685183841694842,3.217522703848889,-1.9370867653062034,-2.063347193236695
0.008007502598009739,0.014765843929811803,0.007372609075744842,0.003081598413384168,0.15355564742661046,3.2532134927004095,-1.8388627254839829,-2.1143654030639936
0.008068410536564418,0.014776791659738572,0.0074328980432727685,0.003004979449013154,0.16327060180023625,3.231192630377648,-1.908252373054976,-2.080340967288768
0.008036690083526494,0.014774850657620662,0.0073961439677991065,0.003040404610519975,0.15756848572462556,3.236079697621116,-1.871427725290223,-2.094653854152979
0.008156046751504253,0.014811895502740442,0.007486360792156884,0.0028681406657622,0.17306051410091877,3.1572161811354347,-2.0014608844710686,-2.0076409935409067
0.00812668144743208,0.014810829163437803,0.0074527300849374515,0.002901308530332052,0.16789225450022982,3.1628939115308943,-1.9676659230603946,-2.022084127775741
0.006501987196913631,0.013740964881547565,0.005903477449834584,0.005521215832228191,-0.14504076300228022,3.750027924038386,0.29695975234551475,-2.657241489643834
0.006483890811858234,0.013731554615910004,0.005874372610533308,0.005536479673290253,-0.14896236999429824,3.734191214992826,0.316530503569396,-2.6483946110927916
0.006467459638681436,0.013721095144483485,0.0058485067437900225,0.005553523643610271,-0.1526072817830679,3.7215853639806906,0.3364970496172414,-2.641112499080759
0.006450785057920525,0.013706718484484523,0.005823287209472972,0.0055772854152392965,-0.15682332766196436,3.7124018048614746,0.3613185170829945,-2.635299322935328
0.006362639470330563,0.01361208519859652,0.005690463445300545,0.005731838294419859,-0.18047358042218553,3.673625895003777,0.5136904121943027,-2.6063949764625143
0.006375647067539742,0.013627130233891099,0.005710394614455699,0.005707566335888308,-0.17672845720359523,3.6793087073525403,0.49011217992280115,-2.610951138359084
0.006375650062133206,0.013649632027306085,0.005705328660550049,0.005667706489987108,-0.17405630235903502,3.65903748387224,0.4606219125256394,-2.6023209175042257
0.00642764571803843,0.013699293382651781,0.005784423266000393,0.005587660449488568,-0.16102564511151576,3.6867256277743494,0.37942000499091805,-2.621186226550734
0.006411319566418263,0.013684255247598781,0.005759699841869629,0.005612072855694632,-0.16517746465544783,3.6780052428538594,0.40433675742477015,-2.6153863537975965
0.006387457144626505,0.013676623187744062,0.005719608452454319,0.00562204467689809,-0.1694382827269584,3.651182684534568,0.42218611557530034,-2.6005203095824743
0.006503715223741598,0.013766040257743396,0.005897733590516728,0.005476715605283227,-0.14219558273134789,3.7254214253863718,0.2648575575761481,-2.6457502942423443
0.006529753905332338,0.01380608215165912,0.005928767576573132,0.005407202779491354,-0.1341406829573948,3.71742910482249,0.20406253639653868,-2.6432926041574336
0.006500582980223252,0.013798413783212234,0.0058804087683353885,0.005419467762773987,-0.1396167438580841,3.686199029801305,0.22704995095808567,-2.626682302410165
0.006646170325805045,0.013907080497101444,0.006088714463754293,0.005227755720113837,-0.10514562271162131,3.7533382523201797,0.023809701358469285,-2.663218640627768
0.006606861613469376,0.013873044469332376,0.006036000159053882,0.005289412570032266,-0.11484577957519439,3.743509163617901,0.08518503634592137,-2.6582255936233996
0.006624491599290475,0.013893245381031422,0.006057428714157498,0.005253232863803871,-0.11025694398518247,3.74215270010626,0.05216904707910385,-2.6575988093649765
0.0065846272661065205,0.013879237163288639,0.0059941686209967196,0.005279121724980562,-0.11840512916376791,3.706916418818973,0.09054728314142341,-2.639469396645227
0.006532659884995047,0.013836894999278943,0.005921581948367037,0.0053532125688270085,-0.13085334301283877,3.6870852101153835,0.16631692436247295,-2.6284296547115766
0.006567393701292614,0.013865756626519411,0.005970078384359049,0.005302947446904107,-0.12244135291234216,3.700105237517064,0.11517543995977518,-2.635805905220041
0.006548959070586738,0.013850184216969102,0.0059445679765530715,0.005330187389109225,-0.1269802750138136,3.693678635593782,0.1427047602252993,-2.632197096501235
0.006293789826674903,0.013563887723784083,0.005577151364975604,0.005802001911115482,-0.19523483490497595,3.6127962142398182,0.5946064689848692,-2.5684964778188575
0.006340351023750847,0.013607626034591928,0.005651868582853946,0.005735275080555056,-0.18384462223258216,3.644851170246368,0.5255503341371681,-2.5905970252517343
0.006290982770961676,0.013593209567260829,0.005567777453544097,0.005750004800510833,-0.19192467508263708,3.585592844915824,0.5565496528008747,-2.5572742116781395
0.006313780648052575,0.013603474381926398,0.00560590180331226,0.005737041418406523,-0.18779774290624432,3.6099685986128125,0.5378013417689959,-2.5714860015663237
0.007582873293193325,0.014518905180257904,0.007116791284112307,0.003806475906714872,0.09745997470860597,3.6246018068714645,-1.3235838734206575,-2.449915956559121
0.007560335903614746,0.014513927884910427,0.007088846827985817,0.003831098399995445,0.09281261769037137,3.6231158831175683,-1.2956723869344555,-2.455078299388617
0.007542932039468327,0.014503164867845895,0.00707554161140695,0.0038604093010335297,0.08988826030898778,3.634781459847589,-1.2722337819401643,-2.466070651514627
0.007531728264785627,0.01449194020296663,0.007072028321538007,0.003885792737925465,0.08844317430117389,3.650362445271366,-1.2557215344138768,-2.4775867964209826
0.007516559657860253,0.0144885296538046,0.007052872907924185,0.003902044671290249,0.08526054370192539,3.6487004921482504,-1.236924075291152,-2.4805365707744422
0.007400708555399424,0.014426513018758254,0.006944227024581725,0.004077596758406341,0.06350035325269514,3.6950961662078767,-1.0809138261295743,-2.5340084478256517
0.007419719870296417,0.014432264601807944,0.006967752881121367,0.004056201085588835,0.06763472872631876,3.696835690477223,-1.1048239814280538,-2.5306428312296143
0.007432688530332126,0.014446056032966404,0.0069724559556744595,0.004025995007235816,0.0694365877367059,3.6793972144180036,-1.1252337583804686,-2.517935887153541
0.007486228525503522,0.01446762600208662,0.0070309016342808344,0.00395585225878596,0.0801039978948791,3.6712492105872827,-1.1947203351033162,-2.500604115320494
0.007500134821070318,0.014480148830995564,0.007037599055216199,0.00392669225639665,0.08215537040505337,3.6555120954424054,-1.2151076245159222,-2.4884318206978975
0.007451303085905542,0.014459770732461505,0.0069857978983064025,0.0039921111331971786,0.07277209977326606,3.665304073355649,-1.1517467156966286,-2.505722685201819
0.0074679615422375435,0.014470934468348235,0.006998728630878569,0.003963411052800865,0.07563598582309523,3.65437296624471,-1.1749030726335834,-2.4956536402927125
0.00738304620462779,0.014440968105042268,0.006900376031838033,0.004066072834309963,0.05843036272032804,3.6568234680664466,-1.0675481691217659,-2.516530926986077
0.007617822694097525,0.01456265200921787,0.007114271038711356,0.003714029150984196,0.10065180419418641,3.5567573581661054,-1.3748551578343162,-2.4028921830366685
0.0075921789933383575,0.01454556803335735,0.007097618310106023,0.0037593353120626873,0.09688910938926432,3.5779615941019793,-1.3411336641786917,-2.4215718996989595
0.007949276900367425,0.01474299203041263,0.007331101896063644,0.0031690233835047666,0.14596511335012727,3.294058235479159,-1.773886542714431,-2.156752678935273
0.007977939500982714,0.01475533395207171,0.007350245607252255,0.003124737237742995,0.14957657655715104,3.2723236667965607,-1.8058429805265848,-2.1351059476988308
0.00798335122017495,0.014788865137427483,0.007308534601732722,0.003076709930456519,0.14540887903232666,3.210450552765582,-1.8067470166841957,-2.099839347132083
0.007925773343475967,0.0147598717102989,0.007276547010953325,0.0031699984924574024,0.13898508560298156,3.2613195352053297,-1.7443015258199623,-2.14699356816822
0.007891448169529486,0.014723883150988623,0.007282497315206798,0.003249876178080048,0.1374762283549448,3.3248143058652277,-1.7077301662300821,-2.1929350589685765
0.007899409721019724,0.014754560752191523,0.0072498432125572875,0.00320206380972039,0.13451168116167248,3.268966591749096,-1.7144253958324482,-2.159853017415044
0.007859252194814433,0.014713568986754584,0.007254079482970898,0.003293813576321559,0.13266192419291756,3.3399143085617875,-1.6706631488698458,-2.211630583198407
0.007823121069961223,0.014710045348010816,0.007210448796080634,0.003331697682192891,0.1258977545486031,3.340811624193613,-1.6286620481613157,-2.2235215124255814
0.007791460027323409,0.014712556315525004,0.007164366064499318,0.0033566727399473666,0.11934029408663523,3.330575702744904,-1.5920374718011951,-2.2275764970350953
0.007767464153189188,0.014708830800371157,0.007136873679197632,0.003382776234822354,0.11496634487223804,3.332470661062458,-1.5644707782303378,-2.23580144912907
0.007752036119127084,0.014690295328385089,0.007140404522314562,0.003421422049371217,0.11416041786724702,3.36273691431062,-1.5462671902838778,-2.2571367744598985
0.007739234146511183,0.014663637458669424,0.007157986678157002,0.003469252837419583,0.11487075787469815,3.4084807269802027,-1.5300472410726522,-2.286309188402852
0.007707836867565945,0.014656765316022715,0.00712317994815282,0.003505484985430071,0.10909506331574981,3.412626218058122,-1.493200466124752,-2.2977217448030527
0.0076239740722105894,0.014596113206417214,0.007081193060505128,0.0036602106128080267,0.09842600022837258,3.4965067443161852,-1.3883230824742216,-2.3677602264865105
0.007648488368254803,0.014620464404416254,0.0070857810186780446,0.003605593346988002,0.100765206404285,3.460599964911587,-1.4204383466407402,-2.3410982547836365
0.007672767416935916,0.014644520876018802,0.007089654440803347,0.003551720082599189,0.10321386197034367,3.424507060807753,-1.4516029552950502,-2.314241027476452
0.007179508089166708,0.014285817539738288,0.0067313428678961295,0.004429995301609505,0.018988933123492164,3.776157117465751,-0.7649904948453486,-2.623159453515895
0.007362800303532718,0.014424851441239216,0.006886202117803207,0.004104037656985317,0.05496926447084043,3.67260013732633,-1.0380612439342836,-2.5297821532588265
0.007337425947959989,0.014412130597711527,0.006859791641362037,0.0041395672385416684,0.04992724144387205,3.6780726095867307,-1.0044150103265712,-2.538220628829357
0.0073132964051338505,0.01440663113800692,0.006827329307722424,0.0041625308350405725,0.044663901558849174,3.670800942188729,-0.9756456512422819,-2.5391046796535583
0.007293915955188622,0.01436573939371972,0.006839130370564018,0.0042391815633025425,0.04244057335874146,3.729499491782335,-0.9334153283697993,-2.575932182717
0.00730115341212057,0.014388299202356736,0.006827213439697009,0.004198770155963813,0.04284453268254378,3.6945976599449106,-0.9532922010304076,-2.554914217149196
0.00727187745263496,0.014352112687271053,0.006817478896747628,0.004273553975140575,0.03787768156468568,3.7367485913669363,-0.9023141966519168,-2.58432015372162
0.0072464734259552605,0.014333817891378773,0.0067946499198479615,0.004317076074380487,0.03291448953716947,3.7489197741049805,-0.8648060375167094,-2.595949265504617
0.007220801548971925,0.014314919382794345,0.006771361768974913,0.004361439431237769,0.027680319125399137,3.7609981218568005,-0.8264171689464642,-2.6074220118710216
0.0071988333383575355,0.014300762418749419,0.006748979247027015,0.004395824027590352,0.0230277322190806,3.7670263016029932,-0.794651847368277,-2.6147059576882437
0.007096548712332628,0.014210865283874219,0.00666095062060447,0.004592989122915544,0.0012220987427737637,3.827127774417677,-0.6281643721439635,-2.664674440315736
0.007080728594260828,0.014205391540486912,0.006638862192328678,0.00460872644917515,-0.002601044027808733,3.8205810450304236,-0.6086192997533839,-2.663400287637278
0.0070588396040241405,0.0142082188589201,0.006599251786391329,0.00461254489521976,-0.007468933915287953,3.7936651879257464,-0.5899471045799923,-2.651739875632432
0.007101060938747542,0.014229801177159938,0.006651726848428627,0.004559038283490565,0.0018869494982897137,3.799301776982388,-0.6470161062658867,-2.648664004008092
0.007113354151397977,0.014242860953862577,0.006660707082672135,0.0045318283221609905,0.004654371239348491,3.7889817664024443,-0.6686736468973898,-2.6410697384716073
0.007155735249499598,0.014277660154126272,0.006699545308612908,0.004454751809310886,0.013730287454899945,3.7689094098742975,-0.7354177733169349,-2.623148146550381
0.007133150485171792,0.014268729302410929,0.006670246603792202,0.004479887317285858,0.008595439344824306,3.763494498080789,-0.7066925493013659,-2.6238325316041817
0.007115095953584356,0.01425895552855585,0.006649062201888903,0.004504120439862049,0.004692658600231142,3.7633005750343456,-0.6820649343435087,-2.626556665896283
0.007031880141804105,0.014227575507760128,0.006537387370446858,0.0045902484143967555,-0.013731883912493276,3.735376045131844,-0.5797902972860206,-2.623158996457977
0.0067908712006872875,0.014005639218103407,0.006287231043196434,0.005037726879623634,-0.07055526724854767,3.805345197682299,-0.17903631161623804,-2.685366315874008
0.0068094734775481485,0.01402522107623468,0.0063073048830703925,0.005000086234555453,-0.06592316160503951,3.8001485313113212,-0.2128014515097814,-2.681467003720528
0.006809907820726366,0.01405922149232081,0.006285907421438399,0.004940976729086274,-0.06430570286793062,3.7521216755835183,-0.24670730624876236,-2.655605843124557
0.007012196059369061,0.014189475456739388,0.006535957789583519,0.004661631507902177,-0.018070743672984387,3.776890747942493,-0.5317161990919194,-2.648768802728864
0.007014816457550045,0.014212285808433487,0.006521540849359982,0.004622182554251282,-0.01745481861050565,3.74302655956891,-0.5523539040926142,-2.6296615422814744
0.006989178316627382,0.01418078051796994,0.006503993566253366,0.004684368605612477,-0.023298667005359288,3.7670134411960574,-0.5038544413173954,-2.646223285844094
0.006966026308231763,0.014167761644549918,0.006475050937994098,0.0047141209277022445,-0.028486262764644336,3.763297136538602,-0.4725426266128587,-2.646949757879145
0.0069403396958699235,0.014148346972654085,0.006446392342518285,0.004755186645511841,-0.03425136668307566,3.766153803790218,-0.43372450502567356,-2.6514315852620762
0.006909827123024109,0.014128180360725598,0.006409458083960156,0.004798489571903289,-0.0411512309032351,3.763882078878399,-0.3902580479946392,-2.6533897002655116
0.006880330525689313,0.014112196893842298,0.0063706020447969755,0.004833752714699927,-0.04787661852418857,3.755299049531518,-0.35168965159731114,-2.651526229913406
0.006856095897989106,0.014088797621836536,0.0063455054907146655,0.004879899646525702,-0.05361588114177364,3.76260071849038,-0.3106852403580671,-2.6576647842192465
0.006829869636844382,0.014074566313933425,0.006310103838010612,0.0049103425687243496,-0.05965534846017161,3.753278197521952,-0.2768012854537148,-2.654715713634498
0.006669709167028865,0.013946155486532831,0.006109747717306823,0.005157567118654089,-0.09794912184083726,3.734063013124397,-0.03369015982859027,-2.652851812037158
0.006645013729537952,0.013934868959630739,0.006072615671374511,0.005179235351387896,-0.1033153640561897,3.7170121620995737,-0.006224429233124243,-2.644460335698287
0.006767953244686587,0.01399748733496084,0.00625212032742429,0.005055785933110843,-0.07577665786527864,3.7884969006065257,-0.15401471698335678,-2.677726388888222
0.006726434651146199,0.013980312389945312,0.0061897584623248165,0.005091765400725878,-0.08497430908758315,3.7605100567759036,-0.10714296772633825,-2.664874683746102
0.006737939348161159,0.014002641955244938,0.006196709564232059,0.005051331314948892,-0.08150224634100799,3.744636470884029,-0.1381720371469054,-2.6559544755697524
0.006700062062045215,0.013979973254702072,0.006144068889369998,0.005095616657918442,-0.09006511150398784,3.7282307847322897,-0.08919874108081287,-2.6488644571921403
0.0066732115314344495,0.013976038583564998,0.006099786029237081,0.005105385152307543,-0.09528110593794244,3.700198872240779,-0.06770431126729586,-2.6349788323595758
0.006268912486464488,0.013553862111825766,0.005534889819155294,0.005813436307136318,-0.19933397790939564,3.5843074469290968,0.612869489710362,-2.551981148917616
0.006223273181163998,0.013525015346380606,0.005458578063559212,0.005851505731754213,-0.20795423731659946,3.5394311020878138,0.6588077319660326,-2.524116667739292
0.006245967993083748,0.013540363471253293,0.00549645644017016,0.005831041532959874,-0.2037906961782431,3.56119374015347,0.634878201525973,-2.537845415721108
-0.005329841368679031,0.012037237971618023,-0.003270388455185337,0.007500564880614006,-0.32754004028762157,2.182030610561261,-2.1379357262396685,-1.3669199695058152
-0.005306733152894441,0.01202123851726695,-0.0032260467877305546,0.007495540194703985,-0.32364135398552446,2.1511008779006002,-2.1327359412165325,-1.347061845300147
-0.005314112551072768,0.012033474051343786,-0.003247856890620639,0.007488829181528453,-0.32502277481214886,2.1665565110774136,-2.128003224408067,-1.3596683135576675
-0.005331445853997628,0.0120549534790088,-0.0032912903487316634,0.007481261199676491,-0.3281387883462836,2.197271345568765,-2.1231182621148883,-1.382983537632013
-0.005332359902884941,0.012073480356195309,-0.0033120192570126592,0.007460150002892464,-0.32859544625527365,2.212352609451168,-2.106833141573462,-1.3993764389531431
-0.005335648634666818,0.012090806105973637,-0.003334112213162738,0.0074427360714148525,-0.3292502642172101,2.2282476935048687,-2.0934796401248836,-1.4152002923709703
-0.005340825552773516,0.012106906113011193,-0.0033570468903696923,0.0074285446211694054,-0.33017636383916177,2.2446550851964173,-2.0826692626552377,-1.4304066468191527
-0.0053784716380514035,0.012181577711061374,-0.003478841351058712,0.0073741213153971225,-0.33541755495620285,2.3314655477105934,-2.0413976812871293,-1.5043318287199474
-0.005369859010050955,0.012166477835973915,-0.0034530992016336276,0.007384449100682374,-0.33437902993141816,2.313124723176022,-2.0492507097130876,-1.4891311280316086
-0.005365452022599473,0.012147573249459052,-0.003428664360436731,0.007403485516294816,-0.33382519664775984,2.295648857185998,-2.064070443724996,-1.4720418557829307
-0.005345651414076428,0.012123003125322128,-0.0033794292211864647,0.00741385119076659,-0.33096208034410607,2.2606765360964123,-2.071398229491337,-1.4454413998798215
-0.005350003015317676,0.012138927776165261,-0.0034009306628216803,0.007398747345436639,-0.33161312219097583,2.276041619833171,-2.059757607145892,-1.4600900047753727
-0.005386676023482112,0.012210392913898811,-0.003517384719665028,0.007345903773890492,-0.3361565845240673,2.35893283720546,-2.0192467419995506,-1.5305070937363665
-0.00536872139635989,0.012198605400832542,-0.003483338214538702,0.007343250690016235,-0.3338672092868073,2.3346722822025856,-2.0166611315734886,-1.5149500890824925
-0.00538831369417818,0.012231714451218227,-0.003539967253540202,0.007320451608878425,-0.3360344925657838,2.374910292460383,-1.999025383570458,-1.5480877569253322
-0.005415446999597659,0.012265970785140018,-0.003607174167114134,0.007302592110797572,-0.33876846757705575,2.4228455017198502,-1.9853464870497672,-1.5847852755662375
-0.005396360994705196,0.012254586519611426,-0.0035718998138149767,0.007298972303967493,-0.33649948787483813,2.3974897725833766,-1.9820492981783455,-1.5689111548948245
-0.005264268625953351,0.01187127229873796,-0.0030094294212498346,0.007619694995685915,-0.3103251971200755,1.9953352741726353,-2.2234797881105908,-1.201240482023749
-0.005257774362242106,0.011853978521374426,-0.002982121814882341,0.007631433474840798,-0.3082620883825666,1.97588034679777,-2.231654163832767,-1.1838617387814552
-0.00526221810311465,0.011919241820257172,-0.0030624596027802272,0.007565013123613203,-0.3128482699515047,2.0346646802108848,-2.1825541510242936,-1.2454570107152436
-0.005257169041421382,0.011901270550613505,-0.003036409335576308,0.00757947871254176,-0.3110661396485233,2.015984125231195,-2.1930195490185866,-1.2279661358048009
-0.005253225916959878,0.011885609339399536,-0.0030140936539606723,0.007592407734805405,-0.30955663676841255,1.999982179094145,-2.202363239001039,-1.212772741216222
-0.005264366928911875,0.011940794289770781,-0.003089163302763717,0.007543345587687686,-0.31422914581837696,2.0541209857430953,-2.166419469728378,-1.265560027125252
-0.0052660507060681835,0.011963885342278487,-0.0031167694098617293,0.007519252458586778,-0.3155841338238124,2.074195666415537,-2.1483690316689805,-1.2866995547208637
-0.005270833919861032,0.011985077495930068,-0.0031454815377483544,0.007500245793573604,-0.31712837245970266,2.094790202850484,-2.134254270230709,-1.3066193228794607
-0.0052862769866470405,0.012021661718580351,-0.0032028013462130967,0.007474150128445329,-0.3206091828199468,2.1354891633547495,-2.115234186105471,-1.3424355750904322
-0.005277875857534497,0.012004344038117783,-0.0031744707503117164,0.00748549816536899,-0.31884580065474916,2.1154148208146384,-2.123433934836026,-1.3252429543100546
-0.005236297685205757,0.011845413275417766,-0.0029490902115855092,0.007617687759129112,-0.30428029384404187,1.9538675808007644,-2.2198023340945436,-1.172369126464169
-0.0052200729390129395,0.011833787061761561,-0.002918268660088845,0.007612772642396173,-0.30107354149084314,1.932940815978263,-2.2149514432523274,-1.158886970435928
-0.005173449827413425,0.01169988729188104,-0.0027092860625243615,0.007698691342289003,-0.28186878965985945,1.7852377657861054,-2.2731520511093795,-1.0253933341564123
-0.005137757885759664,0.011682875484902362,-0.0026537428323475,0.00767669045734526,-0.2749299940390233,1.7489686651455263,-2.2544317442940542,-1.0054750360269367
-0.005151523806026528,0.011699101328238742,-0.002686981179773722,0.007675819065474597,-0.2786808085368388,1.7715560470613017,-2.254953131389118,-1.02241509306398
-0.005181264489160586,0.011724573809779665,-0.002747405392422821,0.007682857109425719,-0.2856281132932632,1.8121508221873088,-2.262546116813805,-1.0500428891206586
-0.00518232393972235,0.01174751853258505,-0.0027764599582102254,0.007661141888559257,-0.28799295295312044,1.8332525395560286,-2.247043200696746,-1.0721384125622786
-0.005174904185268949,0.011762277945033995,-0.002786825786361667,0.007638405530676641,-0.28838823928604956,1.8417359478648727,-2.2300169449816885,-1.0852923781664596
-0.0051815285620000606,0.01178161146235245,-0.0028166499125532704,0.007625894243571406,-0.2910288462326089,1.8627890584666382,-2.2214905541609373,-1.1043988933967694
-0.005189844122346785,0.011806078565262388,-0.0028541665840776612,0.007609655043690801,-0.29433251726527015,1.889314627692343,-2.2103150622356567,-1.128505778024737
-0.005199580245320799,0.01183064183765472,-0.0028931023387598134,0.007594437605991073,-0.29762542615821636,1.9167504392529378,-2.1998950281039598,-1.1528346379636407
-0.006088743406918811,0.013184996896114331,-0.005206697413903696,0.006394287068943555,-0.2680131599518945,3.5155510161397707,-1.1414313230134967,-2.4484518222129448
-0.006078448795084596,0.01317245714919138,-0.005186084382404974,0.006410979792854681,-0.27051703170138547,3.503498368069186,-1.1583329882703899,-2.439080441110466
-0.006060990632275579,0.013175939724140133,-0.005156194759382976,0.0063956605322218,-0.27071261811757324,3.4751368212251097,-1.1494817660924899,-2.425150353718515
-0.006025778484268714,0.013152203479087982,-0.00508982877079281,0.006418050794752391,-0.27602495168139457,3.427938339484545,-1.1771841078110745,-2.394589159491561
-0.0060338740972964875,0.01316585737952094,-0.005106916437113571,0.006398807174458217,-0.2736443007880101,3.436452627887825,-1.15894651494664,-2.4024041317398237
-0.0060431730514615345,0.013179076432806447,-0.005125846455285995,0.006380839159436898,-0.27121698196800265,3.44670146287038,-1.1414810474314423,-2.4109752150906085
-0.0062166635388583346,0.013356072237022405,-0.0054529436875536685,0.006147608579449751,-0.23193160502083812,3.6389367049489842,-0.8962875309271344,-2.550426999228435
-0.006205890365574573,0.013344381671984354,-0.005433269989874027,0.006164357054907748,-0.23469228921626087,3.6286083855187576,-0.9136449066813009,-2.542736061068604
-0.006196019499106627,0.013332003144965309,-0.005415069922470174,0.006182568666532959,-0.23744807354670702,3.619889047622309,-0.9319040587396729,-2.535717272384565
-0.006185454159900233,0.013320309000066118,-0.005395535612268289,0.006199142317162482,-0.24012409011340227,3.6094707301049063,-0.9490250541698977,-2.5278911938587165
-0.006174238932650932,0.013309161277333168,-0.005374768955595785,0.006214328245210039,-0.2427457349577878,3.5975585880846856,-0.9651486544301094,-2.5193506757131128
-0.00611966467957279,0.01322081420634192,-0.005267618262084664,0.006346557398940275,-0.2605192254505854,3.5513204403794103,-1.092504899779282,-2.4756978264212357
-0.006109511998078849,0.01320906843104234,-0.005247721791384507,0.006362342373849376,-0.26301792847186695,3.5397489617908815,-1.108699490113972,-2.466881280690252
-0.006099181481081579,0.013197164834558073,-0.005227381373382224,0.006378179708174052,-0.2654994319886535,3.527775842149469,-1.1249562583441541,-2.4577818200305988
-0.0061632754727869,0.013297592079679574,-0.00535432414767665,0.006230231507663776,-0.24540822447879626,3.586085037103659,-0.9817514822168271,-2.510919963074094
-0.006152638566196293,0.013285547593573414,-0.005334313883283926,0.006246983522397768,-0.24807626007395048,3.5751716868339627,-0.9989345882974857,-2.5026461259532016
-0.006113501182973654,0.013236045924244688,-0.005258983942313416,0.006316573222131063,-0.25846367797321457,3.535441636226692,-1.0686412567243704,-2.470907569081502
-0.006122649092153612,0.01324822968380269,-0.005276850338950208,0.006299404390055102,-0.2559786639677663,3.5447717258849383,-1.0516081325121058,-2.478549243189514
-0.006132298176122981,0.013260760742656428,-0.005295525510410842,0.006281737736478191,-0.2533772051569408,3.5545309592172245,-1.0340059664225754,-2.486448849374925
-0.006142338320674064,0.0132732296442777,-0.0053147588901800566,0.006264234272793614,-0.2507358423257973,3.564717066194991,-1.0164126183573627,-2.494514617550115
-0.006246788345924466,0.013392880465434598,-0.0055072867279383495,0.0060926314685190155,-0.22347934867447436,3.664104108221894,-0.8409399619048082,-2.570483719302062
-0.006236478553613352,0.013380402325845893,-0.005488823163274974,0.00611135603707372,-0.22637924532263734,3.655652930266227,-0.8598061722195042,-2.563776463619092
-0.006226828441712479,0.01336789419366545,-0.005471408589253614,0.006130257279030548,-0.22920163186444276,3.648026928201389,-0.8785970959032116,-2.5574486641538776
-0.006257648484794037,0.013405283602344673,-0.00552660573072119,0.006074107372256439,-0.2205050110953287,3.6732366556812948,-0.8220350857928799,-2.57748870241334
-0.006280861718320478,0.013429105270886489,-0.005567587893613279,0.006038920393080692,-0.21448155244143227,3.693821632976108,-0.7851543703819104,-2.592411884312803
-0.006268952238315799,0.013417735658241906,-0.005546587196640539,0.006055508382886823,-0.2174852217727867,3.682797135224639,-0.802897127101507,-2.5846791010807357
-0.005871170663296249,0.0129511309516594,-0.0047623735229829186,0.006664078458314959,-0.30846242309751193,3.2251741444644284,-1.4184015863961796,-2.2340757887643563
-0.005846245446244889,0.012935054605802238,-0.004714500490905284,0.006673671272362298,-0.3105725568179434,3.1894554334629484,-1.430644645927033,-2.21094053643492
-0.005853243345232424,0.012951902205879794,-0.004733183577112427,0.006650786728369562,-0.3083041467585839,3.1995927610156425,-1.4099860065150491,-2.221235506061601
-0.005880623711230497,0.012967126903751841,-0.004784624062001073,0.006643912920933177,-0.30623466362843704,3.238611032742245,-1.3995456140683278,-2.245778342230286
-0.005884099473603524,0.012987429496829003,-0.004798453487909041,0.006612539358802293,-0.3034443425214375,3.2429838487925644,-1.3721522678666298,-2.254012589413802
-0.005890644725656507,0.013003480371042625,-0.004815443635413458,0.006590127228004282,-0.30113491116087415,3.251582833936247,-1.3518683691754496,-2.2630810866637465
-0.005898751924209303,0.013017967560750451,-0.004834261644321664,0.006571189001497426,-0.29901884304508736,3.262269107990004,-1.3342630222071372,-2.2727157738808956
-0.005907775041875822,0.013030846885956697,-0.004853888372282081,0.0065553734589604085,-0.29709522625208845,3.2742016910748206,-1.3191287991713117,-2.282497906335738
-0.00591615106072943,0.013043530547616644,-0.004872254783036653,0.0065393594030620636,-0.2951914335120647,3.2850645157559266,-1.3039018769923414,-2.291640419088328
-0.005924081988880792,0.013057313132714505,-0.004890124913909634,0.006521119710444862,-0.29310115254535946,3.2949723926452097,-1.2868677880483441,-2.300545079043248
-0.005993914409414924,0.013118095347422788,-0.005026503283846891,0.006459041900170076,-0.2823707612563497,3.387997297953349,-1.2193770681578127,-2.3650821161573323
-0.006004961690568786,0.013132773011262897,-0.005049258088214908,0.006440071815155981,-0.2797901795885777,3.4012823782779096,-1.2007587120301764,-2.37577149031647
-0.006008800464194344,0.013152671891635414,-0.005060711884618163,0.006408026966958041,-0.2767809207848788,3.4020605571206386,-1.1728177998937175,-2.3811128650443742
-0.0059755198223661815,0.0131206846114158,-0.004995815446143717,0.006444231558964053,-0.2826686824003612,3.359867196124179,-1.2110226663129566,-2.3510016208881113
-0.005966135187275651,0.013107132779707684,-0.004976164311898741,0.006461902967511604,-0.28494798039356684,3.3487322350860924,-1.228018677642517,-2.3417153645724866
-0.005957116229390921,0.013092352459374453,-0.0049566391492586286,0.0064817284379511736,-0.287346192973513,3.338148148698204,-1.2467371110876728,-2.332353787648678
-0.005949924415305081,0.013076092403201442,-0.004939580800152075,0.0065049963909075414,-0.28989104826752166,3.330246316739647,-1.2679834032762314,-2.323941378528964
-0.005930876312499294,0.013074804948272848,-0.00490711054169306,0.006495865275181876,-0.29043746389784975,3.3024801684247085,-1.2640826308973974,-2.309135654334716
-0.005749284886552719,0.012766157757790742,-0.004472828306835118,0.00687460893432589,-0.32980637257902123,3.035125758812961,-1.6153055279781334,-2.0774724842790735
-0.005755189670803056,0.012782276746304565,-0.00449137399657746,0.006853717114813694,-0.32810594773232765,3.04645166721733,-1.5967755783652664,-2.0888100759356214
-0.005755707972835755,0.01280269011861226,-0.004503568307159333,0.006821842538753811,-0.32562465845556066,3.051063261116574,-1.5694844168750102,-2.098230759841771
-0.005761389883734372,0.012819091777883864,-0.004521448896869396,0.006800129712184261,-0.32378897728554673,3.0615015526268334,-1.5502860125380928,-2.109031960857393
-0.005768848652096165,0.01283442381613347,-0.004541392036497623,0.006781304587997999,-0.32211119711725583,3.0738950408127788,-1.5333318213696787,-2.1203725294464335
-0.00577723341161047,0.012848752679347186,-0.004562137802734716,0.006764612612186859,-0.3205564182197315,3.0871881231898537,-1.5180536944447764,-2.1317790260895984
-0.005784519436416953,0.012863629796046832,-0.004581269216144172,0.006746112471746853,-0.3188666437280512,3.0988863721387268,-1.5013296237889142,-2.142526474376819
-0.005806839002770683,0.012884921307225648,-0.004627522185270346,0.0067278136931538364,-0.3166583232960336,3.1316197685024387,-1.4827305349236921,-2.165884624978869
-0.005789439509954127,0.01288062723315668,-0.004597484611612502,0.006722411605389522,-0.316781996272707,3.1073862951872733,-1.4804643215992244,-2.1522877199445816
-0.005825161114399869,0.012909508812528593,-0.0046687067805140925,0.006700845554799059,-0.31374050056855435,3.1588270811887043,-1.4570694124181987,-2.187449465271326
-0.005808424643725625,0.012903662458718865,-0.0046389191853682685,0.0066986894698948885,-0.3141816027696884,3.1352497767487133,-1.4576337716085155,-2.1736625250339654
-0.00582907199733869,0.012931464194677672,-0.004684917370792518,0.0066678564005262396,-0.3108061444575175,3.165266925467055,-1.428295227899526,-2.197523961453164
-0.005494704457038883,0.012412184183157232,-0.0038430242177135113,0.007181587608465218,-0.34202681311933375,2.5900565267071727,-1.8874048763201514,-1.7258686641805057
-0.005486088410376424,0.012398468197486828,-0.003819618166665016,0.007192502782034868,-0.3418250938681368,2.573451630453914,-1.896416132112283,-1.7123361760402365
-0.00547883393101466,0.012384175389401439,-0.0037975117851770765,0.007205313542252731,-0.341796619979819,2.557867101360476,-1.9069382812948639,-1.6989423237435803
-0.005450047964971792,0.012300578840648906,-0.0036845644969846106,0.007290422169587148,-0.34218543044436084,2.4784189843519937,-1.9761222909989737,-1.6247476767766067
-0.005471524638966406,0.012370232699387263,-0.0037755522754289376,0.007217460120032265,-0.3416402905103322,2.5423299878635413,-1.9168920638949614,-1.6857032893873554
-0.005463335760142081,0.012355495350497752,-0.00375163356754884,0.007229719603080561,-0.3414098577050519,2.5253830099710872,-1.926889542380285,-1.6714758875498352
-0.005456304999422274,0.012338546290277705,-0.0037272196477686997,0.007245862359577007,-0.3413438408931097,2.5081891738057642,-1.9400045292857442,-1.6560308123962593
-0.0054516367805833065,0.012320041538580233,-0.0037044004590859373,0.007266123921146604,-0.34159800733618084,2.492225119442748,-1.9564306747532136,-1.6402534107739422
-0.005485815909453982,0.012428703189026434,-0.003844576445189257,0.007150828606286325,-0.3400118342124823,2.5897249639261273,-1.8622949234863955,-1.7333426392973446
-0.0055028178010529515,0.012439042654611331,-0.0038765367103889164,0.007151882807158879,-0.34125706788069005,2.6131218037557233,-1.8628794616282305,-1.7482338041424084
-0.005432256605864017,0.012295542536696319,-0.003656497884796752,0.007280090076876299,-0.33999078518838116,2.45792490360819,-1.9674855476835311,-1.6139922155667048
-0.0054174826782565095,0.012283447145934042,-0.003626057412477765,0.007281847282374276,-0.3385173291231071,2.4360692389338015,-1.9687133543480642,-1.5990676484222983
-0.005720494211986564,0.01272588931016607,-0.00440374913250323,0.0069150678093005844,-0.3332497461764346,2.9873527564503353,-1.6527547236392885,-2.039449272070172
-0.005730807303425836,0.012737758598292149,-0.004427043470722478,0.006904726490725188,-0.3323241786845682,3.0039042502292563,-1.642950192475178,-2.051871807007252
-0.005735239686416372,0.012755484213067004,-0.004444525651783855,0.006880465148285256,-0.3305004808506506,3.014070879810454,-1.6217282673138063,-2.0633332874925814
-0.005699942191408043,0.012726495034596367,-0.004372286482523528,0.006897852558633409,-0.3319732059729865,2.9609282914512356,-1.6398772876351806,-2.0268964564241068
-0.005651016975734321,0.012662918210494978,-0.004257272745403604,0.006955498132121381,-0.33581015322680163,2.8804225658677076,-1.6926145630326987,-1.9642920316064172
-0.0056765609805058135,0.012725511907423,-0.004335801887067985,0.0068809769721149576,-0.3306662129719309,2.930928198114288,-1.6275879128615018,-2.011978433653671
-0.005656830125792806,0.012685419916841384,-0.004280700558481242,0.006926246062038079,-0.333808971854759,2.894775900645857,-1.6674589725155382,-1.9797123563818386
-0.005666230482203989,0.012706108731701048,-0.004308067920756578,0.006902392385517272,-0.332234458265323,2.9126048564970657,-1.6465643128529386,-1.996002636337266
-0.005524370621278117,0.012465999871276855,-0.003928476848288263,0.007133655447572456,-0.34185307606667864,2.650233792105501,-1.8474612100944034,-1.7766640406120655
-0.005551028164127669,0.012481852130526905,-0.003978791180416843,0.007135108651991876,-0.34353402427063,2.6874859840953675,-1.8480985811009212,-1.8001933041903675
-0.005534974101571239,0.012479416954044906,-0.003954121437550021,0.0071242362077118355,-0.34193410343660424,2.6685603509321543,-1.8394320914388345,-1.790738803099628
-0.0055033300280260145,0.012459182687935676,-0.0038936190962484056,0.007124407352341857,-0.34001385854454785,2.6241155047471842,-1.8402496690020855,-1.762106946086428
-0.005554238849155667,0.012500458621833552,-0.003998032170332802,0.007111473470439874,-0.3424070374079546,2.7002157028454854,-1.8283135589283008,-1.8141303831338365
-0.0056110370723795894,0.012603668635834297,-0.004157198254862588,0.007010714884078587,-0.33859957355722287,2.8107049867812886,-1.7416324137547956,-1.908070092473703
-0.005621027725557403,0.012636416936033573,-0.00419465617106261,0.006970547011065501,-0.33625916657819266,2.8348245001014774,-1.7072576304609572,-1.9323907073244315
-0.005614171879521042,0.012617710843208632,-0.004171650203892999,0.006992592886987001,-0.33753807682809467,2.8197906785361955,-1.7262101476638378,-1.917947057121381
-0.005600593994144848,0.012593800835095337,-0.004134837964362211,0.007016440312641793,-0.3386261912893082,2.7944935705061,-1.7469807731822726,-1.8965369705492285
-0.005589079798472143,0.01258012096482592,-0.004108179380882857,0.007026719690750923,-0.33894414186427774,2.775520624009198,-1.7561603642177015,-1.882171946518003
-0.005558422946043139,0.012522000454945554,-0.004020660714206093,0.007084361433960269,-0.3410964325127837,2.715077122074796,-1.8055860902911245,-1.8301720664369052
-0.005577584449356902,0.012563371503386506,-0.004079273867535819,0.007041293901341165,-0.3392844209291932,2.7552040339029564,-1.7688894488859221,-1.865904591012436
-0.005565600393901031,0.01254352057633025,-0.004047244005780367,0.0070596875452711245,-0.34006364615709567,2.7329174990240794,-1.7847438508856242,-1.847419761140663
-0.005628103456741845,0.012658479750618042,-0.004219983268726024,0.006943491711798256,-0.3345112402326929,2.8509898227033683,-1.684019586736005,-1.9485771626279897
-0.0070336397467119305,0.014042601982813716,-0.006693668312401132,0.00491169444853396,-0.014771470866042651,4.048754297543264,0.41843544259009935,-2.792956805075296
-0.00704838031874357,0.014035832164153966,-0.00672626770356879,0.004919286351122829,-0.007859975302759134,4.077147967569811,0.42998692193470694,-2.806638634194852
-0.007099327720783186,0.014072603630183415,-0.006787572678612564,0.00483434728179628,0.007155815976627802,4.073177492149033,0.5160119034281083,-2.797291947154635
-0.007097691146468687,0.014088698873585055,-0.006770281119518068,0.00480585429862588,0.0010225403097468657,4.0438408105300105,0.5247401862222699,-2.7821531474210173
-0.007086547594687288,0.014063470817168196,-0.006772352930012766,0.004855645376799853,0.0038929197989713885,4.074398446292,0.4945475773979058,-2.7998405131249604
-0.00708483788039569,0.014079588295963391,-0.006755092187888224,0.004827064814827746,-0.0022753781987876233,4.045145709671677,0.5034924024557258,-2.784614390006056
-0.007073796236880273,0.014054297909219788,-0.006757058879744242,0.004876905874944306,-3.1377092909658165E-5,4.075452145806862,0.47304052950597936,-2.802262477587137
-0.007071990278550562,0.01407042701080942,-0.006739806422957589,0.004848253283026984,-0.0054559850174509235,4.046270860502865,0.48221860819585166,-2.7869172681935166
-0.007061073770271073,0.014045084994930429,-0.006741694899786612,0.004898122633547412,-0.004157787297875721,4.0763673179829265,0.45150924611234794,-2.8045362185801483
-0.007059162849236439,0.014061202689960929,-0.006724458846614399,0.004869435388369815,-0.008509050622187547,4.047248859407134,0.4609375645376627,-2.7890734858862563
-0.007046376792745723,0.014051921624070434,-0.006709080148549629,0.004890593537059383,-0.011593890999795084,4.048084317626082,0.43967352317397496,-2.7910878410424593
-0.007134818653083626,0.014132202336213632,-0.006797993324083676,0.004713608209146945,0.012391200099738294,4.006397134265718,0.602884021213672,-2.756075607631964
-0.007121826661732202,0.014123249814105487,-0.006783054088754503,0.004734835327736547,0.009211905747342075,4.008250635108218,0.5819037422308561,-2.759055813796772
-0.00710887576443973,0.014114246040653188,-0.006768081869293543,0.004756028969641876,0.006021045110849697,4.009968607261907,0.5609190383943597,-2.7619052754595113
-0.00709595354374671,0.01410519562315702,-0.006753050120452777,0.00477718627364573,0.002834287687181393,4.011529003039612,0.5399243945720588,-2.764613530763284
-0.006993157242372212,0.01403079364390397,-0.006630070915146967,0.004945851513203086,-0.023401714061927422,4.018253495958484,0.3709384445068257,-2.781150236565093
-0.007005800916538337,0.014040311920505893,-0.006645427087015487,0.0049248321784,-0.020078090069748002,4.017755759739937,0.39204180858206256,-2.7794885707427066
-0.007018507049310536,0.014049745989260355,-0.006660811130790527,0.004903835067234495,-0.016776545981213458,4.017204133225505,0.41313286388504017,-2.777733287217138
-0.0068931766437994564,0.013953601946719253,-0.006504733446210138,0.0051115958063218635,-0.04956509381884674,4.015585344287543,0.20288101362250058,-2.788691432744636
-0.006905657159769788,0.013963398964632235,-0.006520782388052675,0.0050910077546696434,-0.04620396948853151,4.01662048554186,0.22392892054369992,-2.7883217318123674
-0.006918196128065081,0.013973112038258335,-0.006536848750047328,0.005070444122415511,-0.0428654509457999,4.017590836271296,0.24496261188116428,-2.78785739294242
-0.006930730855378548,0.013982756853671618,-0.006552808841656166,0.005049890272366194,-0.039584843292775417,4.018388909127797,0.2659523943795132,-2.7872457208834174
-0.006955692181058821,0.014001895776914956,-0.00658420133401372,0.005008742404605902,-0.03316753856830914,4.019268222524867,0.3077817155092935,-2.785479782457209
-0.006943237092610923,0.0139923342754979,-0.0065686190091916894,0.005029351313105748,-0.036358139542137145,4.018984407171171,0.2868811357450705,-2.786471880108191
-0.006977557099253818,0.01403805338657152,-0.006596332190172042,0.004937342520160633,-0.02752906666254179,3.9866913914135877,0.36369368985407396,-2.766262185045767
-0.006965114760243957,0.014028163125758235,-0.006581508968104062,0.004958672396445843,-0.03071094730196078,3.9876887731271524,0.34269580160485263,-2.7680669619565195
-0.00695288561653985,0.014018292621833095,-0.006566900536063083,0.004979805711473103,-0.03385870092347066,3.988647299631538,0.3219082541252119,-2.769773473652498
-0.006877732800482195,0.013960100631444858,-0.006472143951119648,0.0051029121222356385,-0.053466859613241664,3.984717372549318,0.19713642031571507,-2.773921279128736
-0.006850021081259786,0.013956705011575496,-0.006424087736178274,0.005114421301222438,-0.05987853305386249,3.9531236939436916,0.17166821108725341,-2.7593300571593997
-0.006837162348616046,0.013947388862407087,-0.006406839654150494,0.005133606546719524,-0.06320684442520073,3.9501786824781724,0.15147154715663455,-2.7585591300924697
-0.0068622385974851765,0.013966426818264821,-0.006439772000835584,0.005094501487742916,-0.05669580666873377,3.954346942797477,0.19188175507149374,-2.7591885590860348
-0.0071332296722290125,0.014148995189286584,-0.006779959717772204,0.004684676321388733,0.011034252407452138,3.974183246955301,0.6150318915420145,-2.7391711812803816
-0.00717251577712306,0.014175363251795902,-0.006824318127747348,0.004621330246430302,0.020435244435849768,3.9677416247982022,0.6771521119918339,-2.7293416614393853
-0.007159492007136549,0.014166624434541081,-0.006809760803811889,0.004642432156517793,0.017328595428793978,3.970143882326195,0.6565617308649653,-2.7327957473881095
-0.007146347936960943,0.014157856045198142,-0.006794871051817911,0.004663532479651281,0.014202506717528972,3.9722024302677617,0.6358193949850106,-2.736033156222628
-0.006303380724472062,0.013450084218648586,-0.005607036795041564,0.006008083376910198,-0.2088914612730788,3.7145157937009956,-0.751920424471371,-2.606751785316527
-0.006292200335281327,0.013439998292169207,-0.005587474074066932,0.006022862907516461,-0.21168510359563472,3.7041072248463176,-0.767995138515485,-2.599635369788474
-0.0063000353088169345,0.013464924144222143,-0.005599749007913432,0.005980164854430256,-0.20732949430084338,3.698248569112807,-0.7308623547916754,-2.6004721810476634
-0.006307244514848687,0.013476731202189056,-0.005611692231760471,0.005960969227866558,-0.20486576767142975,3.700702463762591,-0.7128440713710926,-2.6035648448787065
-0.006316529415295113,0.013489471800011421,-0.00562715294333746,0.00594061711780351,-0.20200202234107065,3.7054630835716353,-0.6931430798968171,-2.6079637312770427
-0.006327072585213878,0.013501845878392258,-0.005644776737096663,0.005921173056266417,-0.1990002481032829,3.712222817542941,-0.6736795218080597,-2.6133136993025095
-0.006474142919675129,0.013604815610524951,-0.005894176789062785,0.0057652395924796445,-0.16443858104934786,3.850673167669434,-0.4896489107362702,-2.6986475430366146
-0.0064629079121040775,0.013594125973292496,-0.005876130386502219,0.005783058182422558,-0.1675573289060762,3.8436233434421534,-0.508474891225069,-2.6938475703017404
-0.006451545388445915,0.013583383277745215,-0.005857741088611906,0.005800825056907182,-0.17067974058503907,3.8361956345475083,-0.5273133798553079,-2.6887969760177106
-0.0064801700412632675,0.013631849129741752,-0.005898022215129715,0.0057163984656681465,-0.16019269504411807,3.8324694185017916,-0.4496505567491553,-2.6919077296776357
-0.006469745747809127,0.013620564119788098,-0.005881947766663142,0.005735521112073896,-0.16321441429688685,3.8277750352683966,-0.4689468904802389,-2.6883719919441265
-0.006514645206933674,0.013664585011649513,-0.005951651845278453,0.0056608360128517,-0.15072490440906972,3.8512043676969125,-0.3916665950493232,-2.7045090406435732
-0.0065027926342822945,0.013654189520352319,-0.0059330868499934625,0.005678488011194238,-0.1538790444870567,3.8441005893911737,-0.4105229950848088,-2.699960997400194
-0.006491217247568823,0.01364322630490645,-0.00591507728859958,0.005697087427949382,-0.15706079231355297,3.837787466508981,-0.42993948418536393,-2.6957225446847235
-0.006338739665177663,0.013514018955843575,-0.0056643137782156966,0.005902266593830966,-0.19585598033080795,3.7206521390301552,-0.654187585388249,-2.6194668893297286
-0.006351619359452002,0.01352573444999581,-0.005685975238230486,0.005884352427123338,-0.1926614713728392,3.7310918189505533,-0.6349692105605774,-2.6265680215140255
-0.006364152053642887,0.013533414367712432,-0.0057075325325682425,0.0058735100958092964,-0.18985026626469442,3.7441687466868068,-0.6213467406912633,-2.634481136442751
-0.006371432938757919,0.013546469636391443,-0.005718590092050648,0.005851541490527513,-0.18729464185212888,3.744325941212739,-0.6012501440840975,-2.636239664579069
-0.006381853483454855,0.013560386487699543,-0.0057350273817615835,0.005828656430209244,-0.18397718038321906,3.7483124132214516,-0.5791924143884852,-2.640066475000106
-0.0064240934835520696,0.013578054601176648,-0.005808477817401034,0.005805330347648485,-0.17550126294479154,3.797970527111676,-0.542861846408803,-2.668256837436697
-0.006435792349231306,0.013588954897835029,-0.0058274820634963915,0.005787623797190426,-0.17230764528095185,3.8059239320513183,-0.5240930619520311,-2.6736494000994004
-0.0064093725214683945,0.013581592837687492,-0.005780844070307292,0.00579592784733822,-0.17728975490623763,3.7717565998929117,-0.5421867194711808,-2.654898658979875
-0.006394448541134801,0.013574894747914559,-0.005755093500052362,0.0058050441336778705,-0.1803970926396357,3.7548017630687207,-0.5556661279915925,-2.6452145754207836
-0.006525724585901731,0.01367548132487456,-0.005968512892759629,0.0056420499021782936,-0.14763642286955583,3.8563504474236336,-0.3723264154573427,-2.7080335072035933
-0.006547439677408035,0.013699001402756263,-0.006000415942042491,0.0056009274813636845,-0.14129340741532162,3.863289537133888,-0.33134313065504367,-2.7133095471151183
-0.006536259019606565,0.013687245750544782,-0.005983946053134903,0.005621503224523626,-0.14452161871560223,3.8594575515402654,-0.35198583696849545,-2.7105150977382704
-0.006559273966274996,0.013710520819282172,-0.0060180156213117545,0.005580720687859887,-0.13796342950512044,3.868105248493119,-0.31066166419341495,-2.716534315493807
-0.006607613031233739,0.013751992166085641,-0.006090632019043376,0.005507118368525087,-0.12498873617894045,3.8916912538299333,-0.23265574132249656,-2.730810174535808
-0.00659661271504691,0.01374137174829554,-0.006074760881024572,0.005526223395059999,-0.12807049899450618,3.888081941269393,-0.25208988992382664,-2.728479823453505
-0.006584630486306305,0.013731755417098672,-0.0060565621542566775,0.005543326736429418,-0.1311989335515891,3.881558800079354,-0.2706364019906767,-2.7246591812656615
-0.006571685839957597,0.013721795257401206,-0.006036616282533237,0.005560873814315554,-0.1345896355918331,3.873799014968298,-0.28995976345451163,-2.7201343887883596
-0.006635110229865988,0.013756856567711124,-0.006139223946608558,0.005498824509185423,-0.1193073811480856,3.9268812411910026,-0.21199612518805644,-2.7488471197781688
-0.006824876969683104,0.013937324509095773,-0.006390974519776244,0.005153928272982154,-0.06643653767290376,3.9488619125152318,0.13093372062426897,-2.7585418842746083
-0.006813477453897064,0.013926374154296236,-0.006377124550946897,0.005175614306031082,-0.06955092364201314,3.949794915622398,0.11007640592007707,-2.7595810889773733
-0.006800922381415954,0.013916647331080991,-0.006360266407198581,0.0051951446445383034,-0.07282249258021321,3.9470841472642264,0.08976638323380898,-2.7587414066021814
-0.006671353390390978,0.013787825221259832,-0.006192171938245326,0.005441640725488619,-0.10936322636059047,3.941360030808983,-0.15171568303742797,-2.757093997212184
-0.006659245424516339,0.013777773515144863,-0.006174482139590015,0.0054603291491376665,-0.11267754985382235,3.9363943790061886,-0.17155956885379142,-2.7543418115497853
-0.006647011357203392,0.013767540759853043,-0.006156512416057316,0.005479222988398687,-0.11601644172650137,3.9312287494729827,-0.19161809750263656,-2.751426794398888
-0.006788170037717207,0.01390725110190223,-0.006342714549201381,0.0052139774017818654,-0.07614992441853125,3.9433617895364654,0.06977407257970741,-2.7573315122495328
-0.006775979612435141,0.013897058639880092,-0.006326524153257843,0.0052340656492896745,-0.07941728542738685,3.941302541893051,0.049321240160218376,-2.756691231167498
-0.006764527475630563,0.013886628194404739,-0.006311675093510075,0.005254393141849833,-0.08252729561352203,3.940342276513529,0.029129402193860617,-2.7565266808411875
-0.006690120998881142,0.013825940990061162,-0.0062081849773736745,0.005370996857280211,-0.1023919958688491,3.918523422373332,-0.09246075347009648,-2.746280695277757
-0.006678757163318367,0.013814763670262414,-0.0061928835954000476,0.005391902916057263,-0.10559118915038716,3.9168788386361455,-0.11318728016008935,-2.7453410782846035
-0.006667850768098927,0.013803874534321116,-0.006178129633731995,0.005412166593291617,-0.10867290710187498,3.9152538264105594,-0.13326123914722668,-2.744352235326689
-0.0067526049017312215,0.013877129692273137,-0.006295299695512025,0.005272966322009894,-0.08565500390700415,3.937150228305191,0.009740117727790014,-2.755186971063882
-0.006740170087674504,0.013867917454074966,-0.006277704788253316,0.005290947697057618,-0.08895120082203521,3.9326168367650856,-0.009550625918440248,-2.7531230923791052
-0.006702027642108081,0.013837069054995118,-0.006224348395740751,0.005350049449361362,-0.09908938769158272,3.92073726524503,-0.07143092498348591,-2.7474385782393536
-0.006714481781362702,0.013848273572532073,-0.006241314784130785,0.005328814054485723,-0.09569757380197956,3.923340731540924,-0.04992323218729663,-2.748722737191414
-0.006727566429761072,0.013858315704454565,-0.006259897104466419,0.005309527033463285,-0.09220385112515418,3.9281329231936213,-0.029372243668076486,-2.751028986203248
-0.0066188553098875625,0.013762832165737914,-0.006106720055699962,0.0054875100397171195,-0.12182079558170518,3.8951442327109027,-0.21276211632439515,-2.7330138087140163
-0.007185395013411259,0.014184397135308698,-0.006838191483810665,0.004599679668220526,0.023458367112521004,3.964371621270961,0.6978122648403965,-2.725339324739497
-0.007225067279130585,0.014210863892837171,-0.006881288352273913,0.004534738739817145,0.03268199459913165,3.954886057528966,0.7602801050640985,-2.7131739958380874
-0.0072117544093384485,0.014202446223177052,-0.006866530295568613,0.004555832679078272,0.02957047220087236,3.957472436604665,0.7396774214938641,-2.716986176418786
-0.00719841722694476,0.014193600833353871,-0.006851994040241504,0.004577571009642768,0.026475795339729356,3.9605647133863457,0.718725180976424,-2.7210242330236727
-0.007223830728798863,0.014227412133430062,-0.006862828462305882,0.004506883757964087,0.03182681371573323,3.9225835673502254,0.7711171044015614,-2.69584769969663
-0.007292130551942868,0.014237374415723451,-0.006969846850816495,0.004454053138455753,0.0493553955547765,3.968396698619675,0.8536824133968303,-2.7074104472357594
-0.007250926058478519,0.014228292205614002,-0.006908436703322875,0.004491610539310415,0.03858374078708731,3.947037414036821,0.8010443791959226,-2.704095829414754
-0.007277178756285971,0.01424594577888643,-0.006935409013635646,0.004447515974686715,0.04446748464786749,3.938070197029971,0.8422662987838797,-2.6941357110951514
-0.007263951460232944,0.014237193826319654,-0.006921753499787666,0.0044695352564474615,0.04150811200996656,3.942450106932039,0.8216120570897488,-2.6991049609049464
-0.007236120828904371,0.014236502734029698,-0.006874842446886887,0.004485138993327405,0.03457171729834028,3.917364522389675,0.7908419315149428,-2.6907336817119023
-0.00738690957200163,0.014279209267511188,-0.007086026575973664,0.004327107389292603,0.06963949273593345,3.9705016742886,0.9884590288374681,-2.6888037929837405
-0.007400916079949335,0.014271388858033657,-0.007118859627152803,0.004331730543009143,0.07848618104053055,3.9961065978350803,1.0048464031939839,-2.6986334474976874
-0.007400382115145209,0.014287398168780106,-0.007099611819804264,0.004304815522988937,0.07241461236927255,3.965224352873522,1.0092688707574435,-2.682850434511359
-0.007414347890939334,0.01427953305524214,-0.007132437859454377,0.004309336734414487,0.08186424630729029,3.9907022973774473,1.0258497105908257,-2.6924982056434756
-0.007372627018214306,0.014287316615592219,-0.007053195546764473,0.004322376951502996,0.06719459807505501,3.941503089337054,0.9780520551156017,-2.675646430858514
-0.007305524852210202,0.014245848295689569,-0.006983935179361553,0.004432117176530859,0.052482424014445535,3.96428952471815,0.8745507432731151,-2.7024506137039133
-0.007345907693531208,0.014270624381611386,-0.007026283131103047,0.004366675680964113,0.061385531103930545,3.951750517494475,0.9368002594762502,-2.6871177078491466
-0.00733250381387007,0.014262375335194788,-0.007012409928183015,0.004388542774228878,0.05853694612759717,3.956238957189307,0.9161378622111193,-2.692438062206449
-0.00731900982533474,0.014254170445355025,-0.006998180701025238,0.004410285494981827,0.055571241973901196,3.9602843451062526,0.8953874193922257,-2.697481190675903
-0.007344883233258892,0.01428715046035916,-0.007006680909533891,0.0043393726307630566,0.0595235878485682,3.9184929627986658,0.9452919974770202,-2.6694536538213676
-0.007358079057476024,0.014295680642985325,-0.0070195727146448615,0.00431715886215641,0.0623413863569895,3.9129040069688634,0.9655856172261622,-2.6635331393787958
-0.007468328829897486,0.014311686570991885,-0.0071860087783102945,0.004219399323145793,0.09207606538346154,3.967359947596251,1.1092789533913165,-2.666722276265945
-0.007468094252840293,0.014327722124522007,-0.007166420036192017,0.004192709916537453,0.08720418709332223,3.9363080612212458,1.1128369974541055,-2.650806016373672
-0.00745479580756053,0.014303711841978798,-0.007172724647010113,0.004241942384162065,0.08996258006147613,3.97348460243326,1.088498658496494,-2.6733650414497987
-0.007454518180694816,0.014319718718428754,-0.007153252974881292,0.004215240987425058,0.08425304434270182,3.942469560327026,1.0922257711731829,-2.65751714562232
-0.007441287888022464,0.014295694626951438,-0.0071593691552279785,0.004264444569650812,0.08750812463093145,3.979405095410909,1.0676754677251739,-2.679862831253119
-0.007440962739271357,0.014311693748379484,-0.0071399839400338025,0.0042377010581900534,0.08121364439531176,3.9484246300038834,1.0715601660999707,-2.664077477759521
-0.007427805204706179,0.014287635004878957,-0.007145940192739883,0.004286909438929498,0.08476329818399077,3.9851384233269678,1.0467935235212986,-2.6862383579014097
-0.007413890065925359,0.014295537656521633,-0.007113151117520876,0.004282485146850251,0.07530000232631577,3.9597978181453617,1.0300690187622898,-2.6767482304972714
-0.00742741951936382,0.014303635892311204,-0.007126613010371349,0.004260112262396461,0.07824568449302716,3.95419816739201,1.0508383090339366,-2.6704891928862646
-0.007633134846004225,0.014436667738466446,-0.00729841502403246,0.003893543081755281,0.119975905413975,3.8146088168281636,1.3634302811723413,-2.5392494899006324
-0.007619050307860013,0.014429384623202618,-0.007285662372668,0.003916298930000363,0.11726838719940734,3.8222308824561453,1.343450940201426,-2.547474845863706
-0.0076050148147672565,0.014421909455625449,-0.007273069134181823,0.003939223475694988,0.11451065086352598,3.8300162457372715,1.323399607256702,-2.5557329033765672
-0.0075910596370734025,0.014414295819234077,-0.007260613436861608,0.003962211985690017,0.11175375938506261,3.837874096521041,1.3033267272753601,-2.563964264248213
-0.0075772164243387416,0.014406560866386758,-0.007248322124070827,0.0039852167304927875,0.10899503937270812,3.8457913774240553,1.2832766474603228,-2.572150707802097
-0.007563519076088131,0.014398715151351457,-0.007236235571366475,0.004008199740819435,0.10627879890863433,3.853772021925764,1.263292722872215,-2.5802842106298947
-0.007549905051837678,0.014390839627566243,-0.007224153901208019,0.004031083631112178,0.10365601073318498,3.861613213844596,1.2433278235526457,-2.588270272975429
-0.007536261371035146,0.014383043615043398,-0.007211762564858392,0.004053777767935216,0.10107938794447137,3.869013899143057,1.2232966684624191,-2.595972169730071
-0.007522591772305875,0.014375327918732634,-0.007199069035821068,0.004076273498711287,0.09848724196395804,3.8759689499357957,1.203215624073634,-2.6033840722069215
-0.007508924955551263,0.01436763958749711,-0.007186186628795529,0.004098631048378132,0.09585304796748291,3.8826033155649102,1.183103021374549,-2.6105681098542663
-0.007495208163951821,0.014359948375170293,-0.00717306745198272,0.004120934914562228,0.09311421005157465,3.8889402623200486,1.1628855307618624,-2.61755252425689
-0.007467742578921701,0.014344148308382364,-0.007146792880324487,0.004165958338663885,0.0873396410501517,3.9016416728213916,1.1220631395486202,-2.6314101315048117
-0.007481446066837504,0.01435214859891125,-0.007159844455656892,0.004143351174355977,0.09024639163356517,3.8951988225016376,1.1425159365850563,-2.624459501834585
-0.0076887020778770914,0.014449402720305878,-0.0073681456168567085,0.003827509654581802,0.1301768306612947,3.8166779215516016,1.4364705735259753,-2.5243677771662085
-0.00770210129329566,0.014440682552685625,-0.0074010100445163025,0.003829765354163008,0.13930361413051623,3.8390689530915627,1.455809936863683,-2.5309600139042794
-0.0077026911285450065,0.014456638065291455,-0.007380144803867789,0.0038043544902523346,0.13254747952491383,3.8078577613292937,1.4562277032043307,-2.515275168941098
-0.007716063272701485,0.014447879610072302,-0.007413008960100289,0.0038064880175498737,0.1424497505760457,3.830120949262849,1.4757211196795064,-2.5217104776843593
-0.007730047808600203,0.014455032777517945,-0.007424926155340284,0.0037831898193955624,0.14452189501993584,3.821005301637008,1.49554042775803,-2.512351303959078
-0.007730746530953933,0.014470963081960261,-0.007403958731474936,0.0037579389108965953,0.13774553349224375,3.789808967243094,1.4956025976226799,-2.496681155730496
-0.007744054766749509,0.014462141986151311,-0.007436767014491871,0.003759860242068083,0.14608264138520446,3.811694279325192,1.5152782355569474,-2.50287477366077
-0.0077167115838714835,0.014463816587793742,-0.007392101687899443,0.0037811715675021645,0.13504770414370057,3.798916868204651,1.4759497507475752,-2.5060487289315656
-0.007661167604687752,0.014451048716468467,-0.0073234589720508276,0.0038481517501368465,0.12498272334867622,3.798882862203358,1.4029826617165082,-2.5224344749546486
-0.00767509353595098,0.014458392756338706,-0.007335394644634432,0.0038251612685612853,0.1274369517513393,3.790260959089092,1.4225895401815303,-2.513567456666675
-0.007647506431771999,0.014460325078691222,-0.007290150122934976,0.0038449877168963836,0.11983067756273232,3.7729497361529787,1.3876345633420601,-2.512744796489448
-0.00763334845130838,0.014453527470014278,-0.007276976345489772,0.0038670343592317057,0.1171427746888014,3.779855672415566,1.3679874665840737,-2.5206456825684804
-0.007856901505356591,0.01451742502342398,-0.0075289045603196955,0.0035717851346753877,0.16560034262885473,3.732040234286911,1.6709731621906843,-2.421999503250608
-0.007858052032866828,0.014533320382661427,-0.007507329568146276,0.0035471675000905375,0.1593529649507235,3.7009472399668404,1.6695187865165042,-2.4063066269061273
-0.00787110415992842,0.01452413555302291,-0.0075400820482314545,0.0035481283811571933,0.16704671569470322,3.7213674194146154,1.6900766564647531,-2.4113771513309588
-0.007842720031054358,0.014510669920930358,-0.00751765101423561,0.0035954103995051796,0.16366385076151033,3.7425255109125746,1.6517871396135793,-2.4324991219838914
-0.00784383008946004,0.014526557499490144,-0.007496167558392331,0.0035707392547860567,0.1568882998000609,3.7114219466541134,1.6504809726325664,-2.4168937577880656
0.013779157542752857,0.014026206629505034,0.005346603571514482,-0.005017792967625141,0.1811584250107219,-2.3141628870616793,-0.5897623346557069,3.1652979842439097
0.01373810662578511,0.01409213555462843,0.005388070066101523,-0.004920801677482032,0.1759778656749137,-2.283532267073911,-0.6539411802263136,3.1218436561126244
0.013605501752773029,0.014277604626597778,0.005512867797359614,-0.004644303175313718,0.16281306990765257,-2.1904956361492047,-0.8381819415732129,2.9962532728401006
0.013708243463703387,0.014156653251105034,0.005410009686505104,-0.004824879186709306,0.17066187545614203,-2.249231961437254,-0.7043492818529676,3.070166880191248
0.013656924794458672,0.01421521942300176,0.005463672334870714,-0.004738145779044522,0.16698619869976536,-2.2222789498652067,-0.7716529537565772,3.0368282894691414
0.013855339724535452,0.013999147088338363,0.0052377876247362625,-0.005048949386523663,0.17900196769533375,-2.306547205085827,-0.5062855143794431,3.1378594268815494
0.013843502089783265,0.014056647623087788,0.005239908636202908,-0.0049637420527053255,0.17285943596566122,-2.2749805257471896,-0.540641502289268,3.086334714636614
0.013959211871628597,0.013812532072978674,0.0051169009062063215,-0.005314208516400359,0.1929378536177775,-2.378237570281852,-0.3231252433474741,3.246663613013133
0.013942430828424146,0.013873704178315766,0.005132645016686047,-0.005223858490109999,0.18720222643692064,-2.3495626048564553,-0.36948703998483706,3.198818770992222
0.013903024662067297,0.01391473225708046,0.005185066913194084,-0.0051694546231276705,0.18531117805156042,-2.3407052556917205,-0.4249439329968135,3.1890759651142493
0.013913457326945312,0.01397441681018705,0.00515590317770468,-0.005076529998729657,0.177603319171351,-2.3009993144171044,-0.44234209378238853,3.1190708816992108
0.014262577000269845,0.013462411224353155,0.004656435164518426,-0.00573499091214754,0.20915576739556194,-2.39660542875434,0.14489609115466953,3.269049555015626
0.014178707643968693,0.013572255684249017,0.004792110058415443,-0.005607515663169702,0.20353393200037034,-2.39619136704264,0.005561683442815746,3.264719650976707
0.014228419865824047,0.01353337088417742,0.004714386924570327,-0.005643945589645733,0.20344387438703743,-2.3856524913621118,0.06983864495251108,3.246136157130742
0.014043625071917781,0.013814647068402653,0.004987026683484078,-0.0052872171484358845,0.18666490438738595,-2.339535592312649,-0.2503585522443302,3.1694192806837633
0.014065432148635851,0.013755644982436758,0.004960070891630037,-0.005370240911850836,0.19155163049000448,-2.36154448147604,-0.1994768334461697,3.2064354678353477
0.014076959670786128,0.013708221034215751,0.004946090903112991,-0.005439026294266987,0.19616354559796487,-2.3813063549118114,-0.16228892020391392,3.2409266906327643
0.01411401383226379,0.013675968434577013,0.0048908572421955294,-0.005475006656963124,0.1968277094848001,-2.3793523929689075,-0.11224970783263645,3.235350619468709
0.014160971284035437,0.013633111544507321,0.004819987056354279,-0.005521982812258379,0.19771736080692048,-2.3762563995011843,-0.04802792541121427,3.2280904333189473
0.014307390749102061,0.013417499732874656,0.004582921411542335,-0.005779044775257113,0.2097164872750308,-2.387237704212083,0.20907063418434343,3.2553097190498685
0.014338941197033842,0.013360786195004736,0.004526326824922108,-0.0058466929419214156,0.2133269754140643,-2.389138614850879,0.273224733234092,3.2636078874895813
0.014380621784514666,0.013250660497472037,0.004440356335789485,-0.005986981463575076,0.22189634716814097,-2.400685304624297,0.3876516456556888,3.296717402705132
0.014362935386859082,0.013305124208173565,0.004479382372662353,-0.0059161129119080095,0.21733414372255247,-2.393740212409082,0.3324516219270314,3.2776944705581186
0.014333252125137289,0.013469859012110442,0.004550902974091608,-0.005686464723634099,0.20120236169239983,-2.3498007690746854,0.18818225587837897,3.185112625057758
0.014446082929159776,0.013223861624716112,0.004335639100838892,-0.005983205708193573,0.2177879442847055,-2.3629962234687825,0.4484674905691226,3.234711921434673
0.014568178430923489,0.01294995263567331,0.004059911890620133,-0.006291279252004559,0.23462018084839495,-2.338286057379379,0.750270421548703,3.2443146555887776
0.01455529686770957,0.012991307688224478,0.004096163114117985,-0.006242115252783979,0.23126592223724113,-2.3405540174264945,0.7067059042191866,3.238997704211138
0.0145669999147395,0.013028310500619006,0.004094150475975923,-0.006179121628858802,0.22643127145737738,-2.3239865112595512,0.6785113770033878,3.202649261883625
0.014493720732435942,0.013174600184953637,0.004251491227641201,-0.0060223615306066805,0.21814576808157174,-2.3431412517742305,0.515789654728451,3.2082136335832954
0.014509731809782309,0.013221431479943816,0.004241901612756337,-0.005943015211131031,0.21166835131468403,-2.3187863207478636,0.4852336807168033,3.1590198153178375
0.014548653176816992,0.01307201678487121,0.00413725590308606,-0.006130564964163578,0.2234377724465935,-2.328540107110676,0.6312933662647525,3.2015016856933927
0.014524346012867624,0.013125106639099562,0.004191121843211553,-0.006072125002875802,0.22024190495790785,-2.3339031616465644,0.5734520832700166,3.200818433584787
0.01469507710646612,0.012692517977645508,0.0037470334179760824,-0.006538698778551938,0.24582856529576605,-2.261406249745605,1.042354601884985,3.1830174968123246
0.014744013274358253,0.012666282853265416,0.0036643015472721074,-0.006525369696533205,0.24174665930738062,-2.220731197906542,1.080139735269474,3.121758508251333
0.014687988816525506,0.012746261436406003,0.003787962036675273,-0.006471272244186419,0.24129466110153028,-2.264895861056418,0.9875303278253219,3.172668657124031
0.014678196803277463,0.012802563155991174,0.0038323186652615437,-0.006402395640589768,0.2362638591842474,-2.2689231457956507,0.9301253709071152,3.163417622282132
0.014670036082193846,0.012858049570867182,0.003872191321384734,-0.006332610646366214,0.23171869122583133,-2.2701513033025633,0.8749094483502563,3.1507126285351172
0.014616939016090806,0.012932759925535114,0.003982360459787491,-0.0062742703429014834,0.2306760187795165,-2.3024506810617074,0.7862665129340717,3.1871697423491434
0.014657501398800713,0.012905704341570479,0.0039127419731137215,-0.006277196079585044,0.22805080736482958,-2.274308853853115,0.8262817991329039,3.1459487352313267
0.014804000842187331,0.012632048533209535,0.0035630155650334433,-0.006509899478899213,0.23683167043592482,-2.170408293298387,1.1258044108827354,3.0472365226508176
0.014929441615709577,0.012229579396111486,0.0031073880461232836,-0.006876488582471782,0.2548392587287592,-2.0103764971289944,1.5356269271022513,2.928306644048149
0.014870249011560734,0.012325680855360795,0.003259134125072466,-0.006830577138284492,0.25531623477927706,-2.0821394459658262,1.4389436910635058,3.010360754974597
0.014889351907359835,0.012289451261312982,0.0032060632227602264,-0.006852642248048245,0.25623003059928323,-2.0584186506880933,1.4759919993878698,2.984964514308707
0.014921377544169495,0.01227138436487096,0.0031520562537845345,-0.006835850411719971,0.25211653100625414,-2.0270301174479584,1.4936940161725123,2.9386425918387857
0.01483616702118395,0.012576246147935661,0.003485150584745262,-0.006549307171423561,0.23768308783393607,-2.141442811962758,1.1852072830387643,3.0165750231938193
0.01485845101446052,0.012521917622464995,0.003419932576363263,-0.006595438667112368,0.23976947546062702,-2.119061966383646,1.2410989378751704,2.9972895679301144
0.014863757037368891,0.012462620018332878,0.003371385576145572,-0.006665294994144652,0.24435276920251778,-2.108591073327116,1.3001990866008521,3.0009892448277875
0.014872971164250388,0.012409021367562901,0.0033202994207575227,-0.006722726794717045,0.2476562676276143,-2.093843466334427,1.354232642772841,2.996083236332016
0.014886143555740035,0.012364614540657168,0.0032698782447359567,-0.0067631365902905026,0.2499430258410836,-2.075485867237646,1.3995692332982075,2.9825437702041437
0.0150614072736525,0.01142816595428802,0.0021252826897609147,-0.007535075447502559,0.28538654164364813,-1.5146501727680313,2.3022517620785194,2.532697275413734
0.015073879461464513,0.01140439973020109,0.0020849092482956356,-0.007535688722670497,0.28416655067164764,-1.4883768119344354,2.3174323208765704,2.5016801353199414
0.01506704984749132,0.01152063852088345,0.0022324989722325504,-0.007442969344786555,0.27964866135391825,-1.5740134204815244,2.211009474168785,2.5692367109265923
0.015069521318947185,0.011482980843268072,0.002185097293572425,-0.007473305732301546,0.28129299826014975,-1.5468775840224422,2.245724216580733,2.547931446354546
0.015075083963233904,0.011451987313454362,0.0021424836012866894,-0.007492128698615333,0.2817774440095172,-1.5213263470568101,2.272095556023039,2.5244632613154607
0.01500795220753698,0.011665915003701816,0.00245865561552339,-0.0073945430127802785,0.28278653966709166,-1.7105957228662592,2.095364172983125,2.717709700479535
0.015037707535304402,0.011614892997660723,0.00237075316648888,-0.007399491783622261,0.28030157336216105,-1.6564411205853877,2.1334307288349366,2.653230329402548
0.01503574944959325,0.011645249086809415,0.0024075133361173054,-0.007372849376021608,0.27878405723067373,-1.6762230273292573,2.1042670461145265,2.667796010682813
0.01507012541138138,0.011560453514983953,0.002276634876366205,-0.0074013521715837844,0.27708525780555787,-1.5975024113933998,2.1712059200925533,2.582293515864508
0.015072667780535481,0.011601021372920003,0.0023212741374516407,-0.007359320488142764,0.2742147673918837,-1.620917978088519,2.130874337479117,2.595439048470869
0.015026298750221413,0.01171060940139848,0.0024904253759357765,-0.007321925524585166,0.27664464253084375,-1.7211001863527693,2.0429744948405975,2.7046680296520935
0.014965269435825436,0.011801485216750889,0.0026535735168200427,-0.007317376263489235,0.2821650883871225,-1.8194385154469501,1.9721211263252816,2.825411565247919
0.014964781415211684,0.011844372524734364,0.0026999481670797504,-0.0072717513829074825,0.27904790896867143,-1.8408726351499929,1.9275734092142789,2.836430429655947
0.014935357255450483,0.0121779168449438,0.0030558630717059288,-0.006930852997503778,0.25809803237745954,-1.991743056609744,1.5878548926791207,2.9199538921279675
0.014913836322521997,0.012072404634753087,0.0029856402658961926,-0.007083668677450936,0.2707975073549073,-1.9773402955108383,1.7001093095970234,2.9485242770815394
0.014936244262254282,0.012122942795440742,0.0030058690519958204,-0.006994741359899429,0.26244126175766724,-1.9748048638391744,1.644162151057465,2.917223443230982
0.014964672482419826,0.0118873823840586,0.0027450163796944277,-0.0072248528375110895,0.27594143968034085,-1.8609199144811426,1.8828439757089266,2.8456853293056077
0.01496236968649914,0.011930393765330833,0.002791467348561377,-0.007180452694270625,0.2732142866310035,-1.8816612913872601,1.8388098195686304,2.8570736106385115
0.014949896660536092,0.011978202951256635,0.002853193400891788,-0.007143933638392054,0.27183042724884127,-1.911872745132978,1.792079135741931,2.8835788579806403
0.014945886638177024,0.012030346644837077,0.00290845079996823,-0.0070897854644978225,0.2681934045148427,-1.9351603836593354,1.7386129449286507,2.895983050741561
0.015004091429292139,0.011782231366848637,0.00259162301544119,-0.007281023609284495,0.27619100818694736,-1.7773617607070296,1.9788333728034075,2.7600408527856555
0.015042038192633864,0.011756657504971423,0.002524829816429831,-0.007251989837591664,0.2708273490299829,-1.7333301581076273,1.991088718102121,2.695334741814118
0.015130283763562166,0.010869295514514588,0.0013255308320237105,-0.007824170239161057,0.2890612046657763,-0.9904868569302403,2.7277793202375604,2.0450134784569616
0.015144793265055065,0.01083736834295634,0.0012718860625793988,-0.00781579607369603,0.28646651087950453,-0.9514904736001208,2.737907703755049,1.9982478455438977
0.015167999290096984,0.010808891034049257,0.0012189419096677678,-0.00778930719614285,0.28207790646616276,-0.911969816331049,2.7369987049113367,1.9437547955445942
0.015175023870406505,0.010671899038457602,0.0010180476157171574,-0.007841848534806121,0.28158293498182724,-0.7686178626926504,2.8197047394040227,1.80876963881134
0.01517517008509469,0.010695992744540507,0.0010530335097590693,-0.007830946642223887,0.2814543933951867,-0.7936567119503815,2.8045619514144176,1.831442760775467
0.015189266448423586,0.010712476595037749,0.0010704924372733039,-0.007798005788492779,0.2787528797201669,-0.8047568877450427,2.7808560449445605,1.8299365502746767
0.015188053943356278,0.010775217836698058,0.00116086472112256,-0.007770464675114495,0.27838154343814864,-0.8689591860950185,2.741488604663878,1.888743621556712
0.015188944072807945,0.010738857134819736,0.0011085206031946895,-0.00778638200609657,0.27859869836411383,-0.8318666879207733,2.764358360777942,1.8546875940580618
0.015142556536481576,0.010614166496359968,9.465200276669733E-4,-0.007925732974720765,0.2886300431991747,-0.7195663657031935,2.8869595999841624,1.7911740403170646
0.015176777829444944,0.010641843215751479,9.733938351194219E-4,-0.007851394230661163,0.2815873338641199,-0.7361868066468346,2.8363356848128958,1.7776793496660375
0.015166963828856737,0.010560276665694738,8.567781668245726E-4,-0.007901325681973425,0.28353206691881844,-0.6519037156970633,2.893665099266102,1.7081546187851389
0.01516804673339255,0.01058884167772829,8.988066875419788E-4,-0.007888598964502683,0.28328797844128767,-0.6825852292208626,2.8763220670720147,1.735690754756656
0.015172547737043567,0.010464089428782639,7.109518047055983E-4,-0.007923208460093577,0.2819945868790657,-0.5435974794558563,2.939252687636065,1.6022191636949354
0.015169747256759715,0.010494282548676943,7.571781214440234E-4,-0.007918938292364593,0.2826616739386915,-0.5781165550850994,2.9266400260569125,1.6369828001985243
0.015195982726222471,0.010540976215433644,8.178040448118539E-4,-0.007854717514768903,0.2776267210263566,-0.6210624204608367,2.874817637392576,1.655546959053957
0.015190975839600518,0.010511673442404423,7.761624502417197E-4,-0.007873882778805165,0.2787478589161123,-0.5906768431155539,2.8955639450567703,1.6312802373528406
0.015190697697296921,0.010387268968456563,5.903335688240439E-4,-0.007910663725130732,0.2778633299122423,-0.45200349480598867,2.9569391779568046,1.5005601455800621
0.015200035536035918,0.010412058842416761,6.25093985308732E-4,-0.007886857783028707,0.276194242873362,-0.47763396090812943,2.9355568190252046,1.5173429673027499
0.015201582397137668,0.010443858041270099,6.721057620373824E-4,-0.00787520794311961,0.2761151106290374,-0.5126591642827375,2.9188335707252056,1.549283467763017
0.01508526956854956,0.011267841061663205,0.0019017151823272245,-0.007630344341276729,0.2875998817632883,-1.3759491916585593,2.4356869497982827,2.4058689137611213
0.015088990443384485,0.011230615371991874,0.0018501298894261465,-0.007653336656341276,0.2883389777748127,-1.343301511022428,2.466351666062053,2.3768393725974977
0.015103919387410339,0.01119729748573192,0.0017948082915953498,-0.007653603873445003,0.28631256888392054,-1.3059079260572484,2.4851478810567618,2.333585371704618
0.015110141865121133,0.011169243393719636,0.0017529899333590736,-0.007663939946265794,0.28611513426700647,-1.2783121966689468,2.50487215515811,2.305821195702333
0.015110200229710068,0.011287462628445235,0.0019072081839979986,-0.007573356190938409,0.2821245666569718,-1.374547300923278,2.4017247093895295,2.382022611859005
0.015109662350043872,0.011320531592823282,0.0019497328244648807,-0.007547716758976311,0.28046292984265064,-1.4005370652209368,2.3725649871389733,2.4025750264152177
0.01510298384211854,0.011360762428241584,0.002005811181053439,-0.0075255678470884805,0.28036718479642464,-1.435441061593478,2.3403400910623477,2.4351796761083513
0.015096971502923084,0.01139189712044423,0.0020496113159775165,-0.007509121193335899,0.28021108648956317,-1.4624808935943032,2.315543071088539,2.4609341639843887
0.01510909315305402,0.01108178740484046,0.0016358952036024073,-0.007728120360113666,0.2888321334827367,-1.202759927497121,2.5792900627682864,2.244807160705998
0.015137107151969025,0.01100797544243602,0.001516037185857175,-0.0077285583566872465,0.2850972359679391,-1.119226594166044,2.6167461673205614,2.150175491956627
0.01513608576652943,0.011038583327973812,0.0015587069888747431,-0.007710469964443673,0.2844356594153572,-1.147738830717756,2.5933178531731715,2.175130530945196
0.01513186879690032,0.011063655809767235,0.0015956873275304658,-0.0077010921132560665,0.28466950399074786,-1.17279224966337,2.5764615725776414,2.1998006137575645
0.015120124645406728,0.011113685404704601,0.0016714502445393951,-0.0076868840251859685,0.2857056721282673,-1.224164379770898,2.544391862858609,2.252699493677461
0.015132513722114561,0.011147440256781634,0.001707780163883165,-0.007641814887243554,0.2822991579565937,-1.2455087305572994,2.507092766634884,2.2593138687802043
0.015148591141728627,0.010894513210470337,0.0013509089575282076,-0.007777194832085991,0.28488194110716636,-1.0057541724951156,2.6933128643359505,2.042652147509601
0.015160361063383213,0.010923123731529734,0.0013841916830338245,-0.007739837438743677,0.2820231413725343,-1.0270586146937912,2.6621818957471244,2.051197285511275
0.015164798792107645,0.010953872963729095,0.0014242252615646557,-0.007713820724470299,0.2805780127598479,-1.0537027777404502,2.635553051236299,2.070470110767854
0.015167909556558026,0.010987823305195555,0.0014689846239816003,-0.0076877035624937015,0.2791800647050043,-1.0834681348411428,2.6073303116854976,2.0933941889404246
0.015141726702892303,0.009840654005891443,-2.4898145304602946E-4,-0.00804357194006361,0.2767345038083749,0.19887377375442883,3.1714698891833817,0.8989750151236295
0.015162377081800859,0.009856122256209392,-2.2274548703512674E-4,-0.008005496910661762,0.2733176121398666,0.17786746943293857,3.1443820983123514,0.9030049584550264
0.015137447645045201,0.009808199578985275,-3.0015089002458935E-4,-0.00804783389183305,0.2766729004759378,0.23963407135232678,3.1799832093389733,0.8610200793558247
0.015137001388549442,0.009774187599578998,-3.5327005997734675E-4,-0.008043722866513845,0.2757977376171951,0.28197121653687424,3.1830810399017935,0.8180314624330947
0.015135564312430417,0.009741295511575852,-4.047335443866594E-4,-0.008040932999295635,0.2751022630232371,0.32308996219339914,3.186550386479717,0.7769731422258916
0.015133600272627107,0.009708601642579393,-4.5594456918482195E-4,-0.008038454813365875,0.2745056349443387,0.3640814712226006,3.189913173947948,0.7363374734979011
0.01517357004469859,0.010047089153920977,7.303204479071855E-5,-0.007991006912940107,0.27581695612401136,-0.05507804597596241,3.096242822484664,1.1279628214223703
0.01519412131821034,0.01036135167632054,5.504995999664306E-4,-0.00791057461254681,0.2768085462330027,-0.42181880619529705,2.964836212863841,1.4689842769467132
0.01519176658602375,0.010331723316149604,5.063179386502447E-4,-0.007921654425561907,0.27704715428924565,-0.3885186694198742,2.9801431034370043,1.4389977987637346
0.015185627746329415,0.010301830040717785,4.622874688744129E-4,-0.007939347747697362,0.2779809874805041,-0.35534117165851126,2.999226435132496,1.4120891379121578
0.015178025996476958,0.01019867729560736,3.0605800872331477E-4,-0.007970545440242257,0.2777667289297126,-0.2359132232862481,3.0463944736574464,1.3024964154852077
0.015170858615878857,0.010220190878961349,3.400589213909691E-4,-0.00798121208995826,0.27976219323058155,-0.26237010042452846,3.046983351095127,1.3341857550436422
0.015172376668505808,0.010244354454503583,3.769296782032159E-4,-0.00797465038795847,0.27972585205189926,-0.2906555660429649,3.0364194196276304,1.3604094641555482
0.015180338470598,0.010272384086101266,4.1846232050491886E-4,-0.007954838851440426,0.27852346406392003,-0.32211111569725753,3.0168162504453195,1.3843556400733308
0.015178878647606659,0.01007681189497727,1.1865124593446213E-4,-0.007979753096974303,0.27537310261899034,-0.09063420877809371,3.0824163767659747,1.158877628828039
0.015183962791082728,0.010107187237440873,1.65057461579286E-4,-0.007968314184688366,0.27502395645666167,-0.1266486596405604,3.068187006220843,1.1903344573168988
0.015180126695715782,0.01014081823483042,2.170147594824368E-4,-0.00797293131461743,0.27641956520836825,-0.16703178746410924,3.062748674531437,1.233261312007483
0.015182213779212994,0.010172646666786375,2.656319285545821E-4,-0.007965741290064242,0.2767202038157008,-0.2045426930230756,3.0503052499260597,1.2683692619004423
0.015169034880896663,0.00988202911188061,-1.8208664263018618E-4,-0.007995137512660351,0.27270290552679693,0.14564181983371882,3.133020366107169,0.9301714316778155
0.015188199645443327,0.009858431087805477,-2.166177366146971E-4,-0.007956446189305052,0.26865645194877036,0.17299507747421797,3.1128006022560046,0.8867096955364276
0.015176592081346689,0.009910013790153322,-1.383745656161644E-4,-0.007982758425777586,0.27201676296339655,0.11109422350977234,3.1198498731810282,0.9588743865154353
0.015185481937196882,0.00993808249243248,-9.472190704224977E-5,-0.007967348076559182,0.2710819224194326,0.07673675100308396,3.104674121918435,0.9862545627740748
0.015193290920245595,0.009997714700083225,-3.09786767869739E-6,-0.007954015220912542,0.27095481261426185,0.004828928078220866,3.084137253290564,1.0520743962381103
0.015190298409190965,0.009967556002109872,-4.9335906529566435E-5,-0.007959229620751589,0.27086292302799797,0.04110436952120727,3.093674310676736,1.0181635635758282
0.015199373137539982,0.010027125517599064,4.1839537453544746E-5,-0.007942358935486104,0.2704825314375709,-0.03027826612633529,3.07057859250568,1.0822016983054967
0.014726959552499091,0.008065791831123527,-0.003070734417253105,-0.007505275086798753,0.3111815104066391,2.454819673426866,2.7213484781489328,-1.2871265059087191
0.01472346929746077,0.008049210168271113,-0.00309274807776689,-0.007489330965008605,0.311827500861176,2.470054139374269,2.705764258634942,-1.3047307398843078
0.01473946156014956,0.008076654971362911,-0.003043273013932086,-0.00750007681422736,0.30888976035816906,2.431226625942099,2.7216250672083433,-1.2709923848472064
0.01475287883355924,0.008090186533157975,-0.003011909598255827,-0.0074966806571582075,0.30646864258077766,2.404812010811803,2.723834029653938,-1.2519483375253897
0.014765330670940139,0.008105968922104754,-0.002979423938848317,-0.0074973342215145485,0.30424951200137174,2.378233462549575,2.729207152681776,-1.2311999369786948
0.014774278804664592,0.008122387688433373,-0.002950612899594253,-0.007503882966799011,0.30267546543109763,2.3556989849431105,2.738399298168527,-1.2113173310664667
0.014775542006627519,0.0081646854347354,-0.0029025738421936593,-0.007553610493352386,0.30241892642408524,2.324476026939237,2.782787913967649,-1.1683118637388195
0.01478789799370906,0.008182006643977153,-0.002868314466184581,-0.007555191458698321,0.3002780838725649,2.2965054805684875,2.78876133907815,-1.1459020078560942
0.014796146049520571,0.008202198921776961,-0.0028357430431994427,-0.007566348918234155,0.2988143536466448,2.2714953786635195,2.8015734791787903,-1.1220827837734972
0.014782466976237117,0.008142255223320986,-0.002918921374304763,-0.007515570289021737,0.3012315020896889,2.331632634701131,2.7518104433441546,-1.1882595269537115
0.01504561849178964,0.009104813278907381,-0.0014114466433995806,-0.007957821103629003,0.2716290809648358,1.1380014280597825,3.180690081770902,-0.014981415551005973
0.015052785219198464,0.009139076885880656,-0.0013567328825261568,-0.007965174680043326,0.27140776485044604,1.0934358199201648,3.185551505358759,0.027895422431095575
0.015055914177598145,0.00912194160626027,-0.0013800468674471482,-0.007949080195933688,0.270305332790872,1.1117717160172464,3.1746776134906547,0.004656153275903723
0.015062655685663789,0.009156516931495001,-0.0013252399779918505,-0.007956953212756938,0.27019446801676267,1.0671768438287754,3.1797594040423847,0.04786549183752184
0.015072104438388132,0.009177612475340692,-0.001288735259867292,-0.007951357013577723,0.2692241693369431,1.0369934962031115,3.1756194428295506,0.07255544631594128
0.015061097057481146,0.009085131921602528,-0.001430542419038775,-0.007916876199220569,0.2685059984766522,1.1514456066007837,3.1526343719309367,-0.04437616541120353
0.015039189828693691,0.008981941216270883,-0.0015932823805847802,-0.007889182596603254,0.2694449867532942,1.2834066124123227,3.131712743873526,-0.17246012377619888
0.015078622830969371,0.009063919495421074,-0.0014501012497841166,-0.007871315748921803,0.265126441503207,1.1649949755633544,3.1214647176522834,-0.07550449885866434
0.015069517966041064,0.009038096120908902,-0.0014928492599942313,-0.007871436380253368,0.2659802385689567,1.2000028563053593,3.121132183341054,-0.10644897247479
0.015058003679190328,0.009010768423463301,-0.0015394130204498065,-0.007874449766920493,0.2672108652183165,1.2383347949078785,3.122566001984595,-0.1389956957874177
0.015064602680097346,0.009220862536977726,-0.0012286799538127858,-0.007989293831827319,0.2717120475220009,0.9895186755435752,3.2004384534567847,0.13161895564175216
0.015071992105328627,0.009266066771489258,-0.0011570938566303742,-0.007998986044842782,0.27182957089597987,0.9313320364282108,3.205420573636136,0.1885159732358657
0.01507368042663166,0.009244415709793735,-0.0011886667775180928,-0.007984655450005028,0.2707840398504668,0.9565626292977214,3.196530179130684,0.15944900404894302
0.015085542811636956,0.00928369203119148,-0.0011238616325862755,-0.007982192809486461,0.2700348976069613,0.9034770165052656,3.1933009951871436,0.20662276655637044
0.015091486021909427,0.009309287928989668,-0.001082569809020882,-0.007983360822501152,0.26980501790046624,0.869860878446554,3.192891438770642,0.23781370599408236
0.015104053497677104,0.009334135456347608,-0.0010393946733066092,-0.007971192638341432,0.26834858200103767,0.8342523026321299,3.1833681702457817,0.26522747711830646
0.015106778470003863,0.009353824069152975,-0.0010085870552175142,-0.007974896030215136,0.2685182681845805,0.8093269117312756,3.184700210995341,0.2897173672471602
0.01512712974254427,0.00939492139444295,-9.381106298644563E-4,-0.007954048526210225,0.2662611556801601,0.7513554139285014,3.168082404005873,0.33429848681019836
0.015117953775935923,0.00937094590648336,-9.77975060288391E-4,-0.007961261697553594,0.26710925211880304,0.7839372094201779,3.1744902413596847,0.30726190083493754
0.015082569152801253,0.009200760303014473,-0.001248774490237558,-0.007944652682144462,0.2681342908153898,1.0039798820240937,3.1705981267002437,0.09942049174413775
0.015089638052452024,0.009513947591648184,-7.704570629369163E-4,-0.008070505176257027,0.27645768285958944,0.6184158400951495,3.2357241949543076,0.5087167016912365
0.015100846969472675,0.009537849466216185,-7.296631987426095E-4,-0.008056790427807263,0.27518815693595927,0.5850326979260717,3.2240213532839057,0.5340619999673409
0.015107205254422676,0.009556578418788092,-6.986449236317844E-4,-0.008050445602858426,0.27458982063838344,0.5597699954088671,3.2177001680030664,0.5550833873854667
0.015131438505702113,0.009676185189207476,-5.067292538988286E-4,-0.008035683826926052,0.2739163298888205,0.4047906029981215,3.19278033316283,0.696010354080027
0.015129184190215524,0.009644176753950592,-5.56865166975837E-4,-0.008032468423523646,0.27336201247067476,0.4450200385099113,3.1950398828409914,0.6561101598707554
0.015127461763081424,0.00961295647087939,-6.055893182154966E-4,-0.008027736576407154,0.2727082708034454,0.4841358042435355,3.1959434242110514,0.6167683607741833
0.015127939407691533,0.009585939631184438,-6.471241159838136E-4,-0.008019327333610106,0.2716655945045266,0.5174479296941544,3.193674855685533,0.5814863492435686
0.015122354164424735,0.00956513889946338,-6.808050912002476E-4,-0.008023926990227267,0.2722653924526364,0.5447681210512677,3.1991125185641613,0.5576358660696012
0.015110659178005111,0.009496399875580562,-7.902983666627732E-4,-0.00802401117064313,0.2721510314382352,0.6334072166221391,3.2064029249690478,0.47426701359282425
0.01512685254653242,0.009476649467425373,-8.147331151240625E-4,-0.007986107344966506,0.268743987376874,0.6522932701239529,3.1829968516243063,0.4401936911228131
0.015134275423249695,0.009421244240415697,-8.956866197471665E-4,-0.007951183812986345,0.26583224518792686,0.7168801677959581,3.164287934915531,0.3650458202086249
0.015138473470501011,0.009451498335638138,-8.48540612621876E-4,-0.007954864256130878,0.2659376446235629,0.6788575435166825,3.1644012228019234,0.40201490027586934
0.014821005534311284,0.008212657050322501,-0.0027946238558843755,-0.007539539945162705,0.29478505738572497,2.233564882530691,2.787009090056609,-1.102524878833252
0.014837278976531705,0.008237632114790902,-0.0027474502256550383,-0.007542886037803036,0.2921252726154602,2.195425442758276,2.7957221326533133,-1.0711631568538353
0.014849331704499456,0.008261027449437604,-0.0027069475885187285,-0.007550551358437428,0.290154956479404,2.1633927632330496,2.8066200595416597,-1.042877537905878
0.014866666322676414,0.008289092050942234,-0.0026551000630778377,-0.007554539278202216,0.28734409781099884,2.121424995280471,2.816080636164094,-1.0079843711399976
0.01492343166552794,0.008481269746323553,-0.002363886666860374,-0.007665576008579938,0.27935883478021767,1.8969586691406595,2.929036893752276,-0.7834749229962185
0.014905132372750936,0.008463560315510417,-0.0024044641404458223,-0.007678259932003605,0.28208972355479084,1.931806309617094,2.93431877178823,-0.8070103009193446
0.014891714871407474,0.008439124975795999,-0.0024485737395767374,-0.007675474555965122,0.28415748459094675,1.9678117777100008,2.9279309779362737,-0.8374148844669481
0.014949996199761208,0.008486858050743146,-0.0023304697891216287,-0.007626814888106472,0.27518740249344514,1.8651554752511506,2.9042194187472843,-0.7725497729577805
0.014948032785676376,0.008514318232632743,-0.0022982607894086547,-0.007657100130581794,0.2758932227371675,1.8421771224046986,2.929004832442911,-0.7418016526674908
0.014962366513146398,0.008535643301595343,-0.002257637290325153,-0.007653695334404399,0.2736660014122358,1.8084565553202985,2.9301802922232834,-0.7153166233516594
0.014902764836133118,0.008410108766902851,-0.0024725545181579246,-0.007626869251991276,0.2820792028905253,1.9815015774946685,2.88996546024227,-0.867593003677353
0.01488564548258199,0.00832163753916179,-0.0025962825177774673,-0.007560067268113673,0.2843634226618443,2.074140362685276,2.8272682518912897,-0.9680241297339418
0.014918050454888254,0.0083772106641729,-0.002496011968708203,-0.00756735404964287,0.2795040005266692,1.9931764198050617,2.844160680879184,-0.8999590718333322
0.014906802408761594,0.008344075534587396,-0.0025470972904600756,-0.007550331263448565,0.2811173508881246,2.0326177527858125,2.8259713376328612,-0.9383023381295228
0.014953063184252522,0.00863117288881773,-0.002143803870007254,-0.007759428729535932,0.2764860675040935,1.7260542617111416,3.0150228126217007,-0.6046709028875837
0.014971679155362037,0.008608696260125946,-0.0021558810130096286,-0.0077066708895292746,0.27322294496018434,1.7306611046210971,2.9763898420453887,-0.6297031594396948
0.014978044440011868,0.008560276395123854,-0.002211699276407365,-0.007650734272947743,0.27148584870354314,1.7705605033613379,2.931983869605762,-0.6850494472446028
0.01498463104857993,0.008586182463974018,-0.0021727382117637463,-0.007663797063330607,0.27090098359004045,1.7401009993763892,2.9444759825731612,-0.6545575336661511
0.015037142728960066,0.008886289131471284,-0.0017291363754826647,-0.007823933004058849,0.2676877897167314,1.3906267828204475,3.0828560989251486,-0.2929340390101704
0.015037015895086443,0.00890878687917409,-0.0016979532090483022,-0.007840854752106986,0.26826178397165007,1.3662336198531126,3.0956190142523776,-0.2647937458264872
0.015051257839463678,0.008929207052092224,-0.0016591044905888946,-0.007830048097426351,0.2663507167033346,1.3335734179492607,3.0892888814807837,-0.24087104951036167
0.014968973551616666,0.008654544459614433,-0.002098646991688966,-0.007753112343157886,0.27418072644023644,1.6882627748080734,3.0137012862624535,-0.5755802345138497
0.014971946733555518,0.008674109401509643,-0.0020702012957677803,-0.007765447139122061,0.27419945017842917,1.6660370358262164,3.0243917176982644,-0.5519355591709527
0.014981609639252567,0.008692645650603275,-0.002037119637731309,-0.007764954567721168,0.2727782617207306,1.6387611762155154,3.026226126479411,-0.5291669904914033
0.014995831547914987,0.008709279988277571,-0.002002702873405794,-0.0077545718377130405,0.27089532384682385,1.6095180223105245,3.0210015964111903,-0.5086657661045645
0.015023469367952607,0.008802182302829004,-0.0018550561614995903,-0.007783165101761355,0.2683172562652007,1.4908810859270238,3.0491861465333625,-0.3960407088943679
0.015010793788197196,0.00872324729169002,-0.0019713903928797348,-0.007740410422039072,0.2687570964930105,1.5825445737840955,3.012912432891859,-0.4915080123319896
0.015013143799443372,0.008776104358525784,-0.0018986992701874475,-0.00778029983792937,0.26936509457238006,1.5264138626431512,3.0449796405381226,-0.4276326162513335
0.015013608946699893,0.00874507284331017,-0.0019399763346813735,-0.00775384331893032,0.2686714802970686,1.5579504818647478,3.024190533545109,-0.4652067636631109
0.01505962636228225,0.008867134980781352,-0.0017386334830909011,-0.0077694748941311365,0.26372346985720974,1.394392189327531,3.0446559832792466,-0.3185147686211865
0.015051947097205172,0.00883763603818838,-0.0017846129254805733,-0.00776064757730162,0.26443320173936696,1.431310247556071,3.0366579848827833,-0.3540074511351407
0.01505164355064345,0.008807933510413665,-0.0018249584822640455,-0.007738089233518062,0.26378010904346927,1.462463633761052,3.019199129736023,-0.3898957462583221
0.015061596549762685,0.008955694471415672,-0.0016147392322201596,-0.007830205086686226,0.26536909911881873,1.29723248131387,3.090579249991461,-0.20907611168093868
0.0146685281025042,0.0079616441500697,-0.0032552471374074177,-0.007456161650133513,0.32237727670369315,2.597739760674342,2.6537833269513054,-1.4136776364678572
0.014680974203724422,0.00797501558566776,-0.0032250676580480417,-0.007455717800470809,0.3199345857715527,2.572734253113095,2.6585360431986795,-1.3950346240615017
0.01470209287063685,0.00800580997688218,-0.0031656864072830775,-0.007465094379215787,0.31590160816335267,2.5255769267515236,2.675577399234393,-1.3559404489110887
0.014698181219427453,0.007989349848582175,-0.003187692125390714,-0.007449279646828052,0.3166766352577773,2.5406385577642925,2.659836122601004,-1.3731779243395972
0.014714639461237465,0.008016153487041983,-0.0031386490343252795,-0.007459892039647039,0.3136091106007624,2.5023027160451434,2.6760147409190096,-1.3401918325248425
0.014726301732988951,0.008029584912396593,-0.003109640421597687,-0.007459846013714971,0.31128982230048796,2.478485574760323,2.6806732705275245,-1.3220534896458127
0.014676376734523894,0.007946486693886565,-0.0032598991877087246,-0.0074243088159852335,0.32094128894090157,2.5950710493313762,2.6284827449749195,-1.4233156319974294
0.014650142455788641,0.007868829047628898,-0.003371111578078865,-0.0073563439106388165,0.32641542686105357,2.672127819822921,2.556417216229353,-1.5052628114083104
0.01465874468309096,0.007898175905065271,-0.003331198289520963,-0.007384362971400765,0.32457794232958564,2.6453936601739496,2.5852296874235248,-1.4753865052404143
0.01466140230448661,0.007881159875894692,-0.003343915082811383,-0.007357332133173769,0.32401537612890324,2.6500947136558826,2.562168374650138,-1.4885064548950802
0.014671944761739907,0.007929900770546103,-0.003282298290757486,-0.007408425713207837,0.3218642796433842,2.6102484699158275,2.6123798655240686,-1.4404725080679062
0.014672599146552362,0.00790989002456238,-0.0033010028303322135,-0.007380445761655907,0.32173537399906793,2.6198100663877715,2.5876472682760103,-1.4576593411272845
0.014654663332104217,0.007849515162451786,-0.0033830704690772403,-0.0073233791560576135,0.3257344414865697,2.6746701201397696,2.528790377936893,-1.5187956247091738
0.014651048626422187,0.007826606441499248,-0.003409293226637722,-0.007296762668335553,0.326449764252277,2.690192311829078,2.503415266126527,-1.5395736067839223
0.014484828135929839,0.007548890561589704,-0.003884245295353121,-0.007107350386045078,0.3625896605855527,3.0280277324487166,2.256093817486807,-1.846868366578237
0.014637779484532095,0.007801467048003983,-0.0034506969998750548,-0.0072800405767237,0.3292873575259389,2.720098244178789,2.482600616261547,-1.567483506028651
0.014626786962518156,0.0077736238515461725,-0.003491090523619628,-0.007255894965353683,0.3315810776090525,2.747310403658328,2.45612425666195,-1.5957940326400508
0.014617567230922246,0.007749444024670045,-0.0035254230534618003,-0.0072340667168976245,0.3334874138553903,2.7700029690354104,2.432497524500537,-1.6198381745032668
0.014599959185133252,0.007733210815889834,-0.0035646615455527503,-0.00723438027202439,0.3371149823744041,2.801965722568031,2.4247840693752902,-1.643075703852382
0.014506490690696108,0.007562865236726887,-0.003840695086003118,-0.007102198347860436,0.35784645828861,2.991294274495121,2.2622002995614956,-1.822555178442631
0.014521042856975704,0.007579712021526055,-0.0038058893486955067,-0.007109765629632497,0.3545297978394946,2.9652428513524574,2.276057264173352,-1.801661106249466
0.014534452729870384,0.007599092865748529,-0.003770811449684975,-0.007122204052705368,0.3515737564161027,2.9402784685736885,2.2936661333386437,-1.779888529761507
0.014551968733896595,0.0076103104733654834,-0.0037359625356981354,-0.007117009682812367,0.34784727000309407,2.910753135473149,2.297439153285125,-1.7604430656769803
0.014558097473143102,0.007629629356002335,-0.003711623326718812,-0.007137878325781686,0.34646530778281365,2.8966401415627776,2.318984483336773,-1.743570116859422
0.014569772428674743,0.007674716132808132,-0.0036578661033268736,-0.007189216164791164,0.34366769355735993,2.8664459704936927,2.3703473767259715,-1.7049831647459406
0.014565310204685739,0.007651775664942857,-0.0036831938279148495,-0.007161319391769331,0.3446805142957879,2.8797920687848593,2.3433364739836953,-1.7237970077283433
0.014589418157516193,0.007683823578938362,-0.0036217034184479356,-0.00717699909986236,0.33963490477115066,2.8340675069034527,2.368578048133821,-1.6856002872562328
0.014600511735755257,0.007706523989987306,-0.0035866588913342204,-0.007195299305231592,0.33723624343917835,2.810278817890114,2.390053608345173,-1.6622604886195214
0.014374609734813774,0.007306196401282536,-0.004218133656463819,-0.0068501092007884,0.3891422993209766,3.2156231301634364,1.971648627975407,-2.054211355429778
0.014383811872024914,0.007326941528139857,-0.004191258639844921,-0.00687374726045461,0.3867966780887398,3.2022410256459044,1.9972247467268947,-2.038370828668881
0.014388493941636401,0.0073441040596142,-0.004173532550459694,-0.0068962687176052475,0.38572831470871866,3.1956259365314597,2.019482269765547,-2.027358752921463
0.014400078874684969,0.007356028686029078,-0.004147777567657793,-0.006902829843810839,0.38291037997370525,3.1772475655273307,2.0313607065714403,-2.0128993025469843
0.01441117757011789,0.007371152590391384,-0.004120796055958994,-0.006914810222995807,0.3803257052310629,3.1596245362504387,2.0477077275539846,-1.997322725497656
0.014420733147836061,0.007387905777100869,-0.004095140774843465,-0.006930844797782355,0.37805836417297284,3.144306604410105,2.0668089431182337,-1.9820746601055184
0.01443195753062537,0.007425328735834307,-0.004053247788540353,-0.006977337584688277,0.3752430873746527,3.125474274853612,2.1137075263179637,-1.9551998724052364
0.014428389334371584,0.00740486807541422,-0.004072206046447986,-0.00694911486339194,0.3761164552805584,3.131792832009086,2.0869050396771907,-1.9680215132456655
0.01444988262769403,0.007438597628031308,-0.004016320642093702,-0.006977760908709773,0.3710690924619368,3.0959581593095566,2.123287375439848,-1.934615267191316
0.014459375625606211,0.007462099201470333,-0.003985617147351497,-0.007003474535335301,0.36892512339887856,3.079226570388997,2.1508689082806356,-1.9151683982424648
0.01447771408050072,0.007507346670429268,-0.003925530375451031,-0.007052003162317897,0.36449604002523905,3.045379181986398,2.203188208707454,-1.8765147006705833
0.014473352009746716,0.0074847913110975064,-0.003948231636790463,-0.007022356040288217,0.3655927391267291,3.0548825621179145,2.174675009579779,-1.8923569270745333
0.014496527846655451,0.007520500461561528,-0.0038871889051070824,-0.007049743614725982,0.3603997598536761,3.013833620628684,2.210572716835333,-1.8550470830344283
0.014160528584413802,0.007054181866676099,-0.004696148401244004,-0.006632374245036256,0.4424209375737885,3.5127336627250982,1.6627481316276935,-2.3078823521638827
0.014179268063812062,0.00706530919467558,-0.0046596673047352615,-0.006635538792009438,0.4374770469521771,3.48508402811602,1.676590757810793,-2.289372148647957
0.014240933424627135,0.007145900138424777,-0.004521032328209453,-0.006717665828464681,0.42191486757675895,3.408041699817286,1.7827046170010246,-2.218550787935802
0.014227675875823216,0.007135117644133491,-0.004548256175853524,-0.0067116321357917185,0.4253204317443264,3.427349847073356,1.7698756128741961,-2.2327179938133157
0.014221961747467282,0.007120340646940871,-0.004564377084755228,-0.006691780111350444,0.4266299196956554,3.43229994939407,1.7495632010862876,-2.241059906974534
0.014213483761583769,0.007107354589581831,-0.004584293778511806,-0.006677353270185405,0.4288193210789651,3.442338246025359,1.7322776094163446,-2.251276260147487
0.014192104534551225,0.007078839343861496,-0.004632390156628085,-0.006647610539142468,0.43420541582053945,3.468416808653061,1.694423770442796,-2.2756439468002294
0.01420396741762827,0.007092863910141259,-0.004606492877663426,-0.00666114732952084,0.43119721009495765,3.453404394316742,1.712899127486841,-2.262552132480412
0.014339420901312903,0.00725559274258257,-0.004303323833038015,-0.006804322403067701,0.39751625727406853,3.2673753227080056,1.9127763560933697,-2.1019757487115815
0.014311304205394115,0.0072159170907564385,-0.0043701557943461025,-0.006767305203152625,0.40447484658058164,3.3069925765215893,1.865212608444393,-2.1386198017262363
0.014326937690008663,0.007232671497035899,-0.004335861856728937,-0.006779384200290377,0.40054698322040766,3.2842190467217804,1.8843127913938609,-2.120126151778885
0.014263340004503003,0.00713926043327722,-0.004486425176861376,-0.006685834464643819,0.41633976514396936,3.36827763912618,1.7681743252059456,-2.2007447452581634
0.014280927303800858,0.007159696380882591,-0.004447776563503891,-0.006703500597396606,0.412024285055739,3.344609778302344,1.793247283670161,-2.1805602067023604
0.014298979981148034,0.007177879978523798,-0.004409280426941682,-0.006716532115248713,0.4074890105587356,3.3191392234999895,1.8145607369220673,-2.1602789210068285
0.014313536580064623,0.007194427920870562,-0.004377245718138716,-0.0067298082858342975,0.40388271817839233,3.2988546896882682,1.8340635245303438,-2.1432541609668014
0.014388877600239769,0.007282465863364987,-0.0042087339061476735,-0.006797229524866566,0.38606588627520844,3.1901130909308075,1.9331611906302992,-2.051715892570042
0.014368816408179325,0.007259619175559381,-0.004253526529390536,-0.0067810906744093435,0.39084064470642915,3.2197534940193075,1.9084307994209888,-2.0763011902538584
0.013950429366365213,0.006761396626061578,-0.005140074067938236,-0.006269189488196716,0.49549417621987796,3.6924851491288115,1.2334440768192347,-2.498401582719665
0.01394347831096526,0.006748734920654519,-0.0051540945045687354,-0.006250747931664083,0.4970322627029948,3.6939008533546294,1.2144192209477935,-2.5026909137216737
0.013933454467743495,0.00673564138076594,-0.005173511362254058,-0.006233215648183511,0.4995492437939773,3.6998769495097883,1.1941335058155644,-2.509481738016474
0.013964942511978804,0.006767830604957541,-0.005113418167828215,-0.006271978704201848,0.4914248309411456,3.673223264200118,1.2452526493718832,-2.4862791800641495
0.013982207996579512,0.006776918545626239,-0.005081538067710775,-0.006277598826723923,0.48670590862690827,3.651412001408741,1.2609978950936205,-2.4720115568816876
0.013997613054145559,0.006788311831227332,-0.005052568970927022,-0.00628815190196818,0.48258107110358256,3.634341149465193,1.2792996361017897,-2.459597792483471
0.014010929312349901,0.006799686043351147,-0.005027222235713214,-0.0062997412070777145,0.4791428543468383,3.620496298196572,1.2970533995996687,-2.448889103210131
0.01402380343056134,0.006812194185109951,-0.005002366259271145,-0.0063133924490468285,0.4758148990503601,3.608007622005824,1.316111157984461,-2.438548343973048
0.0140355791132204,0.006826421031779759,-0.004978990994560568,-0.0063305556523011565,0.47293224269144885,3.59828114827253,1.3372520201255969,-2.429140480383776
0.014045612985053788,0.006841469172567491,-0.004958335596976577,-0.006350128606271793,0.47037894020826704,3.5917054476547214,1.3592207278959882,-2.4211186092426256
0.01405199098801731,0.006856667002418992,-0.004943871987769566,-0.006372308853600607,0.4691139772826841,3.5910117996212705,1.381042922763335,-2.4161266241842836
0.014065326952485935,0.0068710606532235066,-0.004917300524709227,-0.006388181239675022,0.46560051581951034,3.5779002400537143,1.402221373558144,-2.4046957158036855
0.014160579900269971,0.007032714949623983,-0.004703948618420134,-0.00659532586362073,0.4421932456798253,3.5032593540007286,1.6314286383935561,-2.3108699862373876
0.014076267163844023,0.006913960751678658,-0.00488742469899866,-0.006455181967474634,0.46349285922360284,3.5856990327001976,1.4634953361791967,-2.3951757811580134
0.014085320540730814,0.006886070094085133,-0.004878908753982184,-0.006400142949775175,0.4604826958412886,3.553744532311565,1.4243486824684994,-2.387113613207763
0.014097396216251688,0.006926793165373684,-0.004847124070591405,-0.0064619609838505385,0.4578660156140894,3.557289426206492,1.4821911131224084,-2.37590242443088
0.014112900090303323,0.0069408605497162925,-0.00481622693797562,-0.00647470450916494,0.4537691921410208,3.538888570010965,1.5022049175364283,-2.3614994748237774
0.014122678084750219,0.006954555549558547,-0.004795250408931081,-0.006490906205260402,0.45140547897470107,3.529718050850972,1.5215333491317244,-2.3520660359159553
0.01413698505229588,0.00696134071803661,-0.004768522078882988,-0.006491543836475607,0.44765894215940966,3.5091238338260173,1.5307937429459455,-2.338893908188405
0.014149930130328016,0.006974160431344287,-0.004742241437749679,-0.006503417088377727,0.44429607564047796,3.493844215799981,1.5483983726971229,-2.3264756231614694
0.014157234646661626,0.006989945931015262,-0.004724551181992705,-0.0065246419579910895,0.44268996653078824,3.489240745311874,1.5703409509761617,-2.3186443995790493
0.014171712267077537,0.007002330296658821,-0.0046956114109819695,-0.006534137421294106,0.4390043539574328,3.4706885157999032,1.5869306665052296,-2.304585553265239
0.013839086659324679,0.006626343392234266,-0.005349514187729349,-0.006086691204557825,0.5229969877741524,3.7569048114646937,1.0184809164509154,-2.567923906493519
0.013846934824377044,0.006640711142667118,-0.005335069760907924,-0.006108744042528012,0.5214637476019087,3.7579826603250255,1.040335022352805,-2.565067614744679
0.013861648180536472,0.006649600585196993,-0.00530841169611542,-0.006117599034568078,0.5173741787074899,3.7423734651985288,1.0572078136298908,-2.5545227437557227
0.013879164486947504,0.00666289166351533,-0.005276493377890657,-0.006132681585229324,0.5126251648854496,3.7260596201870713,1.0806154909115604,-2.5424721459881003
0.013899010264646648,0.006675468693021321,-0.005240387901613952,-0.006144963206244184,0.507224580074046,3.7050226969120046,1.1034445786951983,-2.5279850655156078
0.01394105032889633,0.006719028783498797,-0.005161946394358974,-0.006199496269964732,0.49665918000035847,3.6736078272217645,1.1733110871111334,-2.4997906892753163
0.01393406409804817,0.006703023325525566,-0.005175971626810576,-0.006175110727293417,0.497906091231118,3.6717055952539925,1.14998074524646,-2.502955909587588
0.01391769979039714,0.006688446029677314,-0.005206245950248284,-0.006158173501990909,0.5022302738282712,3.685942828805684,1.1261096289508403,-2.5143972873554095
0.013690621016161747,0.006488467072032851,-0.005610656157248813,-0.005896036458814911,0.5609117620155543,3.8455534875589463,0.7741195151421046,-2.6448210896130093
0.013681472863388229,0.00645638641696846,-0.005623343469491008,-0.005841056948510052,0.5610442099191961,3.8216495335420686,0.7297056958218483,-2.637932195469381
0.013691864481902266,0.006470297673357134,-0.005606378140923518,-0.0058629434966902694,0.5589419495037821,3.8222147017188037,0.7523943106056095,-2.635729672325804
0.013707210208962805,0.0064972350401849965,-0.005581643319510583,-0.00590657839472299,0.5561725328906794,3.829845691604294,0.7938634203816819,-2.634778105762632
0.013829151993896921,0.0066129966361345134,-0.005367523813299943,-0.006067332091720608,0.5253830766991056,3.759922963843675,0.9972373800353441,-2.5726750988972698
0.013817808319911964,0.00660012180868919,-0.005387905120968047,-0.006049315115912554,0.5281033756749703,3.7654016294011163,0.9760160428021382,-2.578584184220023
0.013724951523025228,0.0065064937905430125,-0.005550567591510569,-0.0059173540524387605,0.551130624334614,3.812733812770872,0.814548840745175,-2.623832201734281
0.013759683782785534,0.006544192551339682,-0.00549072806791692,-0.005972649197480126,0.5428017810650977,3.799879836562109,0.8789804609834315,-2.609315285929441
0.013752147797445245,0.006531027012937326,-0.005503517060770513,-0.005951815472311193,0.544225216900483,3.7973968176012254,0.8587013735070382,-2.610709435383971
0.013740387319321751,0.0065177435561380006,-0.005523734612774633,-0.005932213692059819,0.5470117814500141,3.8012100324181586,0.8363064248090488,-2.61543598222314
0.01380555795667214,0.006586834341073345,-0.005409770460567409,-0.00603079174359825,0.5310522673674357,3.771633511897886,0.9538191032151103,-2.5849350382609546
0.013789205001745852,0.00657639464704964,-0.005438916120699693,-0.0060188757780308,0.535637906347389,3.787061186738432,0.9334780712741849,-2.5955355492254353
0.013773618102246185,0.006550272043245808,-0.005466017184785541,-0.005978236076599181,0.538824313777904,3.784335703119224,0.8930843066072681,-2.599700403249311
0.013787428109106088,0.0065589361101855165,-0.0054416190653118,-0.00598832194001204,0.5349123176685017,3.771672594604529,0.9102276333582505,-2.591044986285886
0.013849903041356852,0.006607476901179649,-0.005330649033652358,-0.006048129286877331,0.5185963808340293,3.7211741290268363,0.9977099697654737,-2.553051801998015
0.013557390315491002,0.006347374234550428,-0.005826502518650114,-0.005673606501751198,0.5913730277901394,3.8680757392756875,0.5241999648586241,-2.6794417207484678
0.013576415204073426,0.0063556063871799615,-0.005794279206189377,-0.005685088049931495,0.5858746520528898,3.851518879589207,0.5465662909519763,-2.6696213006371043
0.013592571000353963,0.006365652874401198,-0.00576751869708005,-0.005700039803917838,0.5816152638612136,3.841228805259774,0.5687932423944891,-2.6627933253727942
0.01360669053091567,0.006377140281257418,-0.00574457459613044,-0.005717738242321434,0.5780146860315725,3.8354655745196014,0.591147428810392,-2.658092679881942
0.013616209600191106,0.006390149662216821,-0.0057300089790919065,-0.0057389645627568125,0.576333855276931,3.8380853912547095,0.6122105602435097,-2.6575490769184547
0.013631233103515735,0.006395996801807107,-0.005704202272618905,-0.005746047520092132,0.5718322970255206,3.8232884034538714,0.6284610871978651,-2.6488079332109966
0.013644979218798429,0.006404776559068019,-0.005681157126516998,-0.005758459656730499,0.5682279525264644,3.8139016203362415,0.6470941807806118,-2.6424309332028963
0.013660840177888442,0.006402877855166805,-0.0056526557086822304,-0.005751181647860912,0.5631524637279353,3.7882362309453783,0.6543587113179578,-2.629022769108992
0.013676476066124372,0.0064142405535098646,-0.005626610426450942,-0.0057673247126769946,0.5589287912363181,3.77894436820035,0.6767872787187451,-2.6222293191981367
0.013691417497552379,0.0064330801503818345,-0.005602656211881885,-0.0057966579240134155,0.5559028572454011,3.7791469410518412,0.7074111282613863,-2.619208530076154
0.01351532456110171,0.00626049780483313,-0.005879152246353992,-0.005524846186538151,0.5951684449844855,3.8085888089007724,0.40031168013688795,-2.6583363717895154
0.013538487751498927,0.006276168636178238,-0.005842622441656911,-0.005549873962462403,0.5893849898859402,3.7987011741969705,0.43367600227521025,-2.6515188454527756
0.013554955959624505,0.00632415726834136,-0.005825412826688257,-0.00563252339004799,0.5895670190425822,3.8403320824254767,0.4967157831927632,-2.6678615519341884
0.013559431404237305,0.006293449928045765,-0.005810122973051532,-0.005577548365152517,0.5845842012152609,3.7932889071784146,0.46686311454934337,-2.646744247121227
0.01133993554739085,0.005002936510699189,-0.00782413229169891,-0.0020940629892625584,0.6495558045519493,2.1750941056254445,-2.0595539907825926,-1.3498004043658531
0.01136504559345562,0.004995550383244485,-0.0077969207340291965,-0.002122138902376865,0.6475666380386597,2.1881609336894896,-2.034495748173375,-1.3683409615090103
0.011320214823928684,0.004978723788121252,-0.007812345575526516,-0.0020493512428185093,0.6382803655027618,2.1354029164677075,-2.055509495228541,-1.3247271578618822
0.011296227485623653,0.004963806796933934,-0.007813639017416175,-0.0020060705897372785,0.6304945251085642,2.1016298553885733,-2.0616137900043046,-1.299465063125859
0.011158248879662797,0.004920530835610504,-0.007860935419748895,-0.0017874804513974593,0.6018821568001568,1.9451998816233689,-2.1229854190024517,-1.1667480525339489
0.011188708936029397,0.0049242320137517035,-0.007845029927494853,-0.0018319803261668962,0.6062356131430874,1.97489391711521,-2.1057593405201724,-1.1945579168664435
0.011216969882619067,0.004931640308404696,-0.007834161203740015,-0.0018757303786096143,0.6116414896697814,2.0056316386988957,-2.0924801601364815,-1.2212997106021126
0.011244306763936942,0.004941720383737494,-0.007826394598897375,-0.0019199734204910642,0.6178752792165096,2.037832210441049,-2.081468152128838,-1.2479503468131536
0.011269912508685628,0.004952403521343395,-0.007820077277300426,-0.001962273910412928,0.6241338592976851,2.0690965011493283,-2.0717113527018984,-1.273288690954473
0.011290748661549374,0.004937443725123111,-0.007788915828343042,-0.0019796579412330296,0.6194479423970087,2.072475764163666,-2.04512752979605,-1.2861188230409182
0.011139955831132411,0.004882683611585374,-0.007831198328825862,-0.001738016357165419,0.5850967166053156,1.897735096491255,-2.1047456634021695,-1.1408751592537472
0.011392808514951213,0.004993621936624881,-0.007773335868109789,-0.0021574871920892556,0.6478370718095067,2.2081925949743124,-2.01136520454209,-1.3906139580582357
0.011591519346862474,0.005094252256476299,-0.007715039449534776,-0.002499253075824727,0.6932132462674672,2.4641138766890482,-1.9177495744890205,-1.591007365129327
0.011558934589184493,0.005077742890872054,-0.007726289225656145,-0.002443139795974681,0.6863079863062419,2.422301754722421,-1.9351190827896896,-1.558223205243619
0.011538337032265974,0.005059670788046205,-0.007724820373058544,-0.0024010403190202114,0.6785490904855197,2.387319786408335,-1.940114222735587,-1.5340673549639503
0.011433264914007523,0.005023500995112578,-0.007773658717310605,-0.00223451312393,0.6617635552449149,2.2702036374483376,-2.001743154849549,-1.4352034954985042
0.011458240667303277,0.005029484891373716,-0.007759815330469383,-0.002272092288375886,0.6649939598264627,2.295496058251679,-1.9857775318762274,-1.4577861524390832
0.011477836116709371,0.005014050781721303,-0.0077270134672298985,-0.0022847779489036835,0.6586266451426308,2.293836555100482,-1.9581013460732488,-1.467051355187512
0.011526452334033419,0.0050355110454497086,-0.007709111654323065,-0.0023650652833081746,0.6681516382899134,2.352026049922491,-1.9328028759673364,-1.51408818127328
0.011500045997937115,0.0050185178420924965,-0.007713295579344832,-0.002316993930173691,0.660699462842481,2.3147412054121173,-1.942876176343237,-1.486262902414551
0.011613701411627363,0.005065762396893804,-0.007664539433643922,-0.002501287299636751,0.6800894748912089,2.4458216523073144,-1.8775318043626488,-1.59374547424696
0.011726495899097763,0.005132804575254717,-0.007629428111098282,-0.002702168491003562,0.7047562990654994,2.5973431291176534,-1.8170619139034778,-1.70893372594942
0.011655796066276508,0.0051019705214398825,-0.007664278607413058,-0.002586601087251394,0.6945950378537576,2.51582452201311,-1.8638607819506827,-1.6424631310368787
0.01168091804719421,0.005107689961225043,-0.007646701991034425,-0.002622771327906618,0.6961298201552786,2.538532243087622,-1.8441454205304413,-1.66338444000067
0.011707029640754959,0.005100963814300474,-0.007614753712809344,-0.002647973852909103,0.6920936300242753,2.5463031540463317,-1.814944315643192,-1.6781604737721343
0.011644770949011294,0.00507109591864955,-0.0076418231099555705,-0.0025444165345699433,0.6816244608640093,2.4721597642880337,-1.8529995707731566,-1.6189021272409558
0.011423271811070146,0.004994079665038724,-0.007749815247967016,-0.0021978288760372664,0.6489947408424687,2.2321789988400997,-1.9876248034192425,-1.4155399634543746
0.012031322317294837,0.005232109283187421,-0.007408993502851612,-0.0031511546189331276,0.7178510705555017,2.8747093886732378,-1.5579332335017566,-1.954369707726673
0.011917217817578643,0.005188813328003061,-0.007491751778160023,-0.0029802937932009274,0.7133536875614473,2.769621805556572,-1.6577510461929859,-1.8636489526556195
0.011949365681601435,0.00519953315163815,-0.007467750856085704,-0.003027244765520457,0.7143445501560023,2.79804347353453,-1.6296602077896414,-1.8888408323246968
0.01198079220955954,0.005200535336867574,-0.007434254892875649,-0.003062294050041842,0.7112711579953616,2.8120067396881105,-1.5968095744631177,-1.906657134777159
0.012007754620155811,0.005210058992795988,-0.00741373996467275,-0.00310153361808445,0.7117403916125387,2.8353073640304554,-1.5727987762973141,-1.9272020157671488
0.011885196085678472,0.005184650892832678,-0.007521716460989228,-0.002940071919230701,0.7148059253405178,2.7494509236668208,-1.6888543918682857,-1.8421854568842433
0.011809067743783838,0.005183344715428386,-0.007599906178907795,-0.0028510731401271837,0.7210237695881556,2.70960063526203,-1.766740691987881,-1.7937553271602096
0.011856036520953555,0.00518011371185453,-0.007547785358722053,-0.0029021854831492396,0.715649458987484,2.729336345451728,-1.7164740558671825,-1.821587447932485
0.011832926634382466,0.005174275882623919,-0.007565805576388978,-0.0028695250914211458,0.7152485943845222,2.709915467838861,-1.7367888356507506,-1.8035202741364968
0.01179497546782715,0.005157153359693144,-0.007586865878255674,-0.0028077858068338243,0.7108539788329155,2.6673755657572524,-1.7648409257152082,-1.7688695386875877
0.011758145956762505,0.00513085655961218,-0.007596281974874601,-0.0027380520697077248,0.7021417766565955,2.6131878154872017,-1.7849933262110582,-1.729271879462751
0.011780584920871685,0.00513670188854212,-0.0075800473810088516,-0.0027703094314092606,0.7030633753759596,2.6331020873650046,-1.7665420167377779,-1.7474659049928358
0.012153739940770602,0.005317859919604141,-0.007349325281708663,-0.003376689759619557,0.734318555586626,3.0368077710917554,-1.457769681589398,-2.0741537586592207
0.012057871522104531,0.005248012656811796,-0.0073943350510721284,-0.00319697723920202,0.7207206696537795,2.9063535068019655,-1.5362605987924816,-1.9787245245276075
0.012078874202866794,0.005271341862653464,-0.007392957779837584,-0.0032456956874942103,0.727206695018924,2.946908097880324,-1.523408942547371,-2.0055936731665356
0.012104710643174215,0.005289811135388449,-0.007380733219624617,-0.003293842951402719,0.7309271417969371,2.981824651235755,-1.502346899639068,-2.0312505213892362
0.01213888130383868,0.005298425666134429,-0.007348394224313589,-0.0033384867013012648,0.7289717243328939,3.003580081793093,-1.4671554451868896,-2.0529310070591067
0.012172881385185068,0.005324420142832846,-0.007332357742358991,-0.0034035358786218863,0.7335087514392291,3.051004571114634,-1.4381822333607372,-2.087189588351608
0.01218786621511074,0.00533735323151398,-0.007326439825125984,-0.0034340221167631904,0.7362784763001025,3.0739953127592554,-1.4255189028812871,-2.1033065262494413
0.012210539442159551,0.005343996486778182,-0.007304738802011717,-0.003464127093926111,0.7346919292630103,3.0884079287034827,-1.4014245245800132,-2.117420154740237
0.01224183896198913,0.005349185338711766,-0.00727056413719684,-0.003500230587855715,0.7310932976744907,3.101296167356909,-1.3666517944410705,-2.1331160550876653
0.012269620126525133,0.0053540741285262655,-0.007240138856612801,-0.003532115724873192,0.7276360496264411,3.112385991652087,-1.3356898315079544,-2.1466976263800537
0.01229735516605769,0.005359987871792615,-0.0072103716429811225,-0.0035647849479844913,0.7245538589365365,3.1243214436723274,-1.305032662940936,-2.1604701448704127
0.01232431592023222,0.005368742120329993,-0.007183841407772199,-0.0035999592398382424,0.7225468228268532,3.139982039449413,-1.2758535989702144,-2.175769591409807
0.0123531710806491,0.005375935277223422,-0.007153071130316901,-0.0036343437710517333,0.7193322590481853,3.152567135829296,-1.243820781778421,-2.189857039052283
0.012381423343740677,0.005382119710799629,-0.0071218010148093236,-0.0036664182345467534,0.7157840404783942,3.1627760919710166,-1.2121968553644926,-2.2023416206035935
0.01242452639689068,0.0054527021667785495,-0.007127148694286731,-0.003796144718419659,0.7319790138997978,3.2754244182257435,-1.1739212148543012,-2.2715159536458702
0.012454967108043611,0.005458138949083793,-0.007090603055744485,-0.0038282436565201636,0.7269506149315372,3.2820354069862923,-1.1380013996017553,-2.2823655773352787
0.012490422707157842,0.0054891854916841185,-0.007068907891225696,-0.003898888832886462,0.7295460722295544,3.3295826057465354,-1.0986173671186015,-2.315499645648426
0.012480219745709942,0.005467225762773507,-0.007063975444083333,-0.003860642669146251,0.7241911812718065,3.294343466862498,-1.1087867138426275,-2.29471206057669
0.012417577674419304,0.005423072593785334,-0.007110251650410716,-0.0037505872079069687,0.7227630531625193,3.2273235344450693,-1.1773669555294226,-2.2448640440374894
0.012411045689061914,0.005390059930335779,-0.007089914241754698,-0.0037014258373282856,0.7124185315150918,3.174945567019573,-1.1793057403953773,-2.2159483144574263
0.012519325988338416,0.005496226816166954,-0.007034752766768028,-0.003930886756962183,0.7248112986763702,3.336963429640576,-1.0642236360455708,-2.325939219314478
0.012546132214286784,0.005511073699534414,-0.007009758729471459,-0.003971724555928293,0.7233706026068177,3.356889278185504,-1.032706396584804,-2.342278459826298
0.012572649624068283,0.005529972318833041,-0.006988068181267668,-0.004017813123770051,0.7230682905797855,3.3830946365305,-1.0011325305584926,-2.3617416166735077
0.012601697185139323,0.005540034766024885,-0.006954927657031215,-0.0040527937347054665,0.718958033257817,3.3929445063793575,-0.9660850655023455,-2.3729464573071843
0.012629034008513798,0.005550534708888232,-0.00692419094801289,-0.004086710888561245,0.7153098282824573,3.4031508874311354,-0.9329723908706847,-2.383807979461445
0.01265616197492322,0.005560474167522647,-0.006892934597712656,-0.0041192116023043525,0.7112546163938241,3.411671089948227,-0.9000004379363747,-2.39357136222031
0.0126821303505812,0.005570221830871395,-0.006862848509422215,-0.0041502295360119614,0.707518479094888,3.419500585951081,-0.8684262764061196,-2.402551788858306
0.012723770763074058,0.005601642643463743,-0.006825948092541165,-0.004222344353393918,0.7060477830672908,3.4567734290327947,-0.815730140757495,-2.4297199687154
0.012705631689097129,0.005583198282818092,-0.006838525520078217,-0.004184024699321809,0.7051439151629794,3.432863023325058,-0.8393826430462595,-2.4138585516674547
0.012751614322943387,0.005600540062359149,-0.006783923889017689,-0.004237369899355422,0.698115606338496,3.443810468568769,-0.7831532928678246,-2.427566696497006
0.013403529881548928,0.006135199928095189,-0.006033576823155383,-0.0053108313094628315,0.61473381167883,3.772914872431801,0.19013704770680798,-2.648931013271708
0.013424960282328013,0.006152473192222141,-0.006002783655791369,-0.0053408857182615805,0.6102938391930463,3.772106488713848,0.22377953258279842,-2.647688274000107
0.013497873047944281,0.006236737513898504,-0.005903021836352827,-0.005484688245938221,0.5978211108661967,3.798962815688658,0.3629632544897165,-2.6555628200203194
0.013486094147466236,0.006209909798005395,-0.005915587203570895,-0.005438677481004548,0.5981024383446477,3.7770940779277518,0.32739490793386855,-2.6464204224730676
0.01346951426913083,0.006187979657152285,-0.005937559990862985,-0.005401438833158413,0.6006397844734533,3.7675020461837927,0.2932317065883416,-2.643089406902279
0.01345024951493231,0.006168453505847816,-0.005964548997967857,-0.005368244389309217,0.6042955973993437,3.7639763587347304,0.2593329314213321,-2.642563691075956
0.013253833888123059,0.006024765271223862,-0.0062436523196862685,-0.005108161307867626,0.6456141608441007,3.7742127582171823,-0.038183058494151406,-2.650489510056097
0.013229100555952309,0.005994002022488879,-0.006270731328519783,-0.005051852008175526,0.6480464884892153,3.7512699262005773,-0.08514308838562996,-2.63831144355891
0.01325390411373614,0.006001653800345323,-0.006232616739231648,-0.005069076025679607,0.6414541603011231,3.7379267525909374,-0.05530038717709812,-2.6322614543828937
0.013271749365061217,0.006034016899974194,-0.006217508234192661,-0.005126592737960778,0.6413946751074983,3.7696189900999357,-0.013822277815497972,-2.6485245278189473
0.013404702297567678,0.006110034958520355,-0.006022314828497668,-0.005267674841075698,0.6107428936232768,3.7349773334221994,0.16904318150570832,-2.6305836542856205
0.013301010796670218,0.006040437350371777,-0.0061706999710234725,-0.005141373424666897,0.6331712235043742,3.748079332649001,0.01890510788101044,-2.638116255879167
0.013379839891348971,0.0060971167902967496,-0.006059901770632158,-0.005244628157964283,0.616595036169325,3.7449841462601383,0.13649752130602913,-2.636084736059869
0.013358486900929908,0.006089469572508491,-0.006093393647878369,-0.005230301557008214,0.622467906536123,3.758185453817892,0.1111432679340452,-2.6428949404619404
0.013324489798953768,0.006053384490191312,-0.006136446735692614,-0.005165956562469192,0.6276613244843824,3.742157665306227,0.05082695050879198,-2.635262299731306
0.013343661602976904,0.006070781807862176,-0.00611110424990026,-0.00519730493242608,0.624147657842388,3.7470467052291556,0.08231836548511819,-2.637593923662502
0.012892750254245687,0.005733683427091701,-0.006664679522252707,-0.0045153128312183785,0.6948984493786082,3.595622059971459,-0.5869982294943333,-2.529096446071176
0.012785706732236593,0.005669750641675765,-0.006784243839774484,-0.004360911495947113,0.7087294297438368,3.545334816103708,-0.7302960181499695,-2.4868952988035944
0.012812195892105279,0.0056836161839239965,-0.0067539504969804645,-0.004396732236587969,0.7050378851304353,3.555750689579973,-0.6957085303055858,-2.496537780868135
0.01286094778037597,0.00571130544544813,-0.006698615283466713,-0.004464880656929008,0.6984487710916284,3.5763611204995596,-0.6310103705741139,-2.514569921318753
0.012840788694376565,0.005693368981939481,-0.006717053972075442,-0.00442688680826881,0.6993191349486051,3.5571788521494194,-0.6595832316006079,-2.5015550953298136
0.01288519154483476,0.005709004594083976,-0.006659474327675598,-0.004473290780712073,0.6906145061025262,3.5585290160782743,-0.603560399711638,-2.5085242139929416
0.012916724977733619,0.005741529730178471,-0.006632493449812038,-0.00453881442736894,0.689823864997572,3.59396706253198,-0.5567508951407821,-2.531335819019596
0.012942510573974716,0.005753619558969686,-0.006600052222909383,-0.004569358239447215,0.6852207183215181,3.5976562595694936,-0.5230499443016406,-2.5364506058329988
0.012782188483159932,0.0056415143851093995,-0.006768689623697539,-0.004316156279072191,0.701480416690094,3.4989296152810296,-0.7402421521941293,-2.4618271847133992
0.012779729920644111,0.005608307743639902,-0.00674797086822681,-0.004265097585275042,0.6926742659715858,3.4447524232805367,-0.7493115251782422,-2.4326008884577983
0.013069983066156136,0.005887915645668161,-0.006478737799630403,-0.004834397003427808,0.6777525561693843,3.727088489847907,-0.3187380352756353,-2.6168427819366253
0.013055664281889026,0.005871503811254896,-0.006492493207295988,-0.004802696403687124,0.6784578365035278,3.7115906081080214,-0.3433294358732382,-2.6076407524894454
0.013105885168932872,0.005922180947915703,-0.006439171607008939,-0.0049021961596829025,0.673686448329848,3.7529842299518497,-0.2600086260178958,-2.6328615084595817
0.013092111925578048,0.005908757536586689,-0.006454351933246157,-0.0048758023850411945,0.6752507860502713,3.7428491871132157,-0.2827714339707473,-2.62667710549284
0.01309101781749449,0.005888493330432295,-0.006444460984972007,-0.004842010838009767,0.6710652508531849,3.7100240949758514,-0.29555089227525816,-2.609709882780578
0.012969465604587387,0.005794949229650858,-0.006584289556041136,-0.004646366576810018,0.6874308581862766,3.648765607994171,-0.4761461257510419,-2.566360672302902
0.012991733085095875,0.005806280438724244,-0.006555904303940784,-0.004673510528247612,0.6832481341524569,3.651756340598787,-0.44614387386157883,-2.5703474634265535
0.013013821891925185,0.0058216316863071264,-0.006530047309985354,-0.0047067058480826296,0.6801040445967502,3.661061228678068,-0.4144798305929469,-2.577485986624455
0.013040162505846812,0.00583017486381121,-0.006492819527489796,-0.004730130003894411,0.6739272393700185,3.655045684483008,-0.38136138337222864,-2.576873266564034
0.01306192144473422,0.005843890225911957,-0.006465859666131646,-0.00475983519029763,0.6702954024743333,3.6604694638214137,-0.3508357139556572,-2.5816471463289745
0.012968991182329675,0.005766102051146615,-0.006566440201569135,-0.004600340978148169,0.6803009978477116,3.6007272577666414,-0.48840265459531834,-2.541151346472391
0.01322892926251551,0.005961417174421907,-0.006255093053390383,-0.004997252830826664,0.6419905452648828,3.700184101750519,-0.10785804244919793,-2.612444054708419
0.013130779969067703,0.005922735269347766,-0.006398104113364973,-0.004910130101527128,0.6657096841867366,3.731150284846792,-0.23305117096097422,-2.623380032142126
0.01317503377974984,0.005942400241853319,-0.006335145988991374,-0.004954056761091418,0.6555214047287952,3.7219485352803647,-0.17463179572792586,-2.621206667641211
0.013202716851148173,0.005949508381312363,-0.006292765079041443,-0.004972115391143054,0.6480026788675843,3.7069316429470267,-0.14190237963948435,-2.614849145604378
0.013161996433366087,0.005917912353976894,-0.006343821523593716,-0.004910311264565114,0.6546025094199671,3.694843790391691,-0.20335664771368744,-2.6066219176085887
0.012959672502919389,-0.005882705658436703,-0.006657837373783211,0.0047851597289903765,0.7130689956472931,3.8104381713697975,0.4475223146621422,-2.6487929650980355
0.012975383210449352,-0.005886794352961303,-0.006634475397974077,0.004798325798128131,0.7087281076285522,3.8049677449196335,0.42686895499852634,-2.647744986033515
0.012948590434001565,-0.0058691479806054795,-0.0066670984408375095,0.004758099303861432,0.7131196115913206,3.794728526829474,0.46725562972515083,-2.6394774105696377
0.012940810169317557,-0.0058500624379636814,-0.006667041424920865,0.004723401210892353,0.7107213038198775,3.766368736230151,0.48534044282332617,-2.6239841910475232
0.01292878705824877,-0.005836477605058042,-0.006677478043803877,0.004695958324892866,0.7110626617493857,3.751056633471304,0.5056292999389241,-2.6146349269283693
0.012876392010907824,-0.005800397961456498,-0.006737200088177284,0.004613182621157796,0.718241991407599,3.723286855728816,0.5830678518579391,-2.5934084534688875
0.012887769639213474,-0.0058135685844168524,-0.006728173844603328,0.004639905426817113,0.7182390262282778,3.7393106825183158,0.5642948895786634,-2.603256409269519
0.012916834242826636,-0.005823517692289047,-0.0066880441740504335,0.004669541178723614,0.7115097343889544,3.7365514977134144,0.5253678239323581,-2.6056539908954175
0.012905464359085737,-0.005809476342462771,-0.006696749368938027,0.0046416252427326195,0.7113619996175102,3.7195132628337997,0.5446570971900702,-2.5953759412457944
0.012836006617074796,-0.005771229747540897,-0.006780745548360673,0.004546157504014311,0.7229027979350301,3.696702702275919,0.6423455944078896,-2.573789770688434
0.012849828095633491,-0.005780188708857705,-0.00676525511485426,0.004567559317819366,0.721056232672603,3.704210966309509,0.6225071062718336,-2.5797349843949537
0.012863416996931599,-0.00578971559744427,-0.006750399881411419,0.004589642114984193,0.7194333607711498,3.7126335224358606,0.602674679157558,-2.586066027060587
0.012757654081672462,-0.0057181004626882465,-0.0068639827704397366,0.004419191928195989,0.7315220288716496,3.645065911732026,0.753676679669382,-2.534351032688417
0.012771622372900466,-0.005727139393580463,-0.006849173345721884,0.004441381794912165,0.7299806991585434,3.6540990127200295,0.734183252939551,-2.5414188878486494
0.012785255621715747,-0.005737490997156867,-0.006835733263061239,0.0044653337219190325,0.7289007494816958,3.665432608774782,0.7146727356474956,-2.5495731444435417
0.012801905939897768,-0.005749649197089927,-0.006818730366879295,0.004493720741870102,0.7273532926445556,3.6780556078148123,0.6907926125796865,-2.5588273832952546
0.012821668338119029,-0.005761273847288702,-0.00679617204126991,0.004522789206937345,0.7245742499918263,3.6874187252270993,0.6630694250217638,-2.56678627968225
0.012621000093948578,-0.005638665114587643,-0.0070083702530735195,0.00421047258966318,0.7465956882437884,3.5598608166224537,0.937947833089071,-2.4640316250773786
0.012637412999367416,-0.0056389334059892635,-0.00698406088059822,0.004222167241512351,0.7418218680595373,3.554506675771987,0.9171349513548485,-2.4646496752275002
0.012744582505647787,-0.0057074957788762135,-0.006876033768533125,0.004395013485814814,0.7322512344332425,3.6324442115975786,0.7722998062803258,-2.5255261962273905
0.012760368352495891,-0.005702498341423076,-0.006847783357837504,0.004396610791151138,0.7260157350585956,3.6154693720333086,0.7538747942141105,-2.519421020560904
0.012732412825959894,-0.005693507365958826,-0.00688389103777958,0.004366119260332593,0.7315432018801545,3.6130358042144466,0.790314984499898,-2.513280501292457
0.01266440271689474,-0.00564407822169658,-0.006947835168246314,0.00424795818884944,0.7359311920840129,3.5535692621048094,0.8827486111173519,-2.469562012431961
0.012653440571198278,-0.005630269492428728,-0.006953009821060715,0.004220022528876768,0.7345729288285267,3.532947271729014,0.8979231628565375,-2.4566455740215805
0.012718239323991576,-0.005676517027266729,-0.006892272683993444,0.004331429853032164,0.7304795096551874,3.5891165609278244,0.8110499031656292,-2.4982621378194767
0.012700516905457033,-0.005661722372268516,-0.0069075290159311695,0.004297879051502037,0.7310195493905621,3.570456090752604,0.8354178393558885,-2.485272054734335
0.012680956346797546,-0.0056499864074673,-0.006927709776802169,0.004267655028941237,0.7329894021594284,3.557603256715923,0.8613785001579509,-2.4748733556353986
0.012610914420330029,-0.005620278443124389,-0.007007970794004966,0.004176086428785998,0.7432526934754585,3.5298765178702127,0.9519533360206215,-2.44637597451783
0.012486491408339732,-0.005531627558700392,-0.007111507686257921,0.0039551333072553865,0.745680827384848,3.4028116333168,1.1072480505825062,-2.3524842527301177
0.012500854959001235,-0.005541615872327257,-0.007099992560616609,0.003980520515846687,0.7454685594036876,3.4178437010792355,1.0900335974753756,-2.3636755659662794
0.012514626028977805,-0.0055552534570885125,-0.007092348675240021,0.004010595511589184,0.7468625216951469,3.4392104378604818,1.0735353345231127,-2.3779750235229504
0.012552577784485314,-0.0055766308868261645,-0.007056328458488063,0.004070055923151326,0.7443243999165104,3.4686192267595066,1.026476989157744,-2.4018959347857654
0.012543562297555967,-0.005564655222829146,-0.0070590312803730125,0.004046055865974643,0.7425691900556037,3.449581499904092,1.03760640458991,-2.389990356178183
0.01253209847455023,-0.005553434576001809,-0.007065796298216279,0.004021340326700403,0.7415821821886275,3.432470951811029,1.051617938819558,-2.378503629521848
0.012597993559178481,-0.005602932743602991,-0.007012469298743385,0.004141390776584709,0.7409683035953037,3.502908488262746,0.9690620542927618,-2.42963000515712
0.012567204088367173,-0.005581163860877893,-0.007039009574968227,0.004087413769046214,0.7419542852650336,3.47292813421743,1.00813257978953,-2.4073876462654424
0.012583036519028805,-0.005589729899890098,-0.007023237100640457,0.004111374289340505,0.7405824519506141,3.4838116010669027,0.9882012783153301,-2.4164947933341145
0.011099993202053468,-0.004885056781497332,-0.007858643049835334,0.001684241917153641,0.5818425614438301,1.864610971283214,2.1317379448086693,-1.1061824900458068
0.011228106936258253,-0.004941469747836354,-0.007837328525145062,0.001897677905832993,0.6165718030890989,2.0239687082349795,2.092569655216543,-1.2339361959295851
0.011125390649106927,-0.004903511498750687,-0.007863172078380965,0.0017309925925040792,0.5918230658310603,1.902109614693668,2.1305618823168726,-1.1332688242384228
0.011149174057455816,-0.0049239260193399675,-0.007870537039361232,0.0017770518532157066,0.6024422451501144,1.9401922547021118,2.1316247580858625,-1.1596451946278703
0.011203011751670872,-0.004925674574644392,-0.00783706885792546,0.0018525835850260214,0.6080158991968863,1.9885645410791801,2.0972979042335376,-1.2075027246656103
0.011178423329357912,-0.004913549639774808,-0.007840130364691908,0.0018107842430084159,0.6009328133322709,1.9569206568939745,2.1041718608924507,-1.1826419121893097
0.011255199449243854,-0.004927737231354749,-0.0078035687244498424,0.0019249862885095108,0.6129730286667808,2.0344182754117,2.062939551429873,-1.253000862194737
0.011284129762139095,-0.004935893856219279,-0.007791976037032792,0.001969675646560602,0.6182552726333389,2.0656957644577525,2.0487358091189303,-1.2800778317940222
0.011317105594268061,-0.004959650965849555,-0.007793850955193858,0.0020310888801944264,0.6300853096962453,2.1148045418198715,2.043077432014939,-1.3157084090403794
0.011310605069080618,-0.0049249057800171345,-0.007761045111025849,0.0019970487160951133,0.6156610576339934,2.076918533740692,2.021257955500669,-1.298433110693344
0.01150143769271233,-0.005031194594650822,-0.007725727608058293,0.0023294201982057582,0.666274808976377,2.329368444833697,1.9509580310794103,-1.4927426648972266
0.011473498544939613,-0.005016526020901693,-0.00773325550796259,0.0022812234661837923,0.6596740641649799,2.2931883534387167,1.9635190358263277,-1.4645752084831107
0.011445662791853613,-0.005001743604020483,-0.007740094508718418,0.0022331178477202913,0.6528884683914068,2.2569675884055447,1.975351781819495,-1.4364468089506026
0.011410796419715664,-0.00498765080440864,-0.007752755955381183,0.002176439116843252,0.6459090966037419,2.216113871102174,1.992715657011495,-1.4029550073184578
0.011377985390634249,-0.004959741957348573,-0.0077482148620300825,0.002111792311908388,0.6330421324891587,2.1631502833629637,1.9973141053103605,-1.3659162337315074
0.011350370509408944,-0.004948506225707252,-0.007757082139888424,0.0020669905409170988,0.627194784291487,2.1307699895015864,2.009782655064054,-1.33938169384631
0.011534122530636709,-0.005018652254808067,-0.007684575855208798,0.0023603507788407907,0.6610516547549584,2.3390918903044704,1.9142046963749344,-1.5124277533733959
0.011617261207857991,-0.005050261299507873,-0.0076449462648352715,0.0024916717695267084,0.6735219618731553,2.43045297573762,1.8637409494464818,-1.5887653072768744
0.011567336924740828,-0.004993061969062823,-0.007629076039081716,0.0023797182417624237,0.6503648313509404,2.334104120522571,1.8682315546324126,-1.525554959796503
0.011595185089216592,-0.0050063039878010885,-0.007618588814089166,0.0024254252421474585,0.6555450601687309,2.366812631671938,1.853359537441763,-1.5517927591669347
0.011614136779961665,-0.0050218897412486405,-0.007618025833030206,0.002462377352810786,0.6617192969229505,2.396323704702149,1.8473180020095317,-1.572753367022662
0.011657651237644569,-0.0050818329934336545,-0.007641219704435089,0.002570106476663278,0.6858462841259768,2.4930528655881155,1.8484682208106775,-1.6335163759550684
0.011687711847554943,-0.005089308860670865,-0.007620902882166447,0.0026136283949160168,0.687797211985172,2.5206387355051376,1.8254851813385422,-1.6586087381674002
0.011651039511899159,-0.005051725446861351,-0.007615744445376385,0.0025342497911130333,0.673264654151072,2.4537027982516517,1.8343322396169872,-1.6136188962829559
0.011765047808150473,-0.005137141520436074,-0.0075960061774845615,0.0027524444809791885,0.7043206854379239,2.6250908064004252,1.7820969859824418,-1.7375098059563856
0.01174486958531281,-0.0051175410250013965,-0.007595440527080353,0.002709202849357401,0.6970898818735204,2.5889565384137376,1.7893691743715794,-1.7129854309484236
0.011719036328327968,-0.005101153016672393,-0.0076034118932062624,0.002662543588201524,0.6914698130244205,2.5537492687485783,1.8036726933351304,-1.6865101528877464
0.01184698338425063,-0.005165208893957597,-0.007541854520481747,0.0028762886235760552,0.7100932135509315,2.7050232031002865,1.716904976158445,-1.8068635767354788
0.011799010286991454,-0.00513291470564496,-0.007557617057448237,0.00278799931768686,0.7000569421478728,2.638219324129913,1.745890559295548,-1.7572810996165822
0.011829526107430667,-0.005147755841205375,-0.007541898508949611,0.0028382831411176983,0.7040511480491579,2.6732221333301847,1.7243279558039613,-1.785367819252943
0.012101982267486946,-0.005336390446252465,-0.007430208639065304,0.0033466933424960072,0.7507435154319583,3.0527732263658014,1.5255953425607272,-2.065031990972329
0.012122477354922154,-0.005334622451156315,-0.007403691444814523,0.003365605608966172,0.7464929718734822,3.055397008193704,1.500904978150471,-2.073163562147412
0.012088250134929722,-0.00532066483890026,-0.0074309033991402955,0.003313606766245356,0.7463207060090841,3.0244063531067673,1.5347075014964826,-2.046538828288216
0.01207186046631173,-0.005307845547891982,-0.007437501333581114,0.0032813017072540643,0.7435661882310699,2.999826981021641,1.5478575473046357,-2.0289848998478317
0.011911367637741838,-0.005214567018171305,-0.007524366071340792,0.0030015554045003594,0.7249211254998978,2.8027026461459403,1.678196852488613,-1.8769825676088698
0.011870329148487057,-0.005172587186759587,-0.00752504365880785,0.0029105563722161207,0.7109155083909485,2.726215527038725,1.6972883471783466,-1.8256884998789327
0.01189681508298146,-0.005188169030752398,-0.00751295301167461,0.0029568687208729816,0.7152083955217267,2.7596469160471497,1.6786841152836105,-1.8513581654269087
0.012032095565338645,-0.005294252906490251,-0.007470359728594489,0.0032233045027139627,0.743883713652345,2.966327258284997,1.5868826762622221,-1.9989240332509042
0.01205388616971939,-0.005297330531257179,-0.0074480661799849164,0.0032500534996141063,0.7417965820341036,2.9782001308881676,1.5635706435058596,-2.0122937737575235
0.012017819425742968,-0.0052764984965591455,-0.007468838549721579,0.003187508598548179,0.7382742024091441,2.93469375259312,1.5943464713018123,-1.9786506109965785
0.011993259330107683,-0.005263740899704651,-0.007483909961888843,0.0031464458817433735,0.7362230344616548,2.906875877095772,1.6153355512406211,-1.9565589957894287
0.0119714569379413,-0.005242627290953129,-0.0074869651445429565,0.0030989441514045844,0.7298891064866018,2.867832720378915,1.6284697972206186,-1.9300589274952122
0.011950702149032918,-0.005226513738469771,-0.007493602690061927,0.0030583111008340145,0.725587839273385,2.8364432955967422,1.6425111758542503,-1.9075643431461422
0.011932713171922066,-0.005213753380481722,-0.007500336272709933,0.003024460077350601,0.7221770994500653,2.8109106382712685,1.654950621401479,-1.8888456861381528
0.012244159247913338,-0.005411883017417077,-0.007327504086400989,0.003582092384875568,0.7554265217257924,3.2027561399190794,1.3837370281465657,-2.1848190810996524
0.012228000359559512,-0.0054051343188122585,-0.007341683091592649,0.0035579665015460656,0.7560722650063807,3.1895276445985274,1.40123813688854,-2.1732743958668483
0.012261099425076999,-0.005403093606410173,-0.007297251261771964,0.003586771866795625,0.748594769003521,3.190090133899974,1.360471470216534,-2.183526850667452
0.012141392022407424,-0.005338142318446373,-0.007384193135199578,0.0033890309328115033,0.7447392213308875,3.0654903715269435,1.4802093351401953,-2.0843293409697026
0.012154288456307203,-0.005348048886061552,-0.007378174375187158,0.003414082459112779,0.7466062481540449,3.0840031870076356,1.4689850444142176,-2.097640331252988
0.012217003688635542,-0.005390172706709165,-0.007341129175218271,0.0035283138958403424,0.7521414181646079,3.1632945910048806,1.409601919595296,-2.156788402843248
0.012203420133783824,-0.005374936920870563,-0.007343455526123197,0.003495925842558995,0.7485510441115854,3.1364109901765804,1.4206563035174202,-2.1391856356393255
0.012187247249214741,-0.005361205492169936,-0.007350312612554764,0.0034629772863571996,0.7459558809495542,3.1115648230186426,1.4349920678439971,-2.121778791821946
0.01217064619438099,-0.005350070626268955,-0.007360022277826839,0.0034328409015557267,0.7444191639154926,3.0906647986168596,1.4504715644811972,-2.1061742943262307
0.012139517769526428,-0.005319285241824763,-0.007367950603650741,0.0033642496206311447,0.7372549285338118,3.035634482660798,1.4747237832052325,-2.069008278649257
0.012294151473890591,-0.005415000313922745,-0.007265772313161616,0.003632781004878709,0.7465132766363184,3.212653816352955,1.3238223733498797,-2.2045307793436333
0.012282770393331664,-0.005395828510172028,-0.007262445772186407,0.0035975098111854556,0.7412752369732959,3.1803661254030655,1.3322167725077139,-2.1849354971785995
0.01248862069915499,-0.005508963889796557,-0.007088614870769369,0.003925008424076188,0.7370375574751344,3.3633671786398724,1.1026806478092175,-2.332557955064394
0.012314392859261815,-0.005418428009728325,-0.007242556304481674,0.003655621970397148,0.7434906309415754,3.2195225318579834,1.3002230459914221,-2.213726773336212
0.012330772582735502,-0.0054254390191281225,-0.0072275744376951384,0.0036794778053779657,0.7427102824814381,3.2317740812574933,1.2820932817538557,-2.22450777386998
0.012345665363500409,-0.005433990267959366,-0.007215819578280208,0.003703944575127259,0.7427936776935239,3.2463108715772866,1.2659861818132008,-2.2359978880910254
0.012451795110919176,-0.0054979479670987175,-0.0071301016341383736,0.0038803365158121676,0.7421867677190656,3.3492705487063605,1.1469379051458912,-2.3163732235219956
0.012471926020214123,-0.005502285557534807,-0.007106021395858377,0.003902522177163425,0.7387170051521292,3.3542813319794784,1.1226070910951034,-2.323865624852068
0.012427381139507926,-0.005472340857958893,-0.007140784806606455,0.003825188091951917,0.7386357913188067,3.3080517783064702,1.1734531057799178,-2.2890388247304543
0.01244471879225249,-0.005479622430078635,-0.007123551849296815,0.003849343423237553,0.7370299825075861,3.3188534348446277,1.1532846710804225,-2.298914352444911
0.012358484224622447,-0.005441276332509751,-0.007205503149586957,0.0037248532696922154,0.7426194975227435,3.258565590167192,1.251978443041881,-2.2457183915149574
0.01238952164567284,-0.005456066392546376,-0.0071774425093809385,0.0037714014702210064,0.7412141360940848,3.282744578134761,1.2170700113491704,-2.266314944968538
0.012372601255503626,-0.005452008394392522,-0.0071964910751383645,0.0037514385507356343,0.7437509628396144,3.2763705559763485,1.236970200048507,-2.2585962635624326
0.01240980296063366,-0.0054412804396179485,-0.007136823011725733,0.0037685548260104986,0.7311023293207509,3.257388732511076,1.1897072554899495,-2.2584889753427233
0.0124257786160696,-0.005452449785835715,-0.007125226870747352,0.0037968295858594034,0.731682509900411,3.2749475992829558,1.172288677520994,-2.2715538995608044
0.013588760238890286,-0.006478170841244201,-0.005795722252909586,0.00590580402738486,0.594831083426537,3.9947318694357743,-0.7016948342552255,-2.7252784153353065
0.013599655970306082,-0.006489364140141307,-0.00577736131707176,0.0059237997645026205,0.5922010174968212,3.9917844121653836,-0.7228065349716536,-2.721697819123234
0.0135668958173059,-0.006455551940617915,-0.005832153141907849,0.005869023325169983,0.6002348336931727,3.999632059797666,-0.658990811615752,-2.7317820049366417
0.013555730562449122,-0.006444253506084242,-0.005850606357421684,0.005850515834623392,0.6031165401267661,4.002052982914328,-0.6374612655608978,-2.7349283700324523
0.013521601034967393,-0.0064111599081571055,-0.005906534383418545,0.005795806362241404,0.6115685195217768,4.009721037396763,-0.5732416544448542,-2.744117690565701
0.013532964074836519,-0.006422126533626841,-0.00588802953326563,0.005814059785613067,0.608868957843204,4.007376555090544,-0.5946077286070154,-2.741230461563536
0.013544386819671706,-0.006433112572214436,-0.005869292094028082,0.005832204740706313,0.6060334487170911,4.00468663371927,-0.6159854740331611,-2.7381041018564667
0.013525948324931364,-0.006395180601474749,-0.005894769040471781,0.005765615916989008,0.6075782795361732,3.9804527206861704,-0.5574882139288099,-2.73144061238974
0.01351469226623224,-0.006384206990764931,-0.005912788543610179,0.00574727822986994,0.6102605743846538,3.9821704705750487,-0.5363763246167491,-2.733888941531372
0.013503380357040117,-0.006373316217210319,-0.005930803574602729,0.00572897608235868,0.6129677755563834,3.9838159732024248,-0.5152926867844859,-2.7362300763791096
0.013492152231257123,-0.0063622818318572714,-0.005948498365858884,0.005710276047513091,0.6155795471630966,3.984852733541786,-0.49407522863308334,-2.738218351748657
0.013480833249400923,-0.006351216478089821,-0.005966221606824192,0.005691409759857595,0.6182055827098293,3.9857072790197905,-0.4727436126086109,-2.7400551474724755
0.013469250818892097,-0.006340316349192101,-0.0059843420895263205,0.005672752273905938,0.6209229783295953,3.9869189835925236,-0.4513778521460255,-2.7419924413025707
0.013593766778529297,-0.006462380170969014,-0.0057837446812161195,0.005875369323909758,0.5910980836691949,3.9658185315063466,-0.6852356610223946,-2.7130757861579258
0.013583115611460498,-0.0064508856162023296,-0.0058013113876814945,0.005856712606045607,0.5936284715202796,3.967515182703227,-0.6641011213248538,-2.71594746152979
0.013281098851850201,-0.006169490777084715,-0.0062625562702753835,0.005364083664294524,0.6623498864576814,3.977677912217398,-0.10943255267025796,-2.7495770027687807
0.013268827947523978,-0.006159341008054579,-0.006279937346919759,0.005344693068712531,0.6649421678172573,3.9762483027488105,-0.08810639221366447,-2.7490315295442067
0.013232251822231611,-0.006129581461376395,-0.006331188099437564,0.005287046107777371,0.6726565175944402,3.9711541090125486,-0.025018676676739193,-2.74658813397112
0.013244325055574406,-0.006139399874542523,-0.006314398960742124,0.005306185740446741,0.6701280123415795,3.973103956900768,-0.04583137879447213,-2.7475908612786335
0.013256563958882514,-0.006149270822567253,-0.006297210299710378,0.005325321244907579,0.6675470452861222,3.974663562402218,-0.066864819342085,-2.7483405986295035
0.013235448495404147,-0.006113471088978116,-0.006317765954395206,0.0052589742961536195,0.6685625470905837,3.9398987536757804,-0.014235318287499082,-2.7315761768859743
0.012994010631987086,-0.005880258531747323,-0.006599387761282167,0.004794811597055724,0.700827121665122,3.7779828078975,0.4083722315536127,-2.6358951233061245
0.013041451662198797,-0.005934860430378425,-0.0065545443364823834,0.004903109782592945,0.6982510851176781,3.833621975973777,0.3240186978376327,-2.668821953471317
0.013026826624157328,-0.005923771462012112,-0.006572265907955738,0.004879403976508855,0.7005489677263534,3.8270557269283887,0.3471645188921313,-2.6641791394127488
0.01300581446414189,-0.005891337244055537,-0.006586916724853589,0.004817639263502995,0.6996185848242202,3.78776693507657,0.38897989933313865,-2.642109498066399
0.013017600661156,-0.005904819034244283,-0.006575831986082991,0.004844400949441221,0.6989941042607518,3.801549071778528,0.36824527554039715,-2.6503070175113916
0.01322432715380782,-0.0061028416985881165,-0.006332215350469162,0.005238536173570166,0.6705022005606152,3.935081303125361,0.0060208215642933915,-2.729095281223788
0.013212640152816651,-0.006091981615037503,-0.006347409100381618,0.005217513596310772,0.6725660428917872,3.9302793351217074,0.026979614869465828,-2.72654605729297
0.013200425288604038,-0.0060812730950088574,-0.0063634609990129406,0.0051965681117356445,0.6748093948197869,3.9260684853247234,0.048298235637644966,-2.724204017748894
0.01317398690806303,-0.0060624173320137165,-0.006399977548179282,0.0051584139222194516,0.6803766156878132,3.9234479431163156,0.09089442885104705,-2.722096226921964
0.013187538446262984,-0.0060709451865117,-0.006380737963326513,0.005176052701517001,0.6772866350862997,3.9229842569177538,0.06996392763250558,-2.722324375582058
0.013174818503161786,-0.0060473402670772666,-0.006390601120095134,0.005132338732511119,0.6770226144242495,3.8966098158016345,0.10160531916699016,-2.708872076555534
0.0131656623044058,-0.006037009249240893,-0.006401004667275022,0.005112455202198218,0.6780841581513167,3.8888139959054935,0.11904131584569488,-2.7046454691543578
0.013155192913819584,-0.006025196563707007,-0.0064127654831618195,0.005089675401639564,0.6792580368106679,3.8796858370715603,0.1388515241796183,-2.6996469233833413
0.013143404946752315,-0.006013251225890867,-0.006426574596782311,0.0050663021032048535,0.6808209873981381,3.871468174724452,0.1600508753977754,-2.6949759663386312
0.013112537782351007,-0.005995547543651134,-0.006469679389796914,0.005027958402152804,0.6877587150865051,3.8723360389210493,0.20594030684362324,-2.6936637252468882
0.01312906849802889,-0.006000257112424214,-0.006444003905350938,0.005040406563664092,0.6829633334120959,3.863767343921921,0.18462598077481224,-2.6903563754201474
0.013101849149457518,-0.005982864054699914,-0.006480702276033546,0.005003303596698949,0.6885604158333551,3.860847455542868,0.22621760386596976,-2.6872192788309976
0.013058599172290346,-0.005926835112716501,-0.006520862013678711,0.004895346624396676,0.6904604214211548,3.803998486018307,0.30919248653544756,-2.6552187160857197
0.013071397778570923,-0.005937486793450915,-0.006505750657362968,0.004917334118347238,0.6885930580902193,3.810867335708025,0.28857407514595473,-2.6597444084079096
0.013083708632753108,-0.00594980903373657,-0.006492288351662584,0.0049418919343786364,0.6872452674348412,3.820823977278042,0.2673753118098674,-2.6657382584654936
0.013094480613350744,-0.005963998593075205,-0.006482342309084263,0.004969095421991962,0.6868149526050716,3.835228539923385,0.2465443458353113,-2.673804120993885
0.013434234439430646,-0.006308218281294032,-0.006038597630903755,0.0056171352769569,0.6291359638187418,3.9901793737833207,-0.38757616074173024,-2.7471805463610424
0.013445902905414931,-0.006318787665309379,-0.006020607744902658,0.005635565963374642,0.6263959012763126,3.9891822018813783,-0.4087224763032224,-2.745571268955356
0.013457586231745351,-0.006329470230999261,-0.006002498003616577,0.005654073348505846,0.6236620502486722,3.9880553613770684,-0.42997840882581295,-2.7438242133289132
0.013438187053458218,-0.006292286957350954,-0.006026327893416964,0.005587898331299724,0.6256291015935145,3.9604805115891826,-0.37328587074174857,-2.733673345265022
0.013427894285887969,-0.006281097559164153,-0.006041345126144675,0.005568229569722727,0.6277192354797151,3.958181852567019,-0.3528310256691633,-2.7335548968499013
0.013400072629782864,-0.006275353113370342,-0.006089860688043464,0.00555896688216176,0.6366653119513578,3.9885248262683035,-0.32352791979043244,-2.749392596586897
0.013388115039050881,-0.00626460296256228,-0.006107786055035727,0.005539731771132688,0.6393608755965429,3.9885391610841125,-0.30190539743019523,-2.7502655974379504
0.013416566762796012,-0.006269721286471208,-0.006058038201264,0.005548178309795332,0.6301163043203869,3.9567875245514976,-0.3313548448830453,-2.7338507558611522
0.013376170165558315,-0.006253964696417302,-0.0061255940841663395,0.005520571843086534,0.6420527684265408,3.98842797867616,-0.28039681975877634,-2.7510018905462417
0.013352505233091639,-0.006233075257477425,-0.00616055090498499,0.0054825790262146255,0.6473213758879827,3.9876618593795556,-0.23795449770128788,-2.7519831814839915
0.01336430174657083,-0.006243421777096379,-0.006143165458014225,0.0055014592527680315,0.6446792978568469,3.988077202132524,-0.2590449611366808,-2.7515465194859376
0.013356304054673522,-0.006217098176231825,-0.006147517330579587,0.005453870993723312,0.6435191505202839,3.9571023601774153,-0.22524519680696456,-2.7377169450163517
0.0133454634636377,-0.006206183568320848,-0.006162689478014418,0.005433975723389675,0.6456417108768672,3.9541182268888,-0.20470098359909558,-2.7367974977048317
0.013334073693363311,-0.006194973844565042,-0.006178591403105028,0.005413436456695481,0.6478820999067206,3.951121790380023,-0.18341279694030957,-2.7358201241622706
0.013322224631364078,-0.006183785335218063,-0.006195179094469421,0.005392808393321762,0.6502605859820455,3.948471040126043,-0.1617580555273297,-2.734943303982279
0.013296989494658776,-0.0061623165647883,-0.006231044778036977,0.005352710744940489,0.6556035888314496,3.945703996573249,-0.11794447677895119,-2.7341932042868162
0.01330991243517028,-0.006172521218789508,-0.006212413309560855,0.005371903616748338,0.6527324262251671,3.9459919290816394,-0.13963089903159542,-2.7340812584951166
0.014144212153727343,-0.0072025894786609205,-0.004662249416834684,0.006906915736720985,0.4494988535461569,3.5989312920207177,-1.889394559440391,-2.2917046652006143
0.014151367768387232,-0.007188208961265929,-0.0046560924600206706,0.006874382771561307,0.4443867772518922,3.5793272494263637,-1.86921039503544,-2.287089440080195
0.014161707094251574,-0.00722868369512679,-0.004618780629004722,0.006936059278703231,0.44604923055002166,3.5743526256508757,-1.9257407463419398,-2.2676430292470093
0.01417039299749484,-0.007241771900939665,-0.004596953602557179,0.0069505445539677175,0.4427351716961372,3.561814952340128,-1.9438017751420151,-2.255427236058466
0.014177677230587419,-0.007227480971556562,-0.004591090025776603,0.006917995879392339,0.4370251750555579,3.5426754188476512,-1.9234016955010638,-2.2513332138540836
0.014152980117106462,-0.007215622843988552,-0.00464054614816618,0.006921516175946932,0.4483971320916426,3.5867424467345566,-1.907608265483991,-2.2797304986979956
0.014168938296590211,-0.007214372230001939,-0.004612815215278913,0.006903552033474626,0.43922812730212996,3.5550395145772202,-1.9054298892800519,-2.2633762587435586
0.014160160976644472,-0.007201289925540759,-0.00463449255309725,0.006889034892853261,0.4417879870399167,3.567284258127947,-1.8873713393661014,-2.2753017996723384
0.01408169626641203,-0.007112136501017045,-0.004812994008219564,0.0068027303685268305,0.4660607800474834,3.680951512223493,-1.759379702617989,-2.3718966229284066
0.014097596534073276,-0.00711048091539863,-0.004784907776305803,0.006785486231957104,0.4589711211422243,3.649115895718982,-1.7585128168794977,-2.355386770516519
0.014158818021209815,-0.00717347556918566,-0.00464991028493934,0.006841670886417044,0.44398439977537535,3.5617364441981962,-1.8425521612040903,-2.28490633480477
0.014149935592801447,-0.007160268851920139,-0.004671421910988881,0.006826747446207815,0.44646755386597076,3.5733924372024224,-1.8241400328647177,-2.296415854437431
0.014140871561618959,-0.007147210634722255,-0.004693081303357279,0.006812095933373861,0.44899084571960296,3.585203569837425,-1.8058753181131222,-2.307896596602084
0.014131736709150385,-0.007134318215827618,-0.004714691258531085,0.006797643368286412,0.45142626643437095,3.596984407244342,-1.7877460248177626,-2.3192512287835974
0.014122656574611377,-0.00712150059207536,-0.004736071048010003,0.006783117747052613,0.453761924158162,3.6084836613351,-1.7695747408478333,-2.330391579087781
0.014113674695102102,-0.007108654218657584,-0.004757184213969167,0.006768302501376797,0.4560650341275992,3.619583319633867,-1.7511959876385,-2.341298044917003
0.014014248039223973,-0.006995881130821342,-0.004974880836400234,0.006647725175104807,0.48143182933085066,3.7443907314906286,-1.587172039867102,-2.449217389761038
0.013998423488740683,-0.006997899134824615,-0.005003401707890146,0.006663934617068692,0.4900238903471965,3.7765278277385304,-1.5862379342190742,-2.465761747151053
0.01392171801763934,-0.006898366915619615,-0.005169284884482322,0.006536095473719485,0.510809119841922,3.8510548684159023,-1.4274770803263819,-2.540367220996699
0.013931442677320518,-0.0069107025920214695,-0.005148710120832757,0.006552315322613324,0.5073784396652185,3.8422747933032446,-1.4476091894700287,-2.531528608716773
0.013937540532566668,-0.006895845364882309,-0.0051403481095295715,0.006520451495994453,0.5027101994777913,3.8189386866097093,-1.4296095301693867,-2.523445301820788
0.013892312172387887,-0.00686154401772447,-0.005230659888314586,0.006487083632432228,0.5193829328227232,3.876626238903581,-1.3668204212351285,-2.565980046107849
0.013898207965713208,-0.006846635276752651,-0.0052219367185346735,0.006455435335771485,0.5134128841651603,3.852739015061775,-1.3492710445583997,-2.5573317207794823
0.013902152668993594,-0.0068737875075634836,-0.005210278695263657,0.006503464510041971,0.5181495990574569,3.868320035903715,-1.3870436334086724,-2.557561094274686
0.013908076552098919,-0.006858891780605253,-0.005201652431056595,0.006471800192467673,0.5102929581616947,3.8445403924185864,-1.3694437092157987,-2.549092663072829
0.01391195464954183,-0.006886061847125403,-0.0051898183358156606,0.006519803453252534,0.5151064749059863,3.859766034230146,-1.4072647671279732,-2.5490358863344422
0.013917942763050731,-0.0068711542279977595,-0.005181258975775464,0.006488034848698059,0.5074206954693904,3.836101994213275,-1.3895551236755574,-2.5406718450213432
0.01392777603053877,-0.006883465691296636,-0.005160805070391828,0.006504232876802899,0.505017328000958,3.827545609308696,-1.409610101602043,-2.532110487080018
0.013904397421491368,-0.0068314179300685745,-0.005213144034273045,0.006423722597212367,0.5124640907254139,3.829560967324745,-1.3254827824309177,-2.5501446208325187
0.013843690080359775,-0.006758319283630067,-0.005333966311804481,0.006324500104757485,0.5289510030422305,3.8747368083080107,-1.2038224626914997,-2.595920623139748
0.01389456404814845,-0.0068190147135241234,-0.0052330820399204446,0.006406970674577334,0.5151063859805726,3.837034495107688,-1.3051499762176355,-2.5579370507110624
0.013853914685961534,-0.006770212262518219,-0.005313956747349903,0.00634080289197365,0.526316183220782,3.867398416228603,-1.2239254734847955,-2.588597447752218
0.013864205247308461,-0.006782171175578555,-0.005293704870411836,0.006357045199559922,0.5235668946867352,3.8597534896800068,-1.2440352426758687,-2.581047379340522
0.013874469967834903,-0.00679430030147755,-0.005273367334957364,0.006373468181826194,0.5207253969587694,3.8520496974123515,-1.2642947014091483,-2.5733700661771555
0.01388460150127861,-0.006806610148887531,-0.005253135790799369,0.006390154016870888,0.517878429037295,3.8444813888206286,-1.284708544072834,-2.5656619643159697
0.014072603630183415,-0.0070993277207831865,-0.004834360460648727,0.006787562777385829,0.4694978215846275,3.692110966324355,-1.7404153567908924,-2.3828601312292674
0.014088540988048416,-0.007097603387975469,-0.004806137337770717,0.006770358228289375,0.46137813736213706,3.660153345060453,-1.7397827490180824,-2.3662831007075344
0.014045084994930427,-0.007061073770271072,-0.00489813707123458,0.006741684335789297,0.478349383311863,3.7249724511154745,-1.6831105050156712,-2.4148436011612717
0.014051688541083308,-0.007046527446771592,-0.004890928523182538,0.006709621885588783,0.47110136606017144,3.703466601111679,-1.6641148437129443,-2.408842986169739
0.014054297909219785,-0.007073796236880271,-0.0048769496279875936,0.006757027121499528,0.4768249431712239,3.714205539060492,-1.7022401928390192,-2.4043067097634117
0.014060948452835694,-0.007059242188128639,-0.004869826038295637,0.006724898162349404,0.4682815009110252,3.6928510442289437,-1.6831446494709181,-2.398410157834565
0.014063470817168192,-0.007086547594687285,-0.004855689383568547,0.006772320949769411,0.4737383430789796,3.7032255112581596,-1.7213452402517688,-2.393657298981528
0.014070198186755657,-0.007071974125913958,-0.004848629474351176,0.006740064036995849,0.4656554719028833,3.68203132904222,-1.7020916130779964,-2.387814983242286
0.014079408173354254,-0.007084757212351083,-0.004827380515844367,0.006755200043028517,0.46346613289472066,3.671109302455441,-1.7209696884615193,-2.37709279280837
0.014058544818859464,-0.007031774219861445,-0.004883740333715345,0.006677675197230011,0.47097910054429554,3.683826565794979,-1.6387783664595823,-2.4045197738647004
0.014049253609557394,-0.0070190457250501595,-0.0049046062940563415,0.0066622827188746485,0.47351565725323735,3.6939655529133186,-1.6197449063341682,-2.4145776976604494
0.014039838680371905,-0.007006372290150115,-0.00492556701007038,0.006646938375931534,0.476091500846978,3.7041262043030527,-1.600688522886103,-2.4245817119331954
0.01403034342641718,-0.006993742425057156,-0.0049465494007629755,0.006631584380913698,0.47862187963699937,3.714227575191203,-1.5815783128501517,-2.4344945779886373
0.013833551851067785,-0.006746376529397013,-0.005353704827545463,0.006307917815994553,0.5315423928926898,3.8816292291506165,-1.1835656535838022,-2.6029743418760387
0.01379242297182876,-0.006698626897708215,-0.0054325365831343,0.006240536317086503,0.5424513346249237,3.9076679872185216,-1.1015595739283575,-2.6298780932867545
0.01380275832318469,-0.006710501283614036,-0.005412912508394292,0.006257448575376822,0.5397870548199379,3.9013896353450366,-1.1221159201407238,-2.6233662429097566
0.013813149050773153,-0.006722372507507475,-0.005393067357373139,0.006274186616727142,0.537010460194126,3.8947562002700518,-1.1425899379649926,-2.616617550591013
0.01382341716338746,-0.006734356417838659,-0.005373323960185757,0.006291053332653253,0.5342208328887325,3.8881887567166693,-1.1631085016019755,-2.6098238912636944
0.013788182942680229,-0.00667106503067389,-0.005441098828074641,0.006191606388954343,0.5417654680217919,3.8868354659359876,-1.0612509611243484,-2.6261933699469555
0.013798235573814273,-0.0066831542169299265,-0.00542228672080155,0.006209126953750408,0.5391878945345675,3.8817541878423607,-1.0818966787553068,-2.620375846448183
0.013777909392800226,-0.006658990998782355,-0.005460193065501154,0.006174086545944014,0.5444055630832948,3.892052111637185,-1.040483960919419,-2.6320234992991627
0.013767391186540844,-0.006646990071305282,-0.005479613305777093,0.006156678201799247,0.5471207378047814,3.897503207786468,-1.019658774487539,-2.6379040346496647
0.013665675783892205,-0.006557722075836515,-0.005663534021771026,0.00603103385522123,0.5754412751666401,3.968865654500554,-0.8502530974920973,-2.696060583898166
0.013654723918318868,-0.006546107360206774,-0.0056826983906942,0.006013074689116612,0.5783311215070124,3.973016352046461,-0.8288846739210899,-2.7006892334430117
0.013610620665613948,-0.006500546252258484,-0.005758745935501915,0.005941627913208402,0.589506093561223,3.988446049787988,-0.74388777499053,-2.7178567555462085
0.013621626478751559,-0.0065118112752249185,-0.005739942478131317,0.00595946611057788,0.5867471980600517,3.9848777564213207,-0.7650436899169727,-2.713823929120554
0.01363264564643425,-0.006523173380315783,-0.005721003114091973,0.005977346398832879,0.5839800117903421,3.981135490925094,-0.7862823448015107,-2.7096257905883827
0.013643685147908825,-0.006534601379015633,-0.0057019086422560915,0.00599520688409206,0.5811870094820777,3.9771659574488596,-0.807561242952784,-2.705240194601597
0.013703168198485502,-0.006577181400439826,-0.005595680700859842,0.006053853815815483,0.5637130551897053,3.9289835528255286,-0.8957591510052269,-2.6709144710277144
0.013692816523634356,-0.00656533220803453,-0.005613929353867818,0.006035719467373157,0.5662831057801497,3.9324562248766326,-0.8747665708926523,-2.6753465498195665
0.0136821844164777,-0.0065534070519252885,-0.005632559896823209,0.006017418746747524,0.5689243204304703,3.936036498167964,-0.8534878974096339,-2.6797941329213093
0.013756652304346388,-0.006635091600034521,-0.005499317497623423,0.00613941693467135,0.5499058714919199,3.9031773491567576,-0.9988148132989583,-2.643822819788008
0.01374577884876302,-0.006623367813769848,-0.005519151204207893,0.006122392327167978,0.5527390219109397,3.9090065721456866,-0.9780774330494598,-2.649728264489433
0.013713558535725328,-0.006588795121797113,-0.005577218216845459,0.006071414350585586,0.5610906766188594,3.9249047317618246,-0.916407200179151,-2.6661604941061365
0.013724223385105296,-0.006600225718991672,-0.005558115556552258,0.006088402103660091,0.5583238090194483,3.9198894950692558,-0.9368720483218264,-2.6609046184099445
0.013734971390446169,-0.006611748059626205,-0.0055387460357074906,0.006105389118490565,0.5555549255274643,3.9145763724566955,-0.9574316734435634,-2.6554210028613503
0.01371903828385984,-0.00657333455725513,-0.0055661947217915805,0.006040857596275474,0.558216049812687,3.898098405172505,-0.897987220757832,-2.655484521962769
0.014327884506704804,-0.007467965752338354,-0.004192502912909888,0.007166117833102364,0.3976681309103336,3.2989372266678205,-2.230845483745913,-2.0146992492168443
0.014311686570991885,-0.007468328829897485,-0.004219380284703906,0.0071860199773892556,0.40525389105228227,3.3293732282197523,-2.236489931638436,-2.030685570505105
0.014319900737551886,-0.007454380768358619,-0.004215005231464793,0.007152914827562913,0.39950334235503004,3.3134610016318375,-2.2146126745862316,-2.028790512747744
0.0143037118419788,-0.00745479580756053,-0.00424195080106346,0.007172719643874225,0.40799944802083515,3.3440539572216514,-2.219965964922867,-2.0447583415078348
0.01431185764220798,-0.007440832708647444,-0.004237485660359264,0.007139678845718727,0.40137886782141935,3.3279046465640376,-2.1982903723991343,-2.042790204772736
0.014295694626951435,-0.0074412878880224615,-0.004264478032271742,0.007159349235056838,0.4108249251859697,3.3586602450486702,-2.2033543611048714,-2.058713736305037
0.014303755947598815,-0.007427322017855373,-0.004259943460973941,0.007126409752163347,0.40328287085790854,3.342271236619672,-2.1818694421215343,-2.0566918555560427
0.014287635004878955,-0.0074278052047061765,-0.004286958263275663,0.0071459110608035475,0.4136653598217425,3.3731704612973274,-2.186683612371795,-2.072563344947864
0.014295600435064677,-0.007413849394697234,-0.0042823720727653385,0.007113103055021907,0.4053150584396504,3.3565624859592824,-2.165344043556218,-2.0704852313487314
0.01427953305524214,-0.007414347890939332,-0.004309378511700437,0.007132413020622212,0.4158118607175298,3.387521105049482,-2.1699826440320105,-2.0863236973590267
0.01428741216945256,-0.007400402133231728,-0.0043047467713477035,0.007099714737811201,0.4076800355285474,3.3707432446675596,-2.1487041172123593,-2.0841513157522438
0.014271388858033656,-0.007400916079949334,-0.004331730097621223,0.007118860462950602,0.4164520346884391,3.4016310543906734,-2.1532466266712915,-2.100014839479379
0.014350920197693798,-0.007536365807734405,-0.004105946383849038,0.007251431533973392,0.39422550066734724,3.2551755386365273,-2.317116472633115,-1.9583688441872564
0.014359174500910914,-0.007522658694160571,-0.004102351495701379,0.007218637594571457,0.3901794264369738,3.2400964183158805,-2.2950178677244115,-1.9575440473926575
0.01435863838087501,-0.007550046640288171,-0.004083166910054407,0.007264282649466244,0.3934936719228237,3.2400942706306934,-2.332780887113474,-1.943588090564762
0.01436688237094958,-0.00753637012775213,-0.004079734057111914,0.0072315638510263075,0.38790477679658064,3.2250827474729724,-2.3108301806350386,-1.9430240293975698
0.014366313539551149,-0.007563751639439791,-0.004060335052767701,0.007277068938329027,0.39195877482520775,3.224834059183116,-2.3483554902515404,-1.928723935939323
0.014374577170532843,-0.0075500931482386765,-0.00405703812127032,0.007244364609190801,0.38572802289040914,3.2099014696556902,-2.3265314157206807,-1.928377633069078
0.014373945598830679,-0.007577480671187592,-0.004037453477774527,0.007289788878595445,0.38991837732922713,3.2094246941211377,-2.363855977219635,-1.9137647369246913
0.014382244403398588,-0.007563845186102309,-0.0040342753581706975,0.007257083227964401,0.38375757801211563,3.19460058278139,-2.3421294687410392,-1.9136139697551247
0.014381534484329049,-0.007591233601480754,-0.004014534777328264,0.0073024354598150406,0.38809685913969955,3.193907265589249,-2.3792663997855725,-1.8987106684567332
0.014389866649125518,-0.007577626390437214,-0.004011472230610329,0.007269740414867841,0.38185153126040955,3.179211767590512,-2.357618690655521,-1.898749939594403
0.014367829181815896,-0.007508749076234914,-0.004098490548798895,0.007185780146425285,0.3894570262957852,3.2276103255371873,-2.2676667529675,-1.960052181110082
0.01434458445858384,-0.007467392524781805,-0.004165523846516966,0.007145817995643969,0.3955100257351407,3.2708494749272137,-2.2191380131540366,-2.0024546716074063
0.014352450536615477,-0.007481131778142931,-0.004143116243922403,0.007159083762838162,0.3934372647397109,3.256423657893236,-2.235333121218537,-1.9883842710530761
0.014360195494258097,-0.007494932898237585,-0.004120766962758833,0.007172433086409933,0.3914035990381388,3.242015260651041,-2.2515342056811445,-1.9742442648551748
0.00873753651516138,-0.005117077047197914,-0.008010016108339952,-0.0020706930813490228,-0.03186456715598856,-0.5795023523394861,2.485246616489532,1.340244057892941
0.008721912599306806,-0.005121068181356057,-0.008003074001821776,-0.002096215378887663,-0.03532446594314395,-0.595780040866646,2.4816851804429336,1.357781313941121
0.008676491877465614,-0.005134249479895567,-0.007983879855918903,-0.0021713888947580903,-0.04519746850096384,-0.6430202691094443,2.4720493940312096,1.4094728622959314
0.008691468739130653,-0.00512997292436965,-0.00799043446209939,-0.0021466882889632053,-0.042001249076038534,-0.6274259365918051,2.475402733923896,1.3924425465376886
0.008706535938680501,-0.0051254803616752895,-0.007996662612850513,-0.0021216592172618436,-0.03871762849088169,-0.6117642630884159,2.4784934095311466,1.3752455087926394
0.008664955942970962,-0.005122448003316477,-0.007961093640052166,-0.0021785734204508825,-0.04562296774593319,-0.6562587004252266,2.4558418060746026,1.4165336296631506
0.008573615010253595,-0.005145990274667203,-0.007914559778207778,-0.0023252170127961926,-0.06328364605257909,-0.7511216769143453,2.4297753859635676,1.5187562723603485
0.00858917591018933,-0.0051425179463320285,-0.007923477989022239,-0.0023008125072223533,-0.060498898881641894,-0.7349448250609996,2.4350205609469344,1.501593634558769
0.00860427417761766,-0.0051393842577029695,-0.007932262252803956,-0.0022772627018117606,-0.057760399436958536,-0.7192215058447272,2.440192128845471,1.485023861408644
0.008649569245168106,-0.0051254068526117216,-0.007952445544120555,-0.002202605746648547,-0.04861110558044245,-0.672316120532933,2.4508673857175087,1.433347093854434
0.00863366827418507,-0.005129105606752155,-0.00794410286119112,-0.0022278838010193936,-0.05172121918202136,-0.6888485654478477,2.4461640635350257,1.4509661803133704
0.008619110389338984,-0.005135027691278053,-0.007939273208364005,-0.0022530243501645655,-0.05482476146668478,-0.7038315075038936,2.444002797429915,1.4681741325701945
0.008557879617100741,-0.005150062192390726,-0.007906038905899337,-0.0023503003764119533,-0.06611148258721829,-0.7674445136593082,2.4248421599479717,1.5363474304909917
0.008527096191286613,-0.0051609211192559755,-0.007892261572512245,-0.0024016969374607102,-0.07187892913800996,-0.7992830683632456,2.4174176019466924,1.5720955867256834
0.008542088246199895,-0.005154829268639373,-0.007898119396656996,-0.0023759945104239216,-0.06899608998991137,-0.7837961558867031,2.4203717206742557,1.5543053955424666
0.008408474896789732,-0.005178639093471447,-0.007805999515252657,-0.002575804739168701,-0.088522367852501,-0.9215927621706843,2.361764974501279,1.6971453105474013
0.008515468755494675,-0.005152193427477922,-0.007872137265373445,-0.0024099089970808776,-0.07229515512328137,-0.8115172356338324,2.40286970790076,1.57941807874432
0.008501731226818177,-0.00515425486905433,-0.007862512258359237,-0.0024302291711261258,-0.07434949097603753,-0.8257054401451757,2.3967647395248863,1.5939410283708118
0.008424991399927159,-0.005173948668091343,-0.007815977827024605,-0.0025498635736163045,-0.08612768087519823,-0.9046486971242925,2.3679999001483836,1.6787362318814696
0.008442198592868195,-0.005170578215742045,-0.00782791684066336,-0.0025241390163352434,-0.08380360629319682,-0.88701028278341,2.3756986659595274,1.6603311280858015
0.00845687129098379,-0.005170406272775233,-0.007841040622095705,-0.002504562909345367,-0.08205438610651843,-0.8719636360581011,2.384574829330487,1.6459824458775638
0.008470435710581417,-0.005163055645995463,-0.007844852300917913,-0.0024799115158435987,-0.07946857538227804,-0.8579524745314925,2.386155426330493,1.6289819380883894
0.008486015115039028,-0.005157810511091111,-0.007852732422742537,-0.0024544447476044506,-0.07681460667627381,-0.8419039044350415,2.3907257908612998,1.6111130744024644
0.009188353971270302,-0.004970044462047305,-0.008108835496370308,-0.0013075802827979355,0.08685231531098818,-0.1193559380366322,2.5144856075707955,0.8319023708945931
0.009219862187603222,-0.004964894557841484,-0.008117222071422287,-0.0012568260905775003,0.09573972997067227,-0.08667924069692888,2.5176812071491543,0.7983599870417074
0.009204002532269032,-0.004967324585474732,-0.00811288368504895,-0.001282310768002448,0.0912519704386312,-0.10315766895386323,2.515991454884492,0.8152003783029361
0.009163287536157073,-0.004957543276905125,-0.008082421675229571,-0.0013399163935141104,0.08027562685336481,-0.14827877010663051,2.4981491411542263,0.8542429570449878
0.009178262155880981,-0.004954043958957443,-0.008085473449570528,-0.0013154941804787372,0.08439630293616716,-0.13297706923895516,2.4990426674801025,0.8380655148334392
0.009148191821842048,-0.00495960428901294,-0.008077509370521083,-0.0013638132643572743,0.0761730388335178,-0.16396825918322097,2.4959657679289298,0.8701775594686904
0.009340655524680738,-0.004970130539694511,-0.008173292030661914,-0.0010709642019412719,0.13112715064334626,0.04380094837561999,2.5461784545882513,0.6756874674679126
0.009324843305527212,-0.004974649341005973,-0.008172542984289986,-0.0010975639706228219,0.12644178327592281,0.0277613581821614,2.5469495571489267,0.6929754030035508
0.009307104714052276,-0.004971568232107632,-0.008161947376499347,-0.0011241836021533178,0.12105120441211933,0.008051886184366338,2.5412075844458104,0.7105068093545234
0.009236024232122662,-0.004963062628298319,-0.008122245016599043,-0.001231111485263237,0.1003256262150229,-0.06976593018619241,2.5198187060415713,0.7813650539715217
0.009252985554470312,-0.004961263243614015,-0.00812749707371524,-0.0012041375197686562,0.1051796969544699,-0.0519882934158012,2.5220450623755237,0.7635606591884371
0.009270704082013076,-0.004961274673557637,-0.008135016790797018,-0.0011767061683496019,0.11028302169613026,-0.03303705727677489,2.5257643257574682,0.7454154422920731
0.009288430054834639,-0.004964143287325471,-0.008145705255467442,-0.0011503491000391939,0.1154698555432505,-0.013484511905758986,2.531644845491897,0.7279282511456353
0.009624486655292372,-0.004899876122483662,-0.00817517816062721,-6.012946184690298E-4,0.21549990423516,0.3325675956081507,2.524821256561267,0.37015611390374964
0.00964310967645631,-0.004899197089717529,-0.008178279741046457,-5.71618491540321E-4,0.22127136419536877,0.35240624985279995,2.525446890144002,0.35098688901765446
0.009613378725400403,-0.004885154612247158,-0.00815566131715549,-6.156445162623749E-4,0.21064752134898104,0.3168948662211986,2.512433247087832,0.3787799046250706
0.009580072010365983,-0.0048834257751100745,-0.00814600529788538,-6.67612120655784E-4,0.2002370551368722,0.280807101834041,2.5085134178600303,0.4124265415694596
0.009597608320294241,-0.004883741585472334,-0.008150478257488521,-6.401416998630373E-4,0.20564195340457844,0.29964923686559847,2.5101629394842395,0.39460479495059836
0.009380880655731824,-0.004951983678670233,-0.008166750048811471,-0.0010010480869177849,0.1429292778916171,0.08312865318168454,2.538483193889421,0.6303028544909705
0.009363022968152427,-0.004951189491070775,-0.008159390096056237,-0.0010287938963061559,0.1374950251347482,0.06379755810711694,2.5349194159374817,0.6484395460402852
0.009345161234347744,-0.0049513631962841385,-0.008152979105077495,-0.0010568211030045002,0.1321313894233538,0.04467678876466145,2.5319992448179733,0.6667970722673422
0.009390978365437754,-0.00493590531917383,-0.008151495991847056,-9.795552870271007E-4,0.1454937829238416,0.0904711782131415,2.5273069643890795,0.6164054146795911
0.009418412879470504,-0.004906175261421767,-0.008126235308595908,-9.266650743943412E-4,0.15262660090849225,0.1133631318857481,2.507862492073572,0.5818720416277737
0.009402510128812634,-0.004919027650859295,-0.008135807929562216,-9.557306450228494E-4,0.14840216211876667,0.09915063251154653,2.515677762012975,0.6009141214794953
0.009561920891241622,-0.004885392144030262,-0.008143847810610784,-6.965620028910696E-4,0.1947939813557554,0.26187094236882263,2.5084913278126675,0.4313119515786468
0.00954258784459099,-0.004892971241274531,-0.008147701328212463,-7.288176202483883E-4,0.18950620877647625,0.24301204325128237,2.5126548051481667,0.45251701051663623
0.009435637558020413,-0.004900024796950459,-0.008124733731570967,-8.978938929565325E-4,0.15751662800278732,0.1303913955963452,2.5054582233502085,0.562995319931196
0.009452942191772179,-0.004895367640437625,-0.008124820479592952,-8.695257529988037E-4,0.16244946203873456,0.14781938160410044,2.5041407272379863,0.5443749373032979
0.009471539462491437,-0.004892503732914684,-0.008127202564272365,-8.397222743022845E-4,0.16786812456254874,0.16701322677647942,2.5042965471827494,0.524833844056877
0.00949705669118197,-0.004891181059534393,-0.008133167785335732,-7.995686520682747E-4,0.17548756567243462,0.19393706327433155,2.5063615584555445,0.4985722095619959
0.009522347517072281,-0.004885467236896683,-0.008133614545620177,-7.584954390650226E-4,0.18273312358718252,0.2196119932918544,2.504652260528056,0.4716551099586068
0.009422074802322586,-0.004883347861786196,-0.00810104717517045,-9.134607016343005E-4,0.15278405754137306,0.11235201527018457,2.490246192429341,0.5731854839893836
0.00970833360035507,-0.004855130655537642,-0.008139275504521091,-4.605382485524811E-4,0.23669033870574688,0.4107532828177591,2.493594473808743,0.27659446483071787
0.009684095476586406,-0.004868460705175783,-0.008150478994861786,-5.009451911653323E-4,0.23081767159270414,0.3883588579372446,2.503241982663912,0.3036024003924375
0.009655966531551645,-0.004878571162108914,-0.008156896175233316,-5.471622710318907E-4,0.22321804299106232,0.36086590186326933,2.5098687959774875,0.3340977583171867
0.008798809089192046,-0.00510181893511001,-0.008036252391046881,-0.0019704864309356353,-0.01789984006949004,-0.515646175468279,2.4983795005334044,1.2716576824817023
0.008783604989360873,-0.005106028378034908,-0.008030457458838375,-0.001995711238863739,-0.021478250866960147,-0.531435483980487,2.4956637517467026,1.2888207977150283
0.008768479790074559,-0.005110029541126192,-0.008024330049799676,-0.0020206417321886627,-0.024971529932752885,-0.547174983063507,2.4926901103330743,1.305841157188244
0.00875714474110671,-0.005097951713035822,-0.00800195248969778,-0.0020283443855720514,-0.02576415838016868,-0.5606147568067198,2.4770930095883856,1.3131255621811009
0.008741548416505297,-0.005100568012961416,-0.00799362207208114,-0.0020527355726763963,-0.02907428747355593,-0.576939374741607,2.472456251874597,1.3300368941144383
0.008802148247987284,-0.005084796722365226,-0.008018591738596134,-0.0019536848804749592,-0.015255352090900265,-0.514120324599385,2.4849008342293697,1.2623123239284875
0.00881819377890771,-0.005080380286938432,-0.00802454315741802,-0.0019272034707471482,-0.011490647812684843,-0.49754300673898116,2.4877009842572697,1.2443364460563326
0.008880326466674655,-0.005067565293474172,-0.008051138835678961,-0.001827192433199879,0.003245934171988891,-0.4328307391122353,2.501078578849365,1.1762187176363874
0.008865838289018164,-0.005072249388378736,-0.008047138738456557,-0.0018516971551332236,-3.9739977679786827E-4,-0.4476916180002965,2.4995752835994414,1.1926513556070424
0.00885439341602685,-0.005061585655599795,-0.008027049565674325,-0.0018614735171777572,-0.00193363830243906,-0.4612300902730787,2.4859991356141586,1.2008044472648234
0.008840227144376683,-0.005061766043072396,-0.008017774969996271,-0.0018823293532417892,-0.005010340662130124,-0.47625279438089724,2.4805609930591808,1.2153228191519425
0.00882348548116599,-0.00506301313215256,-0.00800787235906778,-0.0019075766890371737,-0.008680012790218142,-0.49385759529006396,2.474883448483028,1.2328057033471829
0.008942901914803982,-0.005053145251139483,-0.008073781004960472,-0.001724871199906655,0.018998951470137585,-0.36792347392484315,2.511451460068178,1.1072438378647051
0.008927428238222197,-0.005057021627839591,-0.008068767442256474,-0.0017504134843303917,0.015022175564807755,-0.3839187689597674,2.5093108431342617,1.1243796985633372
0.008895874765431229,-0.0050635171592296685,-0.008056439234210325,-0.0018015178728104286,0.00716876500588668,-0.4167545054596236,2.503416464405181,1.1589097253221485
0.008911750716068652,-0.0050600188447679,-0.00806244670477242,-0.0017756785433908275,0.011093361150371768,-0.40026905247161476,2.506245562520198,1.1414657295314414
0.008884425007041247,-0.005052714244023734,-0.008036389415393618,-0.0018114919376619563,0.005512061827330253,-0.4303949821915339,2.4899385057841963,1.1671295091469593
0.008947251082995027,-0.005035590758269295,-0.008055843067877556,-0.0017076350273279729,0.021390887510790685,-0.36581081074321037,2.4981356638747756,1.0973317502277293
0.009101797792789613,-0.005005275000577278,-0.008107469779188121,-0.0014573662987686653,0.062213249382927285,-0.2055858691715289,2.520920539459167,0.9299551005721972
0.009083271247395585,-0.004998536940573507,-0.00808987815545417,-0.0014820317399398028,0.05756867089139398,-0.22650167435089183,2.510189668798392,0.9470933876111233
0.00906610864155275,-0.004997115438905689,-0.008079064846531016,-0.0015072491514127647,0.05318529066510833,-0.24502229184424337,2.5040541239572405,0.964254354907765
0.008968500364768723,-0.005016922377637686,-0.008046846180667472,-0.0016647661041233584,0.02776236670969768,-0.34582993959275904,2.489733343660114,1.0698130804949049
0.008951785338924231,-0.005018035178331735,-0.008038108439146418,-0.0016902373382433548,0.023720811968710346,-0.363405434989769,2.48495599382402,1.0871894246988338
0.009049615266920054,-0.00499867923835688,-0.008071936144677468,-0.001532966743652413,0.04887435319241303,-0.2623274604813366,2.5004439597229937,0.9815558273886064
0.009036436940081216,-0.005002987486554126,-0.008069693827023489,-0.0015551683233997703,0.04534135564239456,-0.2756762331068027,2.4999993001430796,0.9962666504648423
0.008984185394825636,-0.0050061559358979225,-0.008043575094730417,-0.0016350908852414132,0.032243179545415286,-0.3306997916463949,2.4859852330676584,1.0505049025586901
0.009022895663310505,-0.0049998733745036635,-0.008058490762468786,-0.001573737892019484,0.0420760133762663,-0.2905534452288929,2.493220769744742,1.009185248262561
0.009005374177726925,-0.005002486141641238,-0.00805158098979851,-0.001601408655411127,0.037614980918940534,-0.308757806035243,2.4898304530100357,1.0278142876718677
0.009113558036853648,-0.004989151144913912,-0.008094635913172929,-0.001431150743954065,0.06597276300816267,-0.19576693634825212,2.5109149829535684,0.9134888815894798
0.009125904061344945,-0.004978753489141393,-0.0080887507445548,-0.0014071151428274242,0.06961097408197096,-0.18437924559835783,2.5057381511150014,0.8980421292257649
0.009131281877411163,-0.004960880050793044,-0.008070651024708565,-0.0013900276321220579,0.07165556150784193,-0.18171064277864946,2.4925651575088144,0.8877460662524433
0.010123941472930768,-0.004862771150744504,-0.008168241041586323,1.9685758965701605E-4,0.3648234472872812,0.8593169972795032,2.4780285802624884,-0.1462908947682673
0.010080462306911958,-0.004848552116429555,-0.008154301221162267,1.2723367254014524E-4,0.34880007981540867,0.8074740790368103,2.4721520773014127,-0.10345557272331708
0.010103589963023248,-0.004838523603807127,-0.008141584031687563,1.631812190666484E-4,0.35334458123042195,0.8285981523434245,2.4611196873541243,-0.12802778175813267
0.010225341980206682,-0.004860114623635469,-0.008155263618259696,3.570649754998026E-4,0.3935378436450434,0.9671266593046148,2.459487443022734,-0.24993383608457218
0.010198275391975997,-0.004853021188291855,-0.008150300955742672,3.135270506169057E-4,0.38403671446958404,0.935328888094718,2.4585082960414772,-0.2229638973913941
0.01014695702867912,-0.0048505318043454045,-0.008152385259058967,2.3234513247448308E-4,0.3687006737507635,0.8794474340540824,2.46474981860468,-0.1709686584399229
0.010172546327642626,-0.0048487989021237495,-0.0081481066199897,2.725416158385632E-4,0.37562744098366724,0.9061543310710872,2.4593537303374338,-0.19715181803036289
0.010316732979243211,-0.004855551623754027,-0.008136116448409331,5.001371788622408E-4,0.4175901527209338,1.0628779615570279,2.436966861953715,-0.3431824289007122
0.010332592318639477,-0.004861366984590774,-0.008139911058480782,5.26064574827866E-4,0.4235389209573322,1.0823012645480041,2.438122784419189,-0.3589466863159009
0.01034940362329713,-0.004857514010952756,-0.008132262280713176,5.516701300187083E-4,0.42684689608820375,1.0984894947729955,2.430937877173086,-0.37620139148524157
0.010373510111716883,-0.004864273624366291,-0.008135133668852025,5.907680312215662E-4,0.43522325482636104,1.1271542050468601,2.4305831967546676,-0.40032299328628845
0.010291338747779153,-0.004856275470668947,-0.008141281073028027,4.6042002685055223E-4,0.4109004703991829,1.0361214757416237,2.443163602191831,-0.31736786047446136
0.010309138661202723,-0.004837787734546696,-0.0081170715485477,4.8515433893038805E-4,0.41065353159621154,1.047155744622704,2.4240190934159576,-0.33650585507631986
0.01026668445297379,-0.004843997577830665,-0.00813102811555895,4.198404412658554E-4,0.40080650790913513,1.004700368497658,2.4382148572304074,-0.29315819421765815
0.010242320223535453,-0.004836550424628479,-0.008125951916422125,3.806559911054103E-4,0.39216818053433733,0.9757386163860452,2.4369660813444134,-0.2689907042245933
0.010422491220918404,-0.0048604314584746,-0.008119761320815698,6.663648580784397E-4,0.44674450002020627,1.1773161918831685,2.414412760814137,-0.4500578914937879
0.010526621902834692,-0.004849659221997766,-0.008079697984857132,8.243990762669139E-4,0.4688805203550021,1.2811383161676362,2.3739281107113652,-0.5546973785698616
0.01050061064971363,-0.004845128542798246,-0.008082026746762762,7.831808573450838E-4,0.46126664323900174,1.2517784215289145,2.378515240239072,-0.528723419294829
0.01047324842721103,-0.004841518963152698,-0.008085377530900452,7.401479414938134E-4,0.4535949172152028,1.221444558445033,2.3839563719207244,-0.5013847119962751
0.010489671424492546,-0.004821489253455723,-0.008058189984811587,7.598989843971845E-4,0.45145459157688717,1.228456652842248,2.3623331878575944,-0.5176984181124618
0.010446016391809932,-0.004834120746475493,-0.008083954120926965,6.963591421194512E-4,0.44473113485689436,1.1893838148141338,2.385874679972705,-0.4742033609360008
0.010393221182148988,-0.004845207628303078,-0.008109022097822683,6.173855892306655E-4,0.43476657075978103,1.1392675242840717,2.409666095917274,-0.42097047114715874
0.010868754014986408,-0.004848368047393878,-0.00794476427663643,0.00133535360995281,0.5364739821916534,1.6236090744991534,2.231276555842563,-0.8873056000541427
0.010905188877948328,-0.00485601628890381,-0.007935271100134879,0.0013918278575197466,0.545078431127275,1.6636058669519118,2.2190092918211195,-0.9225716883750097
0.01094185163317088,-0.00485681504988485,-0.00791730440970276,0.0014449311581482044,0.5508319251008741,1.6987423077187473,2.2003127808421437,-0.9567615286728247
0.010973769056904595,-0.004863640759171575,-0.007907844956387189,0.0014941531388455327,0.5579385469132001,1.7334810184610465,2.18846706769768,-0.9874263166522695
0.011005651763689298,-0.004880342085256509,-0.007908753326591982,0.001548752743241844,0.5686153142255052,1.775412945752077,2.1840794475635548,-1.0198787659775996
0.011041558897366743,-0.0048882549852887714,-0.007897004887207263,0.0016041972014461286,0.5763036021986291,1.8144773722763927,2.16965685846661,-1.0542799080309022
0.010855830796141754,-0.004814431523451212,-0.007913338021168293,0.0013004694225859051,0.5222172616771578,1.5885104740783786,2.210028493710556,-0.8703886445893158
0.010817324972984016,-0.004813680804133951,-0.007930337475292468,0.0012446508406051707,0.5155081909047522,1.5513773044411483,2.22788879353465,-0.83436946299301
0.01078012763307129,-0.004817686075066043,-0.007951250475009268,0.0011923968423393206,0.5105107926674296,1.5180778675690811,2.2483194477993007,-0.7998048350830542
0.011073229597186885,-0.0048620338446399005,-0.00784957464509338,0.0016331700688991307,0.5699522462586771,1.8226162344163763,2.129696335318515,-1.0770424138803045
0.01058070457143171,-0.00483899161766716,-0.00805080317192579,9.035739448425345E-4,0.4777929420189965,1.3313027271177145,2.3465607971642903,-0.6081685624311935
0.010605824192418371,-0.004810963990824985,-0.008010849843875787,9.321392185334972E-4,0.4741057538096523,1.341572468820199,2.314276784294203,-0.6317344708438961
0.010698216102435258,-0.004794092866904827,-0.00795855389553919,0.0010629182101163238,0.48741032281500646,1.4237683831943475,2.264495447177003,-0.7195885144256345
0.010627173608366621,-0.004788099962919229,-0.007977944622681364,9.560777838164664E-4,0.47141561717074404,1.3501894619626624,2.2876188228029433,-0.6510521081011195
0.010660492388322389,-0.004781817351982338,-0.007959082505862023,0.001002950837075384,0.4759579854656071,1.3796189779102264,2.269691744398631,-0.6826141501295105
0.010758752693938967,-0.004789752978607526,-0.007929376821141155,0.001149425372670955,0.4972030163878203,1.4800305353589727,2.235235386590034,-0.7764799787532688
0.010732091020734816,-0.004771992721144435,-0.0079207235597068,0.0011035352344389725,0.48645471865729656,1.4436329198645037,2.232478373928638,-0.7495704488270939
0.010548494654344986,-0.004826157467745408,-0.008046429888227192,8.506759387250225E-4,0.4664035997274745,1.2914300536511512,2.347083736307352,-0.5760242057926853
0.009933571025683308,-0.004835376835004769,-0.00813954835965458,-1.0438283457010776E-4,0.3023723477175615,0.6457894645546686,2.4748320334243448,0.04444363954591136
0.009905761840505928,-0.0048408163207038155,-0.008144516274536238,-1.4839397979506577E-4,0.29495677885921595,0.6177802464250574,2.480689942075156,0.07344312530359466
0.00987355943472411,-0.004837048769200759,-0.008138139010709611,-1.988072106133972E-4,0.2845607895337338,0.5822154696830756,2.479026739063006,0.10564200045322224
0.009853310106473296,-0.004848479597468964,-0.008149719887665918,-2.315708058302361E-4,0.2802482135462771,0.5639758835303307,2.4887339564846824,0.1279412665708263
0.009835527031177344,-0.004849027950663345,-0.008148770015145433,-2.5965182940005115E-4,0.2748785300722623,0.5451084058776251,2.489576192768389,0.146122166676087
0.009818863973603185,-0.004853188800311254,-0.008151924295054071,-2.8633577410233646E-4,0.2704210228280384,0.5284866090401455,2.4931437285167113,0.16372925990083653
0.009799880018022336,-0.004844664189607251,-0.008140029186651326,-3.1529602113050626E-4,0.2633478715769941,0.5057053254840923,2.4865387038792766,0.18172840477621863
0.009717129752861193,-0.004826174203331933,-0.008107419984318099,-4.420762723598222E-4,0.23594821236575078,0.4123696398963869,2.4709006313811455,0.2627621385509133
0.009747447634827948,-0.00482813614515186,-0.008114276530800197,-3.952024082061038E-4,0.24525808869135482,0.44514238238461107,2.473124357600705,0.2323528064830305
0.00977517982093224,-0.004834906513205707,-0.008125813116690125,-3.528352349049169E-4,0.25449624598119797,0.47656503644941767,2.4787882148559834,0.20529469064738218
0.009949013482140992,-0.004809631068985402,-0.008110554838052023,-7.932813692981175E-5,0.3023522158950189,0.6540227071476079,2.4532691671654727,0.02543493805208062
0.009973209925336048,-0.004815254331407742,-0.008117549049126467,-4.1715311693776485E-5,0.3105008443495138,0.6815624579613432,2.4560042772067763,0.0016345429937973006
0.010061151623057946,-0.004834116774251275,-0.00813844105019699,9.62457002455573E-5,0.34000694165375434,0.7817033636980798,2.4627605436279345,-0.08538958304733173
0.01001119264236288,-0.004820087811429792,-0.008123301303689467,1.7632337413502852E-5,0.32249738290915236,0.7236163732546338,2.4566388863637063,-0.03629647523459869
0.010037398471505993,-0.00482176285861582,-0.008124894244230485,5.8660888160619686E-5,0.33049800986876127,0.752071332508013,2.4553975498190943,-0.0626523191735508
0.009994600860859746,-0.0047991255878295745,-0.008099342265178942,-8.238691388617784E-6,0.31370216136838464,0.6989101164569361,2.4413333770945376,-0.021884428343406426
0.009574566783556787,0.004881778428169826,-0.008142772908276868,6.758524738346062E-4,0.19839124242072337,0.2745431034483705,-2.5067471124773415,0.4176955150013077
0.010227676928268356,0.004794115016338073,-0.00807944943768592,-3.5237136227112047E-4,0.377676731334815,0.9430531510412007,-2.4052016761518025,-0.25703159258443103
0.009598992037536497,0.004871153953588415,-0.008136230053265086,6.350955988708219E-4,0.2049501506173809,0.29804380339325437,-2.500318105912496,0.3907812827164429
0.01019964455911284,0.004782812350190379,-0.008069935663107094,-3.078934137130681E-4,0.36742363966120667,0.9091443726854894,-2.4011385510708503,-0.22967042265244145
0.010215156229817262,0.004765056288605242,-0.00804807953659826,-3.2961646427689836E-4,0.36739048646708145,0.9182568260393238,-2.3839694323235614,-0.24623893834837934
0.009728174773741032,0.004852649143894377,-0.008139597236641672,4.2899918897877594E-4,0.2425368343382796,0.4312772275826048,-2.492157973476837,0.2559850223187681
0.00975632198491568,0.004843991216858092,-0.008133752859640714,3.8357375543778726E-4,0.2500269079571354,0.45896242516964586,-2.485822762096302,0.2259310108347811
0.009624740824571333,0.004860786592505736,-0.008129946354466351,5.925361156002483E-4,0.21183422926999226,0.3229474634915049,-2.493938252118672,0.36264498102131565
0.009651457536919365,0.004854124456402217,-0.008127763424476466,5.494171840534334E-4,0.21928629679467673,0.3497580917948,-2.4902794582418353,0.3342677598409855
0.009677015079622974,0.004851316127191203,-0.008129404938190615,5.089333456936552E-4,0.22676960104434832,0.3762885994344534,-2.4893300313174858,0.30779438488337524
0.009690002491671817,0.004825758894598179,-0.008102383433413135,4.841141605645977E-4,0.22783119914953334,0.3834474287068396,-2.469629044184416,0.2901552295816274
0.009712066673141328,0.004829684858738812,-0.008110625394308358,4.5051405646007756E-4,0.23490770201868658,0.407922964989403,-2.4735043426380634,0.26847726331647226
0.010173336167718816,0.00478781291277252,-0.00807831959965627,-2.6792104548983343E-4,0.36144023434806694,0.8835427724666597,-2.409696936556477,-0.20300360926757652
0.010130585418825723,0.004821519422823749,-0.008120332344806329,-2.0439994374920324E-4,0.3573710151011808,0.851087466072678,-2.4436221541123095,-0.15704526972830882
0.010147061761136124,0.004796736924316716,-0.008090780888664212,-2.2812381484979687E-4,0.3563678438800203,0.8592750064079816,-2.4211041603858994,-0.17587587243232855
0.010096781503379223,0.00481312491450204,-0.008112847205121815,-1.5111845030953014E-4,0.3458275533388178,0.8121217197560807,-2.4414700982049458,-0.12365535478881885
0.010064639252702848,0.0048109759686320195,-0.00811180886376269,-1.0091715898401706E-4,0.33619621269662314,0.7772483882266537,-2.4437030726180975,-0.09137922677880395
0.010031446717574723,0.004814832261930714,-0.008117072333516823,-4.9229827783389705E-5,0.32743227171352235,0.743345881914135,-2.4504351742558623,-0.05739613554941859
0.009998905685829187,0.004807780375024724,-0.008109241647247382,1.5696478017337195E-6,0.3165635087638437,0.706402610447771,-2.447871420217322,-0.025282381189845184
0.00996981251052772,0.004815509060243062,-0.00811778857856388,4.702356785349206E-5,0.3095412326897576,0.6780307361007943,-2.45645828292864,0.005105283417041694
0.009912961742191398,0.004828421463044634,-0.008130647142389971,1.3643251873514983E-4,0.295003448561108,0.6215998768705484,-2.470420684208811,0.0644287402212131
0.009941802954925008,0.004821353449397423,-0.008123750978285113,9.096067250678263E-5,0.3023659720427369,0.6500952968396728,-2.463099152382504,0.034240659873198215
0.009784275640157299,0.004832609079640724,-0.008124320844778453,3.383250393644587E-4,0.2569731525094299,0.4856050337057826,-2.4769880204248973,0.1956993156255418
0.009812580214864197,0.004822760811561556,-0.008116268621542124,2.929899762026444E-4,0.26404814066487786,0.5129351957926714,-2.4690229519691056,0.16546346860783898
0.009838926825367187,0.004823005420770612,-0.008119164899720083,2.518993585022552E-4,0.27201477147442044,0.541034313043696,-2.4687817436747648,0.13880393686657372
0.009892469549707926,0.004803182135095669,-0.008100601044779743,1.669938006442316E-4,0.284715267544299,0.5919873428923444,-2.4512560836226758,0.0817688864927174
0.009862669399677733,0.0048098950515465125,-0.008106181252644395,2.137789930003472E-4,0.2770204691607103,0.5624133034814934,-2.4577291273810467,0.11281815763288798
0.010506972966051525,0.004825209168394078,-0.008057598027644873,-7.872959235106895E-4,0.45661920501746195,1.2482419427344744,-2.359966807116623,-0.5349456308057848
0.010533961642416156,0.004832324576323329,-0.00805781426290871,-8.304597153446651E-4,0.4651098357563161,1.2796791140052042,-2.3570576051874728,-0.5617515944171583
0.010902908544911896,0.004859940588341195,-0.007940779562163951,-0.0013905071811067763,0.5461260900642168,1.6641180426586022,-2.2233333892717257,-0.9210926303028916
0.01101519988978605,0.004875137065935638,-0.007897617205294081,-0.0015593771177334224,0.5677952517818873,1.7802555646976088,-2.1743882458621666,-1.0275741260060824
0.011043307912514113,0.004882916384067781,-0.00789008656084728,-0.0016035585506419235,0.5745040154579891,1.811864994257195,-2.1642857421394415,-1.054712202184414
0.010929229832508554,0.0048454501357115196,-0.007911291006329762,-0.0014209595937521794,0.5448044297026194,1.678820788179429,-2.197763348556148,-0.943201150563917
0.010996246221049846,0.0048416841234294496,-0.007871385565669449,-0.0015139517931874924,0.5526887750831505,1.737902838019428,-2.1581980580126054,-1.0036750592039112
0.010960723014444557,0.004840544061991336,-0.007889376579972263,-0.0014632097971552314,0.5475203253703005,1.7045606116408403,-2.1769035455762222,-0.9712258755385982
0.011073951276794943,0.004874873129154466,-0.007863190226077064,-0.0016418112204810678,0.5748899091947628,1.8332875033108336,-2.139497975973102,-1.0806062729243624
0.011108106232472584,0.004857394688021728,-0.007823489510775787,-0.0016785372939022733,0.5720465391683174,1.8496137502985406,-2.104867863311511,-1.1066241122662763
0.011135679912122658,0.004845161696028862,-0.0077932304005550014,-0.0017086238902600873,0.5702910601076846,1.8635269242808594,-2.0782460805934657,-1.1273489370067349
0.010647302123135088,0.004816761824274519,-0.008002901222255441,-9.961127699056368E-4,0.48472469447316896,1.3864507729836684,-2.3034172508075828,-0.6723056638212449
0.010614335385225791,0.004809630380924742,-0.008006467598259374,-9.444199590944872E-4,0.47554992582402084,1.3493571371728068,-2.310050891414369,-0.6398810181067395
0.010586793218266902,0.004811046911329039,-0.008017264920415408,-9.036584238770088E-4,0.470145093551345,1.3223407479258766,-2.321265060827312,-0.6131008239340362
0.01055747685261386,0.004818112054578992,-0.008034571249394816,-8.617812404400166E-4,0.4659482226893044,1.2963552720814038,-2.3373677610813215,-0.5846503054318947
0.010668106098831282,0.004786656624334179,-0.007961670145390192,-0.001015913749401229,0.47906953722426765,1.3899693613131945,-2.2705820371712835,-0.6903153537150447
0.010875545660340751,0.004846224899249233,-0.007939072918135595,-0.0013441429120865363,0.5367280744636069,1.6286144504527222,-2.226079453403749,-0.8934140699617285
0.01083843380621261,0.004830076356371055,-0.007938815835062537,-0.0012827218652995281,0.524817801354942,1.5823246961560147,-2.2312204999865277,-0.8563214283053113
0.010703516114481008,0.00479204831566025,-0.007954236497556654,-0.0010698925507379028,0.4877420108152695,1.4279183224643546,-2.260648082127019,-0.7245743231561165
0.010738616572349757,0.004797432961755964,-0.007946209218789317,-0.0011233358097691012,0.49598609853710546,1.4653485655021985,-2.2502102485804674,-0.7583665887947588
0.010773780811957076,0.004813892348205525,-0.007949761146515718,-0.0011814953025851822,0.5080552059924709,1.509573603659334,-2.2481157076143687,-0.793381267374015
0.010808045476369314,0.0047990355711185866,-0.007918316583357106,-0.0012246633555300273,0.5089268243683404,1.533185464059498,-2.2204336799457303,-0.8238420410457638
0.010299870310037153,0.004797686439266813,-0.00807293485721266,-4.640028486163976E-4,0.39760905970458454,1.020100267357096,-2.3932522722377096,-0.32908872151526275
0.010265153496677686,0.004794434622139681,-0.008074691560305035,-4.1012385204883375E-4,0.38763927805134774,0.9824485626886953,-2.398043372855502,-0.2945482325569522
0.010321539262138715,0.004770618141035623,-0.008038596198071237,-4.924482782287435E-4,0.3960468002569372,1.0309630927017093,-2.366305967402664,-0.35171908751891895
0.010358908953816052,0.004784227113989373,-0.00804691233643727,-5.518491813409319E-4,0.4090492781982759,1.0756121778381607,-2.3683683603816377,-0.3883800712187168
0.010474103721767703,0.004806655793260504,-0.00804558694134297,-7.322297706919565E-4,0.4433649699552907,1.2050466585756057,-2.3548548141598022,-0.502268928724
0.01049774921182407,0.004793106996223284,-0.00802392230632093,-7.643429566631631E-4,0.4447157201364359,1.2224902038065926,-2.3364376065954047,-0.5253789735470932
0.010441450968082137,0.004796772503301308,-0.0080427365162185,-6.801412118975294E-4,0.4326128443950656,1.166618564830616,-2.356409750971118,-0.4699715753573911
0.010401461681501165,0.0047786557453928236,-0.008031666269505584,-6.152793469004597E-4,0.4179180826354764,1.1169416690868301,-2.3527878148977606,-0.4305783852527215
0.008028689782366835,-0.005405009681636416,-0.007658186489187194,-0.003285457753828344,-0.13662878952575697,-1.3297707896457789,2.279340681477701,2.2041208426863927
0.008043135288126545,-0.005398839222606494,-0.007668479281043345,-0.0032613615267357552,-0.136903329807254,-1.3143901205684403,2.2866525931341166,2.1863172155239896
0.008030355791626387,-0.005389085064456863,-0.0076422479440654495,-0.0032644665260925508,-0.13897566578986723,-1.3215404979620764,2.268884909219226,2.185931607899878
0.008044883985135306,-0.005382940479123851,-0.007652589032989865,-0.0032404571726061472,-0.138072476251081,-1.3062377195129915,2.276160473868312,2.16830150811593
0.008046557649340738,-0.005366781620682478,-0.007637016516848797,-0.003219748318330797,-0.1337466272393493,-1.3025119244320666,2.2607981010230396,2.155817234647466
0.008061143211934421,-0.0053607295963026885,-0.007647316474059332,-0.0031958428558238015,-0.13288936446099717,-1.2872680362195554,2.268059259955233,2.138321787460496
0.00809036211897021,-0.005348611668528763,-0.0076675125111356065,-0.003147769002327287,-0.13100601366505382,-1.256685572290432,2.2821206458157737,2.103199714927886
0.008075728357841093,-0.005354649144490353,-0.007657437264471131,-0.0031718408614025318,-0.13195961360429967,-1.2720042081504028,2.2751300980341127,2.1207795369189495
0.008121800443834223,-0.005320575388155534,-0.007671941120925997,-0.0030790157856860983,-0.1269141060045432,-1.221164294036373,2.282574489119576,2.0539230647248803
0.008107006396728308,-0.00532623467655497,-0.007661628716413308,-0.0031028450467383375,-0.12800033279804565,-1.2364737844852922,2.2754409119924706,2.071240626295621
0.008092157581818289,-0.00533209918633096,-0.007651333270426399,-0.0031269033372501066,-0.12904360974741658,-1.251848942147564,2.2682989115413217,2.088725647642533
0.00782855988196046,-0.005496129685063256,-0.007506324370632968,-0.0036189986407392087,-0.14020461285526453,-1.5414845186708572,2.1666156226741995,2.4512159296255565
0.007815408032798092,-0.005487006089105931,-0.007479153765129893,-0.0036203473820284305,-0.14270528655792877,-1.5472278671374806,2.1474895853772575,2.4486547874790854
0.00785690150535659,-0.005482574976576023,-0.007528909481138078,-0.003571774785437776,-0.1399060334178572,-1.511659850750392,2.1839701013314845,2.416183235565676
0.007871104159928416,-0.005475864446977091,-0.007540103011432805,-0.00354808400385742,-0.14115366235412044,-1.4966699313804896,2.1925211518359817,2.398589269208974
0.007857983716859905,-0.005466605128078158,-0.007513046705636696,-0.003549822292113196,-0.14323606546458967,-1.5027369855116415,2.1736839375409183,2.3964940096248313
0.007842720031054358,-0.005489330079069644,-0.007517647717751412,-0.0035954176353487437,-0.13928261222570995,-1.5265918931008795,2.175333594044526,2.4337524471632865
0.007829577158061566,-0.005480179763581964,-0.007490541670719233,-0.00359689743983448,-0.1432114353262348,-1.5324458431221328,2.1563354942393427,2.4313122688798594
0.007843761261987351,-0.005473366819602939,-0.007501817335023806,-0.0035733804832241392,-0.14343275793830323,-1.5176109876868276,2.165057500043766,2.4139049402623223
0.007802054102927454,-0.005477518434761648,-0.0074520235540124985,-0.003621572983631426,-0.13858638970097073,-1.5563737472466161,2.1229466362499143,2.4506203564230447
0.007787830147509732,-0.005484305794569439,-0.007440307552851446,-0.003644748762368573,-0.13827015963905753,-1.570954802308324,2.113722477045,2.4676319094355907
0.007773625770413052,-0.005491216943154689,-0.007428598076616183,-0.003667992310184757,-0.13785759097535108,-1.5855175853843784,2.104464855415685,2.4846827795497144
0.007759468806581599,-0.005498258980281215,-0.007416937980871413,-0.003691288310150065,-0.13741436815269234,-1.600043955950359,2.09520883709142,2.501762758137499
0.00819471485772503,-0.005290978599874447,-0.007718711403760265,-0.002958781070208001,-0.12045187866513891,-1.1451956401072587,2.3138801905841944,1.966901637845332
0.008165992929835143,-0.00530424556267272,-0.007702517389192463,-0.003008061179351547,-0.12339472591998625,-1.1753688295238545,2.303498567415606,2.002377349324004
0.008179549718192862,-0.005296749055862151,-0.0077088546133899935,-0.002983483808719181,-0.12191085289174418,-1.1609639286851323,2.3073135548334593,1.9847734516791082
0.008152734792038327,-0.0052960811264909265,-0.007678974497147063,-0.003015105525706902,-0.1224955057533251,-1.187299114994368,2.285041469031766,2.0087078557672613
0.008138748015800905,-0.005298927588471677,-0.007666787640675827,-0.003034909202968969,-0.12327618098886002,-1.2013503082702846,2.2762704976748194,2.023246907921487
0.008123749069532941,-0.005304160271057497,-0.0076559892367061766,-0.003058454536867133,-0.12434654855091883,-1.2166858517122519,2.268747341174564,2.0403086967966497
0.008301678479033452,-0.005236684660614679,-0.0077684798541100275,-0.002769253795906102,-0.10622780992786253,-1.032862546559965,2.3430011528650234,1.832302325682453
0.008286967903419939,-0.005241195701690796,-0.007758772088919989,-0.002792384515131757,-0.10791384301420216,-1.048029154621487,2.336659806823866,1.8489381807850123
0.008271912851391628,-0.005246193168888941,-0.007749122287671473,-0.0028163750282735344,-0.1096288926147534,-1.0635587772523465,2.330379910029363,1.866164595287726
0.008346096748490732,-0.005219702510664236,-0.00779313620788022,-0.0026957403683308396,-0.1002435605840414,-0.9868044125468466,2.3582007218161443,1.779993608148431
0.008316180380494514,-0.005231259474527239,-0.00777680802883435,-0.002745416168561833,-0.10433024020257296,-1.0178251668983445,2.348208140944432,1.8152870767557163
0.008330480057157983,-0.005224509520274548,-0.007783298361097063,-0.002720487377312101,-0.10223808535445174,-1.0029281976413686,2.3519209890862274,1.7977043514833253
0.008392297701447544,-0.005183867239915531,-0.007796777689819539,-0.0026017354880802017,-0.09086907629820962,-0.9382034021316751,2.3560804505254285,1.715509131709801
0.008363139776128698,-0.00520108725313342,-0.0077885355739880065,-0.0026557900426600555,-0.09606476158428255,-0.9685309468585368,2.3525801551514545,1.7530194237957244
0.00837493139284187,-0.0051898799277421675,-0.007787143789036872,-0.0026298826529111397,-0.09337126362127149,-0.9560471497068911,2.350172284805748,1.7354325981319523
0.00834935574481355,-0.00520330089664207,-0.007777747887362464,-0.002675629559862468,-0.0976015630136121,-0.9825787080533194,2.345323420999522,1.7673927269955694
0.008256800342316817,-0.0052518363757529845,-0.007739991634660696,-0.0028410347248505057,-0.11138474979569292,-1.0791895553272202,2.324510712065122,1.8838265008953774
0.008241989873319058,-0.005258060794671438,-0.00773167401679276,-0.0028658670588860378,-0.11314524863267449,-1.0945708506701142,2.3192584728552763,1.9015664906585634
0.008197020126059088,-0.005274347600631692,-0.007702603564102145,-0.002938212421448702,-0.1177127287995625,-1.1409527691664445,2.2999882089807393,1.9536466182601966
0.008211592612090443,-0.005268647157888943,-0.007711698322902167,-0.00291438496546808,-0.11620866871967106,-1.1258814641510517,2.3059806892399384,1.9365034925210178
0.008226646891613298,-0.005263437961520668,-0.007721704253598771,-0.0028904249384070174,-0.1147617787215303,-1.110399569315633,2.312664896798076,1.919251841976218
0.0082591751002963,-0.005234038743077194,-0.007722522290512248,-0.0028198467360046487,-0.10865451322499169,-1.075072765330365,2.3098342348189522,1.870319484716896
0.008394923253585025,-0.0051646804746579185,-0.007777628256914886,-0.0025803591904404923,-0.08795235692178428,-0.9346830804324723,2.3403893664649416,1.702378602564105
0.007660352036567373,-0.005581171262969615,-0.0073645919272909656,-0.0038993381954343363,-0.1336117559860896,-1.7172351826110008,2.0524030598644685,2.65883491500573
0.007674245540973594,-0.005573842953947663,-0.007376814933558147,-0.0038761650103776787,-0.13539472619254403,-1.7028281661770321,2.062589732297339,2.641731385214586
0.007660714922178722,-0.005565167158133832,-0.007348851407097912,-0.0038762986565460717,-0.13670026944086036,-1.7071319706804025,2.042803033411872,2.6371591343810548
0.007646481625663305,-0.0055885431814808,-0.0073522939767830696,-0.003922477123932444,-0.13144371503138452,-1.7315635237948117,2.0421061835642016,2.675947489105822
0.007646765259149102,-0.005572542909764428,-0.007336546184202544,-0.0038993659408723554,-0.13609744138104898,-1.721402364421776,2.0325865539854147,2.65405772747968
0.007618810621285468,-0.005603417561025714,-0.007327510002848516,-0.0039685832785860235,-0.1299142934765592,-1.7600185127718415,2.021281041987195,2.709923307349944
0.007632634442496725,-0.0055959586381203,-0.007339933126681057,-0.003945559167122615,-0.13018426662212312,-1.7458168058421009,2.031735778934472,2.692991996991673
0.007619022147820294,-0.0055874628765626285,-0.007311870032685976,-0.0039453649350929335,-0.13419401405803658,-1.7497795286895224,2.0118691566495013,2.687784160825125
0.007632869175482449,-0.005579985129936624,-0.007324230649289726,-0.003922400256854462,-0.13532000626269636,-1.7356246606777905,2.0222791613074875,2.670945745710671
0.007688162004634453,-0.005566558325275475,-0.007388953819324002,-0.00385297506371734,-0.13582154941257724,-1.6883643543608422,2.0726223483556194,2.624657198448261
0.007674692432101895,-0.005557863608285074,-0.007361117276440274,-0.003853225601530203,-0.13746936205507734,-1.692828372299635,2.0529147349746424,2.6202472352790465
0.007702101293295658,-0.005559317447314378,-0.007401014412829517,-0.003829757395288392,-0.13578841129938665,-1.6738624970484934,2.0824995160438413,2.6075536367971774
0.007688672939433307,-0.005550605049780186,-0.00737328532492513,-0.003830131269664577,-0.13843237219746352,-1.6784867502584622,2.062900231236149,2.6032819322175906
0.007716063272701482,-0.005552120389927699,-0.007413004294294622,-0.003806497530385276,-0.13618130562708494,-1.6593223793873977,2.0922519733409395,2.5903743542963418
0.0077026638010235194,-0.005543371981132011,-0.007385347215484888,-0.0038069846335571796,-0.13931598899781653,-1.6640921218170879,2.072764419442675,2.5862461637248813
0.007730047808600201,-0.005544967222482057,-0.007424922170053402,-0.0037831979885539694,-0.13661231831841406,-1.6447418335444992,2.1019032939137112,2.5731219151638833
0.007716681841882903,-0.005536167615136203,-0.007397328211314942,-0.003783775858552468,-0.14005661635566294,-1.6496373717311623,2.08251806229369,2.569151575943583
0.007730724556937132,-0.005528995897102829,-0.0074092286785524515,-0.003760512647126284,-0.1407469253912542,-1.6351266516974492,2.0921508321083064,2.552006145975723
0.007745355616044111,-0.00550540372458148,-0.007405293041370153,-0.003714605329542025,-0.1369542628711589,-1.6145294852550638,2.0859213606117453,2.5188490686058143
0.007731267016066454,-0.005512622824792865,-0.007393608480416314,-0.0037379252230244435,-0.1364705535492874,-1.6289806724682385,2.076552118275478,2.535927526060743
0.007536365807734405,-0.005649079802306203,-0.0072514169821578794,-0.004105971978179147,-0.12322684509904476,-1.8441721942608338,1.9558960923976982,2.810506939405983
0.007522662491033454,-0.0056408430850823305,-0.007223061781230683,-0.004104848312597351,-0.12494212345447146,-1.847185460414609,1.9356781489026946,2.8038933498893086
0.007522709275725809,-0.005656840934593226,-0.007238477312981657,-0.00412874055263585,-0.12131170590744976,-1.858011304826228,1.9445519533100288,2.827080519032813
0.007508977062633724,-0.005648640168931212,-0.007210068039500973,-0.004127480198322824,-0.12365940645711308,-1.8608605186712814,1.924322792362325,2.8202343596064616
0.007509077178150166,-0.0056646449400784196,-0.007225460194025468,-0.0041514789601457954,-0.11871278743084239,-1.8717789357862866,1.93307201893358,2.843657043797523
0.007495325968783824,-0.005656509541197833,-0.007197042934440935,-0.004150106414386976,-0.12231483690683008,-1.874489124166385,1.9128597928230129,2.8365630905726995
0.007495469648830561,-0.005672491742345133,-0.00721237776948848,-0.004174165933859645,-0.11657676755944286,-1.8854725653794493,1.9215033135145945,2.8601768322420846
0.007481709532528645,-0.005664430686833345,-0.007183968356039989,-0.004172699269665753,-0.12067684608268285,-1.8880571330850235,1.9012768718409347,2.852859326192496
0.007481886821520237,-0.005680381264467138,-0.007199234608793865,-0.004196793610704457,-0.11542023548473128,-1.899107926313518,1.9098657635239549,2.8765777759587365
0.00746811443868434,-0.005672377249308699,-0.007170802944712046,-0.004195230031522792,-0.11878937616266509,-1.9015485766134888,1.8895563773899229,2.869077727086332
0.007468328829897483,-0.0056883134290081185,-0.0071860234759046,-0.004219374609947901,-0.11449724594883676,-1.9126996229516624,1.8981429723131187,2.8928575373554573
0.007454535475391655,-0.005680344991754869,-0.007157536721037582,-0.004217694284267953,-0.11690256087298904,-1.914957283696799,1.8776985557450423,2.885196892000495
0.007454795807560529,-0.0056962881580212045,-0.007172737911412129,-0.00424192011052637,-0.11298537114130565,-1.926244709305071,1.8863131114604272,2.909048807366712
0.0074409786953806775,-0.005688347040674737,-0.007144189607255183,-0.00424010674826697,-0.11502165126846546,-1.92828975896137,1.865721027578101,2.9012358333289154
0.007441287888022461,-0.005704305373048565,-0.007159383984471968,-0.004264419837280957,-0.11168948666979689,-1.9397301512911629,1.87436758539772,2.9251379352153535
0.0074278052047061765,-0.005712364995121045,-0.007145963513390997,-0.004286870649291212,-0.11111085152489135,-1.9531499738171958,1.8622769110880937,2.941107359902864
0.007413910538764942,-0.005704420763170317,-0.007117192133447331,-0.004284741593841627,-0.11082034063965925,-1.9547289575914764,1.8414244301658356,2.933010876056008
0.007414347890939332,-0.005720466944757862,-0.0071324621319732,-0.004309296420209942,-0.10966890814784452,-1.9664972901883715,1.8499829450154806,2.9570320781755517
0.0074274408192714384,-0.0056963767928037085,-0.00713075052986674,-0.004262460800396371,-0.11293742998729255,-1.9415483806983629,1.8536305600584553,2.9171870112587945
0.007605010296224523,-0.005610919877832094,-0.0073150147226362225,-0.003991567879196966,-0.1297385827760996,-1.774185686697778,2.0106972365483107,2.7267700774772643
0.007605198950801184,-0.005594955939564054,-0.007299412294378839,-0.0039682525158270185,-0.1328424353758937,-1.7638612817684207,2.001338931018088,2.704536905283847
0.009499429925471108,0.004875855918537958,-0.00811613010469348,7.914992795769719E-4,0.17526286176829228,0.1929852473442827,-2.49446994075883,0.4929939270514207
0.009410054089038207,0.00491212682113734,-0.008130349301058533,9.416496277601479E-4,0.15037764966113878,0.1057197128130879,-2.511337544520197,0.5916994969761856
0.009385375253207831,0.004923533441477917,-0.008135117399229945,9.839745354730445E-4,0.14343976233702285,0.0817937714153041,-2.516568100077926,0.619413544851794
0.009359113390916428,0.004928424692838812,-0.00813138579841427,0.001026568529536017,0.13580469665301417,0.05478029888455664,-2.516104003735173,0.6473205064353574
0.009478309578806899,0.004887642435415514,-0.008123603672215074,8.277345807282641E-4,0.16961002840252687,0.17316359029122347,-2.5012896796199193,0.5168969399341224
0.0094349572163668,0.004902846177759173,-0.00812778543448992,8.998608076338327E-4,0.15741280970375868,0.13029517716786418,-2.507602303268039,0.5642788727612711
0.009452980770635337,0.0048877299037883865,-0.008115998292707599,8.670849994945166E-4,0.1620400910194103,0.146191244969938,-2.498076339615009,0.5426940982870114
0.009270803670600236,0.004939033517798087,-0.008109123612064463,0.001167256676071137,0.11030301275396977,-0.03729723277169444,-2.507901967965718,0.7399508693012126
0.00920445991088733,0.004938599594007751,-0.00807968619396321,0.0012685148215329982,0.09178751176580086,-0.10790735878183182,-2.492847474824336,0.8074003817618495
0.009222640890636208,0.004930470119381843,-0.008078448749258239,0.0012372221648438207,0.09683508846571666,-0.09007729860428972,-2.4905010256437756,0.7868417682922896
0.009239015266247888,0.004930748320211032,-0.00808596585519005,0.0012124125007508875,0.10137326590401637,-0.0726587475494991,-2.494405256910419,0.770276710756575
0.00925345385945361,0.004922115431748542,-0.008082193105619735,0.0011866857669021109,0.10539587337011735,-0.058925946065172485,-2.490617977982144,0.7534407021603733
0.009291352482596472,0.004931378005019989,-0.008108678842273087,0.0011324929836320846,0.11612769047069053,-0.016893689421927763,-2.5059286448463975,0.7171467100927164
0.00930996273600925,0.00492575236096396,-0.008109585453483005,0.001101588575455706,0.12137665684980548,0.0018150371290356865,-2.5050553573363716,0.6968480332443916
0.00932510294851388,0.004910198993728756,-0.008097464491890366,0.0010722476520032087,0.1255039036577089,0.01484967297821378,-2.4954738543828228,0.6777575544548308
0.009346819648912853,0.004909886399769714,-0.008105325370536999,0.0010387359262371543,0.13175912324436947,0.03786193515976678,-2.4991687669503224,0.6556182983443252
0.009548177146178833,0.004865887557872694,-0.008117829790110895,7.130835028492515E-4,0.18913104214682483,0.24257367470269411,-2.491768250549807,0.4414496593882568
0.009520450849881063,0.004869352293273455,-0.00811448635735884,7.570648808997984E-4,0.18108506397930127,0.21387333907480907,-2.4916683994041606,0.47030649597654545
0.009146023221598904,0.004938609025416537,-0.008052150554365188,0.0013568388207610786,0.0761330452267005,-0.16977418438736724,-2.478303036552577,0.8667007947762605
0.009126005407537583,0.004939656984428463,-0.00804347930161667,0.0013873799068033009,0.07087542339095844,-0.19073960126102807,-2.4738250192969304,0.8872490423632046
0.009105468238307853,0.004941572025565645,-0.008035313231817302,0.0014190380958119036,0.06554549205196564,-0.2120856365765337,-2.4697310199652946,0.9085369884016955
0.009084904909245219,0.004943735541023639,-0.008027175455721588,0.001450777429467853,0.06025826407966519,-0.23340359878613254,-2.465644906760999,0.929910909216989
0.009167482793460179,0.004936634553070959,-0.008060209105234207,0.001323583692531504,0.08184457572779479,-0.14741757886182724,-2.4822230337456106,0.8444228037475323
0.00918739429755223,0.004923779551768333,-0.008054731235225763,0.0012875350313999879,0.08738963125495315,-0.12854976120399783,-2.4767554340536484,0.8208493569209346
0.008561665194495967,0.005092385886291231,-0.007843274251242758,0.0022968140671084047,-0.058194803979056055,-0.7647962045543815,-2.37553119111962,1.5057970432665997
0.008612712152031802,0.0050853688452816865,-0.007876995249063483,0.0022218507521238762,-0.04972515004367208,-0.7126659781866874,-2.396664617636719,1.452800355003114
0.008597372269749225,0.005085962571160545,-0.007865299378292868,0.002243248886636437,-0.05213592499353551,-0.7284115068116308,-2.389132630519654,1.4680914884081373
0.008579932754970258,0.00508791718902248,-0.007853296499297209,0.0022684911303879067,-0.05499493588128212,-0.7462195427815179,-2.3815382156492944,1.4859836958181207
0.008669835085331031,0.00506864305643838,-0.007902792535571357,0.0021300396032708172,-0.038476541564314265,-0.654406033771606,-2.410886299994225,1.389290290929044
0.008627921582545633,0.005074073647339729,-0.007876274336437396,0.0021920359199026503,-0.0459746993431791,-0.6974086898339261,-2.394636992883577,1.432898480309335
0.008651906602158062,0.005070730925492486,-0.007891306040972696,0.002156450343737671,-0.04174844400834261,-0.6728375248699104,-2.4038450620799785,1.4078732737878126
0.008451105732791083,0.005139373139810401,-0.007800671424228542,0.002484189710381512,-0.07843921700235514,-0.8772942046995057,-2.353054039141283,1.6354766560312817
0.00854233669314486,0.005098378304670201,-0.00783387738035357,0.0023277537304142713,-0.06164099424086233,-0.7844258562580185,-2.370096178594465,1.5273390398043567
0.008469706568713127,0.0051275213025043865,-0.0078039447054607915,0.0024492244357581373,-0.07470553817965198,-0.858252156394837,-2.3537727629026715,1.611587144156095
0.008488520278831724,0.0051195641090491985,-0.007811559985166801,0.002417449536448859,-0.07137516384165445,-0.8391075395611215,-2.3579107419204903,1.5895416145490573
0.008504708108566529,0.005116851712750708,-0.007822589860741264,0.002393666813576776,-0.06900080864744612,-0.8226732991102839,-2.364984710979392,1.5726313150080393
0.008519229884043092,0.005104457160961135,-0.007821118038690601,0.0023637181426649956,-0.0654814452206297,-0.8078909972249163,-2.3623886919595214,1.5525631149643613
0.008683116299593518,0.00505672353710499,-0.007899336829333402,0.002102516247781769,-0.03485171788188653,-0.6413083716312146,-2.406986947695284,1.3712125603559355
0.008701233452608113,0.005043148823817261,-0.007897528887505586,0.0020671557135624875,-0.03025110676944433,-0.6233505834718575,-2.4039175501604197,1.3477651421444905
0.008725591627233562,0.005033282512634903,-0.007904324219978399,0.0020259705902771273,-0.024868230065955035,-0.5988148468943617,-2.4068146353196034,1.3197841958009515
0.008807765267477573,0.004994275470284273,-0.007918081977676633,0.0018831807587344396,-0.005524787170444364,-0.5167716847602594,-2.4097642937707406,1.2236720902900844
0.00879127437640367,0.0050054225413955575,-0.00791941705873787,0.0019140713848050897,-0.009755872157126495,-0.5329489285868855,-2.4121927634653115,1.2441570543922305
0.008771532565320662,0.005012035425063448,-0.0079131552418365,0.001946444704945987,-0.014204841558070915,-0.5528387382717891,-2.409282893558881,1.2661553544605717
0.008747385163766682,0.005019010338005379,-0.007903910727510559,0.0019852127754738593,-0.0194039133823353,-0.5772486878566875,-2.4045187276464706,1.29266583983239
0.00883246300843093,0.004991489884042462,-0.007931578172296413,0.0018463745164210188,-3.338351255887164E-4,-0.49148493265503207,-2.4176312600196197,1.1982187186791202
0.009062541073340848,0.004932911715778043,-0.008002944446278292,0.0014781511534822775,0.055162009694897145,-0.258480610424706,-2.4501975122471777,0.9493068155335622
0.008857842596900355,0.0049791188041790205,-0.0079342612079856,0.0018021575627158745,0.005883295159916185,-0.46631215207565974,-2.4174167880798527,1.168626747623889
0.00888173911385845,0.004970751853867243,-0.007940165130797731,0.001762705957046417,0.011530332345488043,-0.4423584100920593,-2.41971370276686,1.1419916641701595
0.008907877811493731,0.004969202867746543,-0.00795488586195814,0.0017242885418709704,0.0172580039180968,-0.4154192568323646,-2.428292053981776,1.115504607769953
0.008929218764222698,0.004965864300559662,-0.007964253419396067,0.001691494418113829,0.022199857981165912,-0.39357344940633326,-2.4333239726991414,1.0931097158373702
0.0089458538185901,0.004953408741232693,-0.007960137218586892,0.001659943184743356,0.02672071741079834,-0.3776522413026708,-2.4289244206522604,1.0724078288484031
0.009041616609650355,0.004915031858238183,-0.007971292156229444,0.0014991555908953277,0.050818989847992345,-0.2826964263509741,-2.429177056053192,0.9648740647182177
0.009019835474079866,0.004919039945759238,-0.007963866239196522,0.0015330182605370957,0.04553773911532275,-0.30482278947504565,-2.425577907678274,0.9877855514936648
0.008994255242025484,0.0049296030076488116,-0.007961436032221032,0.001576042775201611,0.03907053600123361,-0.3301066981603893,-2.4258920841522627,1.0165462670655137
0.008969180692359116,0.0049408081607397545,-0.007959650873359566,0.0016187873730876617,0.03274193455987801,-0.35483489740426183,-2.426656702781339,1.0450759005094568
0.00842984584637506,0.005126862032135752,-0.00776748343210723,0.0025005315399173225,-0.0791916105635534,-0.8981996559312136,-2.3287722861059432,1.64899805276654
0.008079023632012869,0.005288470609518162,-0.0075890557437339615,0.0030929021622507573,-0.12287261622446514,-1.2562204161696202,-2.216805412821723,2.067287427430353
0.008062849229743443,0.005286288944442675,-0.007568541118651126,0.003108832228493119,-0.1228155834668154,-1.2707393689519881,-2.201052344263207,2.079173373514018
0.0080921557398987,0.005271346891650794,-0.0075853310543137755,0.0030587909687171035,-0.12030128428093485,-1.2407458356916683,-2.2124161797528514,2.0434676199086
0.008126292637720332,0.005250793440396069,-0.007600760668183902,0.0029969038128551694,-0.11676746118183642,-1.2052154531514345,-2.222120404326115,1.999574794009164
0.008108648678076676,0.005253416064491998,-0.007584323930080446,0.003020120012074076,-0.11757696198884794,-1.2221103901172299,-2.2100462320341987,2.0164418450765242
0.008138503077116697,0.005239687523743143,-0.007602044086657528,0.0029707152007541135,-0.11488441421228356,-1.1919237419827653,-2.2220409999851927,1.98128332619321
0.008263094866406926,0.005185367541762611,-0.007672822035234297,0.002765774605972635,-0.10152800897884769,-1.0661303528669348,-2.268593840091114,1.8361212275322203
0.008280403897552772,0.00517245010589541,-0.007675984420926052,0.0027317553460798893,-0.09857060653323212,-1.0480687179677517,-2.2695054805873958,1.8125950429048352
0.008298299729073819,0.005161090088688138,-0.00768121825024981,0.0026986143035960196,-0.09574263665299003,-1.0296624966508954,-2.27205565836743,1.7895930268442168
0.008159013593711613,0.0052302967255361925,-0.007613912705801947,0.0029367122754607087,-0.11293120996022368,-1.171209967676673,-2.2299975168661352,1.9571714116183847
0.008176531695959336,0.005211681327794607,-0.007612425800850204,0.0028964569577116764,-0.10967482841431074,-1.1518656253221289,-2.2271649643870446,1.9293450099558138
0.008209236721862082,0.00520017853916812,-0.007634093539925182,0.0028457641675742208,-0.1065745037878661,-1.1194036711422335,-2.241959899380385,1.893294750060852
0.008191162099568845,0.005198596414405122,-0.007613670159270074,0.0028655531395279598,-0.10725356451056475,-1.1361898389909202,-2.2268489559453437,1.9079405332790007
0.008241118914418054,0.005171602512318254,-0.007635797367784522,0.002778500553860492,-0.100975922518741,-1.0855089139636165,-2.2404110935321597,1.8469451298498647
0.00822299889965189,0.005184540715907157,-0.007631351304564414,0.0028133049366598165,-0.10368646494119228,-1.1042969199257906,-2.238437053169925,1.871080203523471
0.008317551872823303,0.005151790644633812,-0.007689798196044817,0.0026658218671628086,-0.09302064116805885,-1.0101878653680039,-2.2771741186296315,1.7666630125107352
0.008340399987597025,0.0051457790555591906,-0.0077051716988641595,0.0026316627071410604,-0.09032415350437073,-0.9874980956957594,-2.2874300182782146,1.742398548482694
0.008360268281138363,0.0051343290602535105,-0.007711447861818338,0.002595958340257916,-0.08699959119526234,-0.9672592731113002,-2.290589196871452,1.7176753578650292
0.008385156345156868,0.005128134886031462,-0.00772790600565948,0.0025588138691131843,-0.08387169941136377,-0.9425170051942136,-2.301450747279835,1.691355385729192
0.008407014475659553,0.0051127565580241195,-0.007731099153807215,0.0025169349263214954,-0.07970938682891636,-0.920157399226755,-2.3019577580542756,1.6627332486089899
0.008003856334317905,0.005307555439779551,-0.0075236313434299115,0.003198875593511724,-0.12559384415731026,-1.3290395457040542,-2.168396545046179,2.1438986322098326
0.00803702382363464,0.0052863092474499775,-0.007539325909375167,0.0031378254445946275,-0.12285536684077555,-1.294284021206147,-2.1787392274754294,2.100373971204978
0.008019175118550067,0.005289196866542064,-0.007521992903061297,0.003160877112140412,-0.12327147090895926,-1.311014944455539,-2.1657006925382767,2.117050765842654
0.008049291561552605,0.005275511912611072,-0.007541822119410385,0.003111922912124638,-0.12136313085790638,-1.28083968782192,-2.179766156040427,2.0820795443864246
0.007203099870417876,0.005726727333284009,-0.0068092449216843,0.004455220671277261,-0.07551120641429707,-2.075146689659152,-1.5705405794819125,3.014901935496517
0.00714789112023478,0.005773884632964757,-0.006757164949050862,0.004559044466777106,-0.06511932231841001,-2.128452058382742,-1.51984765133271,3.084920843735269
0.007159085026070465,0.005757480937870397,-0.006762997451642963,0.004527287733945815,-0.06753673770701425,-2.1129072337811636,-1.527095749972054,3.0612980596492765
0.007172622658516643,0.005743758867461796,-0.006774267368913212,0.004498539278932733,-0.07014884228453416,-2.098434594853337,-1.5385429334799048,3.041297899130198
0.007188116767465841,0.005732758289280423,-0.006790392685720569,0.004472927020614931,-0.07301350880901912,-2.085060516837485,-1.5537047248850928,3.024778587411373
0.00721401841853228,0.005713315820428978,-0.006816118243331126,0.004428237538878285,-0.07745015761147578,-2.061700809919641,-1.5780088765013274,2.995309587904473
0.007129485780339387,0.005769130102367726,-0.00672462385447328,0.004560885594402035,-0.062155035973570964,-2.131201797821952,-1.4926695129159306,3.0788932064757915
0.007110634990253016,0.005771837446526719,-0.006696718928750395,0.00457450253361008,-0.059057926759391775,-2.1390835400789157,-1.4685855131679848,3.0830154333962865
0.006359633850421187,0.006441198774893799,-0.005701090169123701,0.005831836005719759,0.168367153212305,-2.6136345773886176,-0.4552256942863099,3.691239829770421
0.006368090453366556,0.006418388481788652,-0.005713125937622626,0.00579341689141723,0.1613217023307719,-2.599906907624771,-0.4755040235753061,3.666884885218154
0.0063776172604309836,0.006399384482795926,-0.005727191274851999,0.005761840647468905,0.155209057845631,-2.58953337597173,-0.49503473912930657,3.649133530716147
0.006388989428435701,0.006383113973235857,-0.005744601076084109,0.005735254455170949,0.14975404078943202,-2.5820043974188853,-0.5154087998141156,3.6371563272152616
0.0064014940383170515,0.006369225810898006,-0.005764140564585733,0.0057128618592446,0.14482623940831996,-2.576663090191022,-0.5360614531579785,3.6295859400067356
0.006412988145259224,0.006356455331678131,-0.005781942595285275,0.005692146983810696,0.14035152614625443,-2.5715443869532106,-0.5549375789815375,3.622336451313991
0.00642454990999141,0.006343790117467673,-0.005799730739438127,0.005671501693088977,0.13587334220184277,-2.56634919650368,-0.5737050683503387,3.6150534016961884
0.0064639005460759855,0.006318236211882382,-0.005863035199369302,0.005630888011028248,0.12497691583994008,-2.5615313940629965,-0.6316185841514563,3.6147936278756143
0.006437646748598035,0.00633268107168775,-0.005820345720235141,0.005653597833601182,0.1315806834473947,-2.56283799781729,-0.5937772350586478,3.611315066889976
0.0064513716385295895,0.006324140235054774,-0.005842473097542861,0.005640072795581984,0.12789162170364923,-2.5614356807084877,-0.613825099236963,3.611740595096674
0.006308257958466852,0.0064902099479065365,-0.005615430222512011,0.00590673143749628,0.1867364470116012,-2.623994882502735,-0.37014909599034557,3.7031135766185783
0.006316108177593503,0.006474521852577109,-0.005628030551575357,0.005881104073605036,0.18151516225964126,-2.61636328091024,-0.38730535668347194,3.6897235482072226
0.006323723849270087,0.006456864694113475,-0.005639846787491216,0.005851953461489555,0.1759108074599223,-2.606972148025229,-0.40489875254281765,3.673072075881253
0.006332416266944763,0.0064377149882260285,-0.005653151868469386,0.005820409150799919,0.16987569118413284,-2.596875984373613,-0.42416012864588665,3.6553589852071227
0.006264275192841609,0.0065366024178792285,-0.005540561538212404,0.005976505165725027,0.2036146667876685,-2.6330448072399446,-0.2942608527909509,3.7152286106603998
0.006271569203976101,0.0065198426806635165,-0.005552808863859252,0.005949242044917625,0.1980566003577349,-2.6250068124790342,-0.3119747049909796,3.700633887361652
0.006291507597967197,0.006488411676377714,-0.005586066849720311,0.0058995619254549525,0.18743092492528018,-2.6131177332711037,-0.3516709503965603,3.6803483213258588
0.006278001429462629,0.006498314677774505,-0.005563112130145572,0.005913436386170993,0.19128460713221498,-2.6127653408618596,-0.33100650671367077,3.6780567715704
0.00624733034638996,0.0065355853727401825,-0.005511020040053532,0.005969959182445814,0.20428668679609324,-2.6219000228529272,-0.2759520668000262,3.6922884089813452
0.006167020433434749,0.0066157795929371235,-0.0053702772537598505,0.00608309684025098,0.2326389548448163,-2.6260249783740206,-0.14039740375241253,3.695404667127107
0.006149842453460511,0.006622599712612892,-0.005340322521226119,0.006088685062150497,0.23515035075042373,-2.618798195450652,-0.11854149092810604,3.680967291085243
0.0061924087547221215,0.006595272623408388,-0.0054151228161779955,0.0060564282958092,0.22519360985739875,-2.629177352163065,-0.1801778662196947,3.7024637746739955
0.006203662487712661,0.006582453824842458,-0.005435018360943681,0.0060379556438798325,0.22083437378414708,-2.6276765187284483,-0.20023021767740024,3.7001452842516054
0.0062083275528214635,0.00656692187898665,-0.005443441791740176,0.006012589553487774,0.2158080918259974,-2.6198052937301637,-0.21495283034406173,3.6852454704087485
0.006233848923137537,0.006545955320824805,-0.005487735466805124,0.005984054080065753,0.20814899392199976,-2.621051264712339,-0.25505859244156365,3.6894846462950848
0.006215805206163318,0.006552131694267188,-0.005456533721506381,0.005989362655425566,0.21090915796794577,-2.614152209024691,-0.23194243278206667,3.6749210258501193
0.006172518837691289,0.006595140132889702,-0.005380859391054441,0.006049520384189718,0.2260185918348139,-2.6157750274651437,-0.15973867922405482,3.6756708094716655
0.0060955225888935346,0.006695841207502613,-0.005239864016818959,0.00619284791707867,0.25959317389269637,-2.6267854718434656,-0.013323616401677355,3.6973314614686
0.0060726838293285275,0.006721024908181435,-0.005197289160869802,0.006226012745287429,0.26788854714604576,-2.6249435858465078,0.02706109001940572,3.6948874211544473
0.006084092662586619,0.006707873461551645,-0.005218695701994996,0.006208546682220262,0.2635495815220766,-2.6256223665795027,0.006449199017832442,3.695558863201612
0.006087425661631021,0.0066775955113158305,-0.0052284793469465985,0.006158496444892587,0.2537948899428271,-2.6095085316513837,-0.01955530418142418,3.663296120414692
0.006099746775425275,0.006666373575429305,-0.005250743258359887,0.006144398697201885,0.24999522112852848,-2.611519966731359,-0.039247272476867656,3.666890527213582
0.006113059722469232,0.006658153293849746,-0.005274297801119764,0.006135652041877273,0.24732242057315004,-2.615936133199545,-0.05778040185960429,3.675308000221572
0.006122125153514704,0.006642698857210643,-0.0052912943988631025,0.006112802997798455,0.2421912559105421,-2.612532111300983,-0.07749624936990739,3.668511923196426
0.006015901745697148,0.0067780585919488354,-0.0050907761965068065,0.006296463781699843,0.28591952872700016,-2.613472674298712,0.12244649280591964,3.6771016774783116
0.0060268806364630655,0.0067658157848927165,-0.0051117591286241534,0.006281073114803556,0.2821980705113495,-2.6153729943744453,0.10311027856256454,3.6796426082940217
0.006030621211950815,0.0067489943900357055,-0.005121321155151819,0.006254499013787239,0.2766992970572432,-2.608808412928401,0.08613654764192363,3.6657940522974855
0.006039455770642328,0.006730992949820453,-0.0051394504366408305,0.0062282213263937175,0.2709411452339314,-2.6053430589736197,0.06415122913438055,3.6579226964044573
0.006051393516305567,0.006714966842821059,-0.005162227481756405,0.0062065007187983015,0.26582400817927626,-2.6051235141091342,0.041241547306722075,3.6565223739027064
0.0061300946525183935,0.006620535335308551,-0.0053067771009762095,0.0060780383831728615,0.23513717317850016,-2.6037910017201535,-0.10057227163936856,3.6514758441369124
0.006769933371082446,0.006037750438892905,-0.006293161549630528,0.005129306118941073,0.02452812635905097,-2.393534002515603,-1.0719984947752297,3.3996550752468546
0.006785944081856068,0.006024374434222838,-0.006313847998624572,0.005103386184793911,0.019922162407501887,-2.383037826661301,-1.0928076108722014,3.3864916244409557
0.006802933668729407,0.00601038884891385,-0.006335657475261651,0.005076046861354736,0.015046904938317578,-2.3717891290114745,-1.1146808744253984,3.3724497767885384
0.006820016404335097,0.005996643341312684,-0.006357497442150624,0.005048890738062881,0.010326095092854301,-2.360485333787057,-1.1364427390369751,3.3584663781216233
0.006838295715845471,0.005983305311027226,-0.006381312855052411,0.005021913227191568,0.0054963866449002355,-2.3492089423591334,-1.159691379382795,3.345173862967633
0.006856588630314815,0.005971508006189687,-0.006405722422945437,0.004997285844995211,8.863310147445795E-4,-2.3388659611782496,-1.183017177787793,3.333788781603628
0.00688804728138068,0.005965776116225799,-0.0064553119904054304,0.004978717676446638,-0.005138808711190338,-2.332120815436689,-1.2258630115266038,3.3353969506688146
0.006871099166509029,0.005962721084703816,-0.006425248390077039,0.004978532068316711,-0.0026173213235386825,-2.3308997048455184,-1.2014990196660658,3.3253259820751735
0.006898491252142585,0.005949021198629123,-0.006463402022904797,0.00494753055016879,-0.008901474809882806,-2.3176394599975256,-1.2367373611133834,3.3129485070677345
0.006926375057674294,0.0059221500904429345,-0.0064943607964616555,0.004893927714937475,-0.016615967080986675,-2.2930917761215937,-1.2690620380667552,3.2798529103250424
0.006909536985490203,0.005929477158332768,-0.006470685591802078,0.004911559287444638,-0.013010779993945966,-2.300875043931533,-1.2474936552655829,3.2865013193928516
0.006961882023453052,0.005895831148757989,-0.006537345091620377,0.0048381195555570996,-0.02529091336514885,-2.267282626657781,-1.3110661262542394,3.248412720718648
0.006974912848319212,0.005883369785815589,-0.006551145633300867,0.004812842905125712,-0.02874056863241815,-2.2553950235215905,-1.3253303142269888,3.232388558234448
0.006934595589895228,0.005908202423055369,-0.006499788673546651,0.004868107034892118,-0.019397973818004444,-2.281002436537582,-1.2767482842949045,3.2609416113938186
0.006945819659845427,0.0058959097053348135,-0.00651099158107878,0.00484398528330085,-0.02264211840113921,-2.2698122130398244,-1.2888359538074903,3.2452255560994288
0.006995853336613714,0.005859273868453943,-0.006570381612584434,0.004765454326065308,-0.03424635195615943,-2.2329141408739486,-1.3464065048526186,3.2002890202404264
0.006973877383984156,0.005862920034358891,-0.006536919623480364,0.00477985733438559,-0.03029020135440391,-2.239783031114492,-1.317545546873476,3.2021596917149053
0.007006947343911639,0.0058401263953059765,-0.006576308034583111,0.004729997335821894,-0.037634189176051845,-2.2161107871415187,-1.3551181406636312,3.1739631462404465
0.0070263955220979234,0.005821637389513355,-0.006595822940481589,0.004692191626891045,-0.04217705869525464,-2.198039826102889,-1.3749643452409617,3.1496408191589365
0.007041942391395156,0.005802598443420883,-0.006608359010787184,0.004655072937208044,-0.04591945772943256,-2.1803028204075745,-1.3888758617024732,3.123965858986289
0.007081428084221447,0.005785041191554224,-0.006659498709145092,0.004609355966515374,-0.053457887356621235,-2.1571777211321925,-1.434951026451316,3.101214719478758
0.007060518570841571,0.005790639793190192,-0.0066300541564832125,0.004627814082838307,-0.049738692250940957,-2.166887931648827,-1.409172121276545,3.1082838361585385
0.007091962382937238,0.00576473403742754,-0.006662370722509481,0.0045723024348302286,-0.056116703981999104,-2.139572166086701,-1.4405663653847656,3.0730892073299825
0.006498811105037154,0.006297434279183078,-0.005919162878706478,0.00559702002915483,0.11574491382479525,-2.557317451705717,-0.6825613769223445,3.6154049143721783
0.006470444074626297,0.006305594831426867,-0.005871609804114668,0.005609384886203624,0.12111596098715062,-2.5536951453074557,-0.643672624037901,3.6017722766159146
0.006482143923185702,0.00629571015426077,-0.005889665566259372,0.005592996199248262,0.11732421010721283,-2.5499353526800164,-0.661385583995181,3.597592610666775
0.006508010965232131,0.006280325117324175,-0.0059309106744500455,0.005567610669463683,0.11047291036846342,-2.54631134881016,-0.6988788973232037,3.597307293125241
0.00653218457106951,0.006250612868224854,-0.005964982163692593,0.0055166679470449965,0.10048066668094846,-2.5295091900096076,-0.737281239537865,3.5725512840860616
0.0065175879620747446,0.0062596038366240225,-0.005942111838037453,0.005531920289822476,0.10440305212772347,-2.532345163464529,-0.7162046808417096,3.573913472667474
0.006624834778397949,0.006159503070932787,-0.006096008184248068,0.005356751287745868,0.06829272510989697,-2.4772196472179506,-0.8739587586531838,3.503078791722182
0.0066111934422112065,0.006170835703279868,-0.0060765428960821285,0.005377125834730056,0.07254620968981701,-2.4838285329630163,-0.8545790699021637,3.511003778662492
0.006598776481206579,0.006183706047099936,-0.006059564698983141,0.0053999454442599645,0.07685600590904902,-2.491790875261944,-0.8365345908035614,3.5218908968883693
0.0065880912231934055,0.006200434103612951,-0.006046669595377891,0.005429269162123812,0.08193654326099357,-2.5031897646741634,-0.8201037294462205,3.539742440896408
0.006562109597312541,0.0062185425131832325,-0.006007445018236226,0.005461175475222548,0.08944863589877682,-2.5115660672527897,-0.7827439636844974,3.5476474084949454
0.006570282798761505,0.006203792956165749,-0.006016979175825652,0.005435547413056499,0.08495723611586785,-2.501516888587746,-0.7958919897750955,3.531440499426206
0.00653786136547819,0.006236006434135964,-0.0059706762748141665,0.0054914237011357385,0.0965065933290411,-2.519141251999176,-0.7476499165703002,3.554909653938861
0.00654594624177273,0.006221147161428017,-0.005980307029339856,0.005465775156980007,0.09208004335151815,-2.509249396641072,-0.7609808802390363,3.5388628927040338
0.006734450373211509,0.006048184767671176,-0.006237956021374868,0.005153559326941211,0.031828901290923535,-2.4000698677873635,-1.0242008574459183,3.3982182850402514
0.006747126340610581,0.006031259747354796,-0.006251661348279861,0.005122755062750042,0.027214501876961977,-2.387090821509215,-1.040333448411806,3.3789206908208516
0.006717015611297578,0.006057163551347531,-0.006212476528094018,0.005171630834291143,0.036007692328716416,-2.4059871874044805,-1.0009341674468646,3.4027791165243717
0.006703245569383325,0.0060658840806391634,-0.006192968672766257,0.005188491522582341,0.039594791529142276,-2.4117878178670344,-0.9825775579936057,3.4085720523357685
0.006689315611072673,0.006075564664738815,-0.006173487824084007,0.005206856520175163,0.043422414341112124,-2.418157937426136,-0.9639807307526017,3.4154607332820555
0.006675399440131846,0.0060863770360393005,-0.0061543707779600524,0.005226984907795201,0.047384009515567094,-2.4252603531590307,-0.9453009759591121,3.4237952320285
0.006661494663527324,0.006098742347537252,-0.006135743892653325,0.005249601067410459,0.05164058119719244,-2.433438162263137,-0.9264905107482627,3.434208116247953
0.006649055534116409,0.006113429966177832,-0.006120324559155863,0.005275877706771446,0.056052471497156385,-2.443552667465211,-0.9093954853670364,3.448755633906908
0.006640169189222067,0.006131831230536441,-0.006112139748731006,0.005308089242854224,0.06084409541067265,-2.45717239473908,-0.8965535202207043,3.470985720056373
0.006620030559779247,0.006137903074550723,-0.006080006575505511,0.005320107671070086,0.06483748269530042,-2.4584527749175886,-0.8692749537982145,3.466975948318471
0.007442956367345208,0.005573696897863051,-0.007046195617932918,0.004068670368901089,-0.10894228510467442,-1.8617579081932512,-1.7846512328058168,2.756996845949871
0.007405092414600042,0.005598539987459465,-0.00701230023214504,0.004132384467501991,-0.1048855611481548,-1.8974754552425914,-1.7547777026833782,2.800910180855908
0.007413513503387692,0.005586997592694539,-0.007014818724134004,0.004109475908494733,-0.105583999555659,-1.8861206870651446,-1.7575353838694554,2.7838304450413816
0.007424335621098135,0.005574809228854475,-0.007020184840378118,0.004083931853322533,-0.10665744123265744,-1.8730942346855297,-1.762691330848524,2.765216470589093
0.007391232177550018,0.005602524333783294,-0.006995313389033974,0.004148045927260712,-0.10314157723723326,-1.9074486224532363,-1.7401114357860943,2.810457173985613
0.007375740133438515,0.005610516502401345,-0.006979176390850159,0.004170623966387483,-0.1011546944962038,-1.9204943437599795,-1.7259515709498807,2.8253019687865657
0.00736057845617209,0.005619993533458205,-0.006964597671114373,0.004195048646548113,-0.09932137861585166,-1.9341720583327577,-1.7129488727556021,2.8417989629431974
0.007344811289148984,0.0056296268636566536,-0.006949072797796958,0.004220011764243648,-0.09726469051296836,-1.9481384437648896,-1.6990873113434903,2.8584979122050793
0.007453329563390777,0.005556869697750516,-0.00704660872211997,0.0040367097051521505,-0.10951296206153426,-1.8463921810924269,-1.7857241483333615,2.732913678206431
0.007468127618523998,0.005542556754446285,-0.0070553724306873485,0.004005122598202667,-0.11066891888289261,-1.8298757817635416,-1.7936282178350875,2.710234984875416
0.007501369029654215,0.005517975163494397,-0.007080920089774776,0.00394483726171944,-0.11327268840504401,-1.7967427002200194,-1.81579406363304,2.66797718628326
0.007483392202213031,0.005528466589389904,-0.007064770437000062,0.003973509217128257,-0.11169154055163201,-1.8131930487617745,-1.8019748114393688,2.687604137424643
0.007603163473799335,0.0054846060341626965,-0.007191964516304008,0.003815617591974172,-0.1220808384348274,-1.7136162618194566,-1.9087615948197514,2.581993744278911
0.007617831952799789,0.005466958324113086,-0.007195565375123359,0.0037790468229417775,-0.1222430835672264,-1.6953200024850237,-1.9117834609826723,2.5552331763273837
0.00758338328561809,0.005475824699909849,-0.007156840006646405,0.003820266188514568,-0.11941010735754085,-1.7230352657758707,-1.8796871600999796,2.582715783077436
0.007564622957296161,0.00548552590647097,-0.007139926623276423,0.0038490958127760963,-0.11813890291642891,-1.7401524741074592,-1.8655676557347933,2.6025960944378252
0.007541681928999452,0.005489241388990478,-0.0071116310731501224,0.003872873441841043,-0.11600495481568218,-1.7568877243339382,-1.8420272083185634,2.6176408913576346
0.007519295729213102,0.005500713033791453,-0.007090772841850724,0.00390663614860176,-0.11423209399404467,-1.7767784547799879,-1.8244599662243226,2.640606275336459
0.007905900381609892,0.0053157770424491985,-0.007416640526708201,0.0033128285556282143,-0.1248500557960507,-1.4162813216147858,-2.0856665318025676,2.2257084223528523
0.007697444654523749,0.005411876278671354,-0.007249782047269344,0.003635462939501261,-0.1242189635180938,-1.6144715215234486,-1.9557438335543125,2.4532882543375085
0.007680738110853967,0.005421023098038181,-0.007236542428803858,0.0036625098269026895,-0.12378783296236308,-1.6304670657241374,-1.9450904765418013,2.4722922160930776
0.007649354380992811,0.005448085479893737,-0.007220385880300689,0.0037262620930302985,-0.12351300490913948,-1.6646491142924267,-1.9321361708772848,2.518003758750419
0.0076643597387587295,0.00543313913264478,-0.007226329737844532,0.003693111514724168,-0.12351615216495808,-1.647431770067574,-1.9368828313098951,2.4940615396152683
0.00769701946170831,0.005388477341378593,-0.007227118062358214,0.003605416503627897,-0.12192801060517953,-1.605323742151154,-1.9369325708288763,2.430369684591721
0.007718886732747058,0.005383199048197923,-0.007250348342450029,0.0035787591012016525,-0.1229621078048331,-1.5872099114336784,-1.955640823460293,2.4122270604420106
0.007880096257334865,0.005322519160884792,-0.00739236886521998,0.003347335942798104,-0.12485487013178247,-1.4397487533319546,-2.0669383786016344,2.250126026298974
0.007857896937602853,0.005331293706809186,-0.007374162132495817,0.0033803813341241047,-0.125063808022482,-1.460674434776898,-2.053001052756984,2.2734867499428097
0.007838136709460297,0.005342355335681978,-0.007360916824142104,0.0034136357253611777,-0.12549752184880095,-1.480255966388475,-2.0430061427220085,2.2970371230532525
0.007823827527800021,0.005354612772020788,-0.007355350904968154,0.0034429330065236844,-0.12616701302274552,-1.4958466153047336,-2.0390846628908887,2.317928502662351
0.007776763795203414,0.005381425415980682,-0.007322615129000408,0.0035223057677803353,-0.1266730424933188,-1.5425186618499482,-2.0138921618888097,2.374234613192332
0.007757746661207651,0.005384821435562545,-0.007301709739662013,0.003544709411797422,-0.1258433200270321,-1.5584976881891104,-1.9971897825626372,2.3897058845623627
0.007804189334553444,0.005357137737079604,-0.007333369008587186,0.003465263139874091,-0.12560015269116895,-1.5123469685489335,-2.021645567145148,2.333465024537478
0.007784192004909709,0.005363610002534378,-0.007314613081421724,0.0034926717251655874,-0.12504307807108647,-1.5302790499007892,-2.0068807018930848,2.352606276865346
0.007737206183268435,0.0053692593701221815,-0.007260545741135911,0.0035440595465968255,-0.12277518297393679,-1.5682250279908063,-1.9635610629619056,2.387689862155678
0.007928887725762583,0.005301688686543614,-0.007429732725013253,0.0032722239967877854,-0.1236399775505445,-1.3928878117669248,-2.0951006726826367,2.196891550827764
0.007986609831254113,0.0053025720298870245,-0.007498385529878033,0.0032118963837641083,-0.12478877769102291,-1.3431817690444736,-2.14854353183279,2.1535610946998496
0.007966651847100529,0.005300765729526455,-0.00747322995947512,0.0032312636387422156,-0.12441898349257483,-1.3602040763942016,-2.128970454279819,2.167602205720681
0.007948380379235748,0.005288311358595257,-0.007439078932710346,0.003236066890545583,-0.12244617183878194,-1.3726458745578107,-2.1015784460078026,2.1712440822750128
0.007624360235610757,0.005442035370188816,-0.007181297453319613,0.0037398666598275963,-0.12071178046135775,-1.679568356785968,-1.899971449003114,2.5253642136051764
0.007252123372653581,0.005702666188122859,-0.006866827448458487,0.004389535389855089,-0.08364527904876957,-2.0385851956208536,-1.6225041059952858,2.9751141423062726
0.007284699224756839,0.0056773617354028355,-0.0068969046908436225,0.0043308335198922,-0.0888275337580318,-2.007334008684459,-1.6507097387339251,2.935049485541204
0.0072675977655778075,0.0056825227271464,-0.006874870201589006,0.004349262737701156,-0.08624698849619672,-2.0184962148344394,-1.6313894691588762,2.94535843705061
0.007328422385312213,0.005640759214018746,-0.0069336484163854085,0.004247514181510047,-0.0950694048792342,-1.9632223063425822,-1.6851428317531003,2.877112657877212
0.007310730442592958,0.005652770726711498,-0.006916751312453901,0.004277064999673012,-0.09255465729753333,-1.9793843443882293,-1.6697964216729433,2.8970331764101203
0.007295467296905945,0.0056655006750287425,-0.0069038547109651,0.004306041932632929,-0.09040118170639366,-1.9947076802385892,-1.6577106905531636,2.9171275029139934
0.00723008476048859,0.005697786849530611,-0.006829147130039014,0.004395033450760134,-0.08030469130052931,-2.044728108693686,-1.5908565615703678,2.9721459350918527
0.006009210808233836,0.006798072721127784,-0.005075153231952741,0.006326877675499426,0.29258663979784183,-2.619060845672982,0.14493343389106553,3.6896100352629033
0.00600656070975379,0.006813922405419632,-0.005067033535165971,0.006352248376217525,0.2978926240120433,-2.6254720456502527,0.1608760361211808,3.7034608467292416
0.005990154238326994,0.006847554704814876,-0.005031005356906228,0.006400454526028177,0.3088024489858527,-2.629594678910259,0.20386543262196324,3.715203164347731
0.005997122061895354,0.006828767545317736,-0.005047542470485961,0.0063724476866054815,0.30252786390516956,-2.625583373602885,0.18151622908954154,3.705340026755238
0.005993077308748315,0.006777900119566493,-0.005052617152112661,0.006285259628314929,0.2855552321990314,-2.595152108588097,0.1409330550132379,3.6424847910254647
0.005970785448541582,0.006848940129360329,-0.0049981440825389275,0.006392535703448089,0.30843764566245874,-2.613901758082973,0.22006965455908709,3.6857578904054455
0.005951596595677643,0.006855503627840461,-0.004964392770226423,0.006393258423026749,0.3097354493304451,-2.6010312013264993,0.24037990251876715,3.6625071390190223
0.005935098419657702,0.006866724009044151,-0.004933898617767474,0.006402961565238243,0.3126944011212817,-2.5925104780251496,0.2625456962832006,3.648143397477949
0.005919560244258829,0.006881232181669854,-0.0049039978468835834,0.006418377534443167,0.3166938902543912,-2.586104109850576,0.28679443193061654,3.638321029348937
0.005904541451713975,0.006897792968134807,-0.004874214615009898,0.0064371929788631715,0.32134668153792706,-2.5807577772212675,0.3124307503946206,3.6309317826373113
0.00589059190444404,0.006915292220206226,-0.004845719904660367,0.006457887095784831,0.3263024423002135,-2.576393272179592,0.3381312289366123,3.625679780385926
0.005879855224619292,0.006935337875492522,-0.004821391671259376,0.006484348606453069,0.3323434680475193,-2.5755389524396985,0.36415725554841694,3.6275188102729534
-0.005778358980093877,0.007320868219171371,0.004465176160360581,0.007035926145579573,0.4595205910858144,-2.5888030464950704,-0.8496114635303477,3.759328115397141
-0.005762384648538372,0.007319964815530335,0.004440207517028756,0.0070207601166216655,0.45350472800339564,-2.573590165512385,-0.8494242465537213,3.7281271760827432
-0.005769963005986637,0.007334144221965789,0.004443047640710974,0.007049920535246476,0.46284923913625603,-2.5817406356981567,-0.8690641644790477,3.751003346603414
-0.005753957471608748,0.0073332570314602425,0.004418138311304293,0.00703464426087931,0.4565251571027225,-2.5665112173221973,-0.8685949868766656,3.719843719353958
-0.005761608788737447,0.007347446524517867,0.004420856808041122,0.00706385702328274,0.4670485009663457,-2.5744473423315255,-0.8885201725351379,3.742517488330465
-0.0057286111419663464,0.007400916079949334,0.004331748991381435,0.007118848936987232,0.47975153791195885,-2.543996867083897,-0.9654619161401231,3.7071053687093003
-0.005712628178768361,0.00740036687661937,0.004307226738610225,0.007103569239521309,0.47220553638221263,-2.5288621485609553,-0.9639786632445447,3.6761285543330176
-0.005720466944757862,0.007414347890939333,0.004309398466361208,0.0071324008902868795,0.48083278021465764,-2.53618940592455,-0.9843849155896874,3.697708270840005
-0.005736797506241737,0.0073875099048583345,0.004354059763429052,0.007105224981315705,0.47822752096744764,-2.551703073892995,-0.9464353484840428,3.716239776941413
-0.005720828747572913,0.007386922799963575,0.004329505708296272,0.007089980630154264,0.4686979315909144,-2.5367210840141805,-0.9450717065389106,3.685266952027557
-0.0057450259565670235,0.007374129498678275,0.004376350455775554,0.007091516912286618,0.4753267727863035,-2.5593643748154133,-0.927256225667016,3.725150396658661
-0.005729036431504648,0.007373468625135285,0.004351714059462435,0.007076240421394605,0.46535442567619806,-2.5444136949313427,-0.926028500012249,3.6941623166074096
-0.005753296411412851,0.007360774994305904,0.004398619885594803,0.007077725307775584,0.4713885300702696,-2.5669658280498955,-0.9079356291843369,3.7338986953866766
-0.00573728261615855,0.00736002242015972,0.0043738834727804375,0.007062402982985042,0.46228987984152253,-2.5519375151194237,-0.906904951571985,3.702868615834261
-0.005745587987082009,0.007346611518498005,0.004396026568573728,0.0070485260069104985,0.4593944919549649,-2.559298601163374,-0.8877521707264574,3.711423353102043
-0.0056336864604488515,0.0075637516394397915,0.004060314749553371,0.007277080502011331,0.5154341833541713,-2.437999991301602,-1.1889529240351882,3.5835100145080294
-0.005641361619124992,0.007550046640288173,0.004083142989342565,0.0072642962028478635,0.5133706706978712,-2.447527559023203,-1.1708651552086475,3.5946233885282624
-0.0056253259614128205,0.007550181596627996,0.004059376134702892,0.007248852025654518,0.5012684114406715,-2.43391238662527,-1.1666370066934748,3.564569659829092
-0.005649079802306202,0.007536365807734407,0.004105943967003128,0.007251432930129008,0.510544955553359,-2.456998561690097,-1.1526351163147,3.605571480349743
-0.005632981685398272,0.0075364379931655645,0.004082021626222505,0.007235935235812054,0.49866578931213285,-2.443232622061983,-1.148572750547239,3.575456229233111
-0.005610919877832093,0.007605010296224526,0.0039915974372958215,0.007314998662383419,0.5206745014364537,-2.408919155184825,-1.242548059204565,3.5490047588250757
-0.0055949686383227615,0.007605255936292048,0.003968273262760846,0.007299466675196326,0.5116248379919583,-2.395151133493671,-1.2377010869587928,3.519147205402404
-0.005603417561025713,0.00761881062128547,0.0039686120162841804,0.007327494443803525,0.5223063879847175,-2.3989956462928346,-1.2602214732134145,3.5371224051183408
-0.005618465515670953,0.007591233601480755,0.004014549966226447,0.007302427267900147,0.5185044669226664,-2.418724842140618,-1.2247713655847499,3.5606927707230134
-0.005602520809511172,0.007591447937410372,0.003991149252409794,0.007286940432289828,0.5092074287526988,-2.4050580148898355,-1.220092639600925,3.530780316826482
-0.00562605440116932,0.007577480671187593,0.004037455250670044,0.0072897881504720334,0.5168245323708358,-2.4284104987684927,-1.2069102790471375,3.5721998359890086
-0.005610104065853184,0.0075776737227782704,0.004013960725651785,0.007274345355339229,0.5067150873266225,-2.4148257589027917,-1.202393659443578,3.542244504086393
-0.0056177068075965045,0.007563924429479662,0.004036699799289682,0.007261658381744696,0.5040089313543188,-2.4244446875807424,-1.1845820668614755,3.5535101808662746
-0.005656840934593225,0.007522709275725812,0.0041287117364017635,0.007238493940077389,0.5074088656297319,-2.466393356454941,-1.134273696031206,3.6163834624121503
-0.0056406943095600225,0.0075226971254594354,0.004104661553116193,0.007222930601739871,0.49615451958930984,-2.4524078588939777,-1.1304116480535669,3.5861954369443683
-0.005664644940078419,0.0075090771781501685,0.004151442360742928,0.0072254814083334154,0.5040677713471169,-2.4756856924385042,-1.1157957279916624,3.627066931680551
-0.005648469702930747,0.0075089663148457395,0.00412729867561016,0.007209852784087825,0.49366516829815305,-2.461439025418534,-1.1121674670605453,3.596789342015336
-0.005672491742345131,0.0074954696488305625,0.00417413105260462,0.007212398059463111,0.5007132893367606,-2.4848464339049903,-1.0972231527432628,3.6376178287410625
-0.0056563053828803805,0.007495259962837322,0.004149918689477037,0.007196719886645165,0.4911797155105026,-2.470326159044047,-1.0938570782244883,3.607234679864384
-0.005587436706204637,0.007619090092856966,0.003945323914895955,0.00731190334701453,0.5141304926723204,-2.3851121876138106,-1.2552005766682575,3.5073327091183573
-0.0055959586381202995,0.0076326344424967295,0.003945591781865025,0.007339915601762764,0.523350566883505,-2.3889359149853613,-1.2777974738179678,3.5250223467911432
-0.005566558325275474,0.0076881620046344535,0.003853015406029023,0.007388932612838278,0.5326782241010766,-2.3467100920792734,-1.347452242481572,3.4749760054085512
-0.005550316491782398,0.007688737263612601,0.0038297436593613923,0.00737305179254203,0.5241312242095731,-2.333237645168728,-1.341198124245307,3.4458478787328555
-0.00557384295394766,0.007674245540973594,0.0038762090246682018,0.007376791864616157,0.5312905231521136,-2.3575490889975836,-1.3301730122484459,3.4877263645445105
-0.00555764431290339,0.007674752223585609,0.0038529318191996005,0.0073609486006080945,0.5222360520307516,-2.3438180871124037,-1.3241882960884992,3.4584257802260736
-0.005581171262969613,0.007660352036567375,0.0038993766858794517,0.007364571625902203,0.5286079379473786,-2.368211174936415,-1.3127918985224845,3.500298448143083
-0.005565000419806381,0.007660789623600102,0.0038760628373658416,0.0073487551014831546,0.5202043783534213,-2.35428459220449,-1.3070612528292178,3.47081996397552
-0.005588543181480799,0.007646481625663309,0.0039225140009119305,0.007352274333084639,0.5253316147691576,-2.378683818546051,-1.2953180980402448,3.5127299132631564
-0.005572419598869192,0.007646849086196409,0.0038991813006695503,0.007336505861767041,0.5184258150413069,-2.364661342648713,-1.2898467397330668,3.4831112651404594
-0.005579911651592923,0.00763294984721902,0.0039222851056665104,0.00732423561664202,0.5164876489255751,-2.3749443743818297,-1.2725719962276427,3.4953076269417704
-0.005467100258028119,0.0077881919780357555,0.0036217519697664805,0.007423102392159432,0.52644520177041,-2.222589245951024,-1.4499204280987439,3.290902300424403
-0.005474574309041338,0.007773792220069632,0.0036457904744780583,0.007411789172933283,0.5250731050294698,-2.234402860539259,-1.433954649037598,3.3051337753401993
-0.005506112876477456,0.007745838197110066,0.003715092507050974,0.007406637855573148,0.5284195775698234,-2.272765425939109,-1.4072264857408172,3.3639565408446983
-0.0055129412715165735,0.007731870266374047,0.0037377844579879736,0.007394722128162778,0.5269862551519447,-2.2835072539469583,-1.3909082779642645,3.376473547557613
-0.005482313820431889,0.007759966532606508,0.003669555130022241,0.007401356475772278,0.5238931008813753,-2.246136252919135,-1.4186299810952574,3.319644711280315
-0.005490164672591055,0.007746661123612501,0.0036929131839597558,0.007391585660912797,0.5227984373239832,-2.257684780758226,-1.4038271993289613,3.33417961360489
-0.005533617911693488,0.00768926143663224,0.00380629322289399,0.007357342669146126,0.5209907529483858,-2.3150858800752374,-1.340413893398287,3.4128998702392113
-0.005519667642987946,0.007717762542456906,0.0037603911446105584,0.007382370051363474,0.5252648581962557,-2.294009911637184,-1.3742941285390122,3.3885509997711254
-0.005526523074793233,0.007703499407882811,0.0037832345145395745,0.007369792484319351,0.5231632606679849,-2.3045095340993123,-1.3573840597163096,3.4006144481634872
-0.005330870474868854,0.008024770974875917,0.003202704195839958,0.007572629559145798,0.532160927260044,-2.000056554975872,-1.6804176163175124,3.0080877289134196
-0.005323273887258648,0.008036477165193137,0.003180752893101254,0.007578019598383529,0.5314456365798205,-1.9877791073356443,-1.689928709933491,2.9917510848842803
-0.005313895829389755,0.008050728406313433,0.003153877535775972,0.007584306594935077,0.5304693939000545,-1.9726969639158976,-1.7012214081069883,2.971589477646137
-0.005304106670491645,0.008084162823535822,0.0031045562852336332,0.007611671430467352,0.5329348679115163,-1.9461064494125728,-1.733958173601699,2.9432264512732917
-0.00530384070399839,0.008067464850467922,0.003123405808327362,0.007592529604463062,0.5295504718771503,-1.955636383546631,-1.7147395137223955,2.94932676973711
-0.005339089970750256,0.007991727524510162,0.003249037567501447,0.007542756351832272,0.5284648948358984,-2.0240601253546058,-1.646010179207618,3.0320417840360996
-0.005330323881683211,0.008008540381500187,0.003220175483598955,0.007553145627405617,0.5284714701755001,-2.0083783807931757,-1.6611667684055342,3.0125062269461336
-0.005363601823452162,0.007932963916458848,0.0033420294409656904,0.007498424553494525,0.5249800899776288,-2.072836825253987,-1.58823634920504,3.088438169927027
-0.005355770974111323,0.007949997595325432,0.003314325586741371,0.007510749492631067,0.5257933183152198,-2.058317029451468,-1.6048750851691405,3.071175272702516
-0.005328723716938642,0.007976304843014889,0.003253685792423834,0.00751363220553609,0.5210188557244465,-2.0237794693932556,-1.6227991286586578,3.019674225844612
-0.005339263648792939,0.007962620369385985,0.003280984814850327,0.0075084930900297595,0.5221832616476921,-2.038907231543663,-1.6119291317625704,3.040636426977775
-0.005442584936651663,0.007804123071106572,0.0035739812933130543,0.007418788621355137,0.5221995248542223,-2.194577696272372,-1.4621336714214126,3.2455153237583794
-0.005448891726587871,0.007788793020688637,0.0035973590261534874,0.007405312652857528,0.5202621618518734,-2.205698954635801,-1.4450788875740812,3.2577925671540435
-0.00543052902428736,0.007832898569664397,0.0035295449428417885,0.007443434249226894,0.5254715131533217,-2.1730295212053914,-1.493749418490376,3.2214041297258986
-0.0054364900598173485,0.00781869710969949,0.003551533268363011,0.007431350936400602,0.5238768116465186,-2.183736568536253,-1.478223459165345,3.2334177779277113
-0.0054156667919700524,0.007834833753091932,0.003508640672318272,0.007430626933290928,0.5205374948076285,-2.159198420044202,-1.490745848980268,3.1949690086923694
-0.0053525997880599155,0.007917764853434546,0.00334481058952414,0.007468562712845561,0.5172558443572219,-2.070899609794125,-1.5652535279660162,3.073595562828601
-0.005360133329627204,0.007903046724898367,0.0033693927922996657,0.007458455550253211,0.5166879527927422,-2.0836777370086423,-1.551108254087261,3.0892267822591886
-0.005406675989755126,0.007845955377919964,0.003485979597961389,0.007435488944830239,0.520055195869504,-2.1470032869558504,-1.5010489593053273,3.1779287996359344
-0.005395788348649514,0.007861504013323025,0.0034564248469687764,0.007443846724402506,0.5199209237731224,-2.1313461129525106,-1.5158141306819817,3.156927489294497
-0.005368674402841152,0.007888380262238204,0.0033951021558859817,0.007449294136230669,0.5164354931521746,-2.0971611477796617,-1.5372627061301103,3.1063724970441786
-0.00537962100635285,0.00787429378775824,0.00342315538584688,0.007443159427758721,0.5171165467865598,-2.1123223456094475,-1.5248749757539581,3.127331305396952
-0.00582960700250516,0.0072417719009396685,0.004597003775147184,0.006950511527376972,0.43898986211927554,-2.6281511086759086,-0.7315236889937982,3.8049127921280372
-0.005838292905748425,0.00722868369512679,0.004618799567356085,0.00693604692948552,0.4365669393528944,-2.634098687549481,-0.7116850325885111,3.811925953312359
-0.005822332560756412,0.007227522913085135,0.004593255279943371,0.006921262378086076,0.42975758384973267,-2.6189329859167034,-0.7130216302802789,3.780613415615734
-0.004840713250402299,0.010571323205484363,-8.898696535003489E-4,0.008055684225596103,-0.009945376796311448,0.5523338577582302,-2.4562763036115807,0.11545584723269399
-0.0048188746760537355,0.010548068653197969,-8.477857122406396E-4,0.008038224123935333,-0.004557827974395042,0.5239028074967799,-2.4424679523618464,0.13578160482738236
-0.004813495914280694,0.010754449980512408,-0.001153067859797222,0.00795736777870242,-0.06153686606715825,0.7276277066660853,-2.399607347487383,-0.08040347644865332
-0.004827614773527369,0.01071029181621467,-0.0010938074906502615,0.007991141999936379,-0.04944270174425653,0.6877369182916199,-2.4205346397756378,-0.032452554262187384
-0.004813074856675535,0.01072722825947409,-0.0011129853422477385,0.007968098068913678,-0.05439061836917487,0.7006491517733681,-2.40537340474328,-0.05227994997435579
-0.004827494071054754,0.010685466513269027,-0.001056900845219497,0.008000663914562072,-0.042750112649694035,0.6630642902139127,-2.425566852655407,-0.006616627123676665
-0.004826793493607783,0.010658855745367875,-0.0010169744693250035,0.008009854243763674,-0.035401087620216425,0.6363943047959898,-2.4302132298227135,0.02107312328986657
-0.004825416585256955,0.010630962793995375,-9.74748513530034E-4,0.008018341610438887,-0.02768163844152512,0.6082477609406095,-2.434258102803851,0.0500257398931005
-0.004829341671288553,0.010600695334665323,-9.305983081911027E-4,0.008033176170817056,-0.01900011218808328,0.5790245876592496,-2.4425793108551326,0.0824271861905654
-0.004850297423441926,0.010193586905830346,-3.058411639744181E-4,0.008147632083004053,0.10450233162244109,0.17234760080209774,-2.493246577899471,0.5203183325229921
-0.0048447522242560225,0.010213229752682927,-3.361054836980444E-4,0.00813901805877497,0.09763231387733491,0.1913336496467545,-2.488701297257325,0.49770863003141635
-0.004844701538315701,0.010174721909161941,-2.7556654799957636E-4,0.008143133532972994,0.10927796064697838,0.15218552436671226,-2.4887271617688054,0.539046321193989
-0.004851873063864337,0.010032902318894567,-5.214553409695747E-5,0.008159557905577897,0.15325191286269588,0.008930403635679193,-2.4895276594480027,0.6938481134186172
-0.004851531919514966,0.010060021547027342,-9.503801584894444E-5,0.008158481071260366,0.1450912827000644,0.0365284469893784,-2.490847696006471,0.6644962025993956
-0.004847947898876328,0.010083874062788737,-1.3259342726606622E-4,0.008153404298157583,0.1372652145086,0.06026731431955774,-2.4890932212167916,0.6377079067745837
-0.004841024536228732,0.010153305488663224,-2.4154854317553579E-4,0.008140862815919067,0.11517378883207964,0.12978675051868224,-2.48554834542759,0.5610174207089097
-0.0048476008472347265,0.010108003335609071,-1.7066537426576613E-4,0.008151722238077384,0.12994864922621516,0.0847852393133708,-2.4897407352814125,0.6116164585232656
-0.004841686459504585,0.010131601811753889,-2.0746008048692864E-4,0.008143344028153506,0.12178254399655015,0.10782956907006817,-2.4856547802755142,0.584521856311984
-0.004841804949568128,0.010238623400726628,-3.7557109287168023E-4,0.008132424030190882,0.08951020918320472,0.2165857189832794,-2.4859713023923344,0.46969039127480444
-0.0048412927768942595,0.010266469452939027,-4.190945945162414E-4,0.008127902993091482,0.08098163292392381,0.24473276413632863,-2.4848565863438146,0.43974394306348336
-0.004850929489936136,0.010323185748044075,-5.094042556464336E-4,0.008129593613236051,0.06501346050117661,0.30411052666123667,-2.4901176898514685,0.3814420900663587
-0.004844144884857078,0.010295459768577056,-4.648755476280159E-4,0.008126614289934596,0.07258308597244362,0.2746720319500955,-2.4860638508231525,0.40943862476022913
-0.004826938570663498,0.01039792647958037,-6.206091935926284E-4,0.008087052077387928,0.039887365289916044,0.3748646237094828,-2.465923632962646,0.2961062127900842
-0.004799807603121404,0.010525723385443053,-8.083614810711641E-4,0.008023398067394738,5.465531628002917E-4,0.4971994576514164,-2.4304847561734793,0.15554339758888158
-0.004800075741069754,0.010497590839207153,-7.660082920381214E-4,0.008031706138345958,0.008574962041219021,0.4691784525367558,-2.434344523563268,0.18510304059574725
-0.004801055940053068,0.01046733251510542,-7.204742689819035E-4,0.008040934312066294,0.017287405232647185,0.43913776652893705,-2.438671534029575,0.21710070707727905
-0.00480247338557354,0.010437762589447603,-6.759130112867926E-4,0.008049986175625218,0.025905372190658072,0.40981642789139433,-2.442901966649259,0.2485487844825929
-0.004805451647068953,0.010413225834979313,-6.392164093692573E-4,0.00805917158499995,0.03331600178512294,0.3858366046177752,-2.447567895354675,0.27508149875437804
-0.004833727632100955,0.01034146948913057,-5.346904859438391E-4,0.008106477807389371,0.05744587013822678,0.31923111705389756,-2.4753930918210476,0.3577487680242482
-0.004823885407111393,0.01036827610109089,-5.742274341673054E-4,0.008089922937547666,0.048328746548150954,0.3443417621782959,-2.4658078996526807,0.3268951834718354
-0.004972141898239707,0.009153858010398688,0.001361304227188053,0.008094825149911057,0.40387571927747556,-0.8861358107420211,-2.3581730186131757,1.6996429358311416
-0.004961774488418967,0.009170860319619868,0.0013304133126614635,0.008090923688736788,0.3970955106143185,-0.8680416038625215,-2.3571902717175353,1.6746968729789256
-0.004944503951757464,0.009269597017665054,0.0011713935144909999,0.008114948882288732,0.3738464906371672,-0.7671896963142635,-2.387165104825201,1.560157633159482
-0.004954434841366056,0.009188661679322557,0.0012998364151542462,0.008090758261120974,0.391378681321382,-0.8495049584114943,-2.359195981992198,1.6511741584141928
-0.004948897861294468,0.009207740494606662,0.0012681891682084971,0.008093087548613811,0.38610793653358183,-0.8298872627192401,-2.3632454836782713,1.6276255652944112
-0.004943465866046185,0.00925195397038335,0.00119809572950385,0.008106273601044019,0.3765370480462895,-0.784983389004788,-2.3784986186569523,1.5779836905745697
-0.004944925785236519,0.009229403981573124,0.0012333009774192518,0.008098165738699674,0.38094914804986746,-0.8078036254760296,-2.3696803155921065,1.6024552050252103
-0.004903170294037699,0.00966893347440902,5.313442000853943E-4,0.008187946026729044,0.26974599205567484,-0.35837475643223865,-2.4806510468165226,1.1082447387659686
-0.004901086946199687,0.009651475559831816,5.587099481456958E-4,0.00818213192960465,0.27365243133940825,-0.37653803488396476,-2.4748881873954036,1.1263400621084803
-0.0049356920891936665,0.00928465540028651,0.0011445527661398747,0.008110926356283592,0.36772920047197794,-0.751494003777104,-2.385717222893136,1.538714183321769
-0.004925363386292667,0.009302574444370793,0.0011128040581028975,0.008106166609205769,0.3605010332891907,-0.7329067645203998,-2.3840209111783044,1.5134520584694167
-0.004926544802088062,0.009345956886682204,0.001046277277722652,0.0081242933578033,0.35267700732269924,-0.6890032732051826,-2.4025434495258513,1.4684688481190038
-0.004918657930815633,0.009323931627338161,0.0010773033509268225,0.008106767703154738,0.35396178995412997,-0.71108170309171,-2.3868114020469235,1.4869588711618733
-0.004915150234814975,0.009365451849826031,0.0010118981885137322,0.008118231662753035,0.34458857026881184,-0.6689599205167017,-2.3999475354000537,1.4411308141467873
-0.004906115236053529,0.009404747690272794,9.478505506217552E-4,0.008121542758378966,0.3333614607582267,-0.6289721290821381,-2.4065205455900798,1.3943778709401522
-0.0049084814000963355,0.009385316773453696,9.787754108878282E-4,0.00811757835667871,0.33816642250236834,-0.6487031540622406,-2.4015174470609293,1.416281159808072
-0.004886615830002487,0.009413992532072618,9.269942826448007E-4,0.008102102185674602,0.32455420850782213,-0.6194542009875628,-2.3927068071055015,1.3737042296565851
-0.0049145662857994305,0.009536375017523637,7.442689370428081E-4,0.008171149197452226,0.3067942365257284,-0.49422114860776184,-2.456600375141686,1.2577091017464817
-0.004909136405974635,0.009553020105440456,7.165580113479195E-4,0.008169150230533885,0.3009494989983714,-0.477367747441849,-2.4566099151079537,1.237018855765047
-0.004908847709755292,0.009507190156060795,7.887086945094088E-4,0.008156518250739389,0.311742568739688,-0.5244135844000793,-2.44292379533525,1.2863446213564407
-0.004901544703557876,0.009523096715068373,7.616950353789652E-4,0.008152428487636747,0.3055232286843608,-0.5083828637265584,-2.4413400924166933,1.2655376974806518
-0.004899623761028717,0.009491231410280486,8.110990581156738E-4,0.00814124069082516,0.3122751977673204,-0.5410002153182448,-2.42993530979983,1.298738605317503
-0.004894912244644711,0.009474547545504483,8.357555791204273E-4,0.008130858852963732,0.3144251332518435,-0.5580795856166323,-2.4205032138970357,1.314085248325826
-0.004887450971299158,0.009439093346618185,8.8849932813273E-4,0.0081112572999235,0.3195921303807832,-0.5941145232623272,-2.402185049005228,1.3477034948649995
-0.004878554226061842,0.009461544641160162,8.509861439537338E-4,0.00810800744242473,0.3117130404834183,-0.5714363197864,-2.4019933302133025,1.3191986036895071
-0.004902033947667901,0.0096183665258003,6.114577555785119E-4,0.008176334827628978,0.28247539087964296,-0.410560411357309,-2.467733015179913,1.1627635221860386
-0.004894007223266954,0.00960108353892,6.370118041290812E-4,0.008163149381299613,0.28422980049246355,-0.4288097950030635,-2.456426425322728,1.1777493081133987
-0.004889188312553719,0.009634484011760015,5.832102395635722E-4,0.008164831952982054,0.27438647804880384,-0.39485543052808664,-2.460624559611938,1.1394049011618816
-0.004891602990950781,0.009557547102252973,7.049779298100915E-4,0.008149914551078042,0.29415312870140164,-0.47353848131818943,-2.442614227147958,1.2235353750348734
-0.004877038392092838,0.009588785165702196,6.524321450883565E-4,0.008140631917420461,0.2819688981434471,-0.44229950194542145,-2.4385765766585554,1.182969702242841
-0.004883776993669332,0.009570962754159395,6.81982156985539E-4,0.008144170285264702,0.28840863850264326,-0.46016742801527993,-2.439568018853644,1.2053113810813825
-0.004895085552772568,0.009683006912468477,5.074617095154392E-4,0.008181133703391243,0.2635801607899588,-0.3445598421067499,-2.47682787033446,1.0893977012577183
-0.004885740454971181,0.00970171302873484,4.761234059951673E-4,0.008173552999353616,0.25586838087876457,-0.3261286121395615,-2.472853539249824,1.065068089744688
-0.004878414696716857,0.00972230584478213,4.42283189204939E-4,0.008168433157145152,0.2482649040876744,-0.305640529578544,-2.470857459524225,1.039661020047384
-0.004880910461575731,0.009764270516043333,3.7606876834018864E-4,0.008177478142192019,0.23762607668881744,-0.26234936048772356,-2.4809513419364673,0.9951759971299158
-0.0048750268596596796,0.009743229433797993,4.0862763230930344E-4,0.00816769541431066,0.24164886658887444,-0.28450312061219846,-2.47208758425409,1.0156036429996227
-0.004871500369377066,0.009834644767631965,2.631627602952827E-4,0.008174628837212082,0.21551366826487292,-0.1911802570241756,-2.4846540496053504,0.9151591586919782
-0.004873204481866162,0.009809265214310792,3.036509174872502E-4,0.008174019570541138,0.22308920614161032,-0.2169997589211143,-2.4821554900998315,0.9433218738522127
-0.0048708682255684446,0.0097838062447459,3.4377113137576903E-4,0.008168351521633728,0.22948406758574147,-0.24331898538149319,-2.475955387876112,0.9699836992781813
-0.004852113927959018,0.009844750640800948,2.45381283478994E-4,0.008153132391267625,0.20771431433076695,-0.1830715150552982,-2.4699925048147127,0.896979788109184
-0.004856362033961225,0.00987127424083836,2.0381748072706467E-4,0.008160196537317053,0.20132617917850817,-0.1555065905634572,-2.4772433472480677,0.8699315843623251
-0.004849512083507768,0.009896646404278316,1.632590743460594E-4,0.008153978447367274,0.19243963731540978,-0.13043449271301225,-2.4748376570049757,0.8400917428442022
-0.004846506447341925,0.009919426364424222,1.271376936729655E-4,0.008151720115439758,0.18523801928002673,-0.1075753847310794,-2.4750573221337535,0.8144800329891247
-0.004846929652130298,0.009940389445075476,9.406206394540637E-5,0.00815306115544459,0.1793150388428408,-0.08614573259510182,-2.4776903160095736,0.792034729100604
-0.004848868320261157,0.009958833464802605,6.498210381381701E-5,0.0081558416155839,0.17442406842496824,-0.06706983039048404,-2.481130432137672,0.7727983505627378
-0.004834109226870484,0.009969520372867118,4.782103213573798E-5,0.008139071972954198,0.1681038793104212,-0.05819338119184918,-2.470057794652749,0.7563726453442619
-0.004830906552101736,0.009988295893512751,1.8275812704372018E-5,0.008135635037037854,0.16199368943765494,-0.03954161497480451,-2.4691172912383084,0.7351531926729042
-0.004827815643544624,0.010014468537403188,-2.280753936962444E-5,0.008132094406390759,0.15378750294486276,-0.013365552368250808,-2.468684418043942,0.7060595704345128
-0.005001144839593931,0.008996889949165487,0.0016132703034119407,0.00804510416892338,0.4360481044115447,-1.046124722342593,-2.298576097630757,1.8810860235431897
-0.0049888081916557,0.00901422881026168,0.0015804138146061077,0.008040701241118503,0.4289071020903705,-1.0269844395742531,-2.2976357842392847,1.8538097436430936
-0.004979129132714226,0.009064047078422462,0.0015006675147422777,0.008056980684245527,0.41903840949244353,-0.976486455930208,-2.317194146320908,1.796429932192566
-0.004979056626759924,0.009049084869758158,0.0015230234405678637,0.008048788559693003,0.4208189198937657,-0.9912156648422945,-2.308786928073543,1.8113591177268784
-0.004981739028707557,0.009030954455774174,0.0015515496869652479,0.008041900774716573,0.4240566152865152,-1.0094262199815798,-2.3009262982669907,1.8315337087236492
-0.004970422743502232,0.009076054186503502,0.0014780229883435238,0.008053291719028391,0.41391873833940257,-0.9633817039442828,-2.3159286744732555,1.7776425492072485
-0.004967598832396402,0.00910611362487512,0.0014313862681809295,0.008065693829002725,0.4088441258691365,-0.9332964580759846,-2.3294987028924474,1.7451900940847416
-0.004962140211804629,0.009090218673179872,0.0014524476761873426,0.00805114668891578,0.40862506190042397,-0.948264541465754,-2.316154361440886,1.7571228797131078
-0.004959923655338632,0.009138331126887684,0.001378890841322612,0.008073006229956839,0.40122244245476385,-0.9003803941173735,-2.339261317661025,1.7067777328325497
-0.004956322859908049,0.009119686309345728,0.0014052211699208106,0.008059525699032264,0.40227845829932407,-0.9184248624097127,-2.3264648313468315,1.7230774149857253
-0.004991936372230951,0.008981136445636032,0.0016312727832324062,0.00802526109514895,0.43373243475971573,-1.0598117998517438,-2.2808198435325013,1.8889576115921383
-0.004986146465470147,0.00896023119138316,0.001658622673317393,0.008006214505414416,0.4332206576967204,-1.078849489792252,-2.2629531268993537,1.9044119130883186
-0.004998417646221722,0.008939396457671084,0.001696563634502128,0.008007802942234554,0.4403367613056393,-1.1013804676972025,-2.2609614912455025,1.9349179061521122
-0.005006977771546675,0.008917177294942383,0.0017343511903201523,0.008003993064478318,0.44598912545326413,-1.1245247066674577,-2.254492803898765,1.963654682866837
-0.005049506956569374,0.008794190133239094,0.0019405498475451482,0.00797193461793323,0.47223209009394657,-1.251749882537278,-2.208613622430125,2.118454964087451
-0.005046284399473503,0.008810390449247071,0.0019150445021443956,0.00797943230650954,0.470066709947398,-1.2356685270744254,-2.2173635854946387,2.100432270457118
-0.005033408739672803,0.008884969187168194,0.0017982134239081706,0.008014203347155774,0.45998951672368865,-1.1614936215260558,-2.2572246473308053,2.0182193874242156
-0.005020333084891096,0.008899305251562193,0.0017688783208531865,0.008008204837256136,0.453143115214573,-1.1446619668311842,-2.2548986239253925,1.9926310087482075
-0.005029400482427858,0.008870113606699499,0.0018172935232966358,0.00799991839730382,0.45910595223277906,-1.1747209061844548,-2.2436530833607713,2.028649606025317
-0.005043186107078116,0.00882643916724522,0.001889788103215063,0.00798681417761349,0.4678747724567838,-1.2197142600009043,-2.2259482530545642,2.0825871787060986
-0.005036043253744217,0.008856960402683247,0.001840780886861627,0.007998979135467625,0.46299704278858006,-1.1889198415389595,-2.240694897540368,2.0472528542288386
-0.005040281500023123,0.008842095245823979,0.001865175485143499,0.007994004395366973,0.46573067384803196,-1.2041377404233689,-2.2342716478800244,2.065216160861171
-0.005000015423842501,0.00889926156703828,0.0017560730720770125,0.00798471943320578,0.44428660643683165,-1.1399953483156302,-2.2367467677977806,1.9745359532936309
-0.005053147417648808,0.008777841995887154,0.0019665051796013693,0.00796465781429194,0.4745117733132447,-1.2680394166100608,-2.1999574872110834,2.136938836241288
-0.005100227374930679,0.008670692484352987,0.0021531973457796336,0.00793972091277543,0.4979826058073274,-1.3818871950679414,-2.158982248803518,2.2810679503350433
-0.00505786683577427,0.008761445699803111,0.0019932511475763133,0.00795843058706267,0.4771970874731804,-1.2846575200391486,-2.1920411767712804,2.1564710847895765
-0.005064168177293545,0.00874489709669509,0.002021330424653361,0.007953753810636273,0.4805056156513294,-1.3018877571460885,-2.185217987076179,2.1776962945801617
-0.005085672648242109,0.008686171973686792,0.00212027383238586,0.007934809020114689,0.4912704395067598,-1.3626737630269241,-2.158655848920292,2.2519041719500468
-0.005073189571270361,0.008725719871211937,0.0020551364159494255,0.007950109124154713,0.4850644906264621,-1.3224137956979884,-2.1785745335817173,2.2040492004252226
-0.005077964046956358,0.008703927096590207,0.002089468723018994,0.007939370411308643,0.4875687829906365,-1.3438899128229742,-2.1658912006671827,2.2282215118125515
-0.005086328948408194,0.008654887762025724,0.00216446921589641,0.007911426419903311,0.4916471462065522,-1.390972952095504,-2.1341450070690544,2.2794010934771975
-0.005076969141626529,0.008641055366682453,0.0021762730807617417,0.007889892567004866,0.4874164792967083,-1.3995895208700238,-2.1149699391179593,2.280663524243225
-0.0050848067953434386,0.008592283822839076,0.002249212053529226,0.007859818036636034,0.49031829323999515,-1.4447842284886037,-2.0813226763796386,2.3289966423833692
-0.0050793692312951395,0.0086239752228892,0.0022016313376900768,0.007879127394505173,0.48834939506136354,-1.415392896508725,-2.103058604584371,2.297363786710566
-0.005076325879382169,0.008605491372047587,0.0022244193446427822,0.007860887722318983,0.4867780801757654,-1.4300467434094484,-2.0853288282003084,2.3089178485108977
-0.005077012676292146,0.00857459271894923,0.002266729404841159,0.007836564766977376,0.486590493413353,-1.4564982361708945,-2.0600995329630636,2.334134579150271
-0.0052578555848226865,0.008201893661035232,0.002914797061086056,0.007689437123744737,0.5334025909476576,-1.8393279974492078,-1.8361486692682578,2.8180495853366123
-0.005257826126275453,0.008185556257635862,0.002934489556900594,0.007672088132178971,0.5307872067622693,-1.8501610033529112,-1.8183662686917808,2.826297965446397
-0.005295046970801973,0.00809757748109783,0.0030789008759477396,0.0076168780738623335,0.5315802703669438,-1.9315007207675252,-1.7438741658730628,2.9234963313704827
-0.005279479702554663,0.008109816611956238,0.003047423609474713,0.007613598076716508,0.5273200020148691,-1.9129302085277,-1.7483849564201872,2.8942134092243097
-0.005246461809021887,0.008168781213074544,0.0029424076865946307,0.007641782279870412,0.5233958416758294,-1.853329259691062,-1.7928711944333393,2.817555477390639
-0.005253542808205197,0.008153107831923304,0.0029685201884807537,0.007632687240419098,0.5238098905702415,-1.8681000755855013,-1.7803061810010095,2.835536310879643
-0.005260323839975725,0.008137452334416874,0.0029942371079184735,0.007623120888509002,0.524097799194058,-1.8825364494891588,-1.7673823381257794,2.852887324527447
-0.005268910403636338,0.008123047613690919,0.0030204185452956333,0.007616712780125045,0.5252208574365964,-1.8973960019098275,-1.7567413444824218,2.872303829350164
-0.005247364933991321,0.008231148134363393,0.002868118599852038,0.00770844845081452,0.5331593228937033,-1.8125210831510938,-1.860589358517985,2.78699387889158
-0.0052484710001765985,0.008215178091424668,0.0028887917714773676,0.007693020184043295,0.5312304727978231,-1.8241607487037272,-1.8442056533844604,2.797173148452875
-0.005236740513754012,0.008244641456445856,0.00284055036038196,0.007710594395680838,0.5303308860135098,-1.7963256220323207,-1.867639388205701,2.764037199034569
-0.005075402621164629,0.00855218100632782,0.0022953780966027074,0.007816241112882654,0.4852048448668496,-1.474442243501943,-2.0398544660195768,2.34958872262142
-0.00508397639261996,0.008525890541856516,0.0023374498731140764,0.007803768114420641,0.4881497115460228,-1.4997129652868557,-2.0241436154463734,2.379253136986359
-0.005218450205934585,0.008256387382102388,0.002807384859294874,0.007702343805713273,0.5240980155762687,-1.7765639768507964,-1.8673743310566586,2.7311537891841233
-0.005089208291550251,0.008499619937573713,0.002376490760509388,0.007787161438656397,0.48923931803195025,-1.5232400875741676,-2.005364013963456,2.4046981588653416
-0.005104098049001228,0.008483164771381946,0.0024109535989740648,0.007789498332002921,0.4949839681121797,-1.5434188634320714,-2.002372315056359,2.434382573056333
-0.005103554701467144,0.008460709243696744,0.0024397350489468207,0.007769151640074278,0.49335010684208186,-1.5609212876798575,-1.9818143401270476,2.4497298945937698
-0.005203123175641957,0.008272780291362183,0.002771703693861543,0.007701985719974686,0.5194969510448573,-1.755604645495305,-1.8736967401285922,2.70018538922349
-0.005189773308750889,0.00828902184322216,0.0027383181911121864,0.0077034822300474,0.5156303444098245,-1.7360768829755868,-1.8809172980288216,2.672254994349091
-0.005184292749552794,0.0083046469718722,0.0027135155559323905,0.007712874793401245,0.5151477303895275,-1.7217020684230462,-1.8927918871206593,2.6555354844485124
-0.0051723820121233,0.008316257711043638,0.0026874031272221452,0.007711096270611749,0.5112439937316311,-1.7063660747065281,-1.8959396405262796,2.6323700077938423
-0.005112435076869093,0.008441335379637241,0.00247269009584197,0.00776175665201992,0.49608759382184436,-1.580399950219354,-1.9710034838179131,2.47405620271337
-0.005161388871927738,0.008365636301821192,0.0026147233859134963,0.007746367164590516,0.5114018930347077,-1.6638906426341804,-1.9364165274821095,2.58694850221553
-0.0051646916322840766,0.008348850748665457,0.0026391174403506312,0.007734057261341019,0.5112268477499371,-1.6782235867688313,-1.9224917913316053,2.6019960082093045
-0.005162525602790928,0.008330115862213664,0.0026605607329716605,0.007713668919638886,0.5084673427853558,-1.6906898273458535,-1.902599767189524,2.6107606616332055
-0.00514209381284067,0.00840897180754757,0.0025413152630310953,0.007765352578893257,0.5066808141814015,-1.6206014500236192,-1.9634220723074591,2.533334337704335
-0.005126872561032682,0.008422659699580054,0.0025097816972812193,0.007760930015441091,0.5010571655531195,-1.6021396547820788,-1.9647325931281954,2.5047616906922694
-0.005150284574987159,0.008376921255959872,0.002589914333355599,0.00774467053995151,0.5075751329650923,-1.6493255680422287,-1.9390815380615838,2.56509785700697
-0.005139668515906683,0.00839046323413248,0.002562770128055695,0.007745538820242888,0.5040455806740212,-1.633402049193128,-1.944133967015779,2.5425521887401406
0.005223663734424337,0.008058740338963723,-0.0030435919314688396,0.007498139854397498,0.4962699412655343,-1.9023197134242962,1.6610612797325317,2.830369047257981
0.0052355760973375395,0.00804058369958196,-0.0030767564513400625,0.007490320981531744,0.49785365084610944,-1.920492604032431,1.6478060114880904,2.8544387766586645
0.0052347196026179075,0.008017668268388662,-0.003100726676440691,0.007463806285068521,0.49326384675571117,-1.9318275373241136,1.622529756116622,2.8609564220892914
0.005239969313301223,0.007992134363874233,-0.003134030849029131,0.0074403393622251,0.49069903806585474,-1.9484574295628108,1.5974507598427008,2.8768595349434594
0.0052445820391358415,0.00796479177136893,-0.0031681675747444273,0.00741382198419148,0.4873445295735103,-1.965001534018351,1.5699463092941233,2.8917085361222234
0.005248380759365594,0.007936807063075311,-0.0032016150585463493,0.007385391994737949,0.4833417211267576,-1.9806968367908475,1.5412081102923276,2.904811263184017
0.0052129142470558635,0.008081216148219224,-0.0030068859720991884,0.007511647214551262,0.49597405056726057,-1.8824745489261312,1.6792173908768644,2.806170994393149
0.005204618846158542,0.0081064762467537,-0.0029695936675106474,0.007530380587175297,0.49680172102540826,-1.862564789459434,1.7012876299439679,2.7841118223219863
0.005190655138849705,0.008123204507576559,-0.0029357383984097538,0.007533712593218465,0.49378556670179047,-1.843484005516157,1.710829894333748,2.757157634443667
0.005186252301115184,0.00816853484965039,-0.002879142516982761,0.0075768992575852645,0.4987196586424995,-1.8134976236420293,1.7552922163527043,2.730697801533165
0.005187984508738819,0.008143693646874882,-0.002909587852741404,0.0075526366313173115,0.49586282000445564,-1.8296586677281044,1.7306025196477781,2.74447137049551
0.005194297701044914,0.00806210363508325,-0.00300769058060024,0.007471629840708981,0.48575852151415083,-1.8800256612962098,1.6489978729240737,2.7866222053395764
0.005157271464665211,0.008178843041755967,-0.002837153573172517,0.007557060392514713,0.4887102396327215,-1.788588721389864,1.7481891393133269,2.6857289586186024
0.005079139292020174,0.008362646905076742,-0.002541493332502235,0.0076537687170658035,0.47653349954313645,-1.6216035155771353,1.8746245361558709,2.4844917435447287
0.005072548275742851,0.008419748361812786,-0.0024644466337068096,0.007698636272122813,0.47791295307983234,-1.5768200952598657,1.9218091716298524,2.440272903998102
0.005075785610120987,0.008390756741715506,-0.0025036510547214205,0.007675949728532014,0.47736877611811185,-1.5997001792572325,1.8979659743319195,2.462869582735984
0.005043343021271092,0.008432681061988799,-0.002422245159170246,0.007678574611753203,0.4667265078791509,-1.5529058510389715,1.9121710687037747,2.3974641587997714
0.0050462643092790615,0.008463045772600812,-0.0023865162181224437,0.007708305946705795,0.4694619191662475,-1.5316426858660124,1.9407935246605168,2.38051699513715
0.005053723244248587,0.008493032146644193,-0.002354573966317826,0.007742289917659219,0.47390750674523346,-1.512126362223084,1.972277526799793,2.3682343118601117
0.005031568817314934,0.00852150776316946,-0.002299055075507372,0.007742131992960735,0.46566751661502165,-1.4799065067750983,1.9796968564358897,2.3228663854081755
0.004967562883836262,0.008657075012077369,-0.002070326435338623,0.007779913131075928,0.44093110437028493,-1.345067621080432,2.038437973254188,2.153381934814045
0.005004383553037161,0.008538125491991044,-0.0022550662084682457,0.007726283380186838,0.45512689735744977,-1.4550503478346524,1.9730081128058246,2.281132948552788
0.004994037921061711,0.00856101109073919,-0.0022170633454744234,0.0077336997709148815,0.4513137314983074,-1.4326893878795526,1.9838046045154962,2.253357969959923
0.004979994482185068,0.008621210711951014,-0.002127297602578047,0.007766080395052777,0.44620462297971736,-1.379026979516652,2.0206509553521492,2.1937022730161364
0.004983457750681144,0.008588290443516063,-0.002173151804960399,0.007744034760559896,0.4474402069965415,-1.406736211641144,1.9975455575502303,2.2220441776679647
0.004940026336886703,0.00873224513387532,-0.0019495142135468409,0.007804803267830055,0.4282790500965306,-1.2727457776910684,2.0718914623110014,2.0664194884475973
0.004943841058083827,0.00870194845121527,-0.001992939863995749,0.007787185989829949,0.43051998787414364,-1.2994737684629334,2.053034194635927,2.094563357122271
0.00494735648215982,0.008678495848333901,-0.002026766172669453,0.0077738156254968035,0.43247347585724166,-1.3201207200002765,2.0385852383932934,2.116585782464573
0.004902463691279459,0.008747509612086023,-0.0019025665828981268,0.007774475593996495,0.41291955709253125,-1.2477589734240093,2.0529416033488768,2.019162508581682
0.004935758230262837,0.008659975738009662,-0.0020425996357748563,0.007747417884031302,0.4282344831140759,-1.330998932287896,2.0158451207021204,2.119604794554358
0.005106630634638886,0.008324346905443649,-0.0026141746498489975,0.0076473686334546315,0.48460836319839734,-1.6633429220935927,1.8579419011629221,2.541729188607468
0.005079998229105347,0.008335222621219253,-0.002575804751610688,0.007629163521738273,0.47478036495831305,-1.6412716739753386,1.8499067542057588,2.5021049128054
0.005108390066059948,0.008295964405448495,-0.0026502684611164292,0.007622094290477871,0.482719106797363,-1.6837783430434285,1.8321986468118874,2.5603861960420904
0.005113471650512923,0.008265646177521313,-0.0026914839249477557,0.00759804806528389,0.4815439467394968,-1.706885854708857,1.8065032467230473,2.5836953907004774
0.00512713086851397,0.008243678277968684,-0.0027309582306690883,0.007590855674379662,0.4848613182480982,-1.7292327048025098,1.7939552353361452,2.613106561153391
0.005127274234840867,0.008217076850289417,-0.002762318466625367,0.007564467488442653,0.48160570949998577,-1.7463363756213404,1.7679469092002549,2.6270055274462334
0.005127711258874187,0.008191054793414183,-0.0027928739030200368,0.007538668352962733,0.47871167628805317,-1.7627161582069382,1.7426017734265111,2.6403803152726
0.004874908420348789,0.008838509123485517,-0.00176136917275853,0.007805548229604226,0.397973538781945,-1.1624662751781132,2.0921891630180145,1.9196714642292054
0.004870367503615111,0.008804444172105982,-0.0018044496800006186,0.007778312671801765,0.39812065384152234,-1.1901411681771643,2.0663676290368724,1.9441916053882708
0.004859812502081517,0.008766828768277078,-0.0018475215564032611,0.00774166296401761,0.39608424310759244,-1.2182541064358252,2.0330476580293038,1.9654589014177017
0.004774826323592056,0.009468525705883633,-8.090706485535392E-4,0.007992049096418834,0.2769270253264849,-0.5635105353811647,2.3160381287106264,1.25742481501684
0.004766933211453596,0.009495777251535446,-7.661757518672773E-4,0.00799108869847142,0.2688502764603047,-0.5368067243339806,2.318240600235557,1.2258238581502041
0.0047386522354191255,0.009520868032732744,-7.211473643104396E-4,0.007966347643605052,0.25564801627909395,-0.51195544437195,2.302568755678004,1.1862632052299336
0.004790340481968081,0.00943387643201227,-8.654988570955264E-4,0.007998846761222452,0.2886605181279241,-0.5977110728026137,2.317334185506487,1.3006164975085588
0.00475273451891983,0.009446901859901649,-8.344220239265212E-4,0.007960780670546905,0.27459776096250355,-0.5836527954516864,2.290463015144948,1.2674289652628519
0.0047260556507937816,0.009684364143145406,-4.7512629876942E-4,0.007988528206746262,0.21637683516116193,-0.3528461112216452,2.335652732441996,1.0147911318527527
0.00472840621244164,0.009634721457126225,-5.496652865835907E-4,0.007981711424929046,0.22835463013490084,-0.40129982499026845,2.3257374154811656,1.0663927107160076
0.004725188865821886,0.00959554686405243,-6.072215449873579E-4,0.007969711950357882,0.23602676100175254,-0.4394343315728701,2.312895896163202,1.1045675492577463
0.004729411463875454,0.009560416359129428,-6.602654805603074E-4,0.00796615999196964,0.24468961834200018,-0.4735535772983553,2.306604956635486,1.1420090687521096
0.004699546080934836,0.009545645250953302,-6.745809470189252E-4,0.007929366758005416,0.23982393470070792,-0.48724478668441523,2.2780021236779864,1.1422738903929746
0.004875819159713708,0.008878143592569691,-0.0017077425975466488,0.007831743732824754,0.39570411741307426,-1.128408371717791,2.1181752233844366,1.8865882817229807
0.004843850766703029,0.008857453335614201,-0.0017158519577753404,0.007783842725467563,0.38511868883352973,-1.1378969837458173,2.079589188516792,1.8776982617937317
0.004827842284554709,0.009086168362158597,-0.0013890796031614074,0.007896881445528003,0.35754919430308485,-0.9316036181156903,2.198333146554608,1.6627342831134033
0.004855903748314864,0.008920952014089016,-0.001636516487612195,0.007836098920017298,0.3847962104893213,-1.0859248794037775,2.128427302447241,1.8330637190430699
0.0048191015915912926,0.009047239277179679,-0.0014396156304235343,0.007866980425927527,0.35884188790586397,-0.9655482802488154,2.1705295253100405,1.6922646688027287
0.0048283553122092275,0.00899990662462761,-0.0015109541192424877,0.007851485983590402,0.36741276459261085,-1.0098928332327721,2.152075592128321,1.741854242171424
0.004834370052303318,0.008956432180921188,-0.0015747741149393787,0.007833412591594936,0.3736859244727688,-1.0496878078024814,2.132090381516013,1.7849822519334915
0.00480347606913592,0.009298470481196993,-0.0010707292690816529,0.007965525167153332,0.31778723685814314,-0.729249850377851,2.2769713682370534,1.4431790161864562
0.00480612224464623,0.009258602205528625,-0.0011302111594570779,0.007952394816242653,0.3253520031768064,-0.7674884429254129,2.262361081772358,1.4838444141818778
0.004791980259060594,0.009218330706243942,-0.0011826706229574047,0.00791951659589449,0.3268943784816845,-0.8038604718442562,2.232803970324482,1.5137804342998384
0.004778811515980517,0.009180374182531384,-0.0012312463801925028,0.007888058532647237,0.3279310293076518,-0.8374348983468168,2.204498643814318,1.5412363591054576
0.004790670632217185,0.009390333975831564,-9.303862644215716E-4,0.007984873031964492,0.29715529895952925,-0.6399528887395257,2.302104959958509,1.344529517752012
0.0047802368766779535,0.009353322101706018,-9.813697898884803E-4,0.007960179973538385,0.3006504335647176,-0.6748905232132033,2.2794700108332404,1.3753563304835235
0.004773473369455311,0.00932031107545605,-0.0010271909980232466,0.007940428147610238,0.3042784980075595,-0.7058592315833595,2.260862641167025,1.4038214395474247
0.004799416094062686,0.009114626290792068,-0.0013344325374926283,0.00787968777297983,0.34383321304072906,-0.9008726282465592,2.1894539431844393,1.6163964337857364
0.004770068666763009,0.009142638678548162,-0.0012806822538635454,0.00786094002766593,0.33011041211132625,-0.8707162758317492,2.1793631277119627,1.5705607513709596
0.004738935258233252,0.009168334294551482,-0.001230097636062056,0.007838896605828767,0.31630022803945246,-0.8428051961594828,2.166527786611607,1.5265099877348194
0.0047653069128943005,0.00979569190657276,-3.1265660223542784E-4,0.008048915766968992,0.19943476194574727,-0.24064861151569206,2.3902831106438227,0.9158355377291346
0.004741060622929186,0.009765769931727262,-3.5510107138548387E-4,0.008017889108701116,0.200862813142108,-0.2719927466772099,2.364986905085414,0.937358182894136
0.00475791271949807,0.009836775749470655,-2.4922035803662176E-4,0.00804483962057949,0.18706264622599014,-0.20032052073312692,2.391056718944407,0.8701201700683967
0.004701220899281057,0.00975758464802381,-3.62042909282467E-4,0.00797225340425019,0.1934119352707133,-0.28202896517337356,2.330888766342363,0.9295918300174028
0.004684265072962346,0.009716553121898362,-4.2035161167973146E-4,0.007947430184647622,0.1989022062409647,-0.322702167587624,2.308753954493477,0.9642987486803267
0.0047213713138708965,0.009858132896463128,-2.136829111714399E-4,0.00800559106347131,0.17358268243062921,-0.1818678440305654,2.36454412763791,0.8340329270474559
0.004686440394463299,0.009898116066697266,-1.5141681571350401E-4,0.007969398373134562,0.15617417761816862,-0.14535183204062294,2.341913677401521,0.7801757212486826
0.0046753495440443014,0.009948438614792665,-7.61555723777081E-5,0.00795930977311827,0.14139157488901652,-0.09696046138820703,2.339128078853626,0.7247174089674092
0.004646249467623272,0.009922583728288508,-1.1322314087146011E-4,0.007926237189276682,0.14225148867610568,-0.12464181510673489,2.3127575514635987,0.7410532457746186
0.004715697181305137,0.010183372317771052,2.761373733778315E-4,0.007996052121488184,0.08702903947498856,0.14000567187777488,2.3855200634261275,0.49413770346175323
0.004693789165741149,0.010147157469698624,2.2001016844575702E-4,0.007974895779870235,0.09346724909660586,0.10094608516693708,2.3674066951475337,0.5256215003825814
0.004672464643624994,0.010117956117574054,1.751128508586339E-4,0.007953338019593833,0.09779425595777948,0.06927434945920335,2.3494251071770904,0.5496321401315961
0.004671154253137209,0.01008071044716357,1.1990278935540724E-4,0.007953860120021236,0.10725032898784648,0.03243282626730689,2.3466827508069135,0.5876030624833849
0.004667402297292554,0.010032433524341597,4.8345501431978423E-5,0.00795111810571094,0.11878970303047429,-0.01537708641087282,2.3406087367295956,0.6359959403497104
0.004645212865234211,0.00999173665064057,-1.1718711919957217E-5,0.007926851533696858,0.12524488958796196,-0.05740294296183961,2.3194484033091807,0.6704317878533894
0.004682198652785232,0.01022002584060567,3.2708786992245714E-4,0.00795482026553884,0.07267519572413263,0.171149522057203,2.3588776882974614,0.4471399800474007
0.004660901435997093,0.0102507007295192,3.6955039342647923E-4,0.007927439023634785,0.06191832234609472,0.1979470052706989,2.341600820317826,0.4101182657393444
0.005827887217498479,0.006977045795648647,-0.0047221316989074025,0.006520604522088897,0.3418600403884651,-2.5462467613775632,0.43565455217461374,3.581249652803887
0.005840636871028565,0.006954246405295379,-0.004751192236088706,0.00649173047997914,0.33531048807046293,-2.54883540000138,0.40611024445057525,3.5816777464548557
0.005855468764931012,0.00693629820581987,-0.004781529865006382,0.006471618173072497,0.33075749925596903,-2.554691498678585,0.3800991864354855,3.589208359691477
0.005802547982482985,0.006983459739718561,-0.004679257353261953,0.006515323057540265,0.3416496581336697,-2.526158964665255,0.45586329862475017,3.545691771396229
0.005792177848246191,0.007008255662383154,-0.004652810517543203,0.006548162576461728,0.348894211198659,-2.5255145038295175,0.4858331736964075,3.5495754673582547
0.00578364307244786,0.007035547814096106,-0.004627749277621972,0.006585889893431477,0.356915904883416,-2.5267557875011755,0.5175894843966969,3.557686289000518
0.0057673849531898365,0.007055311413368574,-0.004593401068536874,0.006606459567893272,0.3615711216387521,-2.518156116925691,0.5455951597162,3.546398946720912
0.005676047136864246,0.007200026124757943,-0.004378924314277873,0.0067668712952613655,0.39636327600036086,-2.4684937088369083,0.7349287656730191,3.493237794222143
0.005686610579893954,0.007173406339820023,-0.004409685556614678,0.006733959479045843,0.3893618869455888,-2.473383456799018,0.7025044993647257,3.494582663553983
0.005700015872412158,0.007148092751131844,-0.004443655972347513,0.006704738233856926,0.3831186659845549,-2.4805496950670762,0.6706559354619018,3.5007544964605892
0.005751810012618081,0.007074305719629879,-0.004560309255205779,0.0066259374418532885,0.36599890570259275,-2.509557074961253,0.5722740033822572,3.5351044034684826
0.0057207230004438225,0.007123795940071765,-0.004488021638448063,0.0066817822563617684,0.37828373351390476,-2.4940470234711563,0.6370968156310043,3.519014131225756
0.005735673715564681,0.007095082714465892,-0.0045253274503927405,0.006647493413451448,0.37082232054356595,-2.500507330467127,0.6008743514782,3.523618937398924
0.00558536180847155,0.0073631018386516095,-0.004142327164145767,0.006939835448617627,0.4315984180552501,-2.4000676215872314,0.9387934592200996,3.4209627157282507
0.0055551361891274485,0.007373742259182286,-0.004091193143469229,0.006930629262138043,0.42831127750097486,-2.372087236851229,0.9542651024390805,3.373195436386506
0.005590220986399114,0.007336165306211961,-0.004167494575916381,0.006904345078113266,0.42413968245285566,-2.403521158299951,0.9071713957587612,3.4177269320096113
0.005631011307443681,0.007278368242462456,-0.0042648155230973475,0.00685098941291236,0.41391623377848624,-2.4372620830317904,0.8340462569277963,3.460204892720949
0.0056377408432201,0.0072536109728181496,-0.00428997339265694,0.00681912295238462,0.4070881811933525,-2.4407445240169863,0.8047205480479497,3.458686161787884
0.00559752604409544,0.007309085469497503,-0.004195844622611974,0.006870367000599613,0.4171591338142972,-2.4086694873530443,0.8752367402782736,3.4179044183926792
0.005608866478638562,0.007287002607154394,-0.004226540261197344,0.0068466435297859325,0.4122456519774541,-2.41739929348507,0.8482987313634547,3.426616758618267
0.005623539696363654,0.0072303985326541325,-0.004282490081540012,0.006773770537998595,0.3971342248876613,-2.4246355082919524,0.7823602050028223,3.422112007204364
0.005644361973509533,0.007207366144366932,-0.004326876275160269,0.006754695311521142,0.3935292284470296,-2.4403810527362455,0.7520326550125194,3.4440353064230105
0.005456009697134993,0.0075492704959359185,-0.0038211762007535712,0.007092460295128371,0.4556900380577616,-2.2701125503058814,1.1570981160198341,3.254471071726552
0.005411587551059005,0.007649302313991411,-0.00367783299928057,0.007186308736621475,0.47043638975372337,-2.2123133081848283,1.267260364924974,3.1922200463233525
0.005444658717300391,0.007575565839611729,-0.003784390893249032,0.007118009940857212,0.4599363287034945,-2.2559411999325647,1.186459567800554,3.2396616286689204
0.005426389664380705,0.007599490801854014,-0.0037400045257751677,0.00713372562192114,0.4612653280767551,-2.2355827232117402,1.211839127383133,3.2123605976659886
0.005416484748666409,0.007624326062951353,-0.0037058372819085733,0.0071577960412086685,0.4652041770815922,-2.2220175583284667,1.2390914078369077,3.1984651374919326
0.005300535971428263,0.007898801014161894,-0.0033018806179706543,0.007392773179612874,0.4939806672140077,-2.0374341543105268,1.5212256877067005,2.99353987631514
0.005308428356428639,0.007881894421052141,-0.0033285068791333284,0.007380409308544908,0.49330710119987814,-2.050784580056544,1.5052934123177932,3.009312814694534
0.005307986208600766,0.007862055864804101,-0.0033479080593195438,0.0073560602158691075,0.4887427036973672,-2.058540999564036,1.4826144978805018,3.012238243681649
0.00531691154735212,0.007837019289928214,-0.0033835260293923375,0.007334433916017405,0.48628857629640626,-2.075406594087998,1.4575801031243343,3.030279851012947
0.005387622409607773,0.007662949139774161,-0.003634532600907629,0.007182066139524352,0.4669251462479291,-2.188336104020926,1.2784001963029954,3.15343160896272
0.005367975466967999,0.007683886670795068,-0.0035906852358486567,0.007191026825356357,0.46618784898908544,-2.1663942516118584,1.2981271012437319,3.1221829295197163
0.005355135319580841,0.007708096298036046,-0.00355261790012948,0.007210117741466936,0.46840199859480763,-2.149122071205886,1.3226360831345458,3.1015327659776095
0.005350051768731032,0.007731003787770231,-0.0035253569626666225,0.007234450857353455,0.4724797502491777,-2.1383083285684275,1.3474069421416661,3.092776846237523
0.005350827306336583,0.007755420067270933,-0.0035037676379471366,0.0072660165831111515,0.47851116382532194,-2.1315090657302225,1.375536066873181,3.0928156214321016
0.005331734225656436,0.007809717816344195,-0.003428337131534717,0.007315382205766557,0.4851510922269321,-2.09749016652092,1.4316887459732772,3.0574144574532665
0.005339685750702858,0.007780316928560462,-0.0034663688524935476,0.00728656510205622,0.48087860623407214,-2.114155310294439,1.4007183088641628,3.0730804611716214
0.005519496526140726,0.007376401229574303,-0.0040383868566849675,0.0069055714075608255,0.4212835012684632,-2.339537997723816,0.9602656045593854,3.3143705133564256
0.005503575113020156,0.007402803846564738,-0.00399754406579893,0.006929989148691619,0.4254292232576015,-2.3248661421127923,0.9907964278629912,3.296971444699114
0.005487657282945198,0.007428682247425694,-0.0039568057290993225,0.0069532017868417706,0.4292078754646457,-2.309687083222211,1.0203740465111206,3.27867991186536
0.005475748559671343,0.007458634646030646,-0.003918350809241266,0.006984962723683245,0.43507002027607505,-2.2973743227998997,1.054081664999013,3.2673752153256452
0.005464523560849043,0.007485932264803366,-0.0038823693258096064,0.007013152326639685,0.4400819766016811,-2.285131604055312,1.084835856187348,3.255608128078736
0.00545240879130023,0.007508514298030723,-0.003848440416657019,0.00703373372216571,0.44329993172389554,-2.2720635066041663,1.1099630011199384,3.24060971984446
0.005439211919920677,0.007528636761377429,-0.003814776117087145,0.007049706466531355,0.44547234811869757,-2.2579446754520345,1.131979658591802,3.2228023470216027
0.0052756492443129,0.007903861842349175,-0.0032671869634669296,0.007373984180626655,0.486399100118641,-2.015899701577664,1.5165503079818048,2.9538187964883247
0.005254537108099626,0.007914458453536314,-0.0032316424979598316,0.007365516154442676,0.4810711410285681,-1.9951781538155131,1.5194965411071364,2.919441742966254
0.013439884303643285,0.014392288935797422,0.005698389565671051,-0.004459815852366957,0.1598897257074492,-2.132281076982466,-1.0266561241480945,2.945498630381467
0.013591146637860417,0.01435965790527568,0.005495380760434044,-0.0045235848690271035,0.15525839327814092,-2.138792234967848,-0.869967294775981,2.913882130432514
0.013653184854057386,0.014338048108163345,0.005416042661912953,-0.004558052436640972,0.1535089124059979,-2.1433045685251746,-0.8058884997162267,2.9063217111969655
0.013518812850005148,0.014383367287899823,0.005588198623405877,-0.004482866688875571,0.15628764876541448,-2.131704532002578,-0.9453909570724489,2.9214032196681234
0.013320254099444082,0.01445354188105763,0.005836787267470791,-0.004348301665645377,0.15924027178754993,-2.0934546022759695,-1.1574830835871646,2.919528867688498
0.013264114912814044,0.014499777014933737,0.00588817974414368,-0.004267794741280834,0.1570047188184717,-2.0600705025239505,-1.2185545164837401,2.883039083827391
0.01340322306237326,0.014457425431908134,0.005714171226952226,-0.0043592068918316,0.15432954271238544,-2.0898521057536357,-1.0714731337470544,2.885855352986272
0.013093884766796434,0.014610766567822004,0.006051404338652664,-0.0040566197560403085,0.15321731963872057,-1.9668837063328637,-1.3967207989640853,2.791721281114256
0.013144813990269033,0.014561662403126419,0.006016159441037834,-0.004143915651936261,0.15615533956627928,-2.0075604482177547,-1.3455414514876816,2.840160216105279
0.013220551732639517,0.014566091413033052,0.005905182576480349,-0.004161038781796145,0.1521334037040565,-2.011737539479594,-1.2646978694776678,2.817416804118904
0.012947917634601914,0.014680351573465825,0.006198767247093375,-0.0039003087679081163,0.15309149448013645,-1.8909698196032492,-1.5443863991831608,2.726719211970468
0.012938319656894421,0.014754851899439887,0.006147995158102785,-0.0037943675384768468,0.14482721427501263,-1.8383925654713351,-1.541162063021959,2.6394705646592063
0.013033344893492366,0.014662480759961419,0.00609522982525555,-0.003961238291625854,0.15021437707500515,-1.92123413200207,-1.4557564675831787,2.7393505957580544
0.013107234681953081,0.014671859937726944,0.005985799506501235,-0.0039763835233798854,0.14607673552994727,-1.9271426456458731,-1.3771397447183475,2.7180090500464877
0.012818652761464829,0.014764236382009542,0.0063004158040122086,-0.003723250730604207,0.14986210618328888,-1.7988426247706248,-1.66474027310843,2.630375757764751
0.012879607485874203,0.014767157938550855,0.006216006571755299,-0.0037501129781931744,0.1464062525617473,-1.81488424719591,-1.599935598150674,2.6271877715697545
0.012922386440196306,0.014816577209488861,0.0061157194225997325,-0.003705049305998668,0.13896849420078497,-1.7939666374317247,-1.5452071491970492,2.5696636751522686
0.012775496904443009,0.014809690635482757,0.006315260545379773,-0.0036397149637320057,0.1466555241298101,-1.7549763340934594,-1.6980079775075454,2.5754564109937914
0.012582405642185015,0.014931386436098058,0.006441503769909805,-0.0033682122898658546,0.1422274996755912,-1.6024404363374778,-1.855039947863096,2.4125306324793
0.012621813202648097,0.014901438896897401,0.006423107625114391,-0.003430920533093858,0.14363971488983826,-1.6377696957092451,-1.8267945459886932,2.452960479847405
0.012718857480469399,0.014859363295045707,0.006341290182781838,-0.0035431025966352722,0.14348970807064107,-1.70296336903238,-1.7417889635989674,2.5136228538405807
0.012683474227773293,0.014918195728285774,0.006328428472548573,-0.0034474324991608132,0.13946264797925803,-1.652895708900214,-1.7585694520181445,2.4435410553540504
0.012473459948191528,0.014917574987610193,0.006591908763186973,-0.0033115283962121887,0.1493709629498086,-1.5585977787625465,-1.971433910744771,2.4049759149340275
0.012419172590905128,0.014958003472357843,0.006613463266917065,-0.0032226479724103345,0.14702567474525155,-1.5063506270701137,-2.0071391412344837,2.344609383318703
0.012528022774465644,0.014957355663177355,0.006481218980798841,-0.0033001714329360054,0.14222270070229948,-1.561959081715022,-1.8989497985498585,2.3725622389154033
0.01258099014776482,0.014979771839062284,0.0063927385304841725,-0.0033076753451073693,0.13750302040529225,-1.5730794752076849,-1.837366513225811,2.35871787023567
0.012264794877344451,0.014948332054668497,0.006811111385445137,-0.0031141517740810747,0.15581713705841901,-1.4206971683994425,-2.167299197100913,2.304495919388922
0.012236856821973749,0.014995414269948297,0.006786810132093856,-0.00303536006689307,0.15185009822885612,-1.37756659318839,-2.1675662052556133,2.2409095521884463
0.012141504335529426,0.01501072116539365,0.006877793977763378,-0.0029362011666706125,0.15471212723794628,-1.3057204098777666,-2.250365683238273,2.183504088658918
0.012193149047424792,0.015005536931615798,0.0068250658216271595,-0.0029868392530767863,0.15257240593091034,-1.3436250508033998,-2.203886325088288,2.211849624012737
0.012322149765958733,0.014976725895082523,0.006708615848682602,-0.0031263589571110958,0.1497378941419019,-1.4405932100469834,-2.0942929971062525,2.2931126614423127
0.012375105618796456,0.014999869346470157,0.006618709864036717,-0.0031395870009660455,0.1446046467911116,-1.4584772133736905,-2.0298538883348805,2.284786749115827
0.012003444162843794,0.015030218642365764,0.007007017854003488,-0.002788026492243412,0.15931021163899192,-1.1945443553489168,-2.367534250527845,2.093699954951193
0.011960928635981641,0.015049133348843152,0.007027779454641256,-0.002726649434885724,0.15922311021145358,-1.1530076711052237,-2.3927303958334223,2.050454414053202
0.012056609077111374,0.0150512889137439,0.006920726637384941,-0.0028145363311797658,0.1542230500590158,-1.225425325088908,-2.303377158757891,2.0990991036601394
0.012113551307993735,0.015061009245139792,0.006845292434631498,-0.0028550417015152274,0.15006511372041934,-1.2618632904607947,-2.244236796910506,2.1166216468292416
0.011935785679301493,0.015088158422189815,0.007001633136002925,-0.00266077167263561,0.1558912086076205,-1.1166140231102004,-2.386496324102539,1.9955553918261042
0.011898962407430052,0.015111759086425628,0.007007763706762464,-0.0026002428978678903,0.15435639601737997,-1.0776718817569693,-2.400969176189587,1.950478537946602
0.01184579840464384,0.015111633737912031,0.007062196277959587,-0.002547348592649844,0.15778925089113785,-1.0341149586012255,-2.446719888257119,1.918526847343404
0.011887935869547117,0.015148558376845941,0.006968747350556724,-0.002551985558949269,0.15075847862234157,-1.054534073278471,-2.382823397931879,1.9075715247754232
0.01179036466914594,0.015145427085035175,0.007070032224056176,-0.002457176617622584,0.1559098920291613,-0.9750533974067258,-2.4662510105516113,1.8502462698219821
0.011743584581105863,0.015181212586072062,0.0070644424193314044,-0.0023743332416154236,0.15372234923197411,-0.9229126334513406,-2.475072311555515,1.7857315361524722
0.011205339636972652,0.015197483346886004,0.007491834392288683,-0.001736379946477821,0.17948733108870374,-0.38891989666762644,-2.8316082210448705,1.3378261563016471
0.01116429469257263,0.01522881994639118,0.007469308964427076,-0.001662082596450863,0.17704084672398698,-0.34282310920209164,-2.8219983520096243,1.276702763423503
0.011121235614905252,0.015248349012168691,0.007466241707949632,-0.0015939841095673,0.1762656922615703,-0.29549950254963114,-2.8243028629813676,1.2224333116522168
0.011688839761315632,0.015217102341380555,0.007064122846089914,-0.002283644241410679,0.15172923966403687,-0.8642843839541651,-2.4881645218092636,1.716088192758052
0.011635911640226395,0.015215226158994349,0.007114650937939648,-0.0022289155559094345,0.15503976459737012,-0.8177121051628117,-2.5293037462967645,1.6804276651513401
0.011595954793130024,0.015238236537133793,0.007116305290845456,-0.0021652986634062513,0.153569757131004,-0.7753816063972433,-2.538804445638108,1.6313937002905854
0.01135547554220672,0.015225444095014877,0.0073343032480631615,-0.0019008215390310852,0.16755998157016674,-0.5454365382690091,-2.7129380636649487,1.4510229064625646
0.011450605925631364,0.015206251749146131,0.007287774357459935,-0.002028670837493959,0.16517008529052998,-0.6443476621721526,-2.6689262094283914,1.5460301133780843
0.011408153395247712,0.015243397385341724,0.007264929318257945,-0.0019490126088161821,0.16245605759060996,-0.5958685424606712,-2.662287872100226,1.4811967541157343
0.011507930272071967,0.015237433391635337,0.007192624166410671,-0.0020684721392060595,0.15852184688429316,-0.6939265850168045,-2.601167898409708,1.5659272965990885
0.011555204912819151,0.015256774942625029,0.007123998118200333,-0.002104804218676087,0.1532880122519405,-0.7336498121667954,-2.5515738664322187,1.5857353832187784
0.01131747170122506,0.015257160644062538,0.007313488392032336,-0.001831036051743888,0.16505066824316242,-0.5027720944871233,-2.705710649087368,1.3940095866234328
0.011262308396819092,0.015232297306772155,0.007393903239896538,-0.0017824083291234527,0.17150696839330212,-0.4480007002681558,-2.7629843516298895,1.364144111350959
0.010865733249207393,0.01523711272057786,0.0076377496839208645,-0.0012621510630761118,0.19057490783345463,-0.003890396891656834,-2.950883111096274,0.9731244687686277
0.010903721376576645,0.015212173412055023,0.007660359830493657,-0.001327769136135949,0.19290419225071884,-0.04484279067373143,-2.964169407061843,1.0274092655629479
0.010953244439265854,0.01520234129714488,0.007648985752915311,-0.00140105388951422,0.19195163346666957,-0.10189967164428405,-2.9542938138959864,1.0850253844937001
0.010994643197572273,0.015192819356285726,0.0076404832972094315,-0.0014629140814810904,0.1914416227416772,-0.149538213593403,-2.94629866957273,1.1338550864595975
0.011036135891429185,0.015221327921773357,0.007566145060404775,-0.0015007161934816205,0.18477497620552605,-0.19960817300986028,-2.8952890295511295,1.1573897182919455
0.01107446075734381,0.015262120025415386,0.007473736026822621,-0.001525043709783333,0.17639471674409093,-0.24431170648687292,-2.8332006105782637,1.1685239674893297
0.010080265746428774,0.015265861593273256,0.007816092043337807,-1.1980118452524598E-4,0.21286424372950807,0.9313720447702266,-3.0203368624217153,0.07781911707166067
0.01011552517894205,0.015282288421679004,0.007783776363345324,-1.7092260338712247E-4,0.2088753544826019,0.8785356021764867,-3.00504554019226,0.11685044380511474
0.010158020825282941,0.015289245146555925,0.007767565786977003,-2.327162196236851E-4,0.20672464058455914,0.8238895405533554,-3.0005782522616653,0.16469454193334507
0.010312822298873824,0.015282411347883487,0.007757878659817149,-4.5984300531400215E-4,0.20431378950539505,0.6434042817378822,-3.0119461725399765,0.3429729859146374
0.010274073514619389,0.015292329746305988,0.007746774180763013,-4.016778587441903E-4,0.20319730188806515,0.6844449264298285,-3.000985800627895,0.2966076066056338
0.01023385457423121,0.015302110513096127,0.0077351714916540784,-3.4176976300051955E-4,0.20261994966285976,0.7267592650992518,-2.989238898208752,0.24894011990111833
0.010197256633246126,0.015309402381961237,0.007726635081462675,-2.8774511516915476E-4,0.20160586692077195,0.7656141377638163,-2.9795650123509967,0.20629519341856722
0.010050374535168079,0.01528826945801663,0.007775852065420682,-7.488531487059577E-5,0.20865445767769344,0.9511217931577187,-2.9902556645216376,0.04149347361458086
0.010016675921946543,0.015311237897527894,0.007734318037860622,-2.5274437340549902E-5,0.20445317603915283,0.9741260847278138,-2.9588449588294385,0.0017861282923725531
0.009932927042370294,0.015337563164099587,0.007684660485064137,9.525481846613455E-5,0.19980315555310987,1.0498326824081978,-2.9136767231024265,-0.09250316023985626
0.009976772963119888,0.015337370077663339,0.007686513124845336,3.2230325848474994E-5,0.19962565852186773,1.0009620999650337,-2.922468618199846,-0.04393119643213599
0.010828106855500674,0.01525471583645147,0.00762666078284619,-0.001201521691472843,0.18931258062047548,0.037176050298275504,-2.9447776808949713,0.9238874938042437
0.01067830797582209,0.015244503944548939,0.007713954826104814,-9.975589641385738E-4,0.19807079772401928,0.2175692719133596,-3.0027218688485724,0.7676509552704226
0.010712709741641235,0.01525448949669116,0.007681475767100288,-0.0010416983212865852,0.1943734734552781,0.17366405559265427,-2.9818157835947017,0.8006113499929558
0.010650854309189604,0.015272196678462992,0.007676060605982302,-9.475156020407239E-4,0.1942595526451081,0.24237049903945077,-2.9777373118333053,0.7252085174971898
0.010618991456117282,0.015290974113606788,0.007655204166955455,-8.955370985662283E-4,0.1921349428829492,0.27440750458242585,-2.9635976628789433,0.6825993522563608
0.01058606782460769,0.015306603547511592,0.007639622599143915,-8.437509368689075E-4,0.1906573829066576,0.3081771443244692,-2.9526697101194626,0.6405417356930293
0.010782496749678414,0.015261948269732446,0.007636448524325585,-0.0011352894583442003,0.19028084279515525,0.0891843940612125,-2.952038358232319,0.8719231426099083
0.010740845102881926,0.015282508192685899,0.007619855566849627,-0.0010683837167880176,0.18859087641419311,0.1334396209964529,-2.9417210970788403,0.8175493839458529
0.010520466181727292,0.015292553943795672,0.007686574407336901,-7.560302179689325E-4,0.19566064315569706,0.3906079175822233,-2.980498085716091,0.5737639445116683
0.010551749032551384,0.015323329430604047,0.007621866770683391,-7.900889574709432E-4,0.188968719721289,0.34270102442410955,-2.9401104509075116,0.5970022748482752
0.010454402911725598,0.015268499031830623,0.007749613806501069,-6.686040239182587E-4,0.2023990623930634,0.47952144738679653,-3.0177427014723874,0.5078371914513706
0.010412493291177764,0.015280350878368439,0.007739374020188267,-6.048633072336668E-4,0.2015653970951954,0.5246968159709408,-3.0083457749601084,0.4568657776923013
0.01037587202474799,0.015298743017001772,0.007714987147259202,-5.476397062472294E-4,0.1993081661740511,0.56001254705256,-2.9899327269848457,0.41041247995058455
0.010483447058963794,0.015305053372137743,0.007675570458470123,-6.996821096103661E-4,0.19468427136553057,0.4296384831559407,-2.971560155400006,0.5285339612151905
0.010339365553500297,0.015313794078503612,0.007695779607457387,-4.919672677224816E-4,0.1975369182221964,0.5960476621765435,-2.9745611127442495,0.36546510315791375
0.009677008548694984,0.015275765257914159,0.007764404721697474,4.7401066037434367E-4,0.21150826033580114,1.3832423304716686,-2.907326349020847,-0.3813866662931909
0.009710333002550704,0.015273803887506696,0.007774677135801043,4.2576468802631493E-4,0.2126440986673938,1.3487974148475825,-2.9217273520470437,-0.3445394538218743
0.009741038239777622,0.015253192030112342,0.007818290982000866,3.843595357274351E-4,0.21695196729101543,1.3337694125005302,-2.955468469796339,-0.312684345322009
0.00978271692652618,0.015244949201494535,0.00784023809068824,3.23868007661367E-4,0.21918008631163569,1.294389980239463,-2.978544379452963,-0.2660986849124505
0.009812542408333796,0.015273693876601461,0.007791003462598748,2.758574049933977E-4,0.21303928197183694,1.2355208169732241,-2.955146251665394,-0.22962966738476762
0.009734213230404522,0.015294229958954643,0.007741579407061288,3.872483895328004E-4,0.20830103910636472,1.3042355288168899,-2.9074398618222426,-0.3154033105753618
0.009703390748122638,0.015307636690405918,0.007711529396917654,4.2937586303133955E-4,0.20534197312660227,1.3256641690011246,-2.882188679093233,-0.3477141523207243
0.009871971609671928,0.015296931460795353,0.007754575293741993,1.8628947462369244E-4,0.20794677240824241,1.149647171040929,-2.9451692016086395,-0.16157597456888476
0.009838821425293829,0.015295769995802212,0.007753470569505849,2.3477020969749087E-4,0.2085280037947157,1.187665160589016,-2.937751192719063,-0.1987747361487083
0.00989365503640352,0.015338253015093367,0.0076810674041315405,1.5160992649563827E-4,0.1999279541042239,1.0929872405950445,-2.904246452409606,-0.1360069931910415
0.008683698415467423,0.015072984539562838,0.007599809841557338,0.0019702430867691513,0.19700521657229877,2.51000863268082,-2.4252994125136653,-1.4491085530789352
0.00846436731864229,0.015024185189805313,0.007482695745900021,0.002285187476841444,0.18024775415379157,2.6985685676961313,-2.243498441486189,-1.644160931840798
0.008518853659157909,0.01503084541820011,0.007523579111399766,0.002213276792314421,0.18598604477683486,2.6636012313179305,-2.294017621438123,-1.602213933746394
0.008490589274744498,0.015039550892132653,0.0074828019069080615,0.002239224893415706,0.18048363450670235,2.662521621971178,-2.260955467767727,-1.6146040702285689
0.008643916667061154,0.015068910554237872,0.0075728142876354135,0.002024163829054657,0.19329421297773466,2.5391597926295577,-2.390933859243375,-1.4826900037550848
0.00855900817038072,0.015052494209936068,0.0075250016874768965,0.0021442765316276586,0.18684921619506356,2.6098642687744364,-2.3202894626693227,-1.5574001635366133
0.008536960347143442,0.015052898399919277,0.007504215974918236,0.0021708404055854253,0.1836682996548393,2.619972206902907,-2.29864384784535,-1.5725853626932254
0.008581956900705822,0.015065529273513309,0.007524128739068236,0.002104355421608978,0.1867611096213966,2.5777352189036313,-2.334302234346294,-1.531048935258876
0.008608184588635704,0.01507813647510222,0.007526423555663195,0.00206081786743396,0.18750555607492156,2.544423650503769,-2.3512325130757175,-1.5025509823252827
0.008192196997902426,0.014847118608576272,0.007474481456746631,0.002786833008783383,0.17279316460921923,3.086768640365794,-2.0315884191191387,-1.956579768452358
0.008163632739085614,0.01484534398442431,0.00744385732788625,0.002820245328785135,0.16829528236461735,3.094743401490161,-1.9996379491851484,-1.9720267496670145
0.008208598304240216,0.014880100531083126,0.007442269266720964,0.0027307792939688285,0.1696334173076439,3.0243187871808037,-2.038375337261098,-1.9175791952876364
0.008256741219347472,0.014895941604371719,0.007471749559661511,0.0026592599347628957,0.17458338862143097,2.985572969230871,-2.0858116537261644,-1.8780919090747659
0.00823175171174853,0.014897483980340508,0.007441461034015525,0.002685507976045054,0.16998054798871295,2.9886672908769167,-2.0576192765655104,-1.8897909692769637
0.008213980706696749,0.014910516748031882,0.007401444612619797,0.0026905393185500735,0.16509105508293898,2.9697489708696536,-2.0331826261476698,-1.8869994549812865
0.008301413375920793,0.01492439981598244,0.007475914604931913,0.002577393302701434,0.17628973240319537,2.923880908704436,-2.1228867315523634,-1.827922065659969
0.008314154208522103,0.014954738502671318,0.007441714912724419,0.0025304433093690294,0.17248688776929869,2.868151757780385,-2.1231794218790525,-1.79409431091427
0.00842068853306154,0.014965396364837789,0.007534890512867334,0.0023952560258257943,0.1856873936159116,2.8134851327646797,-2.230507091626627,-1.7206906197037561
0.008395839524528343,0.014956309647189572,0.007524311725982132,0.0024340009505197835,0.18423107000218086,2.8382184920341547,-2.209041396896018,-1.744037205640407
0.008340506049038006,0.014957620545907902,0.007464894190813657,0.0024972406040231973,0.17582573155441253,2.855066104805402,-2.1498113898540736,-1.7764214477152416
0.008368829320022106,0.01495971107576622,0.007491031837675333,0.00246223004815274,0.17955564513441355,2.8420781216226936,-2.1787690778070967,-1.7577888555234702
0.008271720737880564,0.014925606064401223,0.007441820087929489,0.002609740525728271,0.17130937140527006,2.9298563975053864,-2.090122349603416,-1.8432526308490986
0.008433804014144359,0.015001681483306308,0.007489273939476287,0.0023434207639769886,0.1807431608672505,2.7477997852344354,-2.2248436294808402,-1.6821648853104496
0.008437836822376116,0.01504083352127667,0.007430370145181763,0.002300460365645521,0.17379104202086518,2.682777078175889,-2.208037019236043,-1.647901703846371
0.009641620688554878,0.015281714326624965,0.007745670940410186,5.241111718242076E-4,0.2098450748533793,1.4155882859503974,-2.887206308091127,-0.4193685937691221
0.0095784963279926,0.015261390776177313,0.007766863917126276,6.208068614857411E-4,0.213095479614924,1.5020651222978432,-2.8827239142396768,-0.4923576126750637
0.00960668571579313,0.015284086711124047,0.0077328406665039566,5.740325201214417E-4,0.20864327132154742,1.4502247371364392,-2.87051791641961,-0.4569745494729956
0.009536023372767807,0.015267925412653522,0.007742727865958502,6.803874454678913E-4,0.21046042811260082,1.5396841136368737,-2.856707383727529,-0.536988511675872
0.009366759341970081,0.015214187241172116,0.007780531733408724,9.435236840323011E-4,0.21693622755491732,1.768509462094338,-2.8248455394319723,-0.733302888906607
0.009448968555693577,0.015215738391110773,0.007809561383982952,8.238326197045334E-4,0.21963919251328265,1.6844837141897095,-2.8685766861472675,-0.6449436977807429
0.009409294887556038,0.015216220975132548,0.00779381725196264,8.81285723883083E-4,0.21817481942327419,1.7239528410820653,-2.8466747228377027,-0.6873709334387379
0.009326775704221522,0.015227256724699427,0.007739819202330223,9.952026123592978E-4,0.21262320701411871,1.7920864391478872,-2.7884679992237005,-0.7704112000690383
0.009295090877976598,0.015229959566057551,0.007720881450952506,0.0010389167328629623,0.21032475119883773,1.818902859936104,-2.766812060709008,-0.8020094195116442
0.009470898080731807,0.015249770690786032,0.007754919519818084,7.800644406910735E-4,0.21286623761658133,1.6251135156127108,-2.8442499626995423,-0.6115845106439286
0.00949396796814466,0.015283743833893942,0.007700929228027513,7.357118526360927E-4,0.20621451578418906,1.5663633531195342,-2.8204913738648223,-0.5778693618978369
0.00888145123358197,0.015121178494311719,0.007671339828683321,0.0016739120156870142,0.2065015788923601,2.3080900889082065,-2.5643783022441657,-1.2524185021572005
0.008891165630829664,0.015158846257366498,0.007612851958388697,0.0016342161035619918,0.1993315669909876,2.247548212781115,-2.541987184891875,-1.2210619707625325
0.008845986066042274,0.015119854359616242,0.007647749017279598,0.0017220839055286368,0.20337165621073597,2.335181224666479,-2.535392989238348,-1.28406784599406
0.008818894271932488,0.015113810243718934,0.0076379323138574765,0.0017623473368899288,0.20215826532514397,2.3626519269336024,-2.5168436315870357,-1.3110198098756118
0.008791635722449028,0.0151209057465218,0.007604984720869977,0.0017926074355556277,0.19803620477957984,2.370644925345618,-2.4877477596288524,-1.3294009344840891
0.00873788825722589,0.015094455744206467,0.00760790362540236,0.0018830221543513542,0.19824691821313076,2.4442219392671043,-2.4596816954622276,-1.390919487016779
0.00876273276410666,0.01512150145509495,0.007581579367756014,0.001829550468247111,0.1951633130786823,2.388511099498315,-2.4621038616033415,-1.3526278351910384
0.008702468638770331,0.015103499077158397,0.007563831304215884,0.0019210268889925982,0.19278278366497548,2.4523744800515392,-2.4213071707575176,-1.4128675435529419
0.009201605028721988,0.0151945824515095,0.007739271078500043,0.0011879387340449252,0.21352869139550937,1.9476356675261137,-2.741596794856772,-0.9109897815430569
0.009236950409749447,0.015200227132426719,0.007746977659715513,0.0011352121975963505,0.213969680546874,1.9085575770931762,-2.759374577343671,-0.8730446758286655
0.009175696873715862,0.015222092971008919,0.007676543093903279,0.0012097715303712334,0.20580394884593675,1.9365400972714786,-2.698237166866198,-0.9246553913200811
0.009140322014249594,0.01521199080670588,0.0076755275364813825,0.0012640765529884183,0.20603619119031347,1.9798618799524008,-2.683665348594075,-0.9636743094185702
0.009106666363755104,0.015217346368630723,0.007647326038426869,0.001307289484279269,0.20268525335417756,2.001578062411322,-2.6554846175271862,-0.9933058732881718
0.009257856174182831,0.01524185205131658,0.007682312855291201,0.0010856957317161799,0.20613647069498778,1.8392128381585786,-2.73238572831055,-0.8350220563926547
0.0090803382611097,0.015225701675962511,0.007617596074406169,0.0013382915363847456,0.19944435601470306,2.012659590640849,-2.6294925219015646,-1.0139081787429813
0.009053895673159415,0.015216383276577481,0.007618372023395367,0.0013794836329614412,0.1994686459923075,2.046008585231879,-2.618810012367982,-1.0431148697874162
0.009018858255420028,0.015192931652659352,0.007638085662710821,0.0014410274394270318,0.20204225997923003,2.1046089453545016,-2.6133883422202473,-1.0876774247996022
0.008971371244386487,0.01518065240174705,0.007629301137942345,0.0015127194245116123,0.20118915723196634,2.157875574650715,-2.587776968894659,-1.13745544233819
0.008922234521988119,0.015182883683609656,0.007592786215138037,0.001576610838666607,0.19686444207348067,2.1916308798646322,-2.547600506815725,-1.179684949293686
0.00466461245566866,0.010284856153340557,4.2012983356868493E-4,0.007926582849969522,0.053424126628871145,0.23198714777279464,2.3437050943098843,0.376024327790534
0.004673360792526725,0.010321929523901985,4.7589502393825497E-4,0.007930112677675696,0.04500211246438729,0.26983678180919163,2.3491401896882436,0.3400767446862385
0.004661516729563566,0.010368994039214069,5.423795385576608E-4,0.00790831360948441,0.03133835703672023,0.3137922469299595,2.3371174804232546,0.28912807254381284
-0.004912711859919615,0.010976093141144942,-0.0015242272348876594,0.007961136797065808,-0.11993465892443424,0.9756833191412516,-2.417223147350207,-0.2972536222030144
-0.0049256270327913895,0.011043429742770422,-0.001628657064354429,0.007937348053779008,-0.13697161434836025,1.0462276129830446,-2.4047737200791226,-0.3654808922312896
-0.004919022668520694,0.011068983520464062,-0.0016611920714350431,0.007914800328812074,-0.14270721395158067,1.0689696348680089,-2.3902414416139846,-0.39227363260394815
-0.004910088010249928,0.011019516005644192,-0.0015853627351348875,0.007933842983057257,-0.13052037297084254,1.017533945031273,-2.4006227953191335,-0.34230542408521153
-0.004902794914915907,0.010996862221565006,-0.0015487149564392562,0.00793851343247653,-0.12465567532597752,0.9929225443551373,-2.4024264255587395,-0.3197120161588453
-0.004814469048018562,0.010792809349106341,-0.0012094109681721422,0.007941984684624414,-0.07161107460528114,0.7656171839185016,-2.3912414302266085,-0.11982729094466052
-0.0048935543408832865,0.010957267227065538,-0.0014865613208212003,0.007949881469193317,-0.11452153441224792,0.9510311151014076,-2.407883572886652,-0.2798714279262234
-0.0048631335994016485,0.010862173598233535,-0.0013328688637866532,0.007964283803173959,-0.0897423304139676,0.8479702765024565,-2.4117688840453244,-0.18512399973450044
-0.00487254193631329,0.010884470950175182,-0.0013700002115372362,0.007963922746661752,-0.09550368466377661,0.8727882724959786,-2.412998176928647,-0.2070369053597772
-0.004878800557338375,0.010935318608279052,-0.0014470073189282798,0.00794502700259986,-0.10855266955499467,0.9247870565616202,-2.4029352655593006,-0.25883725857155354
-0.004870897776405852,0.01090963552158228,-0.0014057480430343181,0.00794945493134485,-0.1020281676368802,0.8970926623054168,-2.404370259368776,-0.23324786342840612
-0.004832033886347081,0.010849558005686315,-0.0012997050681093976,0.007935622833123863,-0.08610295517120005,0.826436196848355,-2.39049360689193,-0.17602743350859285
-0.004801921854701228,0.010829571935293667,-0.0012568893408058115,0.007911588182043057,-0.08105775384190765,0.7979270544617442,-2.3719984709729456,-0.159060768248013
-0.004890392621247376,0.01108049596750167,-0.001660215506914711,0.007876158140052256,-0.14373010361606278,1.070109103832577,-2.362970502188094,-0.4061707826913284
-0.004895573117086454,0.01110593878200412,-0.0016989230843941217,0.007866356867430662,-0.14976170735568214,1.0964668246543272,-2.357533253720507,-0.43154710527627066
-0.0049177897331366864,0.011152512355832684,-0.001777687446868264,0.007861451721886846,-0.16145313982912987,1.1494959280861616,-2.3570570227062357,-0.47733943694699627
-0.004969304034959155,0.011202141756609791,-0.0018807786524854145,0.007885631912034978,-0.1758953371169558,1.2169339763151517,-2.378201930435807,-0.5248760456842049
-0.00495011821392025,0.011186343406142479,-0.0018458772706824369,0.007874971954018236,-0.17101512044503148,1.1942756960819243,-2.369291921416992,-0.5098080120683568
-0.004923986275269805,0.011182178808304152,-0.0018227660751695305,0.007848912453450133,-0.16811656948569287,1.1803021946696912,-2.3498517551444285,-0.5069176856375123
-0.004883263175468144,0.011135054853131154,-0.0017315783488752632,0.007834719420720641,-0.15544381742604732,1.1199082533763838,-2.3363351948360873,-0.46159711117648333
-0.005120645263960315,0.011644122309504266,-0.00258950578303937,0.007694986540770506,-0.268049632563445,1.7043269538856727,-2.2658690124700467,-0.9666565343933865
-0.005110860102422592,0.011670256062619441,-0.002612640786801994,0.007659959459068198,-0.2697774667964585,1.7221895918442627,-2.240330088345733,-0.9907893739730955
-0.005091760532322968,0.01159900565852489,-0.0025063778950735927,0.007705418007725767,-0.2584687879637058,1.6475969765381713,-2.2706496863195045,-0.9208918387064434
-0.00510430865690982,0.011625764647769014,-0.002551421419326473,0.007694465153268521,-0.263504294053504,1.6786387998093117,-2.2640812752768693,-0.9476276915136236
-0.005063205072042603,0.011588391527621126,-0.002467377734166345,0.007684357080711249,-0.25340434503478765,1.6226330809142258,-2.2535621634187986,-0.9086074434096306
-0.005061034302950901,0.011561696989590106,-0.0024318577922378586,0.0077056892722058914,-0.24940115287895798,1.597399323537253,-2.268170632470853,-0.8828172839043651
-0.005046139537656282,0.01153731705566173,-0.0023879481871386435,0.007710962764102572,-0.2442057088487308,1.5674975820092623,-2.270523703818181,-0.8583843493444577
-0.004994728216442876,0.011325938894580782,-0.002068930224831026,0.007825471744946915,-0.20317810559328467,1.3462407368356202,-2.342397632075084,-0.6490805485011304
-0.004998027519472956,0.01135484010904267,-0.002110324756104708,0.007807264931940053,-0.20891714026772412,1.3750818615193532,-2.330811908587107,-0.6779224156575508
-0.005031708062528179,0.011507598953673696,-0.002337681925355887,0.007720879769350855,-0.23807029633344803,1.533109747883496,-2.2760623639717426,-0.8288954674466505
-0.005001547625584322,0.011385514124235446,-0.0021539453562109483,0.007787456415214901,-0.21473379241852833,1.4055840548139835,-2.318084292028097,-0.7084229300411522
-0.005019732781876987,0.011475883728664935,-0.0022868814349823424,0.007734544203534249,-0.23179665442695738,1.498108577299034,-2.284287170185167,-0.7975690844917506
-0.0050048223002806475,0.011415563663117762,-0.0021962077023076065,0.007767367375889972,-0.2202792782727979,1.435194273008734,-2.3050201761003244,-0.7381293848109044
-0.005010493268559582,0.011445119741750803,-0.0022394220746516946,0.007749779449653102,-0.22582065445887797,1.4653006505598716,-2.293742498170747,-0.7672586824578181
-0.004967656208641125,0.01122806992837703,-0.001915631926068791,0.00786603974229409,-0.18128464829362403,1.2413401035771903,-2.3656129804287587,-0.5512678209586123
-0.004967902976775091,0.011256772958357563,-0.00195529252957934,0.007846236582083109,-0.1871421835318929,1.269028666632101,-2.352981942790652,-0.5802530722238752
-0.004968028914974554,0.011284794551977314,-0.0019935860466023803,0.007826362548543955,-0.19269475693566365,1.295829643672995,-2.3401814816012565,-0.6083809880108721
-0.004966310494802317,0.01131493180533433,-0.002033015694250583,0.0078025111216023,-0.19831810879394662,1.3236986832192879,-2.3244805521815297,-0.6385016973035736
0.005339577622900998,0.012219633894409436,0.0034671493092117804,0.007288951039131217,-0.3295569027714897,2.323021137732349,1.9729102053496057,-1.5217296425119142
0.005487211650713589,0.012482347948634731,0.003889676867840444,0.0070780863094857946,-0.3366514849267524,2.6183968027263025,1.8025070214059762,-1.7696542240806934
0.005468445660774025,0.01246027637939935,0.003846378612831512,0.0070920823617341726,-0.33608129091589695,2.5877831487996965,1.8144094602218523,-1.7464905577798842
0.005427292199309167,0.012358180872709323,0.003705855221716703,0.007192812235624149,-0.33682393180891074,2.4910176296751643,1.8968766839671505,-1.6583989349028554
0.005453078684125679,0.012431892968122646,0.00380252512863669,0.007117216941728433,-0.3360360374361537,2.5574372878303993,1.8352170399719439,-1.720685827707159
0.00542833731574448,0.012381524978319756,0.0037272872832741326,0.007162743009531541,-0.33587078105754303,2.5053340513472695,1.8724991268948372,-1.6753767508061153
0.00543436620913685,0.012406455897564329,0.003756314247241099,0.007134854692608646,-0.3353620121151024,2.525051747745211,1.849837896274148,-1.6952112562163208
0.0053537266459055865,0.012245740580657532,0.0035094341939976735,0.007269674761250426,-0.33099721996811077,2.3526977148092496,1.9578970205916344,-1.5467690952754223
0.005362954475895139,0.012276212263115297,0.0035492553460658564,0.00723977220339759,-0.3316237355864948,2.380380191770658,1.9342634203801363,-1.573089491785712
0.005376867521018597,0.012302724767601103,0.003591055309998851,0.007218788379238304,-0.3326018602930569,2.4096487292604833,1.917643361499686,-1.5980051630003345
0.0053922254116571915,0.012326485930544523,0.0036320693333067853,0.0072022287746891156,-0.33374694684135536,2.438428699725606,1.9044424363934294,-1.6213323705085905
0.005409457818321997,0.012345442231398778,0.003671234737770612,0.007193275635584536,-0.3351728416201554,2.4661652979474025,1.8972664344167247,-1.6419265693552132
0.004885790683603769,0.011150976113415017,0.001755062027508339,0.007827383094813992,-0.15892906648558233,1.1360186016501226,2.332004984488929,-0.47737364368208585
0.004874339914859675,0.01110881128447191,0.0016898412167369674,0.007841307191409312,-0.14925497377550115,1.0915942985842122,2.3394698934498734,-0.435762562051298
0.00486040879211881,0.01104745923962086,0.0015962614674036658,0.007862734175408531,-0.13475994840776281,1.027819680570597,2.3510525314310686,-0.37492151539368196
0.004853506543247335,0.011078380573348378,0.0016351653095680394,0.007836999748631375,-0.14141433215648458,1.0550312892989904,2.334333550286297,-0.406461485610946
0.004838873053671167,0.01101941980095926,0.0015447912026472618,0.007855200460374911,-0.1274687463407511,0.993477422224716,2.343764401702664,-0.3482430271443176
0.004828408307098748,0.010980685777519076,0.0014847922010421794,0.007865147806899802,-0.11818479663695494,0.952763098268883,2.3484825062608947,-0.31004983513779144
0.004806202569351494,0.01094886393803555,0.0014283393054561526,0.007857806073547607,-0.11009445424886798,0.9148884453711558,2.341113782850519,-0.27982633476367186
0.004781993395776087,0.010917129622625074,0.0013714866752394922,0.00784769303927207,-0.10208075046046391,0.8767089652594089,2.3316976203906674,-0.2500912859788593
0.004761458555223004,0.010745473475655505,0.0011185058385376194,0.00790351451064361,-0.06014323070348687,0.7046368401837947,2.3605674034955766,-0.07845074598792322
0.0047350683939492945,0.010714917377813585,0.0010641422480535932,0.00788681277252908,-0.05290360335108408,0.6678309813377751,2.346515335205469,-0.0509441393033647
0.004773503491567937,0.010875426170190565,0.0013087691256154787,0.00785893096582345,-0.09217767292084057,0.8340060903319594,2.337097036511304,-0.2089164002074744
0.0047716033824446785,0.010841595313552287,0.0012600966735370586,0.007872769149001436,-0.08392947720061414,0.8008434789636425,2.3448555029830436,-0.1749574583159711
0.004749047671290586,0.01081575493283002,0.0012133255503091586,0.007859897678958443,-0.07768193283472259,0.7692992148416532,2.3338770812571017,-0.15139375925597778
0.004729800661863568,0.010783183645444588,0.0011589643794195478,0.007853186081953394,-0.06995180538749411,0.7324528030505632,2.326879741720209,-0.12080242428456263
0.004716639012311126,0.01067875451093446,0.0010054368152885875,0.007880436040848282,-0.04430792539545598,0.627925751379313,2.3394642491893642,-0.01683416786002628
0.004703531391685891,0.010628349870732726,9.286263380725051E-4,0.007884062649710276,-0.03227636368817221,0.5757398306087856,2.3386405417004297,0.032365236697816775
0.0046763801756031405,0.010585417788645085,8.582790889138315E-4,0.007868642232086727,-0.022633206562778813,0.5276207519555806,2.3245028839557764,0.0715873833550576
0.004623726987106998,0.010419050058968628,6.064622245221979E-4,0.007856578317275778,0.01519350154368901,0.3553162849838914,2.3035541821672663,0.23023799375371254
0.004649719364721044,0.010458563766205695,6.69141279394627E-4,0.007875426740955276,0.007599081779926755,0.3987990293879022,2.320156709353808,0.19539801440868307
0.004649243974644976,0.010543914142999,7.909090530633675E-4,0.007851885513470032,-0.01373825497129305,0.48124488744148797,2.309390612117577,0.10897917837624839
0.004635398720822398,0.010500439760201229,7.252494815497739E-4,0.007849122552985815,-0.004106412826406387,0.43631241470222787,2.3041783035342736,0.15035779496618218
0.0050127621099955375,0.011396998616942442,0.0021779787005297715,0.00779069298079095,-0.2180036822768421,1.421472258223765,2.321370413287866,-0.7198915798612794
0.004987821962895215,0.011375572596164105,0.0021301215273520236,0.007780220700726054,-0.21154647344768263,1.3901094025886656,2.3119988642864095,-0.6985035311239942
0.004944981043993349,0.01126919171378766,0.001955962726387588,0.007812304613127816,-0.18766877878432206,1.2715248988805214,2.3286925367894313,-0.5933170614903699
0.004943818274266095,0.011241271557517737,0.0019172305741521872,0.007830629794287511,-0.18196883473035308,1.2445201046113896,2.340380261273974,-0.5654433628034904
0.004879841031627823,0.011183804912714127,0.0017959597210683933,0.0077996983943471555,-0.16549615699712028,1.1648749404563796,2.3137092766526686,-0.510310947489659
0.004856632707691226,0.011173203702456037,0.0017665604731549051,0.007781532475311865,-0.1616673298376353,1.1460009193704905,2.2996010773990316,-0.500654928454323
0.0049186292845612035,0.011227426606150991,0.0018810482054342776,0.007812643862861764,-0.17715271982330424,1.2212983962490938,2.326143097977518,-0.5523866782478336
0.004893724847386734,0.011209355304626682,0.0018397326291213249,0.007797817389639778,-0.17155417502721407,1.1943535737860307,2.313980042952455,-0.5351764442770194
0.004963031003334095,0.011322884946712896,0.0020412559200609086,0.007793070427957876,-0.19945410983362422,1.3297896604235377,2.317999761890968,-0.6464013996562984
0.004950954936505139,0.011297635648790254,0.00199857890995898,0.0077984231938336935,-0.19365950360325876,1.3008720978376214,2.320297513452843,-0.6214828662756009
0.004950173399077858,0.011346828335027134,0.00206348639643375,0.007761313931231524,-0.20271972556993134,1.346642170241836,2.295793988544117,-0.6700481989844549
0.004957035848426863,0.011372419258777515,0.0021023442912876983,0.007749350782190183,-0.20782924511905063,1.373464876278631,2.288498893314022,-0.6951975072130971
0.004994041852333948,0.01143470071160479,0.0022126086501425943,0.007740429357376031,-0.22228519942605907,1.4479426465705922,2.2859560919035045,-0.7566637542831564
0.004979336780693336,0.011468809186811944,0.0022446179942520977,0.007697114348643618,-0.22611332842424572,1.4720876855606149,2.255286816920226,-0.78913503872392
0.004968332954613846,0.011496577755531872,0.0022707273551072003,0.0076626922483950975,-0.22916822084676242,1.4916637586196002,2.230835128064883,-0.8150345285264236
0.00500679556464371,0.011565230908592782,0.002388912574862625,0.007645019038880359,-0.24324831606226366,1.5722589993810456,2.2216317417681997,-0.8824702486969923
0.004986492428581962,0.011597476454456555,0.0024106948278341724,0.007595740325953812,-0.24512020849180569,1.58961603930173,2.1857684740131824,-0.9106863158404745
0.004979622805397699,0.011525835832699241,0.0023167523601780537,0.007650156508748708,-0.2346235239958772,1.5233732253011993,2.2231379199267782,-0.8434133801951578
0.005153033518770975,0.011856531682895235,0.002874397899892667,0.007519204777276459,-0.29291959599330947,1.9074420431254355,2.141481136902289,-1.16846064444948
0.0051784504352175124,0.01190218261585712,0.0029523836409913085,0.007497081156584105,-0.2995573498559046,1.961644384905188,2.1265411580432896,-1.2136953472550085
0.005172012953042137,0.011876483095895115,0.0029167794086239814,0.007517748163938361,-0.29698118503258936,1.9365023390790879,2.141504115264137,-1.1897247764227066
0.005105128390891441,0.011830613306975282,0.002795984242632873,0.007497057802487458,-0.2844571238806315,1.854962192412271,2.122420943223847,-1.1369694898150842
0.005113869602013334,0.0118608802472524,0.0028388256280532623,0.007475018467388557,-0.2878140035791534,1.8850043880323386,2.106677666680351,-1.1651017116973346
0.005078175983824407,0.011811656882595807,0.0027475411477328186,0.007488875073120175,-0.2791812571339211,1.822412979578502,2.1149101575093003,-1.115684211407635
0.005042830374545843,0.01171048617347958,0.0025967719758485104,0.007550974547942117,-0.2651524614118899,1.7175061722973133,2.157713516097498,-1.0202261723165031
0.004987696542470288,0.01163293905733837,0.0024544007588899303,0.0075656069420561144,-0.2497092356512471,1.6207039708973545,2.1646496969828024,-0.9433274924021695
0.0050106207428008975,0.011667296807411711,0.0025159557381727268,0.007558056127279319,-0.2564442517134838,1.662621322426498,2.160737353170394,-0.9771567797038989
0.00501965704708705,0.011700505491581348,0.0025633780364657578,0.0075366516051098035,-0.2610816438111742,1.6956218859795542,2.1460220906719734,-1.0081768393735575
0.005048619592231105,0.011740850942210338,0.0026376683572069373,0.007528060431864373,-0.26899004632401174,1.7463216749475474,2.141582085689397,-1.0483736277819042
0.00505990909075433,0.0117761734888802,0.002689230898941332,0.00750540177622189,-0.2737082558003576,1.782186114924203,2.1258840688982232,-1.0814376165625375
0.005304420857584143,0.012194747091822736,0.003400095620157324,0.007286227537579413,-0.3251996904627615,2.2756991754892297,1.9700854682031803,-1.490469702095738
0.0053100518064165695,0.012219186786733663,0.0034301740155968778,0.007261583452310147,-0.3257511229409273,2.296653442575804,1.9508449403690806,-1.511156328070024
0.005225556165711573,0.01199295307796844,0.003102992335644243,0.007445466984978278,-0.3108340011067669,2.0670623836771616,2.090259545639904,-1.3029918438089376
0.0052498357413749,0.012067355011095205,0.0032087276835091848,0.007384934201523411,-0.31653381275562126,2.141612960633175,2.0451251627088074,-1.3718711838020459
0.005234392003647258,0.012043479349002096,0.003166298795621392,0.007397154936341709,-0.313816095330734,2.1119529796867624,2.0538599238077455,-1.3479061017128282
0.005221670772373714,0.01202315162523581,0.003130632699860874,0.0074076599642656765,-0.3114355841760247,2.087067548655061,2.0613456875472,-1.3276225134637183
0.005194487192164958,0.01199105881515496,0.003066406828097261,0.007416617860577566,-0.3063023810999924,2.0426002890169377,2.0669102865647364,-1.2939731616564765
0.005232369606994762,0.012094075303422023,0.0032156809310934543,0.007337025893034774,-0.31466882190690365,2.14703085799635,2.007636293504182,-1.388775387855377
0.005278130909965637,0.012185022603946556,0.0033589038390930653,0.007273156045479985,-0.32138506651958654,2.2468486335493516,1.9593071550754908,-1.474334905646149
0.005264431685269806,0.012165619049003958,0.0033238133064813573,0.007283512364028075,-0.32001857539251133,2.222469986721918,1.9670497855333324,-1.4549699994429093
0.005242068068780446,0.012147518837698497,0.0032797813251281035,0.007283822794853489,-0.316612630301259,2.1918744945586934,1.9668428778316793,-1.433936459835129
0.005215804482365774,0.012123874764250942,0.0032260148339194653,0.007286669569167002,-0.31304631949584044,2.1546602540492175,1.9685390915432166,-1.4075329429633976
0.005175917236951646,0.011972484335482824,0.0030262418120948213,0.00741864462266354,-0.3029024497341049,2.014965280707013,2.0676176351348015,-1.2739409806053839
0.005162068309794392,0.011926077804058187,0.00296121951097118,0.007455027692884379,-0.29857180191178306,1.969296426497582,2.094270207733184,-1.2312566689008129
0.005151172328426613,0.011954195907517248,0.002979890169992058,0.00741402255420136,-0.29865456690619996,1.983281476733012,2.063154991736066,-1.2527827251420962
0.005943532505583182,0.013187727929492762,0.00495855724303602,0.006314239117452631,-0.27386182464004843,3.29785135811017,1.1098099918940294,-2.3340899673899145
0.005912285279548803,0.013194256702405607,0.004908394531714781,0.0062873617960936086,-0.27371925178995177,3.252704259224776,1.0949090716740078,-2.31129852062827
0.006002125113729481,0.013239863433989231,0.005067175096398941,0.006256150834773238,-0.2642324767698901,3.3662330171859405,1.0480832844906525,-2.3819656085300225
0.006008216604760141,0.013262493424095962,0.005081179111359643,0.0062208435915750504,-0.2608335544763804,3.3672501916800432,1.0177603232312358,-2.387177170477542
0.005960184013874176,0.013210189932399865,0.004991129529604719,0.006285307514736536,-0.2701211277480931,3.315377506850403,1.0822092742555773,-2.3483910669236683
0.005979484628967465,0.013229103569346751,0.005027127972535745,0.0062632452347289045,-0.2667650206306409,3.3371759835643444,1.0595334457033567,-2.364124262994707
0.006069991041774939,0.013295546849354245,0.005190875415668789,0.0061927369238787095,-0.2526720913565528,3.444335280347027,0.9782539471272956,-2.4351760292481632
0.0060438502697159795,0.013272961476148567,0.005143222648060288,0.006219617554138023,-0.2574373861414721,3.4149884176005822,1.007313637579241,-2.414935606527335
0.006057165124318487,0.013285228024668508,0.005167623614679808,0.006204702734667211,-0.25493576537411955,3.429682594126016,0.9915358255233239,-2.4252825943939285
0.006151817977624746,0.013373120825658709,0.005338517297145993,0.006092256622000675,-0.235567154515517,3.5289387115129567,0.872286096722746,-2.4950854658691486
0.006132687111517043,0.013359822899754764,0.005304604861961048,0.006107951775602455,-0.23903777945533458,3.507331900106177,0.8909347504097592,-2.4811234821117725
0.006075097096035796,0.013317058058858737,0.0052019292719331445,0.006158028065177644,-0.2493243537818975,3.442579294263635,0.9485796474519399,-2.4384257147581363
0.006112016488414579,0.01334428505848391,0.005267820956975229,0.0061265796397221035,-0.24285849556478237,3.4843603668431586,0.9123103905919407,-2.4659686617517136
0.006089303888701006,0.013337430036152493,0.005228139203446528,0.0061290473374897925,-0.24549698416174567,3.4541786396485756,0.921045767794532,-2.448475324808197
0.006020004821297646,0.013279662319254775,0.005103636302836514,0.006197297471615882,-0.2577464307033434,3.37792175031359,0.9955469678248603,-2.3963662365829603
0.006165000878306809,0.013412387254749386,0.005362243208710296,0.006028666828150475,-0.2289427794487975,3.5265433051433637,0.8172021518249498,-2.5005197449557333
0.006147500545911468,0.01339851535709647,0.005331666494874018,0.0060464084276154835,-0.23246452400055864,3.5085242930478873,0.8369859654278188,-2.488515192136227
0.006206436104367217,0.01347489275817455,0.0054329023070173645,0.00593365900947724,-0.2164741098672176,3.5489466993980097,0.728324679596005,-2.52233134053868
0.006199810212296479,0.013509211096663898,0.005419277957854844,0.005872129251940924,-0.2124684943072186,3.5166603282667306,0.68297062964934,-2.509702181011761
0.006183331803081857,0.013460339375888841,0.005393357855361596,0.005951590928584819,-0.2206588285823067,3.5244857255353206,0.7502858191741465,-2.5069754736404843
0.006163833594208017,0.013439891707114985,0.0053600689996562085,0.005980515561782733,-0.22525544445944895,3.5085727455920517,0.7794847872794376,-2.495268547894297
0.005873207859188121,0.013116385780273849,0.004824272375402674,0.006393836225371028,-0.2851938416780755,3.214600657553802,1.1904004423829369,-2.273251556380416
0.005894237749518317,0.013170742339589855,0.004873249782770619,0.006316508542362002,-0.2774826197103602,3.2332489533207145,1.12263787620501,-2.295703662665984
0.005879805207789763,0.013144500148995496,0.004842897037635757,0.006351626796987105,-0.28129467606860187,3.2187832607819273,1.1543216541598411,-2.282050029918612
0.0058488969801147395,0.013106823063569776,0.004781957346230121,0.006395682000227222,-0.2867035276894561,3.1828533547264404,1.1967430737365878,-2.2540707278001175
0.005825820566513511,0.01308953149999364,0.004739420591812014,0.006410392127220526,-0.2891177455231535,3.1540073135424915,1.2132102361259463,-2.234562010605984
0.005807060637422525,0.013062560914303606,0.004700505287999947,0.006442645858583012,-0.29255961626775145,3.131761240888466,1.2430921003806452,-2.216175463652277
0.0057811146520978345,0.013040508623764388,0.004651522129755983,0.006462255819518865,-0.29538539213005177,3.0991703575308587,1.2637414322173404,-2.193379445044652
0.0057577497946164485,0.013019077492941619,0.004606771266608921,0.0064818695091180155,-0.2977205752479026,3.069634754812196,1.2837772940538124,-2.1723050113851254
0.005748628596558668,0.012906620693422367,0.004545033582903905,0.0066528097915792015,-0.3120560684746547,3.0551018197057,1.427037959448764,-2.1337200320386103
0.0057316812633518045,0.012889274515273334,0.004510259943272268,0.006668384520956813,-0.31368477233201647,3.0314650511940067,1.442331709231613,-2.1164125749027574
0.005717162214270917,0.012870467646340901,0.004478466778540462,0.006687610836160103,-0.3154754286333525,3.010664865004077,1.4602781911896725,-2.1000701309559555
0.005703056320193363,0.012850771750420079,0.004446709307429724,0.006708203220979006,-0.31719035021072434,2.9900263093265558,1.4792571060199677,-2.0834829171844227
0.005688573900980354,0.012827956563344959,0.004412532516978381,0.006733014430469025,-0.3193706160408985,2.968226668581441,1.5017003089376038,-2.065283486795622
0.005633200301722094,0.012765115659053436,0.004293646667043432,0.0067878234940158206,-0.3235438165718046,2.8872149915393077,1.5532474335757758,-2.0041865383088155
0.0056481862098853855,0.012787002143452993,0.004328675514130006,0.006765983418941488,-0.3219717951667301,2.910286531871449,1.5335823842624399,-2.022928298341626
0.005666121978960631,0.012807659268555878,0.004367295775285566,0.006747794687263171,-0.32055328685541573,2.9365512421157063,1.5165460174371976,-2.0428121977116867
0.005740675919323789,0.012931805759313643,0.004544018146639301,0.006607905865352137,-0.30860708675880805,3.046423806595602,1.3906398674744673,-2.1365898630548377
0.00573493888322035,0.012959509743402908,0.004547108230001823,0.006560807237926145,-0.30486479566635083,3.040153815510573,1.3523766163858495,-2.141081555041644
0.00573482021443278,0.012993354239780784,0.004560877365819115,0.006507935388833889,-0.30078690845021905,3.0405848676747387,1.3088514138502598,-2.1503474730079035
0.0054765191353947215,0.01251054391316679,0.003896646271342365,0.007029847594983234,-0.3335955923879989,2.620321507474495,1.7632812578730264,-1.7822886554581163
0.00546264505222948,0.012542380227981193,0.003901237684622479,0.006974179511311193,-0.330046098125655,2.619523662031444,1.7184021384278505,-1.7945607878861478
0.005605611547178182,0.012729970410010708,0.0042317390867549496,0.0068194318537980235,-0.32548664771285324,2.845344177875656,1.5820461527764385,-1.9715814961227205
0.005603526516882402,0.012761513955424872,0.0042472926196186825,0.006771075295644752,-0.32199427242338974,2.8506059558674974,1.542080568172446,-1.984726884670213
0.005590469797419724,0.01270695264268385,0.004195274915583926,0.006841837694446917,-0.3268141596269905,2.8210452479235,1.6018715953696188,-1.951691756124651
0.0055768716711958955,0.012686579316989325,0.004162523521207376,0.006861176647538032,-0.32776886735114236,2.7991903249388352,1.6189203408937456,-1.9338573502724643
0.005555444265529442,0.012676772109516225,0.0041250636389196385,0.006858726037523972,-0.327067155658825,2.7714185006511918,1.6185483868014872,-1.916838300124646
0.005527328193052964,0.012661615976302594,0.004074774084854725,0.00685859533948359,-0.3261885017763868,2.734686784117717,1.620379095057714,-1.8935882211529633
0.005506829471930238,0.012634329484595115,0.004027558127119452,0.006881343485257044,-0.3269428468031316,2.70270258891826,1.640319490669986,-1.8683681419056752
0.005494374382523273,0.012611318738745297,0.003994382103154222,0.006903917826466622,-0.32771671695372795,2.6808733162043583,1.659485555099695,-1.8495390220211256
0.005472108514950243,0.012597835431902802,0.00395390653799993,0.006904950758117851,-0.32673358947123493,2.651736428780991,1.6616236720745101,-1.8306304916198342
0.0054455819800790705,0.01257680138700049,0.0039024598601411177,0.006912765104036154,-0.32590072254954944,2.615500284226567,1.6693940208924938,-1.8055807877504724
0.008100762984321256,0.014807833922254349,0.007425899357347234,0.0029326392575852183,0.16394387311400924,3.1710752428766624,-1.938384936661328,-2.036323309949363
0.008078038723896827,0.014802073468653722,0.007406820209002565,0.0029636510884906383,0.16063902557826434,3.1835505270883906,-1.913569119243378,-2.0514269391454247
0.008013933980105825,0.014799054551703909,0.007332050068852285,0.0030333391927016566,0.14943868369281763,3.191744244706069,-1.8400761078376922,-2.079094433147752
0.008048613807261995,0.014809142798755209,0.007360155598397208,0.002985517210437515,0.15424089613722916,3.1722071343812277,-1.8778142971833451,-2.0562708588531606
0.008134111172719824,0.014843109696955986,0.007412475588563144,0.0028547654403324224,0.16344890842681245,3.102952170378049,-1.9666595570035093,-1.9877721528799313
0.008108971013260696,0.01483198495115915,0.007399353278425003,0.0028947822938387366,0.16108544986624404,3.1260132921962422,-1.9412678737798046,-2.009436470217368
0.006480305080179873,0.013754219182005612,0.005860411491872303,0.005495959344217719,-0.14723121588026364,3.705321377352537,0.28967315802981525,-2.634576077467923
0.006465684968257236,0.013740998500888026,0.005838969934297003,0.005518064641302333,-0.15083727420329876,3.6986162161063887,0.3121517822416723,-2.630275030735566
0.00644773371220215,0.013735286325457619,0.0058091328825115715,0.005526422526154637,-0.15416870615685482,3.6793165830977297,0.32654167526352046,-2.6197533733422804
0.006426209242899981,0.013723501598570552,0.005774887643992531,0.005544827795510663,-0.15868272151780502,3.6609408466788413,0.3495072890075947,-2.60925240050352
0.006351249194715759,0.01363766619748953,0.005665001065269187,0.005684470598895764,-0.17895827789185725,3.63468313103083,0.48336677472051554,-2.588208734693144
0.0063564793059865945,0.013670235578507023,0.0056669045728632355,0.005628360501431575,-0.1744815479096757,3.6133876362444037,0.4402239806047544,-2.579787662076093
0.006399294999993043,0.013708165679560555,0.005732092288825101,0.005568403005876069,-0.16434376723363567,3.6382681579899723,0.3784532045949897,-2.5961271726688007
0.006367105632260907,0.013701119194250367,0.00567788167257545,0.005576270892049304,-0.16953671299718395,3.6003207393002046,0.3982086511600294,-2.575309182047885
0.0064759745892042815,0.01378289929810391,0.005842919383321289,0.005445219001223511,-0.14510405960104453,3.6691920655566825,0.2566806484240865,-2.6170651076658236
0.00650258195489927,0.013834537387961997,0.005870185005451507,0.005356575295884868,-0.1358088024549329,3.649591600268251,0.1835328133712715,-2.6088013614801357
0.006474271093879219,0.01381788859617061,0.005827437994982955,0.005384277032237496,-0.1418826619436789,3.6300912882265024,0.21587781172976203,-2.5979385890841713
0.006620090034721974,0.013921985663863162,0.006035744203260126,0.005203256049060293,-0.10873228529669872,3.701244539748092,0.022673543139683717,-2.636586395323691
0.006595267482295753,0.013902996598845613,0.006001735823876593,0.005237419317977441,-0.11465930927544418,3.692444245851621,0.05784242192428956,-2.6321497707314
0.006568444096453913,0.013893687416503682,0.005959510974657716,0.0052543688061553575,-0.11981454822755828,3.6689473658589975,0.08297849987325266,-2.6199888022883076
0.0065239115070900265,0.013860047274547023,0.00589693315140967,0.005312840955596541,-0.13025188597802814,3.649550140357615,0.14397764695448748,-2.6094343599388483
0.006546210150762885,0.013879680276921597,0.0059272225953940156,0.005278935994295479,-0.12489764748763164,3.656406643871151,0.11043734656107827,-2.613356087259445
0.006267112784689869,0.013581310243252463,0.005528058665364926,0.005765190832743448,-0.19614230575801586,3.56077826760616,0.5771885850018629,-2.5425580450107357
0.006268734042632698,0.013607407480142924,0.0055269491422123215,0.0057204293786672,-0.19284971640945175,3.5429969691896472,0.5432589350886948,-2.5357890144389663
0.006320130344089916,0.013632976928473789,0.0056115135586588955,0.005686794816951922,-0.1834741110360467,3.5945045899044845,0.49800970822235374,-2.5662092246141905
0.0062889498608528745,0.013626014839494768,0.00555872821106896,0.005692634017818351,-0.18808836785655486,3.5564301741199382,0.5148485222338904,-2.5450045789185967
0.007564285403149262,0.014538298603904133,0.007064942880867553,0.0037914362943166978,0.09137543245025076,3.5788774639217533,-1.306807002685492,-2.4294456979161576
0.0075376030073136336,0.014529978036096533,0.0070350239883419504,0.0038237590092410727,0.08609683002887966,3.5816428508159466,-1.2737474451216977,-2.4378641207129914
0.007522349410421327,0.014508728609044333,0.00703751917471014,0.0038670067912973884,0.08480194777292017,3.613621155978447,-1.2499711351695133,-2.4595664916176
0.007499967381538634,0.014504867038601536,0.007008066657209547,0.0038889431929105983,0.07990052636456425,3.608988510507315,-1.2230851450907958,-2.462555256060836
0.007407126600947872,0.014454039602652886,0.0069234900147277165,0.004030265124453988,0.06306572142010812,3.6485091308805875,-1.099769910946138,-2.5065326272589012
0.007429274708306867,0.01447344368059258,0.0069359991459286745,0.003985646720213322,0.06659085533916292,3.6267275915044945,-1.1321471795555407,-2.489287247611952
0.007477524881563948,0.014493590402634277,0.006987050869030528,0.0039219147628860316,0.07602409569312545,3.617597165750741,-1.1937800841242743,-2.4728391896809456
0.007451530124079234,0.014487481363430157,0.006954260660260278,0.003949120517469785,0.07052305873876306,3.61415741718281,-1.162310322809686,-2.4770751393396
0.007380515897251108,0.014471135378769895,0.0068632005076451645,0.0040207128756844235,0.05564146222488014,3.6010072675286238,-1.077440688801344,-2.4857313344344103
0.007361572906876346,0.014452314886610676,0.00685438376858445,0.0040617099182517795,0.05298318276080821,3.622449769802274,-1.0489193530567715,-2.501882920454961
0.007590348441171867,0.014582380619246983,0.007049298307297961,0.003706393886990512,0.09244386941594684,3.5084543408796955,-1.3469458748708274,-2.383406255707681
0.007598687422580934,0.014609939723830017,0.00702737099318205,0.003659929204048875,0.09159240011024303,3.4614746430772314,-1.361776868819246,-2.35494585330561
0.007568801663830142,0.014562869396160777,0.007041593271575495,0.0037514786249312412,0.08978817593784537,3.535194763311871,-1.3178908175368849,-2.4039737497447113
0.007576799868655372,0.01460853773169327,0.006997480056808477,0.0036786671920212614,0.08691174608638572,3.4552983607323413,-1.3368283267608834,-2.3571522935179776
0.007948726739336632,0.014780825815435425,0.007276198835358886,0.0031209094699006256,0.14000889510530704,3.2242370191652343,-1.7681241694110825,-2.119146333426538
0.007963594322335139,0.01481013542451112,0.007253193464046803,0.003069431931859251,0.13847193246354345,3.172035072162401,-1.7806270145338892,-2.0858071876607633
0.007988927518600412,0.014821733343740123,0.007268130961910421,0.003030138265639981,0.1412253953227782,3.1514247759408716,-1.8072206689795471,-2.066071398778677
0.007910806618788617,0.01478994090810188,0.007214975262695205,0.0031456697759388646,0.13182362000357092,3.2059530420169575,-1.7237294046135485,-2.12170419185153
0.007868056354823091,0.014747623130573012,0.0072185267766010615,0.0032405198281047014,0.12966486894429283,3.278404705812747,-1.6788676978199166,-2.175122259477638
0.007881604095035353,0.014777507239447268,0.007194797290243702,0.0031890371725858185,0.12792656903986102,3.225977947854157,-1.6919450010718156,-2.142022553762604
0.007834526378589902,0.014745812294187647,0.007176873626778989,0.0032736745392411212,0.12323785581760892,3.277356116977549,-1.6405151115709786,-2.1851063487412508
0.007800692537403223,0.014742580774787887,0.007136431104614062,0.003308289139844983,0.11717899488125204,3.2778953782669586,-1.602138593010478,-2.1957114364370187
0.00776976708121246,0.014735818052501804,0.007104200512866595,0.0033444227903931894,0.11194857774250266,3.2843716986287603,-1.5672703929140501,-2.208464642769816
0.0077426823294491276,0.01472066844918228,0.007087693871339653,0.00338808671269152,0.1084854047388918,3.3057280832207314,-1.5365693658012247,-2.228199115501018
0.0077164662282658255,0.014695785760791547,0.0070844185470763455,0.0034441598238894836,0.10640556512916967,3.343979566927943,-1.5059097291004009,-2.2570254563668133
0.007680752163674295,0.014682002859314841,0.007052912348408955,0.0034927522509919096,0.10088168247147912,3.359082600793919,-1.4645785523424806,-2.275444785645984
0.007615760930069159,0.014628856834912949,0.007028427565743986,0.0036195096555300178,0.09305328717344169,3.43353860306017,-1.3844477162264968,-2.3347685140874677
0.00763432066789473,0.014651027543104447,0.007027110571726197,0.0035734357587599813,0.09473935878188007,3.400101460176295,-1.4087671346992467,-2.311034699585694
0.007653263955661085,0.014673823806939379,0.007025066017002361,0.003526364114580281,0.09598383440239101,3.365506504172461,-1.4328838358566756,-2.2865222788803465
0.007586178682023926,0.014633395124558319,0.006980584970166717,0.003635831278138713,0.08666717188021873,3.4144110844382705,-1.35204046167891,-2.331721257797044
0.007179745101815486,0.014311445355025076,0.006707237031971512,0.004387549922956363,0.01831216730545751,3.7320253595990236,-0.7819098820200756,-2.598524676314174
0.007158646971090184,0.014306248134249763,0.006677520164339296,0.0044061420952600456,0.013495072710221089,3.7226050833926476,-0.7573016923911223,-2.5968550734382934
0.007336736682184617,0.014445130870276152,0.006823377783053,0.0040880357223595865,0.04759339817984536,3.6188090253430585,-1.0189117809129458,-2.505093063585225
0.007313477392102614,0.01443187229757458,0.006801022065823906,0.004122564830790737,0.0432182659439492,3.6263118942690853,-0.9879481988970144,-2.5140867218667897
0.007291527069371032,0.01441455063817818,0.0067845411542708225,0.004162496451764864,0.039252251805334044,3.641206223619555,-0.9563480419065308,-2.5268493873335154
0.007271610150201475,0.01438806852339583,0.0067801920820272634,0.004215753255371651,0.03617604754572342,3.672909575787063,-0.9217649174001357,-2.5485869603657103
0.007243822207039224,0.01436760086870794,0.006756380496367395,0.004263667272900783,0.03073575952191934,3.6873788342111102,-0.8814838281371881,-2.561999030172211
0.007218975416564698,0.014347524343445871,0.006736214146718663,0.004309110140882643,0.02591941406151549,3.702506820352528,-0.844164356940686,-2.575072124947516
0.007195830889077275,0.014328497823370343,0.006717154381813269,0.00435175884926623,0.021205311752132448,3.7163400734574226,-0.8089527000760318,-2.586957268308914
0.007078993894460996,0.014230727896176175,0.006613720097410237,0.004566552609331529,-0.003125037989539261,3.776145923360201,-0.6264198928206522,-2.6391653064059093
0.0070541434484777945,0.014235496301749046,0.006567898832319534,0.00456845555571818,-0.008737218925990841,3.744346178785203,-0.6064792041763486,-2.625045663936576
0.0070934227623746186,0.014256305332093594,0.006615288602587374,0.004517781504694596,-2.448243224866823E-4,3.7474604936236906,-0.6590579513156368,-2.621084772225186
0.007133822249566354,0.014297525842142632,0.00664484367197758,0.004431922237659761,0.008112919347295007,3.715522559659901,-0.7269685426834044,-2.596951666604595
0.007107140073252086,0.014284534154837629,0.006612747244929161,0.004465139441052742,0.00238502977968116,3.713328550640728,-0.6921798561882346,-2.5999261855316256
0.007037395540862704,0.014254272884046787,0.00652399236219627,0.004543703213941344,-0.01254388006295687,3.697812097417066,-0.6049128092035533,-2.6014401277173405
0.0070050739009121545,0.01423492375143582,0.006486555873527248,0.0045878761271322885,-0.019446170126542706,3.697430687311367,-0.561098166324575,-2.6055471376727684
0.007018350359616571,0.014250781730050219,0.006495410816678958,0.0045567044838271,-0.01664673691681274,3.6852387129129958,-0.584986872929681,-2.5969710725444517
0.0067768331562191135,0.014026074190736449,0.0062499245853527554,0.005004506585681545,-0.07254271837557792,3.759592357261291,-0.1895140370276194,-2.661822688411652
0.006788848733297629,0.014048096795891524,0.00625679600871841,0.004964255298481787,-0.06931022667131377,3.7430853384393346,-0.22012243098185086,-2.652194384490199
0.0068072000702078615,0.014083190705845806,0.00626549231598601,0.004900393498811055,-0.0638454216769154,3.7148094334602617,-0.2675316498562913,-2.635631011262117
0.006786660814174304,0.014073005999782904,0.006237063575687319,0.004921937471585932,-0.0684486171801728,3.7055916949339367,-0.24266903304961732,-2.632108398010283
0.00699064064580556,0.014211347808983575,0.006481752297396266,0.0046323358610189285,-0.022587521149245785,3.7202738018463597,-0.5299431645233282,-2.6201191517201567
0.00698455569705939,0.01424054266061443,0.006447955116355787,0.004585878035345702,-0.023600418107560705,3.6687740346986777,-0.5471725198725551,-2.5921323110840073
0.0069644094869738245,0.01419882990802628,0.00644781205038599,0.00466220135898826,-0.028285861849033856,3.713329468200086,-0.4969093960164543,-2.6194432988679313
0.006938785597856607,0.014184060717725142,0.006416325120432915,0.004695204533655698,-0.033908524476736694,3.709786535866223,-0.46279219243649167,-2.6204342360520205
0.006911465266832697,0.014167267197367994,0.0063831310462705146,0.004731682171075207,-0.03998417421340381,3.7067194437117847,-0.4256870482252215,-2.621724988734769
0.0068769236911765536,0.014152361217904022,0.0063359214029690145,0.0047664396401948,-0.047600168933281554,3.6921419832512905,-0.3845347876697097,-2.6171921660767814
0.00684953272764082,0.014127405603629309,0.006307411362262888,0.004815601920563982,-0.05383395434296079,3.6988561901937387,-0.34076722441120694,-2.623431975124174
0.006821845289055714,0.014107463517697122,0.006274208497232904,0.004855900846094145,-0.06021948900479524,3.6968801667137834,-0.3011981370613665,-2.624721445808928
0.0066457752760654375,0.013966928306412824,0.006057364188632005,0.005123708637064703,-0.10092854613311951,3.6779710142702555,-0.040964941127035574,-2.6240176889326055
0.006618179226201895,0.013954317257350005,0.006016402387183422,0.005147553322782348,-0.10670827349070906,3.6594815429868146,-0.011013619105819638,-2.6148657962346644
0.006749471759621381,0.0140270805571205,0.006201995412403176,0.0050073056844202836,-0.07790116093485533,3.7253123603540925,-0.17103663261367152,-2.645061391744239
0.006707749119184906,0.014007006451890415,0.006141996968989386,0.005047962723396616,-0.08703935395906137,3.702080152398849,-0.12224312873132852,-2.6346895916914796
0.00672454429292376,0.014025965818608852,0.006159808522739669,0.0050130533106394195,-0.08269029069413392,3.6971326425318916,-0.15264798515995423,-2.6312526071907936
0.006680834236344967,0.014007968810192385,0.0060953048472306,0.005049686931437169,-0.09184885785782487,3.668554989624744,-0.10551503581775774,-2.617925797462638
0.006649269090932455,0.01400150977077128,0.006045031964793931,0.005064227376808079,-0.09806170897821449,3.6391555954371273,-0.07884326855205022,-2.603362322454187
0.006194119929482314,0.013543287742930177,0.005406776420328121,0.00581200434126267,-0.20862860233480687,3.4855837953452284,0.6393674834391464,-2.4972572239547266
0.006241380854020491,0.013572637132361362,0.005484716982156899,0.005773967477177428,-0.2000976252778933,3.5308828292937267,0.5935525147469628,-2.5253848242147607
0.006222794716316643,0.013550722612869943,0.00545522745520044,0.0058069626283745145,-0.20484388285844873,3.5206199472927238,0.6251182344171708,-2.5171951482172163
-0.005312730781579467,0.012049198452510304,-0.0032630567065845043,0.007468966837159886,-0.3252215514349493,2.1777583843185258,-2.1126372852219255,-1.3731107121027983
-0.005295894514120933,0.012037876920504446,-0.0032312994076801886,0.00746511685427267,-0.3225040690875905,2.1556254689693835,-2.1088374861042087,-1.3589495170893198
-0.005273739437741123,0.012039263267565997,-0.003207067974034097,0.007441146365573498,-0.31925329345334724,2.139343867138102,-2.0892586910340367,-1.3545563331422896
-0.005311413773640455,0.012069203925726182,-0.003282637656521516,0.007444041823834624,-0.3254484232534773,2.1920611451547956,-2.093334618861164,-1.3900558262891378
-0.0053143687989388845,0.012089131904036014,-0.0033069199152471686,0.007423358548387846,-0.3261196304291523,2.209474424123219,-2.0774573376702143,-1.407846674780304
-0.005318707870396009,0.012105549548834105,-0.0033290219667338303,0.007408071026916816,-0.32703346645875836,2.225253890812455,-2.0657512428443954,-1.4229392352621917
-0.0053273028038978276,0.012120425465670433,-0.0033545612190960814,0.007398709173227042,-0.3281610813466161,2.243335573425986,-2.0588027212663387,-1.4378835054485222
-0.005355355242427128,0.012180748759641428,-0.0034492217906147535,0.007352480183341927,-0.3321857097920244,2.3104706257739998,-2.02353434326467,-1.4961457216270728
-0.005344440499558028,0.012159110287879337,-0.0034143580705589564,0.007368505125683733,-0.3307500449955443,2.2857750978618507,-2.0357970542536523,-1.4750733863346543
-0.005329504365503147,0.012138051779147441,-0.0033750473162811497,0.007379541049091116,-0.32874228793148075,2.257993727679875,-2.0439189746770103,-1.4531801169835348
-0.005361167352015261,0.012222407921990426,-0.003496783797141488,0.007306099542426511,-0.33239303282372656,2.3440724042457544,-1.986941593149386,-1.5313209197278572
-0.0053435427146526085,0.012199548470912916,-0.003452865975056297,0.007317707810816515,-0.3303327250591345,2.3130555551351883,-1.9956906292656258,-1.5073407585172298
-0.0053696362719730965,0.012248661968795073,-0.0035322642156877357,0.007281048736197569,-0.33309278510681434,2.368994118561691,-1.9672262989640747,-1.5546709812991173
-0.005397634403037182,0.01227985754294774,-0.003597030767625731,0.007267666268713891,-0.33596691752230284,2.414987092223882,-1.9569520233826039,-1.5888526311949895
-0.005377712072298052,0.012269810604959849,-0.0035621910773100144,0.007261768182782309,-0.33365493835119514,2.3899936738914844,-1.952010838184091,-1.5737607670015628
-0.005239116710720528,0.011870555526375746,-0.002981427550930875,0.0075937870397194355,-0.3065022472461853,1.9773850672522415,-2.202344424867988,-1.1963382349391527
-0.005244398789757115,0.011913708287238072,-0.003036587753221368,0.007552490466718883,-0.3098397338367087,2.017336197888118,-2.1719873111380945,-1.236946272911699
-0.005243654575248629,0.011931079231509557,-0.003055325298276956,0.007532630074713483,-0.31067179944133766,2.031124425517273,-2.1570758217628634,-1.2525319412320568
-0.00523459727180405,0.011897177566448513,-0.00300713270456059,0.007560293299686029,-0.30745492050543044,1.9966779582476275,-2.1771544864597554,-1.2200282491928542
-0.005239613409263196,0.011954733756482356,-0.0030771365286208427,0.007502308425350482,-0.31124072596140434,2.047370995474949,-2.134001434167354,-1.2728446592987177
-0.005245942032534055,0.011980605437667616,-0.003112520095998102,0.007479886102462905,-0.31327789829246067,2.0725964295074264,-2.1173869933236316,-1.2970214409569938
-0.005253948725497977,0.01200296769409306,-0.0031457251297736743,0.007462767476244911,-0.3152774429279337,2.0961113509170066,-2.1048016535602354,-1.3183633913608557
-0.005264038657957332,0.012021526734944644,-0.003177086413510378,0.0074517953706709225,-0.31736463364982254,2.1181865520038454,-2.096940701405894,-1.336856008046545
-0.005253134002366979,0.01203754393759109,-0.003181534389607654,0.007422514201629894,-0.3162148072466637,2.12198871689084,-2.073994008088466,-1.3478009927371803
-0.00521204886057869,0.011854539180362597,-0.0029339991196657947,0.0075824043654667,-0.3012446539845876,1.9453754599417896,-2.191958987769428,-1.1769466595445868
-0.005113746008276601,0.011692050689473312,-0.0026420077759391077,0.0076423290161063695,-0.2725963853700804,1.7430841472500878,-2.2280499532515075,-1.0116903242837214
-0.00515416562453077,0.011718959537871464,-0.002713851208355917,0.007659295472103845,-0.2810939123460094,1.790821229190467,-2.2433792847997807,-1.041686944697181
-0.005131527667131007,0.011708101187146443,-0.002678607495238707,0.007645753526944565,-0.2767874241594152,1.767670078280186,-2.2319063901980383,-1.0288025622834833
-0.005158569752735015,0.011746204931250078,-0.002751176177011666,0.007637109896281717,-0.2844653460655669,1.8175329258495396,-2.227809984856806,-1.068049160145849
-0.005187372509730008,0.011849145289650864,-0.0029017859229137767,0.007562317055116494,-0.2973423681745703,1.9242213592946613,-2.175462784920403,-1.1677796476812083
-0.005155990612103552,0.011774694300489635,-0.0027826170654292,0.007605920457577066,-0.28682230691504484,1.840613151977122,-2.20512690244048,-1.0943209252546262
-0.005161394265899964,0.01180157607351512,-0.002819734567589358,0.0075843859604307895,-0.28993506923951434,1.8670268400377135,-2.1898583599145387,-1.1199745170538902
-0.005169953089872144,0.01182973451615085,-0.0028612690403737144,0.0075644108534580114,-0.29341046253524977,1.8963656908438635,-2.175844965763097,-1.1471374317515328
-0.0060822643093488655,0.013201595094035646,-0.005198384646938031,0.006361758552267382,-0.2655959162511743,3.4996159095424395,-1.1152691999194566,-2.4441284701635904
-0.0060711901529927614,0.013189272461824678,-0.0051766803826665065,0.006377675690552659,-0.26814565014399805,3.4866364335993745,-1.1316213832990911,-2.4343945547402632
-0.0060529304299669585,0.013192674999611825,-0.00514550994001779,0.0063623206533690415,-0.26869136343575334,3.457315004418889,-1.1234140822356329,-2.419784329377585
-0.0060348873517081115,0.013194611639736287,-0.005114680748172851,0.006349691574757461,-0.2693829686127635,3.42926349639843,-1.117442648421223,-2.405439674332431
-0.006015762771470704,0.013168606153055061,-0.005076315853439908,0.006384424438789863,-0.27412161038160315,3.408211676233457,-1.1512833196749224,-2.3882081989375368
-0.006024861476286788,0.013182690851595352,-0.0050949921664229835,0.006365020598602915,-0.27162561045159167,3.4178183543719416,-1.1327783269037026,-2.39661465292409
-0.006212099641913752,0.013370298238619484,-0.005445013219159078,0.00612034339088811,-0.23031871621121663,3.62330363142281,-0.875488426484613,-2.5447952896087744
-0.006199540605600677,0.013360983268589123,-0.00542240030842427,0.006132158159251225,-0.23295337938867086,3.609081069188221,-0.8893374059183151,-2.53553762326877
-0.006188178947473437,0.013348143126272466,-0.005401743775432961,0.0061505731233892635,-0.23589988346938065,3.598585484845355,-0.9081218236664236,-2.5275566888498147
-0.006181130380568915,0.013334322652568556,-0.005388583587959568,0.006172337831981632,-0.23844703258054362,3.595121523964381,-0.9282708275903794,-2.523065122753832
-0.0061681495752727526,0.013324808392655095,-0.0053649658991008755,0.006183901813938992,-0.2410721576423198,3.579867005369571,-0.9419176847590193,-2.5131255699470785
-0.0061564964686482955,0.01331420062289094,-0.00534358254606426,0.006197808634512401,-0.2435782294016254,3.5671212241411765,-0.9570048883958812,-2.504264816476122
-0.006103437110743125,0.01322489942219937,-0.005239544668988559,0.006331347590670211,-0.2607800154217252,3.524061763038222,-1.0838910509686446,-2.462385786724488
-0.006092958637710581,0.013213424031161438,-0.005219230252346265,0.006346366560777178,-0.26322544773556605,3.5120381547970143,-1.099403004821073,-2.453421591920368
-0.006145233381825796,0.013302258659690204,-0.00532270093761996,0.006214099026460398,-0.24627690470629185,3.5554935885625505,-0.9739005982035703,-2.4956954083135208
-0.0061346629726628564,0.013289771001580257,-0.005302882089081394,0.006231511251070978,-0.24895279087593727,3.545013678112106,-0.9914892552452578,-2.4875818094677844
-0.006099457811524192,0.013238885690927116,-0.005234662648242459,0.006304803361083871,-0.259004651322259,3.5123684056425537,-1.0626795597489511,-2.4593884177220064
-0.006106036881809482,0.013250964030728153,-0.005247927121524977,0.006286725461998988,-0.2567736004759725,3.5176807790745612,-1.045720132623341,-2.4648634355643524
-0.006114800818322322,0.013264248726850126,-0.0052650585077475874,0.006267470487019887,-0.25420250392884886,3.525658304009831,-1.027174461485842,-2.471958082421768
-0.006124576907951793,0.013277098842283628,-0.005283774045020186,0.006249328407446891,-0.2515776299078311,3.535163708998177,-1.0092532950863264,-2.4797197250433425
-0.006239683358728061,0.013409791540649215,-0.005494179395135801,0.006059717803807914,-0.22192079278368673,3.6419468838522877,-0.8168001780315731,-2.5616740126800353
-0.006228795864079338,0.013397036120225296,-0.005474913195854393,0.006078691720869476,-0.2248518927164165,3.633086940792787,-0.835935106247117,-2.5547700889950864
-0.00621942813460735,0.013383887583926175,-0.005458218444551342,0.00609879214624157,-0.22773916585989054,3.6265985709931727,-0.8554508608185328,-2.5490031164390348
-0.006250892159801458,0.013422499104338695,-0.005513879413481791,0.006040800578243007,-0.21891701852475173,3.6510954624386946,-0.7975842221708848,-2.5686739725797896
-0.006277562739497401,0.013444232273291515,-0.005560737475453472,0.006010520526487509,-0.21283379403993466,3.6779429952039506,-0.7635604412356489,-2.586466892669229
-0.006262856030703404,0.013436928992718542,-0.0055347027240250455,0.006018895251519343,-0.21560382657532953,3.659996788658617,-0.7756813627042753,-2.575775671049351
-0.005860092464572945,0.012968398974521428,-0.004751260254664331,0.006628252093573139,-0.3060409584447357,3.2092009358751525,-1.3896334358702405,-2.231077926205178
-0.005834738653616625,0.012952825077755963,-0.004703338768351943,0.00663693053035857,-0.3080032016627547,3.173642905251334,-1.401068005643973,-2.2082381400171367
-0.005843328117278029,0.012968406892708825,-0.0047238175736134085,0.006617216133130139,-0.3057431742473346,3.1856142934631757,-1.3829519084009512,-2.2189665889634917
-0.005865696312461491,0.012986109541460612,-0.004767547514437354,0.006602793221516911,-0.3035759659538417,3.216749174771404,-1.366960916448784,-2.240144068654368
-0.005871667333140749,0.013004725570016444,-0.0047845328923477965,0.006575983676487114,-0.3009261486725337,3.2244167879105023,-1.3431347775946278,-2.249420543271626
-0.005879718756168069,0.013021435096684486,-0.004803981058150539,0.006553511228432763,-0.29854234531013635,3.234786120657177,-1.3226519560356407,-2.2594633612158006
-0.005888926292015949,0.013035613216170411,-0.004824245842046187,0.006535796425010475,-0.296487846479079,3.2467256751810676,-1.3059857839555227,-2.269559267364279
-0.005899972877090479,0.013045208741662784,-0.004845869251530251,0.006526663891441331,-0.29498563228389474,3.2615647996519224,-1.2961925069065803,-2.279883127964441
-0.005904064096533135,0.013058730618428131,-0.004857194041251591,0.006506684926237473,-0.2931196232872493,3.2659280907312236,-1.2785198066620838,-2.2857898590308388
-0.005910501158299371,0.01307529306908839,-0.004873237080997139,0.006482991532906212,-0.2905761548712762,3.273010757636411,-1.257243665649147,-2.293862909132919
-0.005983724056159105,0.013135238984301642,-0.00501357779526205,0.006424064020555163,-0.28028677244794414,3.368809040952876,-1.192143332490055,-2.35934810216203
-0.005990017151053913,0.013152305920917524,-0.0050285226192212755,0.006398460919565251,-0.2775453250965408,3.374053972529968,-1.169108786341895,-2.366302689372873
-0.0059963215909527275,0.01317074717135324,-0.005043558530271546,0.0063704451384687015,-0.27458810512635057,3.378614174301411,-1.1441426706831275,-2.3731172971160674
-0.005967526012744074,0.013135064658828886,-0.004986057847892785,0.006415390411924682,-0.28071307965806036,3.344958811729254,-1.188459453147132,-2.3467604412105088
-0.005957181040974368,0.013124254662489171,-0.00496573506399397,0.006427883009754051,-0.2826314856290435,3.3321321439659957,-1.2012204772622752,-2.3373421441545403
-0.0059466379314689925,0.013109542973788265,-0.004943921373488925,0.006446694251671541,-0.28503445616641493,3.319649424693931,-1.2193045960608095,-2.327098102269225
-0.005937772456625618,0.01309303605868925,-0.0049242397100149144,0.00646932392310674,-0.28764905254284173,3.3096669848931164,-1.2402344428381282,-2.317652520625845
-0.005916881031729389,0.013093283329752924,-0.0048893940587464504,0.006456793514996712,-0.2879357245379403,3.2795224376108156,-1.2339265337304421,-2.301909865678691
-0.00573556246177708,0.012777344471129793,-0.004457682858497791,0.006846459818706443,-0.32784871244402686,3.0193587399196287,-1.5926932122141526,-2.0737405314191477
-0.005738514598190881,0.012798663261706329,-0.004474268385868511,0.006815260586108569,-0.3253813029370236,3.0274786350581397,-1.5657588067159594,-2.0851791429543254
-0.005742130744431408,0.012818951184586586,-0.004490976620974057,0.00678608938931412,-0.3230495164683323,3.035865991960509,-1.540526716464277,-2.0962373142401955
-0.00574914010821865,0.012836007153818184,-0.00451102424069848,0.006764385549229213,-0.32110685019069546,3.047822618119507,-1.5212691515955805,-2.1078779626329793
-0.005757968319806804,0.012851475476401308,-0.004532927133003458,0.006746358527111403,-0.3195297584478571,3.0617174672126883,-1.5048838079464615,-2.1199067887170777
-0.005768131040842119,0.012862697045023014,-0.004554689705086342,0.006735862539034793,-0.31835971535318325,3.0766893387207035,-1.494694051741208,-2.1310623491542855
-0.005770414403357374,0.012878126122820568,-0.0045659171715563595,0.006712973821067327,-0.31649087722863495,3.081493776311087,-1.4749361544797883,-2.138416067878168
-0.005791866176941467,0.012900434872191786,-0.00461079507004107,0.00669238019783065,-0.3141589372385887,3.1124018758666625,-1.454563126497577,-2.161069999854236
-0.005775969399880774,0.01289384711398935,-0.004582306023066012,0.006691859484524843,-0.31453566818883366,3.090429058848795,-1.4563086796448501,-2.1478617365870876
-0.005810790234293464,0.01292704105174989,-0.004653359849553843,0.006662595156252585,-0.31099195372898203,3.1398286493022405,-1.4265253421819404,-2.18321109988382
-0.005794048128854443,0.012917928209630275,-0.0046223421014275285,0.006665856433823419,-0.3119888287229781,3.116559977710594,-1.4317511911888539,-2.1685568025081223
-0.0058136325150892594,0.01295050200057852,-0.00466815572027756,0.006626661507788575,-0.30788303730479966,3.1444780114734807,-1.3955704358232206,-2.192595272856643
-0.005474226631579186,0.012414244175467546,-0.003816711077841608,0.007160157554846208,-0.3395021858226181,2.569889244468993,-1.8700557368207569,-1.7181482114704831
-0.00546477158767809,0.012399674674171232,-0.0037916209680760563,0.007171396201201003,-0.3392987493680119,2.5521670526594815,-1.8793128550294484,-1.7038059585425327
-0.005461793474206741,0.012384498368051534,-0.0037746981493710892,0.0071892115188587164,-0.3396917945242037,2.540624965242114,-1.893857752637556,-1.6917886666555542
-0.005431060022209783,0.012315434897196385,-0.0036730156270189285,0.007252805906721443,-0.3391306974574521,2.4692293563569017,-1.9454135287756407,-1.628624188839418
-0.005450837926614068,0.01237363006056352,-0.0037506221564017257,0.007193802447097222,-0.33894806802921223,2.5233524287052886,-1.897642285510523,-1.6793453454872018
-0.005441515233416991,0.012356382399045794,-0.00372319901790066,0.007208292989541788,-0.338661361462421,2.504067797600787,-1.9094211959254708,-1.6630263982027589
-0.005434550545131613,0.012336645654750336,-0.003696589346085816,0.007228060317595763,-0.338646463493585,2.4855171385738255,-1.9254255206483457,-1.6457682486746077
-0.005462423200573024,0.012431773903444826,-0.003815120229047456,0.0071256826057686995,-0.33713558805202953,2.567009486003634,-1.84196029231401,-1.7248344828991906
-0.005477670240963854,0.012451838178902167,-0.003852261720605036,0.007111783465409379,-0.33754644831065533,2.5932089441766766,-1.8303381063772934,-1.7452393309685204
-0.005407558690571761,0.012305746219627028,-0.003633489541166861,0.007243445037855038,-0.33644480699501417,2.4405573717123112,-1.9376423173572874,-1.6121359417378456
-0.005712924840673341,0.012746623765459156,-0.004404497490812578,0.006876894604095407,-0.33033181959360375,2.9827911239951,-1.6208605329254304,-2.044870704387318
-0.005716177699794302,0.012771419024761185,-0.004424038174496213,0.006840893935114449,-0.3276184680960668,2.9927350646303856,-1.5899201355633268,-2.05857024471069
-0.005687515199872077,0.012745251432893432,-0.004364468688059293,0.006859280830304873,-0.32909093439534476,2.949851534666056,-1.608234527288788,-2.0283020806256213
-0.005633997435342669,0.012682623460241266,-0.0042445442454181045,0.006912152582225888,-0.33245445074815255,2.8659167041203424,-1.6572430632067354,-1.9648014775977025
-0.005667031715048586,0.012742374719623304,-0.004331449276331861,0.006847862670522714,-0.32812854676226444,2.923357555133855,-1.6004500744681365,-2.0142895390377964
-0.005654052735004293,0.012727662372000698,-0.004302898949827095,0.006860154540395644,-0.3289239915164082,2.9034393490853234,-1.6119327818374927,-1.9993390357294085
-0.005641931766469456,0.012706334078886779,-0.004271469767564759,0.0068828589926756166,-0.3305504906642996,2.8826875164414645,-1.6320074294247668,-1.981593900830662
-0.005505954403676097,0.012477288086308814,-0.003911727845175016,0.007101535202251992,-0.339008993041796,2.635977980124362,-1.821358595123176,-1.77532156461188
-0.005519019770888885,0.01248774445324041,-0.0039382479530117075,0.007098402471685612,-0.33965497312052045,2.6552146322100896,-1.8184532623129128,-1.7884591580917828
-0.005535407739208925,0.012496489226584284,-0.003968184993000424,0.007100496961948821,-0.34072986337964356,2.6773970093372887,-1.819717795185256,-1.8021923051127544
-0.005485032199341759,0.012476030053845013,-0.003881689671588652,0.007084925052485325,-0.3368434898288956,2.6130332346068,-1.8081741839459131,-1.7645512383428195
-0.005537141544076675,0.01251835015334483,-0.003987527709889182,0.007071037450868789,-0.3392441986332336,2.6896028446929026,-1.7952110806881783,-1.8170896584552645
-0.005604540398382023,0.01265339781036614,-0.004181640180452202,0.00693193612374141,-0.33317991282137976,2.8210401358242865,-1.6759571150670232,-1.9323157596942437
-0.0055966989080415185,0.012611347940465594,-0.004141481363172469,0.006987416478598561,-0.3366855586362553,2.7967324034759575,-1.7228699459359806,-1.9045921715459662
-0.005598759903723823,0.012631438857139549,-0.004158351107832929,0.006959596876891746,-0.33490663779676555,2.8065659238243765,-1.6994459780190019,-1.917066067859379
-0.005579573052520461,0.012599297928857995,-0.004108000921531483,0.006990769039291518,-0.3362379130724423,2.7721133757142282,-1.72660936654314,-1.8882762185542739
-0.005570189325221464,0.012583074510477767,-0.004082838356242436,0.007006471618008663,-0.3369640578552822,2.754916296458674,-1.7401712609995084,-1.8737834029193752
-0.005541640985889069,0.012542812394849572,-0.004012383909464473,0.007040117051707917,-0.3376988140990616,2.7056120575944544,-1.7693895588343522,-1.834624421404672
-0.005550221284770607,0.012569702174556226,-0.00404441957450627,0.007008942693828056,-0.3362424293553045,2.726690731698462,-1.7431797380577958,-1.8553009067993875
-0.005610183618970498,0.012678705012519987,-0.0042065426078477875,0.0068990084741164205,-0.3311065311453761,2.8359981005338635,-1.6480147128376588,-1.9489058165440125
-0.005588799753809628,0.012668363525025317,-0.004168294656711017,0.006897277745803988,-0.3305214721025405,2.8074275276944274,-1.648150065705769,-1.93131049444441
-0.007031278596220893,0.014059133473103386,-0.00667619869000603,0.004882790368712805,-0.01349125499467223,4.016536560764718,0.43425314438806156,-2.775850986949615
-0.007083030635954945,0.01409612130086877,-0.006737887185468694,0.00479827807032522,-3.463658134488634E-4,4.012856187733463,0.5189119583098183,-2.76714302459858
-0.007070068278345533,0.01408701222857654,-0.006722532994015636,0.004819336393122425,-0.0035716236945153887,4.013922764669396,0.4978411756407461,-2.7694833482398624
-0.007057078059113869,0.014077812797816553,-0.006707054655090605,0.0048404539757354835,-0.006865170334864405,4.014838338777465,0.47666955963102603,-2.771691900731028
-0.007044132785423635,0.014068501460437963,-0.006691598122802205,0.004861642783437356,-0.010189264102577885,4.015724073992737,0.4554424445062946,-2.7738244697297216
-0.007120163951086663,0.01414008879403854,-0.0067650323170359876,0.004705769616170848,0.007894961107064736,3.97603292291955,0.5942554540311576,-2.7421774900545492
-0.007107128507221655,0.014131114987023243,-0.006750067688195131,0.0047268617513718456,0.004723072159698337,3.9777645183388333,0.5734568399626959,-2.7450616525101554
-0.007094142507401685,0.014122069490994526,-0.0067351039552692804,0.0047479526862808825,0.0015767195698017644,3.9794083041775115,0.5526466088138613,-2.747837249881895
-0.007081170969928056,0.014113020384983223,-0.006720017808270484,0.004768937177026474,-0.001617073390301999,3.980799435334846,0.5318531704069734,-2.7504204716313048
-0.007015687434480371,0.014066817050587157,-0.0066420290324885585,0.00487410500892209,-0.017881741191903628,3.9845697564403397,0.4265754906078146,-2.7608826026812925
-0.006990174563357564,0.01404779207078978,-0.006611432350722222,0.004916129563245236,-0.024323125148983965,3.9858899622655515,0.3847041346445473,-2.7644857423046965
-0.007002893408511078,0.014057358544548752,-0.006626696275927915,0.004895087164825271,-0.02110583528545192,3.985229338193484,0.40564969538326406,-2.76271629403876
-0.0068901851346532825,0.013970101293450493,-0.006487960877726695,0.005082146086382737,-0.05018389561585735,3.985474478573789,0.21811888579444313,-2.773434875402098
-0.006902877710560727,0.013979913210315983,-0.006504194785176227,0.005061556476416562,-0.046861830026974326,3.9865709495544768,0.2391252312066273,-2.773045889079778
-0.006915546202056584,0.01398961661712548,-0.006520313280040604,0.005041051671022776,-0.04354607952073016,3.987536348844682,0.2600329739944695,-2.7725312549194783
-0.006928123007951508,0.013999250605485321,-0.0065361684330618374,0.005020578800310406,-0.04028605258605517,3.9882202454079665,0.280822769620288,-2.7718196373030746
-0.006940618234153362,0.01400870714896441,-0.006551860825113776,0.005000333021345257,-0.0370278419762188,3.9888184642656124,0.30138335131627314,-2.771014933955893
-0.00697402672056911,0.014055618549977578,-0.00657645170093461,0.0049069100131036445,-0.027985318530224058,3.9531030314366444,0.3780501022795366,-2.748810652119819
-0.006961481841918526,0.014045456169472571,-0.006561842568203628,0.004928658588044521,-0.031162806339893035,3.9545800920653673,0.3569568920916871,-2.7509092131928856
-0.006949379774308794,0.014035059688506608,-0.006548041217195713,0.004950604001670942,-0.03425679859776646,3.956705603573333,0.3360095675490808,-2.7532511239139725
-0.006937875744395059,0.01402492624825137,-0.00653495703132505,0.004971828821430242,-0.03722308005552837,3.9588787949313384,0.3158239391994882,-2.7555057817048882
-0.006874205705867034,0.013976891304863221,-0.00645435950941274,0.005073183362837201,-0.05352905556207332,3.953836604462142,0.2127125068725835,-2.7581036771731284
-0.006848198459404145,0.013971428557152,-0.006411113551850199,0.005088168226330941,-0.05964385631682034,3.9284060589200456,0.1862548216659101,-2.7465552120553585
-0.006834005368644679,0.013964457877194867,-0.006390117518896911,0.00510332959941883,-0.06323083362276079,3.9204252918079505,0.1677428376733968,-2.7432717353346114
-0.006820362643294692,0.01395487969429411,-0.006371692804043921,0.005122932861219016,-0.06664562507908256,3.91680559427359,0.14694393894085064,-2.7421646279868566
-0.006857759125711742,0.013983343771543592,-0.006420385867642907,0.0050648921104695386,-0.057113777452799996,3.9227014637834485,0.20649103186350112,-2.742933699881142
-0.007131760314260135,0.014166289584730573,-0.006761652237339949,0.004655032607650502,0.010515470711978963,3.9412804161255885,0.6279553822862237,-2.7216262078985474
-0.007118575281681953,0.014157337582701669,-0.006746743633571903,0.004676172973598122,0.007339144034711959,3.9432490014264765,0.6072959264394696,-2.7247223935326264
-0.007170961123988546,0.014191890013701788,-0.006806027977530709,0.0045933093394003146,0.019685249600303437,3.9356822782546685,0.6886380804565898,-2.7122415114774228
-0.007158220407975174,0.0141831139621921,-0.006792173337658912,0.004614265536614661,0.01675482025940178,3.9385837978768303,0.6685389917167005,-2.715931391353617
-0.007144963874606975,0.014175010421213795,-0.006776651634382403,0.004634179706162796,0.013573134510669107,3.939479140015139,0.6484840993331429,-2.7185611163283077
-0.006285771863233668,0.013458321814291949,-0.005574545836497996,0.005987718651835894,-0.2100139500315619,3.6806974842925615,-0.7422819709192205,-2.5901609926191944
-0.006290219748284137,0.013477499269045082,-0.005580953212667429,0.005954573937765546,-0.2069253013313266,3.673586106273317,-0.7143186910834648,-2.5893032603592574
-0.006298475950423584,0.01349300425378997,-0.005594270609037843,0.0059291425298473545,-0.203837245857262,3.674707068213294,-0.6911154863374335,-2.5921665712422235
-0.006308781678280935,0.013506731735090484,-0.005611247147876551,0.0059073867346260715,-0.20074049297826116,3.680026376154929,-0.670062268572532,-2.5969333067624985
-0.006319907524747316,0.013518527220434564,-0.00562976735256076,0.005889196658271493,-0.19777362787326228,3.687846778768622,-0.6514857596949976,-2.602705325467174
-0.006458803315384849,0.0136098540715932,-0.005864641802434172,0.005753395999033303,-0.16619192660741508,3.8214577035331483,-0.48756190174453,-2.683997852198313
-0.0064472293290489995,0.013599944537436097,-0.005845860393623214,0.005769572403821212,-0.16926603782589075,3.813174835528422,-0.5051328935290242,-2.6786366404943087
-0.006474580343681664,0.013648458642399563,-0.005883135312496522,0.005685202169269051,-0.15929953161903662,3.8069046229674313,-0.4290155085982324,-2.680104915076496
-0.006463978478051784,0.013636328401505743,-0.005867162857208345,0.005705781254632791,-0.16238186359891818,3.803030562667011,-0.44931900684675824,-2.676974618307005
-0.006456179995974181,0.013624804552690755,-0.005855995110738379,0.005725596357156643,-0.16493305909937256,3.8025918402142684,-0.4677771117840698,-2.675640985907108
-0.006511414198407433,0.013679077490555278,-0.005941128531610959,0.005633912157730294,-0.149689327676431,3.830673701999747,-0.37343903821282365,-2.6950028509676764
-0.006498286017322866,0.013670613351077027,-0.005919818783892886,0.005647868553416979,-0.15295596816421372,3.819858496366155,-0.3900937145044879,-2.6887272932199267
-0.006485824474141071,0.013660247585614467,-0.005900223041019997,0.005665222914627778,-0.15610661817479418,3.811843217155363,-0.40887452506780936,-2.6837021818365288
-0.0063327185493753215,0.013532474421926342,-0.005650876562122702,0.005867436244126461,-0.19429770588409556,3.6962816980945434,-0.6294233904145224,-2.609037616640819
-0.006349818286263166,0.013546756537118315,-0.005679467657643068,0.005845930827690244,-0.19020077795977577,3.7106670100896157,-0.6058875190317982,-2.618497021425806
-0.00636250981187788,0.013563981077406783,-0.0056994182843830045,0.005817845821738033,-0.1863465668797405,3.7154002050779185,-0.5790735788043423,-2.623120273146542
-0.006373273003118311,0.013578346527317396,-0.005716149102694564,0.00579433808003562,-0.18307429663348465,3.71926990291222,-0.5565615673205669,-2.626866151706633
-0.006432889316887365,0.013604471454664294,-0.005818561723667576,0.005758727403299948,-0.1709530729854044,3.7865643815560084,-0.5034150154155487,-2.6651831867616207
-0.006418244837595691,0.013597442633798314,-0.005793526836446871,0.005768824239110634,-0.17412471069010252,3.770681584638442,-0.5176312423507273,-2.656102070875424
-0.006399056208944541,0.013595343062888827,-0.005759212369602088,0.00576894703199845,-0.17728953101667366,3.743293847473271,-0.5262085689789017,-2.6414581794631897
-0.006381099518795493,0.013594579442147396,-0.005727018680791879,0.005766764009320365,-0.18000753663626548,3.7167320331383764,-0.5322476683726843,-2.627360322638292
-0.0065415844692742345,0.01371685490387378,-0.005983380150259641,0.005567800581523496,-0.14061763085413714,3.8343948516513806,-0.31044537646918435,-2.699545478668552
-0.006519489815257485,0.01369185060255576,-0.00595170448695466,0.005611437878550648,-0.1470845007425214,3.8290240083407237,-0.35305155440087427,-2.6950935416372412
-0.0065298461030388714,0.01370474726757257,-0.00596623367622912,0.005588892868379352,-0.1438971445183406,3.8303864612532306,-0.33155580179151395,-2.696693740101687
-0.006553814880205798,0.013728684680446626,-0.006001361094266368,0.0055471235590453605,-0.13723621403642236,3.839164298964451,-0.2893948088993124,-2.702712137661513
-0.006602667074624379,0.01376882928961175,-0.006074571880807525,0.005476169008625596,-0.1244212474726688,3.863974882050225,-0.2136296117207819,-2.71737195196647
-0.00659168614483622,0.013757761417353952,-0.006059110057844615,0.0054960279702744586,-0.1275101842559989,3.8611691848587384,-0.23338828018391602,-2.7154808207255443
-0.0065830902616927185,0.013746464538496723,-0.006047954295217825,0.005516307886422828,-0.13013512541353722,3.8619026806877335,-0.25223113716586665,-2.715333162703599
-0.006567438767582582,0.013741210404161201,-0.006021452856791139,0.005525121824570289,-0.13355045676491137,3.8448986332067703,-0.26669946233655256,-2.7063512622807626
-0.006630388466064158,0.01377389109585849,-0.0061231037339564,0.005467396237956584,-0.1185941931153424,3.898496480412096,-0.19237811455716677,-2.7351154522285595
-0.006809139728973762,0.013944231771146324,-0.006358159351276024,0.005143943240848706,-0.06970119033138507,3.9176808867772723,0.1268341453645456,-2.7432036996845928
-0.006798890866162439,0.01393121389825796,-0.006347691164330499,0.005169005880895712,-0.07248834120315926,3.923048128212563,0.10477573473064901,-2.7464649660316525
-0.006784621438779269,0.013924241404737803,-0.006326114034531753,0.005183625247065623,-0.07608163007606307,3.914013026870864,0.08658671713958198,-2.7424178500714818
-0.00665599881180555,0.01379411398021349,-0.00616097166113918,0.0054302741430706175,-0.11181485174628243,3.9105346569602673,-0.15242196617210646,-2.741774522251091
-0.006642788030099981,0.013784917414658893,-0.006140943490047888,0.005447229495052344,-0.11524207260896975,3.9028960165136497,-0.17151004368839942,-2.7376842237251613
-0.0066545243657275795,0.013809169051803603,-0.006151249877509131,0.005402752041784471,-0.11092094041793013,3.8891369534600484,-0.13440340278762208,-2.731309447204725
-0.00677170202316428,0.01391462005348932,-0.006308465883789278,0.005202701985579174,-0.07935967702654288,3.9103611472247564,0.06650311895485927,-2.7410234797899373
-0.006759922288986093,0.013903090826279134,-0.00629384697777888,0.005224974418629951,-0.08258924542102425,3.910692744032873,0.045088168797481565,-2.7415706738305157
-0.006751044271266056,0.013891974398602869,-0.006284093055047663,0.00524609714628447,-0.08510782960885831,3.914149138080686,0.026120307155005046,-2.743567940795448
-0.0066851610106310536,0.013843430451653696,-0.006190370966871649,0.0053393283766164775,-0.10216534975768755,3.8883210550068967,-0.07421015556790277,-2.7312798957240623
-0.006673581555690596,0.013831996506719138,-0.006175003932604455,0.005360624395631918,-0.10535850600343645,3.886921446515116,-0.0951060790018171,-2.730512045891478
-0.006663160968665431,0.01381988116256486,-0.00616191324175992,0.005383023553789717,-0.10835380566733961,3.887777491699491,-0.11612908607130445,-2.7308047217019475
-0.0067358565648444075,0.013886788675561474,-0.006259451171488495,0.005257007872815823,-0.08871470332020946,3.9004415924833853,0.009803501361203648,-2.736949928930279
-0.006725941417800946,0.013873932582162083,-0.006248509265769393,0.005281208038064086,-0.09156642049188764,3.904424102095612,-0.011849441849393417,-2.7391260700005855
-0.006697276128995565,0.013854946443604492,-0.0062065061298459965,0.005317746849954744,-0.09886252758987418,3.89008376017625,-0.052851411423724785,-2.7321640159228004
-0.0067104669862819745,0.013868292962843597,-0.006223456331460866,0.005292654994580378,-0.09525777532027892,3.890587135306181,-0.028595758878750828,-2.7323398911926877
-0.006613483524860014,0.013779727562680711,-0.006089660552694927,0.005456514779162793,-0.12142863211682471,3.8665016335336007,-0.1941035676311471,-2.719060581315335
-0.0065987125045400205,0.013784078811413894,-0.0060609678499085815,0.005448365822805087,-0.12389062522189835,3.8398475901535187,-0.19654140144645588,-2.7056117497884946
-0.0071833536021754405,0.014201694598724134,-0.006818154703241375,0.004570645316404261,0.022531227055885127,3.9302928123100256,0.7091282406208381,-2.7072111164476182
-0.007210673720062348,0.014219669789506699,-0.0068478569273073,0.00452665815283156,0.02883585742342934,3.9242097753327196,0.751401068116626,-2.699117114994247
-0.007196675195526713,0.014211510646142634,-0.006831704743384293,0.004547443096038097,0.025564753968306098,3.9255378884930656,0.7305361190763823,-2.7023167442299685
-0.007211422351231495,0.014234342784991215,-0.006834802431031339,0.004501172281863862,0.028448790796645963,3.8979281461437942,0.7627715180604708,-2.6846112907901176
-0.007221504480650914,0.014243953180565925,-0.006842540496398586,0.0044798070553950945,0.030585303929778766,3.889817357530393,0.7802858987402984,-2.6783506540465982
-0.007290595218682131,0.01425454126479587,-0.006949390027118851,0.004425563429855373,0.047460099015908426,3.9338968734303212,0.8629984844843736,-2.6891886713277366
-0.00724877897281637,0.014245864378575694,-0.0068870575334792844,0.00446266601051805,0.03737794948149936,3.9117379284504987,0.8110957836241387,-2.685283053179388
-0.007275178161449465,0.014263761168100192,-0.006913678716232563,0.0044183015364082446,0.04321497704223581,3.902245437961376,0.8520789422687499,-2.6749923416926227
-0.007261827000901118,0.014254962128608112,-0.006900039366046245,0.004440356739653629,0.04026330089621683,3.9067054829945236,0.8315407688526762,-2.6800350892378666
-0.007233373439301205,0.014254512720607522,-0.006852227230937481,0.0044558938477469836,0.03309386247637531,3.8814262938260513,0.8002725016252327,-2.6715712220417216
-0.007386118087638983,0.014295576534067043,-0.007066728209173986,0.004300148870875869,0.07017808490982726,3.936261974336657,0.9987140799401556,-2.6697457870137016
-0.0073997003703014305,0.014303739256229318,-0.0070803617323305515,0.004277928446886198,0.0731302258030057,3.931019098388098,1.0193848123699512,-2.663775443646309
-0.007371496801774856,0.014304114715996213,-0.007032781981035431,0.004294881974897317,0.0652001371078998,3.9074265617668043,0.9860311397126552,-2.6575746272452165
-0.007304218162745399,0.01426294846892897,-0.006963761120527943,0.004403714395398879,0.05049486372745222,3.930004209058794,0.8838155942698561,-2.6842989154116244
-0.007331629111472453,0.014278830102360376,-0.006993306420748863,0.004361176758110239,0.05663208148566007,3.9233567049383073,0.9250085945108572,-2.674944656497976
-0.007318007558259854,0.014270930877577971,-0.006978707148117072,0.004382382755306758,0.05358975853547975,3.9268089667639816,0.9045351682294206,-2.6796999059976394
-0.007330779879473146,0.014295237078692775,-0.006974285901208881,0.004334075907796431,0.05550222566126132,3.8907202947658797,0.9341361113339194,-2.657321136827313
-0.0073433882502537745,0.014304074612277657,-0.006985858279037389,0.004311885797374015,0.05814759044921175,3.8842165389709105,0.953733197388666,-2.651068205157076
-0.007356508844073605,0.014312959738366798,-0.006998074092145021,0.004289234958346624,0.06089645226349733,3.877797205047274,0.9738739013852874,-2.644707037746809
-0.007454135738806023,0.014336042684159049,-0.007133860256152264,0.004188579291364334,0.08450513965079631,3.9081030682706257,1.10161089973977,-2.6383029681447163
-0.007440553725893097,0.014327970095159221,-0.007120767878487081,0.004211037160135454,0.08171852654573536,3.9142492872506014,1.081148716053053,-2.644968865234278
-0.007426947639540801,0.014319924767620805,-0.007107443271350557,0.0042333717744058455,0.07889781836397951,3.9200564934113333,1.0606305280494548,-2.651404434740124
-0.007413323716696264,0.014311848297328504,-0.007093963830400189,0.004255672401756445,0.07603375343177664,3.925642231122921,1.040035680395059,-2.657672451931882
-0.0076189679577480796,0.014446600527511094,-0.007263465442205643,0.0038893601137441054,0.11440092125870895,3.7866524632244505,1.3479788371006622,-2.5285028613936302
-0.007604661557519053,0.014439197441789375,-0.007250518333399834,0.0039122693036117906,0.11172097525867729,3.7942056037618244,1.327874543771219,-2.5366953009466684
-0.007590513400778039,0.014431559832294468,-0.007237951613618826,0.003935327034197723,0.10907959214405373,3.8020656720779793,1.3078351669266655,-2.544957223057443
-0.007576534590278034,0.014423733168701028,-0.007225722707607217,0.0039584610750164895,0.10647429971837928,3.810149266977145,1.2878812080302653,-2.5532424667491127
-0.007453593950684395,0.01435275795353492,-0.0071135086047396665,0.0041614594323666565,0.08242286046459835,3.8740858719703684,1.1086545531952454,-2.620149203108712
-0.0075628091438390025,0.014415690699103872,-0.007213996869274292,0.003981658418856011,0.1039320149559352,3.8185656250784574,1.2680983996581288,-2.561589119751154
-0.00754937832548475,0.014407482000675695,-0.007202778244392302,0.004004820063145769,0.10144878012296078,3.8272471937942822,1.2485408336935675,-2.569952738533751
-0.007535935451429409,0.01439944891137371,-0.007191158790671223,0.004027634597908297,0.09891139578133314,3.835315456136421,1.2289450874095043,-2.577944069529032
-0.007522307347364868,0.014391751840007218,-0.007178668667250309,0.0040499648040761595,0.09623916405960714,3.842319943374147,1.209181802745041,-2.5853645248604766
-0.007508713163801022,0.014384125112887447,-0.0071659892010278925,0.0040720678456857085,0.09354384716733387,3.8489440856188892,1.1894315583735926,-2.5925248615804644
-0.007495076739430045,0.01437658167828156,-0.007152986264827399,0.004093973611098581,0.09081222181467956,3.8551165725225727,1.169610008932967,-2.5994060922403714
-0.007481172996951562,0.014369093161752057,-0.007139328576273542,0.0041158817957156054,0.08796067632109195,3.86073539468742,1.1494500278139033,-2.6060077208066477
-0.007467233745662606,0.01436114975458068,-0.007125993209455361,0.004138453980770027,0.08514383912949104,3.866984604831226,1.129003688058816,-2.6129101443048213
-0.0077447945847921975,0.01447808916781407,-0.007415697056714971,0.003734643909359604,0.14032392176620465,3.780505193551491,1.5151644124950276,-2.4871742324864488
-0.007758084012921949,0.014469207167595149,-0.0074485429110298625,0.003736476891665897,0.14860693875608658,3.802211610838015,1.534980992056991,-2.4932281505768916
-0.00775887574877704,0.014485173155025288,-0.007427374233355947,0.003711301650193302,0.14261457649451523,3.771044109836842,1.5346665850762113,-2.477536150619121
-0.007772135412910415,0.014476228253964732,-0.007460251980295517,0.0037130433757749603,0.15188903518536526,3.792597772844667,1.5546531229724996,-2.4833970201859197
-0.007828559881960462,0.014503870314936745,-0.007506321846635129,0.0036190032884758105,0.16155798096531704,3.752842697999329,1.6325226069903414,-2.4428862314732815
-0.007829632421324157,0.014519764813090917,-0.007484915891828738,0.0035942517946491756,0.15448694367773388,3.7217368099287533,1.6313696478720876,-2.427344003243226
-0.007814421202973041,0.014497026275438715,-0.0074949189742368055,0.0036425598123752327,0.15957442016836693,3.763000213639111,1.613186170470929,-2.4531636449793695
-0.00781546013262228,0.01451293751146728,-0.00747358307338702,0.0036177109808631365,0.15204766000003692,3.731893971030486,1.6121878721064096,-2.43765303355709
-0.007800304138943856,0.014490137873033796,-0.007483440238805326,0.003666084340359109,0.15730040097477505,3.7730020565558924,1.5937661349828465,-2.4633420879843864
-0.007801301115244157,0.014506073316964893,-0.0074621549878715965,0.00364113138154547,0.14959923451190463,3.741891908618912,1.5929217564118707,-2.4478238028535664
-0.007786208832533607,0.014483205177866363,-0.007471884974434788,0.0036895780837141855,0.15478981260661864,3.782863616330932,1.5742553346741757,-2.473423170788084
-0.007787146861401298,0.014499161646108398,-0.007450633673711648,0.0036645350838156025,0.14719971382230582,3.751746829217948,1.5735698231941984,-2.457862075361519
-0.007772999175759789,0.014492196335512575,-0.007439029616437331,0.003687928608583415,0.14485465937873562,3.7614615668040265,1.5541414962574038,-2.4677668127579238
-0.007689074977112143,0.014465710299153786,-0.007347285816057355,0.0038020812557274385,0.12997820524480155,3.7814703430132446,1.4421792632308603,-2.504548258747681
-0.007703145065478658,0.014472905733658238,-0.007359310082150829,0.003779027687761787,0.13252319597787673,3.7727260824429325,1.4617722610177386,-2.4954837113622053
-0.00773133086211105,0.014487172881700311,-0.007383096604588905,0.0037328103597157954,0.13739099342249525,3.754749146789837,1.5007691777973606,-2.4769311272320738
-0.007717252719231381,0.014480023130066008,-0.007371330642735972,0.0037559736276378927,0.13498466675817192,3.7639063856810933,1.4813228000150203,-2.486319016151399
-0.007661337874039297,0.014467595458085415,-0.007302043708375253,0.003822384560713602,0.12232805669659831,3.76464339307376,1.406922510195636,-2.5041409955535823
-0.0076751728287633445,0.01447511627271378,-0.007313451887315103,0.0037993112789284993,0.12474562540254942,3.7555713043859806,1.4261872569279908,-2.4950798435569865
-0.007647801970748748,0.014476807327736764,-0.007269176002510634,0.0038193026620952186,0.11792774308463672,3.739076445388754,1.3922204230442026,-2.4943049790097582
-0.007633986433822503,0.014470267984289402,-0.007256358564506231,0.003840572972497205,0.11539720981081285,3.74570538414975,1.3733163949653935,-2.5019382724525254
-0.007619007594119288,0.014464572116466977,-0.007240512603245586,0.0038613692051924823,0.11239550286893245,3.749782358316661,1.3531862324269979,-2.508462284174667
-0.0078722902314194,0.014540060439695511,-0.007518379507903292,0.003523536307825166,0.1617620990650942,3.690295364211433,1.6884601127339287,-2.395591692560011
-0.007885327849796304,0.014530801440932151,-0.007551191097048862,0.0035244239609072575,0.16909199807163652,3.710518115302356,1.7091312024031382,-2.4005864860244057
-0.00785910577384302,0.014549485633901632,-0.00748588920066033,0.0035226933851116595,0.15853496235116527,3.6657872931644646,1.672893122394905,-2.3865678634241103
-0.007844858128644001,0.014542687208685337,-0.007474889023249005,0.0035462259478870853,0.1563215667093996,3.6763835499632656,1.6540767068666347,-2.3971890523067176
-0.00783062132630981,0.014535901240127679,-0.007463718372820172,0.0035696513152915052,0.1540716157993186,3.68671143892565,1.6351836645532813,-2.407615411415098
0.013804567718677477,0.014097054732482718,0.005286130356424856,-0.004907610240930913,0.17094350139665407,-2.2615977563958825,-0.5923859853840218,3.070869961322744
0.01376913689548092,0.01413492071239154,0.005326573423204756,-0.00485402807701177,0.16873262111806087,-2.2476596750025317,-0.638780145669467,3.054519035282497
0.01376863298906807,0.014183643765984976,0.0053102372991248115,-0.004781815941868477,0.16398633047243463,-2.2170820193531156,-0.6551980080940848,3.00341495781973
0.013687630892470477,0.014284952564914861,0.005389320076042356,-0.004635598473494672,0.15766588055922048,-2.17113639257143,-0.760524647073213,2.9442869235557967
0.01373131858835805,0.014227631795994396,0.005348701898327222,-0.004718785961187051,0.16137016731044454,-2.1983056843366344,-0.7036492942318257,2.979792739417014
0.013872046942754722,0.014107950741405884,0.0051826578143070205,-0.0048839805938547315,0.16596197693338324,-2.234727003872129,-0.5339980196439208,3.013714275500988
0.013917725830961266,0.014052049169194343,0.005130595444659942,-0.004959947778256459,0.16900341408387656,-2.2534424461523064,-0.47154799763934413,3.0375148600664694
0.014014647595075872,0.013876795377025176,0.005022230511067837,-0.005201333607624452,0.1818611619314792,-2.317584137977109,-0.3074891888344798,3.1341814612210652
0.013969719275778818,0.013938883350010884,0.005078860395350423,-0.0051186477840670305,0.17768770836881334,-2.300537067107953,-0.3762431955539926,3.1103951684631466
0.013987790391249288,0.014014396456032847,0.005036374225704305,-0.005002855273756775,0.16821471724043424,-2.250603713449976,-0.39513005905700554,3.0228147579220206
0.014303200310326598,0.0135273142657726,0.0046014661890715685,-0.005616564869997804,0.1974518391142999,-2.3442239290136797,0.12701881517691524,3.171739251625691
0.014229113688212808,0.013608606597665461,0.004716612641655047,-0.005529936824841576,0.195104804948963,-2.3506192942979087,0.01965457400018396,3.1809385598918443
0.014278716870444763,0.013582418015883705,0.0046415907295423295,-0.005546488602202542,0.19300581999642763,-2.3344263735208926,0.07271256445298897,3.1523807784285376
0.01410235100848659,0.013876909357113406,0.004891626880700128,-0.005177079205093606,0.175406742533588,-2.279907265781714,-0.2347695304068311,3.060504114186015
0.014121645153237244,0.013803511346418725,0.004870970252761771,-0.005279730732252867,0.18214497237938557,-2.3095939560389738,-0.18005282301358186,3.1107252016759444
0.014125853884758904,0.01373752227388834,0.0048697489897869236,-0.005377094038954598,0.18881016547098925,-2.3416632785759686,-0.13955510904052784,3.1672194092106607
0.014180826226969909,0.013704934317550627,0.004788781335310061,-0.005405647521323256,0.18797952805483711,-2.3303431551124265,-0.07710128768641174,3.1447071920024245
0.014222952477164454,0.01366567450055667,0.004726590423905235,-0.0054473682652132335,0.18907877220818098,-2.327189361640883,-0.021300008411450952,3.1382514758519906
0.014373302941618605,0.013411219624030787,0.004483361973066149,-0.00575134888511357,0.20400414095683053,-2.34762058076459,0.25711545639023775,3.1858477142468096
0.014405768335703686,0.013351852601045844,0.004424903837781557,-0.005819979201081523,0.20744018259631916,-2.3481886080090564,0.32241920690839376,3.1927007829993594
0.014428838138415752,0.013290918620366498,0.004377876940578922,-0.005895532984414565,0.21217421484689677,-2.3535319354983844,0.384056216226008,3.2091942074328945
0.014377843317601599,0.01352743773498849,0.004491830157853323,-0.005578499799643616,0.19082182959414803,-2.2995334144031894,0.17706672773327262,3.0930236021180293
0.014411722411428273,0.013468091881369161,0.004435506573768066,-0.005646511597250184,0.19462356835180764,-2.3019012612266923,0.2400237978306399,3.10125020882187
0.01449687901679099,0.013273367706212324,0.0042742668489079766,-0.005876706017844706,0.20686726581437723,-2.312495877875896,0.43650818472435654,3.1406464306405595
0.014609081734646845,0.012994130596636724,0.004020126465739979,-0.006193737398175115,0.22464248466034878,-2.29828971076719,0.727242799373309,3.1660197643399717
0.014608175656884416,0.013059482861782497,0.004047447841702482,-0.006101871710824943,0.21800216010483173,-2.286583190057867,0.6690692400943073,3.132616809163515
0.014549688462208315,0.013247286644006142,0.004191817963139013,-0.005878484154127772,0.20440782614663283,-2.2837401799968564,0.48489304055398275,3.0956675361646084
0.014561796836614852,0.013187310249427937,0.004157191301783909,-0.005955337753324001,0.20917362870728093,-2.291209128250791,0.539641667393047,3.1174194958299206
0.014592672405008653,0.013120103132915598,0.004091411185279565,-0.006028088010360778,0.21343467619485157,-2.285116047205621,0.6101163110588238,3.1186036179766834
0.014743283853008686,0.012728190454231889,0.0037018946897995754,-0.0064422878441009745,0.23563052276836025,-2.2199873071379552,1.019780127811905,3.101599216502377
0.014798220440887057,0.012704790759076844,0.0036147701082371642,-0.006419648547626102,0.23080646298669896,-2.1756277304752065,1.0548772753075228,3.0336927255085744
0.014737052199485451,0.012788885120741882,0.0037441063095276284,-0.006365939225854894,0.23029828668006438,-2.2220908966051454,0.9603743579758791,3.087842387840841
0.014725645668403231,0.012848519245281286,0.0037907556478706424,-0.006295350305030592,0.225826628447345,-2.2266682565189444,0.9015443036725551,3.0797753804240204
0.014706889566043524,0.012904654960290418,0.0038438393090355198,-0.006235338345233119,0.2222925987754412,-2.2356191668463468,0.8443416576667649,3.080948136826324
0.014676583390665757,0.012961986968880944,0.003911708530919497,-0.006182430489958222,0.22019008807449753,-2.2516102647258784,0.7823134518399654,3.094414392732159
0.014863560821279966,0.012622923734472533,0.0034798067777762434,-0.006460487649978213,0.2299419998321522,-2.121463917823923,1.1444250907599642,2.967707026869776
0.014855858867311732,0.012678661441822637,0.0035239440718676453,-0.0063965411024693,0.22551067752527995,-2.12933145868022,1.0906206105802638,2.9637101259983756
0.014979806025415144,0.012207086599963533,0.003028578489383843,-0.006840756411051588,0.2485869092510243,-1.962258564386646,1.5543113093647205,2.8548848100996413
0.014971147453514386,0.012264464150676769,0.003086629643800597,-0.006783760207140172,0.24516220414707265,-1.983767111976532,1.4980352057117068,2.8666696751671332
0.014932703789087518,0.012321533654230839,0.0031787732062287626,-0.006761311826731337,0.2464703224227503,-2.0281374678156876,1.4430580617744584,2.9189049383417522
0.014903647460034138,0.01257849524832937,0.003400374146947383,-0.006475316084829207,0.22821782823116005,-2.086573359323437,1.1918704946458247,2.9233626126331322
0.014917044177280679,0.012508796560675285,0.00333682808226568,-0.006548406000316414,0.23267927312618733,-2.069624330231488,1.259479763666192,2.918246170564904
0.014924057106033,0.012447496470619532,0.0032848321356757503,-0.006616798820732621,0.23728068435433522,-2.0564820055268807,1.3190955606627972,2.9180032140956045
0.014930436709893814,0.01238859544267723,0.0032334579689903306,-0.006682100751869463,0.24133695416606252,-2.042420065826225,1.3768005107682084,2.9163921455490898
0.015101448795303615,0.011424568553472111,0.002085975723348631,-0.007474012819297848,0.27790436961599657,-1.4828258224271933,2.2829042370265396,2.4718495051542315
0.015098954632310448,0.011536959262279992,0.002222622084228364,-0.007378405054059056,0.2726727374367757,-1.560747837289595,2.1794044002476025,2.5298234847963528
0.015104206776268581,0.011503569861378975,0.0021786054466188223,-0.007400359308719596,0.27348389318857547,-1.5350709637325581,2.208020063390533,2.5069587436549523
0.015105704829337683,0.011465912826114446,0.0021323735308678075,-0.007431347018955121,0.2750171223708981,-1.5086124327370245,2.2423002784817965,2.4867247841256783
0.015051240568302416,0.011677040296759275,0.0024281465138628025,-0.007318192538466357,0.2739091429013681,-1.6823629719147242,2.066232781030697,2.6557371467194497
0.015069561356297058,0.01163919185901677,0.002367749280944831,-0.007327572440340273,0.2726926292739245,-1.6462519854799262,2.095263901794635,2.61490485556323
0.015116072950736158,0.01157224351949936,0.002247829030844991,-0.007319945550266507,0.26799897912420173,-1.5701738367732876,2.1379520550207682,2.520205460869461
0.015112028758942816,0.011622085194563323,0.0023081293882300786,-0.007279909003690201,0.2659873243232829,-1.6034577869281963,2.09303013974745,2.5463254384868423
0.015077584492354315,0.01171795667829335,0.002447252423202938,-0.007238757602743658,0.2665981855384614,-1.684558074350526,2.0156630963112083,2.630793784761049
0.015006602221320664,0.011827267845672135,0.0026369980266691758,-0.007229951282024611,0.2725584331165591,-1.797744046583886,1.9322499534501834,2.767912533368967
0.015005203678140205,0.011869772733575123,0.0026827804119877066,-0.007186590791151345,0.2697951025985006,-1.818941352380148,1.8895580708126951,2.779851465421928
0.014985675269911375,0.012146880061524833,0.0029696375513300673,-0.0069033795129851945,0.2525747585622304,-1.9402875944711269,1.6137848300385595,2.844831272403047
0.014980415035757358,0.012081249607828675,0.0029165678772469276,-0.006985596872256901,0.25821328102586355,-1.9238042324299673,1.6805517549743618,2.8484203220225193
0.015004285006552945,0.011915404565376979,0.0027302158055290443,-0.007138552111047366,0.26679319660806095,-1.8400265654316745,1.8435221024459596,2.790435509601922
0.015005376689196099,0.01196031890106646,0.002773617821969564,-0.007087929225260495,0.2634958360931525,-1.8580663624070979,1.7978093056208098,2.7967159669410435
0.01499911125754882,0.012016431172797867,0.0028347908786451026,-0.0070341889084177085,0.2600460085515725,-1.8852271602605148,1.7425261465755086,2.814096758723787
0.015050946777843709,0.011807735724293,0.0025700975435934306,-0.007186771427275203,0.26570341377740386,-1.7522400384917063,1.937362798070536,2.696587423171031
0.015102945486718956,0.011776261592100932,0.0024843865399101525,-0.007144212018104319,0.2588724696260556,-1.6952748251115115,1.9500627400502513,2.6119719603300973
0.015167279748232088,0.010867212997479218,0.001301946180212738,-0.0077594033858328195,0.28153298235306917,-0.9697167623076118,2.696818746139043,1.995322890393392
0.015186997589741184,0.010837570858486587,0.0012496011603522726,-0.007740496651011556,0.27786921319399266,-0.9311116377252099,2.7003178414515765,1.944937559339546
0.015199710837071775,0.010809000861399203,0.0012028328101972516,-0.007732819480150854,0.2758762658331411,-0.8971164805309961,2.708516726190922,1.9044306169643659
0.015207094886812593,0.010659274539971673,9.860803616158207E-4,-0.007789077790100521,0.27543679340938504,-0.7426396145467322,2.7965521286996737,1.7588760196729407
0.015205619189212437,0.010688547661803407,0.0010288129245874572,-0.007779223609792504,0.275553635643425,-0.773436993960243,2.780292525053803,1.788176202345591
0.015216485853146939,0.010718885702094776,0.0010673174589735537,-0.00774627414987438,0.2733479748308581,-0.799874021956324,2.7514847883916267,1.803515353413754
0.01522817207915786,0.010791203899943171,0.0011636770568283982,-0.0076914742321284165,0.2703120490668314,-0.8667609417029176,2.69489831926121,1.854473715594233
0.015224565180417328,0.0107527852882313,0.0011115512965348842,-0.007716292977616488,0.27165901736621856,-0.8304901528104905,2.722780324757164,1.8247322346571686
0.0151872053198597,0.010613310080071561,9.273763045878207E-4,-0.007843890107113243,0.27935511396701257,-0.701834384476634,2.842980790901905,1.7375144899300448
0.015212551765818276,0.010634992807602571,9.488050588275513E-4,-0.007789183543603439,0.2744072842032153,-0.7152531476181903,2.805655103086601,1.7294122473309266
0.015231211284814873,0.010651174630237018,9.644850620299826E-4,-0.0077490354018955225,0.2708040917114957,-0.7249379803169398,2.7784435513603007,1.723590168029362
0.015203761155383463,0.010577848425111624,8.691578816537855E-4,-0.007827223126318929,0.2760556834423173,-0.6581095444266286,2.8467877330367837,1.6836738737039627
0.015233564136667628,0.010549079915827653,8.166077565801209E-4,-0.007783300870350624,0.2703215620831647,-0.6173550188028374,2.8329252562608365,1.6222108710827252
0.015206302373659102,0.010480879305372968,7.256413940420661E-4,-0.007855466550693203,0.27537145552809955,-0.5521982115601581,2.895667959836455,1.58276057192548
0.015223381022132693,0.010515389052259478,7.709713792575693E-4,-0.00781317077687539,0.27217218593240505,-0.5845927463376291,2.8607615211101556,1.599639137508129
0.015225396674275454,0.010383050165268972,5.754302591656804E-4,-0.007847293908581245,0.2710888017565169,-0.4389316322755867,2.92189047650838,1.460318557094227
0.015233225146000659,0.01042185612560069,6.307817824397562E-4,-0.007822961483501471,0.26997112232200826,-0.4798764858994811,2.8962600801714995,1.493186492587153
0.015232396463200255,0.010453029481277153,6.768408376849002E-4,-0.007815835219893881,0.2701911363588459,-0.5142288357016045,2.8825151875493704,1.5263858813595477
0.015126566005615478,0.01125661918021173,0.0018548494617960196,-0.007570467932242861,0.279566675571338,-1.3391742412771455,2.4181258929061187,2.3397477076024877
0.015134871564890658,0.01122008892320187,0.0018013656784961315,-0.007584532896685258,0.2794807694811298,-1.3043729906137214,2.4440500243534076,2.3048208760583537
0.01513895370434324,0.011183603691352415,0.0017507881203867438,-0.007604780389143795,0.2799820332760832,-1.271824441215977,2.4721739595707395,2.2751074852431823
0.015151321059418117,0.01129914532678917,0.0018896102919636526,-0.007496758797258375,0.27346659661669576,-1.3558116854016118,2.3650661605646524,2.3311015071181345
0.015138167257581553,0.011344397816848257,0.001956528076344352,-0.007482045393913872,0.2745143300377086,-1.3987061513608106,2.333707053671087,2.3757102873713536
0.015138242385232974,0.011391598759398491,0.002014592456298102,-0.007443229452283395,0.272037427967399,-1.4333643821290332,2.29163361006908,2.4019144998134823
0.015144978087421263,0.011087699461044855,0.0016193077500861314,-0.007662294999863911,0.28149032226293663,-1.1862212591216805,2.546927064269766,2.1995946633731016
0.015170284794909679,0.011023275937642567,0.0015157402842477534,-0.0076613332733703335,0.2780473420950433,-1.11432787066724,2.5782115517113096,2.1176686190689793
0.01516365382761617,0.011057989720410364,0.0015668897059828997,-0.007650215247846911,0.27838763298296176,-1.1490073482874996,2.556333048826662,2.15254181835404
0.015160544583896676,0.011121023647849528,0.0016530467165354792,-0.007612949441795948,0.2775711587883038,-1.2056792890505366,2.508261134901431,2.202378924127689
0.015173047628114646,0.011159636411269288,0.001694968812285711,-0.007564934916044441,0.2740124806191983,-1.2306428940180563,2.46775277773305,2.212333942825353
0.015184660686249676,0.010897446329015813,0.001334509908965778,-0.0077119111563651805,0.27765769045277366,-0.99001072775688,2.660239830770475,1.9986342764248854
0.015196384367203051,0.01093058688977363,0.0013735473910284882,-0.00767253742374594,0.2748032678713486,-1.0152093918425242,2.626515699745163,2.0109651361070817
0.015201858184771098,0.010965352479153386,0.0014177660577123863,-0.00764266349418031,0.27303479223391497,-1.0443980664974817,2.596681180641408,2.0317731440862503
0.01520624689794547,0.011001614562559735,0.001464036826797724,-0.007613204474059998,0.271653967705307,-1.0747868956436213,2.5663180110940993,2.0542969278201064
0.015172671916190579,0.009828178825388625,-2.6472254461879045E-4,-0.00798272502790062,0.27056628002849387,0.2111310386777898,3.1347951774032716,0.8605699985476277
0.015169258327277594,0.009790722609664675,-3.227917792067698E-4,-0.007984298014392752,0.27024055394083885,0.2573058626627844,3.1420863146546534,0.8162151307388917
0.015167009199771575,0.009757284088845568,-3.745439129708654E-4,-0.007983375225792039,0.2697666147873296,0.2985157466054397,3.1468319799513345,0.7758048111103529
0.01520748812444858,0.009838009457335468,-2.4569396436787853E-4,-0.007917781189683365,0.2646253268817254,0.19586466708734454,3.091769433742168,0.8478492212489454
0.01516533002776682,0.009724464878970262,-4.2522938059044924E-4,-0.007980724647713681,0.26916928932419587,0.33894421376398004,3.1500986650756366,0.7355722547422587
0.015163969567632392,0.009692537732588304,-4.7443315613918553E-4,-0.007976927676019678,0.26849260044389917,0.378246532937542,3.1522122970791226,0.6960841340157268
0.01520553048270424,0.01005721955642078,8.75704843385019E-5,-0.007929995983835833,0.26997760375072755,-0.06587269233778531,3.056304827997996,1.1126635856105933
0.015225366054701386,0.010343143817682445,5.161500745016512E-4,-0.007856579068227038,0.2707044410503086,-0.39433409775956113,2.938986301390188,1.4176620561261297
0.01520095233857029,0.01018986553577704,2.897166530673568E-4,-0.007928311400403024,0.27326842942600593,-0.22265938586148382,3.0233451233987965,1.2709045843709361
0.01522116415528658,0.010309037459994001,4.6614584220156045E-4,-0.00787145709521077,0.2711536317229796,-0.35670089654077747,2.9574147644264213,1.384801413771626
0.015206208368398989,0.01028199133035791,4.283790150112236E-4,-0.007904469318912706,0.273654269889016,-0.32857025732652895,2.984384316644708,1.3696163400367427
0.015198731499843602,0.010222727873167498,3.3992492672375895E-4,-0.007928137122626992,0.27424981960043743,-0.26129148436878896,3.014657762521591,1.3103834520753617
0.015208908274489404,0.010252469926396888,3.8340066629134615E-4,-0.007904489143186687,0.272630267880136,-0.2941998325728528,2.9925479980056964,1.3341692211770153
0.015211209836382529,0.010089281661932544,1.360524172171606E-4,-0.007917863686480705,0.26954523679671305,-0.10346146413839848,3.0415933242294346,1.1453951614945128
0.015215007794179178,0.010124202756778567,1.8873765312748321E-4,-0.007908402476663605,0.26950736367051314,-0.14418414880912397,3.027641662058706,1.1825888015251893
0.015215639105908462,0.010162896520048396,2.472101668156646E-4,-0.00790372619621519,0.2699281651099858,-0.18936393083449923,3.0153971472657153,1.2265044975513335
0.015198453842833089,0.009888801567992048,-1.693279880762858E-4,-0.007939669062226276,0.26753390722690945,0.13559187458315444,3.096654900687834,0.9162980039845187
0.015213025536175855,0.009865380167396359,-2.0365798987522697E-4,-0.007910132409731117,0.26424203967804333,0.16266981515444753,3.082230761059127,0.8772082367418716
0.015210952562676343,0.009916228889076239,-1.2674552707138629E-4,-0.007917925539350145,0.2658877625673148,0.10205059240187031,3.077870147709408,0.9401653453959087
0.0152210372688268,0.009946527028551233,-8.03424588059961E-5,-0.007900429501223204,0.26476579075168233,0.06566274087868135,3.0611039643287192,0.9688088368340352
0.01522417141511477,0.010006938785856843,1.101285036138311E-5,-0.00789572915806346,0.26549934948514653,-0.0057760870787797415,3.046047900043142,1.0379808852056251
0.015221292506382378,0.009975787190112832,-3.6098004461151614E-5,-0.00790082088456659,0.26541400584008507,0.031058188984986235,3.055557395651409,1.003356632668601
0.015231173792606066,0.01003564749341476,5.423759859102798E-5,-0.007882327496621294,0.2648973470907101,-0.03942935511835064,3.031743914582799,1.0660480665165777
0.01474457276976885,0.008057457559987357,-0.0030571435667994455,-0.007468019228548916,0.30806303341776636,2.436885145116126,2.6951745966350784,-1.28722735475953
0.014745535045082197,0.008035689493924933,-0.003078676204127728,-0.007438921243405563,0.30798756556623563,2.4492295189392865,2.669713892022363,-1.3073907753839664
0.014762411656135491,0.008070420669714251,-0.0030209984215314807,-0.007457463329809994,0.30491384158737184,2.405369833700848,2.6928246413251933,-1.2668990731683707
0.014777621470681913,0.008087147496881915,-0.002984340123417702,-0.007455318060279396,0.3022193688701074,2.3750337612456174,2.6968405125846964,-1.2442794886960395
0.0147899214608559,0.00810574645062756,-0.0029493607068207454,-0.007459564313912696,0.3000560806311033,2.347208023095416,2.7053098158007756,-1.2211633539549875
0.014795399173160324,0.008122129551969608,-0.002925069875305544,-0.007471206803510681,0.29915517951775394,2.3293294185801865,2.7176402253506065,-1.2029761082343087
0.014799725042898407,0.008159764731895022,-0.0028788126945747355,-0.007510041977283186,0.2983979899625369,2.2978246900255925,2.7533912558409495,-1.163993844911882
0.014812826310963612,0.008183347580233688,-0.002837076804192319,-0.007517824555442376,0.29608958936300184,2.264927492234189,2.765046738085949,-1.1353376166071474
0.014809494507337343,0.008135751438149671,-0.0028932957498638483,-0.00746612623313113,0.29666969271848714,2.3024968634328933,2.7184821262379395,-1.183980701769677
0.014840490622990046,0.008185910928221811,-0.0028016874327669618,-0.00747787524298485,0.2914912590143683,2.2296122320232534,2.740289582614032,-1.1224937049883545
0.015071187768789367,0.009107716909039984,-0.001391559636507475,-0.007912122772276632,0.2674798134939971,1.1192620070288102,3.1494744547092535,-0.01774207698025562
0.015076005020174876,0.00913288197940216,-0.0013520657450675632,-0.007918272269798588,0.2673617140638675,1.08728319744127,3.153622555671418,0.01341290537580422
0.01508824199920375,0.00915596202980625,-0.0013113088865771142,-0.007909015614302392,0.26603165551010116,1.053495112391084,3.147157134273978,0.039781849096580175
0.01510014685583319,0.009178260287021357,-0.0012720862426570045,-0.007899547942920694,0.26466478362413964,1.0210030517436195,3.140478573756934,0.06500870769170618
0.015089456281153976,0.00908858892285011,-0.0014080162984217938,-0.007866823279369864,0.26411118574529224,1.1303227184947238,3.118691301285431,-0.04655371088986249
0.01507554481690244,0.008984191256965843,-0.0015651650626438303,-0.007824673785900791,0.2637652269974691,1.2563055705215478,3.0879163795797617,-0.1754684876676703
0.015103123279067937,0.009067156247966461,-0.001430137533941636,-0.0078286552451436,0.2613524908441174,1.1463468001707144,3.0926857165063644,-0.07657570671204357
0.015098104852795407,0.009042748243125327,-0.0014678434051742602,-0.007822398424921356,0.2615809888998031,1.1767285476804632,3.088016445344225,-0.10614388309168421
0.01508912331559161,0.009013903634377875,-0.0015143285738802774,-0.007819984987227998,0.2623039416834379,1.2145069371188966,3.0856829862034534,-0.1405640773117609
0.015092631298435057,0.00922653262808106,-0.0012053115681274023,-0.007939689768358358,0.26719836664998886,0.9682569907651349,3.16657774130584,0.1295910252351494
0.015098766591405752,0.00925793581885701,-0.0011556513289031135,-0.007944444618147082,0.2670644502719079,0.9279785816611027,3.1688032477444104,0.16816366708413313
0.015112854829738053,0.009287037706764017,-0.0011055188729879664,-0.007932483815345266,0.26560640849911216,0.8866818718229723,3.1596180746354494,0.20073418353609473
0.01512356529929926,0.009315016664409129,-0.0010589471515150422,-0.007925714484480107,0.2645527077049867,0.8485061680319975,3.153775841563777,0.23276990514047544
0.015158260252337847,0.009400347270159724,-9.173254536272947E-4,-0.00789783662996005,0.26118089542554584,0.7328561812141398,3.130293616120842,0.32769233531982317
0.015132385923053021,0.009345712907313298,-0.0010093720707343345,-0.007923121781408733,0.2639605388612814,0.8081901533078193,3.150464226413464,0.268714011357444
0.015147884059832264,0.009373956676208835,-9.607371690551E-4,-0.007906339829796742,0.26221712291791904,0.768244618982555,3.1376382776043497,0.2985059842897706
0.01511243170543481,0.009203162756156156,-0.001229071895056236,-0.007890414000914581,0.2633566259058689,0.9855215111757234,3.1338939465928224,0.09319600120792505
0.01512003992839118,0.009519843465262978,-7.511422058781411E-4,-0.008014034020643608,0.2712410467400259,0.6014118471839865,3.1974019842394994,0.4999249936660312
0.01512564429331526,0.009544947983420328,-7.108181792992484E-4,-0.008011412663079523,0.2708066796658399,0.5688134529175515,3.19305129059661,0.5294974730006969
0.01516172888432606,0.009659552130664694,-5.253972005769869E-4,-0.007973872135922724,0.26798301524909757,0.41902708144620693,3.154696510306879,0.6556527686922601
0.015158893627218333,0.009627502667697099,-5.750359723625201E-4,-0.007971449174238615,0.26759005936721364,0.45882097815214934,3.1572106403169062,0.6165989518707783
0.015155597106968337,0.00959638168042297,-6.233571773569101E-4,-0.007969461216003967,0.2673275760427189,0.4976306552209269,3.1596501192437674,0.5788212187637423
0.015149509951348778,0.009563063737187053,-6.758334518543447E-4,-0.007971456637874644,0.267450010360974,0.5398419200438022,3.1647183743230523,0.5396497376531101
0.015139538945497922,0.00949868461994673,-7.768280446196519E-4,-0.007969746955755296,0.26719393217612525,0.6212415839340356,3.1700969388976503,0.4622438914851487
0.015154463632972117,0.009475317397533134,-8.068791004492742E-4,-0.00793337693559003,0.2639521351221761,0.6446142063079175,3.1481474537667293,0.4248900881631535
0.015166647681772524,0.009428562088046053,-8.721737788889738E-4,-0.007893263923780272,0.26056791713942573,0.6961976866561549,3.1252894395107553,0.35982151368129195
0.015166799272434079,0.00945598920722304,-8.31346310304807E-4,-0.007903248494191167,0.261234918339638,0.6635230231453093,3.129808113326534,0.3944963104813288
0.014853164105095322,0.008212037424601401,-0.002757993255911526,-0.0074884924143255064,0.2892970759675572,2.195602161199963,2.754144028333414,-1.091718545744828
0.01486639750028911,0.00823677371626419,-0.002715129942645418,-0.0074960895340606655,0.2871465883977113,2.1618408592383496,2.7654519375502247,-1.0621375199701164
0.014874330842348654,0.008258665280864556,-0.0026814126423608912,-0.0075083257645106195,0.2859432198482542,2.136202392758908,2.7788126413939387,-1.0371735471828627
0.01489373455538118,0.008269351493330778,-0.002647641173315114,-0.007489684968426581,0.28297216945282366,2.1060246084324508,2.769449585745814,-1.0200708351461507
0.014904793788479418,0.00829301714044337,-0.0026084820908454137,-0.007498281528878739,0.28124214060808,2.075365192249004,2.7806560421573625,-0.9923303136295347
0.014937806687098315,0.008459408681969822,-0.0023764241730094876,-0.007619648463554961,0.2768789675021727,1.9018977340253376,2.8945598157933214,-0.8055039449992751
0.014922965225743136,0.008434158669686229,-0.002422374489389485,-0.007618504222733808,0.2791658159151727,1.9393404725777643,2.889109990576152,-0.8365443115518264
0.014965520695390526,0.008460960238920416,-0.0023468177948318164,-0.007575493597829798,0.27257195071959095,1.8723577574987067,2.8657343978754266,-0.7982963583693627
0.014975735301635826,0.008479339458508503,-0.0023143768356273533,-0.007576810923643251,0.27102627028051746,1.8460861545813407,2.8698451406935437,-0.7761790286948086
0.014978699323581613,0.008504620468612384,-0.002280487269761232,-0.0075965193381640084,0.2709817753318044,1.8207603768129044,2.887155465306075,-0.7477251224867951
0.014997497193086608,0.008534116755013539,-0.002226083868330998,-0.007593496734844901,0.2683817039037281,1.7761412253154083,2.8899864820703773,-0.7119059242726911
0.014938721766189204,0.008404175601284246,-0.0024423516603853733,-0.007561865193735809,0.27634753159832476,1.9486560105262771,2.846032599966201,-0.8659057741154531
0.01492095280383376,0.008319568542797822,-0.00256045498813086,-0.007501418874614317,0.27868901139579716,2.0368088830737574,2.788800634733548,-0.960146429185719
0.014954458555537618,0.0083752390120844,-0.0024603637036067706,-0.007506589568642519,0.2736338346835197,1.956251263986234,2.804186350675216,-0.8929776968580895
0.01493875975828266,0.008347689253938424,-0.0025089190443719086,-0.007502960005920077,0.2760864712277964,1.9952234819809167,2.796019791618581,-0.9259594085366246
0.014985565021391738,0.008633184221492948,-0.0021115637831995867,-0.00770521996436582,0.2713102153372488,1.6941223146847812,2.9786831867016343,-0.5997280074460453
0.015002680524136057,0.008606711289429882,-0.0021300590418268286,-0.007652044236802587,0.2683341329326652,1.7039762900852597,2.939550539105715,-0.6290009080345759
0.015011859614913954,0.008570474361685346,-0.002167404498398268,-0.0076034475910664945,0.266392531830258,1.7295503007511708,2.902178397852427,-0.6692542977448157
0.01506419205344822,0.008898758916563977,-0.0016919165927331682,-0.007784787541615974,0.263706922380049,1.3572868295837743,3.0569720021703226,-0.28009101213814064
0.015079591989968614,0.00892806092740662,-0.0016404584006090791,-0.007778434353198727,0.2619445730934244,1.3148244032780723,3.0542990585072354,-0.24563467844290174
0.01499772829408192,0.008664048187948406,-0.002060570615165624,-0.007711863751247992,0.2698047573199159,1.653006057508474,2.987028955152162,-0.5625336898863135
0.015005895944218046,0.008686801357516552,-0.002023663999621405,-0.0077176661541685735,0.2689046079452472,1.6233646483336819,2.99356424356479,-0.5352124974924114
0.015022216485268976,0.00870160844144666,-0.001990215895591604,-0.007702202282475452,0.26661771746522683,1.5945258985815507,2.9848861881602855,-0.5169708433008772
0.015046921124455022,0.00878036342710578,-0.0018656203932830779,-0.0077244757384598425,0.2640099822981337,1.4945840521662268,3.0076971779851487,-0.4229232315780546
0.015034312589016434,0.00872438213475754,-0.0019500995800134002,-0.0077005341816800245,0.2650708685550698,1.561618656046864,2.986222292449003,-0.48968678801728166
0.015041264806056014,0.008751715600823159,-0.0019082749743467118,-0.007711104131787231,0.26446879486918634,1.5283666251288544,2.9960532294955473,-0.4571526294632066
0.015078426512241946,0.008786978015655885,-0.0018318288386005614,-0.007674942910852037,0.259442661732159,1.4631402345773579,2.975130010018074,-0.4155577289976872
0.015087127182284239,0.008874383985134088,-0.00170834448344867,-0.007726271931252792,0.25981438581105554,1.3665469576447709,3.01617509822428,-0.311670329204269
0.015087647274721894,0.008844742024495799,-0.0017478678191506258,-0.0077033086701155185,0.25885918874823655,1.3970315741292032,2.9987628006833646,-0.34726687052568955
0.015082865019603651,0.008816287289621009,-0.0017895240751261245,-0.007690019344447129,0.25930797679963996,1.4299113645150665,2.9876913350353473,-0.3809672728708013
0.015096295891637858,0.008956039362985944,-0.0015901795145687788,-0.007768177100268677,0.25992525465007993,1.2730867592543678,3.0487181413614377,-0.21326135332082555
0.01468898976035915,0.007956800976637417,-0.003232743369953297,-0.0074196929136297945,0.31858025248796595,2.5717919389984014,2.629612470808907,-1.407484998866507
0.014700420066150131,0.007969686671628977,-0.0032046589244330696,-0.007420057294829361,0.3162823732155697,2.5488389522235755,2.6346794727384344,-1.3900206815388882
0.014719545047504301,0.007996640585226056,-0.0031522991397200197,-0.007427249028440623,0.312780697308024,2.5073131280996,2.648906724115491,-1.355948489430231
0.01471967103662309,0.00797492722575263,-0.0031741076191585207,-0.0073987605927419015,0.3128884360777031,2.5196444104485596,2.62358327877839,-1.375637268455882
0.01473952758683516,0.008010171014888738,-0.0031126565014174923,-0.007415218924003141,0.3091500456310982,2.4725636430293316,2.646315735954559,-1.3338598531980708
0.014693800757276556,0.007936861051075399,-0.0032461290193985495,-0.007386140463028701,0.3177762368598171,2.5760552439967586,2.6016298112153176,-1.422795576940629
0.014672430343914286,0.007863929059941814,-0.003345203278806027,-0.007318262487216203,0.32224706463902414,2.642633089699092,2.5319654033189916,-1.4967423210486481
0.014682636547100836,0.007888850110149434,-0.003307709167117108,-0.007337694199066025,0.3201290481789782,2.61631690934682,2.553633633831859,-1.47027355125924
0.014694447896313944,0.007915027925650023,-0.003266619255772532,-0.007356063376512255,0.3178325608855657,2.5866756969125277,2.575044365232379,-1.4415183372801554
0.014670253967795763,0.0078028723231225025,-0.0034043830888164967,-0.007237653519544832,0.32305714298553584,2.67293050425075,2.4592022936542963,-1.5470704098890007
0.014680997643128463,0.007834269140355201,-0.0033611123853387872,-0.007265918712959478,0.3208637089015078,2.6442588347569465,2.4890425537561494,-1.5160923878052297
0.0145149303729244,0.007538428838131955,-0.0038461155557100134,-0.007054885747767511,0.3562464755770441,2.9822327426814925,2.2242069279921766,-1.8311342584918577
0.014657846301172438,0.007774416018641507,-0.003446911579767718,-0.007215108183670496,0.3256592405530825,2.7021517151695313,2.4336655564056593,-1.5763305488506383
0.014644408794074077,0.00774770634164829,-0.003489046441307123,-0.007195807752709507,0.3283935466198394,2.7316366353965127,2.410500332328087,-1.604540914850434
0.014625856245696015,0.007725070461967092,-0.0035347052994709875,-0.0071884526202737895,0.33230883697593333,2.7666631542610207,2.3955327903767487,-1.6326984379889484
0.014532284887293934,0.007557533928203884,-0.003805769582868834,-0.0070626268105663395,0.35241562058423975,2.952023911808815,2.2395396483107928,-1.8072621920082221
0.01454261818618221,0.007576390756378188,-0.003776075853139392,-0.007078175018245989,0.3502316227508394,2.932519491934331,2.2583242672366097,-1.7884462149743132
0.014560588087090917,0.007587972875732048,-0.0037405432983402625,-0.007073219230354846,0.34644925630343576,2.9026207999636675,2.2625761300828597,-1.7686616998714708
0.014573766555995732,0.007608169393816329,-0.0037054862013728147,-0.007086602487583652,0.34357631169083075,2.8781590182336423,2.2806938589274686,-1.7468446048300625
0.014582772282320066,0.007630484998366669,-0.0036747286576333488,-0.007107951029293832,0.3415997987215498,2.8591014211211294,2.303896811130262,-1.7262689841831367
0.014593399924178772,0.007657673955257597,-0.0036374249180349855,-0.007133981621384046,0.33919753424184007,2.8358715691623124,2.3320548083683437,-1.701038695727009
0.014613741328199141,0.007679946410371474,-0.003589873967327932,-0.00713994982943962,0.33511431411688836,2.799218689078091,2.346857560932131,-1.672448892964043
0.014628237812460507,0.007700753882884921,-0.003551892257181587,-0.00715083550086232,0.33185120052613254,2.7713829814674154,2.363187989251818,-1.6485680972137142
0.014691095900092661,0.007775058195897799,-0.0034005464904263353,-0.00717141443487091,0.3194642414805726,2.6548274547304094,2.40968426773124,-1.5558785229964611
0.01440047169717127,0.007305906463607375,-0.004176905221619982,-0.006822552778082987,0.3832139916041426,3.173615904102802,1.961299829749619,-2.0334054967250528
0.014409434191977655,0.007332379124809827,-0.004147150104709057,-0.006855144680631748,0.3811119901990087,3.160971162620086,1.9944209298143512,-2.0155345483488447
0.01442318811893727,0.007350902135826875,-0.0041142411227209665,-0.006869702575394328,0.3778785315884489,3.139659726217698,2.0143433121016514,-1.9967382107213008
0.014435170644425885,0.007368450934231569,-0.004084585946323899,-0.006884321799866068,0.37501935988788876,3.1208928865347576,2.03335145900386,-1.9795943893781598
0.01444484911915453,0.007388362719278306,-0.004056920762751901,-0.006904890998961188,0.3727127784885616,3.1055120118882944,2.056366269673888,-1.9629740774451905
0.014455291972185551,0.007413430816897005,-0.004024501509782119,-0.0069323853935654095,0.3703392754500475,3.088384785132099,2.0858845701653492,-1.942999011281989
0.014474190200201473,0.007436826933815908,-0.003979752420222866,-0.0069473056329333515,0.3659896181348332,3.0574285887415615,2.1085899925721137,-1.9169956725539954
0.014488021223524059,0.007461684130386874,-0.003941653644611002,-0.006969707132347138,0.3627263060430996,3.0338195513634987,2.1353106819885634,-1.893746337456882
0.014502623980563588,0.007489855588040082,-0.003899779284130524,-0.006995776363307664,0.35947302875336806,3.0081270436233756,2.1656545429624656,-1.8677675978114472
0.014524873874860076,0.007510119490071881,-0.0038516703854010654,-0.0070002465813866896,0.354521507342834,2.9710897376286423,2.1806134481955355,-1.840230217232708
0.014184418569773177,0.0070444953323572715,-0.004658761963525062,-0.006595543065618351,0.43602621205685604,3.467739362009006,1.6458225878378572,-2.288026128843048
0.01419993574099991,0.007059263232570704,-0.0046267218927715644,-0.006607493467737217,0.4320474860599857,3.447467690895914,1.6650330721234112,-2.2720483110600154
0.014245332605619603,0.007120809817289695,-0.004524742136596766,-0.006671409129375904,0.42077045681982117,3.392844640329297,1.7455861419182577,-2.220561862183109
0.014231990223182426,0.007106056331054047,-0.004553521845481243,-0.006658603900077896,0.42423441450622656,3.41046517287615,1.7269935444790998,-2.2353129964211402
0.014226762957563324,0.007089857172672029,-0.004569090524633067,-0.006635944965862939,0.4252639450270251,3.413685932346961,1.704739214555303,-2.243111984125146
0.014214016382972202,0.007074133582856681,-0.004597005775614887,-0.006620550271344428,0.4285784797309043,3.4294048747771684,1.6843124306605308,-2.2571490973885973
0.014271187871133018,0.007109792980442766,-0.00448639972863129,-0.006629668516507804,0.41426413694604886,3.3463485525537426,1.7249560912511204,-2.2006503347982354
0.014355350299663762,0.007229018283708856,-0.004291556147212026,-0.006745233076807703,0.39407115504298235,3.236988181591339,1.8701571258081542,-2.0977119569238383
0.01433844857822913,0.007203129486747734,-0.004332218280460451,-0.006719889996547502,0.398147226176174,3.2597283780096573,1.8392238618626844,-2.1197891060216048
0.014290010805453715,0.007129136036400187,-0.004446751670448349,-0.006644542176393581,0.40966416269134803,3.321116889695048,1.7481946388297958,-2.1802465224857315
0.014309864839462083,0.007149543088344149,-0.004404812096654762,-0.006659715462044039,0.4049068977298457,3.294107315045185,1.772195169575453,-2.1584620138181236
0.014327179146802484,0.007172801803775519,-0.00436551127201554,-0.006681392955234699,0.40069664924897147,3.271602438377353,1.8002114202262407,-2.1378443727104153
0.014416622155336479,0.007279183852382324,-0.004166542018282436,-0.00676348304211758,0.3798222068133435,3.145451663492104,1.9188847209404527,-2.0305449276906398
0.014402078159298753,0.00725189645971487,-0.004204597855773645,-0.006735151399986748,0.3830082223186986,3.165396756896613,1.8868801229019818,-2.051891089828523
0.014383229695840145,0.0072316213359423336,-0.004245424732839034,-0.0067217559918205634,0.38769378501138624,3.1925543693972926,1.8653192077264413,-2.073936391098253
0.01396392853824969,0.0067481414216419644,-0.00511797412533327,-0.006237786076422288,0.4910238896413954,3.659458831995139,1.2179689623046182,-2.4843515074321996
0.013955400085205247,0.006729603934908655,-0.005135391850471704,-0.006210055188238517,0.4926533985571238,3.6587011593002132,1.190972048646367,-2.488944829158898
0.013985810611697356,0.006754802467307155,-0.005078580722233206,-0.006236562447381432,0.4849122331351263,3.6286468561670167,1.2313917424982552,-2.465921778854188
0.014007276186340687,0.006767048740242212,-0.005039182927169135,-0.0062449992216437565,0.4790551500992399,3.6027582369159745,1.2518467899050885,-2.4485584941575946
0.014017341671009396,0.006781834114209661,-0.005019177752957049,-0.006264526671421501,0.47682509081927266,3.5970649083777233,1.2735166524648212,-2.441363633748255
0.014032591607370516,0.0067904352230195395,-0.004991144603714759,-0.006269885517610717,0.4727521995520361,3.5782674654368782,1.287482906852162,-2.4287894828202963
0.014046241594012274,0.006805426922755653,-0.004964653298021786,-0.006287108840568804,0.4693479622873887,3.5663775073808357,1.3096510544659858,-2.418095695371385
0.01405805543187579,0.0068216499571909965,-0.004940942766725578,-0.006307426806244317,0.46654825429047664,3.5579862870118575,1.3331458578004556,-2.4088723880512357
0.014070219255714648,0.006842136080327618,-0.004915493051833717,-0.006334669731465965,0.4637076740079555,3.551413957087945,1.3623539860025338,-2.3993057923724987
0.014091463287650487,0.006857654368330823,-0.004875312793068975,-0.006346815475768006,0.45831046496042355,3.5262578149791675,1.3852808448944984,-2.3811194212149416
0.014190338153853552,0.007019569094097243,-0.00465786126333351,-0.006548195278015913,0.43417831426582204,3.447125536348858,1.6097102842808282,-2.286152026956453
0.014103926595356097,0.006901714821272461,-0.004842695832188627,-0.006413775103889582,0.45559533131181856,3.531908825026043,1.4469194094730866,-2.370524754560776
0.014111082059923206,0.006873236461993313,-0.0048378425004975524,-0.006359752568190852,0.4531443602617113,3.503572071825658,1.4077397752719882,-2.364194201140631
0.014122152067405115,0.006917976339456972,-0.004806873064571314,-0.006428345322345521,0.4509521129885116,3.5107782723695666,1.4699146996527455,-2.3540610256009717
0.014137792203498312,0.006937881873405132,-0.004774292509855525,-0.006450704407827747,0.4471281138298392,3.4955515225269798,1.4976610256227345,-2.339498552325839
0.014157564351448848,0.00695248954495048,-0.00473610414879475,-0.006460463881137107,0.44218751797530215,3.4702966704923317,1.5175730009011106,-2.3212552899610372
0.014175197768727305,0.006973091456467926,-0.004699554404364678,-0.00648165116778638,0.43781058036993503,3.4512272337166374,1.5455172416757395,-2.304287750271648
0.014198185300081753,0.006990748662238062,-0.0046547742941729685,-0.006493102366521861,0.43199804186341656,3.4215581922154583,1.5685621372136536,-2.2825819864459436
0.013862813966102245,0.006624595500337907,-0.005307296480411875,-0.0060725317630893755,0.5156164457659208,3.7168965670797394,1.0245810003243447,-2.5467806857110076
0.013884848404564484,0.006636859439350461,-0.005267798577721527,-0.006083709349500101,0.5096189465201361,3.6930196146778584,1.047987566399086,-2.5309595489927506
0.013905066316677105,0.006650120291586915,-0.005231417704349582,-0.006097099727845864,0.5042004185156349,3.672661643420732,1.071693108135295,-2.5167466886461116
0.013924572109212796,0.006664742493809541,-0.005196114000374647,-0.006112837004540912,0.4991164058286595,3.654321280360424,1.096582066224759,-2.503228177445273
0.013959789403116027,0.006703894303984235,-0.005130718944855826,-0.006162480899527165,0.4906271394533838,3.630692621248392,1.1573976188969308,-2.480562127007102
0.013942986703575216,0.006681453975296495,-0.005162413362869565,-0.006132406584133645,0.49447986795587456,3.6391113947062004,1.1235610117122194,-2.490819819537077
0.013708409522287744,0.006475649085325968,-0.005577321349976508,-0.005867446648081313,0.5540265473752547,3.8030466734969877,0.7678607082800094,-2.624503604458202
0.013703204177559537,0.0064544049934295526,-0.0055842875077007775,-0.005831135849261009,0.5538851946908853,3.7864203991879144,0.7393228005040884,-2.619415843635366
0.01372836716474536,0.006484912539501346,-0.005542580219212979,-0.005877599980314501,0.5482757049167349,3.783071069239915,0.7896201242993466,-2.6120587801395185
0.013837616062949419,0.006593398287235353,-0.005352636153246079,-0.006028649787717459,0.521542989854852,3.72701639762936,0.9748819987136518,-2.559406498174764
0.013825158467938005,0.0065778545601881564,-0.005374763640121565,-0.006006467131450186,0.5244766222644611,3.7313405195535725,0.950038077120389,-2.5652013767962227
0.013747362002325215,0.0064974970655894086,-0.005509795103329391,-0.005893627612339512,0.5433034020116575,3.768007983381413,0.8145973177455818,-2.6015540190361146
0.013772605829730748,0.006531779304557311,-0.005466985947296031,-0.005945579058071832,0.5378677860051121,3.7661648842508453,0.8692173179403674,-2.5937670808454514
0.013763766359258892,0.006511973029217175,-0.005481612897498197,-0.0059135891669290725,0.5390683099398829,3.758611477976524,0.8403792149322636,-2.593661045051857
0.013807492653030015,0.0065608527092962474,-0.0054059154046805025,-0.005983649373039612,0.5289149049714004,3.741955067007347,0.9211726661843016,-2.574636658938641
0.013792945094994865,0.0065402716684450635,-0.00543117266707227,-0.005952909264395644,0.531952668434012,3.743451705048232,0.889006680582105,-2.579762595208722
0.013871234214012436,0.0065984001351487055,-0.005293207570702286,-0.006022394111556716,0.5118147024489615,3.6788662397511955,0.9936049710389393,-2.5321554774820143
0.013855644266579117,0.006589156310167592,-0.005320814778768057,-0.006013165017662362,0.5159434693692921,3.6944946526844142,0.9761463002486916,-2.5427098618500343
0.013578572663845686,0.006332858432328031,-0.0057854518296663335,-0.005644199785444808,0.5827557338760133,3.8184744528916172,0.5226718190608891,-2.655221159823285
0.01359726498250922,0.006344321072098096,-0.005754773366156177,-0.005661205052540647,0.5777514504204602,3.806826944750258,0.5479264983749411,-2.6475377707456915
0.013613754347114189,0.006356193479601563,-0.005727960873450719,-0.005679048781536098,0.573669210589518,3.7984554648681095,0.5720081549780972,-2.641461180694695
0.013631051744093254,0.006371605923716259,-0.005700221407939652,-0.005702727040990166,0.5697075215890215,3.7930168721316804,0.6003778659318438,-2.636364573505365
0.013651870146512321,0.006386122377138964,-0.005665868668758952,-0.005723691344368002,0.5642306398874593,3.7809152265270956,0.6296683125781616,-2.6277128665366374
0.013679767752187766,0.006386591444361639,-0.00561680091054471,-0.005717721078444797,0.5554649773021287,3.7412693059248343,0.6470630977050469,-2.606368345132394
0.013701408351370402,0.006406985936709889,-0.005581660688888066,-0.0057478499361093656,0.5504189989118022,3.7339908434928577,0.682690950431168,-2.5992087454712602
0.013715554876015635,0.006430129541965331,-0.005559642465514048,-0.005784521698543776,0.5479576836987275,3.7399786406069526,0.7172563506485937,-2.5986227832703714
0.013522867641971423,0.006234065139753507,-0.005858644870547798,-0.005477903081584792,0.5893471421567741,3.762675433943609,0.3793404795466608,-2.636778407141311
0.013540819718930045,0.0062470430839246,-0.005830935556424589,-0.005498681432492645,0.5850777576234306,3.7565291982001257,0.4056394824609046,-2.632307686039486
0.013563300051493636,0.006261461494442736,-0.005795532697909417,-0.0055211014608730425,0.5796525605836327,3.7458763430431006,0.43646660055591086,-2.6251854574858253
0.013581664205069871,0.006307042345748763,-0.0057742251237127154,-0.005598121756018914,0.5787626804353602,3.780540552589723,0.49686614574914595,-2.6383862453788995
0.013585421916469583,0.006277604355184274,-0.005760940184871609,-0.005546111921338978,0.574309574799231,3.7373448059666345,0.4685154692082624,-2.6188694884999784
0.011347397536383398,0.004969281902758331,-0.007781759358814251,-0.0020786666212180426,0.635669677478051,2.148312836744465,-2.0277891796597967,-1.3442631701164363
0.011377847990928017,0.004965181871602718,-0.007754181535835931,-0.0021157789261478104,0.6353622087346081,2.1683216284486444,-2.0015008812954957,-1.3677816023206104
0.011321679220896354,0.004940204800944809,-0.007769438746270655,-0.00202288876419743,0.6223453055838425,2.100062279128025,-2.024761192741255,-1.3128574096625047
0.011178203062901619,0.004888852829390405,-0.007813339717988118,-0.0017943132296710416,0.591047716934142,1.935721611848513,-2.0848636820705866,-1.1757068364039946
0.011209338922128036,0.004896956031551565,-0.007801537077054493,-0.0018419405816882536,0.5971200082258704,1.9689282356565896,-2.070488882152912,-1.204689213453676
0.011239639890661202,0.004909103369337852,-0.007794132932090755,-0.0018911045157955567,0.6043047520794689,2.004895571464115,-2.0592848314274943,-1.2341152473512962
0.011268127915037542,0.004921930528190112,-0.007788196776458831,-0.0019383150520674488,0.611568867323519,2.0397934847567867,-2.0493192304753443,-1.2620994448792546
0.011232897433298182,0.004879983777217345,-0.007767355069592441,-0.0018621710686474204,0.5923566654197142,1.973886701871224,-2.04162727575626,-1.219595876044392
0.011298162510884566,0.00490892699222298,-0.007752868165620631,-0.0019690614457584126,0.6084272326224501,2.0524505136813147,-2.0181543142156086,-1.2829730366718828
0.011166194610063178,0.004851021017010917,-0.007780254690835499,-0.0017535850029299796,0.575568518574968,1.8941637890897656,-2.0634501603573683,-1.1550433940446945
0.011408275954092979,0.004961368445294582,-0.007726528211384149,-0.0021525228856304856,0.634978637963518,2.187948143814302,-1.975173201921159,-1.390839399511024
0.011584024116682806,0.005055703248282421,-0.00768044926264167,-0.0024553218511540204,0.6764443865488944,2.4143901487583315,-1.8970601740451236,-1.5668855195501623
0.011555982493480138,0.0050437043909657055,-0.007692353002683666,-0.002409541573551405,0.6715004229454578,2.3817395122434353,-1.9132005896704367,-1.5402687470591545
0.011547909810627548,0.005016282477150301,-0.007670228226698264,-0.00237562922311678,0.6601020252724679,2.3459674626818128,-1.9008348336701666,-1.5216575996391992
0.011458258193225724,0.00499557122545851,-0.007723262507892958,-0.0022444039748093854,0.6504855177854633,2.2600153249618398,-1.960607024721327,-1.4439922821137756
0.01149296912558093,0.00498917642406575,-0.007687942924780655,-0.002283524194759762,0.6484396899247575,2.278614843293845,-1.927681175786791,-1.4682193712239435
0.011523825593911087,0.005000881330221933,-0.007674490586936839,-0.0023322727599517997,0.6535923292831473,2.312658774614984,-1.9103851241931793,-1.4966547459838206
0.011631286991028632,0.005039108595973878,-0.007620566684193703,-0.0024987569926339837,0.6684354339128108,2.4266624798286895,-1.843729307050532,-1.5933099152842276
0.011604927610963864,0.005036342960962788,-0.0076413694842442205,-0.002464008707544399,0.6679784754136975,2.4065445003277866,-1.8651951773219,-1.5730931949787728
0.01174478857922591,0.005097716691343503,-0.007574929772468159,-0.0026897621760442357,0.6885990786258998,2.5643495267026535,-1.7768439614613063,-1.702008930724505
0.0116800225395278,0.005076422498734588,-0.007614653525083446,-0.0025922025774639556,0.6826085184137228,2.5004667326187504,-1.8241467974447896,-1.646535695972586
0.011717689837665532,0.005066431202666224,-0.0075686889976797275,-0.002627708643524219,0.6769141393691359,2.511061965389766,-1.7827136448637575,-1.6669988993080356
0.011661351108283377,0.0050409439398782846,-0.007595049272973903,-0.0025367824975154715,0.6685058936420941,2.44761356080029,-1.8179646685428172,-1.6153685784102272
0.01164589368861681,0.005015977468329876,-0.007583336365541715,-0.0024954512756299755,0.6586200329079981,2.409826351654842,-1.8154766547753964,-1.59224679867781
0.011442449539626942,0.004959534224357584,-0.0076975959841125005,-0.0021950830659742703,0.6353067204318203,2.2116550395585004,-1.9470440235975512,-1.4170654884835334
0.012057632637344537,0.0052129490841693665,-0.007360342769887478,-0.003156630427538874,0.7065556960760783,2.856301888736898,-1.5205783691713135,-1.9540657494574967
0.012031158000327911,0.005193529506056018,-0.007371341650722551,-0.0031074903869239196,0.7022003532634581,2.8205890703813776,-1.5399249928319956,-1.9278887007234342
0.01190793879997939,0.005157712351351115,-0.007470256894069871,-0.0029368343083791063,0.7013058292958192,2.723741169123579,-1.6504115802690789,-1.8385657563738336
0.011940161452687064,0.005163327816999213,-0.0074414666369167085,-0.002978033780440374,0.7003188999174231,2.7450745257274396,-1.6202535150730448,-1.8602706099531705
0.011968913983684918,0.005174338821273463,-0.007421280297257464,-0.003020855363712794,0.7018019548797898,2.7714710921139947,-1.5961010207813802,-1.8829826040597772
0.012001614509627678,0.0051711079215209345,-0.007382292668668625,-0.003051879081158969,0.6966976423085854,2.7795554906054005,-1.5603358790612438,-1.8980735763158079
0.01187642732308359,0.005153763156970374,-0.007499461829858562,-0.0028976738855126375,0.7026400721553233,2.704114062814074,-1.680421176452034,-1.8176695166103365
0.011819363600440743,0.0051549331314761975,-0.007559719082577626,-0.0028339243520716516,0.7079258051393684,2.6773528878364345,-1.7389229041249978,-1.7832386448432052
0.01184698769860646,0.005151199561985386,-0.007527465261767519,-0.0028617784553724586,0.7041268925326184,2.6865389769176047,-1.7088251864232824,-1.7982877316553199
0.011802171151527034,0.005128558582301678,-0.007549946883622346,-0.00278726534989749,0.6981208448654509,2.6342743553993397,-1.7401438397435902,-1.7567299562524983
0.011777947404974681,0.005111100088761406,-0.007556178074854145,-0.002741728240844308,0.6922074094966849,2.599406800956311,-1.7532105209845223,-1.7312500380378595
0.011773932946359441,0.005083017406570132,-0.00753135655984147,-0.002709382606000325,0.6809605583041193,2.562523343310821,-1.7399744851231798,-1.7128346761104574
0.012169453090023192,0.005300320175489118,-0.007313368955615659,-0.0033708616454088684,0.7247077012586632,3.013414055360036,-1.4331228034620807,-2.067286198115005
0.01208419318556793,0.005234198464813445,-0.0073505079474962395,-0.0032079918146562347,0.7114352221156147,2.8944663738014156,-1.501260129029727,-1.9814318128549926
0.01210664862955402,0.005252407460193395,-0.00734202359133677,-0.0032517676833466185,0.715550350778301,2.9270749664425577,-1.484398342711948,-2.004722080019644
0.012132737080583218,0.005265110022924506,-0.0073235689981497884,-0.003292694780922366,0.7166613522388429,2.9525007878261396,-1.4606670297413815,-2.025560639326607
0.012161265750302045,0.005272210673392932,-0.007296417476699205,-0.003329087815091818,0.7148902968457526,2.9696946356370524,-1.4316600180025765,-2.0428765563140696
0.012199146356075462,0.005311477190907072,-0.007287836676689883,-0.0034130964190783844,0.7240452056855665,3.036196008920029,-1.4033417737077758,-2.0876718513911157
0.012231693968846323,0.00531742756442669,-0.0072533750153725715,-0.0034511788544335682,0.7205838473827565,3.050737303245906,-1.3681088915465465,-2.1045285900701103
0.012261517040674281,0.0053242494371455356,-0.007222650177967436,-0.003487211383629235,0.7177558711967488,3.0653104570539136,-1.336109032728178,-2.1203870326769274
0.012291681320399398,0.005329650483607555,-0.0071897841313237,-0.0035212412624958445,0.7143741800287658,3.076963714621695,-1.3031363823815714,-2.134643505672767
0.012320831601767293,0.005336869299398038,-0.007159435540596253,-0.0035561616411977815,0.7111588965844505,3.0904518674326797,-1.2717716232212923,-2.149322608168251
0.012345144037094425,0.005349495286183305,-0.007139727633546091,-0.003593333068857735,0.7114499503901928,3.1111840471348216,-1.2470488302133245,-2.166322087416766
0.012371796173244314,0.005349660006748333,-0.007105618463384425,-0.0036161987830928637,0.7061100373906902,3.1124254857435947,-1.2165718230089768,-2.173693252355647
0.012406306503049061,0.005353653450810332,-0.007064467129879216,-0.0036499394637660035,0.7006354421366823,3.1188451407312052,-1.1780720330083108,-2.185418486718508
0.012449626294136052,0.00542809730444727,-0.007071678269676847,-0.003783294062165847,0.7174524845219131,3.2335610183756445,-1.1402106587633325,-2.255830023983443
0.012484920957565511,0.005436646732944278,-0.007031336250801462,-0.0038225812871418236,0.7123964177707,3.2441561713625897,-1.099754578227171,-2.2695406715673987
0.012511667140617896,0.005463764680193052,-0.007017811930768106,-0.0038801034719764854,0.7156650575712423,3.284602338497965,-1.0708817654431628,-2.2967948311896174
0.0124414306865282,0.005396493794822716,-0.007055323394075553,-0.003734517467570198,0.7082432346780189,3.183920660997659,-1.1451028540919923,-2.227880653435664
0.012432298667474556,0.005369298692164416,-0.007044015453328006,-0.0036913437937677028,0.7007489910999817,3.142262410050395,-1.1512803180701732,-2.2038249969239274
0.012569970241972796,0.005499791272408335,-0.006966844909753035,-0.003973227956133587,0.7137622855912857,3.333410289671403,-1.0036933560684917,-2.3350407435530767
0.012549677572818486,0.005476233507595707,-0.006975716215935685,-0.003925624932151212,0.7107523126357264,3.2987942186830344,-1.0268141314485149,-2.3125006261961754
0.012595125398963762,0.005507929421442269,-0.006938083497973534,-0.004002541039448385,0.710032760828735,3.3412161402757037,-0.9739930667550208,-2.3443418880238833
0.012623951165586775,0.0055176662595766285,-0.006905087567119318,-0.004036220273890397,0.7060364500733295,3.3500614374118034,-0.9399237230661227,-2.354736266849299
0.012652935466245657,0.005528339674079428,-0.006872215946531796,-0.004070818494324117,0.7020931901166038,3.359543883996045,-0.9055594881236352,-2.365310314278018
0.01268135096926999,0.00553806751142951,-0.006839028308509645,-0.004103169967182518,0.6979024995475768,3.3668071741314622,-0.8718628478227507,-2.3743996045918583
0.01270984064039199,0.005549792711856423,-0.006806882412192863,-0.004137942573939819,0.6940667904959154,3.3764498352072194,-0.8378908322720372,-2.3845773762116287
0.01274010471317323,0.0055668165304809504,-0.006775686916703496,-0.0041810072781745256,0.6912319808655322,3.3931559283089574,-0.8011563177826612,-2.398639350332338
0.012778374386665042,0.005570514972769304,-0.006722474035515403,-0.004208607936538122,0.6821724731726706,3.384271763420244,-0.7569107318242708,-2.400060947033149
0.013431240388943517,0.006120968299409913,-0.005980953728307404,-0.005286846544198218,0.6036943604272879,3.719596053106845,0.20095664127409532,-2.6222559228472915
0.013455085074969718,0.006137881891606172,-0.005946056603642225,-0.005315660554449154,0.5985007592708306,3.7150858150042914,0.23553640172012402,-2.6190721564286794
0.013514183126002798,0.006207679447184143,-0.00586625070638747,-0.005432905780209614,0.5889044892065156,3.7381575789883934,0.34681978816908077,-2.626220106032624
0.013496058763585908,0.006180785455454697,-0.005889532074847935,-0.005387767574991054,0.5912097723214056,3.724355539679576,0.30730345357714667,-2.6211108044897498
0.013476974370663978,0.006157571787708881,-0.005915052810876717,-0.005348809482946456,0.5942371891859212,3.715993898654539,0.27086431673491335,-2.6183585460625376
0.013274722451029319,0.0060081229025885745,-0.006200584101886983,-0.005083224712769652,0.635981731649228,3.726365500586109,-0.030476574421071486,-2.626899980705073
0.013254426605108982,0.005973791750784152,-0.006218583343851066,-0.005022502061624732,0.6360633439559692,3.6941201972103967,-0.07445768539678445,-2.610176298598638
0.013273467704643677,0.005986430290555768,-0.006192722309883761,-0.005046679319311454,0.6323801410220705,3.694345387119236,-0.047310815960027,-2.6107554347601045
0.013299733829273594,0.006014115415906802,-0.00616123713996681,-0.005096780529535386,0.6289084545740078,3.709362400104293,-0.002281332336364021,-2.618776531388772
0.013400015226614062,0.006082115553076789,-0.006019899661027643,-0.005220051498952841,0.6079504922377991,3.7002686257389357,0.14142597843780233,-2.613768028070789
0.01342972091506235,0.006084375923438738,-0.005970593002153786,-0.00522481870110895,0.5989397516465028,3.6697630530516454,0.16859319587416044,-2.598105166881448
0.013333010696083083,0.006021215952451057,-0.0061084845509882645,-0.005112591360459305,0.6193848196259936,3.6848759904135813,0.033921947292225973,-2.606807675786746
0.013376180743555071,0.006066078034505974,-0.006054058658666436,-0.005191691453221418,0.6131279183094821,3.7037694281426536,0.1075889411135805,-2.615956788954294
0.013353928771901695,0.006041349636419345,-0.0060817105380503375,-0.005148363653447452,0.6161066714645064,3.69209540630697,0.0682636758929502,-2.610396921164788
0.012910889222682515,0.005712484631341597,-0.00662205554776657,-0.0044908642962568366,0.6840597424323239,3.5490028853036706,-0.5731578449273678,-2.5068480984005252
0.012811539603681895,0.0056507461445030535,-0.006731125521274106,-0.0043463369825726605,0.6958358538703721,3.500438880618408,-0.7040353115674276,-2.4671962182077087
0.0128410557590468,0.00566342376920536,-0.0066954218421295284,-0.004381228876532621,0.6909241469230566,3.506700524802094,-0.6668803247674325,-2.474909259093493
0.0128716072649742,0.005681414710895413,-0.006661376112638994,-0.004424175768932532,0.6872000024575177,3.5202517514646128,-0.6271508706067194,-2.4864088457833255
0.012899452806560924,0.005689428875698651,-0.006624163099633597,-0.004449953724641917,0.6812265259921566,3.517867219705314,-0.5932719541716018,-2.488815834762642
0.01296719484894545,0.005731782346684693,-0.006547237903324013,-0.00454576546076477,0.6723039039214863,3.545462037404441,-0.5034977189440988,-2.5117418076832148
0.012938820091162146,0.005719292403266664,-0.006583271262669922,-0.004514096448265264,0.6775537522995955,3.5431110773214605,-0.5394153642636251,-2.5072046755107937
0.01280833651586348,0.005617644780815772,-0.006712148461521689,-0.004294871712126302,0.687575681582392,3.447279633291538,-0.7146204566599735,-2.4384002217633562
0.012802007888894195,0.005588455859231321,-0.006700655965809434,-0.004248119799698772,0.6808946335998822,3.403115620339632,-0.7272179758094398,-2.4138125857342176
0.01308359250734931,0.005863100331987123,-0.006441924959222626,-0.004798132672727323,0.6678574985123166,3.6743654565727435,-0.31745912981757557,-2.5906801586539054
0.013115331428315077,0.005896634857564727,-0.00640910017964093,-0.004862662191610874,0.6649779535472254,3.702203579552829,-0.26486618272088713,-2.607465972796844
0.013107005124147428,0.005872518526219541,-0.006409155840512809,-0.004820713830533393,0.6624166878367372,3.6700916306704756,-0.28735956474959123,-2.5902448846388992
0.012994736206310427,0.005776026013028315,-0.006532017557251232,-0.004626503031837668,0.6747533634813992,3.599269143904998,-0.4557379555294851,-2.5431829956423573
0.013013149015267464,0.005793711154217397,-0.006513809371309293,-0.004661725020981831,0.6737425347666757,3.61512162341865,-0.42785201911678233,-2.5534039069995296
0.013038036956901646,0.005799141540216776,-0.0064774836615078156,-0.00467960698667081,0.6673584667482791,3.6055950205508602,-0.39814576393975504,-2.5508739476504414
0.013065482795318842,0.005812043089481408,-0.006441348392836512,-0.004709809887171758,0.6618089383201943,3.605698803694917,-0.36264628798184956,-2.5533862057309906
0.013089408655555405,0.005829420155793963,-0.006413094929275705,-0.004745520861915073,0.6584956285289555,3.614890521311201,-0.32863905902977847,-2.560194248203804
0.012995505787180167,0.005744862781433529,-0.006511328073997264,-0.004577758563591099,0.6673127049919866,3.547962722216185,-0.46740360348648297,-2.5161764150873847
0.013228484433116633,0.005927871170183584,-0.006239418977642897,-0.004941696940562696,0.6356437012906114,3.648602696264837,-0.1304053091809189,-2.5860667756411466
0.013256686979218436,0.005942036492563106,-0.006199861841943614,-0.004970319688595753,0.629555112640808,3.6433865113312653,-0.09373334699270976,-2.584420654754449
0.013147043056414004,0.005892857384193209,-0.006354972047581159,-0.004865255207119202,0.6542888595361868,3.668042141096929,-0.2338319446199952,-2.5919368576681117
0.013196444820696849,0.005913583012282154,-0.006284887742428614,-0.004911402034551795,0.6430351114869192,3.6562356893703525,-0.1710540577770561,-2.588603701711683
0.013173848432766897,0.005893416791146697,-0.0063114483654057975,-0.004873044778219084,0.6458620836903077,3.6451681835765184,-0.20602035404900435,-2.5817034283005924
0.01296813065483216,-0.005867136670143733,-0.006633554835709018,0.0047629019572307885,0.7061368869344892,3.775634511722366,0.44506876141322094,-2.6319136641349803
0.012984056874978245,-0.005868512095336058,-0.0066082339925735405,0.004771559157542013,0.7010826464570458,3.765289412115328,0.42583187834382813,-2.628325241674416
0.01295913590655666,-0.00584816196112511,-0.006635792625603479,0.004728066611512195,0.7042071870021683,3.7488317735272143,0.4646239792288616,-2.6171047702272348
0.012946807537110234,-0.005828143757055194,-0.006642566829265958,0.004690263760397362,0.7029889594166318,3.7227567215455437,0.48806172069252024,-2.6022015302377324
0.012932693406478464,-0.005819076284956924,-0.006659346386045239,0.004669438900722536,0.7053253012335124,3.7171132326437126,0.5084817459071584,-2.5975813478220533
0.012881990729919149,-0.005781355815435057,-0.006714785733893689,0.004585410406672204,0.7111768700816959,3.6853748480603126,0.5833095223060375,-2.574533180953632
0.012894937380999722,-0.005793585022413363,-0.006702642062668977,0.004611151191547587,0.7104749694272533,3.6984245197838512,0.5633875068187456,-2.5830579567756717
0.012924177041531577,-0.00580362879075466,-0.006662617185767908,0.004640748632938541,0.7039157428353217,3.695932247913998,0.5249137681655086,-2.5855374057418
0.01291185852465625,-0.005791539234918144,-0.006674134440031862,0.0046157665371099905,0.7046332031472163,3.683276368494481,0.5441366740225789,-2.577399052577328
0.01283877073195373,-0.00575462362460843,-0.006764263883268356,0.004521292098039926,0.717257250940205,3.66512910891225,0.6442252634891402,-2.5578271546414295
0.012852968691323791,-0.005761324655052884,-0.006746660911791102,0.004539186911877096,0.7147331553068659,3.668332520586759,0.6249777424554627,-2.561577442674547
0.012867505348163014,-0.0057710387144766576,-0.006730552242309229,0.0045618896747843815,0.7129584338588079,3.6764257225355146,0.6042689528355975,-2.5678677718671596
0.012774302892293879,-0.005708514417814507,-0.006830824334578232,0.004413971973546389,0.7235859298349901,3.6190604529568957,0.735405511140406,-2.5236426956163815
0.012790354446444344,-0.005716805100809759,-0.006812178876482187,0.004435915200920124,0.7211829612768664,3.6253236499344763,0.7137793245686931,-2.529547078776327
0.012807831457449789,-0.005726641885792107,-0.006792295702380913,0.0044608881817026136,0.7187432695084981,3.6332217184211317,0.6899269302631578,-2.536462751129342
0.012828846839235892,-0.005738562842699653,-0.006768184921349424,0.004490822106789519,0.7157382088302723,3.642378125781982,0.6611069605475848,-2.5444935604279393
0.012884763257042143,-0.005763874906572803,-0.00669814310356249,0.004558967251323833,0.705655827386688,3.6526584252218646,0.5862166509669202,-2.5578733855785143
0.01263154473315799,-0.0056186526904146,-0.0069760481436769856,0.004187963089308405,0.7369481714244489,3.5200365689241973,0.92617897922333,-2.445538858026154
0.012752001452856257,-0.005687775309800598,-0.006849370935908415,0.004369035854496504,0.7240977068252964,3.5933262218240807,0.7673273242529639,-2.5064264687689293
0.012773570761674015,-0.005688683770959223,-0.006816957497979123,0.004382978499718435,0.717908241565728,3.5843425235951645,0.7408736123164346,-2.5053417960397173
0.012739949389028145,-0.005668925564289731,-0.006853285198996094,0.004333068792064625,0.7218560835889244,3.565712107642868,0.7857817755918354,-2.4898690089613704
0.012675389948366145,-0.005628745660676682,-0.006919032760556732,0.004232195300934052,0.7279553439136904,3.5221552376012393,0.870857625491641,-2.455282945733402
0.012660519525884038,-0.005607053729851333,-0.0069237207885011086,0.0041902481877637695,0.7250944112536645,3.489750082618111,0.891305082184746,-2.435445508526882
0.012721484744681913,-0.00565098444381806,-0.0068673815775440765,0.004294685474627581,0.7217721657745032,3.542456959032339,0.8113973767524684,-2.4744155540022024
0.012699488994792979,-0.005636286588112938,-0.006888967997946335,0.004258905024030772,0.7234145826439425,3.525951616127159,0.8403967210234128,-2.461774880504031
0.012618155856063198,-0.0055959956266313435,-0.006977090266430535,0.00414533916453904,0.733136105129497,3.484484955577052,0.9442611583767796,-2.4242434047798795
0.01250526503979018,-0.005518477981072303,-0.00707357719187364,0.003951281254110989,0.7362316439658355,3.377011959332855,1.0829516173710383,-2.3435395804098147
0.012526500066707141,-0.005533450379918992,-0.007056542430340431,0.0039886526777301624,0.7362363303892157,3.398875612091502,1.0577047809677065,-2.359779568925085
0.01256231054685803,-0.005561507545617426,-0.007029369589357254,0.00405541245896766,0.7366307917499405,3.439654584011183,1.0142112378453556,-2.3890022298667266
0.012549365020683023,-0.005543900304904967,-0.007032959538056113,0.004020644220472636,0.7338244932775523,3.4121463067251914,1.029943455359722,-2.3717968563258425
0.012601985447127819,-0.0055789331986469985,-0.006986582913958719,0.004109131172584108,0.7318710191952605,3.459529233810699,0.9649469032455947,-2.407857152195081
0.0125839148374509,-0.00556604133616945,-0.007002033829227545,0.004077617895079658,0.7322604507632849,3.442113682253448,0.987493119204571,-2.3949520582630366
0.011131156929465532,-0.004866888819028758,-0.007819553418561402,0.0017160183886649981,0.5781408847555934,1.8772009270329646,2.097890676083584,-1.1291116107253434
0.01110535898191586,-0.00485526499412942,-0.00782286538391549,0.001673466515539635,0.5708702525744707,1.845527518446581,2.1048300851986474,-1.1037136892666182
0.011093685547789913,-0.0048327079263357385,-0.0078055113625089935,0.0016438247406748052,0.5612428552109765,1.8175858931114799,2.0943525761465525,-1.0880201489605135
0.011236435510869778,-0.004903256702339439,-0.007790017736586303,0.001882766244275708,0.6019072278788883,1.9970205420781484,2.057005577053232,-1.229556333734559
0.011162518265808502,-0.0048844663080412345,-0.007818757956659603,0.0017700753829166904,0.588083553327117,1.9186679386102627,2.0916371998478227,-1.1609623190954845
0.011201626933332117,-0.004889388867608201,-0.007798497902540709,0.0018264541218936845,0.593528360318926,1.9558906695261646,2.0698095373954364,-1.1958370587222593
0.01115501661500229,-0.004844313005193422,-0.0077801652567477345,0.0017342340455147557,0.5719249208065458,1.8791975226929527,2.0653628228905667,-1.1437044091845725
0.011272164067938703,-0.0049002013188992975,-0.007761952847407819,0.0019284306242664288,0.6031564540009778,2.0236331537017986,2.029920296341596,-1.2585869371130205
0.011297574401324579,-0.004906664666521857,-0.007750868325056554,0.0019666576064940678,0.6075510645508285,2.0498743382794964,2.0168389498401376,-1.2816942492814685
0.011261469736073313,-0.004875862303294096,-0.007743376624006157,0.0018972791581685386,0.5930648996707063,1.9935572359447988,2.018940848424721,-1.2421469244136079
0.011335766646446643,-0.004923196524688732,-0.007740806680290302,0.0020289522285861883,0.6161856667989808,2.0953548925626344,2.0015656630475864,-1.3186012717227908
0.011318497438468234,-0.0049017177047506015,-0.007730507741620334,0.001990627720869714,0.6064374962721154,2.0620133925015782,1.998170047851525,-1.2971842152331179
0.011504949699458995,-0.004997685042458321,-0.007686992173723495,0.0023057686094477667,0.6521407845150496,2.296138436753637,1.9238100633490127,-1.4810925969794793
0.01147553725793019,-0.004980811351337433,-0.007693421011711746,0.0022544808588160713,0.6446835302425046,2.257446780920233,1.935858858736313,-1.4513997981586078
0.011444501732708353,-0.0049621752098757705,-0.007698741546406182,0.002199813674567282,0.636375831209929,2.2158401772528156,1.947302388821744,-1.4197656325021966
0.011410790529992533,-0.004942184006162113,-0.007704122061657783,0.002140804272963807,0.6271588394893123,2.17096788991508,1.9591323048046163,-1.3855398826655598
0.011372580019934244,-0.004919583284973959,-0.007709457731392928,0.0020742002007622337,0.6164872801053091,2.120411549594135,1.9716803706947883,-1.3469049327833411
0.011537113210748559,-0.004978564920082645,-0.007639789099733022,0.0023299732493943927,0.6444405324442465,2.2983095238185443,1.8836982652057583,-1.496899559154315
0.011641023380490731,-0.005024069593929968,-0.0075961165425262435,0.0024969314217309735,0.662036158835101,2.4158229850323383,1.8250257057992216,-1.5928330105934465
0.011570206492938509,-0.004955387584641255,-0.007587592783254923,0.0023508288424760604,0.6351391741847906,2.2961839450393744,1.8405183813053976,-1.510642279439258
0.011600895822336206,-0.004972580361894966,-0.007578716835389354,0.002402770637607628,0.6419131767109598,2.334016476855707,1.8260778174511,-1.5401078049807813
0.011625540247482712,-0.004995026213758742,-0.007580042234000425,0.002452209033015646,0.6505963155434339,2.373876387954336,1.8196424529292443,-1.5679134528332257
0.011720034684019333,-0.005066998045765082,-0.007567032724350448,0.002631016175512184,0.6771254212644934,2.5131022933211535,1.7809091575667326,-1.668811575589004
0.01168536060948131,-0.005055984200544614,-0.007588379748919258,0.0025794915327812334,0.6738396761700881,2.4797113344368484,1.8058705239937545,-1.639625922543722
0.011675823624670966,-0.005021247787838394,-0.007561442023486278,0.0025359309878555942,0.6599810053829581,2.4339014418264107,1.7922301547417039,-1.6153576529877884
0.011776965459498188,-0.005106393876369457,-0.007552302623805174,0.0027359166820744847,0.6904469661912155,2.593001129784813,1.751301976720568,-1.7279144767074637
0.011752179975604743,-0.005083576969391672,-0.007553155528493436,0.002684677311592405,0.6822874104944915,2.5513412983532384,1.7610682411603575,-1.6990596091345793
0.011808124151573363,-0.005099471399378228,-0.007514230191178019,0.0027649217767584944,0.6852832306907432,2.6009622063213653,1.7169615618861962,-1.7437288861108153
0.011863980689518055,-0.005137496727012635,-0.007495921467624003,0.0028667959601254506,0.6968791542721965,2.676912716912623,1.6837372521742162,-1.8002790898672545
0.011834303412463346,-0.005114705114539889,-0.007503283065062538,0.0028100024513965827,0.6899049903954763,2.633354908384264,1.700256612986453,-1.7687581204997367
0.012113951479805499,-0.005311218092010528,-0.007390791949823262,0.0033287408368523163,0.7382347788871543,3.016843419664443,1.5008727242838293,-2.051460233615874
0.012092743110527908,-0.005295000178229472,-0.007400009410349607,0.003287760121830245,0.7348315194735443,2.986361766816479,1.518172203801852,-2.029501020702685
0.012071862523589957,-0.005280864323345191,-0.007410570567167957,0.0032495856501105155,0.7321977582779143,2.958981603630255,1.5355419461684248,-2.009134287446646
0.011925412858431721,-0.005191499096469369,-0.007485651320160005,0.002992242148036055,0.7135471679284099,2.7769323161791646,1.650531735479723,-1.8701325300931533
0.011897152743066217,-0.0051531386599183975,-0.007477052184012497,0.002920086056334203,0.7004480027326553,2.7127955552020286,1.6588709558562533,-1.8294327085893356
0.011919573870286549,-0.005168427227936704,-0.007468642386010989,0.002961029218108202,0.7046109638627842,2.7431850220739844,1.6441327042739615,-1.8520232640744325
0.012045638381309258,-0.005268688298242174,-0.007428938903824811,0.0032080595502449846,0.7309891863154014,2.932634784713375,1.5593512439552235,-1.9874273926855521
0.012020669654293471,-0.005248083209779742,-0.007436983263585397,0.003158071617528673,0.7257727520970213,2.8941083329560127,1.5771571680388898,-1.9601806329792042
0.01199765653138187,-0.005229580684376363,-0.007444469995074368,0.0031126579278254085,0.7210323664014077,2.8591998569890293,1.5932082974400517,-1.9353108631024825
0.011974501050644765,-0.005212100773792586,-0.007452752855098852,0.003068316315723856,0.7165935188657889,2.8256687600070296,1.6093180883783125,-1.9110425358976553
0.01195087527751935,-0.0051988789077018595,-0.007465444057701889,0.00302817568280571,0.7138185022309688,2.7978264924802088,1.6276159704873414,-1.8892969324625033
0.012241316461579955,-0.005387350293952023,-0.007307508753205899,0.0035479862301829447,0.7462295311781979,3.162097007209286,1.3794312737335483,-2.1635813483211255
0.01226628417512649,-0.0053781228924376714,-0.007266906834031924,0.0035596006766810168,0.7376290650984615,3.150253111774133,1.3467260043639797,-2.164965049977084
0.01216135585475692,-0.005330038928090058,-0.007351899030969089,0.003399057907037275,0.7379418948855785,3.0572870235122567,1.4536482443834307,-2.0866862130682624
0.012224462704522576,-0.00536591954349833,-0.007308299356959143,0.0035048432215154224,0.7408729423231964,3.125320889921824,1.3924926564247209,-2.1400823339468507
0.012206360925070126,-0.005349074094411526,-0.007314790936970932,0.0034664335670982088,0.7374962177668959,3.095727442949034,1.408093541760277,-2.1197662143736653
0.012185507894438187,-0.005336597494944991,-0.0073286140219942794,0.003430806814189864,0.7362843311009565,3.072413766718651,1.428025554055078,-2.1017261911946847
0.012140110412484716,-0.0052945120049489106,-0.0073431162247302425,0.0033350098784970055,0.7271356401843637,2.9980159499306853,1.4641172575871797,-2.0505559762754246
0.01215775837931172,-0.005307858804671685,-0.0073347693673202876,0.0033685339206742356,0.729622846311973,3.0223154807951773,1.4492382939642166,-2.0681604928685577
0.012309866814891112,-0.005391166556313312,-0.007223084694136747,0.0036160619670941386,0.733874402683138,3.1748307453851274,1.2985068064988126,-2.189771813049487
0.012291180179035653,-0.005370259863154985,-0.007227746723400566,0.003572336784861281,0.7295415157656944,3.1401185866395824,1.3149900920295032,-2.166872709138421
0.012488911871399897,-0.005484749054980125,-0.007067158226913812,0.003891573250539428,0.7282991491496881,3.3224195175105753,1.0999658486765018,-2.3113784321009088
0.012508062839398286,-0.005493020122917338,-0.0070477115043483226,0.0039178381736410224,0.7265148804797703,3.3334815844200336,1.0775193934599707,-2.321546063660801
0.012332319587138874,-0.005401843196571356,-0.00720374767463268,0.0036499023001804955,0.7332890645371761,3.193187919834379,1.2744375600187958,-2.2052714680617354
0.012350186961456795,-0.005411279736678508,-0.0071889796428640665,0.0036779212784648348,0.7330189129524206,3.2089796190978004,1.2553045768332503,-2.218143944181527
0.012362436853215638,-0.005422303462368104,-0.007182884240015658,0.0037030803153050617,0.7346310575587346,3.2271197418365802,1.2430320890842272,-2.230701161674
0.012333701015972896,-0.005378968351099871,-0.007181040771639166,0.003621380801094626,0.7244408768618531,3.1568192544093026,1.267245101449001,-2.1869710704021084
0.01246771551016197,-0.005474776421845122,-0.0070877051980027745,0.003861156265739139,0.729842365738616,3.3083474254946696,1.1245838785599565,-2.299081506267513
0.012448058119626848,-0.005454888860500282,-0.007097158021381485,0.0038182639653390154,0.7272083131033069,3.2773709431914457,1.1457658412274598,-2.278280803900756
0.012384527067857785,-0.005429034094689241,-0.007159653591721924,0.0037309349186980508,0.7322221229080046,3.2380275704443053,1.2178409724224375,-2.242086642234358
0.012414936702188035,-0.005419666414506772,-0.007110761718324724,0.003743867555043789,0.7222185022902385,3.2221142339432918,1.1798392892240923,-2.2414980130347266
0.01243521279354388,-0.00542926210570597,-0.0070920575595075286,0.00377327090393299,0.7210315820726397,3.2365464715273293,1.1573862382412143,-2.2539426004519125
0.01360442055058199,-0.0064735353607464656,-0.005765986684868689,0.005893281802352414,0.5885115489288273,3.9634020182057568,-0.705920439495411,-2.709830951743838
0.013615319567753798,-0.006484494301447566,-0.005747620824457302,0.005910646469879007,0.5857743387727502,3.960072855835685,-0.7264606555315115,-2.706093023971217
0.013609350192613822,-0.006457916422414893,-0.005754327919841719,0.00586330343800015,0.585390064936746,3.9352888469650327,-0.6891531721296205,-2.6978957771182888
0.013572132512728279,-0.006439315289594338,-0.005819343417248876,0.005837873409056171,0.5962397511737655,3.9693624450699097,-0.6426358615776867,-2.7188494416774813
0.013560737417598617,-0.006427902572217127,-0.005838032511812884,0.005819286776556396,0.5989915277266465,3.971792496845558,-0.6210631579544706,-2.721966113223545
0.013537258720066224,-0.006406237962225635,-0.005876541635404558,0.005783971492687018,0.6048505937595056,3.9784926545642456,-0.5787106939468236,-2.728795460258351
0.013548958562047684,-0.006417008327482411,-0.005857407773530012,0.005801594206118005,0.6019343469330156,3.975252699622723,-0.5998175616580753,-2.725475092696719
0.01354141805301587,-0.006390185475591268,-0.005865253195785829,0.005753799665740801,0.601716897579572,3.949875188160299,-0.5622905601709128,-2.7163245997811667
0.013530621560666672,-0.0063787944753939336,-0.005882303349665725,0.005734824658655809,0.6041653550067317,3.9504106969146267,-0.5412740977782637,-2.718221275234003
0.013519108913074502,-0.006368171279829418,-0.0059007197477626,0.005717245550389791,0.6069494754594946,3.9528219033138643,-0.5206398733623779,-2.7209278396092684
0.013507841707594682,-0.006357365137903204,-0.005918518361521145,0.005699169762249926,0.6095585060544672,3.954349093367886,-0.49990681379133634,-2.7231452570022054
0.01349702045627734,-0.006345841409579268,-0.005935189776527396,0.0056796091504899985,0.6119583011734525,3.953934193910739,-0.47868407607733127,-2.724390128226775
0.013485480864736358,-0.00633475875702233,-0.0059531536047946676,0.005660827750460462,0.614609038207444,3.9549282315415737,-0.4574276341263774,-2.726245509788685
0.013473380575499011,-0.0063242904632603335,-0.005972182014884263,0.005643093271947823,0.6175234814818039,3.957346142070165,-0.43639692060440444,-2.7287036283200625
0.013599475980440737,-0.006446384471454565,-0.0057704380877536795,0.005844589970885276,0.5876481344011594,3.9358293507948185,-0.668709382014629,-2.7001592153449927
0.013589014781004464,-0.0064343980005310145,-0.005787410351285897,0.005825080814817345,0.5900430663367482,3.936431113928324,-0.6473379770623481,-2.702472876267171
0.01327204693056791,-0.0061425452065393335,-0.00626658459533616,0.005315138382862007,0.6609588439576538,3.9442024119372987,-0.07595047506380652,-2.733746225729121
0.013284542829428871,-0.006152333370821949,-0.006248789972235009,0.005333817987010526,0.6582400108360905,3.944898413836532,-0.09686519243441451,-2.733977095753639
0.013247207616338972,-0.006123147107999743,-0.006301603701662333,0.0052777291200009424,0.666227912640554,3.94209850246324,-0.03436792383597618,-2.7327335816455722
0.013259645144260397,-0.0061323871218788364,-0.006283912045191486,0.00529568596350724,0.6634807653718947,3.942497473676916,-0.05475665502751636,-2.7329599237271647
0.013248581180451587,-0.006108299857148261,-0.006292169328222059,0.005251738426086506,0.6630130617758995,3.9157349255204474,-0.023018622411362634,-2.7199700536932077
0.013239955518344834,-0.006097328786704635,-0.00630209008626114,0.0052312465318520756,0.6639641672036309,3.907614494936091,-0.005203439780252654,-2.7159348482736223
0.012999721702395606,-0.005861435411864426,-0.006577966066783111,0.004766021831208553,0.6943575126066622,3.7400635629552954,0.411374109134192,-2.616986448050038
0.013008868952531841,-0.005874814087298165,-0.006571411275128931,0.00479146749017131,0.6946444290134159,3.7560404259670306,0.39413687583278806,-2.6261356403133096
0.013046682104742559,-0.005915661318646673,-0.006534027024110202,0.004872689929118583,0.6918223309602913,3.795146568594085,0.3290549869292236,-2.6496970764204932
0.013035950896353015,-0.005901263533211094,-0.006543086342138605,0.004845018363846183,0.6919770605367129,3.7793852461631947,0.34926119082641205,-2.6406888015676446
0.0130250877705221,-0.005881580581545402,-0.0065489101817415565,0.004808578609432894,0.6908833769119609,3.7543485011401865,0.3721768231723247,-2.6268493636147134
0.013229054107900885,-0.006085478811301646,-0.006315447354253568,0.005208829433812741,0.6655214316693895,3.900463505606069,0.015519385552949782,-2.712282003098537
0.013217205131325765,-0.006074138047900018,-0.006330557589444744,0.005187071688496469,0.667490235688457,3.894973083861793,0.03670301106931383,-2.709354919042816
0.013204860844822286,-0.00606293885203606,-0.006346447760393843,0.005165377770475275,0.6696219542928005,3.8899952041375268,0.05822098169241257,-2.7065987580009963
0.01319063865529393,-0.006051322237429117,-0.006365224669140671,0.005142487591167074,0.6722438446087021,3.8860804604937687,0.08194538649497686,-2.704238966499368
0.013182090057756774,-0.006032789510202043,-0.006370414025997933,0.005108703599556056,0.6714069566795987,3.864067518234092,0.10476298330846946,-2.6930230683212195
0.0131717045258118,-0.006019363663797016,-0.00638124329878897,0.005083376572440574,0.6722461420211738,3.852402845041642,0.12547320509597826,-2.6867955354736783
0.013161440304700303,-0.006007075113108217,-0.006392306900145688,0.005059997483272883,0.6732301000170938,3.8423117944041603,0.1450797630617913,-2.681295003397839
0.013062200153094988,-0.005910532173880263,-0.006505070673024119,0.004869304431670982,0.6855303270951398,3.772484562607384,0.31464979249804,-2.6394334646079356
0.013150353796682428,-0.0059943245725079045,-0.00640437251147056,0.00503559742389232,0.674351935288796,3.832057550109813,0.16574514919945096,-2.6756095621616756
0.013121165213950717,-0.005980153564852448,-0.006446249943160564,0.00500400790466175,0.6812728451833753,3.837119565629456,0.20676647652748117,-2.676506782051112
0.013140155947130262,-0.005978543426476157,-0.00641310505445887,0.0050062337939134815,0.6744250279716769,3.815529756465683,0.18737429260909508,-2.6667460191261756
0.01311227752967336,-0.005961588720683213,-0.006450841643395972,0.004970101143949401,0.6802026971415048,3.813896143488941,0.22855809653984502,-2.664228637052019
0.013075493868713012,-0.005916977666072611,-0.006486764348910657,0.004884309818073144,0.682578903875897,3.7717010448536628,0.29621915361091294,-2.640111231373151
0.013089506501463974,-0.005929246045273698,-0.006470555043719181,0.0049091158094946566,0.6807208638183498,3.7799699684395267,0.2735637633719841,-2.645404897029733
0.013102212165722065,-0.0059441206846499,-0.0064578421557707115,0.0049378074683673,0.6797575508373875,3.7935894851340595,0.2505830285917247,-2.6532521769491697
0.013449704102256058,-0.006303109435333276,-0.006008843831375052,0.0056067220253934935,0.6230644990076172,3.9602354976692595,-0.39435706938145204,-2.732470436005834
0.013461821880309416,-0.006313043117685776,-0.0059898700117234855,0.005623756487187121,0.6200771208593849,3.9575558325653293,-0.4148667402147907,-2.7300543423089567
0.013452206877922838,-0.006287562315619214,-0.005999491047821412,0.005578410060289331,0.6201351881682642,3.933743788183606,-0.37954183981637224,-2.720436487575349
0.013444222400414228,-0.00627658871319347,-0.006010419134872575,0.0055591677915905096,0.6213936466154268,3.928694618170464,-0.3614202639796069,-2.718895027835012
0.013433766407434914,-0.0062643929391863985,-0.006025278428090481,0.0055378155226076566,0.6233484983876071,3.925044828063474,-0.34007100862528383,-2.718124141246783
0.013404433993578298,-0.00625858081569424,-0.006076124685898274,0.005528466108111759,0.6327939348618524,3.95657818861941,-0.30946368968800414,-2.734660606205217
0.013391982696542024,-0.006248106467208296,-0.006094882707405083,0.005509827976111203,0.6356575269127857,3.957532388190812,-0.2879736578653231,-2.735941094800909
0.013421778994657968,-0.006252456191610995,-0.006042822026888371,0.005516901834864457,0.62585611307658,3.923598720467852,-0.31776390520108505,-2.718387710556812
0.013380145879053432,-0.00623724866217158,-0.006112261161963028,0.005490360579501016,0.6381758165140791,3.956761689027996,-0.26658296176380136,-2.7363156363253314
0.013368048004931384,-0.006226892563505677,-0.006130164044753721,0.005471671285054082,0.6409104571020777,3.9568566761916686,-0.24550554094202956,-2.7370270749647303
0.013369982031116018,-0.006212347007756839,-0.0061211949986506335,0.005445621076806725,0.6380294976242155,3.9316035038002504,-0.232762499818365,-2.7252092807855544
0.013361441229176894,-0.00620121634190422,-0.006132183697901509,0.005425577829632932,0.639253562192695,3.925438244812685,-0.21430216048997328,-2.722723814298418
0.013350826337820863,-0.006189030329766018,-0.006146330518238221,0.005403542726830295,0.6410240103032522,3.9200960098391318,-0.19305600121063962,-2.7206413930030444
0.013339154916299464,-0.006177469188191103,-0.0061624529435018935,0.00538249032293035,0.6432414554207817,3.9168128769488457,-0.17151072375356402,-2.719488224193316
0.013327155041350408,-0.006165879977649916,-0.006178995442157743,0.0053612648928464054,0.6455324928385099,3.9136105362121865,-0.1496754036896066,-2.7183068624868003
0.013298924736946235,-0.006146622045130901,-0.006220791453292627,0.00532503864926067,0.6521960341095617,3.917840402033795,-0.10557372535167373,-2.720859412063032
0.01331426733868854,-0.006152428976453512,-0.006196165359364235,0.005336574772805267,0.6477288102106585,3.9082401668914573,-0.12535484077972883,-2.716032220778238
0.014213203372519655,-0.007307618648521538,-0.00448725181099047,0.00702186777555219,0.4331277815975502,3.4973431927146934,-2.0324526730687316,-2.192664299908635
0.014221641019906124,-0.007320868219171371,-0.004465176563094978,0.00703592592293559,0.43109474511776474,3.483976583827339,-2.0499543301681187,-2.1798151525870946
0.0142291697819543,-0.007306616700497945,-0.004459962617847175,0.0070031521765651925,0.4227515061840699,3.4658882477732225,-2.0293105538343723,-2.1766436570878067
0.014179037739678208,-0.00725488733011826,-0.004575092416157304,0.006964953889535625,0.4403623814012391,3.5492029897205204,-1.961747241591637,-2.2430842979589993
0.014186347507942424,-0.007240624580966563,-0.0045693632870193795,0.006932409694310694,0.4348552961928526,3.5302462824469383,-1.9412891040212514,-2.2391966589763768
0.014204724135944917,-0.007294395642263587,-0.004509280996253077,0.007007741477645164,0.4351201912796399,3.5105548895841694,-2.014890527566519,-2.205419595268947
0.014220660115232034,-0.0072933716289743196,-0.00448197425813509,0.006989179895354933,0.4251117456802886,3.479062066422101,-2.0118995155336847,-2.1894232208060207
0.014196203394784794,-0.007281199332500348,-0.004531265433549914,0.006993546234974046,0.4371628918817456,3.523607718749187,-1.9972628839850624,-2.218076365646516
0.014212119208091359,-0.007280147131609539,-0.00450392840107738,0.006975118317933176,0.42748676635960287,3.49209113388185,-1.9943803161844709,-2.202070743780187
0.01418764123415389,-0.007268029851185396,-0.0045532013743767915,0.006979284489664519,0.438895297782627,3.536487636528005,-1.9795582518111263,-2.2306311847887623
0.014203550912261288,-0.0072669516180646635,-0.004525814058029601,0.006960978055445791,0.4299044472234192,3.5049748594972745,-1.9767696322099937,-2.2145825661560963
0.014194962416766994,-0.007253782805443428,-0.004547620058061323,0.006946748537596474,0.4324199634139841,3.517696915827283,-1.9590770558552533,-2.2269549685314023
0.0141675820787316,-0.007186684548848895,-0.004628496530188085,0.006856555555112513,0.4416374112901757,3.5500683180277695,-1.8608697874769924,-2.273343309259138
0.014193945060150509,-0.007226088114205466,-0.0045635998960287935,0.006899827560764931,0.43463834900968107,3.513592966289505,-1.91459208833132,-2.2377498990486324
0.014185226321962681,-0.007212899628988072,-0.004585241605066203,0.0068853992330466145,0.43701554146527094,3.5258203942746174,-1.8967255516447523,-2.2497152400631566
0.014176387910885886,-0.00719979748854204,-0.004606946881475637,0.006871080104585131,0.439357938484167,3.5380782447511763,-1.878885392190525,-2.2616152783278607
0.014175328994740841,-0.007171724532641997,-0.0046218460978807085,0.006823120857594564,0.43905781540833394,3.5310018545756345,-1.8363386635398193,-2.270266698414218
0.014104729679810963,-0.007095728715555969,-0.0047781554284634575,0.006753166387538977,0.45844805682450707,3.6303652430740274,-1.7325563115624447,-2.3520291248836838
0.014121028112197322,-0.00709377223512656,-0.0047500374822753945,0.006735509757919651,0.4534613467203799,3.5996270001969317,-1.7275098094843866,-2.3372231803807506
0.0141575945533824,-0.007144819611970968,-0.004664747978217466,0.006792586870514019,0.4437113285835495,3.5537331590447097,-1.7991209463703062,-2.29306622363097
0.014166692994256077,-0.007158185222024025,-0.004642987506772555,0.006807564941204799,0.44132001412140404,3.5420350853953835,-1.817609517407963,-2.2815616205933043
0.01414820662652738,-0.007131861693400437,-0.004686734904977571,0.006778427442472362,0.446209937569944,3.5658916304180046,-1.78117251065251,-2.304589869137965
0.014138881239632911,-0.007119236604034462,-0.004708374344921607,0.006764635599436829,0.44869892804243344,3.577858264615831,-1.7635750471591434,-2.3158419247748125
0.01412979357878786,-0.007106653630841657,-0.004729482029003599,0.006750551264559768,0.4511280311116917,3.589206675250583,-1.7458610756025104,-2.326727643269811
0.01400480155732084,-0.00698326703541272,-0.004995732318411388,0.00663203160552548,0.4841568500505041,3.754220536431173,-1.5677282624404911,-2.4589665372003036
0.013988972438811073,-0.006985352610601758,-0.00502431153591018,0.00664818362362446,0.49257234941421696,3.7863624046759377,-1.5666245803431638,-2.475568931467976
0.01397948202078988,-0.006972835840888359,-0.005045183747758653,0.006632358007630425,0.495932739362489,3.7960943482283613,-1.5469151071969447,-2.485229988132757
0.013995310095742874,-0.0069706747114944186,-0.005016544582333701,0.006616263943959657,0.4866312497221638,3.763893878239428,-1.5482051191698576,-2.4685843886148935
0.014020875611605614,-0.006981084627764068,-0.004967379828516242,0.0066160088470324915,0.4811255845773825,3.7240329520083506,-1.5622954387006696,-2.444219004542083
0.013969952327613142,-0.006960348948237811,-0.005066001138554083,0.006616470762845143,0.49889995632590695,3.805691171316194,-1.5271517722912682,-2.4947453813942313
0.013985759025029599,-0.00695812073308268,-0.005037340940500922,0.00660045989851495,0.48908857481922574,3.7734648930815227,-1.5286040463172264,-2.4780878189183926
0.013941128533048788,-0.006923068755076141,-0.005128107249148898,0.0065684526415928125,0.505404160470653,3.833403506743087,-1.4676158022529282,-2.5225283311606854
0.013947239476440382,-0.0069082646623928635,-0.005119883986385348,0.006536640296303751,0.5000884138127405,3.8102219731302287,-1.4495406400201798,-2.514669840656053
0.013950775489717909,-0.006935465283302504,-0.00510746159850339,0.00658451901312446,0.5036683258869606,3.824362227774858,-1.487517167618831,-2.5133905486681276
0.013956902137140778,-0.006920693459280072,-0.005099366620437316,0.006552727197031586,0.4972251715318328,3.801311560344278,-1.4693981673801602,-2.5057547109022384
0.013960383452653272,-0.006947892054997046,-0.005086759819629256,0.00660052487008175,0.501418541007599,3.8151195532605215,-1.5073547915589784,-2.5041292851434847
0.013966544748789944,-0.006933135567273222,-0.005078768897167984,0.006568707500684015,0.4944076437633878,3.7921977287648736,-1.4891927202434097,-2.496684633073691
0.013976165348870175,-0.0069456085455103225,-0.0050580914771690124,0.006584612670127694,0.49169966381368363,3.7829104772410456,-1.5089300448253014,-2.4874607560143054
0.01395361875947501,-0.006893170179930827,-0.00511162623818807,0.006504815757371339,0.49924218580619967,3.78818595180349,-1.425170496574384,-2.5084078263641785
0.013943913334606229,-0.006880659716137802,-0.005131937293700585,0.0064885041387586434,0.5019350463154354,3.7965873186520382,-1.405211934771758,-2.51696910235524
0.013914178035070023,-0.006843783388727998,-0.0051931873485656565,0.006440298015968405,0.5099407341109856,3.821902577353494,-1.3456553437254373,-2.542213027909364
0.013924064421006093,-0.006856042241269297,-0.005172936898248613,0.006456469113563945,0.5073923199660929,3.813727718655357,-1.3655694104317926,-2.5339938602353427
0.013934043792348833,-0.00686827116362881,-0.005152408187161586,0.006472379051425202,0.5046980665078881,3.805121334392459,-1.3853291550050484,-2.525511482106697
0.013920575589901308,-0.006828399653708624,-0.005183990690715261,0.006408100396676807,0.5069291525844318,3.7979078622694407,-1.3241611913770095,-2.534527022613751
0.013911051106521785,-0.006815780026359508,-0.0052033344734984084,0.006390951703791976,0.5094176180886634,3.804646080603458,-1.3038488752668422,-2.5419820350733002
0.013849459701945016,-0.006742881054119098,-0.005324670693134436,0.0062929084617393966,0.525763381674385,3.850094950557127,-1.1833020954882054,-2.5874244009532634
0.01385968033072755,-0.006754556386128769,-0.005304865458586431,0.0063087661907157136,0.5230325422702404,3.842793477840391,-1.2029361245295227,-2.5802512831521107
0.013901294054030643,-0.006803100884025835,-0.005222986413402198,0.006373702569412558,0.5119680224771813,3.8114892007450503,-1.2833272915106264,-2.5494556855440567
0.01387014401130976,-0.006766212834965118,-0.0052845078406132786,0.0063243102513147595,0.5202292149394857,3.834805019232262,-1.2225055746479343,-2.5726783683387073
0.013880746883623623,-0.006778147294130364,-0.005263756970668041,0.0063401349059135,0.5173788642709617,3.8265776523381123,-1.242403287779709,-2.5648546980244427
0.01389121633085312,-0.006790461270996203,-0.005243093890541963,0.0063565791422612065,0.5146083557489533,3.818674400559729,-1.2627163247584645,-2.557041596871351
0.014095684501993904,-0.007082771645179526,-0.00479920677875103,0.00673791288685797,0.46097765535860763,3.641086266506765,-1.713765404960052,-2.3626945466152427
0.014067786120945855,-0.007044503665877138,-0.004862853093788768,0.006692961767981169,0.46854342454566167,3.6735466250649655,-1.657698332783972,-2.3943438583256467
0.014077095441423259,-0.007057192765770031,-0.004841750079132452,0.006707970841363713,0.4661212743796987,3.662895838707961,-1.676417806252817,-2.383948024031618
0.014086449044890974,-0.00706991157666512,-0.004820451770771878,0.00672284336370834,0.463581930074,3.651963089064956,-1.6950378172581047,-2.373355511631384
0.014074856366106628,-0.0070296047963930575,-0.004855274106540276,0.006660526407477101,0.4657617510727649,3.6527555375567835,-1.6346128486767355,-2.3894412708762296
0.014065766233522363,-0.007016785271302004,-0.004875733467958694,0.006644989857197574,0.46817526095357564,3.6624477893033673,-1.6156771303558959,-2.3992677467230625
0.01405643464308712,-0.0070040261989463585,-0.004896494090807933,0.00662961019450792,0.47065554768917567,3.6723788243026045,-1.596736411409369,-2.409146069642826
0.01404682822787929,-0.006991436565682519,-0.004917585702724204,0.006614601521673556,0.4732330326529132,3.6826754248092484,-1.5779453968269566,-2.4191047366282685
0.01403719351193007,-0.0069788540374305695,-0.004938619016159734,0.006599474939462808,0.47582651832619066,3.692803203097108,-1.559038032145185,-2.4289325903018124
0.01383951971613343,-0.006730850128969325,-0.005343874494777485,0.0062761092791468595,0.528366815842538,3.8563182177525914,-1.1631466308401446,-2.594083089139477
0.013808410359663762,-0.006695063885348122,-0.005403132155741271,0.006226126598435216,0.5365323895080416,3.8760183634647336,-1.1022656880029145,-2.614207603322104
0.013818968048608929,-0.006706737915685203,-0.005383164022670321,0.006242364544680422,0.5337289608645083,3.8691250546704183,-1.122342723123908,-2.6074451256244653
0.01382947433442362,-0.006718637153954128,-0.00536316425739448,0.0062588987613094865,0.5309638781258806,3.8622956009430855,-1.1426285946918986,-2.6006090788898675
0.013794760757686202,-0.00665504768192753,-0.0054292537199582885,0.006159106174561898,0.5388293287781712,3.859160847153474,-1.0410790327917903,-2.6156374300882193
0.01380461272695055,-0.00666743168166629,-0.005410975683804379,0.006177188886330127,0.5363528832758168,3.8549263299954695,-1.0618504422926487,-2.6102704365268323
0.013814049188361802,-0.006679621427760962,-0.005393336655066056,0.0061949942544922525,0.5339939144307823,3.8509464382730374,-1.082165292906838,-2.6050327125835646
0.013784437624532749,-0.006642807581880866,-0.005448264262874008,0.006141377416830947,0.5414492951902425,3.8640751918098606,-1.0202821886308824,-2.621274362778669
0.013773713814222386,-0.0066306686340361675,-0.0054678817853247895,0.0061238776709409215,0.5441840708764443,3.869502015207925,-0.9994068238160444,-2.627104812366724
0.013671216995791144,-0.006541497107225815,-0.005651679675782339,0.00599912911886153,0.5716662939369205,3.939916451184662,-0.8320063103424289,-2.684337354009768
0.013659953615202272,-0.006529800467338884,-0.005671237852422296,0.00598119131328866,0.5745142832258922,3.944266115999461,-0.8105900931498412,-2.6890250488212986
0.013626374209291052,-0.006495614909208127,-0.0057288733968109415,0.005928136867902639,0.5830160236504436,3.956436950109125,-0.7472532949934306,-2.7021126872661743
0.013637486328855001,-0.00650693358084034,-0.005709925218865975,0.005945842987203155,0.5802126353567952,3.95269021875458,-0.7682784251404132,-2.6979829124057395
0.013648652341525574,-0.006518341621566572,-0.005690766156011038,0.005963561019709064,0.5774075888418274,3.948695235039995,-0.7893961626772342,-2.693650468734923
0.013709412019776037,-0.006561401470599957,-0.005583069963494437,0.0060225025245384456,0.560534159995957,3.9003603269650604,-0.8774849442128988,-2.6592792272997605
0.01369919584512407,-0.006549112775843282,-0.005600870813324569,0.006003597226921919,0.5630075471951531,3.902919067492317,-0.8562044457960155,-2.66325004703944
0.01368838692217117,-0.006536811440614073,-0.005619621142786909,0.005984752121381527,0.5656640466694633,3.9061513486980934,-0.8345772946034394,-2.6675210992556893
0.013762579640343347,-0.00661869225526182,-0.0054881279884526684,0.006106709992124784,0.5470429627023358,3.8755180127268276,-0.9785151090624263,-2.6331551810932012
0.013751256394604573,-0.006607312673320372,-0.005508616216719285,0.006090563833556662,0.5500023989679431,3.8822256473319707,-0.9582658920307505,-2.639382580814751
0.013729539591969937,-0.006584375966851888,-0.005547538908468075,0.006057132088169474,0.5555585743336681,3.8931222287035934,-0.9176743142924056,-2.650396291241352
0.013740605785704546,-0.0065955777949867405,-0.00552774217371032,0.00607334579225731,0.5526577372638211,3.887163049617618,-0.9377210486054849,-2.644706372188414
0.013732817418905238,-0.006569854319338291,-0.0055407581800170505,0.006029283492082519,0.5534402083224467,3.8715056595095874,-0.8998457388735244,-2.642105385256994
0.013726046975631059,-0.006558125161510984,-0.005552409970771797,0.00601041410044261,0.554774734326701,3.869411407378785,-0.8812182806661711,-2.6435236229531913
0.013855328925594082,-0.006727521569833854,-0.005315139501092781,0.006261599841328757,0.523295041334606,3.825627829703554,-1.1626757188625925,-2.578820067643797
0.01452413555302291,-0.007871104159928416,-0.003548096963012988,0.007540096843941332,0.35407028118536227,2.8619896696903595,-2.666098777007859,-1.5786865261831864
0.014533436301656037,-0.007858048420159506,-0.0035469672615181004,0.007507240787130457,0.34785684930481925,2.850814712357717,-2.6437102570812496,-1.5815900239678786
0.014517425023423979,-0.00785690150535659,-0.003571775573744055,0.007528909117713866,0.3558791079021939,2.8794559204509085,-2.6528239477532414,-1.595503477296986
0.014526673837802456,-0.007843823758276592,-0.003570539204388086,0.007496075997625804,0.3493049909085646,2.868103310814155,-2.630454224708384,-1.5982806690977183
0.014510669920930357,-0.007842720031054358,-0.003595415525395449,0.0075176486565208004,0.35770383802128564,2.896835810697676,-2.6394605980893115,-1.6122295636258748
0.014519863033471274,-0.007829629988226868,-0.003594073452688937,0.007484855967369784,0.35082102805446863,2.885323551659696,-2.617084973963095,-1.6148864597301567
0.014503870314936747,-0.00782855988196046,-0.003619010568712033,0.007506318516071519,0.35920408874461657,2.91409405383765,-2.6260203036303844,-1.6288689459879795
0.014513018002505795,-0.00781546954362867,-0.0036175486624520775,0.007473565101392674,0.3525241837847173,2.902452304995451,-2.60360751014346,-1.6313908495626468
0.01449702627543871,-0.007814421202973038,-0.0036425549245511,0.007494921541951863,0.35984485389807414,2.931190448254819,-2.6124908977967123,-1.6454339742366788
0.014530801440932151,-0.0078853278497963,-0.003524379475223795,0.007551211896097022,0.35213374072594483,2.8444546370690436,-2.6792680729353346,-1.5617755259947304
0.014540145223351954,-0.007872298252903415,-0.003523369494031613,0.007518349056185613,0.3464578669146849,2.833463695738089,-2.656850611380053,-1.5648260030999754
0.014537422618955197,-0.00789957242995771,-0.00350062641299414,0.007562252756076806,0.35011544216010004,2.826874363189635,-2.6923120154188633,-1.5447692203631365
0.014546794403806386,-0.007886573550327307,-0.0034997540667578153,0.007529409662956271,0.3451335444860258,2.816059207109689,-2.6698847801938914,-1.5479959523717117
0.014543999019492741,-0.00791383775538694,-0.003476850407602907,0.007573213633196411,0.3486711731108332,2.8092729193478303,-2.7052075247345875,-1.5276796548954499
0.014553378726490101,-0.00790087193113865,-0.0034761293697880623,0.007540427101879423,0.34378677493577253,2.7986048007247084,-2.6828202027980352,-1.5311043026302285
0.014279223842223293,-0.007386951628265329,-0.004327030134999149,0.00708616373827005,0.410362670479229,3.3847288844716172,-2.131935857060711,-2.0976683543387686
0.014263202493758266,-0.0073875099048583345,-0.0043540324008554225,0.007105241688061391,0.41636870301231865,3.415502228870627,-2.136409495912904,-2.113642934341938
0.014230036994013361,-0.007334144221965786,-0.00444304960829931,0.007049919418491234,0.4287960490637867,3.470455795429944,-2.067404752162228,-2.166867475650852
0.014237649738300072,-0.0073198864981016696,-0.004437889551029368,0.007017040169088484,0.4204579456689708,3.4525690590020903,-2.0466154201268587,-2.163729457147993
0.014238391211262554,-0.007347446524517867,-0.004420861038425762,0.007063854387886776,0.4256987546704305,3.456789875438021,-2.0848141813326584,-2.153798817229454
0.014246100216971062,-0.007333197605602475,-0.0044157464361777934,0.007030870256494623,0.4183349451828189,3.439117399693783,-2.063828022171697,-2.150682768931709
0.014271041058964507,-0.007373479508342298,-0.004349218378328856,0.0070724159588067695,0.4128957467286683,3.3984690524458085,-2.115038716071765,-2.111039780117935
0.014254974043432976,-0.007374129498678273,-0.004376322905288869,0.007091533740443425,0.4178412441183555,3.429261789306635,-2.1193864278232706,-2.1271796881655116
0.014246703588587152,-0.007360774994305903,-0.0043986097515839,0.007077731447705283,0.42155820937264915,3.4430293149937135,-2.102164602158621,-2.1405746261650047
0.014262817060400031,-0.0073600043690749605,-0.004371373342952713,0.007058551912564247,0.41487023301337045,3.4120444284035263,-2.0980374358414107,-2.12431177963879
0.01425450173535796,-0.007346568502314765,-0.004393555470079181,0.0070446917435572215,0.41651840490200903,3.425585923847032,-2.0809641713648674,-2.1375293051186453
0.014336613661377439,-0.007453726914911064,-0.004187957489616047,0.0071326342599418386,0.39759586398172614,3.285265383348331,-2.2029552433266235,-2.0164390918977824
0.014295577027143744,-0.007386285326799596,-0.0043000919245688995,0.007067113570944257,0.4080125373209858,3.356564258916688,-2.1216295954236313,-2.084967666099157
0.014328551315037576,-0.007440126789564987,-0.004210403290649697,0.007119502992083499,0.3996937607815148,3.299649425965128,-2.1867641026629108,-2.030334172027402
0.014320399198258013,-0.007426585959226119,-0.004232864422407264,0.007106411257292435,0.40181200906865283,3.3139981835641517,-2.170553724852406,-2.0441437652593843
0.014312158136317149,-0.007413109998929041,-0.004255338091537141,0.007093366375254677,0.4039389149223837,3.328311437610545,-2.154329969698147,-2.0578671280917997
0.014303855514590728,-0.007399696007721422,-0.0042777826340591844,0.007080331564551539,0.4060207954452994,3.342547714570697,-2.1380682597110074,-2.071487935120618
0.0144040413618797,-0.007632634442496726,-0.003945578857097065,0.007339922490197329,0.384469289811695,3.146636272530827,-2.4248708387186464,-1.8531000288617407
0.014411456818519202,-0.007646481625663306,-0.003922503623382222,0.007352279798427347,0.38269668219539343,3.130558028313198,-2.439933135766651,-1.8377439213737061
0.014419998010882428,-0.007632874198749813,-0.00391983394811684,0.007319386400953567,0.3737600196208469,3.1164845803579095,-2.418318094292473,-1.838247086717752
0.014396582438974287,-0.0076188106212854685,-0.003968603443991028,0.007327499007550428,0.3857418748936781,3.16254280801885,-2.4097592814418727,-1.8683724017579852
0.014412494805817489,-0.007619028673890252,-0.003942854429160424,0.007307128407589627,0.3757129024386399,3.1323802452298035,-2.4033207871715887,-1.8535607213932657
0.014389080122167905,-0.007605010296224523,-0.003991585893185154,0.007315004875013755,0.38679597404754723,3.178289009522343,-2.3945668296894502,-1.8835756112657054
0.01440497744868037,-0.007605216534831618,-0.003965784753387378,0.007294777742298509,0.37778251567495585,3.148129191633292,-2.3882121715332993,-1.8687395172032286
0.014397440262920594,-0.007591419741590572,-0.0039886461375058845,0.0072823145382733,0.3798635307133042,3.1637308740644907,-2.3729818394092033,-1.8837950969902015
0.01440601799573503,-0.007577648707333014,-0.003985788779565637,0.007249795988335277,0.3801595709044147,3.152939802392535,-2.3455617287426818,-1.8873817629465186
0.014375422944572377,-0.007522526675202143,-0.004076209148286902,0.007198954219271453,0.38760774837380124,3.2130960539317734,-2.283605245597242,-1.9457871019672741
0.014383070317001192,-0.007536260511533527,-0.004053777965144986,0.0072118339251567845,0.38578022066585177,3.1983223683912985,-2.299278546798098,-1.9313876741036642
0.014390765477021018,-0.007550011540682278,-0.004031165644803956,0.007224521979758094,0.3839130873084256,3.1832969252249352,-2.314777990969184,-1.9168270786868657
0.014398428380181816,-0.007563821462986287,-0.004008470576755165,0.007237181033897408,0.382021094667713,3.16814606602221,-2.330215991859802,-1.9021404368913324
0.01438440185412873,-0.007508545582722888,-0.0040718220353653444,0.007165532667107622,0.3853119269781196,3.19895046631466,-2.2580794106350184,-1.9469942280142492
0.014377122373794711,-0.007494592936540568,-0.004093520500810108,0.0071517055954098555,0.3871175908773758,3.212650909281591,-2.241775224266856,-1.9608701885334658
0.014353981173889903,-0.007452785951601468,-0.004160085674945528,0.007110917004306063,0.3928828803104163,3.2548365126226364,-2.192759520863362,-2.00270345949177
0.014361899286686124,-0.0074666044822999725,-0.004137744807960363,0.007124241306279973,0.3909032566150967,3.24061757730489,-2.2089690170396885,-1.9887912067322782
0.014369629826022015,-0.0074805615943312346,-0.004115516177372062,0.007137851266963646,0.38897905743801425,3.226528212293878,-2.2253279634674406,-1.9748238134612162
0.00872520149287235,-0.005103702145171356,-0.007985192006897414,-0.0020785209033570176,-0.03252494101974989,-0.5939922419333835,2.4678034498506864,1.347886265558701
0.008709645595003495,-0.005108778989244659,-0.007979462711433898,-0.002104575286885917,-0.03597432255009541,-0.6100268446413852,2.465088703685677,1.3656721865972987
0.008679938129228942,-0.005118595735003072,-0.007968243165448622,-0.0021543595578055286,-0.04251894043400301,-0.6406875716243244,2.459700879501542,1.3997556309784318
0.008694265771971695,-0.005113450160462,-0.007973243925374367,-0.002130045091411483,-0.03936725706518804,-0.6259320354348535,2.4619943760820076,1.3831518206932973
0.008668219582346467,-0.005108742675962154,-0.007947701786151003,-0.0021632878496895547,-0.043403706845207266,-0.6537483787116434,2.445295344191375,1.4075842373907397
0.008654160261429763,-0.005109545199089903,-0.007937650720301503,-0.0021836620364982903,-0.045919454018563594,-0.668464174217351,2.439079579346989,1.4220591037424544
0.008607129849030917,-0.005125241877300595,-0.007918210584136776,-0.0022617555771612527,-0.05551715973842466,-0.7168879304004557,2.429044605935048,1.4759299500820875
0.008561429941823443,-0.005132014779416434,-0.00788823115036933,-0.0023302303149519907,-0.06327381991654969,-0.7642519224237024,2.4105872430982096,1.5244426851525594
0.008577522565826057,-0.005128581923379398,-0.007897722686603869,-0.0023053336071447096,-0.06047535328964643,-0.7476350179815644,2.416285709174847,1.5069170982764577
0.008593374485018238,-0.005126673120945271,-0.00790861645030566,-0.002281946209832513,-0.057822755084255995,-0.7311938452840265,2.4230728134964754,1.4902922599990565
0.008637247426602919,-0.005111108122469846,-0.007926101362560526,-0.0022085333064276874,-0.04891154684754042,-0.6860827542204692,2.4319774789348148,1.4396660705210704
0.008619168067952125,-0.005114446946611288,-0.007915494680725265,-0.002236333060612939,-0.052252427662976615,-0.7048058127789163,2.4256915124894474,1.4591697502258374
0.008545247798238816,-0.005136091277977871,-0.007879244715317287,-0.0023557187776449416,-0.06609014256918737,-0.78093439179254,2.4052727685431576,1.5423407911089855
0.008528068137199243,-0.005141131358363257,-0.00787034298981023,-0.0023833165381252773,-0.06911386040099515,-0.7986251085660088,2.4001135228334936,1.5616670817132923
0.008549069274257375,-0.005117663761433283,-0.007861415504679016,-0.0023349482589074193,-0.06318239816290121,-0.7772877082888404,2.3909395237348874,1.5298709671936992
0.008411091796750389,-0.005158661542493397,-0.007785890044401336,-0.00255387454797962,-0.0854864122898016,-0.9181855559006923,2.345353375598902,1.6837706902457334
0.008507636402638503,-0.005138121688871779,-0.007849241933257083,-0.002408217689207418,-0.0714675704613385,-0.8196620652905652,2.385669323888612,1.5801945723160389
0.008490409978412399,-0.005140057725025149,-0.00783638446605782,-0.0024329158266657384,-0.07390206901894691,-0.8373086745945567,2.377317213856124,1.597913366015689
0.008429581822965384,-0.0051537437753038096,-0.007797345898790996,-0.0025253263459729673,-0.08285875643789066,-0.8993773334925609,2.352611761246578,1.6635308499785395
0.008451498675465477,-0.005151702843147437,-0.00781493623751535,-0.0024947734810008703,-0.08011759164043264,-0.8771311206712349,2.3643650457888454,1.641462202539124
0.008472685451516701,-0.005143450671362557,-0.007824564831824513,-0.0024594374786581813,-0.07652592201790538,-0.85544773362308,2.3698005245713016,1.6168086365309373
0.009193596281600115,-0.00495073148138936,-0.008088777602875215,-0.001290605934213543,0.0886469193198408,-0.11726626675112643,2.5000850321039287,0.8215817227850742
0.009225207729564802,-0.004945730089978469,-0.008097279538250872,-0.001240081838434154,0.09743467279083683,-0.08455290849420034,2.503413919753673,0.7880878172554957
0.009209249847364048,-0.00494833171734387,-0.008093149359733544,-0.0012656339070200304,0.09296110131559256,-0.10105672166588818,2.5018478038201946,0.8050171248893446
0.00915526069047275,-0.004944123739814579,-0.008063004269394627,-0.0013456065624502698,0.07844909612110605,-0.15908209368148238,2.4851822538705575,0.8588272308087452
0.009168094289150773,-0.004938543092741314,-0.008062704549854515,-0.0013235658983262006,0.08198220927846654,-0.14644250100423442,2.483920359554108,0.8443166688729283
0.009183437243868442,-0.0049342269252709015,-0.008064943561552006,-0.0012983600279394484,0.08616440466592856,-0.13094543320109267,2.4842400001414116,0.82761715369784
0.009141195813612604,-0.004940464395444049,-0.00805192775893125,-0.0013649991274994533,0.07483066103072618,-0.17457472270425137,2.4785397841894254,0.8721067838161943
0.009324113649636012,-0.004954254261793953,-0.008148331853993877,-0.0010907960114201092,0.1259116267165646,0.02272451024429071,2.530541955919199,0.6890313619830578
0.009301405223373218,-0.004948992941448985,-0.00813323570013646,-0.0011240547473914053,0.1191550936443019,-0.0026488287490887253,2.522039695787799,0.7110554560430756
0.009241993243639113,-0.004942879711711595,-0.008101332048204927,-0.0012131297571172,0.1021408769548642,-0.0672206175251089,2.50486085802917,0.7702629567813566
0.009260157508904531,-0.004941384962671049,-0.008107380461910665,-0.0011846120166383969,0.10724428834796429,-0.04816572025952782,2.507573707792736,0.7513738697331118
0.009280556927043361,-0.0049438398815454445,-0.008118758318996973,-0.0011542237314603767,0.11309505437185684,-0.02594527103306329,2.513770653177008,0.7311483119361691
0.009568169126069306,-0.0048618116249728,-0.008118150089740232,-6.809722437889211E-4,0.1948056337520965,0.26291530999159146,2.4903786878246623,0.42033387797066984
0.009631823105225952,-0.004875090200334924,-0.008147966823937458,-5.844610171305376E-4,0.21537155143170406,0.3341095099700085,2.5057160647343366,0.35808856413505064
0.009608640207356535,-0.00486479128287668,-0.008131055385843326,-6.185686671060837E-4,0.2072908370146961,0.30677870186361583,2.4959963298890497,0.3797632392526607
0.00958831543675554,-0.004862430266046473,-0.008123692557361782,-6.497522394091625E-4,0.20094443037082818,0.28453341875789545,2.4925691140857205,0.3999763301833044
0.009370138880235622,-0.004932505788257254,-0.00814014516985045,-0.00101089387630463,0.13912086883451683,0.06744242932702381,2.521235485133779,0.636964136105278
0.009353169641250662,-0.004936472642797671,-0.008138571516950258,-0.0010387758324510359,0.1342238467651393,0.050133196237846754,2.5215129071418425,0.6552086174733571
0.009335617501496836,-0.004932316346036058,-0.008127146047866156,-0.0010644843877795726,0.1289179773261198,0.03051240878116963,2.515101688382544,0.6721979189788608
0.00938009118205997,-0.004913660303197819,-0.00812178226466855,-9.886986826289947E-4,0.1415573874772997,0.0740738368492937,2.5078636091559745,0.6226024334634347
0.009397596970110682,-0.004891274202283325,-0.008101972637599887,-9.538485208271419E-4,0.14594968517032117,0.0880158231491436,2.492840532543454,0.5997881829763408
0.009541024583946622,-0.004860721135731475,-0.00811002568008923,-7.228475438736836E-4,0.18659377727974544,0.23375894531698901,2.486980552731009,0.4476908711399505
0.009439818459310717,-0.004876829393289504,-0.008099275654459039,-8.839998125770697E-4,0.15766856319680952,0.129817233975579,2.48760953395425,0.5537452696239878
0.009459086960010769,-0.004871458119347305,-0.008099118358954042,-8.526124824768962E-4,0.16303621861400733,0.14911759172151215,2.4859756740337455,0.5330428123655904
0.009481980163937524,-0.004866031011419503,-0.008099757094052805,-8.156612634277596E-4,0.16946631512013569,0.1722306695555003,2.4846014371751015,0.5086783763291044
0.009508129217448553,-0.004861473967947568,-0.00810201193331783,-7.739709422725428E-4,0.17687425957015157,0.19897761047474757,2.484073344520192,0.4812153069519041
0.009427893153431252,-0.00486426691972853,-0.008080997022327976,-8.982864470524935E-4,0.1536066325466495,0.11451486275657133,2.4759137373404547,0.5630879503362216
0.009410503482809238,-0.004863488817737045,-0.008074375694666005,-9.2463594082581E-4,0.14857484540825824,0.09595510009522229,2.4727067588604936,0.5805019479038275
0.009681055163290792,-0.004830780572570211,-0.008106541328494992,-4.988999344641772E-4,0.2257473887210568,0.37526074571890133,2.473283099894356,0.3000836406240061
0.009653541065881092,-0.004852794995314415,-0.008126641031172221,-5.459029124267102E-4,0.21977903632097615,0.3516568340018246,2.4893756379979144,0.33190596098583836
0.008786819937983567,-0.005089386068734853,-0.008013192649121372,-0.0019792149674059474,-0.018914572708443295,-0.5299340663352945,2.4824481931748204,1.279643567818588
0.008772256950795492,-0.005094330123934707,-0.00800861201007086,-0.0020038692169585507,-0.02236200754761127,-0.5449012436315823,2.4805162407405543,1.2963294137305013
0.008746587026408407,-0.00508483903003224,-0.007978969936114301,-0.0020339859514732577,-0.026392508609154573,-0.573031842436948,2.4609650743516696,1.3189210223242542
0.00876072700157056,-0.0050842098194819425,-0.007988496852912027,-0.00201323614947812,-0.023567070938235648,-0.5581436814072808,2.4666765248684164,1.304338187647569
0.008729506817266084,-0.005086045714988662,-0.007967828899489228,-0.0020592714504471307,-0.02974370914708091,-0.5909299462799434,2.454302428413907,1.3366533880266072
0.008790257644382633,-0.0050742573802762415,-0.00799794007192398,-0.0019635578081745844,-0.01663860624077506,-0.527860909871475,2.4707716637432675,1.2706415681958483
0.008804250411174705,-0.005064888539287828,-0.007996808554711394,-0.0019367702396203103,-0.012854754986924542,-0.5140110285395371,2.4685678229246615,1.253019844859805
0.008867402707619642,-0.0050524874776278084,-0.008025022634845226,-0.0018363753752123418,0.0017444267472143272,-0.44851177527449654,2.483270219548178,1.1844370355355254
0.008848099891217057,-0.005046098971601159,-0.008004803801150122,-0.0018603491483171633,-0.0019097653469105338,-0.46966386193564097,2.4702797150743177,1.2018569572279223
0.008830037981382283,-0.005046490516901575,-0.007993119117072034,-0.0018868304652512515,-0.005761428876412947,-0.48867836958115474,2.463378326385681,1.2202903690084081
0.008812796231269644,-0.005046866245613974,-0.007981795592231763,-0.0019119867788523466,-0.00937109312612885,-0.5067981786515389,2.456638119070931,1.237853168396854
0.008930832309652878,-0.005039653310850447,-0.008050506490422217,-0.0017345498735257209,0.01719511542736182,-0.38272617262802516,2.495812498601754,1.1154118383121496
0.008916881141423392,-0.005045322104682515,-0.008048437645607871,-0.001758790961610601,0.013537794724953053,-0.396809688661639,2.495613729424967,1.1315002383679658
0.00889928412966709,-0.0050435561205130295,-0.008035234196499631,-0.0017836960242846986,0.009611418793997338,-0.415772627579326,2.4876998531102283,1.1489309998164312
0.00887861090905855,-0.005035545801748351,-0.008012608054512703,-0.0018089028752934953,0.005648747507382323,-0.4386334715802466,2.473149581857393,1.1672843592692885
0.008935437811466345,-0.005020433985421728,-0.008030929904701762,-0.0017158722320469728,0.019730251250936682,-0.3804076461384897,2.4812569642485474,1.10458993784572
0.009055319212311114,-0.004979105048837836,-0.008052274303410848,-0.0015137361899722939,0.05131866922978725,-0.2593105130513451,2.485989741343422,0.9701004180427378
0.009094390587344688,-0.004982890824858915,-0.008077448476902812,-0.0014569866751091966,0.061136099713837995,-0.21724310207561529,2.5004762170688477,0.9313768520358581
0.00907385151126284,-0.00497882542209263,-0.008061907644621417,-0.0014857984849087397,0.056016280270177736,-0.23971025788420183,2.4912448418897593,0.9511681751591773
0.008962887363595639,-0.004998366272088479,-0.008021947705319587,-0.0016620154011757606,0.02765545447324574,-0.35427478027887327,2.4723051547267256,1.0697002215008296
0.008943270023799329,-0.005000896143243287,-0.008013060519470124,-0.0016923998607106556,0.022920285586421955,-0.3746317187824366,2.4676068057160094,1.0903591990113315
0.00897724316531752,-0.004987210662523199,-0.008017545997346503,-0.0016342548312297234,0.031776540717579904,-0.3406191828090603,2.4678626216017037,1.0516839150742117
0.008965856126523963,-0.004979246658957144,-0.008001646134978127,-0.0016462828910219977,0.029608644187162393,-0.3536439427860269,2.457363768689638,1.0606852152291504
0.009035752915519835,-0.004982558490219911,-0.008045550902042028,-0.0015448596395400836,0.046250052319373354,-0.27951082382920595,2.4828854245326615,0.9909932907398041
0.008994429682410059,-0.004984594823639989,-0.00802453308815653,-0.0016073689391700972,0.03602210662050026,-0.32285206029094243,2.4714027453061482,1.0334790756871568
0.009014177334444427,-0.004980766446730757,-0.00803139548902701,-0.0015759430281877499,0.04099948936546214,-0.3025533196673289,2.4746256388141084,1.0123234547671098
0.009109366776226438,-0.004965611846618225,-0.008065086994983968,-0.0014254763282076084,0.06575015085924618,-0.2041695695193124,2.490490609072497,0.9113307411682684
0.009121901290779373,-0.0049387306785711555,-0.008040357464585264,-0.0013930589888817334,0.0698645839428469,-0.19521885642779438,2.4719588905069876,0.8911552733957694
0.010127899551248197,-0.00482987663964513,-0.008130098591416406,2.0079459265575955E-4,0.3584015642725486,0.8513654158996798,2.4507693465171942,-0.15357269170926222
0.010084180996057658,-0.004815168115309958,-0.008115805486126613,1.3156477290375717E-4,0.34264440966478604,0.7995140677633864,2.4447229285538037,-0.11074053858654788
0.010107804008463514,-0.004812060326979281,-0.0081110053530939,1.6823577933122364E-4,0.3486784785967501,0.82342543459518,2.4391335201581237,-0.1348965433677973
0.010215517006824522,-0.004831028914634208,-0.008123047852164887,3.3804914378942583E-4,0.3833693626607148,0.9450315966237807,2.437488587150522,-0.24225429025778691
0.010188670179018313,-0.004825265805444952,-0.008119470776969335,2.9546198076785133E-4,0.37448837815517205,0.9142582797756883,2.4375161621311148,-0.2155444901461194
0.010156657096730894,-0.004818565916087769,-0.008114875472466943,2.448627154939184E-4,0.3639277383158616,0.8776957263143413,2.4373026030707154,-0.18372469194310928
0.010333677101770548,-0.004837446148194957,-0.008112269510191493,5.232923180894874E-4,0.41707854370970715,1.072950925039519,2.4180937441243224,-0.3612904606210134
0.01036395952143019,-0.004836149543056793,-0.00810487084440178,5.700706606986075E-4,0.42459799301752094,1.1042739049149157,2.409673079187375,-0.3918076682463653
0.010288977420528592,-0.004826912680033817,-0.00810800039342955,4.5196276624546555E-4,0.40235533958194053,1.0211357795757336,2.419516164778098,-0.31671754653891765
0.01031496705669211,-0.004812752750081729,-0.008087474916948065,4.89828375657096E-4,0.4054931892107077,1.0423806134562685,2.4021623346446073,-0.3435138470368782
0.010262805659218461,-0.004815723194237589,-0.00809924967268026,4.09619075384813E-4,0.39242428717799327,0.9888075208936106,2.4158670413173025,-0.29097300746213883
0.01023498520522132,-0.004808173761374965,-0.008094495829253772,3.654692581486697E-4,0.38303806937562146,0.9563897886155637,2.415230284712702,-0.2634388263381533
0.010417158200937814,-0.004823725765424951,-0.008079085863971535,6.494810918221337E-4,0.43452443881295727,1.1542917580652097,2.385431516641052,-0.4455095560895761
0.01051670733832515,-0.004814351457142646,-0.008042523929517062,7.98987743375234E-4,0.4554418019908057,1.2526944112541842,2.3478644997975144,-0.5444148606315821
0.010467984660076273,-0.004812108513030509,-0.008053352982221084,7.243598515882556E-4,0.44345259706418855,1.2014152907576034,2.3612370396376288,-0.49616619275306345
0.010489806047136648,-0.004794338791154517,-0.00802748211715401,7.527032225048133E-4,0.4432652122439161,1.2150414795574,2.3399831837795415,-0.5176020736818919
0.010441041436972567,-0.004799324678120171,-0.008045715354508091,6.801420019226616E-4,0.43329002033952335,1.1674316329098182,2.358657792901829,-0.4695176301758725
0.010385525491610464,-0.004810792321006276,-0.008071473163317392,5.980190322153849E-4,0.4229576971184243,1.1153008485221176,2.3832847915587245,-0.41420485633680265
0.010892778830676278,-0.004817351196526424,-0.007898692244166727,0.001354743532500126,0.529046084796616,1.6252104868056136,2.1939613179453654,-0.9049855975076629
0.010929078766549109,-0.004821924594478402,-0.007885452812508987,0.0014086473790403157,0.5361108590372726,1.6621549121665915,2.1788675961879296,-0.9390657606180045
0.010965253446859198,-0.004827648260414098,-0.007872807245292242,0.001462747890534945,0.5433476136881826,1.6994833249463108,2.164100972843771,-0.9729987383088016
0.011000987168032168,-0.004836404987710091,-0.00786298439876524,0.0015177001928839329,0.5512824711597607,1.7383421604251572,2.151324441688591,-1.0069247071465337
0.011036526921318337,-0.004848607514342741,-0.007856317553038466,0.0015742481959062098,0.5604768788496849,1.7795005524431666,2.140711288587903,-1.0413454745373925
0.010879775830047227,-0.004779142103124916,-0.007863192829982053,0.001317668019959026,0.5136820014541801,1.5874025352853545,2.16997888706687,-0.8870290843870395
0.010841447670292718,-0.0047761950036293195,-0.007878064518682767,0.0012620657057254086,0.5066690132159964,1.5499158249808236,2.1863181363872966,-0.8516091643682883
0.010797747761904621,-0.004773395786483165,-0.007894660344390026,0.0011985574934035553,0.49844069239592115,1.5071033889283547,2.2045307588274596,-0.8109911353731097
0.01106495134359,-0.004822013106444231,-0.0078109714509756395,0.0015981736669186417,0.5540024287321302,1.7843439170234159,2.1031976419809992,-1.0604468211345255
0.010574717794623899,-0.004801142382694506,-0.008010023473978447,8.823594104556002E-4,0.46430580673464744,1.3048164374651743,2.317382945573583,-0.6009549224648548
0.010601043631049491,-0.00477605844637485,-0.00797339224302142,9.133500709002764E-4,0.46217641570846935,1.317584241363894,2.2875094499372963,-0.6251841725264589
0.010700620641964854,-0.0047494030317932825,-0.007908247771680822,0.001049205631562215,0.473443588711901,1.4000620899353806,2.2274663667680987,-0.7178770715032468
0.010630028125752984,-0.004755511872535731,-0.007940757952876779,9.489733847956151E-4,0.46172409459370917,1.33497168207823,2.2601574170472656,-0.6516864743880236
0.010662152031960285,-0.004735008957594484,-0.007906794056321444,9.883476647028803E-4,0.4615239568009471,1.354737558080261,2.2313326886507228,-0.6804790515761542
0.01076484744819061,-0.004749616145202991,-0.00788271656730708,0.0011413873326511581,0.484989147906888,1.4613198006735608,2.2003047794348665,-0.777618917209966
0.010736862406178193,-0.004739004604252292,-0.007882613726957649,0.001097107712434161,0.47649311375086556,1.4284875256992746,2.2039824889284825,-0.7505245055785137
0.010722602931190164,-0.0047171968762342335,-0.007864530693310171,0.0010681390081774688,0.46732172878712086,1.4020400432960527,2.192695202810862,-0.7348921908656149
0.010543476325750247,-0.004787796151482285,-0.008004744323003398,8.314658269126571E-4,0.45340128913799,1.266198066087723,2.317210308302864,-0.5700021348930174
0.009921282224347709,-0.004809773303024166,-0.008109671312644019,-1.2253691810507666E-4,0.2942439776886528,0.6246236597932926,2.4550992734884294,0.05350539819011555
0.009893446726060864,-0.004809172549949473,-0.008107498263649761,-1.658435367169683E-4,0.28598451683498877,0.5948724410501486,2.4560166773141856,0.08159972751893879
0.009868852183394953,-0.004807346664700944,-0.008103737706249226,-2.0397132956407764E-4,0.278439618427037,0.5682070007761388,2.455523033306863,0.10623672794807867
0.009844623414427637,-0.0048227635787647175,-0.008119401662063626,-2.4298167106805046E-4,0.2736006829673779,0.5470771311827684,2.4685081382347147,0.1329503877722543
0.009820743136731803,-0.004830194288994762,-0.008125646676105063,-2.8102025480871855E-4,0.2675682026837824,0.523812854887534,2.4748561239208677,0.15828942320624548
0.009795764947830599,-0.00481483447104772,-0.008105312947801709,-3.1829278948672515E-4,0.2579155340705212,0.4928046832947914,2.4628571640293084,0.18127753703576868
0.009698826557353461,-0.004794351801088055,-0.008068069050285126,-4.6507321987724286E-4,0.2269261189821334,0.3846176719916477,2.44507035547965,0.27586388965029557
0.009733491333802911,-0.004795404566173594,-0.008074827818372389,-4.1198911335610036E-4,0.2370813066436944,0.4214542382655049,2.4468910979966805,0.24113926626635998
0.009766437100557801,-0.004802927325774358,-0.008088064042484714,-3.622625244263893E-4,0.24767639484826778,0.45834636754128094,2.4533433639838123,0.20910108901277433
0.009938714163838628,-0.00477941489816209,-0.00807578467474395,-9.429529551536807E-5,0.2940823239794859,0.6334618551740013,2.429815568765175,0.03208161515384069
0.009971073089647207,-0.004781975296084628,-0.008079557715157414,-4.44664436411261E-5,0.30377492795078637,0.6684073317298564,2.429563869699201,-1.75299702904564E-4
0.010060399286270345,-0.004798716810897868,-0.008097951966633118,9.390160540543575E-5,0.3324218259910878,0.7684430310896649,2.43433451784432,-0.08837408309080917
0.010027131645969925,-0.00478589144269411,-0.008084116616744628,4.2091673623501374E-5,0.3203978838539627,0.7288226265365366,2.427652828815009,-0.056152962846968565
0.009999533303310566,-0.004772056891773541,-0.008068579507181968,-5.321902659216273E-7,0.31002101310557534,0.6951044986145892,2.4192303980000265,-0.029893631903422695
0.00957686210660705,0.00485214218494464,-0.008109133558798628,6.651250219045123E-4,0.19664277022833798,0.26982954536851483,-2.483487758406774,0.4096478433636667
0.010244482304773258,0.004760772557120591,-0.008039542985798884,-3.737554016713757E-4,0.3740097804101718,0.9470022302587003,-2.3749119467496764,-0.27565146889297537
0.009603736992034385,0.00483934711131876,-0.008100686834397327,6.205092769899586E-4,0.2035562016149374,0.29528839109566357,-2.475493247770752,0.37996729666676715
0.010185318345050366,0.004753199500522699,-0.008037996642721921,-2.828507825801214E-4,0.35678125739228145,0.8825457295700156,-2.3797654358354294,-0.21724456998893388
0.010218659011881483,0.004734382018854472,-0.008013179411606652,-3.312802540961248E-4,0.3612127738368534,0.9096126799029901,-2.35867340191269,-0.2513045935895993
0.00973401587542019,0.004819763475650044,-0.00810271232257838,4.1485455759273157E-4,0.24021964451217528,0.4286011634964008,-2.466217744472642,0.2445603550476674
0.0097622522535273,0.004809166712335318,-0.00809463379475333,3.695706398845117E-4,0.24725283362871311,0.4556646624956158,-2.458253067496752,0.2142767674782513
0.009633179161930598,0.0048293819665194545,-0.008095634739317554,5.728031547972546E-4,0.21132425635110927,0.32407492478640393,-2.4696102434731935,0.34830855548245016
0.009662781245998371,0.004825996642073378,-0.008097661021841049,5.263356756845314E-4,0.21980221055963622,0.3546027656760047,-2.4685929249236094,0.3177630544559628
0.009677666299212226,0.004802808342161024,-0.008073964215413575,4.990516418605999E-4,0.22168985763467575,0.3644710778948796,-2.450917948908959,0.2986216505817363
0.009706600913266847,0.0047991869804050145,-0.00807487964056154,4.539437582645156E-4,0.22970011084287825,0.39408255018030286,-2.449167273502797,0.2688376373255262
0.010146369792179925,0.004765679430738697,-0.008055613516588138,-2.245510431179189E-4,0.34923264720062336,0.8467944491849532,-2.3961699064436104,-0.17760407786075516
0.010118042893248826,0.004787079012475686,-0.008081908207753284,-1.8256452571482453E-4,0.3461561116233098,0.8250730526603905,-2.4175734286534243,-0.14750255273669408
0.010080558600022304,0.004780288973962564,-0.00807622961373815,-1.2438581103221529E-4,0.3342695052504548,0.7832015216360643,-2.4171105220867415,-0.11047960460075369
0.010044120059639759,0.004780690074120049,-0.008077905191667413,-6.822422211334225E-5,0.32414534778103804,0.7450110222824159,-2.421694832492111,-0.07385055837312156
0.010017548740860431,0.004786579008107337,-0.008085013985607938,-2.7289835476580347E-5,0.3179143304934925,0.719007779530008,-2.4291495332910316,-0.04647800979017223
0.009996951532043333,0.004778393795678265,-0.008075768553885377,4.513768427068442E-6,0.31032302705630005,0.694525087574125,-2.424520218093798,-0.02663254855565571
0.009978370919276423,0.004789215975503582,-0.008087910309336165,3.330308581794738E-5,0.3072669489946043,0.6785015961751166,-2.4347561148053365,-0.006696723799877487
0.009952676306002507,0.004788358617721296,-0.008086404490272049,7.302129631157177E-5,0.2995706279542953,0.6510777487449868,-2.436011786327285,0.019087533244021276
0.009923777933972098,0.004796050085006828,-0.008094122963141,1.180464004896589E-4,0.2927051772102907,0.6229628691248377,-2.4439895238300307,0.04919079161270456
0.009793137802696405,0.004798143339372838,-0.008085954617123444,3.20416379701837E-4,0.2548660464096095,0.4852929421660083,-2.44960596236778,0.18136559214204248
0.009830787415200855,0.004791900855816219,-0.008082865758071487,2.6161129310196585E-4,0.2649326353728157,0.5233001412942148,-2.4442492318656295,0.14247094577959582
0.009902018893365533,0.004775776898155483,-0.008069974898646321,1.506196745391654E-4,0.283030759904393,0.5936546919109367,-2.4289783051682354,0.06852764640650749
0.00986953693424271,0.004773842081629664,-0.00806565628514975,2.004085496683671E-4,0.27344301562892287,0.5588409987199293,-2.428832889728533,0.10094191568308652
0.010527932604215114,0.004796364776715868,-0.008018994243572332,-8.106964445574307E-4,0.45261262440364775,1.2549185371867786,-2.329408764284192,-0.5550849300534838
0.010903732548700194,0.004821907440050764,-0.007898265510335248,-0.0013726094707106208,0.5324458968274232,1.638588924719487,-2.19206760597196,-0.915767489845429
0.011040982394930926,0.004846215728693872,-0.007851150497708806,-0.0015790746314925347,0.5601090221221298,1.781672024935682,-2.136268276249005,-1.0447827756188335
0.011014318704082957,0.0048114716039152116,-0.007828447627799245,-0.0015224211318732354,0.5441520794842551,1.7319376533404918,-2.124228478365692,-1.0136008231029519
0.010937248563877872,0.004807993379202729,-0.007865993317958233,-0.0014130056516325582,0.5323881235118751,1.659923697190017,-2.1635408097050264,-0.9439464511794978
0.01097593808817008,0.004800171876583548,-0.007837144128092182,-0.0014630180376063332,0.5349652707080274,1.6894661007810259,-2.136638318510519,-0.9772286380140545
0.011149283361696766,0.004815865310319692,-0.0077533596190239385,-0.0017086394251357732,0.5606992480527967,1.8515300554755683,-2.047413164410944,-1.1312185736027187
0.011078515465544425,0.004828931161931308,-0.007810476543704279,-0.0016208190969930483,0.5581676130620923,1.8015136864588446,-2.10057944739116,-1.0739062731978544
0.011114061546456212,0.004818038222678062,-0.007777420839257057,-0.0016626451402258385,0.5579577734511108,1.8236009523964654,-2.070760823713535,-1.1019090497850235
0.010688696696142051,0.00476167149641965,-0.007926298995715007,-0.0010366261059156724,0.4752988135112296,1.3955701331900359,-2.242142438251219,-0.7076863312251364
0.010632861889825193,0.0047798191969803,-0.007966736066165507,-9.61600165298942E-4,0.4698382717779848,1.3512851255324703,-2.278689782135217,-0.6560546691103725
0.010597949457245681,0.004777955852317838,-0.007976542862040935,-9.094099204064928E-4,0.46200721241905324,1.3156131397678796,-2.290124930158768,-0.6223905090134344
0.01056275167603715,0.0047839398992647044,-0.007994530994505193,-8.59055058034284E-4,0.4564754984674008,1.2836141396636895,-2.3074823925868375,-0.5886264353108744
0.010654506803748428,0.004747739245247668,-0.007923545823854296,-9.81882138288554E-4,0.4641925542446515,1.354428987881717,-2.24453256130085,-0.6742021122148146
0.010873098829555821,0.004799111468480882,-0.007888232013096802,-0.0013178325419255102,0.5196887735955814,1.5945296371143354,-2.1892347334473565,-0.8839758802089605
0.010839683452403085,0.004787234078507537,-0.007890964819952682,-0.0012646461876101715,0.5101668011381842,1.5554386323486222,-2.1959918314669755,-0.8515028553471209
0.010724981113313745,0.004754753420917842,-0.007904607815606327,-0.0010863845747355958,0.47954922198552746,1.4264613147707192,-2.2216053207002058,-0.7410949261092794
0.010771619676573795,0.004765198889591647,-0.007896930209062064,-0.0011576210007033037,0.4914457683320475,1.4772091469878197,-2.2097932517937964,-0.7856643849139112
0.010816914321216703,0.004757921301059013,-0.007869267906713993,-0.001218968478417367,0.49667114689265945,1.5151919472197568,-2.1834100504982756,-0.8263847725562795
0.010506274297878815,0.004769250937857853,-0.007994795685625384,-7.704901513561432E-4,0.4397333704754967,1.2190664400108122,-2.3142631454230234,-0.533166906098776
0.010285534563363896,0.004755316997892271,-0.008027411508100444,-4.3527266012439834E-4,0.3830923954494492,0.9871828856748454,-2.3620126367706153,-0.31657425104159415
0.010344285852284626,0.004749745493044843,-0.008010972463648723,-5.230166048314184E-4,0.396327433048873,1.045134211950006,-2.3439758999472122,-0.3746165200711779
0.010320088623780673,0.0047340257660062265,-0.007997808612517391,-4.837978464482591E-4,0.3864738146758247,1.013484979431543,-2.3370854288111107,-0.35115812401837315
0.010374204107721068,0.004747167564106183,-0.008002176639482007,-5.674699868318491E-4,0.40291590873869015,1.0745634774065278,-2.3343936748178677,-0.40406512303109426
0.010403411161245659,0.004740386545161371,-0.007988358229288632,-6.097165194653969E-4,0.4079317015440135,1.10111168141551,-2.321197599929398,-0.43262495799647044
0.01047347867761706,0.004768090289377713,-0.00800237345060025,-7.211570825139521E-4,0.43192994940149,1.185365120977176,-2.3235391545771837,-0.5012268547860245
0.010432943987043822,0.004752112903318549,-0.00799464342054204,-6.565239502734674E-4,0.41809027958135836,1.1365458398184929,-2.3224913228008286,-0.4614697830009718
0.0078853278497963,-0.005469198559067849,-0.00755121184841841,-0.0035243801818353707,-0.14094306485861102,-1.4816426525030078,2.200942549477136,2.3810487156260534
0.007872238806043099,-0.005459921528739216,-0.007524249940874513,-0.003526258582290536,-0.14307734179317277,-1.487837704934293,2.1822212610668967,2.379100432989872
0.00789957242995771,-0.005462577381044804,-0.0075622356531063585,-0.0035006641279529765,-0.1394897048639746,-1.4666080458893032,2.209218697009954,2.3635140157582715
0.007886497928483945,-0.00545328847584441,-0.007535365178538895,-0.0035026814300762803,-0.14324558647101315,-1.4729100908743324,2.190641549451627,2.361677867193856
0.00791383775538694,-0.0054560009805072595,-0.007573187635892843,-0.003476907386385057,-0.13847400984284236,-1.4515644790923254,2.2173900556476043,2.345889632513827
0.007900757954405863,-0.0054466674298990535,-0.007546350088202552,-0.0034790482576168946,-0.143454829318214,-1.4579351321447886,2.198930717712942,2.34418518097354
0.007928123681040953,-0.00544946942445865,-0.007584076658273817,-0.003453090560552567,-0.13870893747971424,-1.4364830374365383,2.2255052538647266,2.3281534156143433
0.007915046269101667,-0.00544005675179974,-0.00755723519348226,-0.0034553325198091868,-0.14334101615634662,-1.4428993599795656,2.2071021807229454,2.3266323721737083
0.00794243006186523,-0.005442982779307931,-0.00759490103340234,-0.0034292171491397045,-0.13996403017562245,-1.4213345903570829,2.233569310136482,2.3103687819735557
0.00792938694613372,-0.005433487338424504,-0.007568079828483031,-0.0034315483368933335,-0.14281862243936191,-1.4278125911252662,2.215175063934463,2.309062991107881
0.007956756752799629,-0.005436541110871046,-0.007605648945398957,-0.003405313158003076,-0.14091878282585246,-1.4061181479463787,2.241535263244085,2.292636038602642
0.007943778347033484,-0.005426997569079579,-0.007578920701083893,-0.0034077416107815253,-0.14208454829420278,-1.4127015478945812,2.2231646349029828,2.291522246372202
0.007971103608784268,-0.0054301444843724254,-0.007616308700477197,-0.0033814047730382217,-0.14019882815664206,-1.390867719820558,2.249344708139018,2.27500065081242
0.007958190408187007,-0.00542059660977209,-0.007589731558717609,-0.003383950735565575,-0.14153539224206999,-1.3975863152395236,2.2310644305443916,2.274011900950733
0.007985470484765413,-0.005423792964446573,-0.007626882837237822,-0.0033574865678643842,-0.1382874465686336,-1.375617770240985,2.256985732210304,2.257396934411048
0.007972591735693075,-0.005414249194141976,-0.007600440334442384,-0.003360165067283495,-0.14132876167680117,-1.3824609998220339,2.2388500892168044,2.2564823832943763
0.008014263716568458,-0.005411225499911389,-0.007647818229602383,-0.0033095212191303716,-0.13620137027168916,-1.3450961993236081,2.271947889664678,2.221951183608343
0.008015852577856362,-0.005395305945552952,-0.007631869369528338,-0.003288471416303959,-0.1399721346568635,-1.3368305066146051,2.261517611195248,2.2035820935968036
0.007999857235701381,-0.0054174866151396935,-0.007637383367940503,-0.0033335314652544364,-0.13669583375388103,-1.3603693866363589,2.264502262526284,2.2397251076791274
0.007986983970808815,-0.005407916545863973,-0.007611009913065322,-0.003336339279725446,-0.14117908555612138,-1.3673016545893104,2.2465128657037314,2.238892874108237
0.008001395789812701,-0.0054015939130867205,-0.007621468261389428,-0.0033124405225907106,-0.14075839268731324,-1.3520906611568397,2.2540637911950907,2.221248153662138
0.008017290573392621,-0.005378998307800568,-0.007615985759143559,-0.003267601387246613,-0.1351105084418063,-1.333044657248491,2.2458173096431118,2.1908714236089257
0.008031927572864396,-0.00537282909888889,-0.0076265128447599445,-0.0032436329626025526,-0.13448397418223942,-1.3177772337305187,2.2533316221565083,2.173315793081203
0.008033490391492934,-0.0053563430753806795,-0.007610357811189755,-0.0032225392243363416,-0.13260703083433098,-1.3126239673686044,2.2395124617034536,2.1583396846073892
0.008048099636460018,-0.005350375296324314,-0.007620858740929075,-0.0031989022141102985,-0.13183124122858966,-1.2975312859303083,2.246985895922302,2.141107590911694
0.008062634133027343,-0.005344191665248274,-0.007630891289705039,-0.0031750352883811576,-0.1309639432903927,-1.2824474740982863,2.2540319656265875,2.1237356705773762
0.008077348259539674,-0.005338110069782842,-0.007641093985784689,-0.003151016289521963,-0.13002690381133541,-1.2671952531896133,2.2611714351298313,2.1062595226887275
0.008035052996324713,-0.005339941163969429,-0.007594374341830923,-0.0032016606730819433,-0.13017217245600962,-1.3077747961840525,2.225542851652561,2.1440935867776183
0.008109153716515998,-0.00530974875296593,-0.00764588570979169,-0.0030818436028965516,-0.1254438708582795,-1.2316809769392263,2.2617400510949275,2.0572550383110735
0.008094002818060369,-0.005315103032159388,-0.007634760215287942,-0.0031055502128705735,-0.1264221633705659,-1.247131886652318,2.253897268612334,2.074462009667982
0.008079042233488602,-0.00532141833016432,-0.007624748405747482,-0.0031300484156769072,-0.12746074747839595,-1.2625456737781977,2.2469494590154855,2.092180037607481
0.007816257181085862,-0.005470764811086753,-0.007463601413844619,-0.0035983863144027034,-0.13874517048631416,-1.5417801630050028,2.1320075733397044,2.4335940066223416
0.007858914360133163,-0.0054503359072608955,-0.007497343691761165,-0.003528126220042002,-0.13900551242622564,-1.497711722448429,2.1580274006806737,2.3820204973527885
0.00784462661096172,-0.005457060059737783,-0.00748606623430713,-0.003551576943587213,-0.13889852573235864,-1.5124671765566822,2.1493739530647384,2.3992361499043464
0.007830426996631694,-0.0054639281277959134,-0.0074749043553673416,-0.003575052054907779,-0.1388078883482002,-1.527155219681755,2.1407782894317102,2.4164630611987703
0.007802766059671916,-0.005460984575772405,-0.007435913873034226,-0.0035992440109501866,-0.1371891620865808,-1.5497860067535447,2.1091700802584015,2.4333492939605788
0.0077884566388013035,-0.00546746090654562,-0.007423845228867594,-0.0036219685642159137,-0.13690875310804165,-1.5641785765798772,2.0996649166388828,2.4499059564477577
0.0077741172469172086,-0.005474146407027646,-0.0074118075243273926,-0.0036449160053377903,-0.13658727735590806,-1.5786184835326846,2.0901456863293344,2.466615229199127
0.007759859111843663,-0.005481113901282479,-0.007400018911525881,-0.003668077619808001,-0.1362325583639964,-1.5930467312837135,2.0807941082811463,2.4834831779982096
0.007745700737852357,-0.0054883074850408005,-0.007388445322376007,-0.003691368564788722,-0.13583583490806841,-1.6074360145290856,2.071579286735147,2.5004511985302087
0.008181623776760178,-0.005278971455160598,-0.007691289356666673,-0.0029618285879610645,-0.11896389089634625,-1.156668000744248,2.29220103774458,1.9707662190659139
0.008163902552054268,-0.005284528099035477,-0.007678339055508547,-0.0029891569262884164,-0.12039469522584799,-1.1747465411987077,2.2832625740553905,1.9905677516213596
0.008143807189377704,-0.005282681748105392,-0.007654454952741008,-0.0030111044319483114,-0.12082058142701664,-1.1938782812582194,2.265354053030467,2.007105785256908
0.00812450565461764,-0.0052856116840808345,-0.007636502051055253,-0.003037070669573813,-0.1217308838023216,-1.2128193325310022,2.252267079779974,2.0261179038396797
0.008111716903078141,-0.005294975035986707,-0.007632576232583293,-0.0030623909313344353,-0.12330826872369931,-1.2266238452616471,2.250253341929793,2.0440953132950628
0.008303491209369632,-0.005222299802520936,-0.00775409078393566,-0.00275259241994331,-0.1039975508836544,-1.0299465618792993,2.3310032602612254,1.821877890921715
0.008289802641118492,-0.005224589580418961,-0.007742973038718193,-0.002772100715272376,-0.10530343865899623,-1.043803450105463,2.3233704792409284,1.8360623381999914
0.00827453682304522,-0.005228688207776254,-0.007732171483560959,-0.0027953179375180093,-0.10691348658168882,-1.0593404355420866,2.3161364969589524,1.852768737704176
0.008332949786899127,-0.005206328544412813,-0.007765206170915609,-0.0026995169121566864,-0.0993986064408282,-0.9992627602242584,2.3368896478132757,1.7846534159379803
0.008315166337534327,-0.005210938071392918,-0.007752919689257535,-0.002726588124170761,-0.10147074738820484,-1.017399807221598,2.328777511923749,1.804089882878271
0.008379178413519527,-0.005169028632700437,-0.007767727220560656,-0.0026046768518604396,-0.09009472724166341,-0.9506828294725264,2.334042890729006,1.7196627642617628
0.008354475249136269,-0.005186760320269728,-0.0077640860398299,-0.0026531407460056995,-0.09485070834681046,-0.9764100350167545,2.3336895958013497,1.7529788107693867
0.00836154112907616,-0.005169841599037067,-0.007751925878969108,-0.0026279663691726823,-0.09180282214517897,-0.9683448047448459,2.3231072890554167,1.7366934311410056
0.008336549497429688,-0.005188577396319051,-0.0077488232581021605,-0.0026776743271422574,-0.09660309590677375,-0.9943963225200426,2.323183249058563,1.770805726075935
0.008243611276671236,-0.005240432800270589,-0.007713673312026601,-0.0028456352985083357,-0.11052858787820243,-1.091094538200444,2.304191847892017,1.8886942293193332
0.008229839836733331,-0.005248415361591556,-0.007708289453837824,-0.0028708301293146696,-0.11237294771229364,-1.105530266442399,2.3011913774074313,1.9064598278172362
0.008185412798212222,-0.005261936227357807,-0.007676500190423188,-0.0029390478951445073,-0.11640547826376513,-1.1506164263485352,2.279468668244071,1.955655209588213
0.00819922944690203,-0.00525970352405635,-0.007688699390371215,-0.0029199912207321533,-0.11551305848412889,-1.136897309089189,2.2881722149842574,1.9417490936094919
0.008212537881197173,-0.005248857716419725,-0.0076907180585294365,-0.002892418933796063,-0.1133597356362934,-1.1225369137076324,2.288460496263388,1.9224740307717043
0.008245251431077757,-0.0052203248771285,-0.007693091610103724,-0.002822975087600019,-0.10754960403904289,-1.0872648886350846,2.2870256972094674,1.8742843810579901
0.008261873723479236,-0.005215477040114925,-0.007704664680558187,-0.0027976277779470063,-0.10588293314387305,-1.0704904750697393,2.294839343061432,1.8560886006628927
0.00839533591963827,-0.005144243951700645,-0.007755182109965543,-0.0025608077156755653,-0.0849852899510881,-0.9333580570346377,2.3223084436561625,1.6908164926898472
0.008382962056519092,-0.005153090844257365,-0.007753491236240489,-0.0025848628195285156,-0.08744324824503931,-0.9461094943870492,2.3221859028085485,1.7072757290043206
0.007660953610652335,-0.005548858571212602,-0.007333290908452966,-0.00385345500055913,-0.13313333116633097,-1.7005036331877046,2.027284769610374,2.620336416124919
0.007646867624164396,-0.005556179181738393,-0.007320826508043996,-0.0038764457986684574,-0.13216391273596628,-1.7146988655547928,2.0169354116538543,2.6370766606373253
0.007632868522806755,-0.005563660632818053,-0.007308492550988951,-0.0038995034304307266,-0.1311532746606048,-1.7288386225761456,2.0066560567531386,2.653851798143211
0.007605193709345023,-0.005578763324167863,-0.007283972540149724,-0.003945295733477624,-0.12922348957627303,-1.7567763500132807,1.9860629540465815,2.687124455977187
0.007618994941606012,-0.00557122224286221,-0.007296264828380027,-0.003922484625865137,-0.13018248737985647,-1.7428649949387125,1.9964168267741196,2.670559521661044
0.0076750252623081225,-0.005541641297498949,-0.007345690145229175,-0.0038305391042794228,-0.1339673313167011,-1.6863030250168987,2.037533513068903,2.603627670187333
0.007689050274335686,-0.005534405986367074,-0.007357861240918061,-0.0038075606141675313,-0.13468337938181904,-1.6720782516310877,2.0475339034587403,2.586851019236786
0.007703091895447604,-0.005527138862402245,-0.0073698769048720055,-0.003784445192863414,-0.135340863398175,-1.6577804048156894,2.0573463378614405,2.569960065087064
0.00771717674989253,-0.005519876506960272,-0.007381808563656003,-0.0037612194667118047,-0.13594081425974316,-1.6434037420072478,2.0670326433439037,2.5529758239326568
0.007731613104752913,-0.005495664920906546,-0.007376984161283961,-0.0037147394188246437,-0.13539336997786391,-1.621791483225982,2.0624133477937128,2.517480578701003
0.007717547053420243,-0.0055031335988661645,-0.007365515695352229,-0.003738169336296632,-0.13489528301806983,-1.6361341992760232,2.0531939759086817,2.534550823575616
0.007661164050551581,-0.005532366436644819,-0.007317365553768982,-0.003830385860009607,-0.13217777743641412,-1.692871976034396,2.0138779592669693,2.6015015514480737
0.007550046640288171,-0.005641361619124994,-0.007264272635719496,-0.004083184874898775,-0.12380517215287329,-1.830282408870158,1.967076677333744,2.793927688070815
0.007536365792534447,-0.005633108807900179,-0.007235993534406009,-0.004082207157624471,-0.12643470029299594,-1.833461129346121,1.946920020827729,2.7875109279256574
0.00756375163943979,-0.0056336864604488515,-0.0072770541197647405,-0.004060361823778069,-0.12409601005121511,-1.8163544540532948,1.9781212248518354,2.7772636651660068
0.007550074530451092,-0.0056254020210323484,-0.007248814952595459,-0.00405951632109476,-0.128111300775402,-1.8196676136673984,1.9580325806329772,2.7710314629597614
0.007577480671187591,-0.005626054401169322,-0.007289776601490459,-0.0040374756824310245,-0.1258038433005906,-1.8023711855178337,1.9890801604753456,2.7604685476735025
0.007563801106074166,-0.0056177059738345796,-0.00726152774618085,-0.004036745695953346,-0.12956001037641396,-1.8057950846478599,1.9690169005237805,2.7544490707838523
0.007591233601480753,-0.005618465515670955,-0.0073024358732074095,-0.004014533957257242,-0.12833688595044865,-1.7883116119122155,1.9999549537869779,2.743610198964751
0.007577570329646551,-0.005610052348440969,-0.007274193961416612,-0.004013921844525131,-0.13058826413161542,-1.7918597338799713,1.9798965377986628,2.737827315285042
0.007591378952928686,-0.005602474155428828,-0.007286839354292842,-0.00399109121965904,-0.1315790482602612,-1.777881992953956,1.9906778472403677,2.7212027703426593
0.007522492064124406,-0.005624540795254201,-0.007207828004248097,-0.004081141058600652,-0.12180849783255447,-1.839165939780388,1.9207647150375762,2.785192848785637
0.007508741718038565,-0.00563225541838534,-0.007194757361218871,-0.004103585015148465,-0.12030768900913058,-1.8526894995179084,1.9093651978611053,2.8012826305949514
0.007400388652713852,-0.005712508366998269,-0.0071035408421209765,-0.004306988966081643,-0.10903014268393364,-1.9678485498558886,1.8291120499718467,2.9487355493037235
0.007400916079949333,-0.0057286111419663464,-0.007118872002752457,-0.004331709939139767,-0.1064559722564623,-1.9797502180056352,1.8374686555183013,2.9730062047122368
0.007386891910023706,-0.005720686602170438,-0.007089859613620217,-0.0043292628890717645,-0.10752545708768842,-1.980935662419906,1.816703919693234,2.9644420145557215
0.007387509904858334,-0.005736797506241736,-0.007105203168111415,-0.004354094439043821,-0.10232720333428595,-1.992889118815197,1.8247937016551186,2.9890350176280616
0.007374129498678272,-0.005745025956567024,-0.007091472509987808,-0.004376422221178735,-0.09858681323209213,-2.0059197079417292,1.8120459788202783,3.0050381492872056
0.007373446069240438,-0.005728965074578224,-0.007076193233106037,-0.004351564270671942,-0.10599322867131282,-1.9939877482544601,1.8042018290109774,2.9801656377798538
0.00749502552180855,-0.005640117033810575,-0.007181727273471884,-0.00412613296181357,-0.11872777819403015,-1.8661952735844156,1.8979548417001866,2.8174260236200297
0.00748137924772415,-0.005648108999447507,-0.007168773377907225,-0.004148735206776527,-0.11716014576818277,-1.8796549513576133,1.8865601068061457,2.8335912747139145
0.00746777598701403,-0.005656141256128251,-0.007155773235034774,-0.004171280835010034,-0.1156118031508344,-1.8930406520861245,1.8750675033124515,2.8496852518974474
0.00745416787604724,-0.005664135623992937,-0.007142586001423643,-0.004193689025718845,-0.11400368528049397,-1.9063373292465704,1.863352175951101,2.8656298111065968
0.007440567090390204,-0.005672119942061667,-0.007129255858246295,-0.004215990257270748,-0.11230240343493088,-1.9195479340987671,1.8514552152260542,2.8814486078364276
0.00742699760595152,-0.005680138314875296,-0.007115858273054804,-0.004238232131242154,-0.11055905363184375,-1.9326814847003042,1.8394426693164043,2.897186996926319
0.007399791793753841,-0.005696075834580052,-0.007088442882520092,-0.004282342116934817,-0.10684052153326938,-1.9586910906198989,1.8147009598047823,2.9282196610299542
0.0074134173808699175,-0.005688127783218418,-0.007102274719266493,-0.004260348568639155,-0.10877063968015466,-1.9457271955958333,1.8272080483616884,2.912781833727585
0.00759137512103093,-0.0055862429978997185,-0.007271451725559511,-0.003967954799525618,-0.12817620223046222,-1.770617305371302,1.9754540585077927,2.703548501235332
0.007360774994305903,-0.005753296411412851,-0.007077692858597517,-0.0043986726038796695,-0.09658981357667269,-2.0188730187901247,1.7992754501593131,3.020898316815463
0.007360062926973199,-0.005737312508924781,-0.007062532737745211,-0.00437384188084075,-0.10407314812323513,-2.00697417902883,1.7915970022567624,2.9958794994023568
0.009500446302145719,0.004850730802871298,-0.008087515524239808,7.827948754812274E-4,0.17395440099180712,0.1883851721993304,-2.4746611573858313,0.4868147131645073
0.00948217216744711,0.004863025881305936,-0.00809635892152407,8.14481109071065E-4,0.1693805921556674,0.17173378201503356,-2.482217012366913,0.5078860503604691
0.009412688458831388,0.00488991730876044,-0.008105517849708524,9.301145996040651E-4,0.15026362287715522,0.10379091961031175,-2.494072607984697,0.584132359594393
0.009390701914351386,0.00489490253356773,-0.008103787185012876,9.65727165115524E-4,0.1440351209668265,0.08146734554073283,-2.494630726931288,0.60757004582533
0.009368593626336305,0.00490158697419473,-0.008103698457228558,0.0010021584365731493,0.1378138116200526,0.05934049108031165,-2.496327600416896,0.6315524288973996
0.00945917665233641,0.004864242287421346,-0.008090849303703686,8.502542389726664E-4,0.16269486013838785,0.14759574464709943,-2.4802551987191315,0.5314517495966599
0.009429854518471023,0.004870863828365381,-0.008089213615080163,8.974179727566394E-4,0.15451250324560487,0.11792912502383435,-2.4814573376572837,0.5625797392071409
0.009273307166260495,0.0049136038144014845,-0.008080702613935729,0.0011528497191654011,0.11089732690502042,-0.039459322080212134,-2.4879833460252416,0.7311809227987826
0.009207919861364912,0.004913772524749616,-0.008052599069993662,0.001252031837982944,0.09300081904204761,-0.10859312741194095,-2.473599809898234,0.7974688164104453
0.009232135136571337,0.004908140009381004,-0.008056876037605618,0.001212997535472717,0.09955926678339053,-0.08402163179216124,-2.4746623603777658,0.7715405384040714
0.009253306508616102,0.004897064957524254,-0.008053271818145765,0.0011762545673603385,0.10533301777357107,-0.0636466333824301,-2.470443036716101,0.7473455049608088
0.009297247712840852,0.004904996676895876,-0.008080521001937601,0.0011128365088552028,0.11752004777823889,-0.01571332458827147,-2.4859465815514743,0.7047963992851899
0.00931525537606882,0.004887125278172389,-0.008067057359228417,0.0010783621886435097,0.12234874564448397,-6.222849077893186E-5,-2.475137001509961,0.6822737766220149
0.009341024559427103,0.0048841889045690545,-0.00807352223845382,0.001038019080962677,0.1295091367629699,0.02661117661431656,-2.4776034526013144,0.6555079062585861
0.009550980448903339,0.004831630009525883,-0.008079220630346119,7.00001020141161E-4,0.18735692415197466,0.23753386444151223,-2.4648852540911776,0.4318718292759702
0.009524545459709556,0.004841811010904237,-0.008083950919106445,7.43279887156409E-4,0.18045359930056074,0.21189458242967915,-2.4702749959862342,0.46062322104558545
0.009501601052333806,0.004828079802318794,-0.008061940395260429,7.746283699340551E-4,0.1728668742204072,0.18457946381204385,-2.4568316489478716,0.48100004251544765
0.009150959301347739,0.004920100708120446,-0.008033248376736466,0.0013404530113245298,0.07787018279839113,-0.16757008518984026,-2.4645576568469933,0.8566836204657384
0.00913328637769728,0.004918472482694145,-0.008022749591482838,0.0013660014647622744,0.07335257788725484,-0.18641284805088354,-2.4585516372190983,0.8740504628703464
0.009111232143658296,0.0049170842636416185,-0.008010148579541668,0.0013980303288806323,0.06780015208126712,-0.20976164564637254,-2.4513845927228393,0.8958403553696775
0.00908789251805334,0.004920188182095733,-0.008001745088324061,0.001434095194652152,0.06185484377505011,-0.23374352745602014,-2.4472945586772723,0.9201506702105339
0.009188620873250905,0.0048959057561237486,-0.008023316954897858,0.001272819189305468,0.08809326494826876,-0.1319042864881346,-2.4545161333922607,0.8122339729256084
0.009167541764637546,0.004908736090505939,-0.008028151475003699,0.0013102581069393878,0.08240322931941069,-0.15196169968272044,-2.459615747906881,0.8368863065897082
0.008565428761007582,0.005069840029031177,-0.007821009762959845,0.0022731215589412135,-0.05493480148662668,-0.761158649286632,-2.357882973771843,1.4915979081980117
0.008546522724509542,0.005075339759091825,-0.007811494837062065,0.0023028603398675715,-0.05823014300326539,-0.7802121048044173,-2.3522485680908116,1.512301596724411
0.008604503926909333,0.0050676954800845655,-0.007850374484411253,0.002218835464760101,-0.04890925379418262,-0.7215433031089117,-2.376930012930908,1.4529016052127532
0.008585099841848668,0.005066433270987135,-0.007833279445050564,0.0022439855568259994,-0.051687043822777334,-0.7412871260999766,-2.3655531762494637,1.4710980883411457
0.008616947798982486,0.005053196145430342,-0.007843972257557019,0.0021904204928351115,-0.04529181921423558,-0.7092145806353525,-2.3708374372823484,1.43436274976903
0.008661334817106917,0.005051000516201875,-0.007876184376224983,0.0021281994341740226,-0.03794964813805137,-0.6639816650409984,-2.3914149575277253,1.3902166986195257
0.008636360968346487,0.005050836919994293,-0.00785661550772237,0.0021622166588519402,-0.04196354793811372,-0.68952459730363,-2.378753646040653,1.4145017047967645
0.008450665816765962,0.0051138613567256585,-0.007771731389514946,0.0024619181834777885,-0.07517250715940367,-0.876961223390755,-2.3301262788892436,1.6225344379728337
0.00852618501207635,0.005080195533853522,-0.0077998327094618665,0.0023338673958729146,-0.06159635454223802,-0.8007013160899884,-2.345048518159811,1.5340537204317608
0.00847299651309614,0.00510394288102878,-0.007780458730212003,0.0024241119648879088,-0.07133029243923146,-0.8543716104471271,-2.334884258374267,1.5963369573907011
0.008495560411872384,0.005100780203698894,-0.007796612783080332,0.0023918276304117185,-0.06811650295905548,-0.8317123841310233,-2.3454366696290863,1.5733590133589335
0.008506182850428002,0.005083948890662606,-0.007786984143876461,0.0023633810516554897,-0.06463007092446087,-0.8207802519369919,-2.3368698625197313,1.554880990853552
0.008531934717705515,0.00506032373136633,-0.0077825623021100495,0.0023095647174758527,-0.05835688230748522,-0.7947762495584629,-2.3310173636634266,1.5190068160457704
0.008676280754116318,0.005029097337721788,-0.007862854098228856,0.002090985795184925,-0.032993835054676374,-0.6496529167297974,-2.379867553170868,1.3664369024800238
0.008702645683719914,0.005015724655185492,-0.007867554852340823,0.002044798652554179,-0.02709050271409269,-0.6233384002683281,-2.3810785159972867,1.335221368384649
0.008727143568384792,0.0050048880242409555,-0.007873330522606746,0.0020031118865560522,-0.021725210864962943,-0.5988657919383321,-2.3832783206237615,1.3069419897461623
0.008808742385680714,0.004972290801206685,-0.007893893731592312,0.0018668716742922737,-0.0034773686108929493,-0.5174184798030984,-2.3917126794736245,1.214522632801749
0.008780392115875708,0.0049836215852487155,-0.007887208593048705,0.0019142019882153268,-0.009960511125415147,-0.5456746856976463,-2.3891221610424545,1.2465630566147465
0.00875108013164521,0.004994072413301695,-0.007878366705615253,0.001962250149072152,-0.01629841173191754,-0.5750026130285533,-2.384989834990076,1.2792718466891202
0.008835084050561692,0.004961078611566034,-0.00789890574312463,0.0018224634006317323,0.002616032996413556,-0.49124171945931483,-2.393203749456163,1.1845328120387693
0.009062242457085565,0.00489659731556655,-0.007961477033712574,0.0014592614382621728,0.05650258502978872,-0.2636676290320789,-2.4204504472555235,0.9387769369419382
0.008862322654675944,0.004949732722564683,-0.007903933374928207,0.0017767544698120347,0.009037264861482458,-0.4642157639217112,-2.394651485665055,1.1536994493344859
0.008891261612133767,0.004941477671274005,-0.007913070717192232,0.0017306269603429576,0.015560992482548691,-0.4352279152364547,-2.3990058998144623,1.122359643398491
0.00892085444991808,0.004943477980337241,-0.00793369691021563,0.0016898000856268747,0.02181404422634729,-0.404579486573259,-2.4116975457955028,1.0938858719801834
0.008942956088146608,0.004923149626717099,-0.007924134052862164,0.00164595988287611,0.02787574973798446,-0.3838079293957062,-2.402920169884537,1.0651976975731807
0.009028307716448988,0.004892189914881097,-0.007938201516697675,0.0015059514176754849,0.048638595893999326,-0.2992512391588938,-2.4063197002863332,0.970997739904612
0.00899843304551817,0.004898752562230981,-0.007928951859447815,0.0015524958304059264,0.04152456322753285,-0.32928298575312415,-2.401972283542532,1.0025441826224701
0.008970377112348672,0.004909647475575072,-0.007925115649568966,0.0015988709368223856,0.03468416588684708,-0.3569780488575886,-2.401421930095509,1.0337173055347975
0.00842844451807431,0.00509945122928167,-0.00773587708040037,0.002477587731652672,-0.07567373908551177,-0.8984118883221136,-2.303749088466025,1.6357325975206118
0.008071540490158673,0.00526715602440297,-0.007557935392092678,0.0030775642576657478,-0.12006384578774622,-1.2589106615346566,-2.1913355745445746,2.057552178615388
0.008087057176031146,0.0052461997254446315,-0.007552948232717298,0.0030368065797130293,-0.11697705944197308,-1.2405622934550475,-2.1858498685900183,2.029200520953109
0.008120312050901564,0.005233360121768776,-0.007575639109287365,0.0029848953446912564,-0.11448665884774951,-1.2077114322285996,-2.201773574629033,1.9922499898350876
0.008101855311718163,0.005231540697722666,-0.007553674310849993,0.0030039840172859916,-0.11475875934239044,-1.2242629915759178,-2.185173664644664,2.006319668337854
0.008135790713017472,0.005216685513176884,-0.007574578619195156,0.0029491641210071984,-0.1117289559715111,-1.1905337031028684,-2.1995358048216107,1.9674825450788902
0.008277935331576817,0.005147129411875253,-0.0076460933631722185,0.0027097605572234955,-0.09532790695943975,-1.047719524590758,-2.2454606780615483,1.7992978761450809
0.008259459544654403,0.005159331901513514,-0.007640953810586889,0.002744158823098971,-0.09809048081491763,-1.0666472494826191,-2.242930005833811,1.8231128932009526
0.008297033827359518,0.005135454639648582,-0.007652174860771635,0.002675166129705432,-0.09227407896712846,-1.0283011561974293,-2.2486779047034156,1.7753136346863236
0.008154691185612132,0.0052003761893499945,-0.0075773629074587364,0.0029100226782859694,-0.1089458997816027,-1.1703649042747652,-2.2001765671561255,1.9402627744556182
0.008174209770103826,0.0051856793391809675,-0.007582249967071118,0.0028719678364862184,-0.10616500032043334,-1.1499954088622975,-2.202512089241719,1.9137915160853896
0.008197454027836072,0.0051756440314944755,-0.007595652256190031,0.0028344197617308354,-0.10382296534423355,-1.1269778307257603,-2.2115062665484513,1.887368009492363
0.008238862730792867,0.005148300504952754,-0.007608564200763746,0.0027577784118308028,-0.09796646339236899,-1.0846012173107125,-2.2184446989678337,1.8341121721602396
0.00821738035592158,0.005154761977456794,-0.007593800501115972,0.0027896844517649668,-0.099948384640934,-1.105448466127516,-2.208276239959169,1.8566757664613216
0.008319349570776548,0.005125293550429413,-0.007662736063069937,0.0026380950351703784,-0.08938949624542732,-1.0060260475614997,-2.2552208324075855,1.7494512226132362
0.00834197390121457,0.005122087885751327,-0.007680805985240786,0.00260718688409584,-0.0869470103945867,-0.9840357184368876,-2.2677015253020167,1.7273102808772454
0.008359233795325872,0.00510921629064926,-0.0076830726257982864,0.0025736821548765798,-0.08377033927138726,-0.9663515355176581,-2.268006258091932,1.7043782086393229
0.008406902294318574,0.005088327201163585,-0.007704249172153725,0.002494848365379929,-0.07657765339349568,-0.9187868712394748,-2.2806259877311454,1.6495252784579613
0.008382148636129056,0.005093748516910692,-0.007687540428914236,0.002530821083713547,-0.07969100841248104,-0.9430895049173172,-2.2695270183099936,1.6749747869091731
0.007998752524028633,0.0052834562640073045,-0.007492553785165169,0.0031766149098944626,-0.12243741404163534,-1.3277869868708205,-2.142676876331397,2.1287065124377667
0.008030410193815157,0.005268110856077742,-0.007512712624429644,0.0031244935770045,-0.12045589157555571,-1.2961887569052022,-2.1570051530865904,2.091678804675718
0.008012582304214099,0.005268192411542941,-0.007492556017640718,0.0031441051882220863,-0.12054382710146824,-1.311969332991823,-2.1416043179751494,2.1058565069478723
0.008046278613195923,0.005252320026784385,-0.007514099832685322,0.003089209741085388,-0.11824406154566923,-1.2785609340267088,-2.1568952799125376,2.0669257922564714
0.007189157369313222,0.0057082971977039584,-0.006773957836690553,0.004434405104687189,-0.07357460866419989,-2.067948359095252,-1.5427147991107562,2.9914636448492575
0.00713869289974603,0.005751158081049799,-0.006726392636311212,0.004527911728922977,-0.06432641423560452,-2.1154256129997475,-1.496751775402908,3.053558264011702
0.007152333527629292,0.005734301501949556,-0.006735712598708243,0.004494498770176163,-0.06708448352146353,-2.0990234078536045,-1.5069708944565787,3.029711431066872
0.007168438962719689,0.005720249015550352,-0.006750631606625763,0.0044641406838221015,-0.07003139220338139,-2.083674923008944,-1.5214572463316929,3.0094752265660314
0.007205326557570228,0.00568805796726932,-0.006783859374841847,0.004394288585054064,-0.07639799039290639,-2.048174283915596,-1.5534824540871304,2.9626186713644755
0.007113321738638035,0.005747761438767659,-0.0066842485274342936,0.004535317242258777,-0.06028688403370281,-2.1211996717819424,-1.461535435966985,3.0496796704826497
0.0063441038987137564,0.006417096448553106,-0.005671194077696585,0.005786849778522536,0.16311938721109384,-2.5869403598923566,-0.4472507450552801,3.6385595378165037
0.006395742544025449,0.006351154414941324,-0.00575113515301956,0.005680777536226061,0.14098959920429882,-2.5598324759807425,-0.5356122072287344,3.597191866093459
0.006355002200527861,0.0063964669463838775,-0.005687522610236911,0.005753040626584771,0.15663442362087635,-2.5763633139910653,-0.4690122732838105,3.620596089801829
0.006366954633816097,0.00637759594708174,-0.005705586105852861,0.005722361321292662,0.15055443103149127,-2.567441249524379,-0.49092953890785224,3.606042695741945
0.006381253519132907,0.006361417973766143,-0.005727816268951678,0.005696541611633358,0.14491620155822552,-2.5614259293069703,-0.5143125636930882,3.5974393307668424
0.006404748271018332,0.0063355187431534945,-0.005763944496033783,0.005654914558328156,0.13600783347569226,-2.5514440850258624,-0.5521121382652295,3.5833898678095104
0.006417014852462021,0.006322397606853104,-0.005782643629080433,0.0056336677678172145,0.1314179887568506,-2.5462220540563965,-0.5714901323010513,3.5761871976670645
0.006452577768693718,0.006305136849890767,-0.005840504882147266,0.0056071995949456615,0.12323602582620564,-2.546552731775662,-0.6210491598572058,3.584396847879805
0.0064338694096754976,0.006311276453565817,-0.0058094851847576975,0.005616167144298367,0.1268192942118007,-2.544192458395891,-0.5957934432238744,3.575941852985776
0.006296252031191864,0.006473744432893713,-0.005593380962844876,0.005875195099364592,0.18299365318192842,-2.604762210453273,-0.3646541732541089,3.6651412387572555
0.006304418734505152,0.006459276097184359,-0.0056064939263067584,0.005851944483145373,0.17807900298179838,-2.5983836898078767,-0.38124233303236865,3.654209999044049
0.006318033000094397,0.006414873619354015,-0.005625945363955622,0.00577812238884496,0.16486072080884487,-2.572039460441371,-0.4177201396495405,3.6067238659894123
0.006304880269233853,0.0064377974897338215,-0.005605505748209736,0.00581493546027414,0.17230605407941274,-2.582437723027048,-0.39208677140753684,3.6242791184142185
0.006251638680589804,0.00652043475070586,-0.00551818558675539,0.005944884600402282,0.1995682238470341,-2.6134860709208803,-0.2893811546899104,3.6766386040324686
0.006258608260178262,0.006504579426746258,-0.00552977007433184,0.005919309906098944,0.19432030145248644,-2.606076897855327,-0.30590089394662484,3.6632761894133177
0.006276072383228265,0.0064765619907710655,-0.005558633689370829,0.005875303274354098,0.18527105529957655,-2.5955464481460635,-0.3402470440152831,3.6452779893270546
0.006255679686986591,0.00648495272346318,-0.005523948510877606,0.005884743849881712,0.18907011733426662,-2.5900640125780288,-0.313178668195313,3.6326696386754285
0.006231880420637374,0.006524198699522529,-0.0054841396226988125,0.005945910470028363,0.20186031735957388,-2.6042614879070736,-0.2655968084255282,3.6572897965605615
0.006146648567574146,0.006600480409077589,-0.005336349586085919,0.006049789563277092,0.2285132211651673,-2.601980320548558,-0.13023080952533106,3.648206042734859
0.006185832950137954,0.006571945088345236,-0.00540461719141471,0.006014113517693633,0.21840580527846692,-2.6087460787810675,-0.188250061794941,3.6627169501572188
0.006196574768752051,0.0065481266395780455,-0.005423552304053844,0.005976665394049775,0.2107475240368237,-2.599217083463649,-0.21405349568618706,3.645099018469532
0.006212503848958303,0.006532778337343981,-0.0054509222665374375,0.005955113032514282,0.2054513610525397,-2.5984648643035264,-0.2398808980399166,3.6447305028129677
0.006157112519365581,0.00657098742682916,-0.005355675604164012,0.006003197401795596,0.21934542008374566,-2.589390319820124,-0.15973777726435315,3.6242879077718624
0.006075707024073981,0.006688167315747476,-0.005207249396143498,0.006171587712651521,0.25723639294947137,-2.607335468971747,-9.391549543754681E-4,3.6594778340334737
0.006063734936458238,0.006700789314017734,-0.005185227981065146,0.006187893396888256,0.2612682680560559,-2.606031621732581,0.019369838957324484,3.6575176915135272
0.006069539376368116,0.006669599588529879,-0.005199330522508618,0.006137785077329771,0.25151151660960275,-2.591583140110626,-0.00917588453402168,3.6285888281267376
0.006079965285863735,0.006658820860347584,-0.005218196626394531,0.006123818118158347,0.2480430100608231,-2.5925620733306336,-0.02643799541124015,3.6301419192665167
0.006095397042413212,0.006644694405299772,-0.005245784496505332,0.006106018070659274,0.24349483275677497,-2.594867571706875,-0.05073223149708378,3.634276709130262
0.006104088418957025,0.006621321702063305,-0.0052627190059178946,0.00606989134464005,0.2361797095592201,-2.586306167304578,-0.07512064476886111,3.617478178635714
0.0060065447770994975,0.006755257347331302,-0.00507978956993252,0.006253881449877262,0.2784791794493678,-2.593478711240514,0.11138687809408579,3.637288194549701
0.006014956088258677,0.006729830339873039,-0.005098667269153642,0.006215345255308647,0.27044485041414995,-2.5859047992229733,0.0840574327176412,3.62102489514714
0.006044577219026322,0.0066953791881207815,-0.0051538558201111,0.00617071748113936,0.25978213049202326,-2.5885443576314464,0.03215274181785728,3.6238801877679614
0.006026183528324351,0.006706229477574738,-0.005121448016466489,0.006180982122830891,0.2630378871649915,-2.5810656495039574,0.056207755591168904,3.610282925548517
0.006115192966406223,0.0065976731580711075,-0.0052833354466640175,0.006034089240703201,0.22885580448735085,-2.57894073656308,-0.10155026208626007,3.603240747541925
0.006761991503994345,0.006015921818500989,-0.006269520876666229,0.0050941208641124966,0.022544829877422932,-2.3753659251407644,-1.0592560967690048,3.362845611660394
0.006778751911273215,0.006001259014382733,-0.00629061876564,0.0050660869098304055,0.017758207098666257,-2.3640355349270235,-1.0805371247319029,3.3483300952981003
0.006796240263086996,0.005986838007222586,-0.006312792298815268,0.005038112904690875,0.012965232413840231,-2.3526492365585328,-1.1025788262427874,3.334120359139145
0.006814268960332691,0.005972037193130572,-0.006335417169902896,0.0050091653435327945,0.00797454619046799,-2.340669659568089,-1.1250089506051937,3.3191549408747414
0.006835485469717954,0.0059589913891622374,-0.006363957084082702,0.00498209500552809,0.0029611184674695236,-2.329696412349221,-1.1517781929380695,3.3075309343784665
0.0068568587876138565,0.005950556046851521,-0.0063949720756645125,0.0049622980291003085,-0.0017296411945951983,-2.3219819556461343,-1.1795278175621362,3.30231541861437
0.006878256089122989,0.005946387344794753,-0.006428237372372074,0.004949234802504831,-0.005781864180162053,-2.317251128028818,-1.2080649238661332,3.3029047678352383
0.006887158078686624,0.00592687886418455,-0.0064322061844151865,0.0049142575427118425,-0.009454926107511962,-2.3010142883256584,-1.2161095763737786,3.2764344729947124
0.00691652613067489,0.005906491633625694,-0.006469051746402534,0.0048713559500882025,-0.01647495446383579,-2.281939694180396,-1.2514693015371723,3.2540906052261103
0.0068985692728916635,0.005909520532048523,-0.0064412895290105725,0.004882130043594907,-0.013308110080699497,-2.2862887064839335,-1.2276901137163718,3.2539901569161804
0.006952072511689009,0.005875986809741334,-0.0065093379922678005,0.004809166253689747,-0.02533232203123062,-2.253411156622807,-1.2916755281533032,3.217178782421187
0.006928129101760164,0.00588670086963962,-0.0064766121454252,0.004835044355597881,-0.020474261480665164,-2.2650700535912076,-1.2621734481167353,3.2277540493599814
0.006955106885201027,0.005852111519304044,-0.006499984183151608,0.004769349553448727,-0.027786540459440612,-2.234690849921134,-1.2888342314476615,3.18325226482853
0.00697741755679509,0.005837540669728662,-0.006527114946123186,0.004737491149106405,-0.032691703036852565,-2.21993830346074,-1.3142745676315244,3.166186155983787
0.006997482072055219,0.005813693635047065,-0.0065445285962136834,0.004691397375206782,-0.037646603812555766,-2.1983539476079206,-1.3333084434509297,3.135247406355266
0.007017517167224476,0.0057934622907975936,-0.006563664401705937,0.004650990248853078,-0.04229353936938814,-2.1792550234698354,-1.3528951088658052,3.109090020012701
0.007038415421827927,0.0057771042261015116,-0.006586216434096642,0.004616193308337632,-0.04666109308834793,-2.1625977454759746,-1.3745209564337042,3.0881333053880193
0.007062979882758562,0.0057622855986004615,-0.0066151687830950014,0.004581939330359852,-0.0513600651332144,-2.14582384966368,-1.401185601766395,3.0690416220896
0.007082682589759146,0.0057384634788274725,-0.006630110648976916,0.004535582728309757,-0.05551588600050653,-2.1236716501092094,-1.4174260583001166,3.0371888327584062
0.006486817837860754,0.006279099575992202,-0.005893767813076608,0.005564437947739909,0.11288566262835871,-2.5380261956650743,-0.6717549794934361,3.5766463513014877
0.006463367082232581,0.0062839470594450685,-0.005854401518771997,0.005571407976178394,0.11690568024865619,-2.533562544212925,-0.640637719981881,3.56281464592043
0.0064950922657170075,0.0062588680719941866,-0.005903007595226543,0.005529862332492212,0.10718300178097341,-2.5244111334084782,-0.6873393537481726,3.5535264484047393
0.006520718251420009,0.006236525445419377,-0.005941222235657684,0.0054920917124733895,0.09896744372592918,-2.514389766281859,-0.725223900618313,3.5415712674016837
0.006503395501131055,0.006241008938994611,-0.005912645858043542,0.0054994059207018305,0.10202069059818011,-2.5126511670249805,-0.7019916591135378,3.5339387962865993
0.0066045205504965876,0.006148859256803558,-0.0060574493409651,0.005339871956344843,0.06936214377399302,-2.464294334552345,-0.8478136189777815,3.4729628153784744
0.006590036142758826,0.006162206265907652,-0.006037308372907641,0.005363465048301764,0.0740064068649081,-2.472064861288862,-0.8273075099152702,3.482920102847111
0.006571847001516649,0.006181097401373741,-0.006012432410866316,0.005396508361939772,0.0804037917859074,-2.4832241333214875,-0.8010766159329756,3.498144380695422
0.006548701620350485,0.006198976693903403,-0.005978394483499646,0.0054276471293367,0.08720520335969693,-2.491827176171927,-0.7682790302920347,3.507486023864093
0.006528891829237034,0.006215531744952832,-0.005949345502308458,0.0054561092780433884,0.09334493834223562,-2.4997147260370522,-0.7398848674394597,3.5166698053201064
0.006713701885288048,0.00603974231692769,-0.006199333456776699,0.005142866795470697,0.03403003623063511,-2.3915678167845895,-0.9956936099764035,3.3749616761459067
0.006723168198165728,0.006025929003241796,-0.006209119772349877,0.005118157576705146,0.030447585505658237,-2.3812034758860388,-1.0076678051496826,3.3592235169124876
0.0067365885053753466,0.006008596606663131,-0.006223744560476425,0.005086837846440693,0.02580065304336863,-2.3682423533263055,-1.024439326655041,3.3401857950466485
0.006699189053273299,0.006045688140439438,-0.006177574144058291,0.005155137008197857,0.037166510605646706,-2.3950095153365574,-0.9765603336956455,3.3762271991316055
0.006683824902790273,0.0060543061602344826,-0.00615545153223111,0.005171853904818943,0.04098540604245662,-2.400296217344384,-0.9564199437319942,3.380711676326857
0.0066699391152192635,0.006064826237917927,-0.006136474999028866,0.005191382692707815,0.04475670980385604,-2.407087783699406,-0.9381313770349511,3.3885388064488917
0.006654535735143722,0.0060757049080079305,-0.006114963968049351,0.005211551435212601,0.048857411439792046,-2.4137437163899853,-0.9177311721720801,3.3957246935765757
0.006638250414323902,0.006089892448500121,-0.00609308639437236,0.00523720095934779,0.053772198922351154,-2.4226793927807098,-0.895966802146039,3.4069250066580294
0.0066204529540410135,0.006110227136352022,-0.006070688593627845,0.005273149169946382,0.05996385141791387,-2.4360059071936324,-0.871694044960931,3.425808519076143
0.006598767943675981,0.006124328621574634,-0.006039135701410244,0.005298654578954338,0.06569270105135894,-2.443153202871985,-0.8425371939681646,3.4324187582695913
0.007428907035097254,0.0055513400274822735,-0.0070068341248087215,0.004046772182389757,-0.10610007555059832,-1.8574635568854805,-1.7525326190908075,2.7355656261557857
0.007394652589767639,0.005583116644873537,-0.006984048512683719,0.004117234845044768,-0.10284160379917558,-1.894329817485023,-1.7317297523168802,2.785513832478118
0.007407038023125665,0.005565627077250194,-0.006987385594487773,0.004083083456083103,-0.10388093491329102,-1.8775909780918612,-1.7355100637716745,2.7602350581862503
0.007373026662340592,0.005585798305042136,-0.006954719875013235,0.004136190983307467,-0.10010109789192999,-1.9074295343620964,-1.7068911091781482,2.7957006624576075
0.007359498642899517,0.005601150046241368,-0.006947495718256423,0.004167941371029751,-0.09860156082877744,-1.9234991097278615,-1.6997626356472566,2.818655049138754
0.00734261784477636,0.005606909620020213,-0.0069273143405537115,0.0041877741564369875,-0.0964452404802504,-1.9355147946932247,-1.6823350242329689,2.830607019784266
0.007324983971928732,0.0056174508201801724,-0.006909716871912455,0.004215007875389403,-0.09409599165373632,-1.950593480124746,-1.66670506600059,2.848458044574065
0.007447537124743175,0.005532657353694436,-0.007017558583360571,0.0040064316315897444,-0.1075916623249444,-1.8366198871737127,-1.7623536283477692,2.7067479928069798
0.00746597077312784,0.005522858928157095,-0.0070352836455062654,0.003978799864734413,-0.10939489948963703,-1.8206572043788278,-1.7775123059409303,2.6882661890140453
0.007495690344791497,0.0054884543000516435,-0.0070472237275182184,0.003907994105023813,-0.11086871890565213,-1.785014103232302,-1.788657108257634,2.63706715660965
0.00747673729561487,0.005504678015130548,-0.007034787372017179,0.003945100213986995,-0.10952344654485748,-1.8047085700358816,-1.7778115919861464,2.663146131441897
0.007596708058416205,0.005454753416012927,-0.0071557365558378916,0.0037804660642708275,-0.11911043199620817,-1.7042163713001681,-1.8788857408609518,2.5532266565850494
0.007601932411843153,0.005427843599530739,-0.007138330294963061,0.0037399068499584668,-0.11738486982135454,-1.6883813316633063,-1.8648029614195802,2.5222416238010696
0.007568686164257574,0.005456829945859241,-0.007119628877641489,0.003806527180796848,-0.1165714794081016,-1.7237188418530367,-1.8491507765315938,2.5693855817081723
0.0075427029034432005,0.0054632227056044666,-0.007089915676622981,0.003836287141884855,-0.11437545521648017,-1.7434720816531148,-1.8245423357503292,2.5886035530583715
0.007517216735621947,0.00547347501667919,-0.007063964569708182,0.0038705571904537003,-0.11228682692925561,-1.7643749682875154,-1.8029243368576842,2.6112452115871854
0.00790582139480196,0.005290331117410983,-0.007390950874477801,0.00328257794388929,-0.12176563629215478,-1.4088883793571163,-2.0642279294188133,2.204191507943614
0.007882179970529495,0.005295843356195505,-0.007368279460309257,0.003313133284735863,-0.12179198706198456,-1.4298990007065802,-2.046745594706963,2.2256766433935833
0.007679835736848876,0.005395939874745217,-0.007211801645900864,0.003630480667894434,-0.12132402194683001,-1.6207511120354745,-1.9246092599954923,2.447692846409416
0.00766109742065562,0.0054068916251841246,-0.007197501777869159,0.003661360840841218,-0.12086221112693739,-1.6386296251104213,-1.913093249019169,2.469230281775286
0.007643075650670062,0.005421891568499016,-0.0071876320453915935,0.0036968772685213474,-0.12062734745831309,-1.657699892686807,-1.9051269703675435,2.4944186544619735
0.00769900075869488,0.005368447968743127,-0.007210919850357324,0.003577822186863003,-0.12008300299371748,-1.5958531401363325,-1.9236038807705917,2.4096947278489025
0.007681747006394077,0.005370722664916741,-0.007190845312141641,0.0035961200425649264,-0.119108661692102,-1.6090336334990265,-1.907400944394056,2.4217584143012467
0.007713274803999651,0.0053562558332900375,-0.007217784467499961,0.0035493819106662615,-0.11996515899678421,-1.580744827065631,-1.9289760806958378,2.3896150033786365
0.007857923720377769,0.00530379112905684,-0.007346973096711615,0.0033469601398725683,-0.12186305592049258,-1.4519154580453149,-2.0303520230608463,2.2493730865338804
0.007834787839612127,0.005315137070937116,-0.0073300157757341155,0.0033835617918699453,-0.12224712064243516,-1.473968049504764,-2.0174240442586897,2.27505726928046
0.007813198124699742,0.005331375521925493,-0.007319366288628815,0.003424536757807579,-0.12310955941277323,-1.4963883591601914,-2.009575938776498,2.303980277157986
0.007759073757055418,0.0053589752621449535,-0.007278456689762978,0.003510637994497582,-0.12315872088693444,-1.5479363190511781,-1.977697766615481,2.364386400358532
0.007780730379579027,0.0053368243110370256,-0.007284363750636758,0.0034624178614397908,-0.12209097910533816,-1.523388508919217,-1.981864310512476,2.3300698338470727
0.007730888075088075,0.005341232910322635,-0.007226047632760046,0.003514330947275601,-0.11959692955998658,-1.5621609054555015,-1.9354003854478858,2.36494859500661
0.007922351743388163,0.005274326444903801,-0.007394451319917581,0.0032467442444278917,-0.1202643688534255,-1.390619593848679,-2.0661577763727146,2.178916495023127
0.00797575721566884,0.005276901214568479,-0.007459272682194215,0.00319379266274087,-0.12138110975813318,-1.3462393930921157,-2.1165182520624524,2.1413182736859553
0.007945771464707128,0.005259130734305036,-0.007406542741437702,0.0032048014633729465,-0.11872632663354955,-1.3669524115225622,-2.074736379427715,2.149438520666482
0.007620370575351152,0.0054100179538183295,-0.007146700872221387,0.0037006520843804905,-0.11768603378097385,-1.6680266469215435,-1.8717053387509395,2.4943079908026022
0.00724482298827657,0.005677773361267895,-0.006836436833165427,0.004355727957723669,-0.08269198453122073,-2.025341117102094,-1.5992071328062771,2.9432440449792527
0.007276250675822067,0.005660933994962143,-0.006871138344599005,0.00431112378278901,-0.08743034324992362,-2.000673772773307,-1.6303129466713393,2.91533508011339
0.007257660551185043,0.005661382141680531,-0.006843352765731056,0.004323141159359125,-0.08475033166149863,-2.00919451987119,-1.6067320336515682,2.919563876260719
0.007306452728028663,0.005627929710883916,-0.006890512952596975,0.004242566042335519,-0.09165882995025205,-1.965944177626527,-1.649628495550732,2.8662873934180726
0.0072888677366508975,0.005642575060695336,-0.0068757648451637865,0.004275607306807296,-0.08923504438794912,-1.9832782296860714,-1.6359166031427714,2.888958538671117
0.007221947696914154,0.005670514596079421,-0.006796130592539632,0.004358063040248757,-0.07913548878651229,-2.030013888669057,-1.56580429738834,2.9372791291224343
0.0059861950471718425,0.00680491731592709,-0.005035006090426509,0.006326936698816947,0.2941181547721116,-2.6039740729446046,0.16931086346715654,3.6618274774664608
0.005974178661488891,0.006827983102645395,-0.0050092919132998445,0.006359330009201392,0.3015436120064176,-2.606064991245407,0.19873770440883545,3.6683906592693334
0.005964830920236109,0.006778409918890641,-0.00500572603048442,0.006272528731035129,0.2849037814038589,-2.572989321434486,0.16341387690352419,3.600956332204397
0.0059757279034015065,0.0067527164538618385,-0.0050292545570267974,0.0062353715362464665,0.2770755182963572,-2.5681284854551705,0.13386501353100447,3.5894289460136846
0.005950137494712507,0.006833217502079931,-0.0049680280115084715,0.006355587014934616,0.3021972990703721,-2.5888377416669646,0.22153315975417018,3.6368027927642026
0.005929145610804693,0.006844042346997151,-0.004930529671877963,0.006362452405881478,0.30490455876863626,-2.5767218613354967,0.24633173288029067,3.6156078620816037
0.005910042338413465,0.006857780502617773,-0.0048953736418320135,0.006374800722042121,0.30839302634905463,-2.5672895186490696,0.27196058088202163,3.5999666540126847
0.005892421696249376,0.006874238906914879,-0.0048617897086731315,0.006392074450796256,0.31280352240427467,-2.560012727183112,0.29872092731215005,3.588875428231978
0.005875905381218072,0.006892836937441506,-0.0048292023468484435,0.006413107695794759,0.3178411903614871,-2.5542263068549365,0.3265026887774903,3.581037554732745
0.005861783269859823,0.006911327822658271,-0.004800327492087564,0.0064350108553709396,0.3228574341085213,-2.550023688686324,0.3525428867527352,3.576279085246991
-0.005820962260321793,0.0072548873301182615,0.004575135318717362,0.0069649255666632,0.442859716288011,-2.621980067660934,-0.7513746785767217,3.797706814138712
-0.005813599832007014,0.007240629827872343,0.004571467045981359,0.0069356179654669475,0.43330419954809113,-2.6128846064542457,-0.7326397035206601,3.773585993673868
-0.005812358765846111,0.007268029851185398,0.004553201430199406,0.006979284170324024,0.44784086349655866,-2.615582185235179,-0.7712250456958666,3.7903703097375026
-0.0058049136030157026,0.0072537837004002246,0.004549632669531693,0.006949937941617604,0.4364595969531841,-2.6066973820668653,-0.7522184271325907,3.7663839902537113
-0.005786796627480342,0.007307618648521541,0.004487233641807951,0.0070218794946383485,0.4576149064343447,-2.595652439518658,-0.830163513983741,3.7674441247478057
-0.005770848509170806,0.007306717883470248,0.004462216076556182,0.007006829700732635,0.4501085098011925,-2.5805340421769745,-0.8301921229744379,3.73623133874256
-0.005795275864055084,0.007294395642263588,0.004509239257222662,0.0070077684085344425,0.45605801945264796,-2.6023685804913894,-0.8106550378684444,3.775305202326164
-0.0057793184726232716,0.0072934816241105385,0.004484139997194876,0.006992776502383052,0.4463477074941599,-2.58732009617492,-0.8108375781712372,3.7440826979334276
-0.005803796605215205,0.0072811993325003505,0.00453122707001869,0.006993570951305883,0.45280211504625395,-2.6090185993157053,-0.7910087084396457,3.7829219145263653
-0.005787790608210695,0.007280234724953263,0.004505982957514289,0.006978567798481256,0.442678499221044,-2.5939314652173135,-0.7913514723023698,3.7516669175148007
-0.005796308604298229,0.007266991574458901,0.004527799004771796,0.006964261831752757,0.4394544153622402,-2.6003823296304183,-0.7717924080294961,3.759073966184253
-0.005754593159333161,0.007305569556471701,0.004437377177757843,0.006991801989124579,0.44801899974819165,-2.5623543496307817,-0.835299556505432,3.7030420225535168
-0.005746054463270294,0.007318768102789647,0.00441539719508214,0.0070054810471863365,0.4511697505576577,-2.55530337440917,-0.8542168102545723,3.6947156304748243
-0.005737581876618133,0.007332086332460378,0.004393354761825245,0.007019258518880358,0.4543829683362411,-2.548152770520767,-0.8731660767557535,3.6863249330614174
-0.0057044221540913835,0.00741380963656113,0.004284856633311068,0.007117006561608516,0.47549442400922,-2.520851002534546,-0.9827341892192979,3.6667279451846047
-0.005712364995121043,0.007427805204706179,0.004286981345067876,0.007145897080948388,0.4830416955561129,-2.5281833701292955,-1.003281360515734,3.6880729622695636
-0.0056803812644671365,0.007481886821520238,0.004196771904392461,0.007199247287629659,0.4978159738439499,-2.4938537280838062,-1.0785806869092325,3.648021093356436
-0.005664190325490141,0.007481595740231245,0.004172492850029134,0.007183547266975942,0.4885992913620126,-2.47906658106777,-1.0754948610215458,3.6175191669671243
-0.005688313429008118,0.007468328829897486,0.004219372539643201,0.007186024627310124,0.49495668464911313,-2.502707983714428,-1.059866668519685,3.6582552920947946
-0.005672109639732181,0.0074679740044601,0.004194999771491175,0.007170322094493013,0.4858851463863923,-2.487657661442501,-1.057069182585945,3.627618504906662
-0.005696288158021204,0.00745479580756053,0.0042419474956485945,0.007172721514620301,0.4911844962794929,-2.5114087478890332,-1.0410627983451561,3.6683257666543985
-0.00568007215562558,0.007454378690434245,0.004217464083511625,0.007157029449012864,0.4832397543134009,-2.496114000365527,-1.0385621173779869,3.6375499953777672
-0.005704305373048565,0.007441287888022464,0.00426449159784424,0.007159340985623317,0.48679429949433456,-2.5199186840937835,-1.022184370148034,3.6782635432634745
-0.005688110133354521,0.00744080852236234,0.0042399329890004805,0.007143695853952525,0.4807868124948273,-2.504461421176766,-1.019991053375313,3.647375215921485
-0.005696235489514731,0.00742728275522984,0.004262410864056315,0.007130358890633972,0.47831301658833975,-2.5127103785102194,-1.0013856356269644,3.6571168586480023
-0.0056963115486224946,0.0073996156906141345,0.004282831074042139,0.007088359407105197,0.4694785540289354,-2.5107741285896155,-0.9674386534829544,3.6429332151013942
-0.005704577266177201,0.007386171865081534,0.004305091753186615,0.007074935532169602,0.46668792837705625,-2.5186591750355043,-0.9488302174913228,3.6522199261583697
-0.005712752007738567,0.007372641712577239,0.004327185681170755,0.007061154874723388,0.46379477808717834,-2.5262468556817166,-0.9300475013409404,3.661009813169528
-0.0057209369918604,0.007359069776205395,0.004349230966203015,0.007047173418630257,0.4607524758359994,-2.5336422862108563,-0.9111303696650915,3.669517572354696
-0.005729207868790897,0.007345531735235152,0.004371290837765964,0.0070331727073216915,0.4575962232164292,-2.5409341377377888,-0.8921498597033556,3.6779318763523494
-0.005609035256531517,0.007550278577941053,0.004035655926606694,0.007233855108821922,0.4994232774129445,-2.4158244689979527,-1.1680151393616234,3.5319143806321853
-0.005616569271862544,0.007536496877296732,0.004058034980839437,0.007220862042848109,0.4969922846606066,-2.424933359409833,-1.150258831367782,3.54248174213185
-0.005624165432455746,0.007522670425804904,0.0040804539944624225,0.007207717249835828,0.49445014924599073,-2.4339329244589387,-1.1323367041850485,3.5529002401577094
-0.005578710817632892,0.007605328986422251,0.003945108919760233,0.0072840933526691345,0.5084548934994122,-2.3774658693993653,-1.2378012728744852,3.486766674199337
-0.005586278014583932,0.007591505137152919,0.003967898547037407,0.007271650718989672,0.5062641207324544,-2.38730487299874,-1.2204534709572277,3.498377237928562
-0.005593870349520227,0.0075777308690421485,0.003990601415584028,0.007259157054141621,0.5040056524357511,-2.3969928981913884,-1.20305143489999,3.509806170853595
-0.005601476273884166,0.007564009416875514,0.004013198974491992,0.007246607147486289,0.5017373792141168,-2.406518620455419,-1.1855974051832054,3.521031054842559
-0.005631878583279757,0.007508816298604468,0.004102978571547482,0.007194495329976861,0.49183145536279477,-2.4428792780047055,-1.114260718494572,3.563280976269612
-0.005639694321887163,0.007494957444664891,0.004125569368885799,0.007181214425603668,0.48914943091076407,-2.451754777969686,-1.0960594246295574,3.573601339179826
-0.005647576385533236,0.0074811490071383805,0.004148130688195823,0.007167921886171516,0.4864323651908471,-2.4605183307781027,-1.0778005391516292,3.5838087299432275
-0.005614877363247256,0.007508717566508866,0.004078068110356571,0.007178671172771315,0.48636577642544226,-2.425967116803067,-1.1140638135402694,3.5303418090549528
-0.005571090554295991,0.0076191724049919545,0.003922149114178577,0.007296365739352073,0.5105544966521435,-2.367399845593527,-1.2550473355126466,3.4748167332391815
-0.00554101605530639,0.007675186006171332,0.003829536946591362,0.0073452699768205365,0.5189432790279084,-2.3257811616339725,-1.3235383656013167,3.425553217805897
-0.005548382355254645,0.0076611559851689414,0.003852618889150643,0.007333080571498886,0.5169451651520274,-2.3362806509015765,-1.3065668862792734,3.437921400192231
-0.005555806351947344,0.007647093137294489,0.003875732241153228,0.007320753363529132,0.5148313468405837,-2.346683299254835,-1.2894266467264135,3.4501631094835656
-0.005563408031179651,0.007633077720694867,0.0038989712978653173,0.007308517232421684,0.5126627173762649,-2.3570926431169563,-1.2722329841052273,3.4625198435620597
-0.005456725505772304,0.007773707445769659,0.0036223922872921613,0.007393547205161528,0.5188760344532977,-2.2179638224888083,-1.4286457681109737,3.272572120228801
-0.0054650268681926085,0.0077594277689149995,0.0036471887483979976,0.007383150407620731,0.5177741529732849,-2.230247855994263,-1.4131748673703808,3.2879580459619757
-0.00549760325366837,0.007732835096999109,0.0037161699145600038,0.0073805605739021,0.5213293218021625,-2.2688884306213146,-1.3880813067012314,3.3477608057797994
-0.005503148823008977,0.007718859979833484,0.0037369450126611653,0.007367284984977016,0.5190112510304421,-2.2781859198517505,-1.3715610779613472,3.3575603944146164
-0.005473545529951345,0.00774659194436471,0.003670836225390953,0.007374733049903774,0.5170652831175605,-2.2421567980170933,-1.3993878826393378,3.303546437250938
-0.0054825336923167555,0.007735048867566319,0.0036938519137031064,0.007368381145802174,0.5168944524299818,-2.2540221394440905,-1.3871642549357825,3.319870532710417
-0.005523926953685654,0.00767547809059594,0.003805688522987467,0.007328782019361403,0.5128711687638106,-2.3094887080477307,-1.3203559568179273,3.3932714956926877
-0.005516119249624726,0.00768974798929675,0.0037818368156000387,0.007340628856808771,0.5146198915649735,-2.298424029259648,-1.3371246350562276,3.379929806222164
-0.0055100488426440926,0.007704520170564053,0.003759801173826665,0.007354738205974023,0.5170989060120981,-2.288732432469114,-1.3547525375734468,3.3696663772894055
-0.005314779773373309,0.008021606926757985,0.003187600491464888,0.0075517761882936746,0.5249417364318165,-1.9894148379677195,-1.6681634411795077,2.9831915057431178
-0.00530439622607631,0.008035856731216364,0.003159752965695124,0.007557125127896581,0.5236246445671576,-1.9737983993868211,-1.678963768993414,2.9617918395970215
-0.005293864297279333,0.008049708099626898,0.003132205288907276,0.007561709694632616,0.5221370695489217,-1.958251381333591,-1.6889834060590052,2.9402309742387343
-0.005286653236792174,0.008080404312318573,0.0030892732079465346,0.007588613021582737,0.5249549582555781,-1.9355019549772472,-1.719614342355708,2.917359559247743
-0.00528053180175778,0.008063209070608089,0.003101931649798236,0.00756277397265396,0.5192744620121824,-1.9408100131990695,-1.6968545859095345,2.914411666793758
-0.005318897601646879,0.007990528189156082,0.0032266556880782174,0.007520004736453153,0.520222858991897,-2.008869761967684,-1.6344136484444995,2.999594616818914
-0.005306811094918006,0.008004548226643036,0.0031972344773395626,0.0075236092324915205,0.5183375269036145,-1.992268269811585,-1.6444392025724033,2.9758874459185454
-0.005437807382342237,0.007773501374114915,0.003597892920704112,0.00737422627528473,0.5121146984265258,-2.2010111509094368,-1.4226121806523795,3.2388573401901932
-0.005343874663777716,0.007931917419255894,0.0033193406077970528,0.007476598054730968,0.5171634510310845,-2.0572897574338835,-1.5780338727755223,3.0559374845543554
-0.005336193447722539,0.007917301045357357,0.0033254896115998966,0.007451093134477551,0.5110644006029408,-2.057760355172307,-1.5575710120414998,3.0466618666484315
-0.0053109381163880314,0.00797513426916159,0.00323404981854082,0.007493662359292429,0.5140234287395238,-2.0103779086246534,-1.6128039327833936,2.9912540463796966
-0.005331262536466956,0.00794552347895844,0.003289795676054605,0.007479797048013313,0.5153479726231579,-2.040739626479272,-1.5881940374056425,3.0319275078843444
-0.005316137734852535,0.00796025396087068,0.0032561480913391697,0.007481571089153907,0.5127680404671362,-2.0217059608556163,-1.5982141669568026,3.003660658976369
-0.005427244870881443,0.007806580652864006,0.0035517518324237425,0.007406336349456789,0.5173141544046487,-2.1800305542522134,-1.4600336545468462,3.2181112921304544
-0.0054285855322995565,0.007790214298423282,0.003569636182482208,0.007386612568711218,0.513338186049996,-2.1870751459915847,-1.4403146301650318,3.2216898444062596
-0.005417237156750786,0.007819229733750155,0.0035263315579661036,0.007412362549293388,0.5169583324954728,-2.166543860149609,-1.472149152547964,3.1993992488392737
-0.005399883177818145,0.007829328374594732,0.0034941834804812105,0.007407563102248445,0.5133781835723287,-2.1476466701036654,-1.478358781241295,3.1683146046625357
-0.005340591611578375,0.00790341068662481,0.0033452707510401897,0.007438834177741579,0.5095558874411514,-2.0674929245999185,-1.5432716305017171,3.056808105221282
-0.0053488858355558,0.007887387760747233,0.0033718993916489297,0.007427827345605678,0.5089565486512374,-2.0811915616771137,-1.5279864255518307,3.073576592103258
-0.005385994051923224,0.007842100049579855,0.0034638765820232376,0.007409551875708805,0.5115965575540281,-2.1307884013981027,-1.4886931406382313,3.142982445032136
-0.005372332361546715,0.007856382096264103,0.003432409948907651,0.007413505597516722,0.5101345871132329,-2.1135149929919597,-1.5006310465582933,3.1178194630832796
-0.00535849935742347,0.007871544815296162,0.0033999018438775684,0.007418199895452382,0.5087656781355417,-2.095775197194364,-1.513223768482095,3.0923034236962397
-0.00584701988289354,0.007215622843988553,0.004640541975509483,0.006921519069303297,0.4344752340458878,-2.6398854572847443,-0.6918059672833493,3.818688672909225
-0.005831075532770044,0.007214436419322953,0.004614956633432414,0.006906802805353165,0.42586508046569854,-2.624818176972895,-0.6933151055920489,3.7873880169848433
-0.00585578784627266,0.007202589478660921,0.0046622589290226035,0.006906909300129636,0.4308686261563186,-2.6455630501952476,-0.6718263062966248,3.8252022858941004
-0.0058398237798825345,0.0072013542037165515,0.004636569595646774,0.006892213131410162,0.4220581439271844,-2.6305282443429188,-0.673513500167139,3.7938998162220545
-0.005864596707708679,0.007189583730102231,0.004683942616878035,0.006892222840998035,0.4264792889423569,-2.6511171606357022,-0.6517616892705509,3.831527970738739
-0.005848612917104592,0.007188292478498902,0.004658138882595757,0.006877546861953149,0.4185576642031206,-2.6360789322762486,-0.6536615036884791,3.8002311010280327
-0.0058734463785157995,0.007176605729088548,0.004705568539072583,0.0068774762316396116,0.4231378479958772,-2.6565193544164245,-0.6316596346901717,3.8376885291395695
-0.005857456656214291,0.007175271127470475,0.004679676858961992,0.006862844009103795,0.41497655835967256,-2.641474586375535,-0.6337846040054284,3.8064064854587225
-0.0058823367695001435,0.007163655606209029,0.004727147254990328,0.006862662208106249,0.41987281717785474,-2.6617789734086843,-0.6115068461419928,3.8436457477846697
-0.00586632979851857,0.007162279608978593,0.00470115037418897,0.0068480684839742284,0.4111560757456089,-2.6466975113887194,-0.6138608235395512,3.8123610480551053
-0.0058912677909604225,0.007150733491861331,0.004748697788580588,0.0068477676789742295,0.4152163714837794,-2.6668976317322666,-0.591274850659119,3.8494009549863555
-0.005875238725799981,0.0071493020032429334,0.004722575995237559,0.006833200722752563,0.4074913934568158,-2.651755371155716,-0.5938766917526711,3.8181057431327576
-0.00590023935268864,0.007137839516247016,0.0047702024123694635,0.0068328049284759355,0.4104393163621056,-2.671837009415516,-0.5709994824259198,3.8549999981986365
-0.005884219508797906,0.007136351103765108,0.004744003935056688,0.006818287061311631,0.40404647771153507,-2.65667757737608,-0.5738564990307115,3.8237216135907475
-0.005806017270257368,0.007226142601740082,0.004567788252484582,0.006906496150938226,0.42807480444298324,-2.60069226330992,-0.7198147081936391,3.7473677427877057
-0.005814855909841043,0.007213100151282517,0.004589508890118789,0.00689230297861265,0.42473306839009356,-2.6067159502504627,-0.7004240334133436,3.7544364470206664
-0.004775679166250004,0.010768587120186258,-0.0011576586107392636,0.007909535750320287,-0.0657121934778599,0.7310155593841481,-2.3664625696155954,-0.1000712681724698
-0.0048040833380614415,0.010579671180910221,-8.907014991650434E-4,0.008011622865918068,-0.014357479928787593,0.551980285884529,-2.4260045898236466,0.09985245020113
-0.004781783110861544,0.010552374979023183,-8.429070666144972E-4,0.007995185510417115,-0.008056606049186387,0.5196156636436783,-2.412517095217996,0.12421518469437613
-0.004784183942741655,0.0107343074139198,-0.001111635628713258,0.007933121758719422,-0.05681490217353242,0.6998261346789231,-2.381011511874142,-0.06376809485922186
-0.004801216425972048,0.010646343629036145,-9.890704409986533E-4,0.007985696024664304,-0.03287663256013989,0.6175461414698465,-2.4123121472285027,0.02980283367452554
-0.004795857065680631,0.010702808881047339,-0.0010703119271613304,0.00795859184643903,-0.04826728128664099,0.6719802674416852,-2.3969882189487435,-0.029605041641449788
-0.0047974261521504784,0.010671351626724225,-0.001024653291545144,0.007972318996987686,-0.03982055494715939,0.641334182353745,-2.4045743687146666,0.0032182989449339766
-0.00479051004309942,0.010617918873337384,-9.431821807251676E-4,0.007983691145439212,-0.025623243915573853,0.5867168824442447,-2.4089621599991173,0.05754171499986928
-0.004742920932238413,0.01074260958864016,-0.0011068501728792796,0.007884365451099008,-0.05969594161788655,0.6967919699837201,-2.346650755684047,-0.07799102231106987
-0.004820309207168952,0.01019265411211218,-3.0114974217853473E-4,0.00811331926869553,0.10011163567756223,0.16620376770429215,-2.469226779069775,0.5130713296806125
-0.004814027830602458,0.010222608568692478,-3.4701892877414905E-4,0.00810268193972339,0.09031123479137139,0.19541958588521516,-2.4640242526089824,0.4794228607923598
-0.004815404952868386,0.010164461113779293,-2.567432210862415E-4,0.008110507457542644,0.10766747019361202,0.13685553865329156,-2.465105995035389,0.5417946046573038
-0.004825067198015971,0.01004221449231482,-6.626941998276958E-5,0.008128531241353315,0.14517381216315003,0.014416960785776369,-2.4683485437512775,0.6754475743269285
-0.004824612273064273,0.01006913303209254,-1.0842797777611256E-4,0.00812719758682382,0.13722329683649062,0.041677511199217164,-2.4695119506117145,0.6464630194020212
-0.004826386812298944,0.010091616384707482,-1.4372661595830598E-4,0.008128242950002949,0.13095459322621386,0.0647626971898429,-2.471995030663286,0.6229226123806791
-0.004812498949866292,0.010139741074212776,-2.1800559375284576E-4,0.008109268282124648,0.11443667634565659,0.1113689184440807,-2.462337079661488,0.5673474079293594
-0.0048112568382216,0.010113714056255597,-1.7738999107340725E-4,0.00810967112039841,0.12184542465308848,0.08482915536139411,-2.460610906173223,0.5947665565431762
-0.0047861158408309,0.010177261405136266,-2.7379820661398835E-4,0.008075932304401392,0.0993615958467405,0.14500124345187723,-2.4417353917206834,0.5199705163117483
-0.004811513840611612,0.010251626004798042,-3.9168578359496925E-4,0.008095986055819378,0.08139739268403114,0.224287873474877,-2.4615060670169306,0.44786522946950225
-0.004812640162230123,0.010282632138725167,-4.3983970790942257E-4,0.008092660178548485,0.07235428166432711,0.2557791453525419,-2.4614779651786853,0.4151855866696909
-0.00482122722635731,0.010313763122466185,-4.894474839840234E-4,0.008097275145803601,0.06424025565627633,0.28881111175924973,-2.4669838010338236,0.3842181908828497
-0.004795159375074541,0.010389052931670258,-6.000315799941611E-4,0.008052918221708187,0.03927319346576943,0.3594615221694846,-2.4414621821186766,0.29830076687725576
-0.004764163671901552,0.010515098686099482,-7.82181188665568E-4,0.007986493149496803,0.0010425526183386205,0.4786095044605761,-2.4037484565503644,0.15968166887509025
-0.004765937018983845,0.010481594308059198,-7.327032613560109E-4,0.007997701189412442,0.010462201865846585,0.44572781139441514,-2.409270215709562,0.1949610140365489
-0.004767833440431215,0.01045034549405747,-6.863907148764837E-4,0.00800787620323676,0.019318195545389775,0.415041428396929,-2.414207084546845,0.22799520864896436
-0.004771786616532541,0.010418697688901832,-6.397412742825513E-4,0.008019924455979674,0.028546885670818707,0.3843170947258075,-2.4204173866872574,0.26197037815296764
-0.004801240060933063,0.010336858392418187,-5.214273909801902E-4,0.008070344498058074,0.05514144390294442,0.30825175332741717,-2.44985995121402,0.3548595361789933
-0.004785712768482397,0.010361264452798995,-5.557204020689346E-4,0.00804802734674869,0.046269538291842306,0.3297373107489432,-2.435999203813541,0.32542494375212117
-0.00494767943454679,0.009153531089893795,0.001349930430381294,0.008066248212153902,0.394032281712371,-0.8839236405651482,-2.3359260440392706,1.6824866758859063
-0.004938558533210037,0.009172575337233098,0.0013168029181856516,0.008064811640946605,0.38750481897378375,-0.8640888336698654,-2.3371875654693315,1.6566927936904816
-0.004925169696695307,0.009265351932165647,0.001169807967915168,0.008090720797749256,0.36715822652543034,-0.7703744463518896,-2.368054501398183,1.552204747489285
-0.004931188142736101,0.009192238942155411,0.0012836388617261227,0.008065480400668333,0.3815891912767844,-0.8438734450593744,-2.3400789329943135,1.6315445522921623
-0.004924214996504142,0.009213752499200966,0.0012479116785767573,0.008067215478039583,0.37542414978203004,-0.8218843507353492,-2.343995478396099,1.6048290298738317
-0.004917780850461761,0.009240109272432302,0.0012051137041830253,0.00807141429285669,0.36861278078820225,-0.7951465983037563,-2.35033722547684,1.5735394465015087
-0.004883663769004136,0.00966826527620895,5.287166454263181E-4,0.008165134606509325,0.26406405488977724,-0.3606216687881964,-2.4638064226235206,1.1004160106451861
-0.004879055780052497,0.009651180251486674,5.547969097566649E-4,0.008156475541844867,0.2670122396418624,-0.3784405636493543,-2.4559305333916637,1.1168162454968562
-0.004910466005161664,0.00928417945356738,0.0011349728795586286,0.008081511524624259,0.3582389620568976,-0.7506777290456911,-2.3631172653968306,1.5233958169842385
-0.0048986483493861175,0.009307165654920346,0.0010951852268256679,0.008077105126621494,0.3496743084235087,-0.7270713158342818,-2.362331286063032,1.4922876398536358
-0.004901464897664842,0.009347178420014696,0.0010350408081959304,0.008095683944900402,0.34323861865362004,-0.6870843489966316,-2.3808471076259674,1.452339808363927
-0.004892032485091477,0.009328088527592242,0.0010607091089776476,0.008077612192653813,0.3433548680948028,-0.7058595797614154,-2.3650206687859816,1.4665939235868928
-0.004888653518207863,0.009370610272739931,9.94412394812163E-4,0.008089455479856794,0.3339652370975834,-0.6631575786831574,-2.3786013386717415,1.4203522967205642
-0.004884799267254173,0.009392705211020634,9.591400413148985E-4,0.00809278546213261,0.3282879650942156,-0.6408931634417464,-2.383445241864564,1.3950599457352022
-0.004869306683122576,0.009402436902776697,9.389211166514835E-4,0.008078296984604123,0.32091621394602865,-0.6308260764401081,-2.373524310857615,1.376164719200549
-0.0048651043203023665,0.00942110758218101,9.089457386624632E-4,0.008079702326851778,0.3156751227094899,-0.6121046068175265,-2.376532991444097,1.354397143060744
-0.0048891326710446366,0.009538208119138464,7.346706857150158E-4,0.008142069622601585,0.2979420857705986,-0.4934097021991891,-2.434964521098674,1.24309668167715
-0.004882992614994469,0.009510835705092504,7.757661595389191E-4,0.008127549915914063,0.3022916798465944,-0.5214541373881891,-2.421507160054818,1.2692476537487545
-0.0048756633600030306,0.009485171896947402,8.135494108832833E-4,0.008111751050157429,0.3055464080282468,-0.5475764461287637,-2.407155888112055,1.2927004638668576
-0.0048582880989808605,0.009443399341343951,8.726136546754053E-4,0.008079056929214921,0.30870777295009116,-0.5897147690716417,-2.3783545943031115,1.3274236889600495
-0.00485143430289902,0.009468637795078538,8.318282947716894E-4,0.008078981998842364,0.3011156754736457,-0.5644339793962407,-2.380897282089831,1.2974383659132889
-0.00487540282842602,0.009615479170096164,6.101972176205461E-4,0.008144788094768611,0.27488888346596535,-0.415182880360944,-2.4440944240925115,1.1535878830471018
-0.004863908129100816,0.009638405173003331,5.718070936504229E-4,0.00813636800859517,0.26568973434625054,-0.3924926260694897,-2.4399610963241005,1.123775858940421
-0.00485074251968567,0.009595178195273087,6.363596804653916E-4,0.008111781626535095,0.2722937272816984,-0.43703036740429585,-2.4178041457147867,1.1638180248219412
-0.004871004625752329,0.009553183759207263,7.065900823349556E-4,0.008124969576965775,0.28858016376440654,-0.47878026742157376,-2.4236260183046454,1.2181453891392222
-0.004859226731160623,0.009571982027546637,6.744056315502908E-4,0.008116061003522829,0.280411148764017,-0.46015856131436156,-2.4187835290010864,1.192460006145641
-0.0048706559950041075,0.009685485320782547,4.991401077475242E-4,0.00815323028967789,0.255724735747112,-0.34399164307672825,-2.4565549056078164,1.0761544378165302
-0.0048602165932358195,0.009707839129557876,4.621554924620144E-4,0.008145021070188758,0.24688655347531197,-0.32198583055841756,-2.4524855462518356,1.0476308904662364
-0.004853652392897385,0.009732891464477112,4.2174166431620496E-4,0.008141432711423506,0.2384691621674553,-0.29698281556804057,-2.4520409898453015,1.0179593858975229
-0.004853094588626075,0.009762710647175035,3.747843575892411E-4,0.00814507291712921,0.23041560279033838,-0.2666546247746883,-2.4572733702163787,0.9856946936578134
-0.004849196850167689,0.009820565599930895,2.832388846577588E-4,0.008147454344841246,0.2136746899636929,-0.20808047491103263,-2.4638908413913807,0.921956297593575
-0.004847516268332956,0.009793343243503169,3.2589774958493765E-4,0.008142516554768373,0.220644496361472,-0.2359882572543193,-2.458034984277646,0.9505827765634484
-0.004831290019843089,0.009833595270698749,2.61005140554932E-4,0.008128127013716565,0.20561143787646596,-0.1966547296312411,-2.4510315931194593,0.9011515048598573
-0.0048292535765332425,0.009853599496759844,2.2949908160384863E-4,0.008127574024863944,0.1996453568337031,-0.1765715142306319,-2.452329962271048,0.8789831696833811
-0.004825043485504647,0.009878401018286784,1.9035496942188606E-4,0.008124642976699794,0.19178525719116413,-0.15185735766298528,-2.4523023181401906,0.8508920599614099
-0.0048212914937748865,0.009905326626021897,1.4801197286749506E-4,0.008122014613099205,0.18340659359810194,-0.12498360603823462,-2.4526583662852985,0.8207662105015164
-0.004822047091170307,0.009930401861287009,1.0882708154002717E-4,0.00812407260695507,0.176574397963425,-0.09946771101881752,-2.4561977592862014,0.79421207710033
-0.00482733134617777,0.00995274088722182,7.401210893480358E-5,0.008130898284135222,0.17142386214545124,-0.07613537733680865,-2.462889743872104,0.7720999399857545
-0.004812882603526497,0.009970519320138314,4.5871315042174967E-5,0.008114740279036246,0.16331563040839384,-0.0599246754261722,-2.4528131396205546,0.7481872315894865
-0.004803873240928475,0.00999478550839406,7.970019563730117E-6,0.008104706047923684,0.1546276998750168,-0.036509562788021414,-2.4476474522515748,0.7193001484098925
-0.0047984035420647565,0.010023029979196057,-3.589600647158034E-5,0.008098360427977127,0.14556891327480972,-0.008687466548181475,-2.4454233722227507,0.68744841191518
-0.004976933674172033,0.008997100362325528,0.0015990039359874912,0.008017190980292096,0.42573062424597247,-1.0415392655596856,-2.2769273933783505,1.8609735758318238
-0.004966091690590503,0.009017425507870136,0.0015628522481713118,0.008016255106367208,0.4190409307861434,-1.0199536226770087,-2.2791504344783573,1.8323705816522258
-0.004961847981228695,0.009059634212922036,0.0014979585330095538,0.008034601854906917,0.41246429896124964,-0.9782413688586206,-2.2992229032371903,1.7874466964679847
-0.004959417940440618,0.00903935742384503,0.0015267320159599183,0.008020767323174858,0.41375819735117075,-0.9975872895459571,-2.2857391603878443,1.8055892204914599
-0.004948456833209323,0.009076839009555799,0.0014652333339771671,0.008028334767307228,0.40481643145475,-0.9594373442706486,-2.296719605677253,1.7601151103967894
-0.004943232165551643,0.009101921764055916,0.001425169430756421,0.008035370770921231,0.39947889402617537,-0.9342499944793835,-2.3054805793725457,1.731284140671059
-0.004934560321674607,0.00913037052545348,0.0013783044313469713,0.008039746371074019,0.3920723216963943,-0.9053117278159747,-2.312560401276739,1.6965551664358838
-0.004963990165090125,0.00897373129676439,0.0016257673600775994,0.00798873789632804,0.422658838197142,-1.0615533787640816,-2.2514924180955465,1.872955743502331
-0.004969905473241067,0.008944637888852792,0.0016716233025416765,0.007978200074084722,0.4278214221093704,-1.090345939332187,-2.2389681247242614,1.9055665836492353
-0.004980077272295733,0.008915106375270269,0.0017206323688680818,0.007971767850442887,0.4346732276933106,-1.1204562740906374,-2.229382725126193,1.9421367316883553
-0.00494219546878529,0.008952536362078507,0.0016435964481749646,0.007951351196925895,0.4156360022748366,-1.077067872576514,-2.2196630363209295,1.875030837491374
-0.005033291936236063,0.00878153657587445,0.0019472553824124194,0.007944412220324479,0.4655884656358466,-1.2586604664391106,-2.1851971711195453,2.1139496617947695
-0.005030746644040674,0.0087982361285427,0.0019217279963265443,0.007953133539508397,0.46374513825910046,-1.2425403882602064,-2.194964929198185,2.0964322422373542
-0.0050279192712485935,0.008814572525102008,0.001896453073595993,0.007961118399100783,0.4617454021458062,-1.226593829235162,-2.204052862279895,2.0788483670441376
-0.005010739013288965,0.008879750482763847,0.0017912009341192242,0.007984608284912773,0.4503696585074661,-1.1609985107584004,-2.2334075214431155,2.0024670389381325
-0.0050169303087830635,0.008858705635375394,0.0018256570989279121,0.00797804380582044,0.45446192660688317,-1.1823719327903708,-2.2247958536762074,2.027785572686821
-0.005025281157341466,0.008831029176948283,0.0018710704452157348,0.00796924582517648,0.45969529251896596,-1.2105440957116274,-2.213230764640563,2.0612598341241735
-0.005025200398208781,0.008845917817091393,0.0018495797095230315,0.007979120773271026,0.45885361809827996,-1.196568388200413,-2.2234291092520295,2.0474150460756997
-0.0049819499538195176,0.008884968404298222,0.001765222319411852,0.00795493886728317,0.43769023088463027,-1.1490529840779586,-2.2115929158611505,1.9718076187668558
-0.005036961616241625,0.00876471405619758,0.00197368075318591,0.007936727733259851,0.46782075766306036,-1.2751653092825503,-2.176146378300162,2.1325745286855082
-0.005075553352709316,0.008670358472467546,0.0021346158011345674,0.007911060365822883,0.48674479654908026,-1.3732252561857043,-2.137298532870103,2.254548192488684
-0.005041919031011407,0.008747473928261763,0.0020015670492924127,0.007930046926832086,0.47054394774944636,-1.292404445934851,-2.167713529241713,2.1527712699599033
-0.005048334129651052,0.0087282523472132,0.0020332658367740505,0.007923402035917376,0.47386720873448346,-1.3118779466673807,-2.1588381567381103,2.176120350465796
-0.005063945290167769,0.008688312090876444,0.0021007592608085954,0.007911483688151507,0.481448437719221,-1.353057312844128,-2.1415334802610713,2.226856866556521
-0.0050555732203690865,0.008707971039048494,0.002067030595189576,0.00791668584070658,0.47748025180074843,-1.332566283690147,-2.1496012423580546,2.201194460699059
-0.005064685384599216,0.008653914415886118,0.0021489707876045645,0.007885945233215579,0.48203915292216654,-1.3836798341655827,-2.1149616622489344,2.2566036831684415
-0.005060091874349949,0.008633122360131355,0.0021738840262286916,0.007864488797425849,0.47992639682887445,-1.399943623152759,-2.0944652959674754,2.2687274338630417
-0.005063806222491896,0.008591021008853603,0.0022338889452605294,0.007835087723991366,0.48102998675839875,-1.4372061735156203,-2.06309377442891,2.306446978189678
-0.005059675386423344,0.008611953369718707,0.002202321015277165,0.007847257102470277,0.4796787632070605,-1.4178996664159718,-2.0769012734782337,2.2853386794122943
-0.005042398298430706,0.008621896069883324,0.0021751793848761034,0.007835723362916634,0.4722198867690491,-1.4026550555037776,-2.0708472981246007,2.258615126414831
-0.005049834148870528,0.008565482464483699,0.0022566064740682447,0.007798675496774341,0.47456729503276474,-1.4526356339451074,-2.030605693406305,2.3106600927663163
-0.005242065572098594,0.008197370481877301,0.0029036111550072626,0.007667275328778568,0.5259391055689987,-1.8318475039061142,-1.8208393589110343,2.7969775938716417
-0.0052384756136715106,0.008182172242032578,0.0029180127063853757,0.007647313277094156,0.521999425139057,-1.8393479412337743,-1.8022195626009772,2.7992349913966934
-0.005271709548872675,0.008093635244384513,0.0030574815883563857,0.007587322557392529,0.5212377657628147,-1.9169369895785133,-1.725783521442615,2.8889222823373006
-0.005258071114980629,0.008107045717849001,0.0030270502331303383,0.007587504461600894,0.5180474428694621,-1.8993000277346432,-1.7326747740215127,2.8625978692009926
-0.0052260847550238635,0.008168755463746983,0.0029207764087848943,0.0076196813819969815,0.5149295634980184,-1.83954718145478,-1.7800665571955487,2.7874158339709116
-0.005236791967035789,0.008154811464771528,0.0029485466209443045,0.007616389944230797,0.5173009001083877,-1.8555196528414897,-1.7717795326412147,2.809711416607257
-0.005239922681144437,0.00813682711288091,0.0029729012500267905,0.007600449248657681,0.5155656292381475,-1.868753263966905,-1.7543251500033648,2.8225347422337435
-0.005247663296898259,0.008121405090639782,0.0029991397126469606,0.007592048606446639,0.5162755488208967,-1.883435412321193,-1.7422451334925528,2.8408360014467138
-0.005230487873175482,0.008225857945178166,0.0028570753391357734,0.0076842935686276745,0.5251759831490711,-1.8052097206111457,-1.8435154787051566,2.7651961146905326
-0.005229689463251757,0.008209040181059167,0.0028766068966947743,0.007665941003003251,0.5222158316880458,-1.815948376743616,-1.8251808018581825,2.7728456996702495
-0.005213108303808037,0.008238755101063224,0.0028235001862249517,0.007678473295739354,0.5194390994917937,-1.7853203850005033,-1.8453376278306306,2.7332015930046265
-0.005053390328010199,0.008533318125368236,0.0023019357666546722,0.007776009262857015,0.4751776280657333,-1.480231815657911,-2.0063892648882686,2.3387607256153227
-0.005060108178767519,0.008503703351792504,0.0023462331940960084,0.007758419865675734,0.4768437720689041,-1.5067552076234338,-1.986306131294764,2.3679678451707926
-0.0051952032633980835,0.008254921738147174,0.002785616812292493,0.007675298397069233,0.513881919962382,-1.7631133118590803,-1.8499383548531643,2.6991298398307975
-0.005076258811597408,0.008474795286340974,0.002397561839262884,0.007751312749962296,0.4825045213929674,-1.5368552584447532,-1.973462270876574,2.407234435195346
-0.005085127308986159,0.008445344309574235,0.0024431870795830427,0.007735184228080469,0.48462013794469133,-1.5638173172773089,-1.9539939368248278,2.438153205480312
-0.0051787911413730525,0.00827281055746136,0.0027473244512377366,0.007675316112792843,0.5091155694167243,-1.74081049536858,-1.8569169969943504,2.666437117982673
-0.005166306694054802,0.008295192876288625,0.002707537421768972,0.0076838217677650585,0.5063338811835082,-1.7178047909602336,-1.8707325904592749,2.6366661483516203
-0.0051510467875854485,0.008315587629912954,0.0026675206769549305,0.007687040630100345,0.5020591447349688,-1.694575544780833,-1.8802154042791,2.604339180835884
-0.005098856306437365,0.008421903537047673,0.0024853698282067543,0.007729286244377226,0.4889637922584282,-1.588484530128764,-1.9430288792691124,2.470624768610579
-0.005144188070313371,0.008358436980987852,0.0026075420310809564,0.007720519604578153,0.5033741205130201,-1.6597739793662074,-1.9168576004425641,2.5690562752122994
-0.005143812143532404,0.008336732878704548,0.002634345376774472,0.007699472818755839,0.5010594635132081,-1.6753767525593923,-1.8956654525354433,2.5820771535356766
-0.0051175386975970145,0.008399785633752955,0.0025304774982091347,0.007729699768525318,0.49538630295631114,-1.614737293481497,-1.9364570097762448,2.5083746683552497
-0.005127501277246792,0.00837474315855531,0.0025713498034214406,0.007717478756474842,0.4976113911121937,-1.638640132179096,-1.920287364006186,2.5371874733284994
0.005208805103618263,0.008034346002836217,-0.00305381727421696,0.007455952248769495,0.48670467179525984,-1.9047446778138755,1.6272678376915637,2.817371807283508
0.005212507518076369,0.008003733317752485,-0.003090761815139611,0.007425646147777701,0.4827466430408301,-1.9228304204865483,1.5966510771687155,2.8328720932180107
0.005216397923156227,0.007975031464857849,-0.0031253734394480035,0.007397267515717684,0.4791718831532868,-1.9395008394796676,1.5679223121258554,2.8471902248571723
0.005221309796485912,0.00794608208215433,-0.0031609526141973886,0.0073692425800805815,0.47561218487095486,-1.9564611785086965,1.5392551275193191,2.8623650759141177
0.005229790323854315,0.007915888148637206,-0.0032014494768648227,0.0073428706407435125,0.4728169186800466,-1.9760151411380458,1.510604732039071,2.882311702826598
0.005183128772801985,0.008085618158358595,-0.002969738285416759,0.007485666099166051,0.4852121975993507,-1.859666096145421,1.6675423185144707,2.761885936510008
0.005179598069844155,0.008106730561548408,-0.002942479556305147,0.007504667844930609,0.4872734861808664,-1.8455087166688755,1.6874789507621695,2.7484440094050058
0.005167473056470911,0.008124134409644138,-0.0029101164748129367,0.007510610051438293,0.4850115986235875,-1.8275389846730012,1.698588351502498,2.7242842604935738
0.005159976716742656,0.00814992614135272,-0.0028730932930005944,0.007529910989527359,0.48586924630041833,-1.807675884517035,1.7205439568826766,2.702736541951675
0.005161647654844902,0.008065304294183787,-0.0029688435729030255,0.007441939468860125,0.47429507008944366,-1.8560600607102729,1.6352602775549492,2.739735390384936
0.0051794049956177856,0.008041641833695599,-0.0030136335142898186,0.007434195199866553,0.4772760137182428,-1.8804989505164638,1.6200144566405523,2.7730062221763205
0.005124877304001011,0.008159858301282833,-0.0028255269931867573,0.007503907693805372,0.47374612289763496,-1.7796587614960784,1.7100480559201865,2.6512002751233728
0.0050561905337922555,0.008346647302162735,-0.0025397850643048806,0.007614530243378067,0.4662354899128375,-1.6206634118709555,1.84429813003116,2.466371046003094
0.0050460880276196945,0.008371884253431336,-0.0024998621125409287,0.007626994331089608,0.46388538974460974,-1.597916479068699,1.8601996917189736,2.4391830348314483
0.005043761449401875,0.008402012201941202,-0.0024607633009070813,0.0076517495201698085,0.46507774815461805,-1.5754026978196902,1.8854419387442263,2.417732274258839
0.005011230255225929,0.00841559633986474,-0.0024151186054453236,0.0076292610271174255,0.453028308881027,-1.5495937633362125,1.8746618994878472,2.371612045665661
0.005014454448596411,0.00844856749775134,-0.0023771352343009435,0.00766150730038133,0.4558399898679662,-1.527360822989175,1.9052862374729085,2.3539980855618317
0.005019027796034024,0.008484068372689226,-0.002336417056624423,0.00769691646447969,0.4593689013249627,-1.5031141776548596,1.938762237501184,2.335263491895807
0.004993506452048443,0.008509555564898096,-0.0022825999881308317,0.007690903300318419,0.44982271810501223,-1.472329154686162,1.941390124734891,2.289596802567409
0.004938628850272025,0.008632669228257775,-0.0020804967091613362,0.007729933053278308,0.42964902973352087,-1.3540370210162906,1.9975859372758136,2.143294300007532
0.0049730900062854464,0.00853378672116785,-0.0022349829869982175,0.007688986373787443,0.44252909182579064,-1.4450709298788846,1.9461437328285098,2.250806544557399
0.004958161278273626,0.00856122647085399,-0.0021879361884639043,0.0076951674478134375,0.4369808152022982,-1.417811844077833,1.9570543623432342,2.2157401228591245
0.004940653258193793,0.008595392055912442,-0.002130305756076612,0.0077033931557606225,0.43031352054603295,-1.3842585584819846,1.9706735336636552,2.173057004642997
0.004908216043293895,0.008711822474688387,-0.00195409498989836,0.007755499428872263,0.41629927561299246,-1.2791517621624366,2.0323115517150008,2.0529547861948814
0.0049193643082370035,0.00868095511361594,-0.002002885058094196,0.0077451917883775,0.4214820793896265,-1.3081163699393816,2.018685869845886,2.0875396012026655
0.004868435841176629,0.008725614677212178,-0.0019077300290203643,0.00772245127528091,0.4009298836824189,-1.254576178869369,2.011539381211824,2.0056494971831964
0.004905844833465845,0.008650826654338062,-0.0020322104308950453,0.007708374208591007,0.4167830585239182,-1.3274145430128952,1.9864434294460571,2.0977142289189334
0.005079997655049321,0.00830602683012436,-0.002611019495345795,0.007601615618179638,0.472225945994253,-1.6611808588174777,1.822762945551135,2.5190585458720895
0.005050957270364027,0.008320211705826157,-0.0025666911810947554,0.007584444665945086,0.46204950916133347,-1.6358314036460626,1.816760955350375,2.4754839515121865
0.005083399350646934,0.008273272217188488,-0.002653221358656366,0.007573818882673801,0.4704531343671689,-1.6847262327177936,1.794263457616162,2.5414366398379724
0.005095618927405385,0.008235034498939243,-0.002709937524927716,0.007549273065316143,0.47138353904494934,-1.7162254994418193,1.7656809523040613,2.576974766504238
0.005097526814699775,0.008203718717827999,-0.002747963708813873,0.00752017766281063,0.4686179432020348,-1.7366897633336384,1.7367559750306045,2.594995946546535
0.005102930213276155,0.0081796469071498,-0.0027807963858106736,0.007501537734721411,0.4678301233090928,-1.7543770082731414,1.7166723081119462,2.6133660061471953
0.0050924988149657555,0.008160482182293536,-0.0027917809885298116,0.007471503017545134,0.46183949008602293,-1.7591373196036275,1.692123695421857,2.6086141223765646
0.004838307309273032,0.008825657342256227,-0.0017550497501611986,0.007757541933337935,0.384854365839796,-1.1631843790422816,2.0550624367247496,1.8994450353881582
0.004840332131475937,0.008796325024136525,-0.0017953913232371527,0.00774052419823406,0.38737117424116363,-1.188014441337157,2.0376418937884546,1.924885727215727
0.00482456496134846,0.008774118589437776,-0.0018141432575577772,0.007708910710797918,0.38285513956070527,-1.2013234982870817,2.011109284405514,1.9290459084602383
0.0048279915287113475,0.00874243712201642,-0.001857758449484152,0.007691078635482293,0.38545660276934934,-1.2278504228971314,1.992613159850545,1.956690750369807
0.004735794260654676,0.00947866355563844,-7.825998580251356E-4,0.007951418885056289,0.26332812512902065,-0.5525080170204778,2.2870045010764355,1.226938112960066
0.004689467493172747,0.009512268978968797,-7.20572077189809E-4,0.007909582953791879,0.2435854645261157,-0.5188806389781436,2.2598353844885923,1.1703284167897994
0.0047514717820267205,0.009413913160683964,-8.825261543689726E-4,0.007948921096781749,0.280576618514152,-0.6152769751971968,2.278012747008401,1.299513795255211
0.004717064531547784,0.009438766858509638,-8.353005858629646E-4,0.00791869694773588,0.2655578781735868,-0.5897662630971849,2.25844354031451,1.2565594526446409
0.004685152711602741,0.009667204460147802,-4.931858210624799E-4,0.007939971406680395,0.21014601843730704,-0.37041085254052925,2.2983776097928508,1.0143537140263927
0.0046836981159193046,0.00962248265282374,-5.585157912878852E-4,0.007929567537913072,0.2194145755795458,-0.4134938042426379,2.28617959557296,1.0584597931305948
0.004688618806599313,0.009579275607951092,-6.228019914036347E-4,0.007925447617451719,0.2297833802270359,-0.45490569918873947,2.2786846437211086,1.1037045223932032
0.004653397157649908,0.009547790421409855,-6.599498488964207E-4,0.00787925928924675,0.2268367058128195,-0.4843672680985254,2.241337470659605,1.1181454150217451
0.004829505849793556,0.008891805338543803,-0.0016604343982476852,0.007789623949865502,0.37729049513539076,-1.1047299857206616,2.089587277875305,1.83694398310054
0.004800722693475516,0.008853149219903116,-0.0016945005579916547,0.007734738560152136,0.3698603508597496,-1.1296984049692558,2.0434886634236182,1.8458668425797404
0.004789532555991116,0.009074000151564478,-0.0013866781711364586,0.007848442583309563,0.34539018976262076,-0.9359723146860314,2.1606459545185532,1.6466871775777427
0.004805222017719102,0.008931200319626329,-0.001592353393943267,0.007786959183858148,0.3653612781066932,-1.0648950272520439,2.09404636163466,1.784154813249623
0.004784478779252666,0.009029119550571903,-0.0014464596017835132,0.007819442802757938,0.34873102110300797,-0.9749559160995819,2.132854867011297,1.6832954403456328
0.004785172294606814,0.008980157291676807,-0.0015141351838273824,0.0077933890938400785,0.3537360830873816,-1.0180172746235236,2.106391655624136,1.7267520557751443
0.004768207420612522,0.00928559418072461,-0.0010755856132963855,0.00792112266611352,0.30843465116372726,-0.7382130437931069,2.242341441574734,1.4344112448067712
0.004756170796980208,0.009248114676818884,-0.0011246277672239755,0.00789259093894827,0.3104238272520132,-0.772023911603021,2.216499026875866,1.4629660875544237
0.004744985826375221,0.009208244675148589,-0.0011766040947319553,0.007863320918824676,0.3126655226920208,-0.8074021844392442,2.189764586979896,1.4934930004324471
0.004747630517383116,0.009374673494908668,-9.385905817842296E-4,0.007931443803980039,0.2863971400901842,-0.6524228522776028,2.2605611768834026,1.335953847782678
0.0047489021708575115,0.009342368015369048,-9.859835467076277E-4,0.007921345247000833,0.2926799075559387,-0.6830060699659767,2.249300503885343,1.3680765913252788
0.004735107305219544,0.009313186868269893,-0.001022964288585417,0.00789526930937476,0.29322206436299986,-0.709298613672996,2.2265074432458474,1.388297685263513
0.004758781984445175,0.009104412388781721,-0.0013287843301577392,0.007830154745161052,0.33125332169746785,-0.9033492647245979,2.151416399247362,1.5978295403337877
0.004736539216032832,0.009134450561926138,-0.0012762625874151625,0.00782051976583918,0.31995442935221924,-0.8728181318154583,2.148475839025619,1.5557835612796498
0.004701420144034133,0.009150473532806942,-0.00123766415842995,0.0077901369444939176,0.3065881021321322,-0.8528766232113775,2.1282823818659957,1.51825440411848
0.004699538135372143,0.00919419485891473,-0.0011764029649835273,0.0078078176358014105,0.3001675247254061,-0.8138679475820246,2.147001491742447,1.4777515357641227
0.0047099147810140615,0.009807705256678897,-2.883095041222904E-4,0.00798803879010241,0.18346379146400532,-0.23244191803967154,2.3471724957506486,0.8817216998797183
0.004673394314092435,0.009779189763282181,-3.2646051510844075E-4,0.007944191123328236,0.1820825760862207,-0.26241318737221847,2.3124253719583243,0.8966017317972312
0.004666873281356496,0.009751380728879988,-3.665243902130662E-4,0.007933364125016114,0.1866499272935206,-0.2896175289289829,2.301837444801338,0.9220517986622653
0.004639873346237032,0.009694723613175147,-4.4504146772003384E-4,0.007895058038785055,0.1930925644651298,-0.3448864696506458,2.2681874312812087,0.9675744617697086
0.0046443004008150995,0.009732000062229304,-3.9161257002740484E-4,0.007905783654035728,0.18602356511050402,-0.3090355637235662,2.279740387758432,0.9322814660025507
0.0046734337795447415,0.009851983446867718,-2.1894659167088788E-4,0.007951738098038293,0.164723473500664,-0.19150188436511473,2.324826883146992,0.8226281612612242
0.0046378443868445715,0.00988777043252972,-1.637402089305349E-4,0.007915150361128005,0.14878772591104025,-0.15910550367733436,2.3014794455469114,0.7733543914516111
0.004624973582684647,0.009956814399088253,-6.244623009840306E-5,0.007904102739421501,0.12994850387360168,-0.09310365524647847,2.299760248971022,0.6990763545975174
0.004604062789698773,0.00992124825739118,-1.1329452207927596E-4,0.007880062005879018,0.13455667697972143,-0.12903640705836164,2.278991267670232,0.7277209877677236
0.004664961921654242,0.010185510768165063,2.7425785813392636E-4,0.00793956452525746,0.07929441678645062,0.13461485298603135,2.345093818212358,0.47806455044616963
0.004647959397212615,0.010149949085097913,2.204865135225723E-4,0.007924055949208147,0.08599018370806417,0.09741898347739562,2.330956014664672,0.5098098654104555
0.004635304207030179,0.01011072502583961,1.6222549563952164E-4,0.007912891024335273,0.0939258987759512,0.05752849243549971,2.3196066086384888,0.5462163426399637
0.004626120196182124,0.01006776804926838,9.915831611181292E-5,0.007904848306218966,0.10339697927301801,0.014606579648139438,2.310074596015179,0.5871824552251891
0.004620439051234595,0.010027419357469983,4.030983652286999E-5,0.00789959845514117,0.11207299572529436,-0.025093383001089466,2.302743836892213,0.6262566989723546
0.00459063130643512,0.00999512943922194,-6.477055619077953E-6,0.007867301572858797,0.11498747314969747,-0.05910870194827577,2.276360810844863,0.6492674476176368
0.0046374463571535515,0.010224915754558632,3.289077280058897E-4,0.007905017631833747,0.06562290866102906,0.16912937300883435,2.323355776248843,0.43046783417563805
0.004625720088570752,0.010268178206650944,3.900815891633565E-4,0.007886521556881963,0.05313398522172582,0.20936630188666375,2.3134730339488154,0.38358887047073886
0.005812077874990728,0.006956999953963246,-0.004704562790613028,0.006479114683950328,0.3340622931054062,-2.5249829991055037,0.42503011374601046,3.5384513262377815
0.005825571674217702,0.0069233871314115306,-0.0047382193685017865,0.006433610179603879,0.32421349523223736,-2.5239479059763146,0.38549114347389835,3.530470435844798
0.0057878646062773835,0.006964607299969817,-0.004663419252421283,0.006476653930887574,0.3341284328132256,-2.506885117846717,0.44525019125368237,3.5068791679152027
0.005774621640328911,0.006985447346484009,-0.004634447999603782,0.006501363908204611,0.33954097094880803,-2.502568600150297,0.47214599852472344,3.503036273816282
0.005763219636372872,0.007011158021479388,-0.00460605124984216,0.006534569839135918,0.34662074515787106,-2.5009805088840973,0.5029249748504028,3.505349512128299
0.0057567217387321165,0.007034030645566391,-0.00458610253124906,0.006566199367510503,0.35358710506749946,-2.502284521249292,0.5288640568671558,3.5126485343246037
0.005739257241518219,0.0070503850698073346,-0.004551674820236468,0.006580404667803058,0.3565299367751837,-2.4916119549552893,0.5531849902597558,3.4968624400689765
0.0056560384730310895,0.007175723632533515,-0.00436201166575783,0.006715526717651177,0.38532171925000824,-2.4457710728533937,0.7145930641130094,3.4449186233811004
0.005669100382170094,0.007146947598336832,-0.00439709412673056,0.006681254964998086,0.37812987714748725,-2.452159749080494,0.6799397112375156,3.4487753903687692
0.005685409518438526,0.007119493231729136,-0.004435946080463813,0.006650813458890862,0.3717900632276701,-2.4610286365304535,0.6455861000306692,3.4577983320038173
0.005721995243255642,0.007069995062367106,-0.004515987637193895,0.006599479367381191,0.36089288392486507,-2.481639708976989,0.5804383588502948,3.4832019562022114
0.005703439574680289,0.007092994466475664,-0.004476553858088942,0.0066225209669960065,0.36569464297196946,-2.4709754351639504,0.611422100444205,3.4692907593412374
0.005562573394749527,0.007342012764346596,-0.00412334387299016,0.006890780707238934,0.42011111191345757,-2.378162536394982,0.9174376682996094,3.3731280770158976
0.005531600782758256,0.007348617380705639,-0.004074401524941224,0.006875671223175992,0.4155214269863812,-2.350157812425655,0.9282443342539971,3.324113937175234
0.005570550596711631,0.007312312733701879,-0.004154305147737851,0.006853964221656025,0.41261764031933573,-2.384057760720139,0.8830202980517724,3.3738357280693934
0.005606214798155509,0.007258674606183512,-0.00424000657859768,0.0068027163357469046,0.40293084296088605,-2.4121282530199823,0.8172976957528444,3.4079048667958967
0.0055827078996701,0.007282337090519366,-0.0041909669861094285,0.006819617764451323,0.40559456977050895,-2.3930047634012577,0.8478436555975658,3.38046698051889
0.00559777713534792,0.007231860586441791,-0.004243486390558504,0.006756848851668074,0.3931493321917544,-2.4015228538284137,0.7899284830102323,3.380551995718048
0.005609229805161105,0.007207614797011486,-0.004274360160661693,0.006729440826085152,0.38763577575900315,-2.4086229234621004,0.761351096696516,3.3864510354193365
0.005623261168542891,0.007178755636800052,-0.004311257363885883,0.006696700327713026,0.38101097182494154,-2.416827686102931,0.7271124851344842,3.3932658659183907
0.005424010016498869,0.0075503638357066515,-0.0037770250398378694,0.007065788465531929,0.44734847522493437,-2.241606047031462,1.1553062960508225,3.201658441514986
0.005385969599200034,0.007633374065685105,-0.003657944418064662,0.007141987990146664,0.4588271520521547,-2.193654189881844,1.2442682880555698,3.1491986381856236
0.005408234637772118,0.007575543247262596,-0.0037355900607844513,0.007085602070718156,0.4499374645788689,-2.2238709315127605,1.1820814684972272,3.1795777601106803
0.005393312903926449,0.007604142865836908,-0.003692250369060995,0.007110227060950963,0.4532820914744891,-2.205855355024299,1.2123590140285962,3.1586532594126466
0.005282962488413781,0.007875406830666854,-0.003304543028856823,0.007347444875209297,0.48294526940997157,-2.033434725384627,1.4879493109129742,2.9708603118107924
0.005286753107997663,0.007842892140603765,-0.003341216579407028,0.007312172318580948,0.4774378844751821,-2.0491288026135774,1.453322828179764,2.9823177031399966
0.0052966837128412365,0.007814059078096744,-0.0033811737061866967,0.007286835879839331,0.4744686396306362,-2.067631271392336,1.424748467200943,3.0017586371216525
0.005351425473515391,0.007652053286572895,-0.0035971753777319193,0.007135004139921063,0.4536315935279457,-2.160152897570572,1.258711284080903,3.0949502752834444
0.0053353187601904726,0.00768570133246678,-0.003547344137816079,0.00716336705931197,0.4570098582092617,-2.138537574081988,1.2926849494630746,3.0702356342784713
0.005325916815091591,0.007714014421008077,-0.0035103060083193117,0.00719051570459773,0.46085802768156164,-2.123215661857074,1.3218895408066975,3.055132474209687
0.005327899092260472,0.007737587958807502,-0.003491429179849897,0.007221952764061837,0.467033255127508,-2.117980012773658,1.3488120753155601,3.0572605746909867
0.005317866621493324,0.007760067273712976,-0.0034582109858908136,0.0072405745632143715,0.46902433666414917,-2.1028860682445383,1.371159744392381,3.0401708813065027
0.005307359326612818,0.007786263167494502,-0.0034206925658345744,0.007263023757444721,0.4717259063315163,-2.085857921599267,1.3972325826446843,3.0215246630230754
0.005499226150523011,0.007352867413107159,-0.004025633098529131,0.00685616344458368,0.41010404946275264,-2.321438209162089,0.9359323026191101,3.273344440500089
0.005491364271913251,0.007380441162371192,-0.003995906841969143,0.0068887068838853595,0.4164769166730987,-2.3144431634059073,0.9665791727614351,3.2700150796987986
0.005469823363374562,0.007401372888257703,-0.00395135548812968,0.006900631465315342,0.41748578305051615,-2.2949972876382585,0.9905168851164995,3.2419530894196096
0.005446022975597802,0.007428377179293239,-0.003899397671597374,0.006918659964448196,0.4196442913193797,-2.273142891283903,1.0204385045711486,3.2117241366029665
0.005442200984036901,0.007463286391164257,-0.0038687445121783006,0.0069633219803389304,0.4283749632388685,-2.2674184509229636,1.0588930969258368,3.214288090007647
0.00543292292984086,0.007488050512336554,-0.003837573403698218,0.006989280520767762,0.432814440570147,-2.257063225423748,1.0860353489164696,3.2048433980302167
0.005427197339137589,0.007509313000160667,-0.0038135651160133956,0.007013229455900381,0.4374331002894557,-2.2497630556507344,1.1093797001068288,3.199829834738616
0.005407346615958823,0.007524899634080786,-0.0037747880018451957,0.007017251219718378,0.43631262031369006,-2.230656336834032,1.1252585921038347,3.170900519653889
0.005247098615446175,0.007887067874828643,-0.0032505034033717068,0.00732618890184042,0.47331271451790624,-2.0010498398774597,1.4866392355486622,2.914187213557962
0.013721094726582795,0.01435411289582727,0.005312243222457341,-0.004536850119492549,0.14883265655956512,-2.121067212507875,-0.7468891821162068,2.854499887309814
0.013498662510268405,0.014468483112508193,0.0055715990362211155,-0.004358481768157728,0.1484216347926968,-2.077194479318093,-0.9775095962858743,2.8361770523042202
0.013656119686925898,0.01440769632839992,0.005380085348728101,-0.004459078353435297,0.1466579119437819,-2.098607566962443,-0.8178701864647032,2.8320615676711065
0.013581592994424463,0.014441830836759054,0.005468480044832806,-0.004405571228169731,0.14669229525654995,-2.086770441667035,-0.894013146933294,2.8302647747200598
0.013349103601811982,0.014514706900975984,0.005756737835509825,-0.004266514945708874,0.15127181830347192,-2.05188331127733,-1.1308565692712815,2.839784224406802
0.013301184862355922,0.014569844853798154,0.0057889798159877146,-0.004177464393073913,0.1472226510075768,-2.0137133765681168,-1.1818282356958267,2.791890530320106
0.013428445830930445,0.014525467448160613,0.005638175730499464,-0.004267091742656211,0.1456215569089143,-2.0432862835392105,-1.0524690241991814,2.800469529734354
0.013170950235805178,0.01463445994969452,0.005925814109908189,-0.004049883092322476,0.14685734290991173,-1.960558783928969,-1.313877454208794,2.7494417677612835
0.013263336512983984,0.014630510069032614,0.005800833178509295,-0.00408311100397733,0.1428357815645127,-1.9712137462378616,-1.2203100681172592,2.7337670510280208
0.013010442269517999,0.014744634144464447,0.0060595772974977305,-0.0038396131395711515,0.14283898842248346,-1.8614806117191243,-1.4681037079619885,2.6463687236752764
0.012991222657634345,0.01481235342334974,0.006029010290230791,-0.0037415034092257503,0.13679877133882457,-1.8131717491574018,-1.4765739153671584,2.5717798674016987
0.013158966096536369,0.014718733791206945,0.005879925639291231,-0.003930676475453989,0.13890912015499132,-1.9029725152575356,-1.320783673200232,2.656824468430544
0.013079027417135064,0.014732858619949838,0.0059767396339992845,-0.003882887363555396,0.14070119801570347,-1.8819691893944055,-1.3995599436871007,2.652503821485108
0.012853002782549007,0.014834723245449273,0.006190408640501471,-0.003647623378650423,0.14053746641371864,-1.763213251634106,-1.6115581135060073,2.549397075760009
0.012957281986677137,0.014860839418522996,0.0060322522742607505,-0.0036634890478482647,0.13319545925257864,-1.7745439897323014,-1.5013850599444183,2.5204144742895953
0.012914884071548732,0.01486953733162041,0.006079302260118903,-0.0036327366030901344,0.13457587127159296,-1.7583203281867348,-1.5413840219831798,2.511276016705562
0.012798229678591136,0.014885521110069471,0.00621438873268446,-0.0035535954566265587,0.13767714401868922,-1.7140144513651576,-1.6535352201049809,2.4903022074160543
0.012638099836773404,0.014964411575047751,0.006338514301129221,-0.0033624686285522246,0.1363310045207514,-1.6067232022886893,-1.7872264879080215,2.385836261601828
0.012747096728103622,0.01493513091036883,0.0062321117326312,-0.003462883745698486,0.1347133532665082,-1.6658787550282617,-1.6899286359769758,2.431671929118138
0.012702153225428666,0.0149699012073354,0.006254197784342252,-0.0033940478292333377,0.13282878362552974,-1.628402717232635,-1.7229298528597004,2.388922118317614
0.012479413104986091,0.014987392329325847,0.006507868417463703,-0.00323018805908841,0.1407646771252188,-1.5206483752058528,-1.9338896832477845,2.3277120742844666
0.012429489827285478,0.015011613508228532,0.0065408148202638055,-0.0031657343498944675,0.14062518189522405,-1.4814564486833766,-1.9712503080974275,2.288272416448364
0.012543778313181332,0.015018204325307784,0.0063973728365509025,-0.003236999698232678,0.13516227380451518,-1.53397463529504,-1.858128047490301,2.3094226341952506
0.012611231738474983,0.015027281560141636,0.006307196159536339,-0.00326943221056143,0.13093875108927377,-1.5584462799065364,-1.790405018124624,2.313626803124938
0.012283781354964588,0.015011957210710964,0.006712082092538422,-0.003054361958862118,0.14740984950787997,-1.398274569610938,-2.112438456538264,2.2404000997623394
0.012231998771149609,0.015048083191935986,0.006728291178919943,-0.0029705966480516447,0.1456532203213697,-1.3471755185700596,-2.141301982407235,2.1815841770700177
0.012172908248897371,0.015061965266766774,0.006777948625110935,-0.0029054529044018618,0.14710508227955502,-1.3019549813394489,-2.1883550075383513,2.1423670661973535
0.012336324287148804,0.015042920712315607,0.006614526726041649,-0.003059594728062463,0.14164221706720925,-1.4129801166925409,-2.045158960793597,2.225399013784157
0.01240096477996402,0.015060953598774546,0.006518996145044756,-0.003087114147514066,0.13661264754100447,-1.4390772680829753,-1.9751128351021026,2.227011777799898
0.011999167800571212,0.015091293122083623,0.006930365824876861,-0.0027179583650688978,0.15199037951039648,-1.164679934283324,-2.3278823035216125,2.02759558872842
0.012070977357106404,0.01511125669415475,0.00682755339577757,-0.0027623734476922607,0.14626474989718766,-1.208448719845675,-2.2503363258758333,2.044033527083221
0.012139431328424618,0.015121251695411191,0.006741099717749871,-0.0028115709893466036,0.1418327304805687,-1.2509614664328936,-2.1827970780347257,2.0659172736946965
0.011944576069036074,0.015145519280000214,0.006915301261428044,-0.002609714339317293,0.14813886865162337,-1.1002382210078123,-2.337058517052274,1.9432451573283218
0.011904236344244222,0.015198394697221906,0.006885156201163561,-0.0025180364322746666,0.14397079181196584,-1.0481485132455794,-2.3328197013172107,1.8693005214134566
0.011846106122381407,0.015175485082669917,0.006973529719124945,-0.0024839924067840548,0.1492424607917621,-1.0106688488148086,-2.3973038204188852,1.8563372049212268
0.011796867862626043,0.015211176023487937,0.006971841729353716,-0.0024003483903844857,0.14713837741789257,-0.9578422100067775,-2.4094588725757546,1.7924502188127207
0.011745473915045376,0.015247550183220215,0.006969227040839471,-0.0023144011562294,0.14543855739906134,-0.9032005384144718,-2.4208727527525036,1.7265392047449846
0.011701005927340108,0.01527257288003413,0.00697432042514857,-0.0022462821194099768,0.1441208328710467,-0.8582169371979722,-2.434146155401578,1.6753465346240664
0.01121511630772544,0.015262214954192211,0.007379723708219178,-0.001702644717321519,0.16922831458377216,-0.39612235399087453,-2.7598966484630343,1.2997538759424383
0.01116567107398522,0.015282785112576585,0.007380460168888831,-0.0016271535892754929,0.16874336835583267,-0.34295299289836007,-2.765745654236682,1.2403618068943592
0.011118617101452642,0.015304004037014369,0.00737693915566906,-0.0015544605314683768,0.16791101561992436,-0.2925963201747583,-2.7681329242525123,1.182740335939479
0.011646879957522076,0.01527156501591993,0.007023567965378662,-0.0021907694749522338,0.14723425581152874,-0.8120158865219257,-2.474264756210579,1.6391772417745953
0.011589717396338893,0.01529681061333616,0.007036277195880669,-0.002108399962480535,0.14642245114927357,-0.7552844057544297,-2.4933495047873446,1.5776614388442864
0.01137265838007207,0.015275590052486854,0.007242944358294226,-0.0018824097543088815,0.1597301138251022,-0.5558863183639771,-2.6544367577614634,1.4266541120037959
0.011460811278005198,0.015267110339566169,0.0071866009821916045,-0.0019907200806633437,0.1564845476310702,-0.6430468962809747,-2.6060390603542367,1.5047127416096864
0.011419142820552557,0.015287816062496868,0.00718826970012861,-0.001926731073659129,0.15572056686141117,-0.5993501819774429,-2.613996050209424,1.455190154499987
0.011522337806996161,0.015302004616951536,0.007084603878945634,-0.0020311243849049916,0.14914652539746462,-0.6933966904905818,-2.534635295419665,1.5238789659797334
0.011338052754634852,0.015312084388647996,0.007212656152225094,-0.0018145552492327937,0.1563461925237191,-0.5169513529935861,-2.6410976205798593,1.3704224593462613
0.011276274589320987,0.015297742924704826,0.007279911603902228,-0.0017519276695382485,0.1614884846175271,-0.4567966394068992,-2.6905353340274627,1.3284741392376438
0.011308096057768639,0.015347331680766347,0.007180130335231542,-0.001754070183317908,0.15307209672798155,-0.4833361281188303,-2.6255549928332442,1.3199577302394339
0.010864152550029224,0.015285097134902753,0.0075559269274631585,-0.0012349188514184511,0.18271273423696852,-0.009785483144753462,-2.898033411151447,0.9451524688571192
0.010902934451873,0.015264174107547773,0.007571180721547871,-0.0012980704691245538,0.18415111160194494,-0.05123155482013688,-2.906290420295559,0.9964970436773474
0.010948475023569989,0.015248814591982476,0.007572007325963034,-0.0013676452558571887,0.18473811711997187,-0.10180608465493866,-2.9046331672442967,1.0521276751441826
0.010989803471234875,0.015240258410456798,0.007562425601017955,-0.00142771119211844,0.18401453859845365,-0.14819437499252522,-2.896064346093215,1.0990600640644177
0.010934386804104912,0.015289313911656504,0.0075112423606427505,-0.0013261616630863343,0.17876465881512224,-0.08993255979231835,-2.8664650149676443,1.0139642179845751
0.011028812312512607,0.015279746647755473,0.007472699484869051,-0.001455201079057107,0.17584144254181663,-0.19456262389111287,-2.836108759376178,1.1130138372729135
0.011070879404368959,0.015320147669642679,0.00738057402920948,-0.001484366682253853,0.1675491879347999,-0.24185766889565397,-2.7745786478006695,1.1279326184541478
0.01008752292887376,0.01530920169176405,0.0077361304544498665,-1.2839221431027923E-4,0.2039299843838037,0.8937678838564634,-2.9709205074522553,0.08202035329890396
0.010127706369646178,0.015325645493470789,0.007703781849571813,-1.856017988115931E-4,0.19998716938297065,0.8368035944291293,-2.95621433264226,0.12555463064120662
0.010172004554075756,0.015338510427218581,0.007676706236464996,-2.4818933871001707E-4,0.196661184133359,0.7779337377023116,-2.9448804175421013,0.17349354763715066
0.010304199858123742,0.015328841329061715,0.007675526760625085,-4.3870945481436907E-4,0.1954275812705101,0.6298481079823671,-2.95843140226515,0.3226223744990116
0.010263068875065888,0.015329319122560473,0.007681603266485806,-3.798379262471645E-4,0.19662422355648337,0.6774385444420415,-2.9582603838404053,0.2768058474850872
0.010222536782188627,0.015350072571532179,0.007650142538981221,-3.1903135170641925E-4,0.19349238607203853,0.713160659666015,-2.9339887688088595,0.22781558743833497
0.010055576446503204,0.015335744446495547,0.0076891555970763905,-8.115480031714908E-5,0.19915663556574328,0.9130064851852177,-2.936802560396178,0.043942461549791395
0.010020664582138456,0.01536127198497904,0.007643757037131085,-3.075021585362201E-5,0.19444072688788872,0.9354359153222341,-2.9032371891398103,0.003711062293247891
0.009915466331813196,0.01537261938537193,0.007620681387708559,1.182900178144475E-4,0.1933348157906223,1.0435287541843445,-2.871535254706978,-0.11125338773995692
0.00995011892164009,0.015380773983888053,0.007607767683233873,6.894965772946287E-5,0.19141284528641386,1.0000126284986874,-2.8697159091788014,-0.07371113467752949
0.009988176022323035,0.015391473208598913,0.007589693059362673,1.5074476271704309E-5,0.18942854074393886,0.9510100472476263,-2.864886970944955,-0.032614400757956415
0.01082225900323225,0.015303307139369268,0.007545801065771099,-0.0011694726189128025,0.18161808735651627,0.03505816401730994,-2.8928434500545346,0.8925228073419621
0.0106904903915113,0.015292180193099806,0.007624726182565615,-9.946441486574928E-4,0.18902291961347603,0.1898844711197955,-2.9449225216197408,0.75939874393923
0.010650979996282062,0.015320584488418937,0.007591020625448186,-9.286473187375366E-4,0.1857730922331353,0.228227022067534,-2.9228736586483746,0.7049006664736609
0.010619274842768478,0.015333997742255582,0.0075796179172536995,-8.799424890362811E-4,0.1846119887037074,0.2609964713518687,-2.9150064959192985,0.6656365713126374
0.01058374030356215,0.015350130727979456,0.007564147774564353,-8.253506415745729E-4,0.18315146513595085,0.2969384812286178,-2.9042658446859093,0.6215498964885807
0.010778653794625353,0.015321347362079725,0.007535568192851713,-0.0011022500622155146,0.1803442353617479,0.08136722198452949,-2.8871186527284816,0.8384922103925855
0.010732303466695138,0.01533790955791299,0.00752779296497384,-0.0010324034828179905,0.17968042954181887,0.13056308165767805,-2.8826290663824534,0.7827240185766707
0.010518661181377495,0.015340612439232097,0.007602012810623286,-7.384736383386857E-4,0.18713353101636562,0.37507534511975166,-2.926101786141601,0.5550572411485645
0.010555535616273967,0.01536854091948499,0.0075415704217518115,-7.805162224923475E-4,0.18097519944042825,0.32325980123940573,-2.889024802697975,0.5849016915606472
0.010444419785728855,0.01531904826332788,0.007661560402292557,-6.404349102068966E-4,0.1934432498165426,0.46996864262785093,-2.9603199287899753,0.48094350117411105
0.010403605432512019,0.015329822782846687,0.0076527476839159956,-5.798921500058083E-4,0.19258880528532998,0.5132057327843027,-2.95198916154363,0.4327291110545169
0.010368829620528453,0.015335474015556757,0.007650684149025834,-5.29344990743202E-4,0.19260995216712407,0.5512347005375261,-2.9481466458198913,0.3928686512670878
0.010478409361499819,0.015358458222159537,0.007582538180743198,-6.772714397817185E-4,0.18509305374116655,0.41487102807028836,-2.911799345909838,0.5057915937421048
0.010337718266886578,0.01536293431996788,0.007608368521699412,-4.797474005347287E-4,0.1886534417501037,0.5743439664319027,-2.9186652433255666,0.3519731117047545
0.009664271919672613,0.015314148402506618,0.007691779614522761,4.842237167755189E-4,0.203471582270267,1.3613400542393066,-2.8609838286022526,-0.38928218174222534
0.009772735197641887,0.015295372293891392,0.0077457001261802775,3.31126117872237E-4,0.20845210080913956,1.2610575116569736,-2.9186807974552886,-0.2725581343461374
0.009812240000810608,0.01531151922969953,0.007721622369285658,2.715917523066008E-4,0.20490320950141866,1.2042739633768114,-2.9127340996709647,-0.2275663705363235
0.009739603841388476,0.015329621197452278,0.007678186089295001,3.734523483768764E-4,0.20115191903379856,1.2676794880641713,-2.870782822324695,-0.30542574134423944
0.009696517280119596,0.01534681229660889,0.007639516747618802,4.316672538820692E-4,0.19735883080354624,1.2983778999380464,-2.837966628214124,-0.349570351883135
0.009847375410413917,0.0153394551734773,0.007674906488315579,2.1784513983658457E-4,0.19962962911834198,1.1429386409129616,-2.8916078729695935,-0.18686298849457503
0.009880977266193624,0.015385812766638881,0.007594801169826255,1.6602868046925161E-4,0.19088530347874835,1.0712015377896436,-2.8496266897432583,-0.14817746635609894
0.008666147050649851,0.015110292174771759,0.007522470604341087,0.0019612016266766885,0.18767921910845695,2.4634232433922207,-2.3836605673868196,-1.43614611298292
0.008464261921679869,0.015068080214290779,0.007412073909681828,0.0022435234853582253,0.17225415115212583,2.628572425244332,-2.219371462603533,-1.6092608510163235
0.00851122115042984,0.015072265585620144,0.007449066059238562,0.0021840384995472726,0.17732395769759984,2.6012597712448553,-2.2623374183906666,-1.575103634690452
0.008625457807871632,0.015111588218678007,0.007486056289694689,0.0020106203860999687,0.18269269603567825,2.48406870780499,-2.3456261229846764,-1.4655759350706787
0.008549051981101266,0.0150853947207269,0.007462124692530639,0.002126705965333419,0.17923335681259567,2.563068789157335,-2.2907158647827104,-1.5392721308678594
0.008585498453451695,0.015103471519704243,0.007464900568972701,0.002066540590461422,0.17988795754576414,2.5172949417786934,-2.313892562065878,-1.500248342935212
0.008174036912234455,0.014876657898375348,0.007408009939517335,0.002772542345750424,0.16445148287409037,3.036833080333865,-2.0009838177171786,-1.9376779785925269
0.00814184334612939,0.014872797102376531,0.0073766032367360975,0.002811645342533011,0.159517329627585,3.0487812293529934,-1.9663053408225313,-1.9562716203833361
0.008186131077523591,0.014908066465175205,0.00737389949552994,0.0027236341717981655,0.16079268720646198,2.979661896109139,-2.0035759733956238,-1.90302853995921
0.008239762167818432,0.014928300993580512,0.007402644659197105,0.0026424295119781864,0.16581801693332068,2.93317478946796,-2.054447343562417,-1.8577985623075841
0.00820366027215298,0.014938631769980063,0.007347014763452398,0.0026705104946457992,0.15860594043652218,2.923794366720154,-2.01178975017967,-1.8669037130733492
0.0082876732997614,0.014955749767092422,0.00741198659468253,0.00255930494489939,0.16824675389851032,2.8740858078352587,-2.094574345640762,-1.8079921113275252
0.008301509618936973,0.014978446173154303,0.007391303737502475,0.0025197462776451306,0.1662054054102721,2.8321495126865814,-2.0993792378339315,-1.7807213782894944
0.00832387432483798,0.014984811832636183,0.007404734419133853,0.002487887175274102,0.16840423333817559,2.8147880040650084,-2.1198847298201833,-1.7626921671531672
0.008391597889440753,0.014990227953761018,0.007465533736148353,0.002404481550343937,0.17706123220116804,2.7828246996302988,-2.1874842999757043,-1.718077603459182
0.008353577203842428,0.014990335838843412,0.007426697583805851,0.002448354829326499,0.1716964844003275,2.796028560767556,-2.148148242250263,-1.7408215211698768
0.00825854008460899,0.014961725240873835,0.007371529909800618,0.002585347163779823,0.16291038383675524,2.8718790029091514,-2.061244516491039,-1.8184870671523787
0.008405347396945283,0.015034916914404605,0.007408164652275202,0.0023440334921151617,0.1704954278252573,2.7050297907704572,-2.1787127372282984,-1.6730274552901314
0.008421369979259297,0.015075521194811438,0.007359610625463629,0.002286258109794338,0.16555599011194588,2.6347648324106125,-2.1738500001039647,-1.6304816906029058
0.00961786569594578,0.015316839466137664,0.007676274950296394,5.498656273887565E-4,0.20208146384180328,1.4073087798474087,-2.840204825374037,-0.4387046347515467
0.009572890812555548,0.015309077408238832,0.007678687524781269,6.158540926981965E-4,0.20309191423646106,1.4608815385789282,-2.829803601247583,-0.4881209227906852
0.009523057440961484,0.015318727407552885,0.0076471074334148945,6.836110371931527E-4,0.19988027645406833,1.5017681948104424,-2.7978909886369525,-0.5384025486383502
0.00938813120053068,0.015245524510518837,0.007732145520088549,9.002572127749812E-4,0.2109453135798285,1.712069105035163,-2.804970191737387,-0.7004514089166384
0.009354919281446925,0.01525479546065788,0.00770202852360722,9.436479351736363E-4,0.20754529874395874,1.733727922445093,-2.7771024589058935,-0.7318113635466469
0.009424831639999675,0.01525894213352747,0.007721846910661316,8.428218994102293E-4,0.20915533099971986,1.6612414291197397,-2.8110860789936645,-0.6577063735890812
0.00931880411163001,0.01526158613297263,0.007674607508250408,9.915834749634363E-4,0.2046659614404993,1.7602162355084763,-2.74972688792487,-0.7662913187923294
0.009287826811454515,0.015261435026640055,0.007661194912848379,0.0010348775711893443,0.20327774156017794,1.788978158314547,-2.7316961743625803,-0.7974125838452589
0.009453780542692636,0.01529569176542277,0.007665994546199934,7.88653312035515E-4,0.2025657610322896,1.593909869897592,-2.788592935945889,-0.6167987610244142
0.009479267485823771,0.015327650870933296,0.007617490338743912,7.421990677879937E-4,0.19687115374620404,1.5360885536015954,-2.7685548988257564,-0.5815496217087954
0.009266601235139487,0.015280312581256113,0.007618062371320464,0.0010556655933071412,0.19861748108033922,1.786619326194359,-2.701025748212211,-0.811179400414219
0.008858361633962747,0.015157044760040778,0.007592658597296882,0.001678652626920479,0.1966923307880538,2.273323675875502,-2.5164472695668945,-1.2504164528986543
0.00887778660624248,0.015194219536619542,0.007542851541373683,0.0016270224527694937,0.1911097227283771,2.2081958944749007,-2.5032907203255736,-1.2113252877773555
0.008819360817059654,0.015151110960871857,0.0075743214688134,0.001733819732359192,0.19460034724347983,2.3083922250196056,-2.4885019263975745,-1.286899208782016
0.008773187638703269,0.01515182882292352,0.007538318312458013,0.001792692242941521,0.19021533143004324,2.337532702765659,-2.4488880824014534,-1.3240241511547337
0.008732700086845752,0.015139751860314132,0.007527179024064558,0.0018535556664951852,0.1886807070485656,2.3804331930726144,-2.4226354214244004,-1.3643066109319213
0.008692315700605191,0.015146980426958133,0.007482935746634878,0.0018985052826644437,0.18310442634787974,2.39427667633008,-2.382154739200063,-1.3908005096043585
0.008748327888952178,0.015178270577786885,0.007474981456139498,0.0018039117855319288,0.18263700034164804,2.31576110191335,-2.408493381847059,-1.3268828079080834
0.009210764530514585,0.015240366173148773,0.007662046868303295,0.0011518691808979932,0.2039111349309315,1.8832750910450413,-2.7041346397564863,-0.8822817334536043
0.00915269532947215,0.01524427820445642,0.007625162817517942,0.0012296688475104843,0.2001910370258439,1.9290782555710586,-2.6625800856985724,-0.9367560281882564
0.00917568675166002,0.015256175824869128,0.007616288799198347,0.0011920683433403931,0.1987934431599975,1.8950285542555654,-2.6669329881992434,-0.9094358221440174
0.009124606350154675,0.015250150674270855,0.007599723115509203,0.0012646765814782904,0.19719749676402995,1.945509428878797,-2.6383522352278317,-0.9607029805099202
0.009094234276915625,0.01524757315199691,0.00758734877146659,0.0013070629055817076,0.19597480709427859,1.9736555958949018,-2.619967077191889,-0.9901257270083483
0.009231803758955626,0.015280021365134629,0.007602284589627425,0.0011035442470821496,0.19705322224980806,1.8179905272971133,-2.6802208881390492,-0.845353099477267
0.009060803255395919,0.015256548744143998,0.007552662016640599,0.0013466194592422162,0.19212133125574568,1.989553222397552,-2.5890171088507508,-1.016490862529485
0.009028205016699571,0.015232677482987528,0.0075746292423417155,0.0014041291891435915,0.1948853600740264,2.0454041410313066,-2.586290369800597,-1.0580764344284026
0.00899253955267006,0.015230587144180184,0.007556343800509583,0.001452726182807772,0.192710316572735,2.0757455780100176,-2.5619867530386666,-1.091211621626174
0.00894773458432961,0.015230116242972006,0.007528670386429208,0.0015118497507532042,0.18939325014816635,2.110026397462661,-2.5289147753237455,-1.1308818602381316
0.008902185237016105,0.015232700871468672,0.007494252410583103,0.0015691941376073258,0.18523463258902415,2.139585958567624,-2.4921605764861883,-1.1684231772341445
0.004625363261973138,0.010320932901333861,4.6613300793373324E-4,0.007877806114291624,0.039979659619388756,0.2605486237682291,2.3113699256804137,0.3299308805677135
0.004597765388816611,0.010376171993460592,5.399482197679235E-4,0.007837676115326429,0.023550146764858056,0.30917834113181475,2.2864883199323027,0.2679545267132786
-0.004882182161603201,0.010980284194059402,-0.00151351675228676,0.007924705548108743,-0.11978684436022581,0.9699960409421234,-2.39138251823977,-0.3047500769089395
-0.004890294894927501,0.011047584911244983,-0.0016138569479148771,0.00789559034331964,-0.1361206742550712,1.0382446860291756,-2.3748778428036545,-0.37278262774351356
-0.0048799124469476145,0.011010853047458385,-0.001555854671262938,0.007905193517978344,-0.12708173241186385,0.9990618275809907,-2.3793647457578277,-0.33623075339438957
-0.00476982380788665,0.010807044593270906,-0.0012101900718672585,0.007886454457479293,-0.07551255230730863,0.766770931872048,-2.352460275095542,-0.14001230326619643
-0.0048595258517888625,0.010960240649673854,-0.001472603093000043,0.007910408325242856,-0.1141545261404671,0.9430851415918756,-2.379784286566057,-0.2864342106262956
-0.004837629635079823,0.010889344661865207,-0.001359787052695252,0.007922613793088106,-0.09620780397547336,0.8670284735304127,-2.3838396086740006,-0.2161821582962275
-0.004838063410298295,0.010929745631844727,-0.0014178400779294494,0.00790269448696526,-0.10625356877132949,0.9065287115489539,-2.3722360237473343,-0.2574150975121637
-0.004793836315019843,0.010866427479569604,-0.0013057671374331525,0.007885455568672041,-0.09013023812397264,0.8313590885501522,-2.355661059088997,-0.19755729459054835
-0.004769382953650749,0.010841989077854202,-0.0012596267123368417,0.007870171873052495,-0.08407968305224373,0.8004477768122481,-2.3430378819798268,-0.17549136607010846
-0.004853955285055222,0.011066907215014458,-0.0016195475364687982,0.007844293436567373,-0.13894202514533552,1.0441839250779594,-2.338910670922456,-0.3949194260851343
-0.004864646131436343,0.011099523815262441,-0.0016710852667252065,0.007836410428981491,-0.1466195260082733,1.0791799944530391,-2.3352632819362475,-0.42698908277746633
-0.004845319768453704,0.011125032317746428,-0.0016941776654926977,0.007799782570518499,-0.15102183337814243,1.0964088116869461,-2.3100251864348413,-0.45346326794173974
-0.004887147096135698,0.011177021996497753,-0.001791518081558471,0.007812049609486513,-0.1645631822722471,1.1612652166157955,-2.322402147866453,-0.5033286013131169
-0.004937571217247877,0.011211553601574716,-0.0018722752280869652,0.007844172821215715,-0.17535798520486326,1.213687110840912,-2.348364007046428,-0.5358816758025872
-0.004906141722052567,0.011204198271241875,-0.001841051775737304,0.007814753825629952,-0.17147716360727006,1.1943945255274355,-2.326166314286597,-0.5296971028791444
-0.00484877728390387,0.011158760954120057,-0.0017420383774819053,0.007782341646794877,-0.15824288324387117,1.1294526415087642,-2.2993225269380058,-0.4866871004247982
-0.005090872317306044,0.011651778898958345,-0.0025712262538418146,0.007656029565126955,-0.2648890311140204,1.6944441905426473,-2.2359441348271294,-0.9713425615611794
-0.005084982930504483,0.01168532965496642,-0.0026065678727236192,0.007618387056364021,-0.2679917083431656,1.7205428793482649,-2.2088259482964054,-1.0022777675271735
-0.005068781217045181,0.01162274034643979,-0.0025151223227973646,0.007659318356013495,-0.2585195958925021,1.656352161276622,-2.2365074020574127,-0.9417983812137826
-0.005040490437889523,0.011603784534168014,-0.002466211057821054,0.007646517297242335,-0.2524478205720292,1.6241235811571548,-2.2253054951866336,-0.921408419717791
-0.005030599844555067,0.011571397456692821,-0.0024173227841037185,0.007664740537495363,-0.247010008163449,1.5901363141694895,-2.237243394238568,-0.8900351489675503
-0.005008291817225666,0.011535987971911535,-0.002353756234286981,0.007671768794697986,-0.2393441685650832,1.5469649746784837,-2.2402977357102536,-0.8548758998377889
-0.0049653008258468455,0.011343622042346348,-0.002070582649294058,0.007780080610612282,-0.20358930110121867,1.3502336604888272,-2.3096566069829714,-0.6669252028509484
-0.004968041431233244,0.01137444048760939,-0.0021134141014717317,0.007759664672953502,-0.2093155690046973,1.3801940645472373,-2.29639237162996,-0.6972598300988859
-0.004993871757271185,0.011499570644601172,-0.0022956834843384003,0.007687207118158898,-0.23244376431947536,1.5070310776808766,-2.249729814853019,-0.8193332382425308
-0.004971882904841985,0.011404738403346533,-0.002156062913810025,0.007740334096876293,-0.21493302097707787,1.409988992041648,-2.283835349571515,-0.7269346909750459
-0.004983495094531823,0.011465898470786768,-0.0022442872523309033,0.007703914961950093,-0.22609244255958286,1.471479800248307,-2.2602589965716837,-0.7865422971974095
-0.0049766143603629034,0.011434772227473175,-0.002198751223460889,0.007721670346651474,-0.22041593300324616,1.4398001367579374,-2.271692500132365,-0.7562402445009272
-0.004937128803037805,0.011244885534388585,-0.0019174999398882946,0.007820796537403479,-0.18211771015357336,1.2452829243478394,-2.3333282594768487,-0.569294145375122
-0.004938538511702374,0.011274501669425471,-0.0019585525385995392,0.007801512698637645,-0.18811457299292222,1.2738911516736129,-2.3210063548380155,-0.5987533452960868
-0.0049436553311158335,0.01129948285140804,-0.00199576236033496,0.007789147821779691,-0.19332142717956596,1.2995268753230949,-2.3134801187780973,-0.623413178693151
-0.004931228644672801,0.011327914208940072,-0.0020244615881230845,0.007754961374114932,-0.19747771071996562,1.3208172654249466,-2.2897796487179,-0.6515051996104377
0.005320007625549232,0.012246617775568569,0.003468054245481332,0.0072369626899261305,-0.3267111505938969,2.322976457183392,1.9315981157212654,-1.5353307923524746
0.005455855947387972,0.012488329844022462,0.0038511774019627577,0.007042753142190686,-0.3329000810188571,2.5883375638199357,1.7744831353841393,-1.7585756210993557
0.005437278298176085,0.012463812312259681,0.003806735162399153,0.0070601348713169665,-0.3324055214058754,2.55744994532574,1.7891678509972293,-1.7344011062531681
0.0054050172702633644,0.012372697861055154,0.003688888200870037,0.007153378465539289,-0.3335017632565051,2.4773781831608184,1.8651184415034698,-1.6593334903568422
0.005414622819676165,0.012438181245528089,0.003755835962690346,0.007074964715822558,-0.33146975117670247,2.5216979330450577,1.8016814115747406,-1.7075514002706864
0.005405695596055871,0.012403752609430906,0.00371585733364573,0.007112949653203538,-0.33221349088718316,2.4949674525469843,1.8325031743827258,-1.6808469950877625
0.005332443242853937,0.012275645767937316,0.0035101470423053766,0.007212185419419489,-0.3277140854530414,2.3522252854407815,1.9121252630301833,-1.5613632088885752
0.00534595799226642,0.012305364782585048,0.003553880108840141,0.007187001491191439,-0.32868852940081966,2.3825035673993624,1.8922033568549448,-1.5880212729290395
0.005361669800396658,0.01233282286220331,0.003598114391076442,0.007166162234302096,-0.3298457431563228,2.4132150837424997,1.8756100928461736,-1.613714305810498
0.005381952408543188,0.01235690299819884,0.0036451829469732436,0.007153296322332573,-0.3313317861463065,2.44619055036001,1.8652084422147965,-1.6387827461003932
0.004842939666071138,0.011143476062982126,0.0017177181450001406,0.0077857239044415326,-0.15466885223626814,1.112835376282421,2.300827734464409,-0.47179105065887844
0.00482862983489578,0.01110370402951176,0.0016549533511149032,0.007794839770932535,-0.14570015817204887,1.0701332240889798,2.305041948325919,-0.43310593021782484
0.004818808475220784,0.011059148238861177,0.001588278353968792,0.007810664130421606,-0.13554430715251528,1.024530641097675,2.313853137157794,-0.38944154963072564
0.004798935306310571,0.011018520234510394,0.0015211668530945679,0.007812323138057784,-0.12580635685336683,0.9790889002559213,2.3124768051466913,-0.35024347535728695
0.004783704425493401,0.01098232156093168,0.0014629689167699848,0.0078156817148745,-0.11724126490009563,0.9395272916072814,2.312590889550126,-0.31522370359014906
0.004773966731885524,0.010952745408019573,0.0014169539387691857,0.007820786030024608,-0.11032462550446302,0.9082147814905565,2.3143977234124455,-0.28649035152681923
0.004779701374150456,0.011093512259861165,0.0016118930595956096,0.00774859565352591,-0.14108065313622922,1.0428599361462902,2.270365989817877,-0.42530846380331516
0.004749352946662422,0.010937887358983222,0.0013837842906538685,0.00780191860335515,-0.10632047767290002,0.8861798092123994,2.2996986971264706,-0.2736932073442448
0.004739415430243508,0.010905397638236008,0.0013340226785564441,0.007807498563708821,-0.09877323145167921,0.8521784131554896,2.301703856342353,-0.24221876822246705
0.004712060685852261,0.010750013162536482,0.00110480236001021,0.007847773192075245,-0.062104961310489155,0.695619808644719,2.3207273474520473,-0.08957377593483463
0.004689641620474039,0.010717081764359987,0.001049531626448943,0.007836624116017347,-0.05467327079224817,0.6579037316957671,2.3104447944056656,-0.059314650706948635
0.004728401086955544,0.010859902477296129,0.0012657411433346364,0.007817427648201092,-0.08827353582942865,0.8055415413148046,2.306023852536003,-0.19793438006648037
0.004696137645850092,0.010818815281157254,0.0011941301091000654,0.007801433565391866,-0.07869042337906897,0.7568975147083669,2.291638157181861,-0.16027726597770012
0.00469004286716013,0.01078297624249698,0.0011418085574127993,0.007810371765812193,-0.07039495591671746,0.7210742206942089,2.295730894796778,-0.12527048300322963
0.004657743996329235,0.010677265130924946,9.817261226522428E-4,0.00781725820095043,-0.04588294845155516,0.6114577977942889,2.2936540187529073,-0.02373985823270955
0.00464469987628601,0.01062538064689252,9.044922948295704E-4,0.007821403985331238,-0.03408272168290252,0.5585275428413657,2.293001353290151,0.026330257518376626
0.004634078357884449,0.010586293394353284,8.461778743742803E-4,0.007822689207983418,-0.025115267077859372,0.5185763948046592,2.291136173793146,0.0638207881235899
0.004606198631844053,0.010564811729203772,8.075505980394292E-4,0.007799454902112759,-0.02138222569193495,0.49163782856701915,2.2726473814966313,0.0807952068169897
0.004573521273142445,0.01042246208077128,6.000292470435998E-4,0.007801901538753872,0.010241719745862337,0.3491423610582591,2.263865803908673,0.21661332153581783
0.004590363372588965,0.010471617103515069,6.728854199475507E-4,0.007808236419942986,-1.5234076147424913E-4,0.3992706536823581,2.2722578896578143,0.1709143054319901
0.004597304508342343,0.010525283029498601,7.498235049744497E-4,0.007801432011509678,-0.012518259238835544,0.45192954223055076,2.271238310689652,0.11870066869398067
0.004968642149324562,0.011406794679788192,0.0021562105699351303,0.007735242598115255,-0.21485918816673946,1.4104437675627186,2.2801382911451893,-0.728902555074172
0.0049165354740981415,0.011294205841443916,0.0019691971904588264,0.007763643347139723,-0.18989385159173366,1.2831563177866918,2.2940689357791126,-0.6184336758189737
0.004913170455540149,0.011260208422003178,0.0019214721361857801,0.007784068071372341,-0.18326675640359816,1.2500259817544972,2.307082847777068,-0.5850523672840481
0.004821111540336605,0.011179821896022159,0.0017525403511245707,0.00773928591141605,-0.16081947217574702,1.138497150177309,2.2688569815251465,-0.5081444843887634
0.004853512019187896,0.011209337049533738,0.0018129173157958385,0.007754551807245844,-0.16875434296250091,1.1785658263391052,2.281947826148199,-0.5362629755007272
0.0048820360260587205,0.0112415672573548,0.001875049252787337,0.007763406736766758,-0.17706859485864498,1.2199764195017775,2.290531933720539,-0.5672884538341738
0.004927994302714016,0.011327623368811672,0.002021697724566271,0.007751699908045152,-0.19713923821838902,1.319125833108744,2.287321029693333,-0.6511608409123978
0.0049251891162725835,0.011363348122768888,0.0020663630228146108,0.0077221238231794135,-0.20328766750055252,1.3507789162916837,2.2674145913185026,-0.6858374566700235
0.004928322112987832,0.011395110323153131,0.0021098243215191136,0.007701303877664528,-0.20895188717422794,1.3811279768199995,2.253752406616926,-0.716477100482933
0.0048951053471566995,0.011317911933361376,0.001984960977556481,0.007723632604192376,-0.19240195246574726,1.2960429279129124,2.265674277659354,-0.6415977749498455
0.0049424657179085105,0.011514134824088739,0.0022712076630858366,0.007621135177957052,-0.22901289017669613,1.4941807564705896,2.2002370431704334,-0.8297681048680442
0.004957088794137667,0.011446846289087485,0.002198647926060031,0.007691229518506273,-0.2203195594171816,1.441511183685716,2.249405616824918,-0.7671213197008191
0.0049459168898580985,0.011481601004248809,0.0022335650377804032,0.007651429151434582,-0.2245051042739934,1.4672416673371498,2.221314303628296,-0.7995670923690442
0.004965598015707747,0.011573684170067473,0.002363687104133602,0.007594811271066819,-0.23974945525006253,1.5579675427018562,2.1836417533483754,-0.8868522312810682
0.004956467025385958,0.01161257225269751,0.0024025173576890228,0.0075517013510455,-0.24357078227345316,1.5863546984188248,2.1527608033977486,-0.9214414989477824
0.00493773577853826,0.01155045846249711,0.002311737027999823,0.007585896012079028,-0.23336198791780757,1.523461728294518,2.1754115475643307,-0.8630888394687988
0.005138916594890818,0.011895600253506063,0.002903284108670732,0.007464115712434228,-0.2935855524557724,1.9293773690503355,2.0999280096829214,-1.2001580069124602
0.005102033561784585,0.011889945892426776,0.002858656772439542,0.007433252204866363,-0.2882672337100497,1.899851844350342,2.075234627534207,-1.1877142149030477
0.005079887179351234,0.011848134455596558,0.0027900470517136476,0.007454001842960938,-0.2823655869799849,1.8525911924450167,2.0894350050423323,-1.1476674382303693
0.005082899638904912,0.011875809868622177,0.002823552947139,0.007428861846115296,-0.28477348791781193,1.876191192563438,2.071062560213858,-1.1718915719770928
0.005051605456328363,0.011837640626370254,0.002750067361113464,0.007436477349283696,-0.2777285558037951,1.826184654270654,2.075196495377729,-1.1334580902694333
0.005036225581218276,0.011810315370202105,0.0027045802401594425,0.007448291170962598,-0.2737024490730526,1.794917593452834,2.083083659907171,-1.107276174057626
0.005014589299830792,0.011728226346523521,0.0025908059268734958,0.007505562241322427,-0.2634136560807223,1.7155856265915175,2.1234312380781906,-1.0321893701597185
0.004952728218445234,0.011644669783238725,0.0024371345446277215,0.007519617883078124,-0.2470208760836002,1.611233809410797,2.129835675510604,-0.94981341007454
0.004969412185862608,0.011672898050691858,0.0024850572351951075,0.007511125254095654,-0.2521591089853778,1.643937163925181,2.1248352910471477,-0.9770016828995339
0.00498875735962469,0.011702788035742998,0.0025373898121541466,0.007503271932144944,-0.2576761766378042,1.6796126319950968,2.1203768931900524,-1.0060478929054109
0.005012502270368599,0.011771735473052523,0.0026383715505556215,0.007462151031025802,-0.26742329333501874,1.749612106031964,2.0919597859232293,-1.0700027224424227
0.005286695332916406,0.012244113918137988,0.003424598933372536,0.007209236434522864,-0.3222950376960259,2.292153662370683,1.9094162163997268,-1.5216606308880418
0.005278936526186779,0.012212303504603159,0.0033856633428869802,0.007240893248546042,-0.3217290052403104,2.2653696338311473,1.9341481263633675,-1.4953508170879302
0.005196540719041525,0.012015400152613572,0.0030943083965408445,0.007391595058033669,-0.3074520635976636,2.062456740527954,2.048017364916921,-1.3149144235515238
0.005215186021229628,0.012069145097394698,0.003170745280516408,0.007349094252180354,-0.3117021394658252,2.115845183704622,2.01632354687125,-1.3638787675612336
0.005201721992341241,0.012042818262728109,0.003128550288750877,0.007365908591149013,-0.30921792475709736,2.086514476116566,2.028692287252554,-1.3388390810788378
0.00516816523118221,0.01200365617605216,0.0030506064252222337,0.007376846274920419,-0.30321888218622634,2.032690749012762,2.03583176252091,-1.2980673968952157
0.00519433372027074,0.012096256336859089,0.0031741146745252057,0.007298140551357531,-0.3095129130300596,2.1187119126227434,1.9767764671541137,-1.3795918354289791
0.00524132036316495,0.012193431081162949,0.003322713757293486,0.007228689418640805,-0.3168503575509747,2.221479710454688,1.9241167721532162,-1.4686155120851205
0.0051835683502848085,0.012127106967382738,0.0031919562377090366,0.0072526880598175105,-0.30882503161391883,2.1312710460853617,1.9416724166582362,-1.400281704640904
0.005197317336136741,0.012161914342167637,0.003241141163704911,0.007225183826194756,-0.3108492542107812,2.165087275668572,1.9207526654995282,-1.4308320293372472
0.005141432606912531,0.011986591905766147,0.00300359365568049,0.00736948661577225,-0.2989034933135038,2.000619327596022,2.029308224998602,-1.2774550589126965
0.005127480952522342,0.01193489119032081,0.002933915412575591,0.007411298577010324,-0.29449279176540943,1.9519086798948304,2.0600846946058042,-1.2312201453838105
0.005117133572773561,0.011966986048671628,0.0029569241022894244,0.007367035535957705,-0.29479562047629354,1.9688213224847961,2.0265519582875027,-1.255563156747222
0.005993084188870055,0.013284997410499265,0.005059137936202843,0.006176061921164909,-0.2583040069094496,3.337637060219706,0.9852992986259438,-2.375683183119513
0.005878172718907965,0.013202128794292866,0.0048545856188076065,0.00625714922387731,-0.27332964343895133,3.204618980059447,1.077991932935196,-2.286973132171902
0.005929513077838968,0.013218467733146454,0.004941969022044607,0.0062562426886902,-0.2699213825145727,3.270227860405465,1.0657035351714461,-2.3258719696507995
0.005896626053262226,0.013226574939380264,0.004889836919611611,0.006226716116373893,-0.26961674038829525,3.2233303466648526,1.0494051762976546,-2.302130620377391
0.005976814793138296,0.01326067804334798,0.0050282173158584026,0.006209152444846082,-0.2623715067190369,3.3232178220645165,1.0161756079030362,-2.363111156614115
0.005950092789440372,0.013240874651965426,0.004980343980873787,0.00622932928127104,-0.2661756168574551,3.292287794602401,1.0390567527467744,-2.3423996415289605
0.005966568410160759,0.01329041036719702,0.005015836595643007,0.006155061214312095,-0.2585048914669916,3.299049139469466,0.975208805486192,-2.355758902929258
0.006052612377067214,0.013307520167075608,0.005162493191787004,0.006164589181973209,-0.2519143411784703,3.4139152613378703,0.9602055576236993,-2.4211728562005503
0.006034442051023742,0.013294658853083993,0.0051300796485237235,0.006178427231198579,-0.2549513351347766,3.3929074834087696,0.9763956618015882,-2.4073827904760248
0.006052572457358294,0.013329203408010363,0.005164680709205272,0.006127706726130667,-0.24904144442160278,3.4046100307493203,0.9304318750146112,-2.4202305166207805
0.0061286876854381245,0.013384278363917132,0.005298711059953594,0.006063994200957635,-0.23578392875966883,3.488528890496412,0.856962853839078,-2.475323573234341
0.006112349801084756,0.013369755177702593,0.005269892935456674,0.006082737798481142,-0.23931097773594345,3.472174932979898,0.8769510954164238,-2.4639875704907475
0.006067842814442877,0.013344682159905346,0.005192023250131823,0.006107773351167182,-0.2456473015625187,3.419646819124781,0.9100843881472028,-2.4311906847588944
0.006087728604069581,0.013365640250767426,0.005227431383798387,0.006080073241014437,-0.2414093759388878,3.438336064877028,0.8821376217952609,-2.4450246830241587
0.006007904249672773,0.013304964197986968,0.005086644258205983,0.006149280214133436,-0.25473044192650596,3.3510173138140122,0.9598900930325199,-2.3867417263353583
0.0061436466537153275,0.013425752409294717,0.005325291008513918,0.005997923807852274,-0.2288453792087768,3.4874718177105564,0.7997465028285408,-2.481632278701858
0.0061262623387673834,0.01340764406767243,0.005295168035342918,0.006022821928026695,-0.23281351339065343,3.4724051611187163,0.824868156382677,-2.470553595804348
0.006176929540675427,0.013490886481656713,0.005380995521791249,0.005896811996681839,-0.2171505140874583,3.495930253865842,0.7098936154571253,-2.4959470552079996
0.00617129762473314,0.013524809766257834,0.005369318708094412,0.0058371061081444525,-0.2132750333565252,3.4661211104199263,0.666274396894231,-2.4843089184222182
0.006154771744062509,0.013473494724071673,0.0053436982331396534,0.005919673280597386,-0.22139338198297068,3.47523435976191,0.7349987748225751,-2.482241771657726
0.006133438765812015,0.013454621357950725,0.005307654356277027,0.005944907172790414,-0.22585848200037642,3.4561822150384196,0.7615504785968773,-2.469111824130234
0.005850531218528468,0.013137836012987708,0.004793601424254745,0.0063464897735852266,-0.28245604652639017,3.180375463237087,1.1561817659353057,-2.2599400832869265
0.005857111557376947,0.013174857107138978,0.004814030861164153,0.0062903368274319785,-0.27746929669739057,3.1824446333880085,1.109276747756091,-2.2692230864274276
0.005845307408811819,0.013211693728522303,0.004803939992303914,0.006225245898409609,-0.2725994928521002,3.159070291386389,1.0598002566902582,-2.2641488938692187
0.005822923229272945,0.013121782890486986,0.004744666037373726,0.0063570920617262725,-0.2847868416505625,3.1461754565424926,1.1702633402154754,-2.2379195397666094
0.005796608344987836,0.013098698489675938,0.0046957255297522685,0.006379107288453377,-0.28778438354392727,3.1146428357388287,1.1931746838178758,-2.2156773009177866
0.005751888180216528,0.01304978840054657,0.004608861109366897,0.0064302103204944994,-0.29389050783612575,3.060881621646125,1.242669930693578,-2.1752664788492213
0.005767538923707936,0.013077435708193055,0.004642944610182979,0.0063960412352357604,-0.2905082524295028,3.0790080137091644,1.2122248348918527,-2.1916002127339627
0.005722670557322229,0.013037373748638805,0.004558914372447578,0.0064321533298260245,-0.2948017921324731,3.024423054829047,1.249083290600035,-2.152812302636375
0.005721219070125082,0.012914615357303887,0.004505852595574792,0.006621738313994042,-0.31016164505159577,3.0201872369804765,1.404857483506681,-2.1180807154770807
0.005704212671329151,0.01289419939088915,0.004469911775651525,0.006641877567954293,-0.3121210934331237,2.9967202069963523,1.4238436638354115,-2.100033134040992
0.0056931664340586574,0.012873820355307729,0.004443000400581365,0.006665708575765343,-0.3140890208632936,2.980533930110257,1.4450282335287319,-2.0856770770343696
0.005672655024566558,0.012860398924477556,0.004404879279252641,0.006672022930393284,-0.31478152008651006,2.9530712959441794,1.4528074058597298,-2.0675963134824475
0.005655509562443959,0.012839735845701637,0.004368227434249197,0.006691429328313909,-0.3164383944612769,2.928772084694877,1.4708647896200027,-2.048921799909213
0.005618545335544581,0.012794225444606866,0.004288164753503101,0.0067334249290519005,-0.3195248146362873,2.8756820782878525,1.509503803410633,-2.0078338827826614
0.005634962616591918,0.012817933172947325,0.004325691100472963,0.00670974173349776,-0.3177855996830851,2.8999762231206785,1.488269022873945,-2.0275535479040676
0.005711779617096064,0.012943353950026505,0.004504124612333848,0.00657088734792026,-0.3062678862900791,3.009918606519704,1.3640453412873048,-2.120858073270775
0.005705511060766308,0.012974484374604163,0.004507737265370689,0.006518758427288243,-0.30228642070087614,3.0032900865621532,1.3221993012789355,-2.1257192591589935
0.00569692192308375,0.013008524085798893,0.004508275592472451,0.006461064578720715,-0.2978524627507943,2.9928537186701694,1.2765646599518277,-2.1288715805464133
0.005443032745212115,0.01251912297641274,0.0038570757457540225,0.006989784009645444,-0.32957567877863414,2.5888777558479004,1.7319093970323538,-1.7711843584549911
0.005433698098830106,0.012548557437026625,0.0038659781682736393,0.006941850207820734,-0.3267779631094854,2.5917439822453336,1.6934952903676437,-1.783780688878344
0.0055920578668894935,0.012793091769253565,0.004248191207304581,0.006715925670925075,-0.317859567038588,2.844038939571716,1.4978857726652115,-1.9914136262565996
0.005580558698611614,0.012737630236595097,0.004199366622734464,0.0067891693974109065,-0.3228563590500559,2.817731068583051,1.5591092097537118,-1.9604666224114704
0.005572123030753989,0.012774306616959651,0.0042083214614025205,0.006729132757294458,-0.3188439845723392,2.8167224117298972,1.5106865904207265,-1.9717210858641987
0.005557380199056751,0.012710094228137235,0.004148812352664622,0.006811864277686465,-0.32414232281986727,2.7835194113527666,1.579749457056275,-1.9342957716051292
0.005533979792215002,0.012691155979840309,0.0041031995936333015,0.006821354088007275,-0.3241294672462873,2.75138132900694,1.5893471038327454,-1.9119561325917478
0.005510678346731179,0.01268776887403664,0.0040677205763056095,0.006808375859690868,-0.32241563134783274,2.724176349875794,1.5804604510834253,-1.8973491641889542
0.005491371649156835,0.012665560364899428,0.004026202947688209,0.006825087669793916,-0.3230251892406852,2.6960015973344476,1.5954806291724657,-1.8759563456561856
0.0054689785103010395,0.012634335008042645,0.003974318310249488,0.006851553234325838,-0.3236772708286108,2.661469099962115,1.6184279171794407,-1.8483251631590816
0.0054397608734202685,0.012613805638139687,0.003920004269162263,0.0068571678453981785,-0.3227927314810403,2.6232749122992156,1.624806680538832,-1.8225274916641554
0.0054112236920364236,0.012571396187731839,0.003851677698060499,0.006892574360732903,-0.32308294768662044,2.577687850989704,1.6547425826721918,-1.785468228655365
0.005417844404143117,0.012598283057108679,0.003879375653017982,0.00686122922932055,-0.3216712958361569,2.5947229929575557,1.6292107665159015,-1.8032061857090416
0.008078539202750685,0.014833248351635301,0.0073608569415799996,0.0029251890092501726,0.15533665846231062,3.1266156797445706,-1.9061787235175225,-2.021119468401063
0.008019024884028605,0.014833611891630087,0.0072880131446552065,0.0029855642876828303,0.14471977018696444,3.12961560433452,-1.8387681110930874,-2.0439376184342497
0.008045938821236658,0.014844213267494267,0.007305289786024008,0.00294547838211545,0.147874016898404,3.109486348512137,-1.8667046487380865,-2.0236501964308444
0.008104760259079634,0.014864903621512326,0.007344991456605552,0.0028600648947912154,0.1546331256573321,3.0676140874702216,-1.927236024298262,-1.9800807105773326
0.006451330920603743,0.013762834502657568,0.00580663081393687,0.005478442969191361,-0.15083899887865315,3.6562991843340344,0.2913246138925271,-2.609230774884967
0.006428630614666378,0.013748751528066145,0.005771483632552722,0.005500925338576037,-0.15582038179256566,3.6394356615752246,0.3174587659529185,-2.5994490666389947
0.006403123023567607,0.013742820459588889,0.0057289490128868475,0.00550854208279462,-0.15989513629567545,3.610461207063301,0.3344804370336447,-2.5836935676831505
0.006327917175695854,0.013663996407199824,0.005618668360120129,0.005634363368911665,-0.1788841698332528,3.5789682538301837,0.4565041878292106,-2.5607684273232514
0.006337841000956835,0.01369537901562603,0.005628707428301468,0.0055818227697006445,-0.17398010735463154,3.5653192056344167,0.4145743471169963,-2.5560499780997556
0.006372706322318164,0.01373166474861516,0.005679554667986457,0.005524225835900458,-0.1653942283565832,3.5798447486824077,0.35892706391354995,-2.566578206849776
0.006348601349174541,0.013720274523387482,0.005641099813229522,0.005540623766285014,-0.16994588052040485,3.557791543970086,0.3808191000282012,-2.5539002602518477
0.006445642237694663,0.01379799946696227,0.0057850135415660345,0.005416944373469907,-0.14803000774608968,3.6128012075339093,0.25167725294871796,-2.587960955578239
0.006496820900950682,0.013871993932405409,0.0058455067119835705,0.005291959254525222,-0.13326443656403833,3.601823765079263,0.14374999092407295,-2.5846123465034445
0.006446314188601446,0.013831275674932208,0.005774569684480072,0.005359864950127732,-0.1448682979555776,3.579969138586,0.21305006625071382,-2.5718694316688624
0.006466864880999466,0.013855584692630984,0.0058007359614876755,0.0053192622023162115,-0.13956391140998756,3.581107926546768,0.17634554927561585,-2.5732901731544824
0.006591301499187238,0.013939613907149219,0.005977509404495423,0.0051744285863290634,-0.11247917457367529,3.643850285238473,0.020224993402776923,-2.6070241726850685
0.006571036731510316,0.013920251061242738,0.0059518758360718625,0.0052085095173528126,-0.11740392333241331,3.6412912297390734,0.05233304022409492,-2.605762063481531
0.006546309758152885,0.013914115814296708,0.0059123115257221906,0.005219750260439495,-0.12184809291573921,3.6174057011949414,0.07242472034253604,-2.593371157500123
0.0065231892687326685,0.01389448916275373,0.00588131673743388,0.0052536195678288015,-0.12719884323127542,3.6104939407901333,0.10572169801936261,-2.5895622001943015
0.006239290885025591,0.013604249965469179,0.005476890926476976,0.005719206226090326,-0.19626236002979816,3.504563308666477,0.5535146903412222,-2.5146173274751766
0.006257464663975393,0.013632272203696644,0.0055035935972218425,0.005675342984188938,-0.19099802026476984,3.5079890340392663,0.514459734955926,-2.51936125553631
0.006231659531225803,0.013636847174576978,0.005459019593830687,0.005662109953515493,-0.19308995547573654,3.4696908492600107,0.5147947560537305,-2.4989194674352104
0.0062986865263359735,0.013659150529768188,0.005569266415869225,0.005637452070106078,-0.1830235920811711,3.542746104094213,0.4706687790200255,-2.5407803686372055
0.006273010306352538,0.013653700017738458,0.005526357252779243,0.005641924033165974,-0.18666595349535514,3.5122092629406625,0.48416463964389783,-2.5237030835159495
0.007544407899458664,0.014558651696810206,0.007010595067396261,0.0037759393404807966,0.08482936934396025,3.531900094978816,-1.2890095015348955,-2.408391720252982
0.007522913571316128,0.01455310763570836,0.0069853222046780865,0.00379987780066897,0.08064077770027087,3.5318770712865715,-1.2632448775438103,-2.4137304130295067
0.0075060664095659545,0.014533974002103846,0.006982861728857559,0.003840587717733609,0.07887299589096107,3.5584815442972864,-1.2388686631984538,-2.4328064921459123
0.007482199155021948,0.014522029878637205,0.00696094908552123,0.0038754089255017264,0.07465499463964215,3.5679200324121703,-1.2084441771719163,-2.4438552806290677
0.007404051596717258,0.01448845993576812,0.006880271627016443,0.003979019244402673,0.059934412150542425,3.584462022401843,-1.1099963974119762,-2.4712428494362064
0.0074283227546409975,0.01450520917917726,0.006898565822642426,0.003937548071392161,0.06403096340885828,3.568662057355344,-1.1428108620543267,-2.4568926012010337
0.007454569107019171,0.014522314192071301,0.006918883122169333,0.0038940038608286367,0.0684447603512745,3.552589022149667,-1.1776336561752128,-2.4418225097309336
0.007376867225324076,0.01450425367263279,0.006821297000202943,0.003972204341490807,0.052863126672374326,3.5404192348585615,-1.08663690048143,-2.45228838782808
0.007345052291153469,0.014479554942629905,0.006799385902738082,0.004029655235759708,0.047660835480607476,3.563908694412689,-1.0429061709776033,-2.4723189360803954
0.0075545909494286485,0.01459038441408922,0.006987264937439313,0.003721705751056097,0.0842915147254044,3.4787820926942663,-1.308082928468165,-2.3760011357793283
0.007554556697798651,0.0146260741354719,0.006944197203394463,0.0036700772473784835,0.08081532848600702,3.4150809680932546,-1.3156464607318716,-2.340083246069202
0.007935353282001043,0.014817779079585786,0.007207002737841683,0.0030871069312227825,0.13216116880137943,3.157739382418533,-1.7476883993256027,-2.0873737286823633
0.007962083957916134,0.014841161738545671,0.007207274191023508,0.003032363207788562,0.13348126062936097,3.117232734995591,-1.7737672140761889,-2.0564634222710296
0.007992071544705675,0.014857152946095237,0.00722127246306731,0.0029835958565974587,0.13649161863532946,3.0890473044282114,-1.8040671508531663,-2.031113762943835
0.007880759531570832,0.01481012727200341,0.007148736380317403,0.003148051143025915,0.12325214591776175,3.1680364175009346,-1.6877278033132719,-2.110463326627538
0.007907194872018707,0.014833347665883474,0.007150046248944407,0.0030942384966601132,0.1248331970140477,3.129363418794968,-1.71427236659941,-2.0808325611251592
0.007848988248974509,0.014785284134366517,0.007142010767510061,0.0032089819573045473,0.12084751649673263,3.208689345473089,-1.6545235048658422,-2.142760145025848
0.007851604242229106,0.01482497570327139,0.007091539000697135,0.0031558319447797223,0.11644411269138136,3.140082671943005,-1.6543764860739152,-2.103803594055482
0.007809934277656922,0.01477921158791494,0.007099525425207532,0.0032519026659014456,0.11435277671110695,3.2144364448509593,-1.611376528500801,-2.1577058601825434
0.007741650238057742,0.014758612728838426,0.007036835029642621,0.003338130302095011,0.10396554095723169,3.238793879237171,-1.536288421264226,-2.191003242400885
0.007774612447865658,0.014771583419462428,0.007063418639718169,0.003292800293333577,0.1086561003695654,3.2223077082612073,-1.57254057797992,-2.1724031261796193
0.0077109074596596675,0.014739677201676167,0.007020206379783202,0.003389191501161862,0.10024284294057027,3.265086492069333,-1.5019269506865045,-2.214339606932132
0.007681759593632184,0.014720293179325229,0.007005542802626638,0.0034393547405719665,0.09677306589842277,3.291759835529408,-1.4686621906561745,-2.2373602573215483
0.007653326722288703,0.014704962948067559,0.006986018730210719,0.003483216196151402,0.0929008401668764,3.3107820684864557,-1.4360986764395116,-2.2557204417480263
0.007602808627956597,0.014661967207393491,0.006969122730646059,0.003582596220378238,0.08730324026102897,3.369870413866732,-1.375248373752836,-2.3022694432604225
0.007625946314116991,0.014687807907573827,0.006969572267858367,0.0035285447836440956,0.08920880223586182,3.3324263343760805,-1.4042218367747967,-2.2751068548210553
0.007567387699217817,0.014664036355364547,0.006916753486207675,0.003606551451619895,0.0801348467117259,3.3538126876185808,-1.3368397302098929,-2.3020858439321192
0.007165906221385724,0.014335900859017557,0.006661381246305228,0.004354296150588313,0.014476288830652575,3.6786136870709494,-0.7834569086921722,-2.5709428336717335
0.00713716493210639,0.014329139097622436,0.006621093180364856,0.004378763269289218,0.008343311308004394,3.6656985227045253,-0.750958588525518,-2.568408218650514
0.007313799994420467,0.014465287283370175,0.006766350548339725,0.004070311544111878,0.04171086355508444,3.568441851190537,-1.0038494443195063,-2.481237085243517
0.007288078253545727,0.014447503257904537,0.006744987864906129,0.0041127608105892685,0.03694977588664946,3.5817140739600775,-0.9688664383322391,-2.4938619742947274
0.00726209953403441,0.014425042651927492,0.006727390506275,0.004162422906585676,0.032364719107369995,3.601924918226917,-0.9310563224321428,-2.510330756608985
0.007238945596310212,0.01440296844379086,0.006713136144948753,0.004209793507372207,0.028236935533271088,3.6226950774257545,-0.8958166725258373,-2.526450799839834
0.007215027464858502,0.014381151337114368,0.006696741894030029,0.004257037298022318,0.02380645773915678,3.6416154419903166,-0.859550592628029,-2.541515532862612
0.007191890911815331,0.014359224268684053,0.006681042214251601,0.004303915715631406,0.019476474074317834,3.660504990670931,-0.8235504180982945,-2.5562753820592765
0.007061957124427602,0.014265563943959909,0.00655492858620533,0.004515345412825848,-0.0072286774526863365,3.7027722791925766,-0.6359350037298767,-2.6007570232401895
0.007038661603840721,0.014276503015254311,0.006507156587020675,0.004506574586058213,-0.012247460068931465,3.6636606780648564,-0.6222191492259163,-2.5820776030344206
0.0070762541626252975,0.014288388844641318,0.006558518213410347,0.0044719127615264614,-0.004359471692390236,3.6789503017984333,-0.6655115149823669,-2.585293057914441
0.0071106524068498935,0.01431929242819123,0.006587072158154002,0.004406717365544463,0.002844946841260369,3.6591544419487434,-0.7190055782910917,-2.568937547693327
0.0070880683963407895,0.014310338905469533,0.006558391975175966,0.004431088996772065,-0.0022134838770741638,3.6539661792514266,-0.691638141867924,-2.5694595546055488
0.0070200205867664844,0.014273421217745467,0.006479205010815152,0.004518802459856694,-0.0161609633691757,3.651267288538701,-0.6031680506867022,-2.5776490652621358
0.006996178077717726,0.014264826252490254,0.00644726171786617,0.004541743665361119,-0.021120032446440767,3.642406961899546,-0.5756732801535714,-2.5758114535826984
0.0067613683973893,0.014056961219772847,0.006204029098219556,0.0049540279860668035,-0.07406967685125786,3.6985433263550886,-0.20896046390324877,-2.629948832196355
0.006787716790238544,0.014101696205494766,0.006220265288105357,0.004873010964815283,-0.06685127343539249,3.6672019016977333,-0.270314432132621,-2.6110682076005403
0.006764780386909665,0.014087181624848974,0.006190833843234785,0.00490205514906469,-0.07195349094449792,3.661453646137166,-0.2402294436751264,-2.609520221939869
0.006967333620548653,0.014261707407463865,0.006402590830810017,0.004557116207400653,-0.02704170270086326,3.620295849953876,-0.5481039685598504,-2.5669763708293467
0.006963552240312856,0.01422990808269864,0.006421755416485886,0.004610707700230334,-0.02825014689433533,3.6646729549194546,-0.5206227087790256,-2.592452163794503
0.006936922226710875,0.014219034458173985,0.006386196980516033,0.004637460308302887,-0.03393186143423401,3.6549398042569323,-0.48932349157489435,-2.590136467252437
0.006913476393763564,0.014203118677241462,0.006359506333165412,0.004671137556094298,-0.038978275971272965,3.6552411735589927,-0.4569498785551231,-2.5929101840211093
0.006886808274811582,0.014187199702816445,0.006327068031364254,0.0047053998585548235,-0.0446612060607177,3.651559760840278,-0.4219768738962821,-2.5936736741894824
0.006859836223036533,0.014181876938338157,0.006286126069360444,0.004721678390696889,-0.05005099823395851,3.6316373059827383,-0.3959771763188544,-2.5852080256313053
0.0068406455414420945,0.01416241729377527,0.006267985820622585,0.0047590313415614765,-0.054437886139183315,3.6394165708344097,-0.36445535561165116,-2.5913623273790383
0.006821283087692383,0.014141255010103715,0.006250296221892287,0.004799082445234571,-0.05872854845968802,3.6486865483103825,-0.3312140163948831,-2.5982080748338565
0.006791542793383158,0.014134418855639973,0.0062052000335224,0.0048172551925178145,-0.06474188916893088,3.6262687736127606,-0.3027690504607232,-2.5882654467175708
0.006619065620032049,0.013988839970024494,0.006000394191731721,0.005088583091594868,-0.10408969145712398,3.6186425774851085,-0.047471561837517634,-2.593293097574628
0.006587572247451674,0.01397395994711234,0.005954519559443691,0.005116157109174401,-0.11049798709507895,3.5987183780128222,-0.01369357996691701,-2.583376142480677
0.006728014340424811,0.014052605049926973,0.006149867541294361,0.004967041777874993,-0.08051300405361496,3.6658654926658945,-0.18133689367455882,-2.61421441993569
0.00669631737081763,0.014040607283608795,0.006103135150977462,0.004992141407280766,-0.08726018014948854,3.644966893923229,-0.14815907780980384,-2.604564594001791
0.006621451105323476,0.014026178928835004,0.005984979021529949,0.005025430991754987,-0.10110346566448937,3.57630935922106,-0.08643190858058993,-2.5705017989763976
0.00665521910128722,0.014043094125792775,0.00603243619032017,0.004993319091121883,-0.09414791385635145,3.5943972542019362,-0.12396240066401153,-2.5790363722098006
0.006164150707669108,0.013561513203483795,0.005354341062219871,0.005772983160996239,-0.20917283202042886,3.432322123085549,0.6207195925006507,-2.47030425953927
0.006201729544284168,0.013583467224959294,0.0054156224164268315,0.005745598258046102,-0.2028382795129389,3.4683011094494707,0.5869796146204177,-2.492566878223513
-0.00528681172689935,0.01206091464493568,-0.0032450268399359067,0.0074290831959539245,-0.3216076668124545,2.1660625913037115,-2.0806119420555724,-1.3764326787186187
-0.005256289395423103,0.012056031366106446,-0.0032044748678915027,0.007404375712597029,-0.31719138236066563,2.1383076530421117,-2.0602351980843476,-1.3642036494974061
-0.005289014039598593,0.012084779317056057,-0.0032723825266339043,0.007403266249387467,-0.3224840728061555,2.1856277492788494,-2.0607745626604412,-1.3971522774117051
-0.005299349093619258,0.012103599793510712,-0.003303917801850155,0.0073912063729938944,-0.3240549985176139,2.2078404422976843,-2.051823905903582,-1.415753199114656
-0.0053019143182040955,0.01212851762717672,-0.0033321816091969954,0.007363968119889084,-0.32474626983759786,2.2279924908012045,-2.0307212000481374,-1.4370755162404594
-0.005327383467767556,0.012177854397155654,-0.003411888682878322,0.00732888868291525,-0.3282246692248801,2.284110023421339,-2.004060852688426,-1.4847801755773686
-0.005313872593158173,0.012157244931064286,-0.003375187714812766,0.007340959522025824,-0.326487687537881,2.25826073865256,-2.013142342675346,-1.4639755151558715
-0.005319390808656531,0.012198336116107135,-0.003421872367503134,0.007296068802405115,-0.32714278247848183,2.2910972414720976,-1.9781388377468692,-1.4982812113169233
-0.005341203750169749,0.012243435161155516,-0.00349155205452879,0.007260765862381255,-0.3294136448323571,2.3399202783994686,-1.9506768111306736,-1.5405236417804133
-0.005329238020689287,0.012219338229750312,-0.00345402147379345,0.00727950255159359,-0.3282318477376067,2.313603451695878,-1.965282713584238,-1.5178832188286178
-0.005353060052172093,0.012270016361976586,-0.00353103039339775,0.007238400200215578,-0.3304341359311565,2.3675242327399633,-1.9330950939897626,-1.5648515424873102
-0.005371868639602689,0.01229593063146843,-0.00357852338656156,0.007222877550774643,-0.3321785170377411,2.4008595085881024,-1.9208909954138529,-1.5911198482563595
-0.005212619429603948,0.011883263935383309,-0.0029675942179926396,0.0075524096713377705,-0.3033025099187973,1.9698646947176612,-2.1697908148152756,-1.2033373152220186
-0.005224354957196862,0.011919772267361607,-0.003021509885620856,0.007525100871405129,-0.30716096968956014,2.0081077519509125,-2.1502016176804504,-1.2385076047555195
-0.0052240831777318805,0.011937962033566743,-0.0030414664703852104,0.007504926935903105,-0.30815917598066567,2.0226273890575186,-2.1350589572593535,-1.254655728341086
-0.0052112713017636245,0.011906154148939033,-0.0029920377804888683,0.007526402392689052,-0.3045885905489661,1.9877717696452202,-2.150362179617674,-1.2237231058548892
-0.005214462573789224,0.011952957880119316,-0.0030474052876398204,0.007478657538882745,-0.30741976325847614,2.0276618090751115,-2.1146964025494817,-1.2658357813051573
-0.005218833737425751,0.01197556772813628,-0.00307680117897736,0.007458093434809979,-0.30906526793368155,2.0486220094379166,-2.099431894032289,-1.2864858941090909
-0.005226375103337883,0.012001392608568626,-0.0031129228455599087,0.007436833469494533,-0.3112803558027167,2.074152690567032,-2.083709617010609,-1.3104272511059298
-0.0052392603442060655,0.012023371753202781,-0.0031507838687105326,0.007424868319573158,-0.3137396989240884,2.10060717695495,-2.075178668702318,-1.3322745253140649
-0.005232482098141603,0.012047229298501105,-0.003168008236279264,0.007390989403414406,-0.3136532300171599,2.113258183713637,-2.049101109083274,-1.350511686778108
-0.0051895242124627376,0.011872239087136598,-0.002930461623275021,0.0075402279920551455,-0.2992083727506644,1.9448944853498207,-2.1592719228234536,-1.1891374880434693
-0.005103601455565261,0.011713691057731901,-0.0026584126252645296,0.00761089799627226,-0.27352567481521334,1.7560279542326562,-2.204862780546339,-1.0308292824404564
-0.005128174001954643,0.011732670188153818,-0.0027049762110817155,0.007618307139774184,-0.2788379709770193,1.7871692269532267,-2.2119794263013675,-1.0515220026270915
-0.00507184757331387,0.011715340127415132,-0.002629979387006292,0.0075762480618404215,-0.2694417931041382,1.7387004255333143,-2.177783012088533,-1.0284367542302462
-0.005127695965434502,0.01176312603354935,-0.0027407032307287683,0.007587831046862608,-0.2817939544797374,1.8130988045646184,-2.1899846330453063,-1.0797116026000342
-0.005165756140415672,0.011858571826949554,-0.0028899545506798903,0.007530112506212131,-0.2949775773361407,1.9175367467035398,-2.150327879495487,-1.172508527175311
-0.005131850941282822,0.01179336935723683,-0.002780265218966901,0.007561966290417482,-0.2850294202826475,1.8413045583706078,-2.1714909324695344,-1.1080079441407067
-0.005139435728295701,0.011821579393382063,-0.00282054144536187,0.0075412324128199095,-0.288413519137592,1.8696909201787228,-2.1568373766887903,-1.134745408341926
-0.005146762825663163,0.01184500477269184,-0.002854823335281345,0.007524718413504714,-0.29122092319420895,1.893806492911046,-2.145164911371447,-1.1570183910014045
-0.006077794418942114,0.013216738912499238,-0.005193207869097951,0.006332992944621249,-0.26365302946787034,3.4872528714842126,-1.0922388744029865,-2.4411384799609572
-0.006063439014393044,0.01320838348880023,-0.00516671783118051,0.006340372942244195,-0.26579753761533603,3.468124604780631,-1.1022522502142016,-2.4291383522477523
-0.006043781395245332,0.013208906042801546,-0.005132754497841619,0.00632956551288866,-0.266806763213355,3.4380528205225134,-1.0983323416054074,-2.413372381894716
-0.006028331469048181,0.013209981768502188,-0.005106380442359234,0.0063199351388117785,-0.2673538520334114,3.4144881224809422,-1.0941563497539792,-2.4011498270104057
-0.006016492915464964,0.013200563916607764,-0.005084293201240271,0.006330065233114172,-0.2693048773192875,3.39985310400847,-1.1055545217908715,-2.3912630103737698
-0.006004940515825157,0.01318746614513742,-0.005061892335522011,0.006346483379730463,-0.27176504456054223,3.3866784182383713,-1.1220608350608223,-2.3812830983247264
-0.006197687527256905,0.01338280028755427,-0.005419491149850185,0.006092643594097281,-0.22998925231518916,3.593401728649533,-0.8577821890003009,-2.5311800969201506
-0.006180100456263314,0.01336642570384916,-0.005388018911960096,0.0061149568951209335,-0.2340169690553174,3.575741378292968,-0.8816458110819893,-2.518826916567438
-0.006166690145588132,0.01334696436883898,-0.005363584025584254,0.0061440670792670534,-0.23796307756586435,3.5658143200215418,-0.9096700413757387,-2.5099395710198387
-0.006150263090925253,0.013331850517775828,-0.005333782283908532,0.006164025886768255,-0.24156410872783998,3.5484692947507255,-0.9311330254435738,-2.497828234186988
-0.006137567415849445,0.013319682506687747,-0.005310606246394131,0.006180113224519054,-0.24439258775293107,3.535086345313608,-0.9482191985640532,-2.488341915537046
-0.00608535525475537,0.013231384681532513,-0.005208811958031912,0.006311117684287453,-0.26106879408020056,3.4934462830581308,-1.0718555668270089,-2.44773089942797
-0.006126160493119954,0.013306913368757353,-0.005289534676506454,0.006197638194311108,-0.2471503926512226,3.5237839312898633,-0.9660485571091953,-2.4798021988932852
-0.006116308742688508,0.013293706896073563,-0.00527101880432236,0.006216461215596753,-0.2498151717941389,3.5148483200073293,-0.9844667428421111,-2.4723865026734995
-0.0060889183410427474,0.013251126141449134,-0.005217975645086612,0.006278346304975409,-0.25797368689182915,3.491210290625414,-1.043566476689335,-2.4508891275263154
-0.006096467546722821,0.013267504597147881,-0.005233344895979117,0.006253294853013007,-0.2550581135238474,3.496013788220837,-1.020648677500249,-2.4569412151513226
-0.006106611258015712,0.01328099724666511,-0.005252687669027816,0.0062343594025792365,-0.25234229737867825,3.5057036973739373,-1.0020839182585897,-2.464911175031346
-0.006232758270159996,0.0134266515210023,-0.005481333313506877,0.006027224899216497,-0.22033251991139471,3.620199913727348,-0.7931323106717897,-2.5529450950398687
-0.006220929595382222,0.013414584584936669,-0.005460613233469375,0.006044611504085452,-0.22325645430406157,3.6097455483747254,-0.8111862157786263,-2.5453723138488153
-0.006209385251606744,0.013400714744765813,-0.0054402908405931935,0.006065146216959955,-0.22635877301174637,3.6006279955987033,-0.8316500366986422,-2.5381581689668185
-0.006243212997232209,0.013438792919639007,-0.005499477918645666,0.006009103042307816,-0.21753410966796285,3.628282300189723,-0.7749376816672192,-2.5592244118631786
-0.006266093333672454,0.013456861315210308,-0.0055393250656580245,0.005984206030919242,-0.21250660714790168,3.6511506197359007,-0.746833232191563,-2.574248646269773
-0.006250795399684291,0.013452069553469859,-0.005512310364371401,0.005987916279773387,-0.21496842265139687,3.6309441082571814,-0.7553294589329307,-2.5627475739468073
-0.005845712484065439,0.012984846339582615,-0.004734312136616683,0.006591945795435182,-0.3035395985375071,3.1887163234758926,-1.3610483983128683,-2.2253317389715694
-0.00582366978883873,0.012975950516917448,-0.004694943328958818,0.006592136765792201,-0.30445557360704933,3.1583695940347525,-1.3648401975678086,-2.20711609884191
-0.005850981493253113,0.013005039479631641,-0.004750730587099562,0.006562355862292729,-0.3007287762424666,3.1953542034867706,-1.3351370019856255,-2.2344618692037153
-0.005858839062725681,0.013024813165711318,-0.004770901521818593,0.006534966135098572,-0.2980412765757235,3.205168405576987,-1.3106799194365835,-2.2449957862048926
-0.00586944617056008,0.013041954117172586,-0.00479436683042809,0.006513410980494715,-0.29555666310691336,3.218637484811073,-1.2906415683161727,-2.256633750501115
-0.005882784030380287,0.013057395184488651,-0.004821551058903985,0.006496103176713292,-0.29345038236147164,3.2358547926601138,-1.2736167051683063,-2.26973166372715
-0.005892542029232401,0.013073431467329893,-0.00484288904373408,0.006475466602664242,-0.2909609039621749,3.2476871894958883,-1.254454143759458,-2.2800947952422033
-0.005894650915866179,0.013092396594656667,-0.004852292712671042,0.0064453988529472464,-0.2884016009844667,3.2481091242368625,-1.2288659194690885,-2.28514253033951
-0.0059702503276303125,0.01315170290211961,-0.004994858585792707,0.006388763392031794,-0.27818526654995074,3.345150599497329,-1.1654820794041998,-2.3509093988956873
-0.005974767329453172,0.013171593751763548,-0.005007213166674075,0.006357602781766387,-0.27520008718163386,3.3468259329480445,-1.1384561059817961,-2.3564882515537815
-0.00598390950383335,0.013191133507569069,-0.005026983108952692,0.006329386679951878,-0.2719764371291888,3.354852278083007,-1.1128807888176893,-2.365229987730991
-0.005950948753270391,0.013143378937311484,-0.004960281033757913,0.006392268816326528,-0.2799423348938804,3.319069167149826,-1.1727603424254536,-2.335121325678126
-0.005936373862820314,0.013128757506175995,-0.004932027876545029,0.00640871036865926,-0.28243815871286015,3.301153378170891,-1.1896253939177297,-2.322119362899434
-0.0059252742842773294,0.013111574941383076,-0.00490873498521012,0.006431143176024398,-0.2851084294632225,3.2884816748070054,-1.21071277770558,-2.3112145143541736
-0.005902232945639772,0.01311250988323888,-0.004870783391382955,0.006416543552071761,-0.2853771350715353,3.2555996230885795,-1.2033231268920963,-2.294071047426541
-0.0057189088718940665,0.012795672174163629,-0.004441971158360449,0.006805232121107243,-0.3247863216823164,3.001256058243768,-1.5593151824312976,-2.071177506385229
-0.005721289595953256,0.012816788210127607,-0.00445719832649484,0.006774116986373972,-0.32235661753315203,3.008226979673609,-1.532676135647834,-2.081740574722959
-0.0057278801297481205,0.012837611078341481,-0.004478497904704912,0.00674643674371377,-0.3199964171968182,3.0201270964019966,-1.5085226240492806,-2.094518694472883
-0.00573621927545003,0.01285430722001251,-0.0045001210876285365,0.0067263024453281415,-0.31827794143494326,3.0333838167522953,-1.490469533842859,-2.106567306903308
-0.005748237430623388,0.012872664944073473,-0.004528165986394758,0.006705985513036001,-0.3163679002982547,3.051420496058858,-1.4717998135899606,-2.121493794712794
-0.0057561896024268845,0.012895290604634074,-0.00455163025880645,0.0066758586111391105,-0.313747012802724,3.0641756863288276,-1.4453403034623324,-2.134961897152543
-0.005771633310611828,0.012915790516437079,-0.0045856174412728925,0.006653990164151116,-0.3114663096213281,3.086233900108565,-1.4247658358477613,-2.1524392634768916
-0.005787526278699835,0.01294271214905376,-0.004622909890696118,0.006621815815393021,-0.3082943747524607,3.1087874065072474,-1.3954203350648129,-2.171963137216809
-0.005795996628276435,0.012973016264927893,-0.00464923064586118,0.006578938813773469,-0.30456959326978333,3.120708505142897,-1.3582066359635887,-2.1867613725165103
-0.005451542611973864,0.012414648825780061,-0.0037862511347576525,0.007139193087383173,-0.3368615340442294,2.5467404841608197,-1.853147078535022,-1.7083091143917815
-0.005442558228676346,0.012394797662343287,-0.00375754292737995,0.007157852579397045,-0.3369289103276666,2.526897531954017,-1.868423190688128,-1.6907260758571474
-0.005410013243126791,0.012332794346808092,-0.0036608531473077094,0.007210387043700881,-0.33577301080526056,2.459259315607501,-1.9110695757507161,-1.633012573271218
-0.005427361255790651,0.012377215285695757,-0.0037223249054186536,0.0071676004132429855,-0.33591211356413425,2.501889489336671,-1.87645600671002,-1.6719031530368709
-0.005416771079246766,0.012356568847115522,-0.0036905366296831553,0.007185323962970016,-0.3356720361624488,2.4797354101166627,-1.8908388487662522,-1.6528851634902104
-0.005440523134088033,0.012430745653551113,-0.0037846046640327446,0.007107652301543155,-0.3347402303345093,2.543980401432609,-1.8276863241767642,-1.7142269180372156
-0.005444759450678775,0.012450453545951002,-0.0038062468445665344,0.007084727280639092,-0.3341495573312622,2.5583600574746828,-1.8089537355186194,-1.7291427692515746
-0.005456354077626631,0.012473251330400966,-0.0038400966170076506,0.007063797055499493,-0.3339347498977348,2.5816192009324297,-1.7916093638214117,-1.7492650344916445
-0.005381209879032412,0.012326984410977489,-0.0036182134072919527,0.007191474347917302,-0.33234179337154274,2.428264655550375,-1.8957961451807186,-1.6173445195424165
-0.005693752484123027,0.01276679112921402,-0.004386675654236529,0.006830952509438055,-0.3269454627667318,2.962886657959411,-1.5836346375359567,-2.042283267516053
-0.005700488184555739,0.012786730829556095,-0.004408422032275607,0.006805296058945187,-0.32492247884531644,2.975751787455213,-1.5613150047071425,-2.0554783168721813
-0.005669805024609567,0.012761955683882838,-0.00434719411857537,0.006820155215661978,-0.3260630683266908,2.931572272638837,-1.576838531207839,-2.0251479655333138
-0.005615019593156775,0.012703606007707313,-0.004229513195241598,0.006865847916851954,-0.32897888195413444,2.8493060006881445,-1.619919002996766,-1.9643476533405455
-0.005647592050269799,0.01275129573082336,-0.004307268496871334,0.006819468228299396,-0.3259029602056211,2.901556802003036,-1.5783697735968893,-2.006645993376408
-0.0056254602273161985,0.012732583984828957,-0.004262866418159248,0.00683070696175598,-0.32654053410909095,2.86984767707418,-1.5897250133613754,-1.9845720414507073
-0.00549750254188712,0.012496239813530556,-0.003914788630028893,0.0070677410074553625,-0.3368104597504789,2.636037693536973,-1.7937490033934538,-1.7835007032059902
-0.005515966877814617,0.012510868031074651,-0.003951898268258456,0.007063256309487987,-0.33761380191159723,2.662860273318259,-1.7894637265911018,-1.8018131573530398
-0.005469381903870835,0.012498380225991904,-0.0038774889614186874,0.007040548589827359,-0.3336737899540853,2.6071973816275835,-1.772243278835117,-1.7713207990995945
-0.005517131063631324,0.012537710913501959,-0.003973819648297936,0.007026454512377885,-0.3357114236664877,2.6762648153509727,-1.759023146558319,-1.8190605477904722
-0.005580063867099318,0.012647587968699707,-0.004141813473383439,0.006920726331354155,-0.3318855268984146,2.790306326140206,-1.6682406923489614,-1.9154157600186645
-0.005576056643741636,0.012622171644063658,-0.0041187879956019425,0.006954549589480468,-0.33382389145518965,2.776680808722436,-1.6965773329952285,-1.8993450611925964
-0.005554488040987203,0.012602879980762195,-0.004074175296534443,0.006964784444806616,-0.333879882119105,2.7447215120257944,-1.7063362580949994,-1.8768123276761346
-0.0055214229683744065,0.012566078580778085,-0.004000724504315879,0.006989963228400598,-0.3338935908377643,2.693018794269344,-1.7287360455856196,-1.8381918255867136
-0.005532407137115112,0.012589964576551482,-0.00403343385467175,0.00696510537052365,-0.3326759720934873,2.7147911486050553,-1.7076830029451446,-1.8577056438126807
-0.00556522368785484,0.012669322912671215,-0.004134463902906344,0.006877216354438473,-0.32839707634153337,2.7803749838147898,-1.63293777068678,-1.9186181475829607
-0.005583705036945962,0.012694454879509,-0.004177514488213212,0.0068549636717347715,-0.32737752350858934,2.8095579374616877,-1.6131985368118167,-1.9417414587076807
-0.007028580768667736,0.014076262348712038,-0.006657397986750837,0.0048530038779635515,-0.014649449483587042,3.983776726857727,0.44759658020425114,-2.7589096864766685
-0.0070681225080633054,0.01410403665382147,-0.006704591038386513,0.004789724143582267,-0.004821292056669904,3.9817142107066488,0.5110462744091641,-2.7527053225071936
-0.007054898476042078,0.014094998223302742,-0.006688750220612212,0.004810558497265365,-0.008110338619429286,3.98224692960285,0.49003835690894265,-2.754754024751016
-0.007041644435811349,0.014085725979890204,-0.006672902096203953,0.004831701401644551,-0.011393895283460619,3.982875186973726,0.46880798786520667,-2.7568003275645157
-0.00710539466968323,0.014148048074611062,-0.006731994659178488,0.004697793253280433,0.004249574192184761,3.9455577119384384,0.5863210402816607,-2.7279526155852647
-0.007092297196847672,0.014139296299193362,-0.006716759877016581,0.00471833088497122,0.0010575491813941346,3.946728741617015,0.5659269892058213,-2.7304980713098046
-0.007079306411212764,0.014130087288675664,-0.006701967772925509,0.00473952074675647,-0.002023188808116092,3.9485581192273105,0.5452089245680084,-2.73333531988921
-0.007066269306612193,0.014121271111196572,-0.006686603944555547,0.004759930022621625,-0.005224576047572674,3.9493787354806216,0.5248339500376707,-2.7355784301397894
-0.007012516506731312,0.014084437085001575,-0.0066221682396807756,0.004843744190946782,-0.018374383960896228,3.9508109244595864,0.4405152511400218,-2.743228177587039
-0.006999612675847422,0.014074977563490331,-0.006606834058281768,0.0048646710217760255,-0.021578000067345785,3.951516118012204,0.41975258968203893,-2.7451212728504912
-0.0069867780536505076,0.014065430129054722,-0.006591541849496159,0.0048856222352878795,-0.024780884657663965,3.9521773204562263,0.3989855560663744,-2.7469277212197234
-0.00688704709890322,0.013987101960075105,-0.006470542509132771,0.005052035680469364,-0.05020012030313321,3.954577734207455,0.2339804325939168,-2.757550967631168
-0.006900232377074337,0.01399657691145142,-0.006487705697960369,0.005032015474660614,-0.04681243936226453,3.9566284499328233,0.25479076154363556,-2.7575987130090804
-0.0069127633549888505,0.014006516873795187,-0.006503215115814226,0.005011188420101947,-0.04363682224258397,3.9568312490571933,0.2756083972409226,-2.7566694289444835
-0.006925508533539322,0.014015999936486973,-0.006519292212774918,0.004991017719822082,-0.04033807299954666,3.9577653563574624,0.29612339798072745,-2.756052427275168
-0.00692490995806244,0.014030534971607271,-0.006507625254802458,0.0049651282452836355,-0.040108976578707066,3.9337964514070096,0.3104069337625249,-2.743401703480376
-0.0069701664664180854,0.014073908883704368,-0.006555458614954382,0.004875555869251375,-0.028678428472904086,3.918463628269605,0.39216883821473275,-2.7306980577402418
-0.006957308791893948,0.014063637521751722,-0.006540574019303149,0.004897481163117261,-0.03187090822785093,3.9199117039941966,0.37098959924525454,-2.7328359835201694
-0.006944905613761824,0.01405266203466646,-0.00652686104336131,0.004920425812308616,-0.03497905243010358,3.922758635663414,0.3495176669960594,-2.7356179243476735
-0.0069336487953994335,0.014041157056313043,-0.0065154048590233835,0.0049439182161741665,-0.037840641353445094,3.9275618326811212,0.32848080223544723,-2.7392733043356916
-0.006870123525842295,0.013994411625084857,-0.006435093640670471,0.005042506940285235,-0.053844614518261925,3.9216140185047323,0.2280034682379348,-2.7414874391912445
-0.006800861441141973,0.013961498793082226,-0.006332537439126783,0.005114242908844334,-0.07071378164318633,3.8815873552126514,0.13958268304231727,-2.7248628902854257
-0.006836062535252838,0.013986935261339331,-0.006379174041161734,0.005062672125647704,-0.061817726640775346,3.889472483802674,0.19335546784451177,-2.7269455610501514
-0.00681613000270859,0.013974376352838373,-0.0063517085698543765,0.0050886948587068525,-0.06677991487733431,3.882520166293021,0.16483419188897216,-2.724510650373476
-0.0068509187678624465,0.014001032427350582,-0.0063963197319173585,0.005034640341804967,-0.05798900498918947,3.887166863815773,0.21969719412229097,-2.724730999569342
-0.007105010148741838,0.014163796276165708,-0.006717326474266221,0.004670468853273913,0.003927281062230995,3.9173893245661366,0.599036656013228,-2.712726803185201
-0.007131534733235768,0.014181839470295601,-0.006747090501835656,0.004628114896139701,0.010141629341428812,3.913320898108121,0.6402302741820226,-2.7064557689425945
-0.007115986994289106,0.014177019487865181,-0.006724540484994233,0.004643017776628609,0.006312886109799207,3.9057016237407995,0.6207207159947509,-2.7047165024041466
-0.007168053357946331,0.014208736114817329,-0.0067851283166351925,0.004565581082852175,0.01846017522244898,3.9022612208344545,0.6984665755297278,-2.6945020677018356
-0.007158211169549693,0.014198103889801465,-0.006778164926189009,0.004588335992285276,0.016345998150027286,3.91152815735279,0.6802085633489164,-2.701192007493523
-0.007142561039769891,0.014194828677451189,-0.006754225430887198,0.00460091345120444,0.012484677946972054,3.9015258861085718,0.6616210688074746,-2.6982837495763405
-0.00627097422480644,0.013476442029875002,-0.005546599611359545,0.005950728835305847,-0.20933034694770616,3.644685748563693,-0.7184477901336384,-2.5737944017222065
-0.006278779059299903,0.013495508752990699,-0.005558820313979891,0.0059190449498624,-0.2058158825657446,3.642670069433001,-0.6906385405674406,-2.5754931681542605
-0.006314122678979699,0.013534881137057751,-0.005617238495200699,0.005858422254486141,-0.19637863562896396,3.666021259137488,-0.6299035494574313,-2.5932873560547653
-0.00628925208372999,0.013511983975701053,-0.005575751449257219,0.005892659878548335,-0.20242022851745656,3.646207221229831,-0.6660792749904187,-2.57967667015325
-0.006301421115830087,0.01352547826394386,-0.00559582344069971,0.005871903530072802,-0.19920620252250212,3.654224599469027,-0.6452894342484834,-2.585770793372188
-0.00644143769224049,0.01361887754948634,-0.005830630870415478,0.005733977474602324,-0.16801649206355787,3.7857797075415496,-0.48085988857551637,-2.6662622016411035
-0.006468039481614521,0.013665945725540344,-0.0058662507536719624,0.005652545877193385,-0.1584993967355678,3.7790927559994185,-0.40800958627374045,-2.6670871687441804
-0.0064567010536007,0.013653270963920794,-0.005849305799986649,0.005673926799061619,-0.16176021181269498,3.774927015280221,-0.4290813757697752,-2.6638172500755366
-0.006446488100501024,0.01363902671574992,-0.005834645592645239,0.005698201963805429,-0.16498488064318761,3.7737177916017832,-0.4518209365194518,-2.6618892402445513
-0.006497340188194565,0.013693483618244377,-0.005910913892092107,0.005606191413714037,-0.15069584459688287,3.7941009526505347,-0.36014774144664613,-2.677082394023863
-0.006480022644587067,0.013679053801346649,-0.005884058712454818,0.005630338853176957,-0.15509677578380862,3.7834863854355176,-0.3860215461806947,-2.6704488688110466
-0.006356800349474183,0.013580794507727475,-0.005686135445566482,0.005786414755286678,-0.184960337536939,3.6922727499369783,-0.5573392174141788,-2.6128607935245336
-0.006322103781632085,0.013554928231108024,-0.005628566896637023,0.005824668267663264,-0.19297002473188457,3.661889697663543,-0.6006885267253282,-2.5936447029416336
-0.006341880810198848,0.013571132768186518,-0.005661199657284593,0.005800385366781828,-0.18811659099671393,3.6781031660537806,-0.5741210813747243,-2.6042213120362008
-0.006362721482933452,0.01359557278284046,-0.005693909515032072,0.005761254691612824,-0.1823448816073648,3.6883496547717374,-0.5357753298453761,-2.612437038706585
-0.006421870871787222,0.013618308804432155,-0.005795269358531189,0.005731650025550761,-0.17117008974811046,3.7565242843590494,-0.4879984753032282,-2.6508454202016414
-0.006404580369808262,0.013615625727943918,-0.0057646998820648394,0.005733410159732091,-0.1740762782170048,3.732912637992459,-0.4969567130485571,-2.6381400452178343
-0.006387410601016089,0.013615000674753823,-0.00573402417865676,0.005731368713129771,-0.17654621731879838,3.70778842292841,-0.5028183817142439,-2.624810000544582
-0.0063705592156487485,0.013610690437860385,-0.005704846599810253,0.005735859825062193,-0.17943025398098833,3.686700010745791,-0.5133816402264831,-2.6131738610677164
-0.006535787974090706,0.013734962719357301,-0.005966346409191748,0.0055345101626227125,-0.13992266063664824,3.805500343754332,-0.28968745285781866,-2.6856885177191683
-0.006523149067503074,0.013723542552696621,-0.0059475597598473,0.005554211167366229,-0.1432533639807214,3.799673165993443,-0.31005017576815747,-2.6819942918631163
-0.00651041358454384,0.013710176867550293,-0.005929107264036886,0.005577278067160043,-0.1467899242728845,3.7955388867784037,-0.33288385116757785,-2.678992678375512
-0.006546907866148109,0.01374710959909664,-0.005981966605973579,0.0055132656775794325,-0.13681644313849764,3.8080200809507616,-0.2689888415292687,-2.6876556625814128
-0.006585581143553593,0.013776686858682356,-0.006040274670554722,0.0054614513852435835,-0.12708417073024547,3.8297700054305985,-0.21261793521602454,-2.7001842442366457
-0.006574549197724261,0.01376123039773987,-0.0060265454226831145,0.005489070767821185,-0.1304737422731386,3.8320023627879096,-0.23765372734479193,-2.7006869389049792
-0.006555989337612768,0.013762872401307392,-0.00599234774918788,0.005485294435300451,-0.13369696208761025,3.803187079358447,-0.2446331489126479,-2.6859370586267883
-0.006624701448843326,0.013791847465837838,-0.006104799392489121,0.005434543086690613,-0.1182564297505659,3.867857830920595,-0.17279252931710595,-2.720132918251115
-0.006785987985258354,0.013945497863284749,-0.00631574480806288,0.0051451649658770205,-0.0746497818275752,3.885267162798691,0.11124037612880634,-2.7275045891797625
-0.0067675046672813766,0.013934037728634708,-0.00628946656123452,0.005168269853064834,-0.07925328307730774,3.8772006367605436,0.08536943936946594,-2.724098469310236
-0.006639102477597261,0.013804610541967549,-0.0061252642580388915,0.005411273526251305,-0.11437479495687132,3.8726894345135436,-0.1488828260589121,-2.722915076773098
-0.006646508802470724,0.013823365039951003,-0.006130013884591498,0.005377111582573338,-0.11148077750556397,3.859609610086436,-0.121627782628053,-2.7166529289298715
-0.006753918010728341,0.013922119560502728,-0.006272047251143941,0.005191356455423172,-0.08284395482999295,3.8758878059134534,0.06252574569626362,-2.7239097269198638
-0.006742310125137992,0.013906234604495868,-0.006260241394405078,0.005221229150538885,-0.08619360689812945,3.8823985631036932,0.03657432845091104,-2.727599736336472
-0.006680014821756296,0.013860506473649808,-0.006172438035900135,0.0053086899369587355,-0.10202708665922681,3.858712098744969,-0.05700856575488739,-2.716474729861139
-0.006667843583085274,0.013850256713029578,-0.006155613537299767,0.005327787669173213,-0.10521033037026879,3.8551460617058413,-0.07659601229057729,-2.7146686360538737
-0.0066563122564930535,0.01383786943137604,-0.006140842728416484,0.0053506034645074115,-0.10842561408083091,3.854962230810257,-0.09832074484064122,-2.7144906020347506
-0.006722539839237748,0.013906173113424694,-0.006224750532913992,0.005223346327472805,-0.09032207315369423,3.855812872998708,0.023268605306667477,-2.7144908829364245
-0.006715629417809163,0.013888405088721918,-0.006222027920370388,0.005255902587313763,-0.09285368239861574,3.8705561279755556,-0.0017370712901302674,-2.7221439012074016
-0.006691423890705288,0.013872219048221135,-0.006186995011984162,0.0052868905817222,-0.09889499593767043,3.8590468655760026,-0.036091931333369735,-2.716596729698896
-0.006700020876355334,0.013884856358752036,-0.006195844265149531,0.005263548929564854,-0.09637059240629911,3.854041585959788,-0.015876086552850718,-2.7139774906473337
-0.0066054376232213725,0.013797027029989117,-0.006067593406618257,0.005425030490329386,-0.12157104241940365,3.8338305993366357,-0.17682406965407993,-2.702960056622778
-0.006584196789544473,0.01379883662247473,-0.006028567896716455,0.005421497611556493,-0.12519773470300807,3.8014668281683877,-0.18566291208005012,-2.686460879858782
-0.007180537593864677,0.014220279026848012,-0.0067955998206907986,0.0045400142553913775,0.021245728300958815,3.8937349107565136,0.7200214301710443,-2.6877314319177827
-0.00719523115844251,0.014231603524081394,-0.0068098429942681565,0.004513706303176991,0.024481511885708514,3.8874347148544004,0.7436488085549157,-2.6817450688840663
-0.007205500164167728,0.014249874250365325,-0.006809584072666064,0.0044776801937675475,0.026291356215599245,3.864049348227843,0.767334889520049,-2.6671032914083805
-0.007217533202453403,0.014262920899164958,-0.006817145222167907,0.004449685701410904,0.02875066348892719,3.8515157853110087,0.788995453435258,-2.658052760547647
-0.0072888210870604335,0.014272382967573298,-0.006927834854049562,0.004396288510246604,0.04622824787943212,3.8981136776765553,0.8727943518389764,-2.6700213708231053
-0.007272903552346107,0.014282127813197945,-0.006890974492857718,0.004388566084510122,0.04165002047729042,3.8657675760731203,0.8613683738068615,-2.655437622899042
-0.0072461121523729605,0.014264275193548311,-0.006864007431583018,0.004432826310860599,0.035833647430703004,3.875047497362431,0.8205737019751925,-2.6656883414121597
-0.0072593431428682785,0.01427340992962999,-0.006877082433662676,0.004410480619772897,0.0387008100039195,3.8700079138725783,0.8409421139403442,-2.6603995460678926
-0.007229990520526975,0.014273732408489241,-0.006827415233159361,0.004425206672490391,0.03138845049057732,3.843161870640525,0.8094552179128055,-2.651177120644711
-0.007385140606176272,0.014312328309796576,-0.007046452549580084,0.004272739238689482,0.06811167994874699,3.9023034363144418,1.0065743592884413,-2.6517072092872627
-0.007398922652594671,0.01432037033164349,-0.007060385320758784,0.0042506951301245635,0.07105254555993472,3.8973610660092164,1.0271526037828804,-2.6458549754077505
-0.00737014684533555,0.014321429051218216,-0.007011441250758365,0.004266875564198912,0.06376790223689639,3.872341240769512,0.9943162530513866,-2.6387128097144164
-0.007302940288475922,0.014280747849795427,-0.0069429023535473615,0.004374338504369145,0.0493185119944027,3.8946131141453892,0.8938506389816457,-2.665247912652107
-0.007317465450134715,0.01428733134051571,-0.006960381851865466,0.00435503055252966,0.052637568531258484,3.894583017884615,0.9142469699106223,-2.6622357637594516
-0.007318393396030338,0.014302571122241772,-0.006945753715510998,0.0043289834397451325,0.051946957206832164,3.8662935230634807,0.9245092701024549,-2.646525743299706
-0.007328770859620162,0.014311854679676238,-0.0069531380935499145,0.004307516900581482,0.05397250282339663,3.8572613025952127,0.9416463006568293,-2.639394994961324
-0.007341095748773685,0.01432185654578729,-0.00696283657245388,0.004283680421100972,0.05639564450103043,3.8482580106219912,0.9612956519657346,-2.6318312320243895
-0.007354616049189136,0.014330938525845669,-0.006975334031533367,0.004260589182296676,0.05917163528908439,3.8417147478556415,0.981704629719102,-2.625318000796472
-0.007440151192120148,0.014344308231351537,-0.007101247488166518,0.004184341536788081,0.07971256264070231,3.8811844638037925,1.0884485823234333,-2.6272881933224106
-0.007426457967960117,0.01433641269573805,-0.00708777176688376,0.004206388749890602,0.07684249181370072,3.886718604588108,1.0681570885333658,-2.633592064174898
-0.007412711172079135,0.014328428629354295,-0.007074150776778326,0.004228517499854993,0.07397037083541165,3.892119047636317,1.0477174572948356,-2.6397869638619516
-0.00743958696508942,0.014360996448101277,-0.007081052705442017,0.004157377974130843,0.07823877571366637,3.847397947748379,1.095983125037814,-2.608986939832717
-0.007604121016018938,0.01445716883245126,-0.0072268376375214756,0.0038846161233072507,0.10964769575596921,3.7570983308715573,1.3326600307209064,-2.5166684913370028
-0.0075896575631674195,0.014449489883124583,-0.007213999100544613,0.0039078586378431856,0.10696709944869216,3.7649217559583703,1.31251193273134,-2.5249815766232078
-0.007575448644632028,0.014441611474329777,-0.007201638743962278,0.003931122088810209,0.1043433667084007,3.773023049227369,1.292547734164588,-2.533327196995124
-0.007561526152400796,0.01443341042208328,-0.00718995940018069,0.003954586984133166,0.10178539490448035,3.781678002026729,1.272753648446398,-2.541850218475457
-0.007452642585481256,0.014370101105245078,-0.007091762128971499,0.00413380161329696,0.08077606425410537,3.8386593489103134,1.1157766126063464,-2.601043380597915
-0.007548096698892559,0.014424813790064675,-0.007179374648553845,0.00397822916711866,0.0993669255602017,3.791162770045943,1.2533386487887601,-2.5506490582934944
-0.007535372504331603,0.014415889184438174,-0.007170140350772457,0.004001806363984717,0.0971141111659939,3.801495765949477,1.2345583779440765,-2.5596824512013634
-0.007521880673010159,0.014408156633235992,-0.0071580663352825225,0.0040239864127683,0.09454587952395264,3.8087309646531495,1.2151902078414774,-2.567188391048201
-0.007508197323072722,0.014400827448183403,-0.00714504236328272,0.004045573718320386,0.09186280691357938,3.814771603973399,1.1957079337664214,-2.5740434083375505
-0.007495010462983255,0.014393108123667174,-0.007133132248895148,0.004067341507388176,0.08930716493783775,3.82166978653377,1.1766195549302976,-2.581194148399262
-0.007481222948597914,0.014386458409415083,-0.007118837331435364,0.004087720317081814,0.086521095476703,3.825790904327605,1.1572022793993002,-2.5869379984961074
-0.007466626929133337,0.014379174852697067,-0.007103839257317197,0.004109573707204228,0.08347810050040066,3.830375998618203,1.1365592576542711,-2.5930788761516883
-0.007745401089475887,0.01449435435449893,-0.007394640891356268,0.00370952363207976,0.13982908625580656,3.745270361432832,1.5201268842046998,-2.46732599925914
-0.007759555320438992,0.01450146164591679,-0.007406245660872736,0.0036861919085496493,0.14231056575354237,3.735733525464967,1.5394860937404535,-2.45762050911302
-0.007816432125016514,0.014529080863218932,-0.007452498644301325,0.003593001893368565,0.15179668532946625,3.696880268959838,1.6162586287199783,-2.4178943879797363
-0.007802247094244165,0.01452225021244719,-0.007441133061539416,0.0036162829087273223,0.1494978928147691,3.7068250032712187,1.597248452960612,-2.4280065391380763
-0.007788032803769176,0.014515394909516722,-0.007429592521372469,0.0036395450315777314,0.14715426682154578,3.716562866607219,1.578111348251696,-2.4379721321850565
-0.007773790869498736,0.01450846745591667,-0.007417944012765695,0.003662855230872544,0.1447640464307083,3.7261913151874,1.558844152596394,-2.447842923654058
-0.0076892518815230996,0.014482431603926144,-0.007325341071506967,0.003776267811457576,0.12722154739638217,3.746792402547768,1.445630841931611,-2.4860566095541103
-0.007703505171223072,0.014489423013967925,-0.007337762663091636,0.0037534836208870264,0.1297701101528822,3.738512278390337,1.4651563092029265,-2.47720026205635
-0.007731766652544447,0.014503679944392734,-0.0073613712699417974,0.00370744471477702,0.13466517579114268,3.7205072288991157,1.5037282154008684,-2.458649042448108
-0.007717750494721663,0.014496392575566624,-0.007350037355485805,0.0037306481684992736,0.13229264444206215,3.730016550390779,1.4846006283039388,-2.4681829853910444
-0.00766103341450445,0.01448464187797372,-0.007279261705389096,0.0037964400298636206,0.1201613985626755,3.729288053036608,1.4106294375942932,-2.4850892366619983
-0.007674924675142862,0.014492468197581904,-0.007290202996137357,0.003772977443712338,0.12251981793422408,3.719592608607067,1.4297600032069633,-2.4756888331918194
-0.007635948103740406,0.014485191437387381,-0.007240141143193801,0.003816044189476799,0.11402143444013088,3.716407496325625,1.3795049717409515,-2.4854207935296344
-0.007646766844056527,0.014493627332224967,-0.007245781136039802,0.0037943943592075972,0.11557397356980746,3.704483844426121,1.394894988701575,-2.475796958804793
-0.007619960226524946,0.014484447535708656,-0.007216588797205637,0.0038299780156824453,0.11020857718327073,3.710169220990021,1.3595553152877662,-2.4866089001450127
-0.007603399540018125,0.014475861099416731,-0.007202038297596548,0.003856239981343977,0.10722945144561959,3.719117363547158,1.3369612082706739,-2.496153778423645
-0.00788655724647824,0.014546762324133817,-0.007529355507192055,0.003499856275365799,0.16389512677081394,3.6794869560768784,1.7073225182756022,-2.384755357905162
-0.007899572429957714,0.014537422618955197,-0.0075622331076351315,0.003500668771506612,0.17211091153733318,3.699532207874691,1.7281552861959593,-2.389600643516746
-0.007913837755386942,0.014543999019492741,-0.007573198736961723,0.0034768827676951116,0.1748855024300903,3.688424734155705,1.7471146885701174,-2.378455135652562
-0.007900868493532288,0.014553404136712309,-0.007540310664254293,0.0034761405346793966,0.16590685185565476,3.668562088218692,1.7261461016151995,-2.3737972735380315
-0.007873339961758034,0.014556323774295192,-0.0074966436978347725,0.003499040261054427,0.16075689116104674,3.654862355595976,1.6915957716674683,-2.3757303263618756
-0.00785995448478545,0.014565984098609965,-0.007463441861768516,0.003498019810261164,0.15557494253329504,3.6315024076769054,1.674050791751075,-2.368315103050311
-0.007845804759602353,0.014559008119720837,-0.007452984267063965,0.00352159605034501,0.15342566489291742,3.6425084413554303,1.6556183151579515,-2.3790900779801585
-0.007831491777596511,0.014552283084675972,-0.007441763736381379,0.0035448881067411775,0.15114282344842023,3.652700746750883,1.6368868666955045,-2.389447684078801
-0.007817305757470217,0.014545470556593736,-0.0074306855559893486,0.00356810799984137,0.14888606874177188,3.6628689853755607,1.6182228922132509,-2.399704971540707
-0.007942430061865232,0.01455701722069207,-0.007594895900676587,0.003429228663378315,0.17906759230754785,3.665801643071996,1.7847642506470078,-2.3557956345437847
-0.007928123681040957,0.014550530575541355,-0.007584084166856172,0.003453074135698722,0.1769034025366356,3.677180793221412,1.7659802612532596,-2.3671889528532466
-0.007929577871973074,0.014566536249101735,-0.007562054329757434,0.0034286012969017856,0.1702777979515546,3.646308141724964,1.7636268650845597,-2.3514959061314253
-0.007915213914980302,0.01455999013610027,-0.007551225285797088,0.003452390743427809,0.1680611384075428,3.6575137006626774,1.7449250164261743,-2.3627121595641865
-0.00827678912808143,0.014693670662807697,-0.007822623748178546,0.0028720397643432183,0.22042804095243232,3.367900906628273,2.1927836787086856,-2.061536815758172
-0.008262052251258777,0.014688233955621808,-0.007813572585169067,0.002896573889482517,0.22013948450252388,3.3823496925916476,2.176123171889316,-2.0754140110936485
-0.008264623621361215,0.014704044673813449,-0.007790156654970306,0.002873908311217435,0.21490338028923936,3.352280525173049,2.1702226815393044,-2.0604539287710057
-0.008247332503838377,0.014682750970092102,-0.00780444764149402,0.0029210707390277114,0.2201669624314758,3.3965691789031496,2.1593739423376754,-2.0891447384769313
-0.008249905815114386,0.014698533560465665,-0.007781193925274846,0.00289834677097383,0.21284486001729316,3.366484021226069,2.1536234374631067,-2.07438460390857
-0.008232630029493522,0.014677221759479867,-0.007795241965446419,0.0029455490994390932,0.21937810529715365,3.4105880803864737,2.1425000581053553,-2.102819745954513
-0.008235198800279281,0.014693024202498075,-0.007772070224274529,0.0029227088621837367,0.21077537053772624,3.380519257976793,2.136872670044706,-2.0882142965203094
-0.008217944972024238,0.014671646377591765,-0.007785956258846249,0.0029700069794121194,0.21818227252727387,3.42445836077392,2.1254991262642546,-2.116472580815355
-0.008220489652313649,0.014687492443410818,-0.007762810101191993,0.0029470358047949774,0.20883327466733173,3.394423382266695,2.1199843995358507,-2.1019359908697766
-0.008410168207199323,0.014740509980012716,-0.007900687028387678,0.002649754642852878,0.23363057017127506,3.233850130421462,2.3388893179635533,-1.930047447638505
-0.008413123999527474,0.014756163885703983,-0.00787671059505256,0.002628048362755674,0.23080337115313346,3.2041162185968415,2.3317086588400766,-1.9154485395652119
-0.00842506850832781,0.014745481092211746,-0.007908969192513078,0.002624929861907245,0.234826043758351,3.2182678665515865,2.3545200773455948,-1.9152332929272404
-0.00846986220007,0.014760113266848321,-0.007933377440385973,0.0025502107298564034,0.24117714792088626,3.1706806085745582,2.4010908068536247,-1.8692383924320073
-0.00847296747882791,0.014775980381818009,-0.00790868948371447,0.002528686053586363,0.23535014110413344,3.1415326264007923,2.393079344295211,-1.8546842497983402
-0.008484823888579554,0.014764896782867474,-0.007941355852530974,0.002525256418472887,0.2431496689403935,3.1546227093399737,2.416435738515168,-1.8535309795601609
-0.008427997021155464,0.014761213984631866,-0.007884712616336388,0.002603299168452909,0.23203895069197297,3.18861075187943,2.347108529876483,-1.9003979070551986
-0.00843998436859241,0.014750405375308927,-0.007917183292230325,0.0026000496425844844,0.2369779983494247,3.2025167913092294,2.3701212146106925,-1.9001231944892363
-0.008454915646326118,0.014755282782341355,-0.007925320316583512,0.0025751405393190678,0.23919171482586485,3.18664765072621,2.3856526245330616,-1.8847747003991666
-0.008457942798520973,0.01477112480905856,-0.007900723310108727,0.0025535859032911894,0.23423718466585974,3.1573101861523285,2.3778184023455378,-1.8700051599479688
-0.008442944305410491,0.014766203086501187,-0.007892721404794521,0.002578466984589998,0.23313556748868902,3.173004955609547,2.3624837376509915,-1.8852477760292263
0.01382986764524768,0.014162822935350965,0.005227519427450091,-0.0048079486535712495,0.16229530686352314,-2.213812799109037,-0.591832554361292,2.9861772289859947
0.013803344816065459,0.014233922559964186,0.0052416979341577755,-0.004706654699757122,0.1567351855801995,-2.1775165367785436,-0.6391024394191228,2.930757068671861
0.013770105947011911,0.01429798628258181,0.005265462718690412,-0.004616218114948483,0.15192462061684855,-2.1459929196951144,-0.6880594129939864,2.8852649242984505
0.013899642160014315,0.014159730541788203,0.0051272714544191005,-0.004805302130742968,0.15801243742724985,-2.195810043959733,-0.5292788250756196,2.9441212512801966
0.013931807042323436,0.014120503906563173,0.005091981210208136,-0.00485782674458149,0.16058156053069528,-2.2088538748544675,-0.487073094043318,2.9606371450164506
0.013989976531713225,0.014097854702964091,0.0050140234283288536,-0.004881449194165999,0.15932613549093091,-2.202941890982206,-0.4287022856489133,2.94262529673297
0.01380887066134013,0.014371488581060514,0.005182388068921552,-0.004512302469574937,0.1429671037370076,-2.0938576885741607,-0.6732950929144903,2.7925674903078996
0.014066478114839633,0.013962900530750774,0.004931399753667041,-0.00506075495803176,0.16838047772821765,-2.2490434256558625,-0.3064053606805013,3.0108469716470876
0.014065976309703606,0.01405797051096017,0.004914384913947525,-0.004924063643821418,0.1589760841932227,-2.198059235188317,-0.3501734821963134,2.925174824892773
0.0143394757653218,0.013589930680205498,0.004552772184084351,-0.005506816979447973,0.18804132273773522,-2.296394844708136,0.10963175173944477,3.084367086283511
0.014293374722538572,0.013652867651597542,0.00462277700396698,-0.00543624209688312,0.184820465587538,-2.294960626053688,0.0375851605090226,3.080152615545196
0.014171422159385263,0.013944170862802875,0.0047832270397221805,-0.005060035456924446,0.16299423496027132,-2.2156004951020036,-0.2155097111802076,2.9448350195052053
0.014196285847846808,0.013859429464776746,0.004756747551411416,-0.005173725351283283,0.17054761934196103,-2.246976684737406,-0.153144852252135,2.9969037030070247
0.014196246276660496,0.01377685352813117,0.004762854830471796,-0.005293533854288261,0.1789960853518805,-2.287144050988957,-0.10716319984837509,3.067409626557275
0.01425585251131173,0.013725571932142138,0.004677721096574497,-0.005345980122763285,0.18042192248627018,-2.2817596337854895,-0.03358828550724424,3.056364364868324
0.014449852897273375,0.013402423760363453,0.004369977423610339,-0.005719733311197538,0.19775195973884196,-2.301654650388244,0.31083562628366085,3.1068586905602085
0.014480739453021467,0.013340643198336024,0.004313262573365106,-0.005790077079378143,0.20151764362456967,-2.3023320222031436,0.37494114417268104,3.1145602882650523
0.014409980220486321,0.013587031090125361,0.004451173569574264,-0.005476649418923183,0.18241054177518337,-2.2575362595974333,0.1573078871484632,3.0169005870929406
0.01447854259102618,0.013463386219195355,0.004339020572985472,-0.005615950492646733,0.1893057204578372,-2.262453204563288,0.28340829682173596,3.034100484168133
0.014461757127410416,0.013535621930626407,0.004372678871782499,-0.005522958236881281,0.1830459023206936,-2.2468955189018067,0.2231923473069639,3.001663198899261
0.014564466830402847,0.013314155449339712,0.00418813196956054,-0.005774257944064282,0.19647888101696293,-2.254721103212677,0.4404747112259511,3.037344736153728
0.014671347406942417,0.013034922295258867,0.003949529843630191,-0.0060858233892185825,0.2136006967451027,-2.2439449572401275,0.7164487964778542,3.0660022531862023
0.014662648936176923,0.01310232404782991,0.0039872838182011825,-0.005999564409461258,0.20750207847216692,-2.238029224684953,0.655614907521321,3.0430106193051887
0.014612566414453167,0.01324704068192593,0.004103379841992744,-0.0058356654911825906,0.19842080401699194,-2.2403170011769444,0.5159872204583941,3.0226159734162663
0.01465557312080878,0.013181985193709462,0.004024288608248599,-0.005895053449022878,0.2008354626981896,-2.226213754523379,0.5871566475573796,3.0090942678645356
0.01479759543658627,0.012770377539224281,0.003652815384309767,-0.006333420573448456,0.22440598216745924,-2.1747499596184485,0.9932279172937354,3.0134050652871736
0.01485801491619392,0.01274232588674172,0.003558198962024585,-0.0063122108278147624,0.21952665309034805,-2.1278565418521285,1.0322913573976267,2.9430710174533243
0.014789602619111561,0.012837398893316655,0.003699008908285197,-0.006251972374683635,0.21897730492460646,-2.1776114927661756,0.9299207833874564,3.000488352408809
0.014773175305463189,0.012902647420102609,0.0037531918561179815,-0.006179751011204222,0.214566921630837,-2.1848693723598056,0.8669357883534204,2.996645472647684
0.01473839555073439,0.012951022215040006,0.0038222663576754426,-0.0061448895740268865,0.21441992903214505,-2.2059578734114718,0.8136021307045246,3.0205776494152983
0.014736272546174264,0.013010572785037176,0.003850890796273321,-0.006066239296002081,0.20849630973632194,-2.1997332544908654,0.7610874699849043,2.9970217243442576
0.014915697964645742,0.012648248842945534,0.0034292817746450223,-0.006375098645303566,0.2209336084033515,-2.08102921778007,1.1283437985118532,2.8922999813460124
0.014922431021409305,0.012716105600637496,0.0034611681651020173,-0.00628312879833817,0.2142906571371341,-2.077761278094707,1.0677323116021922,2.8671614027249146
0.014909925951816248,0.012769186380377934,0.0035067730931132844,-0.0062282263019195275,0.21076064032137137,-2.0872811364819865,1.0184753849386554,2.868780213481565
0.015029019595015495,0.012182174006678084,0.002950551141817957,-0.006808382952519156,0.2431101480651661,-1.9147384007610082,1.573810765701053,2.784032893930219
0.015019714609392047,0.01224115182033216,0.003010626140181367,-0.0067521483572426525,0.24025963012581694,-1.9380310445013562,1.51766337674884,2.798207262792896
0.01496118724880657,0.01261320270833908,0.0033509501983889516,-0.006372363632444996,0.21776338033860032,-2.0434488011855625,1.1660295122405449,2.8407001799163574
0.015004819456150271,0.012305478748435239,0.003079916309240527,-0.006695051923214999,0.23754496580858894,-1.9652452349081553,1.4566766562401552,2.817925109968799
0.014989106845134643,0.012363044627262579,0.003143180079397279,-0.006645363613626872,0.2346317568819011,-1.9897570970190641,1.4016972590944183,2.8366939971978353
0.014972448847366072,0.012554356997771183,0.0032991923681921927,-0.006432832307303912,0.22150117917121,-2.029995364012859,1.2209686380425635,2.8365691848833676
0.014979905144543589,0.012487892587122804,0.0032450901697541746,-0.0065056794518284335,0.22583762974833752,-2.0167537318585356,1.2831507682238108,2.836547140339969
0.014980302432703591,0.012427982341927973,0.0032020277322636456,-0.006577599208759894,0.23094937840766425,-2.007949544644392,1.3396448674410666,2.843038612174691
0.01514624172039822,0.011438337800946571,0.0020643652013109253,-0.0073913719044365256,0.2686612669090806,-1.4606849061562757,2.2451634335603248,2.415196859429266
0.015137318175674798,0.01152789089465423,0.0021775766718900064,-0.007327472414545605,0.2661337872163209,-1.5265255297416196,2.1685306596463825,2.470533177590274
0.015146574941483916,0.01148443481736257,0.002118753855553246,-0.007351341586020043,0.26649198423739656,-1.4915967213111065,2.203332210942001,2.4373821259862534
0.015161718843429118,0.011558276588020172,0.002190700185582942,-0.007263291455622432,0.26052902382696896,-1.528147032151914,2.1287628330681794,2.449915264763289
0.015107974045103981,0.011674862205387875,0.002370594655166331,-0.007235933739767103,0.2637215128485299,-1.6371710419539516,2.044801348801807,2.5719307606311683
0.015157619573324583,0.011600904076886107,0.002242390654879722,-0.007231169255049357,0.2587975515497389,-1.5572235173022067,2.091789245016548,2.4735959101323863
0.015150040233290137,0.011644381627927598,0.002297484222323715,-0.007202522902752978,0.25803069192868744,-1.5881787602365947,2.0554101082640672,2.5012161796884
0.015135784955375804,0.011727504186690486,0.0024007375913637353,-0.007144735724541826,0.256002232005214,-1.6447460364925235,1.98404230611102,2.5503434189706495
0.015050280597060768,0.011852532736955109,0.0026172922878525784,-0.0071412110928381406,0.26305919395933725,-1.7742156243676515,1.8932775673202917,2.708769990172413
0.015040600346275346,0.011891676344653554,0.0026672974605977187,-0.007113504843178291,0.2619885739723859,-1.7998006302929574,1.8574820951613131,2.731749008372919
0.01503586950520159,0.012120180997164862,0.002888870305779617,-0.006869897888034395,0.24657483036379824,-1.8905635874573694,1.633230158253941,2.7708102121578384
0.015048608867472377,0.012057704787542171,0.002818393725519248,-0.00692297427169842,0.24935707127841997,-1.8593796145069386,1.6920723154272321,2.746869349481934
0.015052873458672622,0.011931399155433849,0.0026937685822623065,-0.007054276125358431,0.2573607785877368,-1.80714972438865,1.814914860726314,2.7217991016396166
0.015064498356098355,0.011990784802759847,0.002738661215647743,-0.0069749107259180765,0.2513923586928351,-1.8218581350443424,1.753941779347903,2.7152002421258743
0.015098044326235873,0.011835411563103283,0.0025505264875119627,-0.00709169998716879,0.2560378499418416,-1.7280654055373093,1.8949957270196,2.6352173325103396
0.015162569798007843,0.011773750484593353,0.0024233507293769797,-0.007061897465897826,0.2488695861653116,-1.6485046610367975,1.9310120633802097,2.5278945927008016
0.015140273643943516,0.011813110520803114,0.00248547669068278,-0.00705481742515236,0.25010829671614093,-1.6848688842771486,1.902137957469257,2.57007703865663
0.015208109695033821,0.010866384843608272,0.001278522591889193,-0.007687949208472268,0.27347066916708956,-0.9486676227716796,2.662044315062722,1.943227105512061
0.01522399140841132,0.010830027724272967,0.0012197868402968072,-0.0076792968787703095,0.27081358018278673,-0.9063112525771909,2.673004297154091,1.8930874108690487
0.015233713644849208,0.010670201080758354,9.905838592173183E-4,-0.007736689089475412,0.2703044767950283,-0.7434605800559514,2.7649408511730353,1.738583698055404
0.015243261035015757,0.010695802550700193,0.0010227957653017505,-0.007708789891891052,0.26834787289385714,-0.7656254804303327,2.74082939853435,1.7513382168485172
0.015254363919120864,0.010726150231917994,0.0010605474325912515,-0.007675824842212259,0.2660077009184225,-0.7914505059754267,2.7123569754393135,1.7662427177000588
0.015262798403665859,0.010813816705084212,0.0011778720343725492,-0.007619816824116925,0.26374826058625717,-0.8729575367287482,2.649888683309033,1.8330704578828436
0.015271547287496221,0.010766646550390918,0.0011088945248300182,-0.0076272315755476,0.2626667484234655,-0.8238629241335041,2.6720085186392266,1.7823106157527615
0.015249493688988633,0.010654082441796022,9.61188505982127E-4,-0.007715179330664896,0.2673715402490199,-0.7209792558703773,2.759491797514279,1.7057265445312133
0.015243365943862781,0.010633577317121667,9.344840054587811E-4,-0.007734324308721202,0.2685553435892673,-0.7022651695152519,2.7770054032824736,1.6932446583108567
0.015227052765202642,0.010608359139939287,9.046779351932376E-4,-0.007773454057720306,0.2716334963867569,-0.6820489616696618,2.806923846480034,1.6873388535373335
0.015249072765615008,0.010580658146162929,8.566469209082848E-4,-0.007744116407125052,0.2674524262964116,-0.6453514179365295,2.800748372312271,1.6361388147653442
0.01526261755509141,0.010524713245216435,7.716802512748227E-4,-0.007738994297775497,0.2650492656319848,-0.5821895227309019,2.81671461909172,1.5668538050990002
0.01526657418425557,0.010554891177520656,8.13606863691739E-4,-0.007721782200837748,0.26405761523346244,-0.6125830533504625,2.7973627807730015,1.59225756059254
0.01525531738244797,0.010483929927128231,7.151365023277597E-4,-0.007764977811829376,0.26630229420416235,-0.5410722336700095,2.844216169722659,1.5337980667592288
0.015263929409066762,0.010356974833314634,5.280575030120575E-4,-0.007782596426653995,0.26374966498163266,-0.40124112485016555,2.892462555597453,1.3943817333053816
0.015270401558616193,0.010398696893091171,5.873559351282026E-4,-0.007761019744727049,0.26286899060876334,-0.4453624577227598,2.867990324967577,1.43158567016423
0.015269119392622594,0.01044043353840926,6.481990562098489E-4,-0.007752475894540358,0.26333106041510884,-0.4906633930815037,2.850702599804789,1.4756226740978535
0.015172289876635887,0.011250007917650233,0.0018115685740958452,-0.007500266461721924,0.27120716120094235,-1.304069554225265,2.39333639424856,2.272303119367629
0.015178509750740615,0.011202450935094435,0.0017463763219651952,-0.00752519254343795,0.2716789351945598,-1.2623656614896825,2.428706875861437,2.2335467648658422
0.015209871586596584,0.011288767227807767,0.001831646826008804,-0.007410160430432547,0.262899243862278,-1.3097490675395684,2.3365322376636968,2.245429574723253
0.015187320447544762,0.011350973101852992,0.0019252715625892069,-0.007398074202387827,0.2647382940000585,-1.3705846576622778,2.298037932482306,2.31172566179022
0.015190895666710226,0.011406611140227264,0.0019893923636614577,-0.007347739473211374,0.26187626114362894,-1.407663348245775,2.247987014398296,2.3370234670699914
0.015187241700619462,0.011088895099470655,0.001592443947667721,-0.007589632873446917,0.2732096912355679,-1.162220636053006,2.5140868484374903,2.143861418622228
0.01521080483464899,0.011045614368192222,0.0015198694411732493,-0.007577955979453253,0.26959591911103886,-1.1112319223038198,2.529658709315172,2.0816293572194344
0.01520600753885578,0.011128791343814032,0.0016320446276813039,-0.007531319717851147,0.26854294815749924,-1.185073027186023,2.4688927545843984,2.1475054558405904
0.015221756468737009,0.011174508592723668,0.0016799214463917858,-0.00747383092793679,0.26442872690575286,-1.2131879299341275,2.421585927436833,2.1579529221362725
0.015227243076505047,0.010902851493212002,0.0013181566091489967,-0.007634750143772581,0.2692926676852176,-0.9737637156449,2.620511187104485,1.9500018904178555
0.015239384400201623,0.010940874342001755,0.0013628228018000461,-0.0075925026101365594,0.2663170961315282,-1.0026768077975807,2.5838014163037974,1.9656912906184185
0.0152364692809596,0.010977311469168147,0.0014133116908055063,-0.007576291495658913,0.2661980216317437,-1.0368720489723064,2.560243600017729,1.997653742862304
0.015250166057322873,0.011010301588783276,0.0014488511079531893,-0.007533394518751104,0.2630628554275591,-1.0589695169565585,2.5256116872063097,2.0059516393640346
0.015202210291483997,0.009805114739442993,-2.962231131007741E-4,-0.007923719025669433,0.2647949443407637,0.2358916487016027,3.1010008698175677,0.8112410347079336
0.015199215967056976,0.009771372837384466,-3.47837819222473E-4,-0.00792449483596888,0.26438784337965343,0.27683360201071466,3.106814814836538,0.7717277113477317
0.01519603670739303,0.009739576668237519,-3.9656573985150605E-4,-0.007925206506760185,0.26416093039798666,0.31556873434071125,3.112040208862918,0.7344845568391444
0.015237390921779767,0.009852922398002307,-2.2005893297764837E-4,-0.007863202834361767,0.2597328221810135,0.17552971463917388,3.054696980688089,0.8448742289289896
0.015236056342698768,0.009818903118689203,-2.711162941514644E-4,-0.00786190013405639,0.25914870525968453,0.2157891433316772,3.059476228871521,0.8049177777134492
0.01519569043526402,0.009707133379126594,-4.457384035434013E-4,-0.007919764763086536,0.263352305267563,0.35470339724067074,3.1131537145370065,0.6943906650622763
0.01519539974202063,0.009674514163973807,-4.950504610234627E-4,-0.00791349632761927,0.2624655769865869,0.39390098815204105,3.1135044324355463,0.6540535795875487
0.015239900879508566,0.010067436674342239,1.017484266681292E-4,-0.007865089167297034,0.26390689954289326,-0.07621732275507785,3.0143335446187756,1.0958064140107877
0.015256400368605219,0.010316050447571577,4.6960091639999775E-4,-0.007804971796879931,0.2646948083970853,-0.35756376579594046,2.916898315980207,1.3582215209925386
0.015228330120377795,0.010197189959246176,2.97412339744567E-4,-0.007876087154051975,0.268392995777305,-0.2275457759450318,2.990246000259221,1.2538754838436272
0.01524187460193196,0.010274550285984948,4.109225370046188E-4,-0.007839424667201151,0.26676608530293505,-0.31376448613477764,2.9482755723932477,1.3270967402054847
0.015237165739311937,0.010231212909885642,3.471406809248285E-4,-0.007855056598880958,0.26704370729373034,-0.2653764672553856,2.968935065179963,1.2837887655346083
0.015247040214923653,0.01010349370862406,1.553515235395624E-4,-0.007849953348363655,0.26327984307001623,-0.11756758392257248,2.9970918348356848,1.1312199078696896
0.015252238553397615,0.010141563524129107,2.1175850557655996E-4,-0.007837457607885257,0.26299164310406375,-0.16093695820331774,2.9807287211942186,1.1699568927198056
0.015250603879963262,0.010173989242799043,2.601632056671563E-4,-0.007837339281866437,0.26379414293524,-0.1981765191959918,2.9728595693010296,1.2077765776121212
0.015234987845397955,0.009889131680661332,-1.6600024116410168E-4,-0.007870909189917135,0.2611320389025313,0.13302622705882142,3.0533064452486083,0.8898635164322838
0.015249281212951266,0.00992375365195755,-1.1324301075717426E-4,-0.007846497463561237,0.25941967770655966,0.09168475694724844,3.0318287385066083,0.9205611944087043
0.015260686377504789,0.009962273773792437,-5.5377762246584396E-5,-0.007826892434129545,0.25805863929279305,0.046503046897254964,3.0124697316376867,0.9572640844384868
0.015251562508118292,0.010014823726436485,2.2795182584670457E-5,-0.007844499004033025,0.2605985570954033,-0.014584538743298878,3.012858160178671,1.025414893237197
0.015248335625796305,0.0099905340874947,-1.350415529928505E-5,-0.007850430720767899,0.26097788205033734,0.013574717302687996,3.0214158801855953,0.9997391850387188
0.015266506983451287,0.010040340622802277,6.054387393376558E-5,-0.00781644224578555,0.25878119161598995,-0.04374748194836811,2.990452089180142,1.0430454774957936
0.014769599507286017,0.008046978225527412,-0.0030365427307306177,-0.007417298334345449,0.3037707095048396,2.4108525786827752,2.660162155099045,-1.285804030771238
0.014768982104644772,0.008020349760374775,-0.0030647514963204454,-0.007384707951667037,0.30388238752881364,2.4278151879426146,2.6312146362976354,-1.3105761677420171
0.014790335891857976,0.008064098895558688,-0.0029928870285851725,-0.007407692008179422,0.30009284480078685,2.373565399853701,2.6598639384818035,-1.2605288833673847
0.014804540815225623,0.008086373715619448,-0.0029520603457257994,-0.00741379194498869,0.2975784341931465,2.3414647167511826,2.670713520007075,-1.2334516686964954
0.014812448987805272,0.008110329507264818,-0.0029170542053866062,-0.007430970602392184,0.2962338044466198,2.3159653473232376,2.6888066559007506,-1.2073671398182844
0.014830704146443314,0.00815553444734026,-0.0028465005718650354,-0.007457231749044129,0.2930935041041827,2.2628626459856274,2.718624924468471,-1.1562761373314505
0.0148354438285883,0.008121782299932781,-0.002877242970100975,-0.007409925085819794,0.2923760189333846,2.280098526373468,2.679076584979109,-1.187051196720155
0.014869452335146848,0.008186145366026474,-0.002767854568315252,-0.0074334912746659215,0.2866676867913551,2.1951807196996387,2.7122331732914353,-1.1117027419608896
0.014856263370507354,0.008165287614437756,-0.002805874044486893,-0.007429547172260305,0.2889594754901764,2.2253650844658117,2.7039931822068337,-1.1369389732676394
0.015098988968301955,0.009112844923395544,-0.0013674226657185836,-0.007864015175682469,0.26302542605606605,1.0970631437524292,3.1169340123446823,-0.01804062549146274
0.01510224943557543,0.009136063866874114,-0.001332084079271764,-0.007871682511906647,0.2632038041265155,1.0686421364548553,3.1220720520565477,0.010584090611537283
0.015116292415307797,0.00915421440699833,-0.001297870326522975,-0.007856300267370464,0.2613966325959724,1.0399728395000924,3.111634832706652,0.029929511093242194
0.015129249112830702,0.009177839666319127,-0.0012566344739492242,-0.007845697766173115,0.2599531415936238,1.0059342975290397,3.104297538517459,0.05620947022146481
0.015123343431583126,0.009087643275398008,-0.0013887480884922242,-0.007804524139520028,0.25875444368771094,1.1112858681345177,3.0766597885574436,-0.055303318342754135
0.015111491780532385,0.00898709385224175,-0.001536957417871115,-0.007762059810723324,0.2581383195100155,1.2293585682291643,3.045864972222747,-0.1772692567494282
0.015126233733001291,0.009052900811487056,-0.0014358461554439548,-0.007778000711904257,0.25736668590487244,1.1480998185370428,3.058329900022844,-0.09889024424099296
0.0151221574210159,0.009020535278086673,-0.001483573996947688,-0.007764849239627919,0.25722540959550716,1.186101641972961,3.0487759937367436,-0.13792541901685637
0.015151646924405472,0.009066808800310687,-0.001400824226945395,-0.0077409800184051036,0.25384437989454833,1.1175736449918423,3.0338829483988783,-0.08663216020518144
0.015123737234239515,0.00923205864368727,-0.0011809556293491854,-0.007884708780038212,0.2622590074116799,0.9461297566341841,3.1293932608074773,0.12649539445915095
0.015133548207799016,0.009262884221116372,-0.0011309524563547612,-0.007882122868892215,0.2614387584824018,0.9053567903488416,3.1267018217577847,0.16249012562797424
0.015144238112982449,0.009292064284830075,-0.0010830723723477302,-0.007876448128496511,0.2604881553273648,0.86627707410279,3.121825998638508,0.19582078174649145
0.0151825625138819,0.009404456533820257,-9.015616225297049E-4,-0.007854272548680048,0.257345069205134,0.7187192257191826,3.101168881042816,0.32265604880012105
0.01519398136448393,0.009420379700307744,-8.73760898497359E-4,-0.007839342724909801,0.255803184296841,0.6959102419803227,3.090259824962889,0.33770186345551023
0.015156376399401315,0.009321861582604066,-0.0010338184727193723,-0.007867766346584683,0.2594204212916274,0.826020258852786,3.1147583217032984,0.22912456290213765
0.015181220615946567,0.009381064791738872,-9.363896128197895E-4,-0.007847332711381867,0.2567224038615778,0.746611943402911,3.098048842621718,0.2939102518065391
0.015170089959221431,0.009350249995987122,-9.861900985394358E-4,-0.007854943188194708,0.25778410493001563,0.7870307057488772,3.104829091454126,0.25968600844730116
0.015147220669298753,0.009203164565050792,-0.0012105473760818406,-0.007826409994250464,0.25779543732989924,0.9676040756354531,3.0909455679464166,0.08286306976392795
0.015153909491831513,0.009527213913604275,-7.288526649197516E-4,-0.007951992720361718,0.2655521732755271,0.5821032360639499,3.155613505041655,0.4914438628325869
0.015192024823339784,0.009641204929754694,-5.460377706030553E-4,-0.00791216134192349,0.2621744169181414,0.4345841530620888,3.1168692094075126,0.6145284732223222
0.015188038157729067,0.009609436169599615,-5.94855340405408E-4,-0.00791163825963344,0.26196368754478255,0.47362169158440076,3.120308412076481,0.5770695663710478
0.015183909860562237,0.009578067065623468,-6.431266646637186E-4,-0.007910814860358786,0.2617427083722339,0.5122674753372559,3.1232781404580776,0.5400019911524417
0.015183540896924017,0.009547220281447397,-6.894777058100458E-4,-0.007902423236823513,0.2610463681188801,0.549328143915594,3.121024840572216,0.5014139941568461
0.015171308895255198,0.009496683600274048,-7.690143394799391E-4,-0.007909124777084832,0.2616236040180128,0.6134496339114349,3.130254873992484,0.4438486544373457
0.015183720769051702,0.009471420292879038,-8.023314429451426E-4,-0.007877178489146585,0.25883561206535366,0.6394822349783448,3.111364352849123,0.4060552783385503
0.015191800558605976,0.009445879848284832,-8.371395892602412E-4,-0.007852956021884376,0.25698470368598997,0.6668170720170411,3.097434001342989,0.37045217782453205
0.014884667481743942,0.008211480720973387,-0.0027226316770249015,-0.007438986298007187,0.2844291840376559,2.159364039721877,2.72247670485326,-1.081321164429747
0.014899611891515584,0.008239799306917291,-0.0026743830710374487,-0.007447662963384711,0.2818568981883598,2.1216410169266697,2.7352862464820293,-1.0481163929905095
0.014923269931885821,0.008266183687486444,-0.002618733586201608,-0.007439958453837623,0.27832137238480464,2.0755506104692945,2.736967946031448,-1.0140321651730408
0.014941078421441925,0.008293021968497646,-0.0025692011642180594,-0.007441189967197759,0.2755838857532967,2.035652988720487,2.7441061823542756,-0.9815271416232899
0.014960022289145183,0.00842922421248551,-0.00239063460146692,-0.007552727367130093,0.2730944240746234,1.905360585132984,2.8449089082597214,-0.8340581872397579
0.014984063373868256,0.008443640266970916,-0.0023493142412720517,-0.007528025669898117,0.2697266347173745,1.868877783563947,2.8315669776990635,-0.8134157346833139
0.014987879471345465,0.008461988937375698,-0.0023235105639030883,-0.007539891321073813,0.2690808821812503,1.849393844271851,2.8426101242633104,-0.792919323804839
0.015001624226001656,0.008479111916402575,-0.0022894588224683637,-0.007534121166692249,0.26735865397459374,1.8211324443449792,2.8419205591918684,-0.7717743367315073
0.015015644157945901,0.008502953871114995,-0.0022471264563346215,-0.0075340292650998225,0.26518996933731254,1.7867917621073648,2.8459313203024315,-0.7433914583266031
0.015038373505931884,0.00853072543019051,-0.0021920081288438263,-0.007522811105872593,0.2622533471352418,1.7409248977257439,2.8431141537869884,-0.7095048269742524
0.014974064623283679,0.008399109349542426,-0.002412239152386479,-0.007499551894438588,0.2708339818697103,1.916331557863325,2.8044573897197655,-0.863066288963973
0.01498335504116911,0.008374009538280783,-0.002432133126268874,-0.007459187812825281,0.2693066193289559,1.9273832596216995,2.7733446253006746,-0.8870799647108566
0.014958495912921166,0.008320802907389126,-0.0025191226948985917,-0.007443380923094823,0.2729422456457526,1.9954908527587527,2.7518279352734463,-0.9482939729815941
0.01497379815862171,0.008349238702061163,-0.002470562220742609,-0.007448917292109982,0.27059914491589265,1.9570564493421951,2.7615597898378685,-0.9150668507996683
0.015018373399638768,0.008633092269565486,-0.0020822910379462334,-0.007649128751808447,0.26630943316622496,1.664716510838538,2.9411573999868996,-0.5971898287169947
0.01503474253614477,0.00859973908808658,-0.002109932378216484,-0.007591749539300003,0.2634028142946678,1.6817065190454044,2.8987033775973976,-0.633637638086725
0.015053790796161723,0.008567467578886892,-0.0021328986122687195,-0.007531056394685878,0.26012325604348013,1.6939711625709577,2.8540903938146265,-0.6671398530520748
0.015065406585558539,0.008594910674145782,-0.002088637016799712,-0.007536372953835804,0.2586331328959707,1.6587960311746777,2.8614938011315743,-0.6355650151523098
0.015100729529730563,0.008898602774417045,-0.001665649665082772,-0.007719939831557076,0.2579583255726155,1.3313001026384808,3.0134498528806257,-0.28353890001367765
0.015115511755827031,0.008926342338472629,-0.0016175403783319873,-0.007713527057187243,0.25626811445459396,1.2917599056722064,3.0107099672062536,-0.25153080830962976
0.015033161806779332,0.008668277383672793,-0.0020241416501525253,-0.00765479636684882,0.26435004442096494,1.6179070493361147,2.949354311662383,-0.5554873759568815
0.015053303235487847,0.008697662492765483,-0.001969014888096667,-0.007645480246061694,0.26186849453578454,1.5722274820699094,2.9465696560034176,-0.520371199251188
0.015073709329324498,0.008757283785783537,-0.001874627941498494,-0.007659500524017802,0.25967193743787215,1.496687370396639,2.9620874863235955,-0.4504313046479462
0.015065947951787078,0.008727095483483492,-0.0019203314301428625,-0.007648318302847624,0.2603428000186873,1.5328935910783141,2.95162533793955,-0.48576763876132195
0.015107455967711486,0.00876481987938507,-0.0018380069831131624,-0.007607630990251719,0.2547020863248162,1.462624681498698,2.928327695705324,-0.441417279116425
0.01511120610144133,0.008795197644048125,-0.0017955505147430092,-0.007624818119744731,0.25455590509652065,1.4296014839825295,2.9424406618688383,-0.40632072423101473
0.015122139761115112,0.008866582062546395,-0.0016931910966755464,-0.007659347251320365,0.25417973811907907,1.34927901731367,2.970954180678983,-0.3232230415008169
0.015116416561440906,0.008826265194766324,-0.0017508307543548374,-0.007639456464289888,0.2543833773140212,1.3944480434441184,2.954736085820015,-0.3702236707298781
0.015137546052287457,0.008954748601362143,-0.0015638511702852386,-0.007694200022617696,0.25360439590495987,1.2468609590044555,2.9991345004025645,-0.2198481377783868
0.014713835772232071,0.007951107254559811,-0.003205520270417202,-0.007376021844016486,0.31404437050318323,2.5408037380269977,2.6009686762323025,-1.3998259103746638
0.014743612602290871,0.007983539591769954,-0.0031343988030088092,-0.007374968513030106,0.3085203709045215,2.4825908827550403,2.6123263918718327,-1.355983171462573
0.014742756116756283,0.007958709996601372,-0.0031602438353177703,-0.007344142719576038,0.3087212090800761,2.4976142823397827,2.5847051749620094,-1.3783721416408954
0.014768163360374311,0.007993082956910744,-0.0030934147567327204,-0.007351382911644244,0.30422108971281697,2.444816656604775,2.60139952488438,-1.3355520783702852
0.014790785798017916,0.008004420045147863,-0.0030534924248307115,-0.00733273914182051,0.30037048368038805,2.4090206800580534,2.594064714475567,-1.3146844597625866
0.014717209618490372,0.007921842685172473,-0.00322975851016276,-0.007332594242800478,0.3135240981858117,2.5517708740994673,2.563795661910735,-1.423507015748793
0.014704787939522006,0.007860525531832464,-0.0033046282576184717,-0.007268475036730484,0.3162463007948256,2.59908200309189,2.5016093913842297,-1.4814362425273464
0.014714073895631737,0.007893064868720356,-0.0032615681335185494,-0.007298923661850505,0.3142564601786942,2.5706360218720437,2.532574529016769,-1.4495284585554478
0.014702755851426733,0.007805417094337268,-0.0033577435384251485,-0.007197004524362865,0.3170066956649966,2.6262743261403965,2.437451126106215,-1.5260592316702686
0.014711043087368099,0.007830979229994409,-0.0033234776162570324,-0.007220179196645247,0.3153184508501391,2.603804464469329,2.461564051224486,-1.501447558790602
0.01473025746139819,0.007842402888457046,-0.003287374365089299,-0.007209120091823942,0.3117715017745746,2.572474677524074,2.4600490962175403,-1.4816750064219066
0.01454452963065446,0.007530612664108351,-0.0038073752944388296,-0.007007564694474355,0.3504432120426007,2.9378382295907373,2.196716299212636,-1.8143722260395194
0.014676665218369887,0.0077451590647737035,-0.003446374962526509,-0.00714952680001009,0.3224426895685621,2.686454669923085,2.383918152398739,-1.5865693654580169
0.014656707928465598,0.007713381039655863,-0.0035011743786410895,-0.007131552834987128,0.32655693213430853,2.7259782874792653,2.359065908454094,-1.6216323509819621
0.014563617897265754,0.007557093489052704,-0.003759466767574364,-0.007023887980211981,0.34608957358524933,2.9043017320934186,2.220399041512096,-1.7853821145825497
0.014586727792729529,0.007581263169022751,-0.003707285397448775,-0.007031206783991746,0.3413940473469584,2.864850326730966,2.237958150035461,-1.7547425432261294
0.014601167528073054,0.007607402046714771,-0.003666143855394399,-0.007051389509328717,0.3380133198218162,2.8374948526090784,2.26257524137692,-1.7286693143385812
0.014607468239304441,0.007631917835785207,-0.003637783486913294,-0.007078922625597358,0.33683833438413685,2.8220038690136304,2.2898522047700545,-1.7087228264374719
0.014626115478612076,0.007651667936396461,-0.0035952526523002066,-0.007083711587213032,0.3328014723830924,2.7892053442209654,2.3028265117960447,-1.6833813509010278
0.014644771211712074,0.007679231282625862,-0.0035463593957138803,-0.00709902469401448,0.3289574292932245,2.754063820144038,2.3249295565254413,-1.6527914300565525
0.01472579996118772,0.00777613946397712,-0.0033525983272351856,-0.007126631880748442,0.3133691902760631,2.6065283248561015,2.385355610665395,-1.5346842991006058
0.014713632541042139,0.007743881484896337,-0.0033968943775116267,-0.00709916809471155,0.3158105201771791,2.6354085268217227,2.3559642436196016,-1.5651602652634755
0.014427567141261964,0.007307275450350252,-0.0041332656322852135,-0.006796352765600523,0.3771350399971492,3.130491122212909,1.9529663976401486,-2.0111879038742733
0.014433542222779667,0.00733039175845412,-0.0041103052501185915,-0.006826338428733159,0.375744526902505,3.122353050048434,1.982091895973371,-1.9971578448516556
0.014469189963852987,0.007390484025782863,-0.004017723200339286,-0.0068812959193423635,0.36760152141914937,3.06712198668127,2.04830890625304,-1.9431711061079082
0.01444891040585172,0.007345298188528192,-0.004077306745765455,-0.0068332358442480265,0.37222360742781996,3.098679760699398,1.9960894587401314,-1.978871891821962
0.014462165504657827,0.007367084194263792,-0.004043315005324853,-0.006852774873330685,0.3690913711496493,3.0782753764535635,2.0198821806984686,-1.9591548378500379
0.014488517731390899,0.007409536393055586,-0.003975700568181611,-0.006889171185265846,0.36305093928893534,3.0363753627347667,2.0650750171924517,-1.9194507691068707
0.01450377614495303,0.007435487074493042,-0.00393528082631005,-0.006911649776233544,0.35966462399696125,3.011375945754363,2.0923870296203617,-1.8953191735971409
0.014514368083033852,0.007460863121698702,-0.00390204789165232,-0.006938083354905892,0.3573701000971967,2.9930418710782343,2.1207900897971115,-1.874554258533593
0.014551726685730898,0.007503301801929355,-0.003816331494724709,-0.006958333916472015,0.34908731172166124,2.9310547226926666,2.1570162895027107,-1.8245566740662684
0.01453881056546237,0.007477949377559214,-0.003853449095477805,-0.006935579691067966,0.3519775424724968,2.9537940125827435,2.1307537738691065,-1.8475996078167642
0.014208684443947274,0.00703737012730175,-0.004620257496975846,-0.0065630056779107165,0.4294675130238343,3.4239873708179958,1.6328462805815482,-2.267678607234443
0.014219907169806626,0.0070550046761912386,-0.004594607605132816,-0.00658318705610503,0.42696932798675,3.412268465147547,1.656289762125772,-2.255200147198408
0.014252410043678145,0.007091919428785812,-0.004525238168234366,-0.006616724904663932,0.41888883050268666,3.371619524041919,1.7033243917942182,-2.2204757867216887
0.014237909148865108,0.007068142470123981,-0.004559210309589377,-0.006589722313009143,0.42237284159805405,3.3872997990554192,1.6722801836404735,-2.237371702826389
0.0142974094104599,0.00709809594128504,-0.004448271183268418,-0.006586871264322002,0.4078946477485132,3.300116721197758,1.703732597350198,-2.180787786026665
0.014278651281448881,0.007079741444310715,-0.004486851357114544,-0.006573379584672829,0.41237056292750657,3.3246653905471875,1.6818113139284494,-2.200321226379749
0.014446721336936641,0.007279687613449375,-0.004119115365310621,-0.006733362669339702,0.3730978374309158,3.098363801285865,1.9088943563727907,-2.0064206560041273
0.014377826293777924,0.007200797622575146,-0.004270003221334332,-0.0066778757875095695,0.3887716602605416,3.19610842793849,1.8249981145143115,-2.0879690326764115
0.014358413337190616,0.007171862211248316,-0.004315467842827274,-0.006650202679720877,0.39351567682127636,3.2212949744784525,1.7909308441408982,-2.112155927570955
0.0143182573884802,0.007117785160433965,-0.004405615216575767,-0.006600179405559831,0.40292012122997806,3.2722924238567335,1.7265818666002233,-2.1590087050231936
0.014343864736031789,0.007139906272028945,-0.004354077088285886,-0.006612457501350261,0.3968336402091612,3.237157847148414,1.7510919260786881,-2.1324646916941172
0.014433665981650972,0.007247663834676948,-0.004157202834780985,-0.006696709485222496,0.37617677642700226,3.1154449795787422,1.8707639085634666,-2.0280346863529695
0.014413734422657259,0.007216216855015084,-0.004205183466257884,-0.00666723223843794,0.3808578068165694,3.142212663817035,1.8352316623275855,-2.0541520893249907
0.014405994507964655,0.0071863488085341445,-0.004232667008385807,-0.0066277574006326015,0.3825206025048689,3.149398209599048,1.7978509030163736,-2.0692746278329235
0.013983510343286263,0.006726479975962338,-0.0050865717822986345,-0.0061884520443066865,0.48463978066653324,3.6105172505895458,1.1927434155247927,-2.4637269845568426
0.014012313310298778,0.006742448209121669,-0.005034316897262078,-0.00619926490565086,0.47706541184696766,3.576441896945301,1.2197296006038842,-2.440956277533846
0.014034462468580096,0.006763723963639622,-0.004992649544105029,-0.006222553459875011,0.4715464691728762,3.556499504883434,1.2518468475364892,-2.424385997467269
0.014057986344045953,0.006780168541912332,-0.004949271885120153,-0.006236101165840661,0.4653521497549428,3.5303701114102437,1.2772646339097324,-2.4056462308200177
0.014067627944108669,0.006800424794320114,-0.0049288221279766556,-0.006264615694466541,0.4635043195047729,3.528490175678152,1.3055511420859645,-2.398976704478918
0.014083191436549411,0.006814100984536893,-0.004899340572693427,-0.006277818292724044,0.45944987203826543,3.5124074475244105,1.3256501862082626,-2.386378438138116
0.014095895367309142,0.006832353231105123,-0.004873625808278412,-0.006300457251960873,0.45641421699818674,3.5035301288167546,1.3513234313915883,-2.3763118140816197
0.014120190791406879,0.006841137348807179,-0.00483027787876516,-0.006298775535243001,0.450143478324451,3.4699387802995325,1.3650546245561779,-2.3555488566308043
0.014218428448211265,0.007009750557346963,-0.004614093924251335,-0.00650848375741351,0.42716709242797585,3.3965721346633866,1.5931903000842569,-2.262859812873312
0.01413045760148794,0.006889623911207139,-0.004800513751976514,-0.006373804703499811,0.4484996513883796,3.4814042874486044,1.4308972051810187,-2.3472417167603563
0.014135110202244732,0.006863160278953169,-0.00479957750825754,-0.00632560438827523,0.44662655592800754,3.4589899063224707,1.395375292682527,-2.3431135063776583
0.014149435076664293,0.006908656460762538,-0.004762994201433063,-0.006392215784606542,0.44351451812157855,3.461021962690054,1.457209414975788,-2.330375406892689
0.01416219307612548,0.0069284369640953275,-0.004735615264114734,-0.006416120388018358,0.4406138073798026,3.45061614354434,1.4842059479972116,-2.3185313301016355
0.0141832878777181,0.006940025826353603,-0.004696513482680488,-0.006419554610573774,0.4353491851292521,3.4222258222821687,1.4996969516306684,-2.2996084452231007
0.014223724594440412,0.006982040066970942,-0.0046150701168620805,-0.006457955197507066,0.42536294926815577,3.376304933502329,1.5548457600527468,-2.261342687892344
0.014209706569428363,0.006957709574075152,-0.004646635105989511,-0.006428604683362744,0.4286665292388446,3.3879949126963775,1.5227027893028822,-2.2755684179680284
0.013889211097362712,0.0066109804139656845,-0.005261270169810491,-0.006036113394515341,0.5070428710123845,3.6624011029921575,1.0159102672565516,-2.5203461931638347
0.013911263255013302,0.00662293257352798,-0.0052221772434487826,-0.006046426720377685,0.5011965151041168,3.6387604526465984,1.0384045886758466,-2.5046993599825558
0.013932241625590517,0.006637448900997781,-0.005184768817058064,-0.006061292604317586,0.4957793644035991,3.6187652538560546,1.0633973852275627,-2.4903832798035253
0.013952500589863491,0.006654283696600383,-0.005148317663400577,-0.00608010574590243,0.4906874896785602,3.601464574865451,1.0907581892349159,-2.4769166212370575
0.013991962145198775,0.006694647147733303,-0.005075964672459229,-0.006128507016737366,0.4810609773956873,3.572316195962593,1.1528097908185568,-2.4510609999429858
0.013971824781881532,0.006673860320582974,-0.005113037380646023,-0.006103710806651835,0.48595739316036607,3.5873762011278316,1.1210422427501274,-2.4644544787485736
0.013728915181314392,0.006457179821319126,-0.005538987491804535,-0.005828198636231762,0.5460739296519742,3.750910828943066,0.7563289039971163,-2.599825322979276
0.013752739114715605,0.0064738211755895675,-0.0054984298464614495,-0.00584988395300417,0.5398842887493811,3.733728626277022,0.788400802446794,-2.5875054061762968
0.013847801941118744,0.006572755538879813,-0.005334766107561294,-0.005987744178357678,0.5173366210319131,3.690868374290122,0.9523414899742814,-2.544344870900311
0.01383446628517728,0.0065531439627655045,-0.005358147369569102,-0.005958930281921293,0.5201690551457309,3.692257395842479,0.9224707306821306,-2.5492907637666735
0.013773858343506211,0.006490049738473876,-0.005462400195457251,-0.0058712295794371,0.5345128875113302,3.7195542929928878,0.8182508540031616,-2.576780432143083
0.013793138710241704,0.006513031986244622,-0.005429720412541282,-0.005904686735508375,0.5302743090200717,3.714682573035525,0.8551455853356356,-2.5696869845519763
0.013817600673005397,0.006532526729339175,-0.005387402857076472,-0.00592955437355168,0.5240570823911724,3.697492519841145,0.8898447222303387,-2.556409087315991
0.01389541364242471,0.006583292986416709,-0.005251432952361448,-0.005984974460756089,0.5037264340633899,3.627501375724933,0.9831854576324585,-2.507471014005416
0.013871529731292572,0.006573730284713764,-0.005293206253303643,-0.005979072916253052,0.5103755210063737,3.655210778470431,0.9626047009873083,-2.5247029606754516
0.0136037453163061,0.006318649286049587,-0.005737988229949604,-0.005614789925596094,0.5728048131597601,3.7649382811162817,0.5242703353818291,-2.6286325330962934
0.013616834148650395,0.006335039999084852,-0.005718369299695687,-0.005641136079530392,0.5705150905863835,3.7674302051395268,0.5506451635991193,-2.627816650037067
0.013636834447457134,0.0063431157136364606,-0.0056848360957938064,-0.005651320565072393,0.5649099591332306,3.749516020626295,0.5723824250858248,-2.6171465091834794
0.013662572660018758,0.006356438367177134,-0.005642157534793073,-0.005669041527760177,0.5579142693112552,3.7296237204181115,0.6030729450140869,-2.6045857110080877
0.013739137982824284,0.006430366174707233,-0.005518313518629047,-0.005777926227881393,0.5407427124363184,3.705833029397495,0.7302265091957381,-2.5800622408196334
0.01369361080052851,0.006360732814836406,-0.005588823519787861,-0.005669191979656766,0.5489784009322276,3.6913451635993937,0.6262812801588744,-2.58321509526494
0.013711596062643161,0.006378742207076696,-0.005560170126657151,-0.005695850150466918,0.544734316762459,3.6869136551354056,0.656506953901287,-2.5781298597034117
0.013732246148616284,0.006402703380068037,-0.005527311901459913,-0.005731764578237429,0.5405634863639993,3.684832465413045,0.6948385102813318,-2.5732367980142548
0.013540799636932005,0.006219069785392002,-0.005823520342215172,-0.0054502584873416275,0.5819359773430907,3.719544469681939,0.37778876390388594,-2.6153753841165144
0.013564292449277045,0.006230587170846978,-0.0057860928850405466,-0.005467602237128179,0.5758056984696301,3.7045328008114047,0.4061665617469928,-2.606326019994191
0.013591360579331828,0.006243867741492453,-0.005742836088135285,-0.005487021073696619,0.568864176243349,3.6866930798349347,0.4384275650764361,-2.5954703458974353
0.013608062616403602,0.0062940990869656925,-0.005725274374154898,-0.005571196237490531,0.5691036377490191,3.727929991523277,0.5011104511007329,-2.6119012016668663
0.013608745269948463,0.006265566523070148,-0.005717900915125194,-0.0055217649745915665,0.5657841872626125,3.6913932436321146,0.4721269705431583,-2.5956129916536637
0.011356852961384842,0.004934457612759566,-0.007737150877906124,-0.0020649490802403937,0.6218811409230539,2.1224039332654647,-1.9944204181831757,-1.3396173347805276
0.011389679027387627,0.00493027759011038,-0.007707806294957681,-0.0021044199604198714,0.6215792161084103,2.143573097405298,-1.9666425719851757,-1.3643548621661419
0.011333153385188558,0.004902104964640966,-0.007720245699273901,-0.002010028267979896,0.6076941309268165,2.073806855971504,-1.9878727401513079,-1.3091881702732528
0.011206750840974009,0.004857710398083667,-0.007761019649998002,-0.0018123371955571783,0.5816734648137595,1.933438831277391,-2.042249304316805,-1.1911314466008724
0.011266263457813938,0.0048825106437684505,-0.007747135382263681,-0.0019082372522447302,0.5958264848457971,2.003231846926941,-2.0206966610323813,-1.2481456069377723
0.011242354607621775,0.004854037794188737,-0.007733239772926531,-0.0018571166685067697,0.583165808358348,1.9593397485729174,-2.0158321673107853,-1.2195275395603624
0.011306283311656997,0.004870235259789074,-0.007705912535565545,-0.0019520448523998393,0.5937365086842882,2.0240544240410987,-1.9836950885847557,-1.2767518851019677
0.011187086222152904,0.0048144032362853785,-0.0077278044079282515,-0.001757935894964914,0.5638827636852759,1.8815744581202687,-2.022410854460721,-1.1624580143665304
0.011423399921897151,0.0049252143785263386,-0.007676386187528775,-0.00214369511070114,0.6209104047568162,2.163839664739729,-1.9372087612453586,-1.3888829811428858
0.011579092649086659,0.005016393255051336,-0.007643264951111027,-0.002414514029992585,0.6598023893954066,2.3672607665290433,-1.874120273546218,-1.5448456367569778
0.011554188736828485,0.004984922982400725,-0.007631894960726336,-0.0023565113977457564,0.6471170354782637,2.316696502068116,-1.8738348548119992,-1.5123014647231685
0.011479838837683835,0.004958509792919629,-0.0076663672552111815,-0.0022417213066237497,0.6356455328029819,2.237711140268285,-1.9165210573452753,-1.4454369876095499
0.011521384369373755,0.004960876519862481,-0.00763455708916713,-0.002295601523514512,0.637153553372447,2.2692008258128733,-1.8845566344147362,-1.477578860469539
0.011617613437431796,0.005003679176455592,-0.007596017501613491,-0.0024503652264463026,0.6542140506684583,2.3784312808990715,-1.8322003165860485,-1.5665417673332467
0.011752328855380472,0.0050586563083922734,-0.007527550127618088,-0.002660734235893952,0.671988744468332,2.5213480683779683,-1.7455921368363747,-1.6855129798212845
0.011694007824096318,0.0050363464135859334,-0.007560072465897824,-0.00257141180144274,0.6653821518041908,2.461977683514782,-1.7854269310712028,-1.6353457009603665
0.011729530485398133,0.005026971773106586,-0.007517180700122652,-0.002604126807770569,0.6603188682373914,2.4715959258799063,-1.7473063681872694,-1.6538790592905535
0.01167212878783133,0.005006706400525526,-0.007549952199996857,-0.0025182184159925967,0.6541691017685457,2.4153556607086792,-1.786301480368511,-1.6055748317215743
0.011647088944591297,0.004989447960122032,-0.007555046305664932,-0.0024729557275431245,0.6477222797612912,2.38127493475409,-1.7973165220072282,-1.5801947148470115
0.01146166897209016,0.00492092614879095,-0.00764169235695411,-0.0021886007799110066,0.6201484049454756,2.1872924534516236,-1.9045338284375706,-1.4164676127092617
0.01208413967102374,0.005195900725694285,-0.007313803859172337,-0.003164038560400134,0.6963132940516923,2.8407779039986867,-1.4847688976204212,-1.9547738422961174
0.012056969321999667,0.005174444956145299,-0.007324028847923198,-0.0031125021870167615,0.691393320898174,2.803044748856191,-1.5040621314537896,-1.9274929003756192
0.012031567521995376,0.005160524008398222,-0.007339000231161147,-0.0030711781220388976,0.6891386101734871,2.7760048846688004,-1.5242373239426399,-1.9060415177736605
0.011897328434460923,0.005126504968431596,-0.007450204251876255,-0.0028923231812149936,0.6895335179692116,2.6781504836190844,-1.6441895784821023,-1.8131015725132251
0.011931478648724321,0.005129172338905256,-0.00741692140974867,-0.0029322092814097864,0.6873656432891168,2.696482306331269,-1.6112410773639756,-1.8339398303937562
0.011972636064948876,0.005137189879341442,-0.007380806752317686,-0.0029845571482108204,0.6864141580576438,2.7236076819881965,-1.5736493485391445,-1.8610966057306102
0.0120147418478707,0.005132539952811164,-0.007330698336799209,-0.0030232199444962687,0.6802583336123361,2.733162710877117,-1.528659686903245,-1.8794317176932387
0.011865078220825496,0.005122397775534355,-0.007479565996412141,-0.0028524169682527033,0.6905575223389998,2.6579603479457705,-1.6741864507320707,-1.791782203341972
0.011832093891952923,0.005121713713452934,-0.007512661349068555,-0.002814617138076968,0.6930058462490895,2.6410168958648614,-1.706458213682108,-1.771528463556941
0.011884850569048635,0.005098205436099819,-0.007435055920713194,-0.002849290830166966,0.6791668428050341,2.6365374437535194,-1.6412518608829807,-1.7888224757389743
0.011808060875101514,0.005089749404198824,-0.007504454537342887,-0.002755123455884553,0.6814276269893399,2.588765536260127,-1.7112687074256492,-1.7381304795433385
0.011788837186329226,0.005051055916396756,-0.007484456544106428,-0.0026951414420043427,0.6670619082904703,2.5319790686062302,-1.7069072001330345,-1.7044459018225169
0.012190803803967292,0.005277527460063287,-0.007265956107493205,-0.00336385746735357,0.7123035857790027,2.983743051790435,-1.4006506408806436,-2.0587232180670783
0.01210989104769892,0.0052171119480975935,-0.007304447940890246,-0.003213966599348989,0.70102839470563,2.877699108767894,-1.4661489588702887,-1.981154909770069
0.012129431308815754,0.00523683118184603,-0.007300462614677891,-0.00325614909611166,0.7060901765056127,2.910807726076612,-1.4529536049065883,-2.0037179898911877
0.012155381373352921,0.005240607123195816,-0.007273533672704668,-0.003285867503433748,0.7033703202144558,2.9225217529818637,-1.4260720464403194,-2.0174200112825322
0.012181004570099544,0.0052506446096742725,-0.007252547596155063,-0.003322289803057088,0.7035082458340571,2.942553051499119,-1.4017884605169082,-2.035029918221122
0.012222323422193204,0.005283319362180003,-0.0072331261010807986,-0.003400560963489087,0.7091440373268044,2.998054539861835,-1.3673813147482112,-2.0750811799979214
0.012253910513161648,0.005292161895436443,-0.007202565161412637,-0.003440488917854793,0.7071016764274596,3.0160461617332497,-1.334878700860035,-2.093058563869714
0.012280345189533153,0.005302994747654735,-0.007179721768769421,-0.0034777500715050523,0.7064723452682701,3.0355740852120903,-1.3084798438008045,-2.1102457012499625
0.01231250522620145,0.005297592309566689,-0.007134777180738004,-0.0034993981573774933,0.6987337068233714,3.0307791010228793,-1.270873339169482,-2.116269496383534
0.012353987940618566,0.005315747724908075,-0.007098596673073916,-0.0035578478443001734,0.6975062860718789,3.0605665501566373,-1.22909597202009,-2.142220443612754
0.012390744134314062,0.005321008590565234,-0.007056364679986299,-0.0035951562651036838,0.6923487177558744,3.0696839043755113,-1.1891433712859163,-2.1558635427099198
0.01243901518096497,0.0053403631161927975,-0.00701065446307686,-0.003658930354780772,0.6894799366136889,3.098242387841429,-1.1388062675245374,-2.182140357235102
0.01241781805397619,0.0053230575710918535,-0.007023400894056227,-0.003619723125648307,0.6875895987852267,3.072877267159772,-1.159338906616943,-2.163877063005573
0.012474328504089542,0.005401494215493958,-0.007015781912710971,-0.003767070290107448,0.7028468038974026,3.1895883065701938,-1.107868862120205,-2.238386669485154
0.012516737276551709,0.005431466798491501,-0.006983777001626773,-0.0038397626885784486,0.7036238315344543,3.232240692880308,-1.0622114692897762,-2.2702035299821066
0.012506892230079834,0.005406309061437099,-0.00697618010249302,-0.003798375699781347,0.6972808755861456,3.193963992396428,-1.0710773122026414,-2.2478376347473996
0.012542062314925537,0.005441890827412964,-0.006957864521800539,-0.003872729431943379,0.7011997935317201,3.245150436584893,-1.0336720567072257,-2.282472620830023
0.012463692977228458,0.005365910646751965,-0.006999912732037171,-0.0037116401890555867,0.6931348445382729,3.135651009217876,-1.1151209057827947,-2.2074983302218225
0.012465171171355052,0.005330555851860144,-0.006968513271937304,-0.003666576253005766,0.6810107657754051,3.0828635028111693,-1.108191772961423,-2.179770878543283
0.012585353532618583,0.005476304713958391,-0.006926151502182294,-0.003951308256827627,0.7023438700784621,3.2921665740412336,-0.9850657568979376,-2.3163256256517246
0.012573374308638037,0.005443080623570744,-0.006915913255399926,-0.0038968822780077812,0.6943753436864971,3.2417802060298224,-0.9976378924083521,-2.2871466127952975
0.012617262925278214,0.005484066476755238,-0.006887767142242977,-0.003984248067743911,0.6970276710538492,3.297497660123426,-0.9481169076503505,-2.3254643304274913
0.012647901749712176,0.005494924946804615,-0.006853215319983724,-0.004020032061909171,0.6929054831761282,3.3071810615035058,-0.9126239021240078,-2.3364346393166375
0.01267839837495981,0.005505803516386987,-0.006818450344035214,-0.004055170195555253,0.6887544286849216,3.3159924404093952,-0.8772069369008534,-2.3467220700415936
0.01270837966502903,0.005513332149979726,-0.006781479037467778,-0.004084646661896666,0.6834791846549254,3.3188027188947733,-0.842607827304037,-2.3534806256638743
0.01273950621206728,0.005523942764143603,-0.0067448202091808926,-0.004118621246113611,0.6788023997918907,3.3251789098131384,-0.8065281882581051,-2.3621279627576057
0.012769826818645197,0.005534622216004388,-0.006708977562182067,-0.00415160970292855,0.673953343865855,3.3310189978850233,-0.7713288264780668,-2.3701436832602147
0.012812948121191742,0.005560060345465172,-0.006664509211180323,-0.004212433832741153,0.6701009026592127,3.353664932485675,-0.719695331982445,-2.388907861171504
0.012795047488379285,0.005538800255967963,-0.00667553305053017,-0.004171793388853583,0.668613422360441,3.3279359967203335,-0.7427832291824205,-2.372334162086378
0.01354008431953934,0.006193752591529801,-0.005817873257555543,-0.005406895753972143,0.578938369432289,3.6870278745397216,0.35305302897426355,-2.600400964318515
0.01345891456248198,0.006103091241406542,-0.005927908855870905,-0.005256628528140629,0.5924655489979975,3.662427384236373,0.20839410538500544,-2.5935139694798033
0.013484139486089357,0.006123090157605995,-0.005891912124729073,-0.005290005010819534,0.587285279003539,3.660422821054255,0.24585819436455605,-2.591420268027607
0.01352322231716389,0.006174645130216001,-0.0058412509638477396,-0.005375605164478172,0.5818836371183346,3.6825840141120856,0.322468409968329,-2.5996103484636595
0.013506316970482999,0.006146888201804625,-0.005861786494813607,-0.005329435391892941,0.5834997612043723,3.666169390849109,0.2842418279173627,-2.592954310055758
0.013295631547619329,0.005987548751960472,-0.006156293829040152,-0.005051806547452784,0.6254426611360183,3.673540519729508,-0.02542126318649161,-2.6007179041230715
0.013284471014587806,0.005957210724329926,-0.006161126770047259,-0.004999929396744111,0.6234263904945383,3.639310071433024,-0.057134703420325623,-2.583130587358585
0.013323377606717658,0.005991592554839136,-0.006111956894021864,-0.005062125121517762,0.6173198368321487,3.6512273227228262,0.0032294373457262796,-2.589839216701943
0.013347098401423873,0.005995189938436131,-0.006074165600777315,-0.005070731387804293,0.6106043580119647,3.632217847670021,0.027275319969894803,-2.580396007446706
0.013462707789860135,0.006067111995691335,-0.0059094219987459356,-0.005196433057593846,0.58620058825377,3.6092315656071317,0.18157928191977354,-2.5674106374404637
0.01340954436679206,0.006053501814034235,-0.005993197350841014,-0.005172341502191897,0.6004536307877587,3.6489184958370138,0.12646119295289474,-2.5883448988535345
0.013438116052175132,0.006051040668490908,-0.0059447019113402595,-0.0051692873758205134,0.5914227529001091,3.6144211174538383,0.14848246617263183,-2.5706546196164073
0.013363787004359398,0.0060101115917252125,-0.006052611886678668,-0.005097042571495257,0.6080110623198475,3.63638368362281,0.053233959699659696,-2.582541778168235
0.013387788444321886,0.006028211067344039,-0.00601987228181648,-0.005128975448783363,0.6031960287850785,3.636800434676393,0.08798200218699671,-2.5826321373111565
0.012927900564945782,0.005683341349468717,-0.006576521038473641,-0.00445379920477992,0.6716472373956142,3.4915025913976265,-0.5633431212380913,-2.4783734558951767
0.01283983419189374,0.0056285675513091035,-0.0066727690197588285,-0.0043279858495260315,0.6817479108469714,3.4501816210560112,-0.6764951447680346,-2.4446010131396068
0.012871514588437473,0.005644864644561815,-0.0066363964171271125,-0.004368601483856388,0.6774177274751962,3.460606884161891,-0.6369307486983765,-2.4545828797657294
0.01290039815468681,0.005662559057796024,-0.006604663085324648,-0.004409378500804761,0.6739837448022876,3.4736510775476153,-0.5999345154097161,-2.4653812014911423
0.012990873115026147,0.005713902720519257,-0.006499224817416506,-0.0045277846254849095,0.6610726159992784,3.5018438344812046,-0.48419359320818944,-2.491106179676925
0.012966177110584788,0.005692837150801023,-0.006524002390269123,-0.004485136717887933,0.6630703161423409,3.4839084344581366,-0.5182984855826969,-2.4788273961909026
0.012835096534961,0.005588356348900831,-0.006651790971504435,-0.004265715279054582,0.6720507844615778,3.3883664144781127,-0.6900154114458711,-2.4108434515731996
0.012841908889629307,0.005552403583563063,-0.006617034740823337,-0.004216597596432189,0.6607446662463607,3.3296997802245003,-0.6893984424684696,-2.380038206754481
0.013111326680826456,0.005847144885135127,-0.006387861056134971,-0.004780840050267041,0.65555324487686,3.62547637620731,-0.29637816226537234,-2.567422403086511
0.013133479126553525,0.005868910157267765,-0.006364050823496117,-0.0048224990402524655,0.6534119984179046,3.641521859351505,-0.2616167341966876,-2.577316529967458
0.013027416936104189,0.005765476092810522,-0.006473934582547885,-0.00462240167332074,0.66262880389747,3.5591214734932306,-0.4245524732876921,-2.525329254729195
0.013068215326984304,0.0057716669173038535,-0.0064134224570893275,-0.004646722277809789,0.6520725631930518,3.539790264552494,-0.3784614678916553,-2.5188275754750173
0.013118962577293955,0.005814360661933277,-0.0063573528674384745,-0.004730569711320368,0.6463321356725461,3.567853119023216,-0.3054410036718773,-2.5377457308417917
0.013095548713669669,0.005794793718639886,-0.0063835632244017395,-0.004692257776181118,0.6490186193772988,3.5555169119306957,-0.33921772187584787,-2.529440847162965
0.013023513714135267,0.005715789349831943,-0.006449985210259794,-0.004543511451818408,0.6523168951961401,3.483709011468747,-0.4485684670104369,-2.484843584487365
0.013253983125636356,0.005911077544122886,-0.006189647956471726,-0.004919177890648281,0.6245916469071943,3.5996840266095176,-0.11637221753854335,-2.561851539515115
0.013232145559484472,0.0058896044163990885,-0.006214769733085422,-0.004880055655738058,0.6272268404154525,3.587464155060986,-0.15063345420659977,-2.554674705091401
0.013283821370416728,0.005915016774682863,-0.0061430066148216314,-0.004930847412119071,0.6163676166226751,3.5778347933907457,-0.08568619546514208,-2.551577414376315
0.013165457131489209,0.0058661100224355256,-0.006310737078448126,-0.0048265614160520115,0.6431517352024841,3.6099717018770465,-0.23036086036381706,-2.5629445080430995
0.013198300721868332,0.005876621182845706,-0.0062630682827230595,-0.004851621559156451,0.6351190688067668,3.5978797765401183,-0.19157204174880957,-2.5584603344515404
0.012981945000087742,-0.0058474979723977475,-0.006598105768779373,0.004736281703327128,0.6966871007337606,3.729834723622286,0.4384990214178535,-2.609846850033095
0.012967092526711894,-0.005823780449409431,-0.006606829157486082,0.004691722695669237,0.6954566532962945,3.6999320067143606,0.4664923320823138,-2.5927156915896656
0.01294724100632499,-0.00580352799227254,-0.006625494117641142,0.004650721891017086,0.6965874266911174,3.6793562869754237,0.49808401505697303,-2.5797275349310387
0.012904662435193517,-0.0057723332192978205,-0.006672446599710378,0.004581822639516704,0.7018094156055705,3.6544579684875638,0.5597554427713125,-2.5614694899110106
0.012929545316561411,-0.0057809800375687,-0.006638744250532679,0.0046069229463061466,0.6962159168193298,3.6528240052291365,0.5275894516477669,-2.5637352483718647
0.012853646242615056,-0.005741000588130783,-0.006731045169708264,0.004507500062772222,0.7090143732505548,3.631957430788674,0.6306727264150905,-2.5426924980606116
0.01287204844597873,-0.005749957564393797,-0.0067084576192368425,0.004530799945748891,0.7055581193189743,3.6363596462345327,0.6059954526294087,-2.547593894688546
0.012792551237205066,-0.005696076457506887,-0.006793301668455564,0.004405071239813318,0.7145414302563734,3.5875761608285814,0.7162504537177079,-2.510123983103464
0.012810503716082092,-0.005705163575554108,-0.00677230514640064,0.00442897886230963,0.711775542302111,3.593931604733609,0.6924259085215033,-2.516289853938789
0.012829741787774308,-0.005714222991790914,-0.006749103688366196,0.004453324354685178,0.7087247603949282,3.599145174841642,0.6669934955701896,-2.5219696204851236
0.01284836005960492,-0.0057225417339173325,-0.00672613300982698,0.004475944970547404,0.7052621474257648,3.602995348508761,0.6425521566324139,-2.526723809072058
0.012897513781294145,-0.0057455719782025655,-0.006665372083663725,0.004536193723629973,0.6968931720828159,3.6130159563352806,0.5775740251073095,-2.5388075917025916
0.012642675309003263,-0.0055880683138453124,-0.006934668243017022,0.004150436873547755,0.7238501535064042,3.4628677911253845,0.9145888984222753,-2.4178609824942607
0.012793166604868194,-0.005674201239705651,-0.006776155362450665,0.004371866820934011,0.7079053916642205,3.5493172877714927,0.7204938827889048,-2.4901069955162978
0.012768371951880596,-0.005663624961797027,-0.006806036786321247,0.004341715045102053,0.7120638265244175,3.543153600500205,0.7523412149073626,-2.4828605032901785
0.012747185883466903,-0.0056411434438954555,-0.006821086647658765,0.004295344119370575,0.7113039940134714,3.5141591252797535,0.7818572755077974,-2.4640359363945805
0.012670765599582086,-0.005580484519195001,-0.006887491638650148,0.00415788501603372,0.7137344968032456,3.440704392623348,0.8810567866740712,-2.411635016018483
0.012693606624876383,-0.005604980750877364,-0.006873150552172255,0.0042085676192855324,0.7152868018574522,3.474117365671135,0.8512879268428735,-2.4334801403222923
0.012723524456810808,-0.005621077257502065,-0.0068412003933419315,0.004251067559788473,0.7118730523285354,3.4898603053442705,0.8133294923578092,-2.447128981465849
0.01262465355862537,-0.005568045749265233,-0.006944698299525665,0.0041090354364696985,0.7221218788924019,3.4340876673764122,0.9375546806353533,-2.3991761998131054
0.012530008248898007,-0.005503936848845325,-0.007026380796337022,0.003949710605545192,0.7249412311412736,3.3480980297178067,1.0517171135764192,-2.3341186843628328
0.012553282717571092,-0.0055175338970216035,-0.007005119478501585,0.003986103808360891,0.7237304787737441,3.366445290534307,1.0241852445016066,-2.3488344144176145
0.012577294785875071,-0.005536969777097743,-0.006987274657732607,0.004031128851914483,0.724288855757458,3.3938619228164617,0.9955517233515165,-2.368329439918471
0.012604187974680499,-0.005550856411433252,-0.006960219419499166,0.004070059682524369,0.7218965448763844,3.4105865791576746,0.9629031095266803,-2.3826831859757713
0.011127529984801435,-0.004826271798709956,-0.007777984998236501,0.0016858723206971365,0.5622830201251179,1.841513518249791,2.0687563157977604,-1.1155546018562765
0.011097357831455379,-0.004797955887755182,-0.007766009477236316,0.0016279999347928217,0.5488991623346692,1.7939540610809737,2.0655434939464556,-1.0827456596867242
0.011233471143830987,-0.004862462248175126,-0.007748219019442496,0.001851058048310143,0.585620587369463,1.9593363056125936,2.027933957714969,-1.2148805129918345
0.011196217419276348,-0.004844051014056982,-0.007753357321204537,0.0017892976970003153,0.575380952001157,1.913386120953453,2.038706782290879,-1.1785005682637288
0.011167077140352961,-0.004805387772564999,-0.007731034181571843,0.0017257089039976567,0.5586579425194275,1.858003994645223,2.0284182696989017,-1.1433825152228414
0.011267984311489287,-0.0048415367981421535,-0.007702498706768013,0.0018821288749641537,0.5802850007209521,1.969231667714683,1.9891870920202985,-1.2367883098124226
0.01130304662586665,-0.004871259211070239,-0.00770929985082998,0.0019485666978415962,0.5937881287029699,2.0225500073399894,1.9866527694045948,-1.2746206460702334
0.011345441247519773,-0.004884815186833889,-0.007692933847913156,0.0020132509382458376,0.6018551519370731,2.0673839086685533,1.9662996347701276,-1.3130023063755354
0.011508296837649666,-0.00495914536044165,-0.007643630327745884,0.0022778901786750794,0.6363483048205946,2.258348754943768,1.8939612096318414,-1.4671534802081345
0.011478235757855414,-0.004939600802273165,-0.00764783439734809,0.0022243375757181063,0.6279960557941219,2.217501205336792,1.9045250586156788,-1.436479996581587
0.011445832994075535,-0.0049184807349277075,-0.0076516931829392594,0.0021667864876074344,0.6188310424149909,2.1735866259741115,1.9151525209262508,-1.4034843794570142
0.011412302339948176,-0.004897286134905311,-0.0076557081131353845,0.002107990238175527,0.6095281820759645,2.1289553315303142,1.9258503983315867,-1.369683229769498
0.011377859875475441,-0.00487853180163709,-0.007662287302135702,0.0020501033367526958,0.6004632816471211,2.08606229230521,1.9381567355199745,-1.3361821992448606
0.011540871418503802,-0.0049393400343246815,-0.007595937589806545,0.0023015447782012977,0.6287719271988834,2.260214278372264,1.8539358766276666,-1.4825155292316443
0.011568657564809823,-0.00492194618854976,-0.007554749150516684,0.002320489325337982,0.6222480236355801,2.260583377271462,1.8198341973496739,-1.4945327565119584
0.011661561942692928,-0.0049887872297230875,-0.007541326240722857,0.002489463854618011,0.6472742030420068,2.389103086582652,1.7842653957988703,-1.58955747922243
0.011606371779830876,-0.004926724850180182,-0.007527326262557018,0.0023694553811708717,0.6237316549015001,2.2893335251644538,1.791926571829235,-1.5227722459041504
0.01164056761911873,-0.004956652596573601,-0.007527585869711385,0.002435952919453336,0.6351071791198954,2.341670324271113,1.7820487983338256,-1.559942928975432
0.011755838620748348,-0.005046947994045814,-0.007512295261263993,0.0026535033814200303,0.6671122868160134,2.5094931715352407,1.7351985339076432,-1.6814964514483572
0.0117199027510989,-0.005024792068698336,-0.007524044152397672,0.002590921307675039,0.6597392527176827,2.463658220219283,1.7547544709505696,-1.6464974203343272
0.011701599028917311,-0.004985440962450372,-0.0075014051959573155,0.0025331307296495354,0.644976755951404,2.408898459886426,1.7470603611291582,-1.614403068314818
0.011792560949356287,-0.005067717638364413,-0.007497553569664361,0.002715705181888122,0.6735791337859786,2.5539493222805185,1.713112246695056,-1.7160755337538325
0.011834542763204895,-0.0050763635605642786,-0.007464508376954465,0.0027715678227832777,0.6743061469592946,2.585647476176993,1.6780978599145489,-1.7464726566845286
0.011902784394714755,-0.005115559571602231,-0.007433621666523054,0.002886850843232595,0.6847513958932355,2.6665835870699977,1.6328995868546763,-1.8094792281326786
0.011870177435841595,-0.0050941211922981,-0.007446063553571175,0.0028290269387672294,0.6786689101404456,2.624693869160146,1.65346464715482,-1.7778770408617002
0.012117895782251732,-0.005280439534606448,-0.007355941076198107,0.0032960543632357437,0.72498885825831,2.9713704851856373,1.4835193900847512,-2.0302952653605693
0.012072409207147796,-0.005250080124306729,-0.007379591626732888,0.003214338974347426,0.7194303153145504,2.9139768293060437,1.5210906744801622,-1.9872940798072432
0.012095491398447813,-0.005264982011159476,-0.007367285735325971,0.0032552317095589857,0.7221116780073001,2.9424391291289758,1.50205030528362,-2.008809076995901
0.011946304146908128,-0.005170626725684073,-0.007442126625365053,0.0029925375963311316,0.7026570851847539,2.7575223005195677,1.6176574855328092,-1.8684039131514367
0.011931195946124589,-0.005139252771575152,-0.007427161551870481,0.002942597746689434,0.6916397775276418,2.7094678503752267,1.6168044790868732,-1.8400285093177915
0.012025355758513323,-0.005214708233910483,-0.0073985810018688605,0.0031252351902390885,0.7113741134799839,2.8481652860154405,1.5560493850085069,-1.9394542122279226
0.012047881428137595,-0.005231750459758893,-0.007389799964295536,0.003167988987801035,0.7154202461664361,2.8798185567415184,1.5396399786808634,-1.9624474760663808
0.012000697672002406,-0.005196224793657738,-0.007407941301106102,0.0030786700137057648,0.7070553983468307,2.813568668078922,1.5734829896066493,-1.9142876610473694
0.011975618288176497,-0.005178779731313636,-0.0074183497966475555,0.003032867475079516,0.7027448089270126,2.780274066414949,1.591298039305878,-1.8895531309984477
0.012248206027840228,-0.00535712635147813,-0.007270038952250779,0.003516162872909217,0.7329067298061546,3.114675490092194,1.361603240243614,-2.1417504847758253
0.012273132643417438,-0.00535507880527842,-0.007236618817804389,0.0035366089049020436,0.7272167391425736,3.114454664723698,1.3318299245497085,-2.148727400569062
0.012180380459301336,-0.0053102692499681844,-0.007309615805455249,0.0033935621053751736,0.7267857206004339,3.0307664874487235,1.4242268474589797,-2.0793522943657266
0.012230471041369331,-0.00533685864455006,-0.0072731417523560415,0.0034741487253166863,0.7282777945865977,3.0804457129037743,1.3758386816834156,-2.1192486789310965
0.012207056683905003,-0.005318926578761281,-0.007285176846739807,0.0034297950449824785,0.7254606433363254,3.0489787051755157,1.3968131841682399,-2.0964711058019234
0.012146154262170738,-0.005266543433379436,-0.007309019800334216,0.003307590544752346,0.7150399585805721,2.958037678682371,1.4463268773489089,-2.032472682546228
0.012167427400489206,-0.005285188598526509,-0.007301360741753156,0.003350621694499883,0.7190863002119702,2.9903182299817304,1.429684321262414,-2.0551199066944847
0.012319336012429615,-0.005360380374474951,-0.007182629884927579,0.0035848249617892805,0.7204207878440699,3.126641268681557,1.279458797163979,-2.1676011827310098
0.012295568402780318,-0.005341834904937947,-0.007195985788070473,0.0035401077193340257,0.718076825100627,3.0959443724512945,1.3020706365138575,-2.145425831888114
0.012488860096204871,-0.005462424750567387,-0.007047993742411826,0.0038607873939297344,0.7205031616624293,3.285536985346487,1.0978151082628418,-2.292105355693726
0.012508361752138165,-0.005466567724988907,-0.007024736989410374,0.0038814575414711067,0.7173151118185722,3.2897382533119655,1.0749828080540211,-2.2987223306847344
0.012531269809123854,-0.005474834955360184,-0.007000077018481842,0.003910117599701251,0.714710048499901,3.2997580426736133,1.0484180907133414,-2.3090366470918924
0.012354997288515124,-0.005385777506480002,-0.007159548333619808,0.0036487149952813096,0.7224630072796874,3.1683983801133713,1.2438702625738218,-2.198510877164112
0.012373380819878722,-0.0054026275689078125,-0.007150639778560932,0.0036865004270439246,0.7250001082243315,3.1954540682700645,1.2258691261020835,-2.2172293417849382
0.012351941824538729,-0.005355723047231919,-0.007136558179043897,0.0036071642176445057,0.7123074773704119,3.120982339096276,1.240637449109914,-2.173180005664116
0.012475956470707908,-0.005445540335817273,-0.007051111369057836,0.0038276896642740962,0.7176241371578541,3.259409447679237,1.1113394864634658,-2.2754559793833633
0.012459628004730373,-0.005430234640306399,-0.007060049254726923,0.0037941211878364757,0.7159237295554034,3.236279393173652,1.1286927211524593,-2.259560143235664
0.012402527749797264,-0.0053978263704789154,-0.007107966801060988,0.0037046445062633546,0.7169303477237837,3.1874768183240185,1.1905737178016178,-2.2204391732254822
0.012433105722574124,-0.00539721196336964,-0.007066976750013527,0.0037288109893543367,0.7102431253561553,3.18542685375015,1.1548781282836635,-2.2266925296072686
0.012455172471681507,-0.0054091045770660005,-0.007047856439305863,0.0037622280624447237,0.7097399448273485,3.202815061778383,1.1310685805357317,-2.240966575409644
0.01363109518224384,-0.006479074468287206,-0.005717779894918742,0.005896389046638697,0.5799720701173672,3.927875302424655,-0.7287640252921318,-2.6902209467072553
0.01362001821771689,-0.0064682821170318,-0.0057364514436598025,0.005879572071041151,0.582768419575242,3.9317462449816545,-0.7086139580340299,-2.6942063568040067
0.013622913625676854,-0.006454082399948296,-0.005728901369566966,0.0058528530757789585,0.580430202567244,3.9091707849063604,-0.6927074224284943,-2.6847888354010503
0.013615745367243949,-0.006442514388432816,-0.005740060663264996,0.005833576420222351,0.5817108693823712,3.905567314125179,-0.6741285829724307,-2.6848658377834353
0.01357787646283124,-0.006422433111655873,-0.005805486262015416,0.005805648098044566,0.5926535157355515,3.937829174310427,-0.6255509071543442,-2.7051389372172374
0.013565904048071772,-0.006410775551325629,-0.005825008977039089,0.00578682166807737,0.5955217580406781,3.940624817887755,-0.6035649248816278,-2.708425476652954
0.013552953171612191,-0.006401201691541716,-0.005846639656095782,0.005771838511311571,0.5989828667287663,3.9474349697283526,-0.5833624549460451,-2.7134328940997694
0.013555249553946408,-0.006385471728411704,-0.005838984971286844,0.005742740020628921,0.5964509583468616,3.922635044038729,-0.5663402419289759,-2.7027712092681835
0.01354663433792512,-0.006373741438808872,-0.00585197387143417,0.005722956254382448,0.5980753612338802,3.9195718035053306,-0.5467092375016658,-2.7028329136712226
0.013535996385070598,-0.006361150770168334,-0.005868297201711358,0.0057018761669675976,0.6002217059173981,3.918081368502287,-0.5247113689452871,-2.7037735595013714
0.013522181102399174,-0.006354095716886956,-0.0058916105313028475,0.005691180749529415,0.6042651188571061,3.928635595087944,-0.5066869614119092,-2.7102015336512695
0.013513273166857957,-0.006340380113151448,-0.005904243249493197,0.005667580510018601,0.6055936001245074,3.9224956514596925,-0.4846338127258983,-2.7087481829373767
0.013502628324678136,-0.006328841673175236,-0.005920441298473501,0.005648076547854673,0.6079628161896768,3.921659031362253,-0.4638105317373495,-2.709718440012198
0.013489839910948594,-0.006317650347965296,-0.005940467753406933,0.005629335620628033,0.6108865417694851,3.9241091198503146,-0.4417445704671375,-2.712289585946563
0.013476636962704625,-0.006309106962006409,-0.005961878911628707,0.005615253786043926,0.6145092351076618,3.9306465444634306,-0.42220272854160557,-2.716617184091712
0.013606200602792648,-0.0064298499633276135,-0.005755233745794197,0.0058128270006862935,0.583682068683146,3.9040064346808623,-0.6527913350418676,-2.686147280828361
0.013595607524525183,-0.006417262857914523,-0.005772179039053087,0.0057923670799074,0.585998666284233,3.9038714831422223,-0.6309025146391573,-2.6881048577408317
0.013273845442521132,-0.006126818057245964,-0.006256271676160522,0.005287525097838881,0.6575298675478576,3.9161427542229346,-0.06385857773143223,-2.720240956824399
0.013289522856427134,-0.006133121517739345,-0.0062314651415236256,0.005300318007035906,0.6530410130331125,3.9074661418068315,-0.08458180645862555,-2.7159877885610824
0.01326388186167746,-0.0061131416623782,-0.006267543992454825,0.005262267701381357,0.6584523909277751,3.9056298830907243,-0.04230963291944982,-2.7151604467348536
0.013256833299427602,-0.006093704996167295,-0.006270861771634322,0.005227315515560434,0.6573334503048119,3.8820795879594567,-0.019092934355829646,-2.703671178869351
0.013246212851816168,-0.006079440887523823,-0.006282637998947904,0.005200955565851407,0.6583316814536744,3.8709045357975804,0.003107611312436863,-2.698086799872788
0.013007984935561427,-0.005839949343018601,-0.006550914273442261,0.004734118702712688,0.6864117180791857,3.696577319520499,0.41239631910145375,-2.59534404038785
0.013019657607865656,-0.005859573266394184,-0.006544157839694119,0.004770454978995774,0.6874889029469005,3.720820106688223,0.38964515859601184,-2.6090523864367476
0.013055101711724524,-0.00589663023273308,-0.00650850810759392,0.004843883928027287,0.6846630399134593,3.754741711361737,0.3304154804658348,-2.6297472499005354
0.013044698472091604,-0.005882443223914478,-0.006517110266325618,0.004816922385159446,0.6847154348069916,3.7393822543766193,0.34971609172907064,-2.620940340234563
0.013041792497806457,-0.005862552362235421,-0.006509804733686632,0.004783269458826243,0.6811007257872946,3.7078596010024367,0.3633926581271582,-2.6044364538346962
0.01323401884685085,-0.006067106914981286,-0.006297892171093875,0.0051776541785688,0.6602586324610901,3.8644070506224897,0.025157898546834003,-2.694692092075089
0.013222354112261704,-0.006055920303378481,-0.006312623359893154,0.005156337857473083,0.6620938509802073,3.858921002319544,0.04569709142404609,-2.6917353792970187
0.013211168416686786,-0.00604386482750326,-0.006325948357300687,0.005133523972284477,0.6636013484792945,3.8511851858991584,0.06635583831408788,-2.6876166428179293
0.01320069279209863,-0.006028895256722311,-0.006336418579944291,0.005105781312052002,0.6642005783569421,3.8376065671341593,0.08837929600595194,-2.6805447037729073
0.013190093430929906,-0.006013603831625701,-0.006346750027193609,0.005077456881659208,0.6647927131245468,3.8234369973578244,0.11050050723184257,-2.673090056911942
0.013179037434277332,-0.006001388474848708,-0.006359271445334922,0.005054259770770348,0.6661089161352867,3.814610350248802,0.13068353642461591,-2.668217960801568
0.013168950345441258,-0.005988919928988901,-0.006369858603616308,0.005030802046398916,0.6669697093522585,3.8041212459644016,0.1499332810861145,-2.662494397719861
0.01307518343219711,-0.00589642671724332,-0.00647518129296894,0.004850114088625629,0.6781911727658488,3.736952276937501,0.3083540172202435,-2.622294953655215
0.013159838750514036,-0.005975271098955452,-0.00637802027506348,0.005005557896155013,0.667257179983408,3.7905020305259502,0.16881180735915444,-2.655178909771035
0.013130847305676391,-0.005958162043854211,-0.006417600009609879,0.004969375102677525,0.673336276689017,3.7901328372667016,0.21078317296036556,-2.653372834367351
0.013149876759037452,-0.005961725895705718,-0.006387524496035443,0.004980287080863456,0.6676712830901339,3.7777587049255494,0.18830139089624492,-2.6481942138349637
0.013122825544373162,-0.005939683499737877,-0.006420776919758027,0.004936196543318244,0.672004485017927,3.7666821920278637,0.2311623182777358,-2.6409507745502574
0.013094259606177152,-0.005905902939565665,-0.006449144619836258,0.004871724621539929,0.6739871449959342,3.736138429189939,0.28223924523778315,-2.6233434209768505
0.013109908191417087,-0.0059216107753124365,-0.006432153755485546,0.004902412802122212,0.6723929905602,3.748368976425312,0.25608933259337435,-2.6307380254397326
0.013467720504236542,-0.006293493949206,-0.00597334689237783,0.005587899700863403,0.6154227744370928,3.920620952177789,-0.39828078248546184,-2.7131033615149014
0.013461535694865604,-0.006274443596910838,-0.005978667766196454,0.005554173156341114,0.6150447066504173,3.901603388203784,-0.3731890133305871,-2.7051867902048525
0.013451764201719256,-0.0062597477335990664,-0.005991553157002588,0.0055285310664981895,0.6163904140270956,3.893574944944359,-0.35002871364635263,-2.702411298994861
0.013440450711540645,-0.0062467140002067075,-0.00600754133102501,0.0055058754695948035,0.6184895113876405,3.889778456054524,-0.32743079310130924,-2.7015846267173345
0.013408317004643582,-0.006240999282036444,-0.00606301761595534,0.005496762394465772,0.6288235099805729,3.9245548472062803,-0.29471063048319207,-2.719765278209286
0.01339489368155829,-0.006233048394573619,-0.006084253944555795,0.005482730852132707,0.6324768229064223,3.930463128801109,-0.2751866226252121,-2.7233300939833605
0.013427273262420002,-0.00623427489471547,-0.006026875724125352,0.005484241951858427,0.6212785314959278,3.8890434339714326,-0.3039266906868217,-2.702201441000787
0.013385683968104429,-0.006217878494334292,-0.006095211410084011,0.005455640653988426,0.6332919186758793,3.919451315612694,-0.25204996653107803,-2.7187720405862374
0.013378632145365206,-0.0061985535434275,-0.006100593244328289,0.005421187539862871,0.6327954128439304,3.8990600390428654,-0.22708090136718193,-2.709629346813698
0.013368379801557058,-0.0061835016779698765,-0.006113048780588305,0.005394308723082385,0.6339671568919109,3.8890729344865065,-0.2036591018016957,-2.7053831591362894
0.013356539389039836,-0.006170721981572571,-0.006129001997967628,0.005371335494615703,0.6360374802760527,3.884319018902034,-0.18109353809315018,-2.703570038795975
0.013344254067061212,-0.006160250069447054,-0.006146495535900599,0.005352303939442602,0.6385939090509115,3.8834130865723684,-0.16030454919932216,-2.7035155296772015
0.013333206874809142,-0.006148650177231273,-0.006161214099993438,0.005331247584550457,0.6405369770883996,3.8789324742079248,-0.13961834094434275,-2.701656503138443
0.013309351865203118,-0.0061326451041706686,-0.006196392483358557,0.005301336333532954,0.6461088730451827,3.882748177262243,-0.10311439486500128,-2.703901922285651
0.013324744660926043,-0.006136285032429676,-0.006170940048262017,0.00530896233890908,0.641263949527121,3.86985227242169,-0.12071617670270263,-2.697474297544423
0.014236899937941904,-0.0072920427300664885,-0.00445495952688681,0.006970299785050636,0.4234485306066018,3.4504982496929486,-2.0020007943787346,-2.1763185390458344
0.01424546859600266,-0.007305309279038435,-0.004432929820907683,0.00698407704481551,0.42124725613884867,3.4373295611835846,-2.0191594442386864,-2.1636069821233193
0.014202529600769807,-0.007239295615886553,-0.00454207808345631,0.006914265981982322,0.43233872006623236,3.501396767299173,-1.9323930821308457,-2.22574803222999
0.014228312421816625,-0.007278806338592761,-0.004476906557822526,0.006956435241295743,0.42566322577531585,3.46350619087718,-1.9847437285523115,-2.188898626938199
0.014219702966949375,-0.0072656097131256715,-0.004498770779391013,0.006942504279460352,0.427894249330711,3.476357916242033,-1.967406893853141,-2.201343365784243
0.014211099022073993,-0.007252453357170467,-0.004520504418396877,0.00692848066221657,0.43011389880458756,3.4890083617233043,-1.949980181648548,-2.213630731807364
0.014210442566949493,-0.007224556651645811,-0.004535813933801479,0.006880971363589102,0.42981115133587605,3.4832215312133488,-1.9077394786640276,-2.223385546185705
0.014183973719491453,-0.007184974042050225,-0.004600709314486854,0.006838014012785943,0.4367758044067838,3.519628742391046,-1.8544969229401758,-2.25887548524971
0.014201947368105742,-0.00721114677195988,-0.004557085909231568,0.006866116817651286,0.43202571480947766,3.494917506877195,-1.8897105234657896,-2.235134501385181
0.01419298938840495,-0.007197961284873704,-0.0045789448775150005,0.0068519451387256255,0.43438043507645546,3.5072931099281823,-1.8720185510658063,-2.247077081430494
0.01419159627190234,-0.007170089652057503,-0.004594346896517289,0.006804993050579471,0.4348288215782647,3.5013947107749206,-1.8297727940141701,-2.2561362842764043
0.014183735244440781,-0.007156325684303261,-0.004614164101416913,0.00678850560615719,0.4368958145460797,3.5109438364682357,-1.810754710039652,-2.266729064314959
0.014112276068651003,-0.007080665588659177,-0.004770546045350395,0.006719916216844229,0.45576825955910943,3.609696242720641,-1.7086980966337837,-2.34758227042505
0.014136982161265898,-0.00709191841200144,-0.00472267446170782,0.006718317415257685,0.4491522761645524,3.570157015589558,-1.7220688265368833,-2.322994973130601
0.01412894523027651,-0.007078735618744135,-0.00474188201703843,0.0067021479656108425,0.45126255638919677,3.5788998617181282,-1.703274336124749,-2.332661204986444
0.014164983640078437,-0.0071290848251343904,-0.004658577486447061,0.006758377286483214,0.44185149990080824,3.5347807281357446,-1.7734850750729103,-2.290030801077307
0.014175135704386351,-0.007141913648970428,-0.004635421061558496,0.006771438364760415,0.439136847492743,3.5213311906217375,-1.7908226634979896,-2.277955450530587
0.01415537124910841,-0.007116161423811387,-0.004680738189862175,0.006744493059460105,0.4443054276386726,3.5470631276290696,-1.7557171842972352,-2.301522126008928
0.014145713195768898,-0.007104564166038448,-0.004702351107002837,0.00673280648040004,0.4468965139498507,3.5597270121373428,-1.7398455985354329,-2.312631823584827
0.014150949378350198,-0.007090258544289967,-0.004698902793821619,0.0067032101939483515,0.4453471189013033,3.544660291030715,-1.7174567816751718,-2.3105689141066112
0.014011432698181336,-0.006968385128426129,-0.00498806422044762,0.0066001915258611455,0.4836860300260712,3.7335310785589644,-1.5428294619718104,-2.4537527179219434
0.014001892409438244,-0.006955714658751635,-0.005008802840042126,0.006584352075322632,0.4863193832974982,3.7429804622488487,-1.5233010145198451,-2.4632034556805453
0.014027814090642585,-0.006966058888939819,-0.004959144227430033,0.006583621331871664,0.478322624220417,3.7021057786589044,-1.539683436132295,-2.4383670674005256
0.013992244048328455,-0.006943118613936845,-0.005029604189008204,0.0065685778100356374,0.4889518666756684,3.752431343128354,-1.5037740290240718,-2.472582232436766
0.013963243961622603,-0.006905674382909167,-0.005091345674446471,0.0065210272989358635,0.49666806784178447,3.7796750277715354,-1.4450153931609107,-2.4997413693526074
0.013972887565221997,-0.006918132409630451,-0.005070925905056347,0.006536998313686599,0.4941238587146957,3.770856894891676,-1.4646813958450748,-2.490880657120701
0.013982564520031568,-0.00693059551281724,-0.005050330929530128,0.006552808906647321,0.4915501691027087,3.761745294722296,-1.4842410618254422,-2.481817677454124
0.013969864776707572,-0.0068904195015663736,-0.00508263271785899,0.006488694371793383,0.4938123143583812,3.7566287413345267,-1.422939427066462,-2.492895113487164
0.013960384544768827,-0.006877709809071336,-0.005102507912728523,0.006472055781780014,0.49631141163813014,3.764464688495527,-1.402972032727458,-2.501198650579227
0.013950611501659322,-0.006865034318529552,-0.00512278862906126,0.006455535827367108,0.4988900613229785,3.772601175138028,-1.3829325808468875,-2.5095948203824636
0.01393027451200486,-0.006840773780842539,-0.005164245744956421,0.006424555815214479,0.5043497213843741,3.7904029419677268,-1.3440546444098331,-2.526695352289192
0.013940424611638297,-0.00685282195558688,-0.005143619900265483,0.006439983921610615,0.5016189058461175,3.781586361334598,-1.3634284859048051,-2.518236040793782
0.013936448340217051,-0.006825463433783937,-0.0051555708804500435,0.006392779980487199,0.5020587491504941,3.767405202008146,-1.3222308014544122,-2.5194322912613303
0.013927586468813818,-0.006812682316777987,-0.005173681144296478,0.006375115671349351,0.5043288313657062,3.7728764382396567,-1.3020390053011168,-2.526236357147274
0.013918352401065275,-0.006799575845611946,-0.005192386457430927,0.006356969832800141,0.5067039691801866,3.778479515936476,-1.281256451544044,-2.5331510865016997
0.013865148920419686,-0.006739376104380181,-0.005296224376569455,0.006277957466506251,0.5207868865102968,3.8194206762824376,-1.1823061312698295,-2.5722400395061977
0.013875890618450371,-0.006750030849837756,-0.005275629658479667,0.006291482466001789,0.5178503195792511,3.8103255317529414,-1.2003285568920459,-2.564428593418542
0.01390858187453265,-0.006786485613282887,-0.005211929256033534,0.00633904805945413,0.5092346979920009,3.784764513224896,-1.2603302075635232,-2.5403645190779307
0.01388673904407496,-0.006761630917383412,-0.005254658181862164,0.006306520424262091,0.5150306514804078,3.8016463459873644,-1.2196519262048682,-2.5565258826500616
0.013898192129899923,-0.006773388772190056,-0.005232464343756727,0.006321339178236805,0.5119174805762351,3.7918442124764336,-1.2391901051485215,-2.547944257055597
0.014103178590459542,-0.007067548252593327,-0.004791557499296182,0.006704455457047702,0.4581691984759689,3.620155921104956,-1.689802642002945,-2.3580936311604153
0.014083899905483912,-0.007042430355153926,-0.004834784315320931,0.006675967859225067,0.463340250540119,3.642920088267086,-1.653447516418553,-2.37949137374912
0.01409358748564501,-0.0070548563033003935,-0.004813182129246877,0.006690014001493391,0.46073180830553756,3.6314880942420786,-1.6714888377724186,-2.3688373855449574
0.014090874004041973,-0.007027501762156503,-0.004827499063383791,0.006643710330233165,0.46131802056989096,3.622848676050111,-1.6299783147759344,-2.374888592676166
0.014082410875569025,-0.0070145475715400266,-0.004846817358874044,0.006627606629635838,0.4635380008990167,3.631326992263611,-1.611037213486339,-2.3840990600596546
0.014073447423191282,-0.007001482816848224,-0.004866943909275366,0.006611574988384644,0.4658948147215787,3.640406392372673,-1.5918684370136835,-2.39361138611418
0.014063861976809262,-0.006988799740957243,-0.004887943219692514,0.006596570982592806,0.46843198500608035,3.6505648900912315,-1.57320057228634,-2.4034941612702707
0.014053705944948756,-0.00697660662326995,-0.00490970829352745,0.0065827290853428,0.4711202902897198,3.661797709851499,-1.5551542300654655,-2.4137188299135826
0.014044017086838861,-0.006964015318905376,-0.004930657815743964,0.00656766032283347,0.4736846883918327,3.6717580247972355,-1.53635380945669,-2.4233870972493112
0.013846114200447407,-0.006714972991281713,-0.005332881614417694,0.006243531238280282,0.5256166857719445,3.8298958413981725,-1.1421702149310244,-2.5845121006090017
0.013824384090629041,-0.006691193360331629,-0.005373956344271852,0.006211108012695092,0.5313471420224598,3.844568739652139,-1.1018633770211874,-2.5986331231805306
0.013835957021055325,-0.00670211857096827,-0.005352234397513541,0.006225271897712306,0.5281809430867249,3.8352288342063754,-1.120913791888379,-2.5907923504889396
0.013828015163065357,-0.006676232724930363,-0.0053679555558402365,0.006182002222061108,0.5293354030871525,3.82386623356294,-1.082192250915854,-2.591484944429643
0.013801866848908136,-0.0066386037759831665,-0.005416468429491151,0.006125836512904486,0.5355080114958025,3.8304749883084157,-1.021231465508228,-2.6043854046109556
0.01381182223223365,-0.006651195916483787,-0.005398171727704483,0.006144165610813838,0.5330537489930279,3.8264892279736853,-1.0420851983313815,-2.5991777207000806
0.013820794424887057,-0.006664336970484723,-0.005381514858579851,0.00616383925709102,0.5309618665765593,3.8244343143310764,-1.063299224635383,-2.5948076926956527
0.013791343968982047,-0.006626284391315999,-0.005435663967587723,0.006108132567738679,0.5381419902625945,3.835422033792858,-1.0004788262761588,-2.6099868218072597
0.013780270776746076,-0.006613835712188995,-0.0054557306046789785,0.006090295485261614,0.540940580826672,3.8408780397409497,-0.979260475354751,-2.615836720446811
0.01366493369332726,-0.006513126331227312,-0.0056601781812402685,0.005948926364611356,0.5716132142373339,3.915808891786781,-0.791410411303238,-2.677391058272732
0.013677016136664505,-0.006524409049828348,-0.005639252642722487,0.005965774194995048,0.5684618614585014,3.9098820624777804,-0.8124825026311296,-2.672016740432357
0.013642278601189098,-0.0064904475999784704,-0.005698881936540738,0.005914108861097633,0.5772681506710254,3.9243000935567136,-0.7496901993383948,-2.686228490166823
0.013653587107783078,-0.0065016710805073305,-0.005679609839713954,0.005931380801347274,0.5744072273859407,3.920080795882857,-0.7704026295893547,-2.681873696887424
0.013716742074038168,-0.006545087593702783,-0.0055684717523036215,0.005990026454146621,0.5568385142686317,3.869732947381617,-0.8597000891695866,-2.64644758874146
0.013706210727314573,-0.00653231960861939,-0.0055866421982560385,0.005970459794405366,0.5593160905332536,3.872060596024569,-0.8379238481259949,-2.650320590334719
0.013695028994715341,-0.006519595862487355,-0.005605855398511182,0.005951066147381078,0.5620024426924998,3.8751904444868077,-0.8158407627531288,-2.654552092957171
0.013768169473223119,-0.0066015489790825395,-0.005477540501331298,0.006073035442339214,0.5439865420905586,3.8479203989252007,-0.9577578138890627,-2.622441037918396
0.013755679008615084,-0.006592695673680632,-0.005500055227008465,0.006062013635689881,0.5475854996028725,3.8590093073081073,-0.9405527694776827,-2.6303716840998526
0.013748162188195868,-0.006576909252554612,-0.005513130410314065,0.006036233374778739,0.5488213769811732,3.8541576936680366,-0.9162273810922513,-2.6313208333596863
0.013743304586345482,-0.006557330922179003,-0.005520982193066158,0.006002529750976639,0.549016387674553,3.8405500735091986,-0.8883908327344744,-2.6282975190571
0.013735075378324108,-0.006541714265707928,-0.005534946892077695,0.005977293634056398,0.5505193763663802,3.836423241427824,-0.8643031976668486,-2.6293813140177225
0.013869166129830024,-0.006724595633473147,-0.005290162187081624,0.006248860367868783,0.5188140284719971,3.799119076111819,-1.1623974172072078,-2.5655247707971305
0.013862575165598318,-0.006712432802155123,-0.00530307559140382,0.0062302768068411086,0.5202651935282375,3.799297568087113,-1.143445203761428,-2.5689083794268943
0.014483205177866363,-0.007786208832533606,-0.0036895508518418004,0.007471898368997004,0.3614355907451035,2.965059944282185,-2.5849741288281307,-1.6783891096592531
0.014492365858691883,-0.007773073254761988,-0.003687578689548811,0.007438991152196543,0.3576376063846229,2.9529771807936007,-2.562510108516151,-1.6802608118150797
0.01447622825396473,-0.007772135412910414,-0.0037130292579783523,0.007460258919311882,0.3640647533887646,2.9820034871766583,-2.5709319612095385,-1.694753955443255
0.014506159798171948,-0.007801331634431551,-0.003640943299134273,0.007462160255329894,0.3544069034871442,2.9194393869450788,-2.590018503498692,-1.6477790418290648
0.014490137873033795,-0.007800304138943855,-0.003666060796132341,0.007483451858916978,0.3601388773871054,2.9481470568927737,-2.598825589312359,-1.6619409342497458
0.014499287820624485,-0.007787200891805546,-0.0036642685912244154,0.007450621390274211,0.35618532112647155,2.936261912442612,-2.5763159070965465,-1.6640573002999777
0.014418828737030386,-0.007660352036567375,-0.0038993681868173934,0.00736457589333855,0.3799529619143723,3.1143272390064447,-2.4549603138189253,-1.8222777325574864
0.01442747663107697,-0.007646763715993786,-0.003896732216898969,0.007331579408682732,0.37203444499149946,3.100471955587071,-2.4332050241169374,-1.8228104217381433
0.01442615704605234,-0.007674245540973592,-0.003876175243058878,0.007376809252948553,0.3762858199828367,3.098015420401802,-2.4699257859020873,-1.8066735828985567
0.014434899406186105,-0.007660704123691665,-0.0038735918406028716,0.007343755485279467,0.3706320577082752,3.0844089543673032,-2.4479923383565674,-1.8072866601158808
0.014433441674724524,-0.007688162004634455,-0.0038529519438533634,0.007388965617756022,0.373096605104512,3.081721799739094,-2.4847589621619717,-1.7909298889195806
0.014442228930446735,-0.00767469230305681,-0.0038504701954873263,0.0073559568008207945,0.36937453954780325,3.0683568793830323,-2.4626966853891488,-1.791716961655642
0.014440682552685625,-0.007702101293295659,-0.003829726710280137,0.007401030275123575,0.37186430307419865,3.065469423808048,-2.4993959918974036,-1.7750816148751933
0.014449465595457843,-0.007688708031229473,-0.003827378526625732,0.007368154324688567,0.36782887488946775,3.052286240431684,-2.477316975987961,-1.776106143326668
0.014447879610072302,-0.007716063272701483,-0.003806493612855249,0.007413006457246264,0.3720757746152425,3.0491481446466167,-2.5138467407149574,-1.7591676403100849
0.014456661720036333,-0.0077027306502683275,-0.003804251622377693,0.0073802525387407945,0.3657988004099538,3.0360777808711554,-2.4918323175188593,-1.7604086946152269
0.014455032777517944,-0.007730047808600201,-0.003783218756152376,0.007424911665190991,0.37175179946072645,3.0326228541552323,-2.528187274274442,-1.7431972208359288
0.014463866151610308,-0.007716755113682906,-0.003781022873235057,0.00739218108064585,0.3636172841761218,3.0196539633106565,-2.506220674155209,-1.7445800027737774
0.014462141986151311,-0.007744054766749506,-0.003759879890003161,0.00743675717546852,0.369985340931569,3.015870068528658,-2.5424842553699336,-1.7271527630012198
0.014471075281806632,-0.007730793309676683,-0.003757693133053583,0.00740395995681633,0.36171306672400344,3.003056215590689,-2.5204748927512903,-1.7286189080205048
0.014485355883486027,-0.0077589560595565195,-0.0037109242024395864,0.0074273294162277995,0.3588835876167495,2.969669625812814,-2.5486082184980883,-1.6964252787516834
0.014469207167595147,-0.0077580840129219475,-0.003736478830924004,0.0074485419194589885,0.36719738413177233,2.998964942363371,-2.556746870742446,-1.7110101106440083
0.014478251360778871,-0.00774485980799105,-0.00373430867523181,0.007415658488661772,0.3601776786925233,2.9863721381922073,-2.5346009473362243,-1.7125543177606113
0.014549929834646242,-0.007859055459288958,-0.0035221278858992,0.007485280252807306,0.3465885289873751,2.826207901950355,-2.629130473572624,-1.5719491379684447
0.014543157974607012,-0.007844779997945759,-0.0035456444918805555,0.007474205317900803,0.34810210941735553,2.8433866779073487,-2.616011566510856,-1.588531757637323
0.014536307454743118,-0.00783055097098241,-0.0035691529324656155,0.007463141110689463,0.34962887067108356,2.860519448206895,-2.6028435680400333,-1.6050309995667238
0.014529401862593804,-0.007816384364187138,-0.0035926052008370926,0.007452077464093056,0.35114080272124965,2.877566389568982,-2.5896246681939896,-1.621421795605251
0.014522505508226482,-0.007802269302882588,-0.00361591728259862,0.007440909041717709,0.35260987316852693,2.8944403981839386,-2.5762825033160115,-1.637678100125601
0.014556604957302368,-0.0078733734445361,-0.0034986313071381082,0.00749638653839486,0.3450849909172458,2.8090123859119562,-2.642213105364021,-1.5552959883201816
0.014563165931916337,-0.007887728324978076,-0.003475183210387927,0.007507542302539403,0.3436001465016963,2.791828279727595,-2.655270402290657,-1.53858534962904
0.014550530575541353,-0.007928123681040955,-0.003453058551718143,0.007584091336908324,0.3482277543889385,2.791630507033362,-2.7179450951768636,-1.5105315468776557
0.014559909014978728,-0.00791517889770856,-0.003452492635852645,0.007551367183356958,0.34223674894825823,2.7810729466857746,-2.695642443477599,-1.5141464365084705
0.014569624528063721,-0.007902082187707871,-0.0034518017404466515,0.007518678209127068,0.34218191111258905,2.7746553979909034,-2.6682440430297354,-1.5218424715452004
0.014557017220692069,-0.00794243006186523,-0.0034292367901949897,0.007594892335733772,0.3479371550230657,2.7738766508950015,-2.7305475497069858,-1.4933375404742861
0.014566411775623367,-0.007929483481060718,-0.003428818142015122,0.007562177913953816,0.34051713571830494,2.7634165666178254,-2.708329069016201,-1.4971042481943515
0.014287405070303493,-0.0073727785144928615,-0.004322185321305885,0.007053457942186367,0.40998574407411453,3.3702086604088,-2.104825191971667,-2.0982785288699017
0.014254038501106505,-0.00731860522999369,-0.004410784033316544,0.006997743834793707,0.41902724388523005,3.42396394895422,-2.0362077192663315,-2.1507477465762057
0.014262593896535539,-0.007331981441336832,-0.004388520191114403,0.0070114010005021,0.4167421835859279,3.4104364800707043,-2.053228990382878,-2.1377340021649918
0.014279283120476603,-0.007359148069416277,-0.004344167815001444,0.007039383514563889,0.4120972879813362,3.3835611116011997,-2.0876527216807763,-2.1114656908299794
0.014271038432139609,-0.00734550385240115,-0.004366261565945465,0.007025262076371591,0.4143909437526368,3.396919917471663,-2.0703734040328254,-2.1246141536274905
0.014262115719210338,-0.0073037019860400084,-0.004405504283229034,0.006963915490505454,0.41631240780389556,3.4071025036957576,-2.010780976552067,-2.1496592551989058
0.014345920175511841,-0.007439098109255137,-0.004182476728552045,0.007097811321694579,0.39490655532846586,3.2691148994494754,-2.1766599611492485,-2.0165348709712454
0.014304026241406384,-0.00737207328651373,-0.004294766919306963,0.007033992729130595,0.4055492705915547,3.3405693373097525,-2.096668372395715,-2.0844362492892685
0.01431234283488281,-0.00738541773797853,-0.00427263066907136,0.00704704973236115,0.40340562028029653,3.3267465558634233,-2.1129230712024722,-2.071178178876273
0.01433772964306815,-0.007425510485493354,-0.004204920869284971,0.007084857647528676,0.39696845577540246,3.283434375150591,-2.160616018885236,-2.030294410810976
0.014329391381948766,-0.007412016425204991,-0.004227456373701884,0.007072064196780582,0.39907109969640614,3.297829771418296,-2.1446254123682027,-2.0440034169429713
0.014320898094512723,-0.007398656064949227,-0.004250073932255095,0.007059503261098666,0.4012220879441461,3.3123193825750774,-2.128749393724131,-2.0576527769098933
0.014436330301281323,-0.007632887318175234,-0.003894303599640346,0.007298571496321067,0.3730337088843813,3.0905281464285985,-2.405179827312614,-1.8273339536931072
0.014428693139830877,-0.007619020130109629,-0.003917442925517141,0.007286609117708061,0.3748343637427802,3.1064856464943946,-2.390493630255292,-1.842585083759299
0.014421098248614978,-0.007605221282355027,-0.0039403764945939515,0.007274533828722494,0.376599159020234,3.122196374070288,-2.3757001106153255,-1.857655874748561
0.01441355273997736,-0.0075914468961834495,-0.003963126295196352,0.007262271351196629,0.378361598678394,3.1376580687286695,-2.3607360361332463,-1.8725694040016625
0.014422346627327243,-0.007577543600356162,-0.003959960279821095,0.007229207757176914,0.37599397105789506,3.1251646514312665,-2.3352317876391613,-1.8750337214417987
0.014414859132345479,-0.007563700483012917,-0.003982386137581326,0.00721659744906704,0.377811617472437,3.1401061960091474,-2.3199948668418755,-1.8896094794886948
0.014391761373486309,-0.0075223227361171235,-0.004050020139873371,0.007178828286139089,0.383485139241646,3.1849400111732837,-2.273932187350519,-1.9330280397221442
0.014399463046836682,-0.00753598831926463,-0.004027655153322856,0.007191373734054321,0.3815725966602383,3.1701827092122454,-2.2892613397040535,-1.9187474458433
0.014407226568432055,-0.007549785825269793,-0.004005005247721301,0.0072038927883401075,0.3796795968534242,3.1551310422798693,-2.3045840974871177,-1.9042245952843315
0.01436398967106113,-0.007437745172481806,-0.004153841038652381,0.007074807652961443,0.39080132239307025,3.238189896255696,-2.1652437319397033,-2.002747526275247
0.014400597807518014,-0.007508442081793045,-0.004045875261530787,0.007145903075484918,0.38165620946296835,3.1715616494371814,-2.2484203456062493,-1.9345421005768928
0.014394189959375936,-0.007494464652429496,-0.004066099148155383,0.007131160585702015,0.3832627400705329,3.1837321778123493,-2.2317864925712025,-1.947661331558917
0.014387292874856622,-0.007480065383892368,-0.004087293836561826,0.007116183274700926,0.38499142280771875,3.196559395274764,-2.214692344623088,-1.9612538208430934
0.014372027154881882,-0.007451597062538117,-0.004131496115773586,0.007088032816525709,0.3888001395519272,3.2240621250203456,-2.181363336443944,-1.9889746656608462
0.014379841830494565,-0.007465710099551155,-0.004109237240669905,0.007101778917691946,0.3868522734676683,3.2101104386348696,-2.197827930885857,-1.9751073541681359
0.008697405894921772,-0.005098627634820116,-0.007958383805340332,-0.0021143016216763097,-0.03706051075437032,-0.6237479709021554,2.4504110954397724,1.374036888135614
0.008710793078948603,-0.005088438865214501,-0.007956669302464353,-0.002087645601237116,-0.03348278692476744,-0.610428927981188,2.4477639399508493,1.3564682551618008
0.008680487186494126,-0.005099183765835369,-0.007946104350104665,-0.0021386250148056484,-0.040130536253487135,-0.641494991760562,2.442820975720157,1.3913035660257405
0.00866102987397885,-0.0050935278802733165,-0.007924524827095313,-0.0021615352101825593,-0.04288324351340383,-0.6621811864584323,2.428353991864345,1.40843251427075
0.008641646740311235,-0.005093490145553107,-0.007909297328723116,-0.0021884720896246574,-0.046087469925887664,-0.6823557659886011,2.4186441103653036,1.4277057388023595
0.0085997810599856,-0.005110614830692796,-0.007895387618726756,-0.0022599890666105435,-0.05484698832441848,-0.7251103564296946,2.412170582825563,1.476726059568991
0.008565184495481938,-0.005113422966336397,-0.007870090209039797,-0.0023095633239275867,-0.06035270796461745,-0.7607909948940256,2.3960656031670773,1.5121067202226035
0.008582331727563012,-0.005110731666376422,-0.007881226507316957,-0.0022839855202868857,-0.057512103361473325,-0.7431752335805264,2.4029784358445507,1.4940183523975923
0.00862527197057121,-0.0050946539842009015,-0.007897643729145898,-0.002212033445801897,-0.04890009285104068,-0.6993020881239693,2.4113284092472838,1.4444487401823929
0.008608053808779345,-0.0050941403806984585,-0.007883243266877282,-0.002235282812969333,-0.051534772671338484,-0.7171464458834316,2.4019499695355218,1.461242132933325
0.008532893571269162,-0.005120608965804696,-0.007851056575564857,-0.0023592469247533904,-0.06581238413968628,-0.7938602431550504,2.3844849795098217,1.5470724875248658
0.008514775550826205,-0.00512065408674755,-0.007835582383176167,-0.0023835518644366636,-0.06821587640197647,-0.8124035164448928,2.3741850190921094,1.564723473509874
0.00853810273421028,-0.005105221776357779,-0.00783803318793596,-0.0023391951199038348,-0.06308132834126688,-0.7886611266571952,2.3737697181526234,1.534669980651394
0.008551541313249783,-0.005098551005515716,-0.007841799852913285,-0.002315561298577113,-0.06037647460623063,-0.7750240621874275,2.3753882911107937,1.5184872979728128
0.00841326058536002,-0.005136220436983997,-0.007762786464819898,-0.002530419733615605,-0.08214171896415629,-0.9151571834040034,2.3266325989192467,1.6696611105521584
0.008495364767080325,-0.005120438666562468,-0.007818520153648862,-0.002409166072433201,-0.07070238203977373,-0.8321459898013278,2.3627134824549176,1.5833577204177887
0.008479399989647205,-0.0051258738263492845,-0.007810655372187554,-0.002435018071897518,-0.07333355101538966,-0.8483703382177096,2.358102737697572,1.6014016232038746
0.008434543079396428,-0.005131091931264866,-0.00777645201424263,-0.002498285445858785,-0.07917361363150104,-0.8937120382077984,2.335427025337058,1.6468791672761753
0.008459022612337087,-0.005122427262518299,-0.0077887380322694735,-0.0024586836179402685,-0.07534827990937842,-0.8688954085843454,2.3427681994374008,1.619137475361548
0.009229565430738964,-0.0049241998241303575,-0.008074260194820736,-0.0012239305096898162,0.0988082003219241,-0.08387851106048522,2.4870223914919247,0.7782402122019372
0.009198285769536494,-0.0049302445526503876,-0.008067205579724816,-0.0012740636350320022,0.09023375966317813,-0.11591741747345395,2.4846144658494,0.8115135157733874
0.009214559740749187,-0.00493096259657037,-0.008075410696271159,-0.0012497211728415513,0.09466900351991593,-0.09856198070855234,2.4890324071159107,0.7951931068352351
0.009189372128842651,-0.00491564463482741,-0.008046285318673288,-0.0012807939978810659,0.08807031996798848,-0.12785420145281629,2.4706518060715847,0.8167325423986684
0.009155533991601253,-0.004924463644969471,-0.008040467550421823,-0.0013357153096808742,0.07900441105223603,-0.162048412769608,2.4692903504253567,0.8532542126202586
0.009173012838199636,-0.004916153831059496,-0.008039242360514212,-0.0013055746816397734,0.08369921712830003,-0.1450034239874156,2.467014853080206,0.8333808256904369
0.009137546860213994,-0.004916167157648543,-0.008022204332345906,-0.0013585304930221226,0.07449866954905543,-0.18227183834124513,2.4578387987331856,0.8691047992707649
0.009314008652870858,-0.004930759356250204,-0.008116991473817161,-0.0010973189160153182,0.12263135595922102,0.00713614467435865,2.509848719431412,0.6938944740808984
0.009294217532715117,-0.0049293926670519505,-0.008107530170876617,-0.0011272820197761454,0.1169075285974273,-0.014209777473492242,2.504914431580923,0.7137414552487941
0.00924911068590279,-0.004920023634408924,-0.00807791973041419,-0.001192407411106109,0.10422840353346964,-0.06393536764911951,2.487998651458146,0.7573609740999075
0.009274442471720783,-0.00491775972163478,-0.008085972409712093,-0.0011528403690819662,0.11125594000069682,-0.037504237742757296,2.491577933482913,0.7310878196959266
0.009236029646821445,-0.004899327727527903,-0.008048449975430796,-0.001203284361833102,0.10066787692617825,-0.08145676153484616,2.468448467731838,0.765366082372501
0.009561398121921036,-0.0048378300927121995,-0.008088929810961916,-6.85528898739198E-4,0.19092357659903889,0.25004356754281815,2.470775681875436,0.4225348777479523
0.009578929175630994,-0.0048434418184850414,-0.008099634351117676,-6.598366022335731E-4,0.1965285664839151,0.26996969153867556,2.4767662617441273,0.4058681099154032
0.009624211455571902,-0.004844240167031882,-0.00811078583871628,-5.898303231662768E-4,0.21009502362853885,0.31827070296494386,2.4808213457725894,0.36011782194092623
0.009596813964561347,-0.004838449204399957,-0.00809808760667932,-6.310097520641128E-4,0.2013650491202225,0.28774802640859093,2.474261721136028,0.3868009800439612
0.009351907622020676,-0.004914988392340126,-0.008113125873178235,-0.0010327813292900637,0.13333308043515738,0.04432204235405172,2.504162057260842,0.6516086600149565
0.0093266641382762,-0.004913867117453314,-0.008102309853718867,-0.0010712617596425106,0.12605755250098338,0.017256982860111347,2.4986984826387917,0.6770225246600565
0.009366274400707626,-0.004889047870566953,-0.008088390322873791,-0.0010012069271826244,0.13682420680155485,0.054321242706472594,2.4859397583495384,0.6310674944294413
0.009383308279022165,-0.004864153461090929,-0.00806583757490082,-9.663447623946703E-4,0.14088169938688214,0.06734971757942798,2.4689391485450165,0.6081363217525824
0.009543263025886099,-0.004829336827674651,-0.008074619208346765,-7.112517128955543E-4,0.1849510572458644,0.2288700991516735,2.4623043209761777,0.43920210023237904
0.00955721858752935,-0.004814347498957855,-0.008061073716055495,-6.860862950739619E-4,0.18780472700865006,0.24016160511476708,2.4517596170895137,0.42217022552896316
0.00952034376458724,-0.00483218104137234,-0.00807179781920868,-7.471143656379247E-4,0.1784948852155133,0.20528940329778064,2.4621988488012287,0.46291601500533747
0.009443318403553868,-0.004854066294727305,-0.008074237548602608,-8.714133541054856E-4,0.15757856980111554,0.1286796088468425,2.4700102974781735,0.545273950814482
0.009464964276889632,-0.004843777435033597,-0.008069154495193175,-8.351483340382961E-4,0.16327398065147744,0.14935148906389809,2.4647723975954268,0.5212131489864062
0.009491104375602778,-0.004835791753739471,-0.008067748486992323,-7.928503573753058E-4,0.17030819381254805,0.1752142597650452,2.4617216386399376,0.49316190974854307
0.009423750619159852,-0.004843602231102604,-0.008055997759809197,-8.978857568760714E-4,0.1515058427704097,0.10582959697143239,2.458873724205191,0.5627531166807439
0.00939944668787564,-0.004840252478101385,-0.008044094292232948,-9.336196633695355E-4,0.1445606945796241,0.07956103606422195,2.4525000414753824,0.5864868358632033
0.009664658204343863,-0.004792137038524258,-0.00805940658264027,-5.17010794015229E-4,0.21681789471851917,0.3479899489781581,2.441862605870799,0.3099214289198145
0.009643701540249319,-0.004820674191945213,-0.008087824865064487,-5.547745890306636E-4,0.2135947986925624,0.3330670832449157,2.46336921961233,0.3360918542959575
0.008773583120414352,-0.005074717702912351,-0.007986666974093436,-0.001987934509629857,-0.020029841765130747,-0.5454545649572249,2.464032198814609,1.287745124585207
0.008734850707757796,-0.005069021680782371,-0.00795205773486411,-0.002039140933373484,-0.0269041110755732,-0.5866412895547545,2.441906204784448,1.3246078822370597
0.008753904511046642,-0.005069018979764948,-0.007965927630623334,-0.002012037526598905,-0.023331420132082833,-0.5666735560816497,2.450469031160384,1.305467698180861
0.008717985278419377,-0.005069637659676152,-0.007940319060528113,-0.0020634443271532743,-0.03012230611082428,-0.6042473796457405,2.434702271546645,1.3417625893476608
0.008784384201603903,-0.005057396130690511,-0.007974221311809722,-0.0019601484481726306,-0.016146276555789135,-0.5356701471017695,2.453718399665989,1.2703707791215495
0.008796828831851778,-0.00504592534592904,-0.007969671922379967,-0.0019342789707095663,-0.012561327334977331,-0.5236669835697424,2.4491582958681044,1.2536114706402621
0.008858144755171538,-0.0050311738091912755,-0.007994155318185528,-0.00183585452033937,0.0015816144463298247,-0.46072340583624877,2.461518600456863,1.186522829936967
0.008835803811699757,-0.0050286963796868245,-0.007976428536876438,-0.0018665041455690967,-0.002970944498932222,-0.4844677073276146,2.450524097522388,1.2081899065212818
0.008819801957776445,-0.005032474959375607,-0.007969965583465166,-0.0018920728639232093,-0.006533683527647218,-0.5008680113378982,2.4472109675339997,1.225630272692735
0.008802282125595364,-0.005029062986886923,-0.007954033893364292,-0.0019148028727078443,-0.009819239736268094,-0.5195418510040454,2.4370098461933942,1.241993250733939
0.008914939938255628,-0.005026147968336881,-0.008024850213246207,-0.001749626533158759,0.01457888868880136,-0.40136919219633255,2.4787232812456956,1.1272726644082274
0.008890818908986875,-0.005019921784302426,-0.008002352850651621,-0.001781016102018395,0.0096329968463236,-0.4275837251447409,2.464534661156541,1.1496582668172268
0.008866901571598905,-0.005013567489399958,-0.007979570442402622,-0.001811631311932656,0.0049712598904984905,-0.4534448979990127,2.4500015596771507,1.1716296450265613
0.008924538174038755,-0.005002267212341623,-0.008003157937631608,-0.0017206814421787612,0.0185413760668949,-0.3941905715400465,2.4620804658533917,1.1097373748576862
0.00904622101772207,-0.004961105131670583,-0.008026508057956436,-0.0015174925530839626,0.04986713014304773,-0.2715611588203038,2.4684042376820043,0.9740237153273201
0.009062269543171428,-0.004958316212885365,-0.008031980573307458,-0.001492148871262776,0.053986676954985914,-0.25506736140084024,2.4709610660072365,0.956993425416801
0.009084433765925756,-0.004959706151313585,-0.008045343865091497,-0.0014598385341041279,0.059524434305843865,-0.23147808687514096,2.47860837511335,0.9349705251223267
0.008950436019781016,-0.004980744228250918,-0.007994161148376555,-0.0016697221161841547,0.025955031566445626,-0.3696402274823439,2.453285362834491,1.076687833858683
0.008934284242374985,-0.004985278973772662,-0.007989581003876773,-0.0016960205575873512,0.022008117480375875,-0.38600840778245155,2.451352703081502,1.0943817868958146
0.008979606196327719,-0.004968990612636464,-0.00799794587791179,-0.0016201153171502781,0.03348292396129393,-0.34052554141340113,2.453520567525459,1.0436109425372904
0.008960705743202313,-0.0049623335637204126,-0.007979189760580818,-0.0016437646020251372,0.029463242082197503,-0.3611065523366313,2.441561797012444,1.0604476206557056
0.009026192837441363,-0.004955085005984757,-0.008008540696103761,-0.001543774026691737,0.045276515793811145,-0.29350346290727697,2.457226842934141,0.9924587933288017
0.0090004187229034,-0.0049600008568855105,-0.007999649843219207,-0.0015844256352324953,0.03884117795439863,-0.31987186763421654,2.4529946140506733,1.0198817203572312
0.00909792617561261,-0.00493665764012323,-0.00802579170436441,-0.0014277512652004223,0.0638426162166314,-0.22079619691408495,2.4636063157758987,0.9147916584362249
0.009114090239267425,-0.004912602974864203,-0.008006468581450555,-0.0013915453134864034,0.06864412360151585,-0.2073872581875915,2.4485545384464604,0.8916601087585408
0.010128447737661632,-0.004796807035906695,-0.008092266831037908,1.9930756653193478E-4,0.35117360873492337,0.8396431804499302,2.423932332648835,-0.1571200133372567
0.010095137742344393,-0.004782675432379014,-0.008078236694209697,1.4696599088005646E-4,0.33882623368258985,0.79934675517708,2.417163193966615,-0.12486270780307195
0.01020737733454201,-0.004801629435809766,-0.008090432445238492,3.219354777643113E-4,0.37399501026157494,0.9246792483506344,2.415027704168146,-0.2361128095686622
0.010181648631200739,-0.004798550218565412,-0.00808970088306215,2.818101463524835E-4,0.3662238714813832,0.8964069605298872,2.417016759783506,-0.2104873253548138
0.01015982860798311,-0.004779540641684211,-0.008070167974967265,2.4636257584156055E-4,0.355935782705673,0.8661311225719466,2.405218784369655,-0.19001473323861914
0.010347891635186035,-0.004801436111249308,-0.008068542289926267,5.383953851058336E-4,0.41082498071292,1.0718571052370531,2.3851296575692573,-0.3769242128948704
0.01028650396133691,-0.004796590493474197,-0.00807386314778834,4.432805361705319E-4,0.3938090149207872,1.005645468600787,2.3953008694580302,-0.31573854150692554
0.010314685327109167,-0.004779450835818467,-0.008049765007635497,4.835768918577795E-4,0.39661191458654216,1.0276751662806258,2.375085704153516,-0.3445715698540989
0.010255694189380587,-0.004783385275864998,-0.008063523134360309,3.94005010032754E-4,0.3823480944408167,0.9679182154638376,2.3909757993348486,-0.2856093169445661
0.01022623591016734,-0.004780790514734902,-0.008064513531564888,3.4848455654017357E-4,0.3740429704109367,0.936151641214914,2.3946393235811687,-0.25638044349696315
0.010411641596114478,-0.004785796987015728,-0.008037411492660391,6.323096717031911E-4,0.42234730598899145,1.130727544530776,2.3558452670792005,-0.44053540565344074
0.01051316375789594,-0.00477507451380964,-0.007999364712557215,7.824263744267891E-4,0.4428190376052807,1.229010562505511,2.316799583355469,-0.5400774593218972
0.010464341203240721,-0.004777809140691341,-0.00801563748483887,7.099632382382676E-4,0.43255887711369406,1.1808767604620594,2.3342169002480735,-0.49242190158816274
0.010487849598610302,-0.004766081570603896,-0.007996310607341402,7.421184539640514E-4,0.4344872613022025,1.19891630302259,2.3174889364523494,-0.5152042913863363
0.010439013935221807,-0.004762286507625914,-0.00800456011942355,6.680490355948815E-4,0.42227989645139635,1.1475605622763723,2.3289956362176256,-0.4674877144431604
0.010379169895203951,-0.004772365972811802,-0.008029397563114707,5.801803080130104E-4,0.41081929327295047,1.0911088922405179,2.3535682659500274,-0.40862019117160814
0.010916819255990555,-0.004783225960492822,-0.00784940282159574,0.0013717330292262137,0.520646586077313,1.6241074724335378,2.15448307534306,-0.9212042774572765
0.010953400740126793,-0.004789262399900376,-0.007837224891976913,0.0014259059732032416,0.5279216139661339,1.6614578104764022,2.140091284912843,-0.9551086474475324
0.010991940485239257,-0.004795598010415616,-0.007823569476535064,0.0014827479154706608,0.5354247418609323,1.7004884592707235,2.1241986537387887,-0.990604594557361
0.01103278133418233,-0.004802593296660011,-0.00780849465385013,0.0015428918471459762,0.5430998601432661,1.7416206270167167,2.106774381252787,-1.0279536234895217
0.01086746611674968,-0.0047406566966794,-0.007827334475740619,0.0012820698584772377,0.49885408284029215,1.5508548536166045,2.145794181734715,-0.8697781118268072
0.010903710568929569,-0.00474279537718814,-0.007812210599257931,0.0013334207204514007,0.5050217518551384,1.585047999291464,2.1295675642000673,-0.9024858318725474
0.010828675862761686,-0.004735791635447303,-0.007839952148771102,0.0012256317546238005,0.49119065837745796,1.5121808194854574,2.1604351012582463,-0.8340643969771221
0.010793013654922398,-0.004731046161569877,-0.007850542275247792,0.0011734206520454113,0.4837404350464933,1.4762722926614094,2.173048572320638,-0.8010640554357081
0.010852719077205624,-0.004706723558236103,-0.007797740443453537,0.0012458228119860066,0.4856093211395177,1.5155943901767965,2.1265561295858437,-0.8511706722392447
0.01106302775271974,-0.004774550813037652,-0.007761205248778345,0.0015680152594360118,0.5366703617701131,1.747114016681113,2.0679605351163386,-1.0478763986633164
0.010570682367713488,-0.00476176448933017,-0.00796730266557493,8.638755766287657E-4,0.4514379454716484,1.279719233052168,2.2867266868114373,-0.5952344019414028
0.01059974079762565,-0.004737142092887658,-0.00793069876411273,8.985775385650625E-4,0.4500080615696715,1.2952768142660724,2.256534862126822,-0.6217090870174711
0.010691264652494448,-0.004707990623252971,-0.007866555756330405,0.0010200962832979264,0.4588006972624327,1.3670924479802042,2.198305166953968,-0.7049683439292749
0.010629569708244765,-0.004714943717268025,-0.007896305640889998,9.343210096228683E-4,0.44926306127348514,1.31214184717086,2.227788099324986,-0.6482739821202453
0.010660937357192524,-0.004700387007496998,-0.007869429011616543,9.741377414258376E-4,0.4509067217859899,1.3340529744517189,2.2043233652467635,-0.6761831596043714
0.010760113003233544,-0.004708409528952892,-0.007839919837224622,0.0011175719662991303,0.47109700888646755,1.4318796463191232,2.1698997009858894,-0.7681349903902964
0.010723969900861148,-0.004681265436035987,-0.007825146051256683,0.0010560001517013163,0.45671423643353987,1.3823072034558128,2.164154773148093,-0.73189905708265
0.010537929568200008,-0.00474841048940645,-0.007962464635482168,8.114655914280141E-4,0.4404930584161157,1.240139693675616,2.2870867103483588,-0.5631178568515828
0.009681632434103495,-0.004766254138768328,-0.008033231549773433,-4.8639485212153795E-4,0.21897467336713214,0.35927209887450184,2.42214914643385,0.28843076040769505
0.00990938730955203,-0.004779479725895697,-0.008074569514082313,-1.3948014429120004E-4,0.28573511968159265,0.6025639138926197,2.4315705188339085,0.0615992889150589
0.009881946539962836,-0.004780499748258079,-0.008074086464574711,-1.8180176189970282E-4,0.2780256168918312,0.573932932729302,2.4336502110149616,0.0893573950813432
0.009850684801799313,-0.004787248677331686,-0.00807937389360758,-2.3048880339060694E-4,0.269994445724306,0.5429486282284256,2.44007057895915,0.12177105372700438
0.009821354595663183,-0.0047976992654091,-0.008088535667113492,-2.767569619694875E-4,0.26307259192010785,0.5150208263762465,2.4489968277907894,0.15282635561722105
0.009791228791064388,-0.004778628625600062,-0.008063535019790668,-3.2105290201295527E-4,0.25167770217450003,0.4777306103272088,2.434122307892281,0.1803914961246342
0.00971511110607538,-0.004755308013551006,-0.008026568092733067,-4.338043039897403E-4,0.22709264243160224,0.39150615174266473,2.414684849921357,0.25308832775081025
0.009756089252417883,-0.004765482009039067,-0.008044151695144343,-3.7308343714634106E-4,0.23992374927209584,0.43716021261748234,2.4235504784126536,0.21366146385149534
0.00992554600029954,-0.0047471895839999315,-0.00803880900385029,-1.1319582125484183E-4,0.28505389923515173,0.6093655600311291,2.4049387997973235,0.04146935145738015
0.00995725996334015,-0.004746840520886763,-0.008039500106672324,-6.488102313427572E-5,0.29372059036101555,0.6424122722353703,2.402535290258607,0.009730803167283487
0.009985904768165877,-0.004751764355989726,-0.008045555782001165,-2.1299839970467158E-5,0.30258133097087014,0.6740057388351514,2.4041899779292684,-0.01838682630187941
0.010059858670127812,-0.0047586787680462825,-0.008052533987487148,9.177921927227981E-5,0.32427207730125746,0.7537540191394254,2.40228854172032,-0.0916689767587134
0.010018956151910076,-0.0047415277762696585,-0.008034029172616973,2.9053156330062337E-5,0.3097067802392323,0.7050924138965682,2.392993993312573,-0.052448856800025485
0.009579657879368588,0.004819167318790229,-0.008072038635976967,6.529374953445966E-4,0.1947585925686813,0.26493519441017016,-2.457589232603546,0.4004990699980105
0.009553107709399183,0.004803201126308924,-0.00804737425324767,6.895564944225982E-4,0.1858053116546841,0.23325477443374393,-2.442550128145405,0.4241475870193979
0.010254319045746531,0.004720299396769655,-0.007992836086528817,-3.830690530501602E-4,0.367008982384236,0.9405045182998325,-2.340412751383966,-0.28704274313272543
0.00960896164497965,0.00480345674274273,-0.008060862861648409,6.044831272280642E-4,0.20183916179791153,0.2921188781513812,-2.447448192270666,0.36798706964420336
0.010148175207207748,0.004724405647479915,-0.008009053627567845,-2.239812143197937E-4,0.34091161443189555,0.8330447233460258,-2.362779547228929,-0.1821828324661123
0.010185258046697565,0.004706871700219675,-0.007986133568326845,-2.7808287846895055E-4,0.34654866936532236,0.8644627827067625,-2.342652152112443,-0.21980020755209514
0.010222509306822994,0.004691797055421231,-0.007965276993039304,-3.319307441197813E-4,0.35255544086945156,0.89654133372227,-2.3238792455483175,-0.2570041904847296
0.009737571346701517,0.0047850607740949,-0.008063688088682264,4.041784281999989E-4,0.23704345428915222,0.42299376015039764,-2.4387640121075136,0.2353417003188442
0.009767933659816829,0.004772570754721715,-0.00805377050130134,3.559624868887078E-4,0.24419353064195523,0.4515498063810021,-2.429250990097391,0.20285986570881634
0.009647366906633245,0.004792590065568191,-0.008056571994159918,5.435231553964662E-4,0.2118425063782295,0.32990527357875793,-2.441325796315297,0.32737680082824877
0.009681074272163023,0.004771606623711794,-0.008039182345527801,4.8819802769882844E-4,0.21938129461534359,0.360041788077817,-2.4263679024630203,0.28991583675368937
0.009712602440933592,0.004761128871569557,-0.008032733033308552,4.385399607084672E-4,0.2271039598714741,0.3903941062486273,-2.419185840574318,0.2565738824689911
0.01010690319040872,0.00474512556109474,-0.008035154622728512,-1.629255979557523E-4,0.33427432164226245,0.7979646366550402,-2.3854432623482364,-0.13975378452569742
0.01006015612115526,0.0047457632714709465,-0.008037967807101988,-9.182885155652805E-5,0.32181632619014455,0.7494840000323224,-2.391882960738236,-0.09310047800096057
0.010115977221927528,0.004704758432605806,-0.007989414850963232,-1.7420261870755766E-4,0.32835238194551,0.7926266063609428,-2.3518866891442785,-0.1517686167870298
0.010016338334414884,0.004752321368987979,-0.008046223421852567,-2.515936279823532E-5,0.31112042661579326,0.7060158461904178,-2.4018539580446467,-0.048757153438556765
0.009973508561979358,0.004756038028850555,-0.00805023161887515,4.0282521968902045E-5,0.2998621710869414,0.662488461165785,-2.4086388120643174,-0.005595429897991557
0.009929641925660801,0.004758082895371995,-0.008051284920632685,1.0740678887954109E-4,0.28794318880645137,0.6171892102632123,-2.4133632778556176,0.03855752891420854
0.009800996997850649,0.004759842228482595,-0.008043406676231461,3.0395520819850044E-4,0.25195127240711707,0.4827262639633077,-2.419155127757699,0.1677745625337553
0.009836897352991366,0.004749179262132292,-0.008035056271577697,2.48218858254384E-4,0.2604869797903113,0.5172686010804367,-2.4101552928752152,0.13032170261735043
0.009894664932428925,0.0047477233159992525,-0.008037821579942537,1.6023325711472659E-4,0.2764799409651653,0.5773155899728099,-2.4069863523030244,0.07233186987862918
0.009867250996326633,0.004739237052662226,-0.008026408066953544,2.0129894972818115E-4,0.2675170378297424,0.546056448792789,-2.4013504374860286,0.09868292060878417
0.010534262110802044,0.004756695638711042,-0.00797276316466068,-8.08483295661562E-4,0.44213168354880844,1.2407922320878033,-2.2949544815270255,-0.5599635267481853
0.010906024780851691,0.004772930700291931,-0.007843612436037956,-0.0013514797191148558,0.5155679134365743,1.6073179958781747,-2.151927325173362,-0.9097222359190765
0.011047179564951966,0.004796259571040528,-0.007793510635221952,-0.001558975941599909,0.54253762049831,1.7495180723567805,-2.0936639913301196,-1.0391180951598515
0.011011247251311971,0.004773026719828665,-0.007788730249643238,-0.001496946303866511,0.52992319317761,1.7013438805521421,-2.0961203149993644,-1.0028942802256589
0.010947902849949457,0.00476758061866684,-0.007816656101031083,-0.0014070045138244909,0.5197344628653252,1.6414810865286185,-2.12611221132671,-0.9461660572852527
0.010979035578398374,0.004759762621783287,-0.007791941513865945,-0.0014457426380105637,0.5210853915849796,1.6636390911773247,-2.103492471753336,-0.972058302529341
0.010930284614391599,0.0047367954315272855,-0.007792572143566981,-0.001367046257851622,0.5067311101247611,1.6046899729248794,-2.1113901335258034,-0.9249488491922971
0.011164842765550895,0.004780071671056557,-0.0077057550849742844,-0.001706812900493404,0.5492730583995807,1.8359805561132205,-2.011078349501128,-1.1344708489833806
0.011127737236789663,0.0047758384304140405,-0.0077242457227381075,-0.0016552697880723645,0.5440860868040484,1.8023493264801935,-2.0306549003866725,-1.1027323837087397
0.011086811777659916,0.004780805631999189,-0.007754014913012724,-0.0016036466098998073,0.5415773935161886,1.7719426141310664,-2.0588242399521373,-1.0695806801393186
0.010693713084477084,0.0047144144238104825,-0.007872630965050477,-0.0010259875765347198,0.4613188852488657,1.3731681270719438,-2.2024596006651547,-0.7079968266078444
0.010614578028579562,0.004739971912753513,-0.007928887266454769,-9.211456727902908E-4,0.4539251928685761,1.3112292458838262,-2.2533785843821423,-0.6358704337678304
0.010572200420416898,0.004743402777176368,-0.007946478106975997,-8.603375315319198E-4,0.44636972456944884,1.2715246866803047,-2.27131132436061,-0.5958197398339794
0.010642655236663577,0.004700725014585947,-0.007876261490431377,-9.481637718557115E-4,0.4476357410090923,1.3168523775605419,-2.2116166873121297,-0.6593704445067309
0.010861755186409444,0.0047512273123438,-0.007841441612973668,-0.0012790648351056217,0.5014207866599305,1.5524194983103266,-2.156818399094677,-0.8662684351053266
0.010829351631218318,0.004724868158364928,-0.007827858518208114,-0.0012216509272783968,0.48773425124169323,1.5058914985344716,-2.1516315853038206,-0.8330853712401728
0.010747402604883008,0.004712932402939473,-0.007850007531630293,-0.0011015441375015714,0.4703220735031172,1.42277499413393,-2.17895029189221,-0.7571553950503375
0.010790951884508296,0.004720024693301019,-0.007839502185147939,-0.0011657653147478738,0.4799376628173386,1.4674836946954108,-2.1653962714234534,-0.7976828995172092
0.010500231386321389,0.004735860296571748,-0.007959293519666046,-7.522708173465187E-4,0.42871000213781224,1.196235779087022,-2.2891766025470166,-0.5264126674730231
0.010292815542485984,0.004707846954353847,-0.00797323350123688,-4.386812483751237E-4,0.37339808892466086,0.9745135214580296,-2.3222722555943895,-0.32510696572033765
0.01035132586421508,0.004719152240737862,-0.007975498746570912,-5.277103118020984E-4,0.3902909954198203,1.0387245304051358,-2.3176191034253617,-0.3819690225794467
0.010325673457556856,0.004698979216784684,-0.00795786202853343,-4.859365473645613E-4,0.3790793159096023,1.003927740352651,-2.307681154263998,-0.3572190239433522
0.010385831630655292,0.004710839761861272,-0.007959326016300478,-5.772217474807069E-4,0.39607876273629894,1.0697784622892874,-2.3021453655638973,-0.4155363951017467
0.01042269545838473,0.004713598248952903,-0.007954231783812512,-6.322643453770159E-4,0.4053229155338334,1.1079858456000744,-2.294369234267174,-0.4511586782345532
0.010461597170401488,0.004722872595110746,-0.007955083996405534,-6.918781097580624E-4,0.41658464264833833,1.1512767337833545,-2.2905862264552828,-0.4888280422128375
0.007873218064987593,-0.005443748928909413,-0.00750863890316908,-0.0035047620194137235,-0.13898923167763047,-1.4829429434136776,2.1666603554352544,2.364856177249713
0.007887461673045555,-0.005437138510277808,-0.007519688410994035,-0.0034813594382734382,-0.13879852560204584,-1.4681862779856691,2.175040625096869,2.3476650856485715
0.007901707845329084,-0.00543044884165791,-0.007530511709243805,-0.0034577857833883725,-0.1385320296736203,-1.453380534574001,2.183175515730549,2.3303620252371853
0.007945016097844195,-0.005410697115091176,-0.007563137550189273,-0.0033864502702797695,-0.1378819082697377,-1.4083757432677155,2.2074324620111536,2.278014130395995
0.00791604744760606,-0.005423738486286402,-0.007541281844412834,-0.0034340210984459816,-0.13829089322528174,-1.4384629264960507,2.191211188927895,2.3129291256860895
0.00793049707396065,-0.005417117699797993,-0.007552134696036559,-0.003410183919202291,-0.1381013852074265,-1.4234427950934982,2.1992727017686335,2.295441248498088
0.007959506137304931,-0.005404422531582977,-0.007574113812676488,-0.003362855888719377,-0.13751519818826907,-1.3933346124944277,2.2155423586829284,2.2606787194518567
0.00797390866558623,-0.005398126001561732,-0.00758481443457628,-0.0033392606195172536,-0.13697249674495346,-1.3783420898851146,2.2233812837508373,2.243356078663456
0.008002731298162946,-0.00538533254056588,-0.007605580815337327,-0.0032916119932361702,-0.13570860589023992,-1.3482456138196997,2.2383737836838145,2.208447900590699
0.00798828543886043,-0.005391743999159599,-0.007595245913992403,-0.0033155241601529593,-0.1363384815748114,-1.3633367611682303,2.230944334695487,2.225956229384822
0.008003838021079243,-0.005368570515760176,-0.007588721689335346,-0.0032704407204978123,-0.134011675004423,-1.3431886236197947,2.223963995687971,2.1932667962946577
0.008018631853938722,-0.005362245450796255,-0.0075993474631058525,-0.0032463129238968526,-0.13331357161555288,-1.3279054666266161,2.231593935981852,2.175681186137132
0.008020157015758136,-0.005345207147510536,-0.007582705034063822,-0.0032246042091615755,-0.13078594822565984,-1.322827525022645,2.2170475996408565,2.1607993218823993
0.008049294716126958,-0.005333665838498559,-0.007604051389343172,-0.003178216782723116,-0.1293025308905474,-1.2930829863890596,2.2323666218204967,2.127084227961145
0.008063954245651489,-0.005327226114647226,-0.00761388677576176,-0.0031540494540388806,-0.1284100044767832,-1.2779742071258975,2.2392617501848693,2.109601178619329
0.008022430003206597,-0.0053282941506253055,-0.007567186817804093,-0.003202349041286251,-0.12853475527245928,-1.3169254841797555,2.2036384213582267,2.145345078479229
0.008036641555942761,-0.005325526104763521,-0.007580667323065217,-0.003183178732306413,-0.1282036120881309,-1.3031888731765144,2.2137406197682776,2.131359942164846
0.00809660089853109,-0.005297365457096004,-0.007618341199775829,-0.0030826349077654118,-0.123936671572988,-1.24139702025815,2.239786609429352,2.058938978623351
0.008080007027502152,-0.005303605828994309,-0.007606483902087599,-0.003108790165996186,-0.12503546852101258,-1.2582045664228332,2.2314264630912253,2.0778227242154226
0.008066732940155866,-0.005312198382170776,-0.007600755531830414,-0.003133737126290459,-0.1262677666318915,-1.272342574117501,2.22786548955404,2.095646217285474
0.007859736527758033,-0.005433868537157909,-0.007481142859733554,-0.003506289871098209,-0.13750103641750264,-1.4916149426915306,2.144145391901709,2.3654843333266022
0.00781690104194134,-0.005454319394537291,-0.007447417895686834,-0.0035763699292696055,-0.13738903834032598,-1.535425921950871,2.1181550656372825,2.4166553916389355
0.007845243277513765,-0.005440296261259303,-0.007469367658063727,-0.00352944258202444,-0.13748154487445155,-1.5063150129943363,2.1350752063765026,2.382383699071297
0.007830936133034509,-0.005447232055933887,-0.007458212325562766,-0.00355298067755163,-0.13745735158499417,-1.520975146651425,2.126488907928351,2.399566659174921
0.0078033696753102635,-0.005444711971460105,-0.007420014656205947,-0.003577493645730317,-0.1351860306531123,-1.5436694874628272,2.095207733301818,2.417117244563315
0.00778914945261936,-0.0054505289545614165,-0.0074074714326613144,-0.0035991484005644674,-0.1348651451287786,-1.5576149101165855,2.0852944002427134,2.432794707110028
0.007774544704092109,-0.005456624693610025,-0.0073945728305913686,-0.0036214546659458593,-0.13448187411654008,-1.5719114572133763,2.0750583413350605,2.4489168240153476
0.0077600428739966094,-0.005463310742569595,-0.00738226244274445,-0.003644344948825706,-0.1341072599648028,-1.5862767946135816,2.065281619683581,2.465464101368117
0.007745766836406608,-0.005470470006524948,-0.007370579838520091,-0.0036675615513689186,-0.13373975559939688,-1.600585648907716,2.055990983245591,2.482260003025868
0.007731662923414987,-0.005477964039094857,-0.007359314065148071,-0.003690986850725948,-0.1333627605306215,-1.6148429721640183,2.0470075276639927,2.4992190856569283
0.008169163723398522,-0.005264918662529116,-0.007662406693006316,-0.002961717118121899,-0.11747684363704798,-1.1667507100521626,2.2693927960236273,1.972183124505477
0.008175108392315871,-0.005250236330746498,-0.007652684451056514,-0.0029389273964179636,-0.11512638296823033,-1.158895091246067,2.2606832662876255,1.9568026268926204
0.008150267185370095,-0.005264982242865412,-0.007642111418277603,-0.002984229190714442,-0.1181207203062458,-1.184913066309491,2.2543512445807603,1.9889141501531853
0.008126934368856562,-0.00526480703584442,-0.0076165643951658524,-0.0030114205787710627,-0.11875117912407354,-1.2070494564873375,2.2353059100279036,2.009104153207988
0.008104411429298153,-0.005277508399902596,-0.007605532584554875,-0.0030515218994176985,-0.12098101959540673,-1.230457530668555,2.228234600535483,2.037623341154371
0.00829462820866738,-0.005208027225650878,-0.007729308799136436,-0.0027495050544770524,-0.10263894935133565,-1.037541096716173,2.3116533815173557,1.8213985424649601
0.008277450225675836,-0.005210560501376801,-0.007714941317843934,-0.0027734165800288933,-0.10414438833789895,-1.0546943858058,2.3016690499500023,1.8387495918294927
0.008319960996033327,-0.005190846460949554,-0.007735195568171329,-0.0027008052630658388,-0.09830879774237523,-1.0110440041395934,2.3138171347503103,1.787590935804525
0.008301822132153523,-0.005191140968122228,-0.007717697948194752,-0.0027237904017129613,-0.09968816275763882,-1.02897952698431,2.301418136182221,1.8045277223821052
0.008368129963642579,-0.0051523655065525064,-0.007738745207705709,-0.002603041289749522,-0.0887651418616978,-0.960777181037345,2.3118142715643604,1.7207008913695268
0.008352099654885254,-0.005153008806990285,-0.007724271859997039,-0.002623891172399431,-0.09026085007060185,-0.97659865339103,2.301748597804521,1.7358838331630229
0.008339225961261545,-0.005167000669775861,-0.007727420362003886,-0.0026534645759699192,-0.09332766683544354,-0.990286844737778,2.3055368463626684,1.7558339951458597
0.008324590585403014,-0.0051753778306782286,-0.007722547632924001,-0.002679921595963886,-0.09567173402362102,-1.005316451297853,2.303052366899585,1.774222899308969
0.008224975679958044,-0.005228786706734467,-0.0076815447057899935,-0.0028564008826288895,-0.10984138777946148,-1.1079658282544909,2.279580610980236,1.8980444150421467
0.008190352363554192,-0.005243403206082317,-0.007661380087010525,-0.0029134630097351804,-0.11357917868287201,-1.1432984971313067,2.2663878564223245,1.9386685815860452
0.008205182413492077,-0.005229588657045888,-0.007661843230177453,-0.002881152329009146,-0.11096024728224434,-1.1271745625942813,2.2652811599052485,1.916260337220955
0.008265655632871308,-0.005198771840543346,-0.007690070477839375,-0.002776107551392108,-0.1032118688098506,-1.0650895591261023,2.282466378862511,1.8422142464772917
0.008231367444823562,-0.00520360267557031,-0.007660557588076228,-0.002822739288568028,-0.10591239935704287,-1.098765405357497,2.2616036257958148,1.8760346691083847
0.008250497823055456,-0.005199598423677097,-0.007675669266757308,-0.002795466381919193,-0.10426815294559068,-1.079875128034583,2.2721478588582262,1.8563923898471797
0.008392555089289202,-0.005117607098510679,-0.007723165255316479,-0.002539713600653394,-0.08179851590455699,-0.9345684953476885,2.2970203014472657,1.678692821604889
0.008377196218140762,-0.00513500527518046,-0.007728064364879938,-0.0025752733643960384,-0.08555610867663303,-0.9507270290325681,2.302380273685156,1.7025307048782736
0.007632615298375215,-0.00554689014904667,-0.007291823312528614,-0.003876206289062954,-0.13040449533853513,-1.7211310478125503,1.9926768343190042,2.634573432973541
0.007646840410840217,-0.005539415431265644,-0.007304392334958454,-0.0038530868144458275,-0.1312987204127034,-1.706976173794162,2.003129574812323,2.6178760933545324
0.007618645305664401,-0.005554622804312998,-0.007279712509057947,-0.0038993814518678348,-0.12947801211924492,-1.7351606838813136,1.9825611449666567,2.6513387199366174
0.007591218615723618,-0.005569887679370562,-0.007255581340836968,-0.003944775504294062,-0.12746711154953713,-1.7625962220379885,1.9622422789214455,2.6841178940070125
0.0076048893219741375,-0.005562330495036141,-0.00726773102094326,-0.003922259288715777,-0.1285061785630366,-1.7489714512102588,1.9724996218380604,2.667878327131867
0.007675274194049061,-0.005525295491054312,-0.007329877056582167,-0.003807761833103832,-0.13298517577358113,-1.67885514294915,2.0241882911578095,2.585132797064737
0.007689271381247128,-0.005517946788991534,-0.007341814474189687,-0.003784778900796778,-0.1336875066703569,-1.6647536319947716,2.033958495351605,2.5684472591732583
0.007703392645587663,-0.005510550216882445,-0.007353727013183112,-0.0037615403663214327,-0.13431734088873246,-1.6504856198311832,2.0436546528097215,2.5515583308481875
0.0077177273246893385,-0.00548575072672993,-0.007348417836050897,-0.0037145789063994902,-0.13295367853611387,-1.629045074978534,2.0382896129883217,2.516314429607723
0.007703828944863393,-0.005493806521746648,-0.007337690428891178,-0.0037384377525843406,-0.13252854076955686,-1.6432995351567945,2.0296686735091445,2.533621211865538
0.007661553497897461,-0.005516196768426314,-0.007302083760612651,-0.003807737806335483,-0.1306001436894293,-1.6855388658176003,2.000590759624229,2.583653186114887
0.007647071698813607,-0.005522464538628401,-0.007288225131662448,-0.0038293830419317333,-0.12965218440309043,-1.6992804075480434,1.9891117407249723,2.599098367959509
0.0075362243933220835,-0.0056168833133289735,-0.007220781187881361,-0.004058709555981339,-0.12315450696386909,-1.8256134371528316,1.9320127061012509,2.76907571748824
0.007549924702577127,-0.0056091511565891095,-0.007233473741757884,-0.004036111719522984,-0.12439981412521094,-1.8119817458366239,1.9429757956960765,2.7527925366717114
0.007563663107185046,-0.0056013766682436504,-0.007246035644732751,-0.004013340293587852,-0.125669048802412,-1.7982451877908965,1.9537657209640813,2.7363542739905355
0.007577503770316599,-0.005593733991672717,-0.007258722378269015,-0.0039905928718932384,-0.1269710609263258,-1.7844393116042945,1.964613926522213,2.7199222902881997
0.007522218036171515,-0.005608046891302679,-0.007192116161762072,-0.004057243674774857,-0.12132142499682029,-1.8304362313601261,1.907875089052048,2.764706029181251
0.007508387870520323,-0.005615490472752714,-0.007178774244250666,-0.004079233319230276,-0.11989912557973968,-1.8437197513603827,1.8962949532681883,2.780302510825241
0.007494540730764808,-0.005623205436493293,-0.00716551499595399,-0.004101545188073186,-0.11843037959057955,-1.857081374926748,1.8847312132412986,2.796128028578963
0.007386154167897446,-0.005704129230559226,-0.00707454116421678,-0.004304411255705582,-0.10473894960644135,-1.9716331216595198,1.802084633296342,2.943667276601015
0.007372571494288796,-0.005712406258399669,-0.007060771770415204,-0.004326693110081528,-0.10256232271069536,-1.9845875299054374,1.7895366596251143,2.9592557320850292
0.007359133595846372,-0.00572089627505335,-0.0070472603555276625,-0.004349114963851174,-0.10044045726399309,-1.9975035104002055,1.7771633707531784,2.9749478459522063
0.0074808222591360605,-0.005631253255168455,-0.007152604488343865,-0.00412416083836667,-0.11693063560362825,-1.8704683605168875,1.8734088208824222,2.812206207838933
0.007467263702188929,-0.0056395087443873336,-0.00713997239224744,-0.0041468793188656795,-0.11538902284201169,-1.8838020537401545,1.8622677613139784,2.82837945929209
0.0074536967601290865,-0.005647671864023248,-0.007127097999593212,-0.004169386916137361,-0.11377909112009306,-1.8970248981988753,1.8508664712230336,2.8443413441656418
0.007440026788109255,-0.00565561058395992,-0.007113723844718366,-0.004191552703047948,-0.11210440342375884,-1.910110061727334,1.8389890461376062,2.8599461606305963
0.007426434910058049,-0.005663602803129285,-0.007100371003436652,-0.00421365373355886,-0.11037229807219406,-1.9230937511271444,1.8270813692208112,2.8754673470802623
0.007385376633579094,-0.005687103853147067,-0.007058616575162325,-0.004278888148471028,-0.10477814664617756,-1.9614192402924309,1.7895971388782328,2.9207593038081785
0.007412908175737638,-0.005671645389414376,-0.007087018200808092,-0.004235694424303482,-0.10858562086896915,-1.9359893069587952,1.8151182196856197,2.890913933888012
0.007399216689531259,-0.005679399126608709,-0.0070730216094540554,-0.004257324528775524,-0.10672039791237042,-1.9487263425524184,1.802556230849256,2.9059156244467794
0.007577336908860268,-0.005577174963290937,-0.007242732413096781,-0.003967007699668421,-0.12632725508709022,-1.7761818437083499,1.951338022943103,2.700063102344455
0.007577319121839745,-0.0055608869142522764,-0.007227293336834501,-0.003943827631898281,-0.12495610442572853,-1.7682344935857106,1.9380841464739855,2.6811957127646493
0.007048380318743569,-0.005964167835846036,-0.006726273836696207,-0.004919278098994287,-0.03205646112467026,-2.3055265422064686,1.458010209067689,3.3708837899133925
0.00706107377027107,-0.005954915005069573,-0.006741680348575463,-0.00489814275533094,-0.03407428316516267,-2.2946913007242102,1.4735474603639451,3.35752614050506
0.007046472949733376,-0.005948290619450294,-0.00671208328084756,-0.00489276236729445,-0.03823800915584124,-2.291755694687335,1.4534203590010175,3.3428575361089483
0.007099327720783185,-0.0059273963698165885,-0.006787569562143801,-0.004834351426195795,-0.04619897344595231,-2.261557955656598,1.51971140258717,3.316555094931507
0.007084839204762699,-0.005920536972702152,-0.0067580118476491926,-0.004829178542418527,-0.04740212991077391,-2.2590239851099945,1.499238969039394,3.3026490696827033
0.007086547594687285,-0.005936529182831808,-0.0067723410903356256,-0.004855661518574385,-0.04245774601545793,-2.2727216343694763,1.504431806304875,3.3302817248026124
0.007072003077942499,-0.0059297250694405656,-0.006742724574553467,-0.004850389848653461,-0.04456956160605489,-2.2700186882244604,1.4840686490881945,3.3161095421429843
0.007073796236880271,-0.005945702090780216,-0.006757036687200132,-0.004876936428056287,-0.037659989071121426,-2.2837639599649724,1.489020557800634,3.343968962561265
0.007059215620024998,-0.005938991138382481,-0.006727427079922499,-0.004871607577874887,-0.041641896684795905,-2.2809404343687003,1.468796672096891,3.3295344325014153
0.007112136501017045,-0.00591830373358797,-0.006802713771918485,-0.004813017861429914,-0.0483081528975045,-2.250293314766496,1.5348153907608753,3.3027691966827497
0.007097690201738963,-0.005911420828542869,-0.006773231973728508,-0.004807974972041544,-0.05057270723601761,-2.2479534976662845,1.5142868886412069,3.289108376035181
0.007163655606209029,-0.005882336769500144,-0.0068626603598899985,-0.0047271499621444,-0.06075778243872181,-2.204295346260175,1.5940586483788604,3.2463083959417762
0.007149257684157019,-0.005875283068451187,-0.006833203522860826,-0.004722615148639527,-0.06263779396697909,-2.2026443570034977,1.573322825371857,3.2336411751088048
0.007150733491861328,-0.005891267790960423,-0.006847775864386144,-0.004748685959814377,-0.05795566526404966,-2.21594626578843,1.5794293042386862,3.2605553837138825
0.00713631827352821,-0.005884239855649513,-0.006818290845254846,-0.004743999431745668,-0.05977595476861964,-2.214103761100801,1.5587249281295643,3.2476349200005203
0.007137839516247013,-0.00590023935268864,-0.006832815515401158,-0.0047701870924708786,-0.05422860943491705,-2.2274974334322235,1.5646558567668596,3.2747427042439203
0.007123406983712115,-0.0058932633784474185,-0.0068033295191564066,-0.004765379313963389,-0.05698349767502751,-2.2254870002185894,1.5440132688863002,3.2615631874393842
0.007124973809367006,-0.005909251363970854,-0.006817791363975314,-0.0047916359874475125,-0.05060622780132302,-2.238942786230987,1.5497804190819071,3.288836637441231
0.007110538412886359,-0.005902333835550122,-0.006788328505264,-0.00478671775737759,-0.053917264380544505,-2.236777546349089,1.5292049262922287,3.2754102475527174
0.0071766057290885464,-0.0058734463785158,-0.006877470676487765,-0.0047055767663506855,-0.06309614458540559,-2.1925570342276735,1.6085308408016716,3.231972315467164
0.00716220343316424,-0.005866380600812247,-0.006848025324514417,-0.004701216189998208,-0.06563900270467692,-2.191103944101902,1.587792979216075,3.2195489439150093
0.00718958373010223,-0.0058645967077086796,-0.0068922107386553905,-0.004683960710586563,-0.06533744107907138,-2.1807397898725225,1.6228654212987188,3.217514722283451
0.007175159926782506,-0.005857512689184981,-0.0068627497264396155,-0.004679769254061278,-0.06865688686231898,-2.179467725189038,1.602146641417612,3.2053346098749134
0.007268029851185397,-0.005812358765846113,-0.006979312321297848,-0.004553158696895208,-0.08449957089200072,-2.107942920688147,1.7071482931086062,3.1283720598659195
0.007253799128814078,-0.005804908542502465,-0.006950001055803685,-0.004549565897823863,-0.08404531888639354,-2.107427385703606,1.6860678211176483,3.1176791178049874
0.00725488733011826,-0.005820962260321794,-0.006964970412533737,-0.00457506721078315,-0.0818896173512517,-2.1203583916467537,1.6934072591258846,3.143343984893678
0.0072405784477242415,-0.005813522942734829,-0.006935521212156332,-0.0045713259949897375,-0.08167448855398235,-2.1196169217472343,1.6723442580159993,3.132433641201263
0.007241771900939664,-0.005829607002505161,-0.006950547647219922,-0.004596948924323713,-0.07822966155529795,-2.1326572492665994,1.6794766455900845,3.1583122153356737
0.0072025894786609205,-0.005855787846272661,-0.006906883144838792,-0.004662297925922126,-0.06752880477272163,-2.1688501635543473,1.6370994871725382,3.202915103892836
0.007188143380562537,-0.005848663059262884,-0.006877390832185794,-0.00465824079865437,-0.07165348429265767,-2.1677171724817197,1.6163961984278379,3.190979833997154
0.007215622843988552,-0.005847019882893541,-0.006921495012735041,-0.004640577747094102,-0.07025575525959017,-2.1568861561494397,1.651275219783017,3.188159108191828
0.007201166539319583,-0.0058398209567964215,-0.006891959863462854,-0.004636608274269515,-0.07454263180773503,-2.155840222739954,1.6305395954205288,3.176473672911605
0.00722868369512679,-0.005838292905748428,-0.006936051836610162,-0.004618791816713049,-0.0740204876061812,-2.144829755287151,1.6654112245223807,3.1732694643462143
0.0072142437017949715,-0.005830995810055116,-0.006906484675208363,-0.004614880735024388,-0.07714173445170497,-2.143844516295942,1.6445762210017059,3.1618438308009753
0.007227384559221035,-0.00582222009182327,-0.006921003450739594,-0.004593103721122208,-0.07944392358781428,-2.131760037065762,1.658511288157871,3.147151605248268
0.007347446524517867,-0.005761608788737447,-0.007063857280042998,-0.004420857110029451,-0.09592712448138502,-2.0317838744648324,1.7864590171269452,3.036566023207415
0.007346716944624664,-0.005745679932895941,-0.0070488009462344155,-0.004396040074623944,-0.10162649225743785,-2.019864382954284,1.778859066425914,3.0115089697696704
0.007334144221965788,-0.00576996300598664,-0.007049945593591345,-0.004443008271628922,-0.09457947331299034,-2.0446566956258696,1.7735367110339826,3.0521030712879367
0.007333377893313575,-0.00575404409707779,-0.007034935503243772,-0.004418140611114168,-0.09903491397986595,-2.0326420645368444,1.7659671907032302,3.026986514882124
0.007345827224622073,-0.0057294625884982235,-0.0070338690031033916,-0.0043714796754461506,-0.09841913700932929,-2.0103133235646453,1.7648381023119708,2.9905789912205507
0.0069107025920214695,-0.006068557322679483,-0.006552286672247322,-0.0051487468005168464,0.0071970563392260165,-2.417711694618409,1.2799808410427376,3.5094392445267544
0.006923068755076141,-0.006058871466951211,-0.006568442148864647,-0.005128120633384057,0.0025983191385682103,-2.408134660898663,1.2968046798202664,3.4974410084498264
0.0069081659981782215,-0.006052680148572436,-0.006538541061456055,-0.005121402203774433,1.9636637543061128E-4,-2.4030523499585392,1.2770694031458227,3.4802544873946926
0.006935465283302502,-0.0060492245102820915,-0.006584532458182122,-0.005107444107740169,-0.0018171909224444776,-2.398410434149958,1.3135170568396524,3.4853492635590144
0.006920622437049512,-0.0060429691318124425,-0.0065546818658834246,-0.005100816428424585,-0.0032269179319977213,-2.393464101438255,1.2936224795072937,3.468405077248891
0.006947892054997044,-0.0060396165473467316,-0.006600554781891249,-0.005086720932758518,-0.006005157489739864,-2.388533380961335,1.3300839386994947,3.4731718158147573
0.006933113641405007,-0.006033323559020468,-0.006570779441597635,-0.00508022269573128,-0.006652570511771158,-2.383789042841981,1.3100725753938687,3.4564646589329615
0.006960348948237811,-0.006030047672386859,-0.006616503487517726,-0.005065958579570984,-0.009619952142795547,-2.3785080490382384,1.3464743880393748,3.4609114492224724
0.006945628243040008,-0.006023746970716664,-0.006586817581717305,-0.005059629391811648,-0.010123661530825577,-2.3740332804046957,1.3264196128092296,3.4444322403109457
0.007035716006004061,-0.005973460492812782,-0.006710792906518363,-0.004940375774701566,-0.029348726799209485,-2.316269356182365,1.4423447943486052,3.3840978558975805
0.007033743002737496,-0.005957593912592863,-0.006696623783948338,-0.004913816044044436,-0.034665623136940375,-2.3024393591514856,1.4379193460150586,3.3559941249430527
0.007023080955577061,-0.005982792885230834,-0.0066952268197635395,-0.004961450392430835,-0.02492301287034973,-2.3268955737463397,1.4265317350253286,3.397252459733363
0.00702102513146297,-0.005966927849985148,-0.006681065878628178,-0.0049348100302623035,-0.03141522437096733,-2.3130074894791766,1.4222949107903917,3.3689704048164777
0.00947354914056666,0.004836599009713309,-0.008063535953914125,8.198863665111874E-4,0.16532859608097075,0.15683913581319428,-2.460178140586258,0.5110421151948489
0.009397874555929529,0.004868847182972574,-0.008076258704276655,9.457479526334828E-4,0.14520048161808496,0.08366028384382651,-2.4750001591356923,0.5944931820527405
0.009368989717685643,0.0048736191099937294,-0.008071627922366953,9.915127489986029E-4,0.1371715679778095,0.054087846170518206,-2.4740652586689964,0.624778348402015
0.009439107455733795,0.004838531519674987,-0.008055156331367124,8.729211307482253E-4,0.15564427139626,0.12096164438297129,-2.4570547840311736,0.5461479258613228
0.009407724437432567,0.004841331229450299,-0.008048117620542692,9.214535484269255E-4,0.146918783968761,0.08847596640889611,-2.4546281416155087,0.5783854209035045
0.0092736787634557,0.004887034297422157,-0.008050290791718514,0.0011413020467315406,0.110857039146721,-0.04397395347483249,-2.4667304275320636,0.724274453057027
0.00921225265899333,0.0048857566546548015,-0.008022446903512935,0.0012329577532136512,0.09438284306446042,-0.10878250750633256,-2.4520278560689044,0.7858044900714729
0.009236211600796329,0.004877198412979403,-0.008023216932890787,0.0011934157517670592,0.10072540017687649,-0.08509156094606816,-2.45066884493295,0.7595145448708411
0.009254857403767042,0.004873816903862458,-0.008027327788991507,0.0011640818932994012,0.10569269885903736,-0.06610581583952645,-2.4520866135602324,0.7399169419022331
0.009293891893636662,0.004873812569629341,-0.008043367833300848,0.0011054432372894112,0.11624762777904633,-0.0251097326930483,-2.460280778122726,0.7006545075909864
0.009318433649039289,0.004862105632960656,-0.0080396423285725,0.001063859572074388,0.12278324632902522,-0.0014526597185911285,-2.4557522736991526,0.6731051422720321
0.009343036238972742,0.004851475249071191,-0.008036836731124847,0.0010227701055929323,0.12929839809388832,0.02241466514755519,-2.4518480979794,0.6458240787233472
0.009523297957201056,0.004807798214144621,-0.008044835255164655,7.360363381044244E-4,0.17773120703500592,0.20294947162514415,-2.4431804298304836,0.45500830965160766
0.009486166402046041,0.004803459973960504,-0.008029560140328957,7.910219373234406E-4,0.166936053412255,0.1630442966381144,-2.4354326410908738,0.49137275725373025
0.009536393515415742,0.0047776490052411635,-0.008014195519397409,7.082861939318483E-4,0.1792780339290184,0.2100117756949524,-2.420624823250831,0.43583974412306853
0.0091448950714639,0.004897114173746441,-0.008004023475932253,0.001338337099457607,0.07682450611156834,-0.17751699666235177,-2.4443052362607305,0.8564548889130704
0.009121122467670174,0.004891516957134956,-0.007985979841048497,0.0013706255837293384,0.07095115560678433,-0.20316960920506774,-2.4333335823068567,0.8786652119907682
0.009093617842146197,0.0048910989224882,-0.00797161563556452,0.0014106963552134773,0.06420820815434401,-0.23184237185864712,-2.4252368459345264,0.9059595956430465
0.00919079147245461,0.004864425174455335,-0.007988504345538203,0.0012551616266220826,0.08899917176459497,-0.13462281643442472,-2.429652314432054,0.8015995411186658
0.009165799541617581,0.0048789931833053265,-0.00799341554610481,0.0012987889369629384,0.08248551249530943,-0.1584387227191845,-2.4351072861460565,0.8305269280468187
0.008570607946765086,0.005045300836872118,-0.007797865900397632,0.002246121265869074,-0.05126753428113615,-0.7560941337255915,-2.33941936340446,1.4752519875332768
0.008548744103455966,0.005051663231922268,-0.00778696433150623,0.0022802414436248683,-0.055023902805178826,-0.7779411476218572,-2.332918058465275,1.4989576919009429
0.008595971513863442,0.0050425422188845,-0.007815305183797467,0.0022101315932749432,-0.047239355700995016,-0.7306482585762931,-2.350644591265223,1.4497854198567686
0.008619989660788882,0.005030902137956567,-0.007821402798288891,0.002168702211174611,-0.042300936042723204,-0.7066281754068396,-2.353194130809691,1.4215491040985622
0.008645744766911176,0.0050285937207378,-0.007838914552149892,0.002132173295714209,-0.037984859184027546,-0.680699617495096,-2.3643184029156354,1.3958035647564724
0.0086565653162178,0.005006746828211237,-0.007822836879236872,0.0021007698740313782,-0.03387708701798625,-0.6702878755300562,-2.351098364070174,1.3758842880565967
0.008451848443835442,0.005086015701023281,-0.007741965884028178,0.0024356594472233696,-0.07141247917983523,-0.8748022388376925,-2.3064376430143696,1.6069564267268228
0.008508243775002883,0.005058677014699351,-0.007760744427879266,0.0023391246645293796,-0.061243114200704114,-0.8183186874923275,-2.316137063718291,1.5405506367452448
0.008481677558558212,0.005075914613171257,-0.0077569541208084005,0.0023883795926586938,-0.0666663735117742,-0.8450446378146975,-2.3155418001886976,1.574005109633728
0.00852687521854951,0.00503798784919022,-0.007753681449558743,0.0022974792135138805,-0.05631684208974821,-0.7994588885524622,-2.3089811907199036,1.5129970531054306
0.008679519289813385,0.004997455894862516,-0.007829863118232014,0.002062732424495672,-0.029253067545972566,-0.6474267686935372,-2.3544824060104923,1.3498929675425186
0.008706103810414464,0.004986435855678959,-0.007837307729382724,0.002018468115983964,-0.023659224582691183,-0.6210047600517078,-2.3578601392899525,1.3197446656738128
0.008730057153643103,0.004980780300738364,-0.007848414552631695,0.0019816695724733644,-0.018891152792902748,-0.5970436025711595,-2.3642198819740154,1.2943746997262275
0.008809681677020101,0.0049432148079114335,-0.007861951336179592,0.0018459450019822226,-9.274756438198262E-4,-0.5183930179404869,-2.367783618296223,1.2026711376214771
0.0087803522189436,0.0049537856378634075,-0.0078537650904373,0.0018936156736419458,-0.007327643778588833,-0.5474790310303731,-2.3640724884995037,1.235088465944963
0.008749960895448213,0.004964046371537514,-0.007843968739512028,0.0019424933926518873,-0.013768335867604764,-0.5776780087922812,-2.3592271637666653,1.2684411015477546
0.008839451980662102,0.0049306246494919175,-0.007867665171306944,0.0017963256194289243,0.005878727839114136,-0.4890133729265003,-2.3696288817953786,1.169106976745281
0.008811792455893764,0.004916583716137497,-0.007833812791083892,0.0018252039616040374,0.0015216147265728517,-0.5178086252720289,-2.3466421466016403,1.19055975263935
0.009072447346205045,0.004860853129475977,-0.007926618880326364,0.0014257280742218162,0.06005228198513559,-0.2575750611639331,-2.3944922934119184,0.9178691512284466
0.00903997950966979,0.004863200608489282,-0.007912040359348184,0.0014734667692260595,0.052483908736092204,-0.29063802203130207,-2.386443789533424,0.950523889293904
0.008868354870570609,0.0049153404169635095,-0.007869307645492362,0.001746257245249581,0.012677506911445134,-0.4607659434997742,-2.3685540188751095,1.1354812631816673
0.008907955416779191,0.004907766609289756,-0.007885651737081808,0.0016861405769968629,0.02131678691356131,-0.4211314538606236,-2.3774896427884435,1.0943236617923766
0.008942503001956223,0.004889798587787173,-0.00788650184656499,0.0016267144529472039,0.02967083978501739,-0.387505829073104,-2.3753841410490115,1.0544998282825249
0.009004804863984407,0.004865705224160602,-0.007895549245910141,0.0015248597136878128,0.04442239011893759,-0.32633530172935893,-2.3771536062049363,0.9857554638405733
0.008972867824629914,0.004875916018464489,-0.007888808817083454,0.0015758076513595414,0.03702052417974535,-0.3578632261294588,-2.37468574000725,1.020236401279984
0.008423488920280938,0.005068306115084935,-0.007697409543483212,0.002455957474236725,-0.07226287355949841,-0.901533671480591,-2.273756134376633,1.6236501435265684
0.008065212603398845,0.005235554180296913,-0.0075176786910000236,0.003049563775389725,-0.11589583108899933,-1.2580806269951281,-2.158306342312199,2.039119670331526
0.008084762615018504,0.00521942491758751,-0.007522330296992737,0.0030100451197291865,-0.11343120022363291,-1.237291954014282,-2.1605893968832004,2.011473934048293
0.008111219822344482,0.005209254015294827,-0.0075403720213799924,0.002969239725290958,-0.11151609861834597,-1.2115838247972708,-2.1733648921294484,1.9826404419220869
0.00813090954894547,0.005187341985573882,-0.007538474378480572,0.002923493447380849,-0.10803449175532172,-1.1897280829371752,-2.1702366201477674,1.9510222715630519
0.008275900318214301,0.005123769924960289,-0.007619058114789801,0.0026893090952082393,-0.09235064845514109,-1.0468978627447367,-2.223795096223201,1.7867442750689169
0.008252965564160997,0.005130491307705031,-0.0076036587793102345,0.0027232993788776543,-0.09468896813134886,-1.0691196030455072,-2.213297666316105,1.810716902136292
0.008293166141692319,0.005103654217304581,-0.007614393787097897,0.002649081906159392,-0.08847047257155657,-1.0284061739268548,-2.2185973923634865,1.7595152362386146
0.008151541139080018,0.005170779111287571,-0.007542889397856534,0.002882543113214578,-0.10516956906435782,-1.1681654214024275,-2.1721922348420275,1.9225938034678214
0.008173679462636778,0.005157250396164478,-0.007551739291025005,0.002843093825528936,-0.10250879927080876,-1.1458372394782295,-2.1776386656725397,1.8950970254095132
0.008193419682306548,0.005148646732499847,-0.007562976752270531,0.0028114609715778455,-0.10050553549089794,-1.1265072639959772,-2.1851791706297887,1.872915470375617
0.008223389274809305,0.005125314825770181,-0.0075687677810847695,0.002752996509723358,-0.09593248522053001,-1.095604469451411,-2.187495661392965,1.8325583762798296
0.008202136207870343,0.005131386779281302,-0.007553748069301166,0.00278382145739187,-0.09778141041214938,-1.115869079281432,-2.1770107692097627,1.8543050139421826
0.008331415936698824,0.005095658437347919,-0.007642331794970405,0.002595175913493997,-0.0844944236887055,-0.9916773966155035,-2.237814959009585,1.7213698038097627
0.008354439671617545,0.0050813389576006476,-0.00764855081843756,0.0025536168715782053,-0.08073507434099936,-0.9685337323230668,-2.2408293836800515,1.6927679159113562
0.008393602148384109,0.0050674326095158685,-0.007669564815070294,0.0024925300500526666,-0.0752803246752267,-0.930136894651174,-2.2542302316865066,1.6500860943563893
0.008371092794868936,0.005068637303595515,-0.007650323550706937,0.002521443336264983,-0.07751735227193812,-0.95162070970442,-2.240821373721776,1.670791729321102
0.007994856056442906,0.00525674309885949,-0.0074605612406610485,0.003150217283056361,-0.11888018413745881,-1.3246876111898354,-2.1162351214068917,2.1106930592088395
0.008019610950195688,0.005243479349820385,-0.0074750077424517785,0.0031084887229598647,-0.11724369875781596,-1.30007572987304,-2.126430159804693,2.0812843672446353
0.008041578854043012,0.005224101662570063,-0.0074796463958003495,0.0030629217032976113,-0.11465493793420113,-1.276476400150388,-2.1286489740787715,2.049402801674329
0.007180151282212967,0.005678237846224506,-0.00673822824350031,0.004393255513943776,-0.07266857124505983,-2.0511112275580814,-1.5161854339099927,2.9525229860887285
0.007162855270252282,0.005693981584686571,-0.006723123259903256,0.004426627333318388,-0.06962521633869391,-2.067846587093513,-1.5015695600823955,2.974856419448096
0.0071284113504825886,0.005725784976178699,-0.006692485059748538,0.004493542372545113,-0.0634367167933698,-2.1011160940666254,-1.4716104429926167,3.0194041769902102
0.007145327996295047,0.00570846147577064,-0.00670647761727896,0.004458091347148324,-0.06662090834623983,-2.0836671760371677,-1.4857160772119429,2.9953319970698646
0.007196599817960155,0.005660195493648448,-0.006750080882050125,0.004356799049772917,-0.0753218893300379,-2.0331264464987098,-1.528232303669604,2.927249617531299
0.0071005841063078905,0.005716778282933384,-0.006643228882925574,0.00449340620602312,-0.059201529010653085,-2.1034222670126166,-1.4315818730580707,3.008038639004297
0.006331396261451728,0.006393946750865423,-0.005646557501519264,0.005744648835032603,0.15820954327578504,-2.562904157345691,-0.44236003084063574,3.5917237843787775
0.006306825613704549,0.006393684926171669,-0.005604566202862244,0.00573980470383464,0.16027524750839012,-2.550606732590391,-0.4144661791155967,3.565293357482767
0.0063772608357023815,0.0063346854645453705,-0.00571665772865551,0.005650140595764881,0.13873204042680484,-2.538956758848855,-0.519403858055007,3.5551174621368484
0.006341823762147192,0.00637240101205309,-0.005661711690650799,0.005709506096330401,0.15165077753221012,-2.5516270587128425,-0.4634350406520266,3.5724598776044014
0.006357041632221933,0.006352791294255547,-0.005684961620416062,0.005678318728043598,0.14521727924346195,-2.5437950055450447,-0.4888789770647028,3.5605034959887365
0.006391480218262406,0.006314404385431494,-0.005737430208251198,0.005617236493982415,0.13245665409368393,-2.529385288805814,-0.5433751448068826,3.540133272055369
0.00636334339493768,0.006309680119511254,-0.0056889189234195356,0.005605996854530532,0.13419249512955433,-2.513924309761549,-0.5119771103572212,3.5066511847819704
0.0064097945572264515,0.0062967148698123985,-0.005765330573682183,0.005588960041203842,0.12597920384969097,-2.5231902345316164,-0.5710010287196946,3.5322990605321642
0.006434783159132808,0.0062865218086844915,-0.005805896136287945,0.0055737395622793865,0.12094030605821182,-2.524974654613862,-0.6043883192044465,3.540679423472987
0.006281147416793629,0.006453485181938897,-0.005565918555483302,0.005836766064757324,0.1783309526007238,-2.5813345118313475,-0.3576555616021918,3.619144600982658
0.006288574186179378,0.006409001264359999,-0.005575051942431513,0.005762377986208559,0.16574492333245075,-2.5526369785331298,-0.38722100531745746,3.5665334504619746
0.006277922909740838,0.0064297401520812345,-0.005558674139417649,0.0057954688292413716,0.17230870565282772,-2.562234132154782,-0.3656889335130487,3.583065090076661
0.0062361687971234595,0.006501801109488158,-0.005491062355152058,0.005908611240144375,0.19508948215927815,-2.5908269089616716,-0.28284660931978184,3.6321738653018802
0.006253846136967682,0.006460463252178379,-0.005519647417109161,0.0058424043609939524,0.1822017257208133,-2.571347718513525,-0.3240950824913469,3.59727748959816
0.006231844241349766,0.006470033447120233,-0.005482678667641846,0.00585334779028976,0.1863285957801436,-2.5657738572777156,-0.2954996631504097,3.5845950795033032
0.006209791965850878,0.006508637636540623,-0.0054461580959640895,0.005913135050892997,0.1985739455220001,-2.5799420673645344,-0.2510231043867443,3.6093581779384785
0.006127963728752985,0.006571528485074685,-0.005306469954299076,0.0059945291907143395,0.22064667493898904,-2.5706696264763393,-0.13081465710427206,3.5875249111915566
0.006169677935312686,0.00654377649254492,-0.0053778772865244635,0.00596107027640613,0.21076153394926433,-2.579213981131462,-0.18925123249692846,3.605382848533605
0.006187046289340248,0.006520989327136822,-0.0054076045111961036,0.005927664288254408,0.20323999406162693,-2.5746095959383144,-0.22034812286271813,3.5976537024540534
0.006139420388600709,0.0065427982654179895,-0.0053269885503877306,0.005950066702427463,0.21192142952051987,-2.559440278276737,-0.15984258460424058,3.566440174125655
0.00628450250270656,0.006381290784273822,-0.005565532676005871,0.005714759200538715,0.15898626538844554,-2.530375140746512,-0.3951312914606682,3.5247754774596127
0.0062664518610793625,0.006392745573430123,-0.005536261724405699,0.005730604354227039,0.16345631111949824,-2.5295015313755043,-0.3704088246659215,3.5208674613887907
0.006053850404535878,0.006677228466390077,-0.005172015717520112,0.006144208363515174,0.25399987719274814,-2.584716479324053,0.010448615262234964,3.615737829334535
0.006059879860941498,0.006654587254403295,-0.005185074550994511,0.0061088136806927,0.24702564855807688,-2.5756708013750806,-0.011415337740205827,3.5976690587871833
0.006071553246945012,0.006641830644015672,-0.005206072410795839,0.00609206248027264,0.24305476268739357,-2.576279617683649,-0.030945713312160218,3.5984606336231857
0.006084481821316775,0.00659866702240477,-0.005231918277153385,0.006024918024722734,0.22985204430637804,-2.5588658700962585,-0.07251422811950442,3.564385730105539
0.006077241909230873,0.006623662203904778,-0.005217514071226274,0.006063895248785093,0.23739207999553025,-2.5691934929833433,-0.04884498481105997,3.584474951473404
0.005984924912199441,0.0067281753991862946,-0.005049288582160445,0.006199173974067446,0.26937864179960197,-2.5620816324303415,0.10695879375996374,3.5760435826535644
0.006000665016206343,0.006708837184040468,-0.005078731902876841,0.006174271844881081,0.2637300677907856,-2.5634143801657467,0.07928576795162164,3.5771445959155472
0.006027723709507576,0.006677681839800298,-0.005128478454653674,0.006134247819183724,0.25436564038397874,-2.565928516710672,0.033181653906734145,3.5800416048083785
0.0060031316228066085,0.006684236747099884,-0.0050869099242724465,0.006134846378630734,0.25622764808244547,-2.5516288893003103,0.058483752711230304,3.5533985222499838
0.00609646507387717,0.006571904303262534,-0.00525388523064979,0.005984625041340058,0.221668238491202,-2.5503095035244594,-0.10114567147232345,3.5479607661882437
0.006839644676358579,0.00593862821920946,-0.006360209923850846,0.00494733010787515,-7.528011841989844E-5,-2.3133931432304933,-1.1538454437094958,3.278887455755546
0.0067536305239862945,0.005992266346567268,-0.006244561499911376,0.0050563839777359445,0.020813618760859662,-2.3560809556999835,-1.0457464991984855,3.3240188646953333
0.006771805024992902,0.005977730431505388,-0.0062678110808579565,0.005028482006519872,0.01593138003299033,-2.3451043375235225,-1.068450586677054,3.3105800243775296
0.006726119413635483,0.005983406218757513,-0.006195126867407585,0.005047182292539744,0.024007799844449253,-2.347702331198842,-1.0091115340520285,3.2988590644065705
0.006789950871265507,0.005961511487693464,-0.006289929512074833,0.004997603578393641,0.010986018576608034,-2.3324873968144213,-1.090689286030601,3.294241673439806
0.006813051414150048,0.005941995401315156,-0.006318223189606278,0.004959853735753889,0.004742068658380346,-2.316969506375672,-1.1186637318129726,3.2746065134012023
0.006860078693659772,0.0059251002370491685,-0.006386652103047953,0.004919367131267042,-0.00497586206180236,-2.3016570067775572,-1.1788208595767522,3.2656628695583305
0.006877771294395446,0.005901749812262808,-0.006402948321244279,0.004875899351046855,-0.010328109662802181,-2.282148574587086,-1.1977144565632385,3.23692152269359
0.006901753070485926,0.005882990815683846,-0.0064315494414524796,0.004837808320876336,-0.0161377357910943,-2.2654165335247445,-1.225475584047145,3.216206147023534
0.006926012913622151,0.0058562343927539146,-0.006455501268062143,0.004786379082417449,-0.02261048777756167,-2.2421389655675785,-1.2510101118730947,3.1835681032033825
0.006945794088919429,0.005828545153966547,-0.0064710516371931535,0.004734936782521023,-0.02799454198755028,-2.218551982416979,-1.269589790832425,3.148464850323057
0.006966861107254582,0.005806114074083769,-0.006491197692825585,0.004691379156673031,-0.03316095953542048,-2.198474811310909,-1.29061078774449,3.1206086298429287
0.0069887886528506235,0.005783374440364144,-0.006512002716024388,0.004646859836442168,-0.03815463688463639,-2.177839649719479,-1.3120030473276154,3.09222104655472
0.0070120771459128844,0.005762372486509946,-0.0065355002223291955,0.004604336464981187,-0.043233130298139584,-2.1579675988895546,-1.335101097851471,3.066061787348316
0.007035457372834922,0.005751266744089992,-0.006564947173004598,0.00457698120791005,-0.047310443490313735,-2.1448128726878246,-1.361263026309519,3.052790221718142
0.007070181383181403,0.005707053888168919,-0.00658995788637095,0.004492924745304407,-0.054777904601279535,-2.1051571351284717,-1.3889949933862573,2.995168345518042
0.007050392959680549,0.005728756595183644,-0.006573636586025021,0.004535412569150055,-0.05082519860292097,-2.1253086542606705,-1.3721623107486776,3.023320572242693
0.006471165086566869,0.006257956888487294,-0.005861678582539723,0.0055272250069002505,0.11006315750364415,-2.5155375182012345,-0.6572709596362931,3.531414022829829
0.006442363056841833,0.006258858862245494,-0.005812778098253107,0.0055271401303205285,0.11371869409661829,-2.5060817349166835,-0.6215080873737194,3.5076064990600613
0.006483576241436491,0.006235214074542818,-0.0058772337496209165,0.0054888988513791676,0.10351512118212271,-2.501574833622921,-0.6782311948605843,3.5086924341695647
0.006504388279529522,0.006216388849583979,-0.005907726832932162,0.005457331659531321,0.09675304556348588,-2.49318042326373,-0.7083371090052426,3.498333551938685
0.006582257859616916,0.006138377071474948,-0.0060160792201756986,0.005323407246748444,0.07055615216013102,-2.4509739130022763,-0.8198382877570115,3.4419257961856675
0.006564279683673512,0.006151748320843294,-0.00599011164279242,0.005346872345926557,0.07562074436990314,-2.4575989773546776,-0.7952180466419921,3.448968682501986
0.0065433897978144934,0.006167353815768575,-0.0059597103679941065,0.005373939814728306,0.0814789901978323,-2.4649399388253213,-0.766442620520099,3.4566953549609
0.0065184658946586555,0.0061854146001652024,-0.005922936098671013,0.005404846711187094,0.0885208112937619,-2.472632787040965,-0.7319759494612094,3.4642595172880606
0.006699658027952055,0.006024983765442926,-0.00616954954909597,0.005120531680680913,0.03403145779358429,-2.3784813904245397,-0.97667573871408,3.346103291150399
0.006707499336895959,0.006002792451736046,-0.0061729950464419,0.0050824866729555634,0.029610353915572287,-2.3616186472935596,-0.986078009972364,3.31790609095907
0.006678715902132553,0.006032474120404837,-0.0061379286011898765,0.0051361995962342895,0.03821783074684235,-2.382287956677509,-0.9496611441770048,3.346108118095195
0.006667771871839168,0.006046069172131291,-0.006125286833387857,0.005160348123221413,0.04206977361636084,-2.391788197660998,-0.9355212033633749,3.3598895394954105
0.006651055555376374,0.006051589707698721,-0.006099695341075768,0.005171713588390306,0.04550790174343678,-2.393956208282987,-0.913796503361577,3.3585119524879397
0.006630900737877681,0.00606269308406517,-0.006070496509767295,0.0051925408747055405,0.05026223197958512,-2.3997907422477867,-0.8876751725715107,3.362934387739966
0.006610146994791191,0.006078243559741457,-0.006041776555801748,0.005220519343737713,0.05586915474167702,-2.408606959424414,-0.8605409329553195,3.3727937095759493
0.006576800924368758,0.006117422126791044,-0.005999849173143306,0.005288492353992767,0.06758482165723799,-2.433136053698181,-0.8150705741726384,3.4078866494986775
0.0065867522615077135,0.006095988917505985,-0.006009145376419943,0.005252023784253421,0.062380577754160275,-2.418235066932628,-0.8296579794165793,3.383564068417695
0.007421859128847702,0.005520057073664579,-0.006970515922766427,0.004007284851304887,-0.10385401107378388,-1.8441226331434393,-1.7237775427245265,2.7014720830787002
0.007400739979273166,0.00553827296719251,-0.006955575110356673,0.004048230250034742,-0.1019438296203969,-1.8656356615930587,-1.7103905891350888,2.729936825106689
0.007380940151198428,0.005557592774783943,-0.00694303609942018,0.004089792732010793,-0.10012335274416925,-1.8870127865231938,-1.6987923577605533,2.759183815784113
0.007358427094533498,0.0055645807339740104,-0.006916177752808984,0.004115278230477597,-0.09743225235498826,-1.902600921033239,-1.6758856084715366,2.774397258441304
0.007344121645289672,0.005581529627543211,-0.006909035139637628,0.004149519145252845,-0.09594246544935446,-1.9196724574305934,-1.6687815090185099,2.798951288817953
0.007321709296386654,0.005591702479302019,-0.006884351668301053,0.0041791512719681215,-0.0931638892791919,-1.936623108780002,-1.6473696172918153,2.817344768695563
0.007305890287919515,0.005607777033199488,-0.006873750351717929,0.0042130097450403985,-0.0911229774799622,-1.9538336707266333,-1.6371645688232381,2.841140827788677
0.007490980298305357,0.005457748366991102,-0.0070143450767364305,0.0038692280750223696,-0.10849945686467001,-1.7721920077304445,-1.7625994946282795,2.605190773810025
0.007446873663315178,0.005503121256278014,-0.00699159443416806,0.0039652171726693485,-0.10607504062842753,-1.821115796058317,-1.7420544924860355,2.673026628473337
0.007468542980339485,0.005476136204223169,-0.006999033936292941,0.003911516613062597,-0.1070909557201641,-1.7946119522511708,-1.7493561520890513,2.6344498064946094
0.007577285468692504,0.005429343178116673,-0.007106667017452803,0.0037623639548205645,-0.11523004917543918,-1.705279264981643,-1.838851045401311,2.536104276767549
0.007590759557286759,0.005403151280369291,-0.007101328087336542,0.0037163534165076356,-0.11447995456801989,-1.684472146418681,-1.834898902473696,2.5022747406823687
0.007547384443087757,0.005432323283960497,-0.007069082276208946,0.003790590087937747,-0.11262854805446297,-1.7256580287504482,-1.808066411656956,2.5533806313356764
0.007516305182072249,0.005442253109153677,-0.007035641026106951,0.0038285585774048268,-0.11017582891994877,-1.7494316682015487,-1.7805191356708543,2.577737143545886
0.007414035777187634,0.005486613075511686,-0.006931919823376819,0.003965832247823064,-0.10130871279218966,-1.8302032596875561,-1.6936375712837781,2.666107834770079
0.007891868911582176,0.0052645682247228045,-0.0073489257935632005,0.00326625010287641,-0.1183348435546897,-1.4126273302035346,-2.030167989415043,2.1924356228555344
0.007860011480039586,0.005273540035903366,-0.007319907519860529,0.0033085850404079744,-0.11848089325074761,-1.440646007551044,-2.007842451222262,2.2218174972479403
0.007660431982094061,0.0053776373590566865,-0.00716965701637122,0.0036237743574990913,-0.11813003454586261,-1.6267580329014202,-1.8903186080851102,2.440386380236585
0.007638078878666184,0.0053917087910994,-0.00715337578246709,0.003661441612359048,-0.11754228059131568,-1.6480277018444769,-1.877169265742513,2.466410273755841
0.00768971689736082,0.005347938506862549,-0.00718005363734952,0.0035598638098349074,-0.1175278357325059,-1.5941065548946003,-1.8985872201864151,2.3950973610754573
0.00766516683528469,0.005348971959472146,-0.00714962231402939,0.0035827101043777536,-0.11600351646079647,-1.6114460728670907,-1.8742273814177424,2.4096452393878103
0.0077039501768386325,0.00532745719549181,-0.007179284896167824,0.003521252862414829,-0.11658476349217094,-1.575950086232502,-1.8978105104820793,2.367520069952919
0.007833192021450755,0.005284111951243918,-0.007297968767072995,0.0033474842689215317,-0.11871161062698145,-1.4649504372641369,-1.9910039745643007,2.2488144850151897
0.007808426933328594,0.005297866762710163,-0.007281147339447257,0.0033880192088196017,-0.11926966631480422,-1.4885848512643756,-1.9781849335140629,2.277041370761761
0.00778821826805888,0.005311718524513018,-0.007269612766644231,0.0034242158985562316,-0.11959193935256203,-1.5087502209426007,-1.9694502436830246,2.302398464389487
0.007750080455044841,0.005325086149923142,-0.007234970015716832,0.0034764464335976003,-0.11916965902559025,-1.542028757364008,-1.9422378246714807,2.338311094998717
0.007766224816739816,0.005309338207451314,-0.007240210726558338,0.0034419050912179857,-0.1186254880961096,-1.5243415295926357,-1.9460689465469891,2.3140001923414495
0.00772175354462366,0.005310370346044724,-0.007185914329897192,0.0034838791952450502,-0.1160756130168042,-1.5567455597919808,-1.9028841904011387,2.34129355848543
0.007917544493833159,0.005244803688233027,-0.007359543726524803,0.0032171854249895084,-0.116494144699427,-1.386113110260193,-2.037538197742,2.158068558407562
0.007969456265303203,0.005242751376546633,-0.007417351406308584,0.003161196348115324,-0.11707157435389737,-1.3427432446776146,-2.0821599342924535,2.1188091836917766
0.00794075428059642,0.005227572236434219,-0.007369350581007472,0.0031735995177817225,-0.11497476284324663,-1.3623983106153659,-2.0443316816476798,2.1276203547180104
0.007609348756357867,0.0053788634834654805,-0.007104211876706607,0.003668947299568091,-0.11416830328493958,-1.6615143878566891,-1.837504562754969,2.468371040321926
0.007239523782840245,0.0056517676650475485,-0.0068086263811356585,0.004319445245344209,-0.08183220109992782,-2.01066748252838,-1.5783195006459347,2.9102281327956274
0.007263211479855871,0.005636261629819012,-0.006832402146333802,0.004281967704658333,-0.08531549691079594,-1.9907837832887303,-1.599845086567274,2.886201250181361
0.007284570327523704,0.005614825598845195,-0.006847696767634955,0.0042368809432637355,-0.08830206687810967,-1.967953879772162,-1.6146753402092429,2.8548145269945895
0.007214298062987158,0.005641548386219123,-0.00676306044521923,0.004318718197723313,-0.0780749782790584,-2.014248951915923,-1.5411603395041429,2.9010161720947405
0.005950579673601024,0.006804285614645428,-0.004976151728576334,0.00630811845523213,0.2929275130980385,-2.574779690657604,0.19604610376718637,3.6070670936779163
0.005936099353661673,0.006774419144300801,-0.004959614248865457,0.006252177529680022,0.28281438706332734,-2.548341062792568,0.18149559489788034,3.554646268283278
0.0059474261199935225,0.006750251572969627,-0.004983450343060281,0.006218206022836342,0.27564286582679115,-2.5449643924219543,0.15336284211250725,3.545998243301575
0.00595740134946395,0.006725813518568376,-0.005004718684007839,0.006182997551048754,0.2683662810238107,-2.539985551427206,0.12641991440163572,3.5346032776273577
0.005924538978161204,0.006818550190990831,-0.004929859945071916,0.006318357954955286,0.2963470601783888,-2.560722953818258,0.22722011436057107,3.5826091581025925
0.005902198098344098,0.006832070875553244,-0.004889901556318848,0.006328868573078689,0.29967110828824395,-2.5489391430423534,0.2545464746561064,3.562519142564518
0.005881353297385344,0.006848271543536466,-0.00485163619634309,0.006344136835123938,0.30378298168746193,-2.5392567901302843,0.2827494051182811,3.5468755224901973
0.005862292140622715,0.006867639226823689,-0.004815212020185659,0.006365073695105646,0.3088406353558529,-2.5320123967671733,0.3122885347727266,3.536366085260958
0.005843797337287464,0.006890734943239353,-0.004778310853616443,0.006391894852907361,0.31512793864220323,-2.5262926452584487,0.3446169550949854,3.529442443367141
0.005809227953228491,0.006887130098635683,-0.004724753434753363,0.006367075573038399,0.3115428579331197,-2.4963375371961707,0.3614149481274164,3.47426826079182
-0.0057971706716189895,0.007239242910041163,0.004545930711721563,0.006920631878950346,0.43149662472360045,-2.5944780179833526,-0.7391979376145875,3.7400483784627805
-0.005788433009939222,0.0072524712079399326,0.0045240801193825895,0.006934914538495218,0.4349952453638473,-2.5882119597792284,-0.7586030541189723,3.7327554854878113
-0.0057631130339646655,0.007292406692756016,0.004459217755053172,0.006978019893608799,0.44493883689573543,-2.5692019979397602,-0.8163431563690905,3.711084885055904
-0.0057715235851937,0.007279159065479397,0.0044808492165034726,0.006963871794766956,0.441800360518065,-2.5757229478884285,-0.7972473529173502,3.7185805297322614
-0.005779898883024955,0.007265810297004,0.004502391263217344,0.006949392844700885,0.4384728317837617,-2.5819844611158884,-0.7779813813663092,3.725653503240712
-0.005746639680346885,0.007291082389687436,0.0044340712436067705,0.006962479240579044,0.44068228137874393,-2.552306591259725,-0.8193982082985575,3.678325138882822
-0.0057379336466631325,0.0073040132342838,0.004412204129238056,0.006975635194171363,0.4436436515409941,-2.5452512929935946,-0.8378080571632637,3.669768331709142
-0.005729267820660889,0.007317153519892136,0.004390185142243666,0.006989010582077168,0.4466290381208537,-2.5380833769780295,-0.8563653123340614,3.661160613948573
-0.0057207558199307874,0.007330556320010016,0.0043681494391315185,0.007002779836990772,0.44968422536577046,-2.5309195952504466,-0.8751129007030823,3.6527462614325743
-0.005687954945861822,0.007413026001920228,0.0042603723897041935,0.007101506897626141,0.47228444852881873,-2.502603762981714,-0.9859188389080714,3.6331863550972385
-0.005655489872638845,0.00746743643196408,0.004170576237243099,0.007154653773485307,0.48372253593003783,-2.4691321793003707,-1.059547348374647,3.593853370413043
-0.005663412212130968,0.0074537746565677175,0.00419290878157896,0.00714132341533169,0.48096445477620825,-2.4775706589179687,-1.0412512043726008,3.603671641735207
-0.005671424716456007,0.007440115882317559,0.004215286125538529,0.007127932894864336,0.4780999296416088,-2.4859192605130764,-1.0228447866853718,3.6134048463681445
-0.0056796189811920425,0.007426512388120236,0.0042378076525732685,0.007114641770052522,0.47517467689114573,-2.4942764349451036,-1.0043762758065957,3.6232586833281
-0.005679600582164893,0.007398589369414732,0.0042580702147382125,0.007072223996162294,0.46481048826401133,-2.4938052984576373,-0.968481333760172,3.6099184568561147
-0.005688199894853339,0.007385355773790575,0.004280569981414823,0.007059513759130551,0.46213354170401827,-2.5020037872488703,-0.9503970965052165,3.619938641147886
-0.005696252423036022,0.007371714695026972,0.004302437224530264,0.007045563850471046,0.45909974112275526,-2.509438343451984,-0.9317899171462277,3.628420801406546
-0.0057042471973566345,0.007357932093322919,0.004324216568755237,0.007031202840016001,0.45595056996917177,-2.5166100328690977,-0.9129356598507438,3.6364361681948485
-0.005712409153322206,0.007344173594447434,0.004346136380099772,0.0070168764968779026,0.4527991075173236,-2.523759552445483,-0.893998739448583,3.64450931018941
-0.005592618223184506,0.007550342279910066,0.004011823575100811,0.007218516245774356,0.4940755629886419,-2.399584847764853,-1.1672333023281023,3.5002590191444543
-0.00559995052435356,0.007536593255875076,0.004033765210900688,0.007205477980103489,0.4915809005597849,-2.4084537069604526,-1.1497752779228556,3.5104098349003965
-0.005607295000519184,0.007522701198617583,0.004055751719589465,0.007192103077685454,0.4890029090154369,-2.4171759795561556,-1.1320299840446708,3.5202897040530563
-0.005562175093021104,0.007605183012649151,0.0039217757249431434,0.007267974758001931,0.5029228073945956,-2.3613812358842172,-1.235609030849936,3.455078078679847
-0.005569749358439715,0.007591376784306945,0.003944434634333481,0.007255653453385142,0.5007621926893974,-2.371151079390888,-1.2185738466464768,3.466631850995752
-0.005577306230077769,0.007577572257071824,0.003966988096781378,0.007243173564757372,0.49853775748497103,-2.3807416177963456,-1.2014179545219796,3.477916268961611
-0.00558500755291805,0.007563935442117672,0.003989527484835986,0.0072309271898338716,0.49635313235864337,-2.390290515579927,-1.1843636978552894,3.4892850252610295
-0.005622665828632412,0.0074946694729575375,0.004100645321588588,0.007165189079432516,0.4837360583613965,-2.4347905228021642,-1.0959028848868722,3.540511651265344
-0.0056305212582654475,0.00748058428123763,0.004123258987025319,0.007151564603200082,0.4810112186336621,-2.443498060391328,-1.0775837616079171,3.550529894483883
-0.0056384644374941895,0.007466688914213468,0.004145763205673805,0.007138152678811803,0.47833603320115675,-2.4520984384984423,-1.0593956124642219,3.560522784106689
-0.005605200937350674,0.0074945535461835395,0.00407512211728531,0.00714909801325912,0.47916483958061246,-2.4171273131789595,-1.096393736374238,3.506926399589933
-0.005597743723629856,0.007508804641534031,0.004052988951457463,0.00716307383128261,0.48191326941229945,-2.4086797024677593,-1.1144721458405777,3.497492484672655
-0.005554279165667467,0.007618964482110763,0.0038986102581736134,0.007279805908387339,0.5048853646915444,-2.351139189094343,-1.2524427203355144,3.442668954298719
-0.00553139988381587,0.007661513085843726,0.0038287275194354704,0.007316877043674731,0.5110024682931833,-2.3200035860260715,-1.3037646524733815,3.4057873660676754
-0.005538621702071824,0.007647306076395238,0.003851560671542353,0.007304242514567398,0.5088709116130411,-2.330162549963284,-1.286695764587593,3.417552479714072
-0.0055462480909814335,0.007632991180373351,0.0038749689486176097,0.007291702223237945,0.5068038900154014,-2.340564447531818,-1.2694273561945673,3.4298212575992193
-0.005446574848379918,0.007758387826620155,0.0036239377802643647,0.007363274127590832,0.511020829879523,-2.213844486373647,-1.4065385939078558,3.2549137041618263
-0.005456278448867665,0.007744040662544866,0.0036504265221693898,0.007354091322093046,0.5103805469183246,-2.2271521256700733,-1.3914708036804628,3.2724256226616926
-0.005494329939362633,0.007706855670151194,0.0037363117326435465,0.007342270926055041,0.5127004190530303,-2.273140509483635,-1.3543103150754596,3.3405360075191006
-0.0054839758902293315,0.007719331456038642,0.0037106764938477916,0.0073487791403263406,0.5127818655993881,-2.2599634839270304,-1.367659694265248,3.322076417018288
-0.005467379115143674,0.007729824716816638,0.0036786181397022587,0.00734630242574062,0.5101814296429398,-2.241595986285095,-1.3767021458442625,3.292293830884095
-0.005514643181917806,0.007661838890618468,0.003805337149324665,0.007300933675879842,0.5058476721911283,-2.3037057867259367,-1.3013961400684693,3.374347255756962
-0.005506177674575682,0.00767518596084833,0.003781632515679343,0.007310939530142837,0.50717174253283,-2.2924907708042714,-1.3167310732575757,3.3600427432052604
-0.005495972286226528,0.007690476299628291,0.0037537335156434984,0.007321729545274254,0.5083411094959521,-2.2790241813251906,-1.3339815092306597,3.342509875838456
-0.005293780404484401,0.008020749388807522,0.0031643797183391153,0.007528573755866412,0.5164408804347075,-1.9738380158369673,-1.656172514047251,2.950040052653817
-0.0052866564829373965,0.008035532408980304,0.003139860596809281,0.007537958002864856,0.5165985845473393,-1.9605962961222747,-1.669095379476787,2.933901863660005
-0.005273698053058345,0.008045500049991886,0.0031140851029287588,0.007535591538837629,0.513387973876322,-1.945528000739331,-1.673385904482336,2.9102503216889706
-0.005263206855179217,0.008077468951829387,0.0030664488173617927,0.007560311685929269,0.5150566129371495,-1.9201054555029182,-1.7030425424029596,2.882271499108596
-0.005261895783014449,0.008058710972406178,0.0030860885561924197,0.00753800860714691,0.511090020390538,-1.9296553575688773,-1.681667131687334,2.8873976582625676
-0.005297169398382918,0.007985836888930134,0.0032064311481913056,0.0074918257862802455,0.5109519652297506,-1.9943796467812038,-1.6183470786340954,2.9662643124710644
-0.005282193532109948,0.008002915061602615,0.0031706202565492674,0.007495987342365313,0.508591332034336,-1.9743518334079575,-1.6301955824367023,2.9376399824524975
-0.005427207226115158,0.007757448062002653,0.003599574809900596,0.0073428031906397325,0.5041345682471855,-2.196804320130076,-1.3998273389840377,3.2208773500600536
-0.0054187031439915136,0.007772395515716721,0.0035742138190345972,0.007353730623493826,0.5052437969729483,-2.1843952302219685,-1.4155071893261455,3.2054871358151025
-0.0053232050797079305,0.007927959539273447,0.0032987516985925366,0.007450544099034004,0.508646743191122,-2.042490785470367,-1.5642446597532542,3.0231279675607268
-0.00532199518157645,0.007907055688868295,0.003319083300462039,0.007424286786529795,0.5035740538160701,-2.0508840280830483,-1.5396956430541986,3.0258775049723177
-0.0052936108229081165,0.007962159280803776,0.0032276748392269855,0.007460571038320616,0.504806474085158,-2.0033034222650694,-1.5898700999604645,2.9674637550542546
-0.005306832086238511,0.00794244142900505,0.0032640808105325408,0.0074509613432752605,0.5056183751270996,-2.022862485231348,-1.5735667689140682,2.9934265303336804
-0.005411181618501707,0.007800628245561779,0.0035370471724113918,0.007382484328562633,0.5100323807859605,-2.1680795686220438,-1.447411340788981,3.1906307985054876
-0.00540922508684539,0.0077849691664252235,0.0035498542890035336,0.007360481485928339,0.505160087092578,-2.171817387000953,-1.4278380568571478,3.1883836686779126
-0.005395360281641095,0.0078116752455567135,0.003506023786952736,0.007380666995605903,0.5072727157793064,-2.1503220358924735,-1.4554951859314837,3.162424054451941
-0.005378206175209123,0.007823319793466801,0.003472875963525704,0.007378166175589421,0.5042387668733465,-2.1313261729281834,-1.4634699609325577,3.1320859312573783
-0.005328244075981401,0.007888026048327343,0.003346172126256528,0.00740767830982092,0.5017275229130603,-2.064089744014952,-1.5203749457996343,3.039769400275727
-0.005337207293261567,0.007869905562573437,0.0033754928216477597,0.007394689183552014,0.5007942706979794,-2.0789091673305644,-1.5029884866657641,3.0575820779585086
-0.0053635803885192,0.007835991691518796,0.0034420202182065397,0.007379358345528947,0.5022073724103189,-2.1141485551888652,-1.4732769477986503,3.106027968977911
-0.005348013992759571,0.007852172755326814,0.0034065984173848123,0.007383796914514002,0.5004928290935796,-2.0949095590424966,-1.4865134598113594,3.078085712419704
-0.006020517979210122,0.00697283584088836,0.005045180380496866,0.006632360809570726,0.36011233162764555,-2.720786797365941,-0.3046414999527425,3.90979725756702
-0.006030047672386858,0.00696034894823781,0.005065978714009888,0.006616487999072271,0.35676779586227764,-2.7234108891942985,-0.2839937310814737,3.9125616609430964
-0.006014196555998306,0.006958189490365655,0.005039004608004737,0.006602765983218954,0.3483140225707548,-2.708957784617454,-0.2899489167375661,3.881851075820441
-0.0060396165473467316,0.0069478920549970475,0.005086748167403508,0.006600533732332069,0.3519073652912929,-2.725903663516642,-0.2632824071372518,3.915091589484739
-0.006023729466272859,0.006945678298179293,0.005059632539543855,0.0065868423914872765,0.34409696481257074,-2.711441097136468,-0.26947104599377725,3.884431741392406
-0.0060492245102820915,0.006935465283302503,0.005107474491678758,0.006584508950682084,0.3465177011346559,-2.728229758043392,-0.24253851085698563,3.9174455820953824
-0.006033325176943636,0.006933193618513164,0.005080249000275994,0.0065708643161493776,0.34017749535347935,-2.713774493745193,-0.24898020610771074,3.8868641598657026
-0.006137439443456894,0.006824999850860255,0.005291615143022962,0.006437457954086898,0.30562972911154407,-2.742009079865794,-0.055184358702906465,3.929842110352966
-0.006121651012831836,0.006822143824585309,0.0052639078633212035,0.006424203101733012,0.3025056385269476,-2.7273081889492055,-0.06414649944032835,3.8999198618210644
-0.00612748398129326,0.006837150069184488,0.00527136834750738,0.006454047534462648,0.30977680570618754,-2.741264530791367,-0.07592981530560504,3.9291721270506916
-0.006117566743455817,0.006849331498161108,0.005251054471218577,0.006470585733134591,0.31470907169653084,-2.7402812120348785,-0.09675391237902341,3.9283156767574448
-0.0061016653062104876,0.0068465261076993906,0.005223324957267559,0.006457059033031401,0.3108106988630172,-2.7253478999351337,-0.10517033628690307,3.898195371650704
-0.0061076878276121105,0.00686154401772447,0.005230682620442829,0.006487064977971596,0.31990031972095523,-2.7390603693608457,-0.11763368742820925,3.92728880053294
-0.006111636899355796,0.0068343059494658425,0.005243641026856171,0.006440639587426199,0.30673250483749226,-2.726392275511547,-0.08465265694981529,3.899138079400061
-0.006091746732046201,0.006858802788132885,0.00520297644592569,0.0064734647514849706,0.3148417354155512,-2.7241744296822055,-0.1257037169046937,3.8971044011787295
-0.006097847331006403,0.006873787507563485,0.005210256724336826,0.0065034819799713395,0.3252165038010219,-2.737621635250127,-0.13854375013808762,3.9261041274132293
-0.0059092513639708525,0.007124973809367006,0.00479163534842768,0.00681779194096777,0.4072740179726551,-2.6765772984008342,-0.5507275372510796,3.860435101278084
-0.005893265573419991,0.007123443201766544,0.004765418275506199,0.006803346791970192,0.4003593823679887,-2.6614618861475776,-0.5538118667049933,3.8291953845905162
-0.005918303733587968,0.007112136501017047,0.0048130092985828885,0.0068027198349010385,0.40479206435866183,-2.6811593473989195,-0.5304304518101359,3.865642207681185
-0.005902331001132212,0.0071105637290510395,0.004786754152932734,0.006788323669978427,0.3962668521901995,-2.6660740424150116,-0.5337132907480662,3.834424261068135
-0.005927396369816588,0.007099327720783186,0.004834357756455601,0.006787564944357389,0.40077871012005234,-2.685626254981073,-0.5100442448386826,3.8706044815812075
-0.005911403103347521,0.007097691421185933,0.004807998724801911,0.0067731770974910135,0.3922321199048891,-2.670500205425677,-0.5135441071041661,3.8393806246244324
-0.005936529182831806,0.007086547594687288,0.0048556823525896745,0.006772326046157889,0.3953343047722109,-2.6899544955333745,-0.4895735738243417,3.8753858899385745
-0.005920524080947666,0.0070848367713058,0.004829212107423848,0.00675795460551669,0.3886058876369303,-2.6747679137092466,-0.4933370962731302,3.844161198184757
-0.005945702090780215,0.007073796236880272,0.004876953153629578,0.0067570245190962325,0.3904456537776448,-2.694083834805749,-0.4690882584850126,3.8800351923807868
-0.005929726521802043,0.007072028414348552,0.004850435161855667,0.0067427230472568685,0.3850987493534304,-2.678904677314158,-0.47312911018929066,3.848838544266084
-0.00582359088254115,0.0072000093218401165,0.00461099655501633,0.006877808178326151,0.4213432673923739,-2.6124170059047356,-0.6809593265820951,3.760982818019682
-0.005832293913373791,0.007186869313557365,0.004632362259027023,0.006863067229503582,0.417802100990095,-2.617865833637864,-0.661399130130052,3.7671402741277373
-0.005841108285099098,0.007173785728268982,0.004653778777489822,0.006848360829965375,0.41419943976400203,-2.623242063710902,-0.6417932089383208,3.77326847986579
-0.005876885098599706,0.007121764370439945,0.004739145069069003,0.006789016522711077,0.3995283987616667,-2.643333977965004,-0.562886857107388,3.796137916771517
-0.0058499787798562,0.007160779593908887,0.004675147807958941,0.006833681682065281,0.4106359275502886,-2.628495865663039,-0.6221853117669607,3.779278930031405
-0.005858828666215857,0.0071477632945991425,0.004696390441840014,0.006818829467373559,0.4070231857161208,-2.6335203187768443,-0.6025235547334687,3.784951529575286
-0.005867772252488084,0.007134728187564189,0.00471769620109063,0.006803873874178755,0.4032853666198282,-2.6384302823906154,-0.5827405295274571,3.7904972384210684
-0.0057892077167992695,0.007224393120945273,0.004541783593401127,0.006890582106412108,0.4240526168802628,-2.583402729768157,-0.7239742928500784,3.713790370463069
-0.0057983051966215325,0.007211520767399268,0.004563707617454013,0.006876979654908672,0.4208463016202127,-2.5897322020489804,-0.7050060013624231,3.7215169862154984
-0.005807113756172936,0.0071986039195708,0.004585105983575776,0.006862941475383369,0.41750848748785635,-2.5955681883116792,-0.6860183611831765,3.7283848258220753
-0.006147433031857422,0.006812880963004881,0.00531179167201971,0.006420819724581992,0.30259174799931327,-2.742546205529424,-0.03451135574170794,3.9302894986509984
-0.006131685849618128,0.00681002865560109,0.005284092368182326,0.006407719536003844,0.2979748622804567,-2.7280751254834037,-0.04363906347214089,3.900489903992227
-0.0061574646479853655,0.006800793525181948,0.005331915781221764,0.006404118169794293,0.29951024765171097,-2.7429304731219397,-0.013852375275565943,3.9304706265634883
-0.006141720748755383,0.006797933327530387,0.0053041649737418615,0.006391133989966359,0.2932151178111409,-2.72865985977591,-0.02311079181171335,3.9007809970522405
-0.006167534192912689,0.0067887376566984434,0.005352008175167806,0.006387336071483669,0.29489208524552113,-2.7431904168945227,0.006849703039495585,3.9303941011734804
-0.006151767083137434,0.006785842705768164,0.005324145545895278,0.006374429082068262,0.28863666867727306,-2.7290559339449127,-0.002559595596905413,3.9008045821781034
-0.006177641567294448,0.006776713476601134,0.005372057612335804,0.006370482763611435,0.28967658911728544,-2.7433064642600944,0.02757793762819226,3.930126663061582
-0.006161863275564574,0.006773775121560872,0.005344094706920981,0.00635765497214491,0.2843706129595964,-2.7292908998951035,0.017991919224706113,3.900653597087637
-0.006115628417519768,0.006806875405522317,0.005256510089302308,0.006394502390480248,0.2981999775231039,-2.7119808951685838,-0.05835312406460808,3.86984405759469
-0.004728711753074232,0.010782187557916037,-0.0011571028084562025,0.007852428280257333,-0.06963488785394412,0.7312155347959309,-2.3262636110683794,-0.1199625590059893
-0.0047632772766631,0.010587646039753096,-8.893577598641994E-4,0.007963426497800187,-0.018696871161445874,0.5502012604354521,-2.392511070920687,0.08422280492076227
-0.004740248823053757,0.010557649441422942,-8.379942909639461E-4,0.007947333647945582,-0.011894443254513389,0.5152733333977774,-2.37895249811632,0.11109526023640122
-0.004753825141773315,0.01070947713355304,-0.0010636444329275017,0.00790950004938308,-0.0510697233068823,0.6674758286504404,-2.362437769796571,-0.04269716546839015
-0.004765815334505246,0.01065309558709922,-9.86282512401884E-4,0.007943856177217809,-0.03610092895159694,0.6153375397847552,-2.383122041009885,0.01701692407846388
-0.004767380522082412,0.010681539404525748,-0.001028348459707785,0.007935135153485214,-0.04344749940098241,0.6436211491801517,-2.3788407438326358,-0.011977626897710592
-0.004744686602912167,0.010624770094734495,-9.375425382164218E-4,0.00793045149060658,-0.029478310459499755,0.582266745610737,-2.3716231717114593,0.04274132376832318
-0.004712183615336408,0.010714897849494417,-0.0010552017902253684,0.007861877336294912,-0.053535283008658174,0.6617420344854698,-2.328541326897511,-0.054070291832427626
-0.004702941974254863,0.010746200456771406,-0.001095737685010139,0.007839456190923223,-0.06128403125189042,0.6894766287816231,-2.3144170163107245,-0.08691937615366435
-0.004686770959113244,0.010772787689687771,-0.001126280360078809,0.007811137971032596,-0.06796075361385286,0.7104327356603679,-2.295613311243478,-0.11548917862700644
-0.004784826120647943,0.01020543164295151,-3.170126240143438E-4,0.008071489094689967,0.09106695811623977,0.17314098187292262,-2.4407786390621737,0.48977124587638476
-0.004780828979350649,0.010234337974778225,-3.6090958247029305E-4,0.008063444369792025,0.08220264520011324,0.20151275582204306,-2.4373259344118576,0.4581331112258364
-0.004784158381173236,0.01015059394205188,-2.3254393953313858E-4,0.008076120094190566,0.10668743392768433,0.11785633487646018,-2.4397895100057347,0.547668423484078
-0.0047964498941145935,0.010053608000923525,-8.329359120042651E-5,0.00809551830206928,0.1364614345735082,0.02191738622389607,-2.445853427099069,0.6542989114678455
-0.004800571653530982,0.010083320836165428,-1.2955374933798982E-4,0.008099116765002476,0.12878434355251236,0.05250357678804104,-2.4507609977581857,0.6239553872402342
-0.004781461295968982,0.010124697529090327,-1.924473224134479E-4,0.008075016186914872,0.11362789579346626,0.09138876390006316,-2.4369709513941,0.5743160434423972
-0.004780166287044825,0.01010032198639075,-1.5482087459828045E-4,0.008075047471411821,0.12031653340027426,0.0666678233451775,-2.435051427192224,0.5997524851329644
-0.004756167817642033,0.010189063334008673,-2.888509261658475E-4,0.00804086594784093,0.09141803492917257,0.15193709919165968,-2.4178488339909694,0.4993490256237831
-0.0047542908803653305,0.010163113213083655,-2.491483821578523E-4,0.008041258029471697,0.0983711836751452,0.12567820060744797,-2.4160814480447717,0.5261191469239456
-0.0047784722301061275,0.01026539880926862,-4.081423233162097E-4,0.00805648372016232,0.07295921605809523,0.23228256831758928,-2.4347851680089874,0.424711576422864
-0.0047846811280865004,0.010302973197902049,-4.665735653441902E-4,0.008057602132842458,0.06293425546877546,0.2710545333395535,-2.438399783990356,0.38666240860464945
-0.004759564385204505,0.010376532020865484,-5.73513982829321E-4,0.008015469542355052,0.039211048842521024,0.33982182573271574,-2.41416744041862,0.3034109529969465
-0.0047220132567630515,0.010527049482074788,-7.877271341183041E-4,0.007936278830111944,-0.005024688791661951,0.48106631147334367,-2.36884955306072,0.13927018869312346
-0.004729407582174489,0.010495625739862999,-7.436898499544321E-4,0.007953258460329305,0.003957536775375327,0.45173879561894864,-2.378712587286312,0.1731173739579223
-0.004732253870771777,0.010464394733580447,-6.983548124849066E-4,0.007964641064234099,0.012553194004783967,0.42151987325258183,-2.3845554194630343,0.20599785493136283
-0.004733493055923976,0.010432291071298254,-6.510926653526824E-4,0.00797391959100117,0.021340214881736038,0.39004633367716784,-2.3888033907748003,0.23952353304998794
-0.004730003703116527,0.010396497084046614,-5.971049340736532E-4,0.00797818221402329,0.030801661586463126,0.3539045713648176,-2.3891882305766257,0.27593502061558234
-0.0047591733221566575,0.01033328758005662,-5.081791980101827E-4,0.008023502194363099,0.05130785289159256,0.29663663502400167,-2.4166458139549714,0.34858988778510636
-0.004919308923845571,0.00915371329642312,0.001335955063379215,0.00803363501768825,0.38266635665080123,-0.8806414009360527,-2.3108351066344874,1.6623323844029236
-0.004917051095833756,0.009175972374775156,0.0013015561199676193,0.008041631211258025,0.378589250057662,-0.8585762474039473,-2.3197377853155574,1.6383943982453952
-0.0048991094175511035,0.009261616478659272,0.0011645515893371797,0.008059092982501764,0.35792600295120686,-0.7724450003425735,-2.3434017965299314,1.539464080887037
-0.004905551592744613,0.00919441340049367,0.0012685816896168144,0.008036982366419405,0.371303418283881,-0.8392706615465473,-2.3184619814293264,1.6119360579483735
-0.004896945746444187,0.0092186089045497,0.0012284265062365398,0.008038030999623004,0.36423904770366217,-0.814702853403615,-2.3222184981008014,1.5817908936316831
-0.004890872403518168,0.009240313473695248,0.001193171754054,0.008040576191344868,0.3584203001062031,-0.7928403629089841,-2.3267476464643577,1.5558529633993976
-0.004857450716232487,0.009663259381128386,5.316016740693793E-4,0.00813385371381739,0.2575228031298517,-0.36762604234483753,-2.4403483561282955,1.0942931260617554
-0.004879421471508594,0.009283020948150995,0.0011240845570250123,0.0080453614799145,0.3469864334483029,-0.7499400744820723,-2.335374380204954,1.5051720914081028
-0.004871389879527039,0.009315001360338308,0.0010726236290924008,0.00804888084129156,0.33833214261654526,-0.7178553576576764,-2.3416905806989763,1.4675792035750475
-0.004870001368063752,0.009347165575349701,0.0010233880014752037,0.008059491394520876,0.3319577015951533,-0.6859625004569868,-2.3533230963765495,1.4337796647211083
-0.004859114137834553,0.009380801023158778,9.683905724469095E-4,0.008059151843990671,0.3216041800399529,-0.6521641517294027,-2.356744342189048,1.392836526112033
-0.004851104098435517,0.009403573041889064,9.310324678751334E-4,0.00805783539662925,0.31441098729071154,-0.6293481744029702,-2.3582044383896426,1.3648824728605078
-0.004838385675776463,0.00942233387159852,8.983292593630073E-4,0.008049548161022274,0.30645866278498163,-0.610380994998363,-2.353992431818139,1.3384597733508505
-0.00485965122433837,0.009529808439469252,7.399362130507742E-4,0.00810579709329505,0.29033825504301464,-0.5028042948643803,-2.407080936408441,1.2373635636921643
-0.004846485336007918,0.009501144589278967,7.805141980559472E-4,0.008082802210160668,0.2924156111559095,-0.5319029137671211,-2.387058389201987,1.2608969049810101
-0.004828805915243359,0.009447474833975187,8.571558893707122E-4,0.00804665730970069,0.29815563975181375,-0.5852813701057754,-2.3545177711943968,1.3073873570314627
-0.004820808881097109,0.009473091467765558,8.158811467704334E-4,0.008045360856192695,0.2903460110765174,-0.5598039141134777,-2.3562644499694163,1.2767750776849682
-0.004843114687857634,0.009621129929885808,5.943698413102052E-4,0.008108786170767176,0.26368969255950464,-0.41112881993908384,-2.4180093803985194,1.1327312247953811
-0.004839252820839107,0.009644889002889727,5.566749076877753E-4,0.008109303221845738,0.2567706647999353,-0.38734594272705036,-2.4205953901933888,1.1058098772276832
-0.004820082345676521,0.009600003678682106,6.219139485284976E-4,0.008077751439316607,0.2618919417253141,-0.43337144115229537,-2.3930616954923924,1.144394390871806
-0.0048295835948726626,0.009573701830150036,6.645659697225958E-4,0.008082460621556925,0.2708436457658064,-0.4594423888964964,-2.393994277716548,1.176479386358528
-0.004842394662472203,0.009550439559782681,7.035625139969025E-4,0.008091359475223018,0.2801395972978536,-0.48245363173382566,-2.398338599700226,1.207111576633408
-0.004841912653761434,0.009688759939123909,4.888899578713474E-4,0.008120656474769367,0.2465898112662199,-0.3427687730147651,-2.4329419586472727,1.060281049797899
-0.004831047143230666,0.009715807717738978,4.4491159669742176E-4,0.008112748914455127,0.23664566117139388,-0.31612889200780364,-2.4295826124213877,1.0268416001779046
-0.00482418479201318,0.009745426530599986,3.977799256501548E-4,0.008109410606244755,0.2271544361634498,-0.28668740149804955,-2.429791645265238,0.9924897773512115
-0.004819570629779463,0.009775979891816748,3.496257545125069E-4,0.00810827676584847,0.21800028507060568,-0.2561594536078935,-2.431680417066047,0.9581167380773822
-0.004819646238850987,0.009807944491997872,2.9987772321650674E-4,0.00811214712676573,0.20956910333214646,-0.22382314510684687,-2.4372843660432006,0.9241169885445997
-0.004808910109719476,0.009834991075894133,2.567122152252232E-4,0.008102611669568759,0.19971417165423,-0.19748213175151408,-2.4327546945214404,0.8912456669030976
-0.0048017888733607695,0.009858431718547308,2.1970933326308188E-4,0.008096528318612913,0.19173826852683418,-0.1745107957900651,-2.4303988800641467,0.8636821364389139
-0.004790187856255746,0.009885466624842975,1.770094992314811E-4,0.008085284213909331,0.18186002349988795,-0.14842082441312374,-2.424605541769381,0.8307366191848659
-0.004791704731395234,0.009917806209245069,1.2709338748648303E-4,0.00808884027806757,0.17334502407191363,-0.11568167949122511,-2.429897998541906,0.7969981473629781
-0.004799151187942846,0.009946780858517147,8.247925358487571E-5,0.00809847001193023,0.16707866682837189,-0.0856248628706281,-2.4392248764210844,0.7688324074094143
-0.004781924067137674,0.00997099240031698,4.458753633336165E-5,0.008079441390885055,0.15677713989522304,-0.06324703755388446,-2.4276443278105444,0.7372766757867583
-0.004771873465861042,0.010000643036650618,-1.1744562056451196E-6,0.008068310014293223,0.14661473142845252,-0.03468653473275358,-2.4221608018171565,0.7026142868263102
-0.00476554233100311,0.010032381508523591,-4.986350988076351E-5,0.00806089286079593,0.13665119008286974,-0.0036562557060527026,-2.4194826910264164,0.6670909812708676
-0.004949629548220154,0.008999084252387194,0.0015804495826698837,0.007986970050507346,0.4141245861308333,-1.0346437189965398,-2.2539122259604105,1.8369775720846973
-0.004940022031746147,0.00902379763451344,0.0015389049451158092,0.007989915942425792,0.40758023807717697,-1.009324888261624,-2.259758494357511,1.8055593145876234
-0.004934604610745843,0.009052422709447278,0.0014939400044022015,0.00799940967094466,0.402132398625194,-0.9810127449586687,-2.271090870542645,1.7736318138120915
-0.004920519296703556,0.009080284676927244,0.001445462624808669,0.007998119809393278,0.39308660277534835,-0.9520630851642741,-2.273952693483933,1.7358746776195588
-0.004911236146536698,0.009105857518001937,0.0014029976389261752,0.008000705757713429,0.38618874452575813,-0.9260915284726042,-2.2793791145735622,1.7040029827544225
-0.0048998356477282885,0.009133618915335281,0.0013563191637788864,0.008001580386081647,0.3780137780347102,-0.8977694368651149,-2.2837018081069833,1.6685108989002877
-0.004931238039243644,0.008977895995629107,0.0016006147552326511,0.007953829592257712,0.4087983951165563,-1.0510708909245698,-2.225428554375263,1.8422872510744364
-0.004949324090772194,0.008923662872665631,0.0016893600467288263,0.00794200493597845,0.42107765803900793,-1.1055111771905286,-2.208001208549545,1.9078454418039386
-0.004953160021242657,0.008895781919833567,0.0017315456158094923,0.007929064201713583,0.4247912031366495,-1.1321356977338812,-2.193661803438659,1.936730599986263
-0.004913139077655561,0.00895575812225546,0.0016217548127487637,0.007920436666809067,0.40372326180728363,-1.0677913537045551,-2.1968050175424776,1.8482305331494053
-0.00492447762894461,0.008933917649067539,0.0016596144979638898,0.007920163181050056,0.41024005353229437,-1.0903484517299737,-2.193158431578831,1.87756140546005
-0.005015796625488566,0.008768816430768423,0.00195289772827851,0.007915475549764808,0.45853307799684234,-1.264877319148377,-2.160922973819052,2.1080992154909297
-0.005013510568857612,0.008785351726861046,0.0019280266650037266,0.007924470626205443,0.456817941707191,-1.249225834830783,-2.1708456126525575,2.091290304596907
-0.005013866152468922,0.008803326554559746,0.0019028450393867402,0.007937312123763366,0.45629471764242097,-1.2329340822204582,-2.183897333635747,2.0755862869143615
-0.005006304173951715,0.008819482886963733,0.0018747569047736204,0.007939694025734335,0.452087335692166,-1.2159466450567586,-2.1886524952264494,2.053850942464796
-0.004991963911281056,0.008859081650848713,0.0018087580991181572,0.0079496599836408,0.44379709103778175,-1.1755809585295998,-2.2031858994277127,2.004572778091486
-0.005007448666359792,0.00884080786560655,0.0018451073015728835,0.007955320616467558,0.4516009444715228,-1.1966042423330354,-2.20431106088083,2.035544860908878
-0.004955744080966193,0.008860828430034665,0.0017827315280806604,0.007909704684956846,0.42828861980992405,-1.1647767475034503,-2.1731688219133605,1.9706948796873187
-0.005019723504123244,0.008751143839847448,0.0019804571376114536,0.007907373806022086,0.4608104860366407,-1.2820007571923877,-2.1513963293588776,2.1274061954511834
-0.0050504452879782885,0.008670238729443402,0.0021155175180373,0.007882346713676894,0.4757069764047781,-1.364121002473649,-2.115944194115064,2.227782499490196
-0.005024451524194502,0.008732004848767494,0.002010580283583476,0.007898930180969703,0.46339675102106,-1.3006234896358662,-2.1412627302731484,2.1486697702772592
-0.005030781722567335,0.008711289671412057,0.002044005085195826,0.007890920297999026,0.4666093856536832,-1.3211139330532335,-2.1310533022538283,2.1727924439344792
-0.0050392585963671115,0.008690252519141817,0.002079432305208684,0.00788484161471041,0.47065047485339623,-1.342580125272981,-2.1221183724674018,2.199303584701479
-0.005037453816530426,0.008645939710798377,0.0021387561587316154,0.007848968143364983,0.47018387262118294,-1.3803492804457618,-2.0859709287513195,2.234022936798075
-0.005036060812590201,0.008596214184507171,0.002204599763444373,0.007808234093197038,0.4691173010455229,-1.4217052696178738,-2.044924972944447,2.2720243617007756
-0.005019219043787315,0.008622038023196495,0.0021567685648616448,0.007809962782825363,0.46223676673430864,-1.3936503417396866,-2.0521982989136336,2.2339532615460347
-0.005015558162326974,0.008567130874505129,0.002226516701219421,0.007762154561638785,0.4601129390338375,-1.4369621812435283,-2.0051843711492467,2.2720339300747443
-0.005027626952351157,0.00854391027007462,0.002266702302052438,0.007756419496011091,0.4646904314858887,-1.4605834342265627,-1.9953905767454299,2.3023300631010826
-0.005219939805937756,0.008190397793828194,0.002888712564291342,0.007635839798048141,0.5156523039534893,-1.8217100157950412,-1.799089863955581,2.7679857021587813
-0.0052035738579103395,0.008168235845104519,0.0028976315119621093,0.0075949886897985945,0.5055892002249553,-1.8250719602384822,-1.7655127872500904,2.755313008926326
-0.005247799412927398,0.00808949839125604,0.0030357881388916423,0.007557286399543689,0.5109645481010218,-1.9022116507697284,-1.707577760352464,2.8542247644774648
-0.005235102693284588,0.008105672003585454,0.0030035145046615756,0.007561553590106921,0.5086184153699583,-1.8839762304884964,-1.7178650204225232,2.8287696075986752
-0.00521725232873761,0.008146357519835546,0.002937550046501605,0.007586421358202111,0.5079144933968984,-1.8475950103422745,-1.7508163947876532,2.7850532396819196
-0.005224913909156002,0.008123425645210524,0.0029721858257389174,0.007569991932335755,0.5074414939326202,-1.8664978660843923,-1.7309915905847573,2.80624515073487
-0.005207483064870355,0.008216396592987505,0.002844728215920348,0.007649356155946351,0.5139839757736065,-1.7967345651854436,-1.8182735444552078,2.7370113377408174
-0.005187346452987302,0.008234703149458199,0.0028021250795088504,0.007646264174243557,0.5079950044829777,-1.7719206585340983,-1.8239720573996792,2.699165904788206
-0.0050243675338748055,0.008514254960510545,0.002302386548828008,0.007728197719236629,0.46238940073923596,-1.4824417530919514,-1.968188733926239,2.3201481440848926
-0.005038922620381028,0.008480468997059237,0.0023580094482849017,0.00771536352830907,0.4671304618095517,-1.5150194862215407,-1.9503606260630537,2.3601539202798025
-0.005168961193172422,0.008254297070330855,0.0027599795547888595,0.007646150660135292,0.5028307931028108,-1.7475134443971145,-1.831633209328989,2.6633159493764444
-0.005052815225108256,0.008450582247917277,0.002408038762794258,0.007704532200634302,0.4714265409235134,-1.5442228452139304,-1.9346803724493389,2.3965480871783487
-0.005067307299100284,0.0084232375946572,0.002455365824473883,0.007696061794486703,0.47587344493671707,-1.571706576827265,-1.9210698322707038,2.431772588849867
-0.005151565503125505,0.008272517644180388,0.002720677983761522,0.007645493168403683,0.497697098791164,-1.7247544633471243,-1.8382010504186284,2.6298355413318233
-0.0051362960369266,0.00829550719884359,0.002677830862320744,0.007651555457636384,0.4938811553363685,-1.7000966192771865,-1.8504287590056452,2.596618467550689
-0.005124959160855991,0.008319718463707623,0.0026373216292189684,0.007662687150830553,0.491592373896423,-1.6768650825368148,-1.8660404063928293,2.5678194513924772
-0.005084124714343878,0.008398599533370061,0.0025014442122099517,0.00769209755336226,0.48116286060204416,-1.5983717107012152,-1.911000099564884,2.4680102195434768
-0.00511744992190205,0.00834773754222073,0.002595654572027944,0.007681175600009272,0.49107834289017654,-1.6528758286165925,-1.8874825904926524,2.541318674400682
-0.005100211412337305,0.008373893301339945,0.0025470575437820816,0.007686890182447267,0.4860190814280538,-1.6248011632025527,-1.8998019734618337,2.503519802325304
0.005180284972424377,0.008015258558540433,-0.003042780836338413,0.00740614420702814,0.47289495430334716,-1.894477411061014,1.5930027371357791,2.7832283964203435
0.00519092446132153,0.007986578068300469,-0.003084697359703843,0.00738491871892537,0.4722795824415321,-1.9157589716400634,1.56828819432698,2.8071735626513834
0.005189094410616489,0.007956869185696642,-0.0031133665895902024,0.00734983249686184,0.4663261120364756,-1.9283539914153496,1.5363807368088895,2.813254739536997
0.00519576248642013,0.007927085391339366,-0.003151147117476969,0.007322622508283887,0.4634092500403531,-1.946290958542394,1.5081522278686335,2.830497277862925
0.005208615704237989,0.007894462735474913,-0.0031984125869635185,0.007297637383777666,0.4617952190288512,-1.9693339640941316,1.479205813778287,2.85644509228173
0.005152039295923337,0.008095195323946617,-0.0029259400916076795,0.0074641548991842225,0.4753242658151279,-1.8336077055891127,1.6605617997654,2.7150028817782217
0.005134583207528152,0.008126058510484214,-0.0028734503560903946,0.00747886776517341,0.4728807299249102,-1.8052285389540932,1.6819791915740747,2.678903553517671
0.0051291945219020686,0.00806356524531478,-0.002935982241528527,0.0074075821236386395,0.46214980960954727,-1.8355984258336413,1.6166255397182516,2.696480302129426
0.0051474433298937415,0.008029581569234574,-0.0029917315657618368,0.007389195130554722,0.46385648715985933,-1.8649677711642165,1.5915975057232754,2.7331212723993095
0.005099162296948558,0.008133000931209259,-0.0028290891945986127,0.007450180728754886,0.46092950656884385,-1.7788823505587243,1.6692145879491493,2.6292528442039687
0.005021573760642699,0.008343232321197899,-0.0025120288736118143,0.0075750682824669065,0.45254656286205636,-1.6047734770400999,1.818284006594707,2.4273665714234247
0.005013204400435704,0.00838144313827522,-0.0024585116912752675,0.007600972244272477,0.4518383733929086,-1.574508378282058,1.846332656302511,2.395016080959088
0.004976183761540307,0.008396938673615293,-0.002406925301598283,0.007576125228477921,0.4387721251151988,-1.5453483449042624,1.8349324270676186,2.3437061346575274
0.004976334299732785,0.008431916424105231,-0.00236467513460252,0.007606790655649357,0.4404354960516395,-1.5211516076284897,1.8645572096456942,2.322225885374559
0.004974649504716708,0.008468701491071458,-0.0023179914272653834,0.0076364982946390565,0.44131817231875914,-1.4941069457328962,1.894053208709467,2.2967042299983866
0.004953860285027793,0.008503210877412052,-0.0022576808487925018,0.007643411788837598,0.43423510580579433,-1.459518390136238,1.9076013153826328,2.251428649675922
0.004899787196694033,0.008616876170137464,-0.002071313941061037,0.00767636886329566,0.41496995730399805,-1.3516455385301365,1.956821126415204,2.1169731146228625
0.004933939046176685,0.008528781863719581,-0.002209464563027555,0.00764330759401683,0.4271928256821292,-1.431996760473069,1.9138904822155027,2.213297407758585
0.004923534830250013,0.008559619172940326,-0.002162406676339369,0.0076570408503393705,0.42386599703169814,-1.404666068740931,1.9305763630948003,2.181420543911033
0.004895551121061581,0.008579613943873497,-0.0021152626076933237,0.0076432544331143945,0.41328967333330685,-1.3782749555232796,1.9258262644493087,2.139474706719012
0.0048751650240997525,0.008682661860125594,-0.001968455099397358,0.007699023228582894,0.404690296893322,-1.2911957184198994,1.9865391263074736,2.0448161791903625
0.004831022883743493,0.008704706951448352,-0.0019085407363395107,0.0076680599586907506,0.3878799573268679,-1.2586553358161192,1.969225150423336,1.9881103375827067
0.0048644743402529115,0.00864105821981354,-0.002013991128000974,0.007657240015731104,0.4015786317153332,-1.3197288323025271,1.948905602333834,2.0658005433286406
0.004941190197844459,0.008414050326780874,-0.0023559084312790436,0.007554895341185115,0.426653329449526,-1.5168435142094232,1.8261856515698713,2.295239485506643
0.005050089685614552,0.008286806139584987,-0.002605405736680107,0.0075520738073256094,0.45895689240389853,-1.6572588034538926,1.7856811295936588,2.492993086406439
0.005017893757979985,0.008303335020667721,-0.0025557571521622638,0.007534386014947147,0.44827248396868385,-1.6289751533180163,1.7804148093804357,2.4455503421950238
0.00505425276708539,0.008250966851739238,-0.0026511364364912686,0.007522053885003928,0.45730033439298917,-1.682269746486105,1.7552159867182622,2.516947509558189
0.005061768173864763,0.008216355427879405,-0.0026981262122302736,0.00749605017137302,0.4565670736395215,-1.7078253819979319,1.7274193462908187,2.543571204385041
0.0050698580799372955,0.008183143829295947,-0.0027436411616754007,0.007471388107686473,0.45611451703334277,-1.7322942713438876,1.700849084850798,2.5694665811017736
0.00506566618066576,0.00814676094252985,-0.0027798140820426242,0.007430645997304125,0.4505759127882784,-1.7505474926430054,1.6640692140058704,2.5805972946181654
0.004802356506958222,0.008804710721253042,-0.0017594217363002885,0.007705549615504183,0.3733215267415773,-1.1698321898786108,2.014260508805659,1.886137183030815
0.004792212182017457,0.008762363778952061,-0.0018077449315445908,0.007666905170263741,0.3719565671461016,-1.2006725878436548,1.979390413219533,1.9107339814503541
0.0047907090467369465,0.008724023661159786,-0.0018558223001160952,0.007639325968269105,0.37300056578363794,-1.2301919252718205,1.9529693658019769,1.9384892254386232
0.004764865952582802,0.0088285769905765,-0.00170422102057007,0.007681303292296165,0.35884574848084605,-1.1397004923988723,2.0011734175123337,1.8366183454947254
0.004675385486748932,0.009468775081807629,-7.794113432441837E-4,0.007881959269606676,0.24799276842091972,-0.559490597186719,2.234655131403406,1.2057353623502791
0.004642819492432408,0.009505619353506781,-7.175673443037229E-4,0.007856839692350818,0.23215122385880546,-0.5235762236327255,2.220236699981466,1.1538811887479883
0.0047098732718605886,0.009398772363095009,-8.908505618855294E-4,0.00789794853301659,0.2708826430144882,-0.6272007524981058,2.2385174761294944,1.291687322785453
0.00467936677627584,0.009426354511876947,-8.41408908429349E-4,0.00787344679395558,0.25693115810131995,-0.5993596758505165,2.2236084003443164,1.2487113041197937
0.0046352388752464125,0.009648953446888021,-5.103476846434429E-4,0.007881742603159153,0.20156892759711467,-0.3884884019777741,2.253761526418444,1.0107722339709158
0.004640471155394488,0.009603772099337802,-5.764482984027905E-4,0.007878174630430413,0.21228763239959883,-0.43123103085281894,2.2464520521928404,1.0573647715119516
0.004608853391157785,0.0095732989830057,-6.12872488634113E-4,0.007837066677742926,0.21059441711318336,-0.45924110596159506,2.213049307957812,1.0724451778816728
0.004605616629529545,0.009533588594071236,-6.682121944368635E-4,0.007823969909250194,0.21728356654649475,-0.49601784240132646,2.199130439570487,1.1089859538355462
0.004776630988654759,0.008898386642664282,-0.0016195380512315678,0.007736770944891099,0.3579174176245476,-1.085614793722102,2.0524621772437226,1.7894902927541574
0.0047495414803632174,0.008865454168413759,-0.001646596726908846,0.007688131369740738,0.35113522671265013,-1.1055199664268702,2.0122489695385615,1.7950384166524633
0.00474774991719429,0.009063156286813413,-0.0013803130455803132,0.007797481595764842,0.332338430826109,-0.9379273344800091,2.1216705076336244,1.627114254968941
0.004751935052435144,0.008941112047949056,-0.0015480301627922002,0.007735574567148694,0.3460583630523794,-1.0436450007984168,2.0584386432709247,1.7350506254663938
0.004745042190415714,0.00901779161500645,-0.0014408835864404628,0.007770801031881629,0.336462499638769,-0.9768176346085121,2.095634377513846,1.6648085280580325
0.00473524748720361,0.008980083144017957,-0.0014864567983054768,0.007739814175392488,0.33665323051114926,-1.006840616907579,2.067496381724902,1.6899058918745253
0.004720552016126155,0.00927793911663297,-0.001067637534866003,0.00786563061822976,0.294340669710846,-0.7405636829328263,2.2002457872232166,1.413188539155781
0.004704476277618093,0.009240120642128905,-0.001114455805121768,0.007832775107211766,0.2950571297432509,-0.7732477245324955,2.1712873131929253,1.4387779496875233
0.004708276551333388,0.0093506075951874,-9.594538153701914E-4,0.007879610713197644,0.2786444297740094,-0.6721193984177091,2.2194092947568014,1.3371327445379764
0.004697484750895972,0.009311894055553674,-0.0010105902063041856,0.007853612979135114,0.28176467701691116,-0.7068423133005894,2.195579575553394,1.3676529840723741
0.004658617163108194,0.009225539701260365,-0.0011155657815353354,0.0077773614448269635,0.28359528774147824,-0.7799712247893611,2.1288439352706945,1.4240122052813107
0.00470954803344579,0.009102059272106947,-0.0013079056687305434,0.007775874350978187,0.3153577391847027,-0.8968032604606473,2.1113074077485643,1.5666378094825222
0.004667137336934324,0.009125871303237266,-0.001255229519010498,0.00774210117171142,0.29925742698316865,-0.8684777168711377,2.0900657218590264,1.517733855087891
0.0046487941428639615,0.009172456307592086,-0.001183785979123229,0.007743992134463904,0.28757357209408335,-0.825069255595669,2.0976990784994096,1.4652317204137064
0.004659031008022926,0.009810220163072814,-2.7914272238124355E-4,0.007931893606021726,0.17133423074773516,-0.232993168773126,2.306398126173374,0.8595505947419021
0.004632980031217583,0.009772488049235065,-3.3123290683631713E-4,0.007898939866393935,0.1743770743753474,-0.27056592874585866,2.2787042901340455,0.8873154795613905
0.0045884937150890105,0.009676821301055261,-4.618651237279613E-4,0.007836234853875723,0.1850713344018645,-0.362120291617224,2.2232234393857166,0.9632008058880058
0.0046019042026061675,0.009726624643512427,-3.9306912715420564E-4,0.007858819197379895,0.1776578504786099,-0.3150783040435096,2.244837871901723,0.9201955591555543
0.004619596372260627,0.009849787379109973,-2.176803676709016E-4,0.00789240745229418,0.15405354513801098,-0.1968647063287494,2.2813190601633297,0.8048739866963038
0.004585810554882177,0.00988650561050188,-1.622862025389199E-4,0.00785839753397462,0.13913411614346513,-0.16350588142487796,2.259899312637719,0.7559404520542284
0.0045689165882633375,0.009956408538188974,-6.16006179922156E-5,0.007843270133318604,0.12016041260647885,-0.09799011189490425,2.2552887860947695,0.6807876857964194
0.004560736258286908,0.009920147051825288,-1.1293600406292897E-4,0.007833185399243842,0.12682080110757377,-0.1329672877519059,2.244563126166937,0.7138511571170584
0.004613539407139453,0.010187847495103855,2.72536817097843E-4,0.007883036973325585,0.07174340344140812,0.12961207184444776,2.3044087687279835,0.4618637967102363
0.004594773941955256,0.010146980646093937,2.1198416106349506E-4,0.007866296427651907,0.0791753637458812,0.08758705334580141,2.2887814724040285,0.4980244070806879
0.004595510133431141,0.01010080424851458,1.4565087189476354E-4,0.007870075517854184,0.090545861417512,0.043253357555701435,2.287598741673243,0.5445994108167573
0.004572258510022723,0.010053002878612927,7.623931956509029E-5,0.007846817515923867,0.09824920875497971,-0.005342372214821262,2.2665420690948426,0.5856576349536642
0.004536190676931616,0.010001097397568643,2.1844133691348746E-6,0.00780877748226664,0.10452317250106834,-0.05805345705941704,2.234117066013661,0.6259678852045217
0.0045866828004483716,0.010291619409192508,4.1787228072250927E-4,0.007840767169600055,0.04306817039793087,0.2258321821344457,2.282039463424259,0.350473103531381
0.0045806774986291736,0.010235290762033052,3.368947589338873E-4,0.007842164139038587,0.055918940826430404,0.17075577928127192,2.278563395769164,0.40550594040215493
0.005787958898439254,0.006939253351735543,-0.004673101645876505,0.006436888461495677,0.32615208150856473,-2.4980698951632063,0.42108098848307823,3.4861424131565744
0.005789144534877872,0.00691099520897626,-0.004685119362591922,0.00639330557951804,0.3173297007885255,-2.488785042186758,0.3942821107083729,3.464492308645533
0.00576140947079839,0.00695778964433723,-0.004624689559131271,0.0064502437273635535,0.3293728209049273,-2.4820873493330056,0.45215615790316727,3.4606491926316507
0.005742600112618546,0.006985878134105015,-0.004584418284716986,0.006482538718671986,0.33655839184527775,-2.475232118824661,0.48799042583445734,3.4536168576958555
0.005730103790131798,0.00701775090908055,-0.004551820456713887,0.0065240700972234635,0.3451563550007858,-2.4741912404203767,0.5246085423341983,3.4581609820908463
0.005712919181058835,0.007045279991093318,-0.004513289808028186,0.006555540093030815,0.3519822924484772,-2.467019854297441,0.5591766996812033,3.4511213488129835
0.005635696221399828,0.007147747353205079,-0.004346407568498068,0.006659191093244807,0.3734259701525289,-2.422503658530442,0.6911891574787776,3.3953272534860166
0.005650846513331192,0.007117320104667754,-0.004384741308947741,0.006623982876244448,0.36624788322228236,-2.4299053058079108,0.6551294307009575,3.4010089777277224
0.0056683230902261385,0.0070878908007575014,-0.004425559774161783,0.0065913435528317495,0.35963588307757527,-2.438782071482304,0.6192556604975664,3.4099158598995696
0.005689775395375848,0.007062402279620926,-0.0044701244366652584,0.006566750345272644,0.35430375730056207,-2.451319978962197,0.5856714333889309,3.426655088451987
0.005540958554658689,0.007318248991343826,-0.004107707938887606,0.006839509157420967,0.40853788763732934,-2.3575638624394277,0.8936794005094111,3.3274723919259466
0.005512213870951315,0.0073284316302611495,-0.004060092371520314,0.006831738881131357,0.40573645213830367,-2.3324012995587537,0.9082413503520396,3.2852278076732224
0.005549316477429709,0.007286026831099485,-0.004140161389548127,0.006799540663864214,0.4004840747651807,-2.3632140316805565,0.8574729969797322,3.3274894291420885
0.0055692855879851694,0.007250130600040464,-0.00419097946639672,0.0067625110610213274,0.39359718615379874,-2.377969909926151,0.8155104675891193,3.3433291506931337
0.005575918912044836,0.0072138216552518845,-0.0042218760241937055,0.0067144578687708565,0.3839632325173071,-2.379864341326791,0.7757178772254757,3.3363242450194677
0.00558829328919443,0.00718304124376008,-0.004257255964138298,0.0066782662517149765,0.3767720375078461,-2.3866374641515815,0.7406974096258806,3.3400186989319107
0.005600475774445453,0.007150474381973115,-0.0042927210349582206,0.006638901328452375,0.368978939662659,-2.3921761708927005,0.7040737284903061,3.3414558045928273
0.005481293493972542,0.007326042409799871,-0.004018056713986155,0.006804583096235039,0.3988651733425264,-2.305326079900475,0.9085947758049037,3.2354467683363652
0.005387074032070253,0.0075495089963145984,-0.003728461565759508,0.007032631470168404,0.4376025648404324,-2.209821311609536,1.150443880950155,3.1424737555496787
0.005355205167542524,0.007613237650535762,-0.0036349008509243973,0.007088310942958789,0.4452398718431388,-2.1716890949413172,1.2163368168768651,3.0989292970201343
0.0053675051815236735,0.007579029654118586,-0.0036790420712389175,0.00705454227693813,0.43975351174195504,-2.1884050875053913,1.1805798223268325,3.115225340894408
0.005254285914682061,0.007851274656868265,-0.0032942277468320474,0.007290902798493562,0.46840058725146866,-2.0206773117531323,1.450601353585878,2.9316508689430587
0.005263424441234512,0.007818433792904192,-0.003336784199535968,0.007260406955674815,0.46456119874407137,-2.0398654680248103,1.4182119973597211,2.950454070617336
0.005273919628193869,0.007790028261305601,-0.003376300102421993,0.0072360218544585886,0.46193864413961677,-2.0579206506967704,1.3907777859134447,2.96983599983629
0.0053158660452643355,0.0076267081659823184,-0.0035731814371856405,0.007071025102792482,0.4374618713113299,-2.1364923193038816,1.2240684326925333,3.039342323603211
0.005309882844092863,0.007661582572499718,-0.0035361057122386273,0.007109914943154473,0.4441828602168694,-2.123659842125054,1.2606960813410846,3.031074737327206
0.005301568406510946,0.007694626098000094,-0.003496982875898638,0.0071439618693381135,0.4493666141135872,-2.1085807001082824,1.2947372574275289,3.0182235130937567
0.005297764379188826,0.007731718413353037,-0.0034592132070868542,0.007186675627434344,0.4564564250604683,-2.095234131257414,1.3341337610983328,3.0109563129479726
0.005284599105796691,0.007763387990631137,-0.003414079295656829,0.007213530857073402,0.4595752852881994,-2.075089556021991,1.364955857818275,2.9886823650714676
0.005256898971824055,0.007771597625793883,-0.0033727922971998627,0.007197845195964896,0.4527558789718153,-2.05074393439098,1.365631773489773,2.946596138878143
0.00546131980863415,0.00736260298467044,-0.0039661142911557945,0.0068400953678753405,0.4050833427023229,-2.2883446121530846,0.948987035599665,3.2165752691261273
0.005429498444576804,0.007391942741330568,-0.0039023678047702417,0.00685553187814662,0.4058708943560328,-2.2605669333998506,0.9813608191180406,3.1761283899927992
0.005411594393582781,0.007423756416233535,-0.0038557451142481403,0.0068846201063239385,0.41099612759593745,-2.2439021087987485,1.0152195622355655,3.1568415341809537
0.005419258444104109,0.007447414643877976,-0.0038491710272010927,0.00692284519615379,0.4182401100465428,-2.2488624122569236,1.0407200056258157,3.17431586456902
0.0054141187710650095,0.007470147762083466,-0.0038255212536040676,0.006949372654043591,0.4237327641400192,-2.242623043553713,1.0652395292643952,3.171323684176543
0.005397997768257243,0.007492091005366018,-0.0037874634154622592,0.0069654686747942,0.4250828331905351,-2.2267239095434435,1.0882937252093916,3.1505734736425746
0.005368573342021414,0.0075194839810746724,-0.0037274876722867803,0.006977275696311067,0.4250902885002708,-2.1985981500837717,1.1155406561151116,3.1095334622566746
0.005216972724671792,0.00785958212028457,-0.003242243050397191,0.007265129024176119,0.4578703914766353,-1.989402530943158,1.4455932690065998,2.875576105588071
0.013750904793655826,0.014456215872485141,0.005227065611969457,-0.004395677689409493,0.1372452074954614,-2.054252724972109,-0.74381341643043,2.7394252024532757
0.01349428078595876,0.014546246981843237,0.005534651145464666,-0.004249166618857405,0.1413493783689586,-2.0269666744512067,-0.991584736266194,2.75506192444424
0.013570623034836277,0.014535355787467726,0.005435601329419015,-0.004274512140328139,0.1383927535721904,-2.0286307085307094,-0.9187253424989624,2.738250142485023
0.013653896626057543,0.014496550975500608,0.005341116155586484,-0.004335648405725103,0.13832824572124872,-2.0439685286321065,-0.8371599628732188,2.7435295242703854
0.013377398842954136,0.014582184775997618,0.00567492590469443,-0.00417797453737154,0.1423541865647895,-2.006578566007019,-1.1066679784770637,2.7551757196282254
0.013332004008221026,0.014626803220765427,0.00570895356075796,-0.004106111579473199,0.13989499539788533,-1.976802281694221,-1.152247076588676,2.7201553182445752
0.013444270836969374,0.014586493775955174,0.0055802046141951635,-0.004185326268499148,0.13875416412707073,-2.0032720855473034,-1.0422244766338626,2.730290216683119
0.01324271864802424,0.014706854198965908,0.0057758936111210685,-0.003973275573804961,0.13628931974357697,-1.9194572902147213,-1.2387212627958795,2.6544053029099204
0.013313855627528456,0.014681301304399033,0.005697735605666129,-0.004027484098650584,0.13517456475598486,-1.9405402634806836,-1.1707600628468304,2.665984830200593
0.013056964133156074,0.014812343088499928,0.005942904620825252,-0.003768828778120226,0.1343184809419121,-1.8264680092224943,-1.411600464007047,2.5672161511780156
0.013016624303610017,0.014886761230251842,0.005934533906853217,-0.0036562119333903268,0.12861574552405733,-1.7713056199792763,-1.439674397757886,2.489958435680205
0.013226080613970327,0.014781906127425729,0.0057446659910720685,-0.0038687238000771934,0.12974967123385037,-1.870005533413252,-1.2518451629019927,2.57804755016987
0.013140107274631576,0.014797256343730428,0.005845861363234307,-0.0038198789669150334,0.13190304266020283,-1.8498163235577978,-1.3325573775667874,2.5745486406654017
0.012874506376705881,0.01491010604315893,0.006094912833874367,-0.0035615471181577167,0.13188480415713044,-1.721874642183731,-1.5720442852461314,2.466527740873326
0.012946646489951355,0.014915840463300953,0.005998759141212783,-0.0035885586813054486,0.12833162430907621,-1.7374656974979938,-1.5011543637475417,2.4614041412897465
0.012820417799275912,0.014964112530911329,0.0061136529831441995,-0.0034664304580955285,0.1287166443909441,-1.672546439867171,-1.610757448493011,2.406229154853943
0.012684146722072867,0.015022782888237017,0.0062241199015169975,-0.0033191353369953144,0.12896022450169767,-1.5904288945413552,-1.7226126422166994,2.3302767959572113
0.012753363691494438,0.015006167724400511,0.0061565540208709,-0.0033787400632575757,0.12709672660804136,-1.6251864805382041,-1.6626997592703654,2.356164983685645
0.01265280883437308,0.015076676545905018,0.006208033063484895,-0.003236332724830384,0.12459042261621052,-1.547026223750153,-1.733350845102224,2.269246144589431
0.012480517641945564,0.01506463267966743,0.006422456454463445,-0.0031393518047303434,0.13277500173756415,-1.477779585548023,-1.8984054398322274,2.2450726864571795
0.01257631423873038,0.015099896099236506,0.006273792643275814,-0.0031619198020284528,0.12573551774447542,-1.502502692010918,-1.7951503618808364,2.2313686657606655
0.012433440271922048,0.015116449803079643,0.006420040516533584,-0.0030468243124528037,0.12931872898717128,-1.4261332193061222,-1.9185178512302499,2.178879974683023
0.012286874914019502,0.015088166178747732,0.006618178386101251,-0.0029693762067036053,0.13870176151126648,-1.3603454566000133,-2.0674695407129335,2.1601903790996264
0.012217814702862052,0.015125189371104226,0.006650853543152493,-0.002872824041402031,0.1377659408370089,-1.2997858745398665,-2.1099120251051136,2.095540728937196
0.012362495931006032,0.015124828901941594,0.006490733928942816,-0.0029859718577728363,0.1318824111360711,-1.3844344865004727,-1.9791579841306972,2.1485865465106424
0.012165968065842348,0.01518911798612546,0.006629141025969787,-0.0027613824397884454,0.13351274421372838,-1.2366700782514621,-2.1184060701641823,2.0101990664720386
0.01202185151224444,0.01516340602294225,0.006812169125106506,-0.0026631285058026015,0.14245036463939573,-1.1503591001528024,-2.258595800497842,1.9671970294666627
0.012095242564426728,0.015178938513880115,0.00671602007137296,-0.00271208254708066,0.13739896997321363,-1.194793647688331,-2.185461742302861,1.9879949303806101
0.01197015506476736,0.015216541253773265,0.006795711671290332,-0.0025618445073286467,0.13874693833255722,-1.090692798945201,-2.265908007797822,1.8888701360151376
0.011921980247261316,0.01526424005183633,0.006780524466498089,-0.002470545700338542,0.13557177523494948,-1.0364659277493737,-2.2720723478207616,1.8184180940256607
0.011856667834260122,0.015241532816917772,0.0068733585338295,-0.002430417527952811,0.14134483772846565,-0.9951576430268619,-2.3396107302376556,1.8014414411812256
0.011796940934554065,0.015278847477690021,0.006878710678073738,-0.002337115891842567,0.13931358439929334,-0.9351555041271197,-2.357986299852143,1.7318974021355376
0.011737880623565252,0.015312197907551797,0.006886271874250595,-0.0022483887059703386,0.13820800057160934,-0.8769821183382135,-2.3763221643221892,1.6659682268105696
0.011684809379049237,0.015314883903392125,0.006929093065201053,-0.0021924326103004983,0.14065862820870972,-0.8325997416950062,-2.4121220051506223,1.6289797997643265
0.011214266457749863,0.015322206664005286,0.00728462768339385,-0.0016602090644976051,0.16092338727465957,-0.39185815800046925,-2.7009193777670926,1.2572547056533991
0.01116494238431552,0.015343080557685585,0.007284300809144801,-0.0015864651099412243,0.16014398105739394,-0.3403367521625815,-2.7060579974853045,1.1995416816851352
0.011114531883106885,0.015367565336457669,0.007277266733727763,-0.0015094022083516783,0.15899293504755677,-0.28792193843157543,-2.7066056840143697,1.138579587614432
0.01156761870988392,0.015342914965571473,0.006988022187156899,-0.002046606433072149,0.1422889859961419,-0.7248610514036096,-2.469837348342762,1.5246790570714077
0.011631920805254234,0.015346122677168403,0.0069302604055594946,-0.0021113362035085244,0.13851271884236968,-0.7795150571929687,-2.4240018079959627,1.5672708096754897
0.011397667064409896,0.015327650814279227,0.007144340477036847,-0.0018716020715896615,0.15153824715126699,-0.5725129649447797,-2.590914444870723,1.4075198144716075
0.011458117165866172,0.015326559708184235,0.007099529634958662,-0.0019404763158855588,0.148691131796298,-0.6292644268034921,-2.5546653975478493,1.455641506025872
0.011513872711640762,0.01536823709700625,0.006994504756370802,-0.0019688606278724444,0.14146597577367295,-0.6718936424881407,-2.4834191984837832,1.465894974705413
0.01136096515041115,0.01537116005934855,0.007105829976995146,-0.0017977003685563364,0.14778480669696378,-0.5312489405837382,-2.5735117656797115,1.3461557170627103
0.011262761708354049,0.015361205257670887,0.007190471925009669,-0.0016913571011588056,0.15321023629678987,-0.43739775503541933,-2.637727539324802,1.272113262506954
0.01131261083669776,0.015400949928703694,0.007095189734732361,-0.001721557123664871,0.14599865886476995,-0.48178226156667897,-2.573853608105192,1.286500573906194
0.010866432069644914,0.015339471121450968,0.007462569935362204,-0.0012102735245090076,0.17386859427318105,-0.02039227313623237,-2.8383878701831495,0.9185452272323893
0.010901147410187773,0.015312555993319942,0.007489994545642076,-0.001269788255037958,0.1765705054386907,-0.055453176254677,-2.854472723099964,0.9677108329226828
0.010977621112061395,0.01529674190333964,0.0074744560655687015,-0.0013786933342087133,0.17539193276174878,-0.13905168976669288,-2.8406196574501945,1.0526382592960581
0.010941756022832396,0.015324282962092695,0.007448540540384727,-0.0013166010858102085,0.172851621503211,-0.10170201560224104,-2.82631509567871,1.0014773898142764
0.011024078180926017,0.015338092316552268,0.007379242273993939,-0.0014145078981283256,0.16736232537604886,-0.1922644449407427,-2.777380698885986,1.0727127294697327
0.011064794041890445,0.015369380560906322,0.007304489844596769,-0.0014470831675048017,0.16087013942315112,-0.236323950947201,-2.7277529807315353,1.0921487359785818
0.010095702102603188,0.015357649811019771,0.007648086712095588,-1.3772394921482067E-4,0.1943546242797737,0.8534348159672959,-2.9169836536385962,0.08666809102537558
0.010137462628099374,0.015376977462587406,0.007610854986573206,-1.9566578058196983E-4,0.1901993771522338,0.7945158054705973,-2.899261273104965,0.13067836341006656
0.010182371825340323,0.015377368444175383,0.007606137475813861,-2.589670017267292E-4,0.1894438463586241,0.7438285986582494,-2.9017847755910187,0.17955791848851912
0.010276098728877414,0.015376531185742004,0.007595292882912766,-3.9085075058554965E-4,0.1876048608626944,0.6380381507044355,-2.9049579191862245,0.28194727527894714
0.01022116153841294,0.015407379464094512,0.007548675693805553,-3.0982115496020016E-4,0.18356243734710173,0.6839492135168257,-2.870267400183024,0.21734613660280755
0.010062528117864122,0.015386908972360454,0.007597197088042726,-8.955385220726805E-5,0.18953896898858177,0.8721779724611326,-2.880687726993847,0.048004669294925355
0.01002430146709353,0.015405063409638656,0.0075657375990566935,-3.556842776956552E-5,0.1862912635779472,0.9026675084250693,-2.8558165782415204,0.005818148846470884
0.009919653392458457,0.015420693997139748,0.007535663397771931,1.0971101891345169E-4,0.184198714610931,1.004977392678975,-2.820846372016628,-0.10609766373561522
0.009961298459033157,0.01542256643804323,0.007534136930562979,5.188881552353496E-5,0.1840040239680834,0.9592816796363636,-2.826716671597723,-0.062004814726790626
0.009995899740913097,0.015441793357381169,0.007501113055044137,3.716340744620751E-6,0.18026231063989637,0.9095208028136321,-2.8120852635327456,-0.025626626838405386
0.010821292120766384,0.015360651182159507,0.007448960163643026,-0.0011406596832441475,0.17248438536940766,0.026340584848513537,-2.8310508690311234,0.8626395187032649
0.010686931438294264,0.015353435236583855,0.007520003337554151,-9.647270884807534E-4,0.17874852788775886,0.17838474647947425,-2.877649956348598,0.72869275006651
0.010646972851895184,0.015366053349004415,0.007513839835657193,-9.057979115224239E-4,0.17807449330663117,0.2202460819467524,-2.8733637756010713,0.6819456482179462
0.010615310305205718,0.015369586972162364,0.007519373632881329,-8.616234669809517E-4,0.1787641274854694,0.2550839804202192,-2.8763829863902735,0.6474600611456941
0.010593296529742407,0.015390350070073042,0.007491343767142095,-8.245881070022637E-4,0.17644678401875494,0.27370660459382273,-2.8580862928869535,0.6167006749300371
0.010564176520826623,0.015407719732008465,0.007471215341980432,-7.795829564883937E-4,0.1739720124588801,0.3008959997677091,-2.8445636400881837,0.5803590640884175
0.010773336517474802,0.01538195289856692,0.00743505973549042,-0.0010678451943780748,0.17092290962077586,0.07551664222420605,-2.8232114419461514,0.8043756349174815
0.010723610254894406,0.015396049330675668,0.007432535462619564,-9.963271231749023E-4,0.1705767142829254,0.1274373158657858,-2.822105386296108,0.7480601877561827
0.01052129732200328,0.015400953992425005,0.007496172487005708,-7.237854522465391E-4,0.17689436289842433,0.3509410036325499,-2.8588543570078166,0.5378814598436777
0.010552075580043915,0.01543793364402353,0.007423493734381563,-7.538575951069698E-4,0.1703049907357894,0.30477601252079684,-2.814161298614438,0.5578540779986894
0.010434213374043141,0.015372157729627266,0.007570321833762922,-6.122742497455003E-4,0.18406661881478256,0.46007303608526434,-2.9014819689965865,0.4540930826495031
0.010387300341236791,0.015372189296794299,0.007581493999391876,-5.471098483599695E-4,0.18555163060831917,0.5134573719793606,-2.9054556678791266,0.4036057898325996
0.0103616030050959,0.015407174529938523,0.0075257653554043165,-5.03983310953257E-4,0.18032730283169324,0.5273523822994759,-2.8685353901214863,0.36747385866835036
0.010468417446882353,0.015412923536207226,0.007490507407586776,-6.486400621028156E-4,0.1764707323911787,0.40573247011031893,-2.852914309522586,0.47880477429619
0.010319022034032996,0.01541626481906937,0.007518190798413325,-4.436612261363635E-4,0.17984820315788894,0.5708373138741473,-2.8604561628517544,0.32011899740335986
0.009649723597887938,0.015354167245847096,0.00761671710367489,4.96148242115098E-4,0.19536278283246847,1.340324022634215,-2.8134382512193885,-0.3980889456033479
0.009788929767139257,0.015353616852923944,0.007642468651394964,2.995270103145989E-4,0.19672702467319933,1.1947113233372006,-2.860189012814381,-0.24932156333765615
0.00973706734666102,0.015379248866960023,0.007588891782964942,3.6878612949831226E-4,0.19156365132554223,1.2286209442379048,-2.8172590441345418,-0.3021931216466695
0.009686993940181701,0.015392459995288906,0.007556496365084206,4.361776055697608E-4,0.18835703890548408,1.2691371456986975,-2.787012206930026,-0.3530830667172857
0.009873706788412434,0.015438657833440781,0.007501018615632527,1.718928140724541E-4,0.18108194067464586,1.0407515348788647,-2.7920334335639594,-0.15394234569472867
0.009833146230311809,0.015401011214074075,0.007563402966044799,2.3155814470604614E-4,0.18794609715888863,1.1107557013984477,-2.821747821701852,-0.19853411190808368
0.008648080354082597,0.015159460455742808,0.0074264328006498365,0.0019428584762536097,0.17635490222632624,2.40132169959289,-2.334713111956638,-1.4153649253933007
0.008439392823864003,0.015125126821983765,0.007298914486825722,0.0022190336042675913,0.15891650321258985,2.5522657049801745,-2.1649312611927964,-1.5812589731495696
0.008487544015237745,0.015120941466184501,0.0073495934597608845,0.002167481936778138,0.16551359565881654,2.5380337109043296,-2.2123419972777225,-1.5539237870445541
0.008524562442787296,0.015117037831742619,0.007389122965093878,0.0021276015269437376,0.17070959612799086,2.5269105821319293,-2.2491047697181306,-1.5323039726763128
0.008601108090865789,0.015150294418584289,0.00740218381614549,0.002007410586645116,0.1730373333784184,2.4398350328908367,-2.2988679088736386,-1.4555372040424313
0.008557857070615503,0.015136358802156897,0.007387503638494264,0.0020711308497448366,0.1707184409990886,2.4821757278390133,-2.268328498296347,-1.4955627032226684
0.008152976565008725,0.014908958936656247,0.007334947835436637,0.002758158174453806,0.15539763404379295,2.984035626044475,-1.9671166380443899,-1.9178596438197175
0.008121542428648088,0.014897808476334986,0.007315546687524417,0.0028040961029213514,0.1520872464180814,3.008007143051499,-1.9363722648935973,-1.942134208774527
0.008166190055223798,0.014942168134879147,0.007300053519962295,0.0027066900345313837,0.15208573505226727,2.9251454590342347,-1.9705153968075848,-1.8816930657718858
0.008225374561142593,0.01496906206286377,0.007324555337058339,0.002613714574748519,0.15659376446970533,2.867885402408039,-2.023443134108282,-1.8292632971462097
0.00818651332825341,0.014976235083137175,0.007271537661432184,0.0026475537245005277,0.14967267283711252,2.8647367610257652,-1.9801106057015894,-1.8421936173101254
0.008278701772698972,0.014989582805471408,0.007350094669103489,0.002533444842792495,0.16103432313012156,2.820248421244734,-2.070836421648514,-1.7836691867865782
0.008302850092479127,0.015007636764382964,0.007347479413654232,0.0024878297044684506,0.1612651198729416,2.783840954440415,-2.0879197511663006,-1.7552586181828203
0.008330710400341718,0.015020229866503074,0.007356574666041609,0.00244377050631589,0.16301340539790277,2.754693770025673,-2.110643614097715,-1.7290855751665248
0.008365948975012529,0.015029520582030132,0.007377638810395596,0.002394577870709596,0.16600004602820584,2.72798811347942,-2.1418236977076925,-1.7011284648264304
0.008247988057970711,0.015002062676903682,0.00729864908393675,0.0025539223198077967,0.15447782262059673,2.808198866006386,-2.034045362275227,-1.7892611665480203
0.008381072515720388,0.015073597168700553,0.007323799199998864,0.0023339753118361973,0.16088438799071844,2.6529435153134475,-2.1355201960018335,-1.6563486964201488
0.008400224676301894,0.015110740892098023,0.007284592460938125,0.002276777649185393,0.1565427688124154,2.589355431891984,-2.135469444422389,-1.6160277860326566
0.009597316833079904,0.015355451684481967,0.007602075752626371,5.692955529747484E-4,0.19422650927344684,1.3924081447245202,-2.791923689881821,-0.45281337870978083
0.009551336550246876,0.015359774382212664,0.007582243618109024,6.322052570947079E-4,0.19229211705155988,1.4343347333727914,-2.7685286517355743,-0.4996744371803823
0.009504922987684728,0.015364196144009695,0.007560905655240834,6.95128376434719E-4,0.19035543824797221,1.4755668835702627,-2.7439212130634316,-0.546098057075473
0.009384846529420171,0.015283463681237364,0.007662569100271602,8.900521755204036E-4,0.2031477125839208,1.6734964901228284,-2.76515408748134,-0.6914335222280849
0.00934419743846705,0.015296750572131238,0.0076226926512198085,9.414196061897916E-4,0.19838221836900308,1.6973990661884777,-2.729991630358477,-0.7281947662432423
0.009417144158501265,0.015302858288290297,0.007640135526869016,8.375361439836267E-4,0.1995752148643314,1.6219278879175794,-2.7628569572896833,-0.6523957215813891
0.009298880418583408,0.015300445729881094,0.007596989360140417,0.0010023155985782936,0.1959300012700573,1.734827901122589,-2.700874649022917,-0.7718352092939512
0.009435481597221712,0.01533779021624198,0.0075847601206885116,7.995263999506236E-4,0.1937850229315665,1.568042824635169,-2.7373365610664053,-0.6233768637947764
0.009464448481709745,0.015365760834042553,0.007545337337803199,7.502493290869703E-4,0.1887928768704591,1.5129301679638079,-2.7239266079312605,-0.5864889806278119
0.00925663901252105,0.015317808733308215,0.007547763602498839,0.0010521213955707895,0.1906763690186418,1.7534415182409477,-2.6601331738720586,-0.8065616787721629
0.008836086771170263,0.015196528093761123,0.007509487953790293,0.001679142097742705,0.1870586452869646,2.233647424096448,-2.4679325004154173,-1.2447649631906224
0.008857465255023615,0.01523789261589021,0.007455067330317061,0.001622778701929778,0.18075207453494876,2.1637571424863453,-2.453469944403754,-1.202650381711985
0.00878441565072542,0.015199008405413869,0.007467653161827564,0.001742941478336046,0.1816857157510523,2.264134597503743,-2.423746421377387,-1.2851587605620463
0.008714002128365343,0.01518252915114294,0.007441385135509249,0.0018433924928048346,0.17833013108357268,2.3306251084812,-2.3762315039347652,-1.3507160111867955
0.008681377658881767,0.015182084665439617,0.007416372943890937,0.0018838821102228746,0.1750856282726847,2.350256837573801,-2.3486459733374145,-1.3754802486843531
0.008737650105866522,0.015216339293994702,0.00740396485513299,0.001788194944981708,0.174414641208421,2.2696665614554767,-2.3728823687241154,-1.31070933460793
0.008657953598684863,0.015200983482449975,0.00736694583482918,0.0018972450709102459,0.1697585833575407,2.33700197755629,-2.316102048951268,-1.3800959785955438
0.009195751673560707,0.015287615255000034,0.007571410263423352,0.0011488649168806262,0.19363379004264483,1.8405995935480457,-2.65083985269029,-0.8768764906660461
0.009147164657580597,0.015280980745427324,0.0075581002630321515,0.0012177373489921667,0.19241135176901467,1.8894701554347173,-2.625897709464437,-0.9254159155921815
0.009098757153861579,0.015288118286818071,0.007519713160125155,0.0012784360934540889,0.18818107634140555,1.9208289272982797,-2.5877590918056392,-0.9668820666343743
0.009216196170851683,0.015326262383997528,0.00751426034715632,0.0011025606868376476,0.18699327600290883,1.7790842750762643,-2.6283598638934893,-0.8417423455125065
0.009053340863343851,0.015307914351355992,0.00746050485429534,0.001326951748610448,0.18147867987976055,1.9332588046506076,-2.5403726877783614,-0.9984815011418221
0.00901674438713312,0.015269747415551241,0.0075040541168089345,0.0013969466007228333,0.1865354909230875,2.0078549084954265,-2.5468999076252783,-1.049579149502786
0.00897232551364371,0.015277400786122844,0.007463988727395774,0.001449983773731001,0.1818854458468423,2.0317646255010735,-2.508802075045713,-1.0844456526677817
0.008925578021089576,0.01528079400537977,0.007428754405507577,0.001507709766640091,0.17782462744609628,2.0612592030183055,-2.471961597135387,-1.1222503012570468
0.008882312433423216,0.015270299144340855,0.007417890735698969,0.0015693376598155278,0.17662676466953015,2.104628090286629,-2.4478663294565823,-1.1637067346410885
0.00456788457821728,0.010334780983576382,4.758168440287221E-4,0.007813432217450457,0.030608182432489556,0.2642985935221595,2.265534479244929,0.3028498648075692
0.004537102131981476,0.010389263178339823,5.460380087941463E-4,0.007770322673726745,0.015018432899155902,0.31084661193948065,2.238214888942814,0.24221041486404735
-0.0048472977402567435,0.010991452289496079,-0.0015102416643097076,0.007879995497304662,-0.12128745685863494,0.969343131898622,-2.3599062591339215,-0.3193002024158716
-0.004846817163351622,0.011029419076469595,-0.0015632432727252174,0.00785822756654503,-0.1300996350245337,1.0057257420299546,-2.3466115866932302,-0.35767488874947206
-0.004810672372862201,0.011050989174656748,-0.0015723846817726568,0.007806593822298252,-0.13336586649390925,1.0139628055416943,-2.3103019642534686,-0.3818405021143701
-0.004732883142960673,0.010830745843026898,-0.0012271419287314164,0.007835650893204628,-0.08127739634224813,0.7790799257330924,-2.3173057436916484,-0.16834342164990004
-0.0048172607774292255,0.010967389936077758,-0.001460154026161776,0.007860104280291763,-0.11477832961607752,0.9361908368490449,-2.3439454851843213,-0.29748090624333506
-0.00479074320735081,0.010903995371522928,-0.001357397943555531,0.00786378127172601,-0.09930151608368738,0.8667558890600179,-2.3424657235077952,-0.23597866596545103
-0.004791843497068623,0.010941581967739452,-0.0014106956208765108,0.007845946211738244,-0.10805112214405481,0.9032046641083158,-2.331966562600586,-0.2737268676956519
-0.004748495461343486,0.010876195572197656,-0.0012978851294952545,0.007831425690242774,-0.09202585940074703,0.8271766848527297,-2.3172330561499987,-0.21226790767698672
-0.004821604150182678,0.0110937583075936,-0.0016371924074553251,0.007793251970500737,-0.14311372631425143,1.0582605139937338,-2.303247992394303,-0.4236569203967692
-0.004811321054563538,0.01113849058040745,-0.0016912792698997369,0.007754961944633299,-0.151974154023655,1.0963330036653274,-2.27789068149511,-0.4680269783781233
-0.0048526542220112025,0.011191906000219715,-0.001789085956443215,0.0077651199602165365,-0.16518837808595732,1.161927091712891,-2.288677276751474,-0.5191321907731209
-0.0048765967849730175,0.01121369126438689,-0.0018341082140374747,0.007776416668613042,-0.17122222220258446,1.1916817741451025,-2.298417825504749,-0.5399521061435144
-0.004907242960651599,0.011232920539307313,-0.0018806944472743046,0.007796517473044177,-0.17727426679383776,1.2219989313881172,-2.314557769932179,-0.5582348207069945
-0.004812958386790934,0.011185059976717846,-0.001754231107402689,0.007727276212379759,-0.16137435516119328,1.1401325024834839,-2.2602847460866786,-0.5133411168566178
-0.005057171691410666,0.011659045861680754,-0.0025488521436230756,0.0076138000826113045,-0.26136718896155103,1.6817963083329435,-2.2035306937542187,-0.9747710075242219
-0.005046370556414223,0.011691654875262221,-0.0025778704546482113,0.007572282521313977,-0.2636247316507982,1.7036489813159308,-2.1732171435413226,-1.0035902736085232
-0.005031751246683475,0.011632827282236722,-0.0024938620776007747,0.007611233692907448,-0.2549910964846627,1.6448769614073113,-2.1998381058026886,-0.9478353692768654
-0.00500811480912129,0.011603566057849615,-0.0024371471045073804,0.007612805644217085,-0.2483845661435051,1.60658014548417,-2.1992667895071496,-0.9184103713797046
-0.0049862811320391595,0.011569620633940144,-0.002376564394059089,0.007619765613468357,-0.2414424614709918,1.5653608096236782,-2.202521635381356,-0.8849313843409513
-0.0049610514083014865,0.011530378753260533,-0.0023067642452639574,0.007626918437999424,-0.23325644241635918,1.5179346513738692,-2.205607019742667,-0.8463774717229426
-0.004933466897089596,0.011363679881411846,-0.002073029209231943,0.007730709410488133,-0.2040701333697543,1.354820749283727,-2.273875368477166,-0.6863550349853783
-0.004938022814563766,0.011394248365273509,-0.0021161710987043464,0.007712270474737589,-0.2096939231384777,1.384842701764694,-2.261936101428139,-0.7159874024068582
-0.004953506984661901,0.01148767750154748,-0.00224737706385752,0.00765442955197058,-0.22622138172591513,1.4763810152573733,-2.2239718699183935,-0.805770071218748
-0.004942212851754756,0.011424172309447355,-0.0021578913557475116,0.007693441763715899,-0.21511303954753955,1.4139929365395345,-2.249599043422057,-0.7448818385521755
-0.004946492144539221,0.011455009549433454,-0.0022005344796685207,0.007673500798292513,-0.22047888980433053,1.4438094159792458,-2.23642923974697,-0.7744787804714796
-0.004905679834443251,0.011265235472184519,-0.0019229515743896324,0.007772470209006816,-0.1836212879408277,1.2516863364060955,-2.298789973830443,-0.5901729770840564
-0.004913694255734835,0.011297197742537101,-0.0019711247288143733,0.007758442375175757,-0.1901498336563682,1.2847872430369565,-2.2903854095470053,-0.6214439839836353
-0.004894214917039065,0.011322600134394952,-0.001990430968390371,0.007719289090417447,-0.19325808412983417,1.299949504591608,-2.2627484670063946,-0.6461010242339253
-0.004898319615456637,0.011353426696763043,-0.0020334320304363257,0.007701011699686682,-0.19892398802601322,1.329884885705116,-2.2509593389776157,-0.6758572907977696
0.005297684822446869,0.01227666298954578,0.0034676383920839507,0.007179108249177312,-0.32329828902636315,2.321705292052608,1.8857712762173142,-1.549257987995829
0.005422409394309854,0.012494615853995123,0.003810518035654345,0.007005780544252577,-0.3292453569074519,2.556616367493904,1.7456327259596869,-1.7465601339272248
0.005409257280859231,0.012469577584661693,0.0037735141862382656,0.007028317993575185,-0.32917853254107665,2.531624589118831,1.7641865907704812,-1.7250340378844964
0.005387351684549442,0.012457173425703807,0.003734610232507353,0.007026201449964254,-0.3274063193084024,2.5037808051951673,1.76312285085478,-1.7072848891760635
0.005377443606860628,0.012390251598854733,0.003667466413180394,0.007105755659235255,-0.32945722579241826,2.460209991725382,1.8271125090833176,-1.6597205216593116
0.005380092126105695,0.012426496170594626,0.003700606026956313,0.007060514709702696,-0.3281609026569731,2.481594833480298,1.790775507136469,-1.6846789832963551
0.005311620848038622,0.012308193423963653,0.0035129820781058395,0.007152333731156382,-0.3243258878735858,2.3528026095591947,1.86466097417138,-1.576848494455276
0.005328170734303534,0.012337584857794624,0.0035594043217094186,0.00713000206714999,-0.3255060902733502,2.384696851549822,1.8469010219868578,-1.6036932436235098
0.005346071525370394,0.012369901754358033,0.003609751532997654,0.007104509214588018,-0.32658365981079723,2.4192698656228866,1.8264853279276632,-1.6329391913350764
0.004787309575599202,0.011142468265874606,0.0016817035831874563,0.007727008563505187,-0.15142099368658282,1.0910554685314204,2.2574566302036767,-0.47272379227759714
0.004768527676311038,0.011053093023184787,0.0015510925285825365,0.007760227273549175,-0.13219028511390848,1.0011369347655725,2.276409317777532,-0.38622815619519385
0.004755074611135224,0.011016755561398289,0.0014944666949725102,0.007766263984139018,-0.12397736018381145,0.9624875201722078,2.278568584951501,-0.35131282193321217
0.004739581097863802,0.010975959703743777,0.0014307884899353353,0.0077717283520171215,-0.11460427267332042,0.9190095346187359,2.2800319940864635,-0.3121668428144897
0.00473989934614624,0.01112041351108369,0.0016237761757924081,0.0076906176842422005,-0.14485437437905588,1.0529503444607065,2.2291471202142787,-0.4525417957777384
0.004735033055213059,0.011082246999860388,0.0015707101737791346,0.007708044636669222,-0.13707681089912394,1.0161921055285708,2.2397339639707443,-0.4159758550256681
0.004712872006265701,0.010939829907104955,0.0013679313621371093,0.007761971152630591,-0.10618176064720573,0.8763821109699569,2.270641883541916,-0.2785227528487708
0.004690369000844062,0.010902210388435389,0.0013057570227697725,0.007756710272928778,-0.09749931525239698,0.8339821376235266,2.264360330671533,-0.24333694619244886
0.004666352016443533,0.010756446469448247,0.001095208592696732,0.007795997735299838,-0.06447031084880119,0.6891823682859561,2.2834961964121905,-0.10157163892198877
0.004648481075777566,0.010721491032374545,0.0010397607515112307,0.007790765798292698,-0.05684455970377774,0.6512265866557831,2.277303867192714,-0.06905581382180917
0.0046693894482015075,0.010857746679574102,0.0012354983983451438,0.00775544236902486,-0.08760384384988186,0.7858707079307168,2.260532478589105,-0.20148833826168008
0.004646689773837863,0.010803352576289822,0.0011514169884294775,0.007755538182426539,-0.07558972751233606,0.728189991654969,2.2570485632355197,-0.15025382800075918
0.004618095307221605,0.010704520045808187,0.0010048407070398042,0.007764933443848726,-0.05345032027378135,0.6272537011909339,2.257221768055891,-0.05612623026012999
0.004604573360559453,0.010663815641205292,9.440480611197276E-4,0.007765417810822474,-0.044621205193188684,0.5853074248163964,2.2547623351577823,-0.017700650821331248
0.004591827043728595,0.010611262082018416,8.674391381328326E-4,0.007769679567375704,-0.03313861319955902,0.5325665497529694,2.2542117450343615,0.032358746211494926
0.004559470948150792,0.010564953248666655,7.937804227471378E-4,0.0077498901508090004,-0.02378416975746085,0.48152914807441816,2.2363599685923803,0.07298941503870386
0.004518648485218178,0.010456208069572285,6.340489877467783E-4,0.007736113146314943,-0.0020111732618324288,0.3706121581459191,2.2181718401731447,0.17277576738741485
0.0045360873581454944,0.010518721606867877,7.239074236807457E-4,0.007738469635930656,-0.014696138979469753,0.4329221155388768,2.2245753029635,0.1145711385437147
0.004927700500615469,0.01142790274765635,0.002151262701806866,0.007675184456252609,-0.2142516551575204,1.4105516732541583,2.23605536191349,-0.7478604496426956
0.004875431348327486,0.011286427402684774,0.001929725381259236,0.007725201209364521,-0.1850709711795575,1.258780539554776,2.2649097398888727,-0.6110799246298971
0.004767917430772643,0.01119277634987557,0.0017354316940851675,0.007674999951184715,-0.16029086954145258,1.1296044539142402,2.221912547278436,-0.5213796449530291
0.004803617380781694,0.011224983367123496,0.0018004668744806688,0.007691365943937253,-0.168443997039216,1.1730556598539092,2.236023973715589,-0.5519744722085694
0.0048377482013488545,0.011256648759129434,0.0018646539253978414,0.0077059687236101125,-0.17670509423346117,1.215794629826916,2.2487857269650644,-0.5822901800012121
0.004901367929899687,0.01141311888801235,0.0021120488170854267,0.007659047504136686,-0.20916491497851952,1.385054604899318,2.2229829589011096,-0.7327911678857486
0.004894971247511547,0.011350548433647509,0.0020272334873655718,0.007699596537844186,-0.19817038434971823,1.3258119691435366,2.24969822294721,-0.6730619171573257
0.004892656611391273,0.01138754200855976,0.002072926421665693,0.00766946996713429,-0.20429676961758805,1.3581729797502307,2.22930765233691,-0.7082759325298956
0.004860594430625298,0.011330754566897389,0.001976605190562317,0.007677880159123673,-0.191860062199146,1.2927634895143758,2.2322439211745775,-0.6534260178500038
0.004913573504698394,0.011530427521501836,0.002267230602394312,0.0075778636068818735,-0.22800657882877343,1.4938689819823603,2.1681648040850448,-0.8426873469682554
0.004909611530644607,0.011499898650322986,0.002226718071559872,0.00759884854682958,-0.22346010454283713,1.4655125416749872,2.182413444940947,-0.8143464921115794
0.004918655273463339,0.011463327390015899,0.0021887348459321246,0.007637682632037371,-0.21888156378875132,1.4378489359665367,2.2097685378800183,-0.7808966646365253
0.004926171671090234,0.011591427754931589,0.0023511249391811617,0.007539249857234671,-0.23751363291307273,1.5523854879259245,2.1420184901332626,-0.8992522251655376
0.004921545875191491,0.011632827957429126,0.0023958164892144865,0.007498740173910679,-0.24208472788595894,1.5843660050503834,2.1131742716618187,-0.9355691766120419
0.004897861318333091,0.011562663573195582,0.0022929026477169993,0.007535031314441173,-0.23079963456678962,1.513246625717876,2.137286292523348,-0.8704787111514979
0.005102383079614814,0.011917809824400032,0.002889163279110645,0.007404619321462933,-0.29007426589857127,1.921629881047158,2.0539509719018096,-1.2114398510538955
0.005071572509685917,0.01190002990234788,0.0028381620883491956,0.0073929198356551895,-0.28474326194198524,1.8874085045078857,2.0439668931676582,-1.1900886330196438
0.005047783414602806,0.011872097870784156,0.002783858053613322,0.007398161298091206,-0.27987113158338744,1.8504643691753255,2.0468527876117704,-1.1619206042270702
0.00501613697373719,0.011845905541056195,0.0027238980013896377,0.0073935157728112835,-0.2739214172784088,1.8100135614790218,2.042142528258744,-1.1337585248496087
0.004988478594022405,0.011815299251174327,0.0026635424196203195,0.007396584977159768,-0.26806833991595,1.7691468069693583,2.0431707131279775,-1.1029713933935834
0.004973647147888522,0.011739820081112864,0.0025656411592724997,0.007453823999035555,-0.2595884300271392,1.7008186747159257,2.0840020618417197,-1.0361864835140002
0.004928510792224791,0.011671934727018713,0.0024471753052985623,0.007471127445559497,-0.2472919757200109,1.6201908803790104,2.0939381971744133,-0.9707579275457036
0.004944617629403247,0.01170798089709361,0.0025028352143929063,0.007454526843342169,-0.25295031476272484,1.6584222609749693,2.082936637760399,-1.0043250518886035
0.004958703349492842,0.01178191951298077,0.0025984804900754254,0.0073996186670679505,-0.2617493450990744,1.7251640608716396,2.0440124070403445,-1.069658730883667
0.004887174599463353,0.01166350823488875,0.002400973842105858,0.007437841303590548,-0.24162218922728815,1.590671776478796,2.067966419724582,-0.9580143805034101
0.005260803899297559,0.012274811431017508,0.0034205269944015365,0.007148112933873379,-0.3187981573885475,2.2881873329526936,1.8613429983457017,-1.5343950781692237
0.005252999887072965,0.01223731954581507,0.0033773353880125513,0.007186685184209598,-0.31812598274655524,2.2588846862048695,1.8914821067614114,-1.50483820129615
0.005167186113560284,0.012035697514324345,0.0030825878180126315,0.007340459888906776,-0.3043264164830754,2.055325441190065,2.0082304349594633,-1.3239539734321637
0.005175200852233919,0.012068902060408587,0.003125147883481165,0.007310996867365023,-0.3065306556932302,2.0848763476601513,1.9861016096087118,-1.3525936951313036
0.005133427518462314,0.01202070433297113,0.0030300820118285762,0.007324633150176291,-0.2992662872367577,2.019590014925551,1.9952238826368893,-1.3030978791363153
0.0051502225364270975,0.0121052168347386,0.0031328237008970633,0.007246593539089246,-0.3039531581578005,2.09068713417256,1.9363416083529204,-1.3736961690820642
0.005219672509717753,0.012231746525084084,0.003332207978294582,0.007163216690996741,-0.3137849960991664,2.227338994616982,1.8731025940470183,-1.4892512536205678
0.005195109480414524,0.01220702052347498,0.0032805845859257966,0.007170370240368215,-0.3111303970823646,2.1918006738313944,1.8784842924324894,-1.4631608205951325
0.005151037358900062,0.012147415906333303,0.0031741050300348283,0.007199463091078918,-0.3049798537422312,2.1189604244300626,1.9003857483305884,-1.4055090369065428
0.005152159340631885,0.01218704562414736,0.0032122374337505114,0.00715502862823984,-0.30555295488253464,2.1448496953118723,1.8663855467863912,-1.4346202506887613
0.005117267153615136,0.012132086214261316,0.0031214354905314025,0.007186146268056579,-0.3003138798273783,2.0831317476704965,1.8897980087837412,-1.3839310793910702
0.005104509204376991,0.011999606094850743,0.0029771805241045547,0.00731995586296473,-0.29455736739791144,1.9836309550230384,1.9907786226696673,-1.2789216922441102
0.005092882919271812,0.011949064269125087,0.002912393639202288,0.007362590489319966,-0.2905396054455187,1.9386584191476726,2.022267086112357,-1.2352777254262268
0.005088733392433648,0.011977274856759854,0.0029373752075373717,0.007328786731456591,-0.29154836921304356,1.9564268895773949,1.9968747830677536,-1.257176948968798
0.005978997666502162,0.01331176708412689,0.005039365035802567,0.006125247134323935,-0.25499875863805904,3.308414549915973,0.9482807482289658,-2.3648425238821336
0.005863468264929679,0.013234647948720174,0.00483800778185976,0.006197476308505422,-0.2693397238915956,3.177295425912378,1.0337539716217246,-2.2786453031393887
0.0059151853721256115,0.013251302240648988,0.0049249227879846,0.0061954453681346555,-0.26571950804955774,3.2415006400324216,1.020049442605586,-2.3169341154841114
0.005880947787841456,0.01325890708440682,0.004870895877026227,0.006166895513287641,-0.26574971243797124,3.1937479551386416,1.005572278747534,-2.2923237780431154
0.005939410420662766,0.013276467165746573,0.004968943457513365,0.006165639517545505,-0.26147686339077064,3.266511895037066,0.9904331855159841,-2.335436622720021
0.005949079791949753,0.013313838412485861,0.00499038555850622,0.006108742441604043,-0.2563192179655927,3.266895913784324,0.9431769745867021,-2.342534013221098
0.006026887931547194,0.013324414910490835,0.0051207939236390864,0.006124869873787007,-0.25094849356214816,3.369980017362586,0.9352503075060429,-2.4006453560784187
0.006040422067698382,0.013352341743721274,0.005146256332698821,0.006083551381058307,-0.24645771438456313,3.3770642770445494,0.898678506184878,-2.4094871149870296
0.006101506045828719,0.013396812898107693,0.005252468244526395,0.006032165217967677,-0.23620758564970631,3.4424284658444546,0.8399786129811704,-2.4525607806494425
0.006056856946385789,0.01337317933027425,0.005175512519799728,0.006055063201235249,-0.24258947947977336,3.390691069619899,0.8714531415592878,-2.4204962376406365
0.0060735681900328485,0.013392658501324112,0.005204836927319324,0.0060286507469814845,-0.23875612228535817,3.4048892626355896,0.8457266574626633,-2.4314708343436653
0.005994206267145765,0.013334520796107635,0.005067305960542539,0.0060940856121369175,-0.25124993858950745,3.320497581052589,0.9196066599470377,-2.3755297212627053
0.006109085239322516,0.01343339372507812,0.005266212185585393,0.00597264333628487,-0.23071646001347165,3.4337021412181765,0.7909223591623845,-2.4536669035442817
0.006147592294303148,0.01350691245576848,0.005330116821916187,0.005860491671632474,-0.21757607878326599,3.4445927994332775,0.6921125037689705,-2.4701963125873565
0.006145183042336891,0.013537047648649997,0.005324299175463652,0.00580889921474647,-0.21411309178387966,3.422509440369031,0.6540763887008996,-2.4619446556252456
0.006123504836600038,0.013488317379854037,0.005290088931364618,0.005884485364693594,-0.22226106592302738,3.422596932863921,0.7183631868134696,-2.4556475266601705
0.006105790651449857,0.013466878340091887,0.005260632999610877,0.005914870405484913,-0.22627563681987892,3.4105863555030576,0.7472773860015417,-2.446035709844722
0.005822302361475403,0.013157342893236166,0.004753720760153887,0.006300023621405905,-0.28003912771695255,3.1398584196105492,1.1243141130143572,-2.24239291641187
0.005825072920057982,0.013189300758018394,0.004766392290599645,0.006250659683226349,-0.27608547657444943,3.137532458851645,1.084320140938196,-2.247838002790661
0.005829578735984553,0.013242577694040109,0.004785717046514571,0.006168463075603669,-0.26881375016090114,3.1315897087469833,1.0182704308871953,-2.255108350020929
0.005809678732674879,0.013217197020536413,0.004748725024549938,0.006198791470557241,-0.2723925354051218,3.1120005042331123,1.0463832922053762,-2.239465388067909
0.00579239285997558,0.013138208927450407,0.004700986913735984,0.00631429782556045,-0.2828395693618688,3.1040982482429267,1.141768353319347,-2.218889731268023
0.005765550395134452,0.013115308711359,0.0046519988645168766,0.006335563221188012,-0.28581367269434693,3.0727221590605325,1.1638836143496791,-2.1968523194080802
0.005731306249853827,0.013074374330721367,0.004585402808135055,0.006379931352696514,-0.29052304464659695,3.0332483202977527,1.205536747114911,-2.1662670769693064
0.005742197171629811,0.013100634886633567,0.004610993147080294,0.00634540445115733,-0.2872496035032817,3.0447367471239892,1.1759370027679072,-2.1784075743163402
0.005703369968447161,0.013070568558168898,0.004541063542213722,0.006369724875361646,-0.2903144042888654,2.998889499714428,1.2020785186645815,-2.146837091046279
0.005683444298522275,0.013045128344134807,0.0045015389695300745,0.006397031003057412,-0.29327126986192664,2.975592590665949,1.2271770902445258,-2.128420905237878
0.0056903498951282605,0.012922447418657076,0.004461728877125073,0.00658903628695742,-0.3081112559071039,2.98161215626187,1.3819350040931504,-2.1003072428747562
0.005671700159317865,0.012894573189227664,0.004420178218273319,0.0066192166800955275,-0.3107721501030453,2.9559742123439463,1.4092302489579738,-2.07912162905243
0.005647123082853782,0.012872902016415583,0.0043723409828585165,0.006635384585911974,-0.31207498596978794,2.9233076984677324,1.4255706763102705,-2.0559695288343716
0.005624228752618392,0.012851718502607449,0.0043272580735015465,0.006651475897717343,-0.31350104807159124,2.892667742534284,1.4414625797689051,-2.0339966366371045
0.005598999921683669,0.01282589192974581,0.00427623746595168,0.006672326778776439,-0.31495255001438865,2.8584120635400683,1.461354508310077,-2.008754488800305
0.005678214714697581,0.012956148993579181,0.004458094220277827,0.006529518904163651,-0.30360430383207054,2.968615061996998,1.334936676217023,-2.1026198715454103
0.005676390685765375,0.012986015617814227,0.004467852880298063,0.006482825979798089,-0.3002170709519144,2.9673971545809543,1.2972822240618722,-2.109667410184783
0.0056599586496039874,0.013014417689201764,0.004454279110015349,0.006429653698542295,-0.2962022819941184,2.9476416069200906,1.2569454340286335,-2.106114966996462
0.00540599120472588,0.012533098965469029,0.0038171215925052533,0.0069401798679157994,-0.3248673563422764,2.556826273109088,1.693285661685138,-1.7614933412453764
0.005383844843596465,0.012564761623666997,0.003810051396524867,0.006879719446919298,-0.320595975153043,2.5473494209554066,1.645798192783203,-1.7685050141578504
0.00556709452958283,0.01280952089953063,0.004220482203507345,0.006673961820816164,-0.3147785331790565,2.81811554176586,1.4661692009319152,-1.9831858871681975
0.005548811542777025,0.012788527503445578,0.004182309226191582,0.0066915725581028025,-0.31599072294476294,2.792884124161363,1.4821927735973963,-1.963967841331406
0.005540673672672629,0.01275557007635389,0.004151787307790547,0.006733458724661316,-0.3183893998173555,2.776169134173337,1.5169993147231204,-1.945351252085913
0.005518803398103862,0.01271969626187594,0.004099042189423158,0.006768914660242187,-0.3204708843846733,2.7423373265751567,1.5477218379292066,-1.9168912366107682
0.005481908701127235,0.012700815787264931,0.004035078812959677,0.0067681623307346075,-0.3192324719901157,2.6965177219617362,1.5501441631874462,-1.887829884103047
0.00545265450998809,0.012674608870019848,0.003977720441395304,0.006782874740043062,-0.31887330986053825,2.6572356228841176,1.5641016444187097,-1.8597469597471579
0.005424305869180705,0.012653239126937763,0.003924815414543751,0.006790978186410849,-0.3184929918062525,2.620478357565005,1.5724670473881472,-1.8344731354055488
0.0054097459618674335,0.012622339817845754,0.0038846094967995,0.0068221038055586,-0.31916507176706843,2.595091312590953,1.5982134000622217,-1.8116558887077878
0.00538525950162456,0.01260049620391665,0.0038366989371048476,0.006832760373428904,-0.3186273215448235,2.562337730963828,1.608234085110402,-1.788203458949971
0.008063123172261686,0.014872376011233522,0.007284666455316017,0.0028942221158275243,0.14656915447605143,3.058627077563265,-1.8790580821472582,-1.9902605371282165
0.008024942656321567,0.014870191025772469,0.00724227126162823,0.002935346113442627,0.14020491899003026,3.065141028935392,-1.8375894933305144,-2.007002315012316
0.008086931135292371,0.014907370719645416,0.007261357150864809,0.0028288217935256467,0.14491847419774684,2.9958570275663914,-1.8959735779938842,-1.9481152113797109
0.00641534524202162,0.013779687217119375,0.005738833927643766,0.005446121770794141,-0.15454913996527075,3.590980889806985,0.285673500819859,-2.5754736032186796
0.006376557634833108,0.01376516072344572,0.005676755091881023,0.005467238343808846,-0.1613324382089193,3.553762825392717,0.3175839115010248,-2.5546896489144006
0.006307001460778501,0.01369272140467652,0.005576454873978776,0.005581432311348702,-0.17804980593454708,3.525901350146355,0.4270179231983175,-2.5345405614928214
0.006320308975332808,0.013724128111749726,0.00559183751189182,0.005530039267538841,-0.17324136354187303,3.5166249867459123,0.38522826120423037,-2.53193870343002
0.006344865359810135,0.01374951531458859,0.005627133959099201,0.005490206806102391,-0.1668413792903837,3.5264122072284834,0.34727458488458346,-2.5389748199674202
0.0064133601354380955,0.013825513519004668,0.005720501180974678,0.005367725512569808,-0.15002893558453842,3.543455589104035,0.23357164829555782,-2.5522162214345774
0.0064945062049319895,0.013903532467975852,0.005828772861731489,0.00523830314622323,-0.13098211399757967,3.5648822378777703,0.11049759585445082,-2.565756258024989
0.00647090767925954,0.013890270816372239,0.005794233045110558,0.005260525254527183,-0.13597033797185862,3.5498255342595755,0.13628216596001022,-2.557593514312726
0.0064314325949957835,0.013859392099892506,0.005739253364619009,0.005311438841481654,-0.14435121455234648,3.5324564407313805,0.18797887791845802,-2.547535073647181
0.006446684263766829,0.013883349324484784,0.005756105395664948,0.005271650718292109,-0.13977356909649252,3.5270424294747826,0.15497344417683154,-2.5452939018570637
0.006403034066137907,0.013861767046592791,0.005690750641776711,0.005306091638627379,-0.14757013429310892,3.494988646105795,0.19751062300206934,-2.5275169100289294
0.0065538608214617865,0.013950841569418488,0.005908504878152048,0.005157073476414188,-0.11779565066305309,3.5849507792324298,0.029186826822430116,-2.5765060137825073
0.006510637279913598,0.013933249325006386,0.005843454717228612,0.00518804421319899,-0.1261272545824653,3.5523830586781284,0.07054890620701847,-2.5594589964084338
0.0062076324845776595,0.013623609879298549,0.005420464309898698,0.005679171959276956,-0.19762037777996008,3.447385722404475,0.5362243920718165,-2.4854142056835986
0.006210467744404575,0.013659232135829785,0.005419863595927974,0.00562008103741822,-0.19282366769660134,3.425123758504806,0.4925336540112863,-2.4766067646779955
0.006244784249458126,0.013665503745816602,0.005476361452316566,0.005616411515414471,-0.1885450429339779,3.4652203807467328,0.47678932049484946,-2.499185530044549
0.006275186166604292,0.013685581036760297,0.005523901731251773,0.005588137089340598,-0.1827129739554513,3.4894350244146435,0.4447176257834391,-2.5141382217850268
0.007523278007688696,0.01457938459849075,0.006954584178383501,0.0037607850866020124,0.07829921719312306,3.484624494814561,-1.2705214004401233,-2.3870442807062173
0.007503283307449664,0.014563557384332909,0.006943813355510006,0.0037984461851565308,0.07577452897713363,3.5035589377695056,-1.2441674291703955,-2.402570764365595
0.0074742263547523426,0.014555557530625839,0.006910031689639424,0.003830703247581183,0.06982048929092106,3.5035933287293153,-1.2096711072817625,-2.4095805083461577
0.007402194517252325,0.014522679462114453,0.0068393811635786275,0.003928144062043588,0.057086134712401225,3.5229931334128923,-1.1205779370652376,-2.4369145845703604
0.007425489864204802,0.01453981035506322,0.006855262505406321,0.0038871715741050582,0.060801090216235136,3.5059395339277466,-1.1515768503232506,-2.4220700053169293
0.0074450724442210285,0.014561625652246009,0.006859776831826993,0.003841590599736573,0.06345783732693054,3.478022217797203,-1.1797962507130515,-2.401774148801142
0.007376438288674117,0.014541246684828668,0.006780247201507244,0.003916653924133978,0.05060167614885375,3.4765138288817217,-1.099964852997096,-2.4159509436809867
0.007347363870232689,0.014523349799023623,0.006755928853100703,0.00396157094761822,0.04563786191099129,3.4902220982783443,-1.06296220398596,-2.429848794268198
0.0073169642648701835,0.014504187814800099,0.006730282792680586,0.004008828541057367,0.04018392397754408,3.504282789031763,-1.0237944063667086,-2.4440532807567106
0.007524578051122857,0.014614847341580346,0.006914439420376984,0.0037081817996483866,0.07556005752026951,3.422391336116466,-1.2802900115435352,-2.3516043808054454
0.00753243761856123,0.014655208286290328,0.006877923731745777,0.003644769996427466,0.07390961414444479,3.35577353521028,-1.2975764221524722,-2.311665791908855
0.00793406224170002,0.014856936967544646,0.007150639349022978,0.003039721659039423,0.12646841663787878,3.089552547583287,-1.7404463985616074,-2.0503493921784837
0.007962988263396448,0.014878504558651149,0.0071557944555826454,0.0029858943116997726,0.12838998824942008,3.052810693028953,-1.7682720584402103,-2.020885957531471
0.007996420266245682,0.014896210935020563,0.00717100148835883,0.0029323372018276897,0.13160510020409544,3.0219419241159744,-1.800876695708874,-1.9931259851105814
0.007908468218132,0.014869889155964914,0.00710131086922749,0.003047771818079507,0.12063818081522418,3.0671263577385015,-1.7109429038518809,-2.0459144266147575
0.007875398349720075,0.014857113742435807,0.007077888570547037,0.003093946530409405,0.1163624875159973,3.087227590838876,-1.6770613236037073,-2.0671725095874254
0.00783543776148645,0.014858639068112493,0.007026073764456057,0.0031279606912484824,0.1092778056307473,3.0821917453105274,-1.6341535236770024,-2.076178963655001
0.007819870715992501,0.014818500536527482,0.007059887611625771,0.003192426072725177,0.11136855921458345,3.147945350288929,-1.6202855006402945,-2.1176435434409266
0.00778124531670471,0.014812708713257296,0.007018030557253065,0.003233594677680664,0.10514092604552201,3.1529531821699988,-1.5788398824687346,-2.1315607454060785
0.007708780360662959,0.014783694155721566,0.006961150052109796,0.0033324169325416003,0.09523184267341665,3.1895330635972354,-1.501171141420867,-2.1721929996808207
0.007744416304533673,0.014800641694202152,0.006986074099997952,0.0032805793341940327,0.09996027710935512,3.1676168466667547,-1.5395185799265958,-2.1500944950116936
0.007675765530038111,0.014761203039517204,0.006945809802386107,0.0033890878668721464,0.09154031575907302,3.2202187010696086,-1.4649206707579994,-2.198369383479204
0.007653341583792364,0.014738130170173443,0.006944576089470261,0.003437997904478523,0.08987731207972036,3.253732720030893,-1.4391831161396744,-2.2233090914650058
0.0076241831614534674,0.014728751931604533,0.0069166306853499495,0.003473641055707612,0.08502155563437909,3.2616379180725636,-1.4070277477330817,-2.235322399129077
0.0075877747494473655,0.014706314008333547,0.006894124265952922,0.003532301448870089,0.08032661949367949,3.2885630333675375,-1.365434240400033,-2.2598112702910744
0.007540462080025754,0.014701025570381738,0.0068350376215664315,0.003574746727705458,0.07176657130335963,3.281506140137709,-1.314394386947651,-2.2672478818749444
0.007168973171669623,0.01436994481030174,0.00663401775793712,0.0042980011616510164,0.01447315817069536,3.62425497122826,-0.8071333045327493,-2.5397371342807875
0.007112498090932549,0.014353341034110728,0.006559124102612931,0.004350978159260451,0.002601362781702771,3.6054286457193108,-0.7424087542666084,-2.5382846983110876
0.007141696278038955,0.014363226900024515,0.0065967412231651016,0.004321760509706316,0.008427862950272704,3.613336259696077,-0.7764676533537308,-2.5381131812751154
0.00728821758231811,0.014484928652263893,0.0067065190537262615,0.004054910552162068,0.03520206212896836,3.518506227806114,-0.9860806092791191,-2.457829735057697
0.007260824652261236,0.01446341666718764,0.0066864355444313656,0.004103387316046348,0.030471977382230887,3.536389534409374,-0.9484251386412975,-2.4732820972555984
0.007234766590194838,0.014440147358645142,0.006669442672429543,0.004153644066335715,0.025936933934087348,3.5571344949749992,-0.9108310197879267,-2.489967462084113
0.007209687528414333,0.014417369607488156,0.006652742527163787,0.004202453384419211,0.021542451059916885,3.5768678442422943,-0.8739784731873969,-2.505746789989399
0.007186666108712662,0.014392481952020263,0.006640599598423911,0.004253422474238028,0.01731186426804387,3.6008221093702253,-0.8375491613363959,-2.523409834469504
0.007048866326316131,0.014295585434305372,0.006507482773755935,0.004471325581757364,-0.01002550718669816,3.6426790199171823,-0.6450955564738935,-2.5688178246048428
0.007027890021101211,0.014293540710268272,0.006475083444327666,0.0044829489297030485,-0.014690904492126285,3.6271441123607184,-0.6245704065967937,-2.56295301755004
0.007061208087892951,0.014318630513987261,0.0065075308090987915,0.004428909757581113,-0.0076112769363135,3.617073955521652,-0.6722149736582604,-2.5525801241775365
0.007085218898687681,0.014340984271320096,0.006526509196515884,0.004382798837630173,-0.0030261224717180175,3.6023341961515847,-0.7089322586999365,-2.5407032396423244
0.007003873012888835,0.01429789432513115,0.00643247738086724,0.004485039240889868,-0.019231669847297548,3.5986928022898357,-0.6062024160539132,-2.550110446839352
0.006973776449693207,0.014294862529487903,0.0063863375618414394,0.004501016637432367,-0.025550168226698738,3.5762399918205214,-0.5776397323624775,-2.5412779484546957
0.006949241769866849,0.014284604795276934,0.006354960192071711,0.004526157058007223,-0.03050777209121645,3.569144568721002,-0.5493703026142394,-2.540251604912588
0.006734969590992005,0.014084684319980625,0.006142142050291253,0.00491166072716017,-0.07765739819202387,3.6312672361906295,-0.21671450302368375,-2.594989829129028
0.006753186341754174,0.014119560379213737,0.006150873059126976,0.0048499456781046614,-0.07267696976862058,3.605024103690737,-0.2615913714403701,-2.5793694943446117
0.0069356305195801835,0.014257415645397958,0.006354253008720752,0.00457483192813071,-0.033312222357471645,3.596666874427135,-0.5178895811916838,-2.5574655499087235
0.0069054497807684145,0.014240730650411834,0.006317823310178755,0.004611669735636915,-0.03983915226720084,3.592241909873722,-0.480141389094172,-2.558372817925594
0.00688668511242034,0.014218998696836484,0.0063033833688839235,0.004652879740612654,-0.04362274680583481,3.6053443921901547,-0.4477982510313224,-2.567768872995559
0.006833470640680197,0.014197018041983776,0.006231882464489761,0.004703627652875172,-0.054257479746552824,3.583415015354539,-0.38800080874637816,-2.560708123471708
0.0068610016718178264,0.014210667369279081,0.006267326116884619,0.00467387548374197,-0.049173752037555356,3.591816226491408,-0.4205689672887905,-2.56280134010987
0.006802823519132957,0.014174589528220472,0.006196973362605441,0.004748102049647439,-0.06114785211351615,3.5832538763911304,-0.346017068009512,-2.5633693570285607
0.006762401732425172,0.014161948493110026,0.00613889797556784,0.004777978458380904,-0.06898687593026491,3.558676249767337,-0.30552305235786403,-2.5528784321022955
0.006588354704204162,0.014013751475153767,0.005936055167874574,0.005049232568561916,-0.10744571754336645,3.5529648239009517,-0.054427210501868724,-2.5589053751197217
0.0065526636857775175,0.013998184509342084,0.005884234518613098,0.005077736804778603,-0.11416629427218057,3.529769694326077,-0.018605254177012528,-2.54722771458788
0.006700385019360331,0.014082470832963462,0.0060855278672382225,0.004921105765507532,-0.08388447027221733,3.5955988110421138,-0.1909116783519792,-2.577511476583505
0.0066723578284886165,0.014070636200720061,0.006045630402010427,0.004945011540033411,-0.08979991101906545,3.57937523112858,-0.16136610403637192,-2.5700729252798475
0.006623317007159875,0.014057925332513465,0.0059711683318455925,0.004972352645291334,-0.09865329737212955,3.5402136326261213,-0.11821561470504546,-2.550825847348689
0.006593419222225112,0.014051921242190573,0.0059249306220783594,0.004985457664075804,-0.10391667748071924,3.51407830726057,-0.09442990735223807,-2.5376774492842924
0.00664190878382812,0.01408251443042702,0.005988434274898709,0.004929428476157676,-0.09394204376628872,3.531008411081714,-0.1530097523200192,-2.544986269901296
0.006165774309649971,0.01359280269857764,0.005354031810158803,0.005720900339294192,-0.20525627931912319,3.4133600024522166,0.5818967129897435,-2.463447938453263
0.00612840919347296,0.013563202190340457,0.005294389859564833,0.005760465029753079,-0.2122396584068665,3.383322706315564,0.6237864404362062,-2.443551971569495
0.006142136333276248,0.013586576790103439,0.005315246623403197,0.0057252596982557144,-0.2081987789235002,3.3863034456693684,0.5932365848697742,-2.447845986261912
0.0061786924675315685,0.013618914564683698,0.00537257517600885,0.0056803989603166774,-0.20080686202771456,3.4124194060546493,0.5475676830018447,-2.465705428881663
-0.005263231055689182,0.01208060354838035,-0.0032378735572856743,0.0073827105956572265,-0.31862702589079794,2.1619351749039635,-2.043856643693324,-1.3865544588564436
-0.005235261487264085,0.012072425498425481,-0.0031971046634621443,0.007364820996419765,-0.3146174639824975,2.1337904682501847,-2.029195791474375,-1.3719818402688204
-0.0052729021319190186,0.012109852375590173,-0.003278910488494796,0.007357862017325549,-0.3204390532801465,2.1908053252451114,-2.02504246288586,-1.4132544863935939
-0.005270272300987711,0.012136558328633919,-0.003302421635351418,0.007323699076993752,-0.3205717740030447,2.2074031561412224,-1.9985270928877579,-1.4338940146303436
-0.00528340413925188,0.012156858840053889,-0.003338033095653704,0.007312063142336502,-0.32228824554148355,2.232306157423043,-1.9898252064261228,-1.454067102260466
-0.00529658899618743,0.012183076667772467,-0.003379368503329795,0.007292994995554885,-0.3241220509196389,2.261231396358451,-1.9752347369003291,-1.4788631572478415
-0.005300315979404025,0.012211735180189247,-0.003411210361608009,0.007261579483928406,-0.32452559082832777,2.2833095718414387,-1.9507524778526542,-1.5021123057710506
-0.005324290680745466,0.012262342770549804,-0.003487830493818163,0.007221331479578597,-0.3269683735734162,2.336548996854743,-1.9193151659487235,-1.5484947707766137
-0.005309790998864277,0.01223792630296667,-0.0034473410217081986,0.007238226473017387,-0.32558261893707213,2.3083879808876495,-1.9325126189019202,-1.5251593189487478
-0.005337759679976984,0.012291893401968988,-0.003531476321948605,0.007196580905230047,-0.32808735927727084,2.3668279275269346,-1.8997590766699197,-1.575125734919399
-0.005348588299937716,0.012320579051151019,-0.003570640733734079,0.007170001509967681,-0.3285703637417279,2.3938190738574696,-1.8786562233775168,-1.5998575827148713
-0.0053090837713899285,0.012286504971155793,-0.0034906279251783927,0.00717719952666856,-0.3245086465577259,2.337684521147377,-1.88439942558306,-1.5604572807004389
-0.005189200114448361,0.01189955049160042,-0.0029609216065542305,0.007510846262424364,-0.3009702734132524,1.9670300895407722,-2.137404079410978,-1.213554590061743
-0.005197434012126701,0.01193065934069263,-0.003004327009193258,0.007485737348400025,-0.3039019469053588,1.9977701060320743,-2.119104266748275,-1.242686614705293
-0.005191621838244291,0.011964247641202568,-0.0030345884101685224,0.007443277310052167,-0.3048062619507714,2.0199310288675796,-2.087002380289332,-1.270462899534677
-0.0051953514634654795,0.011995740697430243,-0.003072319901244448,0.007412290755513934,-0.3067051683647306,2.046721036995491,-2.0637783005958785,-1.2980642839075072
-0.005205863179382393,0.01202924432409899,-0.0031191813472848553,0.007385235146856248,-0.3093809716780061,2.0795960284713497,-2.043685315090009,-1.3286428870893088
-0.005206729270784926,0.012063091672797049,-0.003154954017895745,0.007347807276679305,-0.31058538705629307,2.1048871763177903,-2.0152133515939465,-1.3565527560889736
-0.005162365952447899,0.011886002471224266,-0.002917292460517601,0.007497871404955424,-0.29629985446978074,1.9375969979292165,-2.126221097657004,-1.1963132601234638
-0.005093483546331302,0.011745938381373664,-0.0026868915187188177,0.007569171061688884,-0.27534696438229034,1.7776293364485833,-2.174153520374561,-1.0592960087791392
-0.005060085336118236,0.01174205237325029,-0.0026500642039301923,0.007538597755210197,-0.2705816671591842,1.754126209014919,-2.149934750212906,-1.0510223482949608
-0.005036881121818993,0.011723174058392941,-0.0026059802864587017,0.007532920330645898,-0.2657202863370791,1.7245897197302489,-2.144414936367643,-1.0308377761780767
-0.005099157466136473,0.01178290779542255,-0.002735522496697378,0.0075387314407643485,-0.2796013186308848,1.812112237758379,-2.1524431978819276,-1.0936065399214805
-0.005138257842665495,0.011869233196932595,-0.002873332348336612,0.007490972509419671,-0.29168250198891815,1.9078825828938164,-2.1197490031433173,-1.1769937237389083
-0.005107172059048679,0.011815510017237693,-0.0027809172538890495,0.007514371490018881,-0.28337573816382927,1.8440295296462141,-2.1351702204355902,-1.1240192494554098
-0.0051194746268543295,0.011844271203283655,-0.0028259658510855564,0.007497687126042833,-0.28732144456689745,1.8753693911309,-2.1236637210558134,-1.1515930142865625
-0.006064907349932549,0.013229010084793075,-0.005172821760776607,0.0063052671896686565,-0.2626613576428471,3.463024190185687,-1.0725271640899054,-2.4311139582849677
-0.006050094092349205,0.013222796782290639,-0.005146136535531878,0.006308740549183818,-0.2645082131684768,3.4428459577621253,-1.0793041523277707,-2.4190416942755872
-0.006033001553575901,0.013224995068426577,-0.005117119617240435,0.006296521533389463,-0.26495808602658094,3.4164493150863144,-1.0734497810421277,-2.405542923532192
-0.006013493385841495,0.013220833423365169,-0.005083055604266004,0.006293984758957005,-0.2663925127888899,3.3890419970533654,-1.076360621364626,-2.3900421587520793
-0.005995629996423215,0.01320900877573745,-0.005050476305197864,0.006305133669160455,-0.26898085835699964,3.3666847210869473,-1.089996442820295,-2.3755276100092506
-0.006186600434844602,0.013405379556817702,-0.0054000258198064815,0.006048696269257287,-0.22787105505749158,3.563008991599665,-0.8260031975724057,-2.5189022687208404
-0.006170993597066566,0.013388245212094647,-0.005372471840323513,0.006073061791421128,-0.23174695202005344,3.549399269952707,-0.8506949378888532,-2.508682733608302
-0.006156132514020274,0.01337028169179691,-0.005345957059160459,0.006098893252803291,-0.23560349043181558,3.5369850885605274,-0.8762742925548069,-2.4988669277115796
-0.006142876054592971,0.013352918496954844,-0.005322022918904615,0.0061240533294922165,-0.23917958084823246,3.5262179943831238,-0.900827464738475,-2.4899477836423554
-0.006129724507182462,0.013337762148315028,-0.005298164462238177,0.006145189126529827,-0.2423733450764227,3.514115211882681,-0.9220584083177811,-2.4806440426349137
-0.00611725555076945,0.013325149782758068,-0.005275514115283693,0.006161981599772896,-0.24511209339945114,3.5015291507746498,-0.9394826156498691,-2.4715166966523188
-0.006069244024396449,0.013248954190607398,-0.005183455242168503,0.0062727895228489655,-0.2595191031527641,3.4621108140503387,-1.044289239853988,-2.4350019150930042
-0.006105713154868951,0.013310956777273262,-0.005254212690747657,0.006181748088158487,-0.2480831097405616,3.4908623879470504,-0.9590168069521755,-2.4630634766624695
-0.006100018253396519,0.01329653122647621,-0.00524289280981274,0.006204333376176957,-0.2504481274743829,3.48881434290182,-0.9791961135635743,-2.4591047639577375
-0.006076873452684634,0.013269015950876324,-0.005199479351049704,0.006241624240518189,-0.2560313017095716,3.465667527965594,-1.0164174457150847,-2.4411451996898865
-0.006087495279012314,0.013286893191159247,-0.005220089558181362,0.006215493010106785,-0.252802334723461,3.4741706308132163,-0.9919381911489066,-2.4493550949780496
-0.006227261035863745,0.013441330085779505,-0.005471041870133434,0.0059993230383786,-0.21884269526272693,3.602139744290917,-0.7727054731953166,-2.5457088956900424
-0.0062144412161248795,0.013432956224045632,-0.005448667504543447,0.006009839458478609,-0.22130706382366164,3.588106034093379,-0.7855413109219908,-2.5368742087144898
-0.0062004263630567,0.013420342308155947,-0.005424237733040433,0.006027268086105034,-0.22442687596614544,3.5748343562862,-0.8042289731762892,-2.52772262335182
-0.006233306850495793,0.013455639176243615,-0.005481080841131262,0.005975975390703763,-0.21625590806083997,3.6017819230290757,-0.7519902847139588,-2.547767814974353
-0.006248356706731944,0.013473216663714642,-0.005506646596566626,0.00594959576825451,-0.21220821541087972,3.6125290590472794,-0.7258026070240923,-2.556178919872852
-0.005828380165288791,0.013003030356994946,-0.004713231399892613,0.0065513408922844435,-0.3009123520929155,3.1641980122579603,-1.329796436523434,-2.217695715170724
-0.0058038985911375565,0.01299902405501821,-0.004672266801119548,0.0065423452225999434,-0.3012006475349816,3.131050478044368,-1.3263472042606812,-2.199316712884141
-0.005835570523351703,0.013026670252753928,-0.0047337015572118425,0.006517558739751974,-0.2977277045251414,3.172869191739211,-1.3002795782192509,-2.228607858236074
-0.005845645127592912,0.013049044855013965,-0.004757976581048513,0.0064874165080894336,-0.294814259647933,3.185040106253839,-1.2733318142966281,-2.2408699299461876
-0.00586130008802521,0.013061791831694425,-0.004787800112478244,0.006476037572523831,-0.292841022254841,3.2053955204735116,-1.2609402653839068,-2.254865097037233
-0.005870736071656667,0.013083304459748103,-0.004810191648481351,0.006446458043482451,-0.28989330658433027,3.215991965769899,-1.23450362710851,-2.26590976653022
-0.005877052096153676,0.013111694267263961,-0.004829176764397943,0.0064036685865007945,-0.2858598307230901,3.220667773523409,-1.1978409868482778,-2.275332277731865
-0.005947909891479414,0.013168998692184176,-0.00496151815581095,0.006347743773255796,-0.2763569564913578,3.308717367072696,-1.1363941513584799,-2.335664344747428
-0.00595896891841377,0.013193530636664405,-0.004985579276259266,0.006312516545083072,-0.2725578175701226,3.31821670558427,-1.1047770285689715,-2.3462598918077506
-0.005972234258978972,0.013214467763599112,-0.005012149195371057,0.006284192315587018,-0.26905503399046143,3.33123943025443,-1.0783737823111716,-2.357807784984395
-0.00592646631599897,0.01315140964603543,-0.00492148204941873,0.006365555180442424,-0.2794708329039474,3.2822313683853044,-1.1559137802647461,-2.3174887131692157
-0.005911749863569739,0.013132306958017984,-0.004892062076820775,0.006389151903553583,-0.28251628572977805,3.265413545043454,-1.1785745782816177,-2.304056664813363
-0.005889069143979511,0.01313046308894374,-0.00485421690039061,0.0063796528670823,-0.28305922622201024,3.234111184880452,-1.1756085066517155,-2.286944042361865
-0.005921037172327715,0.013174908349244908,-0.004918298750134155,0.006323756216457475,-0.2762435396566715,3.269460685189167,-1.122649483158086,-2.316027152092006
-0.005696490812282351,0.01281113361164973,-0.0044157153798178375,0.006764669225393103,-0.3217173451544832,2.97537931424958,-1.5274183520410993,-2.06344998288797
-0.00570383716641556,0.012838521901295478,-0.004441593321821608,0.006727703955638496,-0.3189275309258463,2.9892751579728594,-1.4955382332539295,-2.079257285439264
-0.005715697017972955,0.012853626328893104,-0.0044677511391855535,0.006712750494444163,-0.31738227463552116,3.0066158541267582,-1.481584990473952,-2.092787984142069
-0.00571930697235327,0.012872912689268268,-0.004483003058731797,0.006685306163581571,-0.315336178824527,3.013697009210093,-1.4580954171394367,-2.1023602108291226
-0.005729453374083636,0.012894296835244791,-0.004509174162540046,0.006659000627520077,-0.31293177690826796,3.029022043415686,-1.4347932407071708,-2.116660594296276
-0.005740777037039915,0.01291702229604457,-0.0045374926829547385,0.006631144897235452,-0.31054394119562884,3.045556267942521,-1.4099889917396136,-2.1318728327125895
-0.005752679591397042,0.012942354714583949,-0.004567511864987298,0.006599289891151191,-0.3076609849928546,3.062531308950064,-1.3817508498492705,-2.147939021219598
-0.005776770089709373,0.01299675568156055,-0.004628146473159476,0.0065288841661221,-0.3010796901960285,3.0950166200442486,-1.3195372828652696,-2.179858178125976
-0.005765137871857701,0.012970075229448293,-0.004598958444128135,0.006563698610337592,-0.30434669064675507,3.0796954246976713,-1.35025224409325,-2.164615985197337
-0.005424762040011895,0.01241664309946542,-0.0037518856334064848,0.007112665335384036,-0.3336804310516353,2.520687897196826,-1.8320171019103209,-1.6977958715107562
-0.005416867798164967,0.012397233517302236,-0.00372526424982978,0.007131535443677908,-0.33391007669106554,2.502505108782185,-1.8473554447743517,-1.681262866714579
-0.005388903234188439,0.012355302738669943,-0.003652858147197882,0.007161661130718213,-0.33225967093130104,2.451966529297421,-1.871858832256189,-1.6405329805598967
-0.005398246328799121,0.012381043044711874,-0.003687042483150243,0.00713631684939695,-0.3323049119844375,2.4753506150131694,-1.8514509839915199,-1.6622469718860555
-0.005418951198638502,0.012439917595646981,-0.00376302869164355,0.007076406531623802,-0.3318013393657844,2.526895170091716,-1.8027886640994246,-1.7106006309191095
-0.005426068971647081,0.012466185336068948,-0.0037934529039104774,0.0070472645312880935,-0.3311106219203968,2.547006730660245,-1.7790414516175768,-1.7306444044070517
-0.005436805380811578,0.012493990907523587,-0.003829547136972198,0.007018789806210029,-0.33064719795261327,2.5711097721546072,-1.7556312578613806,-1.7529872562015292
-0.005359764034390034,0.01235133673938853,-0.003611645645865058,0.0071405866123366085,-0.3289277822343879,2.4219914983360904,-1.8551505331984945,-1.6259080858095427
-0.005675603955233137,0.012788766038731398,-0.0043713298118513155,0.006783587642069524,-0.32335163682340723,2.944697189321114,-1.5455149066643676,-2.0407285627196434
-0.005647251197715505,0.01277681142902407,-0.0043215064693678,0.006780674594893235,-0.32301103565735895,2.906987620196823,-1.5459595127866412,-2.017933635841091
-0.005593980268754199,0.012725703118511185,-0.0042119387955879125,0.006816882937238295,-0.3250542764011144,2.8304165429387314,-1.5808543896752327,-1.9627669398146679
-0.005623045311282356,0.012763391282404089,-0.004277440692646778,0.00678280904166513,-0.3230846072692379,2.874493215786309,-1.5500635052314327,-1.9972782118773489
-0.005602558933834918,0.012750041592780797,-0.004239154742842208,0.006787365693013479,-0.3231958156271209,2.846788680481517,-1.5556841594540243,-1.9790410199224726
-0.00566935082027476,0.012814447252327513,-0.004375887917481521,0.006739792114289036,-0.32001617007018557,2.941764533003256,-1.509538209642158,-2.0476084999607447
-0.005489348655167788,0.012526848489704574,-0.003926754483903402,0.007018110713085495,-0.3336240422020813,2.64132386819556,-1.7531916816535509,-1.798580039733494
-0.005450277419679462,0.012523895531149937,-0.003870540018451206,0.006989312144331141,-0.3301140520881914,2.5984862958291015,-1.7312394733659928,-1.7775198318614327
-0.0054934635753620285,0.012561932880287431,-0.003958330726115368,0.00697253918027104,-0.3314945337529816,2.6606698972889062,-1.7156991041992653,-1.8214188779001412
-0.005546807944856862,0.012640762282826394,-0.004089000769241165,0.006903954117012911,-0.3295916341931518,2.7497442259640654,-1.6563004455911374,-1.8934841719178388
-0.005528897288765822,0.012613514842496749,-0.004044834098354935,0.00692861931876108,-0.330608462178243,2.719874817924389,-1.6776840902221537,-1.8690762767828033
-0.005503749774561713,0.012596978480035827,-0.003997679139101681,0.00693169501166712,-0.3297231884910152,2.6857403113352203,-1.681728830889922,-1.8466119707508466
-0.005550272904337038,0.012693418020116991,-0.004128125762349401,0.006830601632652579,-0.3252629888230821,2.770493514812859,-1.5957417004440728,-1.9221645249560881
-0.005541283139621136,0.012671130286953509,-0.004100967330715382,0.006855825546660192,-0.32652189556698746,2.7534454133242936,-1.6171689277996069,-1.9060727988607096
-0.005562367613919481,0.01272201738700687,-0.004163347159286815,0.0067982904128748795,-0.32324731877453733,2.7925297434910323,-1.5682037895275414,-1.94273996427925
-0.006777459326421075,0.013968665331689398,-0.006286445034982337,0.0051051086077775094,-0.07525534261998777,3.841059732958984,0.13038459181536288,-2.704885128681727
-0.007025568843325537,0.01409401877131435,-0.006637514290808724,0.004822441275306964,-0.015144355410518699,3.949796904283921,0.46154464729572436,-2.74109639981161
-0.007053001284511282,0.014112466574351445,-0.006670683657360502,0.004780290036201305,-0.008406528230265782,3.949653719476563,0.5042268451414283,-2.737510057810002
-0.007039057899908244,0.014103763363254529,-0.006653340831664964,0.004800588845309314,-0.011849693788117408,3.9487213737867033,0.4831391929174939,-2.73882074984548
-0.007078514762196756,0.014145616580440846,-0.0066871280609083995,0.004712612188008384,-0.0023429202071823274,3.920650601043755,0.5577687598175258,-2.7183443889345367
-0.007089298291881055,0.01415911196490764,-0.006694146659456225,0.004684901219826444,5.817059601138047E-5,3.9088422331407036,0.5796441190350173,-2.710398885052693
-0.007052794165276795,0.014128211297124302,-0.006657032963968567,0.004752675453559093,-0.00852307338518727,3.9223721724279357,0.5179495663488729,-2.7228088639029986
-0.007063231243391705,0.014140776317227311,-0.006664610010237786,0.0047268537178014386,-0.006120299592684652,3.912334870229738,0.5388306577410945,-2.715969974284641
-0.007009048582067477,0.014102400525239513,-0.006601537277010101,0.004813139480848165,-0.019157653090728033,3.916638343879606,0.4538526693127554,-2.7252717317576494
-0.0069960993319205834,0.014092968000517271,-0.006586296340193579,0.004833937668120619,-0.02230963697703384,3.917423846470244,0.43334485949406815,-2.727228137958899
-0.006983130247665687,0.014083592428650425,-0.006570826895999631,0.00485453103869739,-0.025486393045706487,3.9178228884308015,0.41289050740635286,-2.7289256448536103
-0.006884447041038189,0.014004925656490473,-0.0064535169710815765,0.005020578381980857,-0.050298662212143026,3.9235574760317165,0.2505375916972425,-2.7414267019888996
-0.00689854414217567,0.014011565938897255,-0.006474105062020318,0.005005477784400767,-0.046709657482354144,3.9309329077956505,0.2689574170996292,-2.7441862156971393
-0.00690852245000084,0.014026213523784322,-0.0064815048011495615,0.004976927644561871,-0.04410909319409707,3.920360086472794,0.2922214712191464,-2.737746216598047
-0.0069165704693288765,0.014044957070794235,-0.00648227467913678,0.004941596569953382,-0.04175478102641239,3.900747324375493,0.31767584814670397,-2.7265958670784904
-0.006966256334395979,0.01409275507758801,-0.00653399339021908,0.004843528241204763,-0.029375039844506994,3.8832621516173638,0.4063610775543987,-2.712210374076997
-0.006952996852508684,0.014082796436193432,-0.006518368430146852,0.004864912625637179,-0.032604434929596894,3.883909160882935,0.38541531229477016,-2.7139828661843546
-0.006939944492508967,0.014071604080733631,-0.006503876363068986,0.004888295894742905,-0.03581710350082412,3.886488093144948,0.36348574212477375,-2.7167142970474796
-0.006927544009959952,0.014059119007323637,-0.006491305822958566,0.004913683200835208,-0.03892494545493836,3.891589532108298,0.3408389944121506,-2.720671371799233
-0.006866309307233843,0.014013175258814153,-0.006415483029713583,0.005009830123311059,-0.054104075648972495,3.8880697245596605,0.24444284368791305,-2.72408448686069
-0.006829123927576893,0.014007933263997298,-0.006353093088282275,0.005026709053641924,-0.06245881117713876,3.8495407466854457,0.21000346808521417,-2.706358131381783
-0.00679367405840053,0.013982896778009972,-0.006306407228100546,0.005077336836858816,-0.07118292598040148,3.841428037569269,0.157308526713943,-2.704236133232859
-0.006811578351025105,0.013996006582901389,-0.006329802941094914,0.0050510624755348,-0.06675157830528161,3.845065007209896,0.18433558325195273,-2.7051172874633305
-0.006843861631191071,0.014020421785699075,-0.006370835482288705,0.005001721147918574,-0.05877311134115743,3.849276368126563,0.2341871600964793,-2.7051934074324087
-0.007096598915365825,0.014178798725581428,-0.006689450364893961,0.004647893787885806,0.001588373291975769,3.8824755998505247,0.6028846411604806,-2.694965367038011
-0.007122728104024697,0.0141970525428003,-0.006718078388938,0.004605639872238199,0.007635072468531504,3.8775425487089095,0.6432665813064425,-2.688309848757274
-0.007105762312526061,0.014194133590549204,-0.006691584042548061,0.0046177719379112735,0.0034198822164565714,3.865381146413141,0.6241209895390885,-2.6842474042228917
-0.007163643354744259,0.014228011393624807,-0.006759449148174426,0.0045346404619615805,0.016811878117914986,3.863453812363216,0.7081229878574685,-2.673995845332545
-0.0071510704372240025,0.014214115663196164,-0.006750984250452708,0.004564039466735586,0.014075862427281705,3.875818519557008,0.6849909656168284,-2.682846407771575
-0.007131907968988222,0.01421706485851132,-0.00671555544428975,0.0045674599858013245,0.009415172567988545,3.8516556254369347,0.6678350947367325,-2.6726861801924993
-0.006256599877337619,0.01349720684362034,-0.005519341524739264,0.005909638288345232,-0.208175548883574,3.608004530955526,-0.6915528440020173,-2.557221932651736
-0.006267145546646008,0.013516904669151836,-0.005536058651751716,0.005877866965190468,-0.20437194791607727,3.6094106304816784,-0.6629628629652182,-2.5606855003561186
-0.0062986673509122185,0.013546429767556647,-0.005588200535760014,0.005834000013919478,-0.19668397729952058,3.633764230625744,-0.6171204167035848,-2.5775602107049242
-0.006280877467048876,0.013534227182101594,-0.0055583313362771065,0.005851006355372133,-0.20058649321874886,3.6168252127446183,-0.6370452881391824,-2.5669420843557726
-0.00642887954646314,0.013638576704858539,-0.005802941906104385,0.005696235148199114,-0.1677672575102471,3.747621997499401,-0.45833970203183977,-2.648151023684225
-0.006461620979666755,0.013682320753214815,-0.005849903945168801,0.00562218894296456,-0.15773152529577744,3.7528738984609857,-0.38881265706455953,-2.65468788460266
-0.00644948180852913,0.013672326322002187,-0.005830975095970231,0.0056385698816707915,-0.160729085139079,3.745071274321653,-0.40639463890840505,-2.6497856010915473
-0.006437638109226073,0.013657539976327019,-0.005813762428773471,0.005663462278851747,-0.16425265742992537,3.742217365160607,-0.43008490506778835,-2.6470278793865076
-0.006487529940450905,0.013716771889958797,-0.005885726753321849,0.005563235742798015,-0.14985440573484723,3.755015571587307,-0.3338246231824133,-2.6583154464775913
-0.006468562761650373,0.01370027261885669,-0.0058569621553039245,0.00559080928118932,-0.15472172311978147,3.744655258081756,-0.36271364293498415,-2.6517494616702595
-0.0063428532799797675,0.013593952669370898,-0.00565886657636536,0.005759996271045737,-0.1852376263680877,3.660331293088435,-0.5430757117437742,-2.5973461016952886
-0.0063001135644743245,0.01356774081631732,-0.00558770778791778,0.005796739891968813,-0.19401581914473287,3.6190915343838923,-0.5881244892067253,-2.5722912938076625
-0.0063178431222523845,0.013585979603783013,-0.005616047236761205,0.005768680106628351,-0.1893739254125366,3.6302657776418674,-0.55985830789361,-2.580408826146384
-0.006351743234885314,0.013615072014670063,-0.005670547568789162,0.005724404621134628,-0.18146602030014267,3.655163472368646,-0.5126878346135616,-2.596843971845089
-0.006410587129598697,0.013637819736852769,-0.005770264179554555,0.005694599303273608,-0.17045744850343322,3.7211010975532326,-0.46525172122588415,-2.6341078650457423
-0.006392563500917077,0.013631821916131437,-0.005739454722375319,0.005702250587703472,-0.17396449021795563,3.7001037441157303,-0.47884189572342784,-2.6224139092357484
-0.006369821240613393,0.01363322727489018,-0.005698724788672596,0.005695694044157794,-0.17677643671538038,3.6654397476840725,-0.48369933641562046,-2.604151045320671
-0.0065311522849383075,0.01375057735222751,-0.005952296811414445,0.005506060218433278,-0.13913149126971475,3.7813448554079487,-0.27179690006387724,-2.674028762894162
-0.006518062514888001,0.013743209027459286,-0.00593146417287083,0.005518407883787642,-0.14205728881843352,3.77064966010554,-0.2870286078634318,-2.6680799128218484
-0.006502715466781478,0.013731554654708765,-0.0059080112398179,0.005538114620920953,-0.14582196482650212,3.7612188126376225,-0.30854339362762295,-2.6624902430312827
-0.0065372170903426965,0.013764511026086125,-0.0059579893692092295,0.005481416676569278,-0.13673664118489917,3.7744523218485786,-0.25139979440318244,-2.6711468764596233
-0.006564437418576988,0.013784194160875927,-0.005999128409159658,0.0054472878315518225,-0.13013728211740228,3.790670086325364,-0.21374660410546184,-2.6803929596737706
-0.006545360169787975,0.013779042613377895,-0.005967001535316252,0.005455805162857522,-0.13392175670068368,3.769659786345774,-0.2294506591507473,-2.6693076168481173
-0.006616851977288049,0.013811045921910731,-0.0060820458324885585,0.005399752066726493,-0.11817229028179166,3.832931382376597,-0.15336711906597825,-2.702879613102844
-0.006761662991781305,0.013955186823602255,-0.006266510323312738,0.005131305832720098,-0.07929076232607239,3.839690216500131,0.1045861708540441,-2.704891067223546
-0.006746838962264646,0.013942595216014191,-0.006247547210293914,0.00515562316358546,-0.08309935749261076,3.8379551776449508,0.0805241375132021,-2.704571138839015
-0.006627912003510275,0.01382588905299593,-0.006095261075264192,0.005372900411154674,-0.114854753287693,3.830181208080038,-0.12910682092513695,-2.7017880112749
-0.006637648902688195,0.01384341354387366,-0.006104597059691018,0.005341197882453291,-0.11159541719004325,3.8218822736284603,-0.10246601350295824,-2.697827267113222
-0.0067304769431287,0.01392741889586585,-0.006227095147021153,0.0051845569210677315,-0.08730173939444084,3.8373669896722395,0.05256217258549201,-2.704812906453899
-0.006676723614289502,0.013876447524591723,-0.006158420024733622,0.005280229662057394,-0.1014533346485544,3.833319221595591,-0.04020124221095626,-2.70369185296514
-0.006662832852380294,0.013869470483914337,-0.006137071340534562,0.005293507374025628,-0.10469176831269798,3.8234069267909976,-0.05682069271607238,-2.6987333159342874
-0.006649129726358109,0.013858303622118002,-0.006118040118720385,0.0053141246014581775,-0.10821345553460593,3.818928423755572,-0.07809998407197404,-2.6964496894580727
-0.0067105423438227115,0.013921904575764898,-0.006194690740199011,0.005196438816451615,-0.09169917635622024,3.8186082791725084,0.03320289785966256,-2.695657219095109
-0.006699757254722198,0.013904529564987108,-0.006184905702054744,0.005228354640880831,-0.09494047347598375,3.8274294024128785,0.006640435739637006,-2.700428122363744
-0.006684543884670086,0.013889959367912494,-0.00616544315807249,0.005255544028983928,-0.0989744302910643,3.826231552500421,-0.019635599266120657,-2.700031903502532
-0.0067535357722645325,0.013976088783281977,-0.006239721467192558,0.005095489088976147,-0.07972034317595324,3.800283753268394,0.12137382777061144,-2.6845874940156995
-0.006561989924605514,0.0138063157947249,-0.005985775240091726,0.005407701202833646,-0.12845254337507095,3.7616457726515393,-0.1879027154446207,-2.666173708068164
-0.0065946167937943724,0.013816576905219839,-0.006039659987214335,0.005389806851265798,-0.12176730575587792,3.794956557346762,-0.158551022870648,-2.6836195015650897
-0.0065720060303402425,0.013821833526656875,-0.0059971078172897105,0.005380283903582508,-0.12539360845893022,3.757448230218904,-0.1640914273179115,-2.66446390913031
-0.007176242295794413,0.014240196503379626,-0.006769327848100409,0.0045081019568086154,0.019486469371412737,3.8538232939138175,0.7299450418459413,-2.666584848270842
-0.007187734659457039,0.014254738530684138,-0.006774862454278431,0.004478069028096562,0.021804575737125274,3.83865337867104,0.7521524709641874,-2.6562631264889904
-0.007200028835060091,0.014271593174972619,-0.006779260285057521,0.004443781679318712,0.02417531403930245,3.8198618420257127,0.7765098629996805,-2.643747763894448
-0.007213393351926897,0.014283365468248986,-0.006790129537734235,0.004417473293632974,0.027052449056782935,3.8108436775820524,0.798299161914911,-2.636380769119669
-0.007286751410246342,0.014290980831417855,-0.006905048564071943,0.004366166509669318,0.0446629982934462,3.8612526605262034,0.8821722022549842,-2.6502186194249533
-0.007270411454780492,0.014300551336332087,-0.006867916447283928,0.004359124998888055,0.0400383414630559,3.829466428346374,0.8700863593630137,-2.6359584990096496
-0.007256720370938975,0.014292384123267693,-0.006853430138303592,0.004380075342684703,0.037075078537187445,3.8326900411523286,0.8501653645985955,-2.6403802905489546
-0.0072430820070788215,0.014283499571956975,-0.006839605450654798,0.004402090080992626,0.03415301720745407,3.8370093276608057,0.8298273648004387,-2.645348892565833
-0.007226426462303563,0.014293828798625924,-0.00680152380027308,0.004393450039118223,0.02971537227337245,3.803575651089558,0.8188244858603176,-2.629989573758891
-0.008115649345237109,0.014631330544227506,-0.0077187430695876075,0.0031405510481650454,0.20299232787470556,3.5190676554193723,2.003470885544808,-2.2100340744458333
-0.008117677537842836,0.014647217071427063,-0.007695854241704767,0.0031171802982601364,0.19700871529182382,3.488562332027875,1.9991091236821263,-2.1946172221942333
-0.008130208448819102,0.014637227572066366,-0.0077285616765395545,0.0031163101303268563,0.2036051086567805,3.5058863532688647,2.0210981077736507,-2.1971892809880536
-0.008101108812757923,0.014625387795527458,-0.00770884954675689,0.0031647579560797664,0.2024810236728215,3.5320428316025594,1.9857537969314254,-2.222763538871112
-0.008103110860104682,0.014641266648781542,-0.007686060864960678,0.0031413312622811025,0.19474309071502238,3.5014929952638814,1.9815304676346506,-2.2074056825906534
-0.008086586996046873,0.014619399384801344,-0.007698869655396089,0.003188958871544015,0.20037464994575757,3.544844002400874,1.967906081258999,-2.2354407318801086
-0.008088550925131893,0.014635309086238918,-0.007676119265731487,0.00316541491268077,0.19263436892883615,3.5142468927483352,1.963819194660146,-2.220073804395856
-0.00807208403983508,0.01461336537145513,-0.007688808559927086,0.003213141099815357,0.19761053465018388,3.5575316085829893,1.9499548699298341,-2.2480314340508687
-0.008074003658328702,0.014629301407612373,-0.007666102943771637,0.0031894779177693657,0.19084265935285458,3.526896821105567,1.9460301920842709,-2.232624257752501
-0.007956756752799632,0.014563458889128958,-0.007605637423654109,0.0034053387525298695,0.1819303962421229,3.6543165663530943,1.803478969348901,-2.3442658431257657
-0.007943959703786236,0.014573036390649266,-0.007572805357678659,0.00340478254840481,0.17233664947122607,3.6349504778524566,1.7822495261945885,-2.340150588665533
-0.007985470484765415,0.014576207035553426,-0.00762688213992916,0.0033574877532769505,0.18622156984134045,3.6310187446420126,1.840600899905603,-2.3209362548366097
-0.007971103608784271,0.014569855515627573,-0.007616301892403764,0.0033814197264116115,0.18465426682815375,3.6427358893993973,1.822100984175072,-2.3326328568542483
-0.007972760296631451,0.014585832156352696,-0.007594152277736716,0.003357159662300633,0.1764200966702164,3.6119187654840172,1.8192875729605327,-2.3171026773283896
-0.007958358347876634,0.014579468482782632,-0.007583510070531037,0.0033809646360777983,0.17429224205472563,3.6234829974498197,1.8008075450914147,-2.328684509391502
-0.007999857235701383,0.014582513384860307,-0.007637382570967642,0.0033335329519174096,0.18702599565771508,3.619114803758219,1.858993439102803,-2.3091566989393906
-0.007987157459351532,0.014592159204239903,-0.007604674991840969,0.003333333442207355,0.17879604464307833,3.6002135124825227,1.8376556848264431,-2.3054005482177753
-0.008057600088913429,0.014607285815467807,-0.007678678060563442,0.003237276158052415,0.19601910487460017,3.5701091639160247,1.9319418183022925,-2.260488715114583
-0.008059483558825409,0.0146232280435793,-0.007656052184210644,0.003213526396881853,0.18894606911578826,3.5394510864060416,1.928181328809991,-2.2450551037761826
-0.008043135288126549,0.014601160777393509,-0.0076684729884853075,0.0032613762416732143,0.19461446092069776,3.582539568924504,1.9138433486949993,-2.272837194786525
-0.008044984281643684,0.014617119348666066,-0.007645912229146667,0.0032375293038908568,0.1867902075257741,3.5518470349397018,1.9102355131314124,-2.2573574746557807
-0.00802868978236684,0.014594990318363588,-0.0076581831528878055,0.0032854653329161144,0.19181689819256362,3.5948348508102907,1.8956282015098678,-2.2850990930828594
-0.008030489794022782,0.01461097627762089,-0.007635661621902104,0.0032615001477541085,0.18478464547807158,3.5640919818879513,1.8921826419036447,-2.2695382134546325
-0.00801426371656846,0.014588774500088612,-0.0076478154454301854,0.00330952735081856,0.18871404530323868,3.6070335695955777,1.8773299301189639,-2.297222356743969
-0.008016008874206854,0.01460476207761733,-0.007625366863297553,0.00328547672836044,0.18303288327820644,3.5762520027790434,1.8740646981071676,-2.2816108124605994
-0.008001565210403636,0.014598475733228575,-0.007615059421727992,0.003309438499080709,0.1811050383083187,3.5883173021444392,1.8559018446422149,-2.293569606078574
-0.008132269406191014,0.014653162332379607,-0.007705516422088978,0.0030929428708931454,0.199004913831643,3.475442500150979,2.016557607621223,-2.1817146305810113
-0.008144785978910383,0.014643078820777488,-0.007738314370653657,0.0030920127505326047,0.2054697958759999,3.492524030636963,2.038681659039458,-2.1841365519910148
-0.008203277475351161,0.01466602487878274,-0.007776591388442569,0.0029944418163251724,0.21677969746792894,3.4382130890834843,2.1083716625391724,-2.1301158307634234
-0.008205773652167256,0.014681925751096678,-0.007753427477962502,0.0029713471915501378,0.20692467244389082,3.408198424463295,2.1029651161370513,-2.1155381227753076
-0.008188627683509354,0.014660357317958712,-0.007767144372468465,0.0030188610230283117,0.21476858460685036,3.451876837621439,2.0911103385031327,-2.143753607530952
-0.00819104787303619,0.01467631840450786,-0.007743927693746571,0.002995652189436615,0.2050931910918928,3.4218396821382595,2.0858196355692495,-2.1290127185428953
-0.008173995740642209,0.01465464375057933,-0.0077576125687225895,0.003043271076948383,0.2117702191374841,3.4654789689637817,2.0737190625905915,-2.157355905532834
-0.008176315815243718,0.014670653841085212,-0.007734340675800443,0.003019965618715588,0.20347840725881006,3.4353650320133364,2.0685721203012375,-2.1423600391119386
-0.008159381790995322,0.014648884232660607,-0.007747999994615249,0.0030676614893231924,0.20837210559329614,3.4790360089221863,2.05622959941162,-2.17084498614984
-0.0081615947000871,0.014664906825642268,-0.0077247259910573065,0.0030442989175667747,0.2020667958446535,3.448808762654618,2.051266446956312,-2.155587963537439
-0.008146907580590822,0.014659069980297264,-0.007715121946086831,0.003068637183596547,0.20064521127709237,3.46217704746319,2.0339304133709066,-2.168704612063959
-0.008119573343097864,0.014663485061888587,-0.007672866467915943,0.0030938623874077285,0.19546878273916815,3.4530728929169565,1.9988902280042478,-2.1748818336486955
-0.007384111610610977,0.014329373753785892,-0.007025768954809387,0.004245084955149199,0.06673889276273531,3.8678953293819514,1.0148076909602926,-2.6331484679756456
-0.007398267529214557,0.014336979568234964,-0.007040634928979563,0.004223624727077217,0.06973862793420126,3.8639846788485115,1.0353256812046496,-2.6277816655354083
-0.0073687881382158,0.014339243906548319,-0.0069895848723875555,0.0042382895303240626,0.0621657021509543,3.8368981389387575,1.0023917804225844,-2.619561737018476
-0.007302178590066194,0.014300440265546603,-0.006920953838320414,0.004341764709325125,0.04797187403348689,3.856652642210318,0.9050617081212555,-2.6445844031267245
-0.007312772200857473,0.014317992246777538,-0.00692007189784682,0.0043065794938705335,0.04950213750439902,3.8325354869891064,0.9271895140953891,-2.6291457410301677
-0.007324846275904444,0.014330491855053916,-0.006926741448274941,0.004278967166426484,0.05172307956972439,3.818861464155836,0.9477937936628117,-2.6191029076826524
-0.007338311481980385,0.014340945768762528,-0.006937679139457724,0.004253874203983745,0.05439280334518783,3.809884361883713,0.9686627667207531,-2.6113113045474177
-0.007352745919684281,0.014349323647691807,-0.0069522596939925905,0.004231522191666142,0.057397735172481125,3.805293403456688,0.9894216910888026,-2.6056846037785886
-0.0074261233108419405,0.014352685905641142,-0.0070685955985312155,0.0041798550648701185,0.07556042467090048,3.8540171610038563,1.0760019861922527,-2.615827323745273
-0.007412175255807416,0.014345301807503152,-0.00705412801426501,0.004201035340313397,0.07257652751191696,3.8581885920844967,1.0559115966366992,-2.621386963038514
-0.0074271728973742245,0.0143682205541683,-0.0070525381370106196,0.004153820764635597,0.07455502793178426,3.8242882375948133,1.0847687251317026,-2.5992710950801468
-0.007437830398692933,0.014377925814737885,-0.007058687286328034,0.004131037312037963,0.07637498151643923,3.8128806690060766,1.1018249784134253,-2.5904780755248464
-0.007588547742619463,0.014467948475088943,-0.007189068658810195,0.0038800139271152052,0.10452336054201243,3.7272732746098254,1.3165634639714474,-2.5047358278159915
-0.007574062870962582,0.014460138508697271,-0.0071763628071942346,0.003903247565177743,0.10187847500061122,3.7351417766879322,1.2965786193632434,-2.5130106581215297
-0.007559869753625913,0.014451908991452383,-0.007164460178878468,0.0039268210982372235,0.09932436025446258,3.7437391167345475,1.2767482567713586,-2.5215581546090373
-0.007545978351941103,0.014443104041158769,-0.007153561747704473,0.003950987787511885,0.096893049600758,3.7533892318841358,1.257013124416357,-2.530556412750311
-0.007450933457362839,0.014388771856380432,-0.007067307696955081,0.0041047516232659,0.07870965455363275,3.8007441927715866,1.122138032581194,-2.58066556389827
-0.007533154677508822,0.014433559108372383,-0.007145064292721736,0.003975465576214267,0.0946839972973413,3.7648710402386953,1.2382166726236077,-2.5402313035663266
-0.007521961231724624,0.014423052283630344,-0.007140140074860114,0.004000237116617816,0.09313274724636475,3.7790128891189703,1.22089828039693,-2.5509070273663372
-0.007507371336395139,0.014418134605018682,-0.007122922820921855,0.004018558779002007,0.08991029094339388,3.7798113210177866,1.2014716122872147,-2.555116834602505
-0.007493903093342407,0.014410316656134887,-0.0071108363050997716,0.0040405709130006484,0.08738989595738489,3.7867734497698025,1.182279464496334,-2.5623621966462644
-0.007482844850713563,0.014401495568456931,-0.0071036416086447856,0.004062423676012881,0.08549528977723833,3.797046864914244,1.16548369938483,-2.570776673196882
-0.007466493389730047,0.01439983355825481,-0.007079407341018971,0.004076398077559677,0.08157202721987188,3.789554548832556,1.1453067441736262,-2.57073183412372
-0.00774581221089908,0.014511015345056555,-0.007372517756782775,0.003684064535487888,0.13700822666289603,3.710670917467873,1.5228017474881277,-2.448886763963721
-0.007760161680541032,0.014518070022206795,-0.00738433479141789,0.00366075485758592,0.1394309913374027,3.701287461199994,1.5421372278892254,-2.439221551079038
-0.007803170466521508,0.014538582732799002,-0.007419622212525859,0.003591311941190663,0.14661696886049944,3.6729723891418744,1.5995244991414408,-2.4098667615520415
-0.007788911302785372,0.014531854429076936,-0.0074079879661061885,0.0036143142403025955,0.1442505567331123,3.6824586436932383,1.580589115898131,-2.4196978792546577
-0.007774568129223222,0.014525038465768282,-0.007396186671648797,0.00363743625633055,0.1418606836861294,3.691851822230912,1.561454523573534,-2.4294615664376042
-0.007689358355775979,0.01449947080147212,-0.0073028878532017645,0.0037502327210639235,0.1250924256805843,3.7115750432102463,1.4493096091340492,-2.46699000081481
-0.007703999101149405,0.01450573973016262,-0.007316699814690685,0.003728324014609568,0.12776248072592297,3.704887368098754,1.4689239373178162,-2.4588975157343604
-0.007731705288434976,0.014520812925058793,-0.007338073133016625,0.0036817707697531774,0.13232614202626414,3.6849143018352923,1.5064088841094476,-2.4394916401571236
-0.007718482335776743,0.014512582777437725,-0.007329348696269086,0.0037055815777031977,0.13030784224390102,3.6966871114168725,1.4883990783293246,-2.4499829468724794
-0.007659913718600039,0.01450279397600032,-0.007253869272869244,0.0037697088671761795,0.11754794833874556,3.6919859988099675,1.4132102409382161,-2.4651509847403337
-0.0076745684153468685,0.014510733898550848,-0.007265661993396272,0.0037455820461969776,0.12003684861709452,3.682390318448206,1.4330214924639895,-2.455598674576684
-0.007631160913392632,0.014500784106065534,-0.007212804536257938,0.003796093975004321,0.110854502253511,3.6829498051877674,1.3772509191430038,-2.4685642276767297
-0.007643725497601184,0.014512763483134869,-0.007216455314592107,0.0037678234864435534,0.1123485594535344,3.6648488830390638,1.3953398454030987,-2.455075665765033
-0.007614085086669263,0.014506749566858252,-0.007179269596155631,0.003800609838754057,0.10605848704467176,3.6631145010470276,1.3578642119531936,-2.4625318191405507
-0.007601342583420892,0.014494952316893489,-0.007174781889582199,0.0038285636891542073,0.10441358251913561,3.6802328511688525,1.339439115747583,-2.4754672203835955
-0.00758718502748709,0.014486363883254375,-0.0071638975982619485,0.0038526887206919644,0.10201156366496499,3.6901197504035212,1.3200002454605808,-2.484782931122906
-0.00788765004366824,0.014563115482758774,-0.007507404411348025,0.0034753048416277317,0.16302715949527116,3.643817306534896,1.7102877800973617,-2.364760045097906
-0.007902073405910133,0.014569790639453718,-0.007518325279292159,0.003451547658030692,0.16528104779041594,3.632804816024682,1.7290200615331919,-2.353723864649094
-0.007874107899434896,0.014573074734255164,-0.007473571011185314,0.0034742047125560075,0.15767824790955284,3.620032624113405,1.6923730771732177,-2.35725292698082
-0.007860163061516767,0.014583130576715663,-0.007439176122036271,0.0034732236284372663,0.1529240127511946,3.5958111905495787,1.674673163364987,-2.3492415185545386
-0.007846888210088936,0.014575202664424138,-0.007431471207168237,0.0034972066316046814,0.1511395146362224,3.6089746588790454,1.6575953183623182,-2.36084544089466
-0.00783232299400197,0.014568685880591433,-0.0074197391140185314,0.0035203213333019306,0.14882123478270315,3.618702743257281,1.638787304564957,-2.371022688059821
-0.00781790035941526,0.014562254716232117,-0.007407926833354248,0.003543091601927384,0.14648122757073098,3.6280347722891775,1.620098153834859,-2.380888465783061
-0.007804115908981646,0.014554992488161113,-0.007398046050824219,0.003566397609780785,0.14438752398824764,3.6390335817899087,1.6020743589336668,-2.3913915844375158
-0.007931006016204748,0.014582946195051053,-0.007540058838085693,0.003403989026629768,0.16965049081724679,3.6104812913953706,1.766288081561212,-2.3313262738263254
-0.007916538035848191,0.014576386573587556,-0.0075292488461887325,0.0034277833367725194,0.1674734186220309,3.621725497574579,1.7477045976605694,-2.3425917573507333
-0.008291542990765968,0.014699061038930978,-0.007831606839017017,0.0028474524665284113,0.22149882679080157,3.3532420037793265,2.209391755735834,-2.047418099219354
-0.00827937949825646,0.014709556191669632,-0.007798990537244233,0.002849365501783156,0.2167417213716103,3.337900794440374,2.186696505573648,-2.046424072567081
-0.008321101100260938,0.014709702589809144,-0.007849375754126777,0.002798097425498381,0.22892171295349095,3.3236623138391885,2.242508994806403,-2.0183403841303935
-0.008306313695911128,0.014704405031812395,-0.007840527904321975,0.002822794888251916,0.22483153452201884,3.3384665925658585,2.2259794348429858,-2.0329986165930234
-0.008309072640866604,0.014720445027376542,-0.007816560175817631,0.0028000458894771947,0.21901309979824776,3.308714548581403,2.2194676679266507,-2.0180621812927515
-0.008294196222690972,0.014715045890182089,-0.007807755164145488,0.00282471830341607,0.21811134583630018,3.3233471883918297,2.203090479575455,-2.0322898215971965
-0.008267073065286262,0.014720246971524506,-0.007766623016869224,0.0028513129587209377,0.2128201728504239,3.3171117140190574,2.168199257178841,-2.041012561698619
-0.008208319127914818,0.014698165314261944,-0.0077304970445275486,0.002948071378203777,0.2065583978972854,3.3727926356669005,2.102126025982576,-2.095604845268085
-0.008252401015041608,0.01471463095132408,-0.0077580265324496194,0.0028756932808793917,0.21131520032683024,3.3315434320759247,2.1519214362579357,-2.05498183730796
-0.00823774800346651,0.014709116251486729,-0.007749114161568207,0.002899867922494191,0.20979523264726482,3.3455551686281946,2.1355041443958913,-2.0686837311128348
-0.008223057501530589,0.014703651572486856,-0.0077399031123163075,0.002923961742980296,0.20820871142819095,3.359257060468949,2.118902064385129,-2.082198102428924
-0.008605047553236286,0.014801469324203571,-0.008002294770642248,0.0023249365991212284,0.2517418317037636,3.023769692271577,2.5351551869682782,-1.7256168610258156
-0.008608690884899645,0.014817081167827706,-0.007977511753730659,0.0023041549086544023,0.24678208832184087,2.9953601097928093,2.5260043988476464,-1.7123113946797839
-0.008620139971822548,0.014805828367996316,-0.008009562217524663,0.002299774265179202,0.25285289893517143,3.0068214352253926,2.549452310344374,-1.7093095895033235
-0.008589969109727749,0.01479706294397708,-0.0079949570654806,0.002350046038662773,0.2518049058160741,3.0405616770878723,2.520778930002316,-1.7417121392177612
-0.008593592299054454,0.014812622164986721,-0.007970356927952135,0.002329226204982516,0.2455179062056714,3.0120698850859893,2.511793284845318,-1.7284951879896295
-0.008574904804645981,0.01479260927722873,-0.00798754317605215,0.0023751233588738697,0.2517666826855986,3.0571737318988106,2.506279395770475,-1.7576899672072217
-0.008578505469932095,0.014808146359660747,-0.007963067157175126,0.002354250981191175,0.2440541139544092,3.028655747396988,2.4974308227483433,-1.744619019966348
-0.008350725434314416,0.014720158197241128,-0.007866817335382184,0.0027486788774607994,0.23361320015389264,3.293984295778143,2.275205583052938,-1.9887607269347054
-0.00833590506071094,0.014714953661811803,-0.00785813661391459,0.002773398429849061,0.23133286820652552,3.3088350829130615,2.258914762341255,-2.0035767688961297
-0.008338877721318588,0.014730922338415164,-0.007834234422059676,0.0027508153180429216,0.22149138288427314,3.2793216812166612,2.2521492924503614,-1.9893153825684797
-0.008323977580263785,0.014725724211931709,-0.007825418907234365,0.0027754134256670377,0.2201141033172647,3.2940599484624937,2.2358461486047676,-2.0037414546059265
-0.008395283607075693,0.014735492086180697,-0.007892347845294582,0.0026744914437509034,0.23583715755018433,3.24919588838411,2.3232312457743602,-1.9446196572305763
-0.00839830422621667,0.014751080671344253,-0.007868645523532369,0.0026527184916215435,0.2288864355178222,3.2195030444637864,2.316204659736265,-1.9304215962632696
-0.008380414850021051,0.014730427458694155,-0.007883933396609736,0.00269919469398021,0.23805777525657099,3.264258762727973,2.3074267756481155,-1.9591937029997724
-0.008383479887738448,0.014746045998524304,-0.007860322597529038,0.002677290519637807,0.22629931517637444,3.2346711012425815,2.300443682049171,-1.9453260482783505
-0.008365562078288624,0.01472531614604481,-0.007875420555397724,0.002723931757142159,0.2365349344289551,3.279139856167195,2.291395278724902,-1.9739321345522025
-0.008353761360200416,0.014736040442392196,-0.007842991160187765,0.0027262647783653053,0.22278176460872068,3.2644971465663404,2.268346861302449,-1.9747769541628877
-0.008368628957920373,0.014741065021657689,-0.00785171410126187,0.0027017766960109424,0.22416568679839863,3.2496267476601726,2.2844513795055152,-1.960119423590333
-0.008488013058490581,0.014780769526107207,-0.007916614934546566,0.002503774303300789,0.23641153220986774,3.1256710389893887,2.4082576147907937,-1.8392837689377546
-0.008499800570831098,0.014769633284930958,-0.007949257368141262,0.00250027193753004,0.24539030714825957,3.138491149586359,2.43169640902852,-1.8376598227875636
-0.008415814075323652,0.014772219878594776,-0.007852420120840108,0.0026066644836818466,0.22777050736815066,3.169839813485979,2.3274012000662836,-1.8968887610973482
-0.0084011536147562,0.01476690481801081,-0.007845066710016432,0.00263125429802635,0.22647963346413566,3.185651506416552,2.312422869561377,-1.9119124642952767
-0.008475922908404678,0.014792393079466302,-0.007883564166186137,0.0025071131867953496,0.2334117850480911,3.106401448471931,2.3881528190619665,-1.835577670021998
-0.00846078512531525,0.014787514462600482,-0.00787564013173308,0.0025320463041432206,0.2320211764847456,3.1222601741425273,2.3729716214200067,-1.8510203635987512
-0.008430665391019516,0.0147774371558631,-0.007859979099724778,0.002581892328003058,0.22919009915110902,3.153980187657386,2.342511989318662,-1.8817093152263784
-0.008445684070791375,0.014782533659500573,-0.00786775397060196,0.002556986592165741,0.2306150487856697,3.138116059400179,2.357737110282976,-1.866403973055944
-0.008695805978438997,0.014826911844453403,-0.00804470456641622,0.0021736564691628695,0.25874516671314474,2.921182534634751,2.6194661572902382,-1.6260310867187286
-0.008680646132284168,0.014822790206067778,-0.008037842634902096,0.002198895858229747,0.2590163442656215,2.9385263174280127,2.6057474609092255,-1.6427317783316833
-0.008684574221085617,0.01483832003374932,-0.008012868599267605,0.002178538460578534,0.2517734797413759,2.910673682814745,2.5959419727921245,-1.630028396019598
-0.008665499445531182,0.014818620992578935,-0.008030905133430731,0.002224099665512718,0.25991654721603147,2.9557056637005332,2.591902372611295,-1.659363172471051
-0.008669386613728076,0.014834152153505802,-0.008005995111336595,0.002203702285693217,0.25029539478695884,2.9278038890098164,2.582195614069892,-1.6466683311525372
-0.008650366081149911,0.014814404250277427,-0.008023879024664773,0.0022493148917769475,0.2590246749417738,2.972767303231245,2.5778821221771886,-1.676047134859709
-0.008654189397224727,0.01482999212892442,-0.007998924784081068,0.0022288244674751405,0.2488993324228291,2.944791235994668,2.5682521851588818,-1.6632377072188709
-0.008635246202199699,0.014810140026172798,-0.008016760748583313,0.002274553866057771,0.2558826396466196,2.9897977377131384,2.563706912440663,-1.6927504445507315
-0.008638989699088231,0.014825791827890336,-0.007991749519911419,0.002253934274674031,0.24806810194179016,2.961687835998647,2.5541912879460242,-1.6797067115997508
-0.008623817812551096,0.01482148799435302,-0.007984607531279152,0.002279050222585895,0.24756831718893715,2.9785493980910367,2.5401095469150934,-1.6960594453774307
-0.00956080913374961,0.0149806737880534,-0.008300974917683872,7.320303462368693E-4,0.28341054005147326,1.838055226111165,3.1990653252495456,-0.5760737444854879
-0.009545166597241007,0.014979269682969048,-0.008298634759064094,7.581006479457984E-4,0.2835762734112618,1.858956144494285,3.1921606384639976,-0.596197425715095
-0.009551740153287878,0.01499392002715222,-0.008271098486611205,7.424510757673355E-4,0.2780562920881781,1.836744664509428,3.1767202960609437,-0.5881981712371318
-0.00957645590985768,0.014982028743765488,-0.008303235395938418,7.059275454682845E-4,0.2843270978220705,1.817090678825312,3.205852804012578,-0.5557593708064931
-0.009567445893339565,0.014995373917300098,-0.008273268081171438,7.16422251682716E-4,0.27785510724442436,1.8160280655809695,3.1834967559041174,-0.5681346607271931
-0.009592106779443133,0.014983334538301009,-0.008305414696381963,6.798079737924783E-4,0.28574106306319275,1.796122562906227,3.212528110922676,-0.5352974417271248
-0.009583183072119994,0.01499674853751519,-0.008275419957183026,6.903543409022693E-4,0.277435813431644,1.7952591599456376,3.1901992727858386,-0.5480075677940041
-0.009607761596875476,0.01498459116027727,-0.008307511195266425,6.536905594047507E-4,0.28683051920366326,1.7751867163629147,3.2190879963893653,-0.5147741328701092
-0.009598930800900142,0.01499802980935968,-0.00827757542492981,6.642816026757298E-4,0.27700833566099486,1.7744591689206926,3.196839744350045,-0.5278093766532049
-0.009623420217022645,0.014985798598725458,-0.008309524282558869,6.27583533885768E-4,0.2871743152925421,1.7542839438019986,3.2255271150386995,-0.49426364662724825
-0.009614668506407437,0.014999228859141317,-0.008279708498957232,6.38231128473534E-4,0.2767551042344611,1.753641857125604,3.2033948560059184,-0.5075520840803874
0.013891701994672793,0.014222537493439259,0.005119170291088885,-0.0047164086919619,0.1528954801012183,-2.161510691961984,-0.5576829329874274,2.8884107103551675
0.01385650102764387,0.014298067786084723,0.005143499759956104,-0.004612607027854079,0.1468938121826773,-2.126433925231346,-0.6120362989520746,2.837017176694612
0.013973326329346973,0.014184793299710625,0.0050151275340901075,-0.004760370514134618,0.1518281676769672,-2.1592880319852896,-0.47564934411022713,2.8729944311982316
0.014059934256094414,0.014145368336592365,0.0049038262526478115,-0.004802217257841099,0.15185332137314242,-2.153148610283448,-0.39115828694578636,2.851620899938712
0.013867213366388966,0.014451670149166446,0.005071902037030538,-0.00440215691770146,0.1330859304388545,-2.035165743304613,-0.6452672229435267,2.6883725051947422
0.013893757998837417,0.014369553270743842,0.005066629884768183,-0.004511975772269633,0.13927853179239305,-2.076074664944072,-0.6012600645780299,2.7498139166760414
0.014153440064197992,0.01403117780131007,0.004795839774654177,-0.004942075525741569,0.15740661742823067,-2.178750444301634,-0.2702792581088332,2.8843121943555237
0.014122199343646289,0.014105924477123211,0.004825853413932673,-0.004845000151819243,0.15060107248677707,-2.1520292856606127,-0.3267296776304085,2.8431278697285793
0.014133815403613068,0.014179367750428485,0.004794460261871231,-0.00474196778548721,0.14403269866735754,-2.110320015820938,-0.34867435115055545,2.773012295082147
0.014232050996882382,0.014008511993832781,0.004690055428264328,-0.004952908478881364,0.15303580482673831,-2.1584144983086024,-0.20204072178001214,2.845084377851041
0.014395735435519804,0.013660636242823392,0.0044762130551230265,-0.005379161227044381,0.1759916681814267,-2.2361829917691574,0.10097915855089859,2.976476114079525
0.01434501661186293,0.013739686610858929,0.0045498160336707736,-0.005289719704890869,0.17189979716268353,-2.2298215303310234,0.019450701922490547,2.9636388215670766
0.014277823772222184,0.013926694742645627,0.004635690104975519,-0.005052507084106569,0.15955153103149775,-2.177973185184817,-0.12975045240707572,2.8749639375762612
0.014296698752674024,0.013813414984157885,0.0046166646500058655,-0.005204444277247096,0.16764728159701334,-2.2213325814869265,-0.055917480813502236,2.9489694111810967
0.014535829442552307,0.013407644326707114,0.0042486407864567735,-0.005661070114773394,0.18952229124430037,-2.2451078417754355,0.35541702880166304,3.010074260029732
0.014475089456577994,0.01362152886198302,0.004362648366692208,-0.005396073405168415,0.17389017252502528,-2.2075473146232913,0.17438040557318016,2.9291629883012047
0.014546233674912418,0.013503422185085545,0.004250526447671549,-0.00552196464912509,0.17945094551630533,-2.208129566227204,0.2927959783883463,2.93827113716333
0.014533611082897916,0.013578405767150642,0.0042778369197156284,-0.0054257850098833075,0.1729639540518788,-2.1898452257781464,0.2355794198579478,2.902067220898503
0.014643042520399779,0.013308001823370313,0.0040778425005381135,-0.005731030225136384,0.18977020095049466,-2.204660073810889,0.4830973188848965,2.9544760937716976
0.014630371427953669,0.01337735418647091,0.00411175969109068,-0.005644694596117598,0.18381470662584934,-2.19437065783123,0.4254618987118602,2.9284055477884183
0.014735013425674482,0.01307988870848887,0.003880302723944812,-0.005973851487444497,0.20240805975605466,-2.189904820663189,0.7021912012792443,2.966962496595931
0.014713060143170835,0.013137370794341314,0.0039308767501467475,-0.005913240775008073,0.19850797893724223,-2.1950906640639536,0.6470330940075988,2.9652292661288957
0.01469961236593939,0.013258301291877479,0.003987648473582049,-0.005759891318539283,0.18864814195294113,-2.1791739232683174,0.5461378846729327,2.919358743006885
0.014728038503570063,0.013190953112948215,0.003928789961470397,-0.0058300508072571975,0.19303786148522728,-2.174257273224393,0.6102256863516653,2.921935423494099
0.014864057779152909,0.01281483359931114,0.003589847858733193,-0.006212958102126286,0.21275163964893437,-2.1212527781628974,0.9685147346400999,2.9128089214704076
0.014842593874274009,0.012894048438923117,0.0036575576852121527,-0.006129876869214616,0.20798911586241584,-2.132987488145936,0.8939018905112049,2.912841039596319
0.014808005462569721,0.012974844809469956,0.0037400514631351282,-0.006054113389473584,0.2043182693369163,-2.1512839252661675,0.8150048231721795,2.9247848706860613
0.014801468246821154,0.013061003034302653,0.003784629131145831,-0.005946276617181535,0.19742056902271934,-2.1452080291666076,0.741286356085605,2.8974886611672637
0.014932803953629465,0.012814544937358351,0.0035022809212335248,-0.006149688796478241,0.20520442180839898,-2.069250672975355,0.9834501994969184,2.8278083657805446
0.014977741889094417,0.012765105582851818,0.003419949574425082,-0.0061690185090553665,0.20402032711252718,-2.0360957993419633,1.0340686537736252,2.7862891320744017
0.014988446549269669,0.01267927205875502,0.0033578453482364786,-0.0062638858558986005,0.20966704616162762,-2.0259586852481166,1.110374269161474,2.792599819751658
0.01508808951209565,0.01216389575777258,0.0028687010307015663,-0.006755506744422658,0.2355397446049022,-1.8621647582366008,1.583669162989204,2.701506535401474
0.015064978717754012,0.012214088542483724,0.0029366255840416917,-0.0067279059824889315,0.23547556666559624,-1.8945377376190649,1.5392180026407067,2.735292554816469
0.015068516408502984,0.012273618873755622,0.0029810100863814043,-0.006656329925185661,0.2306447858369137,-1.9072503377758707,1.4826381645338282,2.7318295061947713
0.015025695422717235,0.012605640393894293,0.003267848926200971,-0.006315431260687592,0.21093377026901236,-1.9930575959108427,1.1791876963658101,2.7598107980159123
0.015056345890475283,0.012346200847462444,0.003051573678641979,-0.0065874813814685495,0.22663095177865958,-1.9328770508271311,1.4154465787801664,2.7468084986851697
0.015029371330619164,0.01240032633344344,0.003123443196793847,-0.00655523518119853,0.2264318176755066,-1.9641840600981215,1.3659397945106786,2.7795888329437926
0.0150414348442435,0.012529339181819555,0.0031996305012112728,-0.006389893396852686,0.21522562256679836,-1.973579127452074,1.2481461840824963,2.7509972855362927
0.015044143717321715,0.012459383900021485,0.00314852212988178,-0.006469412973762599,0.22004548980002056,-1.962159293629032,1.3115297136511268,2.7551524122205335
0.01519458370432091,0.011456900709104543,0.002045632202880034,-0.007300533876898905,0.25938471323271783,-1.439467926155553,2.2021792499598365,2.3576516102328284
0.015190835261289743,0.011514947838586118,0.002115898628688432,-0.007257073240364018,0.2569953307664745,-1.4800429419968493,2.1532106005944427,2.3904802921530792
0.015203414075659415,0.011574806608711278,0.002172447753737407,-0.007186172147297838,0.25254123894813957,-1.5084432723686911,2.0941713490309533,2.4001537221653275
0.015167957706494284,0.011687011699261977,0.0023270221842326137,-0.007136597451090896,0.25262936305864,-1.598756246139751,2.00862393838617,2.4917902225042163
0.01520462108258502,0.011637044963538696,0.002239614677851481,-0.007129050627269886,0.2491184653035319,-1.544101643404231,2.0381818247895818,2.42351987186145
0.015196034815020177,0.011734112970376513,0.0023504383530600086,-0.007052239002586592,0.24569292337414492,-1.6033566891087718,1.9546280857433656,2.469844257526065
0.01509290125248481,0.011888932159319254,0.0026097131989255883,-0.007043942451557512,0.2533753328358694,-1.7567838175600312,1.8451225653373127,2.6554055586366405
0.015101648106973495,0.012102004264927005,0.0028002153390375433,-0.006806298895415165,0.23805909784234233,-1.8321545401461032,1.6399346207081165,2.677828268945737
0.01511001801090786,0.01203785706453153,0.002733694398229049,-0.006864543061744013,0.24111446293456282,-1.8033940120661411,1.6988109363097392,2.6585480512557065
0.01510957910142816,0.011941278159427008,0.0026435895114054232,-0.006966861400325695,0.24731738218515628,-1.7661603978693037,1.7904995849510608,2.642907042625994
0.015125926498175467,0.01199051195330473,0.00267320531098807,-0.00689369405802368,0.24184721063529385,-1.773080317493158,1.7399044027204327,2.629342970756275
0.015210674758760687,0.011774664342713155,0.002378346092747208,-0.006993508392878297,0.24141119502946667,-1.6133223513738222,1.912632167880576,2.463286352261378
0.015149660078991866,0.011854266691738774,0.0025175857820441574,-0.00700091185280399,0.2463396797964086,-1.6970440651585417,1.8607850483465052,2.567922285910076
0.015189705128227912,0.011816849294875918,0.0024409452558181058,-0.0069823291633767685,0.24212893822516604,-1.6492233841967074,1.8820927222621135,2.5035313827342294
0.015258159845797408,0.010862189177116361,0.0012462000968542157,-0.007603245664016489,0.2639485324619646,-0.9208086149994185,2.6222154768930612,1.879183843768592
0.015264760546346678,0.010671851552274523,9.800030982354269E-4,-0.007680797932887643,0.2644746168117241,-0.7331321090714581,2.734918765152333,1.705064995348805
0.015284589134017038,0.01069915964232725,0.001009807264374699,-0.007634463371082887,0.260953729891706,-0.7526894000601606,2.7007787951724,1.7078607168813866
0.015289289620999466,0.010730099289838466,0.0010505290942556277,-0.007612875492095479,0.2593159043533389,-0.7810608297115821,2.6783384735330626,1.7302006183481555
0.01529570403262946,0.010833586743692045,0.0011884209724128919,-0.007553295334678673,0.25772175888519866,-0.8767735022218697,2.609180368721699,1.8117310681451717
0.015305891217710815,0.01079369619819826,0.001129720275588272,-0.007555130108612283,0.2560617777581555,-0.8349620253519351,2.6254378313348856,1.7666900055457815
0.015309869698874106,0.010753859942966048,0.0010738570713888416,-0.0075666317132536565,0.2562621201669771,-0.7955679057040594,2.6460365819788336,1.7281940107359788
0.015273475515220838,0.010643056551441396,9.360451871738511E-4,-0.007676988642667619,0.26276888661569014,-0.7008498467583267,2.743188807352158,1.6688277455606373
0.01526632815660944,0.01060975020381369,8.917465001711472E-4,-0.0077025036913079955,0.26451984374129855,-0.6695001167715625,2.7683324327038714,1.6452743425576501
0.015298306856986313,0.010505138869784391,7.324415482675663E-4,-0.0076812216865585455,0.258253869164014,-0.5512069987034433,2.7911189746954217,1.510910209342967
0.01528905606278553,0.010580153113864683,8.416285041107243E-4,-0.007672865013772655,0.2601777676953963,-0.6312735298519662,2.762461977048998,1.5926734897782973
0.015298561748058291,0.010539850528778191,7.815037479324871E-4,-0.007669739287880396,0.2584769729764325,-0.5870582731034357,2.773843716451139,1.5443642789209653
0.015304468524522422,0.010464121746563951,6.72368828659442E-4,-0.007682280231936922,0.2571395349346048,-0.5064613530364355,2.8043927513451448,1.464176957177939
0.01529804474303121,0.01032789953075412,4.785979501233083E-4,-0.007726687686147429,0.2574333103279855,-0.36233818870022066,2.868495109798649,1.3314317704938994
0.015310858463057913,0.010370529863219976,5.371891259788975E-4,-0.0076945327318539225,0.25544661375262634,-0.40563446943667497,2.838454344026589,1.3635662985529808
0.015319345384696459,0.010420140483422838,6.059067276188006E-4,-0.007667471787437283,0.2540961283318421,-0.45634469000019406,2.809167359580385,1.4057795782428875
0.015248387217570276,0.01133036369976443,0.0018530844669124617,-0.007317534763672481,0.2546820551778506,-1.3159414319581104,2.278342152224845,2.219349951709066
0.01523259929255387,0.011232975912796428,0.0017458071821702596,-0.0074147247333020356,0.26045784063709565,-1.2528632660441257,2.36744372782563,2.181489677675854
0.01526726649067256,0.011284567892454767,0.0017838928401142393,-0.007321873307088733,0.25281027190918687,-1.270546733063085,2.3038220245867476,2.1685256094467777
0.015241884033268354,0.011378007600491041,0.0019147559285077047,-0.007291037881404057,0.2539591082121168,-1.3540153529425252,2.2427907524937214,2.2541941756005417
0.015236425105908516,0.011426299672360689,0.0019757174894250865,-0.007261149679107445,0.25287136171668123,-1.390631579598843,2.205565943995864,2.2867183441727765
0.015237295701682215,0.011091595739444585,0.0015630544232480559,-0.007503953317329336,0.2637171566652168,-1.13580017051974,2.474919665206697,2.0812887238673614
0.015268566213947515,0.011051281646010186,0.00149105581975041,-0.007477548208076864,0.25886725916029957,-1.084325457482153,2.4817525097048847,2.013389353278216
0.015259262138736207,0.011138508558100321,0.0016086760981987205,-0.00743685044137746,0.2584882876354322,-1.1620364873841036,2.4233205397315807,2.0860218157243255
0.015278524905577474,0.011190021929546446,0.0016602180890353702,-0.007370832321896646,0.2535926083378583,-1.191992826274621,2.3705155394253654,2.095993576403231
0.015275714879410365,0.010911791991809534,0.0013035966486464083,-0.007546735111549098,0.2602139006057082,-0.958092981844449,2.574401783040551,1.898703568792765
0.015284690864556933,0.010968414373342587,0.0013734924499839843,-0.007499967581571259,0.25766525912695304,-1.0042933120971622,2.5284063184725305,1.9322410659777438
0.015294395912538231,0.011013284168447938,0.001426329607388266,-0.007457655969216599,0.2548172892518756,-1.038196624313794,2.4895324303933797,1.9543966412624685
0.015226777499192505,0.009653999664936443,-5.187084118350216E-4,-0.007850122624177816,0.2566515281585826,0.41194662462665427,3.0751529130830915,0.6102677084796824
0.015232800725862644,0.009784417477511406,-3.231406195941476E-4,-0.007863367756641827,0.2589476672364503,0.2568702149119347,3.065824556067204,0.7654894363828618
0.015227988053293789,0.009751123829619079,-3.736825084174902E-4,-0.0078671596440463,0.2588612815597621,0.2968898106009598,3.07318300232736,0.728201548483235
0.015221347037672259,0.00972331213759301,-4.16475882769461E-4,-0.007874667618819983,0.2593737471304532,0.33088178465202994,3.081931781484162,0.6984557553860195
0.01526438237216644,0.009867163639893794,-1.9628290810378568E-4,-0.007814341868361978,0.25565544780201976,0.1568602862519746,3.0217497230318506,0.8431322966889665
0.015269237228936037,0.009835172782579539,-2.4305970880095514E-4,-0.00780214576842717,0.2538468617269292,0.1935910926978909,3.01932338139756,0.80212380849437
0.015267615637790536,0.00979800959029056,-2.980949297050114E-4,-0.007800589285891702,0.25352488301792664,0.2368601651533138,3.024075539739034,0.7591973979635404
0.015232212732487376,0.009692644504946855,-4.6010303332926324E-4,-0.007848397116511316,0.25663414705665305,0.36532078015747477,3.0691853904805817,0.6543097657856115
0.015263264414249049,0.00966315632514738,-4.969892390679523E-4,-0.0077846593014719466,0.25108305971050543,0.39399540160703544,3.0320718956169,0.6007276017599704
0.01527799339976647,0.010078577776418884,1.167097774506657E-4,-0.007793981122679602,0.25745429192048047,-0.08697000376598962,2.9687012575982332,1.0773024972855951
0.015288023247613417,0.010284696757699314,4.1784409365883867E-4,-0.007752967362941131,0.25855944739456266,-0.3169500260313736,2.8951783041331134,1.2950766054639793
0.015266887946386915,0.010202447776556971,3.004391975680706E-4,-0.007803954150992804,0.26129122644832853,-0.22855998461942525,2.9459983098926563,1.2250030295592127
0.015278995195017084,0.010243824021080894,3.5962153700830633E-4,-0.007776061537027277,0.2598903613721851,-0.27317258692230734,2.9192003209155803,1.259351355522744
0.015286388303211629,0.010119283904527616,1.7612059845276704E-4,-0.00777620174819199,0.2566737616094843,-0.13257048605344038,2.9490603528747354,1.116112925629228
0.015289923673745515,0.010165848434014555,2.4407949013115153E-4,-0.007765756413509241,0.25664650601934863,-0.184584828796934,2.9322108729649474,1.1646723947712412
0.015277182977614889,0.009897084653846725,-1.5105518689212218E-4,-0.007793101032886715,0.2538237334236664,0.12129565940705765,3.0034113234937525,0.869421554591361
0.015290832274200035,0.009931192946399239,-1.0008972092076861E-4,-0.007770021935794417,0.25241225781106863,0.08152121271094691,2.983146154199775,0.8993801368039086
0.015302321741601075,0.009963342416964985,-5.2590691849845964E-5,-0.007750204249247166,0.2509598648987057,0.044642356541380226,2.9651211257112147,0.9280159256131766
0.015286980012063562,0.01000017393922453,1.1017243508025648E-6,-0.007778974024909514,0.25446472642918067,0.002779479616452727,2.9757364126532333,0.981273450257894
0.015307554493518774,0.010048834871873316,7.208753650276416E-5,-0.007740802494968842,0.2519521230590595,-0.05181893367730073,2.942847103195978,1.020583453577455
0.0148011047991073,0.008031993268203627,-0.0030126992437265747,-0.007352003015565391,0.2984225546215021,2.3795972646927663,2.615088279623801,-1.2852119194675307
0.014822440048732968,0.008060363712240936,-0.002957368437711438,-0.007355399372108994,0.2947583407723915,2.335526917521261,2.6264213298958516,-1.2498595024558294
0.014834470017647084,0.00809037631130128,-0.0029115971701984497,-0.007373817699692062,0.2925772881258098,2.301809353701311,2.6471360719684793,-1.2170409965304316
0.014860685341818133,0.008136896538511093,-0.0028312882739529133,-0.007389645103422393,0.28828150265549274,2.239571624825206,2.6708848857411076,-1.1626140718777205
0.014864603051561974,0.008101773236231546,-0.0028637966214511926,-0.007342468225462972,0.28768741141567217,2.2579434213525182,2.6314072287470514,-1.193906145823019
0.014896836837637609,0.008185126496893324,-0.0027376721290932895,-0.007390427837759788,0.2823762735518802,2.164208816343385,2.684940703374522,-1.1027680784360387
0.014885291980451076,0.008157028649281042,-0.0027811719908853332,-0.007375843050254972,0.28436385975189377,2.1969270702684494,2.668110453397115,-1.1339536173237912
0.015131683689038,0.009124142302623473,-0.0013320805489681225,-0.0078109838225994335,0.25825902972567644,1.065576753320974,3.081229420035559,-0.01177072463020055
0.015146192860158609,0.009152873153887218,-0.0012829765840502967,-0.007800972842107242,0.25662393567294717,1.0252267494945269,3.074481829249564,0.02040593023192216
0.015153210170951057,0.009175362828800914,-0.001247114112891867,-0.0078005974831994885,0.256046106565751,0.996103247340234,3.0740403035605834,0.046510592439183894
0.015171950316953859,0.009186095501476624,-0.0012217983472563412,-0.007772369783058261,0.2536045497458855,0.9742961593124019,3.0550774484024408,0.0547203892994691
0.015160691262051579,0.009095605341376932,-0.0013553223419660958,-0.007742006760545009,0.25304841258898486,1.080735029145763,3.034970886734751,-0.053333632100138646
0.015148330034009798,0.008993151605480752,-0.0015044199318308617,-0.007700606650248759,0.2527166319033387,1.19914346566747,3.004969064245739,-0.17520883050177424
0.015159660810164906,0.00903341352180727,-0.0014420447980427028,-0.0077061722340482485,0.2517768647921495,1.149047458777429,3.009954670511808,-0.1285811248137829
0.015183323569800195,0.009066323801684555,-0.0013824153483746099,-0.00768436651229126,0.24912202701172012,1.0996848602756246,2.9963255880534003,-0.09313984052162415
0.015157864144356395,0.00923706806529886,-0.00115627265312071,-0.007824435558262734,0.2569092526236045,0.9235221935981152,3.088883375853497,0.1220598508280476
0.015166701338246448,0.009269074729825286,-0.001105745056248703,-0.007824046899424954,0.256336256418676,0.8826127112457579,3.087719793987876,0.15921321036206468
0.015172398635816577,0.00929652774101381,-0.0010633518774643875,-0.007826596416362826,0.25610997650635514,0.8484479781411618,3.088461787542137,0.1915567209727073
0.015216212317589461,0.009427962092724415,-8.542766664659658E-4,-0.007801257504973495,0.2526083266518031,0.679343794313481,3.06468115864126,0.33750851805461496
0.015209749356707226,0.009396108641588413,-9.029782212054157E-4,-0.007800858380846431,0.2527630356014115,0.7184379886927333,3.066431476075477,0.30093210193149483
0.015194913839800196,0.009319333564328031,-0.0010201774961347632,-0.007795729853066891,0.2533064874918665,0.8124744480494882,3.066981835841502,0.21186738490228546
0.0152063538058039,0.009357831625187227,-9.597288042894166E-4,-0.007791481993753014,0.2524469740616891,0.7636851200014955,3.0623660056836677,0.2551593656623074
0.015182109689292247,0.009210554409123477,-0.0011818146512149106,-0.007766786350248135,0.2525045869389659,0.9416386442467596,3.0510511874608697,0.08204408149973075
0.015191410479559657,0.009518122573071877,-7.304182592833617E-4,-0.007878579912853819,0.258863861507532,0.5817499268585618,3.1081806694064578,0.46082767330273083
0.015222202307594282,0.009620690756774438,-5.692465709744883E-4,-0.007850611448585948,0.2565431145148358,0.45223259277534383,3.079396476989938,0.571968225630365
0.01521767895141067,0.009589310661932863,-6.169546174076556E-4,-0.007850796742882174,0.25641883078952094,0.4903167144996276,3.0829907047600678,0.5357847253682814
0.015213000250438136,0.009560277805338942,-6.612665980372788E-4,-0.007851303372192102,0.2564971495685036,0.5257402123805607,3.086325694744891,0.5023976202875352
0.015209519493403458,0.009536544543700946,-6.974117451544851E-4,-0.007850657431352284,0.2564556375424122,0.5546823895141783,3.0882178895921424,0.4747800043533824
0.01520477421126808,0.009488842292412451,-7.693210205617014E-4,-0.0078440540958795,0.2559503068637709,0.6122408786509337,3.0881044986323114,0.4178158502634068
0.015212732863078792,0.009458836979558722,-8.105704959068184E-4,-0.007818930736538799,0.2539123166006126,0.6446570425847008,3.074089553186525,0.37714409794266696
0.01523455699913346,0.009443799413973058,-8.246002472496967E-4,-0.007773474316027039,0.2502816348805766,0.6548040031743003,3.045422677531574,0.3491346794248925
0.01492318100670011,0.008205044535937648,-0.002686422945964007,-0.007372664478849862,0.2783628145419675,2.12016290645025,2.679124752302976,-1.074178649078494
0.014942787030169912,0.008235962401501982,-0.002630999094649852,-0.007376786928780813,0.27524792704667167,2.076196314864006,2.6895964553226634,-1.0375483836519501
0.014960819429595415,0.00826498363504623,-0.0025794435156175914,-0.007380456686074809,0.2723410331875126,2.0353565983293502,2.699016839973034,-1.003385140850378
0.01497845557931045,0.008293077005455307,-0.0025294347453398997,-0.007383035951311301,0.2698460426684948,1.9955231229946186,2.7072582626717154,-0.9702796219786772
0.014994371644835792,0.008419269005962769,-0.0023680716052686002,-0.007487166169250784,0.2679712540637855,1.8791176958913536,2.80038378099765,-0.8371974696390406
0.015012522768624298,0.008446758940110193,-0.0023176441758603343,-0.007485023728536952,0.2653405137509152,1.8381575928671625,2.8042064402572753,-0.804283773097225
0.015033697808960725,0.008472527185921008,-0.0022665627005371267,-0.007475704323946809,0.2623894586915107,1.7958380791962936,2.802794452881789,-0.772767339212883
0.01504397289011293,0.008496621470549965,-0.002228029460454525,-0.0074818675043614915,0.26089338781592414,1.765506805177456,2.8108729196042783,-0.7452947020589951
0.01506722959465477,0.008507509886769425,-0.0021933500796796003,-0.0074543507064494295,0.25796272170549,1.734605683635396,2.7948536465366485,-0.7297412961861708
0.015078621594581195,0.008535932108239766,-0.00214883204524607,-0.007461899261671122,0.25637200026124823,1.6996190671143292,2.8042881298953795,-0.6977242178982147
0.015005225468149329,0.008389196297958458,-0.0023924167049922574,-0.007439788008685566,0.26620046968582306,1.8929539515925973,2.763974218338617,-0.8660737433315909
0.015007650734049647,0.008356574039780894,-0.0024275030692036156,-0.007403088195523663,0.2656250673728759,1.9164898215936945,2.7338621768376967,-0.8987356926347015
0.014997930756036497,0.008322221971584392,-0.002476410016631954,-0.007383166986438824,0.2669428614208576,1.9529941364399832,2.713902179399096,-0.9357195298480147
0.015059254546295841,0.008628835148809768,-0.0020516996600824645,-0.0075764343963404795,0.2601389591644379,1.632879095106208,2.89245857468246,-0.598481131005583
0.015087931954315736,0.008606704233405269,-0.0020542926808476826,-0.007509474113995375,0.25571498803987225,1.628440854767294,2.8455699733043156,-0.6200766071356631
0.015093740939839992,0.008573023810973376,-0.002090449039257574,-0.007470436139788504,0.2543990984643598,1.653687914558867,2.815438314028544,-0.6559543318080241
0.015135814435740165,0.008897488416378557,-0.001642169572740951,-0.007657714712425622,0.2527375428899934,1.307853090564695,2.9718269666982056,-0.28771388750353905
0.015143092639190642,0.008923113948284819,-0.001602772962281692,-0.007662895337168141,0.2519853479873542,1.276365941983668,2.976707320100612,-0.2580944578835179
0.015076163416099726,0.008665489416098099,-0.0019909007231562127,-0.007579570250001164,0.25799582543320326,1.5838821831585277,2.899112959281594,-0.5558203309497253
0.015092400509224555,0.008699091743463234,-0.0019346159575781314,-0.007580295880385124,0.2559029541156254,1.5384373616593996,2.9035109343934926,-0.5168624883598939
0.01510227058043133,0.008732737389079629,-0.0018835293902525654,-0.007590969261145002,0.2550208479130529,1.498073251689555,2.9141659418624566,-0.4782525360030521
0.01513973031689749,0.00874249883534299,-0.0018413316182137806,-0.007535464102061543,0.24996434260076164,1.4595234516153088,2.878650915008549,-0.4662635039044014
0.015142838794676578,0.008774930116480074,-0.001797511650666885,-0.007555357359669415,0.24980810409734944,1.425889357291026,2.8948275890386648,-0.4297278846687997
0.015140584284329855,0.008804821177019537,-0.0017606881640178681,-0.00758188877686896,0.25071255760222383,1.398235259826617,2.9149149363717073,-0.3957075066588685
0.015161658233648165,0.008867552599228456,-0.001663467493066619,-0.007591814272536273,0.24850533906122493,1.3205544461314231,2.926240312308542,-0.32436293070946104
0.01515399988482749,0.008829955044106904,-0.0017180684806925937,-0.0075777151831829875,0.24902707083521938,1.3635446346440354,2.9142222407954,-0.36722327959529805
0.015164884558296848,0.008935078001993422,-0.0015718826608805826,-0.007633104863211657,0.24934494692096726,1.2495211922733453,2.9576155916442914,-0.24609125393045925
0.01517545973269555,0.008962960759597453,-0.0015275351927396229,-0.007633300044997148,0.24824507126906206,1.2137498385907037,2.9591129149222373,-0.2145079754960355
0.014742337845786454,0.00793181457515133,-0.0031871406319984234,-0.007309819666947571,0.30906123826404647,2.512603285490641,2.554086270309274,-1.4018761742419918
0.01477201190902831,0.007967704668610529,-0.003113780158354787,-0.007313534347829884,0.3036291339780348,2.454101755360725,2.569530417155132,-1.3560316903359506
0.014765067441806288,0.007943166479992365,-0.0031467191301554204,-0.007292098451069448,0.3050866245124537,2.4764426295029396,2.5478358470403193,-1.3805533415821498
0.014821468615078227,0.007999289130790706,-0.00302046183340567,-0.007281917720063283,0.29522390187881853,2.3731759856830306,2.5618299429844016,-1.3048297296746434
0.014797982999437456,0.00797777023027139,-0.0030710220570443736,-0.0072889113284811185,0.299357849785117,2.4150074438031535,2.5584189551557865,-1.3346704426120015
0.014743318807644804,0.007900872192365618,-0.0032155857795954546,-0.007268060186159365,0.30905952729167496,2.5271499397750214,2.517549301723871,-1.4274222744630214
0.014740014400588197,0.007869058022318834,-0.0032498497752884267,-0.007230931322643409,0.3099544325836245,2.5469899614825375,2.4834634561035593,-1.4551002718548283
0.01473772723359444,0.007812568477691698,-0.003304457578594762,-0.007159333591217864,0.31100358487842933,2.5754349249734827,2.4193048872432077,-1.5006009146952022
0.014757714645918216,0.007838883180447825,-0.0032543516558380145,-0.007166990972015049,0.3072455281048883,2.537340243153125,2.434611286810155,-1.4693312497359157
0.014758003523464189,0.00778105437204128,-0.003305426348288833,-0.007090496521753337,0.3077804890859382,2.56119278854346,2.367949246525187,-1.5123573933532923
0.014578291079076013,0.007516512422304096,-0.003767612180484007,-0.006946544472268999,0.3437682558346626,2.8892496026239036,2.1596066053101275,-1.7983164672867764
0.014696934557004932,0.007712183789206285,-0.0034464788740260766,-0.007077684521725122,0.3191097991636767,2.6696729858215016,2.3297100539154667,-1.5975211564586005
0.01468002785170677,0.007680566105552287,-0.003495957885624776,-0.007055800033598097,0.32257094143017584,2.703641855393253,2.3028709145564332,-1.6295908123050549
0.014600840699572315,0.00754696408048144,-0.0037124831589942712,-0.006964170897780398,0.3389017066092977,2.8506810072386077,2.185833642352142,-1.7652705685537204
0.014620397479013184,0.007577654863865128,-0.003661276308398628,-0.006984856616668555,0.3347604421922185,2.8159434280528006,2.2131877593019618,-1.733845405733968
0.014635886656905293,0.007614941669222573,-0.003610449851766968,-0.007019135744901246,0.331517138363749,2.784885182543886,2.250439215194694,-1.7006781495455736
0.01466142551137273,0.007646296465116048,-0.003549611073028604,-0.0070315600333737335,0.32641831274504823,2.7400572617661254,2.2731264796584756,-1.664009850604662
0.014755424545816452,0.007744803522874402,-0.003340035790918722,-0.007045862704496969,0.3083306865615936,2.5785229420907005,2.3279169629133736,-1.5396909080611754
0.014735875360659885,0.007709831321761584,-0.0033955538062097096,-0.007024351906793329,0.3122888573614226,2.617117853832122,2.30056075498624,-1.5753485944529724
0.01445861124337008,0.00731610388939849,-0.004079671229638705,-0.006777552861022453,0.3704104875565557,3.0823661542965293,1.9529928578345481,-1.983252269201872
0.014494864980844537,0.007373730557818607,-0.003988862451792437,-0.006827384690747616,0.3621557602103867,3.027483728618454,2.0145895628964383,-1.9310815595462518
0.014479168805638742,0.007341190341596631,-0.004032967660920351,-0.006794475601834119,0.365691416756671,3.0514522313506736,1.978153451719457,-1.9570832029312097
0.014518853007725237,0.007404628443909063,-0.003932718556062147,-0.006847931588296532,0.3568052307704348,2.989973196059669,2.044485124242042,-1.8988752055073854
0.01453854128024706,0.007439262880548041,-0.0038802665564396824,-0.006877952390254087,0.3522947312174556,2.9579532112621107,2.0803920379826253,-1.8675772969282964
0.014572043974334472,0.007481317581245734,-0.0038017255508918935,-0.006902061816901354,0.34512949153727274,2.903434952339523,2.117777268161531,-1.821741974443935
0.014563053670305342,0.00745579144008829,-0.0038325979655209675,-0.0068746915882353776,0.3474454541140536,2.919668774462288,2.0896154540173324,-1.841345127719069
0.014598336565908959,0.007486201060577455,-0.0037598063200159947,-0.006878765141349124,0.3403245527003619,2.864146336140946,2.1102793977770813,-1.8004880950421742
0.014322989154998349,0.007085796492125549,-0.004411966610157443,-0.006544083234259188,0.4017540624018687,3.255747953790255,1.6824712008157088,-2.1617962252026337
0.014238990132248625,0.007036113968103078,-0.004569951025387223,-0.006535349227943356,0.42193674460724495,3.3736419201710497,1.6273781005702437,-2.2416361593398286
0.0142613536135981,0.007057875035613522,-0.0045243240211786375,-0.006552367872561737,0.41667104962746077,3.3453580577233626,1.6543655521148224,-2.2190301289587495
0.014304072743674982,0.007067732527303031,-0.0044502542963687315,-0.006531454957428033,0.40615468283393613,3.2800580531578087,1.661415336429939,-2.1810141294632994
0.014285475442742477,0.007053238387620467,-0.0044865123204856664,-0.006523939135512066,0.41070774877570615,3.304789290727655,1.644676318146638,-2.1991668554008523
0.014480520314000718,0.007279454387325344,-0.004067069157931916,-0.0066983258707098295,0.36598667753942515,3.0466160356168466,1.8964962736745712,-1.98013605687953
0.014468500345026223,0.00724609512736273,-0.0041040750292325725,-0.006659320350807816,0.36873460479812165,3.0620449661390747,1.8572636245810694,-2.0011892541139225
0.01438961321489991,0.007167386376829562,-0.004267904860762963,-0.0066134735002864944,0.3862209741663207,3.171316722286628,1.777026872861143,-2.087827642600138
0.014374134818258513,0.007146180481882809,-0.004302672788061257,-0.006594365254014807,0.3899179050136703,3.19099092793065,1.752614824920493,-2.1059426946683084
0.014346151801023966,0.007103497408237669,-0.004366955308290204,-0.006551852180637352,0.3963636043026301,3.224358247387318,1.701764954908173,-2.1389395799904887
0.014373087606140816,0.007117592765894625,-0.004317640474725098,-0.00654990606309431,0.39016852933603513,3.186095652601361,1.7148470770309003,-2.113731945701092
0.014346968181234036,0.007076068110685405,-0.004377600338663626,-0.006507234330558112,0.3961819784343276,3.215525396555376,1.6652599296979254,-2.1438496923395736
0.014454691538476293,0.00721268091305596,-0.004143225159195859,-0.0066215446237949975,0.3719384877682272,3.0790506531328408,1.8183023741527737,-2.022760111387017
0.01443808054537779,0.0071824265638486835,-0.004184486122810696,-0.006590828785287286,0.37561609608573576,3.0997900316405524,1.7838079885742812,-2.0448634034820388
0.014416851640794865,0.007162574014993459,-0.0042274251644742475,-0.0065801084553636455,0.3806159979223605,3.128547091608955,1.7635540464903994,-2.067223620646305
0.01401839808694072,0.006712567020889943,-0.005028204537236296,-0.006144253678579628,0.4742052675893777,3.5444402321640296,1.1818606599716188,-2.4312814357270613
0.014017112093552348,0.006685818914988165,-0.005033958216930568,-0.006099278900156555,0.4734591868723676,3.5263395741922743,1.1473359571126942,-2.4280452079235575
0.014044408260592526,0.006730021355532395,-0.004981158366966419,-0.00615878250902463,0.46754271278220877,3.5165541724634823,1.2095477021989447,-2.4115272543725155
0.01406877834360054,0.0067523303915296195,-0.004935982479560904,-0.0061818877300959495,0.46153511641810013,3.494106147854248,1.2425400128083177,-2.3933792977853847
0.01409113857680458,0.006783968174543924,-0.004892081058662026,-0.006221376481943074,0.45645073171104034,3.480289553251418,1.286771675226664,-2.377315502261379
0.014114412065224288,0.006806737373523103,-0.004847966302044042,-0.006244581980107101,0.4507931403325282,3.458211442036539,1.3191331167905271,-2.3589497685386696
0.014152796647940058,0.006838856600554895,-0.0047759990155695,-0.006272366138906807,0.44127738880097295,3.4170681846053306,1.3642018476743447,-2.327401014199518
0.014140577568495611,0.006815965934270328,-0.004801951735896132,-0.006242502729354095,0.4442251700779529,3.422845987979008,1.333521192617059,-2.3370003912242425
0.014143636315334008,0.006791716470725413,-0.0048023892909224005,-0.006200042946463395,0.44288257005533904,3.403730323094809,1.3023544841767962,-2.3332082559326084
0.01425063603870887,0.00699265847396437,-0.00456679302433229,-0.0064537244207214985,0.41884720126850217,3.33766078402379,1.5670216486840511,-2.2371945369119906
0.014161027739489832,0.006872953128456922,-0.00475339255603784,-0.006323593016928025,0.43999652556653185,3.423145144822303,1.409550120666216,-2.3207784706086803
0.014178818480033908,0.0068414576866551394,-0.0047320863230223475,-0.006258509067060115,0.4350205579942464,3.378204683107801,1.3689420187894317,-2.3054125047121374
0.014182987771979079,0.0069050665479537384,-0.004707610732902784,-0.0063612331280110115,0.4347944395281901,3.405279388483493,1.4526264067028851,-2.3014178833398518
0.014211686691999435,0.006923440956512945,-0.0046543266664500595,-0.006370154512238774,0.4276829491768433,3.368948188640783,1.4767656087389645,-2.2760834441369835
0.01424166661577181,0.006959333067230157,-0.004593176512181777,-0.006406079333715548,0.42064716279069136,3.337916599223131,1.5231414306977316,-2.2480856302092174
0.014233862286808403,0.006935241942647107,-0.0046139932143117734,-0.006372577796668279,0.42237463209018344,3.3395358434779583,1.4916554026886348,-2.256498593629297
0.014267201139522429,0.006960259903865215,-0.004551086255138108,-0.0063873327127494505,0.41470131583081776,3.298582778585587,1.5226822489362855,-2.2265521866731293
0.013916911528495396,0.006594187461816783,-0.005213812366795303,-0.005993846676248256,0.49805378147491114,3.6044662269801253,1.0041044850463097,-2.492443792917053
0.013939351898386299,0.006607976510207763,-0.005174414249817607,-0.0060068381262907665,0.49222438500691273,3.5823455276039975,1.0285132525645866,-2.4772104122333523
0.013960873278456576,0.006624563760979786,-0.0051363276320635295,-0.0060246166510139485,0.4868451167580197,3.5636368465211947,1.0556864684387712,-2.4631518700443533
0.013982538363792114,0.006643626588913491,-0.005097617159593105,-0.006046072811577934,0.4814892946089521,3.546247015085093,1.0855560595657365,-2.4491581749568563
0.014001222894077275,0.0066653242093370115,-0.005063492067612158,-0.006073119906157624,0.4772615443751583,3.534908117550564,1.1175829311259138,-2.437770965125374
0.01402794602801348,0.0066657140843027545,-0.005018085618001056,-0.006059124419143152,0.4699414626899735,3.494506041702709,1.1244884455473108,-2.4153861983753524
0.013757981284604582,0.006445802088790369,-0.005486875051211323,-0.005799014755083199,0.5360382079555794,3.6953251419376243,0.7579433154821755,-2.5716960238134585
0.013781505392875065,0.006462467697167254,-0.005447169749294511,-0.005820297390902598,0.5301223389082798,3.678813372819144,0.7891114301199148,-2.5597224540259593
0.0138621538607175,0.0065492009488393906,-0.005309744461838018,-0.005940424439645889,0.5115646339356928,3.6461887593072517,0.92872254302665,-2.52496996451493
0.013846035359320342,0.006525576412721559,-0.005337598678243099,-0.005906048517483876,0.515009891428165,3.6475203801443725,0.8934329625720286,-2.530541729780525
0.013804488684604075,0.006481500456054398,-0.0054083270112288825,-0.005845353663011678,0.5245377225134628,3.664931752550516,0.8224318171104869,-2.5486304984327117
0.013826217003245113,0.006503066574569821,-0.005371479632290964,-0.005874749688197005,0.5193717024509431,3.6547182799241287,0.8579021141851165,-2.538933473912515
0.013920880191234565,0.00656343696673272,-0.005208210153948115,-0.005939149653678325,0.4953158883372693,3.571076563011857,0.9676711334128819,-2.4807135586698195
0.013896066369986942,0.006549400082580516,-0.005251127769366723,-0.005926150829711332,0.5017207180932463,3.5953045335055753,0.9418126260085603,-2.4970226275657446
0.013632571649865328,0.006312920444038552,-0.005686538419935514,-0.005599508059447002,0.5631815512924979,3.7182562093827234,0.537008296371882,-2.6043690435860403
0.01366260068955223,0.006325498473327859,-0.0056368254508119215,-0.0056152723452344,0.5552032826353331,3.692647600903491,0.5693772492962772,-2.588875520621998
0.013690834999025498,0.006335578170610791,-0.005589789265408303,-0.005626396814160695,0.5474560252055342,3.6659405501272686,0.5972774055868895,-2.5730122564724347
0.01376099242357054,0.006416016041393306,-0.00547891543997284,-0.00574633077270635,0.5329293480588558,3.658646638516093,0.7251771401715877,-2.556759309957915
0.013723282528767373,0.006346313884955775,-0.005535665591777234,-0.005636968122931818,0.5385250595424376,3.6340384828667114,0.6277337147696361,-2.554116056043385
0.013738600631901642,0.006371786551534609,-0.005512693628783851,-0.005676603361995566,0.5363441690710928,3.641465128344971,0.6638923820368269,-2.554403834426012
0.01376220466243321,0.006384170497617931,-0.005473629888722312,-0.005691199546380927,0.5298804378426577,3.6223535482057936,0.6902315061831223,-2.5420333047255634
0.01356275865651651,0.006200329303630094,-0.005780962597890991,-0.005415994044345237,0.5726712792457711,3.667327540487292,0.3759554533942053,-2.58938021257905
0.013586716052458262,0.006211751616199994,-0.005743085007844915,-0.005432781901330311,0.5664942335714639,3.651990401049845,0.4039574066903044,-2.5801232979737385
0.013622179192044337,0.006240477912264194,-0.005689427409375794,-0.00547679310133599,0.5588617133664209,3.642790947092046,0.4561610410826975,-2.5722609748236853
0.013608873214124916,0.006219611541696178,-0.005707348160764259,-0.005443284368129708,0.5606398859729146,3.633928410194541,0.4268738403423756,-2.5696345946622934
0.01363671146578244,0.006271749045202678,-0.005671224657347144,-0.005527784685934447,0.5579220267842221,3.6622835565079197,0.49697920424922903,-2.579270324129439
0.013648283580184392,0.006238384305611917,-0.005644761886985485,-0.0054691099000130205,0.5509411860697915,3.6070302005107644,0.47132804013732,-2.5531292370192156
0.011369694372339985,0.004897013957028812,-0.007687791541607004,-0.0020535077177484488,0.6076700824788689,2.097031969887197,-1.9573972987305075,-1.336461830713957
0.011401997634584288,0.004898410534134619,-0.0076647961993546645,-0.002095802440691334,0.6094399665064485,2.122376655944591,-1.9344072274191242,-1.36208587809427
0.011346242604870098,0.004861772423784909,-0.007668173826544077,-0.001997397429782516,0.5928951169721907,2.0470047230866455,-1.949167293749816,-1.305516417142645
0.01122949891802442,0.004816185422603047,-0.00770189564683497,-0.0018148108738405531,0.5677291135658892,1.9172181197721339,-1.996246056517716,-1.1977678318711542
0.011276362387998324,0.004833798729271174,-0.007688581576079581,-0.0018876681508231857,0.5780404732061114,1.9688994994781708,-1.9777840877014614,-1.2409160330725262
0.011317445389425734,0.004831858497235589,-0.007657737670270978,-0.0019390899416861806,0.5798557090156035,1.9987744080744219,-1.948188145213214,-1.272713167451449
0.011205121328323348,0.00476359402567281,-0.007662942627261928,-0.0017487339198184375,0.5469740943456873,1.8552038834857247,-1.9737945048694294,-1.1626839097384674
0.011436296550929394,0.004880658914034174,-0.007619909808758577,-0.002125224364518669,0.6039768449597372,2.1303599580840813,-1.8960824648131782,-1.3815302534559688
0.01158856366387828,0.004972476603455594,-0.007589360044402385,-0.002387797157017093,0.6418434821900568,2.3260344640646475,-1.836413039385894,-1.5313944153882113
0.011559531108412796,0.004946847817122823,-0.007587920125639081,-0.002330603323320375,0.6317681508117491,2.280254619750943,-1.843695539331481,-1.499148397985098
0.011503049404837803,0.004920601560020416,-0.007607943779721969,-0.0022397066531305147,0.6208922893511472,2.215761442895527,-1.8717012125541732,-1.4470744012988348
0.011536287778361357,0.004925195732286088,-0.007585250193758612,-0.0022841422554220306,0.6231299790210154,2.2426856647625955,-1.848164591398649,-1.4730571438970512
0.011625624519902348,0.004957419031579369,-0.00754156866239976,-0.002419009691442353,0.6355818084563821,2.333293829783616,-1.7952016129939798,-1.5501491690761584
0.011766220834357811,0.005018466977623298,-0.007473752064416374,-0.002638025963198636,0.6552543608772733,2.481874571190382,-1.7087332733960776,-1.672670490439115
0.011704856559108951,0.004995202668095329,-0.007508196803534285,-0.0025458788232051613,0.6485866317324116,2.421561621012332,-1.7501084839640522,-1.6214438439076915
0.01174216679563586,0.004986556847377063,-0.007464812523049035,-0.002580555969213185,0.6438011428289875,2.43267329274205,-1.7117411769086488,-1.640799741527329
0.011674184289174206,0.004963457723719796,-0.007504351399223112,-0.0024813159505054747,0.6370054589051152,2.3688582329351315,-1.757481596482698,-1.5855030828596899
0.011484979094998666,0.004881000359063773,-0.007581905903367783,-0.00218553848052481,0.605435236540904,2.1644899685631844,-1.8591200292208228,-1.4175191503353213
0.012113513885804207,0.005180144401814459,-0.007265450850592687,-0.003175057643503115,0.686336988955298,2.8275337298075325,-1.4471192373811126,-1.957053932380848
0.01208498339176245,0.0051554243472393,-0.007274611083327971,-0.0031191153838282287,0.6806564812029606,2.7860834201992013,-1.466663285263256,-1.9276038632191976
0.012054300121467972,0.005132656939712463,-0.007287403496493192,-0.0030633432052235223,0.6756508837549359,2.746688248913403,-1.4884570620761555,-1.8984902698824528
0.011916195953779504,0.005095252847870094,-0.007399692320564986,-0.002880176936771053,0.6752483393700078,2.646750337066607,-1.6088504598264335,-1.8046675793879559
0.011954748962032741,0.0050951048542274375,-0.007359141012277244,-0.0029209114951889207,0.6719008008015951,2.662561177236381,-1.5707904963228556,-1.825269920268035
0.01199546046642943,0.005095522626556748,-0.007316289890063165,-0.00296352102774026,0.6679573962235423,2.6786720084455897,-1.5306799002995615,-1.8463063240699895
0.012032346742367857,0.005096520503247884,-0.00727753321990797,-0.003001912391641733,0.6646629908092008,2.6929676202818453,-1.494553384845213,-1.8648107685117556
0.011853162163821984,0.005083072511525343,-0.007452425005079825,-0.0027989935947078516,0.6755182346601677,2.6029161945540813,-1.663842578709689,-1.7615002530856714
0.01189248807235527,0.005063799077137707,-0.007393471946422844,-0.0028222765814945104,0.6651338038570057,2.5974946258275775,-1.6155074611986475,-1.7727204764013396
0.011827579270993899,0.005045718496784242,-0.007441044719628225,-0.0027332624492164,0.6624769393553559,2.5452208774496765,-1.667389526190549,-1.7249714919799644
0.011804609683205876,0.005009083452330546,-0.007427485795791613,-0.0026719426065524928,0.6496210199314526,2.490824965562485,-1.6682076501970655,-1.6909360276130425
0.012210373444807824,0.005247358967263529,-0.007214402568632532,-0.0033459583879912875,0.6975881096051572,2.943705659296033,-1.3683528643929732,-2.044068400915418
0.012143609708773033,0.0052045502359594435,-0.007253585542074546,-0.003232305588085593,0.6915603926272015,2.868933807438545,-1.4249438332242546,-1.986858285528688
0.012185890696984808,0.005214781657611806,-0.007213597694526895,-0.0032844099372558782,0.689083820873181,2.892839915789868,-1.3835891139257903,-2.01111840690735
0.012141362603858768,0.0051658441600405825,-0.007220386746128328,-0.0031855432069220592,0.6773847337322868,2.8155255981858858,-1.412406443964159,-1.9589937017734496
0.01224801244630068,0.005253963094982994,-0.007175017659798745,-0.003388462110453631,0.6935953802089522,2.959520368866844,-1.3293842015281945,-2.0624882488721723
0.012282111461510647,0.0052713195264893,-0.007148985304005011,-0.0034401475838257097,0.6944269623457869,2.9891170731859433,-1.2972588790751869,-2.0867873494600464
0.012312593448335123,0.005257445252419352,-0.0070992079364039715,-0.0034496914284291753,0.684221012633617,2.9725877498601334,-1.260045040209279,-2.0859802822637
0.012345800996484765,0.005269061701334215,-0.007068240945638815,-0.003492314798613268,0.6826505614985939,2.992017721596589,-1.2269079472726745,-2.104344725800462
0.012383404454045281,0.005282066843494203,-0.00703233331300504,-0.0035397638740119757,0.6798510599377061,3.0125703880402033,-1.1889520845656583,-2.1240878019850666
0.012411793839326116,0.005297120634445171,-0.007009176040704208,-0.003581732097205618,0.6802491606894754,3.034849384150688,-1.1610741871957115,-2.142359690364218
0.012444426243786458,0.005301211134647238,-0.006970963252188753,-0.0036127057685596477,0.6752984718192818,3.0407348251329753,-1.1262469041590686,-2.152762764849733
0.012499400541538107,0.005375486995312092,-0.006960694965306337,-0.0037515881849131166,0.688807194691711,3.14757265332441,-1.0761906792996028,-2.221590735957651
0.012538093518215911,0.005408319753977646,-0.006935800328602477,-0.003824193250261402,0.6912577106654821,3.1932890500324214,-1.0356467679723458,-2.2541045659751187
0.012527861782423206,0.005384424727525228,-0.006930103179667764,-0.0037846235874168625,0.6855176583819635,3.1582637378913,-1.0452395395466527,-2.2332376132912124
0.012562456056308296,0.005416633013938256,-0.0069095289504421354,-0.003853011633883543,0.6881235114014337,3.202490182153034,-1.0086927477884922,-2.2639670584401688
0.012494246682580291,0.005341236703744949,-0.006939403442341996,-0.0037025876036074945,0.6785837219432221,3.096956908902897,-1.07759828698763,-2.1935296037864305
0.012484474772215075,0.005304057657963768,-0.0069218706867336935,-0.003646973081273388,0.6686885961645793,3.0437083140919214,-1.08343467061845,-2.1627856250209856
0.012607799544354622,0.005448636240826021,-0.006872924156546609,-0.003928484685371135,0.6880840725166868,3.2438551497272727,-0.9585453141037387,-2.2950566763347457
0.0125928670244336,0.005411399021746937,-0.006864053730593222,-0.0038672024598121577,0.6800122257733666,3.189516194522796,-0.9742467618210208,-2.2630185486531524
0.01264348805379159,0.005458967739421468,-0.0068314970093725615,-0.003966766778623403,0.6827019053485345,3.2519156433076053,-0.9182396855664213,-2.306057695644071
0.012671451320344869,0.005474886882389364,-0.006804654876266229,-0.004007105179036208,0.6812809214662753,3.2694719774897782,-0.8864758372803129,-2.320501407311673
0.012703807581973692,0.005477757044028732,-0.006761383700783191,-0.004031435000271526,0.6741565002961302,3.265002643675887,-0.850093097938407,-2.3237584984053945
0.012737371278168782,0.00548462455826083,-0.006719123321603868,-0.004061377199538699,0.6680892531868338,3.265356499856457,-0.8125518378544864,-2.3294599614997225
0.012771514156995463,0.005494468418279293,-0.006677820635999845,-0.004095118910442292,0.6623339136496496,3.2689585068097666,-0.7742975508230856,-2.3367435354644956
0.012794633945458038,0.005513116884205915,-0.006658041380307513,-0.004134610392096744,0.662166169730775,3.2887984994354467,-0.7469268189007302,-2.3510119493014905
0.012825433424490199,0.005521843631653,-0.006619920442148702,-0.004163785783015434,0.6566866625163659,3.2902694074476715,-0.7124145620206425,-2.3562552801001675
0.013556249504229114,0.006169296757868644,-0.005783783631448783,-0.005363990549579153,0.5710505988848902,3.6354353781435975,0.34220599358447373,-2.5750507616238356
0.013490443579468497,0.006085043902384329,-0.005869211994292091,-0.005226139097637709,0.5802922737534338,3.602315694994489,0.21844896410860484,-2.562988799680476
0.013517065076142198,0.006108059604219473,-0.005832024824323426,-0.005263738724334857,0.5752970593518539,3.6023804934612333,0.2585257776466822,-2.5617660003531344
0.013540377336201994,0.006137162478532791,-0.005801566690146081,-0.005311167415140039,0.5717827834495707,3.6130706518802147,0.3014641987874083,-2.5655351828415864
0.013317619911108717,0.005962115896703451,-0.006108766799016623,-0.005012737255447986,0.6143147606811659,3.6139559782076796,-0.023020403730956544,-2.570862197639606
0.013309612991535246,0.005933316476142897,-0.006109294428831544,-0.004964563076765936,0.6116208179418997,3.5801024180627565,-0.0499181312577462,-2.553366278164837
0.013347165516698532,0.005969357339151646,-0.0060633483763377115,-0.005028205522039275,0.6062896967454344,3.595097378837782,0.008715779857059331,-2.5616160273256963
0.0133681482690197,0.005983664464319756,-0.006034771079337052,-0.005053781584679492,0.6025514459350977,3.5942751397092456,0.03738502962944437,-2.561285273455503
0.01349427446433124,0.006044744413322832,-0.005849929285397172,-0.005159571171908913,0.573869002511172,3.5453308933477428,0.1885414525227991,-2.5347062476111755
0.013462525920453269,0.006030512594570632,-0.005897259594874963,-0.005135984500699214,0.5812722774343485,3.5605840048820183,0.15208001356192632,-2.5432484262036787
0.013425384432906369,0.006015342509234008,-0.0059528897575670345,-0.0051098254076494916,0.5900678420421412,3.5792060915834982,0.10994420838618421,-2.55336587828277
0.013392693519909871,0.0059908754391407954,-0.005997354066740391,-0.005067667013370442,0.5961965552616847,3.5793638380398147,0.06403153929749132,-2.5537479921377835
0.012925658766374823,0.0056505394778391125,-0.006558463487359141,-0.004402914253605586,0.6639101346541513,3.440850523838659,-0.5754589484401168,-2.4510057804146763
0.012953693404721781,0.005656262127795554,-0.006519783514433694,-0.004424058855920989,0.6574415738911884,3.4341118983599537,-0.5433167733322622,-2.4507793904238366
0.01287178901424619,0.005606450938203724,-0.0066098644290653935,-0.004311233023197923,0.6670008078319095,3.3995654479906263,-0.645663870279571,-2.4219435356702808
0.012904455144653954,0.0056281345435211984,-0.00657562874591039,-0.004359382244076885,0.6639066320460381,3.4169854905343873,-0.6047313416890107,-2.435547368631078
0.013001665105377647,0.005684249580099386,-0.006464349651057144,-0.004486587147687029,0.6509446613652842,3.4489103859061534,-0.483088062569166,-2.463982922423528
0.012982644712648447,0.005661001722352276,-0.006478941537100377,-0.004443533146164811,0.6504094715463555,3.424706278639526,-0.5109559200984622,-2.448937171545245
0.013030794298952545,0.005677648264928246,-0.00641600973732088,-0.004487851332845854,0.6413716614530081,3.420832242466216,-0.4549561468235213,-2.451830705097221
0.012871641588185816,0.00556529503245291,-0.006582410335043851,-0.004250494853516064,0.6564602387180952,3.336263476891116,-0.6547580590557481,-2.387666278512144
0.012865240977983335,0.005526529512644291,-0.006565829713020155,-0.004191050617647403,0.648172332458642,3.2813886595450072,-0.669261627289718,-2.356744611805976
0.013148297936055353,0.005832842851981358,-0.00632062148067212,-0.004768502412660151,0.641231075399982,3.572998881340708,-0.26587777811271684,-2.542531369741344
0.013143025732847572,0.005800566083621556,-0.006311659320442593,-0.004715727267685322,0.6363319019995983,3.5279709637128356,-0.2877451267877737,-2.5184725562438866
0.013058781527511235,0.005731751018771327,-0.006404923539632519,-0.004581128425942425,0.6456214022347567,3.4846860603548078,-0.40523643363256695,-2.4887276753926426
0.013087305807973145,0.005738345005851972,-0.00636449313549446,-0.0046011309614197304,0.6389046936329511,3.475035119772494,-0.37310595290380005,-2.4860273914085615
0.01310494905955067,0.0057599650805491166,-0.006349192615862496,-0.00464050248243167,0.6387111972816607,3.495164625265709,-0.34558336466330847,-2.4982189220360707
0.013126372509708585,0.005781122378790377,-0.006327340139218421,-0.004680232222002686,0.6369224444404987,3.511302811149244,-0.31404287744239395,-2.508452448576953
0.013057707148491776,0.005691972969406283,-0.0063834403378977755,-0.004519590568211658,0.6371335272020754,3.425284285932238,-0.42195260126210593,-2.45680923308509
0.013225668613294729,0.005853496439063132,-0.006207562799026644,-0.004820618709579862,0.6221880064443072,3.5394855339233318,-0.177952184641576,-2.5293968769807047
0.01326815739345951,0.005881054803747865,-0.0061526574696158624,-0.004873296972246728,0.6148660970537208,3.542707757788176,-0.12148577549010432,-2.5328373992627244
0.01325138518162831,0.005860985776801096,-0.0061700945454933554,-0.004837947196983531,0.6159824520046306,3.5283179400296616,-0.14916549520413155,-2.524665158437379
0.01331855850249823,0.005901696425203766,-0.006081002958048982,-0.004914743510920704,0.6036876431235673,3.5265306172332482,-0.06243219206310766,-2.5258824011024945
0.013295821963656161,0.005879779988147793,-0.006107757682183855,-0.004876084705118503,0.606617248028919,3.5161606898693885,-0.09670253062768022,-2.5198862213247666
0.01319257837571229,0.005831662926839891,-0.006249388286134629,-0.0047781436917349,0.6279250119080718,3.5348564133726055,-0.22229784447705558,-2.5252435129367723
0.012992051496310074,-0.005819465790844667,-0.00656375113657849,0.004694823680023156,0.6864484484500407,3.6739114773732253,0.43991080776404434,-2.581911855456047
0.01297537627636919,-0.005795883814168432,-0.006575437956576383,0.004650284187143924,0.6857866342663326,3.646203755943493,0.4690023460253084,-2.5656577974485306
0.01295580996211419,-0.005772681277588968,-0.0065915346069211804,0.0046051923462244,0.6859424662713988,3.6207795708454884,0.5006234838206471,-2.5501207567376105
0.01293202068654672,-0.0057494571730254095,-0.0066137852387310875,0.0045581719765188005,0.6871694645796033,3.59763189696882,0.5364069868787108,-2.535136859463821
0.012875437028114157,-0.005723116985362045,-0.0066843700315515064,0.004490437427834874,0.697283778892632,3.588192794991584,0.6104749527037302,-2.522784951185295
0.012813394673337548,-0.005683140080754356,-0.006751763738148661,0.004396646898618419,0.704478570710105,3.5543904560406614,0.6943547806134096,-2.495941855056404
0.012829144692982212,-0.005694116567989638,-0.006735517571815031,0.004421923026164106,0.7030732577320289,3.564859381176766,0.673030488333131,-2.5038365861725413
0.012853763277228291,-0.005698319006391018,-0.006700582568454674,0.004441170674391994,0.6969136821862819,3.5585425731783937,0.6429306509573262,-2.5041362363911657
0.012916150834889601,-0.00571469202056352,-0.0066153795196235415,0.004496723824134939,0.6830267875902857,3.5496139625689165,0.5663610326097946,-2.507823358460406
0.012650765757091429,-0.00555734272718637,-0.006898255274413707,0.004111096805402738,0.7117895450440807,3.4081524877339233,0.9065601826282793,-2.3906683122307064
0.012797437160221373,-0.005649728434136948,-0.006751696916057312,0.0043370633083668715,0.6994756507864571,3.5055642733526358,0.7206231088793055,-2.467712912047443
0.012813673844890551,-0.005663953733079469,-0.006737427859650589,0.0043675048165313255,0.6989888089325077,3.521574108872204,0.6984802953394798,-2.47868408670907
0.012776376983327217,-0.005631795512808975,-0.006770230939446484,0.0042982459891383615,0.7003017502553468,3.4852556922770828,0.7488846480917423,-2.45360888781946
0.012753407775072735,-0.005610452923156872,-0.006788657003727233,0.0042531202573824626,0.7003669939825433,3.4595861979388327,0.7794490523020637,-2.4362426659523724
0.012677152945451544,-0.005554912902698931,-0.006858145874036539,0.004124794559822782,0.7040619124814396,3.3958497522942475,0.8754913247931402,-2.389070445108061
0.012700249783697956,-0.005570360118876312,-0.006836518699990564,0.00416188353316279,0.7026712215477843,3.413508463251991,0.8470024303461535,-2.4026173009139318
0.01272713446676175,-0.005589776046131127,-0.006811945752468798,0.004206887628631529,0.701338658081618,3.4357811547136916,0.8131841583468075,-2.4191700135526832
0.012630164444128728,-0.005537079231060758,-0.006911745698058684,0.0040681319085162865,0.7105448380800481,3.380422082662679,0.9319999448084492,-2.37201485070694
0.012555669027330676,-0.00548630383213214,-0.006975722250725946,0.003944015310519063,0.7126972577050933,3.3141935672116616,1.02012832012136,-2.32188005542081
0.012580901065349578,-0.00550088078139082,-0.006952376511748356,0.003982574550048856,0.71129264407617,3.3329011022644592,0.9907078145080223,-2.337014000005364
0.01260711848886247,-0.005518069567537374,-0.006929315314911254,0.004025248615675271,0.7103730544124213,3.3550367041982114,0.9597213742973695,-2.3540410016810474
0.011136019734363988,-0.004774102751473685,-0.007717355293232455,0.001665141740359392,0.5443471891911393,1.8078426729202748,2.0243245206374962,-1.1091938087618942
0.011101044094658669,-0.00474734974075092,-0.007710277879966474,0.001602859334292557,0.5312640852822329,1.758707178571197,2.025484186733873,-1.0732736936926772
0.011238077728592505,-0.00481912869298018,-0.007699258593107991,0.001827952139412833,0.5697607091418054,1.9266109996535479,1.9928045100927536,-1.2056651657834456
0.011273010920567069,-0.00480556993379906,-0.007661426009238997,0.0018639298304914652,0.5671004301023983,1.9424827495781263,1.9596704699515954,-1.2293729731786507
0.011179106668796146,-0.004753778682373567,-0.007669338663239856,0.0017088679403115187,0.5412504171476008,1.8268152366185444,1.9830026703560255,-1.138869739030994
0.011208613244261239,-0.004789365594782453,-0.007687532723848373,0.0017699393164402266,0.5564145659776742,1.8786533613354994,1.9901912792781309,-1.1729307370069237
0.011307695253018049,-0.00481962358971004,-0.0076519354412485354,0.0019179997388691255,0.5746891971467117,1.980930764110702,1.9461425969086232,-1.2611948270934201
0.011353560020644405,-0.004839665707457237,-0.007639835857490265,0.0019905689672706163,0.5849236406650434,2.032884287287174,1.9282334246629578,-1.3036291472032133
0.011513066766853874,-0.004918719247166431,-0.007597787746306481,0.0022504410601100126,0.6203937980480679,2.2206870583371825,1.862482711167598,-1.453552268545798
0.011482140334851792,-0.0048959507106954925,-0.007599466540895478,0.002194010873601345,0.6110081733153888,2.1771542272965942,1.8714315584461565,-1.4215549173394189
0.011446979823118906,-0.004873324781971047,-0.007604023752472033,0.002132762982822943,0.6013934922769008,2.1310358146536106,1.882997833682672,-1.3866079556899857
0.011405415749330603,-0.004851308694015056,-0.007613324562266865,0.002064276233575309,0.5916241935987107,2.0810733712143468,1.8988599083216025,-1.347164706471654
0.011547887638022392,-0.004902276905066345,-0.007552217483960818,0.002279074623133446,0.6143673350063769,2.227374126203722,1.8237941467845722,-1.4714118207172522
0.011582729784759264,-0.004888294419673112,-0.007508946300905172,0.002308773822275092,0.6093619230896293,2.235675734412375,1.7868573715942422,-1.4894641441893535
0.01168549166580035,-0.004950658161441987,-0.007481359153969569,0.0024828438953590115,0.6317546769390803,2.361818964791636,1.7398974753302692,-1.5867239685945356
0.011620090073649843,-0.0048830315767348165,-0.007471916187604874,0.002347857876320068,0.6070304242784452,2.253179501844859,1.7533480870745521,-1.5120858385809377
0.01166174303003728,-0.004907022384750603,-0.007459351534060675,0.0024166462943129422,0.6158477863496249,2.30216146969224,1.733641729227745,-1.5503752308761303
0.01178846691790179,-0.005030109504548116,-0.007463901290973502,0.002674332322773638,0.6588698722797925,2.5069012670305533,1.6951002656376328,-1.6925667386549592
0.011761940623558531,-0.005008610415537513,-0.0074680102203772344,0.002623768772849073,0.6516785124080534,2.468150959531828,1.7069546694113817,-1.6646265089225871
0.011736530083849828,-0.0049880067790202135,-0.007471530417565533,0.0025755120146192106,0.6445377254798845,2.431225925769383,1.7176841080872163,-1.6379789138025749
0.011729761573816722,-0.004953846447523712,-0.007444061489252752,0.002536113583682052,0.6319422201048929,2.389970528316605,1.7035011711243369,-1.6163433864378292
0.011939502650432357,-0.00509997962325216,-0.007379897775920692,0.0029099691492809154,0.6751420446713093,2.6625069645357553,1.5884294410880158,-1.8200921735208748
0.011829272175657497,-0.005034699873197317,-0.0074284964075265105,0.002724254207217773,0.6580398382137425,2.5328211952383,1.6596665041706642,-1.7196690615145762
0.011872648726017418,-0.005051247013719816,-0.007401380009410224,0.0027881429230973676,0.6616336444102807,2.5731196906417364,1.627797843675873,-1.7541271284183348
0.011914423151167877,-0.005069344568489461,-0.00737633349437382,0.0028514366801444496,0.6656160274539724,2.6137168054627273,1.5972296958023564,-1.787992352163892
0.012074378203409801,-0.005221568199977818,-0.00734959650873864,0.0031835234962027887,0.7078055233187819,2.8738451811385732,1.5063315939347068,-1.9681315413212404
0.012123156054602912,-0.0052495415163199,-0.007319933314543034,0.003264852438588267,0.7119335068706506,2.927512953300466,1.4649833561624208,-2.0101473172218207
0.012099236596987485,-0.005232623737991588,-0.007331599920700157,0.003221319041951568,0.7085380850445667,2.8967793410000304,1.4841619250461096,-1.9873673596273174
0.011972678169593937,-0.005147804987472231,-0.007391120483396252,0.0029960622028401026,0.6907971657987807,2.737515873408596,1.5788366652885584,-1.8677996548310374
0.011964778366633367,-0.005117253687327619,-0.007369877877373412,0.0029549362489571466,0.6796849091629092,2.694652897810231,1.5718307082350262,-1.8442059868548604
0.012028570341240694,-0.005185453628208233,-0.007366399963446927,0.0030957920051026713,0.6993374330418152,2.8087216171556113,1.5389207821848083,-1.9211775170755125
0.01205726533141547,-0.005196912529695437,-0.007345273446816679,0.003138079220340641,0.700306246135897,2.8339822466727647,1.5137963571483815,-1.9429155519965762
0.0120100047851658,-0.0051591793852014825,-0.007361492695078658,0.003047507434965294,0.691188233034781,2.766567338659777,1.5459881042631598,-1.894354311809662
0.012264424432304508,-0.0053280500143833695,-0.007222517065610836,0.0034946174381531104,0.7187909461663696,3.0714422929259935,1.333858708425934,-2.1243683080910825
0.012203176093956367,-0.005283095296480554,-0.007256186723718021,0.0033823232746612517,0.7122116460592246,2.994408660056915,1.3887326749790263,-2.067789786910614
0.012236688702505721,-0.005304099205486156,-0.007234773283170261,0.0034393558899208005,0.7145616067480177,3.031353705704428,1.3580174552958637,-2.096137930864796
0.012150220891261885,-0.005239064560470649,-0.00727817195964006,0.003279041713444275,0.7036924790445235,2.919210056279683,1.431150277790493,-2.0141804584106238
0.012178154802792747,-0.005250538400380728,-0.007255843387068075,0.0033194558031073053,0.7037977012217268,2.9419540938071576,1.404893490789247,-2.0339048765210666
0.012329114604470198,-0.005331912843052617,-0.007144467857042242,0.0035570547954615135,0.7080620177210287,3.0834217076693426,1.2610380117416182,-2.14784778074671
0.012300054747029672,-0.005312526067090141,-0.007163721027509875,0.003507169420433064,0.7063300440375039,3.0518708921347506,1.2888557754768193,-2.123957491700338
0.01255573373892877,-0.005454873345721134,-0.006949744388828938,0.003900490987841319,0.7023529573062658,3.263423873249606,1.018623473725324,-2.2950281342835486
0.012501688118800295,-0.005440272381154083,-0.0070116290200686075,0.003840375121617052,0.7100333026278601,3.2480618019759855,1.0804747927128,-2.2753309664932035
0.012529783249138093,-0.005444307870114691,-0.006976663147365377,0.003866998920313926,0.7048155294964858,3.2507511172035524,1.0480785527059664,-2.282849941833892
0.012385608976534531,-0.005369544237618489,-0.007105236135772985,0.003653511757582824,0.7104524026681147,3.1431197117517766,1.2047991376751483,-2.1931445413942416
0.0123793952304536,-0.00534075422839827,-0.007088025817789267,0.003611093325655067,0.7016438977663082,3.099079453468142,1.2060533109903053,-2.1685482486242162
0.012361439459654289,-0.005322723958839801,-0.007095238226658959,0.0035729821927730572,0.698652597064656,3.0713863207464094,1.2223365460748077,-2.149682131564863
0.012483739174191289,-0.005412377599765469,-0.007012367142238783,0.0037889053208329,0.7045623011766871,3.205695199063182,1.098375749680699,-2.248996055198155
0.012423607209750399,-0.005368873943781535,-0.007055051742643923,0.0036838035635841405,0.7025663491786637,3.141704624712982,1.16112191147721,-2.2014988787849163
0.012463638817583098,-0.005376584366345994,-0.007008961769864238,0.0037256635897383464,0.6968173764078028,3.1518627675317843,1.1167738862363594,-2.21603221824062
0.013645485041954989,-0.006475200091498945,-0.00569090936963407,0.005885308693652247,0.5747888527054298,3.900297796383287,-0.7323475172324179,-2.6763484354100884
0.013637097953209082,-0.006460385805660146,-0.005704038491345168,0.005860620460706977,0.5761654188018669,3.8949975145574567,-0.7090204008839015,-2.6761996275210405
0.013632625301446991,-0.006440860119999917,-0.005709146000508329,0.005826349212080611,0.575813267403976,3.8774862687739287,-0.6825168488013045,-2.670292790779697
0.013623924260905619,-0.006425964209364693,-0.005722443424367937,0.0058015709563246495,0.5772578071368617,3.8719984376629815,-0.6592657353636548,-2.6698635163940856
0.013584243713921687,-0.006404626655545341,-0.005790363561111046,0.005771870942778769,0.5885651039339937,3.904547605870572,-0.608453696460496,-2.690434023643163
0.013570940617498473,-0.006391229990378025,-0.005811747891262222,0.005750248632985253,0.5916468447173459,3.906809278893789,-0.5838035242300047,-2.6936442003665553
0.013564301589680392,-0.00637100004573864,-0.005819394680425544,0.005714903718241492,0.5916196611893033,3.8896865265985565,-0.5558570254226697,-2.6875578982780195
0.013552634841252707,-0.0063547431770686015,-0.005836742971646843,0.005687623691289028,0.5937724976453911,3.8849126207849856,-0.5292103861342444,-2.687280272192059
0.013535340138221861,-0.006340488941676555,-0.005864457711199323,0.005664675015741368,0.598057099170814,3.890591014984168,-0.5009006531179229,-2.692117021102061
0.013521661291693248,-0.00632391854637323,-0.005884861551936357,0.005636799541379175,0.6006840745555061,3.887370203190596,-0.47258383051779523,-2.6924804165852483
0.01350850075285035,-0.006310452324359798,-0.005904912460792195,0.005614274689486685,0.6035423235012547,3.8872930017114764,-0.4480412055335555,-2.6940193952731577
0.013492024547464707,-0.006295399815997412,-0.005930263054229793,0.00558909247295621,0.607321769813887,3.889273061246087,-0.419293796391095,-2.6967135415641033
0.013613564847311401,-0.006412459041381304,-0.005738798556961363,0.005779631879126387,0.5793872163245797,3.87048942289232,-0.6367257055640237,-2.671237385877849
0.013602868278877944,-0.006399706898175665,-0.005755738545287559,0.00575902397042983,0.5816695677986795,3.870153398741109,-0.614888078600278,-2.67304767446547
0.013284181219051495,-0.006112101916947794,-0.006231494265360008,0.0052628506478352224,0.6512140099790403,3.8799685697194586,-0.06126179852724258,-2.702739980668316
0.013302824000332595,-0.006113420135647748,-0.006199516433968517,0.005267102231882935,0.6449745219502642,3.8599890980568374,-0.08021883629862293,-2.6929896198141496
0.013275057625895084,-0.006092404835493282,-0.006238520539935435,0.005227428217451307,0.6507964448548126,3.858841401743367,-0.035868617629003,-2.692463684255619
0.013264968480500074,-0.006074058891399917,-0.006247596362151398,0.005194304357021967,0.6509208337564759,3.8408471236471837,-0.01101733563010695,-2.683580006615173
0.01325245011621557,-0.006058963911046003,-0.006262154205600271,0.005166456052382162,0.6524592333953887,3.830545514856066,0.013283782256907297,-2.6783443148309645
0.013020049975298362,-0.005814610633607826,-0.006515676415293073,0.0046977456675198525,0.6764582842218142,3.6447873894704386,0.410774771157525,-2.5695741450012535
0.0130344896273136,-0.005837108162648354,-0.006506194076237565,0.004739292208113237,0.6773630717690161,3.6710495099277227,0.38420359170791873,-2.584661232540857
0.013065895211867863,-0.005873454429502658,-0.006476902198287753,0.004809305291403138,0.6758071984593992,3.7062617997267226,0.3311499585246683,-2.605721184729306
0.013060926297177908,-0.005841154509407446,-0.00646585237023888,0.0047550685917446,0.6699452737687297,3.656891256445759,0.35325626830297313,-2.5796833248809627
0.013239604577591739,-0.006047966227812714,-0.006279017415909054,0.005145524416182199,0.654685181929616,3.8268821958429986,0.034610892711963874,-2.6762934709848385
0.013227273227832495,-0.006039500237296593,-0.006296091849807002,0.00512890646020712,0.6573839672780799,3.8265218943955723,0.053405846743383466,-2.6758274236367967
0.013221302235335693,-0.0060245824338467134,-0.006298979531560643,0.005102301146650821,0.6565400900553425,3.808588927646099,0.07070137658168008,-2.6667451966777995
0.013210602396384764,-0.006007180864352928,-0.006308548913413437,0.005070646167615865,0.6567603925777624,3.791523725464554,0.09425886371986246,-2.657871231093424
0.013197305572495394,-0.005993718493546226,-0.006324295733721709,0.005045141971168309,0.6585083544498546,3.783277165538752,0.11735118049691586,-2.6532366884303102
0.013184728961898401,-0.005985645942787323,-0.006341425218518669,0.00502879811403109,0.6611438730197289,3.782801701688116,0.13586329120441948,-2.652472621254934
0.013178964304953966,-0.005971277570502413,-0.006343670709780941,0.005003281286665505,0.6601356650191352,3.764958080603994,0.15163336787834833,-2.6432076321968876
0.013097964686061652,-0.005876553832726387,-0.006426212949999217,0.004824563589524687,0.6662249563042023,3.6843395928785303,0.29472232245675384,-2.5969495263410813
0.0131680830966772,-0.00595431355708734,-0.0063530110050170315,0.004972290632134438,0.6602411801166131,3.7478477557237366,0.17416783907138278,-2.6339922269700136
0.013148156038875904,-0.005937769744290317,-0.006377430981504527,0.004939738420521088,0.6633643048042943,3.73972842564411,0.20549674800718146,-2.6287765108958134
0.013133552034874171,-0.005914849029637185,-0.006389160375094824,0.004897823536642718,0.6631476749739228,3.7157251638538225,0.23489372112291584,-2.6155993487593077
0.013117155617069595,-0.00589628184951469,-0.006405899416345703,0.004862608243975768,0.6644267766040267,3.7000265812933164,0.2631350787191678,-2.6064368172483814
0.013481813157916566,-0.006273605174268906,-0.005942198583155994,0.005551103078705722,0.6079184566402674,3.872437631467722,-0.38831970104816826,-2.690223374513025
0.013471505610161904,-0.006255660750563573,-0.00595514594246788,0.005519993665975221,0.6090585753471944,3.860834928796756,-0.36162740683612654,-2.6859204524721014
0.013460217778165657,-0.006241341474096317,-0.005970718416091079,0.005495327651051085,0.6109878270126329,3.8554128740483464,-0.338065900115216,-2.6843836231180593
0.013447907681172227,-0.006228066965191497,-0.005988241111673638,0.005472463691408153,0.6133063401576938,3.85251029919784,-0.3147745284082392,-2.6839814422770796
0.013409600292026539,-0.006219459726181302,-0.006053193682927755,0.005458314134892576,0.6252554458659697,3.8903432698559577,-0.2742872799666087,-2.7039428079332373
0.013434946497237883,-0.006213315578095472,-0.006006237548968498,0.0054468986720758025,0.6156240031921012,3.8479930550155217,-0.2895509496861402,-2.6827785599067417
0.013398589106223898,-0.00619755859724027,-0.006064893640610276,0.005419588021930796,0.6257075560039124,3.8717345751827863,-0.24352901178569655,-2.695898840446207
0.013387743614191018,-0.006178810379029606,-0.006077135358888695,0.005386457126118596,0.6265736645936354,3.857279281663048,-0.2163074990247261,-2.6896232389593533
0.013375226335470367,-0.006162627764306197,-0.006093012523603437,0.005357767242124841,0.6283419232283515,3.8484585060363066,-0.19027094481827286,-2.685943874248183
0.013361432150137537,-0.00615141166124288,-0.0061128286846612095,0.005337616225042168,0.6312980208104336,3.848412474009273,-0.1677643366310639,-2.686373603022089
0.01334796363521884,-0.006144508099567364,-0.006133655584891332,0.0053248654571832615,0.6347960186409286,3.8543182540449292,-0.14938091138979803,-2.689556804877181
0.01334046485426271,-0.006131030382551139,-0.0061412955888391066,0.005300872341919245,0.6351278319130634,3.8425361773178106,-0.13051843790016873,-2.6840790041424847
0.013325321137648755,-0.006115478652229306,-0.006161223007745199,0.0052726963550157315,0.6377065635471678,3.83652115741862,-0.10303976144654457,-2.6814269045686987
0.014244800563028953,-0.007277110440011784,-0.004449600180935601,0.006936625959339557,0.4208138022473094,3.433403533179901,-1.9767260158888569,-2.1749472762036692
0.01425343381372348,-0.007290428407815339,-0.004427630006620587,0.006950413555015462,0.41857528279336925,3.420401060457769,-1.9938718375130797,-2.1623849535018063
0.014218845551667128,-0.007237745278331923,-0.0045147056659412274,0.006895386094341671,0.42761218269324713,3.4714192129631782,-1.9253314877583565,-2.2116352940930266
0.014236131670505026,-0.00726388094955564,-0.004471485792131729,0.006922867766363995,0.4230862277531209,3.4462842516129073,-1.959581164175922,-2.1873678684497153
0.014227448617527621,-0.0072507629943504084,-0.00449323845181806,0.006909158241193271,0.4253439762440369,3.459012418591516,-1.942462963164849,-2.199623240084646
0.014226706795093675,-0.007223143717741313,-0.004508562602583308,0.006862542513845638,0.4256731873607598,3.4539128092420666,-1.9006018562520117,-2.209497780776441
0.014219044510501497,-0.007209483185182314,-0.004528442488027604,0.006846619706743324,0.4276784032769159,3.464029708830513,-1.8821801444615776,-2.220520339171894
0.014200485627072362,-0.007182792586323702,-0.004573127505229522,0.006818538229062054,0.43253580183405566,3.489463259055636,-1.8468214898239932,-2.244744643482188
0.014210457206912145,-0.0071953867539799946,-0.004550002679097353,0.006830705039338606,0.4299019996221151,3.475424787492257,-1.863252602898118,-2.2323146889587737
0.014200552718061057,-0.007155440742424791,-0.004585524062369207,0.006771353993595277,0.4324085039788735,3.4809222394944093,-1.8056930124570354,-2.251854216688971
0.01420599493733532,-0.00716835681443351,-0.004570314770510584,0.006788472474258993,0.43103584828351904,3.47539854814518,-1.823748627575879,-2.2437070669858303
0.014193433543895129,-0.007140006698560496,-0.00460460911605992,0.006751363504898733,0.4342385863165485,3.488329362303005,-1.7842127361282392,-2.2619213712387083
0.014120378312362583,-0.007065151222784967,-0.004762053799235717,0.006685596916075097,0.4535246032567913,3.588175238020963,-1.6838518806680798,-2.342704331514865
0.014145463472214606,-0.0070775262769678755,-0.004713428602068039,0.006685776226887646,0.44670757857510285,3.549061517102403,-1.6992076978273396,-2.3177833839152573
0.014137598504548465,-0.007063310844082619,-0.00473254854798679,0.0066677122416922115,0.44871245997248493,3.5567976619367623,-1.6790199381346256,-2.327228200561677
0.014170387555511274,-0.007113681188336674,-0.004655636704060183,0.006726744266679277,0.44027073467208167,3.519495011053734,-1.7493298584626245,-2.288418782166464
0.014184552389425186,-0.0071227588140537704,-0.004627334793143654,0.006729715440730601,0.436463122633945,3.497892907349019,-1.7602890385967813,-2.273747897953507
0.014164055237131556,-0.007098540065923907,-0.004672806488781282,0.006706105653034414,0.4418098135701479,3.5248304694427164,-1.7277953867452427,-2.297144303285782
0.014162676566011768,-0.007078493012478603,-0.004683144162160674,0.006672565966049554,0.44195848287123063,3.5192110143574866,-1.6983015413181322,-2.3020044118021548
0.014018419970160012,-0.006953160014634644,-0.004979609582747724,0.0065674472322453355,0.48082124707832247,3.7111257363168506,-1.5200713858646735,-2.447640567334329
0.014008705504720229,-0.006940406526885444,-0.005000497079449708,0.006551625865350138,0.48341284228438575,3.72057390644702,-1.5005633588666927,-2.4570347020547945
0.01403542689876984,-0.006950656476537848,-0.004949744522306328,0.006550246509079208,0.4759295364930963,3.6790615502167703,-1.5163086255243723,-2.4318919854032046
0.013998907331837764,-0.0069277904432684285,-0.005021387037057704,0.006535962468273354,0.48604442477706744,3.730025166303364,-1.4811425432722516,-2.4663361231557066
0.013979361199128022,-0.006902956381913083,-0.005062646679318766,0.006504869293182257,0.4912818616713314,3.748390198062276,-1.4425559135746029,-2.4843880379649654
0.013989101714582756,-0.006915330371398075,-0.005042140646448466,0.00652043559983008,0.48866222715558977,3.739354469997252,-1.4618394518887767,-2.4754749706984094
0.01397703310511479,-0.006874955105088079,-0.00507291859399439,0.006455808227093449,0.491332689692016,3.732769722798824,-1.400383903157216,-2.485531733606042
0.013985868189490713,-0.006887852974665508,-0.005054229534510874,0.006473038246407895,0.48903330627104485,3.7261977631203753,-1.42032252485399,-2.4778620095602744
0.013967704634288279,-0.006861717574877413,-0.005092441179721991,0.006438170243880342,0.4937724290771374,3.7397161711826037,-1.3798218500152275,-2.4934534591586464
0.013957622982457561,-0.006848644352062068,-0.005113162499776561,0.006421188434315926,0.4963932136615119,3.747843785831169,-1.3593353281274865,-2.501887861055229
0.013946314490361707,-0.0068375958216998715,-0.005135627108361248,0.006408506626907839,0.49950007692131176,3.759408129722852,-1.341554432008062,-2.5114476095037634
0.013950467739409894,-0.006822547111831614,-0.0051306989604864685,0.006378657122676172,0.4977206859561788,3.740566473133365,-1.3202149537493566,-2.5061246803099966
0.0139437018290323,-0.006810346105816559,-0.005144892575646691,0.006360900251815296,0.49933497543795086,3.7428581505716987,-1.3014683419560251,-2.5110359085544753
0.01393563213412989,-0.006796283658379417,-0.005161599149172503,0.006340515040325233,0.5012487673496917,3.7457095614944262,-1.279814225038337,-2.516738881675962
0.013926314869560483,-0.00678272736060313,-0.005180331408016127,0.006321690904701894,0.5035687236356958,3.7508450041174544,-1.2586131034720023,-2.5234436267362104
0.01389068049088088,-0.006746219360396575,-0.005249128101568267,0.006276296708139439,0.5131038407160884,3.781390721397819,-1.1986284880058413,-2.55011595351736
0.013883110249065408,-0.006731754670318922,-0.005264247929418269,0.006254285945706067,0.5147394168914524,3.7816341077479376,-1.1762706358509132,-2.554257596929681
0.013916535401371742,-0.006769094997169729,-0.005199764051149824,0.006302874158161525,0.5060373563597165,3.756432087560142,-1.2371462188990952,-2.530353378322813
0.01390567044230439,-0.006753773527477157,-0.005221201818792475,0.006281493699139719,0.5087072902231718,3.7621554183393044,-1.212972689260771,-2.537755328650746
0.014111005424893555,-0.007051670715528918,-0.00478348408437993,0.006669767470205362,0.45597143894537134,3.5986843201237124,-1.6645800428824755,-2.3532873331368207
0.014100126229701557,-0.007040202312393558,-0.004806758863638635,0.0066585826928346956,0.4589115898999623,3.6126025994765665,-1.6483752257544426,-2.364814170798161
0.014105061193923536,-0.0070254071759182244,-0.004803152199001222,0.006628412794992896,0.4573141729399163,3.596587133261333,-1.6257239811157063,-2.3620641440840697
0.014098933094114443,-0.0070128142995999655,-0.004818176501780577,0.0066112160172759745,0.45885204679220587,3.6011016255746866,-1.6073909513972977,-2.369044738496117
0.014090680771575971,-0.00699906439124456,-0.0048372031439811135,0.006593594837838925,0.4609538114672304,3.608552390236024,-1.5874240170054914,-2.377916514561323
0.014081662708584589,-0.006985594634161633,-0.004857361950771636,0.006576943117394652,0.46331561499060525,3.6172562905959205,-1.5678220886938214,-2.3872862576138094
0.01407123680751036,-0.006973567239756136,-0.004879454185570193,0.0065637930516645225,0.46598701247543123,3.628995615120786,-1.5502922810170396,-2.3976815899725668
0.014059211022245537,-0.006962906171443505,-0.004903908616564156,0.006554118222503425,0.46934215053332295,3.64413566739577,-1.53463337175337,-2.4093408236042078
0.014053028376800242,-0.006948470040669382,-0.0049189719820166644,0.006533162551699852,0.47072132005359224,3.646584882069302,-1.5132553793857495,-2.4156389229752437
0.013853927358068405,-0.00669811819722,-0.005319741735954623,0.006208793695467476,0.5222682158067423,3.8007524961843617,-1.12090394945511,-2.573483621851753
0.013842988788186295,-0.006682871775916435,-0.005340442215160204,0.006186671376859805,0.5248820124847989,3.804882496124445,-1.0963355255157479,-2.579659625097308
0.01383785932326259,-0.006663140090158067,-0.005350602142947598,0.006153455620007995,0.5253699739272948,3.7946038183165425,-1.0676027193133797,-2.5791630124754814
0.01380947439851053,-0.006622176040057663,-0.005402808974255519,0.006092637836170363,0.532004816369947,3.801184463951326,-1.0020432276006837,-2.5926504671032853
0.013819424235514903,-0.00663406718494923,-0.005384706942694099,0.006109612080219898,0.5295507455038785,3.7967168462631498,-1.0217229154066676,-2.587422831190066
0.013829473474498501,-0.00664774619785816,-0.005366260779447906,0.006129645311066266,0.527160320157965,3.793593186284052,-1.0437925633521645,-2.582432321382026
0.013798391590176748,-0.006609549586924394,-0.005422835350661274,0.006074707259864726,0.5347629235833639,3.806516573575536,-0.980849546133216,-2.5984687709107974
0.01378752751017733,-0.006596191414295727,-0.005442322230730678,0.006055218906337103,0.5373833880917629,3.8104573078806223,-0.9587264082486918,-2.6036491895683977
0.01366823912540254,-0.006497656412276713,-0.005652319302154226,0.005919606785140165,0.5691407880073607,3.891812513049701,-0.7735034495146125,-2.6676622217564074
0.013683048803499801,-0.006504962363540788,-0.00562616910664658,0.005928313504318008,0.5647246349690703,3.877027153287053,-0.7908541813200428,-2.6584089168868954
0.01366014134019997,-0.006482907513997366,-0.005665243263176226,0.005895155241567148,0.5704506483871942,3.8867070496828413,-0.7504054238723289,-2.6677352478496608
0.013724867048632424,-0.006527724847237436,-0.005552419208536664,0.005955639758453118,0.5527818836652946,3.836971213929527,-0.8414142885102213,-2.63254408880667
0.013713417790553585,-0.006515372027193075,-0.005572107728584845,0.005937250149997172,0.5555519717950811,3.8410481188343195,-0.819974201049086,-2.6371983256366653
0.013702380571211967,-0.006503392467066427,-0.0055909499527970466,0.005919257358540024,0.5582290794603079,3.8446346242943936,-0.7991414951539348,-2.6414609787451653
0.013771799458410582,-0.006580480390123759,-0.005470379722762105,0.006033313785937771,0.5414423242843815,3.8194943690081433,-0.9314137788793221,-2.6120170942348984
0.013763389467420223,-0.006558049700721969,-0.005484720129053035,0.005996158057654118,0.5425394628538106,3.8089967567039618,-0.898508018660016,-2.611274693904107
0.013754733705501667,-0.00653920362940131,-0.00549934978258692,0.00596553878142714,0.5439801302240634,3.8023131388011415,-0.8703544414232169,-2.61165390545888
0.01374477750143135,-0.006522808854347608,-0.0055162127252929875,0.005939737946117568,0.5460295803512554,3.7999953775635227,-0.8448511638402941,-2.613757013746632
0.013879749349671077,-0.00671172954513115,-0.005272054516163975,0.00621991357817923,0.5147775856933193,3.7694857173755447,-1.147449949249312,-2.553169086975254
0.0138720732445268,-0.006695812302712027,-0.005287090208150008,0.00619525946740332,0.5163710228590673,3.7679859835533165,-1.1232614383833217,-2.5565608707055607
0.014501998139455982,-0.007759801619845192,-0.0036851993546167636,0.007405981793696768,0.3573257802204723,2.9439740728045902,-2.5348657690065437,-1.6858796497797777
0.01450889859315131,-0.007773992531175537,-0.0036620622525107747,0.007417750756517713,0.3556396231700325,2.9275005144612263,-2.548836895247581,-1.6698434611711626
0.014515687024886337,-0.007788151918908696,-0.003639035173608546,0.00742946345292922,0.3540788375549205,2.9110583806158457,-2.562688607840457,-1.6538007888008457
0.014443946920078716,-0.0076468525128579575,-0.0038710330666619,0.007310545106942959,0.3711582031269079,3.074415851563256,-2.4198450831219875,-1.81192426952644
0.01445140351083987,-0.007660935033558196,-0.0038478305803772614,0.007322739402465492,0.3692350500631298,3.058365660265974,-2.4346250289595806,-1.7964345826415578
0.014458622260605842,-0.007675083134998493,-0.003824853839906065,0.007335179276828685,0.3673715622185889,3.0425089291035463,-2.449512771573243,-1.780945922895626
0.014465730627132745,-0.007689217809339582,-0.003801967390338458,0.007347580257596781,0.36567099628217997,3.0266614751749827,-2.4643036924309243,-1.7654246323244325
0.014472942296537623,-0.007703304556140599,-0.003778872497686291,0.007359607502925951,0.3640869193086425,3.0105023670702944,-2.4787753642883152,-1.7497606981928089
0.014480288549627705,-0.0077173661996575065,-0.0037555073092804124,0.00737124991594727,0.3624945018613733,2.993987838810383,-2.492921605278091,-1.7339279528144729
0.014487645960995223,-0.007731460646798457,-0.003732014591336964,0.0073827569497211245,0.3608195709207573,2.9772977340735474,-2.506915750622148,-1.717969278300613
0.01449490626256212,-0.0077456128165148104,-0.0037085373488700006,0.007394311804636555,0.3590778332267053,2.960588482961404,-2.52088479508499,-1.70193395984149
0.01456700596160202,-0.007859932221507682,-0.0034966334694442173,0.007462086791401846,0.3425732584102113,2.799233976757772,-2.615781873763362,-1.5608577587293675
0.01456027748381611,-0.007845560268667427,-0.0035200547933525307,0.0074509631549914,0.34404319105074016,2.816261589299066,-2.6026758338196747,-1.5773596351164973
0.0145533824024194,-0.007831263418118838,-0.0035435671964946197,0.007440016481187265,0.34555815074339064,2.83337063865406,-2.589633555270604,-1.5938080754023856
0.01454635240705699,-0.007817069047401554,-0.0035671031387163074,0.007429240216362285,0.3471075608292986,2.8505028365124576,-2.576662802700404,-1.61016399830617
0.014539250260102617,-0.00780302264619821,-0.0035905323755561114,0.007418612481377623,0.3486881819391872,2.867545685396166,-2.563770062343233,-1.6263554526595947
0.014532328957015029,-0.007789029083202442,-0.0036135715936467757,0.007407643433912113,0.35024447776527906,2.884146722451327,-2.5506220013621648,-1.6423070555745396
0.014573532207199537,-0.007874377810179556,-0.003473351171365171,0.0074734387005627135,0.34115950038073994,2.7823383748320194,-2.628983562117032,-1.5443199650581547
0.014579845800302456,-0.007888846098815976,-0.003450267128139666,0.007484964681059519,0.3398020103036887,2.765609071493419,-2.6422281238055927,-1.5277909616506709
0.014576054218898807,-0.007916389973533782,-0.0034284264354890776,0.007529625045668425,0.3408575228528534,2.757410944061842,-2.6810061669921468,-1.5050696798942111
0.01458601456156725,-0.00790321937892352,-0.0034273970992653537,0.007496403524323154,0.33848266458294085,2.7489980402707554,-2.6553074650623802,-1.5113332101461767
0.014563458889128956,-0.007956756752799629,-0.0034053669239707805,0.007605624867594683,0.3467613546213067,2.75596808220597,-2.7430534638448267,-1.4760839725336476
0.014572899109417906,-0.007943797233939941,-0.0034050808625059035,0.007572857640813026,0.33891215389156515,2.7456294030438624,-2.720881428449955,-1.4799621743348224
0.01458254020093691,-0.007930653794328757,-0.003404937537822538,0.007540261326584373,0.3395641367286281,2.739977851971879,-2.693475997231371,-1.4882268950665483
0.014569855515627577,-0.007971103608784268,-0.0033814511129527953,0.007616287897129409,0.34500776952749246,2.7379350357147296,-2.7554810098669615,-1.4587510719450296
0.014579355564154017,-0.00795814240583037,-0.0033812819394132307,0.007583458035127689,0.3375485465461241,2.7277530514786754,-2.7333200601521064,-1.4627221921395896
0.014637227572066362,-0.008130208448819098,-0.003116221823351231,0.0077285972361579814,0.328838970887201,2.5349244413131666,-2.885026721989026,-1.262732853402873
0.014647243847130604,-0.008117734729768351,-0.0031170447821769896,0.007695956610042148,0.324745923679512,2.5266809374613257,-2.8626210942336363,-1.2682236784160787
0.014631330544227503,-0.008115649345237107,-0.003140481081769021,0.007718771246121084,0.3294036853191594,2.553576849062967,-2.873861403681986,-1.280943126689198
0.014643078820777493,-0.008144785978910383,-0.003091949890835485,0.007738339650113168,0.3290960863010633,2.516242253866747,-2.8960056727621635,-1.2444873862264758
0.014653078296889504,-0.008132348053308612,-0.0030929211542620404,0.007705813261485304,0.32337678094881644,2.5080781370532748,-2.873701250908624,-1.2501941994208485
0.014648884232660605,-0.008159381790995318,-0.0030676382374484365,0.00774800941280895,0.3285248445900867,2.4974347905925867,-2.906843240231774,-1.2261960544432131
0.014658900726810737,-0.008146967658517522,-0.003068735429961992,0.007715527466562185,0.32200135308475014,2.4893362030336594,-2.884651172039014,-1.2320784258811255
0.014654643750579328,-0.008173995740642207,-0.0030432888766456587,0.007757605756547411,0.3274674692063492,2.4785184480393316,-2.9175670055873595,-1.2078501402748445
0.014664693160165327,-0.008161601060240718,-0.003044505629218912,0.007725135523614792,0.32083812518527205,2.470510043763126,-2.895478888412726,-1.2138860918034815
0.014714953661811804,-0.00833590506071094,-0.0027734000523811715,0.007858136048339888,0.314580997926792,2.2652476587903645,-3.0286347685135424,-1.001962058518007
0.01472562791661619,-0.008323902693676458,-0.0027755562635303085,0.007825566227132569,0.3106175112709692,2.2592711265441916,-3.006269468023621,-1.0093303422528879
0.014709702589809142,-0.008321101100260936,-0.00279810185520513,0.007849374218887734,0.3165975282220964,2.284912214653929,-3.019081270964502,-1.0210288131405723
0.01472015819724113,-0.008350725434314416,-0.0027486891202396935,0.007866813872123141,0.3134177411304824,2.2456666704022252,-3.0380124768660672,-0.9828408464310904
0.014730817915463252,-0.008338764522587647,-0.0027510156897216282,0.007834353582663699,0.31004090699931464,2.2398678282334594,-3.015655143592977,-0.9904473911569099
0.01466035731795871,-0.00818862768350935,-0.003018919346017766,0.0077671217492559855,0.3271845223419368,2.4595271940252923,-2.9281814975130676,-1.18946138261452
0.014670441134543992,-0.008176248164967311,-0.0030202487527783675,0.0077346600142019694,0.3196479340953966,2.451622767512838,-2.9061813606125515,-1.195623765876741
0.014720346505126736,-0.008309048537761902,-0.0028001302361967263,0.00781676356611242,0.3111114621602455,2.2786877786005806,-2.9967972200071125,-1.0281996602698198
0.014704405031812397,-0.008306313695911128,-0.0028227774960245112,0.00784053432089871,0.31879024620219415,2.3046159613246666,-3.0093941258064247,-1.0400127053390271
0.01471497731927606,-0.008294214589657125,-0.002824720998592784,0.007807953576539742,0.3116813590400059,2.2981237923727345,-2.9872312484592247,-1.0470457082703064
0.014699061038930978,-0.008291542990765967,-0.002847413277487354,0.007831621265359806,0.32066812102710124,2.324286838036596,-2.999615286232483,-1.0589055833797743
0.014709539290735625,-0.008279408356405256,-0.002849299765517358,0.007799114347131553,0.3124602059244939,2.3175562222626045,-2.9775561116588367,-1.0658461126618368
0.014693670662807697,-0.008276789128081427,-0.0028719981126137,0.007822639160164041,0.3216452729128139,2.3438425558795997,-2.9897654380581105,-1.0777181190732372
0.014666024878782739,-0.008203277475351158,-0.0029945183574870177,0.007776561736876749,0.32697419566524133,2.4404136923544466,-2.938700892317177,-1.17103051055065
0.01467616478698989,-0.00819090585428165,-0.0029959428467861396,0.007744066097522625,0.31832748241274683,2.432632019760238,-2.9167353546976753,-1.1772782152043566
0.014704064021026435,-0.008264627162320789,-0.0028738331771644247,0.007790192259642967,0.3135590308708684,2.336933834461268,-2.9677518038341097,-1.0845757529549378
0.014688233955621806,-0.008262052251258773,-0.002896532445085888,0.007813587952886527,0.321428322869246,2.3632346321771385,-2.9798264823096736,-1.0964777330562279
0.014671646377591765,-0.008217944972024238,-0.002970059316731512,0.007785935918262109,0.3251688921198694,2.4211438122052726,-2.9491487257040596,-1.152522038052587
0.014681871679255313,-0.008205586790300146,-0.0029715674807590142,0.007753357131573887,0.31724390107175354,2.4135396160863523,-2.927144070696284,-1.1588447353958777
0.014677221759479862,-0.008232630029493518,-0.0029455532434231337,0.007795240019469644,0.3224377722828355,2.4018079573193636,-2.959515220540157,-1.1339072439556153
0.014687522390476692,-0.008220312896069643,-0.002947147592214181,0.007762619815062377,0.3165940869882349,2.3944262787010095,-2.937452938375212,-1.1403444607926667
0.014682750970092102,-0.008247332503838375,-0.0029210409789144336,0.007804458582417985,0.3210942145879316,2.3825157397507515,-2.9697515182419427,-1.1152106889003837
0.014693083237854074,-0.008235079461468372,-0.00292272615436146,0.0077719011166584836,0.3159380609448312,2.375332937543584,-2.9476830945596615,-1.1218036674878897
0.014698581099427432,-0.008249855531173392,-0.002898301711002064,0.007781122644477161,0.3148590689179694,2.3561947850944933,-2.9577955318421165,-1.1032227580607203
0.014576207035553426,-0.007985470484765412,-0.0033575007875169473,0.007626876240644664,0.3434336064886414,2.7198199603052626,-2.767823400119371,-1.4413317228104938
0.014585765352109871,-0.007972527009282146,-0.003357433879296597,0.007594012182788843,0.3362712916586256,2.7098124558257974,-2.745652562695011,-1.445394275369589
0.014582513384860307,-0.007999857235701381,-0.003333514610185986,0.00763739042750539,0.34183821322793534,2.7016274868325234,-2.7800699161901363,-1.423821867944307
0.01459212877104279,-0.007986945889948461,-0.003333540289794861,0.007604512063342062,0.33499311158544737,2.691800900206911,-2.757871130814186,-1.427985865342526
0.014588774500088612,-0.008014263716568458,-0.0033094875938746945,0.007647832647712655,0.33972937644464696,2.6833671357087585,-2.7922096045051554,-1.4062125957764948
0.014598442955825732,-0.008001397982420317,-0.003309606501050944,0.0076149597839229735,0.33383249258040465,2.6737257524967095,-2.7699794821038846,-1.4105055152919264
0.014594990318363584,-0.008028689782366835,-0.0032854345059866023,0.0076581965550982685,0.3378371402937823,2.665087709690435,-2.804216705095552,-1.3885094874946138
0.014604691242790992,-0.008015883525952457,-0.0032856539635137127,0.0076253796767736986,0.33277599083747006,2.655618085563079,-2.7819934473862067,-1.3929687162167876
0.014641367828629714,-0.00810312298284613,-0.003141145801851484,0.007685996875829362,0.3257650731810673,2.5451798577941123,-2.8514256080633764,-1.2861908469086438
0.014625387795527457,-0.00810110881275792,-0.003164740176120926,0.007708856508158409,0.33158526245286296,2.5722996243011353,-2.8625021629390788,-1.2990969185073635
0.01472531614604481,-0.008365562078288622,-0.0027239802594374875,0.007875403886013772,0.31371767796647176,2.22614524253826,-3.0471957603017894,-0.9637018361861832
0.014735938149304037,-0.008353624884248777,-0.0027264921418201017,0.007843081470300111,0.30916557472592415,2.2204268002977763,-3.0249427020612814,-0.9715339135387534
0.014730427458694156,-0.00838041485002105,-0.0026992558905178364,0.00788391226142553,0.314551604734793,2.2065677248782407,-3.056209302251719,-0.944554304697328
0.014741033907461376,-0.008368484397232293,-0.002701933158240959,0.00785167821608933,0.3079783197560472,2.200868618961739,-3.0341005648510393,-0.9525537234394691
0.014735492086180694,-0.008395283607075692,-0.002674483250983631,0.007892350249352947,0.31402463941664593,2.1868378551040197,-3.065104349721295,-0.9253656064692418
0.01474612804962798,-0.008383355754668366,-0.002677301337572512,0.00786012026916433,0.30689401159580004,2.181175971689076,-3.0431149653962617,-0.9334873300915704
0.014740509980012716,-0.008410168207199323,-0.002649665384636615,0.007900716772776753,0.31254196767106013,2.167000124657709,-3.0739075764369317,-0.9061062915537336
0.014751189204363682,-0.00839825670436037,-0.002652613386016828,0.007868477203132647,0.306177727617203,2.16142154651692,-3.052012917703262,-0.9143462748334975
0.014783560287475501,-0.008544819263429001,-0.002425233832900048,0.007972470987844342,0.30582945407840434,1.9861217244515244,-3.1480496413691594,-0.7303898951955489
0.014794602723870167,-0.008533248181843206,-0.00242907304321453,0.007940425347635642,0.3002849038204041,1.981723590473461,-3.1265152206994995,-0.7397542711119148
0.014778965067767892,-0.00852979835360784,-0.0024502759442924875,0.007964810057802908,0.3067544772153449,2.0063710217158164,-3.140284804499848,-0.7501338613405389
0.014789989798840287,-0.008518188436960778,-0.002453987350517268,0.007932706361226517,0.3007130220683237,2.001805556926928,-3.1187252567129886,-0.7593147335573484
0.0147743227280614,-0.008514792106028145,-0.002475302665377051,0.007957067831681815,0.3081165978983797,2.0266514755411715,-3.132375957750389,-0.7698328324067395
0.014805828367996316,-0.008620139971822548,-0.002299725777274811,0.008009576287451615,0.3040961436408857,1.8841885695447054,-3.1848242988346827,-0.6313721483509079
0.014810140026172798,-0.008635246202199697,-0.0022745244273143063,0.008016769405151631,0.3023720285350898,1.8636166234364104,-3.1918790318333774,-0.611367080787577
0.014821443066454847,-0.00862377684036735,-0.0022790901766521657,0.007984701503663219,0.2969264675417805,1.8600583172403014,-3.1705551674099577,-0.6213807382929694
0.014788108374602238,-0.0085598548013954,-0.0024001888057589814,0.007980046899705733,0.30596450808274,1.9659097239667294,-3.155652193293012,-0.7106332507634946
0.014799149626441693,-0.00854830330879191,-0.0024041765303242212,0.007948078769939441,0.2996744170240833,1.9616250464426292,-3.1341914689558554,-0.7201730735390468
0.014801469324203573,-0.008605047553236283,-0.002324909830254108,0.008002302558204008,0.3061265626207827,1.9047904856302118,-3.177661816962482,-0.6512925709267914
0.014817087651003367,-0.008608607398837377,-0.0023042033824585777,0.007977474872554085,0.2970201199122753,1.8804280563110556,-3.1635003024416437,-0.6412551361678666
0.014797062943977079,-0.008589969109727747,-0.0023500468330119634,0.007994956801859089,0.30705952932327135,1.9253046248098242,-3.170422473796219,-0.6711175742119361
0.014812647270410123,-0.008593478689580677,-0.0023292962343177607,0.007970258892409566,0.2972948413739969,1.9008225133682117,-3.156362720491121,-0.6610935628529594
0.014792609277228726,-0.00857490480464598,-0.002375134007620468,0.007987539929212124,0.30675971406339986,1.9456677712866781,-3.163098310040583,-0.690882512201131
0.014808160347881122,-0.008578396971831322,-0.0023543250929080376,0.007962994253757141,0.29793105765626016,1.9211863059171606,-3.149114665092427,-0.6808653385968312
0.014803659936004134,-0.008563347501267745,-0.0023792757451327113,0.007955611398621207,0.2988182458884396,1.9414591917046302,-3.141728690042303,-0.7005536440251925
0.014810555235303795,-0.008536643530159278,-0.002408022486140532,0.007916107571377328,0.2993740901915712,1.9630019365878433,-3.1087764345943043,-0.7349041524554761
0.014814404250277427,-0.008650366081149908,-0.0022493371554477165,0.008023873047228791,0.30258124856266433,1.8431242153785494,-3.1987844946492268,-0.5913302537116277
0.014825713300358687,-0.008638963759467853,-0.002253983181997968,0.00799191735701784,0.2965658966229939,1.839699064442949,-3.1775171935937614,-0.601485853047469
0.014818620992578935,-0.00866549944553118,-0.002224150757747834,0.00803089102263559,0.30389391501199137,1.8226093307155093,-3.2055336946378907,-0.5712983044085381
0.014829948652773131,-0.00865414348612749,-0.002228865272294839,0.007999013120619557,0.29576386362558765,1.8192697491386383,-3.184330183800259,-0.5815615512051511
0.014822790206067778,-0.008680646132284166,-0.002198923448828391,0.008037834975174437,0.30397928452038,1.801947784254357,-3.212161561569213,-0.5512501437808687
0.014834185197893935,-0.00866931549055652,-0.0022037069900326975,0.008005925970557616,0.2949745911931739,1.7987356580417215,-3.190965355211688,-0.5615916841816543
0.014826911844453403,-0.008695805978438997,-0.0021736457115592127,0.008044707436947433,0.30268683498085525,1.7811534843943282,-3.218703324926062,-0.5311431018479545
0.014838398415102552,-0.008684505295334528,-0.0021785011851340563,0.008012721547026704,0.29458899204119443,1.7781492803719825,-3.1974600280319283,-0.5415668943680876
0.014830985862161488,-0.008710978821122078,-0.0021483380827610967,0.008051502703276328,0.3013780508463748,1.7603146160633925,-3.225161121239401,-0.5109617954026937
0.014842550253327688,-0.008699730458980929,-0.002153258776688011,0.008019481820219387,0.2944266047041775,1.757558248904713,-3.2038508564182346,-0.5214911461546193
0.014896127296621686,-0.00898612747582548,-0.0016897300789188233,0.008160077402949379,0.2958267897028348,1.3835654339573213,-3.3190013168428116,-0.1423922956109961
0.014899288792197036,-0.009001516484536435,-0.0016640728490683054,0.008165348415196727,0.2954615487939507,1.3624405517350742,-3.323060152912396,-0.12159692498443937
0.014911416824978922,-0.008990996173374738,-0.0016710333097083474,0.008134099766457839,0.29025987575977613,1.3619791117913473,-3.302687704952825,-0.13451084479233186
0.014296080981329978,-0.0073583605305659085,-0.004316408713020873,0.007019756592531581,0.40758383857350394,3.353511750988616,-2.079542715711368,-2.0974158833431997
0.014270862103783465,-0.007316989039512831,-0.00438316788173137,0.006977210471794897,0.4140529834595336,3.3935003932457906,-2.0275309089945037,-2.136742175049107
0.014279618594367128,-0.007330502426596955,-0.0043605897874562346,0.006990712762193928,0.41178507240905476,3.3797221089916363,-2.04445858993323,-2.1235950061114903
0.014288095552660697,-0.007344348858976426,-0.0043381891665658185,0.007004910117435119,0.40962256691112636,3.366282550117932,-2.061845363333921,-2.110409668068501
0.014270010758021104,-0.007288958342986848,-0.004400342841331679,0.006930733462791172,0.41455221582692253,3.3908933913581882,-1.9854311674268565,-2.148664966250242
0.014279116598108462,-0.007301647680768269,-0.004377931339524375,0.006942640763827443,0.41218754478205705,3.376885178492692,-2.001065748354591,-2.1359204580315985
0.014355795038044872,-0.007424082152845552,-0.004176222475805524,0.007061909148658262,0.3928417150074739,3.252396400527178,-2.1493255192717666,-2.0164219682375797
0.014312774970665987,-0.007358011596422648,-0.004288757099543127,0.007000971931858419,0.4035732186935741,3.324359044026202,-2.0716128529694973,-2.0836046898070637
0.01432063998013304,-0.007371322419392828,-0.004267583104719574,0.007014457809579441,0.4015809728067394,3.311585636156608,-2.087970692697064,-2.07095655359376
0.014329728968225847,-0.007384050307310961,-0.004244655137084344,0.007025474506986034,0.39931704745779034,3.2965021441708235,-2.1027393577417595,-2.057458874768735
0.014347420707558435,-0.007410529914183033,-0.004198734634931857,0.007049234174499546,0.39492588537877454,3.266728563101331,-2.1335021491616835,-2.03006271178862
0.014338755469637287,-0.007397109469102804,-0.004221552066536156,0.007036938972815627,0.3970793024294627,3.2813835628411963,-2.1178529102320915,-2.043755500298935
0.014453237125009457,-0.007632591075840703,-0.003868167667363001,0.0072763234338839,0.3685472379465721,3.062207569536357,-2.3934420584508733,-1.8151400339830912
0.014445279741211023,-0.007618687320661298,-0.0038917182477505945,0.0072648720819883114,0.37045516184557853,3.078607848606047,-2.3791037378786144,-1.8305360261580887
0.014437458210436257,-0.007604946310126343,-0.003914847411696489,0.0072533304821594535,0.3723314910561906,3.0945892092729674,-2.364726995145352,-1.8456218753802707
0.014429792920269018,-0.0075912934751617206,-0.003937581509546884,0.007241563553416277,0.37418564942956817,3.1101344849809016,-2.3502026901074697,-1.8604315669936013
0.014438502128753304,-0.0075774185211846925,-0.003934600085665713,0.00720881454841299,0.3724850511292492,3.098324125309714,-2.3245871233458995,-1.8631535565383965
0.014431566753383212,-0.007563557655196206,-0.003956066131852229,0.007195646315323385,0.37416962843087515,3.112255708511732,-2.309176857435434,-1.8772203206727653
0.014423765902176342,-0.007549673144365089,-0.003978822270078183,0.007183356916777065,0.37604274831153855,3.1274488906739193,-2.2941195925925384,-1.891829585293068
0.0143744890197596,-0.007422333889614947,-0.004146970983656834,0.007037792462807438,0.3884159652702899,3.2206435022022757,-2.137560072423854,-2.002194653707275
0.0144081412097565,-0.007521765181470071,-0.004024205662225488,0.007158094401003494,0.37984261014660964,3.1573608763664534,-2.2633165030124247,-1.9207970708126394
0.01441633170090561,-0.007535314613523488,-0.004001256523659145,0.007169704211587121,0.37782058862628337,3.141925452626479,-2.277978808149554,-1.9063423392864054
0.014382700625430733,-0.007436096685761115,-0.004124621784349399,0.007050656629294396,0.3863942913970964,3.2065255528344103,-2.153387653865781,-1.9885805056324226
0.01441462748781567,-0.007508185111450296,-0.0040236830993934875,0.007128659961606642,0.378502968671295,3.148111765336196,-2.240005438989225,-1.9238498821311665
0.014410786199300871,-0.007495072546805188,-0.004039132816070492,0.007112384143009014,0.37947152561322023,3.155850788844902,-2.2233733716746134,-1.9343904847875055
0.014405316417430786,-0.007479977251283518,-0.004058453184312134,0.0070947886043832625,0.3808317565634251,3.1662804366845907,-2.2047346862394814,-1.9471563192235781
0.014398397954996311,-0.007464897239394263,-0.004079940724019322,0.0070787874785089,0.3825357401843046,3.1788949995930325,-2.1867871154672134,-1.960870825819061
0.014390737798880074,-0.007450247176295549,-0.004102200278346946,0.007064183809774853,0.38441886656068136,3.1925053756617245,-2.169706878245344,-1.9747785065459367
0.008690256318635764,-0.005082408142228862,-0.007934193328983818,-0.0021120632411346526,-0.036517539661591804,-0.6323434606409376,2.4327981247808164,1.3746336895910607
0.008700054085880893,-0.005067436676115311,-0.007924385706974693,-0.0020870017513159654,-0.03309317320467308,-0.6231088483816701,2.4243937830150024,1.3587992479636088
0.008670617921741723,-0.005078227326020994,-0.007914361583228058,-0.0021363237429673746,-0.039449793632769965,-0.6530697414119739,2.419650325887148,1.3925073657354412
0.008647077449017151,-0.005074587742333385,-0.007891933054140212,-0.00216611769998013,-0.04298370442320524,-0.677649719114116,2.4048116597662337,1.4142908528225073
0.00863161955867346,-0.005079145539889165,-0.007884971883551488,-0.0021909805650775346,-0.045938033607412575,-0.6933929045774622,2.4009669385931924,1.431466661189228
0.008588982030118167,-0.00509207975658916,-0.007865418899307447,-0.002259631456115918,-0.05416847502465826,-0.7368636259063409,2.3900528051831613,1.4790633400265794
0.008569204663706108,-0.005092954861042911,-0.0078501649483978,-0.0022871283691174335,-0.057197959516822806,-0.7570801864038028,2.3801667292097046,1.4987326674931036
0.00861596873098173,-0.005076006432090718,-0.007868962097480657,-0.0022099054368323674,-0.04809994836102685,-0.7096260283209305,2.3901707149001967,1.4454759149217316
0.008599209927825266,-0.005076977794733289,-0.007856602039741967,-0.0022334831914417553,-0.05076168137438084,-0.7267425398401104,2.382255504144941,1.4622487693695145
0.008522534546330071,-0.00510244922279326,-0.007821678424896146,-0.002357609439687115,-0.06482836320738349,-0.8045131517363903,2.362491360811088,1.5483906429086023
0.008502504459980853,-0.005101050348646375,-0.007802919513998696,-0.002382922205870559,-0.06723960405668127,-0.8247458473744463,2.3497173576649275,1.5669098582968528
0.008534505557450145,-0.005087238842464692,-0.007814741559668425,-0.0023288040520601564,-0.061285737165001276,-0.7923702864425413,2.3559126299297266,1.5295490126483566
0.008552959439852714,-0.005075519589905136,-0.00781705557777483,-0.002294452183530233,-0.05731192830687775,-0.7737551333342773,2.3559618356635776,1.506278704468918
0.008416435029314854,-0.005111889051119084,-0.007738723920769303,-0.002504150448451941,-0.07863409287926805,-0.9107942497576557,2.30717835854562,1.6535053685166756
0.008479517139065335,-0.005102994806416302,-0.007785115007323288,-0.002414774355805584,-0.0702988432012895,-0.8478684925155414,2.337915428437945,1.5897492738441203
0.008438388958749285,-0.005105189545961182,-0.007751134204819032,-0.0024700006320912886,-0.07538689176308362,-0.8888250549091387,2.3149771942594444,1.6295151632721494
0.008457670648170877,-0.00509734247108357,-0.007759615198887289,-0.00243817738493546,-0.07225436577011353,-0.8694352102191736,2.319874497482337,1.6074021944352475
0.009210489570696,-0.004906320566933358,-0.008045192531348116,-0.001244809326896291,0.09377784121023383,-0.10717318624674198,2.46820308767084,0.7929537373654235
0.009224860807201349,-0.004881661520947976,-0.008023358112748024,-0.001212319383675357,0.09770388561946147,-0.09616411832609355,2.4516670417680584,0.7719948988146278
0.009185944049242467,-0.0048952760407551974,-0.008021361428032404,-0.001276517102953435,0.08737059041650606,-0.13478090936632356,2.4533562843252708,0.8147342309782343
0.009158705605166767,-0.00489532226952765,-0.008008624148960307,-0.001317023534342848,0.08034185676437054,-0.1633116019165426,2.446508538157976,0.8420882146980421
0.0091310419317615,-0.004888979468871293,-0.007988005858040083,-0.0013547938360369436,0.07345820248772574,-0.19314352719505126,2.43402270080376,0.8679959204559494
0.009109409295601353,-0.0048895939247286385,-0.007977934902735082,-0.0013868434790318671,0.06814985376760106,-0.21557372560656182,2.4285238428484477,0.8897497782561725
0.00930203387172778,-0.004905732803716967,-0.008083277930340483,-0.0011058254611752774,0.11889215454426393,-0.01052799847912199,2.487505296626767,0.7001643125315545
0.009257354090491695,-0.004893502985996624,-0.008050898221856152,-0.001168637659874853,0.10643867054265478,-0.059999559390397396,2.4684707245696256,0.7423555423407527
0.009279655545007174,-0.004890475102954762,-0.008056693529932745,-0.0011336840162685768,0.11249899852822723,-0.03701928849587987,2.470752585868962,0.7190774876562134
0.009244900309498651,-0.004873827475112185,-0.008023111541028694,-0.0011789835559116383,0.10299203542431713,-0.07646923852852501,2.4499189661084135,0.7498413190503452
0.009579776748551422,-0.004817389579892704,-0.008070040421119688,-6.52328302345465E-4,0.19465594236468084,0.2646818792889633,2.4561838918111003,0.4000048145398959
0.009610748850157166,-0.004813641127320103,-0.008072849988542121,-6.039814059980339E-4,0.2032409363873203,0.29647220651793377,2.455641374460384,0.36808337998325386
0.009331329204444521,-0.00488709753355285,-0.00807320485652384,-0.0010538914364441561,0.126834351841995,0.016907433893705973,2.4781940463982814,0.6660335504424406
0.009353316632095907,-0.0048627944069768395,-0.00805354635549252,-0.0010114121938582397,0.1324020161710424,0.03545300849042259,2.4627466444026873,0.6380797252792149
0.009372659280499891,-0.004837712519497645,-0.008031917939499882,-9.731659797274794E-4,0.13708512239636952,0.05091729103498221,2.446080063525812,0.6128371307017888
0.009563392499521548,-0.0047946645268202685,-0.008040248422889036,-6.71809622525612E-4,0.18811869153257127,0.24205977929099798,2.4367359043415306,0.41221000085932624
0.00953632713262308,-0.004801632342695192,-0.00804128648175727,-7.146272783571341E-4,0.18096525742406414,0.21522398884485355,2.439648718717432,0.44073091935606573
0.009502205881851645,-0.004804233586083339,-0.00803499817991031,-7.670103927995583E-4,0.17154400113691948,0.17998031215373014,2.437983201419249,0.47550515657538445
0.009444395996125426,-0.004824464383195486,-0.008040799596035554,-8.604691616413512E-4,0.15649400073485797,0.12358667523526656,2.446643529441254,0.5378130290045272
0.009470298158172123,-0.004810696243400045,-0.008033093076806858,-8.171037201808077E-4,0.1629587393680373,0.1478946940370668,2.4392000876357613,0.5088602655734696
0.009416945663991937,-0.004815074737029801,-0.008021341038886713,-8.988318475948292E-4,0.14830599438569847,0.09287975440604995,2.435169507010958,0.5633063216040085
0.009389512172546959,-0.004817483571579552,-0.008014854346602266,-9.408045251391528E-4,0.1410644236067212,0.06466464551606142,2.4327523129507407,0.5912991853594877
0.009653362142827172,-0.0047561749710886385,-0.008016591707725831,-5.272620607560965E-4,0.2099502772457131,0.32719789834214735,2.4128291569137783,0.31496233813630686
0.009629545838008916,-0.004784538080859752,-0.008043804815603349,-5.690415082237713E-4,0.20602720710924796,0.3091594460736758,2.433861357598888,0.34387534006951315
0.008763683524315528,-0.005051727460925696,-0.00795299115441204,-0.0019856820672106697,-0.019650310732367806,-0.5578899974798915,2.4398440315031293,1.2890759596992138
0.00872407593970437,-0.005054983710738657,-0.007927987829067071,-0.002044029935879968,-0.027380110785978802,-0.5989591012832447,2.4248177728661444,1.329916748155323
0.008739783514691237,-0.0050476878778797155,-0.007931122328811588,-0.0020165906635162567,-0.0237286200610848,-0.5831440407434432,2.42569619218215,1.3114104505206783
0.00870860123316106,-0.005051891641462481,-0.007912986906757702,-0.002063414629402799,-0.029841286168159276,-0.6152360245533818,2.4149556704960484,1.3440654979328117
0.008777701677484425,-0.005032860354811913,-0.007941260653284448,-0.001952400763545074,-0.014986385246637217,-0.5448389346604524,2.4297603188234334,1.2679482433600786
0.008844934199385392,-0.005009752282227472,-0.007960737047246496,-0.0018407378016062172,6.338036199742043E-4,-0.4768258345007284,2.4381127164195675,1.1923462353777994
0.008818089638935182,-0.0050112586677887394,-0.007944448810017794,-0.0018800993884768196,-0.0049773550870611805,-0.5046530050339583,2.4284635875034994,1.2196855502172925
0.008790453003727827,-0.005007963554688733,-0.007921738913149517,-0.001916987013602321,-0.010182190158634162,-0.5335666235604979,2.4140280297964822,1.2458910185483794
0.008903027872006029,-0.005000817584922194,-0.007988053944714343,-0.001751115566494835,0.013841612867517028,-0.4169775800973438,2.452987065067066,1.1309606015573206
0.008882139074713719,-0.004999886222263427,-0.007973699027410453,-0.0017807725474005838,0.009348359644076125,-0.43893909662941394,2.4443342291332075,1.1516116845741287
0.008860417015625616,-0.0049870511854674905,-0.00794496575976561,-0.0018036593086799,0.005785844440165814,-0.46290907245540647,2.4251066664537526,1.1688899688663155
0.008916269156330222,-0.004980028618352984,-0.007972466364826432,-0.0017189293552843066,0.01832984097768039,-0.40547586629919047,2.440446400473901,1.1107399156252094
0.009048072547232293,-0.00494137808912824,-0.00800484758062356,-0.0015040165097435028,0.05129328913320171,-0.27243112917191636,2.452760155209573,0.9663340872778982
0.009071772134131675,-0.004935375834568978,-0.008010673850931625,-0.0014658381954315341,0.057279173206944985,-0.2484355723208411,2.4549854892466842,0.9407425568851692
0.008936830854776635,-0.004962447460414241,-0.007964991164695998,-0.001678426975673185,0.024093751092606454,-0.38598669851759226,2.4332516457547677,1.0843422984220517
0.009030719388410852,-0.004927663651364551,-0.007979690399678848,-0.0015219516250854614,0.04766379543114563,-0.292415561041339,2.4361109207115224,0.979603294509831
0.00895310872822426,-0.004943230353660664,-0.007952906776913122,-0.0016434013209678821,0.028959593006214025,-0.3711907810500774,2.4230764234464868,1.0618028603142189
0.00897818806359674,-0.0049416659491123855,-0.007965885888946018,-0.0016062586216516147,0.03472186082675172,-0.3453689697500857,2.430450985513517,1.0363812377100394
0.009007987935856658,-0.004932122375893743,-0.007972093898654635,-0.0015575468699403907,0.042140617650447104,-0.3155318244258924,2.432498576152357,1.0036745724400722
0.009086715881635718,-0.004905488979242356,-0.007984384316334662,-0.001428208031054106,0.062061090330167205,-0.23702286015918556,2.434975053337142,0.917040780127449
0.010129850240456036,-0.004758421077085659,-0.008048657134357371,1.987521510937317E-4,0.34319397913965605,0.8268029348424687,2.3928429844661996,-0.16161964764773226
0.010096911304999411,-0.004736441539754375,-0.008025937634658179,1.472788646762134E-4,0.3297367914685468,0.7844363040587626,2.379859061904838,-0.13051669539886993
0.010197207074819832,-0.004765967400104157,-0.008051141947339606,3.023152508820368E-4,0.3628356574237653,0.8999155366036911,2.3879929711634307,-0.2282822517881255
0.010165239993642643,-0.004738679704686758,-0.008023591082905427,2.509854647233692E-4,0.34831705077275604,0.8560985665679991,2.371488289012897,-0.1981870596398613
0.010343642535195825,-0.004757735751762382,-0.008020049733824882,5.235644452799322E-4,0.3981997336160909,1.0480028857546897,2.3506035516316803,-0.37382844397259035
0.010281894115092553,-0.004761318224808582,-0.00803472471275716,4.306881327913688E-4,0.3837333040705138,0.9859543640420291,2.3676465948112058,-0.3127270900763368
0.01031102415101604,-0.004747502186262952,-0.008014455422107302,4.725166065536109E-4,0.38746550483654424,1.010044827604142,2.3500120971942184,-0.3419392409013482
0.01023789624043175,-0.004744524335629825,-0.00802214083925836,3.6160639504876117E-4,0.3684219928028987,0.9335288013564779,2.3631748738752676,-0.26985010802344656
0.01040738125156806,-0.004745767163345749,-0.007993466276050751,6.168374553019873E-4,0.41037173324173076,1.1075939595557225,2.3244720838900825,-0.43649213439276374
0.010503474384699188,-0.004739598323312193,-0.00796254700782111,7.580987926644971E-4,0.43038071851563625,1.2013036898658098,2.2911627882221466,-0.5296093033085275
0.010469583675612239,-0.004744075810407518,-0.007976589210550509,7.091069355775908E-4,0.4242371879303281,1.1696401689807352,2.3052342379184743,-0.4970359302091579
0.010440074415341649,-0.0047209252079795355,-0.007958242262544588,6.596333132614043E-4,0.41122220833343354,1.1288145407371426,2.2953146251394556,-0.4680382773968003
0.010371174025559413,-0.00473083725186888,-0.007984558994336753,5.595840267209167E-4,0.39789940595557943,1.0640014233052544,2.3220086738494756,-0.4011838506563467
0.010940282356754705,-0.0047484480962394675,-0.007799980988233801,0.0013867018006257575,0.5119320276026623,1.6215051607609354,2.115275263148579,-0.9358019982282108
0.010977030129367928,-0.0047587294773618494,-0.007791887708618367,0.0014424410138443985,0.5206493969184481,1.6610358992808407,2.1037969879741962,-0.9699843029229409
0.011019606609871111,-0.004751500462040148,-0.007761164902691671,0.001496451239580634,0.523299950985369,1.6930640376579245,2.075031689722021,-1.0055023500653206
0.010888963849363028,-0.0047029453526892286,-0.007776724765840757,0.001293843417936622,0.48967830353172376,1.545597451150819,2.106189020019407,-0.8825598318965654
0.01092895600467221,-0.00470235405390301,-0.007756573077760821,0.0013479850116519176,0.49518225796138576,1.5804083946429548,2.0858381127457686,-0.9172826811582381
0.01081131728294507,-0.004688976221994645,-0.007797313750119988,0.0011806970921268648,0.47349223026382153,1.4670089323373683,2.132165541360212,-0.811547943359349
0.010859401791819875,-0.0046652597204837176,-0.00775061270333897,0.0012359374726659091,0.4736929460166019,1.4952522384797895,2.091903157551202,-0.8501528669877104
0.011064180018990982,-0.004722702309318462,-0.007705829116194571,0.0015398652892987927,0.5191710163556248,1.7099134703241161,2.028536951812931,-1.0365276529104088
0.010567439742066857,-0.004720058117079069,-0.007922198555428956,8.46098146638821E-4,0.4383901413563352,1.2545510050608835,2.2542577829875357,-0.5900238698697642
0.010601369667693964,-0.004693789732827812,-0.007882651106172393,8.867315165563251E-4,0.4376255861658456,1.2735344702137537,2.221388418736901,-0.6202739925589712
0.010682295339577168,-0.004669726235963235,-0.007828523694504914,9.932181749145853E-4,0.4458963024462614,1.3369522825344033,2.1720309768692245,-0.6927208363513166
0.010639405053685956,-0.004674265503406276,-0.007848704753081246,9.34368167973468E-4,0.4393729913008984,1.2992506065966927,2.192045701191965,-0.6539640130570844
0.010768176866159766,-0.0046517614858170835,-0.00777592678839898,0.0011054995307905925,0.45533706694294857,1.4054637421808713,2.1227025070077192,-0.7678814108396194
0.010719362887199529,-0.004632509465053575,-0.00777485883732609,0.0010307530537097562,0.4414583793224159,1.3501654291136542,2.1284650414334965,-0.7220849437933986
0.010529506843458306,-0.004706237879562392,-0.00791835889727978,7.868044423663404E-4,0.4265576027495143,1.210236710695396,2.256001239849541,-0.5532980735034382
0.00967867511744945,-0.004727216947338296,-0.007988857268287118,-4.838460033410306E-4,0.2140273692694197,0.34637743933465265,2.39112577338989,0.28478126327640124
0.009647674107870638,-0.004725436137050337,-0.007981034480610966,-5.297793732218779E-4,0.20544557090454635,0.3137730792613441,2.3881441689684064,0.31528024742437794
0.009895972135063961,-0.0047504621208919575,-0.008040984078534515,-1.5840991311299026E-4,0.2772408280099796,0.5794499098469102,2.409136456059786,0.07143196076913295
0.009864162664114638,-0.004761757151532434,-0.00805156137014638,-2.0773366357479107E-4,0.27018465710997575,0.5495393582523102,2.419384366280055,0.10474094634209208
0.009711722526391338,-0.004714356379222389,-0.007980129672846198,-4.3231362596229977E-4,0.22152449440027516,0.37739256159221074,2.3821264137618274,0.2498807747316094
0.009827587315458308,-0.004754829535913112,-0.008040534315499613,-2.629224770210755E-4,0.25872352779662905,0.5091518393503814,2.4148527085741542,0.14043179950116483
0.009784980917337658,-0.004736550381651914,-0.008015297467394546,-3.2552450465223173E-4,0.24430643935880395,0.4594688067638311,2.4007695999333314,0.1803763281326912
0.00974544765472894,-0.004723976559863088,-0.007995991956225523,-3.833452467950235E-4,0.23190190911793715,0.4149032363720347,2.3905178858803615,0.21787742069216728
0.0099079737575861,-0.004715291643334375,-0.008002162363962081,-1.3827224343225357E-4,0.27503933735531444,0.5812649388256376,2.3805897236287503,0.05509207226444251
0.009943968672416375,-0.004711648594828703,-0.007999626609552305,-8.396927805132641E-5,0.284112545724482,0.6174388872313391,2.3755129852617003,0.018953002537287152
0.009982339897394063,-0.0047187866328134015,-0.008008455342119235,-2.6359163302284316E-5,0.29577094982051394,0.6594554414037114,2.3782539103318796,-0.01831730274477905
0.010060615373163993,-0.0047068091361307405,-0.007994291003753934,9.12845938282316E-5,0.31442778804645827,0.7363761094825553,2.360771559578509,-0.09702461367885165
0.010015346966816467,-0.004690815276506708,-0.00797733996416875,2.322567997169262E-5,0.29943385067149736,0.6842893172424996,2.3529736726756814,-0.053756818349557235
0.00957511976180671,0.004779766301959979,-0.008026242381591124,6.504605555553086E-4,0.19021922884901546,0.2509566946210333,-2.4259901416050647,0.3975428888906172
0.010261896256241227,0.0046716556796019965,-0.007937866339803706,-3.8749721497407174E-4,0.3575734436780213,0.9282387585841507,-2.29999293288949,-0.296073178564261
0.009614675591064917,0.004762493773559158,-0.008015767033455351,5.868659213988464E-4,0.19985153011680337,0.2882743720346481,-2.415406227498241,0.3547687763605866
0.010146528157687903,0.0046759350018252994,-0.007955274532532629,-2.1767063294073774E-4,0.3303020919096303,0.8131821158610906,-2.3243624710003883,-0.18365113421659768
0.010190358251534894,0.004661510977214436,-0.00793540767269059,-2.8105824412917374E-4,0.3380374350575213,0.8520929346399636,-2.3056148650175694,-0.22706211521127875
0.01022456445270514,0.004656061433375484,-0.007925599579221298,-3.3065467831519985E-4,0.3450751596499925,0.884359915079701,-2.295007509572181,-0.26037670480850267
0.010245461287792417,0.004631850367534692,-0.007896469857109196,-3.5806563202068706E-4,0.34486760024655955,0.8955285738643776,-2.271793697072362,-0.28118695255317894
0.009742022672813933,0.004748544371155299,-0.008023068396703366,3.92041826220484E-4,0.2339337755825934,0.4178474644094757,-2.409891361297561,0.225136756474365
0.009771620885311182,0.004734667102889338,-0.00801152648072352,3.454434070284356E-4,0.2404207899535498,0.4449930449530081,-2.3992294846127504,0.1934633251248469
0.009652347391702395,0.004747024073703876,-0.008006118636245188,5.270095639741482E-4,0.20880905652304893,0.3238430558081125,-2.4054899967951844,0.3144089063346129
0.009688626963602063,0.004734449358485052,-0.007998715113102047,4.702175003076478E-4,0.21748857367215355,0.3584892919189526,-2.397210206554469,0.27611937559823213
0.009719229219682147,0.004728581620848828,-0.007997217459086933,4.2335159740571407E-4,0.22527373994765912,0.388801942816409,-2.393546372327326,0.2447232084500886
0.010079042497119453,0.004707904158929567,-0.007994841659051052,-1.1898965612194553E-4,0.3194863288152707,0.7557296228872543,-2.3593664325070747,-0.11508745662339488
0.010035772827595695,0.004707635911066393,-0.007995835098040215,-5.401809074180939E-5,0.30798802169462897,0.7109951328977804,-2.36421622825495,-0.07233433015900691
0.01009925015980011,0.004670427852633417,-0.007952276487280413,-1.4732857853486052E-4,0.3172665662512782,0.7630383942276321,-2.3268608759941607,-0.137783981112668
0.010118979499854394,0.004638304051075503,-0.007915791498148325,-1.7449082119014964E-4,0.3160817448368388,0.7713428153542778,-2.2986972442892815,-0.1589326574480881
0.009913809002248239,0.0047247018747550405,-0.008012996838460228,1.2995227714566527E-4,0.2782203440340638,0.5901106210918575,-2.387682744892926,0.050505241795183134
0.009991387737652645,0.004708174426837667,-0.007996687413758774,1.264106604098382E-5,0.29627632377482854,0.6652902709619425,-2.3690071587126256,-0.028334801110007992
0.009947030749287704,0.00471792235441395,-0.008006751077375389,7.95634866494883E-5,0.2861765993304968,0.6225320433348,-2.3802441392589366,0.016652337649364357
0.009805604606656845,0.004712588577230718,-0.007990855078329097,2.9175263107354E-4,0.24695711988681232,0.47419732060857817,-2.3816342677329794,0.15644143010398912
0.009847492428486329,0.004709422518347814,-0.007991412598237038,2.286752996056352E-4,0.25778240897479104,0.5166992694698722,-2.3783211795635206,0.11445252652366712
0.00988451762008714,0.004713361920701583,-0.00799861379463729,1.7341471072096078E-4,0.26846522988988947,0.5561816567820649,-2.3801193527460254,0.07827589886210128
0.010536444829465155,0.00471151273451461,-0.007922144301450286,-7.984196404805721E-4,0.4296235247356531,1.2196845687208058,-2.2579932958113162,-0.5600851343057665
0.010896983344207271,0.004724712016788167,-0.007796078780982538,-0.0013153184690413704,0.4979799134713791,1.5668687458047463,-2.1189100844931654,-0.8933536634389562
0.01104766071702195,0.004740317408935865,-0.007733698032389035,-0.001527885923450228,0.5229828759767409,1.7088116120706387,-2.0509192443868582,-1.0268856609691321
0.010999443179392639,0.004729943957388785,-0.007749272394935979,-0.001457509363060702,0.5135193002828666,1.6602602126232455,-2.06973160774967,-0.9835014925572948
0.010960646523167725,0.004728089936448597,-0.007767789863547782,-0.0014040550680704175,0.5079543926806912,1.625453023148416,-2.0889577951216296,-0.9498010779600131
0.011020992259701415,0.004696794831881812,-0.007702752019643447,-0.0014683445048140537,0.5056357267444125,1.655169136246083,-2.0333535502060975,-0.9943231288759649
0.01093135160227583,0.004697147285178157,-0.007749856405199532,-0.0013486245023566264,0.4940726244762595,1.5788368852867762,-2.080721539496929,-0.9182301249235918
0.011154985678791793,0.0047306573525908654,-0.007660377679730062,-0.0016632800337799145,0.530772845822049,1.7897781553176864,-1.9811271911334278,-1.1131210675582695
0.011198291011400486,0.004711759458901668,-0.007613944140375919,-0.0017069197019468764,0.528796757381788,1.8089974899510441,-1.9412417253455998,-1.1419797108338055
0.01109924386652563,0.004730399599216087,-0.007693620248510151,-0.0015904963901359895,0.5253313410060803,1.744502043826121,-2.0139762744169754,-1.0676012480168586
0.010723599206005074,0.004664870547145353,-0.007807712249092631,-0.0010490997977666142,0.4517200928664858,1.3723731805956698,-2.1514731250794767,-0.7297186275783335
0.010677740969233757,0.0046600260543965995,-0.007819767418374217,-9.832842667738151E-4,0.442209618170156,1.3272255217512854,-2.1661860513939506,-0.6876928053941115
0.010587294363577589,0.0046901893902129635,-0.00788326354679971,-8.65393858106779E-4,0.43371843610297567,1.2580619835511893,-2.223611370129769,-0.6069310022739272
0.01063070812496966,0.004647875805184488,-0.007823228031796718,-9.131010134241935E-4,0.43019816283763085,1.2766472994147364,-2.1747374387498204,-0.6436002087828112
0.01085697216979238,0.004702083304511932,-0.007790820816811231,-0.0012495531005874035,0.48464365127231207,1.5163661871790168,-2.120960128240839,-0.854171895136742
0.010820164594164773,0.004693084180608877,-0.007797833898671895,-0.0011947377950864602,0.47609353137416816,1.4776608734415553,-2.131196236840058,-0.8202385432886304
0.010782415915771138,0.004665896437269422,-0.007785071602436294,-0.0011309390793711545,0.4618709050839786,1.4267439191126048,-2.1272744484741253,-0.7825864327125451
0.010748602078830634,0.0046266460662553206,-0.007757235932051356,-0.001068550884831443,0.44487343734074375,1.3732186524562267,-2.1119818653502698,-0.7471880787808851
0.010492138759025259,0.004689935138588678,-0.007910863093763924,-7.279923072031617E-4,0.4141813968902019,1.165466992282177,-2.2550657194463444,-0.5171220958800004
0.010309370765264551,0.0046667923142952854,-0.007925189879530356,-4.5639739099294553E-4,0.36754329384206236,0.973791074808994,-2.2857961647754137,-0.34201437611261554
0.010357871513291962,0.004674155642623967,-0.007924521029827143,-5.286874893438753E-4,0.38051575254370057,1.0253064709949904,-2.2800612715832966,-0.3885656330390383
0.0104059075991443,0.004671522329895412,-0.007911694712357727,-5.981957129491235E-4,0.3906411381144292,1.0717257687876742,-2.2654744838975387,-0.43448974338203256
0.010448386886256218,0.004678235420940755,-0.007909215904301575,-6.614854872933974E-4,0.4017259936420709,1.1167921612336562,-2.2588807404948494,-0.47515243965236137
0.007874046239129975,-0.005427484512202589,-0.0074925865180023145,-0.003483305805843454,-0.1374747931642043,-1.4770418746114766,2.152903411314035,2.3486938266984727
0.00788815109624305,-0.0054207641050687426,-0.007503275506232236,-0.003460040382880582,-0.1373305669350676,-1.4625119509110796,2.160981889076281,2.3316892552455246
0.007946222271585108,-0.005394211343307358,-0.007546965716592822,-0.0033649671378786898,-0.13614456081129625,-1.40274383576128,2.1935810695537277,2.262249708402976
0.007902400504055723,-0.005413875370545068,-0.007513823020505337,-0.0034363477798079133,-0.13710895765935047,-1.4477789917719013,2.1688873582552426,2.3143776024758633
0.007931479956969903,-0.0054002946544933735,-0.007535399876521896,-0.003388397178195938,-0.13647433823813548,-1.4177823793024251,2.1849510210291325,2.279364382880379
0.00791685069663465,-0.005406937011652118,-0.007524418746225628,-0.0034123183653522082,-0.13680774058470838,-1.432830663424496,2.1767785085026072,2.2968259596126384
0.007960699873210924,-0.005388154252572639,-0.00755809137225917,-0.003341780588872571,-0.13576028882924948,-1.3879112634024393,2.2018181580049263,2.245307681974437
0.007974965076560233,-0.005381762403791054,-0.007568457277087613,-0.003318351792001031,-0.1352626094797993,-1.3731610617448136,2.2093808874235497,2.2282031770489765
0.007989294441963399,-0.005375173459521615,-0.00757854319509335,-0.0032945535683625124,-0.1346724866962692,-1.3582836711042399,2.216660860472425,2.2108443508069073
0.007947582012538566,-0.005378075365896924,-0.0075314352656269705,-0.003343863181569775,-0.1338847268371577,-1.3973680761761422,2.179921598253005,2.2473639162573917
0.007860661008785323,-0.005417748045898181,-0.007465516293593052,-0.003484911375834773,-0.13539970870727325,-1.4858252890375514,2.1303946094643753,2.3498842841513947
0.00799011832382428,-0.005358293626682734,-0.0075613767560671575,-0.0032735372221332423,-0.1321577815635173,-1.3536079480205627,2.2016907250329347,2.196288916155574
0.008004590399004934,-0.00535099901074386,-0.007570667255758029,-0.0032488292849012566,-0.1314154603370281,-1.3385692986673894,2.2082655608101693,2.1784129162215504
0.008006274540515914,-0.005332919331701868,-0.007553302791549212,-0.0032257371801490196,-0.12902029900249137,-1.3327796509267633,2.193332987601003,2.1623016871436174
0.008048596261025468,-0.005313609043870204,-0.0075815966482473,-0.003155976171935541,-0.12660160229810957,-1.2895654355228834,2.2133896486587328,2.1120352450018416
0.00800920809433721,-0.005314796602030203,-0.007537479273515173,-0.0032013814297824944,-0.12661971208606504,-1.3258549209655441,2.1796669172927543,2.1453077443503648
0.008027124017803934,-0.0053112493580619625,-0.007554426500335751,-0.003177394454276068,-0.12627666818447178,-1.3087893434030002,2.1924040103877047,2.127938100638349
0.008082915040678634,-0.0052829040469417575,-0.007587438530968565,-0.003082226154233332,-0.12206300742876253,-1.2515299988820756,2.215072187328506,2.0598477819452103
0.008060748234098362,-0.005292645725433605,-0.00757295696488691,-0.0031183847771305106,-0.12360919352979358,-1.2739799428193752,2.204962047583626,2.0857580267203484
0.007846010298730706,-0.005423277030348204,-0.0074526881844712905,-0.0035069600157535473,-0.13527344574184166,-1.500244189454888,2.120427624448403,2.365897425496366
0.007817134873484522,-0.005437741055788047,-0.0074306542204498225,-0.0035547230926199487,-0.13524107902322388,-1.5296523499774521,2.1034689394219726,2.4005648095971384
0.00783086232736746,-0.005429612211125675,-0.007439916020866869,-0.003530447400753461,-0.13515876520615236,-1.5152768595715165,2.1105077106035366,2.382928098019502
0.007803684163878841,-0.0054302812257313645,-0.007405726332301193,-0.003558544547718514,-0.13362163450907996,-1.5383236174199795,2.082955234527605,2.4028881329421687
0.007790340527423591,-0.00543407307203511,-0.007392344308341069,-0.003576613322183748,-0.13316719753891595,-1.5506874170726805,2.072293842380637,2.4158178921699185
0.007775224254110787,-0.005439001880623425,-0.007377699330243122,-0.003597785897419921,-0.13269748667797876,-1.564822173378061,2.0606164369010767,2.430952737510402
0.007760159295015488,-0.005444965410158985,-0.007364019435767396,-0.003620142005531759,-0.13226098785362383,-1.5792130559977304,2.049715417532305,2.4469570369574476
0.007745584253241331,-0.005451941939006729,-0.00735184523182452,-0.0036432585453049404,-0.13189655876292813,-1.593533025872331,2.0400282140439683,2.4635586648912136
0.007731411240990373,-0.005459457751881197,-0.007340589070767358,-0.0036666272951931225,-0.13154505706177913,-1.6076962965506711,2.0310623714245004,2.4803741569178723
0.00771735719792906,-0.005467423667630657,-0.007329788107694924,-0.0036904164259446578,-0.13117114253342407,-1.6219123544812015,2.022437051281612,2.497523432981272
0.00815900857492462,-0.005247655585253478,-0.007632671962697894,-0.0029552565221731895,-0.1153519354201931,-1.1739000125521353,2.2456049251654626,1.9691772455336973
0.008172066244226473,-0.005231292544285126,-0.007628856648806148,-0.0029224096168677318,-0.11254978017297841,-1.159031110440212,2.241177277437108,1.9465490645161518
0.00813878670360889,-0.005245302326424591,-0.007608385162369236,-0.0029764331029671284,-0.11565915157109875,-1.1926042114215247,2.2273392189939645,1.98503446242494
0.008121128364474007,-0.005244280975658513,-0.007588172945413546,-0.0029957989301887854,-0.11602504858410198,-1.2088969704303008,2.212129796994791,1.9993494869096469
0.008106127075208495,-0.005253227709214766,-0.007581363978007364,-0.0030228114372855865,-0.11757477284857874,-1.224398949691589,2.207826118554219,2.018428568421968
0.008087437603374928,-0.005260242231481621,-0.00756825733382959,-0.0030518732703244873,-0.11888200761264456,-1.2429677433738062,2.1985619279604296,2.0392296744817955
0.00839959337402864,-0.0050930515308578546,-0.007702750432937993,-0.0025083332955511124,-0.07784707048856361,-0.9262144244686912,2.2800325051131005,1.658799662110879
0.008381481210434477,-0.005094967603904484,-0.007688244346525078,-0.002532771767692613,-0.07982433182195836,-0.9438665044783228,2.270087768016128,1.6763160997823081
0.00828009714637686,-0.00518894105323905,-0.007693727700248614,-0.0027485161001575063,-0.10091343128273023,-1.0500531377477544,2.284025730764785,1.8230472753617177
0.008308767759294629,-0.00517362655407891,-0.007705194186799498,-0.0026979428240705844,-0.096664575522061,-1.0206834160253158,2.2905377521541257,1.7876939585825176
0.008292312345014612,-0.005174466443422055,-0.007689956297150889,-0.002719122161221891,-0.09800464789499937,-1.0367625668239926,2.2797686957261907,1.8031420596088878
0.00835567443446271,-0.00513403559994393,-0.007706794704208798,-0.002601427711118714,-0.08742934257489314,-0.9716928680820374,2.2873589220861166,1.7217227395476087
0.0083349443978446,-0.005142050670739595,-0.007695874331984555,-0.0026348940986311215,-0.09030845181530246,-0.9924708556405396,2.280519561829006,1.74520440457755
0.00831844871299587,-0.005156838072267765,-0.007696182421271752,-0.002669597321330789,-0.09359588344091657,-1.0097679456607196,2.2823160656234887,1.7688866418267823
0.008209701073717724,-0.005208791704793187,-0.007643899367258293,-0.002854111764137176,-0.10775859554144208,-1.120148048975749,2.2499781028388672,1.8985834075511432
0.008188345069033258,-0.005218103951199737,-0.007631745787990534,-0.0028892457252354445,-0.10999520728827306,-1.1416860617359508,2.2419788850985913,1.9234305464948707
0.008218067893268198,-0.005183880832076984,-0.007625605708758763,-0.002818506378280005,-0.10387856120582396,-1.1088109976150544,2.2341688372104476,1.8749048663262489
0.008260427882090913,-0.005181459001158664,-0.007665885216112248,-0.002765100609676077,-0.10112796659078938,-1.0682424329706537,2.2631840154972296,1.8360631297133352
0.008239549913594721,-0.005180477103764753,-0.007643788365564349,-0.002789345194528494,-0.10228359524057602,-1.0880648323137694,2.2470804700547,1.8539397028579974
0.008169665613653117,-0.0052059642591582135,-0.007599087641262762,-0.002898496559412471,-0.10911732153855445,-1.157418693292956,2.2167381702058058,1.931390389485826
0.0083645832881074,-0.005107871839828232,-0.007686604611765299,-0.0025657782522397403,-0.08313331488281617,-0.9611448666629635,2.2703052975870963,1.6988455302400656
0.00658873229390265,-0.006344421709587209,-0.006092537699212125,-0.005685335449547981,0.11782357862173092,-2.6287941968592548,0.7933834392177196,3.7754644384152276
0.006573519818683045,-0.00633961703246572,-0.006063228473518845,-0.005675735520000298,0.11445847785427886,-2.6193162633892815,0.7766520059681574,3.7520242369444965
0.006577264761224859,-0.0063551565897494505,-0.006074658629715874,-0.005704434925317592,0.12155047861699832,-2.6347743845269203,0.7743108358355745,3.782940148653864
0.0066002334955423975,-0.006333722908021257,-0.006110363180296344,-0.005666173001924641,0.11354008180095874,-2.622677227181616,0.8123964475243012,3.7677723285910805
0.00658503041523359,-0.006328893955016857,-0.006081032924837311,-0.005656704434478095,0.10998522881645804,-2.6134831668157665,0.7956386783312848,3.7445356399092584
0.006611768252052547,-0.006323060291193106,-0.00612812274788494,-0.0056469608560381765,0.10983735732221696,-2.6164344567346705,0.8313343635664264,3.7598966299780465
0.006596565247969821,-0.0063182103394268324,-0.006098762624881654,-0.005637624042937119,0.10551272145465086,-2.6075039144384777,0.8145469783639747,3.7368751370992013
0.006623336449023658,-0.006312433964861401,-0.006145817907732593,-0.005627697365211644,0.10645958081901145,-2.6100829260278484,0.8502056216302322,3.751817059520929
0.006608112761062678,-0.006307556980608065,-0.006116395819795722,-0.005618477353682674,0.10090629732007249,-2.6013617792556993,0.8333697671621781,3.729006441847082
0.006681675014610203,-0.006259850365114013,-0.006233481394360039,-0.005530439695328398,0.08296708993740398,-2.5765787735964496,0.9440288915692534,3.7086342518963984
0.006693441434347547,-0.00624944398096624,-0.00625083117106533,-0.005510822443451811,0.0783874398957941,-2.569431394293747,0.962563575990432,3.69957110419591
0.006678175850339546,-0.006244197214588361,-0.006221008336784105,-0.005502112651637432,0.07562363036492104,-2.56123128706678,0.9446908100104947,3.6780728006696948
0.006634937971731549,-0.006301844034399602,-0.006163460261806944,-0.005608369824741228,0.10243536322639464,-2.603632006462714,0.8690446982596972,3.743514165565005
0.006619675557290366,-0.006296917167340595,-0.006133931638552781,-0.0055992368022602865,0.09635823806880385,-2.5950445972775316,0.8521130350112757,3.7209120614633555
0.006646572705140477,-0.0062912906047937495,-0.006181053020409316,-0.005588974598873136,0.09765725710428874,-2.5970733390526797,0.887867324142909,3.7350135691708513
0.00663127492317351,-0.006286293050167341,-0.00615140633440354,-0.005579907594736386,0.0920373125746871,-2.5885608583878432,0.8707832215597574,3.712627922008147
0.006658240533906343,-0.006280773780640197,-0.006198590296846471,-0.005569518057212719,0.09266678860113248,-2.5903891977464,0.9066575897635915,3.7263561912411105
0.006642927441100435,-0.006275699407951918,-0.006168852982970233,-0.005560514825416114,0.08788467214132113,-2.581926154490313,0.8893805805551978,3.7041927390932687
0.0066699413423799364,-0.006270293666143453,-0.006216067066579904,-0.0055500057035882885,0.08776151333728154,-2.5835621511914812,0.925386923242732,3.717562077165061
0.006654632773966772,-0.006265148638983764,-0.006186275086107124,-0.005541078812879157,0.08378698863829413,-2.575153573154884,0.9078992436701497,3.695620510814074
0.006666383755947479,-0.006254647282515311,-0.0062036624961808685,-0.005521610487343381,0.07970682437893124,-2.5682528151817365,0.926335254471624,3.6869134395690892
0.006705240485047163,-0.006239074616716287,-0.006268114114522066,-0.005491156589579135,0.07417190617796342,-2.5621214108837114,0.9809811224231376,3.690365477576154
0.006690005307060712,-0.006233795103795104,-0.006238305486006685,-0.005482578819927693,0.07149469239825763,-2.5540888565845123,0.9629709874272144,3.6690895213308967
0.0067170720498724076,-0.006228742374980063,-0.006285330598763059,-0.005471441778417015,0.07026756554177312,-2.5546583279004307,0.9992859858170376,3.6810010267266784
0.00670186677677443,-0.006223432652825059,-0.0062555418940414805,-0.005462994497966095,0.0672924270590249,-2.5468188364887046,0.9811774178763667,3.659944681671314
0.006812880963004882,-0.006147433031857423,-0.006420858897715893,-0.0053117440364745605,0.036508793828883314,-2.4902289045846886,1.1427465723498498,3.6001060392944275
0.006824999850860255,-0.006137439443456897,-0.006437509106560337,-0.005291552872747262,0.03295901519248329,-2.4815372852401465,1.160228538853898,3.5893783430351776
0.0068100656670164175,-0.006131699193135027,-0.006407830925153628,-0.005284061934603741,0.031029152168094376,-2.4753142150223755,1.1412570580715087,3.57029854771992
0.006800793525181948,-0.006157464647985367,-0.006404134281979286,-0.0053318961543350404,0.04079744044758426,-2.4987692055812776,1.1251200892875581,3.6107082568263436
0.006797885445955742,-0.006141718125562974,-0.006391096464151535,-0.005304120991828092,0.0349696664646283,-2.4837496380147823,1.1238159658762603,3.5808108360675486
0.006788737656698444,-0.006167534192912692,-0.0063873396358090405,-0.005352003826988638,0.04562278848312964,-2.5071499693226937,1.1073696329306157,3.621203477347148
0.006785736338052235,-0.00615179010931891,-0.006374305928396965,-0.005324151650675213,0.03877034385478951,-2.4920763647926325,1.1062821146595907,3.5911923934155934
0.006776713476601133,-0.006177641567294451,-0.006370484096859384,-0.005372056052831207,0.05035841437376042,-2.5153808480827147,1.0895297974275906,3.6315786553776412
0.006773637813283576,-0.006161917080247071,-0.006357492444705968,-0.005344155533726265,0.04255359220153723,-2.500295946902274,1.0886664539663686,3.6014657658487867
0.006728936011698173,-0.006218447357971209,-0.006302483879439355,-0.0054516743368115475,0.06639325316096888,-2.547054348167627,1.0174930685410215,3.671461862365083
0.006713755659009793,-0.006213101972334561,-0.0062727066316073535,-0.005443346907077099,0.06306106912713251,-2.5394130302185114,0.9993069469388257,3.650623007033731
0.006764721103672903,-0.006187786671370488,-0.006353573436788751,-0.005392045985706594,0.054579224132024616,-2.5234796620428934,1.0716252623320373,3.641802939415356
0.006761591864025598,-0.00617209065317386,-0.006340655210171531,-0.005364119742001411,0.04647467833845937,-2.508397124373788,1.0709694779447816,3.6116215403149785
0.006752760656429175,-0.006197969404967168,-0.006336605464092158,-0.005411976282782724,0.05848597521519224,-2.5314587712689143,1.0536570258707196,3.6518589523692917
0.0067495877684790465,-0.006182297877490146,-0.006323770397044806,-0.005384023950269351,0.050552520801176094,-2.5163637838620825,1.053186468716258,3.621627500876316
0.006740832253114332,-0.006208189667499153,-0.00631957584426185,-0.005431852111808018,0.062418889524446554,-2.539318806154751,1.035615085042004,3.6617456356683404
0.006725671369049193,-0.006202801650131425,-0.0062897979932033665,-0.005423634318686401,0.058862595324943985,-2.5318692809345738,1.0173540149402454,3.641126627428356
0.006737615328722805,-0.006192533987270259,-0.006306819283349534,-0.005403860674874272,0.054700830615113986,-2.5241871326048044,1.035314750322742,3.6314622690110308
0.007618055358918311,-0.0055377428150873344,-0.007262646440990305,-0.003876238100170251,-0.12778921421420855,-1.727789991431969,1.9678405211808767,2.632689114271115
0.0076319857102071014,-0.005529331846422948,-0.0072739674006261695,-0.0038522908497948664,-0.1286511771753218,-1.7136502146186416,1.9772610640418853,2.6154231762032225
0.007604026130125985,-0.00554555357908488,-0.007250462264449351,-0.003899361420618356,-0.12690671240951576,-1.7417004330045118,1.957634314012892,2.6492985287205593
0.007590892634826965,-0.005553641603684526,-0.007239656614182449,-0.0039220363484946215,-0.1259830004616477,-1.7550235909211833,1.9485454803794944,2.665629333341491
0.007675429695850622,-0.005509003513083431,-0.007314069745780139,-0.0037852790964805635,-0.13128543653269387,-1.6717791078186923,2.010438047135176,2.5674553265604803
0.007689241094066768,-0.005501039110387409,-0.007325067711040503,-0.0037617551677040667,-0.13191697376924572,-1.657722809829082,2.019392875539946,2.550440998015478
0.007704081827811363,-0.00547606064133249,-0.007320541027447302,-0.003714323263220827,-0.13092894075268924,-1.6357694303585182,2.0150616613805554,2.5148345992278
0.007690687747899931,-0.005485769964351888,-0.007312038700840374,-0.0037397508995224856,-0.1305631459093411,-1.6501417683818815,2.008259976185733,2.533310086386501
0.007662000436252115,-0.005501977819886806,-0.0072888759444985326,-0.0037878554376744407,-0.1294022257348018,-1.678951539428406,1.9893745177383892,2.5679635950895356
0.007648369928922076,-0.00550605371093674,-0.007274160178680422,-0.0038056402144841695,-0.12841708785061315,-1.6909410534728677,1.9771966188031287,2.580353842468451
0.007632377413050675,-0.005511259849557099,-0.007257171325702774,-0.003826948452953439,-0.1272489749219559,-1.705061675864391,1.9631000166875865,2.5951737640311445
0.007535868806728726,-0.005600463994540883,-0.007204926549667068,-0.004035109451083401,-0.12266775691581809,-1.8171235902266574,1.9189529756698624,2.748911306805114
0.007549422408649327,-0.005592462794499284,-0.0072170628842917585,-0.0040123687372470756,-0.12391445046583445,-1.8036016713685015,1.9294056658404666,2.7325658975821914
0.007563268300369294,-0.0055845653452658815,-0.007229571826162022,-0.003989459051508913,-0.1251262293215942,-1.7898771898075143,1.9401211258021192,2.7161199968976484
0.007521852354891838,-0.005591798960175396,-0.007176576593166066,-0.004033926630783838,-0.12011679191226869,-1.8221685847609734,1.8946862407972205,2.7453027853764698
0.007508088316279751,-0.005598574289905701,-0.0071628153433753354,-0.004054775450313124,-0.11870290055573897,-1.8349115189480847,1.882803096143294,2.7598851145757943
0.007493969195065119,-0.005605782130554499,-0.00714879800169181,-0.004076438275043465,-0.11720866094315996,-1.8480259456028774,1.8706505655610786,2.7750218911040565
0.007479994608058289,-0.0056137237074915065,-0.007135514749465748,-0.004098966369299431,-0.11572283646074895,-1.8613596601518394,1.8590615876344494,2.790869120725382
0.007371537883944131,-0.005695196929114129,-0.0070444065266278555,-0.00430094466776651,-0.10279644308283974,-1.9742515499433824,1.7767366491048378,2.9359807766738104
0.007357831308756831,-0.005703746700227758,-0.007030643098860068,-0.004323516940074319,-0.10077617607329255,-1.987205213578927,1.764185145890184,2.9516475223573253
0.007344569843133461,-0.005712725903068109,-0.007017778835015442,-0.004346364068480869,-0.09875124649248467,-2.0001102397774404,1.7523322200231284,2.9676529369899423
0.007466432569645493,-0.005622260944044121,-0.0071232272807628194,-0.0041219695275533505,-0.11425616843815124,-1.8746880284309249,1.8482589604105606,2.8071716577621966
0.007453224093544279,-0.005631123920841796,-0.007111605653542122,-0.004145114910909205,-0.11281700047310576,-1.8879247318540824,1.837962019820173,2.8236535803585494
0.007439560442929544,-0.005639203648329316,-0.007098466606994608,-0.004167368327333215,-0.11122455925852028,-1.900948590599725,1.8263279912129289,2.8392575137299763
0.0074255927008962845,-0.005646645464105462,-0.007084168951732078,-0.004188806120524761,-0.10945585849203639,-1.9136930906748815,1.8136796781217799,2.854034057163247
0.007412346096914032,-0.005655031380612436,-0.007071638612303491,-0.004211039012845364,-0.10779771689402613,-1.9264740918489167,1.8024681957557303,2.8696265152276137
0.007370567575920713,-0.005677357830555459,-0.00702769099243072,-0.0042743724161920784,-0.10205644442220425,-1.9637951205451574,1.763188726566056,2.912710200997822
0.007384759909832656,-0.005669766688409756,-0.007042751341112971,-0.004252952958358637,-0.10406848755527674,-1.9512238682775613,1.7766850783148456,2.8982218536024593
0.007398890257874862,-0.0056629859424434815,-0.0070582785630522145,-0.004232692133859962,-0.10604241186704084,-1.9390612865071597,1.790502648519847,2.8846465887993453
0.007563022971675388,-0.005567394070662029,-0.007213073969849431,-0.00396509132580338,-0.12368806212532625,-1.7815117567445495,1.9260107060030227,2.6961686923128343
0.007577537545278618,-0.0055466725475123825,-0.007214237509366286,-0.0039235333625873186,-0.12399332962930595,-1.7610805179842324,1.927152576017527,2.6646867077161924
0.007563792406482304,-0.00555044609961485,-0.007198343215360506,-0.003940374958128736,-0.12269440146016415,-1.7724903613979952,1.913739028510154,2.6760682100360715
0.0070315845363106,-0.005941461878051438,-0.006682535079211962,-0.004887508200948167,-0.03344652125876448,-2.2900146859391204,1.426492641401066,3.330951651939802
0.007044334643226763,-0.00593208525583757,-0.006697850647993757,-0.004866422910382663,-0.0365920827542375,-2.27939760954809,1.4417955491228567,3.31786431493212
0.0070830363260366075,-0.005904199477308292,-0.006743861502364127,-0.004802768980506334,-0.04624803216441103,-2.2468682893482996,1.4874542292183746,3.2779438628737663
0.007070059094734738,-0.005913334337812402,-0.006728430087863319,-0.004823854692749198,-0.04306471632813216,-2.2577343792882165,1.4722148528041308,3.29118213332672
0.007057130155787607,-0.0059226534307388855,-0.00671306282793662,-0.004845123626265039,-0.03979204497123407,-2.2686013754290637,1.456966791277187,3.304520035794351
0.007147622356245175,-0.005859067265702127,-0.006818790748498013,-0.004696844820486857,-0.0610533006839973,-2.191215055202543,1.5609070513835024,3.2099534788230737
0.007095935970871685,-0.005895139030133532,-0.006759075193459962,-0.004781738066246298,-0.04925509702028386,-2.235953546516148,1.5024474878276344,3.264631532670006
0.007134668972937815,-0.005867947119482746,-0.006803921564519079,-0.0047180043615768635,-0.05817548674078341,-2.2024797771538185,1.5464314002401034,3.223665615314616
0.007121685492868975,-0.005876927094536525,-0.006788935036578501,-0.004739243853459065,-0.05519683954888919,-2.2137129664799953,1.5317928740479563,3.2373598778477466
0.0071087780056094075,-0.005886030316595154,-0.006774019779965186,-0.004760551423096671,-0.05220480015357277,-2.224898737989324,1.5171577298727812,3.251072694170009
0.007281199332500348,-0.005803796605215207,-0.006993573187539352,-0.0045312238826967785,-0.08608693596794557,-2.0954337919894073,1.720686811006235,3.113356492771319
0.007267024723682598,-0.005796357247815947,-0.006964395165154316,-0.004527803958252533,-0.0866415076616594,-2.09518096347797,1.6996755862051833,3.102846319540568
0.007294395642263587,-0.005795275864055084,-0.007007761650234679,-0.004509249619749475,-0.08742861142265408,-2.082850988999398,1.7340593216957247,3.0982326654124894
0.007280249573008214,-0.005787838112030201,-0.006978672193574544,-0.004505996362964174,-0.08937931216966706,-2.0828527435745205,1.7131639093489515,3.087886762899764
0.007307618648521539,-0.005786796627480345,-0.007021887839015522,-0.004487220228132648,-0.08942737604233421,-2.070198209857149,1.747317798201659,3.0829639674820957
0.0072934851246334,-0.005779334759280824,-0.006992837066273,-0.00448411367376983,-0.0920130564741337,-2.070427625684627,1.7265345139462374,3.072790780517821
0.0073208682191713715,-0.00577835898009388,-0.007035952324118123,-0.004465134791185453,-0.09207905562121217,-2.057467282027051,1.760483086177173,3.06757210456592
0.007306749055538127,-0.005770858164921534,-0.007006924183432186,-0.004462163944789584,-0.09440601180313407,-2.0579119647666215,1.7397916051011706,3.057594370902693
0.007320049207828544,-0.005762427661235327,-0.007020960357519827,-0.004440171724084224,-0.09666195314038241,-2.0453174801861422,1.7529377202817347,3.042329823464313
0.0072526341322883036,-0.005788552276783415,-0.006935289309664277,-0.004524164847769538,-0.08258627179041599,-2.0969487652353034,1.6727559274333685,3.0951934016919895
0.007160519420624086,-0.005850207501893026,-0.006833443318953356,-0.004675648355400811,-0.06382355912065235,-2.1798715415552015,1.5751416960989237,3.1961106203895207
0.007173419961405879,-0.005841332256244142,-0.006847950710839379,-0.004654328100448181,-0.06652685850285361,-2.1684060705736523,1.5891998012725574,3.1820878627503677
0.007239280348874173,-0.005797047216204457,-0.006920614387399043,-0.004545702553819143,-0.08000955304802936,-2.1089843768866974,1.6588616146688941,3.1096551862707504
0.007225911709044207,-0.005805692838861028,-0.006905891218676601,-0.00456739024697008,-0.0773103973201985,-2.1210200897558855,1.644868561313059,3.124176076499735
0.007186384339682173,-0.005832423993158582,-0.006862396636914933,-0.004632825238965628,-0.06918079054341665,-2.156783999693804,1.6031570795531105,3.1678578648498252
0.007199442468075942,-0.005823470037591033,-0.006876816978704904,-0.0046111030759109555,-0.07184627885097385,-2.1449865732585107,1.6170433050113775,3.153401543404774
0.007212613569066666,-0.005814520244860999,-0.006891277779469082,-0.004589231415963491,-0.0745618649084517,-2.1330405839792577,1.6309156773651245,3.138786769436965
0.007332487144903858,-0.005737904392659309,-0.007020174632195561,-0.004393586405337278,-0.0964051968953495,-2.0229821184404213,1.7521872428148784,3.0059326896167637
0.007319086663357979,-0.0057462467862216746,-0.007006159436461676,-0.004415486391373812,-0.0942633254328279,-2.0355292201706203,1.7392007306348451,3.0210379073792235
0.0073314601430803025,-0.005721578689725451,-0.007004894006269856,-0.004368835557770556,-0.09669774937565069,-2.012789935036341,1.7404149417863017,2.983347874326318
0.006886061847125403,-0.006088045350458172,-0.006519796067912986,-0.0051898279557627556,0.015518680846657263,-2.4364732893729095,1.2461060126840346,3.5330620053553408
0.006898366915619613,-0.006078281982360665,-0.006536070877809733,-0.005169316432303822,0.0115605178889961,-2.427152968238568,1.263076996236921,3.5213204998745335
0.0068834045987416145,-0.006072254476704405,-0.006506184449692943,-0.005162466726454666,0.007311629731665849,-2.4219139855854244,1.2436853331254218,3.5036455736945133
0.006895758324899828,-0.006062447365912216,-0.006522375182087225,-0.005141961585660357,0.0036785167348019347,-2.4125414072089835,1.2604216457033088,3.492008566522047
0.0069728358408883565,-0.006020517979210121,-0.0066323727257216955,-0.00504516487250808,-0.012133153977724909,-2.368356992589432,1.3626763646372646,3.4485481382460463
0.006958151961788227,-0.006014230929018323,-0.0066027693401968365,-0.005039025976598111,-0.013786307744371859,-2.3641878498446007,1.3426621640464662,3.432281613348803
0.006985352610601758,-0.006011027561188927,-0.006648168320196514,-0.005024332297741314,-0.01404664588341172,-2.3581123641938855,1.3787248974800683,3.4360219644936727
0.006970671425627787,-0.006004746680422782,-0.006618597436354593,-0.005018369121821077,-0.01767629128348973,-2.3542253797733284,1.3587951301839742,3.4199559649654083
0.006997899134824615,-0.00600157651125932,-0.006663904883962864,-0.005003441526256075,-0.01654199995274308,-2.3477939977522513,1.39469088664746,3.4232820816765623
0.006983193424826642,-0.005995265386596847,-0.006634296181197811,-0.00499761103744896,-0.02155264185588697,-2.344119757493415,1.3748201592086096,3.4074224315765362
0.007010475290801107,-0.005992164921919909,-0.006679591874903883,-0.004982479835984272,-0.020223754097083976,-2.3373967628595556,1.4106275170360252,3.4103382835902427
0.006995744921555885,-0.005985784338709506,-0.006649906438590167,-0.00497674106321441,-0.025147626525240486,-2.333866755576667,1.3907429925546124,3.3947070817215064
0.007008352477790312,-0.005976327328987899,-0.006665484610527738,-0.00495579061350184,-0.028378263787269677,-2.323485846468117,1.4065669938553944,3.3818705867173655
0.006943238555035996,-0.0060076205756291285,-0.006573279861905528,-0.00503273992038973,-0.00999551224388223,-2.360841963304589,1.3163786750804227,3.4182207018718818
0.0068928362033787195,-0.0060461892942270355,-0.0065084007034403235,-0.005114639225038141,0.004655477687929301,-2.3988350419720583,1.2502998690068894,3.4649481889932123
0.006905373249507893,-0.006036349270424699,-0.006524605845763961,-0.005094007798968482,9.237732257056163E-4,-2.3894007834203044,1.2668973027655122,3.45324486989989
0.006917980220048922,-0.006026634204326836,-0.006540862405455545,-0.005073461729249767,-0.0027804161931944548,-2.3799148176778377,1.2834806951982207,3.441552106776811
0.006930614285278011,-0.006017059127738985,-0.006557107806988079,-0.005053037606229541,-0.006433958034408087,-2.3703943639468235,1.2999923223391632,3.429882110058685
0.007018778918308619,-0.005950772738394955,-0.006666942729118593,-0.004908399925510499,-0.030198307637041597,-2.3004606730026276,1.4109111439748252,3.343742721945304
0.00700598461349948,-0.005960168127852861,-0.006651284471405976,-0.004929324273177715,-0.026797661317477305,-2.3108342406406783,1.3952252195268562,3.3564705470416563
0.007016369282402638,-0.00593436667528579,-0.006652227728708125,-0.004881639843981445,-0.03182360147928021,-2.2876451743170034,1.4018163706786402,3.3171083871876976
0.009448115434145638,0.004802481204492225,-0.008017045777178157,8.480033980649991E-4,0.1563574483299596,0.12296947056614284,-2.4296854812516266,0.5293094576017986
0.009372569607003174,0.00484005118966016,-0.008034545900611333,9.741278011201477E-4,0.13707372145951957,0.05124379626126003,-2.4479224750841833,0.6134760959512658
0.009416128487932038,0.004812430841190659,-0.008018082711445362,8.991960673383281E-4,0.1480286652135687,0.09150710285835327,-2.432944567830408,0.5635250156497998
0.009390812280787563,0.00481726252730329,-0.008015050753552154,9.387730383122161E-4,0.14134444897554546,0.06597976822869234,-2.4327931055812733,0.5899457473323318
0.00926975489437712,0.004859092878059878,-0.008016776852723832,0.0011356662460562177,0.10959102418915627,-0.05305486678683297,-2.4434848894194467,0.7212553675213008
0.009217733687587076,0.004855205468873547,-0.007990163750871726,0.001211258703255799,0.09594141830768638,-0.10801397442592241,-2.4287204248175907,0.772260570787949
0.009244604911043688,0.004852295061024866,-0.007998517827043465,0.001170230043491931,0.10287893510779657,-0.08048417088052083,-2.4325482018732156,0.7446865600014866
0.009290072477605889,0.004841652795835285,-0.008005244221106001,0.0010982951147426965,0.11484427318047664,-0.03483377955396393,-2.4337707947042335,0.6965427734429562
0.009315311059461937,0.004830375268057046,-0.008002394134894007,0.0010563002567669458,0.12129387755194303,-0.0104817981074709,-2.4297901887151636,0.6685564030858185
0.009341973725573837,0.00481854962750924,-0.0079991014037884,0.001012156387691284,0.1281480053441556,0.015212337540000941,-2.4253757084711203,0.6390667017334942
0.00931860322563887,0.004802767561507681,-0.007972555923794292,0.0010408346464474787,0.12162836032668178,-0.011895516646558415,-2.408354787896958,0.6585248928588787
0.009502703067852723,0.004776414359125149,-0.00800372409633786,7.584863437316503E-4,0.16987840224583176,0.17454315822967523,-2.415956275272499,0.46926402046752974
0.009467227032717,0.004771354493295441,-0.007987805601260847,8.099644896169997E-4,0.15993327975320584,0.13651372819486154,-2.407540578361287,0.5035968470706703
0.009546610152209018,0.0047451616113797215,-0.007980346636395956,6.846730567394529E-4,0.1797489459329105,0.21339733509881384,-2.395911166055996,0.41933247757325437
0.00951741694242166,0.004753524841797055,-0.007982070424157241,7.30264547857301E-4,0.17247105675978955,0.18490489363025112,-2.3994711627586853,0.45001464444229217
0.009138297990543935,0.004865224017742586,-0.007964667751637526,0.001332555096583808,0.07578358242046673,-0.18906150082916137,-2.4167521611048315,0.8540755728707773
0.009105405380511437,0.0048601078824967465,-0.007942654556363003,0.0013778233490629576,0.06784359588284594,-0.22374180694733622,-2.4035077240127496,0.8851518091523612
0.009194848802991054,0.004829080845510558,-0.00795052786692199,0.0012331666944539411,0.09022157797219282,-0.13574635719893643,-2.402247896110986,0.7879563054003943
0.009164650077354595,0.004842553887257908,-0.007951739266020217,0.0012833317613447704,0.08259740624246882,-0.16498319052083846,-2.405454312581219,0.8215376327043306
0.008577075967196708,0.005022810083195161,-0.007778213435475927,0.002219330507088002,-0.047707545502697526,-0.7496014346263433,-2.32364415008769,1.4586648084608402
0.008550617838178814,0.005021818367951127,-0.007755595220155105,0.0022531939399427314,-0.051379222878336524,-0.7757733796137496,-2.3084353691260806,1.4830429050084202
0.008597574689174327,0.005011491685771483,-0.007782147951896692,0.0021832209712091166,-0.043528041165560465,-0.7292334509954311,-2.3249162730028323,1.4341162240659775
0.00862750480396928,0.004999108846543517,-0.007791994536795106,0.002133805829497785,-0.037726057466103864,-0.6995542431153157,-2.3299680074252964,1.4002678128026158
0.0086537421799704,0.004979467289591547,-0.007790496867929607,0.002083785321191946,-0.03159092293589383,-0.6736595918951792,-2.326676413963263,1.3668091171107821
0.008503673720202318,0.005030853742212598,-0.00772638835228316,0.0023214503476243513,-0.05855634744526876,-0.8219553942415674,-2.2896947710820688,1.5309538136239875
0.008453483484417618,0.005054528662373963,-0.007708974626728107,0.0024058721911885054,-0.06729496295926413,-0.8717564398641148,-2.2803108775758925,1.5890611578375162
0.008481175148920363,0.005041525311182305,-0.007718842228086393,0.002359352116530228,-0.06253075468910718,-0.844268149675694,-2.285699321599782,1.5570066549854416
0.008517624461117644,0.00500656292074149,-0.007711721169616671,0.002283202515628814,-0.05397971236086334,-0.8075590530905907,-2.2771136896737114,1.5060860926251247
0.008681338772800766,0.004965872819559299,-0.007796253622674789,0.002036722007051677,-0.025709855065830012,-0.646439768597535,-2.328776060380553,1.3348234264365786
0.00871591839412483,0.004953893439487129,-0.0078083893973662066,0.0019814825071818028,-0.018959453158521013,-0.6122938404931338,-2.335199638603774,1.2969750851223585
0.008782746681014792,0.004924658148677673,-0.007823123750660214,0.00187034679763792,-0.004451903553740577,-0.5465485025223518,-2.3409515107471957,1.221490948518437
0.008750589838822095,0.004934881442272298,-0.007812130057287367,0.0019210964716355422,-0.01112567757422924,-0.578299528550443,-2.335256497996759,1.2562401526993654
0.008792797011135228,0.004892077098386533,-0.007794181631502028,0.001834637154863801,-8.363291308176818E-5,-0.5379764601940824,-2.3183747593355863,1.1992319605838018
0.009084214761605005,0.004824895168178323,-0.00789263029073778,0.0013903699605069247,0.0638389584611858,-0.2498673730154888,-2.368916543726709,0.8955374624405247
0.008832824444816804,0.004891664776217012,-0.007820230568021442,0.0017800090252393657,0.007452422147788814,-0.4981620949945985,-2.3348321411105313,1.1610662025553162
0.00904953947867516,0.004827617921174927,-0.00787761271717143,0.0014408944314511047,0.05590600260604637,-0.284827711658078,-2.3606035208788367,0.9301379661761334
0.009014920452639253,0.004830126776216565,-0.007861731186043044,0.0014909344588963393,0.04813797720158017,-0.31966364151397125,-2.3516014225217563,0.964513483513522
0.008875607712269437,0.004876561951943391,-0.007830995704714098,0.0017117103825105048,0.0167569187399728,-0.45622165208322324,-2.3395711419377148,1.1145791978647148
0.008914150182459602,0.004864560030005869,-0.00784154896683295,0.001651137783344331,0.025167478717826607,-0.4183317552816699,-2.344406276949254,1.0732742076976676
0.008946708199230971,0.004857753701467059,-0.007853462258367696,0.0016018948743827008,0.03233385991184573,-0.38608703703541924,-2.350702783415702,1.0396086140570917
0.008974758095846469,0.004833385100907555,-0.007842867259725028,0.00154879802472308,0.03942356771260035,-0.35990921875635046,-2.3407780899883153,1.0043593484214062
0.009059807789800138,0.004790022059981989,-0.007841666513305446,0.0014067725855003755,0.05936211975222618,-0.27837599006031194,-2.33358688099714,0.9085683072495191
0.008403213341405275,0.005045415377062862,-0.007654612639187488,0.0024607713121500246,-0.0715423492952197,-0.9193202388740749,-2.2416173707672242,1.6294316446187338
0.008426488799419606,0.005034261497215608,-0.00766338731999473,0.002421976047361759,-0.06788748006573221,-0.8964095457989424,-2.246654387402368,1.6026523662808285
0.008061550394933246,0.005205273497869861,-0.007482309231822891,0.003020302418633488,-0.111937357589611,-1.2548859296269013,-2.1293575002426963,2.019695592360671
0.00808167999377313,0.005188727221277527,-0.007487205889675373,0.002980137079408527,-0.10942176772836144,-1.2337719739458495,-2.1319303325386305,1.9917396483491057
0.008104847895408407,0.00517270774338162,-0.0074955928954131565,0.002937250057458291,-0.10697782386937245,-1.2101812517111605,-2.1370742105475844,1.9618752773618133
0.008126724661525335,0.005155512202692478,-0.007501034906662249,0.00289462270344638,-0.10400140230095682,-1.1875630000241904,-2.1398837906576738,1.9323108574622865
0.008299244688374969,0.005068689787000371,-0.007583294175678366,0.0026083742547638746,-0.08363673661324907,-1.0186955615034108,-2.193183430402716,1.7333528846718298
0.008258839439380198,0.005101953954305887,-0.007579287363274625,0.0026882769559798416,-0.09081717462954812,-1.0599113051867013,-2.1931741678591687,1.7878925343520782
0.00823592548048147,0.005107527509314917,-0.007562599105042506,0.002720658948551604,-0.0927321830818001,-1.0816103510060628,-2.181524258796523,1.810730862451472
0.008268618937439118,0.00507417787252788,-0.007559715153377279,0.0026498025513722813,-0.08650936110078329,-1.0473890712054912,-2.1766712913705395,1.762649807845925
0.008148950156238345,0.005138655266910254,-0.007506858415283506,0.0028520528795511362,-0.10106902070730638,-1.164808789540878,-2.1429906659958404,1.9028630985010604
0.008218006000332505,0.005098419542008275,-0.007535352955211651,0.0027324271821177163,-0.0927985417474099,-1.0965523792783274,-2.1609149759004187,1.8200055993522963
0.008176440168054251,0.005124223382250124,-0.007520213807073175,0.002806058892258253,-0.0981493846300443,-1.1378962025948356,-2.151789089425309,1.8708991011469964
0.008198637926953654,0.0051063994370034805,-0.0075242630214331545,0.0027626648268004417,-0.09469029592443236,-1.1151542632364295,-2.153450371470823,1.8410975693224698
0.008330432267781582,0.005060455417895429,-0.007603998435610305,0.0025633276965870457,-0.0802153860983502,-0.9889593626410687,-2.207241746602041,1.7017054655262853
0.00835468033909366,0.005056758139509707,-0.007622573573401103,0.0025305813550283,-0.07761449914357677,-0.9660375042713236,-2.220078767218225,1.6785597927418698
0.008374772714086464,0.005040159090688834,-0.007623359841299561,0.00249094864156918,-0.07377158300808083,-0.9457015388507541,-2.219164590131015,1.6516433359579603
0.007992825533790006,0.005225623988050102,-0.007426643567910985,0.0031170834563416278,-0.11500501513646776,-1.3186687632419132,-2.0883190765765565,2.087912801994444
0.008016636916643574,0.005209207413130426,-0.007436750482710914,0.003073329205761414,-0.11297070725177742,-1.2944474085183961,-2.095069287833508,2.057311685803663
0.00803775130485234,0.0051982197640731125,-0.007448988306804053,0.003038471723373319,-0.11145486288813629,-1.2738477649282405,-2.1037073309360834,2.0329275404132576
0.007170920452700062,0.0056506246413348,-0.006704447204179508,0.004356459636107987,-0.07139746382624869,-2.0362022651964184,-1.4912700066358642,2.9178360797825005
0.007155647104141782,0.005667373157875438,-0.006693247096133473,0.00438990690357302,-0.06890335431236118,-2.0525031775228384,-1.4798829631461456,2.9406597921904645
0.007138403930867218,0.005681273695279894,-0.006676796638548566,0.004420021200810211,-0.06601745897014498,-2.0675374414985472,-1.4643864125834056,2.959911408006473
0.007119096818220462,0.005696736492951958,-0.006658010222172438,0.004453450277082349,-0.06267066512495412,-2.084095740160413,-1.4467052955148176,2.981049220675778
0.007135449214145422,0.0056578409122558185,-0.006656070001388102,0.004386034499656294,-0.066071388548421,-2.05279752157402,-1.4504854477716351,2.9298538677949937
0.007187192657122403,0.005631691434523274,-0.006715312228467462,0.004319188991614385,-0.07395044738069902,-2.0181195227769617,-1.5025169229682378,2.8921345850191162
0.007089801367257939,0.005684874859695556,-0.006605258570515182,0.004449741665203451,-0.0584896921824229,-2.0846565059456235,-1.404879652416873,2.9663109661445457
0.006311622118090682,0.006369312212005087,-0.0056099799244306225,0.005699312064249234,0.15370551870202268,-2.5349395713142715,-0.43025720568250436,3.5369667442525587
0.006344814289075709,0.00632816432397018,-0.005660559608409994,0.00563482364464279,0.1405584746160028,-2.519733787397932,-0.4839813743705946,3.514143645248948
0.006325854518615145,0.006345061901398392,-0.005630975339283161,0.005660619268213062,0.1463277677388203,-2.5237134206789134,-0.45605287473138884,3.518440662966785
0.006340739286856945,0.006305632474069622,-0.005650294495667647,0.005596436109442801,0.13542550686299265,-2.50121260768831,-0.48787330927658684,3.4795593650694023
0.00635005143727552,0.0062920020033574945,-0.005663693063695989,0.005574763785564773,0.13119979606926557,-2.4951011761996873,-0.5031524172789759,3.4699571707331733
0.006375703233415126,0.0062832396832196834,-0.005705147683411775,0.0055628505572273826,0.12669521734889766,-2.4991233115720015,-0.5352246440307254,3.481732721621582
0.006406727080126764,0.006263196757147409,-0.005753460605073119,0.005531952064751709,0.11889409115911907,-2.496158972916915,-0.5776016941201286,3.4821538930983857
0.006254378614072098,0.006436572201607706,-0.005519175183359565,0.005801955212311745,0.17581432884182324,-2.554523680845262,-0.33665061676171965,3.56588646219496
0.006260561896398245,0.006411668715278709,-0.005527897024546761,0.005761236148006689,0.1686339712495851,-2.5400543712119084,-0.35534252976049235,3.5396882405346175
0.006208934566493625,0.0064809037323520675,-0.005444243611827738,0.00586592438149822,0.1908463006687794,-2.560135716872015,-0.2655283622740005,3.5719425326339462
0.006228342033662789,0.006442387472174957,-0.005475588128167797,0.005805832664664481,0.17915059955231608,-2.5443681008856216,-0.30595501785654217,3.544247151454702
0.006209673388768435,0.006455290345424578,-0.00544478299743057,0.005823039191721297,0.18404902888907473,-2.542881442744261,-0.279978981951185,3.539734272283642
0.006182217878923208,0.006491154668484912,-0.005399449679631803,0.005876054985737434,0.1953625349533206,-2.551404367092305,-0.23247758871076454,3.553490875425853
0.006108799548498926,0.006544153887614683,-0.005275957857453793,0.005942672979170684,0.213391072804108,-2.5409093596059518,-0.13015103037357154,3.5302424259532796
0.00615202624166117,0.006507782567686585,-0.005348925243665015,0.005895366370251461,0.2014781937691217,-2.5443300218234177,-0.19302342868049277,3.5383412064725026
0.006120876807508141,0.006518525960719859,-0.005296993304986869,0.0059040107825434895,0.2055999818461501,-2.5322558736840373,-0.15705817260284552,3.5142631877343957
0.006283250543462284,0.006359027366236692,-0.005561133159625065,0.00567721779625423,0.1537617591529465,-2.5136965669633096,-0.40330539103041463,3.493879976151844
0.0062471081219336545,0.006391649319443046,-0.005503812741832103,0.005724963254645621,0.16482873049529667,-2.5187442643480633,-0.3501012794361088,3.4986894201742422
0.006256705023464856,0.006368598903083022,-0.005517852312444916,0.0056884378818223575,0.15824547770698252,-2.5074441201146977,-0.37067515984802535,3.479009921043869
0.006036877957626861,0.006651506149131761,-0.0051472899022165465,0.006094643148959063,0.24624061758276064,-2.5574014586620084,0.006179574617049716,3.5627569460965667
0.006053631229578264,0.006631940715750639,-0.005177391512686512,0.006068764793524116,0.24019765579497285,-2.557724513400227,-0.02210563801100222,3.562751828064957
0.006064683715345177,0.006574246307887514,-0.005201271885767019,0.005977668031514473,0.22319054421671494,-2.530815123241816,-0.07097234146015642,3.5105982225165646
0.0060542998987605096,0.006603518783848292,-0.00518154048840095,0.006022106000092426,0.23195916712370898,-2.5413437129283043,-0.04240667452225321,3.5309219275091137
0.005974128929442636,0.006695713956468387,-0.005037564827050062,0.006141335029319656,0.2595011943661993,-2.5366189360012794,0.09033224149145223,3.526084564745372
0.006008638910423927,0.006650624253421756,-0.005100999113695333,0.006082028015120599,0.2461611636155017,-2.5368613533875854,0.029208726209545597,3.523932294005593
0.005978524365383263,0.006656824515207867,-0.0050511138470317,0.0060800482282659584,0.2480902836804272,-2.518948159942013,0.057978679332489076,3.490818742758343
0.006077668662942928,0.006545156958522443,-0.005224639921755134,0.005934323336422065,0.21492986730059202,-2.5216015876020683,-0.10105876747193639,3.493098928971589
0.006831193621965546,0.005916955449287133,-0.006335101162924877,0.004914126456531629,-9.1040987051615E-4,-2.2969386010665764,-1.1386611046344834,3.2448447598141352
0.006746544340255952,0.005966667249146845,-0.006221049540983718,0.005015648364909413,0.01852012096065955,-2.3356343184461905,-1.0342937839661432,3.2839618215771673
0.006766264228522681,0.0059557920263416525,-0.006248259671501933,0.004993605359819654,0.014039519589164471,-2.327754370174569,-1.0588442382684717,3.2766392796126396
0.006695194809692498,0.005975218923670673,-0.006140971147012322,0.005039441944940462,0.027767641622443284,-2.3392166673186128,-0.969045838276592,3.272974179622747
0.006717258965606845,0.005954895734761116,-0.0061679850728641175,0.005002336008660097,0.021627613918084997,-2.325107677303995,-0.9958336667554183,3.2546043160674087
0.006778075336507716,0.005934675866645427,-0.006257446587398126,0.004956444860603128,0.009690466200291998,-2.311529457975975,-1.0718293958482052,3.251199356620839
0.0067984742715443336,0.00591173538406951,-0.006279332271111126,0.004914247368453264,0.0037217734636321516,-2.293776315030914,-1.0951836318582375,3.2262702631721347
0.006849410387417402,0.005894518183821364,-0.006352959680469262,0.004872568074949054,-0.006357799729100874,-2.2786864252093975,-1.1585687333214485,3.2184688343093946
0.00686956424381197,0.005871470558912538,-0.006373153328850363,0.004829358265139698,-0.011836770389433203,-2.2596895604845675,-1.1803031692809303,3.191618064874071
0.00689179798812917,0.005847477070281701,-0.006395647733551803,0.0047838441627397225,-0.017669876457576044,-2.2395237927660046,-1.2039224706160827,3.1635936331264394
0.006912216754949975,0.005821290473167507,-0.006413450576202334,0.004735316284325024,-0.023067151898393423,-2.2176828010668648,-1.223960834172723,3.1318240261791015
0.006934257731827179,0.005798867414911334,-0.006435410189849018,0.004692089022282486,-0.028383340238234547,-2.1982737307078715,-1.2463271241497254,3.1053707180250893
0.006957426541079951,0.005774663130484865,-0.0064575623360190815,0.004645491806622443,-0.03356276017210402,-2.1771004415687973,-1.2690726398167076,3.076261115777609
0.007057378139231589,0.0056750445276086536,-0.006549627302911206,0.004450099470860293,-0.0538503733653743,-2.086618916669712,-1.3608719189549658,2.9535897608306256
0.006980595114462692,0.005749839875395753,-0.006478766356665547,0.004597769098883321,-0.03883386158257309,-2.155294971490957,-1.2909148951287663,3.0460782485895663
0.007013296850761587,0.005726713340595743,-0.006515096167238026,0.004548503878385449,-0.04511838427284658,-2.1324808831950044,-1.3244893313585433,3.018592771484738
0.0070362945614015045,0.0056989110954577754,-0.00653286574140114,0.004495882873386778,-0.04985180174375676,-2.10804443772286,-1.3435303897789603,2.9837079283881356
0.0064552185930547255,0.006231426376059654,-0.005828191147068894,0.005481374046300496,0.10620350558521109,-2.489184653354247,-0.6442271186396448,3.479546770096419
0.0064228299223083535,0.006230030583358887,-0.005773446250351537,0.005477403382688686,0.10981102299562227,-2.476831274540077,-0.6058798355697422,3.4502176344204103
0.006469936018572449,0.006204878951827435,-0.005846434545838403,0.005437158120605898,0.09877739699857936,-2.473367140846911,-0.6683159003229412,3.454032949771468
0.006489601968653701,0.00618672304047512,-0.005874681334427547,0.005407005822515344,0.09247043609053882,-2.4652846400502693,-0.6960652546775227,3.4438922651926953
0.006559141912727835,0.0061256978369295025,-0.005973043745685949,0.005303321491487586,0.07159618491634127,-2.435769360034486,-0.791928852410377,3.4078270442193492
0.006538813423918469,0.006136673443235787,-0.005942565547740131,0.005322522997599266,0.07625112682375441,-2.439562574061668,-0.7651665371091738,3.40934516726965
0.006520030059406714,0.006154400841478449,-0.00591652965048451,0.0053526778280684716,0.08239610218561934,-2.4486039967674107,-0.739334869309423,3.4209875146334925
0.0064944312150220585,0.006158877558093611,-0.005875096916296626,0.0053604736584279625,0.08643598174002826,-2.4450747985253862,-0.7072481255753472,3.408373395853174
0.006675673791956744,0.006003276559907759,-0.006120866741108284,0.005088520903952175,0.03453343673483921,-2.3591244322547165,-0.9451884904786398,3.302836347353321
0.006655313215410321,0.006027136626903662,-0.0060970710026605575,0.005130714631954838,0.04137090343514104,-2.3753254139193394,-0.9195058439376832,3.3259136483183176
0.006627867311743904,0.0060331477036849115,-0.006054284269778284,0.005144098053245144,0.04599533745305522,-2.376286645873941,-0.8848730955084347,3.3194104462025122
0.006603551072121374,0.00604761014488785,-0.006019746002174559,0.005170556090042228,0.05207490458880432,-2.38361253864441,-0.8540790761228366,3.3256312104563013
0.00658100877263146,0.006063441861230758,-0.00598835912819243,0.005198655464389873,0.057737722962554035,-2.391771585721575,-0.8252345989774102,3.334104414487333
0.006558104372134055,0.006100824653043214,-0.005963191352478545,0.005261988028218143,0.06719228043023617,-2.416034056353722,-0.7935352096109719,3.3717718458519923
0.0065619862112133685,0.006077457753853665,-0.005961865343471648,0.00522317343012667,0.06269968840220208,-2.39879324202773,-0.8007187417034682,3.341673535431151
0.006659085951090965,0.005965715788197662,-0.006078532781642005,0.0050300970277057265,0.03182947755765724,-2.328612608655679,-0.9240139917322789,3.242540569625199
0.0073918448113712495,0.005507367775331725,-0.006917655940041632,0.004010568327834922,-0.0996260563217335,-1.853126118054693,-1.6807491630639524,2.6970118651849186
0.007370937710304722,0.00552755374557544,-0.006904304301649245,0.004053594375835578,-0.09779596672537423,-1.8750775701020406,-1.6684741646590366,2.726847080852066
0.007356848237660987,0.005544931383547672,-0.006898092837852072,0.00408799758815127,-0.09646734999405075,-1.8920618295884737,-1.6621422101120344,2.751465551991775
0.007336767953304453,0.005552630868726823,-0.006875324181956279,0.004112450901696982,-0.09429027277689837,-1.9063082879868887,-1.6427133313255116,2.766172008202379
0.007316078022448248,0.00556753841645655,-0.006857102037266979,0.004147517956646293,-0.09164381104723375,-1.9248909755101253,-1.62645476950725,2.789397046859951
0.007291720429404822,0.005586964017926769,-0.006836667466059424,0.004191343829802077,-0.0887839246699942,-1.9477117900873078,-1.6078490640588838,2.818761417658163
0.0073817072194957666,0.005474624236388287,-0.0068771517379721675,0.003971665036651016,-0.09691582630164781,-1.8403061599017263,-1.6494009296756307,2.6631683649559634
0.007486314344442694,0.0054239734347937725,-0.00697943673514079,0.0038267603323719336,-0.10599332576274034,-1.7579370280103037,-1.7352203822844479,2.5706751142184507
0.007461744974350385,0.005442230207616423,-0.006961267003651197,0.0038699303250898515,-0.10447045578147941,-1.780975465608029,-1.7197168330383963,2.599855333021179
0.007437569376925143,0.005464133073546608,-0.00694616848640582,0.00391772299439589,-0.10302504035239864,-1.8056014291428308,-1.7064246357368622,2.632751343165466
0.007558093882396714,0.005401227228899751,-0.0070562770671202145,0.0037403876577285743,-0.11145435381284073,-1.7042482343194363,-1.798392414758473,2.5158588577469403
0.007574833516144305,0.005372866251236226,-0.007053732139034483,0.0036894533885110385,-0.11089350895836027,-1.680757535530885,-1.796907579092127,2.479113101939204
0.00751829073609069,0.005403574072577459,-0.007005227445896309,0.003774879083738681,-0.10799120830590635,-1.729394595086701,-1.7568602908771775,2.535913401361029
0.007404336110114985,0.005450380947163504,-0.0068891527354569245,0.003922413615096832,-0.09849366916616709,-1.8158228011947533,-1.660567359431733,2.6290885224114504
0.007890518824975587,0.0052328868184577755,-0.007316460737467767,0.0032304625910122954,-0.11478921527011918,-1.4040743703642509,-2.0036694887852025,2.1669857975569164
0.007863110435649854,0.005240579477738767,-0.007291772582039511,0.003266479895114254,-0.11484756895792052,-1.427799215383086,-1.9847414495416043,2.1918172082428886
0.00783330262750337,0.00525093039670474,-0.007266361591962389,0.0033076178802518147,-0.1151201673536607,-1.4539168039376207,-1.9652178537814777,2.2201060059529163
0.007634162452391777,0.0053547438896638785,-0.007114953605020889,0.0036167303960036898,-0.1143253937457542,-1.6347356659380792,-1.8463505349813334,2.431754925863664
0.007650522983158638,0.005325361980919492,-0.007109707750476833,0.003565172182179668,-0.11279731389524532,-1.6114837120872552,-1.8422874843508796,2.3947752452963558
0.007674419690308758,0.0053174273554135315,-0.007132891840884129,0.003534556511279145,-0.11379698360170644,-1.5922829314884674,-1.8607643630064887,2.3745056536987263
0.007693595268763393,0.005296816260662831,-0.007138405711272584,0.003491952508170332,-0.11310258673422323,-1.5710356360996902,-1.8650788068936794,2.3447523078392787
0.007804729227419112,0.005263390149618181,-0.007243929610586341,0.0033497473670078214,-0.11538840041266697,-1.4795725801670623,-1.9479435773225686,2.2491004732589643
0.007776446632148826,0.005281462643535878,-0.00722660349152225,0.0033981633701191355,-0.1160903112884615,-1.506789978748318,-1.934681992308278,2.282572652096188
0.007741811869972995,0.005293775661800309,-0.007195520465366481,0.003445142482123076,-0.11549254597162105,-1.5361865993663317,-1.9103063480720517,2.314309690324152
0.007710354828037783,0.005278300278594623,-0.007142518774799339,0.0034542009308017965,-0.11239344693714017,-1.55235578669722,-1.8682174640848892,2.3184069514759464
0.007908608592401799,0.005209507741967094,-0.0073147968183960585,0.0031853857979501346,-0.11241431757326305,-1.3828610005077995,-2.0015080814079234,2.1354941089222526
0.00796602144283744,0.005210273813567635,-0.007381020091535532,0.0031278445656160564,-0.1130210731232592,-1.3370162493003326,-2.0524658132296554,2.0956789914449523
0.00793710192337583,0.0051989685820817725,-0.007337142231598981,0.0031446715157142377,-0.11157786518790594,-1.3572558887003916,-2.0182975356447495,2.10735086816246
0.0075937377989094765,0.005340620241189273,-0.007050337073185003,0.003632136791458177,-0.10975127403578736,-1.6545569094068955,-1.794565979942121,2.4380320669732956
0.007235347700504518,0.005620812037174635,-0.006779136542504039,0.004275551795838607,-0.08108504563010692,-1.9926675884559992,-1.5567699082655686,2.8715784301025375
0.007260517109779894,0.005601211010712391,-0.006801693871314361,0.0042315117505894555,-0.0847434676450982,-1.9700093374258134,-1.5774652411338808,2.842709889646962
0.00720540305370064,0.0056106186497014475,-0.006727201356127262,0.004277670505808463,-0.07674409670715747,-1.9979325611449015,-1.5147072301670972,2.863491595664069
0.005917901585179165,0.006792279556187764,-0.004925770962625611,0.006272325305951786,0.287792088292611,-2.5427463837313304,0.20953169323844348,3.5462358518778188
0.005923699805198024,0.0067533032246015895,-0.004944337031257436,0.006212091750053909,0.27581841081871566,-2.528326022765168,0.17326727053017746,3.515560683814093
0.0059121580178762645,0.006767984977670283,-0.004922367057345134,0.006230313008521426,0.28021674665949875,-2.5266131759104846,0.19334830468863307,3.513872588045692
0.005926197415023201,0.0067288319364328004,-0.004953632152309724,0.006173836362019843,0.2687840283696152,-2.5181072425155757,0.15201376107667441,3.494419098024553
0.005935030620714195,0.006696246712541565,-0.004974301645737597,0.006125411202523508,0.259347662748822,-2.508308662525924,0.12038071929884407,3.473667782744036
0.005895564994109961,0.006804368973758752,-0.00488662924718149,0.006280768101690835,0.29065985504589925,-2.5307749643829163,0.23522180402882212,3.525583463021681
0.005871711396795044,0.006819195494581275,-0.004844413154298031,0.006292500384375718,0.2942083658907521,-2.518556597564823,0.2637286789889426,3.505040021596536
0.005849078606688082,0.006838732293506071,-0.004802824105508856,0.0063119515304044865,0.2990002493104196,-2.5089707293352927,0.29498747182985813,3.490148565401118
0.005828003540313094,0.006862088516374373,-0.004762386999167549,0.006337814948633049,0.30511325142600426,-2.5017083779041176,0.32820628831969834,3.4802241654391755
0.0057915565298997385,0.006857414663836187,-0.004706730202681641,0.006311043711281414,0.3013447958061352,-2.4704620198282417,0.3452645766693087,3.4230579931446976
0.00577052031984296,0.006884548474371085,-0.004665231651026862,0.006341810770507964,0.3081822605650632,-2.4637875110077023,0.38065323964296033,3.4151906995882926
-0.005780158667211481,0.007237518201037678,0.0045197066887647215,0.006904483017000859,0.4272982357670407,-2.5769866958930696,-0.7431359093753218,3.706072323188703
-0.005771370178563206,0.007250948720557991,0.0044977748113492625,0.006918931087343704,0.4306460415731988,-2.570702239540792,-0.7624856128077669,3.698796853547455
-0.005755065460916416,0.007278039716821217,0.004455485016602453,0.006948779544279949,0.4375536569427943,-2.5588753916042006,-0.8008410065808377,3.6860047328380294
-0.0057631083138937516,0.007264583486200587,0.004476455343405627,0.006933978720263947,0.4341255975638351,-2.564792960800816,-0.7818328557870737,3.6923927633711275
-0.005738689961602883,0.0072769123796750865,0.004430429807986499,0.0069338005801413555,0.4341097796557188,-2.541963922948035,-0.804718252590371,3.6539198389233225
-0.005729805222565754,0.00728919607493649,0.004408887318693295,0.006945836390853635,0.4368009927697309,-2.534819929812862,-0.8222008405103834,3.6448766335378404
-0.005720757569665898,0.007301889546609892,0.004386766560660094,0.006958243579396389,0.43954814859096775,-2.527409196744014,-0.8401115187325753,3.635549942439176
-0.005711995772933882,0.0073151060114042335,0.004364680801853511,0.00697155548533649,0.44247860721186877,-2.5201813842350087,-0.8584726141200038,3.626831705995936
-0.005703491489850821,0.007328723403725968,0.004342646187462434,0.006985556251118934,0.4455431643525803,-2.5130760615709096,-0.8771622530949127,3.618572972163793
-0.0056709120121029985,0.007411880325232461,0.004235319364798053,0.00708479854446955,0.467413463876595,-2.485346813938206,-0.9865248038594906,3.5995060683075804
-0.005646388795705071,0.00745302083979113,0.004167976637921366,0.007124916697660958,0.4756676609131681,-2.4604932803185657,-1.0413893697724494,3.570311619095421
-0.005654206394339466,0.00743926069266742,0.004190011973831902,0.007111302974640958,0.4728522041624678,-2.4685975967846123,-1.0231796738185366,3.5795918796494735
-0.005662364795054016,0.007425451597188827,0.004212503052182529,0.0070977737659075136,0.4700743967038347,-2.476863627001617,-1.0047794490697293,3.5892479512973607
-0.0056622859285539425,0.007397065390094121,0.004232922932566385,0.0070548952701802925,0.4603195564692934,-2.4760552420030524,-0.9693582064567995,3.5758653943460703
-0.005671726002001607,0.007384426278166093,0.004256146623304838,0.007043904679828205,0.4580801570750033,-2.4850951153575376,-0.9521717648250273,3.5877286792024385
-0.005680016395044795,0.00737103597948376,0.004278086560104684,0.007030645873136155,0.45530343088695163,-2.4927813201572007,-0.9341140695552504,3.5968083828087996
-0.005687291721443506,0.007356886149935897,0.004298907164462512,0.007015224820825957,0.4519634917447331,-2.499190198305023,-0.915247488818239,3.6032814152399184
-0.005695209404457688,0.007342669382230667,0.0043206402456145735,0.007000102927547666,0.44870082408894024,-2.5060374239400853,-0.8961170672277304,3.610649281282853
-0.005576273027680308,0.007550349935034169,0.0039882968420232034,0.007203229966559033,0.48949015812175384,-2.3832327724830447,-1.166687984566069,3.468968857051166
-0.0055837192017113456,0.007536830480457131,0.0040101008348708625,0.007190724885734493,0.4872276997310135,-2.392144448960979,-1.1497898325142406,3.479365904523736
-0.005590194698062228,0.007522870150066617,0.004030774694386677,0.0071765484523428425,0.4844348260284906,-2.399951143479299,-1.1322544935497054,3.4875418290996554
-0.005545555166079914,0.007604744942891294,0.0038987292004185946,0.007251445324504711,0.49782897810571086,-2.345067583755769,-1.2334076988146323,3.4234370754519943
-0.005553268838916079,0.00759121849658963,0.003921218458599058,0.007239737191730573,0.49585869815663447,-2.3548745704418255,-1.2170004526134894,3.4352512762357956
-0.005560382197856462,0.007577212705102902,0.0039431900486533965,0.007226642181745751,0.4935204355051033,-2.363996415147819,-1.1998263912202634,3.445588308128429
-0.005568195852864465,0.007563484586490066,0.003965837103045491,0.007214459250052699,0.4914083666614917,-2.3735982425562128,-1.1829426410125443,3.457065000238566
-0.0056294837881112605,0.007452169765869077,0.004143468431925251,0.007108556857509299,0.47125822723648175,-2.4433048019786434,-1.0418526116782871,3.53746204626805
-0.005613238529748743,0.007480204486981808,0.004098083238979227,0.007135360372808521,0.4765385034891821,-2.4260017847837787,-1.078033147095521,3.5171946486307806
-0.005620837507032257,0.007465602969155498,0.004120495210008054,0.0071207013285830715,0.4735800053950289,-2.4342334638568075,-1.0593088799750314,3.526237180279338
-0.005581978879194642,0.007510089930534786,0.00402912067529135,0.007150555825131672,0.4780492363270816,-2.3929901065149277,-1.1161008304016264,3.4682921024032702
-0.0055976386321395285,0.007481057566810778,0.004074596966607165,0.007122576670701352,0.47270933926294123,-2.410477521582292,-1.079630835412319,3.488161078205985
-0.005584773920660771,0.007493804145350214,0.004045996728118909,0.007129535837941596,0.4733732053030125,-2.397017589295707,-1.0957625659558055,3.4684298469149755
-0.005536742318668502,0.007618280754927489,0.003874630401912486,0.007261973826928519,0.49939014561312384,-2.3340589926990822,-1.2495567538638268,3.409373734450058
-0.005521226326755022,0.007647916761893002,0.003826909507549187,0.007288166559497396,0.5037216095302085,-2.313124885648762,-1.2848582214434148,3.3849026659687653
-0.0055281014117308964,0.007632892705401135,0.0038497724574955614,0.007274013462802181,0.5012384915506437,-2.3228684792490566,-1.2669015930010306,3.395591055675753
-0.005436285464405896,0.007742136146767257,0.003625972069690946,0.007331795774133878,0.503079153726819,-2.20967300369994,-1.3836923520605657,3.2370425712083795
-0.005448102239812821,0.00772723316013814,0.0036555375630940405,0.0073238396247298195,0.502937740414227,-2.2247671295968137,-1.368543971182243,3.2578429157996784
-0.00547846337456346,0.007701099326001496,0.003720297842700214,0.007318866267204328,0.505681923624549,-2.25991816613525,-1.3434902470947863,3.311352367280312
-0.005462530744930954,0.0077131301833886804,0.0036878314446336133,0.007319317667742949,0.503805226077085,-2.24193483080332,-1.3547348230826193,3.2831932897573224
-0.005506744100248466,0.007650106393248488,0.0038050277166059264,0.0072771759823605005,0.4998279842907376,-2.2988481558474985,-1.2852673299084267,3.3585078643960387
-0.005498164787231891,0.007660764445623958,0.003783753386312587,0.0072834674128752705,0.5002483960112057,-2.2883745018314285,-1.2971040820556317,3.3440473444630143
-0.00548795510470804,0.0076727327108209965,0.003759075868857649,0.007289855527533509,0.50052593817813,-2.2759881519478893,-1.3101019733320831,3.3266286631645223
-0.005474247375217711,0.007684075341256027,0.0037302665080889454,0.007291879192878937,0.49935236807519806,-2.260440600393658,-1.3213962646444128,3.3027513006811007
-0.005268690615717918,0.00802361066256054,0.0031326047599173315,0.007505568700640222,0.5073732379519837,-1.9535479828394116,-1.6464138138999191,2.9100972039031228
-0.0052505645471984976,0.008042219563975574,0.0030917042765730616,0.007507685077240628,0.5037707968856378,-1.9304307252660031,-1.6574419235687399,2.8761862269037564
-0.005238709333277061,0.008066490963332803,0.003051613963811584,0.007522343037319209,0.5034520459296629,-1.9087642342381466,-1.6774955747695797,2.849626873241261
-0.005255579370088608,0.007999044714764274,0.0031443733036659286,0.007464099134957949,0.4977177617448894,-1.9565308065866163,-1.6126267921285964,2.8981181845234403
-0.005270289133312506,0.007977658370453763,0.003184115539940695,0.007454661940886885,0.4991964471456528,-1.9780673117940242,-1.596131058862433,2.926912780065046
-0.005413859202319172,0.007740721651826574,0.003598097307124169,0.007307989580461427,0.49524091513448126,-2.1901446110529474,-1.3759590425252932,3.1981926614842213
-0.005409986901334531,0.007757535873819946,0.0035771921851221445,0.007325955784379855,0.4985441819745443,-2.181507829256748,-1.3950382362073022,3.1910579956618124
-0.005398247366919418,0.007770509557228796,0.003549729210076988,0.0073310997137081835,0.497852682186069,-2.167029785563976,-1.407149479833152,3.1703828738123647
-0.0052716571884615804,0.007955190704482149,0.003209468641241231,0.007430066922744133,0.4951942490258655,-1.9898173818760376,-1.5718220390992361,2.9352251369247133
-0.005305854238839944,0.007890143754834622,0.0033170527624691404,0.007387741800065518,0.49414337176722706,-2.0452559721807106,-1.5136482054577352,3.003521385309852
-0.005297902340239558,0.007915486249297023,0.003281621498410026,0.0074099798481318665,0.4967212953848548,-2.028111109575018,-1.5389807944047111,2.985689133532624
-0.005282196533897025,0.007937912960150747,0.0032398459288506855,0.0074205720195672726,0.4955641367740231,-2.005871707264451,-1.5573330098768101,2.955932220573097
-0.005389407772514749,0.007791098215195542,0.0035186196312816382,0.007348636559715517,0.5000883258745649,-2.1524591563561724,-1.4289133704228405,3.154022249644036
-0.005375772624909975,0.007806455975275376,0.003486422004173973,0.007354552973700015,0.49916751188835284,-2.135425963258446,-1.4426554581173,3.1297984605463354
-0.00535925704684521,0.007814154639775748,0.0034581919701451662,0.0073478667259038845,0.49551129657570453,-2.1186953245663145,-1.4461878735265845,3.1015725770163587
-0.005314952674472347,0.007870244738468563,0.003348124414101761,0.007372859320971987,0.49299005368864096,-2.060781772609999,-1.4946373607330157,3.021733467465023
-0.005324661952399826,0.007850052622079398,0.003380102321321492,0.007357962066117015,0.49184814314476905,-2.076652011363791,-1.4753003640610702,3.040590634559346
-0.00533767870283136,0.007827820814699458,0.0034180315606605065,0.007343539764466249,0.49129448017777483,-2.0957784759014264,-1.4545072413296514,3.0647256425560054
-0.006011027561188927,0.00698535261060176,0.005024333253386471,0.006648167390041392,0.36339532626479704,-2.718019183322523,-0.32526622369442915,3.9067903451835257
-0.006004687848056039,0.006970710294802766,0.005018307977673207,0.006618583916744444,0.3527130045940495,-2.7062932220836675,-0.3103870787728243,3.8790299483324833
-0.005995192856591925,0.006983254800452435,0.0049975230154643115,0.006634310799609871,0.35690991794544574,-2.7034452079439695,-0.3307904150331598,3.875953577803806
-0.006001576511259319,0.006997899134824615,0.005003421960248611,0.006663919404055941,0.36766225931256186,-2.7150754793176195,-0.3459060423253583,3.903578873598477
-0.005985729663109126,0.0069958460032984076,0.004976671341488728,0.0066499950697772045,0.3608903564367616,-2.7004329698103393,-0.351188346292366,3.872678238984708
-0.005992164921919908,0.007010475290801107,0.00498245535456286,0.006679610151295464,0.37223382492339024,-2.711953367232848,-0.36654388506235397,3.900181841927367
-0.00608804535045817,0.006886061847125404,0.005189778076342552,0.0065198356969250965,0.3308028112840932,-2.735995192697413,-0.15945544953416074,3.924778175942215
-0.006081887470690661,0.0068711321771507405,0.005182606261296937,0.006489854024407383,0.3188249828797829,-2.7228621342026105,-0.1462554258592845,3.895864882731825
-0.0060588714669512125,0.0069230687550761415,0.0051281270566208015,0.006568437371340175,0.3427214549058431,-2.730364753334937,-0.22181791880076485,3.9196383623314124
-0.0060429904651374405,0.006920751913388356,0.005100862824095872,0.006554859759368333,0.336093199979592,-2.7159661617796185,-0.22848688083634539,3.889161892401201
-0.006068557322679483,0.00691070259202147,0.005148710451017627,0.006552315492681135,0.3400392555924085,-2.7323457797673094,-0.20110325549978744,3.921604193035057
-0.006052682341186153,0.006908335393212779,0.005121409459783417,0.0065387735765092105,0.3315628913206472,-2.7179784845861605,-0.20796560393983587,3.8912148414004757
-0.006078281982360665,0.006898366915619616,0.005169257349814934,0.006536117696077947,0.33617595303823866,-2.73422292060205,-0.180323043469552,3.923300317532004
-0.006062374979416317,0.006895918788312273,0.005141851080060382,0.006522551931375059,0.32699375957966387,-2.719784648880531,-0.1874038782598866,3.8929645240925255
-0.006072097896063077,0.006883509155453022,0.005162232154612217,0.006506224734924488,0.3227940061223867,-2.721403067243529,-0.16682524371192034,3.894487608484295
-0.00602675583626153,0.006918290214457845,0.005073586993320052,0.006541449212596779,0.3365141656067372,-2.6988535982487805,-0.24155281238707474,3.8575268796366555
-0.005998093876654109,0.006955894107954218,0.005012176898149977,0.006589301929866664,0.34889309088550596,-2.6917730752773408,-0.3021210169708151,3.850225013784901
-0.006007570515133595,0.006943360353690032,0.005032622117914461,0.0065734436938888535,0.34487374185773684,-2.694272481434675,-0.2820040396671713,3.8528207343131444
-0.006017081853547097,0.0069307924470624754,0.005053029564411158,0.006557410780339561,0.3407148165048755,-2.6965747051411513,-0.26182115503611897,3.8551415956679125
-0.006105482894341514,0.0068189355552426105,0.00523622732227519,0.0064106810223253765,0.3024500984267669,-2.7109483497787097,-0.07867950404693123,3.8688233434049333
-0.006085312170369102,0.006843397010182735,0.005195475755422121,0.006443281486810931,0.31112603207498507,-2.7085568130992255,-0.11951241906760647,3.8665219141387053
-0.00609536240189803,0.0068311095768042,0.005215857256661007,0.006426933450986519,0.30677591399240556,-2.7097945268338743,-0.09908024674974604,3.86769219117793
-0.006075351052207043,0.006855782143589212,0.005175116016978479,0.006459708090404665,0.31548084520488423,-2.707241640078094,-0.13994586479974805,3.865321747971136
-0.0058860456572129615,0.007108877987643629,0.004760537482660779,0.006774178617734549,0.3958616150241135,-2.6481079228972018,-0.5430322894190097,3.8016473490082423
-0.005982792885230833,0.007023080955577061,0.00496144489833139,0.0066952310210713585,0.37638958342581635,-2.7086760957301643,-0.3871430848749579,3.896590281527857
-0.005976308532166896,0.007008485273362374,0.00495576734318334,0.006665646294646455,0.36488099034720284,-2.697261697856907,-0.3715932790930387,3.8692278443675576
-0.005954915005069572,0.007061073770271074,0.004898153251686864,0.006741672574237409,0.38695251990482854,-2.6979907332552924,-0.4486309458872162,3.8845198852154765
-0.005938989929028981,0.007059273717577339,0.004871634730170327,0.006727478101047264,0.3812886653468747,-2.6829039432279167,-0.45291498395841306,3.8533682742001996
-0.005964167835846035,0.007048380318743571,0.004919294103226152,0.006726262007505225,0.38388002399528603,-2.701703233280553,-0.42817832115151316,3.8887783749533966
-0.005948278604185773,0.007046553173409448,0.004892762011876613,0.006712163943011349,0.37717098632164725,-2.686744030235774,-0.43266188275197454,3.857672340622323
-0.005973460492812781,0.007035716006004062,0.004940390893437961,0.006710781809473249,0.3802994117857221,-2.7052594416081868,-0.40768793606783826,3.892794550675129
-0.005957585972240915,0.00703384844201755,0.004913813190084853,0.006696748355723575,0.37301538904864767,-2.6904163865329953,-0.4123505334911482,3.8617341192553956
-0.005966927128886654,0.007021157095333322,0.0049348124591086185,0.0066812377999358194,0.36893526122775727,-2.6939230977089768,-0.3919885026289685,3.8655826188542153
-0.005895111804792689,0.007095964799077739,0.004781687697354198,0.006759087085123106,0.39218946099059626,-2.65256694216483,-0.5231572503218161,3.8066597221263545
-0.005904152037529641,0.007082996530939057,0.004802717500637112,0.006743744660208627,0.38836339990413027,-2.6567671457084505,-0.5032046621275147,3.8112748858246106
-0.005913348362153127,0.007070075136533654,0.004823881037171088,0.006728447504578403,0.38442065252221785,-2.660931938635514,-0.48316876032041584,3.815929651350025
-0.0059227065997166,0.007057280055594185,0.0048451575272198755,0.00671333061476942,0.38050107353403556,-2.665100362597498,-0.4631159978703722,3.8207123314104945
-0.005869389639247147,0.007107023143445646,0.004733835976268849,0.006759310477534014,0.39243557090066566,-2.631172255075516,-0.5497771539359704,3.7687650596787985
-0.005815559588251772,0.007185370706455117,0.0046059987742730875,0.006847975943028685,0.41392584143619343,-2.600762100918514,-0.6667523441590313,3.734030178946979
-0.005824239096471403,0.007172087075213547,0.004627193859473547,0.006832966144085251,0.41034087130646185,-2.605975920433973,-0.6472782214836909,3.739793106116181
-0.005833264377781963,0.007159090756043061,0.004648698963402879,0.006818541050017249,0.40686929276674083,-2.611415292979974,-0.6279185296421291,3.746161654525018
-0.005859939959597229,0.007119870992487617,0.004712094093070521,0.006773751226457049,0.39598256843664914,-2.626067064561637,-0.5694223080743989,3.7626101891769053
-0.005842082263202618,0.007146159948267419,0.004669737113818773,0.006803930484904213,0.4033358292436963,-2.6164699729340195,-0.6086667150701573,3.751913353141829
-0.00585080076761165,0.0071330087874790365,0.004690625515528339,0.006788747837534313,0.3996329077281428,-2.6211595497609377,-0.5891672801568112,3.757004899604518
-0.005771736394506582,0.0072221308578000855,0.004515208354704259,0.006873414547143791,0.4203550020189932,-2.5651958154422245,-0.7281296948271413,3.678995310998761
-0.005781302053276787,0.0072093860734449835,0.0045376788218847485,0.0068604857133903714,0.4173361486701566,-2.572017326505048,-0.7094499651634569,3.6876886167787277
-0.005790628263701061,0.0071971600743581535,0.004559404285347477,0.006848060536482791,0.41441714657542944,-2.5785423240769663,-0.6913655658553904,3.6960674968716716
-0.005798737904411136,0.007184195022304241,0.004579508203556856,0.0068333966747076225,0.4110202290297403,-2.583498346575365,-0.6728363944271978,3.7013582501890796
-0.006239074616716286,0.006705240485047166,0.0054911826429572125,0.0062680911785072055,0.2630115874594926,-2.7405883353267715,0.15176837015867253,3.9245528468381505
-0.006249443980966237,0.006693441434347548,0.005510841944998685,0.006250813879823482,0.258793270435475,-2.739529243546172,0.17238060516342368,3.9229224178652466
-0.006233801267040129,0.006690188324201767,0.005482626705396735,0.006238577450732036,0.2532176349547441,-2.7263854717468967,0.16150805704896354,3.894290817859043
-0.006259850365114011,0.006681675014610206,0.005530454799976802,0.0062334679304404,0.25397254017696025,-2.73831027478777,0.1929867032185942,3.921073464795177
-0.006244222373096862,0.0066783718902752726,0.00550219540717608,0.006221309438568604,0.24873325983219,-2.725319985576792,0.18194320934735544,3.892573124349109
-0.006270293666143451,0.0066699413423799364,0.005550009834095569,0.0062160634147885975,0.2493997825778538,-2.7369232102786647,0.21356275150304918,3.9190322858256876
-0.006254685372708182,0.0066665943313891215,0.005521717875603755,0.006203993154020651,0.24428887609991554,-2.724099821575706,0.20234835672936066,3.890680248451433
-0.006228742374980061,0.006717072049872408,0.0054714740010128405,0.006285302355308098,0.2666898411103526,-2.7414849388770652,0.13113733695037758,3.9259462878627747
-0.006223413282819396,0.006702028275314804,0.005462997612187417,0.006255767667617754,0.2578569366837163,-2.7272865565002924,0.1410590063244956,3.8958026013740734
-0.006187786671370487,0.006764721103672905,0.005392041253836548,0.006353577398877784,0.2855749745007987,-2.7432587638476367,0.04828535329914677,3.929693967477739
-0.006172017708980321,0.00676174903798414,0.005364024997050164,0.006340845143207575,0.28001727402246784,-2.729373247018209,0.0385277857446115,3.9003494982170115
-0.006197969404967168,0.006752760656429177,0.005411967140992418,0.0063366131182408135,0.28179353474158675,-2.743058745439002,0.06898412771725311,3.9290506109019483
-0.0061822043632662966,0.006749749653100156,0.0053838951736597035,0.006323961298161687,0.2754136760602159,-2.7292793315670174,0.0590563941559906,3.8998199672477196
-0.006218447357971207,0.006728936011698175,0.005451698739429764,0.006302462469372301,0.27117137765643223,-2.742196757507674,0.1104502278675225,3.9271404650311035
-0.0062130422854767345,0.0067138915540845825,0.00544328185138647,0.006272872232206825,0.2624394467622779,-2.728012676085878,0.12059761302259465,3.8970696244757623
-0.006208189667499153,0.006740832253114333,0.005431855651155342,0.00631957251241705,0.27675357281935703,-2.7427133187551185,0.08971323693425766,3.9281825424147496
-0.006192423186472473,0.006737760082948622,0.005403706100425319,0.006306975206071707,0.2709302175652711,-2.7290050159697814,0.0795885814753642,3.899054641166584
-0.006202702100255202,0.006725799120933778,0.005423501552299397,0.006289931615927871,0.2667233832651343,-2.7285785934867914,0.10010911266558488,3.8981304793971305
-0.006125725101739594,0.00679486210243406,0.0052765909384991936,0.006378245031653805,0.2940330545574961,-2.7127886379244672,-0.038122250490264735,3.870549588065898
-0.0061559000796857334,0.006758597296788474,0.005336006201717183,0.00632821358955972,0.2811208503632269,-2.71369036523101,0.022496612908500236,3.8704075099430715
-0.006135732782404669,0.006782789565151209,0.005296417244883473,0.006361705437118931,0.2898297373531766,-2.7132704963654413,-0.01795456634870339,3.87073799331928
-0.006145750734270213,0.0067706636966142425,0.005316157960276107,0.0063449433275247135,0.2854995167813709,-2.713513104857516,0.0022380256595418177,3.870577159730264
-0.00609914863913233,0.006803217573302722,0.0052283289153127995,0.006380004192564244,0.2962245425748482,-2.696135934407654,-0.07042724146039614,3.838173928513941
-0.006109463135890309,0.006791451872805725,0.005248652414482968,0.006364435787696589,0.2921531954708083,-2.6973800699040216,-0.05051153744532614,3.8397171346134678
-0.004689955630920299,0.010807345040978668,-0.001175557829375583,0.007799837615681478,-0.07596110413407374,0.7442514408714542,-2.2896986870578213,-0.1495917295732333
-0.004717141388840504,0.010591426592320706,-8.799533536176725E-4,0.007911231822881662,-0.02202832022179813,0.5430620604672357,-2.355506760131419,0.07227452450603605
-0.0046913809632599425,0.010557366181222879,-8.226953046971146E-4,0.007893677213583064,-0.014676634986140833,0.503756926281845,-2.34046653427454,0.1026687256282732
-0.004724212939884865,0.010670150737877191,-9.958928144867603E-4,0.007891875805370136,-0.04189634408424055,0.621471699171826,-2.3471033617294803,-0.006932989883568662
-0.004707231056767018,0.010628293574506679,-9.298074304332323E-4,0.007888124798765439,-0.031968029925914423,0.5766157185639932,-2.3414675108119383,0.03301225957857596
-0.0046788835754775614,0.010721858849745991,-0.0010520521096590025,0.007823177463470912,-0.05596621323100028,0.6596801511340381,-2.3009302773443174,-0.06559238378618845
-0.004680489570932924,0.010694613053172358,-0.0010144444574027342,0.007835312452659922,-0.049339864999740635,0.6340253808741275,-2.3078744793852026,-0.03809554339328695
-0.004660574608286488,0.010746342371605603,-0.0010789047821523,0.007793895772567157,-0.06219118290041135,0.6780812111269202,-2.281278093458631,-0.09227491588681551
-0.004651670829030339,0.010781863021167142,-0.0011241682204486323,0.007769892773757714,-0.07060268119486159,0.7092796583827291,-2.2661460171703403,-0.12847256766649504
-0.004751507048292664,0.010216664462981242,-3.3030009579238813E-4,0.008032540117511264,0.08301607365402004,0.17877715304730524,-2.4140964307063135,0.4690768032725013
-0.004745036923099788,0.010245303699308409,-3.728798558527944E-4,0.008021633201738808,0.0741090665872219,0.20629058456150137,-2.408594123679675,0.43732812590567666
-0.004751451256561977,0.010136214778759105,-2.079480620500601E-4,0.00804026004696366,0.10542290878673376,0.09833741513430742,-2.413233415779817,0.5535937862486905
-0.004764557816441655,0.010071531556622678,-1.0985721916109983E-4,0.008058702093589972,0.12558154959089005,0.0354653926223139,-2.421131744378871,0.6255112730924369
-0.00475122697686989,0.010107464549816418,-1.6412890150446433E-4,0.008041911220372004,0.1133141460597296,0.0695683990528171,-2.4121022304992707,0.5837243649160393
-0.00473091322427815,0.010199095588107065,-3.0136782098164565E-4,0.008011424978222987,0.08496341848040763,0.15795722537491166,-2.3976835597010666,0.4819291928569541
-0.004725950484050956,0.010176399656581219,-2.6664688756537503E-4,0.008008195283139799,0.09043044463999138,0.13460169784953488,-2.393565488353134,0.5042697996161899
-0.004720828211712878,0.010149732263357596,-2.2603061700070474E-4,0.008004829486994847,0.09688213312633255,0.10733173062137864,-2.3890071761603546,0.5306432742825207
-0.0047365824891518445,0.0102857179568592,-4.3260242637179435E-4,0.008006268691319972,0.06186182396800167,0.2451200139970362,-2.400826656581484,0.392885374734574
-0.004720450579991623,0.010359178246385046,-5.39625073025026E-4,0.007975285936775855,0.03998878426045763,0.3151224480546595,-2.384336040186174,0.3125343972489469
-0.004689594900384963,0.010509853955955079,-7.535417769326836E-4,0.007905491355700166,-0.0025700360204042763,0.4571347427303945,-2.3455176689481436,0.15076668549944186
-0.0047006474798553235,0.010478054090490239,-7.102788920254282E-4,0.007926182317868112,0.006554923062233692,0.4283047839313007,-2.3580353550254145,0.1855615620331329
-0.004696204647261818,0.010448457697714509,-6.659228029725787E-4,0.007928763094019686,0.013842137733716073,0.39837628208236575,-2.3577247753054524,0.21505863424501667
-0.004694136270756803,0.010413492104788688,-6.142582547847257E-4,0.007934694036216215,0.02292955853877504,0.3636085722283104,-2.3594006763546376,0.25061303827901377
-0.004693763607970825,0.010381738362019437,-5.67575729577995E-4,0.007941157513370226,0.03129457958319491,0.3323454179993264,-2.3616370154083337,0.2832109167753228
-0.004707425543862302,0.010319354892673455,-4.780363762682169E-4,0.007968209296306908,0.04932610296522715,0.2733026571194043,-2.3762668368718103,0.3508200378925313
-0.004639438533475653,0.010526420586588842,-7.632527345298371E-4,0.007846320820589366,-0.010099979402737195,0.46218271384773313,-2.304079984667687,0.12492646643498141
-0.00489058687434744,0.009167267526979326,0.0013020807112234802,0.008007255952943102,0.36965928138126347,-0.8641403347341854,-2.2923764072369903,1.6288776520340973
-0.00487318662461491,0.009254032669399554,0.0011650452989926284,0.008026228166679588,0.34963146913936166,-0.7779652758205639,-2.3174286762037366,1.5306328502894997
-0.004873322700602052,0.00919864015530145,0.0012476054100192008,0.008002128681360729,0.35855445691645826,-0.8318414224244631,-2.2924203092642674,1.58608986580124
-0.004869581849210559,0.009227522557759613,0.0012030598810229918,0.008010733502467242,0.3526501648283315,-0.8034929855501317,-2.30248593807544,1.5549077639250604
-0.004823705865865308,0.009665830704403567,5.211702111198485E-4,0.008095575750738333,0.24716519591754407,-0.36705547281015427,-2.4124246548764288,1.0766886999671177
-0.004854782905195489,0.009267934531852122,0.0011365969970804992,0.008011094016896748,0.340710811052945,-0.7628775700390159,-2.3076110527133618,1.505000894103717
-0.0048483901711832336,0.009292147858714619,0.0010978898520601144,0.008013670803666393,0.3343170549761547,-0.7387906121415573,-2.3124283837480477,1.4767177623318206
-0.004842483044221069,0.00932380282232186,0.0010482604502931347,0.008019325644767934,0.32662946666656406,-0.707514721418801,-2.320375469071412,1.4412766844161713
-0.004833731883912061,0.009355792923929828,9.970703524188928E-4,0.008021304642148562,0.317810147541253,-0.6757182921271152,-2.3254986476783075,1.4037644755607739
-0.004823609675141624,0.009391185829730317,9.403851216363905E-4,0.008022324052062936,0.30765805379660754,-0.6405799941249625,-2.330195643022193,1.362079645870836
-0.004806936536977938,0.009422855452660096,8.873100571434655E-4,0.008014020276994183,0.29609535654222147,-0.6089505902693481,-2.327474823981611,1.3207377996448522
-0.004825897565990347,0.009525039313448133,7.382344667888827E-4,0.0080658519166694,0.2807009978889234,-0.5081962276312783,-2.3768375093700573,1.2255565030753564
-0.004808329463169533,0.009498029535783914,7.744743947111955E-4,0.008038423289686443,0.2811098584838823,-0.5350400149558988,-2.3536622462438856,1.244620534557723
-0.004798060123888211,0.009451349585205895,8.417848217092558E-4,0.008013007102116013,0.2875710132782492,-0.5807981194362196,-2.3298018048014746,1.2870280419466689
-0.004793506674599771,0.009474557209252114,8.055864800866127E-4,0.008014868682403547,0.28144423087187925,-0.5579602836194271,-2.3336692846642597,1.2610183081046493
-0.0048095542342447345,0.00963314425478544,5.687307807048255E-4,0.008072928878904444,0.25102079433603247,-0.4005619280826224,-2.3926947502783444,1.1047750025795795
-0.004790398915614676,0.009603184173929455,6.103858511349139E-4,0.008044707448612765,0.2525089194306287,-0.4310177692145948,-2.368996875034435,1.1272144277699447
-0.004796051985287805,0.009575683642609021,6.534856717588344E-4,0.008044754313012171,0.26042488796267765,-0.4581911522066308,-2.3662812402942195,1.1583677584874872
-0.004809003324953155,0.00954892387700668,6.973813022366806E-4,0.008052858611874334,0.270239162562181,-0.4845969403016059,-2.3695889488020216,1.1923768334061904
-0.004808817709958298,0.009694055199110402,4.748868114532847E-4,0.008083676140676661,0.23604049198955648,-0.33948929790168453,-2.406326767578999,1.04041763837961
-0.004797550547421204,0.009725851268278343,4.2406975179250223E-4,0.0080760532887676,0.22510507029144963,-0.3082547178108403,-2.40369600627444,1.0021632533859997
-0.004790848423060826,0.009759080606326223,3.719851100092765E-4,0.008073271774246674,0.21490019106626376,-0.27538881646472296,-2.404704497674604,0.9644461585658314
-0.00479478809793219,0.009786333156114674,3.305090678333891E-4,0.008081262841711186,0.20912025199467726,-0.24772187812220237,-2.4129749798466973,0.9372926400934067
-0.004786251696182047,0.00981080320602674,2.918302120422925E-4,0.008074345095588811,0.20059215856754073,-0.22381472166645386,-2.4101528785237907,0.9081215185238074
-0.0047794223077131485,0.009837363059694732,2.5029743119403037E-4,0.008069241790655345,0.1920649132979799,-0.19775614145617307,-2.4088079796639636,0.8775267034097874
-0.0047779217733944475,0.009860825710587825,2.1410217524560257E-4,0.008069555938450703,0.1856026450952399,-0.1743756099791632,-2.4110884000964354,0.8522599680610133
-0.004761828943619023,0.009875345189533249,1.9062839896241725E-4,0.008052413820121436,0.17808629926601882,-0.16136641775296395,-2.3999682060464975,0.8310718054755271
-0.004759490265617482,0.009901103326595028,1.5109934835742683E-4,0.0080514132289863,0.17084796468257737,-0.13584829733389522,-2.4015168511203555,0.8031934408072549
-0.004758896547660473,0.009938585274896319,9.376119376506652E-5,0.008052475345373322,0.16070651705422737,-0.09844082125028675,-2.4055371088110893,0.7636445914102451
-0.00474566002987689,0.009974576620841846,3.848894684039474E-5,0.008038463413577857,0.14842648366631442,-0.06395335440905665,-2.398573581125991,0.7214357548494433
-0.004735837584155349,0.010008092202631179,-1.2522105664935299E-5,0.008027624700696888,0.1375663210965807,-0.03169071696953476,-2.393623873531638,0.6831437286863232
-0.004726246217221892,0.010043652265648248,-6.625299609180832E-5,0.008016401563958319,0.1263369016608309,0.0025738203069229364,-2.388576019366844,0.6429273784564975
-0.004919507922890703,0.009003982185049641,0.0015562325537203502,0.007955471327746608,0.401457168019915,-1.0243337376034638,-2.230578389716063,1.8083731916633123
-0.004910879325975817,0.009030432667221833,0.0015131327539655848,0.007960431576260472,0.3952022625184877,-0.9978980175130633,-2.238219275710754,1.7766225037042374
-0.004900949293892058,0.009056381839596814,0.0014700807383571214,0.007963242331440192,0.38833812777654186,-0.9716850680713615,-2.244044351802169,1.744302550025106
-0.004889871472945934,0.009081344180497676,0.001427943575181826,0.007963855981745286,0.38104695297084823,-0.9462878016113024,-2.248015201442183,1.7121922075314486
-0.0048793917520202155,0.009107602735722455,0.0013843318679732308,0.007965444652703586,0.37373986019267486,-0.9198180584742154,-2.2528307041916644,1.6793484706842674
-0.004862076812651073,0.009136013621610454,0.0013343446524758092,0.00795998089929262,0.36359163785826787,-0.890410300805569,-2.252472417124025,1.6396666762107315
-0.004898987671407449,0.008981901464738807,0.0015762481102237415,0.00791975864860932,0.3957009696338179,-1.0407613753772915,-2.2003072354006616,1.8128040744659495
-0.004929976086971424,0.008880412448517963,0.0017386728873881323,0.007893271223336551,0.4166139216817627,-1.140383283607812,-2.164179513276563,1.9306243731315043
-0.004920294805792043,0.008906830079505115,0.0016954343169105859,0.007898931800251219,0.410643625371625,-1.1141051772070123,-2.1728156921710027,1.8986754342932062
-0.004880051867665495,0.008955228828607215,0.0016030429599306229,0.007883131255572105,0.39091421617507344,-1.0610692728872138,-2.168724998328607,1.8221034287863198
-0.004897434701717961,0.008930800808832982,0.0016477338268647641,0.007887986245976001,0.3998210188320281,-1.0870648705193577,-2.1685226803826514,1.8581880587561168
-0.004920133198270289,0.008855320006555546,0.0017674467640879622,0.007866253832661685,0.4142743891122744,-1.160220161890425,-2.1397209867941824,1.9442011574198903
-0.00499814779179901,0.008756027243719202,0.0019582693149654477,0.007886434393524653,0.4513523789825076,-1.270882519934867,-2.1366203621023305,2.1020793867698373
-0.00499314433567384,0.008774125142110815,0.0019295495666509777,0.007893538718755054,0.4485867804181867,-1.2532173652627392,-2.145401806694933,2.081557952800623
-0.00498989288690389,0.008798719649623438,0.0018928936598192284,0.007906893554239734,0.44619052147568977,-1.230229274206722,-2.1600203443744808,2.0569605129671285
-0.004979012048592669,0.008830630026411792,0.0018406278365704404,0.007916155570277165,0.4398800611737017,-1.1983614547537818,-2.172778405652771,2.0186216266395522
-0.0049400410539539325,0.008831049127227202,0.0018141770472291333,0.007872611466644181,0.4237454703839258,-1.187223375452578,-2.1401783516349373,1.9830047636048092
-0.005001114724435582,0.008737502758845765,0.001986064725813565,0.007876536488640186,0.4531963658778575,-1.2882149922655588,-2.1256069867163343,2.1208661531468356
-0.005022894549871012,0.008669978262264896,0.002094873948869024,0.007851059548389416,0.4637257878551125,-1.3544039204906901,-2.092801251190465,2.199239762811866
-0.005004898725095559,0.008716234179048167,0.0020181411000397154,0.007865349710220836,0.45529452374549334,-1.3080972893819796,-2.1130355430551138,2.142601438546679
-0.005012211755536419,0.008692926456609568,0.0020555064158584457,0.00785634115234673,0.45887577716651246,-1.330835261018329,-2.101568712521679,2.1693969826319335
-0.005005553743371879,0.00864632969386264,0.002113611281188029,0.007813635097220002,0.45651862206155863,-1.368144600434604,-2.060321313525264,2.200479908834574
-0.004987432857646894,0.008619698083735692,0.0021350605580200428,0.007773046740665208,0.44905832257883244,-1.383208788928773,-2.0252400848672956,2.2025706392246716
-0.005001920477331785,0.008593857038738157,0.002180500197448285,0.007768631196830072,0.45495039621226124,-1.4098652621324652,-2.0161217466886527,2.2373498209586042
-0.004987592982877501,0.008567898504346855,0.0022029497758028396,0.007732264320858652,0.44877574304805556,-1.4247501940652318,-1.9843750411791359,2.2416081410420285
-0.004994984588673274,0.0085393649255055,0.0022457566963592517,0.007717121290482791,0.45129580297117744,-1.4500978719211923,-1.9669223472102755,2.270101372848577
-0.004992363807361649,0.008510199043653634,0.0022808264593369007,0.00769021262778327,0.4494469739945153,-1.47126802567789,-1.9410775663916078,2.2878249386571983
-0.005191118009302953,0.008189505564400778,0.00285971939639838,0.00760389682252631,0.503577906306668,-1.8036251864347437,-1.7799157035188011,2.7274586614828187
-0.00519277771324112,0.008148363591621532,0.002909274859253215,0.007562608130323658,0.4985061826400294,-1.8300223294859488,-1.7382958020235357,2.7490772710800933
-0.0051777065743652505,0.008164963569971135,0.0028743422394273024,0.007564136581082161,0.4948427485065016,-1.8101490928857473,-1.7464379118221292,2.720379512414496
-0.005219988619561257,0.00808668630514658,0.0030084951248887607,0.007524973749637224,0.49944906821135154,-1.8843816953820764,-1.688920135133305,2.8142954827181828
-0.005213288243774943,0.008106348048791437,0.0029790872464915256,0.007539310789108913,0.5001349663567453,-1.8686008849716451,-1.706037508985513,2.796629413711265
-0.00519670141765172,0.008124083515512828,0.0029411861842241226,0.007540968372161256,0.4962856687719351,-1.8470422163507512,-1.715249405770233,2.7653205263160747
-0.005175827488871137,0.008211496001942806,0.0028180469486490654,0.007610204558879852,0.5002662710515721,-1.7798432058392233,-1.7928336156941977,2.695176434518107
-0.005163138831076998,0.008231772392944304,0.0027811120846186095,0.007617242317465472,0.4976457641690272,-1.7588734595836315,-1.8052053180639926,2.6674486034727494
-0.0050039487196078475,0.008485327767187615,0.002322031674722677,0.007681752640945145,0.45329079645607084,-1.4952230847316876,-1.9288568008095737,2.317638460204071
-0.005016855832861193,0.008454795838978436,0.0023714389237090663,0.007669450319629563,0.4571230775237987,-1.5239001059157855,-1.912311295240556,2.35255753632628
-0.005138909962422121,0.008245649957544173,0.002740326628988179,0.007605310239531823,0.48960249695959923,-1.7350857743370351,-1.8033665976994315,2.6275951047063075
-0.005032711679439459,0.008425110447913043,0.00242230993600428,0.007660477737721255,0.4619722056509814,-1.5532420772146782,-1.8979616976731613,2.3900781124735597
-0.005050217739157832,0.008397890833603034,0.0024716499484445913,0.007654936417838259,0.4673780009969452,-1.5815878556167406,-1.8863033764375914,2.4278789115133925
-0.0051201283108442365,0.008271647935495294,0.0026908325329798107,0.007610980183417173,0.4848466357116808,-1.7068738791757527,-1.8165222458398536,2.588987931160546
-0.005103769765093615,0.008298378643476654,0.0026429293479580157,0.007619491008929199,0.4808017126685993,-1.6796106039097316,-1.831333695836528,2.5531444679890023
-0.005099546530913176,0.008324230055559295,0.002607596161258134,0.007639660518665427,0.4817244282302651,-1.6596076730640519,-1.852906479813853,2.532911813756329
-0.005066565139207956,0.008370961238376377,0.002519688559516515,0.007647949000859119,0.47216667449009736,-1.6091620757755225,-1.8735124283418652,2.464169273773484
-0.005081678257050496,0.008345441468365298,0.002564930033863516,0.007640496277905569,0.47622410978219915,-1.6350876887574888,-1.8605409948054257,2.498073692060894
0.005154512278186367,0.007981821451793073,-0.003049240641629263,0.007343919593262332,0.4586663167417809,-1.892731776382563,1.5465128663105359,2.7580328592448997
0.00515853798427296,0.007942617455644636,-0.0030935641499272707,0.007304287779006679,0.4535582822839966,-1.9131265130216786,1.508358716916911,2.7745554296516715
0.005167217825294578,0.007906579314514627,-0.0031391636650591327,0.007272026420062988,0.45020405610796993,-1.9345252718875063,1.4751213321641397,2.795477417797718
0.0051771363731194665,0.007869918944017684,-0.003186162121742086,0.007239596353233477,0.4468755282236289,-1.9563176399789768,1.4413202218973893,2.817247188175164
0.005103970575082438,0.008094235955469709,-0.0028763974560771484,0.007414833029559203,0.4574228275527331,-1.8030626509868033,1.6339746364902952,2.651367134494795
0.0050983758984282455,0.008058520220393212,-0.002908714286262758,0.0073718402618114815,0.45082823487366214,-1.8179540724934504,1.5962936815961328,2.6576494781960767
0.005113326792779632,0.008036536267665127,-0.002947715142292013,0.007363134006744676,0.45294428695320194,-1.8386799632373498,1.5820034495621582,2.684943539135882
0.005113732093501059,0.008002943333449215,-0.002983034039066085,0.0073274718444148,0.4480745049178813,-1.8552576675658374,1.5488930277908235,2.6966319807556953
0.005064123982757151,0.008109971342449984,-0.002818240562728017,0.007391710365512983,0.4457084639669829,-1.7697018123948582,1.6282267280436875,2.5940312480422825
0.004980696338298692,0.008319553796596954,-0.0025025132697192205,0.0075113332832809935,0.43572362154597855,-1.5989090017269227,1.7713185649563907,2.3936390332154613
0.004976788578408899,0.008359383226429415,-0.002452256015160399,0.007543399671883451,0.437057424363911,-1.5709643685080377,1.8032461925758823,2.3666879654178423
0.00493835483759406,0.008379242586236261,-0.0023947441321531763,0.007521717202783717,0.42389865965817103,-1.5388883845303984,1.7954486562382967,2.313038985792819
0.004939219196810208,0.008446685679766362,-0.002314936062523539,0.007580779144188727,0.4270687283344346,-1.493396023519422,1.8516641408064236,2.2728549081497746
0.004935321635145734,0.008477254540430043,-0.0022744027049056014,0.007602431652702561,0.42689888848143454,-1.4700648962106901,1.8737729993537342,2.2491826084141806
0.004911758561569056,0.008499511018395328,-0.0022276523663233116,0.007596298563036108,0.41851155256665556,-1.4437997777112839,1.8753231278468816,2.21025566817948
0.004852039534982507,0.008599432642804564,-0.002057062575810308,0.007613034426579303,0.39756280891975615,-1.3465008134615553,1.90965349291082,2.083816563809178
0.004888842867542442,0.008535020658315516,-0.002165515077817364,0.007601166088648215,0.4105758588794303,-1.408487715252742,1.8871152976461576,2.1636014836109667
0.004857886722459382,0.008561316274015908,-0.002108775696999352,0.007589827351807038,0.39956796661772276,-1.3767623166559615,1.8855993934245738,2.115664381296952
0.004828136361864734,0.008665460611695224,-0.0019564611461393698,0.007637053646141101,0.38787410841174413,-1.288081475450431,1.939814287144358,2.01464981297558
0.004795699611677039,0.008688043863744688,-0.0019048314108241816,0.007619451041303657,0.37582259036074034,-1.2594256417312752,1.9323232724122508,1.9693598573743205
0.004826003842689,0.008631188300465841,-0.001997967099676051,0.007609800692881741,0.38753448517181915,-1.3130759235025586,1.9141682437330563,2.037270196624332
0.0048089166194241325,0.008604885640706342,-0.0020178693679996397,0.007572702931342509,0.3821344779030924,-1.3262026219506562,1.8835364153201621,2.0401883287644145
0.004911206135181847,0.008428664124208387,-0.0023128057162270003,0.007536707256470795,0.416294136576966,-1.4930218608807684,1.8183762916255772,2.254724223954503
0.004906130257069021,0.008400453528153499,-0.002341836859934922,0.007507470431761338,0.4131297521380395,-1.509574376428492,1.7922299813057772,2.2663964757385777
0.005015106326082479,0.008265248434484033,-0.0025972422973650007,0.007495755116065129,0.44431131757616776,-1.6515678277244632,1.744445044230693,2.4626108383526617
0.004987755561325312,0.008284922849343443,-0.0025490131580981506,0.007486535884859727,0.4357714433920702,-1.624482174388255,1.7454069584327798,2.420454724803204
0.005020296715177684,0.008226826169029885,-0.002645938528723739,0.007464258793600594,0.44231391218486715,-1.6777871958840274,1.7127705282417265,2.488161221641303
0.005033489976151676,0.008196340657097886,-0.0026929072201917086,0.00744784604818344,0.4446195329264345,-1.7032176908053294,1.692502283644735,2.518573829649107
0.00502852871293427,0.008165281698497165,-0.0027223508761421472,0.007412310063400232,0.439377539835296,-1.71808574464351,1.661012802836053,2.526749525295608
0.005027205486863466,0.00812914177823457,-0.0027602197923038163,0.007374982198410269,0.43508645859160505,-1.737052007934947,1.626927295314905,2.540676769896486
0.004752758450133553,0.008698825403331473,-0.001861346196914908,0.007582821472657839,0.3607425091128916,-1.2367706270200396,1.9092115685488686,1.9246479268926076
0.004755490510516139,0.00879278406228284,-0.0017444451283184488,0.007648594704323151,0.3576075272351624,-1.1655178740878338,1.9719058395268936,1.8569655591700893
0.004749073103625314,0.008748912065927213,-0.001796063247765708,0.007613094158218572,0.35762652370177617,-1.1976554502838466,1.9393242120373078,1.884913432015891
0.004721850566883886,0.008827382644170921,-0.0016787033875618285,0.007635704417013159,0.344436399890667,-1.1283158546392424,1.9688867834267343,1.8033720543967056
0.004637121660629706,0.009436486618159433,-8.139122088330427E-4,0.007830744425145432,0.24331112718646117,-0.587320997503194,2.1933321200014984,1.2169984293759217
0.0046046608409533165,0.009497796118381118,-7.182986452650787E-4,0.007813548786671735,0.22374475333077676,-0.5288628971043643,2.187572117290873,1.1424735295315924
0.004628389346539998,0.00947349692640206,-7.591114751003047E-4,0.007832295006056162,0.23428668688098025,-0.55267896533098,2.1986042513662145,1.177446383435975
0.004657388930592195,0.009388971637813026,-8.874013952634264E-4,0.007837470490470998,0.2574364863747131,-0.6325052654174738,2.19280658426554,1.2726183310678036
0.004606768215941406,0.009409009437925242,-8.42862600188729E-4,0.0077895860235145924,0.2399916371975475,-0.6100565539139917,2.1600066109059135,1.2268768494135152
0.004582545911299205,0.009617959534410058,-5.43968483071887E-4,0.007818575872603718,0.1954504106755515,-0.41700281212688006,2.2042326104146004,1.0174542394051682
0.004563717050397976,0.009562452182597282,-6.175717832678206E-4,0.007786186172304124,0.20178608181905247,-0.46757404460216856,2.1745641823156237,1.0617378564593165
0.004562675429217914,0.009512779113962679,-6.862263896427476E-4,0.0077727421934712165,0.21057498963478014,-0.5128265446940988,2.159305694396188,1.1079132514907142
0.0047228684372314705,0.008907596700236988,-0.0015754535576131391,0.007685395593339187,0.33910715321653173,-1.0640971226421863,2.0172036699348883,1.7405906304328733
0.004691647994517394,0.008869147363205702,-0.001606714208456171,0.007630103170586753,0.33186395674609853,-1.086827328263033,1.971915629781354,1.74759032373831
0.004699364556704695,0.0090519000558525,-0.0013708438394347039,0.007739954917852035,0.31787204946046077,-0.9381727172796693,2.0781360636531025,1.6033450202051605
0.004700106191805079,0.008954737889585273,-0.0015005506534378843,0.007688600873334071,0.32764193081882875,-1.0197560795006513,2.0268248278937038,1.6853147757965201
0.004693981706755295,0.009006616875872198,-0.0014286056163905346,0.007710586339297411,0.3208102452367034,-0.9753893753526613,2.0502876160199843,1.6380109633782036
0.004667568141670485,0.009281993611516747,-0.0010410838907486148,0.007809768609262198,0.2777682218117896,-0.7306835528306613,2.1596133562710365,1.3778679908073685
0.004655919740130295,0.00933574308616137,-9.616830981546549E-4,0.007817425834251933,0.2657423762916486,-0.6809824000175314,2.1717367368059866,1.3216664629261017
0.0046241234696858995,0.00925467147498971,-0.001061579956229777,0.007752597679500673,0.26905975506424384,-0.7498407544207599,2.1145206890703263,1.3775897441481693
0.0046014870685895425,0.009216866254042388,-0.0011034821452806773,0.007713303325617703,0.2678648623410182,-0.7795393512567885,2.0811977686254526,1.3975995216087163
0.004655908374932753,0.009084424849624972,-0.0013054936707685056,0.007710362466443909,0.30059429356374734,-0.9019319866863107,2.0613676038480864,1.5461436606651622
0.004619261251640392,0.009125599114228448,-0.0012332078807496792,0.0076916309382273965,0.28483927956963573,-0.8602757444435857,2.0535649242045264,1.4873092027930908
0.0045940725954580295,0.009168720662660437,-0.0011645809420496942,0.00768491591446249,0.27196769442751995,-0.8194458159612052,2.0544130258432385,1.4348037126538522
0.004597401790511595,0.00981043780165428,-2.723554188630704E-4,0.007864582255289186,0.1584505970427098,-0.23556664151764425,2.257214458770179,0.8357002282181122
0.0045674981594112235,0.009764173591531037,-3.3482702963937683E-4,0.007826940886121554,0.16235373932753858,-0.28024375628463755,2.2251318171541716,0.8695348037206788
0.004527293656732181,0.009659341358976194,-4.754112294450106E-4,0.007767779732645807,0.17525188307215692,-0.3777103255418432,2.1712035912950607,0.9538417119933945
0.004544177427240609,0.009713264124267797,-4.031879874977539E-4,0.007794792007573202,0.16804027396183566,-0.32805512234155826,2.1964859181915117,0.9094182916654759
0.004559872843773385,0.009848531697543312,-2.145051211682851E-4,0.007827673511583531,0.142656494706904,-0.20093132247751258,2.2338083286280663,0.7840693259502288
0.004532750675887812,0.009891548842525553,-1.5186308864144948E-4,0.00780173308401971,0.12819863844520843,-0.16164289999338233,2.218862132908637,0.7322551921192985
0.00451560022829558,0.00994729595987295,-7.297235634499585E-5,0.007786008123902572,0.11304860441404163,-0.11030193048420621,2.2125073974813305,0.6720302197993558
0.004555700398113339,0.010185008907750566,2.628090730579053E-4,0.0078209090336729,0.06488598128939593,0.11912182057427623,2.2588752811353463,0.4493269687092411
0.004537887459994848,0.01012016578495196,1.6992897381050916E-4,0.007807002704678761,0.07750924301360913,0.055132238590834146,2.2432565648376332,0.5088568499398449
0.004499030745949618,0.010058635873295018,8.215369274349646E-5,0.007768532214207193,0.08604547742647196,-0.006916169732869786,2.2096188804285473,0.5581054923677616
0.004468095074121718,0.010000130549303116,9.697695639242165E-7,0.007736774216438991,0.09409936666934927,-0.06411521844199619,2.18097093904494,0.6054769535801251
0.004536905848110814,0.01028461435306208,4.004427300615629E-4,0.007788604171720265,0.03938250770133483,0.2115019801212135,2.2434042508827257,0.34567319919959466
0.00451328242934125,0.010235464132064297,3.288295689032659E-4,0.007770245898500749,0.04794470660748441,0.16147582452577422,2.2258763775336896,0.38850622319084666
0.005448271419115364,0.0073291169672394275,-0.003970133728066513,0.00678371851008326,0.39318272313546626,-2.2772972945071133,0.9144721663796579,3.1859446851595505
0.005751796154008393,0.006921446933003108,-0.004623380907295519,0.006388397491635779,0.3177564557752786,-2.461629413384833,0.4234400123028896,3.4173020912984207
0.0057228596746510384,0.006955026184178363,-0.004566305681790482,0.006423287560071101,0.3252422652380255,-2.44884065480816,0.46819139607085186,3.400270605837747
0.005703386463428263,0.006988096699070549,-0.004523334127808951,0.006462177476735601,0.3333852056437809,-2.4426775104926004,0.5078570165184253,3.3954345648446136
0.005686738034561826,0.0070229570849085045,-0.004483237855333568,0.006504892902897859,0.3422013291060325,-2.4384491830341797,0.5482241923841253,3.3948922053155424
0.005614435490058876,0.007117332152912719,-0.0043304521414836905,0.006599458520317174,0.3611591974757454,-2.3983185882231393,0.6665787578932615,3.3442490303335437
0.005632115518197648,0.007084533751916373,-0.004372884072339844,0.006562487265585246,0.35380899094536455,-2.4068326125266633,0.6283734839275962,3.35177200239642
0.0056542630795985,0.007053162927348071,-0.004420734158964122,0.006529926470065097,0.34723228086748126,-2.41857641178329,0.5899349281297662,3.365758378985047
0.005507990372844071,0.007296381956349254,-0.004074592289043852,0.006783071003659937,0.3958492953385231,-2.327385427017115,0.8744005110889049,3.2659813567385965
0.005524405852708594,0.007256749614642118,-0.004122316221923606,0.006738907483000295,0.3876143821612171,-2.339127598678596,0.830413668050007,3.2752980615327263
0.005538366689628805,0.007220701006920702,-0.004163553546039722,0.006697401629574786,0.3794627792992576,-2.347912055624034,0.7904873868907312,3.280801230801707
0.005552338705273628,0.007189483549331252,-0.004201360005166791,0.006662332098375189,0.3728804865357466,-2.356331496168895,0.7556448137075611,3.2874433603828517
0.005564280604962855,0.007155597741204597,-0.00423708412285381,0.006621548077417752,0.3650880722415962,-2.361889138009983,0.7185981041005397,3.2886158048732064
0.0055758832743605,0.007120403861244881,-0.004272290126110097,0.0065782071469469355,0.3567071730097581,-2.3660932111309756,0.6806459711010416,3.2875105134686784
0.00546316332821761,0.007298054019115215,-0.004010585731611394,0.006751834299416232,0.3877310548950488,-2.289121921963613,0.8811166952108956,3.197750731690927
0.005343938814774783,0.007547680326327002,-0.00367331933476367,0.0069934538071353075,0.4256916828627731,-2.1740570715769856,1.1432849800378853,3.0756958963500813
0.005317151801825261,0.007584117865018757,-0.0036097558429827067,0.007017753010838506,0.4276704378916554,-2.1460569164961503,1.178502155344159,3.0388913523531778
0.00522780730632293,0.007823670466172812,-0.0032893729716549944,0.007233114135553679,0.45419584047010014,-2.0108316173857044,1.411552298256965,2.8973649876150813
0.0052428423685420755,0.007793338616662791,-0.0033357362266787168,0.007211012037842496,0.4530768301470561,-2.032744742816345,1.3844295606667465,2.923403204690814
0.00528092653353051,0.007609698454417108,-0.003543019850801765,0.00701928862379704,0.423920848212812,-2.11224269157341,1.1994524812513,2.9871710653331225
0.005280566062381348,0.0076397808737893895,-0.003517722817621564,0.0070567310338213165,0.43070178040778734,-2.105461031092688,1.231040946837947,2.98735368152672
0.005274549584813711,0.007670664219492931,-0.0034840854915982942,0.007089981152896502,0.43594830295097037,-2.0933440044239746,1.2624761526775663,2.978431909975406
0.005265976538453309,0.007704086500059752,-0.0034445260491319054,0.007123703662587254,0.44084670275829,-2.077898564930113,1.2959529738747968,2.964859532691275
0.005253571422909533,0.007741224555809674,-0.0033963912708971267,0.007157952775650913,0.44536239263971567,-2.0576322695655667,1.3321480759642392,2.944410286982929
0.00523317416837754,0.007767585930857,-0.0033478777607282443,0.0071712494776060755,0.4444771196042144,-2.0339871750885368,1.3539944829975092,2.9125727609021568
0.005380837006635742,0.007399542044546842,-0.0038312878990308624,0.006827746644491742,0.3976497719094129,-2.2196412018876885,0.9898626661965572,3.104984692762845
0.0054134618652893415,0.0073532470648761256,-0.003906606287777506,0.006790361072772053,0.3925265836809691,-2.248054466349909,0.9414526617140506,3.141053598233419
0.005382355096238049,0.00745150547061539,-0.003796572897634413,0.006898432285104298,0.4110001974049897,-2.217375928388064,1.0440630341123696,3.1185517089757337
0.00536043265717848,0.0074903534327376425,-0.0037388654281666975,0.006932149057129572,0.41599897464696955,-2.195404809112102,1.083768173572851,3.0926950679878753
0.005327942873974884,0.007509505180210154,-0.003681967393742372,0.00693053604628033,0.41265859316603665,-2.166416622226475,1.1013650122397793,3.0472589087320205
0.005186873017802882,0.007831081185880806,-0.003234371208021057,0.0072037962383318345,0.4429220741239401,-1.977865565996008,1.4049349765551182,2.837991827886002
0.013812182715631133,0.014551416042292221,0.005104123761680005,-0.004270000200499834,0.12692670151868998,-1.9885855288579595,-0.7129169662940499,2.624151679350153
0.013721892817110865,0.014545270012224741,0.005226263212026316,-0.0042743728380165635,0.1311016969217413,-2.0055276605319583,-0.7870023510483923,2.6675775448319348
0.013526581064217202,0.01462999189455681,0.005443595418134875,-0.004140460437839646,0.13145182533964275,-1.9729091119668811,-0.9697199170841875,2.658669769824907
0.0136422414388461,0.01459293914191087,0.005309206687084691,-0.0042045190932746826,0.1298582044930107,-1.9867215671392529,-0.8628365022183436,2.654051000744784
0.01340258861530122,0.01467869279909585,0.005580440132541059,-0.004052266415278504,0.13235365107249988,-1.9449971312807006,-1.0865637172888425,2.646275822600131
0.013519865432395611,0.01472117236849497,0.005400606034328338,-0.004019247280407762,0.12478936344612261,-1.9175640000686098,-0.9833035088844028,2.5718116657915786
0.013328630353111808,0.014763646234135362,0.005623288833059521,-0.003922182771531547,0.1275591826649308,-1.8895544307609935,-1.156118149862584,2.577853123934801
0.013280982102388105,0.01483475431061342,0.005636322553441135,-0.003817008443890374,0.12289921837795881,-1.842170679958188,-1.1978088773450184,2.5150315055752195
0.013002370803087191,0.014966720884505043,0.005886207245186833,-0.0035498569703145077,0.12125328336015782,-1.719066349709253,-1.4395909339145536,2.4074268361164397
0.013107694943038732,0.014878469792545975,0.0058251879876184826,-0.0037032160497931857,0.12527564610822864,-1.7937940202791596,-1.3549653769912255,2.492633938457949
0.01307111125132516,0.01494349968247628,0.005819949331706358,-0.003607101851931845,0.12039022509549424,-1.747195298970409,-1.3800285604401028,2.428653230908713
0.013206054226492446,0.014872141260862965,0.005705052134733656,-0.0037460612687060207,0.12210940739706566,-1.8113666952252119,-1.2642515405582502,2.4880789623411617
0.01328450010265536,0.014894268036008775,0.0055904196909337045,-0.0037427382283045643,0.11837335963744186,-1.806030363310669,-1.1925928713326246,2.45576106561183
0.012911733731911764,0.014991506866840459,0.0059765540669859535,-0.003478192989813657,0.1230298806513377,-1.6824887936159472,-1.5178016261562717,2.381858833790344
0.012826851541795711,0.015045450088206182,0.006031224634073139,-0.0033706761878906405,0.12080916253000794,-1.6258225681911405,-1.5829336609995968,2.322182525713202
0.01273400820914014,0.015088833248283565,0.0061007215870058085,-0.003269236234115101,0.12039276738263639,-1.5704739457087855,-1.6549633884903439,2.2687134442722474
0.012658343263447027,0.015144588933626373,0.006134286763963395,-0.0031608294770601735,0.11814941398820679,-1.5107605933437258,-1.70464772535918,2.201877056856612
0.01258370758086559,0.015169461018052761,0.006193927306644857,-0.0030871568458410866,0.11866158510402189,-1.467058006812911,-1.7617692289846474,2.162685227302708
0.012500225577448372,0.015157923881318997,0.00629980853089867,-0.0030459770360304127,0.12234418551947825,-1.4365594351744995,-1.8402564439960725,2.1551926412412232
0.012423029715933969,0.015173975045279101,0.006368471965628718,-0.0029750442234576444,0.1245751957071665,-1.3907000371523577,-1.9012759589617665,2.1177455527244504
0.012293078800660396,0.015173503894560451,0.006511611183812146,-0.0028796722250319924,0.1294499131678866,-1.3207167535378106,-2.016272306056304,2.075590138985403
0.0122289436684438,0.015202697501714303,0.006546192869266115,-0.0027982166787600526,0.1290175479501255,-1.2690698670495926,-2.0563216520016647,2.0226914438496046
0.012363758747393472,0.015217833080834083,0.006384656479576987,-0.0028846687105772355,0.1216268005743522,-1.3375973548693214,-1.9325026719180844,2.0562617433032497
0.012193832612483834,0.015256619823005224,0.006518860521012628,-0.0027137592268135537,0.12510848272206168,-1.222545547053724,-2.0561307081010054,1.9564036100670137
0.01212219314620815,0.015249792164494375,0.006600402916960708,-0.0026619660151576507,0.12855083856611907,-1.1811284039396783,-2.1196158139678776,1.9325795200387967
0.012047010802939514,0.015239479386018967,0.006689286631874232,-0.0026079580689090305,0.13310342502685155,-1.1357159195788495,-2.1876819769408233,1.906654069402947
0.011990323928354966,0.015289951728622166,0.006681242587030209,-0.0025079021296034814,0.12952710837069334,-1.0757841094894038,-2.2006777164017084,1.831476771757565
0.01193730656037021,0.015318682169796163,0.006694991821635424,-0.0024327779706038847,0.12873751421158883,-1.0271678252841576,-2.222699781130308,1.7778131920808946
0.011872583339611184,0.015320271397570782,0.0067533318079070065,-0.0023715948218894886,0.13177679102491238,-0.979231810490819,-2.2709339776681987,1.7404223781381474
0.011783494298690397,0.01535182932592043,0.0067918238617363435,-0.0022581880644081194,0.13169340743529348,-0.9006179030727628,-2.3138522714529866,1.6607039942114346
0.011707804502842386,0.015376001376350904,0.00682458369476553,-0.0021630421351271534,0.1326253276172424,-0.833772248849497,-2.349151811730169,1.5936842882713853
0.011212860324062131,0.015382673425284188,0.007190718519035139,-0.0016180905451801794,0.15239183279615556,-0.3865928611733281,-2.6436917677776743,1.2152888011279235
0.011163739855958713,0.015399288950956037,0.007196452218856915,-0.00154903243684801,0.15232711650671368,-0.33686506599883975,-2.65241107282613,1.1621158739012076
0.011085235360860318,0.015416649879171419,0.007216967905107888,-0.0014441436793227334,0.1534155601587703,-0.2578755357660833,-2.6720353605374068,1.0824436560232582
0.011130122762252337,0.015421291097304885,0.007182813612030504,-0.0014953174835432644,0.15075463574163117,-0.302780020449468,-2.647251111223456,1.1192344199294815
0.011580308755858706,0.015401305871547838,0.006894433787261816,-0.00201282329957476,0.13535312839981392,-0.7222241271416064,-2.41409512170381,1.4885607001800523
0.011645982355203432,0.015415064028097298,0.006822260868084687,-0.002068691392328616,0.13022666244917536,-0.7730590334921106,-2.3607802216086644,1.522525763743572
0.011437071903053054,0.015392700882203207,0.007017654695298031,-0.0018667040559990735,0.1416400515977798,-0.5984939197106814,-2.5099457413771957,1.3904225294519
0.01151893260823117,0.015442245404330245,0.006884202874122156,-0.0019169438080644397,0.13237061489667287,-0.6610903478143803,-2.4193524754907028,1.4146839638302675
0.011372292285902688,0.015446242661490825,0.006985783226525614,-0.001756686856347981,0.13804650270594995,-0.5313145808907488,-2.50109211621093,1.3029267135799465
0.011261959406145787,0.015424174444775679,0.007094387986218525,-0.0016478713055894728,0.14554252560127753,-0.43129617522179103,-2.5797517415908935,1.2294523873338015
0.011309609889785332,0.015455606984199195,0.00701508545825731,-0.0016807659444688379,0.1394959029970819,-0.47274632689536683,-2.5267767046451604,1.2475014531417645
0.01086619198730375,0.015391008561283927,0.007376720358640425,-0.0011844311767257691,0.16594363330512255,-0.02711268216330429,-2.784277689486291,0.8920563006953229
0.010919710998837944,0.01536655331695789,0.007390109702931366,-0.0012655853122434098,0.16755510796559628,-0.08225300229821637,-2.790333088241055,0.9568593239533134
0.010976082686983187,0.015356777784240747,0.00737591495407153,-0.0013428963885420248,0.16631729047962215,-0.14185999850677847,-2.7784002204977063,1.016157263926304
0.01102630385269424,0.015405801866962504,0.007268262193027661,-0.0013784424445121154,0.15752341467031125,-0.19752577988890468,-2.708089979641526,1.0354504936666233
0.011060736969784168,0.01545807758501915,0.007165846903514078,-0.0013907528370573712,0.14888719662786734,-0.23357195248822457,-2.642823966076862,1.036757459809282
0.010103420265699,0.015411476053648862,0.007551958631605983,-1.457395644609658E-4,0.18464240584825917,0.8118932568547397,-2.8583273274388428,0.09035153477852216
0.010161047668057645,0.015429688932625826,0.007515903427451008,-2.2426530887650437E-4,0.18041328812024385,0.7383461772314818,-2.843265122506932,0.14999028819964702
0.010264983747431114,0.01544090667390791,0.007484190664145796,-3.656088000473199E-4,0.17668694944510013,0.6189086994120218,-2.834567904579853,0.25826210965717594
0.010211412085299921,0.015466775147438196,0.007446429179827016,-2.893586198433672E-4,0.17326723227480276,0.6644342882184581,-2.806068743496478,0.1979986676601375
0.010055418332313486,0.015444708328721947,0.007495592110796952,-7.805511172609456E-5,0.1793652505721737,0.8442325965498433,-2.817314901027802,0.03673039387961755
0.009904302049227948,0.015467918630402836,0.007452314607167085,1.2796042610640986E-4,0.17608936635971761,0.9885979940106913,-2.768041714948245,-0.12145454544547696
0.00987241440132446,0.015482032266804373,0.0074256149985644365,1.701142464581361E-4,0.17295228552095238,1.0116369395598717,-2.7467641703695893,-0.1536311361732126
0.009950834257374917,0.015473362798897564,0.00744517294873835,6.457913958335123E-5,0.17480606979276536,0.9366222042745181,-2.7713081708547067,-0.07323264480288831
0.010006638893210263,0.015494813232319452,0.0074093232169441135,-1.1251232015121047E-5,0.17102764012951618,0.8655413981069556,-2.758358926563327,-0.016366473795140234
0.010820917667858946,0.015426835529937405,0.00733892539256114,-0.0011094296184266234,0.16255202694200357,0.016566134827448006,-2.7620640712679894,0.8303982369188486
0.01067724301129501,0.015407837448495105,0.007431079794213099,-9.304022668623608E-4,0.17062016462472332,0.17580046551737175,-2.821204841822396,0.6961914809181748
0.010632039043679691,0.015408168401557933,0.0074473108400026,-8.702607592434124E-4,0.17199010939819012,0.2253916997261233,-2.830946860572056,0.6502119254960618
0.010598828889309249,0.015440956551316288,0.007403272742407651,-8.148414226633662E-4,0.16809625419674892,0.25290620365284133,-2.8027500070003564,0.604297324897559
0.010763265002230306,0.015448932101646296,0.007327753899140597,-0.001025828767213694,0.16079300308343744,0.07431153026943661,-2.75619925078208,0.7644085600103367
0.010709605214614271,0.015446494659811428,0.007353624938877315,-9.577534924725955E-4,0.16375501700678421,0.13195591642509064,-2.772829612116389,0.7129745317896768
0.01056218338344099,0.015483691886587535,0.007343254538181597,-7.530126167424712E-4,0.16237819767450942,0.2806739742517259,-2.764776530471113,0.5527693341116908
0.010513900822010603,0.015456359156201471,0.00740361939483383,-6.976566825070619E-4,0.16824134523788434,0.3406703342976321,-2.8005065176946786,0.5128777463197286
0.010407744038343457,0.015426244004351814,0.007482595422802856,-5.628862959415609E-4,0.1758017213129395,0.4679401217755247,-2.8446142884882852,0.4116364970380294
0.010356230344979674,0.015458240209509255,0.007438553622733727,-4.8634691883923774E-4,0.1720771220333035,0.5115396633220349,-2.8137837233417433,0.3502311158538753
0.010460850802256698,0.015478554721781349,0.0073803568573867365,-6.214137721636093E-4,0.16614635788559276,0.3905200064866233,-2.78380548365682,0.45239514054881186
0.010304743732073587,0.015480845725525745,0.007409213224967923,-4.131049493008424E-4,0.16936440444689482,0.557530925220397,-2.7916046587978314,0.2921978818298221
0.009635087340499303,0.01539926043073522,0.007533664541085926,5.064865868185361E-4,0.18634047924308705,1.315671210967972,-2.76164341856714,-0.40578523954059253
0.00978033122600973,0.015419089755179631,0.0075250947600713205,3.026176768516666E-4,0.18404731847864944,1.1519791536929291,-2.7885340725379724,-0.2527113113925474
0.009727847707083587,0.015432822836651023,0.007493061734516754,3.7262473158833814E-4,0.1813306380660434,1.194690698626819,-2.758824776842355,-0.3055372026372201
0.009675374684252825,0.015442286231140719,0.007467050561726682,4.4237225875136047E-4,0.17897342046951079,1.239496437268463,-2.732365679274912,-0.35781960877520375
0.009827553891772485,0.015469434926449675,0.00744314115848116,2.3190709542435153E-4,0.17569173478277844,1.0660605933140326,-2.7491627986625633,-0.20006141577979245
0.008619978732513302,0.015199153676643033,0.007339214846020309,0.0019442044885844489,0.16612510450304388,2.3603078178492383,-2.284642371035606,-1.4086601954521478
0.008398842069914873,0.01515677345798002,0.007212588428077719,0.0022352422551136096,0.14906050626581055,2.5217357298814416,-2.1110982942587015,-1.5817527464709167
0.008467886997524285,0.015170636266597188,0.007254070788517958,0.0021453200749119764,0.1546948265336011,2.473674125388843,-2.1668889452435014,-1.5296919222392902
0.00843093450849038,0.01517652258498094,0.007211774612737231,0.0021815582310768587,0.1493994064206723,2.4805910637408575,-2.1303558033760646,-1.5479653013717511
0.008517143180873278,0.015170222873041766,0.007298196312653895,0.002089304322205349,0.16038978728765727,2.4522516142520865,-2.2115739558927987,-1.4985079684691058
0.008569779792797423,0.015191729788369713,0.007309387670302782,0.002009644777769867,0.16192356596180793,2.396475270503337,-2.2455727452889387,-1.4484360053114165
0.0084841346276275,0.015213881882101103,0.007201580424525062,0.0020889338142648303,0.14933680516669473,2.405440127462354,-2.1577759634089895,-1.4885025576957274
0.008122564875557113,0.014940270114936541,0.007253843288498192,0.002754484541426631,0.14543754822442237,2.9356367205018055,-1.924634904503661,-1.9031695820730037
0.008149455640474182,0.014974899000514007,0.007232851586068933,0.0026879472045250137,0.14387623430500826,2.87421880779173,-1.9419717135109793,-1.860645004060035
0.008210867490266196,0.015012464240972035,0.007243654186134628,0.002582715440562679,0.1474137675587364,2.8005044450851444,-1.9920369137252176,-1.7990745458654318
0.008162920510852073,0.015020446289175739,0.007180603450069741,0.0026243774583646494,0.1392353941969253,2.798152584993239,-1.9404019476319108,-1.8150656596468355
0.00827338752453088,0.015032053904028692,0.007279669353259954,0.002495028469194249,0.1528552729947531,2.7531664152683297,-2.047606860886279,-1.7507034810861841
0.008304412107376001,0.015041333677484392,0.0072973205855773994,0.0024515445126539544,0.1559684781354722,2.729390523108054,-2.0746768099411965,-1.726378195212542
0.00833334541445005,0.015067935987794304,0.007285648499007071,0.0023928940074233293,0.15514936644857566,2.6783284758293484,-2.091555448189796,-1.6884582356758833
0.008241050639996778,0.0150474907125069,0.00722298979726916,0.002513855753434869,0.1462068085384931,2.7375163690625546,-2.0089804283114208,-1.7545276129175618
0.008360153265349984,0.015123064392374458,0.007227577837853465,0.0023096200621633817,0.14981708337500924,2.5857423239138453,-2.091481948128242,-1.6300161344490272
0.008365582794695172,0.015174271673186144,0.007155245831898381,0.002255422910904367,0.14274394083665737,2.508746509973074,-2.0722509507121685,-1.587612074321303
0.009583971656255715,0.015404205762120855,0.00751279116343857,5.754303452149374E-4,0.1844552240039006,1.361818296952956,-2.7371865040257766,-0.4570827649694325
0.009533434105102767,0.015407736037767059,0.007493102649528119,6.433443934400702E-4,0.18277786847197156,1.4075954090317369,-2.7131543887504144,-0.5072573610744219
0.009478107689835591,0.01540564847275388,0.007480220951052714,7.188633327648808E-4,0.18163805746483577,1.4619797483826142,-2.691273645938923,-0.5626984818688335
0.009327285378293353,0.015334762871423664,0.0075488400480465,9.48965603040456E-4,0.1903543329292245,1.671724475339019,-2.6841683774786533,-0.7318261244722533
0.009379855457575427,0.015341911122298477,0.007557180532569734,8.744885372616765E-4,0.1907056285131468,1.6160479883393672,-2.705292675012256,-0.6778244167392372
0.009289422324386688,0.01535198295084376,0.007502966651893179,9.928395252596818E-4,0.18533837768537545,1.6872713973596845,-2.6471670450418814,-0.7624750920035187
0.009424462647982933,0.015393518466273917,0.007483504510532,7.951958246649886E-4,0.18275936860016645,1.5234014823222766,-2.6782151310060867,-0.618571463211195
0.009242375764636488,0.01536822307179097,0.00745429817413911,0.0010482884071348652,0.18035484055958248,1.7107258113273254,-2.6058339480860444,-0.8009185628141299
0.008841222872965137,0.015285188743314226,0.007365538473839664,0.0016106304268290984,0.17078397947146604,2.1132487107211624,-2.405551725577308,-1.1885463291431373
0.008812178059943302,0.015244677098707514,0.0074120320798606145,0.001674987515934836,0.1756912952016945,2.184890872036543,-2.4128268599807345,-1.2352758276862128
0.008764118628047863,0.015254302933994419,0.007361588901726429,0.001727450720236853,0.16987083463341793,2.2025688414685622,-2.3677915143363637,-1.2668850094830757
0.008692150320633685,0.015223293808185972,0.007357761360530429,0.0018383999404368025,0.16877752769932905,2.2869380975265625,-2.3303226784109943,-1.3403579109753683
0.008722994250736162,0.015257696186518184,0.007325660954163089,0.0017749481343692839,0.16538889453093034,2.222879178658642,-2.332538210990797,-1.2956977174881132
0.008647505354318972,0.015240187837183082,0.007295738117753736,0.0018786115933030199,0.16174600634601435,2.289233288256909,-2.282234971556122,-1.3617365665567884
0.009166221239558953,0.015334607978244642,0.007475455376734277,0.001164857896107246,0.18283369155438486,1.8116714925750192,-2.5904715580634092,-0.8847323750150199
0.009125104259713798,0.015328668407944751,0.007464479058935021,0.001221929871285577,0.18165514113576126,1.8519341593998149,-2.5698025538211042,-0.9246912881569809
0.009086046413926607,0.015344991932586658,0.007415993378925657,0.0012640101500381049,0.17645085418815834,1.8641787636262552,-2.530672100162295,-0.9524477242122854
0.009045450974279038,0.01534976130894374,0.007385593735740592,0.0013134583614178863,0.17310080168427391,1.8898091704159143,-2.5002969437548153,-0.9853807220373438
0.00919076082051041,0.015381505590435954,0.007407716117391438,0.001109733390866855,0.1755707538721055,1.7394944775691055,-2.5641896010248435,-0.8430562381526095
0.009004888770039547,0.015325959566504949,0.007402075429331522,0.0013788710277236004,0.17516075773185694,1.948277088478243,-2.4923919368868392,-1.0317935505984048
0.009018425445064862,0.015373650853006056,0.007330645826666137,0.0013341447167171624,0.16776671458051706,1.8824653055853215,-2.463385046411661,-0.9968647107866235
0.008946467766600352,0.01532720034214891,0.007364765967496931,0.0014520328915266316,0.17092983231460432,1.9891241477000918,-2.4507866451961493,-1.0802525490493087
0.008884980990317138,0.015322689227721708,0.007333202067630432,0.0015315005828607845,0.1673534273293306,2.0371457535629403,-2.410331643570935,-1.132649282390213
0.004504648423713349,0.010342115657374952,4.7481054360291197E-4,0.0077451372160386575,0.02281711033253499,0.2608051197153831,2.215973211308175,0.2817858962191619
0.004474570780984584,0.010401302444496469,5.496446566616088E-4,0.007702340919486911,0.007198425570361094,0.3112409516594105,2.1889478382228593,0.21791193732070654
-0.004798770240060443,0.011008727820946917,-0.0015075872786137316,0.007817571959628388,-0.12364710642958074,0.9696994746357132,-2.3156480368308556,-0.34050041964447014
-0.004773781851912528,0.011039354138772543,-0.0015354927533924752,0.007773619513881963,-0.1294376780329739,0.9900584949889396,-2.285407518778372,-0.37240495852669586
-0.004773110093598081,0.011072609408494092,-0.0015799836033572134,0.007753849458071668,-0.13653128040405227,1.0209544183738328,-2.2729539143283746,-0.4051100506945418
-0.004694721777055609,0.010855751008070662,-0.001244396746479104,0.0077832668309692305,-0.08723077194878293,0.7915180634607925,-2.280793238143145,-0.19711165266290795
-0.004770805680032091,0.010974412238997977,-0.0014451930799390768,0.00780599025404555,-0.1150311073116793,0.9278342424999027,-2.305012386438268,-0.30839548166991854
-0.004744962276119624,0.010932091479455366,-0.0013735766361319904,0.007800145785796507,-0.10498411355420421,0.8793293655556387,-2.2980913928415636,-0.26837031799387795
-0.004698435466995447,0.010901325886237923,-0.0013084326476117735,0.0077656933732657306,-0.09734073007694245,0.8356690906631198,-2.2708946119382216,-0.24179377685114292
-0.004771026966490943,0.01111338247002247,-0.001633206371854768,0.007727530892793475,-0.14482115313349,1.0581079749912696,-2.2560592095287517,-0.44497439620232787
-0.004767281624363652,0.011156137186297856,-0.001687291370488928,0.0076974488216522705,-0.15309228938795935,1.0960198839139828,-2.236368905249707,-0.4863565872913896
-0.00483798943925636,0.011222785225979214,-0.0018204171161368204,0.0077290918141359076,-0.17034960728079448,1.1847999237050646,-2.263946212842537,-0.5495376865319196
-0.004869400229871946,0.011248632982768727,-0.00187578358985413,0.007745043333347024,-0.17748535412905245,1.221380646342887,-2.277340310278428,-0.5743515469030428
-0.004801632212145224,0.011223504653346348,-0.0017972288678179775,0.007690278165408919,-0.16808690909918614,1.1709009393975636,-2.2351016286576435,-0.5505201287211607
-0.004765873246533117,0.011199678355560832,-0.0017430494458921112,0.007668453862979271,-0.16135330164757825,1.1351102704599796,-2.2173782643844526,-0.5280279274458874
-0.005018988747500387,0.011666110750491282,-0.00252220639242568,0.007567726064268338,-0.25728666690588375,1.6663132332237438,-2.168154538787079,-0.9770424892162527
-0.005008303972803883,0.011700548674736385,-0.0025528741847691268,0.007525074255513602,-0.2597528192774181,1.6891135758748896,-2.1370533607264175,-1.0067485291711942
-0.004992088559231497,0.0116376188890548,-0.0024639206273499854,0.007565923462317991,-0.25069713749751316,1.627062950493359,-2.165123646861527,-0.9480466717842476
-0.004966868525735201,0.011605680761652845,-0.002403407432735684,0.0075683597998867915,-0.24390196663535038,1.5861149619545012,-2.16517525191555,-0.9162881588003328
-0.004942659463713045,0.011570605838301135,-0.002340309642077471,0.007573870279815359,-0.2366924029728288,1.543303863097815,-2.1674079784282476,-0.8819499168725883
-0.004921254642907304,0.011541543406871028,-0.002287100322565999,0.007576477227857331,-0.23049584525101907,1.5073544707465922,-2.1677198668828677,-0.8535085106551279
-0.00492137219509663,0.011507627676309286,-0.002245809696510392,0.007604655465896275,-0.22563139871925256,1.4780670030227034,-2.1872527359268443,-0.8223343776890601
-0.004899849615421457,0.01138859079953408,-0.002079713967449178,0.0076762333040315016,-0.20518412154595075,1.3623554550654602,-2.234464048507578,-0.7094739348348158
-0.004911953254109881,0.01141393726306406,-0.002121260005328711,0.007669513152281498,-0.210318932150049,1.3906918003152349,-2.2309090293691187,-0.7339840694673601
-0.004914811996018145,0.011475208032974747,-0.002200454328597921,0.007624178563107973,-0.22022715504500565,1.4464616589613233,-2.200224761994985,-0.7917780557272015
-0.004908311579905795,0.011442328754371197,-0.0021542398548486624,0.00764355287628063,-0.21467253171495174,1.4143311695610554,-2.2129727117445235,-0.7606536438340883
-0.004868897174635211,0.011293129666208816,-0.0019338664649558028,0.0077135436347935005,-0.18585426118445,1.2621248111537196,-2.256630619341291,-0.617479870174512
-0.004860475362881296,0.01133718589572322,-0.001984763788110669,0.007673101139219317,-0.19296721646199844,1.2984458119570588,-2.2290233308904948,-0.6594817422185836
-0.004861647041908277,0.01137733259568003,-0.002036681284982796,0.0076447716372990415,-0.19980215956074165,1.3349428777120942,-2.21009111847678,-0.6975029367571829
0.005274537771859558,0.012310595708754413,0.003468814855952268,0.007116275919534212,-0.3197134067339376,2.320893044820464,1.836408836874648,-1.564304792239738
0.0053830408894978456,0.012493753441145132,0.003757089175258553,0.00697398338322739,-0.32498003667889847,2.516681950362797,1.7213017746123183,-1.727719381056764
0.005349733187271255,0.01245786001280622,0.0036856114236154145,0.006993523022432563,-0.32341749257020985,2.4675497458126645,1.7380574523642598,-1.6909876235768129
0.0053456768481701935,0.012411761096502664,0.0036437657052734895,0.007050069605014382,-0.3249683696156859,2.4409633938362147,1.7831832249317567,-1.6603267494255043
0.005290930524501422,0.012343306437164733,0.0035172524476656127,0.007089902838386953,-0.32100424717569775,2.3538551939508605,1.81558288023308,-1.5928325720997147
0.005312773501081787,0.012365919974597718,0.0035638321900886803,0.0070804276922987715,-0.32281522218368586,2.386082023744751,1.8078334872545454,-1.616634751238704
0.005317943637953663,0.01239310715351196,0.0035928689396884177,0.007050258719674908,-0.3227990953064995,2.4052559298178857,1.7839257597166802,-1.6365609078241428
0.0047309671497261716,0.011163574988128104,0.001674423461847494,0.007655013486850343,-0.15271409981764186,1.0889075429241404,2.2052673786146535,-0.49396383951719036
0.004723613235836132,0.011048374844617305,0.0015193551207965219,0.007715399497666846,-0.12949116351392867,0.9809027617816545,2.2430988716166422,-0.383662307679228
0.004716660214314041,0.011013000721798947,0.0014684117550287385,0.007727618763619677,-0.1221661519010718,0.9458619227926006,2.2499289906020703,-0.3497653429931419
0.004685436749290295,0.010989177407969772,0.001420013446996215,0.007707568533358554,-0.11616203094479376,0.9133386812320076,2.233676080322768,-0.3284109129734713
0.0047017250849563695,0.011134006302225826,0.001618503094440904,0.007642870809392939,-0.14573395623763338,1.0512269603144366,2.194481891478411,-0.46632447018058887
0.004704659837232176,0.011106672250552046,0.0015849597104173891,0.007662129364230609,-0.14016933226582473,1.0276020599633817,2.207173391271195,-0.4403488538360813
0.004698703526963119,0.011077658252781586,0.0015437353104846595,0.00767277874958327,-0.13480147852979818,0.9991263611386213,2.2133121860266187,-0.41290466622146227
0.004660665461754926,0.01094774279115964,0.0013522410582227481,0.007703006798580338,-0.10703772052454492,0.8669866900128635,2.2277132110996543,-0.28984571695799494
0.004631470571643182,0.010902642837241494,0.001278071106554336,0.007694658005837878,-0.09722566269417089,0.8161244831665924,2.218702635008843,-0.24825430077675623
0.004610329673525159,0.010752389817407403,0.0010671265110634971,0.007738247100757622,-0.06455755127506545,0.6702723735509811,2.240936604838279,-0.10414905786742311
0.004606734693301904,0.010851497863364484,0.0011987009397221044,0.007692578365084795,-0.08631124033990617,0.7614183208519488,2.2138922661581693,-0.20078499876862696
0.00458784207238271,0.010803595680580284,0.0011267265892373115,0.007693766865984683,-0.0764099332341364,0.7117178760158209,2.2115860277518125,-0.15619112599128587
0.004569348429916615,0.010707638607128749,9.909051673197816E-4,0.007712548261019276,-0.05571832834377798,0.6175962157661558,2.2189998942612057,-0.06516483370037247
0.004445575294060647,0.010455083451758437,6.153406586400913E-4,0.007660598937255969,-0.006874956803671327,0.355870979849525,2.161996595901347,0.16066641748032592
0.004545613201453571,0.010656980870401017,9.142592677277667E-4,0.007705926464980942,-0.04514352135115545,0.5644717703358552,2.210515825429068,-0.01889764676317846
0.004534062459597289,0.010609044653309876,8.458816851372264E-4,0.007709731150682989,-0.035217844124752165,0.517166671810176,2.209908828360435,0.026051921530235993
0.004494253039818871,0.010575573222017236,7.887568662104781E-4,0.00767875166374775,-0.029751483097823255,0.4770526874448791,2.184580216780582,0.05271136584574882
0.004456814004981982,0.010519147893419786,7.031578389743385E-4,0.007656155973837841,-0.019669564715131174,0.41692494385611306,2.163602439450113,0.10123131116029449
0.004892126746025372,0.011442218921853462,0.0021414239861045907,0.007626811440708355,-0.2129198079086778,1.4065538375263642,2.200310015813305,-0.7597118423952232
0.004713375096398583,0.011205373473753376,0.001716772382364152,0.007610698696909528,-0.15943500117970952,1.1195039938784659,2.1746264286677714,-0.5333365843901844
0.004825178002551138,0.011303740392695993,0.0019167386520041708,0.007660139563591891,-0.1843256203545713,1.2531807579911918,2.2173324918891217,-0.6271140157551932
0.004749082355736214,0.011241546835042164,0.0017857123828924403,0.007623827794388559,-0.16801457943647383,1.165942099442436,2.186535517283041,-0.567459741179282
0.004786758961411476,0.011274136040672733,0.0018523728309607073,0.007640788859485632,-0.1762762270605636,1.2104980468298316,2.2011433733451593,-0.5985408183417201
0.004866033678478485,0.011412820438839047,0.0020845682060944494,0.007622541713120421,-0.2058943353938207,1.3683359317606636,2.195396757013478,-0.7308935557396712
0.004856243669746881,0.011373979422205088,0.0020284190767647908,0.007641646039110839,-0.1988305756080397,1.3295924975868054,2.2075492032917325,-0.6942147803279304
0.004816636968458035,0.011351919816789591,0.001971619525642503,0.007616898561417672,-0.1918780601297785,1.2923510895400687,2.1876678403991434,-0.6721092906582392
0.004880193178067506,0.011524982097404775,0.002233191158067314,0.007548371749691571,-0.2239598941388314,1.472316027611509,2.145419575877197,-0.8348686555507928
0.0048784253196611175,0.01148103275492958,0.002178505422116627,0.007582039341594096,-0.2174641850850654,1.4338967028130065,2.168569544424671,-0.7948169270134248
0.004878205908639057,0.01161267069209424,0.002334967725240352,0.007473056289667962,-0.23480401533252365,1.5445664186329322,2.092433774096142,-0.9127707818560742
0.004851280089726089,0.011565944416345425,0.002257969571394581,0.007485700107249602,-0.22641032842830897,1.4921194829617954,2.0997938155331233,-0.8687691160994399
0.004848972579417663,0.011653804631345894,0.0023567388439884387,0.007409106604299567,-0.23662711433908604,1.5619504584631134,2.045625936682273,-0.9443585499324655
0.0050638562181051444,0.011932000882381699,0.0028641416587801695,0.007352453698754939,-0.28574792841731345,1.9062153095568275,2.013638583665529,-1.2148070615702158
0.005032507624497278,0.011911546755436667,0.002810438122983937,0.007343425050028098,-0.28056151619534814,1.870020745333269,2.0058768868625028,-1.1911853049257457
0.004999933483237859,0.011885756316242314,0.002750435978989076,0.007338340273651523,-0.2748263511587661,1.8295815342723027,2.0009513603916704,-1.1632640651170403
0.004967748684601275,0.011856686528948729,0.002687915741949098,0.007336423164665624,-0.2688592604079792,1.7874455142371313,1.9983796072325248,-1.1330355258651992
0.004936452823013001,0.0118254166324516,0.0026244317395991926,0.007336915886546641,-0.26262318011269464,1.744645040505036,1.9975617660174463,-1.1014439246366858
0.004922712978610968,0.011746270221283758,0.0025256159395409487,0.007397998707832472,-0.2538743050414012,1.6761543197876494,2.041166337525438,-1.033653688065635
0.004895579658971959,0.011709666905797205,0.0024603070551800087,0.00740503911536975,-0.2476088174384601,1.6318933258472132,2.0449942352276023,-0.998494387247263
0.004914535613954839,0.011789403776697972,0.0025650746601138925,0.0073501205340041394,-0.25738321180502155,1.7043295033124308,2.006266702701506,-1.0679441342088403
0.00485022813029668,0.011700123988623298,0.002409391368283935,0.007369862321912551,-0.24151382257117346,1.598873777539211,2.017635821007907,-0.9834792193377125
0.0052289015475848735,0.012312587164113268,0.003414436135111886,0.007073847244510488,-0.3143695124653036,2.2821985764722803,1.8035830066944052,-1.548394217710211
0.005223161009332802,0.012267765530855217,0.0033685908204184674,0.007123119736392067,-0.31420570372547973,2.2517828036673175,1.8419177822683352,-1.515844695144242
0.005128060557485306,0.012062703843112784,0.0030663963294742425,0.007273392318953105,-0.3000345763475834,2.045139889989439,1.9562229627498235,-1.3347946350722089
0.005093138164268406,0.012033540898018965,0.002999199411663257,0.00727262021896406,-0.29444142169780224,1.9994053649578543,1.9548099931492844,-1.3027270065931644
0.00510186543554551,0.012102039356667397,0.003075715133799603,0.007205669960962925,-0.2977045194925152,2.0519961674182876,1.904388928740903,-1.3572065025315914
0.005183064724757541,0.012249418737012088,0.003304528663234545,0.0071096287893744675,-0.30952297904429066,2.207352031793588,1.831599635472865,-1.4888161625637526
0.00514738785285602,0.01222673492973609,0.0032425942567183576,0.007104868701969978,-0.3050859118008053,2.1650492736737768,1.8278326472623527,-1.4609304966935726
0.005116454681071805,0.012208056407574348,0.0031902808551495868,0.007099314210528342,-0.3011345057311015,2.129451817485467,1.8235274122469214,-1.4376674718679148
0.005105642352358983,0.01217113439478185,0.00314460012205639,0.007131763704573068,-0.29950033078626376,2.098792204949079,1.8482099389909907,-1.4084808926295247
0.005076575118954117,0.012139952006156012,0.0030833764270100077,0.0071408918077603524,-0.29550722792313194,2.057366986873168,1.8549747254886062,-1.3772772641208888
0.0050691745965260404,0.012003855497137025,0.0029437100710154106,0.007282056131824127,-0.2901592699873619,1.9615254982648904,1.961279763429595,-1.2733387793946989
0.005059966669219837,0.011966862374014786,0.002896314741288916,0.007312422980530974,-0.2872977010089622,1.928950229267388,1.9836905036908303,-1.2419835619256288
0.005963143326599109,0.013341869815986918,0.005016925825768037,0.006068875008482796,-0.25187438056078587,3.275379556636054,0.9082790841281633,-2.352106506887473
0.005847487344185341,0.013266250431029346,0.00481882817479519,0.006139455431521507,-0.26558951479064485,3.148487175873522,0.991545553704157,-2.268841839820223
0.005897644636492814,0.01328585626986126,0.004902576866004301,0.006131233455921485,-0.2618073948120689,3.2077397049322904,0.9735061128831707,-2.305038503087291
0.005865538923510896,0.01328759302723635,0.004851424002343082,0.00611383523139076,-0.2621649268151836,3.1656448353124174,0.9674837663340246,-2.282158201648127
0.005914435966403165,0.013315468969416738,0.0049342676865990675,0.0060909357304009945,-0.25734923128999837,3.220325314859459,0.9378323849275797,-2.3172732351636784
0.005931922961370563,0.013347047072441035,0.0049667052392561245,0.00604735721876646,-0.2524362453699673,3.232150986499779,0.8995803382101774,-2.3291928686768415
0.006010397435620611,0.013358845232434734,0.005096615726058151,0.006060419921712114,-0.2470103209140868,3.3327177519113254,0.8886595009421984,-2.3864317749900823
0.006027975972614122,0.013383731268912276,0.0051278218018627015,0.006026035686866047,-0.24269953894677052,3.3458822741043206,0.8568001892366358,-2.397800714948348
0.006075095461360071,0.013422849349317548,0.0052085647650199395,0.005978306891288392,-0.2343044983799993,3.3918271468442094,0.8057840031323203,-2.429198165668551
0.0060480148552227424,0.013405974573439786,0.005162535103356299,0.0059966120315581295,-0.23851120915647553,3.36298490795513,0.8280928338035219,-2.410767177206481
0.005978241520288303,0.013368095511803702,0.005044374718988362,0.006032113436490834,-0.24769266553014888,3.2851377772952994,0.8755516179593023,-2.361886102285959
0.006077919596934482,0.013459349159042334,0.005213893972009393,0.005918113284548765,-0.229420572596602,3.3765131078455153,0.758560233482565,-2.4262898138642046
0.006114465391506099,0.013528800627399412,0.005273335755601126,0.005813791153202387,-0.2176173933159919,3.386161521568078,0.6680486886713249,-2.4409644116662217
0.006084970172466599,0.013499196773842044,0.005225292042983105,0.0058540507368258134,-0.22393159566711998,3.3640962164152666,0.7077785810963652,-2.4249712399143193
0.0060991419638261315,0.01356431073540703,0.005245899178144582,0.005750557572151473,-0.21418247758349068,3.344372704906578,0.6260860730755321,-2.4221184785321936
0.005789846401689688,0.013182711903592291,0.004709137078262944,0.0062429592779713,-0.27688225663312593,3.093650334137519,1.0852850071822013,-2.2225729637840117
0.005816387237203838,0.01327105483423691,0.004770711517813432,0.006117378085284991,-0.26499978597056995,3.1081565810442835,0.9811520844481277,-2.2473610800878823
0.0057952749639502,0.013251110009661844,0.004733639102916022,0.006138665029879,-0.26817796092591006,3.0867816041563736,1.002210002070825,-2.2319279016368605
0.005772985511011859,0.013225044654903166,0.00469319428009364,0.006168454945694708,-0.2713441032636799,3.06481240158529,1.0300508477853072,-2.214933723362193
0.005757126427293143,0.013153408676352058,0.004650118281972628,0.00627161586212784,-0.28069448848660944,3.057217880120252,1.114301982518718,-2.1965926015959405
0.005737541411682251,0.013126957004839988,0.004612010371257464,0.006302055103533757,-0.28379238104896154,3.0363334475930404,1.1419728966081408,-2.17960529659876
0.005708466391546397,0.01310701225122478,0.004561045050286567,0.006316760917290387,-0.28599380942531255,3.0026162263288545,1.1589269380486893,-2.1569700493128896
0.005671456223984972,0.01308519568763755,0.004497504789456711,0.0063293151174571155,-0.28779992107943025,2.9595869034325406,1.1752057090304,-2.1287643833157315
0.00564628846869154,0.01305469029536294,0.004448846683993878,0.006360918908339559,-0.2909209699697057,2.9310922459501483,1.2041279632842847,-2.1065070437752342
0.005654973138203827,0.012931793630916073,0.004412003979686301,0.006551564638043842,-0.3058682931672943,2.9386428512998504,1.3561083770012259,-2.0803779839095733
0.005639804927541614,0.012906349860404424,0.004377415618947765,0.006579996165787344,-0.30804386643531795,2.918100401121402,1.3811854674789532,-2.0626868691860705
0.005614772756007976,0.012889049825246406,0.004331673713281122,0.006589243646200269,-0.3087287485258032,2.886199644626147,1.3919179770628107,-2.041255896561919
0.005594004576129048,0.012864798225587929,0.004288875408104192,0.006611271481136047,-0.3106090042234267,2.8586572607059466,1.4122374592544777,-2.020117612855382
0.005559486362774446,0.012854263142602722,0.004232849484900421,0.006603295496126162,-0.3095697919324493,2.817081564701561,1.4095457899607735,-1.9955552950901034
0.005642405453598644,0.012975491923600577,0.0044120543753421995,0.00647760483566713,-0.2999781259800794,2.925873321649607,1.2979072007061705,-2.084973549703188
0.005622125103671611,0.013019880072799576,0.004399622019323341,0.006398801342956521,-0.2942442263024922,2.9030353813483534,1.2378707802462552,-2.0833513955918295
0.005363524274798397,0.01253920757567286,0.003764711816426235,0.006897632108506774,-0.32034293276367976,2.5168010590723227,1.6610951661514448,-1.7447279761805914
0.005353222335525734,0.012579608313269026,0.0037795179406063567,0.006835835728358102,-0.31699199338195966,2.522592066913589,1.6125726028491203,-1.7615988836599825
0.005530295185840858,0.012821217017015727,0.004173295762139849,0.006631241293369805,-0.3114098721992072,2.7783778578177407,1.4351596615361868,-1.9660763124311278
0.005522404451669081,0.012785880717719767,0.004142692428416261,0.006676584760686899,-0.31414556303182817,2.7624982550080093,1.4725556986635453,-1.9475886236441717
0.005502843477016133,0.012761176855885653,0.0041007024862303185,0.006697977212775231,-0.3154694249810393,2.735171508023146,1.4916631100031692,-1.9262245774097335
0.005476188322466148,0.012734107396260958,0.004047167486380557,0.0067170285039923555,-0.31562748809188085,2.699249941662139,1.5093200344651914,-1.8996751339559232
0.005451964710103223,0.012708389158409411,0.003997748350297552,0.006735335505748547,-0.31637165154487984,2.6663800013627363,1.525995725463075,-1.8750508960420873
0.005411236834785581,0.012695116030446043,0.003933339236597714,0.006723736255997216,-0.31377868333335573,2.61969440501905,1.5196604373489448,-1.8473369798064248
0.005376691471759173,0.012647190544191694,0.0038561181038859406,0.006763283888656233,-0.3146171231909641,2.5697848145347613,1.5534804781549274,-1.8072220883586352
0.005344243802443573,0.012619893883602568,0.003794809466801306,0.006775427214164547,-0.3136264181028036,2.528225050801772,1.5651288134874308,-1.7776999967757738
0.005323487000305655,0.012595525226111053,0.0037510798737259154,0.006791888883878038,-0.3132363586227526,2.4992934509849465,1.5792292419193743,-1.755400417200836
0.00803767783758907,0.014914292740021401,0.007193944327069359,0.0028704206294726704,0.1357724162714383,2.9889751481937377,-1.8410882188543085,-1.9614516425743693
0.00807199829288232,0.014954623400089096,0.007175596780020158,0.0027896563253107798,0.13525942782538078,2.9187499557970686,-1.8670861644281889,-1.91167653170773
0.007998454187736896,0.014933964370058686,0.007120176375371237,0.0028858175795941506,0.12668887611733823,2.9594244170119146,-1.7949840574611364,-1.9581641692475173
0.0063764416258229,0.013804480166010127,0.005664824441233903,0.005400480006758608,-0.15709391278389148,3.5166283811090193,0.27217440351308514,-2.5368549197934396
0.006346865221345999,0.01378279789105954,0.005621343283994454,0.0054341530915592165,-0.16341122891731186,3.4991360571370924,0.3077656431873438,-2.5262167149469263
0.006282088855209216,0.01372811559379927,0.005526418381925825,0.005517599611976855,-0.17700340617256152,3.4634300515044245,0.39230388627194035,-2.5033032497080683
0.006304152655856186,0.013773065889273912,0.0055524046631532315,0.005445493570106299,-0.16953105081196485,3.4534883951367066,0.3335091168714128,-2.500898103451807
0.006375310997561675,0.013843992963896285,0.005650442178629586,0.00533410445006113,-0.15332783417451787,3.4779335813262082,0.2284164147427892,-2.5177165709720573
0.0064709758958034595,0.013927659103341483,0.005779366540908527,0.005197800417092305,-0.1322138773543237,3.5106971352258616,0.09623007387213521,-2.5373632664388084
0.006446895988160072,0.013907709480788448,0.005747139075389178,0.005230871189410907,-0.13765935966990542,3.5024297784398106,0.12850856639508565,-2.532662858188158
0.006416447098156583,0.013896073914216303,0.005700861853570821,0.005249492733314013,-0.14281371757711236,3.4775941607070915,0.15476216956524488,-2.519154107174575
0.006378649575094317,0.013883877697076314,0.005642655812763389,0.0052681617405479836,-0.14912350539180205,3.44446419651981,0.18412204074066707,-2.500948169945873
0.0065129246417267245,0.01398004618013523,0.005826671597846428,0.00510985135332755,-0.12180897628610159,3.5039645667042443,0.021116917244165003,-2.533940306299716
0.0064726943551953915,0.013962060986802296,0.005767970930611831,0.005140708216417326,-0.1292227942378101,3.476605492078384,0.05984377379407918,-2.519468427260596
0.00618162168550221,0.013651881345725411,0.005373001985169955,0.005626232940827035,-0.1963820883169306,3.393046497321922,0.5073705917762944,-2.4582541699017377
0.0061875237048763685,0.01368141786118654,0.005378238195526054,0.005578651275062645,-0.1923339377453609,3.3793105467196654,0.471396622186777,-2.4533059084707016
0.006211685614147134,0.013697400433619568,0.005415402727000723,0.0055569070403448904,-0.18820242051535055,3.3979852683882648,0.4471554399709092,-2.4650163384684887
0.006245548924068731,0.01371429863990344,0.005468354487031902,0.0055348314504294555,-0.18256649640374534,3.4279075893811,0.41877460309652265,-2.482840396302453
0.007490014765515711,0.01459577215848528,0.006886641522765537,0.0037604850074512597,0.07009218952122909,3.4403720959986157,-1.2380889844930423,-2.3700565455317855
0.007460015130540317,0.014587189352297105,0.006852671591847638,0.0037937828479157414,0.06463778322751992,3.4410988510410774,-1.203495993078086,-2.3773155778346537
0.0074005293693045725,0.014557350573358762,0.0067984698720597375,0.003877301466377325,0.054413188505905145,3.462209675461517,-1.1308903128008077,-2.402621075431465
0.007422240155497268,0.014569684853291385,0.006816906725848259,0.0038448765915522196,0.05827896449599712,3.452498602316137,-1.1578199556616136,-2.392327654602102
0.007433986281957881,0.014595085030851822,0.006805659151929687,0.003799789835559083,0.05884935454766029,3.4151537866379864,-1.1779954437356723,-2.3683348732740406
0.007377111299305426,0.014574449892832334,0.00674508418524618,0.0038669261924359926,0.04888570296948944,3.421071158593192,-1.1121170150561799,-2.3839767875761875
0.007347298981566002,0.014565963667320448,0.006710236164218728,0.0038979975549210994,0.04310680185192264,3.4191338923297985,-1.0785748663367218,-2.3890350100788535
0.007317800571522928,0.014546477255688825,0.006687086025330924,0.003944711131409744,0.03832803592962509,3.4345815914669244,-1.041450323479103,-2.403841786311329
0.00728933944548146,0.014525601840178764,0.006666230393044824,0.003992585030377184,0.03362951257741225,3.45198012104137,-1.0044786134514625,-2.419410341163608
0.0074966332321238635,0.014642909707244802,0.006841453515723152,0.0036878382152422478,0.06815058978675116,3.3622849417926983,-1.256702247214264,-2.3238421034101986
0.0075076458946042104,0.014680084166326336,0.006813839267516905,0.0036275148464111418,0.06698735129289037,3.3043987220554785,-1.2761267236466387,-2.2880806836817293
0.007930024781420297,0.01489712159551509,0.007090110893817533,0.0029945690768414146,0.12043284563378463,3.0219465673415145,-1.729887793635226,-2.0142376982518155
0.007963290324003627,0.014922418907115934,0.007094917186535821,0.0029330575197465962,0.12221377830573353,2.979928297598288,-1.7604389940388538,-1.9806490128136556
0.007890060439280467,0.014903332500347434,0.007033345423453369,0.0030238970359987853,0.11300521321936896,3.0114151295724985,-1.6867300321728873,-2.0205886435652833
0.0078516870676162,0.014899181360426348,0.0069922316083801785,0.0030634612115584873,0.10701455243405679,3.0166484094586625,-1.6470702652296267,-2.034764550583916
0.00781999918746185,0.014890630305065256,0.006964628143202416,0.0031018289078411625,0.10256597634883205,3.02838762557374,-1.6149942490667246,-2.0503491362828883
0.007793991523524333,0.014861507407568362,0.006970411587284857,0.0031605914326028922,0.10177708212857374,3.07343827927238,-1.5899785184986208,-2.0831709165914547
0.007750576202933228,0.014848207133660305,0.006932811619770929,0.003214287065820507,0.09563242164887349,3.0898061870303173,-1.5450436887986658,-2.1044095284926176
0.007668130639369344,0.014809982921525876,0.006874859135772261,0.0033308307996396404,0.08521764903701327,3.1376577138897184,-1.458949991233583,-2.1533489167858337
0.007711811992319202,0.014832047348569572,0.00690384199789341,0.0032670388907804454,0.09075556602027186,3.1100768665938614,-1.504758461859466,-2.126306227369678
0.007792691785354687,0.014905279740816485,0.006911935729183754,0.003107335261858743,0.09698373753958406,3.0027183030267346,-1.5857413507151457,-2.0432354024789174
0.0076316736694247034,0.01477544077994662,0.00686941031878465,0.0034049920326936693,0.08218718580285811,3.1858164299165286,-1.4190083260028978,-2.1901669201081297
0.00759304792357283,0.014759873245542171,0.006836646897537103,0.003455426191535067,0.07625465501080651,3.2010537041900293,-1.3772975118643005,-2.208419331535041
0.007559207638314958,0.014740175798236688,0.006814459765188031,0.003507261844666233,0.07180041277131691,3.2232183036579523,-1.3396900703431691,-2.22935486708987
0.007500299993622297,0.014717897398075011,0.006759874359505398,0.003580181176761656,0.06262124053266037,3.239647637353795,-1.2754417150611064,-2.252534926937883
0.007526861441731192,0.014742501650762931,0.006767739265180296,0.00352765268598823,0.06540425414272312,3.2091496105000497,-1.3065831177556542,-2.228819457025972
0.007084025628173916,0.01437795586560938,0.006491677260683154,0.004324445325830179,-0.003575794312880956,3.5433796705270733,-0.7309363933132945,-2.5072146469581438
0.007149404869869089,0.014401587915459396,0.006573123208943021,0.0042572637041332585,0.009382579063337003,3.5572840262779866,-0.8062824338034104,-2.5049134248607285
0.007116230382270351,0.014389447683635237,0.0065321170439728545,0.004291914738695196,0.0028195460498110607,3.550889075352521,-0.7677871283453114,-2.5065666004150184
0.007260032500064624,0.014503970443235143,0.0066441193549208995,0.004041811254627965,0.028605905063551772,3.469118650179856,-0.9660038504204463,-2.4348351906269943
0.007231646415803646,0.014480552145735903,0.006624406539321227,0.004092978436356959,0.023769003746829585,3.488697515026274,-0.9272470964023681,-2.4513181560945285
0.007203291522154213,0.014456538508530284,0.006604499853718643,0.004144812943611429,0.018739159122807384,3.508216982160419,-0.8877640612664855,-2.467594382818078
0.007179398384873146,0.014430973621736504,0.006592193890615289,0.004196577971595102,0.014698952062078547,3.5323625358530095,-0.8513691790037271,-2.4855935224851335
0.007147778575256393,0.014438809112385584,0.0065356890889500365,0.004199966828367297,0.008332335010258929,3.4970692996264594,-0.8251772367226063,-2.4705547054035955
0.0070291566137654395,0.014322406334193233,0.006452633977456503,0.004435782429418913,-0.014276988127691998,3.5834532531531567,-0.6454335738854565,-2.538060417367715
0.0070452350874488385,0.01436108973549586,0.006445122737968711,0.0043675877904849674,-0.01127697090161293,3.5378808819720042,-0.685085532756392,-2.5097823611003665
0.006926170497979905,0.014290160353001027,0.006313451790360182,0.004524982130592445,-0.034804706169089206,3.5399504950447858,-0.5339479951756869,-2.526404424939415
0.0069799882098521525,0.014334917603476882,0.0063636625672917075,0.004434621578936425,-0.02397572039205501,3.522184171895543,-0.6105838340363253,-2.50964704132245
0.0069425808505799574,0.014318791346785686,0.006317195828508621,0.00447366429546131,-0.03135558312101308,3.513160531645913,-0.5679535763796508,-2.5091398130556404
0.0067093145121631115,0.014117349896600212,0.006079468006565861,0.004861684867722691,-0.08046552975513445,3.5606986443075654,-0.22907788470332105,-2.5577226497109664
0.006720444841079607,0.014154648859547923,0.006074834414799276,0.004798393474943868,-0.0766930382594727,3.524639293136518,-0.2696017178800867,-2.5369142191154044
0.006900061582001033,0.014275275932690552,0.006282931773193972,0.004557342456357919,-0.04008303722025305,3.537390145899129,-0.501586982453457,-2.5279564834897053
0.0068665504316228,0.014249876053680771,0.006247811492119781,0.004608461055143579,-0.04694013012576891,3.5418921429047954,-0.45570145788959326,-2.5340786267597566
0.0068016156094503405,0.014223394892425531,0.006161675894381282,0.004668814914781002,-0.059751599686978296,3.5159735345893472,-0.3850414000813162,-2.5256251665407734
0.0068349012792014285,0.014229162229864152,0.0062115176743031564,0.004650806681947801,-0.053048618333553545,3.5403807369150173,-0.41509311060820486,-2.536288784044513
0.006768279853155349,0.01420421557571498,0.006120757499077961,0.0047077944822184565,-0.0660030227068155,3.508592776161237,-0.34496650149700786,-2.52432588959362
0.0067355617246242705,0.014187649851945162,0.006078589811370024,0.00474175829959869,-0.07293517527670658,3.497607414683492,-0.3080370015802221,-2.520654472689934
0.006555840137503585,0.014043377556145474,0.005867491074131364,0.005002879744540312,-0.11030027881394511,3.482284501426841,-0.06443591591387747,-2.521497445755964
0.006513906090387847,0.014029303142654501,0.005805709439349274,0.005028832940029062,-0.11780071919152628,3.4514910045889304,-0.027741553981240164,-2.5057164861186316
0.006666259062995226,0.014109541849373037,0.006013174563432199,0.004881520154383422,-0.08833304074503447,3.5242300420192936,-0.1933595858969586,-2.5400522010257274
0.006604586823135452,0.014085917935321955,0.005925327024453637,0.004928463401820475,-0.09993703319580259,3.48660637132634,-0.1328644133529475,-2.5222098092549228
0.006566937494467213,0.014084359342879152,0.0058648966535157195,0.004935093312005662,-0.10594473854993307,3.4480189522039093,-0.10904589437511004,-2.502386330600572
0.006620598370671648,0.014116833144132366,0.005934551793321623,0.004876147648402084,-0.09552428341602005,3.46714870450132,-0.1706630445258239,-2.5107407409120484
0.006142591293718906,0.013614096726503632,0.005313216360744726,0.0056797829679187195,-0.20431338229685644,3.36879048403811,0.5596949172800291,-2.441112127035112
0.0061091403085947365,0.013598174894344292,0.005259737406073336,0.00569759986942688,-0.2091560559553874,3.3362439825518675,0.5839316329842957,-2.4214027147346955
0.006148665993588728,0.01364661964307402,0.005319358770006762,0.005627649104609338,-0.19992130359943192,3.354650502349553,0.5200709969204934,-2.436494853969563
-0.005238943391303729,0.012099625549195936,-0.0032288717088748615,0.007336919561070841,-0.315736096737167,2.1561265068733184,-2.0078760144231738,-1.395050508963177
-0.0052137233690099025,0.012087633212238996,-0.0031877237530621256,0.00732651221024753,-0.31207938085356934,2.127755350828743,-1.9991599660449526,-1.3782152343910967
-0.005242572668043284,0.012129317535498783,-0.003262580474420958,0.007305727704171803,-0.3167481812293516,2.179744289003221,-1.983906054574243,-1.419728412012576
-0.005251134395239325,0.012157951728898895,-0.00330059256141777,0.007280075236311749,-0.31816899904160073,2.2061419888336187,-1.9642554723257188,-1.444676205011927
-0.005266642231734548,0.012177803756777048,-0.0033381785873307828,0.0072710197242442905,-0.3201654266370259,2.2322739018949758,-1.9575318449173111,-1.4649286692616361
-0.0052674942902490125,0.012202189738616202,-0.0033623255973055806,0.00724248248606428,-0.32040787950236455,2.248982360051713,-1.9352805020138637,-1.4837963888108237
-0.005276180497692049,0.01223000371009858,-0.003398771202687423,0.0072168015809894156,-0.3211798347368664,2.2741221160287535,-1.9152496103929604,-1.5075287425980737
-0.005287001615571182,0.012263358718638628,-0.003442462911666004,0.0071858390126802296,-0.32226472606685924,2.3041339700403793,-1.8910686074958476,-1.5357114000299812
-0.0053284716551319595,0.012341711959535805,-0.003563319639962586,0.00712501241128659,-0.32552471870705824,2.387274606348604,-1.8430868082171563,-1.606609698160368
-0.005312429332164488,0.012315608886924708,-0.003520469087803433,0.007143728408765386,-0.3243595587747086,2.3578024066683434,-1.8579701398154034,-1.5823109032657425
-0.00528391635510328,0.012297696376466655,-0.003469194950112582,0.0071405953763515545,-0.3212196005137737,2.3218583172903706,-1.8555704929547348,-1.558921983244259
-0.0051615466420380516,0.011916724118068643,-0.002950424144069021,0.007464481804440167,-0.29809654928307316,1.9615083694397153,-2.101338253400412,-1.2230071980849309
-0.005161471352486644,0.011950591368206262,-0.0029871194483270633,0.007428089096342703,-0.29993012387808365,1.9878496307574647,-2.074117343414603,-1.2520756037373175
-0.005162469206645927,0.011984931454874703,-0.0030247401187173087,0.00739181075951171,-0.3016915384175323,2.01458210479435,-2.046907704259315,-1.2811551355685415
-0.005166972948639771,0.012019365852696622,-0.0030655834728079254,0.00735836434980936,-0.3036707951117846,2.043308334518358,-2.0217851153192044,-1.3106371198578854
-0.005173871598894732,0.012054517977967647,-0.0031091694307454412,0.007325875446324335,-0.30584119353611566,2.073821585918474,-1.9973193761325312,-1.3408823144814415
-0.005185473649629991,0.012086915327133843,-0.003154751654664722,0.00730038091655899,-0.3080934223297485,2.1054052704967634,-1.9782072363570187,-1.3697644585141697
-0.005129248150327969,0.011898874249340649,-0.002896743055879183,0.007450995492286853,-0.2924197625502207,1.9253506523546093,-2.089691239331404,-1.2010115733837583
-0.005065269335266372,0.0117710800110414,-0.0026886142412653464,0.007515784730228321,-0.2739296633206249,1.7813476894614075,-2.133751687755362,-1.0777913020054488
-0.005032916847518044,0.011754620451917335,-0.002638500228725473,0.007498979441728213,-0.268336624211642,1.7481254278573297,-2.1197934842069692,-1.0581981247368317
-0.005001750203754875,0.011734653464998347,-0.002586092292303248,0.00748662538937597,-0.2625146412405814,1.7133048817935863,-2.1090500017005045,-1.0360126570185806
-0.005003493315178574,0.01176477731611744,-0.0026219263264530696,0.007459859946746053,-0.2654838629657222,1.7385843237271748,-2.0898067926763493,-1.0624843935332358
-0.005069472949455161,0.011808422972096357,-0.0027352288723972783,0.007483335453118046,-0.27787842232027327,1.8143057292664846,-2.110407777265284,-1.111357872866501
-0.005102240638944182,0.011872960320614164,-0.0028402530254233293,0.00745096713790074,-0.28717551873125163,1.8868604282531631,-2.0883937632649006,-1.1733237642280174
-0.005082977216849321,0.011841337299382559,-0.0027856160612700948,0.007463951578253692,-0.28223518001569886,1.8492698118075577,-2.096942741374425,-1.1424031560301937
-0.006045515855510511,0.01324412086060299,-0.005141788804235356,0.0062697935321852855,-0.2614568350076873,3.428310522785257,-1.0480746698542591,-2.416011523849171
-0.00601809832014467,0.013244009897737847,-0.005094940830022747,0.006256824774011585,-0.2629312507385811,3.388006924124816,-1.0445589894621554,-2.3944791613709957
-0.005989406060392042,0.013236441113179198,-0.005045132957063387,0.006255757945796954,-0.2652365619878498,3.349037872676625,-1.0508919329317246,-2.3720403304394027
-0.006177779370591525,0.01342663442251405,-0.005384461130116542,0.006008350575491706,-0.2257535406278827,3.537035906482242,-0.7968248490087521,-2.5084784793688546
-0.006161051288732056,0.013411139843588594,-0.005355362337094983,0.006029419594940092,-0.2294140660581306,3.5213606151435717,-0.8190671120834053,-2.4975218024617827
-0.006123965026115591,0.013355012663923766,-0.005289194703760314,0.006112829576054633,-0.2403009726627318,3.496741236459498,-0.8975730055855674,-2.474543855214953
-0.006144288342310841,0.013393282294822265,-0.0053259749133021984,0.006054294100453981,-0.233401209094752,3.5066281109324535,-0.8442511420142896,-2.4866002051434397
-0.0061307735184378985,0.013372297473019929,-0.005301847518880762,0.006085532634689744,-0.23734435156139333,3.497903969010561,-0.8734467104723675,-2.478278549940859
-0.006109639106307205,0.013345067912741053,-0.005263763224398602,0.006124263147327911,-0.24281185583908957,3.4804238517368646,-0.9111429290483045,-2.463967452687058
-0.006094728627288684,0.013330515982773966,-0.005236919541851122,0.006143219786588764,-0.24597655514150632,3.465340530742569,-0.9308767391107527,-2.4531638477607345
-0.0060538211928552604,0.013269019673409025,-0.005159744575701859,0.006230964822421535,-0.2574422427984278,3.4312440805927173,-1.0138923362218362,-2.4228025224859997
-0.006082507871901794,0.013310126884892321,-0.005213984770444239,0.006173147440137508,-0.24967072170883808,3.456568865837032,-0.9586644458492322,-2.4445756149219164
-0.006065230520478534,0.013290548388851395,-0.005182108441891292,0.006199206573001243,-0.25362045126757865,3.4394421659427956,-0.9847544268098901,-2.4315486915992413
-0.006211818585465524,0.01345303454937186,-0.005443344509146919,0.00597361539228665,-0.21867406271516457,3.5711959653044327,-0.7577704636918683,-2.5309901618626345
-0.00619334462383099,0.01344167641070818,-0.005411358233331107,0.00598740777785037,-0.22233511302185407,3.5509491351587585,-0.7749837437125663,-2.5183493014003453
-0.006218257074673406,0.013475092761894819,-0.00545353307185809,0.005936997537376945,-0.2153005315737184,3.5662970564905003,-0.7267975224652593,-2.531665136104438
-0.006171850547972064,0.013446569025640653,-0.005373834496241937,0.005971658584993911,-0.22351061056406324,3.5161860375376968,-0.7698842314845753,-2.500383882722486
-0.006230269070846691,0.01349813370334993,-0.005472999574769255,0.0059003159057672535,-0.21085289096893103,3.5683221100672955,-0.6939342201160262,-2.5360569743301458
-0.005810440262207984,0.013026636495827299,-0.004693190830477932,0.006502151980031405,-0.29755171682176246,3.138782564714324,-1.291729529607293,-2.210741844982335
-0.005788134339080232,0.013018754487710083,-0.004654649918298353,0.006501032874867663,-0.2983160117401955,3.109452838399684,-1.2946464799245851,-2.1932395092592234
-0.00581913702904174,0.013051457163344408,-0.004716005540523211,0.006467602214179753,-0.2942837253000317,3.148865089811539,-1.2615319896375425,-2.2224405358146906
-0.005837890983054426,0.013077256600157681,-0.004754893798388389,0.006437140643103732,-0.29070453090312925,3.1716831689254628,-1.2329933511710316,-2.240977431830188
-0.005863582925974359,0.013136013446160751,-0.004814202954699765,0.006356587611889034,-0.28258813013268885,3.1982230407982892,-1.1617426924259722,-2.269097402370115
-0.005848932358884493,0.013109165272645445,-0.0047827092905651574,0.006391913497946084,-0.28646847156057803,3.1825910034539233,-1.1935559598075802,-2.2544986426142892
-0.005931749169844132,0.01319536258036227,-0.004940714271049088,0.006295507093546122,-0.27291918124961917,3.279454125612658,-1.0971394640114978,-2.3259020569866604
-0.005942784521298025,0.013219571819158896,-0.004964106883616981,0.006261017630906766,-0.26948053659121113,3.28835693051696,-1.0665088507671674,-2.3358568612689656
-0.005960841464286845,0.01323692934412934,-0.004997449946748594,0.006241070412255631,-0.26622212608918144,3.308453144692657,-1.0460241493741669,-2.3502951153876483
-0.005891097456620102,0.013159046730606997,-0.004865165157248826,0.006333957036357078,-0.2789826735726004,3.231403976589987,-1.1374889898921525,-2.2921200873868366
-0.005900920843829153,0.013193374315039684,-0.0048895726727339215,0.006282971461767935,-0.27424492335665035,3.237299059669883,-1.093984965817798,-2.302780683193735
-0.005678267600691116,0.01283645544495108,-0.0044011768779919315,0.006712585022825871,-0.3178042356076127,2.9566376698989605,-1.4858080297500755,-2.062090343882343
-0.00569140989407438,0.012864292678260043,-0.004435567204262778,0.006679151849494401,-0.31511297426023654,2.9771168120777176,-1.4564539995420096,-2.0810613690719886
-0.005698682856713503,0.012894730149558513,-0.004461625390708932,0.006637291393876463,-0.31193621727120174,2.9897347293581507,-1.4208180234648335,-2.096570666854951
-0.005715286276782997,0.012914016293129216,-0.004496357960713029,0.00661867801977212,-0.3099769720583046,3.0125187946264584,-1.4031671620931645,-2.113920236829247
-0.005719420066937116,0.012940384812238302,-0.004514647308795617,0.006580486913470113,-0.30695691155638216,3.019566998046838,-1.3708989006430672,-2.1250499390052564
-0.005763163412381687,0.01302342583660513,-0.004616904680815732,0.006478342438001814,-0.2973016636448213,3.0766228313610444,-1.2800060697987468,-2.177117655937357
-0.005732379945957654,0.012966533884683143,-0.004546067208776809,0.006548201150439093,-0.30389837506210154,3.0371651779923607,-1.3423480839520725,-2.141422870526758
-0.005746125303177418,0.012994615349747336,-0.0045790274345883135,0.006513033351000507,-0.30072249100210136,3.055132441053301,-1.311254904490168,-2.1583345891008943
-0.005393479565286553,0.012417192547371834,-0.003710744333978306,0.007084429454961355,-0.3300774894598692,2.489934009513122,-1.8097885860137273,-1.6844603378361787
-0.0053673113628403156,0.012383055139116068,-0.003648245837816934,0.007106220585161062,-0.3286928927261108,2.4466359951438363,-1.8276638792873265,-1.65062385418001
-0.005395246011600022,0.012454610049463993,-0.0037430802551082216,0.007036340728500079,-0.32849098500575563,2.510376197427075,-1.7710911754113436,-1.7092351106225223
-0.005403073561189889,0.01248519245065189,-0.0037772877742882215,0.007002159539979424,-0.32761755841487633,2.5326949076880645,-1.7433051704316156,-1.7317691249033904
-0.005410581622489818,0.01251762144724846,-0.0038118710509094217,0.006964826708465489,-0.3264629184047138,2.5548425552669674,-1.7129621094274314,-1.754697565143905
-0.005324796925632176,0.012374065255144279,-0.003585952299952975,0.007080526365855761,-0.32408804297485494,2.4015560342634,-1.8077134484288229,-1.6269607445176535
-0.005647214970210063,0.01280318930489432,-0.004336170085775956,0.006740794839130725,-0.3201048545058837,2.9122672495752724,-1.5127024659946848,-2.029153022573338
-0.0056202458746881095,0.012792270533408423,-0.0042896230928009095,0.006737574151980883,-0.3197557130906537,2.877315160597481,-1.512817206058272,-2.008042494637969
-0.005574705239212916,0.012751462863858608,-0.0041989276876074405,0.0067645084083791515,-0.32131157787633163,2.814387580064825,-1.5393574880563312,-1.9633038495549686
-0.005595216015738854,0.01277655581992175,-0.0042435959105144895,0.0067426704953599285,-0.3198373267583247,2.8441375496819705,-1.5194970717512393,-1.9863061146633754
-0.005649189900948095,0.012832674205153702,-0.004354959700629998,0.006697639978633465,-0.3168865323806233,2.919919180670348,-1.4767272662036974,-2.0422350168135694
-0.005460742331018805,0.012555343577201124,-0.003908038463876034,0.006954694675290646,-0.32889081508809864,2.6228736689875567,-1.7026615703855412,-1.8010972526831737
-0.005421817809273641,0.012549397598457078,-0.003850383586156226,0.006931004239096843,-0.32549194000618936,2.5797538789474594,-1.6852520129692132,-1.7784253495532558
-0.005468330977266002,0.012588637282147562,-0.003942228268419376,0.006914723821073607,-0.32723768192272146,2.644167797831249,-1.669803722511505,-1.823633797344389
-0.00552195408828599,0.0126616337629886,-0.0040670941012033775,0.0068543620594618245,-0.3258512371308622,2.728611990270439,-1.6172866490015843,-1.8906047091986644
-0.005507033546308215,0.012636988892307839,-0.0040296205430933535,0.006877725418545645,-0.3268186883353427,2.703795121430384,-1.6374414312502021,-1.8698385196469736
-0.005474692274800175,0.01262173230586245,-0.003973840467123662,0.006873651040869364,-0.32513283261842174,2.663235811815612,-1.6360605766709575,-1.844734595024481
-0.005528246074768025,0.012716376962808642,-0.004110546526235381,0.0067807383833931355,-0.321459857466217,2.751978267550627,-1.5566683403744526,-1.920621913961261
-0.005520783559484617,0.012687195734780889,-0.004081774091985278,0.0068169100704088765,-0.32349840863470575,2.7352336027981963,-1.5867208991108608,-1.9026334429190934
-0.005539782382861487,0.01274837984398001,-0.004146297987448298,0.006743183761437273,-0.3191220212643087,2.773364979319091,-1.5250324192790214,-1.9416510336570505
-0.006769005848774653,0.013990795157395314,-0.006258045847520288,0.005067348805309877,-0.07577448838444477,3.7992153446679247,0.14783484991968943,-2.6832710872090826
-0.0070221063368655955,0.014112478642277979,-0.006616290943192343,0.004791061052699678,-0.0159734085011458,3.914622525778421,0.4750554682066404,-2.722585897015247
-0.007036667495476568,0.014124290309708479,-0.006632069593329593,0.004765314129397042,-0.012498024900417013,3.9110691345050057,0.4991941087833904,-2.7188229934857495
-0.007069632521063484,0.014160620762187765,-0.0066587092528317396,0.004689924898568262,-0.004727747403196526,3.885313166362789,0.5617280255277248,-2.7004002279011003
-0.0070782538042623,0.014179139440593664,-0.00665754931739887,0.004654613890035937,-0.0028689033398147453,3.862749575062384,0.5852681673323771,-2.686869576459516
-0.007044677096789627,0.014143657291383116,-0.006629844018650191,0.0047286600469956044,-0.010637296663246774,3.8872036021693943,0.523558362281923,-2.7048356470448254
-0.007052493006794128,0.014160845584392756,-0.006628867009935427,0.00469600122250342,-0.00884828105407505,3.866581656370203,0.5455292286487499,-2.692564983562487
-0.007005227040903701,0.014120104349678133,-0.0065805416493134065,0.004783377966669799,-0.02002137234212442,3.8829078995287176,0.4662541632205392,-2.7075216389741192
-0.006992532047356825,0.014110992279989831,-0.006565677962886038,0.004803437168370262,-0.02306166339369081,3.8836092674187808,0.44653951349585425,-2.7094154807728636
-0.006979450192250658,0.01410195900237454,-0.006549937172973293,0.004823372946482932,-0.026187099468872366,3.8834908133688955,0.42656291891557846,-2.7108628204045346
-0.00688437641571934,0.014026770115278524,-0.0064381613340554564,0.004981663997575099,-0.04956444008534328,3.8896586345752864,0.2728429398590297,-2.7235095570827546
-0.00689604291281893,0.01404778716756828,-0.00644394581853788,0.00494171926995812,-0.04637244647203182,3.8714285390334524,0.30338296950201604,-2.7128091714951577
-0.006907748311074158,0.014065079225246335,-0.00645209516881312,0.004908370309933358,-0.04327574404850091,3.858614892069308,0.32995711937896166,-2.7048888724184845
-0.006962365534170898,0.014111680989331587,-0.006512545827054267,0.004811654712794145,-0.029964455925560737,3.8483198118158306,0.4203326189240861,-2.6937681804509848
-0.006949188318673364,0.014102732538340983,-0.006496500888116603,0.004831154729978758,-0.03310790208360762,3.847636331009617,0.40067121724880833,-2.6948303607246253
-0.006934940812035071,0.01409220125210283,-0.006479645813575655,0.0048536003004158975,-0.03652420992905648,3.8479632018007943,0.37865807870823304,-2.696496517553044
-0.006920844535766832,0.01407968712731919,-0.006464344667218202,0.004879336853626664,-0.039968664078813054,3.8512504539538184,0.3549175144690031,-2.6996802685137165
-0.006858374656405074,0.014035041947444945,-0.006386507437128958,0.004972888836334233,-0.05509050469621635,3.8451675674614303,0.2603331830988927,-2.7019201683738836
-0.00682484222232704,0.014025310205934428,-0.006334146969883376,0.004996954561159534,-0.06261237110667535,3.8187926592947696,0.2244927549008163,-2.6902916147004636
-0.006807709776294117,0.014017966621597107,-0.006308897216926756,0.005013109405928129,-0.06651126061446093,3.808499112562902,0.20409891758684215,-2.685954682052589
-0.00678708015441911,0.014006064141425257,-0.006280306212076761,0.005037638611877028,-0.07139683208148663,3.8001598369970107,0.1766813532961652,-2.6827805707348165
-0.006834167760714482,0.014040136807776228,-0.0063406379252853,0.004969119555879539,-0.060066151383511734,3.8083869980672893,0.24651111832517722,-2.6840748740796037
-0.007086664811611412,0.014200580083006124,-0.006653200597472444,0.004614535539213712,-0.0010433085626211083,3.8347227409825844,0.6105748802964194,-2.6703007270522154
-0.007108615575339133,0.01421742917212929,-0.006675599203529906,0.0045768129032123525,0.003896510425851595,3.8279100296613544,0.6449911344217797,-2.6632769283636697
-0.007160909592515967,0.014245977637453318,-0.006737934121256296,0.004505443150991627,0.015715207806807463,3.8290218877533846,0.7184013939961192,-2.6555151635109597
-0.00714504685112016,0.014238763416054396,-0.006717870699992899,0.004524831980608781,0.012052512660340808,3.8265452642527746,0.6971376108623184,-2.656769536657603
-0.007121629081886464,0.01424048400910649,-0.006676779082666479,0.004532257819355522,0.006523394775783239,3.8010810980203584,0.6750317395986315,-2.646458745796665
-0.006241796881151036,0.013520797458792408,-0.005491185646608325,0.00586401584012656,-0.20671382912698807,3.5692466428344587,-0.6617128126976484,-2.539633186126277
-0.006255567911308626,0.013541703801704929,-0.005513036596883757,0.0058312428078103025,-0.20247285547041471,3.5740828022864624,-0.6315004161343687,-2.5449397405047605
-0.00627374333621506,0.013561758901174404,-0.00554229655156238,0.005800846392693944,-0.19781233143514584,3.58532352188875,-0.6015222143667663,-2.5534685704176376
-0.006416480165274404,0.01365934322114549,-0.0057754100448256275,0.005657068657394122,-0.16715776490496814,3.7093536358023047,-0.43486611295982097,-2.629860856332458
-0.006445137410356159,0.013692830097591755,-0.005817339708559647,0.005601329616342357,-0.15896139754501035,3.7182867490837386,-0.3812353486975781,-2.637322604396241
-0.006428009543983707,0.013680387688367249,-0.005790350538715691,0.005621251780031024,-0.16311352941280344,3.7058085398606195,-0.4035131571262955,-2.629764802783548
-0.006479450305403202,0.013740680671086289,-0.005863451400612525,0.0055198600634244555,-0.1486051731332079,3.7183943425710595,-0.30685537416001857,-2.640627954822351
-0.006461759029319752,0.013725408101435988,-0.005837015433266426,0.005545293969558454,-0.15296370113385335,3.709155011890148,-0.3332838275559657,-2.634824487742876
-0.006446520941254562,0.013712043553572624,-0.005814118483943251,0.0055673515032133225,-0.1568791576836828,3.7010456704485657,-0.3561460681771604,-2.6296368027436405
-0.006326130680134429,0.013615164339017855,-0.00562542259988845,0.005719117290800245,-0.18487345182367496,3.617957412366706,-0.5194895510061374,-2.5769753865581007
-0.00628820769035725,0.013589608670748885,-0.005563500694432645,0.005755664033627495,-0.19277186985203457,3.5844218668630776,-0.5619714525090651,-2.556193532511294
-0.006302240092669285,0.013609552622027028,-0.005584668143126671,0.005723979857634839,-0.18862727173752641,3.588439026982924,-0.5327936639542292,-2.5605178526008263
-0.0063384996971264755,0.013638855379534893,-0.00564240054446604,0.005680037084763498,-0.18061787742474336,3.615447415437696,-0.48559152322930377,-2.5779974351726778
-0.006390418163548944,0.013657436166216494,-0.005729582434417101,0.005656369337181067,-0.1711161968202437,3.6732040392710954,-0.44589226315831926,-2.610547907196025
-0.006355884528254897,0.013662041235271163,-0.005667754962031348,0.005642574260059498,-0.17552865581706878,3.6197437450328587,-0.45086839175389765,-2.582462210256121
-0.006517799989156885,0.013763736120687623,-0.005923594156486717,0.005481691235209584,-0.13995029824661054,3.7478017314138827,-0.261324724567415,-2.657255271460793
-0.0064976873878998505,0.013754946919501293,-0.00589095771029527,0.005495991870602067,-0.14428856142015356,3.7290112367268295,-0.2812614157635515,-2.6469976429180964
-0.006526146157785961,0.013784190236973236,-0.005930811769741192,0.005445785090241371,-0.13680585360741604,3.736946354877938,-0.23226228452299993,-2.652533347406182
-0.0065435046364363675,0.01379968649491119,-0.0059556103080063314,0.005418980663311171,-0.13223618360534736,3.7436156977192607,-0.20514855918012423,-2.6566174365587396
-0.0066059942670603986,0.01383239762961527,-0.006053015393440786,0.00536149814478816,-0.1183436942156132,3.791683909222431,-0.13334692810788165,-2.6822912367133256
-0.0067386512371978464,0.013964236018708501,-0.00622049376776774,0.005118366782544213,-0.08348631980960018,3.7977364448003486,0.09843370918182758,-2.6838851340938272
-0.0067275561308039935,0.013949713652311166,-0.006209285058969041,0.005145342609990108,-0.0864089219623643,3.803288506503617,0.07522487827275945,-2.687206045013194
-0.0066179191388492115,0.01384829421913155,-0.006067047731798509,0.005332965503197656,-0.11482747655437438,3.7886880202384634,-0.10781138449305437,-2.6810118788824653
-0.00663008974441414,0.013866150429548344,-0.006080317077066653,0.005300857652990198,-0.11114657774251413,3.7832074254791954,-0.07993756176932176,-2.678383074311007
-0.006709448043820244,0.013942656005493402,-0.006181306145252134,0.005159828788492749,-0.09059184238039343,3.789458106767903,0.0554455676846955,-2.6805977240494756
-0.006664804557519902,0.01389006939359458,-0.006130225371679764,0.005256660575145816,-0.10269542294526839,3.7996512371927054,-0.031735079622883994,-2.686687755527727
-0.006644740227554011,0.01388159204509659,-0.0060988430772564994,0.005272835300564009,-0.10727186195856618,3.7836277838279027,-0.05352377469346726,-2.678632283497034
-0.0066904896779703986,0.013928729031811485,-0.006155484384187703,0.0051862560204164986,-0.09506453322033469,3.783366473901664,0.02787311668436018,-2.677928567720292
-0.0066745331144282905,0.01391163431732838,-0.006136364282492625,0.005217775289572336,-0.09946466030161318,3.784787548132756,-0.001270691096489328,-2.678965981073967
-0.006747156044189242,0.013996033850739007,-0.006216668627904094,0.005061483020655017,-0.07994678694524807,3.7649141294475923,0.13776944388561527,-2.6662437809311577
-0.006730396673136521,0.013986475685529244,-0.0061930959094249035,0.005080499476156997,-0.08379599207186429,3.757146029235748,0.11627997124708343,-2.6629038154891194
-0.006545804748129505,0.01382702816870578,-0.00594865697036974,0.005370740540536096,-0.12945788817687764,3.7157678999053347,-0.17133049681315324,-2.6430738975021
-0.00658283780785415,0.013838359024763247,-0.006009211694379995,0.005351031181580147,-0.12201542481916323,3.7528255671907034,-0.13875566178464485,-2.6624762456794655
-0.006559146228272268,0.013843830826468695,-0.005965092365514597,0.005341361357842499,-0.1257412834798621,3.7144682629016033,-0.1448305638442219,-2.6428211040617176
-0.007169389773025593,0.014260590801910819,-0.006738424855529303,0.004476913595425804,0.017278711615163946,3.8112458201743205,0.737374593053651,-2.6442888157415205
-0.007181323781620228,0.014278497633843007,-0.006741348207589531,0.004441308891225389,0.019583549643633225,3.790716129439953,0.7618828712679634,-2.6308924147958233
-0.007195783832075352,0.014296590996030131,-0.006747969627561515,0.004404230706791113,0.022358988382505565,3.771855475361534,0.7887285759311334,-2.617906241462105
-0.007210596219759559,0.014301522423596294,-0.006767691654470717,0.0043887040032276285,0.025809027827459363,3.776110460881953,0.8072325686314625,-2.61763234634221
-0.0072831114526154825,0.014310229665407759,-0.0068790460744424875,0.0043361090533274894,0.04263518323254712,3.82233695015966,0.8898400180630673,-2.629532065437345
-0.007268179673378817,0.014316453271269515,-0.006847938732892174,0.004333972595500974,0.038770914689389126,3.7983683634475875,0.8774166988303647,-2.6192141495323704
-0.007254743955596293,0.014311527458217843,-0.006830750183170941,0.004349332551347964,0.03574079644400932,3.7960183463275565,0.8599997160760283,-2.6205026746042175
-0.007239748531846178,0.014303517165006637,-0.006813990875393417,0.004370492555623952,0.032516812588087744,3.7977066626086597,0.8390638566970169,-2.624270537521831
-0.007220508273275786,0.014314878675402105,-0.006770921542679415,0.004361649651304368,0.02758215338271226,3.7610027564922235,0.8260243807361535,-2.607435924695299
-0.008105037220547244,0.014657393420546972,-0.007663475970443157,0.0031180368852203495,0.1937235734707894,3.466331152852287,1.98163093905519,-2.187787709856202
-0.008090473534497612,0.01465143827149489,-0.007653663271086558,0.00314199673722535,0.19193695424877052,3.4790801750669185,1.9641927309589022,-2.200394053506668
-0.00807586279608138,0.014645563261672219,-0.0076434934158977,0.0031658310623010172,0.19000278969757142,3.491428825925626,1.9465697893354055,-2.212764150453765
-0.008061293539366592,0.01463953871891215,-0.007633440836353166,0.003189744382678161,0.18802790022416593,3.503863738414779,1.928911744894101,-2.2251207234240664
-0.007974414449584626,0.014602106772375284,-0.007572242169539822,0.003332860140699743,0.17604791800712583,3.576415260820172,1.821416965876418,-2.2971006099501667
-0.007945492898643818,0.01458943753542283,-0.007550825178154961,0.0033801939300183576,0.17184533885381992,3.599145546227612,1.7847884780492456,-2.319963699058286
-0.007959978652149464,0.014595812423629987,-0.0075615930635608035,0.0033564844545810025,0.17400302846419094,3.5878185583368416,1.8031826387977252,-2.3085655182851093
-0.00798879978766356,0.014608441846576725,-0.007582591353528023,0.0033091568691727235,0.17801073666891307,3.564683098787165,1.839482510281762,-2.285434257560127
-0.008046783750759913,0.014633428046300823,-0.007623430772784881,0.0032136363173382513,0.18610520731314997,3.5162555561945656,1.911223169509024,-2.237391605051633
-0.008032262827154205,0.014627345627164104,-0.007613192300028586,0.0032374303859522354,0.18415726034303762,3.528357063945483,1.8934040188943422,-2.249471360182286
-0.008017708817735425,0.01462118521490116,-0.00760285824570834,0.0032612907283964647,0.1820991282446247,3.540390040783873,1.875444787965128,-2.2614845091338522
-0.00800320752435423,0.014614848100290193,-0.007592693989268151,0.003285261223676648,0.1800134871664725,3.552572426524925,1.857459544751121,-2.27351600985588
-0.008134189351536031,0.014669571023249497,-0.007682195511097784,0.0030695422888015636,0.1973016376537745,3.4396090468227523,2.0161260798411518,-2.161793826382569
-0.00819353124098285,0.014692650587820405,-0.007720904311630744,0.0029722052419975235,0.20485651340550137,3.386172834262616,2.0851719758476004,-2.1089122845982047
-0.008178680091579705,0.014687098316960447,-0.007711120216188332,0.0029963882884675133,0.20306155808939416,3.3994126771341366,2.0680269315072723,-2.122134129973531
-0.008163787107736525,0.014681436538775927,-0.007701285371597296,0.0030206850059693335,0.20116208058732102,3.412659055277192,2.0507328146413406,-2.135338798033958
-0.008148932367790617,0.01467558604992942,-0.007691625753656104,0.003045105828882649,0.19921699710090499,3.4260741701434836,2.033405773167695,-2.1485774397830752
-0.008121231325856104,0.014680293733150543,-0.007648493370446215,0.003070210203255082,0.1919572716555427,3.418420540283009,1.9964478150894889,-2.1567196288779305
-0.008106806928354918,0.014673870763149062,-0.00763990739068561,0.0030945577811193055,0.19027937777957413,3.432316874570883,1.9796801110956357,-2.169853751350303
-0.0081961218856997,0.014709285022571869,-0.007697295575776676,0.00294837279136622,0.20104567406241558,3.3519260359451324,2.0827139331852926,-2.090751265122098
-0.0073832468256919085,0.01434623232669295,-0.007005603621489799,0.004217865859077377,0.06521225441351937,3.834555949941827,1.022687209474508,-2.6150511817705393
-0.007398352091423766,0.01435235594337816,-0.007023511367318512,0.004198316005024024,0.06864758118792912,3.8340801879439708,1.043289973717643,-2.6113625189701586
-0.007367788226290494,0.014358293494843124,-0.006967014256361315,0.004207720819467363,0.06047729903150962,3.799749911110047,1.0111775883994147,-2.599341837477958
-0.007294845312141772,0.014323859219962605,-0.006884288436277967,0.004307045191931508,0.04475572224486555,3.8068232967033224,0.9108072013603491,-2.6186219192418587
-0.007307137059300323,0.014338804786782254,-0.006888838543241754,0.004275518940656011,0.04692769298106673,3.7891456050881973,0.932891533719948,-2.6063491684860307
-0.007320971511072283,0.014351517839935586,-0.006898015592596844,0.004246764228389141,0.04957254678607655,3.7765600686590184,0.9551772206493929,-2.596528495372407
-0.007335549998002207,0.01436159235238082,-0.0069109861626663665,0.0042218115478577746,0.05240971469485347,3.769133931881051,0.9767079186655795,-2.589362136138087
-0.0073516242881201095,0.014366759641029698,-0.006931498828531478,0.004203803742764265,0.05607470665909884,3.7716477282326104,0.9973088640073537,-2.5873295208152984
-0.007410592638479038,0.014365889264538561,-0.007028229831129807,0.004168404861429275,0.07049790392066922,3.8168550153487995,1.0642372630909416,-2.5990834077998284
-0.007421470924308893,0.014384405980314964,-0.007024846157482087,0.004131355505199445,0.07171759491612205,3.788908153681504,1.0856072744415322,-2.5811753934880497
-0.00743450006138626,0.014396955949118655,-0.007031465241751168,0.004102596810956184,0.07386100854034437,3.773747529451341,1.1064101814490683,-2.5697584451026922
-0.007572498336407278,0.014479065036262841,-0.007150415787073194,0.003875153892734872,0.09932833412274346,3.69692008148562,1.3002189544684857,-2.492503023738306
-0.007558014188633287,0.014471161126868375,-0.007137829216419774,0.0038982989145692902,0.09670469915087541,3.704751200440722,1.2804449018928692,-2.500688070142821
-0.0075437151524849755,0.014462374486364005,-0.007126439136706288,0.003922584245149039,0.09421538616790555,3.71415403328387,1.2605332140437842,-2.5096415554863714
-0.00752915736765528,0.014452731289454592,-0.007115499095826061,0.003948315402181136,0.09169058781046117,3.7248156967982133,1.2399346476050177,-2.519308620128094
-0.0074474954040023205,0.014408678892793009,-0.007038753247629537,0.004075168208961055,0.07603066249588242,3.7598770018472076,1.1266363295322845,-2.559019542146057
-0.0075120269673774,0.014439521887086484,-0.0071046005389440526,0.003981426636508918,0.08892766446172637,3.7406361282156917,1.2148926585542614,-2.5324257521146762
-0.007492332008619293,0.014430644375522517,-0.007084174635622353,0.004009429309783438,0.0849249857563273,3.7460052403504007,1.188227747587858,-2.5403613849123374
-0.007477599529233182,0.01441789403636836,-0.007075917460216872,0.004039921470169189,0.08257282246579584,3.7615786977835133,1.165834112378595,-2.5526097365238343
-0.007458964287583736,0.01442296350278445,-0.007040427998251864,0.004044696582802101,0.07756260955288002,3.739856253320703,1.1459968456129292,-2.545205581672453
-0.007746170980937297,0.01452814874050768,-0.007349694980669483,0.0036581470910032813,0.13473215690216525,3.675215751627943,1.5257422500420275,-2.4296890832841243
-0.0077609785954601265,0.014534640122846549,-0.007362806274333239,0.0036353837830337917,0.137324798812939,3.6671126132246488,1.5453194331123916,-2.420589346351381
-0.007789931126661249,0.014548044452883773,-0.007386978070601273,0.003589542517876337,0.14216273682925748,3.6490385463805772,1.5834579306044831,-2.401456477276451
-0.00777543937815255,0.014541972703654564,-0.007374080657495718,0.003611594105887009,0.13961012192486025,3.6568828876239685,1.5644888288295506,-2.410406357562558
-0.00768971967455223,0.01451629690872687,-0.007281159776160592,0.0037245240358583583,0.12287956087251024,3.67753122531868,1.4529244635780787,-2.448422995820358
-0.0077050911767415995,0.014520406233154606,-0.007298779692467836,0.0037053269588979997,0.12607782579443477,3.6754194375741838,1.4728417903395177,-2.4426046455455777
-0.007731310772451479,0.014538975784312196,-0.007312966788950705,0.003655080712195613,0.12970824451135388,3.647777596802872,1.508473488762915,-2.4195406441323635
-0.007716731316709184,0.014530665682436923,-0.007302466389291394,0.003680033308653196,0.1273235015911122,3.6591727423389337,1.489048310964032,-2.4302254430965653
-0.00765821518620732,0.014522808956603914,-0.007225294630163684,0.0037408989633158003,0.11453258922590338,3.651236663445929,1.4151887530199014,-2.4434451056398285
-0.007675119464385,0.014530792086001193,-0.007240221307778523,0.0037150051577513332,0.11749177667404694,3.6424601655583095,1.437460141025969,-2.433699675395744
-0.007626094940823444,0.014521787875609546,-0.00717831843126024,0.0037683670413895883,0.10719991349441625,3.639094646360558,1.375937930104586,-2.445984089356731
-0.00764013725237046,0.01453475575139333,-0.007182817754157336,0.0037376808554513102,0.10889370373281589,3.619916844933364,1.3956938287244107,-2.4314830727067682
-0.0076089905279595246,0.014523947911784513,-0.007149847000391986,0.003778636324100725,0.10304401257282787,3.627159601933028,1.3559253614257547,-2.4441657654368933
-0.007596460112336685,0.014514520491218721,-0.0071427843337413185,0.0038026302850828757,0.10115061581999597,3.639573335006044,1.3386748899832084,-2.4544435304800243
-0.0075862938200983695,0.014502722883710833,-0.007142108134182231,0.003828378900135941,0.1001438037143227,3.6575794986277463,1.3234498401365984,-2.467138509560945
-0.0075709231300115955,0.014497743120015522,-0.00712486668036131,0.0038477150421019585,0.09701962278640379,3.6595737115583797,1.3037679510348055,-2.4723800237903046
-0.007888585090535466,0.014579966060515892,-0.007484278714289943,0.0034502898191241054,0.159845090258645,3.6088175826123687,1.7110050371476573,-2.3461661082230942
-0.007903228056042115,0.014586630493913148,-0.007495378007085974,0.003426456906476472,0.16206547772003255,3.597867756778157,1.7297541458235963,-2.3351130816879215
-0.00787455096672335,0.014590404205642603,-0.007449234471554926,0.00344905830143057,0.15500957454118794,3.584035867145424,1.6930344763484355,-2.337955537282202
-0.007792319516859042,0.014563494290875672,-0.007369026550297543,0.0035648011466821437,0.14039357781582146,3.6181134300954723,1.587752886941117,-2.3840362994327555
-0.007859724151159363,0.014600818789685421,-0.007413306739261951,0.0034484918956520813,0.1499582959308784,3.559604448662263,1.6741774957261077,-2.3300509934761053
-0.007845609461318587,0.014593421749750188,-0.007403775353371461,0.0034723615648315103,0.1478782335533774,3.571434031872642,1.656327383374425,-2.341198613914683
-0.007833738443489027,0.014583412129280932,-0.007400972810555724,0.003497808363284477,0.14687549469636965,3.5888980214131174,1.6411091387072818,-2.3545771094255574
-0.007818079951741583,0.014580037744937678,-0.007383236031220523,0.0035172334348279933,0.14372261860003901,3.5917391371431613,1.6212111241309273,-2.3613583068607524
-0.007804050030029079,0.014572157929774671,-0.007374003240418294,0.0035415224691511655,0.14175425177700252,3.603891345678374,1.6031284917657367,-2.3725351939912063
-0.007932438900350383,0.014599779995980536,-0.007517213389058368,0.0033788771696673333,0.16641024982912198,3.575593927936193,1.766859363073045,-2.312697308283885
-0.007917836195009144,0.014593234471662752,-0.007506342768972651,0.0034026628412157684,0.1642656396936393,3.5867917846840505,1.748361873619327,-2.323959193176147
-0.008281851560252056,0.01472592636418916,-0.007775068230522997,0.002826671516191524,0.21440404043518727,3.3023294194180877,2.184449061054717,-2.026774761742288
-0.008311887798843462,0.0147368345066655,-0.007792747146987219,0.0027771677811766742,0.21792573025050266,3.2729944369427844,2.2172639307883912,-1.9980866752482311
-0.008296806252618631,0.014731554722101262,-0.007783631982433145,0.0028018210482427188,0.21614595880847295,3.287418897724631,2.200786995565567,-2.012353842718482
-0.008254705978014911,0.014731032652424763,-0.0077338991146986,0.0028530016129243896,0.20774794949944073,3.297951301790992,2.1482545373663484,-2.0374101737390276
-0.008269269512960333,0.014736926108707528,-0.007741775702939422,0.0028285518935594624,0.2092132897389836,3.283031370721107,2.1640300003724824,-2.0233066109917233
-0.008210931437575578,0.014714672994538465,-0.007706980887800031,0.0029244985910556916,0.20282494682901417,3.33882454682167,2.0995115890826637,-2.077598694912929
-0.00824023559337943,0.014725377411487101,-0.007725572928984633,0.0028769997122219944,0.20620937699881425,3.3121731905689544,2.13236168443442,-2.0510878910980335
-0.008225653467149614,0.014720028711853309,-0.007716440805480379,0.0029006965135990877,0.20453486978604626,3.3255851892872514,2.116085647694808,-2.0643745364490496
-0.008514792106028148,0.014774322728061406,-0.007957082264385098,0.0024752564832302773,0.24810158769927396,3.122321595933086,2.4468758304939415,-1.8216544091444673
-0.008503083701646763,0.014785485741696044,-0.007924515473150777,0.002478851498497135,0.23736876587975195,3.1097230850811424,2.4233638723778537,-1.8237880291715942
-0.008559854801395402,0.01478810837460224,-0.00798005244303081,0.00240017101139431,0.25189153356005833,3.0736223064755475,2.4916507071447556,-1.7736175111174461
-0.008563430650060955,0.014803658679720375,-0.007955635485447303,0.002379221757484774,0.24252128924785085,3.0451154656066346,2.482920299462451,-1.760662264510766
-0.008544819263429005,0.0147835602874755,-0.007972482588804243,0.0024251965638138104,0.25201295863155315,3.089929829898189,2.476882718656063,-1.7895654646783752
-0.008548358866150055,0.01479916502156567,-0.00794804371625129,0.002404142994280042,0.24087937618663127,3.061436078387557,2.46824240864508,-1.7766104422725117
-0.008529798353607843,0.014778965067767892,-0.007964826216739506,0.0024502240778685514,0.2507455611462951,3.106142174064867,2.4619523384608932,-1.8055899408977198
-0.008533273701027303,0.014794663255351415,-0.007940280471743567,0.002429035890954827,0.23937691172507583,3.0776170814801707,2.4533886820882844,-1.7924539811789335
-0.00851817603239186,0.014790116130673117,-0.007932410540966835,0.0024539334787704453,0.23826840198114332,3.09370174134602,2.4384109650943517,-1.8081808927610157
-0.008612223954678826,0.014833128149178242,-0.00795253094578145,0.0022834567346414463,0.24427084628305282,2.961363899563452,2.519820730735139,-1.6938561334406845
-0.008597147552343202,0.014828501409981022,-0.007945823164800749,0.002308524882616984,0.24316802602456675,2.978376147487207,2.5059448408672513,-1.7101430149849428
-0.008582063556435208,0.014823944007316377,-0.007938807308754736,0.002333489153242257,0.24211363362053584,2.99508998838691,2.491856136328384,-1.7262599002228989
-0.008566973906931652,0.01481946855964561,-0.007931463565966933,0.002358329681513877,0.2410417068435736,3.011468934374466,2.477555813789763,-1.7421823568942962
-0.008341954048001367,0.014747103949996924,-0.007810820371601654,0.0027281178374019507,0.22118636771065273,3.2441349634727943,2.249797427953452,-1.969488876871331
-0.008326960513257224,0.014741957767720408,-0.007801936199829939,0.002752640719697188,0.21962355310820078,3.258686140678797,2.2336585470095396,-1.983846362774669
-0.008386510414573146,0.01476163641493287,-0.007837479044774947,0.002655723980562286,0.22537277345082887,3.201183239293664,2.2972998816220564,-1.9267505507768448
-0.008371733098972992,0.014756849293419723,-0.007828752453204782,0.0026797624037241583,0.22418914849808846,3.2155805127662735,2.2816503198041147,-1.9410480270738126
-0.008356887355724681,0.014752085010912708,-0.007819739068473573,0.0027037940977806545,0.22278571254122267,3.229732628079374,2.2657940901498637,-1.9552034830378704
-0.008491095199302667,0.014797169611804316,-0.007891524134619831,0.0024821881993055983,0.234807100883659,3.090541751732656,2.4032765715945525,-1.8200812251418128
-0.008418051362847337,0.014788900120630158,-0.007826340059588892,0.0025852606196958253,0.2240424554393778,3.1362268512150657,2.321024885190614,-1.8798292325242134
-0.00840356878293145,0.01478322075404557,-0.00781992911259726,0.0026098874609757727,0.22294082697047893,3.1525825804518877,2.3067007020386243,-1.8949564013689473
-0.00838945599949213,0.014777378897337212,-0.007814038826036464,0.00263419741960657,0.22187887297311396,3.168969112076699,2.292743263089882,-1.9098858857365133
-0.008478706488638655,0.014809485571296662,-0.00785687020936642,0.002485154513943452,0.2291605277436148,3.0721372136875633,2.3811869891285133,-1.8182182046690833
-0.008463408392529508,0.01480460657386301,-0.007848901331161217,0.0025101451874250317,0.22784529503769715,3.0879813396072358,2.366062873613909,-1.8336659516750518
-0.0084481569655096,0.01479957794779959,-0.007841060721366679,0.0025351799470136427,0.2265374667765673,3.103901355472921,2.3509296087265468,-1.8490834878097806
-0.008432992218974507,0.01479435928794367,-0.007833460819031295,0.00256025572497346,0.2252566666871729,3.1199641827157514,2.3358549384172336,-1.8644840951721184
-0.00934226676397499,0.014956549907973092,-0.00826077619803178,0.001096188999460925,0.2852602524123511,2.125364916235937,3.0904479008569443,-0.8547179821589589
-0.009326699183653659,0.014954459204666776,-0.0082572906272048,0.001122143357087721,0.2846561904804245,2.145573266964088,3.0817426265720234,-0.8744093865643997
-0.009332738744145462,0.014969442891478573,-0.008230250488862516,0.0011051394377309893,0.27588918489952835,2.122075767436701,3.067488192642768,-0.8654561333902112
-0.009311138089096707,0.014952319584569098,-0.008253724219553114,0.0011480818091381662,0.2842420133017309,2.1657385307520247,3.0729189221979545,-0.8940254293508977
-0.009317130349169348,0.014967329004739578,-0.008226713566482594,0.0011309841122126554,0.2757646497403993,2.1421209600920963,3.058739910636051,-0.884888413715105
-0.00929558363336138,0.014950131067195256,-0.008250077514670374,0.0011740006387143175,0.28417915121090376,2.1858454407537438,3.063974722756397,-0.9135651150425937
-0.00930153148872515,0.014965161244085113,-0.008223105966318945,0.0011568159326137426,0.2755492400202992,2.1621173653298023,3.0498739247820645,-0.904270242559739
-0.009280035969880423,0.014947893672597865,-0.008246350115478416,0.0011999027090339538,0.28437498421411705,2.2058871809528062,3.0549040553579743,-0.9330548979400125
-0.009285939589671532,0.014962950840897339,-0.008219405148426112,0.001182633709408551,0.2752215388229953,2.1820604921726736,3.0408728057186933,-0.9236100291783412
-0.00926449525245532,0.014945607421372955,-0.008242540125727756,0.0012258009306488796,0.2842023740396348,2.2258786420256804,3.0456975410100013,-0.9525365265912712
-0.009270344475791935,0.01496070537934577,-0.008215591816910008,0.0012084484265641035,0.2748726271735428,2.201952610238836,3.031721853901011,-0.942915361353743
-0.00890933457005921,0.014879595159429935,-0.008132514019732527,0.0018177645928304242,0.2715525688471755,2.6699292979544063,2.8000885858238163,-1.3822332036842953
-0.00891396334965304,0.014894900534763724,-0.008106839516681901,0.0017987002084170077,0.26443797000720076,2.6435206660758435,2.7885154499779863,-1.37091547563506
-0.008924672332571876,0.014882998096217483,-0.008138187300748867,0.001792193699188164,0.2726235154460336,2.6513488695820246,2.8121027054051626,-1.3642685971975135
-0.008929342811213516,0.01489829990762276,-0.008112439362015543,0.001773224164750456,0.26491804437366556,2.6250673427063345,2.800391935723237,-1.3530469953478619
-0.00894002066470317,0.014886352812552905,-0.008143782607729378,0.0017665945764097923,0.2742791606240475,2.6327109649243656,2.8240246302070857,-1.346178388729383
-0.008944747269540268,0.01490162478204319,-0.00811801773289741,0.0017477284720478715,0.26540163028651165,2.6065544416983273,2.812195921396151,-1.3350840425606092
-0.00895537940604795,0.014889659273885171,-0.008149294299003403,0.0017409929608430432,0.2753017935635192,2.614031120271604,2.8358248792407,-1.3280422469653388
-0.008970748396413332,0.01489291744632119,-0.008154720034375356,0.0017153998581369192,0.2750161049490761,2.59527302305849,2.8474744777493814,-1.3099144823526736
-0.008975581777381605,0.014908143022393109,-0.00812890623663025,0.0016966771770343038,0.2671038847278174,2.5693129228431446,2.835450524962074,-1.2989248741733717
-0.008986127475825481,0.014896127296621684,-0.008160063997591309,0.0016897956808268628,0.27418736460597426,2.5763872654582096,2.8589771262939485,-1.2917521141219543
-0.008960162091763127,0.014904893468010938,-0.008123530771893915,0.0017222186626709537,0.2661409767098502,2.587979108233443,2.8238995643820526,-1.3170358712109598
-0.009248961635249483,0.014943272334665861,-0.00823864603339244,0.0012517051238857585,0.28315594987130405,2.245852417814283,3.0363556030095853,-0.9720185363820762
-0.009254736869396428,0.014958413902712643,-0.008211682011508558,0.0012342783723188354,0.2746829173710737,2.221807267642557,3.0224334187845847,-0.9621823675304383
-0.009233435272781452,0.014940888434177029,-0.008234669235660528,0.0012776056299875797,0.28179653293233736,2.26582536304347,3.0268943837956095,-0.991449240972346
-0.00923912141514365,0.014956051309534384,-0.008207725076507787,0.001260129060638127,0.27466571866755957,2.2416363999336766,3.0130445612113412,-0.9813947777532485
-0.009217916319918092,0.014938455742167744,-0.008230612189345557,0.001303486347948843,0.2809439332246292,2.2857762319917443,3.017325629886558,-1.0107670516356906
-0.009223515237310794,0.014953608733974139,-0.008203745895885418,0.0012859805087061945,0.2746174996497503,2.261426868906209,3.0035739072176404,-1.0005394382820574
-0.00920240493186779,0.014935974281465732,-0.008226475178745227,0.001329345660043229,0.28050635132977164,2.305669325207853,3.0076428235747286,-1.0299524146325825
-0.00920793120703643,0.014951100775353983,-0.008199723202007092,0.0013118068995775006,0.2744215336325981,2.2811545103884865,2.9940091962378044,-1.0196183513957955
-0.00918690126417368,0.014933444075470769,-0.00822225757417459,0.0013551880165070921,0.2800845831010837,2.3254833350620836,2.997837605431238,-1.0490087361038278
-0.00919237118779856,0.014948539545891731,-0.008195635203783668,0.0013375990997624156,0.27414825497300316,2.3008141528095787,2.9843390214263583,-1.0386402338661742
-0.009171405472706824,0.014930865148160086,-0.008217960650414727,0.0013810062840548473,0.279995691574244,2.3452041487012716,2.987914277059581,-1.067934400579974
-0.009176834312522789,0.01494592641889221,-0.008191479379469832,0.0013633579362027479,0.2738116007383659,2.3204134678666257,2.974561963091597,-1.0576102239173706
-0.009155917713659414,0.014928237524093786,-0.008213586194996741,0.0014067901546093288,0.2809134841384105,2.3648118862820398,2.9778745146684624,-1.086756689846237
-0.009161318154955541,0.01494327265248991,-0.008187233751697826,0.0013890821109052535,0.2732461535889874,2.339948405552004,2.9646562487333323,-1.0765350807300507
-0.009109504197630085,0.014920062725815756,-0.008199961382331764,0.001484143836605211,0.2794564174345276,2.423162703609852,2.9468815228295675,-1.1433702352728932
-0.009094050136367162,0.01491724057216887,-0.008195253408055294,0.0015099247634196868,0.277934646047122,2.442585425147107,2.9363136077970213,-1.1621666162408943
-0.009099275763504342,0.01493240263971614,-0.008168975186766335,0.0014917963653063515,0.2714573455133648,2.417379178704486,2.9234673515015976,-1.151725267362375
-0.009140438143537983,0.014925561228420123,-0.008209131331899835,0.0014325564502595072,0.2820767018487265,2.384305686788721,2.967695854803407,-1.1055712821322803
-0.009145812525354872,0.014940607835693497,-0.008182837855739105,0.0014147700533771671,0.27241921284128795,2.3593977879430725,2.954572656631305,-1.0954237717827822
-0.009124966919156605,0.014922836286880738,-0.00820458974973954,0.0014583410576852688,0.28154979755396853,2.40373502708402,2.9573569491223552,-1.1244601406962305
-0.009114785585737065,0.014935219244276396,-0.008173618654948216,0.0014661087069286897,0.27151862489807005,2.3980811911680973,2.9339127691631615,-1.1330423472560944
-0.009130303269474975,0.014937939205109862,-0.008178270817596414,0.0014404349474259912,0.27173658186269534,2.3787610022998624,2.944301992612095,-1.1142684309847493
-0.009016915263030919,0.014902401901103014,-0.008170528818927493,0.001638446869931167,0.27688063732366014,2.5383221594338043,2.8816901571790265,-1.254945507265295
-0.009001516484536438,0.014899288792197039,-0.008165333402951459,0.0016641457350381201,0.2746879369042488,2.557379815432339,2.870373577760333,-1.273442882581336
-0.009006477652046414,0.014914583835625349,-0.00813927038817887,0.0016454519301351332,0.2682134911024327,2.531654390053518,2.8580895827245953,-1.2625373047311423
-0.00899101547773445,0.01491138631118208,-0.008134125524688196,0.0016710854481586362,0.2678955057791767,2.5505313621612804,2.8468291317984646,-1.2807641076434182
-0.009078604893063716,0.014914369853492293,-0.008190470676544858,0.001535657668960285,0.27805396919977643,2.46193191197377,2.925660996805311,-1.1807865037706413
-0.009083797658135379,0.014929506066969897,-0.008164323083634501,0.00151745655601508,0.27107344165949027,2.4366143248937457,2.9129497355246117,-1.170319692969895
-0.009063168625695952,0.014911450597951643,-0.008185611366680057,0.0015613527987349935,0.27906404597097745,2.4811453794515836,2.9148932478935294,-1.1992904007397518
-0.009068350805307887,0.014926577793031399,-0.008159572269959942,0.0015430615174830996,0.27029120387460376,2.4557505243433084,2.902295725253697,-1.188852859582509
-0.009047741492513606,0.014908482834330765,-0.008180670292693157,0.0015870375710699876,0.2796829645640833,2.5002389875406084,2.9039777649694716,-1.2177905883014148
-0.009052909391711248,0.014923643798873112,-0.008154659105452308,0.0015686311172168276,0.26938314893351306,2.4747969418166025,2.8914590369889495,-1.2073519860101476
-0.009032323652033134,0.01490546659203643,-0.008175642985516781,0.0016127347049078222,0.2789960565407132,2.5192772735412965,2.8929042400014757,-1.2363540004678077
-0.009037448628779548,0.014920692613446444,-0.00814958916564878,0.0015942056044817327,0.268664416750993,2.4937816991367154,2.880443387194001,-1.2258159530390786
-0.009021964271596123,0.014917685990815934,-0.00814443036233207,0.001619813696594393,0.26831742435888256,2.512730282700463,2.8692980627403952,-1.244220199004931
-0.008710978821122076,0.014830985862161486,-0.008051496850155954,0.002148359552216158,0.2600667099024534,2.903702345871574,2.6331059744215497,-1.6091395453502801
-0.008699769617493877,0.014842476986977646,-0.008019592293309077,0.0021533306153730405,0.2528567202842312,2.8934165555057914,2.6095141156393056,-1.6133311845935514
-0.008726164497562944,0.0148350122143311,-0.00805821653955045,0.0021230156169611187,0.26254215967513,2.886153056467002,2.6466778401338127,-1.592040717620929
-0.008714992372272688,0.014846576105262714,-0.008026265627380319,0.002128093823128179,0.2535376090624743,2.876072982942256,2.6229867314158075,-1.5965636547834583
-0.008771796903417485,0.0148468048396387,-0.008077872447649107,0.002046956929648985,0.26596568290982375,2.833324421073131,2.6866904720821303,-1.540416916263841
-0.008756573701192635,0.014842921746160495,-0.008071408251364693,0.00207229900857802,0.26638693728667207,2.8509999775332147,2.6735039277480417,-1.55759107398966
-0.00876077327745856,0.014858348358691034,-0.00804626436165838,0.0020524073359895786,0.255847386232672,2.8237426320813266,2.6630584716330135,-1.5456867936785768
-0.008741362845101056,0.014838990856811767,-0.00806485631051731,0.0020976519789667235,0.2651716890381152,2.8685887369794556,2.6601590423155437,-1.5748171859765814
-0.008745509188870522,0.014854492043375175,-0.00803964811268567,0.002077631296745173,0.25472878967974805,2.8412447501602682,2.649786737511667,-1.5627458473496834
-0.008730244037259532,0.014850582160414051,-0.008032953032133949,0.0021028540388543823,0.2540410871535357,2.8586768777396263,2.6364105986214983,-1.5797056747812122
-0.008688428985674563,0.014854253112122484,-0.00798780858643694,0.0021582069257549256,0.24960277832781788,2.8770729176937917,2.5890887933398434,-1.6118033692101257
-0.008673242569994181,0.014849999667107592,-0.007981212680154703,0.0021833071907246186,0.24870132020512595,2.8943128075984372,2.575629516133834,-1.6284381935533523
-0.00865801219362432,0.014845895518257608,-0.007974127963729857,0.002208280737841822,0.24779205298215948,2.9111223021884136,2.56185506484599,-1.6448619922763428
-0.008642704048770034,0.014841854843780082,-0.007966677034270314,0.002233247688716265,0.24672267323152516,2.927668203297755,2.547799588682057,-1.661163428520578
-0.00862740243407026,0.014837625739048002,-0.007959392503387737,0.0022583312377612353,0.24549422172643623,2.9443807181723405,2.5337311702066425,-1.6774970329082886
-0.008787032289485816,0.014850640095209084,-0.008084256885185432,0.0020215948403420007,0.2655652721801243,2.8155166269336065,2.6997427209297276,-1.523233527125669
-0.00877603582834281,0.014862196952040578,-0.008052719584227078,0.0020271461755450837,0.2571426001705095,2.806118628320682,2.676158326403154,-1.5285442827772753
-0.008802279697245053,0.014854427471532412,-0.008090566037461873,0.0019961949590282992,0.26601214314492366,2.797574754457005,2.712684925383655,-1.5059528206118185
-0.008791309471078637,0.014866037497367375,-0.008059022937134586,0.0020018343900148994,0.2582379747692595,2.7883691101040413,2.68908521215212,-1.5113295968891567
-0.008832809929953066,0.01486185842455165,-0.008102954220504732,0.0019452977388155328,0.26806382965728487,2.7613735985818426,2.7382472245286382,-1.4709782271214238
-0.008817538964686684,0.014858166927964265,-0.008096798657714224,0.001970762022257794,0.2668339233060076,2.7795167910631506,2.725518773818029,-1.4885367313800526
-0.008821930517711482,0.014873608161504327,-0.008071358222243032,0.0019510760401387477,0.2598693058001385,2.752565245180975,2.7145796588756252,-1.47666962790189
-0.008806606854009537,0.014869845941234971,-0.008065226721959499,0.001976475404485645,0.25911780337251406,2.77051550257144,2.701884174198483,-1.4940394833310788
-0.009373420771600327,0.014960584488801502,-0.008267501940062476,0.0010442539478315671,0.2862980858483695,2.08486338039421,3.107504586183161,-0.8151977856355885
-0.009357840677385803,0.014958591675504214,-0.008264180204511404,0.0010702240369630338,0.28588207428518664,2.1051265589899097,3.099035732413105,-0.8349707971742005
-0.00936397254929027,0.014973488692219887,-0.008237145800701548,0.0010534362775175205,0.2760810976777095,2.0818577099619984,3.084651391717642,-0.8264211066381201
-0.009348353588937736,0.014971496246543939,-0.00823372796012728,0.001079289122546214,0.2759750893863189,2.1019874746328857,3.0761257136185267,-0.845968589843774
-0.009435799924780783,0.014968065848509118,-0.008279963560941015,9.403497660311486E-4,0.2844417674726632,2.0033663876077537,3.140055017391656,-0.7361822908877448
-0.009420196622188312,0.014966269026450152,-0.008276971503579006,9.663325659235385E-4,0.2855084840882065,2.0238564679270703,3.1321332125219694,-0.7559464056675557
-0.009426464627639802,0.014981007318059562,-0.008249912775973915,9.49963902424576E-4,0.2771944006425538,2.00087810195768,3.1174342194557134,-0.7476929915420918
-0.009404598895283897,0.014964423181448458,-0.008273897705725265,9.923067930766008E-4,0.2862362327555259,2.044246613947536,3.124063858926576,-0.7756785011657433
-0.009410845607902554,0.014979175558133856,-0.008246897047054927,9.758384344975265E-4,0.27679226362393067,2.0211839076788602,3.109461152176079,-0.767424121954618
-0.009389006894728722,0.014962528329925276,-0.00827074111203168,0.001018281332046431,0.2864082853816622,2.064573222229381,3.1158498752144523,-0.7954280203046982
-0.009395223239344313,0.014977320182361045,-0.008243747780769278,0.0010017070142913972,0.276483256505281,2.041450766488922,3.101330235337517,-0.7871365608182649
-0.009379596450320755,0.014975427058787008,-0.008240491618312988,0.0010275758598077818,0.27625392776830265,2.0616795421645016,3.0930567253750243,-0.8068088075751366
-0.009467022656507902,0.014971512360572394,-0.008285710800890697,8.882832226009474E-4,0.2857069414935757,1.9621485543646788,3.155550778805693,-0.6962530369849396
-0.009451408652823318,0.014969813631697155,-0.008282876519975274,9.143348761752301E-4,0.2843568244096244,1.9827772589679256,3.147852806627086,-0.7162955811911617
-0.009457767712218791,0.014984592175432583,-0.00825558500451914,8.980918757650972E-4,0.27735001821615635,1.9600551326293691,3.132931394320807,-0.7081341222677039
-0.009442099311159314,0.014982822475642752,-0.00825278836429774,9.240536009783056E-4,0.27746237737780705,1.980505581202064,3.125244089626538,-0.7279412005170861
-0.009639082495257915,0.014986956843082835,-0.008311454551397467,6.014803757179507E-4,0.28716636045847044,1.7333978865648543,3.2318466671743735,-0.47379141523405055
-0.009630384202940826,0.015000367704384834,-0.008281774324819536,6.122154119765935E-4,0.27666452994394325,1.7328109696125324,3.209825221167843,-0.48725856558415664
-0.009686089839949742,0.014990136311907442,-0.008316750217639694,5.231834160871071E-4,0.2850968864751949,1.6705986530901216,3.250041980651703,-0.41259632652184286
-0.009670417450053835,0.014989125709257181,-0.00831506750836209,5.492795126203643E-4,0.28632238189723774,1.691589949459557,3.24411368677671,-0.43296879667185745
-0.00967739956300691,0.015003511939897107,-0.008287402261794528,5.343614078656471E-4,0.2768429997460507,1.6702919145266841,3.228255838012038,-0.4262728720548273
-0.009654748287466774,0.01498806588318487,-0.008313302390517993,5.753772203553687E-4,0.2870306273306736,1.7125098004483268,3.2380460455126325,-0.4533586753971961
-0.009646074420098521,0.015001456518672495,-0.008283752777409474,5.862383223747535E-4,0.27662604545794545,1.7119739876642652,3.216113544024743,-0.46694397614039
-0.009661742086666236,0.015002499424686863,-0.008285637526934305,5.602946189160714E-4,0.27666740371872983,1.691138227495616,3.222260616253464,-0.4466134702907616
-0.00969307033454454,0.015004506841343015,-0.008289027408078893,5.08400676216626E-4,0.2769898638084558,1.64940393880842,3.234086591332931,-0.40591803321632974
-0.009701765314618095,0.014991097682117146,-0.008318351618138181,4.970718666641396E-4,0.2843231052789773,1.649518426997919,3.255840844920194,-0.39217551798352623
-0.00952952844693864,0.014977816440745884,-0.008296215345739806,7.841354239339183E-4,0.28495003813831754,1.879740618581543,3.1851270592260845,-0.6161638825005136
-0.009536075252583704,0.014992419886432476,-0.008268851145137009,7.684180308274959E-4,0.2779071776911892,1.8573930096503142,3.1698283405115686,-0.6082211244513581
-0.00951389482992714,0.014976314074054054,-0.008293715152285717,8.101520428412358E-4,0.2866813706648574,1.900398556715855,3.1779483176302548,-0.6360808444196945
-0.009520439231056827,0.01499090929536506,-0.008266454985940365,7.943303821267824E-4,0.27746958324499205,1.8779745776400965,3.162767650168171,-0.6282354459660143
-0.009498265893762124,0.014974762596007742,-0.008291131644261424,8.361765014604086E-4,0.28756147879189176,1.9209765327598358,3.1706173224335905,-0.6560600090804992
-0.009504804046432034,0.014989399531525454,-0.008263880728606038,8.202255698621423E-4,0.2770394193142403,1.8985131206176644,3.1555146527652718,-0.6482572943616388
-0.009482641786463353,0.014973162020172494,-0.008288463393557138,8.622219259822357E-4,0.28716049623504775,1.941544638066852,3.1631452480803506,-0.6761361524671576
-0.009489145670410017,0.014987867398650843,-0.008261164990669348,8.461452321904111E-4,0.2768742928685426,1.9190368743304764,3.148092643728647,-0.6682707068204489
-0.009473460031648341,0.014986275169360888,-0.008258378025163784,8.721072228077301E-4,0.2770308362822455,1.9395547651483065,3.1405487887134877,-0.688241046670719
-0.009542587774194549,0.015007450012393501,-0.008241361280412689,7.52806965411969E-4,0.2752617889584246,1.8287154889327255,3.155482176438014,-0.5940804034125042
-0.009558296097762061,0.015009093778464414,-0.008243236511794273,7.268820953780266E-4,0.27523170132250785,1.8078856255408178,3.162067126734062,-0.5740339432239137
-0.009574123907424946,0.015010631176103606,-0.008245179166964677,7.007878171133387E-4,0.2752841054142081,1.786968688451827,3.1686543002868004,-0.5538327729334602
-0.009590018245752443,0.015011976145738383,-0.008247340872763251,6.746315994954039E-4,0.2753749417305236,1.7661335590758933,3.1753168933126648,-0.5335665201200518
-0.009605906506437408,0.015013144746190322,-0.008249666930578983,6.485202219353026E-4,0.27543963720060094,1.7454389253217728,3.1819993313095303,-0.5133162188408579
-0.009621742506116415,0.015014236324988968,-0.008251947858938265,6.224972806331059E-4,0.2754296412610811,1.7248099473080252,3.1885586304456925,-0.493108183934102
0.014952319584569097,-0.009311138089096707,-0.0011480730596155574,0.008253725252428845,0.2977298558892646,0.9371214224179613,-3.377541943113046,0.2971258233975176
0.014954459204666778,-0.009326699183653657,-0.0011221436174356427,0.008257290548495784,0.2981368436016838,0.9157994471058272,-3.378959286167426,0.3182173705805263
0.01496713627251534,-0.009317019078524611,-0.0011311809089108215,0.008227062517135578,0.290694043638626,0.9171950909543688,-3.3599833144294373,0.3030998262843194
0.014962528329925274,-0.009389006894728722,-0.0010182917413607661,0.008270739664025377,0.298392877455521,0.8302286867984515,-3.3834146536704974,0.4026621489572035
0.01497536743506485,-0.00937949978861524,-0.0010276832874776948,0.008240597602604318,0.29143019455276636,0.8320662063523062,-3.364637197916912,0.3871222478199383
0.0149605844888015,-0.009373420771600324,-0.0010442790212217203,0.008267498572905393,0.2987492536647848,0.8516261702021861,-3.382475530294484,0.38152010563063515
0.014956549907973094,-0.009342266763974991,-0.0010962145266036288,0.008260772800923636,0.2991785024904428,0.8944688255330274,-3.380252331066197,0.3393030810834147
0.014969253046922511,-0.009332635257703654,-0.0011053197171894626,0.008230598734612236,0.29070059167460455,0.8959120809441529,-3.3613521761743645,0.32410359658770854
0.01497339359819925,-0.009363874133347657,-0.0010535604872489678,0.008237318299290806,0.2910062578019366,0.8533144784956469,-3.3636476713380543,0.36611608895083153
0.014958591675504214,-0.009357840677385805,-0.0010702617416642982,0.008264175209745522,0.29948059721637066,0.8730697504612577,-3.381421572911463,0.3603964597528259
0.014971345170159855,-0.009348252226297302,-0.001079444406691915,0.008234004742909034,0.29071460090431384,0.8746071885430794,-3.3625643032087176,0.34510919237008086
0.013965951552712661,0.014302232752725245,0.004990766002109445,-0.004598362052467391,0.14188110690941944,-2.0957331233573004,-0.5222375181636979,2.7702971758535675
0.014074311618543328,0.014246299278367609,0.004859330343109325,-0.0046611949003559005,0.1405420375351738,-2.094632109019401,-0.4191172744541552,2.7541474473263103
0.013927033755807587,0.014536763561069444,0.004960660726000468,-0.004289213777510695,0.12333104475364136,-1.9763845928901886,-0.6197987335699597,2.585806505958606
0.01397025338610146,0.014424307084682285,0.004944897695563705,-0.0044341500991536215,0.13033914915324482,-2.027958728583737,-0.5565322459936325,2.660507298526042
0.014188752134503676,0.014250584948500346,0.0047054196438650895,-0.004636458551201611,0.13549639887930523,-2.0564424879051635,-0.3359953276299485,2.6810395273996677
0.014234373405854726,0.01412616173380148,0.004669044843921152,-0.0047923179694658305,0.14324163440787333,-2.100803823151001,-0.2534397362206395,2.748800749816694
0.014321508499411433,0.01402512661567118,0.004566226244141503,-0.004904879725762237,0.14790163723902652,-2.1138476894603233,-0.14884720329423776,2.7650146821890815
0.014429044444087675,0.013739197508288743,0.004432585390195545,-0.005254802913847175,0.1662024689215789,-2.1867197145836603,0.07404774195746743,2.888885248005478
0.014478167165906445,0.013694211443931768,0.004363451249623376,-0.00529458935473142,0.16669519893420437,-2.178511295700994,0.13033454962454463,2.876316887110981
0.014407615821017817,0.013817887976591229,0.004462486330246551,-0.005155698805511671,0.16038445427011017,-2.1651958381009497,0.015089358405677501,2.850314783461402
0.014366437560301978,0.013955073421421521,0.004512411832962898,-0.004984659040568225,0.15124091327270778,-2.1255782199644773,-0.08453065085696623,2.783275802344112
0.014360362588964516,0.013881135860818048,0.00452513045587228,-0.0050871131077196525,0.15733745604654234,-2.1605477097688337,-0.04968912731427175,2.8429887854237017
0.014623527430275805,0.013466745533852261,0.004139051542891688,-0.005527684190759125,0.17649443461561784,-2.172610434061799,0.35865085210072617,2.882711663161666
0.014570369910756316,0.01366423627491314,0.004236727943014742,-0.005291209859353082,0.16324077164590253,-2.1396479919479776,0.20148118201141468,2.8125418111305396
0.014614605244832433,0.013567219583145091,0.0041668751123464355,-0.005397877020459935,0.16897052611101196,-2.146912305928183,0.28667006681730384,2.8313299819893483
0.014708189928924155,0.013343277967427012,0.003999008105334476,-0.005640495955643085,0.1809063668657431,-2.1537860781872187,0.486352232875728,2.86607660554322
0.014708333313961942,0.013428612794532257,0.004018484607521134,-0.005527424683501435,0.17312887816907338,-2.1316202305957446,0.42585060744318176,2.819827747285417
0.0147643281474356,0.013303878988189483,0.003914701976410661,-0.0056550437869342446,0.17911691996416299,-2.1266656746205728,0.5386541881908549,2.827435609375874
0.014786424719916409,0.013144086544989773,0.0038354475768895705,-0.005848807244535902,0.1911980063962085,-2.142905737778577,0.6692359609161577,2.878416254158942
0.014785522124756853,0.013233021848783099,0.0038661629922833837,-0.005732923560427736,0.1836775701838905,-2.12760349524314,0.5998742259055695,2.8388401478814878
0.014917867710951011,0.012875953113453124,0.0035523449702688542,-0.006086064826336682,0.2010275979483591,-2.0784593100776725,0.927646672762458,2.8278372649929437
0.014861392737763286,0.013110255318141594,0.0037259545335279363,-0.005835173822604653,0.186798034635452,-2.096642997096198,0.7206884372492891,2.80950345648811
0.014902209693928838,0.012957918942539733,0.0036109221731087855,-0.005996084913162121,0.19599597992700626,-2.084799101221551,0.8553115871335183,2.819910594634077
0.014884079814307269,0.013043387038719656,0.0036707207997773755,-0.005902572886411821,0.19057669343560546,-2.0893204598726136,0.7807735435193636,2.8099188879162615
0.014993995151196038,0.012847515372522225,0.0034435465502568583,-0.006052869741348656,0.1956427259804067,-2.024179705496508,0.9668922849278146,2.7464870445323863
0.015052764898124446,0.012797865378888598,0.003346711880266393,-0.006058998285473481,0.19322236697828069,-1.9820562798205987,1.017708290505068,2.69036861978239
0.015043824395037802,0.01273124833712665,0.003320951605075389,-0.006147052499444221,0.19922419903028377,-1.9867759831747964,1.0722274860561505,2.7148003278631454
0.015077583814331158,0.012667014788213804,0.0032437937105552657,-0.006190305147922056,0.20041957491321702,-1.958771961952879,1.1303576385625582,2.686528143396129
0.015155127619524866,0.01215148722051054,0.002785275890845595,-0.006686133339536695,0.2269286419043772,-1.8063656958596266,1.5851390705613377,2.6111370616560112
0.01512857899842317,0.012224932235187357,0.002874827431380078,-0.006638886137149803,0.22568448364170404,-1.8478037823284394,1.521894407227887,2.650866119586072
0.015126385719903471,0.012315636049938366,0.0029488042461211215,-0.006541266794171442,0.22011947431244727,-1.871878541819669,1.4397709848510376,2.6560028926299677
0.015115620220327825,0.012580274295894296,0.003146185896127137,-0.006252896774693283,0.20262749293534443,-1.9235197518314746,1.2069873292068714,2.653454638227266
0.015105953310565754,0.012406653942477905,0.0030395069764347893,-0.006461985261061751,0.2159562981451992,-1.9057694153549831,1.359078107666871,2.6796581597530507
0.01511079571318459,0.012488486916213279,0.0030913865704083852,-0.006363345930604316,0.20967556854617928,-1.9156831825971725,1.286480728326387,2.668759959623877
0.015248715006165087,0.011597085548426825,0.002157404440281841,-0.0070999063652743746,0.2436538804301504,-1.4898095128901685,2.053406410440364,2.3492529338120702
0.015259275964627702,0.011477013579516322,0.0020153862476943074,-0.0071852669556059295,0.2474994766049261,-1.4090040273557292,2.1505280470255315,2.282109771023728
0.015255970867027808,0.011544684187656362,0.00209385658445908,-0.007134070054035441,0.24497948716373055,-1.4536448298677256,2.0948157726740253,2.3175730690497782
0.015231437661270029,0.01168960218958095,0.002271364398959287,-0.0070428373334342305,0.24222214893340896,-1.5540571851667166,1.9802644943692103,2.4074330484182105
0.015269959056282886,0.011644185604098274,0.002189295550993117,-0.007028143032122199,0.23839848262450172,-1.5020310561166452,2.0034393197087716,2.340551253586106
0.015251477669338692,0.011745028018907908,0.0023102887426465772,-0.006964072198628793,0.2365880562514934,-1.5688659107946419,1.9239371126949063,2.4004730170280393
0.015161772576046877,0.01190663931475738,0.0025567803527138306,-0.006931938337571705,0.2413587884366916,-1.7110438628411007,1.8086018576038005,2.5637366000123567
0.015168491178043112,0.01208366173929821,0.002712830110684804,-0.006741270044517237,0.22939543814133898,-1.77430017485966,1.644499996995105,2.5861987946091776
0.015171998393898718,0.012020952341032162,0.0026533213938687073,-0.006801979015168963,0.2330034819250237,-1.7492464133341141,1.7010158714594106,2.5723758137993697
0.015173538628544252,0.011961687398773102,0.0025971815971569394,-0.00686061137671274,0.23624710633681076,-1.7250680305358912,1.7548102919204027,2.559595554865776
0.015258828755519038,0.011810917961722317,0.00236938628321209,-0.006892978432386792,0.23194485199440534,-1.596083181971421,1.8637219821290683,2.411397811314664
0.01521525998367679,0.011864634130211904,0.002463304179088546,-0.006901102574326692,0.2356509457154373,-1.6523489119403028,1.830676972538013,2.4822806253230887
0.015231046147819784,0.012130634701931929,0.002688112151315104,-0.00661471823544191,0.21835115400987795,-1.7426790722868934,1.59104525073,2.511788909170279
0.015312812678644367,0.010873199661502833,0.0012326808629429633,-0.007504167642462744,0.25407605129452443,-0.9054415781839819,2.569462456584772,1.8245181619243935
0.015303947773466607,0.010668758918723919,9.597271740186975E-4,-0.007613127369481126,0.25737043953694766,-0.715170396661577,2.7005708968567617,1.659187555406844
0.015327822903601834,0.010711281521992026,0.0010081848014524579,-0.007554156456768901,0.25297118578955896,-0.7476764039384713,2.6550923470233214,1.6716016885449656
0.015340384310059511,0.010826858099432065,0.0011576177405684155,-0.007480548921327441,0.24978334009647382,-0.8509865824846073,2.57582729907007,1.756086595274774
0.015354797464562205,0.010767576154410572,0.0010722367146872294,-0.007483594346280922,0.24801168090367337,-0.7904063873378926,2.5991882442048833,1.691259771586783
0.015312956982050872,0.010620318874918547,8.891395925269915E-4,-0.007616112142459871,0.25600297425042967,-0.6639560528223362,2.718725193978941,1.6053239230922647
0.015331975632393432,0.010488135854832345,6.983836081515759E-4,-0.007626510703548599,0.25254974116246753,-0.5238534821433236,2.766478456289654,1.4607189047022964
0.015336727869853177,0.010521004144711632,7.428852245870177E-4,-0.007608253319227819,0.2516602142634063,-0.5561107672812661,2.7465230768132316,1.487680045763459
0.015344017575374274,0.010569122442712488,8.07262254841409E-4,-0.007579898977597836,0.250352158865851,-0.602570371302435,2.716197916096036,1.525967252756177
0.015348977869115208,0.010458176137861914,6.516870362272329E-4,-0.007604921889271883,0.24950302311583614,-0.4884667492242459,2.763437051252769,1.415170450603467
0.01532595965037627,0.010298599710291609,4.3121293904628484E-4,-0.0076818752117977255,0.2521571984315943,-0.32543384976486506,2.850519823987798,1.2755200672769205
0.015349574487011082,0.010335174666261389,4.787171836416315E-4,-0.007632753693208794,0.2484837264733151,-0.36012166105841154,2.8128896451322802,1.2920528885909055
0.015362658312004281,0.010383568888630795,5.440031970316161E-4,-0.007599338510046883,0.24666966422854877,-0.4082105975134369,2.7811013777757854,1.3290308065235632
0.015368933572219953,0.010425456306572798,6.009174484176617E-4,-0.007578335217309789,0.24570626483746555,-0.4498463430704973,2.757953536182112,1.364517122826282
0.015291548347496386,0.011320721159275732,0.0018092897786128517,-0.007257262173679597,0.2477278816161898,-1.281780972803687,2.2601320300394163,2.1589044260399315
0.015290857614663948,0.011360058111711376,0.0018560587062637277,-0.0072289740634630265,0.24635737535511917,-1.3099525551627265,2.229105496848213,2.181618811600647
0.015300585617275054,0.01124212136559057,0.001708723423580157,-0.00729958744438117,0.24839186578497305,-1.2186834960774853,2.315920201530389,2.101157531515516
0.01531885347690639,0.011292240801392394,0.001755749213487232,-0.007235482506239587,0.2439585393903223,-1.2446588157299423,2.265783859164777,2.108697730409268
0.015295274722278627,0.01141636433274087,0.001917716550939013,-0.007179074940470973,0.24350321302403394,-1.3456937481987075,2.1811066261614305,2.206024007652413
0.01532277159980007,0.011462504553664501,0.0019482876174245739,-0.00710168587181882,0.23800863842015235,-1.3579105960935687,2.129105899409185,2.194645160679804
0.015293768841197314,0.011096974971951966,0.0015336875099002684,-0.007407381591563175,0.2534337701499219,-1.1086471215999938,2.4297412168683934,2.014879885228884
0.015325280292947828,0.011049878709134714,0.0014546665288602025,-0.007384931263727068,0.24908815203001392,-1.0527888136553658,2.4405989222588644,1.9440259866360117
0.015318401459334592,0.011149063002512694,0.00158296579114299,-0.007334047672831845,0.24793170961777397,-1.1369670878551534,2.374109946417421,2.0204264584273215
0.015340297128710496,0.011204711263898631,0.001636382872302336,-0.00726250615078087,0.2429714481133565,-1.167480889476037,2.318374190245404,2.0299378517628686
0.015331998410756817,0.010923222903681666,0.0012882987137877477,-0.007445730755340955,0.2502784501857363,-0.9412075216524195,2.5215168577557567,1.8421689597439912
0.015347487874392546,0.01098584957305775,0.0013604774204626446,-0.007385747812940566,0.24645259945585488,-0.9879089248280667,2.4678995750340817,1.871917562366248
0.0152562043629787,0.009630805895688606,-5.459559281926502E-4,-0.007790174111286497,0.2513442346606993,0.43297832263221997,3.0393261756655803,0.5656259421211285
0.015263722512062261,0.009761982149449882,-3.517573626676466E-4,-0.007802518904353462,0.2531112406460503,0.2792214661630688,3.0305525696705686,0.71876516187523
0.015254807259923085,0.009726082306034996,-4.062182702642745E-4,-0.007812915285068112,0.25400197632480864,0.3222771793791757,3.0421100713344256,0.6812883232498455
0.015303112887103568,0.00986150668437906,-2.0103901958891604E-4,-0.007742570003582445,0.24896049206021245,0.16046554831167106,2.977913394050305,0.8104650332993372
0.015306269479887866,0.009812259299094642,-2.7225704911833687E-4,-0.00773147948499623,0.247146906828746,0.21616379324778343,2.9785363899169695,0.751447522934214
0.01529615342893836,0.009776664907925618,-3.2535456765228626E-4,-0.007745142423229792,0.24843901320981082,0.2579418176224159,2.992226390789578,0.7162036480503597
0.015279306566859118,0.009695625419223464,-4.4622642374009556E-4,-0.007762005982471559,0.24915325912628292,0.3535193775511108,3.013655364994071,0.6304644013243218
0.01528489263375569,0.009639229186433201,-5.268911508271249E-4,-0.0077396107351927436,0.2470562684822209,0.4170305792681507,3.0060730395914175,0.5605097051812311
0.015301647880703508,0.009663168657867855,-4.885766774224133E-4,-0.007714497606976443,0.24482640742210157,0.3863755972783563,2.98737268837828,0.5798529760857124
0.015321198678846048,0.01009097024486696,1.3274768976356347E-4,-0.0077143709384066604,0.2502589080003099,-0.09839233330865045,2.9182025956708277,1.0568487401287447
0.015327979678826077,0.010258160649065293,3.729896793014488E-4,-0.007684978384106992,0.2511333296908988,-0.2815711367593648,2.862558129214573,1.2315478470962604
0.015311760426900875,0.010214637048550333,3.1257062110344615E-4,-0.007720411648479658,0.2538385028966801,-0.23622530289415186,2.893894914021013,1.1991703020504652
0.015329951026063588,0.010135219579001075,1.9607023157707114E-4,-0.007695671033932116,0.249619293576728,-0.14682099057932294,2.897568979453762,1.0983823031046134
0.015334776538449453,0.010176002297491025,2.542784477415354E-4,-0.007683265933731356,0.24883859860689633,-0.1911213485048233,2.881128519170808,1.1385103878965661
0.015320751640514288,0.00990103677212126,-1.4227203217855215E-4,-0.0077135892529908425,0.24706107000658487,0.1146104635371064,2.953490855585048,0.8440428486451969
0.015334768750852478,0.009939622815952816,-8.580923207231524E-5,-0.007690310908645617,0.24535955911008858,0.0707188043247508,2.9326377492620885,0.8782188163525154
0.01533834129338451,0.009983448609455898,-2.263144967860789E-5,-0.007685135958877377,0.24545111515821352,0.0219093307816824,2.9216503378788077,0.9246857537615824
0.015337319114503437,0.010022982477016811,3.4185675808170275E-5,-0.007687147520401849,0.24642834678333667,-0.022125893780426835,2.9154109206656713,0.969396330864916
0.015355503383176514,0.010059258636504132,8.579720526920428E-5,-0.0076536927156606325,0.2439721450507614,-0.061761089687853814,2.88819924788396,0.9959144093863078
0.014841336568864457,0.008027854727358234,-0.0029675422449467457,-0.007288160865429257,0.2917501892682414,2.3318399310387843,2.575134910739951,-1.2706618958323794
0.01486317148824734,0.00806155271913019,-0.0029070618798493443,-0.007296873684829281,0.2879031722024359,2.284927856687498,2.5912436429312495,-1.2310899683764702
0.014859424154567128,0.007992888349569174,-0.002980344339225666,-0.007219694200579969,0.2889598051853725,2.3295986055784876,2.5227256245466347,-1.2924822957858255
0.014892149302140256,0.008119741745273653,-0.0028127832032323664,-0.007322495150002148,0.2831582632680129,2.213645809663934,2.6245631706321437,-1.1661183240834527
0.014898479806720846,0.008081993631707314,-0.002844518146139515,-0.007269277122886255,0.2824011385391066,2.230255279807834,2.5808792093352584,-1.1978068253790946
0.014921591384146074,0.008165933212248072,-0.0027303147834212005,-0.007331249221945346,0.27839825534812124,2.148923419458466,2.642957026697635,-1.1118239166074095
0.014916357874080072,0.008136512147826768,-0.0027673684144948287,-0.007305741114966556,0.27924945522368455,2.17449459444083,2.619096181779637,-1.1410820363909813
0.014949716718322126,0.00817693781725571,-0.002687176762388985,-0.0073013403536914875,0.2743540813059404,2.109855258859305,2.627545509726876,-1.0912193362698521
0.01517266861793524,0.009126487305572558,-0.0013052889275709998,-0.007738363061683166,0.25183303310538424,1.0400811027734076,3.032732026619556,-0.018329053206582565
0.015176565861200473,0.009160068375977404,-0.0012560447774367628,-0.007750017100656784,0.2520491291699443,1.0009753044404324,3.0404396834629437,0.02158922726694318
0.015200666621546238,0.009180915903705985,-0.0012138874002230046,-0.007717935722324387,0.24892552298442308,0.9654303207634648,3.019237754276738,0.040989572822085145
0.015200619517532467,0.009100367272829825,-0.001325562741530722,-0.007673701564979069,0.2472243340022456,1.0532918965932259,2.9897673997423335,-0.05580968097599282
0.015190947727940966,0.008997875994365991,-0.0014706828149341404,-0.007628847445479804,0.24668231061806947,1.1677139565424683,2.957634372254367,-0.17547802463215043
0.015207026538080757,0.009034401553980137,-0.0014115353339960687,-0.007623472102443498,0.24488082840260725,1.1198084713080758,2.9552976720908557,-0.13493158338575675
0.015226736706609649,0.00907048945934181,-0.0013511464376137988,-0.0076105458093984136,0.24287368875654394,1.070568168527082,2.947663703853765,-0.09590948936475208
0.015194120835535271,0.009244918284816843,-0.0011269851482991003,-0.00776231733666177,0.25136068352368285,0.8972361299851598,3.0473941287124227,0.12066599261179235
0.015198157289736619,0.009281112303900186,-0.0010735032611485249,-0.007772342651352384,0.2517038294358635,0.8545848492886269,3.0529527875909994,0.1637116641293461
0.015225530022600268,0.009297631572648624,-0.001037419397527568,-0.007730378973874223,0.24800738281596382,0.8239537827989913,3.0248336416364534,0.17501986102784392
0.015242687449778667,0.00941119462118974,-8.684717946065109E-4,-0.007746568791705933,0.24806911176112623,0.6891919835757739,3.029928743421142,0.30619111356615875
0.01524522742946615,0.00936987112615065,-9.264493595411181E-4,-0.007725765143217131,0.24665759853618305,0.7348136972142361,3.018701039222991,0.2554592410980923
0.015235490766021278,0.009330120128955195,-9.8698158129786E-4,-0.0077267556272336835,0.2471081605455175,0.7832938817441218,3.0212096322520874,0.21099598266607503
0.015224517093110238,0.009212400095759885,-0.0011576556068346605,-0.007691507353722086,0.2462145886398102,0.9190753629840758,3.001369627002874,0.07254725229592653
0.015225407711715717,0.00951225069663338,-7.28164944823935E-4,-0.007813616796036324,0.25339023023587287,0.578574120664333,3.066251680052663,0.43697903376637987
0.015252592507657998,0.009599242154846477,-5.930111864264291E-4,-0.0077888749011815256,0.2510907586182492,0.47035784068334724,3.0418888039357888,0.529406918466565
0.015246911659730767,0.009567293382924636,-6.412240673309299E-4,-0.007790622450664516,0.2514444674010104,0.5087243384036831,3.046225728063735,0.4936388695100316
0.015238629508766668,0.009540385498974588,-6.829150898198148E-4,-0.007798006823543486,0.2518274184810274,0.5421228298474728,3.053606304021606,0.4650333637960258
0.015244051487187696,0.0094758589499051,-7.749423438050501E-4,-0.007767371060217338,0.24932897678527555,0.6149106205973878,3.0391657184533933,0.38403115989155395
0.015272214634916351,0.009439894414487351,-8.166648804213604E-4,-0.007703700602848334,0.24447040716058702,0.646551984250401,3.0004166861857633,0.32894307893746993
0.014965183846299763,0.008204699734707131,-0.0026405201466250766,-0.007308626332432919,0.27167611558821597,2.0736914408756024,2.6393588945386135,-1.0597491622614024
0.014986177775628558,0.008234447164419444,-0.0025857605638992913,-0.007309015909445654,0.26852586878160833,2.030144558003928,2.647076613384033,-1.0245893088863236
0.01499402896686907,0.00826671656857506,-0.0025422433588565122,-0.0073313021398797255,0.26757384290877373,1.9986867420891854,2.668657009145962,-0.991309758310981
0.015018334514070359,0.008290340825903804,-0.0024909090525690315,-0.0073187684747333176,0.2640214136293973,1.9560191913158886,2.6664290540180917,-0.9611289362729117
0.015030279068931195,0.00841145446679864,-0.0023417454265068816,-0.007422094990573307,0.2626337738657139,1.8500162697186544,2.757070527432336,-0.8372797419216821
0.015053118814256071,0.008438758323121498,-0.0022878198107672905,-0.0074122938017402,0.2593725242892198,1.8055996121768765,2.7559267572338793,-0.804189558857021
0.015070957468493105,0.0084712789993273,-0.0022328287009425185,-0.00741467962625874,0.25690788081725463,1.7618960052990629,2.7632740053388605,-0.7670313482725869
0.015100015378293835,0.008502065151622221,-0.002169759990495885,-0.007396703681978618,0.2530669838820441,1.7095222787393565,2.757187939701774,-0.7297301736229312
0.015117629978716705,0.00853550588160537,-0.002114365717012272,-0.007398576249031864,0.25089717319301824,1.6654641833846744,2.763748371548615,-0.6920970248202504
0.01504162137833956,0.008374763666020357,-0.0023727661976255515,-0.007368081107426499,0.26075860596887734,1.8682042934340186,2.7155394764158967,-0.8717772117156716
0.015043973601981663,0.008330014062780208,-0.0024208048056031935,-0.007319816077975152,0.260142888175034,1.9004454449830546,2.6759081644647558,-0.9153824937030332
0.01509900212553404,0.008633632976694363,-0.002011429164009223,-0.007514366763446765,0.2543383199990607,1.5943614335523202,2.852353862949912,-0.589425668578072
0.015122229509934026,0.008602638554004827,-0.0020296717949792424,-0.007449687280250555,0.2508856855177273,1.602925160922115,2.8063053026395886,-0.6206923400420395
0.015132034307098769,0.00856650607849515,-0.0020647773761048854,-0.007402639201432405,0.24880124367072037,1.6263049102149054,2.7710247307836378,-0.6575860084977835
0.015172298811084797,0.008902650615820951,-0.0016098539234407137,-0.00759813209255162,0.2475822259602733,1.2778145926296876,2.932666066651634,-0.28451475529784703
0.015193669678665294,0.008871428993106497,-0.001635816786544414,-0.007539876146206113,0.2441199802919653,1.2947548544446796,2.892495289141306,-0.3215032484380023
0.015122315267928737,0.008665925482556992,-0.0019516912185141503,-0.007502856819889283,0.2514534333035315,1.5452608191095216,2.848881893789947,-0.5519973417859925
0.015134411630730246,0.008705642308563731,-0.001892132732216434,-0.007515117588100985,0.250187159004101,1.498631735820451,2.861429034533319,-0.5075333055034817
0.015173997439605688,0.008718953950880676,-0.0018441147437942148,-0.007459907671341334,0.24462039520277387,1.4551624935995877,2.8271026601214415,-0.49075187784949215
0.015177416515347215,0.008757911479436768,-0.0017927255768810282,-0.0074843073333712914,0.2446720699191773,1.4160536239384802,2.8469015610209794,-0.4479321915048963
0.015178459794229862,0.008797757830378363,-0.0017414627033748612,-0.007512521423850691,0.24514345796882392,1.3773371291958356,2.8689055650342365,-0.4038534322242055
0.015190257999658724,0.008838151098394404,-0.0016811648239174225,-0.0075220962062265495,0.24416979091746738,1.3298481185794868,2.8784509874774433,-0.3588970121196548
0.015196025556225807,0.008931916084901736,-0.0015551781413731885,-0.007577166567945289,0.24483622158964777,1.232464071721281,2.920668437053908,-0.2526175060628673
0.015218989408940403,0.008964387740912324,-0.0014973658161953937,-0.007558975478928858,0.2420911450903882,1.1848733121622035,2.9103866157456193,-0.21750942472073884
0.014771839317788896,0.007915188842216338,-0.0031649775833714256,-0.007246547418997951,0.30419368383735446,2.4821960703864696,2.5104999183614076,-1.4006719441136672
0.01479871621960091,0.00794229856147714,-0.00310470662714668,-0.00724321571806335,0.2992994147764059,2.4333123967527643,2.518694707776342,-1.364473115669128
0.01483820458945449,0.00796082376363412,-0.0030375255187497893,-0.0072105526280212195,0.29270824669870166,2.3734115289864124,2.5063059586270744,-1.3295095459431214
0.014774816524836159,0.007874081117576585,-0.003199786396324701,-0.007189391280941739,0.3039015570408357,2.498518102776903,2.461540975765565,-1.432455167296643
0.014789001975529613,0.007839019076476699,-0.0032135291108236425,-0.0071247441207024,0.3018808478759091,2.4959335577748294,2.4111415634615896,-1.451902927791847
0.014781657182730858,0.007805302442663705,-0.0032531417079473338,-0.007090894092770599,0.3031382975954932,2.519963103163126,2.3784913721925633,-1.4811859334855275
0.014789365928210514,0.007765560382849021,-0.003277663702491503,-0.007028967107068491,0.3024332685096527,2.525821264660357,2.3281029482599522,-1.5053621179037988
0.014616571488895237,0.007510015957517373,-0.0037165506724805663,-0.006892052631851061,0.33630613398253767,2.8341383521901986,2.1305737748862064,-1.775009421327466
0.014718687238067879,0.007676801870280779,-0.0034459240375356794,-0.0070015384126957654,0.3156381413229989,2.6511758179225002,2.273014361441248,-1.6078379667429068
0.014701277291762141,0.0076425194537649635,-0.0034972399265255946,-0.006976466462621984,0.3191024229497403,2.6852185624222726,2.243322152183803,-1.6408150371241408
0.014639438553222868,0.007539237487849852,-0.0036626338411432625,-0.0069069827586394844,0.3317457770828737,2.7962913448470776,2.1543534287720707,-1.7432012280708953
0.014660665666270375,0.007573015127159681,-0.003607478478876548,-0.0069294514909088315,0.3273878942092137,2.759338536585289,2.183774502198221,-1.7095726221832075
0.014681225430697848,0.007608127994930303,-0.0035519136624692694,-0.006953634949654432,0.32303309141717373,2.722173892536507,2.214302074356612,-1.675039526679661
0.014773923481407089,0.007705770539908569,-0.003348165709575669,-0.006970380597851329,0.3057653117063834,2.5674797738828334,2.2706943196021965,-1.5550774900380977
0.01479136960884566,0.007731344882538644,-0.0033040171063531826,-0.006981724075720007,0.30217484685648044,2.535795740147917,2.2881029929497845,-1.5277204929302628
0.014756645269848727,0.007675427593182282,-0.0033958420165877573,-0.006951862683343976,0.30891431107955714,2.6002630555516197,2.247022466028461,-1.5853060358468642
0.014533269409767033,0.007367883726437467,-0.003934395946447604,-0.006776796717247172,0.3542169325232312,2.969389526542894,1.9903749290046544,-1.904623229049453
0.014496137184312799,0.00730858906067816,-0.004026436424943092,-0.0067266677630439505,0.3624066792126825,3.0245077567174623,1.9287005445894148,-1.9570914055516775
0.014514757849734319,0.007336702099539731,-0.003981433095679784,-0.006749706663941565,0.35834502220033704,2.9972474983647257,1.9578140906801416,-1.9317246666989576
0.014554117433310053,0.007402076826809835,-0.003881505813077601,-0.006805046641816067,0.34975996353410205,2.937124543030192,2.024998723027974,-1.8738728487783092
0.014569696628995946,0.007429967906993308,-0.0038401506393564515,-0.006828992349025609,0.34629314978925485,2.912241470978249,2.0532052790862436,-1.8493596766739209
0.014596155485095052,0.007450440454796103,-0.0037876058658441727,-0.006829155988619274,0.3410432405674562,2.871650744589606,2.0663269630040317,-1.820354855974225
0.01462776640906573,0.007472447370554034,-0.003726812769576381,-0.00682501612448362,0.3345733504259753,2.823653305453839,2.078174955921444,-1.7870085534687223
0.01433145445506861,0.0070562192511138926,-0.004410790691628685,-0.006489029057060233,0.3997492676581458,3.233687772376392,1.6417019077977038,-2.160327990879873
0.014274386636763906,0.0070236853173379354,-0.004516271821862021,-0.006485009393320445,0.4130037392383269,3.3119343176993508,1.6062383372514772,-2.213111732427467
0.014308919854513253,0.00703720204180172,-0.004454809689135882,-0.006477779204260666,0.4050843225787066,3.2626057908955723,1.6199493582934041,-2.1821801138686863
0.014509472689297932,0.007279413264694709,-0.004023044350908506,-0.0066685882271261656,0.3601620865510299,3.003366767380165,1.8862061491642124,-1.957918384384857
0.014503982224374233,0.007247029535870037,-0.0040494449493613345,-0.00662517739500518,0.36131936142528936,3.0092332594553266,1.8468681926139572,-1.9734251414677788
0.01449142067471848,0.007210054479798719,-0.004088380366626496,-0.006581574597819949,0.3643239248490023,3.0240342411825476,1.8039633098362267,-1.994946053441416
0.014405695197029438,0.007134154783412597,-0.004258513449465069,-0.006546072167775626,0.3829824405964799,3.139907975273727,1.7292618319827895,-2.083450393350439
0.014371743739258619,0.007083835648257529,-0.004334855712165298,-0.006497619822706296,0.39076901937488234,3.1795954937417066,1.6708945769758088,-2.122081235903432
0.014396966382588163,0.00709788169138764,-0.004288903244357702,-0.006497187647336712,0.3849017059657023,3.144909694249342,1.684359080506701,-2.0987344798443752
0.014363007863946994,0.007051904701846631,-0.0043622922208001085,-0.006454785186486269,0.39239863157239174,3.1840205569416864,1.631058464875785,-2.1351985883361273
0.014473075377893559,0.0071752639707954235,-0.0041342387083867305,-0.006546330647796591,0.36839829277503083,3.0464590373923524,1.7651415801793007,-2.0193557799960455
0.014448277840697216,0.0071399848467126525,-0.004189620050870118,-0.0065156125980957835,0.37379794464024924,3.0771774434206542,1.7267759377751715,-2.0481150172033833
0.014046219208033369,0.00669093658068617,-0.004983916585256682,-0.0060914374149865095,0.46591634882827915,3.485520603513343,1.1599438251115064,-2.4043553217332025
0.01407784879646704,0.006714908116240666,-0.004927059189454282,-0.006113252425333356,0.4582462154186116,3.454536216326011,1.196044314551725,-2.3812735680346218
0.014105255107553248,0.006740853433834507,-0.0048766733933867865,-0.006139972340231717,0.45177225705551355,3.430357597740546,1.2330998983667927,-2.361328941216319
0.014127306357703954,0.006769699566426978,-0.004834272938308254,-0.006174096797286226,0.4467520075257117,3.41519514948063,1.2724995545489886,-2.3454464802699246
0.014161153131690078,0.0067665443368739074,-0.004778966688189168,-0.006146945090614329,0.4379009968420721,3.3623177424026793,1.2725417945992303,-2.316955891958694
0.014174614142062494,0.006805242473278304,-0.004748032623906919,-0.00620164723049633,0.4355413310600373,3.3644766982876635,1.3222226340664387,-2.3079443977032255
0.014286639003791173,0.006979579665465415,-0.0045127135661766704,-0.006403092307742049,0.41015511212056627,3.276212598575841,1.5464806832534206,-2.2083821362887925
0.01419779985800638,0.006864127565338506,-0.004694686761366037,-0.006282454573994047,0.4305999677448616,3.361014513598604,1.3989568045025165,-2.289537003068364
0.01420789262221406,0.006826219009246859,-0.004688276111462009,-0.006213133081589192,0.427577427026459,3.326020804496539,1.350771473092003,-2.2809520693688268
0.014221501532632012,0.006889095625343907,-0.004648576473025154,-0.006306186629842663,0.42479213304825697,3.337009464314267,1.4315267971827914,-2.269139231856941
0.01423888464028929,0.0069114796890281304,-0.004613316056060976,-0.006329775275837305,0.4210732414759841,3.320941843864498,1.4602214906546065,-2.253699798850344
0.014263932717492251,0.0069280533554371805,-0.00456723133939478,-0.0063375606110610905,0.41515251773879924,3.290068083217961,1.4809332545068454,-2.231895833662438
0.01429120754922087,0.0069434206647255164,-0.004518043480609899,-0.006341097488799658,0.4087876678531251,3.255133699048421,1.4994035347153638,-2.2081574760199096
0.013945541128702636,0.0065764258832330365,-0.005165574016168287,-0.005949888155184065,0.48896692579946155,3.545812258648891,0.9916986158627082,-2.4639813703102544
0.01396929174661082,0.006592296549430011,-0.005124300714888976,-0.005965432545611943,0.48311536244880166,3.524034119203971,1.0183956127521736,-2.448488380657984
0.013994815137737423,0.0066108989689933305,-0.00507971761195047,-0.005984149957635532,0.47688849118779814,3.501429000963736,1.048403050725634,-2.4318512705483286
0.014020622804649422,0.006634407339237403,-0.005033990252736956,-0.0060103263352640065,0.4707366530514255,3.4816485518992626,1.0839064405577774,-2.415573712346927
0.014056041576801912,0.0066524099580919345,-0.00497258568784471,-0.006021271905503867,0.46220766319101153,3.4429436825704784,1.1142630601727224,-2.38983527549286
0.01378671270189927,0.006431200403995289,-0.005435847070479616,-0.005764402826851739,0.5262941527016621,3.638183205686168,0.7554418958042,-2.5430040386974464
0.013812434179981632,0.00644940633606181,-0.005392829940608892,-0.005787071477907055,0.5199280963838716,3.6203106245563954,0.7886526623448122,-2.530018907342345
0.01387631460103926,0.00652046698219099,-0.005285268428435107,-0.005884845683830658,0.5057296386054725,3.59751439885321,0.8994672048817639,-2.5041059912494856
0.013858628752006753,0.0064948777495642115,-0.0053153137029401465,-0.005848063068475017,0.5093040802483878,3.5989090550903255,0.8619737168656615,-2.5098611596914644
0.013836828663467119,0.006470783571792265,-0.005351991193997037,-0.005815035104143639,0.5141888406817982,3.606824331948335,0.8244554482439442,-2.5187386582436204
0.013950819020612048,0.006542595478795083,-0.005158144283424136,-0.0058901522884369124,0.4859689265560907,3.508938180035505,0.9529810451864503,-2.4505458071433703
0.01392614494713342,0.006527968855819481,-0.005200258035384093,-0.005876447644245531,0.4919509834445877,3.5317595888676014,0.9271527794066415,-2.466208404290073
0.013903629569621661,0.0065152519231708545,-0.005238626726988596,-0.005864537632424696,0.49794755170919436,3.55288782783031,0.9038508686980327,-2.4804375932442864
0.013665275010856343,0.006292723349190053,-0.005626390333369275,-0.00555837279116883,0.5510932517614159,3.6498367933740226,0.536707614596366,-2.569976591310383
0.013687136410783576,0.006310953366897281,-0.005592166743843625,-0.005584989175056324,0.5461701457408403,3.6422156412924154,0.5690296823631736,-2.563456940771134
0.0137157357708887,0.006314630644184256,-0.005544018440404767,-0.00558478667064671,0.5380711879492361,3.6083320562747296,0.5900323723234889,-2.5445037386712994
0.013745639026475458,0.006321657246366668,-0.005494380190303282,-0.005589428093787551,0.5297084949641387,3.5766361263093565,0.6144364775028829,-2.526092656513908
0.013789433857379007,0.006398795193021608,-0.005428523731562859,-0.005707992461984329,0.5232373551302888,3.600173794415267,0.7203860056026077,-2.5274927475298727
0.013763503876028442,0.006347260541567014,-0.005467342223180835,-0.00562802314529231,0.5267918019170469,3.5806759134492405,0.6511503181702952,-2.5246810247619336
0.013788308992826001,0.006368672789411001,-0.005427662169818691,-0.0056571860750635845,0.5211934454245851,3.5700723006778903,0.6869528081123516,-2.515594183802419
0.013587236246566159,0.006177822926359909,-0.005733821470076107,-0.005375405052518905,0.5624716422368742,3.608712571296459,0.3723272343417336,-2.560021686596484
0.013607945875117669,0.006195146087155614,-0.005703220718546875,-0.005402106601711322,0.5583858029211083,3.6048449851348616,0.40271841943785464,-2.556335117579881
0.013637143168670313,0.0062059107497642345,-0.005656660577387146,-0.005416218681648774,0.5509097393032291,3.5821096755519255,0.43262956835108335,-2.542980399284089
0.013671868572680934,0.0062559542491485735,-0.005608406537143424,-0.00549465187455262,0.5454829806710967,3.59782289730629,0.5037804277578904,-2.546159477379067
0.013673520723717122,0.006217783176827186,-0.005598334218527092,-0.005430365749005978,0.541387887954194,3.55166361419602,0.46754636528328336,-2.525060296709913
0.011390240620624483,0.004855060616742425,-0.007628620346949355,-0.00204812848614057,0.592172902299709,2.07354617188736,-1.9125769697532122,-1.3371709876402245
0.011427063449793332,0.004833708355179682,-0.007578885807914976,-0.002077689004605216,0.5860201591894092,2.080339250740644,-1.870976472715516,-1.3566909551869393
0.011352349751468612,0.00480762118898362,-0.007607716357066591,-0.0019657813674270577,0.5729950516269012,2.0036461964396857,-1.9066927359050214,-1.2915001500492769
0.011259318171054807,0.004773479727687148,-0.007637483650045276,-0.0018246813429760014,0.5545821750930614,1.9051523061780296,-1.9458934949852775,-1.2085017873126365
0.01130409628484893,0.004783192863552905,-0.007616860837481423,-0.0018879581211383378,0.5611306272527341,1.9470192195114142,-1.9228891013991694,-1.2463480536020572
0.011336268991662991,0.004760176614676122,-0.007570901815296618,-0.0019119627679860065,0.5551271245577817,1.951266943204502,-1.8853975188139127,-1.2629971321097997
0.011171966422829254,0.004679358653535189,-0.0075973569223895575,-0.0016534239958383844,0.515523702944796,1.7639318958151793,-1.934577675804999,-1.1120938197184704
0.011241816557812858,0.0047185578799455365,-0.007592902055980133,-0.0017661659095247091,0.5344056363654065,1.847574879743749,-1.9187703886270928,-1.1779296980743181
0.011217562954478646,0.0046666233893306736,-0.007556091872773357,-0.0017025369973326543,0.5152377108449592,1.7890967919079428,-1.898333388123045,-1.1436905711568028
0.011465386185061686,0.00483859265975357,-0.007554294950980862,-0.0021282097879517284,0.588878421485123,2.1112914040567357,-1.8457912944038635,-1.3865301953401319
0.011594278773046042,0.0049258111025506516,-0.0075368109972966035,-0.002354370100573606,0.6234571552272601,2.2806988250231353,-1.801240876972665,-1.5140445223066246
0.01156172621403586,0.004911583477184045,-0.007550084601846273,-0.002303458760285329,0.6179548035241555,2.2455903470663463,-1.8185855325386817,-1.4852214332146534
0.011533382265686445,0.004885177547256045,-0.00754691519716775,-0.002247529209756225,0.6077629205195384,2.2007992029954617,-1.824156495335556,-1.4537999406917894
0.011658557003445346,0.0049241333378270994,-0.007479080072218163,-0.002428084863000902,0.6225338101579635,2.3178618032178124,-1.746702220773453,-1.5562535156481139
0.011626657488182344,0.004902184867458553,-0.007485203972747386,-0.002371967993065769,0.614397620625903,2.276155564829464,-1.7597756434590706,-1.5249275960153759
0.011780618566183825,0.0049768390193658295,-0.007418946556781295,-0.002614441867465282,0.638559888647713,2.441995825484357,-1.6718092207837645,-1.6592062544801756
0.011717121682731375,0.004951175650148536,-0.007453057954466478,-0.002519378477010954,0.631337114452793,2.379942181223667,-1.7128847624305437,-1.6069992502487949
0.011754652748077767,0.004950684755901092,-0.007417862201674978,-0.0025610359803617073,0.6296049113580624,2.3995777005730905,-1.6799757804447324,-1.6298352831539282
0.0116967390346632,0.004917259455529377,-0.007438246049002122,-0.002465514418180315,0.6189505338227096,2.3324868904119724,-1.7103860101527026,-1.5774491359211777
0.011510690150202797,0.0048381092214938035,-0.007518000466645643,-0.002182249358474733,0.5900202513769156,2.1410109689887733,-1.8113168912816329,-1.4184186533718286
0.012120352129636676,0.005139932261103958,-0.0072204759859768155,-0.003136049633606593,0.670628275457357,2.7756773907192636,-1.4240700765125691,-1.9326096722809154
0.012094681887858184,0.005109000946227241,-0.007220809331934031,-0.003076839246758179,0.6622992483039672,2.728467878820943,-1.4376990057218288,-1.9011179687787816
0.012064052119860924,0.005093393527364796,-0.007240166278317417,-0.0030298826578061145,0.6602940470550219,2.699307370847717,-1.4617104534860326,-1.87741587621828
0.012050659812703257,0.005067746733366997,-0.007231093429020954,-0.0029889597402620316,0.6522880269636562,2.662929834143732,-1.4640667948634662,-1.854972978157864
0.011936281327907841,0.005058730509727668,-0.0073435493996066225,-0.0028635320832751487,0.6596473732547627,2.6099772143778526,-1.5707985526895085,-1.7933891000848432
0.011978960256799365,0.005055645801111014,-0.0072961241035907004,-0.002904424619083482,0.6547831239305638,2.6229442359021067,-1.528150486938397,-1.8133565852929008
0.012019256182288041,0.005058853997673951,-0.007256526758938062,-0.0029484332803636254,0.6522644721606786,2.6414577094885257,-1.4906727485546887,-1.8348859498851666
0.011867341603245023,0.005037357011912499,-0.007393220004041442,-0.002768412996834633,0.656651118753094,2.554138635175527,-1.62541176360093,-1.7431840894100208
0.011913151910025392,0.0050242334935475,-0.0073343789375031115,-0.002803925688594494,0.6485392884552948,2.558873311390069,-1.575524951193316,-1.7607882065762765
0.011845391315755627,0.0049988560648310115,-0.0073777422112013555,-0.0027065090158953746,0.6435544704059922,2.498805029062952,-1.6252383976174738,-1.7089996339655016
0.011819175212298602,0.004963059630246748,-0.0073687626950094684,-0.002643437836420182,0.6316041227671693,2.4457560647675227,-1.629763184706139,-1.6744700828230077
0.01223501230380056,0.005207633838545486,-0.007148998723816455,-0.0033210803646004654,0.6792647799198654,2.892124229140705,-1.3287126131402545,-2.024096863592178
0.012172704923664249,0.005172233349467566,-0.007190172624099353,-0.0032224488197173944,0.675441211721942,2.8315714167139467,-1.3821114095645033,-1.9760260925010293
0.012206722550534491,0.005179019652804694,-0.007156738234288984,-0.0032616944564144565,0.6728454590099047,2.8478244143665674,-1.349099603109519,-1.993563293270784
0.012160561146455492,0.00513240371655046,-0.007168146163927712,-0.0031654701926540074,0.6629052263257784,2.776133708704069,-1.3803262780116885,-1.9439705229411148
0.012285301945531839,0.005223759858875583,-0.007102984514557681,-0.003384980066780712,0.6769983682090376,2.9218835594482466,-1.28013865257745,-2.052548192550661
0.01233443908740428,0.005225811681110661,-0.007045044386553546,-0.003429467589077866,0.6698844932579054,2.9301678964409272,-1.2287000686033982,-2.0687180082628838
0.012375426147263658,0.00523588891390356,-0.007003251705366737,-0.0034756554519931207,0.6664630830650374,2.9470598490128013,-1.1875646356449308,-2.087286807631831
0.012422977144146823,0.0052576505029952696,-0.006962141386594852,-0.0035407470981113492,0.6650279568848331,2.9789689785324116,-1.141738036901572,-2.1149417887303574
0.01246970524917116,0.005260701368614917,-0.006905741722473526,-0.003580523729307259,0.6577898624682073,2.983135054587596,-1.0928544607514807,-2.126986184482433
0.012529373270242878,0.005353539341394077,-0.006903172019848303,-0.0037446993586264764,0.6752642831251622,3.112077248879047,-1.0404393452313372,-2.2088401665777546
0.0125655448040137,0.0053784658463172375,-0.006874927385988667,-0.0038037287240917416,0.6756441762047163,3.1445683759518235,-1.0028617605649537,-2.233476802599452
0.012523437722434442,0.005311930128588084,-0.006877772249969172,-0.0036858999666109066,0.6636077976121157,3.052473593375057,-1.0425614179112885,-2.1754133315763866
0.012512187285769777,0.00526705039753875,-0.006856829594862787,-0.0036199724582996577,0.6518630440985628,2.9902154704161634,-1.0490848295520305,-2.139423858786604
0.012634451421367706,0.00541799886950335,-0.0068124868001226335,-0.003904269182335073,0.6727288018723208,3.191556590736594,-0.9283043074212177,-2.271854965323703
0.012614261970975427,0.005379273957948229,-0.006810178980660191,-0.003838314713319299,0.6654189943349876,3.1384081504928827,-0.9497380960600964,-2.2392205696416134
0.01268334860736467,0.005436329047460346,-0.0067590823674776234,-0.003960971940474234,0.6667978665077677,3.2079159910094894,-0.8745159970005985,-2.289323234109904
0.012730278429285166,0.005443399773777236,-0.006699218822325613,-0.003999411492492577,0.6583286170613195,3.2059680095335925,-0.8233307736129065,-2.295882611028546
0.012770311997174382,0.005454354489278414,-0.006651209420368992,-0.004037900583632505,0.6519635688122639,3.2100325078340677,-0.7796221931663411,-2.3043023239600924
0.012812087451289294,0.005476198910636829,-0.006607652051878117,-0.004091667521443667,0.6480377026054046,3.227981175432185,-0.7330665503414308,-2.3202163565839378
0.01285614829062789,0.005485762170002765,-0.0065517674150483785,-0.0041282386153123655,0.6400134686142906,3.225708655340029,-0.6855078864233987,-2.3249688837808686
0.013583818149386776,0.0061320681169432685,-0.005727862206085844,-0.00529941066060611,0.5587002618286504,3.555976575261389,0.32851227684831613,-2.5352799792308756
0.013525535614254182,0.006064160437936364,-0.005804767417718074,-0.0051908855541867955,0.5673008917470436,3.536385129117353,0.22831270995959493,-2.5290733399767014
0.013555571256635037,0.006092011727635076,-0.005763587047098951,-0.0052353298927521824,0.5618574860935707,3.538328980518997,0.2736915919840989,-2.5285349431959863
0.013343975351179148,0.0059310804553782195,-0.0060526040780411105,-0.004965504390173935,0.6013518373060248,3.5440852877649798,-0.020488911260985104,-2.5354511723205033
0.0133492898420061,0.005892134696879309,-0.006027783538110127,-0.004903658239368801,0.5935625213532728,3.48547730914932,-0.04127195534957632,-2.505072640936812
0.013527987143489573,0.00601840028917772,-0.005786826016324958,-0.005116420388817492,0.5606734424091768,3.476394627170708,0.19390422525550347,-2.4990931735156967
0.013382773560742101,0.005952500725233179,-0.005998532557054043,-0.005004320889524505,0.593233376566527,3.5364902266723304,0.027988209617610584,-2.5318647460623684
0.013496092108115072,0.006003353903484584,-0.005833546413106394,-0.005092241206158068,0.5677766969012948,3.490339445271832,0.15790767480581502,-2.507082353308728
0.013461073469635314,0.00598474532490133,-0.005883845700114756,-0.005061435362932828,0.5752881207163155,3.501984750960838,0.11630450699189565,-2.5137285514213263
0.013424888014975538,0.005967055580003041,-0.005935961135746226,-0.0050311089305769005,0.5833855049347881,3.514896980363688,0.07384193890297998,-2.5207079738585634
0.012941846562865783,0.005622400310614065,-0.006515997736993556,-0.004367944103236988,0.6524265775679715,3.3885159407851915,-0.5658471314557603,-2.4248354092187934
0.012976961674479067,0.005627173722614377,-0.006466554521866783,-0.004390275109956143,0.6441916918759497,3.3766123397452747,-0.527500961587619,-2.4223418865388293
0.012915129735433208,0.005583685923094262,-0.006530713344953935,-0.00429838885249429,0.6497581765966799,3.3436104487017246,-0.6043110480621366,-2.397216021487473
0.013014687818302402,0.005644478922822686,-0.006420563507845167,-0.004431526279250799,0.6381919289437535,3.380936241599664,-0.4830541039165883,-2.428636789578141
0.013054390357556081,0.005650774773992439,-0.006364625685929358,-0.004456018963080256,0.6290801928854174,3.3668787467071266,-0.4405778198378694,-2.424752294786172
0.012906177483195733,0.0055343995043996,-0.006511946815783701,-0.0042223371158479255,0.640154221567803,3.275282509096743,-0.624783444217992,-2.358657845213232
0.012890176931628371,0.0054994728672482715,-0.006512368316492589,-0.0041645758207888494,0.6350998451490948,3.231919354998916,-0.6480389602215741,-2.332785307975242
0.01317330000685086,0.005801106818241541,-0.0062641777748345595,-0.004724863513755937,0.6273319520073147,3.5049261161147354,-0.25733322580009216,-2.5083115825150206
0.01315932701383888,0.0057702239125092605,-0.006269916371575485,-0.004672681650492376,0.6252979106280973,3.4702568997246046,-0.2863942340119458,-2.488943899449111
0.013088583346480515,0.005704954840806983,-0.006343673654642257,-0.004550134360418525,0.6313833123609011,3.4243383368770712,-0.3855990046279864,-2.4589984219226086
0.013115944194141922,0.005723236648032758,-0.0063118454848806625,-0.00458707269082181,0.6278428037675212,3.4326534283775882,-0.35067349176917073,-2.4656521177453583
0.013139554047369793,0.00574439136087188,-0.006286897196116918,-0.004626898745153394,0.6255867546905253,3.4469694977876473,-0.31794198431802195,-2.4751071698917086
0.013088147042079543,0.005662566541607334,-0.00632056490363109,-0.004485635576743662,0.6228325644440288,3.3630922611878127,-0.40252426230593014,-2.425714861889577
0.013250062223935214,0.005837669128420098,-0.006161113688757541,-0.004800601642546691,0.6122743645574314,3.4957784010997854,-0.1640542249588996,-2.507489466788246
0.01322953961713975,0.005824435203072911,-0.006187193407029922,-0.004775313264521159,0.6159321618206134,3.493853016527912,-0.19060615733687866,-2.5055463402599463
0.013281442572246498,0.0058452310200526915,-0.0061149905074122605,-0.004818632191601229,0.6049343913943889,3.4799857178909304,-0.13063730952178584,-2.5004200084798716
0.013328829496195993,0.005858850159991514,-0.006046142402000264,-0.0048480302210444975,0.5937771715851731,3.458291168201289,-0.079984207925978,-2.4903983768148037
0.013217136971441043,0.0057965513567610726,-0.006193026735202458,-0.004728618551470478,0.6142588603216056,3.4637843438443867,-0.2174115231969835,-2.4889444133085026
0.013002884068059207,-0.005790178949546324,-0.0065279602300315235,0.004652152300594468,0.6759735518708002,3.6168958356998293,0.4406302288255925,-2.5532551504256347
0.01298718413307541,-0.0057656646600049806,-0.006537431282572303,0.004607104766358539,0.6746959247033638,3.5875595962090325,0.4682882094929061,-2.5361625325415207
0.012965528963100126,-0.005743084387602095,-0.006557074799772823,0.004562711045922023,0.6756764175096918,3.565155778833742,0.501091886306439,-2.5219322000233837
0.012949401115020714,-0.005723805939462549,-0.0065697876042710695,0.004525747253703881,0.6755779939595077,3.544000699823095,0.5260350310276514,-2.508856346731427
0.012888336689606619,-0.005691486779791678,-0.006642627051219292,0.0044477949888146505,0.6849678429280982,3.5275626401340268,0.6051484181397632,-2.4925129785126963
0.01283821398077666,-0.0056709247332068,-0.0067050572718539555,0.004391153885796099,0.6939451772573043,3.520739682602094,0.6682094075547554,-2.4819228041449155
0.012868076894519812,-0.005672603674005309,-0.0066606814792363215,0.004408957380481793,0.6856709370807477,3.507672653799743,0.6335544610772698,-2.479192070850716
0.012922621230432753,-0.005680464482530259,-0.0065826824464489545,0.004447012888500368,0.6723974401368468,3.4897889022024695,0.5700283865619165,-2.476853878150956
0.01294910738919681,-0.0056975781476064705,-0.006553249879256511,0.004485081847715453,0.669037399477845,3.501583536738391,0.5352674600642202,-2.48634885396557
0.012665882734650302,-0.00552657407551738,-0.0068523075067068295,0.004076732319287891,0.6983772626592905,3.352900289074522,0.8905406821685495,-2.3641715886370673
0.01280726544942081,-0.0056214541160853095,-0.006716461359596762,0.004299974829851291,0.6888423459268839,3.454230093181987,0.7150377420639841,-2.4419509916787665
0.01282580313066088,-0.005643365690805649,-0.006704295848355122,0.00434283418991864,0.6898318151023143,3.4813315605807063,0.6891609718260446,-2.459160820665103
0.012786105623892466,-0.005599883285250174,-0.006732369940292089,0.004256177901267424,0.6885642291063815,3.4283733215263896,0.7433321427555054,-2.424907330671948
0.012761701501641014,-0.005576346057792954,-0.0067511352916265555,0.004207611187320055,0.6882065383017619,3.400318886924094,0.7750294936740425,-2.406011189947495
0.012701121332415105,-0.005537546960860265,-0.006810172915303403,0.004114862123733687,0.6927248218518156,3.3595929514470115,0.8490094790823531,-2.3740463029497842
0.012732000161466991,-0.005554124045897098,-0.006778002065820777,0.0041577088981095125,0.6895565332540848,3.375657903729804,0.8119302798962594,-2.387916729675798
0.01269586783656681,-0.005508221110174753,-0.0067954532762451334,0.004069607104769514,0.685300856416149,3.3145417845383895,0.8572732642207452,-2.348993874911328
0.0126378522992464,-0.005502512935204871,-0.006873344756867967,0.004024078897172125,0.6978007124177251,3.3218873671390026,0.9240331781461574,-2.3424125477918625
0.012582922534919761,-0.005466436585065879,-0.006921556604015124,0.003935873851537112,0.6998110972195168,3.2767931192414763,0.9875628999700014,-2.3076926412811027
0.012612310363894541,-0.005480118269036795,-0.0068915555289033965,0.003975344338723306,0.6969445456486568,3.2923018493743297,0.9538204409917804,-2.3217439909559885
0.01257959854250661,-0.005436198418982423,-0.00690183528845279,0.0038918212939942584,0.6909617555558222,3.2299157974358357,0.9904426014002696,-2.2819827972171027
0.011101697726106802,-0.004700874440117623,-0.007661497135640012,0.0015764144791445725,0.5156916929825784,1.7247434805510622,1.9911522997402529,-1.0620368442495287
0.011144009239569461,-0.004713860382471533,-0.007649720308881545,0.0016388517483287082,0.5244073072436697,1.768248886038411,1.9756971546001163,-1.0995885873770985
0.011251760935598184,-0.004772887591027033,-0.007641962323472715,0.0018146542275988672,0.5540700672091948,1.8988928686372508,1.950357784282007,-1.202349775375376
0.011299574573385237,-0.004774709234410643,-0.007611313150785282,0.0018764029636269242,0.5580360613356267,1.9364363327887102,1.920105319655809,-1.2398878468936196
0.011193322131727523,-0.004698902678621036,-0.007603971021524373,0.001692541777102391,0.5238338023877421,1.7953897959448903,1.9353527203606704,-1.1343997278217837
0.011224389477516668,-0.004735849905743279,-0.007621894621831168,0.0017554353358001007,0.5389964068843841,1.8479895993989757,1.941861272742219,-1.1695716768888362
0.011349019795860428,-0.004785023303608396,-0.007587039850186275,0.001945388145492964,0.5647179167133167,1.9816276308851426,1.8935183034215954,-1.2810426235699752
0.011399160139676382,-0.004802060795850522,-0.007567747598525749,0.0020196504130544457,0.5732222581525551,2.0322200447576386,1.8698736006959074,-1.3243491448909375
0.01152096075531843,-0.004875900271660581,-0.007547683875565924,0.0022250154755842446,0.6041154155916039,2.1838052732068616,1.8278455535199398,-1.4412414512596883
0.011487734341027412,-0.004849405769252279,-0.007547616967861259,0.0021637174092874975,0.5935788042949585,2.1363559798173015,1.8360821822325135,-1.4067528100289584
0.01144751405315432,-0.0048242239803871064,-0.007553610577336411,0.0020953752687902422,0.583245364460434,2.0857221953270924,1.8495891166919127,-1.3679423527891537
0.011561873097597042,-0.004860238147372169,-0.007498401439227298,0.0022607896855562693,0.5987634913558001,2.1948455560088633,1.7857117019535262,-1.462947345855767
0.01160453298561347,-0.00484957272930036,-0.007452232663338317,0.002301471510908984,0.595172480625111,2.2105096785790113,1.7454404169654392,-1.4866700537263264
0.011718204361310922,-0.0049114014765746184,-0.007413156091663687,0.0024843481698318924,0.6162325480656209,2.3382411171197472,1.6887838709771559,-1.5879465894014653
0.011653256660900054,-0.004852097505514609,-0.0074130943040624925,0.002359079903882969,0.5959360096412726,2.241330915865222,1.708055965047951,-1.5189855356489022
0.011704940712246042,-0.004864236283177404,-0.007379528668374547,0.002427333506060886,0.5995812768573555,2.2821188986311616,1.6729935335957278,-1.5566879507912983
0.011801384417254502,-0.004994405457188013,-0.007416217395102524,0.0026541861947873293,0.6443987204421698,2.4724671674882033,1.6630359303156654,-1.6810888316065793
0.011769446441857677,-0.004967344000891133,-0.007420244654739093,0.002593073916168665,0.6353207457901674,2.425845136366645,1.6764639806389579,-1.6475650142195042
0.01176733574884546,-0.0049200236257275504,-0.00737642375934541,0.002546478044734374,0.6179268086916078,2.373209856770274,1.6516568742122286,-1.621886906887357
0.011841300009196302,-0.00498528870373971,-0.007368672959272443,0.0026888558331210075,0.6381790598174883,2.4815387943661826,1.6217863024675254,-1.699244094776161
0.011949207487510159,-0.005070905555851412,-0.0073417354639093105,0.00288970477078122,0.6630106315930268,2.630204182299182,1.564298536658017,-1.807521305791052
0.011974626556443393,-0.005087561584667081,-0.007330881416018043,0.0029336272375653453,0.6670913105700182,2.6609294247415654,1.547534213439661,-1.8308735900362085
0.011874488305974849,-0.0050073412761942986,-0.007357100226420291,0.0027461122170690726,0.6448854233145614,2.5222082232281995,1.6029420263517273,-1.730152485035297
0.011913148910323145,-0.005024830281838123,-0.007334923091482309,0.002804547562329529,0.6486325283757249,2.5596109127330036,1.5757826405661648,-1.7611704274914814
0.011942067011262422,-0.00504510062487541,-0.00732458613990134,0.0028554680490160394,0.6540047288430251,2.595925704104133,1.5583431018890592,-1.788436163604342
0.012096705938900314,-0.005195920214443196,-0.007299501606515831,0.0031765601754502075,0.6946833837311397,2.844453675841087,1.4714627319986318,-1.9604272348826992
0.012133324682739088,-0.005213667224570609,-0.007274053848927534,0.0032329458875023026,0.6964712098397845,2.8790158198636604,1.439533236388575,-1.9888697005025888
0.012002947214495045,-0.005115890074200826,-0.007327594681570884,0.0029930827272519373,0.675076285648651,2.7072873161422257,1.5327899950693846,-1.8628466683552405
0.012049534724158349,-0.005160240014346163,-0.007318802374540106,0.0030891292680657986,0.6869739270814809,2.781528049685051,1.5055195886932589,-1.914370568153503
0.012078434865690905,-0.005168740203161079,-0.007294516763587983,0.0031275940268776768,0.6867526723013218,2.8019891362270886,1.4792037642841929,-1.9335217974283974
0.012039169101926378,-0.005131691045770547,-0.007303173283875489,0.0030470948139110963,0.6773622604203963,2.740386992214649,1.5033847710678767,-1.8906589835697918
0.012215206003334086,-0.0052448710618013174,-0.007206308755574992,0.0033474525709193677,0.6958575260899984,2.940995927290288,1.362379543943039,-2.043870033552895
0.012272763328496432,-0.00528999874420677,-0.007177321870185937,0.003454845467595121,0.7029126295149122,3.0153458779046622,1.3130983061232813,-2.0978357472285136
0.012242242015206775,-0.005267659357800082,-0.00719445033524307,0.0033998369000044705,0.6999097146248348,2.9784098155067302,1.3401515354041544,-2.070552395255318
0.012170314654003938,-0.005215032227702577,-0.0072321409333781965,0.0032700434675617886,0.6916007199136752,2.8897478566263466,1.400340300310937,-2.0050550007413714
0.01219798283092929,-0.005222170825677301,-0.007206077937234429,0.0033044134858745246,0.6901205894628549,2.9055381950858763,1.3732133506280093,-2.0209036700376544
0.012311996926677823,-0.00527572150956009,-0.0071160105293033085,0.003471742253365591,0.6909185896974089,2.9988128522212114,1.265638647825149,-2.0994358704353577
0.012339373222593085,-0.005299590962293402,-0.007102868282983322,0.0035250366772985563,0.6945292262367982,3.035912467442797,1.2414858447170376,-2.1256903803515317
0.012555159270553635,-0.00542115841267149,-0.006923091811870314,0.003853943366580441,0.6915914658880894,3.2105917556107264,1.0174175831446572,-2.2667418860228405
0.01252283091297169,-0.0054104468309826535,-0.006958140059819239,0.0038158515076447646,0.6954299898503807,3.198518551864424,1.053295298549808,-2.2536522984205907
0.012408265649445234,-0.005337979867628377,-0.0070484328319750334,0.0036312373650477197,0.6947840173063106,3.0950989378380425,1.1728975757377897,-2.1733624515321854
0.01238972024209522,-0.005317800030672762,-0.007054904994401835,0.003590212846361024,0.6913248851215804,3.0650461457851934,1.1895861595713602,-2.153166402558795
0.012378993186289985,-0.005290609242545726,-0.007045200639687269,0.003546878669953124,0.6841345093238428,3.024860324172849,1.1956217448682824,-2.1294732493517796
0.01250725942286414,-0.00537446006668588,-0.006949431956028482,0.003756101221987136,0.6869276349185113,3.1453121026487447,1.0672489612829217,-2.2220280724149366
0.01244486902158432,-0.005335588024249052,-0.0069990534066122325,0.0036573365900542825,0.6868429621581411,3.0910975425109792,1.131525169854861,-2.1796486456515
0.012487873200802626,-0.005335096174965292,-0.006942714469913086,0.003689759676000258,0.6777919327968188,3.088381874446474,1.083859087117083,-2.1875362401258776
0.013657314844194217,-0.006461449222155838,-0.005667514014040381,0.005857027213725294,0.5695144817776344,3.8649617664336735,-0.7222152672660417,-2.6600776821680916
0.013650495712676508,-0.006441443806390049,-0.005676966405347566,0.005822767874474955,0.5699004042470412,3.8508486671252826,-0.6939004414509337,-2.656066374455626
0.0136432396462159,-0.006422440000985428,-0.00568709696354286,0.00579047539333448,0.5704841737086935,3.8383848206089506,-0.6668191331822254,-2.6526103122560585
0.013633141710870664,-0.006407312653299708,-0.005702723677876967,0.005765825034512299,0.5724186496606304,3.834661278818586,-0.6428120119606716,-2.653061692445554
0.013592448027133596,-0.006386183388398219,-0.005771874923675493,0.005736863202739716,0.5837714567336344,3.86809410219224,-0.5923218144774222,-2.674003395002499
0.013583069354395488,-0.0063700845889336395,-0.005785436419938776,0.00570978746824058,0.5851826898299829,3.8608422299327754,-0.5675176838617898,-2.672515355410681
0.013572265964294297,-0.006350643381385853,-0.0058006057381741055,0.0056769437875809825,0.5867080943476792,3.8509367484261676,-0.5381819210878883,-2.669979505848992
0.013558478608178992,-0.0063326886115793275,-0.005821143200312746,0.005647178475493491,0.5892942678748908,3.8468205330175764,-0.5086614468218041,-2.670163585201457
0.013543155572100344,-0.006316445656507988,-0.0058445433118188665,0.005620521861544353,0.5925160144684832,3.846674021954471,-0.4799788892375138,-2.6720974244668447
0.013526954747304837,-0.006306462779403471,-0.005870877355375303,0.005604897375943015,0.596907217908598,3.855806023657137,-0.457411427671817,-2.6780552600966137
0.01351791392548222,-0.0062904287621367615,-0.005882723446902876,0.005577462429225045,0.597882318427099,3.8463221685739613,-0.43355270213496283,-2.6748985641121483
0.013505236991009407,-0.006271173887147508,-0.0058999117113165975,0.005544664891651136,0.5997978329853364,3.8369981720650883,-0.403752176074391,-2.672061795863227
0.01362173984581573,-0.006393964729120027,-0.005720805534333121,0.005744566356318576,0.574851095071354,3.834784150534922,-0.6201403379091787,-2.655200122491728
0.013609605714560066,-0.00638374471669458,-0.005740627952714388,0.005728926606935018,0.5779265608933313,3.839649303193364,-0.600626380335327,-2.659319010146136
0.013294407862773656,-0.006091261491097798,-0.006204435553370163,0.0052277141722728605,0.6440951608820603,3.834672074465478,-0.053520605298720735,-2.680724094560628
0.013314184503496886,-0.00609591980638515,-0.006172239983285224,0.005237815218575307,0.6380517927300106,3.8191710921759556,-0.07605158457005508,-2.6730955489917183
0.013286076290283012,-0.006070157041426543,-0.006209414755278868,0.005190319545641778,0.6431294397877373,3.8108375561568724,-0.028232615251671655,-2.6690135308756884
0.013273180699363007,-0.0060496816767425625,-0.006222250873714655,0.005153519007470353,0.6437932823681742,3.792851710991456,4.066935271678689E-4,-2.6600222358504957
0.013256875004604481,-0.006040943592527321,-0.006246085628908399,0.005136202276639038,0.647852934312961,3.7967529413886125,0.023015424429318667,-2.6617061873502137
0.01303055585953394,-0.005790341721221938,-0.006484063805617546,0.004662881183685121,0.6674716984257469,3.597106203735079,0.41020248713452634,-2.5456229658340033
0.013052865464589869,-0.0058098431400660094,-0.006460224076145492,0.004701953396322476,0.6652921635641844,3.612058271407531,0.3771515661824166,-2.5555619468443687
0.013089955818718652,-0.005845458351415506,-0.00642142846886986,0.004771522162650353,0.6618320184421337,3.6403618208180943,0.3198092041491407,-2.573516723271838
0.013079548170689972,-0.005821144000615145,-0.006424152187398653,0.004729052428331608,0.6595246025758603,3.60961856125196,0.3431961143130486,-2.5565757736159895
0.013244656157785336,-0.006025362407646595,-0.0062595394910769575,0.00510768808520472,0.6488806172430531,3.7850313610351205,0.046867971664435466,-2.655624130488048
0.013233420421226145,-0.006002691009558596,-0.006267670475955737,0.005067301433505281,0.6483599342626133,3.7607171607623244,0.0746066015751773,-2.643157623653899
0.013218841625663747,-0.005983655089173014,-0.006282901907570659,0.00503249906548383,0.6493670724830007,3.7452651060849043,0.10261145661331235,-2.6348981317427733
0.013199385826101409,-0.005972922784364531,-0.006310205841165502,0.005010518678989269,0.6538156547627131,3.747481552915435,0.12956402095814082,-2.6352739639161196
0.013192793478897282,-0.005950580947907989,-0.006309819631674276,0.004971735988850332,0.65145900223977,3.7181229085104044,0.1511963608770657,-2.620082037730531
0.0131186210402786,-0.0058488512185450835,-0.006377049068492797,0.004785758909974648,0.6536964240762412,3.622280113715131,0.28784068921268186,-2.566257317214195
0.013124787925354778,-0.005873655409915954,-0.006380809051904623,0.004827768018620144,0.6572225488401198,3.6568236668911824,0.2678929370004465,-2.5846296832940037
0.01317824588293883,-0.005928888634011538,-0.006322748477658453,0.004932403102339584,0.6517502472824995,3.697328027829285,0.17988710443708114,-2.6087566359464938
0.013160997021795117,-0.005907692400633841,-0.006340027239635364,0.0048932251621934325,0.6528718325309167,3.67935747885991,0.2106278293252489,-2.5985789371361334
0.013142644645029688,-0.005887907463985027,-0.006359480992355845,0.0048559920981533075,0.6544956280370129,3.664140238904244,0.2412340330635632,-2.5896066899125234
0.013493207523120287,-0.006251409121708702,-0.005915500645411763,0.005510837223841869,0.6012801644686013,3.8256674169556955,-0.3741859953872755,-2.6680844916426225
0.01348053907380057,-0.006233408622416119,-0.005932435366592777,0.005480103971765868,0.6030796964513018,3.817207177229458,-0.3461617930883947,-2.665301854957267
0.013466361625829834,-0.0062241033502686335,-0.005954473141069893,0.0054645968714386005,0.6067427964501128,3.8226078515176334,-0.3256983970963376,-2.668875667570691
0.0134581968878937,-0.006208651859959628,-0.0059638751345132334,0.005437894545597504,0.607235809294994,3.811180134170139,-0.3039517048759585,-2.664172330301289
0.013421691676741456,-0.006194848225431888,-0.0060232494524037955,0.005414686766400767,0.6174747260490904,3.837983564832316,-0.26056237219104705,-2.678908789428856
0.013445671104031437,-0.006191436331595023,-0.005980134123393574,0.005408244456966748,0.6091329680342152,3.802545013363057,-0.27721059645008084,-2.6609481773030197
0.013409402229336216,-0.006174733569384594,-0.006037687462332742,0.005379516676404106,0.6186735931227768,3.823880433646019,-0.23111813317188348,-2.6729126277195507
0.013396245605161639,-0.006155896979494882,-0.006053785430387762,0.005346530840969115,0.6202847385107514,3.812355575140019,-0.20241888793433685,-2.6680121979902136
0.013380628376447896,-0.006139531589086258,-0.00607479186428793,0.005317679955222001,0.6229248906246402,3.8070449127687422,-0.17404494220231045,-2.666021278843003
0.013360460229823595,-0.00613119820736447,-0.006106575317549327,0.005302331274540519,0.6285489867898592,3.818773619275692,-0.14877465650531088,-2.672216207119773
0.013351081698446328,-0.006110053215825153,-0.006114374315551068,0.005265177399346601,0.6281818710454398,3.7978356956856127,-0.12188413907935157,-2.662295357321756
0.013335676544413375,-0.006089578298585147,-0.006132530935329696,0.005228788610657051,0.6300387465376788,3.7845316722574096,-0.09052256991464643,-2.6560271144919962
0.014252692347517599,-0.007262057441425796,-0.004444218389173526,0.006902941811136307,0.4190011740889588,3.416561025139693,-1.95106329819877,-2.17360268053346
0.014261506941268426,-0.007275171572970605,-0.004422247940819547,0.006916188020942266,0.4166891717082577,3.403505739901036,-1.9677459717866654,-2.1612035497179094
0.014235085410061663,-0.00723593667751164,-0.004487783798602252,0.006876138209116248,0.4235351530178066,3.442102709739521,-1.9173886131896236,-2.1979658278827454
0.014244023658245371,-0.007248616772175964,-0.004466014363120396,0.006888834800482197,0.4211752642650715,3.4291252162217205,-1.933666076466445,-2.185876736901562
0.014240914722539395,-0.007222151616664748,-0.004484808017714775,0.00684687320223977,0.42202185242848306,3.428675765921356,-1.8949351257750173,-2.197299519476579
0.014235989283276082,-0.007208867376141929,-0.004499778040088713,0.006829081903677138,0.4232545366388029,3.434055388967135,-1.8765221889323283,-2.2057322716283774
0.014228933157218645,-0.0071935249056150315,-0.004519249039325519,0.006809759538157112,0.4250961063804612,3.4423854749394596,-1.8555892276145622,-2.2164576288969156
0.01421961207869511,-0.007177028803983735,-0.004542965744726661,0.006790486053235527,0.4274560633833754,3.4540628249936267,-1.8334083866994957,-2.2292917972745063
0.014211801865277441,-0.007139467319074867,-0.004573344514491067,0.006733588117726533,0.4293364753755347,3.456087443633468,-1.7796602990410821,-2.2456573034452085
0.01421791060459657,-0.007155977261411609,-0.004555543675565585,0.0067561260428515004,0.42778009427190017,3.45073420525472,-1.8026436114170676,-2.2362623959162637
0.014205032333886286,-0.007123698034194929,-0.004591762830283748,0.006712812259370741,0.4310321943645066,3.4625378673504454,-1.757812569512461,-2.255246884648642
0.014129369574029585,-0.00704887207248515,-0.004752245938658483,0.0066494384162158636,0.4508339652174808,3.5648074666747545,-1.6584578387161297,-2.3368395563423268
0.01415576004075795,-0.0070622900734394825,-0.004701343090028634,0.006650454371312777,0.44367459490098504,3.524490999133121,-1.6753202372413138,-2.31089322554542
0.014147527661825815,-0.0070476035687808995,-0.004721083426245815,0.006631970115014593,0.4457803430429967,3.5324111540485634,-1.654683590948779,-2.3205008421164437
0.014183057128748452,-0.007101556905289515,-0.004638741428932132,0.0066945165974536805,0.4366804065847218,3.49272995177124,-1.7291932307741698,-2.2794482079003484
0.014200764809378727,-0.0071060420902825825,-0.004606518650547251,0.006686465917578277,0.4320446033142375,3.463710965477208,-1.7326883880451447,-2.2627782087988115
0.014174457342756033,-0.007061948060155296,-0.004669213735130558,0.006633888102048978,0.43867488318787967,3.4919743134886154,-1.6723536448743423,-2.29418215480483
0.014179884175527954,-0.007081974350727244,-0.004652089918811734,0.006663619401704775,0.43737950056201863,3.490670803765752,-1.700878253890658,-2.2859443970856024
0.014025700510874985,-0.006937464326675916,-0.004970693186668912,0.00653384226693702,0.4784882569689248,3.6882318635965228,-1.4964156537765894,-2.4412570583358
0.014015454657020808,-0.006924862807201357,-0.0049923034556964225,0.006518720737565517,0.4812232797412617,3.6984500681914017,-1.477266695425218,-2.450920462728984
0.014043754547340184,-0.006934705996843112,-0.004939199211692071,0.006515610426766599,0.47321230163141653,3.6545993537841697,-1.4928055718010091,-2.4245603258618176
0.014005737070307105,-0.006912095284438789,-0.005012894429402664,0.006502764919241111,0.4837373231446968,3.707385510391824,-1.4577540762424162,-2.4599273929135355
0.01399539064814344,-0.006900177276909492,-0.005034309455597172,0.006488630480864105,0.48655188338690886,3.7177601354976946,-1.4393859458862985,-2.469352785366841
0.014000006488758921,-0.006885623231356458,-0.005029304514788277,0.006459266890137459,0.484815708871648,3.699687801895189,-1.4182148420497482,-2.464632521450729
0.013984891246547452,-0.006859021820995067,-0.005062046733363573,0.00642185653999412,0.4885226239244345,3.707549340977535,-1.3778517914872468,-2.4773192503843364
0.013993552919091531,-0.006872986351159565,-0.005043621536139263,0.0064410473485357585,0.4863571572742029,3.702273360602813,-1.3991210284279234,-2.4700835179577303
0.01397591730831368,-0.006844853659568721,-0.0050809236696113804,0.0064023861350537845,0.4907804677965353,3.712938826605591,-1.3561963302887594,-2.4846171351604553
0.013965012288072759,-0.0068297092033299785,-0.005103286633844384,0.006382279162095008,0.4935299953016616,3.7206568054728786,-1.3327971332928115,-2.4933880447674963
0.013960861749365663,-0.006809620994527729,-0.005114179606478753,0.006348889799523519,0.4940225650350191,3.7125877220958876,-1.3033838818947492,-2.495155684840135
0.01395355144774889,-0.006793420567943618,-0.005129852286272021,0.006324425676637028,0.4956402269561115,3.712575143841996,-1.2790909384476745,-2.4999340776054617
0.013944405770171158,-0.006778864669510239,-0.005148376042946659,0.006303929609182958,0.49785175779672647,3.716677183711036,-1.2568056550141165,-2.5063427430337186
0.013934568294055859,-0.006765823344452759,-0.005167775345551653,0.006286428962875789,0.5003300386347086,3.7228817536615018,-1.236471878007417,-2.513377238646617
0.013902272491379802,-0.006732315418043614,-0.00522962220380259,0.0062447468203691596,0.50875628483623,3.7495377960362544,-1.1820863555405694,-2.536952662108544
0.013897972110820958,-0.00671289453992397,-0.005239195070091132,0.006212240256975302,0.5092090419630386,3.7398256319674608,-1.1540264326120189,-2.5369944372910407
0.013926090776262126,-0.00675199304521304,-0.005184701981482256,0.006266597345586484,0.5023427180178738,3.725863593739151,-1.2152414953224777,-2.518863385844601
0.013920162618472494,-0.006734886490918951,-0.005197284604508838,0.006239369768357334,0.5034057982911677,3.721526939377743,-1.1900231189852903,-2.5212679763771395
0.014119506014179235,-0.007033299603912232,-0.004775056968639478,0.006630397708260661,0.45335237984203575,3.574879561406873,-1.636270891840821,-2.347883898746918
0.014116105001413647,-0.007013170833148145,-0.004787918987193852,0.006597949368721258,0.4539652736291285,3.5710471815100493,-1.606807846268682,-2.353258432650076
0.014109260423400223,-0.00699712002655212,-0.004805197225379371,0.0065753820777478015,0.4556428707769698,3.574894258992035,-1.5836262000215227,-2.3610409586923162
0.01410030717597345,-0.006982645339218212,-0.004825488285286998,0.006557131398359693,0.4579282485365745,3.582929805385493,-1.5628159214966122,-2.3703777417739733
0.01409044749732119,-0.006968006806193212,-0.004847272283283118,0.006539148189861063,0.46047661532396483,3.592186940412747,-1.5416594271835784,-2.3803608259593063
0.01407517020351434,-0.006951467600302733,-0.004878981249762624,0.006521775058737572,0.46447550497093065,3.6094730838275213,-1.5177354763699284,-2.395143346017953
0.014063580189188282,-0.006933103333009958,-0.004904536149934702,0.006498106581524215,0.4673651910411519,3.6188821932984223,-1.4908826649538371,-2.4063295566012637
0.013863867384111776,-0.006680479222509226,-0.005302848444078959,0.006171856970604068,0.5181646477683531,3.767560696526445,-1.0997260878807122,-2.560301340556327
0.013856711900681792,-0.006663006371943433,-0.0053166349208910585,0.006144013955809499,0.5194739696886573,3.7630913631934644,-1.0736294460965576,-2.562327023074081
0.013848694757940747,-0.006644948709673552,-0.005331765268023721,0.006115501141100419,0.5210376412607703,3.759155234257143,-1.0466306300266555,-2.564660409105032
0.013814202554376704,-0.00660803872277075,-0.005394354883811165,0.006065081112283191,0.529728265215661,3.779189046933225,-0.9850388370639184,-2.5841634599711263
0.013825991707219277,-0.006616562928492319,-0.005373138394300438,0.00607513590730288,0.5265302649811529,3.768562935858689,-1.0007590841081588,-2.5764767877212242
0.013838207131016456,-0.006629157000323814,-0.005351022083375359,0.0060921337233216565,0.5234289374948737,3.7610631168015547,-1.0219040685609508,-2.5694789818323316
0.013808883374453167,-0.006593966843818556,-0.005403871874814656,0.006042141930599623,0.5305123093798371,3.773528173451813,-0.9644377428266978,-2.584346609251449
0.01379828260369085,-0.0065771055825487494,-0.0054226523303601394,0.006016406949735938,0.5327721643109834,3.7732466022729514,-0.9381960490674929,-2.5879572767541443
0.013679640961754896,-0.00648526583513653,-0.005630142673329509,0.005893622834927691,0.5642086812584209,3.8589857725672405,-0.7642733471999822,-2.652559385175031
0.01369444137863094,-0.006490656514340784,-0.005603990087914924,0.005898794961698911,0.5596887418173642,3.84223110243646,-0.7789828149392827,-2.6426145419277716
0.013675162506845669,-0.006464997280557911,-0.005635767519455549,0.005858355818873059,0.5638964429724411,3.841661195790262,-0.7367051156264895,-2.6470525857356217
0.01373308672759529,-0.006509018893571025,-0.005536169288904865,0.005919111029565104,0.5486600353238061,3.8029270989621184,-0.8218275997895245,-2.6180677395250385
0.013719030736399813,-0.006500127570555706,-0.005560647795475469,0.005907898768333581,0.5526455181536571,3.8147647586991873,-0.8036279339995044,-2.626139616516593
0.013711569447702604,-0.006486194467899456,-0.005572723294597611,0.005885332253503669,0.5538073072739812,3.8103860099990166,-0.7824576201249106,-2.6264500866816554
0.013786592890371107,-0.0065574281616394775,-0.005443062134275174,0.0059859488324264165,0.5351756368285424,3.771359572754846,-0.9078959081180155,-2.591203966197945
0.013776402781898447,-0.006536882853472813,-0.005460451499469146,0.005953239326724046,0.536972088124488,3.765654515670889,-0.8772821840968786,-2.5924318609145143
0.013765455787862983,-0.006518434415667133,-0.005478994501429523,0.005924458567857214,0.539137319566317,3.7629384472925724,-0.8491371954663053,-2.594702201624472
0.013753962425685773,-0.006501527244525126,-0.005498349614013861,0.005898495620332171,0.5415658419895948,3.762272558844296,-0.8226791811640518,-2.5976689967026645
0.013891749928125384,-0.00669225838919013,-0.005252048709354387,0.006178625998378176,0.510130568611539,3.7319262206211925,-1.123993997515784,-2.538171827942447
0.01388057028158585,-0.006679855660066539,-0.0052729278468078835,0.006162242232749711,0.5131413268022498,3.7392400552788856,-1.1039054581044419,-2.5452762407379765
0.014512235849389328,-0.007746350453005406,-0.0036818270731407946,0.007371806323227806,0.3547787889570034,2.932244011270708,-2.50867488799574,-1.6897048175132003
0.01451916534369109,-0.007760662144517357,-0.0036587410280805098,0.007383721627725733,0.3532097944314622,2.915971383262629,-2.5227561583627858,-1.6737933781334637
0.014525744391592552,-0.007774914388916857,-0.0036361421166218725,0.007395867281038409,0.35172474808900295,2.9001176219018316,-2.5368660274836663,-1.6580504664715934
0.014461055001142914,-0.007646749620204767,-0.0038445471172602976,0.007288176709834539,0.36669883528536557,3.0458281748080442,-2.408056077519498,-1.799570899095535
0.014468353715052696,-0.0076611456226255694,-0.0038214475589160722,0.007300900309494768,0.36498274241374035,3.0300777212544183,-2.4231930034741356,-1.7840931640979398
0.01447518447039469,-0.007675517559011132,-0.003798992096946108,0.007314036223177409,0.3633746569792546,3.014922803960832,-2.438464627228331,-1.768839652130488
0.014482168192148035,-0.007689743787586981,-0.0037763279678443423,0.0073265879813955844,0.36173553365426375,2.9993761969223374,-2.453265643561196,-1.7534584903900206
0.014489685453258142,-0.00770380045072002,-0.0037529040368471625,0.007338007579459481,0.35997044617446655,2.9828477540524734,-2.467259850965489,-1.7377308083592464
0.01449737007485913,-0.0077178573429408474,-0.003729146349837911,0.007349031037931736,0.3581844071723133,2.9658986746804428,-2.4809453322227637,-1.7217975836952568
0.014504934892746619,-0.007732053855605387,-0.0037053718580999386,0.007360251442795981,0.356443590202073,2.948951142053183,-2.494729730548572,-1.7057491004944183
0.014584564939758094,-0.007860774462917783,-0.0034706809304396523,0.007438187575394718,0.33921022277464735,2.7723509542164764,-2.6016193753207335,-1.5499392067688078
0.014578031122504125,-0.007846235849979904,-0.00349385372757554,0.007426703861865918,0.34062636155992637,2.7890236857373143,-2.588317929087761,-1.5663225722500653
0.014571165935076458,-0.007831811009850125,-0.0035173121829956476,0.0074156858215245125,0.3421160948825744,2.8059989397897276,-2.575270845849783,-1.5827118029583198
0.014542383422104843,-0.007775910949474964,-0.0036106550847037275,0.007374395884555608,0.3483848771821747,2.8737918739649335,-2.524765989301679,-1.6467386444390664
0.014564025389167965,-0.007817489310733441,-0.0035409944281039386,0.007405034255315653,0.3436633189987292,2.823207023401672,-2.562411611658512,-1.5990919986982506
0.014556599696029649,-0.007803417475557368,-0.003564786732920867,0.007394972988128536,0.3452781306171712,2.840605687982365,-2.54993676570327,-1.615352218299105
0.01454899307905895,-0.0077897526222902155,-0.003588404904461735,0.00738558518859211,0.34692243263092576,2.8579914302366194,-2.537962074647701,-1.6313198310576056
0.014590737990452502,-0.007875436605703869,-0.00344781682926831,0.007450198644754804,0.33787155014318065,2.7560068999710974,-2.6152206680812706,-1.533557797986159
0.014596535014136006,-0.007890066811045487,-0.003425424323986999,0.0074625456024225365,0.3366174082456917,2.740080425959039,-2.6289425097534544,-1.517313639443375
0.014592308624017045,-0.007917432551586433,-0.0034044261716494393,0.0075072726166503815,0.33713520566497673,2.732135864757382,-2.6678983912578897,-1.4948571102044659
0.014602057129873487,-0.007904333977453557,-0.003403681407135552,0.007474626170634552,0.335424288509359,2.7245876957485353,-2.6422858356940933,-1.5014402093083214
0.014589072123434563,-0.007944934058422375,-0.003381293172042863,0.00755068546481093,0.3382276730021712,2.7223448813264404,-2.7057384341540858,-1.4712704153031637
0.014598913676490558,-0.00793152469106889,-0.003381063609936646,0.007517352287624454,0.33573616282836527,2.714740354236454,-2.6798769959456856,-1.4782408539979144
0.014595574011798368,-0.007959290971649952,-0.0033575400365360238,0.007561091726207105,0.33686056408956994,2.7045855517587527,-2.7179428524956246,-1.4541829777153428
0.014657689438480998,-0.0081051208313922,-0.00311758068974711,0.007663215049924587,0.32416237988081503,2.522723671768191,-2.8355123459025005,-1.2783196201809266
0.014680791391496686,-0.008163733857827022,-0.0030215825347711524,0.007702342813441502,0.31995196046657015,2.4488066323874675,-2.879459401734707,-1.2064526383513308
0.014663421544415715,-0.008119797079957329,-0.003093719196315133,0.007673350595128365,0.32306335372075123,2.5044493451677408,-2.846855970431689,-1.2604422980455265
0.014669205349452583,-0.008134440597501803,-0.003069753584985902,0.0076831928337554945,0.3220416004650914,2.4860163469530847,-2.857919371817513,-1.2425105054750467
0.014675028508095954,-0.008149078856161212,-0.003045673011275479,0.0076927950808384216,0.3209996184912438,2.467431217829595,-2.8687425838082627,-1.2245088707227685
0.014736790504715484,-0.008311774804052246,-0.002777366646493124,0.007792779643301543,0.3102084017756969,2.2576541282683174,-2.9796372308912606,-1.0216836101325002
0.014741963968366288,-0.008326704757293453,-0.002752956990088867,0.007801718366611297,0.3092589577979679,2.2383981853259662,-2.989226131057404,-1.0028946199834152
0.014746974501785762,-0.008341608806240209,-0.0027287045670918654,0.007810726862415921,0.30840264926677025,2.219256635487803,-2.9987924308299756,-0.9841202189200521
0.014686499346580862,-0.008178404480975728,-0.00299747587396359,0.007711826725341822,0.3189714237090733,2.4301319991171977,-2.890064552575044,-1.1883389630749905
0.014731432037717878,-0.008296852961341711,-0.00280192163898571,0.007783984042412365,0.31119054416355946,2.2770221208057677,-2.970083094651257,-1.0404571262799587
0.014725924383045243,-0.008281970679551246,-0.002826545215664521,0.007775306765428079,0.31215878817924,2.296436411990372,-2.96055057391043,-1.059175514215532
0.014720332582824252,-0.008267143797947572,-0.002851142938808161,0.007766658055447614,0.3130704013687757,2.315812127054116,-2.95097701073624,-1.077809094703994
0.01469228641638521,-0.00819307380913986,-0.002973204899078248,0.007721010371259427,0.31800136797331197,2.4112501886994,-2.9003898530811623,-1.1701414037976312
0.014714758091184386,-0.008252351203149466,-0.0028756172695387568,0.007757846296682385,0.31392048067299677,2.3350483604384293,-2.941223306110675,-1.0963548015612508
0.014698118174947568,-0.008207798579040675,-0.002948750499267638,0.007730017429414606,0.31692373574988203,2.3921710582572118,-2.9105347681396654,-1.1518197334058546
0.014703781541651277,-0.00822264564932131,-0.0029242999341033225,0.007739273023097002,0.3158065632836285,2.373101649276553,-2.920814993455973,-1.1333629217346453
0.014709270082958012,-0.008237527981436222,-0.002899957429209786,0.0077486818557741316,0.3147960763964645,2.354106099181281,-2.931145200287417,-1.1148570087890957
0.014602012690702647,-0.007973730187038923,-0.0033337173580771933,0.007571536188033659,0.3355140428290024,2.686736849571179,-2.7301303092753426,-1.4369698820246473
0.014601160777393506,-0.008043135288126547,-0.003261377386097887,0.0076684727495774825,0.33747909524534686,2.646803256212371,-2.816067702835687,-1.3707453095891189
0.014610874811483772,-0.008030390246855793,-0.003261690384759404,0.007635754479413315,0.33150680954840156,2.637461462420253,-2.7939063422107844,-1.375375517246759
0.014607285815467807,-0.008057600088913425,-0.003237304630450398,0.007678666251701897,0.3379998125480512,2.628419624331647,-2.827781928846381,-1.3529477524875417
0.014617033221888029,-0.008044898507348467,-0.0032376828298518565,0.00764600124420263,0.32988006414438026,2.619173774748059,-2.8056782533662257,-1.3576993455373207
0.014613365371455134,-0.008072084039835076,-0.0032131770197004242,0.007688793601581915,0.33715506140293156,2.6098347735946947,-2.8394148461439546,-1.3350988712833447
0.014623196337118846,-0.008059407164409836,-0.0032135972326831747,0.007656074079098252,0.32831862955592944,2.600725217165761,-2.817285908123477,-1.3399220059130668
0.014619399384801347,-0.008086586996046871,-0.003188981539549334,0.0076988600996640505,0.3345661776894013,2.591085220335262,-2.850997984108942,-1.3171551062635922
0.014629336905979486,-0.00807394188718479,-0.0031894461836065625,0.007666045226607194,0.32723424394493655,2.5821945227048286,-2.8287594055407568,-1.3220559351345054
0.014635403161884622,-0.008088518801362415,-0.003165279753104503,0.00767601197824358,0.326496242333911,2.563669801296579,-2.840136138941668,-1.3041343346047727
0.014608405657692754,-0.007988227813041199,-0.0033098235059910125,0.007581958546791459,0.3341695244920198,2.668788823397554,-2.74225056113054,-1.4196458900716722
0.01461472562496683,-0.008002785248733222,-0.00328589355038717,0.0075924013498784556,0.33280930781910184,2.650778254477927,-2.7543345574841394,-1.4022204907927662
0.014620906016521162,-0.008017399732921711,-0.003262018977917045,0.007602961731787137,0.33149529909510816,2.632797738720545,-2.7664483231868036,-1.3847245295324209
0.014651860711057308,-0.008090413209009795,-0.003141528399080318,0.007653020419665736,0.3253990355943706,2.54102502879517,-2.824052827725229,-1.296192361144788
0.014785303480058168,-0.008503137322182332,-0.002478911777290245,0.007924946663883617,0.3011523483428942,2.021889451397769,-3.11083096243629,-0.778853208537238
0.014769633284930958,-0.008499800570831096,-0.0025002999763433253,0.00794924858599961,0.3092918879557841,2.0469159442169538,-3.12434635133975,-0.7894692346634186
0.014764896782867474,-0.008484823888579553,-0.002525262584845729,0.007941353976735283,0.3100652352709967,2.067118837609996,-3.1162111549968254,-0.8090417649850824
0.014780553673392578,-0.008488099521259977,-0.002503831423120995,0.007917133718358236,0.3017094071501382,2.0419668171594236,-3.1028210603502626,-0.7983624886421098
0.014745481092211748,-0.00842506850832781,-0.002624829663795439,0.007909002590049067,0.3118069319223498,2.1471380786079286,-3.0826050066133366,-0.8867863591153716
0.014756186485711956,-0.008413186029487258,-0.0026279037475289407,0.007876798159135888,0.3055191761513894,2.141652210390219,-3.060805801374141,-0.8951517688961897
0.014750405375308931,-0.008439984368592408,-0.002599977785590284,0.007917207144298107,0.31158036524762656,2.127243102298489,-3.0911790200713836,-0.8674237814272848
0.01476113262201565,-0.008428128445724872,-0.0026031752110449186,0.007885045919036911,0.3046939325491171,2.1218395939208143,-3.0694687301717294,-0.8759113579500394
0.014760113266848318,-0.008469862200069999,-0.0025501932465525315,0.007933383180841181,0.31053215633822084,2.087237642701257,-3.1079742378523245,-0.8285559040915599
0.014775755095549535,-0.008473075490447056,-0.00252873038762823,0.007909243243051643,0.30239475223032425,2.062016950907051,-3.0946805535183692,-0.8178332183402083
0.014755282782341356,-0.008454915646326116,-0.0025750984614867577,0.007925334177817002,0.3110619099181349,2.107277522333825,-3.099632278551518,-0.848015982206182
0.014766044051379629,-0.008443085711791984,-0.0025784081961604415,0.007893195328164041,0.30387673754580824,2.101958891478731,-3.077997099452933,-0.8566145911942916
0.014770918411117244,-0.008458068556029485,-0.00255359250436046,0.007901261408379911,0.30313439925127256,2.082016975943105,-3.086403158792376,-0.8372538882753787
0.014751952535274724,-0.008356463450121083,-0.0027044850806993647,0.007819561874547173,0.3076735353933371,2.2001001029042855,-3.0081594765909085,-0.9653577675581281
0.014757043949752512,-0.00837128490967785,-0.0026801129072957226,0.00782799680656822,0.3069887742245465,2.1807549088699782,-3.0171666673415953,-0.9465638728731266
0.014762194243960783,-0.008386157009709317,-0.002655551286941504,0.007836216622668889,0.30624127000418616,2.1612181885315462,-3.025959376173935,-0.9276603110190962
0.014767229825988352,-0.00840112182596391,-0.0026309455976841535,0.007844560766681913,0.3054518871542793,2.1416442969309357,-3.034786329437843,-0.9086317135650329
0.014806063629075219,-0.008521547477850555,-0.002432723118623866,0.007908260204748852,0.2999912212523636,1.982876133471111,-3.100894162246805,-0.7543592453421427
0.01480143612990248,-0.00850642343202441,-0.0024575462741932203,0.007900446283162487,0.3006629018556754,2.0028367480474425,-3.0929660859516694,-0.7738260199779167
0.014833142875654957,-0.008612009469604753,-0.002283737186689708,0.007952372476483352,0.29676169505115,1.8625469185951367,-3.145031660409584,-0.637337495571683
0.014837401086303647,-0.008627334494435368,-0.002258645614420566,0.007959805953889289,0.2961886295957204,1.8422357858343175,-3.1522427401395174,-0.6174370091140645
0.014814988498538425,-0.008551677429835458,-0.0023834079292798095,0.007923819674815825,0.2988548687596289,1.9431701946055029,-3.1164877322441087,-0.7154960269084377
0.014828668880674667,-0.008596768040131287,-0.0023088769648838855,0.0079452270680793,0.2973817676220351,1.8829015468900365,-3.1379734526496215,-0.6571071411951723
0.014824066822349062,-0.008581666655891463,-0.0023339073288871364,0.007938269907813404,0.2979311260932284,1.9031676739198027,-3.130999912035408,-0.6766818378239208
0.014819480973236829,-0.008566663178708423,-0.0023587422469747463,0.007931205365458835,0.2984018877939027,1.9232559260400606,-3.123892155290802,-0.6961139054776307
0.014822493836562237,-0.008524894571600989,-0.0024111812922058672,0.007882967209018934,0.29667465648787944,1.961385681076585,-3.0841195945109354,-0.7476833796663023
0.014826671139058827,-0.008539971486824498,-0.0023869690064224785,0.007891222308096336,0.2961742821195977,1.9420321714093818,-3.092241097831757,-0.7284587314783177
0.014841560211440036,-0.008642626363888737,-0.00223364128695738,0.00796720689276195,0.295762374797609,1.8219729802885072,-3.1593615560392263,-0.5975453832071081
0.014845831188916898,-0.008657830263070154,-0.0022085965085735988,0.007974145728210091,0.29542345257620056,1.8016288285345856,-3.166071793197793,-0.5777386348540022
0.014850223723195562,-0.008673015007013297,-0.002183414377350314,0.007980669571119543,0.29502388885114356,1.7811375277018353,-3.1724127658615857,-0.5579430747578463
0.014835012214331098,-0.008726164497562942,-0.0021230083030455062,0.008058218594061589,0.3002738290855779,1.7394759077183235,-3.2315134741054004,-0.4907116335692742
0.014846632399856589,-0.008714983638658686,-0.002127994979251368,0.008026214367801793,0.2942609784636605,1.736965584047365,-3.2101362431292073,-0.5013804754612455
0.014838990856811767,-0.008741362845101054,-0.002097652409433338,0.008064856146559251,0.2989078964600374,1.7186615888463175,-3.23773627075555,-0.47039903593770377
0.014850643549169805,-0.008730250924916168,-0.0021027291747831895,0.008032908574559601,0.2941505701547618,1.7163758612828632,-3.216315535685276,-0.48125295056877276
0.014842921746160493,-0.008756573701192634,-0.002072281343358291,0.008071412582226864,0.29778022507184987,1.6979253915458876,-3.2438050032405936,-0.4500429362815203
0.014854570792872482,-0.008745522194130996,-0.0020774862141997156,0.008039578372956692,0.29410435289718245,1.6958079355100348,-3.2224062138856513,-0.4611213321656729
0.0148468048396387,-0.008771796903417485,-0.00204691389038919,0.00807788316932727,0.29791037745481264,1.6772923100005521,-3.249697487127508,-0.4296790778174
0.014858417226228741,-0.008760791163047883,-0.0020522694577072734,0.00804621361621065,0.2938768412031116,1.6752446279942579,-3.2284096446066255,-0.440981338094569
0.014850640095209082,-0.008787032289485812,-0.0020215450647325683,0.008084269291319696,0.29884454565371193,1.6566890477904022,-3.2554111980832214,-0.4093272339994621
0.014862218795898831,-0.008776058898909892,-0.002027043882287746,0.008052752624694702,0.29334249094119297,1.6546208949863062,-3.2342955136108738,-0.42080961495418884
0.014854427471532412,-0.008802279697245051,-0.0019961569176813374,0.008090575542110139,0.2994688625655087,1.6360266162876236,-3.26096782998234,-0.38898088265440495
0.014866001635874508,-0.0087913264395154,-0.0020017872738762074,0.008059150417935661,0.292730428668277,1.6339115829814517,-3.240039680711908,-0.4005942133986488
0.014858166927964265,-0.008817538964686684,-0.001970749592733147,0.008096801928611602,0.30006332215794,1.615286220292471,-3.2663935869680247,-0.36863773306597664
0.01486975963691674,-0.008806587432744477,-0.0019765165741280834,0.008065412563157461,0.29216664261626607,1.6131514032849361,-3.245637381513528,-0.38034505538084745
0.014861858424551648,-0.008832809929953063,-0.001945325214049481,0.00810294792056111,0.3009000827176252,1.5944532047099924,-3.271707560039637,-0.34829986599082385
0.014873492360236605,-0.008821840170029717,-0.0019512353777637584,0.008071538950345243,0.2915584322273621,1.5923477047507497,-3.2510769945779963,-0.3600628967104422
0.01485455789506398,-0.00868827882078343,-0.0021581339788379283,0.007987193231053165,0.2945490861985174,1.7605586774309183,-3.178691822007227,-0.5380322425532653
0.014858748352419848,-0.008703618271729462,-0.0021328377951397785,0.007993867198534276,0.29407230078462415,1.7399627910079978,-3.185016783729972,-0.5180009602641452
0.014865501922029584,-0.008848092431344245,-0.001919869802835382,0.008109016793074034,0.30121419294305823,1.573483041223086,-3.2769307318145984,-0.32794421115664046
0.014877211010991931,-0.008837100102008603,-0.0019259136218905402,0.008077522678834171,0.29098801738231156,1.571479304587356,-3.256349467008262,-0.33972956820128847
0.01487614403740323,-0.008894007537775724,-0.001843251088278073,0.008126775258750538,0.29623360050178615,1.510025601951054,-3.2921480922887576,-0.26639210832344945
0.014879595159429932,-0.008909334570059206,-0.0018176951773264925,0.008132529680069564,0.29567020724676685,1.4890210670704782,-3.2969806289262458,-0.24573473338909213
0.014891545413222504,-0.008898521399456497,-0.001824135969462476,0.008100981680781718,0.29124967417875275,1.487893813147896,-3.2762885985893715,-0.2579105467587499
0.014872644766016243,-0.008878691396530594,-0.0018688209182404884,0.008120933283247377,0.2983611057632342,1.531172496001474,-3.2871665329659643,-0.2870068101809396
0.01488810227705358,-0.008883115861079574,-0.0018495994105032843,0.008095088499694555,0.29106628122739236,1.5087316431717273,-3.2714146296609257,-0.2783952852281288
0.014869097381817617,-0.008863386307324785,-0.001894368481957811,0.00811501193194244,0.3003716298650083,1.5523671023591896,-3.2820837044607067,-0.30752553303513275
0.014880908305490805,-0.008852392313634737,-0.0019005246611910928,0.00808339635899027,0.2906804045096468,1.5505547196599938,-3.2614716166074404,-0.3193305682683582
0.014884552247388688,-0.008867732286944005,-0.0018750743126202671,0.0080892287045152,0.29074604774898183,1.5296205115133572,-3.266479345268589,-0.2988762485734216
0.014882998096217483,-0.008924672332571876,-0.0017921631969469694,0.008138194427108133,0.2970946649230727,1.4681153113615595,-3.301636798144775,-0.22509510233366062
0.01489492115033525,-0.008913922701306873,-0.0017986852148474239,0.008106816919080191,0.2909474320071741,1.4670389048461627,-3.2810552141996667,-0.2374212892220541
0.014892917446321189,-0.008970748396413332,-0.0017153913581387488,0.008154721523001734,0.2972306365520666,1.404784343627389,-3.314807345704645,-0.16315901464351978
0.014908253225652047,-0.008975547749112621,-0.0016965862367390638,0.008128724143629999,0.29012674564904756,1.3829594475929838,-3.298567874627253,-0.155133377906896
0.014886352812552904,-0.008940020664703167,-0.0017666224408198529,0.008143776860677151,0.2987949963988385,1.4471514973762123,-3.30613361035419,-0.204484848041536
0.014898288241340167,-0.008929310184244402,-0.0017732167448533509,0.00811248129257689,0.2902973978512709,1.4460870660966803,-3.2856522600136793,-0.21690623548184665
0.014889659273885168,-0.008955379406047948,-0.001741032231396128,0.008149285847553258,0.2987532343189786,1.4260229296574447,-3.310514301284087,-0.18385636238152805
0.014901662203180475,-0.008944698130694734,-0.0017477044873975233,0.008117958309553986,0.2898423993042116,1.425040543761564,-3.290070729435238,-0.1963492956210058
0.014904999527204019,-0.00896010896739911,-0.0017221523780535913,0.008123343175912233,0.2898710490606981,1.403979053345356,-3.2943617071400397,-0.17575297649049273
0.014914369853492293,-0.009078604893063712,-0.0015356592996546728,0.008190470320574454,0.29777989213307365,1.2566582674635531,-3.3411954727823403,-0.01778374194608268
0.014917240572168871,-0.009094050136367162,-0.0015099086498333789,0.008195256513674512,0.2973087434457119,1.235312554478979,-3.344492757773148,0.0030534623219323626
0.014929590870796044,-0.009083625852719268,-0.0015175910929214294,0.008164093085635834,0.28914481272947734,1.2354419465139383,-3.324532942767332,-0.01039691252952079
0.014902401901103013,-0.009016915263030915,-0.0016384253000448646,0.008170533506014755,0.2962728565206577,1.3413939420645624,-3.3269582210043134,-0.10081805797734796
0.01491451522049657,-0.009006432939044294,-0.001645504051195973,0.00813940978488077,0.29010639546268996,1.3410003642183996,-3.3066930595069164,-0.11389212957675511
0.014905466592036428,-0.009032323652033132,-0.0016127729906124297,0.008175635698372345,0.2974896377226812,1.3203415492816173,-3.3306974413805626,-0.08007162602806961
0.01491758293576786,-0.009021852771438712,-0.0016199820071285808,0.008144588168628135,0.2897190871426268,1.3199753154025744,-3.310551218754178,-0.09326373124726557
0.014908482834330765,-0.009047741492513604,-0.0015870960985048836,0.008180658964789417,0.2981084618062483,1.2992040310275588,-3.3343016997844774,-0.059336107889598956
0.014920637119904727,-0.009037269627229082,-0.0015944375919771604,0.008149613990308556,0.2893471932261517,1.2988842834820804,-3.314251568350931,-0.07260394254860253
0.014911450597951648,-0.00906316862569595,-0.001561389877357785,0.008185604183759054,0.2980877754893952,1.2779670677768067,-3.3377972239807927,-0.038579414924271783
0.014926655393767809,-0.009068155420967746,-0.0015432335642155222,0.008159340059550215,0.2891073068749972,1.2565947586619348,-3.321233998089711,-0.031160656579909598
0.014923667098310544,-0.009052701981063713,-0.0015688534777270422,0.008154519497359174,0.2891561940001337,1.2777479111465666,-3.317808662093288,-0.051900704396865165
0.014927034576135798,-0.008995841980121292,-0.0016524628538837664,0.008108182350506615,0.28933159991043106,1.346831695687852,-3.283556199851066,-0.13290334784420235
0.01492401119084807,-0.008980334615097412,-0.0016778563849744865,0.008102606472047004,0.28946607578848554,1.3676851381848734,-3.2792812666205866,-0.15350766681468994
0.014276590855859986,-0.0072744739287848754,-0.0043971748395282804,0.006899542302040543,0.4129420601566526,3.3770236007428514,-1.9614677581313356,-2.148413583588929
0.014305654738723294,-0.007343606104623662,-0.004309242975273291,0.006984713124950846,0.4054051754668034,3.3355496175981685,-2.0531833779239146,-2.095967413769006
0.014288094175587409,-0.007315017265563935,-0.004355272621201653,0.0069556634917433665,0.40994107233115734,3.3629934219328956,-2.017635644659918,-2.1228746930315086
0.014297608714955652,-0.007328682967059903,-0.0043314511680966885,0.006968440680750536,0.4074704658628159,3.3480449642514816,-2.034248724510695,-2.1091475957725017
0.014294500841076052,-0.007300285203939735,-0.004352901194378942,0.0069242643948182,0.40839444106319994,3.3499211055727107,-1.9932945171825849,-2.1232853144431054
0.014289320397846904,-0.007284609079688757,-0.004370285472309397,0.006903440012131669,0.4096604262389057,3.3565924747400184,-1.9719997111606493,-2.1337304805284103
0.01436616507939884,-0.007408758540474638,-0.004169289446456629,0.007025198359051468,0.3904684673072229,3.2347731891471967,-2.1219029487906877,-2.0156851335899635
0.014385294724865117,-0.007406759671035563,-0.0041396452344485,0.0070004431288434735,0.3859734270993145,3.2025951507848824,-2.109916396963302,-2.00123491056944
0.014323635971466795,-0.007344329812658611,-0.004278966493390118,0.00696651432773692,0.4009598770321015,3.3045524363147867,-2.046772455134253,-2.080542298178847
0.01432725159549932,-0.007358476024236995,-0.004264490474443776,0.006985963316574124,0.40010570857404615,3.2993835344947895,-2.066056523445777,-2.0712885136306705
0.01433790927961328,-0.007368965944269512,-0.004240525317992465,0.006991593766337903,0.3974083367997698,3.281743080610742,-2.0768332011903947,-2.0577059461503704
0.01434810990406353,-0.007381866282051505,-0.004215798836047022,0.007001511079236661,0.3949226160586305,3.264908216437099,-2.0911425946465,-2.043337544848295
0.014357562402948644,-0.0073951973913955376,-0.004191964160195789,0.007012778665190536,0.3925935558849117,3.2492010876908197,-2.106241761829519,-2.0292762158646656
0.014462204543469113,-0.007618066433388915,-0.003865886249283953,0.0072422804990812375,0.3669338237323653,3.050973911744006,-2.366673564723634,-1.8187908523754637
0.01447120639563054,-0.007631726900434795,-0.0038410457751346908,0.007251863209000669,0.36480061851067,3.033106150256794,-2.379759929894147,-1.8029714507387895
0.014454214630026697,-0.007604025531354788,-0.00388938941728051,0.007230637541075399,0.3687587141919279,3.067165811265562,-2.352171012724462,-1.834075487351207
0.01444596902143909,-0.007591014101202529,-0.00391241366324167,0.007220752478016227,0.3707415402570326,3.0833844220008966,-2.339137274948666,-1.848741662345404
0.014452818778889754,-0.007577336296402962,-0.003912270509570923,0.007190822576914035,0.3693190959072869,3.0747840167048563,-2.315411316796831,-1.8526032069087208
0.014448539069835842,-0.007563749795501155,-0.003929292013874271,0.0071749349772149565,0.3703812263143944,3.0842396470735776,-2.2989233178676685,-1.8644319146677504
0.014441458982086689,-0.00754919812941368,-0.003951308255122803,0.007160879440086612,0.3720170964310045,3.0982472490149617,-2.2826890008212826,-1.8788004286557543
0.014431555741953057,-0.007536157986467386,-0.003976552828893922,0.007152480118711507,0.3744814489070706,3.116484405587585,-2.2701179884608624,-1.894235004828505
0.014393661661369893,-0.0074202225622095426,-0.004117461751398595,0.007012632477671982,0.38394087910534475,3.1885212072093467,-2.125161863302761,-1.9878966218834064
0.014428079430971795,-0.007518750626360089,-0.003994753500255632,0.00712922969942964,0.37529494720616585,3.1245338341259767,-2.247365015673371,-1.9073229992905048
0.014402035180311032,-0.007434132092210297,-0.004094888184447683,0.007025369063222263,0.3819096193206289,3.174257068238139,-2.1408854533684694,-1.9742136227842637
0.0144279392926075,-0.0074982542555040495,-0.004009675969825586,0.007097030723263511,0.3755245265538169,3.1270720924591475,-2.2183747122375936,-1.919311903692624
0.014423795873302414,-0.007480903610737351,-0.0040284353623787185,0.007074505386653779,0.37658044282285075,3.1355173438783184,-2.196052637942677,-1.9322567893936806
0.014417683177280679,-0.007464419948740816,-0.00404952376251553,0.007055542203511854,0.378096715735768,3.1468461952056224,-2.1759363860218186,-1.9460115107835259
0.014410173103032026,-0.007448818321468678,-0.0040720753989316036,0.007039449068163706,0.3799308636333291,3.1601660635205544,-2.157675696502247,-1.9601861209002254
0.008680514570547004,-0.005062201002683535,-0.007903603463160469,-0.0021102907971266506,-0.035907137022538865,-0.6437208622434484,2.4104967705390035,1.3760828918146497
0.008692174035573555,-0.005050042745426333,-0.007898577657456975,-0.002084896278550162,-0.03258103721916994,-0.6323202850494533,2.405589955453316,1.3595500960190947
0.008657542003621269,-0.005057351866715768,-0.007880458382920364,-0.002138309297543946,-0.03924488027058198,-0.6676649816066637,2.395025169340012,1.3967030305178982
0.008630583638295481,-0.005058423898856633,-0.007860642324155809,-0.0021760427480430073,-0.04368375640054505,-0.6952378381266107,2.3823912531577327,1.4235088967460627
0.008578164558747579,-0.00506746062440294,-0.007828784876282767,-0.00225413375740956,-0.05273681096728954,-0.7483408886935549,2.362711351336706,1.4783054636432207
0.008603217207690552,-0.005056916119495255,-0.00783720805991679,-0.002211923837709725,-0.04784999760418596,-0.7231135234313856,2.366903163220195,1.4493615150461139
0.008512460149423404,-0.005079973101945497,-0.007787923487923488,-0.002351743075167555,-0.06331619347564009,-0.8144908222422035,2.3369932193247958,1.547049504615783
0.008492404850641176,-0.005081626610148414,-0.007772553145778682,-0.0023793894859185493,-0.06603345463858108,-0.8344873956542889,2.3268194759188425,1.5667735530841025
0.008529435161634617,-0.0050617183582707635,-0.007782007492461934,-0.0023140198930611954,-0.058780087581431405,-0.7973185605910698,2.330809168872884,1.5220965936192004
0.008553427881475313,-0.005045804232260555,-0.007784338644206179,-0.0022692345343822977,-0.053688524921703264,-0.7732576908604344,2.3304743463441677,1.4917934604758638
0.008420340916828837,-0.0050861931913117825,-0.0077140564653574014,-0.002475958900544848,-0.07480835584631113,-0.9056338973875456,2.28715645278479,1.636114927409045
0.008470252645599825,-0.0050722044596057045,-0.00774293424732908,-0.002399891674331353,-0.06750732836033257,-0.8561998017104165,2.305523205831688,1.5827976482593997
0.008442612303829653,-0.0050788275475031185,-0.007725896512187492,-0.002441099266761964,-0.07149980405726718,-0.8835418232425943,2.2945422887396316,1.6117589904472582
0.008403549743175013,-0.0050706721653063554,-0.007682057851450201,-0.0024830739494179806,-0.07463473529603679,-0.9208622381166324,2.2632960133427957,1.6429514295301815
0.009227591940973428,-0.004855502872571618,-0.007994819327463097,-0.001196813558304782,0.09849465476010101,-0.0976890035046211,2.431269469028068,0.7625102932600186
0.009205290976489042,-0.00487334379149677,-0.008005187189525616,-0.0012377546612345565,0.09262349464004661,-0.11806145419035352,2.440360671247721,0.7894752886835182
0.009093951843725063,-0.0048765556947373305,-0.007955352579403871,-0.0014027682440292061,0.06471510109825261,-0.2334188684351488,2.4135137895821646,0.9013444294502613
0.009178791121216187,-0.00486488953722013,-0.007983504079589818,-0.0012730477877265663,0.08590050933086445,-0.1470350300154876,2.4270405415811216,0.8136932330891239
0.009149068443932339,-0.004861326206169414,-0.00796546917636413,-0.001314946529126826,0.07854687236737895,-0.17844085348549507,2.4164779315191702,0.8422875145037029
0.009117205190803298,-0.004860515581756871,-0.007949006473794247,-0.0013609377306924109,0.07077559708410504,-0.21154169605177447,2.4071394996338467,0.8736500062971208
0.009298370409237346,-0.00487280411196135,-0.008044001889169103,-0.0010982899453863208,0.11742716203532864,-0.02053008527336182,2.460394486731239,0.6958545390911021
0.009270096381686315,-0.0048684167565382006,-0.008027534234048788,-0.0011390045038368634,0.10970404730721604,-0.05098917203976793,2.451053291657612,0.723175268871889
0.00925346522976873,-0.004844590541469398,-0.007993548211615487,-0.0011538466464414289,0.10526996766061682,-0.0725371640865843,2.4283350632795973,0.7338775817223365
0.00958993554359717,-0.004779355127545946,-0.00802924916770663,-6.279627672634446E-4,0.19432292786044794,0.2663792089622988,2.426899048650785,0.3826287083183773
0.00932025965376343,-0.004848774435156794,-0.008025159150166149,-0.001055987372043104,0.12303060580895471,-0.0019546938304950963,2.4454460077378104,0.6680273398337943
0.009346705121342109,-0.004833199465807008,-0.008017421406349248,-0.0010104986988906369,0.12981194789588943,0.022852837675361674,2.4379304674917637,0.6378290864831504
0.009362734381959796,-0.004807879146911069,-0.007994615945589471,-9.77399070331818E-4,0.13343289337487899,0.034859493280804565,2.4205985473229705,0.615878559059598
0.00955234062220315,-0.004767693766086788,-0.008007057010060138,-6.817822423474417E-4,0.18288973595760427,0.2244335934201442,2.4143372438616613,0.41797512018852717
0.009479633374518954,-0.004776158956517692,-0.00799685904441319,-7.929037193600308E-4,0.16359603474864629,0.1504248777254703,2.412972275485046,0.49226105463262027
0.009515525546782528,-0.0047689691518710935,-0.007998878449379314,-7.37251698747875E-4,0.1728840787963812,0.18630893939618884,2.411528957513394,0.4549755409685609
0.009440680077518507,-0.004785911433649793,-0.00799603881811995,-8.539672562213539E-4,0.1535771409294078,0.11180597437670159,2.415492294394117,0.5332056284595406
0.009458206586650673,-0.004750198574278767,-0.007961436872430283,-8.169916016887234E-4,0.15634683696050838,0.12294946614502336,2.389560754098779,0.5079840146319058
0.009394645787721765,-0.004785304191102686,-0.007980345483411677,-9.221770595446929E-4,0.14113136625960274,0.0638646379460533,2.408026342392675,0.5788441257214513
0.009617987155186672,-0.00474146748399086,-0.007992865164247777,-5.773760236496155E-4,0.19885682544732972,0.2867680671826844,2.3990079670773974,0.3476288917264422
0.009630058179786112,-0.004706799076578295,-0.007956743645149419,-5.521681744343366E-4,0.19890172184616653,0.29110525126013187,2.3723195460221382,0.32945551210377744
0.009655357558677859,-0.004694024034157469,-0.007947602804766115,-5.122962595102938E-4,0.20443460073699396,0.31413894158441474,2.3637096016123738,0.30225516380832
0.008752668907846829,-0.005028407587076535,-0.00791838878842404,-0.0019845510127942706,-0.019341886253326817,-0.5711564037628057,2.4149302259345453,1.291120867506758
0.008719158964492383,-0.005036679693892571,-0.007903463033309384,-0.0020374289069999235,-0.026333053126495077,-0.6052499866588218,2.406766639820965,1.327515661766016
0.008732423261138393,-0.005025869168679434,-0.00790088482499476,-0.0020110360159225024,-0.022884885254220992,-0.592223784510347,2.4036063958055047,1.3101204290504294
0.00869807680851718,-0.005032617064841373,-0.007883223279409905,-0.0020636581105735363,-0.029678565952326014,-0.6271746193616822,2.3933726347686544,1.3466091357449794
0.008764027259697766,-0.005006482489565478,-0.007901558977709123,-0.0019530357257921368,-0.015093846316569405,-0.5609583757216154,2.401268610447106,1.2714359275503808
0.008830276846946724,-0.004985874460583408,-0.007923736648203443,-0.001845715915026226,-3.37491865666567E-4,-0.4942127298519649,2.4120092208608863,1.198345072659772
0.008803074655174135,-0.004984984963287139,-0.007904360162739965,-0.0018834352338784434,-0.005650943056608847,-0.5223029929175239,2.3999570560987604,1.2248357825174703
0.008775960333498343,-0.004983692768298118,-0.007884202798672307,-0.0019204097064951361,-0.010734028060326783,-0.5501944973747616,2.387221910184025,1.2509327834686614
0.00888945197857875,-0.0049766403627787194,-0.007951771245059311,-0.0017554200007888674,0.012724919526254123,-0.433776847262287,2.4276053721080797,1.1363749533695113
0.008866751899292338,-0.004961740177568579,-0.00792033438701287,-0.001778240410542298,0.00904804693965145,-0.4586497633474119,2.4063906172697287,1.1536475084522164
0.00884246353886348,-0.004961897303450873,-0.00790469285089157,-0.001812629232159352,0.004107053930401689,-0.48363272782182026,2.396867390664364,1.1776277074163586
0.008910892562701694,-0.0049528011160120495,-0.007938115187769322,-0.0017097792509420016,0.01905652930870599,-0.41392511582795194,2.4157733663027225,1.1069018021121302
0.009051256007584824,-0.004910748214928064,-0.007971639957456152,-0.0014827990443483884,0.0533061655157998,-0.27323591632195,2.428655186832923,0.9539764552038148
0.008932119528433471,-0.004932715396493819,-0.007928397485672796,-0.0016671696949652499,0.02496557301281981,-0.39402765376151544,2.406896006531342,1.0791245105811333
0.009019392910036159,-0.004904776967900874,-0.007947474651022685,-0.0015257340314871663,0.046047827605877716,-0.30698669941316786,2.4137509585124373,0.9837704497318477
0.008957699451112144,-0.004916989398562462,-0.00792595322319354,-0.0016212733635281717,0.03153725576142222,-0.3692770850957732,2.4030488815404105,1.048650271043571
0.008987660399544274,-0.0049077669833311535,-0.007932970722187675,-0.0015730528736928005,0.038628280122502044,-0.3394037204620406,2.4057603809717363,1.0160916300347085
0.009068605471540304,-0.004876888560597091,-0.007942599875771313,-0.0014396428935972078,0.058713787152269166,-0.25958532599559764,2.4063173370827897,0.9265447852760352
0.01013414902160609,-0.004713017900884046,-0.007997390925018943,2.020092890893558E-4,0.33481951103917984,0.8143083021055341,2.3558171983676286,-0.16909767704225234
0.010101856782298135,-0.004699046924000508,-0.007983868788836451,1.5273350002977245E-4,0.32351144533127285,0.7760164606523663,2.3493023227157614,-0.13825603083122281
0.01020328361227481,-0.004717231056242136,-0.007995774490255708,3.061789098773563E-4,0.35333980661326286,0.8870092472482901,2.347744436253333,-0.2370533067074546
0.010168568691418866,-0.004693206012569884,-0.007972532307026067,2.51870635578781E-4,0.3392968527282952,0.8421516844484062,2.3345736692209837,-0.20419872512329115
0.01033033825035683,-0.004720134176328343,-0.007980492323042885,4.966468926080048E-4,0.38541623855483725,1.017827557905228,2.323485058091475,-0.36145844098660357
0.010285147453283867,-0.0047176374389103284,-0.007985320804622458,4.28799757134034E-4,0.3738701497964928,0.9708608296411602,2.331811144559008,-0.31737958863939264
0.010242428404498984,-0.004693791707112315,-0.007964969242845113,3.617518554105668E-4,0.3578337683101795,0.9175856666424772,2.3215713289646867,-0.2764387827101615
0.01040310097505156,-0.004702270586120104,-0.007946116946094933,6.008354894824607E-4,0.3978762937126932,1.08311794689181,2.2907318515396984,-0.4321496410222396
0.010482812864418321,-0.0046977096760832705,-0.007921863497985501,7.16488614983987E-4,0.4142292298121309,1.1600882423724423,2.264030809370404,-0.5085569540384515
0.0104385537901779,-0.004673441504294656,-0.007906323984018455,6.460563980273669E-4,0.3982098486946455,1.1049044530045151,2.2579305548630018,-0.46570415828079464
0.010363203018607499,-0.004686631295381273,-0.007937188212832935,5.389285800643972E-4,0.38481929960661637,1.0361873304928695,2.2886695644155846,-0.3936683706659024
0.010979540827616438,-0.004708138996473342,-0.007736823257428053,0.0014191768292414109,0.5040512685304752,1.62817083325761,2.0640377803618724,-0.9619617255517402
0.011028773144813524,-0.004698138905574201,-0.007699923229140068,0.0014793900701750374,0.5065661904986779,1.662787187115779,2.0301453571208348,-1.0011765874401453
0.010905531011819446,-0.004657089633516016,-0.007720361829702485,0.0012942756304230453,0.4778215495544556,1.5302307335401313,2.063631156872366,-0.8884422646975286
0.010952769021912105,-0.0046538392550553795,-0.007693713643259616,0.0013555763860615617,0.48317435568351536,1.5684846325069939,2.037646869986309,-0.9278887085333042
0.010817120724512587,-0.004623841463455539,-0.007725884422423412,0.0011603244738575883,0.4548525990185639,1.4324696356762605,2.0800688932503792,-0.8068102119460229
0.010872876213727371,-0.00461179651970264,-0.007688490077107017,0.001229489338159885,0.4593100555972365,1.4734692198262227,2.0456267838920925,-0.8524794438525164
0.011070969524909812,-0.004663727117163757,-0.007640858197886631,0.00151534353864259,0.5004932141901942,1.6731479086924372,1.981801051003608,-1.0278844293105942
0.010565449101214928,-0.004672986811515271,-0.007871365862165794,8.287372861452378E-4,0.4246475542293015,1.2280575155302833,2.2176326871887198,-0.5852822305656408
0.010606928716650015,-0.004643181666530613,-0.00782609603063436,8.781298306673471E-4,0.4245036564009245,1.2518575706598585,2.17978584561677,-0.6214158969965046
0.01066088216562995,-0.004622960776405213,-0.007786216915900339,9.465436941543811E-4,0.4286038383274509,1.2912645012929118,2.144195875725807,-0.6686164698224247
0.010762168917429217,-0.004585881650517325,-0.007709083005984696,0.001070639427969384,0.4352746988714036,1.3616650379265036,2.075642807454592,-0.7534120140892365
0.010704681979989188,-0.004588536721633528,-0.0077340233807781196,9.941057387264837E-4,0.42701591238169556,1.3119379159298248,2.101026024024006,-0.7034508285900578
0.01052219420193865,-0.004655885802862125,-0.007865500158883836,7.619233786016539E-4,0.4112745392418819,1.1777407171596843,2.218595539636502,-0.5438570578453557
0.009688856485061398,-0.004682811770580294,-0.007941300521886567,-4.609198327618363E-4,0.2121397942087213,0.3458624302573407,2.35637950152987,0.2673579151699493
0.009862784689943855,-0.0047180678558136095,-0.008002316107438746,-2.0643576282558074E-4,0.2631899631517824,0.5351763297446094,2.3847687616043998,0.10033400841622066
0.009731362203288343,-0.00468113765479208,-0.00794628624948887,-3.98033242357957E-4,0.22311440608954217,0.3890604819737789,2.3563406571136567,0.2252977037436974
0.009818771114792006,-0.0047034280918601895,-0.007982014095329372,-2.710925089282191E-4,0.2491500055390046,0.4852862641823585,2.374228802907709,0.14209663951382792
0.009773512041103015,-0.004690915182982674,-0.007962931753146286,-3.3703793965308857E-4,0.23542888545041615,0.4350655938672201,2.3646043702764654,0.18514642092388345
0.010085925283573025,-0.004663274866801356,-0.007945025029101058,1.2728855012961158E-4,0.312494688055222,0.7469933669624457,2.322994174623968,-0.1252832273370702
0.009889745497852704,-0.0046856029933196,-0.007968033822577051,-1.63822896212705E-4,0.26561555006545906,0.5533926487080123,2.357925469690131,0.06957861873745959
0.009925657016609671,-0.004676104459873843,-0.00795939933472313,-1.0998048200013903E-4,0.27352092042518206,0.5874139564915762,2.348501900079476,0.0330924065401797
0.009972602861715436,-0.004670123272398856,-0.007954178065298398,-4.021634293767244E-5,0.28479369806785454,0.6336124414281007,2.3404388328884154,-0.013648872771206784
0.010046538899569569,-0.004658722036629883,-0.007941345047118423,6.90278955655134E-5,0.30176073699390166,0.7052588778226253,2.3241529126749074,-0.08705987518826817
0.010011837760847481,-0.0046501587795838035,-0.007932400058328216,1.781382200136095E-5,0.29145086217181143,0.6670459529754367,2.321086767417226,-0.053807427824846696
0.009582963022212978,0.004734675307403365,-0.007977464608046715,6.280799169406026E-4,0.18871717803191831,0.24878956618189543,-2.390924760074771,0.3811971430135202
0.010284228736084285,0.004626935476513773,-0.007885635253876448,-4.1348611948717793E-4,0.35269275170117687,0.9320034729346612,-2.2598889564270905,-0.3183949800340627
0.009621244881760192,0.004717504372423131,-0.007966812640099305,5.674427483843067E-4,0.19756582707480794,0.2844610582591438,-2.380220741913764,0.3401026136711625
0.01015735766957833,0.004623678379255693,-0.007897009745869725,-2.2932694216275715E-4,0.322317042808602,0.8044907059186407,-2.281278953754192,-0.19681965813602784
0.010205842255516982,0.004616103986218611,-0.00788408918445094,-2.988192502716206E-4,0.33224407213752555,0.8498869558164681,-2.266987739304614,-0.2436250199749266
0.010251013185133568,0.004590039918026634,-0.007850398107320048,-3.605367830125504E-4,0.33737787540755715,0.8841992678623495,-2.2379368282481207,-0.28715241198107927
0.009742820818859133,0.004710728853649228,-0.007980833725629464,3.8537764409070477E-4,0.22964316023902895,0.4086476268735049,-2.3799230377081098,0.21842714783687586
0.009771046722403125,0.004702183807721057,-0.007975152604161153,3.4213764293262864E-4,0.23614203425510932,0.43554803947167836,-2.373450799446641,0.18921988887251806
0.009661081784411897,0.004703504469904613,-0.007959207668354874,5.05643756084096E-4,0.20686511113345407,0.3222763508949787,-2.371502141306589,0.2982439354256572
0.009705107358961892,0.004695307665111759,-0.00795787362119803,4.390449750753325E-4,0.21770258635724082,0.36564251495746275,-2.3668493345717327,0.2534004909135301
0.01005655331454646,0.004666046766885385,-0.007949176666128427,-8.400903625527927E-5,0.3056142460692643,0.71799993947874,-2.3287916047438846,-0.09634615516437352
0.010011111612353931,0.004665607994145914,-0.007949443064543274,-1.680619589833794E-5,0.2939558099980268,0.6714947825530232,-2.3333505093530564,-0.05188862949655331
0.010079807663439725,0.004625141168887394,-0.007903424274215858,-1.166817122698698E-4,0.30396035171593744,0.727231047839008,-2.293700588838357,-0.12179433993471044
0.010113368773273823,0.004584908300035878,-0.007858033790313523,-1.6312470376800175E-4,0.3047119941801371,0.7464548134298609,-2.2575636360308526,-0.15635354747864708
0.00991506983584593,0.004689569656314164,-0.007973851661585402,1.2633803952449474E-4,0.2729465704507659,0.5806023968090958,-2.3597954761649764,0.04512525330557227
0.009958149733862463,0.004663287879265623,-0.007946323176125597,6.144792709115596E-5,0.27994418091648776,0.6165953622295134,-2.3361195973058604,-1.4139425269676608E-4
0.009787511643434334,0.004679676058871891,-0.00795220303639338,3.149294976582098E-4,0.23785760932686978,0.44642178959690676,-2.35569085395086,0.16973630563554692
0.009821732588447988,0.004673113260225821,-0.007948684779910257,2.6363487235444454E-4,0.24594536386983126,0.47978433132774834,-2.3501962551704096,0.13511209971960872
0.009869481917119794,0.004667855078755078,-0.00794700806895538,1.9265036382948013E-4,0.2576380013114999,0.527249021136643,-2.3447891780090155,0.08748243829913763
0.010532845814523937,0.004651814103927841,-0.007858074758264737,-7.75940899510724E-4,0.4123309872015747,1.1859467250306766,-2.2119895808912857,-0.5536420543490411
0.010890672285060672,0.004670365614541604,-0.0077413865879985,-0.00128062872480751,0.4798248554666618,1.5258142875481664,-2.0807242421866565,-0.8781191031964236
0.01106167425620183,0.00468501292174486,-0.007668024160087627,-0.0015152661840069992,0.5061646446703851,1.6805785324993956,-2.0022971216316123,-1.0253722187751395
0.010976817091086104,0.004682681685562951,-0.00771147570242625,-0.0014022340806982732,0.4953197939635602,1.6081615017287727,-2.046518382453062,-0.954117677938451
0.01102098307161109,0.004649031344936455,-0.007653219797515387,-0.0014425415218644896,0.4900805923114559,1.6223284809644667,-1.9986391043297298,-0.9836790313114675
0.010932170248554364,0.004640374944358861,-0.007689952709761575,-0.0013215926868792426,0.47622795219924846,1.542354059591782,-2.038080708280045,-0.9080132864284872
0.011116586773642086,0.004669776015552982,-0.007620826414705976,-0.0015774029124018417,0.5071849029174751,1.7137412418582,-1.9602823683833728,-1.0659456704465482
0.010705202619176185,0.004609271879588205,-0.007755634678134832,-0.0010025486715220645,0.4324786305798565,1.324216549872972,-2.116582333004382,-0.7065865882694744
0.010662332049108254,0.0046157316420788064,-0.007778016127655381,-9.460090440723933E-4,0.42701275723220283,1.2886257424093632,-2.1381569821684128,-0.6690059462782285
0.010585968253315986,0.004625251820648544,-0.007813552523046163,-8.430029229775163E-4,0.41554024529085326,1.2227017192482543,-2.1733113392650445,-0.6007152369712302
0.010628170634989038,0.004595328560954613,-0.007768094484572145,-8.919489721702108E-4,0.4153281744466208,1.2462744766795544,-2.1353160976218235,-0.6362378862990998
0.01074414579642692,0.004570691100885466,-0.007700380942518258,-0.0010405021950993592,0.4284106571529848,1.337265058254758,-2.071831609404597,-0.7356611250935375
0.010841430626582427,0.0046511929214121854,-0.007743907138289741,-0.0012051908335976825,0.4666206095539881,1.470515901827805,-2.0896111487552704,-0.8321816731645841
0.01078825468398515,0.0046062044169541535,-0.007719637368566279,-0.0011139873673098077,0.44513878167238335,1.3966269431716543,-2.0797049563439667,-0.7790036186520717
0.010708769628539802,0.004561332066311432,-0.007704102599247684,-9.895232648606989E-4,0.4200790881460986,1.3006477224773823,-2.0790468768757044,-0.7036341814984762
0.010726605964281941,0.004537000236087373,-0.00767224514390456,-0.001004227355014763,0.4166042560054404,1.3029512322521892,-2.053850209391387,-0.7159818389961677
0.010476627926515545,0.0046425812329182045,-0.00786333463637476,-6.932487522683072E-4,0.3983784940404105,1.1272061014535832,-2.2223504271798684,-0.5005988397746587
0.010504920532166381,0.0046087078759703215,-0.007819427350104475,-7.244591764207299E-4,0.3957538885857196,1.1378866719830425,-2.1872961402986455,-0.5251431929805674
0.0103313599866637,0.004621617098351461,-0.007872098604650322,-4.805162474085342E-4,0.3620003356024249,0.9761455318157469,-2.2450284907057902,-0.3632025557700247
0.010382267676613318,0.004622414903286515,-0.007863243203514864,-5.536726531305153E-4,0.37339989678578256,1.0262710912409532,-2.233004915244642,-0.41132340138179097
0.010431128804856504,0.0046292511132743405,-0.007859992832015732,-6.250265263648013E-4,0.3854343662489114,1.0768657832025175,-2.225138530651954,-0.4574447244336666
0.007874754124307297,-0.005411379880259984,-0.007476631031955747,-0.0034622958993619202,-0.13529387166320161,-1.4715732448479673,2.1388876189364137,2.3334310872184685
0.007888259614292488,-0.005404003126768157,-0.007485819569037075,-0.003438966886370492,-0.1350483443275554,-1.4575275654824578,2.1457281283246235,2.3164944394218963
0.00793271893661022,-0.005383246970205866,-0.007518833130302441,-0.0033661871368995456,-0.1340969105111821,-1.4121467623282866,2.170401881247695,2.2636299422635555
0.0079031006425989,-0.00539706635372944,-0.007496986192188305,-0.0034147323364061466,-0.13474432402085657,-1.442394634769814,2.1541282033333093,2.298871716985517
0.007917250419909509,-0.005389167939146372,-0.007506136254686849,-0.0033899807065965806,-0.13432160237980414,-1.4276010251244022,2.1608158459531803,2.2809253737573214
0.007961660213392523,-0.0053719552372512355,-0.0075419413009929085,-0.003321159642474664,-0.1334246377736981,-1.383002711576258,2.187672773560035,2.2308399847491036
0.007975439535950202,-0.005364978919151067,-0.007551038220094453,-0.0032976945732241347,-0.1328363878270171,-1.3686977292818818,2.194209113044234,2.2138342934814355
0.00793507039139351,-0.0053667278428654805,-0.007504291699723242,-0.003343578276077759,-0.13210439965495668,-1.4055065653389025,2.1577779471163834,2.2474362619441997
0.007948985622248186,-0.005364035976534925,-0.007518275314623807,-0.0033253729595940475,-0.13210881124517132,-1.3923739949341747,2.1685454275753067,2.234206658587759
0.007861438432425344,-0.0054036469472485875,-0.007451897548293213,-0.003466356319397083,-0.13376309133484338,-1.4806824153947267,2.11866081767696,2.336260285227342
0.007847884539057229,-0.005406771935190751,-0.0074380585176218065,-0.00348415350998489,-0.13347378385901554,-1.4932572310019074,2.1077692451052923,2.3490757247514646
0.007976349502879083,-0.005349828427593474,-0.007535998161158112,-0.0032786356580623175,-0.13083682625347273,-1.3640728838805791,2.1812895637254823,2.200419346700906
0.007988135408791588,-0.005338431686598885,-0.007537863741660931,-0.0032522275499283393,-0.12955245077680452,-1.350585809980899,2.181839021503912,2.181498206334299
0.007992879345442594,-0.005319561139993163,-0.007523493134303197,-0.0032248768447739377,-0.12713526537742406,-1.3417147218036798,2.169246359748804,2.162291954930808
0.008035184152343666,-0.005292124612144175,-0.007543374492534537,-0.003146493034016755,-0.12367298590157665,-1.297246699036023,2.1823371245426597,2.1064143942016957
0.007996039426257375,-0.005303803070365739,-0.00751062997422325,-0.0032030753301080135,-0.12500493481149566,-1.3351348239263585,2.158071852658402,2.147135209727587
0.008010490479433842,-0.005292941204168165,-0.007515952205754248,-0.003174719267138506,-0.1237271211236016,-1.3196690724611957,2.1613596927624044,2.126980764592623
0.008066810095858383,-0.005265818624507797,-0.007551242057041767,-0.0030814014146406774,-0.11992566684340726,-1.2629393818161214,2.1861584253279145,2.0604478249551406
0.008043928728075448,-0.005270552335735472,-0.007530549864791028,-0.0031122976320733246,-0.12070201599840953,-1.2846584655880633,2.170797926976066,2.0827174709624567
0.00783152613110666,-0.005411235431570578,-0.0074219313637600695,-0.0035063704582064957,-0.13309726155931145,-1.5085339086339304,2.0950737841993745,2.3650261512115054
0.007814142180943288,-0.005417726258081567,-0.007406399742285045,-0.0035320470545423988,-0.1328553421525581,-1.5252574926335625,2.082898490092108,2.383484282647984
0.007793485416756708,-0.005417132616288319,-0.007379345347060493,-0.0035516970511619804,-0.13160295104751876,-1.54199810658951,2.061050040893081,2.39718591034261
0.007776530188119978,-0.005420463755520801,-0.0073608547475163865,-0.0035725020844560337,-0.13084411074511906,-1.556912570653733,2.046217883385788,2.4118707434380338
0.007760405728138267,-0.00542585399130005,-0.007345340735330898,-0.0035950035400469063,-0.13030717996230903,-1.5717849897866685,2.0338279164798023,2.4278338566595696
0.007745167503962145,-0.005432956998627961,-0.0073325168946959925,-0.003618767180216136,-0.12995139814068565,-1.5865111242183556,2.023632679381197,2.4447799309868326
0.007730864536937747,-0.005440198839954332,-0.0073209004857587015,-0.003641743425090896,-0.1295971417488592,-1.6005009800614405,2.0143746846062673,2.4611812217085816
0.007717045799778989,-0.005448382206576227,-0.0073106988565236385,-0.0036654397625334122,-0.12933080372215924,-1.6144551809869505,2.00624984005696,2.4781736439751785
0.007702037436992547,-0.005456625164823419,-0.007298828445606098,-0.0036902600386747365,-0.12890397477746127,-1.6293349218298487,1.9967071288361813,2.4959431442824074
0.008149917451877771,-0.005222391933270507,-0.007595743807697537,-0.0029389089139273544,-0.11206465089178372,-1.1784598029696502,2.215771526861099,1.9595435538931463
0.008151007697490054,-0.005197609797941216,-0.007570543270018787,-0.0029113535383690505,-0.10874551160264931,-1.173261401260199,2.1948823743275594,1.9414410703800478
0.008127632035555115,-0.0052264602992339,-0.007576209485206392,-0.0029690391339617715,-0.11331847478424821,-1.1997650058868643,2.2015833337140354,1.9812336172493532
0.008105550694747351,-0.00523138402508402,-0.007557534387853274,-0.002999619578533299,-0.11458613617858453,-1.2208707001254628,2.1880299536526038,2.003144203445409
0.008091299990499973,-0.005241143587317418,-0.007552273330795526,-0.003026450783269682,-0.11612827610540868,-1.2357163358578562,2.1848810979914206,2.0220066756486297
0.008073725374758728,-0.0052426698387380765,-0.0075345299533680675,-0.003047920528747165,-0.11673081227992614,-1.2519323832345677,2.1716244758796823,2.0375389417065466
0.00838397076910727,-0.005072749271141976,-0.0076665214170748,-0.0025093079676262136,-0.07692282681965855,-0.9397401441554994,2.2526458086881256,1.6616611760887103
0.008366819469505522,-0.005081955431022254,-0.007660672450583522,-0.002538971232543214,-0.07958023555492019,-0.9568195206871944,2.2494110362783437,1.6821015231032004
0.008275226717041517,-0.0051645661520589884,-0.0076622764933595424,-0.002730268084804455,-0.09771355417327554,-1.0521902977105622,2.258855110697585,1.8123848604868276
0.008295751358114287,-0.005154324172711987,-0.007671356949033525,-0.0026951151229029804,-0.09511683332333275,-1.0314609189224504,2.264346116166099,1.787852408114013
0.00833673948423616,-0.005113783815765689,-0.007666861370981421,-0.0026057819971715885,-0.08634270197780979,-0.988369187632577,2.256956016690216,1.7272486189607432
0.008307450451140806,-0.005128686696528125,-0.007654961718308815,-0.002655920410508756,-0.09057716391196166,-1.017726035417079,2.2499842646884347,1.7620628077367848
0.008190138718900734,-0.005188664397741189,-0.007601975486465908,-0.002856450767196195,-0.1059341597493313,-1.1356785955260638,2.2172940436608517,1.9021918198711167
0.008205429382310742,-0.005164523945523972,-0.0075920058501865815,-0.002813658522385261,-0.1019058121831095,-1.1178589478460284,2.2078637344889653,1.8731554388167186
0.008225512438247687,-0.005158468219581,-0.007605971083601189,-0.0027838330532980074,-0.10003777799293108,-1.0983647802599776,2.217501125156577,1.852028430147486
0.008251540059605626,-0.0051563994336687475,-0.00762990288664821,-0.0027507479696634754,-0.0982349505972721,-1.0737596697756013,2.2346669479303265,1.8282117296635196
0.008164417920800134,-0.005179584281670981,-0.00756558356649236,-0.002876953924608026,-0.1058113270801763,-1.1579625536009244,2.189684668353951,1.9178698678456778
0.008344110983009452,-0.005082061996822333,-0.0076396995843123474,-0.002566922520684299,-0.08165901275959819,-0.9783741830094205,2.2345854857481418,1.702297712306274
0.006562031234566455,-0.006350360280230004,-0.006045339976747614,-0.0056946835503333924,0.11912710513209103,-2.6249982194461796,0.7576076459257194,3.7593129671053647
0.006565831011279576,-0.006365927441985931,-0.0060567253275774545,-0.005723472068520812,0.1245269974933947,-2.6406023740869293,0.7551521202954233,3.7901719218871612
0.006550551689173467,-0.0063611123823128154,-0.006027344010755519,-0.005713524670910272,0.12374624067429811,-2.6305211410092397,0.7385210085026536,3.766353725389908
0.006554431157513266,-0.006376734159396443,-0.0060387172108590835,-0.0057424686420383805,0.12845374327656225,-2.646243813848914,0.7358318451741196,3.797216382845923
0.006558095225406197,-0.006334566103111658,-0.006034140630994603,-0.005666131997533511,0.11724335504681417,-2.6094874515876416,0.7539591324316524,3.72966713498318
0.006569604939787567,-0.006323830323547777,-0.006051902329664704,-0.0056472632355387955,0.11299530606595265,-2.603836897043878,0.7727418750159013,3.7224715207317467
0.006581144179689333,-0.006313145157939349,-0.006069602828192084,-0.005628365765611217,0.10873419010811515,-2.5980556509226704,0.7914427186948587,3.715128391249401
0.0065926858858209245,-0.006302518892616388,-0.006087197219945747,-0.005609454264163941,0.10453469586959009,-2.59214287001624,0.8100255587610498,3.7076263786293278
0.006604185579189008,-0.006291875204276938,-0.0061045831334350376,-0.005590392466478804,0.10038355388828589,-2.5860210800235275,0.8284342219877839,3.6998055640957372
0.006674388591384735,-0.006228292420789453,-0.0062083937404376266,-0.0054740436272639045,0.07505806450874643,-2.5461350548290187,0.9381084802108424,3.6490590715197584
0.006662530476526419,-0.006238736671334406,-0.006191086944403821,-0.005493461441548814,0.07925244751382325,-2.5530512358002224,0.9199088261326039,3.657766662893462
0.00661568061418243,-0.006281185692557645,-0.006121816420656429,-0.005571132089212515,0.09620733327040097,-2.5796806401619463,0.8467205611469285,3.691656486665867
0.006627253875971045,-0.006270493082034097,-0.006139056635108394,-0.00555174956976972,0.09197594937387422,-2.5731832115021507,0.8649981855277877,3.683317999952082
0.006638940485332368,-0.006259841427803152,-0.006156380634065181,-0.0055323219147207295,0.08772357417747512,-2.566573647752186,0.8833199991243074,3.674886388547982
0.00665071253520744,-0.006249253173217063,-0.006173746229284968,-0.005512887503756129,0.08347641642554332,-2.559864179857113,0.9016425708781145,3.6663752457002787
0.0068737875075634836,-0.006097847331006403,-0.006503457907873521,-0.005210286937195611,0.019519807317800078,-2.4456833424343762,1.2290653891050647,3.544664057786218
0.006871098122903128,-0.006082090905309637,-0.006489952689927613,-0.005182901937074568,0.01104830473534376,-2.4311558089794505,1.2268564643485593,3.515139233317168
0.006861544017724469,-0.006107687827612112,-0.006487056729213544,-0.0052306930689294505,0.023620576254588927,-2.4547893558321157,1.2119604133288873,3.5561242313124306
0.006858836026130463,-0.006091959196260954,-0.0064736768414933145,-0.005203272507974254,0.01480169584956034,-2.4402644335585664,1.2099327138006137,3.5264900675529067
0.006837150069184487,-0.0061274839812932615,-0.00645408652258152,-0.0052713208335588525,0.0300473148749035,-2.4727186143728814,1.1775695296839237,3.5784914029280803
0.006822251891903581,-0.006121725883756389,-0.006424463812400089,-0.005263966199906211,0.026923746627464804,-2.466760683654153,1.1585894457341208,3.5596250436192265
0.006849331498161109,-0.006117566743455818,-0.006470599318387679,-0.005251038019405889,0.02718632521693944,-2.463799156208933,1.194800210504298,3.5674101338057667
0.006834432248595766,-0.006111783626700708,-0.006440968193417335,-0.00524381268633669,0.022734276197768587,-2.45807260683047,1.175806843772204,3.54876125979372
0.006846618667072813,-0.0061018599842657005,-0.006457358001113978,-0.00522358035264838,0.018659120199745787,-2.44923901618133,1.192917424016905,3.537704907227743
0.006686289689928789,-0.006217908957809548,-0.0062256685212910895,-0.005454613228643019,0.07091681760412616,-2.5391044908431435,0.9562488792373843,3.640235544709124
0.0066982119752470965,-0.006207559587761097,-0.006242862327968091,-0.005435123907003187,0.06681840813933217,-2.5319340975983917,0.9742924616807063,3.631239599153417
0.006807115170366598,-0.006115751580319083,-0.006394997303703077,-0.005256672292591652,0.030747832985111117,-2.4611527814928897,1.1330948927068822,3.542780600992144
0.006794844402182411,-0.006125719861131536,-0.006378225042814537,-0.005276576722729715,0.03462940186876134,-2.469462670994544,1.115718973002753,3.553063837622105
0.006782553194840873,-0.006135759490652892,-0.006361316980973302,-0.005296494276799075,0.038609699313346325,-2.477668982157663,1.0981837380534853,3.5632221417161047
0.006770313611018709,-0.006145886648143025,-0.006344405493116184,-0.0053164410332743025,0.04264150718513463,-2.4857892440983096,1.080600102403296,3.5733182119183176
0.006758166189058606,-0.006156094603561253,-0.00632755754095789,-0.0053364008114860735,0.046678334552390295,-2.4938210143371147,1.0630279861593843,3.5833641609318545
0.006710138663430263,-0.006197223862163378,-0.0062599372560199545,-0.005415541694721048,0.06275229017624734,-2.5246033946759336,0.9922126089369971,3.622027483983473
0.006746094474042369,-0.006166344931220373,-0.006310726029324937,-0.005356309724670923,0.05068084576242795,-2.5017324491482373,1.0454318619436025,3.5932909424277892
0.006734071249313428,-0.006176614332156061,-0.006293853364011333,-0.005376131567295322,0.054683009183223504,-2.5094987023278432,1.0277711621193701,3.6030433873004024
0.006722086122483175,-0.006186905710025447,-0.006276923115243707,-0.005395872521530589,0.05870223965935641,-2.5171216390391202,1.0100297642738247,3.6126202202291453
0.007603741663966365,-0.005530332145559191,-0.007235604265623126,-0.0038782996815959043,-0.12570033172967915,-1.7346469548237962,1.9451467318946114,2.63221981354821
0.007614691278500167,-0.005517992400402669,-0.0072391410758727,-0.0038516871832081838,-0.12597208917204794,-1.7209834434923155,1.9480891872508332,2.6124416842450207
0.0075876698001030515,-0.005534497554519459,-0.007217059296625203,-0.0038978527154452307,-0.12428532863931464,-1.748039965532527,1.9295816110865367,2.6454890679911345
0.007672803827586514,-0.005489099059465882,-0.007291091914709794,-0.0037605708583556274,-0.12932944474369715,-1.6652051238829793,1.9909939077167902,2.547701267310847
0.00768288046220331,-0.005467239172723296,-0.007283525862599422,-0.003721956756806022,-0.12820523014750151,-1.6482810757394917,1.9843592966077972,2.5185922393752382
0.007651998887923072,-0.005489201189894599,-0.007262936438306586,-0.0037793915470954696,-0.12736641052252848,-1.68073590316534,1.9677065618483434,2.559996575848398
0.007634228292747909,-0.005493497845829735,-0.007242797656856706,-0.0038009464679090612,-0.12601608295365208,-1.6956277716297319,1.9510391250937253,2.5747212067582144
0.007617906586167487,-0.0054981996547987305,-0.007224879518090011,-0.0038216004732703128,-0.12475097032454992,-1.7094933662302354,1.936157248570203,2.5888595701496224
0.00753494340081743,-0.005583823075794119,-0.007188125727585461,-0.0040118012829614795,-0.12127059370345862,-1.809170460360537,1.904657051070212,2.7294859027780487
0.007548295134645596,-0.005574835337390539,-0.007198970881627763,-0.0039879441066532455,-0.12239196883296978,-1.7954558250256325,1.9139869037657304,2.712310315367377
0.007521295838109817,-0.005577386766990798,-0.007162549633883432,-0.004013567680355019,-0.11921996819001157,-1.8149528549313723,1.883065795403703,2.728310571592283
0.007508259236912843,-0.005581930141333078,-0.00714789747294986,-0.004030517513670049,-0.1178196565915031,-1.8259048902706194,1.8705309046586305,2.739723743584673
0.00749358097589372,-0.005587912455161877,-0.007132070631141213,-0.004050732084021486,-0.11627788838807866,-1.8385729516632028,1.856932080899312,2.753449494936113
0.007479054111439003,-0.00559540443014597,-0.007117685746126111,-0.004072902462287145,-0.11475753199503612,-1.8518539237348393,1.8444713727820436,2.7687859359700497
0.007464960867976851,-0.005604025332591957,-0.00710479138677575,-0.004096290341595594,-0.11326660414195304,-1.8654050148566927,1.8331921618149172,2.785203754729362
0.0073564053408622316,-0.005685720132946523,-0.00701318643231862,-0.00429683893256073,-0.1000004866288471,-1.9767210968222024,1.7500792578744517,2.928055182996435
0.0073303488127445,-0.005705290570297882,-0.0069895822694750675,-0.004344357413004076,-0.09615712884170118,-2.002906114843928,1.7281855849471413,2.9615278526755784
0.0073423961619064485,-0.005694860042004192,-0.006999416740868719,-0.004320294425671923,-0.09796757588589572,-1.989957037747996,1.737504090890092,2.944251227951646
0.007452188897893383,-0.005613641515024883,-0.007094565945756768,-0.004120067786217174,-0.11199251767900965,-1.878644162560753,1.824101357963687,2.80223031941845
0.007440123652545494,-0.005624303785028715,-0.007086158276771069,-0.004144825842580557,-0.11068093224465969,-1.8920178713908098,1.8164452454412043,2.8202383051158773
0.007424342723532937,-0.005629171353091,-0.007067028018427815,-0.004163673566845802,-0.10874463860661787,-1.9042264377328346,1.7998506650932449,2.83230447038474
0.007355267078865917,-0.0056669885627639825,-0.006995711711026124,-0.004269114727638252,-0.09958694946344147,-1.9656309585708502,1.736359316359163,2.9036559968437143
0.007410845243833887,-0.005637253015510813,-0.007053956326080295,-0.004185505964735602,-0.10705790370360573,-1.9168244029162025,1.7882494604708958,2.8473987150654896
0.007399360594979886,-0.005647950635940234,-0.007046008876087565,-0.0042097386884397585,-0.10566379830741246,-1.9297569326632675,1.7808201466506515,2.8650488791794575
0.007369902514511609,-0.005658902484071855,-0.007011040456012099,-0.004246872276475869,-0.10161488473372358,-1.9527827990629134,1.7500976041935943,2.8887370080987247
0.007384539062725569,-0.005652490816010346,-0.007027645577944225,-0.004227031274573322,-0.10369205255563596,-1.940835207403177,1.7647743206766828,2.875821940380174
0.007547964996288517,-0.005556281791744275,-0.0071813031649074705,-0.0039617355132290375,-0.12117924266780065,-1.7862148144047618,1.8993036714021885,2.6906899275350646
0.007567015321457662,-0.005533011626867783,-0.007186707672018794,-0.003913118649022358,-0.1219243642062748,-1.7616090378307312,1.9041384384170377,2.6544099410259627
0.00754915776809979,-0.005537568571165441,-0.007165782826081073,-0.003934266828507561,-0.1201303039647187,-1.7759143122588075,1.8865300067165087,2.6684069050181196
0.007029093881179856,-0.00592504531257864,-0.006667545815678852,-0.004860865730684304,-0.03502093969255737,-2.2773208346505864,1.4170488778538,3.3044340484877366
0.007013869540734106,-0.005918066170218152,-0.006637485316711556,-0.004855275128714986,-0.032604878941172026,-2.275163481115879,1.3920664363421231,3.291391753047439
0.007041734830321827,-0.005915350436980322,-0.0066823366775878275,-0.004839397946034356,-0.03821011220757591,-2.2665974637359665,1.4318464720251463,3.2909873342909983
0.007081224984319987,-0.005887585007631992,-0.0067293495042739515,-0.004775919342384089,-0.04759480649532017,-2.2343230980868714,1.4780369067245793,3.2518104262924408
0.007068089619210409,-0.005896475303817504,-0.006713618734179381,-0.004796566304130007,-0.04453851309391251,-2.2449226870963006,1.462692264704393,3.2644980041677587
0.007054782569910691,-0.005905698805522199,-0.006697690094232327,-0.004817733576367364,-0.04139253649420105,-2.2556909823209303,1.4470787360943929,3.2774902534853347
0.007145700969835141,-0.005842667280859772,-0.006803623059037175,-0.0046709310777300955,-0.062041284760697014,-2.179489548033551,1.5503826598513653,3.1849596132561633
0.007132906878193178,-0.005851453444614279,-0.006789068094993258,-0.004691750364428804,-0.05926558539629778,-2.1905025286879005,1.5362935355694243,3.1983611775611
0.007094011956991179,-0.005878585661880472,-0.00674429025187133,-0.004755144672185249,-0.05056552830362004,-2.223607851463596,1.4926719927652885,3.2387440686099027
0.007119857820735791,-0.005860232196100112,-0.0067739546684198295,-0.004712583804947503,-0.05642323359758341,-2.2014809929890187,1.5216707743447737,3.211586198532249
0.007106770635879275,-0.005869305561750644,-0.0067588494197958066,-0.004733820015314811,-0.05351294794533013,-2.2125734992117434,1.5069706041800284,3.22508314943591
0.007265925208006723,-0.005780119780037447,-0.006949772329696599,-0.004502664662023326,-0.0850170249738937,-2.084877835035267,1.6864262860840695,3.0806795056756577
0.007279158995058213,-0.005771646609065868,-0.006963990598706134,-0.004481037467897831,-0.087355417105922,-2.0727069908645945,1.6998090705529056,3.06597816848595
0.007292403514209081,-0.005763129020436404,-0.006978047136392142,-0.0044592399704157576,-0.08966739182222823,-2.0604066455814714,1.7129962252097088,3.0510778357983184
0.007305714738090678,-0.005754645712873947,-0.006992092684511237,-0.004437362526649357,-0.0919914386513818,-2.0480034007015235,1.726116215092959,3.036075957184704
0.00723796540859849,-0.005780185222320603,-0.006905234696079169,-0.004519491417540177,-0.08057345409126122,-2.0975868232058876,1.647631914950643,3.0851067497393223
0.007251449120674671,-0.005771997951648389,-0.0069202417170106745,-0.004498477813719309,-0.08304700846878633,-2.085850318779855,1.661682725039787,3.0712594370110313
0.007158463953870735,-0.005833824791733982,-0.006817950599877964,-0.004649941640897625,-0.06475209477854783,-2.1683315827575167,1.5642401771265648,3.1713115751668255
0.007171283363387397,-0.005824891456485786,-0.006832165761296389,-0.004628681765695937,-0.06745310177897501,-2.1569791752256844,1.5779639963090732,3.1573697882509557
0.007224335653192765,-0.005788621191660925,-0.006890050686938362,-0.004540881334900253,-0.07802167417470661,-2.1094444040097273,1.6333542265498477,3.09916675838161
0.007210697535521894,-0.005797394611696205,-0.006874971809630956,-0.004562710994119301,-0.07540841194272702,-2.1214276680290887,1.619083752799723,3.113551903239333
0.007184235982108291,-0.005815827247766677,-0.006846358339843116,-0.004607048474085217,-0.07011337486280035,-2.145374383744009,1.5916415747784283,3.1430733987650084
0.007197325100485108,-0.005806565781272023,-0.006860477080694771,-0.004584931083805077,-0.07277715116471199,-2.1334754433708674,1.6052283476478315,3.1283312858011567
0.007318037373959335,-0.0057299012807558005,-0.006990934860923087,-0.004390605557864324,-0.09452400187845204,-2.025202656913397,1.7275496275909707,2.9982629304248793
0.007304520591015884,-0.005738141240349385,-0.006976619025883204,-0.004412212696260652,-0.0923171371736873,-2.0375058309943497,1.7143327429150317,3.0129368818753175
0.007317022751946726,-0.005713772339853218,-0.006976010575185953,-0.0043661973263535376,-0.0941112957070037,-2.0152379292377733,1.715701902079969,2.976463973504171
0.007315876852754491,-0.005699456006768416,-0.006962467209916797,-0.004344839260207185,-0.09383608784169734,-2.006551906539624,1.7051867749035154,2.9573936551494167
0.006868070647570776,-0.006066037064784595,-0.006476196623894399,-0.005155781781061978,0.0120858774901335,-2.417376090327252,1.2171530735465252,3.4880973440347245
0.006880408492754693,-0.006056107539922446,-0.006492287490062746,-0.005135266751626992,0.008377204336579678,-2.4081780908799506,1.2337338361387549,3.4766031628697456
0.006955799754966928,-0.0059982421647820595,-0.0065892448066197625,-0.0050124554593768385,-0.013415375654132535,-2.351203174405739,1.332535587599052,3.406434768758371
0.006968279309528345,-0.005988805569776256,-0.006604900182291298,-0.004991991191629653,-0.01672299210340907,-2.3413886813780316,1.3483896656442134,3.3943401590625366
0.006980751202848508,-0.005979275651654345,-0.006620348040261174,-0.004971266278089513,-0.020012176299158607,-2.331365430523681,1.3640316455500512,3.381908935576901
0.0069933058669182325,-0.005969699971285029,-0.0066357678808339855,-0.004950331914097218,-0.023367552294129706,-2.3211597559862267,1.379609819935567,3.3692379363514084
0.006940783045278357,-0.0059914019297917,-0.006559412573357087,-0.005005728305649631,-0.01186736620191795,-2.347556418278003,1.3086284900839207,3.3910846620956048
0.006928040600445173,-0.006000483048153108,-0.006542966578321059,-0.005025359500948082,-0.008443884268726868,-2.3567239737288195,1.2922290669851166,3.4019978247038023
0.00687688282351772,-0.006039404851812696,-0.006477014812693359,-0.005107257489726787,0.005953739631711619,-2.394071747383513,1.225559332773173,3.447641892274651
0.00688950317343649,-0.006029277570380984,-0.006493198165618551,-0.0050863176016216925,0.002283341422241084,-2.3846408865236453,1.2421157755076562,3.4358497573180915
0.006902334278055416,-0.006019410788122886,-0.006509746738197471,-0.0050656562979877195,-0.0013615779502429359,-2.3752638383736264,1.2588831923960788,3.4243423064390512
0.006915189727419103,-0.0060098018745475745,-0.006526344230601141,-0.0050453163322458265,-0.004939483964405082,-2.365948860215275,1.2755954518689288,3.413044762376258
0.007003357405034068,-0.005943601629432323,-0.006636232286908136,-0.004902276149838473,-0.028553675314900242,-2.2978220930376483,1.3859780036947253,3.3294005726878875
0.006990524444936921,-0.005953221215728957,-0.00662064466291114,-0.004923386384168871,-0.025245893955880918,-2.3081323928853474,1.37038031613433,3.3421333957543844
0.007000798027354436,-0.005926713903434682,-0.006621149377160246,-0.0048748519126410325,-0.029418798072684337,-2.2847753761027456,1.3761546246180723,3.302633157901703
0.009418557276441806,0.004785525626718763,-0.007988537952829148,8.86768890730576E-4,0.14758358836135782,0.08873409491505782,-2.4118909014772747,0.5551284804833038
0.009437062168845071,0.004770436642333833,-0.007977537351613731,8.544768414995676E-4,0.15179583435668922,0.10499493588240447,-2.40264527018785,0.5333984543105075
0.009365123129140649,0.004803297529669178,-0.00799031077697526,9.722120008493687E-4,0.13388640668606033,0.036517593152388894,-2.417354332035878,0.6123895624670794
0.009392515742429395,0.0047892018465461525,-0.007984000202700611,9.266506612915841E-4,0.1406581399485141,0.062369128569384875,-2.41073913254796,0.581859353787079
0.009261381359638861,0.00482597806466032,-0.007975852877535744,0.0011343814004470072,0.10711090338370789,-0.06738574994133258,-2.415173322834791,0.7212115343758169
0.00922768906231398,0.004822480029664653,-0.007957647628706427,0.0011823265358670918,0.09845706958375601,-0.10281241090997255,-2.404803594860408,0.7536899471239198
0.009288834450232276,0.004803173308834445,-0.007961400637138244,0.0010847688433102867,0.11388380221221028,-0.04269894411019155,-2.402757770304667,0.688166795712218
0.00933719918278789,0.004783330913380101,-0.00795777582758407,0.0010061792640531778,0.12602569140756317,0.003936134268020163,-2.3963855634806985,0.6354064350071753
0.009309697710138409,0.004778408689757572,-0.007941904715337194,0.0010445513605828371,0.11874207638426357,-0.02524226591391384,-2.38719967494001,0.6613464532652322
0.009485716557314837,0.0047446996263121105,-0.007963394224696224,7.747744671571202E-4,0.16341670227002222,0.1501404744493642,-2.3887549698947725,0.4797308751297056
0.009445396248212102,0.004740585247601444,-0.007946830208751865,8.328902237590964E-4,0.15258446909259837,0.10771500113264178,-2.38017806141066,0.5187131534011505
0.009550361670946857,0.004704100362128736,-0.00793563132259692,6.688230506285139E-4,0.17767619738605467,0.20836447085583246,-2.3638208977781456,0.4076663214345229
0.009515773924477817,0.004720741814228658,-0.007945100439044318,7.23871158987085E-4,0.16984176125617786,0.1762825454914949,-2.3733576621017423,0.4450437015715744
0.009125382000650916,0.0048223682224562015,-0.00791038564651063,0.0013303654152944221,0.07348800448277937,-0.20816424177746612,-2.378673738152688,0.8545465432151909
0.009200922597007085,0.004789120759010717,-0.007908708110427156,0.0012064815297341367,0.09189822061306491,-0.13536672800490465,-2.3716907579793376,0.7712250440108006
0.009164334018450541,0.004800440279126223,-0.007904613717345356,0.0012641116281227568,0.08313908426492915,-0.17120439301207815,-2.371524604477749,0.8101692798303118
0.008570308931477618,0.004996825787432855,-0.007744265914215621,0.002207249158446389,-0.04584474316202312,-0.7560209318407657,-2.2980325320861277,1.4528782601994035
0.008543079247692851,0.00499159950136297,-0.007716523993395662,0.002238220289327734,-0.049076233213603535,-0.7824037195089336,-2.278779164876095,1.4754722175834971
0.008594693461820933,0.004977585722601839,-0.0077427401345025034,0.002160171490515622,-0.0403463217807059,-0.7319006061199359,-2.294900554043801,1.4212859313073565
0.008654763598236078,0.004950467158997862,-0.007759516833965132,0.002060506019088055,-0.02863337050341839,-0.672919401084085,-2.302935286839379,1.353179982293336
0.008622761298785095,0.004957152189374855,-0.0077424166885699175,0.002107613092483488,-0.034120995272099296,-0.7042952380350822,-2.2924060867890597,1.3859364661701465
0.008484815573012817,0.005009620496108625,-0.007687441652393952,0.0023274896726573594,-0.05842833640237822,-0.8392893602988424,-2.2608055321009846,1.5374363450095823
0.00845543773838575,0.005019665411736931,-0.00767305133596823,0.0023730670590931427,-0.06298814370022134,-0.8679113091201643,-2.2519075971255638,1.5690331751541926
0.008494082153412389,0.004983244283012976,-0.007667011489970485,0.0022935718984299263,-0.05427976197236525,-0.8291116728365671,-2.2441509560138946,1.515743781591422
0.008520224444128314,0.004970821144183801,-0.00767546819352643,0.0022503207110898403,-0.049805200256468916,-0.8036168392663113,-2.248701661087114,1.486056287316079
0.008677636516573158,0.004926746559492357,-0.0077507734130693165,0.0020127007299736866,-0.022655287906301304,-0.6507019600389564,-2.294476082298864,1.3215897246691757
0.008718837400745109,0.004911355308687196,-0.00776394420318183,0.0019470349216455147,-0.01460800947246737,-0.6104768560409627,-2.3012629501004835,1.2766144225491363
0.008755723442656016,0.00490154974738087,-0.007779205821475646,0.0018909477173432376,-0.007450535003668736,-0.5743972991959517,-2.3099462272573175,1.238031951116642
0.008768740683929436,0.004872501679377382,-0.0077566359829766215,0.0018536245753914059,-0.0029212381797011863,-0.5623401302550421,-2.2919913156325435,1.2141062402437317
0.008801868112912097,0.004860956927995904,-0.007766413754065755,0.001801676271255814,0.0037712918627687835,-0.530204381027318,-2.2969035723967166,1.1785942804425664
0.009093904351212543,0.004782865098774559,-0.007851228170972014,0.001355436534141556,0.06708716291159655,-0.24481107915493158,-2.3380607156171815,0.8735160491602952
0.008839767521051528,0.004849598588815999,-0.0077788262912485,0.0017433916643808344,0.011521297252761686,-0.4933124213458218,-2.3033773780791944,1.1386171974700405
0.009026009127438102,0.00479269637834328,-0.007826723628145479,0.0014551668064707536,0.051814719976891375,-0.3120474739990782,-2.3251203544880137,0.9418720211593384
0.00899443647049605,0.004798134330082848,-0.00781541000789438,0.001501759044971128,0.04504997516945496,-0.34304994955369605,-2.3191230697578975,0.9737534751151781
0.009040060056283534,0.004762055817088769,-0.0078009294940213055,0.0014194921370458405,0.055735234018074356,-0.30067952262731695,-2.30514168130979,0.9185785616527837
0.008880460425043002,0.004836536705477089,-0.007790294045444762,0.0016801555711274737,0.02013840397462992,-0.4537632733341734,-2.3089106853129953,1.0954072254462301
0.008928696917929035,0.004822276126430929,-0.0078039848195585884,0.0016058301673270352,0.03029873575424907,-0.4068021937539118,-2.3155480592084925,1.0446157489172718
0.008960902221880713,0.004783666201536374,-0.007780880823859331,0.0015395064435930698,0.0386513251657786,-0.3774830412792962,-2.296117954365386,1.0008301275780702
0.009065123793860944,0.004749980882191182,-0.007800890725190578,0.001378762122070926,0.06137536232141796,-0.2768705172200941,-2.30327909880609,0.8909321343902102
0.008397715384479651,0.005016915271815385,-0.007619429095627287,0.002442059673052504,-0.06875901082970175,-0.9222037418836947,-2.2143214183139404,1.6187559473787252
0.008425843072793857,0.004997490150158049,-0.007623747237397252,0.002390500315396456,-0.06363508389539087,-0.8943780163260032,-2.215563783257332,1.5836709628816712
0.008051533792802849,0.005173777489244689,-0.007439326717998783,0.0029968684777013925,-0.10818543882973042,-1.2565197064717724,-2.094861745199935,2.0042677337676618
0.008076165377479284,0.005151925636350221,-0.0074438127051425105,0.0029466362042835496,-0.10498581287009325,-1.2306739046051085,-2.0968567046215223,1.9695019658483812
0.008102387968382753,0.005143485399100783,-0.0074631133564565634,0.002908985989213584,-0.10331362530850932,-1.2064158700702161,-2.1107646874903225,1.9432104224284938
0.008119987216134824,0.0051222980130176555,-0.007460079878956228,0.0028673870266340794,-0.1000802435902232,-1.1869633661843115,-2.1071676254948026,1.9146891170685627
0.008304518694606132,0.005034619336146687,-0.00755275517994785,0.0025700007535619587,-0.07909136340314231,-1.0097043115298516,-2.1684950495819333,1.7087330752716337
0.00827297308000795,0.005041084015594788,-0.007529632563619361,0.0026129999566150675,-0.08228169516148943,-1.038925716283444,-2.152396020386288,1.7389121906781961
0.008233119389613693,0.00507790132519617,-0.0075290483923245105,0.002694738546268255,-0.08924408989218031,-1.079929316295133,-2.154726874861947,1.7945525341945887
0.008245583965306455,0.00504906262378789,-0.007511547072778778,0.002652316190956771,-0.08496131284137948,-1.064414879437912,-2.1399434419036876,1.7662950636782935
0.008145320100785147,0.0051019014001971565,-0.007465592240768248,0.0028182723548132536,-0.09664983240432155,-1.161143019295736,-2.109936901332183,1.8809201305454792
0.00820138405915126,0.005075334401006378,-0.007495114324622084,0.002728520098992437,-0.09087239980725026,-1.1075553973627723,-2.1298435249242815,1.818749510469564
0.008173024697704374,0.005085375062168199,-0.007476979009053944,0.002770552247759368,-0.09352529122302183,-1.1340797749155274,-2.117227321711375,1.8479977700121906
0.008338457830439742,0.0050256153958552615,-0.007574902740096632,0.0025214393684935116,-0.07530565334571405,-0.9777769995439785,-2.1835920072567414,1.6747621782265634
0.008308681592376799,0.005004862224815588,-0.007525982039939097,0.0025373996839542904,-0.07524060957663803,-1.0021899824319345,-2.147017740820507,1.6878228148302186
0.008364641279632615,0.005000323405789037,-0.007572421803838742,0.0024671556748454837,-0.06996325971201517,-0.9511468458173474,-2.17972894634713,1.638148714264201
0.00799037157131723,0.0051912888763760425,-0.007389548229895242,0.0030811567888229512,-0.11091254728578216,-1.3120065989426164,-2.058034417351962,2.0631856391928616
0.008018127380986827,0.005179310873620591,-0.007408360511479387,0.003038658850224722,-0.10927803407303303,-1.2860083767711534,-2.0716825749231678,2.033634480589436
0.008027569734697601,0.005153915969297755,-0.007393427856849615,0.0030008908467375047,-0.10598748691953767,-1.2719991712070629,-2.059022523005668,2.007696781829346
0.0071600475044617815,0.0056238058625226834,-0.006669265983870823,0.004322171670613461,-0.07020211628078682,-2.0224994406730326,-1.4656607976608276,2.885068310742625
0.007145895798885436,0.005642437383176477,-0.0066611148726172425,0.004357462266795244,-0.0678904501488574,-2.039294785990393,-1.4566292149355105,2.9096047087017105
0.007112042753178309,0.005663250409333061,-0.006624452552827781,0.004406055571457394,-0.06252979651123976,-2.0636787469568403,-1.4236989147348462,2.937982320348247
0.007124596132263605,0.005640982961242699,-0.006628222848076138,0.0043662570337085465,-0.0648192147266575,-2.045131675349631,-1.4298470266545924,2.909259441009445
0.0071759285006635296,0.005603328817702778,-0.006678417394021064,0.004283269522759471,-0.07254168763998427,-2.003918039854599,-1.4756137223760086,2.8580717779839877
0.007150403936120252,0.0055991466411953435,-0.006637891501275454,0.004290794387961012,-0.06905194291373169,-2.0098693063842625,-1.4429776249269455,2.855505639465898
0.007077021829909539,0.005651093547098553,-0.00656368291226036,0.004404833394577731,-0.057427221263063676,-2.065462481450648,-1.3758267536617332,2.9233347423311518
0.006297665499766985,0.006338549440193152,-0.005582868900818008,0.005645397095172638,0.1473146931046224,-2.5058156575366315,-0.4274684718879345,3.481391717278657
0.0063445556405242135,0.0062671589418079226,-0.005650426544683528,0.005532852073664171,0.12642562339346133,-2.4746282526146373,-0.5051759253120242,3.431776147300973
0.006315872262313641,0.006313681846507625,-0.005609976151363229,0.005606618133990992,0.13971666693043708,-2.4961709135639274,-0.4570824758051861,3.4664319215438186
0.006327229604957507,0.006287331129616778,-0.005624989895679518,0.005564315121359971,0.13273580372425864,-2.4820615537190363,-0.47913371671091604,3.442509588056364
0.006367536075979872,0.006252315350470186,-0.005685883353050946,0.005510475221477052,0.12090383859270983,-2.4729177681744887,-0.535736187986216,3.4325877446087785
0.0063356191230301865,0.00624278936504271,-0.005631577865631481,0.0054918333991845515,0.12206634984179891,-2.45333168524817,-0.5032983981602223,3.3917396569940874
0.006385089956819259,0.006224379341044169,-0.005709526215471211,0.005465639866233545,0.11267891443958085,-2.458910557365471,-0.5639558049095795,3.410360867033853
0.006229072115903769,0.0064102092029938934,-0.005475042908002571,0.00575214882798853,0.17094174365340956,-2.522277887309524,-0.3224958827786833,3.503221892224556
0.006184088190757161,0.006459277790486351,-0.005402159441279779,0.005823324894310769,0.18675275675352576,-2.5310369530737904,-0.25178620666842666,3.515487345997743
0.006198211968759702,0.006426824444420546,-0.005424612878059979,0.005772866022698895,0.17712723730270263,-2.5170525236589296,-0.28281271125136875,3.4906321841046375
0.006151420019436162,0.006469336956707031,-0.005348154626103615,0.005831472101633165,0.19113833993513518,-2.5189013357627696,-0.21426108217177944,3.4906316265793578
0.006090344261645068,0.006514981251319032,-0.005246969352195894,0.005888961541716306,0.20616547924830633,-2.5110908246851142,-0.13091610203459217,3.47347179123136
0.0061137820252384735,0.006482907512909299,-0.005286260335474372,0.005843423287821718,0.19648974927058133,-2.50539392990537,-0.17102218666748775,3.4635552028724494
0.0062641769648399456,0.0063372075937850395,-0.005527157231707966,0.005637784792453085,0.1501793902896216,-2.4891439015924726,-0.39206928197573926,3.4464340885246467
0.006222749712822044,0.00637502420242949,-0.00546222287244053,0.005692582946720673,0.16239927205834917,-2.494855496615397,-0.33273945487190876,3.452162272570376
0.0062281139007848004,0.006342976672934171,-0.005468500914171448,0.005641038319364863,0.15432329120843294,-2.475730430232767,-0.3525228206178989,3.4178021297247345
0.00604672511492708,0.0065494053829604605,-0.005173926040934974,0.005931080014390752,0.21688454630225204,-2.5043038877687116,-0.07118479132455428,3.4602207042107027
0.006021934503964838,0.006616539259200029,-0.00512710258234469,0.006031507712137743,0.2360422364257759,-2.5268386791498045,-0.005839149673353332,3.5037723310681876
0.0060288080010320495,0.006576879490067087,-0.00514253468155905,0.00596951129540819,0.22494304223453002,-2.508676553258585,-0.03836763962690793,3.468685549683976
0.005945372178596972,0.006661830707614618,-0.004996980039330069,0.006074632594988452,0.24936920271042531,-2.4980738997420953,0.08704256965051556,3.452380611906865
0.0059842614102983815,0.00661761885298456,-0.00506595378123598,0.006019043779820856,0.2370453516912364,-2.5015679794064494,0.02563206982871225,3.456542678801527
0.005955613133531166,0.006630922564434814,-0.005018201894669889,0.00602932273116657,0.24051925182805375,-2.489074316217116,0.05713219470542728,3.4340514495763705
0.00605256327403818,0.006516180271462169,-0.005185582782291449,0.005879254960006164,0.207810961486943,-2.488433840019137,-0.09693514658686327,3.4301435750203093
0.006818927775894763,0.005888090308975017,-0.00630043833401846,0.004870744127916031,-0.002098810312898262,-2.275230536584424,-1.1179031124812673,3.200026180629195
0.006744474290687433,0.005935748651791015,-0.006203426120123653,0.004965752613805195,0.015104646447219124,-2.3116902405482516,-1.028833473925509,3.23944055656354
0.006685090054421582,0.005941594941953201,-0.006110335509787547,0.004986885852064633,0.024587194935020595,-2.312793557715498,-0.9552312077608489,3.2219801738871756
0.006710827570709593,0.005927389014165916,-0.006145463972821791,0.004959235036298801,0.01925715562012356,-2.303860448293164,-0.9861366072213956,3.213982707782557
0.00676374960770611,0.005906312081109449,-0.006220749650579675,0.004913971482148136,0.008598645245389435,-2.2897415696588514,-1.0502375219649454,3.2062344901458304
0.006785726645735588,0.005882311303635839,-0.006244380502295234,0.00487019780331572,0.0024725618538475537,-2.2716813753800635,-1.0749019480181394,3.181161869230163
0.006837754077978074,0.005863503203986517,-0.006317935402298222,0.004826072499720194,-0.00748429754663417,-2.2558268335010006,-1.1377422064417064,3.1716846393087454
0.006857511277412742,0.005838279303190377,-0.006336074895834008,0.004780058591593552,-0.01296692249243074,-2.2357321684290206,-1.1580104689794022,3.142531782672123
0.006878634597226887,0.005812573113753584,-0.006355572067506522,0.004732793049223919,-0.018503980577219078,-2.2149896191368517,-1.1792290538930883,3.1128474847131145
0.006927517485011567,0.005769478293952742,-0.006407913625428393,0.0046485483272259666,-0.029364675500707465,-2.17798110926848,-1.2300666305226942,3.0648609288431374
0.0069004228312437915,0.005784430327387917,-0.006374181087874631,0.004681418544907075,-0.024064949008204845,-2.192225717701577,-1.2000213621133418,3.079805766945122
0.00694036810169966,0.005739682496042138,-0.006410615237698613,0.0045977181513475315,-0.03308773688112877,-2.154968754894813,-1.2378750390429498,3.0277010111311826
0.007041201486792151,0.005640395384312585,-0.006503273445616047,0.004405472106883548,-0.052406579055714164,-2.067417096825297,-1.3286672707334015,2.909772597381401
0.007026082804490036,0.005668804012694396,-0.0064984387838490434,0.004454769145053487,-0.04938700121364755,-2.0898687729718834,-1.320361711819996,2.9447704103915084
0.006971291759364932,0.005712694843632886,-0.006442154397880969,0.00454435220544621,-0.039258399616077265,-2.1309885545693894,-1.2679769788283926,2.996638602779326
0.007000431673668501,0.005687095453489066,-0.00647101596482376,0.004493450923509754,-0.04495639922296884,-2.107744144989752,-1.2954564038989995,2.966402098906199
0.006438401053797567,0.006199632116415994,-0.00579243121068698,0.0054274375345114865,0.10153204620931984,-2.459065718802075,-0.6319259955988782,3.42118677504757
0.006401587165170668,0.006196712982557942,-0.005730887260864791,0.005421024097106804,0.1051805317214769,-2.4443763183039575,-0.5901652805608045,3.3872222596170647
0.006461777181569677,0.0061694884997947385,-0.005823741634349483,0.005377978399903643,0.09257740153853423,-2.443632510172097,-0.6662198537111484,3.3982856111188378
0.0065347251029534235,0.006108357969888879,-0.005926936683615428,0.005275668918902411,0.07177815364385497,-2.4165349293562106,-0.7639464401079391,3.3666052838076737
0.006505058435893284,0.006124396952546465,-0.005882844648781269,0.005303172214842507,0.07860469278281183,-2.4214849525428535,-0.7258838674924972,3.3682579019098218
0.006473514013507996,0.0061371170800158525,-0.005834522119838399,0.00532461249155792,0.0848882345938946,-2.4225905164329045,-0.6865208651080174,3.3630127916155663
0.006632508784527175,0.005995626960564562,-0.006047458852292165,0.005082323314834359,0.039989160540097234,-2.348161461157926,-0.8914561691721496,3.2698879234847
0.006598130320150682,0.006015428130541605,-0.005999181568002739,0.005118648310919348,0.047740981449130436,-2.3581259914438095,-0.8491626444250767,3.2781244932074123
0.006573254637835147,0.006032729820108101,-0.005965022137672715,0.005149211186263808,0.05374177795140055,-2.366971972853532,-0.818161300884798,3.2873109884706664
0.006550572165180268,0.00605075858331211,-0.005934337146387597,0.005180372690039156,0.059684101616568626,-2.376242117047075,-0.7895918688747487,3.2980823978425495
0.0065367340196695435,0.006077824768869007,-0.0059205815973781125,0.005225406633345003,0.06624924608985532,-2.3937058551034003,-0.7702035644281855,3.3259498974585
0.006618382224210141,0.005951211649602339,-0.0060076719591352955,0.005013004332770111,0.035495604715376335,-2.3131259320308577,-0.8752903264322246,3.2029954224861554
0.006647666032022332,0.0059273658668365535,-0.00604477489129689,0.004970666948059053,0.028402121113899476,-2.298852352442719,-0.9098221019392977,3.185734033133336
0.007359098377658022,0.005497061700857461,-0.006863262215389653,0.004018419519656039,-0.09520477889747164,-1.8638227401877143,-1.6366646879463043,2.6952877745297026
0.007336781436008556,0.005521028755882675,-0.006850485981432624,0.004067172695359973,-0.09320799657695492,-1.8880446579968448,-1.6245269866291403,2.7290232846221687
0.007308425608781539,0.005536307607908048,-0.006821829615166236,0.004107355454209933,-0.09002898639407854,-1.9099399634428023,-1.5998398454878437,2.7540510480424394
0.007290120224989486,0.005558649390399554,-0.006812579000100805,0.004151102659465217,-0.088033404309118,-1.931299187334296,-1.5903303124398773,2.784787521872613
0.007262569992442935,0.005567574699040238,-0.006779358235962966,0.004181002822956866,-0.08453507437155587,-1.9485149896128313,-1.5621278092687734,2.801284269502661
0.0073510534590601005,0.0054668639118454826,-0.006828388486017201,0.003981532035258614,-0.09307396911023474,-1.8508865873382825,-1.6101453178044711,2.6635517850830928
0.007368512629524034,0.005439356303896401,-0.006831162712652915,0.003931840506054372,-0.09394798891311194,-1.827567129534689,-1.6142915714235635,2.6281277065442983
0.007482989900913164,0.005393095984200924,-0.006949261463782065,0.0037877287594477982,-0.10363315874048931,-1.744511477434953,-1.7119109420523242,2.5395312370555274
0.0074571909909458434,0.005405070561226359,-0.006924497193297958,0.0038228742423038046,-0.10188647309286707,-1.7646140922615883,-1.6914273218232385,2.5619256852782253
0.007429871855143786,0.005426319604917528,-0.00690476797089646,0.003871407796178307,-0.1000717739830501,-1.7899841284682274,-1.6744903388575836,2.5943423056878427
0.007537423056193246,0.00536776592117473,-0.00700022256669696,0.0037125169617945896,-0.10694952957245644,-1.7010870486020326,-1.7537888980718785,2.4908341938887513
0.007559638045721776,0.005345569352318828,-0.007010418828828027,0.0036659960844708525,-0.10764333696083253,-1.6776108764674837,-1.7624837922409937,2.458755310476343
0.007500541502158949,0.005364968546239761,-0.006949299385777958,0.0037371892814880097,-0.10356131320664656,-1.7210344399055548,-1.712841016535856,2.5035389119808698
0.007565008688991468,0.005319167528643467,-0.006994957837071004,0.003627621688919465,-0.105694045846361,-1.6624175808947883,-1.7507448286813574,2.430292852141926
0.0073942406698452165,0.005411260839666769,-0.006844369919709694,0.0038759565154166896,-0.09558363398355664,-1.8001350822976818,-1.626649048787902,2.5899628148081533
0.007869449990389344,0.0052058797053093075,-0.007266105826808726,0.0032197617185129143,-0.11137019616719325,-1.4119331472610013,-1.9636893063484382,2.1586757118411906
0.00783548753832021,0.005214619901688328,-0.007234710666332016,0.003262608721207621,-0.1114375806685428,-1.4402368484934949,-1.9395436278946558,2.1878453742485457
0.007805254654117482,0.005226943059421402,-0.007210503651454575,0.0033056667515821256,-0.11170002405560221,-1.4665822295997017,-1.9209527116140748,2.217175492548541
0.007622188153718962,0.0053153601094223304,-0.007064836924278437,0.0035763080490701636,-0.10990432836198137,-1.6256457160141256,-1.806402217890778,2.399612944337615
0.00768581634116323,0.005272317865539454,-0.00710681283186586,0.0034682685316404045,-0.11037313976087434,-1.566493507036959,-1.8400306836888052,2.32630976580432
0.007646426354436805,0.005296989908126738,-0.00707943406760445,0.0035327471742793155,-0.11008726361718228,-1.6023858448195696,-1.8182052491734833,2.3699649548506945
0.007668158193382059,0.00528345961159539,-0.007094742464342785,0.0034973221993457684,-0.11035331008873712,-1.5826398429795268,-1.8304317508541939,2.345971088574666
0.007771754902637494,0.0052390253330378556,-0.00718162613880697,0.003351102022008254,-0.11167072567630949,-1.4948653538888579,-1.898590146877458,2.247849735878894
0.0077330703755655655,0.005252416403897056,-0.007147009680156762,0.0034022691786212453,-0.11105432322180343,-1.5268777515495413,-1.8715714151344631,2.2821956003624355
0.007693493035113144,0.005250854437250805,-0.00709724183411864,0.003435171645181237,-0.10903284729387923,-1.5528913859430675,-1.832525261417748,2.302592815087355
0.00791548548864588,0.005175593014383152,-0.007290080283050252,0.003139830188941373,-0.10888600944780928,-1.3675452865484419,-1.9811234426899984,2.1036712250728162
0.00788693050338786,0.005182189851025256,-0.007263829796681026,0.0031754505953757255,-0.10873683942458823,-1.3913482881083699,-1.9611739738897953,2.127956999794635
0.007954639812397605,0.005171896104056763,-0.007330612519687086,0.0030963573230086733,-0.10845443810186392,-1.3358241670872195,-2.0120827191597197,2.0738686665392234
0.007924119679284126,0.005147189988972203,-0.00727279284883354,0.0030993133390071685,-0.1053887834026331,-1.3526919409195646,-1.9669258746799039,2.0756600355604236
0.007591004895364998,0.005297537809048525,-0.007009838767304591,0.0035791946758170364,-0.10635123248578408,-1.6371734703648084,-1.763068954287322,2.3974120508134935
0.007227146687426081,0.005582386384512757,-0.006738647248490173,0.004223639387095867,-0.07969026010378351,-1.9719067516224058,-1.5271046030356656,2.825495107523586
0.0071926427814927715,0.005583821003820955,-0.006689182093211725,0.0042453696993557145,-0.07523590501103446,-1.9856836203652466,-1.4866528004939135,2.83225959358303
0.005890547432598184,0.0067749526870972705,-0.0048860206205210595,0.006231145886980969,0.28159223383751714,-2.5131639913956545,0.21407335969868777,3.4899146480705556
0.0059081638395435425,0.006663350346821344,-0.004937599405133422,0.006061755331354532,0.24956174906727793,-2.4724891045213053,0.1152628304194976,3.4055280193366855
0.005896618119435457,0.006745028491634438,-0.004902759555313947,0.006186249215120053,0.27278175060776993,-2.503719308841814,0.18571572567124509,3.4695257764519813
0.005899652249566264,0.006702273253653292,-0.004916731646403942,0.006119679544242792,0.2605459637948118,-2.485479193623816,0.15028485144069523,3.4322692092619143
0.005863976089288194,0.006787252133936994,-0.00484063610472532,0.006237816956384725,0.28422251259708614,-2.498204874972291,0.24191806731704046,3.4640285708757936
0.005838097294954583,0.006804477147196121,-0.004795193503271066,0.006252212734438976,0.28818654007424566,-2.485602268546687,0.2726624473178743,3.443246231355758
0.005812068663441254,0.006830879884523412,-0.0047468411474430395,0.006280413450746404,0.29478876122853676,-2.4762338222413844,0.3105388920819248,3.429708093524828
0.005777081287823917,0.006828729452040077,-0.004693178699613119,0.006259081389421758,0.29235861984393285,-2.448082886048457,0.32879818128095695,3.3788065658330693
0.005752437414748716,0.0068511115570724845,-0.004648377995971647,0.006280641774040463,0.29705743079005714,-2.4373110717610165,0.36105475263729175,3.362692031825087
0.005727053329810613,0.0068825608085081235,-0.0045992155384500044,0.006315086925742446,0.3042751408672797,-2.428523168548887,0.40101205690200487,3.3516954726087924
-0.006280773780640197,-0.006658240533906343,0.005569464342491352,-0.006198638816085748,0.2469298994030913,-2.7356688460737506,-0.2339756214683839,3.9162965736663478
-0.00627562184694757,-0.006643069027329088,0.005560429769562805,-0.00616901818136191,0.23474148830190808,-2.7208576473253827,-0.2430683167702512,3.886284671856426
-0.0062912906047937495,-0.006646572705140477,0.005588905170013334,-0.006181115897429693,0.24244753797177995,-2.734088539707616,-0.25456116170294174,3.913715924274412
-0.006270293666143453,-0.0066699413423799364,0.005549981796042931,-0.006216088695200042,0.2505305518770325,-2.737155280182943,-0.21342715276771082,3.918632210538057
-0.00626515226684218,-0.006654820884835368,0.005541129093586411,-0.0061865495399845505,0.23944697780831622,-2.7224920871755276,-0.2227092560595457,3.8887261850423864
-0.006259850365114013,-0.006681675014610203,0.005530442685875441,-0.006233478904626944,0.2543197129667991,-2.7385307860814994,-0.19288422762565058,3.9207240412025093
-0.006254695200552628,-0.006666583213679886,0.005521732608349906,-0.00620397483460093,0.2442236133695641,-2.7239205193781264,-0.202323234262642,3.8909055765601566
-0.006286125949868396,-0.006631338215044723,0.005579670483957556,-0.006151408332855474,0.23033357582132927,-2.7190368414764596,-0.26338834696393615,3.8836384745210357
-0.006301844034399602,-0.006634937971731549,0.0056083082634632775,-0.00616351622128692,0.23686600652222753,-2.7323932094580727,-0.27518169733640513,3.910934122765951
-0.0062966958093088445,-0.006619642765121305,0.0055989054016788,-0.006133753860786766,0.22609594363942884,-2.7170602048401924,-0.2836737985970324,3.880848686892722
-0.006312433964861401,-0.006623336449023658,0.005627659822441779,-0.006145852171822778,0.23130194775135868,-2.7305438721791635,-0.2958000366404646,3.9080043007535603
-0.0063073324245382775,-0.006607986984157873,0.005618137296873507,-0.006116060187965808,0.22180250025915757,-2.7149377217957373,-0.3039292635411695,3.8779082333981463
-0.006323060291193106,-0.006611768252052547,0.005646952729153452,-0.006128130144310451,0.2261140839466871,-2.7285156131656243,-0.3163879660709644,3.904931038498233
-0.006333722908021257,-0.0066002334955423975,0.005666191422451312,-0.00611034603051077,0.22079815885986243,-2.7262950052321533,-0.3369373117468655,3.901697310585733
-0.006318025258722212,-0.0065963694253666294,0.005637347856558302,-0.006098320648270334,0.2174815569659184,-2.71267143354569,-0.32415507762806245,3.874797476289602
-0.006344421709587209,-0.00658873229390265,0.005685375556423808,-0.006092500184561624,0.21534842829839487,-2.7238668084795603,-0.3574333804019307,3.8983056127308386
-0.006328774872002865,-0.006584795747027221,0.005656538171088175,-0.0060805451023314035,0.21321721534657803,-2.710273445929032,-0.34435018398544015,3.871531397453508
-0.0063551565897494505,-0.006577264761224859,0.00570449669354272,-0.006074600523343912,0.21039617716388861,-2.72122087418401,-0.3778479745423564,3.8947609555803133
-0.006339578782585593,-0.006573276161278689,0.005675704740891061,-0.0060627497379720395,0.20891660524475245,-2.7077542272621007,-0.3645095364031881,3.8681225717949634
-0.006365927441985931,-0.006565831011279576,0.005723552102620801,-0.00605664970126507,0.20606054579560376,-2.7183649298234394,-0.39816772537215717,3.891041282135401
-0.0063504200341294925,-0.006561810182306907,0.005694818866845358,-0.006044927860997373,0.20445293700125147,-2.7051059332695346,-0.3846279370350903,3.864543745074546
-0.00639845476026239,-0.006531733590664734,0.0057803515721699915,-0.0060024654041383315,0.1941283423725644,-2.7087222659222205,-0.4586314261760582,3.878636513381673
-0.006387576634705019,-0.006543065313045259,0.005761481661442243,-0.006020580034797528,0.19770614534121936,-2.7120956847891122,-0.438555282908962,3.882984057809683
-0.0063830545853011235,-0.006527678203231447,0.0057516528564324635,-0.005991180360104705,0.19058615510279628,-2.6962756758897037,-0.44472045431073753,3.852600157353553
-0.006376734159396443,-0.006554431157513266,0.00574254705738482,-0.006038642867758015,0.20182995048414507,-2.7153175200618596,-0.41840174886667447,3.8871177917017357
-0.006372162017289921,-0.006539012712881157,0.005732799811469986,-0.006009145990082144,0.19528275991290675,-2.6993738201315796,-0.42473590322478,3.856784995735634
-0.006361282654012303,-0.006550389382950935,0.005713853179397248,-0.006027060635207723,0.19988132474266973,-2.702314053528546,-0.4047046313993889,3.860764016170109
-0.005762415570501546,0.007235450400205659,0.004492717212603692,0.006887298602757777,0.42356608636007004,-2.558552719711621,-0.7472922383906325,3.67090296065205
-0.005753509804437396,0.007249409593330148,0.004470414271329422,0.006902368048139997,0.42698192714048006,-2.5522498927902793,-0.76697498974841,3.6637447965551044
-0.005746373538172606,0.007263767973046722,0.004450541468817202,0.006919322136228226,0.4308648852730275,-2.5475892829519347,-0.7864804432333027,3.65988956611799
-0.005731440276994129,0.007264500820697578,0.004426696449699275,0.006908597380843634,0.4282948429199117,-2.5327145474311297,-0.7920417989289316,3.632348906253033
-0.005722230528195,0.00727463423526145,0.0044061421965155894,0.006917060097852444,0.43011657416159993,-2.525097725963797,-0.8068573734208165,3.6215939760380578
-0.005712216174127288,0.0072863322558058136,0.004383342243380974,0.006927194129773777,0.43227209967704033,-2.5167908355941364,-0.8236338207226378,3.6101474767562274
-0.005703005916376998,0.00729922731608849,0.004360985251815642,0.006939688282701642,0.4349659658086716,-2.5092880041616152,-0.8414994104804713,3.600691742343946
-0.005694349281883304,0.007312770100327561,0.004338989867830663,0.0069534859820789266,0.43796047943294153,-2.502234970267867,-0.8599096900004516,3.5923868919969117
-0.005685868734390577,0.007326743323966517,0.004316892748984572,0.00696794281454782,0.4410619421548913,-2.4952120746999173,-0.8787161577666806,3.584380763669658
-0.005653165649004752,0.00741026693958714,0.004209724930707375,0.007066865846154455,0.46273719439156585,-2.467202452808836,-0.9870458546889486,3.564651475496781
-0.0056369298500755895,0.007438651192984625,0.004164649330598943,0.007095078787934513,0.46853786259151314,-2.4510103465209814,-1.0242624129559081,3.5461339047081064
-0.005644327890094579,0.00742427235026306,0.004186297787306789,0.007080136620407933,0.4654151603300762,-2.458474154792057,-1.005559716700721,3.5540802551158492
-0.005621957111379099,0.007439431584917151,0.004141854232556869,0.00708304609262579,0.4650482572321404,-2.4360527519181705,-1.0265166253205544,3.518228145432441
-0.005644216008417441,0.0073945567448349065,0.004207540986286115,0.007035580748984484,0.45519967959034563,-2.4579205356771454,-0.968729076973258,3.5407148285684715
-0.005654027202984562,0.007382615844563277,0.0042306789825017335,0.007026033637321992,0.4533154888003181,-2.4672717414565164,-0.9526967274403223,3.5534949635326387
-0.005665269047417201,0.007371140446780947,0.004255622714306315,0.0070182717626236495,0.4520800123231144,-2.477949473869599,-0.9368187113982559,3.5689905915289124
-0.005669874834901625,0.00735663895439337,0.004272550998150764,0.0070001832483813165,0.44793442600146544,-2.4816947838028303,-0.9182572697910202,3.5703555271043164
-0.005677673586945689,0.007341308200934294,0.0042947357878304416,0.0069833917606743215,0.44443266821067656,-2.488332201611772,-0.8981013880289829,3.5769509291742465
-0.005568535851506392,0.007538290481073523,0.0039871061665206365,0.007178780539807077,0.4834525591215678,-2.377019284158466,-1.151189763356804,3.451273978209639
-0.005559561483897089,0.00754921634015655,0.003965355753325011,0.007186082842234203,0.48437015778239506,-2.366982617939808,-1.1644980858207319,3.4374277696977544
-0.005570450445511508,0.007522212271746872,0.004002851415215661,0.007157497596438191,0.47871340115936295,-2.3805953208285113,-1.131095035857631,3.450412244941496
-0.005528179982742295,0.007602166282140072,0.0038766362030297767,0.007231340323011425,0.49175514730856923,-2.328760773747213,-1.2282219213249113,3.3907813619667873
-0.0055384501467632815,0.007591576242215249,0.0039000565109704047,0.00722622604449145,0.4916670816805474,-2.340424011696987,-1.2160358928207806,3.4077303170245328
-0.005543103643139955,0.007576980357951875,0.003918962260432945,0.007210081334248205,0.48832807707164066,-2.347229137538123,-1.1981600784787891,3.4133826913099115
-0.005550545864014364,0.00756257358326535,0.003941515219054757,0.007196681078687164,0.4860444352227325,-2.356492307327398,-1.180695937706826,3.4239445632471828
-0.005612257274169633,0.007449674942703523,0.0041199049834069155,0.007089614211473275,0.4660018981320991,-2.426234826784548,-1.0399151568454368,3.504100922378028
-0.005600919832267954,0.007464334945257283,0.004092210740066795,0.007101087243195145,0.46790786680368696,-2.4145553848399497,-1.058700841610552,3.4884278504474038
-0.005565649459460854,0.0075031375831479,0.004011116040618246,0.0071257860516752486,0.47127597652196623,-2.377712931995058,-1.1073307226083247,3.436136181712181
-0.005581562421117068,0.00747357987106385,0.004056988411355955,0.007097379889463845,0.4659625548586716,-2.395209155341498,-1.0708007661862011,3.455990122479776
-0.0055635196472491565,0.007485394652762503,0.0040218883609067675,0.007098425734161702,0.4649955848209801,-2.37701836410498,-1.0855551356310167,3.426878935466107
-0.005517880364126856,0.007616946638049636,0.003849559437774454,0.007242128747966322,0.4932384668894661,-2.316237864173829,-1.245415060788764,3.374366776835528
-0.005507685115434554,0.007633762910802991,0.0038207953622514694,0.00725563158172894,0.49513893878582144,-2.3032402096966433,-1.2649484297623148,3.3581844432151797
-0.0054257185557690865,0.0077250138914950394,0.003628220762670859,0.007299068115178561,0.4949790417565429,-2.205310904359504,-1.3601743509449096,3.2187488047562165
-0.005440925384603748,0.007709769590424104,0.003662317966310611,0.007293798913547714,0.4957754745807134,-2.2232442311258214,-1.3454470123309348,3.2449578861301913
-0.00545732350888596,0.007696317521628929,0.0036964293065053534,0.007291857143782427,0.49733588823431846,-2.2417423587529623,-1.3328194165842986,3.273310430122764
-0.005490184951999131,0.007645925398651968,0.0037861081756106895,0.00725557207505386,0.49323733628317795,-2.2842560443733912,-1.2772138353015257,3.3280512450997897
-0.005483283709942216,0.007658797319555497,0.003765280577483278,0.007266466104873338,0.49491397826740036,-2.274955459735533,-1.2918841313569114,3.3169921502449475
-0.005469821900928558,0.007667082413107609,0.0037396764177287357,0.007264755037160525,0.4930465147343687,-2.2605459341346474,-1.2995504269794769,3.293632327729495
-0.005453085095647007,0.007678067063058067,0.0037073702110899903,0.007263448326752256,0.4908861023989653,-2.2425761303997302,-1.3096517118174764,3.264933067484486
-0.005238361920148225,0.008019313449801606,0.003103030757547122,0.007469378518234091,0.4950178748111274,-1.93361913709988,-1.6261557634630461,2.865729396597209
-0.005222277080675375,0.008039208178777287,0.0030634650448233824,0.007475099198226669,0.4924598165664577,-1.9117614897370245,-1.6393916883151405,2.835262541394956
-0.005205833636660935,0.008063403481709632,0.0030188604195204327,0.007484872678422387,0.4903523785100046,-1.8873126822358912,-1.6565191600703495,2.8026291178911076
-0.005232165488278664,0.007995730287676759,0.0031213684036491313,0.007436495072729336,0.4885398243940561,-1.9409964336545245,-1.5976243901262186,2.8641492556561268
-0.0052423233754371424,0.007975907700059225,0.0031539053509671705,0.0074242459989329185,0.4885141175309163,-1.958033544962327,-1.5810092206523245,2.88509083945554
-0.005253737761274773,0.007958282203869118,0.0031854996287705205,0.007415544690809533,0.48944266814674675,-1.9748501593023389,-1.567033127676488,2.907099908766966
-0.005402223279140708,0.007723918316060855,0.0035986693189233626,0.007274965916000212,0.4871997143621925,-2.1849189641316165,-1.3528809258033192,3.1786389932239185
-0.005389566995283022,0.007746186041504082,0.0035616403262646833,0.0072914731516090575,0.48883416709977606,-2.16729283509917,-1.375767809386913,3.156855997819766
-0.005374897229314592,0.007765582786544264,0.003524649423196574,0.007302021739540604,0.4888133518170519,-2.1486097928489767,-1.3943286309914702,3.131537933584117
-0.005294466454679646,0.007871912372859927,0.0033217842267357156,0.007354583406724083,0.4863221583222722,-2.0438356383686758,-1.488570511406696,2.9892393430632893
-0.0052558733658043645,0.007936288017294553,0.0032108344775540775,0.007392247367786402,0.48588013781511696,-1.986532053655795,-1.5439159098176678,2.9160478703095687
-0.0052783715484351,0.007887866249814593,0.0032865841238863204,0.0073577375067283785,0.48401070725867695,-2.0246957175437212,-1.4999968916057709,2.9612602673402253
-0.005266874926556332,0.007911467827040714,0.003249125251333884,0.007374213646084682,0.48490332208618314,-2.005773493536673,-1.5214067425254143,2.93855666504934
-0.005360305965125933,0.0077876396280954765,0.0034852015797212717,0.007315689186943649,0.4893653964013237,-2.1289050932712885,-1.4156012801245093,3.105849495810705
-0.005341010851583924,0.007804738208480272,0.003444640398200504,0.007318247148212625,0.4869819316861366,-2.106944692599733,-1.4290741080035205,3.072916694958586
-0.005299282031671697,0.007851428070136638,0.0033479370315699793,0.00733466239195957,0.4835076413748622,-2.0557431495710436,-1.4674667623011928,3.0002735566791876
-0.005310844046031182,0.007828741348454299,0.0033842255655599104,0.007318404617772394,0.4824387528053327,-2.0735698519308516,-1.446140499691399,3.0217770220767766
-0.00532267708586359,0.007809927958921871,0.00341696303904387,0.007306847825837276,0.48222277065171887,-2.0899822144028435,-1.4289077128664813,3.0428592200592934
-0.005988566697006147,0.0069683916360618195,0.004991552126185059,0.006604929744712801,0.3528635010814481,-2.6889953063276617,-0.32223246054198146,3.8472014149599665
-0.0059790400035760576,0.006980947576821155,0.00497080433137781,0.006620518705451724,0.3568904274283135,-2.686036837334808,-0.34237906133928897,3.8439464869328357
-0.0059695701643007505,0.006993613200966481,0.004950009326335609,0.006636190323955815,0.3609426996523594,-2.6829751877087067,-0.36256754794361573,3.840614748242318
-0.00606550158120607,0.006868260426961465,0.005154815395359002,0.006476218662557842,0.319837918274636,-2.7058657843007747,-0.16035707541929758,3.8641215986640276
-0.006036550745088264,0.006905875276643574,0.0050942201649633,0.006525569243088975,0.3324107196591326,-2.701080889022307,-0.22124495913970968,3.8599275579191183
-0.006046238910117255,0.006893402718853318,0.005114578895878837,0.006509390662647524,0.3283401970908057,-2.7029647338854708,-0.2009670761734721,3.8617748059909203
-0.00605581338749571,0.006880823484186259,0.0051346586857517924,0.006492827300304629,0.32414890125602663,-2.704467761604245,-0.18069980078528888,3.8629936546512718
-0.006020055748386015,0.006903250429703176,0.00506649752618478,0.006511677239350985,0.32999277629381846,-2.6850278923656283,-0.2319255383441279,3.8282679223369125
-0.005981733886965543,0.006953397477588088,0.004985019817239541,0.006575145767675836,0.3461974212640316,-2.6755684798013903,-0.31165615476195324,3.8184215848194625
-0.006010000700130136,0.006915623215011313,0.005045523872661182,0.00652719186588688,0.33398955834856375,-2.6824602387681096,-0.2520962342503171,3.825231362987252
-0.005991183949004521,0.006940991811725208,0.005005282927891149,0.006559630236623891,0.3422341332417614,-2.678189608561404,-0.291973503055366,3.821241057320052
-0.00600041717325589,0.006928311537629256,0.005025158003303627,0.006543382269779738,0.33810623428723224,-2.680271275318832,-0.2721760833987321,3.8230804344271294
-0.0060683694394058005,0.006839865667619543,0.005166748146193821,0.006428318612043657,0.30873884133041035,-2.692099467487829,-0.13115600692905535,3.8337597620412542
-0.006088782900398799,0.006815206532702058,0.005207771451501667,0.006395799404025814,0.30034083196454175,-2.6947773161971287,-0.0905720183230984,3.836539531382296
-0.0060785070302301165,0.006827441240068395,0.005187214974771461,0.006411928359033813,0.3045165321744665,-2.6934302818337943,-0.1108424782160604,3.8350662803383884
-0.006058380865571936,0.006852442801001672,0.005146391811787145,0.006444913268318908,0.3129908952725142,-2.6907710527377158,-0.15147883135127524,3.832590209413803
-0.00587856807960482,0.007094217776300634,0.004755016680816023,0.006744605572023224,0.38879751090555364,-2.635822102202622,-0.5302619561634377,3.77416471462985
-0.005862031151491726,0.00709248113492186,0.004728541704577916,0.00673019110597316,0.3862361994525791,-2.6189281110830955,-0.5377049174227789,3.7420378700989025
-0.005960152382917098,0.0070063551035311,0.0049291680407621925,0.006651884558905291,0.36496054941339157,-2.6797865824666025,-0.38277261744829016,3.8371586828504403
-0.005932098486798252,0.007044574647391722,0.00486635298464922,0.006698244414808162,0.37666362195563946,-2.6691304922319254,-0.4430876459635869,3.8253510269180153
-0.0059414453284931225,0.0070318657963342225,0.004887374681148853,0.0066829809469866825,0.3728308995736241,-2.6729034985253626,-0.42304497699728444,3.8296069910188493
-0.005950777108292866,0.007019117784465202,0.004908284517003827,0.006667501151161736,0.3689255335203883,-2.676433724067144,-0.40294414500763825,3.833500102413821
-0.005887362368847408,0.007081114132216317,0.004775597935226064,0.006728998551889162,0.38493790022224506,-2.6397849214758797,-0.5105891496851998,3.7782816397133523
-0.005896401479870517,0.007067919453796468,0.004796516738234891,0.006713270858994939,0.38105852610110663,-2.6437460188956976,-0.4906523106992951,3.7824731142451493
-0.005905939406670804,0.00705499409830988,0.004818041872539049,0.006698190073429214,0.3773036098026101,-2.6480854068144883,-0.4706740132315566,3.787547750708811
-0.0059156018722042085,0.007042373138496483,0.004839548602991135,0.006683557877716553,0.3736278487303945,-2.6524581046252504,-0.4508945153164124,3.7928576459943018
-0.005852184592077589,0.007104720113184468,0.004706639842685908,0.006743373857540452,0.38950634601331946,-2.6133939644170945,-0.5566513442971629,3.7348430640076127
-0.005806441384168623,0.0071702189850662455,0.004599395809547304,0.0068166706106069785,0.4070749287639002,-2.5875894460352025,-0.653322315745643,3.7048317606417887
-0.005816024895825792,0.007156925810315669,0.004621837955174701,0.006802302654690263,0.40367699362163784,-2.593522382492971,-0.6336958625843062,3.7120457626930836
-0.0058254490983684635,0.007144537830173668,0.004643469393723859,0.006789136521552064,0.40049448791525677,-2.5993582412411538,-0.615082581843941,3.7194220640856757
-0.005842077794989328,0.007117773746889391,0.0046838448171367545,0.006757559887512233,0.39296708216075743,-2.6076781408545795,-0.5765391859582275,3.7276063355795483
-0.005833558782677088,0.00713153507482198,0.004663191329841151,0.006773885274385361,0.3968895776372839,-2.603534300203917,-0.5963311128568344,3.723596230468693
-0.005783583593949227,0.007184523793290304,0.004555065350387462,0.006822547535675852,0.40868018638149917,-2.56853642871227,-0.6795330217632196,3.6735243680179783
-0.005753520691441013,0.007219391601376579,0.004487949474318031,0.006855051669394825,0.4161395680764945,-2.546510020125382,-0.731490241225515,3.6432316423828746
-0.005763449385241789,0.007206344544604303,0.004511022124900385,0.006842026910895538,0.41315552904848657,-2.5536099546950193,-0.7126746339182458,3.652367264577652
-0.005773983398009954,0.007194381950371095,0.004534382697715806,0.006831029851476264,0.4106463809586662,-2.561362387486396,-0.6947709863036257,3.663132346383003
-0.0057861225062141655,0.007168740785675905,0.00456759218591521,0.006799244705633657,0.403300280190984,-2.567172317190412,-0.6603036537676396,3.666271285693572
-0.006280773780640196,0.006658240533906344,0.0055694998598820435,0.006198606769437488,0.24552340360898064,-2.7353718812590286,0.2340863649760856,3.9167902024079955
-0.006265173496155375,0.006654865080882564,0.005541165673133279,0.006186638143467702,0.23969688467714922,-2.7227180898320373,0.22270824027884487,3.8885917864163093
-0.006291290604793746,0.006646572705140479,0.005588931059986324,0.0061810924985654285,0.24185189036234886,-2.733675550753776,0.25456849172579865,3.9143168351778486
-0.006275668279278234,0.0066431749735176085,0.005560507702273835,0.006169222461178437,0.23495390604331148,-2.7211586984117395,0.24302605583943757,3.886267058919579
-0.006301844034399601,0.006634937971731549,0.00560831395960934,0.0061635111139700305,0.23760384956220534,-2.731850594480304,0.2750408867937959,3.9116024836590424
-0.006286175532661898,0.0066315065719044506,0.005579754143516697,0.006151719670917512,0.23024561768105337,-2.7194149666532144,0.2633195331891202,3.8836986683304704
-0.0063124339648614,0.006623336449023659,0.005627648637968981,0.006145862464951958,0.23289943929305115,-2.72989844167703,0.2955208962378736,3.908672065195931
-0.006296720855419592,0.006619852105758325,0.005598948728392641,0.006134125706674033,0.22567905671792124,-2.717494359477819,0.2836015633554601,3.8809199402811956
-0.006323060291193105,0.006611768252052548,0.005646931046030266,0.006128150109100841,0.22817830766239436,-2.727814918405936,0.31601231898779564,3.9055490733865583
-0.006307320901898703,0.006608211091656168,0.005618120112553361,0.006116444242688634,0.22116814532511633,-2.7154007531418274,0.3038744215868237,3.8779480866236393
-0.006333722908021255,0.006600233495542399,0.005666166522685792,0.0061103690190727625,0.2230053578639453,-2.7255911340957506,0.33652039201964357,3.9022397029892324
-0.0063179760945537315,0.006596585246449931,0.005637268121081851,0.006098677774138542,0.21670909936298657,-2.7131337764400176,0.3241283705434154,3.8747784705181005
-0.006344421709587206,0.006588732293902653,0.005685357926924812,0.006092516521581207,0.21696892516893204,-2.7231989669923187,0.35702741285492823,3.8987665626145396
-0.006328692745168483,0.006584988933774797,0.005656402525680149,0.0060808536963423915,0.21246147792188194,-2.7107107676825355,0.34434733464358097,3.871443585841345
-0.006355156589749449,0.006577264761224861,0.005704486541464146,0.006074610100235586,0.21131580895678667,-2.7206009547773227,0.37747011530689556,3.8951667094931373
-0.0063394807040986064,0.006573450009582285,0.005675541603759586,0.0060630222881104595,0.20833998773265613,-2.708163879122598,0.3645174773356677,3.868001692368121
-0.00636592744198593,0.006565831011279577,0.005723532251825938,0.006056668686904469,0.20756979053047594,-2.717794263163332,0.3977968922140395,3.891420767241352
-0.006350319211132909,0.006561976433763085,0.005694652114435411,0.0060451885766517255,0.20391140746190925,-2.7054918222413566,0.3846363210162977,3.86442494577209
-0.0063767341593964424,0.006554431157513266,0.005742511669483902,0.006038676662048368,0.204482738973224,-2.714820915180946,0.4180472773422402,3.8874426275892517
-0.006361164037284337,0.006550535985655974,0.005713657236485168,0.006027283332284537,0.19906997513182675,-2.702651772190839,0.40471327153380704,3.8605982882787235
-0.0063875766347050176,0.006543065313045259,0.005761458113015087,0.006020602395348067,0.19953737952177394,-2.7117095967735865,0.4382990673003307,3.88320210736938
-0.006372010967241465,0.006539102521672255,0.005732546098178969,0.006009262493285029,0.1943751265985101,-2.699625681575998,0.4247574136655167,3.856494990944618
-0.006398454760262389,0.006531733590664734,0.005780365999482646,0.0060024512124156465,0.19335742744249906,-2.7084359725431497,0.45854104417476965,3.8787823187601957
-0.006382906230876214,0.0065277013475161655,0.005751398378689661,0.005991184675197704,0.19015590251660597,-2.696451844887331,0.44476426102638406,3.8522322909730122
-0.0064093684280484495,0.006520436102827724,0.005799201909047054,0.005984255231791168,0.1885334703715905,-2.7049676683778823,0.47869450701320554,3.874244634255845
-0.006393871113059858,0.006516366049106659,0.0057702556017204575,0.005973112147667299,0.18594474670786562,-2.6931605448288756,0.46472322542348005,3.8478769051098083
-0.006420317529674782,0.006509172961654168,0.0058179614126639065,0.005966018766442343,0.18504387850305792,-2.701312211080786,0.4987394263600884,3.8695346334722047
-0.006404871534428408,0.006505082998478628,0.005789059746499786,0.005955010061126952,0.1813325508749776,-2.6897293129005884,0.48463164646378365,3.8433464327002373
-0.006431301956387209,0.006497944278924988,0.005836665419089871,0.005947721562330049,0.18104872306024258,-2.6974964119995897,0.5187181614136278,3.8645886574965016
-0.0064158787478524925,0.006493825791712516,0.005807757282614376,0.0059368269412195486,0.1765938957221177,-2.686131975292525,0.5044907925848553,3.8385720507433523
-0.006442321599068367,0.006486750166079204,0.005855316491567476,0.00592936119568168,0.17656374877468242,-2.693532689904385,0.5386468301810106,3.8594225243860314
-0.006426902809536856,0.006482598331345442,0.005826364722274596,0.005918574198319315,0.17201441299241252,-2.68237479303188,0.5242979969563076,3.8335893342594574
-0.006249334478263241,0.0066513375567819515,0.005513018066981763,0.006174877087648582,0.24147834489722578,-2.708285891236006,0.20482554018397423,3.86052659157096
-0.006217916618866071,0.006686807994348156,0.005454597913980431,0.006226580456471407,0.2547743451271132,-2.711586831212631,0.14425987023986095,3.865685529034632
-0.006228338067592306,0.0066749360157870455,0.005474100856769668,0.006209372808797388,0.2503660800321212,-2.7106242475204962,0.16446556835408274,3.8641165242044093
-0.0062388155044607934,0.00666309458889927,0.005493583382732116,0.006192108157569538,0.24591208153272018,-2.7095141678987633,0.18467044740655936,3.862378316259416
-0.006207473216538466,0.0066986550187151305,0.005434941982745732,0.006243601590452238,0.2591417569459203,-2.712303129883299,0.12400732697310445,3.866890644743396
-0.006166108497981819,0.006746595759383263,0.0053558358786244264,0.006311491497025448,0.276801135816201,-2.713746015758634,0.04274938114869219,3.870118868182718
-0.006176291584764886,0.006734556508369047,0.005375512458184225,0.006294557573933444,0.2724687576145271,-2.7135425683448697,0.06297751271207878,3.869440334820318
-0.006196981860756828,0.006710516196666196,0.0054150859638822145,0.006260493400901315,0.26355184651373215,-2.712779651069883,0.10366052667131344,3.86774424785303
-0.006186555696321064,0.006722489988793424,0.005395219499960136,0.0062774764419095,0.26803203631157674,-2.7131717722397295,0.08327991612679074,3.8685529686166817
-0.006149663377670517,0.006743244038281581,0.005327230385502892,0.006298313473566884,0.27516036822210266,-2.698711292536004,0.029024119265452283,3.839774452404249
-0.00611940185061047,0.006779585593400043,0.005268234909298419,0.006348377213523948,0.28800698809431674,-2.698048210337262,-0.030862975611436336,3.8402327135039367
-0.006139255115418476,0.006755175389313091,0.00530714207073802,0.00631466624647323,0.2793912074927523,-2.6983230521192065,0.008908726236816713,3.8394684704875353
-0.006129131464382059,0.006767382776627085,0.0052874000691095204,0.006331499628371254,0.2836946263284846,-2.69813125213745,-0.011158681509762798,3.8396845915280444
-0.0060820790132211635,0.0067988471685107915,0.005199478514264648,0.006364017692539359,0.29458027515666346,-2.6792669135164053,-0.0827240951773236,3.805066043211408
-0.0060928684070563925,0.0067873541678595785,0.005220468974318346,0.006349296646111794,0.29067732368349003,-2.681166840136457,-0.06290484470445022,3.8078392301732005
-0.006103197568846581,0.006776300115483517,0.005240490971729172,0.006334982020946734,0.2868873564551823,-2.682763034122256,-0.04384994292420514,3.810161064013958
-0.006861544017724469,0.006107687827612112,0.00648707988318972,0.005230664427656853,0.02158798072753912,-2.4550185449426567,1.2122448252899996,3.5557678389456324
-0.0068737875075634836,0.006097847331006403,0.006503479632192843,0.005210259928301341,0.017896237871861547,-2.445914255909368,1.2294195044849303,3.5443746412356876
-0.006858859337601609,0.006091820911943287,0.00647364755824082,0.00520303704940596,0.015267066119783014,-2.440080609801342,1.2099009852104496,3.526319031616756
-0.006623336449023658,0.006312433964861401,0.006145852439029179,0.005627659471708576,0.10408933307983731,-2.610207681721432,0.850369906439921,3.7517184714454532
-0.00660815135123885,0.006307473487147244,0.006116439372447372,0.005618335636295793,0.10133257102420838,-2.6012874283089533,0.8334762890270698,3.7289233657197296
-0.006611768252052547,0.006323060291193106,0.006128135965889019,0.005646946207355383,0.10887999371360381,-2.6165464665258296,0.8313946911364617,3.759762961150544
-0.006596561235688577,0.006318136309904704,0.006098737201614683,0.005637495013308221,0.10546602085455915,-2.607441856283032,0.8146571388540921,3.736749888520413
-0.0066002334955423975,0.006333722908021257,0.006110353015251806,0.0056661837875124224,0.1141645653291828,-2.6227248705953996,0.8123212528207485,3.767681707475536
-0.0065850164802184925,0.006328860558180604,0.006081002381165039,0.005656643959871653,0.10965524577729756,-2.6134744987673333,0.7957554512247592,3.744461791080479
-0.00658873229390265,0.006344421709587209,0.006092519866719259,0.005685354568162995,0.11885766371044398,-2.62876128324758,0.7932019457987659,3.7754321739259935
-0.006573509757887758,0.006339624779136164,0.006063215164348805,0.005675746088554384,0.11411588421293072,-2.619365863138874,0.7767743716315687,3.7520231936379456
-0.006577264761224859,0.0063551565897494505,0.006074642266319842,0.005704452394589835,0.1223926613203113,-2.6346720327873485,0.7740534658295007,3.782956037090767
-0.004647320501784265,0.010824768096533178,-0.0011808022377385917,0.007746912835187505,-0.08028196990207433,0.7484082123122758,-2.2521373497396735,-0.1711373245745231
-0.004672911443029902,0.010608347154799443,-8.89820868690688E-4,0.007857474011113856,-0.028486112868704252,0.5489042527815929,-2.317959445601146,0.04782360054631233
-0.0046465480722116806,0.010573962886591445,-8.326768127724863E-4,0.007839937959822452,-0.021426837604344176,0.5096374631062471,-2.302821329282568,0.0782110894139023
-0.004611037332218724,0.010563868363458687,-8.076807972671112E-4,0.007804902815241618,-0.020877810376373814,0.49183756177863913,-2.276603018610133,0.08249827575615029
-0.004662092822202258,0.01065451876098941,-9.513855920373428E-4,0.007830068747988118,-0.04040018242524863,0.5907354012444862,-2.3013225425964126,-3.7236016315712943E-4
-0.004639559944974578,0.01070686101469091,-0.0010161272975766752,0.007786840926098474,-0.05357169449186849,0.6349543575781226,-2.273483834980553,-0.055637416357521445
-0.0046157543457046625,0.010748961082121188,-0.0010646300308516808,0.007745322926080067,-0.06374637492472586,0.6684103452984461,-2.24594952253721,-0.10004341503106552
-0.004603305206498584,0.010791661834343486,-0.0011172710247414975,0.007714874666804455,-0.07343889974131469,0.7048810458891362,-2.2263672422309697,-0.14307589181782696
-0.004719158607928198,0.010220041058949086,-3.315287609867578E-4,0.007995884853598206,0.07763198960468308,0.17693773991255424,-2.3882766408121863,0.45691346361022794
-0.00470442826772355,0.010249054053545086,-3.7301757016511565E-4,0.007975767930441165,0.06791295075866415,0.20332860648149695,-2.3762190927915516,0.42291391819314145
-0.00471575733574327,0.010119865064624953,-1.807267718877197E-4,0.008001341470574066,0.10419121946219391,0.07692934189870093,-2.3840697033312677,0.5603110421371645
-0.004716781099240702,0.010081860967263136,-1.2358517289377647E-4,0.008004538837716292,0.11442981807239805,0.03936468636481568,-2.3832380593370215,0.6001506302244984
-0.004687494418720385,0.010137101415202573,-2.0454786120132663E-4,0.007968675972263192,0.09524618098125545,0.09022853551012837,-2.362058465303615,0.5341715629543061
-0.0047017173613495096,0.010193253883000465,-2.894853914929947E-4,0.007979464554370682,0.0824677926344899,0.1477261506651274,-2.3743911650521565,0.48004214561818587
-0.004689958587651702,0.010165735145348773,-2.4733974573157514E-4,0.007969074760060042,0.08809770718951011,0.11882074151000853,-2.3646988597035743,0.5052809745590024
-0.004683921629388893,0.010282584450428525,-4.1977056949206486E-4,0.00794820602858723,0.056428174703079,0.2330097916306312,-2.359096186330667,0.3831027900825253
-0.004676865946111456,0.01035183646388305,-5.203451003289032E-4,0.007928511075946805,0.03747265615276874,0.29978410799798527,-2.3503216804622507,0.31021938958896483
-0.004657202205793381,0.010471402581607229,-6.894591879201032E-4,0.007880348296342309,0.004833163272340481,0.41273081901283704,-2.3246419308782076,0.18385758628559243
-0.00466442600710726,0.010428825879064305,-6.298111373160531E-4,0.007898587701794373,0.01645970463809111,0.3727326768130058,-2.334586297363418,0.22868654148330272
-0.004653355962411448,0.010390649325261186,-5.721065715598902E-4,0.007894955502341027,0.025041020348628325,0.33338564427167533,-2.329123238895796,0.26528675887385567
-0.004654896862712148,0.010313953272349618,-4.6107098179924043E-4,0.007911221345758633,0.044949211729490464,0.2588251292868558,-2.334946465196344,0.34393621040451366
-0.004596131032523971,0.010480343375989059,-6.865818146859962E-4,0.007812183798423455,-0.0018719652419886678,0.40872948103021706,-2.2758158614808157,0.1633321375127572
-0.004583300262782218,0.010529229849232496,-7.513960103673194E-4,0.007785408198138353,-0.014431328032151402,0.4526451497596708,-2.25979705446867,0.11235459679325203
-0.00485045731155461,0.009172728645791085,0.0012752295354096805,0.007964363832621906,0.35404068242597614,-0.8540167302632468,-2.26054389502649,1.5961120847288275
-0.004845348715230338,0.009243823045509634,0.001168425102196646,0.007990292640496867,0.34135257194526414,-0.7853924744133178,-2.2890122683537943,1.523051761474053
-0.004837844932154616,0.009209932186713022,0.0012150526990368242,0.007967085816009878,0.343924759993675,-0.8171205055401857,-2.267341211370699,1.5515386852719029
-0.004787086080288272,0.009666693485765043,5.129344734881328E-4,0.008054014882383385,0.23677207459038077,-0.3679677422640751,-2.382012889547372,1.0596523257376929
-0.004827477406065642,0.009267884986920645,0.0011254112499425866,0.007980191738801294,0.33111336137139874,-0.7605987927933522,-2.2843498554425348,1.4880411335432007
-0.004816644149963221,0.00929721163499231,0.0010777719729500106,0.007979806694167292,0.3224676264632996,-0.7314874411066753,-2.2875843646295753,1.4524018586144145
-0.0048088530825831,0.009329339294423098,0.0010272788606346874,0.00798341955421872,0.31424641107908236,-0.6999606119904388,-2.294066750788785,1.4158572153486932
-0.004797784479795389,0.009362542124306681,9.740612815329444E-4,0.007983148911624875,0.3046863533161935,-0.6671902474610992,-2.2976715589027825,1.3763267054300556
-0.004782161241537754,0.00939563490559107,9.1964291609564E-4,0.007977116132248196,0.2934195870536634,-0.6343610799575278,-2.2969161136281824,1.3344858068373124
-0.004770596590280213,0.009429153689859582,8.662427874115763E-4,0.007975168710722366,0.2834603672698121,-0.6014537508230408,-2.2992023032963185,1.2946611659540845
-0.004789490995582242,0.009521932314206576,7.33170598741115E-4,0.008023686361146113,0.27031211747297895,-0.5113886324970648,-2.345170213916646,1.2105316987120867
-0.004773787325739811,0.009492412320752144,7.731324405183585E-4,0.007997834906181793,0.27179754107664644,-0.5401873818873179,-2.32289762166712,1.232708725256652
-0.0047672653268537625,0.00946133409688138,8.175095236111832E-4,0.007981416551097284,0.27606325355634725,-0.5702051462768173,-2.307376343437246,1.2606451895228512
-0.004763233293309632,0.009630289550234889,5.63470106744993E-4,0.00801985686002362,0.23875472340822185,-0.40494694850320595,-2.353348623811971,1.0867338516509297
-0.0047608527047926985,0.009585094544140997,6.309715118057217E-4,0.008007227013938795,0.2481654823098658,-0.44938693228320564,-2.3394974249145406,1.131932114755444
-0.004770940971302745,0.009549277723471281,6.871934353659327E-4,0.008009886959911545,0.2589607377170735,-0.48447646131035765,-2.3377675021821553,1.173350672692013
-0.004771603969182904,0.00970138807935257,4.573025581972732E-4,0.008042655314273105,0.22427762367641044,-0.3341466701576123,-2.3769892125556322,1.0167930075018659
-0.004760736774394688,0.009739460038942977,3.9770454162710533E-4,0.008036373208387517,0.21222306893426926,-0.2968726488177718,-2.3759845937486017,0.9726199757280823
-0.004761284096023374,0.009783969903223097,3.300638117483306E-4,0.008042976470160147,0.20134381098017903,-0.25260126826838963,-2.384940076484322,0.9265171985864413
-0.004753465125950065,0.009814227914380958,2.83108399074767E-4,0.008037585518578744,0.19190967499434466,-0.22307275337989066,-2.3837892398339284,0.8919174799038857
-0.004748800393347057,0.009847643975511775,2.318402622806348E-4,0.008035522498782146,0.1822653943228976,-0.19019004622994357,-2.3852983977820155,0.855270027919004
-0.00473280405311447,0.009879186535431024,1.8275625676471673E-4,0.008019968695922157,0.1706816610069352,-0.1601825456501036,-2.3768822848343323,0.8165134559645791
-0.004721519461659938,0.009910230125621533,1.3518690666567174E-4,0.008009175500133312,0.16041890229741973,-0.13039844488895566,-2.3718575545313527,0.7802138469803034
-0.004712527992167794,0.009948935690066302,7.65427385430754E-5,0.008000692573758511,0.14849204833117516,-0.09293432497685901,-2.369125206294059,0.736953296906789
-0.0047115768775109175,0.009983301826863022,2.4829554791693674E-5,0.00800033737242871,0.13957122172912823,-0.059042661605719596,-2.3718397589253333,0.7010196698024751
-0.004695112604023395,0.010014197783845373,-2.1534312963238157E-5,0.007982044915657278,0.1285317017895247,-0.03018988561034473,-2.3613405829094805,0.6635519258841421
-0.00468200069498827,0.010056434211260169,-8.427477975960321E-5,0.007966728607519284,0.11535704497921857,0.009962763627294008,-2.353921713770902,0.6158113031963022
-0.00488629094690291,0.009010779446202424,0.0015278347181407485,0.00792184813135219,0.38772828701407386,-1.0115838284007026,-2.2061907850302904,1.7761119495653033
-0.004883901149677231,0.009035232188521413,0.0014914618302506657,0.007932625746561357,0.3843031043412681,-0.9884826552815034,-2.2178734643216975,1.7514600139767846
-0.004867968624381134,0.009055596438693126,0.0014536524777935703,0.007925691318216042,0.37594750882146116,-0.9666663423189492,-2.215593514748322,1.7203692222898763
-0.004859163724141944,0.009082341874044483,0.001410614547416666,0.007929816950503482,0.3694316966837666,-0.9402841326039421,-2.2224732924852906,1.688741806267082
-0.004854164980562263,0.009106439744936004,0.0013733339710426944,0.007936480619779218,0.36457449516304374,-0.9170254463364282,-2.2307845136842346,1.6623731457033184
-0.004834254757094706,0.009118581915080186,0.0013459357795206873,0.007920262286431664,0.3556781673796269,-0.9027070051851871,-2.220231223977091,1.6368937485059996
-0.004825839776441051,0.009145852925697206,0.0013026256046957641,0.007924107332813986,0.34904966541486004,-0.8760449093120203,-2.226796979199016,1.605253489667257
-0.00486415686949692,0.008984697004931942,0.0015523837759997654,0.007882473828397463,0.38210050617686675,-1.0309885789302344,-2.1727671400402833,1.78290817641767
-0.0048994103178203775,0.008881745012465487,0.0017175496093932085,0.007860035945863418,0.4044318808558856,-1.1313591736307085,-2.139665125626284,1.9033314646445467
-0.004886096056872297,0.008907032089654756,0.0016741266624764474,0.007860962802408682,0.39724673547757977,-1.1056369524092737,-2.1445374764428977,1.870029821710915
-0.004842698699128606,0.008952886886304388,0.0015844962801197275,0.007840487378340305,0.37715332493064163,-1.0547290031599814,-2.1367529545864943,1.7946321329216894
-0.004863941678760902,0.008925189703997026,0.001635458399892492,0.00784749745775769,0.3874750496249674,-1.0842005596947037,-2.1374918659040065,1.8359326316823175
-0.004906381214041226,0.008828840778551457,0.0017950690918300688,0.007833793436053296,0.4106380066878012,-1.1796242988752004,-2.1111828926010183,1.955070194955488
-0.004883269653669318,0.008855103389562883,0.001744091910691601,0.007825354844280714,0.40006835379224964,-1.1504852026295012,-2.1095932437434937,1.9127601766214741
-0.004978522916158212,0.008759097333468194,0.0019401413119033936,0.00786654856892256,0.44285285116307105,-1.262114373786291,-2.122373270174958,2.0806593436711665
-0.004981411899865246,0.008744117795053415,0.0019628227655992155,0.00785916364525541,0.44466737013476365,-1.2760894954283941,-2.114009282023861,2.0961018443871904
-0.00496569615368433,0.008775161640909118,0.0019089867869324336,0.007863430346817274,0.4370111587935474,-1.244065666065196,-2.1231095728699607,2.0547923142842275
-0.004954250294904812,0.008802830617984722,0.0018628679057483245,0.00786960783038502,0.43094757797952504,-1.2163190494376719,-2.132872934165514,2.020458161811556
-0.004924186081741071,0.008807071438283298,0.0018367466167271197,0.007839033022596975,0.418974353621613,-1.203646467598563,-2.111095963303264,1.9893893147158965
-0.004978074875413365,0.00872544403375313,0.001986020868466574,0.007842037863052218,0.4437977384978214,-1.291231087456654,-2.0976482218067805,2.1085440976487733
-0.004992670451030616,0.008671587461972328,0.002069839055186061,0.007818545983337562,0.4509263892972319,-1.342174003726768,-2.0693571604074354,2.167090726441708
-0.004982778983032299,0.008698174232141557,0.00202654473013524,0.007827370055621693,0.4463903643037081,-1.3161530317954124,-2.081371837036008,2.1356342313194348
-0.0049736252792033555,0.008646921079299335,0.002088395540062109,0.007778856574730936,0.44347860110070364,-1.355673496640086,-2.0354454385488014,2.167366573167897
-0.004958986400063056,0.008620085300533757,0.002112510119393202,0.00774231562177447,0.4376720947740115,-1.371832623661263,-2.003587259790638,2.173151452951727
-0.004965292202123964,0.008588957366783768,0.002157921779930594,0.007724870479685534,0.4401370322519819,-1.3990411052045764,-1.984224185737036,2.2028204649374383
-0.0049561019829099835,0.008547757406507962,0.002203439728003583,0.007682154985800889,0.4360308401653196,-1.4271670049509129,-1.9448851139941594,2.223042322097228
-0.0049711681616179445,0.008519627411365591,0.002251344104648555,0.0076753304719145,0.4413417654609143,-1.454949102154155,-1.9332686719321917,2.258583104702661
-0.004971476015482545,0.008492147753857334,0.0022861454427210684,0.007652864579892421,0.4407287191233898,-1.4755250168692833,-1.9111407291568627,2.2776584307502894
-0.005162177263862879,0.008185543582570495,0.0028344394074674285,0.007569095019804221,0.4915280944318891,-1.7875998654470975,-1.7580003226676706,2.6892720621520265
-0.005171321851325719,0.008138948317460508,0.00289742903447013,0.007530214918302545,0.4887810049366235,-1.8216111799429744,-1.7159901281836623,2.7233846195628915
-0.005151889855377374,0.008157397876506652,0.002856171887861521,0.007529272840555827,0.48371577646546055,-1.7981944384379254,-1.7234060641904847,2.6885525774582217
-0.005190241757886266,0.00809191573357811,0.0029704146052470584,0.007499765946651729,0.4889743285357574,-1.8610255152321336,-1.6780189323082657,2.769467913323351
-0.0051703501670982656,0.008113618751011638,0.0029249520479007786,0.0075024510617739595,0.4844666005981842,-1.8355649496979258,-1.6894561864092226,2.732874055913001
-0.005143701308650952,0.00821105462343884,0.002785883419712802,0.007575663105852996,0.48735349910307757,-1.760161886706163,-1.772185415892267,2.651778137655057
-0.005117891659511986,0.008222850710584314,0.0027461907072486038,0.007560417198114414,0.47873685291039497,-1.7370812378832767,-1.767707139402292,2.6117895851960182
-0.0049797065076858694,0.008460100009066506,0.0023329485182720295,0.007634514696349651,0.4428271738984493,-1.502653372631645,-1.8904797899085468,2.307833913313179
-0.004995258822987068,0.008427326249656078,0.0023867235668497745,0.007622663735820227,0.44743627901533417,-1.5334793356760483,-1.873693896060307,2.346128008143484
-0.0051049144283110874,0.00824467437089532,0.0027078235328921838,0.007568456139743096,0.4759819020827745,-1.7154983348509447,-1.7807297043706491,2.5837294429979383
-0.005013815157422122,0.008396829922666226,0.0024403621873874282,0.007615348306657137,0.4529742034969222,-1.5640830949804612,-1.8601687528230861,2.3862403744638985
-0.0050329111278097005,0.008368682164423118,0.0024917522713771424,0.007610155711968267,0.458651703123173,-1.593378273706471,-1.8483640012978615,2.425607449025984
-0.0050843678508806075,0.00827296901960563,0.0026545085296307874,0.00757452421985736,0.47087758276465713,-1.6853821757465999,-1.7946319209748605,2.542667516987692
-0.005069932391006043,0.008309739446215915,0.0025970482314617116,0.007594506801179347,0.46857057049684225,-1.653146282172155,-1.8195939616026884,2.504508520175101
-0.005049968981176112,0.00834088696416669,0.0025409862144737155,0.007602631234832349,0.46325031342713335,-1.6213993121722436,-1.8349211061099349,2.4624267089335734
0.005118548678257321,0.007962031515826331,-0.003029833291563419,0.007287606759759038,0.4434722711798052,-1.8771007590114077,1.5105687177528477,2.715228531568426
0.005126087430263528,0.007921312687954313,-0.0030785742024072864,0.0072498081246906015,0.43947644969420846,-1.8996497930344483,1.4733383590840814,2.7360444034585565
0.0051371669734534015,0.007884078672656848,-0.003127116518696227,0.007218482565726319,0.43683282331200385,-1.9223175142894575,1.4406151263720222,2.7595580450475996
0.005144462656172237,0.007842422089016922,-0.003174884968127212,0.007177971701402817,0.4321051223793951,-1.9431628655020743,1.4016616461262748,2.7777502363144766
0.0050678395561888955,0.008069960158649086,-0.0028646744483427993,0.007354070969549925,0.44184314471584935,-1.7927556197572743,1.5919808323246472,2.6141859109848293
0.005077895919850046,0.00802807313244938,-0.0029188711014472286,0.0073198522825274615,0.4397067059480172,-1.8197546402850953,1.5567337268454458,2.6417781898416828
0.005078150857743264,0.007982425400789063,-0.002965580297780271,0.007271489851981433,0.43360151915118345,-1.8411103587038846,1.512839767191107,2.6567079718808597
0.005020899800793788,0.008086728288607438,-0.002798813045016577,0.00732604941927281,0.42831500467374445,-1.7553238674628062,1.5843940750596772,2.549872284817752
0.004949694877939547,0.008290525613713677,-0.002507461004654574,0.007453539612086508,0.4225851407557228,-1.6011879464520813,1.7272124698058813,2.374684629209634
0.004930459847701411,0.008335925960580968,-0.002438186719320496,0.007475403517836891,0.4185841625412482,-1.563108287569319,1.754110433583458,2.329124195639088
0.004899454687968409,0.008368359057313484,-0.0023734305196391804,0.00747299799580971,0.4094480191468972,-1.5272186432581594,1.7618374700889665,2.2778562316293307
0.004896629420304589,0.008459507773106813,-0.002263704974406078,0.00754773403244422,0.41187043383811206,-1.4653330019921909,1.833428884566526,2.220563304748041
0.004862125520977114,0.008491549009401076,-0.0021969527791933906,0.007538845945655581,0.40051525601720833,-1.4280715145062237,1.835566668511342,2.1656525442379944
0.004815895818969143,0.008567760801817686,-0.0020685460648510253,0.00755178266207,0.3847211212881212,-1.3556414209471244,1.8615237654915895,2.0717743274335567
0.0048371042703032625,0.008524753325862904,-0.002137047940784668,0.007539937254770409,0.39205394282437206,-1.3943788697741708,1.8440661220336698,2.1198928549334703
0.004776452510983624,0.008645104507575465,-0.0019445675843335183,0.007569065768211204,0.37052074119306916,-1.2847480442908716,1.8894063168634825,1.983104044839209
0.004769332932108456,0.008587242186811101,-0.00200981954819961,0.007519454858966071,0.3692485172954476,-1.323495099957193,1.844510023103411,2.016145593317702
0.004872861603880956,0.008422623313234396,-0.002287556040114131,0.007492835569553669,0.40260133243520474,-1.4794862146395034,1.7887679602176176,2.218926836178209
0.0048737268743059186,0.008389767923365151,-0.002326505842823841,0.007465830099728107,0.40157909662175484,-1.5010872072647985,1.7632858272958187,2.238848390090856
0.004973581408209888,0.008246294295722378,-0.0025795189588471907,0.0074361848960422935,0.4278694874251038,-1.6404158665371322,1.702896700117773,2.4239936727370335
0.004995028027536279,0.008114814370719339,-0.002743255991172735,0.0073295469778471125,0.42262211956701456,-1.725468464962476,1.5970780312446973,2.50782467381301
0.00499017826628411,0.008189257750881175,-0.002658530671870833,0.007398062890146806,0.4286276447958262,-1.6824943001556498,1.6617136461761413,2.470269630130947
0.004989138971204515,0.008146276615254008,-0.0027040395411739287,0.007355064669502455,0.42400463028115926,-1.7054558011010215,1.6225043956178375,2.487928036142204
0.004979807354277684,0.008089841224810256,-0.0027541097470116945,0.007290120142449982,0.4152457262512276,-1.7291338592277004,1.5668924334328798,2.4995757936876646
0.004714221439683011,0.008668433621330213,-0.001871922576532165,0.007522733223369646,0.34954947768818306,-1.245564623189967,1.8629176637364064,1.9133634395339254
0.004702186466976511,0.008729080500785824,-0.0017895040858142313,0.007552039092678187,0.34327456126153194,-1.1972988375263551,1.8939627571404538,1.860819459697353
0.004704176783869115,0.008783600004763576,-0.001722973562681579,0.007589789600639559,0.3413926061010948,-1.1570035413914015,1.9294349502791153,1.8225944112569368
0.004665380851204131,0.008824732931823306,-0.0016469761714599863,0.0075762116149875386,0.3265877627446682,-1.1139554124722029,1.9271037450642516,1.7616006059274845
0.0045824199897171285,0.009455148914483614,-7.714483993349938E-4,0.007777752361258939,0.22580985273880064,-0.5663375987206404,2.156624057254566,1.1713626923380662
0.004604503484033293,0.009365859818657786,-9.018170797408482E-4,0.00777296204497178,0.24645481089049115,-0.6487951526819661,2.1428058402115013,1.2655641843521381
0.004561512230391891,0.00940158870177946,-8.386548187925106E-4,0.007739263070202903,0.22957226881916845,-0.6125566594027267,2.122404259380406,1.209876879658589
0.004513972094460686,0.009600970498994362,-5.532209899662819E-4,0.007742210605414804,0.18334909276291744,-0.43060590159332773,2.146364989114334,1.0029937333496681
0.004508911696245718,0.009536038515999651,-6.407287890622325E-4,0.0077220103666504085,0.19371636476370335,-0.488730055778364,2.1246869485866084,1.0608594794102222
0.004526322763855799,0.009485273137192652,-7.142399587275738E-4,0.007727064026925637,0.20705873133219618,-0.5352085304180486,2.122885798811549,1.1157273422160747
0.004661984944510273,0.008915608693063294,-0.0015297352559279463,0.0076268350128389445,0.31897573889379455,-1.0421465413286397,1.9770171942610955,1.6891283712134475
0.0046294993248570575,0.008874805023539059,-0.0015626192031912309,0.00757003097445947,0.3120953262141544,-1.065510213834085,1.930950544200062,1.697036921402469
0.004643957117484328,0.009037351435691027,-0.001361820829216942,0.00767429016840131,0.3021076363721304,-0.9389381375681968,2.0288500386230894,1.577753522486935
0.004635071174258093,0.008978339796123462,-0.0014340290837876015,0.007634067266459466,0.30506003564341316,-0.9853132476225319,1.9916060064631833,1.6199578501732275
0.0046003270743540745,0.009308673403706207,-9.787601224171669E-4,0.007748208306175163,0.25424942135821643,-0.6992370860181889,2.1179297051299577,1.3153006690528006
0.004581665974044722,0.00926372451396772,-0.0010325300630425818,0.00771147470604132,0.25588622424671675,-0.736033256147177,2.0856969209102294,1.3446926242624342
0.004550554564669926,0.009193771883734088,-0.0011127513765619408,0.007650707203802099,0.2568105521427961,-0.7909651937146992,2.032866097084868,1.386905223584433
0.004552581570296063,0.009239179234092315,-0.0010537357248506692,0.007671480184350344,0.25183933148636783,-0.7528591661190882,2.0535486234844305,1.3491123917907448
0.004597045439314654,0.009080882617434892,-0.0012814848724743595,0.0076473834812166575,0.28334398739148803,-0.8934468680974196,2.01570439709752,1.510696167816045
0.004553156067354036,0.009133410542177816,-0.0011926169355211608,0.007626941579348278,0.26503072685428286,-0.8416349168767772,2.0080859956843864,1.4393003731652387
0.004507119877123171,0.009174907751460744,-0.0011187901087135372,0.007598333566872159,0.2478945515610282,-0.7993271960535059,1.99312452849724,1.3772398388285114
0.004530261741124046,0.009804493998479876,-2.737103006077248E-4,0.007791866547136281,0.14635299038277585,-0.24333228278257593,2.20331966499831,0.8159528747411567
0.004501610728531927,0.009754512013524728,-3.397635361541094E-4,0.007755596675982098,0.1510106992754678,-0.2902135588081877,2.171803207019007,0.8529580123423289
0.004459777273599075,0.009636293509238609,-4.94269156156083E-4,0.007692779514391145,0.16502935796882892,-0.39720762474344945,2.1137303396134803,0.9468574984522161
0.004478264943945789,0.009698110238204456,-4.1373760161499785E-4,0.007722879675048511,0.15731879309296967,-0.34181176377863887,2.1421396487140196,0.8970055834765064
0.004493136626967771,0.009848213389320064,-2.09432231269048E-4,0.007756667754616868,0.13026988970730538,-0.2037599356971027,2.181615341601376,0.7600846525577133
0.004481347543121056,0.009898599346089835,-1.3909998042268984E-4,0.007747744905193252,0.11758650153672434,-0.15762913608029233,2.179780281257437,0.7076610134042868
0.004441433374849381,0.009939161870916972,-8.178959642423598E-5,0.00770786164140702,0.10266139836496001,-0.12212525521615382,2.1540548557652133,0.6553936058155764
0.004485533384987233,0.010180064693496527,2.492711328361155E-4,0.007746962331213996,0.0572431298010651,0.10570713761187411,2.204133652465892,0.43578912664785036
0.004457212134478521,0.010118894608959803,1.6326526606759103E-4,0.007721971650172994,0.06695517680902786,0.045413592912498885,2.180448656783947,0.4876070462092748
0.004421999869240314,0.01005834001062774,7.95740272300378E-5,0.007688066699894539,0.07518426520899547,-0.013800988664318488,2.150066975359873,0.5357997640279181
0.0043916082320730335,0.009995550409263353,-4.958844641826684E-6,0.007657526778163206,0.0837046786337284,-0.07333457085181423,2.1218539900533204,0.5862179451757307
0.004474090673719763,0.010290334995023895,3.9896184588623934E-4,0.007721634272324126,0.03145316057631661,0.2074894952151247,2.1944457425588126,0.32559138192458764
0.004440330111605065,0.010239121498691552,3.249369506036505E-4,0.007693505239445233,0.03910636674224822,0.15513929519253433,2.169435038007556,0.36729777538897407
0.005420803812168849,0.007308201387631569,-0.003945759183277915,0.006734432876012255,0.3823211988947603,-2.2541527720984518,0.895108406379669,3.1383548222653226
0.005666721977443672,0.006990204170243246,-0.0044670275135780275,0.006443231788239323,0.33015897999507227,-2.412921873719327,0.5251582151842269,3.342710119068361
0.005700904050615096,0.006918675004003212,-0.0045466979525133734,0.006355392044699425,0.3127166679315326,-2.419627068746862,0.445270341455232,3.3417193784738792
0.005676006683656556,0.006954773731465011,-0.00449538657746018,0.0063955392456035995,0.32070906420909623,-2.410564966272345,0.48867630168522386,3.3318772486060353
0.00564053390510054,0.0070150635486291,-0.004417311136588387,0.0064644328354229105,0.334558350622948,-2.3978060388670315,0.5585274141895232,3.3207897808403835
0.00559159563861865,0.007083513464469115,-0.004313567147505145,0.006534633504727205,0.3483042437271824,-2.3724696938127026,0.6401846629234887,3.2903555140665515
0.005613233634582098,0.007048051776891252,-0.004362101675075152,0.00649632853592566,0.3408429564687266,-2.383025589773531,0.5993238176161942,3.301372174778304
0.0054784514565500405,0.0072621458110046855,-0.004054047508963376,0.006712938119308281,0.38068817640356306,-2.3003554238087225,0.8424732299690579,3.207346508253535
0.0054948560618998206,0.0072246895186319675,-0.004099277774845671,0.006672034097970792,0.3733285370126389,-2.3114022594742534,0.802126498020746,3.2166788616309634
0.005513278397414815,0.007189318565542075,-0.004145468922790496,0.006634822322393079,0.3664439015232252,-2.3233015132428725,0.7634574863839229,3.228564143159613
0.005532503947725696,0.007162364482165992,-0.0041876324173399275,0.006609576924972523,0.36217685759010126,-2.3360516578233623,0.7327669476520363,3.2443708601306427
0.005536187276952677,0.00712779796944403,-0.004211117091398746,0.0065625153007956094,0.3532018114724588,-2.334292453970886,0.6979930923095018,3.232791901152208
0.005548189665795191,0.007086357051125689,-0.004249176285947439,0.006510812129740665,0.3434278520433702,-2.3373464400903003,0.655266604625332,3.2287971929836004
0.005432478233325826,0.007268225115957198,-0.0039865240357113705,0.00668810931276497,0.37393837712164313,-2.262624413281102,0.8539040869768607,3.1419324369396544
0.005295385657233215,0.007544436281225252,-0.0036132985121895473,0.006948720486116374,0.4131069426985432,-2.135447213892128,1.1338568269539726,3.003953539707386
0.005268253762690169,0.007577028563888536,-0.0035533631652857884,0.006967494821035703,0.4135813982206957,-2.108445702357598,1.1635840197306537,2.9673153575457714
0.0052024453710042525,0.007788312424436257,-0.0032923534220326363,0.007167955289280046,0.43951153382805475,-2.004095369927933,1.366041960735162,2.866211376171489
0.005251225072056623,0.007601477877543261,-0.00351252053048975,0.006983847183863976,0.41462513319591093,-2.0905580850102212,1.1857678706866397,2.9442299160295495
0.005255989880697445,0.007623195634919387,-0.0035007971142929474,0.007014895805098629,0.4205907755153297,-2.0898206416872727,1.2088686021796609,2.9515527640147616
0.0052461814858892186,0.00764683619542487,-0.0034691187899595194,0.007035770681330717,0.4225734182764466,-2.0770184337449407,1.2312761012119404,2.9377692819566943
0.005242875511098759,0.0076787615206102946,-0.0034380559684922254,0.0070721691814323705,0.42906135249413324,-2.0667036353786545,1.263640426362015,2.9324324514925486
0.0052255304989014895,0.007707546543082533,-0.003392151777292626,0.0070920002681882114,0.4297851543232079,-2.045804155573027,1.2891959864531852,2.906434637896572
0.005210706216706738,0.007744251870564659,-0.003341990436413421,0.007123039854444597,0.4333159310099188,-2.024052555680154,1.3231459122963274,2.882714363921956
0.005337600689820746,0.007415666948653934,-0.0037627312678041556,0.00681565071462014,0.39234090423326945,-2.183673724568283,1.0054698457098128,3.0456784183375496
0.005367884386519391,0.0073588266840544005,-0.0038414800388020124,0.006763379087214361,0.3850902155991183,-2.210699794604227,0.9485033906731413,3.076130407599116
0.005343225914288608,0.007379804025660125,-0.0037947144693124555,0.006772658178088374,0.38443871770728216,-2.1901480022842197,0.9696529505861984,3.0460662670538907
0.005374787168609068,0.007321204045574783,-0.0038751582853218665,0.006718156560083664,0.37663608970776274,-2.2169108761354863,0.9107081167863192,3.0758700483245343
0.005319528626116565,0.007461355848321725,-0.0037066762167362035,0.006861202951188938,0.39949019930779667,-2.165311117002966,1.0510714326851607,3.027982677603308
0.005267670523224419,0.007501980847068959,-0.0036102341329915283,0.006872187606878898,0.39657683781254344,-2.119795812460786,1.0876185502367812,2.9601712158374665
0.005151277013524483,0.007801528564903318,-0.003220517623463362,0.00713719190830222,0.4268849236523829,-1.962323064827472,1.3631288871121117,2.7938161420094247
0.01386947309954634,0.014626475707214832,0.004998298219095375,-0.004174330292274196,0.11788894876712448,-1.937694131197733,-0.6841658661217289,2.534467724363187
0.013752673692940023,0.014654394317652478,0.005134856745876448,-0.004133525288474784,0.12051729651359254,-1.9388598711488412,-0.780178903209803,2.5560974853702754
0.013626291369586666,0.014694227171742461,0.0052776331589879655,-0.004069980546909937,0.12246181813125347,-1.9282605257990608,-0.8895998373342643,2.564437449860598
0.012992056073712958,0.015039483075657927,0.005838001968659565,-0.003456854109270311,0.11659284029656578,-1.6737604224740248,-1.4358085233196156,2.335578046653714
0.01360062644379994,0.014796163022956875,0.005255122083664771,-0.003936689163764464,0.11427111528218752,-1.870469998436542,-0.9219070034524471,2.478512798083212
0.013461200240644936,0.014809929503401934,0.005422990869865549,-0.0038940150938951246,0.11775388849436955,-1.8649269997799132,-1.0388873761404813,2.5018171242084253
0.013359645215710592,0.01486180989463428,0.005518123475706799,-0.0038045898719753723,0.11750173387946818,-1.8308477213822563,-1.1276081837301664,2.4739135676953015
0.013076052968011898,0.015023233988502804,0.005750324683814781,-0.0035113562328237297,0.1136937607081586,-1.7002640832210554,-1.363752993314482,2.3499199887271893
0.013152323342638415,0.014962631395212506,0.005704562472251282,-0.0036144753178137257,0.11768088119662608,-1.749047785734021,-1.3044984604725098,2.403937458653358
0.013250844866137104,0.014964472971842042,0.005582349072626127,-0.0036455331907043133,0.11301637212547112,-1.7610203018872408,-1.2179996571984029,2.3930360055796904
0.013330647789858223,0.014937921669289908,0.0055031500750991605,-0.003701991781264606,0.11226697010578388,-1.7838682060336921,-1.1516033356991113,2.406889386261518
0.012918647501567602,0.015099452431169565,0.005874218188421321,-0.0033518391232011846,0.11161298327898826,-1.6205380947000385,-1.4881059607771656,2.2747220980433593
0.012816985960465172,0.015124041744140143,0.0059708238327980225,-0.003272971456681337,0.11630572194900353,-1.5778984405359147,-1.5708585623746019,2.2441174754471493
0.012744193266985643,0.01520079689856019,0.005982770175872378,-0.003146156286903227,0.1094817412425003,-1.511080764711988,-1.612341389941502,2.1615084808488185
0.01263868404736734,0.01523262892338001,0.006069206548794822,-0.003050420262201485,0.11186134683806759,-1.4557525253662502,-1.691162179931048,2.114657041015185
0.01254819855576831,0.01522381410739103,0.006177565572352106,-0.0030043259895749033,0.11545562751422045,-1.4228102361443096,-1.7715338817460835,2.1023805009782737
0.01245637103697272,0.01525723841652651,0.006242084486758565,-0.00290735523855127,0.11541452623154244,-1.3641583356706128,-1.8354814066684269,2.0476508261440305
0.012276887719467383,0.01526593714553882,0.0064219878017007575,-0.0027690665545833148,0.12133934473652462,-1.2670017884899434,-1.981644699411975,1.9802333686056603
0.012362606782941654,0.01529781518186724,0.006296840507080055,-0.0027992691219137825,0.11602993662129486,-1.29817725860296,-1.89500181918755,1.9820633705012205
0.012155024597829927,0.015310446422374144,0.0064938735270391335,-0.0026280536765738733,0.12171991332432977,-1.1751087678927483,-2.057203126377807,1.890771756714323
0.012214304159825938,0.015321563216773392,0.006421450210096623,-0.002663902916248413,0.11806369766761385,-1.205798857989983,-2.0028560072124395,1.9057158877128615
0.012077723291410223,0.015334500138821724,0.006540777409787937,-0.0025404162934198307,0.12222032696200912,-1.1165934595260634,-2.103918779645529,1.8345798478344864
0.011989901427954513,0.015368386809924785,0.006582335049882089,-0.002432882101275329,0.12192741823226073,-1.0451168543596534,-2.150181834875056,1.7625431719174613
0.01192125547253849,0.01536706638921783,0.006647532726932361,-0.0023732903165148336,0.12540611548250738,-0.9981548236128381,-2.202319908128678,1.7273760913749565
0.011858623347289897,0.015399375846280261,0.006662254666892803,-0.0022869659426231464,0.12374166784935324,-0.9419427572699389,-2.2262254136524944,1.6656614030715005
0.011778841202379653,0.015429077676276865,0.006692469426572078,-0.00218668686578073,0.12418031966915,-0.8736611828546043,-2.260869457247848,1.5953107840312117
0.011701393290152275,0.01546001351266237,0.006715717378505441,-0.0020867799827474676,0.12374452382566248,-0.8050616902926001,-2.29033477014384,1.5233241281417638
0.011209532891546229,0.015446130864264343,0.007095010044307162,-0.001573105015029369,0.14423017478469125,-0.37951916434511196,-2.586031157083445,1.1718943433914089
0.011160574510972973,0.015452728095503989,0.007115379961529386,-0.0015121370400064194,0.14592321898682298,-0.3321329549271453,-2.603300464270223,1.1267187668796999
0.011114923225557422,0.01547778421509667,0.007104017822229198,-0.0014436642686584521,0.14411913292335174,-0.2870538153917234,-2.600738949522236,1.0727692312730088
0.011608484421909562,0.015491876702756965,0.006746118381037168,-0.0019702522957721555,0.12406013180594996,-0.724101291629344,-2.325350572247355,1.4399265909346626
0.011454175386038146,0.015482107954964536,0.0068752853011238456,-0.0018194027264828493,0.13089996914007165,-0.5979116964131767,-2.424688532168535,1.339452322570432
0.011519745430724274,0.015517151238559315,0.006777988213395934,-0.0018618847836393334,0.12447022816620908,-0.6464833134258713,-2.3587843557021166,1.3620831794052757
0.011336764753144955,0.01550814237512498,0.006919190921164956,-0.0016754021737642561,0.13228093313515307,-0.49125260775974383,-2.467030938961997,1.2346178972219428
0.011394672544781579,0.01551544159589616,0.006869365883979286,-0.001732746743165925,0.12869473567228826,-0.5411456233645038,-2.4300186898576785,1.2734578383698347
0.011264422167035482,0.015498525510900793,0.00698084069119586,-0.0016020553903253673,0.1362257334740102,-0.42676253063369474,-2.512131901034142,1.1838839497000333
0.011306343201298277,0.015555200486646586,0.0068704974245398075,-0.0016116311727500036,0.12823147414710953,-0.4589234702665366,-2.4425106376532537,1.1817390757887913
0.010903991682196322,0.015420338966560962,0.007309852287996804,-0.0012180819443780547,0.1601229233720572,-0.07056507596097733,-2.740895534457759,0.912973955666002
0.010869347490646148,0.015438180201463769,0.007297695656253931,-0.0011656513758809015,0.1584045960102606,-0.03622566933787909,-2.7347238988231557,0.8713793959707357
0.010959135227592346,0.015428037236208704,0.007269078119159457,-0.001283156246011393,0.1566144766732249,-0.12928599107611413,-2.7127741628558693,0.9612169021817304
0.010850989530748442,0.015473830411067677,0.007248364903212933,-0.001125914820730845,0.1548335498165131,-0.021804898840483113,-2.7046510809738544,0.837297060668251
0.01101370497462331,0.015474131486393261,0.007166590323547645,-0.0013253944814435245,0.14877185732343248,-0.18695428906919578,-2.6467599099822876,0.9860305726708142
0.011063517470135141,0.015516020947453892,0.007074152572362178,-0.0013617278859219,0.14149996917214616,-0.23704892183142798,-2.5869724550759297,1.0073543617611407
0.010108362745256186,0.015472922814577773,0.007444490982440016,-1.491698935833299E-4,0.17377340136858846,0.7714681527883583,-2.793237210729089,0.08996200762470265
0.010161597872119118,0.015498720798072676,0.007396479161239269,-2.191084034074228E-4,0.16865047420979826,0.7012271303460132,-2.770093215893276,0.14233698454667357
0.01025358340886292,0.015504683681133408,0.007376275437104999,-3.4124372861207315E-4,0.166471093688165,0.6012553738597467,-2.766980890500911,0.23553598735070227
0.010206093503662342,0.015519295339327254,0.007357198863738182,-2.763977659599221E-4,0.1646156626788714,0.6442529367757985,-2.7508353889835533,0.1851755295715637
0.010058297955559584,0.015515106120433582,0.007374054815255735,-8.022764961969666E-5,0.16707039288680803,0.8000652278383257,-2.744161222438492,0.03549312903224457
0.010014992334405306,0.015549875076997371,0.007315624881976883,-2.247589819185093E-5,0.1619642586272018,0.8245817777961216,-2.7034995606822334,-0.009639331410451746
0.009852402565357885,0.015512774370950156,0.007371162323521559,1.942389886389495E-4,0.16861064676891052,1.0106714046206213,-2.7113028386822657,-0.17215794468916878
0.00990375246002849,0.015519940290047315,0.007362887414810284,1.254516299631091E-4,0.16739566048515345,0.9545641960051557,-2.714919858463394,-0.12054680500622549
0.009964478752314525,0.01554383165754922,0.007325097097731387,4.408756393055535E-5,0.1629529004994634,0.8788940346122532,-2.7019834710158386,-0.05978301873066858
0.010802001025842773,0.015493293353373752,0.007238713077766649,-0.0010560475472566248,0.15359414953305614,0.02634479519890476,-2.700129861731577,0.7820733132586365
0.010660362066398015,0.015467350164682949,0.007337549043301673,-8.860798292906177E-4,0.16170403584882023,0.17995245023580766,-2.762732344852954,0.6560661775117159
0.010614768901587808,0.015510863282233701,0.00728131471738207,-8.122618749231318E-4,0.1569424878989577,0.21761817622978932,-2.7273870401255134,0.5955880281534768
0.010574907089890333,0.015531891192257572,0.007259374761555313,-7.546287015873476E-4,0.15481654089475946,0.2536340746929451,-2.7130444128278834,0.5498986070262686
0.010723545738253607,0.015512304253557119,0.007239890901671126,-9.498604830945732E-4,0.15360641862681712,0.10388506766290331,-2.70218175397255,0.7000312896715004
0.010518619017804043,0.015524147493492664,0.007288635324515942,-6.847315307085916E-4,0.15769903500890206,0.31455083959197966,-2.7295498774096005,0.4970704551777824
0.010402945180385956,0.015500334046857165,0.007357226800373513,-5.398413428126587E-4,0.16414586886815472,0.4444633394404503,-2.7662823816736286,0.38812849003620203
0.010344233015474755,0.015521844699772053,0.007332790478168489,-4.582654223723491E-4,0.16184843035821003,0.49817158525887634,-2.7474541128176564,0.32415378305729076
0.010453526327169865,0.015551382462139237,0.007260345121120463,-5.939566740653552E-4,0.1554005700597065,0.37341038436258683,-2.7094977950968726,0.42578341846858
0.010290499526163595,0.01554407216830164,0.0073044781595132,-3.8424348488193976E-4,0.15971090002249502,0.5450460847032738,-2.726122837383993,0.2660391612087363
0.009622647141412876,0.015449585560557545,0.00744326101916169,5.120754835612875E-4,0.17701137783810697,1.284981139500653,-2.7067627750146985,-0.40961828967166186
0.009767442413090214,0.01547840383401905,0.007420184694306759,3.11908895896903E-4,0.17364062862548166,1.1198035301429463,-2.724259740138054,-0.2602443883970913
0.009716877489210234,0.01548628214844093,0.007398792939828686,3.7846334065833135E-4,0.17182873903332738,1.1637592322974373,-2.701724564603239,-0.3100138166175999
0.009662909687487143,0.015493389487680854,0.007376689237644544,4.4895980126307067E-4,0.17008317880321458,1.2104803219560287,-2.6777001495663346,-0.3624802231677495
0.009804406368704058,0.015525515880382468,0.0073444661472278705,2.5652082212047125E-4,0.16610014148183674,1.0494926743296757,-2.687246809700419,-0.21930091896330706
0.008595449375266089,0.01525226191749562,0.0072351632649009226,0.0019298591725972756,0.15496449111397567,2.3000264683411706,-2.231232412746022,-1.3895914930518916
0.008398261157926985,0.015212217793229125,0.007128166365379365,0.002185244220819138,0.14044116676583818,2.443001673812788,-2.0833870732648756,-1.5409667228919939
0.008448091017298254,0.0152171726693877,0.007165068725799203,0.0021262236469007222,0.14528510873229664,2.4162089451926847,-2.124596521665586,-1.5081163472092352
0.00852823731952319,0.01524097407414035,0.007197415832725684,0.0020160841693589765,0.14981187678399155,2.347952640228311,-2.181098235488802,-1.4414408662498448
0.008477169747411037,0.015251459471901537,0.007138134448598478,0.0020643930831721713,0.14309962893786324,2.3571291821937144,-2.1319326970142947,-1.4661964235766087
0.008108852250084106,0.0149960865362051,0.007157125954765025,0.002706131834087054,0.1348211637890897,2.846430347481878,-1.8933917046537676,-1.8598140443927762
0.008126481405878917,0.015056463507844384,0.007089448830781961,0.002622923898783471,0.12921901162693575,2.74917794930156,-1.8924531603362171,-1.8007081397401665
0.008201355560274607,0.015059489736671254,0.007163979693834566,0.0025432024994675403,0.13875196887073557,2.7287756131053293,-1.965040202689632,-1.7641364792572247
0.008161896743423137,0.015070398854393222,0.00710684759012708,0.0025724260380463972,0.1321225199404077,2.7208782701893455,-1.922559322919583,-1.7733548630692912
0.008281767105078228,0.015078811864712917,0.007217595338640524,0.0024383122986016905,0.14680338853889527,2.6777318978729716,-2.036266864575825,-1.7077930837871682
0.008316511385881933,0.01511621540176427,0.007195797192749559,0.002363821291212011,0.14508159585491054,2.6107018106759865,-2.0533806904539413,-1.6595377862134466
0.008230938101860041,0.015100061851752819,0.007134771657325115,0.002470716026055569,0.13700276127397018,2.65966855965287,-1.9784405746062748,-1.7166014803631
0.008325309121396986,0.015165056984047886,0.007131226743561284,0.0023073827669093483,0.13922500282433403,2.5358928013140534,-2.0396484314211527,-1.616815153346988
0.008345471248767763,0.015214390745539118,0.007076894201338723,0.002239887653992832,0.1343732788637191,2.459386973587899,-2.03569900583904,-1.5688101595693054
0.008368747396763005,0.015268075413980554,0.007018961187322603,0.0021668524308158074,0.12973371712780843,2.3779330536952403,-2.0308866174093967,-1.5172546593404486
0.009569442062088743,0.015455631273703238,0.007420032624265965,5.819710589441799E-4,0.1749323058659724,1.3307973013522671,-2.6810046907532707,-0.4611864731259759
0.009513349885782478,0.015457731203039296,0.007401210231261662,6.560685732499501E-4,0.17339567888842242,1.381443030449084,-2.65655124740112,-0.5154310349574326
0.009453277316992414,0.015452468628394087,0.007391932885124992,7.371313886106111E-4,0.17280521944176322,1.4412101178130587,-2.6357072203771845,-0.5745404007445547
0.009330252569951594,0.015382250076726023,0.007467697377437978,9.256780317560405E-4,0.1815530599966915,1.619694083259471,-2.64145221992435,-0.7129062236285783
0.009373222647023833,0.015404631602447105,0.007445906795475669,8.597880151044853E-4,0.17845088924839905,1.5590324958172639,-2.6426938017837376,-0.6647179431541733
0.009281100802334229,0.015408407221932598,0.00740278036253732,9.79816357864414E-4,0.17461341652968185,1.6357392167671405,-2.591510369011539,-0.7501900490383654
0.009398147124530711,0.0154536484950119,0.00737142133693641,8.091460177127179E-4,0.17087508665863918,1.4895208527888595,-2.609328614189249,-0.6265527514004923
0.009223054209906354,0.015429906496648115,0.0073412613556467525,0.001045599115407487,0.168716046198194,1.662081488888013,-2.5408925149086325,-0.79499807541894
0.008821169004466008,0.015339407672612321,0.00726385065765106,0.0015983688880719987,0.15993676344584504,2.0585538052981587,-2.35156012088062,-1.1732611808949456
0.008789759240838373,0.015295141623895057,0.007313638570061418,0.0016668863838936974,0.16491679099847342,2.1335449894049856,-2.3590775493353946,-1.2228047042943737
0.00873703330975322,0.015298671102924728,0.00727022984955191,0.0017278712518775383,0.15994634111416603,2.1609994478799055,-2.315837161044703,-1.2601629690070197
0.008683569157952311,0.015283236021685843,0.007255141761161211,0.0018027787730085512,0.15798035257843082,2.2116154364033016,-2.283873894823646,-1.308256459038647
0.008636682750595672,0.01528246313567704,0.007220418346342096,0.0018581921668417074,0.1537393251294747,2.2382745046053882,-2.246617146557752,-1.3415288608288816
0.008606764568871574,0.015305321392307187,0.0071614975261609605,0.0018747791289089992,0.14774975373974888,2.2240191753820793,-2.208480184842613,-1.347108112295947
0.00913092028890388,0.015384438748970103,0.007373289926942154,0.0011855735054630424,0.17196726278953836,1.7844783246923177,-2.5258575296632295,-0.895264827862144
0.009061966993993848,0.015397905003128912,0.007314751796736094,0.0012660586377975307,0.16588008506854954,1.8228339514429555,-2.4721004329899343,-0.9487908574410511
0.009165797249205104,0.015445594862964358,0.007288743658276004,0.001111176142425162,0.16316406021738647,1.691980476721515,-2.4953156983990574,-0.8396404722829841
0.008973997624718575,0.015375132726562457,0.007302488980120327,0.0013887375274491444,0.16448199835801416,1.9129309157094092,-2.432641123482018,-1.0331312798156034
0.009007608842650679,0.01541887631235122,0.007250479520882265,0.0013220363883626395,0.15948697240828522,1.839589483737915,-2.420920491714299,-0.9844575900700508
0.00891706162393215,0.015381229159947635,0.007258246066219523,0.0014550936454959444,0.1599833185548036,1.9454416862087769,-2.3893827701966077,-1.0759652694798374
0.008856857227649806,0.015386704256302753,0.007211584968607046,0.001524371810394278,0.15459849897335612,1.9789130371080084,-2.343514662032071,-1.12000867101605
0.0044373365292661796,0.010352397989751062,4.766991836787872E-4,0.00767331908560067,0.014498791446307292,0.25957181659095535,2.163528804032645,0.25767833440775156
0.004403948601047283,0.010414147068625963,5.520499421906236E-4,0.007627150521033424,-0.0013401568931228072,0.31072224297513334,2.1339030511485473,0.1922747820578035
-0.004749633477512959,0.011012951756974731,-0.0014863323495200448,0.007762550750045787,-0.12298116283376755,0.9570223209024987,-2.275626324063802,-0.34786183614865646
-0.00473607693845201,0.011051096112058493,-0.0015299779469848996,0.007726972890342112,-0.13061172769797683,0.9878702241821253,-2.2518033625321983,-0.3858214059770519
-0.004729345348068384,0.01108948904225281,-0.0015769475713295655,0.007697868118652485,-0.13814760851322147,1.0208698416806448,-2.2326567780458126,-0.42321504599736554
-0.004647411763104774,0.01087312090798885,-0.0012461192144084061,0.007725183200079387,-0.09094205806590339,0.7936579308178286,-2.239270668668452,-0.2184238858665891
-0.00471790091387027,0.010981410132222182,-0.0014267315825123117,0.0077458351731153315,-0.1152193889705435,0.9168754011730812,-2.2614130360162736,-0.31890245708661663
-0.00469508766609737,0.010943974385377097,-0.001364533081299709,0.007741051489339688,-0.10686378801595382,0.8745703769107347,-2.2555214442378158,-0.28388456105960247
-0.004652799051643246,0.010922232524880462,-0.0013143909887042566,0.00770744158626354,-0.10156683901093279,0.840859259622086,-2.2293360315446265,-0.26568838632764424
-0.004718773676619516,0.011171040024183329,-0.0016764618766927399,0.007637807273826575,-0.15340691476913948,1.0909354887947431,-2.192848784219612,-0.5011524498038012
-0.004723499528169325,0.011129810295089025,-0.00162619073207496,0.007667891281977423,-0.14580322513071511,1.055544595460253,-2.212826289114964,-0.46202173022993204
-0.004819459532180924,0.011263304300309637,-0.0018608014526157218,0.007682212358581684,-0.17657004813721883,1.2143197089286417,-2.231467961135024,-0.5886323851692182
-0.004770505958407517,0.011246740413352482,-0.001806510941368756,0.007642472922403593,-0.17031491376297428,1.1792276336273118,-2.2007598745969363,-0.5725136820401301
-0.004715669781678031,0.011218796395579796,-0.00173518926762049,0.007604454869009237,-0.16200312369564387,1.1322778798118964,-2.1707428862152587,-0.5458563666677977
-0.004978125858481739,0.011674045441807048,-0.0024942921816053752,0.007518861608905652,-0.25323652928592294,1.6498273611986265,-2.1308100635769693,-0.979160466570871
-0.004967717651991098,0.011713085891825353,-0.0025298106403057728,0.0074727266747559,-0.25616589450591815,1.6758513618055042,-2.0971931167169586,-1.0121468662760729
-0.00494864793067677,0.011642731473480527,-0.00243125793987729,0.007517222872954481,-0.24624993293054612,1.6073598038806904,-2.127886998806496,-0.9476054179413813
-0.004921534339753429,0.01160749988006881,-0.00236615972487569,0.007520749227677974,-0.23898151977949364,1.5633106976811748,-2.1287313429698966,-0.913086383922809
-0.004898966733541683,0.011568911594013446,-0.0023012672329367954,0.007530909784003057,-0.23167086285639873,1.5191098415796007,-2.134466388858964,-0.8762138731596295
-0.004882074114854209,0.011530164714442868,-0.002240946888302626,0.0075460228898306505,-0.22495522810146826,1.477782085946133,-2.143925151849995,-0.8397943858726665
-0.004886536190831093,0.011495395754438607,-0.0022025445733877594,0.007578823139602559,-0.22030709712649538,1.450148267424569,-2.1669549064399938,-0.8084534251671004
-0.004871387433413058,0.011420329957966253,-0.002098025141465874,0.007622327512342009,-0.20763113383504134,1.3774485497637952,-2.195660668199888,-0.7381654217273992
-0.004872145189202813,0.011465537899094883,-0.002154544729831051,0.0075879147253229045,-0.2147596251443109,1.417289442312276,-2.172185135967716,-0.780034148031214
-0.004818184913767628,0.011315186326553338,-0.001926385013523095,0.007644807823708895,-0.18574921898852195,1.2604388075034973,-2.206478340155739,-0.6377853503976133
-0.0048186414674484075,0.01136000434791775,-0.0019831965589486044,0.007613095015429799,-0.19332149348053315,1.3003536859856828,-2.18523023835531,-0.6797257825291187
-0.004820425955995519,0.011403660302353819,-0.0020387091791622767,0.007582660159696178,-0.2004874494979885,1.3393823129071538,-2.1647165394054024,-0.720208521828651
0.0052546961391482,0.012348947138118148,0.003476821351748953,0.007051455854939467,-0.31652509447902694,2.3247156660678723,1.7857856218902943,-1.582382501560403
0.005337094309675169,0.012506659723539712,0.0037060923433628605,0.006919262216229352,-0.31956641063823227,2.477270479343997,1.6794291838992053,-1.7140709462837578
0.005310886664824455,0.012476958119370326,0.003649780297144808,0.00693656285269674,-0.3184078458429455,2.439108908487564,1.6940250218732533,-1.6850205795621718
0.005303987364208573,0.01243221837803063,0.0036063947781150773,0.006988389965307005,-0.31926349900729695,2.411795008213803,1.7351946519578667,-1.655266328181353
0.005280350025721649,0.01238620939553764,0.0035395663694545243,0.007026857554790766,-0.3184591529472733,2.3672336655522552,1.7660206575571085,-1.6166985582638367
0.004678121990530206,0.011165782074089336,0.001644748255249813,0.0075994783896616855,-0.15038162033557192,1.0706588776246224,2.163983287149962,-0.4962999028007347
0.004669313028168244,0.011046592929179713,0.001486767995379659,0.007659803881554725,-0.12736335392191298,0.9605311217415949,2.201832556916287,-0.3843355997144084
0.0046323708746924975,0.010997976600149655,0.0014036895496548159,0.007647902746488141,-0.11687025546120385,0.9037097467583042,2.1900298647261507,-0.33954076798859173
0.004658724219744154,0.011111864985458556,0.0015647718717051572,0.007611896685051792,-0.13978041645268932,1.0154823476140695,2.170138470565441,-0.4461968660838479
0.004596563373609668,0.010955656669784626,0.0013305482922251583,0.00763280782404185,-0.10774125646518977,0.8535798621665492,2.1761947721726345,-0.30112653688357066
0.0045629848497219854,0.01090193890752513,0.001244830871875822,0.007624469683996383,-0.09678575165574817,0.7943897238633705,2.166579206979371,-0.25221542354799564
0.004534232966566603,0.010768582768528375,0.0010584497702038152,0.007652761682737838,-0.06943424357386184,0.6648997711112253,2.178791223055594,-0.12794896487259141
0.004542001360699685,0.01083963457786548,0.0011545623782478977,0.007631159864245844,-0.08407431675957701,0.731678723450418,2.1674305747023825,-0.194720714135281
0.004498724281992929,0.010705192803420291,9.617281088500519E-4,0.007640547213429598,-0.057004292517907396,0.5974711615843126,2.16530167477371,-0.07103631859613119
0.004467883480366405,0.010752392797477462,0.001011482834598395,0.007591648641309628,-0.06782147633717665,0.6321602522672128,2.1320660433796097,-0.11863500436155969
0.004380574674063976,0.01048562736895726,6.398652352381153E-4,0.007587343874704123,-0.017634789280997747,0.37147345470952237,2.1095756400909003,0.12081467627590203
0.0044751436329265445,0.010644931435323475,8.745255882326418E-4,0.007637362118420066,-0.04546807416526234,0.5364866455400455,2.158736989746853,-0.016388279097248062
0.004430687568867657,0.010594032447576111,7.940299729755923E-4,0.007608293009885902,-0.036788625493174014,0.4799065392141531,2.1334182756513513,0.026187942397772907
0.004390491105588952,0.01054894922063149,7.241154226158878E-4,0.007580840055735871,-0.02951817345592662,0.43070056959622727,2.1094102684229044,0.06292796477604416
0.004656576424434155,0.011217028033537482,0.0016953438126421437,0.007545900279332105,-0.15862602683120242,1.1073184239686815,2.1268600230216568,-0.5433719913722883
0.004842916754972189,0.0114524240645397,0.0021156619979831102,0.007568352281697701,-0.20988571766079225,1.3920759457717804,2.156647256969895,-0.7661852557384922
0.004691234480685587,0.01125780746036066,0.0017679968127238285,0.00755438372631828,-0.1674071912342708,1.156683160272569,2.135496431543475,-0.5814069038083952
0.004773662266439615,0.011323204075262666,0.0019050732892169667,0.0075933765649288665,-0.1837814906647198,1.2483780572082963,2.1683610023220754,-0.6439935002805236
0.004731220853143808,0.011294760901980264,0.001840415328439784,0.007569954782701285,-0.1760222061588611,1.2054317055830797,2.1491907324388255,-0.6164227841611165
0.004812785499826394,0.01140648403238195,0.002036477037751396,0.007572764954986446,-0.20036259800440323,1.3383048015617478,2.1574832523594245,-0.7223653631580894
0.00477362593284426,0.01137181991670824,0.0019651053308271608,0.007558662128267177,-0.19171615634471617,1.2904908493074327,2.144950112395114,-0.6884870114717417
0.004829158394132226,0.011508485211751282,0.002172295485071502,0.007510371731025652,-0.2166971105153847,1.4331239485718894,2.115632206432809,-0.8157276174500022
0.004803364340904562,0.011560511486266035,0.0022123368771027633,0.007442993766586704,-0.2210574649414654,1.4630589715465772,2.067073058874672,-0.858710410425533
0.0048144239892021524,0.011618441236526281,0.002287493427242649,0.007405831416426477,-0.22911711693997508,1.515281813395793,2.0415027892974336,-0.9097041465867387
0.004814481366601046,0.011672740977794482,0.0023480487187518117,0.0073596877048637726,-0.2354571756337182,1.5575419853075079,2.0088542672190077,-0.9549930147199582
0.005023519528037143,0.011953782268756452,0.002845047261810216,0.007291649508655886,-0.28194355828631185,1.8946344520642586,1.967164447231367,-1.2229252543505964
0.0049864125280117645,0.011930309848279523,0.002783182939521629,0.007280869741295705,-0.27602178937989913,1.853109218418682,1.9580608635993524,-1.1958505829924724
0.004950330315180416,0.011901144635830667,0.0027172344305232163,0.007276382283983462,-0.2698094384780103,1.8087901342696675,1.9536689692425384,-1.1648477008718034
0.004915159918416779,0.011866596796937258,0.0026472787074070694,0.007277403356496647,-0.2633085641474516,1.7616981661340816,1.9533090837108453,-1.1301052981710968
0.004881935393416012,0.01182356357700036,0.002570879623375681,0.007287429844113382,-0.2563440705415618,1.7100433270736304,1.959496908432593,-1.0893046876078938
0.004861687462249191,0.011764027689241298,0.0024890584923109604,0.007323471559738642,-0.24913989121806177,1.6540276342106905,1.9848082004522993,-1.0378667568471405
0.004794916091780917,0.01172330823525109,0.0023858901630011034,0.007297330616523664,-0.2382968096933313,1.58539691500302,1.9635050804417824,-0.9933205571933615
0.0052192347048070934,0.012353336670151371,0.003436796104215717,0.007015798432071489,-0.3123135389235222,2.2956483792400757,1.7584384706598417,-1.5711450232660849
0.00519203065740709,0.012335962658331916,0.0033893797492981813,0.007013908327443336,-0.30955608145784286,2.2631214994020827,1.7573533618525654,-1.5495624380999922
0.005177846651241809,0.012296691011564321,0.0033393470953425,0.007048958042623442,-0.3084608563761,2.2299742096435327,1.7846395607751524,-1.5188456550735516
0.005075131269256148,0.01207278647219688,0.0030182229963176977,0.007213383814447419,-0.2935616535205245,2.0129737054516252,1.9097304422857568,-1.3277790928757183
0.005048525839503635,0.012041589147845224,0.002959175530516812,0.007222700233033639,-0.28919234662265786,1.9729463848290625,1.9162496345152895,-1.2970339725901405
0.00505309849234158,0.012111188113513301,0.003030764773078744,0.0071516503244523355,-0.29197871954112303,2.0216814513607377,1.8628289830909546,-1.3495547503796226
0.005035777070013535,0.012146499219771841,0.003044424451904922,0.007097771929840161,-0.2907515118605724,2.03086919894499,1.8219992742343625,-1.3692903336048279
0.005135210844982333,0.01226655390135782,0.00326326690632937,0.0070479538686350094,-0.3033733406031774,2.1782523209640874,1.7841092208680187,-1.4836535186590822
0.005102326881602504,0.01224231484471395,0.0032042736356055787,0.0070478450024723084,-0.29973329753358874,2.1382460188423167,1.7842239838075198,-1.4561081211171578
0.005074742260053683,0.012213169403932878,0.003147420126431808,0.007057368286538634,-0.2962218141240101,2.0999674934509756,1.7915816337177564,-1.4273175591909035
0.005049433984687841,0.012179931241624958,0.003089630285450847,0.007072778594127859,-0.2929689397126871,2.061075472238521,1.8032081871706753,-1.396532869586939
0.005020955577554158,0.012003263672807674,0.0028922501219463556,0.007237901597230237,-0.2841414509147559,1.9275374208844487,1.9270337700546547,-1.260736007368443
0.005946410807097048,0.013375544049177138,0.004993217148843734,0.006007169396901872,-0.24801113355432933,3.240234244186542,0.8646773669958475,-2.3383293838469847
0.0058290005540712,0.013302649161685371,0.004796249787632527,0.006073573819221033,-0.26077954829982786,3.115546181543562,0.9444046921918509,-2.256973771602347
0.00587271003748444,0.013322601470676328,0.004868460318950509,0.006061322147270491,-0.25755723000001124,3.1643531829600056,0.9247798196751881,-2.2875449307392173
0.005897321430836563,0.013354368291863268,0.0049119934742743974,0.006021175558797456,-0.2524248877691782,3.1849550055827582,0.8878818911380183,-2.3042282198485835
0.005918406763647463,0.013375449538717782,0.004948104065976661,0.005996068062442204,-0.24884217476297402,3.2041607867146147,0.8632929507031515,-2.3182526462611768
0.0059947653365245894,0.013394046829288436,0.005073617440863646,0.005996060748147594,-0.24343531861654202,3.296167907498735,0.8430300491143562,-2.3721592413782235
0.0060165381410426915,0.013419219889374246,0.005110960335154561,0.0059628973556084125,-0.23886631700725028,3.3137823102827575,0.8113388113575403,-2.3857860085861353
0.00603997261101844,0.01344828119594549,0.005150678558754764,0.005923395137346109,-0.2335665522100332,3.331036927420626,0.7742172142551583,-2.3996427150692834
0.005959971618078586,0.013402474369596637,0.0050174962966385754,0.00596889481187331,-0.24378326523936858,3.246942087242117,0.8316430417337185,-2.3462749219400023
0.006046301844180149,0.013487353247980354,0.005161544791224985,0.005861150531316943,-0.22804507546228178,3.3193874992688315,0.7251799025310007,-2.398647337303871
0.0060747675354781965,0.013544573598803575,0.005206939131505287,0.005776065799755419,-0.2184666166736864,3.3244784711837654,0.6528014406879404,-2.4087827288671537
0.006049849463381702,0.013521945913512672,0.005166919671022117,0.005805628665797472,-0.22348356166564617,3.3051428971683605,0.6824348975556955,-2.3952186407799947
0.006069467270317805,0.01358666260876653,0.005195945551433511,0.005705919161242638,-0.2134314603350298,3.2931666073486086,0.6030796299234522,-2.396148525750221
0.005745541144915665,0.013196844077310484,0.0046439047048553,0.006198418711764153,-0.2751355821620616,3.0363052379682074,1.058970919217657,-2.193812757485228
0.00578055342284171,0.0132915051502977,0.0047188639069923,0.006069157419482015,-0.2630214044213692,3.059149830591959,0.9519295974233704,-2.2236264621015263
0.005762459741291234,0.013259084177791786,0.004684497451575456,0.006110787160797689,-0.2670897804112208,3.04495812394855,0.9876189919217421,-2.2100747308231083
0.005735204180287059,0.013240841824121009,0.004638673556684115,0.00612584693278295,-0.269795696406881,3.0160718081447673,1.0048307310927334,-2.1907387711962127
0.00570874968356107,0.013158197744166353,0.004577042109041331,0.006238704299537484,-0.27976913239701195,2.9975372353525174,1.097456501801501,-2.1648457342774994
0.00566473618381843,0.013133119408284386,0.0045029389026498,0.006253349079942633,-0.28204477022370616,2.948058609711691,1.1167162059857985,-2.132518485336281
0.005607834581434392,0.013057467236831446,0.004392583152979078,0.006334661661677325,-0.2893841431548214,2.8860625523050665,1.1895176229616717,-2.082570196563932
0.005621352366300409,0.0130996468183804,0.004427360836233726,0.006279779719594648,-0.2853546784248388,2.9000444212507728,1.1445265265852302,-2.0992239058797524
0.005521581843139875,0.012859782796826322,0.004180725942361422,0.006569760942121179,-0.3070924538718413,2.7750009498879025,1.3869890830768112,-1.9749771155877398
0.005493841322887075,0.01284472324462847,0.004133366718230815,0.006572705704506674,-0.30695148947268575,2.7419584705626323,1.3922521563259582,-1.9535770385573807
0.00561100522284335,0.012934735207463266,0.004347364360249539,0.006518722333311153,-0.30358965246891295,2.886301890729115,1.3352339027637437,-2.0535771340562228
0.005572506014721742,0.0129031157652484,0.004275875645808002,0.00654048954683436,-0.30534840053326523,2.8384822919754145,1.3575779333122373,-2.0200109858555635
0.005532604840340349,0.01289420991866003,0.0042135303217226165,0.006527412368578292,-0.304128204442594,2.792142428285399,1.3519288114249266,-1.993119912763605
0.005593891333099437,0.012987022198539833,0.004344563822690772,0.006430535180530811,-0.29708180276990764,2.869375269606692,1.2671504552556991,-2.0574862709573942
0.005579658330093111,0.01303315657116886,0.004342006516756952,0.0063542142993491466,-0.2914803227846219,2.8540863301318242,1.2090226030291047,-2.0598055587022297
0.005317929600869985,0.012557357281018143,0.0037175270486840763,0.006837677740536134,-0.3146943724604255,2.4795621262728846,1.6156363891997907,-1.7330291092653332
0.005294362781215446,0.012589788587371245,0.0037091103806395445,0.006777259464521705,-0.31046198382088486,2.4692657889510143,1.5692735538865608,-1.738608097613298
0.005489398380038767,0.012802912135897982,0.004104917527670025,0.0066291162997346035,-0.3103938397030091,2.729419037165932,1.4376845722885163,-1.9354714288862294
0.005469499092407921,0.01276886965722172,0.00405787650581577,0.0066632867671427955,-0.3122561953712819,2.7005543028655747,1.4666966622281776,-1.9107454464847478
0.005464129124527381,0.012835262666196699,0.004086429476595138,0.006566156592613207,-0.3055400164563031,2.7082733955984506,1.3900212037545303,-1.9332853038726037
0.0054311664789789315,0.012746065717351105,0.003991274901596536,0.00666789738366458,-0.31132848675577834,2.6541648819948214,1.473734906056445,-1.8802240909940449
0.005385487499043969,0.012734645181195495,0.0039218884585425565,0.006651183061471129,-0.3087614039744419,2.6041032346832758,1.4643332421830666,-1.851075251186661
0.00535643687584161,0.012701740618510378,0.0038629983719383463,0.006675005589988591,-0.30899095708962104,2.5658254885935055,1.4852949355548113,-1.8218640165064437
0.005301498357284227,0.01262723689690429,0.0037432541647359767,0.0067337461186715115,-0.3092136090065351,2.4891068030700727,1.5347036533853802,-1.7603696940358373
0.0053235796906729825,0.012668833458316726,0.0037988900395154192,0.006695199840073288,-0.3084587099294768,2.5236375074664874,1.5033042704405648,-1.7905225003084784
0.008024242221566502,0.014963592619728287,0.00710833575217797,0.0028265612645631617,0.1266338219408404,2.909115471422575,-1.8151497666480731,-1.9221083711509959
0.008051721437204763,0.015006127669997834,0.007079446207610226,0.0027517439481325417,0.12528051319858446,2.838614065403384,-1.8325969127796007,-1.8743001484332404
0.00797573314859918,0.01496763357321144,0.007046933762368514,0.0028683813485850256,0.11880571620798223,2.9062151369252684,-1.7644102188166386,-1.9357862792246905
0.006332371990135553,0.013821864976827254,0.005585875672123648,0.005367410180585828,-0.16114038311704812,3.4455636651562647,0.2692130181497013,-2.499202005838938
0.0062532414738814225,0.013760783307102883,0.005471027639659328,0.005459068919399879,-0.17644123686399046,3.4004884914952087,0.3634780239621904,-2.471029490289091
0.006293314094546289,0.01382350710785009,0.005521022639310915,0.005360922295376103,-0.1650503794801226,3.3968969479469697,0.281359884895304,-2.4726382278283765
0.006260833168278735,0.013804780961699556,0.005472887549818103,0.005387929114871979,-0.17140317686299322,3.373542649281512,0.3125908647110927,-2.4588654498944256
0.006342565566724943,0.013871001284032458,0.005587598486067581,0.0052872279243844555,-0.15491362281054002,3.4134781143811566,0.21234086358434642,-2.4837020369581926
0.0063514420366455,0.013907002967102766,0.005590238424530032,0.005228989706231847,-0.1502648643976506,3.3907234644962663,0.17112506666888733,-2.4723469496375015
0.006428502129836188,0.013942227657345424,0.005703295811700143,0.005173541963832374,-0.13707587990929945,3.4458607626864075,0.10139329980214849,-2.502893654289793
0.006381930192687258,0.013927726667829689,0.005632589493885231,0.005196442649994858,-0.1445965993348364,3.4063968178669732,0.13714627829198522,-2.4813925224784037
0.006472227046483416,0.014007079439260805,0.005747888384473056,0.0050669899260932525,-0.12533955905514552,3.429000553878353,0.015507904606271787,-2.4940634807546402
0.006436782483353294,0.013984610059505059,0.005699797666120763,0.005104366903540519,-0.13246608189064876,3.4126951285856735,0.05494892239908446,-2.4853588672911937
0.0061579310155195285,0.013682157486005037,0.005329573985981593,0.005571461274516358,-0.19498451520186125,3.3416610971477714,0.4770689049466,-2.4324745293474055
0.006176029176106167,0.01371648832837762,0.005353511294537038,0.005519014952711953,-0.18936078834471662,3.339337362400712,0.4340669714521255,-2.4339861626376886
0.006206307185112197,0.013748407722322041,0.005396798835958588,0.005472234280661062,-0.18283231455897317,3.3524545911153862,0.3907274484895078,-2.4436743850230482
0.007456775806254627,0.014627906389276576,0.006801602607275111,0.0037369102650896885,0.060882118773769464,3.3704025667775537,-1.2109902547956548,-2.3376201561667123
0.007399702090893503,0.014596232192022536,0.006754347634983664,0.00382060503788469,0.0518465535125729,3.3963975077127166,-1.1425008422506882,-2.3649877314262855
0.0074209769387755305,0.014625281618084175,0.006753046074795051,0.003764656863819072,0.05428494852946343,3.358585856694526,-1.172978821862683,-2.338639423252061
0.007356060460066677,0.014610430803731094,0.006675491797719682,0.003827523929679516,0.042897441017264795,3.350980315305961,-1.102550939702504,-2.3477961522742556
0.007260557602649641,0.014546370244183227,0.006601986332997613,0.0039778704208203635,0.027184268513416543,3.4011269537548405,-0.9845369132694851,-2.39533487848321
0.007318029264960251,0.014590870658464384,0.006640890884352082,0.003879076726637266,0.03651542033442709,3.3626473302935946,-1.05805571191388,-2.3620780023679973
0.007287807573931059,0.01456888976400447,0.006619341804932147,0.003929057920242011,0.031391577388870724,3.38108331676889,-1.0201822004136956,-2.378596125373461
0.007468758722700256,0.014683417612534331,0.006755541258372582,0.0036499746072791222,0.05952404388496918,3.2836090485018756,-1.2363412401039804,-2.2850665148572884
0.007466515508795524,0.014731260743753426,0.006698250792833466,0.0035852308923797578,0.056017108275412765,3.2061597670710746,-1.2438420359031028,-2.2404273270725623
0.007921228390279249,0.014951666591347963,0.007005208554558761,0.0029377267022390216,0.11220463390705285,2.9334906098118476,-1.7116775968042526,-1.967561595178774
0.007866952077952514,0.014949812325053796,0.006943476067096583,0.0029888818326644453,0.10396779480565865,2.9362973473412812,-1.6568363279221205,-1.9847205355221889
0.007820933624051266,0.014936831465663887,0.006905398704942145,0.0030446947374391767,0.09790963563485687,2.954893557799224,-1.6116896119068416,-2.0081932285700907
0.007838088257750953,0.01498135703216133,0.0068679692046233086,0.002976838443060738,0.0959980639610736,2.887114823104191,-1.6237346559766521,-1.964866144713507
0.007623762339825594,0.014836167671620699,0.0067851658180315905,0.003331434885965764,0.07518646583268784,3.086396484715578,-1.414573283496117,-2.134812668005288
0.007758119530690627,0.014896587025863613,0.006880429206256178,0.0031472698342996917,0.09204264646088887,3.0131437881568073,-1.5509813556637762,-2.058532728417259
0.007713872549826821,0.014885750612500824,0.006838972621739118,0.003197201758211142,0.08576771596386702,3.0246971152074327,-1.5065531396262515,-2.0766649084254296
0.00766434263899105,0.014872742448105932,0.006792651258982372,0.003253140372441153,0.07859684215360631,3.037235925908952,-1.456655654899995,-2.0963845209669256
0.00777308805957447,0.014943095222745083,0.0068395613934742515,0.0030777849963371158,0.08996036639671678,2.9423002640141473,-1.5632313721816544,-2.0138135032817694
0.007586466493405627,0.014811805070078435,0.006765801069643986,0.0033913853493993842,0.07079075054444196,3.115949766043626,-1.3752680604401737,-2.1608747507470856
0.007578405774461425,0.014866706282006585,0.006690448491436571,0.0033262234467590387,0.06518926719871272,3.029510284132733,-1.3714315986594048,-2.112159049609089
0.007542813231399094,0.014784309625920145,0.006740471536312938,0.003459870778412113,0.06558483914593034,3.147375581711153,-1.3286154166675963,-2.1892221571297625
0.007491505910690551,0.014769095140799592,0.00668931316096378,0.0035166418009230024,0.05782097637728779,3.155426699924812,-1.2753896836715504,-2.205267079842916
0.007055317791861927,0.014406705369594503,0.006421298809427795,0.004291781389794896,-0.009442870789660203,3.476896393730605,-0.721985836503075,-2.473196744771801
0.007087537911635661,0.014417387645831616,0.0064619230543736155,0.004261137252499808,-0.003407436443912533,3.4854036630101928,-0.7573315730648273,-2.4733294825054464
0.007119406299371925,0.014427371545458024,0.006502344725793673,0.0042311308991481575,0.002656732576382274,3.4940069937415674,-0.7923146978654915,-2.4733749963074394
0.00722960930187365,0.014522953109861432,0.006579223869045361,0.00402986041481054,0.02200065099092502,3.419410246638717,-0.9445035448547786,-2.4115939369129316
0.007198629511874528,0.014499000088087717,0.006556055690527478,0.004082360715187934,0.016709089183178868,3.4373318288708545,-0.9038575853120553,-2.4274285596815957
0.0071656207017647845,0.014471188229488273,0.006532584930318206,0.004141426415652374,0.010989126879674292,3.4588275483846576,-0.8589266161572982,-2.4454995132240387
0.007125890592767807,0.014464100861088292,0.006478519673274528,0.004171536691810657,0.003596391807048052,3.4420078532548097,-0.8181257652569479,-2.4422205884118573
0.007001907988882544,0.014367171942586838,0.006371589971379431,0.004375320562110068,-0.019755357371006116,3.492949944923399,-0.6506837361185024,-2.489942478369447
0.007016587372261889,0.014403063408287505,0.006364276925339948,0.004313473542480898,-0.01691205212468334,3.4518060916398468,-0.6856889597691317,-2.4641532622565046
0.0069031106918840054,0.0143141116503275,0.006258177075634023,0.0044943474930416285,-0.03838168977367357,3.485222512936718,-0.5323447622102607,-2.4977162374413666
0.006948313230025306,0.014354852244589511,0.00629752124572233,0.0044146871939617326,-0.02985672605070929,3.4663994960522104,-0.5970969411553864,-2.481516650650137
0.0069687138135682974,0.01437358440942818,0.0063143074637410385,0.004377929912470207,-0.025696457544140544,3.456445519348643,-0.6262990888855374,-2.4731838810520714
0.006914515076112865,0.014353738436164852,0.006245498183764316,0.004428192555682224,-0.03579943851471676,3.439575918830292,-0.5685939230405306,-2.470087350060233
0.006680642216797325,0.01415319313852248,0.0060109660074287525,0.004807977750070248,-0.08370257331956156,3.4853883453230865,-0.2412649041197877,-2.5175951644755568
0.006696793041514197,0.01419380129329652,0.006012316410605334,0.004739595150638837,-0.0787405212408931,3.451158010656457,-0.28636509984249003,-2.4972714014834447
0.006771633633092402,0.014245975596927255,0.006098231668202938,0.004639958273739673,-0.06380279976042713,3.457093504210408,-0.3809175327459987,-2.494742054864328
0.006863432023018662,0.01429930728192139,0.0062064606013561485,0.004530245238482115,-0.04591873621691678,3.470488986048498,-0.4901917258195681,-2.4936252870147477
0.006812911646791005,0.014274992595417218,0.0061438783924109,0.004583268550745054,-0.05592268880089873,3.457387660648713,-0.4333537401880935,-2.4912687342359496
0.0067273265292297785,0.01423465449860744,0.006035221553863058,0.004668188016299919,-0.07211218166867295,3.4295562023129813,-0.34025258918659157,-2.4827917539589595
0.006519725803416584,0.01408273085038373,0.005789618371031924,0.0049420081798064236,-0.1127744827368067,3.399483369432154,-0.0809322717604105,-2.4771655039882394
0.006471659971268414,0.014057582096188438,0.005724477412473244,0.004985577809970443,-0.12145113007115067,3.3753159112620623,-0.032108815942786306,-2.464979628183236
0.006634919527453462,0.014152302436942023,0.005937722764896715,0.004816846186551176,-0.09105629326089591,3.439753895175181,-0.21079590346167462,-2.4947176380753433
0.006580495978166807,0.014120340965108112,0.005867959197618333,0.004875561821755741,-0.10112025218396302,3.421171020806813,-0.14951141916507546,-2.487003466400307
0.00654678089837492,0.014115955571752612,0.005816282167656051,0.004886344149368703,-0.1069952453650587,3.391322982678344,-0.12596571115931088,-2.471704307256539
0.006595420048450819,0.014150381247622046,0.005875597112048763,0.004825635119968911,-0.09751463204597131,3.40203366425335,-0.18458307440374452,-2.4755734076107587
0.006111138349672188,0.013641491768238707,0.00525869937726947,0.0056274172937839095,-0.20373204037925033,3.311100736375764,0.5330565610151833,-2.4117644007903922
0.006071586071147075,0.013631427427443379,0.005195823561484011,0.005634182842088259,-0.2081255812873488,3.2687449244586126,0.5511725926436304,-2.387075977719364
0.00611882932494703,0.013681699457962816,0.0052661998033272555,0.005564067018528022,-0.19845833879766092,3.294045491436122,0.48592721992289833,-2.4058669627847453
-0.005206043841935542,0.012117763685952484,-0.0032087382620977147,0.007284518487165172,-0.31148174767460285,2.1427230371494854,-1.9665814097646748,-1.3998826947902354
-0.005216139946874372,0.012154153544721283,-0.0032557130081920112,0.007251709362828589,-0.31333741727501674,2.175226671826248,-1.9414906669054053,-1.4309302199673735
-0.005234919588465202,0.01218897390654252,-0.0033108981145035933,0.007228091774140145,-0.3159353496797172,2.2132314280477328,-1.9235258034359715,-1.4631562189616294
-0.005247057810646379,0.012219091465202222,-0.003353459459284404,0.00720325063228915,-0.3174100634146758,2.24241555820533,-1.9043881391885074,-1.489427999757092
-0.005243472181982545,0.012250803051875604,-0.003377999681911853,0.007161745487304004,-0.31684757656452517,2.2589895155895863,-1.871991485941532,-1.5111710550415907
-0.005251713856544806,0.012284475429847473,-0.0034179445751257483,0.007128179048913194,-0.3173366428328999,2.2860089786375606,-1.8457587760377872,-1.5378171119171935
-0.005296779683535385,0.012346969865070492,-0.003527700523872121,0.007090421335670811,-0.32149994900452294,2.3611819375186456,-1.8158789324518005,-1.597601628035708
-0.0052816328176224095,0.012324042172963401,-0.0034892111791580147,0.00710582564200751,-0.3204444786962716,2.334874960293022,-1.8281161124028749,-1.576221629466906
-0.005259185502703576,0.01231301028216705,-0.0034519211456664075,0.007099757334498297,-0.31778543400100545,2.3087842384226995,-1.8235247130944032,-1.5601274068881892
-0.005283815726647947,0.012374467292160603,-0.003534326083583319,0.007044592455156247,-0.3191641552234262,2.3641926847862904,-1.779882291689066,-1.610495631153857
-0.005126211103729277,0.011935521963545255,-0.0029332369103784468,0.007409373436423643,-0.2942767776817951,1.951587978480367,-2.058568173555738,-1.2315262288553972
-0.005128200564828334,0.01197154397415922,-0.0029735621198770756,0.007372882256769352,-0.29638540158199844,1.980026710358559,-2.031360532577496,-1.2619213204765172
-0.005131197072211038,0.012008099195553311,-0.003014745311793566,0.00733625120018911,-0.2984324770761153,2.0089213366532497,-2.0038511008878426,-1.2924383507174382
-0.005169246182544688,0.012113037242870928,-0.0031619626163229353,0.00725541948091434,-0.3065679749327953,2.110701982597848,-1.9434384848204278,-1.3853142716749915
-0.005133860821575822,0.012043371971531752,-0.0030534874755331174,0.007300176412211211,-0.3001362287786668,2.0360127619477306,-1.9766606564639553,-1.3212609186360054
-0.005144330020652746,0.012085118515319472,-0.0031065840159196843,0.007263676973022917,-0.3027705798748235,2.0727017601877207,-1.9492314792340903,-1.356668558217309
-0.005084865272483473,0.011912801206197953,-0.002865571671265607,0.0073927006615152535,-0.2873201521112007,1.9060504879602786,-2.044402603951173,-1.2036012530081768
-0.00502580612343127,0.011792898983711601,-0.0026749616592828614,0.007454957802900197,-0.27081558858425975,1.7746992333900413,-2.0874363141136167,-1.0905348092664031
-0.004988536829710034,0.011788454193798158,-0.002634084068985391,0.00742249155426381,-0.26585312658878396,1.7482802078640627,-2.0619120753734066,-1.0803317429628776
-0.004964016766015889,0.011757346226487813,-0.0025762834776311863,0.007427932559387415,-0.26013404895833664,1.7090385151504697,-2.0647167913894795,-1.049744036579883
-0.0050399701124893516,0.01183491694544616,-0.002735482099022694,0.007427728463636043,-0.27622709242964,1.816661776569849,-2.0682152574031942,-1.129030110330852
-0.005058620724484509,0.011871244768547584,-0.002793891219396435,0.007409633030129409,-0.2811526158895385,1.8568163121359127,-2.0557468946335224,-1.163340326951932
-0.005041642775224967,0.011905887785019645,-0.0028137727642114324,0.007357956061515883,-0.28134813142572035,1.871936747208753,-2.0168551466485396,-1.188628970386475
-0.006027137161238389,0.01326828737599133,-0.005114087361918106,0.006219854000202856,-0.25892852281115525,3.392436374715444,-1.0119263280653452,-2.4018853794374473
-0.00599816187173937,0.013266432336758298,-0.005064866458255295,0.006209506602426556,-0.26064301889073166,3.3514712563958846,-1.011075125013204,-2.379489879384653
-0.0059670414150687235,0.01326332996718179,-0.005012387145035618,0.0062001437579965,-0.26236620011545236,3.308793311915775,-1.0113568531321897,-2.355822119964617
-0.006153359939821253,0.01343462515669095,-0.0053420239775634525,0.005986012887723644,-0.22682101217570674,3.4964059992258707,-0.7872490138267255,-2.4878451535031734
-0.006133203766644564,0.013418520335411882,-0.005307274375523133,0.006006647217649854,-0.2307007091225494,3.4764435527777136,-0.8099690754345615,-2.4744927215591876
-0.00610687847570182,0.013367120513722295,-0.005260339806263155,0.006085117231000587,-0.23988598848525008,3.4654243518318206,-0.8804948434262841,-2.459885253868974
-0.0061111677757516355,0.013395491347682002,-0.005268940481546228,0.006038068783233812,-0.23567525402204412,3.4571262315345317,-0.8416871021584883,-2.4602807785263674
-0.00608523564122359,0.013354859425165143,-0.005222467145379377,0.006097510230126888,-0.24309216310032147,3.4399403734612513,-0.8968408121956687,-2.443963426880183
-0.006067793238425638,0.013336981911054265,-0.0051912882033087375,0.0061208712841393405,-0.2468105348428262,3.4230307120397803,-0.9206028029568031,-2.4316077362800375
-0.006038272606738409,0.013292720713460245,-0.005136331314717492,0.006183430883170548,-0.25489132435731476,3.3991614470496727,-0.9793230165018812,-2.410366397147286
-0.006052381313828719,0.01331548679927156,-0.0051629639120758936,0.0061509348408035555,-0.2508849754282741,3.410173127164903,-0.9491677915902234,-2.4206745093420476
-0.006183685017305282,0.013470414736189257,-0.005393579812351493,0.005934237629099225,-0.2192875807763415,3.5186168140935723,-0.7366130504653386,-2.5052972836798406
-0.006199176920718137,0.013498791698479352,-0.005418885955042266,0.005889931976614834,-0.21402556634440398,3.522602034063213,-0.6969721048248078,-2.5114758616004953
-0.006151070261788165,0.013459469998487343,-0.005337732248349107,0.005942491071301071,-0.22355216861036273,3.478524794962052,-0.7540245168215489,-2.481941528422329
-0.006211893541949705,0.013523350144515438,-0.005439024718439889,0.005851194347516713,-0.20951168494028946,3.5242573093262863,-0.6627420052413476,-2.51566935603805
-0.005786399339964562,0.013047930369539225,-0.004662537906181108,0.006453658970813446,-0.2943236671793574,3.105683661830558,-1.255829096088109,-2.1987037038123582
-0.005799094665210038,0.013080911917602522,-0.0046939337342341465,0.006408772517530785,-0.29041263737866346,3.1196054453171467,-1.2168708918491353,-2.2141429624380966
-0.0058195427992133175,0.013104733119221761,-0.0047341192384670995,0.006382460333797646,-0.2868196837597251,3.143857359193512,-1.1915900726248199,-2.232740400289957
-0.005853068721552889,0.013161563234880852,-0.004804113308613695,0.0063096194328879415,-0.2791613101417626,3.1795058942290773,-1.125767028352435,-2.264725441330149
-0.005826715558889221,0.013139385504480664,-0.004755796399598678,0.00633104163798364,-0.28254237994682047,3.148505994712338,-1.1484043445335803,-2.243134689417594
-0.005913519089958415,0.013220844510434994,-0.004916192114619979,0.006244383402996833,-0.26999994792106,3.247615713473236,-1.0598150215053652,-2.3141326655303605
-0.005932741065696462,0.013250836057527702,-0.004953557901252309,0.006204569884221147,-0.2653644897472733,3.2653835535245053,-1.0233668447997977,-2.329817281607628
-0.00588378473231266,0.013216689759515838,-0.0048669103892163175,0.006236384255708825,-0.27122146297814453,3.208662869164351,-1.0601735455650272,-2.2921480534419683
-0.0058628846657284885,0.01319233480653263,-0.00482759601167728,0.0062651676989643945,-0.27501004074589114,3.1864474193563277,-1.0877726490951887,-2.275081533326319
-0.005657080975464277,0.012862256479084918,-0.004382099389291461,0.006658366009074366,-0.3139318760094569,2.934017260374057,-1.4433517050789393,-2.0583662015607413
-0.005668352991023286,0.012893518890826145,-0.004414557459783018,0.00661855840838283,-0.31074415716990006,2.9516988128290755,-1.4091188616511454,-2.0765916818788948
-0.005687716750099936,0.012926248928467636,-0.0044593974950907075,0.006581461101992135,-0.3075435150316637,2.9785957345199567,-1.376118025157462,-2.099778410884376
-0.00569849163793144,0.012961019404696388,-0.004491241306525986,0.006535031011922823,-0.30384700405387305,2.9939030857726725,-1.3366121302295744,-2.1172161860742915
-0.00574710629295042,0.013049303341314461,-0.004601212116041858,0.006428130351569915,-0.2939317448271281,3.054663005916186,-1.2417698151038838,-2.171836982081483
-0.00572687525561228,0.01302014764960828,-0.004558958113694066,0.006461366777100917,-0.29725932430041674,3.030086347086113,-1.2721100695621106,-2.1515835309589773
-0.0057124252044452135,0.012990753797384591,-0.004525062717404187,0.006497979687234939,-0.30055929703310064,3.0120498765855896,-1.3041902941469983,-2.1345835206336807
-0.005364782914458424,0.012447436173265693,-0.003697177656957841,0.007019876974902471,-0.32528981329862544,2.477027763094626,-1.7585649457710602,-1.6911828104190838
-0.005341642438464449,0.012415826796200069,-0.0036418189824462366,0.0070413700095017994,-0.3244551113908713,2.439003910293245,-1.7762690242143506,-1.6611037586315187
-0.005366529440053937,0.012475418309585984,-0.0037212107258967606,0.0069845158728623164,-0.32423639109797303,2.4920080231650776,-1.730255761812274,-1.7091484508492976
-0.005372168655987306,0.012508031449068036,-0.0037533299131087584,0.006946023843527299,-0.32302616589620037,2.512239548095892,-1.6993513557622297,-1.73106372188719
-0.00537927197568676,0.01254523369013557,-0.0037900162408189076,0.006902230054631052,-0.32158875938366277,2.535047541503405,-1.664049219616249,-1.755610194089515
-0.005294806032929516,0.012405236130450246,-0.0035732233891958578,0.007015060884331553,-0.31916335724079353,2.3900309840617164,-1.7564217111476326,-1.6346437325431877
-0.005619759443690433,0.012823403358635807,-0.004305814669495964,0.006690692414707876,-0.3163482316741352,2.8826572828798613,-1.474235131364714,-2.0204013701889365
-0.005588987987421561,0.012809537945181167,-0.0042526729305857125,0.0066894379427276515,-0.31610817603003577,2.843626956833846,-1.476498147488295,-1.9962468694839968
-0.005554316033092164,0.012786072559312392,-0.0041889353814151785,0.006699077143057381,-0.3165269504529373,2.7986008314681756,-1.4878497538252513,-1.9661375442908775
-0.005623475668286155,0.012856277924975033,-0.004328441039639648,0.006644122855808051,-0.31295312213806853,2.892346567926895,-1.435622314638479,-2.0351457459441806
-0.005431135418881686,0.012581353921105293,-0.003885814137850123,0.006894901782857866,-0.32416752219909645,2.602167619294224,-1.6556338952454122,-1.800837684171258
-0.005398705359546774,0.01257296181909166,-0.003835834962207641,0.0068804820949567354,-0.3215597337064999,2.565664436296635,-1.64574395097601,-1.7802316537010863
-0.005439974956299613,0.01261444660450923,-0.003920718717114447,0.006856448009231352,-0.3226752230581229,2.623679853621138,-1.624164017089045,-1.8229364520524383
-0.005493862251159119,0.012672091618074373,-0.004033902520068584,0.006817768071157595,-0.3225931533374066,2.7007938022079085,-1.5894257118199755,-1.880517914561432
-0.005451278251603812,0.012642452781149985,-0.003955041338002295,0.00682651013006016,-0.3214566626052204,2.6452950034851446,-1.5993667129491467,-1.8431171060083762
-0.005475203755320547,0.012650700298399428,-0.003993807288399731,0.006833502476098622,-0.3230454567274191,2.673686352605521,-1.6033917279451342,-1.8599040696111042
-0.005507159207571544,0.012738727344999454,-0.004093786534303185,0.006733102263377673,-0.317673255022563,2.734431928798453,-1.5197270173488946,-1.9189187271701367
-0.005489081270711356,0.012708523197636929,-0.004049937820305876,0.006762637185146336,-0.3190620327520866,2.70651125812525,-1.5450430040866112,-1.8953275417587032
-0.005505977920621572,0.012774416272099768,-0.0041127163584604096,0.006681321180948157,-0.31429541201533334,2.7417205098296926,-1.477908721749117,-1.9335694251729723
-0.006756589858414368,0.014016522965500745,-0.0062207143512664695,0.005024427363276396,-0.07711329417465025,3.7483790578928153,0.16545153059361753,-2.6569920546308103
-0.007016830690769884,0.014130966888916468,-0.006591931806238813,0.004760539743628889,-0.017242778529001704,3.877824481237902,0.4865297908134473,-2.7033399526941815
-0.007026873994749121,0.014145250124750371,-0.006597616930213018,0.004732253153931498,-0.014863924229502614,3.865070617142987,0.5082639560694552,-2.695134887743332
-0.00706033674523732,0.014180198938176895,-0.006625856439613422,0.004659729443121623,-0.007049418049342177,3.842208262958579,0.5689646509584022,-2.6781657122183025
-0.007068334779926135,0.01419488496132673,-0.006626891434239638,0.004631523556487943,-0.005357665973068754,3.825730994032333,0.5884178924271896,-2.6679968364237197
-0.007035945535682993,0.01416306335563617,-0.006598457797574612,0.004698247865306616,-0.012692717248213387,3.845177737212835,0.5318383309002533,-2.683105530454015
-0.0070441772870495955,0.014178952882350439,-0.00659922551789791,0.00466795466249073,-0.010905963821300166,3.82746813240414,0.5526699937781956,-2.672302196946593
-0.007001655629944306,0.014135523092869357,-0.006561879735738113,0.0047577527816418524,-0.020689371790059703,3.853537970892787,0.4766638987710305,-2.692022529136597
-0.006989093149222828,0.014128774805509682,-0.006545517685142293,0.004773586724153797,-0.023688062402576884,3.850672251809583,0.45939341166143327,-2.6919773709026953
-0.006976171494245175,0.014119935471262534,-0.006530092195730583,0.004793049014088575,-0.0267091597287886,3.8505856656264226,0.4399859513802246,-2.6934377312160263
-0.006961818952635956,0.014127216802170474,-0.006499544530621054,0.004784898711671256,-0.02981170173709784,3.822905678028762,0.4338428191325848,-2.6800134228977006
-0.0068728932224926004,0.014052632246689243,-0.006399840200779408,0.004938730583689564,-0.0513068708483776,3.8361580026120197,0.2893683852826921,-2.6959272342583938
-0.006885521082261107,0.014071047707173275,-0.006408932773044413,0.0049035251611737616,-0.04798358038412759,3.823201962628683,0.317431271529975,-2.6878707846325276
-0.006899510555667447,0.014087793288054555,-0.0064212449327615525,0.004870858049691815,-0.04446753135737606,3.8139417124133566,0.34478425669892315,-2.6815859234729085
-0.00694702429272272,0.014122891648370228,-0.006477338557774721,0.004796848198941419,-0.033187041589772065,3.8133164318012116,0.41710461215942024,-2.6764269191990526
-0.006931379664063003,0.014114093912362501,-0.006457005007693503,0.004816611898208462,-0.03683818091982675,3.809604814159156,0.39576369181298005,-2.6760695794104077
-0.006915005726012399,0.014102282165561371,-0.006437501351403849,0.004841616422618773,-0.040711089955097174,3.8094220602510327,0.37114393082669145,-2.6776356251633158
-0.006847212070803196,0.014058116576177815,-0.0063512404258553425,0.004934989737927767,-0.05661635368031737,3.797535627079252,0.2743216473885562,-2.6772566193895453
-0.00680973608176068,0.014040293901841826,-0.006297980246720452,0.0049737619682437935,-0.06509410063895149,3.7789280609002986,0.22803949902675816,-2.67004301778225
-0.00678392909721881,0.014032198315172625,-0.0062583854206097215,0.004992641476960116,-0.0708691832650778,3.759556443106881,0.20085350843674557,-2.6613648808977257
-0.0068209799017998314,0.01406163642955928,-0.006303417748398428,0.004934528134654132,-0.0620734285132059,3.7616610464830615,0.2574291071883643,-2.6599376880675076
-0.007067076332218989,0.014211291245092312,-0.006610556584589663,0.004604121453966673,-0.005628172612119053,3.796846138191067,0.6000593571024353,-2.6523011168667496
-0.007082002084264898,0.01422834663267294,-0.006620875594531985,0.004569349942192595,-0.0025219288207222715,3.783150056488497,0.6274389557097196,-2.642566764945417
-0.007097868463702615,0.014246164498245428,-0.006631752369128317,0.0045328588438926795,0.0010196740021292967,3.7685916721034105,0.6560197412560801,-2.632132564264008
-0.007150123820236201,0.014262628695403751,-0.00670423042885008,0.004482401175197075,0.012824674397123065,3.7898186761652046,0.7192783079357036,-2.6356577853166034
-0.007132551674474584,0.014257976677808346,-0.006679130088829288,0.004498100147674041,0.008636473108287733,3.7814418578022044,0.698481351946798,-2.6338526247249656
-0.007113562722451508,0.014264634486398956,-0.0066413633276366625,0.004495317469606887,0.0043341013882276,3.7523191044242385,0.6845687272125122,-2.620676938339578
-0.006225816666255118,0.01354701750526175,-0.005460817737168799,0.005814160388434557,-0.20505740691990712,3.527507608448054,-0.6295541236407908,-2.5204375344193086
-0.006242167969688312,0.013569397591113516,-0.005486476434322083,0.005779749542194555,-0.2004613416365987,3.5344219266718118,-0.5975909532081286,-2.526890799916916
-0.006258756559283608,0.013593561898116495,-0.005511830475197886,0.005742042750028834,-0.19553794540032296,3.5396228595967045,-0.563064927174744,-2.5324688934204223
-0.006403332833598257,0.01368426960498445,-0.005745596633454552,0.005610926036917443,-0.1663571777725855,3.66658864217939,-0.40717106888901095,-2.609313108785045
-0.006422117103710393,0.013707265148423017,-0.005772393100811123,0.005572899814883457,-0.16106782600291383,3.671086973198339,-0.3713964506635637,-2.613475125263642
-0.006472260341462213,0.013766342285854867,-0.005842120505427325,0.0054739767550150845,-0.14735182217312293,3.6814027005520136,-0.2782969336024889,-2.6226438045419567
-0.006452876593130388,0.013749895101303018,-0.005813538931648537,0.005501241372938948,-0.15199094840263314,3.6715531603549185,-0.30657563367686796,-2.616535631025559
-0.006435613634029081,0.013732784773838519,-0.005788598922155732,0.0055295740207325144,-0.15644333902713803,3.664853667513991,-0.3345066291693611,-2.6119287362326564
-0.006302470011554054,0.013637952094953446,-0.005579915848668072,0.00567471920544326,-0.18505940368159338,3.565421808744101,-0.4963539288496377,-2.551030698639496
-0.00627654895904831,0.01361905840163193,-0.005538518953797498,0.005702051641808446,-0.1905673618557416,3.5446882088880147,-0.5266455648981899,-2.5379205871632817
-0.006323752098018357,0.013664949212337017,-0.005611257066899804,0.005631982071934866,-0.1793056107738221,3.5723056797831467,-0.45649428708460466,-2.557249960075934
-0.006297127804215017,0.013668347670973089,-0.005564739050752061,0.005621410808351335,-0.18201807907692177,3.533130034863956,-0.4597371672717407,-2.5363508523526805
-0.006372707700768629,0.013687257195727423,-0.005691111352126159,0.005601210805655861,-0.1703939431219391,3.6206154985446104,-0.4136730712990278,-2.585077125511925
-0.006340094173714724,0.013690441673169539,-0.005633750981845404,0.005590676528846196,-0.1742500944550631,3.572681802707668,-0.41993118314628447,-2.5596213162942956
-0.0064965343520648365,0.013784980768912032,-0.005878219944382458,0.0054428414265721,-0.14157619015538758,3.6950523288533015,-0.24502493907013806,-2.6307332170045066
-0.006516719938518256,0.013812572657413646,-0.0059033327290162535,0.005395337978943155,-0.13578035737539576,3.6925656563156677,-0.2026992570850876,-2.6305442218206756
-0.006521230468900916,0.01383712851668209,-0.005901561835840587,0.005352568314238075,-0.13277800286855398,3.671475328686553,-0.171753958874716,-2.620303735059124
-0.006594740725412928,0.013854889847168867,-0.006022930317694921,0.0053216967151907746,-0.11853367103274666,3.749238980014139,-0.11292281157759453,-2.6609253082250945
-0.006712365467608532,0.01397166212547389,-0.006170162410643327,0.005108629019091963,-0.08814319705146866,3.7545192029158865,0.08856468198258939,-2.662242403727049
-0.006607824254468694,0.013873033865890446,-0.006037696782098665,0.005289405822111361,-0.11474513692399681,3.7448691794146853,-0.08464132061314478,-2.6588826956628133
-0.006623174311401768,0.01389242857144364,-0.006055509311327852,0.005254726867691169,-0.11044990346708523,3.7414716001060664,-0.0537635720576241,-2.657206445335577
-0.006684840353755138,0.013955188477013337,-0.006131278236341172,0.0051403942765669355,-0.09451495293943962,3.741565241380434,0.053036665381818206,-2.6563360209477334
-0.006645474305565397,0.013911216314552796,-0.0060854047284888985,0.005220537259959369,-0.10484107814865538,3.7472682371058137,-0.019514609117712394,-2.6600683872719446
-0.006663759527205549,0.013936357233962674,-0.0061045155883443164,0.005175188055767677,-0.09982025979331732,3.739011269455958,0.019350332705098287,-2.655517008996092
-0.006726933351566056,0.01401050698608653,-0.006173025918735799,0.005039299922350158,-0.08310466326916997,3.720675032088406,0.13871535074336916,-2.643727302017592
-0.006703798249482079,0.014000335924843944,-0.006139015275791624,0.0050599646964104815,-0.08824977028709757,3.7061256185908324,0.11273049480995727,-2.6370169691169285
-0.006534705148806781,0.01385147878209791,-0.005919175595370813,0.005327817194021468,-0.12935333039841704,3.6732963700296573,-0.14846368078735414,-2.6216155687330276
-0.006570444420454823,0.013860646048342919,-0.00597765132783113,0.005311856277467698,-0.1223844839971008,3.709965617737264,-0.11942812658444835,-2.6408192549026737
-0.006549078178202149,0.013863611969899065,-0.005939088924567372,0.005306778209393039,-0.1257362061581304,3.678419893351586,-0.12728147505396853,-2.6245241335805782
-0.0071595570935368905,0.014283344278172752,-0.006700549726015825,0.004443532861371682,0.01438005338509874,3.76259071958768,0.7430953439067077,-2.6189795355281222
-0.007175445634101068,0.01430410560823617,-0.00670716329902027,0.004401698026506923,0.017495205066433126,3.740902137641385,0.772906479735481,-2.6041984542885417
-0.007196790775384197,0.014318636980515335,-0.006728284719268966,0.0043674050666900124,0.021994910078966708,3.734156133169805,0.8038516140615163,-2.5967405765315843
-0.00727627820586637,0.014329366248872566,-0.006848026686474425,0.0043082866662180995,0.04007958025568859,3.781486804325817,0.8938790884072009,-2.6082789097511365
-0.007256372200827835,0.014331381721440016,-0.0068133186566836845,0.004315781013519967,0.0354036978918189,3.7615540432569587,0.8737581880251949,-2.601062534767689
-0.0072370101218836224,0.014324984362569274,-0.006788007965215225,0.004336525509242329,0.031015770553348466,3.756977236144587,0.8495033614488596,-2.6021580290396464
-0.0072142783566199265,0.014336519284423624,-0.006739418215872331,0.004329385713556385,0.025336617543325373,3.7177028656097058,0.8327959028638693,-2.5844270526125155
-0.008048473423132793,0.014650102033759717,-0.007600011140443932,0.003189475650358467,0.18265296319536503,3.4817516770013275,1.9101122563879513,-2.2191037625362777
-0.008092355243732833,0.014667716423177072,-0.007630691659703829,0.003118527058549576,0.1884847366615184,3.445448513467578,1.9626779363651143,-2.182570274896085
-0.008077698087433872,0.014662076479986325,-0.007620234163498219,0.00314197858902384,0.186513668299657,3.4572958457349414,1.9451770583207895,-2.194673554422437
-0.008062989886371696,0.014656335649357132,-0.007609698695103526,0.0031655410982281006,0.18452753432017543,3.4691226387972507,1.927531324958691,-2.206742304486055
-0.007976058605431479,0.014618566490666599,-0.0075498056437393,0.00330841643047104,0.17281783509743223,3.5423237272329966,1.8215462199032653,-2.2788837677784084
-0.007961671068268285,0.01461238832453376,-0.007539195544017051,0.0033317108882590196,0.17072484969752247,3.5534963366574615,1.8036058772626407,-2.290185037252819
-0.007947100324755771,0.01460618936691565,-0.007528196511351152,0.0033551419549997592,0.1685875828024521,3.564453103271546,1.7853320792367844,-2.3013992148716302
-0.00799032818537732,0.014625110804732727,-0.007559535866582653,0.003284668890450432,0.17476783141330995,3.5301439818888727,1.8391839207250433,-2.267061224463649
-0.008034041259878819,0.014644039809838161,-0.0075900043216850415,0.003213021259864133,0.180720371938583,3.4938095496860266,1.8926490763891752,-2.231095825635385
-0.008019415596947061,0.014638128088317293,-0.007579339216860321,0.003236496710486723,0.17866050636633754,3.505316723819249,1.8748089315586036,-2.2428359856748816
-0.00800474262095227,0.014631806009576814,-0.00756906539552519,0.0032604995199256846,0.17666418040498075,3.517443645363491,1.856865183459168,-2.2548712655433536
-0.007977626675805939,0.014635023001075631,-0.007527285707011858,0.0032842485112184534,0.17025021249180727,3.5082496194886645,1.821853645532464,-2.260402785729759
-0.008135911557442569,0.014686656850686599,-0.007657328227360277,0.0030455977532413974,0.1936628084732327,3.404425122463302,2.013417249499554,-2.1433885430096775
-0.008181196970693133,0.014704004232226398,-0.007687124453352698,0.002972171884852204,0.19920422710228602,3.364605264128088,2.065613871964033,-2.103699623195627
-0.008166067156472834,0.014698630367551443,-0.0076766732255046455,0.0029962447222655233,0.19727932365760248,3.377270055098632,2.048171126053564,-2.1166830421137703
-0.008150884133517602,0.014692853827468417,-0.007666622108974776,0.003020808234854502,0.19542301493024697,3.3905365426623604,2.0306652245625245,-2.1299458199187877
-0.00812254096243503,0.014697840370172433,-0.007622555880422291,0.0030461952229873545,0.18881081726457263,3.382297571724578,1.9937243981478385,-2.137591704673701
-0.00810816556508163,0.014690885603262156,-0.007614998038626047,0.003071027616930686,0.1872547736741296,3.3972161090999724,1.9773980526456592,-2.151203688222937
-0.008094272788454338,0.014684027883227287,-0.007607737315653726,0.003095160272055539,0.18575319709892393,3.4117290542832497,1.9615028988741512,-2.1643776878750898
-0.00818396366721055,0.014721142966131787,-0.007663094164414539,0.002947584070562618,0.19629204638292752,3.329277834947702,2.0637733586076163,-2.0845272967911197
-0.008198800374476472,0.01472586538699472,-0.007673906963823665,0.002924702187443263,0.1982319428733903,3.317752695909839,2.080672673204825,-2.072255316805274
-0.0073868041726394655,0.014368586515035003,-0.006986559301432631,0.004179168403884285,0.06445798799394288,3.794338151017559,1.038063054887167,-2.5921316468762003
-0.007363512114682019,0.014379622604219515,-0.006936708069882162,0.004175771131344197,0.057959322373193005,3.7564102279847815,1.0171645291802773,-2.576309954152146
-0.0072875569170309275,0.014346695580574519,-0.006848584033810396,0.00427367750446713,0.04191057244840667,3.7590702518171395,0.9160778492041256,-2.593596107031899
-0.007301830138795042,0.01436227197838936,-0.006855554950144072,0.004240303751218432,0.044452990741689284,3.7419804693332934,0.9401688325085552,-2.5812197892429407
-0.007318146880908588,0.014375007990597944,-0.0068685190740078806,0.004210317984433348,0.04764880643614059,3.7312660747484965,0.9647113649368865,-2.5719192702623404
-0.007339000961820286,0.014385487914419872,-0.006890902072596357,0.004181159601006221,0.051923285206757805,3.7276245957993734,0.9929005852514241,-2.565560790578362
-0.007402518219537425,0.014388870071665887,-0.006989280347196471,0.004136429194723301,0.06670414590042568,3.7670146962827533,1.0658320094430467,-2.573481346272391
-0.00741728891361495,0.014406782252041846,-0.0069927427731911315,0.004098201643019227,0.0688348668760956,3.7432139014275356,1.09094492524272,-2.5569193499979215
-0.0074319812703356235,0.014415170898443791,-0.007006598583683609,0.004075188121224888,0.07187482188605795,3.737122872793518,1.111478086514291,-2.550123664730822
-0.0075561253166246956,0.014491165390208144,-0.007110340921628787,0.003868925526478994,0.09427775770847378,3.664694535746541,1.2843059657143445,-2.479134310984619
-0.007541408751764716,0.014482571778978612,-0.007098245948881673,0.003893061194184448,0.0916657616457703,3.6735005380477213,1.2642862901707161,-2.4878533173464246
-0.007525915711647842,0.014473867398675405,-0.007084902132569115,0.003917845957231742,0.08889747137908667,3.6818293151284114,1.2432128952630566,-2.4964617156403537
-0.0075086248296197915,0.014464654252093435,-0.007069177897039025,0.003944605802745125,0.0857071105390596,3.689798811890357,1.2197923855202017,-2.5052690204953456
-0.007440190727823359,0.014428272846589913,-0.007004597818042733,0.004048968719069236,0.07270697238177892,3.7175696754702225,1.126522477729661,-2.537350289498907
-0.007489776607436006,0.014454918947471517,-0.0070514122808906865,0.003973132783414463,0.08213931156063335,3.697471572222733,1.194282453956088,-2.5142360030425945
-0.007470645108125807,0.014442687102899993,-0.00703585403689342,0.004005593197943743,0.07869977358465437,3.7093060769320125,1.1674573247365452,-2.5254853671314383
-0.007451046849032278,0.014440340574640064,-0.007007811724421394,0.004022660828448385,0.07436670100080778,3.7016441359675754,1.143908175227198,-2.525936961418908
-0.007747342635485502,0.01454631211864082,-0.007326735513743417,0.0036302184637695477,0.1323403565260758,3.638591424954797,1.5294857704270557,-2.4095466343374348
-0.007762485098173468,0.014550135222001145,-0.007343809455862403,0.003611183788538042,0.13547787572218165,3.635927669685428,1.5489224315435424,-2.4032993608809683
-0.007775561593081801,0.014562528194350827,-0.007345952884836484,0.0035813550740076937,0.13657938271892275,3.6149604649924965,1.5665576385815003,-2.387794061949044
-0.007696099430154634,0.01453747114795352,-0.007262711129207523,0.0036874869213437103,0.12158479797440548,3.6375446449392292,1.464427065083729,-2.424784421103513
-0.007731474587184431,0.014558443992775793,-0.00728702038137903,0.003626235605811674,0.12690254419333855,3.6086779284862622,1.511139265455717,-2.398310834389012
-0.007714465338801146,0.014549548179448488,-0.0072738912895827885,0.0036539785599594833,0.12418696920910054,3.6203806009020467,1.4889161738512213,-2.40989193493421
-0.007655736923609342,0.014545094881379513,-0.007192770601816836,0.0037096426327295107,0.11128741406177256,3.606276706718584,1.4165493432071574,-2.419547692247735
-0.007675038666685425,0.014554708089364552,-0.007208895632510954,0.003679555074665239,0.11452169777089564,3.5952266658668353,1.4415858691495942,-2.4079066120531993
-0.007615371141726205,0.014542221208452564,-0.00713637080202416,0.0037462578268795672,0.10247451941514571,3.594710475166089,1.3676389713692616,-2.4245270636751575
-0.007633578838328427,0.014557444342944738,-0.0071441224968594565,0.003709217996706256,0.10480744963638601,3.5732054173550005,1.392376426491948,-2.4076198862588325
-0.007592941358242022,0.01453446041678349,-0.007112583314645937,0.0037753431097193005,0.09821049788749857,3.599530300203108,1.339344727781394,-2.4332838390636344
-0.007575127713112089,0.014520478079532296,-0.00710314880796959,0.003810015955521166,0.09566907986486674,3.617853693891621,1.314885171408328,-2.448196768474522
-0.007554926949065634,0.014512564964682333,-0.007082320067061298,0.0038372156991985265,0.09179621987916858,3.6230514289264684,1.2889950368265664,-2.4563940054852615
-0.007889527921623047,0.014597346558963713,-0.007460426424389763,0.0034247203083165654,0.15725629301234959,3.5728212406829045,1.7120319945739249,-2.326718087652712
-0.007904501136373957,0.014603711551934706,-0.0074722716116312525,0.0034011124663624894,0.1595651473000135,3.5625375961657846,1.73093869607759,-2.315928617717693
-0.00787495929817193,0.014608372416172884,-0.007424015733394637,0.003423266720399125,0.15213860834571133,3.547449040970521,1.6933233885821275,-2.318299061330063
-0.007859448460436767,0.014618893669957615,-0.007387226310888493,0.0034232863448342104,0.14688284121802841,3.5230715764249267,1.6736650747495758,-2.310607769644801
-0.00778793892554144,0.014579748389207987,-0.0073402075052451604,0.003545221023693934,0.13687500079843842,3.583999140100477,1.583353217356392,-2.367094938430835
-0.00784360375905814,0.014610700508127699,-0.0073765212221349455,0.0034497542467455643,0.14464606154424978,3.536139388162655,1.653891867656865,-2.322980352197041
-0.007825323704043565,0.01460014350327682,-0.007365448363223372,0.0034817663573734193,0.14222978338726697,3.553044981370966,1.63093515028315,-2.3381700157565866
-0.0078039383703013875,0.014592439826701838,-0.007345663074857481,0.003512441309997352,0.13855477425512544,3.56300900941482,1.6040092910489714,-2.350568040810406
-0.007933990501534042,0.014617271826409975,-0.0074935867240048136,0.0033529341834419887,0.16382965857732826,3.539433633167841,1.7678234683389593,-2.29303417866371
-0.007919069705348098,0.014610719319948466,-0.007482437375941775,0.0033769194297783266,0.16160206509842825,3.5505955490226957,1.7492129436043466,-2.3043556777924104
-0.00828413484617207,0.01474291641946758,-0.00774967822483156,0.0028035751060604196,0.2106670280767121,3.2676519852918458,2.1799931676584365,-2.0087983672077168
-0.008314913887345902,0.014752926862777483,-0.0077694599150719855,0.002754503238767254,0.21416094340070865,3.239978899311065,2.2136152168287677,-1.9806847016396747
-0.008299480970377226,0.014748796550334587,-0.007758153466006708,0.0027780968026444764,0.21217395292681543,3.252178889114204,2.196444183053331,-1.9939788887780125
-0.008242582799360623,0.01474157355400506,-0.007701991491088023,0.0028545616474229246,0.20322371445459742,3.2788927566002983,2.129332928563913,-2.033308114155472
-0.00825657630526431,0.014747785937333493,-0.007708708127052433,0.0028305891523047223,0.204515589610779,3.2637139804261257,2.144197917223183,-2.01939942195372
-0.008271082289664815,0.014754079178344764,-0.007715737325308561,0.0028058745871161364,0.20586072259436658,3.2480935488916916,2.1595035912680913,-2.0050094328116104
-0.008213660268976611,0.014731503915782337,-0.007683106770435183,0.0029005884700672693,0.19985512442043982,3.30414007902348,2.097209858276878,-2.0588603413035504
-0.008228310094361722,0.014736282700908189,-0.007693274935686546,0.0028777003111157494,0.2016860433740668,3.292107327847081,2.113638223261067,-2.0463247997458343
-0.008506313328431004,0.014801816543185464,-0.00789958094720329,0.0024572832696939675,0.23621609907080285,3.074730273334232,2.4183707057184454,-1.8045522415859023
-0.008551897981715918,0.01481500326998643,-0.007923939757385064,0.0023830895229016344,0.23997008951124424,3.02763596536079,2.4631141892950654,-1.7579558508072706
-0.008536769144908663,0.014810615798443437,-0.007916049922565055,0.0024077848270376095,0.23885469562141395,3.043487055805653,2.448414594445271,-1.7735664371424813
-0.008521558369329269,0.014806278742524008,-0.00790781183485327,0.0024324772427521085,0.23759360098289337,3.059078006796753,2.4334483449081006,-1.789054111618375
-0.008615539512607023,0.014849828088050842,-0.007925954815979809,0.002262528219447575,0.2401299718917779,2.92831380405072,2.5117089196529787,-1.6772813367518997
-0.008600567879397114,0.0148448003819705,-0.00792018469485088,0.0022877024555789265,0.23925214516729285,2.9459154196886748,2.4984686814362624,-1.693697150836259
-0.008585587315926114,0.014839968612285754,-0.007913881181967704,0.0023126582035161067,0.2382726972672566,2.963003930950474,2.484912148529112,-1.7098572632387492
-0.008570443836914658,0.01483553248984053,-0.007906536368297258,0.0023373925853716368,0.2371144978319468,2.9792526901820193,2.4707440086688304,-1.7256908197263796
-0.008555414311279664,0.014831067365405265,-0.007899182917178197,0.0023619530668402317,0.23595552168042813,2.995316976855195,2.4565687924387993,-1.7413402866674088
-0.008345123809082717,0.014763348744317919,-0.00778717743833681,0.0027053560732750274,0.21726598006500789,3.210775388083501,2.2458341236554946,-1.9519088447107633
-0.00833012805674711,0.014758455146009488,-0.0077780007901084,0.002729461128349335,0.21563678133136757,3.2247993833747306,2.2297959171795623,-1.9659773322667995
-0.008374777508613988,0.014772160772526872,-0.0078062829014856104,0.002658473489622355,0.22053726396973863,3.1841488520691037,2.277620911634735,-1.9244877091623753
-0.008360159247530993,0.014768283495880366,-0.007796157164016583,0.002681088167227107,0.21876915692851795,3.196435859312548,2.261798955549058,-1.93761316149348
-0.008379005542753616,0.01478649398579895,-0.007786809720418873,0.0026369821391356188,0.2179586321167061,3.154457112445264,2.2756523123336785,-1.907951490153692
-0.008494072199741966,0.014814210763095028,-0.007864998095919057,0.0024601815473203077,0.23048421310560263,3.0563672029907565,2.3963307250359205,-1.8027272559921819
-0.00841982038504342,0.014806437263046408,-0.007798346867004914,0.0025636900437692703,0.22023747945876007,3.101369568308087,2.3138439113943545,-1.8621000934488408
-0.008405081279709034,0.014800269096370852,-0.0077925937412561055,0.0025890206042259362,0.21919158580351403,3.11866645814476,2.299694961296753,-1.8777686127538267
-0.00839172013332437,0.014793856638708218,-0.007788612525584466,0.002612874070961998,0.21839405718518065,3.1358045648416097,2.287133697783482,-1.8926577034197418
-0.008481355760770347,0.014827245627556067,-0.007828945145496357,0.00246285711706515,0.22539401277651402,3.036848533032192,2.3739454545974485,-1.8000500701533293
-0.008465856641416903,0.014822404578969365,-0.007820826609957482,0.0024879081822287807,0.22405775668343056,3.0526198269915343,2.358814488494797,-1.8155061401074313
-0.008450418441454622,0.014817378482916503,-0.007812909201450722,0.0025130195431729116,0.2227389714379501,3.068526068494069,2.343708712992744,-1.8309560411032948
-0.008435038158392645,0.01481210121963158,-0.007805301452713785,0.00253827214323283,0.22144892341092026,3.0846993646495613,2.3286560605789774,-1.8464666874773241
-0.009890060497518439,0.01499879118445591,-0.008331175185546554,1.8323039824603166E-4,0.28284718887278065,1.3946079244398943,3.315551156630941,-0.1438517893234537
-0.009874358919918412,0.014998421182633167,-0.008330558029244282,2.094179349776524E-4,0.2820477103608838,1.4159462483078844,3.311250040272712,-0.1646554062076119
-0.009881919072144207,0.01501258383498339,-0.008302265672103038,1.956087658652953E-4,0.2746267892239474,1.395988317188584,3.294408623252043,-0.1588412607975949
-0.009905763358590825,0.014999111866663509,-0.00833170982463018,1.5705860558418413E-4,0.2827994080165748,1.3732865925782762,3.3197305566904967,-0.1230616819062637
-0.009897651448238285,0.015012923374726816,-0.008302858292561098,1.695514449009401E-4,0.27418757790483544,1.3747414382414382,3.298615319374847,-0.13807127307622477
-0.009921467368795327,0.01499938322454241,-0.008332161647607172,1.3091756430052746E-4,0.2809241055995557,1.3519362419206213,3.3237534092560552,-0.10234746450907024
-0.009929084457441034,0.015013488367313971,-0.008303730123316366,1.1748024420425855E-4,0.2742931830679607,1.3322535213215632,3.3066317197826893,-0.09652445086993854
-0.009937172394430335,0.014999605253615366,-0.008332531295066966,1.0477162985473687E-4,0.27911818278031486,1.3304932794071442,3.327613032983335,-0.08161148334274573
-0.009913370126735915,0.015013208180854049,-0.008303378625417664,1.43513617546808E-4,0.2741408895212017,1.3535034078274981,3.3027111422520647,-0.11728142707054563
-0.009708776632248022,0.015005470968129144,-0.008290542064986984,4.823812734754684E-4,0.27690833895628103,1.6284497584368764,3.2397727394682323,-0.38551982261602985
-0.009717443732062379,0.014992009811233263,-0.008319871974027438,4.709397508408833E-4,0.28438380791371953,1.6283743629011713,3.26152034551338,-0.3716702556633101
-0.009724516910035078,0.01500638148674468,-0.008291989002452383,4.563090776808704E-4,0.2766873462033958,1.607436233320655,3.245346994858964,-0.3650576762246929
-0.009733124950832917,0.01499287269095979,-0.00832131032301817,4.4480242097227316E-4,0.2844261929651899,1.6071993754803386,3.267070924650642,-0.35111282947880856
-0.009764495229330011,0.014994450670793703,-0.008323939954169579,3.9252691128391164E-4,0.283434722151863,1.564746424026269,3.2777429182223727,-0.3099017789150351
-0.009748808830033834,0.014993686313349191,-0.008322666105037953,4.186690744739895E-4,0.28387340677148865,1.5859944857434296,3.2724773735986576,-0.3305343734624142
-0.00975601867255764,0.015008055881073094,-0.008294633715429761,4.041294371814591E-4,0.27645233869043734,1.5653141941694484,3.2561337882517516,-0.32403789946853273
-0.009740268731939793,0.015007238259610313,-0.008293363284354696,4.3021852707570313E-4,0.27654636381751757,1.5863877932132662,3.2508086005423675,-0.34455274606685204
-0.009944815691027164,0.015013759629693015,-0.00830392155325435,9.142185227013515E-5,0.274132978503885,1.3109747820330098,3.310379469639679,-0.075804389015648
-0.009952878302440087,0.014999777949631272,-0.00833281914355622,7.859009538322823E-5,0.2788665288463182,1.3089546280769662,3.3313253443813675,-0.06071039739248777
-0.009960574054890111,0.01501397515879499,-0.008304042907303343,6.532460982196717E-5,0.2735538987217611,1.289665676841752,3.3140159080450116,-0.05507868263073654
-0.009968584960421897,0.01499990130855483,-0.008333025013135271,5.237555317533718E-5,0.27991819303742715,1.287372978010436,3.334909756430674,-0.03959248460643031
-0.010015707763366568,0.014999975326556125,-0.008333148729644605,-2.624916503791394E-5,0.28328595420444713,1.2229350836085957,3.345069493702924,0.024248408149671438
-0.01,0.015,-0.008333189854090092,-7.355438655797985E-8,0.2834678458085693,1.24434131208093,3.3417827248633944,0.003028703961223971
-0.01000790685961787,0.015014001411478925,-0.008304538281860752,-1.3055561482026893E-5,0.2712408792254349,1.2256202713454412,3.324586544250535,0.007509653267168873
-0.009984292236633436,0.014999975326556125,-0.008333148635625886,2.6144774704550824E-5,0.2817839890710418,1.2658180004209116,3.3383909645388035,-0.01830406518901753
-0.009992138725447096,0.015014099086022942,-0.008304344882161268,1.3059373476992967E-5,0.27181582373097574,1.246971807803389,3.3211193408708293,-0.013436365902003014
-0.009976354460095968,0.015014095160988325,-0.008304170674392222,3.919529472289041E-5,0.27271379744541885,1.2683267578461574,3.3175895699624802,-0.03429955550205121
-0.009338883799208737,0.014984837997651601,-0.008203182859374873,0.0010879414042591952,0.274186486894256,2.091484032559475,3.0547740119033002,-0.8496255262696794
-0.009323219794869312,0.01498276182035667,-0.008199648134843309,0.001113701865168219,0.2739448533398981,2.111405811183774,3.046132611691501,-0.8689988909442005
-0.009307571890300402,0.014980618851683647,-0.008196071879066682,0.0011394447352665001,0.2737047845661133,2.1312973216077196,3.037393233381728,-0.8883237438628839
-0.009291938999806935,0.014978433007751783,-0.008192406603955047,0.0011651603512979139,0.27347631260342226,2.151122927325624,3.0285302281258857,-0.9075875979472262
-0.009276301411818308,0.014976238797799338,-0.008188575024415985,0.0011908614647658455,0.2732451789872194,2.1708501135962504,3.0194905431473966,-0.926794553052169
-0.009260618589312706,0.014974043165623929,-0.008184541420612588,0.001216605796512781,0.2729590320497772,2.190503481320268,3.0102381544873125,-0.9459812706560946
-0.008894007537775724,0.014876144037403229,-0.008126765874049969,0.0018432934559669413,0.27168530140794034,2.6884030619327866,2.7879847223809073,-1.4000535683736128
-0.008898618392393445,0.014891444397274812,-0.008101192574354531,0.0018241325229390746,0.26368237838023895,2.661889423626963,2.7765442456269542,-1.388697230886849
-0.008878691396530594,0.014872644766016243,-0.008120939418122346,0.0018687956810454806,0.2721365684351318,2.706744257686386,2.775761124069675,-1.41779788681537
-0.008883296262981361,0.014887965114102933,-0.008095428995319101,0.0018495129801289554,0.2626537328931334,2.680151272750154,2.7644255908365607,-1.4064123777760795
-0.008863386307324788,0.014869097381817622,-0.008115028660850523,0.0018942972854249101,0.2715884809832678,2.7249863768267963,2.763389586449074,-1.435544347997509
-0.00886797066144319,0.014884469605347,-0.008089516984338031,0.0018748713553886163,0.26167356108862144,2.698323281473081,2.752135991541099,-1.4240764236316517
-0.008848092431344247,0.014865501922029584,-0.008109032233837287,0.0019198038440243995,0.26990305413927734,2.7431880840261544,2.7508757840601703,-1.4532936671226568
-0.008852627355598039,0.014880928235348248,-0.008083499327924988,0.0019002479872434269,0.26097604406097125,2.716443912867564,2.739706765808848,-1.441683503784918
-0.008837274829236045,0.01487730878637201,-0.008077440374195251,0.0019256562542135168,0.2604588130289907,2.7345307210410943,2.72718294963877,-1.4592175258533528
-0.008903144865387987,0.014907112650909464,-0.008075590285385325,0.0018050664538087839,0.2616210227060692,2.6295354662686843,2.767598156467926,-1.3713909445515464
-0.00891850070440231,0.014910613312707481,-0.008081048832279074,0.00177972920212747,0.2623333538010422,2.611155726332472,2.7793429830824787,-1.3536510964052502
-0.008933939986363602,0.014913993096279868,-0.008086620783186177,0.00175432468002547,0.2630822632614571,2.5927748586894173,2.791102877152181,-1.3358268280810037
-0.008949415316016325,0.014917240213864551,-0.008092290677129464,0.001728927596005441,0.26377443876483203,2.5744426010123114,2.8028466001472414,-1.3179648657431144
-0.008980347416733162,0.014923738376522904,-0.008103068764348298,0.0016780397043084253,0.26487700871715986,2.5373264660160006,2.8258083201879702,-1.281953475154217
-0.008964882109295804,0.014920449546149838,-0.008097845481028182,0.0017035306928567986,0.26435505022646005,2.5560267317127017,2.814449870357954,-1.3000353538397222
-0.009244870493269766,0.014971773404727691,-0.008180435304111408,0.0012424615330120217,0.2725966757871072,2.210211919919549,3.000834851473957,-0.9652070715423527
-0.00922910690857892,0.014969350671105225,-0.008176435195817811,0.0012683946613485269,0.2722062768500142,2.2300462494908415,2.991399842508653,-0.9844583975976171
-0.009213393617996038,0.014966797210413468,-0.00817253385342256,0.001294294333224764,0.2718397592116211,2.2499099292227203,2.9819560104323624,-1.0036524065843102
-0.00908895133577718,0.01494503968936231,-0.008138113284702807,0.001499308580516148,0.26867606960038604,2.4051301046315747,2.902310364248731,-1.1537869773582303
-0.009197747746779008,0.014964166479827604,-0.008168638047901668,0.0013201068315133065,0.2714918675209091,2.2697054854816177,2.9724619095670133,-1.0227411475966326
-0.009182162625324205,0.014961467557524635,-0.008164727854177782,0.001345838891019289,0.2711409874694047,2.2894262632620905,2.9629060366523485,-1.041726264806342
-0.009166636499635636,0.01495870884468091,-0.008160787719281254,0.0013714896061351623,0.2708129274933259,2.309062743477606,2.95327974800044,-1.0606066526080016
-0.009151151156445601,0.014955971707071298,-0.008156651007592067,0.0013970383298574378,0.270535958075961,2.328503066630305,2.943484837503412,-1.0793557259871525
-0.009104484231917212,0.01494800633243779,-0.00814255722195619,0.001473667957605892,0.2692079993027961,2.385812407046302,2.9126211364922594,-1.1351757912429645
-0.009135649737068464,0.014953356922710714,-0.008152089307018157,0.0014225075969814113,0.2702243081686235,2.347630807696698,2.9333750232733817,-1.0979678700687157
-0.009120082160835761,0.014950771560962894,-0.00814725007755702,0.0014480255936217404,0.26977066574516545,2.366632287603163,2.923007523817688,-1.1165441192355336
-0.009011475889492896,0.01493031162978265,-0.008113124825500119,0.0016266631550429184,0.26616845200640377,2.499353706738471,2.8481698896500487,-1.2453383238241738
-0.008995870680570887,0.014927083334949192,-0.008108047384802102,0.0016523876818183483,0.2654695373574929,2.5183428272735076,2.8369888754431565,-1.2636873604534664
-0.009073515303992122,0.01494202107916294,-0.0081336536818675,0.0015248068356944324,0.2682464641316566,2.424319989853164,2.891952869215505,-1.1722560203149575
-0.00905811147081215,0.014939081869543206,-0.008128885595533488,0.0015501734305019084,0.26785995998755996,2.443220056674383,2.8813689005850986,-1.1905614106369355
-0.009042653966575236,0.014936217895452282,-0.008123759432262049,0.0015755357845676965,0.26742154942048707,2.4619038489927827,2.870493844428682,-1.208785411099078
-0.00902709910308843,0.014933331292674311,-0.008118429755655939,0.001601021687458586,0.2668570686572773,2.4805613474667996,2.859385788986621,-1.2270283125261248
-0.009078568747360615,0.014957845822886222,-0.008106707002306644,0.00150660381751552,0.2638606865116259,2.394626560364203,2.8802725911268703,-1.1580983114233352
-0.008703654063598134,0.014858510380192513,-0.0079942554937609,0.0021330060862350063,0.2506041919253004,2.8596413395688707,2.6024213016929303,-1.595026576503022
-0.008764961727301653,0.014874004541590437,-0.008021432651049711,0.00203255636838969,0.25456367067399815,2.7908597987994104,2.6556947440580854,-1.5277900182662352
-0.008718958582798095,0.014862624876224162,-0.008000856876150693,0.0021077813380323968,0.2516903408943454,2.8422695238997684,2.615776889430073,-1.5782016376820407
-0.008749661228583805,0.014870220763578024,-0.008014764621558257,0.0020576257087314164,0.2537500500465039,2.8081355493403897,2.6425746103576917,-1.5446753486782805
-0.008734314051404062,0.014866507805755819,-0.00800774830430463,0.002082647374112399,0.2527734000349133,2.8251309043136774,2.6291945389140188,-1.561422088719812
-0.008692140626732204,0.014870769412273185,-0.00796133740115393,0.002137652942367132,0.24541941263361813,2.8445927426431523,2.5804520011979224,-1.5955799547745697
-0.008677030151850519,0.014866237680980915,-0.007955435445672695,0.002162761164956815,0.24456409216250627,2.8621934111042844,2.5675076804294474,-1.6122510560699859
-0.008661909274063094,0.01486199643587733,-0.007948822976656169,0.002187570415184042,0.24357650863940958,2.879104849529068,2.554165679697778,-1.6285921693775014
-0.008646515464218397,0.014858270400480262,-0.007940847488491736,0.0022122129260486755,0.24236272211271484,2.8950448531708166,2.539991815576552,-1.6446223419132362
-0.008630929371846879,0.014854394822091173,-0.007932777902191815,0.0022371978885641942,0.24115020949635754,2.9111821337151884,2.5255719529561915,-1.6608060187181743
-0.008780236197416186,0.01487790466714394,-0.00802768682758172,0.002007375940645515,0.25533449587694096,2.7732195465926317,2.668535302860502,-1.5107198639934303
-0.008795544320301366,0.014881794421442177,-0.008033810691250408,0.001982114901664948,0.25615216540497504,2.7554153004681132,2.681253164237074,-1.4935214918802846
-0.008826338508116769,0.014889459111434133,-0.00804588383819922,0.0019313119364672158,0.25785532678901074,2.719422348493279,2.706456850774266,-1.458748023792262
-0.00881091399909213,0.014885649023562215,-0.008039872894893538,0.0019567546554105646,0.25699723378580536,2.7374756310504504,2.693894476429795,-1.4761925514837901
-0.008769115695359228,0.01488993772003099,-0.007995833596108325,0.002012635400542876,0.2503294162876908,2.759589109369797,2.6469537796599307,-1.5121331745158046
-0.009370207668754271,0.014988757101606902,-0.008210166542366991,0.0010364617670721667,0.2746122186050475,2.051645914991275,3.0717691251877337,-0.8108040985682291
-0.009354548756740588,0.014986835704301068,-0.008206691305213966,0.0010621916358561356,0.27441486387141895,2.071562748827312,3.06332193525464,-0.8302249023676539
-0.009432778718764643,0.014996093721312465,-0.008222923367084868,9.335622115790914E-4,0.2749931239833838,1.9714140885736826,3.104092666414028,-0.7327040738357993
-0.00941715819599032,0.014994229309653953,-0.008220073497577135,9.592970051415514E-4,0.2749628584350256,1.9916553284017906,3.0963329676781917,-0.7523102546727665
-0.00940152919586224,0.014992425581121823,-0.00821692063116114,9.84999673056267E-4,0.27489483131654185,2.0117140615738536,3.0883172227690916,-0.7718403516686476
-0.009385871213805378,0.014990615668558105,-0.008213586995118016,0.0010107279040651132,0.2747711676799334,2.0316991289174164,3.0801090549119206,-0.7913406190537796
-0.009464225824392906,0.014999789237531758,-0.00822823072671814,8.81724971626665E-4,0.2752457156950836,1.9304539404994097,3.1192185040640825,-0.6931071636182756
-0.009448457646307326,0.014997997069437607,-0.008225540171751608,9.077012782280149E-4,0.27507479262637474,1.9509549026635666,3.111658322018591,-0.7129604302067624
-0.009439096017705399,0.015011602881224046,-0.008194880959561439,9.171375528793376E-4,0.27046790547947946,1.9438026219735314,3.089732671901192,-0.7203525301980748
-0.009637502343614624,0.015015275395992273,-0.008254130375710671,5.965946387374403E-4,0.27537118835926616,1.7042442142704266,3.1949561780198157,-0.472963788812452
-0.009684368799566686,0.015018177970140309,-0.008259924479652016,5.195206634511489E-4,0.274975704328114,1.6427654549158144,3.213109528556543,-0.41283349205609227
-0.009668781838690847,0.015017184656731374,-0.008258230922202852,5.451745786179519E-4,0.27515747882472597,1.6633364547598377,3.2072888356823657,-0.43288367901566677
-0.00965317684979619,0.015016244084664725,-0.00825625065222862,5.708323817759896E-4,0.2752889191387969,1.6837772137007463,3.2012126319457415,-0.45290013457847617
-0.009700017034918632,0.015019232523392675,-0.008261332152152093,4.937436911429904E-4,0.27480392360537365,1.6219628827485162,3.2186965608392115,-0.3926539895735169
-0.009691209196461327,0.015033154551225779,-0.008231580391887238,5.049836232517802E-4,0.27046064088890504,1.6173747979394957,3.1972626586220745,-0.40225745572149146
-0.009526982349560613,0.015005819133581367,-0.008239314541336347,7.785515911011331E-4,0.27537060476058023,1.8493210306918455,3.1487515348111885,-0.6139520581039454
-0.009511401528177277,0.015004297853919565,-0.008236880271399481,8.042058003660032E-4,0.27548326126296524,1.8696582677027946,3.141720922689855,-0.6337048577521117
-0.009495760065840438,0.015002854239186951,-0.008234091744819797,8.299116298469258E-4,0.2755140384312634,1.8898571336299417,3.1343829202681763,-0.6534438218485391
-0.009480022630050988,0.01500138521773809,-0.008231137761866627,8.557582676457905E-4,0.27542865106417463,1.910089476238028,3.126837004358354,-0.6732448037697507
-0.00953341952307914,0.015021099135439432,-0.008211183930717488,7.629755099977177E-4,0.27088332407717686,1.8226734432635794,3.133799875970569,-0.6023527120556723
-0.00954897784307595,0.015023097851253685,-0.008212390607464938,7.373472171247737E-4,0.27072626624277546,1.8018220993656862,3.139899904261553,-0.5826194834961651
-0.00956482139104701,0.015025017673238389,-0.008213666856806906,7.112842482527719E-4,0.27056859542998174,1.7806574356174962,3.14605724048413,-0.5625233885629589
-0.00958092918265898,0.015026654121453355,-0.008215403185593493,6.848794295137776E-4,0.2704685775333541,1.7594473032323166,3.152504795838645,-0.5421305128567906
-0.009597105462794275,0.015027774211653702,-0.008217996670608525,6.585049061007542E-4,0.2704928958831702,1.7386935463060966,3.1594269831221795,-0.5217219940223631
-0.009613162506195745,0.01502865501065652,-0.008220842706380668,6.323688816720053E-4,0.270573206175877,1.7182696371676107,3.166395746477366,-0.5014575684360695
-0.009629066218658645,0.015029612932704545,-0.008223307384682353,6.064362887106032E-4,0.2705831849238412,1.6978398218286912,3.1730051491453555,-0.48131928024925535
-0.010657733236025016,0.014956549907973094,-0.008260778210017467,-0.001096173338621883,0.2604728232195955,0.3409626431769566,3.3705436391625803,0.8911474941018036
-0.010642159322614203,0.014958591675504214,-0.008264182442935593,-0.0010702067465163394,0.26062606676052696,0.36237406004444317,3.372452900300329,0.8700300354844038
-0.010651772255052894,0.014971484881804732,-0.008234151138690951,-0.0010794815406392417,0.2544469293791361,0.34797106086400037,3.353078094260072,0.871013586335759
-0.010626579228399676,0.0149605844888015,-0.008267503110617429,-0.0010442452908091316,0.26134478218768514,0.3837766877189122,3.374208766213455,0.8489927323700278
-0.010636146875022687,0.014973461620703591,-0.008237590229169327,-0.001053623928309053,0.2550142003256097,0.3692140296411472,3.3549236647205363,0.8500441745822993
-0.01037657978297736,0.014985798598725458,-0.00830952032762273,-6.276372491620465E-4,0.2717464027039946,0.7273372569269031,3.3853081951068185,0.5102937121965907
-0.01036091750474209,0.014986956843082835,-0.0083114497180017,-6.015465617095714E-4,0.27259017788614165,0.7488545141588491,3.3849281107824534,0.48905820636926944
-0.010369811578159893,0.015000286052216765,-0.008282144347970831,-6.124935202243669E-4,0.2625049707475984,0.7326040697504177,3.3665411180406957,0.491401059381511
-0.010345251712533227,0.014988065883184869,-0.008313299041084406,-5.754230110289123E-4,0.27210773985457004,0.7704098523834003,3.384432932245026,0.4677338521559728
-0.010354093633812811,0.015001465243510329,-0.00828394721820498,-5.86448639280369E-4,0.26303634572085205,0.7540643117052567,3.3660507234501904,0.4702400160674101
0.014920062725815756,-0.009109504197630083,-0.0014841433810209744,0.008199961735584987,0.2968817029722052,1.2139632371944393,-3.3476790454187753,0.023925666790884512
0.014932466640826666,-0.009099110151424806,-0.001491934967928569,0.008168789334139023,0.28923788987238847,1.2142954990942438,-3.3277138384893212,0.010384509062261365
0.014922836286880736,-0.009124966919156603,-0.0014583686262239198,0.008204585052125322,0.29672985010193753,1.1926277261560438,-3.350744682428156,0.044822614787479266
0.014935282370363056,-0.009114605822909334,-0.0014662679965604909,0.00817342794025819,0.28932127911842404,1.1931507735189424,-3.330780644762189,0.031182070200331393
0.014925561228420125,-0.00914043814353798,-0.0014325841605316312,0.00820912650694308,0.2968329914529535,1.1712983573445601,-3.3536849192317804,0.06573724603034363
0.01493804501615349,-0.009130111452956731,-0.0014405871346181258,0.00817799499156273,0.28935467458989256,1.1719935717586194,-3.3337281782185393,0.05199824934831188
0.014928237524093783,-0.00915591771365941,-0.0014067828308111454,0.008213587347331184,0.29681930409024093,1.149951068944152,-3.3565014652822374,0.08667560300539971
0.014940762686778969,-0.009145632559454461,-0.0014148795482409606,0.008182478540196056,0.28938255633026894,1.150809314304894,-3.3365513856216578,0.0728407032495329
0.014930865148160086,-0.00917140547270682,-0.0013809581035429356,0.008217968666118607,0.29633321494657255,1.1285763749555082,-3.3592002334022717,0.10765570457109135
0.014943433781960022,-0.009161180047099095,-0.0013891304157879914,0.008186887859138863,0.2895170028808349,1.129596579679365,-3.339256589161735,0.09371810302981022
0.01493344407547077,-0.009186901264173679,-0.001355114801551134,0.008222269610309045,0.2956844619541084,1.1072027459542269,-3.3617824957669256,0.1286861464725879
0.01494604434884232,-0.009176756056982429,-0.0013633446412891312,0.008191249604659707,0.2897734083402513,1.1083751343231025,-3.3418592133871017,0.11462608330438395
0.014935974281465732,-0.009202404931867789,-0.00132926133163864,0.008226488782817974,0.2952957856394386,1.08586783865108,-3.364238658013683,0.14975412327358736
0.014948585211862049,-0.009192346917604182,-0.001337547182907852,0.008195572329304089,0.2900388821244133,1.0871647879467445,-3.3443628247412405,0.1355449751783624
0.014938455742167742,-0.009217916319918088,-0.0013034006103616047,0.008230625762048732,0.2951303552348641,1.0645918689586988,-3.366554760932994,0.17083780202267282
0.014951058745791323,-0.009207936513436795,-0.0013117599304083658,0.008199842194667989,0.2902590124286499,1.0659696646413177,-3.3467616883107456,0.15645825567441138
0.01494088843417703,-0.009233435272781454,-0.0012775386610853348,0.00823467967417975,0.2954258073949038,1.0433852272600495,-3.368722179115182,0.19191370045117254
0.014953469353078801,-0.0092235170643926,-0.001285991250488779,0.008204046914470855,0.2904113398794231,1.0447836122588166,-3.3490534999302226,0.17736496584988184
0.014950131067195255,-0.00929558363336138,-0.0011740046679793604,0.00825007665983851,0.2980184455031575,0.9584643345281579,-3.3760088054226123,0.2760466042307861
0.01496497647814262,-0.009301405261931987,-0.0011570329995306747,0.008223431514984938,0.2904977256139762,0.9384697015207691,-3.358476063342285,0.2821003069560825
0.014947893672597863,-0.00928003596988042,-0.0011999219384768803,0.008246347082423972,0.29816866712534457,0.9797889341041337,-3.374367696834969,0.25500027477052745
0.014962754964311641,-0.009285802328931895,-0.001182873687099866,0.00821974502350342,0.2902524148035053,0.9597596490659074,-3.356855113350853,0.2611105232528679
0.014943272334665861,-0.009248961635249483,-0.0012516800098275945,0.008238649892585364,0.2964797797949091,1.0222260172542663,-3.3707402092963217,0.2129613472011241
0.014955830181343102,-0.009239086971290696,-0.0012602353219672187,0.008208161726397394,0.29039660131871736,1.0235844263616214,-3.351224001807323,0.19827385846320766
0.014945607421372954,-0.009264495252455318,-0.001225813081975009,0.008242538236864229,0.2976555279351327,1.0010455188072536,-3.3726163556823345,0.23398125759803481
0.014960477522944248,-0.009270218206979253,-0.0012086894970834564,0.008215996155462202,0.29014451319340356,0.9810594597896517,-3.3551184819229465,0.24014015920433027
0.014958163904513851,-0.00925465036826685,-0.001234474110946756,0.00821214694439338,0.29023657666051994,1.002343593642079,-3.3532475594181856,0.21919561673049978
0.01496442318144846,-0.009404598895283897,-9.923187976285898E-4,0.008273896148046512,0.2993737236368899,0.808903514204767,-3.3842263551658527,0.42378477512974516
0.014977273291912145,-0.009395119326480475,-0.0010018212861953868,0.008243825975535966,0.29162386350462793,0.8108419283872097,-3.3655191155722295,0.40812304295719654
0.014966269026450155,-0.009420196622188312,-9.663413782686768E-4,0.008276970315275542,0.30061290940500485,0.7875692948308682,-3.3849015923376644,0.44487834262563664
0.014979148189063337,-0.009410730578140082,-9.759610803516471E-4,0.00824693248339345,0.29157001461053733,0.7895913259342319,-3.3662502401508214,0.42912260336030056
0.014968065848509118,-0.009435799924780781,-9.403291520252264E-4,0.00827996573360609,0.30040718895148777,0.7661599757268872,-3.3854485775303096,0.46598142305976226
0.014981002761074063,-0.009426348593447606,-9.500785645118913E-4,0.008249903700011505,0.29168506684557555,0.7683057541379359,-3.366827966891289,0.45013493528366455
0.014969813631697157,-0.009451408652823316,-9.142922743612419E-4,0.008282881215210825,0.29944585743066954,0.7447387570112661,-3.3858826953203978,0.4871229744230982
0.014982799047713201,-0.009441987069175211,-9.241704863374929E-4,0.008252817324219161,0.2921587988086923,0.7470336992931448,-3.3673029308392484,0.4711685687478271
0.014980109091654049,-0.009307239522996865,-0.001140212305533084,0.008196954276133312,0.2900570018685215,0.9257152758230803,-3.338997486051714,0.2817787303835966
0.014982214197059663,-0.00932292035963222,-0.0011144315609163816,0.008200625284258788,0.2902341004595715,0.9045451482776806,-3.3405287804188846,0.3027295840442625
0.014990469263121172,-0.009385571725464519,-0.001011257484552017,0.008213788654974035,0.29090921535338804,0.81987967641271,-3.3449299676627846,0.38625339505704076
0.014988571418921666,-0.009369917106183538,-0.0010369950572420383,0.008210447134183863,0.2907512945324888,0.8409918877841528,-3.3438918780561653,0.36533643181684633
0.01498435392446514,-0.009338587665058823,-0.0010886294817933973,0.00820404095973659,0.2904520673708697,0.8833599649996949,-3.341815075980078,0.3236206954622371
0.014986516627006957,-0.009354249406789113,-0.001062802332719405,0.008207227546978703,0.29063001851051085,0.8621634498721077,-3.3428750050394,0.34446146150759843
0.013980876523979833,0.014643524810486972,0.004851602657950326,-0.004153193974052137,0.11298060328158029,-1.9096289028059934,-0.6040381027130635,2.474219423746056
0.014108353705464809,0.014369959273206199,0.004780659084829795,-0.00449238616370256,0.12920352461742649,-2.021136335155568,-0.4357412998474252,2.632166804026667
0.014062203411986324,0.014523187576043546,0.004792968181865192,-0.0043003415225547,0.11890040233005954,-1.954914492401002,-0.5158065001745699,2.5334925172505467
0.014252236595072002,0.014344456517906876,0.004602308502555184,-0.004503557643822024,0.1245822903618385,-1.9907110168285065,-0.3279812560171488,2.571121447218166
0.014329034021228275,0.014240383860422695,0.0045254063784005,-0.0046209082463963885,0.12949358201715977,-2.013422212361068,-0.2383916406606937,2.60079731364803
0.014401475816328927,0.014121928225694575,0.004449827129793089,-0.004754281512027688,0.13591918003053985,-2.0390293846113603,-0.14134435082016458,2.637856919508751
0.014416889444878392,0.014012389576631085,0.004440994787899295,-0.004891840495346368,0.1430338008287147,-2.0790577368588847,-0.08038801791172592,2.704603305368277
0.014518764147319653,0.013783586139135426,0.004312224140259031,-0.005156057692035718,0.15665549104492552,-2.1238880860951177,0.10162203950917445,2.780835118979682
0.014460785494247766,0.013913835576239209,0.004388843584728741,-0.00500643505504604,0.148682316035834,-2.100590462213417,-0.004051251561039357,2.7398197065192993
0.014665641619542735,0.013761334432965048,0.004119697572972306,-0.005118550779694134,0.14966968551965018,-2.0568202594664395,0.1936333431496147,2.671225151916492
0.014711503446190523,0.013536216499678956,0.004034579303362837,-0.005384733286676186,0.16419332842481202,-2.1002846641838135,0.35469960430744857,2.7580897061189926
0.014706647784396157,0.01364312639068038,0.00405614226400056,-0.0052494149444826865,0.15577902711597277,-2.07245250257295,0.28407129062199926,2.7037524584759205
0.014788813224348888,0.013378533413909773,0.0039021123730322124,-0.00554187300066341,0.17189701158226234,-2.0942359682510996,0.4956858288844435,2.7652709465255687
0.014787594426078608,0.01346954916585464,0.003924274862611281,-0.005425859214403741,0.1632416549494014,-2.0737022557152636,0.4317235994666144,2.7215973898772643
0.014852414851098512,0.013304359354124292,0.0038014282724514285,-0.0055942697570324695,0.17215400794896796,-2.0699610619571054,0.5719747151418971,2.73628040598703
0.014880477857658165,0.013196112997922676,0.003732093552390536,-0.005711513981669987,0.1790306273003206,-2.0710791835632425,0.6613432854528533,2.753720556529747
0.014993371307485508,0.012928062985207286,0.0034835974908787076,-0.0059549035904543504,0.1895764651909974,-2.0217586455702956,0.9008552539071564,2.724561973407035
0.014934265786443697,0.013113306855751593,0.0036350901218843022,-0.00577462511203757,0.18012815161993187,-2.046611961595779,0.7404437691982652,2.7286308859982484
0.014964895944792887,0.013030109918848105,0.003563876351162333,-0.005853409542075067,0.1844554720769405,-2.0343422111357685,0.8132122001271634,2.7242019694012694
0.01506489015578428,0.012871776379240323,0.003370144713423884,-0.005959824820862744,0.18693246324352567,-1.972947277759751,0.9598472793870068,2.6590070356724707
0.015079544360136013,0.012937286120088968,0.0033842097337326953,-0.005869266470585269,0.18088286519316538,-1.9615067482460682,0.910626120931054,2.6269924988998308
0.015113552503748856,0.012824562373483535,0.003288961211255453,-0.00597157986981203,0.18572259013666292,-1.939080438310231,1.0047192967367187,2.6157376423885883
0.015122584824369312,0.012746983876924009,0.0032370634220877112,-0.0060533685118697445,0.18989237670116396,-1.9308144615226812,1.0681530958341767,2.620569619291255
0.015167560454512717,0.012660745080319778,0.003136224817394812,-0.006108692573026663,0.19127899802083956,-1.8934217800026143,1.142195427729755,2.5825207750504293
0.015215690090159838,0.01220554011471386,0.0027656550966271257,-0.006555395963048172,0.2157998832134793,-1.7764770476311427,1.5280305251452357,2.538330123468151
0.015198607943585789,0.012283367233164718,0.0028451075096940647,-0.006492860103736062,0.21240348661084837,-1.8098248645540032,1.4619636952826935,2.5642466851945986
0.015200321062075051,0.012590612013050681,0.003056832855255376,-0.0061546526754004864,0.19269099103726992,-1.8631020443346156,1.201235746829527,2.5529011180470658
0.01518846225144604,0.012362979228964994,0.0029158415209105306,-0.0064182919377736005,0.20907778237502275,-1.8353740621103682,1.3936617656563504,2.578127749623805
0.01518546698296461,0.012521186557930743,0.003028953501039428,-0.0062472087024408665,0.19887179867306026,-1.865083177204118,1.258752106433233,2.575943423891692
0.015187844275914767,0.012439968018062046,0.002971512481010658,-0.006334592871314777,0.20382978105035823,-1.850687797143021,1.3274245693068059,2.5776110821652023
0.015311754358348174,0.011588667413531938,0.0020946749298992456,-0.007015548551703,0.23416285895781724,-1.4421933224101127,2.031438878535807,2.265521590956284
0.015319064470131328,0.011517490929110896,0.0020119009554590496,-0.007063438852901573,0.23588418090535243,-1.3949734475072344,2.0863108880897614,2.225299125515115
0.015296100029988165,0.011700866973329001,0.0022252185572954743,-0.006941324048710329,0.23174065320532233,-1.5146397536704261,1.9443131639888058,2.3283319097180777
0.015327126199340839,0.011651846536182224,0.002147974263558397,-0.0069402312362934985,0.22938147629783914,-1.467363592523574,1.9723579869099084,2.271842618298745
0.015315437140731823,0.011759924086307579,0.0022673627908768746,-0.006862144883443294,0.22640942984842763,-1.531578028682289,1.8869378596379438,2.3242788027808174
0.015324534652881052,0.011815338601253573,0.0023132542415430207,-0.006799960854040747,0.22222785546278406,-1.551615877690269,1.8373224302430102,2.3300923792578834
0.015233783501781494,0.01192491536386261,0.002502748424581133,-0.00681769564957152,0.22966618099986882,-1.6649808495860225,1.7714391877624,2.472789416908673
0.01524110886824169,0.01205903490322781,0.0026166968965562402,-0.006675138432163147,0.22103413037917577,-1.7113679451263082,1.6515946473162464,2.4893277278926456
0.015241691204944598,0.01198919650522972,0.00255412590076088,-0.0067441643718656645,0.22513093389083114,-1.6851112889198079,1.7126804483352103,2.476259457671245
0.015297809861493556,0.011874216154314422,0.002393921439653336,-0.006781424845377066,0.22305078550525398,-1.5970679124479485,1.7963031265729994,2.379418191128407
0.015362443746046464,0.01184593832788549,0.0023081041866719007,-0.006721914539572754,0.21615896703538034,-1.5396847022642306,1.7992998844292878,2.2934873592293257
0.015297554752615258,0.012181316076524243,0.0026619072178880976,-0.006482886455498222,0.20662902042437414,-1.7102953675197303,1.535738203746429,2.43664995998452
0.015308631201782963,0.012103901186012619,0.0025875524911112215,-0.006546792046453192,0.2097332046685276,-1.6781215980938253,1.5988000029312472,2.413460048954807
0.01537012706488503,0.01087088029496343,0.0012007211156668345,-0.007409120734198137,0.2442713853317315,-0.8775458817951179,2.5244274740766106,1.7588740517428285
0.01535294214835824,0.010663150421034783,9.326767821257492E-4,-0.007530313775014883,0.24876790297932497,-0.6920917170541482,2.6593066892150605,1.6026910541749466
0.015381816795224313,0.010716541906217633,9.92769296350213E-4,-0.007459604661607561,0.24362653936963505,-0.7323441114349537,2.6048394199559755,1.6195643262048234
0.015392787148880453,0.010812586925651665,0.001114262301541844,-0.007399282996891751,0.2411211197278564,-0.8161646198233984,2.54096437330254,1.6882680607665217
0.015403272174099925,0.010762386683742338,0.0010441498380611076,-0.007404142108161578,0.23974997557509253,-0.7664679776213145,2.5610685168486467,1.6361924279031972
0.015376251165008665,0.01061727554091009,8.61857671352772E-4,-0.007507293627550136,0.2449613523622851,-0.6395329256125425,2.6622695819750835,1.5378185639666373
0.01537141567269444,0.010492317540459047,6.92765581875376E-4,-0.007556051700790495,0.2458525646138963,-0.5174452392743832,2.72662988037883,1.4268876555875065
0.015375809944936831,0.010531467616573937,7.452585078917369E-4,-0.007536720539057848,0.24479438092297584,-0.55541966870128,2.7045933357601877,1.4596791678173415
0.015404707479362506,0.010567478317393584,7.849430893098291E-4,-0.0074754462093067,0.24031504853703436,-0.5821543659491174,2.660858461803487,1.464985539668592
0.015397728428164554,0.010458884895320507,6.396018482878965E-4,-0.007519486973983116,0.24127443932139328,-0.47681505653480133,2.7161628624595906,1.3704015700905339
0.015375783451954946,0.01028322982597563,4.008832846903236E-4,-0.007595676071600833,0.24372627622747484,-0.30044702768551007,2.8048765269767304,1.216193491717534
0.01540113111058531,0.010343694941241375,4.8044755479103213E-4,-0.007540165378974165,0.24021845552300328,-0.3589489003912314,2.7584119878923636,1.2555195466636417
0.015415626317445056,0.010405608017961872,5.623643402888587E-4,-0.007501655627597777,0.23803913053406348,-0.41901657852147384,2.72086339218679,1.3033797575247277
0.015332374992851889,0.011336374746545344,0.0017976573808228251,-0.007182728903146688,0.24061075875624308,-1.2679341639406132,2.2233723894753763,2.1173859323337894
0.015335664705616953,0.011378513864388737,0.001843764373982777,-0.00714661397154003,0.23806248077248812,-1.2948421792535947,2.188627699574249,2.1363270747664274
0.01535770572316527,0.011261125708972468,0.0016917646617743557,-0.007197031623127267,0.2387853602791188,-1.199304562318919,2.265363420385904,2.043748581462195
0.01536363968997718,0.011308533935515484,0.0017429977051184463,-0.007154825458863656,0.23603303820267044,-1.2295902043828557,2.2262326510687225,2.064261971832879
0.015380763383754749,0.011481138611835279,0.001923698527505063,-0.0070017143213335145,0.2281758101268485,-1.333129823656787,2.084206783815272,2.1334766939408074
0.015361892699678093,0.011420324052408505,0.0018711938586640257,-0.0070758136954762055,0.23334729771767412,-1.3057899123919052,2.1416212634990894,2.1257510730056395
0.015355926485139967,0.011102663444494613,0.0015019580389462677,-0.007303215717077383,0.24276512566477962,-1.0797351040282834,2.381408914794054,1.945040969623508
0.015391563602990583,0.011049213967285101,0.0014147543479406095,-0.007278011168283755,0.23807749311186063,-1.0184913566335771,2.392880362722167,1.8677765064633272
0.015382811203532505,0.011161351161693272,0.0015565292386963555,-0.007223829080856842,0.23723840582021913,-1.1110054543884675,2.3215563007154043,1.9526969327224462
0.015403881180601977,0.011224460742694543,0.0016176996969131292,-0.007150304797629083,0.23245012548530997,-1.146606509968897,2.262933205695471,1.9680369055084703
0.01540065850864671,0.01092928488245815,0.0012599587070790872,-0.007329146758437127,0.2385906594906082,-0.914687658089327,2.464047884680213,1.7708678067377193
0.015430715547233128,0.010991727679140879,0.0013219652590879536,-0.007247454080982965,0.23277982556291463,-0.9526219352058138,2.4019881877510723,1.7841136568827272
0.015287548538938954,0.009608410617684096,-5.707283524381946E-4,-0.007727294306304173,0.24578937843521612,0.4515629419584421,3.001519543598654,0.5225793326912965
0.015302969966565154,0.009735594785317624,-3.8381161043702744E-4,-0.007726164164778067,0.24616008862476774,0.30384033145401007,2.985870453498858,0.6640561709631774
0.015345343731037051,0.009869546279555328,-1.8564685154857127E-4,-0.007666642731691218,0.24212865881773454,0.14845000065146494,2.9296598131315954,0.7922594180414446
0.015344659734303212,0.009828536883592245,-2.4430545452047296E-4,-0.0076638073221777315,0.241838699953707,0.19425471233995076,2.934122951216749,0.7461970413229294
0.015340341134485697,0.009775584374024314,-3.2046612269627956E-4,-0.00766479887097951,0.24137878850488773,0.2536385849928478,2.942207253253852,0.6885994970310759
0.015326296103752995,0.009692284030673275,-4.4175247492659974E-4,-0.007675905552167906,0.24154624908053987,0.34887103356498445,2.9596013536985564,0.6006691124567657
0.01531709998483069,0.00962889626007947,-5.341615715682087E-4,-0.007678770222380753,0.24151497923578621,0.42190512420131315,2.9684919023182332,0.5317473795904556
0.015345984603512313,0.00965145833271824,-4.955877193975822E-4,-0.007632050651048844,0.23755104208001263,0.3907145022542779,2.9365346584260568,0.5433517942373055
0.015369824446121496,0.010104635757980141,1.4969612256982665E-4,-0.007626079889603781,0.24239806752065476,-0.11048580003331333,2.8625666363573186,1.0342195268669805
0.015372396548174277,0.010215594710875166,3.06305268273586E-4,-0.007611442866499528,0.24362221338713594,-0.2293737401183469,2.8299213085173025,1.1492979475887053
0.015377613219581365,0.010154574038044376,2.1971626694833842E-4,-0.00760861002357282,0.2419071376155766,-0.1637549531260278,2.8417090930290008,1.081347242440483
0.015436418438905393,0.010244893699548807,3.386847977673197E-4,-0.007495078864379094,0.23364035217486903,-0.25175781264558483,2.7562143352466855,1.1281379046682647
0.015373045616049161,0.009902726056888541,-1.363655676486539E-4,-0.007619449796205776,0.2387200699665209,0.1100774616756178,2.895424411261047,0.8116225683016405
0.015383398430488825,0.009954846994654064,-6.225900491804572E-5,-0.007603578159466099,0.23790837542775564,0.052799693329014574,2.8772050212231726,0.8622182133432396
0.01538516406370358,0.010013745512971914,2.0798497181157717E-5,-0.007601370650070362,0.23855917370467378,-0.011123388537217477,2.865559401043776,0.9250082931088929
0.015408186280115747,0.010069114585199749,9.801788037961156E-5,-0.007559571451132716,0.23606042907467203,-0.06982113035520458,2.830361747852043,0.9679732390373709
0.014876238335136413,0.007963730385452663,-0.002988252932795348,-0.007160601041132898,0.2865132645333891,2.3249352944133896,2.4782381313875814,-1.3087803374626754
0.01488055641742159,0.00802106646778257,-0.002927109508145158,-0.007223389727782681,0.2855932484557889,2.2879559034156434,2.534283771246203,-1.2588138269575742
0.014900395593029045,0.008047586162001508,-0.0028771443108532037,-0.007226236973663322,0.2819622364524263,2.248887142693018,2.5444115201383486,-1.227245031264175
0.014898740401447591,0.007984565622396755,-0.00294117184318422,-0.00715403241659891,0.282849734655159,2.286636816617559,2.4815008988093017,-1.2811755779891205
0.014927237640546013,0.008104324237404299,-0.002788420465941553,-0.0072529300152865345,0.2778028872166706,2.1828173795149772,2.577605099707377,-1.166086963423332
0.014933236822937367,0.008060258401648396,-0.002826254623518246,-0.007193649119285383,0.27710995922073073,2.2030004935345198,2.5289874356069415,-1.2022157883121858
0.014953982107307775,0.008139075842292776,-0.0027222554061925174,-0.007252866922183269,0.27366094715746764,2.1303342100851754,2.5875471346899412,-1.1244495999083652
0.014985022782132302,0.008168128869592506,-0.0026576460408898705,-0.007239113499027451,0.26877372803788285,2.0770573534275356,2.587275728263674,-1.0865431347453531
0.015215966205225018,0.00914111545713962,-0.0012609157612577368,-0.007669340617376273,0.24586085465340352,1.001040056073937,2.9872021393223447,-0.01048531714107065
0.015232931370752767,0.009175302208878773,-0.001204759980179485,-0.007657538767914337,0.24395080346611717,0.955486982317223,2.979389304981892,0.026161149630894914
0.015245740377473093,0.00910664995364256,-0.0012915108778494269,-0.007597992600203816,0.24088105660126932,1.0220825581902082,2.9400568416125803,-0.05718922470298967
0.015236941554203522,0.009000638079563436,-0.0014382311841811106,-0.0075509683067189705,0.24011289876328448,1.1370178139087062,2.9066283328197193,-0.17806542212899737
0.015243778335195577,0.009038710359519581,-0.001383662417901314,-0.0075622498258569575,0.23986631039089684,1.094092287477928,2.915246343532664,-0.1354438107354473
0.015270257908597241,0.009067757901299238,-0.0013296976600792527,-0.007533556682814454,0.23683803965343256,1.0493626924856077,2.8973888003214916,-0.1062454560203898
0.015235502912093133,0.009259425853585572,-0.00108660391618871,-0.007694799263667298,0.2454664538786155,0.8621889367910819,3.0026295029077947,0.12579445371416728
0.015261655042986197,0.00929786525524836,-0.001020899131969368,-0.0076657034973473615,0.2425759052036274,0.8085205031888537,2.982574007000878,0.16366209827731312
0.01529150179206838,0.009388578382689017,-8.818312162058287E-4,-0.00765006590669036,0.23994941863605512,0.6969498164109054,2.9687344280441246,0.2607786260291563
0.015277369578320014,0.00933733051924123,-9.590948364641756E-4,-0.007654705324152627,0.2412582205587154,0.758702871719589,2.9739852613545703,0.20529391728460555
0.015258073068614411,0.009190877939200245,-0.0011704494139210297,-0.007621171645675722,0.24089194298721614,0.9262922398555468,2.955495452113155,0.038519007241174213
0.01526841828771438,0.009225007156137012,-0.0011185388641953874,-0.007619885537655655,0.23983816901175628,0.8847010530090799,2.954346434355718,0.07592558455673924
0.015266842374288986,0.009510333674507869,-7.177598649293393E-4,-0.007737139195360859,0.24658543624205784,0.5685223342338704,3.016828833714623,0.4155550483830938
0.015288321148594214,0.009571001065926016,-6.243038704088289E-4,-0.007716040254602798,0.24471064983393265,0.4937605147724214,2.9980068810123126,0.477921213408032
0.015271248073787033,0.00954354244744481,-6.686427843272781E-4,-0.007739237657274437,0.24676388251983455,0.5295728379872419,3.0153561137246023,0.45322243245691657
0.015291821672039435,0.009477150867408628,-7.570566901072928E-4,-0.007681245813792756,0.24215452466777854,0.598526583881545,2.983316668756324,0.3650799395080417
0.0153176033335587,0.009434053322342907,-8.087456362320171E-4,-0.007620401341108433,0.23724165429186161,0.6379410934860883,2.9471676284533648,0.30444841641028214
0.015008185687130863,0.008203271022239346,-0.0025956736860751613,-0.007242660098736336,0.26556117257313266,2.028427860292135,2.5985655846156317,-1.0462583765221998
0.015030913294090212,0.008245562501599182,-0.002526589515890613,-0.007253264968058753,0.2618818245099929,1.9753806023794263,2.615583979794882,-0.9996829661917968
0.015064711825040359,0.008284433089034123,-0.0024499774746790308,-0.007242283264364471,0.25731474435625007,1.9133727626294383,2.6179435956313477,-0.952899581821593
0.015158474379522996,0.008536737074351113,-0.002077037991638606,-0.007334533976630164,0.2451475162405913,1.6289690846477611,2.723090161095726,-0.6843220673695259
0.01507253740008163,0.00840041910626689,-0.0023133548170633446,-0.0073448296212598055,0.25640395431072277,1.8180272141352194,2.705955624500881,-0.8386983905186177
0.015098717914193586,0.008430111312432627,-0.002254525546844691,-0.007332178467096229,0.25289661715687867,1.7697519296434272,2.7036086273877102,-0.8031547679934663
0.015122760430624008,0.008463392821338199,-0.0021940303183492597,-0.007325399829713836,0.2495662883508616,1.7208714459887098,2.705295263824262,-0.764816926251524
0.015142893202693228,0.008498771212453272,-0.0021349757557554954,-0.007325723825460544,0.24702606356650278,1.6740258513646202,2.7114728071019827,-0.7254217913240723
0.015088108086472344,0.008361172994650015,-0.0023424828405280832,-0.007282715782749555,0.25419305538638715,1.8336402647529628,2.6593146456201695,-0.873432434083992
0.01508991861949758,0.008318415688262897,-0.002387853096126724,-0.007238117547766684,0.25354062267451755,1.8637648375908238,2.6228123667193812,-0.913648948042599
0.015147595701620008,0.008632279731707366,-0.0019721741491257635,-0.007433338837336607,0.24740696600431153,1.555247298820465,2.799719253275477,-0.5862537934336247
0.015168224072306067,0.008585486258308793,-0.0020111869754274765,-0.007360760545680808,0.24416014764177213,1.579460957533493,2.746956943257721,-0.6330349999590285
0.015226941711388236,0.00885329994161018,-0.0016358695085327403,-0.007471084263244751,0.239042582933827,1.2896638235395033,2.8465563305898596,-0.34277408868905695
0.015217190413078764,0.008895490472119181,-0.0015884705604899615,-0.007516523657875455,0.2411860414339669,1.2551145600240259,2.878850880020078,-0.29555736788006165
0.015175755670293653,0.008674646450058866,-0.0018974053336954047,-0.007421946161896321,0.24375804781650623,1.4945367568997305,2.797625168146404,-0.5385449105153192
0.015205257854781768,0.00873840044013463,-0.0017958832700684132,-0.007423361672348018,0.24049438084918734,1.413674901120033,2.8056043758343594,-0.46832238260152825
0.015214275457902233,0.008706992232961334,-0.0018275677362282923,-0.007384541018481516,0.23908208644462095,1.4358370311751256,2.777393059422439,-0.5014992314298495
0.015217302670608982,0.008769623770592724,-0.0017480880814674993,-0.007426959943543488,0.23926844127600047,1.3758419150129775,2.810908298336518,-0.4342730065186828
0.015226818410160194,0.008808912126618133,-0.0016920494992211774,-0.007439880905655734,0.2384573524486994,1.3321843436981944,2.822730355100329,-0.3915492244556837
0.015246249695431275,0.008925672882506114,-0.0015301652101809328,-0.007487451715757741,0.23763870957227518,1.2064659165448803,2.8617932177781373,-0.2635659200615645
0.015268453218197336,0.008966313245417407,-0.0014635130168328479,-0.0074759269364126765,0.23522045824655938,1.1525867605707187,2.8564326025787783,-0.2200849080883053
0.014807452392046817,0.007897771343489138,-0.003135948825883155,-0.007174665743839904,0.29826917483797216,2.4447195004141267,2.462420220036177,-1.3963633032392861
0.014840525976781446,0.007917277921117892,-0.003076153802589677,-0.007153369915099573,0.2925257874964983,2.393084956773381,2.457468164693896,-1.363892786993565
0.01487308485771728,0.007932516516874181,-0.003021733531985069,-0.0071270636101549295,0.28725702695714356,2.345123095721993,2.447956570311782,-1.3355476627577785
0.014814374134336554,0.007857775165721639,-0.0031640430685316028,-0.007114422050206901,0.29727510492987547,2.454677706532397,2.4128567975985136,-1.4239170503757235
0.0148195992151978,0.00781848414052023,-0.0031926080974857933,-0.007057376341130835,0.2968562877637278,2.46529446537421,2.365636284140582,-1.4504335272132665
0.01482074793844303,0.007780914420980279,-0.003223918507372117,-0.007007832048121761,0.2969754950070569,2.479252515347282,2.3232363701303256,-1.4767950306977404
0.014822636608821388,0.007738632757175934,-0.003257368255761312,-0.006951106457779794,0.29714384257749177,2.4928416750138136,2.27521829772753,-1.5047516421015101
0.014654755973342795,0.007498715754995518,-0.003669988328271949,-0.006831411339616397,0.3294293362052292,2.781573745933992,2.0965022888910547,-1.7547395173237874
0.014741382691958108,0.0076400368148561,-0.003444520068511601,-0.006923326433367291,0.3119439956347472,2.6311797626353868,2.2155477919762636,-1.6170518771425464
0.014724949636817496,0.007603229948299622,-0.0034953911491329074,-0.006893504743349843,0.3152344462449419,2.663150245482623,2.1824513072127747,-1.6497309001640026
0.01468340001224332,0.007529059143079966,-0.0036079966529999874,-0.006840714921811114,0.3234936971796926,2.7363527860525956,2.1179946151202462,-1.7191280582367465
0.01470488328352087,0.007565601530486407,-0.003551344290218661,-0.006866026858977525,0.3192618562400163,2.699336672661866,2.149644000231021,-1.684584243745926
0.014789083736196229,0.007675524557583071,-0.0033527436312216483,-0.006911389998213127,0.3035063697529932,2.5575243065399915,2.2265971320731377,-1.5655994047392412
0.014815141716007325,0.007697673953559756,-0.003300802693843364,-0.006907702221400934,0.29879983198884563,2.516596273882421,2.23482019846985,-1.535955403125159
0.014780917043836939,0.007644540834603671,-0.0033881043245872935,-0.006880597436871601,0.3051831764767037,2.5775035840363176,2.1965767261927467,-1.5898364319723406
0.014568718816533884,0.007363300095681105,-0.0038845163998341703,-0.0067316731412771095,0.34743853630762805,2.917443069709982,1.969476254483267,-1.8804057466760742
0.014550788453484276,0.007330115068541164,-0.003931390991989229,-0.006701649006622915,0.3511739670956215,2.9439942780496335,1.935073412303251,-1.9073987535182588
0.01453431826435852,0.007298703842166353,-0.003974560829685538,-0.006672027272908511,0.35466003049390893,2.96755680392442,1.9017824465930284,-1.931951590440736
0.01459661527602222,0.007402267932724268,-0.0038188384735260905,-0.006758428003719912,0.34132778912406947,2.875182223895123,2.006037199539669,-1.8429109207758398
0.014601973555305386,0.007359033436810311,-0.003838451079301619,-0.006689696504160273,0.340727144159897,2.869663627361592,1.950628032301886,-1.8578151181621656
0.01466151996840068,0.0074615309145729045,-0.003686216736321391,-0.006771036071774823,0.3283273527141744,2.777422640157995,2.0481692065716444,-1.7689419750138788
0.01463929010422279,0.007426367874814306,-0.0037414568413520035,-0.006745995846543002,0.3330815685516168,2.8124376473999604,2.0162743788373607,-1.8013674615775488
0.014342916274523438,0.007022719500087576,-0.004406065511717642,-0.006425699555544301,0.3971253809099697,3.2054660808054227,1.5963568950167648,-2.1563386815428722
0.014315219255123204,0.006999631443835099,-0.004459259448406469,-0.006411989936690988,0.40351280606084144,3.2397323900656967,1.5697999434964134,-2.1822925093473944
0.014544924369394764,0.007255421517220237,-0.003983416361302706,-0.006596648193065705,0.35295479224099996,2.9499450044494493,1.8440716438515103,-1.9394137586284825
0.014532462115063966,0.0072094548207995955,-0.004026945869684857,-0.0065405721733947176,0.35562679044410467,2.964081134722012,1.7913042423312397,-1.9636069624198422
0.014516356234551308,0.007169716216535115,-0.004071582442506814,-0.0064967106369980335,0.3591079960625703,2.9825165705819816,1.7469885320111815,-1.9873883698463264
0.014430890334843382,0.007095516463150726,-0.004237177126707407,-0.006462962513468097,0.3775584885657178,3.0937532779101224,1.6744034371945202,-2.0721668347944853
0.014403348102888,0.007058065417931267,-0.004296378365735228,-0.0064293313228310205,0.3836593466941422,3.1252126903224746,1.6323400359034752,-2.101519304822649
0.014381622111526365,0.007014534459491793,-0.004348287595864899,-0.006380071784106004,0.3883298287636379,3.1448766058836157,1.5809438706933596,-2.1261012635614684
0.014497141017995914,0.007131464989450882,-0.004119325729217172,-0.00645729330934604,0.36314196409146215,3.0042613077044784,1.7048815360752514,-2.012077558804961
0.01447623450554972,0.007091625283077327,-0.004169583092090596,-0.00641620534520398,0.3677367509086435,3.026885328670876,1.6606213855239387,-2.037458495304358
0.014085632111641972,0.006675514605343329,-0.004920210318179956,-0.006043000100042891,0.45504336963541553,3.41571909411299,1.148683614597305,-2.3692554424917813
0.01411731912101528,0.006699872290590443,-0.004863961771861147,-0.0060646489618746,0.4475924667654649,3.385580464307402,1.1841504627855632,-2.346611593679302
0.014148346460167582,0.00672871561233417,-0.004807712975820431,-0.006093061564244569,0.44027401910808284,3.3584026558249502,1.2241269139539828,-2.3243915546347154
0.014190907799761005,0.006764841539475698,-0.004730750263790263,-0.006124740963616338,0.43083711390541907,3.317526403692562,1.273344929936089,-2.2924588748956016
0.014182339766166594,0.006739482024068347,-0.004750138875988025,-0.006089156708320609,0.4322768101676184,3.3154021534371116,1.2416293076182685,-2.297631464140005
0.014220890318186633,0.006782738150147431,-0.004678100407070638,-0.006133750704593566,0.42351316624294266,3.2834754193306948,1.2978666292937315,-2.2689035530677244
0.014321199406849248,0.00695784614897208,-0.004465029516690249,-0.006340354113215517,0.40183911019774426,3.2155177330124602,1.5156899191023163,-2.182162008514894
0.014234676994459268,0.00685026237012593,-0.004638268884278553,-0.00623325049608246,0.42153794159305674,3.298099704406279,1.3820663025658195,-2.2588990094267163
0.014240611396686045,0.006813651722894163,-0.0046385888153971004,-0.006169972801967533,0.41928995442889255,3.2709707386866045,1.3369151919659943,-2.253777377194763
0.014318305205980028,0.0069256891600235305,-0.004480806751911104,-0.006291556524404056,0.40210230770052374,3.207450866593109,1.4755027799485765,-2.187316949930984
0.014263748789901316,0.006881546415502817,-0.004582189047168033,-0.006262549505184921,0.4146226975113109,3.2696645676927614,1.4217085658137876,-2.2344100382461565
0.014296330574745273,0.006905226191262354,-0.004522545517152456,-0.006275964504880444,0.4073388324342346,3.2316321297911528,1.4508292385888035,-2.2066050951216116
0.013975992386876695,0.0065580623324158595,-0.00511510053895184,-0.0059044914371663,0.47984655367514256,3.485764072150115,0.9794578050036203,-2.4344327790576386
0.014003370321514367,0.0065744496674247236,-0.005068254553171551,-0.005918717657659978,0.47316571946226965,3.4597591120757882,1.0071341458204175,-2.416473550721299
0.014030998021753548,0.0065928941554092785,-0.005020763482727514,-0.0059355794148170625,0.4666646157378665,3.4345779314940295,1.036692967139156,-2.3984530152073873
0.014093780747592564,0.006634990999272897,-0.004912471224794115,-0.005971604251103661,0.45152739872273395,3.3755483536112956,1.101744489265019,-2.356078866197579
0.014062051035280672,0.006612896397435153,-0.00496735358438491,-0.005952494437875908,0.4591620783351788,3.4050731086463872,1.0683131312200758,-2.3775622387147846
0.013817847953434027,0.006414684609411228,-0.005381393605189029,-0.0057259183297491065,0.5160266830213233,3.577179861113413,0.7519604003789181,-2.512192487501316
0.013845457596664208,0.0064351715828001935,-0.005335733920460967,-0.005751213563520535,0.509460982312513,3.5592822264582296,0.7876664507522412,-2.4987867677188995
0.013890875540530949,0.0064883703911344385,-0.005260252985645708,-0.005824178361653962,0.4997641397095924,3.5463742190739294,0.8675199135793356,-2.481987927731684
0.01387035242535385,0.00645987218644405,-0.005294508295064001,-0.005783927711081071,0.504012217403821,3.5484380317421906,0.8264613850324415,-2.488389623315616
0.013981464711941961,0.006523090698965812,-0.005107718817741278,-0.005843623879319097,0.47667807472804496,3.4488854079947813,0.9406530663859657,-2.4207925377978072
0.01395631441841425,0.0065064794151159224,-0.0051501387691265275,-0.005827198072869953,0.4827897905459588,3.4700556717240105,0.9130255828195911,-2.4359110992744237
0.013928746389417738,0.006490053304128846,-0.005196484785373076,-0.005811514226304964,0.4895073526218456,3.494290174876692,0.8842388468138684,-2.4526254309368842
0.01377412527925878,0.006310819401429816,-0.005445210158513589,-0.005563952590261784,0.52085797769928,3.5277541988823162,0.6187725052512372,-2.5005329806486074
0.013700761271949916,0.006279218601763764,-0.0055637788567827985,-0.0055281841738046,0.5391197367854642,3.5876534214300255,0.544775716613438,-2.5378004700296195
0.013743655582355768,0.006292257585943248,-0.005493707906364695,-0.005540512011833008,0.5280639275808646,3.5470919931907,0.5830232213994339,-2.513733133648518
0.013819612473683835,0.006377048249164229,-0.005375663664003248,-0.005661780048853417,0.5128800467217537,3.536448238319729,0.7118287413542922,-2.495682000972391
0.013806794657726341,0.006335814784707204,-0.005393466655686907,-0.005596671603606089,0.5133184618761683,3.5113000845737723,0.6618538055503188,-2.487895206381154
0.013625509548441573,0.006158701223233154,-0.0056654278173265465,-0.005339187467423006,0.5493424500114515,3.5397884731215083,0.38115526017887064,-2.524293720487902
0.013673690047062193,0.006171271001561396,-0.005588768297830306,-0.005353429100013863,0.5369317542965812,3.4978370491719315,0.4245210781521481,-2.5001577623680444
0.01370665726397402,0.0062356953692070715,-0.005546521407953141,-0.005454148892356701,0.5338076326561126,3.5311734411097233,0.5053316245779648,-2.5118197661453365
0.013703602185832142,0.006199066920564892,-0.005545037004404344,-0.0053941998183254835,0.530954509819622,3.493825379311186,0.46888414320018895,-2.4951382221717866
0.01139824103684917,0.004801996497021558,-0.007568389525074948,-0.0020184586491972137,0.5731535483357161,2.0315070837595273,-1.8704548322540762,-1.3236521787289812
0.011445152855501928,0.00479223308834668,-0.007523314298866257,-0.002068077102676336,0.5716145768545515,2.0551680080810546,-1.830244585866738,-1.3539941706693106
0.01137510575088662,0.00475783194588744,-0.00754083231736363,-0.0019578624829199704,0.5564200837415889,1.9768450369085862,-1.8571661444723773,-1.2908533659803154
0.01129902196718216,0.0047253250691256885,-0.007561563874619509,-0.0018418379516879232,0.5408738437485286,1.8953355846184858,-1.8865904368831272,-1.2234958857155636
0.011348396172994006,0.004722569247213088,-0.007524614528365506,-0.0019003096745565397,0.5430944475922311,1.9282834233406851,-1.8521117979603603,-1.2587966318494945
0.011172405695833262,0.004617977051299756,-0.0075354012296158296,-0.001616654823127509,0.49618013037504044,1.7193810517285455,-1.8922589695927319,-1.0954740358405706
0.011273384854925309,0.004665879716596804,-0.007519329289431707,-0.001770588315951038,0.5196468515739089,1.8294913559730863,-1.8632388636462054,-1.1852973573934733
0.011236769998045706,0.004621598381075972,-0.007499191059946582,-0.001697543475917036,0.5025838778905359,1.7693699956797482,-1.8566090015431302,-1.1445184343590695
0.011491486004857011,0.0047907607348687915,-0.007486147004458402,-0.0021220748185915507,0.5725755503083264,2.0845163505548636,-1.795364185725388,-1.3859346100179908
0.011585151144672666,0.004874885186704615,-0.007493516150381128,-0.002300307765352252,0.6044338228173444,2.2235495902072384,-1.7765280908087797,-1.4849196609840938
0.011549767089978524,0.004839768624791716,-0.007488030719907858,-0.0022297538036011927,0.5909630570448592,2.1676112049325655,-1.7823912327310807,-1.4459559131412647
0.011669323723180225,0.004879625360694926,-0.007425837161042027,-0.0024011356436676747,0.6055879658527797,2.2783514153736792,-1.7111419097170086,-1.5421994288525454
0.011635092116210064,0.004846742698380468,-0.007423506872577783,-0.002333947070427947,0.5939785579862485,2.2258838208734493,-1.7194768633850146,-1.5052489542604155
0.011788334457397506,0.00493143436909441,-0.007367738721470369,-0.0025799974056811884,0.621370427846271,2.395899272345027,-1.6398184166400311,-1.6399517430086394
0.01174502223844027,0.004907417893519623,-0.007384866276243324,-0.0025104203621462463,0.613963290804307,2.348272933658175,-1.6637979885509933,-1.6022331388286395
0.011714474243008708,0.004863480683408751,-0.007370350317087806,-0.002437139012992896,0.5991226942731406,2.286744799205706,-1.6646958715017306,-1.5623554988076462
0.011539219497637733,0.004793369214444229,-0.007450942405863984,-0.002179888130542177,0.5744412356774342,2.1171858629260236,-1.7614274346729133,-1.4193956752975794
0.012136187779583339,0.005088523931229967,-0.007156260134599615,-0.003093460207138719,0.6504645593811906,2.7138109683048737,-1.3883945061439318,-1.9050895679552582
0.012089106055469073,0.005061263730156062,-0.007183562985109055,-0.003019102691955423,0.6459774042347896,2.666881954366445,-1.4238698305671862,-1.8679806811670758
0.012051481314668428,0.005033189438276645,-0.007198700542016529,-0.002952744462990958,0.6398315195075891,2.621255000890478,-1.4485432246066816,-1.8340019606335873
0.011962142812454777,0.0050183469844722614,-0.0072787209493371694,-0.002848497448525615,0.6424660342621377,2.571775526464984,-1.5265652632797269,-1.782670479805512
0.01200877731191403,0.00502055621761141,-0.007232303702143572,-0.0028976127554442032,0.6392021655533462,2.591692254414168,-1.483597556534509,-1.8066758492317232
0.011889959018964391,0.004988474447349064,-0.007323774196513702,-0.002743659324480663,0.6368399288030747,2.5070960122178803,-1.5789639954689116,-1.7278520181998929
0.011940427608415238,0.0049776736744661645,-0.007263097271730904,-0.0027849407690204516,0.6295457178291183,2.515802777352542,-1.527403707406589,-1.7480141751863794
0.011863999275912687,0.004948328432561138,-0.007311443457362653,-0.0026769252860357954,0.6238479223218327,2.45033106590327,-1.5820734396875071,-1.691523016625945
0.011833207720436357,0.004910156784353721,-0.007305216946538003,-0.002607875950304216,0.6117474705991496,2.3946767737168617,-1.5895562629916007,-1.6542448584512872
0.01223474463166455,0.005163915407167988,-0.0071105762697143025,-0.003269272700525663,0.6641520203762544,2.8328575660251496,-1.3152538412369974,-1.9929026484944494
0.012272461658975255,0.005171699490550287,-0.007072999685010086,-0.0033115780314054003,0.6612185902915854,2.849433475937568,-1.2787116472706084,-2.011087733001976
0.012205260196558272,0.0051365340112306205,-0.007120702931738691,-0.0032111092255895164,0.6584276403033181,2.7912986172361594,-1.336412180335039,-1.9636390413315612
0.012187499245431648,0.005091354586230072,-0.007101328523740119,-0.003143644450776755,0.6451492864672637,2.729759119096878,-1.3386845308890782,-1.9268494255931061
0.012171433308971656,0.005053039048145683,-0.007085937636576884,-0.003086357117164851,0.6339170870929463,2.6787283968679128,-1.340928442927304,-1.8959820038631066
0.012362032954592905,0.005194067501751436,-0.006984650276490897,-0.0034135777849600346,0.6546115276090642,2.889386215317457,-1.1920788609026163,-2.053407426675184
0.012325546188975038,0.005174014923089807,-0.007011824771301136,-0.003359426688376095,0.6537050334051885,2.8593400134612783,-1.2245851741918996,-2.0290784702236198
0.012404633806370266,0.005189216346535769,-0.006928823727452847,-0.0034416822342350157,0.6463889166070752,2.885595501687458,-1.1471955127210298,-2.0607775653368154
0.012457098173593051,0.005208217188411848,-0.006879587704047458,-0.0035053315069377192,0.6430883486947455,2.912057349294044,-1.0971303505196286,-2.0859999323674576
0.012497067875515789,0.005226021330132628,-0.0068437802391508986,-0.0035570898413591874,0.6419320689598165,2.9352131311407077,-1.0592021673871523,-2.1064426637863147
0.012563307153495592,0.005328088629972257,-0.006838380429970655,-0.0037354147640470347,0.660434743683251,3.071661541561109,-1.0014651667502095,-2.193540702139867
0.012596133210275978,0.005346045988806434,-0.006808953213918248,-0.003781687743497833,0.6594612300670695,3.093110812240274,-0.9675986942344965,-2.2113497073394615
0.01262923393137438,0.005343458398891554,-0.006763039873629391,-0.0038003458539775923,0.651263300155278,3.08433057031429,-0.932224605261623,-2.21255684887948
0.012557034223525046,0.005277606534755342,-0.0068075609637335685,-0.003665391825077979,0.6465077352720553,3.0015641946273397,-1.003468992857073,-2.1542381076161683
0.012540290353797735,0.005222538423486121,-0.006786798591924049,-0.003583583417593433,0.6332610374090106,2.928927773980449,-1.0147010987098117,-2.111243292094084
0.012665925074637803,0.005373806652615076,-0.006736486880065943,-0.0038646584683120944,0.6528840309407785,3.12059313019487,-0.8940812260506246,-2.238670167098405
0.012717660139495384,0.005393952210099028,-0.006681040564975821,-0.003923832311860464,0.6471453457534787,3.137628230463011,-0.8391157413678273,-2.25644716101464
0.012762970086870301,0.005407589153792409,-0.006628690995004265,-0.003968938682587468,0.6409443253988583,3.144967372994092,-0.7910028122443218,-2.2674683190615874
0.01280756991606872,0.005419703152589931,-0.006575570982420154,-0.00401034348179958,0.6342285717197037,3.1487522593999766,-0.7438668191280485,-2.276048014533515
0.012896636295047354,0.0054598277210493665,-0.00647779034803164,-0.004111592881282085,0.6238740412229292,3.173222701694049,-0.6481150336850255,-2.3012410532937815
0.012854919336877857,0.005436817907002986,-0.00652126834601074,-0.004058887860381191,0.6273928279037935,3.156752980702754,-0.6934787052715413,-2.286906010045536
0.013596580605125544,0.006074878568017233,-0.005691993296060994,-0.005204744164210188,0.548196382927002,3.4722447956620104,0.2892197682996042,-2.4939079307250602
0.013628664782463829,0.006102462310102309,-0.005646942342124237,-0.005246719281232412,0.5421433430177444,3.469567585325613,0.3346288365875904,-2.490564352362913
0.013567872165458553,0.006036702690878746,-0.005727939529038854,-0.005144748538595909,0.5515675331413162,3.4570280977827172,0.23790721593768532,-2.487867755041188
0.01355601069920008,0.00599691908901747,-0.005735447607828168,-0.005081447167076398,0.5499151772777486,3.42128262430142,0.19874357689913563,-2.47043483360724
0.013381389497280453,0.005905235146709024,-0.005982012231083084,-0.004928294812391258,0.586282163548009,3.47383018552673,-0.0049506220445924036,-2.4994978667685133
0.013373696526137908,0.005863835521808819,-0.005977564748044354,-0.004861943288430072,0.5819489879150713,3.42592041987881,-0.03781242342551225,-2.474339403085924
0.013529746362540979,0.0059769205700603645,-0.005771207409929449,-0.005049977048124231,0.554711549488811,3.4232960913421224,0.1643265430895142,-2.4722894738244983
0.013420898974094209,0.005919604204257012,-0.005924705898376151,-0.004954763493955448,0.5772341932622149,3.4560413822236034,0.037827851095522835,-2.4905023194789533
0.013496997332698555,0.005955889512714036,-0.005816525567286539,-0.00501623749824773,0.5611129183116924,3.4295349542433384,0.12407145527099357,-2.4762155475032372
0.013460292792060048,0.0059361011238690765,-0.00586808403270904,-0.004983489890472127,0.5685604722607586,3.4399809556792733,0.08121266565831621,-2.4820693938954608
0.012963884856804112,0.005585927554002092,-0.006460385878621198,-0.0043235463246140025,0.6380616578332949,3.322818726306117,-0.5528787162476289,-2.3914688175775285
0.013005012691531885,0.005592971698099591,-0.006404122871390991,-0.00435106777236325,0.6290651348050443,3.3115795680668794,-0.5089232652422339,-2.3897191462013425
0.012949984707915028,0.005540930164697612,-0.006452754717110723,-0.004251823753137818,0.6305259214109794,3.264641839854383,-0.5782029412949701,-2.3580586839933364
0.013081963780157163,0.00562436846232719,-0.006308453381980998,-0.004426394166794964,0.6160142218250568,3.312850496967539,-0.42223636369895046,-2.3977388339956427
0.01304987146849696,0.005600386679619329,-0.0063423513935871294,-0.004379368614816157,0.6191062284379508,3.297513204247518,-0.461674778118038,-2.3864720444078347
0.012934308949294879,0.0054912360009458224,-0.006444353163727158,-0.004173547456628419,0.6226621821408057,3.2015157407882597,-0.6046271402918685,-2.321435227946553
0.013198984030037502,0.005762418648685925,-0.0062042725235708016,-0.0046710520364806685,0.6127181447056537,3.429261047617256,-0.25190729237302484,-2.4694665653767536
0.013178501700588503,0.005729683453308328,-0.006219200910039537,-0.004615268678106744,0.6119342974790581,3.397992492186964,-0.286862743918678,-2.4513702091947316
0.013122350874634354,0.005678964741896105,-0.0062779624156755675,-0.004521602706354377,0.6168011858728276,3.364633315936786,-0.3626777852561136,-2.429335002353246
0.013152244182147266,0.005702088866190368,-0.006244964137225127,-0.004565747982436446,0.6136176270520394,3.3773979895363975,-0.32419104790904424,-2.4384547311080618
0.013123834155056626,0.005624326923024752,-0.006246343027695685,-0.0044403162030329,0.6053699792320177,3.2876890288593503,-0.3817006528239541,-2.3875168698398883
0.013262965436627106,0.005802543826989911,-0.0061242883969077075,-0.004748008290002734,0.6025483492359696,3.4359295422153515,-0.17143196670320698,-2.476328562354894
0.013318152773132984,0.005809889611316904,-0.006041689327718675,-0.0047696854991007625,0.5884060762268369,3.40139449436979,-0.11763675839776712,-2.460026027500961
0.0133643264955313,0.0058186544455793715,-0.0059737955538798,-0.004790287392346215,0.5773374368971479,3.3746493225671057,-0.07250671646771194,-2.447110132021415
0.013245454362278752,0.005757140716736251,-0.006129988220063949,-0.004673966572887729,0.5990176889396225,3.3871951478269033,-0.21093872927263366,-2.4494063665988253
0.013022387171142966,-0.00576078435835988,-0.006478995570678054,0.004613143073499022,0.6631295173738653,3.555119010387607,0.43183037214665315,-2.5227189811159447
0.013001148903668356,-0.005731354384171917,-0.006494114750417873,0.004558955267281602,0.662206369369866,3.52258716173838,0.4665252861640509,-2.503293402994473
0.012976670652663187,-0.005713198513083401,-0.006520733447386569,0.004520887700332886,0.6650562888323729,3.5095035375269448,0.49974295093558235,-2.4937041598042207
0.012896246039978769,-0.005661043885224065,-0.006609939834919487,0.004405100123743317,0.6747639183465712,3.4734061972181407,0.6050256417956703,-2.464751115079952
0.012863836628705628,-0.00564125110551325,-0.006645496023921867,0.004359302396619593,0.6785757848611746,3.4587034100649343,0.6463898121393387,-2.452581424582387
0.012974932780935203,-0.0056856393229358145,-0.00650604448981468,0.0044777992391768565,0.6589016525252341,3.467307844189082,0.5112641876087636,-2.4709124320494835
0.012931177189156318,-0.00565016529377596,-0.006549873168616734,0.00440486600329204,0.6622345976470047,3.4372561655805387,0.5695782653099304,-2.4497248149162396
0.012954956673200105,-0.005667966489015813,-0.006525297387048765,0.0044423628683790935,0.6601122503035634,3.4515765642944944,0.5385061993934963,-2.4602183049056303
0.012671711957024746,-0.005488088957231521,-0.006814341338072425,0.004025830529940182,0.6851983631746793,3.2899008933711147,0.8857963913840078,-2.3315017278227823
0.01281541630183111,-0.005594205667083089,-0.006684943471772923,0.004263895160010962,0.6789456156850643,3.406444856333927,0.7110368746248473,-2.41763208776684
0.012842459464974065,-0.005609735639420204,-0.006655719599732353,0.00430120871240262,0.6758528431801979,3.4187948540987643,0.6775968139366759,-2.4281985726294395
0.012802467317907044,-0.005565042163748632,-0.0066833265781189016,0.004214005368049994,0.6744721952270947,3.3656999778502055,0.7306813579206074,-2.3937898118985736
0.012769093929052617,-0.005538797337436288,-0.006713028629778725,0.004157212115548821,0.6756636094886654,3.3376685088747275,0.771756900877783,-2.373560275704207
0.012732699955233502,-0.005511917754285642,-0.006745698485627885,0.004097359062647522,0.677069407052815,3.308611777489407,0.8153947033224718,-2.3520689777827646
0.012707992794389613,-0.005478048968279685,-0.006755690963475635,0.004034410293791876,0.6732654272354002,3.26443011054862,0.8454702013798899,-2.3240830096189264
0.012644627915374193,-0.005463035815856657,-0.006833042508352348,0.0039731478761849,0.6840624472275517,3.257811046293783,0.9170736428410712,-2.30936427308484
0.012610703528042895,-0.005439473869147151,-0.00686168319892491,0.003917835735269833,0.6846463161890093,3.2290183360086644,0.9552156973169932,-2.2875852585799983
0.012588991528046762,-0.005408432142216967,-0.0068669782986288735,0.003860486182806638,0.6800251005424042,3.185856347636013,0.9784034908883769,-2.2602635597820018
0.011332777683903365,-0.004743907806339871,-0.007556950388610387,0.0018961984378922654,0.5495170944854237,1.9351111560573435,1.8767591447196863,-1.2548365834760395
0.01112829230585521,-0.0046567204066674875,-0.007600668534962693,0.001584615267501828,0.5039967015126661,1.7136547511711624,1.9443886048337495,-1.0718533779889075
0.011168582015477886,-0.004665293977296411,-0.0075851864738257615,0.0016405678510274322,0.5107572264651261,1.7511326370252907,1.9268288016574968,-1.105736007768004
0.011203248438814704,-0.004651243262931692,-0.007549683363264096,0.001675176871487632,0.5086862170649697,1.7670508906769453,1.896480869599123,-1.128506368808386
0.01128422149896526,-0.004722194491533951,-0.007568436208820175,0.001821403257840594,0.5386160675833439,1.8820765396950776,1.8941294885159328,-1.2113846174527836
0.011242568280844597,-0.004676390095074751,-0.0075498920304548,0.0017396987978651887,0.5204687399337614,1.8153236295193318,1.8894894222677745,-1.1657006900532176
0.011389416482189128,-0.0047411620747729736,-0.007513825210307786,0.001963101199299735,0.55128457764787,1.9726901313193754,1.8363671872438518,-1.2953478109261571
0.011450034736879397,-0.004770981014862367,-0.007498436368802173,0.0020577338528588868,0.5643125550525482,2.039574972809753,1.812991092455359,-1.349397983740617
0.011533062353558063,-0.004828810850410774,-0.00749075041898583,0.002201215845791061,0.5870664980254244,2.146421472500893,1.788239143928849,-1.4299231563674157
0.011495740550644312,-0.004798158498156423,-0.0074900966443177406,0.0021328520261621234,0.5753110894721134,2.0939410283303985,1.7969389382345484,-1.3917671269706327
0.011582106977810069,-0.0048136421983217634,-0.007435830825289668,0.00224577158927099,0.5822471786337938,2.162443959964158,1.7411903442701353,-1.456273898807048
0.011634799630194684,-0.004807085555964261,-0.007385533822438184,0.0022999167741538508,0.5800978614524347,2.1871269488179266,1.6964447762435937,-1.487104164688735
0.011757990420409979,-0.004872599270162432,-0.0073398170042351775,0.0024927595080854047,0.6013122547814551,2.3185043605421813,1.6336650180484817,-1.592362859602649
0.011695603198569075,-0.00480891848501072,-0.007335181747929986,0.0023685297459543043,0.5801590656225942,2.22251259867272,1.6495660641757335,-1.5251665246177308
0.011740055531407913,-0.004832714038042803,-0.007318404948503615,0.0024375056361426403,0.5877821572149121,2.269179820636825,1.6268360681820238,-1.5625840742911183
0.0118178803353552,-0.0049403802452142875,-0.007348349771597868,0.0026203771430200412,0.623422989428903,2.4202018186111265,1.6186353208005109,-1.6617024665680324
0.011803108884679675,-0.004877755603726328,-0.007303192368099779,0.0025457019019233767,0.6016468562119676,2.346140730858813,1.5984470888862052,-1.6207070627625597
0.011874872624084787,-0.004955229224628134,-0.007307301783792723,0.0026950755298338455,0.6258274931436992,2.462700691245015,1.5759347179461722,-1.7009305706192246
0.011975269263691933,-0.005051591385367933,-0.007296174660093773,0.0028964214946378586,0.6533443917403908,2.6168002603618796,1.529724963177338,-1.8092067248494972
0.012011522187045562,-0.005071533411713668,-0.007276542184334601,0.002954184104317036,0.6575437166899682,2.654558965702357,1.5038489767845198,-1.8392278294654345
0.011918574339746482,-0.004978688624770895,-0.007285975276127558,0.0027636326321537536,0.6315534850473997,2.5080773257263833,1.5480433440991492,-1.737273154403369
0.011958286243619002,-0.0050088313328301185,-0.0072738014675079316,0.002834795461760524,0.6396111433788157,2.5589693844363883,1.5258077788761726,-1.7749631103619774
0.01210472840623816,-0.005161359155368949,-0.0072579244571294044,0.0031451588278186573,0.680505624485723,2.799835006462081,1.4487650671051286,-1.940312752170953
0.012132762706927565,-0.005175195270481485,-0.007238841492406675,0.00318804040282379,0.6822023306375061,2.825972155939345,1.4251022385182497,-1.9617448097260988
0.012160925547179022,-0.005188314772352558,-0.007218491285325071,0.003229981546976895,0.6831296297783563,2.8506961818417325,1.4004984989963454,-1.9824113778641201
0.01204784376618803,-0.005096211915160168,-0.007260412781255117,0.003016993286471405,0.6629724220583947,2.69789462453935,1.4790201409087957,-1.8720133576297797
0.012083942683736911,-0.005129267293697438,-0.007251422498015325,0.0030888737252064767,0.6711134277211468,2.7514869092969225,1.456752159241409,-1.9098266668403203
0.012222937622247954,-0.005215234343162252,-0.0071701622339723865,0.0033191732928787494,0.6837649617781923,2.900697174047391,1.3440905236703533,-2.0252227952269415
0.01224877817023759,-0.005230824437952202,-0.007153262542430199,0.0033611940690870287,0.6853901350638564,2.926804915632698,1.3214239334302962,-2.04560740492979
0.012281173876748215,-0.005251931801548007,-0.007132841344595248,0.0034155767543524694,0.6876926079214666,2.9612349531607993,1.2927287787067259,-2.071962964164921
0.012203331011202561,-0.005185187979401217,-0.007166247723127529,0.0032658106934524466,0.6759743228606312,2.855585687837934,1.3547559319612998,-1.9966395958671461
0.012323976174376784,-0.005236227301468236,-0.007066776516310582,0.003433372310809406,0.6750323095096952,2.94381496039852,1.2423481079011216,-2.073476457872996
0.012354640566454536,-0.005264051063096256,-0.007052916213152085,0.003493458411225812,0.6793577614789993,2.9854667415362397,1.216208969389558,-2.102859976909865
0.012554196439675423,-0.005378695228306059,-0.006890294185550018,0.0037959905768241886,0.6779676174058845,3.1464684411262547,1.0153044782587768,-2.2322598597105716
0.012418938410173441,-0.005299427709370652,-0.007002034675043456,0.003590368247966506,0.6795060939248748,3.038506027006942,1.1537392765844416,-2.1458866071216742
0.012398602641465292,-0.005260545649623821,-0.006995107510198435,0.003525033946950126,0.6705285898644916,2.9827848928349163,1.1682213342574939,-2.111548612443705
0.012532174537679937,-0.005334085212290869,-0.006883961054965123,0.003721125736522408,0.6685838760936545,3.0835455438786927,1.0353449432876287,-2.1940029077559573
0.012466890841751121,-0.0052955660834024575,-0.006937561658841552,0.003622755289891449,0.6691882789007235,3.032251846527203,1.101075623976758,-2.1529559377867877
0.01251210746830382,-0.005294163629614081,-0.006878327576535768,0.003654673641762154,0.6601387422006261,3.028119742202438,1.052541723137776,-2.1599521821493752
0.01366889791567762,-0.006441972254387177,-0.005643987943265979,0.0058187605276549806,0.5639689164589036,3.8235362270972435,-0.7052586916512872,-2.641435715105286
0.01366380233639685,-0.006421432628461169,-0.0056501714367426055,0.005783423266669929,0.5637043864366222,3.806373567101456,-0.6778156027074549,-2.63571321112474
0.013654046450102162,-0.006402680747356744,-0.005664678767191817,0.005752520686731855,0.5652190729864085,3.7980012201664404,-0.6501112876685475,-2.6342545550902865
0.013642076253857341,-0.006387010260136118,-0.005683368350646229,0.0057275505059385225,0.5675895366717639,3.7962690456998094,-0.6247798936481691,-2.6357550634104476
0.013604014464686844,-0.006367653999734237,-0.005747496295073985,0.0057013510076045415,0.5780640368731965,3.827195042628879,-0.5785525887300714,-2.6550701681424833
0.013593981868440259,-0.006347996586376525,-0.005761354061375643,0.00566832333609655,0.579320527349707,3.816321875952531,-0.549825989388456,-2.6520487629677985
0.01358114171143702,-0.006327354057838662,-0.005779675911388123,0.005634011636168341,0.5812765527507605,3.807719759098427,-0.518393204289758,-2.6502122288451724
0.013565020431651365,-0.0063078881181511184,-0.00580371836770919,0.005602178193661774,0.5844212690597006,3.8046759994803776,-0.48616867440828465,-2.651014544182775
0.01354404202503689,-0.006290669666757405,-0.005836542040365526,0.005574716258640385,0.5893598802327163,3.810667347780524,-0.4529515476815114,-2.6561865801985287
0.013530803850839058,-0.006268363866118972,-0.0058540717553018295,0.005537037071517442,0.5910025044225024,3.7985266775805555,-0.4199711427538893,-2.6522277980225977
0.013518472322376672,-0.00624725574505599,-0.005869959724629691,0.00550131351829963,0.59242684835041,3.7863077837320307,-0.3891793793788774,-2.6479288754682826
0.013627045645039566,-0.006371121156004186,-0.005707223616226444,0.005702725246584626,0.5709130840527729,3.7982922230895637,-0.5973000403755103,-2.6392109924344243
0.013313149082060964,-0.006069973293387051,-0.006162874644370245,0.005193073220250988,0.634208871664579,3.7800377454429857,-0.0536494123804445,-2.653952568907368
0.013295711873206679,-0.006043563078455541,-0.006181070737218843,0.00514602943699062,0.6352845182998331,3.7586283642123486,-0.01636461085573125,-2.643303071744745
0.013274502828689664,-0.006022728802288768,-0.006207648157888371,0.00510784567156287,0.6385563414623353,3.749175750518355,0.01969956297933134,-2.6383403971655324
0.01305545870662215,-0.005775717120613409,-0.006435896472704866,0.004648682378885281,0.6568189019583458,3.555244660146919,0.39005180485020846,-2.525900505124021
0.013053518966025524,-0.005745500616681154,-0.006421141761813974,0.004600614760814853,0.6505450332180206,3.509448341113931,0.4051477286668922,-2.50140034987913
0.013083211912994292,-0.005793520472341225,-0.0064023863331917,0.004686240151848961,0.6523573476205639,3.562719813279364,0.35271008818824107,-2.5322484542741965
0.013110422709373412,-0.005816319284757588,-0.006372054853825985,0.0047311039210041666,0.6493956800169457,3.5775365258795513,0.3133000909458357,-2.5422100003043746
0.013259913975808066,-0.005998819130783094,-0.006221170546533986,0.005065284238403936,0.6389154734910512,3.727272076354548,0.051355713712268984,-2.6270654052578397
0.013244912217964408,-0.005975355718070064,-0.006235186486849564,0.005023439085661434,0.6394025151021557,3.705986677434827,0.0825512547624999,-2.615915956090195
0.013223681012699664,-0.0059526586622702235,-0.006259503348466991,0.004981667611955491,0.6418635922517625,3.691522114151336,0.1188334582376236,-2.607846291477394
0.01320839802432511,-0.005923419187158156,-0.0062702129804473,0.004930193795555566,0.6410221577745229,3.6606031965736254,0.15293085944203091,-2.591374555807253
0.013145301073002697,-0.005827374069906792,-0.00632247769224819,0.004758938254332593,0.6412556412938474,3.566958799184944,0.2719051883124073,-2.539115534243345
0.01314755363833435,-0.00585868268480858,-0.0063357079110898315,0.004809834531026299,0.6469104949045034,3.6136140740277694,0.2526484559926195,-2.5636990874361767
0.013191047068626734,-0.005899554873224993,-0.006286539264868429,0.00488719380014176,0.6418298467877439,3.639432305899676,0.18501964144643732,-2.579626560650975
0.013171964531127804,-0.005877178298080342,-0.006306004207105788,0.004846154879353651,0.643220260709627,3.6215188751439897,0.21745962012872047,-2.569298784487413
0.013503775915356852,-0.006226852450286691,-0.005889836637870133,0.0054669629593232785,0.5947067479542659,3.777661795750341,-0.35761615343212266,-2.6452751258819114
0.013484364274058603,-0.0062083931978227395,-0.005918141767282851,0.005436142935671468,0.598688823915431,3.7771893228833915,-0.3245314773456713,-2.6465759403100084
0.013469930145032205,-0.0061865957367844,-0.005936403700311874,0.005399022996353851,0.6003892027396979,3.765106086774838,-0.29227773868799045,-2.6419238835576784
0.013432844983466601,-0.006170567389902532,-0.005995403508930643,0.005372169187747646,0.6103923430966615,3.788569771865776,-0.24696868480793246,-2.6550925251539517
0.013455657334869333,-0.006171948001307031,-0.0059563634932515265,0.0053741554850183235,0.6030597234712178,3.762328861244515,-0.26707396564955405,-2.6414724156060134
0.013420562782657325,-0.006149702111919981,-0.00600939147007139,0.005336082219824525,0.6112939889426726,3.773519540293887,-0.2175295266585701,-2.6485150646274502
0.013403917603427087,-0.006130003417789835,-0.006030992537614619,0.00530189049130069,0.6139432685592849,3.7649268575189425,-0.18575975350082052,-2.645038229888717
0.013381185385324944,-0.006110851605014898,-0.006062874429135459,0.005268206254193947,0.6184701830401723,3.76368033762068,-0.14938649817452454,-2.6451206866357175
0.013364657493527147,-0.006084439562020293,-0.006080848744333826,0.005222116041121148,0.6196241460149854,3.743683034700385,-0.11252534319962926,-2.63571612002459
0.013346125777432575,-0.006061587644754838,-0.006103149775863097,0.005181878548965174,0.6218922526502243,3.730560579859809,-0.07729670227260634,-2.629474038787205
0.014258943078553679,-0.0072478074486985004,-0.004441115279072235,0.006872476083425344,0.4174334921911285,3.402792877688829,-1.9276823535853649,-2.1731240532911675
0.01427151951353479,-0.007257966724863286,-0.004414553817031794,0.006876939280905541,0.41415413663344264,3.382887441659917,-1.9386951968865822,-2.1587130520873217
0.014253848150734272,-0.007231239796857705,-0.00445826995533969,0.006849525476508466,0.4186540440501036,3.408149997910169,-1.9046233761792872,-2.1830734810862644
0.014253531762092346,-0.007210580434341193,-0.004469180221354604,0.006814900768227131,0.41872720348956255,3.403939919766035,-1.874164516308806,-2.1898351515274364
0.014247634761716773,-0.007193207036274531,-0.004487643667545425,0.006791248156789137,0.42023827003372743,3.4097807906944566,-1.850231553553056,-2.2000966914918787
0.014240957372269098,-0.007177043889488764,-0.00450664442326001,0.0067702749981820185,0.421925601254817,3.4169764295326472,-1.8281745883488052,-2.210465590814181
0.014236566527402723,-0.007158783208791795,-0.004522554981704614,0.0067434913024991714,0.423001371193461,3.419334248273277,-1.8024356819956797,-2.219141962179735
0.014221051215519998,-0.007124579836663153,-0.004564095063361863,0.006699793316342859,0.42696943990203867,3.4352956203940304,-1.7558767307953531,-2.2409417765734276
0.014232513522499376,-0.007136603123983061,-0.004539403583803676,0.006709708935573786,0.42397205669856136,3.4195667137789405,-1.7709924558989274,-2.228142937321889
0.014218635164201182,-0.007109225654708582,-0.004574757526987316,0.006675916463961005,0.4275158440987317,3.434252640862478,-1.7340176053232084,-2.246388246270843
0.014140206146424661,-0.0070321927763733185,-0.004739348421636177,0.006611338717604601,0.4475909597010182,3.5381356050054387,-1.6327852462405386,-2.3291787802303356
0.014165991433108018,-0.007045406047739428,-0.0046899965862817715,0.006612635699146655,0.4408318822478104,3.4995403719027824,-1.6493303964296435,-2.3042434219962984
0.01415624027208622,-0.007033549598565397,-0.004711123005637271,0.00660037395866255,0.44336898098110533,3.511075367372851,-1.6331614350216204,-2.314589458866825
0.01419866432742763,-0.00708349228196897,-0.004619332807872838,0.006649823928510822,0.4325934247835768,3.4589875752105264,-1.7001290788918288,-2.2690070889599414
0.014214709556354583,-0.007092987315602171,-0.004588184668878573,0.006651873433291733,0.42841238107677215,3.435234698518871,-1.7112403677650208,-2.2531058500537116
0.01418646889495464,-0.007042752072066158,-0.004655916046328915,0.006590840082419732,0.43552926916851625,3.4635600177895296,-1.643026422019268,-2.2864771473473184
0.014195401803045479,-0.007063496822514524,-0.004632786743836549,0.00661858047284587,0.43326917284871386,3.4568344888659177,-1.671657757685658,-2.2753804378032716
0.014032689940723606,-0.006920842506470813,-0.004962500239987159,0.006499040686914953,0.476013352559546,3.665419899048102,-1.4720394559376302,-2.4349345197485537
0.014021149291983864,-0.006910438165735525,-0.004985683036553641,0.006488792869267729,0.47926162237989606,3.679023386538416,-1.456185016293151,-2.445570147624335
0.014052101367684148,-0.006917699297694761,-0.004928884686745829,0.006479360259135382,0.4703357698086848,3.6294879230063444,-1.468151911715257,-2.4170758834847828
0.014014526974430019,-0.006893873607987199,-0.005001454579718244,0.006463910101102699,0.48066100507737,3.6797506765738737,-1.4314353534940754,-2.4514335531468645
0.01399409860985761,-0.006842516387257365,-0.005048885900968234,0.006386258455460856,0.4852374777946417,3.6797411659905457,-1.3551916252040381,-2.467711507675864
0.014010745256194562,-0.006873607859380597,-0.005012780668684535,0.006430412251333845,0.48124859842982187,3.672712745884287,-1.401700440560103,-2.454243289056242
0.01400304310990845,-0.006856926632211504,-0.0050300536277285875,0.006405954138802986,0.4830081770940456,3.6745218139196383,-1.3768868100695801,-2.4604677197286358
0.013986192602427786,-0.006827514647884059,-0.005065820201581366,0.0063647135535039034,0.4870903200329906,3.6824486086859234,-1.3327166719363304,-2.473742204386186
0.013979857828556957,-0.006809965658992391,-0.005080231750867282,0.0063375485443977865,0.48837220180131985,3.6802837696876733,-1.3068351067923094,-2.4778589966267117
0.013972924757715043,-0.006791425392282095,-0.005095644598010125,0.006308952022970832,0.4898299745675366,3.678063399971421,-1.279594292680123,-2.482109188134889
0.013941514121320183,-0.006751361077989725,-0.005157253208392772,0.006256555557372527,0.4977368075661964,3.6993619334367702,-1.217691531341167,-2.5048618236210203
0.013963689204030074,-0.006774626518157579,-0.005114633599793048,0.00628477961460066,0.4919902669987239,3.680670668983154,-1.254462364828411,-2.4883245018568627
0.013952595534569729,-0.006760810652809823,-0.00513630204052637,0.006266871812179597,0.4948138092382062,3.6883853627480607,-1.2331053644361167,-2.496351894961393
0.013915959645573364,-0.0067132244102799405,-0.005207039355278775,0.006203059273398116,0.5038980501665841,3.7100961218088586,-1.1591008977833759,-2.5209735565141558
0.013910875076575891,-0.0066927143421078375,-0.0052179579336520876,0.006169345219914091,0.504546719505199,3.700792714501341,-1.1298447197063533,-2.5213216430678593
0.013938159774304673,-0.006736767224505817,-0.005165010798185627,0.006232540527172851,0.4981947424201931,3.6930236067041595,-1.1967384808809187,-2.505477546616467
0.013932822581010612,-0.006721245319994138,-0.005176248355126012,0.006208012161195854,0.49909275147874926,3.6890428467005343,-1.1742331040473124,-2.5075087561578426
0.014135008190622538,-0.007014603864939542,-0.004754504552249603,0.006585082673239336,0.4487957881566503,3.5388604081545574,-1.6074592340286407,-2.3359612199814688
0.014128984994569339,-0.006996076055844352,-0.004771184696041185,0.006557808247881949,0.4502366311950114,3.5402380494351102,-1.5809289489448617,-2.34328439983916
0.0141205515027545,-0.006978949240257482,-0.004791357260070544,0.006534786858919876,0.4522895495405073,3.5460640758078896,-1.5565881428920283,-2.352335215384294
0.014109234076423706,-0.0069671400181665795,-0.004814712733605664,0.006523097542545253,0.4552742658967242,3.5592748882351843,-1.5399638641065019,-2.3633593548104552
0.01407149441995485,-0.006916540617607401,-0.0048950856940181454,0.006463175905465799,0.46495804517512906,3.5954043341503494,-1.4670430729662725,-2.3994500971822217
0.014104903890047663,-0.006947862281765334,-0.004828033321742221,0.006492903716308241,0.4560974038149527,3.556287527417381,-1.5122433243751592,-2.3683669819432853
0.014086444310441341,-0.006929093477905346,-0.004865539806123752,0.006474104377455045,0.4609179421249467,3.577234896201736,-1.4853262617805092,-2.3857015038277534
0.013877161111049127,-0.006663249462418227,-0.005280032846985646,0.006134313133124058,0.5133347400406235,3.7296885799040997,-1.080382607270976,-2.544327871638925
0.013869700039540222,-0.0066433489709850834,-0.005294326512866587,0.00610254928819227,0.5146027697442994,3.723441482828736,-1.0514695422182603,-2.5458322432103913
0.013859019234930159,-0.006624421507272349,-0.0053140259933366525,0.006073999658555335,0.5168319904795108,3.7228795319836494,-1.0229278882960935,-2.5500273032464302
0.0138273430042747,-0.006598315565245937,-0.005370878080659868,0.006041906304480039,0.5251124919221969,3.7482926123274427,-0.9772999179906215,-2.5697678536361868
0.01384453674250828,-0.0066088302249993095,-0.005340144749357554,0.0060529648997842125,0.5204086160631408,3.7311208115352277,-0.9974167612150335,-2.558097355857576
0.01382301562516472,-0.006577752676340818,-0.005378567275551832,0.006007184486686552,0.5252263458751295,3.734653883070927,-0.9490580921984467,-2.566991198178911
0.013812447180532745,-0.006556803844545401,-0.00539704328200287,0.0059744337979195155,0.5271120550022604,3.730143548487298,-0.9181378601048059,-2.5690599000002243
0.01369691330963689,-0.0064701493207200075,-0.005597304288569234,0.005861148427844824,0.5573420461083365,3.8142786483107014,-0.7549557464978959,-2.6315165384049153
0.013688066669610427,-0.006448239536950548,-0.005610529788995183,0.005824587581236815,0.5581377169526052,3.802083681812676,-0.7236495837595138,-2.6288668760212492
0.013735692633260715,-0.006484959050347064,-0.005529531357731384,0.005875267634571807,0.5460448543688928,3.771896222855975,-0.7933437860599267,-2.6060207266044233
0.013720958057075306,-0.006467881884366747,-0.005554152674249035,0.005849660091404021,0.5494121808604789,3.7750144677000725,-0.7650899615414586,-2.6108489715920076
0.013799236609225688,-0.006535339116111868,-0.005419851811668034,0.005941705323237846,0.5298979234153985,3.728604354225482,-0.8855122007587859,-2.572709252547551
0.013789008231009004,-0.006512842097295121,-0.0054369772521685655,0.005905889960639138,0.5312851205739911,3.720866463599792,-0.8531386255539094,-2.5730232103314354
0.013774207332358974,-0.006498981128701628,-0.005462340197497438,0.005886831937641526,0.5351889869353307,3.7286364939428696,-0.8293357109499141,-2.5799470857231595
0.013765651922125175,-0.006478026697469045,-0.005476009972370777,0.005852916587384484,0.5361555231556873,3.7190039769668153,-0.7998119680394468,-2.578696942214925
0.013900007801101405,-0.0066698561014500125,-0.00523901124646573,0.0061344906214174915,0.5067721252997645,3.69844458837468,-1.09614935539264,-2.5258408331825244
0.01452304698669001,-0.007732646183721358,-0.0036777089310845927,0.007336654893759404,0.3528143680899141,2.920122464907315,-2.4815183410328925,-1.6934121483420215
0.014530238405019115,-0.007747168233386327,-0.0036542560396230083,0.00734852728925909,0.351175374419125,2.903643366651448,-2.4956489499372445,-1.677405675185634
0.014536626629164981,-0.0077616156046496744,-0.0036319701450269505,0.007361216504396314,0.349720171969929,2.88828421866507,-2.5101340977228186,-1.6618705510152167
0.014478839476155773,-0.0076467278327506044,-0.0038171587366801984,0.007265085863893274,0.3630024507752014,3.0169591458120344,-2.395475273239256,-1.7870863513023287
0.01448557915325225,-0.007661579074350089,-0.0037946577231668687,0.007279065344627775,0.3613892696129036,3.002096836173168,-2.4114313342962563,-1.7718020958875675
0.014491140007699821,-0.00767621689128782,-0.003774020707266713,0.00729410898892226,0.36003988732732545,2.988988431424701,-2.427783391080857,-1.7573470465472345
0.01449881564085436,-0.007690308124674395,-0.003750522278753277,0.007305387199487164,0.3582830899603993,2.972461808658901,-2.4417066716753193,-1.7417043278789148
0.014507156598721357,-0.007704067419947507,-0.003726225015739702,0.007315106618973201,0.3563994990852624,2.9548461935430974,-2.454490756692945,-1.7257768621870226
0.014515304720496133,-0.007718212645792717,-0.0037018240935467396,0.00732548263152047,0.3545650223379153,2.937284055857292,-2.4677492288203706,-1.7096143681753728
0.014602349365564864,-0.00786167790348335,-0.0034445786491344318,0.00741412523210255,0.3356303635237498,2.745322956285605,-2.587668253386962,-1.5387433276510547
0.014596255358481594,-0.007846879396489804,-0.0034672469411062266,0.007401808691960758,0.33694655616025976,2.76132630818385,-2.573851438091548,-1.5549440007342437
0.014589603368249554,-0.007832310261938176,-0.00349040181435744,0.007390443682135739,0.3383736169426466,2.777906441266371,-2.5606279769466975,-1.5711802809232411
0.014582444674707928,-0.007817813823495856,-0.003514133003266449,0.007379724523118359,0.3399132472116746,2.7950779315353773,-2.54774029235374,-1.5875729886726422
0.014553667136499887,-0.007762719126628384,-0.0036059105462252976,0.007339558322982643,0.3461432991754523,2.861430714692322,-2.4983420788345527,-1.650031812453667
0.014557098293302635,-0.007777393137611319,-0.003587749823646865,0.007356322986202283,0.34542504327659473,2.850459190391991,-2.5150944433926514,-1.6361971418975352
0.014574913741296304,-0.007803355488003692,-0.0035382904872657945,0.007369404314106084,0.34156806858695465,2.8126641594037256,-2.535024453155207,-1.6040791316017968
0.014566508914620815,-0.00778967581429076,-0.00356293581552995,0.007361244769410456,0.3433020476202571,2.831119980466663,-2.523845958416967,-1.6204094530135216
0.014607947284586252,-0.007876793182698537,-0.0034222093978082415,0.007427436246655954,0.3344371929398993,2.729741367543502,-2.602148563984743,-1.5224459515365476
0.01461275328947139,-0.007891714610996978,-0.003401030684017338,0.007441459622249986,0.33340146567904566,2.7152480629446494,-2.6169039419013926,-1.5066478623244075
0.014608457474079914,-0.007918312356449195,-0.0033809093784450323,0.00748487331823264,0.3341205392473545,2.707800443028615,-2.6543222368175,-1.4852424395605845
0.014616287082594825,-0.007905250434141342,-0.0033828748505890975,0.007455254516539017,0.3326469565089205,2.703157070526585,-2.630887136788948,-1.4926675695233838
0.014605602981855162,-0.007945722658904997,-0.003357408695839437,0.00752728865878103,0.33434915388464975,2.6970401606672714,-2.691734706655914,-1.4614093780892559
0.01461571171735414,-0.00793184517074902,-0.0033573256096994133,0.007493088002496025,0.33258687258469366,2.689917674839741,-2.6648438927260862,-1.4689434060651967
0.014612159629431855,-0.007960151903582686,-0.0033336334439982265,0.007537573310768267,0.33297623387421926,2.679284322460631,-2.7038230299885964,-1.4443607916212748
0.01466879864449726,-0.00809232937262617,-0.003117192133855301,0.0076291008602573955,0.3217043676685785,2.515799343754637,-2.8094042159502233,-1.2864565342566079
0.014674319344323216,-0.008107167564519116,-0.0030936290000156586,0.007639804756548199,0.3206612548424393,2.497993402257041,-2.8211601161820394,-1.268741204331853
0.014697075937761364,-0.008165783592119811,-0.0029985783370215335,0.007678931653820637,0.3164367297476843,2.425128098382902,-2.864819922733035,-1.197627662001955
0.014691497868434392,-0.008151089781289499,-0.0030223503005846874,0.00766917580638372,0.317447874491472,2.443397801736069,-2.8540172788446196,-1.215502650049458
0.014679876118555547,-0.008121866871789575,-0.0030700943882853156,0.007650105800286762,0.31961620553265385,2.480101405418651,-2.832538600028787,-1.2510710474893771
0.014685686992754415,-0.008136457122728138,-0.003046280345462882,0.007659698537036213,0.3185219725949166,2.4618200279103664,-2.8433455336256297,-1.2333393541767084
0.014763280000942963,-0.008344409768110671,-0.0027063534617825283,0.007786591249116923,0.3051937134571752,2.19665062729034,-2.9832190938264405,-0.9762296898829809
0.014748558093433006,-0.008299485064478808,-0.002778411691095201,0.007758685551544269,0.3074894035219294,2.253060193164789,-2.9538513148008287,-1.0320377118548054
0.014753783305966195,-0.008314530798343938,-0.0027540026507470003,0.007767710281226864,0.30665497914812717,2.233911585604332,-2.963538453809219,-1.0133228014050466
0.014758637457291097,-0.008329542402165121,-0.0027300021486001357,0.0077771410812658695,0.3059023868163129,2.215145041727648,-2.9734231136518563,-0.9946957678482137
0.014702651628389702,-0.008180500170634958,-0.0029747133112386793,0.007688551196210358,0.3154119413830789,2.406727426620137,-2.8754685355680643,-1.1796610278831325
0.014743003703800333,-0.008284476913360267,-0.002803101666317947,0.007750074783919084,0.3084016154037447,2.2724894809480207,-2.9443824653149644,-1.0507574393939798
0.014737221621046856,-0.00826955512374413,-0.0028279007900980815,0.007741763911232544,0.30937229968833324,2.292040214642441,-2.935064370261393,-1.0694047454503732
0.014731357426695601,-0.00825476480137575,-0.0028525855171430445,0.007733566318280372,0.3103785321609682,2.3114972321997382,-2.9257803398908955,-1.087889225863526
0.014708871249894775,-0.008195069728804042,-0.0029501475259422877,0.007696780496195931,0.3142860185988959,2.3874751812438597,-2.885082880459102,-1.1615498427987265
0.014725719393330788,-0.008240008808945806,-0.002876897082765096,0.0077248633920840365,0.31136079725366944,2.3305445061071968,-2.916091421840864,-1.10621566563203
0.01471494126022655,-0.008209924452249651,-0.002925381707430052,0.007705427835691936,0.31320656632647864,2.368116807383076,-2.8949813118443593,-1.143144138224
0.014720402842522242,-0.008225057442340863,-0.0029009796919254927,0.00771522568807186,0.3122669372583868,2.3492261457483092,-2.9056493696397028,-1.1245912340819695
0.014618622883312232,-0.007974693254520611,-0.00330980097080593,0.007547980638205112,0.33165930627666457,2.6614715700656046,-2.715957718660221,-1.4271757802074665
0.014626996823266137,-0.00803202071010158,-0.0032381818366902584,0.007613496850460638,0.3303149658106006,2.614807321422427,-2.7784786770599843,-1.3671817129706854
0.014633207200139936,-0.008046568573476152,-0.0032141857636887876,0.007623580142572567,0.32920195753340636,2.5965768036363817,-2.7901091066669497,-1.3495849969241307
0.014639556476199645,-0.008061088642672867,-0.0031899629280300328,0.007633239622020344,0.3280108248582805,2.578061353154648,-2.801366411183261,-1.331892513240928
0.014645817469926235,-0.00807570893099553,-0.0031656818951141005,0.007642992903548495,0.3267172945292945,2.5594857573356733,-2.812640253866008,-1.3140743851909151
0.014625120428720358,-0.007989288104273407,-0.003285791618782355,0.0075582378110774775,0.33031762073998466,2.6434519982435876,-2.7279397812067603,-1.4098478943762662
0.014631402594197684,-0.008004056559623053,-0.0032618210263631385,0.0075688831976179404,0.32905616814153227,2.6255120698112004,-2.7401571376356397,-1.3923827442428804
0.014637284480201317,-0.00801891033358805,-0.0032382238406719506,0.007580079602963543,0.3278825683334976,2.607955832311577,-2.7526816652531534,-1.374944747209681
0.014662967166524188,-0.008077418309372942,-0.0031411623648396627,0.007618617554660521,0.32281273966507623,2.533953301819064,-2.79769603865654,-1.3043012719668103
0.014796673926159916,-0.008491303517534052,-0.002482450874544626,0.007892694788371643,0.30133929117515695,2.0228534524801507,-3.0850151868845987,-0.7932682022169809
0.014791812922858173,-0.008476201860667923,-0.002507382365003531,0.007884956427939406,0.3020029067242603,2.0428774821038727,-3.077006094072045,-0.8126674541852242
0.014772147422690214,-0.008416110520144045,-0.0026063832323263945,0.007852958149600702,0.3047161076914336,2.1220886377859736,-3.0435862522896255,-0.8895525301337673
0.014777062963615533,-0.008431083619758374,-0.0025817833815797273,0.007861167994717795,0.304024481806507,2.1024603852112875,-3.0521831008083544,-0.8704495875950754
0.014786910114943973,-0.00846112503211938,-0.002532271819639983,0.007877139130759993,0.3026627270273561,2.062842559986923,-3.0688745166654106,-0.8320086880132306
0.014781994615846472,-0.008446081197858118,-0.0025570767160807673,0.007869202518870596,0.3033384667591001,2.0827064204882944,-3.060593823390789,-0.8512746319471828
0.014783537614607658,-0.008403928784278014,-0.002609122695836866,0.007819912180555116,0.30209715559831335,2.119625715276369,-3.0186647512645806,-0.9013715179138932
0.014768171005516154,-0.008359088742143077,-0.0026825836929909833,0.007795242390723601,0.3044368670610875,2.177912938406721,-2.9923613312834703,-0.957856485467027
0.014773521881476353,-0.00837377736393288,-0.0026582168558366135,0.0078029609216846785,0.3035861730705691,2.158530289724929,-3.0007990042358084,-0.9393172056968321
0.014778758489815204,-0.008388776135330353,-0.00263353885715775,0.007811049649688032,0.30279145594095264,2.138925428033948,-3.009486130815025,-0.9204057640824278
0.014818088277688615,-0.008509687946985868,-0.0024357402181841626,0.007874805754309955,0.2972264822604979,1.9810238905534547,-3.0759746813763633,-0.7670541083741725
0.01481340465346267,-0.008494451016957049,-0.002460571494839346,0.00786692225135318,0.297842165716836,2.0009102805783807,-3.0679484091616547,-0.7864627404092573
0.01485355101057987,-0.008630914724949168,-0.002238061032014143,0.007934384151977116,0.2929856307310834,1.8218638014167532,-3.1351750659978035,-0.6116104256130787
0.014845261139621172,-0.008599806919227451,-0.002288302909470852,0.007918726911241626,0.293853628865193,1.8623240951233837,-3.120143135723796,-0.6516097072416299
0.014849649699575425,-0.008615348125506473,-0.0022629900082807987,0.007926198838022959,0.2933721015273815,1.8419043462116058,-3.1274446465026657,-0.6316303838844801
0.014830940527258816,-0.008554875716045246,-0.002362831297101325,0.00789896994585673,0.2956497621710666,1.9226633534992656,-3.0999162838301846,-0.7093931945855702
0.014840462068133574,-0.008584561608306973,-0.002313573820692664,0.007912095011751828,0.29444156849700803,1.8827964005952136,-3.1133980027390753,-0.6712265709347554
0.014835603320851562,-0.008569649584728844,-0.002338414969421392,0.007905722637608172,0.2950572407425954,1.9029326808783813,-3.106812217621371,-0.6904153636483815
0.014835120408751257,-0.008513015237699694,-0.0024136379464935014,0.007848618519313415,0.2944862258564535,1.959609740293893,-3.0583657627004897,-0.760638397448493
0.014838988828286036,-0.00852834723161282,-0.0023896097316007535,0.00785771458709232,0.2940134910317742,1.9405636802693833,-3.0671337524979183,-0.7413503838235269
0.014842423595391924,-0.008543238113882223,-0.0023665342003597344,0.007866951298964057,0.2936237396103713,1.9223026820132814,-3.0758646316136744,-0.7225995732219311
0.014857635806347852,-0.008646178002962843,-0.0022133077932262528,0.00794177198748175,0.29254744537919436,1.801865929356241,-3.142239572635986,-0.5919221817730992
0.014869432321848501,-0.008634516729786225,-0.0022178712221676638,0.007909507958944592,0.29043854963377175,1.8025712663834004,-3.1182541938278994,-0.6062586888552609
0.014862313790770763,-0.008661254568960521,-0.002188194199822887,0.007947740532341768,0.2920014265653048,1.7814069408085038,-3.1482207288825097,-0.572421200177172
0.014867078089831183,-0.008676510989559828,-0.0021627141275705297,0.007953542920900765,0.2914598007806803,1.7606269651021924,-3.154039385141903,-0.5526826456306776
0.014862813401950852,-0.008718985061435877,-0.002107572275813284,0.008000613863841358,0.29361745905593245,1.7193825587123024,-3.191328594362204,-0.49790824756711344
0.014866734721716278,-0.008734354216353641,-0.002082386317015257,0.008007444560402732,0.293163824140827,1.6988625944142812,-3.1976340311793137,-0.47778463437505886
0.014870482936359591,-0.008749700053129089,-0.0020573395129134535,0.008014391803646376,0.29275174987698854,1.678455230621701,-3.2039552600233416,-0.4576587889119496
0.01487414510364536,-0.008765012664077027,-0.002032365160381276,0.00802129049821282,0.2924427295053555,1.6580941288282205,-3.2101733897496634,-0.4375458962579439
0.014877861322059977,-0.00878029809108329,-0.002007331201023941,0.00802789062726312,0.29220305472206415,1.6376607642584482,-3.2161084404626608,-0.4174549608665603
0.014881615599639077,-0.008795549727660716,-0.001982265005866216,0.008034215257524279,0.2919790175350167,1.617184500742928,-3.2217754135668613,-0.39740120131011564
0.014889123608271644,-0.00882595479738859,-0.0019321431935329094,0.008046253611066477,0.29160295346608506,1.5762013887071282,-3.232460311000947,-0.35740419822689523
0.014885351938431273,-0.008810762941752447,-0.0019572248562294077,0.008040363795855689,0.2917772087827317,1.5967187975308528,-3.227245141009527,-0.37738911633225786
0.01487148538228357,-0.008691991623150075,-0.0021372198967420254,0.007960014895901583,0.2910042228434402,1.73989855879697,-3.160280809205315,-0.5326543004200558
0.014875658545593098,-0.008707504957815837,-0.0021118516357769273,0.007966757240437397,0.2905956135150162,1.719296711724173,-3.166645148183878,-0.5125687019798697
0.014907253972205317,-0.008902986993231868,-0.0018051864105308555,0.008075267342550015,0.29017270203545387,1.4722088858829248,-3.2572874168046924,-0.2558687764870497
0.014892949904358577,-0.008841185254766666,-0.001906920568094184,0.008051898483656332,0.29140488268601045,1.5555533042879794,-3.2374342797096234,-0.337374828437433
0.014903966141297345,-0.008887474388630603,-0.0018305407013812214,0.008069107291115056,0.2904055840968127,1.492988723259784,-3.252188550367063,-0.27640040336981325
0.014900482234946638,-0.008871959518670558,-0.0018560103398096793,0.00806313217816304,0.2907652555665823,1.5138541306917535,-3.247158661742461,-0.2968795128434048
0.014896771286791828,-0.00885651779995997,-0.0018815176727202743,0.008057458243363522,0.2911293909601795,1.5347489476466365,-3.2422856176827004,-0.3172102285956493
0.014910499861517558,-0.008918454917905284,-0.0017798838814337503,0.008081292289887671,0.29010555184803494,1.451457198973398,-3.2622226600207784,-0.2353730621774053
0.014920827156530014,-0.008964791307706808,-0.0017033811629601078,0.008097128806116275,0.28969166814914793,1.3886408994968817,-3.2750108255963526,-0.17411417953737185
0.014913898933944214,-0.008933874081550329,-0.0017544911292394093,0.008086813341951243,0.29007165757955483,1.4306118252435065,-3.2667279402923612,-0.21497095044882528
0.014917425245172125,-0.00894929385920116,-0.0017289635228833393,0.008091915531124184,0.2899262117368148,1.409645821695077,-3.270863196981979,-0.19460499009506296
0.014923077918435041,-0.00890744299664361,-0.0017862486311807284,0.008049125784500928,0.2871204704722667,1.4539493764203382,-3.239330015100329,-0.2518263797234521
0.014945216427413241,-0.009088485485119166,-0.0014998931383252334,0.008137527611212177,0.2891591551396478,1.2214289222141692,-3.304891763473266,-0.009932297027481765
0.014942269186191222,-0.009072966930766016,-0.0015254658816929334,0.008132872234461746,0.2892135466662151,1.2424509918527278,-3.3016679806246745,-0.030534637669103134
0.01493000885055625,-0.009011278134155825,-0.0016271699481785107,0.008113622096547661,0.28930117214961376,1.3260517995409524,-3.287667972512782,-0.11237883318012028
0.014933043290257844,-0.00902666185089662,-0.0016018739441893103,0.008118733402248725,0.2893164080168251,1.305260604200923,-3.2914796487719298,-0.09194510318468518
0.014936144580834162,-0.009042045414075182,-0.0015764963860266541,0.008123540253907697,0.2893070735882068,1.2843990747809453,-3.2950086195619934,-0.07154088996659143
0.0149392399872367,-0.009057477458231445,-0.001551017668908219,0.008128213178661662,0.28926581678142926,1.2634553884870072,-3.2983763557443138,-0.051081954257096295
0.014942838473354337,-0.009000660138618466,-0.001633894451759691,0.008081684300619453,0.28625276411223627,1.3291347445995705,-3.265245581928531,-0.12939854489463795
0.014940154142945842,-0.008985149671443619,-0.0016588988460641153,0.008075575016698916,0.28626886942367286,1.3495662991399235,-3.260614301616425,-0.14989673432923367
0.014937245781134362,-0.008969472716405533,-0.0016842666179160625,0.00806959134654421,0.2863217082315272,1.3703048066607468,-3.2559993667183744,-0.17056008910740142
0.014290514589112053,-0.007263599955119559,-0.00437971305035136,0.006867110294397978,0.40944245746623337,3.351146176680204,-1.940704394553024,-2.1404073816897493
0.01431643951933486,-0.0073280735248522355,-0.004300471652069759,0.006947333322311833,0.4028638470312142,3.315402855122209,-2.025817334609257,-2.0934783926631693
0.01430800688454283,-0.007310501157920112,-0.004324608926260247,0.006927116278593068,0.40494077044866333,3.327928729673821,-2.0032708766924743,-2.107772621879526
0.014307966149294651,-0.007289650835757604,-0.004336431505240361,0.0068925416303214785,0.4050344678002193,3.325295654943155,-1.9727349767138185,-2.1159585536763434
0.014307198250028614,-0.007269792552822817,-0.00434862463563964,0.006860405387818414,0.4052828744666283,3.3236481730906013,-1.9440266387665537,-2.123997178702384
0.014377021125060487,-0.007393316722908688,-0.004161581281912897,0.00698802377941344,0.3880029330455232,3.2163485584691114,-2.094500993548666,-2.0143777999056183
0.014404548425113258,-0.007404315234806728,-0.0041103724355019055,0.006974926979413365,0.3815891050258328,3.1706721043216493,-2.0972937464112484,-1.987077854601391
0.014396165385143562,-0.007391469684664773,-0.004131972552798388,0.006963756372627124,0.3835895577696558,3.1844671940452174,-2.0829998471930598,-1.9998891642383703
0.014336162858020864,-0.007329120169018784,-0.004267333848686401,0.006928024993508136,0.3980256295262845,3.2818153110933452,-2.0194646198205457,-2.076532207636102
0.014343677801200067,-0.007348736949509842,-0.004243358023007776,0.006952119382791008,0.3961465336567639,3.270686508751461,-2.0448367447237765,-2.0619633482009188
0.014358307651233443,-0.007364263150706891,-0.004210046517635783,0.006961564094484435,0.3925737256749715,3.2468906643652837,-2.0610372005466537,-2.0430610414413084
0.014368313076767636,-0.00737936431082499,-0.004184452168140062,0.006975103756720689,0.39010568950008445,3.2306454328347276,-2.07839319440802,-2.0279943428159544
0.014490101971030055,-0.0076315887437751195,-0.003812170106747471,0.007227409033404279,0.36067606116808754,3.0025858543369606,-2.3668160860849543,-1.789572537969326
0.014469526452945159,-0.0076035538380831574,-0.003866022693033975,0.0072105323916483765,0.3654297462027774,3.0422624806808725,-2.3415035434371996,-1.8232325586118807
0.014482326616293196,-0.0076141257983803265,-0.0038379907745697624,0.007210595981680173,0.36248238802662286,3.0192020763221166,-2.3478327162136794,-1.8069441598552793
0.014465193281883944,-0.007587221888859171,-0.003885437507823852,0.007190722929444614,0.3664528532440641,3.0526608530396824,-2.3214492897458006,-1.837114181168275
0.014466262066864896,-0.007566662218067507,-0.00389951863570951,0.007157552398764519,0.3664020507300274,3.054804608800684,-2.292062821990598,-1.849464088823252
0.01446063103645355,-0.007548324066162734,-0.003922036368721542,0.007136032162356054,0.3678197041465218,3.0670231701521247,-2.26987122938391,-1.8650094095879861
0.014450531957933839,-0.007527840569712759,-0.003952880388153218,0.007116405093205978,0.37027004338828046,3.086476047346412,-2.2471810518829294,-1.8849179387707606
0.014413327413394688,-0.007417520714625873,-0.004087837495486018,0.0069860719914433605,0.3794935240812171,3.1560720590408633,-2.1117488663849238,-1.973683146953295
0.01444748427679801,-0.007503751640014906,-0.003975041543977438,0.007082408236093533,0.37109061755511646,3.0944410469226162,-2.215152178575169,-1.9012602467203485
0.014422117097944276,-0.007431734624263915,-0.004064545011391897,0.006998639189083976,0.3773982787285522,3.1412607314442726,-2.127455706205332,-1.9596670895340935
0.014443910791910146,-0.007483136086984236,-0.00399520099405732,0.007054361252978003,0.3720661118411401,3.1023704957598146,-2.188252810794317,-1.9155724557422982
0.014438096698117728,-0.007464514806235122,-0.004017224771615985,0.007031940226464711,0.373533448986283,3.113374844041381,-2.1652862022003414,-1.9301716896655583
0.014430591203136937,-0.007447381851299521,-0.004040694324787735,0.007013653844023024,0.3753637377514476,3.126700433924237,-2.1451637825299894,-1.9450255636286526
0.014424180044460028,-0.007400946385913638,-0.004081378100216661,0.006947629950329325,0.3772516208826561,3.1386448708937986,-2.0833208697081655,-1.9732122635762526
-0.006177641567294451,-0.006776713476601133,0.0053720415136604,-0.0063704964169140794,0.2907925471766255,-2.7434521113448835,-0.02736221781791239,3.9298776477975212
-0.00617207100511795,-0.006761743566724401,0.005364118222423587,-0.006340856893594766,0.279856298846842,-2.7292640369941883,-0.038604037344445126,3.9006387962048272
-0.006187786671370488,-0.006764721103672903,0.00539202447575821,-0.006353591497181031,0.2865044159909575,-2.7434413742148993,-0.04809966549206315,3.9293947226804296
-0.006167534192912692,-0.006788737656698444,0.0053520174151420975,-0.006387328423678278,0.294177873856413,-2.743337452350073,-0.0066531861104343415,3.9301153459453144
-0.00616193663353174,-0.00677379630623608,0.005344216977644522,-0.006357723587468499,0.28447301562458804,-2.729219783051814,-0.018049867164624034,3.9010252369070373
-0.006157464647985367,-0.006800793525181948,0.005331930145996703,-0.0064041060524347255,0.2982223753260608,-2.7430727667881896,0.01406795640491539,3.930138704106788
-0.006151813179625974,-0.006785865224318967,0.005324219732888853,-0.006374489979848769,0.28909431218525034,-2.7289801516831105,0.0025102366923862684,3.9011458021958076
-0.006147433031857423,-0.006812880963004882,0.005311774915728364,-0.006420833279876456,0.30333824773608886,-2.742635742417869,0.03480970756251762,3.929996894004893
-0.006141717631953053,-0.006797962675699331,0.005304155212932407,-0.00639118247460493,0.29344431820288813,-2.728560993662239,0.023074440996137948,3.9010316070745827
-0.006137439443456897,-0.006824999850860255,0.005291570612414615,-0.00643749442954799,0.3083010679164012,-2.742044616400259,0.05552743377594408,3.929681981865063
-0.006131680256800858,-0.00681009979820062,0.005284072101354784,-0.006407835033607261,0.29765907162301986,-2.7279851480007338,0.043652492744423343,3.9007532767199184
0.008672644377535158,-0.0050370710383756,-0.007869086040219521,-0.0021020178472340354,-0.0344383495152068,-0.6530142930558446,2.384943176834835,1.3733159578383627
0.00864380693470943,-0.00503364385724372,-0.007843075657582218,-0.0021387090880116426,-0.03888361727842966,-0.6824492883954298,2.3677008215337367,1.3998075191504888
0.00861522563004777,-0.0050306559498188245,-0.007817366753676344,-0.002174902733370971,-0.04300370035016122,-0.7114150848729048,2.3504974900958575,1.4260037156138392
0.008580150760245485,-0.005031972017069124,-0.0077908200483952,-0.002222666893208845,-0.04838949288966532,-0.7465747370346519,2.333121979131169,1.4600181869894029
0.00849869717427176,-0.005053938495307192,-0.007747398643407648,-0.002347464503496112,-0.061859098020486766,-0.8276127334599278,2.30654060755266,1.5471162670124825
0.00852394537667649,-0.005029793472033467,-0.0077422562845980555,-0.002294436764296378,-0.055852668838649235,-0.8021186493976288,2.300394534998222,1.51169642118885
0.008549024661965702,-0.005012135352899833,-0.007743698968496805,-0.0022473357047393234,-0.05049540247908029,-0.7771422320900424,2.2993921112012,1.4798876494880078
0.008471919053987592,-0.005040446051184606,-0.0077097019698987145,-0.0023702149986303154,-0.06355930410193478,-0.8531544214819483,2.279349089706403,1.5648854970406803
0.008421482563643105,-0.005057458067939902,-0.0076838797400989095,-0.002448794136037716,-0.07115943638008655,-0.9027498844939829,2.2632391461412174,1.619603131123988
0.008447297385142103,-0.005047120949087316,-0.007695526043186285,-0.002407203954796392,-0.06715082472413698,-0.8773148476772867,2.2702736235415535,1.5907870702946407
0.008392366457376276,-0.005043894452321578,-0.007643245548810137,-0.002472784599572424,-0.07246768742091618,-0.9295102489005107,2.233522138948171,1.6383031889237623
0.00923300969536215,-0.004830685896310704,-0.007969156575918762,-0.00117807898551491,0.09986534134882158,-0.09606677215275754,2.4125896750590226,0.7506553976129774
0.009204068369604817,-0.004836412210552336,-0.007962893646769291,-0.0012229993955630905,0.09258891310839869,-0.12517263102844822,2.41037906711524,0.7808953372226484
0.00908782337904465,-0.004850291427361698,-0.007922734119043722,-0.001398191221572821,0.06401448460591182,-0.24308195122999413,2.3904868439325893,0.8995953385786809
0.009168871139578342,-0.004831662091415815,-0.007941500392511342,-0.0012721021669686793,0.08382308315322345,-0.16221292299853965,2.3977713772204265,0.814407337192424
0.009139279916544674,-0.004834649584406674,-0.0079308205118001,-0.0013163353652004511,0.07663422092940966,-0.19221725814285706,2.3923521083886574,0.8443794301100503
0.009113114272944632,-0.004820572194649748,-0.007902357343654921,-0.0013470257547669737,0.07065022238119113,-0.22085638819061673,2.373809452988283,0.8659917323734353
0.009286847798794858,-0.00483632803984853,-0.007997924667718813,-0.001100955976933162,0.11386821515679169,-0.03915026009951,2.4288582230561713,0.6984706644464074
0.009255818574639984,-0.004813786668496626,-0.007959845322556598,-0.0011374808899379562,0.10562223261922264,-0.07510693030786902,2.4042098118667092,0.7235996665128056
0.00957575709155131,-0.004736091327851151,-0.00797734510702275,-6.391154043463965E-4,0.18685518426175918,0.24165248157329947,2.391448061670022,0.388632614536823
0.009324555658391524,-0.004808836820492694,-0.007981634401307086,-0.001034360078063851,0.1233827009170212,-0.004677692972184267,2.41439723948278,0.6541151107662823
0.009354206950435642,-0.004775185658037957,-0.007954885017985027,-9.78256105490686E-4,0.13016840713869593,0.020148772446115338,2.393076328150919,0.6165783871380265
0.009531842982236924,-0.0047312522716989325,-0.007961036284154675,-7.029698945841337E-4,0.1746787343297245,0.19513183038504642,2.383405662051349,0.43121344627930075
0.00949093511236659,-0.004737409575858442,-0.007956769030040008,-7.650040500556719E-4,0.1642933053950517,0.15418323835653447,2.383638388969553,0.4729014806308767
0.009459149517355714,-0.004712350481130215,-0.00791973175323754,-8.042357803349239E-4,0.15465786437872778,0.11641385503544845,2.3597769984515278,0.49909268339447327
0.009420863810985735,-0.0047404010714109076,-0.00793889104112437,-8.687663719887897E-4,0.14605774624892556,0.08246111090272783,2.3764823993540083,0.5428162248780718
0.009379884021867338,-0.004748171313606676,-0.007933867539638524,-9.311910604022606E-4,0.13593762420325556,0.041749814958799245,2.376055863348066,0.5849645945475606
0.009599576605407693,-0.004701879986292579,-0.00794476208707859,-5.960480405428496E-4,0.19044963424504388,0.258508128411407,2.366307610185306,0.3587127411296351
0.009625680352964931,-0.004671970149911931,-0.007917350264049753,-5.5141191907385E-4,0.1946867425533201,0.2784536435730766,2.344573019455598,0.32768689165754106
0.009661201108934621,-0.004649910123485657,-0.007900135147685242,-4.954173229341287E-4,0.20175548861305811,0.3095247789648188,2.3292638311469243,0.2891831602791062
0.008738394422274646,-0.005005817657565496,-0.007882515026732687,-0.001988225856835085,-0.019777639236434275,-0.5873082151434122,2.389218758546571,1.296330989354587
0.008712498655996832,-0.005011305193143264,-0.00786985278205945,-0.002027984611042043,-0.02490580155306349,-0.6134575531553176,2.3819426933277863,1.3237836303061474
0.008683926280953732,-0.005009415160030476,-0.007846516064535845,-0.0020657083419013083,-0.02970136908502646,-0.642582056648665,2.3667517889869436,1.350718813024633
0.008748985248774705,-0.004980152929446821,-0.007861251469114155,-0.001955239455763367,-0.015410952105200484,-0.5778923988830432,2.3723087620572927,1.2758247559055167
0.008814274418074334,-0.0049581961730952315,-0.007881786742643232,-0.0018496295736315615,-0.0012711200772495118,-0.5127492929549069,2.3822013245346096,1.2038494299519293
0.00878962047376129,-0.004962873371103211,-0.00787028269160194,-0.001887061886584118,-0.006271262771297451,-0.5375398611819975,2.375653303980333,1.2296042741943125
0.008763620832238925,-0.004955223918738504,-0.007843750027303227,-0.0019175828738225095,-0.010541514684672881,-0.564356125928856,2.357934389419046,1.2518573455238664
0.00888513979430549,-0.004944358003149162,-0.007912450844942728,-0.0017411125569080298,0.014144605638776552,-0.44128638767611467,2.3990357025895404,1.1294230420721718
0.008856959928726508,-0.00493579860742505,-0.007884825230489612,-0.0017752813537617554,0.00897881602187084,-0.47082991307109606,2.3809406701040774,1.1539713980447763
0.008827662791059001,-0.004930185494528189,-0.007859417921195516,-0.0018123768676132045,0.0036142360258158168,-0.5010208616926458,2.3644520731236374,1.1804049220791593
0.008905957014623572,-0.004921133006472611,-0.007899365365858035,-0.001697191689913248,0.020097541825876974,-0.4219911854878668,2.3877226481127702,1.1009026379124214
0.009035656017079863,-0.004874260869900529,-0.007922068626968882,-0.0014856209219601504,0.05106053751359476,-0.2938352979607635,2.3940350612659542,0.9582470057260526
0.008930784323716412,-0.004899341490835,-0.00789013280608749,-0.0016489205954316884,0.026689718279089395,-0.3985743136844008,2.378979772951121,1.0691580103181269
0.00900068570813748,-0.004873569788817706,-0.007902007846553023,-0.0015350980915366163,0.04320609549529377,-0.32971643487748453,2.38217194823377,0.9923135770258069
0.00896212827268644,-0.004877224699728754,-0.007884042651063005,-0.001591698692173477,0.03458638206369979,-0.3686738112558121,2.3720521070057434,1.0311418781430959
0.009056648442650266,-0.004840675343838742,-0.007895827280866075,-0.001437724982066693,0.05709697119969536,-0.2761251117640096,2.3733841316236437,0.9272395047167138
0.010130587755362156,-0.004666603368629985,-0.00794614015809138,1.934139908330477E-4,0.32439143557414857,0.7935521961047555,2.319416389719365,-0.16863854484930688
0.010208363258577406,-0.00466719858683637,-0.007939724668619079,3.0815788443162395E-4,0.34368305092259105,0.8724198231272765,2.3068886752932376,-0.2442183226905836
0.01017015859880837,-0.004653047622625951,-0.007928033528358174,2.505708396153768E-4,0.3313088378007598,0.8284428076093098,2.302390394541363,-0.20775905028798242
0.010320915479703383,-0.004676382087137337,-0.007933747191098213,4.749661796857399E-4,0.3724328332478212,0.9894011105357386,2.290751316994559,-0.35295976517689653
0.01027701082904485,-0.004672142416810965,-0.007936189829490977,4.097951330485707E-4,0.36117903052068895,0.9436118014821521,2.2971538456075478,-0.3106513119733512
0.01024469955525302,-0.004642387951293643,-0.007908073767530638,3.5833939376037977E-4,0.346916670187106,0.899003681812005,2.28030228380713,-0.28014411782387794
0.010395246066370104,-0.004653650645021814,-0.007894461037244768,5.788484531455239E-4,0.3838277776389813,1.0531186313239058,2.2541802249635015,-0.42413505044932526
0.010477272372348776,-0.004635753020694451,-0.007855776000307966,6.924428217828592E-4,0.3967111270938722,1.1245320528536642,2.2168115464038647,-0.5008358741912583
0.010432157016626406,-0.004629577619599821,-0.007860111875444917,6.265572048285588E-4,0.3858350765907765,1.078056781491459,2.2250987323771834,-0.4584136211500546
0.010352508726958547,-0.004636162062204549,-0.007884002174637405,5.136108116691722E-4,0.3701315197183452,1.003233623567555,2.251343961402261,-0.3832923634304484
0.011009293058728987,-0.004643705135623529,-0.007653996458442122,0.001424509598640704,0.4868569369786924,1.6089960209614813,2.0008003293467063,-0.9729611541125854
0.01092398354535811,-0.004606666919069512,-0.007659108456151371,0.0012943912037040892,0.4650001031264413,1.5136382276892384,2.017384029224282,-0.894545060521789
0.010969309144172296,-0.004605081185918585,-0.0076350606783600365,0.0013526442813258763,0.47006286852716916,1.5503056420995864,1.993703582338473,-0.9316838255368198
0.010895464086624038,-0.004564208617819872,-0.007629111426808391,0.0012371196301246012,0.4487924789471037,1.4631445044133762,2.000416544615967,-0.8626724510656676
0.010835755583125018,-0.004553713158042896,-0.007645171879379318,0.0011547149353089373,0.43745160580317277,1.4065803419462846,2.020106612399894,-0.8111562077513721
0.011108972496147392,-0.004617825029297867,-0.007572622115628348,0.00153759763499051,0.4900469967503581,1.6708126802182481,1.9282509208924423,-1.046617353733512
0.011061319046922521,-0.004599596801400228,-0.007580983752735367,0.0014673941218465018,0.4794038321481873,1.6207951292947598,1.9417594715441908,-1.0045283522198327
0.010565941975833147,-0.0046187019219980675,-0.007812698881612427,8.129377839823615E-4,0.410050316073111,1.2005370311830073,2.175163538560047,-0.5819195232442502
0.010615499785301482,-0.004591465553621951,-0.007768185881151165,8.732320096004963E-4,0.4119685953070689,1.232574945815542,2.1369898844964705,-0.6245813974676376
0.010773526015531935,-0.00451255651269488,-0.007629010330735688,0.001056384000716071,0.41708878228513585,1.3298091292499838,2.0169994847003694,-0.7523122304666455
0.010664701969417238,-0.004564810808252856,-0.0077235591995786215,9.313988093351961E-4,0.41363865966208974,1.2629935003449442,2.098670702114651,-0.6653539236233416
0.010716558365486482,-0.004538252746923775,-0.007677300081990696,9.913695401240275E-4,0.4152084860111432,1.294887478386805,2.0589367150223477,-0.7075163187672521
0.010624559016794231,-0.0045460683949712,-0.007717556386777372,8.707862976041085E-4,0.4017949872318171,1.2170674331187588,2.0993188219169143,-0.6280774124276031
0.010515595723826895,-0.004595622445649229,-0.007802532068776105,7.358706278393612E-4,0.3943079759601376,1.1415309592764353,2.1738267830300058,-0.5341711434133961
0.00970845717599564,-0.004631835695000474,-0.007888579462859181,-4.238417672271948E-4,0.21183180354741735,0.3531676924337201,2.3169672648070185,0.24020174033377212
0.009855072993215258,-0.004669296120727052,-0.00794747266956823,-2.140490056313832E-4,0.25414814929323676,0.5128878864563919,2.3463798298129492,0.10180887674471899
0.009760211981708665,-0.004642910627134039,-0.007908272923517116,-3.5036757278499313E-4,0.22624835390157852,0.40860723323113296,2.326656669132554,0.19133728783308238
0.009808688731693941,-0.00465090947407277,-0.007922848531939914,-2.8052798588762065E-4,0.23966001353065366,0.46019257099903804,2.3328810466445087,0.14502121166003343
0.010106196352029802,-0.004621259617474219,-0.007897908619897483,1.5486739262249023E-4,0.30962108550677897,0.7523128971064966,2.287080607944928,-0.14748322988051618
0.01007007206218634,-0.004627305869407112,-0.007906162640811289,1.0258444704133217E-4,0.3021311787579856,0.7181601185584648,2.2965625754132675,-0.11218089787245696
0.009896225783760563,-0.0046451777765838,-0.007923793177899123,-1.5180399436433005E-4,0.2613186194991297,0.5478189660577178,2.325711615758149,0.058647528875534045
0.00994342552632686,-0.004628782478777719,-0.00790797657718103,-8.205638095973425E-5,0.27094081269296755,0.5906898898131239,2.309982816743696,0.01095196360129913
0.009989211868412028,-0.0046171396681894345,-0.00789619629747032,-1.5188694797567122E-5,0.2803945348785486,0.6332680152418955,2.297170515884028,-0.03461236059079705
0.010035488207723917,-0.0046139936441941375,-0.007892545611574665,5.1965746439628574E-5,0.2911486214190644,0.6787596645658559,2.2901366487508175,-0.07959165124983679
0.00966546948472737,-0.0045971768990842495,-0.007843608072548495,-4.795555899955799E-4,0.19778899122249213,0.30149280120992045,2.2880909003501704,0.2764161903528614
0.009588983316066165,0.004687583471957808,-0.007926588995796834,6.083768861006885E-4,0.1865407671869627,0.24440538914730392,-2.354211076199711,0.36654769305269125
0.010298141173822314,0.004573930961887304,-0.007826246427842035,-4.251640629414571E-4,0.34438944833405105,0.923600351522219,-2.215416628710042,-0.33169080511681326
0.009627418185102796,0.004669745138009964,-0.007915273304104443,5.484203940157715E-4,0.19486198135338173,0.27972509412464125,-2.3429562590173703,0.3255999828001015
0.01016426963031314,0.004569719406542801,-0.007837993209214954,-2.347011639272051E-4,0.3136932149419093,0.7911505173234934,-2.2379197686736227,-0.20540628141794728
0.010210472634870925,0.004552173903303836,-0.007814668580947953,-2.9841948627927836E-4,0.3205474792640526,0.8297195220842372,-2.2162708563374314,-0.24954616879460656
0.010257534076899897,0.00453307988408992,-0.007788585738654655,-3.621359295507385E-4,0.3269138733060784,0.8678063740246847,-2.1924578533526287,-0.29384752002794867
0.010128672434793554,0.004529408443596832,-0.007797583021433247,-1.8136944325286303E-4,0.29802963932834564,0.741690904757541,-2.2121086467235855,-0.1734225595147274
0.009750155731606121,0.004669494302109366,-0.007936142653844543,3.6868900087022333E-4,0.2267776931806569,0.40533618878336053,-2.347498061566704,0.20505029474786227
0.009670890304195897,0.004656605569321052,-0.007909264668991127,4.825657608467817E-4,0.2048873161064013,0.32102437876046147,-2.3350148639637864,0.28080850386718353
0.009710813747829013,0.004645914344319927,-0.007904354874372865,4.2266563112603286E-4,0.21383208632711423,0.35909993930811435,-2.3280830397673364,0.24007738648079058
0.010034299344827925,0.004619609001005199,-0.007898707217055047,-5.033938230223733E-5,0.2917421469658326,0.679587397156959,-2.2946919104057497,-0.07819973014423699
0.009990949406470963,0.00462755125154371,-0.007907582315204942,1.2736180618084096E-5,0.28258449805025665,0.6384852711571344,-2.3051970648884783,-0.03550881166798445
0.010056394501634888,0.004571555920728523,-0.007846088573783829,-8.105922281520906E-5,0.2890436121649196,0.685248746884313,-2.254509201283156,-0.10262836097706107
0.01008810001330272,0.0045365507301644015,-0.007807420589823309,-1.2475436014786268E-4,0.2902239960789583,0.7045647042891672,-2.2233184660609098,-0.13483674216007185
0.009912629130861734,0.004638861385027951,-0.007917743157473664,1.2745178660621698E-4,0.26459609850893734,0.562610316501226,-2.3198610427616306,0.041932631661004895
0.009952365958440661,0.004605936381468491,-0.007883325659440152,6.837908515960108E-5,0.2694683510536006,0.592629459813034,-2.291371131760935,2.343056007409108E-5
0.009789019226065197,0.0046409992028702066,-0.007909790945139895,3.0815821227700934E-4,0.23333572836623148,0.43748666374844625,-2.3252441407724067,0.16287109295414715
0.0098312876043125,0.00462813489691451,-0.007900170090385876,2.452773244573615E-4,0.2425263325309002,0.4768640529637553,-2.3145395744941157,0.11997476866599964
0.00987404867632087,0.004619653092614794,-0.007894417297185386,1.8248942044223518E-4,0.25196137049892414,0.5177270253764229,-2.306508215707904,0.07739092170278719
0.010546526037601665,0.004594520534641565,-0.007792663518882861,-7.786813387805385E-4,0.3998839302932073,1.1701538223217136,-2.1629711773611864,-0.5624510887781672
0.010885133356684314,0.004606704071340066,-0.007677534823721463,-0.0012433465049254265,0.45960593743548034,1.480926773768502,-2.036099827097214,-0.8620458903156311
0.011064578848708801,0.0046237583299459555,-0.007603622787174255,-0.0014848511441781685,0.48713533465018083,1.6401792351037805,-1.9570946629787074,-1.013016260508892
0.010976648115456053,0.0046135532215857665,-0.007640008856079018,-0.00136640602942469,0.4737259324433926,1.562037580658968,-1.9961508279450155,-0.9395603721099804
0.011020258174515725,0.004599091647426926,-0.007602627975132535,-0.0014150132739494576,0.474528292602218,1.5879960067043881,-1.963323536480059,-0.9717839151719472
0.01093239904076322,0.004571797787944617,-0.007619358027154194,-0.0012884568250182188,0.4557890944228145,1.498562607248789,-1.9881717242088641,-0.8946777686548396
0.011114871492895273,0.004582273516834077,-0.00753367848374003,-0.0015246234928734123,0.47967266890387067,1.6503872911303887,-1.9006892785425544,-1.0418632861028543
0.010669777351644852,0.004566268699746703,-0.007723325420726019,-9.387947162858362E-4,0.41500817487375496,1.2685926909390413,-2.097830697188247,-0.6701873112793125
0.01059030942891383,0.004567414576926005,-0.007750827749363362,-8.309795865103862E-4,0.40135960387955416,1.1969695482906122,-2.1274923760639646,-0.599727681056756
0.010629833213477585,0.004549540293683652,-0.007719451601485436,-8.790745346338262E-4,0.40349705760134,1.2237314087529947,-2.1000199107808895,-0.6331739161328225
0.010751758948215524,0.004529333412257768,-0.007654734997081462,-0.0010345036813402255,0.41821464374541756,1.3205843484587017,-2.038039195824691,-0.7364551416421968
0.01078698222855902,0.004542856795379585,-0.007654556971162441,-0.0010862221481961881,0.4271502560471587,1.3585888965476263,-2.033349496452114,-0.7682949613591411
0.010834344955153704,0.0045736243148279876,-0.007666215673614675,-0.0011615074598420568,0.44275564658155725,1.4172614023845271,-2.0352173694820928,-0.8132998136690707
0.01069810238469343,0.004523454738694817,-0.007668812669922961,-9.614409657697126E-4,0.40831537540435825,1.270471763837535,-2.055059741881808,-0.6896435345342983
0.010730487082181828,0.004500325226137614,-0.007633194866929718,-9.95546728509341E-4,0.4073370160746488,1.2860262578130177,-2.025451927841212,-0.7141880458225095
0.010462870837664298,0.004588356558525232,-0.007808471946985077,-6.601777803259267E-4,0.38212815310829074,1.088150585856356,-2.1842900320224907,-0.4852492570730818
0.010505438356928286,0.004559058742680941,-0.007766484629305189,-7.118934144836403E-4,0.3833054897192903,1.1143247387289594,-2.1489811762725743,-0.5226532346949563
0.010356280054905773,0.0045654732915019255,-0.007807159462844764,-5.056661560210231E-4,0.35479398937922224,0.9760741659378774,-2.195285615699584,-0.38587685012699385
0.010410711902945327,0.0045723962340799215,-0.0078035156407127585,-5.834178490953435E-4,0.36763503692382743,1.031219249739505,-2.186601007446622,-0.4365035176880349
0.00788918091591917,-0.005388783520802119,-0.007471103392833997,-0.0034190939157523166,-0.1332017694833085,-1.4521301014327248,2.13304890459468,2.302035461196465
0.007871854614398351,-0.005392059677264672,-0.007452968619287197,-0.003441139957684956,-0.13286405927351067,-1.4680996248189115,2.1188265238542066,2.3179348625750316
0.007918536333812393,-0.00537082236503984,-0.007488480125788818,-0.0033661583230415073,-0.13208043381596193,-1.4212287910117192,2.1456228113005547,2.2637653048203776
0.007900664043120582,-0.005376467502227062,-0.007472480033386546,-0.0033918945360780287,-0.13217774157583254,-1.438478923733649,2.1333573294515378,2.2823517219702585
0.007959969702726052,-0.005352729969037304,-0.007519537044226297,-0.0032999229649698573,-0.13091777052050005,-1.3795648478422906,2.168682149967333,2.215913121309247
0.007921201988714197,-0.005352702536942157,-0.0074728710268035315,-0.0033413304623043116,-0.12989269881513552,-1.4137256144268109,2.1321347697354036,2.245933259036644
0.00793962706536609,-0.005349804758832307,-0.007492076535361612,-0.0033182850965239852,-0.13011708358156474,-1.3968351620452522,2.147008345363947,2.2293478612653073
0.007851493034727078,-0.005389929715313197,-0.007425354093652505,-0.003459320973637566,-0.13174519169051468,-1.4847036709920223,2.096702104272889,2.3308381045005073
0.007833439839769338,-0.005393247800848717,-0.007406064498533903,-0.0034817100957780013,-0.13117294748026886,-1.5008644658823351,2.0814569847079087,2.3467705903522353
0.007967927397681084,-0.005334627305766241,-0.007509966444241755,-0.0032697610258855384,-0.1287382107010722,-1.367765508725965,2.159894224344829,2.194454706447202
0.007977917573545304,-0.00532228196271435,-0.007508815607476668,-0.0032443670421825775,-0.12732552975778916,-1.3557640361594663,2.158088255169408,2.176413663235811
0.007979635052133123,-0.005305075700568357,-0.007492867097821182,-0.0032223564674088733,-0.12500373163374998,-1.349998161645871,2.1444140109932497,2.161101904572575
0.008019955164870064,-0.005271389133798165,-0.007504270862477932,-0.0031396918343762153,-0.12085741230939125,-1.306252899179502,2.150785539336043,2.1025763385569394
0.007987533686041107,-0.005286378288156263,-0.0074826470041538225,-0.0031921192744117067,-0.12264607977966442,-1.338367334120221,2.1352329571165893,2.1398355903380373
0.007999489768574314,-0.005272674610400674,-0.007482243912001441,-0.0031634352435325045,-0.12102442654413141,-1.3245539394884045,2.1339829862443733,2.1196550023404366
0.008051991360109687,-0.00524573395247033,-0.007513615231527133,-0.0030755304203020886,-0.11731160061690228,-1.2720511266865315,2.1559806010424523,2.0573870966116306
0.008027938630443085,-0.005248256237096212,-0.0074893007712142565,-0.0031047972372088843,-0.11783664684037633,-1.2939042904732203,2.1376415165167657,2.0784343263537512
0.007816815665179345,-0.005396785097880746,-0.007388644431023412,-0.0035027554709682776,-0.13072487119726053,-1.5158003254632255,2.0676358350820503,2.3617416486560106
0.007820257761088674,-0.005379916331044588,-0.007376067567727502,-0.0034780733753978707,-0.12887751320918417,-1.507273712174134,2.0567527426702528,2.3436522725367137
0.007798281922578823,-0.005398910819151957,-0.007367245787160761,-0.0035237075196675673,-0.12985458870877806,-1.5316666793738525,2.0504747302312976,2.3765085823248846
0.0077788757002043634,-0.005400956476741865,-0.0073445139871854475,-0.003545170020510717,-0.1288591293304976,-1.5479561940740885,2.0322188509431,2.391492621181833
0.007761056517907208,-0.005405529848777411,-0.0073261539390480435,-0.0035681166390753136,-0.12817265048197937,-1.5636972447748834,2.0175355107264648,2.407588848017376
0.007744370796345964,-0.005412120232891514,-0.007311061715765924,-0.003592424783138906,-0.12770521588455172,-1.5791730789317102,2.005509598774884,2.4247315600408084
0.007729528986251154,-0.00542032789844456,-0.007299766632168384,-0.0036169951740784878,-0.12741795931818686,-1.5937692237299572,1.9965620887558593,2.4421885355689104
0.00771644625249885,-0.0054280725169189095,-0.007290173585735942,-0.0036392631332145056,-0.12731574348707123,-1.6068153228092437,1.9889504300446073,2.458053149335544
0.007704095684677581,-0.005438431439352579,-0.0072839353799945186,-0.0036642657750934754,-0.1272232735360721,-1.6203274960381624,1.9840782300214426,2.476057477343084
0.007686446279342351,-0.005441806699162911,-0.007263835964759377,-0.003684812837155323,-0.126247710988818,-1.6349439608622383,1.9676817871962207,2.4901219401836596
0.008131286033678723,-0.0052024397751049035,-0.007554714456085244,-0.00293911478195104,-0.10999441805814823,-1.192137628884043,2.183529024808926,1.96127824267562
0.008139883819001988,-0.005177680208768177,-0.00753786070143548,-0.002903074207721134,-0.106540715307452,-1.1798566995503885,2.1690149676366857,1.9368982622551572
0.008107967023658213,-0.00520755930387198,-0.0075350978282704905,-0.002971089182820678,-0.1113493966796955,-1.2141973929558503,2.169279232318868,1.9841201936035981
0.008083639674046256,-0.005218236618091005,-0.007519868620984784,-0.0030099994339420947,-0.1132846689481669,-1.238092803701177,2.158658578563966,2.0115646281102375
0.008061173524663146,-0.005224844018560284,-0.007502087397616356,-0.0030422208843669096,-0.1144107995249102,-1.2593749144684663,2.145719524308942,2.03439405959489
0.008360026793357664,-0.005051937480875925,-0.007622380599717355,-0.00251965211000929,-0.07648258699587117,-0.9605477687873238,2.2195882622347836,1.6711522574055986
0.008271296193859355,-0.0051321745537061475,-0.007623516441376329,-0.0027030687012871034,-0.09369167710506986,-1.0522190775172442,2.2277853174008846,1.7958832645692888
0.008313653706412018,-0.005087988997142647,-0.007617343946979146,-0.002609452222301058,-0.08499170726076422,-1.0074900544810719,2.219257013541366,1.7323178009894404
0.00828288332939784,-0.005096934455828348,-0.007597355431258112,-0.002654896344221976,-0.08840571508328586,-1.0371359145454246,2.2057653557927748,1.7642963710107569
0.008182742130937296,-0.005158329621211836,-0.0075622036617053945,-0.0028337517989836503,-0.102225958243351,-1.1377791609198271,2.185439533902438,1.8882662716362333
0.008204910272374787,-0.00514056168544235,-0.007566172802747412,-0.002789891733547925,-0.09879587422667903,-1.1148008150109054,2.186884195911539,1.8580199921193803
0.008233673816277312,-0.005126579174468097,-0.007580360016390593,-0.002742208522002703,-0.09549084865036847,-1.0864258815192829,2.196061592325442,1.8247463668938886
0.008153076439811552,-0.00514928621475767,-0.007522116760779769,-0.0028584007949004476,-0.10231725120159016,-1.1630322688885482,2.1551396376724803,1.90674123789799
0.008323651592149452,-0.005046253451438454,-0.007582744620422043,-0.002558201608364771,-0.07905102639002616,-0.9936515055615931,2.1909522204302303,1.6993323920429704
0.006291290604793746,-0.006646572705140479,-0.005588979462192156,-0.006181048813402763,0.23816639959796668,-2.7345377221696254,0.2553914355200586,3.9137861240016165
0.006275446708464941,-0.006642830553257793,-0.00556013076944755,-0.0061685520329142944,0.23567151340871365,-2.7205071249032993,0.24287845881207384,3.885509710562904
0.006280773780640196,-0.006658240533906344,-0.005569521899488364,-0.006198587136679311,0.24323579492649974,-2.7361838575738955,0.23479080502967153,3.9161905448459433
0.006301844034399601,-0.006634937971731549,-0.005608380340988199,-0.006163450757147988,0.23323965401960298,-2.7326857345962146,0.27593284979338034,3.9112117584882413
0.006286054493964854,-0.006631162537950954,-0.005579546997176507,-0.006151087725436964,0.23132947103259904,-2.7188014144312924,0.2631952116461224,3.8830832060408498
0.0063124339648614,-0.006623336449023659,-0.0056277229593134324,-0.006145794452822514,0.22848583661866426,-2.7306217417679335,0.29640457334583553,3.9084600578525417
0.006296708661993548,-0.006619540518607288,-0.005598925691394669,-0.006133587495339844,0.2269409133528586,-2.71696282308266,0.2834859588103004,3.8804928908014094
0.006323060291193105,-0.006611768252052548,-0.005647004713525656,-0.006128082398187043,0.22393040550997811,-2.728344583528502,0.3167967621097251,3.905521923392054
0.006307404151146002,-0.006607963835635102,-0.005618258305384069,-0.0061160480426688405,0.22249746963504205,-2.714990981976497,0.30374917431169207,3.8777327591919355
0.006333722908021255,-0.006600233495542399,-0.005666217746226082,-0.006110321988136086,0.2200007556442658,-2.7258650052416233,0.33709604231337637,3.902387213999299
0.006318131717164006,-0.006596433197528086,-0.005637529281392374,-0.0060984674270919805,0.21794102842584093,-2.712881081285383,0.3239807695110735,3.8747916848536748
0.006264889068305232,-0.0066545445178667435,-0.00554068317263784,-0.0061859823407568746,0.23999526356881917,-2.7220785198075004,0.22253674252739794,3.8877766231700117
0.006270293666143451,-0.0066699413423799364,-0.005550010216074265,-0.006216063401731422,0.24831522993132857,-2.7376336650032944,0.21414463166971862,3.918424955948106
0.006259850365114011,-0.006681675014610206,-0.005530446512264292,-0.00623347573264909,0.2532703890850119,-2.738896852869616,0.19346512438753935,3.9204821441717623
0.006254382362125544,-0.006666301357974643,-0.005521205249589749,-0.006203374307560994,0.24433988655901404,-2.7235108562045283,0.2021725425680794,3.8898804277681918
0.006249443980966237,-0.006693441434347548,-0.005510830362104295,-0.006250824524594641,0.25812641140879555,-2.7399788668762874,0.17275701286898845,3.922355210195469
0.006243924404374262,-0.006678095723748541,-0.005501693249641012,-0.0062207182115006235,0.24871734377166813,-2.7247972401656964,0.1817904474809535,3.8918097791586885
0.006239074616716286,-0.006705240485047166,-0.005491159824799673,-0.0062681115140908765,0.2630097989816689,-2.7408802883842527,0.15201883461369656,3.9240427770646007
0.00623351327969898,-0.006689923927561111,-0.0054821441528854166,-0.006238006977127995,0.2531010470148922,-2.7259329994748214,0.16139501691276095,3.8935559063054197
0.006228742374980061,-0.006717072049872408,-0.00547143399840343,-0.006285337510551795,0.26798353356647103,-2.7416010481395054,0.13124962181436586,3.925546886005275
0.00622314936110497,-0.006701786023863342,-0.005462558675394095,-0.006255240930268766,0.2574624336529023,-2.7269173550699572,0.14098796241096975,3.895119292446488
0.006539084331944039,-0.006371910408932545,-0.006009256223166338,-0.005732321411618591,0.12798245031958622,-2.6359130095402907,0.7193784086191376,3.7731967026148965
0.006543065313045259,-0.006387576634705019,-0.00602062626329707,-0.0057614329441820445,0.13404188633321798,-2.651668101650967,0.7163212294059041,3.8041550407690914
0.006546563292627269,-0.006345259866489983,-0.006016200687235911,-0.0056848015350251845,0.12147661822394583,-2.6149064896399996,0.7350388763508947,3.736514536769143
0.006534972546507774,-0.006355920195734049,-0.005998022059998913,-0.005703282249253128,0.12580081561419074,-2.6200855221087225,0.7159399732224606,3.7429874854529825
0.006542501210082363,-0.006329158030372682,-0.006004663620032608,-0.005655637371337986,0.11757951570755416,-2.599504300333653,0.7337830916842639,3.706019270788406
0.006553969532392824,-0.00631848173319424,-0.006022324786690336,-0.0056370574638706416,0.11334949376085378,-2.594098830039655,0.7522998867188333,3.699169879229283
0.0065654823034146425,-0.006307767506291348,-0.006039929362613196,-0.005618291667822259,0.10912518036264807,-2.5884957916623126,0.7707826240726029,3.692045338927685
0.006577094831296759,-0.006297252842846615,-0.006057644523726422,-0.005599766428786768,0.10495272534503346,-2.5829163611224897,0.7892641260127461,3.685083377667436
0.006588594439271597,-0.006286757543651439,-0.006075040322270038,-0.005581155295589669,0.10079460849929282,-2.5771383293264694,0.8074882369314859,3.6777979402309184
0.006599880912066788,-0.006276045625161701,-0.006091862435146722,-0.005562040829985542,0.09662445711074308,-2.570936298440609,0.825339106119876,3.6697229628831245
0.006670343209789357,-0.006212170938488988,-0.006195067956547481,-0.005445617423966615,0.0717038470507199,-2.5311542086776946,0.9337918873514538,3.61905903334808
0.006658390983979664,-0.006222577060462984,-0.006177739237085013,-0.0054648959210411635,0.07581029188824505,-2.5379623526042647,0.9157474413740837,3.6275578981834506
0.0066465230413626265,-0.006233093415816817,-0.0061604710034845085,-0.005484245891703825,0.07990442330533139,-2.544711477591829,0.8976895968451358,3.6360573774470297
0.0066112397955411595,-0.0062652242934655225,-0.00610864808297447,-0.005542621139431995,0.09245449719094544,-2.564490545482489,0.8431912461922274,3.6612902962463685
0.0066228480181224495,-0.006254429955761943,-0.006125754616594376,-0.005523132907165087,0.0882464663050724,-2.5579633014284124,0.8612683568818923,3.6528658938703633
0.006634662529385329,-0.00624371481792469,-0.006143121870680953,-0.005503665892263789,0.08407304444284047,-2.551379457986748,0.8795128793319796,3.6444914139028053
0.006855796086846197,-0.0060759681290603945,-0.006460078073174465,-0.005176175420520152,0.01580384325465918,-2.4264236830794075,1.2005150224683268,3.499406083762974
0.0068436012535721714,-0.00608592516643332,-0.006443974521447917,-0.005196487920773236,0.019541836549420613,-2.4353414128503696,1.1838542415433213,3.510576595719224
0.006819325168460565,-0.006105827865621707,-0.006411550881491848,-0.005236743536093275,0.026973933020486663,-2.452719264258459,1.1502418506300673,3.53231485459044
0.0068314701559326904,-0.0060958917609612836,-0.006427850286335433,-0.0052166950657952516,0.023260196771113895,-2.444118532681357,1.167138277885943,3.521579639518143
0.006682334744828714,-0.006201838585692857,-0.006212364306124701,-0.005426349661920203,0.06765790424854178,-2.5242408807314405,0.9517743443114749,3.6104632060192974
0.0066942607630981095,-0.006191493908900974,-0.006229409785072556,-0.005406947619092223,0.0636089804599561,-2.5171328116325067,0.9695383865112214,3.601554938451603
0.006804045040422846,-0.006099660702084609,-0.006381711688126088,-0.005229063730425158,0.02815371781021576,-2.4470406928442174,1.1271809538028037,3.514377108152821
0.006791726636727,-0.006109509627287353,-0.006364947047905914,-0.0052486854542698955,0.031950433106529286,-2.455167704020711,1.1099978834661208,3.524337680075934
0.00677927080538794,-0.006119464495653118,-0.006347861296423442,-0.005268401171230304,0.035824342225977183,-2.4632167375137892,1.0924894027227847,3.53417003650496
0.006766774021818426,-0.006129515914363239,-0.006330616752125695,-0.005288173637398096,0.03971709647812494,-2.471177350964609,1.0747963214337621,3.5438985371413945
0.006742241175767436,-0.006150073992669644,-0.006296739370799339,-0.005328093000143279,0.0476242548937125,-2.487028492651074,1.0397150675655011,3.5636637498768393
0.006754428451549759,-0.0061397496041508725,-0.00631358641627688,-0.005308124092028934,0.043680623145334656,-2.4791377246903807,1.0572084336953653,3.5537756653789327
0.006706135897424487,-0.0061811016560429505,-0.006246214521958368,-0.0053873525510208945,0.059609101555541145,-2.5098064687519464,0.9871052087163951,3.5922952399689856
0.006730146578291778,-0.006160401759473972,-0.006279920697145912,-0.005347941870658255,0.05161729702678832,-2.494765994336827,1.0222253016790175,3.5733799726825715
0.006718109037697102,-0.006170734194301361,-0.006263070356087899,-0.005367676367774307,0.055586091533865074,-2.502350903623229,1.0046812239611898,3.5829062787978514
0.007594137336996054,-0.00551580929461046,-0.007208574223462382,-0.003866298544787442,-0.12364283850967898,-1.7345137107549602,1.922574764166738,2.6210451444100524
0.007602633204387194,-0.0055022312803950065,-0.007207644266539334,-0.0038402733944757376,-0.12353090464707743,-1.722167015811716,1.9218202604232544,2.601526053786771
0.007573113376574263,-0.0055148461868685175,-0.007178454312057057,-0.003882649804156478,-0.12128187580316462,-1.748593294694324,1.8973584585484058,2.630835217764861
0.007658041943000454,-0.005470044434670585,-0.0072528195620382785,-0.0037480685902588737,-0.12624202671015924,-1.6679228071051917,1.9590706532711566,2.5361344354261193
0.007664419586503201,-0.0054480204547662225,-0.007240452962600559,-0.0037128513265903096,-0.12479314346267355,-1.653764333178141,1.9485854195762145,2.5094053792447295
0.007636548752073665,-0.005474533397862123,-0.007228022153202181,-0.0037730967151514473,-0.12465951375975055,-1.6854755260806051,1.9386093873317056,2.5530603896411654
0.007620711894786189,-0.005481961716942983,-0.007213469844101253,-0.0037969630200925383,-0.12357017442909017,-1.700084047291638,1.9265877976909915,2.569721155766323
0.007602372475092512,-0.005483719124456595,-0.007190064372666835,-0.003815072499663778,-0.12200606364734075,-1.7137796037634885,1.9071540040818533,2.581497567594545
0.007531014657006599,-0.005564332072369809,-0.00716454175187141,-0.00398701563381939,-0.11964464458603206,-1.8017017042041918,1.885007588003297,2.7082658271109104
0.007510492863893826,-0.005564978866548492,-0.007135759841910948,-0.00400436383404654,-0.11722995938515261,-1.815444962387504,1.8606855519302936,2.71848341000343
0.007493802255725236,-0.005569403660510167,-0.007115777574306175,-0.004023832700381354,-0.1153768665258522,-1.828447222041252,1.8436646217087393,2.731115976711932
0.007478213583337399,-0.005576047795057822,-0.007099227838780667,-0.004045473542799819,-0.11371775143112507,-1.8417795246617812,1.8294447154379532,2.745700218335914
0.007463525580502156,-0.005584723329368046,-0.007085626180113286,-0.004069242382626053,-0.11223879276140365,-1.8555516636329195,1.8176036809280884,2.762195861657942
0.007448485304820591,-0.005594195723086888,-0.00707204539397036,-0.0040943451868805355,-0.11066171255985151,-1.8699271569284068,1.8056802172692683,2.7797221964210475
0.007340620784139253,-0.0056756763266590585,-0.006980714367823492,-0.004292166087129832,-0.09746780798265535,-1.9787555576731428,1.7228103343555679,2.919218187656549
0.007324428805894748,-0.0056856597211001475,-0.006964259445411318,-0.00431810154298936,-0.09507363458443316,-1.9933854318852173,1.7078524201324714,2.936747623923954
0.0074307497654181225,-0.005607269748821008,-0.0070574570263283185,-0.004126626960793086,-0.1087549275952121,-1.8878377637982593,1.7927003465672706,2.8025525106033533
0.00740880452152953,-0.0056174321152414235,-0.007033868198662581,-0.004157543720640745,-0.10611548911980574,-1.9063597248015431,1.7720953750655617,2.8230848509029265
0.007339890127056328,-0.005656602512123187,-0.006963838513021029,-0.004263752105401263,-0.09711271967657693,-1.967184714347974,1.7097897273551599,2.8944123374531014
0.007354177321949637,-0.00564751104712909,-0.0069778292560807665,-0.004240470494519547,-0.09907428414561786,-1.9541742420508876,1.7224133928638425,2.8786478433675415
0.007390043220135927,-0.005631054559900282,-0.007017649917266882,-0.004191093689261162,-0.10383682960342822,-1.924913627125269,1.7575001764354072,2.846575009298284
0.007370090049276071,-0.0056392554436666825,-0.0069947915358655735,-0.004217229667625639,-0.10122074833838295,-1.9407084468600042,1.7374664473699648,2.8633274100700667
0.007532466850838181,-0.005543067412801685,-0.007147215737927567,-0.003955591784484821,-0.11856917881656702,-1.7897738730220993,1.870805692786724,2.682724096018147
0.007549268555504373,-0.005515783380680696,-0.007146069123317058,-0.003903606361714443,-0.11866537920646511,-1.7650365558521748,1.8702830197317744,2.643637909560209
0.007535179780878333,-0.005526589647577445,-0.007136116762850686,-0.00393016318537981,-0.11769298350719817,-1.7796701935034747,1.861773027236795,2.6625746723390735
0.007025860939101736,-0.005908303811494005,-0.0066511653256387865,-0.004834166648319171,-0.03559347637834301,-2.2647651363692134,1.4058654038862335,3.2780744270708184
0.006998871214174757,-0.00590983341512137,-0.006607211352586685,-0.00484741491641964,-0.03064325162011264,-2.2716952866731766,1.3676598031666847,3.2763074142834205
0.007011694338638666,-0.005903765896474531,-0.006624651549329468,-0.004832307045535438,-0.03345509186507649,-2.264280513961031,1.3838779771789569,3.269098334722784
0.007038575897711123,-0.005897690141768477,-0.00666534749901444,-0.004811259387281639,-0.03880004119938558,-2.2534545221511446,1.420196100845853,3.2634395837081027
0.007079536451614008,-0.005871151408095534,-0.006715216560822831,-0.004749496978072497,-0.04818638612631615,-2.2221242475589396,1.4683310791622664,3.2267208615569216
0.007066442550966004,-0.005879345915636107,-0.006699213295443612,-0.004768881016888029,-0.0452379255279024,-2.2320650444651053,1.45297034737696,3.2382305666982982
0.007052619099868179,-0.0058880516642917935,-0.006682222207512947,-0.0047893130972500595,-0.042078674136863274,-2.242448394603436,1.4366329948838643,3.250249042538264
0.0071308936887326075,-0.005834939699082795,-0.00677385123608529,-0.004665766089508056,-0.059508788094026356,-2.1788199346660266,1.5252916379948551,3.173747775098533
0.0071434271198075674,-0.00582622098274932,-0.0067879136440181995,-0.004645294365920438,-0.06220762499137627,-2.168083047188581,1.5388453939908107,3.160626729637807
0.007118314256198331,-0.005843509155237196,-0.006759477607199142,-0.004685924325621835,-0.056830298342717855,-2.1893791260658255,1.5114293511435022,3.1865294397838704
0.007091573309449027,-0.005861769502565342,-0.006728533659831548,-0.004728540486456249,-0.05093262057158276,-2.2114455028048496,1.4815223663211314,3.213177094053783
0.007104496780568587,-0.0058518720859576144,-0.006742806756861792,-0.004706239472086479,-0.05391348116086427,-2.2000409652445203,1.4955700021661593,3.1987955406651136
0.007078121863986551,-0.005856807540883726,-0.006703041526672539,-0.004726572785635035,-0.04889405326003065,-2.211529324668014,1.460286848255444,3.2050982995820165
0.007264638974467164,-0.005763699884319091,-0.006934556978463219,-0.004477363104890932,-0.08542802189552388,-2.0740582692206897,1.675095910942859,3.0571401142081776
0.007277757188618863,-0.005755142470284528,-0.006948412652805213,-0.00445578676955078,-0.08776529505162307,-2.0620281481595697,1.6880810751129973,3.0425258906283994
0.0072910830224812056,-0.005746589514043665,-0.006962456825541876,-0.0044339995719337505,-0.09004602100711044,-2.0498057459087806,1.7011861079953141,3.027738458411133
0.007222892471153195,-0.0057710815474462315,-0.006874138346818995,-0.004513738700335824,-0.07794655640185987,-2.0977771472719042,1.6212787556890156,3.0743002415005507
0.007236853356051538,-0.005763137254720135,-0.006890102544439028,-0.004493046920765535,-0.08050134448661884,-2.0862543442512176,1.6360997017170098,3.061051211513828
0.007250268809139323,-0.005755661493624491,-0.006905439008196293,-0.004473302922360714,-0.08291384462237439,-2.0751635009311324,1.650287504746059,3.0483647750991785
0.007156152765364538,-0.005817423518597376,-0.006802099697376608,-0.0046245094672672385,-0.06480082930528785,-2.157093775193086,1.5524985367031128,3.147206174367263
0.00716866746328431,-0.005808233593053477,-0.006815520586607819,-0.004603110643125405,-0.06742524445113142,-2.145818793709413,1.56547306061881,3.1331101274936546
0.0072087760243347366,-0.005779562760840531,-0.006858201326247254,-0.004535255481946638,-0.07530036057430321,-2.1096095366528687,1.6063804069493683,3.08814761768355
0.007194529701630582,-0.005788628909019814,-0.006842354609924334,-0.004557661797885496,-0.07259552248275729,-2.121776155655359,1.591447567188875,3.1026577548253305
0.007181337589638438,-0.005798681700954874,-0.006828781906189746,-0.004580970054967499,-0.06993643531510435,-2.134108143931544,1.5783254324588232,3.118312355309387
0.007303248284115895,-0.005721354870578502,-0.0069608661515032115,-0.004386838114590387,-0.091905027405207,-2.0271084254539535,1.7018807323182294,2.990135964418155
0.007289739565580661,-0.005729850456952574,-0.006946742381163626,-0.004408628420464278,-0.0896538749591582,-2.039325818581173,1.688833494869799,3.004826832303215
0.007302822863630497,-0.005704823111566692,-0.006946734083800352,-0.004361509273024477,-0.09177334237954815,-2.0165036821411007,1.691134815833826,2.967754398770337
0.007304761029555987,-0.00568773429102414,-0.006935856637831119,-0.004334006870514489,-0.09210075849418442,-2.0044598380307233,1.6832592179306272,2.9443213952638008
0.006852293524779055,-0.006059661042323285,-0.0064453477422632,-0.005148647538542488,0.01330344086214552,-2.412464411205057,1.1929313199430716,3.470863825565329
0.006864538503726415,-0.006049589498535378,-0.0064611960054570304,-0.005128115870324054,0.009645356887723082,-2.4033897969194506,1.209262331187088,3.4594278448547544
0.006953282369657037,-0.005982234889987043,-0.006575263566248359,-0.004985918408863951,-0.015239423281529012,-2.338200511269491,1.3245084603597184,3.3797539960028913
0.00696556987477621,-0.005972726842542741,-0.006590415360839854,-0.004965494375109714,-0.01857880469281066,-2.3284584566549036,1.3398243948639161,3.3676259901502354
0.0069779558148198445,-0.005963020849051779,-0.006605475236114724,-0.004944601711961095,-0.02190885790429307,-2.318411909372919,1.3550660324773884,3.355024659754829
0.006938456074650222,-0.00597561771001683,-0.00654606132188013,-0.004979594492265371,-0.013050841775438596,-2.334817646715378,1.3006055554437876,3.365373048836266
0.006860313530644541,-0.006032683874168968,-0.006444812128811594,-0.005100038913498584,0.008327340056987076,-2.3892472850027793,1.1996580375891945,3.4305202778513206
0.0069256420305709955,-0.005983915158271773,-0.006529171776994491,-0.004997833342075708,-0.009752880847823648,-2.3432627365265297,1.2841170922949567,3.3749365055644485
0.006912454433005707,-0.005992611233705823,-0.006511762942690763,-0.005016746196416796,-0.006311622228376965,-2.35191656921797,1.267076088029584,3.3847948497118274
0.0068726811728930986,-0.0060217876178126906,-0.006460141904460392,-0.005078065956171906,0.00458909215361088,-2.3794642867405016,1.2155837042749182,3.4177944603967796
0.00688603942581836,-0.006011625569993525,-0.006477417621979169,-0.005056975021892365,8.664019756656332E-4,-2.3700756725432357,1.2329446124329746,3.4063709012423815
0.0068992422052417506,-0.0060018823872146285,-0.006494516621539097,-0.0050365208039062385,-0.002767091814976091,-2.3608817755037848,1.2500187347904668,3.395322073915274
0.006987176340702071,-0.005935985855975291,-0.0066041558789508995,-0.0048955672420597784,-0.026060012437824628,-2.294837405814621,1.3595237989078213,3.3145214274681867
0.006974894596039501,-0.005946534841395033,-0.006590066456848656,-0.004917825826554401,-0.022734676737306534,-2.305530653945262,1.3451045072052004,3.3284441235193385
0.006984528656796512,-0.005918042741713765,-0.006588499440361803,-0.004866540027813656,-0.027313841336686375,-2.280924285587122,1.3499181500502277,3.286290536134645
0.009406036889654436,0.004752236504584738,-0.00794721947694698,8.943262202371374E-4,0.1427765851461301,0.0693528479135729,-2.3835571427490456,0.5601338044703463
0.00936419807080996,0.004763486310577341,-0.007945418205178282,9.594457094512728E-4,0.13252675469033795,0.0282940461396041,-2.385498260816313,0.6040049009849514
0.009246643015616125,0.004783199978907913,-0.007921880842799734,0.0011380489383254532,0.10307073559157806,-0.08938826704118684,-2.37770822106098,0.7247538536185009
0.00928013507995514,0.004759829138102716,-0.007909691870045275,0.001080142642975776,0.11119407627627649,-0.05867864655709065,-2.3663865816054392,0.6858827046224966
0.009324641399504554,0.004742813139871807,-0.007908095664955926,0.001009381662537845,0.12176328013647275,-0.01590348495299089,-2.3618793850595474,0.6380500843015978
0.0094178899138548,0.00470652432440978,-0.007900526799662464,8.622058392918336E-4,0.1438486540373893,0.07313696205074277,-2.3491848581287553,0.538245875076398
0.00946901918338792,0.004701040346430825,-0.00791019375018843,7.865576993153004E-4,0.1564969028814911,0.124341184168316,-2.3521244204742744,0.486973871153014
0.009554253280898144,0.004665151469514302,-0.00789374024710606,6.535363931623622E-4,0.175777686704726,0.20409337172448846,-2.333470644763136,0.39633874407334524
0.009512806040666769,0.004670869509283761,-0.007889369477769477,7.148037705820928E-4,0.16581270179697616,0.16310095846237585,-2.333708168311001,0.43789775100459843
0.009213080122839177,0.0047552267482359675,-0.007876656089369256,0.0011742094899665659,0.09485784648985222,-0.12761680935528352,-2.347648508004828,0.7500818794971208
0.00913224283506142,0.004766606460102425,-0.007852210353888845,0.001293670939940229,0.07592714240370264,-0.20798120487128227,-2.3359273624300703,0.8316531016118199
0.009170850366257473,0.004751461946752456,-0.007853708594977811,0.0012322786603763108,0.08480813306732628,-0.17086188625802184,-2.3341554484165172,0.7899949483280863
0.008556620563561868,0.004961969286505578,-0.007695580141620554,0.002196881492275493,-0.04406570937609605,-0.7684929268128798,-2.2615111247524857,1.4489001848317815
0.008583872252097665,0.0049426864570608214,-0.007696568283358113,0.0021466885017217725,-0.038449551904408526,-0.7417731772838989,-2.260176324594184,1.4150428821244458
0.008638102092920643,0.004924560578715845,-0.007718911541357121,0.0020627661081380182,-0.02876706748258259,-0.6891695404917896,-2.2731622783469594,1.3571726711879661
0.008608168315706514,0.004925519864998023,-0.00769710282264653,0.002102158609546662,-0.033123252750887976,-0.7180296011098006,-2.258694672982266,1.3849702933661199
0.008652060083768174,0.004897282042932958,-0.007700145736507724,0.0020242563892013646,-0.02395507173928266,-0.6754773321726718,-2.2577792299893775,1.3323365476037956
0.008460803221170866,0.004980492246007004,-0.0076359598971601095,0.002332742757050314,-0.057991306454586486,-0.8604520290928976,-2.222479678369119,1.5440123550431315
0.008488648580117912,0.004952108637411206,-0.007629499703088921,0.0022743427945544664,-0.05156949181912982,-0.8325116957604317,-2.2154221846882645,1.5049637922065864
0.008521948612685362,0.004935603998923164,-0.0076395345211889365,0.002219344053776279,-0.04587354392733379,-0.8003733706101114,-2.220770304755803,1.4673379482626883
0.008684711814286839,0.004883810983238355,-0.0077097327443407864,0.0019720735539378383,-0.017867366734171716,-0.643937160269101,-2.2627116401703677,1.2965897774986859
0.008728768478327797,0.00486688066126201,-0.007722991378854433,0.0019025198901233896,-0.009416930710138943,-0.6014715533832771,-2.2695669277971624,1.249000348402282
0.008764820034923832,0.004840229131650095,-0.007719328518785895,0.0018368886173883408,-0.0011960888993197253,-0.5668925947181531,-2.2642581896135674,1.2049479746079104
0.00880421712479915,0.004824693080790831,-0.007728979703579267,0.0017746721022094982,0.006692873660147103,-0.5290547565920295,-2.268685070561371,1.1624371856782247
0.009097702581995137,0.00473446879349864,-0.00780051323304272,0.0013261124797887336,0.06869620198040927,-0.2459766308988822,-2.3006212791524727,0.8551482615046638
0.008843537911961793,0.004807234019934716,-0.007735628334394027,0.0017113691274412751,0.014891748719371907,-0.4913913553674341,-2.2708638207993226,1.1193039700390555
0.00899729051673448,0.0047482213655145825,-0.007763100249157552,0.001470393430295839,0.04730851790066349,-0.3441568378718785,-2.280296338791896,0.9546487957037788
0.009034010043979981,0.004723737751526411,-0.007756587731570819,0.0014076090346566213,0.05563295198446522,-0.30991647863592636,-2.272807355885592,0.912159761251243
0.008881248844240758,0.004786643717623966,-0.007737074601438022,0.0016484296611940909,0.022964708150160443,-0.45550414818199764,-2.269279253219071,1.0766007480007376
0.00892057257877794,0.004763996107404752,-0.007736472543538305,0.001582443702333033,0.031540102249671735,-0.41828256371222655,-2.2659881849292502,1.0318844177197206
0.008952761864347248,0.0047357101024649365,-0.0077249812258898395,0.0015232098940009874,0.03894368329372568,-0.3884769197618931,-2.255089255474893,0.9920530986820167
0.009063893836284706,0.004704390278345807,-0.00775137287371725,0.0013572230871366534,0.06217646415968172,-0.28215622764488835,-2.2668075882401446,0.8779436507588761
0.008391742738104734,0.0049772231569691775,-0.007572616989444611,0.0024140950193048505,-0.06482424059100593,-0.9240745605196604,-2.177954946944389,1.602250896725322
0.008422863505813312,0.004956361419016873,-0.007578155742340034,0.002358425420172354,-0.0593512255633571,-0.8937057656019939,-2.1801040158541416,1.5643789566251671
0.008052696101568441,0.005136128682147882,-0.007402888940952707,0.0029550239781949467,-0.10356875795317162,-1.2469765441572072,-2.0651706688738236,1.9760110375070796
0.008082608267160127,0.005114228681865486,-0.00741286481936633,0.002899704789304337,-0.10034326080705781,-1.217103133266179,-2.0714798181785237,1.9379112648836456
0.008112227858666617,0.005083211260181899,-0.00741287069165989,0.002835404258439632,-0.09562964058334537,-1.1856747060760144,-2.0696954610818534,1.8939828220835564
0.00827897466706836,0.005007519764078716,-0.007500985458839368,0.0025743167644842004,-0.07787847828915616,-1.0289165294846365,-2.1292640631358855,1.7138510418202568
0.008242637525811709,0.0050139233279553495,-0.007473032591980475,0.002621911860674984,-0.08102576907856694,-1.061671630874425,-2.1095136401046344,1.7471291674003635
0.008211229272132827,0.00503833823859607,-0.007467287334992911,0.0026809837012800246,-0.08580552754302916,-1.0929191159675578,-2.1069603978069966,1.7874599191722065
0.008141649076267783,0.005058765398470037,-0.00741861787337563,0.002778446961061468,-0.09156627874509891,-1.1559970058338636,-2.072485994054267,1.855007361561243
0.008175222689109007,0.0050457986524784304,-0.007439326537034258,0.0027285219913196494,-0.08862369565344748,-1.1251415590163918,-2.0869400041778157,1.8205821501983568
0.008330433547225777,0.004983013032438327,-0.007523598961031383,0.002491925746255543,-0.0710462214410149,-0.9800446821315748,-2.1436448593533233,1.6571237057066626
0.008291370917009868,0.004974077369364955,-0.007478709339908443,0.0025289249646177903,-0.0732437540472239,-1.0132223236621198,-2.1109398898140754,1.683873206868342
0.008354476335857598,0.0049583306181717685,-0.00752010523688485,0.002441518265942338,-0.06622806765208529,-0.955632210269929,-2.1393338410300298,1.6231614092857167
0.007993400525630332,0.0051513169288903695,-0.007353550371389723,0.003033796896112336,-0.10609636234645262,-1.2993166753573802,-2.0286704985110924,2.030691951405157
0.008020539049650518,0.0051287417395917915,-0.007361037992287165,0.0029810019701134523,-0.10332337616360501,-1.2716550678442113,-2.033345738765638,1.99441961511473
0.0071299453167910296,0.005615605304340855,-0.006618931295042083,0.0043257454301194416,-0.06579064357343718,-2.0269511351724483,-1.4253747307225824,2.8772370530541735
0.007099925991638105,0.005629951464160106,-0.006583997234465567,0.004362144290065266,-0.06140327147565556,-2.045158930750054,-1.3952195072339493,2.896419337399937
0.007133913905411526,0.005585107262430316,-0.00660411061558879,0.0042788123738229005,-0.0666418769892339,-2.0061522326938492,-1.4173643725312928,2.8396960853754445
0.007159892519667474,0.005570882644414995,-0.0066323261319335015,0.004244385621801642,-0.07020602151659418,-1.9889444021311926,-1.4417076539635205,2.820410994340084
0.007061781241359141,0.0056130446374813596,-0.006516470699571779,0.0043554436384718115,-0.05599497630479539,-2.0444719568369116,-1.3432342769338759,2.8764543421047204
0.006278519481120923,0.006307477039457221,-0.0055474017737107036,0.005591073458180004,0.14188044494840232,-2.4749906521815217,-0.4191415105980589,3.4225048771935236
0.00631601978459304,0.006261947991521577,-0.005602589053731168,0.005521193021840959,0.1281615871205465,-2.4590477023790047,-0.4756466734093781,3.398981656258339
0.006296139218181687,0.0062835635204364255,-0.005573198903451024,0.005554239530398291,0.1348060615758171,-2.46592164011657,-0.4468081716650009,3.408501705038684
0.006350507925874332,0.006219913744234938,-0.005651859182655413,0.005455721262237103,0.11554464265611318,-2.4426553418294508,-0.5267562343468329,3.374940223908863
0.006323977714825746,0.006221052264071416,-0.005608882897888788,0.005455319213702364,0.11847201326930641,-2.433299946570944,-0.4978575114481637,3.3539356460998975
0.0063110602585529675,0.006234932374086153,-0.005590228538795965,0.005476616314982167,0.12282667567159918,-2.4379438195538072,-0.4797470135131035,3.3602884538535696
0.006362921973908329,0.006193948185602747,-0.005667087030323779,0.005414306629179723,0.10915407605376183,-2.428640427176259,-0.5478071294953537,3.3518892787575525
0.006192169822078561,0.006387284458703606,-0.0054128118657064345,0.005706432354939146,0.16768037804277192,-2.4872666876132445,-0.2963144665689546,3.4352617959333025
0.006155684976789631,0.006434364212291284,-0.005354805602831226,0.00577510878405852,0.18172712862687593,-2.4985671321483918,-0.2371638518598085,3.453160409916663
0.006160574684407239,0.006400052957618133,-0.005361868058270796,0.005720311098799619,0.1728509508911241,-2.4788997716386447,-0.25928555937952097,3.417300795448637
0.006119587108099268,0.0064424807993847776,-0.00529610150641105,0.0057792115299331705,0.18593672121414254,-2.483347157825076,-0.1988591852371966,3.422876061689745
0.006068373322994358,0.006482961863577122,-0.0052126656394694245,0.005830517110823681,0.1986100237560169,-2.4782733695473165,-0.13036270490151738,3.4114140855395
0.006086275044924041,0.0064538262947750405,-0.005242254308523441,0.005788702423139649,0.1901502879134035,-2.471183531719049,-0.16255916946906823,3.3988809745328927
0.006234395321297585,0.006306175244951176,-0.005475267761628296,0.005582228520701595,0.14541590050528638,-2.4537098245655327,-0.37430065807361673,3.378502481098575
0.006189087364203849,0.006350344974574737,-0.005405608382742662,0.005645742480271256,0.15927339239557306,-2.4612363954675787,-0.3105160275171807,3.3873923200845746
0.00620134429282115,0.006320821153025008,-0.005423220898519536,0.005600349788530393,0.15090486186561894,-2.4478061691044353,-0.335370559916653,3.3642806046385068
0.006009901921277068,0.006534563886863091,-0.0051158914808942845,0.005895075746981649,0.21370133178444856,-2.4723189681254283,-0.04982772588180825,3.3998199731273755
0.0059905855580264745,0.006579214723850066,-0.00508073137849105,0.005959787069660167,0.22633427348974863,-2.484697591392214,-0.00549637821621382,3.4237378157211267
0.005922737371923832,0.0066268622324883765,-0.004966680871369657,0.006010068569700463,0.23959670296096444,-2.464336528484889,0.07871514669255307,3.3883383630827972
0.005947170341453382,0.006591476513878649,-0.005010272625715133,0.005963506455224406,0.22985567389888234,-2.46262264451422,0.03641215344088016,3.3834464041563304
0.006023117489609274,0.006486783358817446,-0.005140205086840829,0.005823263331317509,0.2013839237286563,-2.4533581659312804,-0.0896445297757729,3.3643004126050093
0.006806517373666685,0.005857874055318454,-0.006265356090082657,0.004825873644480543,-0.003163930253232291,-2.2529922682254107,-1.0974001706568781,3.1546386099634667
0.006725324438844937,0.005899684508319788,-0.006156280846038305,0.004912010678791034,0.013545898592145009,-2.2837697012539686,-1.0020413520485232,3.182352770986632
0.006682475670113585,0.005901718575915433,-0.0060892453809431235,0.0049239033779246875,0.020242823244382622,-2.282963220622346,-0.9503061668521637,3.167494192343657
0.006750422657999828,0.005873716765471847,-0.006184201718388547,0.004865163101318914,0.0068835340860838945,-2.2651389494472274,-1.0302662710789312,3.1570309644752528
0.006775791933935957,0.0058555264882011425,-0.006215619460695202,0.004830229427816725,0.0012920730597393295,-2.2518472941796386,-1.0590359097756858,3.1416249321897687
0.00682333257704354,0.00583076420535885,-0.006278187880276402,0.0047783584946737324,-0.008358768892103728,-2.2323210628292984,-1.1138814875720344,3.123148419099493
0.006843676145352014,0.005803962599945855,-0.0062962033873799365,0.004730328446495658,-0.013823937868746085,-2.2115994091244695,-1.1340786849141,3.0929846360250957
0.006866144482855774,0.00578000560313624,-0.006318466310505169,0.0046859854006227235,-0.0192498495218158,-2.192586800131353,-1.1567659691864371,3.066851516886059
0.006905095205648314,0.0057497509122964975,-0.006362063302234703,0.004626061457886173,-0.027183456408536987,-2.1669082280726957,-1.1972965887265443,3.03515830332961
0.006879072155147959,0.005759055069607803,-0.006327127654088172,0.0046493498871996945,-0.022615509691491977,-2.1764108446781942,-1.1678708696270297,3.042316740746365
0.006909006267010603,0.005721237104286502,-0.006352125343905552,0.004581034336165282,-0.02922842512128983,-2.1465214345861936,-1.1949128094984494,2.9993817031052386
0.006931635388033656,0.005700117998881294,-0.0063745589882080065,0.004540651126398536,-0.03395899968761423,-2.1288126286991287,-1.216508038652018,2.975992578270763
0.007017178104687192,0.0056041027983647,-0.006445291264866878,0.004362561588055788,-0.04993141543747536,-2.0492986627213843,-1.2881419820581674,2.8654631697629145
0.006995107049068784,0.005642573985170106,-0.006436012383307863,0.004428914013707037,-0.04576542831506609,-2.0790277640837442,-1.2748082722188758,2.9108228781488164
0.006960517016924165,0.005672875443383493,-0.006402340576843174,0.0044884033282676025,-0.039451157490205,-2.1056789697892704,-1.2431807781892525,2.9453473532985974
0.00641883757547439,0.006165069018142612,-0.005751990214339131,0.005369815678424871,0.09700578528938741,-2.4268497694749542,-0.6175142208649204,3.3590474304318936
0.006376715961713165,0.006162728378757969,-0.005683003781696085,0.005364460547540917,0.10139244640665616,-2.411154079992789,-0.571200307963006,3.3230224149685728
0.0064400646072329095,0.006133058703611877,-0.005778770120207499,0.005317985147558868,0.0882637680911471,-2.4098585824861156,-0.6485552196448577,3.332870363867856
0.006504279992756361,0.006084718893049031,-0.00586981286596764,0.005238242212248865,0.07157953776363034,-2.391409251267675,-0.7309942973277428,3.3139748408593435
0.006466238627822048,0.006099763686032567,-0.0058124242675871305,0.005263774678487958,0.07904718811072732,-2.3928312288065605,-0.6845925366513004,3.3079188294387616
0.006585611173793183,0.0059766144965492565,-0.005964975221290186,0.005057689190847594,0.04357324775343736,-2.3273200361288366,-0.8360381765410289,3.2195148423024285
0.0065673257451075075,0.006002834756347605,-0.0059450459031726135,0.005101600728600515,0.050186316250117116,-2.343659895602795,-0.8131608916007484,3.243980443982001
0.006539146661565603,0.006017022709857052,-0.005904749188808278,0.005126873604074114,0.05587164641112503,-2.348899297542383,-0.7792413234143528,3.2463570004416735
0.006511284031674484,0.0060437950709244445,-0.0058686555568012765,0.0051717827322321705,0.06398144249958891,-2.3627624461479164,-0.7444309263521092,3.2643742338211865
0.006606060862709826,0.005914623109247667,-0.005974263780110189,0.004957078336754469,0.032762321882977924,-2.2852027563204764,-0.8611056026775575,3.1500237094001444
0.00657373630060927,0.005939741314538907,-0.005932900305391506,0.00500082017592308,0.040579045081547714,-2.298853873160948,-0.823616026985314,3.1659449458754767
0.006634901429587899,0.005889331136103015,-0.006009482397098556,0.004913006462901736,0.025787784669469644,-2.2702048768932452,-0.8941383130407768,3.1311252165425767
0.006599008746556159,0.0058833207809529985,-0.005951426357320974,0.004909459653372171,0.029970738293318543,-2.2621583964473797,-0.853556662492051,3.1075155865113016
0.007323713708199094,0.0054842295019372714,-0.006803586070762085,0.004023683369853767,-0.09041130097886363,-1.873147677639296,-1.5888203681437505,2.6902760966082777
0.0073004021040158195,0.005505316208568512,-0.006786758458306217,0.00406828879504323,-0.08794962164297211,-1.8955983587848715,-1.573510626921143,2.7200753414431023
0.007269731644303515,0.005530897530907304,-0.006762290533799996,0.004123732058994065,-0.08482799883508932,-1.9236219494094855,-1.5514078533616364,2.75640762327658
0.0072364862408474395,0.005546816606715306,-0.00672624099988024,0.004166515147788566,-0.08047993976413186,-1.9464739328508796,-1.5206212221287205,2.7812849786803806
0.007323121367710174,0.005439058811297526,-0.006768496388376225,0.0039613051559593306,-0.08898532620086465,-1.8482809406689606,-1.5639509293717888,2.6402747055454867
0.007352077319996241,0.005400210815146519,-0.00677870898641324,0.0038894033763243155,-0.09063015026790949,-1.8143068399238984,-1.5748419523419723,2.590827166793568
0.007460081054141569,0.005368350785694603,-0.006898553697017656,0.0037716976110184377,-0.10003287102743631,-1.7446952297244358,-1.6721693446203318,2.5225945811223376
0.007424143972373261,0.005384843252247401,-0.006863866048709088,0.0038194762225184915,-0.0974074305785425,-1.7715200408279934,-1.6437065545126315,2.5522588042482663
0.007527153377630067,0.005327297397354554,-0.006952904708726006,0.0036676521931986723,-0.10343337060933012,-1.6881431389874995,-1.717024916431981,2.4546988646690306
0.007476660870605615,0.005327531596015751,-0.006887497447749416,0.0037059111222812976,-0.09928012271014384,-1.715947759741215,-1.665254179753888,2.475038268580874
0.007550487369931586,0.005286272653387945,-0.006948906457761584,0.003596980909395788,-0.10249042763798578,-1.6560415645208304,-1.715237481239854,2.4048602414134597
0.007383740245306466,0.005366736373829652,-0.006795763318826157,0.003823257628916528,-0.09250567750641657,-1.7821019511096505,-1.590470838309278,2.5465377204721915
0.007861114845110345,0.005174670561453189,-0.007227177330218032,0.0031917573735491525,-0.10800002718289023,-1.4084591474084716,-1.9327174300413408,2.138766607958032
0.00784041801639664,0.005187713423653701,-0.007215395849319325,0.0032265374194139418,-0.1082534562171333,-1.4278597366550376,-1.9239534756290066,2.1624815903938415
0.0078102685505265475,0.005189611942984908,-0.007182033447462168,0.003257003603317777,-0.10798144987595011,-1.450285776283726,-1.898116049596822,2.182658278272834
0.0077744548647850015,0.005199635578241387,-0.007149015373280612,0.0033016675872380324,-0.10766881680273092,-1.4789652270541451,-1.8726358960848877,2.2123652641435094
0.007618054587863641,0.005272714076887529,-0.0070227715260130505,0.003525860241887654,-0.10647289133058546,-1.6099644847294166,-1.7736932333848159,2.3611306153462412
0.007663749348578198,0.005252730014761283,-0.007062311666626812,0.003462946613165475,-0.10764125263129505,-1.5729833080560842,-1.8050141274573583,2.3198956460406452
0.007645257859844974,0.005267383383927789,-0.007052127293422417,0.0034966848959076314,-0.1073339770813472,-1.5907434036052197,-1.796909250699429,2.3427601423923443
0.0076686718547499845,0.005229755562701446,-0.007048401409638845,0.0034305895009417555,-0.10553752525193497,-1.5606571976142474,-1.7941862354349207,2.2965946522683636
0.007736574171973542,0.005210304044119506,-0.007113487208988451,0.00334830259713188,-0.10718037619453026,-1.508732264840351,-1.8450291459682109,2.2431097650528673
0.007699295462584107,0.0052196064980109666,-0.007076816032605077,0.0033920758711449383,-0.10643636205955075,-1.5369904195895623,-1.8163970780893377,2.271607767430462
0.0077405766622333895,0.005171429937904981,-0.007083896620457746,0.0032985919060356792,-0.10375940205556515,-1.491722193844707,-1.8219025746530282,2.207501349221204
0.00787999356793747,0.0051452984234559105,-0.007221386539758957,0.0031401948315008398,-0.10480337459020284,-1.3854355630973296,-1.927473815234698,2.103239894847482
0.007952307868154566,0.0051297162490303505,-0.007287530710337179,0.003051858442750515,-0.10372941791816347,-1.326040807955038,-1.977544732042075,2.0431288766020046
0.007912404992116538,0.005114949770122675,-0.007229522760162665,0.00307488959591647,-0.10198050239351801,-1.3521865214416284,-1.932941010391357,2.058559053565683
0.007584511661355997,0.005252341671195223,-0.006963622799903751,0.0035274985446663025,-0.10229970618815702,-1.6213806155335997,-1.727498306682481,2.3577591631806247
0.007197074222797698,0.005545811564065018,-0.006668695489013458,0.004187697460748351,-0.07535625469688788,-1.9607866742455011,-1.4738761152154625,2.786409035464143
0.00586077477045265,0.006752402669610591,-0.004844265380891068,0.006181254277133016,0.2739805301338702,-2.480144497868283,0.21562958744623192,3.427328606892091
0.005878707972075185,0.006625627894356939,-0.00489806476153333,0.005990882731655579,0.2391760613177911,-2.433782941452458,0.1088552877192681,3.332639305370791
0.0058680873956737795,0.006668256791240942,-0.004873874503435839,0.006052790362818494,0.2504013317310653,-2.4466738725985384,0.14646652200079938,3.3589603381166087
0.005863816107007411,0.006711925243248658,-0.004858271971098879,0.0061191081598102595,0.2623516126473226,-2.463914509560692,0.1819716002739973,3.3938618700672376
0.005826668400049614,0.0067684182117242345,-0.0047868795996246155,0.006190197868988472,0.2772921441774637,-2.461499092911182,0.2500384921535943,3.395325551840081
0.005789400176052248,0.00679373242072402,-0.0047223566398553575,0.006211320024746134,0.2827089409446879,-2.443814204814285,0.29276054959912673,3.3665314617495214
0.0057444623106498996,0.006809158715058198,-0.004649169286049508,0.006212602822518308,0.28484918509815627,-2.4158656362301394,0.3301274853335046,3.3186698323417825
0.005709502010755374,0.006841626331930442,-0.004586284943885593,0.006243854190239483,0.2916251234347393,-2.4009257578917595,0.3747927325364279,3.296630665270474
0.005677159267976121,0.006877956291969249,-0.00452567157748912,0.006281206064855191,0.2993312898011296,-2.3881360518534733,0.4206737471459699,3.279437587818974
-0.006182239428140227,-0.006749715285410699,0.00538395977210688,-0.006323916225951552,0.2755302495564571,-2.729132557574386,-0.05913872045838919,3.900049512011226
-0.006197969404967168,-0.006752760656429175,0.005411971600888815,-0.006336609120005624,0.28107398818424656,-2.74328922989332,-0.06886816553807011,3.9287051616574247
-0.006192474307696935,-0.006737724980006031,0.005403795989696869,-0.006306937142227076,0.2713391071623601,-2.7288546835143705,-0.07965467714113328,3.8993211971121204
-0.006208189667499153,-0.006740832253114332,0.0054318649538086725,-0.006319564494144844,0.27585343063088,-2.742958280947365,-0.08962736899711223,3.9278590658613157
-0.006218447357971209,-0.006728936011698173,0.00545169398867926,-0.006302466628774271,0.2714204048678334,-2.742433757716898,-0.11035200010968187,3.926847418762564
-0.006202771487631833,-0.006725772692712899,0.005423621634943168,-0.006289915232148666,0.2669854274056995,-2.7284319584885988,-0.10015999525530576,3.8984320316301155
-0.006228742374980063,-0.0067170720498724076,0.0054714661570822234,-0.006285309141904824,0.26701698088104964,-2.7417237796310268,-0.1310472852882193,3.9256335879974977
-0.0062131056029449796,-0.006713854127132247,0.00544339362431604,-0.006272832252838729,0.26250040338112496,-2.727850810015623,-0.12065019569066127,3.897334806707128
-0.00624944398096624,-0.006693441434347547,0.005510843559570732,-0.006250812533280015,0.25830532430416014,-2.739764612725578,-0.1723183279585204,3.9225800684468304
-0.006244259539314126,-0.006678356632283827,0.005502257342654966,-0.006221296034923606,0.24891243863454912,-2.725155573084671,-0.18193022211314358,3.8928359603533376
-0.006239074616716287,-0.006705240485047163,0.005491184529944474,-0.006268089463096801,0.2624815814140077,-2.7408332942867033,-0.15170805072689175,3.9242108921780257
-0.006233850849994066,-0.006690149207363563,0.005482712787571412,-0.006238528455092989,0.2535283018821834,-2.7262152937309083,-0.1615318833031382,3.8945403074619214
-0.006223465753224136,-0.006701977485918549,0.00546309146019628,-0.006255699583258937,0.2580370062509017,-2.7271109168627024,-0.14110994498941495,3.8960335352093893
-0.006238873436240769,-0.006663065648635617,0.005493686114466912,-0.0061920780504522285,0.24585288438955408,-2.70957880071262,-0.18478757820205957,3.862386589868008
-0.006270115402141913,-0.006627590748907587,0.005551080683394562,-0.006139515519237988,0.2327013922666196,-2.7048954544788497,-0.24485474013542882,3.8552039985426663
-0.006259733850163251,-0.006639460193172936,0.0055321259400021505,-0.006157256214474163,0.23713734805726513,-2.70672018009405,-0.22490058978105418,3.8580027127069845
-0.006249314806688884,-0.006651282883408446,0.005512984386170378,-0.006174771868271276,0.24149786205940596,-2.708276340118521,-0.20487017462769216,3.8603861989091084
-0.006280569016099133,-0.006615733906537013,0.005570040515890885,-0.006121694008905841,0.22817473494933016,-2.702924799801997,-0.26482613437599817,3.8522322560455815
-0.006291163713506767,-0.00660393707272065,0.005589129058776325,-0.0061038974740618155,0.22362020784920625,-2.7008895061641387,-0.284878115447663,3.8492512884946706
-0.006301870939843479,-0.006592197174753293,0.005608296724174732,-0.006086108393752132,0.21907429829711547,-2.6987648043527144,-0.3049813236474605,3.846215730109614
-0.006312669620664565,-0.0065805013730488296,0.0056275065139936966,-0.006068294974937946,0.21450835599252152,-2.696524261398483,-0.32511592684165963,3.843077077049639
-0.006323571687723112,-0.006568881536152117,0.005646781585214985,-0.006050516124465943,0.2099308077117986,-2.694198594377634,-0.345279531516346,3.839899048111502
-0.006334552441728334,-0.006557377989480139,0.005666081058861044,-0.006032835838842578,0.2054012209206699,-2.691802535073307,-0.36542322207718975,3.8367099428505576
-0.006345543681246127,-0.006545959595967908,0.005685283755245279,-0.006015178360509118,0.20092725769551376,-2.6892698167029643,-0.3854748318038203,3.8333742141693965
-0.006464466094067266,-0.006464466094067262,0.005892463735846669,-0.005892446529011217,0.16703135001845582,-2.685542947556907,-0.5784440908354201,3.8482734362396633
-0.006460223170177388,-0.006449110287796048,0.00588190965791502,-0.0058634517338234625,0.1586772034718825,-2.6699604180490115,-0.5833929572678088,3.817752396565767
-0.006475590734211071,-0.006453376348240325,0.005910930713393616,-0.005873921453169582,0.16337718261432832,-2.6811098275334087,-0.5981737825349291,3.8425565261462773
-0.00647136847199701,-0.006438012976535672,0.005900256110068302,-0.005844948060702844,0.15393682687339674,-2.6655678729130687,-0.6030045437403394,3.811985704656418
-0.006486750166079204,-0.006442321599068367,0.0059293425559055245,-0.005855335219073096,0.15964733118361515,-2.676561990969267,-0.6178759849724456,3.8366044228710017
-0.006623336449023659,-0.0063124339648614,0.006145849539792681,-0.005627662837803322,0.10425035367096641,-2.6105172294890093,-0.8504198717728455,3.751465792467293
-0.006611768252052548,-0.006323060291193105,0.0061281543150185315,-0.0056469264768523875,0.10758837321619275,-2.616922219275431,-0.8315662143535979,3.759438400980363
-0.006608197895594261,-0.0063074623378438594,0.006116514371438084,-0.005618318285060891,0.10170400346499388,-2.601058413121239,-0.8333841184033163,3.7291552847377303
-0.006600233495542399,-0.006333722908021255,0.0061103867930752615,-0.00566614733887345,0.11172799316827142,-2.6231695904139163,-0.8125703926514637,3.76723177702891
-0.006596616490003332,-0.006318074157214588,0.006098812179422027,-0.005637391890209987,0.1061732394180303,-2.6071594748512052,-0.81458375388745,3.7369274458723836
-0.006588732293902653,-0.006344421709587206,0.0060925519976559395,-0.005685319838738112,0.11616845716108022,-2.6292341815047613,-0.7934252682782906,3.7748632819537136
-0.0065850517991642805,-0.0063287337250044,0.00608102565760447,-0.005656428336729751,0.11049909062061793,-2.6131326120792426,-0.7957203513777237,3.7445278312706543
-0.0064825353688355925,-0.006426929581548227,0.0059185175790222875,-0.00582635078178535,0.14935630603639835,-2.6609929890854747,-0.6225555112597241,3.8059929491002964
-0.006497944278924988,-0.006431301956387209,0.005947712196429038,-0.005836674692001934,0.15481453446053844,-2.6719019915149658,-0.6375786018370739,3.8304253999068294
-0.006493749618731889,-0.006415879062849646,0.005936741039007656,-0.005807697564324827,0.14510492538342082,-2.656264905318291,-0.6420388847023234,3.7998462150348638
-0.006509172961654168,-0.006420317529674782,0.005966036931711393,-0.005817942540867195,0.14902762588506732,-2.6670962933903923,-0.6572621986112694,3.824074879111001
-0.006505034372472462,-0.006404880099965667,0.005954971479043165,-0.005789021096621125,0.1409330623377366,-2.6514121929425247,-0.6614665879457585,3.7935942603338337
-0.006520436102827724,-0.0064093684280484495,0.00598429402620351,-0.005799162009379947,0.14392744685605025,-2.6621111695035657,-0.6768687737508429,3.8176042236606467
-0.006577264761224861,-0.006355156589749449,0.0060746493762374254,-0.005704444392422451,0.12101366342263127,-2.6351051801196443,-0.7741361113255202,3.7823563417790766
-0.006573503586199919,-0.00633945380104334,0.006063156991356869,-0.005675449539982246,0.11476210305880262,-2.6189919214414243,-0.7767802997609823,3.751974601286736
-0.006565831011279577,-0.00636592744198593,0.006056675939756776,-0.005723524085527106,0.12683537473774073,-2.6407821121321984,-0.7547257224514571,3.7897521595858144
-0.006561979447759656,-0.006350243062149497,0.0060452212808008755,-0.0056944703647443745,0.11886279565428277,-2.6247409431793383,-0.7577528418496847,3.7592787189683308
-0.006554431157513266,-0.0063767341593964424,0.006038645556113414,-0.005742544208867714,0.13281516931104054,-2.6462891888585998,-0.7352609491662809,3.7970422721409007
-0.00655050535713059,-0.006361110291788856,0.00602726469158073,-0.005713508908129664,0.1228309024396629,-2.6303855449535862,-0.7386367163504355,3.76648513785656
-0.006543065313045259,-0.0063875766347050176,0.006020578463566629,-0.005761483515608565,0.13728003049789794,-2.65167221892,-0.7158112199065223,3.804142046957501
-0.006539095906064356,-0.006372038316051108,0.006009306522173469,-0.00573253928007541,0.12703655864021238,-2.6359083349971275,-0.7194401085392083,3.773598440450421
-0.006531733590664734,-0.006398454760262389,0.006002469897825046,-0.005780347125709714,0.1403698515526804,-2.6569551925469623,-0.6963704489222201,3.810985985139973
-0.006527727985709532,-0.006382984227070006,0.005991296060546012,-0.005751485574456926,0.1316864493386292,-2.64126370006506,-0.700173001589366,3.7805276228636857
-0.0065163721393128446,-0.0063939252415141585,0.005973178868254262,-0.005770302743400333,0.13645925623590094,-2.6464246502058795,-0.6808459012541713,3.7871856789266496
-0.006409368428048451,-0.006520436102827721,0.005799163496689557,-0.0059842925038226654,0.19070747059698434,-2.705227408089574,-0.4786635453049574,3.8740505342272784
-0.0063939557951873715,-0.006516367410841863,0.005770403137184701,-0.005973131256361592,0.18575769357290928,-2.692997356336461,-0.46466577102982304,3.8481745290651976
-0.006378401309868854,-0.006512031023356531,0.005741989431600887,-0.005961979360184881,0.1877324311821502,-2.6806259913098587,-0.4449181676593174,3.822009135527573
-0.006367477987079452,-0.006523283402078803,0.005723255066693304,-0.005979745837426386,0.19207394735600028,-2.683682207509231,-0.4252392270940392,3.826029521217165
-0.006356517576355313,-0.006534587932547908,0.005704338918932837,-0.005997468701541303,0.19648411469523266,-2.6865554787683656,-0.4054175234780602,3.8298005354195346
-0.0057437903492475505,0.007232987796418924,0.004464794995636703,0.006868938566235665,0.41929732231321,-2.5395211480550177,-0.7507718664816504,3.634561021421614
-0.005733678303584507,0.007248491229751283,0.004439825563181743,0.006885348456822734,0.4229469100779321,-2.5322866761476734,-0.7723165113639909,3.6261425633344833
-0.005716229053415649,0.007258698285753345,0.004406539100718762,0.0068875603184108125,0.42322539178333435,-2.516758626745062,-0.7896212321415356,3.6006034625578835
-0.005703888670340422,0.007270091292523225,0.004380525677933155,0.00689546362390342,0.4248422566378172,-2.506324440464718,-0.8065369955320741,3.5850139959891947
-0.005693496867359031,0.007282770725002551,0.0043567050345366615,0.0069067386455693635,0.4272402214873412,-2.4978430810460694,-0.8242493523796527,3.5735591829324775
-0.005685096138118637,0.007296364973563681,0.0043353008825427475,0.006920856679155353,0.43024697878562573,-2.491263246126867,-0.8424056644151868,3.5660299619878155
-0.005676536056548618,0.007310369260004758,0.004313295208701989,0.00693532969442755,0.433341477665183,-2.484366417130396,-0.8610405293873463,3.5581526664342857
-0.005667834612810118,0.007324532746836779,0.004290874270528682,0.006949784553141171,0.4363802255589295,-2.47717267880189,-0.8797987080735031,3.5498552916454558
-0.0056346170083319954,0.007408154879335792,0.004183497865231116,0.0070476425107784966,0.45753215585891693,-2.4486667885927464,-0.986619979422651,3.5288563168740246
-0.005624440893935661,0.007423652068237346,0.004157151785588274,0.00706185883591385,0.460261556376445,-2.4386722522530513,-1.0067575420967232,3.5164652595260013
-0.005606662458468061,0.007433018596216347,0.004124052348863593,0.007060230664046755,0.45898728044020437,-2.421139580440531,-1.0197516417120893,3.487412117922418
-0.005625767209530411,0.007391609164980262,0.004182112815978256,0.007015461976383453,0.4497398895964608,-2.4397051181676086,-0.9673800913300871,3.505332541545506
-0.005635400611843287,0.0073776000208513855,0.00420625994596062,0.007002744808081618,0.44726204067255154,-2.4487166425155382,-0.9491722905024149,3.5166865203091278
-0.005648796444266373,0.007360398252536209,0.004238165840755922,0.006988214511129827,0.4445222906419316,-2.4610645575195207,-0.9263823257306045,3.5331420003635925
-0.005658457263142534,0.007339854617206183,0.004266559327322803,0.006965281787197645,0.4396571646395639,-2.4691908242124456,-0.90002127410947,3.5406154468799227
-0.005552415158568234,0.007532746222529291,0.003968612087125903,0.007156087296674475,0.4770664374690355,-2.3620341371973566,-1.1435836412394877,3.4201127790230053
-0.00554147763404899,0.007546739026073504,0.003941742345739455,0.007165917425421424,0.478368152246238,-2.3498569325183496,-1.1603429263222658,3.4036052500569345
-0.0055484113502397596,0.007515705344667634,0.003976565758809151,0.0071282319115687715,0.47056647466003393,-2.359963309434153,-1.1224544590917331,3.4082797190264693
-0.005508674915985564,0.007599198389317369,0.0038520859565466,0.007208890171250439,0.4849512808455692,-2.310834965777152,-1.2221086678305364,3.3548382766606113
-0.005521655835179433,0.007581916974196707,0.003884755294244657,0.0071969903511947,0.48351950684206824,-2.325975047323418,-1.202232572657698,3.375160340514362
-0.0055305543722792274,0.007561808483817201,0.0039139698079459365,0.0071770989464751,0.4800020369552387,-2.3373924180824837,-1.1782201022118892,3.3871317617838836
-0.005592870528058061,0.007444072607539647,0.0040956847094465445,0.0070644164576479955,0.45920628737325814,-2.407440855269272,-1.0341752065847978,3.4663178756299082
-0.005579278474488873,0.007455948494423482,0.004067046832552334,0.0070698269316138386,0.4596022431198889,-2.393833336399958,-1.0493288841513635,3.445783671089829
-0.00554361381120185,0.007498032067044503,0.003983648323700502,0.007098822649482522,0.4638444710965412,-2.357003795502749,-1.1008598240963237,3.3947555538446728
-0.005559783456109076,0.007467882237484751,0.004029924201788674,0.007069998272308629,0.4585956801791545,-2.3745154751831694,-1.0644056631417138,3.414595836047947
-0.005544271223654587,0.007478794262311135,0.0039994443374558545,0.0070720283816886305,0.45788224106453057,-2.3591029580599305,-1.0777550117862102,3.3903825932756213
-0.005497818119603236,0.007614348491307046,0.003824132792330161,0.00721959661104253,0.48623610584576066,-2.297842835901692,-1.2393755937092854,3.33765309494552
-0.005484578520237901,0.007628689898645257,0.003793591044522759,0.007226763461477283,0.4864457057906931,-2.282650529383798,-1.255075600391378,3.315911705616435
-0.0054171831319386465,0.0077051536620707526,0.0036353739241450716,0.0072648798127618605,0.4869737622144044,-2.203313374789211,-1.3343073918270865,3.2039233941564613
-0.005434694126285021,0.007691769123823084,0.003670564887999933,0.0072640420221281735,0.48896930585217263,-2.2224872688579747,-1.322278644087154,3.233610573793135
-0.005433863827726486,0.007671564355375745,0.003687656369767656,0.007236529785520608,0.4831340445419886,-2.226851144623135,-1.2979502383883235,3.2313026595515764
-0.0054692317064411605,0.007646119024246765,0.0037575091472645877,0.0072359263303217675,0.48685030660473905,-2.264797699715284,-1.2738651795538865,3.2907083446742282
-0.005448491113630712,0.007657529003550993,0.0037195810411012353,0.007231664545050247,0.48379627751389703,-2.243317829219943,-1.2839958115413426,3.255544514668486
-0.005191403168611997,0.008035302505899173,0.0030335984714235996,0.007439350607090527,0.48034811235250546,-1.8921321916613503,-1.6194137179295305,2.7921949427800765
-0.0052090256413978245,0.008008514600406953,0.003081778553926318,0.007427475941133322,0.48236645771408965,-1.918037701069235,-1.5999752469698976,2.8263150159102177
-0.005172382592009852,0.00806081691887088,0.002985285761080875,0.007447938774798392,0.47750609112757586,-1.8657658953986864,-1.6361543552130262,2.75631577656585
-0.00516325960019896,0.008032622308704638,0.0030056946324444386,0.007408184534473445,0.46973181928318164,-1.8741542726933442,-1.6025783156234819,2.7538289580462023
-0.005214723025070202,0.00797672330202041,0.0031217122006329708,0.00739750416075922,0.47881023058941957,-1.9375198108759015,-1.568915359812552,2.844301423345662
-0.005227440846512771,0.007948074771011258,0.003165907252144135,0.007377570664638977,0.4781013851886438,-1.960039685292918,-1.5441425847321268,2.8708093938078965
-0.005390665009480093,0.007701508859512863,0.0036041963608372638,0.007234954908904454,0.4776121124575354,-2.1811736940985647,-1.3236846031130736,3.1593473799981773
-0.00538020008522185,0.007722970925930134,0.003571152450928765,0.007252720385748657,0.4799366206156158,-2.166209356893168,-1.3460282666488017,3.141973872704921
-0.0053605952238067744,0.007737055036022758,0.0035331590653737478,0.0072520840007069464,0.4772180459288093,-2.145337190797242,-1.3571764081134605,3.1094112041284414
-0.005344254578081159,0.007759243016915804,0.0034919207695517985,0.007264552475499908,0.47740030253210636,-2.1248046910235563,-1.3780076833315722,3.081885243409346
-0.005273121309905517,0.007858329980801384,0.003309723105582214,0.007317452982131731,0.47611892492588315,-2.032551098919462,-1.4652406931373516,2.9588401816547147
-0.005232299073586839,0.007910808382679825,0.00320947205552173,0.0073394316364316595,0.4725624672199697,-1.9801136295799187,-1.5061579135101602,2.887272862567405
-0.005253491920079505,0.00788334454587461,0.0032617056168366145,0.007328012763925804,0.47453218428226945,-2.00749336971375,-1.4850406410104784,2.924552807908222
-0.0053252386897103335,0.0077841435145214735,0.003444773278928121,0.007277451486538702,0.4769634674916553,-2.100996835231101,-1.4005361460172006,3.049616060080545
-0.005284245473314093,0.007829928886793682,0.0033507974481856227,0.007294120063339003,0.47375916651092037,-2.052073628165189,-1.4379429006889293,2.9804606653476573
-0.00529861313916115,0.007804195908453855,0.0033929619804316936,0.007276651607653739,0.4728927798606786,-2.072692561712563,-1.4143846501990474,3.0059949212446813
-0.005972091676468544,0.0069657792620481844,0.004964336408731586,0.006590369081349786,0.35009297287972263,-2.6725549866178686,-0.33142994464480585,3.814947984249912
-0.005962526846894655,0.006978390458865234,0.004943604111609785,0.006605892025650214,0.3540348953033043,-2.6695152055367264,-0.35135023464207243,3.8115705405635225
-0.005953112833233478,0.006991231961780089,0.004922938888310596,0.006621760735394455,0.3580408402770274,-2.6665136665395095,-0.3713781460237024,3.808415441603802
-0.006048597364600581,0.006865194464068348,0.005126231911110919,0.006461782483216913,0.31728496214005947,-2.6895048469094216,-0.17178998949481913,3.8316770662645365
-0.006029896372724449,0.006890868771602284,0.005087002897902845,0.006495886240939607,0.32591926813003186,-2.6871868606607348,-0.21189154937386848,3.8306247898740904
-0.006039240434209221,0.006878116627681497,0.005106644382546543,0.006479043662030829,0.3216431007449432,-2.6884922223915493,-0.19191171338858806,3.831389638556941
-0.006013515731410014,0.006888384147080324,0.005059543264835434,0.006482469456894534,0.32437341309901585,-2.6712539659337726,-0.2231676863048724,3.799823468341715
-0.006002965984454148,0.006900173078682171,0.005038092226342782,0.006496706188971173,0.3281231565163641,-2.6680612246086706,-0.24291824675419468,3.7954491262772474
-0.005965068253479643,0.00695046670485092,0.004957686806235693,0.006560107352010131,0.34407909439649537,-2.6587310149559014,-0.3212472541485676,3.7859775467181955
-0.005974824776699201,0.00693861662184976,0.004978187603219708,0.006545851837965051,0.34042132792530205,-2.6619729765976348,-0.30218515310587274,3.7900459310555767
-0.005992299634234948,0.006912748845097575,0.00501612046466238,0.0065120742386875425,0.3320851121687381,-2.664963957143686,-0.2634452541806758,3.791474558503636
-0.005983617867298629,0.006926128656145166,0.004997166638682708,0.006529816710206701,0.3364709667946278,-2.663839303121461,-0.28317999125052756,3.7914838309881644
-0.006050793432813936,0.006835973543616015,0.0051372355561892765,0.006412452343964961,0.30703979798400155,-2.674781807542129,-0.14336832829531107,3.799996917304506
-0.0060609811270797564,0.006823302791595866,0.005157740710328145,0.006395816788160961,0.3028079851876941,-2.6761161777650675,-0.12311642259359958,3.801236032693098
-0.006071411234721634,0.00681088015030661,0.005178497251367116,0.006379592171912263,0.2986394685872256,-2.677583979251392,-0.10286566842732896,3.802869258181215
-0.006040782630601444,0.006848841357327671,0.0051168720293104175,0.006429380281139894,0.31131869747062363,-2.6734949649451334,-0.16364872209029144,3.798982265730268
-0.0058454577684041355,0.007089488235366047,0.004702797364925119,0.00671378315495174,0.3830280855814783,-2.6018606317363324,-0.5432893517553082,3.7093416025686605
-0.005870722269858597,0.007079643748281383,0.004748735617474367,0.006715085256662915,0.38260037379248707,-2.6229434996183976,-0.518664686917515,3.7463137487829736
-0.005855408771534482,0.007079713521934426,0.00472355088415875,0.006704671655557827,0.3807355351000361,-2.6081610720000845,-0.5272336549545235,3.718670248175095
-0.005943700135143616,0.007004135907139533,0.004902143590877455,0.006637596641545027,0.36204122562355096,-2.6633316418880884,-0.39145392536837503,3.8050325348112453
-0.005925246693792567,0.00702988473385579,0.0048608786788748954,0.006668992929251436,0.369934809791085,-2.656663639700789,-0.43121401788051283,3.7979791382738983
-0.005934409255176975,0.007017032896298372,0.004881448218840551,0.006653359950719397,0.3659933327336607,-2.660051057410121,-0.4114125348269618,3.8015613679116877
-0.005878622174189496,0.007065704835735237,0.004768006943858475,0.006697487850941355,0.3783598759373341,-2.6255927781838895,-0.49889961181398146,3.7478632581397675
-0.005888499824271959,0.007052345875646502,0.004790166467308018,0.006682053869897232,0.37457555404898185,-2.6301453792021614,-0.4785799737540965,3.7532238783852887
-0.005898705873759957,0.007039713780281881,0.004812464283862492,0.006667892504157199,0.3709976421405919,-2.6350771425719146,-0.4587719364118324,3.7595612593704586
-0.005908782875685861,0.007027697310430781,0.004834208885705669,0.006654523827619568,0.36759099938185186,-2.6399305659933106,-0.43962117806565787,3.7659812793998033
-0.005833754702685827,0.0071015816676713445,0.004678071936219653,0.0067253281590750605,0.3859185457768896,-2.594484885858101,-0.5626657540295196,3.698665505095804
-0.005797603610732908,0.007153867628805402,0.004593761581959724,0.006783878689383732,0.39974597723062816,-2.5745738356117283,-0.638433149194137,3.675775622383657
-0.0058086613721144665,0.007141574957539885,0.0046178386354492175,0.0067721596567492165,0.3969347610111465,-2.5820226803328263,-0.6195518824438659,3.686198803372274
-0.005818787443151056,0.007131821202898682,0.004639089020663458,0.0067637224773379485,0.39488708702229736,-2.589124573338973,-0.6038197516365122,3.696753026946469
-0.005821961680212564,0.007115852197215269,0.004652098271950696,0.00674016335644226,0.3894656665254525,-2.58748962032409,-0.5843612509451429,3.6893586246637513
-0.005768473275643534,0.007178086135561377,0.004534522936400178,0.006801052023305228,0.4038136241424118,-2.552217245709215,-0.6781247039087778,3.641189900988904
-0.005734993036858753,0.0072161908877598005,0.004460699986647439,0.006835881823303581,0.4116863792560122,-2.527729576599143,-0.734102405578878,3.6072505623446376
-0.005744599162716911,0.007203117154217649,0.004483129175555666,0.006822678754595724,0.4087491932515815,-2.5344726656614136,-0.71573282269396,3.615736106741153
-0.005755367040473012,0.007189404723676078,0.004507659552991283,0.006809189502088865,0.40569073333459676,-2.5420185619464823,-0.6960996814552116,3.6256036787262844
-0.0057781368465573205,0.0071488988639198175,0.004565260024199145,0.006761810341557079,0.39495008898928186,-2.554404321613599,-0.6411425354649686,3.636851705843444
-0.005764059628644845,0.007159898180681402,0.004537222783185894,0.006769033900903161,0.39668272733322,-2.5435728340880277,-0.6593237404560893,3.6198706280425625
-0.006259832543578874,0.006639659236763886,0.005532295536226446,0.0061576474643163575,0.23711271719355267,-2.7068927480112657,0.22486036194731593,3.858465863835693
-0.006270277091546689,0.006627994799438664,0.005551360482828589,0.006140294067480577,0.23276907564483176,-2.705265675249581,0.24477140664868835,3.8560592505338085
-0.006453376348240325,0.006475590734211071,0.005873902155506746,0.00591094996737265,0.1727711709552796,-2.689432391028001,0.5585170004871627,3.85406036662898
-0.006437955443337254,0.006471406969335413,0.005844904200014378,0.005900264779547589,0.16740273856749557,-2.6784590907226264,0.5440545258176773,3.8284181413015133
-0.006280710606264686,0.006616300970168476,0.005570288182646606,0.006122756438151681,0.22838043308604491,-2.703403925916905,0.26462976136868543,3.85330704002611
-0.0062912166932361695,0.006604582917051326,0.005589225664417531,0.006105071465338028,0.2239382392042268,-2.701368320440307,0.28453045984253217,3.8503322389618435
-0.00630183076993136,0.00659285125553368,0.005608234713608741,0.006087268308832623,0.2194670758644046,-2.6991872368360323,0.30451424847714326,3.8471946714252323
-0.0063125421097658015,0.006581115816688094,0.0056272945072954874,0.00606935880679961,0.21492855272903624,-2.696859880490671,0.32455727849184,3.8438922938502027
-0.006323368129013969,0.006569435322908838,0.005646437567010215,0.006051451507787668,0.2103134287899809,-2.694441888055931,0.344652992936149,3.8405341446022665
-0.00633431808638554,0.006557896770352457,0.005665685771492083,0.006033702984586685,0.2057364896012297,-2.692007048053273,0.36477568913456365,3.8372623368401224
-0.006345255329051677,0.006546455106808198,0.005684795961941407,0.006015993048617122,0.20130718944645978,-2.6894322233729118,0.38477882774924205,3.8338274268218977
-0.006356088383333541,0.006534970553370433,0.005703596081359264,0.005998047709952495,0.196924660806117,-2.686551346865672,0.4046015359392318,3.829902017882089
-0.006366968995842719,0.006523451187765127,0.005722355263746999,0.005979923019967594,0.19242154837694614,-2.6834653718422334,0.4244214172058614,3.825699746500572
-0.006378022264463393,0.006512028878175282,0.005741307730895235,0.005961886225069292,0.18782874825387844,-2.680354906676481,0.44434264021624376,3.8215797269267466
-0.006389149609147656,0.006500730882699078,0.005760282669880003,0.005943960769891585,0.18332149865110636,-2.6771818291052596,0.46423845305645645,3.8174551293118175
-0.00640021599294743,0.006489472710615168,0.005779031087409572,0.005925963974284376,0.17892391231988014,-2.6738023142346914,0.48396629479810366,3.813031917609861
-0.006411229735895599,0.00647822149126968,0.005797563296786227,0.00590784084936824,0.17452748717038924,-2.670199724517652,0.5035401411732492,3.8082776133982286
-0.006422270868788005,0.006467019833828055,0.005816027681958619,0.005889686267041671,0.17011884054667084,-2.6664558278703896,0.5230463102669393,3.803358069467747
-0.006464466094067262,0.006464466094067266,0.005892428132056186,0.005892482138598237,0.16921831580907506,-2.685218651033289,0.5783566424532791,3.848475300838454
-0.006449028019857971,0.00646023371809937,0.005863359219371184,0.005881865216701994,0.16262746118098456,-2.674361244312584,0.5637652873448512,3.8230085440793347
-0.006475590734211071,0.0064533763482403275,0.00591091442546302,0.005873937615746938,0.16435261099054632,-2.680898019301298,0.5982129226559397,3.8426551958210933
-0.006460122622351122,0.006449064789791756,0.005881729848013043,0.005863353981146693,0.1579988959658334,-2.6700725565535897,0.5834283890116329,3.817350704376581
-0.006486750166079201,0.006442321599068365,0.005929362202748055,0.005855315082164066,0.15822633640746672,-2.676438599809554,0.6180786147033429,3.836658387118598
-0.0064712707521730715,0.006437919690894488,0.0059000716985245704,0.005844771760760902,0.15376793213557713,-2.6656241996654315,0.6030376679557953,3.811529001593146
-0.006497944278924987,0.006431301956387209,0.005947750771442969,0.00583663540531005,0.1523225052672487,-2.671795247642295,0.6378849443042116,3.830550698171779
-0.00648249535997884,0.006426831854367278,0.005918430402432091,0.005826178871705476,0.14972257019539767,-2.6610540736891757,0.6225871280982737,3.8056181598207943
-0.006509172961654165,0.006420317529674784,0.005966061019864989,0.005817918101783999,0.14773213082795372,-2.6669484130641803,0.657563113958653,3.8243335410118586
-0.006493780268280315,0.006415814996408948,0.005936782163867914,0.005807593909597764,0.1455029077055138,-2.6563724313644506,0.6420704253274147,3.799606080877331
-0.006243817657689295,0.006635972287582444,0.0055038018279172886,0.00614548358605825,0.23602913875544984,-2.693227743416785,0.20943091537274175,3.830135119437338
-0.006233236337423426,0.006647607370702084,0.0054844490905857435,0.006162444730119016,0.24034904256760756,-2.6943792686392136,0.18959144632743816,3.8317970650157087
-0.006201780621052383,0.006683300248255328,0.005426165972446576,0.006214047499760741,0.2535053946260541,-2.6973707538569,0.12961528047679205,3.8365905625720456
-0.00621214143326642,0.006671379784203909,0.005445491698476649,0.006196890180008604,0.24911512721795595,-2.696474992757714,0.14952543001247806,3.835069594878315
-0.006222622913806204,0.006659435476904902,0.005464915081835084,0.006179605822267901,0.2447317910274043,-2.6954427332198705,0.16954460836599508,3.8334016984127257
-0.0061911759770330345,0.006695032532610089,0.0054063111984127485,0.0062306411152971974,0.2577964783705033,-2.697746058265484,0.10954689912922864,3.837187147839862
-0.006185590941385208,0.0066796965994822205,0.005397849301136687,0.006201325279397567,0.25287662966898455,-2.68290627475901,0.11472855065713415,3.807584929738006
-0.006159838331552423,0.006731292607963132,0.005346800865019756,0.006281689575320153,0.2708910423806215,-2.6986953194094627,0.04891179532970561,3.8393951440463208
-0.006169905679914745,0.00671905626470735,0.005366103304351017,0.006264384449860649,0.26647802337908916,-2.698199471751931,0.06887547462091308,3.8381698337318455
-0.00618038282763969,0.006706862244029104,0.005386004496285716,0.006247194241461374,0.26208678726472767,-2.6978356587508157,0.08919308339483784,3.8373367772269344
-0.006143534395669378,0.0067281033503855765,0.005318549529975497,0.006269022989249827,0.2701118508605275,-2.6838869231116758,0.03466506624293076,3.810015781580486
-0.006132741196708127,0.006739407909070828,0.005298069313027295,0.006284090226770609,0.27410730184917137,-2.6828731618975996,0.014946287539031872,3.8084090902027303
-0.00611221467687505,0.006764287128899384,0.005258303862580054,0.006318259092225601,0.282770982558296,-2.6825131394425346,-0.025233033421580234,3.808918503381592
-0.00612171287503806,0.006751455133446843,0.005276972713818398,0.006300210745919437,0.27829246820856546,-2.6819456572128897,-0.005567071751727776,3.807119055216463
-0.006064204806122034,0.00679371063505766,0.00516964958897117,0.006346412708745446,0.29236877443510384,-2.6615176131738014,-0.09435578641608838,3.7703407412837167
-0.006075553566026435,0.006782127560297218,0.005191497262424672,0.006331945448464355,0.2885446265338137,-2.6639068890584414,-0.07430834935255791,3.7739977263198234
-0.006087154558366321,0.0067716923317425945,0.005213487969317234,0.006319430414158438,0.2851024120171494,-2.6669847052904405,-0.05494456125701324,3.7791829750327195
-0.00609752672434681,0.006763072941294997,0.0052329767555557094,0.006309351347630549,0.2822284041363224,-2.6700099980941516,-0.03815009493566415,3.784489726654668
-0.006849331498161109,0.006117566743455818,0.006470611242304109,0.005251023169067563,0.025612991325057344,-2.463985311967807,1.1949469338888807,3.567032673808006
-0.006846584023467432,0.006101710217248444,0.0064572257850259995,0.005223336612350439,0.019085873363849922,-2.4490625246495594,1.1928794478846763,3.537468301724427
-0.006824999850860255,0.006137439443456897,0.006437460267812435,0.005291612114571156,0.03583434633349228,-2.481496072584585,1.160026977449601,3.5892899689195783
-0.006837150069184487,0.0061274839812932615,0.006454068554704745,0.005271342516806572,0.030501629505572652,-2.4728088640490795,1.177526954591617,3.578206587343954
-0.00682214883012431,0.006121635499495717,0.006424246495441962,0.005263826744883757,0.026345179782125982,-2.466684117996376,1.1585609567259683,3.559378120463809
-0.0068343408176611865,0.0061116433804901575,0.006440745603339071,0.005243592273661903,0.02278519904773639,-2.4579273537321105,1.175764701703114,3.5484742114715995
-0.006812880963004882,0.006147433031857423,0.006420804876954833,0.005311809488269332,0.04001970558942683,-2.4900731551837723,1.1425016941619708,3.6002106646804966
-0.006810022120969895,0.006131684592748084,0.0064077500165715335,0.005284037002860811,0.030055251002375393,-2.4753302206377836,1.1412710621046775,3.5702053226846826
-0.006886061847125403,0.006088045350458172,0.0065198191220127545,0.005189798927199093,0.013947766896435043,-2.436676532624531,1.2464917500790973,3.5328316671046145
-0.006871164326952108,0.006081964518503452,0.006490000886302722,0.005182676197770694,0.011474888729250392,-2.430975304823049,1.2268322376558514,3.51501207787134
-0.006898366915619613,0.006078281982360665,0.006536102753311884,0.005169275930143815,0.00935827687353005,-2.427298176684164,1.2634679384970662,3.5211533620299913
-0.006883505704609989,0.006072147177410887,0.006506299349806205,0.005162264120172636,0.007851016764883962,-2.421755208762541,1.2436732894611209,3.5035694258568166
-0.0069107025920214695,0.006068557322679483,0.006552321222446222,0.00514870276099719,0.004805197240212157,-2.417768879009086,1.2803138105827678,3.5093854388266075
-0.006895888959596037,0.006062391710848895,0.006522563897169751,0.005141838377569431,0.004381632924437,-2.4124424027613904,1.2604235879582542,3.492036456548169
-0.006923068755076141,0.006058871466951211,0.006568458832833042,0.005128099464741372,0.0016319979677083018,-2.408096601124603,1.296987854611895,3.49754248537859
-0.006908308096041916,0.0060527047757331755,0.006538789717048732,0.005121409522774404,7.705482667578948E-4,-2.403040850410718,1.2770853265529383,3.4804120298323586
-0.0069728358408883565,0.006020517979210121,0.006632363426313691,0.005045176769656767,-0.011780917721045987,-2.368322844014687,1.3626056859479574,3.4485061534314134
-0.006958159664591196,0.006014209590409985,0.006602771512302422,0.005038985178849302,-0.014113912090252173,-2.364180952833527,1.3427184429155712,3.432211400425723
-0.006960348948237811,0.006030047672386859,0.006616476164568802,0.005065994085385657,-0.007827708767762162,-2.3784271484203696,1.3463244859081627,3.460987729609151
-0.006935465283302502,0.0060492245102820915,0.006584519358667994,0.005107461295654197,-5.591490952845203E-4,-2.3983075436501204,1.3135104125969665,3.4855566251245134
-0.0069207449666269455,0.006043052610383834,0.006554930119373219,0.005100923393706402,-0.0031628758580713096,-2.3935202663506208,1.2936545392829393,3.4686189748310796
-0.006947892054997044,0.0060396165473467316,0.0066005232887791565,0.005086761905808489,-0.003614926400219457,-2.3884192609283854,1.3299476781730921,3.4733613925831928
-0.006933189823557528,0.0060334056431357065,0.00657095173163108,0.005080335261006024,-0.007099027810386723,-2.3838586737172083,1.3101188511621016,3.4566149678774596
-0.006945656404169717,0.006023780683568951,0.006586884549971511,0.0050596729964950465,-0.010699717577445166,-2.37407141187963,1.3264723541731023,3.444458478886094
-0.0068435472664840555,0.006085404568290434,0.00644360915664849,0.0051955914834479104,0.019377506091129707,-2.4348985523588027,1.1836544933083797,3.5097039348895067
-0.006855893245580803,0.00607548538086363,0.006459991153789631,0.005175311652300949,0.015611002167088009,-2.4260075941675496,1.2005594016471408,3.498648034026657
-0.006634937971731549,0.006301844034399602,0.006163491693556996,0.005608335328272702,0.10055979529736588,-2.6037138031187155,0.8692168428175527,3.7435331936150877
-0.006619774623897586,0.006296867019454969,0.006134088159240648,0.005599154684603021,0.09698216446262732,-2.5950048025810886,0.8522181214112675,3.720951268640347
-0.006646572705140477,0.0062912906047937495,0.0061810651637243105,0.005588961253831292,0.09740886408505807,-2.597090302637711,0.887971337098707,3.7351428701506593
-0.006631411918719233,0.00628628568831757,0.006151641860947545,0.0055798974144383095,0.09238765567911979,-2.5885646543343035,0.8708880354668569,3.7127599471382813
-0.006658240533906343,0.006280773780640197,0.006198594736361339,0.005569513056489925,0.09283398085387455,-2.590346922326274,0.9066934100935353,3.726520101324749
-0.00664306597101173,0.006275710343948495,0.00616909760602062,0.0055605329893155635,0.08794485064809072,-2.581955979186597,0.889486716901648,3.7043361393143326
-0.0066699413423799364,0.006270293666143453,0.0062160761454158235,0.00554999544268138,0.08729778553558831,-2.583463363015977,0.9253748683041011,3.7177303470004013
-0.006654766297675697,0.006265166344718354,0.0061865125596315155,0.0055411068483841005,0.08389202345752479,-2.5752083042540352,0.9080125728113925,3.6957670326510836
-0.006604371515573281,0.006291613808468699,0.006104832967883048,0.005589924977092552,0.10012626128055756,-2.5858481514780443,0.8287323054806343,3.699545524855503
-0.006562019083006934,0.006350403713028992,0.006045331481065812,0.005694755193169028,0.11879749746961761,-2.6250917757143846,0.7577212279597663,3.7593637899309873
-0.006565831011279576,0.006365927441985931,0.00605670559690517,0.005723492911998006,0.12562124331195845,-2.6404467553398607,0.7548331529303027,3.7902499989583167
-0.006520436102827721,0.006409368428048451,0.005984290411975647,0.005799165890202165,0.14459748085331564,-2.6619215675079277,0.6771036023901814,3.817947600348258
-0.006505090154491063,0.006404850992081667,0.005955063924206351,0.005788978324741061,0.14091128184646826,-2.6515557452851475,0.6614904327021508,3.7934148805410035
-0.006531733590664734,0.00639845476026239,0.006002459767695328,0.005780357398882098,0.14151190190608678,-2.65676071471968,0.6965720863618948,3.811318101547691
-0.006516400153871962,0.006393902808303053,0.005973225398435525,0.005770265420610748,0.13607528145753203,-2.6465645997781024,0.6808558557180113,3.7869584970828103
-0.006550536633280219,0.006361198648176153,0.006027340181614217,0.005713669981822858,0.1233020803861213,-2.630650982930199,0.738600469898958,3.766458517464541
-0.006554431157513266,0.006376734159396443,0.006038687739105463,0.005742499591363443,0.13038774029826525,-2.646054036236615,0.7354877166771864,3.797392299459592
-0.006543065313045259,0.006387576634705019,0.006020594991440126,0.005761465752296572,0.13652476796058288,-2.6514820837855635,0.716040122059856,3.804436696003697
-0.006527720198177969,0.00638295598269309,0.005991278696562927,0.005751435004524143,0.1314920829795038,-2.6413910515288443,0.7001659158838992,3.78024396015905
-0.00653909285147556,0.006372043616730833,0.006009303157260983,0.005732551095340244,0.1273920944550209,-2.636076427739526,0.7194145867943139,3.773390383945188
-0.006592694552310817,0.006302203750683969,0.006087116953286548,0.005608888458824145,0.10442535018073519,-2.5918717650853558,0.8100683255912057,3.707133498886263
-0.006581080978764887,0.006312923720959325,0.006069425197269039,0.005627965660257954,0.10877911631976751,-2.5978457181938346,0.791370536580385,3.7147318778663103
-0.006569553578261067,0.006323746971684376,0.006051787314639157,0.005647110682848691,0.11309633984560023,-2.603753694762039,0.7726661210082675,3.7223173119621404
-0.006558062958209796,0.0063345851036493706,0.00603408836049862,0.005666163476232073,0.11734607604863721,-2.6095024334368127,0.7538923270458757,3.7297020534111787
-0.0045968578012974175,0.010838866757628608,-0.0011775373833391317,0.00768791108394605,-0.08363946788716614,0.7468014177147699,-2.2095798019402966,-0.1894013519897533
-0.004616288890627389,0.010611041237250571,-8.75076819032587E-4,0.007795737292513703,-0.03186472060453859,0.5380212753329606,-2.2733128082431526,0.03633412974865501
-0.004569610901996679,0.010578687257630082,-8.156632062374234E-4,0.007756439060826859,-0.02662930597594779,0.49653455798375085,-2.242164951334584,0.06123528360542141
-0.0045939559091991294,0.010662324554628714,-9.382688805575599E-4,0.007754712946448726,-0.044708760388121604,0.5812551089025041,-2.2468425936434113,-0.017631738768077648
-0.004578948986737759,0.010710272623187472,-9.980200368499975E-4,0.00772159789524364,-0.05608729999631335,0.622464777276475,-2.2258029417237157,-0.06651345547891062
-0.00456059943887119,0.01075635297134129,-0.00105273452782956,0.007684793555131151,-0.06645160536299229,0.6604421496602869,-2.2016868402812544,-0.11329406228573602
-0.0045476283223036314,0.010799159077269499,-0.001104056641388684,0.0076540762762549175,-0.07573415475052682,0.6963635753036174,-2.181795602226862,-0.15572800298007913
-0.004680359775939097,0.01021569565791458,-3.204647641304172E-4,0.007953298396525173,0.07357665562911396,0.16660009344842727,-2.357442087871576,0.4511506747478356
-0.004658733893986811,0.01024455781405959,-3.6026649090942626E-4,0.007925877290987676,0.06325101625686969,0.1915956576070658,-2.340017970369372,0.41588289130492556
-0.004673163408766586,0.010104518815563193,-1.5525996631828788E-4,0.007954904667198876,0.10146485422879079,0.05618958159369014,-2.349476144800452,0.5636434460370411
-0.004655590955345588,0.010146377176656767,-2.1583476370330487E-4,0.007932727883584872,0.08801166529212513,0.09492662369783601,-2.3369708847999817,0.5156886390944634
-0.004663963488248952,0.010182556191102067,-2.6979886745091304E-4,0.007938756698163482,0.07995217458103825,0.13159325167569438,-2.3442830631186524,0.48085448009608633
-0.0046309499371725345,0.010275855513626576,-4.019591620434887E-4,0.007891103150650265,0.05197677613412615,0.21767628867048597,-2.3174062745724124,0.3770494479422222
-0.00462760032227225,0.010347996344904827,-5.054792749992084E-4,0.007875393083414804,0.033503382410515065,0.28719822145772955,-2.311674498100443,0.30300128385067787
-0.0046116730639503565,0.01042856246048611,-6.172662625057347E-4,0.007841415531472462,0.011971376289493603,0.3621118347353609,-2.2932169342505353,0.21822538310725734
-0.004605028116779193,0.01038209395538778,-5.498218122192385E-4,0.007844312612189678,0.022691851961908534,0.31612737157750065,-2.2917245941155993,0.26359115946949285
-0.0046025977565479674,0.01030614888261162,-4.411190557978318E-4,0.007855630192194603,0.04121232282975296,0.24234274430225214,-2.2940353824634516,0.33962597039509146
-0.004548521328452293,0.010447337002652346,-6.288984000114684E-4,0.007769658018485732,0.0023790125450732775,0.3678340125860085,-2.2421500829722025,0.18723249747554493
-0.00454955844126147,0.01049352693813697,-6.929118964616092E-4,0.0077593359032656194,-0.008181485350656426,0.4117234130370685,-2.237993834183847,0.14186999346822907
-0.004525937773515123,0.010533647518643822,-7.414266817431246E-4,0.00772374055114831,-0.018693782797056194,0.44478854205860613,-2.214784613166586,0.0983556308373388
-0.004812333819882962,0.009178214718193859,0.0012496518653847533,0.00792420796619553,0.339777852690135,-0.8439520898715717,-2.2311582730661605,1.5653928504868224
-0.004808949624004522,0.009238790795894933,0.001160313703804855,0.007947230560338402,0.32951393357176,-0.7865723346423324,-2.256048086500621,1.5049297810661557
-0.004799906882539895,0.0092077389679802,0.0012014478483310712,0.00792367755820955,0.3309580802800121,-0.8147405627591805,-2.234543466939793,1.52904285635873
-0.004744290989992522,0.009670893158662961,4.986061957275683E-4,0.008006507635465123,0.22428893185344487,-0.3654753633996762,-2.3475508120439184,1.0365306653305424
-0.004790748869657735,0.00926740208935675,0.0011110637029879513,0.007938844452621658,0.3187239637193456,-0.7575639381672143,-2.2533367918280187,1.4657675299181443
-0.004781912326068546,0.009302692758216886,0.0010561316225461855,0.007943064142686565,0.31003216094582203,-0.7233141557200073,-2.260776848799145,1.4260849531871058
-0.004778396396221985,0.00933427708070608,0.001008632163395816,0.007951151592987269,0.303440533486882,-0.6930079297798214,-2.2705495152430055,1.3931243457306988
-0.004753436977182276,0.009361193340051515,9.602564101245522E-4,0.007933149418147831,0.2907879708220918,-0.6656447435416485,-2.2602554901350334,1.352400438589719
-0.004739941432535071,0.009402910461037119,8.948324273103089E-4,0.007932483614751127,0.2789977420173895,-0.6251122099071629,-2.2645634682880895,1.3040006318010728
-0.004730148344016284,0.009441762712996373,8.350000372605685E-4,0.007934083704949442,0.2687544670152994,-0.5875821996461967,-2.2701216535446243,1.2605166606252853
-0.0047483610348470874,0.009518188231855301,7.277231968389723E-4,0.007976465365056966,0.25893574735427993,-0.5147292697285534,-2.3097963548519593,1.1938269184708419
-0.004733675319260594,0.009481694693609245,7.775339778672276E-4,0.007949939642801204,0.26214322628539405,-0.5495634213256652,-2.2862463801874067,1.2228823439852947
-0.004714322641301452,0.009638275536325737,5.41520765634735E-4,0.007966714299072203,0.2238281814254365,-0.3980176182685695,-2.315056947817688,1.0564075277721912
-0.004721711227754144,0.009597439327231783,6.036224212076139E-4,0.00796625843498113,0.23478077355423022,-0.4376575509525727,-2.3105787566468656,1.1010977390441175
-0.004722779830221575,0.00955469318747938,6.670901056812934E-4,0.00795737012977492,0.24410574297321694,-0.47902113286387416,-2.299605384326533,1.144576286832885
-0.0047298039283103594,0.00971001841410595,4.373584130071343E-4,0.007997051016842968,0.21145667373203084,-0.3275089576899905,-2.3444292598959433,0.9901242349466116
-0.004723586126122522,0.009823388037626057,2.6619420620818885E-4,0.008004940873137252,0.1826911489816319,-0.21616330660356492,-2.3608862122993126,0.8709198924543344
-0.004721561998472852,0.009752402891773398,3.7258639032153995E-4,0.007994212191800286,0.19944172437065374,-0.286222911957541,-2.346420248313826,0.9432122771299917
-0.004720151306331984,0.009793042907491499,3.1143928122509545E-4,0.007997822085678388,0.18923684470721405,-0.2463291644724023,-2.3528702037620217,0.9008793220279285
-0.0047081867457112354,0.009848712378568414,2.2674368977105726E-4,0.007990064471558915,0.17298774596481692,-0.19224917674400152,-2.3524191363024616,0.8389349527903454
-0.004691697070199707,0.009879996025479235,1.7873345789513187E-4,0.007974093202805038,0.16172603423289553,-0.1626958471939681,-2.3437244306062586,0.8006920559485141
-0.004669133432410614,0.009917679737192805,1.2147753230713308E-4,0.00795124320337619,0.1479915653612164,-0.1275624384784425,-2.3305432840905866,0.7540137285977531
-0.004668344798857783,0.009971437125584728,4.191343594616592E-5,0.0079521040325328,0.13445745721720645,-0.07500550048741604,-2.3359759834070233,0.6987521181227027
-0.004647383162510728,0.010022935572803067,-3.408057132955271E-5,0.007929166321998677,0.11786442354012223,-0.02676504303971704,-2.323888701033606,0.6393590371540939
-0.0046331970712703485,0.010071693976287282,-1.0513881184595827E-4,0.007912434915790743,0.10342977447157085,0.019222701086761825,-2.315989195636728,0.5853409804958786
-0.004853324363825143,0.009022204361715316,0.0014933752187226445,0.007891356725411561,0.37408838467359734,-0.9947596423140236,-2.1849843275949286,1.7404380729337245
-0.004836236557959312,0.009054691363678332,0.0014381542085272674,0.007889846441235438,0.3642504517606824,-0.9619538244009901,-2.188633051433935,1.6979682453677165
-0.0048258181510473855,0.009087987636566394,0.0013854546622260515,0.007895551530626039,0.3564472213927642,-0.9296614467317842,-2.1975555988624422,1.6596341897859068
-0.0048033740647717565,0.009116615646590867,0.0013335492023312716,0.007885017694342791,0.3450321221133326,-0.8996727646775556,-2.1937147547055442,1.6172977024957695
-0.0047856186454502975,0.009147661846908033,0.0012809241319530062,0.00788038666943646,0.334813868916877,-0.868461779073927,-2.1944706268798737,1.576304091880156
-0.0048235877994563395,0.008985180841262102,0.0015287650091457044,0.007838010135886765,0.3672445516161656,-1.0219218955853562,-2.1399487776614134,1.7513444689794981
-0.0048020628541010826,0.008946798132576303,0.0015692713606007406,0.007792659345844208,0.3629540315225089,-1.0507077341633035,-2.100795550452513,1.7684472786553653
-0.004859309880472389,0.008887453433085155,0.0016846861249905502,0.007819430314925825,0.38872847472401073,-1.1161415016455347,-2.110694949437985,1.8650110776694167
-0.004825983954683067,0.008915550143521817,0.0016259789025505555,0.007800194318376149,0.3742756553281666,-1.0834022638248546,-2.1012768796354497,1.813947678554232
-0.004893426250738562,0.008798151447411194,0.0018282962164562374,0.007799224940872082,0.4073638844884866,-1.2022989872092908,-2.080444910945069,1.969622507277519
-0.0048665383331123755,0.008825036278393775,0.001774195667319611,0.007787675387373505,0.3955951475181689,-1.171652064832961,-2.076841154415844,1.9238837707488516
-0.004847844968605835,0.008852224827334495,0.0017254627078079122,0.007784861476522779,0.3868041170476447,-1.1433301356327676,-2.0795658837183444,1.885417812910564
-0.004955836708995458,0.008744836024143717,0.001943661725547319,0.007831202429921191,0.43423538925442784,-1.2672731446829075,-2.09356320262734,2.071057352007387
-0.004926673544552977,0.00877435182545348,0.0018831363006923136,0.007819568176907604,0.42142506335529367,-1.2326598850621353,-2.0907954586473423,2.019246476343312
-0.004949852983045476,0.008707676976225404,0.0019896510344780366,0.007797947231169506,0.4328110799679821,-1.2967286801027604,-2.0620359160523933,2.0957651658788237
-0.004958965108072358,0.00867517628524074,0.002039803898983653,0.0077840499990733695,0.4371792657149313,-1.3269816262711147,-2.0452886058994078,2.1305736244221847
-0.0048800698576044335,0.008764123231612906,0.0018649318788050066,0.007761659632039973,0.4036245187213519,-1.226910062183961,-2.0468949940867778,1.9856549868986455
-0.004934891869962038,0.00864144157152788,0.0020662163213259724,0.00773254830810871,0.42821813657348995,-1.3455480970101752,-2.001388476724309,2.1328730882253457
-0.0049333110192093105,0.008602428578493856,0.0021155527661957697,0.007700998060206541,0.42776697307192185,-1.3757665691989065,-1.970693057542224,2.1604808703039393
-0.004933363009812728,0.008570293978321281,0.002156673854075178,0.007675907434285823,0.4274701827806993,-1.4005648182575645,-1.9460116685695508,2.183782739451645
-0.004906710776582908,0.008615817908884186,0.0020779302323708526,0.007682915417072675,0.41763480629153127,-1.3551245325668235,-1.9610838024880373,2.1244995811167686
-0.004914847626161203,0.00853565032632361,0.002185497615881807,0.007628788737283384,0.42032745607028815,-1.4188594550918923,-1.9058274487516738,2.1891877160220545
-0.004940914413662273,0.00850866792730353,0.0022402244773555174,0.007634275143332298,0.4297327669209405,-1.4498852019128112,-1.9029035251933968,2.2342693502945696
-0.004940864446076088,0.008468927820938181,0.002289252637546473,0.007601246846699983,0.42834616546135834,-1.478538922253987,-1.8709050893311503,2.26046179744305
-0.005132879864174166,0.008178801177224505,0.0028121800958403,0.007531561792000637,0.4792426719655117,-1.7734235323451315,-1.7335035097920601,2.6530913499175415
-0.0051260914021353,0.008151680751494247,0.0028359867388414403,0.007496744904687545,0.4729872430268568,-1.7852126627959968,-1.7026270445332137,2.6564780852063836
-0.005141162236580743,0.008124449835430944,0.002882112782868193,0.0074839110959659255,0.4752641126934193,-1.810407162334249,-1.6839732598755055,2.688394201641373
-0.005153147900080941,0.008088453003174402,0.002934522902480511,0.007458112218422114,0.4744181314941212,-1.838031751414027,-1.654288457544672,2.7191986466857583
-0.005112933111046379,0.008197107169000448,0.002770976080788907,0.007529454506359831,0.4736805955750943,-1.7500286615632827,-1.7395553520147147,2.6180394943398793
-0.00508899948712939,0.008215767432042788,0.0027256455010305383,0.007523369569421787,0.46687381293872887,-1.7242640560136844,-1.7432315191861927,2.578204195542765
-0.004954762762840352,0.008429926450597517,0.0023485034103836594,0.007582570872967403,0.4323087913854918,-1.5123515016887537,-1.8483865328670606,2.300048093429378
-0.004973998349926063,0.008394594667774457,0.002407813049217857,0.007571774227254849,0.43782642208749517,-1.545919826192202,-1.8315795833352857,2.3427583128223826
-0.005065848596756947,0.008239862535389749,0.0026751682321519174,0.007523202571130781,0.4606694607287807,-1.6958759050497705,-1.752008050389481,2.537074436413502
-0.004996759284304155,0.008362955617696243,0.002465941626701631,0.007567197732732039,0.44458623444528494,-1.578695081864284,-1.8193850325886236,2.3871562649573317
-0.005019880864023228,0.008341193594443914,0.002512903716617769,0.007571440530254448,0.4519429112765829,-1.6052582437778333,-1.8153104792782127,2.4265656434478515
-0.005043771961857484,0.008271137673194949,0.0026177037442583245,0.007530629619079444,0.45520215316679863,-1.6637966957589077,-1.767396175162439,2.4938654109886103
-0.005028846107122761,0.00830930386165353,0.002558986927154497,0.00755123307475902,0.4526951100118705,-1.6310209049333986,-1.7926435739491768,2.4551626450871793
0.005081788829385872,0.00793806031534534,-0.003013477343833337,0.007226963996903215,0.428142318983508,-1.8628120509905848,1.4716253118702431,2.6740062147562482
0.005092276483613386,0.00789475393699927,-0.003066840002317453,0.007189112025212324,0.424650786519238,-1.8873543053256954,1.433933659462398,2.6982337873862057
0.005109210835865422,0.007858789437733936,-0.0031196727931444347,0.007164464958679855,0.424270173870705,-1.91252018321233,1.4053040341937462,2.727880911533217
0.005103199444102158,0.007819105267747206,-0.003149567866523316,0.007114421097931457,0.4159008690916504,-1.9226583734873401,1.3645533317751068,2.7276043953032865
0.005028535642298342,0.008039070899576173,-0.0028559542407798656,0.0072843956333219296,0.424845332419927,-1.78336450643371,1.543841207337703,2.5764558455851923
0.005042843837077111,0.008002017790123822,-0.0029083994831707715,0.007259153265856908,0.4247679026077348,-1.8095264079717062,1.515738772017873,2.6062565735100334
0.005034152401369534,0.007961408772024333,-0.0029394299922473996,0.007208167512646025,0.4167951574788979,-1.8220411579392837,1.473833746086564,2.6078474620299983
0.004984424138837296,0.008053404487834369,-0.0027961169424139854,0.007257740808694191,0.412612199843101,-1.7498022643783135,1.5361927427129585,2.5185561846816342
0.00491855534151077,0.008257743069160625,-0.00251555426588289,0.007392751396577186,0.40970818909498535,-1.6043037169049585,1.6812717604340428,2.3568959815932504
0.004901581549717809,0.008300833065426887,-0.0024521828063654855,0.007415339882690541,0.4067560754648624,-1.5699769797523218,1.7076127755953028,2.31662641150468
0.004887901586628033,0.008337881272519712,-0.0023982177746059226,0.007434852078272521,0.40420930991439885,-1.5406104719200446,1.7299696777945353,2.282513638249577
0.004858697433054118,0.008359867745301211,-0.0023478124382488408,0.007425302995246131,0.3955823308441762,-1.5127650899897827,1.7303058293632099,2.2401849142144497
0.004843920595121349,0.00845025824831794,-0.002231095653399304,0.0074868429526604606,0.39339583090208924,-1.4480954709026264,1.7919894049912368,2.1732799609451736
0.004807360937690446,0.008482891729046567,-0.0021631973835498056,0.007476855493649882,0.3816351539264016,-1.4105691082057852,1.7934987137435046,2.1180501787842636
0.00477294259852804,0.008529231671201497,-0.002081697635109928,0.00747906003210635,0.37042384784110644,-1.365050016867942,1.8055720345499484,2.0570393091926924
0.004716550830289072,0.008616756432518828,-0.0019357687154941676,0.007488436687301494,0.3512960871031204,-1.2832313355116616,1.8299211844432228,1.9504772845893863
0.004716028458911838,0.008562778339881044,-0.001999195994075271,0.007448397136861543,0.3521006134175652,-1.3201035104981373,1.7927761557995492,1.9851136699865781
0.004831491380898284,0.008397535030428423,-0.002281772459332985,0.007430709800797388,0.3878486241862827,-1.476643720378183,1.7435852838482158,2.1919868859610325
0.004933044181281992,0.008209712414502274,-0.002581642802003413,0.007362060634762329,0.4111140353442338,-1.6395206499648902,1.6482702902573776,2.3958923305997755
0.004957174194019062,0.008117562342422165,-0.0027028761780528627,0.007296262299855235,0.41060126105080247,-1.7019678715263085,1.5804838221155324,2.462584748001864
0.004940746433035104,0.008160110444195349,-0.0026421758802487316,0.007322147839670434,0.4089506565053644,-1.670705541983775,1.6093724306548858,2.4265036343989475
0.004941510610201996,0.008076696634467959,-0.0027294142512815697,0.007241273810506228,0.40169603794813197,-1.7134091799969549,1.53707285920877,2.4608820284669406
0.0046531724276161505,0.008703723241112989,-0.0017875775949319874,0.007486151581782508,0.32913832611030586,-1.1996212573502836,1.84482616433246,1.8391725453558416
0.004657667596618742,0.008648127880551615,-0.0018568854255762237,0.007452654048399729,0.33208578099558345,-1.2402538582456542,1.812295378785828,1.8803708977683906
0.004642292110007981,0.008768446992562923,-0.0017020832625253212,0.007517672398322148,0.322732818985263,-1.1493125820948895,1.8774153665657496,1.7851587784377525
0.004602818327089355,0.008825015562697642,-0.001608370502966241,0.007513591814231614,0.3074438336021004,-1.0957715056684505,1.8839970222867952,1.714590101156366
0.0046027730215356544,0.00872724702594033,-0.0017262625884383273,0.007452200030853161,0.3130394089983373,-1.166618742765568,1.826195004729741,1.7838071525628059
0.004514998588128143,0.009438155539796978,-7.748002458624396E-4,0.007701832038907616,0.21175422680761516,-0.5762301233813766,2.0991813857754997,1.1530852704312924
0.004547286289476751,0.00935116648613837,-9.022516454838886E-4,0.00770765745729992,0.23400509701401476,-0.6555857165173434,2.0934174935808567,1.2477827205174779
0.004513192112597476,0.009390181054337735,-8.386049938417424E-4,0.007685136682776303,0.21909976686562888,-0.617947323799944,2.081585833183142,1.1951337884906512
0.0044483207200575435,0.009563618265926433,-5.89263595041532E-4,0.007665700302396967,0.17540932204387463,-0.4612670930086333,2.086301034917566,1.0083190534116706
0.004463018576554076,0.009484130934722482,-6.986185234510212E-4,0.007661042229686791,0.19229511484489145,-0.5317073755403982,2.0744547366594444,1.086480269863361
0.004597469990136193,0.008928139305452469,-0.0014773573935157956,0.007568227339392422,0.2985566659498777,-1.015902972528847,1.9378540879050796,1.6333176263703997
0.004563815178431452,0.008883803919278397,-0.0015133449659572046,0.007509549252735674,0.2922790297223867,-1.0410082929426467,1.8904074610564994,1.6432152244740055
0.004582117759137903,0.009030304860359892,-0.0013394701925102939,0.007607042778136526,0.28459992038819454,-0.9315403602692226,1.9799840125427703,1.5422981649404386
0.004569281388965199,0.00897807019206856,-0.0013992398983264788,0.007566972427387733,0.28550759413506466,-0.9699974209063953,1.9442929902121633,1.5751987873092348
0.004535139635540137,0.009290728351693922,-9.786742051257314E-4,0.007673368045058167,0.2395220827779643,-0.7064391430779199,2.0612962527549255,1.2944945005503747
0.004496427661967639,0.00923017123941287,-0.0010430988052890936,0.0076103119693245675,0.23789414797257386,-0.7521382162605015,2.008651670005085,1.3250060759304374
0.004528087621672037,0.00907612589375414,-0.0012544572726113175,0.007574858659572248,0.26478015577229613,-0.8832260602874801,1.963432902751191,1.4705294248933383
0.0044825238173353925,0.009131083857646985,-0.0011638892085652308,0.007554462587350936,0.2463817733919403,-0.8303394580539326,1.9561948901052852,1.3983925972133695
0.004452937274288861,0.009186101234331959,-0.0010817207672583855,0.007548601063990845,0.23250226662396087,-0.7808992849073589,1.9589381946648707,1.3366051274481014
0.004459962092931954,0.009802806733020456,-2.6860273074013344E-4,0.0077176501096101495,0.13339580754116634,-0.24647325864182257,2.148543644557462,0.7912503298769592
0.004385879238550167,0.009605586211770255,-5.204113449903722E-4,0.00761104425280548,0.15567337358782132,-0.42102799321602596,2.0505458734798547,0.9430625095161663
0.004429500006537943,0.00974422339564474,-3.4416770382389195E-4,0.007679049098568112,0.13908425202171124,-0.2997533702408552,2.1143917690572884,0.8345819993871803
0.004405809114946089,0.009678959343752744,-4.276083069129526E-4,0.007644887237222244,0.14665527030350609,-0.35753478023112834,2.082769704811051,0.88518503572894
0.00442369487054818,0.009866676550676162,-1.788972114340963E-4,0.007685652803197268,0.11433388777220624,-0.18905186461332676,2.1309912938695956,0.7179593030970767
0.004364304316697259,0.009928903042796085,-9.272519428529074E-5,0.007628230584176732,0.09291299514968863,-0.13482706228634922,2.09411590182877,0.6398756632026413
0.0044075170501982576,0.010182002469593008,2.447386634152931E-4,0.007665764384641183,0.047575206954625145,0.0984884789349134,2.1440465981714656,0.413940699920143
0.004374290320399706,0.010120510602674253,1.6050285696022712E-4,0.0076364210280982095,0.056316315446567865,0.03892365109071652,2.116949259929679,0.4635700758966257
0.004341570533269155,0.010056310352985426,7.471313548118443E-5,0.0076060076837059,0.06503347887945615,-0.021783136287948937,2.0887699784402796,0.5147125510425457
0.004311163272168011,0.009989996552960245,-1.1747637967792241E-5,0.007576071335656252,0.07378819519055625,-0.08270363809039072,2.060640426372121,0.5669961039449141
0.004399720643675855,0.010300670545311003,4.01638033223139E-4,0.007643351580868083,0.02204592761397676,0.20632843552558597,2.1370713448444842,0.29917892295912146
0.004361498884014181,0.01024635899191347,3.249255634718202E-4,0.0076119822341058395,0.029471141815452972,0.15180170824339037,2.1092153466581993,0.3419703090583402
0.005386197490264045,0.007277317922407546,-0.003917905797188893,0.006667332990731858,0.3680537227908554,-2.2255559319915297,0.867054711256208,3.078921137102672
0.005627792713383871,0.006968737415710124,-0.004418005426756067,0.006388217072036925,0.32038916844517534,-2.3756731405808416,0.5206664867514471,3.272650706465236
0.005649329189049884,0.0069198802045262325,-0.0044690884970461165,0.006328297238947316,0.30868221380346145,-2.3792420145492534,0.46889162705823567,3.270513743965291
0.005594453991033272,0.007007267916673403,-0.0043527945323632985,0.0064249132598462435,0.32730333499712966,-2.3584400921872244,0.5677510439748548,3.249646881435389
0.005567046944345763,0.00704529875848996,-0.004295909876218081,0.006463436563230924,0.3344728033176705,-2.344775323825358,0.6114261316787348,3.2331761222002804
0.0055793096602902055,0.006969937506255304,-0.004346682829585445,0.006361699726365039,0.3157452042419697,-2.338098172092082,0.5392765881370194,3.206952029505217
0.005447277919247174,0.0072287405375548175,-0.004030400223075874,0.006644117913320973,0.3662126446164875,-2.272539037082765,0.8130822933157792,3.1488141339966913
0.005467086057680898,0.0071904637718068504,-0.004079726699534031,0.006604614103842215,0.35943689680059393,-2.2855139931708304,0.7727567898726336,3.1619163798429657
0.005494518922280042,0.007148209064395683,-0.00414118539269925,0.006563837951654542,0.35255967361834006,-2.303100823916829,0.7269975104241552,3.182626849081138
0.005501747019620981,0.007093852123309302,-0.0041792582442213054,0.006491796442914977,0.33926802206298806,-2.301366036315168,0.6741090254290282,3.1672824279384204
0.005516674702169094,0.007047021217643401,-0.004222902689677959,0.006434818495583178,0.3288235248754074,-2.3053225054553823,0.6273598166251646,3.1643323489969433
0.005397592709665561,0.00723483467700779,-0.00395870051485371,0.006617816866916384,0.3596345681550311,-2.2330136032251917,0.8250966371035645,3.080838648206953
0.005248383970025913,0.007548150230775078,-0.0035509827358913,0.006914892927877544,0.40250434145770814,-2.09794560122594,1.1315647672142999,2.937385385434156
0.005228410063012408,0.007580228485796022,-0.0035011328361011537,0.006938500620861254,0.40447694274763063,-2.0770452313261263,1.160644140307622,2.911521331827305
0.005162284567013046,0.007757259388038899,-0.0032731491132683027,0.0070954986555685365,0.4218357655845499,-1.9844139411322672,1.3222963816703437,2.814486513676331
0.005222545120352581,0.007617238248695257,-0.003464337045472175,0.0069792798679966595,0.41077711527212907,-2.0651966611589434,1.1966677447697311,2.9042352414277746
0.005202139447436063,0.007664674144991385,-0.003400401800451077,0.0070198537615729925,0.4151906749087254,-2.039144848630858,1.239964341277825,2.8755994324600276
0.005177915110534089,0.007712298087881126,-0.0033309094936854306,0.007056115588372036,0.4178057740677463,-2.0088374618518468,1.281730993153957,2.839900700131199
0.005294147732724188,0.007420909240871859,-0.00370245545634472,0.006789042070207166,0.38424264787719,-2.149099276288553,1.0089279241521278,2.985582175145875
0.005303032956323573,0.0073846409266160856,-0.003738761363247876,0.0067487691806988855,0.37774397317395914,-2.158416661650899,0.9737661244226964,2.9910269585462648
0.005326866911402326,0.007340329028964799,-0.0037991895916610163,0.006708439968121543,0.372512028431482,-2.178672363752703,0.9308962352703107,3.0138898865817083
0.00533655567878592,0.007288889467483722,-0.0038444323514321547,0.006647499580991467,0.3620667031385822,-2.186715124415,0.8814588063852499,3.0139534379031514
0.005221543761536222,0.0075217909541050645,-0.0035375055741570212,0.006860432523384445,0.390549106514388,-2.081955030822372,1.101774945359597,2.899230870359749
0.00525743691891153,0.0074533895406639385,-0.0036325812943724563,0.006802458425276538,0.38374905889123867,-2.11762167803068,1.0387352436749404,2.9401670284369943
0.0052160909777018575,0.00748331103513872,-0.003559054791750858,0.006808239747663306,0.38085526409395354,-2.0831817357421314,1.0638604726352534,2.8885927015528305
0.005109454044909044,0.0077731952002487795,-0.0031978830280885444,0.00706772815533012,0.41009601439549553,-1.942059447963942,1.3221760621703138,2.7428134155893686
0.014012423511883261,0.014762082189750773,0.004766645765387726,-0.004008639012442442,0.1040464441375355,-1.8439133273803048,-0.6067602536687285,2.369333377951855
0.013874598809373122,0.014746279804573046,0.0049399427870007945,-0.004025085222574865,0.1091923858658198,-1.8729493268438857,-0.7016415163435445,2.432257022392023
0.013726811028112481,0.014772929128059905,0.005109788995333941,-0.003981646433736539,0.11162254856677482,-1.8752266854505264,-0.8184401550782772,2.460738276642951
0.013691768858823457,0.014868126325061987,0.005103942566533313,-0.0038607833868907217,0.1059333984176439,-1.8250430524137091,-0.8564122685557317,2.390120261107216
0.013043533599478636,0.015138121661145941,0.005696016358503016,-0.003362611073015322,0.106378848040816,-1.6284760736366888,-1.3731940527987627,2.2421554761044606
0.01358233888943012,0.014909258551754807,0.005213817656334945,-0.0037942758239441076,0.10652668739330902,-1.806902899975842,-0.944506032570185,2.3833621002444967
0.013436851561157911,0.014947982302697704,0.00536684136537404,-0.0037172330338965565,0.10842326290535588,-1.7839657925069259,-1.0626060562952218,2.3798339122476517
0.013196224665008511,0.01508393201895411,0.005560249930106968,-0.0034840674724471816,0.10525656229174685,-1.6854020093642552,-1.2537133683005062,2.286598892184099
0.013336429690095648,0.015037121776053167,0.005428281741911488,-0.0035839296557425575,0.10410604791227375,-1.7275260512518231,-1.1421266867407367,2.315753457707405
0.013062425112582732,0.015261475776521084,0.005574999045575745,-0.0032308227704440627,0.09519713571908588,-1.564389276580081,-1.3380138890473607,2.131856933106425
0.012895030442092448,0.015248735484654368,0.005770934532467586,-0.00317044685007516,0.10152028776364187,-1.5312605052326163,-1.4736088434664372,2.1339405842268935
0.012733593246612537,0.015327439940698025,0.005874955021052065,-0.0030018802124114567,0.10002975404935081,-1.4404993770141203,-1.5825533136711476,2.044337728286411
0.012567660819394958,0.015337403216917017,0.006040732601504652,-0.002894572819618305,0.10460578906901254,-1.3732226624435777,-1.7118385769179272,2.0027499036971346
0.01242519101426822,0.015382056526541536,0.006141165667127722,-0.002756384921752814,0.10559040317523131,-1.2883950405678402,-1.806934579711873,1.9252406391965844
0.012283956763000998,0.015386427803421742,0.006277619291506902,-0.0026522034284041053,0.10948973177267728,-1.2155702165538809,-1.9148898316300629,1.8749074460824475
0.012165675875335707,0.015386436851240791,0.006393209799521325,-0.0025620095587892476,0.11489881737044581,-1.1489578461998946,-2.0061614724213297,1.8278843119554902
0.012068039089315322,0.015441723245812644,0.006419626750094622,-0.002430884520126501,0.11179995712671713,-1.0670746147380976,-2.047851923157874,1.7378752020204207
0.011944754642544492,0.01545522005189211,0.006514467691776834,-0.0023144924334064817,0.11521393953466494,-0.9826252904290308,-2.128267928475259,1.6669275399495012
0.01184823435865405,0.015471152301498892,0.0065782131951791275,-0.0022151479039591074,0.1182150691538804,-0.9107461917614804,-2.184923616242587,1.6022105253081829
0.011773497416648912,0.01551609369494833,0.006582568025672594,-0.0021090097762889817,0.11407378540230749,-0.8427949395144779,-2.2043331128637393,1.5245014064389768
0.011694954878086248,0.015531940651154853,0.006624532056416374,-0.0020230181381209076,0.11754748787380886,-0.7807771815394402,-2.2430567525247453,1.4660144881784862
0.011646089222222947,0.015582973996612806,0.00659431601628468,-0.001937308166953385,0.1124516404094014,-0.7307660786385793,-2.2360688884002684,1.3990466788516223
0.011184553854499756,0.015519145819879992,0.006999624675464404,-0.001499404840913655,0.13667457425187776,-0.3517218804157154,-2.5318954243819185,1.107233402733044
0.011119721650397277,0.015560576081343364,0.006974930628679386,-0.0014017410651657519,0.13438203873679688,-0.2897976580393677,-2.5232342886982178,1.0305560492897607
0.011561901108270885,0.015589111791798968,0.006648180515356028,-0.0018514777220994905,0.11590445747051313,-0.6648319330377924,-2.280201069523873,1.340954113056738
0.011455233629171613,0.01558041433894587,0.006735472161049734,-0.0017511124277775454,0.1200771587605516,-0.5815397149791283,-2.3452838660769184,1.2745103501393211
0.011367632473704278,0.01557545485882986,0.0068014772787804165,-0.0016638227499289465,0.12402546485287409,-0.5091657611302097,-2.3951420905437897,1.2145599943105045
0.011250607913494944,0.015581802607233325,0.0068666213012177615,-0.0015347262665836752,0.12744460862409543,-0.4071448698748397,-2.4470608269289706,1.1228740688755572
0.011312288699111727,0.01561207708114397,0.006784761281309162,-0.0015819360955283252,0.1208883379361323,-0.457275598500149,-2.3927674182428964,1.1516306440673076
0.010904977938383107,0.015479101895445333,0.007214323123012087,-0.0011903412708764332,0.1522156574103247,-0.07791513089168282,-2.6817301744645454,0.8852748172277298
0.010965460189893913,0.015498274548451789,0.007153780921566511,-0.0012545630331738408,0.14660667962207152,-0.14004570292441973,-2.6418965383084525,0.9304580512780827
0.010857995972828076,0.015531514272951342,0.007152667985073449,-0.0011082771422933771,0.14632907214340943,-0.035640348239728975,-2.64607819642132,0.8173515435377184
0.011007612426677943,0.01554529538963096,0.007058764050118208,-0.0012806748918836022,0.1399923342655742,-0.18363226543695887,-2.5816702247637635,0.9435805754927163
0.01106437080822476,0.015580415478045052,0.0069752416343285845,-0.0013278178017152586,0.13314442066693183,-0.2379709860465419,-2.527862367891231,0.9740767071227658
0.010112300701184832,0.015541173608068051,0.007327681826356724,-1.5075207094352174E-4,0.16260374961291957,0.7300790052908045,-2.7227612765806994,0.08828914432043312
0.010170369872867534,0.015562474653190078,0.007287803064693927,-2.2530226847973666E-4,0.15858582055272397,0.6598521930308748,-2.7050469749542505,0.14429941640528776
0.010233504279162208,0.015563822416801914,0.00727915347579374,-3.073136415294169E-4,0.1576284176821796,0.5950839984181342,-2.7058256179635016,0.2062177922487605
0.009994964357791241,0.015599192868207296,0.007232960263501626,3.2585849688089594E-6,0.15457932322799153,0.816068967644486,-2.6519721003992296,-0.03001052635176946
0.010057104549450899,0.015580977739699613,0.00726296696959245,-7.710713880062013E-5,0.15726201960466576,0.7648959606916473,-2.6775232860877463,0.030784614352438452
0.009854787726555533,0.015564862665204427,0.007283266604453235,1.8641388713412494E-4,0.1599307608269375,0.9738446991996187,-2.660257502170175,-0.16733124401260888
0.00991882298405305,0.015602765405690049,0.007224519171541536,1.0099278681976913E-4,0.1541282791837165,0.8878249395773119,-2.6362581897925206,-0.10353942758608548
0.010794703586090226,0.015565807069239471,0.0071254697657633925,-0.0010165288950208908,0.14478686272832372,0.023052154019322302,-2.631299386632137,0.7449622216852242
0.01055667142411415,0.015570153793852895,0.007202157092040062,-7.200909191493788E-4,0.15055775603487487,0.261765492411165,-2.6775041307212346,0.5207836450957419
0.010666518933447246,0.015544799606241763,0.007208150285015827,-8.662492041529808E-4,0.15089960692154222,0.15599087277862825,-2.6827539439987436,0.6336120939940351
0.010606045873286037,0.015568881812727349,0.007189254986760566,-7.824257239678049E-4,0.14898655875089128,0.21201459128253727,-2.670642361558206,0.5681220466841893
0.010724920836453641,0.01559690665323752,0.007103421474369954,-9.194879298052766E-4,0.1416552479274732,0.08735999863028697,-2.618908682310335,0.6688896488977684
0.01050830231311684,0.01559701234004969,0.007171827172467956,-6.519963612435631E-4,0.14784425296885254,0.3032811902632769,-2.657697358069171,0.4667598418359062
0.010388476205398643,0.015577745558778715,0.007231164653738094,-5.047548021241115E-4,0.15264638184623872,0.4312250574818531,-2.688252039707684,0.35593043482720965
0.010329173047252194,0.015580094818341836,0.007238245881121162,-4.2846811519274455E-4,0.15366932533834193,0.4904628066160367,-2.6888527068770656,0.29804942939733403
0.010441614462068658,0.01563182696279139,0.007131637116116742,-5.602998508974496E-4,0.14408269088502393,0.35949719311271094,-2.6309255020747506,0.39483703313573276
0.01027775967415589,0.01561314166823488,0.007191750481404531,-3.5780045832532596E-4,0.15009099307538612,0.529198686063586,-2.657095909292178,0.24235859836730486
0.009610122457186588,0.015503587068285996,0.007348096002628473,5.164754288761567E-4,0.16751658150043602,1.2525155115699003,-2.6499564270675147,-0.4123859681020549
0.009747424823102556,0.015537276980751939,0.007316939968026071,3.2996759365748913E-4,0.16321164052775883,1.0963773778739954,-2.6606659654901925,-0.2741220554093557
0.009698757993773819,0.015532272306104928,0.007317467670450248,3.944648132021051E-4,0.1642422919756022,1.1465083073057627,-2.6513949526255285,-0.3219071004460201
0.009655094126292509,0.015549663597170285,0.007280096790816821,4.480242613889968E-4,0.16058397425999535,1.1747099674399781,-2.621372556931947,-0.3616555178187295
0.009794609140902171,0.015588267220925848,0.007237939589253009,2.6176643829074964E-4,0.15642089602728604,1.0161360187568536,-2.623853995967148,-0.22389586255567198
0.008558504031761236,0.015305384842592657,0.007123284763594776,0.0019292385297840205,0.14316678895650245,2.2481293669453812,-2.1693710605275993,-1.3790261371804957
0.008430159069559453,0.01527831800754938,0.007057474536687912,0.002092597016209525,0.13472533586486768,2.340367566898481,-2.0780331286083045,-1.4753308057900785
0.008495252410184274,0.01530220988270224,0.007076665841946709,0.002001843041852296,0.13738558623181685,2.28159097519948,-2.119475123482235,-1.4207122766544933
0.008384297321830303,0.015330893313258652,0.006941010698532326,0.002095922444271411,0.12218909533629783,2.290470442645384,-2.0137043830278185,-1.4657686462848345
0.008079358930197143,0.015052931560877565,0.007043878397940159,0.0026733480979990905,0.1227115977619588,2.7624445334582366,-1.8471025598650697,-1.8234471767403744
0.008100842464930282,0.01509260291236773,0.007011007972048433,0.002609980733778169,0.12060839692687308,2.699316502414489,-1.856154136635411,-1.7816913956556912
0.008136844905425362,0.015105806278591719,0.00703004525368513,0.002560682084250116,0.1236601938526078,2.672980316276479,-1.8863996018096227,-1.755587603309067
0.008181881316259913,0.01510978845754884,0.007070761059982256,0.002511319987337918,0.12921751314976457,2.657351891902245,-1.9278988037207034,-1.7321837842092542
0.00826964777941405,0.01514749173983325,0.007103602818797865,0.0023831327991847774,0.13500915578315628,2.5786294975756188,-1.9959808532656815,-1.6594645469200056
0.00820884732908488,0.015158560675289106,0.00702779214797247,0.002434907313223449,0.12604135378248174,2.5798505130220835,-1.9353514037156732,-1.6808874464961263
0.008294495772555173,0.015214935901415032,0.007028835593401942,0.0022928034661738764,0.12865261511432471,2.4757350340978905,-1.990110849620131,-1.595610134437857
0.008324241445611951,0.015260334809220273,0.006990331802322065,0.0022202402043347293,0.12541954351623355,2.4041988919324315,-1.9962720239718172,-1.5467896751189603
0.008328132794392906,0.015312299750180407,0.006919004805961595,0.0021697873605861407,0.11912387831350056,2.3344617811650292,-1.9760195843446695,-1.5083556607274664
0.00955333508791842,0.015511187541697192,0.007321445568616123,5.889262743847016E-4,0.16524413463358076,1.298750024831311,-2.622013500619012,-0.4652851750576246
0.009492798219085908,0.015514069172773608,0.007299997317963093,6.667085261316558E-4,0.1633717810494707,1.3510312734860193,-2.595519100000541,-0.5217565403218377
0.009431853703592275,0.015515436276866634,0.007279024064635624,7.446976011723489E-4,0.1615052324903606,1.4035988048733266,-2.568633978343511,-0.5779650999530329
0.009331326076260556,0.01545146431852598,0.007350424022473779,8.969744353693004E-4,0.1693534321726622,1.5498040591475788,-2.578977825083775,-0.6893482032820187
0.009268937680090718,0.01546376847302749,0.00730468777030841,9.722714305012084E-4,0.1644301820608788,1.590405339752809,-2.5363487344511952,-0.741703611305724
0.009368878474532934,0.015519952171539201,0.007250186028572753,8.23423494801382E-4,0.1588933764066913,1.4537073826328288,-2.5364246231337444,-0.6341372685141734
0.009215939822864203,0.015504092053727154,0.007215605863267783,0.0010217217722600172,0.1558930568663858,1.5936798440892888,-2.4740932506025106,-0.7742636251136839
0.008794933038771206,0.015397539775227388,0.007153874586668752,0.001590542224628758,0.14865149101057987,2.0048548907182107,-2.292005057698016,-1.1604174766878617
0.008762833569854704,0.015348602191817134,0.007209164289939125,0.0016616583908041632,0.1538944115480949,2.0831729460825827,-2.301950978948637,-1.2116507069836702
0.008702003551565597,0.015349945670562862,0.007163774454429989,0.0017318813446184774,0.14849767703971584,2.116722086848259,-2.255144406860555,-1.2544759651849728
0.008646614568062866,0.015330394410749027,0.007153233296897348,0.0018100622842899313,0.14691918198531717,2.1713180793112197,-2.2247877147425643,-1.3044952038871684
0.00859646907776131,0.015356194125773765,0.0070755386736983256,0.001847062260685996,0.1388310327104583,2.1656956993252243,-2.1702922678914125,-1.3223569995913735
0.009101362623809135,0.015458880647146343,0.007235388100509821,0.0011851385335158277,0.15785025700573693,1.7276738765389787,-2.4468389040541108,-0.8892377461147162
0.009043954369322737,0.015454735218898258,0.007212274028319686,0.0012578556568001332,0.1552834626703137,1.7742598849021747,-2.415677201116,-0.9383051845297052
0.009137465840046757,0.015515279813730553,0.007161785962516582,0.0011132003485188394,0.1505748481488233,1.6431129051911764,-2.422390030641101,-0.8362711843902676
0.008950935625125883,0.01543270284692765,0.007195724300852634,0.001383122133337652,0.15365899161251415,1.8639826025368833,-2.373649332161594,-1.023558507935913
0.008993477207031872,0.015481008599448351,0.00714278277522623,0.0013045980137675406,0.14853513723004533,1.7822314260645606,-2.364458466096325,-0.9673583251182775
0.008889131670707043,0.015442945325110015,0.0071425163775555465,0.0014508067550880277,0.14799419439694908,1.8938078846302597,-2.325285388292153,-1.0663932374093463
0.00883386703770531,0.015436414377197453,0.007118276203752034,0.0015197227330763091,0.14524941822884951,1.9361761073814694,-2.2927128600420206,-1.1108552379630963
0.0043615317521974286,0.010365360641550152,4.800339497895814E-4,0.007593848349212724,0.005342124639905168,0.25949903285810144,2.1051338895607654,0.2302817649112965
0.004326363815054284,0.010429745617614334,5.558191939171943E-4,0.007545999634697528,-0.009802383734143752,0.3118138749893171,2.0741005212633925,0.16379261892605532
0.004310262563128145,0.010488738648240587,6.268059788600056E-4,0.007516755295791393,-0.02250967194513665,0.36150649363421017,2.0564956702906807,0.10675909512697772
-0.004700465240750413,0.011022710098850268,-0.0014725113575263335,0.007705331091546744,-0.12354565554770934,0.94935575834828,-2.234101569133568,-0.3600400294493262
-0.004689359884104617,0.011068256187546283,-0.001526155196599228,0.007668446828885245,-0.13248057195395743,0.9872008262117484,-2.209550925100796,-0.40421296449662064
-0.004693792256348526,0.011104234591313804,-0.001575430236649859,0.007652331177603654,-0.13951453020585236,1.02136566585628,-2.1997403803533375,-0.4382677706284325
-0.0045939814624119096,0.010896392784945884,-0.0012521022196254783,0.007658801284332009,-0.0958971769974329,0.7987936180812978,-2.191825227738269,-0.24483398795126426
-0.004661024729561125,0.010981291922009816,-0.0013968096723595577,0.007686233729666829,-0.11396000081943095,0.8979878781850302,-2.2174071954368753,-0.32218719338326957
-0.004614091187932305,0.010951620081892289,-0.0013340234009451462,0.007652800395615137,-0.10713331107203283,0.8554616073403472,-2.190799934322346,-0.296231018925218
-0.004662646753166358,0.011186821606070048,-0.00166163721014405,0.007570870197748817,-0.15367128479106404,1.0832045907635985,-2.143874625097595,-0.5156504017373812
-0.004676552445843671,0.011138277646320112,-0.0016089212648316604,0.0076145056738294165,-0.1453522660195459,1.045466834850732,-2.1736314482214945,-0.47055001871820884
-0.004769606797182589,0.011293150833958522,-0.0018646594169206305,0.007610128113890602,-0.1783004301098822,1.2201589734334777,-2.1792516481393034,-0.6159910361403854
-0.004717654550399972,0.011269075915294422,-0.001799407540650523,0.007573558782355535,-0.1709276986376117,1.1772729829864053,-2.150439539859235,-0.5923840727038631
-0.00465740665587907,0.011241031807871216,-0.0017253904134014676,0.007531451875266217,-0.16263135958667854,1.1283755330226422,-2.117347151057945,-0.5651661155921505
-0.0049329902487378,0.011683603597668095,-0.002464555556876138,0.007465099378941488,-0.24904915826903565,1.6321351421979167,-2.089880256357191,-0.9815381879629993
-0.00492133144218235,0.011727798566622531,-0.002503846455354343,0.007413598480900045,-0.25225998769715713,1.6607470611169945,-2.0523793989716563,-1.0177516653592937
-0.004900297740044413,0.011647782586954779,-0.0023945413328301008,0.00746454068758826,-0.24139583881099416,1.5849551216990942,-2.0876980600207076,-0.9460281685864499
-0.004871464933620804,0.011607076762827595,-0.0023227502920026735,0.007471171033334611,-0.2335417414442429,1.5362470888404725,-2.0907664688715237,-0.906973998827394
-0.0048490937354422215,0.011559144030136246,-0.0022482144059696035,0.007489149508180241,-0.2253301811326143,1.4851735719406454,-2.1020922684401326,-0.8624214715751567
-0.004840323711385335,0.011500915346023894,-0.00217216132639074,0.007527597123486338,-0.21664487450344597,1.4322289074744234,-2.128321933844845,-0.8099463403886046
-0.004825379397347664,0.011450922091665703,-0.0021002251548917126,0.007551752984218985,-0.2080753985890941,1.3825308901804012,-2.1439380574383247,-0.7637067522530572
-0.004769342033823326,0.011342465791124372,-0.0019259078785465766,0.007575391941851944,-0.18681860776837675,1.2632566267530512,-2.155898463929286,-0.6615454592143771
-0.004781773496314393,0.011384195176071728,-0.0019861993832173265,0.007557870025529918,-0.19410498208522228,1.304867625905429,-2.1449705476489385,-0.7002545956423645
-0.004770727458870327,0.01142871702480605,-0.002031910642438683,0.00751380385771313,-0.2001082638394169,1.3379989351944455,-2.1140907850497084,-0.7398873862456381
0.00523126285585664,0.01238837217123487,0.0034800496712939703,0.006982816611290496,-0.31305768368466064,2.32409914936947,1.7324973356377622,-1.5979272899774066
0.005292351893424299,0.012516289645486327,0.003655018653989765,0.006870904439347955,-0.3144498853766269,2.4386294422735912,1.6428954594539846,-1.6989937292677535
0.005271262019450531,0.01247176331035544,0.003595076654733202,0.006911051842745979,-0.314223811731764,2.3998022969797215,1.675210296047535,-1.664576827532379
0.0052506348996505725,0.012431822718380442,0.003538481324890232,0.006944720745660694,-0.31365975260286577,2.362534001046523,1.7022623998493547,-1.6323075379140917
0.00462311092398393,0.011173911427138623,0.0016214258680571985,0.00753913016262399,-0.1493692431193229,1.056898931697737,2.119349096973156,-0.5035886639574855
0.004609821898809561,0.011062888858043712,0.0014748431701510926,0.007590005221635062,-0.12886477906311164,0.954312449128505,2.1509062448250815,-0.4013128860843281
0.004571605063167459,0.011016272926609335,0.0013953018784796983,0.007576532698085769,-0.11922197980965672,0.8996935854786133,2.1380080747887926,-0.35889289240021216
0.004584337468404057,0.011127407787697803,0.0015411168190069895,0.0075280409647670915,-0.13984093091108518,1.00196423783154,2.1082230334718832,-0.461062263167151
0.00452028342067796,0.010967365956022513,0.001307681354648692,0.007549996202674935,-0.10890571598072897,0.839655759672105,2.115066217573112,-0.3154987424517435
0.004491386458155748,0.010894439816307527,0.0012022756093040957,0.00755572574318811,-0.09511125389924434,0.7661487134961944,2.114710837649451,-0.2495090268394087
0.004463260103314158,0.0108195338036818,0.0010953307210265068,0.007560200346903528,-0.08107223010233922,0.6913162055170633,2.11315013853044,-0.18192089014883026
0.004427413550158926,0.010713190963526088,9.462838260234926E-4,0.007565602638945673,-0.060851746913883877,0.5866885381529051,2.1098201112674393,-0.08604674767935981
0.0044176428226998365,0.01076932968685572,0.001013662109270816,0.0075349650881711815,-0.0720109071505754,0.6341836959386775,2.0907041528750985,-0.1388929593259454
0.004330499323025027,0.010543488252374158,7.008421173734317E-4,0.007522747270152111,-0.03141662022325487,0.4137722607126117,2.065238458085501,0.05947703102582289
0.00438988143250471,0.010660866558505106,8.668815883382631E-4,0.007546291297575588,-0.05178955396478752,0.5308791873471831,2.091618624978023,-0.041436403500147455
0.004353879957006121,0.010602450140830133,7.817455888439982E-4,0.0075290546795002975,-0.04196925413540576,0.4709141660826162,2.074331245880487,0.008255922835106155
0.004605041745408485,0.011225494851626813,0.0016732835351603473,0.007489511177648936,-0.15751114384934625,1.0942695564365283,2.084909038031508,-0.549775460244581
0.004628574309598142,0.011273798914256082,0.0017464960900078106,0.00748175134160605,-0.16630853330408302,1.1446870208523234,2.0817589902139555,-0.5936687142301814
0.004786014413042187,0.011465247416361573,0.002087147965589785,0.007501274339229058,-0.20664076329042613,1.3758591497678563,2.1065611065556316,-0.7735495375363514
0.004668553934002668,0.011314364099001049,0.0018217639181219976,0.007494101896546992,-0.1752745299944645,1.1957008215538512,2.0933059485978625,-0.6315725945680962
0.0047179888922230274,0.0113575567234562,0.0019079741019660062,0.007513132383271135,-0.18539903169899172,1.253798315489721,2.109877765499354,-0.6728640506094286
0.004747980623243531,0.011418263637362723,0.0020025095354720113,0.007498995755686453,-0.19671586022730944,1.318591407107714,2.1023866994950207,-0.7289108250441543
0.004765504290841938,0.011526638248095387,0.0021429800209632473,0.007433258087703382,-0.213304410725166,1.416545645000452,2.058056196146479,-0.825409307055523
0.004758237556947495,0.011590767236289908,0.002209924804143151,0.007374819424958883,-0.22064125507628016,1.4639048098679204,2.0167980075819325,-0.8789125320961562
0.004757439622809709,0.011661883381790241,0.0022876093939483877,0.007315132337899592,-0.22851530186377017,1.5187692043773366,1.9745192933814852,-0.9377911675834214
0.0047114243000430135,0.011619924735953864,0.0022039443108300668,0.007306991669151375,-0.21958615010247767,1.4627495616467534,1.966619714082207,-0.8968770542296649
0.004977355890195623,0.011978724860735398,0.0028227978923901537,0.0072233116644170045,-0.2776105203103256,1.880947689730777,1.915199552736773,-1.2310819590241484
0.004934796625205258,0.011950911737614147,0.0027521475081795223,0.007212672756687288,-0.27112932784965244,1.8336263845239562,1.9063862883118177,-1.1996188201383005
0.004894532914218287,0.011917068805992177,0.002678663738782063,0.0072095553561651775,-0.26451384038104675,1.7843903300007036,1.903134134133927,-1.164554802337728
0.004856625239743637,0.011876988638152697,0.002601934728347932,0.0072137678927043725,-0.25770403208535336,1.7329119503547943,1.9052288060358757,-1.1256641872858724
0.004823856992570576,0.011829361715286472,0.0025228408362681764,0.007228597127070424,-0.25047369127905056,1.6796103655955281,1.9150767802300468,-1.0823264075567731
0.004777611180336301,0.011784061659335788,0.002434345326755623,0.007227690773017927,-0.2421175250864421,1.620314825739385,1.9127546944923857,-1.0383022897998033
0.0047315405618092495,0.011729133673467973,0.0023370289178748856,0.007234034489519196,-0.23249222676255857,1.5549107444320411,1.915691695392965,-0.987163379476503
0.005183586923233055,0.012380228985452265,0.003415143167922536,0.006953284990536283,-0.30760870436309334,2.2786975530713964,1.7105173808598175,-1.573969618767747
0.005151411456877572,0.012339699470801692,0.003343737559660338,0.006975418014154098,-0.30450978647391547,2.231061499531425,1.7282657676873845,-1.5365748585215362
0.005130052811251032,0.0123065663653108,0.0032911230745242687,0.006996768027186047,-0.3029380405120381,2.195938923781037,1.744948878301696,-1.5076877874298906
0.005026196047129968,0.012085499889675869,0.0029774766242286342,0.0071554852661457205,-0.2878364709342191,1.9856635954833626,1.865418337949422,-1.3231616411516323
0.005007156747190374,0.01204953598856233,0.002922927675229575,0.0071767392016787585,-0.2845916313203221,1.948888529023007,1.8810874169244691,-1.2916652753963895
0.00500435343806107,0.012124097061886423,0.0029898625976035567,0.007094727547998533,-0.2864647375059844,1.9941760872415515,1.8195696297508526,-1.3441777323542998
0.004997515859623251,0.012177971813707581,0.0030308182700787864,0.007030504393279054,-0.28704559661764567,2.0213472794110303,1.7714575263221108,-1.3786692912094554
0.00508563148952388,0.012287377624449761,0.0032234734226889647,0.006981972031521304,-0.2977401529119286,2.1498462351386514,1.7341546771430048,-1.4794044322493167
0.005052077141880648,0.012256027228831602,0.003158824231079937,0.006989778149046687,-0.2939200269704367,2.106548126318606,1.74044956180874,-1.4476573453428079
0.005022518526714046,0.012221552306200733,0.003096270287540179,0.00700367218191264,-0.2904809685711946,2.0648164835866787,1.7511568950319727,-1.4154077457921899
0.00496986206200355,0.012030659962384999,0.0028657932852645296,0.007163068644427406,-0.27919446635664236,1.9106205117024133,1.8702652293145305,-1.267799144369423
0.0059249045769240215,0.01340374351734513,0.0049611757831242755,0.005953322505238984,-0.24500936621253397,3.201459624237223,0.8289153926370146,-2.321103482262242
0.005789030166471584,0.013334337371227356,0.004739397240054694,0.006006846912270645,-0.2576440768732671,3.0578911965778026,0.9027996037367244,-2.229978032068757
0.005830729965064934,0.013341704910483535,0.004805170310181024,0.006013222294880854,-0.2560219390659914,3.1061246735473604,0.8979039486544595,-2.2581962888455323
0.005856119475170478,0.013372534611351732,0.004849022297228296,0.0059755395681965655,-0.2512335126639538,3.127205101095669,0.8633646058402532,-2.274875539002434
0.0058891102078216795,0.013392553412854153,0.004903219499964011,0.005957181693308516,-0.24785569220247303,3.1609039587865486,0.8412762463562248,-2.2967864390607047
0.005975468539538804,0.013431959708355852,0.005044505415718492,0.0059269690518379825,-0.23939675361217552,3.2542339776165474,0.7954828900179486,-2.354740589999635
0.00600328202859671,0.013452274858099097,0.005090590764662005,0.00590393528274974,-0.2348409776816489,3.280868346902853,0.7701607687980657,-2.372421237075682
0.006013986353083563,0.013479721274093321,0.005108638510714931,0.005862927989563642,-0.23119188294125848,3.281266331930099,0.7361205527088059,-2.3764284228856645
0.005938064716755588,0.013439621013095301,0.004984799648693806,0.0059009403789373775,-0.23975814775079365,3.2032193831306732,0.7857611958307712,-2.3273089992384075
0.006011112867411912,0.013515625171711754,0.005104144664326089,0.005803769995728427,-0.22587899849356144,3.259017346284796,0.6926714578762617,-2.3687305760525916
0.00603209489737166,0.013562980775225629,0.005136802650905085,0.005733763650654255,-0.21926664614715397,3.2600311721407915,0.6350784378318703,-2.374987980373144
0.006030149625852275,0.01361850449067113,0.005130631420647962,0.005644399655288373,-0.21264047426625285,3.2263323059270888,0.5719542142210431,-2.3619276113528844
0.0057431517187101384,0.01332598213883472,0.004667901357997904,0.00599987100882511,-0.25943008395654393,3.006204582646508,0.9078035836510131,-2.199505403208779
0.005701822358328386,0.01321373593333132,0.004581429259633702,0.006150825554268282,-0.27274892954448765,2.9814086438235603,1.0306119381076257,-2.16649600846296
0.005728280628365345,0.013286919249975219,0.004638039935908012,0.006052511101854064,-0.2640175889900797,2.998210506889692,0.95055099575333,-2.1887057869468776
0.005700865028018558,0.01325523127400938,0.0045898588917035335,0.0060877368608581095,-0.2680014264628814,2.972968217117796,0.9827102159601753,-2.169120581442253
0.005614149862304863,0.01315951510367191,0.004435671961131185,0.006187460802162023,-0.2780436597807961,2.8875695746115615,1.0745659960813116,-2.1041082220358813
0.005659803926085648,0.013188050567578885,0.0045115357910774255,0.006168455529533625,-0.27544374702606333,2.936285364019424,1.0519350104533585,-2.136621380713084
0.00556974863841529,0.013079962426445447,0.0043447546529914284,0.006280196551439728,-0.28577115396126485,2.842527798624028,1.1532200060826623,-2.0633863705609214
0.005567602010853694,0.013129646916293836,0.004358372218968829,0.006206801740452191,-0.28035747370194203,2.8381303548546235,1.0969976094354843,-2.070803617325381
0.005491681503856646,0.012884500661224648,0.004150205718374174,0.006514689483235691,-0.30261895340039463,2.7457163012029544,1.346519838610533,-1.9659739133784175
0.00546595767699475,0.012864658512077446,0.004103992022530435,0.006525997051642052,-0.3033737109737252,2.7152103711075197,1.3582440408598144,-1.944644351654063
0.005562477999763351,0.012955586727023669,0.00428508978959431,0.0064573155380494305,-0.299172484059322,2.8316938879827767,1.292555692353382,-2.0296728236908588
0.005533164937892844,0.01292916742231838,0.0042307056483734005,0.006477286094340296,-0.3006736576365956,2.7966346299474316,1.3120039596550956,-2.0043547256755603
0.005496802182147185,0.0129211313692519,0.004174868611864733,0.006465830434515312,-0.29945561461719844,2.755736606872011,1.3074629772292286,-1.9804549460036853
0.005545675888626557,0.013003282689183063,0.004280740979293805,0.006377743080843399,-0.29314459806149845,2.8153626574020296,1.232221780975273,-2.032021936985094
0.0055404386227158675,0.013049479043283518,0.004291152393729286,0.006307930762310202,-0.28849731920671784,2.8105867878253457,1.1789133080238827,-2.039392030909492
0.0052713440110165,0.012561705224578378,0.0036601384354514326,0.006796074145474055,-0.3099670935359104,2.4370229643822934,1.5852120349947343,-1.7135566252524803
0.005257554936600868,0.012607118308244354,0.003673093557044481,0.00672729934280837,-0.30624579395112,2.4406124313730433,1.5324737715735954,-1.7297321363144407
0.005436715929852009,0.012803399209254523,0.004031147361473063,0.006592166815090742,-0.30711464122953175,2.672978494398336,1.4132783576603134,-1.9061960470016217
0.005429439741632941,0.012856738030720015,0.004048941716774803,0.006513172228334829,-0.3016161205118472,2.675313022483597,1.3520251582851592,-1.9214087091463237
0.005387071830048629,0.012777934398507435,0.003948773860850408,0.006593280765022548,-0.3053251235549965,2.616239441787918,1.4186161520314753,-1.8695079423689875
0.00534152547556509,0.012752369141162505,0.0038727933135843935,0.0065965787529326655,-0.3039270542929277,2.564408651425012,1.4251421895418241,-1.8354218133946318
0.00530089840742667,0.012716782716201393,0.0037981378934135207,0.006615716431049567,-0.3032188313275738,2.515562262889367,1.4430665313094673,-1.800135099123431
0.005259720371277781,0.01266928379322631,0.003715612710625393,0.006648718507545677,-0.30303202953702674,2.462863064983402,1.4714598998870723,-1.7594944520793627
0.007999640338377589,0.015013110322361273,0.007011437901783524,0.002793973890197161,0.11656263644370068,2.8331632383531944,-1.7786242013570934,-1.8876597686201586
0.008028151287082924,0.015060870843882065,0.006977183720370158,0.0027140660968486548,0.11471455283206171,2.757363273399499,-1.7949073133943936,-1.8366916788988055
0.007943207828958085,0.015013176276910364,0.006947559971682428,0.002846421561724615,0.10831325004129737,2.837105356500371,-1.7226025253334003,-1.906815210590853
0.006303057630027036,0.013862968311276464,0.005525609023972721,0.0052974098745095675,-0.16024667118316327,3.374081557666275,0.23564023397860626,-2.4618180170257165
0.006220579841765784,0.013797444623536406,0.005409302254365104,0.005394740892907166,-0.17622583334135708,3.3314089473906843,0.33310419367117095,-2.435065467359117
0.006262975065821684,0.013853661197199666,0.005463443339306117,0.005308919678970167,-0.16561147713251514,3.335254944471662,0.25977656793025,-2.440063388326718
0.006230971127192872,0.013835076985513794,0.005416886416963783,0.0053354624484123385,-0.17132429166359386,3.313577652358964,0.28980856003429567,-2.42713803728157
0.006314561170885563,0.013906300788015663,0.005530811486167155,0.005228139810089595,-0.15446595879908342,3.348929368281596,0.18626178022188075,-2.4494459685810495
0.006339072197126061,0.013946153055244178,0.005556825588001794,0.005165335390426441,-0.1478338395704659,3.340340526071478,0.13634913758986297,-2.445708216043538
0.006385096013773445,0.013982791834898143,0.005617149240291109,0.005107526667858123,-0.13869643579946722,3.3566472106529064,0.08049252928428274,-2.4552155480590794
0.006425391867375216,0.014028898181555859,0.005663078790457458,0.005033310044028439,-0.12997352086266797,3.3550834209718565,0.017885900310852822,-2.454488439577369
0.006132096032402073,0.013723595473906993,0.005281346649956855,0.005499370975057421,-0.1925905921200273,3.2813498542624973,0.4366849432367889,-2.4021415211679797
0.006151184847649562,0.013765312567093752,0.005304585009524028,0.0054360379948373274,-0.1865574468572397,3.2741419550999393,0.38680456510183564,-2.4010863214576763
0.006181665303932153,0.013794502683704444,0.005347422944606926,0.005394083062092313,-0.1798734006418145,3.288010608622624,0.34746535796874023,-2.4106654447324187
0.0074274869919701255,0.014665735205254774,0.0067173697663624665,0.0037026646434144624,0.05294004407098039,3.2951081139552207,-1.1900794771634546,-2.300689072432704
0.007386953212857747,0.01464138780726092,0.006686517085229799,0.003763574677035689,0.04680672183097651,3.3160470816917758,-1.142929281222463,-2.32123902108434
0.0073149262186301585,0.014638016870581479,0.006587148920358392,0.003812798649978487,0.03331823248692031,3.286773524364111,-1.0704120890545596,-2.3185846884702674
0.007344352884539,0.014665766792885688,0.006599815783488015,0.0037555586369723433,0.03744466081382753,3.2579324835201366,-1.1074590091032412,-2.2959823200499163
0.007231200747056195,0.014561842742247325,0.006543033873514831,0.003971143056820709,0.021261327902998485,3.3595217688716064,-0.9623679891689212,-2.376508822962044
0.007252095828121161,0.014590301720781748,0.006545237180208989,0.003917941088140367,0.023625416739394053,3.327418607759011,-0.9935378133724285,-2.3540040100846387
0.007284281784044686,0.014615445589459989,0.006566458622239154,0.0038631936805138827,0.02906070835300405,3.306065857817478,-1.0333036720334132,-2.3356629378740226
0.0074294902064209675,0.014718726789056433,0.006661387313125012,0.003627360213508479,0.04983262947048384,3.211927009416551,-1.204393151080941,-2.2517420164960478
0.007442501958488679,0.014767164940134378,0.0066254890976689,0.003552666261323362,0.04916812615877448,3.142247654394799,-1.226819047973626,-2.2079939734992475
0.007879321663118912,0.015008174145928614,0.006881016071836563,0.0029095589696669327,0.09899073705015604,2.8466246673073927,-1.6605090556617073,-1.9305254312298668
0.007795307716002967,0.014991239245859047,0.006804876217562511,0.0030016571491948345,0.08842331618258255,2.8705987003758904,-1.5808109025305426,-1.966811941988338
0.007827926207629106,0.015020727978301307,0.006805313423493544,0.0029396517906944094,0.09014222981178299,2.8280762398241377,-1.6088528552282182,-1.9337858725560366
0.007612405525003363,0.01489325497041817,0.006702238126593182,0.003267167526601771,0.06893309440445465,2.9963687705329503,-1.4059600174957139,-2.0848489254450624
0.007727886719698703,0.014940777688684112,0.0067875955264253135,0.0031178344193635386,0.08296051671418563,2.9416242016358187,-1.5186968246201944,-2.0250783729900106
0.007680572057095699,0.014930155334558536,0.006742735160894966,0.0031686848821244223,0.07648273697703145,2.951926850419536,-1.472707406890982,-2.0427944863688867
0.007639843369497327,0.014921838277547835,0.006702445967049152,0.0032105616014759314,0.07074133791235043,2.958284005320889,-1.4332698190945536,-2.056140852196375
0.0077464561098772935,0.014996800481082312,0.006740171628862553,0.003035444438619648,0.08065596585469402,2.859484603968103,-1.5332138654195158,-1.9729284279246269
0.00756820792272955,0.01491841696543727,0.006617194940952816,0.0032682784413604477,0.060125919424249476,2.9501529582513952,-1.364845339447186,-2.067705246839107
0.007539734614612378,0.01484654079974303,0.0066641496816639756,0.003380353037713084,0.06016919474436872,3.050817689586678,-1.3320864802180366,-2.1334015283976515
0.00753977827746628,0.014893929681163102,0.006609687537924872,0.0033195815159145327,0.057534201043588876,2.9799659352942514,-1.3363931713292925,-2.0915617580587793
0.00750285381401927,0.014820172750093683,0.006646294108885285,0.003440836831312753,0.05606783013184487,3.0807360187305255,-1.2934735942714608,-2.159055158509568
0.007458691755857136,0.01482035793277729,0.006588049236835535,0.003470975327833775,0.04860334635566454,3.0674240348233894,-1.2508728074636304,-2.1606729726116467
0.007030234742499337,0.014434078889620318,0.006358828472277487,0.004260065893561791,-0.014406786670118275,3.4169628380326706,-0.7157509674564283,-2.441981393428312
0.007058970675541742,0.014447182991806305,0.0063914484948848745,0.0042277926481210865,-0.009087178368337402,3.419096692023652,-0.7483753740789733,-2.4391575927901172
0.007093080022543353,0.014458001937284337,0.00643396220039735,0.004196075139740375,-0.0026434542557844036,3.4277840203198067,-0.7848768603448647,-2.4391081597342557
0.007195397572530499,0.014546144567397149,0.006505476468815537,0.004013459969957833,0.014523907678293877,3.3622090485737517,-0.9219059482156844,-2.3843555823657407
0.0071648527702613245,0.014517811429981951,0.006487139080831201,0.004071304831266103,0.009832494844495644,3.3861585573339155,-0.8806911621423027,-2.4034561299655883
0.007135488492850204,0.014496701672396342,0.006462880274784072,0.004117460061122211,0.00467691314133926,3.3988540725125267,-0.8433916022768368,-2.415632017317253
0.00710236186097983,0.014498009603797643,0.006411804767078187,0.004131180522122485,-0.001396128807000725,3.3743732524385845,-0.8138690947664137,-2.406547707750868
0.006979356632566643,0.014404390501889458,0.006305574588754445,0.004326070436418507,-0.02347327456241462,3.4207088872434572,-0.6545864747628061,-2.451051622817618
0.006996977866598932,0.014441311886982363,0.006301854721862011,0.004262561424050272,-0.020197318447693676,3.3816424765931505,-0.6913481975812833,-2.4258886306685405
0.0068717335388961895,0.01434714459543132,0.006183835877807116,0.004452538709882035,-0.043816339086863144,3.4126623029444665,-0.5298810279571965,-2.459349806768056
0.006935768200013257,0.014393229427091953,0.006247372508829,0.00435948051079486,-0.031602803667629326,3.401973243283535,-0.6113708124351181,-2.445667672799823
0.006885524193897226,0.014394305147380472,0.0061693505744247696,0.004375243551006203,-0.040275516888841206,3.360384651302794,-0.5715869375502941,-2.42728969422792
0.006649105619003427,0.014193810713607176,0.0059362870106941515,0.004748278680295043,-0.08646457364436655,3.4043215555456805,-0.2548541722548468,-2.4738916560590987
0.006667817542565212,0.014238793429129551,0.005938779781660655,0.0046739229658455325,-0.08109731968839473,3.3686047708816607,-0.30317200980892095,-2.4522226946421086
0.0067480345268355404,0.014292620422471104,0.0060297518589166885,0.004572229632166809,-0.06624458619972258,3.3760653257562643,-0.3987883851754024,-2.450272551932025
0.006826415082328889,0.014333761171103793,0.006123196651039408,0.004487159535683932,-0.05182765737753798,3.391896848160773,-0.48569913371921875,-2.4521123433901697
0.0067840943259106,0.014325636532320846,0.006063284720950827,0.004511640021906344,-0.05932759621787949,3.3658405515030063,-0.4486641280831119,-2.441013662882555
0.006689471371829548,0.014285824719803926,0.00594324855147538,0.004596266535969827,-0.07557955388934746,3.332064702029975,-0.35349464178838885,-2.4294499844293713
0.006516147886603654,0.014128284529278131,0.00576144393935366,0.004869829047516991,-0.1098065458994871,3.346638401671295,-0.11966969846890532,-2.4477312379212437
0.006474281954127851,0.014111819659627201,0.005703492532516991,0.004899392445095989,-0.11714263231409704,3.321763048367884,-0.08231154577444001,-2.435210952392221
0.006423310420271274,0.014087056683156763,0.005634807266327469,0.004941417523448149,-0.12554164053665504,3.2954117450345737,-0.034286272641408384,-2.4216513620780655
0.00659939042062714,0.01418819474572798,0.00586096360876532,0.004765148034101556,-0.09405935742127414,3.362417697125666,-0.21897650554452544,-2.4529738912090604
0.00655059732922034,0.014164062171113928,0.0057973240387547914,0.00480972988729081,-0.10295926778373174,3.3418058629949092,-0.16979817569902564,-2.4437146509866783
0.006076107079582949,0.013678091106802301,0.005198198302384675,0.005560583708752106,-0.20235800564008602,3.2450947476154934,0.49812854892834496,-2.378048009113407
0.006033036061330817,0.013667116033719548,0.005131161887998826,0.005568197717363652,-0.2068681727232831,3.201179399039096,0.5176976935364558,-2.3522623589917213
0.0060854075170687924,0.013724781252972522,0.005206876464304031,0.005488473866432489,-0.19627004791842986,3.2256506165920062,0.4454610188825024,-2.3708720066247886
-0.005174722054794838,0.012144811775945412,-0.003198764315391872,0.007224145102344635,-0.3076995993476406,2.1360682869420224,-1.9195360526411156,-1.4110533471973967
-0.005187276212562916,0.012185978350706169,-0.0032519841311418004,0.007187957638518527,-0.309908809262566,2.1724259011529092,-1.8919075511362113,-1.4453856347884615
-0.005207134484929287,0.012225730029795615,-0.0033118276913493084,0.0071591075161470405,-0.312271893490952,2.213330587065957,-1.869804182508071,-1.4807125214627506
-0.005211779358333882,0.012271286977290472,-0.00335799868153517,0.007108849564160716,-0.31272014274055904,2.2441937342895204,-1.8308774961089902,-1.5141450578961952
-0.0052249281255743706,0.01231069717264644,-0.003407985791760153,0.007072710261406567,-0.3138250812758688,2.2778063830331696,-1.802644769388959,-1.5456853892211078
-0.005253622494522122,0.012348251577960503,-0.0034749056595518375,0.0070513883906348695,-0.3162849673056649,2.3232445646291677,-1.7856427731806517,-1.5814602953360155
-0.005253187284256612,0.012394881264801068,-0.0035125193035342272,0.006993038248875565,-0.31513182910016463,2.346926586549502,-1.7400936951268757,-1.610901677247022
-0.005086918663753843,0.01195831056727958,-0.0029157842982377295,0.007347105441885589,-0.29037552532252,1.9413796448959217,-2.0104905892054883,-1.2414950215172584
-0.005100772177021564,0.011992197533274719,-0.002965583363698969,0.007324344356806403,-0.2934984933709609,1.975659066264016,-1.9939079463417897,-1.2720910893964843
-0.005094769630613794,0.012027246736153322,-0.0029946598439911094,0.0072809476601240685,-0.2943720789300619,1.9963387290733585,-1.9610650022056042,-1.2983655268267613
-0.005137569345991714,0.01212795693461779,-0.003140396847503824,0.007209262230822313,-0.3028229652962124,2.095998291596078,-1.907733977020084,-1.3870255184107176
-0.005101272090306239,0.012067457538454056,-0.003041565530251361,0.007243231473405398,-0.2965267063810102,2.0286289201092873,-1.9327719831978933,-1.3310632588920572
-0.005109016505175583,0.012102572580622233,-0.00308415793693849,0.007211597032478002,-0.29858863491055165,2.057764253225302,-1.9089779974779713,-1.3596963149568202
-0.0050469773269338,0.011944636719767187,-0.002859842940676026,0.007323237613409839,-0.28415902721798303,1.9041109599270547,-1.9912761025053618,-1.2212968071803447
-0.0049948079677080625,0.011823266157313987,-0.0026783641802067444,0.007395002862234157,-0.269453025137586,1.779200943658464,-2.042167697630528,-1.1108533551674222
-0.004954412409203975,0.01180379081411946,-0.002618294682953926,0.007374694580979634,-0.2630675442688271,1.739264731447664,-2.0257719875198976,-1.087051757484364
-0.004913055207802989,0.011773432368141712,-0.002546420859728706,0.007363575703450973,-0.25564673479810557,1.6913003422509403,-2.0159612420751016,-1.0545496246897554
-0.0050081344800538986,0.011872330472223927,-0.0027443531179475425,0.0073595690101409105,-0.27489626262368655,1.8249133296922742,-2.016742142090264,-1.1541143748617182
-0.005003472810989343,0.01192345741876078,-0.00279336738365856,0.007303782257161295,-0.2777698987072274,1.8593929583931945,-1.9756056297548608,-1.1942547217351542
-0.006008866881888319,0.013293351287732812,-0.005086743016208082,0.006169191400448171,-0.2563369559505983,3.3568332756870993,-0.9757234467108759,-2.387660778730559
-0.00597688792669094,0.01329120480290251,-0.005033057287720356,0.006158389415712264,-0.258036791530394,3.3129100623783674,-0.9754066649790157,-2.36345157910107
-0.00594322136308665,0.01328441820439813,-0.004976480032834087,0.0061543266104356785,-0.2604315770766989,3.269087460815387,-0.9807998665421974,-2.338303427358008
-0.006125201494189447,0.01344541023784481,-0.0052936806929877135,0.0059578167741830895,-0.22776646771659,3.4499456672407587,-0.7743674316740633,-2.4643082503969587
-0.006102279664058205,0.01342707873402293,-0.005254578066366561,0.005980967917105422,-0.2318839612790269,3.4277095731186775,-0.7996354283006069,-2.4493944003711268
-0.00607831176232097,0.01338195729037165,-0.005212330914085731,0.006048600579089886,-0.23980903054097655,3.4169252155311587,-0.8599854099647172,-2.4362236356347062
-0.0060822194103648496,0.013408647440835383,-0.005220126215102941,0.006004878943274241,-0.2361564498511255,3.409132023429539,-0.8244684627365564,-2.436351860910629
-0.006054062637297226,0.013367512940327616,-0.005170409145577738,0.006063502377910668,-0.24364149490639117,3.389490276660989,-0.8789057805495427,-2.418870409485406
-0.006038257872006461,0.013342825445727477,-0.0051417706206486335,0.006098676467086574,-0.24779919583299212,3.3781931248822095,-0.911347215592419,-2.4083929234936234
-0.0060221244475569735,0.013319562688026096,-0.005112243970917192,0.006130988900875724,-0.25205453604303735,3.36524999127198,-0.9415241473497641,-2.3971517231585184
-0.006027831797848741,0.013365532253524267,-0.005126228033351647,0.006056328279333616,-0.24518804917931317,3.3538320883821853,-0.8807192546091706,-2.399070215977847
-0.0061524165370243555,0.013483257999085773,-0.005339339218096399,0.005902229934530147,-0.22053191492090515,3.4660230470718227,-0.7224665050552327,-2.4785673769732237
-0.006180628593099748,0.013524947731406035,-0.005385209648017707,0.005839549937190599,-0.21225859774456815,3.479085535550311,-0.6649426501806021,-2.4913300310473683
-0.006167648980599221,0.01350140102941702,-0.0053645258219849465,0.005875958553664961,-0.21638117563882783,3.4761329398480627,-0.6971468437965561,-2.4865946764162974
-0.006119708560179685,0.01347609428074704,-0.005283994302422024,0.005903908724335807,-0.2239973028494768,3.424477682114829,-0.734537552106807,-2.454908963520754
-0.00619292507127944,0.01355068783297727,-0.005404050314973266,0.005799051207351674,-0.20778457310654783,3.4789183829725006,-0.6300400587280146,-2.494483725371129
-0.005761737949520804,0.013082108551118651,-0.004635394599733104,0.00638536029915181,-0.2897417655150258,3.0711499670991524,-1.2045265366231759,-2.1884556019066825
-0.005783669779538498,0.01312065948525851,-0.004682044441832937,0.006337178897749858,-0.28495251903879154,3.0951880845850037,-1.1617636543869578,-2.210176679333058
-0.005826233102401722,0.01317818178600682,-0.00476543543747801,0.006268923078345079,-0.277237256801994,3.141311473954062,-1.0986833141897152,-2.2475825269862715
-0.005791979224659267,0.0131653821871905,-0.0047078983248920936,0.006271267869405613,-0.27930311516434597,3.09938929034977,-1.107438865542871,-2.2220952065655806
-0.005887239898240885,0.01324894145107304,-0.004879123260372283,0.006185928220295628,-0.2669373006486566,3.204912772753512,-1.0191483960122794,-2.296529708748904
-0.005907889007488651,0.013282209053072076,-0.004918524952455531,0.0061417969453978335,-0.26184608921692454,3.222562245465699,-0.9793375664950091,-2.3124622606257255
-0.00585435916380636,0.013227953714498844,-0.004822006658085226,0.0062037360187834735,-0.2702395573228975,3.167162687442581,-1.040714287281113,-2.2717872524710034
-0.005830319016559703,0.013208554135998033,-0.004779338344560075,0.00622274560323118,-0.27354043862445027,3.1404256791921297,-1.0610077078106017,-2.253294009251857
-0.005849929427197732,0.013257910146211638,-0.00482110771049367,0.006153844136815661,-0.2664730458507205,3.1539629355713825,-1.0022085199486896,-2.2702662411004604
-0.0056319741377248616,0.012890145666398447,-0.004357916427830312,0.006599136323170176,-0.3095679077175712,2.9069329564083737,-1.3978325589252896,-2.0523718209692663
-0.005645396382137428,0.012925207191536822,-0.00439454357718476,0.006555266689701912,-0.30617561451214015,2.9265179278352953,-1.3603988578182167,-2.0722258782570946
-0.005720979762414774,0.013077723607321443,-0.0045705883068726015,0.006368823995575202,-0.2898275051448971,3.0202780073164135,-1.1984583586768969,-2.160003997539618
-0.005663919814072669,0.012959237204680273,-0.004437630267570824,0.0065157156531946295,-0.30294401957947986,2.9512107398578773,-1.3257247833251853,-2.0942368977759607
-0.005683928418001879,0.01298522836585641,-0.004479033090690368,0.006488709798926866,-0.3002259979482805,2.9765647950379273,-1.3009705921908128,-2.1143324130168
-0.0057043659914495955,0.013046080213733496,-0.004533878269659446,0.006407876205132124,-0.2933718546262621,3.0013585939093264,-1.2325217498004932,-2.1424607803922258
-0.00568702759585407,0.01301668088929969,-0.004496279943770523,0.006442549390732946,-0.2966534329324761,2.9807105007088146,-1.263125670915059,-2.124349254694515
-0.005331809589613351,0.012459994881322108,-0.003663907162674475,0.006975765172157678,-0.3212052771074107,2.451260449296896,-1.72442361797871,-1.6842761931337924
-0.0053039957370072,0.012439125734671057,-0.003611807794721017,0.0069795469681470535,-0.31916842786190525,2.415186176508544,-1.7281675909399516,-1.6595047145600934
-0.005332022340343146,0.012496028932772449,-0.0036915281270625128,0.00692902988554111,-0.3196293554349588,2.4678307993539383,-1.687290318077556,-1.705640084748164
-0.005341532996160293,0.012528693864013856,-0.003728032263021257,0.006893906997260803,-0.3186129361953976,2.4909808574255123,-1.6590633650182325,-1.7285483433611633
-0.005364281109014702,0.012581475843471994,-0.003795539395426388,0.006841959183780578,-0.31768105643525907,2.53420592800568,-1.6166822416033961,-1.767943039781018
-0.005345422280808741,0.012558525657774095,-0.0037544874453780573,0.006857664732004455,-0.3176139999405082,2.506761226689143,-1.6300874305381938,-1.7466625767026849
-0.005263920431508706,0.012435066601467993,-0.0035577040005543015,0.006951534697630032,-0.3149279695333778,2.37620982995033,-1.7072202369425657,-1.6398983726900287
-0.005589098797407218,0.012845694340549836,-0.0042719301690863284,0.006636132301305708,-0.3123219908353117,2.8499697094842316,-1.4330203977133342,-2.010179332740567
-0.005553842811853373,0.012831267871581916,-0.004212743636812029,0.006632937945894419,-0.31173445866103267,2.8067759976782383,-1.4342251563170552,-1.9836902645498071
-0.005521678206389135,0.012810887224320031,-0.0041553514222623005,0.006640131125028305,-0.3118327552684917,2.766818900018325,-1.4432387727384715,-1.9571398174692227
-0.005594173817467764,0.012882843925779118,-0.004298040745621261,0.006584671160596946,-0.3085627188112687,2.8611989934374886,-1.3906223536742723,-2.0264722758379627
-0.005396967307507782,0.012607357859735173,-0.003857175745745467,0.00683258725554791,-0.31916031026186725,2.5768112723668852,-1.6074019156280868,-1.7976363208284991
-0.005355441157889965,0.012611758994059006,-0.0038043232902776327,0.006794738206191811,-0.31512712382340674,2.536465012046415,-1.5796455933944942,-1.7791696964126344
-0.005417367028823763,0.012645148828339559,-0.00391005972378419,0.006796810453283217,-0.318185669905731,2.610794874136442,-1.57755831723081,-1.8269854803020749
-0.005449152452731414,0.012680235894602508,-0.003976394921860069,0.006772426213543556,-0.3181602177092638,2.6551878573817933,-1.5558412469042118,-1.8605407560367002
-0.0054726969393945266,0.01274594059508462,-0.00404919143790347,0.006697836113699819,-0.3142284405975095,2.6984970253930958,-1.4940892537211978,-1.9029201956189017
-0.005448364289204163,0.01271945165091037,-0.003999425974436225,0.006717279135461369,-0.3152287998626084,2.6655146242531895,-1.511644455170793,-1.8780506672068007
-0.005482893285982008,0.012811445593656582,-0.004100313555247347,0.006612522071634576,-0.3089157112523731,2.7241695964196038,-1.4248638289981193,-1.935162134936595
-0.00546326973358506,0.012779462851233894,-0.004055085558966729,0.006644001731217969,-0.3108202222264783,2.6963713961151727,-1.4517872433372805,-1.9116594982431718
-0.006732798789589681,0.014033493384824253,-0.006169475193040928,0.0049989119545398066,-0.08085111448961717,3.696959498794817,0.1659415576281771,-2.630692039969337
-0.006754937555934219,0.014047772765200205,-0.006198726476712989,0.00497087075757366,-0.07561593020106762,3.7037271884218934,0.19550588204390254,-2.633096581433621
-0.007008303542205222,0.014149121968784066,-0.0065623379097657164,0.004731999814709001,-0.019080437302499142,3.8384749842935677,0.4945368634638199,-2.6829971763408396
-0.007018476771371721,0.014163360377317996,-0.006568177032554609,0.004703975521558806,-0.01675479006551161,3.826121662786298,0.5159001680656521,-2.6749549194687425
-0.007047836797330406,0.014199863537663499,-0.0065877389655489135,0.004630933854750892,-0.010020370399622306,3.796436760896125,0.5729818792835423,-2.654768553910096
-0.007023608900126395,0.014185799627659094,-0.006558386485323988,0.004663791250787113,-0.015407325575955696,3.7946922713394775,0.5392474371565826,-2.6570509499568673
-0.006988823726619894,0.014148647451458444,-0.006529180955167884,0.004739357635257507,-0.023443404148380267,3.818169776707007,0.4764914110452647,-2.674299326249073
-0.006971790460300724,0.014138989125135776,-0.006507533158573356,0.0047614865297023546,-0.027499488212419505,3.8151121454805987,0.4530139816497916,-2.6746260434727933
-0.00695184983407449,0.014142587661435608,-0.006470488885258905,0.004761518017144542,-0.03178894345958217,3.787722940606493,0.4386562382078501,-2.661920142896069
-0.006861058854877506,0.014077127623356703,-0.0063621752314947854,0.004898855461768278,-0.053056668042858836,3.785591886931853,0.30352056268704203,-2.669678951463569
-0.006875530782051544,0.014095794282006734,-0.006374044146864607,0.004863127830645838,-0.049414386728451935,3.7744121836622675,0.3326606101037454,-2.662349884315183
-0.006892116208877897,0.01411280244653171,-0.006390359225599694,0.004829636629442774,-0.045408102472877014,3.767607520724366,0.3617808556536901,-2.657101087051126
-0.006931029811932911,0.014137382924956738,-0.00643882748395503,0.0047766784371807485,-0.03646158560520798,3.773143999416718,0.41623375919009625,-2.656198371395902
-0.006910853172356454,0.014127039380979691,-0.0064120425787857595,0.004800153659525439,-0.041041252120959625,3.7668581206029486,0.3900908279970663,-2.6548474600935292
-0.006835131079922882,0.014082012355391827,-0.006314119012468569,0.004896373945851719,-0.058214333188862266,3.748534861125489,0.28778194943399,-2.651748825632407
-0.006787521156490375,0.014064569495470606,-0.006243958977989634,0.004936198356482481,-0.0685767730568268,3.7184699350276342,0.23530046177638614,-2.6389932451928684
-0.006809729930660953,0.014084232062869462,-0.006269130412514988,0.004898075329928593,-0.06312481790111175,3.7162768828625765,0.27049098378227754,-2.6361996840430484
-0.007050197479782658,0.014231492552386546,-0.006564723313974805,0.004576690858627676,-0.009474364359900891,3.74692231631571,0.599881736677785,-2.627016369728389
-0.007071316828544601,0.01425272809670358,-0.006581629576358046,0.004532854299791747,-0.004934017288257452,3.7325325321908127,0.6354295038685475,-2.6159996907326497
-0.007090035814735576,0.01427233913042907,-0.006595410390030753,0.004492583098006931,-0.001053481652465519,3.717800865828419,0.6673405451207389,-2.6049993388220334
-0.007132394830396983,0.014283364980411268,-0.0066555191036393865,0.004455918022756081,0.008223854490805009,3.7379967871475293,0.7160819328469412,-2.6097358052665016
-0.007106895822620235,0.014287472817218486,-0.006609688431070402,0.004460405808189841,0.002380369897811205,3.708270215810809,0.694036919434528,-2.5970920750261994
-0.006209257971269941,0.013576525840766721,-0.0054291931967602345,0.00575929760155785,-0.20317566047934668,3.483473593328238,-0.5945057421208825,-2.5000168515151255
-0.006229503852014058,0.01359587275758875,-0.005461325351989183,0.005731234183803376,-0.19841967678441555,3.4972871797336813,-0.566271247859347,-2.5097223716441115
-0.006238630653401373,0.013627336385492076,-0.005472319665376586,0.00567972979839912,-0.1936781646594543,3.4862791705111578,-0.5248255419118834,-2.5070407515934714
-0.006389553227879659,0.013712273533099182,-0.0057139669556752265,0.005559979024251084,-0.16529253942911357,3.6208222019918943,-0.37684729771177644,-2.5871134494916537
-0.006406647165429623,0.01373596779053398,-0.005737053027735985,0.005520840673808824,-0.16027867540849783,3.6217852661686636,-0.34156026357343056,-2.5892713396826625
-0.006462141689935183,0.013794194411304138,-0.005814857454125268,0.005424634946157668,-0.1462331716524551,3.6387530984305063,-0.24923968409895678,-2.601524760483175
-0.006446890604941315,0.013773369618893624,-0.005795420561778562,0.005459701381319179,-0.15042274724986018,3.6395434437530456,-0.28046668499065963,-2.600920197213768
-0.006422891467135294,0.013761607157789405,-0.00575751994670412,0.005478024559703344,-0.1553415697310291,3.6188553203948577,-0.3042572649289174,-2.5892996753472137
-0.006268206110203872,0.013657575873186148,-0.005517465996389302,0.005634394443537492,-0.18671768952097725,3.502648110398727,-0.48056875287205514,-2.5188604079745356
-0.006308436373244974,0.013692057220119971,-0.005579052618290606,0.005582805306275629,-0.1778931860755951,3.5284637812297457,-0.42748278039779747,-2.5358608167817245
-0.006282103759530115,0.013686706255169611,-0.005535386973543834,0.005587463547466218,-0.18193351277644454,3.4977694267603687,-0.44160746949766116,-2.5187384231480614
-0.0063569100746426474,0.01371666281958083,-0.005656295171855096,0.005547968852049591,-0.16906440125851432,3.572231879498356,-0.38241962554392783,-2.5614041581950673
-0.006322870720429067,0.013719662842872231,-0.005597277362966936,0.005537990445021006,-0.17322758253903167,3.5240223173609437,-0.3898373997735429,-2.535589739317668
-0.00648298491935207,0.013818881192424706,-0.005842139373607026,0.0053829778511863885,-0.1405753892223296,3.6406106042988675,-0.21095483945921045,-2.6035196681242856
-0.0065008342696637675,0.013836112474243437,-0.005866547049707972,0.0053537885450394085,-0.1359835941813884,3.645649636295844,-0.18265219240482633,-2.606739223786932
-0.006508088239386267,0.013858450500949682,-0.005870268587620565,0.00531537970459378,-0.13285826402499656,3.6309097810190383,-0.1535624752901332,-2.5995906022609456
-0.006582110832076701,0.013879838632715639,-0.005989495324159952,0.005278133224069272,-0.11883323934525909,3.702772530912489,-0.09120221851520495,-2.6373457529983875
-0.0066788209963016786,0.01398489653398183,-0.006104614639623623,0.005089528286387823,-0.09379595388309987,3.6957075756539424,0.08046764289643639,-2.6324321933162462
-0.006595940741286665,0.013901209364856273,-0.00600373890885748,0.005240500371225506,-0.11467539061803377,3.69533146244864,-0.059531446615976875,-2.6336215130375638
-0.0066142623306380405,0.013921916896803891,-0.006025652269789786,0.005203704587062549,-0.10991191071540381,3.6938265625551323,-0.02624364869707414,-2.632793329823258
-0.006654158409624424,0.013966829931356756,-0.006071831111058877,0.005123138920730092,-0.09956291705720251,3.6883369133715576,0.046025293182746785,-2.6292652987656084
-0.006633046070210207,0.01394451574363981,-0.006046929163326901,0.005163377396846196,-0.10482782911279574,3.689826203763061,0.009452735285320571,-2.630488048673729
-0.006702077172170352,0.014031963736311348,-0.006117910139453535,0.005006022102117028,-0.08639629067373934,3.6627155539750116,0.14363280188252417,-2.6138216477759175
-0.006671516562115946,0.014016261205259912,-0.006074810728624654,0.00503668084489317,-0.09293283253897903,3.6469377139412553,0.10798522353926866,-2.606656415258016
-0.006524883006065428,0.01387882164841187,-0.005890827947019243,0.005280472891074786,-0.12823175330561928,3.6299846791268098,-0.12233829235766534,-2.599533449618342
-0.006554740304035058,0.013883337731840096,-0.0059403822619891085,0.005272521054887958,-0.12312537781719991,3.6632054443560347,-0.1019248225183816,-2.6169071098377388
-0.007148663503549655,0.014310869448528427,-0.006656800518910635,0.00440322494795315,0.011237204021387183,3.7060831343975527,0.7505124826337132,-2.5892045090030322
-0.007170105005921206,0.01433308176211516,-0.0066708624534813745,0.0043568707711785365,0.015394880424702018,3.686904883060628,0.7859160337838588,-2.5748577546246554
-0.007190817851440837,0.014343758248876034,-0.006694256672749048,0.0043294156909255204,0.019994595834005743,3.6859653490262128,0.8132376500038317,-2.5707680197718066
-0.0072655035707473396,0.01435263032085882,-0.006806597334264193,0.004276189926634855,0.03648645094469662,3.730888107142903,0.8958400775361285,-2.582216973142216
-0.007236517677494573,0.014353328666852084,-0.0067588838144221845,0.004290573283632976,0.029780253654638125,3.7064882990139703,0.8657606823314731,-2.5740828132651754
-0.007204024735596115,0.014363523854345943,-0.006696385766696177,0.004290894749357163,0.022119967438195044,3.6630201206646036,0.8383634812341864,-2.5555151207035993
-0.008035787573652161,0.01466058360460472,-0.007567026590823543,0.003189044530209901,0.17805232158884912,3.4595904326968268,1.8921918396176733,-2.2125815243779248
-0.008049815569833868,0.014667323745038307,-0.0075753193909604485,0.003165157537351953,0.17974893177962012,3.446144313983829,1.908777169887076,-2.20005729176135
-0.008079793715484262,0.014678142077691475,-0.0075980357472919605,0.0031186193418270575,0.18395272096038348,3.4240801027669296,1.9445128860534668,-2.176640710439226
-0.008064680919016479,0.014674006110445127,-0.007584633915978724,0.003140394120144997,0.18156562166240886,3.4326263472579286,1.9262910074595059,-2.187129666165393
-0.007963485599807528,0.014628578927138555,-0.007517555284742682,0.0033075382655798464,0.1683502512210058,3.5200146822056033,1.8044877627539309,-2.27190015766268
-0.0079489783512479,0.014623327986201896,-0.007505385482449181,0.003329484584013355,0.16604040453929034,3.529039088744667,1.7864851534238022,-2.282036678736173
-0.007991490783754546,0.014642391236848337,-0.007535088205362624,0.0032599274995875143,0.17193831476476104,3.494350661992595,1.8386363096457112,-2.24785461685749
-0.008021406252736752,0.014655277293182318,-0.007555914835247716,0.003211331429041043,0.1760167131821079,3.4698787912931155,1.874797989805703,-2.223561954804626
-0.008006240451860644,0.014649695413138972,-0.007544008827705441,0.003234725728130891,0.17377572317702605,3.480451496744569,1.8563969976378842,-2.2349373047480126
-0.007977930668904308,0.014651878645367085,-0.007502517581751367,0.0032610369257593795,0.16727204715727137,3.473859979727185,1.8202718079329274,-2.242185267600718
-0.007966471893734218,0.014643684896837632,-0.0074991649631262845,0.0032838474312964342,0.1663018808525381,3.4894137011644744,1.8067452988037656,-2.254647638418726
-0.008083378756283005,0.014693372661949039,-0.00757910827650099,0.0030949188595873643,0.1816796025409815,3.3931377442577464,1.94567030048202,-2.1591539761605083
-0.008137421307833887,0.014704598473850137,-0.007630886915334387,0.0030210051256054442,0.19047183388668362,3.3675424666270257,2.0105821124455545,-2.123820281128024
-0.008168753847950603,0.014716245917573034,-0.007651936861434598,0.0029710227579209255,0.19436122884813611,3.3409988567181945,2.0463392599208787,-2.0970217886807525
-0.008152930587390854,0.014711160880175884,-0.007640135796459791,0.002995301481423372,0.19223025244723932,3.3529112884037944,2.0281238297669653,-2.109812500133696
-0.008123483768073883,0.014716196532528971,-0.007594984036862267,0.0030217767781199763,0.18526090399892284,3.345359557801095,1.990011619349181,-2.118195562605671
-0.008108886260438205,0.014708854716649107,-0.007587874537503273,0.0030471854591297173,0.18379279458724532,3.3609818163989544,1.9737946480567643,-2.1322156208882657
-0.008095150988088322,0.014700698212666799,-0.0075829517292088965,0.0030726617451175627,0.18264209154703204,3.3780010709677843,1.9586880616202134,-2.1465787002436176
-0.008202168708554641,0.014740968490192498,-0.007653788928679378,0.0029022497588054095,0.19567268632451787,3.287094937712999,2.079735429421775,-2.0552391417236353
-0.008172574607135495,0.014731412043530808,-0.00763256445056377,0.0029477837967319957,0.19192284821159744,3.3101945061148195,2.046369393101623,-2.0796783814778905
-0.008186317745156059,0.014740647036926385,-0.007634846641288668,0.00292077079568773,0.19259358753528957,3.290062499504653,2.0603402039542655,-2.063568887951598
-0.007380021069537949,0.014394969706501254,-0.006946373765163951,0.004140878224794492,0.06093329982047866,3.739570120615418,1.043218465699562,-2.563336259462806
-0.007355824539884558,0.014403645194785755,-0.00689820331513013,0.004141951078233658,0.05466734185099643,3.706426335478483,1.020385326491206,-2.5501712397874168
-0.0072797307047731685,0.014372865719290773,-0.006808847638983481,0.004235638736605062,0.03881561467436156,3.7059535407546336,0.9221965465698662,-2.5655116514999174
-0.0072971710488930796,0.01438773865588579,-0.006821434291399584,0.004201939147279573,0.042080948691952676,3.6926559043994867,0.9486888377870341,-2.554616536588831
-0.00731433338325813,0.014401462976558609,-0.006834436410883869,0.0041701491444903266,0.045095119780408484,3.680712399068057,0.9741227333380497,-2.5444647227584922
-0.007333825868422551,0.014410311831687981,-0.006856028174625904,0.004144600601922878,0.04931618271801748,3.678781122784226,0.9995383265323451,-2.5393640430398086
-0.007397159134645048,0.014414109328245656,-0.006952457553336713,0.00409951518025881,0.06361414729137438,3.715709824140198,1.0714112860081555,-2.546245011664095
-0.007418271653502566,0.01443080367628537,-0.006967117762252845,0.004059460558486345,0.06737580922815767,3.6986166290992126,1.1025610209410075,-2.531937602323715
-0.007538905462406086,0.014503938376106671,-0.007068473118668413,0.0038622041379513805,0.08897050359229862,3.631311869930061,1.2677831723688424,-2.465122782982858
-0.007525674133098854,0.014492981061733945,-0.00706150077137517,0.0038886139024905237,0.08708222973799083,3.6451558728859093,1.2490387385344057,-2.4761919360442612
-0.007506884430738086,0.014487909728052896,-0.007038760482105999,0.003909944853552653,0.08310362272550718,3.6446193445732056,1.2255709225449098,-2.480646714628213
-0.0074870543306711015,0.014480241850815664,-0.0070173284572826585,0.003935779667675222,0.079304097757447,3.647978771459361,1.200109508319832,-2.4874233443119214
-0.007433660916017963,0.014450637155922836,-0.00696875531059479,0.004018187407637098,0.06928492940804454,3.671495290345636,1.1281282500097907,-2.5132731314565597
-0.007467041318988513,0.014471196920978174,-0.00699699188537644,0.003963649419944458,0.07534885451898186,3.653363206730121,1.1739496590788512,-2.495275439284254
-0.0074516775699963915,0.014456970143690896,-0.006989615897861572,0.003996213012023307,0.07319296725030511,3.670763388383689,1.1510507359171125,-2.508642912173624
-0.0077517038302582515,0.014567796506187933,-0.0073039850773690875,0.003594888172483015,0.13031540823092094,3.5968309337031497,1.5372452802374343,-2.3855949322659895
-0.007767988828901282,0.014585610488804468,-0.007303392008951213,0.003554650216571125,0.13141286836303254,3.5664353829435815,1.5590118836355946,-2.3639879515572564
-0.007729253463924801,0.014580405153187294,-0.007254369264239085,0.003596113937378348,0.12339945066167128,3.5644542355529514,1.5110296364574358,-2.3749205026613223
-0.007696289419304129,0.014563953785086058,-0.007228070861167818,0.0036482135186937264,0.1181604060832762,3.585187271349151,1.4688274225736828,-2.3961516173488477
-0.00771492799928418,0.014568102738069057,-0.007249889685253049,0.0036263244551614044,0.12204442240670683,3.5837256382300717,1.4920797870307674,-2.3897730638824632
-0.007652295130288977,0.014570109928727886,-0.007155516298021779,0.003675510706584047,0.10750131194022217,3.5565018478682124,1.4169337108506086,-2.3931490762915675
-0.007674681412677182,0.01458084071968607,-0.007174425245904686,0.003641516508628312,0.11120808009435179,3.544423784140761,1.4453209604419872,-2.3801123580521053
-0.007626197297971016,0.014585871461436476,-0.007097305957288451,0.003673356601914103,0.09993716442539978,3.5165387003776094,1.3891601046975113,-2.378231348075516
-0.007591959600114506,0.01455801812977611,-0.007081825896470982,0.0037410207567935296,0.0953122341780472,3.5544345684407683,1.3435988681317355,-2.4085582517339397
-0.00761172506431126,0.01456662683892559,-0.007100285695666888,0.003712949998286813,0.09904827925022154,3.5467352377516703,1.3684609405637618,-2.3989717401072572
-0.007569631565727386,0.014547566563028486,-0.007061560542986445,0.0037735760668759816,0.091462692114705,3.564070793148016,1.3151961458631007,-2.4198165692320575
-0.007533682883822543,0.01452720257115579,-0.0070324738617746985,0.003830814078408557,0.08543512199204738,3.5849248347015963,1.2683814632086208,-2.440701523682669
-0.007555206948828677,0.01453373741120731,-0.00705691189887481,0.003805074441461174,0.08982499299248814,3.5831933446862814,1.2949752383147493,-2.4342187853220274
-0.007571190070365106,0.014568477706731048,-0.007038252523895991,0.0037414027314386527,0.09008662443118494,3.525853456917319,1.3220610692380872,-2.398062211464936
-0.007891095892809794,0.014615372557820826,-0.007436589198342247,0.003397865864847771,0.15452311635540864,3.5363243075168316,1.7134942130766697,-2.306737866703573
-0.007906059718180994,0.014619433050687792,-0.007451598349177348,0.003377596242731311,0.1572700960791601,3.5306701215848433,1.7322072636613655,-2.2984480552315842
-0.007875352932868288,0.01462746571651099,-0.007397263278946765,0.003396156234907855,0.14903012058855783,3.5090114358218387,1.693361696887565,-2.297635903899678
-0.007856390106916397,0.014638211794142438,-0.007355632732636162,0.003399207132092539,0.14325280204834392,3.483968409812927,1.669711552443846,-2.29062614310126
-0.00784441899957377,0.014627043646175413,-0.007354663637950215,0.0034260200294675552,0.14238196320460525,3.503632258998033,1.6550196342915675,-2.305221818727562
-0.007783169840894589,0.014605565018337955,-0.007297920440143624,0.0035124858858418167,0.13201393994739744,3.5312112940580067,1.57909090197472,-2.340074524254756
-0.007827094331600639,0.01462387870531917,-0.007334801275437049,0.0034465718960695196,0.139116184839292,3.506074305612897,1.6336565092589328,-2.312281272452502
-0.007804978901590463,0.01461676216813434,-0.007313497859978542,0.003476892599575178,0.13515406439340186,3.514840412636158,1.6063432667532143,-2.3242181389879284
-0.007936944688121743,0.014632989857332426,-0.007474555024671196,0.003328256690085154,0.16177212480578854,3.5076986435615765,1.7704012912193825,-2.2751597376376345
-0.007919469890548116,0.014631476414984166,-0.007452678980421991,0.0033477015640277804,0.15808113109745262,3.50832007476368,1.7484561298335868,-2.2817973043256345
-0.008318754422571717,0.014767715105491533,-0.007749310619856635,0.002732553510353627,0.2116264393275677,3.2094230335602285,2.2118290333069544,-1.963761806063856
-0.008286082785602117,0.014760672800623598,-0.0077226797296411,0.0027801733659378997,0.20720675958732435,3.2315795851883107,2.1751276006441445,-1.9899184802234018
-0.008302914835804953,0.014768200669512921,-0.00773003158892021,0.002751135546481949,0.2085899284518569,3.212570501295615,2.192398082043104,-1.9727138666067512
-0.008231903507570585,0.014750931645402244,-0.007673892816673754,0.002855745281095155,0.19917711354106615,3.2623153647639347,2.112719276660789,-2.0297041985238358
-0.008243670122065679,0.014758274365756066,-0.007676149042426145,0.0028331831257522757,0.19976800349097235,3.2455890313041986,2.1243541126737173,-2.0160686417783755
-0.008258012354910579,0.014764984596968738,-0.007682364670358324,0.0028083540796691006,0.2010060434766963,3.229460019422152,2.1392041670400057,-2.00157369559884
-0.00827234427740903,0.014771337363340806,-0.007688975058986184,0.0027839281670079576,0.20224557280671204,3.213856482124682,2.1540248735317444,-1.9873184953059215
-0.008216130927274842,0.01475137477192618,-0.007654090488120726,0.0028734935174020873,0.19602022569429758,3.2642457411423362,2.09323670292244,-2.0376023578488893
-0.008509544496598472,0.014818680101944355,-0.007873504773019208,0.0024352779451735913,0.2318522294213037,3.0408483228809318,2.4116035006424004,-1.7872537858744864
-0.008540359980768549,0.014826530345851175,-0.007891757155310049,0.0023865682639364664,0.23476479105488837,3.0113531598858034,2.4422561753132315,-1.7569546746761973
-0.008525035319023516,0.014822623575759261,-0.007882772103913126,0.0024108310260218973,0.2333316843904916,3.026129389646482,2.4270792581778178,-1.7720971260824907
-0.008618572738551366,0.014867422543075113,-0.007897573481701337,0.0022412995862024832,0.23619224570899422,2.8939179975153757,2.5028822890649174,-1.6598939573986258
-0.008603414996124178,0.014862003991902316,-0.007892427813642312,0.0022669431632062168,0.2353745166580465,2.9122245397705124,2.4899168168046653,-1.676681282132568
-0.008589212627907038,0.014855863582637215,-0.007889321172178401,0.002291997369279745,0.23482512952624535,2.9312220763138335,2.4783163242954593,-1.693237151533319
-0.008573829648909416,0.014851612380708902,-0.00788153270618975,0.0023167294880203546,0.2336263565910344,2.9471930645667617,2.4639640171512425,-1.7090265964027849
-0.008558701356674202,0.014847514482485197,-0.007873554189858982,0.002340912584029096,0.23239367324570903,2.962546219505445,2.4496541936062735,-1.7243460874646424
-0.00854406452205886,0.014842603545099453,-0.007867331211280913,0.0023652167683344493,0.2313927730679031,2.979012757660857,2.4362726345727155,-1.7398838434414714
-0.008349302890313718,0.014778157363536739,-0.007767116989114135,0.002683185335547983,0.21471342678322364,3.180153429762173,2.243990774987256,-1.9348732196469354
-0.008333061660223738,0.014777678445752665,-0.007749273899118767,0.0027036179615584177,0.2118735642672091,3.185823451052959,2.2246434075806913,-1.945384528793055
-0.008363134816442064,0.014787108522429794,-0.007767840620438637,0.002655956526922466,0.21500181680277033,3.15834897941438,2.2563327379980844,-1.9175560936554756
-0.008375858213821495,0.014802219201054083,-0.0077567735457452006,0.002623230066902732,0.21372736982145943,3.1249535906622863,2.264067209512996,-1.8950934975244402
-0.008497004206984926,0.014831911665461252,-0.007837341420206619,0.0024377364676241918,0.22676016622253958,3.021150662954128,2.3892010465473956,-1.784511019771421
-0.008421400736384725,0.01482496301430368,-0.00776859338448072,0.0025414833197657132,0.21610731856146478,3.065320878197369,2.3057373361967497,-1.8439194889625357
-0.008406002753496193,0.014818529499645404,-0.007762678486559808,0.002567750669584897,0.21504406304054421,3.0832316253497822,2.2912003822131317,-1.8601500024774877
-0.00839118184630713,0.014810846910728719,-0.007759311472414861,0.002594651243469703,0.21433438696445958,3.1031638577689127,2.2777968518858853,-1.8770565604955707
-0.008483890382244294,0.01484553424885724,-0.007800103401714332,0.002440366270948237,0.22134765262969366,3.0012335853076872,2.3660971272875915,-1.7818383786568985
-0.00846820344759292,0.014840777316431632,-0.007791775629351155,0.0024654056692784347,0.21999116766724583,3.0168483059357762,2.350943679792539,-1.7972560316274426
-0.008452577686180253,0.014835820045649761,-0.007783672368376206,0.0024905163881637914,0.2186571311678542,3.0326165504686124,2.3358269145589934,-1.8126749489143095
-0.008436975663509318,0.014830602268119783,-0.007775854025581634,0.002515816376680243,0.21735083937136482,3.0486714649719393,2.320730909305567,-1.8281796013856828
-0.010141341239237567,0.014998001866155195,-0.008329860542273417,-2.3553009528671368E-4,0.27587652280866565,1.0508095084816231,3.366674264678822,0.19226509209185702
-0.010125641080081592,0.014998421182633165,-0.008330559770079059,-2.0934871287883616E-4,0.27583228319637887,1.0724547450511968,3.3644683419751042,0.17113261827308893
-0.010133872156801718,0.015012214493812891,-0.00830164632769575,-2.2169806369001007E-4,0.26973995854045424,1.0544199433509804,3.3466844430668146,0.17528112008314078
-0.010172736759216247,0.014997015310364325,-0.008328214097449603,-2.8792649648199867E-4,0.27807414569633404,1.007585205708797,3.3707381875519586,0.23488296446915669
-0.010157039844353498,0.01499753324023817,-0.008329078497762188,-2.6172843591353327E-4,0.276817946383528,1.0291696392508165,3.3687575163430554,0.21353687083705894
-0.010165415835652896,0.015011310605046775,-0.00830001873004141,-2.7393022292554356E-4,0.2682205965834768,1.0114840415883426,3.3509205311944537,0.21727001230710005
-0.010149643260929486,0.015011808791368706,-0.00830083274588221,-2.4781081648700263E-4,0.2690526792513999,1.0329589890092192,3.3488396763001735,0.1962505739618622
-0.01018843184700263,0.014996448082291579,-0.008327268198275953,-3.1409971127997E-4,0.27846456443270395,0.9860718054143343,3.3726198879243525,0.25619265798437973
-0.010181167242654958,0.015010715847647788,-0.008299215622559251,-3.000237026281193E-4,0.26749303302513505,0.9900202522333156,3.3529313649048915,0.23834254430774168
-0.010204124970286515,0.014995831562063067,-0.008326241214979803,-3.4024023512886176E-4,0.2774829737945928,0.9645938459430788,3.3743921668946033,0.27739173810825407
-0.010196885833663053,0.015010053985273554,-0.008298369196819014,-3.2607063272764423E-4,0.2671109147107475,0.9685836500854119,3.3548375903821017,0.25943911882719317
-0.01021981599104591,0.014995165756016561,-0.0083251326042298,-3.66365327510831E-4,0.27604714544464193,0.9431015595473152,3.3760462088289596,0.29849592593449403
-0.010212586190328448,0.015009363911283083,-0.008297403416929522,-3.520877328269467E-4,0.26698146418671076,0.9471609108082993,3.356587933280642,0.28052820938199313
-0.010235504770669994,0.014994450670793703,-0.008323941829874294,-3.924893070717896E-4,0.2747592442422492,0.9215734152471425,3.3775727976785466,0.31955114109445953
-0.010228293798372522,0.015008656838579245,-0.008296292794178468,-3.7811183725395967E-4,0.2668525259718196,0.9257270818374171,3.358167221501855,0.3016121148051412
-0.010244017940066788,0.015007926633321443,-0.008295047094888784,-4.041570835007109E-4,0.26665549855904985,0.9042730993965663,3.3595875640596478,0.3226985125842617
-0.010251191169966168,0.01499368631334919,-0.008322668727778187,-4.186159855911619E-4,0.27359870832574207,0.9000098412977623,3.3789616563342055,0.3405918039444345
-0.010259751247856745,0.01500716656095937,-0.00829368009702397,-4.302116249552536E-4,0.2663531783597058,0.8828064793372424,3.360859156283095,0.343777261236834
-0.010266875049167084,0.014992872690959788,-0.008321313027011872,-4.4474992553839823E-4,0.2728865569369954,0.8784183887322398,3.3802107536854873,0.3616586117984269
-0.010329582549946167,0.014989125709257183,-0.008315066463535319,-5.492919191185902E-4,0.2719076540063877,0.7920025645842416,3.383838717492575,0.44641740657862244
-0.010338369740085928,0.01500257265133708,-0.008285711693115774,-5.604023243008161E-4,0.2637227413834024,0.7755271660825659,3.3654598057788507,0.44912259904223556
-0.010313910160050264,0.014990136311907444,-0.008316751423851342,-5.231612687906221E-4,0.2721032579639089,0.8136057059706379,3.3831311648225175,0.42515187477390987
-0.010322653029891209,0.015003609710690325,-0.008287432065257628,-5.343727030279968E-4,0.2643084788184982,0.7969745061696369,3.364759891456558,0.4280456642516384
-0.01029823468538191,0.014991097682117146,-0.00831835421026913,-4.97026493780501E-4,0.2722743980711597,0.835208911583258,3.382293993378829,0.4039378459417425
-0.010306939885122615,0.015004586478030118,-0.00828909012793855,-5.083505343895387E-4,0.26485852734161147,0.8184158897108585,3.363947056365596,0.4069841913910121
-0.010282556267937627,0.014992009811233265,-0.008319874769030934,-4.708887286561222E-4,0.27253994845849977,0.856813955486094,3.381321415470899,0.38277415472530363
-0.010291218172583631,0.015005503358672434,-0.008290687367443832,-4.823160616789879E-4,0.2654015706042607,0.8398700627839991,3.363028186659364,0.3859203558398318
-0.010275486465757253,0.01500636247735187,-0.008292219568610011,-4.5626652868608193E-4,0.26591202586886653,0.8613364768128778,3.362000515057737,0.3648496146517
-0.009780184008954095,0.014995165756016561,-0.008325132434775893,3.663637557956563E-4,0.2838493812398646,1.5434686038937435,3.2828855592069117,-0.2891682411428901
-0.00977177178602462,0.015008829268550433,-0.008295810890270096,3.780362494264045E-4,0.2761885818054381,1.5442108942494428,3.2613256293952957,-0.30351135426224735
-0.009795875029713488,0.014995831562063067,-0.008326243110222233,3.401884819022873E-4,0.2847017568787738,1.5221977461549538,3.2879174437787397,-0.26835098254531947
-0.009787532576084166,0.01500953385983767,-0.00829694348645131,3.519351094005904E-4,0.2757365329443806,1.52307929916799,3.2664159639413257,-0.28294396880906025
-0.009858658760762435,0.014998001866155191,-0.008329859318086608,2.3558160459061705E-4,0.28254321517412384,1.4372721977739868,3.30684519574449,-0.18537587508468567
-0.009866189441083336,0.015012163436198258,-0.008301652508052081,2.216636874245885E-4,0.2750013003371921,1.4172273632982746,3.2901152903303026,-0.17955830683350113
-0.009842960155646504,0.01499753324023817,-0.008329079114728601,2.617202068176493E-4,0.28407630315153093,1.4585381084743425,3.3023160479337204,-0.20603922520318582
-0.009850476628440897,0.015011696756056835,-0.00830095287961548,2.4769381674189607E-4,0.2750078535315237,1.4384275532543411,3.2856855209725553,-0.20024681785048307
-0.009827263240783757,0.014997015310364325,-0.008328216606831145,2.878608784095491E-4,0.2851206465088122,1.4797516820939538,3.2976443747206425,-0.22673988356401664
-0.009834767969647155,0.015011215959774222,-0.008300103689607844,2.73715100966067E-4,0.27490746436917757,1.459596256741255,3.2810811872962033,-0.22094156276496982
-0.009811568152997377,0.014996448082291579,-0.008327271273842576,3.140176897919825E-4,0.28524260905057947,1.5009598978900034,3.292839426921468,-0.2475196284151021
-0.00981904220580619,0.015010711567120647,-0.008299121142665454,2.9975935232839885E-4,0.27499344542596527,1.4807609337481773,3.276315809220169,-0.24164094426589974
-0.009803293810128571,0.01501015783103768,-0.008298054023550876,3.2583687738896864E-4,0.2752918261124959,1.5019261879222185,3.2714183662292435,-0.26231755601986323
-0.009873797810288007,0.01502672890554936,-0.008273384493058207,2.0771087834896857E-4,0.27277132355632444,1.3906594927324865,3.273510225353833,-0.1671073803157237
-0.0098895763650204,0.015027171426380216,-0.008273867237871926,1.817361788814184E-4,0.2725736971814918,1.3694845332746535,3.277648707102617,-0.1464924738671901
-0.009905318233935064,0.015027435710813802,-0.008274522987122597,1.5583060715285935E-4,0.2723292844984441,1.3484706659334043,3.2818205430146308,-0.1259077360962745
-0.009936672110292066,0.015028060088465682,-0.00827509444414516,1.0421805775379966E-4,0.2715795565912518,1.3062970773622826,3.289441973100065,-0.08479949379382905
-0.009920989887545128,0.01502768494959226,-0.008275023937898794,1.3003663068580183E-4,0.2719666428454966,1.3274884603780304,3.2858062456154182,-0.10537791293823996
-0.009715779962347322,0.01502025355282006,-0.008262651885611157,4.6777925453335786E-4,0.2746762846072563,1.6009784273242456,3.2241868871852524,-0.3723014948274241
-0.00973162569042281,0.015021172481964905,-0.008264010221997962,4.416922327681998E-4,0.2745470489896242,1.579928818821051,3.229649909073483,-0.35182665746973596
-0.00976332456870645,0.015022865212256322,-0.008266467669192366,3.895086726993541E-4,0.27420420027098585,1.5377440548599444,3.2401890400402924,-0.3107794137896784
-0.009747480604988873,0.015022027059961677,-0.008265315208089694,4.155938177250143E-4,0.27437736454379896,1.5588592753017105,3.2350072590186163,-0.33131215054447577
-0.009952436246010022,0.015028463385437429,-0.008274932850635207,7.826733380652006E-5,0.27128915355249883,1.2849147111520576,3.292871521125234,-0.06409823373568317
-0.009968284659329193,0.015028736548263727,-0.008274853704981357,5.21862791858283E-5,0.27110372321671833,1.2635002694779927,3.2963010985935015,-0.04328203070275576
-0.010031415039578107,0.014999901308554829,-0.008333025430689842,-5.239089043932387E-5,0.2814178425424352,1.201536135884738,3.3482304035664545,0.045300080104919115
-0.010023655716824263,0.015013860903309202,-0.008304638064095425,-3.9145099805918384E-5,0.27119272504535347,1.204266639040193,3.327917345568213,0.02849274536704362
-0.010047121697559919,0.01499977794963127,-0.008332819906090878,-7.853775924269179E-5,0.27989511222342156,1.1800948375904545,3.3512642947934097,0.06626931280008513
-0.010039397170956737,0.015013722511981778,-0.008304557146203519,-6.522336430955706E-5,0.2712948560191617,1.1828939873060467,3.331047025102098,0.0494623589893545
-0.010015887308393872,0.015028227498879845,-0.008276180500003427,-2.614983050880413E-5,0.2705485495729945,1.2001184805499638,3.3071960332644355,0.019300372503720464
-0.010000069104901343,0.01502858124778293,-0.008275553549054642,-1.1243588763690158E-7,0.2708285395482713,1.221073300691309,3.3035241246232765,-0.0015172042853221735
-0.009984184869262116,0.015028790964147914,-0.008275031201139559,2.6024994123685563E-5,0.2709784306487295,1.2421793383490465,3.2998373190201,-0.022394747044029342
-0.009250809200221064,0.014988159992029161,-0.008151747990934627,0.0012242945722264885,0.26772715279724846,2.180253589564565,2.987235026927021,-0.9513220106624295
-0.009345168324961893,0.015000622799053611,-0.008175201852759974,0.001070498337784986,0.26942745191317163,2.062776675790601,3.0410629257708166,-0.8364163184826438
-0.009329424695776932,0.014998597974109804,-0.00817163421774948,0.0010962009637924678,0.2692203524890738,2.0825906763047697,3.0324783901524412,-0.8557298306923727
-0.009313715516216148,0.014996484675323959,-0.008168075532482116,0.001121867432560285,0.26898538670884536,2.1023792954953273,3.023834060622328,-0.8749753188520025
-0.009298058521740765,0.01499435168908767,-0.008164401482324002,0.0011474360304708064,0.2687513434749644,2.122029266960837,3.0150655530311936,-0.8941062866340089
-0.00928240887752503,0.014992215882260846,-0.008160557062155778,0.0011729684540231586,0.26846137739383497,2.141559382079372,3.006122177265734,-0.9131648758940788
-0.009266707544383796,0.01499016760271541,-0.008156335530295178,0.0011985056492059378,0.2681335368665698,2.160898476861394,2.9968632305857827,-0.9321775333820522
-0.00888786569045196,0.014903598745342243,-0.008070039704622932,0.0018302646954390359,0.26097803825434346,2.6477338184043195,2.7557679228126832,-1.3889752356153033
-0.0088725852898102,0.014900152794371969,-0.00806418454353469,0.0018553718800158013,0.2603265818344087,2.665660802427102,2.743711879413112,-1.406410587538003
-0.008857228380969357,0.014896711382724264,-0.00805808220533444,0.0018805439815286612,0.2595825088834036,2.683478726589802,2.731414131008469,-1.4238103294989923
-0.008841794040311214,0.014893161757555765,-0.008051939432153099,0.0019058716112624497,0.25873417377775215,2.7013845445506957,2.718967434207148,-1.4412598870111746
-0.008907491351452456,0.014923273165363562,-0.008048702590953251,0.0017860060590574854,0.2572363544776133,2.598653635496913,2.7570397723446356,-1.3564191887108235
-0.008892290589283973,0.014919569593590531,-0.008043679926965974,0.001811089552787285,0.2566320217579386,2.6170008601590102,2.745657730625965,-1.3739298361220647
-0.0089229111051875,0.014926839945819427,-0.008053975986564614,0.0017606757492874077,0.25786427065108164,2.5802281080828275,2.768583395573206,-1.3386998305365967
-0.008938465858156554,0.014930111164479419,-0.008059729182338876,0.0017353363649008104,0.25855686126110194,2.5620498174895086,2.780355722271979,-1.3209524912337962
-0.008954028791229316,0.014933140070582227,-0.008065764653050764,0.0017101246187392843,0.25929980963638716,2.5441194329943677,2.7921940925800275,-1.3032581713597595
-0.008984979951917417,0.014939818526039069,-0.008075994915817475,0.0016593777754045416,0.2604890862112015,2.5069175012115,2.8146158064132405,-1.2673644595235702
-0.008969498856721905,0.014936287344623975,-0.008071328143250234,0.0016849180902507258,0.2599745712539046,2.5259141265517253,2.8036698111706273,-1.2854831307805858
-0.009234748078617511,0.014985881972050127,-0.008147412146010889,0.0012504466058076045,0.2673815036956216,2.2000428563623173,2.9775994362786657,-0.9706976262904005
-0.009218767613109066,0.014983257940247949,-0.008143604477039353,0.0012766338033916179,0.2671047262259167,2.2201365145148375,2.968214282900295,-0.9900692486329045
-0.00920296870484725,0.014980506904393127,-0.008139958845922488,0.001302586774682329,0.2668398812623445,2.240116882688167,2.95891841071619,-1.009227525071777
-0.009094006161101516,0.014961165714588005,-0.008110483538422837,0.001481059939217211,0.2641906058853689,2.3750850814595936,2.8901348479369093,-1.1395964677865156
-0.00918730910335041,0.014977671003117537,-0.008136373887757,0.0013283506288384664,0.26657543224577807,2.2599678793900035,2.9496376494577494,-1.0282035313822944
-0.009171769790737137,0.01497472715841137,-0.00813288692478993,0.001353971362160429,0.2663199279170532,2.2797477972813067,2.940382713367659,-1.0470339808855742
-0.00915637756561136,0.014971748616675412,-0.008129376228347864,0.0013793666097533536,0.2660507162975377,2.2993240836505215,2.931097997796844,-1.06565659401482
-0.009141051007018078,0.014969130322389675,-0.008125035146480655,0.0014044171306486688,0.2656457468112061,2.318167368837118,2.9213083868853214,-1.0839553146361551
-0.009109725390308106,0.01496426948582142,-0.008114677247582148,0.0014552050446068234,0.26456884824538257,2.3555066965914437,2.9002717481579356,-1.1208439942380162
-0.009125512073723615,0.014966858735816045,-0.008119718784615705,0.0014295429344981434,0.26507356782714947,2.3365422100988145,2.9108136642741935,-1.1022222592064015
-0.009016621900741277,0.014946519151014227,-0.008085955177436314,0.0016074518048041877,0.26156407302844764,2.468535438433417,2.83692214985783,-1.2304080510319102
-0.009000710933366407,0.014943405759211771,-0.00808055448941753,0.0016333965995709557,0.26097060333446803,2.487484525448511,2.8255515046934767,-1.248875443728805
-0.009063301264845098,0.014954702351978447,-0.008102529119804731,0.0015317505498338585,0.26344808336626535,2.4136155671495243,2.870196829494544,-1.1762515257483204
-0.009047963570211336,0.01495193406022486,-0.00809741230265197,0.0015567205294193568,0.26287068251582285,2.4319344946234813,2.859510245944623,-1.1941834160884008
-0.009032416183600176,0.014949268957491359,-0.00809177934396275,0.001581893972238131,0.26224319393248346,2.450133171680396,2.848367882445953,-1.212189228527331
-0.009083280923837556,0.014974303008659233,-0.008078381876200512,0.001488674088502369,0.2598128974868587,2.3642007097595403,2.8678683361901474,-1.1435368935575603
-0.009068334175206328,0.014970319533522557,-0.008076115653310826,0.0015137390946954557,0.25966647548885874,2.38408842042406,2.8590723943418115,-1.1617059577753837
-0.008707441623851125,0.014875190820210514,-0.007967437675154275,0.0021123450169757163,0.24628880068538986,2.826920130015008,2.5935130673794444,-1.578732562819141
-0.008753844985942642,0.01488602700497036,-0.00798954187272624,0.002037633295769928,0.2494378043342469,2.77698347355483,2.6341633880977255,-1.528991769122683
-0.008722926931024283,0.014879242658470427,-0.007974198251502036,0.0020870753725557,0.24724686826725015,2.809642529205117,2.606888780304715,-1.5619110567284322
-0.0087384364593069,0.014882653040356103,-0.007981970069852443,0.002062297412576804,0.24835960780928049,2.793338351467843,2.6206355915413706,-1.5454549473753216
-0.008695653736258298,0.014888091787581393,-0.00793328389571648,0.0021168165087362104,0.2414897982568757,2.810871139504347,2.5712199230785386,-1.5785479785290697
-0.008665872792735669,0.01487806573540866,-0.007923674247135304,0.0021669790836978914,0.24004778691873765,2.8471891538040324,2.5467614367788625,-1.6119906472884387
-0.008680525871187245,0.014883064215459015,-0.007928372370943784,0.0021422495943329675,0.24075399046438206,2.829267481044878,2.5588356145292277,-1.595523950238835
-0.008650801378219514,0.014874495232780068,-0.007915854402949264,0.0021908990776287256,0.2389244971766157,2.8626078647614794,2.533035958731205,-1.627547405892986
-0.008634722691524493,0.014871954102942028,-0.007905066398839493,0.0022151375690466625,0.23730691448676824,2.876520931299487,2.517373217227135,-1.642935295660496
-0.008656147939307277,0.014888732588246795,-0.007895467460285166,0.002170206047097132,0.23604788391234224,2.8336243328216666,2.528574494022177,-1.6114487796012207
-0.008784352594782175,0.014894007001630474,-0.008001627401103648,0.0019875057816279855,0.2511153655468981,2.7417789593093835,2.6594097588439425,-1.495086318079794
-0.008799727605300078,0.01489793880637809,-0.008007615068810843,0.0019622602391992966,0.2519239927868208,2.723962641152091,2.671949809247574,-1.4779173883502905
-0.008830811791967695,0.014905774361801615,-0.008019383180422694,0.001911195297660829,0.2534682562920528,2.6876688921938654,2.696880564035346,-1.4429860273089918
-0.008815218937766838,0.0149018773598477,-0.008013509017451187,0.0019368030596230727,0.25271316575419517,2.705893998941051,2.6844336693357387,-1.4605337184036538
-0.008758161516226182,0.014901810881414769,-0.007964512129084054,0.002017647830841632,0.2459152154720821,2.745829409487129,2.6260918597047263,-1.5128791578585477
-0.008773072107367655,0.014906320859580388,-0.00796927991345779,0.0019927777924339117,0.2465636514612858,2.727710148248221,2.637829528197028,-1.4959875557030273
-0.009376576926041854,0.015004357955606255,-0.008182375771706473,0.0010192844514141505,0.2698680556990833,2.023338410508486,3.0579924309800055,-0.7978163586990609
-0.00936089716471548,0.015002536927123103,-0.008178798903594573,0.0010448443864304383,0.26966204959647694,2.0430228185233967,3.049581298171621,-0.8171013887074764
-0.009423501856157087,0.015009500455345605,-0.008192611773512944,9.4277057553615E-4,0.27045020717200735,1.9641960612594216,3.0824356393106522,-0.739856431861356
-0.009407938971273226,0.015007763394006496,-0.008189457516750001,9.681851977980414E-4,0.2702872701045363,1.983963878525426,3.074545834753605,-0.7591498968514561
-0.009392272915571554,0.015006112250830747,-0.00818591177271489,9.937014321979105E-4,0.270091891979297,2.003621053863874,3.0663096299726806,-0.7784783805258494
-0.009429767383817024,0.015024849216846234,-0.008165012899432805,9.265085210954513E-4,0.26655171571607866,1.9365426477695369,3.0685346769232598,-0.7269857154759508
-0.009470869686248383,0.015015428282336533,-0.008199859713608995,8.650500872767558E-4,0.270518034462713,1.902584934317418,3.1045655927127354,-0.6806253477578199
-0.009454896307134223,0.015013753652505972,-0.00819695814038886,8.911459647492512E-4,0.2704366836884389,1.9230245703239428,3.096910890033422,-0.7005422966224222
-0.009445245916101701,0.015027785402067785,-0.008165504334435561,9.008836148421095E-4,0.2663397072059878,1.915320510682507,3.0746440732771245,-0.7074768251611631
-0.009644807574267084,0.015030480642238676,-0.008225726657154904,5.807693429939718E-4,0.2706072043652015,1.6776227739188825,3.179461229761649,-0.46135742886679615
-0.009675775161646354,0.015032003985233855,-0.008230327253839395,5.302663957628379E-4,0.27060886377075694,1.6377973826767607,3.191849809018144,-0.4219918031933818
-0.009660360247308444,0.015031200180128072,-0.00822821469971957,5.554260648974748E-4,0.2706241771028077,1.657718056267712,3.1858294777948157,-0.4416149085598276
-0.009706861895992824,0.015034450552819927,-0.008232417437619184,4.7930961907863235E-4,0.2702404449096138,1.5964477059629767,3.202402374514398,-0.38220082872490774
-0.009682534124973857,0.015046747833022985,-0.008202569421103272,5.159205202107981E-4,0.2667803707763104,1.6124663431005712,3.176496049600455,-0.4109383345538484
-0.009697697718819226,0.01504863981015398,-0.008202206457061411,4.910678490587313E-4,0.2664312290187047,1.5916821281583895,3.1807397892292,-0.39156773464178096
-0.00951799689395526,0.015019348268937157,-0.008209355963645444,7.88297110779439E-4,0.2709337680548285,1.842975505963748,3.1272873356959305,-0.6218227084809672
-0.00950250661903935,0.015018008186263537,-0.008206515479004016,8.135690970432747E-4,0.2708314706701039,1.8627403619522818,3.120059329372163,-0.6412210023147918
-0.009486794514068447,0.015016756559538623,-0.008203242281536127,8.391393617844985E-4,0.27068417290680274,1.8825445270325443,3.1124196494299246,-0.6608113903163274
-0.009524449732922078,0.015034364448261952,-0.008181896496576205,7.727974902665837E-4,0.2670814295868544,1.816320833158189,3.112942306986685,-0.60965784934814
-0.009539502146209885,0.01503701614635143,-0.008181733578610474,7.479230491537818E-4,0.26676646418429234,1.795467134581308,3.118035639746942,-0.5905325106328049
-0.009555168533894523,0.015039637565811734,-0.008181661848208956,7.220923220831256E-4,0.2664634393933738,1.7738833583908507,3.123306608908661,-0.5706532836470194
-0.009571364769966334,0.015041887133922982,-0.00818230879877993,6.955435214100269E-4,0.26625310364657734,1.7520678891602977,3.1291033816076617,-0.5501970842874432
-0.00958814001696531,0.015043637660716725,-0.008183923069984708,6.682220834974489E-4,0.2661363118660665,1.7300946539560285,3.1355912539292192,-0.5291191221407026
-0.009604670792293593,0.015043662206677973,-0.008188677473225797,6.417721204044833E-4,0.2664913484274369,1.7103866008385908,3.1438373712574155,-0.5086916042306139
-0.00963657795076033,0.015045093603379169,-0.008194565192007215,5.902288670470878E-4,0.2666511700742205,1.6703536363031348,3.1575409557666743,-0.4687563325955913
-0.009620795794628087,0.015044467947886471,-0.008191580195701447,6.157144234712124E-4,0.26653719749245636,1.6900940821129236,3.1507571193151525,-0.48850590558048346
-0.010751038364750519,0.014943272334665861,-0.008238650250866383,-0.001251678116626929,0.25748947425974417,0.21328614610460353,3.35664843686603,1.0179617183098102
-0.01076091989806159,0.014955889074327926,-0.008208534747166108,-0.0012602939124545345,0.25091772591547273,0.19966583455469353,3.337168918129372,1.0179351806892611
-0.01076656472721855,0.01494088843417703,-0.008234678069483263,-0.0012775486657297724,0.25674527797237334,0.19202386288260553,3.3538898072047694,1.038935707153069
-0.010673300816346347,0.014954459204666778,-0.00825729118857399,-0.0011221381008454485,0.2605445709959401,0.3195673840560411,3.3684906591664547,0.9123401440767424
-0.01066740168539229,0.014969444019123833,-0.0082306530880131,-0.0011053498988036385,0.2537850658490666,0.3267326259176247,3.35113056259199,0.8919821751440499
-0.010735504747544684,0.014945607421372954,-0.008242537189612651,-0.0012258214203586903,0.2594189229754167,0.23451493973458917,3.359249999994807,0.9970335124167266
-0.010745348561303901,0.01495821582245867,-0.008212525325406133,-0.0012345223142030228,0.25122397054492396,0.22077177613747337,3.3398644578103442,0.9970416106240446
-0.010719964030119584,0.014947893672597863,-0.008246342011071819,-0.0011999582261990542,0.2616152158652084,0.25571211603743604,3.3617116175875754,0.9760351937185335
-0.010729786785479513,0.01496053332637523,-0.008216352981500275,-0.0012087406270339157,0.25127097608029564,0.24190589270077667,3.3423881921472707,0.9760677881641403
-0.010704416366638627,0.014950131067195255,-0.008250069975669792,-0.001174052347118342,0.2621583206713531,0.27692749768315406,3.3640597824034995,0.9548740186966086
-0.010714222368569273,0.014962853822030796,-0.008220002613711573,-0.0011829288075117497,0.25148340064957003,0.2630744615886456,3.3447313533798986,0.9550189159209334
-0.010688861910903293,0.014952319584569097,-0.008253721133423162,-0.0011481023743202005,0.26123117371766397,0.29821258161998065,3.3663197537106817,0.9336015254542173
-0.010698637390946722,0.014965135268759491,-0.00822356049854782,-0.0011570840730855422,0.25215863820337603,0.28427487325962825,3.34694870047487,0.9339670482446166
-0.010683026750426499,0.01496733235546622,-0.008227112034795238,-0.0011312197576968162,0.253026921519776,0.3054989241314648,3.349083668779366,0.9129588200348547
-0.010470471553061363,0.014977816440745884,-0.008296218030131879,-7.841066963513166E-4,0.26822749236612264,0.598276189393505,3.3849427262761327,0.6374402557745628
-0.01047961632343561,0.01499089077302704,-0.008266806078639373,-7.943944056160462E-4,0.2596916457180754,0.5826236070700208,3.366165330299682,0.6393197994104775
-0.010486105170072863,0.014976314074054054,-0.008293717457733366,-8.101283711601676E-4,0.2664170436279073,0.5768141432638405,3.3844799760503723,0.6584414345917733
-0.010495280425761151,0.014989394043090172,-0.008264210204074196,-8.203323349627972E-4,0.2596126277091866,0.561249380620063,3.365565339354329,0.6604193589425912
-0.010501734106237882,0.01497476259600774,-0.008291135178161773,-8.361415476138698E-4,0.26419362194816187,0.5553021325833702,3.3838506222138762,0.6794015376325012
-0.010510954383691469,0.014987893517739227,-0.008261441433202885,-8.462651730244795E-4,0.2593955502846845,0.5398892398732139,3.3647985114279533,0.681441780883908
-0.010517358213536655,0.014973162020172496,-0.00828846824354315,-8.621750565198093E-4,0.26305668162940565,0.5337224961204341,3.3830426046364175,0.7004573488743343
-0.01054859134717669,0.014969813631697157,-0.008282878203987053,-9.143187711083387E-4,0.2657075687905617,0.49055565300460846,3.3810013929234235,0.7431344493067241
-0.010532977343492103,0.014971512360572392,-0.008285715093681083,-8.882424678285551E-4,0.26392936534144557,0.5121134721038049,3.3820798347270293,0.7217173743975681
-0.010542360211715405,0.014984712713441208,-0.008255689089071983,-8.982164453818098E-4,0.2576300227295772,0.49713006866752146,3.3629291789417235,0.7234609873826692
-0.010526646933627282,0.01498635263190883,-0.008258564634833182,-8.722171097316489E-4,0.25870579789042486,0.5185241917230541,3.3638994046709967,0.7024247706698342
-0.01061099310527128,0.014962528329925276,-0.008270739441758108,-0.0010182960655642323,0.2630585519461982,0.4051395784138458,3.375810325809429,0.8280107330203325
-0.01062053924193057,0.014975389961293368,-0.008240935696119537,-0.0010277899901920443,0.25534378120577256,0.3904559549502218,3.3566452111068124,0.8290609355736328
-0.010595401104716106,0.01496442318144846,-0.00827389293399558,-9.923476700286153E-4,0.2651738833661343,0.42645371740995347,3.3772657021397143,0.806999037915643
-0.010604952293407357,0.014977299555936524,-0.00824413194924898,-0.00100197149979901,0.2554306870780401,0.41170347074701535,3.358205421406072,0.8080315020912924
-0.010579803377811692,0.014966269026450154,-0.008276966321805015,-9.663772557097812E-4,0.2666072000855451,0.4477547013081263,3.3785981936469374,0.78586093390699
-0.010589364098366277,0.01497920812022351,-0.008247156142669661,-9.761295761782075E-4,0.2555228440359762,0.4329841816633931,3.359588810098288,0.7869305449098948
-0.010564200075219219,0.014968065848509118,-0.008279961333572661,-9.40368866919214E-4,0.26681349829762424,0.4691047529465015,3.379837918543154,0.7645578849201634
-0.010573742301439861,0.01498110391344594,-0.008250043381441412,-9.502221848100009E-4,0.25587117267414655,0.45432268164293044,3.360812359603407,0.7657687648703253
-0.010558070009864091,0.014982953435161483,-0.008252862288164985,-9.242386007479784E-4,0.25658723725859695,0.47571605225925145,3.361910487618843,0.7445900253851038
-0.010661498350226757,0.014984898432346827,-0.008203793840546718,-0.0010886376144797615,0.2524711345903459,0.32713354829231417,3.331604705686225,0.8782114379840485
-0.010630153458674838,0.014988658395440514,-0.008211056787667688,-0.0010371904544249982,0.25345592934026523,0.36958140279604534,3.335636977513126,0.8364681053331519
-0.01064580128672571,0.014986824710268245,-0.00820743643322989,-0.0010628672721432113,0.2529381685080196,0.34837501224313144,3.3336599225456633,0.8573015402729974
-0.010392238403124528,0.014984591160277273,-0.00830751031206005,-6.537033122422172E-4,0.26967821939366,0.7058115025492997,3.3855457163335814,0.5314284909943253
-0.010385517959800571,0.014999074771804998,-0.008280228753794486,-6.38517892140355E-4,0.2623512876106375,0.7111561484933774,3.3668918332769358,0.5125564311724298
-0.010347239405818642,0.015016400181572201,-0.008256319702281424,-5.715031734802887E-4,0.2621730780039249,0.7523155554854505,3.3458923260504325,0.4586923364400372
-0.01037880566081457,0.015013884873722683,-0.008253021756774793,-6.235216385433976E-4,0.26130791457572583,0.7097263867585036,3.347037318857577,0.5008373289290616
-0.010363040914641082,0.015015203052032217,-0.008254637561984619,-5.975312344910773E-4,0.26177839879635373,0.7309758043893716,3.3464779533626476,0.4797724737813733
0.01498202874376549,-0.009576455909857678,-7.058799285658593E-4,0.008303239648415263,0.30203314228488143,0.5738712150923697,-3.384975619002683,0.6564508458254471
0.01499522677362477,-0.00956743604920803,-7.164169497271704E-4,0.008273572989084923,0.29469546810544683,0.5770239285466222,-3.3668406824353867,0.6396829010653752
0.0149806737880534,-0.009560809133749612,-7.319378841972715E-4,0.00830098313630014,0.3005734820853052,0.5951160339421431,-3.3855178303357008,0.6352577229435197
0.01498333453830101,-0.009592106779443133,-6.798071962703225E-4,0.008305414894606329,0.30277041494504214,0.5526094505786445,-3.384283248491123,0.677609741264051
0.014996550275062602,-0.009583131611285977,-6.904235899362637E-4,0.008275812096787698,0.29479458084972615,0.5558029957193394,-3.3662375882472175,0.6607272020840546
0.01498459116027727,-0.009607761596875476,-6.537171552901639E-4,0.008307509138787895,0.302872706184678,0.5313309273622481,-3.3834591799561493,0.6987545876618976
0.014997837331922234,-0.00959882048302792,-6.644374001941563E-4,0.008277941416324363,0.29510155551999273,0.534588002263701,-3.365503529570262,0.6817623250641254
0.014948092161339353,-0.00910401049247554,-0.001474325466877007,0.008142144763045906,0.28911690102133386,1.2004054048124837,-3.3080236737791693,0.010695594914027716
0.014950904901089744,-0.009119547235763262,-0.0014487483394923625,0.008146710753115002,0.2891031565174389,1.1793696206783426,-3.3110546240536523,0.03135355132539868
0.014953675159336372,-0.009135100978317838,-0.0014231406736288524,0.008151189449047927,0.2891225231764529,1.158304435306288,-3.313958537987291,0.05204218822885087
0.014961291824833972,-0.009093100294115392,-0.001482361759568523,0.008109739367262518,0.2857533797372376,1.2047205486827384,-3.2856026370263254,-0.007778244227413499
0.014956428890856245,-0.009150690118382885,-0.0013974583289798395,0.008155541385181741,0.2891366840456368,1.1371771522340142,-3.3167055878112954,0.07277297823677392
0.014959132342984354,-0.009166351906594225,-0.0013716653258118436,0.008159853067344515,0.28913112666020263,1.115959286861292,-3.319355710007114,0.09361092433692259
0.014961719949480952,-0.009182074063415148,-0.0013458190196849254,0.008164241721084825,0.28912551604880504,1.094700064852634,-3.321991279413116,0.11456526189942813
0.014968793037164106,-0.009229136907734749,-0.00126865010188855,0.008177589506434354,0.2893039005279912,1.0312418128781344,-3.3296243079012418,0.17749968562526064
0.014964182014123853,-0.009197798319522912,-0.0013200121178919327,0.008168691459469133,0.2891456692937712,1.0734751200117538,-3.3246014987448973,0.13556195638764226
0.014966534030234192,-0.009213490313190839,-0.001294286169467612,0.008173153607884889,0.2891988294713177,1.052319698906012,-3.327154439529935,0.15654832380725
0.014977935192915612,-0.00929155755522236,-0.0011660030176842728,0.00819323611829477,0.28993932449456755,0.9468931822169956,-3.337367312079684,0.2608412445951407
0.014975656147013504,-0.009275908034463286,-0.00119177119703739,0.00818955876975949,0.2898240076327791,0.9680559268402443,-3.335697552342944,0.23997777295208492
0.014971027714887694,-0.009244734706524595,-0.0012430703196437583,0.008181865694686359,0.28947538735053796,1.010213425006217,-3.3319168309372365,0.19838004433719578
0.014973322701866439,-0.009260309847999169,-0.001217462515953836,0.00818583328982752,0.28966864040615453,0.9891643163633738,-3.333925180545316,0.21918460871967518
0.014977816440745884,-0.009529528446938641,-7.841078833506439E-4,0.00829621755611634,0.3014566654500198,0.6378995134656515,-3.386190515978521,0.592790142535332
0.014979269682969046,-0.009545166597241006,-7.58012370817075E-4,0.008298642592022473,0.3002242229828777,0.6164425759906388,-3.385914257233791,0.6140223199521728
0.014992486114789282,-0.0095360141774398,-7.684267329968834E-4,0.008268728764072414,0.2939630069949641,0.619418990276965,-3.3676166177399804,0.5975429665958477
0.014993883336910227,-0.009551731314826768,-7.424133685600573E-4,0.008271190686257313,0.2945282245363066,0.5982182258994876,-3.367289319575025,0.6186235895374398
0.01497151236057239,-0.009467022656507899,-8.882653782719773E-4,0.008285712911430558,0.29963013590591075,0.7233980588556053,-3.386201203015171,0.5082756191361945
0.014984511720398655,-0.009457636094695411,-8.982598045282689E-4,0.008255717239308777,0.2926041282230898,0.7258021912167328,-3.367695529354846,0.49220986502201075
0.014973162020172496,-0.009482641786463353,-8.622530794964981E-4,0.008288460374076923,0.30088416285446185,0.7021173848392364,-3.386385949797976,0.5293992947986007
0.014986168286968448,-0.009473280073787373,-8.723569495069768E-4,0.008258544940170857,0.29273266068339104,0.7045756231398305,-3.367966504265007,0.5132442910460191
0.014976314074054054,-0.00951389482992714,-8.101892051855168E-4,0.008293711259254105,0.3024216043131222,0.6593913834157911,-3.386364370625271,0.5716148844023891
0.014990993552635659,-0.009520296439553471,-7.944554368962878E-4,0.008266271099580324,0.2932545322016637,0.6406817219093505,-3.367872360098255,0.5764487833043299
0.01497476259600774,-0.009498265893762122,-8.362344691683212E-4,0.008291125817495875,0.3020664518590148,0.6808034387296303,-3.3864345889411624,0.5504983885597584
0.014987802504021258,-0.009488927340834943,-8.464364206357823E-4,0.008261239493250373,0.29272073729251313,0.6833089552351447,-3.368082840229057,0.5342870307168598
0.014989418594316432,-0.009504597367809097,-8.204688985314041E-4,0.008263799702268197,0.2928303403103965,0.6619975964168318,-3.36804359280895,0.5553573881674295
0.014992302068642507,-0.009401192592491786,-9.855780718525597E-4,0.008217063640002992,0.29117051814104417,0.7988183187690564,-3.345859280785255,0.4071357554515808
0.014994200652556787,-0.009416798954758627,-9.598705261021203E-4,0.008220023679502106,0.2914519535124875,0.7777453008680877,-3.3465053608184117,0.42792988619713507
0.01499611485660435,-0.009432438206417386,-9.340847835431252E-4,0.008222786826079896,0.2916444019747538,0.756625279627621,-3.346946941298358,0.4487218168724822
0.014997865722162919,-0.009448122070301341,-9.082767480505998E-4,0.00822570962359541,0.29180464069518314,0.7354957223527298,-3.347430068221072,0.46963734255022066
0.01500579315989474,-0.009391613985144537,-9.948895606412872E-4,0.008186315239023497,0.28773342148628017,0.8049574624163224,-3.3256269755650334,0.38723784055916727
0.014993438185934446,-0.009297338708596283,-0.0011490304433039219,0.008165893449560492,0.28672385067125455,0.931268206672062,-3.3182027417024607,0.26244448637672363
0.014995456359399454,-0.009313124290159963,-0.0011233090084334131,0.008169865324646053,0.2869019070415327,0.9101938314208732,-3.3199947825748883,0.28341466858246855
0.014997503072374492,-0.00932886590770455,-0.001097614462431561,0.008173578268144688,0.28707431875260087,0.889132869751431,-3.3215426783337594,0.30429912821356725
0.01500415211420784,-0.009375963594205006,-0.0010203501789096266,0.008182570749907934,0.28747842064477697,0.8257836147534064,-3.3243155418986094,0.3663788337483091
0.015002206208083272,-0.009360239915727311,-0.0010460376786598582,0.00817921298015638,0.2872789180329837,0.8468179900335694,-3.323209295410251,0.3455511930859743
0.014999885426104732,-0.009344551692932333,-0.001071822132644662,0.008176425792535795,0.2871655585034239,0.8679657846599694,-3.3224289340073825,0.32492618789418914
0.014139446402014817,0.014666340714887852,0.004650000330061591,-0.004119252775289282,0.10611241486617681,-1.8664735594441648,-0.49957794004547246,2.388987035785419
0.014122071427034238,0.014842112498509023,0.004607434885047261,-0.003913785030723185,0.0960579537968793,-1.7872165911893625,-0.5513535388743646,2.2710196185877005
0.01424671299828506,0.014500185581567938,0.004570322252536826,-0.004310403521420041,0.1141030655956129,-1.9197729170480327,-0.3830070452940082,2.459693885505161
0.014408316505594619,0.014382840340785488,0.00440019801012907,-0.004426127368927039,0.11604120274814456,-1.92458379438847,-0.24287113168834762,2.4550751199811063
0.014489049670015713,0.014216331395847413,0.0043280064717981575,-0.004610797214118024,0.12477479561632192,-1.9663484171559242,-0.1303800087550955,2.5179589035115417
0.01453689587881075,0.01404874113850245,0.004283920053674391,-0.004805294156715027,0.13369930008909867,-2.01320956022219,-0.027060580326877443,2.59277802855463
0.014618533018441258,0.013898034920574693,0.004184709316544673,-0.004965457736075435,0.14157033614661105,-2.033531502385682,0.09335035911734572,2.6275623129339603
0.014785475249907525,0.013719190497578342,0.00396540062823081,-0.005112914764606639,0.14513108645137607,-2.007579728608604,0.2753625027799507,2.59559133072812
0.014789791695004504,0.013856789335512903,0.003970964877324763,-0.004942171225971467,0.13504559094086985,-1.9651892632739616,0.19956496774082955,2.5190589375043664
0.014840443297892768,0.013586246308928449,0.0038794324204481463,-0.005248272378175776,0.15200973559829142,-2.0142498901922887,0.3786146461837972,2.615795302050278
0.014905579082314064,0.013432546114744311,0.0037681398184869425,-0.005399095898188986,0.15862187313708878,-2.012435913759195,0.5027277012927956,2.6281230762875514
0.01496385249452358,0.013292116029763835,0.0036590509927227205,-0.005532320855881671,0.16450174389349137,-2.0028961522550652,0.6182376741643018,2.630555705844031
0.01498135474680828,0.01318583231144467,0.003603257074425115,-0.0056492470689630805,0.17160667676770822,-2.0064472912368543,0.7003926647983422,2.653038278484972
0.015051879333298896,0.013015509928585287,0.0034519633704973864,-0.005799610922597376,0.17762183255496167,-1.976791318582633,0.8446627309588662,2.635357147215426
0.015036875108551949,0.013105925001771252,0.003506883575606277,-0.005703370490004769,0.17200291494279993,-1.9796740306605225,0.7730149637487845,2.623711961034134
0.015129818871235877,0.01297615686260245,0.003343005629015597,-0.005780901808093003,0.1735052086794939,-1.9268360589393598,0.8897535473562617,2.5648303487254887
0.015155678086967073,0.012895311213200887,0.003275597160981546,-0.005852042437377995,0.17662940909757555,-1.9111552722988454,0.9549284073469978,2.555952189797154
0.015174394969606462,0.012811372897711278,0.0032120074915161995,-0.005931198594508105,0.1811320247723747,-1.896794715346902,1.022501623650778,2.5517188283690513
0.015227420732519915,0.012736110501791159,0.0031122148989891157,-0.005966344774462943,0.18072012831263204,-1.8570297333041308,1.0860802927347002,2.5064053155282386
0.015261454400644527,0.012643854448711236,0.003021929721674215,-0.006035022285541375,0.18324878513199017,-1.8264082235863996,1.1600156475412342,2.4801704968276677
0.01528346108226447,0.012261232040920405,0.0027389509354417522,-0.006417918049454592,0.20366539291339378,-1.742488413798548,1.4705971043846,2.460395839176744
0.015249544854441483,0.012330480324106,0.002826360086899492,-0.0063843807741600245,0.20374827516920613,-1.7834497129314635,1.4165176199728744,2.5038935261936817
0.015271503158748931,0.01254699980086711,0.002951470860173114,-0.006129744915626596,0.18837246725886878,-1.8076148044073477,1.2372510727050738,2.475961229426716
0.015262437404264953,0.012401769806040937,0.0028641386718479384,-0.006294584145024326,0.19800414044149972,-1.78983943574359,1.3553377538796558,2.4901291660998903
0.015244490513411549,0.012477502097012674,0.002935380518428338,-0.006232813337730131,0.19507732049888227,-1.8159778255252923,1.2940418629196662,2.5096800255134686
0.015381925117805343,0.011623010549263735,0.002072441658495783,-0.006887239277516527,0.2227411424934804,-1.4150220837441465,1.9719991701515907,2.1937786315706655
0.015383850647229469,0.011550937228460963,0.0019959206368924155,-0.006942697832900147,0.22560813674191624,-1.3730633955476812,2.028031022688744,2.1614864777475495
0.01537174247620338,0.0117013212680938,0.0021601400259218715,-0.006835925947520071,0.22092054589787022,-1.4635647577445707,1.9134166797468488,2.235584082747644
0.015432463863108137,0.011662518126814807,0.002071031506976545,-0.00678477485430619,0.21444568159158148,-1.4042262287448735,1.9191121779307647,2.150630301116574
0.015388153760614389,0.011785696476038067,0.0022283278898887916,-0.006741069362820201,0.21550401893361057,-1.4945403175001777,1.8391803193769773,2.2447584700742946
0.015313558548465243,0.0119516782722737,0.0024505762773592665,-0.006687957995969346,0.21727251095000757,-1.6187638466606777,1.7259363999541384,2.379138370880056
0.015324795082960958,0.012025862945862224,0.0025054693116694396,-0.0066028522695211695,0.21156233377479214,-1.639528240206092,1.6606395233330875,2.380964267653983
0.015374920326397815,0.011904619512095269,0.0023510440910940243,-0.006652567519337204,0.21097031877169772,-1.5567620220365541,1.7470374933715715,2.294338258188159
0.015412217165558444,0.011846580003423677,0.0022645107312257006,-0.006656084624971527,0.20958661011997565,-1.5068797836381704,1.7817326045544681,2.235286159312682
0.01536895282026096,0.012234728368952235,0.0026324125486474202,-0.006346169702194993,0.1957840112861191,-1.675202426533166,1.4804947620203934,2.3589940592855427
0.015377547173403531,0.012151860046614423,0.0025593560873578354,-0.0064170943814535935,0.19914420050424428,-1.6450883277239938,1.5457107852357035,2.339466910556265
0.015385968073010098,0.012071007155986566,0.002485434501998604,-0.00648432351439848,0.20259318459631284,-1.6125219676614717,1.6092973130844879,2.317018476004176
0.015442290153049158,0.010860034787764048,0.0011518774804681992,-0.007295499069136504,0.23275225083029577,-0.8369933265945199,2.4735384050636497,1.6739935962881687
0.015411488919746683,0.010668837694169247,9.178165478662129E-4,-0.007428217475968543,0.23899198508962885,-0.6768481674884813,2.604486471201433,1.5484321942304133
0.015440647800816304,0.010728086415978937,9.839081480890347E-4,-0.0073561309841399325,0.23436964282213776,-0.7210574787762843,2.548420184784717,1.5698655324700137
0.015446311661016347,0.010787142016452882,0.001057511909002145,-0.007321989913313605,0.23290635130367324,-0.7716320300765701,2.511794009785732,1.6124084159612215
0.015441879569241519,0.010618007264251723,8.39746193984161E-4,-0.007395349486015899,0.23439349765099002,-0.6189303847528932,2.6033327191845697,1.4747294960776829
0.015422263296344147,0.010508180636038748,6.997483572421733E-4,-0.00746355114690716,0.2373741297655388,-0.5194526457536323,2.671806797711316,1.3943150930222923
0.01546804213298071,0.010560834229860004,7.560281590939876E-4,-0.007370062854018071,0.23047143470369139,-0.5571108918630387,2.6069271730853227,1.4001205594677233
0.015454286202478575,0.01045572189682996,6.206987984144281E-4,-0.007423032759908848,0.23228296369127346,-0.45992157802442474,2.6643651168992517,1.3170970580561276
0.01544608312459491,0.01030405483795716,4.179042550665368E-4,-0.007469318743521989,0.23245477025822267,-0.3107470829252658,2.727978195096614,1.1791559545294088
0.015460245795441821,0.010360612118023416,4.917615953382884E-4,-0.007434483698416366,0.2308634882241031,-0.3648708272271946,2.6949221942700876,1.2222895001871132
0.015472721304407378,0.010408447984639154,5.531741556902492E-4,-0.007402991675390991,0.22910502773557603,-0.4094093978622304,2.665628286474731,1.257165558873499
0.015452018081153129,0.011510044447881241,0.0019001912459303046,-0.006877047779197204,0.21722158300759967,-1.3067279812219785,2.0265100771659608,2.064425468674824
0.015390694779593496,0.01135733539239689,0.0017794834515756108,-0.0070790523282797885,0.23080631454376935,-1.246968701139899,2.1735150560334553,2.0590507787588206
0.015412717463967858,0.011292254297900896,0.0016901843560393878,-0.007091437119511923,0.22934616226695861,-1.190073065263906,2.2084583962976603,1.9979119551463753
0.015444732275061445,0.011425747995137287,0.001815951511241146,-0.006949824113236595,0.22077832661007843,-1.2597347645034829,2.0928300534304523,2.032425251523487
0.015424942132132241,0.011110729936702379,0.0014698524163766589,-0.007188834519279875,0.2316560701831479,-1.0499707458574703,2.328139400978427,1.8723489199857866
0.015465411425887322,0.011054182313331736,0.0013787110710303443,-0.007158095102420284,0.22667800072964586,-0.985942056170145,2.337358606994688,1.7907524771187486
0.015476264693338676,0.011250918055391253,0.0016010641976339172,-0.007022897447889815,0.22132170805828752,-1.1257582113903595,2.199683226647941,1.9029935338403787
0.015453532392497582,0.011176363070697618,0.0015299411575206432,-0.0071044948440371755,0.22610171374917373,-1.0844861554081342,2.264789747333015,1.8829532608807764
0.015474643841507643,0.010931482455515092,0.0012250524603768266,-0.007208521374926392,0.2272735271366251,-0.8832189541074914,2.4065699442100636,1.6945387639143676
0.015504819611457782,0.010995821389754239,0.0012875709566732318,-0.007127917125063782,0.22181299378544916,-0.9217076179494247,2.345949163909992,1.7098204530401997
0.015326180595816434,0.009581289143130802,-5.994640829891322E-4,-0.007650544964851783,0.23928591249025757,0.4731256746734637,2.9551799784123207,0.4717955275350359
0.015354522629472282,0.009725434256902992,-3.894417196920185E-4,-0.007631331369805552,0.2379635707269767,0.30741690580990083,2.9277054378804017,0.6233657539857731
0.015385039828469968,0.009849678259841399,-2.1015116892791465E-4,-0.007593727272170787,0.2356562226476567,0.16733946359395271,2.887736364863638,0.7453673711441976
0.015417530853984729,0.009874180662009489,-1.7306222158124145E-4,-0.007538436982999851,0.23161223649977686,0.1387129998857449,2.8504959694324894,0.7525798294464785
0.015391291036442808,0.009800094916426298,-2.7892094370020884E-4,-0.007577085592619923,0.23364238377810229,0.2206264736002865,2.8844397666719854,0.6868407965651127
0.015384406512520692,0.009755022706244822,-3.4293781241787866E-4,-0.007582953220053111,0.234153566411258,0.2706866843259491,2.8939561111451586,0.6404330597533835
0.015373344975405595,0.009682422732009473,-4.4638291293907004E-4,-0.007589782101226958,0.234303267399363,0.3517417569197421,2.906674866935234,0.5646020163199904
0.0153590121606569,0.009605216023545747,-5.574816684322726E-4,-0.007598067568301141,0.2350016808599946,0.4389601350975875,2.919687577172932,0.4839966178523453
0.015381197949553206,0.009641577894717993,-5.016248356585788E-4,-0.0075673079673298106,0.232244495564289,0.39474662720629755,2.8969470711029417,0.5147200126355062
0.015426501150597705,0.010118679960274537,1.659532593155846E-4,-0.007524956527821538,0.2338441852613753,-0.12120143625542358,2.8003069602752713,1.0066604012865101
0.01544438021593109,0.010177821280297733,2.45905971910843E-4,-0.007489002551412028,0.2316540297639877,-0.18134690937101536,2.767321312563712,1.0541021492289033
0.015484027171277233,0.010219165809802751,2.9775368919394344E-4,-0.00741612617712256,0.22675243014661284,-0.2192277470685294,2.7168150534844284,1.0660317220708202
0.015495733245639784,0.010269180987325332,3.632056547081633E-4,-0.007389583068958839,0.22467978137647518,-0.26779236254775984,2.690989513596643,1.1060338781263368
0.015427631821587434,0.009918206804539545,-1.1141955795521088E-4,-0.007523724132201848,0.23052673818218006,0.09109218664838849,2.8349083137335653,0.7939519789645962
0.01547026213046187,0.010078650753982392,1.0890294945110694E-4,-0.0074508003102795655,0.2266090421573234,-0.07705031703268815,2.764389034274488,0.9345894509616511
0.01544144805547487,0.00997131098215665,-3.7649283620620125E-5,-0.0075016404659065524,0.22972585375248775,0.03453829173300758,2.8132075535987835,0.8417937856233016
0.01545548834099603,0.010027797408541088,3.994088266847216E-5,-0.00747760672989078,0.22804864724017057,-0.02473170611413877,2.789280478665885,0.8919564405072039
0.015464048809361522,0.009876319846002481,-1.663872572744572E-4,-0.007457377765990175,0.22486803586684664,0.13373709112055043,2.8012486458528927,0.7274098916379116
0.014908624795268001,0.007948031505211145,-0.002964233402416925,-0.007096646567793082,0.28156708105168565,2.294388796713859,2.4362046431266724,-1.3060148065947883
0.014926304804302869,0.00801313684905556,-0.0028808987139781334,-0.007148868457398547,0.27844291370023194,2.2382670303825063,2.4878834932635443,-1.2450464933167937
0.014941399663017184,0.007968565908143103,-0.0029060775985892376,-0.007075629084693361,0.2763664161336356,2.2451316409353343,2.4312109336173244,-1.2743386849770957
0.015024299395690504,0.008164310570300329,-0.002619160104199983,-0.0071772269429899145,0.2631624932813773,2.037357729453252,2.548885815821743,-1.0756504775759337
0.014968851202594509,0.008088602878966674,-0.002757252431600419,-0.0071746205811114615,0.2716339020835346,2.145616689427967,2.5262563288754785,-1.163159469630993
0.014966516083632028,0.008043394796809466,-0.0028048719595742165,-0.007126862932965461,0.27204031113939214,2.1749535427731925,2.4848352946051486,-1.2022451214050747
0.015008765320059445,0.008120315940758937,-0.002680967353474992,-0.007152183556325938,0.2656442889769808,2.0819464295979055,2.522007815577934,-1.1199588244864083
0.01526568319532285,0.009151449682343783,-0.0012201574129605565,-0.007587470303349006,0.23871275992246255,0.9644666809303438,2.9335555794536563,-0.009167712338713663
0.0152960128084527,0.009108601726715692,-0.0012612590197267773,-0.0075120647666246055,0.23391854888491648,0.9937600480688759,2.884260008838496,-0.06421331071066254
0.015283217191014949,0.009018465002004797,-0.0013868638063785647,-0.007482695828557421,0.2340005990452343,1.092091906017471,2.8630383274577373,-0.16358336727940084
0.015322830518575338,0.009064257745240323,-0.0013045707095359557,-0.007441976580141591,0.22969217911143483,1.0244784803791485,2.838401310754613,-0.11781246596612462
0.015285050031920058,0.00926491084040103,-0.0010559654811654814,-0.007609393399656454,0.23857911036667281,0.8342704805967106,2.946803164617388,0.11807057089088514
0.015298683385099956,0.009301682179029037,-9.993506768711136E-4,-0.007601762666774358,0.23702714830094967,0.7890733683481957,2.9409762314224044,0.1568345977664767
0.015351073581269602,0.009389443247349019,-8.58064102948716E-4,-0.007545228589860858,0.23170200718463166,0.6750844734640006,2.9011181599176084,0.24092329089897277
0.015331818491503169,0.00933485992859127,-9.400095879551847E-4,-0.0075575601970291765,0.23343761418319994,0.7403654901850603,2.911309431566281,0.18486920378586266
0.015298815396171825,0.00919023055288178,-0.0011508712266500463,-0.0075496567890401675,0.23519519227501143,0.9075643303568482,2.909086553661876,0.028238275827818075
0.015308596518145609,0.009232242558149821,-0.001089494431292834,-0.007552975156405009,0.23450826736118263,0.8590774556274253,2.9108350239870333,0.07382731193750194
0.015315535677554528,0.009528698614890939,-6.766962501575589E-4,-0.007654875044539629,0.2397382695616091,0.534156417434951,2.9624676033796606,0.4154413778645548
0.015334682524730353,0.009474066228317604,-7.472484358479095E-4,-0.007603715326966058,0.23542827516966866,0.5886551493374669,2.933922215059009,0.34430362249625895
0.015369510230781707,0.009437797050762212,-7.855430441754341E-4,-0.007530321624145921,0.23008490068872442,0.6173922985288637,2.8891729781414566,0.28929164329794355
0.015060780036793245,0.008191710459936894,-0.0025522601150257088,-0.007152858736450413,0.2582056839815346,1.9813039770904781,2.541331475125006,-1.0386158685597688
0.015089833864134402,0.008239273674427334,-0.0024727475470320815,-0.007159117202939577,0.25394064237908465,1.9199125413876494,2.556629124005475,-0.9865927482303162
0.015115304837863754,0.008282969058477625,-0.002401039176131603,-0.007165075626944724,0.25024711268436345,1.864702886797353,2.570218091055271,-0.9393344601666463
0.015187004760956602,0.00849666311107974,-0.002098450480669352,-0.007254811353225635,0.24117073772785388,1.6378404366581962,2.6665950981790467,-0.7197316564953128
0.015202879574334456,0.008539269736708693,-0.0020359348312819162,-0.007266748802637695,0.23946379343686922,1.589768647522711,2.680796720179632,-0.6749116814387174
0.015122843475870224,0.008386345834802326,-0.002281180677965998,-0.007253537858717458,0.24932469134261592,1.7815763672136329,2.646202992415995,-0.8405122726840047
0.01515008989583647,0.00842047278973955,-0.0022176573986293605,-0.007243561567144722,0.24563779427869228,1.7303349372657875,2.64642879382848,-0.8013155812017948
0.015170828802520075,0.0084599062247653,-0.0021544779229038425,-0.007247384959266543,0.24316291862630754,1.681105942368484,2.6558123200266865,-0.7587373244019494
0.015137496849030048,0.008333483167922769,-0.0023252508143327155,-0.007180990597168161,0.24739374771825323,1.8074509909221155,2.5907945169664823,-0.886746784889951
0.015202787722181595,0.008627128385854544,-0.001933016527910258,-0.007339879309293368,0.24001539398049646,1.5154998269672486,2.7393551641739524,-0.5859218596401301
0.01522586955118177,0.008582542325895628,-0.0019666479912209597,-0.007266827618923693,0.23645990937484365,1.5350604861250776,2.6871668137611135,-0.6283777944502721
0.015257661300315958,0.008829669561172865,-0.0016442488433381429,-0.007403514806006162,0.2348290631852549,1.2915132713181074,2.801152665466494,-0.36919812741718894
0.015267419377081341,0.008874661343632847,-0.0015811476193578014,-0.007418156254979477,0.23394865023058872,1.2425095992105628,2.8138491557104546,-0.3208917051143461
0.015233581590149651,0.008667012548386713,-0.001860875465982022,-0.007322317141708963,0.23625983039091655,1.4568723030199884,2.733185257441066,-0.5418138845856922
0.01524329719044472,0.008738520766801651,-0.0017671011270378267,-0.007361254651665962,0.2357531561903877,1.3859881838908665,2.765812285245562,-0.466724904418426
0.01525612857453153,0.008702807729167058,-0.0018006355985486565,-0.007313689572318986,0.23333628460177996,1.4086744689027486,2.731883661681751,-0.503150478644106
0.015268780061431921,0.008782111175188394,-0.0016951763795374616,-0.007351665387683623,0.2325221668334834,1.3282700238958045,2.7640021599660574,-0.4199189248308777
0.015299421988120065,0.008919487478126481,-0.0015036809976917782,-0.007394424292104671,0.230500347977602,1.1795615293540835,2.8016115608802408,-0.27377998866263825
0.015325984715109927,0.008969004790766127,-0.0014246256662034046,-0.0073811909888206115,0.2276060046795426,1.1161954694179943,2.79587276788029,-0.22218109837931177
0.014846880892195888,0.007875660260180562,-0.0031068057941605405,-0.007092842112311515,0.29179960648476366,2.4053103451726314,2.407690068895579,-1.3931457760823183
0.014878816909673298,0.007894597081052213,-0.0030499948681273798,-0.007072873103793081,0.2865369652001685,2.356921495222362,2.4036701387369424,-1.3622791376835564
0.014912557062476834,0.007911431096847893,-0.0029936158200064363,-0.007047428710081716,0.2812702077336114,2.308139737392805,2.395546862473182,-1.3326070256495444
0.014853719884136493,0.007834719756793949,-0.0031351253298598767,-0.007032500364498787,0.2910550369584705,2.415235869139632,2.3584828000470335,-1.4201364203595832
0.014859370191607841,0.007705875329905485,-0.0032373920041637552,-0.006862792876826169,0.291595556323506,2.4581115685061516,2.2157101061719273,-1.5050989528006562
0.014858121653952507,0.007793172725561837,-0.0031659442862955016,-0.006974613492763723,0.2908265965165872,2.4272259673675314,2.3105630003161406,-1.4475127036734212
0.014859669414291466,0.007749924431325282,-0.003200724378239541,-0.006918159381996475,0.29104642117377416,2.4420725167104695,2.2629204325730594,-1.47623345077413
0.014698783657739543,0.007478967795318209,-0.0036220135822255944,-0.006753143243137591,0.32157488698982556,2.723544836084062,2.050528326653719,-1.7348494705935527
0.014769619875017565,0.007602781419703695,-0.00343541468991432,-0.006838809611699232,0.30755338335822574,2.603690546212174,2.155831188358565,-1.621741206674102
0.014751328069242743,0.007560285264403901,-0.0034918393856020464,-0.006803581935354357,0.31108259687501777,2.637895019318083,2.117573581577932,-1.657418565165541
0.014727737200963006,0.007519883244591875,-0.00355329819656071,-0.006776275541366041,0.3159037132020412,2.677605433142503,2.083567810739105,-1.6945718490835169
0.0148187910613697,0.007654206965335809,-0.003330819904936828,-0.006846705912798246,0.2987440517542143,2.5256799916888215,2.1844303682875403,-1.5609978692167983
0.014850291938439751,0.00767087209378564,-0.0032770301027019813,-0.0068294761461635545,0.29331100261452475,2.4808159062112725,2.1835815239301284,-1.532171156815466
0.014815454309730585,0.007609308649620036,-0.003369879346974826,-0.006792239242955772,0.2998180069096071,2.542589369148647,2.136609743598536,-1.589658931447593
0.014585080639523323,0.007325547223237262,-0.0038835600996509766,-0.006658764252192678,0.3444007341130479,2.8944229367268033,1.9160671138210164,-1.8838272216455
0.014570243590716018,0.007289825071416856,-0.003926399694129384,-0.006621780415102421,0.347445020813598,2.91520764229259,1.8777106884814205,-1.9083366131039619
0.014620668752004337,0.007334466016541913,-0.0038264943409543712,-0.006634283430863525,0.3371334153482812,2.8439000188112895,1.9132853828826952,-1.8543463227211423
0.014599408817473389,0.007247352677380212,-0.003907924903195018,-0.006530165174872459,0.3421544420537434,2.8723156391290074,1.8162863607838517,-1.9016335170308707
0.014638964540857422,0.007369813626561276,-0.0037784194196936595,-0.006665494800082645,0.3335235092136764,2.817064321248142,1.9481848800997594,-1.8268246649203752
0.01468681318985394,0.0074310108282760546,-0.003671186372660762,-0.006699753991522479,0.3239246900034005,2.7460063771897842,1.9998096956931353,-1.7660936577467516
0.014674679281045547,0.007392618313640525,-0.003713265086227278,-0.006659242432732066,0.32660858101798035,2.7662748622216604,1.960051555906857,-1.7918077542754927
0.014725983203210696,0.00743801184116278,-0.003612259579076482,-0.006665975086957601,0.3172050423467687,2.6925038862392574,1.9898473940161963,-1.7362843236808014
0.014357274106962206,0.006976825102436313,-0.004401032873739161,-0.006341177538559229,0.3936220961783299,3.168597531553623,1.5364422689079764,-2.1507564798554655
0.014578720054357237,0.0072066943124589515,-0.003960132961943782,-0.0064913865502827855,0.34661093622141653,2.8985061109203873,1.7740940657268849,-1.929839987546968
0.014560562042354674,0.007166673933308286,-0.00400755011615652,-0.006450206838031702,0.3504298666059582,2.919843357288094,1.7314549080395205,-1.9548933064058094
0.014627971184835178,0.007199592187579727,-0.003892739517284085,-0.006433288639072435,0.3374317057162088,2.8308265295122816,1.7512018120896686,-1.896033408508009
0.0145435081324894,0.007125407753842438,-0.004053117933628056,-0.0064053920098354955,0.35404074965310817,2.938103012184968,1.686453223975864,-1.978382071215602
0.01445347554862012,0.007049140755330103,-0.004223023088810031,-0.006371837757899963,0.3725277548411108,3.0500163265745175,1.6130257033304745,-2.0636127921661864
0.014428850495123938,0.007006821700775894,-0.004278277065873985,-0.006328317992300607,0.3777468394409917,3.0741861731937585,1.5652254465425264,-2.0899162231344985
0.014399404889472656,0.006977094694813868,-0.004335289481507451,-0.006307067958523453,0.384477215612329,3.107471400384792,1.5325696222272975,-2.117110607890932
0.01452539401679429,0.00708679186574234,-0.004098135557242574,-0.006364768588885049,0.3578925593445714,2.9568846103718633,1.6445581969700014,-2.000927635239409
0.014503068640398803,0.007043730601978322,-0.004150631451773023,-0.00632049185712642,0.362583144797837,2.9792115534652983,1.5978135409725043,-2.02646454502022
0.014126261011965423,0.0066585759457014025,-0.004856033653713829,-0.005991760151372052,0.44417880715834807,3.3451996309759013,1.1362444721484062,-2.3336853884563027
0.014157870301948858,0.006681228105411998,-0.00480099587584312,-0.006009966124169728,0.43679816899651697,3.314816191781761,1.1685938523826929,-2.311387825746825
0.01418665040725336,0.006705085367756657,-0.004750168078050099,-0.006030924391905431,0.43032638779599486,3.288496686446301,1.2010720885766955,-2.290931097173282
0.01421846710345693,0.006735902412038206,-0.004692770252188534,-0.006060209953685571,0.4231503775990414,3.261230052873056,1.2413755201062988,-2.268145007634553
0.014263506033384943,0.006783422076279677,-0.004609842830303921,-0.006105947201057251,0.4133020081822448,3.222456486568532,1.3016006805213935,-2.2345171504432297
0.014250259235130628,0.006749962408177341,-0.004639006700401582,-0.006061841566380747,0.41601557670687467,3.223879486691043,1.261051058822851,-2.2436138850846334
0.01434979657260496,0.00692997618350276,-0.004429681739622628,-0.006273638107544996,0.39496234173083783,3.162895629631159,1.479032888029218,-2.16150869639562
0.01427661537927733,0.006827255354624896,-0.004577390717623773,-0.006166369264556833,0.4110647795330293,3.2252261023462014,1.3549028028929118,-2.2247093537147804
0.014333464148254255,0.006892397642665676,-0.004467948294830361,-0.006227376981827986,0.3983509096465858,3.1718359463974877,1.43390558438803,-2.17715021992228
0.014308399409642068,0.006861318322418909,-0.004517164291157627,-0.006197265770278731,0.4038213301694867,3.1948702433120952,1.3965886477995098,-2.198586549860837
0.014299602448567247,0.006786282660177447,-0.0045522948257062604,-0.006085678001775126,0.4054413249060619,3.1730913227209747,1.306889162899813,-2.206004967683101
0.014008776046868864,0.006538547396489078,-0.005061707551089993,-0.005856544841156852,0.47018438110613836,3.423239664548934,0.9671622749738499,-2.4033100167041623
0.014038090550703835,0.0065530764859370845,-0.00501246501105533,-0.005866343992063299,0.46307254872046894,3.3937438384669,0.9926031706900894,-2.3837753985697128
0.014129177628151735,0.006619680019811803,-0.0048570056824979654,-0.0059270761890189,0.4421436210882669,3.315064135936095,1.0914808768267774,-2.325301572079877
0.014070668624785178,0.006571102814733017,-0.004957627709590019,-0.005879514270594365,0.455262490626047,3.3620216171270543,1.0221999716138692,-2.362177227850816
0.014103521121713687,0.006590869069253765,-0.004902152122277548,-0.005894496141614389,0.44757037058319077,3.3307120671505577,1.0529335335746806,-2.3403300130951794
0.014009192220019479,0.006506702337278958,-0.005062781132863761,-0.00580399989492102,0.46849374748988987,3.396881607919579,0.9313395683370052,-2.3946694487169524
0.013851862295928935,0.006395695101254758,-0.005322895740155726,-0.0056825672727506245,0.5050108641197265,3.511633311904929,0.747318502398615,-2.4788834125978707
0.01388289239079298,0.006420359314818539,-0.005272199610486243,-0.005712928150282521,0.49782072706011155,3.4933788508848065,0.787989379405505,-2.464573420789175
0.01390733742900354,0.006449631961460065,-0.0052321604860450155,-0.005752562041845775,0.4930086925332337,3.487300399708936,0.8303740468713343,-2.4560958171071587
0.013988447195285367,0.006486290959839599,-0.0050976349604041175,-0.0057798047240116175,0.4730625498318531,3.408398510444972,0.9017651360562852,-2.405041479549816
0.01396386115450671,0.006467591275158339,-0.005138505290185552,-0.005759582188699077,0.47842322695508216,3.426014066096531,0.8723582376971234,-2.418444535033753
0.013940275285680046,0.0064480044142637555,-0.005177509223045593,-0.005736935813502799,0.4840922953343421,3.440975632610459,0.841928991132441,-2.4303600556424363
0.013805212006605744,0.006295064335193604,-0.005391864248927663,-0.0055296424134071735,0.5108449039157222,3.471778790252221,0.6196883906491659,-2.47138960076931
0.013779946526360904,0.006272861914801165,-0.005430847787964461,-0.005499561234105031,0.5160006885818594,3.480417920258397,0.5840672115101938,-2.479132736380175
0.013743433332127325,0.0062530185923073195,-0.0054883673486458935,-0.005475286170345189,0.5244899867998117,3.5046393368871134,0.5440275282509667,-2.4951339568218738
0.013852113334440705,0.006351522002402139,-0.005319642999820402,-0.00560908328213624,0.5020519708982915,3.4680534179062303,0.7006607905991836,-2.461370291937222
0.013844681790383298,0.0063003203224365045,-0.005327724495308002,-0.005527298274511954,0.5004656998840983,3.4271654866888146,0.6450619364087061,-2.4456554998993245
0.013666129160790685,0.006120216662244773,-0.005590312509661223,-0.005271253398465144,0.5334079686423817,3.448137061966825,0.37483418518683925,-2.4774079808298484
0.013720634220316448,0.0061643730308045055,-0.005510889356574991,-0.005334646956512986,0.5227925771558332,3.435199389425113,0.4480099119553809,-2.466201181376657
0.01370126304088314,0.006132122545818671,-0.005536042476422102,-0.0052856617568868254,0.5247838419507135,3.4218913711658105,0.40767649207314455,-2.461806699825271
0.013743531005803286,0.006206228751046875,-0.0054809134315790325,-0.005398426801921521,0.5205905599250799,3.453789473793069,0.4997464033581563,-2.4722237339512216
0.01141850105187861,0.004746902041954504,-0.007498245938428394,-0.002002170539736128,0.5546972227832893,1.9973034118604769,-1.8197769528245173,-1.3181316986446845
0.01146948853901515,0.004741893870566346,-0.007455097527648761,-0.0020586239886295735,0.5548349301260438,2.026592451652485,-1.7806119291238922,-1.3515932290180166
0.011389455574289838,0.004701688617695708,-0.007474843138499256,-0.0019346956203078042,0.5382750912355103,1.939379198510266,-1.8108297746241886,-1.281103513511168
0.011337358044917681,0.004664491705924541,-0.007474956338286162,-0.001846706501405317,0.5228265869094022,1.8736369660449785,-1.821437485988355,-1.2314362122839217
0.01116260004989522,0.004534495752631726,-0.007459196096447673,-0.0015551631653594647,0.4695957940876773,1.6527910879890373,-1.8420903313440993,-1.0652301001258122
0.011227028989829536,0.004561378024015132,-0.007446510919612902,-0.0016481821628532764,0.4833077784724534,1.718093912742838,-1.8227537121832105,-1.1198612497730593
0.01129346749516177,0.004596133724137498,-0.007437890760573338,-0.0017489357904620258,0.4989045596926288,1.7903904108059252,-1.8052467508345325,-1.1780096071499457
0.011519070316566786,0.0047406509232819395,-0.0074157026424840075,-0.0021149948415126706,0.5559128373895607,2.0568887190548515,-1.7441287114402615,-1.384471282085098
0.011594839691928286,0.004805313409046738,-0.007417229515362508,-0.0022534167083912335,0.5792883415074136,2.162135923653859,-1.7263608410384597,-1.4609868870180105
0.011684422453571675,0.004823951121565305,-0.007359121151547596,-0.002369346844073555,0.5857556575599806,2.230997792290322,-1.666786470827074,-1.5253688950890503
0.011645352541923865,0.004795944273884455,-0.007365975429036105,-0.002302278592714089,0.5759895433489002,2.1824749750420507,-1.6817305420870803,-1.4887100483669358
0.011799218769068958,0.004874147443121939,-0.007303400441003639,-0.0025382467262144094,0.6005672053746564,2.3406086783441182,-1.599868449780079,-1.616740118571917
0.01175610494461588,0.004852434848858776,-0.007322520513961195,-0.002472444917352031,0.5939804423723403,2.2970995454908723,-1.62423205300207,-1.5814648291260502
0.011732729101918565,0.004808406947189966,-0.007302232736536415,-0.002408075162925023,0.5796571585095642,2.2412982899906386,-1.6195674867240257,-1.546683584027586
0.011569188659214281,0.004741491553088191,-0.007376880121227967,-0.0021724947169825238,0.5572328458401542,2.0880599778643814,-1.7078870800679378,-1.4174354282342827
0.01213351583079845,0.005030977970835682,-0.007108346899794937,-0.0030276899270155265,0.6307949258794007,2.6424805279813963,-1.3694011241719697,-1.8671613419627173
0.012092603280909588,0.005005318705987733,-0.007129948866957873,-0.0029621412849441917,0.6262376458171963,2.6005651662538862,-1.398335962729943,-1.8345026341836823
0.012047269867955943,0.004984112369053606,-0.007159093806311413,-0.0028969058908062564,0.6231989626729244,2.5618067038024512,-1.4319803335875296,-1.8021929825423406
0.011993553386483091,0.004973188616687364,-0.0072049536507828305,-0.002833502525480563,0.62410150839529,2.530885978317152,-1.4766232561129753,-1.771354399087306
0.011913733085944832,0.004935558736707008,-0.007250864580060196,-0.0027157944565189946,0.6164529554134835,2.4576771386455394,-1.5314812794189427,-1.7106871175681704
0.011968741751733741,0.004923581295720614,-0.00718535918464253,-0.0027588650638810147,0.6088117294271017,2.466332702163855,-1.477089957940768,-1.7311758616163109
0.011882593571336659,0.004893463802913516,-0.0072425733832608,-0.0026430898522894638,0.603624693877896,2.398951049046765,-1.538427909068661,-1.6718067692790408
0.01184593973330353,0.004850390430333267,-0.00723798372318848,-0.0025647571523233765,0.590546056600637,2.3377988551132383,-1.5484417957783092,-1.6300621162572886
0.012254657754925133,0.005130224641906324,-0.00705813329210028,-0.0032475202772476674,0.6494341133982006,2.792533248875731,-1.2843899120064215,-1.9767142022862172
0.01229945809390779,0.005130611759713759,-0.007006194563871914,-0.003286225439521936,0.6430261728670598,2.7997172090499607,-1.239368570928603,-1.991245724899317
0.012234079308353895,0.005090661599740456,-0.007047930316822483,-0.00318413079122706,0.6387660225460811,2.7384262951375997,-1.2924454211639436,-1.9430678915169792
0.012184897670220055,0.0050068520284712,-0.0070315341680021225,-0.0030475021275520684,0.6174788365191896,2.6267649373151625,-1.312377602897065,-1.8716818646976192
0.012214848830060007,0.005047528724284107,-0.007032920533504637,-0.0031186911630938165,0.6273422391738341,2.6816870741426317,-1.2973102460043446,-1.9082978940047284
0.01237011954295129,0.005145405644117383,-0.0069348239965610825,-0.003361512760425643,0.6375219751008424,2.826325333171541,-1.1724539892010724,-2.0213051585641573
0.012338518869448603,0.005126258266535666,-0.006956662590776172,-0.0033133686001188606,0.6361861896635049,2.7988519761271955,-1.1992298797157719,-1.99954934295497
0.012406676206269836,0.00513247007038872,-0.006880728221584517,-0.003374696764824734,0.6280554236569287,2.8123370034840103,-1.1332956283518762,-2.0213247095583333
0.012450031020061177,0.005149602751084887,-0.006842067366682886,-0.003428222405552002,0.6265882434120504,2.835993611728338,-1.0937793724028564,-2.043009026343217
0.01250640450497206,0.005172490799585545,-0.006790888664897792,-0.00349731278716527,0.6241829121747887,2.8654344622973005,-1.0419989520674895,-2.0699410721956677
0.012608318191520796,0.005300943110902891,-0.006758772775949539,-0.0037305517439286803,0.6435559374863712,3.0280162043987855,-0.9521254659687949,-2.1780274765993894
0.012661472963510369,0.0053171926275445555,-0.00670098708974482,-0.003786332179671122,0.6377455917176523,3.042321988491682,-0.8980819204054405,-2.1948446711447755
0.012594232745059717,0.005234919197633906,-0.0067278156656984485,-0.0036361098904329693,0.6272292126391612,2.9412178999522802,-0.9617472597615521,-2.1275569027620267
0.012573675394249155,0.005174698518289444,-0.006709353351355879,-0.0035466585259517664,0.6139626571228608,2.8658880521432875,-0.9765098192089127,-2.0819083407617316
0.012937783938078916,0.005443281184518376,-0.00640986553357775,-0.004107600185477558,0.6106917048914593,3.1350616827852043,-0.6101381054830531,-2.2848255520208283
0.01271216086990397,0.0053388391125822115,-0.0066491856456314365,-0.003846245690276137,0.632997605215488,3.0620676181496918,-0.8462440763945157,-2.2138521367087622
0.012751272385281212,0.0053637454519325,-0.006614138512977983,-0.003902550998382414,0.6317473474802765,3.0870837395761415,-0.8056141187622184,-2.2336760869311
0.012796042829096292,0.005365472439066542,-0.006554814420085895,-0.003929930231338675,0.6225043702909024,3.077714500215389,-0.7600922652025134,-2.2349893201920703
0.012848306790370223,0.005377139538205697,-0.006491583555137637,-0.00397333851042905,0.6143087977995023,3.0781068759536416,-0.7070886736338428,-2.242188666351392
0.012908817903453232,0.005402310995162717,-0.006424727723860575,-0.0040374936783289656,0.6070132402617249,3.091390718586258,-0.6449724707802443,-2.257042341941068
0.013635967174524524,0.006053933152530103,-0.005623372730311903,-0.005167957047007676,0.5346867324075877,3.4053260416224815,0.299751142129662,-2.4587192488108554
0.01361010457231727,0.0060240952526030775,-0.005656947731010526,-0.0051223566421951736,0.5385169421846091,3.3979345037146262,0.25829761041565313,-2.4564316058388083
0.013669805704750237,0.006071422922433691,-0.005573578302526422,-0.005192508321268302,0.5273460212419846,3.388951920009003,0.33653175947876296,-2.448505952757106
0.013590941582366869,0.005993867802072146,-0.00567915882640387,-0.005075453276349924,0.5401476402189779,3.382178408579789,0.22164340246916417,-2.449381049118141
0.013566126756694025,0.005957536553646606,-0.005707878509137472,-0.005018999540080694,0.5424225998455893,3.36415368872044,0.17724142601186518,-2.4411134242648984
0.013417683050307007,0.005872233464098381,-0.00591189294009212,-0.004879756274337362,0.5712075815655074,3.3976587760418124,0.0043628038305899945,-2.460083858418992
0.013402261822920347,0.005835419264561055,-0.005921741577755169,-0.004820909638694506,0.5693454988573925,3.3642514936238745,-0.03083125568762371,-2.4422736668464644
0.013535236930751003,0.0059293916021665154,-0.005747736157537532,-0.00497505965808115,0.54727894100914,3.360407090734786,0.13465254685434444,-2.4399785133415937
0.013458361778533925,0.0058844933775830345,-0.005852829727176735,-0.00490210723893337,0.5617797456824194,3.3766196670210635,0.04526048509611907,-2.449273998204299
0.013499537182422744,0.005904818743756011,-0.005795563589675644,-0.004935905380766267,0.5534801334815195,3.3641126398591807,0.09085817318632287,-2.442471269704494
0.012993312461852223,0.005545594407430431,-0.006392883445150065,-0.004277103443584525,0.6209398660704072,3.250359439256434,-0.533339562220342,-2.354937463978396
0.013031319419480015,0.0055542617944802815,-0.006342893426196229,-0.0043048733580548755,0.6132209559567848,3.2432010746153996,-0.49341244915126126,-2.354857529110608
0.012982915189247405,0.0055042743007320954,-0.0063831155045288085,-0.0042133911195576,0.6139293879981161,3.1980640271335563,-0.5536543037691747,-2.32487810699623
0.013093575877596611,0.005583787393392094,-0.006268846175623794,-0.004370619488242185,0.6042228070263579,3.249954545282112,-0.42440420167940923,-2.3642652626596647
0.013066412205829213,0.005555331362712858,-0.006292619473937935,-0.004319590315756505,0.6051709806981113,3.226304859935909,-0.4590908504776027,-2.3487589300833527
0.013131917040696106,0.005574225375864727,-0.006207827878002432,-0.00436939984513332,0.5932844885619224,3.2157044293076362,-0.39146643987315727,-2.3484286777355234
0.01297734377201603,0.0054562925628401735,-0.006362402008874728,-0.004143207031380894,0.604459874223911,3.1362850500776065,-0.5692878866035215,-2.2898704166036783
0.013224779694779615,0.005717714046835739,-0.006142611227234131,-0.004608895211074353,0.5973325503216612,3.348485604081367,-0.24880726792346167,-2.4274486975428915
0.01319689965227776,0.005680688541526986,-0.006166469092735451,-0.004545863015849889,0.5975569982761911,3.317582839767905,-0.2910005807102967,-2.408979588633843
0.013162888514684515,0.005650392843205423,-0.006201995412952971,-0.004491027912329898,0.6003284762729644,3.2988644133901963,-0.3350763590080527,-2.396535095803048
0.01316881393798928,0.005591709617816482,-0.0061632030397279465,-0.00440620959333288,0.5876989964189092,3.2172368940440816,-0.35136576091325405,-2.3520772869647817
0.013307640518304855,0.005753532889467668,-0.006033140833745282,-0.004681112859948623,0.5816426348941824,3.3348183348654485,-0.1567934025302078,-2.42407749870733
0.013357517586208793,0.005773025394494998,-0.005965447665568633,-0.004719203772230527,0.5715525407288812,3.3212192452620193,-0.1035932731462005,-2.4184037461225363
0.01340742462888029,0.005794034041497605,-0.005897749968691568,-0.004757888375185994,0.5618680565848394,3.307814430098001,-0.050439723354842265,-2.41231547896362
0.013274125887384773,0.005706872107019823,-0.006062860829858953,-0.004603717211734067,0.5820711224623975,3.298500177436266,-0.20928189785576076,-2.402933532785162
0.013318000279447975,0.005699634394160304,-0.005993831406628013,-0.004601710171197654,0.5702268985255253,3.2580178113666585,-0.17456185726982773,-2.3826812001057176
0.013032608404407401,-0.0057222053502009144,-0.006439768232851855,0.004556835661022358,0.6512648825988038,3.487495459082085,0.43658424074846686,-2.4877200156018855
0.013005868964627654,-0.005692018262262842,-0.0064626621340717495,0.00450013942128437,0.6515688773862242,3.4582669454488064,0.4759936741899425,-2.4693910265380334
0.012903427607451482,-0.005630291975727938,-0.00657859935766057,0.004362126343355207,0.6647736222811133,3.4210286476952514,0.6052797439713372,-2.4375528751376585
0.012879136576715742,-0.0056079229749708675,-0.006599936063778633,0.004317024082087526,0.6655628061142663,3.3983360171280235,0.6374543512131686,-2.4221368645023933
0.012933440374394145,-0.005622881803323812,-0.006528866809002701,0.0043649045342257714,0.6549775224775879,3.3938616156530457,0.574761050336961,-2.426566106180844
0.012988060224988255,-0.005657435202710547,-0.0064685360842175596,0.004440377390303522,0.6484152165078138,3.416262797137788,0.5065014469011437,-2.4448760401312355
0.012963090208289074,-0.005636474660369902,-0.006493103606262113,0.004398329703495835,0.6500999583398922,3.3985856681332804,0.5393393972802817,-2.4325699759276627
0.012680923181414042,-0.005449659229480399,-0.006772379038289744,0.0039778920809365875,0.6714929771848621,3.2286326928098172,0.8767241902151884,-2.3001011099042916
0.012839533585031508,-0.00557498934617471,-0.006636014854951228,0.004248368484308838,0.667437428509318,3.3654503895341947,0.6878553091305529,-2.398996351842658
0.012866192678607984,-0.005585125435039835,-0.006603736039113918,0.004276870515062656,0.6630161562030025,3.369058974089165,0.6566376077624058,-2.4045951338488134
0.012835266290229536,-0.0055458774328838185,-0.006622226960996435,0.0042036582281828935,0.6608223191253918,3.3225371638567687,0.6977651579386359,-2.375154220637198
0.012718031322265967,-0.005444729309365566,-0.0067171773690806414,0.003993925264872849,0.6613629234941156,3.2114226382419666,0.8363746686838975,-2.2968948381258927
0.012810237601857927,-0.005524003830180559,-0.006643240227191289,0.004158756336565165,0.6611966902843857,3.299452677413339,0.7284909384555666,-2.359033208821217
0.012779181317680842,-0.005496448952344193,-0.006668314499074496,0.004102243020495833,0.6613002077936664,3.2693486566842505,0.7657809596676523,-2.338047578887863
0.01274872251383262,-0.005465677449140234,-0.006689431090465822,0.00404135493214279,0.6600242303119693,3.233392369569596,0.8018485769791969,-2.3137411015061873
0.012654266162622546,-0.0054183616350392,-0.00678559266773088,0.003917736303210504,0.668039896240716,3.1880875973499836,0.906567739508262,-2.2734200770120423
0.012602097124224521,-0.005368400658702141,-0.006818158722807117,0.0038155345193005533,0.6647285041688934,3.1247137626967496,0.9623013219053282,-2.229607192372109
0.012622038593843758,-0.0053997260056564585,-0.006815379456527401,0.0038711337558096025,0.6699956199442213,3.1670662596198254,0.9415416423732758,-2.256286082783853
0.011342501469752306,-0.004696550666682212,-0.007502934712727963,0.0018749784198558133,0.5339891811463547,1.9031427658693103,1.8389396533601927,-1.2459944294205012
0.01117069930363912,-0.0046060734000366275,-0.0075246436841688155,0.0016073895031609579,0.4922034965348926,1.7095830786362123,1.8850817601156125,-1.0911138793119222
0.011240683948593549,-0.004616856724582576,-0.007492036664962323,0.0016992780008495835,0.5014002435589598,1.7684462961472398,1.8509604004905105,-1.1459571588015907
0.011296002801461263,-0.0046550887916873614,-0.0074936836970895026,0.0017908003923280227,0.5174834051042541,1.8372775050604127,1.8418182516212587,-1.1984949647516239
0.011456700763742625,-0.00471161132854828,-0.007435279122105932,0.002020886853268341,0.5444955650820876,1.9924750299873637,1.7708724888026148,-1.3314644477407747
0.011406124091589661,-0.004675535468551935,-0.007437421592852877,0.00193553238155359,0.5304241056037945,1.9290890108814434,1.7830045553101888,-1.2835341164976795
0.011505128001582984,-0.004736619511106526,-0.007422637866770532,0.002095865032132363,0.5541126316758217,2.044985638928802,1.7518584720348136,-1.3737596019581415
0.011549788227241314,-0.004774739839379838,-0.007424339314854026,0.0021771111007041232,0.5682606791011277,2.1067184502903475,1.742189164937846,-1.4187516046279323
0.01160858557265584,-0.004761406067503181,-0.007363833059628185,0.002232653357362361,0.5641746386322907,2.1293511602732678,1.690154702455793,-1.4507478935672504
0.011664316307209318,-0.004756871645000067,-0.0073131864358574675,0.0022900595865106357,0.5630588370826787,2.1562551753430768,1.6451671341237095,-1.4827781830139977
0.011714379372859704,-0.004760081830470888,-0.007273481526927439,0.002346423366803548,0.563697351858458,2.1856238416539995,1.6083318134770372,-1.5134013289616843
0.011779525818365466,-0.004827939962055934,-0.007278502503060838,0.0024751512877974023,0.5849823603221863,2.2841272286658896,1.5921213902199922,-1.5826977146628176
0.011748090338698437,-0.0047892721097605295,-0.007270932397077247,0.002407504849882326,0.5730429959405458,2.23059330757792,1.5972478731547282,-1.5463088616322496
0.011828098266759039,-0.004822990390147111,-0.007229615056788424,0.002521077037784605,0.5820375793764555,2.302070831803307,1.549761818136556,-1.6067088962193805
0.011867468925843516,-0.0048825119729350025,-0.007247019506290836,0.0026171720580394774,0.6000901681075818,2.3807751948277285,1.545882915792319,-1.6582178383045887
0.01192397880196506,-0.00491988950515992,-0.007226409041581041,0.002710725115638772,0.6101015964270552,2.444806986903066,1.5146862149454687,-1.7074034993600054
0.012012488223885925,-0.00502684083544082,-0.007234161049859516,0.0029078419605938475,0.6414333370596799,2.600331153302483,1.4830283061381042,-1.8119940545274444
0.012055956836157553,-0.005051105591763018,-0.007210165061271762,0.0029762133675533633,0.6458862554946091,2.644169958037958,1.4518728203463598,-1.8469191266352578
0.011969424616515354,-0.004951588938511448,-0.007209889749542332,0.0027876890906829922,0.6180179296475093,2.497668971554592,1.4888037707524733,-1.74747195600656
0.012013631980659828,-0.004980419258314633,-0.007190767198422821,0.002860576218466283,0.6247422145324001,2.546603288199958,1.4612648485035376,-1.7851257688735573
0.012131795835935096,-0.005137672795061549,-0.007205509829148583,0.0031444186630161966,0.6683623270969398,2.7758170497551284,1.4114524856399406,-1.9359028533478455
0.012169098586568394,-0.00515423565283784,-0.007178027046246364,0.0031983357453278685,0.669479943344483,2.80672171426227,1.3794840470862215,-1.962098084054029
0.012093520415528016,-0.005077787084044064,-0.007193658019997257,0.003041321714065011,0.6513495765563683,2.6884859725515855,1.4262664284205844,-1.8802659265712978
0.01212704236475222,-0.005100262216821308,-0.007176954155896536,0.0030979438974924585,0.6557696283940043,2.7261869221823765,1.401874439105169,-1.9090209913506875
0.01224939009553623,-0.00519311741097922,-0.0071190363256331,0.0033167076148244118,0.6719229505128834,2.874697142327486,1.3090573942285777,-2.0185918431265377
0.012287647167936781,-0.0052114370405445185,-0.007089360750220697,0.0033721566941566816,0.6724289215419307,2.9053107031771144,1.2742492415000541,-2.0442662439092305
0.012212588980838676,-0.0051352567150875885,-0.0071111157393808425,0.0032162199306637793,0.6568949410744199,2.790951740117879,1.328395555211692,-1.9653886016828432
0.012243467235451645,-0.0051581610971770595,-0.007095347622162455,0.0032702780454702497,0.6607326275389992,2.8266772698740708,1.3041935834835567,-1.9920099249281946
0.012333471897238935,-0.0051927407687373745,-0.0070180783663740245,0.003388497553905348,0.6587681339238074,2.8850579154817404,1.2211198699832229,-2.0446381316334055
0.012374901247324233,-0.00522161171308626,-0.006991919844439586,0.0034576576946188826,0.6617811543788626,2.927540389994891,1.1848027782405015,-2.076771970673906
0.012576629083249191,-0.0053277578491288105,-0.006820649377729373,0.0037442028228627075,0.6578586740636362,3.069578424810086,0.9870516253324952,-2.1949684086070587
0.012615937489104993,-0.005332521949595406,-0.006772452748541805,0.0037770755000580214,0.6508011819760937,3.070929932907966,0.9458525690391657,-2.202755845431033
0.012445123532932367,-0.005257648889857538,-0.0069343050003118105,0.0035579297121035203,0.6611307962057452,2.9791201731693318,1.1181175198038307,-2.1197412082320963
0.012418871118799291,-0.005229663110376162,-0.0069442865164336285,0.0035025862110474844,0.6565683324221754,2.9404683358164854,1.1404941618245588,-2.093324350740578
0.012557676705805085,-0.005290146768961449,-0.006816357247353222,0.003682011670448721,0.6503437767660812,3.01878859477046,1.004132568346065,-2.1635996721040516
0.012490697002578014,-0.005250592780407396,-0.006871140691668898,0.003583347813851464,0.6510938456598606,2.96856689476718,1.0692235030387733,-2.12338078284367
0.012535734982928919,-0.005257513553990512,-0.0068193547779603556,0.003624711999826104,0.6444869804744038,2.9758760969404627,1.0236235232916746,-2.1359470216027483
0.013688883611353049,-0.006422630703498729,-0.005605793818815481,0.005778840206958444,0.555928711779562,3.7705688244562916,-0.6936324652711632,-2.6163403611609586
0.013677148470083018,-0.006398055361279534,-0.005623089224761724,0.005738544824481364,0.557334113411965,3.7586848755663884,-0.6584810702728364,-2.61390560214893
0.013664870283189221,-0.006379833579978518,-0.005641926172452671,0.005709510247924931,0.5595027316894045,3.7546038654138187,-0.6305079645779218,-2.6145173112844495
0.01365039736717496,-0.006367863082501865,-0.005665419622005419,0.005691822349142492,0.5630702235915132,3.7607883388010306,-0.6082723471674222,-2.6196183903940184
0.013617936178552087,-0.0063467935619982785,-0.005718736390149279,0.005661601370254801,0.5713555013951713,3.7807426739067753,-0.5642799476963786,-2.6332998720321608
0.013606129338817847,-0.006323799012129441,-0.005734881653704616,0.0056233895743992525,0.5727793108135856,3.7682105286712964,-0.5313867937816773,-2.629685787113513
0.013591000639910939,-0.006301121704525828,-0.005756522265762881,0.005586246226874092,0.5752418257560251,3.7601051383621473,-0.4969439307852643,-2.628206329877305
0.013572505932678376,-0.006279455608076562,-0.005783850923894915,0.00555120296650852,0.5786229351218307,3.7571598711212117,-0.4614614969905922,-2.6291752975657463
0.013553371434354793,-0.006266114141815011,-0.005813981567061622,0.0055304440128664,0.5835444748594119,3.7652806781488257,-0.4340924581333974,-2.6349378503850853
0.013545854464689708,-0.006244495754430572,-0.0058215107886787016,0.005493697148365346,0.5833093653300243,3.746610460257706,-0.4066398025071973,-2.6272888337550206
0.013532359798639051,-0.006220974861836412,-0.005838587811885816,0.005454337963347377,0.5848371033110352,3.732839521097936,-0.37342273909245455,-2.6222499903813685
0.013643350192520602,-0.006347909070435732,-0.005674294211203922,0.0056583416582897976,0.5633588577235672,3.7462730106430766,-0.5816852754629114,-2.6147025522748986
0.013072095522329493,-0.005714891782814419,-0.006374606799141044,0.004559737954734464,0.638412384368805,3.450340225395894,0.39834460364274843,-2.471503007541417
0.013327611111561903,-0.006038024685742533,-0.0061246465696430654,0.005140279358115802,0.6239570963407997,3.715627024189463,-0.041835874328043865,-2.622113973692025
0.013308876634578443,-0.006014316056316458,-0.006145967943092944,0.005098275060193915,0.6258920800296034,3.700019488809254,-0.006537697346469772,-2.6142019634579565
0.013290377553103095,-0.005992283531671814,-0.006167157595261417,0.0050589623769212696,0.6279269156582578,3.6860006558611285,0.026937605517791913,-2.606889771945932
0.013090217164003961,-0.005754303554697555,-0.006369003111170912,0.004626889299354518,0.6417617716987483,3.497199273820915,0.36324932696628626,-2.4980902175042936
0.013112503353102854,-0.005783267703806547,-0.006350341275473121,0.00467936715813703,0.6418976418142845,3.5249922112460474,0.32717258514965797,-2.514640932648652
0.013142619123586483,-0.005793616202890562,-0.006308558876340746,0.00470465389505332,0.6347550736377016,3.5178442695118295,0.2916445523050512,-2.5130488560148065
0.013274567592426031,-0.00596942264256833,-0.006183064813901546,0.005018555949098479,0.6289170677401493,3.667334702299812,0.058085876214594885,-2.5971142182797498
0.013259182767093128,-0.005944131455449747,-0.006196717769803088,0.0049742029505373125,0.6291729859516227,3.6441836624583748,0.08997130117876634,-2.5848790296696733
0.013241799736960094,-0.005916941164485504,-0.006212287290742322,0.004926415408427053,0.6295075214588469,3.6195890365436836,0.12438234778776687,-2.5716344257308967
0.013222820965828065,-0.005891890841048686,-0.006230982407950327,0.004881800571649585,0.6305473067356823,3.599194489754265,0.15827824612163455,-2.5603038894037566
0.0131698946042762,-0.0058068561727886315,-0.006272538623280022,0.0047330502257602975,0.6296842446802259,3.516432758463482,0.25783421046434946,-2.514084274181199
0.01318269532216712,-0.005839918855650311,-0.0062693610865989634,0.0047888603777196835,0.6324731390321902,3.5553946470622355,0.2276685553838052,-2.5354108965477224
0.013203880853596585,-0.005867685802727465,-0.006249537104624673,0.004838484298022535,0.6316874000753261,3.579303955280586,0.19112607016669994,-2.549070064991597
0.013515663453197239,-0.006198762168091679,-0.005861138366374855,0.005417427319934048,0.5873329020284541,3.724283064607046,-0.3394220220891921,-2.6196605982162846
0.01347697059359516,-0.006160266169200866,-0.005915930577212471,0.005353417702249101,0.5947984017621623,3.7197028513897448,-0.27333939679907665,-2.620100025760074
0.013497808571604772,-0.006177730573264864,-0.005885608155220565,0.005382434039478847,0.5902541760018424,3.7180639190089706,-0.3058053076178519,-2.618029399287188
0.013451065301389365,-0.006146322247027887,-0.00595575600997534,0.0053301443288572845,0.6011036879300965,3.7317026366876216,-0.23981708966004775,-2.627195459744279
0.013477682023396872,-0.006134459744490773,-0.005906476961713448,0.00530939976042742,0.5909326288181547,3.6835425863974036,-0.2507018230873926,-2.6028117188687823
0.013432093664579566,-0.006122386901516578,-0.005979986009429752,0.0052892718542582725,0.6036455135499538,3.7205398326046066,-0.20295930832429612,-2.6226553515336453
0.013412798466638431,-0.006101683306572555,-0.006005445470408782,0.0052536820321575535,0.6067520778224872,3.713586886768837,-0.16890358636658245,-2.619949194351474
0.013394767286399052,-0.006079093817865353,-0.006027634633875773,0.00521470035520613,0.6091452570500687,3.7017201549426004,-0.13446430374414745,-2.614609707504584
0.013379576198968726,-0.006055430495011387,-0.006044180280913963,0.0051739424934156295,0.6102850462632232,3.684614894904715,-0.10206304559819067,-2.606432370384656
0.013361809354902165,-0.006031359635695083,-0.006064449222437813,0.005132264909957826,0.6121037791465237,3.6690992269376204,-0.0674978087212722,-2.598872947709283
0.014272912531673204,-0.007236827956812522,-0.004423270949198101,0.006840006423205972,0.41388636086630454,3.3763420530181136,-1.9070962255173125,-2.1647034768325226
0.014287479304507925,-0.007245819833489789,-0.004394208817557692,0.006840505299703292,0.4100913964982709,3.3531378772863896,-1.9156860995076737,-2.1491815402359977
0.014272298115624294,-0.007215139646167839,-0.004435333396375342,0.006804236020146495,0.4140297253575557,3.3727044743308823,-1.875439873515415,-2.1721837169031866
0.014257325245986961,-0.007178068133530393,-0.004478552119910948,0.006756462766879379,0.4178610564810022,3.38922202497134,-1.8254990444635961,-2.1959584541524864
0.014269194084183775,-0.007191395068954059,-0.004452245933348646,0.0067674759017070435,0.41481289373166114,3.37242051216742,-1.8417484431087492,-2.181961172941987
0.01425569739051996,-0.007161620541605612,-0.004488994284435965,0.006730367622897251,0.4181876928765366,3.3875211153848155,-1.8020389539597816,-2.20176672437881
0.014253338452757697,-0.007140987076632276,-0.004502369814014795,0.006697938660931984,0.4188094481216586,3.385588770115455,-1.772817362445154,-2.2089745859901337
0.014236911734542917,-0.007113580689602535,-0.004542022005830991,0.006666857000524108,0.42299391298639305,3.404721753433081,-1.7368439111338747,-2.2294791209325204
0.014250014257398292,-0.007122846475705197,-0.004515993368945994,0.006670574504342717,0.4194883001639618,3.3856557444935946,-1.7475335031283912,-2.216057491639602
0.014233421102070704,-0.00709298481027798,-0.004556591371925304,0.006635318769656677,0.4237067729977814,3.403631117899296,-1.7079854481394274,-2.23673707456318
0.014154461466201052,-0.0070163832843551655,-0.004720276258392761,0.00657226660636914,0.44373916232326466,3.5063269868307443,-1.6083926050722923,-2.318325363028564
0.014172727040696735,-0.00702654381262286,-0.004685333360200085,0.006574652937860594,0.43897966695727303,3.479896240127704,-1.6213200780011576,-2.300854906150208
0.014221044329291142,-0.0070702840056201255,-0.004586669493239599,0.006607943711099109,0.4268107710428448,3.4161695797161395,-1.6777060969022026,-2.2516955534311696
0.01419644476334918,-0.007020033776946392,-0.004647345077964154,0.006543932432812405,0.43272437835578,3.437132296267663,-1.609721591570876,-2.2807122419474215
0.014211878041724593,-0.007040952449052443,-0.004613518166507302,0.00656634926308556,0.42874568688118453,3.4201365018691114,-1.6374735262705913,-2.2643745674587064
0.014038032202336417,-0.006899847359458405,-0.004958253210072045,0.006457924247734593,0.47401042766565465,3.642689858803135,-1.4416406152251802,-2.4299216413692286
0.01406474013476376,-0.006899079185811108,-0.004911436028674582,0.006437494316528199,0.46636647556217864,3.5963728395351153,-1.4418199816827981,-2.4056431516387904
0.014002184925627967,-0.0068280133109443145,-0.005037351473461806,0.0063552250023608935,0.4824946327091394,3.6555471024376103,-1.3355230257420585,-2.4592583759839894
0.014030891900373493,-0.006876159573663246,-0.004976482250993087,0.006421050760636139,0.47542422884984026,3.639613494488002,-1.4070261769189905,-2.435905208809302
0.014012368744038498,-0.0068387774431540906,-0.005017234990391458,0.006367568802375386,0.4797977554015472,3.6458551921634315,-1.3519765330039286,-2.4508346243709145
0.014022494906592116,-0.0068561203630814645,-0.0049957497729107994,0.006391414474188661,0.47733737668052284,3.640563858494072,-1.3776632503395947,-2.442690863041119
0.013999827032951035,-0.006811163760567316,-0.005044663225754035,0.006326979164538887,0.4827352882476945,3.6474043187818546,-1.3114324076857746,-2.4599464601031316
0.013994344563450443,-0.006790195938527959,-0.005057993652098994,0.006293497965517599,0.4836046337788083,3.6412398129233723,-1.2813632968130415,-2.462746980741399
0.013985230584893385,-0.006770832571907394,-0.005077162492740094,0.0062650468267758915,0.4856753155402302,3.6418684718037446,-1.2530982820623144,-2.46857780344664
0.01392736460372907,-0.006671753866956253,-0.00519063762176264,0.006123669208278844,0.49864831129567583,3.656002624809821,-1.1066024379125317,-2.5023717354409745
0.013956179135246972,-0.006741146930464014,-0.005132569229029508,0.006229954625362033,0.49317564929706587,3.666723584779256,-1.2067116721686837,-2.4901504353061337
0.013973427938980139,-0.006752652166236999,-0.005100615911503687,0.006240150453406639,0.4884221698087771,3.647390811965914,-1.2259833819962074,-2.4765939631484746
0.013936535719667971,-0.006697760137558056,-0.005172140820688839,0.0061644849158035715,0.49719247968524805,3.663248085284038,-1.143460339900072,-2.4997508778111093
0.01395221508705588,-0.0067193981044095,-0.005142215348635515,0.006193889850453763,0.4933782878718685,3.655649490860878,-1.1762708171968883,-2.4900063438983433
0.014150787589488673,-0.006996549737737868,-0.004733388093862882,0.006541142036069587,0.4444260809493881,3.5032922691975723,-1.5801588761528327,-2.323738448886072
0.014141992744272823,-0.006977462638271269,-0.004754797302341314,0.0065153368656660745,0.44659188954941437,3.5088626797272866,-1.5534177732318637,-2.333276655485813
0.014129432552400154,-0.006958368437560051,-0.004782432852447731,0.006492276676294629,0.449709896726012,3.520330752616285,-1.5267217570794425,-2.345826816304417
0.0141267894110429,-0.0069371794619044625,-0.004793362885308262,0.00645783945343006,0.4499836167414233,3.51359958287767,-1.4968132546293393,-2.3492938360592666
0.014091464999667014,-0.006903309950096301,-0.004863801696450888,0.006425582196405101,0.4591095064090148,3.5537488508072603,-1.4487967678890996,-2.38163860293318
0.014111875700661095,-0.006922219632630552,-0.0048233491893608866,0.0064432800623555955,0.4538926877656296,3.530372216200521,-1.4757907695838215,-2.3631015084421114
0.013893246246858386,-0.006643692436871332,-0.005252610345285741,0.006091648028469018,0.5074509649234354,3.685881453470976,-1.0595879742652554,-2.5254314024320474
0.013883215574068642,-0.006620912569304821,-0.00527137891365865,0.006056381638649849,0.5092930409905255,3.681063339396395,-1.0266914224739763,-2.5281881206067283
0.013869148754225374,-0.006599834156631234,-0.005296826424643437,0.006025872138464508,0.5123136280412554,3.6835820706049236,-0.9947409692155279,-2.5343750971552237
0.013847428021926058,-0.006584741995053875,-0.0053353532378542,0.006009015032307669,0.5181924929092904,3.7031614088976537,-0.9675189612790033,-2.548387542328866
0.013824508831919501,-0.0065372357418267855,-0.005375391645872195,0.00593505423747979,0.5223077764130312,3.6917884918728454,-0.8987015357984589,-2.552308923773631
0.013843046522824599,-0.00655596178880471,-0.005343118149204447,0.005960284569585418,0.5177759720506812,3.681965797617109,-0.9294935876465134,-2.543071362858256
0.013714011289218684,-0.00644305023703332,-0.0055638388952744715,0.005807766927757084,0.5496019834416283,3.7570800145575594,-0.731528955812753,-2.605612058325591
0.013715619980097838,-0.006414816115766104,-0.005557729635370355,0.00575761657251602,0.5468018540394198,3.722538793166332,-0.6995659849990419,-2.591692900603881
0.013746785832238283,-0.006454912574207966,-0.00550727921472618,0.005818540077813189,0.5403871137276308,3.7218682339867084,-0.7628102424120693,-2.5844693411197177
0.013820486854748197,-0.006511509012082238,-0.0053817362651749495,0.005891626990522517,0.5218647380146887,3.6718745421154995,-0.8654439942559947,-2.5466470219633384
0.013797454261946378,-0.006484551862975399,-0.005420732117478233,0.005853194590468458,0.5269591456636794,3.678541201071762,-0.822781167146248,-2.555463013262468
0.013783048214752703,-0.006456178501854125,-0.005444033113635882,0.005808826085519456,0.5292644998110624,3.6699866136282906,-0.7825728352665945,-2.555993488056821
0.013919088916054981,-0.006645470697545704,-0.005207124294544276,0.006081880317578948,0.4999221375569148,3.6463468724128805,-1.0698562666762828,-2.5035377090765727
0.014534168552930127,-0.007718591693765602,-0.003673342795547587,0.007300792830204563,0.3505759010311951,2.90749001629959,-2.45420375432991,-1.696744096906545
0.014542026835639418,-0.00773337195853709,-0.003648894315901635,0.007312151226412193,0.34881537365606047,2.8901653125884703,-2.4681503675121466,-1.6803415486180369
0.014548844035089293,-0.007748261348910108,-0.0036257997573381703,0.007324894801063101,0.34729921893542165,2.8742631861586987,-2.4828476505171886,-1.664435013419336
0.014497188873589572,-0.007647274078352075,-0.0037886883531088223,0.007242193244750097,0.35902581909238657,2.987276125060523,-2.3836150775742744,-1.773745425326199
0.014502980219398649,-0.007662522109503508,-0.003767405158982521,0.00725782393743949,0.35757897872043376,2.9739354682748633,-2.400541401432214,-1.7589778690239235
0.01450652683410319,-0.007677767242830176,-0.0037493931105396045,0.007276248255450778,0.35680269527817754,2.9639271239103873,-2.418929028864193,-1.7455841985305007
0.01451645498631252,-0.0076895813989952665,-0.0037245239537318834,0.00728098362402219,0.3544945914879855,2.944650946552532,-2.427942655051275,-1.7301981979120524
0.014525618754398416,-0.007703960498093162,-0.003698614956626848,0.007290390048956674,0.3525180910949015,2.925703313902623,-2.440778144286881,-1.7134042580528561
0.014620044403361636,-0.007862790681246784,-0.0034186356805388854,0.007390557839655434,0.3320982632671789,2.7186103628626572,-2.5741539606803125,-1.5274968572139764
0.014614625855058946,-0.007847374688054746,-0.0034408170670643516,0.007376583156297485,0.3332710267157943,2.7337888195346927,-2.559188465819443,-1.543685509907153
0.014568545535269904,-0.007750270476565235,-0.0035952036030253817,0.0073011742022792816,0.34322252944509085,2.8432000092465333,-2.4704748304497723,-1.65018456257582
0.014608579956868714,-0.007832861470271719,-0.003462930602611473,0.007364607970610264,0.3345559409346767,2.749309303018744,-2.54572860932517,-1.5593692480035
0.01460153855066116,-0.007818180876410789,-0.0034865220059307448,0.007353627519629251,0.33604760807284295,2.7662299123233467,-2.5326963546461934,-1.575687361934058
0.014593853334400315,-0.007803636876082842,-0.003510830775051935,0.007343559934009251,0.33770259302024486,2.7839148830537286,-2.520174751105374,-1.5921991448619472
0.014574943209408733,-0.00776871141895874,-0.003569574105244804,0.007319272890423611,0.34179257919813466,2.826519021968671,-2.4897270320007476,-1.6317892796712241
0.014586358492153765,-0.0077880174407523005,-0.003535769440326073,0.007331503462357654,0.339340225757419,2.801635933431616,-2.5059040397930263,-1.6093906652992296
0.01462526452895545,-0.007879081033989151,-0.003395777372582734,0.007405878025962167,0.330980020705667,2.7031173942961755,-2.590248880185001,-1.5105307017775955
0.014630147619034532,-0.007895680256638563,-0.003372954137162418,0.007421943572342187,0.32993965385036156,2.687754538922522,-2.6068338289125683,-1.4933436413471017
0.014628019900514804,-0.007916210969168416,-0.0033558008157406204,0.007453442630324174,0.33023668803312994,2.6802936079487436,-2.6342866305247283,-1.476367257576698
0.014622508181985636,-0.007946229545494768,-0.003333469394493737,0.007502988756454857,0.3312374740256692,2.672103784183357,-2.6766829397561676,-1.4520221826202475
0.014630854105896266,-0.007932970581730833,-0.0033352671512616614,0.007472437698035338,0.329670172505789,2.667245338969881,-2.652632832976105,-1.4596901732350902
0.014629065151009596,-0.007960768351666016,-0.0033097157875033693,0.00751328400573249,0.32986538901294454,2.6544553155340114,-2.688738776150151,-1.435034915883935
0.014779284032993568,-0.008347050376940522,-0.0026847190324382447,0.007762811517629742,0.3024948802694085,2.1753289989957323,-2.967566003362398,-0.969081668833692
0.014680739765910332,-0.008079265154652132,-0.003115877791246353,0.0075935000683493735,0.3196617998872664,2.508371788486498,-2.7819636761681577,-1.294601967877777
0.014713121907093911,-0.008167785506340763,-0.002976100947957527,0.007655870665996204,0.3136318892594386,2.40254208772839,-2.8500935621954557,-1.1893695804591322
0.014686096749123601,-0.008094439199950097,-0.0030923691102845876,0.007604909244807243,0.31862651685756643,2.4908219798659648,-2.794281877971583,-1.2768524314741276
0.014690846041736623,-0.008109389357968648,-0.0030698017301217582,0.007616812294723395,0.31770343462929057,2.474097233524125,-2.8067849423417996,-1.2594930751882585
0.014708150148526148,-0.008153083555908444,-0.002998993595693037,0.0076452772135294075,0.3145261741399621,2.4198906218342198,-2.8387980110060558,-1.2068740312670858
0.01470260230095625,-0.008138283952176098,-0.003022647046222541,0.0076353106536545525,0.315544736619964,2.437940769661037,-2.827818395530768,-1.2246274366584393
0.014696369724167447,-0.008123872823128967,-0.0030466699410309664,0.0076267470211995704,0.3166810864633822,2.456514612172546,-2.8177992320601946,-1.2421944055721854
0.014775340183043576,-0.0083324888014132,-0.002707065865708872,0.007752679480863237,0.30310159034290685,2.1926083292242775,-2.957424115945248,-0.9868674931997049
0.01476086152719235,-0.008286982835585576,-0.002778933445961468,0.007723606230416918,0.3054242100983026,2.2484729679007565,-2.927087611389958,-1.0426061439964036
0.014766357984623888,-0.0083021840273452,-0.002754227791183578,0.007732398165333109,0.304523807063852,2.2291247465918036,-2.936669925692,-1.0238607016847914
0.01477118903199247,-0.008317427531822469,-0.0027301811247220143,0.007742163372716896,0.3037503403067486,2.2104402714591633,-2.946848097888896,-1.0052014353244336
0.014718901570230852,-0.008182510637135595,-0.0029520980696975453,0.007665043733933772,0.31262757336969194,2.383996026348275,-2.8603988887934197,-1.1714543009962972
0.014754881826537988,-0.008271858283266143,-0.0028040585525338575,0.00771551806441517,0.30641368373690686,2.268254077244025,-2.917923958199108,-1.0613640659665453
0.01474861538803675,-0.008256778743394184,-0.0028294178263082487,0.0077077680866437905,0.30744798839527815,2.288264050444518,-2.908920059287141,-1.0801210819968265
0.01474220968179167,-0.008242284942126551,-0.0028542064733715696,0.007700763669000671,0.3085361482857349,2.3078989534861587,-2.900483753815563,-1.0982451220815053
0.01472663978793798,-0.008196520494846711,-0.0029264333909847858,0.0076700183084614,0.311212273702656,2.3633993140010934,-2.86765258015394,-1.1535594672954408
0.014736899805249734,-0.008227780255004013,-0.002877630297525364,0.007691794151026796,0.30942558540328724,2.3260948187895383,-2.890656957171935,-1.1159873600748365
0.014732314615544756,-0.008212329537893972,-0.0029011996211292072,0.0076803360765236445,0.3102321219258264,2.343987521203275,-2.878860741233869,-1.1344334789319956
0.014635706923783675,-0.007975190511152162,-0.003285896057843052,0.0075231235984289215,0.32855404489100964,2.636593922824446,-2.70040517243983,-1.4180107346157582
0.01464335754516774,-0.008033509793854475,-0.0032145568741548045,0.007590473515744001,0.32666326905727067,2.590141008000072,-2.7645295763429734,-1.3575735529866584
0.014649994993890985,-0.008047908470170645,-0.0031902772769907737,0.007599562429018879,0.3253383678397259,2.571527046111118,-2.775393685152698,-1.3400614484150306
0.014656702989313904,-0.008062518089750203,-0.003165615783322906,0.0076086451233099055,0.3240187712969756,2.5525795652608916,-2.786247831416936,-1.3222558373634519
0.014642620110618882,-0.007990025589994012,-0.003261211612923772,0.007532944154614624,0.32712242618301984,2.618011021234203,-2.7121285668893225,-1.4004100913811985
0.01464824814037604,-0.008005559840839017,-0.0032374613488474822,0.007545461182644367,0.3259831728697356,2.6006813007285694,-2.725737086541587,-1.3826833099378464
0.014653491871697953,-0.008020372851955613,-0.0032148850835698396,0.007557422355086438,0.32491931700923277,2.5841657969647134,-2.738664159232409,-1.3657296503216543
0.014674724294016152,-0.008063966976010254,-0.0031402941433083882,0.007582773774470007,0.32083652546985536,2.526763647514942,-2.769971700191224,-1.3126823960030196
0.014808485762927398,-0.00847921170008352,-0.0024855992477985853,0.007859266387553942,0.29851319915630575,2.020978156761298,-3.060008250788162,-0.8058768094230288
0.014803405399124801,-0.0084640286822924,-0.0025106737301404183,0.00785176938331151,0.2992260529479917,2.0410951908446404,-3.052115437054349,-0.8252188519401679
0.014788321810537118,-0.008418918619863273,-0.002584843003948824,0.007828412452914761,0.30140275541179623,2.1003670821003806,-3.027494239063895,-0.8824745325503495
0.014793349987020582,-0.00843385321129053,-0.0025603040204485654,0.007836262136404567,0.3006576649342559,2.080789426892826,-3.035796189735745,-0.8635505871169071
0.014798369685665788,-0.008448904252420177,-0.0025355718447933433,0.007844078471375577,0.29994811912437996,2.061028248749668,-3.044028534091961,-0.844449121945318
0.014799640666805948,-0.008406789622654858,-0.0025876297322879323,0.007795711704424017,0.29942236127567384,2.0985575860709673,-3.002608650802046,-0.8945389736146064
0.014795637569594573,-0.008391577855746691,-0.0026111229151215072,0.0077856002057954616,0.30000264874134513,2.1168838144578697,-2.9926097777400975,-0.9133190322249584
0.014784886507841377,-0.008360958145542961,-0.0026612212586353007,0.0077692693455067565,0.30164975503537467,2.1565515999435974,-2.9750095028318815,-0.9515604817626532
0.014790994152318713,-0.008375776554238289,-0.002635986866528626,0.007775741523428289,0.30066881836310216,2.13635102009524,-2.982592641476004,-0.93285993557632
0.0147934319894208,-0.008349170326189273,-0.002666006923118943,0.007741604629291831,0.30004754191077554,2.1567738140259034,-2.953739338575172,-0.9628927607336604
0.01483069040348372,-0.008497635488789063,-0.00243824400360502,0.007840276752549715,0.29506067871383307,1.9792017048793042,-3.050041373371364,-0.7800124396770355
0.0148258128545143,-0.008482249393565617,-0.0024632673855117092,0.007832525284977654,0.29571464079186766,1.9991917307888525,-3.0420512408504545,-0.7994204081145639
0.01486628941962414,-0.008619015555932646,-0.0022418423430763186,0.00790016352821727,0.2907262533978811,1.8216684016620628,-3.109759897168022,-0.6259983929411904
0.014857234439238955,-0.008587249614972703,-0.0022933090366600334,0.007885107374988402,0.2918034705101458,1.8630711403130398,-3.09497262826249,-0.6664598048740392
0.014862766274918006,-0.008602620147296782,-0.002267307152642997,0.007890452084953701,0.2910571896177511,1.8419373285092409,-3.100821304519766,-0.6468146274109331
0.014846730010850942,-0.008557884214447932,-0.0023428320841552192,0.007874255520410474,0.2931297863945725,1.9032787732298277,-3.0831613263121675,-0.7039928599689711
0.014852234411337836,-0.00857196993300296,-0.0023186255563283197,0.007878727549576801,0.2923628194618424,1.8835528225602325,-3.088350557182846,-0.6859575414542425
0.014848427120262006,-0.00850085170465406,-0.002415615103339155,0.007812979598962738,0.2920116044965932,1.9570818245660806,-3.031930802213878,-0.7732716523278961
0.014852359978672118,-0.008516585796257107,-0.002391209095614085,0.007822409637705518,0.29153718746034823,1.937841286105136,-3.0410167433775475,-0.7537230098752102
0.014855020540390442,-0.008532326082640037,-0.0023680144926105234,0.007833880106111605,0.29131362498812585,1.919820951346452,-3.051428245294705,-0.734285265695665
0.014856206863210578,-0.00854601733694473,-0.002348899959257385,0.007845694103058376,0.2913164105407072,1.9052088228594315,-3.061689189330424,-0.717448121248037
0.014873856907775493,-0.00864942548642697,-0.0021934148905383842,0.007915833809156296,0.2899679848062662,1.782747788808923,-3.124510606972198,-0.5871543921173236
0.014882201627976797,-0.00862366581860216,-0.00222026432899133,0.007876442375188865,0.2880703501201162,1.8012078036734633,-3.094001975993726,-0.6190158365654009
0.014883454742413505,-0.008637586452266258,-0.002200339495358199,0.007887502738712181,0.2881097800968762,1.7857212495062746,-3.1034328982452135,-0.6015414284717513
0.014880030851690769,-0.008664193020477653,-0.0021674672813361377,0.007918723412542912,0.2891734163026874,1.7613759306233538,-3.1282978305642675,-0.5681770758928256
0.014884848613251728,-0.008680027720498749,-0.0021413149443516993,0.007924851490198158,0.2886708121098642,1.7401374646003382,-3.134383718260652,-0.5478955635745423
0.01487962150340749,-0.00872303090626443,-0.002086609363940757,0.007973710372147925,0.29023426326732865,1.698816597061542,-3.1730892160923094,-0.4924475733304671
0.014905097507913174,-0.00882979034181113,-0.0019132433260244375,0.008019887235686465,0.2882519881436805,1.5577955620198347,-3.2143806507842556,-0.3534241438304723
0.014883270856650059,-0.008738532240969975,-0.002061632541364065,0.007981032080181513,0.2899428686412666,1.6785884498404553,-3.179720134515755,-0.47233158006118
0.014886559156821367,-0.008753933645008176,-0.0020370612642144265,0.007988747637025352,0.28971734698156393,1.6587266711970765,-3.186549350355872,-0.45230604641848265
0.014889981739760782,-0.008769239189962459,-0.0020124488396828775,0.007995961223021847,0.289473668618689,1.6387673289520845,-3.192953313463018,-0.43237140309400957
0.014893760983868522,-0.008784476687151738,-0.0019875691403914084,0.008002288264837142,0.28915589982355355,1.6185000236569314,-3.1986601143806137,-0.4125242492866364
0.014897460670761517,-0.008799638131077822,-0.001962821153028102,0.00800852169636364,0.2888703034139512,1.5983280618947633,-3.204227824361858,-0.39275761559156
0.014901136556833824,-0.008814745620237124,-0.0019381270150772352,0.008014580446681447,0.2885850076791347,1.5781766325273958,-3.2096034015037884,-0.37304313324239646
0.014889183633136674,-0.008695757865384622,-0.002115708802507064,0.00793155928308127,0.2882261660487873,1.719399080822939,-3.1407876752426183,-0.5277399354406174
0.014893277190389215,-0.008711474246599864,-0.002090293968584916,0.007938503453022607,0.28783047486945795,1.6988342577324913,-3.14728523239924,-0.5075834385369927
0.014920167800919891,-0.008891830941823439,-0.0018113042857874253,0.008042293465088531,0.28720644481756546,1.4743611791369473,-3.2337819629393,-0.2723667361847056
0.014909178281554131,-0.008844996801591202,-0.0018879951791614918,0.008024930997475288,0.28790520119139135,1.5370875942735298,-3.218920212844971,-0.33360105872193696
0.01491701314879182,-0.008876086485204876,-0.0018366928947814657,0.008035634752443494,0.28733074550408017,1.4950554176043782,-3.2282774594251094,-0.29302613872081484
0.01491326236268846,-0.008860446364183896,-0.0018623636014777642,0.008029987620632633,0.2875730605970615,1.5160605821056545,-3.223418648975199,-0.3134579881805161
0.0149262587581315,-0.008922914914084121,-0.0017611361473606555,0.008055165230142491,0.2869655260115212,1.4334217049416973,-3.244243810427356,-0.23149390718483673
0.014933939999233205,-0.008953758528664804,-0.0017099406894496695,0.008064148801702765,0.28645041021732326,1.391334584994886,-3.251695337165398,-0.19118877072693466
0.014930072387103956,-0.008938272468066494,-0.0017356671604899837,0.008059750460196384,0.28670652846516115,1.41248582030261,-3.248064234722808,-0.21141425936187597
0.014936259333518461,-0.008896374099728953,-0.0017920496922853625,0.008015888117621392,0.2846758132802243,1.4565335955490666,-3.2154796097281335,-0.26862941318115885
0.014938576707195573,-0.008911852149932962,-0.001767790567363715,0.00802360278660688,0.28466762420047337,1.4368714222874577,-3.2216146224106326,-0.2483448804301871
0.014958325050470109,-0.009077562263149824,-0.0015078205329655343,0.008105211431597233,0.2858081115806875,1.2256286534479102,-3.2824772659039065,-0.028238978414546093
0.014955252895728549,-0.009062030166689284,-0.001533308866921554,0.008100709423435437,0.2858668061956766,1.2465664021612912,-3.279302891973533,-0.04867120834926552
0.014945632489287033,-0.009016002892176958,-0.0016090163067082983,0.008087292044357553,0.2862044744265227,1.3087697872909139,-3.2694549985747368,-0.1091387220112378
0.014948789325990017,-0.009031226878707192,-0.0015840223572422061,0.008091954071672014,0.28609044304477077,1.2882454810445507,-3.2729333505145335,-0.08912303053384234
0.014952077124640433,-0.00904653347178612,-0.001558784459396528,0.008096249318898725,0.2859701977749791,1.26749727930111,-3.276092516680031,-0.06903480564241508
0.014958302143106422,-0.00900544237713106,-0.0016157818390034452,0.008055852252696434,0.28380801899877195,1.3125751464822988,-3.2472272460746763,-0.12641762760759165
0.014956374878546501,-0.008990129779186225,-0.0016398100107593346,0.008048571032093624,0.2837183040946179,1.3320981499799875,-3.2418070179242204,-0.14664349046519362
0.014954076057880614,-0.008974316688733502,-0.0016647851083124723,0.008041460435540744,0.28368928487040174,1.3524050281457163,-3.236426649436831,-0.16743406423324683
0.014951229427940539,-0.008958298602985132,-0.00169040604085775,0.008035049117956704,0.2837564876970815,1.3732832428720343,-3.2314572069982987,-0.1883707626537723
0.01430771005970078,-0.007246342050784233,-0.004360331875330936,0.006821069409611113,0.40529369655622827,3.3188206490577805,-1.909793624848909,-2.1318217924191742
0.014329354687787182,-0.007312557204442404,-0.0042881376924854475,0.006908024008902521,0.3997492443374196,3.2916916947787915,-1.9980647022139102,-2.089002064376601
0.014324904755278037,-0.007295331361479577,-0.004305255763086481,0.006884332552949876,0.4008686744019774,3.2972139906401448,-1.9747309181003694,-2.0995284470007163
0.014324326154085529,-0.007275684546863928,-0.004317129246107012,0.006852596885396823,0.4011605256988979,3.2955266435246116,-1.946523101263615,-2.1074202541023683
0.014322393037928052,-0.007258792950714084,-0.004329487967411998,0.006826792837972698,0.4016057045176945,3.296235334607547,-1.922908049633465,-2.1151182113467644
0.014346249127564556,-0.007314267263626844,-0.004259469247616533,0.006893010258794752,0.39578210058948077,3.263390731211851,-1.9939203111025292,-2.074305736345014
0.014388831256012447,-0.007378229103040355,-0.004152063872802438,0.006950645742637332,0.3853702681422116,3.1963727783904523,-2.0675044355979346,-2.0119531014333982
0.014414781592503784,-0.007388924232773625,-0.0041039226053491765,0.006939048346102026,0.3793913539293437,3.1539639249739015,-2.0708577743880965,-1.9863047115376202
0.01440566630991503,-0.007378884298987612,-0.004124736486511163,0.006933154074881138,0.38162652025325416,3.1687117453488205,-2.0609073879389,-1.9981747113970456
0.01435762004077172,-0.007326756259022773,-0.004233676199768555,0.006901305395446437,0.3930566138225226,3.245494280933787,-2.0073362019655847,-2.0598308362813635
0.01437066300376554,-0.0073441652227286755,-0.004202194990818318,0.006915562282108404,0.3897453730934796,3.2250415363722276,-2.026865213609859,-2.0418222747512753
0.01438135126758775,-0.007362304238633172,-0.004173945267118069,0.006933243081917833,0.38719255713244766,3.208242105145413,-2.0481481727853326,-2.025205310489355
0.01450219410802705,-0.007616962882255718,-0.0038054168782662187,0.007189726278342515,0.3581901304757693,2.986766245184508,-2.338660044011407,-1.790900893382114
0.014509106871128961,-0.007632512275391642,-0.0037825456814109186,0.007204497088332362,0.3565781603848046,2.9720369907812745,-2.3553181768829337,-1.7755400013223053
0.01448391298959935,-0.007594008780353457,-0.0038513279829490454,0.007177731297370962,0.3623344609097216,3.021022677779076,-2.3189621460345404,-1.8190905269901545
0.014497455272748773,-0.007602615216045708,-0.0038239163173038647,0.007173886006464361,0.35926992303548266,2.9975681557814915,-2.32209398890048,-1.8037681281309268
0.014483886807219709,-0.007573521029183714,-0.0038671292938765515,0.007146325224820363,0.36250285428870455,3.0251420544163783,-2.290628728994515,-1.8322594813938624
0.014481129684310081,-0.007551822760612185,-0.0038877391249556525,0.007116378155191879,0.3633590295723628,3.03340466323273,-2.2623959717276203,-1.8477318772668283
0.014475867240111837,-0.007530670720588936,-0.0039114869510847245,0.007090191289850621,0.3646806777716152,3.0451126255647973,-2.236327983138274,-1.8643169276800375
0.014470429885979295,-0.007508348343390366,-0.003936056058672622,0.007062226648802543,0.3660678219825282,3.056846536497199,-2.208609752155699,-1.881369232021168
0.014433637103009383,-0.007413729871989138,-0.0040582013480055116,0.006957188515229744,0.3750177866147025,3.1231195378616525,-2.0966507223423174,-1.9596437985651072
0.014465926239253635,-0.007486139105295153,-0.003958780127613386,0.007033159868317644,0.3672455227886306,3.0665613520421755,-2.1804390603199733,-1.897224856534795
0.014443250633778828,-0.007428807009137297,-0.004033208456447397,0.006969996244170557,0.3727556550028787,3.107110106701816,-2.112908954947464,-1.94472128542765
0.014460268397484363,-0.007465257724577815,-0.003982060246890413,0.007007349164584537,0.3686734398202179,3.0775401596085334,-2.154651791974803,-1.9128324473745726
0.014452508874393958,-0.007446005232025629,-0.004007246665247532,0.0069863195347557834,0.37055546820742435,3.091345334154573,-2.132077930871047,-1.9288474933351691
0.01443201816147429,-0.007385584232464562,-0.004078809050957337,0.006914708912733223,0.3756815747657905,3.126105757945831,-2.0584260193627872,-1.9742703889338151
0.01444450445250181,-0.007394578829844087,-0.004053503336638761,0.00691500260479943,0.37272950696662926,3.106051703811181,-2.0651364348611003,-1.960330538414625
-0.0061662176815626205,-0.006746542158587784,0.00535603670066838,-0.0063114453166271825,0.2767955787337973,-2.713837596304051,-0.04292822700888382,3.870196661034679
-0.006156122476781239,-0.006758652979166659,0.005336390670053453,-0.006328413166912711,0.2811479999677062,-2.713949499977701,-0.022712276371987736,3.8708156741035302
-0.006145960704773566,-0.006770735095803996,0.0053165163264456555,-0.006345166399520993,0.28541857160993817,-2.7137749614115045,-0.002416502679371793,3.870990060859139
-0.0061274839812932615,-0.006837150069184487,0.005271333572949204,-0.006454076084404768,0.31197004132177275,-2.7413331545263717,0.07618653787613487,3.929132192211082
-0.006121707764616252,-0.006822259683211893,0.005263983064233307,-0.006424424572795281,0.3020728979114839,-2.727249539342979,0.06422947567344799,3.9003193686227746
-0.006117566743455818,-0.006849331498161109,0.0052510565772791685,-0.006470584255434397,0.31478163237172113,-2.740499243463438,0.09681980790663418,3.9283025599014945
-0.006111773654913777,-0.006834417975349638,0.005243848666830545,-0.006440897411695334,0.3067554352717394,-2.726332124552966,0.0847735452516087,3.8996661921248585
-0.006135747059008761,-0.006782809502443363,0.005296439481839926,-0.006361746409186236,0.28972238997483973,-2.713339192338486,0.017944337195479387,3.870769780171799
-0.006125618745232694,-0.00679494575621812,0.005276390599004715,-0.006378339418747862,0.2940892508129492,-2.7128025557163267,0.0382766855021543,3.8704688195594557
-0.006115644330238282,-0.006807138447336585,0.005256488687631826,-0.006394971260817985,0.29842217489931916,-2.712220201480212,0.05851330115819265,3.8701927991059857
-0.006107687827612112,-0.006861544017724469,0.00523072018751156,-0.006487034804235801,0.3179961808800879,-2.739496923345976,0.11749567693534925,3.927206819672802
-0.006101844526866892,-0.0068465817427934466,0.005223613212644928,-0.006457247441440601,0.3114323437719934,-2.7252243187084946,0.10528055494246828,3.8987415019309384
-0.006097847331006403,-0.0068737875075634836,0.005210314110043866,-0.006503435978285704,0.32217786677120686,-2.7382752302776066,0.13825226010769814,3.9258924136559923
-0.00609191083263822,-0.006858784558517412,0.0052032544946949534,-0.0064735246040264005,0.3158602908434717,-2.7239440267215635,0.12578023022295118,3.897559814558992
-0.006088045350458172,-0.006886061847125403,0.005189839859675207,-0.006519786404368636,0.3273286186408431,-2.736811098425074,0.1590805576050988,3.924409181593219
-0.0060819900950572665,-0.006871052004276242,0.005182795986153683,-0.006489779889247188,0.3199984813945557,-2.722516902248401,0.1463004373320376,3.8961693810088014
-0.006020517979210121,-0.0069728358408883565,0.005045161352061217,-0.0066323752661901735,0.3603071846434183,-2.7211968157426685,0.30466114442573206,3.9091510942642684
-0.006014065971551269,-0.006958115257131962,0.005038810549942391,-0.006602563849295737,0.34843732908368547,-2.7086038831955945,0.2899279031055922,3.8817997347157456
-0.006030047672386859,-0.006960348948237811,0.005065974946567279,-0.006616490998449823,0.35590370425239376,-2.723950538583497,0.2839223265198371,3.91188803383769
-0.006078281982360665,-0.006898366915619613,0.005169309847991083,-0.00653607602243253,0.33283098319649795,-2.735118856406151,0.1799358426055814,3.922779067898292
-0.00607211447307542,-0.006883388493098298,0.005162288988122646,-0.006506037700351783,0.32394697798404876,-2.720962277571194,0.16684895739353858,3.89462398213556
-0.006068557322679483,-0.0069107025920214695,0.005148738900987787,-0.006552293013851453,0.3377144513194998,-2.733234262124942,0.20076933052568177,3.9209800096111738
-0.0060623060593972085,-0.006895778301768491,0.005141772631720029,-0.006522284665021028,0.3279369633615978,-2.7192819805857305,0.18741122611107444,3.8929471471908776
-0.006058871466951211,-0.006923068755076141,0.005128126826213585,-0.006568437562453,0.3419978269519353,-2.7311793521071324,0.22157108264572375,3.918985476786896
-0.006052559996421039,-0.006908195855202633,0.005121244766570443,-0.006538475885654879,0.33208787724735256,-2.7174579725886776,0.2079602531247752,3.891105136503436
-0.0060492245102820915,-0.006935465283302502,0.005107463237713085,-0.006584517864461008,0.3463889683489707,-2.728950154257435,0.24236139574619894,3.916797424581499
-0.006042862369465247,-0.006920630652209331,0.0051006856529012675,-0.006554585873106768,0.33627398824448934,-2.71547534262224,0.22847997126122707,3.889060380040221
-0.0060396165473467316,-0.006947892054997044,0.00508674431581977,-0.006600536934299186,0.3511176236570199,-2.7265388169237075,0.2631498024489983,3.9144307394973024
-0.006033210712718766,-0.006933091599066152,0.005080089332710463,-0.006570628238105554,0.34036751398711645,-2.713335899746117,0.24897617886350273,3.886816636819741
-0.0060236105871084205,-0.006945587788897899,0.00505946193354357,-0.006586622091975664,0.34438868006480067,-2.711045461331682,0.26945999466041504,3.884394060145206
0.008656248849167034,-0.005006390647937089,-0.007822198225394207,-0.0021009185036586792,-0.03396887103387905,-0.6706539809444444,2.3506329123093272,1.3761046297631732
0.008630597109589862,-0.005011969741758406,-0.007808634677188097,-0.002139673103029248,-0.03852572458394632,-0.6962484998745907,2.3424660866608376,1.4030002390273886
0.0086054511719136,-0.005001010391797407,-0.0077768343122639255,-0.0021645167320405207,-0.041190710765152495,-0.7214369483002169,2.320210948422588,1.4219551249338276
0.008575083417546984,-0.004990293084342017,-0.0077409812782632285,-0.0021957975131031257,-0.044496699036626085,-0.7512701864693937,2.2951073780377045,1.4453968507737243
0.008489446122140537,-0.005012821588631335,-0.007694811761429777,-0.002324346086444884,-0.058191140143243905,-0.8350137515288241,2.2661929467759445,1.534883632981251
0.008518138322676736,-0.004993837955186381,-0.007698418283951669,-0.0022719765783806817,-0.052437202319233746,-0.8065912308509252,2.2667002221059316,1.4993415081728354
0.008543528769450096,-0.004980887563872665,-0.007705328436958843,-0.002228912265255978,-0.04791106932925365,-0.7816695225983294,2.270051940409055,1.469915826927731
0.00845478849519676,-0.005015758512284599,-0.007668299717441189,-0.002370502550209891,-0.06260247301169743,-0.8683229618153074,2.248207000686724,1.567628415731509
0.008422729248595679,-0.005018031056005963,-0.007642760229716204,-0.0024123223404751704,-0.06633639237123895,-0.8988583968500732,2.2306859864671313,1.5973837072696784
0.008370791035418696,-0.005015393416464969,-0.0075936858996415455,-0.0024733553610758034,-0.07125154611320794,-0.946956609818503,2.1960614604822606,1.641210651554912
0.00839391960177877,-0.00500923786344267,-0.007607966380593814,-0.0024398419509532154,-0.06841674420264689,-0.9249712684828891,2.2055821639218376,1.6177820121017756
0.009222755821816172,-0.004804910762924612,-0.007935851901570241,-0.0011818945725802837,0.09719635207199086,-0.11056379188037595,2.3895809131642523,0.7539145254891397
0.009187623581919248,-0.004802192438397859,-0.007917242897514743,-0.0012314681872457026,0.08860083950615204,-0.1470380548956595,2.3788971167997914,0.7877414706990483
0.009083602755550247,-0.00481049266105977,-0.007876383547910435,-0.0013838909988460237,0.06400669453931158,-0.2520930975531149,2.3572093288236355,0.891761860879415
0.009148074362237472,-0.0047992598569181165,-0.007895667285784842,-0.0012868030681079197,0.0791595127387232,-0.1878593585175741,2.3663173299193176,0.8256360839440892
0.009114773631380834,-0.0047851242870262795,-0.007864035865814854,-0.0013272170807314253,0.0716491095484341,-0.2234086670949588,2.3458669788016455,0.8539405758411495
0.00928516428405522,-0.004794004384267259,-0.00794967964349083,-0.0010864881820528938,0.11282785898312621,-0.04798060415264061,2.3947024744773953,0.6895046733320064
0.009247756987031779,-0.004777453042472461,-0.00791596936146863,-0.0011340276532326996,0.10328913787652756,-0.08902777762209839,2.373411541754653,0.7220943695747569
0.009555157315073079,-0.004692835764861685,-0.007924366584239492,-6.590152496704872E-4,0.17805451751624443,0.21085830745295683,2.355366244717725,0.400776491098978
0.009316069933731824,-0.004765714770900891,-0.007930215071598275,-0.0010304287040845915,0.12014273287951592,-0.020808251860501035,2.378401240467717,0.6519784594868603
0.009347347535505765,-0.004735209788584573,-0.007908047414292031,-9.738171049070225E-4,0.1272152535085168,0.006132999398567064,2.3601007123027244,0.6138994286491456
0.009502226097731315,-0.004689943083846024,-0.00790740715141342,-7.35257094176006E-4,0.16428677294057062,0.1560845271492207,2.347493909854267,0.4521364300796197
0.009460972620960337,-0.0046741756824805825,-0.007878367924693184,-7.902388163534958E-4,0.1528692189809509,0.11104636354255051,2.3298617598589755,0.48912226022476946
0.009426230680655973,-0.004689140990504674,-0.00788411180320319,-8.446709826172299E-4,0.14517142749792342,0.07848866909720927,2.336752185372695,0.526236842155903
0.009382353595078984,-0.004704757448551997,-0.007886835250792703,-9.127579801793847E-4,0.13497293342501107,0.03662110658238752,2.342170423753107,0.5725495834289122
0.009585894795755875,-0.004654283290947417,-0.007889314961964952,-6.05285448829671E-4,0.18303265594172322,0.23390314538619963,2.3277406489261203,0.3634506242360818
0.009623840780823935,-0.0046220098266911746,-0.007862398462794318,-5.437685646467973E-4,0.18972453255687505,0.2652418519055406,2.3052083927635336,0.3208076906053106
0.00871968681661603,-0.004978513905470091,-0.007838394784846457,-0.0019941907046160203,-0.02056181942976396,-0.607620400775864,2.3575493670816896,1.303460639659679
0.008695869753582167,-0.004987630979354356,-0.007831096990386668,-0.0020332557399420545,-0.02537562670685826,-0.6312859939353785,2.3540218308809524,1.3301146803393102
0.008668876750259909,-0.0049816157417388665,-0.007804296532169258,-0.0020651730291394686,-0.02933972991542332,-0.658558262463612,2.3359235549279465,1.3534016551034114
0.008732221828322513,-0.00495118683704324,-0.007817108414644282,-0.0019575035284391845,-0.01573278434223993,-0.596094562127345,2.3404457045717955,1.2803585323235138
0.008791822930381363,-0.004930958963803599,-0.007836263329148357,-0.0018622344396205977,-0.003314741664247202,-0.5371277070103058,2.35006232155602,1.2152239738139456
0.008751176297615052,-0.004922525737091814,-0.007798955499523649,-0.0019116510248864732,-0.010041355670114598,-0.5781077064745731,2.3252593668483517,1.2506494774154604
0.008877746341433282,-0.004910623761700147,-0.007870008800303948,-0.0017301778890005204,0.014937059739754953,-0.45157983196030704,2.3683280117118364,1.1246869710720941
0.008847665240497352,-0.004902487244830846,-0.007841778091647295,-0.0017666653564384599,0.009458037926134174,-0.4825236823310965,2.349779518710293,1.1507787190665537
0.008812826698699837,-0.004891728386718403,-0.007807160290945068,-0.0018072809780195207,0.0035685911127827552,-0.5180217410949056,2.3266369459915173,1.180062670053626
0.008900567357989235,-0.004885744071252719,-0.007856629012921279,-0.0016829108011282622,0.02117714944825123,-0.4303498473135626,2.3566598471914815,1.093764352190753
0.009018634301627033,-0.004836802086600037,-0.007871126046785729,-0.0014893719221744466,0.04862621823732436,-0.31516223768645696,2.3582775563167533,0.9630071942568218
0.008926429566369236,-0.004861827694613981,-0.007845921385411722,-0.001632495371346641,0.027820552870257847,-0.4060952826675704,2.346754494535993,1.0604573757765883
0.008981521769422697,-0.004839814893415156,-0.007853786639084022,-0.0015430260605863047,0.04049517209026799,-0.35239382209994846,2.3483621740684106,0.9998834994373041
0.008950263724214988,-0.00484081004219299,-0.007836903239583937,-0.0015870436838339177,0.03383874057997014,-0.38377866665160965,2.3382761217486583,1.0303295233961947
0.009045591078703369,-0.004795248386495509,-0.007839932149953743,-0.0014293286434929004,0.05602394953110966,-0.29214328800233175,2.3334259265247304,0.9238827647558281
0.010147138383135345,-0.00461748037288099,-0.007891067985963151,2.1399919645467637E-4,0.3188250503651549,0.7919313700113304,2.2780469781460866,-0.1871574618896006
0.010197263406180853,-0.004613415860168301,-0.00788207450307851,2.8614465068165E-4,0.3296914703572496,0.8403073027955382,2.2664957267089147,-0.23540561077915573
0.010296195116353827,-0.004621477824492025,-0.007877826395539815,4.2990272742708706E-4,0.3541334450272808,0.9414630769643242,2.253007515875479,-0.32973232603001623
0.010247034977687839,-0.004584675069579989,-0.007845121993364625,3.5415951428684634E-4,0.33532609345222936,0.8780864550097442,2.2345772278457976,-0.2834281561677214
0.010119693091091255,-0.004582438084585389,-0.007854970286828326,1.7202761541308459E-4,0.30578217344899444,0.7517561084278057,2.2547219764588093,-0.16243348901969418
0.010395288627453203,-0.004601370163450335,-0.007837828658575881,5.678333384398116E-4,0.37127065033566836,1.029398395303529,2.2131904650157352,-0.4230076619917002
0.010452912936148848,-0.0045805118985482824,-0.0078025166710652535,6.443350496471068E-4,0.37813563358389685,1.0750152552434515,2.1811368517281076,-0.47580060422336257
0.010344204053263266,-0.004577460357744506,-0.007822177639166462,4.908691466904838E-4,0.354992681603398,0.9695773923600942,2.207526943813598,-0.37480815452277233
0.0110109059912958,-0.004574552033920208,-0.0075827117520276335,0.0013902255566937648,0.4660790229134099,1.563952741364088,1.9508077055154407,-0.9586163602810381
0.010947951793893391,-0.00454798630240458,-0.007587707042158679,0.0012968760231298223,0.4506590238479657,1.496391638070411,1.9636967885475585,-0.902561661094296
0.010892016913449036,-0.00450506903668726,-0.007570921288644371,0.001205551680928287,0.43169789082244464,1.4244871652755677,1.9598680215069664,-0.848898100841418
0.010830280134009987,-0.004477085666859914,-0.007569934817139286,0.001114911638122477,0.41590342007097875,1.3571764220147584,1.9674934516995197,-0.7934532743779114
0.0111135826574522,-0.004563007270561773,-0.007515348586217266,0.00151206416046893,0.4738465675637756,1.6363123232820167,1.8883147602006074,-1.0361502987271425
0.011162588275009332,-0.004530852420515636,-0.0074556954364142485,0.0015529726560994845,0.46903727937687256,1.6501918601336822,1.8397871748925865,-1.0639243181008569
0.011061252998086614,-0.004531739898061169,-0.007513403645141547,0.0014304480677962122,0.4592581771386454,1.5752780264599637,1.8952168485645637,-0.988117295720999
0.010569984867484299,-0.0045530697535737606,-0.007741943094188609,7.988157368755089E-4,0.3940245183965749,1.1710259847520292,2.1235570359697498,-0.5803734246217066
0.010768670989448469,-0.004445572782753958,-0.007563386133070476,0.001023817672894001,0.3993114667493293,1.2883945462331123,1.9709927274858166,-0.7378298443637489
0.010727806430747066,-0.004486232729462261,-0.007619872391870999,9.867803473412287E-4,0.4033488370442508,1.2761200097182177,2.016376078414527,-0.7098855387919302
0.010664577048000596,-0.004503078567857568,-0.007659705157421705,9.098968262799605E-4,0.3976006232435454,1.2304119983409307,2.0527576237977736,-0.6584932350108311
0.010606707874275506,-0.004507363835913915,-0.007683099399143728,8.34398464142532E-4,0.38896519156508996,1.1812758251739586,2.0766191052967145,-0.6087022973657331
0.010506192212553615,-0.004530403879106233,-0.0077361157245544035,7.05341526897859E-4,0.3764824764891744,1.101211306892443,2.126899784698931,-0.5214426552340444
0.009705350422780203,-0.004579792998051634,-0.007831711476355923,-4.199352843814448E-4,0.20560408209816866,0.3373460409393884,2.2760271254357525,0.23531932411540674
0.009746748545468887,-0.0045891097918753605,-0.00784792936591575,-3.624665998895292E-4,0.21682700017369463,0.38112146929944307,2.284275856384862,0.19680804336541233
0.009854301353536142,-0.004609283435863304,-0.007881616289194393,-2.1029806993913983E-4,0.24585222302166349,0.4947679598045012,2.2991495635187307,0.09538900286621933
0.009796428958416741,-0.004599130602799613,-0.007864992723201328,-2.9264708061585025E-4,0.23010216551214516,0.4336567900656904,2.2922987301976074,0.15016744850579078
0.010075246913166507,-0.0045794253183352885,-0.007853954340486744,1.0828836249138968E-4,0.29471532005268924,0.7066885946611385,2.258389719102326,-0.12020400018812583
0.009914434462860331,-0.004589579283133276,-0.007864132992405529,-1.2242435807162974E-4,0.25788074011694256,0.549525920138355,2.280994857637855,0.035042318531656465
0.009963509541609248,-0.00457497920382344,-0.007850078304905054,-5.158276395778884E-5,0.2673548295125354,0.5941335188843442,2.2662368996950293,-0.013582366253216712
0.01001646986651047,-0.004569315414801602,-0.007844376277343613,2.40777388098673E-5,0.2791385372556512,0.6450129691471417,2.2570989606942855,-0.06475391925877555
0.009677488311018716,-0.004544180475513747,-0.007788972915344709,-4.531774570722056E-4,0.19573098347970896,0.3012593124552239,2.2471604897482576,0.256495640469167
0.009629446205526153,-0.004566379810713926,-0.007803650615556588,-5.245429872267203E-4,0.18646667361132052,0.2584959072810655,2.26194961861304,0.3060142808851309
0.009584428385518231,0.004635144610023091,-0.00786813775881461,6.030479506968196E-4,0.18111637143249057,0.2282777624764502,-2.3125503094646724,0.36134244802261867
0.010312307668502134,0.004506393772879621,-0.007752269225867704,-4.3415837616711663E-4,0.33300275582087663,0.9092783299200534,-2.1602171283205425,-0.3444741621069522
0.009635092113270568,0.004618699589908484,-0.007861103135886768,5.270014612908875E-4,0.19226433545602817,0.27584527644593443,-2.3032617191912528,0.3092914712367463
0.01016990362714448,0.0045120483058855,-0.00777600706639722,-2.376352414123027E-4,0.3039190452680678,0.7753633813337847,-2.1922011147135687,-0.21265395606643392
0.010214104603042222,0.004493018152543949,-0.007751582939586024,-2.969728019206808E-4,0.3099384130344718,0.8106973268709413,-2.169884048562976,-0.25414317066326836
0.010259335142573168,0.00448358473638845,-0.0077361608505379055,-3.579925747446967E-4,0.31745468838917756,0.8498893695555149,-2.1540055354760743,-0.29561540366391187
0.010135690775242522,0.004487638823690484,-0.007752927255902731,-1.883318253837678E-4,0.29216551267412283,0.7335201765519056,-2.1787652395015424,-0.1814194151701504
0.010097027162755715,0.004492115571170828,-0.00775991106656622,-1.351429306423231E-4,0.28478755850621645,0.6978365038939539,-2.1877055885141554,-0.145272157802786
0.009745182054467583,0.004609640592426792,-0.007869950882949282,3.675687451021006E-4,0.21867098841783708,0.3846792211082963,-2.300311800597924,0.20124382564196996
0.00968582864099111,0.004606462105364467,-0.007857259293962202,4.521594007313849E-4,0.20359783311495425,0.3241423658579908,-2.296182883913311,0.2581559704429001
0.009998603344185023,0.004570107489044202,-0.007845263597505455,1.3943787761742311E-6,0.2750698089227069,0.6275033336043384,-2.259431068302334,-0.04759107940510736
0.010042029192980806,0.0045083081532429885,-0.007778881694362415,-5.9290239641169515E-5,0.2752853149952284,0.6499875886528897,-2.2069927729413155,-0.09300381914111436
0.009906535333930664,0.004587563681676032,-0.007861547513291637,1.3366537204282668E-4,0.2556305217065415,0.541016532550278,-2.279814704482268,0.04236737771981739
0.009945108867632778,0.0045608008809300184,-0.00783433124434182,7.743438762226841E-5,0.2609238278843774,0.5715352756746822,-2.256470762468862,0.0026689692739909473
0.009798245734122666,0.004585936106672866,-0.007850939589326577,2.8857916322489954E-4,0.2290956515166199,0.431882272226421,-2.281884403458802,0.14672875851990919
0.00984942758190074,0.00457134333981933,-0.007840161595466867,2.1416787363561453E-4,0.2394479757957116,0.4791366049070246,-2.2694945044944244,0.09562413473309528
0.010556059552017777,0.004535702481605956,-0.007727852195336576,-7.747150318718481E-4,0.3871179253405818,1.149536434995899,-2.115031652559933,-0.5664020031716323
0.010509184262716856,0.004508759685826369,-0.007712754530513259,-7.036780469155903E-4,0.3719014585647878,1.0936836016340261,-2.109625939518761,-0.5226296116312507
0.010879247476804268,0.004533004763113665,-0.007604825725967623,-0.0012019288766818,0.43770037947343626,1.4306553407193359,-1.9855898562029097,-0.8435457729682039
0.011053509468423782,0.004557539898197097,-0.007543143213729719,-0.0014347439522970522,0.46583670068742805,1.5862631633480848,-1.9168484749059884,-0.9882484642734258
0.010990157831034396,0.004551869898128397,-0.007570649601509486,-0.0013523204419402864,0.4571241650522025,1.5328064609299525,-1.9454833558128286,-0.9372797645459992
0.010937302544592879,0.004490654523451855,-0.007535540612704484,-0.0012558617395882921,0.43372587998138895,1.4519918852197016,-1.9288536580852857,-0.8820327559862547
0.011095287944620166,0.0045073936713719755,-0.0074710519146448775,-0.001458708490597974,0.45581493734702155,1.5846671181314436,-1.8608316732532233,-1.0079414050278854
0.010655993291727705,0.004509293191556654,-0.007668983061413706,-9.006611053218432E-4,0.397782366322115,1.2257686599044322,-2.060445063924027,-0.6515140383994028
0.010603539728915028,0.004509230183875305,-0.007686035739573477,-8.30776067562898E-4,0.38883332344006744,1.1793534080853776,-2.0790708328373104,-0.6061962297487709
0.010770573669627909,0.004495793702798795,-0.007613177368195167,-0.0010459185797711838,0.41260453603486397,1.317840039141858,-2.0059920440495453,-0.7472841398834008
0.010824481454806342,0.004503416373217846,-0.0075988596789703265,-0.0011186103312680708,0.42208375903958834,1.3675075267099874,-1.9888147277643642,-0.7932154389357865
0.010696980989784452,0.004466509012329127,-0.007611092257837004,-9.395522388838008E-4,0.3940062487065244,1.2389969413074013,-2.013915548530376,-0.6813132398485808
0.010740170597201969,0.00446172275492435,-0.0075904715169785196,-9.936103225194849E-4,0.39899185979137747,1.2731547697493268,-1.9938216205140809,-0.7165952109088316
0.01045029171655229,0.00451921959376257,-0.007738368092496381,-6.261647400306157E-4,0.3633552662619261,1.0442043739349034,-2.1349168603997595,-0.47044770748577724
0.01038284261807624,0.004509923720414186,-0.007743251342418169,-5.31784957263789E-4,0.347886167725278,0.9772106363265177,-2.145933261556291,-0.4090347026382242
0.00787902553693478,-0.005373979849494703,-0.007443260199059775,-0.0034113186316579065,-0.13106714705050307,-1.4563352506045446,2.110072387742395,2.2962665656382515
0.007858830642182287,-0.005372694700965948,-0.007416951045514747,-0.0034303915171092253,-0.13001701038707292,-1.473020598070865,2.089076410489838,2.3098316520876954
0.00790426539305345,-0.0053565744203535005,-0.007456312074757985,-0.003363796713035033,-0.12987736283264217,-1.429504989379044,2.119328367688699,2.2621002038145246
0.007886153869428389,-0.005357722738179043,-0.007435373801848374,-0.0033839817867361657,-0.12933243231232197,-1.4453503107220254,2.1028393312901588,2.276577887578697
0.007946684421411632,-0.005331954143997032,-0.0074819398164108425,-0.003289397718465183,-0.12795703694066374,-1.3858542819178359,2.137818466868685,2.2088181381558303
0.007907667544269855,-0.005341043498691578,-0.007444486247752645,-0.0033414073539291475,-0.1279635174591388,-1.4221244996850713,2.10903455086527,2.246125345913017
0.00792204520438987,-0.005331242335870233,-0.007451751377364402,-0.00331458773487294,-0.12719217707746613,-1.4070244328686348,2.1141359618751356,2.2269679770171087
0.007834989417539693,-0.005371138960855069,-0.007385720206235034,-0.0034524516983612144,-0.12869798745901664,-1.4923088416157204,2.064075274700663,2.325343656687999
0.0079584966442488,-0.0053125199225259045,-0.007475799494422085,-0.0032537757509575054,-0.1256201483253874,-1.3704248418811924,2.131690508436827,2.1835751483359016
0.007964992875468486,-0.005285959580368218,-0.007456071706776758,-0.0032157555276392607,-0.1224304935419935,-1.357812001915203,2.1146510275106523,2.156819282259327
0.008002694485083721,-0.0052517484881835635,-0.007464369322355475,-0.0031361104338815016,-0.11829814600448142,-1.3167121203355812,2.118805581873201,2.1007731480978538
0.00797677502744283,-0.005260915937697217,-0.007444126416389357,-0.0031742845829023404,-0.11929076114585088,-1.341249849832982,2.1038313310625867,2.12774760228412
0.008038368844530951,-0.005222250230426599,-0.00747418084381057,-0.003064362517125418,-0.11446911071277699,-1.2788297838986102,2.1243808761975878,2.0504807251188697
0.008010252435696242,-0.005224472156140909,-0.00744507844454735,-0.003097215817407446,-0.11485136072230905,-1.3035519814811123,2.1023683479704434,2.073806805192264
0.007803246155589297,-0.005379673946587073,-0.0073544083659089566,-0.0034944841234680404,-0.1278968591769777,-1.5209641810003338,2.0393336473937693,2.3550590652614463
0.00781538325961867,-0.005362153584659505,-0.0073522983103835845,-0.003460621862022463,-0.12661854890039262,-1.5051872460844125,2.036972519168602,2.330599846642152
0.00778233462342855,-0.005379684995911401,-0.007327980523448449,-0.0035147510583734,-0.12675742983806462,-1.5375654619444032,2.0181222285855758,2.3690056679859386
0.007762357638051538,-0.005383719788700473,-0.007306526005628147,-0.0035389431454022967,-0.1259159200105706,-1.554595080356603,2.000992031718708,2.385784322795247
0.007743807857756656,-0.005390061547108641,-0.0072889392865583,-0.003564517885856509,-0.12534570401843134,-1.5712020133663314,1.986985754795916,2.403626172601936
0.007726287209084213,-0.005397964492891443,-0.00727398141883488,-0.003590984837312275,-0.1249867904487872,-1.5875118809539286,1.975083241200305,2.4221845058386258
0.007714179061463815,-0.005409996732601466,-0.007269810053431523,-0.0036177463655988973,-0.12519908769735713,-1.6013527135332317,1.9719387355399096,2.441447486357948
0.0076956582372547,-0.0054172226380949035,-0.0072525271732078655,-0.0036440714361767085,-0.12456809837882218,-1.618024035592501,1.9580307020967902,2.4597600252374683
0.007669558444143133,-0.005423335356518345,-0.00722399124442897,-0.003675527934523592,-0.12302259537287961,-1.6395449967173044,1.9348678968883968,2.4810948977765146
0.008113998367745375,-0.005181229939322749,-0.00751413528030215,-0.0029360961060465956,-0.10774665484278236,-1.2037038937803912,2.1515754288204314,1.9604913717991594
0.008126054370957023,-0.00515697851502751,-0.007501841202121705,-0.002896914879245623,-0.10424478356812336,-1.1883535700466101,2.1406696319053045,1.9338171696012005
0.008085695336176464,-0.005185605166395304,-0.007488332625779051,-0.002972323501364923,-0.10909003952902337,-1.2295420818334615,2.1325715704509496,1.9862440528850025
0.008057945158598845,-0.005194681700638092,-0.007467525155416203,-0.0030126668676933037,-0.11067921078169653,-1.2556725704875138,2.1175280428802115,2.0146840929253256
0.00834258240860088,-0.005013891824361942,-0.00756648570771195,-0.002505767322064784,-0.07350202596586984,-0.9726973589620495,2.1766466569661436,1.6645583806471407
0.00831558085776587,-0.005009451718534067,-0.007537074905688668,-0.0025335774340187384,-0.07538893341764465,-0.9965689763071428,2.155335532337386,1.6847320080031287
0.00825254776275065,-0.005097732655819835,-0.007568695325749116,-0.0026915468442392583,-0.09053860148239683,-1.065173936895535,2.185128120519343,1.7907040890042156
0.00828859606015913,-0.005062325127382222,-0.007566507348771565,-0.0026149405673747132,-0.08361834295980985,-1.0276385594130515,2.1806493650822953,1.7386399391636715
0.008263966721966304,-0.0050737607687977564,-0.007554786978171751,-0.002654854433709521,-0.08669424331198704,-1.0515005577836516,2.1731258645924094,1.7663116315445904
0.008178483493655504,-0.0051273716543309535,-0.007525553110614757,-0.0028069428732516305,-0.09834588524847653,-1.1365707876213091,2.1560080921226112,1.8713269935158594
0.008203620510132743,-0.0051080983626793286,-0.0075310178122922344,-0.0027586574533594063,-0.09469989097149717,-1.110935820549338,2.158547818745752,1.8380688938231298
0.00822628947697033,-0.00509261931037927,-0.007537549453267593,-0.002717114692055819,-0.09160811211379007,-1.088204323531663,2.1620947849948315,1.809459145940112
0.008126958394938292,-0.005128315176661967,-0.007473452188426342,-0.0028659292000030403,-0.10056875552112184,-1.1820825605500953,2.117532513089646,1.9133675349827415
0.008152995467151895,-0.005116745990250327,-0.00748855578045952,-0.0028249153840297922,-0.09831490009525028,-1.1572175757700705,2.1279266732812774,1.8848442550470828
0.008288878450827913,-0.005026047003537643,-0.007529229843936366,-0.0025802703557298965,-0.07930967270411143,-1.0226230427642176,2.151044298209088,1.7166841735793545
0.006464466094067262,-0.006464466094067266,-0.005892498509988788,-0.005892411815686938,0.16481210349658051,-2.685593405558501,0.5789373679493025,3.8483125800081264
0.006449001363531614,-0.006460091842724961,-0.005863288635052351,-0.005881619289102132,0.16376955430970572,-2.6740732073181426,0.5635857712574833,3.822789756908087
0.006453376348240325,-0.006475590734211071,-0.005873956819204521,-0.005910895456188108,0.16928905244724238,-2.689911756939465,0.5591170040667449,3.853745548485359
0.006437850901075501,-0.006471216575903584,-0.005844694465406403,-0.005899916759502309,0.1681331324110424,-2.678096645934005,0.5438767157838847,3.828022075220613
0.006442321599068367,-0.006486750166079204,-0.0058553458844954375,-0.005929332008342211,0.17444076186514224,-2.6940207610327387,0.5391773862315842,3.8590264190510246
0.006426745951541932,-0.0064823986666392676,-0.005826064960790714,-0.005918196571748738,0.172422826444076,-2.6820018429768417,0.5241191487258473,3.8331156947788476
0.006431301956387209,-0.006497944278924988,-0.005836676158964668,-0.005947710972181982,0.1796252312030077,-2.697924986527164,0.5191491890129035,3.864153771759007
0.006415693755256958,-0.006493630175321661,-0.005807410724127333,-0.005936447269446705,0.176752983131939,-2.6857833239993334,0.5043202648813571,3.8380685927986806
0.006420317529674782,-0.006509172961654168,-0.005817952451413492,-0.005966027548875076,0.18462103649919126,-2.701638126686214,0.4990525198102825,3.869116064962716
0.00640469049086978,-0.006504903943029656,-0.005788724003767689,-0.0059546561098381195,0.1811388623455017,-2.6894302804508516,0.4844831554664519,3.842864096386157
0.0064093684280484495,-0.006520436102827724,-0.005799174309781823,-0.0059842821806939716,0.18947973111482994,-2.7051701334854177,0.47889255547029513,3.8739048534765943
0.006393729986253091,-0.006516218055678479,-0.005769994031590051,-0.005972818434517636,0.18554746487013654,-2.6929347934980914,0.4646061006777888,3.8474894399854684
0.006398454760262389,-0.006531733590664734,-0.005780338801298072,-0.0060024777349587865,0.19437772044698667,-2.708525617536574,0.45866694316249307,3.8785207936204054
0.0063828079434423805,-0.006527577018095147,-0.005751213811586448,-0.005990941088069625,0.18994037641259945,-2.696292833460202,0.4446794210434786,3.8519430278333684
0.0063875766347050176,-0.006543065313045259,-0.00576144293965002,-0.006020617101732895,0.19948584799482846,-2.7117105182105266,0.43837915373552,3.882974869570722
0.006218447357971207,-0.006728936011698175,-0.005451653811808431,-0.006302501712718935,0.27299743605896853,-2.7421449275258643,0.11045305147028557,3.9268683671468616
0.006212833781750062,-0.006713684140227699,-0.005442938424708361,-0.006272424525781007,0.2618017164331125,-2.727750334267423,0.12056759052282988,3.8965050306203044
0.006208189667499153,-0.006740832253114333,-0.005431820589814046,-0.006319602978408538,0.2779751191217758,-2.7425209327746214,0.08963714120958965,3.9280060476048644
0.006202565460279288,-0.006725620408166054,-0.00542328092684467,-0.006289561439207523,0.2661404424087915,-2.7284288934732737,0.10012919886081544,3.897714427791833
0.006197969404967168,-0.006752760656429177,-0.005411934655379782,-0.006336641052339854,0.2829330076059951,-2.742742612197064,0.06881335960127682,3.928960350163216
0.006192341167927093,-0.0067375960222073325,-0.00540358007808013,-0.006306652635306164,0.270490362436139,-2.728946236986553,0.07966645503095952,3.898742755111258
0.006344421709587206,-0.006588732293902653,-0.005685355833851856,-0.006092519127738425,0.21724864632290183,-2.723219810508231,0.3573081086469241,3.899025130535564
0.00632887156941347,-0.006584939939888203,-0.005656705301319994,-0.006080824421301728,0.21310766904249387,-2.710610557574833,0.3441796225538824,3.8716256356569825
0.006355156589749449,-0.006577264761224861,-0.005704433616639438,-0.0060746602291023065,0.21471334358977334,-2.7204677833523703,0.37749561356701405,3.89538095177696
0.0063396015929784895,-0.006573454326800528,-0.005675747801312082,-0.006063061816578073,0.20801072059025064,-2.7081384504364077,0.36435328934072936,3.8681578815462316
0.00636592744198593,-0.006565831011279577,-0.005723476537567637,-0.006056721355202593,0.2105731168052313,-2.7176462244069426,0.3977398002118653,3.8914439882397196
0.006350329343094333,-0.006561952892486561,-0.005694666827206558,-0.00604514389098569,0.20307143991915774,-2.705445335197432,0.3845062008161139,3.8643769959403755
0.0063767341593964424,-0.006554431157513266,-0.005742485738125909,-0.006038701251418892,0.20501970989827914,-2.7147404022434487,0.41805252407319166,3.8872852724435574
0.006361095777408672,-0.006550452286175487,-0.005713531229929264,-0.006027113076901524,0.19856854728637033,-2.7025557833845073,0.4046253256174685,3.8603764427171288
0.006371925509562619,-0.0065389878984558674,-0.005732385550091708,-0.006009036944983922,0.19427528321713664,-2.6995010347684474,0.42468781085006296,3.856232285198527
0.006259095179168151,-0.006638689825056642,-0.00553100839814883,-0.006155654663035436,0.23674406965053807,-2.7056787315982764,0.22463012042130634,3.8559478818948176
0.006313029372753888,-0.006580843161780119,-0.005628157037585201,-0.0060690158462079445,0.2144039074979928,-2.6969912863107286,0.32541335194803395,3.844081481503217
0.006269775220985776,-0.0066269816753268505,-0.005550482659324617,-0.006138309789882813,0.23224266733262597,-2.704186139015556,0.24483724201593945,3.8538069607456005
0.006280521223727179,-0.006615338642318146,-0.005569955712133618,-0.006120970419382431,0.2277462779711372,-2.7025756915094394,0.2650364758101853,3.851559722392181
0.006291325632945812,-0.006603760706619157,-0.005589415323987011,-0.0061036331820455295,0.223259758851843,-2.700842200846926,0.2852189061794235,3.849196194561149
0.006302175388894156,-0.0065922606449945985,-0.005608839687422751,-0.0060863163066816545,0.2187964037632625,-2.6989876781624704,0.3053618132303428,3.8467189120076664
0.0062484868514748465,-0.006650461104627764,-0.0055115420641683585,-0.006173004425223077,0.2412392692772031,-2.7070563578284497,0.20442250632120404,3.8579876791780863
0.006237950460513384,-0.006662285530466192,-0.005492083478051544,-0.0061903422371998125,0.24571807746545413,-2.708312259852663,0.18421999829934763,3.8599124496633084
0.006227482648023774,-0.0066741517271991695,-0.005472626694770146,-0.006207647384154614,0.2501811030053908,-2.709436319946541,0.16402587176426306,3.861701394023815
0.006206747691815399,-0.006697994266068988,-0.005433709404338935,-0.006242134109674811,0.25908725422241036,-2.7112792511149557,0.1236704707254674,3.86484614301513
0.006217081680523662,-0.006686054211081079,-0.005453168717758027,-0.006224910261288341,0.2546361925907386,-2.7104244306535983,0.14384260674884916,3.863344925091838
0.006520436102827721,-0.006409368428048451,-0.005984253793669869,-0.005799203434074221,0.14630288094622254,-2.6619226048717595,0.6770035791260692,3.817759208943461
0.006531733590664734,-0.00639845476026239,-0.006002466510999167,-0.0057803500768103,0.14029794568241616,-2.656880978159301,0.6966809075609094,3.8110111154543955
0.006516263511849594,-0.00639378473558086,-0.005972963373645595,-0.005770041807368484,0.1359207007469381,-2.646412826945276,0.6808093694860142,3.7866171921124585
0.0065276477368777334,-0.0063828007305902655,-0.005991117655912228,-0.005751158067335453,0.13194341841641463,-2.641211052343964,0.7001458937749075,3.7799407914091216
0.006523366872924232,-0.006366702032659537,-0.005979722812695397,-0.005721854156882196,0.13027342940815148,-2.6251732512146297,0.6967024178211525,3.749374738717916
0.00653082997024057,-0.006339627004194216,-0.005986462583661984,-0.005673711258355702,0.12177649177110415,-2.6044743227591636,0.7149378632742324,3.7120745372896926
0.006518979374569901,-0.006350133521299072,-0.005967831494328482,-0.0056917132409207635,0.12600501537657782,-2.6092178694876336,0.6957564471510337,3.717746983520048
0.0065731172995390505,-0.00628157395692453,-0.006045874041858599,-0.0055717389733373895,0.1020013374369843,-2.5680891263364747,0.7864578972923063,3.6560004116488223
0.006526917492116756,-0.0063233539013617624,-0.0059753063227212105,-0.005644395195149441,0.11838562248420102,-2.5890752503572654,0.7134796013494794,3.6820356499904388
0.006538347470538017,-0.006313052335910573,-0.0059929514736586885,-0.005626660478278572,0.11433239467136613,-2.5841794922731727,0.7316779204410776,3.6760243345913826
0.006549515409797392,-0.006302071403595674,-0.006009827035482167,-0.00560758903633006,0.11016109030100672,-2.5784417532096953,0.749555695545177,3.6684408670577837
0.006561301638790966,-0.0062914864508158705,-0.006027785209569853,-0.0055891275051063805,0.10600607179209377,-2.573064764180808,0.7680933647601255,3.6617952356518053
0.006584393791960516,-0.006271129420573707,-0.006062731595468857,-0.005553281888484575,0.09801333213296169,-2.5623160847682693,0.8040951071797043,3.64863158828734
0.006594948176590196,-0.006260004315911921,-0.00607796888058278,-0.005533510501655534,0.09388469626901179,-2.5556122101822663,0.8206837668844783,3.6393639258056965
0.0066539918009901776,-0.00620620047647706,-0.006163874625299275,-0.005436164676252305,0.073333122106553,-2.5227549949811228,0.9104625536738932,3.5974562812808197
0.006666072980394477,-0.006195918856901571,-0.006181317376580683,-0.005417175939363841,0.0692630506911993,-2.5161485035848536,0.9283877003443867,3.589337621316066
0.006630535054306741,-0.00622743723032464,-0.00613009504717833,-0.005474938361863466,0.0814508174329761,-2.5362024985105527,0.8751744811380643,3.6146037321097553
0.0066420602307703065,-0.006216702097029131,-0.006146649280118036,-0.0054554104442485684,0.07733219770118958,-2.5294266601349116,0.8925796264078457,3.605819310532415
0.006606419372735894,-0.006249048992960639,-0.006094752241343017,-0.005513936258337324,0.08980700233755994,-2.5491263884371667,0.8384404239551032,3.6308748560970208
0.006618142994296625,-0.006238100275778134,-0.006111850739197823,-0.00549425355399526,0.08557485385112375,-2.54255851873021,0.8563914287570827,3.622384763661976
0.0068401335939103315,-0.006069720587879786,-0.006429501907039827,-0.00516903480367491,0.017005287645342673,-2.4213782609363697,1.1765779360706343,3.4821073237805193
0.006828163328049196,-0.006079821303742718,-0.006413870485662803,-0.005189345979278306,0.020688629105458697,-2.4301820272735735,1.1603600295156709,3.4932978181787244
0.006816211622464743,-0.006089836953846669,-0.006398092766340111,-0.005209403328648048,0.02440270674730503,-2.4387704591075714,1.144011791627193,3.504154653272668
0.006801026339975831,-0.00608375569140267,-0.006368632200626609,-0.005201953926806352,0.026314629860891028,-2.4332507830889294,1.1207377516547778,3.486952467387187
0.006678421791835773,-0.006185790721039955,-0.006199165180462435,-0.005398318134216539,0.06531535628041812,-2.509528419338079,0.9466186662140662,3.5813836978072193
0.0066898550646266415,-0.006175237093329272,-0.006215105759232186,-0.0053786744074398015,0.06133070415099957,-2.502234400694457,0.9633941732330825,3.571901250409113
0.006788593107516851,-0.006093081062980084,-0.00635156273376537,-0.005220607885700995,0.029996639765709505,-2.44085051171302,1.1035837430327502,3.4959230062335642
0.006776192676720332,-0.006103134353717224,-0.006334773429222325,-0.005240405236841834,0.03380255055388415,-2.4489107485751886,1.086428395921649,3.5058542783249034
0.00675047885385931,-0.00612303903511732,-0.00629911427691631,-0.005279441938297261,0.041642913293452245,-2.4642805459452273,1.050382292480654,3.524164087203014
0.006763211787157424,-0.00611286186123773,-0.006316689738688046,-0.005259615343114538,0.03765823150781126,-2.456489223890049,1.0682514767162585,3.5147093478062423
0.006725908646130069,-0.006143945700060407,-0.006265366431744941,-0.005319565059929951,0.049538066146315195,-2.479934301389847,1.0155301480857342,3.5437942034984
0.006738097710694241,-0.0061335069313235525,-0.006282147566554183,-0.005299598889709566,0.04554688242155738,-2.472201455627637,1.0328693374833502,3.5340741944164953
0.006701773729562481,-0.006164729871863387,-0.006231786538040078,-0.005358960736758864,0.05741087794599222,-2.4948792982699284,0.980772613128304,3.5625685678343255
0.0067138121750110495,-0.006154316657464101,-0.006248583027463014,-0.005339284367084953,0.05341440827890421,-2.4874764269362832,0.998155666360031,3.5532575911358335
0.00758297469844528,-0.00549495619991792,-0.0071738041664553,-0.003846867617424295,-0.12075748742507944,-1.7323586199687782,1.8936133940658488,2.603780114101849
0.007557168942214385,-0.005494771033482027,-0.007138011755840644,-0.0038679576156014097,-0.11805576821023571,-1.7494907029562363,1.863894316551651,2.61635353111955
0.007537592082371911,-0.005495788815235423,-0.007111819711028085,-0.00388522428838337,-0.11605689125366885,-1.7626866074958065,1.8421169400962132,2.6267465876529834
0.0076396003687465635,-0.005452162253196314,-0.007211131616906299,-0.003740260903837826,-0.12292741072495751,-1.67341406840843,1.9244912122262752,2.527737355397013
0.007648944269558648,-0.005431301248273037,-0.0072041486642588585,-0.0037042449357635177,-0.12201258953537612,-1.657628413506017,1.9187396555641185,2.500837702602322
0.007614711125237793,-0.0054603329466385245,-0.00718520498219928,-0.0037727484669721313,-0.12132598001282859,-1.6944825128899628,1.9031877859917796,2.549823235756891
0.007587488479876843,-0.005466198269988842,-0.0071536656755191936,-0.0038037156708837752,-0.11913683778066897,-1.7156693238733032,1.877180429182576,2.5701214258415876
0.007514071980665846,-0.005546545627855262,-0.007124264291588986,-0.003975224095352999,-0.11656084784187902,-1.8035278481011725,1.8513899451732974,2.6952556552367004
0.007495025659340168,-0.00554982413136202,-0.0071000844190619245,-0.0039948440074225365,-0.11442398642728115,-1.8173042507800041,1.8309650714746744,2.707501782356879
0.007477319447097996,-0.005555619572026383,-0.007079908918009532,-0.004016782885929313,-0.11253074426983108,-1.8313281811642688,1.8138065949048148,2.7218016423728746
0.00746197252716853,-0.005563143930104325,-0.007064474255775993,-0.004039236006353649,-0.11101199508946098,-1.8446808855643984,1.8005440827218193,2.7369515027252524
0.0074484485042564785,-0.005575468153048394,-0.007055677819173145,-0.004067154223079102,-0.10975777323856002,-1.8594919901875522,1.7926114477629902,2.7569930899382293
0.007431017521159758,-0.005579993722413209,-0.00703431453028924,-0.004086578949047155,-0.10780880665400795,-1.8722024530528374,1.7743492654186734,2.769037454744858
0.007325291031078436,-0.005664073227648368,-0.006947893523760601,-0.004284687162911957,-0.09504421637976558,-1.9792558471236188,1.6955530306688276,2.9080221290416293
0.007308571730794796,-0.005669247336481169,-0.006926735444235519,-0.004303376385642575,-0.09254298221175067,-1.9907866618348604,1.6769951200947995,2.9189633009055993
0.007410351226739891,-0.005591648363485442,-0.007014154691202976,-0.004118529651778312,-0.10537535815783805,-1.8905864276871471,1.756712442092926,2.7906399874544285
0.0073898204685794245,-0.005603824584042728,-0.006994330248798368,-0.004150950392048501,-0.10301471084960341,-1.9089923933654234,1.7392345755310077,2.812548214130405
0.007326637510464029,-0.005647784339979737,-0.006936664504570632,-0.004259228309258382,-0.09491169064890657,-1.9684510344420514,1.6872141404370624,2.8866108599256712
0.007337342789428947,-0.005637544216894512,-0.006944385587934817,-0.00423681055887731,-0.09630499296189149,-1.9567752952790272,1.694561229422833,2.8706542344233674
0.007352571372558954,-0.005625773063254319,-0.006957463532723072,-0.004209058718347398,-0.09830069520789374,-1.9418414246064335,1.7065237746260722,2.851473638933637
0.007370452221871161,-0.0056152000374607705,-0.0069752541875921755,-0.004181191313995767,-0.10057044278004001,-1.9261368991920251,1.7223455049981873,2.8328661524257974
0.00751787058442425,-0.005527327798259339,-0.0071124234455845125,-0.0039450283141562745,-0.11577529612691069,-1.79121342837209,1.8419108101257475,2.6714014290598413
0.007527197189137636,-0.005509258675917574,-0.007109378018076941,-0.003912280649006834,-0.11576513122571298,-1.7760739628144842,1.839843853815993,2.646637931183069
0.007019958966471632,-0.0058896775182371176,-0.00662925857046985,-0.004805650354753439,-0.03612170074992593,-2.251425747732829,1.390638683072296,3.248857883356078
0.00698298874851828,-0.005899865717276578,-0.0065746263207409755,-0.004836956038662411,-0.028759100452145667,-2.266789063968707,1.3419470659448345,3.25836907366171
0.006999245591762293,-0.005892485669767912,-0.006596848966580371,-0.004818528095620501,-0.03231310689400931,-2.257927382667003,1.3623695846950075,3.2500210754479313
0.007036269914710332,-0.005878755793862354,-0.006649041705177217,-0.004780904673662006,-0.03988411568161793,-2.239199614941366,1.4097489144360245,3.2344197950158637
0.0070656759777763456,-0.005862464871172478,-0.006686499302805929,-0.004741432653414121,-0.046289597784835455,-2.2192537447517537,1.4450121309582906,3.212739906729072
0.007051286370680312,-0.005869914206804216,-0.006667887111102209,-0.0047599638531551245,-0.04323981593167698,-2.2287019183728347,1.4276166834734,3.2226899066309556
0.007142092315671478,-0.005811619783517057,-0.006775154370291589,-0.004622353180908944,-0.06259913662315504,-2.1577726591784705,1.5299422375714293,3.1392560211735145
0.007117630508710551,-0.005828814986524982,-0.006747916132951622,-0.004662342169143465,-0.05750406283134266,-2.178586531547788,1.5037354186980327,3.1647677081287955
0.0071272330981393935,-0.005816859637866952,-0.006754947506430435,-0.004638268618096977,-0.05982139033095008,-2.166613738518856,1.5116823866950553,3.147203190882204
0.007103926625380795,-0.005833562350614503,-0.0067290192454640295,-0.004676652951305586,-0.054877542491512755,-2.1864027890122855,1.4866329954215998,3.1715866458643194
0.007086403094045704,-0.0058426977284217,-0.006706869041458617,-0.004699734111419273,-0.05127672100325443,-2.1984591166849135,1.4660060318278154,3.1845087036085
0.007067360569208579,-0.005845742082706144,-0.0066779407120616,-0.004713358041116097,-0.04777975159429491,-2.20602263233341,1.4406428140597185,3.187964188736624
0.007262852444508149,-0.005747047302107852,-0.006918437079310211,-0.0044521649558491826,-0.08509787433180062,-2.063554030880899,1.6625168151401741,3.0340568552224236
0.007276181206156057,-0.005738409403576919,-0.006932450249053105,-0.0044304511374406545,-0.08744723988858095,-2.051529171342438,1.6755732590840433,3.019497062541945
0.007249269748637635,-0.005741561085820859,-0.00689276799395448,-0.004451713335141074,-0.08291157367204294,-2.0659751460276157,1.6408008153460412,3.028821024578131
0.007207273409530687,-0.0057612682080635655,-0.006841862721018502,-0.004507059636106015,-0.07556157210260199,-2.0973373590456394,1.5944754792046678,3.0623125288698945
0.007221854026314012,-0.0057531755055635556,-0.006858690260329948,-0.004486004872558604,-0.07817569147646003,-2.0857349332859667,1.6099971999298275,3.0491380325349975
0.007236413405075306,-0.005746235299889793,-0.006876236682864924,-0.00446664406818354,-0.08071301468079663,-2.074787648404532,1.6259734053166712,3.0373719543752107
0.007166606342392476,-0.005793133293627945,-0.00680102912737332,-0.004579940482259556,-0.0676162286601555,-2.135625495520191,1.5549856864249794,3.111339607575952
0.007151625129157867,-0.00579897730922092,-0.006781304420950221,-0.004597135169819471,-0.06484413541173967,-2.1452340051877847,1.5371035718010828,3.120559622176434
0.007192497524326341,-0.0057698153470110815,-0.006824924523228872,-0.004528812530059575,-0.07282926842456106,-2.1091928140482845,1.578761468664922,3.075948086418333
0.007176053715934483,-0.005779302714956077,-0.00680587842144565,-0.0045528252122789175,-0.06975997544984981,-2.1222003514643686,1.5610614340353106,3.090845701956901
0.007287097965386774,-0.005711441623478997,-0.006927784649530178,-0.004381675993278486,-0.08935619810136354,-2.0284191239771006,1.6741690432250584,2.9802124953306754
0.007276246480563098,-0.005723095576005496,-0.006920280894535701,-0.004406507139737331,-0.08745784623262332,-2.041239572781059,1.666548071127925,2.9983465522390476
0.007286724872894036,-0.005693473625464576,-0.006912818772027343,-0.004354214064480277,-0.08926424372901588,-2.016815132751234,1.662917389651619,2.9560278893811454
0.00728944333651049,-0.00567323913347259,-0.006900854580157801,-0.004321586883933445,-0.08958079355137273,-2.002466763478296,1.654501349921148,2.928583500311625
0.006836089141121907,-0.006053218564371891,-0.00641392367202081,-0.005141394650848328,0.01554633306068664,-2.4073469726687873,1.1678158069535698,3.45361265085432
0.006848219480191458,-0.006043023707556906,-0.0064295071148245675,-0.005120885100900161,0.011871398612852531,-2.3984383047664752,1.183838330237396,3.4423035914052043
0.0069506358891802894,-0.0059664524696236695,-0.006561240862632417,-0.0049599823821740085,-0.016246353280373133,-2.3255949267781557,1.3158071563921458,3.3540620407958754
0.0069622876020246525,-0.005956415417844239,-0.006574869276701451,-0.004938981740683585,-0.01949321849705583,-2.3156440925635597,1.3298055180832786,3.3411184901941264
0.006936485095607059,-0.005961833527728556,-0.006534556229604592,-0.004956911403576415,-0.014242199537580168,-2.32377330509608,1.2940073547638686,3.3432179631388346
0.006923960906179001,-0.005967747456707222,-0.006516887200482941,-0.004970968612831535,-0.011354117993037758,-2.3301590090557394,1.2775432643843951,3.3490586856199314
0.006845210744545073,-0.0060279798014836765,-0.00641641692101447,-0.005095812238268772,0.010269479242988766,-2.3858327309299665,1.1770234684948373,3.4170982974347615
0.006853499375373802,-0.006013791615602589,-0.006423059423299826,-0.005069485490325127,0.006785037214711922,-2.373686894296601,1.1864891108460502,3.3979262046819056
0.006910159214854977,-0.005975440554988496,-0.006498012488231046,-0.004988308421465742,-0.008017264896663772,-2.3379680656491337,1.2596409008371674,3.3570767071887206
0.006896300236866188,-0.005983852871398063,-0.006479342552293683,-0.0050067384380841256,-0.00456327057659693,-2.3461853995159743,1.241733960331298,3.3659432390069273
0.006869111861081283,-0.0060032788402202665,-0.006443966399349777,-0.005047443497201331,0.0026837237739211154,-2.3641885961498335,1.2068747998233205,3.3871742317512514
0.006882770792828108,-0.005993382714428064,-0.006461732874762636,-0.0050268269273033815,-9.961701597419271E-4,-2.3551169868223343,1.2244282589229363,3.376414318679565
0.006959824341120552,-0.00594151328568829,-0.0065616446047953,-0.004914756612210158,-0.020567403747756317,-2.3039251588062264,1.321820918651518,3.3173227310029993
0.006968563766285806,-0.005927610728216943,-0.006567788385087218,-0.0048883698463735555,-0.023587381281964307,-2.2913374202582637,1.3301521055230008,3.297779053225372
0.006968469520213061,-0.005908067520627083,-0.00655566498738479,-0.0048559088005390655,-0.02548604992941431,-2.275803876309982,1.3240813939028155,3.268025034919393
0.009366663270287592,0.004709896795805359,-0.007887066273931409,9.370338242951958E-4,0.13124878663643777,0.021537904304275806,-2.343533739023535,0.5890350252882178
0.009242652636951612,0.004735536049964162,-0.007867661135305416,0.001123827717809718,0.10164581795350856,-0.1003798342940521,-2.3389240544990835,0.7160986756247333
0.00927617992297011,0.00471168410596539,-0.007855260423867689,0.0010666150189752833,0.10932789053089213,-0.0698730934495153,-2.3274288921934705,0.6773761223957709
0.00931386596264332,0.004686447284254792,-0.007842370207520476,0.001003638063850237,0.117602166649188,-0.03560392424046879,-2.315194425140603,0.6345659986904852
0.00939267691807834,0.004663427454275578,-0.007845247244330762,8.841582327044593E-4,0.1356834739040661,0.04009244776132917,-2.3112460581049814,0.5529548387062672
0.009432768606828918,0.0046690495631680545,-0.007864229018426629,8.29016874128738E-4,0.145770480146367,0.08153895260168047,-2.321867301835618,0.5153964685052058
0.009467246722997537,0.004648903421996675,-0.00785271347571978,7.738736061518956E-4,0.1529566836981847,0.11270862836393934,-2.310827021581876,0.47761721819520025
0.00953468488446565,0.004628057292853782,-0.00784847825273577,6.72322935750709E-4,0.1682341186989312,0.17656837593962002,-2.3022967393873093,0.40823475939551884
0.009498302266355603,0.004628091507612629,-0.007838933906736355,7.239527995946365E-4,0.15961945475510037,0.13996692344171358,-2.298267107509319,0.4433977426848581
0.009554911028670256,0.0045939733339972,-0.007816745077187515,6.352976758468129E-4,0.17099702183808782,0.18991494974753764,-2.2775746969470076,0.3823522514583789
0.00920433199836358,0.00471681500654459,-0.007830923263712373,0.0011698274048205328,0.09270938217826208,-0.1414615099406751,-2.315063689326322,0.7480374451632734
0.009132034466084354,0.004716339770115481,-0.007797560171164977,0.001270033757793533,0.07650286770162427,-0.2137215797614189,-2.295936655318002,0.8170610021787584
0.009168397099971373,0.004704656010174672,-0.007801816759160908,0.0012144029837441621,0.08438761366393153,-0.17885263869538057,-2.2963822850586264,0.7790673690963755
0.00855280790888734,0.004918468697948868,-0.007646291814382318,0.002166948361382062,-0.04006483914603692,-0.7705165772730441,-2.223659493432215,1.431570132476651
0.00858360838434027,0.004913014616043491,-0.007664767149144778,0.002123806144045147,-0.03550649232839013,-0.7412434314898151,-2.235632560622176,1.4015275303725108
0.008613231160329889,0.004890193338668567,-0.007663421597107202,0.0020686656502508245,-0.02909253504624775,-0.7125005076062536,-2.2325274342803616,1.36441597811776
0.008646630237966302,0.004861091035920412,-0.007657786133602911,0.0020044050080478847,-0.021807577951256703,-0.680081344864444,-2.225946797404205,1.3213247968480013
0.008455209170878778,0.0049331663219784605,-0.007581713849830155,0.002299485285446552,-0.053397654007062124,-0.8621376917987836,-2.180602588434386,1.524413061590163
0.00848795313462735,0.004909511998393383,-0.007584494859635071,0.0022399395273615436,-0.04729220387178506,-0.8302881736466832,-2.180473527762959,1.484067603585608
0.008525437044789396,0.004900744229096145,-0.0076058544098201505,0.0021868480107996914,-0.041834163451822594,-0.795210997130353,-2.1943886923959792,1.4472376689787925
0.008684377660099833,0.004839466359721645,-0.007662483422560249,0.0019405723829415175,-0.014101585302124237,-0.6439844459240315,-2.2268541287290984,1.2779677556665516
0.008725305897454254,0.004816980088225787,-0.00766766284148705,0.0018722897445746097,-0.0061570348052846025,-0.6049544092880854,-2.2279459247059403,1.2314992084199587
0.008768413593273917,0.004801070275857066,-0.007680243577771609,0.001805862062440567,0.002108578707627314,-0.5639222595036162,-2.2344759807914314,1.185915324147851
0.008806479158804933,0.00478934649066521,-0.007692919578266464,0.0017486779967485527,0.009326014846885975,-0.5276376952767734,-2.2413944007791944,1.1465635582653333
0.009098026969981752,0.004684409091501442,-0.007747082587147488,0.0013011455003400496,0.06962003376043012,-0.25044916926928545,-2.2611944703871516,0.839762995416565
0.00883347801225928,0.0047556449023846955,-0.007674695190675167,0.0016920546158309263,0.01614097618773011,-0.5025986907802196,-2.225758627990903,1.1089924868087977
0.009028408395827848,0.004678737547770022,-0.007705996400021428,0.0013915936540422249,0.055476254523048156,-0.3186001291809894,-2.235683448673885,0.9028236413946225
0.008975719031749074,0.004705877445999873,-0.007706301346917022,0.00147602732031109,0.044506227904887265,-0.36785232194197276,-2.23954293547664,0.9605287153890657
0.009004122832423835,0.0047033281758988976,-0.007719063291355126,0.0014369074372592302,0.04997697021729914,-0.3405053464605328,-2.2470638466363133,0.9333790717916977
0.008880728950233941,0.004734168343535023,-0.007681264884689184,0.0016173016136980817,0.025546189634954034,-0.45801036091650354,-2.227401464975266,1.0578667055053428
0.008919088957624749,0.004721509636160925,-0.007690669690417358,0.0015595803376486502,0.03308992702305252,-0.42172432686279854,-2.2317838842550413,1.0182271026957566
0.008942997879316536,0.004690989858173112,-0.00767243496754641,0.0015107788413027954,0.03877024495347752,-0.4000863244727996,-2.216549114461959,0.9855552060138065
0.009059920135287551,0.004655027568964599,-0.00769724136652999,0.0013376434406997958,0.062250408263835315,-0.2898541730944136,-2.226937216407315,0.8661531988288146
0.008384908814801683,0.004933895606874828,-0.007522119902559702,0.0023841765374416264,-0.060742058658356905,-0.9257493934431524,-2.1389050406639467,1.5843419060223907
0.00841815076033547,0.004909235000558246,-0.0075257367894010505,0.0023236303020583416,-0.05491674039747869,-0.893488963144292,-2.1395581864714965,1.543280404882756
0.008037675742182022,0.005093989230811523,-0.0073455284243837205,0.0029259623378020895,-0.09874141384553993,-1.2494391438634038,-2.019916641805024,1.9568845958955525
0.008074457918935513,0.005064802981499929,-0.00735576863298642,0.0028567831009740532,-0.09455386944640255,-1.212906369696537,-2.0261363715339265,1.909600863691206
0.008106800767869621,0.00503819221827721,-0.007363102258582732,0.002795193139511255,-0.09067186335176108,-1.1807141587850423,-2.030294038207527,1.8676035379900375
0.008212202329816683,0.005002842727427578,-0.007432718257220516,0.002645453084991747,-0.08174398529091326,-1.0858987958420412,-2.0794872511421216,1.76422832056057
0.008253723347646442,0.00497671530657073,-0.0074462672016128275,0.002574111475377602,-0.07615370319352084,-1.0461476135135863,-2.087703000943972,1.715537093248735
0.008226277642682547,0.004983502460775759,-0.007427029653575318,0.0026112539831696794,-0.07869987228269824,-1.0706443873816367,-2.0741633841920195,1.7412417187243434
0.008183068213624809,0.005006188723531147,-0.007407745061198232,0.0026808691582215494,-0.08371445131940382,-1.1111635680040763,-2.061415103445593,1.7889773233134847
0.008141256741146435,0.005010920170096856,-0.007371181279042053,0.0027309285872734695,-0.08622299721092024,-1.1468184327362347,-2.034842686735875,1.8238033525517898
0.008309324606605798,0.0049409687767894,-0.007461949400142611,0.002478107973566759,-0.06812592808708436,-0.993084643783215,-2.0966366816704216,1.650264493740826
0.00826332834983101,0.004944301634048835,-0.007423103267914872,0.002533102251993158,-0.07189811524168871,-1.0329167361042852,-2.068926523736217,1.6886775960134985
0.008345807028774983,0.00491455973016984,-0.007468254075186308,0.0024126722106219828,-0.06230604123283592,-0.9578673859871355,-2.099322488970126,1.6058055218561582
0.008307846952359244,0.004900109839687096,-0.007420162300671466,0.002442955408586638,-0.0641105634243827,-0.9883786469284088,-2.0640794280703116,1.6278720029791753
0.007988314060679945,0.005103725577980993,-0.0073020605924434805,0.0029871824570890837,-0.10068336963036705,-1.2910191908718642,-1.987563883753699,1.9988443548160677
0.008004863178032664,0.00506480229701776,-0.0072827846779692906,0.0029287293816756235,-0.09602515804138108,-1.2680365429613005,-1.971598097175632,1.9589939796277442
0.0070948339487564935,0.005587805555658359,-0.006548742088997724,0.004302471075404574,-0.06140324355312658,-2.0195508977666026,-1.372432584248325,2.8453808291540947
0.007122134904133129,0.005552404062708614,-0.006565120891806129,0.004237342219376845,-0.06527274460966896,-1.989499232414121,-1.390094925924622,2.802113016090264
0.0071507603747623105,0.005528617142070881,-0.006590344978753662,0.004188256251001787,-0.06924664531926907,-1.9660027303732213,-1.4130611329397988,2.7718967917140556
0.007040029395113821,0.005564155817058997,-0.006454038753969173,0.0042941320088273225,-0.053802064806874376,-2.018626670368802,-1.3007385575816617,2.818572631860814
0.00625821444393917,0.006274918724280365,-0.005510304096086409,0.005535153121801146,0.13636069221539318,-2.443256719213881,-0.4106210013744382,3.362559945450404
0.006281777419158164,0.006243748618429761,-0.005544200126664615,0.005487744054012299,0.12734354486272179,-2.4320279907238516,-0.4460881777252537,3.345483760572292
0.0063257954139762625,0.006196855698657781,-0.005607564682612666,0.005416365386952812,0.11362352889922843,-2.417002764968068,-0.5070475085803539,3.3250648683027317
0.006297383375941308,0.00621283210894837,-0.005564610516577122,0.005439605826689348,0.1196074239705033,-2.4171173359196385,-0.4725682375538321,3.32105622530421
0.006334207430235695,0.006162691331810457,-0.005614711338288785,0.005362165405610534,0.10607114915014342,-2.396363677991891,-0.5258526833810323,3.2895695218531125
0.006157191025185189,0.006358721583772834,-0.005354703687216372,0.005652845123142414,0.1631098271186651,-2.450520493782646,-0.2761017247658571,3.3651908586322534
0.0061202272912276034,0.006408212324371249,-0.005296884840161563,0.005724080723482418,0.17726421651583082,-2.4621984642425407,-0.2174593638418202,3.383933644596682
0.006122105412527438,0.006371283546037768,-0.005299098885873959,0.005665451343761196,0.1683968271097078,-2.4402029869241377,-0.23770812911593353,3.343848365271661
0.006082601008847758,0.006420108032136496,-0.005236763226014191,0.005733805575021061,0.18217678447463967,-2.4486562426656824,-0.17759869590189503,3.3571100101085167
0.006044157842511115,0.006443092492179745,-0.005175397707339207,0.005760119377635834,0.189244435374942,-2.440531516166805,-0.13210593578532312,3.3408547611736306
0.006196039673799126,0.006293798076321732,-0.005412400175083699,0.005556135615042247,0.14596363067166437,-2.4275733885692947,-0.34157326055780296,3.3271999064606215
0.00621435780694376,0.006266027375432411,-0.005438916210779454,0.00551470177628248,0.1381368941113166,-2.4178046008916474,-0.3704138410800127,3.311555223219862
0.006159084997030219,0.00631081077317955,-0.005354946514175527,0.005576799888203962,0.15207809777550552,-2.420910884285552,-0.2994809607181874,3.3117197744859608
0.005976119213113321,0.006495187774216901,-0.005065678799502663,0.005822104436500625,0.20448962092522346,-2.4296093127839717,-0.04707347611196521,3.320153368074959
0.005951437170133131,0.006538210340106982,-0.00502322066160485,0.005881321362354421,0.21614675169253567,-2.437361144531144,-0.0016099622410772221,3.3351356051163354
0.0058965982367858326,0.006586636794269555,-0.004931884007053567,0.005937269465525853,0.22896249837259094,-2.4267659680683322,0.06984130859739733,3.317695726065962
0.005914694930322583,0.006554511214496896,-0.0049641667787862645,0.005894036559626797,0.22028874965915318,-2.422428695533285,0.03588726587106529,3.308355013570561
0.005986047910016281,0.006448462239998266,-0.005084165174500864,0.0057522846610810275,0.19316007410761382,-2.4100020696116657,-0.08206436982466563,3.2836901858662126
0.006786916100966271,0.005826488846073141,-0.006218964780940261,0.004781772007720147,-0.0031004339936529456,-2.2305163172138727,-1.068638013734809,3.1068182039281784
0.006708766225780519,0.005866740942552429,-0.006115455286207873,0.004863565749672567,0.012636609217690437,-2.2589440502358404,-0.9793563676078328,3.1325078300744096
0.006660390435023623,0.005859085997636439,-0.006036812556753364,0.004861420178750517,0.018557392698131583,-2.250777293825806,-0.9224840849864906,3.103701373880639
0.00674317709599586,0.005831725269012433,-0.006153309769777473,0.0048010645589514215,0.0037782183426892995,-2.2346035644143565,-1.0168728419048831,3.0996562846509685
0.006806735226481556,0.005795041437738448,-0.006234233584467994,0.0047273960942051515,-0.008888647461411091,-2.2072795958666247,-1.0876625039419938,3.071742680966924
0.006829691607785668,0.005767113550385634,-0.0062554681658804285,0.004677544936997174,-0.014583759149430489,-2.1862481061619974,-1.1101380027075993,3.041860775509225
0.006855406340642728,0.005750522816426936,-0.006286220433067723,0.004644050800525322,-0.019449701474457542,-2.172702424969589,-1.1373980919071929,3.0266050550714034
0.006874541799897387,0.005725195599293623,-0.006301888126222286,0.0045990967723529555,-0.024058158826046255,-2.1533415984501296,-1.1547618320021833,2.9985211860356906
0.0068933908880436864,0.00569143852866283,-0.006312054984697779,0.004541569515588787,-0.028749963883548568,-2.128194762346943,-1.1692690705121185,2.960009036198208
0.006992086121709547,0.005567469213921351,-0.006386770303833078,0.004320189717238031,-0.04760381833688502,-2.03103728955016,-1.2479837086718923,2.821460000325379
0.006914983627456986,0.005661037397152762,-0.006327539894893776,0.004488272834391999,-0.033316027099920785,-2.1049665957647457,-1.18680046153038,2.9259528902537464
0.0069706378554937375,0.0055983604890108936,-0.006373806347630635,0.004374049640083755,-0.04371600959437467,-2.0549059657115945,-1.233184836784874,2.856457101781857
0.006942384910454462,0.005629423694146766,-0.006350298518535898,0.004430970893476511,-0.03868351381015445,-2.079984945452083,-1.209911067575088,2.891018832537839
0.006394426355779221,0.0061287458949030845,-0.005703962651555593,0.005310341505642197,0.09314883672133946,-2.3927556764938367,-0.5986908231511103,3.293412120572389
0.00634827061584585,0.006129146947167686,-0.005630401034484145,0.005309488181838167,0.09821512788822089,-2.378027356565646,-0.5494593365210801,3.2593287734808007
0.006418014389220509,0.006095012616993702,-0.00573363468477446,0.005256573881020258,0.08416945361645438,-2.3759357943821926,-0.6315859377372891,3.267987335213427
0.006472044650273362,0.0060575320289675315,-0.005809886589407321,0.005195671645886663,0.0712381944311281,-2.3635268693158795,-0.698004712533374,3.2569492428588234
0.006438738694646633,0.006066560968695898,-0.005759292471222,0.00521100683558102,0.07657964988862451,-2.361421475518167,-0.6595214256497315,3.2463815240696947
0.006540560911118324,0.00597235724783031,-0.005892079739088753,0.005055812457885905,0.049493775532446375,-2.3168004629513845,-0.7843562539813089,3.189610403543014
0.006501909356185269,0.005996959596680398,-0.005839155091236275,0.005097879110206074,0.057802002872998325,-2.326843100982389,-0.7390090539819313,3.198508311138093
0.006474034480492629,0.0060216108221919345,-0.005802618672305335,0.005138513919881953,0.06553935601643565,-2.338228900180521,-0.7052303292000016,3.2125633737028254
0.006568507637054866,0.005899924143570297,-0.00591042219216976,0.004939485970027912,0.036010399582615864,-2.269896784733001,-0.8193748951063854,3.1135878124668026
0.006531060529388228,0.005921533358119793,-0.0058600950716184335,0.004977463291943907,0.043460379176099316,-2.279239288313281,-0.777440202157993,3.121255014007964
0.006614123712768881,0.00585282485894366,-0.005962985190762485,0.004860084139829381,0.02443270272990364,-2.242480861566992,-0.8702885193799436,3.076671287125846
0.0065714501011796276,0.005859894502632662,-0.005900391288748139,0.004877630090776921,0.030796320681217525,-2.2426271045129504,-0.8237638706603924,3.0665007072857304
0.007287702995156944,0.005467492049511208,-0.006740627609989691,0.004023084711602115,-0.0856944966582061,-1.879361345664046,-1.5393954962807337,2.680089233884264
0.007264289773191129,0.005494053075501876,-0.006727330298569938,0.004074687089119877,-0.08331160404530959,-1.9042344113362109,-1.5263773440532986,2.7149882795737414
0.007226197067992046,0.005507147307655163,-0.006682915357747336,0.004115765485083447,-0.07885097397784514,-1.9268865311249086,-1.489388178025322,2.7371155490582355
0.007274957727191112,0.005424200337320467,-0.0066913608957029,0.003971058457158901,-0.08272959561926473,-1.8604168034972,-1.503520605044609,2.635589963859164
0.007305062887066943,0.00538903076984358,-0.006706809721695129,0.0039045496884403097,-0.08509428040010493,-1.8288314947560311,-1.5184883692273976,2.5912266741008305
0.007336156010406151,0.0053525693973636565,-0.0067217502670225355,0.003835875618007517,-0.08692655018191729,-1.7962876228138374,-1.5328532684668064,2.5455802136954087
0.0074243495851918995,0.005334222534537428,-0.006824386443324052,0.0037522341753382154,-0.09489015172888063,-1.7460777492846786,-1.6148940258343496,2.5003821696758197
0.007497497799511943,0.005278194692020734,-0.006874877105103489,0.003626936601655303,-0.09768958652385658,-1.681727075184371,-1.6569814102275604,2.418901207507673
0.0074503419049992605,0.005292155620247421,-0.006825449911100232,0.0036791445284988164,-0.09462531971135141,-1.7125673824709202,-1.6177250286101852,2.4497944434246723
0.0075378414616121565,0.005241088082011125,-0.006896058559844675,0.0035497496594963725,-0.09827088946782662,-1.643050866782275,-1.6747647937215404,2.367614261154659
0.007370939971583909,0.005316745540534525,-0.006741086142451892,0.003765815995182359,-0.08862544371970539,-1.7625672199740734,-1.5502887447127949,2.4997612865765007
0.0078286934880465,0.005152757041304379,-0.00716977521777881,0.0031971869004910097,-0.10469623537333096,-1.4248233686807212,-1.8879871812310252,2.141042950131551
0.007782300332252315,0.005160499132080715,-0.007123108374614232,0.0032486381140875834,-0.10429212570418532,-1.4596967186370102,-1.85218536233508,2.1747541152245264
0.007838937603237844,0.005117008403629585,-0.007149122457785251,0.003146949304110514,-0.10111905613030485,-1.405852823744439,-1.8715771021072016,2.10600805093833
0.00762995349106389,0.005231086247627816,-0.007002079802905714,0.0034644601682075372,-0.10358214321986672,-1.5853860792194379,-1.757909571305062,2.3171279166889147
0.007662419403627763,0.005195561958744206,-0.007011501823148923,0.00339430433236081,-0.10242181623129958,-1.551059979614,-1.765740055682383,2.2695154450941124
0.007701551706318651,0.005178758012177668,-0.007044031895078322,0.0033410837492399326,-0.10288217111286053,-1.5199040995927449,-1.7910041009984081,2.234825691321838
0.007749150472240155,0.005134275007353394,-0.007061497820886843,0.003247628714177422,-0.1003814027299327,-1.4726299834414591,-1.8044327160553775,2.171645279293719
0.007709690664633904,0.005133289357907863,-0.0070146668417435725,0.003280499757799697,-0.09915644136721379,-1.4976935371692675,-1.7683432927614786,2.1919784872210726
0.00787226194367067,0.005098028756756845,-0.00716939506390188,0.0030945137601559643,-0.10004325067728535,-1.3761963763574558,-1.8866776579316642,2.0707086333782914
0.007940968138818857,0.005089219124159098,-0.0072369930372020675,0.0030187008911116697,-0.09932445263558419,-1.3233716920287657,-1.9378034310670664,2.0201710664560935
0.007902609958263763,0.005080983019125443,-0.007187452184152199,0.0030468482266976433,-0.09844581656335877,-1.349187183250753,-1.9000264247390088,2.038700649999245
0.007577487701337536,0.005205130186166087,-0.006916049270670167,0.0034745793168729287,-0.09821514360334505,-1.6053013897641062,-1.6913170886761322,2.3177224948603943
0.007178729285857312,0.005501753398348536,-0.0066118633318677745,0.0041349495497895634,-0.07272008007374832,-1.9405467362343405,-1.433193659116272,2.7377937912187913
0.005845763921958748,0.006580338730994593,-0.0048548277851413356,0.005908756091676248,0.227366771636523,-2.3904530626067717,0.10001713208297468,3.2518493422468846
0.005823306790761415,0.006725767043350161,-0.004792139138177228,0.006122468422861747,0.26508641269452665,-2.4406270664805363,0.21850733725956806,3.353165525246421
0.005833392907355,0.006628662399477756,-0.004827822119990926,0.005977626451400499,0.23952815527168878,-2.4046082941365907,0.14092939473753388,3.280276368120584
0.005824522645096401,0.006677449825440649,-0.004804705587825312,0.006048623233917662,0.2522373958296407,-2.4203433318357965,0.18143344858159294,3.3122521206914324
0.005782644235059334,0.006745646139649448,-0.004724823190548168,0.006134323893723149,0.26924053459853287,-2.4194164777257927,0.2582735411639617,3.317338132539049
0.0057424679446794104,0.0067688417882112014,-0.004657696478335628,0.006150602703480755,0.273654745844988,-2.399148504667131,0.2988302251873521,3.283980152049159
0.005697194425002779,0.0067965636681664695,-0.004581873368964211,0.006170196449902382,0.2787295412425068,-2.376114109827722,0.34400843959716626,3.246753092973661
0.005655875203904019,0.006831162964119611,-0.004509894886248368,0.0062007231511205735,0.28528030881749084,-2.3572294127895255,0.39128036060164145,3.218250620497816
0.0056202918237217335,0.006873832438727878,-0.004443240938977934,0.00624478034656093,0.29387497159453396,-2.343887676808244,0.441385866730957,3.2010290910052714
-0.006634937971731549,-0.006301844034399601,0.006163477882829793,-0.005608350586929388,0.10132856822691494,-2.6039921602736475,-0.8691763717249711,3.7432708728939548
-0.006619791466048586,-0.0062968705385012405,0.00613411700541749,-0.005599159657969498,0.09704579161212022,-2.594797928302724,-0.8521285045883787,3.721159965678343
-0.006631400237100256,-0.006286276626982268,0.006151617671203823,-0.005579879816647465,0.09242674251721004,-2.5883548330272244,-0.8708133810415971,3.7129177256739436
-0.006646572705140479,-0.006291290604793746,0.006181054762631697,-0.005588972762215351,0.09765744072763434,-2.5973717243494816,-0.8879013046359497,3.7348245600880094
-0.006728936011698175,-0.006218447357971207,0.006302462349437411,-0.00545169881240871,0.06679108120430434,-2.547386414700084,-1.0175295920601028,3.6709175424629183
-0.006717072049872408,-0.006228742374980061,0.0062852885949993805,-0.005471489936095498,0.0723641802755542,-2.554880162593839,-0.9991662995576442,3.6806205505828467
-0.00671382439541247,-0.006212920347688035,0.006272752903550502,-0.005443021304833121,0.06278946362381023,-2.5390943102764045,-0.9994131255255329,3.6505778982788937
-0.006176397135026043,-0.006734453979255358,0.005375711420693562,-0.006294421555833347,0.27234503199389243,-2.7135968654892797,-0.06318353294049116,3.8694414975078755
-0.006186731572851478,-0.006722425969338759,0.005395536800215612,-0.00627743715880398,0.2678803365149451,-2.713307186370717,-0.08353738793840852,3.8687085702520077
-0.006197153859126493,-0.006710444736491607,0.005415397287010065,-0.0062604374885586135,0.2634544188337633,-2.712904093003574,-0.10392958694250957,3.8678746172996052
-0.0062075965241529625,-0.006698507032280688,0.005435173873541653,-0.006243387740620798,0.2590307971264095,-2.7123333620071217,-0.12428002214308854,3.8668340765731757
-0.00622845863651203,-0.006674845961018686,0.005474318942088739,-0.0062092583231026345,0.25022631821904356,-2.7106911308601784,-0.16469335323640955,3.864131560129028
-0.006218037776786276,-0.006686645580931701,0.0054548248307932515,-0.006226338610691453,0.2546159568582396,-2.711603375658338,-0.1445391942026152,3.865602106607825
-0.006222854759606838,-0.006659357401612776,0.005465330040104338,-0.006179553199749887,0.2447457192695701,-2.6955436271421935,-0.16980560476045745,3.833646287911222
-0.006233226102419773,-0.0066475887485680915,0.005484431718911883,-0.006162407065080421,0.24038976680001775,-2.6943476297854887,-0.1895435252833579,3.8317699946246093
-0.006264025584172039,-0.00661167033511171,0.0055404804118776374,-0.006109011801915639,0.22705136341286677,-2.6888765975449362,-0.24853547194650547,3.8230891679879693
-0.006253868570139568,-0.006623810886631645,0.005522112240635677,-0.0061272710995716635,0.23156088665384175,-2.6910997400504617,-0.22894607624273675,3.826665365357489
-0.00624366435800256,-0.006635808688168293,0.005503536680000649,-0.0061451370761633145,0.236020132355379,-2.6929863882743166,-0.20932816186445605,3.8296866361482897
-0.0062744683673521895,-0.006599613867830503,0.005559228752308715,-0.006090873171664808,0.22255640140880875,-2.6867054667422177,-0.26833108577330056,3.8197515228662304
-0.006285142685581955,-0.006587681519305348,0.0055782638570379,-0.006072902687476557,0.21807830030824613,-2.6845737280995148,-0.28825444823004354,3.8166276381831437
-0.00629596200160433,-0.006575814127304679,0.005597433843315215,-0.006054962768031739,0.21360189009213934,-2.6823765062868854,-0.30824712155690875,3.8135060672105574
-0.0063181456451643055,-0.0065523261238589,0.005636384459219267,-0.006019283338437909,0.20465855304284578,-2.677884315164516,-0.34855477371705096,3.807477126947083
-0.00630694002007095,-0.006563966577035327,0.005616763626577295,-0.006036972959244809,0.20911402663244386,-2.680084990675336,-0.3283544654722426,3.8103329970983064
-0.0063294118996783935,-0.006540958404111207,0.005656007152674138,-0.00600196304625391,0.2003020253302182,-2.675723432056254,-0.3686296873643308,3.8048185069686027
-0.006340571570628925,-0.006529663921905554,0.005675328656558236,-0.005984609356076844,0.1959221341599854,-2.673347579342145,-0.3884823558365709,3.80183963588317
-0.0064533763482403275,-0.006475590734211071,0.005873935276612952,-0.0059109168275202845,0.17077272821413944,-2.6898337224543103,-0.5586500264433002,3.853761206371115
-0.006449097009257614,-0.006460220564094309,0.00586347554675265,-0.005881857193293212,0.16339978991430051,-2.6741726963704777,-0.5637389955900535,3.823283135958604
-0.006442321599068365,-0.006486750166079201,0.005855339016807545,-0.005929338594784829,0.1748840122780945,-2.69395217795419,-0.5387575379747557,3.8590473544050883
-0.0064379876527324706,-0.00647135359010256,0.005844952083566372,-0.0059001794325521635,0.1680652707466448,-2.6782196975638133,-0.5440421368597912,3.828587897008005
-0.006431301956387209,-0.006497944278924987,0.0058366675601949055,-0.005947719051437859,0.18027434355913108,-2.6978780152288415,-0.5187578435910786,3.864194673434966
-0.006426896623603382,-0.006482528991575726,0.005826344785671098,-0.005918452118848638,0.17250079305270602,-2.6821174792578564,-0.5242857350667932,3.833686374940507
-0.006420317529674784,-0.006509172961654165,0.005817934885966346,-0.005966044351136034,0.18613394445301515,-2.7016224097838673,-0.49870448805475537,3.8692180666450597
-0.006415851930247407,-0.006493768461148836,0.00580770406241289,-0.00593671929929008,0.176695610516006,-2.68588747776864,-0.5044607883397282,3.8386470524524197
-0.006404877365377714,-0.006505060297803637,0.005789068151402058,-0.005954968051507096,0.18104410356651338,-2.6895264640926353,-0.4845809091047388,3.8435001484897513
-0.0066045002836470496,-0.006291661283732913,0.006105078185744462,-0.005590011821845348,0.10003580984207418,-2.5859613660582705,-0.8289632362849472,3.6996673200614656
-0.006444646416529158,-0.0064446477197275575,0.005853115296858751,-0.0058531070207082396,0.16113182131283496,-2.6585865660377057,-0.5622164088202698,3.793031660872743
-0.0064557954531138185,-0.006433553576186031,0.005871418664307353,-0.005834787060884959,0.15680086380153038,-2.6543912453186618,-0.5815717895475895,3.7875729003879033
-0.0064669239256943505,-0.006422428334251562,0.005889554101454683,-0.005816284322166619,0.15246453877429397,-2.64996447769405,-0.6008151159960128,3.7817677650004256
-0.006592892906137003,-0.00630215928548174,0.006087457780007515,-0.005608813606005464,0.10418868731441001,-2.5919272318846187,-0.8104055550819468,3.7071627762634756
-0.006581262402292746,-0.006312709599494441,0.0060696860369089485,-0.0056275876471892404,0.10844050293127973,-2.5977480735928324,-0.7916972661235245,3.7144697033171554
-0.006569622196250482,-0.006323362638897367,0.006051800296884389,-0.005646422943727476,0.1127593334134789,-2.6034715801075135,-0.7728478950854929,3.7216818392102726
-0.006478035284277792,-0.006411277003676202,0.005907526357422046,-0.005797610704915616,0.14804926629983298,-2.6453156810027516,-0.619941901245209,3.7756306020385275
-0.006489260670059833,-0.006400178878908459,0.005925585717316068,-0.005778926295636155,0.14355974428629348,-2.640573230399328,-0.6391142989818976,3.7694305983382503
-0.006500639399779725,-0.0063891809142657,0.00594381489986505,-0.005760317026295377,0.13910536868316178,-2.6357899840573675,-0.6583859974598035,3.763279691691892
-0.006557968755972601,-0.006334121622231126,0.006033793255001432,-0.005665324437610384,0.11715373862352303,-2.609094719928464,-0.753856824332276,3.7287938540538086
-0.006546345220193462,-0.0063450342381571176,0.006015752071446536,-0.005684379322556061,0.12163409085467025,-2.614671021582098,-0.7347761478702174,3.7359163055192526
-0.006534839286227035,-0.006356106253047397,0.005997831091301145,-0.005703605482572146,0.12612313633509217,-2.6202370627328544,-0.7157261967062848,3.7431391039604187
-0.006523448407671104,-0.006367211758159674,0.005979991360811044,-0.005722778473010987,0.13049628417999717,-2.62568608679229,-0.6967171196752663,3.750260110718614
-0.006512063960759565,-0.006378228076238491,0.005962010372697752,-0.005741669002869783,0.13477536516116254,-2.630870090031944,-0.6776227233716149,3.756976223587874
-0.006389269465071713,-0.006500739523996941,0.005760500189594106,-0.00594400309573296,0.18339931214650884,-2.6773059530304786,-0.4644634147896541,3.8175783424124545
-0.006373633661418611,-0.006496247402741012,0.00573188874194974,-0.005932500799429162,0.18298423341777847,-2.6651409663940395,-0.4469628827014012,3.7913820669374734
-0.0063627485196232555,-0.006507333924650395,0.005713389434771101,-0.005949935977549233,0.1872743710624565,-2.6681094017413867,-0.42771978341983435,3.7952361887505894
-0.006351683454652872,-0.006518410533496659,0.005694451177557986,-0.005967185590598341,0.19159390490219327,-2.6707723162215213,-0.40820636836111435,3.798574005214101
-0.006824999850860255,-0.006137439443456894,0.006437498770014278,-0.0052915653197844305,0.033032863249058644,-2.481809353567509,-1.1602391885627066,3.5890096451261253
-0.006812880963004881,-0.006147433031857422,0.00642083623758771,-0.005311771408328438,0.03776289699229255,-2.490478189174222,-1.1427669118062636,3.599830327863677
-0.006810090945722179,-0.0061316448629565035,0.006407847670521217,-0.0052839622135259995,0.031006223199511934,-2.475092899368033,-1.141195057231849,3.5704190947177565
-0.006837150069184488,-0.00612748398129326,0.00645408568667009,-0.005271321861652818,0.029398111631130725,-2.4730118402617065,-1.1775933252918767,3.578077916884881
-0.006822257968593694,-0.006121664827317983,0.006424443606564759,-0.005263859767421587,0.027159486356284835,-2.4665363981286377,-1.158526723605913,3.559738359478572
-0.006834437809735943,-0.006111728414320189,0.006440949118472968,-0.005243716552148999,0.02298373726514445,-2.457848996179638,-1.1757488414281765,3.5488935268223334
-0.006849331498161108,-0.006117566743455817,0.006470593186223222,-0.005251045731298704,0.027069066403283923,-2.464114406005429,-1.1948210731241118,3.5669937798231275
-0.00684661528358473,-0.006101798518260482,0.006457320717158501,-0.005223474491000851,0.01873666908386976,-2.4489974370660215,-1.192856083689419,3.5378174999766396
-0.00686154401772447,-0.0061076878276121105,0.0064870426786913515,-0.005230710614650465,0.02408236176617322,-2.4551431354029627,-1.2119831587122574,3.5556816531726576
-0.006740832253114333,-0.006208189667499153,0.006319582039236621,-0.005431844389268988,0.06100510422553063,-2.539744541551737,-1.0358416337992522,3.661112388706519
-0.0067257418634910976,-0.006202562718935627,0.006289821938020918,-0.005423212280297477,0.05908772449055633,-2.5314703247603956,-1.0174343403302675,3.6410039243590515
-0.006752760656429177,-0.006197969404967168,0.006336631105131721,-0.005411945836782678,0.056101102385265285,-2.531927020640177,-1.0540277610768847,3.6512410063176115
-0.006737713687962329,-0.006192286473926213,0.006306884445501441,-0.005403424045025689,0.05533733365520127,-2.5237552710269977,-1.0353604380415307,3.631361495423415
-0.0057244312565390455,0.007228835884152129,0.004436955922947406,0.00684753555724833,0.414251754867154,-2.5197759957646118,-0.7522061849747256,3.5964642147785253
-0.005718776505832223,0.007213257983981,0.004437117003705574,0.006819033816330726,0.40797794465746084,-2.511427594808882,-0.7362161557761651,3.5761390826186124
-0.005710580170987503,0.007240741544588986,0.004408503701140521,0.006855351548704953,0.41586263676368335,-2.5083113960404115,-0.7703391781483963,3.579002859312697
-0.005695674678872019,0.007252507984306562,0.004378531065119305,0.0068619631277661184,0.4172171292188445,-2.495708421717875,-0.7883332141601023,3.5594637942422023
-0.005683484720073543,0.0072656042690096255,0.004351938726202623,0.006872547429271844,0.4194318359248394,-2.485797816881347,-0.8068231534330018,3.545411946989803
-0.005673266242627642,0.0072789664677635835,0.0043281482580007245,0.006884911365453622,0.4219941802923266,-2.4776600784457234,-0.8249288125039099,3.534803450573549
-0.0056686433616967725,0.007295365279027635,0.004310860536249047,0.006906173474874433,0.4267250810651285,-2.4750933301039084,-0.8451419110671798,3.5356488451380335
-0.005657244476442955,0.0073064929877245995,0.004286527055931966,0.006913908516833378,0.42803434024243253,-2.465196768047575,-0.8607277028974402,3.5211611733750856
-0.005651278821347944,0.007322464877369411,0.004267200889364249,0.006933192966996936,0.4322703002237186,-2.4608687634646347,-0.8806900868879133,3.518763621584153
-0.005615655311735278,0.0074044618033601945,0.004158011350446762,0.007025897090754826,0.45166396662566793,-2.430014299555873,-0.9841224658518036,3.492330856180693
-0.0056025314403822255,0.007415814174192584,0.0041305272693980205,0.007031399885141465,0.4522500869721053,-2.417248732658446,-0.9991772334908443,3.4730302321383384
-0.005585917502883693,0.007425466199707822,0.004099232628061777,0.0070312864421329035,0.45150094188061646,-2.4010806574177033,-1.0121590277602668,3.4467033155546845
-0.005609680189284797,0.0073895516963936635,0.0041597475367680424,0.006998823489025816,0.4454584481966292,-2.4239301800489805,-0.9669285219121522,3.4751059750390425
-0.0056150157576704265,0.007375303128371232,0.0041775595637111385,0.006982246174698535,0.4419727802494499,-2.4287168612178642,-0.9492884925473284,3.478529593540219
-0.005623666299772342,0.007356858720471141,0.0042030148505765134,0.00696206977176807,0.43780940686243003,-2.4363225704846276,-0.9261941256465779,3.4857353733409018
-0.005634396262885416,0.007334098302338657,0.004234238299581076,0.006936940949362506,0.432586280592913,-2.4453622680900726,-0.8975710247499136,3.494155581363984
-0.005490702096983432,0.007598438264883893,0.0038279650162318874,0.007191108391815843,0.47952807736238173,-2.2940645207976362,-1.2190986269405335,3.322512967657515
-0.005532612284580029,0.0075295179922498165,0.003943175661236074,0.007133549027858138,0.47051057282852454,-2.3434452797400933,-1.1387649982871848,3.3833814560377253
-0.00552314472696262,0.007544514259011414,0.003917757738953855,0.0071460671772341595,0.47256225735723845,-2.3327193032634113,-1.1564679991766786,3.3700100524437326
-0.005526155461796878,0.007509460729479681,0.003949999055008,0.007099501904893612,0.46272512835909735,-2.3394568889328897,-1.1142969126049502,3.3668146506173398
-0.005495783404941899,0.00758099040872103,0.0038496495516618175,0.0071717936478258035,0.4758412438215523,-2.3017340497942342,-1.1985082591393166,3.328575956021021
-0.005505448967571879,0.007556594514559973,0.0038832125277087496,0.007146856472945718,0.47122957902055823,-2.314435821620964,-1.1699176275253367,3.3410543185027644
-0.005571651995895045,0.007436118360623665,0.004070735819962277,0.007034510337102285,0.45149877157278073,-2.3871455588651043,-1.025853489923244,3.425004107195985
-0.005558232447534027,0.0074492514837008,0.004041690028808948,0.0070418946896474485,0.45222648204816435,-2.3739454307462333,-1.042148296944806,3.4057390533937424
-0.005521556473546853,0.007483428088856771,0.003963708521278021,0.0070587680293834314,0.45368959632435674,-2.3374075364643416,-1.0832111974880212,3.35171944651976
-0.00553547888551934,0.007456745948234956,0.004003584116757458,0.00703303175726882,0.44913439600893573,-2.352103986485765,-1.051715725689759,3.368081541932987
-0.005477347255210049,0.007608859895479944,0.003800828253148898,0.007192973122601234,0.4786916193536424,-2.279789268570202,-1.230059367655004,3.30052839055071
-0.005465189848915794,0.007623095890011218,0.0037721119717200715,0.007201010294318367,0.47912488838715034,-2.2659262125744584,-1.2454632601505258,3.2812101114138272
-0.005409668463376666,0.007678972375476581,0.0036491729574886535,0.007223496171646389,0.4778105322500586,-2.203558741456899,-1.3016305869889517,3.1904928653042743
-0.005422542844769023,0.00765181487974934,0.003690104131286853,0.0071997685397804925,0.4743519349526287,-2.221355079786736,-1.2723372837995959,3.210682096003343
-0.00544240130627204,0.007630526285768437,0.0037350285083938535,0.007189861654156178,0.4745699341031463,-2.2437097757631235,-1.2507045107113905,3.2426034896610143
-0.005175379391872205,0.008008389847728174,0.003044609189664071,0.007393691256027909,0.47020162093974477,-1.8944842116816532,-1.5835526065885128,2.778695266035985
-0.005188837021683721,0.007984967320670234,0.0030840488582847716,0.0073810565021136506,0.4710625225439421,-1.9151674838731985,-1.5655777043867507,2.8048790915180186
-0.005134570794537256,0.008049494538447848,0.002956752276746894,0.007397895539777389,0.4622588425172799,-1.8463000887715992,-1.605290240478391,2.708634341045872
-0.005142860140223752,0.008010838940245039,0.003006423930532855,0.007364320997532728,0.45918040875478466,-1.8709310215656736,-1.5704760623957028,2.732895866329391
-0.005376236983698215,0.007673524015580371,0.003610479107197643,0.007185286308004112,0.46623523980556486,-2.1759353108872586,-1.2881445838019927,3.135115623826685
-0.00518806932890121,0.007953287125738862,0.00311587562458045,0.007344792568884894,0.46510183885884343,-1.9293351302824517,-1.5321154739954181,2.8128795221707152
-0.005203859864440956,0.007925231258195487,0.003162232432921066,0.007328351539210362,0.4657552599697567,-1.9530843772848037,-1.5094960472462573,2.842617536251594
-0.00535847811350447,0.007704513861958483,0.003560099790139507,0.007208650611037246,0.4685383034866822,-2.1528535271255946,-1.3193878201171192,3.106745273731772
-0.005332709862787853,0.007727971377976004,0.003506237078468824,0.0072143625502036806,0.46622840301059604,-2.1248761471654745,-1.3393053715248866,3.0653888578605364
-0.005199440405863324,0.007899364097865454,0.0031830025368476183,0.007294482375510181,0.4592864523176964,-1.9607366572439413,-1.4805497765393527,2.842319888449811
-0.005309698966553069,0.007751758323079123,0.0034557367875177494,0.007222589407532669,0.4646623143988049,-2.0989370289409557,-1.3594647429035465,3.028166141474052
-0.0052594011238298755,0.007832590526878484,0.0033183959464040723,0.007273537805893235,0.4661846587085172,-2.031760526971012,-1.4320820942723798,2.9425508699652956
-0.005241934580120261,0.00785110986822014,0.0032797577605594547,0.007278882147816557,0.4641452057269578,-2.0114590624693887,-1.4458005873597843,2.9135879663788753
-0.005215428984255865,0.007872014972550764,0.0032283521079055676,0.007278134605320419,0.45976511382055085,-1.9834854666970723,-1.458097958260472,2.8710216473944468
-0.0052885141124091204,0.007777336247885491,0.003405942939095675,0.007234255655460978,0.4636516173619735,-2.073780264791552,-1.381380015123009,2.9934321443609115
-0.005264211189285138,0.0078042874860374326,0.0033511532557311723,0.00724413419192778,0.46169071205915246,-2.04560882553937,-1.4030071822980037,2.9537219287626715
-0.005955212880563016,0.006962829408274266,0.004936754214586534,0.006575035910250556,0.3478801664515383,-2.655444627491486,-0.34084924100600383,3.782011195750918
-0.0059457035874064855,0.006975700560095491,0.004916127592807697,0.006590894870537121,0.3518460433312129,-2.652506210459468,-0.3606842795133296,3.7788968112078263
-0.005936703037629905,0.006989015687895187,0.004896081311097756,0.00660768138978854,0.3559683060771517,-2.6500296199859075,-0.3806131807210022,3.776839760441472
-0.006031046051839148,0.006862113462079434,0.005096757392370429,0.006447010641188847,0.31568426648400605,-2.672450130298785,-0.18407385447294033,3.7985914546388675
-0.006023053668066112,0.006875912983022344,0.005079360088594346,0.006466364378858933,0.32033328772294284,-2.672990385958372,-0.2035612102893742,3.8014156728867436
-0.006007550039190599,0.006875267306575142,0.00505301902971778,0.006456760382191136,0.3193839672201113,-2.659081723176818,-0.21561136305901535,3.774800794728121
-0.005996985356088434,0.006884695031262651,0.00503238966183519,0.006466980025749864,0.32219855136677306,-2.6547697010741413,-0.23288000719525107,3.767901392273483
-0.005984549249483121,0.006896220372886438,0.005007933332568614,0.006479585470137799,0.3256607837577538,-2.649723602268726,-0.2534702692795801,3.760001732011102
-0.005947908551317108,0.006947102025868734,0.0049298923323363554,0.006544129323800554,0.34158487076561456,-2.641508829761881,-0.3302015632096063,3.75283156941441
-0.005958344053593297,0.006934972219059803,0.004951519479523257,0.006529928965117824,0.33794261414849686,-2.645284634768181,-0.31070074704163314,3.757837299059822
-0.005968431469898088,0.006925605707951786,0.00497158801107476,0.006520052324493415,0.33526984508040875,-2.6498861589364013,-0.294095565179459,3.764960694622139
-0.0059720881945271405,0.006909972520579919,0.00498269392953911,0.006495762566527162,0.32980920115615836,-2.6455366596271754,-0.2761128911694844,3.7541794623266354
-0.006032688871788399,0.0068318453726347,0.005107132872984637,0.00639599997031868,0.3049029198261792,-2.6571144278318797,-0.15508611502382771,3.7656629379009403
-0.0060427932223184,0.006818839555874045,0.005127464470173531,0.006378907510967524,0.3006389186407969,-2.6582982448568564,-0.13492904384156737,3.7665370529880278
-0.006053272483030551,0.00680603464629299,0.00514827432562176,0.006362207933648307,0.29642819985715163,-2.659690909167022,-0.11463601748932385,3.7679431086928052
-0.006022482501448507,0.006844934593918485,0.005086485746319301,0.006413042139823607,0.30918596861549136,-2.655672146049772,-0.17541760730033482,3.764413229447333
-0.005826379809238787,0.007084957408603068,0.0046739219095165005,0.006693288135666493,0.37885115331957137,-2.582172970417634,-0.5480779976011593,3.671487602599577
-0.005840316460133324,0.0070730254559995855,0.004701973242916665,0.0066834582598521266,0.3763406536464387,-2.5915000344314767,-0.5279474140621265,3.6859019938610813
-0.005858516207784624,0.00706392903510325,0.00473572978528176,0.006680949431391561,0.37529981321673184,-2.6056759102983515,-0.5083066779225184,3.710143678178248
-0.005926874231134975,0.007001930214477873,0.004874680902757789,0.006623134086581002,0.35981617022032036,-2.6463773958657737,-0.40069283966705355,3.7725885112439443
-0.00591826086759707,0.007015154952789062,0.004855085992670249,0.006639746972691151,0.3639288073815747,-2.6438099286691794,-0.4202206419840268,3.770538187325943
-0.005902646837821368,0.007014696928337551,0.004829243973919469,0.006628901382092417,0.3622445676092035,-2.628889169639348,-0.429734911513689,3.7424126724713878
-0.005870057954561245,0.007049166716548241,0.00476110421029986,0.006664481977504963,0.3713105200345696,-2.611365431283073,-0.4859072420292037,3.717295722646203
-0.005881135131512554,0.007036482597283788,0.0047847262745436365,0.006650937943443837,0.3679114158253905,-2.6171357000215583,-0.46590204408662395,3.72518380342354
-0.005892235108939995,0.007024360328823912,0.004808079901628733,0.006638176283109997,0.3646765208685547,-2.6229369296865346,-0.44637194096060434,3.733347870413262
-0.0058143246664850755,0.00709667457403195,0.0046489876148581,0.006703882074438477,0.38147822658883473,-2.574357816565868,-0.5668556190154496,3.6599213027699062
-0.0057899820218916785,0.007136756979372429,0.004590333975976565,0.006750993869120117,0.39234056535153083,-2.5626387621550983,-0.622423745037413,3.6487691582752624
-0.005803076742347,0.007125170346249821,0.004617095950667707,0.006741787786954542,0.390113409521094,-2.5720191628295113,-0.6036368675646443,3.6630532779696705
-0.005799330806630827,0.007107205315652116,0.004619887744450221,0.006710366552194259,0.3832071520416042,-2.563227402129455,-0.5855932423436182,3.6419799393955503
-0.005809359440215183,0.007080333579061228,0.004648653133505908,0.006674226487130645,0.37523781753103136,-2.5645784374224667,-0.5516935208238805,3.637703505273932
-0.005748216294776894,0.007170577412419947,0.004506607537366376,0.006774294898433431,0.39803086432784823,-2.530863966697993,-0.6775436099350182,3.5993887833767837
-0.005724811327790316,0.007199523762037368,0.004454229017454034,0.006802229904249412,0.4042354321780807,-2.514594644948349,-0.7186095515046014,3.5778174229520983
-0.005733508104682715,0.007183866146701339,0.004476415493040591,0.006784287265010756,0.40016941718841054,-2.5197139630856356,-0.6979205282396553,3.582637516847815
-0.005772633338025683,0.007133206356185865,0.00456454029283228,0.006732976233389557,0.3887663577155696,-2.5450127395240174,-0.6261589272156964,3.615143734867016
-0.005758358137606497,0.0071409016452308825,0.004538084666527241,0.006734963973166694,0.38933407151800853,-2.5334160420945078,-0.6406309238685561,3.595798053898815
-0.005745143707400831,0.0071517830922212325,0.004511715771003592,0.006742598747937879,0.39103193413557347,-2.5235822124337184,-0.6578665864028072,3.5806466725637867
-0.007035716006004061,0.005973460492812782,0.00671078194959258,0.004940390581275919,-0.028318708924934224,-2.3162302685690426,1.4423779806801391,3.3841585024096017
-0.007048380318743569,0.005964167835846036,0.006726271727424705,0.004919280637242819,-0.03188631188071944,-2.305493834857112,1.458052575491793,3.3708933669982586
-0.0070337961974146455,0.005957580722701855,0.006696703838859547,0.004913772480812235,-0.03483430241258861,-2.302425748194732,1.437956451735216,3.3559731010107385
-0.006254278200954631,0.006624421282598165,0.005522823683289309,0.006128500627984822,0.231713286435379,-2.6918505170186076,0.22904310947300968,3.828135996691477
-0.00626450494800395,0.006612732084831214,0.00554131747313489,0.006111066024272557,0.22734024896117935,-2.690011596625373,0.2484310739147115,3.825320535102278
-0.006238382156403453,0.006620815618372438,0.005494668506445709,0.006116672422306704,0.2314535104294422,-2.678316846227864,0.21320178462770326,3.8005831035365305
-0.0064333402024838665,0.006455849656722241,0.005834423912876688,0.005871468172749256,0.16576311435134727,-2.6625553535355895,0.542495231883494,3.7982442961267124
-0.006274753892350437,0.006600936773015265,0.005559732582424493,0.006093328015834259,0.22294337963417174,-2.687910984947527,0.2678566698630402,3.8221025112383624
-0.006285239260158701,0.006589098215893592,0.005578447921802363,0.00607546384978029,0.2184791268968009,-2.6857332398975227,0.2875214471467154,3.8188641201605367
-0.006295833593150586,0.006577202078284047,0.0055972321341204246,0.006057405811812317,0.2140075694358913,-2.6833787147889763,0.3072913450920289,3.8154037493544735
-0.006306572921461396,0.006565237511990964,0.005616147457257408,0.0060391405102542504,0.20947645087765984,-2.680859560808265,0.3272041358967695,3.8117475611637865
-0.0063176930909935175,0.0065534801718315555,0.005635624462609275,0.0060212235849957845,0.20501317756272,-2.678529952446048,0.3473851340206851,3.808620376099477
-0.00632893401692852,0.006542104833063758,0.0056552143847496674,0.006003888963655068,0.2006422216479132,-2.6763596752874306,0.3674488467347022,3.805932520490343
-0.006339791704290474,0.00653072340450636,0.005674001147153173,0.005986310371655216,0.19627157752678723,-2.673747846790627,0.38699914843248956,3.8024465190089347
-0.006350497890472502,0.006519028075439568,0.005692374022226506,0.0059680026326467605,0.19178588438286004,-2.6705995274423127,0.40645151489855547,3.7980041791277253
-0.00636161809743475,0.006507323916382995,0.00571136039397663,0.00594965248588705,0.18729783033341765,-2.66748030846839,0.42634319778128704,3.793788481523705
-0.006373072032169823,0.006495986628619314,0.0057308533952476785,0.00593190543303122,0.18289059432050722,-2.664634526256377,0.4464074691575015,3.790262365255973
-0.006384362761199258,0.006484849226282102,0.00574995586998391,0.005914348054267867,0.17854620908302718,-2.6616544673950666,0.46611839588417864,3.7865569991906995
-0.006395335331675533,0.006473597416308231,0.005768356231160141,0.005896389597472428,0.17417061930320635,-2.6582118525358607,0.4854093527014652,3.7820067735426157
-0.006406281242903693,0.006462343224854156,0.005786586555341027,0.005878297238752941,0.1698036183683058,-2.6545611804328577,0.5045864059899864,3.777150124256208
-0.006417381147741472,0.006451267665942101,0.0058049962176442245,0.005860430984514293,0.16548426695517518,-2.650941347535572,0.5238108207714968,3.7724818211507416
-0.006489452731638934,0.006400042659152478,0.005925903722945494,0.005778706109850775,0.1434534989840279,-2.640502184479701,0.639414847496886,3.769445088885739
-0.006444376936440049,0.006444612615323259,0.0058526268909725974,0.005852999408952164,0.16141649755794119,-2.6583845004736375,0.5618340421500027,3.792710401690082
-0.006455435447462888,0.006433307492636486,0.005870730141724082,0.0058342886221761795,0.1569717003766482,-2.6539708335748258,0.5811273456205767,3.7868177681574333
-0.006466652165440855,0.006422066515785543,0.005888999228855634,0.005815594496667738,0.15242426819870736,-2.649491449092546,0.6005197350091142,3.780926771725284
-0.006478026857467428,0.0064109825714076885,0.005907453733214592,0.0057970806346151005,0.14788018896856084,-2.6450218822704366,0.619994194580029,3.7751809112308865
-0.006227588419003941,0.006631881850459158,0.005475146827989017,0.006132523744190592,0.23555701898827364,-2.678968155869217,0.19379475819910177,3.8012215506555087
-0.006217036484895176,0.00664382343267944,0.005455906235605543,0.006149879174805423,0.23990560849950668,-2.680217617477885,0.17404432444582954,3.8031561234033684
-0.006195863464578864,0.006667937761274127,0.005416933611574638,0.0061845792399562284,0.24866838793895754,-2.6821975968138134,0.13418629960174788,3.8063546423693126
-0.006205919736425307,0.006655611262022795,0.005435561407989303,0.0061666218081767995,0.24417781716335527,-2.680742122243926,0.15372650886096986,3.803759352061935
-0.006180688014033801,0.006666013172488908,0.0053904048416931515,0.0061753790242307805,0.2484526985040955,-2.6698995540800436,0.1195098427495251,3.781752286410986
-0.006174346726682836,0.006690863132801316,0.005377006375196562,0.006216512665768315,0.25694112388367346,-2.6822876682523447,0.09467487939849682,3.8062822002806826
-0.006169294532261227,0.006674741913423965,0.005369696271696138,0.00618623685161224,0.2516048520386281,-2.66759113238034,0.10135731754951775,3.7770625483339155
-0.006152988706139784,0.006715921024024935,0.005336697693862336,0.006251713731517454,0.2658552096253363,-2.683091706723967,0.05372355396467245,3.8081330995688494
-0.006162885225968859,0.006702932937081945,0.005355592464312991,0.006233053691843084,0.26124037887199014,-2.681905194419628,0.07374889973277071,3.805578368873705
-0.006045378278264522,0.006787975190511817,0.005138595785466343,0.006327446328927248,0.2899303425641389,-2.6428376208825792,-0.10587871874085865,3.7339461195846293
-0.006138492065345364,0.006714932863022077,0.00531146957181701,0.006243841736487863,0.26565828967110733,-2.671377477299765,0.03992910178714889,3.78500431661048
-0.006127231052119206,0.006723711176115672,0.005290688851384212,0.006254304637607328,0.2687007651176656,-2.6684563078422125,0.022007669068383032,3.7795251686665208
-0.006114683097388481,0.00673460422888818,0.005267325384418815,0.006267748393969946,0.27246970644251806,-2.6657151206832146,0.0012637100078533008,3.774587476807721
-0.006101974319859718,0.006747748909985126,0.0052432556844182404,0.006284847062920027,0.2769086700120771,-2.664030274840123,-0.021382179970180687,3.7719446595959596
-0.0060571032106674005,0.0067758859845164325,0.005161044655879069,0.0063124376812607194,0.2860161456073955,-2.6453151881600045,-0.08543081572992132,3.7376776470581548
-0.0060695896595651805,0.006764916883366723,0.0051845009823928015,0.006299544520391516,0.2824558727705551,-2.6488480222606463,-0.06517804081726504,3.7436395773798297
-0.006083092497786376,0.0067553362203643655,0.005209402465242311,0.006289341686692789,0.27930818960175713,-2.653818042301324,-0.045043440949776185,3.752586274060691
-0.006831235794707226,0.006095362526291124,0.00642717060853325,0.005215819173891577,0.02320155588530405,-2.443666839195649,1.1666624921935778,3.5206183270454257
-0.006806867068772475,0.006115570767908478,0.006394474603540653,0.005256400693996243,0.031025688293962305,-2.460987260045695,1.1326922840105107,3.5423717491932156
-0.006818981946177004,0.006105403204333916,0.006410738219499994,0.005236067731731227,0.027106084518638166,-2.4523493121997024,1.1496319651546738,3.5314705335181498
-0.006800793525181948,0.006157464647985367,0.0064041034255177725,0.005331933572217558,0.04280282831661201,-2.4985694946495913,1.1249553553834974,3.6109057879112094
-0.0067979380466778845,0.006141762102549409,0.006391204330946643,0.005304180897251994,0.03419419102103222,-2.4838395851962805,1.1238797012536705,3.5809011546739105
-0.006794884440706816,0.00612581356123603,0.006378340469096816,0.005276732818221371,0.03487504366722274,-2.4695422348063527,1.1158138205599935,3.5532432357423063
-0.006788737656698444,0.006167534192912692,0.006387337363457132,0.005352006843163617,0.045827209889977134,-2.506984106979076,1.1073396676530005,3.6213961852206342
-0.006785864885894524,0.006151844786357877,0.006374546630590107,0.005324223136119664,0.038520284773000395,-2.49218280560561,1.1063784885364092,3.5913795890224978
-0.006773802017661594,0.006161943383750889,0.006357781440276129,0.0053441784975041115,0.042703911761119255,-2.5003650136460647,1.088780755429827,3.6016417744047744
-0.006776713476601133,0.006177641567294451,0.00637050044142931,0.005372036792892815,0.049576416488451756,-2.5152895852440302,1.0896194809000754,3.631715148148574
-0.006761758790497508,0.006172076084554862,0.0063409324415725785,0.0053640755841802374,0.04684397932127032,-2.508411910732653,1.0710954973532478,3.611735713699257
-0.006764721103672903,0.006187786671370488,0.006353601713219526,0.005392012608779902,0.053031966617674765,-2.5234644003708295,1.0717858607617727,3.641847970524944
-0.006749726098696177,0.006182241844541667,0.00632398269585743,0.0053839140374194495,0.05108231407815245,-2.5163308829302604,1.0533181957225002,3.6216556766604557
-0.006752760656429175,0.006197969404967168,0.006336638400152256,0.005411937449765199,0.05633298263221711,-2.5314931537262977,1.053814985297469,3.6517969590283865
-0.006985352610601758,0.006011027561188927,0.0066481759221777665,0.005024321945760417,-0.01479496537291436,-2.35811050023379,1.3787582447993947,3.4359245262064544
-0.0069706910532115205,0.006004695224057443,0.006618601301421573,0.005018276913033183,-0.01765616857699923,-2.3541873269509357,1.3588534266952477,3.419859422506717
-0.006997899134824615,0.00600157651125932,0.006663921437787432,0.005003419354714435,-0.01779350115968262,-2.3477971423515926,1.3947939535624887,3.4231996309946555
-0.0069832390286741035,0.005995215608129626,0.006634342371111573,0.004997515163338496,-0.021297098948858593,-2.344075484992097,1.3748741485189735,3.4073569039475804
-0.007010475290801107,0.005992164921919909,0.006679606330782169,0.004982460546947995,-0.02131095478368694,-2.337381265750159,1.4107395451808467,3.410319157065986
-0.0069958165904260156,0.005985758498614033,0.006650008625040401,0.004976676593952028,-0.024807809078984406,-2.3338381441391225,1.3907952130999384,3.3947012401778607
-0.007023080955577061,0.005982792885230834,0.006695226932465391,0.004961450389009856,-0.024830712925552816,-2.3268592080241204,1.4266024870228813,3.397303043674956
-0.007008440245529783,0.00597632877108643,0.006665629651850926,0.004955763607696386,-0.02819628953274411,-2.323478952145663,1.406625616925883,3.381913867197667
-0.0070211044585383854,0.005966932880273383,0.006681199961749848,0.004934788466859373,-0.03154939995214596,-2.313004098447212,1.4223513724261745,3.368999904519556
-0.006868287920924994,0.006065603465562955,0.006476339890848614,0.005154973494207327,0.011851376839844531,-2.4169936034903703,1.2173932872278745,3.48745669421787
-0.00688075099910479,0.006055812314697249,0.006492718323312152,0.0051346646323392,0.008069076892450315,-2.40790203996804,1.2341982887122154,3.4762257288313987
-0.006893276927496962,0.006046164653330066,0.0065091476027461515,0.005114476341531026,0.004316980359920071,-2.3987766883224038,1.2509857216035962,3.465036511714827
-0.006905809683573172,0.006036589337231897,0.0065254939799287,0.005094299021931848,6.940744840945737E-4,-2.3895584974092663,1.2676577132803946,3.453751126082493
-0.006955809105411579,0.005998072338676255,0.006589159925386044,0.005012160439033617,-0.013382927971071963,-2.351055051246281,1.332496745004349,3.4061671191207554
-0.006943244459799925,0.006007598052230459,0.006573278793943107,0.005032698157166189,-0.009866695097613225,-2.360815351076397,1.3163969895695011,3.4181808393465274
-0.006918287855392537,0.0060269479951398815,0.006541573350962741,0.005073911969834391,-0.0028112198789302916,-2.3801392347729613,1.284074979131778,3.44213113910321
-0.006930739232082398,0.006017244583592183,0.0065574328890875685,0.005053317641193548,-0.006314489795006856,-2.3705268781517117,1.3002688608775512,3.4302019293895367
-0.006827742476516457,0.006078485978933814,0.006412454674745349,0.00518711101684165,0.020558362121226182,-2.4290283891537316,1.159532278065188,3.490890788706011
-0.006840129849895527,0.006068485436924985,0.006428851552128673,0.005166886941766559,0.016807120063520035,-2.4203135912658116,1.1763630393875115,3.480062934071501
-0.006852583574522283,0.0060585144076368705,0.006445241567281078,0.0051465870881194364,0.013078584971686414,-2.4114694997780286,1.19314795335945,3.4690948912851938
-0.006737695221950415,0.006192445568174419,0.006306919991745474,0.005403701268245894,0.05518851341341904,-2.5241245120133295,1.0354396427366355,3.6313875967278393
-0.006740832253114332,0.006208189667499153,0.006319595622512522,0.005431828631560813,0.060884656602824085,-2.539353986199056,1.035677784192768,3.661626978892641
-0.006728936011698173,0.006218447357971209,0.006302474762320928,0.005451684399553162,0.0667755026355056,-2.5470344880830864,1.0174039521121743,3.6713903907643144
-0.0067256893879540265,0.006202714198033552,0.006289795102054275,0.005423480407654112,0.058956945310339966,-2.531813383406657,1.017462286240766,3.6409880994146007
-0.006681675014610203,0.006259850365114013,0.006233484504153696,0.005530436260517226,0.08284254104030625,-2.576424104473268,0.9439486126934536,3.7088339735021347
-0.006666520268890248,0.006254687263426424,0.0062039115529139875,0.005521675489047626,0.07986592814372834,-2.568347166385775,0.926456647258603,3.687104660646575
-0.0067170720498724076,0.006228742374980063,0.006285297244889503,0.005471479857074495,0.07239593007075375,-2.554553919111266,0.9990745238288646,3.6810545633988787
-0.006713749135777873,0.006213059254822628,0.006272680662335835,0.005443269811732727,0.06264032343205499,-2.5394088007851674,0.9994024401057106,3.650521883872804
-0.006693441434347547,0.00624944398096624,0.006250813209520503,0.0055108430063484535,0.07972915893767271,-2.5692436537058954,0.9623885194319667,3.6997940695545304
-0.0066782983202201005,0.006244263525404974,0.006221242630403052,0.005502220874185149,0.07551272481396933,-2.56135731014164,0.9448093204127667,3.678287546986587
-0.006705240485047163,0.006239074616716287,0.006268078249429523,0.00549119759577081,0.0766275451908371,-2.5619499932646392,0.9807422456205083,3.6905397198355616
-0.006701887828103802,0.006223453032069777,0.006255587522677891,0.00546302367175051,0.06662126676359036,-2.546885997799642,0.9812734184012663,3.659966820195628
-0.006690082130648023,0.006233858692927526,0.006238461788288245,0.005482681138925785,0.07098237538849207,-2.5542075774192323,0.9630775743858792,3.6692421636030548
-0.006616035731562346,0.006281077739316832,0.0061224154538418495,0.005570937372066902,0.09594485256123873,-2.57968614916328,0.8472627931013971,3.6917789879983913
-0.006627640708416178,0.0062704747015984155,0.006139741436382801,0.0055517109746073675,0.09180609815762537,-2.5732689125714505,0.8655936528179877,3.6836007902315058
-0.006639282206800851,0.006259827425555898,0.006156985949375047,0.005532287633641484,0.08759117737845917,-2.5666459122335055,0.8838539179941328,3.6751327790895245
-0.006651059293798182,0.006249287520988592,0.006174376787371816,0.005512935115476931,0.08331728109153942,-2.559975334949959,0.9021816924148344,3.6667008552378566
-0.0065886605784549294,0.006285930866204333,0.006074902044094781,0.005579675785105151,0.10058772073337774,-2.5764454106534918,0.8077083007798634,3.6764855331245982
-0.00660044123876887,0.0062755785024085735,0.006092711959118954,0.005561203893556048,0.09645172083221486,-2.570692344194239,0.826185004488906,3.6694221193517342
-0.006546522191679242,0.006345379059005496,0.006016158602914366,0.005685011897587134,0.1216120066004106,-2.615006774195215,0.7349424553588567,3.7367051863658944
-0.006500834351265861,0.006389148053486961,0.005944159692559279,0.005760281053616776,0.13916680755028743,-2.635807348367738,0.6586731270761704,3.76346325150325
-0.006512130409472863,0.006378172199348176,0.0059621186190157,0.005741575739367784,0.13489260790731308,-2.630813729612005,0.677729915728436,3.756993225745949
-0.006534935680574845,0.006356192601484244,0.005998024958794627,0.005703768398413143,0.12600897056659446,-2.620318646897133,0.7158229893532222,3.743426711083601
-0.006523449907590459,0.006367135939462557,0.005979976571676995,0.005722642241944467,0.1304948360370566,-2.625587980043458,0.696722898454412,3.750185240677943
-0.006576892182990413,0.006296527134608637,0.006057065441511921,0.005598462156689945,0.10478876487022816,-2.5822306139977234,0.7891096088478234,3.6837032905082423
-0.0065652959268934045,0.006307399162618253,0.006039490502165393,0.005617624740454528,0.1090474202815226,-2.5881253268196485,0.7705943734886761,3.691269840002182
-0.006553886056488579,0.006318406426068942,0.006022155431494996,0.005636917391379719,0.11333571156700702,-2.5940173871465357,0.7521953429062269,3.6989732655310923
-0.0065424411669636395,0.006329275560360933,0.006004588296438536,0.00565584320898587,0.11761956235630656,-2.5995986777859135,0.7336636343815157,3.7061639205864303
-0.004534219334511605,0.010847304914689864,-0.0011611146511083237,0.0076198618490539785,-0.0857119529395549,0.7365373630265674,-2.159563569890184,-0.20269939773943957
-0.00453639030381966,0.010908530412078312,-0.0012408956707394658,0.007594393337504076,-0.09775405690553839,0.7923350540591623,-2.1444463324730427,-0.26007751341559177
-0.00455235882246412,0.01062565156741947,-8.74241533791538E-4,0.007723459170440906,-0.037997252190097336,0.5368199621414115,-2.221239791439746,0.012541541133396514
-0.004510098456422129,0.010582359295587632,-8.025831346572106E-4,0.007693112925879962,-0.030327843136010304,0.48682863683502786,-2.195757908070918,0.04853510706120035
-0.004531083770369746,0.01067601748492545,-9.346854078765388E-4,0.007684231974940832,-0.05000471413611594,0.5785913644566643,-2.195717703694593,-0.0391877777792472
-0.004533202689238369,0.010723622721002983,-9.987330315316192E-4,0.007669116295906711,-0.06000889930516749,0.6230161025096126,-2.1877684162184883,-0.0847245453224632
-0.00450602621173768,0.010760640383227764,-0.0010369165489052896,0.007627070801240289,-0.06836266072279379,0.6499440121779864,-2.159062548733831,-0.12299059433293291
-0.004488430614017736,0.010800404164845973,-0.0010812875245938627,0.007593332095617599,-0.07668064585800273,0.6811705221128609,-2.136623637369637,-0.16204432416211614
-0.0044712236671879246,0.010842839992903874,-0.0011281913699411005,0.007558351364399901,-0.08545823134508262,0.7141761502053638,-2.1131840329638982,-0.20281521359624208
-0.004634157035427509,0.010204710945272696,-2.991362362606376E-4,0.007903753643166705,0.07035960670785403,0.1489002330534345,-2.32080062865429,0.45026533777940453
-0.004617381330022747,0.010237274004147699,-3.4432424209802134E-4,0.007881622846659461,0.05981313458469343,0.17811722330432453,-2.3074309536659943,0.4128196265928993
-0.004623364108506834,0.010119592894714952,-1.744297723607067E-4,0.007899290199660335,0.09006024983665238,0.06466101030834602,-2.3105445004658542,0.5337868616278562
-0.004621848992379532,0.010165962207808223,-2.416154041603243E-4,0.00789415318386699,0.07811335333191222,0.10942162664438783,-2.310657108377994,0.4863947816740608
-0.004582948670118998,0.010259451615080857,-3.7157699712988163E-4,0.007841457267123554,0.050406091308569635,0.1941913080155697,-2.279989754771934,0.3819417269732324
-0.004575463851132157,0.010343976431889038,-4.901490729253341E-4,0.007819901409965637,0.029184295648683852,0.27419308992210795,-2.271020633583438,0.2954537718358836
-0.0045570473841297495,0.010399285214397737,-5.640863229196529E-4,0.007789402244282728,0.014275917600910472,0.32374956723437026,-2.253046705086717,0.2365573734552658
-0.004543678028543477,0.010295799477227212,-4.171049523915892E-4,0.007794111642537002,0.03730289676028619,0.22302014347959428,-2.248322111485356,0.3362412193864628
-0.004497114689565883,0.010415540400176499,-5.73729348507847E-4,0.007722798569968885,0.005815429952931971,0.32852981252868857,-2.20516846132286,0.20841300179154798
-0.004492412280632301,0.010478399282842317,-6.578003005970124E-4,0.007703346234701153,-0.008531340663325978,0.38636454362839334,-2.195566064793184,0.14642769174489592
-0.004470078594022058,0.010536553116345396,-7.298326944728009E-4,0.007665054162465191,-0.022710459046811248,0.43575025610849755,-2.1714937399179246,0.0866863241784492
-0.004461753227816239,0.010583922512488,-7.901310304085776E-4,0.007642923549762498,-0.03303766703918749,0.47747755988369944,-2.158439471514629,0.04013592238250602
-0.004772232961907882,0.009183674288625591,0.001223563627122081,0.007882293686580803,0.3252786674122929,-0.8334742333433866,-2.20061620055905,1.5338008284054967
-0.00476644066736895,0.009228751147509614,0.0011566880804447447,0.007895732427452166,0.31678113000990543,-0.7911699625509929,-2.216384796701474,1.4876940581538578
-0.004697603536689263,0.009676635009147297,4.815401678832511E-4,0.007955453612628836,0.211105608545066,-0.3610800408950641,-2.3106697333968587,1.0102748029742845
-0.004749692697277062,0.009272788807994729,0.0010866467957647249,0.007895534069155287,0.3043109996982008,-0.7483993753255075,-2.2217437133097246,1.4355521324587432
-0.004746397644264347,0.009315338193262752,0.001024147596830498,0.007908534613336954,0.2964158557490281,-0.7083658635724365,-2.2365319527043064,1.3928501314209285
-0.004715526005526912,0.009335130929952532,9.842135238929415E-4,0.007881943669369408,0.28362263610637267,-0.6870526891789208,-2.219226497565389,1.35592338677052
-0.00470574557326457,0.009371968263669322,9.279883688731388E-4,0.007884321277768598,0.2743184067282385,-0.6519162266501551,-2.225365520178507,1.3151468160670776
-0.004693082379958741,0.009414863346181107,8.622407852889733E-4,0.007884764372455432,0.2629162020516211,-0.6109813436864675,-2.2306515830917424,1.2670391154011107
-0.004682354215888253,0.009464902556011243,7.870160555313988E-4,0.007888433156733465,0.2505821179589342,-0.5634696061032488,-2.2390762847042693,1.213070227909612
-0.004699491761709938,0.009509119491723004,7.278507997225074E-4,0.007919767265173747,0.2470457712479587,-0.5222143345973204,-2.2670246806643726,1.1784534186759457
-0.0046878049209278195,0.009612650566957705,5.737848168877868E-4,0.00793200460884586,0.22258260960916526,-0.42297471185704394,-2.2869896730254347,1.0702037898263166
-0.004671291879135332,0.009641745605719796,5.278270518168172E-4,0.007919803492535597,0.21214376795415366,-0.3950764276262118,-2.281055192899728,1.0337421023924145
-0.0046818800910600755,0.009579888816787506,6.203385836666219E-4,0.007918169924757822,0.2279434779299637,-0.4543890763266399,-2.273381860614442,1.100062421220076
-0.0046762210200843365,0.009543844177145794,6.713516035888427E-4,0.007903242477722089,0.23351260769007448,-0.4886163157637379,-2.2585698027184473,1.13293813032656
-0.004683026031656324,0.009719331060586431,4.160636486107032E-4,0.007946477502031743,0.1978470941078105,-0.32008843542262855,-2.308345591420363,0.960998461262503
-0.004687680749545921,0.00981533464503679,2.7458213009198086E-4,0.007964094916820654,0.17659926230243406,-0.22630461155695922,-2.3304232361538877,0.8653265330088536
-0.004673289284444579,0.009769678837791205,3.404634265974769E-4,0.00794287092498172,0.1840271879662984,-0.27160149616237766,-2.3106061459944125,0.9061204255427271
-0.004664552216796364,0.009846725266154481,2.259594591294005E-4,0.007941463266346762,0.1640821990323361,-0.19708124722832945,-2.316864001719121,0.8246040966321578
-0.004655042324576173,0.00987905088427345,1.7764032718615207E-4,0.007933471475116078,0.15439325889604721,-0.1662974446051069,-2.314042349511114,0.7883378287211883
-0.004630022380939085,0.009898158476111607,1.4809260898869962E-4,0.007907203624237401,0.1449768164714157,-0.1495282203686011,-2.2966494560948343,0.760051016753592
-0.0046223013812582295,0.009937666076615444,9.023272972109206E-5,0.007900594118840448,0.134156733202649,-0.11190091241731022,-2.295467096473972,0.717527063587266
-0.004608118133359091,0.009987085139193849,1.8215568046272737E-5,0.007886228380071027,0.11973675919083866,-0.06532365661012891,-2.2894557306038354,0.6629957641523848
-0.004591866252422619,0.010037778765798854,-5.484734447004692E-5,0.007868340822399136,0.10498141440880071,-0.01796335756865466,-2.2809166903752414,0.6069003539996367
-0.004581393879452411,0.010088906044560426,-1.278780167312315E-4,0.00785537890708739,0.09118314811336613,0.030129837280413973,-2.275901670781536,0.5524651739613377
-0.004808044410525165,0.00902298758502445,0.001467658331685793,0.00784184775648892,0.3574414252746032,-0.9851142416679729,-2.1484100245914153,1.7060306981697024
-0.004803100073835105,0.00905703028602623,0.0014174622586468693,0.007854535186073024,0.3522533352288493,-0.9537475536015461,-2.162701138621421,1.6718094773570784
-0.004781505718373789,0.009081799202578747,0.0013716825293063073,0.007843629953115138,0.34177409482032584,-0.9275216379551477,-2.1581868514709828,1.633956301832448
-0.004760229301672546,0.009113349814583022,0.0013170323434331048,0.007836099258783548,0.33061936036737977,-0.8956030315625769,-2.1570645162281417,1.5907328978202384
-0.00473968468854745,0.009148255050857366,0.0012584990508642936,0.007830424676816763,0.31932959627114577,-0.8610421639094898,-2.157593699989143,1.5453319037243374
-0.004771239621561852,0.008981511043559983,0.0015044896099049004,0.007779119107613005,0.34904077372655573,-1.0138064054156777,-2.096159908459093,1.7151896705713698
-0.004766778759217607,0.008938665425144529,0.0015598461878470304,0.007750006863900055,0.3510822988551511,-1.0493748785555725,-2.0683533807239027,1.7483253915238948
-0.004737772152758906,0.008953453877150037,0.001523450750013019,0.00772758929781573,0.34012877029725175,-1.029986706821504,-2.0545379589547412,1.7141457276927305
-0.004782088290559021,0.008906994455665004,0.0016113003759706914,0.007747754311309709,0.35910962135359265,-1.079822480689914,-2.0616844160331254,1.7865814940832843
-0.004809595410223744,0.008870673729276796,0.001676652313602251,0.007755156041651451,0.3715774412420974,-1.1175259940111408,-2.0610271216740936,1.838596390083733
-0.0048486372076378395,0.008793033859944862,0.0018052764327950801,0.007747268073478226,0.39058505257672177,-1.1933132857206867,-2.041822417659876,1.934714544036748
-0.004819670703981475,0.008822863367557745,0.0017467244899594706,0.00773573584322241,0.37831634617279913,-1.1601219111403334,-2.0388814002670457,1.8859992106891748
-0.004909656443737195,0.008727818221198384,0.001933889886140587,0.00776846490249586,0.4165092542881607,-1.2664953217826953,-2.0447636862523804,2.0416204544820094
-0.004918918300222508,0.008680789771026565,0.0020027778294982317,0.007744587252960907,0.42134719708070884,-1.3080252623180675,-2.018240594145236,2.087159155706125
-0.0048418732338214995,0.008760568331789887,0.00184358064481021,0.007718196476275275,0.38955728989833904,-1.2176848688621518,-2.0151392664408405,1.9546299428669163
-0.004857726473807611,0.008730551767123671,0.0018937799008932243,0.007714444540638605,0.39665531004922366,-1.2469974620834174,-2.0067758943104184,1.99206862938809
-0.004892068127013054,0.008646348190102753,0.0020277301849993957,0.00769033342818311,0.4116435970251395,-1.325908420998845,-1.972863923569837,2.087931779319255
-0.004900621856711168,0.008577975344912253,0.002121268499909217,0.007647308608366773,0.41527317858966256,-1.3816509800302335,-1.9281597764324945,2.1457212478836514
-0.004872442216749976,0.008609801438678337,0.002059528739665294,0.007642167033964794,0.4047227218587783,-1.3467396005227785,-1.9318087353076334,2.0960696404013475
-0.004869537664033946,0.008533454498998791,0.0021521030814310505,0.007579977571270039,0.4035983197463935,-1.401867811687019,-1.87259243235558,2.1459109477939475
-0.004896068454459318,0.00848720964583724,0.002229829958824616,0.00757002452168931,0.4124378192866437,-1.44587517835596,-1.8548816235367893,2.2024497719688987
-0.004909560717059759,0.008434832360899838,0.0023040673143309384,0.0075402474473364395,0.4158497873012125,-1.4880507017486477,-1.8222430997629597,2.249160105929858
-0.005103700679651467,0.008164128005352668,0.0027990831659894036,0.007486598503180202,0.46646723706652177,-1.7639522680878634,-1.7020495763862546,2.6214342124650982
-0.005105154567494522,0.008130627931550241,0.0028378736365265857,0.007453768989822001,0.4628402474943756,-1.7838284952085315,-1.6703309856770112,2.63791372392196
-0.00511017991255308,0.008090422216818908,0.0028870114876372592,0.007417021003099482,0.4591160672372446,-1.8090571627670955,-1.633470408012734,2.6609082405124034
-0.0050811913002008395,0.00811050345794451,0.002835188321503402,0.007409084248983358,0.45164271847246756,-1.7800310482541999,-1.6377717792838742,2.6155078606874174
-0.00507685169110966,0.008183566612362372,0.002750149321548984,0.007478893260872778,0.45875173745910264,-1.7362779515413778,-1.7053675350941262,2.578195188638191
-0.0050523934227479275,0.008204937238946016,0.002701829248794803,0.007475309650461087,0.4520795920067964,-1.7092404425235432,-1.7113759700650173,2.5376692842445787
-0.004929187733307263,0.00839377759525004,0.0023696089157713668,0.007525058089239132,0.42121512626334795,-1.5248916478133936,-1.8015442105103456,2.2946303503939522
-0.004954206363514537,0.008356751089590692,0.0024351645662471274,0.00751793697829653,0.42838646011983167,-1.561538485142023,-1.7865646521675345,2.3433000616621267
-0.005020644429615183,0.008229689477653788,0.002642999522751152,0.007467374562503514,0.44310137036854164,-1.6762832342327272,-1.7155219880471277,2.4870046925493647
-0.00498574384312928,0.008319682267279053,0.0025069798118155314,0.007516565418822682,0.43749643096599206,-1.6015888127857933,-1.774547130236911,2.399336667660435
-0.0050037786015444214,0.008273183224620664,0.0025774639851880257,0.007491734201497401,0.44070585727130185,-1.6404316524334461,-1.7446315434947464,2.444996836938506
0.005042890062980702,0.007908948341342311,-0.002999338044250607,0.007159888444586426,0.411993187146193,-1.8491732106681298,1.4283405397088116,2.632624594946322
0.005060739866035501,0.007852490555965009,-0.003071597299681168,0.00711411845931908,0.40883847674227614,-1.8821818600422557,1.381954468318282,2.667504969896235
0.005062886540257548,0.007796946472608483,-0.0031241751888597476,0.007054274936690489,0.4009180524774712,-1.9026969989238374,1.3304747745098062,2.6805222980427303
0.004995219264350705,0.00799908099581536,-0.002861583964573879,0.007211996033426865,0.4093850392050639,-1.7812861229135672,1.4919859223028016,2.5495295085842176
0.0049883150129462275,0.00793368986849712,-0.0029176476947775695,0.0071374400547620535,0.39936969869682665,-1.80460324150886,1.4298531273023987,2.560435123695772
0.004931355653522069,0.008022603115703797,-0.0027732305027556026,0.00717795579124931,0.3932063253925974,-1.732385151321209,1.4851000775995236,2.468050622827606
0.004877546029493659,0.008228414902201848,-0.002509806830482807,0.007326343252105262,0.39421253574532383,-1.5995026669668995,1.6340282394457137,2.3267786910311687
0.004874610012286175,0.008270866386285006,-0.0024610647400825094,0.007362180167662466,0.39633610701867994,-1.5739409854817141,1.6674551832996258,2.303197493413386
0.004848266905487597,0.008312055625140596,-0.002392282241000194,0.007373499417504508,0.3898812685983923,-1.5367115541277865,1.6860158561423815,2.2550269231367888
0.0048134733098387185,0.00835209486453638,-0.0023177528438230646,0.0073747108976484526,0.3800954661188745,-1.4964528710132263,1.6975881424744586,2.199470569410928
0.004786097605127416,0.008431957733164143,-0.002204935721801767,0.007414873414445703,0.3737998722759863,-1.434592860039224,1.7422220989080965,2.128316575828235
0.004741779887835269,0.008469740826344533,-0.002126370578339865,0.007402158696211789,0.3604165044771173,-1.3914488237716391,1.7430974193203868,2.0649380308825083
0.004714040155425433,0.008513448523574087,-0.002054866402781489,0.007409271226124092,0.35143843250249507,-1.3519533269428354,1.7571980298034258,2.013988234485307
0.004659175018486677,0.008534051009600743,-0.0019900364554551434,0.007372127740524628,0.33474654627834743,-1.3169156127141204,1.7378342840488725,1.953864493640362
0.0046539046776619955,0.008593235251007905,-0.0019183785694304324,0.0074102738388963085,0.3327323674926528,-1.276240712963647,1.7740184069559575,1.9128666805917265
0.0047716622449595035,0.008376175385079735,-0.002255722162257344,0.007355038742398254,0.3678933297002189,-1.4627168662837329,1.6917358541644198,2.145870252018924
0.004885542707360051,0.008177966374680047,-0.0025707774747047453,0.007287035290543731,0.3934476993172831,-1.6310580105972805,1.5961410907827636,2.358089449295667
0.0048977121302351155,0.008117181642866024,-0.0026453828605748487,0.007240474407561487,0.39196100081021307,-1.6687640231098706,1.5509768287463925,2.396525353180588
0.0048982724702310715,0.008063976647344323,-0.0026994906895938015,0.007189193420118136,0.3872961739532825,-1.6943370178202328,1.5060600511038778,2.4169594131931906
0.0048759378717833455,0.008028475924304088,-0.002712305159610417,0.007134297335073881,0.3775361983090687,-1.6978904186443209,1.4659367446394085,2.4050378288755203
0.00459989396364729,0.008681003352214242,-0.0017788910672273761,0.007418959991070486,0.31407176673043957,-1.1978895541468868,1.7960143080229296,1.8127684696686297
0.0046082624046763655,0.008625615018661574,-0.0018488271329122302,0.007389243531802511,0.3182854489389574,-1.237928432780677,1.7667689117478544,1.855160997993727
0.004571667312672058,0.008772251464691688,-0.0016529272410832358,0.007450530660243993,0.3017545481088742,-1.12472119094369,1.8326148068000288,1.7290148891172252
0.004544484127422388,0.008825594545819304,-0.001572676080521248,0.007456596844000546,0.2905790607633455,-1.0784997662786378,1.845251275926507,1.671955486691526
0.004546839293734799,0.008710810079119804,-0.0017093171799267002,0.007387669173855793,0.2978587653689369,-1.1599611546111641,1.7805190680645426,1.7524368704982358
0.0044615658151903595,0.009410492485813932,-7.955002650303482E-4,0.007638379171140088,0.2035237479486016,-0.5953762304404436,2.04982187612266,1.1512100609885145
0.0044836635725509855,0.009349327603448932,-8.829930643399114E-4,0.0076412313426006,0.21809372581599054,-0.6499453415598563,2.044977978868373,1.2157551156893565
0.004374582282453283,0.009514940585258843,-6.354670122904008E-4,0.007579200579069452,0.16801895848913004,-0.49818348194825013,2.0179757467711776,1.0180676714745014
0.004406759403229018,0.009440305771405323,-7.403646542055637E-4,0.007591611387241954,0.18677885291459306,-0.5645495401696811,2.0189777880480007,1.0981339876774172
0.004525167933119391,0.008938208188805113,-0.0014251154622697425,0.007501662010140215,0.27715167146119185,-0.989799774784515,1.8930320502229259,1.5759526868113947
0.004485357775597989,0.008865073439267105,-0.001491222241734595,0.007422361009147975,0.27211260437229706,-1.0334978155610355,1.8278971291853006,1.6026470489311966
0.004506580088174414,0.009015358809601862,-0.0013202177801383487,0.007523584316966253,0.26503349055219233,-0.926573756205826,1.9190260163418817,1.504945158289733
0.004445132508484618,0.00929152023480426,-9.445026095465347E-4,0.007581864311428209,0.21705642024200436,-0.6938415758634796,1.9952475955524258,1.2449892720945817
0.004431528282009209,0.009234989965819665,-0.0010113500278032556,0.007546958867661935,0.22111461506682945,-0.7377507027860357,1.963531630175238,1.2844131216574688
0.004448395896716968,0.009077240622665022,-0.001215507159221043,0.007496138548311305,0.24372612069097258,-0.8660699064372087,1.9080708977599776,1.4206851302414518
0.004405839785081397,0.009140632242893477,-0.0011184576446879669,0.007482908334217199,0.22600504479777875,-0.8084511622184934,1.906585540607731,1.3460267101918573
0.004396966429422578,0.009201259726547523,-0.0010398697213094893,0.007499471326327864,0.21731055109342443,-0.7593440932426622,1.9255665814943803,1.292908812014791
0.004381569426754495,0.009798719451674494,-2.658415014821398E-4,0.007636441003460067,0.12041409075306463,-0.25092083369750157,2.0881795626636777,0.7661808182083317
0.0043033113161795025,0.00958064885717285,-5.353500445770134E-4,0.00752344260157612,0.14399271388995494,-0.4375757650816103,1.9836881408773432,0.9300527141692142
0.004323735187115413,0.009658794764144255,-4.3989198040206593E-4,0.007558669454116177,0.13492040638747219,-0.37225198772973983,2.017248990627347,0.8701782004401418
0.004349653732670773,0.009731168399750573,-3.505107916996311E-4,0.007595895241186872,0.127134712073495,-0.31031998544839284,2.0517322953569246,0.8157485026999466
0.0043321000564548375,0.009859343964255756,-1.8196829892352018E-4,0.007591802813617043,0.10098748552836014,-0.19770457097023061,2.0606381511697944,0.6932074914085339
0.004281722876432462,0.00992203577963564,-9.834838964690593E-5,0.007545117478097195,0.0820944192732276,-0.1437300178375945,2.0314469371081163,0.6197786271820213
0.004326040952421417,0.010187107334998089,2.4399952963864214E-4,0.007582650197031879,0.03753418070863304,0.09431659118347745,2.082348482836505,0.388980641874745
0.004291234980933537,0.010120397827993283,1.5548338564980242E-4,0.007552939342562543,0.04640476204869048,0.03144446707575576,2.054466069944409,0.4419812874644727
0.004258958882332543,0.010053054759096828,6.848876029263606E-5,0.007523770333035965,0.05553318240091524,-0.03016890573724418,2.026859486972476,0.4947080098979684
0.004228743696320975,0.009984119695910404,-1.850144720696511E-5,0.007494653904866315,0.06392430069911824,-0.09183902864337919,1.999071885594154,0.548176914890041
0.004318800908278723,0.010312731737892659,4.0497426844741637E-4,0.007559955807481558,0.01228034112258459,0.20595063328870508,2.0754495636031542,0.2708136470613139
0.0042764952987559375,0.010256561704993011,3.2754735661238375E-4,0.0075259192569917905,0.01927069573947995,0.15052031280779887,2.0452607597604193,0.31368384261576204
0.005349750419561419,0.007243167221737501,-0.003889444637048583,0.006595966526282178,0.3535070913292047,-2.1961192735424953,0.8374325833608544,3.0184436936177925
0.005586960852019443,0.006923587880353777,-0.004376361313042753,0.006298975107861411,0.3038616242255621,-2.332515446009564,0.4961280027567035,3.188966658380092
0.005540519805827758,0.0069977466846441756,-0.0042790638835752065,0.006379002751773048,0.31867353961211514,-2.3143175514024,0.5764070531020992,3.1704131098941106
0.00554685309236212,0.00695237620287764,-0.0043072564422457155,0.006317844107541501,0.3072553309794831,-2.309272985117124,0.5346947437293584,3.153500833130792
0.0054128756593945174,0.007192070719313291,-0.004003937591003801,0.006569999492293226,0.35143775072876965,-2.2423526514635275,0.7827171808253005,3.0865626890626534
0.005431473161218416,0.007147447899466975,-0.004053738797774066,0.006521124843859549,0.34313777929028805,-2.2528670152082513,0.738192670680906,3.094435238127659
0.0054504741709608525,0.007101156915944015,-0.004103865987739365,0.006469435664134806,0.33389341380030363,-2.2622179316201065,0.6920174015880195,3.100427658097415
0.0054644373795680315,0.007052570521302992,-0.0041468906058152585,0.006410648429677948,0.3238824388380918,-2.2659158939509045,0.6453550393010373,3.0968430169551335
0.005478071678293352,0.007005521702763144,-0.004187472382589222,0.006353230423114851,0.31381178447974006,-2.2682828294969233,0.6007812679296674,3.0919462016832706
0.005356873247858894,0.007199488305484843,-0.003924048316214176,0.006542471740399798,0.3443841135510031,-2.199768522429047,0.7962662378716104,3.0140923343148196
0.0051998124285559475,0.007551967203484519,-0.003487784293413888,0.006880447214232178,0.39149444473384887,-2.060824779956052,1.12809175528617,2.8718647936764508
0.005180240037404321,0.007585508753031651,-0.0034379333843781927,0.006905687091770079,0.3933236843440309,-2.040278234321041,1.157368321815011,2.8469061738389567
0.005120315069281241,0.007723554532273063,-0.0032536212894177193,0.007019863655434421,0.40415154920963303,-1.964380190393218,1.2775137842047941,2.7627368337737153
0.005160930206864093,0.007629238347358888,-0.0033799115151234706,0.0069426669284450146,0.3974133694214572,-2.017146098707569,1.1960586675361091,2.821343036732738
0.0051393981795998436,0.007674808669261982,-0.0033170578919454216,0.0069789410106592615,0.40044050338360154,-1.9908734446267615,1.2353520259862163,2.7913651496860203
0.005257179493057155,0.007399227647672882,-0.00366984087457034,0.006733328318531109,0.37198135316696485,-2.1224548698220915,0.9867018968769584,2.9320669578925016
0.00530445110244293,0.007256357772889302,-0.0038217964778081434,0.006582291172170308,0.3488041607009763,-2.162233474674228,0.8525795463272733,2.9626724470153087
0.0052674911299345935,0.007350604076062648,-0.0037152848750336667,0.006678612140574198,0.3633213027179624,-2.1330733892136355,0.9410435726332026,2.9367262748551273
0.0052772809804357305,0.0072949608133284095,-0.0037630971433390272,0.006613772134788162,0.3523390989521058,-2.1420326303774053,0.8890557061779071,2.9372713098894816
0.005178712496405377,0.007514506426495321,-0.0034900326395555224,0.006817846504107547,0.37917716210965396,-2.0513427055519027,1.0891122810464233,2.8421577114598997
0.005172220550202087,0.007474288839586075,-0.003511280649149512,0.0067635507844998125,0.36959553354165803,-2.0522558962156183,1.0507056686835998,2.831059665690596
0.005199297024296389,0.007433489198115347,-0.003573426953328226,0.006733445177972116,0.36731067947167834,-2.0765709441850735,1.01529323180025,2.86145246858081
0.005056758002729715,0.007740776035342104,-0.003166124764196517,0.0069859129732853225,0.39020147911887587,-1.9159188223389099,1.2760389671652586,2.6808793677351166
0.013963938944345444,0.014884827480111145,0.004772692615313562,-0.0038633407181535542,0.09693506596167434,-1.7904980160272543,-0.6625896456788728,2.2950549014040895
0.013814906994151693,0.014878384126372577,0.004950953620666673,-0.0038617121135158037,0.10231201915586008,-1.8098954898860173,-0.7654708938466998,2.3453013577783364
0.013711440104401269,0.014978609775467484,0.00502186958297756,-0.003731975388971999,0.09736560652671412,-1.7648966034141147,-0.850660741446435,2.2941296666731614
0.013186728814884082,0.01521624469924894,0.005471870548004171,-0.0033289049779694773,0.09572296465998863,-1.6108466126628012,-1.2464129355454843,2.1697776062260794
0.01359199434655864,0.015051981487172182,0.005119535636065617,-0.0036271256982629064,0.09652133614937075,-1.729116686744397,-0.9426267176896058,2.2604641477181526
0.013463510039343034,0.015124101707345463,0.005222898171320388,-0.003516448126745404,0.09406561353737654,-1.6873733332613086,-1.039636893750683,2.2228524884892367
0.01332304572711781,0.015180070831930653,0.005344834232674238,-0.0034144835208510496,0.09444443234578104,-1.6472671818379514,-1.1441287141279313,2.192442228156126
0.01315853019582015,0.015325144085910552,0.005420243570390994,-0.0031990253148570986,0.08950936608903352,-1.5478131157713695,-1.2540468184439222,2.0783863333606303
0.013025970184341337,0.015380117765091442,0.005518224692647406,-0.003087383560595665,0.08772651464056248,-1.4940262450192223,-1.3430994722659497,2.03038490252062
0.01285729726078798,0.015427544558943481,0.005654119730553637,-0.0029607881802620104,0.0896469838543862,-1.427938903539031,-1.4593173682670928,1.9762873792203177
0.012686232793471773,0.01546895297912787,0.005790493655960003,-0.00282918835677229,0.09078059500296452,-1.353362928218827,-1.5746571587874898,1.9152829159481344
0.01407407298950891,0.015022888564872966,0.004589233123002797,-0.0037105980599554662,0.0861445679061097,-1.7105394763544204,-0.6130647465743442,2.161439274280618
0.012521457994637546,0.015496926271676889,0.005926373809673312,-0.0027045304891015003,0.09315984548671291,-1.2770792576533354,-1.6870670743221619,1.8546688365183688
0.01236278641439599,0.015514765745293044,0.006060468255644897,-0.0025840051870144056,0.0963069226365859,-1.1982279932399804,-1.7957249781064597,1.793536338965261
0.012194771629613157,0.015517535685984171,0.006214145935072944,-0.0024608442602621038,0.10141606241723777,-1.111245899165141,-1.9152702726814648,1.7307483401555255
0.012041233525544004,0.0155614656125485,0.006300142684842571,-0.00230203225886254,0.10274685388401587,-1.0057465707787685,-1.997612251928633,1.6299620651931737
0.011885995276515175,0.015577370157961859,0.006412255668905916,-0.0021592231505912726,0.10607633125262958,-0.9019619970450827,-2.0911887877815087,1.540952854131888
0.01173790110557446,0.01562457586413308,0.006470316714505769,-0.001990896290010292,0.10720405288977339,-0.7870505790080661,-2.1523652692443247,1.4257501621183746
0.011627204597273582,0.015677364973220188,0.0064837785687232785,-0.0018503250712266445,0.10524776810602887,-0.6947234075190186,-2.1801406996987667,1.3245049727326217
0.011182944644130307,0.015614191148247686,0.006859221482644405,-0.001441735611243023,0.12526166490226476,-0.345154519929612,-2.449455357047197,1.0517196172910042
0.011106270508062906,0.015638264145832356,0.0068662712380505725,-0.0013440286619048356,0.12530203546427157,-0.27548723695883925,-2.460399179972686,0.9780310076155821
0.011506830974741864,0.015689267497924344,0.006551307523631525,-0.0017281776429858545,0.10784437625449517,-0.6028644775127993,-2.23615778989381,1.2409117909320484
0.011376006730488589,0.015673381799540295,0.006658237697665851,-0.0016092865795069107,0.1135575217889023,-0.5026944960826948,-2.3132645688110145,1.1617458536239484
0.011264991826163548,0.015674492024686088,0.006724371629502383,-0.0014946204747099982,0.11763272748830354,-0.4114568370534401,-2.3638913116070515,1.0810524268689063
0.010929382255109303,0.015565783230684069,0.007065786041870978,-0.001178208122583566,0.13976399175680498,-0.10926345463698416,-2.590356717798001,0.865430474112703
0.010858245820294344,0.015600821343264125,0.007043556744450318,-0.0010779352092947375,0.1374267667787785,-0.0435896035385231,-2.5800170241414544,0.787657661100232
0.011011062655701547,0.01563865287383162,0.006914700689494539,-0.0012374490779987982,0.1290455124074674,-0.18952560801614848,-2.4957846642886428,0.9006133456507622
0.010117810513016506,0.015616524707167224,0.0072016288696354494,-1.5382696971117822E-4,0.15133890098485916,0.6864882853877771,-2.6483586286625145,0.08773435491580432
0.010198324845491656,0.015641405229206887,0.007154829162511706,-2.540108188174018E-4,0.1467296108148672,0.5961126332584271,-2.628716152313622,0.16243011962722395
0.009970772070191258,0.015655117332092773,0.00714042904770749,3.297036805332763E-5,0.14683401756082404,0.8084523957331655,-2.5948557811869386,-0.05368152382161826
0.010043581311373081,0.015662511593564164,0.007128790820825722,-5.8419514472822394E-5,0.1450854577004115,0.7353797131671319,-2.597131992186933,0.014510570424517933
0.00985473284028754,0.015639912823230708,0.007158877533436365,1.7997662604744304E-4,0.14837691233723027,0.9264950446492012,-2.588673343967655,-0.16323377863454822
0.009915840543731173,0.015684087181408315,0.007091263935560443,1.0046642534877101E-4,0.1421183738383203,0.8439323777982822,-2.5589117051743013,-0.10484892854336496
0.01080151212286891,0.01566000253905296,0.006975307749354135,-9.866695406372443E-4,0.1319221338428379,0.003922183206740506,-2.5407386452009812,0.7131312332207084
0.010575506204299048,0.015628857147659398,0.007101956683962557,-7.264017653751798E-4,0.14161358960213857,0.22821926529328482,-2.6173385822743587,0.5208117000247694
0.010650908283288416,0.015622154573122486,0.007089285480650311,-8.206028999667385E-4,0.14098737352843738,0.1558161185560568,-2.6103655665719283,0.591822343866956
0.01071174814943994,0.015674168485932075,0.006986885690556252,-8.758789709608549E-4,0.13286705964473364,0.08699228439437791,-2.549058882635586,0.6294289280333029
0.01051336542446061,0.015692464309866677,0.007017890628903727,-6.337162696003219E-4,0.1353651120076181,0.2727756389276598,-2.565735324746072,0.4460349858082927
0.01035217665808013,0.015651947895367963,0.007116890285699221,-4.4517813926835223E-4,0.14340657190270398,0.44090336391702944,-2.6174408734531025,0.3064417096347604
0.010429165956672246,0.015704484118794337,0.007018243195905996,-5.293775440012824E-4,0.13493198430034156,0.34970083353861864,-2.5631941914823044,0.3673769372981323
0.010270141318572797,0.015697865002140755,0.007055631275783334,-3.36865665432184E-4,0.1379343841140828,0.503887735562916,-2.5759631252665165,0.22218556574997758
0.009597376805501913,0.015562135872143798,0.007246953288565706,5.196101992814111E-4,0.15814664480046378,1.217848274392585,-2.5905406752027216,-0.4138187932525224
0.009711483842776642,0.015594749316480633,0.007215361931995038,3.6744224653589353E-4,0.1540828614757809,1.0894391239417265,-2.595869771894708,-0.3021518104600273
0.00964136049800206,0.015601491020852926,0.007191347226894918,4.55198044727459E-4,0.1529432420345196,1.1481993988622612,-2.5687870729465123,-0.36595443787724086
0.009783217181324395,0.015678838825165613,0.00708817605064302,2.6522514951811497E-4,0.14260700856500794,0.9679715908546938,-2.536952971467605,-0.2269072992707739
0.008527375414987586,0.015377532711120485,0.006989943176543694,0.0019062748020436985,0.12985289480286422,2.1721309164789755,-2.1044038986744638,-1.3520775356677068
0.008449882249250132,0.01536694325770898,0.006943426947124359,0.0019973110855574933,0.12360145743442733,2.218969890348071,-2.0491330126976366,-1.4046877281047279
0.00838700775098543,0.015386785486276748,0.0068629771156973555,0.002046056791514717,0.11600210084959536,2.21991954884572,-1.9899533848830875,-1.4264991435207877
0.008341986751954071,0.015373011358318709,0.006844679555202894,0.002103158789508669,0.11303697682519785,2.2533685121633447,-1.9604587753234715,-1.4595674777571697
0.008060104706931035,0.015105437141567266,0.006950062605299136,0.002635745428706562,0.1135533666013059,2.6869685576212614,-1.8135247882690735,-1.7876197570259984
0.008100469983858258,0.015140667602891731,0.00694348622241689,0.002560214314461909,0.11443153506157445,2.629215248587027,-1.840869481533008,-1.7430123115095475
0.00814949751820165,0.015164916336504403,0.006959547444947591,0.0024878050522266063,0.11761565953959409,2.5847893353615894,-1.8782359728433735,-1.7030557217866673
0.008236721570631452,0.015220222436600182,0.006966689448140472,0.002346891284756319,0.12061400542571703,2.4856990824766854,-1.9363603833709317,-1.620692729045583
0.008184685296033275,0.01520892311035823,0.006932562311564687,0.0024096041225511846,0.11627219736052966,2.514929435204416,-1.894466498335514,-1.6534145364637702
0.008265583469508848,0.015282118693249497,0.006905762518863657,0.0022600887497723206,0.11683935970668137,2.393839025344963,-1.936540686593633,-1.5610038730714424
0.008283940380689263,0.015359364913054757,0.006813691929325996,0.002172715915616264,0.10885631243695974,2.289938774739537,-1.9197915890347426,-1.4981190716293662
0.009537092575376776,0.015574156934747889,0.007212365787913407,5.935103870578427E-4,0.15475448068787023,1.2623297970561593,-2.5579574560924354,-0.4674465716436748
0.009473689685878781,0.015579315319281861,0.0071864207451951346,6.720496267287351E-4,0.15250040126866257,1.3133544141466034,-2.529000571445519,-0.5239122145781058
0.009413926099872516,0.01558298833501306,0.007162091306434718,7.455401784698406E-4,0.1502845417220511,1.361037618787089,-2.501342449125992,-0.5763522496869896
0.009298076605031895,0.015528764680879319,0.007209274699747027,9.091921463389509E-4,0.15463970714182743,1.5044169741257023,-2.495054864683887,-0.6944907351334232
0.00934945297655663,0.01559136294273997,0.007126743406091464,8.223355204134865E-4,0.14719019358447205,1.4069337975225593,-2.4661306062447115,-0.6303802568871123
0.009241004901139568,0.015567915698379772,0.0071229646005334015,9.638608516269704E-4,0.14727755371214743,1.513948433810098,-2.4345162479132783,-0.7302972325702717
0.009179233680442789,0.01557511124864882,0.0070852137025279255,0.0010354113705359517,0.14308261617101084,1.554423915052621,-2.3973127284048323,-0.7791788049518518
0.00878226217602833,0.015460300197047925,0.007047959380766962,0.0015637995175043532,0.1381209694235632,1.940748238299239,-2.2412438161690234,-1.1356906461402614
0.008733715144971068,0.01540907175960285,0.0070943960922035,0.001653512853308109,0.14224944699372458,2.0275484422186465,-2.2403880675419443,-1.1980568469704085
0.00865408734063289,0.015405358682285214,0.007043759784825555,0.00174622565913511,0.13625057843754781,2.075823863651543,-2.1844748957175084,-1.2546295945866388
0.00858544637578853,0.01541318867435683,0.006981380735248519,0.00181603254909703,0.12984559218821848,2.1012878350131556,-2.1288708089986144,-1.2937236061273407
0.008543705355942618,0.015443029443789164,0.0069059343146971545,0.0018384367804453196,0.12256895056473423,2.086064882051994,-2.0808805391778322,-1.3016667947173868
0.009056847532535406,0.015519798622733071,0.007114832775108616,0.0012082695145208355,0.14564579149190063,1.6975912681880965,-2.3731395818970236,-0.90003958954337
0.00910561413142391,0.015588201447163576,0.007031026733682075,0.0011168688101910321,0.13852433867859115,1.5961734738404907,-2.3484225694402383,-0.8334309451217566
0.008924333526387496,0.015497143257789132,0.007078330550370967,0.0013772048728497126,0.14194229869466637,1.8118280635795359,-2.3094578849404326,-1.0132380982253026
0.008975891685605666,0.015551441442679479,0.007022607687324285,0.0012868805658670848,0.13718809164215964,1.7216309339026823,-2.302267001900829,-0.94905342641392
0.008845954504152459,0.01550028425439139,0.007026763420033734,0.0014658664610475074,0.13676263999796015,1.858253727469959,-2.25704941154012,-1.0695528686815317
0.008778981058248727,0.015522346449079452,0.006951385898907101,0.0015275775461912158,0.1293125332927106,1.8744728463684985,-2.198673133341447,-1.105258905610908
0.004283020015862243,0.010382470890105893,4.8737939421193477E-4,0.007512690309100367,-0.003965194902225515,0.2629241841974967,2.0451724008784815,0.19959078424249943
0.004256523461517036,0.01053294846730278,6.683051734125443E-4,0.007453487714932983,-0.033239451882841164,0.39021920919058983,2.0116381667649255,0.05890138210017872
0.0042551491028058955,0.010457148220168397,5.746949452659581E-4,0.007470293408219972,-0.019863546694214914,0.32409919993505426,2.018666010043905,0.12694483457424696
-0.004647514111624381,0.011037401408140388,-0.0014628578780197484,0.007642401926503297,-0.12507956176714544,0.9445373448025262,-2.188320260271734,-0.3763149891462651
-0.004650204075556635,0.011095339785360798,-0.00153877220456396,0.007612784550748008,-0.13645756963659175,0.9973864852118902,-2.169775066875573,-0.4306517809130737
-0.0045643087683140465,0.010954524439782943,-0.0013130919931642806,0.007600559799860914,-0.10714652306985022,0.842256654244682,-2.1521259494422886,-0.301629649669977
-0.004597930802692253,0.011002743253338625,-0.0013918621800208671,0.0076102049298956325,-0.11712183219907667,0.8964477856458802,-2.1623011215395564,-0.3454087229189246
-0.004512013997203889,0.010947258627732496,-0.0012784068555698003,0.007551541896901696,-0.1052689817269327,0.8193503894868164,-2.1148074193741544,-0.2974189532007102
-0.004611067502805301,0.011203341550336908,-0.0016501664924315088,0.007509198942527234,-0.15371571173171564,1.0777015751893193,-2.0984340146417324,-0.5300418920533946
-0.00461292909702546,0.0111436475722383,-0.0015778868013386189,0.007547069586991114,-0.14358315251112272,1.0267445633375287,-2.12348275051029,-0.47590665324365883
-0.004718080425827855,0.01132193446747296,-0.0018648095733425033,0.007538106939530856,-0.1795130481651502,1.2233720747098038,-2.126727476090974,-0.6407317045568092
-0.004673379768822114,0.0112939265136402,-0.0018003418422135379,0.007512637543826724,-0.1723208099048936,1.180313776984837,-2.106103075419207,-0.6134284721039258
-0.004619030394262594,0.011290798913091073,-0.0017605356438175838,0.007461311939279667,-0.16844576256595492,1.1551668953713137,-2.0672247104323884,-0.6083809345241488
-0.0046006104433472805,0.011246935942074638,-0.0016962946628382217,0.0074716509102100825,-0.16065871968723094,1.1108090197110587,-2.0725734774904625,-0.5688565507613235
-0.004567890924893122,0.011222583297153144,-0.0016467028315541514,0.007455039800267574,-0.15531067031778162,1.0771404257841624,-2.058769303834874,-0.5460726338928243
-0.0048696861364168524,0.011742301155914153,-0.002472866703092568,0.007350740944370034,-0.24790465094016081,1.6422764578838451,-2.0048342607426437,-1.0214819801933481
-0.004882267902742409,0.01169335642612983,-0.002430241365976944,0.007406696996206152,-0.24439415823730395,1.6114360319122383,-2.045522203478978,-0.9826432432330187
-0.004814708739626673,0.01160260116782031,-0.002269821527852963,0.007419371360125577,-0.22730312520000454,1.5028698262626108,-2.051098693256659,-0.8963106712977007
-0.004844939667141478,0.011652228377079974,-0.002351516807391912,0.007406567545099986,-0.23591376410680223,1.5583631183583189,-2.043602699781028,-0.9424469759849005
-0.0047932692973575,0.011545937810787395,-0.0021873700584990924,0.007444940515802612,-0.21810758336692707,1.446084078804436,-2.0678000944916275,-0.8450680448733251
-0.004777829006257267,0.01148621616808919,-0.002105573712051757,0.007477003691899561,-0.20906996396998498,1.3894299160027328,-2.089158598423953,-0.791431908563125
-0.004755842955051608,0.011593297340584714,-0.0022108285219226173,0.0073704838051915815,-0.2205870227747649,1.4649935231793332,-2.0135353392577042,-0.8809498423477419
-0.004724401710434061,0.01138492302596192,-0.0019454067467241797,0.007499975571528509,-0.19000009718488609,1.2797475379650176,-2.1014328276062635,-0.69762847110031
-0.0047153310025060905,0.01145737303154185,-0.002024222787840334,0.007437845895209755,-0.19984926409126988,1.3357546995607619,-2.0582306297680772,-0.7605762985975987
0.005197257729918273,0.012432998626167785,0.003473080945213361,0.006899933819924291,-0.30764085269675373,2.315699001281036,1.6689037609228168,-1.6107069993707377
0.005244747520987649,0.012523382262138767,0.003599259672979653,0.006824531648672514,-0.30925527936640873,2.397409062716223,1.6086593888681089,-1.681424623746213
0.0052197845073212274,0.0124800934816237,0.003536413831775258,0.00685949186826578,-0.3085932091844312,2.3566503213619794,1.636805622149611,-1.646896892557119
0.0045583130913754285,0.011196112885677116,0.001609266088767123,0.007461867824166185,-0.1502575646007279,1.051252114224354,2.062386916746011,-0.5225091724241958
0.004543776236297329,0.011077214791823158,0.0014564240121465195,0.007516150327912895,-0.1295520450983629,0.9436494038011564,2.0963227353717753,-0.415431712920793
0.004517426126676711,0.011030799958783663,0.0013851198918954821,0.007514962163118621,-0.12078560535639202,0.8943531372788571,2.0925719999158474,-0.3736599447479299
0.0045122784402139345,0.011142453778045647,0.0015179491261401174,0.007448815204451274,-0.1399044092500911,0.9884911605718559,2.049510549635151,-0.4739545421311005
0.004473084105741178,0.011011793857738848,0.0013390116561038698,0.0074812240760182575,-0.11632819418783902,0.8631547423792213,2.065995000967344,-0.3573393226298681
0.004445084783654564,0.010958979476335043,0.0012607760724987168,0.007479949139621363,-0.10690235987055553,0.8083528309825859,2.061711114268849,-0.3104361782791107
0.004410770071127092,0.0108915587130096,0.0011625401229969857,0.007477587327064426,-0.09466047506150156,0.7395161783092751,2.0555669403037715,-0.25099446911744777
0.00437846418912445,0.01082197328025384,0.001063577161018726,0.0074757148918104385,-0.08227465045368726,0.6699776993226249,2.0494347586855324,-0.18996124619437868
0.004351197239139162,0.010739550292244342,9.517145155392826E-4,0.007480940286790099,-0.06788752245900015,0.5912233355949327,2.0477303942138216,-0.11751703848736873
0.004276113479644255,0.010599107892954237,7.546491040232654E-4,0.0074542259687742285,-0.04463486840133273,0.4517087778829256,2.017248723478134,0.0017881404159907181
0.004305709234428172,0.010667783661921067,8.478774345305325E-4,0.0074616039525366796,-0.055414869171364935,0.51783679836669,2.027872368696823,-0.05682720457270857
0.004554580431934285,0.011270585061355625,0.001695041928498653,0.007412103191414006,-0.16192370054403118,1.1120462002284726,2.0289919918221515,-0.5876608023128725
0.004600321548611332,0.011327321719266035,0.0017911797360655182,0.007418964227877237,-0.17277645266661804,1.1779179732129708,2.0371999084465124,-0.6394122182593605
0.004717845450793996,0.011480478615799344,0.0020528901693892716,0.007422839765592055,-0.2031182525134744,1.3559207593344347,2.048016631358529,-0.7808577231567768
0.004641972686129733,0.011374950464202414,0.0018751946216652097,0.007426510320848573,-0.18277416156617532,1.2349476584384467,2.0454318529144007,-0.6833878046103048
0.0046796235507313155,0.01142799511946903,0.0019637572577845025,0.007424982626161993,-0.19294781555700527,1.295333210300879,2.0470253341231763,-0.7322281894709873
0.00469767718379088,0.011557064143730478,0.0021239408699305073,0.007344399164473209,-0.21120303978137736,1.407239992550823,1.9921986461740935,-0.8434688384974895
0.004663207211965685,0.011613885546258416,0.0021585348556118133,0.007267332290791992,-0.21451358329486608,1.4336449392146693,1.9362212580836906,-0.8852028881658904
0.004680540642201747,0.011675999161090422,0.002238451820235812,0.007232606356764564,-0.22258740064378063,1.4886506413094918,1.91250311658402,-0.9370039731519998
0.004922692500998012,0.012004813873130377,0.0027926608146044865,0.007147607892736275,-0.27261477197972844,1.861747620929685,1.858086514404038,-1.2365347415636723
0.004876706133053872,0.011973112879449473,0.0027162137496280973,0.007138659440423527,-0.2657795149177635,1.8107646733513298,1.850682452123466,-1.2018446539355703
0.004832686949619683,0.011935072576326013,0.002636579081033177,0.007136942642007086,-0.25876186161521003,1.7576499553857274,1.848542859567641,-1.1635069177866713
0.004791588250696613,0.011890284006066452,0.0025539689030723814,0.007143198720989696,-0.2514564783334425,1.7024062481462623,1.8521692032404466,-1.1212619225998715
0.004751029905730101,0.011841302755090256,0.002468365968425724,0.007152459947315168,-0.24398591040712728,1.6450288667327981,1.857730069584435,-1.0762987575325218
0.004704450142810636,0.011788721194720924,0.002374455587582671,0.007158122429709923,-0.23517538135629665,1.582028571125521,1.8604577815347094,-1.02752357165369
0.0046742776760511475,0.011740825815632336,0.002300114872954699,0.007172670888421795,-0.2285010024463186,1.5317560320290622,1.8697995140771533,-0.9856596975239407
0.005139278231967296,0.012432208094160195,0.00340190423485147,0.006854785462755011,-0.30138258390710804,2.2655471156369145,1.6357699770098504,-1.5865434369623053
0.005119571045781609,0.012382710963789005,0.003340285861481673,0.006898301747413272,-0.300731961169695,2.2257821640132733,1.6696480735681873,-1.5501441401966696
0.005101117117095185,0.012340182107183899,0.003284787070471432,0.006933459383056047,-0.29920688363397724,2.1896561930398133,1.6969183564255967,-1.517691211951064
0.004969012162989105,0.01208956572880143,0.0029204228654762707,0.00710075060501837,-0.28148149446218124,1.9475797299577133,1.8238487311726268,-1.3096806090466149
0.00495190431513832,0.01214951356558425,0.002956557216089886,0.007022568581104776,-0.2811886749524713,1.9717291609709642,1.7654949622766638,-1.3455086219717913
0.004948501685073866,0.012194106128378747,0.0029918035700798964,0.006972029952943907,-0.28186471765948445,1.9947782138506347,1.7277489140333167,-1.3735145379956084
0.005057767160151919,0.012334400152471735,0.0032298564100936315,0.006905053570566223,-0.29422341058768314,2.152013484252517,1.6762268945927434,-1.4980816761867923
0.004970746442384772,0.012229163025848101,0.0030457430202029856,0.006952362112565914,-0.28468290671441315,2.030366449922676,1.7129538576972718,-1.4030472385705552
0.00503047199362071,0.012301131056096008,0.00317185619360992,0.006920988742863625,-0.2917721925526438,2.113660884273783,1.688713319535424,-1.46813474592782
0.004997669006165953,0.012269390307121042,0.003109007027668306,0.00692999830092448,-0.28804610972520656,2.072007209493293,1.6959364401043893,-1.4371869565506301
0.004914261712066262,0.01206272042439406,0.002838630215173051,0.00708119194472609,-0.2741433296746783,1.8930796462569432,1.8088132542047568,-1.275464346089418
0.005746320482860737,0.013370321225997635,0.004679808030323692,0.0059341258012851035,-0.2538343120044578,2.9980663165749877,0.8582129676829097,-2.2015807819691204
0.005891253971576302,0.013433347828153737,0.0049102089197802365,0.005893658277162457,-0.24261851314648328,3.1479067626209845,0.7931388221092242,-2.2954380486348778
0.005802321770996407,0.013385114117403563,0.004767096648465616,0.005934296297987049,-0.2514059696618189,3.058520949496091,0.8454619973083684,-2.2380759324168746
0.005846655028775242,0.013415876689693275,0.004839027691903087,0.005904162372746002,-0.24626457410034489,3.100703866327469,0.8123508549892914,-2.2663531654279025
0.005970444498300052,0.01348219222272657,0.005038392130856645,0.005844254868653655,-0.2328617820223477,3.2245085219930454,0.7345034782219494,-2.345153740825431
0.005903969803519523,0.013479396423209536,0.0049329538337120615,0.005825933995428003,-0.2364535317345684,3.144333307912475,0.7398344630881731,-2.299637837939756
0.005971832382725844,0.013546073220357172,0.005041019220983003,0.005742935158675743,-0.2248639670873124,3.1954287579684055,0.6603208915992593,-2.3366681422665843
0.005981863843279461,0.013602669542088944,0.005055238688208095,0.005656576342030172,-0.21767999886054512,3.177706457704683,0.595544155606321,-2.3328187938860094
0.005984649101191915,0.013655552539659603,0.0050564333787245,0.00557466530853461,-0.21098321332757494,3.1518606380320873,0.5372994372375653,-2.323174615521151
0.005704913961501689,0.013319394804544065,0.0046091165550555735,0.005993191055459577,-0.26007540302459325,2.9640180782889463,0.9110116869213037,-2.17452871413661
0.005711053728119815,0.013349809354817799,0.004623615836103671,0.005950331693104438,-0.25690940630626036,2.963648534526341,0.8778705773453008,-2.1788995335190307
0.005699902762220287,0.013386257129239451,0.00461273499451189,0.0058914923231636945,-0.2522872104387359,2.941615060201354,0.8369554063634522,-2.1715476194606826
0.005660771066667539,0.013243224886211642,0.004527082684164445,0.006086717867600879,-0.2690783587598455,2.9291845452990946,0.9896751976517574,-2.1424761956236122
0.005678249681604,0.013291352832717825,0.004563782049476435,0.006023266158496805,-0.2639770038622415,2.9398490053711464,0.9389204755887371,-2.1564331741000156
0.005562453376154835,0.013187799013437708,0.004368588652085391,0.006120017627595024,-0.2740270445351563,2.82786809448659,1.0325504411885393,-2.0756891675998914
0.005608595118299784,0.0132204898437183,0.004444515421835869,0.006095191702691655,-0.2711856509145754,2.8743651346646755,1.0058533309179947,-2.1076657970454122
0.005514483813784932,0.013096703549863776,0.004270941888322035,0.006225758271082799,-0.2822749353996703,2.7818666335375974,1.1196345798502743,-2.0330007671625023
0.005522938974727014,0.013155038682910425,0.004302125632719875,0.006147048125451789,-0.2768558266270588,2.788284004007405,1.0592567596017515,-2.047424463892249
0.005450564544544405,0.012901592805700097,0.004100404170553954,0.00646421184559346,-0.2986758296280016,2.7039328009343366,1.311640759417698,-1.947856669526679
0.005509505458508438,0.012970822220690868,0.004215128611485828,0.006402763797185523,-0.2953741656535363,2.773870613206882,1.2565871978775458,-2.002085866551528
0.005464951610783126,0.012944874142832363,0.0041405447878068245,0.006412428339283434,-0.2955031465503141,2.723957464187209,1.2698024924882152,-1.9688705914319609
0.005492626442659449,0.013034289979756444,0.004216975806957451,0.00630241158471325,-0.28765778821236737,2.75853993448008,1.1812530350796762,-2.007522546711652
0.0054602597421372304,0.01308782114020524,0.004191220968317102,0.006208999880678039,-0.2808963700709781,2.72516912785818,1.1149414721096418,-1.9994719597064958
0.00522111714969541,0.012576295263586777,0.0036060723777730746,0.006739580205659614,-0.30443949124609077,2.396122014726268,1.5438915635313528,-1.6978561159034413
0.005203942318552091,0.012632539654648348,0.003621241333098601,0.006655950353313961,-0.2998550152645041,2.400149522330723,1.4805984435448616,-1.71659863206594
0.0053863068613294865,0.012836011858886715,0.00397891875812861,0.0065134722028643436,-0.3005252654985438,2.627244592938076,1.3563997214863868,-1.8905431171279867
0.005397165560879474,0.012890605330522926,0.0040210935294733964,0.006445707127642148,-0.2967721603410913,2.64689159224794,1.3031507169610526,-1.9143703840842405
0.005334370113267816,0.012810361097394432,0.0038952048686595087,0.0065140521380774715,-0.29896448775447887,2.5703123172246154,1.3619262867157413,-1.8536984972219417
0.00528529441856678,0.012775472251474827,0.0038111774207290412,0.006527853605625365,-0.29802080410185067,2.5153128767140167,1.3767698869723723,-1.8155253318439037
0.005238862157369233,0.01273694571750004,0.0037290343054449727,0.006546907857836299,-0.2968832405101911,2.462372096349584,1.395011024976972,-1.7775178899189255
0.005191729690054689,0.012695755908470227,0.0036447561214160464,0.006567522847900325,-0.2956288023310614,2.4082912007125254,1.414045666177197,-1.738136541302213
0.004205658472870821,0.010582072795346583,7.141321657011705E-4,0.007391858974761534,-0.044246667179372166,0.42281922808389166,1.9683426167907512,0.008745149552914454
0.00797216230350369,0.015067699954934169,0.006906525310607772,0.002758851468723437,0.10596761301917901,2.753100550125739,-1.7391848762073343,-1.851072951256308
0.008006014295030882,0.015119283781879855,0.0068737049696076455,0.0026717975365567787,0.1046798149016424,2.6744795619013755,-1.7589395233406548,-1.7967955106391928
0.007911161129869893,0.01507077307367871,0.006834905238696182,0.0028104575033830285,0.09707189052296916,2.7527827852773794,-1.6803648566972849,-1.8682287895401128
0.006269221041944097,0.013900222178619344,0.005460109002652525,0.00523486489100216,-0.16002108505693893,3.302982832606556,0.20953754224602453,-2.424008031907072
0.0061895095130682296,0.013837370392957196,0.005350241656808893,0.005326893649513015,-0.17460276418244156,3.2643158371356478,0.2999628960442194,-2.399775150100656
0.0062209580470299255,0.013882127752176144,0.005388670398626035,0.00525953288557633,-0.1670123515441837,3.264207769766912,0.24465538772594608,-2.401817580169602
0.00628524753631211,0.013951000798430969,0.005469670158562024,0.005155375875149482,-0.15365360641988,3.2770194460986937,0.15349280321118955,-2.411136533932293
0.00632013479125589,0.014001068922692931,0.005507369506356497,0.005077842036848429,-0.14559116107627798,3.26990125387772,0.09198291247960973,-2.4080642869147577
0.0063632751017509825,0.014054270276715488,0.005554650034653661,0.004994653061103451,-0.13589053664267947,3.265819563740958,0.023845037941026655,-2.4059748695420278
0.00610302310466965,0.013772168260229187,0.005227112754411552,0.005417077019180237,-0.18931804100450214,3.213901411459297,0.3911074789523379,-2.36760652795556
0.006132474973376087,0.013821160112409046,0.005263993008805516,0.005344901620768673,-0.18156731508122648,3.212435391631828,0.3330761136317482,-2.369821827393715
0.007378325576553359,0.014704226860175014,0.006606376375779945,0.003680522997668009,0.04126856962169006,3.213647406295557,-1.1508556253207247,-2.26326898204421
0.007281831714381029,0.014656914463633038,0.006520580665419601,0.00380531697333132,0.02674752911346958,3.2418627054731437,-1.0448759705541346,-2.298279281835091
0.007302900103818754,0.014682632509902717,0.00652388669007119,0.0037567849970743593,0.029226042879350277,3.2133832008483494,-1.0726737094911576,-2.2775738900894313
0.0073260356205991665,0.014714024718899146,0.006523546734949827,0.003699277698349917,0.03206815623183012,3.1768656231447356,-1.103335140965379,-2.251612099296789
0.007204089581746641,0.014600756486594986,0.006465183087720953,0.003928884011035427,0.01497582964283148,3.2848652624859014,-0.9522903920936006,-2.3374587638363873
0.007244637679298742,0.014648505498200494,0.006476290686467974,0.0038383451014583863,0.02024420098103728,3.235748177923642,-1.0071661198435988,-2.301418956563269
0.007394562984361534,0.0147604966696456,0.006568019560819924,0.0035930239711191117,0.041591418819090585,3.1349245338614904,-1.1793381687075348,-2.2135002133230777
0.007414234272280183,0.014803050382669741,0.006548305699018066,0.003523291362755283,0.04262474061829171,3.078757402539301,-1.2061592872325089,-2.176271378067431
0.007846778464275598,0.015069643352334629,0.0067642628758743705,0.0028676837041553926,0.08836572361922222,2.7565124970293335,-1.6199453763258342,-1.8876266328489157
0.007780631453873712,0.0150529593379481,0.00671006952055715,0.0029420411434307983,0.0804620751128911,2.779892468961011,-1.560483820803753,-1.9179820519246904
0.007601520446873882,0.014945689264725417,0.006626751798659046,0.003209944521487701,0.06331695806573649,2.9166929184820223,-1.397210102702796,-2.0405524767838137
0.007695393528987519,0.014992064363646846,0.006685284084893313,0.00308194519151624,0.07355512156538223,2.862030899848732,-1.4849069813552804,-1.9868725719409415
0.007642563200346155,0.014973553687750404,0.0066439838683593514,0.0031450876734650675,0.06700747226927882,2.882598291952824,-1.4358055891721957,-2.0112102059528314
0.007714126965458882,0.01505162753450584,0.006634993379231028,0.0029971011233807447,0.07133223769189097,2.7789502093767493,-1.4990786590608043,-1.9333584838418651
0.007554918057053704,0.014972036079053523,0.0065390814164102895,0.0032115900723905695,0.05406270088369738,2.871473108705193,-1.3543768952361057,-2.0240067170599407
0.007518857636188878,0.014937723324540065,0.00653357550694817,0.003279409865048244,0.051052485781181045,2.912742149302612,-1.3195989014420155,-2.0562387060881275
0.007481523557537191,0.014880560251228357,0.006550641005912487,0.0033773793844754435,0.04905312951227291,2.985227157245987,-1.280181903184834,-2.107215479196388
0.007413816517111026,0.014856613101685378,0.006489723424375398,0.0034532872286370787,0.039789572665571205,3.000444036302414,-1.2148002957771615,-2.129586682428213
0.007024439572946535,0.014472643412102297,0.006316885512968465,0.004203864391163329,-0.015632850446733255,3.357042375808667,-0.7321575320111452,-2.407757757226197
0.007064010497446259,0.014493874938661392,0.0063579309930539285,0.004154844393191471,-0.008316189637688452,3.3542275118486136,-0.777555930519652,-2.400523208304158
0.007156171421944079,0.014571095694365065,0.006423867989954062,0.003996810064867454,0.0069232916253859885,3.300942886197632,-0.8964327510653701,-2.354790602937955
0.007121734227917774,0.014536259081909818,0.006405671579179774,0.004064956247453073,0.0014923480802090721,3.3307982862740992,-0.8498730661506412,-2.377878644406494
0.00707396733235358,0.014539119131445694,0.0063325391202320785,0.004083090380133127,-0.007182887707706664,3.296200323869791,-0.8087832225059749,-2.364781283617933
0.006953032269344313,0.014444681102572292,0.00623236023149009,0.004274525560235103,-0.027927658091635704,3.3441225335082163,-0.6565054263741513,-2.4096330032641142
0.0069782313758062625,0.014489005472037344,0.006233795618249101,0.004198176826993871,-0.02337307666969275,3.301458879563262,-0.7020679973676552,-2.3812287923908824
0.006837247298060314,0.014386986504422168,0.006101102900075646,0.0044019646524097915,-0.048399641360896424,3.3311896290253693,-0.5296311807540971,-2.4154774069827893
0.006903143134356898,0.01444383108143381,0.006157764232822208,0.004294026509585279,-0.03646823714653497,3.307666716106325,-0.615847442185829,-2.3942711411526747
0.0068507136995405934,0.014440955092885616,0.006081325827323521,0.004316166313678136,-0.045009864020852365,3.271815129943826,-0.5735025576461994,-2.379034560661911
0.006613281346684044,0.014236846146404929,0.0058549097094171935,0.004686876373028293,-0.08953258832686711,3.3200773381295434,-0.2666460219378543,-2.4278712554357473
0.006630927347130276,0.014287823203057293,0.005851982842282852,0.004605151877981211,-0.08416831514029809,3.277625552751062,-0.3166228132456262,-2.402042243248218
0.006706027131298836,0.014329186127732558,0.005940869149744944,0.004525924337309518,-0.0713584289334228,3.2943552275970687,-0.39608882379308663,-2.4061173541877694
0.006744261694589394,0.014352705515144957,0.00598355446629533,0.004480645557987991,-0.06418040448269635,3.2981029805347846,-0.4389604181841826,-2.4050744189471236
0.006788955776675258,0.014374374114107897,0.006036648525371345,0.0044354936649163845,-0.056605391782472265,3.3080145634674563,-0.4855560113147092,-2.4067294709495752
0.006657596629031908,0.01433292114472531,0.005864895410179292,0.004531144066471046,-0.07798474997197456,3.24867364511114,-0.3664344754461317,-2.3831349067050014
0.0064889683428592144,0.014166270210417881,0.00570005855511381,0.004813110631594259,-0.11127544569064128,3.2797849625745985,-0.13648015474891395,-2.4110405865465956
0.006430746355755821,0.014147338451311539,0.005619226286539643,0.004847381388465881,-0.1201477794066823,3.2429098500035534,-0.08995525712959972,-2.391987505078323
0.006374507271349359,0.014122431433542058,0.0055439462458963746,0.004888953928351216,-0.12865952759112467,3.212735833629709,-0.041087425119681296,-2.3762417506920577
0.006560474300385602,0.014228411169821542,0.005778049630347081,0.00470829527967587,-0.0974494006818699,3.2807114323661395,-0.22773101691741351,-2.4082499402674924
0.006504828891980183,0.014218502127316365,0.005697991400383709,0.004730990504606728,-0.10568673502393376,3.2398429353513065,-0.1878283524927915,-2.387466883877664
0.006036637662128566,0.013722047855338688,0.005130771489661629,0.005482947792567799,-0.19979989145822274,3.17150271128811,0.4580974494497832,-2.340002633457732
0.005999086828082124,0.013697072782402191,0.005075231878549546,0.00551367576368052,-0.20570457782644427,3.1443757311307667,0.49092152771129405,-2.3224830837630575
0.006045751898682493,0.013771085363595142,0.005138121421679091,0.005408662111593685,-0.19377875232223588,3.1506976960649635,0.40516466758637343,-2.3316647533157204
-0.005132050918323336,0.012169979822711395,-0.0031735059113447454,0.007156595483156106,-0.30285718635468645,2.1184850754408235,-1.8674082379094281,-1.416026614803376
-0.005152460213705892,0.01221706899191748,-0.0032398358247237996,0.007120583076338476,-0.3057309848433338,2.163263257447787,-1.8398615131439884,-1.4558970961332298
-0.005165451409322246,0.012256674120212842,-0.003290115240337392,0.007085664103031166,-0.3072284096226521,2.197028869125775,-1.8129605627597665,-1.4876103803489655
-0.005177862227499144,0.012299453378414088,-0.003341710148172906,0.007045680443617141,-0.30845388067441304,2.2314013500030647,-1.7819746513706975,-1.520639362558068
-0.005192723357072807,0.012341691977759446,-0.0033949332409049693,0.0070075782462537956,-0.30957326905063626,2.266570509607178,-1.7523761902169015,-1.5534312761167735
-0.005206719400736618,0.012381992583258812,-0.003444730709309791,0.006970230619181839,-0.3102934872845655,2.2993692291569237,-1.7231607977812373,-1.5841707692860307
-0.0052162396191947616,0.01242427340350826,-0.0034897741154034764,0.006926010918212278,-0.3100671751351754,2.3282447969324296,-1.688565495194102,-1.613482645068448
-0.005058229459789464,0.011995978020168593,-0.0029241526240626095,0.007280139396828428,-0.2883138100143601,1.9484955197609966,-1.9595528019937183,-1.2646057600887894
-0.0050576073421612746,0.012049421316675232,-0.002976550502795081,0.007222612965375473,-0.29059023475245893,1.9846574945524147,-1.916504295875815,-1.305341472446665
-0.005094798038442462,0.01213464131380706,-0.0030987177255783747,0.007163052496008679,-0.29753584165137426,2.0676865178912505,-1.8720036841747483,-1.3789725664443253
-0.005068048221658208,0.012097014110422322,-0.003033700281894253,0.007180543829737855,-0.2936495142144299,2.023622932041185,-1.8849845840764115,-1.3436399354296429
-0.00508129399452613,0.01216997417760832,-0.0031161758212417696,0.007111608490086549,-0.2966459559586951,2.079393750600775,-1.8327493952865601,-1.399868010143204
-0.0050050814023435055,0.01197410908363374,-0.0028466517333860138,0.007253527130381751,-0.280897332998613,1.8963825129224514,-1.938431970521899,-1.2342983249406974
-0.004906122330708232,0.011818200265985115,-0.0025879573116185817,0.007315094935753823,-0.2587400764772356,1.7208185910396259,-1.9806371038674848,-1.089746083102958
-0.004951987851359846,0.01184720553458462,-0.002662517413367933,0.007330669110410512,-0.2662240284242881,1.7704721578937583,-1.9935887154445522,-1.1221613681770357
-0.004862808252438458,0.011791086094994218,-0.002518886202907314,0.007299758907654552,-0.251547869535044,1.6749190278270267,-1.9677462575521008,-1.0598497499752015
-0.0048622911768622205,0.0118327236621342,-0.0025619985906858516,0.007260659384818152,-0.25491257552766106,1.7049315955692854,-1.9393883896798763,-1.092653123479263
-0.004950724770208873,0.01189872980964883,-0.0027151091135460387,0.007279126893724733,-0.26991545852486837,1.8072401958435818,-1.9557533112505074,-1.162952118010211
-0.004954536094634902,0.011947503865981302,-0.0027684996038544233,0.007234094194449204,-0.2733706772782705,1.8441018243403142,-1.9226827612045072,-1.2016611930732448
-0.005989610998818375,0.013321111516258083,-0.005058123620473177,0.006114369478906002,-0.2534244788795616,3.3193479709902327,-0.9370450057076326,-2.372486635217797
-0.005954076563945623,0.013316619410627797,-0.0049989526482944685,0.006106354125841787,-0.2555734956512304,3.272626428239711,-0.9400166400046622,-2.3461661329377033
-0.005924284247143389,0.013307641684093492,-0.004949105521542937,0.006107937394726369,-0.25783400965826364,3.2360857828508336,-0.9487507858178891,-2.3245016429533036
-0.006091585873641842,0.01345666931219931,-0.0052367928873712465,0.0059272841032401895,-0.22879111361570637,3.3966161093668963,-0.761410715640687,-2.4368604774917704
-0.006068696637960883,0.013434277810579293,-0.005198129748285583,0.005956852904979459,-0.23346958485952304,3.37706280812828,-0.7912345622977036,-2.4228214313250955
-0.006050700354287682,0.013404387398265508,-0.005166942942728388,0.00600027210856107,-0.23864754082052508,3.3673292483527146,-0.8302038296190285,-2.4128649475646493
-0.006030857521496284,0.013385809000729325,-0.005132763248415241,0.006023684081036344,-0.24231712011770554,3.348846878870449,-0.8542062425355244,-2.39973209025915
-0.006005353797081461,0.013351876082161053,-0.005087578608427505,0.006069934712850279,-0.24846883966666214,3.32864676637745,-0.897692638240824,-2.3829959581126903
-0.006010631425257403,0.013379565830922618,-0.005098715605446061,0.006026143471072369,-0.2445194517095572,3.324027001490059,-0.8620434953193978,-2.385093077015244
-0.0061351310551735145,0.013505113431909094,-0.005309113165230494,0.005859748147435845,-0.21903972206213387,3.4284714351959606,-0.6959056311816695,-2.4610738274384527
-0.0061615305593289565,0.013549638349246364,-0.005350906220988252,0.005792275234649181,-0.21108930740192558,3.4365220633658424,-0.6360964178158914,-2.471188237166675
-0.0061496663748413375,0.013526231792121765,-0.005332536508180053,0.005828427497885427,-0.2151347139707431,3.4353358910859577,-0.6673420372050596,-2.467600399639618
-0.006079438996437636,0.01348966121447129,-0.005216278063704952,0.005868135561056486,-0.22543270319701647,3.361879790104745,-0.7201114874440616,-2.4224518894709663
-0.006102081801989708,0.01351081125282062,-0.005253435904638178,0.005840059276950354,-0.22079644822210617,3.380238493084254,-0.6916709583757582,-2.435386059988828
-0.006168420221142746,0.013582648452108811,-0.005359513303678149,0.005738572640458475,-0.2060897631276655,3.4238433765191307,-0.5936262389804341,-2.468134981490806
-0.0057316315978039895,0.013117190595553075,-0.004599865841534558,0.006313911430374289,-0.2851086381823075,3.0300732349806796,-1.152675144455343,-2.1741184292543356
-0.005752109388906977,0.01315785713331759,-0.004643566978198865,0.006262036916324283,-0.28004250304999295,3.0504845868155925,-1.107643184123534,-2.193838045891742
-0.005796561610932043,0.013205053292803089,-0.004725236159960158,0.006211308124754496,-0.27389039534292753,3.097986845104702,-1.0588381860903147,-2.2294003186171927
-0.005765986984696376,0.013191625408715487,-0.004674166319361194,0.006216841371648474,-0.2758812738757031,3.0623950558914275,-1.0694098962451812,-2.207166048747469
-0.005868121867179239,0.013286119806695557,-0.004855280370802598,0.0061173645816660896,-0.26217228125980313,3.1695574285466788,-0.9693922125171005,-2.2840494404936464
-0.005891725603585271,0.013315297114644537,-0.004897738684873227,0.006081269271387422,-0.2577263835448124,3.1909380312734084,-0.9356939868202673,-2.301007838748981
-0.005813978106848429,0.01324241201916521,-0.004761068377712959,0.006161218800875585,-0.2690958914989239,3.1119197641779954,-1.0158547221978778,-2.244217357731026
-0.005826047309396215,0.013284075442741997,-0.0047883290666684555,0.006101398222455353,-0.2634269386605396,3.1166958385554087,-0.9668473128422209,-2.254403504801157
-0.005603441012313573,0.012920685478725004,-0.0043296983425824215,0.006534712936082594,-0.30479009928061346,2.876178923204574,-1.3490710779311001,-2.044521373259354
-0.005698848556492238,0.013098880792652135,-0.004543705370156841,0.006323867207963752,-0.28659314255783735,2.9916113919027043,-1.1663198226510367,-2.149172009444662
-0.005620917091584542,0.012958801134518338,-0.0043727151625638375,0.006489159601213053,-0.3011826737009326,2.8996027130190547,-1.3100866517893202,-2.066755113187597
-0.005682188021223911,0.013072778233076747,-0.004509497910963542,0.00635422733344295,-0.28974927665241274,2.973159048768902,-1.193211467653949,-2.1333869286147196
-0.0056471368446490006,0.012998713105917006,-0.004428681371081708,0.006445576376544556,-0.297470335173259,2.932253198924289,-1.2714587200696903,-2.0940701356720464
-0.005662019020642121,0.013039847561780333,-0.004467079674276494,0.0063924309725852035,-0.29314316841118937,2.9500593394945667,-1.226849481957924,-2.113389196449997
-0.005288070591998748,0.01247839165820043,-0.003621497076311015,0.006916171804789305,-0.3156319780058943,2.418327003454838,-1.67865447606335,-1.6757761766075931
-0.0052966350168140225,0.012523240039582821,-0.0036655331278808503,0.006865325202733453,-0.31472771004882466,2.44551674724776,-1.6383269616221876,-1.7047601163404913
-0.005313828270771244,0.012553859289334121,-0.0037097168160777584,0.006839035234144331,-0.314236204395145,2.474169862558962,-1.616845371461975,-1.7292111007605537
-0.005319885161045347,0.012590515937101488,-0.003742938486673238,0.006795707487554856,-0.31305358436680786,2.4939484236691354,-1.5823181716268413,-1.75117099606546
-0.00522787803458296,0.012468814538160294,-0.0035381352076938252,0.006879978291902199,-0.309844741929794,2.3589121984634533,-1.6524106124127707,-1.6440572977215904
-0.005554241877543294,0.01287039489507247,-0.004233299137857729,0.006576229212720442,-0.3076694275039579,2.8134618215802814,-1.3883652342341675,-1.9980786648223499
-0.005509672542979867,0.012850130903067983,-0.0041587368050384705,0.006575617265177339,-0.3069739555838366,2.760414142706804,-1.392715127773783,-1.9647647946602531
-0.005560742276485983,0.012911826736836413,-0.0042627441638718394,0.006520088683401595,-0.30358939080060704,2.825943933900269,-1.3426215904474914,-2.0156431904063656
-0.005370223807779399,0.012644432948876308,-0.0038456158603448376,0.00676215294056109,-0.31393939533427145,2.5623459399656343,-1.5529360902253309,-1.8026394559317998
-0.005325846259388995,0.012635012474191838,-0.0037803336823641893,0.006741581840058624,-0.31092037689185,2.5151136603178625,-1.5396271216100461,-1.7758658896907507
-0.005464291651760119,0.01284332649576501,-0.0040908446289951985,0.0065549182225263115,-0.30495720693040557,2.7097943582677413,-1.3812902640924904,-1.936216842186583
-0.005394047088707148,0.012681276096737292,-0.0039012384686286775,0.006730034873445299,-0.3137597663696718,2.5979222405032796,-1.525840100628444,-1.8320755705845413
-0.005415703909959161,0.012712988832646255,-0.003950348059898504,0.006702452017636165,-0.31237544957517704,2.629372563061105,-1.5022884130278327,-1.8577346063678886
-0.0054223208891028135,0.012755062167201372,-0.003984212053718783,0.006649195502030919,-0.3100040709368148,2.6472250087070175,-1.459535757534475,-1.8792606806219625
-0.005432459632824379,0.01281044962812712,-0.004029043569664033,0.006579475196452391,-0.3060849231736312,2.6699347358809553,-1.4038117706805582,-1.9064651777217614
-0.006723494337324442,0.014060710263712401,-0.006137329007286397,0.004954028992043783,-0.08102180348269482,3.6498858856465297,0.1860838392443427,-2.6057674212574544
-0.006750659586689817,0.014080477164135003,-0.006171191892236667,0.004915997370298864,-0.0748673210127031,3.654410031965021,0.22375997863967387,-2.606625077041835
-0.006996920553964433,0.014172934991887057,-0.006523492255503678,0.004695065689022448,-0.02151741175107117,3.7877261241634512,0.5043937502725705,-2.656617711714187
-0.007023396958791316,0.014216908656936722,-0.006532111802310117,0.004611282316338275,-0.015395767040470867,3.74413057623309,0.5639023702821845,-2.629113380681623
-0.006998508396694306,0.014205513591821775,-0.006499699117824514,0.0046393809062213465,-0.0209577775979156,3.7373907775668695,0.5323636831134145,-2.628607383658007
-0.00696588136252284,0.014164874749436195,-0.0064770714492594274,0.004719069324779353,-0.028522498751495266,3.7678157677996684,0.47004944552266176,-2.649396586478041
-0.006935485869439248,0.014162878323629918,-0.006427019910809372,0.0047319428446333835,-0.03496821640550351,3.7387108512293588,0.4421103078370278,-2.636800073138972
-0.0068489331066389,0.014102901375115195,-0.006323433636448225,0.004857407175563524,-0.05469389943563139,3.7338345835978757,0.3180941674174583,-2.642601613862428
-0.006865763224047294,0.014123031463810165,-0.006338013046451867,0.0048189735831759,-0.05058219408234649,3.7231240626954025,0.34976063979624766,-2.6352486903201395
-0.00688590704750074,0.014140846240109571,-0.006359428301875227,0.00478347751041206,-0.045912373590263185,3.7188341369329154,0.3818225612573854,-2.6309833250590278
-0.006909500464564651,0.014154790911486621,-0.006389126980969465,0.004753305696654622,-0.04067703776373465,3.723354350268052,0.4133390908370321,-2.6311024618896863
-0.006820175513264629,0.014107611867027255,-0.0062712622448451855,0.0048560191198917,-0.06028446947510945,3.694897414560003,0.30024413618114076,-2.6237077805129805
-0.006784026054251451,0.014104987450593947,-0.006211885373410995,0.004868203782045748,-0.06738987408505519,3.6584587548136227,0.27074082515359255,-2.6065493857927464
-0.007022432100041012,0.014243990713031401,-0.006507856153145237,0.004566423120789945,-0.015530104976963291,3.699880846819714,0.5836533996375941,-2.604611846018477
-0.0070675998369004265,0.01427853816042031,-0.006552943761465259,0.00449165110227427,-0.005798584297131194,3.6869762779811013,0.6506354520363021,-2.591024620830438
-0.007040849271459974,0.014267958744526616,-0.006518030303762418,0.004519759037844414,-0.011824793558894082,3.6791939277441292,0.6182141851176893,-2.5904935616186457
-0.007083418581026381,0.014299090980634498,-0.0065607963053719845,0.00445138977979622,-0.0027552541384412393,3.668055994633534,0.6797968356081815,-2.5780369698255186
-0.007115409175909815,0.014316628459348175,-0.006597211362127396,0.004408932139324342,0.004064350447622065,3.667559156962894,0.7219337297266718,-2.5728919126262646
-0.006196714047239975,0.013613530905550212,-0.005403447367721674,0.005693635227367331,-0.19952030778272561,3.440153300060835,-0.5505233861816682,-2.4804155756168105
-0.006205310142925027,0.013647633687935475,-0.005413065333654924,0.0056383810904605865,-0.1947915411056189,3.42688258295149,-0.5074835737822491,-2.4764901813413114
-0.006228320993762197,0.013667882162857246,-0.0054482875234990085,0.005609218983700982,-0.18974640430583498,3.4418353518442983,-0.477947336812302,-2.4865852201882475
-0.006449287062390994,0.013824905607496723,-0.005781914680852458,0.005370907402769652,-0.14482215739379076,3.59019678817025,-0.2188584192644555,-2.5770559512657254
-0.006375600294735738,0.013741882773560565,-0.005681703728478509,0.005507014705053135,-0.16403504102325459,3.574234841417637,-0.34556816829253517,-2.5642194857126768
-0.0063941290321134795,0.01375984003555942,-0.005708412096804867,0.005478212764133,-0.15919271976094349,3.582050729000193,-0.3173694063510831,-2.569518235661527
-0.0064267548837186874,0.01379629303870528,-0.005753063135457821,0.005418515115495369,-0.15095858985779317,3.589735429320066,-0.2615302277307379,-2.5755907094578814
-0.006399740300525511,0.013781547006648473,-0.005711459425885663,0.005441542422563206,-0.15651987520701965,3.5687551203398646,-0.2895234437494206,-2.5635910203315575
-0.006252482005682587,0.013695522228423549,-0.005483676893549837,0.005567414869306475,-0.184058091868379,3.4518153484394642,-0.4389136519441909,-2.4943906601529005
-0.006284271911544307,0.01371996487597775,-0.005531915167424564,0.005531662800921633,-0.17765234916465292,3.4731135597288665,-0.4012450403187597,-2.5079621084874453
-0.006340620942076342,0.013748300797402368,-0.005620227058645182,0.005491720089176142,-0.16756551132784558,3.5220661826667015,-0.349990043783409,-2.53653773512957
-0.00630750658134503,0.013746657632394558,-0.005564712225828207,0.005490157132413863,-0.17200237807642835,3.4805782422874656,-0.3629728287669094,-2.5139251748307556
-0.006475166072493729,0.01385319207007829,-0.005815799491080249,0.005323616504908451,-0.13842778456526827,3.5941636370258325,-0.17509200590878282,-2.5800975325580455
-0.006493466947453885,0.01387850552301953,-0.0058371850046403575,0.0052807933979262004,-0.13322973441801664,3.5904565885546886,-0.1383672637678266,-2.578758361348371
-0.006566794261085844,0.013907626512744417,-0.0059503524254217776,0.005230355859730649,-0.11906375339895058,3.6506326324933505,-0.06850195605178401,-2.6105667537072232
-0.006645282089585767,0.013999543035918475,-0.006039295218398556,0.005067982481296988,-0.09872655153859843,3.6367915168303644,0.07454680214170271,-2.602159389376103
-0.00658147845804894,0.013932411709539598,-0.005964096114761611,0.005187254745280232,-0.11477139862446543,3.640154980046731,-0.033467660467963505,-2.605131301770889
-0.006604011641415157,0.013949192039854971,-0.005994636127898848,0.005157279865977066,-0.10937328022347552,3.6481299902771473,-0.0027319674381301017,-2.609095920001595
-0.006616002723380404,0.013978168027119126,-0.006000623305621371,0.005106966143542027,-0.10540324904386801,3.6279167579218834,0.0348286220422176,-2.59823129067815
-0.00668902929423435,0.014070777271880846,-0.00607338130148944,0.004942379371834328,-0.08666448597643274,3.597893635497268,0.172366995367333,-2.5793407350126234
-0.006663573043433247,0.014049130625753128,-0.0060430958240054395,0.004982157972657255,-0.09254034389245282,3.596386122580752,0.1349862298261517,-2.5797430453188874
-0.006638460109508924,0.014034353501259455,-0.006009110660904282,0.0050099409706030945,-0.09771789633674909,3.585997962931733,0.10480428459962364,-2.5751227627219184
-0.006499063573050176,0.01390693601464815,-0.0058350762180271395,0.0052325404880105035,-0.12990279655351422,3.5667739558995817,-0.10439971137078252,-2.566759512836
-0.006535038651523675,0.01390943101642867,-0.005895124525858546,0.005227968891646528,-0.12409198653790372,3.6086657065774195,-0.08338278929074006,-2.588746162848929
-0.007138958524499587,0.01434398281678643,-0.006610215322992522,0.004353926555656745,0.008484746157663899,3.642675378409202,0.7621141569624371,-2.5550860771055564
-0.00716889038368274,0.014367029362980111,-0.00663665199358953,0.004302707631671455,0.014370132669706102,3.629072741435519,0.8052967836695617,-2.5424436621272215
-0.007254576346966238,0.01437999378891288,-0.006761161255857664,0.004237987040921939,0.03270704639236924,3.674154294497605,0.8995571709319751,-2.5525263009440624
-0.007189916420726288,0.014392986102371634,-0.006645277688899468,0.004250979425057426,0.01809251629782577,3.6025647241252265,0.8409239092448085,-2.523812808722685
-0.007223864368104482,0.01438709142789346,-0.0067049852110118964,0.004242960148676391,0.025732999835748328,3.6383826867748605,0.8718882842824947,-2.5380415528013294
-0.008036281878260798,0.01467744359322758,-0.007541977809812581,0.003166176543188678,0.17496123418774842,3.4253481385182014,1.8898313088690515,-2.1945137487705235
-0.008024605344589764,0.014669756638569256,-0.0075381982031312075,0.0031886587209739316,0.1739702340831771,3.4405309351328235,1.8764956623327058,-2.2069672613068616
-0.008050566817433253,0.014685934817090462,-0.007547811686102537,0.0031398616731409886,0.17633089648222675,3.4084575797832097,1.9061268002105856,-2.180133924585047
-0.008067156619400656,0.014694508816094352,-0.007556317441527994,0.0031109478533307812,0.17807071827189505,3.3911732564193424,1.9251017299839506,-2.164612743535543
-0.007950758590976843,0.014643532114097652,-0.007477968216279913,0.003299956292307705,0.16285736956297406,3.4880162926145073,1.786910691330434,-2.2597122623638968
-0.007992063995393874,0.014661040896446759,-0.007507877099908662,0.0032341712913292937,0.16866763308451382,3.4564334938323014,1.836865489129005,-2.227718033976395
-0.008008300946345295,0.014669726916184131,-0.0075165538052752705,0.0032057436928430924,0.1704867803025534,3.4398810001823503,1.8559849595825582,-2.2128837513510686
-0.007977393616146094,0.014671510958186938,-0.0074726028043794876,0.0032351614942432868,0.16358539802609548,3.4344473078748368,1.8170512539261134,-2.22161047290027
-0.007962699448622317,0.014660238446179842,-0.007469523733355482,0.0032652271551072017,0.1624541301540784,3.4556920957043036,1.800124754944126,-2.238242169415555
-0.008080519669987442,0.014709486320065286,-0.007550563075875999,0.003077224383405899,0.17785313233884684,3.3610246703915814,1.9383790979734081,-2.143645951567962
-0.008138598970675358,0.014723496308120422,-0.007602624223054913,0.0029958060437385585,0.18681862048065057,3.3295760187103602,2.006719965627821,-2.1038477061147884
-0.00815572795721553,0.01473173347705382,-0.007611100719851604,0.0029663656499590474,0.18848686659458042,3.3115095905265197,2.025467854141027,-2.0874565548621447
-0.008124022163535872,0.014734738381270304,-0.007566736973940043,0.002997801948868595,0.1816225430054551,3.3086461195281873,1.985615605305327,-2.0990452304738905
-0.00810935330173214,0.014727929369831971,-0.007558836696146134,0.0030224443673807534,0.1800581242286219,3.3231195428516176,1.9694366909799637,-2.112459030264691
-0.00809456117277545,0.014719738268074602,-0.007552732692964589,0.0030489295890025157,0.17869979854139986,3.3401323129242897,1.9532987266803492,-2.1272070895094184
-0.008197636139065696,0.014758176772089633,-0.007620751516124021,0.0028864430009052345,0.1911492501528149,3.2539707597629843,2.0683244845000206,-2.040348029807586
-0.008168187785404596,0.014747634617047154,-0.007601437679578978,0.002932672516878162,0.18768200305098912,3.2787528854638643,2.0358933132055466,-2.065450637020518
-0.008180975136135665,0.014759774392285204,-0.007597928650651617,0.0029033939825405756,0.18752967091179432,3.2533216265354534,2.047589111819345,-2.0470522748054005
-0.0073728287763739995,0.014422038142807828,-0.006905114734005637,0.004102277888544683,0.057398688287770165,3.6845379339609905,1.0478092946956707,-2.534267468095836
-0.007345749942318517,0.014429445682205484,-0.006854337921805439,0.004107196643427559,0.05079199630093747,3.6527086389905534,1.0215956575560277,-2.5222291350013086
-0.007274013645101546,0.014402584789817858,-0.0067691479671266016,0.0041913052080064074,0.035928352826724526,3.6493662978936032,0.931876243924653,-2.5348453458702997
-0.007295041438426496,0.014411896211625325,-0.006792875601223848,0.004164685640331572,0.040540119721163996,3.6483255822757386,0.958739593065806,-2.530142971382878
-0.007313896945177601,0.014431680494131505,-0.0068018740414414035,0.004122611420426368,0.04350282296987711,3.62687154132967,0.988429181845783,-2.514266756377378
-0.007392016514721645,0.01444120034791331,-0.006914178858141179,0.004060035338304115,0.06049366264238124,3.6622895101396558,1.0775269356754684,-2.517604033320524
-0.007413121288520711,0.014460128820561642,-0.006925989937655245,0.004016892201614517,0.06397080958968428,3.641143283020732,1.1088801374584298,-2.5010313867362797
-0.00751525630893754,0.014516618026856137,-0.00701733313181955,0.003860170792366543,0.08245861246995238,3.5952566834014226,1.244165486005757,-2.451100119462779
-0.007487133936800872,0.014506874095075615,-0.006986170473856918,0.0038949401363125046,0.07695442302583815,3.5983675019195336,1.2090866600494448,-2.4597404374868472
-0.007462842596604908,0.01449588365418824,-0.0069619091973697695,0.003928538260064569,0.0723904138092313,3.6051399501651376,1.1779421993499797,-2.469357417889069
-0.007435993657817398,0.014479988964013403,-0.006938924534617086,0.003971084634586647,0.06764554092412207,3.6187332191865953,1.1421285046011223,-2.4832573358336494
-0.0077471782890147604,0.014593253729985245,-0.007263057539666618,0.003561979411945838,0.12577034560325617,3.5448984093027582,1.5342132471624348,-2.358763004109239
-0.0077620314682256,0.01460484933463689,-0.0072687239958455965,0.0035323078429374912,0.1275267470589384,3.5266470334116478,1.5532475939755213,-2.3442175627954964
-0.00751286659664032,0.01454674158177543,-0.006977928036615562,0.0038166047352528464,0.07932677160173827,3.5384993766693627,1.250340522023423,-2.419865614184301
-0.007727729372040896,0.014601763053304215,-0.007223719414733998,0.003566581133452118,0.12047728573919644,3.5222327047598903,1.5114981315688645,-2.3523107440806195
-0.007702507202166322,0.014593074989831305,-0.00719885424720247,0.0036005621573868005,0.11585979445349778,3.5307484187167293,1.4802533744144495,-2.364506048578642
-0.007648535939180252,0.014596702412997134,-0.007116057794139257,0.0036397807493944727,0.1037505926858421,3.504797904014957,1.4170462724297483,-2.3655666937659894
-0.007672460746815799,0.014607470636836163,-0.0071368005112042695,0.0036047891965677176,0.10773067603306342,3.493177963805468,1.4466125201077074,-2.3524121762546852
-0.00761996236580021,0.014611108652693142,-0.007056599778339668,0.0036416835537587066,0.09593732756725383,3.4674235736549446,1.3863227514647087,-2.3525686702163315
-0.0075913980724195106,0.01458971373910589,-0.007041769818174961,0.003694876829340256,0.09219170843028562,3.4953979494196585,1.3497909878081327,-2.3757692087093996
-0.007542665632415734,0.014560874877637645,-0.0070053325205233575,0.0037739298407555052,0.084526752102444,3.5269324004428744,1.2877486338819637,-2.405979375705682
-0.007560295517113719,0.014586215234783612,-0.007000637511778039,0.0037235536300654916,0.08575885744421857,3.488873434433662,1.3136796093220124,-2.3801312314969127
-0.007896111854505833,0.014635997943432481,-0.007413851172525631,0.0033643123402522933,0.152233384467268,3.4955967082406683,1.7189256242996562,-2.2832832024855114
-0.007873150304213195,0.01464965657007062,-0.007362639140377905,0.003367507943078446,0.1451075293700174,3.464520819155435,1.6900159030030224,-2.274517251420597
-0.007766914515257239,0.014620803524213114,-0.007254096182825721,0.0035052904276866082,0.12638709754392144,3.496928516481474,1.5602858630647805,-2.3264972346019652
-0.007850445205161908,0.014659448270077181,-0.00731758260413611,0.003375421604850959,0.1388427721800133,3.441367103390943,1.6621031832502748,-2.2695916434007297
-0.007835506646614615,0.0146434887843066,-0.007319218331070341,0.003411382843841838,0.13801038590733203,3.469444237776113,1.6441676592771317,-2.289688522640738
-0.007783992619148092,0.01463168967837231,-0.007263435425179876,0.0034747574858189256,0.12860470259163795,3.480388149800692,1.5814818823797145,-2.312148117700536
-0.00780870504448246,0.014645142521094176,-0.007279633424138636,0.0034336681955828246,0.13199767582903202,3.460385803281334,1.6116884089592252,-2.29345120947271
-0.007931525533396438,0.014649540972325532,-0.007442893215477334,0.0033109654356385993,0.15766333478487063,3.4736947289871423,1.7622415158065035,-2.2590848007819386
-0.007912547279100252,0.014654547432346714,-0.007409702875864059,0.003322810874501815,0.15269015767792862,3.461157428603348,1.738277428413901,-2.2591366796588264
-0.008315594487603875,0.014783852401526945,-0.007718880292827335,0.002717672342541808,0.20733188152519164,3.178651499110099,2.2008384257314675,-1.950005363698739
-0.00828643349006218,0.014778873307671907,-0.007693189715889211,0.002758370441712939,0.20317457415389886,3.1958158460564063,2.1679068946220155,-1.9719253680897213
-0.008299544100618637,0.014789771104771858,-0.007690570790491729,0.0027300763993254955,0.2031090616889968,3.1713593387170014,2.1790102084515297,-1.9537496081683445
-0.008228693439121495,0.014768000753639174,-0.007642496394121624,0.002838943482318061,0.19487976494437334,3.22942909830024,2.1025167186757687,-2.014487208808973
-0.008244252326166473,0.014776369707187688,-0.007647566674233324,0.0028109229429317886,0.19601189364517882,3.2100979413339856,2.118147241310677,-1.9979109465012483
-0.00825939558345931,0.01478269013311098,-0.007655246720279048,0.0027857854658894384,0.19738917463057812,3.194617346506393,2.1338839597845447,-1.983428015300029
-0.008273053930203205,0.014786730794811579,-0.00766471555385206,0.0027650097046667647,0.19909562676865647,3.183727323255508,2.148607891592117,-1.9718844296968385
-0.008211227241395986,0.014774891557192594,-0.00761052435067956,0.0028507553332840422,0.1902373263040542,3.2191227937556306,2.078985233839195,-2.016777607149095
-0.008513005737044227,0.014836112873652286,-0.007846729088623576,0.0024125761279819888,0.22822374975310808,3.005973319279715,2.4049884911416686,-1.7689906970327238
-0.008528860960217832,0.014838197849767847,-0.007859475504052771,0.002389705141153682,0.2301836202504064,2.994643011611657,2.4217727640149334,-1.755304009963804
-0.008621456734339696,0.014886042521513572,-0.007867350685114391,0.0022194931743905965,0.23192628159015063,2.858351420146214,2.4930914154911235,-1.6420936555254178
-0.00860532367939438,0.014880460510149568,-0.00786166366007226,0.0022464167336091394,0.23105389619309122,2.8773613698821348,2.479412284087775,-1.6596698565959418
-0.00853410482503593,0.01485302729622349,-0.007838976767523225,0.0023676650464528153,0.2273525213553928,2.964307467573625,2.4184517746333,-1.7383073982650388
-0.008591082747451231,0.014873857234746822,-0.007859420594822383,0.002271794806116389,0.2305961514275698,2.8970553466936413,2.4683023812671347,-1.6764973272951342
-0.008577537476242136,0.014866004154067438,-0.007859891851231463,0.002297490543065721,0.23068014788556143,2.918580560363448,2.458590998579572,-1.6937877917726882
-0.008561475271577851,0.0148648906886548,-0.007845872347165063,0.0023198101894635844,0.2284808613813718,2.9288675095243106,2.4415084313742272,-1.7072145034351596
-0.008546965065731051,0.014859473544158662,-0.007840772418155263,0.0023443046469001885,0.22770374940480556,2.9460954157710084,2.4288125779832295,-1.7229785516102958
-0.0083450514094397,0.014794422431894315,-0.007735080809919782,0.002669842744195889,0.2101902228169211,3.149717085407724,2.2312344919652145,-1.9219290151590471
-0.008329043907284022,0.014799478502760706,-0.007708466682483977,0.0026835145652578754,0.20621963178300606,3.1445909551074056,2.2098421208679375,-1.9268827149638847
-0.008360234912402483,0.014808667331739904,-0.0077284749656216225,0.0026352130803271533,0.20956254071420663,3.117551138109782,2.242439959484027,-1.8989160910203042
-0.008375716537476742,0.014821056763840084,-0.007725051996151209,0.0026024321419047935,0.20940673565701975,3.0888771193275306,2.254526188540027,-1.8774914737447503
-0.008499861167103702,0.014850418218763624,-0.0078083231858254104,0.002414766947081951,0.2227003211769252,2.985053634333747,2.381347682711936,-1.7659644026756183
-0.00842313380289641,0.014844255126335236,-0.007737856652957862,0.0025184807810246994,0.2119662585493076,3.0282779562275715,2.2974060786945336,-1.8251094982728062
-0.00840714884056617,0.014838232137465287,-0.0077307361847951455,0.0025448417044421686,0.210725741302074,3.0454897505532625,2.282234788885067,-1.8412230994384302
-0.008391203029219222,0.014830624233974838,-0.007726111557048591,0.0025728414877691738,0.20981226664035105,3.0654824465025405,2.267737736942188,-1.8586433658122472
-0.008486153702517688,0.014863867525389913,-0.0077710311001094766,0.0024183953696890986,0.21737150322470036,2.9661863740608543,2.357879118506822,-1.7639944764238493
-0.008470520714945851,0.014859494602285686,-0.007762236882918453,0.0024428022385450643,0.21595719888436368,2.9809655360464338,2.342824428720842,-1.7789134600670657
-0.00845472810278719,0.014854722825699438,-0.007753776533143312,0.0024677599319389847,0.2145971486761428,2.996355205219723,2.327671622012719,-1.7941655259247236
-0.008438975827213391,0.014849566025538241,-0.0077458281982288055,0.002493011009360209,0.21329393270532657,3.0122549542522106,2.312626893893443,-1.8096053697121006
-0.010109939502481563,0.014998791184455908,-0.008331176173346343,-1.8318867656260114E-4,0.2768135926110492,1.0940590306867854,3.3621198868023647,0.1501309443160872
-0.010118114468674097,0.01501255286705111,-0.008302409452803859,-1.956059801587629E-4,0.27016339310703713,1.0758595081251967,3.344427160219358,0.15433107664747395
-0.010094236641409177,0.01499911186666351,-0.008331710137352554,-1.5703775760093986E-4,0.2782200432388681,1.1156070430370562,3.3596180990523408,0.12918673215951754
-0.010102368670527974,0.01501285484821159,-0.008303063283886067,-1.6952875959769348E-4,0.2703485540021065,1.0972823178268782,3.3420308940729044,0.13336486279812723
-0.010078532631204675,0.014999383224542409,-0.008332162089009996,-1.3087702853001678E-4,0.2790840411194072,1.1371174530022612,3.3569656490091835,0.10822684117021701
-0.01008662784607199,0.015013134725286913,-0.008303581741408756,-1.434560705357354E-4,0.2705129558678146,1.1186942501170576,3.3394809268949337,0.11237531889871943
-0.010062827605569672,0.014999605253615367,-0.008332532077417715,-1.0470480490122586E-4,0.27938036200126976,1.1586141836148336,3.3541769123545593,0.08724346002249543
-0.01007088528015156,0.015013379195076367,-0.00830399092454666,-1.1738024763154293E-4,0.270813663321356,1.1401011522828648,3.336796024454084,0.0913865312745318
-0.010055140359111583,0.015013572535348083,-0.008304321067991866,-9.130128580204799E-5,0.27115150528234455,1.161502995684481,3.3339907751530187,0.07041796535917744
-0.010126316919953608,0.015026757743429443,-0.008273493683897308,-2.07904028092695E-4,0.26774881244477206,1.0511624274496165,3.3261526064885136,0.16513770401700023
-0.010142164803058866,0.015026515105724954,-0.008272445007687541,-2.339672965535541E-4,0.2673975371223279,1.029610241328781,3.3281490233225646,0.18611152977169151
-0.010173936819143128,0.015025506003738441,-0.008270837146660914,-2.862546619019314E-4,0.2668513969017708,0.9867183646428018,3.3322710415511323,0.22821257633446165
-0.010158057928685836,0.015026117372010456,-0.008271518801008076,-2.601126350014643E-4,0.26711469019705847,1.0080877611650028,3.3301646258563236,0.20715911334792483
-0.010189726773735933,0.015024720576479524,-0.008270330752283088,-3.122717598790661E-4,0.26652814884870546,0.96556083834124,3.334411394149273,0.24917825732741217
-0.010205421343630923,0.015023913469713225,-0.008269699909413493,-3.3813416842452647E-4,0.2661019155583102,0.9444950163669651,3.33638404737057,0.2700340711091928
-0.010221094691787906,0.015023156100035158,-0.008268794138153186,-3.6395011303769664E-4,0.26561914544653736,0.9233650186170478,3.338098594208109,0.29086607233228584
-0.01023681468350635,0.015022410346147637,-0.008267678575006649,-3.8983353980826685E-4,0.26514269770492715,0.9021141706682361,3.3396086398635796,0.3117639435517625
-0.010252583249811298,0.015021689579170919,-0.008266325276461374,-4.157823788412802E-4,0.264677031503427,0.8807339379786431,3.3408947587327873,0.3327239560350688
-0.010268373158551197,0.01502098494160236,-0.00826475579544625,-4.4175152856453214E-4,0.2642275342751739,0.8592730747944062,3.341967258965866,0.3537079075353768
-0.01033146044658166,0.015017448093113006,-0.00825810993453567,-5.455382146190604E-4,0.26256999798487096,0.7736911843363176,3.3453135652908315,0.43767106791836713
-0.010315717696570853,0.015018438204496387,-0.008259825886914424,-5.196335376791288E-4,0.26297864299640406,0.7950234847948213,3.344619318016267,0.41670186215367905
-0.010299961164365209,0.015019369942512725,-0.008261480594364554,-4.93707825934784E-4,0.26339076601960226,0.8163827266813005,3.343814340376697,0.3957208611250687
-0.010284172214303439,0.015020220092693175,-0.008263123092112294,-4.677352214074594E-4,0.2638036594256001,0.8378081093673867,3.3429292126504877,0.37471313486898716
-0.010340316833707858,0.015031699632249351,-0.008227763332386335,-5.564866199075677E-4,0.25809718609401416,0.7525663436302948,3.3256760668757157,0.44426348426618406
-0.009779178497585075,0.015023642280844192,-0.00826756088328366,3.6341056186902477E-4,0.2740768428412315,1.5166122630442598,3.245259590217794,-0.29021531259677635
-0.009795036709585234,0.015024294705849093,-0.008268721330393912,3.37317252277761E-4,0.273976225229466,1.4955450233795922,3.2502975942259194,-0.2696409527005726
-0.009858065156900452,0.015026181456595783,-0.008272936095209652,2.336173106561313E-4,0.27304065127656024,1.4118211294498675,3.269330816116208,-0.18765175697192682
-0.009842374883264364,0.015025688634735924,-0.008272203730932785,2.5944618088543395E-4,0.2733635524471558,1.432804259974947,3.264904706812174,-0.20811402372089524
-0.009826657991586012,0.015025265718467374,-0.008271148946141714,2.8530495685327836E-4,0.27364097682519656,1.4536719534335536,3.260192683111588,-0.22857170076066005
-0.009810873108063523,0.015024823198690238,-0.008269943627792169,3.1126829828148384E-4,0.2738414189877589,1.4745674301250002,3.2552948504293773,-0.24908330483520702
-0.009865683743106028,0.015041067079532252,-0.008243906574812278,2.1962798189394483E-4,0.26853817275054,1.3871414519919645,3.2523556582048117,-0.17776280392469956
-0.009881517460247484,0.01504189458158004,-0.00824371520953075,1.936984611773696E-4,0.26817046891795976,1.365725314881259,3.256064888757713,-0.15724718849005823
-0.009897413890832686,0.015042272562508742,-0.008244246775019665,1.677052695500292E-4,0.267909215368583,1.3446187421003126,3.2601863497855987,-0.13664285382648633
-0.009913055320472345,0.015042300144674739,-0.008245279315445489,1.4214772945208076E-4,0.2677534423612001,1.3241180068750624,3.264506957861776,-0.11634311820772832
-0.009944150835667818,0.015043315805818032,-0.008244883127200798,9.127810563848845E-5,0.2670814400188812,1.282237808846668,3.2712863587384455,-0.07593890598759555
-0.009928528851269075,0.015042629192492461,-0.00824552207497554,1.1684142133994232E-4,0.26748155053274253,1.3034725500598479,3.2682054446367843,-0.09623782315773677
-0.009722797373156542,0.01503556245296577,-0.008233501070394377,4.5321222625330134E-4,0.2700506314793682,1.5753059359440995,3.207703817143948,-0.36178448017041376
-0.009738824382645698,0.015036419965000129,-0.008234925187413084,4.2700948704255977E-4,0.2699154936117278,1.554253683848778,3.213172401769539,-0.3412498285134822
-0.009770770697680382,0.015038191805137616,-0.00823708269102283,3.7474465496987693E-4,0.26954509388317277,1.5119816558821217,3.223415028485944,-0.30021123055862087
-0.009754796587761563,0.015037282344067112,-0.008236143138878849,4.008858881430004E-4,0.2697621918792083,1.5331825939930877,3.2184210843487597,-0.3207487420618657
-0.009960006420872906,0.015043931232536873,-0.008244218218875601,6.534565510587038E-5,0.26666932989635134,1.2607163960864007,3.2743256303248782,-0.055329857267456144
-0.009976029124508907,0.015044227739232285,-0.008244013726721093,3.915608308079463E-5,0.26631466475574744,1.239220734053269,3.277629359390303,-0.03448001600981498
-0.010031660422378007,0.015027963015440285,-0.008276447898248935,-5.211759631596157E-5,0.27012567740317756,1.1790651012475541,3.3105495669466136,0.04008669992328015
-0.010047427287714206,0.015027815808373918,-0.008276300444783473,-7.807267392689143E-5,0.26969893453830956,1.157849255400289,3.3135535578809834,0.06087962367745745
-0.010023938875775653,0.015042449347647723,-0.008247621620048632,-3.9173865346198404E-5,0.2659001447080962,1.1769645907214936,3.2898879606323423,0.02819000800544774
-0.01000812836742043,0.015043217281526494,-0.008246253864918444,-1.3308918025068985E-5,0.2660014305233913,1.1974265580362575,3.285788536073358,0.007459259536771848
-0.009992150907520418,0.015044048329885823,-0.008244576647330281,1.2810927781251157E-5,0.2660698125555634,1.2179706437083897,3.281389121461596,-0.01345513592289157
-0.009257225192194454,0.015004880274426658,-0.008122732497578932,0.0012054032194386626,0.2636795132293412,2.1491821576030525,2.9738576590218773,-0.9362121839838063
-0.009240686312193602,0.01500338326073012,-0.008116745868103278,0.0012317025975364557,0.26306549050363076,2.168187865981229,2.9632348613382455,-0.9556136823059856
-0.009351547577301155,0.015016460803029928,-0.008147215036765312,0.0010530645884349668,0.2655298219571464,2.0337265190815113,3.027512056620307,-0.8225558745249035
-0.009335788683492637,0.015014772791265155,-0.008143089687503423,0.001078474018431499,0.26519011892591665,2.052945000736806,3.018722604128165,-0.8415962773056799
-0.009304269945964406,0.015010563500568197,-0.008135925838176905,0.0011296073236733326,0.26472855940607903,2.0922400583547662,3.001524304259823,-0.8798546837945896
-0.009319854508723401,0.015012417041471193,-0.00814000243275921,0.0011044474967830738,0.26506455419220826,2.073201518599705,3.010368046132989,-0.8610763690822004
-0.009288556561180201,0.015008252895360273,-0.008132498086370989,0.0011551675398244331,0.26453339217702615,2.111980172775324,2.9929082787522154,-0.8989394816835922
-0.009273025051888364,0.015006510973005621,-0.00812787987866112,0.0011801266946342267,0.2641180636196869,2.1305725447483805,2.9836320796417906,-0.9174732702444137
-0.008877196709349704,0.014916087111380441,-0.008038155740044682,0.0018358076547551998,0.25593940207236865,2.634748317282422,2.7340105584992727,-1.3910995107910669
-0.008861947217524946,0.0149128257228995,-0.008031921100472543,0.0018605336797579298,0.2551105838398231,2.652080533027266,2.7218540424561652,-1.4081681364402099
-0.008846444513746367,0.014909425234835712,-0.008025563785000788,0.0018856910304521,0.2542906202540032,2.6696893850637533,2.709406416747378,-1.4254784324543586
-0.008911603592152687,0.0149400748947845,-0.008020491757976825,0.001766966727431175,0.25323532720239234,2.5668827512208234,2.745891891100984,-1.3408593456955258
-0.008896301755012714,0.014936059975556687,-0.008016075701679956,0.001792281963933364,0.25270530345617503,2.5857080306275386,2.7348785373180977,-1.358557949504128
-0.00888162608121072,0.01493188902675877,-0.008012268372148456,0.0018167901026870106,0.25225032467237757,2.604187437438004,2.724429133106126,-1.3756831823416222
-0.008927255506788336,0.014943587716233981,-0.008025934716095709,0.0017414988322860395,0.25389646774850094,2.5484856941331735,2.7575094674416394,-1.3230737915949824
-0.008943038658398865,0.014946467585074013,-0.008032479359717905,0.001716277234699198,0.25470194639782506,2.5308854319588416,2.769651111622895,-1.3054825348433108
-0.008958674112263669,0.014948850800813498,-0.008039665315873511,0.0016915883227158108,0.2555806468466327,2.5140581408569918,2.7819543636943034,-1.288249677580257
-0.008989378497467363,0.014956679029014909,-0.008047337354280653,0.0016406752499159942,0.2564152514342098,2.475392014525239,2.8026991871083937,-1.2520968805113342
-0.00897389621512385,0.014952254365524257,-0.008044455828726343,0.0016667056967175423,0.25613105480610926,2.495724411614887,2.79277513787031,-1.2706617873958457
-0.009224069334546342,0.015000587610099777,-0.008113029562946237,0.0012587847539155042,0.2628114372006886,2.1890301170553195,2.9537486813312057,-0.9756336096142482
-0.00920798686843357,0.014997632801124205,-0.008109720550094639,0.0012851118290243832,0.2625767677367014,2.2094490982226227,2.9446342154024143,-0.9950646673403033
-0.009192213961008108,0.014994626667946659,-0.008106498499258664,0.0013109739073292725,0.2623504318194754,2.2295225877613016,2.93562062849811,-1.0141126564251843
-0.009229223768171464,0.015018888911379417,-0.00808063554957847,0.0012408237340258072,0.25808423440313444,2.157395315191042,2.938099691640017,-0.9613407086656668
-0.009098959242468568,0.01497816881187136,-0.008081173231749164,0.0014625783173966686,0.2600319141005834,2.343731197165098,2.8772110744551984,-1.1246065255258861
-0.009176621057804346,0.014991508812169013,-0.00810341290223148,0.0013366077655269223,0.26213326726087477,2.24947389811549,2.92667808267201,-1.0329549275915733
-0.009161243878353573,0.01498818554739737,-0.008100670186997413,0.0013620194280790235,0.26195576741056,2.2694173888102998,2.917934020298237,-1.05160620640531
-0.009146365903515101,0.014984921217924954,-0.008097942033677532,0.0013866231409340125,0.2617743410291041,2.288693214498284,2.909348449923901,-1.0696273214975276
-0.009131320005536878,0.014983139619465513,-0.008092104767109394,0.0014105487816937316,0.2611730682422108,2.3057595513327453,2.8989350703116425,-1.086985093086516
-0.009115249228354947,0.01498145549692268,-0.008085271655365697,0.0014359150691590017,0.2603912270110253,2.323477808999241,2.887446813064168,-1.1052811925374895
-0.009022218376457976,0.014962997291208086,-0.00805863945821095,0.0015875670900238113,0.2577349974672732,2.4368412526637244,2.826028379701977,-1.2144094741588807
-0.009005791971042383,0.014960625933575207,-0.00805159574215004,0.0016135962965278465,0.25686038417546847,2.45492519539137,2.813706383768928,-1.2328186954148188
-0.00905335843946052,0.014967462229231935,-0.008071520581868906,0.0015380819409311181,0.25921745617046593,2.4021265345987826,2.848962037012471,-1.179200772020258
-0.009038011275149279,0.014965373284640654,-0.008065046223242516,0.0015624210797550236,0.25843335489577507,2.419117538082413,2.8376382001388527,-1.1965215085494163
-0.009059323271304239,0.014981104108684255,-0.008049651851392862,0.0015200284958312542,0.25598201710634705,2.3753326792006932,2.840730905772547,-1.1650054529044744
-0.00908758268502913,0.014991892213962141,-0.008047753820493423,0.0014708058079934848,0.2553508804008268,2.333051090537905,2.853971020438426,-1.1291217722070828
-0.009072197186828262,0.014986701826205297,-0.008047570755534474,0.001497142057098952,0.2555063135381764,2.355036754546507,2.8461822756495727,-1.1482781463916678
-0.008711196787348842,0.014892671447739272,-0.007939201395107315,0.002091190418431837,0.2423589716429488,2.7928737494794222,2.5842034854477913,-1.5614787724654322
-0.00874268827931605,0.014897833643550842,-0.007958104268825,0.0020428031302579656,0.2450542277048571,2.7632427952024194,2.613182012595844,-1.5297788844975093
-0.008727130078990378,0.014896537466772037,-0.007946577002537356,0.0020656250883778586,0.24339117062975046,2.775739621410733,2.5979681785909885,-1.5445259112347214
-0.008699028221464577,0.014906343320290843,-0.007903546553785152,0.0020955274723105234,0.2372459998354457,2.7762106720671054,2.5610552759390512,-1.5612364187577066
-0.008683542075569576,0.014901049462303298,-0.007898894535211644,0.0021215202460615344,0.23656571675385427,2.7951584472529993,2.5487229837063414,-1.5785892349289066
-0.008668830878475005,0.014894636654312853,-0.007896771879886874,0.0021474744683315336,0.23625357379623876,2.8154950792620603,2.537844565133554,-1.5960966280658548
-0.008640024825226014,0.014891250519497218,-0.007875799364994938,0.002189615362859932,0.23317712262048332,2.838455642900779,2.5094535195993504,-1.6227298649673914
-0.008655196635644057,0.014905317652693663,-0.007865084978493501,0.00215598992986143,0.23167316765198828,2.8045844210284336,2.51560928632276,-1.5989271303754162
-0.008788359584191573,0.014910536432177561,-0.007974737179359386,0.001967602111045443,0.24731757513087582,2.7097131249729833,2.6500151221679022,-1.4788920521670936
-0.008803901100380068,0.014914198545627972,-0.007981246583205375,0.0019425009484071744,0.2481937894451893,2.692348580196007,2.662741632521589,-1.4618764783166647
-0.008835481256484328,0.0149223685930812,-0.007992578711661208,0.0018907526145088476,0.2497177227726506,2.6553093491000754,2.6874586234692726,-1.4264606070589425
-0.00881955074196446,0.014918646672830776,-0.007986220497033479,0.0019165432190018157,0.24884326940742554,2.6733587793139786,2.6747509066722004,-1.4440675008372483
-0.00874867906989515,0.014912580755544433,-0.007936613170248618,0.002021440663537969,0.24196526272579155,2.7332207560120456,2.6078092664454564,-1.513122602556411
-0.008761588129172061,0.014918177419438563,-0.007937725657627438,0.001998578867432188,0.24209546709807908,2.714787864870715,2.6166050149663103,-1.4973881031313592
-0.00877684343021073,0.014923583276627989,-0.007941059900775968,0.0019726102939099407,0.242551442083509,2.695007769559195,2.6277711887436204,-1.4796445126000357
-0.009383257163491669,0.015020330186446338,-0.00815404664030242,0.0010016343135242029,0.2659106959950703,1.9940271514459325,3.044137327910136,-0.7838313401479918
-0.009367488832666063,0.015018553328714266,-0.008150451919346095,0.0010271554924573148,0.2656626105510189,2.0136070922817226,3.035798410304881,-0.8030498721945737
-0.009358390544052712,0.015030512510003802,-0.008123000309782519,0.0010359090850392222,0.26198414797051506,2.0072274698094184,3.0162981587706548,-0.8091783140456748
-0.009414365687717937,0.015022831400230198,-0.008162577423848487,9.516329010046823E-4,0.26652072783711606,1.9563916490789188,3.0612240953807857,-0.7460635678268389
-0.0093989591127788,0.015021905789699494,-0.00815782512437624,9.762790985949631E-4,0.2661094575830591,1.974652287212092,3.052495412728129,-0.764675612377795
-0.009434955002141057,0.015041081834534575,-0.008135344537058152,9.11751442770523E-4,0.2622839329783033,1.909568815254314,3.0529951917554423,-0.7154315873027346
-0.00942150701101154,0.015036444434054571,-0.008138913110934978,9.347311500983762E-4,0.2630588219165078,1.9305156414909947,3.050051943878658,-0.7329152445432467
-0.009477775011337387,0.015030874207150716,-0.00817202400740729,8.48214062359717E-4,0.2666701338741268,1.8744957236584898,3.0904556533819765,-0.6673755491675674
-0.009461591240253125,0.015030358468030755,-0.008166869330366271,8.740366582033649E-4,0.2662289590968125,1.89353065544037,3.081496529220127,-0.687026658516504
-0.009451295222117715,0.015045277815505562,-0.008133640786063503,8.84452664781682E-4,0.2617754033663386,1.8859712741116226,3.0580073655944715,-0.6946848839183081
-0.009652286289230065,0.01504579940723279,-0.008197192873006243,5.648176086130065E-4,0.26665332077341825,1.650485543644819,3.164021167158312,-0.4490067974732645
-0.009667445252352797,0.015045791615122846,-0.008200928509779189,5.404390239389353E-4,0.2668844207277749,1.6320420450295765,3.170947954126295,-0.43004835232464295
-0.009713620923970694,0.015050306676792295,-0.008202281907005683,4.650489285326364E-4,0.26612807487396983,1.5701650782529912,3.185399667098267,-0.3712666760223893
-0.00967498466940337,0.01505868561147915,-0.008177183385884296,5.252837116778472E-4,0.2635048765020582,1.6082328956647103,3.158428126314989,-0.41844032898382616
-0.009688092751160067,0.015062211424922306,-0.008173214141417041,5.034933884950688E-4,0.2626980778014085,1.5883389170381637,3.1598162689128837,-0.40153870382992735
-0.009703847091237793,0.015065062439168886,-0.00817102105697272,4.776557755412796E-4,0.26208809333583666,1.5659627692028864,3.1630066735181246,-0.3814616163531445
-0.009509257495831957,0.015032774415408843,-0.008179751191207,7.975311806709535E-4,0.2671121373069087,1.8359403972026307,3.1063277529821107,-0.6286398829945635
-0.009493910679264382,0.015032296737620339,-0.008175188773254195,8.220919640588982E-4,0.26674863705233814,1.8542047042692182,3.098152524142727,-0.6474097311744673
-0.009516657635252378,0.015045981948106588,-0.008156348663635092,7.811719993925608E-4,0.26369508987275936,1.8108995435672504,3.09483879582377,-0.6159844723689303
-0.00952984180606245,0.015050030238777972,-0.008152894842473654,7.58923321352678E-4,0.2629460964446581,1.7906969461656084,3.0972941316306475,-0.5989194320518756
-0.009545114446649407,0.015054185165046799,-0.008149787238014261,7.333760694322764E-4,0.2622309314819123,1.767947308025027,3.1005810531230313,-0.579316526125789
-0.009561159164031408,0.015057212902620553,-0.008148964129289392,7.070069377931803E-4,0.2618111144234358,1.7456321647945103,3.105413521894294,-0.5590633518065572
-0.009577933328042151,0.015059870835931521,-0.008148899794482795,6.796141781070752E-4,0.2614950649472811,1.7228430058295583,3.110857489750027,-0.5379921764963337
-0.009612963982147504,0.015057614330245753,-0.008163467516770797,6.246095294387864E-4,0.26286197111199255,1.6841023266103778,3.1309697246644705,-0.49552100471046384
-0.00959688666126196,0.01506260549586463,-0.008149110499571224,6.487558906745887E-4,0.2611401450651365,1.6973270601387596,3.117070937846033,-0.5142225159954683
-0.009644409295205929,0.015058543626245674,-0.008169999630153182,5.742125768053809E-4,0.26314890698175863,1.6453889163451485,3.144750929143951,-0.4564826629800073
-0.00962861977267157,0.015062736844716304,-0.008157628847083707,5.982954843738777E-4,0.26170667139910875,1.6595106334254461,3.132262176987834,-0.4752104991433938
-0.01093683137430405,0.014911450597951645,-0.008185613776413764,-0.001561339165785689,0.25232576010330476,-0.03967746779352374,3.3157066413686045,1.2693275860993545
-0.010947113961078982,0.01492363882580517,-0.00815529621011391,-0.001568728180807941,0.2449486430529864,-0.05196785885182285,3.2957923911792832,1.2679919879719928
-0.010952258507486398,0.014908482834330765,-0.008180671091550554,-0.0015870326776017537,0.250692782774974,-0.060611408737915574,3.3114913187747024,1.2900241371132963
-0.010921395106936288,0.014914369853492293,-0.008190477450858163,-0.0015356206869119487,0.25321047562842364,-0.018736630718128658,3.319773410320279,1.2485798085785647
-0.010931649848912582,0.014926572729999388,-0.008160213116359222,-0.0015431222624056442,0.24522246987068244,-0.03116462781643767,3.299925096959214,1.2472791472242466
-0.010905949863632842,0.014917240572168871,-0.008195263195713998,-0.0015098715783162398,0.2532224496002462,0.0022386927570690897,3.3237129458775363,1.2277814861775458
-0.010916175410256135,0.014929469173976221,-0.008165029807731821,-0.0015174935864061233,0.24573313427834484,-0.01032336110822493,3.3039386569971216,1.2265277851980072
-0.01089049580236992,0.014920062725815756,-0.008199966994639134,-0.0014841136346881456,0.25368899975576636,0.023242236140117226,3.327530654277885,1.2069923313769952
-0.010900689142518608,0.014932302935204575,-0.008169792875978793,-0.001491855938279914,0.2463064146491388,0.010546816377182335,3.3078512503696693,1.205774974361807
-0.010875033080843399,0.014922836286880736,-0.008204587267384173,-0.0014583557814395699,0.25480933538519634,0.04425342313297947,3.3312160378212012,1.18621137376843
-0.010885195757171312,0.014935083405978341,-0.00817448261113169,-0.0014662076824112733,0.24670963030988816,0.031442890060858535,3.3116448476610336,1.1850022793068573
-0.010859561856462023,0.014925561228420127,-0.008209124958117176,-0.0014325929769025867,0.2561521736289518,0.0652610290641148,3.334766815206551,1.1653961821854593
-0.010869703247834045,0.014937829504985697,-0.008179060133549819,-0.001440548583878264,0.24698364459471825,0.05236335769081952,3.3152983343695825,1.164190904999427
-0.010782083680081914,0.014938455742167742,-0.008230621373475116,-0.0013034275239196165,0.2567354118390237,0.17075729890777036,3.3509736140389226,1.0600000370032876
-0.010776502343975434,0.01495351638690171,-0.008204446774964522,-0.0012860759139798766,0.2503298018216668,0.178571572284236,3.3343477819348695,1.0387974381040326
-0.010755269273487357,0.014971218156738977,-0.008182463070419322,-0.001243139658434733,0.2495517826046453,0.20093074036137618,3.318241037616684,1.0035866985820159
-0.010770899902391827,0.014968983662984077,-0.008178193429092153,-0.0012687741544920195,0.2490302301251711,0.17983963172422,3.3152815095614616,1.0243610321008354
-0.011105992462224282,0.01487614403740323,-0.008126773298313229,-0.0018432601824318095,0.24618834119709612,-0.26802663327669074,3.262643897906836,1.4967917370333164
-0.011116742562076495,0.014888020987243763,-0.008096041209292054,-0.001849628756303912,0.23973683236299329,-0.27903061280485475,3.2424205405715383,1.4943015132813289
-0.01112130860346941,0.014872644766016243,-0.008120938795753633,-0.0018687974646149775,0.24616852134391268,-0.28860639826412354,3.2570757260994134,1.51730695504183
-0.01113209990214884,0.014884507320617269,-0.00809014789227674,-0.0018750460621976682,0.2390695511899794,-0.2994478025761396,3.2368395408367205,1.514659029710374
-0.011136613692675216,0.014869097381817617,-0.008115021446080102,-0.0018943278593091346,0.24670173142328236,-0.30914521213812013,3.2513781976410283,1.5378755955374015
-0.011147446077141592,0.014880914255935893,-0.008084228887913892,-0.001900469262226154,0.23838455522621618,-0.31984513554017874,3.2311656843254757,1.535031862430843
-0.01115190756865576,0.014865501922029584,-0.00810902529407066,-0.0019198337764480356,0.24706050293718915,-0.32962014016559293,3.2455767307125107,1.5584379027210555
-0.01116277293832898,0.014877251910009014,-0.008078272651667787,-0.0019258808155005515,0.23783856476838403,-0.3402115108735089,3.22539086293625,1.5554123134311106
-0.01116719007004694,0.014861858424551644,-0.008102953398457135,-0.0019453023811495794,0.2467284933328422,-0.35003240832059673,3.2396825974928185,1.578923502790816
-0.011178084957121635,0.014873543660876606,-0.00807223500477945,-0.0019512692129199337,0.23754343200002107,-0.36053709934120487,3.219494797139777,1.5757725380392726
-0.011182461035313321,0.014858166927964265,-0.008096806531993139,-0.0019707307254053052,0.24532052163824816,-0.3704046512126206,3.2336800396563965,1.5992873810517196
-0.010677206147452758,0.01498285505720929,-0.008200192628781388,-0.0011144540382943598,0.2520336498429884,0.3059208387344213,3.329514327355913,0.8991607157255946
-0.010739675592277351,0.014973414722702904,-0.008186607666943709,-0.001217551051422674,0.25016756419824576,0.22198293076089667,3.3210499534520745,0.9828445160504572
-0.010724113928290202,0.014975774049195667,-0.00819024616976853,-0.0011918977587686936,0.2507747491358057,0.2429177733505087,3.3234393576269885,0.9620282248921104
-0.01070854521148655,0.014978284515061308,-0.008193419653708496,-0.0011661330665253442,0.25125291516440923,0.2637816864039393,3.325434144610863,0.9411046135914756
-0.010692902923571434,0.014980667552825669,-0.008196694634691538,-0.001140298545185641,0.25164017797061305,0.28477815512558896,3.327430398359193,0.9201335966607749
-0.01074961337774888,0.01498668680294874,-0.00815589812520792,-0.0012260108295250522,0.24604107560857313,0.20410320369365956,3.2999562632445696,0.9866752433516952
-0.01040789322055687,0.01498333453830101,-0.00830541641623783,-6.797870977276766E-4,0.2687416759642877,0.6842494818424202,3.3856418595920577,0.5525859447138607
-0.010401222912393582,0.01499786038505945,-0.008278142454221973,-6.64525769893407E-4,0.2621756691120847,0.6897112974255033,3.3670607870995064,0.5336591891623551
-0.010454833402758998,0.014979269682969046,-0.008298637866673739,-7.580662238376943E-4,0.26956552106812987,0.6197206410663908,3.3852740487901194,0.6163426907737507
-0.010463959034326757,0.014992377911368088,-0.008269241793376488,-7.684530097083492E-4,0.2598571973938053,0.6040120416676967,3.366602020916233,0.6181752573626599
-0.010423544090142324,0.014982028743765486,-0.008303237866195747,-7.058976616285837E-4,0.26954986516899965,0.662689216442664,3.3856206909543496,0.57384573700367
-0.010416929662225802,0.014996606799255222,-0.008275952988895508,-6.90529486962947E-4,0.261549021083284,0.6682669441670114,3.3670834838828685,0.5547376478493012
-0.010439190866250392,0.0149806737880534,-0.008300977622551397,-7.319989977798627E-4,0.2702188452658235,0.6411799486915113,3.3854978144627665,0.5951344932424344
-0.010432625591946187,0.014995265479526216,-0.00827375637981635,-7.16526167099845E-4,0.26071645821950457,0.6468320003489344,3.367023831195573,0.5758526199293644
-0.010448300172278054,0.014993843004718213,-0.008271544058728418,-7.425015935502512E-4,0.26014373418751585,0.6254139881270873,3.366880106382872,0.597011232555472
-0.010488805811136597,0.015004250491460293,-0.008237568861406334,-8.046260551190612E-4,0.2578796537485553,0.5608353655538517,3.346175409024697,0.6476965936095077
-0.010473133875563994,0.015005748484066888,-0.008240062854363767,-7.788291962422746E-4,0.2584644560408012,0.5820668221964828,3.3467029007420233,0.6267591683267913
-0.010504504350105156,0.01500283007934927,-0.008234734353018802,-8.30417780414718E-4,0.25728151242632485,0.5394945227734861,3.3453466945877577,0.6686320473802824
-0.01052024118427941,0.01500150220950138,-0.008231526288154566,-8.562121908150395E-4,0.2567526485094826,0.5180326034923417,3.344195331646723,0.6895613202139507
-0.010551936446922159,0.01499839344895715,-0.008225370309242775,-9.082546722995847E-4,0.25604171029763984,0.47502275983159586,3.3418895834006896,0.7317842764359853
-0.0105360582699486,0.015000082572118706,-0.008228288058644508,-8.821435920429926E-4,0.25636135329888304,0.4965028400613924,3.3429623909521466,0.7105964928333729
-0.0106713756578874,0.014999001535367698,-0.008171853474538098,-0.001097489389445697,0.2481657725923108,0.30822799074002954,3.309881875225033,0.8823685564197429
-0.010614581038664373,0.01499047820575212,-0.008214492971946081,-0.0010116126076844454,0.25404646670072384,0.3906784712656759,3.337423928535396,0.8157099928805541
-0.010599050482638374,0.014992390898227787,-0.008217554517031206,-9.860360965096365E-4,0.25465883047678134,0.41165517498935084,3.338886335732497,0.7949438551487821
-0.01058347415693487,0.014994409774870479,-0.008220252410699888,-9.603216495913726E-4,0.25521981870860033,0.43261855923290155,3.340027244455223,0.7740600056862587
-0.010567770486589837,0.01499645359582672,-0.008222774959202685,-9.343781508529475E-4,0.25568052699304933,0.45371639692974036,3.340971282519138,0.7529924802548661
-0.010655560648975016,0.01500088236706322,-0.008175706612251718,-0.0010717408141155077,0.24870319574532776,0.329463100484573,3.3121269089110608,0.8615454700438488
-0.010624206979924269,0.01500405448972248,-0.008183891009364183,-0.001020858067154121,0.2498702812642708,0.3717781419967983,3.3167527792241,0.8204505277833748
-0.010639800652407562,0.01500254536921144,-0.008179775742260453,-0.0010461496781434749,0.2492785390706114,0.35070431847955735,3.3144551971896843,0.8408731358121723
-0.01039454702346046,0.015012641722694578,-0.008251083172236667,-6.494411331957607E-4,0.26075174475651525,0.6884202626230942,3.3473039843456305,0.5218507034095193
-0.010387914020379826,0.015027627383772413,-0.008223382811618078,-6.344925036980664E-4,0.256938084462554,0.6890324655346004,3.327744320488479,0.507437581127261
-0.010356260605306368,0.015030726233631797,-0.00822570851102364,-5.825241829119638E-4,0.25761497831264507,0.7310812141937113,3.326035213987424,0.46529747678488437
-0.010372172571508666,0.015029216445831243,-0.008224536583878546,-6.08638069627428E-4,0.2572636653980818,0.7099384711546604,3.3269252096847954,0.48646201252467774
0.014999901308554829,-0.010031415039578105,5.239115535759129E-5,0.008333025135727017,0.31317018956389836,-0.03858157829631757,-3.3153957743462446,1.266977776727713
0.015013875296187177,-0.010023633031512902,3.917834966747107E-5,0.008304628356737771,0.3065077760771458,-0.03290594018274239,-3.2992196633238025,1.2473483048300844
0.014999975326556125,-0.010015707763366568,2.6203783610676296E-5,0.008333148528083178,0.3130132960657846,-0.0177748030011869,-3.3194937043835533,1.2460688496246255
0.015013952105880801,-0.010007882956670192,1.3092929259023633E-5,0.008304652514836197,0.30584346552206104,-0.012191066194488955,-3.303225072542754,1.2265827706972592
0.015,-0.01,4.328425559844233E-9,0.008333189727196209,0.3133806199255096,0.0031475617801488324,-3.323472311911374,1.2251363258131578
0.014999975326556125,-0.009984292236633437,-2.6191736167114488E-5,0.008333148641505948,0.31363083621089893,0.02413161485919259,-3.3273364912225687,1.2042083519750464
0.015013952334438084,-0.009992123477990387,-1.3007359170844648E-5,0.008304646672558522,0.30515193839892657,0.00857645240837686,-3.307146141177451,1.2057931134241249
0.014999901308554829,-0.009968584960421896,-5.237622815434893E-5,0.008333025285065248,0.31344238009614245,0.04511916268136119,-3.331088351894231,1.1832935966407887
0.015013881732562982,-0.009976362248826474,-3.911207474856428E-5,0.008304599659588201,0.3045622026602834,0.02939816405404574,-3.310972208329757,1.1849814063548116
0.01498579859872546,-0.009623420217022647,-6.276309512177088E-4,0.008309520720769323,0.3036380484573755,0.5100837053829775,-3.3825157382607194,0.7198722597884242
0.014999068767324866,-0.009614493509971928,-6.384777333857629E-4,0.008279995885574126,0.29540552110828977,0.5134089349414769,-3.364653821191206,0.7027799017981228
0.014986956843082835,-0.009639082495257915,-6.015502567001379E-4,0.008311449512503876,0.3050313132121956,0.48884561798097387,-3.3814495594519633,0.7409450001558522
0.01500026080802791,-0.009630147812418695,-6.125430420631256E-4,0.008281944143465949,0.2955073101681041,0.4922424489065392,-3.36366251978161,0.7237778920739832
0.014992009811233265,-0.009717443732062379,-4.708839545345531E-4,0.008319875223090594,0.3040504356134656,0.3821646786784771,-3.374428335245381,0.8466236044871108
0.014992872690959788,-0.009733124950832917,-4.447745369059459E-4,0.008321311911871956,0.3058237266439063,0.3610611174361488,-3.3726544750164806,0.8677450064421725
0.015006386853612913,-0.009724432412774599,-4.563749382310791E-4,0.008291980146698796,0.29812182496887907,0.3653151068980436,-3.3550972320070045,0.8500011007778054
0.014988065883184873,-0.009654748287466776,-5.754544974079499E-4,0.008313296971211144,0.3059472000275354,0.4675430600073271,-3.380260829277097,0.7619956083299712
0.015001433941793046,-0.009645804109341991,-5.865965452689941E-4,0.00828375298236149,0.29557969541462176,0.47105056602197753,-3.362508549407845,0.7447801087239198
0.014989125709257183,-0.009670417450053835,-5.49326531501417E-4,0.008315064188160677,0.30567747987585964,0.4461447702385349,-3.378960973468685,0.7830779211547853
0.015002579271039656,-0.00966149119470172,-5.605980936884595E-4,0.00828544653555381,0.29589353155793896,0.44983328842946285,-3.361207414310661,0.7658123204362713
0.014990136311907444,-0.009686089839949744,-5.231690559800496E-4,0.008316750879409076,0.3043300788352648,0.42470883097444895,-3.3775600484218367,0.8042308391081515
0.015003662545131614,-0.009677219739177302,-5.345404524724665E-4,0.008287092270682873,0.2965555495472796,0.42862879133976944,-3.3597992076464673,0.7868751703158218
0.014991097682117146,-0.009701765314618097,-4.970118253131019E-4,0.00831835512397329,0.30330833513486627,0.4033584496993143,-3.37605558683842,0.8254356808044604
0.015004648126943848,-0.009692972744018709,-5.084571379841857E-4,0.008288753928530805,0.2973853143225424,0.4074806158526691,-3.358324817374316,0.8079472434189122
0.01500554016210368,-0.009708716426737136,-4.8239650743768595E-4,0.008290415414309138,0.29795829779130484,0.3863920553484144,-3.356776419604681,0.8289948028779862
0.015008794808100646,-0.009558378117421922,-7.268350405191662E-4,0.008243897628544267,0.2936220548568824,0.5871843705402414,-3.3473335707468617,0.6165992239145154
0.015010090545547692,-0.009574121928650264,-7.009458628518934E-4,0.008246294063553984,0.293990756462219,0.5660566822337133,-3.3469135871973372,0.6376190114569469
0.01501266399400142,-0.009605518399826303,-6.492703882091077E-4,0.008250552028557246,0.2946438697742682,0.5239446764912604,-3.345525153935855,0.6794156271400794
0.015011412899386345,-0.009589834457830964,-6.750818068340706E-4,0.008248446762079269,0.29433114236240926,0.5449703703762854,-3.3462659344868406,0.6585346489819014
0.014964159867634602,-0.009108689517642517,-0.0014568589306983239,0.008114310304730062,0.28574553436943684,1.1837795190700013,-3.288692144672702,0.012775710217571649
0.014966973417205938,-0.009124297278211173,-0.0014313303758716849,0.008118817497948252,0.28572668314045696,1.162819177650661,-3.2916689025860393,0.03336119850059518
0.0149698141445559,-0.00913988430177475,-0.0014057869393262238,0.008123079030425905,0.28572939442777917,1.1418344208437805,-3.294407685080351,0.05390160262380484
0.014974629980159799,-0.009082054484229423,-0.001490325010010252,0.008077073342737178,0.2832601888324087,1.2096669150288155,-3.262794704383309,-0.026712169869358756
0.014977686386836997,-0.009097547406470051,-0.001465035314433439,0.00808130007029915,0.2831640688782073,1.1889484470671794,-3.265704737202008,-0.006532208720192928
0.014972733001152679,-0.009155574998236824,-0.001380008388738792,0.008127072298476855,0.28570002356074337,1.120648857710948,-3.2968900447579688,0.07454195811252713
0.014984291599776151,-0.009234788999626577,-0.0012512677473623147,0.008150600559612422,0.286271333160485,1.0151315928530886,-3.310748607447391,0.17966140351106066
0.014975500109650493,-0.00917147542052509,-0.0013539735355793568,0.008131299752321826,0.28572814709686917,1.099272136862169,-3.299464299318565,0.09550362702498628
0.014977980254630234,-0.009187434116935721,-0.0013279888132514564,0.008135928668790647,0.28581051691746967,1.0779643634231666,-3.3022474998586833,0.11663054142501551
0.014982360490054364,-0.009219118520001632,-0.0012766056628550325,0.008145620336804304,0.2860844055233626,1.0358733489592533,-3.30791681854117,0.15874759990940765
0.01498027343684608,-0.009203314828396241,-0.0013021977513865497,0.008140688264204228,0.2859279876671861,1.0568297945144371,-3.305055163037643,0.1377072851509686
0.014991192392828727,-0.009281558530030355,-0.001174830781221707,0.008162186552040042,0.286595659235588,0.9524273139768517,-3.316526685312716,0.24156338347869502
0.014988743086051227,-0.009265906271060184,-0.001200512551112124,0.008158760834313048,0.2865003356824853,0.9735088628771251,-3.3149713406895818,0.22092348479550802
0.01498620961062875,-0.009250372742939534,-0.0012260324645790167,0.008155381397370758,0.28644633428943483,0.9944690194899127,-3.313377652745848,0.20045674037611214
0.01499942543924424,-0.009240423201872518,-0.0012342713327777612,0.008124355772006922,0.2838326102969822,1.0000888068479883,-3.292293611770582,0.18137192178519604
0.015006098076613463,-0.00952670679222923,-7.788860813709805E-4,0.008238707976921451,0.29315382173933996,0.629685994483553,-3.3477204249382306,0.5742789348490415
0.015007514729182195,-0.009542566287219285,-7.528090387312838E-4,0.008241266623447504,0.2933343352953374,0.6083930081577834,-3.347533630081226,0.5954409253774547
0.014999471457439526,-0.009463796719546596,-8.825205153699681E-4,0.008228735381195734,0.29204197636225576,0.714409802817451,-3.3479189115317305,0.49060079447586785
0.015001093877408556,-0.009479444187917954,-8.567794971014011E-4,0.008231538600021964,0.2923623141332961,0.693342646923344,-3.34819119402095,0.5114889696966044
0.015004485253227855,-0.009510874366005439,-8.049713423845358E-4,0.008236363624322908,0.2929679401707796,0.6509889522864905,-3.34798472840427,0.553247551531367
0.015002782251882061,-0.009495120104627811,-8.309488129524958E-4,0.008234042274222144,0.2926933005670987,0.672216659427579,-3.348188452361583,0.532340154514859
0.015013150406723005,-0.009454221865945342,-8.924605710188205E-4,0.008197946902895138,0.28857505418496604,0.7211609420660768,-3.327914723602277,0.47001871938613365
0.015007547221678607,-0.00940716748868226,-9.69505975333909E-4,0.00818961802705836,0.2879466903930427,0.7841851980489417,-3.3265754728235506,0.4078876220352963
0.015009727952562156,-0.009422715481348,-9.439295958559407E-4,0.008191901280066501,0.2880793152095777,0.763230651169328,-3.3267599384633324,0.42827731172878486
0.015011725489471458,-0.009438435573119816,-9.181419559999874E-4,0.008194436671784098,0.2882647520275264,0.7421320480337252,-3.3270402977635958,0.4489600897350452
0.015006904541804415,-0.009287259812050601,-0.001157880145822331,0.008134551242957611,0.2840690766844222,0.9374746693120927,-3.2970987414328543,0.24262107317022616
0.015020906387932553,-0.009397524863506293,-9.789774367515295E-4,0.008159249385080183,0.28526690612668687,0.7911707761396068,-3.3065538736599396,0.3876115872217781
0.015019908675705964,-0.009382101832474518,-0.0010036455553401812,0.008154447380734495,0.28492126945130475,0.8112832553141559,-3.3045071217771302,0.3669207237470948
0.01500935931783672,-0.009303253670386705,-0.001131799854299408,0.008137856464011344,0.28415265820975316,0.9161154217840176,-3.2984836873574914,0.26352472582356296
0.01501066423155741,-0.009319219159111145,-0.001106305271569091,0.008143198121427463,0.2844537246078515,0.8953162364764474,-3.3011988100802223,0.28487561278630014
0.015013080380638609,-0.009334891676828435,-0.001080692624212372,0.008146054359430915,0.28455477158437154,0.8743267362829462,-3.3021580321813566,0.3053264785282997
0.015018485638050293,-0.009366229369606268,-0.0010291700310987948,0.008150103582368886,0.2846421817017854,0.832110461471448,-3.3027413932981022,0.3458219406645417
0.015016161334057615,-0.009350436005598711,-0.0010549540219144768,0.008147373994964562,0.2845351527801569,0.8532068778760923,-3.302006911533844,0.32524677307171374
0.01424923069473869,0.014974036097610851,0.004416835521252389,-0.0037632805162148507,0.08490901417930391,-1.7060748845253926,-0.5001291880239339,2.138150955771042
0.014257453934587336,0.014803359208396354,0.004466910493903871,-0.00395206820571814,0.09347749979360052,-1.7788782125577822,-0.4586271218539945,2.2462679900856184
0.014341591296815058,0.014671206109507305,0.0044109144366303666,-0.004095504004963483,0.09963222887097069,-1.818632941954214,-0.37547695505670703,2.297333540374059
0.014421535906992534,0.01454073530259629,0.004351171487443001,-0.004235391142141357,0.10574065885181719,-1.853398012725373,-0.28958916465312673,2.344332512897022
0.014564229976639725,0.014485457561870486,0.004197056596003789,-0.004271853140680418,0.10398251353752545,-1.8328531492720217,-0.1914212030888908,2.3059421511283733
0.014572486037721322,0.014332374845201636,0.004211850477087002,-0.004448148145786607,0.11317393943690772,-1.8895917603007046,-0.13061560846002973,2.393877006064914
0.014663867742006882,0.01419768521671913,0.004118342224188969,-0.004581220228915436,0.11745646850704507,-1.9064145542352566,-0.027608437740328663,2.418233609689872
0.014734539674932474,0.014020343418707254,0.004041374164579278,-0.0047681734063014436,0.12730547414958507,-1.9392743676428934,0.08993614532645954,2.472000094495885
0.014934908173028743,0.013751553448301396,0.003788331838946169,-0.004997669372404537,0.1344574718424962,-1.9228910493162097,0.318761438976587,2.459371969430945
0.014910738460299822,0.01395349576895405,0.0038327701506377337,-0.004773458157373058,0.12358041118208295,-1.8810953996161521,0.20151888164782658,2.384009914679592
0.015007033028569814,0.013572994272107036,0.0036760842839993614,-0.005168149720448716,0.1423759177860596,-1.9262790498843658,0.44945797281713334,2.4793119251829996
0.01506310521149995,0.013405092501983185,0.0035723015107884215,-0.005329927421121278,0.15020538384556248,-1.9253987640396029,0.5732452784239569,2.496219647837141
0.015100240884846253,0.013228798692041483,0.00347619224043209,-0.005510067223227755,0.15901349283549823,-1.9271312405770364,0.7011478187901145,2.522167011261764
0.015153083769419623,0.013082358000812599,0.00336110655341908,-0.005639219646497959,0.16492892460012323,-1.9065368422853786,0.8157872300766494,2.51326941261808
0.015220058667010428,0.012977150570117273,0.0032404210010589726,-0.005703927772814199,0.16626031358403084,-1.8681396142605309,0.9030266930899616,2.472197190539901
0.015266668375602274,0.012853099568550136,0.003130280480880161,-0.005801162407837879,0.16953536732726107,-1.8370469732971328,0.9999420877557174,2.448377558925561
0.015338989477198655,0.012732141028084195,0.0029888465792880085,-0.0058655658097447804,0.17037954982788442,-1.7827110801340103,1.0951353900445726,2.389992136882354
0.015362931518811868,0.012596518268154479,0.002885497651332783,-0.005985104716009036,0.1767497938322549,-1.7530165111032672,1.1973405978749254,2.375606939416239
0.015345506664326294,0.01234297618574828,0.0027360466403130715,-0.00626425905129973,0.19227069799114593,-1.7187835803615086,1.3965098266816371,2.3936326602096663
0.015341883335799717,0.012472298695018999,0.002828881677670086,-0.006135478590645659,0.1854751242247257,-1.7474331410874215,1.2941000134111056,2.4005281929889293
0.015460864734466576,0.011596107687317623,0.0019818569782698546,-0.006798540449556431,0.21269995953142337,-1.350726496056063,1.957533641446744,2.0918365944676443
0.015456988211587917,0.01172559386282763,0.002112499365588447,-0.006699845180524217,0.20840354962789984,-1.4206653686381818,1.8604298219314204,2.145417362064847
0.015490798531547497,0.011666557172382614,0.002028177794114576,-0.006702082369471278,0.20617785383581005,-1.3700488066674907,1.8914034608116925,2.086617444577101
0.015473708355766433,0.011805177166357352,0.0021733835636382863,-0.006611488106859236,0.20360046296963494,-1.4481217500524879,1.793011638435461,2.15302132972085
0.015449530783672383,0.012284867647256056,0.002591313600366365,-0.006206135117483803,0.18430716451551546,-1.6346312745362581,1.4290529187781884,2.276135603470916
0.015409449339792531,0.011974838494785431,0.0023818391331987495,-0.0065446787870600395,0.20430169974103013,-1.5613198708659595,1.680620049847215,2.2704493478254686
0.015461859638967117,0.011891468534742199,0.002261858773237243,-0.0065529057107064975,0.20091720822567205,-1.4938178021057789,1.730243300787737,2.191529831945729
0.015460981184570316,0.012183783119904331,0.002504777443474195,-0.006289180426542613,0.1885725751751538,-1.598911832148205,1.504873776661938,2.2517534845312848
0.01543986079881356,0.01211435207923192,0.002470234819430706,-0.006378806682532867,0.19358947809668584,-1.5914167174475318,1.5626194445870702,2.264390628048268
0.015458092689575724,0.012053056212475707,0.0024036265715537933,-0.006413513006894783,0.19440075627839754,-1.5591202488175246,1.6058109819444026,2.2335141221637036
0.01549377077298938,0.010815831922319507,0.0010730228963144771,-0.0072320283469801076,0.2256618227854823,-0.7781604385513501,2.4579067692640386,1.5881830244387865
0.015517739735677145,0.01087303311868713,0.0011328038569245833,-0.007167871026571058,0.22130951652894895,-0.8168994585886774,2.407670304024895,1.6083311358989878
0.015480252614141016,0.01067693452577555,9.026135036401591E-4,-0.007310246832821076,0.22852629562612817,-0.6606215835455522,2.5414557052987092,1.4888978862330615
0.015507742655060082,0.010749352709578242,9.839843182554596E-4,-0.007237264937233459,0.22396014895459326,-0.7154757669513412,2.482029313058965,1.5222666095345954
0.01551053510420953,0.01061668327740187,8.147555531525333E-4,-0.007281368716630185,0.22412696427377057,-0.5962431420402038,2.5445387551910645,1.410273690531428
0.015490856398687206,0.01050185166681452,6.720491318750007E-4,-0.007348965725476092,0.2269425998805437,-0.494975844698964,2.6120253832874702,1.3271858006652784
0.015538767136413181,0.010553594979222196,7.252991914229478E-4,-0.007254621470349915,0.22004854112369762,-0.5305480225723843,2.548148752210164,1.3315906384920184
0.015514071638835105,0.010440361154786443,5.85728692360547E-4,-0.007325799158062342,0.22336076247269707,-0.4309763810016421,2.6154825019602224,1.2521037117544305
0.015507186705797857,0.010322717457397303,4.3243076708446553E-4,-0.007361613480127273,0.22412617389200537,-0.31873960678409424,2.6633114545210916,1.1483917158598977
0.015519098632925143,0.01037987396524437,5.054775720216812E-4,-0.007330744868106163,0.2223354078497289,-0.3721037860891548,2.6328979003958115,1.1925847675913548
0.015530445670828777,0.01153660227338246,0.0018690914658497733,-0.00674713462842825,0.20577993149379872,-1.2759796739800857,1.9690542180105985,1.9903282102208573
0.015507966494600792,0.011470051133413376,0.001817302813108389,-0.006827016886607562,0.2105763075285271,-1.2500821094531966,2.027741262625236,1.9841236525059553
0.015483841630001048,0.011339598854881982,0.0016947365831337224,-0.00695296581348563,0.21764912797600616,-1.181577044620315,2.133552580169988,1.944071139670607
0.015523545093232147,0.011412348189521885,0.0017458960920583104,-0.006845512617322622,0.21058063881329772,-1.2061885767453815,2.060502981313811,1.9393690861344108
0.015501069766828123,0.011120023404393997,0.001435986604477679,-0.007065276397820863,0.22038532420827708,-1.0186101160973522,2.2709284328817403,1.7965036092601014
0.015539361382783957,0.01105757602074769,0.0013420187571603762,-0.0070415246035277984,0.21612989600935414,-0.9534327856429584,2.284429208221329,1.7166992222447723
0.01555855520749126,0.011274366060965938,0.001574734344615188,-0.006885944964878216,0.2092243758631974,-1.0985049722336944,2.134658750678355,1.8294253874976594
0.015532268344248153,0.011190656347884664,0.0014982581385690969,-0.006976294973849645,0.21467085176390524,-1.0543236313127038,2.2053128026574917,1.8079782899975088
0.015551642981083812,0.010938991393319986,0.001196263095221274,-0.007083323527044509,0.21625617988926685,-0.8563751095022826,2.345485148521872,1.6234809767332912
0.015567142490250842,0.01100096847647005,0.001261568364921885,-0.007028594436229438,0.2130105741833362,-0.897965488870968,2.298984823444388,1.6515268362486144
0.015372857465039197,0.009559453005648845,-6.174813718165152E-4,-0.00756175030582133,0.23180647254484163,0.48555585312802757,2.9007900322478224,0.4257181400917835
0.015402692319829527,0.00971550478155738,-3.948950645077201E-4,-0.007544097474073475,0.23075855943421453,0.3111664153417371,2.874496605930087,0.5864302730002469
0.015438367999002828,0.009822984760576496,-2.416590468227883E-4,-0.007496986499268394,0.22761387250204118,0.19188364279026596,2.832444720880894,0.684873401654528
0.01542660347328712,0.009760761110180061,-3.2862763029760725E-4,-0.0075094882700691935,0.2284854995521818,0.2592695589801211,2.8478479919953403,0.623729683834653
0.015420887433497586,0.009664147584867935,-4.620679865981886E-4,-0.0075024168070142476,0.2271927665795808,0.3632202004628064,2.854079136933826,0.5205351739817375
0.015416447731367022,0.00960360877325878,-5.457203195410276E-4,-0.0074966880709434035,0.2267721117296096,0.42829668177192654,2.8563063468503818,0.45592810935025746
0.015488748129931527,0.010127288168849917,1.737026200709597E-4,-0.007416435006513296,0.2245883114357087,-0.12586965899512148,2.7352610580599115,0.9712273391064912
0.015514900833569323,0.01017363449886772,2.3364854471826643E-4,-0.007368147049043571,0.22137179509040614,-0.17023776200254634,2.69848733709995,0.998825639336863
0.015546312462500282,0.010226259916343919,2.998626582897805E-4,-0.007309643978289935,0.21763799599087338,-0.21908188008773513,2.6546703057570586,1.0277748077249436
0.015544583549530984,0.010285561433071822,3.775950283257344E-4,-0.0073046026960597145,0.2180983393860348,-0.2764215576483518,2.6396646949708797,1.0847957981064793
0.015523520313453297,0.010087992782425793,1.1935029525882413E-4,-0.007359120754368275,0.21924382843900875,-0.08383683717271885,2.7093037438798038,0.908436889472527
0.015486319164165506,0.009929856285526052,-9.249739855233514E-5,-0.007422296489124277,0.22258996114917026,0.07696821656207097,2.772368720680568,0.7705813558844817
0.015513299966868638,0.009882062194518749,-1.5486065729662622E-4,-0.007373139699033514,0.21780068156461016,0.12471886965938447,2.749861990870529,0.7058278627219681
0.015519129003548238,0.010041031862882908,5.7063585616713155E-5,-0.0073679279994359565,0.21913859213862644,-0.03680545367546318,2.72252455028077,0.864280883829556
0.015510689371887102,0.009983406221528365,-1.9818706300649832E-5,-0.007382260223531701,0.21965208064315714,0.021413025121589047,2.740343589571719,0.8111903794479819
0.01550222878797131,0.009828798938711965,-2.2691238147422524E-4,-0.007387287463392085,0.21884465524173424,0.17994064788181574,2.7653608527258773,0.6565209629140262
0.014949366202652076,0.00792777408028838,-0.0029348315718094793,-0.007016850949510514,0.2755889668425105,2.2567538763344146,2.384136018762821,-1.3023138767863207
0.014989365954624734,0.007948113331490817,-0.0028695831988047957,-0.006986205928720194,0.26928732534715943,2.2007032640854867,2.3738822553529597,-1.2680332439855349
0.014987630797712226,0.007999987756455862,-0.0028228954789612996,-0.007047908253667697,0.2693015512432606,2.1753678147076574,2.425626157343554,-1.2284066438075723
0.015023822729987354,0.00796639184362266,-0.00281348837018541,-0.006960288686701966,0.264477545683075,2.1531749316706095,2.3653635689234807,-1.2384998911156009
0.015058403648423405,0.008136495467084743,-0.002611144997394748,-0.007098158714599783,0.25832814793704945,2.019127136167144,2.494553744706718,-1.0872472046796011
0.015098240480030754,0.008153063506346312,-0.0025527098856348977,-0.007058508438599805,0.25304507930168885,1.96785853831652,2.4757377745824467,-1.0586227190229303
0.015016556790613162,0.008054988097920842,-0.0027373939425639616,-0.00706921521319956,0.2646632050971856,2.1127613521057245,2.4546725919923804,-1.171817782792987
0.015054235505047054,0.008090580715241087,-0.0026613164712951287,-0.007055007984787349,0.25910857672318366,2.0515093309669505,2.45675783442139,-1.1272674162363687
0.015325704431275296,0.009153856605607205,-0.001185839483247253,-0.0074849786286744135,0.23085531139983848,0.9325175271919798,2.8672921553175104,-0.018806162870056837
0.015343927562501395,0.009107722131199524,-0.0012366915118034092,-0.0074299835200957705,0.22701673877906145,0.9701626698092338,2.8316508542738092,-0.07307133989015323
0.015349844720855123,0.009018715899928705,-0.001347630670026234,-0.007370904971097221,0.22516707458753168,1.0546853009757777,2.7913990356015366,-0.17082371337604005
0.015383112536139163,0.00907114287977944,-0.0012626778239332238,-0.007344819480872586,0.2216737687189592,0.9863357719820306,2.7765003810472773,-0.1184867628024855
0.015405174002972618,0.009392025137002762,-8.346776819534062E-4,-0.007452396616041287,0.22417522254023445,0.6539771926053842,2.8422543996433975,0.22614209756701786
0.015337686581081204,0.00927345473493967,-0.0010206855083784141,-0.007521222892170666,0.23125701130528456,0.8030247901754882,2.8897182420883243,0.11323912213855294
0.015390055026741963,0.009349644282429228,-8.968677872747558E-4,-0.007462478138525414,0.22529235027412556,0.7030992919222281,2.850212166164479,0.18394617318909778
0.015376359495941069,0.009303886154461701,-9.63353149737128E-4,-0.007467571186622985,0.22660858252520438,0.7557763927791875,2.854841531679393,0.1370051079313902
0.015355287228685566,0.009207985458302476,-0.0010998537445000552,-0.007460979702328173,0.22737459457474188,0.8632422469454344,2.8520332256158154,0.03549152623723683
0.015384135672926284,0.009497883608495072,-6.98801870746453E-4,-0.007524203104646047,0.2291052571141014,0.5489597445280835,2.8816438978716308,0.351409794518537
0.015424382413496873,0.009439311140715032,-7.649600690894563E-4,-0.007435844542102512,0.2225880716241834,0.5987785511132245,2.829647807101484,0.27187477381482644
0.015448991755199523,0.00939668480937485,-8.128490949212893E-4,-0.0073792919589061885,0.21848771505208586,0.6348664063035547,2.796181130554559,0.21761252527280228
0.015118898387113045,0.008193628478412816,-0.0024905207872902347,-0.007070462982383231,0.24982412631983628,1.9213167264303512,2.493040553782438,-1.0169196415139778
0.015148396906806081,0.008237332390653619,-0.0024162226708467874,-0.007071469900627499,0.24585750700883455,1.8640045158747789,2.504018101301171,-0.9696253635169277
0.01516147096267405,0.008284876340565003,-0.0023540084537005687,-0.007098678978655046,0.2443485073548874,1.8195810806814765,2.5308223481515846,-0.9240799732662908
0.015218680807107993,0.00846230611242281,-0.002109466915825461,-0.00717601775389885,0.23695439659442777,1.6382018115147006,2.612036011805723,-0.7468932552340554
0.015224992741443172,0.00850185136363996,-0.002059735827946936,-0.007200511826044448,0.2363323237377289,1.6018292544492063,2.6337077665654767,-0.7078267807488896
0.015252711940596117,0.00853233828697692,-0.0020019714445754008,-0.007183526523880285,0.23298424854113506,1.5547973481470683,2.6279474725794025,-0.6737188948649897
0.01517708514735933,0.008371696547311997,-0.0022465442131914125,-0.007157508146561061,0.2424543839182939,1.7430060979327429,2.5842064412371877,-0.8411087430576877
0.015203503197968505,0.008417923385271682,-0.00217195734169601,-0.00715980798994275,0.23886546775715942,1.685196825303101,2.5942972887302953,-0.7919330340712819
0.01519960832298331,0.008315809807688741,-0.0022853294970980463,-0.007072010043991543,0.23922430012991056,1.7628251672470456,2.5214692058368637,-0.8858679870075484
0.015258961248614268,0.008624673642709838,-0.0018909129053571643,-0.007248721191387526,0.23257134144764466,1.4737507712836637,2.681544945246771,-0.5821023710822605
0.015286449839941351,0.008574345008984283,-0.0019269103294604977,-0.007165826023836885,0.2289341373818445,1.4944342133633477,2.623182049755055,-0.6281158389711883
0.01529834694151809,0.008829363218814768,-0.0016165403483651634,-0.007336545900724114,0.22977289539060416,1.2651673789658824,2.7584629857620064,-0.3699156637945991
0.015324287052374671,0.008869196814330198,-0.0015501781412472217,-0.007320953734706054,0.22642725800584818,1.211560717472256,2.751621807762095,-0.3282323725160899
0.015285512482436458,0.008672331167051362,-0.0018145486814255317,-0.007243785435939021,0.2295193022349434,1.4133379936533943,2.6843470307690254,-0.531691412419269
0.015297763114130492,0.008731207060968535,-0.0017357202118909209,-0.007268157427460376,0.2284911026055276,1.3536520777299736,2.7060849442318147,-0.47144920323469786
0.0153163384162532,0.008783674255789655,-0.0016596514240938547,-0.0072758582024364474,0.2267752765725973,1.2946484381512575,2.7159773391789974,-0.4171594706044429
0.015364137881183954,0.008912075764161875,-0.001472048044419867,-0.007283530342098734,0.2223419376326748,1.1476186050977242,2.730694459551397,-0.2847514530197061
0.015388740430650581,0.00897061911574588,-0.0013851689349865853,-0.00727895279878566,0.2198168742338575,1.0791642701255215,2.731039748977558,-0.22521852923932703
0.014887389573386109,0.007852220556228393,-0.0030778354242113645,-0.007009389337208102,0.2858056302483835,2.366051153584309,2.3526248021298923,-1.3896183894016685
0.014912466711014889,0.007878478357287211,-0.0030237407309225734,-0.007007888124380605,0.2813497248242344,2.323957819404076,2.3616377298166538,-1.3574712516394003
0.01494907695233507,0.007887572744662372,-0.002971776873836967,-0.006969794795821465,0.2759576046218383,2.2764497489093007,2.343936218239722,-1.3325276469875893
0.014895984287037908,0.0078110012105971904,-0.0031034789634242065,-0.006947398549294972,0.28475308018271894,2.373472899201492,2.3031257419025466,-1.4146831626700376
0.014889322371730258,0.007671314818922684,-0.0032272231288103417,-0.006782124216045631,0.2872584052392144,2.4325602223909333,2.1603211571317114,-1.509295510692211
0.014898123467912507,0.007716959101130732,-0.00317969850191115,-0.006828287073119876,0.28529820274570544,2.406737950914986,2.2029524284487993,-1.4761194036507
0.01489901811309216,0.0077639922252060916,-0.0031397842289654873,-0.006885496470634461,0.2847576265209683,2.3885102331112122,2.2517541229509277,-1.445117355689539
0.01475163709719006,0.007471774074224211,-0.003554419286326643,-0.006683387489222252,0.31199621727226284,2.6537580740261615,2.016334727069898,-1.7031218975858258
0.014803687498519544,0.007559287006438844,-0.0034226806215203113,-0.0067405548474497035,0.3023934955744918,2.5698152553732947,2.0876949169851717,-1.6248801969058786
0.014777094572940939,0.007510923231153591,-0.003492860034943215,-0.0067071840779227175,0.3075359322398215,2.6138386865915915,2.047839579933043,-1.6670415656636142
0.014861857624007388,0.007627321702862686,-0.003296185890114613,-0.006759734574410265,0.29224433226538693,2.4792456367966555,2.12972411650041,-1.5512846578769446
0.014857814277380588,0.007567377113337062,-0.0033462879705566037,-0.006687709890953586,0.29334769476897565,2.4997163565890177,2.0678625460861064,-1.5869935863985285
0.014624640755303793,0.007291888411217789,-0.0038461117896010436,-0.006568913624981224,0.33701497096174504,2.838602346666615,1.8606619745061406,-1.8677525521457488
0.014651819474015126,0.007326251016581457,-0.0037869151827897977,-0.0065897999163842345,0.33181276611900856,2.801252121536109,1.890985150301993,-1.83548306012382
0.014651788808444642,0.007237784707748312,-0.0038381258426060326,-0.006464325109646496,0.3326815978919664,2.8007957902899143,1.7879697666847243,-1.867020461695647
0.01468764013935655,0.007347634218966809,-0.003723422857168684,-0.00658224833071053,0.32495424194415873,2.7516870534100026,1.9020058170268654,-1.8017689403128025
0.014720622924504396,0.007388568230147598,-0.0036519200498116686,-0.00660383348588523,0.31847590049454816,2.70502337813651,1.9353884485399406,-1.762168823987807
0.014766393763224106,0.007421009560517302,-0.003568513548150499,-0.006598335327889149,0.3104090818784911,2.6420723231302774,1.9523112476158302,-1.7173102990310445
0.011143170410071306,0.004465460674225414,-0.00740405896199927,-0.0014923992872678375,0.449244437839052,1.5918478234888054,-1.8081596231342012,-1.0319868702893302
0.014390767861004898,0.006935990907051177,-0.004363850376065199,-0.006250596272975623,0.3861055949946915,3.1063574714745568,1.4833175364766724,-2.128502635122247
0.014607994442194247,0.007159934410291351,-0.003942009549813039,-0.006395518816670298,0.3411899839714167,2.854383397929787,1.7109265204911772,-1.921798563449286
0.014584023606025093,0.00712934286821724,-0.003991929914082474,-0.006373713696966576,0.34648241363567384,2.883154003234322,1.6815540613051838,-1.9472226494054792
0.014680867550903726,0.00719014856345354,-0.0038229998784259926,-0.006368950848598727,0.3273861354563399,2.760452739526908,1.725456735760685,-1.8610322280816696
0.014649047435637825,0.007155638454146004,-0.0038856919467637847,-0.006350666150934943,0.3342206748649304,2.7995459105967853,1.6953541493510706,-1.8932737629340015
0.014577743893863876,0.007087102972036511,-0.0040212333663225035,-0.006318164752078856,0.3475910559816264,2.885669078640643,1.6341115975563618,-1.9617687033482731
0.014478461302660235,0.006999085041743657,-0.00420624698635759,-0.006274810479323773,0.3678735072551183,3.002607840479675,1.5489418675208935,-2.0526936701742056
0.014443834054637186,0.006952125162505066,-0.004276851572991546,-0.0062326722081055075,0.3751354453253834,3.0372630097123268,1.497836260616561,-2.085507640937246
0.01455788113457882,0.0070410007515926964,-0.004071042076476838,-0.006268742126398272,0.3517421173820762,2.9040829176143887,1.5852077505857702,-1.9857783281423174
0.014534019430960011,0.006994659768401316,-0.004125728383759361,-0.00622148192788222,0.35653348318348527,2.9259934627753736,1.5362862841543423,-2.0113600189412026
0.014166728972610333,0.0066330847928319815,-0.004794782732219193,-0.005927419058812041,0.43341560270489404,3.2718369787008825,1.1143626804272024,-2.297912769947397
0.014201901532731712,0.0066616481169771095,-0.004733998323153772,-0.005952302244789066,0.4256079681120926,3.2411985248892985,1.1528859165884324,-2.2741734642944933
0.014239009511785925,0.006689980169592877,-0.0046699129612047564,-0.005974428683981944,0.4173303738356436,3.206752484523674,1.1903686564997606,-2.248150476439631
0.014259212685914374,0.006719227225049092,-0.004631943827922865,-0.006007553614090844,0.41335529970971063,3.1950639396096343,1.2259911811672435,-2.2347432791708237
0.014293077125226712,0.006740695336617578,-0.004574027082243974,-0.006018988725961196,0.40598234535517413,3.1597909433234297,1.2536674441401596,-2.2096447761562206
0.014377770252417531,0.006891111995970863,-0.004399472790307355,-0.006191555779863508,0.38893368328562655,3.108593173579505,1.4305112577891268,-2.142298825254761
0.014325855024281993,0.006814570747384234,-0.00450357895388348,-0.006111409832567148,0.3996546220953498,3.1495195711868735,1.3409182926577703,-2.1855791191064227
0.014355155132260692,0.006850078738434871,-0.004447577915984847,-0.006145240794177901,0.3933751161478752,3.123993866583575,1.3827045573522254,-2.161967298982788
0.014338991795125563,0.006765507820178626,-0.004496785345250241,-0.006026424685475367,0.3961702544068117,3.1095456692208736,1.2848917652926828,-2.1750147211834183
0.014039135308293748,0.006513469215829189,-0.005013575416230148,-0.005801196185569899,0.4611279404975615,3.361427994826537,0.9483783514841208,-2.3733160760110796
0.01407559591626186,0.00652799581065899,-0.004953560742445487,-0.0058072527435234405,0.45242964718861994,3.323225629588787,0.9751824617599875,-2.3488001592835244
0.014155795704326938,0.006580648276907192,-0.0048197605684120815,-0.005850109594056284,0.4344787832597189,3.2526053092216083,1.05324079984255,-2.297990227555807
0.014114413754559206,0.006548946547682232,-0.0048893607191483855,-0.005821443775608296,0.4436401181356962,3.2862850823947265,1.0085875697268507,-2.323618472028342
0.014028137837707452,0.006472113415271115,-0.005033606396227808,-0.005739263434338433,0.4620038300650914,3.3436667796855164,0.8996750846122429,-2.370870469331011
0.013891511779662446,0.006374478284528273,-0.005256107983676163,-0.005633952713131982,0.4927578809696534,3.4386496012300554,0.7427583169014537,-2.441316646913777
0.013930832818144898,0.006407306772423908,-0.005192664874890736,-0.005673698230824351,0.4840699749357983,3.417256714599766,0.7941432455987673,-2.4239584103573564
0.013999323635316347,0.00644710134677173,-0.005081037022452703,-0.005711283558815492,0.4682842231908766,3.3614290542664023,0.8628744612879587,-2.3854271252738664
0.013970598637327343,0.006425438758147626,-0.005127923940753284,-0.005687912712864618,0.47484332671591784,3.380976367512492,0.8291699067889237,-2.4002778847480077
0.013817643724503852,0.006262930110378849,-0.005367966442780092,-0.0054737902767138654,0.5049171805006935,3.4233531008255578,0.594596112891569,-2.448396720273354
0.013786048342320063,0.0062318493310817916,-0.005415483177685216,-0.005431025169804745,0.5109270790819379,3.4299077293078395,0.5480072613886219,-2.4559072764701866
0.013852326404068907,0.006259116620879741,-0.005311492033832123,-0.005458443574326721,0.49556736901342646,3.377859665982627,0.6091192324492584,-2.423147043923909
0.013892092843089404,0.006322438606383613,-0.0052523731636572426,-0.005548904957549669,0.4893364387733479,3.3892090790986305,0.6899648956974879,-2.4210423749563703
0.013886587243298163,0.0062753576014337,-0.005257942564243802,-0.00547482553821521,0.48730569446442695,3.3519374358952274,0.641559187235864,-2.4063162734598964
0.01375909498641209,0.006161063214648857,-0.005448389238406389,-0.005322409796528901,0.5123629198583955,3.387557902663903,0.4681330577490151,-2.439901436530107
0.013703576398221605,0.006088332048632111,-0.005523525529339928,-0.005215278907607161,0.5201023968661356,3.371233295753902,0.3720617685291128,-2.437362668828641
0.013742632277493037,0.006116492382334429,-0.0054669365171347,-0.005254229266291281,0.5124459268601108,3.3589434633757125,0.41963751508534924,-2.4280616335240666
0.013792728744355897,0.0061849703436753205,-0.005398232382783106,-0.00535395492161967,0.5051602447053929,3.3737761930074,0.5088010372137002,-2.429694774734264
0.011495867026130039,0.004698489133856743,-0.007393109271864441,-0.0020560038954276936,0.5414546401128081,2.0056981433546035,-1.7352552072702068,-1.3523904756109086
0.011446861536081205,0.004682365194519357,-0.007414346925430976,-0.001987814044595413,0.5342542513467956,1.9610805629911263,-1.7594621808645845,-1.3136528119666815
0.011399868438403054,0.004635218463665767,-0.007403064431550332,-0.0018995498525164155,0.5174147494731133,1.892277731823737,-1.7621780541268237,-1.2648522230621415
0.011357304020900749,0.004597635128200545,-0.007396745490635263,-0.0018243916075097808,0.5029952470414071,1.8347686834854617,-1.7663659994856957,-1.2228925378182478
0.011222640377495109,0.004472528848865174,-0.007364503269232734,-0.001588978560212652,0.4576363741905682,1.6523805799420432,-1.7692196833423688,-1.090353953349972
0.0112807119081452,0.004525352588969261,-0.007378466686866769,-0.0016885007275684216,0.4767137571755833,1.7293321702884625,-1.7683289896368368,-1.1469504432606235
0.011341447816404691,0.004536250510560943,-0.007349357624302472,-0.0017650456138179366,0.4838223180620939,1.777601781432735,-1.73850318984406,-1.1917668340565764
0.011542075078022546,0.004686291465628421,-0.007346030286249443,-0.002098630215382045,0.5388246798347821,2.0233430161044375,-1.6953477891796773,-1.3774540378113918
0.011623124666504399,0.004745485424946989,-0.007336855571006308,-0.0022356343703946787,0.5590250614012088,2.122853465150228,-1.6699070283790782,-1.4528835869019723
0.01169114961973173,0.00475606757099309,-0.007289691541522482,-0.0023182522264829594,0.5626401698222928,2.169640965321513,-1.6241040823567945,-1.4981089415535962
0.011796266936103354,0.0048083456460491555,-0.0072453479996230415,-0.0024748816525346456,0.5780786910794339,2.2725122378555676,-1.568387625437426,-1.582204331196896
0.011757997810890897,0.004741440325811244,-0.007218669286497168,-0.002375845889164861,0.5573967669909178,2.189853986691318,-1.5647283078156506,-1.5291319340080978
0.011601290991582728,0.004679769628725342,-0.007293314446024636,-0.002158525092532015,0.5379066368337625,2.051845398535841,-1.6492037084684246,-1.4114371417411207
0.012140098345775788,0.004973677927933285,-0.007051772755274424,-0.0029718235646615052,0.6112829600543285,2.5772559262876658,-1.3422944707166027,-1.8344303743159014
0.012089887726553875,0.004944203029783123,-0.0070795689606077865,-0.0028950877055254755,0.6061440715655103,2.529876434263159,-1.376997850584223,-1.796816641921989
0.012033960966424808,0.004914861158800131,-0.007111805443663166,-0.002812818740345189,0.6010111678148923,2.479917806824236,-1.41536702319036,-1.7561246700614515
0.011937025976064265,0.004877822755184625,-0.007175736418078793,-0.002682492419574288,0.5952838634869416,2.4049024572357816,-1.4840634244943856,-1.6907850738316732
0.011994031786166613,0.004862809703284434,-0.00710655438745559,-0.0027228423102936376,0.5868962897697673,2.4104221088135493,-1.428371352409836,-1.7092896104514381
0.011902341686256647,0.0048313326244750895,-0.007167706723068004,-0.0026035632389061684,0.5817206841483359,2.3427093599940565,-1.492091734884804,-1.649091235657887
0.011862014966049772,0.00478484436238625,-0.0071641600016866605,-0.0025201563784324615,0.5684370532509998,2.2793314510926765,-1.5035652508463213,-1.6050992568751588
0.012281912315503308,0.005087923881787128,-0.0069908711126343585,-0.003221915335578436,0.6321638729975233,2.743174193223128,-1.2446946071812686,-1.9568867378132542
0.012323381840771943,0.00509261042629308,-0.006946768264212121,-0.0032616820678157167,0.627314206501874,2.7545831062030675,-1.2057295481188741,-1.9721644987402644
0.01226027223278265,0.005050401894529147,-0.006984274232007733,-0.003160949959626695,0.6223362826499406,2.693874505058701,-1.2549234027049232,-1.9252953511181665
0.012197962313245991,0.004944930719220513,-0.006965652308773932,-0.0029917207770270627,0.5961951261484942,2.558949245982186,-1.2796176793090408,-1.8383218984521579
0.012250903631158876,0.004992862743441066,-0.00694731627770987,-0.0030887332529994206,0.6056072960872655,2.6242937534525246,-1.2463101221568404,-1.8856283744743683
0.012375053563304601,0.005087528702032184,-0.006882412193522007,-0.0032969422987297052,0.6192368274495562,2.753953571018679,-1.154327306239793,-1.9828698672766387
0.012432286370381998,0.005092175915763192,-0.006818694277241162,-0.0033462145534665587,0.6123326524626873,2.7640271390583844,-1.100574693937354,-1.999561294969509
0.012489497393902288,0.0051033419137248015,-0.006759086656285314,-0.0034012729557807504,0.6075221421413061,2.779553189778339,-1.0479510583657061,-2.018827033576136
0.012552267826757077,0.0051115289160159625,-0.006689521997341602,-0.0034547668976439975,0.5995604073072806,2.789120209381458,-0.9895512437281196,-2.035250736328966
0.012709108494323915,0.005271464655755519,-0.006606103086201747,-0.0037555855586314277,0.6155198150430062,2.973183774305886,-0.8493452987985347,-2.1638071104854286
0.01265053932612082,0.0052487991910669714,-0.006665926120268436,-0.0036903736447944364,0.6206539077647336,2.9529148379800785,-0.9064410943036137,-2.1434281755474225
0.012635231419521694,0.005183809761304061,-0.006639095584735029,-0.0035981901606624116,0.6056856547111681,2.8723080001936823,-0.9178342204462607,-2.0956216374672647
0.012613266701824265,0.005122749703653106,-0.006623245440748535,-0.003508557448501291,0.5930225627246971,2.79983064929116,-0.9336699052679561,-2.051136230661001
0.012967969156186742,0.005405115321716339,-0.006345094179649717,-0.004068110902499682,0.5951844202636697,3.0735164298043185,-0.5878275022720304,-2.2534522599012656
0.01276752616217515,0.00531287307754659,-0.00655763407694357,-0.0038437262153028567,0.6150682292800048,3.0152995057232306,-0.7914025954971757,-2.195903016245772
0.012828184175037002,0.005317947021535541,-0.006480404935263975,-0.0038832874133117082,0.6040663858196567,3.0070773792417698,-0.7321516679554047,-2.199298910987588
0.012757892179161545,0.005233970432956793,-0.006517513949272383,-0.0037352454149680407,0.5968452612726555,2.916808664919591,-0.8022031091853238,-2.139070865979814
0.012894306581688242,0.0053205857138764676,-0.006393912660935147,-0.003919901845955534,0.5914531318343191,2.9913071243333778,-0.6690116692851233,-2.198554810554098
0.012953326689910448,0.005347122261567087,-0.006330772564219755,-0.003982724280375548,0.5849072621948269,3.0054039654335294,-0.6107242839083707,-2.2132199180374195
0.013644803467203957,0.006016922667256775,-0.005600269617681171,-0.005108588825328268,0.5286027634581364,3.3540975112583062,0.2767375026937078,-2.432692901531452
0.013666257318276559,0.0060350021570339685,-0.005570823497481099,-0.005135199923185376,0.5244140672829092,3.3522718669118134,0.3050023734180188,-2.4305567487469215
0.01363182095215252,0.005983622588729038,-0.005612234027715192,-0.005057275313910341,0.528297622884888,3.3296083281415574,0.2425617060929306,-2.4209930772901447
0.01370125671363281,0.006038565670020608,-0.005516694156288706,-0.005137093701047112,0.5163769884834243,3.3200239782844094,0.3303129334166303,-2.4123103542546196
0.01360852314111373,0.005942843842648516,-0.005637608908159432,-0.004994979102202233,0.529589733585215,3.306493163792459,0.19701840857922057,-2.410112933727658
0.013577299837286817,0.005906876384992046,-0.005675641791449553,-0.004940123924734364,0.5333638985210821,3.2949468218665996,0.15019233179769345,-2.4050396386101114
0.013448178413745232,0.005828338849821099,-0.005848317159166659,-0.004814443061975698,0.5564555975789717,3.3162865526969623,0.0022601585712795727,-2.4173785453823755
0.013542675208913153,0.005876434494062854,-0.00571962122681438,-0.004893139643634186,0.5384499260304542,3.291241105231158,0.10475716947488063,-2.4037359559165723
0.013503398834976754,0.005846385626607951,-0.005770035202787314,-0.004845795986605821,0.5445885057303168,3.2906389908730644,0.05633657837774143,-2.4037882898898615
0.013026620660725421,0.005509666743752328,-0.00632392301952732,-0.004238874862822146,0.6050341803581142,3.1849328180820673,-0.5098329928238067,-2.32204059293478
0.013062692849597633,0.005521793615613834,-0.00627920293561538,-0.004269935551985046,0.5984367131805338,3.183361551319663,-0.4725088556464745,-2.324484479810962
0.013016462569031523,0.005470135516357375,-0.00631554192509336,-0.0041788403798988655,0.5983597812991519,3.1376650885429944,-0.5290995196419874,-2.2945291703846453
0.013105572845620453,0.005524347173669841,-0.006219258132342324,-0.0042887703891116525,0.5893422129611768,3.1650307014304935,-0.4316084914602181,-2.3180187922297866
0.013159671862419326,0.005535716416910327,-0.0061478484837176155,-0.004322585261221648,0.5789128081943389,3.151202738511401,-0.3788623517369425,-2.3143166196687783
0.013020793282637715,0.005422091744672443,-0.006282066659528999,-0.004113534396261155,0.586971653579162,3.0739169128419714,-0.5351202112722823,-2.259094323750466
0.013247822561481075,0.005662557806847999,-0.0060815511839133725,-0.004531542541977581,0.5811450954290606,3.259189455687853,-0.2526017901404453,-2.380053981561984
0.013215423971306511,0.005621610153330111,-0.0061098025850642055,-0.004463009071367547,0.5812913536062858,3.2274871973751504,-0.2981940667230157,-2.3607874794370924
0.013218357591026623,0.005543798521212661,-0.006067946769339723,-0.004351041370905023,0.5667494029323811,3.128419941867514,-0.32420020014258205,-2.305520975410739
0.01345263422893779,0.0057655613432114755,-0.005818616226704435,-0.004719602368868855,0.5466603116620128,3.237114404189139,-0.030383059503589705,-2.374824643827108
0.01335668389370533,0.0057185663908125035,-0.005944071652713641,-0.004636798134555045,0.5632154872790397,3.2534147830744904,-0.13257091699364698,-2.3816326573542397
0.013405297125792916,0.005739611787521784,-0.005879761502544154,-0.004675376936978996,0.5542719039057796,3.242823435254978,-0.08201829938185036,-2.3771059682087663
0.013301161816241825,0.005654144960155091,-0.005998811365337412,-0.004530876846190726,0.5665505690373936,3.213122954159072,-0.20978071646761262,-2.3572768627673604
0.013352702304038788,0.005662993963559636,-0.005926818802107843,-0.004553717866596352,0.5553635078588516,3.1891323552093875,-0.16254195349676673,-2.3460621601804665
0.013051550129846573,-0.005679477067375655,-0.006385539410431673,0.004498328208306628,0.6361423759388497,3.410848413619434,0.4330287180813049,-2.44834038121045
0.013022143771259717,-0.0056498471888942236,-0.006412541037463529,0.004442510011334244,0.6374759868583103,3.38467451744371,0.4736408623088571,-2.431320076343986
0.012916250669454107,-0.005599319050539855,-0.006539181936090027,0.004321995151015493,0.6534655574620535,3.366588192486215,0.5993354651269956,-2.409693088052158
0.012892625761388481,-0.005579713158127032,-0.006561219580522687,0.004281879997462723,0.6548101134995403,3.3484128738330114,0.6290959558597611,-2.3969045631849974
0.012953256089960981,-0.0055981578730915985,-0.006483708795758067,0.00433697225157385,0.6438167079407439,3.3462497685328247,0.5603789638659754,-2.4031192382121023
0.012992127173598026,-0.005616823414640318,-0.006437566315262427,0.004381174009403941,0.6377142897398379,3.353106484081446,0.5149208668650576,-2.411067097817867
0.012701150387531902,-0.005404938935053393,-0.006711487070423545,0.003928808214057109,0.654131419935224,3.157498962747791,0.8561575678838811,-2.264696369542428
0.01287285073047885,-0.005550926779126711,-0.006571053317544942,0.0042301280301668305,0.6524857667217306,3.314071049851858,0.6563810141846061,-2.3756702948969886
0.012851242182156714,-0.005514424569403721,-0.006577836410692261,0.004166567289843969,0.6483739098328153,3.269375977460314,0.6859478662411509,-2.3483532589867733
0.01275364313781688,-0.005418707152553578,-0.006649275660840919,0.003978887498034818,0.6459582533988547,3.1636134216843805,0.8000176987555346,-2.2762916697267244
0.012824174227715653,-0.005483426671590135,-0.006595476037466908,0.0041083117497472945,0.6470667885374747,3.2342304331103917,0.7191792692650686,-2.3254060909356524
0.012792893780369338,-0.00545102881363646,-0.006617287418822815,0.004045867157267047,0.6455490587469139,3.1980805148027813,0.7559735868885243,-2.3010668550714537
0.012654789611427,-0.005363270777309145,-0.00674366514028478,0.0038433348324720677,0.6520959260711622,3.1078083719298224,0.9057776889937611,-2.2297758658526345
0.011360245827649988,-0.004631444756641135,-0.007427126745188298,0.0018509380439644264,0.5139460406817333,1.8630038716969952,1.7855246852851538,-1.2363859090169236
0.011232210843921689,-0.004538607935988605,-0.0074214218189090995,0.001640257653996623,0.4769655020480591,1.7055443819094376,1.8052285724862283,-1.1167705817621627
0.011305960492081088,-0.004585842164227388,-0.007419789465411489,0.00175680317780505,0.4965498842972797,1.7911655626485687,1.7910920736939353,-1.1834775431887836
0.011508748483418318,-0.004677304574530546,-0.0073631532331555226,0.0020544430175286643,0.5348988205987587,1.995492835206569,1.7135864349174759,-1.3525085135417443
0.011459632513268432,-0.004659472333173063,-0.00738305775477908,0.0019855714897363684,0.5274624082552537,1.950263564444711,1.7368114593931856,-1.3136828532315667
0.011428140246983376,-0.004612916371168751,-0.007361836711051469,0.0019160100811268094,0.5117187827959327,1.892548961836308,1.7299494441177636,-1.2758460655480965
0.011571625156311903,-0.004705199170414537,-0.007340617910323256,0.0021462550969559603,0.5456421171299577,2.0572281991713646,1.6850750387659532,-1.4038173733676589
0.011641537561723411,-0.004704567401765721,-0.007283645585939123,0.0022220183275114013,0.5460932504206487,2.096043639124236,1.6334977867100553,-1.4461222925503776
0.011704285597495636,-0.004711619783838327,-0.00723781841537583,0.0022944413486937123,0.5484272295294055,2.1354549333079293,1.5904394726449356,-1.4855390914044113
0.011759601422326047,-0.004733727128744792,-0.007210305300529254,0.0023707848297790618,0.5547702659572615,2.1832966360854624,1.5596550984049762,-1.526338605271725
0.011797545643688335,-0.004772195886263784,-0.007211432918680573,0.002443648190704783,0.5665584338758047,2.2379028174841733,1.5491417768171656,-1.5652951507247923
0.011846924227911247,-0.004770795032493802,-0.007165542147972365,0.0024922833031481603,0.5642199957703055,2.2588892386474155,1.509098949861894,-1.5902986697754409
0.011888166133449705,-0.004807418033522745,-0.007159840407622728,0.0025670248700526994,0.5747432069390374,2.31252956618664,1.4928867446088032,-1.6294720036712962
0.011936099660955952,-0.004853678504906875,-0.00715514626581171,0.00265815197976333,0.5875837681133214,2.3791624869852908,1.473982765654297,-1.6771963346252152
0.01198279776641147,-0.004891235195901297,-0.007142550492822673,0.0027402695807915186,0.5969640059163503,2.4364757322843165,1.4503650017222414,-1.7197398068463858
0.01206445874645258,-0.0050049327539501386,-0.00715953948358401,0.0029351774601398197,0.628704205812488,2.592060278388139,1.424404942138455,-1.8226167670055518
0.0121059076778452,-0.005029327550269251,-0.007136848515544663,0.003000333083739051,0.6331720026074534,2.6332480520984505,1.39508129986784,-1.8551015216223872
0.012024146335615018,-0.004926878283095447,-0.007132319996581885,0.002815728665670422,0.605818323942661,2.489794126521078,1.429083415190912,-1.7586180507289588
0.012058995527534437,-0.00495859822007408,-0.007124320559038877,0.0028813606841424015,0.6137394811963747,2.5366727185189935,1.410640938272758,-1.7923813493790486
0.0121732427029693,-0.00510377569086083,-0.0071282814414321905,0.003144715512211213,0.651088650402576,2.742116135732768,1.3571247803766815,-1.9296905413966994
0.012141829328263718,-0.005060858044428104,-0.007125472981033735,0.0030680426700840703,0.6401656378876729,2.6812270792042754,1.372574656785947,-1.8895940667459639
0.012225741537605082,-0.005092536645579623,-0.007059014227240977,0.003179000752333455,0.6409681198948223,2.739599863438052,1.301453295309475,-1.941498120201263
0.012288900312703237,-0.005163960511354973,-0.007046887609308084,0.003316543585026573,0.6558045455432527,2.8414052918921118,1.259371983002816,-2.010964101306511
0.012260361535017021,-0.0051176167102722535,-0.007040718921003928,0.0032378639668770334,0.6445222968167247,2.777436176652536,1.2749455118869946,-1.9699552289964306
0.012345140641762852,-0.005151286288390686,-0.006969439574843942,0.003348430194886362,0.6435313727485412,2.8318244949515705,1.1991597979665138,-2.01862165076061
0.012380265839329725,-0.0051719217575795715,-0.006944271416103859,0.00340146262946768,0.6446899990236002,2.8613971169890617,1.1684119474239376,-2.042278342922675
0.012413091169221116,-0.005196822501762313,-0.006924661514766122,0.0034575686575787678,0.6475245452935905,2.895987840384658,1.1401180781850029,-2.0680574881056426
0.012647569333617695,-0.005310156136046003,-0.006714155050674411,0.0037681965004199903,0.6389989355636063,3.034930601380113,0.9122922132243254,-2.1882886870472573
0.012610104028726993,-0.005284533987181846,-0.006744161506134717,0.0037103637624861597,0.6387849108141133,3.0052628804745827,0.9494612149230279,-2.165577847102138
0.012459646208508575,-0.005205292594816017,-0.006874112606981606,0.0035035669673289496,0.6422902836600287,2.908253018962267,1.0942359096179854,-2.084264916608085
0.012578599845372792,-0.005241055383595999,-0.006752223618206246,0.00363337533586231,0.6318410666810456,2.950648698733218,0.9781206095596154,-2.1299475547951876
0.012529583544680267,-0.005201692751621575,-0.006784369675789283,0.003549958418249406,0.6289351088478036,2.9026585709943693,1.0228344032510035,-2.094670654363028
0.013702530288531557,-0.006393196245308375,-0.005577876850133951,0.005723394883647422,0.5490123358991492,3.7165094054944423,-0.667534908461969,-2.591915521049961
0.013688769297663633,-0.006371089199926138,-0.005598758962800939,0.005688386465913262,0.5511656519276206,3.710289033150304,-0.6348177116415711,-2.5919339037168303
0.013668218798229305,-0.006354424644327787,-0.005631977904980378,0.005664243330643554,0.5563313792777373,3.7193712331653868,-0.6042284920634297,-2.5992929719742155
0.013547443325900577,-0.006191184585593518,-0.00580461162407848,0.005401874572714666,0.576380225338928,3.674563884494144,-0.35609223089417524,-2.593992631441846
0.013633329929691343,-0.0063223447438280084,-0.005687036608415762,0.00561573697087596,0.564034231639922,3.728764288131536,-0.5475285255556025,-2.6087672188310695
0.013619589503888193,-0.006296630864291357,-0.00570578213019331,0.00557360891207316,0.5657215908159995,3.715605272700136,-0.5113137453019246,-2.6049664665973826
0.013601928062776485,-0.006271749970666598,-0.005731005972911796,0.005533474296907708,0.5686639637471033,3.708019650478746,-0.47372305045363755,-2.603836380122045
0.01357694766487046,-0.0062471486158726585,-0.00576839476491542,0.0054945677742515445,0.5738019371876796,3.709480551984289,-0.4316026935441304,-2.607306976647457
0.013563171717058212,-0.00621711729588439,-0.00578457763277307,0.005444607215337914,0.574571856201744,3.6885184757721983,-0.3923012771042506,-2.5990981428493654
0.013663309348928194,-0.006324898445134067,-0.005635496695307226,0.00561407407045798,0.5549676141089801,3.6908822596773763,-0.5691979542660719,-2.588008140268404
0.013103502528330035,-0.00567460347121639,-0.006304070874389222,0.004508915043285023,0.6211997220746012,3.3705239808933776,0.38269425123208334,-2.4310813926607397
0.013115702982200557,-0.005716197319750266,-0.006308369628566416,0.004576163659384211,0.6263292510268464,3.422732198703366,0.35386037806326837,-2.46025708862722
0.01334307325439465,-0.006006458096055149,-0.006085512488936483,0.005089002131131392,0.6139512228690315,3.652710854052865,-0.03188324480318223,-2.590666256372891
0.013323455674513235,-0.00598227565822483,-0.006107821840547274,0.0050467200064151915,0.6158392381944663,3.6375560498101236,0.003533667033947923,-2.5828516773685952
0.013300948612603123,-0.005966138899849399,-0.006137964177959168,0.005017092590475209,0.6202991488089807,3.6363511654983056,0.035588909832053234,-2.581898873007063
0.013139029421179123,-0.005751028390157082,-0.00629128528309176,0.004637020711964577,0.6272981877907616,3.457268383453016,0.31539954149637334,-2.4805524244886814
0.013175647521727207,-0.0057744097490655295,-0.006246660047647474,0.004683667433158941,0.6215491051253923,3.464160376323637,0.26842015506848266,-2.486669352912758
0.013292070817711513,-0.005939806704109776,-0.006140781618569264,0.004972529177853534,0.6183390995878798,3.606290393946047,0.061860924668412975,-2.5663432969200515
0.01327699351519982,-0.005908921107223894,-0.006151276339066022,0.004919802492909703,0.6174529713132474,3.575319678604775,0.09604465120121013,-2.5499732257614824
0.013258532721374866,-0.0058807699048227515,-0.0061679730856048194,0.00487104754183219,0.6176935719301762,3.5509234315328473,0.1308434469955357,-2.5366655808254017
0.013233253107592366,-0.005862915800701274,-0.006200014629443419,0.00483731300405706,0.6221381550847611,3.546896477331179,0.165395274444783,-2.5335278701739012
0.013202564453080294,-0.00580205348089365,-0.006218607413230648,0.004733778412320636,0.6193397553066627,3.4833845464241207,0.22852729628915616,-2.4985124662442675
0.013221504126237417,-0.00583465614765919,-0.006204919709168006,0.004789689904110508,0.6202326753417283,3.5154486622672043,0.19280399691395023,-2.516472004935736
0.01352835079134143,-0.006167323421252994,-0.00583044051336893,0.005362804261370224,0.5793862426989596,3.6667215303685903,-0.31967732071498195,-2.5917539754667627
0.013506359179498313,-0.006141112541257074,-0.005859973523392027,0.005319658541488844,0.5828114336006015,3.658423202026526,-0.27919684141659307,-2.5892338246181974
0.01346162463404767,-0.006114461581696,-0.005927127302856625,0.005275797847593641,0.5933635628123962,3.675017598403087,-0.22028185850292484,-2.5994653886823627
0.013492390399177588,-0.006110136181621048,-0.00587392094387449,0.005267991340908141,0.58301146307475,3.633621352608738,-0.24131716010916746,-2.578041381992518
0.013442600789566892,-0.006092169002110032,-0.005951635574907947,0.0052381666121306325,0.5958977910584569,3.6661200667890204,-0.1857617179295643,-2.5958592728977066
0.013422227513907576,-0.0060756004262829885,-0.005980044427325275,0.005209863251832051,0.6001498521415427,3.666000804602928,-0.15506737858288572,-2.596406887575901
0.013413616369714249,-0.006049932626978297,-0.0059850825662370035,0.005166561799332185,0.5988553860241809,3.6396206779769025,-0.12700491748082096,-2.5835751119948482
0.013396571266991508,-0.006026132024462377,-0.0060044956305378835,0.00512606773342554,0.6005338714493145,3.624606564018077,-0.09384940578762296,-2.5763602160464334
0.013378133903676852,-0.006000452848023696,-0.006025021664816565,0.00508226951139944,0.6021780662996172,3.6077458037083265,-0.0584997744658815,-2.5680313752748742
0.014293387027084263,-0.007222994290798011,-0.004396174879718113,0.006796626393135164,0.4088139746757632,3.338502827905834,-1.8805820709169176,-2.1516452772254304
0.014291548572287786,-0.007197706869095029,-0.004411905903294156,0.006756448868635801,0.40931598197205793,3.3361565905785464,-1.8447738289069022,-2.1609429122409574
0.01427369986047006,-0.007167282361296205,-0.00445624096164213,0.006722909587145298,0.41380987104593453,3.358657739041775,-1.8058642271360466,-2.1847322794583395
0.014288377171592818,-0.007177878534923907,-0.004426810592197648,0.006726618947062493,0.41002310563589084,3.336779815429602,-1.8173052656118132,-2.1692889360441217
0.01427406069642078,-0.0071456267329748505,-0.004465670771365977,0.006686526023491163,0.41363335529399864,3.3521486892655505,-1.774828597692253,-2.189952171514492
0.01426929790677653,-0.0071226028589674,-0.00448392102784365,0.006652634337826702,0.414769886704713,3.353374049435326,-1.7432641183826583,-2.199447027575213
0.014257585399831298,-0.007100288512482546,-0.004513076310414546,0.006626067008107542,0.4176655858559842,3.3657729130724396,-1.7141417225648614,-2.2142885436971316
0.014251484730159381,-0.007071675295517022,-0.004535131216868274,0.006583804610582258,0.41900718322573954,3.3661533404895647,-1.6751294193699497,-2.2249943957516973
0.01417675524129769,-0.00700113830293479,-0.00468743221361628,0.006528014379396548,0.43769020890529564,3.461695447175381,-1.5847983457305654,-2.3002594603971835
0.014203513304065588,-0.006997195092716863,-0.004643566134153848,0.006499622811825948,0.4306786904336753,3.4156613933878726,-1.5771427735857841,-2.277238028134817
0.014242264809002562,-0.007043499113634967,-0.004561645620796389,0.006544854404138797,0.4211509881374031,3.3710150479341965,-1.6372416700129617,-2.2376080085299397
0.014227326057355855,-0.007011620932285239,-0.0045985272361949705,0.0065042679523746386,0.4246898543573233,3.3828236227247546,-1.594947585469652,-2.2549064193800312
0.014054653892562666,-0.006877734773408634,-0.004934331910229294,0.00640727901121617,0.4688044016731045,3.600143896810026,-1.4108856782386565,-2.414449649053559
0.01408074678883395,-0.006879359359694306,-0.004888504542496292,0.006391756560134131,0.46159965693325183,3.5572857933180067,-1.414709538952504,-2.3910953241811934
0.014018443326591945,-0.006820105681008867,-0.005010233511660223,0.006330719323620213,0.47761313642283715,3.6225910795018805,-1.3264196070034941,-2.4440217946663814
0.014045049428829939,-0.00685582078786064,-0.00495618065582202,0.006375572018785323,0.47097710736319626,3.602191539631409,-1.3792176898253652,-2.4223513279331517
0.014033165854998484,-0.006836017593121004,-0.004981233467943256,0.00634892498158299,0.47384888103711603,3.608921600509515,-1.3503121352906504,-2.431961588115253
0.013942892034568841,-0.006651897212083329,-0.005165171794181699,0.0060809484006468986,0.49321182494967886,3.6145186417128423,-1.0851355023252485,-2.484609632482924
0.014021097261729681,-0.0067941536906435535,-0.005010451163190728,0.006283628129374748,0.4761786020998496,3.5997289653075546,-1.2908497375990409,-2.43932510327949
0.01401016423359267,-0.006768810266820667,-0.005033863878286428,0.006246292739269225,0.4784036033093751,3.5993024943129974,-1.2546467085293906,-2.4462090340681937
0.013996830616884476,-0.00674730346547975,-0.0050604375944605234,0.00621690880975163,0.4815061139189141,3.6049360786695424,-1.223298743293055,-2.455129391229375
0.013954789319146468,-0.006672826395314763,-0.005142648118142606,0.006111054189941811,0.4906748088834593,3.61328841779097,-1.1154154780189438,-2.478866134193215
0.013979148378958878,-0.006725735237064117,-0.005094256368485477,0.006189665139176647,0.4858101592771612,3.6169184195046613,-1.1908463244198992,-2.467391742215787
0.013967296399760427,-0.0066968584279111214,-0.005118404440728335,0.006146045140311939,0.48801677900904433,3.613040302038478,-1.1499918444604893,-2.4727276224614845
0.014166360806347589,-0.006976283200683289,-0.004713495428196213,0.0064940650347590475,0.4399526714276511,3.467424271367302,-1.550513750078374,-2.3117811921565345
0.014153045716783292,-0.006960069246993981,-0.004741416831309333,0.006476884460325393,0.4434863436959836,3.481599226927048,-1.5283962950403882,-2.3247330454177266
0.014104423046243028,-0.006880949769776658,-0.004847278938624486,0.006377693796603814,0.4553196505234718,3.5189978962064954,-1.4180754476000808,-2.370093247410752
0.014149504500145488,-0.006939914484432367,-0.004753678547577839,0.006445250836640533,0.4440014596045714,3.477262392416764,-1.500261046723571,-2.329080232987113
0.014138229407738317,-0.006917532191279185,-0.004779498839541153,0.006415623309577164,0.4467005738359074,3.4840507149833058,-1.4693742276706534,-2.339901147474618
0.014121629311372225,-0.00689747520451543,-0.004813440403427959,0.0063936186565289104,0.450749255999396,3.5002398222420497,-1.4414931683521186,-2.354899762716269
0.013910973170666072,-0.006619891618871512,-0.0052228325895961525,0.0060412605352005225,0.5010012180048018,3.6365297870070816,-1.0344453275756456,-2.504173425606115
0.013897205998191648,-0.00659428672519741,-0.005247941928151335,0.006003238998308346,0.5038305609668963,3.6347741399797937,-0.9974806163677202,-2.50900853109292
0.01387723493225674,-0.006567933803529419,-0.005283357197656025,0.005966466144316577,0.5083128046518142,3.6410132026723647,-0.9574918271072728,-2.5181736386483284
0.01384770356427535,-0.006526800138857322,-0.005334727773071799,0.005907493327932682,0.5147350382169762,3.6462713238821416,-0.8955582372603015,-2.529594463852096
0.013868989025240943,-0.006540466832084257,-0.0052979090832461825,0.005922380162961957,0.5089548285248525,3.627533427030015,-0.920687780089452,-2.5165312780331743
0.013850136473801428,-0.006502796009093749,-0.0053300969978228455,0.0058649950706666214,0.5124167776818223,3.6190966862656224,-0.8678292669464616,-2.519425233248214
0.01374085156451898,-0.006422721523723134,-0.005514535443486124,0.005764059284929134,0.539544876495774,3.6948733135973186,-0.7223111990123218,-2.575376707401922
0.013732956709390912,-0.0063934707143440605,-0.005525004880518553,0.0057155429923748495,0.5396367885309173,3.673495322694842,-0.684895996174781,-2.5685243364311465
0.013772251551135345,-0.006429474877571238,-0.005460662941450583,0.0057660744112066,0.5304539699022984,3.657027144104958,-0.7463348428968833,-2.553593918779623
0.013835507030988603,-0.0064811353871764635,-0.005354651010748889,0.005833296140946436,0.5153682360038682,3.6191083008555407,-0.8359676864854991,-2.5235697916348006
0.013817003458050965,-0.00645571777842954,-0.005385319687148522,0.005796315054527114,0.5188885748353219,3.6202520455831357,-0.7981032530258253,-2.528827982496526
0.013799791020639579,-0.0064347006689074076,-0.0054136029863334914,0.005766106931074913,0.5227085189634851,3.623219427117688,-0.7659113198781803,-2.534146300556198
0.013944671225544323,-0.006623107077873724,-0.005164262644816574,0.006030248681387422,0.49161318838410717,3.5872089550960773,-1.0489572855280223,-2.476430298028706
0.014545251296855783,-0.007704179973668052,-0.003669250071864125,0.007264693573611729,0.3483674993132582,2.894934624817461,-2.4267327818251654,-1.7001104947559107
0.014554116020527965,-0.007719093455129719,-0.0036434285904012186,0.00727491758579958,0.3464055904035102,2.876316114569209,-2.44010404404165,-1.6831909767410236
0.014562026065781872,-0.007734407820777947,-0.0036185891487565784,0.007286804094397523,0.34466449740198485,2.8588820253042844,-2.4545001023537516,-1.66650764423898
0.014516641305999074,-0.0076486712150299965,-0.0037581203250418613,0.007219215157503894,0.3548324985134647,2.955978594134077,-2.372195265373156,-1.7591984016450593
0.014524390070857825,-0.0076693925538852655,-0.0037294800484931477,0.0072402999606185564,0.3530579648303528,2.938081058810603,-2.394891302841433,-1.7393463829270566
0.014536664820215064,-0.00768819985045662,-0.0036954844345439895,0.007252313472730857,0.35031942725061677,2.9133277337648855,-2.4114971396882843,-1.7175525575621702
0.014583124459641633,-0.007735670202097641,-0.0035867943411296735,0.00726038159516964,0.3404684785053203,2.82639244402942,-2.4403274083996647,-1.6520237758638174
0.014636038069356903,-0.007866116544886755,-0.0033931858112259184,0.007372537092541947,0.32907937760355804,2.693708786265901,-2.5648983934655845,-1.5154941970612774
0.014634975851776281,-0.007848306516977079,-0.0034114636244646696,0.00734927875790601,0.32932700932287506,2.7036427594658785,-2.543501414549618,-1.531105278585185
0.01462812269808505,-0.007833533011365638,-0.003434817383751527,0.007338244270428495,0.33085976736988815,2.7203200334799544,-2.5305826765504764,-1.5473243696718295
0.014591510977293115,-0.007752285539737373,-0.003560193603015263,0.0072731041721363155,0.33865978023496274,2.8077263488916846,-2.455602567839574,-1.6340894971787085
0.014621367652257381,-0.007818891113761254,-0.003457826421207067,0.00732708995663556,0.33226243030149233,2.7366442499391472,-2.517564530878581,-1.563280619849875
0.014613510989859503,-0.007803554578801191,-0.0034829451638325984,0.007316305821142476,0.3338650868857705,2.7547336686475954,-2.504392096379245,-1.5803538026510642
0.014604469974131229,-0.007790875011341782,-0.0035072786197989625,0.007310731074145198,0.3357262726668636,2.773342625061939,-2.4953571134240455,-1.5959437884400163
0.014603883263460222,-0.007772033826556379,-0.0035250031524523477,0.007284673633537388,0.3359730766484347,2.7817266549492254,-2.4716131754866404,-1.6111353618361977
0.014644693653743879,-0.00788175003899163,-0.0033662892109294043,0.007381878389727749,0.3271761808765668,2.673655897551843,-2.577042062781881,-1.4972840900527224
0.014646344267788264,-0.007902163339522228,-0.003344308001612307,0.00740760236682794,0.3267850663467354,2.6610586706867916,-2.600863205238213,-1.4786874274947233
0.014646558941654597,-0.007924341918263973,-0.0033222755863506655,0.00743768929772125,0.3266459190702306,2.6492404429891363,-2.6280346041700064,-1.4589655574505611
0.01464182394874745,-0.00794563508834002,-0.003307543717979526,0.007473721083932996,0.327403453275993,2.644508350974348,-2.6584417623288448,-1.4422604205461516
0.014644108869570415,-0.007961990998855608,-0.0032879207885720997,0.0074926560277007465,0.32696295616733634,2.6321095859147,-2.6764608387736812,-1.4259842569234558
0.014693373916203423,-0.008065805429535706,-0.003113970118146375,0.00755653635535464,0.3173009814794279,2.499987382786804,-2.75386904493028,-1.3022937964706343
0.014791361291580913,-0.008335794688750078,-0.002684670552763566,0.007729830081619707,0.30032048136129436,2.170696602243801,-2.9428204577957797,-0.9786749918615137
0.014699082036107354,-0.008081475673497,-0.003089692320067941,0.007568054439530581,0.316227969989834,2.4819259800077584,-2.7664182701909255,-1.2841460567343626
0.014727407834120122,-0.008169274673185265,-0.002956575549799294,0.007635030476920752,0.31103813054190727,2.382807073174241,-2.8368986465170662,-1.1822403497395237
0.014724555935302829,-0.008155555586027421,-0.0029756061455218454,0.0076224369539822775,0.3115431445440739,2.396554175046759,-2.8246516679459357,-1.197746699544391
0.014703138178964176,-0.008096951394874005,-0.003067652974384043,0.007581701473495681,0.3154110854976366,2.4660724338233653,-2.780187777504766,-1.2668265551237425
0.014705431893206326,-0.008112019403440234,-0.0030482043306244407,0.007597423309823106,0.3150878789980486,2.4526757785676425,-2.7951000425047408,-1.2505498870028438
0.014720140367183061,-0.008139968805963257,-0.0029985930598894375,0.007609841102566975,0.3123516127798293,2.413551670349824,-2.811794833718866,-1.2157157163894519
0.014713895634813748,-0.008125190940065306,-0.0030228952970148136,0.007600968895271293,0.3134212080505019,2.4322398839861523,-2.8015258555916187,-1.2335063264406143
0.01478878104671503,-0.008320704452904644,-0.0027059032585530656,0.007716825136986763,0.3006513691043157,2.1865474815199337,-2.9306367191269005,-0.9964371473030705
0.014773438581832216,-0.008274218128936129,-0.002779313748369197,0.0076879674256969165,0.3031012842694559,2.2434808286447243,-2.9001788747528754,-1.0528326893871378
0.014779593721053435,-0.00828952158593207,-0.002753930753146961,0.007695835441132229,0.3020789584780276,2.223508581328533,-2.9091904559906037,-1.0339905025820777
0.014784796623707434,-0.008305102737355394,-0.002729265606402796,0.007705402558230477,0.301247191959229,2.2043654023889094,-2.9193268200007036,-1.0150821165306472
0.014739509134300673,-0.008180374155816452,-0.0029290135538827997,0.0076295618893767025,0.30884232026648045,2.3589153784449954,-2.8365288691225055,-1.1658829638370742
0.01476679073988572,-0.00825884574433187,-0.002805308221446603,0.007680630396720359,0.3042295279768639,2.2640321854019505,-2.8914260517598045,-1.0718729997279974
0.014759707819146423,-0.008243042047984596,-0.0028322785802722683,0.007673287702751943,0.3053658570253092,2.285368118358909,-2.8824765636546235,-1.0914833574337919
0.014751257325939104,-0.00823102794544209,-0.0028564500584345397,0.007672510441855687,0.3069250894465912,2.305390792508171,-2.8787711184686837,-1.1074405172552004
0.014745498584674936,-0.008198863378794061,-0.0029005841091944025,0.007642707662765702,0.3078324498985067,2.3374051120631094,-2.85037305487313,-1.1440572889641265
0.014749685413685404,-0.008215783604551405,-0.002876024499385218,0.007656600087887752,0.3070486596697127,2.3192012953132704,-2.8641698553360597,-1.1244550918900726
0.014655159739679069,-0.007973883242372004,-0.0032608382951259947,0.007492399549486885,0.32472924052682345,2.6095705176915023,-2.680844214345573,-1.4091901691074056
0.014659874583187925,-0.00803466191458866,-0.003191257768431989,0.007566793038086062,0.32369507104792256,2.566235791376844,-2.7496899328048294,-1.3486502033168495
0.014667988289295606,-0.008048610988498446,-0.0031656410983222673,0.00757289500834537,0.3221143953787981,2.5460503705050197,-2.758425332119081,-1.331069165593748
0.014660447709957685,-0.007991867374840835,-0.00323527083514823,0.007508732771179315,0.32369270494878805,2.5916085963198436,-2.697711317048555,-1.3896204011038487
0.014664765212840585,-0.008007779450882605,-0.003213000063214217,0.0075235566806812265,0.32281999291419883,2.5760334851527245,-2.712794703846957,-1.3723517193716679
0.01466791203109967,-0.008021461701109673,-0.0031945030147720343,0.007537034369023342,0.3221955086339496,2.5632718575956948,-2.7261810319886304,-1.357657957640365
0.01468717975499058,-0.008049917598291375,-0.003139022488781264,0.007545294955586253,0.31850808759681226,2.5187094792456928,-2.7413425038439274,-1.3207924947358134
0.014820583059405304,-0.008466759324267313,-0.002488742888835885,0.007825088012731829,0.2964282001251906,2.019581539348725,-3.0341841185952956,-0.8189776406633209
0.014815047868258428,-0.008451596471737053,-0.002514078372327902,0.007818338777775794,0.29722019212031453,2.039927642071616,-3.0267725807970964,-0.8381723994603775
0.014804768051442194,-0.008421405260621509,-0.002563577845960116,0.007803092008469354,0.29869143888203625,2.0793809390269615,-3.010557837644773,-0.876155834480384
0.014810223748809503,-0.008436332735707564,-0.002538723702636129,0.007810081883125927,0.29785181727248133,2.0595085024733475,-3.0182307821965986,-0.857331383327104
0.014812153866262905,-0.008395231004189018,-0.002588247928325273,0.007761784882718339,0.29714888986439797,2.0946428082970794,-2.9772279145396268,-0.9051907887054379
0.014813981191528292,-0.008409355188889633,-0.0025686207510119295,0.007774241049341618,0.2969778843461227,2.079902586173706,-2.9885378375634186,-0.8883280850547772
0.014809098908171529,-0.008378767814637152,-0.0026120338692951686,0.007748672059548091,0.2975571942850715,2.11271403312505,-2.9649336113700673,-0.9249386998210231
0.014804287309762583,-0.008360675861115845,-0.002639666807337179,0.007736491359377788,0.2982219526089714,2.1340864496508316,-2.9528367123857278,-0.9468965347046742
0.014807340804925568,-0.008341372558596965,-0.002659758334121135,0.00770967475860175,0.29748998573961377,2.147085599321507,-2.930608484810658,-0.9679452592181746
0.014843759992473263,-0.008485430672068282,-0.0024403102782085003,0.007804963338556609,0.2926377866981426,1.9767115868497207,-3.0237931363779578,-0.7925122241877514
0.01483867335921417,-0.008469735224099205,-0.0024657369410123267,0.007797198694851911,0.2933291479198159,1.9969725208445468,-3.015704206681901,-0.812118734142533
0.014880577928148916,-0.008606682563429432,-0.002244549501083612,0.00786296015247913,0.2880749860040155,1.820034092231569,-3.082440096223838,-0.6402194745605848
0.014862143902124498,-0.008488396821169161,-0.0024173974797818787,0.007776538384145084,0.289466441824941,1.954191941371194,-3.0049890055760264,-0.7857995525417336
0.014867258598516536,-0.008574392144746432,-0.0023004704616164428,0.007854754593509915,0.2898612757970719,1.8657895774140123,-3.0722070217779343,-0.6813518238048714
0.014877835109558089,-0.008587412364211733,-0.0022728274499866897,0.007849032311351754,0.2882019682437151,1.8421108087668292,-3.070169262709829,-0.6642383904015748
0.014866118030435443,-0.00855808243081487,-0.002323102900400499,0.007840526088944727,0.28976674158340465,1.8830997667308758,-3.060003961118038,-0.7014761613963245
0.014866562881657275,-0.008504027185059049,-0.0023928460551994775,0.007785059949544323,0.2888948598831973,1.934796223941256,-3.0134719772985084,-0.7665244058450104
0.014870040092685688,-0.008520947335876992,-0.0023675215036877413,0.007796334237445273,0.28851527422005535,1.9150608402025815,-3.0239657262322663,-0.7458054480877522
0.014870742138984133,-0.008538555842938588,-0.0023439944805728,0.007812913123315751,0.28864467928487275,1.8973836863496576,-3.0381132597275617,-0.7245440818309281
0.014897707091073928,-0.008612279939486782,-0.0022206280171923874,0.007838232492658496,0.28519892967417393,1.7974967211745716,-3.0662560908086802,-0.6318162120706862
0.014893692951213278,-0.008650058014355309,-0.002173839358891287,0.007881105819936061,0.2865596937310129,1.7629671854434261,-3.100583908886457,-0.585328780154425
0.014898089903253448,-0.008630266212160623,-0.002196291328168941,0.007854669263166076,0.2854144363130828,1.7789688565486153,-3.079901509577859,-0.6096430501163467
0.014898921734740491,-0.008667721581793127,-0.0021450545459716155,0.007888283545680814,0.28600620151213313,1.7397014399182054,-3.1076721581486395,-0.5629369718875196
0.014903257825196947,-0.008683792960851469,-0.0021192018020760057,0.007895360791322055,0.2855506285851726,1.7188532707928312,-3.1144188066577114,-0.5425561672404063
0.014896988935723431,-0.008727242344755885,-0.0020650994892234538,0.00794600035654755,0.28750070262347444,1.6784930687097692,-3.1541031643644994,-0.4873335674443524
0.014921653498111496,-0.008833023287115575,-0.0018948803961735263,0.007992002985390047,0.28561780238936,1.5403840325567766,-3.195029250189218,-0.3507721386832954
0.014916847746581358,-0.008818607900734661,-0.0019194193680247462,0.007988876894658698,0.2861373435776721,1.5605704415728126,-3.191832587337501,-0.3693051018433357
0.014899999023164941,-0.008742908379681207,-0.002040611669349948,0.007954498417765889,0.2873013692338551,1.6588152372619238,-3.161537750922994,-0.4671690031604559
0.014902054461872441,-0.008758243802309813,-0.002017355084139529,0.007964272780817771,0.2872562499027648,1.6402520668203568,-3.1697649423106946,-0.4473510886533308
0.01490596201265715,-0.008773460489239507,-0.0019925793661444632,0.007970405793991171,0.2869312481179435,1.620088800361166,-3.175381713951778,-0.42770310200469863
0.014910032892369576,-0.008788561863880781,-0.00196778317254627,0.007975966745345507,0.2865660379556845,1.5998727296513673,-3.1805179984342065,-0.4082157808694233
0.014913150516821322,-0.008803589979201323,-0.001943862475238872,0.007983040446360314,0.2863808825731415,1.5804962286259732,-3.1866389065999976,-0.3887465711331665
0.014907540552934,-0.00869960816606055,-0.0020936971899502698,0.007902109433882155,0.28512324384521603,1.6982562174950695,-3.120837627417029,-0.5224790316041452
0.01491152698959547,-0.008715620346930804,-0.0020681396422308064,0.007909380004815995,0.28475649133518366,1.677656904437533,-3.127567368562577,-0.502136020638258
0.014933895890858298,-0.008880409111718635,-0.0018169838691285006,0.00800770614422712,0.28470009912179095,1.4767074799041688,-3.2089236751656496,-0.28951441227095603
0.01492584198942783,-0.008848641629875167,-0.0018691155665295945,0.007997083841542683,0.2853358583068699,1.5192996384116457,-3.199608859163398,-0.3305862954799406
0.014930878019715163,-0.008864098009383354,-0.0018428697206754267,0.008000280556772018,0.2848104876874567,1.4977059966029802,-3.202802276342244,-0.31073380926883193
0.01494207943775506,-0.008927223351982278,-0.001742722089077424,0.00802885423660647,0.2844987491536935,1.416353332556781,-3.2259584677479403,-0.22835678594392875
0.01494761866147431,-0.00894218500398075,-0.001716687492317867,0.008029810541082745,0.2839273029603366,1.3947794126877913,-3.2272293738137106,-0.2092862338137054
0.014950319520433799,-0.008885266334116007,-0.0017970579609773234,0.00798114697255742,0.2819639311748751,1.4581229007279177,-3.190752670555845,-0.28499882444396935
0.014951707396358094,-0.008901373265863082,-0.0017728142010877866,0.007991113534836754,0.28215075934784184,1.4387196656791674,-3.1985228784820663,-0.26400126094264714
0.014952497862204334,-0.008915518639011862,-0.001751777973889365,0.008000522161333888,0.28238110216829093,1.4219166553465445,-3.205741485573232,-0.24544285631769913
0.014968291646339373,-0.00905092593691428,-0.001541180597950497,0.008068418285073228,0.28343437467782356,1.251360183169089,-3.256638141295506,-0.0672608836284155
0.014971666513841344,-0.009066406596911025,-0.0015157549718690091,0.008072388713312935,0.2832788037139768,1.2305084936066706,-3.2594999341298547,-0.04716156086243278
0.014961092915974285,-0.009020618435513507,-0.001591295467887786,0.008061242951502845,0.2837922340326666,1.2925425032348554,-3.2512636371019146,-0.10653756759618273
0.014965009420300024,-0.009035277436143846,-0.0015667662477240913,0.008063977021743081,0.2834976634664184,1.2723522068491564,-3.2533817689944127,-0.08764795524839127
0.014971807730976897,-0.009009616679151516,-0.0016001022227632763,0.00803335554853573,0.28159808182238083,1.298158503080332,-3.2316993760364072,-0.12363893634293026
0.01497211594382805,-0.00899563040260356,-0.0016204792978015442,0.00802292415705323,0.28113249324123407,1.3144021309222949,-3.224151921418675,-0.1423763604711976
0.014971050953447524,-0.00897954797537208,-0.0016448253275787685,0.008013438907949451,0.28086161434075,1.3339798746286124,-3.2171408920833255,-0.163574306286015
0.014968852198337082,-0.008963223893448785,-0.0016702639943220333,0.008005722758629381,0.2808008233375237,1.3545672222767793,-3.2112727837037878,-0.18484111606358725
0.014966138154860913,-0.008946710820659308,-0.001696290806504501,0.007998640877041134,0.2808459022618541,1.3756797963513208,-3.2057629879866956,-0.20624535899145038
0.014324668923431717,-0.007225187442788284,-0.0043434497035041006,0.006769366034883948,0.4012005001195172,3.286564060056254,-1.874274022224059,-2.124456481676217
0.014329973701023634,-0.0072445288273928375,-0.004324668840313255,0.006795754382439402,0.3999947344027067,3.281166200776812,-1.9000735704736633,-2.113623558238755
0.014344562372667269,-0.007298105508554783,-0.004271464083896503,0.00686839813821622,0.3962516888148335,3.26451168262631,-1.9713651904449814,-2.082106608923332
0.014339788751858012,-0.007281323367908512,-0.004288668706998609,0.006845946827382686,0.3974204828870522,3.2704130719215216,-1.9491644368334864,-2.092417859363151
0.014342912765551077,-0.007261107595229619,-0.0042946591035762935,0.00680977471311206,0.3967478781018246,3.2624190411471434,-1.919297830035031,-2.09716363965096
0.014363906206318175,-0.0073048797066788546,-0.004236174146213371,0.006859190710020628,0.39167361931230954,3.2331469311632532,-1.9737844387000918,-2.063507915736508
0.014404559397416725,-0.007364001957094105,-0.004135744190880181,0.0069106625068154496,0.3819356499690471,3.17020027195772,-2.040530860614268,-2.005797131538366
0.014425262602892125,-0.0073715087176574115,-0.004098276793276303,0.006899962014623682,0.37709938658927006,3.1368784732339656,-2.0420138455257253,-1.9860004177051336
0.014385379331605398,-0.0073192767408576265,-0.004193249033811682,0.006859787743108372,0.3865846439814855,3.199113951457089,-1.9858120769400835,-2.0402287410462026
0.014397686505430477,-0.007343619104083012,-0.004159112368751405,0.006885610500388839,0.3835182147280313,3.1805888891335745,-2.014940316442562,-2.020170770321775
0.014515564736423032,-0.007601982676769047,-0.0037969475003485427,0.007150184765614032,0.35556858560014265,2.969128443685864,-2.309500944130718,-1.7913636576179555
0.014518676822227178,-0.00761889908377876,-0.0037789551952170596,0.007171774033300346,0.3548312361896248,2.960328606471978,-2.330408601871342,-1.7780420801908945
0.014529905552210488,-0.007631680726021821,-0.003751911232913506,0.007176718845502005,0.3522481242593265,2.9396531990725236,-2.340238957338667,-1.761674259110075
0.014505089506505326,-0.00758301491156867,-0.003827493493422363,0.0071345341934262296,0.3580416229051026,2.989583955479198,-2.290389297308234,-1.810970035533115
0.014502037838896082,-0.007557328595909067,-0.003851627058620867,0.007099238796532156,0.3588564557352187,2.9992497271434977,-2.257347123984974,-1.8291253614943257
0.014494386601131516,-0.007513258948417188,-0.0038956817128247903,0.007041236361297069,0.360895267855423,3.0181598639204235,-2.201889782459808,-1.8607541832328318
0.014498094274862736,-0.007534429635238385,-0.0038746312240829565,0.007069128082669085,0.3599663048940511,3.0092337601061767,-2.228511606303096,-1.8457398787866455
0.014489154748736988,-0.007489483350321156,-0.003920617050000702,0.007011018373914089,0.36231470598259036,3.0293217062025355,-2.1724331292246473,-1.877973292474956
0.01445453225065962,-0.007408856597273793,-0.004028661054803091,0.00692611394105113,0.370522594517583,3.0897646239002596,-2.0800344740285084,-1.9457700689173583
0.014484479859298578,-0.0074668745778269175,-0.003943524017239175,0.006981772317805365,0.3634323195059293,3.0389727235132677,-2.1442375383391847,-1.8936714982342198
0.01446624145108841,-0.007425214948979284,-0.00399976158772803,0.0069383613526925745,0.3677717136322298,3.070582289938036,-2.096772118832915,-1.928800239534575
0.014476718110800604,-0.007444882585198522,-0.003970449950685525,0.006956854149674824,0.3653478554260811,3.0529208935502052,-2.118356447516929,-1.910951823009592
0.014449688813476236,-0.00737257682424139,-0.004059298468035012,0.006874929236386927,0.3718299127217582,3.0979237472584487,-2.032676131478599,-1.9664080552644543
0.014461802676244282,-0.007390355377150909,-0.0040292480986530025,0.006889262720954486,0.3691459929651222,3.078706005280586,-2.051405117862154,-1.9489235442965662
0.006182159377605071,-0.006749611116985302,-0.005383832963142015,-0.0063236977381493946,0.2748429529012881,-2.729294824894628,0.059173890152139606,3.8995860206802955
0.006187786671370487,-0.006764721103672905,-0.005391997567527063,-0.006353614661917143,0.2878937214769714,-2.7428282524872802,0.04799978105616675,3.929730448123026
0.006172020244708011,-0.00676166338205219,-0.005364039670025285,-0.0063406933000402935,0.27924156764124825,-2.7294684774762143,0.03864984673427693,3.9002441381312707
0.006177641567294448,-0.006776713476601134,-0.005372016842579587,-0.006370517501008023,0.2924425892177193,-2.742799726159497,0.02722341847663944,3.9302934208239644
0.006161913588439827,-0.006773742813256444,-0.005344183335989349,-0.006357618671182231,0.28384111292620234,-2.729457422821467,0.018101000664787707,3.900697150354459
0.006167534192912689,-0.0067887376566984434,-0.005351999511357289,-0.006387343695842654,0.29584469450305767,-2.742668887546024,0.006500075944362064,3.9305969365320457
0.0061076878276121105,-0.00686154401772447,-0.005230699902170404,-0.006487051231661844,0.319841804608432,-2.7385721270250816,-0.11795182537635089,3.9277465335632176
0.0060918735410913335,-0.0068589025770324705,-0.005203165382149357,-0.0064737034361460185,0.3151828165018729,-2.724380084281784,-0.12576130326952292,3.8973990654400237
0.006097847331006403,-0.006873787507563485,-0.005210292056562042,-0.006503453657527914,0.3242408179776511,-2.737301258294265,-0.13872328012475618,3.926491584368389
0.0059092513639708525,-0.007124973809367006,-0.004791571231087454,-0.006817836963533529,0.410706785366261,-2.6762255112849487,-0.5509586171284192,3.8605334151239177
0.005918303733587968,-0.007112136501017047,-0.004812955422484051,-0.0068027576654512215,0.40747646361834894,-2.6809020809256907,-0.5306466422191172,3.865574069884767
0.005902204842958194,-0.007110606471277935,-0.004786533348716896,-0.006788295182504165,0.3953549900265981,-2.666051050278917,-0.5337788370310439,3.8342048092455436
0.005927396369816588,-0.007099327720783186,-0.004834341803451602,-0.00678757592988585,0.4013294603000063,-2.6855205908566773,-0.5101615776465555,3.8704292951627877
0.00591120156692613,-0.007097698514915248,-0.004807670842188832,-0.006773042240095416,0.3916565442363074,-2.6704086468171018,-0.5135510124335624,3.839023266914225
0.005936529182831806,-0.007086547594687288,-0.0048557033895097615,-0.006772310789467019,0.3938872579108093,-2.689974267801091,-0.48957931417016815,3.8752145669184235
0.005920328872743223,-0.007084799247861943,-0.004828910877021646,-0.0067577567950635456,0.38860037178693924,-2.674642963727125,-0.49330012011070234,3.843796848623182
0.006030047672386858,-0.00696034894823781,-0.00506604987716813,-0.006616433602797373,0.35283096605028935,-2.7238076939144666,-0.28365275061995243,3.9125650654746003
0.006014135039768054,-0.006958048313476566,-0.00503894609471222,-0.006602501023855678,0.34927979687125593,-2.70869756403872,-0.289911568074249,3.881590469393815
0.006020517979210122,-0.00697283584088836,-0.005045235037637407,-0.006632319072649797,0.35703762992005755,-2.7212360991818936,-0.3043274166441934,3.9096391205055654
0.0060045286237446335,-0.006970560565443762,-0.005018094708705072,-0.006618242770643178,0.35319345862916934,-2.7059796942672065,-0.31031720571992955,3.8785990685386764
0.006011027561188927,-0.00698535261060176,-0.005024352823801046,-0.0066481524325170205,0.36213993773919223,-2.718407904559476,-0.3250668351608657,3.9065438046344236
0.006001576511259319,-0.006997899134824615,-0.005003413655358044,-0.006663925619184129,0.3677243926706589,-2.7153474426929454,-0.34582645426580133,3.903310899692615
0.005994973236909212,-0.006983142382968245,-0.004997200185490907,-0.006633990636468238,0.3569169098842973,-2.7031335009235313,-0.3307447717860991,3.875462269898755
0.005945702090780215,-0.007073796236880272,-0.004876979569502761,-0.0067570056161729555,0.38890784731079914,-2.6941447104517517,-0.4690491263217622,3.879944293713509
0.0059295929879942715,-0.00707197481189287,-0.0048502376174188325,-0.006742544762996536,0.38543171437450635,-2.67878630877472,-0.47309919706013187,3.8485738038019655
0.005954915005069572,-0.007061073770271074,-0.004898157684201435,-0.006741669729576576,0.38680706098135514,-2.6980270355036513,-0.4486199038172047,3.8844903813752105
0.005938902905066985,-0.007059234930764356,-0.004871505317309766,-0.0067273570028245884,0.3814614551521233,-2.6827971609762553,-0.45292719123710806,3.8531866743553294
0.005964167835846035,-0.007048380318743571,-0.004919277678169993,-0.006726274400034795,0.3846911292424375,-2.7017103121835633,-0.42821030447519853,3.888735209879419
0.005948185128150031,-0.007046533742372009,-0.004892614950901389,-0.006712070291898061,0.37701696379529176,-2.6866280937367892,-0.4327118421367357,3.857484218150035
0.005973460492812781,-0.007035716006004062,-0.004940364089597672,-0.006710801836220225,0.3814294670731515,-2.7052713062553995,-0.4077421343297473,3.892687584125888
0.005957452853086179,-0.007033839620100159,-0.004913597611196369,-0.006696645764321637,0.37267553912487883,-2.690274900534202,-0.4124181973252661,3.8614863222417948
0.005982792885230833,-0.007023080955577061,-0.0049614159995615345,-0.006695252648470334,0.37749581270867183,-2.7087381124849537,-0.38718955922796766,3.8964092040583207
0.005966746033982344,-0.00702114717943503,-0.004934518506744257,-0.006681103220627962,0.36852320915292336,-2.693743813290203,-0.3920540799349795,3.8652559754250757
0.005992164921919908,-0.007010475290801107,-0.004982431894184656,-0.006679627770895207,0.37301416416791006,-2.712106614927697,-0.3665478815929762,3.8999411845613774
0.005976087491856852,-0.007008458740966568,-0.004955413394732638,-0.006665461045221736,0.3644860561216601,-2.6970353845326582,-0.37163840345104737,3.868821257655617
0.005985491731021687,-0.006995783123716849,-0.0049763020776646995,-0.006649742074429035,0.36062036312320567,-2.7001576838836736,-0.3511926359535619,3.8722080881906877
0.00608804535045817,-0.006886061847125404,-0.0051898154543525,-0.006519805774345986,0.32957160853312806,-2.7358035575407116,-0.15955169260110935,3.9250752903669253
0.0060819817317878805,-0.006871182582048608,-0.00518275211698295,-0.006489994282775952,0.3192860583366957,-2.722983439962329,-0.14628731332052294,3.896048125903014
0.006078281982360665,-0.006898366915619616,-0.005169284435738365,-0.006536096019629618,0.33514382378422386,-2.7341074427291083,-0.18038719119995902,3.9235170879429635
0.006072147675800666,-0.006883522295039145,-0.005162312948283994,-0.006506279139008767,0.3232350536734716,-2.721450244174992,-0.16683756943735392,3.8945553534360395
0.00590023935268864,-0.007137839516247016,-0.004770161910502981,-0.006832833350758002,0.4126302696723023,-2.671505040853655,-0.571144461997912,3.8552389658066595
0.0058932572954724085,-0.007123488344696581,-0.0047653832768345455,-0.00680340428167285,0.3996271916232877,-2.661506767275251,-0.5539265279506843,3.829173055886565
0.0058912677909604225,-0.007150733491861331,-0.004748691653914854,-0.006847772135831075,0.41584962607151227,-2.666683477491748,-0.5912811684507037,3.8497134767956687
0.0058843082674460735,-0.0071363598073257576,-0.004744137953547931,-0.006818359021209188,0.40379188960551377,-2.6567540849099704,-0.5739735252216436,3.8238391655934656
0.005875383351797904,-0.007149246986676096,-0.004722828189931837,-0.006833216336824522,0.4077163325297765,-2.65182765181332,-0.593936823694614,3.818279326032234
0.0058823367695001435,-0.007163655606209029,-0.004727176023916098,-0.006862642509977988,0.4187479888526813,-2.6617227171307953,-0.6113790685782685,3.843940055254842
0.005866471656170384,-0.0071621558141223155,-0.0047014332385788,-0.006847977017753135,0.41179481885186936,-2.6467405695320907,-0.6138235796560086,3.812497214416205
0.0058734463785157995,-0.007176605729088548,-0.004705619184406245,-0.006877441530967466,0.42071863379366653,-2.6565887176789142,-0.6314639920262181,3.837877756656042
-0.006159901744268565,-0.006731057101446313,0.005346942668713537,-0.0062813010583185344,0.2708377380948876,-2.698581446976617,-0.049123345970807586,3.83919530582873
-0.0061499977703055805,-0.006743311533087698,0.005327810172323712,-0.006298581852730052,0.27521857944876404,-2.699011430035926,-0.02928015719195345,3.8404096563131698
-0.006139979930201495,-0.006755478530484037,0.005308370860487376,-0.006315528288606616,0.2795537722364336,-2.699089273813462,-0.009349409180060083,3.8410383975950846
-0.0061295641014337,-0.006767460451253232,0.005288147006552619,-0.0063318348544956285,0.28379394906754074,-2.6985190693954877,0.010842275101734694,3.840494004574889
-0.006011027561188927,-0.006985352610601758,0.005024300972052394,-0.006648191695004315,0.3643635532360963,-2.718278489590965,0.3253736990173785,3.906205242189696
-0.006004572481916353,-0.006970661344820154,0.0050181322106710455,-0.00661842976320113,0.3525672992507896,-2.70600493415113,0.31036242048692086,3.8790173896341416
-0.00600157651125932,-0.006997899134824615,0.005003382172361505,-0.006663949124590905,0.36890349445512327,-2.7151860622474633,0.34608748058940186,3.903075954317488
-0.005995120928531556,-0.006983226144313722,0.004997412849387493,-0.0066342138484915434,0.35664937262142676,-2.7032414195868184,0.33076050295797726,3.87602668626049
-0.005992164921919909,-0.007010475290801107,0.004982403954093581,-0.0066796483518203565,0.3742313903570224,-2.711934872118602,0.36679480230276534,3.899809183152317
-0.005985714079053444,-0.006995832317443526,0.004976649241493447,-0.006649955309447301,0.3605312118167516,-2.700311559542285,0.35115633356627324,3.8728466869397984
-0.005982792885230834,-0.007023080955577061,0.004961386436330722,-0.006695274440958941,0.3793806484672557,-2.7085907740947746,0.38742558013070094,3.896405444174634
-0.005973460492812782,-0.007035716006004061,0.0049403596493781095,-0.0067108052108606165,0.38260561070497556,-2.7052358522585567,0.40789393123789547,3.8927662125019413
-0.005967073809314805,-0.00702120153406808,0.004935034644288561,-0.006681396599163615,0.36841320180070936,-2.6939169551300193,0.3920481244290757,3.8660385083568145
-0.005976365088794045,-0.007008496755906968,0.0049558551938028725,-0.006665692008741809,0.36433499102673444,-2.6972102831553744,0.37158871798992804,3.869518227479879
-0.006105767760438006,-0.00681930496482928,0.005236650560474,-0.00641147188329855,0.30262966958403936,-2.7114926856928396,0.07865243903587256,3.8697456470970155
-0.006095857904695656,-0.006831401359262557,0.005216659014432773,-0.006427698920387291,0.30674175013400573,-2.710480026412703,0.09878520770741524,3.868856844379991
-0.006119190740548342,-0.006779489980426212,0.005267882176799076,-0.006348107543033893,0.2880129471648866,-2.6978025464108444,0.031031210490065162,3.839785323825399
-0.006109144164365852,-0.0067917359609395425,0.005248042248630422,-0.006364779277271964,0.29228977064845424,-2.6972787377957848,0.05109326926214136,3.8395887411530834
-0.006099444279338912,-0.006804032214312142,0.0052286853699396235,-0.006381575691928597,0.2965761912949807,-2.6968661992460414,0.07088854260500214,3.8397269569000536
-0.0060858473993749655,-0.006843497925396896,0.005196384677590316,-0.006443738544151139,0.3108743557158152,-2.7091663972084774,0.11902707874196294,3.8675041008816105
-0.006075754493486039,-0.00685568632987036,0.005175839920509822,-0.0064597569332115355,0.31510341115090434,-2.707620784415372,0.1394259916818179,3.865830476994717
-0.006065658344258006,-0.006868002767285071,0.005155151933916093,-0.006475856034938633,0.3194116549011046,-2.7059308307424383,0.15993590079624084,3.864009135397217
-0.005997725171096192,-0.00695572480518275,0.005011602446232884,-0.006588787782017041,0.3488517693249204,-2.6913784757799983,0.30225198574120626,3.84934974489213
-0.006007175496521452,-0.006943104944889863,0.005032027101972551,-0.006572769095422111,0.3447391593776916,-2.6938157755546848,0.2820801516736741,3.8517958855637278
-0.006055674104487099,-0.006880447851667533,0.005134516412182738,-0.00649209887916716,0.3237472519300591,-2.704197832726221,0.18045000571772016,3.8622343012382987
-0.006045830676838659,-0.006892954036506117,0.005113997787673006,-0.0065083851653374705,0.32802309393156515,-2.7024083600547004,0.20088978930841625,3.8604717662510133
-0.00603607513288899,-0.006905455357192988,0.005093521836662929,-0.006524573049312186,0.3322215290187462,-2.700478195407655,0.22124496166330423,3.858551669543021
-0.006026373513948867,-0.006917961597733686,0.005073028126802908,-0.006540661485409279,0.3363964643319885,-2.698384146563044,0.24155100087674133,3.856429054650629
-0.006016730787483472,-0.00693050767592144,0.005052515070627913,-0.006556714449675225,0.3405753137705369,-2.6961520112257085,0.2618334996232436,3.854155592345084
0.008634496949566597,-0.0049785358412309955,-0.007774762311009909,-0.002108635432227957,-0.03446886408783246,-0.6927666919797997,2.3162273878481234,1.3845368099567448
0.008596179229006547,-0.00496402351989442,-0.00772919067223215,-0.002147570066623542,-0.03878800262146128,-0.7302797937129578,2.284344000081827,1.413662042339409
0.008558317203755684,-0.004954686457272306,-0.007689133347194965,-0.0021888716523242794,-0.04302584371282631,-0.7666333190296855,2.2563790907321004,1.4439179407559368
0.008463466312428785,-0.004989164178192101,-0.0076474181460029515,-0.002336833116470782,-0.05851145067620572,-0.8584487294341601,2.231255619918463,1.5461282653725255
0.008485900510382203,-0.004973913144572664,-0.007650229896174836,-0.002295991175685338,-0.054301077270735125,-0.8363736551722706,2.2317279185781493,1.518398279861256
0.008517080241305373,-0.00495348496966279,-0.007654443639793063,-0.0022400378709427856,-0.04835163390275337,-0.8058159616583236,2.2326639613460806,1.4803938516580326
0.008436074007300986,-0.004985379783133918,-0.007619877604273414,-0.0023674081699288437,-0.06116029662578457,-0.8838824204195238,2.211791381403302,1.5683094020807913
0.00840452802043388,-0.004980392852428569,-0.007587167486130361,-0.0024014717746162796,-0.0640264823946445,-0.9126646284462673,2.1884681747904025,1.5930324156391285
0.008357393927443009,-0.004984997717994699,-0.007550044551098742,-0.002461969233568556,-0.06897857107318822,-0.9560167364269982,2.1626382057894378,1.6356698442390605
0.008379183247069325,-0.0049884775399922756,-0.007573156173830746,-0.002439134072029617,-0.06712875373654484,-0.9365947357402652,2.1792722843785737,1.6191164544693533
0.00920825772233905,-0.0047689343213176815,-0.007889631600722443,-0.0011870532224253492,0.09355431310294383,-0.1305929843727609,2.3574019611241765,0.7584615060612324
0.009173677548110862,-0.0047720293307064714,-0.00787754984508357,-0.0012376829138133721,0.0855575782304903,-0.16529561830757913,2.351240881551852,0.7929594410231584
0.009084408893093225,-0.004770192138648331,-0.007832609889926144,-0.001362337335263901,0.06524387218284446,-0.25567759374167937,2.3251534013991564,0.8788040163902905
0.009144758427024622,-0.004758450372935025,-0.007849232384727083,-0.0012722098334895765,0.07890227419017898,-0.19630354020983656,2.3328216892045233,0.8172073423979133
0.009114683077434807,-0.004751778497946685,-0.007827566474112627,-0.001311061007820827,0.07216651781996691,-0.22727899404216306,2.31922340848257,0.8442086200782715
0.009276350182078437,-0.004749118905368358,-0.00789635130147947,-0.0010813011014468449,0.10996703731390577,-0.06411738005192641,2.357095072103378,0.6867821060868337
0.009232724159498017,-0.004734424642479451,-0.007862271886070249,-0.0011374299294789737,0.0993564472038454,-0.11057975538871688,2.335734788321902,0.7254384215796588
0.009535646317755343,-0.0046435646285339985,-0.007865536818612797,-6.748770808814659E-4,0.1696208168838518,0.1807173260543755,2.3146655962220843,0.4103147356310736
0.009308667445109395,-0.00472030900276456,-0.007877324283013958,-0.0010238152189876064,0.11738070583375353,-0.035670875579096484,2.3409105202043463,0.6480070111586186
0.009342645145371612,-0.004697260501244334,-0.00786472767247549,-9.668604890256824E-4,0.12489819831445778,-0.004864839317392726,2.329222648807176,0.6093741396145613
0.009485064286751655,-0.004640140450866711,-0.00784830022258544,-7.460442595477657E-4,0.1569417874146253,0.12897724022044665,2.3061927373534825,0.4586318542259629
0.009434655569401255,-0.004641958054512781,-0.007835435433884997,-8.179699276420101E-4,0.144838655034619,0.07864716154608677,2.300796983808336,0.5076171663690235
0.009399388970153813,-0.004661203204941551,-0.007845048044304435,-8.739417717139361E-4,0.13733349341218332,0.046456774638905025,2.3105260786534796,0.5460172647542363
0.009360113962203351,-0.004661915980919545,-0.007832539490297859,-9.296106374135749E-4,0.12795988621677892,0.00709749155468736,2.304478594085365,0.5840611763080242
0.009575348233281874,-0.004592304830863324,-0.00781976771798759,-6.061402911764162E-4,0.17567597893826484,0.2100197276229548,2.2782266638673736,0.36244655968486555
0.008694704673744271,-0.004954612482720364,-0.00779373238856162,-0.0020105034927929244,-0.02248584619704524,-0.6334098494974979,2.325797147614495,1.3174099878392858
0.008658688251642588,-0.00495230056371582,-0.007764465500073611,-0.0020567021639884254,-0.02821540050622142,-0.668976335366317,2.30643643452016,1.3502227579429316
0.008713066127581688,-0.004918238922294625,-0.007767284716930486,-0.0019596246453483187,-0.01624166648316179,-0.6159415598658026,2.3042903546981868,1.2848270971806277
0.008772059948706317,-0.004891296702409482,-0.007779273964304534,-0.001861998637310505,-0.003804804100752811,-0.5585096006169404,2.3088012898529136,1.2185050567402127
0.00873431160664027,-0.0048882049548220246,-0.007749803812490046,-0.0019101472573558045,-0.010106024621289863,-0.595692817196598,2.289439129497911,1.2526153727316667
0.008870296713104138,-0.004874061277419498,-0.007824903506342823,-0.0017174232031339487,0.015781334458937868,-0.46161994888526353,2.335445502076641,1.1186991747025947
0.00884050885045493,-0.004872513008259293,-0.007804231353322516,-0.001757118285438055,0.010225451938194526,-0.4914085966419492,2.322298573945245,1.1464990299169073
0.008789315186284301,-0.004857967582165637,-0.007754830141254429,-0.0018164316041166476,0.001866802136849518,-0.5426529900960303,2.2891154023766993,1.1892548721471072
0.008820803364649245,-0.004856627360025179,-0.007774171150318211,-0.0017734473154167435,0.007571653150660407,-0.5117269063983052,2.3012801693476796,1.1591989514527887
0.008892376728549584,-0.00484712386050824,-0.007809148295499251,-0.0016704530571659641,0.021831991146840726,-0.4412810147274699,2.3220542075511506,1.087927688573773
0.008999645436843711,-0.00479958714239628,-0.007819871445448346,-0.001495381547215302,0.04605115327037968,-0.33778994576419846,2.3220549808057807,0.9693438707285084
0.008922507085250315,-0.004820577689344958,-0.007798471205074687,-0.0016132775630125636,0.02933925574868204,-0.4130297350144559,2.311897011818816,1.0498998938246953
0.008958743882172332,-0.004804556792459071,-0.007802255420637136,-0.001554391300559345,0.037295492194259816,-0.37816593635527784,2.312054489245847,1.0099947992096963
0.009056763624426057,-0.004752747427950848,-0.00779957958629173,-0.0013916830094385716,0.05957993978293593,-0.2849826997374325,2.302902298706428,0.8998440604765483
0.009019466046701998,-0.004756179752715021,-0.007783651510650144,-0.00144456479374787,0.0517177625337041,-0.32170721817535847,2.293869293680294,0.936365697134553
0.009595353771358686,-0.004536579371402623,-0.007764854372034923,-5.657798475811171E-4,0.17588175934237815,0.21847116897123922,2.236352851915473,0.3333114036486929
0.010158743587289559,-0.00456540415389656,-0.00783381736007715,2.2649553484118158E-4,0.3114112395594666,0.7841750952565772,2.2354458629646063,-0.2004657289144893
0.010204746204575635,-0.0045596534039880595,-0.007823274078233041,2.911448029172433E-4,0.3206856902146515,0.8269587725741605,2.2230914593570157,-0.2439967288689316
0.01029210588939861,-0.004554277926496828,-0.007806139558358166,4.136162198521088E-4,0.33864127853854536,0.9095693797473589,2.2014839906606274,-0.326010161864426
0.01023896056672294,-0.004527531380141659,-0.007785074320336594,3.354971598510659E-4,0.3217710906843203,0.8477369933145326,2.1917813529752626,-0.2766589511965496
0.010111358924325319,-0.004527892727833856,-0.007797033022019825,1.5697236009601316E-4,0.29398865234870364,0.7243377219647372,2.2135087566232112,-0.15726546632180968
0.01039296390355027,-0.004540621125341969,-0.007773511690252684,5.519350306739287E-4,0.3568261707889153,1.0001482430806685,2.1669249675728115,-0.4191598926116074
0.010445448549239181,-0.004505641629202993,-0.007725262811853283,6.163948742989833E-4,0.3591781154454206,1.0334833235299745,2.125992576535871,-0.46529946728305555
0.010335941473073977,-0.004511136445336157,-0.007753262648807766,4.675205114377506E-4,0.33882041528847306,0.9335889626069728,2.1584531764870785,-0.3661341758610348
0.011001011668579839,-0.004495679414870348,-0.0075093016898791125,0.001337442645039368,0.44251756390987335,1.5053805871436678,1.9014000296569604,-0.9330433975813305
0.010941230179229156,-0.004482592079925435,-0.007525703806688084,0.0012569430609258494,0.43189749710858455,1.4503428118724666,1.9212517376720022,-0.8835618436466877
0.010890765315280765,-0.004440875979904902,-0.007507830169778017,0.0011750818974363942,0.41504044793650857,1.3851294221874861,1.9159076866276312,-0.8350861381866522
0.010820945987224693,-0.004404726531075591,-0.007502170549067907,0.0010731915261418948,0.3965752642121498,1.3086332939513692,1.921096314247615,-0.7731428301272648
0.010756537739244001,-0.004388791260799815,-0.007511832097560149,9.868632140096663E-4,0.38401902834139373,1.247822160134549,1.9359391015575196,-0.7191430576404994
0.011188070489044499,-0.004464403500732676,-0.007377290481860977,0.0015442201826236241,0.4528991434089509,1.6229634367355448,1.7832877102886713,-1.063725333377377
0.011116663824908222,-0.004491956074059106,-0.0074442684439434805,0.0014758606581033434,0.45375089819123754,1.5901843595794387,1.8394564575028802,-1.0195085991048485
0.011054207557951107,-0.004451440423071947,-0.007438933538356407,0.001379305653516089,0.43664439571820796,1.5176346459064798,1.845268941234259,-0.9629417511721349
0.010559473652513801,-0.004485931540506684,-0.007675190026704402,7.649344354327749E-4,0.37560858774037803,1.1281835333202255,2.0765853876166136,-0.5652300005183286
0.010695965826585314,-0.004428090819576451,-0.007572819832624498,9.246765593902866E-4,0.3842922981145588,1.2180373311724442,1.9867360375241354,-0.6753759910825162
0.010616476743596552,-0.004451160676660721,-0.007622492562878781,8.296557836752503E-4,0.3773351981433077,1.1613991775728414,2.031980753082085,-0.6110423595327908
0.010498952805124112,-0.0044576461824482674,-0.007662554873368892,6.766873607130268E-4,0.3583578416268802,1.0603033752515127,2.0744670792459505,-0.5098778648491599
0.009730406981150918,-0.004536365246768018,-0.007789093758111792,-3.7803948810461607E-4,0.2071971352474419,0.3516707082030687,2.2427852260921703,0.2050871954666091
0.009878342899850113,-0.004557030676264645,-0.007826949233360098,-1.7201166263752728E-4,0.24450677802780846,0.503973645195077,2.257354143561204,0.06632685228476977
0.00978006206525984,-0.004544051514562293,-0.007803856502951759,-3.095057325219384E-4,0.2197202978033259,0.40276307701742114,2.24930591112687,0.15881761157211394
0.009830915644956056,-0.004553860117461977,-0.007819742335295173,-2.388786359307151E-4,0.23288824205994482,0.45587458285367005,2.256371286736989,0.11140749698061901
0.010044234220601763,-0.004513896906009593,-0.007784746906464903,6.250202243495905E-5,0.2765216364993143,0.654013548871298,2.211043801383511,-0.0947462109172006
0.009924772790389415,-0.004523877716214457,-0.00779408699347854,-1.0476980963878169E-4,0.2508308140126147,0.5402530296623991,2.2291970952561653,0.018723994468428345
0.009985399020507085,-0.004511966430976655,-0.007783030398057957,-1.964678862031089E-5,0.2628866541191859,0.5960347824121102,2.2154199892993343,-0.0395269477788758
0.009697599786366966,-0.004473611008901751,-0.007717980428558951,-4.1366268894889216E-4,0.1933523022074084,0.3049308657340029,2.193429164605344,0.22692392260444733
0.009639176651946335,-0.00450602746072844,-0.0077416145475570795,-4.992074087699978E-4,0.18334615934189957,0.255154035656384,2.215697618363077,0.2866779145823802
0.009595435733503365,0.004580068296240486,-0.0078111721799059225,5.751365786175072E-4,0.1794383470403181,0.2275450200286361,-2.2702364686257606,0.3409057624862704
0.010287687814554074,0.004452131929926851,-0.007699415798234509,-3.9215957380321414E-4,0.31760443384718123,0.8638700068056512,-2.1242571543874935,-0.3209558437945207
0.010342315716785257,0.004446919478410836,-0.007685246553118051,-4.64989024643914E-4,0.32691037983105503,0.9124761847857316,-2.1081483006171697,-0.3701176447816792
0.009646033213512057,0.004561974595020949,-0.007802192264386626,5.00436056614906E-4,0.1899507596581779,0.2739367583114165,-2.2595256461448616,0.28948329380275317
0.010167811482948163,0.004460521006224613,-0.007722063527594302,-2.3031526078108976E-4,0.29450025745698305,0.7543988920187522,-2.153061598517741,-0.21175473561072658
0.010231877032333511,0.0044300488629648955,-0.007683941692329561,-3.139844347553062E-4,0.3021000799999242,0.8033042112808138,-2.1188109745737864,-0.27040226734970246
0.010115039168570688,0.004444100791574648,-0.007708735726936298,-1.5732804966300448E-4,0.280380936104152,0.6987084799163542,-2.1485302664229917,-0.1639423921053298
0.010069550185827739,0.004455989605646199,-0.0077231704683242254,-9.587037807696037E-5,0.2728852725229043,0.6593817649044292,-2.163509780369306,-0.12157065194676867
0.009764820750334316,0.0045514824233430584,-0.0078099268144150415,3.318654602652536E-4,0.2169094945468782,0.3895741748980644,-2.2549999988491516,0.17426754542527428
0.009706960412671536,0.004545937941189599,-0.007795724762742373,4.122685274746619E-4,0.20264633365617324,0.3307104154854245,-2.249666179909259,0.22881839925676203
0.01002173126699398,0.00444229148095548,-0.007709899863483436,-3.043971559062949E-5,0.2606211124849889,0.6092297352652681,-2.1584512438992483,-0.07806971696472502
0.009970497572814326,0.00449945890333316,-0.007769576368796036,4.024385779964454E-5,0.25775366659790416,0.5774619764938628,-2.207009143512938,-0.026328928948385868
0.009906150262562615,0.004528804328437413,-0.007798459624052473,1.3111660509448363E-4,0.24743741080903767,0.5232508099486854,-2.234042278209173,0.037024393888492206
0.009804914001415855,0.004527626185945422,-0.007789184923931189,2.72833322340218E-4,0.22364321100374007,0.42309115339948283,-2.236377393895312,0.13305268626435698
0.009856603159766313,0.004497278875365956,-0.007761809891241184,1.9811663866753016E-4,0.2317615723645389,0.46572693546716054,-2.211729475578331,0.08067273809918435
0.010484283522103104,0.004466810859345252,-0.007675708485123857,-6.594205785852742E-4,0.3579567779558283,1.0513362767103545,-2.0855652584708193,-0.497769880984687
0.010549848165982829,0.004463006751737124,-0.007654435773732463,-7.455856278201481E-4,0.3686855077348761,1.1084304513388699,-2.062747994695442,-0.5548827829783239
0.010863622830672109,0.004459482066660993,-0.007538112783084048,-0.001149444113111097,0.416016192592714,1.3741360432121628,-1.940791985794361,-0.8171685416392939
0.011021561233922273,0.004478203195033317,-0.0074817500036279535,-0.0013537276136405087,0.43991806032227665,1.510031647478472,-1.8793236233970718,-0.9449109753410563
0.010967209413550193,0.004425730091234351,-0.00745772400911966,-0.001261723777115231,0.4200117715388537,1.4361247684905036,-1.8705107831863779,-0.8916398365403173
0.010907445529370815,0.004414292734458795,-0.007474381809255161,-0.0011837328215574103,0.4100243171005938,1.382943349835595,-1.8902475201675573,-0.8431900711492863
0.011084278954869872,0.0044256256189444225,-0.007398422059087771,-0.0014013910361394821,0.43282084390409065,1.5235226252913243,-1.8133849692695578,-0.9787624658943114
0.010634322238265572,0.004440116216235178,-0.007605643715825507,-8.493319784212737E-4,0.377515914488998,1.171343557018041,-2.0178025348206385,-0.6249948636252255
0.010791023179847035,0.004434603137809105,-0.0075436911282325495,-0.0010478118565182117,0.39978184448324594,1.3008594824705473,-1.954178207098543,-0.7543709021841254
0.010714023240465572,0.0044031623962901,-0.007541591037514226,-9.38807058577496E-4,0.3810051889532626,1.2203654264156125,-1.9624126813491518,-0.6868293892405519
0.010418754856367706,0.00443998420208474,-0.007663251804619944,-5.658610154010971E-4,0.3399279910322091,0.9796671539576228,-2.0839424349206346,-0.43805524189054534
0.007865661004226,-0.005356464553972431,-0.00740893908935359,-0.0034034018478806233,-0.1283380665395555,-1.462240207423678,2.0818058159066837,2.2903872132049563
0.007847654367304707,-0.005356222529347041,-0.007386490434027062,-0.0034212647524391876,-0.12755024761875483,-1.4770424316801856,2.0639774882087267,2.3029407733286282
0.007891354347373874,-0.005340673070775275,-0.007424339698725013,-0.0033578354143755716,-0.1273768681146459,-1.4358710993911277,2.0931297655247723,2.2578491046044635
0.007874524862324919,-0.005342179400566812,-0.007405374178524192,-0.0033768849398174454,-0.12696797622041842,-1.4504143729216052,2.0782518257344536,2.271361736516678
0.007932044350207786,-0.0053107652091029635,-0.007442718761613288,-0.0032796757704399346,-0.12487426845894246,-1.3927316703041075,2.1058111941629103,2.2021598278389694
0.007899117552423559,-0.005323785033068163,-0.007416594862333563,-0.0033294329085983942,-0.1255090375556784,-1.4243264861432945,2.086080002668791,2.237548327411092
0.00791122646071977,-0.0053108676160394915,-0.007418046290630101,-0.0033014584675805066,-0.12444240582465138,-1.4103648481779516,2.0865212979900982,2.21763740544191
0.00783148287368845,-0.005347223136483908,-0.0073575281224401295,-0.0034262316797857586,-0.12564051672436857,-1.487227132920931,2.0404730336987176,2.30598777063948
0.007811254583592048,-0.0053409872349754455,-0.0073263450480337885,-0.0034383101518572212,-0.12415278986685949,-1.501218978373327,2.015466517213489,2.314025467781843
0.007939655192925292,-0.005287835903615309,-0.00742836765674862,-0.003244650039071248,-0.12215622107359787,-1.3799358862872484,2.0932433958242345,2.1774007228434247
0.007947861650019775,-0.005263031729646257,-0.007412888106053194,-0.0032071451094042927,-0.11926626444620063,-1.3661966476815393,2.0798637953764647,2.1509773189830175
0.007982040345605897,-0.005229399369093922,-0.007418250306053561,-0.003132748165640071,-0.11551978181631746,-1.3286480585418607,2.0821322765513197,2.09884484746304
0.007954152148086029,-0.00523431781075976,-0.007391393414716588,-0.0031675060148625596,-0.11593441035294742,-1.3531873159066825,2.061747876680887,2.123285438612991
0.00802091195767471,-0.005195513317653769,-0.007427673270843332,-0.003053568770058577,-0.11126223197501424,-1.2874867141611477,2.0873808154952163,2.043664724606749
0.007989119282884809,-0.005198705021035424,-0.007395512079304234,-0.003090747784131974,-0.11174113099139636,-1.3149033215386459,2.063016750331013,2.0698257703922245
0.007791098494159552,-0.0053539951307303565,-0.0073139250953402415,-0.0034739764225104404,-0.12439655775930268,-1.521539801176315,2.0059872886171006,2.3392357907251267
0.007766060974736886,-0.005358671527534087,-0.007286992328733258,-0.003503678648210808,-0.12355318744860046,-1.5424875730420806,1.9845721217758523,2.359673405122622
0.007744585566037731,-0.0053661905785018,-0.007267016405120935,-0.0035333083169832723,-0.12299988383981421,-1.5615133781639388,1.9687272213080702,2.3801998802986435
0.0077243109623863675,-0.005374736010016901,-0.007249286490889149,-0.003562927550931709,-0.1225347226591188,-1.5799162607956532,1.9546203185240092,2.4008083806479
0.00764787907725739,-0.005406575628249688,-0.007179847347762226,-0.003672491211706311,-0.119677046921927,-1.647743554600644,1.8987417233143395,2.4762233727958214
0.007702226303594357,-0.005387538142084963,-0.007232974945469533,-0.0035995057686549936,-0.12220658599929257,-1.6011811719859812,1.941680704550787,2.426419635875732
0.0076739771596291695,-0.0053951206623107754,-0.007203410329142884,-0.0036346095338318147,-0.12083028858691337,-1.6245804538030624,1.917808725181154,2.4502139247571297
0.008097067111545784,-0.005149771243883965,-0.0074638718351937436,-0.002921489737018824,-0.10422277401012793,-1.2122838432968381,2.111785461320618,1.9518069286364739
0.008063805090893503,-0.005157840432442413,-0.007436526179242383,-0.002966382661364746,-0.10601650361962496,-1.2424791329971876,2.0917523190708973,1.983266167171662
0.008031630691791117,-0.005163502155703364,-0.007407373868457756,-0.003007012295677134,-0.10713415214671056,-1.270877013802371,2.070084084120491,2.0117466934823143
0.008330827465605314,-0.004973594654808187,-0.007514358446116448,-0.002482907507224272,-0.06985150464068551,-0.9786102461840419,2.1362755652012955,1.651510256150647
0.008291978793763023,-0.004987427297801176,-0.007492749326261938,-0.002540604793301489,-0.0744833820092131,-1.0147158943872838,2.121820989650219,1.691390109802503
0.008101434017026241,-0.005114163465202417,-0.007432550445569372,-0.0028792422698946966,-0.09966299569823298,-1.2011755412779863,2.086159709164658,1.923530491397288
0.008237214681787222,-0.005068044701405323,-0.007522895532616155,-0.002680376405277546,-0.08780720586522937,-1.0747325458570511,2.149565170325177,1.7850055544981018
0.008258591775736679,-0.005043766903553051,-0.007518640883879682,-0.0026322378094566115,-0.0835812565792502,-1.0520760627999708,2.1447593633109285,1.7523698914914914
0.008174171447224762,-0.005093306730769992,-0.007486193336741301,-0.0027772765636939045,-0.09437637547351152,-1.1344345657058579,2.1246126533045335,1.852257646535022
0.008204992942658048,-0.0050724334578238755,-0.007495734429722407,-0.002721548571023124,-0.09041988330949093,-1.1038551779583816,2.130124142601256,1.813940739899672
0.008132287560129367,-0.005085450174731047,-0.0074356900173190915,-0.00281583069928799,-0.09517619104604215,-1.1691869993111663,2.0867267471771522,1.8800885434256485
0.0082561696159442,-0.005003065057452987,-0.007474973603636414,-0.0025962212147896194,-0.07876785510981861,-1.0482899826032666,2.1101435598350693,1.7297221027313576
0.006475590734211071,-0.0064533763482403275,-0.005910964067524696,-0.005873888140967722,0.16146704398173012,-2.6810858792045766,0.5986244698480647,3.842698088575407
0.006460173304926232,-0.006449021238450044,-0.005881806281909583,-0.005863293466880992,0.15915634329104025,-2.669918338118602,0.5832372978381821,3.8173806308284672
0.006486750166079201,-0.006442321599068365,-0.0059293604605578165,-0.005855317581124159,0.1586857449740316,-2.6764323326440866,0.6182125944486346,3.8368474330956435
0.00647134314526912,-0.006437980894913439,-0.005900203442557216,-0.005844894159742574,0.15427889051507562,-2.6656010496957943,0.6028330479491145,3.8117291577592876
0.006497944278924987,-0.006431301956387209,-0.005947701732929398,-0.005836685963399272,0.1555182916982252,-2.6716768575703598,0.637770603856385,3.8307273245041222
0.006482512677284572,-0.0064269412924952175,-0.005918477840256186,-0.0058263719320995186,0.14935309268274685,-2.6610939727419907,0.6223874467481255,3.8058003643095044
0.006509172961654165,-0.006420317529674784,-0.005965997976690739,-0.005817982897330487,0.15145743535236536,-2.666842629254314,0.657359100003612,3.824350082930478
0.006493705565655782,-0.00641588826711086,-0.005936666102255719,-0.005807707343180927,0.14458922732733337,-2.656386359939456,0.6419075577795899,3.7996078979372605
0.00650494937429762,-0.006404827409113005,-0.005954815395680501,-0.005788914808620849,0.14010436663435133,-2.6514840037831457,0.6613875046777964,3.7931929256174435
0.006444429066987791,-0.006444333724225461,-0.005852672374110499,-0.005852505863834129,0.16095923982915164,-2.658180891819789,0.5620273312090741,3.7922746827059406
0.0064331476004609684,-0.006455335159370375,-0.005833997464911187,-0.005870506547418838,0.16538437458067864,-2.6620317732289185,0.5424408584863452,3.7971583376773785
0.006421898060555934,-0.006466446692538504,-0.005815275304599413,-0.005888582642059845,0.16988143097862907,-2.6657906349721725,0.5227800140654283,3.8019745595680967
0.006410728595054561,-0.006477652333578676,-0.005796587573823501,-0.005906714811775827,0.17438687997325317,-2.6694679466720195,0.5031118364422887,3.806752610966264
0.006399644411774901,-0.00648892724770699,-0.005777938442292886,-0.005924860842722494,0.17887660394156077,-2.6730465516209363,0.4834499019387957,3.811459729034438
0.006388630559714563,-0.0065002577996596455,-0.005759298511419912,-0.005942994309494261,0.18335712212707242,-2.6765081101740917,0.46377936806652725,3.8160566357698404
0.006377668677885938,-0.0065116432800772185,-0.005740634271972058,-0.005961110611290809,0.18784380807762932,-2.6798427813161125,0.4440780857890844,3.8205192788699995
0.006366744813001354,-0.00652309630526635,-0.005721921173948826,-0.005979229647424241,0.19235396629488868,-2.683053395647104,0.4243248887195475,3.8248487187662534
0.0061964782690211604,-0.006709976217020853,-0.00541424361294755,-0.006259326522187696,0.26353070248954874,-2.7120036690127907,0.10350411835965272,3.8662084196438182
0.006186266947603391,-0.006722005841084652,-0.005394758637283211,-0.006276495752835645,0.26796269622150876,-2.7125977643715404,0.08333210159729144,3.867430178560014
0.006176109955824314,-0.006734089934918151,-0.0053752461687432964,-0.0062936527148787684,0.27238622252534567,-2.7130633250959098,0.06314505372937185,3.8685143121976204
0.006323804869184414,-0.006569436302142839,-0.005647218020114121,-0.0060515799916171726,0.21011312253440304,-2.694746470035629,0.3453077598938718,3.84106726639272
0.006334459402920729,-0.006557915389904048,-0.005665939350686495,-0.006033775985888782,0.20582597122912957,-2.6921306361089656,0.3650432166506464,3.8374349448444707
0.006345102732898515,-0.006546273601251444,-0.005684511269929699,-0.0060156253358123685,0.20141881027602135,-2.689208216560323,0.38474689165961845,3.833320608197671
0.006355869047718916,-0.0065346388778338505,-0.005703177626226747,-0.00599739406564707,0.19689541889596687,-2.6861628378002966,0.4045237144659061,3.8290890759782354
0.006307766930745945,-0.006565107327898993,-0.0056182764528929586,-0.006039253363340912,0.20940563798341918,-2.6814842018861165,0.3286717000900428,3.813137978227583
0.006242084416660162,-0.006634042951198003,-0.005500788625033884,-0.006141437049540917,0.23544005434289225,-2.6905911455657656,0.2087684850271808,3.8248330591399196
0.006252851678976941,-0.006622274048068076,-0.005520336999203768,-0.006124184603360013,0.23105811480148422,-2.6892626144012297,0.22881810212600104,3.8229532820866363
0.006296794430288359,-0.0065762566598125995,-0.0055989264909539265,-0.006056003276716556,0.21367583176185914,-2.683242999741102,0.3089563599036364,3.815273953187225
0.006263716617796401,-0.006610597661786344,-0.005539940521017473,-0.0061069960990021085,0.22668673450756385,-2.6878606017784548,0.2488776255469465,3.8210525382301377
0.006274671782201115,-0.006599014832308545,-0.005559588394562134,-0.006089869223259451,0.22232479701436095,-2.686380471351404,0.2689415624699198,3.8191212704498
0.006285710850136299,-0.00658755098771614,-0.005579272292470257,-0.0060728458245100985,0.2179818937133998,-2.6848368310486657,0.28899132793659194,3.8171877018946465
0.006231421903143966,-0.006645894896942998,-0.005481306084398179,-0.0061587407134332415,0.23983115589792395,-2.6918442985966453,0.18873953965450066,3.826688605764844
0.006220863081329767,-0.006657807533057285,-0.00546188686291152,-0.00617605717574237,0.2442241570898874,-2.6930053514025514,0.16874238750556894,3.8284868244955743
0.006210403957648364,-0.006669763345592771,-0.005442523934900607,-0.006193355607080383,0.24861209747086696,-2.6940595627223156,0.1487830618712619,3.830198171807917
0.006189782000367579,-0.006693796866423535,-0.00540396013215462,-0.0062278912131955,0.25736997217128676,-2.695845386891605,0.1089762230092423,3.8333543310319453
0.006200044365275871,-0.00668175837784218,-0.005423216707058351,-0.00621063078409488,0.2529932025805626,-2.695005278535404,0.12886319117215514,3.8318189687443187
0.006500363083725488,-0.00638888787575517,-0.005943258018975993,-0.0057597595887148795,0.13936061973087,-2.635389432428585,0.658090304569081,3.7625417465131377
0.006511809004441773,-0.006377705337290239,-0.005961435038667984,-0.005740702623033212,0.13482572114703192,-2.6302787627551365,0.6773888022621383,3.7558954308621844
0.0065071246192160495,-0.00636099471155107,-0.005949158215380466,-0.005710220522700703,0.13032785057567942,-2.6140670394873187,0.6763890980431214,3.723717314757011
0.006514715364910866,-0.006333145502722583,-0.005956047735417829,-0.005661050429928905,0.12245355379906324,-2.5930755038935076,0.6942926333020378,3.686244823766035
0.006502433441403774,-0.006343623146629227,-0.005936708481322787,-0.005678785360519773,0.1266884839495561,-2.597427822664645,0.6747696942082843,3.6911922559634642
0.006569609260613665,-0.006267731337349921,-0.00603550787435146,-0.005547171739754386,0.09929909180611245,-2.5551660993358207,0.7842227826211055,3.6308110168166223
0.006557686619601139,-0.006275045287765071,-0.006016617243220615,-0.0055599223236113,0.10263099075345704,-2.557872144163962,0.7664933822765314,3.632365493311698
0.006511009760530994,-0.006316271952062043,-0.005945292204902263,-0.005630873954747533,0.11863624724008233,-2.577420702336514,0.6938556221569846,3.6559915162347623
0.006524019293565388,-0.006308669071256781,-0.005966363429163907,-0.0056181712054235245,0.11523496524510875,-2.5755516648874908,0.7132610813217923,3.655957457701361
0.006533085651658734,-0.006296443797705258,-0.005979165511470131,-0.005596976192435737,0.11095274576654561,-2.5682643078149954,0.7284531481158685,3.644808734705362
0.0065448195453459675,-0.006285027469085763,-0.0059967510340914396,-0.005577232709357972,0.10673204221146972,-2.5623803129581404,0.7468975834966533,3.637098464759491
0.006591137043684928,-0.006245356215079264,-0.006066545987083721,-0.005507654320935172,0.09119474174334119,-2.5419710888320974,0.8177286795815281,3.6127176129954477
0.006576408857518909,-0.006253191761567142,-0.006043070709769023,-0.0055215578263384125,0.0949658331311345,-2.544672045115177,0.7961851895982553,3.613260815079272
0.006663433629392172,-0.006181397302861564,-0.006171134939208421,-0.005391864582121861,0.06678619373240713,-2.503113110358426,0.9256018212800685,3.5640529104739214
0.006639263768011964,-0.006201709878066013,-0.006136306597427476,-0.0054291700797801596,0.07465014456750112,-2.515873979988759,0.8901057950694897,3.579574700193418
0.00664766297811409,-0.006188072013427474,-0.006146035990682084,-0.005404733547097266,0.07046552288606617,-2.505873485542122,0.9030266376365306,3.5637572842270737
0.006615286792434678,-0.0062230265436690226,-0.006101674714916139,-0.005467755345786584,0.08277343530049111,-2.528862498050103,0.854339654714296,3.595899751892938
0.006623370561088524,-0.006209078210141466,-0.0061110508547419515,-0.005442929307756784,0.07848082341177902,-2.5187684046489314,0.8672129263832564,3.5796971866422242
0.006599074434659392,-0.006230938247504016,-0.00607583300747719,-0.0054821425003146965,0.08676858905699202,-2.5316846766275307,0.8308468568151578,3.5960026934865437
0.00682418199437385,-0.006063473970012949,-0.006398619478347239,-0.005161855247167275,0.01911116564586186,-2.4161886034865243,1.1519513266103238,3.4649504745747457
0.006813023139399188,-0.00607393025515153,-0.006384575751967189,-0.005182409305021265,0.02271757650647487,-2.425049429622472,1.1370838108196484,3.4767331184006607
0.006798397998997628,-0.00606959704432122,-0.006357134358898757,-0.005177983276407898,0.024559722661887367,-2.421114635538389,1.1153744395275094,3.462946226426692
0.006785838981112687,-0.006076392205446263,-0.006338761910608352,-0.005192228317883445,0.02777526050827078,-2.4265030302244663,1.098031117930338,3.4677492039520037
0.006686824907727506,-0.0061604793386015756,-0.006203866261203103,-0.0053531096029479815,0.05898260856976747,-2.48901011780706,0.9595792458851541,3.5460601744832316
0.006671462698186449,-0.006167727599279206,-0.006179902747670843,-0.005367263833056934,0.06271272273660146,-2.4927815159679017,0.9376473358694091,3.5475876703553224
0.006772632884815222,-0.0060859623028662185,-0.006320508633464848,-0.005211260654161653,0.03149371990584023,-2.434041604824236,1.079954386354672,3.4764101636182105
0.006761639767174795,-0.006097862338387966,-0.006307030216942044,-0.00523381387690644,0.03546775523646624,-2.4435065317967886,1.0650744550810347,3.4896826032005834
0.006735351239134291,-0.006118375119696075,-0.006270681017531282,-0.005273626958954835,0.04336387703765367,-2.4589134078068478,1.0284785254514817,3.5080774091808067
0.0067448184448065576,-0.006104061934579426,-0.006280726185269024,-0.00524734266600252,0.03918096398508234,-2.4475505504337787,1.0414051495344558,3.4905114474670222
0.006710914816730506,-0.0061395043208144736,-0.006237273407537294,-0.005313746846270623,0.0511627542681025,-2.4743330167870607,0.9940433680191223,3.527548208444732
0.006719876657328928,-0.006125645349276746,-0.006246969611032445,-0.005288460311705872,0.047082907761842305,-2.4635301527727766,1.0066657857189678,3.510739010836769
0.006695720512970293,-0.006146412050453254,-0.006213676489482721,-0.005327602202494429,0.0547895361485654,-2.478251823232238,0.9724835761290083,3.529207425051244
0.007563023853045095,-0.0054720177346992,-0.007125547646629704,-0.0038318714995512052,-0.1170574991523217,-1.734642149101003,1.8538530528728983,2.5885371759483173
0.007539541682579062,-0.0054767628917692995,-0.007097576285729236,-0.003857385481735453,-0.11500526589387285,-1.7520625835997714,1.8306242604793035,2.604810534015087
0.007520932378926294,-0.005487301006411146,-0.007081213775642795,-0.003886722480922479,-0.1135532647841213,-1.7689612383445394,1.8168379245761628,2.624833284598609
0.0075678719262106025,-0.0054448235487314185,-0.007107796483628924,-0.0037909209178646776,-0.115528846206063,-1.7185296910629397,1.8396207491542043,2.556928916336101
0.007623224639130991,-0.005426386464477187,-0.007165409749925086,-0.003719942106043647,-0.11928459051791016,-1.6733618586794896,1.8869820067687042,2.509685884622002
0.007593245666406411,-0.005436255272399239,-0.007134298185504315,-0.0037584401806661145,-0.11734868375377676,-1.6979570253549825,1.8614601986827513,2.5353957204161084
0.007497212770681125,-0.005528727608250485,-0.0070845304328830865,-0.003963206525676961,-0.11347685286374735,-1.80489598482016,1.8185252449058098,2.6821125530162147
0.007477254637976982,-0.005533669452981337,-0.0070606160811143145,-0.003985557183250405,-0.11131530894452575,-1.8196753159580565,1.7983310799131436,2.696200632032838
0.007457672059826877,-0.00554159322633075,-0.007039640084310989,-0.004011610856295981,-0.10930475362850177,-1.835570876105235,1.780452905993284,2.713281666404169
0.007437072701734007,-0.005555013006115563,-0.007021677997308478,-0.004046073063570326,-0.10732158493237445,-1.8548440211647343,1.7648239589220562,2.7369172019826684
0.007411798123745144,-0.005564576471018293,-0.0069933817451423306,-0.004078159519808379,-0.10450939867405473,-1.8743793526007442,1.7405953610424862,2.757341759606239
0.007311755614081758,-0.005649602914918333,-0.006915744938150162,-0.0042716305460461365,-0.09271178638986188,-1.976903966467722,1.6692103613180027,2.8926997831104075
0.007296074043528851,-0.0056549603360975,-0.0068963891352472025,-0.004289713393071299,-0.09045170614082435,-1.9877270031266812,1.6523355996481488,2.903290147060798
0.0073899166509594745,-0.005576793664465717,-0.006971887888687473,-0.0041113488260703995,-0.10207430265278776,-1.8932568694101224,1.721845557391499,2.7793911412679644
0.0073700019268474306,-0.005589397150842627,-0.006953259713171382,-0.004143531070403567,-0.09975027403535085,-1.9111207156253187,1.7053801923037482,2.8010120373475265
0.007318910477662341,-0.005631100951266031,-0.006911620956583973,-0.00423927634339413,-0.09345033643122508,-1.9619413801686882,1.6672055833633281,2.867245114932123
0.007332637132751219,-0.0056141155637401945,-0.006918378114835315,-0.004205043074831202,-0.09511494420180934,-1.9448345900169208,1.6742224017827942,2.8422693631204083
0.007350704281942698,-0.005600844150351391,-0.006934304714021489,-0.00417342581691956,-0.09745009354594021,-1.9278387042136822,1.6886079239571028,2.8208145077339286
0.007503591447625083,-0.005503826086919301,-0.0070716127786721525,-0.00392327925933307,-0.11269003845525363,-1.7880856742678901,1.808446887320702,2.650958039482821
0.007501547083850396,-0.005478926615619334,-0.007047085395506905,-0.003890271870016968,-0.11102111489800567,-1.7766262476365413,1.7888680577194846,2.6240237653791443
0.007019653253217092,-0.005867846396942664,-0.0066146572276133695,-0.004769876796797952,-0.03787423430508539,-2.2345049655570084,1.3824049849307978,3.2160609307557375
0.007001399967000705,-0.005873695196913331,-0.006588507599711296,-0.004786790231272232,-0.03419942856058661,-2.242882838684777,1.3589560939412932,3.2222661670962327
0.0069676726566566104,-0.00589216436416754,-0.006544635764214181,-0.0048299656458824355,-0.02666154900571892,-2.2634807750544343,1.3179827005632283,3.2440689056746708
0.006979144851506448,-0.005878600592261803,-0.00655513658095628,-0.004803430112746541,-0.029935431070801405,-2.250946957920462,1.3296615090763932,3.2260238937242987
0.007035411535650686,-0.005859174277938014,-0.0066347850345817696,-0.004749151993152875,-0.041276069396977026,-2.2242535827993604,1.4012513200359322,3.2050276729609792
0.007051175198457536,-0.005851474046026945,-0.006655419192551537,-0.004729836700334007,-0.04455206131894721,-2.214556149599406,1.4202873198248247,3.1951666297236367
0.007020359912527333,-0.005850403943427018,-0.0066045806430267764,-0.0047411535081400905,-0.03910712200590912,-2.22104989741736,1.3770623896053422,3.190524587588577
0.007131634557415479,-0.005798749696580923,-0.0067490922235551865,-0.004606945896466689,-0.06144334230038722,-2.151864049417149,1.5094117453842293,3.120893906045463
0.007107784875101633,-0.0058152040898234655,-0.0067224053527937,-0.004645109827492431,-0.05651631637074056,-2.1715392349369256,1.483926516989522,3.144781853431177
0.00711648420052379,-0.005802112522089301,-0.006727200517507742,-0.004619842149754397,-0.05877661367809596,-2.15920969043538,1.4900763881216637,3.125920932818041
0.007053563072340317,-0.005834737651753065,-0.006648171291993204,-0.004701616572691728,-0.04592016636190958,-2.20129331557373,1.4170509669087596,3.170818905199771
0.007088883750731762,-0.005819226912889443,-0.0066947352086942505,-0.004660555864422731,-0.05306273284672234,-2.1801603159060736,1.4594870413859118,3.150227686009393
0.007069221211403406,-0.005826233175802547,-0.006667789058959578,-0.004680889493340404,-0.049304371706360255,-2.1908595707847707,1.4352324768140508,3.159518036351974
0.007258994896278529,-0.005727722165760818,-0.006897088182905193,-0.004424239581508684,-0.08470833863628204,-2.052261813456367,1.6460026638073715,3.0079763872047036
0.007238586931107104,-0.005729070419752413,-0.006866324508197306,-0.004438500472831967,-0.08136226818783558,-2.062116129926062,1.6193687507128518,3.013227296396473
0.007191481212848144,-0.005751223289689484,-0.006809392785172273,-0.004500005108368988,-0.07321457993374142,-2.096502924929108,1.5677886891756694,3.04987360627177
0.007205944672753265,-0.005742424674322055,-0.006825499490791336,-0.004478143256831398,-0.07581412794793514,-2.084744675023687,1.5827065377056313,3.03609376325397
0.007221643824876645,-0.005734694218428686,-0.006844201314682961,-0.004457123408804146,-0.07852981428203926,-2.073070073478273,1.5996943299755186,3.023428716164057
0.007155229613164095,-0.005780419075284745,-0.006773553569784649,-0.0045656154577501514,-0.06624064103819528,-2.1305374510395256,1.533092781975837,3.0937678177256682
0.007136908929734241,-0.00578286221622088,-0.006746161455756986,-0.004578918165867321,-0.06302216800236897,-2.1385866292472144,1.5091873752220426,3.0980134568034416
0.007176617096212107,-0.005758605771920486,-0.006791458168226073,-0.004519725859452916,-0.0705588016784567,-2.1072943626253484,1.551422545434648,3.0615277619763295
0.007159537327570061,-0.005763083049780936,-0.006767777732552882,-0.004535878709516404,-0.06756854496924473,-2.1166709521107294,1.5304772018909603,3.069040004841416
0.007266986651912906,-0.0057051799087533845,-0.00689172023087145,-0.004384426515949787,-0.08609803451045625,-2.0336056738271497,1.643683573148435,2.975745743021267
0.007269232889369488,-0.0056784197716070565,-0.006874157122145902,-0.004341998879266551,-0.0865575427184314,-2.0150732021877786,1.6312440724069808,2.939589380584632
0.0072752301466963345,-0.005651421384316095,-0.00686217028367407,-0.004297390161894437,-0.08721268060786043,-1.9950864111330575,1.6235328737350725,2.9032115135150223
0.006821163319799241,-0.0060486125583596355,-0.006385856689834453,-0.00513692155534669,0.017428437857340235,-2.4035750470386823,1.1455520312537506,3.4398101901216878
0.00682989324438861,-0.0060346741001499685,-0.006393697036025991,-0.005110995343000056,0.013809108330710005,-2.3917783682362166,1.1560948773304196,3.4214289349611566
0.0069445811509076805,-0.005948147226216701,-0.006540051304434053,-0.004931159047605834,-0.0172197348495937,-2.3115421932603737,1.3018729495027728,3.3239788697189963
0.006925162239837347,-0.005950561741455053,-0.00650889217815277,-0.00494166545948888,-0.013561923045219028,-2.3160183804680554,1.2748654312728485,3.3227486768713193
0.006908897964173836,-0.0059568543114807936,-0.006485255421817365,-0.004957405022417195,-0.009975610700370332,-2.3229237545334485,1.2533750001856452,3.3279086228316
0.006833751536375297,-0.006015524582002298,-0.0063903863406975505,-0.005077426239462452,0.010432996288561968,-2.3757506732085516,1.1586993998628532,3.3929878798292576
0.006839908854371322,-0.00600098319111145,-0.006393253506276413,-0.0050512526588937295,0.007388788455369474,-2.3636029656900512,1.1649916445354502,3.3728633600938656
0.006852998925499505,-0.00599392549182559,-0.006411641315626273,-0.005035931446353277,0.004276068076586413,-2.3572969145746505,1.1822078107613179,3.3668180884225607
0.006893732355236917,-0.005965060051652011,-0.0064644539527213335,-0.004975820249050499,-0.006370383524362214,-2.331030157100701,1.2338413530545258,3.336011653331053
0.00687947177239428,-0.005974625145199225,-0.006445806040867963,-0.004996087800142703,-0.0027435874386078263,-2.3399551460311105,1.2157911057987347,3.346200247750979
0.006866275248138022,-0.005984680854719821,-0.006429076443707792,-0.005016744304178089,7.956996138885605E-4,-2.3490308668007462,1.1992102625682615,3.3572530731302748
0.006948079942450343,-0.005928708968506893,-0.006534285249268063,-0.004897447044389636,-0.019863906435680923,-2.2953944778168958,1.3014198750231074,3.294964888859543
0.00695409423375188,-0.005913828111051886,-0.006535352953674212,-0.004870617041096694,-0.02247129226201807,-2.282675850595006,1.3055918151384494,3.2737736774093675
0.0069521090202752465,-0.005897070227101115,-0.0065220113640996275,-0.004843663545748881,-0.02353640221192303,-2.269818667108796,1.2977995817971386,3.2482764694228305
0.009347333737467742,0.004654342552663485,-0.007819864859807776,9.448864062582301E-4,0.12477743259992469,-0.006981822850346636,-2.296215507924927,0.5945844035409639
0.009374396697675026,0.0046231631225634034,-0.00779576115810233,8.963310310747295E-4,0.13013616057138352,0.015128259282313627,-2.2764942623961018,0.5613378925414663
0.009234504817952679,0.004685882569065136,-0.007810334216926111,0.0011145698454372666,0.09932577224652633,-0.11525832982324036,-2.297759901728434,0.7107125781201217
0.009267568936003888,0.004656342544333162,-0.007792048499867264,0.0010566926869328057,0.10651685833514397,-0.08623164085179902,-2.281863666093122,0.6713697178760328
0.009308657130575356,0.004640716924276773,-0.007791149424037661,9.937803371828713E-4,0.11528716394004149,-0.04760425630147741,-2.2781042198918735,0.6283217543386825
0.009420567786681582,0.004617096675063848,-0.007804315964834705,8.300081860991516E-4,0.14045184655248125,0.06010202230144411,-2.2791682948801077,0.515818155341802
0.00947001645406443,0.004607272930420932,-0.007808606836243415,7.579494250656614E-4,0.1516772827462442,0.10758598345522644,-2.2784132547311136,0.46654333793324987
0.009507933452898774,0.004580945088464872,-0.007790909757138526,6.977488704621805E-4,0.15891835540777297,0.1405213998499626,-2.2625331145947456,0.42488143538525824
0.009552072769248804,0.004545651285108755,-0.007764582534539579,6.276265298178362E-4,0.1667126526283402,0.1776189809124494,-2.239766182257609,0.3760659642053516
0.00919175962818254,0.004669236164682916,-0.007774223093769833,0.001166481505843811,0.08971254830177124,-0.15977976218142095,-2.27441096407639,0.7469291867922464
0.009139580650504844,0.004663380316911904,-0.007744508618031163,0.001234919543210809,0.07844982660974588,-0.2117046310021258,-2.2562982755375827,0.7944585382683341
0.008645547739079319,0.004820598337091879,-0.007614721722153569,0.0019760458580267387,-0.0186358184719435,-0.6800250600390475,-2.1930970713916125,1.3043024388903515
0.008562438071055977,0.004876243602681799,-0.007609674428347916,0.002121677987099627,-0.03488554867572572,-0.7595518308741375,-2.1948850435941267,1.4029780483023264
0.008601976235504882,0.0048337527046552415,-0.007596006544222183,0.0020400756278472943,-0.02572226837295035,-0.7209096351273966,-2.1817388869268908,1.3484705088926692
0.008455671118052866,0.004883129233488693,-0.007530774261741963,0.0022570906028253463,-0.04839269900517699,-0.8574015752651513,-2.141056618243455,1.498105621167647
0.008506092680835171,0.004860195111257755,-0.007548562081047627,0.0021779015920911603,-0.04052840422824484,-0.8101516310135121,-2.1515900652196964,1.4438527599657631
0.008675325274799285,0.004787415698737538,-0.007601871378189256,0.0019149195224932895,-0.011577279688623933,-0.6514519811043494,-2.1813224132271034,1.2634785131437682
0.008730151716859348,0.004766806207541928,-0.00761870513558796,0.0018316930699023325,-0.0018159550866699802,-0.6000547677715149,-2.1904085546498995,1.206281685867187
0.008780502185616063,0.004756675537652113,-0.007641787031694844,0.0017609561960765365,0.006938254142536717,-0.5528127482398147,-2.2044813839092363,1.157260844044977
0.008799485421406806,0.004717447200990481,-0.00761349313277076,0.0017114491251220075,0.012438453735314941,-0.535031692228344,-2.181891781714349,1.12470201534041
0.009094660847864346,0.00463210037098627,-0.00769036202351261,0.0012803086675636517,0.06950719900684808,-0.25806958686206033,-2.2193756338988853,0.8269000697232748
0.0088388393311542,0.004697477681660788,-0.007617650678020611,0.001648962374095695,0.019943528388119965,-0.4983326138779236,-2.182442172818169,1.0818775997272416
0.009028237954263725,0.004641242548172889,-0.007666734425184926,0.0013723703106210518,0.0562816177186646,-0.3212287722654907,-2.206395824993772,0.8909771773605325
0.008985175688146737,0.004660377984677048,-0.007663876666328286,0.0014387810180084783,0.047707216032142556,-0.3612710775572557,-2.2072667522345166,0.9365934307611169
0.008891145043039131,0.004679737715992298,-0.00763087425695235,0.0015714343046958237,0.029663388816876666,-0.44963895512686214,-2.188952698735426,1.02851965059208
0.008932861618290383,0.004649404811881401,-0.007623681240108868,0.0015004295401343862,0.03828504270182644,-0.4111681413626668,-2.1807406888287657,0.9801782903791298
0.009052118782067698,0.004609954548676808,-0.0076464856809701455,0.0013253014505433328,0.061457122587292405,-0.3003446334926964,-2.189584466869649,0.8590905364593645
0.00837528590865118,0.004886333764597358,-0.007465878139817612,0.0023540588207860546,-0.056773275698701005,-0.9287127173658999,-2.095707171868742,1.56630134693913
0.008411649972176197,0.004857079926509437,-0.007467787113950029,0.002287065842530184,-0.05044659898328111,-0.8936674145396895,-2.095023251370097,1.5210124415335378
0.008037727850593144,0.005044006299825416,-0.007297621564017197,0.002873382458972479,-0.09343143850751018,-1.2372134268757422,-1.9818900999892815,1.9212662947957122
0.008067990000585515,0.0050142186375398135,-0.007300552515219085,0.0028114926406668165,-0.08931412798051135,-1.206329478687459,-1.9828261596321912,1.8792513949728313
0.00810128860307011,0.004997232417799292,-0.00731808103254494,0.0027596568464409565,-0.0864608223058482,-1.176175382433657,-1.9950320231529848,1.8440557043744388
0.00819788750273959,0.004972337489226817,-0.007388891012159949,0.002631873021211623,-0.0790333470983159,-1.0925491553150355,-2.0457586695512666,1.7562687843375173
0.008224965239504809,0.004951717071332059,-0.007394528114182203,0.002582567328140727,-0.07526826360986137,-1.06635764276292,-2.0487361385026506,1.7228658410393598
0.00816088520286996,0.004967020607586649,-0.007347982602865423,0.002666723156413335,-0.0804755155681639,-1.1219484437884881,-2.0155766977633984,1.780758221565727
0.008120764122878127,0.00496370865568121,-0.007305541563397344,0.0027059544282477016,-0.08191790085411504,-1.1534800335610829,-1.9842130666851727,1.8079268289755908
0.008271613419196407,0.004908381282914644,-0.007395505390471011,0.0024908620863678195,-0.06751284811652038,-1.0202045793016536,-2.0468937531123825,1.6609710526734844
0.00822897256902273,0.004913949997321221,-0.007361625802574237,0.0025428159744852897,-0.07104220157543596,-1.0564495883418898,-2.0227510065899037,1.69688812644957
0.00832943649414371,0.004869522669719131,-0.007409338179215151,0.0023915721609470042,-0.0591600786949475,-0.9657273768063294,-2.0544270393599606,1.593591543703959
0.008283053213075334,0.004867116738842465,-0.007365878099394082,0.0024409469801296023,-0.0626912790868784,-1.0039183904555309,-2.023263689523356,1.6279936767779495
0.007966607797139535,0.005059602530493313,-0.007237137811127379,0.0029614616202745495,-0.09595469504343289,-1.2959469921966618,-1.9369578211149412,1.981248175397779
0.00799399043956868,0.005022687845977557,-0.007231920661739049,0.0028952402737873503,-0.09166419560387652,-1.2654114069731097,-1.931898772382057,1.9362703266379062
0.0071429578037961045,0.005493039394979906,-0.006555440065991883,0.004141848738529335,-0.06795433026936964,-1.9469177732455556,-1.3893166840094593,2.7320131821827958
0.00707854456854688,0.005534520579352778,-0.006490883203421932,0.0042333515900165875,-0.059570398486258426,-1.9904960504439124,-1.3335668084092311,2.7834814522920293
0.007112712047306426,0.005508784220377816,-0.006523023480976262,0.004179728802952843,-0.06427670117351635,-1.9653883395089269,-1.3619611161587146,2.752325419719369
0.007002648861672308,0.005534325133485846,-0.0063823109777079255,0.004268046215805437,-0.04957268525337799,-2.0080947017707573,-1.2495070203389773,2.7839609623302772
0.007031858032597237,0.005512264955507395,-0.006410607380989857,0.00422363737655734,-0.05370587438115112,-1.9881543756157407,-1.274441790604856,2.759302209072949
0.006235179327250372,0.006234750954092867,-0.005468415079111688,0.005467787642701648,0.1298922293090132,-2.40632666189023,-0.402411887926678,3.293421733784133
0.006258445517889634,0.006203294661993973,-0.005501067879663825,0.005420554534003767,0.121414196612277,-2.3950732636967085,-0.4362128199554965,3.2762937690815774
0.006285774063072171,0.006170696557278761,-0.005539216424731438,0.005371488252268499,0.11229899457023894,-2.3840179533358064,-0.4738320455262778,3.260344085528295
0.006304452592912387,0.006133861160535288,-0.00556216622134699,0.005314753039815961,0.10358887313170005,-2.366152871974208,-0.5033692166224757,3.2314647759090005
0.006315896166020153,0.006100119951336962,-0.005573591633174293,0.005262512559939793,0.09608418643508271,-2.347508563607859,-0.5239061767027299,3.200309635494771
0.006120123870863827,0.006332552792523216,-0.005294552780461276,0.005603691954537016,0.15949761301552726,-2.4152079371194417,-0.2542439649946466,3.2984201548352163
0.006080810556694283,0.006380984398759043,-0.005233866883581636,0.005671420058497184,0.17304577107060248,-2.424165626622724,-0.19624434207888194,3.3122315956650823
0.0060912412979088875,0.006346872252192477,-0.005249689071342418,0.005620154195149129,0.1642611706972482,-2.4091998914499717,-0.22201087121788107,3.2857833424609
0.0060435738414951964,0.00639231254043655,-0.005175469084056589,0.005680188140745016,0.17757201122635569,-2.4107132670360687,-0.1587388895238092,3.2862717272384674
0.006006384924971167,0.00640935936004732,-0.005117319948678061,0.005697225843040927,0.18290447073547791,-2.3998489594112224,-0.1195684614113978,3.2654903702910865
0.00610958289322243,0.006296670392174817,-0.005276374682614526,0.005545463358185482,0.1529022359866683,-2.3881363121102663,-0.26093996910733436,3.2490308923593147
0.006171015950902918,0.006265155835020515,-0.005370270994947208,0.0055067724333939345,0.141549671780864,-2.3977425618065347,-0.3297187062157805,3.271298567554656
0.0061884513017933995,0.006228418945681297,-0.005394062488604329,0.005451741825613205,0.13245757329283256,-2.3822487456607697,-0.36021981481352877,3.245410242966106
0.006128166497267888,0.006265031064812291,-0.005303355828105687,0.005499620610384152,0.14434502493859783,-2.3777655699358973,-0.29096318258253756,3.2318773160848377
0.005949032387244165,0.006467476778146091,-0.005025739274465412,0.005770803944681282,0.198002201621913,-2.3985193538484664,-0.04286239172021336,3.262544508986263
0.005937178400399999,0.006495630041369538,-0.0050051891246649036,0.005810514800841114,0.20585476486102405,-2.406153692004207,-0.01749026428161375,3.276832548226315
0.005904700670538384,0.006514668057230888,-0.004953385268723273,0.005829213668345062,0.21060902129831485,-2.3958553978476576,0.018024042904069396,3.258707515762655
0.005873568232702185,0.00654156436699841,-0.004902621095216928,0.005859752679177724,0.21793944810646212,-2.3897598589263063,0.056485961432165534,3.24869243317831
0.005962213223160225,0.006401483179694619,-0.005049746115992189,0.005673428883125483,0.18253941742278465,-2.3709353621872116,-0.08949438661324505,3.2119938319578867
0.005941309418496969,0.006435852421388286,-0.005016028924852562,0.005720071284581071,0.19202874420730365,-2.3772664669732086,-0.05493708109255132,3.223487309336856
0.006764676040462841,0.005788860812361129,-0.006166402081154703,0.004729429012257883,-0.0030637846397007207,-2.204135359080162,-1.0370605644648432,3.0520285681584842
0.006687046635088504,0.005823965856199261,-0.006063097992301013,0.004801847558940443,0.011280067461627708,-2.2275845229362754,-0.9510196289604159,3.070102008458114
0.006634745962831552,0.005820013432574076,-0.005981503876411083,0.004806299700359474,0.018060279890066245,-2.221652129505971,-0.8923440256882428,3.0453543689179874
0.006714269483337893,0.005784077680282414,-0.0060871942039564435,0.0047347452266471475,0.003612769103881268,-2.2006681590756103,-0.9786317623686586,3.030283292691633
0.006792118887278997,0.0057530586123060775,-0.006191011090612892,0.004667213127193821,-0.010021432991746203,-2.1784225188036888,-1.0637942719968814,3.0149608622153043
0.006827419704744162,0.005721259069731748,-0.006228527398972568,0.0046084905260501815,-0.017407117017316977,-2.154709284155326,-1.0990946337369814,2.9842662933750677
0.006852829575614925,0.005682973862037418,-0.006246854799229438,0.0045428738792838985,-0.0233834691437865,-2.12674935959212,-1.12077405918742,2.9428543001270406
0.0068773486702485625,0.005658069210325384,-0.006270083929718856,0.004497484724836156,-0.028371321069381294,-2.10766707758224,-1.1432489852080188,2.9171487170223194
0.006965446245317725,0.005531164095904332,-0.006327499002129215,0.00427945218949921,-0.04489860204241184,-2.0134407212377607,-1.208153858429321,2.7794021691748863
0.00695338784094155,0.005562723594221219,-0.0063282867442435945,0.004329518499583708,-0.0425386242244859,-2.0352107043556846,-1.20379256622884,2.8141747235470236
0.006888984503302009,0.005618199382045144,-0.006265761266053266,0.004434727922359226,-0.03163757372034188,-2.0801528092850945,-1.1470779282599077,2.871668823258996
0.006924302878446303,0.005583718568769171,-0.0062982065857568785,0.004371337122589487,-0.038074937253155104,-2.053140385626186,-1.1775409456387982,2.835800716949622
0.0063638812993716595,0.006086673574207883,-0.005645877677725896,0.005242886976146687,0.08907118021682736,-2.353837094998426,-0.5759170866517734,3.219155953189037
0.006321214805626925,0.006065432316016853,-0.005574776229557302,0.005208852290926719,0.08991770988940898,-2.3262059814031213,-0.5376106422737185,3.1637899336543884
0.006399707940902565,0.006051756664664244,-0.0056938417220765,0.005188200488586556,0.07891963991861269,-2.3402999589223215,-0.6204386780709751,3.2017002638264422
0.006437685960764147,0.006028738518646437,-0.005747378231844933,0.0051512487943497255,0.07091499925011742,-2.3344745259771256,-0.6644458469234862,3.198590052108432
0.00649276729367325,0.005947776270994568,-0.0058094299422330265,0.005021781515856672,0.052101935429007394,-2.2905654955680714,-0.7340047318171187,3.1326958917684284
0.00645238493771744,0.005979501481174508,-0.005756463177941074,0.005073760717083092,0.06154854707090273,-2.303960797421363,-0.6875083249486139,3.1478298470327433
0.006525938173260839,0.005873602090332677,-0.005835958718326908,0.0049046065845607285,0.03823541533607882,-2.2456360203151196,-0.7747101908003097,3.0614071616636376
0.006485070443299057,0.0058957429911242745,-0.005781192016548947,0.004942725941020481,0.04596290505598311,-2.2537381972101245,-0.730695816703463,3.066877913979782
0.006585349328195083,0.005821581121667453,-0.005907282100077187,0.004817362034755285,0.024745199150000532,-2.2182782020766516,-0.8391284169395928,3.027281211501924
0.006535773008298669,0.005828114013895375,-0.005835105122827858,0.004834699798623801,0.03173670476401879,-2.2167419958988437,-0.7870000907840086,3.013322239371034
0.007239692387497427,0.005458071875940801,-0.006666924295989785,0.004038949191158652,-0.07957482347886889,-1.8932523230252758,-1.481214087701721,2.6795417892554885
0.007197459294239598,0.005472529272724415,-0.006618120828413079,0.00408340864494531,-0.0746588714053766,-1.9168415909379806,-1.4411176129335646,2.7023501034703186
0.007236334953437333,0.005413141259783799,-0.00663063125581533,0.003978997232005523,-0.0780784087437482,-1.8690175659113,-1.4565890868048068,2.6312456867347334
0.007257831772277845,0.0053784072575458934,-0.006635475714231113,0.003919151572070615,-0.07963295085900736,-1.841814851605368,-1.4634277096667196,2.59051740788053
0.00728612731283047,0.005339601397753157,-0.006645942360001913,0.003850145624082719,-0.08126554984826245,-1.8100840949609773,-1.4747273702770556,2.544665292370811
0.00731819729686229,0.005300934342255967,-0.006660617936857012,0.0037793286180027343,-0.08300758527452406,-1.777105573831239,-1.4889495766254448,2.4983719416277874
0.007406427083622999,0.0052798542950272635,-0.006759481123662114,0.0036940098540807205,-0.0900800111986396,-1.727991555364504,-1.5666794385159208,2.4527245325936
0.007496776041577166,0.005227214681964229,-0.00683366979951199,0.0035631161909765855,-0.09431714846281757,-1.6585795527716325,-1.6267499041807896,2.3709623735451704
0.007448428212162113,0.005240006319776071,-0.006782799521726212,0.0036139749776188017,-0.09145163086427521,-1.688914235804098,-1.586751272327689,2.400749488004284
0.007525304613039043,0.005191320818658797,-0.006840887418321575,0.0034974823543049674,-0.09380970434030704,-1.6277309830607674,-1.6335891965762055,2.327116997129878
0.007353250900226375,0.00526249786163403,-0.006678338105302428,0.0037071527608163175,-0.08465160198904988,-1.7430631771473946,-1.5051809288954463,2.451664921628844
0.007790657955682287,0.005115285284695245,-0.007092710453187664,0.0031889893288680115,-0.10013666840658954,-1.4385244992036432,-1.8282713663360166,2.1330025777771002
0.007826337173607513,0.005076973089018999,-0.00709935082974296,0.003113511662267507,-0.09712365806948899,-1.4014804856288345,-1.8331368147620426,2.0819752381350365
0.007614872412330764,0.005169977082487921,-0.006932801536754876,0.003402288900635816,-0.09766615686204956,-1.5691031038478613,-1.704996773404396,2.269510933965693
0.007660749835751313,0.005142350158205193,-0.006964754823140025,0.003332078382843238,-0.09794937814155501,-1.5310839585636493,-1.7299686320983134,2.22412409491858
0.007736988476550049,0.005090434954557446,-0.007009875161375022,0.0032076223996262373,-0.09634952849554107,-1.4646531937901344,-1.7650368628346111,2.142241062196779
0.00767109989512074,0.005079871097624291,-0.006925333585211462,0.003250616351742876,-0.09294461610176803,-1.5008364672363848,-1.7006628742603438,2.1669155004308664
0.007870180574979908,0.005054251124840415,-0.007127794598201213,0.003048067538715935,-0.0955373593643661,-1.3640241642814408,-1.854366012333678,2.0383590792308097
0.00791723414173285,0.005048466319748181,-0.0071738082878088335,0.002997440869907175,-0.09503717597392908,-1.3291174556653973,-1.888881985237908,2.005084215381904
0.007558391208997129,0.005146543504922428,-0.006845916984946458,0.003418079163758063,-0.09260176994551261,-1.5909155054199517,-1.638809184053169,2.2739846360861193
0.007158727805883146,0.005462343969215678,-0.006557102475764854,0.0040904480516402485,-0.0696103359979252,-1.9238973650591615,-1.3939309345077169,2.6962631476861305
0.005817226307930801,0.006519705825343109,-0.004820681612028896,0.005807363357173196,0.21258764909784003,-2.344855309808317,0.07924815389811653,3.1676106059963094
0.00579462386504684,0.0065823718341957455,-0.004777404787880724,0.005892746591261904,0.2275728414373208,-2.3585634112431086,0.1335867436898002,3.195341751702394
0.0057793904491718374,0.006695883573160564,-0.00473191197597479,0.0060572268610187205,0.2557040143314508,-2.3967488155189227,0.22228208057627574,3.271948356418537
0.005779142220608964,0.006634203902165817,-0.004744711247143881,0.0059642444199583524,0.24016100429386425,-2.37074691450471,0.17803085688481476,3.2204856179938934
0.005734532611723229,0.006721155326700681,-0.004658366348998899,0.006075315841167362,0.2608807229050665,-2.3753201855281243,0.26623852108402796,3.236531262327096
0.005558626618772533,0.006868720845965783,-0.00435614560520703,0.006204896126861744,0.2877892570486807,-2.2971631875059244,0.4612510566227512,3.1192185452063366
0.005688230069432069,0.0067482682677439025,-0.004582465993557509,0.006094334783885726,0.2657037613100987,-2.3527171757642655,0.31068269836655366,3.199829765644619
0.0056407907585393656,0.006779526779946111,-0.0045039586525847585,0.0061176736279338175,0.27105799015862336,-2.3298505682897903,0.35701851305650795,3.163642108657171
0.005590197138405558,0.006817404569137987,-0.004418946486392655,0.0061476362945790345,0.27705986100073937,-2.305672335993503,0.408139351998016,3.12662921725677
-0.007035716006004062,-0.005973460492812781,0.006710763211205212,-0.004940416366407077,-0.027325259709545847,-2.316537055508528,-1.4424534701988845,3.383845547138202
-0.007033757878619312,-0.0059575668137699525,0.00669662993644595,-0.004913761843206143,-0.03497201103626362,-2.302246704760838,-1.4378014363595855,3.356162007378792
-0.007048380318743571,-0.005964167835846035,0.006726247029705856,-0.004919314634555346,-0.030709445659140758,-2.3058372654859607,-1.4580463967445472,3.3705186199674606
-0.007046423496535863,-0.005948238713092913,0.006711968471643309,-0.004892693820475995,-0.038212222755149794,-2.2915466979122106,-1.4532717861131241,3.3429716475605136
-0.007061073770271074,-0.005954915005069572,0.006741672403644556,-0.004898153552693585,-0.034512137160045225,-2.2950545692871986,-1.473593522286149,3.357045270589115
-0.0070591383156267664,-0.005938949136820138,0.006727273086401051,-0.004871569447788389,-0.04135192921516793,-2.280728893017606,-1.4686348062338723,3.3296760269221757
-0.007073796236880272,-0.005945702090780215,0.006757033106663914,-0.004876941483260617,-0.038205172781185424,-2.2841751435750264,-1.4890744841999917,3.3434657998705606
-0.007071903411051409,-0.005929697628526718,0.006742544829196502,-0.004850386244087481,-0.044429251110217005,-2.269798344377147,-1.4838936189533698,3.316267490828647
-0.007086547594687288,-0.005936529182831806,0.006772330339792714,-0.004855676615106771,-0.04200570401887808,-2.2731853472082486,-1.5044773466084556,3.3297868499758967
-0.006858814891100986,-0.00609187318633085,0.006473597199888316,-0.005203129003163679,0.014830510800547004,-2.439984131662332,-1.2098586850794557,3.526550354382756
-0.006873787507563485,-0.006097847331006403,0.006503446282718549,-0.005210301390495264,0.019721854095501486,-2.44609036747766,-1.2291253453813775,3.544156893995565
-0.006871071065825545,-0.0060819758511489715,0.006489847372935909,-0.005182712537602194,0.011250350661928905,-2.4308326045024793,-1.2267711012246527,3.5151592486290153
-0.006886061847125404,-0.00608804535045817,0.006519797822052324,-0.005189825525919079,0.01477349227519966,-2.4369268666115382,-1.2462384153494475,3.532493322832829
-0.006643045676502566,-0.006275685622762609,0.006169053035808604,-0.005560489366718025,0.08808890857582129,-2.581736416554873,-0.8894305127941066,3.7044721032495986
-0.006658240533906344,-0.006280773780640196,0.006198587958430694,-0.005569520625948993,0.0928272457991093,-2.5906475048244775,-0.9066278582110213,3.72615739150368
-0.00661605646552063,-0.006281100125908503,0.006122460061689018,-0.0055709773739799,0.09593370337649638,-2.5797452767532048,-0.84733512616093,3.6917733383628177
-0.006627592313240504,-0.0062704366576460105,0.0061396422050153145,-0.005551643319880672,0.09179365420082475,-2.5732561738629065,-0.8655613195106812,3.68344440221952
-0.006705240485047166,-0.006239074616716286,0.0062680776394789415,-0.00549119846703552,0.07620468320313015,-2.562268458893922,-0.9808099499796837,3.690120009699871
-0.00670196707083693,-0.006223335402189359,0.006255676194667144,-0.005462812570009266,0.06682114248471992,-2.5466002214449275,-0.9812987873748805,3.660066459397773
-0.006654749851854324,-0.006265123541028522,0.00618646852420987,-0.0055410327630736325,0.08403892387267159,-2.5749710677936117,-0.9079713534233792,3.6958877204440523
-0.0066699413423799364,-0.006270293666143451,0.006216071315030488,-0.005550000896081581,0.08731328521503867,-2.5837862607708275,-0.9253328905069602,3.717333757290573
-0.006681675014610206,-0.006259850365114011,0.006233487585272601,-0.005530432849562848,0.08220384769787234,-2.576758341899394,-0.9439516635355963,3.708404295065597
-0.0066665151613838165,-0.006254619741871296,0.006203878429216787,-0.005521558744160302,0.08008329568652177,-2.568089360827159,-0.9264281716362809,3.6872053383091035
-0.006693441434347548,-0.006249443980966237,0.006250820053173424,-0.005510835373077077,0.07874449455709352,-2.5695711165110313,-0.9624332404649639,3.6993609757345065
-0.006690142495213614,-0.0062337611238822066,0.006238527232658918,-0.005482507876072462,0.07132638419350885,-2.5539406458278386,-0.9630930193971897,3.669368176845961
-0.006678322504949845,-0.00624417819212423,0.006221252386858492,-0.0055020720988088355,0.07588732859377463,-2.561092968007195,-0.9448013289694783,3.6783988800626517
-0.006698471790285112,-0.006207189132882038,0.0062431769455711635,-0.005434441469724841,0.06680501112611148,-2.531676547392628,-0.9747283013741089,3.6307529401365675
-0.006710369187183259,-0.006196637915578895,0.006260106875814864,-0.005414476343313831,0.06261493774534778,-2.5241489011653537,-0.9925833976405443,3.621159046467763
-0.006170199821821799,-0.006718896812309752,0.005366639892491144,-0.006264226110123437,0.2664706944406703,-2.6983113301047337,-0.0692608150032412,3.838425261369379
-0.006180782399349467,-0.006706858824739553,0.005386709943319142,-0.006247352264214926,0.2621179540198559,-2.698128851097169,-0.08957596203610285,3.8379607040620187
-0.00619138214969744,-0.006694815095137762,0.005406696285102041,-0.0062303387875528035,0.2577505541698202,-2.6977407922218024,-0.10989432953905408,3.8372137251749217
-0.006201949938411844,-0.006682848782348036,0.005426503138855391,-0.006213312019268083,0.2533710157902363,-2.6971694909488906,-0.1300835295347045,3.836226279253316
-0.006212490126594656,-0.006671101050036001,0.005446128079117179,-0.006196528364754248,0.24908206682722803,-2.696522812199742,-0.15005540936220638,3.8352094445986444
-0.006206937674358468,-0.006655571643087884,0.005437358480539902,-0.0061669314152354585,0.24404565268311526,-2.6814783132054196,-0.15498672652713827,3.805201800471302
-0.006216830355088608,-0.006643653374578839,0.005455550856546794,-0.006149502916984032,0.2397304147701029,-2.6799822506836897,-0.17404810058761352,3.8026398338273455
-0.006227470851292318,-0.00663210695677605,0.005474930658818996,-0.006132879233045477,0.23548876287856682,-2.6790795700864085,-0.19363484309177884,3.801387841991
-0.006257231514521528,-0.0065951485847884446,0.005528596502208112,-0.006077428912863794,0.22211695762587,-2.672025961832382,-0.25118478132812566,3.789658573844171
-0.006247155463195809,-0.006607693601991836,0.005510558839840617,-0.006096376056573607,0.22667600527133844,-2.674633531523987,-0.2317684917829402,3.7939511108856485
-0.006237830031384785,-0.006620343507497781,0.005493709581118655,-0.006115646542744552,0.23121541444769558,-2.6776281505319868,-0.21303644416310344,3.799157516929253
-0.006267828185397649,-0.006582888028953348,0.00554742034302819,-0.006059030298356472,0.21761836433501722,-2.6697685607966277,-0.27094153091384504,3.786199261323587
-0.006278647760159438,-0.006570838460154269,0.00556651181018314,-0.006040946327718035,0.21315737563915668,-2.667605931399627,-0.2907639065326175,3.7830543583969134
-0.006289610640118949,-0.006558772017644689,0.005585730623778525,-0.006022744282480033,0.20867145554314578,-2.6653122575370456,-0.3107039900117227,3.779780884246065
-0.006312847911522382,-0.006535229263594761,0.005626142919234102,-0.005987343598797525,0.19976463878983666,-2.661332965003821,-0.35161698993689544,3.77489301140035
-0.0063008903851242875,-0.006546497548927306,0.005605377257184648,-0.006004127999747511,0.20408382333713612,-2.662839488577856,-0.3310713601008884,3.776310231818202
-0.00632430444550658,-0.00652420125210727,0.005645925445558433,-0.00597071160407249,0.19553394872094443,-2.659505762612039,-0.371447903470083,3.7729121058336754
-0.006335680220481434,-0.006513230107932727,0.0056654590857686885,-0.0059540223092412236,0.19129778944997786,-2.657474417741146,-0.3910672678170677,3.7706315120752545
-0.006433511481531259,-0.0064557465344376634,0.005834714719143533,-0.0058713119012997125,0.16549013410106636,-2.662596186139778,-0.5427907673676186,3.798240123875287
-0.006422343671255483,-0.006466859920909166,0.005816135442299994,-0.00588941024378543,0.16990892031178984,-2.6664036742263204,-0.5232335231033822,3.803157762975541
-0.0064111805164970975,-0.006478050582343541,0.005797453211172531,-0.005907521197933317,0.17442026969809696,-2.670078023486137,-0.5035772871813783,3.8079208728568474
-0.006400154002236574,-0.00648937553106577,0.005778909461367038,-0.0059257747996244075,0.17896276401926361,-2.673736351862601,-0.4839763512882072,3.8127739193999015
-0.006600678540066341,-0.006275801990310481,0.006093207545422783,-0.005561604706371986,0.09652793528101124,-2.570942418594744,-0.8264542043717027,3.6700127251974544
-0.006589112677444906,-0.0062861068644429795,0.006075764664646651,-0.0055799965782856184,0.10061167985322306,-2.5767207402892964,-0.8082828279047142,3.6771891530539134
-0.006428882842320024,-0.006439959136287132,0.005823967602444789,-0.005842089038587821,0.16108269345220858,-2.6471238699542656,-0.5435451906152559,3.7676523224847105
-0.006439996465725058,-0.006428900879921359,0.005842161469928637,-0.005824004088427182,0.15674274745422104,-2.643132629489904,-0.5626257185674234,3.7624741738600957
-0.006451197563101676,-0.00641784920050299,0.005860391225126798,-0.005805821476744946,0.15240220412429692,-2.6389944956686286,-0.5817412890578635,3.7571314470728185
-0.006462152399444903,-0.006406599756631939,0.005878017533870209,-0.0057871282590518025,0.14803440611977436,-2.6343880883625146,-0.6005167963572241,3.7509332065004206
-0.0065774069216262354,-0.006296362299248431,0.006057936161700438,-0.005598179553000313,0.10473888059960358,-2.5822335902419717,-0.7898362239848696,3.6839075424856778
-0.006565657820131389,-0.00630685235574377,0.006039979782847895,-0.005616657118860985,0.10889679585717642,-2.5877546912357414,-0.7711817114689047,3.6907154425682065
-0.006553868844850483,-0.006317488133421412,0.006021869779029275,-0.00563527069592237,0.11314817972944628,-2.5932025862918366,-0.7523469755292586,3.697463052468122
-0.006473092236515485,-0.006395279751565781,0.0058954739085083025,-0.005768190032614167,0.14365917500942518,-2.6295368563792554,-0.6191914664240773,3.744352397570522
-0.006484438302141466,-0.006384153695815278,0.005913569840816897,-0.005749530707198847,0.13930397596179425,-2.6248370313828153,-0.6382480959521626,3.738250468140379
-0.0064960227642744325,-0.006373248859824868,0.005932015823491303,-0.0057311704133746625,0.13498338236903806,-2.6202277036914112,-0.6574702632665285,3.732478924004002
-0.006541982002178229,-0.006328330424416467,0.006003516076402173,-0.005654122119919914,0.11743293917704319,-2.598605600810719,-0.7332261599045126,3.704190654071708
-0.006530207480051057,-0.006339576225396495,0.00598533770694007,-0.0056735771421465445,0.1218416398308846,-2.6042022969230985,-0.7140618342907366,3.711411708806025
-0.006518795640992739,-0.00635106042397949,0.005967730857113847,-0.00569336082012956,0.12628117519545537,-2.609947076777391,-0.695215885879906,3.7191048647949336
-0.0065075102805700535,-0.006362319492854922,0.00595015812095842,-0.005712631365840021,0.13066715022977468,-2.615362261167174,-0.676485179341809,3.7262946677362456
-0.006384299419872264,-0.006484849253548055,0.005749843817196127,-0.005914335293070331,0.17858789816872442,-2.6616064355900857,-0.4660062968155884,3.7864999295970807
-0.006368733130450413,-0.006480536523590297,0.005721518103761057,-0.005903317322540179,0.17877347680096908,-2.6497642718782135,-0.44830630065810034,3.761144719781306
-0.006358196632086376,-0.006491648466359154,0.005703818274362269,-0.00592083334821307,0.18297860255793033,-2.652962311254127,-0.42975898384158023,3.765484260901323
-0.006346926575159076,-0.006501940523075543,0.005684629861020017,-0.0059366019703110855,0.18698581042167886,-2.6549138986307192,-0.41069486655398046,3.7674254172508808
-0.006800793525181948,-0.0061574646479853655,0.006404119396946667,-0.00533191423823602,0.041674110276598564,-2.4990209851004503,-1.1252291487668147,3.610483568044758
-0.006797962506847822,-0.00614168430639345,0.006391210937612804,-0.005304048198501019,0.03486978105809535,-2.483539778787666,-1.1237650960515149,3.581001611227403
-0.0067887376566984434,-0.006167534192912689,0.0063873501098361644,-0.00535199156856031,0.044671844825029755,-2.5074522823055387,-1.107628350171321,3.620923657859883
-0.006785870432471662,-0.006151753976798787,0.006374515802258277,-0.005324069608557116,0.03902912472784619,-2.491855110754504,-1.1062425760607757,3.591441900871658
-0.006776713476601134,-0.006177641567294448,0.0063705148161261015,-0.00537201965919799,0.04795565511856318,-2.515763899810954,-1.0899161324886166,3.6311740606263023
-0.006773799972397764,-0.006161833523311893,0.0063577293488240256,-0.005343992360354092,0.04327975351099004,-2.5000180262069276,-1.0886348697393224,3.6016793748400704
-0.006764721103672905,-0.006187786671370487,0.006353607990201676,-0.005392005041073515,0.05184980658989952,-2.5239297765643207,-1.0720534899427605,3.641272589723688
-0.006761748489067611,-0.006171936223981434,0.006340853724815596,-0.005363837892378125,0.04740099866018995,-2.5080410873630368,-1.0709517564192181,3.6117236163012065
-0.006749719159418718,-0.006182082791387958,0.006323902744029361,-0.005383641102439849,0.05141723785126668,-2.5159484232042444,-1.053196106966724,3.62161072451937
-0.00679496229719645,-0.006125557713721998,0.006378354354794744,-0.005276270539225635,0.03460209589499216,-2.4693477274466535,-1.1159369280632345,3.552786228831128
-0.006807144182354286,-0.0061155117360395415,0.0063949306051556,-0.005256245532935162,0.030680408035095922,-2.460968004648372,-1.133148644453321,3.542338032129042
-0.006819371483724416,-0.006105608808965123,0.006411521952259217,-0.005236350368960769,0.026863947863177206,-2.4525547586478518,-1.1503125149101419,3.5319209632184596
-0.006831524293240073,-0.006095713646608055,0.006427853584865216,-0.005216372101311046,0.023188425655862707,-2.443989611165503,-1.1672215771656997,3.5212575252554106
-0.006843604795026833,-0.006085716093062802,0.006443872221736474,-0.005196121937850489,0.0195283193728014,-2.4351860227132143,-1.183849190117259,3.5101798480194346
-0.006722396728755713,-0.006186231903242863,0.006277189907985563,-0.005394641767303954,0.058404039716266655,-2.5165984734859967,-1.010505560071585,3.611647574787541
-0.006734482451294097,-0.006175964793703905,0.00629429972870879,-0.0053749304337330295,0.05426243207934125,-2.5090059740919712,-1.028391842954326,3.6021588638028272
-0.005704940346358393,0.007200445496705017,0.004422947402472664,0.006788862331957393,0.4012408000089795,-2.4957602264477394,-0.7263788273048054,3.543383490556328
-0.005704698348417661,0.00722128312723401,0.0044107497731027965,0.006820809472651846,0.4083446671332643,-2.4992998668138147,-0.7499095428553549,3.556206322590237
-0.005687770982509114,0.007233040980665706,0.004377926939537142,0.00682603318817479,0.40925595585824975,-2.485045362271555,-0.7684090730051851,3.533593866066313
-0.005673619067155356,0.007247421659388831,0.004347845310751054,0.00683718135943952,0.41162296525687075,-2.473716232961918,-0.788703557998028,3.5172527436986236
-0.005662052270387752,0.007263687021842707,0.0043205012799455355,0.006852963617565859,0.41495449795840283,-2.464889299359973,-0.810240186586535,3.5062179256942243
-0.005651286206300379,0.007285661386178206,0.004290704279821749,0.006877754580863605,0.42008386439112627,-2.4571990709525786,-0.8379894938743966,3.4992644325213424
-0.0056384791122028695,0.007307354835581315,0.004257745395373797,0.006900218300574836,0.42477341038025657,-2.447145696867208,-0.8656501175975276,3.488052497997019
-0.005596840677707653,0.007397940792384293,0.004134952991544891,0.007000342308204372,0.4452696950411951,-2.4116268696897643,-0.978385636791573,3.4554696075833973
-0.0055847240899442215,0.007409665446143136,0.0041089017508457535,0.007007248324542814,0.4461649472677186,-2.400073307984201,-0.9934287806573995,3.4385389900323546
-0.00556781339113582,0.0074142789067478425,0.004081040778569308,0.006999660610246541,0.4437653157580432,-2.383946148821639,-1.0002077670263783,3.410323954685246
-0.005595117450482586,0.007378429072975517,0.0041460849437517065,0.0069702970459678834,0.43867434930909704,-2.409698745355612,-0.9555071132830636,3.4444025803647214
-0.005600043589860798,0.00735642979138819,0.0041683792729041574,0.006942044138383349,0.4326485985117993,-2.4136910716798465,-0.9291696934393193,3.443659302700374
-0.005609081694395575,0.0073338480086200955,0.004196790754652786,0.006916078869726836,0.42740191740333827,-2.42114294958149,-0.9016441343715779,3.4493233939224908
-0.005618518423154778,0.007314093211051285,0.004223647942441681,0.006894370773522179,0.4228326489916733,-2.4287231957030864,-0.877291099615341,3.4564348156556064
-0.005473401138393602,0.007587296075940202,0.003813666456290015,0.0071599342432103474,0.47132998292283107,-2.2800227109507776,-1.2036973973904204,3.2905296113114173
-0.005507329542175028,0.007527455268532594,0.0039093640098321275,0.007107985287062337,0.46318315643502184,-2.3199215186752293,-1.1350727373022542,3.3380820927012094
-0.0055053786940806575,0.0075022725622469295,0.0039264660663128415,0.007071094911489969,0.4550108653145551,-2.32078537273316,-1.1051462767407698,3.3287164865869188
-0.005474635079757734,0.007560143819992197,0.0038378011092907666,0.007123920165025803,0.4639099466462352,-2.2854816726738707,-1.1715552736420047,3.2881342503177393
-0.005486273654458244,0.007538470806566357,0.0038713421976319445,0.007104517226590263,0.4606313117506902,-2.299121402981142,-1.1468888408270919,3.303991524749916
-0.005545716622122596,0.007427695798243792,0.004039571255504992,0.0070003098570460215,0.44265608889286107,-2.362858048122462,-1.0173351443258793,3.3764815561706842
-0.005491667097441227,0.0074812665738852755,0.0039234767555947165,0.007029899498478533,0.4456054397464731,-2.309923418472309,-1.080408529805216,3.2998298783254394
-0.005504493362814934,0.007457479270247877,0.003959279745122029,0.007007602414397585,0.4417538139493697,-2.323364277308265,-1.0530234251643333,3.3151413043545546
-0.005514298612853311,0.007432690496799564,0.003991296828425222,0.006980992663521105,0.4367776538746179,-2.333654642309664,-1.0242941136253287,3.324401938983811
-0.005452390456417818,0.007601284345915685,0.003773401360495653,0.007159735851974305,0.4692664665914123,-2.2584475983856325,-1.217623076744341,3.256357898440217
-0.0053946311137791515,0.007648611510411326,0.003656167846456258,0.0071697888725523115,0.4652602586586671,-2.1976646863022267,-1.2632967615720296,3.164081863406786
-0.005411793286681981,0.007625320432659954,0.0036987661162925576,0.0071548260866447925,0.4641766699772136,-2.21763311402586,-1.239525891223452,3.1906563178369485
-0.00542706549563242,0.007607363263471271,0.003734284281415269,0.0071448515697822386,0.4637634477340856,-2.234703761685402,-1.2211018069426391,3.2143606079036418
-0.00515677255896277,0.007978153863422838,0.003055502403623268,0.007342060560243397,0.458827482201862,-1.8959994960222775,-1.5437389653452216,2.762102235157237
-0.005090983836946257,0.008048019825760006,0.0029119576053336783,0.00735353710455649,0.44699995455421765,-1.8184436318155959,-1.5823297366516629,2.651665880793171
-0.005109059941037025,0.008013871430488841,0.0029667380768340704,0.007334704757010916,0.44804836904469475,-1.8468974226109738,-1.5575326815051713,2.686839832191716
-0.005125092130595557,0.007987745646821342,0.003010928370013716,0.0073219254018591085,0.44978003680996637,-1.8698551822199352,-1.5390621099835982,2.7163028935030624
-0.005361420409784809,0.007640771548066829,0.003619721511149115,0.007129444607992533,0.45353508712584195,-2.171238333425407,-1.2479607538584914,3.1104365596442993
-0.005154078483075078,0.007944979157494819,0.0030862090085698657,0.0073026460178352475,0.4524699361917496,-1.9089615034743648,-1.5088388416356349,2.7676597081181895
-0.0053416196956646116,0.00766559664658928,0.00357291839767913,0.007143480217601081,0.45399563957115285,-2.148902542178806,-1.2716498379524326,3.080081235040195
-0.005170655282408765,0.007914940660336834,0.0031347969681329688,0.00728474865734964,0.45300964331106064,-1.9334755250312505,-1.4851196783687313,2.7981078822643926
-0.005318319835485817,0.0076908177215228015,0.0035213455452785393,0.007154349284312572,0.45299327565981645,-2.1233302992314873,-1.2943098888408402,3.043958804041095
-0.005295106371313715,0.0077176800481185,0.003468511964356533,0.007166815224008097,0.45239098827671625,-2.097239466362953,-1.3179551541268772,3.0077018571365053
-0.0051749588246241965,0.007873825215564366,0.0031799045544373054,0.007242013202169548,0.44705449791817736,-1.9530387610290063,-1.4447151237415314,2.8131625323024227
-0.005272196956116503,0.007744061626895082,0.0034165498094284393,0.007178398744818994,0.4513901324595761,-2.071364136949212,-1.340340575480239,2.9717273991604967
-0.005234686045489533,0.007820847025899115,0.0033001838901141277,0.007236208127124304,0.456125974224783,-2.0170807498661034,-1.410890620437575,2.9078116726192538
-0.005215471729675539,0.007839533753448265,0.0032597565181973166,0.0072402435813012245,0.4532702392416133,-1.9958485893005808,-1.423939903398983,2.8770312479445774
-0.0051903877955845204,0.007846123592834407,0.0032242100597706367,0.0072245086774894805,0.44707009288951827,-1.97473962679809,-1.4218168049428774,2.839946531540063
-0.005250258062456637,0.007770197673527725,0.0033660581462800483,0.0071900338093172185,0.4503933253673465,-2.0461271426670353,-1.3619740994295315,2.9369542114479352
-0.00523121119411869,0.007794078309755692,0.003321175652887468,0.007201135679723249,0.4491855134595493,-2.023706332197426,-1.3813609851275472,2.9064346863073616
-0.007150733491861328,0.005891267790960423,0.006847772642627742,0.004748690673516177,-0.05767122374719533,-2.215994526683848,1.5794385007021134,3.2605065377511515
-0.0071363036496742555,0.005884217426961044,0.00681825550196413,0.004743971290763752,-0.059846736259293536,-2.2140805013217784,1.5587439755393062,3.2475787293182594
-0.007137839516247013,0.00590023935268864,0.006832812224620546,0.0047701919312097335,-0.0541142081577195,-2.2275206554324973,1.5646051758785473,3.2747176343449467
-0.007163655606209029,0.005882336769500144,0.006862665890718991,0.0047271418246896775,-0.06114140775656173,-2.204356993472169,1.59414087544091,3.2462236010777574
-0.0071492538877793756,0.005875240187142295,0.006833171558936357,0.004722550189040682,-0.06263320588881448,-2.2025966612940686,1.573329882983592,3.2335613846618863
-0.0071766057290885464,0.0058734463785158,0.006877490612309265,0.004705547397618654,-0.06457005608699418,-2.19260080137044,1.608693916051503,3.2318759014865477
-0.0071622368721710695,0.005866321606299625,0.006848040340252159,0.004701108536195147,-0.06536961601243703,-2.1910364260503,1.5878136150214714,3.2194675398814314
-0.00718958373010223,0.0058645967077086796,0.006892240507090311,0.004683916714412023,-0.06745534075526234,-2.1807300281457573,1.6230769225173276,3.2174734199493265
-0.00717525094259784,0.005857463782717236,0.00686286110571168,0.004679649738532924,-0.0681177621664301,-2.1794034644333884,1.602201174329544,3.2052981891629244
-0.0071233833637933406,0.005893254146523831,0.006803288229980419,0.004765375325650758,-0.057021352490190746,-2.225484365363339,1.544044585600771,3.261520443684559
-0.007124973809367006,0.005909251363970854,0.006817786079257978,0.004791643562368642,-0.05047610598434062,-2.238943718292481,1.5496646961945617,3.28884488662149
-0.007112136501017045,0.00591830373358797,0.006802698627193696,0.004813039318683616,-0.047203758206713846,-2.2502710811056517,1.5346432331118727,3.3028542404397303
-0.007110494132640061,0.0059023469840022635,0.006788268760380305,0.004786757586691898,-0.054092672986600976,-2.2368012755772533,1.5292258366076157,3.2753841523664557
-0.00712158820306938,0.0058767838103870595,0.00678867288993336,0.004739054217064494,-0.05513144110772062,-2.21363999265547,1.531576736496458,3.237158912896249
-0.00706107377027107,0.005954915005069573,0.006741693520917138,0.004898124321481243,-0.03520837691630564,-2.294651644973977,1.4736081383238873,3.3575211142945887
-0.00704650974002825,0.0059482806638908045,0.006712137186024051,0.004892731369779202,-0.03808159730086005,-2.291751513318845,1.453439231105964,3.342845273526518
-0.007073796236880271,0.005945702090780216,0.00675704759520666,0.004876921331435792,-0.03840910546049634,-2.283705762280258,1.4890396731486462,3.3440371538457025
-0.007059245797444612,0.005939026854168603,0.0067274981851798065,0.004871654945679795,-0.04133117637323972,-2.280976921936615,1.4688071512507275,3.3296036484937344
-0.007086547594687285,0.005936529182831808,0.006772334203307258,0.004855671366045657,-0.04161934222743205,-2.27265656555325,1.5043508040064186,3.330435909536687
-0.007072010587185121,0.00592981196322306,0.006742792818692936,0.004850529067403205,-0.04453376233935363,-2.270098301009252,1.4840705814491966,3.3162425111117693
-0.007099327720783185,0.0059273963698165885,0.006787550254737579,0.00483437872097767,-0.04446389722612126,-2.2615089586956696,1.519545793942927,3.3167150737549496
-0.007084808415133047,0.005920632765115767,0.006758025943925072,0.004829346363565145,-0.04773533265575133,-2.25911434632069,1.4992329623554335,3.3027623905608663
-0.007097636633208335,0.005911478840972703,0.006773186197058381,0.004808090462353154,-0.050969885820639736,-2.248015934486396,1.5142874330207798,3.289143200236006
-0.00593786539774218,0.006959466979013584,0.0049087579500596825,0.006558815064866694,0.3452735955673058,-2.637994437614429,-0.349617163519743,3.7484577408308115
-0.0059286606052163186,0.006973213416457563,0.0048884333786406225,0.006576185283871127,0.34941933720911683,-2.635657655263677,-0.3698191429667279,3.746648819835427
-0.0059211954568944986,0.006987638177791947,0.004870620095762845,0.00659564134380852,0.35416169945867393,-2.634984447967108,-0.3895633227135167,3.7482193547028984
-0.005930114076011666,0.0069421625232590845,0.004901814151265611,0.0065252529499725586,0.3383276308216972,-2.623181940324454,-0.33759190113248,3.7174810938987704
-0.006011559902740092,0.006859377525920625,0.005064143850633311,0.0064318609532165874,0.3138341121928809,-2.654118802001705,-0.1975728080907861,3.763225301242998
-0.0059925310372542714,0.00686796918937616,0.005029527118811303,0.006436175084884872,0.31591360760984966,-2.6422720764320258,-0.22060715994070831,3.7418393186417185
-0.0059775537046232,0.0068794328704271865,0.005001022280831032,0.00644733741384216,0.3191669089917529,-2.635181981554321,-0.24282354924349922,3.7300104407116588
-0.005965229726675325,0.00689026151707136,0.004977134957882143,0.006458706118988322,0.32229688453417354,-2.6298401304281747,-0.2622875310884587,3.721510320180402
-0.005940418221028896,0.006929668710062288,0.004923205707295811,0.0065104930452318304,0.3346212026586734,-2.626736615432676,-0.318119314108474,3.7219767420702254
-0.005953282457372172,0.006918338522124282,0.004948418806957635,0.006499016389101679,0.33150314138385917,-2.6328936959113487,-0.2979580977309066,3.7316668673954774
-0.005950505911750093,0.006900400816842774,0.004949407433471303,0.0064674096159225295,0.32496724137640526,-2.621884574675928,-0.2827452421349192,3.7080848928339605
-0.006014638977911856,0.00682762856844665,0.0050774152985927625,0.0063795279138117505,0.30273436722088704,-2.639642775965742,-0.16622673949734756,3.731844394185888
-0.006024109023774371,0.006814383935446945,0.005096620543528083,0.006361870754311786,0.298454705678578,-2.640268473725427,-0.1467255591394295,3.7315933449267518
-0.00603434059165327,0.00680091186771337,0.005117041718392698,0.006344077352702288,0.2941062353012888,-2.641183939549346,-0.12641533961632698,3.7319812474512903
-0.006003748691074351,0.006839495970105619,0.00505602918920121,0.0063939834682592645,0.306441588225975,-2.636872072218577,-0.18568648030286658,3.727960041626249
-0.00581728068986674,0.007066308073206965,0.004667778510906149,0.006657047854366611,0.3711103327419509,-2.56754249259256,-0.5327652526843668,3.639791746764869
-0.005836457930852442,0.007054996745439031,0.00470375718538893,0.006651615266709421,0.3694417709996592,-2.581746318232693,-0.5106906922022841,3.663445779512861
-0.005850815753355339,0.007044283472241869,0.004731732929023311,0.0066437369366247,0.367303880449619,-2.5914981375845794,-0.4914733039377089,3.679091475286697
-0.005906598446889863,0.006998333250041175,0.0048422397718546435,0.0066042489381010275,0.35654552041032817,-2.625913020743383,-0.41011533662285554,3.7333575193012716
-0.00588798642339226,0.00700757063430869,0.004807823179226428,0.006607705292621752,0.35809896216948983,-2.6123921309046954,-0.43129886335963724,3.7099729192663706
-0.0058627854433250135,0.0070322392755075075,0.00475637746884969,0.006631944129183802,0.36431710971677816,-2.5983515925565714,-0.4720041361552974,3.6891265489341287
-0.005874235376862309,0.007019516852082462,0.004780396682943566,0.006618534362257165,0.36096632573217,-2.6042556682873266,-0.45200694006754,3.697334928544326
-0.00579489940660604,0.007087981249656983,0.004621967196813671,0.006676601606682175,0.37601990045527706,-2.5533224786612916,-0.5669888989401582,3.618788296831895
-0.005779737130081402,0.0071178114248205485,0.004583485723524151,0.006713576699910072,0.3843459669748323,-2.547612806251447,-0.6061981943162652,3.615835224632381
-0.005780913055414198,0.007098432292337717,0.0045947715477879115,0.006683641083717659,0.3778488645990292,-2.5433026848364317,-0.5847115429591341,3.602914179731529
-0.005793820188732195,0.007064918178521747,0.004630877479271891,0.0066391293173583745,0.3679949976978238,-2.54527120352135,-0.5430436881352483,3.5983331632491624
-0.005724794851586902,0.007159089899140653,0.00447614708454202,0.006739379843787399,0.39050451852441403,-2.5060095979135433,-0.6736893476156601,3.5503226695796886
-0.005711902972747847,0.007180071186559159,0.004444929096384183,0.006762545198026988,0.39563960810513515,-2.4983282372265703,-0.7013516703428361,3.5421355820040845
-0.005692269098641948,0.0071847587495029955,0.004412152053843729,0.00675542577997368,0.3939924397228635,-2.4808033255946165,-0.7131665351902131,3.5113916479407186
-0.005756192663933293,0.007121316566431456,0.004544563403134191,0.00670263116676358,0.3823352979154624,-2.526407036437394,-0.6201261145265713,3.5776347008012794
-0.00573390219145173,0.0071315006044630844,0.004504577979239067,0.00670294578773186,0.3825831114701401,-2.5081264931459857,-0.6402053024636839,3.54675124695169
-0.005708586723591299,0.007139112479768279,0.004461479587685606,0.00669696036288518,0.38144541160714673,-2.48649980526629,-0.6579440711092899,3.5092132201726316
-0.007031713738915136,0.0059413963869453445,0.006682710191006569,0.004887345558523684,-0.03347517072440375,-2.2899221011921536,1.4266715746682122,3.330862323363306
-0.007018970271841846,0.005950751161008898,0.0066672529488696125,0.004908289405396476,-0.03019488253044335,-2.3003885726792883,1.4112113441933938,3.3437288745849973
-0.006248639496159756,0.006609277909264009,0.005513151618742876,0.00609967754290821,0.22725993583447932,-2.676759315655936,0.2323013306642632,3.798245478491937
-0.006258033604921473,0.006597381016919827,0.005529994088988431,0.006081644301315469,0.22288745667296195,-2.6741804324648797,0.25054972754461335,3.7939563820784126
-0.006233643677603665,0.006607457099879863,0.005486686733448236,0.006091470483776574,0.22735502421300774,-2.6654024112828236,0.21668624231732575,3.7750829476902794
-0.006222304583625773,0.006615873396148712,0.005466460962237025,0.006102454563084891,0.23055740420789286,-2.6638401348180345,0.19869203304146013,3.7713424382859677
-0.006428384616386486,0.0064401105496500535,0.0058230999133736154,0.005842278387837242,0.16113662524455552,-2.6470108268953574,0.5428725831762152,3.7672975449187835
-0.006268274993023164,0.006585410662466461,0.005548215883716551,0.0060636446391520325,0.2185511924730459,-2.6719108471560458,0.26978373701299363,3.790443513885607
-0.006278682761487617,0.006573405735403152,0.005566607722183467,0.006045512707198927,0.21408438320524106,-2.6695351073834144,0.28912499347335424,3.786842605675685
-0.006289433834332018,0.0065612942839544455,0.005585480063809716,0.006027173514849945,0.20965855482566798,-2.6670917577515296,0.30890331131115406,3.7832523393367308
-0.006300031017920646,0.006548657402067861,0.005603931020094544,0.006007727110644601,0.2049644314121896,-2.6639570272320303,0.3286848846748462,3.778417619684013
-0.006312080946552473,0.006537154185874937,0.005624873582504787,0.005990562739676421,0.20056452770525338,-2.6623562985592724,0.34951102997618627,3.776823889679226
-0.006323541237154028,0.006526457858501354,0.0056447008308516886,0.0059745322029105255,0.19641308492128073,-2.6608102636618707,0.36917648976978296,3.7753724641199002
-0.006333618759313254,0.006514866367229684,0.0056619044527318725,0.005956431342668823,0.19213959320356647,-2.657558096764083,0.3876049683705267,3.7705572861992516
-0.0063442342740910726,0.00650232096083106,0.0056798662517714114,0.00593664652329439,0.1874571732056242,-2.6536894486091778,0.4070521558322691,3.7647341160110517
-0.006356384228116089,0.006490572061343097,0.005700486904117902,0.005918506146315954,0.18294193949860113,-2.6510897989410434,0.42791423679073953,3.7616811992048125
-0.006368497298901164,0.006479939129800961,0.005721033917630517,0.005902198592893132,0.17870154450354503,-2.649134429336677,0.4481693975776913,3.759964824211361
-0.006379567417198829,0.006468978394961008,0.005739581318975318,0.005884949616411471,0.17447442197450902,-2.6461573859863763,0.4672490625216315,3.7562276065049187
-0.006389999783027018,0.006457371062650853,0.00575679615321465,0.005866299943963133,0.17014915643920572,-2.6421384437524367,0.4857129821781481,3.7504872319761735
-0.0064010504439409805,0.006446247505990082,0.0057750508217435095,0.0058485139893161625,0.1658674722506098,-2.638644680072901,0.5046595332343392,3.7459479804558877
-0.006412333987540258,0.006435659785146126,0.005793681000021172,0.005831602512674201,0.1617241471301852,-2.63551161733329,0.5236225690144143,3.742234858973369
-0.0064850278151570954,0.006384093508189799,0.005914616988144049,0.005749490831925281,0.13920052617617695,-2.6250338016248604,0.6391112700023261,3.7387405475983058
-0.006473431101575912,0.006394767381913683,0.005895980773958511,0.005767312443586394,0.143465278212401,-2.6292523817178046,0.6198611799486219,3.7438579507659937
-0.006439185732990151,0.006428573536074529,0.005840653889671953,0.005823289887836575,0.1566892611943714,-2.6424763852888944,0.5617300411415237,3.7610103070015453
-0.006450256486159889,0.006416969676162913,0.00585854674162812,0.005804105196370357,0.15221568719613784,-2.6378260368989106,0.5808625196046329,3.7546548941657387
-0.006461771147039289,0.006405693041175557,0.005877162382316947,0.00578544863548633,0.14779903570899153,-2.6334585921479214,0.6003672373746846,3.749035780793655
-0.00621067216907455,0.006627161997838946,0.005445547531060198,0.0061182556366435594,0.23458657837927685,-2.6639433267272126,0.17852021061250356,3.7709415388185907
-0.006201610783741348,0.006640903802701884,0.005428893664606413,0.006139148044199572,0.2395673072825581,-2.667330278135306,0.15940643660908513,3.777214022537469
-0.006186202965791344,0.00665012122443382,0.005401287655712024,0.006149635659946814,0.24292365021182058,-2.662890769365187,0.13663419484561626,3.768014755422588
-0.00616652673037648,0.0066574269825506955,0.005366400770005713,0.006154976609318785,0.2458674426995151,-2.653885595472168,0.11113669201631073,3.7499346645595097
-0.006156382289441349,0.006685661023316453,0.005346073603073071,0.006200183844302283,0.2555179213967252,-2.665461530329559,0.08012464141554909,3.7728399101378014
-0.006151296536431021,0.006667855629418129,0.005339018984966792,0.006167216679206254,0.24960356605399023,-2.649897144886842,0.08820824227683231,3.741980097451201
-0.0061431340881745004,0.006699125410237873,0.005321501142647165,0.0062182478799610785,0.26021359417115536,-2.6645207686667653,0.056705332321178754,3.7711332554398993
-0.006025555100225688,0.006781921476735432,0.005106224135429271,0.00630760388585561,0.287509244204917,-2.62336947886148,-0.11770086985076865,3.6962236122542507
-0.0060374863830010275,0.006769036704012439,0.005129029538716128,0.006291500642566517,0.28342201418781315,-2.625635553074662,-0.09679965326857716,3.6994265830046733
-0.006123139755566224,0.006706928487473638,0.005285845336388106,0.006223453551148641,0.26294822257431316,-2.6545581622456695,0.03117290012787635,3.7517507489760455
-0.006108770055129976,0.006717603937233356,0.00525958204485857,0.006235778947255276,0.2666154354114875,-2.650434062682182,0.00915575740024744,3.7440630100887478
-0.00609554143357207,0.006727650389458856,0.005235331805204032,0.006247326788828442,0.26999104466570195,-2.6465421778241716,-0.011209801915828562,3.7369346958981002
-0.006079892267135327,0.006737093479821647,0.005206998385998866,0.00625659590895613,0.2731131179886766,-2.640202281006378,-0.033224218431709786,3.7251517251692277
-0.006050284241482001,0.006757410835642025,0.005152965209868503,0.006277770238548363,0.27972626180512933,-2.629087231648023,-0.07613203306417284,3.705113551787317
-0.006064108496011116,0.006746767146474567,0.00517840614280806,0.006266006944664291,0.2762759484665193,-2.6337006334579502,-0.05525412828100257,3.7132194890800037
-0.006815396480127029,0.0060885580995967935,0.006396029646728013,0.005207339474220126,0.024336409998846783,-2.4376493216670023,1.1426275321435402,3.5016356262107107
-0.006791425248096947,0.006109434612996785,0.0063643850707727325,0.005248608988561236,0.03198736438293629,-2.4550820382553824,1.1095264582690219,3.5240392877854734
-0.006803173664479629,0.006098833011934733,0.006379783368783975,0.005227786808159135,0.02815281633814898,-2.446291372611103,1.1257856785379374,3.5125541466706713
-0.0067828483671733796,0.006135953887728553,0.006361926421389511,0.005296786608117075,0.03865867364200564,-2.4778536765328525,1.0986828446792103,3.5637026556330285
-0.006779792303976616,0.006120015921896921,0.006349037661108681,0.005269276591575159,0.035822913415357316,-2.463728433173593,1.0932738754631954,3.5353633034268914
-0.0067707352813772695,0.006146002034006742,0.006345199453842332,0.005316579887221784,0.04250282438376634,-2.48591790841768,1.0812792009444718,3.573742129641206
-0.006758649854189557,0.006156101044921002,0.006328411551572218,0.0053363435482237835,0.04642806621335171,-2.49386555486905,1.0637808959824853,3.5836518039600445
-0.006746577639972848,0.006166246964741132,0.006311534515436944,0.005356072943743614,0.05038151465351768,-2.501692609688453,1.0461651287296643,3.593418154397959
-0.006734458024812096,0.006176401435057924,0.006294444603244812,0.005375706984822198,0.05438381698088394,-2.5093561028589106,1.0283407455808045,3.602938251506901
-0.006968367162083458,0.0059886162164599676,0.006604934613875423,0.004991637416298305,-0.016795261019449625,-2.341211901762042,1.3484545620129984,3.394061409101542
-0.006980916136869295,0.005979145771297985,0.006620547957292974,0.004970987111362269,-0.020161076513826162,-2.3312219539067054,1.3642330794104935,3.381736981355758
-0.00699353514146053,0.005969660099344364,0.00663613221377863,0.004950181450239258,-0.02352462361677087,-2.3210736770195095,1.3799505762005995,3.3692135352101684
-0.007006238177380852,0.005960188902319332,0.0066517277329940965,0.004929264854289083,-0.02687759000691387,-2.3107876891079226,1.395635488567036,3.3565381632315785
-0.006865152683478434,0.0060486352141364995,0.0064617423912900415,0.005126305782850987,0.009381625697565827,-2.402548268708319,1.2099696745657809,3.4581092878521957
-0.006953332367953562,0.00598168605384164,0.006575017923825712,0.004984963982609315,-0.015304096196894936,-2.3377400856351085,1.3244032569791087,3.378884872216361
-0.006877859104757949,0.006038994183736496,0.006478473446000762,0.005106286746548483,0.005733688207051376,-2.3936693535401563,1.2268941683410082,3.4473486220773464
-0.006890633899584908,0.006029659581035885,0.006495359147557638,0.005086661371824064,0.0021450592553010415,-2.3848866057054097,1.2438469912924879,3.4368880058077456
-0.0069032511139743465,0.006020242450454456,0.006511796785108334,0.005066822351026428,-0.001400731532594168,-2.3758853047194926,1.2604187375082232,3.4260105304652826
-0.006940668483948095,0.005991009110756303,0.006558985113289687,0.005005092930132218,-0.011900690817888483,-2.347241243870983,1.3083362182166436,3.390414887132217
-0.006928045672197442,0.006000610623068989,0.006543052986664755,0.005025576428834885,-0.008438398997598658,-2.3568246054451016,1.2922602785756618,3.4022002163039216
-0.006915630865653451,0.006010456038948414,0.0065274814221816515,0.005046307333961882,-0.004936351924496471,-2.3664488647313857,1.2764009995668213,3.414244398762832
-0.006811437708300053,0.0060710549037887055,0.006380392598307183,0.005177763621856836,0.02249876594651841,-2.4225814512448847,1.1344299593557075,3.4713815934549577
-0.006823849468207133,0.006060955219892898,0.006396762156808815,0.005157574360819604,0.018779404793774285,-2.4140369086951172,1.1511484950718076,3.4607499292139923
-0.006836334542691502,0.006050874141283301,0.006413130857113159,0.005137290425238555,0.015083189082676985,-2.4053559899770813,1.1678328470007642,3.4499657039427833
-0.0068489852917569686,0.006040832214288251,0.0064296674153843025,0.005116922716056168,0.011392204532763302,-2.396552264106272,1.184619114378619,3.4390977382917405
-0.006722279416184848,0.006186614170703475,0.0062771428573139545,0.005395332670185753,0.05851718022548059,-2.5168907402444276,1.0103024181427613,3.6122755530889408
-0.00671015777500118,0.0061969879102458875,0.00625987551913183,0.005415118894628554,0.06275858289983686,-2.5243984622971762,0.992234519483885,3.6216661653773827
-0.006662893562730677,0.006238885071069469,0.006191788125383684,0.005493707599327476,0.07913020434675559,-2.553261259681559,0.9204703969188716,3.6582879494506986
-0.006698205094181636,0.006207503012611397,0.006242829256875818,0.005435022824594945,0.06696642048104806,-2.531883662624409,0.9742950298746448,3.631156559647357
-0.006674670982966911,0.006228497479729397,0.006208974478902699,0.005474391621795923,0.07507372039487374,-2.5463726214492897,0.938554928236584,3.6496102303536744
-0.006686407774398652,0.006218034737116649,0.0062259288595029475,0.005454828249287656,0.07105860462161907,-2.5392382052340037,0.9564502319264304,3.640538746475803
-0.0066471958551942425,0.006233208832574572,0.006161708114982762,0.005484418981036083,0.07985390758972054,-2.5449696711938015,0.8986101083646458,3.636768990467394
-0.0066119944836586855,0.006265128485886844,0.006109961050251289,0.005542440154315061,0.09232983076369904,-2.5646113058483073,0.8442566638571848,3.6617513552705767
-0.006623396690001458,0.00625431620339817,0.00612669238167983,0.005522917483102168,0.08814254015643828,-2.558006108481654,0.8620420406897288,3.6531177803598545
-0.006635137875909955,0.00624354645346215,0.0061439079638761765,0.005503348655614081,0.08396098824355024,-2.5513520143671027,0.8801793268057142,3.6445883574204214
-0.006572533692612591,0.006279681108141849,0.006044270252222838,0.0055683666838737475,0.10163394776380781,-2.566292237736368,0.7860301446030619,3.6524919758912087
-0.006584605006063952,0.006269475013363161,0.0060625923714615745,0.0055503418862755055,0.09752987831150377,-2.5609624463512115,0.8046886186663947,3.646194110962312
-0.006596428419992213,0.006259766274173794,0.006080515988141174,0.0055330755746958865,0.09358475169273062,-2.5558088069267217,0.8228446555848147,3.640237890205688
-0.006530705764424434,0.006339953726715274,0.005986324491878577,0.005674287532068758,0.12187404551670623,-2.6047258751051596,0.7146722691807453,3.7125008099736654
-0.006496326039546362,0.006373299477833202,0.005932572536106206,0.005731295412678296,0.13493371195486914,-2.620395769553309,0.6579176413777822,3.7328460478012464
-0.006507404883172761,0.006362080152126001,0.005949913587152592,0.005712194436428691,0.1305690701625253,-2.6151240826107585,0.6764487777595524,3.725778783223792
-0.006518845602800153,0.0063508171600505404,0.0059677597780552075,0.005692928843482751,0.12618973749770257,-2.609771995989686,0.6953759028537817,3.7187453033453512
-0.006560681900763741,0.006290486500789754,0.00602639492127445,0.00558733371792084,0.10584600089396047,-2.5720164074727414,0.7674768764023128,3.659683556269608
-0.006549224515505592,0.006301778460205632,0.006009228953589556,0.005607056376350553,0.11011412903461436,-2.5780968239631163,0.749262319263778,3.6677455262791976
-0.006538288893831343,0.006313168947286211,0.005992879213128265,0.0056268644228958465,0.11436169450214582,-2.584256512852081,0.7316140850353472,3.6761877720793534
-0.006526817497343479,0.00632367956509369,0.005975213168355916,0.005644968050985601,0.11846267868398287,-2.589315342726508,0.7133033765323277,3.682492217946812
-0.004477427956656844,0.010897171293240375,-0.0011993424889176953,0.0075405724192762705,-0.09560066716093372,0.7642218387742835,-2.103439509694294,-0.2527931977789925
-0.004428802090139153,0.010859500813166365,-0.0011308555443760423,0.007509196185217839,-0.08881450836643474,0.7166536760297442,-2.0772650139785265,-0.22079059953314534
-0.004427238340614289,0.010809818778576794,-0.0010682991685513463,0.00752842683153927,-0.07943379248484571,0.6725974397912652,-2.0884135298556967,-0.17547386141070162
-0.0044808514187185625,0.010635693800999015,-8.642638363371596E-4,0.007646233208985524,-0.043088289703870346,0.5293236936464097,-2.1646691358712675,-0.0068255248777960515
-0.004470483394545906,0.010707243483660714,-9.541568451575777E-4,0.0076110626172135615,-0.058456081673052614,0.5921111054120786,-2.1434258002766775,-0.07601290101657465
-0.004444760160527954,0.010765297543218276,-0.001019061083131101,0.007563475951166347,-0.07076818592754085,0.637814791422285,-2.1118775027588748,-0.1328965917358067
-0.004580117113407884,0.010201794132698781,-2.8908041733944695E-4,0.007845433456920245,0.06391757542831951,0.13838514104928112,-2.278163237407434,0.4390009481923013
-0.004574603067770987,0.010141080363372364,-2.020431368726221E-4,0.007844937053892656,0.07794089984297548,0.0795203149328114,-2.2727199960649784,0.49819023666649803
-0.004522932405638295,0.010239938814553543,-3.3624306249304146E-4,0.007779911512473976,0.04809144851135467,0.16697525686306028,-2.233337355868095,0.3865038267584318
-0.004501064513354585,0.010348318172867715,-4.826852771828483E-4,0.00774027321015257,0.02129339089047438,0.2660667969968731,-2.212893068349109,0.2749438616116566
-0.004474172434162223,0.01028520497745383,-3.919926448012776E-4,0.00772248741132988,0.03271416137483644,0.20284504137476364,-2.194669703541168,0.33052485616518945
-0.004450475651648216,0.010384137609769056,-5.216778927422142E-4,0.007680883761054523,0.008968835479889695,0.29105806417458824,-2.17165112293718,0.2298278770545573
-0.004432468511203466,0.010434908343874205,-5.855883165574383E-4,0.007651744616571489,-0.0034257375342433157,0.33482109117139897,-2.1539299793603113,0.17767731017951816
-0.004426588064054842,0.01060964861238681,-8.130280237172839E-4,0.007599412951624916,-0.04023355498516016,0.49294494785631915,-2.1277744531297085,0.011064418733747982
-0.004411094823446507,0.01056084982450208,-7.452299448136618E-4,0.00759824590369185,-0.031088780842759605,0.44540629061781484,-2.123276515399869,0.054861998702963245
-0.0044127554201447965,0.010495453245938528,-6.605859098229985E-4,0.007617364482830438,-0.017476216247665936,0.3865770433950977,-2.1327632711781965,0.11665863600331917
-0.0047230974583505215,0.009190831155909594,0.0011914825050901657,0.007831794625011192,0.3079845399637886,-0.8202887208148325,-2.1642318060598282,1.4957467357660532
-0.0047097953906655885,0.009237087157418273,0.0011209360166899475,0.00783725952509426,0.29726449341483097,-0.7766016837235855,-2.17418778790684,1.44473887844744
-0.004642262689454477,0.009678411118800603,4.6906866337887955E-4,0.007894839284991524,0.1972379318182549,-0.360342133742904,-2.2664542452522682,0.9846800622143695
-0.004699446797418941,0.0092907205490714,0.0010412650344847057,0.007847634067262408,0.2857979394245264,-0.7265554090297989,-2.1885205199442015,1.3886370482503039
-0.004672603035504415,0.009336434303707666,9.667484321044164E-4,0.007835664876616107,0.27044762918584514,-0.6820871861500519,-2.185342434799803,1.3305603675348017
-0.004655920956077693,0.009378984486496886,9.009816653893634E-4,0.007832512860320993,0.2586172566606741,-0.6415983506531043,-2.188028707313626,1.2813004441827003
-0.004641051685721405,0.009425279853719413,8.309419671757293E-4,0.007831511610806108,0.2462802437991274,-0.5979085752446934,-2.1926398573553354,1.2296773022809868
-0.004632075534931821,0.009466817731246656,7.695930483204544E-4,0.00783434655998108,0.23655816558105974,-0.5590322694115758,-2.1993773582533676,1.1856195731809127
-0.004644064616638605,0.009510844787557898,7.104407065800076E-4,0.0078595849126981,0.23155892597745775,-0.5187847653048109,-2.222826957344123,1.1494366163819587
-0.004649613651792191,0.009605531554186942,5.759026190240371E-4,0.007888533575320392,0.21431102169013297,-0.4296215491023659,-2.2542721199691926,1.05979294276079
-0.00463524045594098,0.009638247386527885,5.257550456727584E-4,0.007879642653256566,0.20381543899419602,-0.3985605102623439,-2.2511433851227745,1.0212335190188495
-0.004632886362812841,0.00956483207303068,6.305564959275513E-4,0.007861073513239865,0.21805775202332048,-0.46786475310151376,-2.229734260604298,1.0918399613163077
-0.004607681467224257,0.00965464385018765,4.969161586629777E-4,0.007852889049032794,0.1940034667682217,-0.3829851321974895,-2.233131619906961,0.9930097740846391
-0.004633634752566415,0.009728840091900143,3.946268081222015E-4,0.00789363616543831,0.18429351143396053,-0.3122733668429678,-2.2706126999521357,0.931007281357935
-0.0046363188178688425,0.009810460442589075,2.763974862335026E-4,0.007906971139695173,0.1666398460430187,-0.233891199084821,-2.2882537148807813,0.8505964679169828
-0.004618426312712753,0.009769169116328672,3.3420970599195134E-4,0.007882638191459625,0.17179108404433635,-0.27414385638958394,-2.2664568336504805,0.8847810914931269
-0.004615117462343537,0.00985549506123445,2.090321343609469E-4,0.00788798661530035,0.15183929140626576,-0.191583668890728,-2.2787135492702486,0.797499443715916
-0.004588493918394541,0.00990088591347213,1.418070756531546E-4,0.007862153841007953,0.13642197126529065,-0.14971226553506098,-2.264092471215679,0.7427207157787298
-0.004567801606936988,0.00995002692164014,7.06655086356968E-5,0.00784188098174006,0.12140914805990889,-0.10420257638600021,-2.2537628363790767,0.686802525216902
-0.004548042293588801,0.010000959007635845,-1.9505179447927526E-6,0.007821438770893143,0.10643763836870183,-0.05722246523171015,-2.2433645368314283,0.6298919474606305
-0.0045364512130986155,0.009906749119283504,1.3068333508880323E-4,0.007806526774569347,0.125364835365626,-0.14723354252323184,-2.2238677016871606,0.7187822159998066
-0.004533062974354339,0.010055092854312655,-7.812877890549209E-5,0.007804738522212327,0.09173493631931788,-0.0071827563562696225,-2.2358848837417735,0.5717633164976336
-0.004532266089044163,0.010108198280020518,-1.5276288619989645E-4,0.007801713183230115,0.07948818070927913,0.042940220415107345,-2.2382601624473177,0.5192582635730958
-0.004485801155260557,0.010018951421410512,-2.6927174678295616E-5,0.007755288348087616,0.0925618659699815,-0.045315149010498164,-2.1963081817581585,0.5927765472578937
-0.004761013741249534,0.009037308746075556,0.001422726731057981,0.007798345593066711,0.33961073741116277,-0.9631440561256568,-2.1184917869323616,1.659163017786
-0.004715469088785667,0.009109850932546178,0.001300117046617021,0.007786009513491106,0.3161623581299326,-0.8911274843783471,-2.11983369402166,1.5638340869537128
-0.0047355624737890145,0.009075839337420169,0.0013567104842194203,0.0077907802656771,0.3267965432387885,-0.9245493888736572,-2.1186278626620934,1.6075206576288912
-0.004681451805559036,0.009144158035162778,0.0012370747093817228,0.00776586021673295,0.3013702103204509,-0.8552899930368297,-2.1097457031597617,1.511068960174162
-0.004721979147461107,0.008990533649423897,0.0014651619215783835,0.0077314522306419576,0.3315746041270586,-0.9951211290415696,-2.063050757307234,1.6715016956082371
-0.004697418218437193,0.00894709110960984,0.0015090525758524043,0.007681494957818222,0.3275718526950966,-1.0255537050664767,-2.020705274667328,1.6897719469588373
-0.004732749521631331,0.008909174678877281,0.0015791778891991284,0.0076967160287237995,0.34217148507328166,-1.065472845411952,-2.0255071815469097,1.7468516336742435
-0.004757680351555933,0.00886611905625864,0.0016506939682842806,0.007697119873329946,0.3538816653161771,-1.1072796116538315,-2.0187054942978118,1.8008911711251283
-0.004779372829074542,0.00883653077918723,0.0017030104925419127,0.007701608986476764,0.36339454924288195,-1.1374681284755273,-2.016908283304656,1.8420147363883586
-0.0048060893459898465,0.008777349903100322,0.0017976068639742224,0.00769150213857371,0.3759777345199255,-1.193146340186317,-1.9992933302289724,1.9108504742852905
-0.004778966330426595,0.008805161317635922,0.0017436921852246573,0.0076811463992936145,0.36478370875572685,-1.1626400732852473,-1.9969693726120137,1.8664775644149976
-0.00486807445788996,0.008686276708479263,0.001958662570937571,0.0076940841646635305,0.40177976130834825,-1.2859810126286735,-1.9837165912082073,2.0355869166679637
-0.004816843284067766,0.008737782897167682,0.0018561294027226976,0.0076761121647725625,0.3813711055213828,-1.228024547712424,-1.9812024186572013,1.9506387605941455
-0.0048294468123064324,0.008706433869668915,0.00190521558458325,0.007667607792440063,0.3874257695083147,-1.2568448951937754,-1.9692130980064206,1.9854711086301982
-0.0048489367542944315,0.008640787201166211,0.002002840829181995,0.007640744330509421,0.3958926655783796,-1.31445810384118,-1.9373793448669068,2.0517175601940454
-0.004850217882167759,0.008572573122135734,0.0020889696273504762,0.007590625777865405,0.3967286510984811,-1.3657307753182701,-1.8885872439406663,2.1008466127222936
-0.004836346571691122,0.008605119316317944,0.0020381498525016447,0.007601081468056105,0.3915764244258127,-1.3364666971414214,-1.9027479405025158,2.065341372408529
-0.004820540758658453,0.008533127071938682,0.002113967988813048,0.007529737603827645,0.38645825792091637,-1.3817958652820803,-1.8393997359829763,2.0988106624511844
-0.0048378470897996045,0.008483782255363356,0.002186621131849852,0.00750802769766729,0.3918053912126411,-1.4230198071257159,-1.8137192871628571,2.1467699443072945
-0.004787102252235081,0.008492099472510901,0.002136326733570061,0.007464093198864016,0.37519154502839397,-1.3956882749618116,-1.787573452173308,2.0931164936660345
-0.004856757370730585,0.008436253946369486,0.002258132131615379,0.007488072976588962,0.3973622159889927,-1.4631130769034113,-1.7892718533061756,2.1943951214006545
-0.004878823144970218,0.008392875565713871,0.002327262881034783,0.0074735528400139755,0.40353079000543396,-1.5015812663300137,-1.7688705356957541,2.242275541824622
-0.005069262254872326,0.008142252498871997,0.0027883947070335103,0.007429661601308548,0.4511963172073847,-1.7552767602253037,-1.6617228692462227,2.587043500071585
-0.005067692063475428,0.008080304098933788,0.0028535870847231394,0.0073646305611815574,0.44295381274570206,-1.7873523919480636,-1.6018156774811663,2.6100392153148353
-0.0050539520769601505,0.008108511200925789,0.002809418289086434,0.007380220787699647,0.44196435803210654,-1.7642917487237948,-1.6214771600867217,2.5819486282918125
-0.005040417518783047,0.008167932285262459,0.0027312229556876945,0.007426714751059336,0.4438780427387032,-1.723585586876597,-1.6699748760718085,2.539946684146894
-0.0050213523137124716,0.00819287798168047,0.0026848716913245065,0.007432360307892965,0.43955617852125994,-1.698321049022854,-1.6822945086910956,2.505538587360258
-0.0049941711262269295,0.008200460535903994,0.0026500685391976503,0.007412818788889428,0.43092751995577466,-1.6785707632973612,-1.6737942906047425,2.4698353914755
-0.004903105015455972,0.008352812982371399,0.002394529685341227,0.007463024639792626,0.4100777713530101,-1.5387723012711183,-1.7514213435359591,2.2903320252110615
-0.004930866907486827,0.00831402304229553,0.002463617405906169,0.0074561363732918206,0.41752423584127113,-1.5768510724930669,-1.7359441112224818,2.34130168451722
-0.004974531957964335,0.008229968457607612,0.0025986190884759613,0.00742166630790255,0.4266533230586867,-1.6505811364911376,-1.6890029927231895,2.4330872845980385
-0.00494956293806499,0.008270283842281023,0.002530196827639082,0.007434743445357639,0.42100999575775006,-1.613288647399951,-1.7097239631302583,2.384878014847034
0.005000202640230917,0.007873225159597945,-0.0029866460572649223,0.007083582856928916,0.39469351571703476,-1.8353129266736412,1.3794948730798315,2.589308769275462
0.005013706604811243,0.00781799110509875,-0.0030511176820429125,0.0070353382929125305,0.3903380603843552,-1.8633107395634365,1.3338315891624244,2.6166744655846768
0.005024114115491806,0.007776185425657611,-0.0030991783699659257,0.00699811775437824,0.3868948451202968,-1.8834829831279305,1.299045483809189,2.636167169157978
0.005006840115423244,0.0077434971991574755,-0.003107931884641449,0.006947500231299403,0.3783450612522055,-1.8816507181233217,1.2647004626327918,2.620151048955207
0.004939807956039941,0.007958317987515243,-0.002843823022897565,0.007120117536049078,0.38819441858820897,-1.7649488184100661,1.4323042776283916,2.4974851121084485
0.004943974203909699,0.007893914579519039,-0.002908070251866919,0.0070568608193128405,0.3818513911549481,-1.7925323929897423,1.3775502329452554,2.5192546700123466
0.004884317260350778,0.007978269127037335,-0.002768615476520393,0.007091753652152151,0.37467048374218387,-1.7242043164066132,1.4270022828631044,2.4301226996619074
0.004840019311662482,0.008203970017836341,-0.0025012927487211463,0.0072686745239118975,0.3810311386808448,-1.5932356607133842,1.594383381534863,2.298773697964692
0.004826884080212865,0.008255213166043447,-0.0024351643996182496,0.007302778825682511,0.3801681966547643,-1.558929341636048,1.628695158271018,2.2617704584532246
0.004774720366675457,0.008307632875871527,-0.0023331530667115297,0.007299873659775408,0.366350495750336,-1.5041990129120124,1.6414811665185918,2.1844875922976925
0.004720371575600837,0.00841514423737292,-0.0021706001194258108,0.007338234303262325,0.3528947482279539,-1.4164348559211135,1.6908518205070642,2.0766465389531015
0.00467206890649091,0.00846688251773025,-0.0020751874074050494,0.007333452509524884,0.338935339099323,-1.3644191436035176,1.6995286868224642,2.004535184139364
0.004612423068478436,0.008502807501403666,-0.0019902252293519137,0.007304877736223581,0.3219715082613145,-1.3184029364298444,1.6893269063185783,1.933315810930059
0.0045883931462566575,0.00856484906538063,-0.0019038058709778519,0.007327664055986242,0.3140226257520429,-1.2705021596982842,1.71576982702039,1.877061103899719
0.004707272825497101,0.008351706324920851,-0.0022290125029522487,0.0072743251118563826,0.34781164336859455,-1.4480888959176623,1.6373643173705374,2.09862217990965
0.004824839152781533,0.008148764641482524,-0.0025441852369117415,0.0072037958343938325,0.372786091167574,-1.6138388134760968,1.5418687464206837,2.3067307990846118
0.0048398905378140514,0.008072975071738502,-0.0026339516155094197,0.007145669143897004,0.3707874465610101,-1.6579791801225918,1.4870298679910545,2.351435249111432
0.004825853436998755,0.008004555659696488,-0.0026860254642001743,0.007067195232582264,0.3614151538721306,-1.6802362456036792,1.4252009335338285,2.3602784242403927
0.0045375552385902174,0.008635156433765964,-0.0017895633212029697,0.0073289676164171305,0.29812525175949167,-1.2073165032584658,1.7292909514404722,1.7941641262536039
0.0044919524334858536,0.008775132871434528,-0.0016004584539998355,0.007375813964996676,0.2795743761117247,-1.0986840603324453,1.7830797581774949,1.669626405070162
0.004465677367053002,0.008691464458567307,-0.0016792985763454656,0.007299165999526978,0.2769244297547994,-1.1466633067781007,1.719442885055553,1.7057799606703334
0.004279854120475087,0.009500198012758341,-6.306049724692796E-4,0.007482040898225419,0.15177286131094725,-0.5026314204385588,1.9453543042687549,0.9885829800116978
0.004399665074016566,0.009361877007905374,-8.38858958418673E-4,0.007560527711610044,0.19653424847561715,-0.6295212862242275,1.9878913127587334,1.1618476792737005
0.004334965267930807,0.00943008784332598,-7.328284603577046E-4,0.007517207093149189,0.1730003987104053,-0.565656180927174,1.963975755480383,1.0727107738542163
0.0044468661882734566,0.008943090835966767,-0.0013773911425705174,0.007428009836751008,0.2559443310015474,-0.9668862141210423,1.842873416303852,1.5209877533177012
0.004426590952416491,0.008814477279509179,-0.001516457152970435,0.007337687383544705,0.260252922626052,-1.0526869378040247,1.7634058211400006,1.5980665711246738
0.004398903944775947,0.00887572201724203,-0.0014305752286663592,0.007346303236323771,0.24895174364224168,-1.0026098884862487,1.7778407255172122,1.5378170481437923
0.0044103477919962275,0.009012830201635964,-0.001275505092470375,0.007428379978729906,0.24029866929634267,-0.9066513195237965,1.8523350817515312,1.4464869311964728
0.00436617753588235,0.00926589739400172,-9.47903459674774E-4,0.0074941780420949965,0.20217581652440145,-0.7029160506903908,1.9294376139532903,1.2241483226242298
0.004357673729348581,0.00908918208576184,-0.0011595471125569266,0.0074137789380672595,0.2203706697705927,-0.8382245597844734,1.8516559636990897,1.35788667716923
0.004328618199079012,0.009178570229391848,-0.0010400811035296191,0.007424120249747091,0.2039846668221363,-0.7650226253881762,1.869582549000247,1.2733474724418377
0.004295029050002567,0.009789099749490906,-2.6911870886846793E-4,0.007548428015024395,0.10785790858034493,-0.2592722598103943,2.0219523862618707,0.7436374108562501
0.004217023389003999,0.009560305826440641,-5.422230940239089E-4,0.007435337630956292,0.1315695004026851,-0.4484008871238117,1.9167641664082933,0.9114318181518266
0.004235476780663559,0.009639186467673125,-4.4904663078003393E-4,0.00746861139986577,0.12273522872364566,-0.38474530878401364,1.9487996981855715,0.8522643541777111
0.0042622783884105715,0.009717208863405281,-3.561028131641759E-4,0.007507184664817447,0.11473901083427208,-0.3203279544987177,1.9846754653684135,0.7951531845028792
0.004243452155395741,0.00985151073201653,-1.8537802469826157E-4,0.0075033299622081695,0.08930100064398405,-0.20553163675670397,1.9939764519138101,0.6704659244443825
0.004209550964154601,0.009917948114145984,-1.0051841383505578E-4,0.007474268421349221,0.07278707605854891,-0.1493057667289236,1.9779629823918523,0.6012075888985136
0.004230861051433185,0.010191207520030218,2.404703286424889E-4,0.007488339278549091,0.02720350006172975,0.08811258044053212,2.011395421815006,0.3629201106117872
0.004215610076891086,0.01011419080689246,1.434580968330036E-4,0.007479062683313534,0.039295198809558805,0.020257924448552175,1.9980144069411672,0.42819168707997834
0.004165389782525507,0.010053310393409266,6.661978685647197E-5,0.0074330573372566175,0.0448394543123648,-0.03567764058442715,1.9581608951986273,0.4693712839512944
0.004145676400312721,0.009968372576214458,-3.674178193940897E-5,0.00741454867492905,0.05644171767405184,-0.1081248120983321,1.9370767762610528,0.5379705887050089
0.004230524131975056,0.010324974543482178,4.066806677311172E-4,0.0074714156790108245,0.002839988140439068,0.20491733055765063,2.0093224677023573,0.2420580060616663
0.004177006960719529,0.010253677356353404,3.118288809491738E-4,0.007429839467204726,0.011223561895134281,0.13679013873000143,1.9720491769530601,0.29510891071113604
0.005302394365698136,0.007214581992688145,-0.0038433859038246444,0.006526188497329068,0.338968682599916,-2.1598249214148804,0.8148752911327956,2.9484242825285913
0.005526522833747122,0.006911630546250425,-0.004294551653402785,0.006248668752981312,0.2956950253211113,-2.284350713955801,0.5075259481953669,3.10380161434272
0.005496228640582646,0.006958677370701358,-0.004233033206344655,0.006298161143427694,0.30429432056953853,-2.2726283533870437,0.5557169100373267,3.0911695573117384
0.005371158447932247,0.0071510551788838235,-0.003969714178057901,0.006486859868437299,0.33503189574576875,-2.207251130383677,0.7505906104579197,3.016007755721347
0.0053921205593764725,0.007101603536327915,-0.004023680899504445,0.0064333300477873315,0.32610657027943085,-2.2180927645052804,0.7033449248993847,3.0242124418372067
0.005416190782033478,0.007062609815402925,-0.004075566536165019,0.006395079468348249,0.3202357061723391,-2.231148098829958,0.664844522815951,3.0388810577849354
0.00541620991789939,0.007014780980702179,-0.004097908497412996,0.006329783431066633,0.3090222609425457,-2.2243258984185563,0.6237099431689231,3.0179773682014823
0.005434359623713183,0.006962333441584765,-0.004145717952177574,0.006268443743110579,0.29867565146537917,-2.2285839218028425,0.575744808416447,3.0162019718731057
0.005307460313282277,0.007161219201040443,-0.0038795575256187777,0.0064594852360386505,0.32792399388095755,-2.161077952130856,0.7672982070895524,2.938613929857707
0.005148843832046627,0.007543298748309903,-0.0034322576258086442,0.0068295921256343916,0.37796739366028337,-2.025124529672022,1.111987945934361,2.805117062700813
0.005121574983729009,0.00758594539392391,-0.00336714040012415,0.006859220229353208,0.37949591374720865,-1.9981010154519716,1.1471229718998812,2.7713771139511483
0.005076080510901709,0.007682989812865484,-0.003236561736108978,0.006936036752026237,0.3855429414109812,-1.9446448178075404,1.2275595526956458,2.710501250680512
0.005098441650545491,0.007631406244170053,-0.003304212070654977,0.006894346166868986,0.3822804626796135,-1.9722685408024103,1.1849086103560855,2.741260806403139
0.005210079648017804,0.007373769802253008,-0.003627189742130207,0.006666668614113628,0.3570517323095245,-2.089488834694808,0.960828366091964,2.8669504979845915
0.005255734701094413,0.007240494114820842,-0.0037679179896706297,0.006528760340664348,0.3371023561445177,-2.1264984259904978,0.8406995766330153,2.897175225095634
0.005218165216177194,0.0073206191838354265,-0.003671513410129218,0.0066054004830432556,0.3472975027845668,-2.0982226124407366,0.9128307085835988,2.8679296489310033
0.005225727811436253,0.007274029962568468,-0.0037097027643698014,0.006551508127571463,0.3391340946442978,-2.1047442234560587,0.8713778101011076,2.867816979448341
0.005131130636203837,0.007492842737533332,-0.0034479713557957026,0.0067551321784845375,0.3645856153770992,-2.020678871286267,1.0628917505544422,2.781027901648709
0.005140954099071244,0.007440046635170704,-0.003497113996084596,0.006698422084818945,0.35639930621527727,-2.0342243013354344,1.0163580384337771,2.7893271359184872
0.005162262027830754,0.007396860402912911,-0.003552447578621112,0.0066609902333151115,0.3523954286283815,-2.053536773801939,0.9792540279889227,2.8108207179828595
0.005014229710842605,0.007696585794603377,-0.00315512046301855,0.006901218515210844,0.37287942694032084,-1.899642372329614,1.2246810393229746,2.6346757659995794
-0.011193393701485295,0.014869818115184353,-0.008066057173604056,-0.001976625917424896,0.2374377273616284,-0.3808158944987757,3.21345106759763,1.596064940590291
-0.011197720302754953,0.014854427471532412,-0.008090579678950102,-0.0019961396980990383,0.24364018978218263,-0.39076658811327897,3.227537698555095,1.619572232134886
-0.01124342629880737,0.014842921746160493,-0.008071390688458044,-0.0020723671214451563,0.2450490632781668,-0.4516201635320223,3.2083407027393473,1.6806266634364813
-0.011228203096582519,0.014846804839638699,-0.008077865114270926,-0.0020469845029094606,0.24481766957809534,-0.4314119558376974,3.2148390738582897,1.6602857835303626
-0.011239281874231156,0.014858376053794144,-0.008046978995292185,-0.0020525938498351555,0.2356442702968171,-0.4414294611691148,3.194564533507388,1.6566500483507192
-0.01120870618085581,0.014866076313617603,-0.008059731846393014,-0.002001956090060963,0.2371326749498411,-0.40105310462798244,3.207253072312145,1.6162704470721228
-0.011212967710514192,0.014850640095209082,-0.008084265196611165,-0.0020215604066070886,0.24351873557745604,-0.41111716711988583,3.2212473453860766,1.639894569930864
-0.01122400960133496,0.014862273159690862,-0.008053347665880652,-0.0020272783617756485,0.23639316100239546,-0.4212585961880296,3.200943280529868,1.6364455266863696
-0.011258637154898948,0.014838990856811765,-0.008064844755205292,-0.002097697216394427,0.24351721852108754,-0.47177143553212897,3.2017426038289476,1.7008279781035724
-0.011254522630154489,0.014854419812755556,-0.008040565971971905,-0.0020778756976888996,0.2353487945283814,-0.46155044762780145,3.188089547951034,1.6768471479089346
-0.011269752161342897,0.014850449809687987,-0.00803401420153353,-0.0021031102069322244,0.2352652734404821,-0.4816113931379475,3.1814657444435905,1.6969610882472679
-0.011273835502437058,0.014835012214331098,-0.008058218534033977,-0.0021230090179316834,0.24217731150787258,-0.49190925437331706,3.1950176620113235,1.720952216383031
0.013881049209447879,0.01505334871207319,0.00478987873939963,-0.0036655827268795666,0.08810401035451522,-1.716086565982263,-0.7405939951216159,2.1947231997928185
0.013727981916626704,0.0151174408553379,0.004927961674836239,-0.0035759157634058744,0.08922700630614341,-1.6932639585141664,-0.8495847834317051,2.182640352939093
0.013292492467418525,0.015325974453654438,0.005275347348272418,-0.0032444916560614863,0.0858714584188416,-1.5677008904468648,-1.1550546975862586,2.076521304441963
0.013629843568392797,0.015234495730429719,0.004970159192382149,-0.0034297655756533665,0.08246799100164515,-1.6353578926018286,-0.921250984741467,2.112285577770272
0.013462888685957061,0.015293050336327788,0.005114505266862301,-0.0033289007591604906,0.08411548043882766,-1.5997127468558778,-1.0360509102613855,2.0892763278825512
0.013194022931559243,0.015475078183763896,0.005269295732817632,-0.0030546113654712384,0.07834609129992576,-1.478805678820487,-1.207373359556182,1.9614734405129997
0.013000155686022564,0.015552998861655634,0.005403116350569657,-0.0028996023277688284,0.07837698314353013,-1.4030142856800676,-1.3277794759043902,1.8925135044091774
0.01281088983304139,0.01559711401607869,0.005550414163540491,-0.0027687092863616937,0.07921965736223974,-1.3328345295272843,-1.4479402894780202,1.8360715164352215
0.012629560211467333,0.01562935407910333,0.005693213661043874,-0.0026418528714939947,0.08171724600443209,-1.2587581071186689,-1.5628233262019255,1.777204129725375
0.014201403815492581,0.015186424248249238,0.004386329574184001,-0.0035387310188730327,0.07402966531495075,-1.6226079671143425,-0.5636238807761752,2.0222748682764244
0.01440097668192229,0.01512708304540299,0.004203483004756494,-0.0035964629629044414,0.0743460100880482,-1.618560009648396,-0.44750420161553767,1.9986827918124737
0.014026092587947575,0.015195852036287417,0.004565316069827746,-0.003522107280912281,0.07775284685076377,-1.6367657689168573,-0.6656343953467547,2.0590327502339023
0.012457316714826992,0.015649025083078548,0.005832920682144711,-0.0025212338308354004,0.08433874788239722,-1.1827805498884674,-1.6728645676251241,1.7180836917376487
0.012295677946692429,0.015657217120827675,0.005969109977857795,-0.0024078655165638177,0.08785866326952789,-1.1065124636234887,-1.7779027483123055,1.6601825425866112
0.012146031793007639,0.015674713422744783,0.006079324166533309,-0.002285748699017856,0.08961963562051041,-1.0238864078886314,-1.867871383537851,1.590405765837389
0.012006958366820456,0.015698782213336832,0.006166995339808926,-0.002159579199545387,0.09197532291780931,-0.9372947492483593,-1.9425841749730723,1.5125350947492018
0.011852788302141511,0.015736813031539947,0.006242581232587976,-0.0020050586607354847,0.0934444553110081,-0.8316295897692275,-2.0136582047720517,1.4105917594420259
0.011719750858198824,0.015779431309131325,0.006287750026221108,-0.0018607131469149066,0.09340740488252135,-0.7336449574877163,-2.0617688685905673,1.3118264002171311
0.011582392971929603,0.015805975263094327,0.006348031467079493,-0.0017210266089038434,0.09518674739880971,-0.6343844898123842,-2.116139078132713,1.2167897883945917
0.011173015131040954,0.015711037382363315,0.006724385352613744,-0.001376844726589721,0.114595563754868,-0.33092196259764334,-2.3730017286809257,0.9926447722482229
0.011084751959902384,0.015713554435458542,0.00676696707671858,-0.0012813822278640457,0.11861774404447419,-0.2557786868856406,-2.4047583082049275,0.9242749039099054
0.011438246811316914,0.015809356820946405,0.006435152445827348,-0.0015856509899565393,0.09876402803834176,-0.5307209785546046,-2.183240949329287,1.1257430054913649
0.011284700755924283,0.01579637184139448,0.006542945268084881,-0.001444427814799668,0.10448892669383004,-0.41538792035625527,-2.2601489405592967,1.0295117725089924
0.010913201476413219,0.015675974671334705,0.006904232443860007,-0.0011089426823027613,0.12694084784185444,-0.10127863180425054,-2.4949773311892613,0.802132926040663
0.011005135409379228,0.01576400708363255,0.006732221568728797,-0.0011709463626771305,0.1141694521175446,-0.18666059779007438,-2.3898212514225814,0.8378013819626006
0.010124074977878272,0.015709685175841145,0.007049907473372753,-1.566302280235719E-4,0.13812297097035864,0.6365368040398828,-2.5597821746398868,0.0867920919674456
0.010198876401107004,0.015727353372991144,0.0070163651258265385,-2.4675992728742397E-4,0.13500150512590264,0.5591253883873422,-2.5470591787332255,0.15336987803685057
0.009981962845590159,0.015718684492554185,0.007038022410710388,1.7683415317623706E-5,0.13750519296254363,0.7647361489474688,-2.5374409174134853,-0.044391173774740965
0.010058379865693249,0.015757398839386903,0.006976475788157581,-7.502995014719873E-5,0.13198273189642917,0.675743174241258,-2.5105548540968523,0.023746863639003888
0.00986160629694392,0.01572028530468883,0.007029461141612359,1.6477326254186358E-4,0.13757669201219416,0.8725252642864598,-2.515841386703254,-0.15273350157366375
0.009924773326030036,0.01574408832773819,0.006995613532407799,8.651221142565278E-5,0.13359456792909513,0.8029127439040791,-2.505766857155916,-0.09541143480282349
0.00980967886025608,0.015755206552684715,0.0069692846235094,2.2436278964312186E-4,0.1324153765742995,0.8987133319092108,-2.474675169250589,-0.19676612145206318
0.010830908623738833,0.015735220521458655,0.006849319568344789,-9.907337911689612E-4,0.12199600042502663,-0.03073675962559246,-2.466261242071098,0.7096221670454951
0.010764245842301918,0.015723867592401658,0.006891704560222164,-9.192284558206E-4,0.12613459934620666,0.03132005696867461,-2.4926795346007533,0.6572931109712957
0.010620765037488576,0.015718786978099628,0.006947184055902312,-7.542024535058896E-4,0.12940924391866745,0.16483959516194144,-2.5255322788794827,0.5345798344492922
0.01070178407811391,0.015753070408673447,0.0068690839617549125,-8.3730258961934E-4,0.12227130939774292,0.08441345238350398,-2.48002139518867,0.5938458365002013
0.01055497369512473,0.01578188439826223,0.006868540698482589,-6.599195432675711E-4,0.12303513050726742,0.21274486439532012,-2.478750117083449,0.4592714512186311
0.010464751463373992,0.01578726255348684,0.006881712570768265,-5.540720717612585E-4,0.12409270319781544,0.2935700630202694,-2.48396731273863,0.37982838194646656
0.010348117872717607,0.01577622949662285,0.006920739176966958,-4.192367166358856E-4,0.12712977261547984,0.4030426218997057,-2.501381716946771,0.2802526102720347
0.010245592459884486,0.01577711235042078,0.006933262414399015,-2.979302105590943E-4,0.12876253721536524,0.49609909385842255,-2.5022761275876086,0.19002710128952807
0.009587296983897152,0.01563277252580766,0.0071286894905748565,5.162490352224727E-4,0.14694829523052264,1.1734273543027485,-2.522983252842337,-0.4107330138934832
0.009662919411594535,0.015681062968361647,0.007066272863417752,4.130185284386959E-4,0.1406248173576756,1.0732519479202318,-2.503368741948137,-0.3354092268809386
0.00973525801278388,0.015759050164646814,0.006954053563628135,3.1299970993178117E-4,0.13180709374905844,0.9604188517459612,-2.454388743518026,-0.26151875478437375
0.008482731817509677,0.015437034479807895,0.006867983747171708,0.00190706775747637,0.11796135405646373,2.120634520703146,-2.0385078481446435,-1.3414729197048063
0.008413528281348902,0.015433653489098476,0.006818055297073636,0.0019807742868985377,0.11238300046057025,2.153090951360301,-1.9879391415923529,-1.382007642149856
0.00836224666806634,0.015420546447473538,0.006794710060478204,0.0020430097408280015,0.10976248397458348,2.1878975640139045,-1.954949388791031,-1.4172537488434815
0.008307738577906433,0.015429808068400393,0.006736440544286169,0.002088984928307082,0.10354245902716919,2.196136638477631,-1.908699186115166,-1.4390187070089249
0.008045791280486712,0.015166266147504668,0.006852004724976949,0.0025856279478359227,0.10456854286738922,2.602556307306132,-1.783072417489878,-1.7445828761360198
0.008091867622092476,0.015207085774969282,0.006843439598249926,0.0025010150474347095,0.10517918098470506,2.538037659630446,-1.812353785391668,-1.6947725232424877
0.008142413055538564,0.01522771123321788,0.006865197453616384,0.002432448076945987,0.10916433110371568,2.499368810810131,-1.8502401155005663,-1.6580180199136207
0.008185947023899758,0.015273204872563199,0.006844214352021606,0.0023467823732857365,0.10891324675624348,2.4281190029255666,-1.8722783235610456,-1.6047916854915572
0.008216840249168711,0.015344936868029778,0.006773995203028482,0.0022508033872016813,0.10380155414815305,2.3284655640521925,-1.8709333516794773,-1.54024422483348
0.008243492523127801,0.015414088134612647,0.006703189092306155,0.0021642281893352543,0.09933895263520455,2.2354358965651344,-1.8652855484793631,-1.4801358962242832
0.009518058669978482,0.01564546117678321,0.007091335235782286,5.987265149518625E-4,0.14359532273959955,1.2232925264789658,-2.4877745128664746,-0.46985512681504854
0.009448449743028765,0.01564382347520595,0.0070746072851605194,6.843260890928789E-4,0.14234234945242275,1.282827140399351,-2.46306685358851,-0.5309553760992426
0.009393629100282467,0.015637493472306987,0.0070677048386713,7.528377318646577E-4,0.1420073930533384,1.3326084799877767,-2.4465567517562268,-0.579523080798619
0.009288326253403482,0.015612817968837511,0.007069964154188952,8.887621368371068E-4,0.14205472342678463,1.4368280947682164,-2.42055834539341,-0.6757004311788856
0.009345137094690587,0.0156649343148274,0.007008004711215669,8.019349918164516E-4,0.13665115331308123,1.3486185975396008,-2.4034320457939686,-0.6128360961410267
0.009223144205445628,0.01564135011092992,0.006999378677593235,9.552128530931559E-4,0.13611583291427695,1.4617717822808014,-2.3670802904644384,-0.7201295855260325
0.009150536641211,0.01565573435819018,0.006946491485691478,0.001033890983278501,0.13097211405716822,1.5022675898181024,-2.3206651441503166,-0.7728092525997484
0.008706171192973676,0.01549268404067659,0.0069484235487248325,0.0016274671820439043,0.1287968234810597,1.9475429892510565,-2.1683059810822,-1.170164224241392
0.008602120727357148,0.015486301451623496,0.006885548036530417,0.0017445323448400005,0.12128039201919814,2.008463244616038,-2.0992365764961356,-1.2403559967173254
0.008520852444070132,0.01550108990203712,0.006804861859987433,0.0018189764746118443,0.11374312182186487,2.030503340730746,-2.0334145438857174,-1.2803648845882405
0.00902722005356491,0.015606499987542016,0.006964384800503408,0.0011989579399025539,0.13215707018717723,1.6330655391984388,-2.291973134855048,-0.8864567039043142
0.009073292823399843,0.01567066059903484,0.00688868938649772,0.001115317816380808,0.1259308884792293,1.5424240208906002,-2.2703445790698296,-0.82626360157373
0.00889579524276086,0.015565673713160437,0.006956210697794487,0.0013705619260232281,0.1308555538425876,1.759049245732428,-2.2441000579364005,-1.0017405354588271
0.008944095742357104,0.015624872506983642,0.006893217325117023,0.0012835893925818435,0.12561161710611743,1.6699956253947492,-2.2320774848502336,-0.9399601935255223
0.008817310817229447,0.015577166461355327,0.00689278348648534,0.001451280148631465,0.12445637506272571,1.7946738028503353,-2.1880081407923098,-1.0512719840813338
0.00873599284580943,0.0155783662098969,0.006840686153626968,0.0015390575111501046,0.11936572757884241,1.8393579054189224,-2.135709411133226,-1.10495164005454
0.004192175335560617,0.01040783831810518,5.0137061737383E-4,0.007420080107684958,-0.014854730978888968,0.27117047812447753,1.9766727071252317,0.16109138677298226
0.004169684827274199,0.01050733745347348,6.158137725402584E-4,0.007377284627053267,-0.03367369678983111,0.3523427709394818,1.9516044646436232,0.07001118188608325
-0.004580958587959446,0.01107240468435253,-0.0014708991447237062,0.007555746823799467,-0.12979908367007634,0.9527223182883799,-2.1258020884792717,-0.4107374814540337
-0.004522010481913299,0.011009786335467718,-0.001361488475427454,0.007530355670825649,-0.11672716892813484,0.8775365096613711,-2.102890447027077,-0.35453512278999394
-0.004455904724577262,0.010966597832053435,-0.0012752970720415686,0.007486820016906633,-0.10838506971535233,0.818273735770419,-2.067474200727006,-0.31691104145810267
-0.004559629191507492,0.0111795999194294,-0.0015901843928225916,0.007473105957448783,-0.14753837985998028,1.0375154108391345,-2.069900125303791,-0.5076979434651254
-0.00454944512233932,0.011129747813798302,-0.0015238821986446978,0.007492303146979655,-0.13898635504688434,0.9911228566737156,-2.081484877566175,-0.4629458369397731
-0.004654097694305065,0.011348064724858335,-0.0018520512511277303,0.0074569044079338806,-0.1795146767980818,1.2179225291517144,-2.0670151619202493,-0.6607228276534044
-0.004525328369855583,0.01121530284804104,-0.001612044735646008,0.007418442338767173,-0.1519468776211629,1.0547256464737642,-2.030657140873161,-0.5383932156904455
-0.004589528591291275,0.011334781933481856,-0.001792624916596671,0.007403640231459072,-0.17339951430962855,1.1793274304819563,-2.0260260767648917,-0.6450854131699009
-0.004546589147799317,0.01127836924156553,-0.0016990284170522434,0.007399522329441298,-0.16266302176729705,1.1152159179467243,-2.0198727588431624,-0.5940199470303361
-0.00481508310793208,0.011760522780770348,-0.0024432618195668675,0.007283109079343178,-0.24379312628649188,1.6245279304393871,-1.9540023143843326,-1.0266560672962524
-0.004824419167840765,0.011706302232362374,-0.0023934271557013143,0.007339907426964907,-0.23954765973439016,1.5891993099687471,-1.995153384162912,-0.9844837226690205
-0.004776479518973802,0.011656251086384942,-0.002297551924902524,0.007337761865279472,-0.22953945265405823,1.524720567518917,-1.9914775939665463,-0.9360596723755661
-0.0047219673216580445,0.011533427672348794,-0.002116468591367424,0.007385994615731673,-0.21047004716149503,1.4004375189467508,-2.022573186522049,-0.8264059671035628
-0.004704738272841838,0.01159134329370725,-0.0021673304254472025,0.007323839231616168,-0.21610432434323754,1.4372028276626756,-1.9782063954902722,-0.872484345500121
-0.004723895535009384,0.011630222822149084,-0.0022253475491050704,0.007310173310723536,-0.22185899412682114,1.4768043985553836,-1.9695256382468123,-0.9068981830425493
-0.004655791333509357,0.011422651419514228,-0.0019402619921587013,0.007405915321917309,-0.19047123387645326,1.2801719969301775,-2.0322396230526985,-0.7256904844642231
-0.0046530296913763255,0.01149534105415256,-0.002020767281614063,0.007349775058906127,-0.1996732287942158,1.3371989273402074,-1.9933014923590535,-0.7870236668545613
0.005158998961480841,0.012485266306155244,0.003465079815957284,0.0068057587659060325,-0.3020164855811123,2.305529756118226,1.5974536693429515,-1.6238406631220779
0.005190099288515228,0.012535298901511581,0.0035390327369625714,0.006767759046070381,-0.3030482607351069,2.3528069204016364,1.5670333083106784,-1.6633547239394189
0.005097172656525851,0.01248320007391671,0.003388864663438237,0.006761140775484557,-0.29592243960739206,2.2518707453162876,1.5659040662976975,-1.5966313999166777
0.004476062098487647,0.011213599713989653,0.0015804257776470608,0.007372613292449303,-0.14964739310021988,1.0341360971918698,1.996105021915069,-0.5348658416083759
0.004471167469381052,0.011075865860470817,0.0014154556029055449,0.007445971957673722,-0.12746252539657488,0.917388952624737,2.0433184677964378,-0.414612201716407
0.004448628227591933,0.011141046660447487,0.0014802143682926161,0.007388697843232978,-0.1376995278487368,0.9641296523649622,2.0039344803995065,-0.47139180150609994
0.004411458728315606,0.011025958037082203,0.0013249161069060385,0.007414579592868921,-0.1178832921503374,0.8549806320577898,2.016535036574501,-0.3707962891233126
0.004363524302443067,0.010962735332482106,0.001226666289157695,0.00739972722701128,-0.10675730215926325,0.786357580395932,2.0011915233178406,-0.31601814857852584
0.004320847661589352,0.01089103493167401,0.00112263898337674,0.007391558697987632,-0.09459496096612029,0.7132531976059989,1.9902068689776853,-0.2544707680017759
0.004276981181181304,0.010810824418290784,0.0010097593810569462,0.007383047401639235,-0.08137447741213222,0.63340474637551,1.9781299094442117,-0.186226851019849
0.004262289153597514,0.010732882016938766,9.11794423959366E-4,0.007398008955700618,-0.06873640708143484,0.5638950391881088,1.9839886508760336,-0.11887773584449027
0.00420456487066424,0.010665646539131518,8.1289344310861E-4,0.0073660807372790075,-0.05880825511264699,0.4932631378493718,1.954738025858811,-0.06467841515987
0.004461246549670159,0.011299164676183974,0.0016686577693528091,0.007306252867878854,-0.16178743975503587,1.0974574597416018,1.950519038526117,-0.6064371922816022
0.004407653772802214,0.01125139229061128,0.0015823276918199194,0.0072864160816502824,-0.15262763997813084,1.0383042563108362,1.9328013719850694,-0.5632522000959244
0.004526956855491458,0.011347448738058248,0.0017653926917688349,0.007336038974720518,-0.17173046358960933,1.1630124723515953,1.9756935859996434,-0.6514347667314233
0.0045812866915243555,0.011382787984382838,0.0018421150294538006,0.007363175273066134,-0.17984720432850337,1.2148836794514457,1.9978864619195247,-0.6855325142039522
0.00464734210018847,0.01149758982961782,0.002019082274617785,0.007342744001576207,-0.19956223738935586,1.3362493082801523,1.988195752451139,-0.7882186670495077
0.0046040614996857,0.011439677139639323,0.001922434267250205,0.00734462770497048,-0.18903287591710352,1.2702596365332626,1.9867612698849635,-0.7353441729927547
0.004620878387151954,0.011569848641489298,0.002078049488153874,0.007263184369555714,-0.20633503835753134,1.3792053483166582,1.931254312571469,-0.8440581021996411
0.004607890800548881,0.01164537502658505,0.0021475148906169223,0.007192195093768947,-0.21365239072457762,1.4283755781097687,1.8810768005943246,-0.9012732732011043
0.004617997392944037,0.011720963946400082,0.002232875312348281,0.0071397360526712595,-0.22166166212479288,1.4876359414837184,1.8443739472400529,-0.9604961332464131
0.004862937423377545,0.012033135911527342,0.002759234052322528,0.007067032282443659,-0.26722063134101326,1.8403089943568016,1.7977838495102254,-1.2409007618095347
0.004812694310905841,0.011997868227193984,0.002676912321633971,0.007058877588105322,-0.2601350191570208,1.785674398903894,1.791154053198687,-1.2032221517746502
0.004764036233809486,0.01195516374395944,0.002590334787148718,0.0070583738109676894,-0.25278960974076164,1.7281406443406688,1.7900312242078764,-1.161229485128224
0.004717846441896569,0.011905750780583363,0.0025007211833327834,0.007064985201810029,-0.24522957454848118,1.668423076785288,1.7938915580392116,-1.1155132763340523
0.004672573873428764,0.01185049708904816,0.002407138321765343,0.0070760780544148185,-0.23716756928588237,1.6058488002811278,1.8008052087480786,-1.0660916796126345
0.004636439506155288,0.011789237304729158,0.0023161600987371693,0.007098359810671909,-0.22937097375202067,1.5445667554203981,1.8156238703469165,-1.0143491586033582
0.005079078896735804,0.012428858089496673,0.0033276687220510945,0.0068118611325739134,-0.29544316336134774,2.2135606412915476,1.6050414091773508,-1.5601942675833556
0.005063651098067517,0.012377138559317045,0.003270292885594098,0.006860322528901113,-0.29476429908658824,2.177506372757747,1.6421208069515545,-1.525316861821292
0.005043156194541059,0.012469904646281537,0.003315470467753369,0.006736395437723768,-0.2908020062502673,2.2020247158978026,1.5492986769038029,-1.567664455335208
0.004907396397583338,0.012121760567027177,0.0028850700652084398,0.007014293788901922,-0.2754407478337458,1.9241933734720196,1.759114090623499,-1.313683721245449
0.004905677795602575,0.012180821680428796,0.002934777682757118,0.006950946710186053,-0.2768089018351425,1.9568245252046592,1.7121602109765888,-1.3514632170119931
0.004917177629522603,0.012232017757513492,0.0029901308041132353,0.0069057930245931655,-0.27900665136883135,1.992832908804661,1.6785980716919813,-1.3870327853089053
0.005013550900033088,0.012354653771901473,0.0031952752307415158,0.006846755142156318,-0.289573141966683,2.1270482562180035,1.6332085709056123,-1.4935073332551976
0.0049416373724812225,0.012278658165852566,0.003054799213668141,0.006874809040924335,-0.28201963436063654,2.0349749046418597,1.6553327910062279,-1.4234436960779397
0.004974755571113594,0.012320550728777498,0.0031248471201071183,0.006854705082873752,-0.2856889987752082,2.0807339902259083,1.6398616748000538,-1.4597285381776135
0.0048539966086540804,0.012096838575224941,0.002808005305113208,0.006995246615144778,-0.2688144953882945,1.8730877560291168,1.7448490944049484,-1.2815429092509227
0.005750738689626183,0.013415798231692009,0.004692549630239393,0.005867411586928185,-0.24853078943593968,2.989524344576344,0.8081525084413529,-2.2031485218734583
0.005845560233445478,0.013468519792998866,0.004841668694302429,0.005822369356266971,-0.2399371254790509,3.07970977359369,0.7525055449901358,-2.261605675249793
0.005795574302898908,0.013443153815039473,0.004763206669724135,0.0058430394513444015,-0.24447429665090856,3.0313680916403674,0.7799895197713463,-2.2307773775209156
0.005918957023138145,0.013531916647890878,0.004957913815343968,0.005748760136782394,-0.22954126822447576,3.13883656985815,0.6795038547911161,-2.3030127920900187
0.005859487486448694,0.013520797224999779,0.00486569873405976,0.005746849194093126,-0.2332201685233324,3.0746801336643377,0.6944411669313678,-2.2650727390599186
0.005927629459280763,0.01358982246670552,0.0049711161042947155,0.005661418973957162,-0.22199878299584133,3.12106552944317,0.6148402597908679,-2.2992297454301105
0.005937175874458216,0.013643944026089832,0.0049838101728640035,0.005580590397088349,-0.2150249030233983,3.1043106875553623,0.5555675642806355,-2.2949059889399135
0.00595001436854873,0.013698438016615778,0.004999730339121506,0.005500359673065321,-0.20783172597072808,3.089246540778777,0.49693398715127296,-2.290939668725897
0.00566383405070915,0.013342910446374772,0.0045524112030646486,0.005940653204348551,-0.2573851600814079,2.912815188039225,0.880397922536057,-2.148892337572699
0.005687937372195555,0.013441288656631765,0.004602404199563959,0.005805730131362933,-0.2457879666742684,2.9135167100553594,0.7775054110458607,-2.16248197173763
0.005642964072251244,0.013403327610451952,0.004531737131280151,0.005843839304936121,-0.2505279484508442,2.8763246007955328,0.8143883970741616,-2.1360246403123146
0.00561529084270077,0.01329047253717618,0.0044709710915008015,0.005996212980162142,-0.26326611818822504,2.870874003354668,0.9306823359280474,-2.1170115406340417
0.005506106332979553,0.013210407492013876,0.0042945601763368585,0.006060112154882512,-0.26987002513146835,2.7664317529853872,0.9969700711050539,-2.0444720755049066
0.005554975709724185,0.013252363111014036,0.004375045578076692,0.006023657447218479,-0.2664266707059038,2.812600300310862,0.96191693433349,-2.0776350017241914
0.005463970224826374,0.013150840345327904,0.004217624887490689,0.006122829390026309,-0.27466600910100886,2.7275220357530765,1.0497550181400894,-2.012284846319868
0.005416124062767702,0.012941750860684522,0.004071032341279832,0.006386964485232177,-0.2930951460994394,2.6726664466833516,1.2555753679146913,-1.9401832969782598
0.0054517618059479085,0.012989073457834427,0.004141141926031982,0.006342483169829418,-0.29052125929062944,2.713332544301459,1.2172708143849478,-1.9729262271991603
0.005370207830743762,0.01292990014724482,0.004002728355850175,0.006375350318779184,-0.2912954400284688,2.6247660438589664,1.252093859657834,-1.9113410056683589
0.005424294311911036,0.013046226218273659,0.00412583819370932,0.006247205821510177,-0.2837623368199784,2.6877359237897043,1.148614023774018,-1.9704977197496658
0.005405685944746484,0.013111884933154324,0.0041240456282059445,0.006146708487121354,-0.2765654747004998,2.6702274570345526,1.076039107382899,-1.9728141090803673
0.005159211157863121,0.012595879531506414,0.003541618678470653,0.00666972777606542,-0.2976562833088159,2.3480507164706874,1.4935885846072436,-1.6792819961126242
0.005140921086178272,0.01265842806901646,0.0035586055318322617,0.006579362156623977,-0.29312023887779454,2.3523448879702324,1.4262976474672566,-1.6987510301873867
0.005334392135235822,0.012881926481686777,0.003931716985933746,0.006418131163133842,-0.29355493706320873,2.5829804003917913,1.2885022449610528,-1.8777499460937597
0.005276209767375529,0.012843656349023387,0.003835440118139612,0.006432395696269855,-0.29230602842598885,2.520719182591998,1.304948426170646,-1.8349337541982595
0.005223789592087918,0.012803627773964956,0.0037464742925109955,0.006451090972192452,-0.29154233912827626,2.4639177999492543,1.3236987292874616,-1.7947317512543568
0.005171684429379094,0.012760936555792288,0.0036569137329929943,0.006471873462133175,-0.29008695937603785,2.406997093193944,1.3434320727912565,-1.7537520155092878
0.005135247777571664,0.012716401660637922,0.0035860930591943346,0.006503682449726647,-0.28991624579141545,2.3638572500405286,1.3698093235303235,-1.7196484323778194
0.004125593200762177,0.010599120192545027,7.119193464662005E-4,0.007312633205602832,-0.05075119779873304,0.42094726167991864,1.9087811212936556,-0.01464081946336808
0.007943446784165939,0.015129921231757831,0.006792575555475439,0.0027170834796618813,0.09530183572534344,2.6659618437935078,-1.6985322049264997,-1.8095956187418227
0.007983374587491028,0.01518626422271748,0.006760707261329726,0.002621912000675006,0.09455396715380808,2.5836748761605826,-1.7216043593656867,-1.7514671646734576
0.00787600311069667,0.015134724434944437,0.006713447682789918,0.002770686794435304,0.08602546989659487,2.6641058468128267,-1.6360606100263146,-1.8264558968690958
0.006227893456290616,0.013945291381874999,0.005381676060830656,0.005161079694944092,-0.1602740442608814,3.2205592156509835,0.18075265233101132,-2.379633329569686
0.006150056899953874,0.013887084308661105,0.0052765931323438256,0.005244551877193207,-0.17333683245537682,3.183367309109403,0.26253222250336744,-2.356602361107168
0.006177120645743332,0.013931895439482415,0.005306917398463354,0.005178031521060818,-0.1665798894466589,3.177690425864488,0.21092402234438623,-2.355061565276697
0.00624496494906313,0.014008055018585026,0.005388401250447978,0.0050649934418902495,-0.1526379698217263,3.186151644893897,0.11555103413292442,-2.3616131291002183
0.0062920683503456774,0.014060879785382778,0.005442120295335509,0.004984941707671618,-0.1426923928697917,3.1880037133488206,0.04883139311680587,-2.3629351833967758
0.006324765383345517,0.014104445443839975,0.005475384452267463,0.004918119199829856,-0.13597557661343615,3.1811308697819403,-0.0030643289434606215,-2.359000425171546
0.006237565360056308,0.014069772382122408,0.00535626146172085,0.004971037087216379,-0.1471069633893971,3.1274436749947196,0.06362748833640526,-2.3292482005542445
0.00606307694435066,0.013827315996887477,0.005155372978470314,0.005325096557609152,-0.1864558824452485,3.132641304744603,0.34482565620268796,-2.324796604210625
0.006087248276911954,0.013885712883745599,0.005180606861980421,0.005239345774936379,-0.17858406688079145,3.1181882715552622,0.28185982947349414,-2.319410539692779
0.007342472083148395,0.014759041238700393,0.00649901991958502,0.003627664213336258,0.03292220266680528,3.1169697460092327,-1.1299769877085704,-2.212964374033659
0.007144809578291562,0.014633687997821363,0.006348693592068571,0.003912230966862516,0.0035180133964505095,3.2040119804860425,-0.9114090256674597,-2.2993014159566005
0.007262412786112809,0.014699971850020522,0.006449751684157348,0.0037560433434641054,0.02151241501801951,3.1687126352013295,-1.0401751405762536,-2.2584540167772094
0.007287919949852871,0.014721469196513633,0.0064633020699259875,0.003711616988435523,0.02518904780666247,3.149070526823902,-1.0697680040148463,-2.242153092815638
0.007300318419259708,0.014750636170925655,0.006450485902079304,0.0036644478916954756,0.026094745031303813,3.112071980642511,-1.0891533797513753,-2.2177319339203097
0.00719084180565153,0.014672305566661978,0.0063770171239346,0.0038339601822779813,0.010527051279407241,3.1734692653845866,-0.9665123620122494,-2.2735329356587837
0.007226616501655667,0.014701212243556801,0.006398820304676174,0.0037743224097510344,0.01553539632519022,3.149951322391306,-1.0081215104196524,-2.253471558100112
0.007360499955824967,0.014813514162405434,0.006465912516339746,0.003543607727171696,0.03349928970661504,3.044667650581959,-1.1582940905981596,-2.166400509531732
0.007361502097930302,0.01487875017065631,0.00639865458602745,0.0034579345281719196,0.030985523203184734,2.9537244303392423,-1.170769413377892,-2.111648080590364
0.007805627220465288,0.015130501143206609,0.006641703312083699,0.0028342745373020587,0.07714854356761196,2.6723448450703056,-1.5734256319061775,-1.8488741421259276
0.007738195649629379,0.015118747284402318,0.006581138804624798,0.0029016408959317754,0.06901299531719501,2.687830026786825,-1.5147102047252974,-1.8739829226687788
0.007593402585195589,0.015005377351728744,0.006547361636661858,0.0031433447255407115,0.057472074269725636,2.831030629576649,-1.3901073683236074,-1.9916218649930995
0.007644647214426913,0.01504619753429504,0.006560466225896823,0.0030569590010276738,0.06165086615674364,2.7806391062757068,-1.4358515666392029,-1.9503244102708768
0.007679437835958478,0.015102996205660423,0.006533621541684058,0.0029650352533221215,0.062441116714045085,2.7065928619986868,-1.464105181047101,-1.8983164996045445
0.007544722547391669,0.015023562314794315,0.006468327183811798,0.0031565771634133647,0.04989733307578816,2.798902019919751,-1.3467243175846437,-1.9825645305104413
0.0075028263669527405,0.015000765069968995,0.0064433845385721755,0.0032132061222075806,0.04461608279487012,2.8223979028942945,-1.3089673975922513,-2.0050617315925323
0.007467123273835521,0.014956604352687784,0.006448432600137869,0.003291402925328718,0.04263886355508883,2.874917844665116,-1.274427325825098,-2.0438867115834074
0.00740336651252089,0.014932851462368807,0.006394680020840115,0.0033628544628657676,0.03384089245192478,2.8917316348023343,-1.215354341276947,-2.0665304611334245
0.007018214389191165,0.014530405074165352,0.0062580554467909074,0.004120455464558945,-0.016630832107314825,3.2718442451766796,-0.756772364205391,-2.358276969274463
0.0070966453821910734,0.014594560609477187,0.006315752765795291,0.003991748570139987,-0.003589920562900293,3.231689808021269,-0.8535219260188389,-2.323197967007141
0.007043989777464718,0.014578339637819187,0.006254150585966083,0.004039352317867439,-0.012673192664051697,3.2224289890075433,-0.8014220193096515,-2.325202222526308
0.007089907054972201,0.0146641436498297,0.00624320336089637,0.0038960943421996242,-0.005616418353788059,3.131831414561034,-0.8760279037284847,-2.2642901769807047
0.006924773702622385,0.01449633676499649,0.006148496045206813,0.004207891693187132,-0.032256061458805836,3.2538143438991782,-0.6627910246117715,-2.359728826648174
0.006951947356786678,0.014548706759507708,0.006145883170108759,0.00412080066015704,-0.027178831932273998,3.2032731733382214,-0.7118757562073429,-2.326077319461804
0.0067973258934120205,0.014431738615944429,0.006008399453829061,0.004346677800820012,-0.05365629153148022,3.2427440007480945,-0.5281325240716833,-2.367399336472067
0.006869275549247245,0.014496985554691895,0.006066291632871885,0.004226894568744317,-0.040949621922689174,3.213797460962209,-0.6200341045317453,-2.3423676403034928
0.006811742405117653,0.014491935038921044,0.0059859100964693495,0.004253439473091054,-0.04973409470919115,3.179243418725301,-0.5743508154101838,-2.3278755976404075
0.0065754068260886886,0.014285574568876636,0.005768833112886566,0.004618637051651005,-0.09205713780605568,3.231359907730852,-0.2803415359558222,-2.378704374538874
0.006598033205133829,0.014341093152337761,0.0057704831866174375,0.00453108139202631,-0.08591295149783217,3.189630232121868,-0.334107415344941,-2.3526726376961444
0.0066933528955875074,0.014381237977407998,0.00588778244570382,0.004450360466786065,-0.0710745425458773,3.2218897243033564,-0.4230228071147137,-2.3645256134695973
0.006744232201048864,0.014416006879640503,0.005940412416972096,0.004385370060281579,-0.06199893006079605,3.2209162923728853,-0.4802310757326989,-2.3595766575984367
0.0066293118573722875,0.014398204138167812,0.00578206559686473,0.004440022538077051,-0.07888584532687824,3.151767902759234,-0.39234382322309785,-2.3279028074467187
0.0064404044295221985,0.014206527572454136,0.00560605176614477,0.004756244366816045,-0.1143090775554463,3.192985671133027,-0.1434388276592946,-2.36307773720276
0.006380856628947699,0.014186361414741158,0.005525625373555631,0.004791622435760015,-0.12294868829795573,3.1580338817955886,-0.09722230051056634,-2.3448790204711294
0.006321710302572369,0.014162374753527798,0.005447357309785655,0.00483084320447992,-0.13084524325563376,3.1259658691332675,-0.0500176984506745,-2.3278064220286687
0.006515549712314856,0.014279115111093817,0.005682214483327331,0.004637793472820104,-0.10030026390059497,3.185963710052756,-0.24036303134156664,-2.355595272707996
0.006451629538030371,0.01426871700821075,0.005592201011603299,0.004661774980346325,-0.10885278101188244,3.1411026828417934,-0.1972097858819626,-2.3324456699834317
0.0059855895029559,0.013754594242450461,0.005048126095259072,0.00542248401069644,-0.19953566805774456,3.095552131533989,0.4339734840090418,-2.2988994822678817
0.00599760703944915,0.013823949688001073,0.005056604139753757,0.005319732057961178,-0.19127974847063942,3.0662797287720482,0.3633234009663316,-2.286412343287567
-0.005096231372202491,0.012209426231256754,-0.003168440159913945,0.007080155026918021,-0.29847037730419324,2.1144802927529756,-1.808900772600966,-1.4319360458022645
-0.005111355391099524,0.012252508826119165,-0.0032234563806249213,0.00704386981059854,-0.30089763246896256,2.1511665226876455,-1.7811744709560353,-1.465952645021417
-0.005136827606409636,0.012287612289300844,-0.003283141464631516,0.007024715175746288,-0.30336051941930753,2.1911615517626997,-1.766332816383499,-1.4979460779352032
-0.005133844447559044,0.01233026544703324,-0.003315154312875633,0.006972016183319755,-0.302993039367265,2.2115825020679005,-1.7259514717926405,-1.524018118878657
-0.005150904159441631,0.01237165220850988,-0.0033688850621361884,0.006936839221923396,-0.3041843776537194,2.2466994262376763,-1.6985836137961339,-1.555895211122053
-0.0051730976732593,0.01241078293477527,-0.0034264456914416207,0.006907624703365716,-0.3054505289514027,2.284395689523789,-1.6755445463487497,-1.587882458995982
-0.005172848858075301,0.012454067278018413,-0.0034590680570670555,0.006854647888842867,-0.30444334468727924,2.3040516172445638,-1.6346883368946517,-1.6125666712861333
-0.005009093246938457,0.012026210749304123,-0.002902398730937853,0.007203013896164526,-0.28385194232502636,1.9347715700634385,-1.9007741348145724,-1.2749524407613169
-0.005017146592022253,0.01208082641249556,-0.0029633479392036466,0.007152418791302006,-0.2867705742003385,1.9763178070616172,-1.8629245576652156,-1.317328988277535
-0.005040807060333963,0.012140349848100508,-0.0030443179460961397,0.007108903285722395,-0.29100333867402056,2.030787658162587,-1.830402141819747,-1.3665711308824189
-0.005042582583328399,0.012195473672165884,-0.00309581554898279,0.007049619248474476,-0.2924783915405233,2.0648645437963284,-1.7858208720814377,-1.4046915215549942
-0.004957044044922054,0.012001230564192828,-0.0028241557548983336,0.007181889179838479,-0.2762916660948504,1.8823799103139895,-1.8839768546507705,-1.2428205836944068
-0.004888629107164922,0.011872890086241188,-0.002628257101431858,0.007246858086302342,-0.26066148039596443,1.7498191877222045,-1.9302021532578846,-1.1294932160967008
-0.004812543905686716,0.011819476724167891,-0.0025023171707546934,0.007227400900471991,-0.2486437577856448,1.6658193961987686,-1.9137775130278478,-1.0723643174211526
-0.0048391775286093335,0.011862334793631257,-0.002570659239077698,0.007211820686513498,-0.2545352120905536,1.7119087546508145,-1.9031957231064598,-1.1106646251767665
-0.004897324556697972,0.011928697890446907,-0.0026929535894478916,0.007200739670659712,-0.2655880886591228,1.7942441012349768,-1.8965664345122633,-1.174070339543509
-0.004915825414711409,0.011975723563799476,-0.002757600878862894,0.007170799229916437,-0.2700498789617156,1.8378920214998797,-1.8749883212961163,-1.2134691060817302
-0.005966417776528703,0.013350284889387979,-0.005023201771429842,0.006056460208445257,-0.25054602105907836,3.2765518980809287,-0.8975788264683614,-2.3541693108809185
-0.0059226582633008715,0.013343387260261281,-0.004951294664774795,0.006049382256437392,-0.2528939391839086,3.221452650123797,-0.9032655623235943,-2.322684513502804
-0.005882624631975081,0.01334792268866898,-0.004887782182195935,0.006025302833997267,-0.2537276946621581,3.1685501722097764,-0.8948278518363726,-2.2940472801119025
-0.006054189441623507,0.013467491262353326,-0.005174493861587932,0.005896547160553768,-0.22999405200086695,3.3401376935524882,-0.7494382409035403,-2.407384038437689
-0.006031186784821366,0.013441284047362894,-0.005135986909928689,0.0059318512032104885,-0.2348886787311069,3.322793424800446,-0.7831970721113427,-2.3940371896986274
-0.006010852826929791,0.013411203266026097,-0.0051011747451925465,0.0059739926078667595,-0.2400473321911549,3.309943628565059,-0.8214290474860475,-2.38241238605231
-0.005982749396179141,0.013382546345612381,-0.005053022840711332,0.006010232950817156,-0.2453475817679689,3.2852208436025108,-0.8571577244974519,-2.3642595123123225
-0.006117491637598314,0.013529837508303236,-0.005278311484004004,0.005812957219493327,-0.21735272257620333,3.3895962214711974,-0.6662390936640835,-2.4429806484458667
-0.0061419749458125625,0.013566861842734803,-0.005316699758057509,0.005758054494336757,-0.21055019112135223,3.399070425953089,-0.6171839003914773,-2.4526580296902503
-0.006135567423248275,0.013546452702448848,-0.005307532222958479,0.005790389241483414,-0.2132756735439419,3.403517206556779,-0.6433731909975444,-2.452689274590458
-0.006135878513201468,0.013588589440106755,-0.0053046845162485895,0.005720299114196122,-0.208118974814336,3.376760421036535,-0.5916031548722019,-2.442810600244259
-0.006040796636857564,0.0135031529849321,-0.005152429953923105,0.0058334976694722485,-0.2261181549698769,3.3037436014015564,-0.70596706973788,-2.3920479925203177
-0.006068271346059168,0.01352374643653251,-0.005197052374690568,0.005808309924346649,-0.2216656714189713,3.3280750150212017,-0.6787031661166484,-2.408195483274558
-0.006092347504081662,0.01353833676946398,-0.005236154505442784,0.005791449582761417,-0.21791130005803855,3.3510944072547977,-0.6584726974788372,-2.422760975191157
-0.006149777332763899,0.013616023611338198,-0.005324868339944436,0.005678337155679247,-0.2036679782118189,3.376748571520952,-0.5562535692701179,-2.4457264020516596
-0.005693546222240284,0.013126691515995697,-0.004544487104132517,0.006278583501973085,-0.2833504226354713,2.9828033395536315,-1.1313586649579042,-2.1503110743386684
-0.005710526835832366,0.013156414449286722,-0.004579198660669266,0.006242368481894556,-0.2796870516252304,2.999965857314432,-1.0998396778796276,-2.165855463061963
-0.00572886172702422,0.013195870768243542,-0.004618016237774841,0.006191495171647239,-0.2751330725709223,3.0164873339835663,-1.056702522095666,-2.1826859001444294
-0.00576042297195938,0.013233963662022714,-0.004675808591057272,0.0061485518142273135,-0.2702886215622409,3.0477018146829975,-1.0172298963553006,-2.2071318693573683
-0.005844615063698352,0.013325167395022522,-0.004824448003226021,0.006045069564460883,-0.2579297032207128,3.128182131990852,-0.9191608604455003,-2.2678430425084612
-0.005780128895922942,0.013279602481383384,-0.0047159295125578544,0.00608735710949072,-0.26458580539408644,3.0615795718112966,-0.9660275494214697,-2.2229511856468895
-0.005799069797719906,0.013313651791385446,-0.004751482445577448,0.006043186102739496,-0.26012130129776856,3.0758427466858524,-0.928242812979905,-2.236651882238039
-0.005573341355050284,0.012953677360403865,-0.004300107902644665,0.006466885241310369,-0.2997904307591102,2.8439581931291453,-1.298681353517604,-2.0357815438984512
-0.0056599479707049915,0.013108389161102102,-0.004487872323263836,0.006287929720378096,-0.28490629297377157,2.9443502389732936,-1.1444944528287817,-2.1254297114924117
-0.005592224401658939,0.012995234220298635,-0.0043454450079398335,0.006417407056974336,-0.29602300302732093,2.867701939115372,-1.2569187214192488,-2.0585378838503137
-0.005636293189827333,0.013069146834423864,-0.00443908269254093,0.006333538825526275,-0.28893597492873746,2.9187221227997466,-1.1842214665368702,-2.102987795148955
-0.005614788920279488,0.013035666729777264,-0.004394742162872416,0.006371003758143063,-0.29236928899052184,2.8943973273585653,-1.2169602541276898,-2.0823129508242535
-0.005616031799774813,0.013103303108892983,-0.004420699103951065,0.0062714425979801,-0.284518065186196,2.893708780956208,-1.1390056250219351,-2.0964566712500874
-0.005243448599912301,0.012516465136524458,-0.0035926334187732305,0.0068322744126509405,-0.3094239257561799,2.393367974450943,-1.6146550942783822,-1.6771412801969683
-0.005265389892694497,0.012569125021913527,-0.0036575779413033564,0.006781997872215813,-0.3090104629136255,2.434270549852428,-1.5745918127360239,-1.714615700674443
-0.005268987156749283,0.012623854278965847,-0.0036987704061281984,0.006714162427244529,-0.3064870283451618,2.457093419637362,-1.52169717734629,-1.7431342621842645
-0.005182740274119056,0.01250462300612304,-0.0035082009515929875,0.0068001760241130855,-0.30372774693499455,2.334166308015801,-1.59239621982331,-1.6441963823071932
-0.00551534413379783,0.0128986012047436,-0.004190799385840054,0.006509870042048826,-0.30270227683750234,2.773497494601944,-1.3399595069823274,-1.9843900529228975
-0.005470146590130139,0.01288298648517882,-0.004118964872518471,0.006502865760573858,-0.3017808297695113,2.722203433891369,-1.3396596690014722,-1.9530724969869964
-0.005523882707441429,0.012944735977660528,-0.0042243338973071655,0.006449002835613287,-0.2985201055841857,2.7876783854717417,-1.29093206323617,-2.0033790814323855
-0.0053409193771526645,0.01267760646651783,-0.003827409958858979,0.006696091598283734,-0.30921877757432714,2.54343432609093,-1.50288557828207,-1.8032209870790232
-0.0052950771991257,0.012665369785783785,-0.0037592024662316407,0.006679125179747909,-0.30625478644042087,2.495137291502608,-1.4929249409040208,-1.7748593020688639
-0.005426286206884209,0.012861619868794534,-0.004047039146379556,0.006504331126646716,-0.3010449104963535,2.6725867759359674,-1.3456330360341033,-1.9211596699178293
-0.005389536773329067,0.012833898240423617,-0.003982248041301801,0.006518518597163107,-0.3012443227368903,2.629977851438889,-1.360345988617619,-1.8913558908738914
-0.005365851698133651,0.012729132031731429,-0.0038919945205287696,0.006644807231224444,-0.30777218975773396,2.5826977795714434,-1.4609152249656552,-1.8384110769580781
-0.005377948851298481,0.012788726621813747,-0.003942292672605298,0.00657238960611939,-0.30405185658170186,2.609172693900133,-1.4033581508107213,-1.8686160591180572
-0.006711523856672028,0.014099814607948263,-0.006093720383389865,0.004890382718968282,-0.0813422674230021,3.5856983579728414,0.21455060966163703,-2.57141879890492
-0.00674475992882709,0.014113784142879912,-0.006140464119875252,0.004861187940740639,-0.07427772528621292,3.603653193428291,0.25035304316206725,-2.579172494209406
-0.006971486966994079,0.014196794139386383,-0.00646131047528502,0.004663270708453018,-0.026864571447074655,3.7236090360453162,0.501373042136199,-2.624315897712
-0.0069979632839748,0.01423484453020611,-0.006474808971171274,0.004590578351549335,-0.021000222672222648,3.6906743093860066,0.5547180054600309,-2.6026670073981637
-0.006978536321162254,0.014221431659907741,-0.006453393499860803,0.004619682023077829,-0.02511255757685197,3.692497865073304,0.5271935398171012,-2.6061108379263467
-0.0069434955154022565,0.014191041141861725,-0.006418843270526181,0.004681994972829353,-0.03279567421731471,3.703833463533259,0.4725068252867521,-2.6166082275104823
-0.0069111364721201884,0.014186345481353328,-0.006368268744589767,0.0046997661258481515,-0.03945593252207066,3.6777692066604817,0.44134737766266213,-2.605693308587114
-0.006835863218071636,0.014131813365843557,-0.006281257494694939,0.004811473955659375,-0.05624808632129713,3.6777511174709088,0.33415306979516485,-2.61297505476348
-0.0068561782031094564,0.01415402050784099,-0.006299866442372063,0.004769103077916468,-0.05151829146412578,3.667749759488903,0.3695326123863487,-2.605614724995865
-0.006881022549043082,0.01417339096910606,-0.006327530128054264,0.004730053747317802,-0.04606853592974736,3.665784182544088,0.4059174889369693,-2.602124006759096
-0.006800952194070027,0.014137475831436937,-0.006218849272800207,0.0048100638203898835,-0.06293188388914811,3.6322358173962814,0.3124801806779632,-2.5907819521055537
-0.006760946015401343,0.014141298191128701,-0.006149842473244832,0.004812300385191599,-0.07027854811717059,3.584459899812939,0.28649134739427423,-2.5673854462856034
-0.007001071520561905,0.014269244519564435,-0.006451638662456292,0.0045327310178485585,-0.019982749826802437,3.6402781718534816,0.5831017213913304,-2.5739623163887546
-0.007052612833443207,0.014299870552585728,-0.0065098859473261056,0.004462841268060039,-0.009360877416038608,3.63948317274448,0.6513927468262145,-2.5664794277152314
-0.007022413347201703,0.014300466161297695,-0.006460341093467493,0.004473813489977365,-0.01575076092705664,3.611512844202561,0.6243355827732658,-2.554871416110671
-0.007076091108166136,0.014326977533407345,-0.006524234455466744,0.004409219024029991,-0.0048378812710257145,3.617026241904576,0.6912218077339157,-2.5503895108019567
-0.007101520807282752,0.014353459126148459,-0.006541426902176553,0.00435567663824555,1.3849561296551277E-4,3.5963137074971896,0.7320340296632287,-2.534771492811245
-0.006167916703674847,0.013649606682434076,-0.005350643973387372,0.0056270229679311065,-0.19817959734128973,3.376989512830487,-0.512941630531608,-2.4491341642628477
-0.006189776254781775,0.013679626097775089,-0.005382247335078681,0.005582056292056205,-0.19240998358056197,3.3832689920807297,-0.4731513920003298,-2.4553414992622677
-0.00621271299442597,0.013707356176576821,-0.0054152729084310436,0.005540641417074283,-0.1868921593827189,3.391566586736673,-0.43544497181521885,-2.4622460931178765
-0.006431971347399293,0.013858758964189179,-0.005740386560534511,0.005312528996099842,-0.1442948637841458,3.5338374781617747,-0.18842263706192267,-2.5482133602954735
-0.00641670513444928,0.0138281484650251,-0.005725280574017953,0.005363468359551232,-0.14908013168670953,3.545078401868925,-0.2292362358269105,-2.5531474919669863
-0.006365765932741233,0.013778195449264669,-0.005654589312737839,0.00544392429872501,-0.16128921254941883,3.5275662438898925,-0.3062971648860002,-2.541318421991388
-0.006389719432125667,0.013810227630595326,-0.0056854426158906,0.005391903376156405,-0.15512609687449186,3.5281286272560344,-0.2605718017670134,-2.5432702651593044
-0.0062415825959441645,0.013737302900381752,-0.005456974415821797,0.005496081399785982,-0.18072727784050666,3.4045454144666194,-0.3934614084922323,-2.471669729145452
-0.006274921391103524,0.013761844344146868,-0.005506623682384519,0.005460366131906292,-0.17400291305194163,3.426317573714359,-0.3557068887529457,-2.485315089829139
-0.006314848065340244,0.013783513383203631,-0.005567504125117777,0.005429370326048221,-0.1671609727346135,3.4578343518067323,-0.3181115875945393,-2.503888166773263
-0.0062735548736286674,0.013798783558693363,-0.005495223793151219,0.005399270880897197,-0.17030692746784604,3.39395083694149,-0.31499981891029,-2.4696598483735617
-0.006460086233745926,0.013895038275733277,-0.005774141560738425,0.0052522975880467185,-0.1367627976092334,3.531543271542453,-0.1360611895492402,-2.5479458429812305
-0.006410028037110751,0.013896616391859391,-0.0056900157644587815,0.005248396423694494,-0.1437683467344363,3.469377168140215,-0.15728307234581038,-2.5147456233734995
-0.0065507421300648174,0.01393921691727572,-0.00590853873832483,0.005176887732451399,-0.119113079026675,3.5944117844954597,-0.043055157539081006,-2.581391669424354
-0.0066126673454067145,0.014016934290234146,-0.005975085655056559,0.0050417949449180635,-0.103127260419439,3.5773902773073742,0.07189501813534632,-2.5713485984600504
-0.006575056153496435,0.013969039558480905,-0.00593571585430089,0.00512526559655762,-0.11282522676850429,3.589568121730214,0.0015568414022084224,-2.5786590262063736
-0.006587769285213635,0.014001151685976815,-0.00594137805716687,0.005070371319299141,-0.10866425634512474,3.5671616878901515,0.04145301953174796,-2.5664971319606957
-0.006674480298433133,0.01410276690500731,-0.006030617453586,0.0048914333795335154,-0.08749444819438568,3.5416821744684515,0.19244849604911754,-2.5492493949749275
-0.006659043198800958,0.014080285821081168,-0.00601800754668422,0.004930820944853254,-0.09134928972338299,3.5526962303858705,0.1616933585185605,-2.5561211227393295
-0.006605969803897734,0.014054926104467626,-0.005944067914122821,0.004979231256211992,-0.10181691907514466,3.524480358226445,0.10471501751898997,-2.542939487949642
-0.006631751812614136,0.01406932574592344,-0.0059789458190235316,0.004952498412647797,-0.0966818152469388,3.5359193819349746,0.13414451486918774,-2.548184566901972
-0.006687597546480674,0.0141261300667403,-0.006038457588744241,0.004850923566242918,-0.08390932019671563,3.52638339531968,0.22224229719850724,-2.540014839504469
-0.006472543963570086,0.013939361109709057,-0.005777174925368329,0.005178286866464762,-0.13114289305464857,3.50032874535315,-0.08333754971138613,-2.5319616325394825
-0.006513278695351309,0.01394148221683457,-0.005844312683095455,0.005174150681592027,-0.12487326215013565,3.546534817625431,-0.06053209447263814,-2.556374472197678
-0.007128438324872179,0.014379701922443937,-0.006560349751546158,0.004301704843477202,0.005345925812706744,3.576184495723656,0.7734760674937206,-2.5190744907771347
-0.007155327742475545,0.014403257631753492,-0.00658086494035199,0.004251791918530537,0.010411018546770843,3.559273595397174,0.812877747017537,-2.5050174709027915
-0.007178423655718565,0.014421016016295888,-0.0066002362271097795,0.004212609393983879,0.014792670056064277,3.5480070605408507,0.8449886803793675,-2.4946885711943985
-0.007247130959301556,0.014413289170311533,-0.006715727343859587,0.004189075503673167,0.0297278247537329,3.611170217027759,0.9096610859630875,-2.518355069400043
-0.007211020068542131,0.014419426984566672,-0.006652826977877508,0.004198513118952387,0.02175297917519352,3.5745065529260613,0.8762640778923404,-2.5041604264313317
-0.00803536511003334,0.014696383408233597,-0.0075120373168477824,0.003142271982855939,0.1711172371297933,3.3875247748404393,1.8851304251671983,-2.175094798533639
-0.00802125007195381,0.014685751785647528,-0.007509570951577488,0.003171012516861317,0.17018706618052304,3.4083540992496606,1.869525862280929,-2.1914099748994116
-0.008050054582258707,0.01470610445254295,-0.0075164146874846125,0.0031141265969577745,0.17232422195566052,3.3682778238622046,1.9014169330246349,-2.159359219940534
-0.008063961016766461,0.014718225044041936,-0.007515911820945006,0.003083731996240484,0.17285243330054248,3.3441262768593485,1.9160192927836521,-2.1413337144694675
-0.008035310748855634,0.014713540875847309,-0.007486060760079687,0.003120003196520211,0.1680688369093945,3.353567975737944,1.8818738553104155,-2.157278478591398
-0.007945406314393737,0.014667079471543347,-0.007436116582713253,0.003273349133240642,0.15759319857073872,3.4403145411668503,1.7778902760703141,-2.23636585850628
-0.007991031327739114,0.014681104271594983,-0.0074765386686517195,0.003208431412449905,0.16472313571829125,3.4162522220986618,1.8326898753881158,-2.206948630230634
-0.008004495870620373,0.014693190912749947,-0.007476329916204478,0.0031785953078071823,0.16534564854317205,3.392951881275079,1.8475385951597367,-2.1896307470689447
-0.007977034387324637,0.014689257634489378,-0.007445861943509055,0.0032118654812763985,0.1604609033346997,3.399187561953602,1.814335376181014,-2.203059383010532
-0.00796084114560155,0.014685092570130384,-0.007430443981981971,0.0032337367766047506,0.15774864102922606,3.406168832976193,1.7949667961673617,-2.2126528220597965
-0.008078833194291417,0.01473079024585801,-0.007515739201235632,0.0030518053505666325,0.17348466416954597,3.3190296351588917,1.931417867065246,-2.1224177457870987
-0.00813792566892325,0.014742904507262749,-0.007571382513895219,0.0029722679507539376,0.18274081990195554,3.291365724137702,2.0003455763139786,-2.0844564994261305
-0.00815099614408155,0.014754775233839425,-0.007569019064035758,0.0029430743042640852,0.18289536751761123,3.266781274630073,2.012808275418577,-2.066413768293654
-0.008124265601814852,0.014750568317094908,-0.00754245578977585,0.002977750580261084,0.1786650022915095,3.277604844686837,1.9816298698082726,-2.0828535821131564
-0.008110530569930724,0.014747411275507933,-0.007530198949627645,0.002996664941408243,0.17659235853687402,3.284837419024282,1.9658410990052573,-2.092102362288807
-0.008094621171410457,0.01474067748305957,-0.0075205823033562625,0.003022333940847871,0.17475090051401143,3.2989757056385023,1.9482650310298057,-2.105758773070153
-0.008188997075876982,0.014781404384014946,-0.007573479139554222,0.0028681396024107827,0.18488034825746816,3.2100943664961044,2.050117370643872,-2.021542539667786
-0.008163996403175831,0.014771826022704635,-0.007558261237401593,0.0029077227554911234,0.18210098602830196,3.232072065171856,2.0233189173122814,-2.043172255242709
-0.007364354706449055,0.01445041372127389,-0.0068607834598607845,0.004062964377440086,0.05373207765993774,3.627634751411519,1.05119765140029,-2.5041813955506638
-0.007333768817603329,0.014458584708545939,-0.006804377931473216,0.004068850926151631,0.04639350870974146,3.5931981186544655,1.0218627075355704,-2.4911788458643334
-0.007275792169702125,0.014436014141732857,-0.006737650234063155,0.004137622728316426,0.03495982217440501,3.592941463816327,0.9505361259913824,-2.502604055354283
-0.007297283558309531,0.014464721050054216,-0.006741403538958771,0.004080778654869471,0.038139421647671055,3.558633991058997,0.9862583145269285,-2.4789169406841363
-0.0073860573071728415,0.014469812047052782,-0.006873227638484021,0.004019262777066538,0.05714626836073116,3.606808798384081,1.083000156219195,-2.487757594256545
-0.007406764381277836,0.014482967774191932,-0.006890569080013733,0.003985702209426443,0.06109432732989743,3.5959266083662476,1.1108681512677934,-2.47705296291582
-0.007487829582287494,0.014536405560010856,-0.0069526331247909525,0.003849836314640301,0.074706041527256,3.5446884891056762,1.2192051814549425,-2.429438579176178
-0.007461371854466999,0.014525720620270818,-0.006925234931148154,0.003884230108482345,0.06978091242358297,3.550110097650791,1.186417680856316,-2.438755511361127
-0.007436017238218779,0.01451372040326732,-0.006900608002369238,0.003919510408435484,0.06528358101742056,3.557752059622595,1.1543851851891198,-2.4489255020139447
-0.007414239123838765,0.014502139222203812,-0.006880562099585086,0.003951485646501563,0.06108031605046673,3.5660164724401313,1.1263425939339697,-2.4585058313097785
-0.007486365860243389,0.014567553674360956,-0.006914115096633985,0.0038044725777985565,0.07161616524898094,3.488345966128238,1.2263867220140143,-2.3980506001023265
-0.007744366707174553,0.014619116860039586,-0.007224354200903066,0.0035274228904601146,0.12163763110715545,3.4938432004772,1.533076918461514,-2.331722683448769
-0.0075107367206810015,0.014579906856521224,-0.006935541815270949,0.0037690310463598486,0.07574765440980648,3.477912430556209,1.2566142169127394,-2.3863186805849903
-0.007715341197924045,0.014622964533477651,-0.0071779815534598205,0.003546849425733411,0.1151166236987441,3.4779945346363896,1.498895707798531,-2.33166040563296
-0.0076906023935843825,0.014622377126026114,-0.007143513388474398,0.003568454601830611,0.10963556644777277,3.4712782139086875,1.469780779540532,-2.3350975358653314
-0.00764561868152833,0.014624813078603067,-0.007076176213968269,0.003601679725722903,0.0999116761690493,3.451582155362528,1.4178547765636909,-2.336786001893955
-0.007668639673333929,0.014637285856509223,-0.007093078518737652,0.003565327772272208,0.10338601575196948,3.4364344446608404,1.4459867386092842,-2.3219900189655145
-0.007617870610289071,0.014641455963724674,-0.007015775853939911,0.0035999155316604353,0.0923450960627926,3.411688804100755,1.3888303294504707,-2.3219146884689525
-0.007590219104716858,0.014628113957039819,-0.006992821145130682,0.003640317108455304,0.08798925274877005,3.425416636536673,1.3556004214240602,-2.3368472263445406
-0.007562379572157056,0.01461429569121481,-0.006969651908267169,0.003681211583531185,0.08336684951481765,3.4391163135477325,1.3218359459109204,-2.3516744249526087
-0.007533844238211181,0.014597714159228664,-0.006948205487167957,0.003726300445881224,0.07896404347882634,3.4565643066132172,1.2866098017215446,-2.3686042382826495
-0.007890940596911577,0.014664379462825611,-0.007366090182860313,0.003330320761803013,0.14656288328715403,3.4385187108192343,1.7111678700282058,-2.2544773547041568
-0.007867678344626166,0.014675487719551338,-0.007318661311419947,0.0033373061191252925,0.14002506235869117,3.4133985945120426,1.6824152284578469,-2.2487627329350874
-0.00775983917118233,0.01464200893224319,-0.007215557567001911,0.0034816068422487407,0.12202972923098492,3.454531562925292,1.5530955173448424,-2.3054407996793373
-0.007842974051692788,0.01468453710650585,-0.007272413273714059,0.0033480472652214926,0.13340240937201542,3.3920281653512716,1.652490388180149,-2.245251718073486
-0.007825980414136404,0.014667197786622786,-0.007273166064247724,0.00338738301719899,0.13244667602556334,3.4217771153698933,1.6325160675946062,-2.266916230541312
-0.0077810512349104416,0.014659909389935728,-0.007221053776261692,0.003437953919331367,0.12405318508440988,3.4258928445357877,1.5790089887150225,-2.2832389888528763
-0.007802331163630875,0.01467307113459942,-0.007232599685899807,0.0034007671271828834,0.12678022534825842,3.405825416570534,1.6044021074474153,-2.265657566039315
-0.007926292949137166,0.01467313195169589,-0.007401502911312279,0.003284096574709484,0.15258294176536347,3.4261792087068836,1.7537863514620196,-2.235626268528199
-0.007907554490226143,0.014677106908667008,-0.00737046150990729,0.0032970115061097065,0.14802592904454634,3.4160834999097043,1.7305908307793527,-2.236730797374781
-0.008312451257525659,0.014803889010495976,-0.007682248427490392,0.002698414234672758,0.20240707873825348,3.1407188509324926,2.18820465761819,-1.93258427577414
-0.008284101058522675,0.014797650385311618,-0.007659804947535295,0.002739274322356229,0.19872274514483587,3.160029313637463,2.1573167128793105,-1.955034300765968
-0.008295819988601938,0.014807223306925575,-0.007657729763862979,0.002714383411090224,0.19868819946162683,3.138776499398863,2.16714515518464,-1.9391242262659447
-0.008228825406558735,0.01478925160871767,-0.0076085812375106384,0.002813482848364571,0.19045033550010007,3.18821193074181,2.094861296621458,-1.9935074150710437
-0.008246306571994495,0.014793169773760944,-0.007622935249287875,0.002788688751585419,0.19302443803282518,3.1771637014619007,2.1141728830074005,-1.980348763540594
-0.008262404040072072,0.014803548562596133,-0.007625051014798114,0.0027578596159327858,0.19360613879517444,3.153795693260956,2.129218986251033,-1.9614971028119936
-0.00821020260747832,0.01480047220556367,-0.007568671998447186,0.002821424011187648,0.18496366001546485,3.1701626595369685,2.0687419078746334,-1.9921905698948932
-0.008622942812095016,0.01490702850429087,-0.0078317841946084,0.0021975294241237155,0.2268933073620065,2.819941386960551,2.480106282076506,-1.6237671267824096
-0.008517574244728118,0.014855299499328015,-0.007818141901389597,0.002386853505835071,0.22423803990454855,2.9678698322985104,2.398397009368512,-1.7486735959498032
-0.008606635188471266,0.014900158237642588,-0.007828306892836314,0.0022256966881485647,0.2263237507702082,2.841173832874693,2.4673685120229654,-1.6423773131373827
-0.008590777571400173,0.01489328592102349,-0.007825050160378379,0.002253265622848604,0.22576216795219298,2.8620094485841303,2.4549002340158697,-1.6605372835673788
-0.008533052806223702,0.014870080972581355,-0.007808294786432639,0.0023517426024638383,0.22298057457895262,2.9333008742062314,2.406558121470166,-1.724335799373584
-0.008571751495044315,0.014884405582670674,-0.007821975332370015,0.002286964237771843,0.22524227130003724,2.8879689343286894,2.4400776466909604,-1.6827471067070372
-0.008550391612815764,0.014878724279907692,-0.007810708291001697,0.002320522770016112,0.22347462320655673,2.909043725987438,2.4202990093880534,-1.7038723375713614
-0.008343642898005934,0.014815787181040858,-0.007698012074513409,0.0026474031417235764,0.20514435013209056,3.109056212631055,2.219540004912966,-1.9024985859385766
-0.008325360379929769,0.014821588548970284,-0.007667860020745457,0.002662866112400386,0.20076929478203673,3.1034418520796088,2.195472870278104,-1.9081250747607328
-0.008359780631204492,0.014830898250122841,-0.007691013831084601,0.002610972551303972,0.20453703154151737,3.0754235283113918,2.23115998251487,-1.8783719335998141
-0.008375163377303017,0.014842875085145587,-0.007688110737101184,0.0025790702627652862,0.20443492429689095,3.047929053773767,2.2430809106083722,-1.8576155582490512
-0.008501375970803074,0.014870164136898597,-0.007775926656533341,0.002392475210526272,0.2182111444001764,2.9478313871271205,2.3711896972404536,-1.7475386036680656
-0.008425095665925253,0.014863407772862785,-0.007707751253204962,0.0024955776150544745,0.20797768627820443,2.9919562591648483,2.2893749705546367,-1.8064988841392857
-0.008409118667815496,0.014858867940573221,-0.007698292916931843,0.002520154720261313,0.20643064646014606,3.006310949825554,2.2737035648027306,-1.8211488958745752
-0.008391946150441665,0.014852235624062049,-0.007690841581100197,0.002548382798895392,0.205131191765437,3.0247503983128747,2.2575984359670116,-1.838323761274957
-0.00848788998561844,0.014879621487055513,-0.007745940225968436,0.0023999514211759743,0.21404424920447201,2.9365100828698982,2.350600059540625,-1.7489313805850997
-0.008473301147890067,0.014878142291542888,-0.007733431076565038,0.00241991315008322,0.21212905158056247,2.9454904819369183,2.33525289606926,-1.7604935398260755
-0.008456730560080573,0.014874147968958418,-0.007722984170583016,0.0024448735314977588,0.2104856704531425,2.9596871098091273,2.3190423790812154,-1.7754873642353857
-0.008441255021934557,0.014868716481249128,-0.007715924340644431,0.0024698912890905506,0.20931551159408876,2.975881587025546,2.3047064805349575,-1.7908729463056192
-0.010110525889946664,0.015026944498955355,-0.008274467384606675,-1.8192956923788662E-4,0.26817040318953667,1.0726440432749744,3.3240454262571535,0.14424526987556885
-0.01009476599865655,0.015027180613824853,-0.008275159472457216,-1.5599406408421928E-4,0.26860122257996627,1.0939920014967284,3.3216849995404956,0.12339878269867822
-0.010078998990065586,0.015027451356992738,-0.008275602245302598,-1.30040120335318E-4,0.2689906976798555,1.1152649300974362,3.3190875418339663,0.10255564878420807
-0.010063210932040717,0.015027667365914786,-0.008275974297336229,-1.0405253021252968E-4,0.2693375332618784,1.1365568696873762,3.316370521400962,0.08170657038181584
-0.010118668130038129,0.015041496412499666,-0.008244741921070746,-1.9408386450519793E-4,0.26378723316462654,1.0500124885361606,3.305586097598315,0.15225089264543337
-0.010134523960606932,0.015041608181632379,-0.00824308665623911,-2.1996353926397193E-4,0.263287234598639,1.0283806287837922,3.3071788602813013,0.17298344614111302
-0.010150550910296837,0.015041517157140255,-0.0082416372309793,-2.461268853556179E-4,0.26281222335059223,1.0066420305693489,3.308865301998551,0.1939689531261742
-0.010182721668931034,0.0150401446329127,-0.008240540153466466,-2.9875687910346603E-4,0.26211494231398014,0.9637987694890865,3.3132569139990173,0.23632554603078473
-0.010166683069951655,0.01504107708849292,-0.0082406864922143,-2.724893079949778E-4,0.26240546316589125,0.9849927277149995,3.310832208679541,0.21515567573686586
-0.01019844698673293,0.015038953061485977,-0.008240766522218843,-3.245536044524497E-4,0.2619018526546979,0.9431693294564202,3.3158197185987004,0.25715661033887854
-0.010213987834400353,0.015038014881084234,-0.00824033674475594,-3.5001670773581985E-4,0.26159491001345375,0.9225467449863282,3.3178476661934018,0.2777042819960087
-0.01022960444238521,0.015037201064229247,-0.008239472089620033,-3.755819525312351E-4,0.26123738995684437,0.9016866735910266,3.3195249711110226,0.29832194683975083
-0.010245371540305854,0.01503634215441519,-0.008238493851089585,-4.013935172137417E-4,0.2608715043196852,0.8806092061043852,3.321076866623726,0.3191464247954396
-0.010261202747467125,0.015035766004055637,-0.008236763072210105,-4.2724834184992323E-4,0.26039626342020566,0.8592030434472214,3.3220561505452326,0.33997826724494135
-0.010277064586881466,0.015035214703183605,-0.008234797146684595,-4.531333167352481E-4,0.2599036347716707,0.8377124345782162,3.322810511546886,0.3608279742563254
-0.010324549751177223,0.015032601759698831,-0.008229735539858602,-5.307380508771936E-4,0.25857659490587115,0.7738257207515802,3.3252126505288655,0.4234681765227428
-0.010308801379974511,0.015033604256848293,-0.008231325537123966,-5.049825090093843E-4,0.2589866965079293,0.7949568287530996,3.3244241414238034,0.40266194263236926
-0.010292960675923913,0.015034471068556965,-0.008233024257719672,-4.790967059404812E-4,0.25944757218964315,0.8162729538054944,3.3236309004330296,0.38176693250178073
-0.010333308433990974,0.015046849380771854,-0.008199568542727936,-5.415378400107202E-4,0.25485326302622197,0.7524532765730969,3.3057137364903455,0.43068150689936596
-0.01034916876252486,0.015046632909491896,-0.008196152501985418,-5.670928274792484E-4,0.2542397712379472,0.7307984674579943,3.3051539756345076,0.45121876717844006
-0.009786786179448432,0.015038914647339271,-0.008238217024714974,3.485595224689785E-4,0.26937705608226103,1.4908584879332365,3.22846891744522,-0.2796109233888693
-0.009802747030268377,0.015039391212429429,-0.008239649980825948,3.224920274763513E-4,0.2692250520008506,1.469987422117866,3.233625952945619,-0.25906614425203384
-0.009850031203108895,0.01504033168775049,-0.008243753355296172,2.452564356386314E-4,0.2688370019639095,1.408178650719101,3.2483917369781357,-0.19803302826561142
-0.009834422317035543,0.015039996201521346,-0.00824262842424356,2.7076720779811665E-4,0.2689901045873173,1.4286866790366044,3.243735240445068,-0.2182139046756408
-0.00981865799040748,0.015039748689763046,-0.008241130242823904,2.965093927013803E-4,0.2691131428101581,1.4492274007613846,3.2387286491724487,-0.23856080194301335
-0.00985761190718021,0.015054993807324378,-0.008215309284996012,2.3135860940936211E-4,0.2649858013223209,1.3834469526609203,3.2318994555173854,-0.18757515566776742
-0.00987319124279753,0.015056669047482832,-0.008213500885832323,2.0592464798013704E-4,0.2644512197367696,1.361716875619128,3.2345105650747557,-0.16751281785920982
-0.009889567908766154,0.015057982479569043,-0.008212304718475347,1.7925117708189728E-4,0.26396803100691285,1.3392918010628954,3.2376233536874928,-0.14645267166627732
-0.009905568749857256,0.015057508886354367,-0.00821444489326474,1.533270545626816E-4,0.2639647044716544,1.3190392075793247,3.2427239586522707,-0.12589507959379057
-0.009920606841334369,0.01505709404293063,-0.00821622683584432,1.2894291803395078E-4,0.2638788413948088,1.299874740680098,3.247319487754776,-0.10651118401516806
-0.009951469441370686,0.015059482494277932,-0.008212932496223894,7.873227235721666E-5,0.2628772132189186,1.257332693758024,3.252017602497095,-0.0667424983948906
-0.009935732998483658,0.015058265747909779,-0.00821469472243871,1.0432408923044378E-4,0.2633924199597821,1.2790367072709152,3.2497127792569116,-0.08701490822315489
-0.009729996401924379,0.015051367851663553,-0.008203465375930639,4.384265475221425E-4,0.2659603843507037,1.5486934424593546,3.190800997518931,-0.35045989494454993
-0.009746188824634738,0.015051787744643984,-0.00820569533714171,4.1221001612332277E-4,0.2659422647724879,1.528062432382329,3.1967325673282763,-0.329926105680518
-0.009778446005465544,0.015054019513681592,-0.008206804470251088,3.5970639723200424E-4,0.26545413268905055,1.4852138516570281,3.2062063876657363,-0.28876643591600076
-0.00976219064609451,0.015053062233348352,-0.008206005826210243,3.8613651004776295E-4,0.2656484042031719,1.5066453349165199,3.2013199950184057,-0.3094882986704795
-0.009967543588958126,0.015060278547113039,-0.008211839477857192,5.2625555488922694E-5,0.2624457579704939,1.2355428474670613,3.254753452573986,-0.046030807492154435
-0.009983893935825808,0.015060494315713928,-0.008211719874269439,2.609292148583832E-5,0.2621381874090653,1.213874345513487,3.2581070518109283,-0.024937695490413955
-0.01003971108574365,0.015042289078822898,-0.008247594979416767,-6.497437558169603E-5,0.26561195721126213,1.1559542997861454,3.2929833518308453,0.048830303833448246
-0.010055494699226475,0.015042232854564712,-0.00824718028883424,-9.078797508595676E-5,0.26525571657673824,1.1347879026240835,3.295748274160587,0.06948058118604412
-0.01003211798015941,0.015056624969347433,-0.008219205789920657,-5.224199312367582E-5,0.26216979543003144,1.1535241075894633,3.2727240911740147,0.03773252729535357
-0.010016343815744292,0.015057046687729222,-0.008218620448173687,-2.6598399475795835E-5,0.2624186352147074,1.1741096469638965,3.269228069465458,0.017234829098598723
-0.010000568202377338,0.015059816919082104,-0.008213185024741422,-9.614925959326184E-7,0.26199266159275375,1.192518028776435,3.262490205319889,-0.003362020466203816
-0.010025651079732651,0.015069612924608681,-0.008193553325032748,-4.151258313170931E-5,0.25901745666050136,1.1508831520146685,3.254594595763276,0.028298591069058916
-0.009264268664990626,0.015019075733233684,-0.008099010009263989,0.0011870716386536912,0.2601764356493494,2.121714110516095,2.9636291677805486,-0.9219026501470328
-0.009247967953488805,0.01502285482618368,-0.008083128634786758,0.001210060460796147,0.25811618003421993,2.1329123710936333,2.9476965633849166,-0.9385837654708745
-0.009326252838414387,0.01502666656604663,-0.00811540797983609,0.001087614005444796,0.2614876536556582,2.0466950453210617,2.998956272803031,-0.8479105643032652
-0.009342484155778064,0.015033871563879768,-0.008109126583291824,0.001059053137894129,0.2602425479542378,2.0196657715089437,3.0019535680166167,-0.8263377889514159
-0.009295035275547469,0.015022400646888319,-0.008108350198267488,0.001137988484311346,0.26100415619052864,2.085324593809302,2.9819868723619973,-0.8854983882446146
-0.00931039929237846,0.015029474055277775,-0.008102286333123378,0.0011107710180280408,0.2598177678828684,2.0594904598149504,2.984959609554885,-0.8649913505357006
-0.009279172211797868,0.015025135615215814,-0.008095030611957944,0.0011610361927176067,0.25931546829279334,2.097898510414511,2.967769846655297,-0.9023929381666759
-0.008866835585656251,0.014929022030064201,-0.008005786068330495,0.001840397089781862,0.251442261858809,2.6204201396606326,2.712561072044863,-1.3919409089047166
-0.008851390064076125,0.014925992600381487,-0.00799891050225403,0.0018650269444718864,0.25050774784487007,2.637251003289506,2.70007082667971,-1.4088122036622723
-0.008872293343181032,0.014942428909686934,-0.00798533110276224,0.0018218496172998373,0.24848317205340237,2.593565910139088,2.70622266055071,-1.3773627794521626
-0.008915588980814959,0.014957579554362825,-0.007990987884640989,0.001747760193062196,0.24897457839878004,2.5346828532564807,2.733977057893547,-1.325273373869179
-0.008899860382565692,0.014953499387389985,-0.00798646653782141,0.0017735717232794637,0.248433485950161,2.5538096953801634,2.7228174983874944,-1.3432918865921695
-0.008884788549191402,0.014948371177167971,-0.007984211979472985,0.0017992341334616424,0.24822025524151395,2.574038992219524,2.7130209130410967,-1.3613071912722228
-0.008931754144617875,0.014960826815306742,-0.007997199780203204,0.001721916774014334,0.24975522067804426,2.516431229693374,2.746113496269879,-1.307284942634969
-0.00894796460542083,0.0149625460885575,-0.00800610478243946,0.0016970953335131002,0.2508325932230801,2.5004754620231213,2.759503145314024,-1.2901400736979838
-0.008963560029195931,0.014962574894366538,-0.008017542061848838,0.0016743249792370552,0.2524436828363707,2.487566984160372,2.7737373239185277,-1.2745401963287895
-0.00899359651555635,0.014974713104720387,-0.00801646612031892,0.0016215907768780504,0.25196251997471036,2.442832473813248,2.789478072776952,-1.2366643886786315
-0.008977236470194997,0.0149694564599848,-0.008014604252813877,0.0016493236838170042,0.2517853572965976,2.465048445296144,2.779756011730249,-1.2564523743354685
-0.009212721232706325,0.015015483344789872,-0.008078060623922653,0.0012678516781465133,0.2579567080902816,2.1787103464649604,2.9293379288555843,-0.9812783215365021
-0.009196826648913317,0.015012281013434296,-0.008075241323808319,0.0012938268470931791,0.2577913798681815,2.1990178071651507,2.920622695983633,-1.0003861433044452
-0.009181213182542666,0.01500902984330768,-0.008072492865702526,0.0013193887696993924,0.25764441596719706,2.219018278921008,2.911984368168463,-1.0191534816902126
-0.009232764503639706,0.015038084468344018,-0.008045818991089406,0.001225032651969501,0.2531157324196304,2.1265718067739985,2.9204026294608085,-0.9485846001282751
-0.009216947281590117,0.015033556728182148,-0.008045846098089072,0.0012514286826108242,0.2533193941468172,2.148637285854012,2.9134990808256305,-0.9681267523618448
-0.00910386342962432,0.014996378702776066,-0.00804965592050056,0.0014435959924709414,0.2554419422552909,2.311236660280688,2.8629949404895325,-1.109367062379536
-0.009165703085473724,0.015005599562627633,-0.008069967033759303,0.0013448873228043138,0.257505721381689,2.2390737249382293,2.903425557544541,-1.0378382256735519
-0.009150556437849122,0.015001468213408501,-0.00806881879639851,0.0013702484865928987,0.2575489408785993,2.2597258119283867,2.8956888679967534,-1.0564339731107009
-0.009137673368911466,0.014996696414230182,-0.0080701057630672,0.0013925909441948403,0.2579352257526894,2.279130657966906,2.890241757678034,-1.0728854705932265
-0.00912212222741578,0.015000498486511811,-0.008053281391682696,0.0014136488580519058,0.25571978296943104,2.2880248124780214,2.8737825892539415,-1.0876402916714865
-0.009028277565819583,0.014976730942902777,-0.008036895679825481,0.001569081197517966,0.25453546854750975,2.409714588360967,2.818135402097157,-1.1999074734094872
-0.009012171813413298,0.014979661455723634,-0.00802024031291401,0.0015908220099217479,0.252266828107311,2.419079257282036,2.8012210097788435,-1.2147342071967042
-0.00904388721165843,0.014984228099464482,-0.008033394660936471,0.0015408623957519677,0.253774048800477,2.3842056300979517,2.824427681810635,-1.179328459038634
-0.009059029589445197,0.014998096749754445,-0.008017387832716409,0.001509184855994664,0.25134933946413046,2.349263081512006,2.823888153365275,-1.1555948929900781
-0.009091740871341064,0.01501052117657301,-0.00801521650468187,0.0014526777950128725,0.25069726923145513,2.3009269027631265,2.838966916184983,-1.114484461327742
-0.00907542241036379,0.015005414542624057,-0.008014348893572354,0.0014801412815540363,0.2507431855074798,2.3233955019224264,2.8304946529179067,-1.134384917271824
-0.00884107148761495,0.014937308830747651,-0.007969648477378513,0.0018705427560430407,0.24643841762015567,2.6256553631511617,2.68029145482128,-1.4105445598924402
-0.00871498408566561,0.014911195605355207,-0.007909224814534295,0.00206926186145253,0.23807741465279234,2.7575915289649635,2.5740274733407236,-1.5437280282613866
-0.008732551450693541,0.014916034715646703,-0.007916157276462837,0.0020407489869499894,0.23902967400407296,2.7377849293704317,2.5884829226724437,-1.5247219711385767
-0.00870229223377475,0.014924994260493185,-0.007873130118286454,0.002074246753569188,0.23290249010737415,2.741515137148873,2.5504252376099896,-1.5439909839080272
-0.00868650930422977,0.01492037205586503,-0.00786712669279848,0.0020998500309983357,0.23203654425999323,2.759318667779891,2.5375153368168366,-1.560928078260407
-0.008670637406194856,0.014914048378483582,-0.007863873716199997,0.00212709449016889,0.23153725905808617,2.780004733088131,2.5255765575764166,-1.579178973599524
-0.008639290317411372,0.01491612257745892,-0.007831166888371243,0.0021672242494280808,0.2268641306158379,2.7945946842998715,2.4911143003853273,-1.6032292582752141
-0.008656244635393379,0.014927142666220894,-0.007827484526924106,0.0021343867875305016,0.22644446058070686,2.7654747470313255,2.5011090078214413,-1.5806449475629194
-0.00879224394906925,0.014927316880538392,-0.007947380167295416,0.0019478463572133212,0.24335626134856245,2.677883378663076,2.640247216625292,-1.4629296280364985
-0.008808286397544924,0.014928997453862822,-0.007957815510122692,0.0019238462049838332,0.24489436926427738,2.6636598677113863,2.6548784861223114,-1.447013883200041
-0.008823586288200356,0.014938772671907236,-0.007952637084263164,0.0018941276580193166,0.24397297331107312,2.6359699461450563,2.661901895521581,-1.4258325956475713
-0.008748493582543645,0.014929030456246465,-0.007906713703774345,0.0020073238670717183,0.23762349336195324,2.7047817349691456,2.594660697583318,-1.5009021749702403
-0.008764687178075187,0.014936275029203657,-0.007907636889841889,0.001978654031437241,0.2377245290233481,2.6814943782028844,2.6053110193988966,-1.4811704551286626
-0.008781126836928317,0.0149428748568785,-0.007909717357893161,0.0019502088160951723,0.237998617438511,2.65899269838637,2.6164883823980247,-1.4616126990778422
-0.009390271444894764,0.015034233548835221,-0.008129981105552072,9.845500326397044E-4,0.262392144285529,1.9677475205815511,3.0328735006106267,-0.7705344269742653
-0.00937436393440901,0.015037227488764068,-0.008117157318165613,0.0010080299958124138,0.2608059416469564,1.9810189880352058,3.019234448906164,-0.7880669669451245
-0.009358129103808215,0.015047854289449101,-0.008089274916290702,0.0010284157725643835,0.25725827122207073,1.9842828725751573,2.9968065050807158,-0.8029371018617527
-0.009406188467491191,0.015040711397505877,-0.008124189079627154,9.569173824338711E-4,0.2612192947748811,1.9417946087520224,3.0356112556499437,-0.7495503365199127
-0.009439970553829148,0.015059589139796931,-0.008101322766467516,8.965191416405561E-4,0.2575078215115942,1.880305113704133,3.0348075142207986,-0.7035251187823554
-0.009422491129948446,0.015053539143362459,-0.008106028154916392,9.261662009049872E-4,0.25842944061168843,1.907248420300754,3.0311315402183214,-0.7260235036141967
-0.009485397226525777,0.015044827638061115,-0.008147459659049838,8.309766985013501E-4,0.26308436884650405,1.8481080408497976,3.078526896800854,-0.6540389692239271
-0.009469571599704863,0.015049219851553072,-0.0081329676406531,8.54247143411242E-4,0.2612987175197443,1.8604614299895201,3.0642311041719346,-0.6716936483986152
-0.009456509554036732,0.015063692485776128,-0.008099807745677222,8.691647071739093E-4,0.2570110769581133,1.8567958448541404,3.0399149982374607,-0.6827278042424795
-0.009660117415485796,0.015063686776282309,-0.008163770185959547,5.478576021548101E-4,0.26193048997413243,1.620618641631664,3.1456524676624658,-0.4360944021476606
-0.009720483751163772,0.015066961333668171,-0.008170707671171354,4.5063094623271847E-4,0.2617349017541835,1.5435045123544555,3.1675355767792763,-0.3604153754493989
-0.009676613054145813,0.015074426825405857,-0.008146542746657668,5.190334935840447E-4,0.2592755709137655,1.5887684733117424,3.1398584219000196,-0.41389734376689163
-0.009692785685566828,0.015080092258239093,-0.008139050151583206,4.920538482436862E-4,0.2579656010504415,1.5630138121679586,3.139881915462666,-0.39301944016744533
-0.009709621670700368,0.015083104667653184,-0.008136720907367473,4.646666756666236E-4,0.2573675667253765,1.5393515200259087,3.1432058543009807,-0.37175667873341683
-0.009501749499277842,0.015050546460208678,-0.008142169649912557,8.031239396388627E-4,0.26196472273047006,1.822325745474513,3.0811292172067297,-0.6327330318998065
-0.009517976895877925,0.015062322836050567,-0.008124802874108716,7.734681340276496E-4,0.2592926841051548,1.7892837279877691,3.0763327570131604,-0.609965931028822
-0.009534430995282775,0.015068629610818847,-0.00811802554676415,7.454926720420367E-4,0.2580743412587825,1.7628053603581224,3.0778208806523146,-0.5885340582326611
-0.009550555273333386,0.01507271858076342,-0.008115276119446171,7.188364284623914E-4,0.257439994657686,1.7393915226061638,3.081513903513892,-0.568113253541282
-0.009566790067609765,0.015075306041380682,-0.008115301516262457,6.925133845913366E-4,0.25711019080931147,1.7175949267501827,3.0868292262389265,-0.5479278742024009
-0.00958324938562207,0.015078972021312774,-0.008113098737719373,6.655284306573694E-4,0.25653691167146747,1.6941914315443254,3.0907717025262182,-0.5271921618211909
-0.009613891640773782,0.015074712922407174,-0.008130145170770429,6.18424347187639E-4,0.25825452243854974,1.6632686669853403,3.110829036713263,-0.49089912279313547
-0.009599574970091684,0.015085610013795492,-0.008104870596681003,6.379491009275157E-4,0.2551082306763884,1.6674898653300183,3.0909204566109554,-0.5059725518237933
-0.009645025444179075,0.015076240550323826,-0.008135352191938887,5.687435676174995E-4,0.25837274078585953,1.624620518555543,3.123559084320775,-0.4524943202307771
-0.009630312216570217,0.015085589180435816,-0.008113279989591755,5.895918488555973E-4,0.2556697846220764,1.6315030280390117,3.105520331254318,-0.4687071283154313
-0.010962576984479234,0.014920683731598905,-0.008150244017159101,-0.0015943100368492637,0.24460186034916867,-0.07273195037190415,3.2915175616497465,1.2886276906405054
-0.010967676347966868,0.01490546659203643,-0.008175643567750246,-0.00161273148650284,0.25013433014033093,-0.08155923169309641,3.307119936623208,1.3107724183643281
-0.01084408228634059,0.014928237524093783,-0.008213580990211801,-0.0014068199779386748,0.2576883585009111,0.08626352855068493,3.338195993835271,1.144506394571893
-0.010854217503503285,0.014940550686248,-0.008183504825857578,-0.0014148828481862646,0.24718224973132621,0.07330767818886351,3.3187990321945677,1.143339563744725
-0.010828594527293183,0.014930865148160086,-0.008217958044898544,-0.0013810209658403217,0.2587154965269123,0.10728158563745605,3.3415223983202096,1.1234929498478645
-0.010838730270647733,0.014943255593328361,-0.008187805947005468,-0.001389194809962228,0.24739420347976057,0.09428641076738224,3.3221357321653016,1.1224373162564207
-0.010813098735826325,0.014933444075470769,-0.00822225873103427,-0.0013551799176315285,0.25835607576989594,0.1283595393510332,3.344762921592336,1.1023474437713765
-0.010823218951534166,0.01494593431538521,-0.008191994915021263,-0.0013634590980479437,0.2478812738220428,0.11531337490102177,3.3253260873153003,1.1014946265741452
-0.010797595068132215,0.014935974281465736,-0.00822648109618197,-0.001329307846917655,0.2573173374945475,0.14952365376227678,3.347920471860805,1.0811511257475546
-0.010807669157033531,0.0149485491678051,-0.00819614825048699,-0.0013376768191448788,0.24870109086678524,0.13638425073807683,3.3284156636123554,1.080560747686622
-0.010792090126567322,0.014951074681808585,-0.008200306303915184,-0.001311874065915485,0.24957870488286457,0.15747688826971198,3.3314260997900376,1.0596651361340144
-0.010957439227090601,0.014936166901940183,-0.008125061598101961,-0.00157595812818442,0.24325691149077597,-0.06995078841868187,3.273405566164095,1.2728599288654898
-0.010941948711427318,0.01493907487318929,-0.008130106276134889,-0.0015505095503960883,0.24379529367529254,-0.04925698567749486,3.2776867283538884,1.2523223180159746
-0.010926456085648142,0.014942012823583872,-0.00813491909132181,-0.0015250026276606174,0.24429723700522346,-0.028565405712438038,3.2817385262271075,1.2317230306183973
-0.010910945118726319,0.014944855159257893,-0.00813974515705241,-0.001499497824310703,0.24475125317193694,-0.007826728247716545,3.285734477400149,1.2111288146420882
-0.01089542304710308,0.014947599842183181,-0.008144584657073543,-0.0014740058631913116,0.24523053955937676,0.012957208187344195,3.2896761540769863,1.1905411258373721
-0.010879914519824029,0.014950341304948107,-0.008149245254452498,-0.0014485025871050989,0.24575080036238137,0.033728990421886325,3.2934278543570703,1.1699271966495672
-0.010864439412329507,0.01495309832481185,-0.008153679230412767,-0.0014230081354078608,0.24629954268536847,0.05445225594025405,3.2969548382383844,1.1493030016754648
-0.010786575239157438,0.01496665024676872,-0.0081739095825473,-0.0012945007791318097,0.24858055947646493,0.15872460953293574,3.31224910653981,1.0452053496854605
-0.0107652500897023,0.014984813129537535,-0.008151048005561672,-0.0012513106710685085,0.24544001609657792,0.18307535516891768,3.296624970458667,1.0070647110568487
-0.01078100099362597,0.01498275430962999,-0.00814631328831117,-0.0012768500371420014,0.24486457099878403,0.16195688089282043,3.293304834038271,1.0276599068879564
-0.0109780510193944,0.014917673319970582,-0.008145109861643492,-0.0016199067763689613,0.2438954871130894,-0.09348193154590932,3.287122077212645,1.3092376386888651
-0.010983084736969087,0.014902401901103013,-0.008170530849994265,-0.0016384371955077733,0.2508879914582063,-0.10249164399326678,3.3026120980866778,1.3316210310792316
-0.010993536353207767,0.01491457257740615,-0.008139955555141588,-0.0016455463316142353,0.24307663362372614,-0.11424134402148346,3.2826365205705215,1.3298954658029134
-0.010998483515463568,0.014899288792197036,-0.008165338833229731,-0.0016641198268093828,0.25132796503296406,-0.12336386519761906,3.297992530676451,1.352485052877839
-0.011029251603586674,0.014892917446321189,-0.008154721726192554,-0.001715391367913261,0.24986956261015977,-0.1649263671842509,3.2884352544746864,1.3939869684338586
-0.011013872524174524,0.014896127296621688,-0.008160070302725374,-0.0016897654372353445,0.2506727443738147,-0.14416928886956012,3.293268411024042,1.3732719871372023
-0.011024485140084889,0.014908182380935567,-0.008129474011746204,-0.0016968228491261261,0.24211436321908586,-0.15572674306732118,3.2733260757797455,1.3712547941330977
-0.011009018347395287,0.014911397178222575,-0.008134761930602813,-0.0016711993875147787,0.24250024864174016,-0.1349983926409456,3.2780488869619817,1.3505888530441454
-0.011090665429940793,0.014879595159429932,-0.008132522385541746,-0.0018177276104074881,0.2473460547694586,-0.24744274314519657,3.268061130527775,1.4763377524264492
-0.011101392380873409,0.014891466254258324,-0.00810187602944764,-0.00182423260908189,0.24017945086874823,-0.25860041183667976,3.247893038786824,1.473939920056285
-0.011075327667428128,0.014882998096217485,-0.008138188735946959,-0.0017921881439333176,0.24900197876344085,-0.22686967066017727,3.27332650541007,1.4558749382178753
-0.011086056920339754,0.01489487455991017,-0.008107592244526812,-0.0017988437347190203,0.24036686676313443,-0.2381445358448727,3.253227026720253,1.453525261447245
-0.011059979335296836,0.014886352812552904,-0.008143777595530317,-0.001766618158252478,0.24988534561191134,-0.2062800537596882,3.2784630524025986,1.4353221611882379
-0.01107071733332784,0.014898266187862545,-0.008113168764620865,-0.0017734222831010933,0.24057428854809104,-0.2176347475418752,3.258416953165461,1.43302566223561
-0.011044620593952054,0.014889659273885168,-0.008149289962918235,-0.0017410129280313986,0.24981502068498254,-0.18563512723671058,3.2834969949857253,1.4146751153446704
-0.011055345440589228,0.01490162714325037,-0.008118650576067003,-0.001747941029456783,0.24103584201188766,-0.19705579098771572,3.2634890743657246,1.4124626493768029
-0.01103993124590645,0.01490493230844146,-0.0081240888396516,-0.0017224038253663635,0.24163508215329768,-0.1764149476943403,3.2684635633337487,1.3918722741364642
-0.011112208741642857,0.014903742326224323,-0.008071162729570135,-0.001830589651911016,0.23868257091323838,-0.27543904847907036,3.2246381746927564,1.4776554557883428
-0.011127600291416734,0.014900360329230715,-0.008065122027148977,-0.0018558129383845177,0.23826828981867101,-0.29577109683620395,3.21895824092498,1.4978456486493865
-0.011143015378629434,0.014896828258944431,-0.008059159686781598,-0.0018811475186017474,0.2379053078452988,-0.31609769502423424,3.213269079897487,1.5181204577929959
-0.01115840270211589,0.014893142974530309,-0.008053320389383252,-0.0019065249580026335,0.23753644702632357,-0.3363563782003611,3.2076049372783757,1.5384302154317189
-0.011173744333309811,0.014889351862727615,-0.008047531977801203,-0.0019318838367206042,0.23711879591797838,-0.3565334377041422,3.2019149980747676,1.5587224852455348
-0.011189065322926206,0.0148855516985087,-0.00804159957425152,-0.0019571805841739963,0.23663175188064858,-0.3766701527360446,3.196059986857706,1.5789475903546817
-0.010687195824909018,0.014996911890669309,-0.008168219812955358,-0.0011233185475599129,0.24766213110345683,0.2870583577496005,3.3077223280712293,0.9032813678609218
-0.01073406936528839,0.01498884423161892,-0.008159981380278946,-0.0012006691913491333,0.2465494731482731,0.22491779444987633,3.3026889917098203,0.9661787132357779
-0.010718596703393243,0.014991642531546783,-0.008162622276688616,-0.0011750815732942353,0.2468888293265781,0.24540681594254268,3.304358392924119,0.9453544096967178
-0.010702999520671339,0.014994527547026841,-0.008164979649808153,-0.0011492433806990548,0.2472127094968468,0.2660100893137353,3.305768970716052,0.9243116151572107
-0.010759487838372418,0.01500065926494535,-0.008123969171996983,-0.0012338348283908067,0.24244606238515917,0.18592538217343932,3.277914049000763,0.9905168794044826
-0.010744072489493208,0.015001929454767112,-0.008129734941059438,-0.0012093431396786563,0.24313612739240176,0.20667627837213276,3.281850049878806,0.9708835912636449
-0.010410311718936782,0.015011492415532906,-0.008248773048940504,-6.753550424997575E-4,0.2602532954051808,0.6669941687338475,3.3472479752911934,0.5428532178426395
-0.010457478420801239,0.015007251851307775,-0.008242361286910102,-7.53040499632077E-4,0.25901437010220246,0.6032381106078278,3.347027673677672,0.6058371471484748
-0.01042608207073377,0.01501023030231914,-0.00824650331752833,-7.012943297954097E-4,0.2598699083042649,0.6456110528650384,3.3471526739882482,0.5638752967150512
-0.01044180585903301,0.01500877233428948,-0.008244452608500446,-7.27204926170396E-4,0.25949297135294325,0.6243875857251321,3.347139556318402,0.5848825238223955
-0.010466692215639062,0.015020891230168622,-0.008212514724829681,-7.633554932968315E-4,0.25466222635289015,0.5832400547394346,3.3273326583828795,0.6117881333473819
-0.010498012258618133,0.015017846517268063,-0.008207662485449739,-8.145992363908083E-4,0.2537630690801109,0.5412008438588344,3.326346079316187,0.6533129855275456
-0.010482317955780862,0.015019385383667545,-0.00821015745174667,-7.889254354479756E-4,0.25421139958104594,0.5622728764589792,3.3269183751075713,0.6325078797409657
-0.010513735272774688,0.01501674056063923,-0.008204132422658593,-8.401394838342217E-4,0.25317902661779135,0.5198445400638233,3.3249920939456037,0.6739445570566663
-0.010529578385441265,0.01501585172714063,-0.008199957864327805,-8.657585496263978E-4,0.2525152561957796,0.49821621871800853,3.323132679943004,0.6945903357020903
-0.010681440852581084,0.015013820774397661,-0.008138546053373323,-0.0011061199641810597,0.24439023392382372,0.288595195288309,3.2871385914932394,0.8869544706375833
-0.010561855973904924,0.015012553412410286,-0.00819380097648967,-9.184349198064672E-4,0.2514674226665558,0.45485029358260803,3.3207517068966923,0.737240881356075
-0.010545687041416901,0.015014538643433375,-0.008196330063338137,-8.91928446336148E-4,0.25191637798482397,0.47642387624422966,3.321595790231189,0.7157314194165161
-0.010665476449706076,0.015015723679670601,-0.008142492024663744,-0.0010803221124300931,0.24491383046970874,0.3098365623293063,3.2894887686014695,0.866130020850683
-0.010608790583392475,0.015005745734325305,-0.00818740244017131,-9.957353715018254E-4,0.25039026368733447,0.3925286560488583,3.318572687950373,0.8001163077178747
-0.010593406165292795,0.015007871210235774,-0.008189884995031975,-9.704527241526649E-4,0.25077610102614717,0.4130314876896532,3.3196170356924988,0.7795742382975349
-0.01057780031027513,0.015010204650041681,-0.008191880303650924,-9.447198208963895E-4,0.2511303722206098,0.4337266189737723,3.3202505924679673,0.7586295373253162
-0.010618384335841646,0.015019128388069512,-0.008157329508489753,-0.0010050241929568104,0.24688669500261043,0.3734026768024297,3.2982149032618566,0.8055862320781696
-0.010649503670085861,0.015017271933438311,-0.008146941516529317,-0.0010546447260278997,0.24550594853251093,0.3312262827370204,3.2921162832568496,0.8454425484105265
-0.010633676436408413,0.015018333102376368,-0.008152083328845218,-0.0010293777236432382,0.24618474404576465,0.3526184617778387,3.2951537785584004,0.82514065893369
-0.010403661478966151,0.015026567487997243,-0.008221004221453774,-6.601969845957798E-4,0.2564540147703223,0.6677674959571779,3.3276562901958058,0.5282225715604651
-0.010397063861805353,0.015041343698315848,-0.008193847411526662,-6.453704607224169E-4,0.2533303895787356,0.6680781259934538,3.3084751069453016,0.5146385845588877
-0.010381499569766922,0.015042756089693497,-0.008195382269699588,-6.200171791044367E-4,0.2537404117038696,0.6887042097567289,3.3079931747088778,0.49411110975628514
-0.01036575631419854,0.015045770052843493,-0.008193641062144966,-5.939504183317758E-4,0.25370047363602666,0.7085357999685459,3.3052114202474026,0.47286323706527494
0.01499879118445591,-0.010109939502481565,1.8322476744058464E-4,0.008331175181378147,0.3171366971764173,-0.14214323817306523,-3.292941286494694,1.3707240339138227
0.014998421182633165,-0.010125641080081594,2.094184686636085E-4,0.008330558016532624,0.3164500864105211,-0.16289651843965625,-3.2880978218826162,1.3914950352536815
0.015012592115119355,-0.010118043219322654,1.9555632051219515E-4,0.008302343394818142,0.3090674414019287,-0.15689965847481016,-3.272412847481631,1.3714676961509793
0.014999777949631272,-0.010047121697559922,7.855438491530504E-5,0.008332819710814707,0.314370743909229,-0.05926413332640015,-3.311171319385553,1.287822859332685
0.015013735899715485,-0.010039362663480994,6.523327115167445E-5,0.008304547377716786,0.30695831703293286,-0.05358173521190337,-3.295114604117218,1.2680796331936401
0.014999605253615366,-0.010062827605569669,1.0469999710711969E-4,0.008332532279098538,0.31625135026038964,-0.07988874557740976,-3.3068107866945002,1.3085834091751056
0.015013564434555711,-0.010055072796041639,9.125949598654769E-5,0.008304351324351601,0.30713913633394135,-0.07425004414963972,-3.2908707157545583,1.288775130711865
0.014999111866663509,-0.010094236641409177,1.5702547274738037E-4,0.008331710237125195,0.3180601286317251,-0.12132400058429153,-3.2976832363309847,1.3499831054264095
0.015012932587776848,-0.010102269822312404,1.6943550920820553E-4,0.008302925288181174,0.30821495744918925,-0.13630040508255614,-3.277185069163671,1.3507975688825715
0.014999383224542409,-0.010078532631204675,1.3085019389290326E-4,0.008332162581783587,0.3177801536630269,-0.10055723077036403,-3.30231172795675,1.3292845537498452
0.01501338292830146,-0.010070781755376406,1.1728406819622486E-4,0.008303997978616093,0.3072399467394024,-0.09493670421490141,-3.2864578368043467,1.309450103890127
0.015013184110140165,-0.010086510951479805,1.4333788984923567E-4,0.008303500236248306,0.30754686780745916,-0.11563260696305529,-3.2818822214952554,1.3301214009223827
0.01502806757989774,-0.010031591433811571,5.201555786936663E-5,0.008276262428124835,0.30545104337066414,-0.04058317417479113,-3.278936362938993,1.2421828597187792
0.01502827224945854,-0.010015832628985531,2.6075933134879317E-5,0.008276114297407544,0.30501355720898665,-0.0199703484863515,-3.2828098987219296,1.2214365249227972
0.015028361822405032,-0.01000002292562867,5.588440846711779E-8,0.00827601614105527,0.3046181835701604,7.211545337128304E-4,-3.2866590811457783,1.2006774085301435
0.014993686313349191,-0.010251191169966171,4.1865161494697927E-4,0.008322667048495503,0.3201994633086405,-0.32814271640867204,-3.2449788228277288,1.5563503036959212
0.015008286370060383,-0.010244041659479177,4.0420096998445323E-4,0.008294352311155544,0.3130127825762989,-0.3204242329302546,-3.2295708100224654,1.5355622317745834
0.014994450670793703,-0.010235504770669994,3.924927148991775E-4,0.008323941689786047,0.32025557257545073,-0.30750884337211354,-3.25075813497932,1.5357363070233572
0.01499287269095979,-0.010266875049167085,4.4480488961765274E-4,0.008321310241729414,0.32021003086156213,-0.3486781207687668,-3.2390804568731597,1.5769360496109428
0.015007489495306633,-0.01025979797288845,4.30293345822372E-4,0.008293052029806963,0.3136970552393787,-0.3406625478760707,-3.2237029020386667,1.5559493787313545
0.014992009811233265,-0.010282556267937627,4.7095509420613715E-4,0.00831987115064895,0.3202075619681925,-0.36911217019265913,-3.23305859800479,1.5974897729550062
0.015006628619586675,-0.010275545326724882,4.5637427019683724E-4,0.008291698332923496,0.3143829852686342,-0.3608667618419941,-3.2177393207919436,1.5763095671819112
0.014991097682117146,-0.01029823468538191,4.971018129824089E-4,0.008318349822329311,0.320176628720055,-0.3894353042802459,-3.226911279094432,1.6180093557677704
0.015005701291219599,-0.010291286192321976,4.824483669473232E-4,0.008290295365542865,0.31507566527876035,-0.3810410883943212,-3.21168442615592,1.5966487705775754
0.014990136311907442,-0.010313910160050259,5.232393011902237E-4,0.008316746660365259,0.32027261793539646,-0.4096269329741699,-3.2206386996876284,1.6384839420418038
0.015004705045231765,-0.010307017033069632,5.085110003068736E-4,0.008288848390606842,0.3157593157923391,-0.40118219490946233,-3.2055437797470963,1.6169648900704343
0.014989125709257183,-0.010329582549946167,5.493542033239994E-4,0.008315062607978521,0.3210668999188423,-0.42966542176304096,-3.214244309509843,1.6588844406838728
0.0150036436489666,-0.010322724987280475,5.34542212653204E-4,0.00828735295818688,0.3163333366047054,-0.4212823987699769,-3.199316140397285,1.6372445562151865
0.014952319584569098,-0.010688861910903293,0.0011481242351456633,0.008253718273186082,0.3332768261716925,-0.8820385412975572,-3.034003726935202,2.1161583169436295
0.01496723156130754,-0.010682989368053947,0.0011312789047202454,0.008227311696127332,0.3269051368392235,-0.8728473341734261,-3.0211796694951722,2.0929194618167415
0.014954459204666778,-0.010673300816346347,0.0011221841552349991,0.008257284953436984,0.3330585441727474,-0.8628846509087541,-3.04311705870388,2.096663141869155
0.014969813631697155,-0.010548591347176688,9.142999736702306E-4,0.00828288037972709,0.33122582910083415,-0.7073961859593317,-3.1120065868931426,1.939825653201057
0.014968065848509118,-0.010564200075219217,9.403221211709713E-4,0.008279966570070981,0.3312050817715422,-0.7269392419491019,-3.1038003391299345,1.9595804006148347
0.014982737193034982,-0.010557928893896085,9.241795586566484E-4,0.008253321854744262,0.32276366180028765,-0.7186902847886176,-3.0903598915194306,1.937017093741094
0.014971512360572392,-0.010532977343492102,8.882762987033251E-4,0.008285711673643129,0.33082159034988146,-0.6878295356639449,-3.1200968754005003,1.9200446165354288
0.014984455061230029,-0.010542281919420133,8.98265492907142E-4,0.008256200658025318,0.32222297248428733,-0.6991740813654966,-3.0984685566982058,1.9173254776795747
0.014986121869153315,-0.0105266280245074,8.723393849120509E-4,0.008259002374245641,0.3218535768337507,-0.6795878272288696,-3.106466814285433,1.89758460351584
0.014973162020172494,-0.010517358213536653,8.622555676277712E-4,0.008288459984857178,0.3297689293356858,-0.6682783180813255,-3.1280624113576025,1.90023044393256
0.014987753750500836,-0.010510974289568889,8.464078282438531E-4,0.00826169393343256,0.3215349056667351,-0.6599522595128139,-3.1143255959497718,1.8777922399943303
0.014974762596007742,-0.010501734106237882,8.362272348141686E-4,0.008291126485343815,0.32889865773761656,-0.6487285741918212,-3.135910147267382,1.880371297245885
0.014989347477698478,-0.0104953165335041,8.204654890808194E-4,0.008264283158838056,0.3211916464164682,-0.6402691755465267,-3.1220511466272796,1.8579549327752891
0.014976314074054054,-0.010486105170072865,8.101973516509582E-4,0.008293710594295425,0.32776084616062207,-0.6291799771688105,-3.1436293909942576,1.8604569397159156
0.014990911015404612,-0.010479655339007854,7.945101885277116E-4,0.00826675468836388,0.32098600428992,-0.6205547811841029,-3.1296411820343195,1.838078620296822
0.014977816440745884,-0.010470471553061363,7.841693626274923E-4,0.00829621197306447,0.32580177441149133,-0.6096188235400065,-3.1512004149248796,1.8404560318070466
0.014992462858655445,-0.010463994757762251,7.685455612361549E-4,0.008269071187133534,0.3207752683731692,-0.60084896803236,-3.1370678602906286,1.8181615550776462
0.014979269682969046,-0.010454833402759,7.581175124531859E-4,0.008298633044802477,0.3244651242629994,-0.5899389310186903,-3.1586364239097464,1.8203382069199445
0.014993983934568666,-0.010448318639926102,7.425553465806216E-4,0.008271272706067175,0.320212071431022,-0.5811432889743977,-3.144355514150391,1.7981986952273756
0.014980673788053402,-0.010439190866250394,7.320256388908225E-4,0.008300975190322472,0.3246739161789991,-0.5700385673492928,-3.1659646384639033,1.8001232667713787
0.014998791184455908,-0.009890060497518439,-1.8318755825438466E-4,0.008331176113878196,0.3085242151573475,0.14960721402489005,-3.348043547935308,1.078570225081166
0.015012572793967683,-0.009881909430096697,-1.955591531106957E-4,0.008302304644112392,0.302521563806676,0.15479275381407434,-3.3311411888779077,1.0597903186073534
0.014998421182633165,-0.00987435891991841,-2.0936613747356728E-4,0.008330559277590716,0.3083846922020268,0.17062219458205097,-3.3510371437245916,1.0574914016370185
0.015012211404717752,-0.00986615867569569,-2.2164134097045764E-4,0.00830157586087364,0.30188121260956136,0.17570940047828576,-3.334046076962274,1.0388761154507298
0.014998001866155195,-0.009858658760762437,-2.3555339795417463E-4,0.008329859964433205,0.30877250119886296,0.19175117921480286,-3.3539093285767065,1.036393194151635
0.01501177328352514,-0.009850397633086917,-2.477422506258354E-4,0.008300816025010494,0.30121450546042206,0.19667349675456658,-3.3368654753533122,1.0179410344144182
0.01499753324023817,-0.009842960155646504,-2.6173469766483867E-4,0.008329078514634792,0.30905199822148927,0.21294173971529562,-3.3566660252604223,1.0153023435717863
0.01499911186666351,-0.009905763358590827,-1.5702719264695035E-4,0.008331710330991364,0.30962731248235115,0.12870857730186827,-3.3449189871520786,1.0995960363364126
0.015012871101002348,-0.009897645875474415,-1.694990564262874E-4,0.00830297572474567,0.3029582490738203,0.13390166997235411,-3.3281346284904854,1.0806827739090632
0.014999383224542409,-0.009921467368795326,-1.308752859050399E-4,0.008332162196553347,0.3110972591091233,0.10785910705390234,-3.3416542701731458,1.1205589298292788
0.015013134231940721,-0.00991337435784662,-1.4344804270765332E-4,0.008303536337246528,0.3031838139680713,0.11300247100413074,-3.3249910662830264,1.101557768030659
0.01499977794963127,-0.009952878302440085,-7.854960116788037E-5,0.008332819719480062,0.31284871152857796,0.06607395073717806,-3.334727362281457,1.1623874504950051
0.015013755151459246,-0.00996060287252511,-6.521555668431748E-5,0.008304482855411884,0.30410799856706633,0.05026689426575912,-3.3146819970402532,1.1641456627622129
0.014999605253615367,-0.009937172394430337,-1.0471649620779379E-4,0.008332531995727217,0.312126220557619,0.08698768729511991,-3.338252403595767,1.1414806688697097
0.015013375314583265,-0.009929106544656879,-1.1738805441980824E-4,0.008303962591099239,0.3034082446753296,0.09208482458193949,-3.3216954134931638,1.1224249900725651
0.01501358496844097,-0.009944849517635232,-9.13100684272819E-5,0.008304272962522676,0.30373314254930883,0.07116715657553711,-3.318257712079951,1.1432898326082925
0.015027058875280615,-0.00988954764869728,-1.8177752878047843E-4,0.00827411759026825,0.30139082944554607,0.14595278415101343,-3.310846113335488,1.0556112882455508
0.015028318256450858,-0.009984192919063979,-2.5997391307637618E-5,0.008276002519613133,0.3042164233986005,0.021454156876616625,-3.2904985252257517,1.1799580584805212
0.01502815975801104,-0.009968360779242251,-5.2056702827080305E-5,0.008276036405649813,0.3037861797106409,0.04221117722430651,-3.2942998319803185,1.159278546832334
0.014997015310364325,-0.009827263240783757,-2.879024516462371E-4,0.008328215166218178,0.3089692670196253,0.2341383356011418,-3.3593098274918543,0.9942270466756447
0.01501126430137345,-0.009834633153138808,-2.7385179619503593E-4,0.008300014506673468,0.30063885469914076,0.21768659762010142,-3.339589026573695,0.9969864326496474
0.014996448082291579,-0.009811568152997377,-3.140546030762349E-4,0.008327270041803366,0.30837626942245633,0.25530314924799014,-3.361836236362175,0.9731598548454657
0.015010698163227991,-0.009818870019910888,-2.9996137663989636E-4,0.008299145452679109,0.3001940200176145,0.2387382932549499,-3.342197922206015,0.9760150159210611
0.01499368631334919,-0.009748808830033833,-4.1865052707983134E-4,0.008322667051944474,0.3068824553321536,0.33993442210096153,-3.37073125169634,0.8888181906242391
0.015007220743932943,-0.009740136715972923,-4.3036258725655756E-4,0.008293389549247463,0.2982212858588608,0.34420904959517357,-3.35325633662628,0.8709882706633346
0.014994450670793703,-0.009764495229330011,-3.925010268888565E-4,0.008323941195090608,0.30684449535837577,0.31875544406242373,-3.368678732878051,0.9098928931238396
0.01500802596221646,-0.009755856711949378,-4.043224973171342E-4,0.008294679904333383,0.2985825369775188,0.3230832716553628,-3.351277595605709,0.8919889703494492
0.014995165756016561,-0.009780184008954095,-3.663439451565416E-4,0.008325133443519298,0.3067329796362008,0.29757658007884225,-3.3665145692406955,0.9309879610482444
0.01500877149299363,-0.009771600215882983,-3.7824834333675955E-4,0.008295912226919588,0.29912773341153637,0.3019704289690441,-3.3491929882412417,0.9130089593495277
0.014995831562063067,-0.009795875029713486,-3.4019682379709805E-4,0.008326242987894465,0.30738062539561817,0.27643522531521525,-3.3642373018199474,0.9520830175459593
0.015010091095031009,-0.009803111195497967,-3.2606366679873507E-4,0.008298177818612784,0.2998840052064393,0.2598090858944617,-3.344672826101513,0.9550298970982837
0.015009452890090159,-0.009787355016797323,-3.5215834291282903E-4,0.008297092369893093,0.2995848327261657,0.2808837044394617,-3.3470005990236866,0.9340281241810561
0.015021038350854636,-0.00973133517266795,-4.421783080929527E-4,0.008264252751806969,0.2974509214640517,0.35580350549914946,-3.3350310424116785,0.846486082035499
0.015013841540170785,-0.009621149701684763,-6.235504851426454E-4,0.008252609455993584,0.2950072547429457,0.5030070524252631,-3.3446936090101684,0.7002334993374085
0.01501504668040131,-0.009636749447490179,-5.978599482423347E-4,0.00825442538263832,0.29541766606128195,0.4821124467159388,-3.343637244457389,0.7209421603631955
0.01502024008888238,-0.009715625419471819,-4.680208977700476E-4,0.008262678862589565,0.29698541393647654,0.3767442196112589,-3.3366669328821597,0.8255897065825407
0.015016315148401481,-0.009652385115372825,-5.720832781080123E-4,0.008255946332153841,0.2958012255141029,0.4611716283422638,-3.342310432183677,0.7416018787478019
0.015017564395995104,-0.009668124392445151,-5.461352873729219E-4,0.008257351251207273,0.2961005857954277,0.4401121342569448,-3.3408235400766704,0.7623630971252329
0.015018650307161143,-0.00968397306311705,-5.200409715886055E-4,0.008258925911610768,0.2963294074492184,0.4189428002791801,-3.3393674764216166,0.7833484598341177
0.01501950193278011,-0.009699839525815032,-4.93960497607548E-4,0.008260788892442972,0.2965968897453386,0.3977841530019739,-3.338036083159881,0.8044982220827822
0.015022868161264712,-0.009549321132802012,-7.368755436166723E-4,0.008213017940210982,0.29009432048585104,0.5941642682026879,-3.3276037319479754,0.5956116084580866
0.015023950971451658,-0.009565134905876791,-7.111204023618208E-4,0.008215942741415688,0.2904526221966672,0.5731986567535339,-3.327600818707553,0.6167031173212734
0.015025315489308737,-0.009580825289931602,-6.854546830444043E-4,0.008218089676310882,0.2907333012025455,0.5523024524901955,-3.3270189756938637,0.6374108929908938
0.015027756147707247,-0.009612150292624131,-6.342529994459429E-4,0.008222402426176457,0.2913789839901865,0.51066834106389,-3.325681743971067,0.6788144419263323
0.015026677053476682,-0.009596524453081392,-6.597611812981762E-4,0.008220065337171125,0.29102432843111464,0.5313987671753889,-3.326256380135433,0.6580890778558878
0.014986510316625049,-0.009144313406568879,-0.0013887899019778712,0.008093753354486108,0.2830995134111652,1.1264253585861548,-3.273885755919317,0.05448718260197639
0.014980540626935194,-0.009113281314998205,-0.0014394838347221977,0.00808588880953909,0.2831782503826381,1.1680036141559655,-3.2687993001503663,0.014051580084229675
0.014983427868051997,-0.009128847483762824,-0.0014141336116681748,0.008090127256684647,0.28313101288101533,1.147239475200451,-3.2715862771276893,0.03436214870857782
0.014991868201525255,-0.009102603873807269,-0.0014483734017014483,0.0080575566295047,0.28082808013043287,1.1738122474102717,-3.2492561967825786,-0.0035613257540716486
0.014986009052754174,-0.00907119973451771,-0.0014991135418937727,0.008048367166472094,0.2809325038998154,1.215313737787041,-3.242877564208027,-0.04429700743625758
0.014993780004881432,-0.009085440281360699,-0.0014728140657366085,0.00804294132062433,0.2799230989125076,1.1932266572713937,-3.239174178481104,-0.027158733233234613
0.01498999063920084,-0.009160308531798788,-0.0013623799642936156,0.008096754773163172,0.282961875958309,1.1047359159093302,-3.275681208021776,0.07515899436498798
0.014998240158884865,-0.009224925913088617,-0.0012587853435862214,0.00811813874010392,0.2835449979160385,1.0200785804515295,-3.2886137798507136,0.16057579920324014
0.014992457786771619,-0.009176795799621426,-0.0013358024966745275,0.00810179911033479,0.28305572886164215,1.0829964011120572,-3.2788074963015563,0.09682820954347737
0.014994743516028633,-0.009192942537510374,-0.0013098109174739796,0.008106799702179148,0.28315378187540996,1.0617394524889592,-3.2818368035334236,0.11808996816483808
0.014996737011522106,-0.009208986371545415,-0.0012841035183944916,0.008112117036037677,0.2833061610294521,1.040733815412336,-3.2850163799895156,0.13931134083020694
0.015004798378678406,-0.00927132188501575,-0.0011836673777556213,0.008130412106571895,0.28388258595850685,0.9585817685368149,-3.2950638987537118,0.2216129400173468
0.015001512462652043,-0.009255921098119797,-0.0012092231553683158,0.008128659417269006,0.283998277259854,0.9795736393936886,-3.294584558839827,0.20182528701109784
0.015012827486266068,-0.009245296666821133,-0.0012195342370338413,0.008101119909960684,0.28160947648661894,0.9869390012190031,-3.2761015515631975,0.18291813007689475
0.015013508701693799,-0.009231237624132364,-0.001240705889584826,0.008092197466056765,0.2810151598182952,1.0040038803380307,-3.2705214279354133,0.16355411309373857
0.015020120483643963,-0.009517129406613834,-7.894185846615262E-4,0.008207583365573165,0.2894561461361962,0.6369797439209303,-3.3277493208590028,0.5529277609260284
0.01502174604306807,-0.009533250174467342,-7.630319930282352E-4,0.008209904215612296,0.28972830685060874,0.6154613120630348,-3.327439391425641,0.5741666696429678
0.01501455999474933,-0.009469867929849319,-8.669817603417471E-4,0.00820125408948616,0.288865201690291,0.7003546501697073,-3.328595965951027,0.49087529713424544
0.015016308704273382,-0.009485459237430577,-8.414383835359675E-4,0.008203693072360914,0.2890760270553881,0.6794785736136052,-3.3286211263467353,0.5114370569988727
0.015018210800331222,-0.00950118259317596,-8.156137463748489E-4,0.008205697768930605,0.28926712545585404,0.6583737549900067,-3.328270962124003,0.5320537316725661
0.015028082339303,-0.009460333026813256,-8.769173396158649E-4,0.008170937936599452,0.28611320384132904,0.7078336139279356,-3.3088605587830417,0.47006096897191746
0.015027548569542823,-0.009444631940905468,-9.019579592618272E-4,0.008165810999949195,0.2856760170822668,0.7282138149367959,-3.306886359149131,0.4488086692545454
0.01502295962416891,-0.00941287113113322,-9.539457954801691E-4,0.008161783256087811,0.285446822812794,0.7706918901274564,-3.3069928108884987,0.4076544850776012
0.015026384294185199,-0.009428303089809813,-9.282000302084597E-4,0.008161490690052538,0.2853230485612947,0.7495910259919266,-3.3054444173283053,0.4270397300734632
0.015018823916631237,-0.009277562456417357,-0.001166770376990721,0.00810650731511762,0.28162506338819127,0.9436530121028252,-3.27833694321125,0.22450931006611657
0.015034429939047309,-0.009402509496729284,-9.653507796168034E-4,0.008134976033017967,0.2829350670724968,0.7792229250054955,-3.28961009579085,0.38773615266747974
0.015023929991274587,-0.009292513760064137,-0.0011411280866280898,0.008104248848565284,0.28111067241734156,0.9224678123145716,-3.27603861900262,0.2427620930025727
0.01503520760605336,-0.009388669868109899,-9.86643588264836E-4,0.008127497581148245,0.28231413527476756,0.7964357410681703,-3.285624838146891,0.36851178537299517
0.01503524852113543,-0.00937250038915014,-0.0010118283721209157,0.008120287657184299,0.28174556554068747,0.8168440652779071,-3.2819377883427694,0.34650616893484526
0.015026087806768108,-0.00931017109752863,-0.0011128002942845663,0.008108844839110384,0.281315672081772,0.8993586038672134,-3.278210492278624,0.2658561256320715
0.015024415298370558,-0.009325669096751588,-0.0010896206000570049,0.008119606580541488,0.28220234198500344,0.880700435622402,-3.2846388069562,0.28767396458640054
0.015029998368838407,-0.009340587754992203,-0.0010638252823538888,0.008115866826322702,0.2816118798134611,0.8593627015430915,-3.2811429314023464,0.3055214974482236
0.015033546548789946,-0.009356067893791143,-0.0010381494263960551,0.008116161056633623,0.2815136542198782,0.8382962031179549,-3.280298330174522,0.3249620197461667
0.014439405319886776,0.01486234902023454,0.004247258895153788,-0.003871511252191339,0.08586521409006924,-1.7160399952742935,-0.3700099816601084,2.137813824566243
0.014524482022764032,0.01467455668173475,0.0042031258912856246,-0.004066093801254903,0.09531751609566998,-1.7708518470564931,-0.2736235476735042,2.2144790232897145
0.014693093569110645,0.014609021366840176,0.004031378526955326,-0.004106124022774022,0.09309148032141289,-1.748966308545073,-0.16898497086490097,2.173927640242344
0.014744364844783489,0.014389922889080737,0.004006734696997145,-0.004335405825011089,0.10356941404536933,-1.8088940813761218,-0.06530967957151096,2.264113520671892
0.014887411255031631,0.014167314131980302,0.0038613166012498178,-0.0045392856925566315,0.11195197048971663,-1.8286323787746481,0.09081641643655315,2.2951718305854834
0.015122000999882501,0.013718935558382031,0.003569344261617428,-0.004935644320586053,0.12745945757331548,-1.8370295337794855,0.4035929754071881,2.3303733180175255
0.015087458811042448,0.013886930606240903,0.0036282284738229976,-0.004766761168156978,0.11888362072701476,-1.81751497961769,0.3028729159890107,2.2894075279158517
0.0150409793966589,0.014043973849057017,0.003689659216715567,-0.004614776029816968,0.11200045047999432,-1.7993914724991398,0.2090501265143208,2.2545852924862606
0.014624259703748638,0.015079204151608001,0.003993745098373029,-0.0036278482312801195,0.07201711325099325,-1.595231867794624,-0.3279993870246353,1.9528700428607297
0.01516537884280435,0.013538373751522679,0.003487401560672032,-0.005112357469365779,0.13524696484687285,-1.84738736873787,0.5199434872015435,2.362559282110181
0.015217127770243045,0.013377080017328378,0.0033890361368924915,-0.005258860742067855,0.14182802782123896,-1.8417837492082592,0.6316898366109337,2.3714417160711796
0.015266877683312717,0.01323125547511525,0.0032884323923949173,-0.00538481762730656,0.14702760656610211,-1.827338093965735,0.736032391918951,2.368502060455253
0.015272381769359928,0.013651973827751811,0.0033935078908285655,-0.0049238574060665305,0.12280406666362657,-1.7742936619477832,0.4843106092839837,2.242711187310186
0.01531827289141642,0.013085948725211172,0.0031782759517562293,-0.005503909307608496,0.15226620286291592,-1.8045574479752948,0.8418113007352367,2.3557954800211784
0.015335084753192446,0.012943355656435769,0.0030989754305006875,-0.005643593102146215,0.16015241515862064,-1.7948422419166767,0.9423803733701664,2.36612393140663
0.01541825274692379,0.012833544232697825,0.0029590705035909405,-0.005686740315717077,0.1583872672271832,-1.7392223853561488,1.0252455370712157,2.3021485601373235
0.015469687043117734,0.01268693549699168,0.0028288269246436455,-0.005789275576019697,0.16250564233586187,-1.695529264847622,1.129632511181496,2.2644065182718323
0.015475890982089126,0.01253521658051131,0.0027335999091568403,-0.005934129710907906,0.1694724693054135,-1.6701820009136785,1.238703757304009,2.2607071447751337
0.01545932837760619,0.01240187361406493,0.0026637574792942632,-0.006082080820796829,0.17791662989414156,-1.6555557986384686,1.3389941645236785,2.2740665684559676
0.015535128339435456,0.012319227028270617,0.002534804108763219,-0.006079525125889476,0.17374413969291608,-1.588361969189729,1.3903707716876212,2.1909410370022964
0.015553156949132568,0.011622397633644237,0.00193690685980347,-0.0066521574600782426,0.20096678805121257,-1.3090198462166465,1.8976283182661653,2.001701738067762
0.015603327579670579,0.01155901395660235,0.0018384809284676435,-0.006631066521901307,0.1961731825391111,-1.246559792696659,1.9195249290171255,1.9240253172660033
0.015550518899442294,0.01172616855130877,0.0020375652832027922,-0.006575460453244904,0.19693412841065297,-1.3629137496514014,1.8237891908926238,2.0431067005369936
0.01555307311346797,0.01184208146816229,0.0021408389477415805,-0.006478928318162383,0.19314060476210715,-1.4149816149317294,1.7382901342924229,2.0788517237623
0.015545890784708699,0.012221498961137393,0.0024546866997301746,-0.006157832312154212,0.1779449030629602,-1.5560368938143905,1.4604240111305768,2.168766711999424
0.0155449480489356,0.011973028677626629,0.002260304562221163,-0.006378943296415434,0.1884125718221648,-1.4730164584040326,1.6442862097826085,2.1218257370312386
0.015532148533563479,0.012108419021893337,0.002381192793558328,-0.006275616891633313,0.18441652757749763,-1.529153622681983,1.546924782282641,2.1640647859860667
0.01555477773400629,0.010809578095357413,0.0010391208563635954,-0.007136919860354756,0.2167134169992995,-0.7498957061387069,2.413575631487206,1.5255122485380976
0.015599905839484429,0.010880068086439914,0.0011040843569415984,-0.007035540320643273,0.21012289174944956,-0.7897989306020844,2.342761624305489,1.53578059112402
0.01555090415344688,0.010680071023085692,8.808961934766158E-4,-0.007193568046185658,0.2180475955627524,-0.6403320880363182,2.4812782903932393,1.4270778833676083
0.01559064468182783,0.010746209705150373,9.476404510439613E-4,-0.007105457453704402,0.2121203982893635,-0.683835368414906,2.417682104809053,1.4442803482362423
0.01558683496364271,0.010613186137656822,7.855844072707168E-4,-0.007158119206248248,0.2131289629074449,-0.570645622941607,2.4818522263700253,1.3411335736787138
0.015564253840285616,0.010485827719354895,6.319552087832872E-4,-0.007231343312879525,0.21646192137410733,-0.46191756642880116,2.5534508927640633,1.2516334822558985
0.015618797206147884,0.010541963373233315,6.878669306477608E-4,-0.007127792025765695,0.2089538484282225,-0.4991653406877103,2.4847744404690464,1.2557988158349869
0.015583026729660616,0.010410168561356202,5.313226521012033E-4,-0.0072182367737838385,0.2133045198293901,-0.3881394462012549,2.564516415982549,1.170237552788227
0.015577375886654513,0.010337021402761716,4.3886870947158627E-4,-0.007241700637124107,0.21406862048319716,-0.3209332487277105,2.5936945802295344,1.1085871459061798
0.01558909135272847,0.011465512761144003,0.0017555166128044762,-0.006716384243778699,0.2004198247167637,-1.201939814822378,1.9903039839741719,1.8965487111418382
0.015583457387899803,0.011362877314369878,0.0016533600927983812,-0.006793306934858891,0.20388018764484148,-1.142775581676246,2.06217652670357,1.8516233309927637
0.015582184221364362,0.01112137442128113,0.0013914689969615724,-0.00694155718041975,0.20911153359524962,-0.9805168497046272,2.217139758696515,1.7151395570905594
0.01561573477350621,0.011048836522017545,0.001291624598281656,-0.0069301832508173985,0.20576671122105825,-0.9128733680733624,2.2379923376020936,1.636849475681055
0.01565084643466105,0.011290764394214187,0.001535378286917474,-0.006742748661068248,0.19715423166059678,-1.0628039269632177,2.0716210971184914,1.7472414164695527
0.015622003783968908,0.011200893074578057,0.001456633783125981,-0.006837501889767106,0.2027345264239042,-1.0173845102111498,2.1436756635122323,1.724177276508639
0.015631516037453257,0.010962687041870298,0.0011856593589117412,-0.006949026202776245,0.2050067973617839,-0.8417421866287303,2.2757351689325156,1.564740348633085
0.015678906078677144,0.011022641526736163,0.0012305035463854132,-0.006848970904586092,0.19829233409599276,-0.8665909269979213,2.210890765621169,1.5611088848171502
0.015435896154404176,0.009540112097857302,-6.266100237360523E-4,-0.007446627545731529,0.2229813737322006,0.4906433652031122,2.8302376780582446,0.3781016884994101
0.01545638885774284,0.009705240298558945,-3.9944037235119294E-4,-0.007448603364355232,0.2231004517128868,0.31374352098900776,2.8167900363739253,0.5483812709787595
0.01548647411418403,0.009765719197716426,-3.132053351858598E-4,-0.007406503972640143,0.21965957459733823,0.24644718017064257,2.784649735761793,0.5984328579409858
0.015478059238275842,0.00964207846203223,-4.799224116355413E-4,-0.007399015796501893,0.2185945519245347,0.37556717413849633,2.7925218221237027,0.47084689321865586
0.015486969492288234,0.009578123292937476,-5.627064739438542E-4,-0.007369143228798292,0.21676181379592177,0.439383025709771,2.779355379245612,0.3989103681153821
0.015552926750803834,0.010126951202929134,1.6917860763968542E-4,-0.007307361475082757,0.21590789797770985,-0.12057096118441323,2.6725110756459727,0.9272256177758321
0.015590423091749394,0.010181708075993902,2.3743977234137544E-4,-0.0072405964013434855,0.21146865412132684,-0.1709736683230758,2.624549086524113,0.9550613935691299
0.015626032775109926,0.010263817873367642,3.3819948512568796E-4,-0.00717286747179499,0.20722475206143878,-0.24474351243677933,2.571144621979942,1.0072228975205384
0.015561871898020534,0.009850528453621922,-1.9241132921697768E-4,-0.007288363596506825,0.21107408091913296,0.1534503221749729,2.7032036921645113,0.6475579174228204
0.015576303469278456,0.01006883908362012,9.236741107868893E-5,-0.007270820380045039,0.2118217606658037,-0.06224042929350598,2.661478872201204,0.8557779919528726
0.015557498240430605,0.009924290097317542,-9.640655688636387E-5,-0.007300909129040939,0.21277825118966232,0.08023383128899943,2.7010806595834715,0.7241281184016509
0.015578510395212667,0.009999504927199684,2.284943057712039E-6,-0.007267886351822759,0.21112862618237985,0.005567720600024963,2.6707858046857655,0.7868997258671547
0.015553078410220206,0.009775513260614795,-2.9116170030716893E-4,-0.007294751528585809,0.21147740366385773,0.22946782205247485,2.715805100721487,0.5754075999638744
0.015605286848036424,0.00980920320590626,-2.413160244450463E-4,-0.0072118217684476234,0.20509896334106906,0.19048685140333263,2.6628477982894116,0.5848635953656536
0.014993485015867114,0.007903274119954786,-0.0029056929600204486,-0.006929003343565853,0.2690732648119656,2.2180240398400755,2.3272235447280316,-1.2994196411946375
0.015034768018341416,0.007924463711689686,-0.0028394685362054515,-0.006898326971654988,0.2632615993444613,2.162040439560877,2.3177368757025527,-1.2645710657643798
0.015145037572907395,0.008144365803547568,-0.0025133650962661023,-0.006983259070468384,0.24680172329139646,1.9267830215868649,2.4297178558559853,-1.0492222302475156
0.015046353389834649,0.00800339013848284,-0.0027538683956214584,-0.00697085569874835,0.2609919002723255,2.109119366621341,2.382978276057695,-1.2002533584504744
0.015060557426523603,0.007957084160500803,-0.002781019921292984,-0.006900422828175867,0.25900141302489715,2.1180273590565344,2.329573033066913,-1.2289119063137932
0.015104101152919434,0.0080989916099249,-0.002600105835245427,-0.006993856146157412,0.25237987687489594,1.9948745973925512,2.4236828908193435,-1.1012776292476614
0.015079000329794305,0.008042822938697132,-0.0026809495509982372,-0.006969028636374451,0.2558902170257733,2.052786253744601,2.39376607757309,-1.1557906829623301
0.015391977518064478,0.009140751698654958,-0.0011693922992754415,-0.007366202734629053,0.22171859304716038,0.9140848613527519,2.7914575255333847,-0.04528956489651071
0.015415534217088326,0.009024472217147255,-0.001303387016795217,-0.007266003146344696,0.2170379813157771,1.0143861914069972,2.7253070670599797,-0.17144907673759466
0.015438006101034036,0.009085135140324366,-0.0012161279692270068,-0.007261791516920551,0.21547811850751605,0.9460865921298066,2.724714795944601,-0.11100159102910796
0.015442132405345409,0.009354375169254605,-8.707078643066775E-4,-0.007375503174358942,0.2187399217761489,0.6800576859297048,2.795320398651677,0.17396559166203088
0.015395272355404686,0.009256372728223793,-0.0010180163113691525,-0.007414953937128964,0.22317265327231092,0.7970276429521386,2.8223985125227977,0.07965760021616176
0.015426787209702043,0.009304831675906422,-9.413738378053319E-4,-0.0073820672035641325,0.21985044480024893,0.7355626042001803,2.8008145203576116,0.12464706433295374
0.01543110447659568,0.00919803773715626,-0.0010773120189519778,-0.007328470394169651,0.2177433830165448,0.8401999810962025,2.7680144051747706,0.008922022404148277
0.015455323852423543,0.009484509028933254,-6.951217838903767E-4,-0.007397281361354193,0.21912139193766178,0.5431871368088875,2.8029490578960705,0.3102695866389107
0.015481320306080043,0.009427038919770427,-7.622067761898222E-4,-0.0073350472119456415,0.21478746396058304,0.5941744732101574,2.7671754003669444,0.2399906156700791
0.01549194736833214,0.009370674267055418,-8.312997111012589E-4,-0.007297844905810827,0.21258204270260414,0.6470226007633927,2.7462361058044107,0.1773470741779797
0.015176778039443374,0.008190090939401446,-0.0024362523262955096,-0.006984169987960312,0.2425911157151581,1.86759232372902,2.4416047304633595,-1.0005727580576937
0.015210221093204643,0.008249375345001433,-0.00234403966658845,-0.006993924020478998,0.23764154302633572,1.7982018607538524,2.461114083319702,-0.9403093147210163
0.015258782033580947,0.008428493105000554,-0.0021116392879850687,-0.0070860203715272544,0.2316004614231368,1.6296928606332755,2.5515055475791666,-0.7696600153981005
0.015264644444894402,0.008481737119305255,-0.002048430969915634,-0.007122848213523075,0.23120967238583476,1.5848034695073812,2.5827763711592038,-0.7195233160452968
0.015310672715967791,0.008515878125143204,-0.0019726360831805287,-0.0070816510288950136,0.22569310644241528,1.5217829755086683,2.563217697173982,-0.6794136866620334
0.0152454067335278,0.008364957663373859,-0.0021914685339097166,-0.007049722620779846,0.2331448392252991,1.6874583220764587,2.517986038119346,-0.8301637696094684
0.015263659257436939,0.008298585670823514,-0.00224402246338316,-0.006963121991633638,0.23097035164331015,1.7177948685365092,2.4537506313010375,-0.8829685049346806
0.015298459438788794,0.008394436052911425,-0.002113601993949182,-0.006997829621983173,0.22715946937785572,1.6218135994886655,2.492619084687862,-0.7913485398918888
0.015319566305794794,0.008624682420086507,-0.0018436970081450092,-0.007154162608832069,0.2252932349690504,1.4285723689610634,2.6227201411080077,-0.5753424689373311
0.015350638792926814,0.00856609211090142,-0.0018854645900228506,-0.0070613542672150085,0.22111982790994325,1.4525109570868706,2.55833955901808,-0.6265340386106638
0.01534933696164813,0.008820443749625892,-0.001592848459903762,-0.007248133412658844,0.2228316517079236,1.2397737815998262,2.701867375250686,-0.37868666901057596
0.015367059164696438,0.008859149331619324,-0.0015345704272212398,-0.007245196762865913,0.2209276787575633,1.1941359663312243,2.7029795894744377,-0.3393125225412612
0.015346819375501017,0.008683758364065182,-0.00175551581336871,-0.0071561855632477295,0.22227687128955134,1.3602006298902356,2.6310556080677756,-0.5153706495413858
0.015367464682041377,0.00875524612126997,-0.0016577784874768438,-0.007174896926281315,0.2200429932526216,1.2854865946196623,2.650197512099648,-0.4438219703238798
0.015404478230139634,0.008874343730692114,-0.001492479268979395,-0.007195043798752851,0.21704992526290826,1.158177208279796,2.6727281343709093,-0.32443389548467716
0.015426926052513825,0.008917748173071166,-0.0014267279399414817,-0.007185994495139267,0.21446668507633423,1.1060916567024621,2.6699838001007987,-0.2811829390124339
0.015453780517311553,0.008970888919880153,-0.0013472620182460365,-0.007174250388503063,0.21196240993681945,1.0435836453257687,2.665801947177544,-0.22901485717859352
0.01493835998906862,0.007838602079726231,-0.003027957869880938,-0.006925564064724762,0.27794573934156436,2.3109863939787147,2.302061948509617,-1.37311954184425
0.014994887827409695,0.007856338347391755,-0.0029456184515453845,-0.0068726768263033125,0.26941197524047183,2.2379962168061582,2.2803585008174285,-1.3322324884994907
0.01494236169121408,0.007782829772718672,-0.0030709804321199714,-0.006853211320097298,0.2777970563058409,2.3293502092836174,2.2426149636999906,-1.4091924111337202
0.014923474251099453,0.007631709115746783,-0.003215282643315036,-0.006691428495221634,0.28214012598918076,2.403075599609895,2.09929456383437,-1.5125708609003927
0.014937905557877147,0.007680053531461198,-0.0031600412598883835,-0.006733658057473907,0.2794953079443152,2.371273513359849,2.140470653335981,-1.4763089745469182
0.014943455158876174,0.007730594269963649,-0.003112862391820973,-0.006788527658321484,0.2781433535446923,2.3476436131341987,2.1886808533032327,-1.4423494857934378
0.01480512256173418,0.007457433640504859,-0.0034925230030270218,-0.0066042980859121895,0.3035112219596569,2.587557053391017,1.9749048742511839,-1.6754169823785448
0.014848757988924936,0.0075015423903416695,-0.0034050641290563647,-0.006613157175918725,0.29535987468823716,2.5251599692972957,2.001863355647601,-1.62656931977247
0.014911026061022518,0.007580128218887259,-0.00326939221246794,-0.006641776955356574,0.284829166594071,2.4320258633110856,2.052627151027512,-1.5483741919537117
0.01489998795713084,0.007531871648311929,-0.003318137830852831,-0.006593815419570001,0.2872496125708149,2.4566033191998473,2.0084656718901828,-1.579875675588681
0.014812922585862687,0.007403826446548409,-0.0035175897674978177,-0.006524883333573395,0.3026273508346583,2.5850691572118953,1.9133061627531451,-1.6942289108218997
0.014687183182553536,0.007287452809619497,-0.0037601339583208655,-0.00649861017356164,0.3254416319998526,2.7542144657130234,1.8330977443728291,-1.824999986866272
0.014700751279536042,0.007229959195820598,-0.0037737847377638336,-0.006405017189846042,0.32381266545596327,2.7363463734187645,1.7639355243705517,-1.8349862181304697
0.014740360843431263,0.0073258614090248066,-0.003663870253061165,-0.006496939877609897,0.31592397695395186,2.6837916907144463,1.8570343835893282,-1.7741920088224619
0.014782074206842624,0.0073664431305159594,-0.0035824287937284865,-0.0065081200090094105,0.30813259563273987,2.627581280845689,1.8855258617456678,-1.7300967955792041
0.011168590876390454,0.004382115338503985,-0.00731167526339671,-0.0014748581504869709,0.4294434198962543,1.5553622124306905,-1.7425345056023045,-1.0274267325264308
0.01473367674114333,0.007180399493854801,-0.0037552390758256774,-0.006304914534830585,0.3183886531250255,2.69259337836441,1.6995198590852478,-1.8270539008973683
0.014428421199376956,0.006894244830551149,-0.004321108265675586,-0.006157340707227714,0.37797600740826226,3.039766897335408,1.4316439551423568,-2.1028248216064735
0.01463030948964634,0.007107595261248593,-0.003936032216561993,-0.006299962992635044,0.3375340251856856,2.8189991121358386,1.6459703019531045,-1.9188201751464078
0.014699323407367588,0.007125916338415655,-0.003830361407122056,-0.006262326915824867,0.3249966456240522,2.7321113597976754,1.6500713073453108,-1.8653630450342416
0.01461670155270259,0.007043413491457281,-0.0039852863162237245,-0.006220885831854622,0.34034235717057926,2.827260042195988,1.5774857671076281,-1.942312503796165
0.014507519646221347,0.006948032261471238,-0.0041833376172605114,-0.006174902978848182,0.361747635215903,2.949457068268693,1.4868234021315077,-2.0374717267788043
0.014483894656855555,0.006898691141613828,-0.004236587769802639,-0.006120870063727691,0.36639423707100566,2.9665292273914385,1.4332969333177568,-2.0602760214553757
0.014592421867424203,0.0069910726491993576,-0.004042690866348402,-0.006167085418892882,0.34516676889325043,2.848764315831709,1.5239622251302956,-1.9690130148402492
0.01456637117147506,0.006944670061740992,-0.004098969945532085,-0.006122108772247341,0.35025912067376225,2.871879654336323,1.476663500149036,-1.9945191973326786
0.014209386902392457,0.006608182618365902,-0.004731345386005969,-0.005863748012004451,0.42284083602447814,3.1989232957267437,1.094233098734599,-2.2614320374861436
0.014253806632603097,0.006639414226552904,-0.0046567626410649945,-0.005886476642546879,0.4131597217296295,3.158492359675424,1.1357811970344676,-2.2316302815509452
0.014295004773565002,0.006679774119230839,-0.004585021068913577,-0.005923535268283527,0.4047549079049443,3.1261752991131044,1.1853549888970758,-2.2043028223240175
0.014346283703114946,0.006711238437539348,-0.0044994458707484425,-0.005938721293515684,0.3938954184475507,3.074628217644033,1.2247455890775678,-2.1675246316962027
0.014409019880963707,0.006843992299079921,-0.004367121049052001,-0.006096091713602577,0.3816855674617438,3.0478332650982414,1.374790650648938,-2.120500112886718
0.014376422078004584,0.0067970814230896145,-0.004430819781616903,-0.006048595644527713,0.3883586986052585,3.072863712232284,1.3217954442571804,-2.1464557428332043
0.014392710391557907,0.0067431783162635334,-0.004421271284774393,-0.005955850735906278,0.38443193857862573,3.028563521633917,1.2623642368809207,-2.1337532120515443
0.014214017683359642,0.006552289988725692,-0.004732559922725712,-0.005774318421008736,0.4200396247774379,3.1584866559378124,1.0350954564300279,-2.249189841199716
0.014075019465251895,0.006482379878324254,-0.004957865469864286,-0.005734462754220551,0.4508974346087009,3.290045016032867,0.9255481095847725,-2.3383145737565414
0.014119617769360958,0.006499523130145355,-0.004885887620691428,-0.005740431232248106,0.44052786008163297,3.2446684556049696,0.9566218022994369,-2.309076288534048
0.014165397185931057,0.006523099421992521,-0.004811721355844767,-0.005754572854775794,0.4305230235957495,3.201991114720393,0.9933363678551234,-2.2799987888810302
0.014033569199170202,0.006431699232707658,-0.005026454063245196,-0.005672066492863349,0.45915651924139567,3.3045241917358004,0.8589319434497081,-2.3554808652201404
0.0140632816918544,0.006444006681333487,-0.004978703615741266,-0.005678810219128897,0.45166546867044743,3.276073390199115,0.8817021379273353,-2.3370149394190873
0.013937428230413485,0.006348151625521211,-0.0051804371433324,-0.005575341057465641,0.4789438355285666,3.3559692256827787,0.7360548619706159,-2.398393057080012
0.013977583853914675,0.006375662743977442,-0.005116586836772009,-0.005604953388803257,0.4701226097428755,3.3294439607348845,0.7804498116491164,-2.3789691239630204
0.014011774742402384,0.006400551626254861,-0.0050618848191777465,-0.0056314357565014,0.4624697747340503,3.3070628839610667,0.8189570556711684,-2.362090469383173
0.01383764635388585,0.00621836887319955,-0.0053307165349381755,-0.005396988435762023,0.49602542656262194,3.35516931297045,0.563444404582651,-2.4153651964493483
0.013875072908273379,0.006238606196950099,-0.0052731944002179345,-0.005419462045298222,0.48803753115920206,3.330851879167354,0.6011184558844886,-2.399004931937337
0.01390785865476954,0.00624324954417523,-0.0052216868646596595,-0.005417618675240791,0.4795989812715845,3.2966068512521196,0.6216213108239319,-2.3788697369093823
0.013937365593489945,0.006283885623041443,-0.0051777426748055395,-0.005472876932935579,0.4752050368805366,3.298445116998536,0.6732718128368749,-2.37467577820644
0.013795950054356307,0.006133252670574504,-0.005385475812733235,-0.005271232322401266,0.5002598583483829,3.317971486790072,0.4651954414525578,-2.4032291914388506
0.013746644828052547,0.0060541377491609176,-0.005449038359489312,-0.005155649027771545,0.5059934813156497,3.2897023997692725,0.3709593975329353,-2.394078706611056
0.013793866085375632,0.00607727335375582,-0.005379839639658115,-0.005184211697973027,0.49575768092484296,3.2640655315711045,0.4175129840011475,-2.377583693266116
0.013842736032526282,0.006159191819590895,-0.005315605280688127,-0.005302170835316804,0.49040966954700144,3.2917750989942705,0.5132498174466297,-2.3857018456294514
0.01150183966096451,0.00464124421528765,-0.007334464980078053,-0.002019477408998762,0.5234963295847495,1.961208823533818,-1.6972880037961506,-1.334256114706777
0.011453013713635704,0.004611136585806487,-0.007342253868544857,-0.0019428232922111652,0.5116870009107747,1.9068649319972686,-1.7124208300914252,-1.2916503304605476
0.011259897026908758,0.004383201152048352,-0.007259767155666216,-0.0015773813468955187,0.43672374459186925,1.617237843092983,-1.694290165133434,-1.0895531415188333
0.011414378309616535,0.004556081236713976,-0.007318390574530868,-0.001860487656078299,0.493938677617875,1.8393087993292405,-1.7049352613826163,-1.2468255990395527
0.011316493974889742,0.004455728542097455,-0.007290892881613399,-0.0016847735326936783,0.4601593888356358,1.7032284395815476,-1.7055501871662404,-1.1486347091192977
0.011383736560623824,0.004483839951119876,-0.00727275589963417,-0.001777349437029491,0.471870192255062,1.765883499282916,-1.6819710115784452,-1.2015728127173635
0.011329077120179491,0.004374207218929751,-0.007209319143612623,-0.0016471400783162435,0.4388990088780041,1.6551108175639073,-1.6506530061387306,-1.1315338878029555
0.011565197065425394,0.004616119906728373,-0.007263137897352026,-0.002069669672734654,0.5172443206521716,1.9773305014292346,-1.6393097962137426,-1.3639550461732857
0.01166909800447552,0.004679806933786957,-0.007238334324519456,-0.0022309887614164483,0.5384256158554032,2.088700834635388,-1.599773923570021,-1.4514724574780031
0.011726108411157149,0.00469090559805581,-0.007200676851665597,-0.002299535219367693,0.5416263658794562,2.127624415801023,-1.5633119454605482,-1.4883395820547838
0.011819749173794506,0.004728740673043047,-0.007152924223520682,-0.002427266607192007,0.5519955504636345,2.2068481764848182,-1.5102628402402571,-1.556096830413643
0.01178106353312634,0.004671955830088063,-0.007136967744295577,-0.0023390038845478526,0.5353106748243346,2.136944634506815,-1.5126227249403474,-1.5093680666304807
0.011639065997398196,0.004609446760224418,-0.007199372569883512,-0.0021425965343388055,0.5163457428483423,2.0121908719410975,-1.584177060046768,-1.4047022256916657
0.012147557330378941,0.004906250073406725,-0.006987145422468207,-0.0029070885260842703,0.5890182726174964,2.5041631257464734,-1.3114929570477922,-1.7971528156409085
0.012096016222705138,0.0048719751010681475,-0.007011857747675564,-0.0028260852215114783,0.5824941029624017,2.453088893672699,-1.344114283212634,-1.757494586563557
0.012046303539405084,0.004849334382175259,-0.007043036819017849,-0.002758178173055602,0.5791860296532823,2.4139601376990987,-1.3780943177677005,-1.7244625987907871
0.011960914886001827,0.004817060269463321,-0.007099187628197004,-0.0026467289547073085,0.5742842548245087,2.351113021841179,-1.4369149883941967,-1.6694041895686293
0.012019339764196104,0.004804734862987961,-0.007031984337236533,-0.0026894010935645915,0.5672146599475473,2.359471600117064,-1.3832648858384171,-1.688652697761471
0.01192556098478382,0.004764414126569553,-0.007087331844794987,-0.00256303913397711,0.5598674000714127,2.2854358908517836,-1.4430219642579918,-1.6256279209432483
0.01188174132927537,0.00472302688180626,-0.007092145321484364,-0.0024829108710551205,0.5482005791633408,2.2282444325400577,-1.4593357132531268,-1.5841426843063218
0.01231961707883716,0.005033032523392978,-0.006902838934865005,-0.0031901150204324343,0.6099026030299867,2.6823076440181364,-1.1937744639314298,-1.9320252782588268
0.012206481697024218,0.004871479933769931,-0.006897047595611287,-0.0029209220001456693,0.5734349388628943,2.4812761578984355,-1.2487182744024656,-1.7977420963833755
0.01225783520491807,0.004918461608300869,-0.006879798246164145,-0.0030132350692397033,0.5824079104975654,2.542020752757189,-1.2181774284757176,-1.8420030316196614
0.012302494533535616,0.004954536179841923,-0.0068596382727188505,-0.0030885694768125185,0.5886406813330736,2.5897806643246506,-1.188592790470531,-1.8776079245824406
0.012466625072121719,0.005049710195551282,-0.006745993724974188,-0.0033213404699103124,0.5950599619056346,2.715283103261063,-1.0602589186627691,-1.9787572868876875
0.012408857839762828,0.005023825980122445,-0.0067935278696225464,-0.003248919748898571,0.5960614844770061,2.6815907145268194,-1.1085304950095216,-1.9492945396591226
0.012528822538601766,0.005040732139850464,-0.006666321648587985,-0.00335427744075878,0.5838526310055826,2.706296611378621,-1.0013977506117746,-1.9847491537414146
0.012601940426992909,0.005055160420992413,-0.006589751026760605,-0.003419613801321658,0.576907328090802,2.7215585831757583,-0.9370642469841021,-2.0050374883747453
0.012701567282056708,0.005192012316004604,-0.006561223308084515,-0.003649176724154976,0.596067950785968,2.874272265191483,-0.8551480815583884,-2.106845589304957
0.012678107067819494,0.0051296796411763315,-0.006548297913787286,-0.0035572779020280397,0.5844153479204276,2.802499166267775,-0.8741243759702747,-2.0625113430619297
0.01265410112379765,0.005080373087550202,-0.006544266836542541,-0.0034824590016868315,0.5755210227103387,2.7473381082853545,-0.8926178852073383,-2.027492816609113
0.01275772839937866,0.005178343488242365,-0.006481152746390262,-0.0036642171080431907,0.5833369252451605,2.8494896873357174,-0.8026736002199936,-2.100441583748258
0.013009749351024098,0.00535959318153724,-0.0062617918125833375,-0.0040235800976690305,0.5763186981191297,3.0006432596500034,-0.5572492498061755,-2.216275906863997
0.012812428263367858,0.005258017621950617,-0.0064626137289296144,-0.003796109175819531,0.5920890356274505,2.935192390618683,-0.7500182733151278,-2.1568141043352824
0.012857455441297062,0.005276078759275904,-0.006415143192003922,-0.003842864448564355,0.5877133335769381,2.946404360281269,-0.7072093325553142,-2.1686682839376403
0.012803102394183785,0.005194660415073674,-0.006434139143142284,-0.0037095959719967513,0.5788188159363702,2.8606076696272127,-0.7610472266594223,-2.1127746693339495
0.012899120545339668,0.005262334264988198,-0.006352122421395398,-0.003845229766766702,0.5770640477356206,2.918947205930655,-0.6699435197406239,-2.15780108004611
0.01294438564492073,0.005283977802500586,-0.006305533213314992,-0.0038946329084362276,0.5729633024223696,2.9318775576245897,-0.6268592957211493,-2.170218177706873
0.012989089689933647,0.005306453129966441,-0.006259352567423404,-0.003943788184212465,0.5689629152930801,2.9445657090679442,-0.5841611889046598,-2.181981639463326
0.013679453531271257,0.005994166372928662,-0.005540686505880741,-0.005070148625671188,0.5171059850088392,3.2942341828871204,0.2823718296672498,-2.4007935268702743
0.013657887035227616,0.005931233522068244,-0.005558650165178681,-0.00497488354179327,0.5155656052720531,3.24760687634938,0.2231174479358292,-2.378001509519003
0.013742231690980804,0.005992338187504614,-0.005443680667632902,-0.005060892653826185,0.5009585607432313,3.230795516463744,0.3212630056536195,-2.365171570927062
0.013627062682954522,0.0058839262043830125,-0.005593177314434525,-0.004904243713119905,0.5177889379843336,3.224531558692036,0.17021410426251704,-2.367083536114729
0.013588538573259196,0.005859397737660129,-0.005644601997352136,-0.0048676001660307635,0.524793877102219,3.231584051615667,0.12746098518917562,-2.371650793918973
0.013501742001535921,0.0057890979795603165,-0.005753237112386487,-0.004758872593878114,0.5372731565940371,3.2252693641607597,0.02084733471612441,-2.368894409958697
0.01356101816128634,0.0058144162850853,-0.0056724845113590725,-0.004799521444091709,0.5257548729357433,3.205016586566054,0.07953128120677706,-2.3578702202224093
0.013072776440889642,0.005462955393946907,-0.006232466402466024,-0.004190307443379094,0.5844180084259675,3.102650879860719,-0.4782664367105198,-2.280106331209836
0.013142640422287466,0.005475735158981765,-0.006141304347072865,-0.004232291112899043,0.571442262372405,3.085294770365834,-0.4120072920278998,-2.2758489951319123
0.013188526105443294,0.0054949996657016826,-0.006086490790981645,-0.004273431443896657,0.5641190575371834,3.0851540111096907,-0.3662002294696598,-2.2790643334246052
0.013226975992569034,0.005485231446563947,-0.0060278156483694065,-0.004270558429819523,0.5545135867933422,3.0532001720562674,-0.33636888077480076,-2.2635565019675767
0.01307323333832841,0.005377685213429333,-0.006185644876304165,-0.004072834383259127,0.5667812142055331,2.997713518571743,-0.49724254556973463,-2.220478718449599
0.01327454434689595,0.00559431703222024,-0.006010801527124346,-0.0044377359459091765,0.562475252436586,3.15674358581214,-0.2572925576474851,-2.32470376756552
0.013272186538595548,0.005509112723148159,-0.005975477009360956,-0.004315723765418445,0.5487346731390891,3.056601471410684,-0.2906040524039351,-2.26822812444078
0.01349831657720303,0.005722775096455159,-0.005735569840860352,-0.004660134390237001,0.5287486960648028,3.152979724464494,-0.018116158661168173,-2.329690845164912
0.01344887375844859,0.005711631474253064,-0.005804364959228351,-0.004638963912435589,0.5395733441725818,3.1772828854171786,-0.06186679237968275,-2.342154369114901
0.013409808652409799,0.0056747141135855385,-0.005847754549734282,-0.004579870138950591,0.5432161541422925,3.1628678285804064,-0.11077800098504406,-2.3333338690315117
0.013339890067202842,0.005598548609651824,-0.00591836938424619,-0.004457692291234918,0.5481069446421102,3.12081725612857,-0.200892539704747,-2.3076379968835448
0.013388580868420485,0.005621257942273562,-0.005857557706708868,-0.004498961385434258,0.5400149385084196,3.1154015713839134,-0.15219709670721768,-2.3064022122057883
0.013069893756477177,-0.005638138508822932,-0.006334151999811821,0.004442628251879778,0.6222281843423333,3.339213204299773,0.4293711827214493,-2.4111665585427673
0.01303555338612711,-0.005597871122398955,-0.006361977205436339,0.00437024850595287,0.6220340795891635,3.3017859420081024,0.47666078556582553,-2.3874662963701225
0.012924525023857348,-0.005553178836978083,-0.006497396740484107,0.004258093052726049,0.6400429219785339,3.2943029284947936,0.6015926307974181,-2.3713646060955793
0.012990103090173188,-0.0055602694726976255,-0.006406324818569438,0.0042970824392792725,0.6252276323907301,3.272558183746853,0.5328238386766085,-2.3668459981112915
0.012738536507453968,-0.005379884776615253,-0.006642647649319236,0.003917032115795903,0.6388465592250541,3.1129639218438094,0.8178170991014918,-2.24613094016867
0.01270898121263085,-0.005358869447195759,-0.006667675365560935,0.0038711547726113017,0.6390845226206348,3.0908033207361894,0.8491477596772172,-2.2291945605686374
0.01286425028544635,-0.005477640902787932,-0.006534935087586407,0.004120802609629991,0.6358042960682572,3.21105855038135,0.6782859921874083,-2.318037599918547
0.012900569592080384,-0.005503178675279781,-0.006499925778285739,0.004174850497467516,0.6336291132618855,3.2328702725771445,0.6366539637924785,-2.3346829490265173
0.01277244749453606,-0.005378696275899424,-0.006595762877535563,0.0039348209632706415,0.6308387348314941,3.1023485392981964,0.7831074849811462,-2.245245847707736
0.012804401304786567,-0.005404900115533218,-0.006569898737382396,0.00398824679712935,0.6310067896155201,3.129302814458406,0.7485067173306764,-2.264741544730036
0.012847240180383458,-0.005437012540657401,-0.006532075624021632,0.0040551995681265525,0.6296943903061293,3.159910210682208,0.7014202153871533,-2.2875432233870883
0.012696293296089116,-0.005309882096640282,-0.006649815885181385,0.003798230800139978,0.6286749911953954,3.026079914253163,0.8622777397317697,-2.1914256306952784
0.011381206680159156,-0.004560298671045083,-0.007345162402636198,0.0018261775047716873,0.4934842917605637,1.8216264693138908,1.7286166225301225,-1.226261148877516
0.011268327165504473,-0.0044470191938100236,-0.007313016432231795,0.0016254549490581536,0.4540352236917167,1.6658256252479766,1.727702786624138,-1.114288858951623
0.011325484516779828,-0.004506340026253855,-0.007331913517367416,0.0017273170272131873,0.47478763039643596,1.7454513454428164,1.7303720833896623,-1.171132652589064
0.01155584582502317,-0.004643086475909894,-0.0072950852519426245,0.002080337624155398,0.5257014894603639,1.9946055135326446,1.6609026562536502,-1.3688425977409553
0.011503558640580804,-0.0046078386280309705,-0.007302125092092495,0.0019964343475455536,0.5129129488551339,1.934720584898889,1.6767909728983457,-1.3225316668197775
0.011458003035447544,-0.004542859093909602,-0.007275501313892288,0.001899319558442937,0.4922355664815381,1.8560184914995472,1.6696419292771798,-1.2697612488796333
0.011616419233107585,-0.004643689454696263,-0.007248221950850557,0.002146026093115628,0.5264945227272982,2.0293293937399355,1.6184209163265362,-1.4058293579936125
0.011688918398245624,-0.004648985966300315,-0.007194298031918838,0.0022262340628608633,0.528783430538906,2.0720834556130185,1.5692326374886443,-1.449497205752449
0.011758108640166687,-0.0046701487456301755,-0.007155025448065555,0.0023144672160040802,0.535025623476991,2.1247270892189687,1.5289836046515246,-1.49649392422685
0.011824713071075774,-0.004710647419991605,-0.007132588361234594,0.002416128659230289,0.5464810183167238,2.1920538675018,1.4979788132452327,-1.5498311952561055
0.011894119740175008,-0.00473938963805523,-0.007094876962773355,0.0025097399886091112,0.5532704174809037,2.2484971422926647,1.4570830608123566,-1.597928775440337
0.011949867981812573,-0.00478061511578497,-0.007078307033909895,0.0026014303461495514,0.5635964738036049,2.310327416475175,1.4303819273044012,-1.6450462435815132
0.012000008255536506,-0.004825576091574494,-0.007068555578131874,0.0026918589958297066,0.5750209798687619,2.3738518977454226,1.407911293224638,-1.691467478268167
0.012043260030382967,-0.004869372199293016,-0.007063144829325471,0.0027754362810624715,0.5859910901535336,2.4340895057734,1.3888702288819677,-1.734322547632172
0.012158980563512523,-0.005006520273407677,-0.0070595025853971245,0.0030241218138622006,0.6197757001092387,2.6202763681509853,1.3362721596461198,-1.8620554956878086
0.01211271203196421,-0.004967517403771266,-0.0070756612780433275,0.0029404795927729615,0.6114304902520248,2.562807049500598,1.3649704601691341,-1.8200635386310682
0.01208065697983045,-0.004913460784670215,-0.007062766771195974,0.002854703175763284,0.5971963220591182,2.4932634608856037,1.3735136694778307,-1.77507894937081
0.012205003549527707,-0.005045284418771499,-0.007041990114175433,0.0031076046064047987,0.6276340466421527,2.677203654910482,1.3059156495941389,-1.9034842436470965
0.012266721174980469,-0.005061643508570417,-0.006986315856832348,0.0031791223574015076,0.6251464586189258,2.7086551889610058,1.2517200127937633,-1.9347499061470101
0.012322094387901222,-0.0050979448780775205,-0.006952649181951868,0.003266822582911313,0.6299922763969731,2.761307525913414,1.2081989448045316,-1.9755262797310584
0.012383475372045101,-0.005119040485469287,-0.006897639589979041,0.003340721535313332,0.6273356540347351,2.7940548218202914,1.1532724693507215,-2.0063234777608283
0.012430674381989438,-0.005155438357488495,-0.006870067434460677,0.0034206813276897413,0.6317103752203225,2.8428571976817114,1.1143209241046241,-2.0426995471746654
0.012666256967423491,-0.005262387297139591,-0.006655309524486533,0.003717726105224367,0.6213730709957103,2.9687790387128055,0.8913152857341992,-2.1548026507238913
0.012633309438828899,-0.005221525965897937,-0.006668354878669084,0.0036445642872880196,0.6159766541118338,2.9202488132971616,0.9218591809847642,-2.122396067332986
0.012489471641079926,-0.005145180149783434,-0.006790788578620833,0.0034517550041198897,0.618899840573247,2.831324765307411,1.0542098906372048,-2.047947087590136
0.012596919430294064,-0.005166744921566773,-0.006674695927572159,0.0035522077131167136,0.6075128431587274,2.8543984862237717,0.9529501621489384,-2.0795101231639106
0.01254506493145081,-0.005137743413919077,-0.0067174531019921465,0.0034817198545071476,0.6080584749992871,2.8211693384009378,0.9995415589335244,-2.0520694490892284
0.013721226338647044,-0.006366077033777975,-0.005541849109298619,0.005671410828338514,0.540917227459872,3.6590582867540493,-0.6479950678327747,-2.5648903232042435
0.013698644309906478,-0.006334946867293772,-0.005576250892525743,0.005623490652384537,0.5448932688397808,3.6545061350272414,-0.601342058801526,-2.566911011789975
0.013564058889496959,-0.006158070762896905,-0.005767627935671858,0.005344445463007886,0.5672614085129242,3.6118351702696434,-0.3377131672150428,-2.563258631325112
0.013581159748772992,-0.006184759079703208,-0.005745789245537535,0.005387701218832321,0.5652783667692277,3.6248590740144153,-0.3744781754634061,-2.5680100109351653
0.013651212523842831,-0.006294918844114172,-0.005650882630733518,0.00556485428576606,0.5557309970307212,3.6712246080532047,-0.5301051627518739,-2.5812626499326874
0.013635438572395147,-0.006266602908266395,-0.0056723341527697485,0.005519195315485986,0.5576283071511523,3.6577117424467462,-0.490976616421505,-2.5773588260776887
0.013616291901842855,-0.006239631261461,-0.005699250666430616,0.0054762359556653215,0.5606497953037272,3.6493468732670187,-0.45138660078363296,-2.5758381127007373
0.013596787722682144,-0.006212710688352686,-0.005726209084814973,0.005433158262605359,0.5636343903083807,3.640581103659652,-0.41183685648021323,-2.5738596692384923
0.01368525032639961,-0.006295782783760475,-0.005592830730071156,0.0055595018966550875,0.5454192271451036,3.6271688611233546,-0.5522815502266569,-2.557233754048282
0.013115258056700142,-0.005635197223915822,-0.00626488802948335,0.004453681599608544,0.609736617981386,3.307993766115581,0.3861250578073914,-2.3978672050447254
0.013137805145893916,-0.005688858447303201,-0.006259899559089135,0.0045413440363723835,0.6145059062670196,3.368520524290509,0.34356328638276246,-2.4325860680875926
0.013139232164842075,-0.005661640369623625,-0.006243282693301605,0.004500739135244477,0.6091421195712668,3.3294063517086565,0.35304997113339465,-2.4114508472983776
0.013151568111466817,-0.005713498272312951,-0.006252030812680538,0.004582918036943557,0.6165028575997105,3.3940356181345614,0.31985670952454787,-2.447423432565624
0.013358878611160419,-0.005972170905651508,-0.006045311197084461,0.00503402730485058,0.6035080789105126,3.5874006648982975,-0.02101322800543749,-2.5577078019033905
0.013329665299875637,-0.005944670175934508,-0.006081545871593159,0.0049857788031568845,0.6076676432152527,3.5771263460821885,0.024073916214900036,-2.552153431629852
0.013183777620990576,-0.005731305832574774,-0.006211940746393919,0.004619220564278472,0.6105141658772927,3.3965483765973192,0.2809180697772995,-2.450978823235817
0.013215999907250578,-0.005761598415088475,-0.006177549506402162,0.004674010704976619,0.6078832380266351,3.415415399701828,0.23609492490081904,-2.4630408739452636
0.013311067119071353,-0.005905555943632775,-0.006094733214704352,0.004919843055636447,0.6066290647603384,3.53910871918282,0.06669645893730687,-2.5321841203089535
0.013291490993556651,-0.005871325449847385,-0.006110868306811973,0.004861862377331363,0.6064918799696333,3.508177356163344,0.10586937437324724,-2.515534711124402
0.013262794840920024,-0.005838357030016268,-0.006141279276842813,0.004804251096737715,0.6088311680358808,3.4862018706166538,0.15169754907269697,-2.502968641893735
0.013241539502636124,-0.005796388884296226,-0.006154793564690463,0.0047339015526611,0.6072617293384215,3.444464307867802,0.19450004125723588,-2.4798967119841873
0.013544612457746408,-0.006131304799029846,-0.005792832915072202,0.005301095815581531,0.5699293411266239,3.600686195730995,-0.29955666583543866,-2.5592814096907124
0.01352570085884442,-0.006104241674107778,-0.0058165031186484485,0.00525702057718248,0.5721509169762732,3.587709043627615,-0.26187687466324855,-2.554115869248322
0.013476120841131834,-0.00608333851554476,-0.005892501101547712,0.005223434873884898,0.5844717129475754,3.6162036153488093,-0.2057491136892096,-2.5702719272711856
0.013506806051013683,-0.006083195589302289,-0.005841472269394666,0.005222738300537151,0.5751740776086528,3.5817777142357334,-0.22974452679751414,-2.5521518207149074
0.013450739617096285,-0.006055543281047313,-0.00592532004210007,0.005177065964566035,0.5881274413611136,3.6068478402029234,-0.1625475558131206,-2.5664941554401075
0.013432085212546602,-0.0060230705565184625,-0.005944674759739996,0.005122837932624611,0.58915119485681,3.5829158632299003,-0.12172506835352297,-2.55501828859219
0.013414288077626691,-0.005996518629165188,-0.00596413391181191,0.005078368909986066,0.5905397718595314,3.565203902828855,-0.08676061425713398,-2.5463665400425977
0.013397458835106166,-0.0059682288942171,-0.005980831596425311,0.00503108514153646,0.5912007160330934,3.543718655058228,-0.051871741644271045,-2.5355632230399188
0.01431653149050016,-0.007200930296578161,-0.004369098622696588,0.006737568868289465,0.40324490734386026,3.2952223745558222,-1.8423346154437545,-2.138798705341926
0.014309544491825433,-0.007177975933004042,-0.004391843183643167,0.0067066193105331075,0.40494703742789895,3.301655312207345,-1.8119420913022142,-2.1512633477974923
0.014297908332611143,-0.007155048697761976,-0.004421867578508661,0.006679906631109621,0.40779597756888275,3.315140666779786,-1.7826293163717968,-2.167202229526538
0.01429442198968016,-0.007126220738186102,-0.00444078572153304,0.006635699978675766,0.4085747477791916,3.313119138355791,-1.743177570928397,-2.177156525911213
0.014286366537132987,-0.007099648365451303,-0.004465708674940202,0.006599295491258385,0.4104640013032599,3.318452939650084,-1.7080130572248076,-2.189789868534728
0.014275601530738258,-0.007078681091856373,-0.004492311323430518,0.006574316772687871,0.4131049974770721,3.329263398467335,-1.6810084270466685,-2.2030667775295534
0.014277409636424945,-0.0070502727232707,-0.004500907718138217,0.00652602201466621,0.4126796013015558,3.3166878161672178,-1.6417657375580428,-2.2065233495405114
0.0141929911832333,-0.006974979855462066,-0.004668871407720625,0.006470720368921853,0.4332129728258927,3.422968860225231,-1.5471183365695362,-2.2886052331948363
0.014221707635896178,-0.0069797301008392865,-0.004619215278245242,0.006455724221103117,0.4258416996586462,3.378543021259866,-1.5519439113722369,-2.263274878904999
0.014264357833476462,-0.007016472010467393,-0.004535434824187042,0.006481565471654828,0.4156262843684964,3.325273500365158,-1.597673953018802,-2.22263275039953
0.014252557799668827,-0.006984045385640558,-0.004566690386916734,0.006437986123151085,0.41823427842689304,3.331260250731304,-1.55526334364074,-2.2365567801439052
0.014070725764799553,-0.006856238383963969,-0.004911399187252864,0.006358702082335652,0.46386000189458926,3.5595669227174533,-1.3818543528563787,-2.3994348553396283
0.014098797052761236,-0.006858976604511534,-0.00486240028548281,0.0063439738604742805,0.45622905861092616,3.5151146723653603,-1.3876230144212391,-2.374696786367758
0.014042039028014439,-0.006812534384981414,-0.004970542170453388,0.0063021538330275476,0.4708030669423266,3.5780872615791353,-1.3188261497213183,-2.422365117849724
0.01405865805249012,-0.006832778527673348,-0.004937532015491366,0.006326278434497415,0.46653796545663156,3.5643486029593077,-1.3483985613936564,-2.4090392629871684
0.013968546108369376,-0.006646328022726198,-0.005121340660467912,0.0060580102808558195,0.4857914014248543,3.5699904582996527,-1.0850087983947336,-2.461551257819069
0.01404784601822047,-0.006789385856652265,-0.0049649745230068345,0.006258371394194174,0.46848754941834303,3.552884690670625,-1.288230257542099,-2.4153148119169696
0.014036689519506436,-0.006767945064327829,-0.004988074353561877,0.0062284412620064395,0.4709995750147798,3.5559135127774657,-1.2578899210883794,-2.4228949829859054
0.01402679285509158,-0.0067424308700375305,-0.005009331441260575,0.006190575329313248,0.47276357037780065,3.5533759044071878,-1.222463058921211,-2.428370709987757
0.014007821948501722,-0.00672462933482104,-0.005044677555961656,0.00617113600825628,0.477688392722465,3.570233335320382,-1.19544747273117,-2.442242535844738
0.01398610151561812,-0.006672361342874972,-0.005088592405979334,0.006093384045948378,0.48187076304627796,3.5638728820279755,-1.1226745526630066,-2.451950489878374
0.014000557332674708,-0.0066983630057828245,-0.005060695547735162,0.006130064150554171,0.4787038714587492,3.5616578010377644,-1.1595281201048884,-2.44429753463243
0.01417785416572433,-0.00694822735900307,-0.004703068746695178,0.006437545280167769,0.4367919727025753,3.4349770887750064,-1.5110518690751125,-2.303793315189568
0.01412947707858071,-0.006865627730065719,-0.0048084686093189674,0.006333765703883471,0.44806461700959405,3.46936781853163,-1.3985050991547878,-2.3479782431220264
0.014168033980778719,-0.006917032406774927,-0.004729147224270047,0.0063924797948545055,0.4387295186583497,3.4352982976888202,-1.468765554167758,-2.313867481768145
0.014151543542429477,-0.00689137195741737,-0.004764304741693529,0.006361437793383916,0.44275668367122506,3.4482341678466004,-1.4339880896777146,-2.3287626502451393
0.013930524872197625,-0.006592771096800297,-0.005190415100697948,0.0059849464278878455,0.4940474009184512,3.5825525474587008,-1.0067863047703935,-2.480686896968908
0.013914727804190194,-0.006564981272841005,-0.005218676455606045,0.005944587052292477,0.49716285090999063,3.5816493854726166,-0.9674209156111929,-2.4861874740801135
0.013897906329078084,-0.006538806940226088,-0.0052481250014742515,0.005907168097059074,0.5005690886459071,3.5828383080904156,-0.9297171256612868,-2.4922834025025504
0.013879053828039412,-0.006512831501411025,-0.005280548231646386,0.005870624284347195,0.5044793694992559,3.5862535321936013,-0.8915607374810284,-2.4993826106524994
0.013869918089428316,-0.006482374456773707,-0.005295779915846638,0.005822265170869656,0.5052862831422863,3.570700746140488,-0.8522359099394629,-2.49659783384657
0.013765271091334819,-0.006399957387496685,-0.0054699763071545835,0.005717350823025733,0.530283161929892,3.6351168595244547,-0.7093993744347323,-2.5465130242860123
0.013756414606200501,-0.0063698119303596925,-0.005481962609784462,0.005668291734448862,0.5305855645247801,3.614822021778308,-0.671508892432848,-2.540088385049558
0.013797779067353985,-0.006408363252466018,-0.005415082670922228,0.0057216782153782985,0.5214260103791847,3.5985431671551296,-0.7351972546593678,-2.525032164780655
0.013858043047956339,-0.006449863203704141,-0.005315031561746759,0.005771548077356114,0.5068804208712615,3.5560699603397916,-0.8097859805404183,-2.494420438558364
0.013828872811904903,-0.006423768934216114,-0.005363245980884514,0.00573763467289999,0.5135122053318694,3.570988066537938,-0.7673043518512519,-2.5072170808713516
0.01398218724218383,-0.006620164478242068,-0.0051003012490609045,0.006006265196807098,0.4806213028224317,3.5277839721252104,-1.0563520414030956,-2.4443213729222895
0.013965560948185587,-0.0065921894415267,-0.005130611619578317,0.005967058524936972,0.48406263178805825,3.5295384229274602,-1.0171701007473677,-2.451527278526409
0.014555237252593507,-0.007690997111003458,-0.0036656487814309023,0.007232080766869551,0.3464755404888134,2.883695855697221,-2.4020166260655507,-1.7030724930859495
0.014565790260276988,-0.007704214927685752,-0.003638999554979329,0.007237616869645163,0.344225352195564,2.863355797912796,-2.4118868568686285,-1.6865326349606293
0.014575499508523021,-0.0077197794834278875,-0.003611562217961633,0.007247484283190837,0.34216532911870395,2.8434412987077473,-2.425236399630508,-1.6687807295209385
0.014540625777839959,-0.007649563551206208,-0.0037214969576528797,0.007189700905173489,0.3499146842847764,2.9183321488731035,-2.3570011051368316,-1.7421358306737502
0.014554202884586285,-0.007670746165484402,-0.0036840336795683284,0.0072035704657393215,0.346822097467873,2.8914173008365696,-2.375874636547874,-1.7182085646736769
0.014602344094345007,-0.007736821171732996,-0.003558117816794419,0.007236376169480673,0.33674467149100945,2.7972712944233136,-2.427596447694802,-1.6389515796883845
0.014597425859664217,-0.007720942275402665,-0.003578844326552906,0.007220108334797251,0.33782120935052656,2.8101459729924625,-2.4108039747775085,-1.653818344823623
0.014655273515185797,-0.00786052747767696,-0.0033718893776594244,0.007337688008860333,0.325556749687739,2.668725433715399,-2.541902934701177,-1.5093264668070634
0.014649453794864568,-0.007836765539371106,-0.0034021260196133614,0.0073130379031910026,0.3267179162217339,2.6879638962994865,-2.5173203312091545,-1.5322354513048475
0.014639653472979658,-0.007821547491557045,-0.0034297837310843142,0.0073054905835440165,0.32886320249617484,2.7088281150739126,-2.5062537288940847,-1.550303613243821
0.014616225301633175,-0.007750206142513246,-0.003526665939660259,0.007236942921568803,0.33404559421461033,2.7718461304692057,-2.4344414469862126,-1.6201895066459209
0.014636800245090212,-0.007803669254161136,-0.003450067962026361,0.00728445789422931,0.329320336590253,2.720648933097257,-2.4861129882521564,-1.5663312525372317
0.014624179247871126,-0.007786781832787932,-0.0034830330601340457,0.0072779902340962465,0.3321972282956894,2.745972862462978,-2.4747342415321913,-1.5872011211356793
0.014629488429981151,-0.007767488005472916,-0.0034927099254380917,0.00724359113161629,0.33109151779097384,2.745910518763085,-2.446347830170894,-1.5989026797099002
0.014663858528944772,-0.007884898490107145,-0.003336985570151789,0.007358951767909777,0.3236064318112399,2.6447569949945104,-2.564641045071518,-1.4839615465562115
0.014664147223257784,-0.007910036956404621,-0.003312328014351274,0.00739277113106209,0.3234532504606935,2.6316345193910826,-2.595127441034741,-1.46208578190282
0.014661904072212057,-0.007933851496099386,-0.003291972270333445,0.007428336668375225,0.3236633894044805,2.6222870711722925,-2.626086278191299,-1.4422397397481583
0.01465896196171769,-0.00795427057071665,-0.003275570931001604,0.007460279499478111,0.32411945623033583,2.6152803004247516,-2.653583010233693,-1.4253114281729735
0.014706100190268565,-0.008052299267129442,-0.0031118747682004,0.007519609118528301,0.31492246483811376,2.4913587141118296,-2.7259460558333424,-1.3096530118812548
0.01471272396037508,-0.008067785481098426,-0.0030868438566339835,0.0075295040065222205,0.31366587726478207,2.472469259981444,-2.7373909084181878,-1.2915253554826842
0.014806455312531596,-0.008324920100602533,-0.0026806279897816083,0.007692495883445158,0.29754633909479217,2.1620130484165023,-2.9153905196082834,-0.9866379333258456
0.01471849881433591,-0.008084573002306092,-0.0030614237834192654,0.007542171800472375,0.31258790059921354,2.453731066562968,-2.7509404650273215,-1.2724201282615706
0.014740950623672333,-0.008160147480606094,-0.002950054132423045,0.007602300441398792,0.3085002042343425,2.3718558534114176,-2.8129331861864357,-1.1864395123061284
0.014738139835202328,-0.008142688949683785,-0.0029730314663436517,0.007585031942062204,0.3090043343383185,2.388000578564377,-2.7965608560338278,-1.2055606397822738
0.014724056289457936,-0.008104728869659539,-0.0030324994282394523,0.00755924701908507,0.311574440263562,2.4328274463342816,-2.768287733465737,-1.2499288595030187
0.014733498348297066,-0.00812500985191848,-0.0029983838114601845,0.007570170977880669,0.3098575870621984,2.406483496735986,-2.7815830520267713,-1.2255146240709038
0.01480382031018772,-0.008308572943725808,-0.002703216957067562,0.007678175977021849,0.29789353482510345,2.1787303072687183,-2.9020358975247436,-1.0055697012888285
0.014785887541400852,-0.008261309273156806,-0.002779881781274338,0.007652574816741969,0.3008183039308152,2.2385888703243495,-2.8734932208692165,-1.0629133243105142
0.014793144067263847,-0.008276319840980113,-0.0027537763231778515,0.007658358702995798,0.2996011005638097,2.217789044531855,-2.881086904241435,-1.0442551897721204
0.014799391698906159,-0.008292199246776377,-0.0027277789177483597,0.007666594747350724,0.298576220618837,2.1974369214087877,-2.8904323834011034,-1.0249441736256097
0.014758726234414044,-0.008166301953355078,-0.002921269350116732,0.0075819201411596844,0.30533647823564114,2.3446043950937683,-2.8014792809068187,-1.1731747881462837
0.014760079258108228,-0.0081849598394236,-0.0028986236474149887,0.007602571881707157,0.3051124770596642,2.329202551718641,-2.8202467133308,-1.1532558226119722
0.014779684021432737,-0.008244373320745148,-0.002806950357366208,0.007642620684530297,0.30186810123983093,2.259562417487109,-2.8625651165962283,-1.0832945797660793
0.014769915522856558,-0.008224682514026143,-0.0028413752533179024,0.007634872332933808,0.3034872293275135,2.2869004954673238,-2.852300762218182,-1.1077355375674272
0.014764772582586768,-0.008203210167093463,-0.0028721995577436587,0.007617259563815153,0.3043307177096868,2.3096518459766213,-2.834941205836101,-1.1323394625247813
0.014670615473881982,-0.007964665175780752,-0.003249391584893368,0.007457144500665094,0.3217814613893999,2.59303981745692,-2.6556104189061327,-1.4097672662458083
0.014673840663100757,-0.007978991895089707,-0.003230535955806153,0.0074715649210396725,0.32116682913490807,2.580315306067338,-2.6698783859188286,-1.394894290267854
0.014679891959774425,-0.008032465735372616,-0.003167072593994887,0.007533460694609499,0.31988779504574477,2.539766999676569,-2.7278136854244375,-1.3412363978851949
0.014678292795164423,-0.007994855736712717,-0.0032083596454659208,0.0074860910346441515,0.3202451916886917,2.564820458700676,-2.684744470948541,-1.3778418853221164
0.014681536527997455,-0.008012028552748863,-0.0031862980657298107,0.007504003892196146,0.3195858100721766,2.5500474554221206,-2.702107859479962,-1.3600316729490765
0.014701318797463768,-0.008036200603710646,-0.0031350741933095006,0.007505945234589822,0.3158335529420117,2.508011980507316,-2.711820491081266,-1.3274508906767386
0.014716897971862925,-0.008040827733210971,-0.0031100201913163037,0.007488447747276092,0.31312066299359764,2.4841171272639246,-2.702376147847438,-1.315781709262304
0.01483270391144362,-0.008453454538938596,-0.0024927899284205826,0.007790129967303827,0.29411829407838924,2.0186520545661453,-3.007905378568688,-0.8325447219643763
0.01482532426325799,-0.00843993491342343,-0.0025178292662938525,0.007788220686989882,0.29534845574703555,2.0392792549576484,-3.0040425546240677,-0.8499745654956318
0.014824853109589078,-0.008422090387953367,-0.002540807684185913,0.007769734469061615,0.29515865013137693,2.056106889389255,-2.9880252840288657,-0.8710492245327829
0.014826957080312333,-0.008383171344581967,-0.0025868451523877504,0.0077236698818614795,0.29444221997558356,2.088336700855588,-2.949087554936607,-0.9154445705442086
0.014828690235399492,-0.008401173900044325,-0.002562714350103804,0.00774050131018906,0.2942915422195444,2.070531077770287,-2.964122583053633,-0.89441894373053
0.01482469384361524,-0.008366106921525025,-0.002610248783911208,0.007708583885622054,0.2946611691819649,2.1057618703064063,-2.9353210440379924,-0.935425211092442
0.014824414580568853,-0.00834828162933892,-0.0026322158321410286,0.007689207795704298,0.29456693194746686,2.1213654945807856,-2.9184483346643124,-0.9555985897796951
0.01482438219477827,-0.008330080637432624,-0.002654169283735214,0.007668870219417774,0.29450032338171234,2.1367454574931926,-2.900829379768522,-0.9758871281471159
0.014839620843775814,-0.008371802876671202,-0.002586833765220893,0.007690107273521556,0.29225608993445923,2.083898355344509,-2.9241779489508515,-0.9252656312753681
0.014857007524788426,-0.008473650183457509,-0.002441508152083147,0.007769984299926745,0.2901765310097187,1.9734668812100546,-2.9979199189968786,-0.8041390900873048
0.014852412500574447,-0.008456777415306184,-0.0024676909384978712,0.007760104458043634,0.29077822920743296,1.9940372712919856,-2.988147504640898,-0.8248311256418569
0.014896872730611877,-0.008594912923012257,-0.0022444143393324707,0.00782301025362664,0.2850590841240442,1.8156708238247925,-3.053433670476251,-0.6531464213672878
0.01487228216693749,-0.00847806409115378,-0.0024200476445625013,0.007748573794275947,0.28767496114541896,1.9530634162227574,-2.9841910663430693,-0.7962266814114612
0.014879982005216442,-0.008490522332755764,-0.0023963368690758245,0.007748298295281242,0.2865546393525608,1.9333943934191573,-2.9861876653901542,-0.7803151612901958
0.014883125384306342,-0.008566804722983365,-0.0022947798197969996,0.00781955228457548,0.28694148009579495,1.8571780596329297,-3.047000483523918,-0.6888034297138139
0.014898662207947543,-0.008576163079676218,-0.002267308053298558,0.00780172010418887,0.28446569515295983,1.832435617577399,-3.036196786366629,-0.6757438005586569
0.014886581964935168,-0.008546627484659858,-0.0023176691847178192,0.007793586114008458,0.2860787062213391,1.8733336217112828,-3.02618088932155,-0.7127479929886321
0.014886407633701188,-0.008507496433863842,-0.002368192432984299,0.007754629210882107,0.2856370421937285,1.9108385341556018,-2.9933714706220376,-0.7593323387166101
0.014888146032813855,-0.008526901907018497,-0.00234158587078349,0.007771203092490408,0.2855593003418757,1.8906828038804038,-3.0078164754449745,-0.7361096154398554
0.014911589891156811,-0.008601641444910421,-0.002221429853996614,0.0078038038082692465,0.282799807797534,1.7946317772535285,-3.041241374696936,-0.64363027836519
0.01491691046529571,-0.008616510674805795,-0.0021967753367469448,0.007808642893681093,0.2820086064365666,1.7747156221651499,-3.046565297753174,-0.6251283705826468
0.01491461799701952,-0.00865608569979077,-0.0021462228598040337,0.007849668345598608,0.28308543500068933,1.7368448034600072,-3.079706764963458,-0.5766757154202322
0.014913985117965043,-0.00863839483749909,-0.002170482294126134,0.00783432876025124,0.2828862582225869,1.7554828304244443,-3.0669710808300157,-0.5985694321226663
0.01491756381747132,-0.00867206308387083,-0.0021220064283419865,0.007859165162941072,0.2828715246276239,1.7176508149363607,-3.0881571113405752,-0.5566860415612974
0.014922113264912537,-0.008687480048111791,-0.0020970167802609996,0.007865130235187494,0.2823706150336252,1.6974794401923814,-3.094032424237773,-0.5373162801879062
0.014930141181674277,-0.008662191635180044,-0.002123758376082539,0.00782791401624563,0.28069506864393967,1.716119095983429,-3.0655218026398,-0.5683852850461194
0.014936618978849224,-0.008836440557495853,-0.0018777275432092892,0.007967297087466114,0.2831673026371999,1.5241337208150911,-3.1780985798999186,-0.34751814257735975
0.014914851193813234,-0.008731866401519477,-0.0020427903733116494,0.007917862482593518,0.2845297133524625,1.6573322413543419,-3.1350863583404,-0.4814669558979467
0.014927119301200695,-0.008806901836642653,-0.0019274166263759545,0.007960249432862119,0.28408570347758966,1.564939331391914,-3.171056828792112,-0.38529987573279123
0.014936555772793562,-0.00881944089905061,-0.001901856660088755,0.00795344004950875,0.2827462727040326,1.5430945836650343,-3.167277289758652,-0.369625333598957
0.014916598972302273,-0.008747673557310947,-0.0020193591894241193,0.00792862309894047,0.28451582810476256,1.6387965073791995,-3.1440626675043624,-0.46129566849402276
0.014916456287639688,-0.00876306478588297,-0.0019980577815146157,0.007942293547390325,0.28495689699682153,1.6222478360780819,-3.1549439715329926,-0.4415263457585147
0.0149235725781494,-0.00877714460001163,-0.001972243536397718,0.007941506685605379,0.28397031260417854,1.6006842307150373,-3.155650566739105,-0.42361970551769007
0.014926353018059653,-0.008793030872344515,-0.0019475988184149953,0.007949968526770525,0.28389144882115436,1.580894115069672,-3.162833725796799,-0.4032414799380768
0.014926502513904842,-0.008703463017155676,-0.002071363426188957,0.007871708356439926,0.28194875274486514,1.6768008552731708,-3.100322476009183,-0.5172240296287364
0.01493063158054394,-0.008720057755561306,-0.0020450569805146313,0.00787910351287383,0.28156396685243507,1.6556426032754576,-3.1071645311025793,-0.49634299234790774
0.014948926556619543,-0.008868692507644396,-0.001821882461942974,0.00797065125200924,0.2818048451854836,1.4779471670337248,-3.182514964464391,-0.3065400606793735
0.01494661516953089,-0.008850094977037976,-0.0018502216314458596,0.007960035619863902,0.28171251496897426,1.5006709316962668,-3.1739882575463336,-0.3305702322112447
0.014962621557348177,-0.008928736032897186,-0.0017249738594156965,0.007991755902163592,0.2809597128259181,1.3990044282870076,-3.2002520999030746,-0.22943523436914615
0.014966186407126889,-0.00887415545224084,-0.0018004968829753952,0.007943269055538734,0.27896515386787696,1.4580846615789163,-3.16391116929097,-0.3011697272987935
0.01496764274397903,-0.008890597484106958,-0.0017759497866898025,0.007953390695357943,0.27908090939313185,1.4385001488233806,-3.1718421151796536,-0.2799945316682097
0.014967504212364771,-0.008908408394383798,-0.0017505665442884226,0.007967321361343973,0.2795505274841114,1.4184741971661892,-3.182407286839107,-0.25675489217169645
0.014979439086036129,-0.009039717564535296,-0.001550315571571031,0.00803974588069607,0.28116113477097476,1.257242425627834,-3.236630033542739,-0.08498616481136202
0.014987551725386582,-0.009054429832552169,-0.001523033063354214,0.008034351230212613,0.28011011244340084,1.2343109600863975,-3.2330673961011773,-0.06717179647170224
0.014980458069725,-0.009022507833924442,-0.00157507198514103,0.008026054443377265,0.28042244014732437,1.276933746181384,-3.2268897525105795,-0.10823843217711039
0.014987771893498165,-0.009003453674163315,-0.001597994359116473,0.007999136284516766,0.2786097550866172,1.294220807238066,-3.2078897224885874,-0.13504005607704442
0.014988308856452007,-0.008985663394505499,-0.0016235794769654443,0.00798561902954996,0.27802606802439306,1.3145337538344046,-3.1980777060947947,-0.15863296881099417
0.014984132570901025,-0.00895211523925679,-0.0016752291224991615,0.007969225894137207,0.2778760090576194,1.3561730613417462,-3.18563112492544,-0.2019605009342422
0.014986655832114129,-0.008968326061757445,-0.001649944766268417,0.007976305899571748,0.2778663659068594,1.3357327901760165,-3.1911020257164577,-0.18113096240690837
0.014982590392070448,-0.00893565017544534,-0.0017000910683918496,0.007959962511717864,0.2777070354677798,1.3761256582664132,-3.17856306673569,-0.22326390011175992
0.0143472931886459,-0.007204002387760144,-0.004317435491895012,0.006712697687777171,0.39601096684381004,3.2456357058372594,-1.8380029188693732,-2.1121597939847034
0.014353132517621301,-0.007232320657079553,-0.004293408177001314,0.006752774884364085,0.3945373225366589,3.241187859246733,-1.8755646364833984,-2.0984612957933417
0.014363170707197656,-0.00728027414719251,-0.004251263001532699,0.006820164856166106,0.39194296346576696,3.231638248052637,-1.9393334431603486,-2.0734917589926396
0.014367436571442297,-0.007255143085460736,-0.004258173939666448,0.006775277609090266,0.3910852029533696,3.2214018667241207,-1.9027208455469755,-2.078975730355621
0.01438716009674519,-0.007290432530529441,-0.00420699240887057,0.0068117290584691756,0.38635814236574934,3.1936380962381397,-1.9449058381760522,-2.0500614575495724
0.014406979514468048,-0.007302025604169922,-0.0041688082310345626,0.006809588350807751,0.3817519613795097,3.1628143393798065,-1.9535642331099645,-2.0296219091667993
0.01442913717279713,-0.007349230955831587,-0.00410588293311295,0.006860660122128674,0.3766049111550845,3.130099974266599,-2.0095993658254514,-1.992737597073599
0.014415028859410315,-0.007322735509352903,-0.004143997734273715,0.006833930009618356,0.37988684493200897,3.1513867900442456,-1.9789517262110088,-2.0149615844582436
0.014532504228255,-0.007586157827998605,-0.003783729272441413,0.007105268111580343,0.35225249783131907,2.9460661162958863,-2.277522979113179,-1.7894735581660173
0.014539903050907205,-0.007609857334557738,-0.0037542664951306847,0.007131471889044673,0.3505967286299043,2.929435020506688,-2.3044595932678145,-1.769159770010733
0.01455447948516055,-0.007630580896166574,-0.00371622336546366,0.007143871216491252,0.3473386595072894,2.902019450426994,-2.322480504852573,-1.745488925736568
0.014526617968149148,-0.007562843050239635,-0.003810288467206047,0.0070775184327720115,0.3536706797400306,2.959814670006448,-2.249932987343536,-1.8081017506673815
0.014517951901033783,-0.007542639653798622,-0.003838429715393051,0.007057607577797985,0.3557206304957909,2.9768136502787312,-2.2280541132161216,-1.8264295093193135
0.01451084890480798,-0.007497499658790083,-0.0038818695032346966,0.006997731029011238,0.35768860668531177,2.994467773225148,-2.171518511814744,-1.85749422773514
0.014522127839190307,-0.007519219485991754,-0.0038492511633577793,0.007017230751947114,0.3550770945441632,2.974064223170214,-2.1942843345239065,-1.8370837598933982
0.014513251200746603,-0.00747200676649374,-0.0038960778761671783,0.006956263072229326,0.357383391955763,2.993628659516084,-2.136163103085392,-1.8695309353030969
0.014477823865020537,-0.007401521862230604,-0.003997326085669322,0.006888772981950809,0.36556010462893535,3.053269312743897,-2.0592071782618793,-1.931372430078054
0.01450416492179295,-0.007444720573672923,-0.003928504266265638,0.00692526529914485,0.35954226514671994,3.0100694398522734,-2.1044186377347294,-1.8903780627225297
0.014492656364402117,-0.007421226272911037,-0.003961713618096086,0.006902443164583358,0.3621724399697763,3.029385330501413,-2.078656099247183,-1.9106772025367775
0.014464397954698643,-0.007347488834841176,-0.004051918456901269,0.006820013870466469,0.3688525735806519,3.0744413325876043,-1.9925319705885929,-1.965884168000452
0.0144824639995632,-0.007374242772164676,-0.004007531536201265,0.006841699964883271,0.364780906903277,3.0465788980086,-2.020574113670366,-1.9403337663562685
0.014943272334665861,-0.010751038364750519,0.0012517159936010656,0.008238644084105257,0.33635038840897596,-0.9580650535539288,-2.996315206337941,2.1932064524289725
0.01494088843417703,-0.01076656472721855,0.0012776221543477752,0.008234666527897845,0.335522417927234,-0.9770019364054902,-2.9866006670392706,2.212407620779888
0.014955910054595197,-0.010760916670520607,0.0012603422964439052,0.008208486946874512,0.3289657639616317,-0.9674481858554785,-2.9742284484288297,2.188707120265274
0.014945607421372955,-0.010735504747544684,0.0012257906155139183,0.008242541419182415,0.3378466996317055,-0.9390029336278891,-3.005947340122308,2.1740057931143837
0.014958282674315872,-0.01074533999555371,0.0012345432825260144,0.00821239622307428,0.32806048395523496,-0.9486601823023316,-2.9838275848758857,2.1696362839189898
0.014950131067195255,-0.010704416366638627,0.0011740216035724725,0.008250074551602843,0.334938555410969,-0.9010307952808537,-3.0247891979229724,2.1355450832056087
0.014965011195772473,-0.010698585852174302,0.0011571352549988095,0.008223810834010817,0.3272800302228353,-0.8918436373779467,-3.0120896740302006,2.112205432313679
0.01494789367259786,-0.010719964030119582,0.0011998940616820978,0.008246351313394445,0.337362992163942,-0.9199764995330743,-3.0154469890812394,2.1548096339944394
0.0149605526962406,-0.010729749588810037,0.001208746683656361,0.008216328011454334,0.32737745462811635,-0.929771350924744,-2.9933890172613427,2.1505461721300576
0.014962777916905373,-0.010714165954630366,0.0011829525651417454,0.0082201653751945,0.327275253641016,-0.9108176728285704,-3.0028354413772984,2.1314157269153244
0.01498028046955068,-0.010692793218354856,0.0011403348034207715,0.008197495165078823,0.3253759124806233,-0.8757525763831896,-3.0009871975020617,2.082887108752128
0.014938455742167744,-0.010782083680081914,0.0013034777175870479,0.008230613641130551,0.33659511107761064,-0.9957382945539761,-2.9768112983597574,2.2315319531787194
0.014953450801100906,-0.010776457615984896,0.0012861076229881956,0.008204580589242437,0.32951343734241534,-0.9861463465646064,-2.964572469553246,2.207723558013413
0.014935974281465732,-0.010797595068132212,0.001329293446780804,0.00822648382458316,0.3387530147814519,-1.014346328432437,-2.966913579111226,2.250523241058659
0.014950958958484598,-0.010791969816906279,0.0013118236889503511,0.008200573504689175,0.32961499508942854,-1.0047989452384123,-2.95478631787233,2.2266591442963866
0.01493344407547077,-0.010813098735826325,0.001355101336691409,0.008222271956408421,0.34050220007573273,-1.0329627982979517,-2.956872832252026,2.2694031054513375
0.014948466433670406,-0.010807483475437541,0.0013375172154829597,0.008196391809292285,0.32957514005889704,-1.0234396877797154,-2.9448166122213864,2.2455241772572907
0.014930865148160088,-0.010828594527293183,0.001380928825762728,0.008217973447413828,0.34072535351308436,-1.051670151237715,-2.946679999408865,2.288246306907338
0.014945962426120998,-0.010823023646946537,0.0013632275210160338,0.008192042127692376,0.32977390226055037,-1.0420611654109566,-2.934666816633358,2.264342769533106
0.014928237524093783,-0.010844082286340592,0.001406778535262398,0.008213587742524451,0.3393271042152987,-1.0704268347122738,-2.936355867446926,2.3071189681481417
0.014943402753213935,-0.010838592013221111,0.0013889785447957752,0.008187604690617372,0.33042527060537785,-1.0606262248957539,-2.9243932623967535,2.2831362009824283
0.014925561228420123,-0.010859561856462018,0.0014326175871426621,0.00820912037285372,0.33791832058485105,-1.0890911104959478,-2.925939966077498,2.326022055233907
0.014940740802471333,-0.010854163882980794,0.0014147607828573253,0.008183178400970886,0.3313648678188507,-1.0790985156394746,-2.914068742452505,2.301913136003432
0.014922836286880738,-0.010875033080843397,0.0014584091613942002,0.00820457773754318,0.3383388051845359,-1.107557799678855,-2.915450916521467,2.3448862493950546
0.014937976761879914,-0.010869711404417587,0.0014405371870732783,0.008178777102299804,0.3320834458691571,-1.0974770260570947,-2.9037041316884498,2.320650625712698
0.014920062725815754,-0.01089049580236992,0.0014841613121220967,0.008199958491364323,0.3399052489417698,-1.1258657300616532,-2.9048589795431474,2.3636435235779003
0.014935162430207698,-0.010885230851610757,0.001466274810021229,0.008174307063116655,0.33235244413050186,-1.115794550635746,-2.89323484006248,2.3393064491942206
0.01491724057216887,-0.010905949863632839,0.0015099067986654449,0.008195256831951594,0.3407368893805216,-1.1441070158842896,-2.894131306563294,2.382291029162766
0.014932331425908635,-0.01090073369789933,0.001491968502916251,0.008169701028626212,0.33253377673734225,-1.1340696634614267,-2.8826206699121903,2.357870143404286
0.014914369853492293,-0.010921395106936287,0.0015356482914296043,0.00819047233430398,0.3409205500056475,-1.1622935734729256,-2.883278443202741,2.400858543213358
0.014929466040704822,-0.010916221939269957,0.001517629243178613,0.008164991631488719,0.33290779466524434,-1.15228690885625,-2.8718884128271074,2.3763655270014805
0.006151814686095794,-0.006785830710864326,-0.005324225359462888,-0.00637443000067743,0.2886559411650356,-2.7292459324360245,-0.0024513053107284364,3.900883034296673
0.0061574646479853655,-0.006800793525181948,-0.005331931767757251,-0.006404104875751104,0.29869995644981046,-2.742411623637956,-0.014206629718311903,3.9306205229258424
0.006166014506518974,-0.006746231424712558,-0.005355717406531642,-0.006310806216639135,0.27679997768547077,-2.71340739223579,0.042947540862937846,3.869475036621878
0.0061559812194691066,-0.006758417789009521,-0.005336173747157281,-0.006327934913210612,0.2811677826117091,-2.7136210743638434,0.02274588996460197,3.8702960656667496
0.006145953379565541,-0.006770603406679121,-0.005316521782289662,-0.006344932278020352,0.28544794116883115,-2.7136261548055547,0.0025118710836921697,3.8708268307756186
0.00614171576102624,-0.006797923862135205,-0.005304156224697959,-0.006391114794320976,0.2932791999869328,-2.7288342350992756,-0.022989463909875083,3.9007686768972607
0.006147433031857422,-0.006812880963004881,-0.0053117860478668726,-0.0064208240334424115,0.3030990951160939,-2.7419745392098167,-0.03496397177187226,3.9304320153045467
0.006117566743455817,-0.006849331498161108,-0.005251034359519148,-0.006470602331876779,0.31671864102695513,-2.739635057393054,-0.09724193473537711,3.9287931774579428
0.006101797217519412,-0.006846669493120797,-0.005223514489768442,-0.006457369906253829,0.3107514341824083,-2.7256247607783384,-0.10523603556110704,3.898549765487075
0.006137439443456894,-0.006824999850860255,-0.005291567540161401,-0.006437496798236714,0.30902306087598125,-2.7413387010906747,-0.05576722990614457,3.930098652883739
0.00613165393411506,-0.006810052920395773,-0.005284034951100268,-0.006407741210197964,0.2974158551816645,-2.728258839502473,-0.043529898966802656,3.900444485341513
0.00612748398129326,-0.006837150069184488,-0.005271314008705792,-0.006454091984283708,0.313791660598494,-2.7405469131900606,-0.07653536325998847,3.9295779212765107
0.006111727266416949,-0.00683445281595525,-0.005243763621465217,-0.006440930108433592,0.30603990955003635,-2.726684778665192,-0.08468004428620257,3.8994217903637813
0.006121665423742653,-0.006822238162967693,-0.005263915987879849,-0.006424364228435136,0.30150639076927876,-2.7275504882117656,-0.06409827042776589,3.9000141017117733
0.006085689757717296,-0.006843776307197996,-0.005196046287453099,-0.0064441422366761135,0.31111642243308263,-2.7091224186298746,-0.11944475149545142,3.8676358897072887
0.0060756440093598955,-0.0068559977327948725,-0.00517557297357251,-0.006460240636570312,0.3153612938829578,-2.7076356485633504,-0.13982697545898493,3.8660830111078526
0.0060396165473467316,-0.0069478920549970475,-0.0050867928237320805,-0.006600499675763263,0.34978784677089453,-2.7261402816823264,-0.2630516570952824,3.91527470140931
0.006023765949646734,-0.006945596094072832,-0.005059715632574554,-0.006586733308268769,0.345053353018904,-2.7112739963112364,-0.2695048250752971,3.884385620936589
0.0060492245102820915,-0.006935465283302503,-0.005107473659920986,-0.006584509916732974,0.34728990244704533,-2.728291168491672,-0.24247968284263885,3.9177189684822564
0.006033399540407022,-0.006933174038394559,-0.005080377723785736,-0.006570877994898039,0.3405145259581517,-2.713683221529289,-0.24905841821519523,3.8869204757994233
0.0060588714669512125,-0.0069230687550761415,-0.005128110843487601,-0.006568450059131301,0.3441850680526086,-2.7303230423964346,-0.221866981206945,3.919882787782513
0.006043032868895189,-0.006920754099135663,-0.005100934783932864,-0.006554888964623968,0.3359066432648108,-2.715903903629051,-0.22855117223322194,3.8891671730743433
0.006068557322679483,-0.00691070259202147,-0.005148714029605446,-0.006552312471099328,0.3401274133315266,-2.732265716451607,-0.20117050988944918,3.921799569897912
0.006052686405911888,-0.006908330008787115,-0.00512142034799559,-0.006538769372111318,0.3314609256848721,-2.7179314471088056,-0.20799383667987978,3.891156564966766
0.00606238493879608,-0.006895912324834458,-0.005141871207793212,-0.006522551004459746,0.3272440556952268,-2.7197734995014726,-0.1874127943152131,3.892935724234239
0.005886042985397647,-0.007109065773734625,-0.004760444889783201,-0.006774486294516889,0.39611061590075797,-2.648196242851622,-0.543194469709868,3.801847737245414
0.005894811724483868,-0.007096096192277843,-0.004781129038676155,-0.006759092160717148,0.39243127849761134,-2.652325858380694,-0.5234650323610827,3.8062450982254283
0.005903755109911987,-0.007083003105929127,-0.004802053239060262,-0.006743476747911592,0.3883975922398611,-2.6563725395339968,-0.5034691969886981,3.8105508380327175
0.005913042118482116,-0.00706998015692586,-0.004823409125612729,-0.0067280760652807655,0.3842877661462698,-2.6605877887715774,-0.4832845578229827,3.8152716375269686
0.00600757700709155,-0.006943022964028356,-0.005032740571818985,-0.006572869236991136,0.3444289533992914,-2.6941297383510125,-0.2816557648880828,3.8524366036806446
0.005997792535658852,-0.006955438863090981,-0.005011813223926222,-0.006588339163126061,0.34849819654391906,-2.6912772337197333,-0.30191548060316387,3.8491625945813452
0.005988041866048909,-0.006968006955265335,-0.004990790415868877,-0.006603948126643988,0.3526492240269176,-2.688321957960674,-0.3222676126855044,3.845821689039234
0.005978405945481234,-0.006980728370680654,-0.004969804684152306,-0.0066197472560465195,0.35683400308993424,-2.685337712123538,-0.3426517009355399,3.8425530556734793
0.005922523671369476,-0.007057199546202012,-0.0048448821992292624,-0.006713070633490991,0.38033656120276854,-2.6648884345676156,-0.4631658046754103,3.8202922895214537
0.005931869979562333,-0.0070445314140089735,-0.004865984267563178,-0.0066980191634565265,0.37657917497299703,-2.668892811768545,-0.44320033126079955,3.8248796870474666
0.00594110126483165,-0.00703184481877428,-0.004886801877817686,-0.006682718658386973,0.3728299090287028,-2.6725668027161156,-0.4232595289701793,3.828946822985664
0.005950326755568814,-0.007019114401694444,-0.004907524107847221,-0.006667201192212508,0.3689736211927985,-2.6760045010920432,-0.40325963895279154,3.8326656885341523
0.005959594447352873,-0.007006344930943061,-0.004928226894878222,-0.006651507417258474,0.36502682583220164,-2.6792526880211063,-0.38317035340298194,3.8361238249970957
0.005968934774325029,-0.006993536969688133,-0.004948959189398042,-0.006635656416203181,0.36098022279740705,-2.6823396077127657,-0.3629711619488201,3.839372258785108
0.006065657497532345,-0.006868337666211821,-0.005155066501089875,-0.006476437896500423,0.31968122424805673,-2.7060597247639664,-0.16024932917889034,3.8644774916402516
0.006055807974535835,-0.006880805169290832,-0.005134655153594188,-0.006492792580287021,0.3240106828884745,-2.7044668678776635,-0.18065334051681212,3.862958211492048
0.005857536552290147,-0.007175105618816321,-0.004679885487224583,-0.0068626442111009425,0.4157119968659932,-2.6414763271543626,-0.6336527073415835,3.806424250369666
0.005864596707708679,-0.007189583730102231,-0.004683989211154305,-0.0068921909558909795,0.4241270306461919,-2.6512194464485406,-0.6516005191186346,3.8315804181670727
0.005838292905748425,-0.00722868369512679,-0.0046187597769114545,-0.006936073459993366,0.4388097636333841,-2.6338440364700437,-0.7119100302661007,3.8118988475535613
0.00584701988289354,-0.007215622843988553,-0.004640525712725707,-0.006921529783164679,0.4352491957474048,-2.639771155484786,-0.691912867868926,3.8186103811587793
0.005830985968361002,-0.0072143951359854115,-0.004614842242797589,-0.006906668877582068,0.4254075640086677,-2.624812416096241,-0.6931989554121811,3.7872072374505916
0.00585578784627266,-0.007202589478660921,-0.004662278741043201,-0.006906895635066877,0.42976217656586685,-2.6455917929977577,-0.6717826817589087,3.82515041078731
0.005839749085362657,-0.007201243455618354,-0.004636513227627262,-0.006891983921008892,0.42207218201801416,-2.630496198784406,-0.6733380619709252,3.793704739047628
0.005848605753494263,-0.007188132945427933,-0.004658210333325876,-0.006877292735839118,0.41903415308304487,-2.636050076893016,-0.6534783068098503,3.800116165297524
0.005877178596537437,-0.007121916029091538,-0.004739554086988185,-0.006789478658065131,0.3996912359224527,-2.6437158852916753,-0.5628217165084205,3.7968676397366714
0.005868217560770817,-0.007134716079236925,-0.004718431775316453,-0.006804180527353207,0.4032429803618622,-2.6389096167631796,-0.5824076464143803,3.7913619098213744
0.00585936411028174,-0.007147528399290726,-0.004697383692889494,-0.006818840715930044,0.4067997643143119,-2.6340166385597255,-0.6019022131085493,3.785790309023469
0.0058504002488268024,-0.007160341488490495,-0.004676060883299606,-0.006833280276577145,0.4102649076352663,-2.6288097482609882,-0.6214180005307016,3.779727619668256
-0.005786796627480345,-0.007307618648521539,0.004487199728100017,-0.00702190108435612,0.45907712655637783,-2.595705393607449,0.8304572160519955,3.766905740576371
-0.005779219023062561,-0.007293510078794631,0.004483972205100199,-0.006992738731286713,0.44624021229004834,-2.587139386388308,0.8107854983505529,3.7441833812084586
-0.005795275864055084,-0.007294395642263587,0.0045092355514243275,-0.007007770711470775,0.4556405271123934,-2.6025598174950635,0.8108383555339134,3.7747151623545143
-0.0057877161183481135,-0.0072802256067378765,0.004505873206632298,-0.006978495100820686,0.4429623834441115,-2.59373113868283,0.7912881727520276,3.7518065183723017
-0.005803796605215207,-0.007281199332500348,0.00453123731508626,-0.0069935643920478975,0.45169482547007817,-2.6093069422982094,0.7911101390157574,3.782356184516431
-0.005796273008906659,-0.007266961294415103,0.004527760093899818,-0.006964187908242078,0.4397428247029817,-2.600168522232673,0.7717402328352828,3.7592661341595135
-0.005812358765846113,-0.007268029851185397,0.004553201754312798,-0.00697928414091421,0.44750334773406236,-2.6159182949360598,0.7712924213722215,3.789848905852788
-0.005820962260321794,-0.00725488733011826,0.004575127559209253,-0.006964930794436314,0.44292874489944295,-2.6223534506523425,0.7514116513439402,3.7971961646352757
-0.0058048906296778,-0.007253732999613432,0.004549624942858612,-0.006949841619368499,0.4365807652540083,-2.6064590334846005,0.7521637928843927,3.7665690295611944
-0.005838292905748428,-0.00722868369512679,0.004618802435081544,-0.0069360451365673694,0.43573720756667905,-2.6345456166835266,0.7116292166861334,3.8114190675759363
-0.005829607002505161,-0.007241771900939664,0.004597001365283084,-0.006950513191675556,0.4385744108172973,-2.628566320670571,0.731511658828443,3.8043962020937765
-0.005822313021790965,-0.007227432594364597,0.0045932734962377915,-0.00692110663187252,0.4300336216158877,-2.6186567976318913,0.7129541829744427,3.780758687166115
-0.005813574191868596,-0.0072405555222085334,0.004571468189165724,-0.006935482468121465,0.4334393072854013,-2.6126205690482185,0.7325729983920065,3.7737382354337394
-0.005847019882893541,-0.007215622843988552,0.004640537517537291,-0.006921522243603301,0.43400714760055253,-2.640353552226604,0.6917293335631157,3.8181987585182395
-0.005831070110796936,-0.007214337532617462,0.004615000021924501,-0.0069066437501985045,0.4261680460477361,-2.624538943665137,0.693253033425555,3.7875442700762925
-0.005855787846272661,-0.0072025894786609205,0.004662241876740667,-0.006906920926390363,0.43114582626283343,-2.6460734106664843,0.6717246240607548,3.824707167415403
-0.005839824536108688,-0.007201235922933479,0.004636632620351418,-0.006892026477691584,0.4222015209328638,-2.6302370023669783,0.6734324936934022,3.7940417343975867
-0.005882336769500144,-0.007163655606209029,0.004727177153975882,-0.006862641561015299,0.4173426808037621,-2.6625135057431204,0.6111532403134446,3.84319821319329
-0.0058734463785158,-0.0071766057290885464,0.00470558363013082,-0.006877465739008344,0.421393928600777,-2.6572120774478107,0.6313748418715853,3.8371690610856706
-0.0058663652866548,-0.007162051868232661,0.004701318302683854,-0.006847733823516849,0.4118953951984418,-2.6463395205468903,0.6137046116129569,3.8124614995238093
-0.0058645967077086796,-0.00718958373010223,0.004683931216561603,-0.006892230508844442,0.42640184084473814,-2.65171405616221,0.6515861740164414,3.83100545331811
-0.005857452376913604,-0.007175062596973776,0.004679776090365178,-0.006862509922125447,0.4153165234597321,-2.641119960609253,0.6336148644549809,3.806456361994728
-0.005848605402298508,-0.007188131689320139,0.004658210946463488,-0.006877285535558962,0.4186140428051239,-2.635755791477067,0.6535306934385409,3.800316141655965
-0.006153079396658159,-0.006715233722299724,0.005336939315301609,-0.006250545433454341,0.2654840896912025,-2.6827442489411335,-0.0544281628269308,3.8073816709955053
-0.00614303554944638,-0.006727670742748022,0.0053177338325857216,-0.00626805115625145,0.26988161386984083,-2.6832563578751736,-0.03461856697131493,3.8087071113712363
-0.0061341659075202,-0.0067402938357055235,0.005300433372675137,-0.00628627256317891,0.27429841395308463,-2.6845996398802736,-0.015786077298486027,3.8117901265001746
-0.006123518190349313,-0.006752222350527619,0.005280004075575068,-0.0063023663019872505,0.278429614652519,-2.6838983486117844,0.004312151439077066,3.810937085468472
-0.006112510983730965,-0.006763754818843868,0.0052589101428868875,-0.00631746467422624,0.2824386518928543,-2.68245409923793,0.024418478761363927,3.8087252498418054
-0.005964167835846036,-0.007048380318743569,0.004919330034237968,-0.006726236013675086,0.3820884810050443,-2.701882280903597,0.42818635968598356,3.888723531321902
-0.005957793823318243,-0.00703390524604203,0.0049141248373030895,-0.006696974445614983,0.373264753155113,-2.6904029546849313,0.4124766792799752,3.862323761179784
-0.005954915005069573,-0.00706107377027107,0.004898220873700309,-0.006741623202596897,0.3827043047331457,-2.6983807373558384,0.44848682909943255,3.8843103625623923
-0.005948447816702718,-0.007046562556868342,0.004893025332975345,-0.006712295041247159,0.3784029472402535,-2.6866406985551112,0.43277438162850784,3.858178053446942
-0.005945702090780216,-0.007073796236880271,0.0048769747403566285,-0.006757008411830775,0.38932670614392495,-2.6945469884605053,0.46895901786857447,3.879769719015171
-0.005939065172029991,-0.007059213757845568,0.004871777407275527,-0.00672743518841488,0.38232909036171175,-2.682680082739877,0.45294274323218525,3.8536309369955704
-0.0059513315585708534,-0.007019327113248357,0.004909137396687132,-0.006668217758797183,0.36902567897276106,-2.677138537184826,0.4026858958780797,3.834724376550923
-0.0059883419581323585,-0.006968329501024236,0.004991189601334329,-0.006604684133206165,0.35291416813219684,-2.688788162521563,0.3223423853064756,3.8467098168215146
-0.005978986758533803,-0.006980950842161662,0.004970712479193832,-0.006620489324828205,0.35697944377840857,-2.68602619993783,0.3424061862388435,3.8438413127215934
-0.005969684522217848,-0.006993670788856896,0.004950182411997622,-0.0066363589276319706,0.361087094805801,-2.6831578812656645,0.36250452632564517,3.8408765341731788
-0.005960466653412037,-0.007006493164545835,0.0049296477328572294,-0.006652320314010877,0.365163646643558,-2.6802125251348916,0.3826228707272588,3.8378720666391186
-0.006079752418612924,-0.006827975709025574,0.005189264528816462,-0.006413498844976794,0.3048185578091159,-2.6947926437857617,0.11022990654227237,3.837830975643565
-0.006089756935425746,-0.006816113762309351,0.0052092806642381,-0.0063978742350744916,0.30076954919270377,-2.6961311366248997,0.09050767605095957,3.8393239123311447
-0.006102094001701819,-0.0067759124834105185,0.0052386407889278295,-0.006333786769645953,0.2866316151052952,-2.681667173653676,0.04445088135054481,3.8079500160628856
-0.006092475720321085,-0.0067885757251100265,0.005219555086264164,-0.0063512336362603955,0.2909943958971684,-2.681630359511297,0.06416935980177678,3.8087836564639335
-0.006083569563359007,-0.006801001585537299,0.0052016305146685565,-0.0063684912068735665,0.29525389705530086,-2.6818321802941156,0.08307094386673818,3.810171792561071
-0.006069476492395194,-0.006839936694585075,0.005168653095254641,-0.006429021171994772,0.3088867467162802,-2.6930780673180372,0.13027053577429862,3.835723799446271
-0.005981133042937579,-0.00695322952681731,0.004984053249189254,-0.006574495154799823,0.3461222406509195,-2.674918088776824,0.3119571892627437,3.8171809656222435
-0.00605899239942233,-0.006852102411088914,0.005147533556203932,-0.006444647730250337,0.3129449879107236,-2.691088525537047,0.15066720700339928,3.8332193935258823
-0.006048601598348917,-0.006864554322368773,0.005126401496648377,-0.006460676170687005,0.31710878922349695,-2.689130007803741,0.17121805616793193,3.83092206481405
-0.005990299124147038,-0.006940482668082181,0.005003938562758647,-0.006558231365792283,0.3420097966795113,-2.6771128547131546,0.2921571854495277,3.819122408876201
-0.005999685864473689,-0.006927706604437961,0.0050240977057714855,-0.00654191602148401,0.33787631129400614,-2.6792861041657576,0.27215852579049443,3.821124534935904
-0.006038573114128928,-0.006877237046215269,0.005105726866245195,-0.006477155887096819,0.3213354647445867,-2.6874004101955085,0.1916662647854601,3.82920937708759
-0.006028750658280706,-0.006889863973902006,0.005085310078418397,-0.006493512172725312,0.325524461273299,-2.6856063413546285,0.2118885101219594,3.8274762022323583
-0.0060189969529783035,-0.006902425837560781,0.0050649187907851395,-0.00650965667808302,0.3296562936828009,-2.683625373859501,0.23198834350703249,3.8254836151395764
-0.006009285968616298,-0.006915015043621028,0.005044483598170202,-0.006525734996648152,0.3337608361599412,-2.681485054465075,0.2520719959971252,3.823297918981418
-0.005936529182831808,-0.007086547594687285,0.004855669335527275,-0.006772335125485262,0.3963772881382596,-2.6904189904660716,0.48946813187636473,3.8751664290007537
-0.0059297756422620794,-0.007071961567011005,0.004850543278517271,-0.006742648289997926,0.3853040196381809,-2.678632548945154,0.4731399935016758,3.8490228644109057
-0.0059273963698165885,-0.007099327720783185,0.004834366800926239,-0.006787558520674131,0.3999358895030014,-2.6861456176714196,0.5098542021704106,3.8703815008254403
-0.005920607558802822,-0.007084786027502645,0.0048293688216906544,-0.006757929897971922,0.3888410236057936,-2.6745045572606414,0.4933940880095286,3.8444249830569857
-0.00591830373358797,-0.007112136501017045,0.004813037366086548,-0.006802699904958521,0.40256576335455857,-2.6817656105691796,0.5301468812444265,3.865359999872243
-0.005911493825447138,-0.007097609443254899,0.004808179081184112,-0.006773109798940832,0.3929648574201284,-2.670215682902971,0.5135987197043783,3.8396399278753903
-0.005909251363970854,-0.007124973809367006,0.004791650633882626,-0.006817781015621377,0.40596110009427755,-2.6772342908968887,0.5504167462063946,3.8601206035099924
-0.005902400432154942,-0.00711043004740632,0.004786924593057865,-0.006788159551861911,0.39700661285403216,-2.665744336214971,0.5337161228817292,3.8345978916385604
-0.00590023935268864,-0.007137839516247013,0.004770206451330014,-0.006832802033346901,0.4099000699601154,-2.6725179790589357,0.5706811859412705,3.854683132297778
-0.005893334529969529,-0.007123277827680853,0.0047656050612158345,-0.006803131370491887,0.40081011130261673,-2.6611111904932723,0.5537738004853424,3.829339230085725
-0.005891267790960423,-0.007150733491861328,0.004748714819689896,-0.006847755904360951,0.4137364116989683,-2.667611857233321,0.590927353447513,3.8490445266241498
-0.005884307861366562,-0.00713616586173137,0.004744232268879506,-0.006818054855015143,0.4045190792614352,-2.65633269289663,0.5737934265507577,3.8239008947524202
-0.00587532004410711,-0.007149090624274601,0.004722806277719823,-0.006832924215892807,0.40824084671429267,-2.6514102288464447,0.5937712167409525,3.81828062899667
-0.0056336864604488515,-0.00756375163943979,0.0040603595943971525,-0.00727705540945318,0.5129862637974529,-2.4387120737907844,1.1887357812141426,3.5832704068973364
-0.005626054401169322,-0.007577480671187591,0.004037495191734621,-0.007289765867620088,0.5144811629907198,-2.4291563333078363,1.2066754377515818,3.5718551610189686
-0.005617745893051529,-0.007563835448514651,0.004036825630208463,-0.007261574701385737,0.5048230806006297,-2.4241719685099485,1.1845594255758678,3.5537083678321006
-0.005641361619124994,-0.007550046640288171,0.004083181507035384,-0.007264274517580829,0.5113623779930563,-2.448138002436463,1.170702124874715,3.594469464406966
-0.005625421057858119,-0.007550114074987968,0.0040595624674534736,-0.007248848724610706,0.5021128095106618,-2.433666899028417,1.166675996669923,3.5648533966490032
-0.005633120523377122,-0.007536395605201408,0.0040822508092725135,-0.007236005227337554,0.49936122402564637,-2.4430265440156433,1.1486547208012878,3.575811102920022
-0.005649079802306203,-0.007536365807734405,0.0041059687766656005,-0.007251418787347061,0.5094884006946641,-2.457480391263249,1.1525457016002179,3.605469724389819
-0.005640847727124919,-0.007522685694584954,0.0041048886761929256,-0.007223056532550222,0.4966992432178135,-2.452235022188971,1.1305215648950524,3.58657975292043
-0.005656840934593226,-0.007522709275725809,0.0041287334692906505,-0.007238481350116653,0.506617000980547,-2.4667516045477536,1.1342516536384704,3.6162952544186893
-0.005648628014598069,-0.007508995563439522,0.004127501376499213,-0.007210041396542857,0.4942651224338866,-2.4613001183823737,1.112319700718836,3.5972038096435797
-0.0056646449400784196,-0.007509077178150166,0.004151471956397233,-0.007225464217441638,0.5028571995957314,-2.4759096120038286,1.115841817902094,3.626981832376632
-0.005656483374595407,-0.007495337886203755,0.00415011173740577,-0.00719699564590463,0.4918478838964511,-2.4702387509866717,1.0940730753618657,3.6077184308867003
-0.005672491742345133,-0.007495469648830561,0.004174158434847738,-0.007212382177151593,0.4996726787314944,-2.4848947363655074,1.0973669330866234,3.637542513160389
-0.0056883134290081185,-0.007468328829897483,0.004219341049700085,-0.007186043304147859,0.4967740025454022,-2.5024066472023256,1.0602373977502433,3.6581069937788615
-0.005680236643267811,-0.007454496870388269,0.004217618174460297,-0.007157341380248952,0.48283363963059983,-2.496183057625363,1.0387197726322075,3.6380830170901484
-0.0056962881580212045,-0.007454795807560529,0.0042418877852719115,-0.0071727569150006115,0.49413395228439577,-2.511068342829985,1.0414788586407464,3.668058689187736
-0.005680381264467138,-0.007481886821520237,0.004196775934131837,-0.007199245073559725,0.49797560340350494,-2.4937038315493942,1.078846772152908,3.6479358585060404
-0.005672316494110013,-0.007468104316712785,0.004195200921631329,-0.007170692096145791,0.48593412794588414,-2.487701672070792,1.0573063633360282,3.628208744550662
-0.005664393992880409,-0.007481713125516334,0.004172694444261024,-0.007183900039734581,0.4890798157971093,-2.479047306677193,1.0757534461632698,3.6180803224088245
0.008625437285386648,-0.004932440281774965,-0.007717765134796031,-0.0020851845999432217,-0.031293011105977035,-0.7015228711499901,2.273296708958132,1.3723883689538108
0.008579243690680319,-0.004924452452588197,-0.007673479133219962,-0.002138285769146008,-0.03722220517362775,-0.745698615233472,2.2427520682792927,1.4107478386590175
0.008538669980969867,-0.0049152432623414035,-0.007631614664101114,-0.002182050350098982,-0.04165686866342814,-0.7836269993422933,2.2134375096082013,1.4425880535312865
0.008451929432295521,-0.004958621473183377,-0.0076054125758168315,-0.002325031143160475,-0.05651969857360344,-0.8671147988845317,2.1993043179297262,1.540440640414612
0.00847527004810128,-0.0049357788179598796,-0.0076012460971539185,-0.002277214931362386,-0.05141879717513522,-0.8438449155098408,2.1944116343595024,1.5083646319177062
0.008501951289877168,-0.004914146976885855,-0.007600772588507898,-0.0022266079746083725,-0.04616518389360451,-0.8177119217356517,2.1921649573810864,1.4742649211339087
0.008415313910621948,-0.004949541782211116,-0.007564570156664444,-0.0023616105458262606,-0.059423988678241065,-0.9000077069352875,2.169962805022205,1.5672504265700715
0.00836990240937408,-0.004952787161103133,-0.007528172532048807,-0.002418451314766144,-0.06416365280500241,-0.9412967889529009,2.1445593830709733,1.6073046352553588
0.00917961869217196,-0.004731400766274941,-0.007835810542164796,-0.001210873444926839,0.08704419804688956,-0.1645136861549861,2.3204545723320398,0.7759125710728405
0.009091551951800739,-0.0047248385759444496,-0.007787095780342005,-0.0013298052916709392,0.06761612416794736,-0.2530588109479474,2.291202336341954,0.8581244677193485
0.009137334100911937,-0.004720426379788386,-0.007804455737109938,-0.0012646399474366072,0.077584723661087,-0.20804753174418608,2.300620701196816,0.8132782437628335
0.009267678436997223,-0.0047022217051356785,-0.007841573982671865,-0.0010748321156546002,0.10718242021277331,-0.07979953949934916,2.3180779046433595,0.6831557623018417
0.009219715757545316,-0.004690336756872196,-0.007808906604696952,-0.0011369903917871316,0.09605700141248635,-0.12943435081576668,2.297837230811918,0.7260774013262098
0.009512012326323146,-0.004589996453296256,-0.007801662229077302,-6.944424176351E-4,0.16042701767059084,0.14637173292675446,2.270130190983256,0.422756304646512
0.009310392922561755,-0.004667312538817842,-0.00782037012937338,-0.001001346246875553,0.11651255896675906,-0.04191838659530862,2.299413872736627,0.6331466995203564
0.009447441839198534,-0.004590838285566357,-0.007784463886297838,-7.845909465016885E-4,0.14537777723754355,0.08237885950939633,2.262669024759313,0.48456611099559393
0.0093868298395336,-0.004614975559254355,-0.007791175139085295,-8.763290481818904E-4,0.13260725873516802,0.026269170719412236,2.272255093339275,0.5475330853944596
0.009339073300520346,-0.004625986632707193,-0.00778650863356854,-9.463152333445029E-4,0.12201803222036896,-0.0194322934789504,2.272450548126716,0.5956353074624701
0.009545210896013671,-0.004533136837479679,-0.007749690331518919,-6.340507970035613E-4,0.16426691502245908,0.1683907235990638,2.229319157847277,0.3802461403472057
0.008669711309979957,-0.004913991233218668,-0.007731136381960645,-0.002013691113724738,-0.022874622713156538,-0.6584952386243162,2.2801338808118228,1.3234769849109
0.008636025073597235,-0.004892465876787493,-0.007683053521330545,-0.002041288416242484,-0.02604837769497396,-0.690727447758136,2.2459233471818494,1.3447705615070689
0.008696892704641506,-0.004882025572596784,-0.0077165994864816035,-0.001954918467163995,-0.01568478985297482,-0.6321963050302225,2.267061700666037,1.2847240658163646
0.008752942009053499,-0.0048563614792464125,-0.007728479359362603,-0.001863478804588168,-0.004416441273871754,-0.5781487547463192,2.2719465621015824,1.2224093929347397
0.008720760666832616,-0.0048578571651390805,-0.007707744782215306,-0.0019066459408309624,-0.009918899538249188,-0.6092387180846378,2.2586054575394683,1.2526357630006288
0.008850958681927647,-0.004837652683554964,-0.007773016542463997,-0.0017207026498155839,0.014417043874214528,-0.48287595969507013,2.2982209013963835,1.1237138830643378
0.008771582219207487,-0.004819730312268421,-0.007702069018684207,-0.0018142243243079498,0.0014491309373123454,-0.5607189978238485,2.2507082527373012,1.1905364762014081
0.008810407405879512,-0.004823275139427601,-0.007731499513992323,-0.0017655580963656682,0.007933097720652328,-0.5230811893860513,2.2700877707761946,1.1561120532429359
0.008884273363666255,-0.004800506490671234,-0.007753750224969699,-0.0016528560428599424,0.022938358562490185,-0.4519261131818559,2.281447033917296,1.0788391573313605
0.008974692885339332,-0.004759936865969599,-0.007763166403826696,-0.0015074270347669534,0.04239515063960641,-0.3655734361353555,2.2819246550503425,0.9798418354580684
0.008923832391962937,-0.004766614121435449,-0.007741178226597685,-0.0015796237557251876,0.032123313783280705,-0.4149580095715012,2.2692451541258456,1.0297284346101045
0.009043135715023864,-0.004716575630074777,-0.007753703485640299,-0.0013915381943001076,0.05757190854259304,-0.3014583519553448,2.270077264250641,0.9012082503537585
0.008996967539875647,-0.004712983063403115,-0.007725413760793395,-0.00145165974072271,0.04835957627983886,-0.3467781132444863,2.252346828742292,0.9431591617322974
0.009586849261914646,-0.004480248960394393,-0.007703918787658128,-5.651530248862428E-4,0.16978182292744173,0.19885177788747865,2.192204784135915,0.3315697574544995
0.010079424923633933,-0.004471355418879853,-0.007738856078378166,1.0996506368517417E-4,0.2774214265668948,0.6739340555383098,2.1740854519368926,-0.1299404810883064
0.010181599028258268,-0.004506765597894098,-0.007769351817984063,2.533983436025738E-4,0.30557609847727246,0.7846233946319039,2.186308473965658,-0.223576420189389
0.010278264177219353,-0.004486951152155952,-0.007737059057572139,3.8442983845156305E-4,0.3221070561901614,0.8692089130945515,2.1527631373824963,-0.31298714902287245
0.010231776079284258,-0.004476085004704317,-0.007731789463329629,3.1934541276173344E-4,0.3103214529206235,0.8209775596110426,2.1537629147221207,-0.27033510074301664
0.010134084583091464,-0.0044586484390828525,-0.0077226861001140614,1.8412214475793618E-4,0.28686956054604584,0.7218493445164099,2.1568887760057103,-0.18101797892189328
0.010383139243201906,-0.0044702233214740554,-0.007701743685534776,5.242989421174166E-4,0.339535425157342,0.9602055591346713,2.1158797795983912,-0.4076374079513015
0.01043703033867791,-0.004430862794193465,-0.007649911278321841,5.881370834098179E-4,0.341337413078739,0.9923736799125767,2.072303508848899,-0.45371399375438454
0.010321858272727103,-0.004440298492815141,-0.007681861732371737,4.3637256970656006E-4,0.32173385912108526,0.8909966254816778,2.1078823572977883,-0.35164237469244347
0.01070500412153829,-0.0043430090443244565,-0.007485698295108749,9.063301219881135E-4,0.3663725246229628,1.1816862881975592,1.9235741688326853,-0.6705974837625225
0.010974440854096153,-0.004417395971668366,-0.00744618889445376,0.001266438546570225,0.41886129379685055,1.4364928425244397,1.8616361419432772,-0.8951851328852821
0.01088682278091168,-0.004360711664896775,-0.00743179365027237,0.0011350335960156612,0.39435073591254755,1.3362957278695617,1.8633315110309263,-0.8167965500496731
0.010792101771423247,-0.004322557126268618,-0.007434043643154449,0.0010052652679027713,0.3732679049007946,1.2414027020066312,1.8766394858980282,-0.7367139403865933
0.011203997958428987,-0.004378883875347056,-0.00728860115998279,0.0015127992095509085,0.4312477964473503,1.5772361910945383,1.7218111353656356,-1.050904334209523
0.011123260965974567,-0.004410778719180497,-0.007363419301079438,0.0014388291368860712,0.43250768479638685,1.5421063156119919,1.7838969684406993,-1.0033114576944335
0.011048636958320979,-0.004361058166808858,-0.00735608319579873,0.0013262856164729245,0.41251243373210983,1.4576972130859371,1.789489379205621,-0.9374405164629948
0.010561783932681751,-0.004412009321168811,-0.007599220016415677,7.468118362336799E-4,0.35931263366457183,1.094521883771334,2.0216631255695554,-0.5603561652250769
0.0106326877831038,-0.004378790918073255,-0.007544794610838411,8.277443158222368E-4,0.3629532217297426,1.1394734466100969,1.9743186753132687,-0.6164774332995617
0.010495479575004851,-0.0043827676458914324,-0.00758744841874832,6.532902236284446E-4,0.3416138196382647,1.0230528040410511,2.0206559572467433,-0.5010857492689934
0.010650518671096888,-0.004313177764779003,-0.007474815338015183,8.29234565381346E-4,0.3516177923631378,1.1221450435708333,1.921983038948928,-0.6225409041088825
0.009761371879021267,-0.004488603055265934,-0.007742855082175099,-3.2862656505464673E-4,0.20922399159002866,0.37058287514289834,2.2062786769569143,0.1691125605133125
0.00986743861707728,-0.004508275948228407,-0.007774229517020244,-1.8391627364081544E-4,0.23558137510773988,0.47949524602997223,2.2198694143809674,0.07141837449165268
0.00981450038254516,-0.004497240273202859,-0.007757996055039862,-2.5635836731509976E-4,0.22210804669580445,0.424638231883725,2.212689862733699,0.12019678322252507
0.009749313246055264,-0.004440496022525614,-0.007691138526752695,-3.387713202339411E-4,0.20188225072897073,0.3471070034329622,2.1691495965197265,0.17447397638725973
0.009901621103999156,-0.004467131784056811,-0.0077330916534742635,-1.3412371184575619E-4,0.23811723946610588,0.5010439159527308,2.186532559613022,0.03549624991017276
0.010020216746607266,-0.004446027439257108,-0.007713803474555344,2.840633032751742E-5,0.26065436221409843,0.6088309091608183,2.161425485924875,-0.0763049741547972
0.009953218369814507,-0.004457755265749023,-0.0077253974620374215,-6.310611743074548E-5,0.24804115107237948,0.5481739094299752,2.176131618996641,-0.01347195437383482
0.009716324792069716,-0.004407229721422763,-0.007652276096893791,-3.7825692125388263E-4,0.19175973135546578,0.3076612490604362,2.142998194250346,0.20074489502182802
0.009646863807743676,-0.004426627083060982,-0.007660595747907264,-4.738547337283153E-4,0.17876161173949584,0.2456396753279286,2.1550695546460656,0.26730876746587334
0.009600505740223635,0.004520921699332719,-0.00774944232254298,5.553295272663522E-4,0.17604374523455138,0.22030360909984334,-2.224688151733059,0.32584219594917085
0.010291490957572801,0.004393690803078891,-0.0076388410290691355,-3.88674640425375E-4,0.3069601803368704,0.8447186653916944,-2.079689261479491,-0.3238022294350041
0.010358073746078467,0.0043894583400589104,-0.007623656428984209,-4.7574802313531453E-4,0.3186176267837996,0.9034294099408406,-2.0616623534350316,-0.38221834677925776
0.009653639872548903,0.004498058108616595,-0.007735985790640317,4.7788775931020995E-4,0.18601179795607078,0.26755316767629195,-2.2104146243256424,0.27188790938186286
0.010152789594695552,0.004393959154955548,-0.0076545087542171176,-2.047080354235322E-4,0.28002567569789055,0.7167741215202535,-2.1051543626364277,-0.19947564094576956
0.010215996293911683,0.004336348771965299,-0.007590379699580709,-2.825268932029026E-4,0.2829401940018826,0.75406556303649,-2.051682698235059,-0.2560163309413302
0.01007222369738149,0.004393233032608145,-0.007658217636208491,-9.738617392488882E-5,0.263699215935769,0.6413741171251185,-2.1155564784374383,-0.12676730016965657
0.010014131505820832,0.00438266861966562,-0.007648537552563585,-1.9821795333959016E-5,0.25044918036125985,0.5834746831401092,-2.1138386048764883,-0.07449903903889207
0.009756571360628628,0.00449786580806259,-0.007751975631925319,3.364224022295378E-4,0.20940033962053825,0.36807420940510727,-2.2134296555810393,0.17506165774126134
0.009704952729701564,0.004479557369394249,-0.007725362140854857,4.045722519528209E-4,0.19555030676725443,0.31340997976445795,-2.198201718652516,0.22100511578106402
0.009962072524356195,0.004414305623303083,-0.007680537085548234,5.005840241362555E-5,0.24390524597274213,0.5438387739712621,-2.1423425390127235,-0.02500685848886369
0.009908729059330854,0.0044563802894999815,-0.0077222446867346575,1.238283871310663E-4,0.23821398705595706,0.5049997490794454,-2.177947497108592,0.027743774299758054
0.00980897946388288,0.004457904702835737,-0.007716233091287858,2.5997054861944744E-4,0.21644816598845965,0.409049060080032,-2.1825040409204317,0.12081807687847397
0.009859842521609917,0.0044369436044049615,-0.0076989619426363065,1.8902922407509505E-4,0.22478674846301155,0.4525594148941388,-2.165190146752756,0.0713261213401638
0.010492262536111624,0.00440202919780013,-0.00760765625109799,-6.538616386839564E-4,0.3452519368040174,1.0288542584305318,-2.035699305962344,-0.4998329782170399
0.01056746305313134,0.004377072081203477,-0.0075626415397698635,-7.442030325049671E-4,0.35240368544370093,1.0829643500352135,-1.994611151652551,-0.5617790500248042
0.010842236798611305,0.004380920867914693,-0.007470207596326716,-0.001089543278280305,0.3936294818922494,1.3125635009242558,-1.8958500794842268,-0.7859493074361091
0.011023182480364628,0.004388608663905116,-0.007394812078330234,-0.0013104028067959471,0.4169828357333751,1.4556890952788029,-1.8194891072215185,-0.9250924820922569
0.010954606434923127,0.004352098735301956,-0.00739322715225419,-0.0012120003597496218,0.40030049953206687,1.3830291802497852,-1.8276233098277805,-0.8661988140286639
0.01089167054798982,0.004342950771296926,-0.007412770754787057,-0.0011331591331880072,0.39094340873366834,1.330059956934161,-1.849239967679597,-0.8170419242711129
0.011086779767305021,0.00433567176102558,-0.007312983776154969,-0.0013569923419575536,0.41016987583609305,1.4693553678061677,-1.7550284748172533,-0.9583241327010447
0.01064421774510865,0.004349298314126936,-0.007512078658765522,-8.328591253209055E-4,0.35848348264877833,1.1347454396050158,-1.9494518846508713,-0.6224734242703905
0.010780130919611955,0.004346079921562808,-0.007461249986602852,-9.997984788907538E-4,0.37720647823457787,1.2440937289739435,-1.8971432217435849,-0.7310068510350528
0.010709863297480735,0.004323244982020643,-0.0074648370040291,-9.054975264614166E-4,0.36221024088692094,1.1757219719091674,-1.9079464331126814,-0.6718690687081811
0.010416515971190412,0.004338877408251929,-0.007561535268546067,-5.416917873752986E-4,0.31949451893447606,0.9342793907948888,-2.010184996013127,-0.43032447494104137
0.007853761748840369,-0.005334572248568855,-0.007372376161169528,-0.003388528068288318,-0.12519681810075475,-1.4651007509735243,2.0517091836477186,2.27928106586625
0.00787696547076037,-0.005323047993776288,-0.007389109958959633,-0.0033511474113481765,-0.12480409146734202,-1.442534150481343,2.0643725402635873,2.2528781988697086
0.007914341208149272,-0.005290068763332008,-0.007400790031119695,-0.003273527435541656,-0.12194662558819673,-1.4017528523742249,2.0718765235951526,2.197800607605085
0.007888796708021662,-0.00529847641533475,-0.007378809627275726,-0.00330960323488846,-0.12224779164845724,-1.4252522864975303,2.0551382378532885,2.2231775235121103
0.007825853865235212,-0.005318264260497529,-0.007322147226644136,-0.003396118009514972,-0.12219335313466538,-1.4820176224620343,2.011338103109019,2.2837782151938666
0.007796015806078852,-0.005324618030815578,-0.007291596654353306,-0.003432727876913523,-0.12162951744126684,-1.5072827014638734,1.9873260484292565,2.308994139084754
0.007920284511699575,-0.0052646253926378565,-0.0073823553856178495,-0.003237494248190397,-0.11903525371857106,-1.3895015757294378,2.0562653963908635,2.172327386542064
0.007931789046555192,-0.0052424461876118085,-0.007373728857487131,-0.0031999180458996595,-0.11658607089983206,-1.3737677207504597,2.048540595203555,2.1459501342925025
0.007930269354854079,-0.005216243345877513,-0.007346201320136694,-0.003171316563775875,-0.11334378935448124,-1.3676166222139041,2.0259772571834826,2.1259337643352203
0.007958393063703939,-0.005204609972512036,-0.007366799871846077,-0.003129304746525462,-0.11242933805817905,-1.3417130918579219,2.041298567171254,2.0967752962594086
0.007997441707376396,-0.005167736841834282,-0.007374090436356943,-0.003047654833663453,-0.10798709743505341,-1.300221324560835,2.045013702447561,2.0401835441754836
0.007965676187251665,-0.005170498468977627,-0.007341573513586302,-0.003083527138931527,-0.10831461824254406,-1.326682363805799,2.0203363551503464,2.0651118697296873
0.007770633157066712,-0.005330737887346456,-0.007265962582939282,-0.003464355782103894,-0.12095375259513587,-1.528759135965621,1.967095412117182,2.330756826573332
0.00762194259615781,-0.005389904876213421,-0.007130601258701872,-0.0036728304539840016,-0.1162152727422816,-1.658060498999023,1.8587819745982557,2.473012524431908
0.007745429498672425,-0.005337599535881508,-0.007240944694911986,-0.0034964030138637026,-0.12029772420414485,-1.5500376281019579,1.9472889695124669,2.3526622883909263
0.007726775930350217,-0.005351379487222684,-0.007230375958592053,-0.0035309177482902585,-0.12034194552699451,-1.5689526177666804,1.9390471025112004,2.376869786874498
0.007703499727749733,-0.005354614382125187,-0.007203805608669636,-0.0035560870761873454,-0.11934216742256709,-1.587025934097092,1.9177416728180632,2.3936350822221395
0.007649627263920676,-0.0053734050855961495,-0.007151786158250489,-0.003627648720525262,-0.1170395317554047,-1.6323121749354996,1.8759258280004192,2.4419630569495463
0.007678472742386726,-0.005362848842372012,-0.007179375606788317,-0.003588876033956686,-0.11810693510615365,-1.6080531600059793,1.8980983805715133,2.4158381358632166
0.008072402746285777,-0.00511984521924685,-0.007407697142880099,-0.0029165966138176348,-0.10106793984224145,-1.2268638787492696,2.0679208758869763,1.9496262976745644
0.008038607827511922,-0.005125369909424259,-0.0073771733250536575,-0.0029584187902034647,-0.10257570020888429,-1.2561311462822482,2.0452666463652687,1.9787537599626859
0.008011072408691327,-0.0051398707322273685,-0.0073616647487701305,-0.0030029409329281227,-0.10440146646327993,-1.2820973790886518,2.0342621628705833,2.0094412351639916
0.008329321604763198,-0.004935627310400563,-0.007474652806967597,-0.002450372650220397,-0.06609980245159369,-0.9748891478097292,2.1054033133276095,1.630981945721223
0.008296219606866705,-0.004946535404737328,-0.007455579928342892,-0.0024980998581011628,-0.0697460534161098,-1.0051005015402794,2.0924675573004534,1.663904475252579
0.00825902925106121,-0.004958061711155953,-0.007432704949938462,-0.0025507066407120687,-0.07379632301714682,-1.0387654071353012,2.0766851988857518,1.700267331911064
0.008086276473983665,-0.005083435621359343,-0.007386242366088487,-0.002863572821902902,-0.096598957302728,-1.2072569492369147,2.0499134431233705,1.9136391552493761
0.008217571752236648,-0.00503060826561632,-0.007465688767931413,-0.0026663204749070167,-0.08456178590155809,-1.086136964027961,2.105289796651372,1.7775344357437872
0.008173495423893812,-0.005052686122446415,-0.007444500964903652,-0.0027373038954584157,-0.08936528033810011,-1.127814553373062,2.0911721771012584,1.8263373613585119
0.008138916039451107,-0.005035080294396145,-0.007392478738856283,-0.0027575755964050195,-0.08912716437271528,-1.153589629981938,2.051857396127777,1.8414435173284704
0.008102290799520477,-0.005044291744551087,-0.0073644406708547605,-0.002806195569774386,-0.09125427875587581,-1.185717117436849,2.0315977212101397,1.8750552760165455
0.008219504961735383,-0.004975023706038898,-0.007412210819694146,-0.00261069114219053,-0.07810686376366101,-1.0750632186900908,2.062862828762007,1.741451390287429
0.006455655295231264,-0.00643339202458227,-0.005871137146032725,-0.005834476428845054,0.1566498787235819,-2.654155437002345,0.5814386964332056,3.7871485354213177
0.006466790186986719,-0.006422407083210035,-0.005889308976580029,-0.005816229830205563,0.1524060442126203,-2.6498555694208985,0.6006511346576967,3.7815820552873887
0.006477901882707714,-0.00641132175751078,-0.005907296149337833,-0.005797676510132139,0.14815178360954787,-2.64526727388384,0.6197671481209904,3.7755631392808646
0.0064890716448012045,-0.0064001324256099815,-0.005925239072570623,-0.005778821527105679,0.14380960417999167,-2.6404232103575613,0.6388887707966839,3.7691701436418907
0.006428240738605119,-0.006439110635373228,-0.005822682564825922,-0.0058404575080471385,0.16086679348759625,-2.646094208012414,0.5430762001235653,3.7655355238116712
0.006439689870715254,-0.006428419795156029,-0.0058415301677606475,-0.005823093328373594,0.15661614477262475,-2.6425761362040414,0.5624420232328223,3.76133122550852
0.006416747230536865,-0.006450023972943818,-0.005803675896796037,-0.005858083221247528,0.16517945516779456,-2.6495763508186783,0.5235040036945336,3.7697628012766593
0.006405365221599878,-0.006461138561201612,-0.005784780649630296,-0.005875958930603018,0.1695349508369903,-2.6530800624944835,0.5039269703017301,3.7741556021632374
0.006361071261719683,-0.006506629760414263,-0.005710319594013205,-0.00594828021578872,0.18714149277261505,-2.666596166788223,0.4259998047957389,3.792019917494988
0.006394130272328165,-0.006472384475922174,-0.005766045744486825,-0.0058939688040642,0.17391501034695897,-2.6565680664757525,0.48441095631764414,3.778648109650723
0.006383028763468141,-0.006483722842238121,-0.005747438807498195,-0.00591204376726152,0.17831015743176823,-2.6600033625388844,0.46494911363824015,3.783165897866579
0.006372024004503762,-0.0064951370809321314,-0.00572889048749186,-0.005930148880641692,0.18271777512659296,-2.6633535609458083,0.44549852591358835,3.7876400695376375
0.0063501304150998085,-0.006518230303942355,-0.005691655138836235,-0.0059664814825854395,0.19158907527083488,-2.66973148087687,0.4063879687057969,3.796299866498557
0.006179603719221618,-0.0067058861989601724,-0.005384729436034816,-0.006245146324836832,0.2617463587501139,-2.6965765041444065,0.08910158427557723,3.834796765954142
0.0061694933946841585,-0.0067180418455171425,-0.005365493337174578,-0.006262417896178803,0.2661269047498571,-2.6971975176641467,0.06920962613829364,3.8361437289979716
0.006159457515967636,-0.006730287093356356,-0.005346258673678473,-0.006279750522615962,0.2705189046317699,-2.6977290536062744,0.049287718852261936,3.8374367258522812
0.006318321135869644,-0.00655376125271346,-0.0056367600792115785,-0.006021904242807809,0.20508142002550153,-2.679111635389564,0.3479587489375288,3.8098656023662723
0.006328625831086356,-0.006541956008653066,-0.005654656223715463,-0.006003542061466441,0.20060211379183632,-2.6760341082318315,0.3671304005353157,3.8052941180516
0.006339231820349023,-0.0065300044609622266,-0.005672953260931341,-0.005984877733175387,0.1960791545632232,-2.6728272502090125,0.386665960498543,3.800616118079582
0.006291460823882319,-0.006560148150154201,-0.005589049497629322,-0.006025723052607027,0.2090458471574622,-2.667500318835669,0.3119710761698736,3.784248826829336
0.006302373779285765,-0.006549605106789209,-0.00560812765524575,-0.006010066355025213,0.20501987544990752,-2.6661273817966435,0.3309808920422446,3.782859699115409
0.0062243467841028854,-0.006628885803477907,-0.0054695470986661915,-0.00612608828342883,0.2346984372824719,-2.674570772817264,0.19223544100719603,3.792440701444153
0.006235204497867222,-0.006617012278421875,-0.005489167894043029,-0.00610885653110435,0.23035129795802098,-2.673388058167714,0.2121557117053319,3.7907589431693967
0.0062462121032812,-0.00660527273710075,-0.005508933957694264,-0.006091777659030017,0.22602316897849786,-2.672196055738557,0.2321213233256175,3.789182950524578
0.0062800251761669776,-0.00657100542796027,-0.005568954376633259,-0.006041655380992584,0.21318938140384833,-2.6685895782783664,0.29214996522579034,3.7851384934142893
0.006257352856204189,-0.006593675737613381,-0.005528819689584344,-0.006074858407831837,0.22171618085186603,-2.670988895918169,0.2521153265496194,3.7877007236727436
0.006268622905386153,-0.00658222874451387,-0.005548822804516017,-0.006058107985692562,0.2174307261501869,-2.6697681517092664,0.27213567746956824,3.7863160616642237
0.006213644644179665,-0.006640856901037574,-0.0054500795965860315,-0.0061434135240018796,0.23905268745957106,-2.6757229418300272,0.17238380044794469,3.7941862604436416
0.006172287027567856,-0.006689229441503113,-0.005373550791536333,-0.006212814178373043,0.2564039125075083,-2.6796531314365697,0.09379569569778869,3.801042560964603
0.006203089708904805,-0.006652885820130204,-0.005430750496359621,-0.006160762198085624,0.24340178026978362,-2.6768122741042544,0.15261327277806913,3.7959307276716614
0.006192678006267654,-0.006664955817483949,-0.005411552649142923,-0.006178106480946396,0.24774177347786622,-2.6778268369743974,0.1329276973254574,3.7976489418383683
0.00618241429729668,-0.006677069237764084,-0.00539249328937954,-0.006195455604433429,0.25207503230482725,-2.6787748869736103,0.11332766896966795,3.7993555913919153
0.006483875594918131,-0.006383839572273268,-0.005912499759812701,-0.005748906429489247,0.1392422511141432,-2.624319021315976,0.6376486417227903,3.7371186438498794
0.00649535446703199,-0.00637227216125149,-0.00593060433214833,-0.005729351907841439,0.13475991402556597,-2.619108272525521,0.6569196086761293,3.730172170916674
0.006490205193932779,-0.006354831312316384,-0.00591751377801726,-0.005697686649101619,0.13111064959390017,-2.6022139305982894,0.6550346328634314,3.697065018253497
0.0064979516746237476,-0.006325527187360566,-0.00592447392830913,-0.005646352386847912,0.12263737597792383,-2.580455631244336,0.6739658991958781,3.658292872574252
0.006485278191632117,-0.006336580755680065,-0.005904657919685151,-0.005664884614377389,0.12695375217907232,-2.584927035742717,0.6540313778973683,3.6634817191283706
0.006493942818942815,-0.006306107345449786,-0.005912759846754698,-0.005611911290295477,0.11826700041962347,-2.562752427052154,0.6740629102811501,3.624265505633136
0.00655593102640229,-0.0062572963166672175,-0.006008338816355188,-0.0055286765748301875,0.09868682538886163,-2.5422530833531423,0.7676730139406369,3.6027863537915397
0.006541340946914889,-0.006267156195747123,-0.0059856132040860864,-0.005545713968033637,0.10291622980241387,-2.5461326658787358,0.7460810221145852,3.605884814584055
0.006510658164969273,-0.006293890462601877,-0.005939025593753872,-0.005591452534797323,0.11324850024344665,-2.558483953773163,0.6991764403449323,3.6205851309963677
0.006525963789613022,-0.006277920820341018,-0.005961646764550628,-0.005564127341618423,0.10749752679193302,-2.550258248716302,0.7231965096012455,3.6093480161537737
0.006578051620130513,-0.006233661408931746,-0.006039871521212833,-0.0054872888656553554,0.09032659652140719,-2.5285320887832228,0.8017645510946617,3.583739627669234
0.006557857771290012,-0.00624019702994763,-0.0060066292204980325,-0.00549880231453229,0.09459690648226705,-2.5284218838631145,0.7734243901955443,3.577637162485457
0.006650687446881228,-0.006169178349411682,-0.006144268875318915,-0.0053715666070391285,0.06626900334953069,-2.4903482687602616,0.9086756602132159,3.5359037330792717
0.006626985921917847,-0.006189649218149193,-0.006110517267631142,-0.0054087965646186014,0.073912192116962,-2.5030196526937125,0.8742849826055396,3.551590741863761
0.0066304426698121114,-0.006172456580329629,-0.00611035946932639,-0.0053787294631037754,0.06992685116758733,-2.489201944766265,0.8805641577558747,3.5270483967491386
0.00660249452602694,-0.00621095651656301,-0.0060751876471273406,-0.00544706650826926,0.08195369398965502,-2.5155353018435473,0.8383173155501568,3.5670450398815094
0.006606098121476678,-0.006194200549920707,-0.00607579365374229,-0.005417772460734904,0.07792259165972006,-2.5022374155431355,0.8452550900391212,3.5434772656903033
0.006581766344359294,-0.0062163767138793385,-0.006040863459888489,-0.005457094650738826,0.08604945432019838,-2.514942753725389,0.8094483829643099,3.5596181177351887
0.006806271263683557,-0.006055470104652648,-0.006363717399110652,-0.005152000158641826,0.02096730774582123,-2.409292098274363,1.1250567710321635,3.4440756114330813
0.0067858302708168755,-0.006058436964952989,-0.006330103126545947,-0.005161356517851359,0.02486854943511022,-2.411306650094421,1.0963244576969355,3.4392641537579203
0.006768534067488283,-0.0060675058671391694,-0.0063047825548631095,-0.005180263404456803,0.02919696345505995,-2.418203747081271,1.072697409729323,3.445105608669362
0.006674247921995374,-0.0061479768741252005,-0.006177000281775776,-0.005332635209876428,0.058502062836880885,-2.476418983720263,0.9424113822817389,3.518112803273255
0.006656768124846453,-0.006154033515585184,-0.0061490841360235735,-0.005344793364768248,0.06232214925835994,-2.4786281787025746,0.9179862785634846,3.5161953236559826
0.0067507065068799724,-0.006080933994007018,-0.006280414572354911,-0.0052065001131402925,0.03437212338342623,-2.4284230197191614,1.0485670524764774,3.457099617855686
0.006723471290993004,-0.006105601665526976,-0.006244534233797962,-0.005253274873752462,0.04300078790563682,-2.446904505965069,1.0114069130747805,3.481097133968706
0.006727479679558151,-0.0060875878491653615,-0.0062435567273665645,-0.005221716844676034,0.03922021108135871,-2.4321256847908557,1.0164179880771975,3.4550815905762238
0.006699049122268735,-0.006126912009946305,-0.00621141340840525,-0.005293372563078834,0.050689540531756234,-2.4621100437325256,0.9774527405089973,3.500359651994413
0.006706139355625588,-0.006111376301157373,-0.006217155536239931,-0.005265654306030994,0.04665913695450327,-2.4498755073615865,0.9873056604034958,3.4801907847913043
0.006677669819260857,-0.006129880866620336,-0.006175727434325256,-0.0053010043807180185,0.05460827488301407,-2.4616580412478695,0.9476725619158426,3.4918675102688144
0.007542408053734276,-0.005451455808362669,-0.007079132647878686,-0.003820483261372264,-0.1134576111937461,-1.7379118590005331,1.8159405162987543,2.57600197995717
0.00751612478799368,-0.005459242953005942,-0.007050076662852,-0.0038518665451618794,-0.11136338621379825,-1.75792798088454,1.7919088133292733,2.596148260284196
0.007550452785590907,-0.005427020768284222,-0.007068581357455556,-0.0037810015707876307,-0.11260135739679906,-1.7211298757845657,1.8078842427112432,2.546278527938673
0.007570612137479854,-0.005415992880835505,-0.007085911592998705,-0.003749946821964782,-0.11370584226499525,-1.7032779861680793,1.8221956066370695,2.5252894044313074
0.007595565690502377,-0.005403797523723958,-0.007108283992583872,-0.003713229893267753,-0.11494664714768464,-1.6816324989893843,1.8405654769446815,2.500537067493658
0.007479264416120435,-0.005509698808688229,-0.007042662584843107,-0.003950212261567088,-0.11026599545836456,-1.8058207882021413,1.7841671522854232,2.6678059628381248
0.007457132494406726,-0.005516437224871104,-0.007017313214514689,-0.003976346392687743,-0.10801763165699348,-1.8223445171475199,1.7628270483305417,2.6842885594833823
0.007435292774413696,-0.005525668329385624,-0.006994254073957789,-0.0040055000787153775,-0.10582351728608329,-1.8397426241728336,1.7432412687557146,2.7031370819223786
0.007389789048841747,-0.005547993546337498,-0.006947896029141182,-0.004069822449711318,-0.10098501052454863,-1.87692129670298,1.7034399960709388,2.7449798478311815
0.007412641541528011,-0.00553601654414062,-0.0069706992919561644,-0.00403655597471187,-0.10340506564712841,-1.857961374430958,1.723101943101333,2.723256586378056
0.007295563871469206,-0.005631342607946357,-0.006876951816141867,-0.00425458120035067,-0.0900740257878389,-1.9731905272034196,1.637833194968366,2.8731601965773517
0.007272603001200643,-0.0056248224125421175,-0.006837626201764141,-0.004259149377305244,-0.08665776506839253,-1.9794926519200324,1.6053473348552298,2.8698591951617693
0.007367998770682557,-0.005562349235319287,-0.00692822907855408,-0.0041055492469054,-0.09871288950008593,-1.8964427406488007,1.686164974557306,2.768859758097234
0.007351119209060319,-0.005577371133786805,-0.00691588638851767,-0.00413878183147776,-0.09675662902855159,-1.9137169831769403,1.6748321957212728,2.791901182347901
0.007309525947778883,-0.005606216064117059,-0.006877888836102385,-0.004208378899512658,-0.0916491923086457,-1.9512028235184296,1.6407662045113651,2.838343899090422
0.007327443942943517,-0.005583207684074311,-0.006886010204080801,-0.00416296753510376,-0.0938201549652422,-1.9288120807522282,1.6494019113513545,2.8054871875161957
0.007481996660282434,-0.005485822804546136,-0.007025938048096015,-0.00391480213340287,-0.10913190526039752,-1.7917959839973143,1.7711496706410272,2.6398082989065235
0.007486733126706981,-0.005459015581730196,-0.00700958916902933,-0.003874195690922506,-0.10808498632348461,-1.775275082036291,1.758626231870492,2.608238372361597
0.0070034159116721985,-0.005854189218318533,-0.006579473098082585,-0.004754181016080224,-0.035986816759609214,-2.2275512392254924,1.3550640984926146,3.193949269643106
0.006982916911250534,-0.005857639288158301,-0.006548350867157966,-0.004767825222498776,-0.03215279042350954,-2.2341838356554367,1.328131889491084,3.1960110329860747
0.006955593124255694,-0.005877188231564134,-0.006515792784063417,-0.0048098531777222035,-0.02582175703435134,-2.253839259811946,1.2968369022882735,3.2196848758949588
0.006964008792284079,-0.00586199176146619,-0.006520335005204709,-0.004782041309861256,-0.028661418715336895,-2.240826694202032,1.303759146634943,3.1991706797198636
0.0070336843886126136,-0.005836584309354678,-0.006617231644698603,-0.004713182812666553,-0.04246719942897031,-2.207577395897909,1.3903333639301734,3.1718365125899717
0.007009216554679763,-0.005833170764875669,-0.006575560799987309,-0.004717852278204422,-0.03844245123256567,-2.210450025321047,1.3557601318702315,3.1643085467139263
0.007117909928593821,-0.005785071349215807,-0.006717492147007987,-0.004591929568282923,-0.05963039962448278,-2.1463646545809065,1.484268190807269,3.1015558666833787
0.00709786396431584,-0.005794676397454082,-0.006692237218896535,-0.004616942961393565,-0.05582065903077399,-2.159462527822788,1.4612374577917728,3.1151460502738457
0.007047044276911519,-0.005813527012099118,-0.006623659538554559,-0.0046703112728196565,-0.04618364099351318,-2.1871444556089177,1.3998974935529882,3.139833409299525
0.007072082124762457,-0.005801459222797657,-0.006655691781650645,-0.004639807789371459,-0.051063285367313645,-2.171744569464962,1.4290466942089004,3.124070453783841
0.007242837076739176,-0.005709579642880169,-0.006857848275793269,-0.00440573074802511,-0.08227493366391257,-2.047173491329692,1.6141609569568958,2.985948867102598
0.007222350236905216,-0.005714592664802928,-0.006829987509307682,-0.0044254403021575925,-0.07891840279726671,-2.0591391731702355,1.5897382404581915,2.995838382182173
0.007177622573344908,-0.00574291536019715,-0.006781480458734052,-0.004494522545849468,-0.07106722704449323,-2.095975213977388,1.5448521960601969,3.0396484201547938
0.00718888315150479,-0.005732224480153721,-0.006791192821470814,-0.004471676027208491,-0.07313430271427573,-2.0843666151010027,1.5544869787131204,3.023889509216272
0.007204532411445319,-0.005721962344033309,-0.006807909523001087,-0.004447004352427154,-0.07591147040225261,-2.0712988369915215,1.5700030612364684,3.0081638796273213
0.007140464287476332,-0.005765048358447316,-0.006739070827989924,-0.004548869227493765,-0.06424250234607361,-2.124676446561002,1.5056151672569669,3.072797485555266
0.007124635981437465,-0.0057689257565215046,-0.006716818303879294,-0.0045629883775029625,-0.06154537072101864,-2.1326242658269057,1.4861198000670433,3.0787298053680323
0.007162443057676692,-0.00574521575724039,-0.00675937786358155,-0.004506236951758003,-0.06848693434200272,-2.1031063241840395,1.525629771562433,3.0440229741522162
0.007146208314683273,-0.005749787148229548,-0.00673721151827701,-0.004521892010485851,-0.06568717416165785,-2.111959329358987,1.5061518546007366,3.0513383148146893
0.007246506382927591,-0.005686022919141626,-0.0068453375420365935,-0.004367322434763312,-0.08289602867824535,-2.030023586013584,1.6058845328590101,2.9538158751404127
0.007250505945275574,-0.00566118165849407,-0.006832364737634254,-0.004327137895385381,-0.08349005040783654,-2.01213620815417,1.597379210091917,2.920527842092554
0.00725274727256768,-0.005635382316383845,-0.006816061183102898,-0.004286964135082997,-0.08372941297983504,-1.994712047130329,1.5862676900589496,2.887044431043657
0.006808493515673436,-0.006036114453110373,-0.0063578813200487845,-0.005118388524631587,0.01768553279416642,-2.393076456652462,1.1258541242972766,3.4145931925503805
0.0068133722512920825,-0.006018010602383239,-0.0063570974118776795,-0.005086516952966327,0.014296114027871176,-2.378078199558314,1.1302884927198011,3.388541045283136
0.00692827861429561,-0.005931565113232184,-0.0065030108790795444,-0.004908915819472211,-0.016124592187265474,-2.300372251415038,1.2742383982451988,3.294540963506256
0.006908789797762974,-0.0059372145980454375,-0.006473860584064464,-0.004924642093346843,-0.01205122350277557,-2.307144708217748,1.2483817049328376,3.2979644285356815
0.006891710723176228,-0.00594502096087252,-0.006449857500020639,-0.004942933122660967,-0.008237342235845666,-2.3150647524654597,1.226399080505978,3.3049008577712082
0.006820330448258702,-0.005997605729644964,-0.006358513459081922,-0.005050430929258851,0.010537507121237131,-2.3613042127942587,1.1369824405350688,3.360062500312366
0.006836589465414814,-0.005982736832423534,-0.006378152645220189,-0.005021398594304374,0.005701871575808883,-2.348845336073946,1.157164803586545,3.343708803579285
0.00685165211324878,-0.00597728534925124,-0.006400528408533732,-0.005008301172488735,0.002554864565680729,-2.343802105400643,1.1772054001459091,3.3408416823814457
0.0068760559462897166,-0.005954418090416344,-0.006428984791840872,-0.004963241805233365,-0.004442967489268736,-2.323882058061504,1.2066711696110461,3.314324991036935
0.0068616427029149175,-0.005965492483823283,-0.0064109476767167375,-0.0049858278897767306,-7.157757179491789E-4,-2.3337468289214347,1.1888871055164982,3.326385760520734
0.006933442689356726,-0.005909351830102724,-0.006498557964376769,-0.0048703889425498114,-0.01910005984109728,-2.282111868564695,1.275410342491955,3.26240884073766
0.006933688502324279,-0.005882307811905659,-0.006483111486211419,-0.004825964443795049,-0.021745310215790837,-2.26100799452245,1.268420208704608,3.22265114876071
0.009334275052369664,0.0046033215857610756,-0.0077606663830116765,9.448310525147348E-4,0.12033767224386581,-0.027661278095007433,-2.253814255939073,0.5949079257464408
0.009380897212763922,0.0045725353870937685,-0.0077441619658282475,8.704550179918629E-4,0.12955048835119562,0.013762325153031678,-2.2381948865683046,0.5435818982421309
0.009226918515764711,0.0046296552063261375,-0.007747120968934992,0.0011016222001292342,0.09713098706684926,-0.12976866262887388,-2.2518917812004244,0.702948213079992
0.00927528271612069,0.004595288520430301,-0.0077302355352938746,0.0010222074718861174,0.10698280071132817,-0.08653521135863874,-2.2358532392568864,0.6484102789167291
0.009448611476359624,0.004552521053968992,-0.007744203390245722,7.71670800110518E-4,0.14368020245578994,0.07701556502828566,-2.2330064582649367,0.4753189864948167
0.009386498216939754,0.004506867154677857,-0.007677398056936,8.414554367959106E-4,0.1281052399360111,0.009575010676862597,-2.1883419726549884,0.5234035797872755
0.009554242494939578,0.0044937823976084245,-0.007710632075553885,6.123331836497544E-4,0.16354932584386583,0.1698298829851004,-2.1997567673371474,0.3644682509376041
0.009499408165257217,0.004504216895008828,-0.007707787846002282,6.891106925344253E-4,0.1522798704453181,0.11846766153391673,-2.2020938689540057,0.41765469759954355
0.009178632837070105,0.004607967604695053,-0.0077037208544574265,0.0011574510349531798,0.08678482235324607,-0.17913056343828374,-2.2232724274128377,0.7420843917101602
0.009129292152521054,0.004605182218442717,-0.007678652201663226,0.0012217690934631202,0.07648382191031071,-0.22692940612987128,-2.2081312263834976,0.7868582157987764
0.008619429846507105,0.0047812637913524966,-0.007555234309620501,0.001979568902231487,-0.019250272650093294,-0.7024829030152953,-2.1493241584453084,1.3093811772055826
0.008547490512705317,0.004820113208636306,-0.007540424946917605,0.0020963289133681087,-0.031834663483422676,-0.769904521572704,-2.1426450282691314,1.389101334772592
0.008579065587114427,0.0047867651186950634,-0.007530804720322988,0.0020327069857362413,-0.024972998211495765,-0.7392778541357917,-2.133201366287707,1.3464386791468121
0.00845465623332583,0.004829440813744071,-0.007475947913416959,0.002214089632065233,-0.043384658416398596,-0.8532210263114556,-2.09876481851756,1.4714645341405996
0.00849696453600389,0.0047996147508444845,-0.007480283999917022,0.002140506101092752,-0.03620580789425282,-0.8133064676468846,-2.099492704875114,1.4215975826349023
0.008641319225655478,0.004745663848118918,-0.007535075411962426,0.0019270747943813935,-0.013288823358491403,-0.6809860828811742,-2.1325974774514935,1.2747050097761206
0.008686261614993045,0.004729068732011475,-0.007549998807129247,0.001860465294766536,-0.005961785774648458,-0.6395786091104463,-2.141123282052902,1.2288009109150597
0.008745133897200701,0.004709597984567965,-0.007570129493312769,0.0017745483629998202,0.003990376213432695,-0.5853652454081703,-2.152665594359711,1.1695998536604268
0.0087908900014475,0.0046691604574468385,-0.007558818646771932,0.001691517530597717,0.013567278365842596,-0.5427642003684116,-2.1412253239333143,1.1134511856494294
0.009089026396823166,0.00457464848142015,-0.007628235038345386,0.0012601468347514147,0.06900207825731897,-0.26770116385443116,-2.173327511696373,0.8146367596195131
0.008837308558538547,0.004628707469615391,-0.0075468194900553945,0.0016088897593927259,0.023116075524438635,-0.5001528469582261,-2.129029011339391,1.0573567041380922
0.009001157750220512,0.004599003158223521,-0.00760918171769523,0.0013854927604729937,0.05207019852769936,-0.34902281544256875,-2.1651193800498727,0.9016454120608114
0.008951900670925347,0.004601394336911709,-0.007585261914314477,0.0014494923890430343,0.04314254375333346,-0.39498952435094853,-2.15045078630174,0.9465595583662375
0.008893088810024166,0.004614524163652837,-0.007565508516738242,0.001530989613501588,0.03267043908161659,-0.4490483759728526,-2.139473006075782,1.0031909769779386
0.009033421534469687,0.0045534096803011145,-0.007579402665303779,0.0013210169173344605,0.05882632245436268,-0.321084823788907,-2.140508062451308,0.8580573483551671
0.008361606206665853,0.004833635746280252,-0.007402256708149871,0.0023243220178426785,-0.05292049863510973,-0.9335861356121634,-2.0472059694993443,1.5484437903801183
0.008403751137100093,0.004800333876571925,-0.007405424629304735,0.0022486980602464523,-0.04592107808687885,-0.8936822333699054,-2.047312253447782,1.497372103704153
0.008026287521680808,0.004990653582374191,-0.007235777130975074,0.002829823420474734,-0.08770536032017051,-1.2328520488254693,-1.933655727599889,1.8920735712368584
0.00806988820724634,0.004962013322395882,-0.007253408306272282,0.002756761413942402,-0.08371085001620236,-1.1927742890758546,-1.9456745444644414,1.8428221955743744
0.008185084559747112,0.004927146410583158,-0.007333022401297274,0.0026025300399902212,-0.07503851755636094,-1.0945990282752425,-2.002643809012524,1.737764836935757
0.008144576806896179,0.004930581021028222,-0.0072974741251575674,0.002648687129173099,-0.07761237345503061,-1.127485620770821,-1.976904114276915,1.769374719732426
0.008106689176039735,0.004914484395180355,-0.007245691648702959,0.002672288491079564,-0.07738819949331295,-1.153608914863981,-1.9382781265528914,1.7861583542843744
0.008236483379430523,0.0048732586407585765,-0.007329596526129473,0.0024971376589296417,-0.0666157970362906,-1.043044656728669,-1.9974098696087932,1.6668091213589917
0.008199832530509363,0.004886803518812953,-0.0073085754396104595,0.002548855415686718,-0.07000073777501564,-1.0749124657279308,-1.9829079131215857,1.701947298828933
0.008251805742316022,0.0048365237430421275,-0.007308710187553594,0.002447411051969969,-0.06154748618705376,-1.0243078916090154,-1.9804413416786546,1.633960342752222
0.0083012958178993,0.004814686495325757,-0.0073319096038382756,0.002374652832226268,-0.05618900263661919,-0.9807884180620007,-1.9959328825795042,1.5845039115079582
0.007945004597684411,0.00500727668580616,-0.007166258948854892,0.0029268351212415936,-0.09071017576214863,-1.297251963888124,-1.8822797437461316,1.9571981588575118
0.007975755495190778,0.004969219697844798,-0.007164160810496139,0.002857439884519208,-0.08664675141311574,-1.2645150314023235,-1.879786409843992,1.9104851943688785
0.007113151222860718,0.005462733845996689,-0.006493853641406688,0.004114777051256527,-0.06420262016599369,-1.9378024731564494,-1.3447548288498223,2.70125810969266
0.0070687294355203205,0.005481386957206388,-0.006443606525268386,0.004162820599097381,-0.05880305759568354,-1.9606957050418925,-1.3038498233910643,2.724300308487612
0.006983824513623214,0.005496571585037158,-0.00633357446499542,0.004222796722833841,-0.047723064096330176,-1.9889283305481842,-1.2177969203391292,2.742042572007648
0.007010222106929803,0.005452390900991775,-0.006344613903984954,0.0041496314146469765,-0.05151024076197353,-1.957181832744093,-1.2320413649742659,2.694492938237153
0.006209829473778101,0.006192097398739396,-0.0054232053976610095,0.005397724751254663,0.12356295765041514,-2.3681910266384936,-0.39332816622608835,3.2227787944979016
0.006231834117616181,0.006155575296854567,-0.0054524626764930065,0.0053431552635667965,0.11394131743688045,-2.3535215503195377,-0.42615476370462385,3.199510292752669
0.006278363085832066,0.006107964248159159,-0.005516792438111919,0.005272867759393532,0.10101714989058827,-2.339805632758647,-0.4849885171486575,3.1814323273028733
0.006264345674953341,0.006132503110168982,-0.005499273448185404,0.005310043511119068,0.10743398011442604,-2.350803401519546,-0.4644940598171391,3.1987864543851345
0.006277185160417408,0.006074886930892089,-0.0055088788810846,0.005221888418238448,0.09614842596035739,-2.3179870575979895,-0.4923053655226761,3.1431005041884155
0.006080132991771912,0.006311047416438314,-0.005231277250756638,0.005562047636965773,0.1574606739485028,-2.382223447088075,-0.2289703739782035,3.2365873750307976
0.006046350502937658,0.006341219796533902,-0.00517976359950617,0.005601536854806827,0.1658182074681003,-2.38269172329138,-0.1867165061538401,3.235628933169518
0.005995931807673022,0.00636144634792742,-0.005102300277819347,0.005620912214124511,0.1725198569675548,-2.3676088621795066,-0.1362401014757327,3.2065848552137948
0.005942297755860884,0.006363870684546631,-0.005021029651164193,0.005611359875145865,0.17579861595375057,-2.3403541901181684,-0.09433081259580275,3.1566336312059855
0.0060781512446127575,0.00626864138238229,-0.0052264863389781665,0.00549641734266601,0.14860149771315403,-2.356494060138589,-0.246423828634216,3.190614949518048
0.0061398678351894396,0.00622626599850556,-0.005318441370440372,0.005441526361338748,0.13583105348358612,-2.3594451793651814,-0.3169437709251528,3.2004029835203407
0.006159579545294343,0.006185722762424873,-0.005344844579941342,0.005381904339612057,0.1263702477838375,-2.3431299947158135,-0.34967716680931177,3.17347885311742
0.0060881564497213695,0.006228014260349048,-0.0052394312724225,0.005436194911294891,0.13988515287267375,-2.3373865663282216,-0.2716450226281358,3.15753568886112
0.005904466781508257,0.006462251060133137,-0.004958053808030285,0.005749268220772547,0.19878011426965236,-2.36937575776563,-0.013139437645930617,3.209529621275354
0.00585456385416927,0.006490697461542235,-0.004880053703569345,0.005776456258996873,0.20553146707101957,-2.3539086277568475,0.0373808407280149,3.1825696584891507
0.005904786790555918,0.00639958884896932,-0.004963113566068254,0.005655019220291866,0.1843578187703814,-2.338335463139162,-0.04873916969154985,3.152773606737626
0.006741915807513086,0.005742962679903974,-0.006110309929948995,0.0046656856356129045,-0.003711755299385251,-2.172683875528118,-1.0053721174171806,2.9889093330085177
0.006604119687364195,0.005783286604568836,-0.00592085912740567,0.004756617260998324,0.01821084117250563,-2.194440642306508,-0.8587071152568196,2.9902582097244665
0.006657445977605764,0.005779336149995301,-0.005999190598423124,0.0047402614988846506,0.011050894865907735,-2.195459881646535,-0.9153921303070051,3.00524612121224
0.006684724697000311,0.005735110871117472,-0.00602126970384146,0.0046680585056312835,0.0032367313939337364,-2.1669529039600337,-0.9419153958609502,2.9625151631801105
0.006774192593639853,0.005704016559589847,-0.00614024953094774,0.004598585946956055,-0.011024320447555282,-2.145764384390144,-1.0361416818901945,2.9509593177101228
0.006807788384175434,0.005666475191257153,-0.006171683870630704,0.004532926906692199,-0.018261924576705144,-2.119093168680532,-1.0672434312739811,2.9141417318852656
0.006844415207077054,0.00563736271975777,-0.006210713110720817,0.004478312320431409,-0.024889940040464225,-2.0972655519403687,-1.1019768750877879,2.8871692365341075
0.006844719942841521,0.005594113286652866,-0.006188881417980891,0.004415402925437808,-0.026604423966489387,-2.069470039976045,-1.0937866413542858,2.8379034931946743
0.00694411176868213,0.005497528320408504,-0.006278418180251892,0.004240778798432722,-0.04275600157636371,-1.996672512281581,-1.1762192569328878,2.741685940187428
0.006916199371355477,0.005531151512059101,-0.006257647599667947,0.004299287208202951,-0.038544834918648706,-2.0215404176985525,-1.1554805141058815,2.7763407039296646
0.006874734629815942,0.005563671651124387,-0.00621612419695243,0.004361166273789677,-0.03203005966515385,-2.04709119472747,-1.1193377208841395,2.8079369265699654
0.006299533712580255,0.006029109582528419,-0.005534033897992182,0.005152735395279295,0.08618642733696004,-2.2959247009441053,-0.5248989033045531,3.1079372616161938
0.0063495776897451485,0.006036371541118916,-0.005612210736259288,0.005164439162095435,0.08197362642180588,-2.3156506532638086,-0.5723329175983847,3.1497620809662794
0.006389205060552256,0.005995469146184499,-0.0056632885153781185,0.00510104050229978,0.07100530157719927,-2.299478076506071,-0.6198395843156165,3.1281803049819277
0.006445960879880673,0.005920343589925642,-0.005729330750912895,0.004983425283861115,0.05387635880196128,-2.262591309251903,-0.6880278496458346,3.0745233386244446
0.0064062521340455345,0.005943626219728829,-0.0056756850086291995,0.0050212135609374485,0.061651345896139874,-2.2692694571996386,-0.645069163330912,3.078905449687046
0.006444660378566631,0.005872053250064454,-0.005713011187564646,0.004910827308746887,0.04829188042789114,-2.2307757318143335,-0.6917905183503464,3.019294294519282
0.006478819910171753,0.0058385505565013325,-0.005753561951445761,0.004857445171576629,0.03996503720132178,-2.215195212976472,-0.7284607802898028,2.998935545750066
0.006551883496727568,0.005785353317390114,-0.0058439218506908,0.0047685988910147305,0.025462129315555998,-2.19064905611484,-0.8043765263723263,2.971608156371278
0.006572286971474893,0.005750832840732549,-0.005861346523340038,0.0047142562358251094,0.01899692609248913,-2.1704056734100075,-0.8250975745583788,2.9411888001839297
0.006502441323869662,0.0057906269778407,-0.005772769735107811,0.004783621622990802,0.03192505420279928,-2.1879303615862393,-0.7544713220348956,2.956787631805572
0.005799589275752046,0.006460951337020175,-0.004801986767823217,0.005714833864592554,0.19972039889654206,-2.307847626408234,0.05513116937980856,3.0999222004750853
0.007190598916921008,0.005427725283600797,-0.006577960673333077,0.004025068007282215,-0.07312718371840088,-1.8935084683598336,-1.4138556433761889,2.6544728077500026
0.007209591757438176,0.0053734608808071955,-0.00656708311275575,0.00394056566221873,-0.07412867422001829,-1.856591674930744,-1.4109085615806654,2.5943562305298467
0.007234737446240751,0.0053292927488338545,-0.006570714577458101,0.0038671878788267065,-0.0757756582815393,-1.8238728795219556,-1.417657878790953,2.5449178338541216
0.007264538104083206,0.005287431361544162,-0.006581237703041683,0.003794693507229855,-0.07745645286615767,-1.7910870181957972,-1.4290675554566528,2.4974924340829827
0.007297822021092327,0.005246741780115835,-0.00659615135114838,0.003721997237280858,-0.07903701111228652,-1.757732954538154,-1.443382272889562,2.4507218556385477
0.00739085434263178,0.005224400234409162,-0.006698475959098576,0.003633892487032157,-0.08595215226090519,-1.7081164023566495,-1.5229861524569168,2.4046546616198445
0.007473053144913075,0.0051854695997930605,-0.006771997209886453,0.003528409473850321,-0.08981393210172588,-1.6516783748969317,-1.5810476505448465,2.3417413663555404
0.007424198505703661,0.005189910518899945,-0.006714865255119648,0.0035681077905143086,-0.08697188528995138,-1.676735987004157,-1.5372539278498145,2.3623201260234366
0.007498452105203033,0.005137651484829091,-0.006766730855456138,0.0034517760220172454,-0.0886958644729433,-1.6178807779739077,-1.5790910630020285,2.289787594406572
0.00733497984585585,0.005206092368713765,-0.006614985758325976,0.003647217575259484,-0.08046791067318232,-1.7229522632402496,-1.4603705674735215,2.4032333700054367
0.00776967765713309,0.0050529813642291145,-0.007015177251169701,0.003136979170722204,-0.09368347324453076,-1.4306160723371864,-1.7689303041458155,2.0947904120888055
0.007814863018428167,0.005024949163881133,-0.00704145109070971,0.003066153923079092,-0.09209519253065003,-1.3920649852125797,-1.788618503532458,2.0483444315943946
0.007604850301346592,0.005096626208128181,-0.00686168393500084,0.003322945467957718,-0.09164743633171071,-1.5451163168907434,-1.6520131107122717,2.2113191773401906
0.0077166513195633364,0.005030594277983181,-0.006936939911065912,0.003156918252985796,-0.0903518925408036,-1.4554781331387685,-1.709778867713615,2.1049138545585344
0.007670071231561801,0.00502016286356716,-0.006876002900037417,0.0031832561403067868,-0.08852840058378553,-1.4786088171758214,-1.664425820795063,2.1190137068027277
0.007627471923815437,0.005033238592568108,-0.006837918569587017,0.0032318236137296764,-0.08770371620585406,-1.5074335602479794,-1.6355821599573723,2.148973629901066
0.007878024137805955,0.004999467644011278,-0.007087980316473515,0.002981416832519439,-0.09027740292852861,-1.3418517919059327,-1.823388599615979,1.992728928211816
0.007819235885610138,0.00497347573696152,-0.007002446893115885,0.0030062383620911696,-0.08731176082851855,-1.372269270316339,-1.7591278388783003,2.0069537263648294
0.007529341589626376,0.005078483521705549,-0.006758800541183609,0.003358697460190078,-0.08650367776169211,-1.577271952371346,-1.5749597633721655,2.2272548755530477
0.007129470311624139,0.00541628261964372,-0.006486532667912084,0.0040422722764906285,-0.06579208824816529,-1.906155078769013,-1.3446077664725298,2.6498662219331037
0.0057663798581484614,0.0064898130999532485,-0.004749880396509497,0.005746209799304595,0.2062386776468697,-2.3010678582852813,0.09222482765565045,3.089317374511131
0.005756409444577902,0.006533827779161902,-0.004728868336787411,0.0058070351526264136,0.21583570557374607,-2.3139468275850046,0.12482965095890543,3.1139054243030846
0.005745304312828704,0.006582732649440514,-0.0047042771234155146,0.005874660604891102,0.22666987233621758,-2.3273731596078515,0.1626222917050959,3.140426862857647
0.005732126464108381,0.0066710265466584555,-0.004666763967392364,0.005999651055413281,0.24786145016761027,-2.35418157179905,0.23072271198606353,3.1944321032046727
0.005724993699742699,0.006625159284824274,-0.004666211863474555,0.005929037021894539,0.2370504143453355,-2.331429348581915,0.20245865493452248,3.1507518040983657
0.005682282123150682,0.0066972377288770915,-0.004587136504407201,0.006016713912018134,0.25270530116237705,-2.330299466049858,0.2756489219603598,3.155252205699135
0.005496358057744399,0.006862602924175057,-0.004270617377362436,0.006163920157231713,0.28102609688449093,-2.2515149969483104,0.4776222533816603,3.0398715923078012
0.005531429006996941,0.006823266717149568,-0.004333554854915733,0.006126683789251041,0.27491183175821027,-2.266144695360334,0.4348944544293926,3.0594879899581486
0.005484082347027675,0.006819733595729941,-0.004268783159516639,0.006098267340904223,0.2703170758295501,-2.232824518078697,0.44860782139706,3.002295682439276
0.005632050227864218,0.006726237989856785,-0.00450660445239747,0.006036411939233931,0.2574609223067223,-2.306321758512666,0.3208045964569859,3.116743487276978
0.005581197486627546,0.006757523220651909,-0.004424874228831936,0.006057761318349598,0.2624616158948802,-2.2816386545424874,0.36603295954421694,3.0779180383461076
0.005545022458350062,0.0067836995719147836,-0.004365639839115127,0.006077691967291096,0.2659700734398343,-2.2646616452368944,0.39991740907572965,3.052016988994475
-0.007112136501017047,-0.005918303733587968,0.0068027385150170845,-0.004812982570479918,-0.05059623767322722,-2.2507960516854832,-1.5349871374024333,3.3021919452857524
-0.007099327720783186,-0.005927396369816588,0.006787567010238117,-0.0048343548233346,-0.04624980643404844,-2.262065380918904,-1.5197922297146595,3.3160179166615342
-0.007097605687980923,-0.005911333442881869,0.006773038317600536,-0.004807872055834306,-0.050140457524377326,-2.2476507972647615,-1.5141314927534444,3.289167617496625
-0.00708472497905084,-0.005920486576866648,0.006757794696148238,-0.004829145034033915,-0.04736085592034516,-2.2587646648221287,-1.4990569367903979,3.302753827963534
-0.00697283584088836,-0.006020517979210122,0.006632355527376228,-0.005045186891587344,-0.011841973516622174,-2.368774016118891,-1.3627206733937427,3.4479620999575844
-0.00696034894823781,-0.006030047672386858,0.006616453912991646,-0.005066023273961,-0.00654089073522074,-2.3788326377849027,-1.3463435441688503,3.460561660342853
-0.0069581321513473805,-0.006014074186422541,0.00660264617021377,-0.005038765391695962,-0.01416833041588044,-2.363853923583097,-1.342641114004173,3.4321875718991746
-0.007023080955577061,-0.005982792885230833,0.006695226378297457,-0.004961451517230938,-0.025019308854394604,-2.3271697903155903,-1.42681144706099,3.396966408693171
-0.007021136111394709,-0.005966918418485258,0.006681239469933933,-0.004934752426109994,-0.03146557837300521,-2.3128154737281688,-1.422225432895121,3.369229793397448
-0.007010475290801107,-0.005992164921919908,0.0066796288933979086,-0.004982430534801898,-0.023294176211852997,-2.337738630639151,-1.411066447641857,3.409870748520126
-0.007008535699795242,-0.0059762724505060165,0.006665748049970066,-0.004955638688649227,-0.02768562641924902,-2.3232387968472508,-1.4065413420916248,3.382125076035345
-0.00698535261060176,-0.006011027561188927,0.006648195909395751,-0.00502429515206995,-0.01703466307648287,-2.358573291854798,-1.379017994067226,3.4353018374215516
-0.006970696871692498,-0.0060045075527816625,0.006618499021256499,-0.005017963307473914,-0.01720927348722874,-2.353810683649382,-1.3587837728617467,3.419787629861449
-0.006997899134824615,-0.006001576511259319,0.006663955135881646,-0.005003374385238838,-0.02088648470343296,-2.348219587126042,-1.3951458222117985,3.4226207427231734
-0.006983308652786069,-0.005995032317350337,0.006634345327111532,-0.0049971913678402155,-0.020392636701300707,-2.3437042635543412,-1.3748212186810365,3.407352690460329
-0.006995929037002912,-0.005985632728545558,0.006650114078003596,-0.004976433742281958,-0.02390335156381235,-2.3335243114694073,-1.3907417614726405,3.3948211988412162
-0.0070189420009461176,-0.005950727427094306,0.006667187887833075,-0.004908260500609075,-0.03016953067811751,-2.300407767265197,-1.4112021117819096,3.343626567585485
-0.007031488871987447,-0.005941295877230524,0.006682264507854407,-0.004887265377254664,-0.03336174446654025,-2.2899283821372403,-1.4263253913839662,3.330620348386688
-0.007044135654167078,-0.005931896770461884,0.006697390151948485,-0.004866186139973947,-0.03657408725516814,-2.2793285588517698,-1.4414442366450004,3.3174978226040115
-0.007056880843957683,-0.00592255025214605,0.006712574886625633,-0.004845054848665899,-0.039770148976803844,-2.268621301655521,-1.4565679765850217,3.304285745953686
-0.007069724491410211,-0.005913240399671123,0.006727807155181973,-0.004823842144228311,-0.04296074222427836,-2.2577918213960166,-1.4716891587880958,3.290958073944512
-0.0068833955962148,-0.006072126057729132,0.006506100993771086,-0.005162253165225593,0.007803725176166602,-2.4215656093194156,-1.243598072150857,3.503672085943444
-0.006898366915619616,-0.006078281982360665,0.006536089610876304,-0.005169292459341766,0.009783402881347995,-2.4276213082822085,-1.2632849487606466,3.5207397834792764
-0.0068557390979414835,-0.00607567697422741,0.006459825363259308,-0.005175681220035113,0.015790501324191533,-2.4262007589390158,-1.2003928972500242,3.4988479111478727
-0.006868013195617847,-0.006065683022677543,0.0064759063779894965,-0.005155179758038807,0.011995082454665322,-2.4171036560749464,-1.21700608983744,3.487434534336964
-0.0069478920549970475,-0.0060396165473467316,0.0066005152404687946,-0.005086772764214219,-0.0033337258012435035,-2.388792886109165,-1.3299626239309168,3.4729671476438484
-0.006945632390126161,-0.006023710886775428,0.006586802747523489,-0.005059561385618832,-0.010786129826844583,-2.373809722911616,-1.326398464730902,3.444554144069723
-0.006935465283302503,-0.0060492245102820915,0.006584533238447353,-0.005107443715409968,-0.0021533738603711616,-2.3986880249194757,-1.3135495304618352,3.48509651584909
-0.006933167069806074,-0.006033358605753915,0.0065708844453221575,-0.005080264122184292,-0.006753217176319056,-2.383624533947747,-1.3100429732223795,3.456774722544616
-0.0069230687550761415,-0.0060588714669512125,0.006568471588454327,-0.005128083163663502,2.1324309808133798E-4,-2.4084923226725143,-1.296988209695626,3.4970400625465685
-0.006920695313297555,-0.0060429821748951215,0.006554805907215904,-0.005100821362515135,-0.0025946404539260175,-2.393266331405544,-1.293568779604936,3.468727211132524
-0.00691070259202147,-0.006068557322679483,0.006552317968895387,-0.005148706823711422,0.004727251444478181,-2.4181467156510648,-1.280220368834435,3.508915445782715
-0.00690822288900269,-0.006052623961744489,0.006538601914856821,-0.0051212970685390385,0.001076345315935059,-2.4027746290298206,-1.2769947404915765,3.4804622663784985
-0.006895782852810779,-0.006062337171168869,0.006522355371793387,-0.005141772790409337,0.00443042044032279,-2.4122055028890013,-1.2603382989676482,3.492100624142136
-0.006639210910385627,-0.006259734874812861,0.006156825982983584,-0.005532124087033383,0.08756118417335991,-2.566579573052849,-0.8837834211590659,3.674870314691105
-0.006612020427417118,-0.006265133774642166,0.006110009837334479,-0.005542449500583646,0.09237405842343759,-2.5646104723570704,-0.8442555410141014,3.661798832160947
-0.006623347285125022,-0.006254230392930017,0.006126575361780489,-0.005522765495707728,0.08818834389517947,-2.557903831180553,-0.8619464600963144,3.652948897079188
-0.0065967854590655885,-0.006260047972759604,0.006081240415703439,-0.005533575149046447,0.09350332460907364,-2.5561537776896768,-0.8234146030872701,3.6409532639954594
-0.0066866655919926785,-0.006217755764628688,0.0062262775847275985,-0.005454312100366628,0.070873996037751,-2.5390653849287896,-0.9568674204471003,3.6401954088600275
-0.006650978096678168,-0.0062490852393277925,0.006174158968364036,-0.0055125773945174684,0.08325824934805165,-2.5598091695522043,-0.9020965785691141,3.666248238462608
-0.006662877307965513,-0.006238578113963737,0.006191645633114389,-0.00549316100442773,0.07899344404055995,-2.5530168577631662,-0.9204799891886174,3.6577106777654578
-0.006674811192918093,-0.0062281932007853405,0.006209107959575321,-0.00547384051562862,0.07488215233049499,-2.5461604595307397,-0.9387956492543378,3.64914919665546
-0.006682945586781089,-0.006201351087813085,0.00621325855124695,-0.005425433449598702,0.06748722468249548,-2.5239033536417708,-0.9526318479163077,3.610084193093439
-0.006694661807055014,-0.0061904483003756726,0.006229701938175985,-0.005405055591082551,0.06336320804904631,-2.5162609356527272,-0.9701070503215138,3.6000908406177348
-0.006706734929587726,-0.006179771780318341,0.006246726819528367,-0.005384932955610051,0.059257831996830844,-2.5087120570891823,-0.987947755362974,3.5904861412820526
-0.0061638375208347695,-0.0067030535037181545,0.005357248490179792,-0.006233656689655501,0.2611521789425297,-2.6827331359300826,-0.07473787837854738,3.8071769445273773
-0.006175056290507158,-0.006691288183354655,0.005378211462365084,-0.0062175448891340045,0.25691133798412324,-2.6831336360102616,-0.09521407580241627,3.807920541949429
-0.0061855675665986945,-0.00667880595944749,0.005397886730924594,-0.006199747426037159,0.2524539490895948,-2.682303613809115,-0.11547769201120679,3.806336949582672
-0.0061962131962115,-0.006666768815504841,0.005417637542131808,-0.006182649898708687,0.24811696412936604,-2.6816689495579644,-0.13547450624877386,3.8052704194760323
-0.006192730543827748,-0.006652320217516154,0.005412565785528871,-0.006155921113822826,0.2434994084037821,-2.6690710665970943,-0.1420511697352202,3.780351638222593
-0.006200191165133379,-0.0066398619361994595,0.0054264675314203694,-0.006136802145502068,0.2391451923879507,-2.6656216888065916,-0.15865631430052396,3.7738112116550444
-0.006210165493373505,-0.006627285806261957,0.005444653196726944,-0.006118291285008672,0.234610245362501,-2.66367303325103,-0.17793121042688323,3.7704097463601856
-0.006223009270981943,-0.006617888049632427,0.00546762723701456,-0.006106240449681703,0.23116910399049956,-2.6657524218947013,-0.1981995423098271,3.7751106859463803
-0.0062499842767454634,-0.00657791410375012,0.005515913585150673,-0.006044720269892734,0.21708848945672657,-2.654548427977897,-0.25366889922345487,3.7552435071522647
-0.00623942305686027,-0.00659079236651603,0.0054972189552873856,-0.006064030613963607,0.22169733897978486,-2.6571108917291215,-0.23383656333521685,3.7593760525558264
-0.006230198502938565,-0.006604252763755958,0.0054807157709553115,-0.006084682210741072,0.22637693926286526,-2.6607783461440953,-0.21502859161909946,3.7658526015627243
-0.006260824674595295,-0.0065656144697861145,0.005534961569352694,-0.006026386081366701,0.2126317222439462,-2.6523850959059287,-0.27338296652633437,3.752015951170828
-0.006271775106399481,-0.006553582212427515,0.00555407896388069,-0.006008425634122468,0.20824409812609326,-2.6502847732514243,-0.29300252013522193,3.749028232860361
-0.006282774428788409,-0.006541170835569751,0.005573146069103804,-0.005989682605061465,0.20373178198383704,-2.6477252626045895,-0.3128398976687245,3.745271262324177
-0.006332406420395025,-0.006497809430721625,0.005658503010584743,-0.005925849934433439,0.18704525820641302,-2.6434699655818945,-0.3950539581739972,3.7434734901816555
-0.006309427362488099,-0.006519854513259195,0.005619283642487736,-0.005959189916950092,0.19537899464724415,-2.6474021553205302,-0.355940551338665,3.7478214886493633
-0.0062944916647442424,-0.006526751779778218,0.005593259066048321,-0.005967459358341885,0.19848437764956153,-2.643859126574647,-0.334557352185145,3.7392070354892644
-0.006317606081172278,-0.006505511356654018,0.005632877952362358,-0.005935901642350708,0.19039791781302728,-2.6410597515520178,-0.37328789818094604,3.736802242547356
-0.00641776092738082,-0.006451044933320792,0.005805642725562537,-0.005860097405954549,0.16543129341937102,-2.6509402797410497,-0.5243606335408669,3.77259110253517
-0.006406374995229364,-0.0064620249785183985,0.005786711181490719,-0.005877740759034058,0.1697388642521799,-2.6543370755494706,-0.504802836263206,3.776776308158064
-0.006395100247894111,-0.006473272929919349,0.005767895039451569,-0.005895758309466581,0.174139660311913,-2.657810302505761,-0.4852174795110688,3.781235169794939
-0.0065854627796981405,-0.006270557217190231,0.006064450599862649,-0.005552267861766173,0.09753630681878554,-2.562143305053413,-0.8058017213304286,3.648624117284339
-0.006573617845960567,-0.00627981296713278,0.006046235324308214,-0.00556861711068,0.1013670296296121,-2.566720137279582,-0.7876308834532858,3.6535757854618747
-0.00658349322870678,-0.0062555219977202415,0.006056280125195698,-0.005525648935096137,0.0944444452329291,-2.548616869658886,-0.8056390839642266,3.6227513127915616
-0.006413257559601262,-0.006435214492441484,0.005795260248596328,-0.005830964592765584,0.16139525654346887,-2.6356164434925167,-0.5250679326849959,3.7425516544644712
-0.006423903837856325,-0.006423957224527327,0.005812535058120064,-0.005812620375517428,0.1571199606988173,-2.6314251668833375,-0.5434095502309728,3.7368019701554904
-0.006435298395361733,-0.006413187891968695,0.005831103703011,-0.005795147270226383,0.15289130094107206,-2.627805704190111,-0.5624488574797589,3.7323791067394185
-0.006446724786497451,-0.006402225021247494,0.005849580001982242,-0.0057772085019125235,0.14864758164448896,-2.6238457969733413,-0.5815522709872112,3.7274173754396664
-0.00645656604463724,-0.006390339057459383,0.0058649308186790065,-0.005757295852913214,0.14431163690362347,-2.6182363339867964,-0.5987806219973938,3.7190726939421244
-0.006561750346234136,-0.006290190299570148,0.006028206752830881,-0.005586832953935161,0.10546042497323704,-2.572086389099157,-0.7690983802764516,3.6600776867461278
-0.006549808210170034,-0.006300526288620369,0.006009916393462731,-0.005604849372285122,0.10960870466825597,-2.5771978091649044,-0.7504260733567821,3.6661754480047475
-0.006537789718100245,-0.006311053287630069,0.005991422963865623,-0.005623072798413378,0.11378816812259311,-2.582270434977266,-0.7314779333079259,3.6722605585752746
-0.006467674244057885,-0.006378855626036895,0.005882482351352823,-0.005738158434909927,0.1399319536648773,-2.613343119356989,-0.6174276652183083,3.712448569754961
-0.00647948894286213,-0.006367851775513745,0.005901263077682953,-0.00571983249579203,0.13560446712754556,-2.6089551080857905,-0.6367619195546518,3.7070355612987913
-0.006491521382146998,-0.006357413698011211,0.0059204356032110115,-0.005702406585854583,0.13139826441949662,-2.6049276999472917,-0.6561538096942104,3.702454562574474
-0.006525238889742425,-0.006322053175352703,0.00597198717100583,-0.0056419787271886805,0.11816582966145205,-2.587365037678238,-0.7116496026461778,3.6783419727759608
-0.006513549310902654,-0.006334337300303028,0.005954267994110699,-0.0056630895205617105,0.12276208346103278,-2.5936587523861783,-0.6925493868268777,3.6870016595187054
-0.006502743165648579,-0.006346395731669959,0.005937913103499778,-0.0056837474230530885,0.12718376144530885,-2.5998990705745935,-0.6745574805176298,3.6958802500682864
-0.006559374251325674,-0.006274807980021236,0.006019523744019346,-0.005559534755746302,0.1022902127526685,-2.558146210107368,-0.7689092616707836,3.633342947449594
-0.00637870629916049,-0.006468580122149906,0.005737999880911068,-0.0058840651247010324,0.17435880815797833,-2.6454056095463923,-0.4664397342260537,3.7545862038143416
-0.006355115878361524,-0.006476797500017855,0.005696916660652181,-0.005893743975879177,0.17890589334739837,-2.639422090104843,-0.43321063646358626,3.7392676303699757
-0.006362413644319689,-0.006464988833845193,0.005708642411205272,-0.005874352444876119,0.1748077265586385,-2.6339248616957778,-0.4477903415237832,3.730047831930277
-0.006340814329488818,-0.006483060408952655,0.005672172796329706,-0.005901686531103714,0.18191345123236874,-2.6365770638311594,-0.41263952037932944,3.7316215188315245
-0.006782864840337608,-0.006135679262327873,0.006361826831333253,-0.005296301341216148,0.038490757215459935,-2.4776401668446333,-1.0987167325971063,3.5631800145601606
-0.006770784272367036,-0.006145744478119985,0.0063451678927545175,-0.005316117855801612,0.04233789882994531,-2.4857245517855677,-1.0813664307276316,3.573266056033479
-0.006758685280729621,-0.006155757685947571,0.006328319620844785,-0.0053357314853289635,0.046230781484893506,-2.4935992103071025,-1.0638399577180582,3.583029219406622
-0.006746580635139281,-0.006165811204520615,0.006311347879944938,-0.005355301459564349,0.050210865974000034,-2.5013422675626154,-1.0461745376187552,3.59262547044862
-0.006779667197893929,-0.006119259203940733,0.00634846010437089,-0.005267972930724272,0.0357659960594662,-2.463045122342535,-1.0930075853113241,3.534051459120582
-0.006791735641607097,-0.006108917269487993,0.006364677988276403,-0.005247646675760852,0.03190270150588948,-2.4546399562487005,-1.1099027320150425,3.523370675138505
-0.00680409684433451,-0.006098951764527488,0.006381454121418676,-0.005227813407844224,0.028084354438138764,-2.4464180440897016,-1.1271232404063591,3.513242013402832
-0.0068163856650971105,-0.006089312858001446,0.006398133854894066,-0.0052084518525547996,0.024367056795175254,-2.438312820461871,-1.1441476973984448,3.503384389718765
-0.006828301521578726,-0.006079420947433973,0.006413907588902022,-0.005188617890373434,0.020665918604508875,-2.4298265539134962,-1.1604586275330193,3.492708435386622
-0.006840117822961668,-0.006069212464137232,0.006429211444699317,-0.005168154056672661,0.01697250718682367,-2.420928519193264,-1.176430497389305,3.481267658679489
-0.006718989785004432,-0.0061694358473495066,0.006264076376779709,-0.005365277683447551,0.05524347492599741,-2.5013147536531015,-1.0059214133130867,3.581322829287927
-0.006731205667537116,-0.006159238093173591,0.0062812836521417255,-0.005345750883387848,0.05124355045043744,-2.493861497308286,-1.0237056847589219,3.5721217950155917
-0.005681890993932888,0.00720574683607762,0.00438460972991326,0.006779897044425866,0.39932586565886347,-2.474926419912125,-0.7395308658515248,3.5066659239908122
-0.005663200299997738,0.0072248554172421936,0.004345274929640659,0.006795027379247074,0.4022673537780233,-2.460548400720129,-0.766102652739251,3.4860197063504788
-0.0056495306855705585,0.007244853347675577,0.004312911871699256,0.00681492365968676,0.40629202091420874,-2.450646225100894,-0.7919721911006978,3.473979102927761
-0.005640885158887866,0.007265031198175706,0.004287778001988589,0.006838648957230421,0.4113387992315685,-2.4451040850616326,-0.8166856516050196,3.470165987482999
-0.0056184380278668155,0.007282780892448659,0.004243350424225489,0.006847798681866142,0.4127797437281134,-2.4259296111602104,-0.8416243829062877,3.4407508080332576
-0.005573321753815197,0.007389710364403079,0.004106434408531377,0.006968672924221293,0.4372471486133015,-2.38922174603244,-0.970978888500136,3.410678305001973
-0.005545437069020921,0.007397407615907467,0.0040608088514709866,0.006956691455479394,0.4333962196073399,-2.363165137758717,-0.9822433449931917,3.3654848437182703
-0.005575000523152979,0.007360517677070334,0.004128978525854406,0.006927629774024366,0.42844704882540957,-2.3902964727115044,-0.9369801568625657,3.4019070880948887
-0.0055823673882869325,0.007333584215584749,0.004157712591778475,0.006894287254523485,0.42151661232118814,-2.3961081996363767,-0.9052276878252777,3.4030750240079377
-0.005595494904718054,0.0073080136055022685,0.004193533208315736,0.006867190422748305,0.41614982512991877,-2.4067349857300715,-0.8742649128321088,3.413893063323343
-0.005449502937122002,0.007573597971623533,0.003792548384046792,0.007119696181670146,0.4607342005455603,-2.260666225432846,-1.184727244781321,3.2475995735888046
-0.005449471706506172,0.0075507099531655535,0.0038111265862917827,0.007088638055926989,0.4542484726862428,-2.264101905593577,-1.1581404898442509,3.2438153391490743
-0.0054802562960992295,0.007509803609820206,0.003885692810599302,0.007059620956097525,0.45097773980570593,-2.2969151035256865,-1.112976707169702,3.2874068188350156
-0.005462563749310339,0.007533347009368727,0.003842849549641166,0.007076507879246285,0.45295382806014833,-2.278207797613947,-1.1391400430517356,3.2625769630991273
-0.0055179623159089825,0.007406056848046978,0.004015558252166357,0.006946377884428545,0.42966402060044345,-2.3378307941423024,-0.993754276649641,3.321980798820754
-0.005461706685043125,0.007479755694046211,0.0038831629713598458,0.007002258477616011,0.4375707688743244,-2.283223374674528,-1.0777718202348459,3.2496615674056764
-0.005476626005075199,0.007454837517419363,0.0039223673949428444,0.006980413681542172,0.4341839561623684,-2.298421814857748,-1.0499050208131921,3.2679342277717907
-0.005490648563376779,0.00743712559349258,0.003954859352026426,0.006967475477486657,0.4325044235088229,-2.3120340883224184,-1.0298393202368468,3.2862113089756955
-0.005491821592742049,0.00741322842620749,0.0039736641375092,0.0069350219576941085,0.42583989717952614,-2.314103023733592,-1.0029158296129752,3.281026355454223
-0.005426157924004276,0.007583073047809231,0.00375331807932505,0.007111570695027103,0.4567957755874153,-2.238323537185168,-1.1928382588513904,3.2098903471838978
-0.005380741657044128,0.007616478100090883,0.003665411427086335,0.00711518078463571,0.4529747982128331,-2.192712550560161,-1.2241766105974492,3.1395715097488446
-0.005402584504785983,0.007596612205203048,0.003710736036255741,0.007108553160993923,0.45397085893280353,-2.21531633132657,-1.205096462629028,3.172900080220769
-0.005046616593400232,0.008042423819240958,0.0028712497646944386,0.007305000286569892,0.4313836997225615,-1.7931110873725096,-1.5555131392802295,2.597536191800397
-0.005123059932291429,0.007956842681735497,0.003039985630494331,0.0072861972703825925,0.4442074343241203,-1.8824490053655991,-1.5073338214641294,2.722599875995542
-0.0050688936173240344,0.008009023137045261,0.002928848824728795,0.007291073003969406,0.4341197081245248,-1.8231116246707055,-1.534196644629523,2.6367597358604553
-0.005091938407494612,0.00797790840565302,0.002984953042007141,0.00727962032604399,0.43732105376986935,-1.8522492469247622,-1.5145529856922597,2.6757853213800833
-0.00533169656513304,0.007634695736799495,0.00358666868776582,0.007095132021814986,0.4436998414880023,-2.1478459661591245,-1.2356669848110142,3.063933382970347
-0.0053435444671853325,0.007605679861333488,0.003626095747821704,0.007068284942727354,0.4399717349376623,-2.1636837574257632,-1.2060487953735273,3.0806004284026933
-0.005126800173337234,0.007918799257743199,0.0030818336275559733,0.0072476789018918126,0.4393540905985959,-1.901217392002114,-1.4711720816113287,2.7376791401532277
-0.005303331283660053,0.007649084643282033,0.003538486909952735,0.007088347421257024,0.43930014024870084,-2.1214339634079136,-1.2456032135371373,3.021062691209699
-0.005138043778961057,0.007880035524369909,0.003131971254455574,0.007214740402119328,0.4364375921060442,-1.9246030326975803,-1.436920288925753,2.7617321296497974
-0.005278612302992321,0.0076800147818201145,0.003481089458507588,0.007105180127186598,0.43922440623901976,-2.0941320805684707,-1.273345278359944,2.984083180709766
-0.005255262632454016,0.00770893410454938,0.003427119346190803,0.00712005954729619,0.43888092415535646,-2.068153803186853,-1.2983571306202035,2.948804954153413
-0.005151161768324503,0.007837669813635064,0.0031869969578246266,0.007178623372320137,0.43318141784822733,-1.94975248073688,-1.399360125930542,2.7878537598986024
-0.005234096765027315,0.007738302054410933,0.0033753912534929945,0.007136815733219955,0.4389395573006456,-2.0434421260273186,-1.3235860905660966,2.9162286460060893
-0.005194917671042495,0.007807574208973567,0.0032657326177813408,0.007183726136336665,0.4409092985015849,-1.991902049719378,-1.383530117740184,2.8526131519157305
-0.005211934461014325,0.007767453840036229,0.0033226104480200956,0.007151801489311683,0.4383298580447556,-2.0177025734999128,-1.3475107118816332,2.881746190450595
-0.007522709275725809,0.005656840934593226,0.007238496546886503,0.004128707334206222,-0.12279226001446623,-1.85808210167196,1.9447441145153679,2.8269586904714203
-0.007508983891041398,0.0056486023207530075,0.007210042001951955,0.004127424945504245,-0.1229760709444676,-1.860811765227336,1.9242570582584084,2.8202777529869505
-0.007509077178150166,0.0056646449400784196,0.007225497200037262,0.004151414730242504,-0.12207571879758727,-1.8719142831162932,1.9332934043444634,2.8433584087527115
-0.007536365807734405,0.005649079802306203,0.007251413781701459,0.004105977922146246,-0.12244182538927902,-1.8442097832530484,1.9559925230184794,2.810507334137531
-0.007522688604375576,0.005640846149456267,0.007223099033422596,0.004104832473758687,-0.12485072213425692,-1.8471631912400432,1.9356368656342333,2.803971798705223
-0.007550046640288171,0.005641361619124994,0.00726426845766272,0.004083192302890248,-0.12348246726592745,-1.830304800245984,1.9670961652584358,2.7939240384231083
-0.007536362025779567,0.005633106872287314,0.007235983109273589,0.004082205154501635,-0.12663203299993211,-1.8334627245289339,1.9468615019853106,2.787562989980645
-0.00756375163943979,0.0056336864604488515,0.007277053177602687,0.004060363623291826,-0.12454585684038849,-1.8163656636100989,1.9780841827709914,2.7772525642682937
-0.00755004483200578,0.005625401472150957,0.007248768092324558,0.004059536679292605,-0.1281059113361269,-1.8196959315456003,1.9579719110377238,2.771091158857582
-0.007577480671187591,0.005626054401169322,0.007289759805345995,0.004037506386206212,-0.12466868783955383,-1.8024095146852677,1.988962452995786,2.760503899554685
-0.0075637384051150365,0.005617733830447637,0.0072614597385712715,0.004036831323735859,-0.12968897971749505,-1.8058565190914815,1.9689582794244702,2.7545485935943503
-0.007660352036567373,0.005581171262969615,0.007364613468298277,0.0038992982203743896,-0.1354467999237232,-1.717281631507139,2.052678797464889,2.6586406565385494
-0.007646848577291614,0.005572497838887202,0.007336615505866486,0.003899239037954813,-0.13530683673295207,-1.7212850573290377,2.032541521301161,2.654077769513494
-0.007646481625663305,0.0055885431814808,0.007352333470590051,0.003922403378737319,-0.13511745796161417,-1.7316854485320405,2.0424306602483884,2.675541681333821
-0.007632634442496725,0.0055959586381203,0.007339969340339532,0.0039454914281553686,-0.13403922478595437,-1.7460276017674248,2.031967848519104,2.6924721707486703
-0.007632887723240889,0.005579855827801711,0.0073241346228464415,0.003922213492569364,-0.1343066373616035,-1.7354678638194756,2.0221818016598587,2.67085401054937
-0.007591233601480753,0.005618465515670955,0.007302399505613806,0.004014600261004085,-0.1251922956012995,-1.7884363106805825,1.9997709743303262,2.7436232138269516
-0.007577438021120371,0.005610077632874032,0.00727402934122916,0.0040140576022190885,-0.1312865682043265,-1.7919296722439266,1.9798008975756256,2.737899296062962
-0.007618810621285468,0.005603417561025714,0.007327515613817903,0.00396857218829781,-0.1310998872854037,-1.7602778435380397,2.0213153429479385,2.709497954324736
-0.007618925942579762,0.0055872802996169,0.007311568689138924,0.0039451964517046335,-0.13357251275443774,-1.7496370249112563,2.011706155268918,2.687597538594275
-0.007605010296224523,0.005610919877832094,0.007314984651750147,0.0039916225349309045,-0.12725843785548913,-1.7744092131691331,2.0105558411317617,2.7265945087266465
-0.007605009067405026,0.005594804404015012,0.0072990111007751905,0.003968196283844836,-0.13317073805955293,-1.763788181528447,2.0011450661740438,2.704353556285724
-0.007591182512559272,0.005602423309035178,0.00728651904398049,0.0039911733844679295,-0.1325145223277029,-1.7779003315084807,1.9905193135702783,2.721147563252337
-0.007400916079949333,0.0057286111419663464,0.007118856479525399,0.004331735852434066,-0.10446531823844647,-1.9794935046436883,1.8372108378677205,2.9735628915019334
-0.0073869880854618335,0.005720861983708207,0.007090146489819733,0.004329460100236784,-0.10772505922345332,-1.98110016952182,1.8168673699774522,2.9646792919036318
-0.007387509904858334,0.005736797506241736,0.007105212567663717,0.004354079424843306,-0.10230169977051311,-1.9926622350462468,1.8247212355901272,2.989472733093361
-0.007414347890939332,0.005720466944757862,0.0071324314461371574,0.004309347473372229,-0.10679717640995186,-1.966253889766879,1.8495846555421742,2.9575762096208336
-0.007400430517857237,0.005712671866052032,0.00710373795220953,0.004307199509849534,-0.10966961235209914,-1.9680381106096692,1.8292734107217277,2.9489236073228597
-0.007134570112195913,0.005867728354590263,0.006803601676910386,0.004717693058174706,-0.05810971544863953,-2.2023497948772586,1.5461713229583631,3.223349334877669
-0.007147589647501181,0.0058587689169282255,0.006818519772877355,0.004696371734714418,-0.061051272396758276,-2.1910016527257494,1.5607005964749938,3.209514511699926
-0.0072025894786609205,0.005855787846272661,0.006906910517862515,0.004662257362884861,-0.06931374498405674,-2.1687662667340755,1.6372820998523256,3.202998930266821
-0.0071882810058277145,0.005848659610758619,0.006877605957200195,0.004658169123581887,-0.0710350542180212,-2.1676923426354144,1.6164824743316248,3.1910315586514737
-0.007215622843988552,0.005847019882893541,0.006921506734958365,0.0046405604573788424,-0.07072845470183944,-2.156734867796921,1.6513401557507545,3.1883951616375494
-0.007201311879732925,0.005839884605125251,0.0068922342138728054,0.004636636116221765,-0.07412769275607146,-2.1558836410713798,1.630641528246649,3.17662307558087
-0.007160658636319791,0.00584992001607302,0.006833458554969647,0.004675106556012442,-0.06395484972713554,-2.179601985154384,1.575191808836178,3.195676549388135
-0.0071737487146315134,0.005841184642245839,0.006848375600534502,0.004653915367114334,-0.06677622336564147,-2.1681624419774246,1.5896077735626601,3.1818408066578976
-0.00722868369512679,0.005838292905748428,0.006936041136978706,0.004618808152022938,-0.07275843398062172,-2.1446451846938324,1.6653077564822043,3.173617781248671
-0.007214349015877637,0.005831118122637158,0.006906739381034056,0.004615017692107315,-0.07715398828363995,-2.1439595741098203,1.6446745787260681,3.162053734728937
-0.007241771900939664,0.005829607002505161,0.0069505189164294255,0.004596992517014055,-0.07568927231999319,-2.1324879808698447,1.6792228932293376,3.158681018439776
-0.0072274154540528344,0.005822363884499183,0.006921158926192105,0.004593309714510677,-0.07990595172957998,-2.131918921599133,1.6585894018768563,3.1473511573732904
-0.007119554463365035,0.0058596981684429965,0.0067730740561468905,0.004711852746122118,-0.056374999009536415,-2.2011760800654643,1.5209715842681868,3.210767401364301
-0.0071086320629023805,0.0058859317381168555,0.006773709944422285,0.004760456319684568,-0.052120415117819445,-2.2248733486282952,1.5168948712640142,3.2509366332337275
-0.007095716853577186,0.005895155945507856,0.006758725070556378,0.004781866104482003,-0.049104358076875444,-2.236033195304143,1.5021359560016878,3.264658954899899
-0.007106525221408388,0.005868894344773823,0.00675815481770995,0.004733257689151741,-0.05345062476756051,-2.212340165009412,1.5064174762061355,3.224449704690086
-0.007044471323358563,0.005932127684927835,0.006698107734938949,0.004866437428001159,-0.036700717105723805,-2.2793903612460653,1.4420249837308938,3.317944392558274
-0.007057236732910285,0.005922882132351054,0.0067133945240626216,0.004845462034366241,-0.03988122530541993,-2.268747631372044,1.4572350638094982,3.3048809915584783
-0.007070024355269305,0.0059136397969994136,0.006728580707607159,0.004824381139667751,-0.04301233173360779,-2.257976880187622,1.472314389768269,3.2916464750348564
-0.007082850471539171,0.005904402943660789,0.0067436938125880206,0.004803191436708764,-0.0460828390392831,-2.2470763524028112,1.4872840601829778,3.2782467397640356
-0.007029478167091073,0.005924960121004773,0.006668134607292914,0.004860566746753004,-0.03508397862986142,-2.2771775095499405,1.4175602773769083,3.3043724786634763
-0.005918675297740527,0.006955602498439141,0.004878116109390925,0.006540756921722746,0.34222765489981244,-2.6188244591027297,-0.3587091022816313,3.7117408601777995
-0.005905806685375918,0.006974229603934365,0.004850045142673085,0.006563793197400273,0.34784325791844556,-2.6151500012603983,-0.3858865307709451,3.7083670284686505
-0.005924386153537273,0.006926183173502339,0.004897680345106173,0.006495330936382571,0.3323974392846524,-2.6108401972853406,-0.325951420999818,3.691576203532276
-0.0059118825819727844,0.0069350650627113646,0.0048740021213634814,0.006502704136987623,0.33455638556875217,-2.603693662129023,-0.34306538433918626,3.679741099598496
-0.005989205617399315,0.0068500538989903935,0.005028748415868676,0.006404150130343651,0.3094866351472944,-2.6301117415067083,-0.20680617564852996,3.716455431059208
-0.005970176433354989,0.006860966717669469,0.004993846477082324,0.006412314916533016,0.3123352525737994,-2.619513072940116,-0.23144693058184782,3.6978936398043474
-0.00596097823281106,0.006874218517599853,0.004974715188543562,0.006429495976254018,0.3166253475367996,-2.6182395368021036,-0.2505262508954853,3.697341044326207
-0.005946782712226552,0.006881494202036014,0.004948927331252989,0.006433820064203338,0.3183052932440646,-2.6095589625913647,-0.2677884377411213,3.6821111979303605
-0.005931749616624537,0.006910350317854485,0.004915055248629335,0.00647331643929376,0.32731990475518863,-2.6101038693432854,-0.3056353617273844,3.6875578578003356
-0.005933902763843748,0.006891987821800985,0.004924382771264839,0.006444087173361872,0.32124418198184224,-2.603446786838223,-0.2868040118748845,3.6722421358901456
-0.005999308365698904,0.006824109135759722,0.005052366296924182,0.006365723507327827,0.3010651736655933,-2.62494821743516,-0.17559539083886777,3.7035575705693766
-0.006005261451388953,0.006810793630986881,0.005065584399147837,0.0063463187694634896,0.29669645767498615,-2.6227340690159084,-0.15914577548510636,3.6978773169891324
-0.006014591390725233,0.006795950255728977,0.005084693233021346,0.00632594441709923,0.2919737876618825,-2.6222828614276863,-0.13872888409206593,3.6954912723886504
-0.005985101671655635,0.0068307825848051874,0.0050268387133095005,0.006369627750991951,0.30280569577026945,-2.6166113665380917,-0.19279630829879912,3.6885865952396237
-0.005812330512206026,0.007046868172719083,0.004668460147617739,0.006622563413772689,0.3639704554175002,-2.5565364605860057,-0.5149197065103337,3.614913037406787
-0.005831134982076362,0.007035662152005387,0.0047035266520489,0.006616859892940309,0.3621843027566434,-2.570097233339535,-0.49328930435981766,3.637420889386639
-0.005846185459965248,0.007028592193501685,0.004730868352311797,0.006615206607787307,0.36132501810507217,-2.581561323321637,-0.477615489850091,3.657095246819799
-0.005884726417812128,0.006987598357394614,0.0048102485814644136,0.00657277806712362,0.3506531632303347,-2.601391754334934,-0.41279243434683693,3.685315623182611
-0.005867532563643405,0.007000890635950105,0.004776911816808133,0.006583765205011943,0.35371759141884324,-2.5908921137743497,-0.4367710472271082,3.6684886979452034
-0.005854412813880015,0.007015352180232623,0.004749717108531895,0.006598996247472499,0.35746482337011015,-2.5843201348854827,-0.45926280552519677,3.659325427066214
-0.005772037389549036,0.0070801902936463755,0.004589342381092191,0.0066487332288208975,0.3703629261871843,-2.5297863502667735,-0.5693235901872845,3.573511912524348
-0.005758714216821921,0.007100910078612315,0.004558535845096037,0.006672313404171734,0.3756775661715998,-2.5233213808113812,-0.5970949433440834,3.5667093107027057
-0.005786195353611091,0.007037308781049124,0.0046310277043860116,0.00659031416841568,0.3576422021002439,-2.529736726368176,-0.5180028099361201,3.5634410754047248
-0.005763954472239252,0.007054907260568015,0.00458819539209951,0.0066035682389994415,0.3609624153175728,-2.5150513230059293,-0.5465912575100066,3.540526953383306
-0.005693205281900019,0.007159947505329996,0.0044269697040379705,0.006718078933823855,0.3860026367489712,-2.4767867256128313,-0.6857810768752249,3.4970729502853866
-0.005669463610971916,0.0071778069931743215,0.004381175793039046,0.0067283026369916584,0.3879995366657603,-2.458465849111772,-0.7126989333110672,3.4685755159804246
-0.00573368881539205,0.007104868582809286,0.004517492597666948,0.0066613610132636785,0.3736626965145086,-2.501304895635544,-0.611828415128684,3.5273964280825028
-0.005707423990723888,0.007114805986744652,0.0044719782323663785,0.006658730863928905,0.3732885981473943,-2.4798233668423837,-0.6325901905340005,3.490719777669263
-0.005683600881520503,0.0071302228999868085,0.004427748333169688,0.006665919630810869,0.37495287998360016,-2.4617915124129595,-0.6573821709769652,3.461846122904507
-0.0070166680791271495,0.005934196935775686,0.006652621399494844,0.004881237871976429,-0.03188870233883128,-2.287448441684661,1.4021836579940308,3.3168956516058152
-0.007003896324335586,0.00594369451636486,0.006637202568783547,0.00490222853961382,-0.028635383297226476,-2.2977900303719143,1.3867954996777347,3.3296492611266397
-0.006252862832356184,0.006583299956080627,0.005520952809459688,0.006055102888891231,0.21868795210017228,-2.6603705281627392,0.2535533541146626,3.7667392767275047
-0.00623899395603546,0.006592605782362386,0.005496427934781147,0.006067080179075043,0.22226672639976638,-2.658147562334808,0.2321885767203749,3.761342649022093
-0.006219565621959942,0.006598642331844571,0.0054622202162511015,0.00607132045882264,0.2250472867338278,-2.6496554684579183,0.20705228397448638,3.7435952251953277
-0.006203975457709093,0.006609281478497302,0.005434628837184061,0.006084657738894258,0.22908371652006834,-2.646718545419024,0.18333497488104178,3.737045787154217
-0.006422807357219092,0.006424232632820617,0.005810625204618507,0.005812939279980007,0.1574618567420463,-2.631106728962205,0.541821986929598,3.7360403360900407
-0.006273396781262155,0.006559141088786349,0.005557037475808316,0.006018697114584127,0.20991320299322808,-2.655464802668566,0.2916025033929762,3.759153462139673
-0.006259547502885596,0.006568302542636465,0.00553272931041606,0.006030731568879671,0.21349418003114648,-2.653571652615271,0.27033169116744915,3.7541670098231212
-0.006279543122280598,0.00654347419339906,0.005567523556625008,0.005992835603936801,0.204564001577283,-2.647494826774564,0.30784887304108494,3.7444535892275934
-0.006294142391790182,0.006531061097370252,0.005592827404653846,0.005974965133765857,0.19987143195888665,-2.6469397716383383,0.3317997978128084,3.7450406332452064
-0.006307401123479975,0.006520828695080085,0.005615758119477908,0.005960388593908214,0.1958415680837449,-2.646975519803593,0.35298142578036273,3.7467379149712987
-0.0063188793998194236,0.006512792885203761,0.005635597005482,0.005949091660912541,0.19259971762657851,-2.6474529544781307,0.37092545958901163,3.749168483081243
-0.006324470749558015,0.006497654678091817,0.005644462984854943,0.005923691164150209,0.1875952281442912,-2.638890910974633,0.3855689249533833,3.7335980799343753
-0.006407773229077263,0.0064218503924816685,0.005783507348990664,0.005806267096664688,0.15835313654680594,-2.6219974433916082,0.5234471458098984,3.7157857412819246
-0.006338552603524886,0.006484232868807442,0.005668277980160698,0.005903250972647423,0.1825434918499966,-2.636276056680075,0.40929449774896237,3.730689398857122
-0.006352158222965052,0.006473444833740113,0.005691351223425786,0.005887163326232163,0.17815624828353324,-2.6351892635539342,0.43109741416318004,3.730749263945414
-0.00636535036812618,0.0064657021539777015,0.005713922723641728,0.0058762212879187,0.17491038014632226,-2.6360513054623023,0.4509879771891817,3.7345627214962263
-0.006373757356236365,0.006452314570685711,0.005727307350577359,0.005854173820750344,0.17017025526562368,-2.6297385606683825,0.4675885194944404,3.724040735757459
-0.00638380748051336,0.006440599147547227,0.005743652268564019,0.005835328320643333,0.165953055709098,-2.6254398801807604,0.48531481690304185,3.717713722010274
-0.00639608569268583,0.006430013031763729,0.0057639728315862825,0.00581876822107158,0.16178042031353504,-2.622978884419639,0.5052597949596792,3.7153565995764803
-0.006480602542201528,0.006368419648901846,0.00590337153212825,0.005720964810524805,0.1357514557632885,-2.6098665542138577,0.6380020427878073,3.7090945992959568
-0.006468963822238227,0.006378410579259377,0.005884693308759767,0.005737513736393834,0.1397847849581193,-2.6134896951842133,0.6192052356952796,3.7130996169812547
-0.006456891724212283,0.00638885171388764,0.005865227647249973,0.005754684142924383,0.14399170561356553,-2.617113518732429,0.5996354410753374,3.717099087663506
-0.006433026861531099,0.0064116643792910275,0.005826796950133619,0.005792093341737946,0.1528591255037559,-2.6254781413954347,0.5599897656577807,3.727563774109831
-0.006444844984941865,0.006399907251320489,0.005845809399837334,0.005772815706312682,0.14836147767420596,-2.6210572955992784,0.5798275081810518,3.721806642166562
-0.006187657182763252,0.006625811898901962,0.005405394341389203,0.006107756843181296,0.23501034640426963,-2.64710812866756,0.15502785223444351,3.737111916421501
-0.0061653874411367144,0.006636890215738551,0.00536603980062013,0.006118932825142211,0.23922918454414102,-2.639179502539615,0.12441404850759023,3.7210066365001926
-0.006146850896111495,0.0066488154215593506,0.005333091261286079,0.0061326114495678825,0.24352226041585875,-2.6340558278342345,0.09735495641139881,3.7107268800584996
-0.006137183918851666,0.006678319248035189,0.0053135273181864695,0.006179755482550612,0.25331883737505545,-2.6464792269884794,0.0664996197485782,3.73530954906769
-0.006134557754258217,0.006661166567917401,0.0053107802477948005,0.006149162701016256,0.2479052269634127,-2.63336397213278,0.07640855375017791,3.7093787925168717
-0.006120265406401231,0.006687893203026267,0.0052832677851541755,0.0061894280821439525,0.25666514132668583,-2.6401870474799307,0.042819529185570075,3.7231320434953616
-0.006004624815677436,0.006775849818051634,0.005072329450206332,0.006287360291938978,0.28510216268445077,-2.6032626150633766,-0.12994774636116202,3.657554963219004
-0.0060167934901476415,0.006761690328637421,0.005095634782844099,0.0062694020757040475,0.28064717205800077,-2.6051005394419526,-0.10820401108484519,3.6597737062647924
-0.006029770423701862,0.0067493129402914215,0.005119830536752713,0.006254636468658758,0.27680206291449344,-2.608323715520017,-0.08720111213226255,3.6648879847361555
-0.0061005178266487665,0.006698228268262327,0.005248083505228336,0.006199005872007927,0.260200404489539,-2.6320252483458386,0.01619348943517571,3.7075216738047785
-0.006091753210085512,0.006711298292154947,0.00523127059587101,0.006217662816596853,0.26473940107258753,-2.6335360998507458,-0.0019940149643773606,3.7109623411533113
-0.0060761756518334115,0.006717553488669875,0.005203768352482312,0.006221622820820259,0.26674110616197605,-2.625520465297626,-0.02121918752409611,3.6957594178217907
-0.00605784292902674,0.006726507941171925,0.005171229554250058,0.00622880145194045,0.26963667926606455,-2.616857908841004,-0.04466347195560926,3.679608689141737
-0.006043395634731737,0.0067382481424982255,0.0051448038791698575,0.006242199094423875,0.27336319251115,-2.612592546536512,-0.06660852571550459,3.672209591489956
-0.006799016004500763,0.006081293401379312,0.006363938092156775,0.005198085183051691,0.02627922519219515,-2.431091158824834,1.1175731400243827,3.482016008254733
-0.006776757245894664,0.006103946165346859,0.0063361413275385475,0.005241717721138828,0.03381422032060875,-2.4496300626857317,1.0873869656211486,3.5074612096708044
-0.006786737655615855,0.006092064317761093,0.006347851696870153,0.005219192717913782,0.03010719463504505,-2.4399040455871503,1.100839768054156,3.4933572289733696
-0.006767574675966428,0.006129927450690128,0.00633221241115037,0.005288767291449419,0.03968526873512473,-2.4716025595996993,1.0759725012062946,3.5450375747037195
-0.006764446754546654,0.0061140674691575235,0.0063194002176871706,0.005261511580040723,0.03760936061114895,-2.45761130489143,1.070204516761336,3.517350243483302
-0.006755372783380821,0.006139850606064368,0.006315291069584664,0.005308159802466616,0.0435391865441396,-2.479320351020983,1.0585694445985359,3.554503138140872
-0.006743290605613302,0.006149994384921853,0.006298549799621662,0.005327806921343866,0.0474495893593804,-2.4870745134268666,1.041224194734301,3.564168719980046
-0.006731194995842719,0.006160135732880286,0.006281651963525044,0.005347336532185998,0.05139390970278771,-2.4946632842705134,1.0237244559661018,3.5735925600608405
-0.0067188326243100525,0.006170154664995865,0.00626410122132398,0.005366565120222677,0.055363929598322946,-2.501943907876622,1.0057060133867957,3.582406276060644
-0.006965817161481124,0.0059723315467586835,0.006590593424071647,0.00496473582904644,-0.01864906958096903,-2.3280966704386468,1.3400526998917914,3.367055122566843
-0.006978316374245869,0.005962787891770748,0.006605942470430884,0.00494407665829262,-0.021998757155403222,-2.3181657845522707,1.3555068462203677,3.354740079795866
-0.006991077757771152,0.005953249782893344,0.006621600135808515,0.00492323034888001,-0.025318884838581277,-2.308057782212412,1.3711936678851488,3.342299762694769
-0.006950900799185879,0.005965484626424985,0.006561106482097825,0.0049582513510025026,-0.0164903759495004,-2.324753527233747,1.3159391595084748,3.35259409650573
-0.006861898050694762,0.006031023633831646,0.006446640408583189,0.005096774931350477,0.0077065184525410045,-2.387779833726944,1.2016847246131201,3.428486490471213
-0.006938169622642722,0.005974114070659623,0.006544684893146561,0.004977135408898321,-0.013197930701686731,-2.3335998772435698,1.2998085087737545,3.362900181821137
-0.0068750658906235745,0.006021816148066329,0.006464242997811286,0.005077469167212128,0.004088287875905517,-2.3793348407637063,1.219103909387188,3.4186986600311795
-0.006888280114107161,0.006013400880154531,0.006482239436869469,0.005059380368341925,5.831768496971107E-4,-2.3713750099366524,1.236650099723127,3.4099474760753368
-0.006900625924278218,0.006003768310753118,0.0064979482268438605,0.00503933562133594,-0.0028628787616648416,-2.3622994896639047,1.2525435166204162,3.398729485175579
-0.006925149917289041,0.0059834016800940975,0.006528037979507265,0.0049971160218399225,-0.009763056753229318,-2.342870488565332,1.2833140125730809,3.3739500604546753
-0.00691257801323477,0.005993377819416127,0.006512417347485199,0.005018015353688301,-0.006288643832674189,-2.3525085258551286,1.2675079915617842,3.3860073327438287
-0.006845232305184677,0.006022453363618314,0.006413549166033621,0.00508636520119296,0.009443820349031318,-2.381215660998961,1.176112313955045,3.408388060745439
-0.006794774003172198,0.0060631554640029894,0.006347744362496357,0.005167630877672414,0.024122241905041145,-2.4155388344983817,1.109489981048182,3.4509365889929255
-0.0068071421775073694,0.006052972993893839,0.0063639754332803855,0.005147523241477065,0.02044657051495211,-2.4071800571029693,1.126005759006503,3.440502562232662
-0.006819585654024554,0.006042790057424607,0.006380199627662872,0.005127291205875625,0.016791757168561097,-2.3986719322159966,1.1424880631451197,3.4298901403841904
-0.006832224806283053,0.006032571657842296,0.0063966034293401,0.005106844262791487,0.013125638508248978,-2.3899828446868194,1.159101432836165,3.4190935095105854
-0.006706306845048127,0.006180382571416349,0.0062462198760329345,0.005386058812705828,0.05942200395567495,-2.509206488143906,0.9873343676671854,3.5912092368637327
-0.006694114655455327,0.006191080059191508,0.0062289856027030405,0.005406226498945121,0.06353871879949734,-2.516747975137825,0.9693158378835359,3.600757894227671
-0.006659053478732464,0.0062229930814002915,0.006179070863573816,0.005465595940075216,0.07580219300526585,-2.538469959288081,0.9166387708288647,3.628744601190846
-0.006682279693007605,0.0062018996984955985,0.006212292367491622,0.005426462212675831,0.06767593966157691,-2.5242840232364894,0.9516728017663558,3.6105151849778943
-0.006670631302395439,0.006212546187317731,0.006195723806436959,0.0054462635425795635,0.07174549955365023,-2.531539528634323,0.9341636710617384,3.619885467632265
-0.006643493308260698,0.0062173549053908435,0.006149416212734197,0.005456487711838372,0.07720967940912894,-2.5302980732035034,0.8946245297955769,3.6079810573657984
-0.00663105792421621,0.006226897749249464,0.006130829118312497,0.005473961079623123,0.08116903812994908,-2.5358702138828484,0.8760083540303886,3.614186309131402
-0.006607052474571507,0.006248963015529393,0.006095844543346541,0.005513772327583141,0.08963219272352975,-2.54921836740872,0.8393944649289903,3.6312871684291914
-0.006618315583445396,0.006237403400311512,0.006111918966069932,0.005493016676287419,0.08536674450947353,-2.5420051537819996,0.8567825624154829,3.6214395858335986
-0.006555875585959971,0.0062729084457254095,0.006012800923538161,0.0055561193128354424,0.10234156125950074,-2.555499253907085,0.7644750184088175,3.627401384089333
-0.00656816944488547,0.0062624020370610585,0.006031365852123354,0.005537755980414887,0.09820105734938467,-2.550195474515842,0.7832668466010548,3.6210968887409822
-0.006581033404073516,0.006253129805422603,0.00605119708432043,0.005521435375427981,0.0943061691209759,-2.5459139524062913,0.8025445495294505,3.616962877816967
-0.0065926316044056755,0.006245819586441532,0.0060693300925016526,0.0055084502974570085,0.09100583015291805,-2.542778589074344,0.8197308817457312,3.6146791142343373
-0.006514331043717688,0.00633387809584832,0.005955545257500216,0.00566232764862224,0.12266747060834944,-2.593559171726732,0.6936188780190163,3.687080126907027
-0.006490840751573965,0.006357262733753121,0.005919189478819745,0.005702080232167191,0.13163310264849437,-2.60451117820187,0.6552157695579105,3.701569670316173
-0.006501773684082955,0.006345139333217711,0.005935892004507713,0.005681432593551098,0.12710553195893784,-2.598464228579789,0.6734973629809698,3.6929938376388516
-0.006543823500584818,0.006284310505176738,0.005994792610966576,0.005575937518057637,0.10667508302951144,-2.561452280494293,0.7457274468697402,3.6350741840599468
-0.00653212723603823,0.006296815522946696,0.00597757296969667,0.0055975916815787915,0.11114992571285832,-2.5682616723045375,0.7270988896326855,3.6445309165047335
-0.0065241923352993125,0.0063090568108634375,0.005966771357024071,0.005618864883497768,0.11527693412932656,-2.5759466774063706,0.7134260948611754,3.6567371336284777
-0.006510816571166356,0.0063166240173307825,0.0059450393553394125,0.005631483530150201,0.11871732360080094,-2.577661553121495,0.6935219061033014,3.6563743759123484
-0.004403072946950485,0.010908865937527936,-0.0011802092505011246,0.007462373310978898,-0.09765445214688978,0.752289939472798,-2.0451753825195422,-0.2669509048241472
-0.004363856623608176,0.010840599941805643,-0.0010803046055053616,0.007453897840620035,-0.08579587713717195,0.6822665761003569,-2.034163379467213,-0.20777526536345256
-0.0043865628722393815,0.01078111022218933,-0.001016404932454343,0.0074998145205260255,-0.0744884726950211,0.6363412139827953,-2.0647787761667056,-0.15224135338860903
-0.004411970366654774,0.010661755190526109,-8.753013527850912E-4,0.007567993486565194,-0.05100768346650245,0.5367970254983064,-2.1079086310526516,-0.03971291528237109
-0.004383155293163062,0.010718961521950237,-9.376397486075917E-4,0.007519636300750212,-0.06333475564094264,0.580953428699048,-2.0754235239820233,-0.09583393930882415
-0.0045056369790652745,0.010164316931028337,-2.2927919686686137E-4,0.007769540425804319,0.06310808374243383,0.09314134758180462,-2.219450119857291,0.4565628387291479
-0.0044476733668058705,0.010221025269181514,-3.013062958171124E-4,0.007703246844329757,0.04389592463029902,0.1393945058825888,-2.1751714671677402,0.3864491785415263
-0.004431072583264018,0.010332619603567725,-4.491780343726416E-4,0.007670343517256089,0.018095102222640352,0.2402344627133202,-2.1597524665766774,0.2754158301298935
-0.0043972649284194296,0.010274605898857947,-3.6676956790248743E-4,0.007644649221565574,0.0272716860236365,0.1819213846025232,-2.13592381186453,0.3235496114170351
-0.004386818544903614,0.0103864879692121,-5.123472167629692E-4,0.007615368574160654,0.003256094190290486,0.282652912875669,-2.122963270575194,0.21525154755294226
-0.0043553052511703,0.010449241644322057,-5.8711265416727E-4,0.007570534812932358,-0.011791827182880106,0.33407444755126114,-2.094136544253559,0.15065529511959164
-0.0043649358794087545,0.010609202975443368,-7.936010745038118E-4,0.007537947129082105,-0.042348898280552716,0.47937321248854553,-2.08151449952021,0.0033811467477980364
-0.004330457755232356,0.010530318484410366,-6.842509588360303E-4,0.007526174867003501,-0.029119282091222054,0.40207844162121187,-2.0668081524667077,0.07152852348310178
-0.004668549331970856,0.009194726452692356,0.001162125777998833,0.007774788805966464,0.2905164872157738,-0.8088561723086887,-2.1229339861834813,1.4579011710260723
-0.004651517998349995,0.009244702361673587,0.0010863083566550501,0.007777678694318807,0.27842143958637755,-0.7622853922671711,-2.131503429669863,1.4026635395592104
-0.004595409207257408,0.009692760864765499,4.403936270913023E-4,0.00784639413567991,0.18333983827285463,-0.3470219896673019,-2.2323069858400406,0.9505065115472425
-0.004626781379857641,0.009343668319830713,9.402325762403194E-4,0.007788986405720852,0.25618143975919005,-0.6708734196406162,-2.1518905327620605,1.298092454368281
-0.004629044990447208,0.009296588133690364,0.0010060709966546284,0.007774134385259076,0.264127671291465,-0.7132525108474229,-2.135357163069951,1.3424188958185679
-0.004601839080336895,0.009487936206257411,7.31330282531638E-4,0.007807812249086894,0.22491085172556607,-0.5377487868360924,-2.182297480132114,1.1503749985672862
-0.0045962575874949115,0.009381692123256263,8.772283812440551E-4,0.007769512363741535,0.24178514292532333,-0.633697860718467,-2.1421496257668813,1.2464402662585006
-0.004586619439977018,0.009444418879124311,7.875549807425003E-4,0.007779036370936263,0.2286138263447713,-0.5763872477499611,-2.156336965998611,1.1834531121452276
-0.004590644689468745,0.009526668266700494,6.741329794415974E-4,0.0078061245729717866,0.21507438923685382,-0.5015667688097505,-2.185329049883666,1.108264178532267
-0.004599978197894374,0.009611602700411354,5.566005850190454E-4,0.007835977823810318,0.20087768469003836,-0.4232846544041156,-2.2162783937920856,1.0313802157224374
-0.004576573188503071,0.009566134114971005,6.154482630028313E-4,0.007800746217109937,0.20402562014510123,-0.4646681451132812,-2.1856505612154677,1.064197839406182
-0.004565516785574052,0.009652197180432916,4.924530294317065E-4,0.007807077917816838,0.18492234425802165,-0.38485690151898333,-2.199411159072346,0.9771106718965178
-0.004580963668291021,0.009741598764604889,3.686580249515642E-4,0.007838354225467284,0.1699435823992674,-0.3011907384377628,-2.2312857758480322,0.8968584551199773
-0.004572530769486155,0.009800128829597025,2.844329739250542E-4,0.007836605254726183,0.15560828796647833,-0.24627248934502605,-2.2357350813696226,0.8363420069976188
-0.004554919723297907,0.009854484180773088,2.0564933286340182E-4,0.007822842302515445,0.14025049977466422,-0.19572168535035986,-2.230896176153333,0.7766079556733625
-0.004501078063354703,0.009956193357085578,6.018101093172072E-5,0.007770862707105525,0.10885078570537624,-0.10290349512473362,-2.2021002776910343,0.6585410008066551
-0.004509607135748462,0.00987353454673675,1.7554352508084936E-4,0.0077759764041059444,0.12819319694650055,-0.17937281379534667,-2.1982720643675826,0.7414265740737053
-0.004494232801358716,0.009904300899882802,1.3187629012641316E-4,0.007761606437600424,0.11887753657866348,-0.1515174206157351,-2.1905244420022716,0.7063715065696398
-0.004434601796858187,0.00997455773940572,3.362615748061935E-5,0.007701617443226298,0.09448862884164168,-0.089866445950719,-2.1528027922483535,0.6195350081824601
-0.004467397285889703,0.01009147651186297,-1.2629909011883909E-4,0.007734043789590002,0.07450651302452098,0.020989936155050855,-2.1871074928820082,0.5169256551801946
-0.004429663852130437,0.010034280545558417,-4.719564096047648E-5,0.007696513935518986,0.08120194620240938,-0.03520840816475149,-2.15429955640962,0.5610405340025003
-0.004700161550210107,0.009035667099062481,0.001393097459743619,0.007732393469435079,0.31934865863969436,-0.9521590696113745,-2.0703456865021717,1.617744959786888
-0.004676521340453154,0.009101105989909944,0.0012931514494082725,0.007740233401927909,0.30482573390534,-0.8915967277457109,-2.0852962808749145,1.5454735811326976
-0.0046949954424424425,0.009077060229675036,0.0013346809635252888,0.007748022067985869,0.3139317509863703,-0.9157747708130856,-2.087550994002126,1.5786883511162269
-0.00462622060381644,0.00915026128352984,0.0012035347562962696,0.007710230243347494,0.28385356330456174,-0.8405469011488161,-2.070232178566981,1.4705586864269693
-0.004644075098713121,0.009111701752991731,0.001263352095155902,0.007711089182183842,0.2938627719186868,-0.876686021244458,-2.0655751623084764,1.5151567249372855
-0.004664269600549049,0.008988170021085479,0.0014369724095809103,0.00766957717174982,0.31351006807731446,-0.984048944839037,-2.018318003161155,1.6323912098190172
-0.004649067000472497,0.008928674987343687,0.0015056174500135187,0.007621034254827709,0.3138531564795551,-1.0284447495706148,-1.9749884965951232,1.6695395219350797
-0.004676368580564354,0.008894701036996185,0.0015648875530053523,0.007629539665427107,0.32508942965748927,-1.0624715887588314,-1.9756505084794884,1.7162037123032208
-0.004704717426296118,0.008855765574102645,0.0016317599189794474,0.00763551409394892,0.33713748933714766,-1.1009911775146384,-1.9736060488008604,1.7680486479034345
-0.004780563619634853,0.008744784622577433,0.0018224425935357475,0.007642910837916977,0.3687443151955133,-1.2107681894263513,-1.959288379274859,1.9141749970112918
-0.004737603205317808,0.008817912555055108,0.0017007531243993063,0.007646075935035615,0.35028462320387727,-1.1402669917619155,-1.9745298104809808,1.8230201135831625
-0.004757560939885529,0.008773071497372652,0.0017710159123062329,0.0076378546450572285,0.3594123171895147,-1.181418006510267,-1.960908124542664,1.8734680644081922
-0.004819768293848485,0.008671207939068332,0.0019431705545230945,0.007632470941424808,0.38459768352096285,-1.2808220116824443,-1.9378138176106783,2.002997139797554
-0.004784564322032388,0.00870502749791967,0.0018756310230211505,0.0076198228003087265,0.3714389388554063,-1.2427310439412251,-1.9358230875824085,1.9471991856797966
-0.004804812583384578,0.008624598203481628,0.0019905518928268456,0.007583140206298363,0.38052965685186907,-1.310274579698157,-1.894638214472608,2.0227632943847844
-0.004805323421858866,0.008577836616127812,0.002048256161260253,0.007548712997010509,0.3811267944004027,-1.3441313749404655,-1.8618136487298103,2.055066970155139
-0.004773298584117935,0.00853922969757294,0.0020701198911169884,0.007487089883331356,0.3708745795670964,-1.3582835857883515,-1.8129674866339471,2.0508111358816303
-0.004750086511871011,0.008503670194602875,0.0020938751861758437,0.007436779706122996,0.3630491345649975,-1.3730323022725182,-1.772711101100871,2.052330703753662
-0.004753630765521694,0.008469128905322613,0.002136450749397562,0.007413153888400728,0.36393532987154104,-1.3969560941337607,-1.7499825202195545,2.0763747279461855
-0.004789324098704135,0.008436552289468876,0.002202344021155267,0.007421728684166447,0.3747829815963208,-1.4330704427454097,-1.747585662418443,2.1286348879457875
-0.004820094252136551,0.008389257352620959,0.002281619030339648,0.007412594028523164,0.38358018850502457,-1.4767401897104635,-1.730175463227688,2.1854002254646248
-0.004849708640415925,0.008350881037954068,0.0023502021074075044,0.007408751962955652,0.3920330827098029,-1.5143099262998494,-1.7176920800194233,2.236062597331816
-0.005027580057929055,0.008128390802938742,0.0027613846396837886,0.0073745858105686984,0.4351049277829398,-1.737771650227437,-1.6262958516789627,2.5413632857305584
-0.00502322866079201,0.008081944072912557,0.0028061834973403025,0.007323389085471164,0.4281482837092891,-1.7592676455622807,-1.5811330461895314,2.5545884832071906
-0.00499588325736617,0.008161818437234928,0.0026939209335823536,0.0073768764162369365,0.4276066750581999,-1.7011474657659404,-1.6400048766245818,2.4893033062635523
-0.004958443672476488,0.00818794832534317,0.0026293530763196603,0.007365886253036385,0.41770615680564643,-1.6655425475018844,-1.6433377820689257,2.434526445107156
-0.004875837301524686,0.008308569562593527,0.0024205162858143077,0.0073971136778962,0.39851641397299614,-1.5525942856902395,-1.6990149120915252,2.2854789613723594
-0.004897513702580091,0.00826484691716816,0.0024884652091620887,0.007378813217050002,0.4032167037737762,-1.5893263692248423,-1.6752855541871947,2.3306386889165673
-0.004919486933136963,0.00821666081801896,0.0025613599821420027,0.00735552532963206,0.40738298685337876,-1.6283428882753923,-1.6468776706441852,2.3776699932830403
0.00495159009070213,0.007832316507165437,-0.002971360278373874,0.006998197237143087,0.37598988810319284,-1.819022405625882,1.3262019987497042,2.5415789240164623
0.004977078266191267,0.0077792501537086445,-0.0030448644854293087,0.0069622037736234025,0.375322699839077,-1.8518562063919466,1.2879036639250543,2.5802060462233576
0.004960696599687753,0.007725611908258332,-0.003072010778128103,0.006890321566381678,0.3635409596428389,-1.8578717783521805,1.236115515269738,2.570292738051879
0.00488661020347025,0.007913389373685383,-0.0028309595601037616,0.007028029555817964,0.3683924176093299,-1.7510393751967819,1.37317135356586,2.450783713940806
0.004892530433464093,0.007848972668619112,-0.002894508707988333,0.006966533626223744,0.36229143578372575,-1.777592401018606,1.320856034967621,2.4725110143584206
0.0048240394323334395,0.007934884515026101,-0.0027484120086294175,0.006997022813365207,0.35434241189815324,-1.7069585760996808,1.3677838390302826,2.3789331104305584
0.00478486186487859,0.00820512622697372,-0.0024500220224749725,0.007219029222122063,0.3642408952454706,-1.5647816226839415,1.5670505611355898,2.24257546854625
0.004758298818437028,0.008253307125335618,-0.002376554855327354,0.007237552095020733,0.35877016570570663,-1.5263287133912475,1.5908929881589704,2.194895772811688
0.004755692053197289,0.008158309274484393,-0.0024710865720681554,0.0071505957875886966,0.3535447761102606,-1.5733595369876059,1.5164458385718955,2.2335658976906667
0.00470138056089757,0.00828843414668951,-0.002290899077114666,0.007216073134715006,0.34420578727879797,-1.4804870725818609,1.5877996954825944,2.1245113178982535
0.0046487322712688945,0.00839703211872079,-0.0021330909620076474,0.007257110026456098,0.33181475227616225,-1.3964638741869135,1.6377039893209577,2.022780130954596
0.004596300241091722,0.008446703220848137,-0.0020391102588772354,0.007247809638062932,0.3171519179678807,-1.3458384783707051,1.6426761838801536,1.95145396377837
0.004546903127622408,0.008501715050874546,-0.0019432017485669334,0.007243851257805926,0.303628128945646,-1.2939001014045484,1.6513271085463261,1.8809278162507581
0.004515755536960707,0.008564793698085302,-0.0018526211073619102,0.007260544688159107,0.29419251550806347,-1.2440660707965594,1.6733578276187664,1.8203631628831567
0.0046319287930738145,0.008326355250116692,-0.002193923565858475,0.007185112132046625,0.32582823430574465,-1.4287053713260105,1.5792907781253918,2.0440632679250506
0.004765733089424137,0.008100891482159004,-0.0025368008522453594,0.0071068124419066325,0.35251276569767415,-1.6057987855371765,1.4762982800773194,2.266011796604882
0.004767985609086465,0.008032743143494229,-0.0026038922456017998,0.0070448414752115615,0.34791577672783974,-1.6369815171086575,1.423929316038704,2.2923910454862724
0.0047612722534054845,0.007958394197401724,-0.0026656674185232105,0.006967993574907156,0.34034964103206317,-1.6635779499424423,1.3628782715261123,2.3090369003648727
0.004440343842840798,0.008608583016035062,-0.0017537637998484813,0.0072221517860355045,0.2734918264048629,-1.1909595410596536,1.6563768326873232,1.738481398727041
0.004405681023105089,0.00874817323427391,-0.001578847719515995,0.007279214646260484,0.25853486045633384,-1.0912011593705164,1.7148722898301407,1.6277522887624125
0.004382248252375955,0.00868077880265877,-0.0016383842126881717,0.007216627347371357,0.25611015355587163,-1.1269877441021148,1.6640954137274253,1.6539229202790386
0.004207175378527677,0.009486795739051986,-6.289444534719269E-4,0.007408870876911965,0.14025925611139436,-0.5066824514689315,1.8904063713605648,0.9679967574221997
0.0042467647739455805,0.009417045903099528,-7.237443944803588E-4,0.007427953670644835,0.15728515151878317,-0.5664246488765662,1.8974683962110646,1.0424529160612346
0.0043028816296242335,0.009346848163439907,-8.26296159377257E-4,0.007460561245846002,0.17769796128847612,-0.6294097099426746,1.9140568295657925,1.1262261321084768
0.00435483847086549,0.008946053795133883,-0.0013261525336802913,0.007342416138624268,0.2329758586977437,-0.9419758767288354,1.784583073711925,1.4609946607369297
0.0043510595851175785,0.008808284835328325,-0.0014801027605634016,0.00726457989687889,0.24190147669264514,-1.0355172985854804,1.7136696141807117,1.5525121055652724
0.004308540265846655,0.00887502551627782,-0.0013824836939386757,0.007262748876200559,0.22763170347874465,-0.9791943947367959,1.721392297173691,1.481430811460016
0.004307405263059007,0.009020904954653804,-0.001216535673067129,0.0073350411943148295,0.2155362716719517,-0.8774563449276661,1.7886468567970837,1.3791665897689926
0.0042667380972266225,0.009261864733172444,-9.166816176624028E-4,0.007396997204277202,0.1812904585128806,-0.6906908636732868,1.85940648583509,1.1759610864741112
0.004259297946998832,0.009100450863764535,-0.0011031785302331766,0.007326286203313035,0.19746336907823103,-0.8097233696183498,1.791674628281415,1.29418905717073
0.004233233050101209,0.00918506826048899,-9.945667837463253E-4,0.00733685744956865,0.18298006904927383,-0.7428944174785287,1.8081992073151831,1.2176093141957924
0.004135675703955419,0.00952255889926964,-5.694283256652724E-4,0.007350264189721639,0.1230249822511527,-0.47200832980536234,1.850663045300012,0.9092480101212982
0.0042015790372034395,0.009782997934094219,-2.667018318625851E-4,0.007456424491186831,0.09438262229648404,-0.26354120363089834,1.9528578606496618,0.7161921651487709
0.004145870216740502,0.009614238151141178,-4.6302628934427164E-4,0.00737869267567405,0.111737477458165,-0.3998780757715035,1.879896985823884,0.8383854147171735
0.004168196114514766,0.009702004123042689,-3.6133538773526784E-4,0.007414276392605419,0.10216667491060936,-0.329865000972807,1.9142174188371006,0.7735561776623406
0.004142879297993925,0.009861751631054945,-1.6552523374781434E-4,0.00740729201609515,0.07363536215982196,-0.19722504147671166,1.9227452172278559,0.628962956130788
0.004068987365945116,0.009938410525253625,-7.061310693292154E-5,0.007341895386352407,0.052600738750812594,-0.13474939877301312,1.8796274311900523,0.5417781506396756
0.004131605687230656,0.0101529835339327,1.8572202547540126E-4,0.007396295547259,0.024160418084329744,0.0466932818610295,1.9384985485891641,0.3737352308246334
0.004059995352974604,0.010041201612692759,5.0011801740633877E-5,0.007334286206012751,0.035402652731145796,-0.05086452388342221,1.8822769151578025,0.4524863985011422
0.004127554344868913,0.010339715991728811,4.0836185459710385E-4,0.007371095150915621,-0.007619507527108907,0.204143495105812,1.9339412364599615,0.21000508255450842
0.004064923788098467,0.010255879048082677,3.011946404931762E-4,0.007324504927759907,0.0015112870260173968,0.12662369054753372,1.8915982299377754,0.2708296983847316
0.0052400964099488774,0.007186765340155942,-0.0037782282398717043,0.0064495877872399535,0.3235675920287164,-2.1139799782741684,0.7952426485394389,2.8637658484876596
0.005451150418235905,0.006902407510615457,-0.004193083938114072,0.006195317859436548,0.2861377867049603,-2.228766589886759,0.5228951279345485,3.0069532791094624
0.005326055118106108,0.007104474343900366,-0.003933717672483698,0.006396315845032751,0.3179994129070231,-2.17019026599588,0.716094423098144,2.942491486933646
0.005357371676007728,0.007042877064369394,-0.004005462979701422,0.00633322593008008,0.308345801080328,-2.185919098103598,0.6592560191970936,2.957625218353729
0.005368336923246517,0.006975606730128625,-0.004050601973075524,0.006249506568722478,0.2947191289669569,-2.184385239330225,0.6021116044263836,2.94346626899514
0.005381457245366519,0.006917977227780763,-0.004092273475965489,0.006179404966072653,0.2836644184951748,-2.183843121098468,0.5535982233533323,2.933290740422739
0.005253646211053951,0.007120280150988965,-0.0038310857313625974,0.00637264533204216,0.3118936894326429,-2.1204383985534396,0.73828172608243,2.861215734986184
0.005081599819114648,0.007529014149121409,-0.003362631398252731,0.006760910206405209,0.3602238634991558,-1.9808031123553713,1.0888216562970767,2.722249082272544
0.005066598072016877,0.007586153102421209,-0.0033022807814558864,0.006816391549592575,0.36732986932670797,-1.9601474245483679,1.137306829920804,2.7040123130629827
0.005026067950161417,0.007629302139188849,-0.0032223075029911945,0.006834495716718929,0.36449120885328756,-1.9238230133290382,1.1677438832177216,2.6541590483702406
0.005154401973265684,0.007343276119231537,-0.003577603659632383,0.006589381008918727,0.34060595837973767,-2.051831660617991,0.9314197290803642,2.7936953655667573
0.005199340953642758,0.007237323389271511,-0.0036979129755738377,0.0064874646920859,0.32715073520975896,-2.086140971937667,0.8403591640953644,2.8275372891756336
0.005173062229166775,0.007287942825381141,-0.003635039046201071,0.00653354832873347,0.3332425734801822,-2.0672891661402386,0.8837856207049236,2.8067900054392254
0.005073444294283162,0.007450563440679567,-0.0034087039467678606,0.006662023220485828,0.34489314597669946,-1.9866869349121683,1.0185605306127137,2.7096274159919562
0.005024576770817839,0.007492196751527574,-0.0033223301683884396,0.006675607389669279,0.34184526674332716,-1.9487450239355817,1.0481344177899148,2.6554359694595333
0.005107375219660111,0.007392228520221412,-0.003488507303248843,0.006616300338149841,0.34089670037542147,-2.015772811471081,0.971424180222229,2.744202476830704
0.004945866252149811,0.007662461152552258,-0.0031064525260704975,0.006809336333888646,0.35153980561741627,-1.8650174405658506,1.1781592404462593,2.5608875837497966
-0.011737947748741229,0.014688233955621804,-0.00781359763018462,-0.002896505662732225,0.23179234067340174,-1.0916148404176849,2.9284707277564443,2.323894641869026
-0.011750160031457417,0.014698754772367399,-0.007781799321344746,-0.002898476764399122,0.2258942291670423,-1.097427640941815,2.9073045113029203,2.316649653748213
-0.011752667496161629,0.014682750970092102,-0.007804453303408416,-0.002921054897378704,0.23234254341749846,-1.110080848961761,2.917935971775764,2.3426229771585327
-0.011723210871918575,0.014693670662807693,-0.007822661314353324,-0.0028719372233016547,0.23175959471596175,-1.0730870473681544,2.9388558381185956,2.3051899074800586
-0.011735375076764719,0.01470420697977066,-0.0077909262032800275,-0.0028740288773224693,0.2262631739575003,-1.0790756938331958,2.9176223917740463,2.298148279288767
-0.011284983940326766,0.014846455302789807,-0.008027330838574891,-0.0021283214744273336,0.23494295578287402,-0.5016234468306432,3.174692173227824,1.7169966938867172
-0.011289021178877924,0.014830985862161488,-0.008051506913639872,-0.0021483221482052873,0.24206598784882657,-0.5120315800440768,3.1881587185936637,1.7410873218542486
-0.011300215253396598,0.014842400770416903,-0.008020578183854002,-0.0021535373701312547,0.23440506839444522,-0.521606623792843,3.167799805426235,1.7370145751015935
-0.01130419402156101,0.014826911844453403,-0.008044713684201836,-0.0021736221705448318,0.24231407472984137,-0.5321067451631342,3.181182219680423,1.7612254139046286
-0.011204421546021333,0.014881827110555886,-0.008035325839385201,-0.0019824211007249703,0.23613866767095523,-0.396835813206661,3.1898970013479744,1.5990876462235528
-0.011250514622520325,0.014870214863705192,-0.008016212965586413,-0.002058286060563509,0.23510237531972186,-0.4571775640638635,3.170822446519164,1.6594947168649001
-0.011235228324572586,0.014874252492954217,-0.008022395658712142,-0.002033007230545702,0.2354561220889029,-0.4371926220605244,3.1771021803892006,1.6393624953405934
-0.011219835139468039,0.01487811697133215,-0.00802880223333128,-0.0020076850362299894,0.23575164414930286,-0.4170456440065838,3.183488709408559,1.6192061139688503
-0.011265734123533674,0.014866184842118704,-0.008009899260467227,-0.0020834215422712837,0.23464133940485013,-0.47705859527895894,3.164394477248474,1.6794923238144808
-0.011280976185991694,0.014862237121863875,-0.00800324550912211,-0.0021084696829173546,0.23418229572179908,-0.49694286459035514,3.157660368821578,1.699374385160607
-0.011319353867715836,0.014822790206067778,-0.008037843135739865,-0.0021988929804884877,0.24213639247871432,-0.5521164643346909,3.1741084372606427,1.7813077876303314
-0.011315436714144813,0.014838278457622927,-0.008013776839402567,-0.00217875443439915,0.23391649492727476,-0.5415656746989282,3.1607977218895402,1.7570394059310355
-0.011334500554468822,0.014818620992578935,-0.008030895841384932,-0.002224132586851881,0.24164716058780888,-0.5720626938720496,3.1669473569205677,1.8012978246611933
-0.011330639603141368,0.014834103786818627,-0.008006908478944684,-0.002203947822528387,0.2335492727042446,-0.5614859809207696,3.153674876008489,1.7770473948689671
-0.011349633918850096,0.014814404250277427,-0.008023872528717462,-0.002249338632519165,0.24067185074031153,-0.5919566265551701,3.1596915082544093,1.8211739511300917
-0.011345818146392019,0.014829889270157423,-0.007999957718405547,-0.002229098261490736,0.233286983201115,-0.5813497696474218,3.146428250777145,1.797012968536027
-0.011364753797800305,0.014810140026172798,-0.00801677276640739,-0.0022745129257016445,0.23906301768892724,-0.6118195702286987,3.152314549550988,1.8409400431722365
-0.011376128057867333,0.01482139316847954,-0.00798570049129746,-0.002279253986073952,0.23310440984387434,-0.6208790817213236,3.1315428303513033,1.8367072129497612
-0.011379860028177457,0.014805828367996314,-0.008009591678989582,-0.002299672695290197,0.2377480165199677,-0.6316694780151568,3.1447841274206,1.8606632351377366
-0.01136097661762117,0.014825648422368498,-0.00799289890008978,-0.0022541987715343505,0.23317994601635425,-0.6011476354992106,3.139054943901042,1.8169105007903161
-0.01139128170800686,0.01481710999342136,-0.007978375800649175,-0.0023042863328848733,0.23282624839177754,-0.6405575321189793,3.12389903619994,1.8564114532554232
-0.01139495244676372,0.014801469324203571,-0.00800232549269596,-0.0023248307864147783,0.23740579585175006,-0.651497884713917,3.1370829579115616,1.8804238239680042
-0.011387624700277993,0.014833051408129043,-0.00795455222820139,-0.0022838245193979156,0.23144512553006483,-0.6352532563046197,3.1072640972082364,1.837926871735568
0.01384104614619806,0.015290784778781059,0.004713679589968785,-0.0034039562216271963,0.0758004547417644,-1.6053289520243044,-0.7861478782986958,2.036173517233069
0.013429713244107373,0.015466263568677275,0.005034813708209954,-0.003138735128456517,0.07443209016708568,-1.513177553683111,-1.0493525704915905,1.9634818922871868
0.013638633005803986,0.015427412071299041,0.004846545957380766,-0.003228501708062824,0.0728338202697721,-1.542853437876105,-0.9159842922011127,1.97387064143001
0.013332730888365408,0.015624004962641434,0.0050234122786166485,-0.0029532321866164485,0.06676820442654194,-1.4280446919931067,-1.0982100364898921,1.8556087989575523
0.013162005049131814,0.015699282799002207,0.005131614682589019,-0.002822797752950425,0.06639935480854144,-1.367956592034755,-1.195811732038927,1.798910305557181
0.012950748857273632,0.01573885584705408,0.005297180540900444,-0.002700530066323238,0.06806231545150522,-1.305964552830576,-1.3213283917738148,1.7530192456875717
0.012746702425564933,0.01577228239749184,0.005454013924767582,-0.0025735694016209916,0.07004386577456863,-1.2352943565391017,-1.442142558681403,1.697948311494452
0.012554799136237298,0.015791849568679787,0.005605481151591616,-0.00245267199410263,0.07300630431056988,-1.1620248291472957,-1.5568045569999092,1.6418403519870743
0.014535872251838229,0.015341284395624117,0.003997901285278126,-0.0033800302459620134,0.06235689459101318,-1.5164668693362808,-0.41907790505834835,1.8467910298243202
0.014776997187979982,0.015312251122782129,0.00378171831514027,-0.0033895261434585097,0.06059010310672457,-1.4878118528434754,-0.3090758108692191,1.7942456844186625
0.01432532381492695,0.015329390640554927,0.0042050393022929206,-0.0033958893861493005,0.06510352589426524,-1.5493783728049912,-0.5188411326513381,1.9060115846850123
0.01410210260882785,0.015418569177948371,0.004386387853322638,-0.0033002378220790417,0.06536157497778,-1.535336354311941,-0.6448765035986109,1.9059048371792733
0.01237963628275248,0.015804049805468866,0.00574350950214737,-0.0023367984341129337,0.07609962100010441,-1.0869130968310723,-1.661540055647366,1.5839290000353239
0.012233525512859738,0.01578321342260204,0.005887175710650361,-0.002257724188935585,0.08158146640080016,-1.0272939311782807,-1.760791074169039,1.547416060985655
0.012104395713631672,0.01582964655247004,0.005940614686387042,-0.002128774481951971,0.07898320891832218,-0.94618965978919,-1.8161380351050769,1.4666203404904021
0.01195851976559017,0.015825173456694593,0.006057824484612834,-0.0020232519341399,0.08508002660363624,-0.8687262493542391,-1.9031137515495715,1.4053501013877852
0.011836075921469336,0.0159064386801116,0.0060521114655504955,-0.001867840714151692,0.08030207493939652,-0.7739497609849754,-1.924486923512695,1.2954825344107588
0.01168158596147564,0.01593669016749625,0.006120051644528688,-0.0017215805120541744,0.0828724086469247,-0.6721781524945206,-1.9843519931173041,1.198263101596314
0.011520735511265118,0.015943742461253265,0.006211795667774728,-0.001579473715782117,0.08677991135270051,-0.5664037056732112,-2.054724604574375,1.1041898879702776
0.011124095343272461,0.015824112922619538,0.006589446211769769,-0.0012674602629047153,0.10605510786610318,-0.28591106273016703,-2.300559375132753,0.9019720489356179
0.011358812852020788,0.015947402629802338,0.0063002161874254,-0.001431358287471385,0.0889915451279193,-0.45353593060404856,-2.1207648209913295,1.003616587408448
0.011225815245340573,0.01592611043343497,0.0063986027767614344,-0.001317514891061049,0.09489706350102793,-0.3583933825675446,-2.1875910383445376,0.9260997975277213
0.010898079857605025,0.015799218116547126,0.006727654614988949,-0.0010397158242239585,0.11370243067350803,-0.09475703460347516,-2.3929245717280243,0.7381828795231674
0.01099542164651386,0.015879886405724516,0.006570865285221658,-0.0011087964227271213,0.10409094556519922,-0.17976237161050532,-2.2986590689566007,0.782889557824006
0.010156682268627154,0.015810596489999593,0.006889077241780813,-1.897413955278617E-4,0.1249664763586351,0.5642049914995492,-2.469928454147467,0.1073587179590135
0.009977118666081995,0.01579706185733637,0.006914157909436842,2.1844773805342247E-5,0.12834466552639234,0.7296289487611488,-2.4660005671313168,-0.048725920347812375
0.0100541326095945,0.01584016364202214,0.006847557903911949,-6.852141682498676E-5,0.12218465278727568,0.6422950378077561,-2.4370534981710232,0.01792595883589488
0.009876587500404694,0.01580826971574346,0.006892114571468754,1.4034296323236012E-4,0.1248450513612862,0.8117346990866253,-2.4410926680639693,-0.13614812404560647
0.009790581129380731,0.015810908406997618,0.006880113026188124,2.4086075869541598E-4,0.12606368375297336,0.883267378521959,-2.422748809678205,-0.20918652856825445
0.010777503819505102,0.01581703968795683,0.006747301617252428,-9.006378000007636E-4,0.1147626189424378,0.00724628231350967,-2.407809082971149,0.635914674287153
0.01064690247437464,0.015834794726179144,0.006763283912067696,-7.497045704282004E-4,0.11570385369201017,0.11956625660920359,-2.4181585706535267,0.5234030448487311
0.010530334827264065,0.01587612089893193,0.00673244596588527,-6.087556589640771E-4,0.11391944217938992,0.2132164882113378,-2.399418548806963,0.4167996360341624
0.010413102526008897,0.01589224229114443,0.0067327934865630676,-4.742341398180102E-4,0.11334050738969971,0.31129436372683855,-2.3961716001722206,0.31603693447318865
0.010264159529740673,0.0158860164742827,0.006764109332344455,-3.0717159964731945E-4,0.11560608152343946,0.44227147994457416,-2.406914258378564,0.19231462657263945
0.00957391864581726,0.015716800347908583,0.006991207838840164,5.136147441313141E-4,0.13552710829384754,1.1246003019001847,-2.4453675297145474,-0.4075301315496685
0.00964041778690674,0.015790879991441582,0.006888889430704279,4.1972612682860305E-4,0.126273123175245,1.0201536774696909,-2.402763627885449,-0.3389088534363303
0.00972473370724079,0.015837404243229727,0.006830946658610117,3.142989430263446E-4,0.12020014881012264,0.923715663766307,-2.385525307138925,-0.2632932840358254
0.008441654760375289,0.015496197257957598,0.006751929231858136,0.0019031318593640972,0.108118667153397,2.0696828673999104,-1.9786330557593195,-1.3277526010525624
0.008358329081916863,0.015484730651814594,0.006702304560397541,0.001994610690458223,0.10179482215754418,2.114874357697399,-1.9229271660497846,-1.3786982807371477
0.008271680143717,0.015483266700079957,0.006633568352602553,0.002078936041756341,0.0949679955850724,2.1466699334624058,-1.8591362712574357,-1.4220462523234538
0.008032915411895734,0.015238830485165824,0.006741833438007474,0.0025236634644007594,0.09521041015053146,2.5058484118564803,-1.7513973653216788,-1.6932432038544543
0.008100067817465653,0.015284426071694274,0.0067470335601179455,0.002417431671729985,0.0983709584002879,2.43376432442675,-1.7952150529401472,-1.633273260896175
0.008153539619475222,0.015339839536125636,0.006723088163330492,0.0023154552900071556,0.09737268699985362,2.3515846830466023,-1.82102844671222,-1.5717535611814957
0.008172701546782459,0.015406459892754847,0.006651384249982452,0.0022372210394265677,0.09356238132077203,2.2648031885024653,-1.8127664764223994,-1.5169643025746729
0.0082068379488433,0.015464595229389779,0.006603834096507372,0.002155077600427737,0.0901915044418578,2.187728679956802,-1.8177519119810204,-1.4635761625935384
0.009487966824947524,0.015725131088188755,0.006957009057595811,6.141297043410635E-4,0.13163047889215373,1.1891067962814181,-2.4094424976514968,-0.47890500226687155
0.00941117406977277,0.015704357978848643,0.006967527791886605,7.107397027506903E-4,0.13335678586574243,1.2655185261857718,-2.398348453766113,-0.5475283747835257
0.00927973128283111,0.015703227540063477,0.00692503870360045,8.651306996524849E-4,0.12948426718686654,1.3674297839488192,-2.3448961274074995,-0.6552016246917324
0.009348508849700347,0.0157403459841362,0.006891831225129473,7.726849647490844E-4,0.12570940701891334,1.2872424123276056,-2.34466646070348,-0.5904594508194515
0.009199675946084668,0.015733957725332825,0.00684735281227851,9.451193292667935E-4,0.12225065181313295,1.4008153834088206,-2.285518352961524,-0.7088287948190377
0.009122180427186682,0.01572544906745167,0.00682788400320416,0.0010356818034002676,0.12123020689200972,1.4612645690276844,-2.255364048672451,-0.7694125240235024
0.008646123941526404,0.015573703943264804,0.006788880731643043,0.0016374959695745256,0.11399462250290783,1.891837036366799,-2.079537442490501,-1.165015647648272
0.008554562141646294,0.01557420239619853,0.0067251846309756185,0.0017316472728244067,0.10701666978382963,1.9353108889550834,-2.017991361769495,-1.2193406997417051
0.008476009761747352,0.015551779031318842,0.006699963225976216,0.0018268378950634097,0.10426193239638273,1.9936886714784658,-1.9756984797624635,-1.2758987742930548
0.008988327056627051,0.01569252162234363,0.0068146892526367185,0.0011995594863455454,0.11928069791247116,1.5786615961883508,-2.209973023221508,-0.8801068308659229
0.009045788293643853,0.015755835353960673,0.0067484305748158535,0.0011062325469740513,0.1141623756895536,1.4863975060477284,-2.196613651595948,-0.8143378959282009
0.008863758720073375,0.01564076047152154,0.006825273522214063,0.001363339168062126,0.11974201263055147,1.704064845515697,-2.1748771371373543,-0.9893000224315235
0.008913581695510767,0.015692337804654743,0.006776413536515884,0.0012811631030716277,0.1153018459438814,1.6252514697536475,-2.1695098071177634,-0.9321910484541108
0.008780006158095596,0.015652593300735134,0.006759297499451423,0.0014463837707380403,0.11324964491516916,1.740562486012266,-2.1176827356962913,-1.0396574208993525
0.008687363906782725,0.015651703064270085,0.006703745475144352,0.0015439153274892788,0.10742918823735982,1.7910822885495643,-2.0614404405732887,-1.0987186314602362
0.004087119590577399,0.01043538280967232,5.1323583725172E-4,0.007316439122943605,-0.026004203645339296,0.2786632309179122,1.8991056950810161,0.12079959920491144
0.0040771599837681125,0.010527360636120258,6.169112286996666E-4,0.007287052366899067,-0.041440572908503705,0.35280827819242117,1.8832993791725385,0.0412307743609086
-0.004505101446686582,0.011088798260206444,-0.0014494212403452335,0.007471844976853332,-0.13061578072327665,0.940130598985457,-2.0636664761749848,-0.42616176001638156
-0.004438438760981306,0.011034808666204224,-0.0013491497183004705,0.00743592241515528,-0.11991291661448962,0.871272413066733,-2.0332590044002337,-0.3783527552543544
-0.004374453417361809,0.010978086485002344,-0.0012500128423888356,0.007402821603549644,-0.10943760897294862,0.8027324138559155,-2.004612927252492,-0.3292625420457517
-0.0044906820321410235,0.011165228773051686,-0.0015325474701517391,0.007414923721824494,-0.1428676331986474,0.999532594177106,-2.025175381539089,-0.49349586746660234
-0.004591892033340128,0.011391605768363523,-0.0018594696174384603,0.007367075104283658,-0.18152857594230645,1.226551307348158,-2.001342190525129,-0.6939199528813306
-0.0044696344402870075,0.011242518388724396,-0.0016097600332260805,0.007349142729528877,-0.15397692760734147,1.0551191175703425,-1.9799234055283959,-0.5591034953901098
-0.004530513233351739,0.011354709684466202,-0.0017759363475960295,0.007334530571650994,-0.17305149427363412,1.1703571607075949,-1.9750305713030405,-0.6577795513494896
-0.004462749272479106,0.011311884551662876,-0.001683777478831153,0.007299593458540821,-0.16367886996089773,1.1081690901650576,-1.9462396528378207,-0.617051849860479
-0.004757274909486171,0.011782650035455583,-0.00241475701578253,0.007210566819910398,-0.23992623859156384,1.6076547133481547,-1.899770856840089,-1.0331687732321937
-0.004757025362998768,0.011834712147152525,-0.002467208223469253,0.007163734331464518,-0.24401617198768372,1.6439237119707442,-1.8661329774418571,-1.0724593558245865
-0.004763780735059197,0.011721297921600047,-0.0023566521057623233,0.007270261625094378,-0.23503282598750194,1.5666931999487383,-1.9428426149550695,-0.9864611012875159
-0.004712488587054857,0.011678919687719414,-0.002268146998776007,0.007259243961978796,-0.22583459421377314,1.5075574608262545,-1.932767713341662,-0.9444345611865623
-0.004654668083359647,0.011564291692911429,-0.0020981920580076005,0.007298589175549218,-0.20847179325469198,1.3916645025468917,-1.9576516871552962,-0.8440816269674546
-0.0046699283411248136,0.011631302702349086,-0.0021825534977729173,0.007259502834486336,-0.21694260198428514,1.4497179361905816,-1.9310363178146808,-0.8998591293324242
-0.004587525110047787,0.011462368461846971,-0.0019358014417666894,0.00731282270668484,-0.19093226712301128,1.2806533052342515,-1.96384240947396,-0.7526090505784779
-0.0045851747205016185,0.011535918437127332,-0.002014348963841637,0.007256458392307932,-0.19986345165829425,1.336109704868891,-1.9247686247819777,-0.8120866970256803
0.005110517906739488,0.012548986130813001,0.0034507090871630235,0.006691862243474817,-0.2952695982750709,2.2889977599701044,1.5127480112542562,-1.6354733704590116
0.005041860202730633,0.01252465484050734,0.0033521266285119733,0.006671095436206754,-0.28925599139819025,2.222862597172588,1.5003189217117407,-1.5945813459348896
0.004393507362490935,0.011183909887800074,0.0014982914232961426,0.00731290647748305,-0.14256812277115127,0.9788584841867259,1.948928439650235,-0.506188249021645
0.004391294333383269,0.011100578117447912,0.0014018345262382772,0.007356778527388883,-0.12958530498052498,0.9105793124787086,1.9771784973052036,-0.43566197808648993
0.004324561551447818,0.011042340504935397,0.00130048271741238,0.007324697490916895,-0.11924370580513415,0.8402298320679332,1.9492418212553553,-0.3851757214329124
0.004268301355415056,0.01096618604053378,0.0011866163587067942,0.0073091869879750235,-0.10687318928217233,0.7603283482860511,1.9323429205242917,-0.32066695024868247
0.004216474547747865,0.010883360004849456,0.0010696747925143426,0.007297729384746641,-0.09402544610894659,0.6774908994505308,1.9178859491806914,-0.25144195916686035
0.004172993242574691,0.010780605173106125,9.355919258006318E-4,0.007297856424209769,-0.07866796097884003,0.5818061178099357,1.9107722551813069,-0.16613429966842755
0.004091196855419393,0.010685283751635289,7.998663020540652E-4,0.00725590182339008,-0.06537012489496756,0.4851167006380921,1.8712363542687125,-0.09101307287968703
0.0043310826927542845,0.011242086429103695,0.0015268441627199127,0.007222630735852525,-0.14822261245263846,1.002390037000561,1.8836252086824847,-0.5515248191536753
0.004378653242300275,0.011313067027274495,0.0016323195920423595,0.0072225256608148105,-0.15981910113906872,1.0754083285450962,1.887728637431194,-0.6118746189404974
0.0044416913289009605,0.011372757570702906,0.0017371380939434709,0.007241067308374888,-0.17060147098608106,1.147175164593467,1.905042483660676,-0.6653201916447645
0.004519703719778932,0.011431873202588788,0.0018542171458694862,0.00727198376640867,-0.18290187728753768,1.2262952177540385,1.9315512925189542,-0.7206537071152813
0.004564635601899351,0.01151163600319843,0.0019730028778165466,0.007255832484719552,-0.1954600033692506,1.3079941814483533,1.9232087293991478,-0.7901079181414462
0.004534332305222057,0.011606679050553514,0.002050201102335628,0.007157320749653361,-0.2039686601817236,1.364087422370915,1.853068024868136,-0.8604829342302845
0.004549118824252065,0.011696528334188742,0.0021524452600169427,0.007099828747010426,-0.21355486331774728,1.4351402099603232,1.8133438922265757,-0.9303198154181992
0.004483421701587782,0.01167534779789064,0.0020797338671428435,0.007060460538471089,-0.20661600183718662,1.3872514733457124,1.7829742499712142,-0.9032781467568883
0.004559713663422289,0.011777817132006449,0.0022404134136736783,0.007042579883114637,-0.22157969685339676,1.495845869746095,1.7733624181323082,-0.991080140223929
0.0047982017732746225,0.01206521819599214,0.0027239900885698844,0.0069806196586831544,-0.26174499016588687,1.817568459096009,1.7338058448264044,-1.2448913653199078
0.004742313116633378,0.012025643754390447,0.002634250731752608,0.006973036291819396,-0.2543656604636986,1.7583291449086007,1.7277866223593057,-1.203560513204461
0.004687877361014154,0.011977335923416155,0.0025394089805546682,0.006973834647038797,-0.24665135591595777,1.6956320962369882,1.727621168892788,-1.1573629729551234
0.0046359786974082585,0.01192134992191174,0.002441085598210824,0.00698219386725111,-0.2385091557626151,1.630436966518505,1.7326662723032238,-1.107077292907481
0.004589614114001542,0.011856595744853676,0.0023403609520208923,0.007000869900169537,-0.22990483877463233,1.5631620378478388,1.7448041122945572,-1.0522548896918424
0.0050108214686075,0.012422026271059459,0.0032432001789296514,0.006767640010330395,-0.2886642786175699,2.1558488044235538,1.5737784814146745,-1.5298372287856858
0.004986812961949935,0.012490734662189099,0.003264711034412585,0.006670855978819861,-0.28479239255323296,2.1657288639492376,1.5024789554378977,-1.5556037974544192
0.0048512939969618165,0.012161576704549608,0.0028615682115756044,0.0069267470829803965,-0.2705270480457998,1.9083915388702526,1.6944146161541769,-1.3224520211006483
0.004858477960953168,0.012224558571437531,0.0029216692220261037,0.006866943699162214,-0.2727034440943647,1.9474034473804027,1.650349838779259,-1.363382129927153
0.004878545467383209,0.012283288033691336,0.00299023365001139,0.006820377131650126,-0.2755295247290403,1.9915651766764315,1.6158193969250008,-1.4045529960151109
0.004954436413735048,0.012381533748784111,0.0031491356749355766,0.006770885511903596,-0.28311575462980126,2.0943546235967934,1.5777990379520095,-1.4866384896271805
0.004911196197822229,0.01233649765317249,0.0030670808386791194,0.0067878652836577775,-0.2790614559350135,2.04110782723254,1.5912972204281177,-1.4461068714338217
0.004790579984626974,0.01213595577161713,0.0027779423560466993,0.0069039172970835555,-0.26351859082979395,1.8533055816536097,1.6777257470438744,-1.2880625360609075
0.005740488731420828,0.013476353434024172,0.004683541943884795,0.005773211455011634,-0.24100390882412523,2.9589837732339537,0.7424820865771893,-2.193137925572491
0.0057940132879117905,0.013511635329019037,0.004765978690213298,0.005739050938371368,-0.2358831365434555,3.0047249140967454,0.7053886788712881,-2.223812242404692
0.005870912698318994,0.013576229782414271,0.004884192771214738,0.005665714271881019,-0.22591848955701546,3.063222242860041,0.6337359104053409,-2.264650241679916
0.0058228660786933005,0.013558814439883948,0.004811239735754671,0.00567745331292075,-0.22975474402438678,3.01762284469048,0.6546814008201826,-2.2364629187968825
0.005878293986986303,0.013630201585423971,0.0048946735962062575,0.005585928113359173,-0.21920548419965888,3.0461952720354897,0.5761690796816539,-2.2601368642517596
0.005887983374925665,0.01368913346918337,0.004906645466807177,0.0054997258853734556,-0.2120715691914645,3.0274345172120527,0.5148795570142055,-2.2544652618216277
0.005905601529678558,0.0137503310399092,0.004928203399465801,0.005412358422037466,-0.2043713352251166,3.0138111474394793,0.45184909695962977,-2.25122197712034
0.005669991462284297,0.013504259013154453,0.0045828340037678,0.005707649078291652,-0.23896397375667008,2.8755384791415093,0.7128490502803212,-2.147862512068557
0.0055941659045050975,0.013360616327055319,0.004454343229621718,0.005885741389341907,-0.25493955352542136,2.8350001296100307,0.854361174026072,-2.1064237273014927
0.005622645347462186,0.01346926206416786,0.004511160140777345,0.0057412278127207525,-0.2436735686650002,2.8374502452828803,0.7465890584065629,-2.121612445412904
0.0055892989964151955,0.013419631039242536,0.0044570602606200105,0.005799472651158529,-0.2485717181668028,2.816660352140698,0.7941013153939153,-2.103430993117278
0.005545658373863893,0.013322840699681681,0.004377856379845685,0.005919107756730397,-0.2588839826208962,2.7921570962824256,0.8876036984950298,-2.076403533027247
0.005440450639815524,0.013234381384029027,0.004209546639752129,0.005995469430033141,-0.2656400865006663,2.698517757749729,0.9606400148045395,-2.00916652188616
0.005491750214346279,0.013282169080056482,0.004292908498514643,0.005952639032175705,-0.26206143200504733,2.7439586868375367,0.9212744008228423,-2.0425942286310104
0.005382568463492544,0.013189773126501835,0.004117684914274603,0.00602888960032603,-0.26824773086618675,2.645164577495136,0.9936405542883576,-1.9714288821382482
0.0053783878263416835,0.01299071683867158,0.004040502784644898,0.006297386080281563,-0.2867968199141466,2.638862471952667,1.1920823579894193,-1.932115528108177
0.005320470050256367,0.012951717467496184,0.003945506795225998,0.006316286370571669,-0.2866918219037266,2.5788307124502214,1.2131106156273128,-1.890605030153836
0.00535669780609165,0.013065500209404982,0.004040728820824658,0.006183805374180568,-0.27839356590167635,2.6214763194637,1.1099775039101383,-1.9368329455811633
0.005346324755763585,0.013131063173740992,0.004050044619556128,0.006090096874076407,-0.27232641940230917,2.6123655195899604,1.042963237335058,-1.9429163935778013
0.005091183446735431,0.012626942643780571,0.0034781144887402857,0.006583608018502226,-0.29028877625809363,2.2997225961579555,1.4324065213785653,-1.6628126386461146
0.005082432266587257,0.01269787931084562,0.0035104328449633887,0.006491499282861063,-0.2861268600567859,2.313518669476491,1.364265669903034,-1.6881364455213197
0.005267295796279049,0.012913335074000859,0.003857718269051177,0.006335500553664366,-0.2862048105776102,2.523495332670826,1.2328505376981183,-1.8518235193275394
0.0052117989984925735,0.012877919151680585,0.0037688335173054143,0.006348080686984509,-0.2852595563434069,2.4669149183378223,1.247611184495444,-1.8129855997544648
0.005156304479185015,0.01283293720410604,0.003675866942289493,0.006371415024244115,-0.2843401163066918,2.4092912661239727,1.2697624740284963,-1.7714414916047636
0.005092367494735923,0.012775521717985216,0.003566195429272702,0.006403002352225539,-0.2831767107336946,2.3417077738655183,1.2982025400995327,-1.721609651211043
0.004020250642247866,0.010600243836691009,6.843719166400677E-4,0.007217340292917194,-0.05466360064381751,0.4024119821292231,1.8346601917110108,-0.02630169300484256
0.00791168012721726,0.015200500189679967,0.006667549268666762,0.0026699516932751355,0.08443499466953486,2.572332973867697,-1.6548982662519662,-1.7639961226580876
0.007959876548317604,0.015262769833426774,0.006637357963749409,0.002564431586009499,0.08423720865076771,2.4855896532794834,-1.682359878037045,-1.7011298082110777
0.007834742751975151,0.015206866007518902,0.0065785681701519575,0.0027278318093472242,0.07450337969837162,2.569561100783097,-1.586945761191924,-1.781464043165787
0.006177796075392047,0.013984669757270037,0.005293153550523942,0.0050973942912589144,-0.16091076760369574,3.137396754714566,0.1612751722339999,-2.333650613010039
0.006117277310354045,0.013951076745386856,0.0052107351773604885,0.005143583713769248,-0.16955963252486364,3.1020511155883126,0.2117906391031143,-2.3127058957602435
0.00618554954013882,0.014049784276873934,0.005284957504894044,0.00499969775464383,-0.1542149056693393,3.093603858081583,0.10064660675998875,-2.3099702957700052
0.006259881525936997,0.014127351908059898,0.0053689101517901,0.004884850775929372,-0.14038051180911768,3.0996985950029505,0.005737316458572857,-2.313757039821836
0.006199720211834218,0.014099473407211042,0.0052895877784033965,0.004926227508086661,-0.14835346880771763,3.067366498547707,0.05301535128841961,-2.295352071301807
0.006015826035493407,0.013888343064266936,0.005072614916693991,0.005226154965049987,-0.18329396480014767,3.043844643639972,0.29809599228771094,-2.276709320642184
0.006053189908908121,0.01393818449016954,0.005117880478246683,0.005156572974086661,-0.17553916600096817,3.047546732522297,0.2427481537401297,-2.280922236807014
0.007298252272529557,0.014795575989896835,0.0064018307827783056,0.003605151851499424,0.024253649630162268,3.0472965539327244,-1.0980363185317434,-2.1793470812977644
0.0071415249807063996,0.014697907274696938,0.006284027762792225,0.0038237624479000435,0.002052108220245068,3.112861765403476,-0.9325567203576286,-2.2448447080951737
0.007248608853272161,0.014753871175463042,0.006376979949057644,0.003689850582803033,0.017987315771429934,3.085355426517545,-1.043473097539283,-2.2108646445131654
0.007186581383943089,0.014731407127437979,0.006314373650075414,0.0037543643465888688,0.008599799371943412,3.0888699684942096,-0.9825067142304439,-2.223132912492055
0.007323187996844033,0.014930495577252042,0.0062964821710802575,0.0034155753712285446,0.023197800335158603,2.873016713530891,-1.1459447535576672,-2.069287208666459
0.007306607821233852,0.014860312706306167,0.006346878949423475,0.0035151031130453213,0.023088632737084624,2.9610162950019183,-1.119164923742954,-2.125924157846764
0.007757273727004559,0.015198246681316935,0.006506302987766986,0.0027992746396851968,0.06576498480313935,2.582995834637874,-1.522024118724824,-1.8074412730041478
0.0076819227421081535,0.015172945516179911,0.0064541465882990015,0.002884916483477471,0.05819148041948132,2.6147451244108173,-1.4608048952717205,-1.8428655602250308
0.007572529800857725,0.015068963624680057,0.006449830313206623,0.003083175708824375,0.0511601418168291,2.741992789157893,-1.3716210605063628,-1.942497790475019
0.0076181563434609915,0.015124645305961599,0.006438780097620976,0.0029861952247146185,0.05338538136072154,2.6733947136467324,-1.409788666420673,-1.891460465712796
0.0075034630542053695,0.015065111293305495,0.006373167505696042,0.003135937623907657,0.041385817167308415,2.737419350341819,-1.3121204187841966,-1.953440540162805
0.007429148215779044,0.015020741455652326,0.006332747326759022,0.0032382089347725747,0.034512913575326286,2.7815717291730335,-1.2465892695353762,-1.9943580398888832
0.007345623855600215,0.015008116475998956,0.006244884361528928,0.0033060320362806894,0.023702923579281738,2.778880000967838,-1.1753675630139826,-2.0074557020620936
0.007092890655337362,0.014719163335590606,0.006197576317842285,0.0038184883754468065,-0.005285766687508134,3.060227360369763,-0.8990008882227347,-2.2202425022751893
0.006990914811534122,0.014591146167583842,0.006166750803601343,0.004043803294913581,-0.020878067271143146,3.1719165592604104,-0.7636560120700352,-2.3022257132067314
0.007040636090452417,0.014636406153190085,0.006198604227684968,0.00395791177041098,-0.013461381374979925,3.1415334047251062,-0.8236329752098851,-2.2773127798770667
0.007039367106729343,0.014707093168707067,0.0061350175230317225,0.0038601426521244864,-0.013638605251465688,3.048770740168822,-0.8510727298400013,-2.220902838282276
0.00689299415085702,0.014554854059533504,0.006055803588217341,0.004134361630905871,-0.03626283807827104,3.1567812290721697,-0.668887832743536,-2.305330653565495
0.006923654684774225,0.014613312144636223,0.006052920676235114,0.004039496978620501,-0.03110134919868462,3.102680989757843,-0.7205648894301362,-2.268943569693467
0.006751016040473992,0.014480279704316333,0.005905854162538567,0.004288930879325731,-0.0588137920440775,3.149777205762368,-0.5243203256956147,-2.3162057351331176
0.006831880312344441,0.014554905394385675,0.005968195693556881,0.00415588681197013,-0.0453055065369061,3.1165591508848185,-0.6233009658181009,-2.2878605434959938
0.006770226002514018,0.014546794256987431,0.005886316818426195,0.004187553039561594,-0.05439518710013314,3.0853106779355977,-0.5748381693993724,-2.2752875506791175
0.006534193161437485,0.014340149198676384,0.00567636758336208,0.004544080488329349,-0.09418059345843126,3.1379013432306793,-0.29510292247040554,-2.3261326025663487
0.006560829685378738,0.014401825917195488,0.005679887608415095,0.004449001803054701,-0.0876244267664308,3.0944794936938043,-0.35240247685172793,-2.2985143502314216
0.006678687860183756,0.014458404059036842,0.005815648371786249,0.0043404082325403555,-0.06986341098416295,3.1220312717620016,-0.46223182606280744,-2.3060873777023647
0.006595925094789338,0.014464871339768653,0.005692444471932814,0.004350899497037521,-0.07994580712682016,3.0543119195290007,-0.4133249126641437,-2.27169360945171
0.006384529060221897,0.014255132881789976,0.005499573823383216,0.004689017594648125,-0.11714133516757995,3.0963945591377544,-0.15208512300200724,-2.308973853013686
0.00633324235426455,0.014224363395821442,0.00543801469032462,0.004738402036629415,-0.1254777806471177,3.0806345948859812,-0.10401959340076597,-2.3012643175462255
0.006262604698782774,0.014221470622995976,0.00533620343199852,0.004746522584932499,-0.13184060741538892,3.0221798046537804,-0.06982986235989935,-2.2689813346661674
0.006466767602016553,0.014333335839373455,0.00558118527573907,0.004564609316468422,-0.10253141808132545,3.0897789976238434,-0.252212353282336,-2.3013539647937407
0.006397697532126539,0.014319688517236745,0.005487791506092359,0.004593446138583167,-0.11145985035776784,3.046909771962706,-0.20594207877733275,-2.279162612320299
0.005926853476523854,0.013814992978361734,0.004952447860591957,0.005320695896057013,-0.196326014538484,2.99939343948299,0.38604856430277473,-2.2470270661950518
0.005948544378688582,0.013887366482444681,0.004973533987053024,0.00521794461247805,-0.1873591943457489,2.9781655505962585,0.31478768255341066,-2.2384807456900977
-0.005055561923015342,0.012244484109689736,-0.003152922289940664,0.007005715818906917,-0.2942826457902031,2.1028244230533537,-1.7524479721371449,-1.4414469440791944
-0.005079534754219233,0.012300693047390595,-0.0032274735606147445,0.006961595103892589,-0.2971185886829759,2.151920713924266,-1.7187572076818503,-1.4855200681659215
-0.0050944868303425105,0.012363999446139225,-0.003295994437879722,0.006900207790907219,-0.2983162941175536,2.1959596852467524,-1.6718237004620866,-1.5293773959135357
-0.005120440732280662,0.012425085459882832,-0.0033739146361555688,0.006848507211691149,-0.2998336562929376,2.2462409990927523,-1.6317450160692952,-1.5748010284238643
-0.005121825973773614,0.01248798300137075,-0.003421895209302941,0.0067740247823825225,-0.2983183147149384,2.27464209412658,-1.574970773182584,-1.6094556234537565
-0.0049678730421918865,0.012116263354573602,-0.0029437022520648827,0.007071525093789528,-0.28223764921008204,1.9629588035744965,-1.8021336293479606,-1.3277008820483325
-0.0049594506388497325,0.012055699095897574,-0.00287878620251164,0.007127826329930553,-0.27894880204795064,1.9195690330782014,-1.8438525299322166,-1.283049185935039
-0.00500444298012425,0.012227792264395706,-0.0030815923803403145,0.00698166164369782,-0.28845443961284994,2.0545834358177792,-1.734808063136891,-1.4133203600105368
-0.004977197398183324,0.012180817579448121,-0.0030112409241743257,0.0070102474642979775,-0.2849199704674143,2.0080242264949884,-1.7562741055155495,-1.374071490374409
-0.004918215521594205,0.012151222631175325,-0.0029223948738953064,0.006992509950398885,-0.2771396847369234,1.9490722620336083,-1.7430295040750023,-1.336437149871501
-0.004898858624005381,0.012025660282809672,-0.00278839445590172,0.007105591234285706,-0.2707898177183696,1.8593881573846989,-1.8267560788580182,-1.2452519055233822
-0.004840656877149726,0.01190868885901856,-0.0026183596891752215,0.007169254422848857,-0.2578545875565113,1.7448496197521026,-1.8722109038176071,-1.1459579624325384
-0.004791721998722225,0.011877562017435069,-0.0025415575246799395,0.00715517135429587,-0.2507183943454647,1.693708821052718,-1.8610102106014808,-1.1117160170889806
-0.004849458399311338,0.011974909933652845,-0.0026911358368006642,0.007113014039469996,-0.2631136262368854,1.7943898517406132,-1.8313863757214117,-1.1963206096278507
-0.0047253292303302795,0.011876752006787977,-0.002479774601654914,0.007097893534728947,-0.24393828354982824,1.6536679699924386,-1.8178408830062975,-1.0963887370581193
-0.005940440176774762,0.013383317128876714,-0.004984297426154523,0.005992234700063738,-0.24716404870386663,3.2294089675802167,-0.8545978754921073,-2.3335547766087212
-0.0058491585974422,0.013370947644576945,-0.004837941695957713,0.005975170131670805,-0.2520406738259417,3.1194829384557887,-0.8651105841816217,-2.270241281672589
-0.005894946331800172,0.013381124743315823,-0.004911268965453206,0.005977599339249976,-0.24902360328364762,3.172431766445531,-0.8553206722728802,-2.301483947516415
-0.006013647320973009,0.013478857378951346,-0.005108094690040073,0.005864227502921946,-0.23091560681358345,3.2812063139477083,-0.7371091476686948,-2.3762977875274047
-0.005987980454662758,0.013450520049835032,-0.00506564388777169,0.005901397364165465,-0.23608128832656242,3.26180024511017,-0.7724638925363544,-2.3615858547228554
-0.0059627790331571034,0.01341901096046412,-0.00502320848894594,0.005943222390543411,-0.24149959191764478,3.2434357997950873,-0.8112225426797653,-2.3467933317125715
-0.006108478012141363,0.013566980269763244,-0.005261097220380115,0.005748742396440693,-0.21331759087161542,3.354809541877898,-0.6216537218602959,-2.4282439541817875
-0.006110320367698883,0.013608646942583744,-0.005260735745205657,0.0056807647362677625,-0.20788425324608792,3.3314394064757438,-0.5717362115773018,-2.419763133835124
-0.005999672108642056,0.013517549931353257,-0.005085665456002027,0.005797094693764509,-0.2270088087747544,3.243883750501236,-0.6914494746004319,-2.360445561898753
-0.006029560586381194,0.013541611572205882,-0.005133453680577473,0.005767508470302386,-0.2220889233026928,3.2687036294657337,-0.660712095143301,-2.3772905441649717
-0.006065402424434325,0.013558904142951193,-0.005190952031044743,0.005749920798388381,-0.21743654729806258,3.3044383620089195,-0.6366587570843752,-2.3992748912476505
-0.006118558770915698,0.0136509857323424,-0.005269669156633687,0.005613737326158996,-0.201890012101509,3.314159906711556,-0.5209787947892247,-2.414329718704012
-0.005666776150367833,0.01315258258138446,-0.0045118517272410485,0.0062251781096593845,-0.279910374976379,2.9484510257823797,-1.0945340327756734,-2.136614697162441
-0.005680890638918175,0.013195079474667522,-0.0045449970347832555,0.006168554771857126,-0.2750267527663253,2.95963413940667,-1.0482281696644895,-2.1509420210136967
-0.0057025174624326744,0.013238771215877788,-0.004588554048059266,0.006113325392011658,-0.27002857388528617,2.977825665510163,-1.0017908738193213,-2.1690230811274964
-0.005726878454517042,0.013282018532370961,-0.0046348945627971575,0.00605930892887549,-0.2646618584295926,2.99768981869368,-0.9557297076495733,-2.1875822636281623
-0.005795168719113652,0.013358703530685825,-0.004752555285417873,0.0059719831169119265,-0.2543368140989519,3.058155066225249,-0.8750482244582878,-2.233909411953477
-0.005815891335097663,0.013397522281564062,-0.004789509525565785,0.00592060140489021,-0.24915971901518388,3.070370896883988,-0.8319042263619449,-2.2465438122123804
-0.005754375305276344,0.013321493734921306,-0.004684182314826609,0.00601158281625297,-0.2595773013616545,3.020557716705881,-0.9138258493151182,-2.206876022198975
-0.005538775043359311,0.012990714034641212,-0.004265557821544418,0.006391811171587304,-0.29437811818330945,2.8071920555784167,-1.244180610117018,-2.0246976612524072
-0.005620983592151422,0.013142168274889681,-0.004440475569988926,0.006216602803236049,-0.2802197621211992,2.8967763401864253,-1.0957087860205315,-2.105893146387915
-0.0055583738662895385,0.013033817143789867,-0.004311155378700454,0.006340902384176137,-0.2906875857893993,2.8301751791160705,-1.2016893260854375,-2.0468410297472452
-0.005587760320070263,0.01307634652163159,-0.004369800252241866,0.00629551425464578,-0.2867862555956027,2.862631607189361,-1.162117083052003,-2.0737464419282268
-0.005575755997915737,0.013124174815399762,-0.004368455651695959,0.0062190518873613794,-0.28097322124535523,2.847535816569263,-1.105037095117692,-2.074943576173721
-0.005198691499010071,0.012555090909705802,-0.003563397281888868,0.006749508459568092,-0.3033513765258768,2.3680936284989955,-1.5526719155708213,-1.6771333479834747
-0.005212343009362204,0.012601255377805208,-0.0036115956578107356,0.006701550506375818,-0.30232690630314857,2.397115482003736,-1.5150989470714595,-1.705866224853881
-0.0052477575382880405,0.012675327914634965,-0.0037038994721584895,0.00663247434366904,-0.3012698004089607,2.4534787166027745,-1.459816506780182,-1.7562821822313703
-0.005217146592418458,0.012643449853484912,-0.003644887370333984,0.006651560946927345,-0.3010308616166625,2.4154660825100445,-1.4764183632843895,-1.7275572952939477
-0.005131748679360091,0.012545317172958544,-0.0034740212492941377,0.006711891158275217,-0.29724322788631036,2.3056607886659406,-1.527176348130866,-1.6427304493341428
-0.005472521468162868,0.012930698293622034,-0.004144821763518414,0.006437037374440616,-0.2973098143157951,2.7304798986939303,-1.2878699488801146,-1.9691537680796236
-0.005421621304879909,0.012908611140693249,-0.004063430875852171,0.006436196621428177,-0.29634474552909135,2.674468976006161,-1.2931228643160966,-1.9336185465719262
-0.005482567175242011,0.012982894639277045,-0.004181891351818469,0.006369370206269963,-0.2927280412081488,2.7455469182318843,-1.2341264712875313,-1.9892797473993464
-0.005291875691138462,0.012715048161715321,-0.0037852221565887263,0.006611707782751822,-0.3027255436703325,2.506449566329303,-1.4407315666142078,-1.794922982237322
-0.005230529880189157,0.012717464495233926,-0.0037070228203815786,0.006566330346198241,-0.2974946170037748,2.449405937309659,-1.4104440019813782,-1.765485904078167
-0.005373953851282836,0.012876083353310808,-0.003982301058651977,0.0064509149764639005,-0.2964789737120808,2.621394695697489,-1.3095286304943883,-1.8971705267429375
-0.00533932444568377,0.012830424485635645,-0.0039123770525419455,0.0064904259612507875,-0.2976559479355685,2.5791175876715227,-1.3431579353706937,-1.8633590712155177
-0.005315170706021278,0.012776004942290068,-0.0038508754696792605,0.006547145180104577,-0.3002976539423669,2.5441217414103243,-1.388920092220026,-1.8309694853327152
-0.006716632097808521,0.014142340142050359,-0.0060762161318033015,0.004819255811038092,-0.07798576492213781,3.536427853995789,0.25610455639448687,-2.543811714391644
-0.006953171848811001,0.014221988208823429,-0.006410805560826945,0.004627277145755942,-0.03028207514656639,3.6665726626128765,0.5056639173946224,-2.5946737113945706
-0.006971551109337091,0.014248017829301,-0.00642048172382087,0.004578101227104819,-0.02633103922443719,3.6449669105870046,0.541457589745674,-2.5803241893072024
-0.006918721843866111,0.014220720455313871,-0.006354824501808693,0.004640389343347846,-0.037372670914107196,3.634565324931009,0.4754268227591338,-2.5807230320714107
-0.006877463918337906,0.014214629501043264,-0.006291464331674803,0.004662728133584398,-0.045745287111491804,3.6025613271931545,0.43676049722995464,-2.567193785184241
-0.006820815647577204,0.014164854107334349,-0.006233335805856665,0.004759879719564258,-0.058182949050321064,3.615246976214183,0.3512482752898823,-2.579667083670955
-0.006845949188625557,0.014189713172802574,-0.006257557572411373,0.004712407667647768,-0.05255286180130094,3.606300857622621,0.39154256039540375,-2.572380227464956
-0.006738659885734188,0.014176281227974633,-0.006090871636773159,0.004759523165897936,-0.07277028749750851,3.515537498409891,0.3006074174265358,-2.5305574769216297
-0.006780588019820066,0.014172905058870387,-0.006161541996202321,0.004755989173770254,-0.06525375877734352,3.56268406163246,0.3279889092653667,-2.553729049793643
-0.006988287245862285,0.01430702630327414,-0.006399775856002176,0.004476133577781685,-0.022551514271644413,3.5710156779611197,0.5988131393753137,-2.5364272800499417
-0.006963995687629829,0.01428241001927541,-0.0063805558704375645,0.0045245996782388165,-0.0276193877244631,3.5859516965907745,0.5602933469213393,-2.5480116854455694
-0.007041615611999222,0.014331066377980158,-0.006465236456564382,0.004416891646435992,-0.011777908805404398,3.5809642303497857,0.6623851313738339,-2.5348835174864957
-0.007009408359222549,0.01432874336897657,-0.006415646819396119,0.004433342422548311,-0.018361839697978416,3.556872874502934,0.6321245969841166,-2.525561204079026
-0.007061649782534678,0.01436164389715218,-0.006470647433349584,0.004359867981082427,-0.007924181381687781,3.550541606892349,0.7003768261503667,-2.514602317176225
-0.007088338483414234,0.014391392873908636,-0.006486441095896506,0.004301386420829084,-0.0027068817661178297,3.5259660380317075,0.7430303953111969,-2.4965461264044433
-0.006146508860456481,0.013689932730654261,-0.005309814442453675,0.005556514991520368,-0.19536155097009988,3.322176221260296,-0.4709482201408271,-2.4222509094771
-0.006174783549665755,0.013713397668584778,-0.0053520307161933275,0.005523813424090241,-0.1896766301404788,3.340087046234037,-0.438066204899093,-2.4341390807070926
-0.006189332566719346,0.013750406001438517,-0.005368800668525928,0.005466250351089426,-0.18439732221139693,3.330459707943142,-0.3929584515773506,-2.431461981966921
-0.006383775592528638,0.013855542257882075,-0.005660729034694035,0.005315423269846437,-0.15089216412930914,3.477334918505121,-0.21244842164968916,-2.5178026712877544
-0.0063455747487906585,0.013821639566046358,-0.005607856088648902,0.005368999336756482,-0.15934980913041494,3.4620306558995106,-0.2643787992993087,-2.508091882012956
-0.006227764318818726,0.013784843714230152,-0.005423836105827696,0.0054161524997407545,-0.17648651844286437,3.3499788451269845,-0.3444476034935402,-2.4445736745725557
-0.0062958744260011535,0.013829038215505532,-0.005523681261746229,0.005352119566675584,-0.16431181665626138,3.395048368269157,-0.2744956238386265,-2.47187879846571
-0.006248600210327474,0.013829247875673242,-0.005446770177009578,0.005346800720371609,-0.16983570780569537,3.3388809612958146,-0.2903988223459774,-2.440889319922882
-0.006428826170946554,0.013936879662369155,-0.0057058903104331,0.0051823159194317745,-0.13752894763565796,3.4514093509983,-0.10660246828043275,-2.5058328153173437
-0.006390625481040554,0.013932228915640782,-0.005645106533919556,0.005189318901176857,-0.1425693574224024,3.411900288220835,-0.1285317493431704,-2.484428797765951
-0.0063641304968743775,0.013905516809456316,-0.005611396362424255,0.005231998207721093,-0.1487268286294627,3.4067142131339376,-0.16724168378198143,-2.481041170958911
-0.006531864610691908,0.013975368545868868,-0.0058602401492685524,0.0051168441632134035,-0.11933148049740626,3.5311405338509174,-0.015790078558757914,-2.5482035590072134
-0.0065791246744482225,0.014036115483494966,-0.005909426361902733,0.005012901400034867,-0.10736974138182513,3.5163748474090597,0.07077683485765336,-2.539384666551847
-0.006553503081672758,0.014007802948769915,-0.005880971537157342,0.005061720150919367,-0.11349014911448659,3.5197153136331507,0.028667181027600797,-2.54178433660311
-0.006572789763187122,0.014077925854317708,-0.005877705110845815,0.0049449500928903595,-0.10537164974178635,3.4615231656418843,0.10681404860127135,-2.509582806318973
-0.006662262983451165,0.014129749250682144,-0.005994939926007049,0.004849095525634051,-0.08782379251305833,3.4951558085202272,0.2087724782108661,-2.5241151832143403
-0.006637428139245233,0.014109846077416837,-0.0059658254858968715,0.004885211303205259,-0.09302802092845254,3.4931431735822005,0.1751525718082994,-2.5243313994066
-0.0066027264931822266,0.014095487140830002,-0.0059171666900754705,0.0049130908214472385,-0.0994507588644002,3.473318962371298,0.14074707646805404,-2.5149206388247864
-0.006675444323785655,0.014157495293244166,-0.005999982479058595,0.004801922193806228,-0.08431468020009043,3.4747098366756215,0.24161709302519005,-2.511892593918088
-0.006443495516380697,0.013976367536920846,-0.005714106320735698,0.005117637256587843,-0.13198815096974456,3.4282673038503897,-0.05978964116545341,-2.493767592469822
-0.006488550372757507,0.013978073407899312,-0.005787230241187492,0.00511392878678786,-0.12551750025979114,3.477933679553798,-0.03580206395059369,-2.520195104620296
-0.00711758496373287,0.01441901089227266,-0.0065071628427826695,0.0042449768751066765,0.0026158166315316954,3.5055313725920634,0.7861199454539656,-2.480264685054316
-0.007148709787526013,0.014439775846034978,-0.006536245661210377,0.004198017854645041,0.008552244313379935,3.4960423333254833,0.826626275688631,-2.4698149154744082
-0.007189411790470883,0.014455813086537737,-0.00658382787884474,0.0041530422783692565,0.016308776767139793,3.499696471400803,0.8739268907064754,-2.465101140809423
-0.007152757089028074,0.01447473397453126,-0.006509611390481116,0.004142353857395166,0.008448262581272275,3.4443311469687794,0.8485106253736976,-2.4392769796362734
-0.007233681072675868,0.01444786608360928,-0.0066600676522371146,0.004142219946423582,0.025306911044970456,3.543664711909951,0.9134265962869491,-2.4824611175130245
-0.00801829901261824,0.014708740264511272,-0.0074711666393338155,0.003143954185228133,0.16541808867217953,3.3627427605919573,1.8619333817013302,-2.1685321656251086
-0.008046650031965061,0.014727127997175375,-0.007480192774576388,0.003090599570164026,0.1678938469190299,3.3269428479596903,1.8930650246918492,-2.138967508375751
-0.008061064109318191,0.014742433847629072,-0.007475464816300187,0.0030558997068035314,0.16791139496204052,3.2969800244693412,1.9073197448605372,-2.117706651794906
-0.008026185007402825,0.014729348256773358,-0.007450557672236051,0.003109092320180983,0.16339312930871827,3.322720613428291,1.8678700534872679,-2.144435482411984
-0.00794046763539088,0.014691034058451333,-0.0073945870558096635,0.0032460967772864704,0.15258594839996067,3.3926919737451713,1.7694193662470077,-2.2127268208718642
-0.00798725722578951,0.014701033047787457,-0.007441970142392424,0.00318592175479413,0.1605058843620185,3.376646680352646,1.825236950972057,-2.187365464122488
-0.00799978652778119,0.014711038337950061,-0.007443582929153478,0.003160017600589127,0.1613095164841249,3.3577026331034583,1.8389840786070866,-2.172724045480763
-0.007969881852185856,0.014704386013427218,-0.007414140318231954,0.0031990696804962203,0.15644927584849902,3.3691337242194668,1.8035898990000836,-2.189686289720131
-0.007953292282568518,0.014703864154923847,-0.007392989982006509,0.0032163388112567137,0.1530879529750062,3.368941096100117,1.7835492551626868,-2.195493017934133
-0.00807827005632954,0.014754183335871142,-0.007479387340423899,0.00302284241812688,0.16920220130683625,3.273683999182611,1.925341836837123,-2.098876779027719
-0.008133968921884544,0.014762211027287525,-0.007536427032352068,0.0029526917888450907,0.17828561859803152,3.254077223895106,1.9901189489021032,-2.0667420097430766
-0.00814623804901272,0.014772769285915595,-0.007535109673317194,0.002926234531075618,0.17858207133036186,3.232450377618264,2.001763219143464,-2.050585945718001
-0.008116481597872158,0.014765743393800858,-0.007509363540022366,0.0029673966508370303,0.17438513170879114,3.248927933548137,1.9681701898310358,-2.071039432593812
-0.008097185204433342,0.014762472580894413,-0.007490424079752588,0.0029922740458897634,0.17128945165138262,3.2566867407922104,1.945960106565108,-2.0826514655430794
-0.00818743046476541,0.01481217804599794,-0.007523275275951588,0.0028331354044143597,0.1786026808159036,3.1519690004928154,2.037974139615082,-1.9922480557659268
-0.008166214634415664,0.01479769683563107,-0.007520550572711234,0.0028739681699029573,0.1775499821129343,3.1823892063340247,2.0178019703944745,-2.0166085212662215
-0.008149902202034511,0.014787372890418742,-0.007516903929821681,0.002904408684084022,0.17652508037463951,3.20408226013605,2.0017310310690375,-2.0344220756264755
-0.007355670935197427,0.01448138822349848,-0.006813728753317615,0.004020345260368214,0.04986294141649227,3.56736514544025,1.0549530272538588,-2.47198719731173
-0.00732083862696176,0.014490201463074842,-0.006750912942520205,0.004027845564147341,0.041869590401933506,3.530452088189428,1.0218594447841618,-2.4581863035367513
-0.007257523322503932,0.01447492937659693,-0.006669686070353161,0.004087493406312324,0.029314007086589988,3.515083550257145,0.9503354465724466,-2.461689535526531
-0.007282488238604633,0.01449762429114312,-0.006684689718700658,0.004038807602112115,0.03348607729503125,3.493811525476017,0.9856652949261439,-2.4447710743011615
-0.007384410529039466,0.01450276981712803,-0.006834396218217875,0.0039697090355156955,0.05468963419725859,3.5474458639862125,1.0941816959532513,-2.4545840676890047
-0.00746063130966933,0.014556843351065593,-0.006888351264325261,0.0038381447019315783,0.06704087047145622,3.4945151679595656,1.1950902510014663,-2.4075532937521955
-0.007432767285649823,0.014544684982528311,-0.006860658805625354,0.0038750582849270466,0.06200354781623837,3.501403653435578,1.1610184130718701,-2.417805205212201
-0.007407292448322525,0.014528540514394825,-0.006840540495855438,0.003916013111978833,0.057781708052389795,3.5157254945080822,1.1281169036446805,-2.431599798096602
-0.007461492444775376,0.014588852770492102,-0.006852946193704266,0.0037903427772449654,0.06483322888420982,3.4391018100883826,1.2053401777518469,-2.375862934041996
-0.00748603610778663,0.014593987130655486,-0.006882904566161897,0.003765868283345028,0.06946839779011353,3.441754570864378,1.2332145747306726,-2.3716938479139777
-0.007730828737369926,0.014648383009180317,-0.007166380570233599,0.00349775494613882,0.1151227258378587,3.4346595180604864,1.519307141106261,-2.3031886855724193
-0.00750332509249059,0.014612382371555703,-0.006886590509941135,0.0037269661418399456,0.07151904160900104,3.4174765696648906,1.2566338424069576,-2.3538139945616083
-0.007695686698663413,0.01465179990902164,-0.007112580470779334,0.003522580145449288,0.10731192973144642,3.4181561659520314,1.4787039211005482,-2.3042470059276776
-0.0076423003772534805,0.014653910117741812,-0.007034763132156535,0.003563037738732722,0.09597462532042576,3.397664146900292,1.4181055823631905,-2.3075312255515423
-0.007665815781799874,0.014663944808146987,-0.007055111950356708,0.00353006007307423,0.0998256975951492,3.3871357683575978,1.4457842138213215,-2.2952712155923525
-0.007618756827672799,0.014668872157496323,-0.0069830184589059485,0.003560539183196967,0.08989728396842166,3.363282602147186,1.39379385019728,-2.2944042167589047
-0.007590776563236457,0.014662264170997969,-0.006951839953263408,0.0035914057496158037,0.08476465941724903,3.3653193286427165,1.3619504846885635,-2.3027582944183504
-0.0075589274841989,0.014649845523167962,-0.0069218524196850125,0.0036329297630494028,0.07951430054004115,3.375267554803744,1.3250293088905722,-2.3163567535938507
-0.007528494572212062,0.014632661108780793,-0.006898960993594644,0.003679735132978548,0.0749366994725537,3.39304171022408,1.2885590728152023,-2.3338859830189715
-0.007888601304924954,0.014693480203031043,-0.007321590074702052,0.0032931408031437147,0.14152473095471318,3.381945760156122,1.7066253025378393,-2.2247693674541917
-0.007859815551840316,0.01470159617624764,-0.007271479465776792,0.0033093483363588216,0.13456159279813162,3.3624682872720655,1.6718851700342967,-2.223696681873207
-0.00783780989241129,0.01470704374539435,-0.007234335826137467,0.0033223537735968317,0.1293631858067405,3.3487958757123435,1.6458582583903483,-2.2232572666506467
-0.007751817675337284,0.014672185953585647,-0.007164108904087343,0.0034465398540719137,0.1164714121872923,3.395856876193301,1.5452131929628263,-2.275558508475147
-0.007815927213427705,0.014697490590985303,-0.007217874040414721,0.0033551659560348826,0.12624044825577962,3.362721732485213,1.6204551545954897,-2.2377854889366477
-0.007779991911197369,0.014695615384359099,-0.007171540149310652,0.003389770114457489,0.11916238400525603,3.359078270037293,1.5786454604113556,-2.2468195703085114
-0.007919390321056763,0.014699995493435772,-0.00735354238461211,0.003254791748925775,0.14689900529095598,3.3731491844801402,1.7430860969381745,-2.209582229591911
-0.007897760252618763,0.014717148743346814,-0.007300349381760022,0.0032528002338960624,0.13988644038712603,3.3382352153320793,1.7157873805496286,-2.1980411357616343
-0.008303396663253401,0.014828157673250103,-0.00763229295864183,0.0026815430589342275,0.19559467804332129,3.097132172521925,2.166940239240953,-1.9148948179195808
-0.008279732476417986,0.014818328232713356,-0.007621225717700213,0.0027205487239795865,0.19366660742781702,3.1216215938296017,2.1435560641392333,-1.9376654803946682
-0.008236650273163906,0.01481399548867899,-0.007578301053950991,0.0027754210508073992,0.186947675404795,3.1395191042317743,2.094852781474957,-1.9653789793240861
-0.008258402690459484,0.014826111267840614,-0.0075841867340583815,0.002736378961722349,0.18829818447300486,3.1121176978696727,2.1154785894685344,-1.9421507967244467
-0.008210634334412182,0.014829301444348318,-0.007523743447611412,0.0027870427250394516,0.17937395626556563,3.1160672599817065,2.05896921726644,-1.9642325709834234
-0.008607384842296685,0.014920456460408222,-0.007793560892513496,0.0022053622692896854,0.22160372758773716,2.8046809839852656,2.4544485055736285,-1.625125841543048
-0.008622752766765482,0.014929785348669783,-0.0077917762707146445,0.0021763623573948314,0.2214663743577389,2.779878808548714,2.464292411844608,-1.6054476543879674
-0.008517116848604019,0.014880697052739065,-0.0077738775412669265,0.002361577417639611,0.2180839579948727,2.9213201743021986,2.382320126200769,-1.7269198052436596
-0.008591925491301639,0.014913675508469794,-0.007790619682671515,0.0022320976230799584,0.22108708878255925,2.82495104806797,2.442564969162399,-1.6427461840447337
-0.008574294585730212,0.014907751866509942,-0.007783887488581935,0.0022608313765428855,0.22002582456680964,2.844657016956045,2.427591518514392,-1.6612231309715872
-0.008534795950188056,0.01489225875320907,-0.007771765226084303,0.0023272324295942003,0.21798415845447194,2.892033004054777,2.3946471516428858,-1.7039952149189255
-0.008554477425011147,0.014900932234286636,-0.0077763161598093655,0.0022932273537614317,0.21880185312893916,2.8668465007575814,2.410601624390333,-1.6819660553165143
-0.00834238300968609,0.01483966817730191,-0.0076572382959705755,0.002622226689318436,0.19979772865333542,3.064408061883704,2.2068793265078877,-1.8809498746414217
-0.008321237537744889,0.014842551661091784,-0.00762895766925552,0.0026442373108366687,0.19551087238050668,3.0653348087475916,2.1812188017641967,-1.8909716305947275
-0.008302987887422605,0.014857159564408346,-0.007584899553408267,0.0026493888409840544,0.18961377151709982,3.043272481165859,2.153936192417215,-1.8879096588811972
-0.008357278301501873,0.014855296778787414,-0.007647999481067113,0.0025870981361660844,0.19882754278495796,3.0306880020626994,2.2165839593040073,-1.8573592105500636
-0.008375001327083551,0.014867177595397652,-0.0076477555844760734,0.0025528074863369714,0.19923622726374712,3.0029999871731605,2.2309010444819335,-1.8354890528762302
-0.008499612521058042,0.0148911873789111,-0.007738206433519351,0.002373284411816092,0.21317339514435366,2.9103000182459517,2.3567403600360706,-1.7305294297146665
-0.008428621299625103,0.014879935594032195,-0.007683815396690734,0.002473740628312284,0.20492901483340448,2.9603014542090826,2.284483180068283,-1.7893635835560295
-0.008413089824247903,0.01487975115246259,-0.007667728607594518,0.0024930237092821886,0.20256899191792357,2.966531116724888,2.2672474651353642,-1.7997778146526426
-0.008394032612847433,0.014875643207700923,-0.007654256719346955,0.002520646165339263,0.20042973998632493,2.9809416796398174,2.2480635054882554,-1.8157787299024761
-0.00847925508705695,0.014896776435529967,-0.00770801562203494,0.0023932857677293248,0.20885567576587993,2.909230761194713,2.331147888699128,-1.7400993552493702
-0.008459154344178299,0.014895151475893355,-0.007690128846832949,0.002420070803949241,0.20619853838052452,2.920592828052222,2.3099925848549803,-1.7553712350276676
-0.008441424028747476,0.014888660137080009,-0.007682632811008428,0.0024487940319414445,0.20492595902949504,2.9394532104067106,2.2939952848380436,-1.7730732586532814
-0.010102945375399158,0.015041536390890802,-0.008245904609643515,-1.6839496073167966E-4,0.2642241903751439,1.071304874892659,3.303613723521542,0.13166255285472214
-0.01008720927536122,0.015041866505084154,-0.008246310193824118,-1.4265479840562038E-4,0.26454210560079533,1.0923243006432417,3.3010634275864477,0.11102206576940012
-0.010071365963833356,0.01504212099960494,-0.008246692760073303,-1.1674242737772433E-4,0.2648963644996853,1.1135021019183229,3.298409379499322,0.09025766854222654
-0.01011107830925296,0.01505601718102255,-0.008216466634164523,-1.8054403415491605E-4,0.2603926905444313,1.048403914286306,3.285410712562721,0.14033554026017916
-0.010126659206170834,0.01505674080754076,-0.008213725011559177,-2.0576515405646093E-4,0.2597922068416643,1.0268517511591406,3.2862452164085063,0.1604707037229096
-0.010142731005408067,0.015057279446842433,-0.008211129995942581,-2.3177165134562387E-4,0.2592050058173005,1.0047694804043454,3.2871860043004517,0.18124867438202316
-0.010159110664094613,0.01505734259248457,-0.008209260501061848,-2.5830236856942235E-4,0.25871192419768624,0.9826186497220712,3.2885845819155857,0.2024864186142283
-0.010191930672529234,0.015054758517357894,-0.008210305967744075,-3.1177254005222086E-4,0.2583081843331278,0.9401622028566273,3.2943611208578694,0.24552962184625327
-0.010175791573534043,0.01505677085915357,-0.008208420546096924,-2.853801212069959E-4,0.258315935815808,0.9605100343705174,3.2906411192868394,0.22421830838377335
-0.010207144745642143,0.015053038394587463,-0.00821155893809465,-3.3664872971633217E-4,0.2581893561507335,0.9207562747584926,3.297466311003,0.2656408502144461
-0.01022241516635177,0.015052506374112573,-0.008210285514904875,-3.614461603916969E-4,0.25778776556665634,0.9003600092352352,3.298820231112123,0.2855794213184675
-0.010238036601828999,0.015051249425549385,-0.00821021846621682,-3.8692404479535083E-4,0.25753460953513985,0.8799663537019452,3.3009701632720403,0.3061358463581176
-0.010253943626656435,0.01505018670038666,-0.008209539505565263,-4.128307977139119E-4,0.25719862022920054,0.8589806033615198,3.3026774537634016,0.327037302915321
-0.010269814469615175,0.015050548789729563,-0.008205873260123562,-4.384018607549391E-4,0.2565143844425251,0.8370402092439228,3.3022989889824905,0.3475198081040485
-0.01028588396253356,0.015049637254049281,-0.008204502350410437,-4.645159429390485E-4,0.25611982461092064,0.8156757063327419,3.303419270359217,0.3685650527047342
-0.010317849255289306,0.015048253145302911,-0.008200379765956408,-5.163307974778496E-4,0.25517502323013425,0.772783137506083,3.3044871334838644,0.4102864590069584
-0.010301926090182604,0.015049234273862068,-0.008201949340204533,-4.904648677078316E-4,0.25555307853697534,0.7939557146575752,3.30366040512615,0.38944170710662535
-0.010341216185933358,0.015062180611824306,-0.00816759812407658,-5.505605911774414E-4,0.2508214687305643,0.7320819236622191,3.284977861861297,0.4361957723192793
-0.010326916120228397,0.01506031087976215,-0.008174622369859195,-5.281379894127318E-4,0.25190293057820934,0.7527102973748545,3.288126704529783,0.4184409233578508
-0.010358221088802688,0.01506286250837107,-0.008162086117943272,-5.775300107830648E-4,0.2499585481555507,0.7085389555191374,3.283069028686539,0.45770563918141377
-0.009794722533218803,0.015054563972599742,-0.008208236038797041,3.333008112771249E-4,0.265307754125451,1.4640845217642633,3.21142626340809,-0.2680008114984837
-0.009810697080987908,0.01505464392336025,-0.008210360935199121,3.07435809221521E-4,0.2653084450439662,1.4437705059118493,3.2169331212900993,-0.24764677438273966
-0.009786617823071558,0.015067761963314278,-0.008180836323007376,3.443730626919549E-4,0.2618597971636059,1.4605727335555434,3.191864348649767,-0.27719101412184655
-0.009842112614391942,0.015054318859770615,-0.008214963534182303,2.5657076112430905E-4,0.26527748138450896,1.4040301745007042,3.2278457493372987,-0.20749482208900913
-0.00982680391702348,0.015054870650786123,-0.008212025888641679,2.8132018310711226E-4,0.2651506133102148,1.4230213995563374,3.2221192297709904,-0.22704500129873165
-0.00985055331243861,0.01506718754197508,-0.008190344091500613,2.4148541228111647E-4,0.2618492088783232,1.3803504180905914,3.2141365857573154,-0.19610745202791638
-0.009864132746258317,0.01507045104568774,-0.008185281310764821,2.1925531671671133E-4,0.2608935877909582,1.359824744006106,3.214174873174304,-0.17870347636380446
-0.009880708153228447,0.01507383610417784,-0.008180115227759792,1.9224130097304545E-4,0.25991048432235014,1.335383623744477,3.214781331454516,-0.15753236550917796
-0.009913744715244505,0.01506980743854642,-0.00819056406799055,1.3928043763306193E-4,0.26065876365473234,1.2967637872653794,3.229130170158766,-0.11539677948931952
-0.009899060369748072,0.015075913568958727,-0.008177475072621116,1.6253341166947693E-4,0.2591887444304546,1.3099050328326374,3.2173267202775766,-0.13415194607614586
-0.009927011722301735,0.015072623997315071,-0.008185759448382438,1.1770964347695218E-4,0.2597708077302006,1.2769969148676354,3.228988461848935,-0.0984574759057431
-0.009958723315676389,0.015076643067506284,-0.008179152558621616,6.642699735069189E-5,0.258318748052428,1.232255596394807,3.23156911369438,-0.05801495159457337
-0.009942580937421161,0.015075113438180297,-0.008181582277027198,9.249069442421543E-5,0.25891804769692855,1.2545679259800566,3.2296904532006514,-0.07860446668252473
-0.00973802121885438,0.0150674850264726,-0.008173081533702296,4.224361375088698E-4,0.26165686943029315,1.5213415016402418,3.1739112331389556,-0.33839194340742423
-0.00975327242223435,0.015065396848521645,-0.008179995608181638,3.9834506698557674E-4,0.26238546171439336,1.504678543646427,3.1824334297482455,-0.3194795383738631
-0.009769678291416374,0.015071925264091785,-0.008169904799200807,3.709038856928858E-4,0.26063596676073386,1.4773880657339773,3.180470288352365,-0.29816188540217586
-0.009975039270531666,0.015077536376414768,-0.008177801059180133,4.012703335708017E-5,0.2578541993534869,1.2102575798006752,3.2341064800691726,-0.037188423419657696
-0.00999195314034171,0.01507770000281751,-0.008177708033325704,1.2887580945957893E-5,0.2575529788060909,1.1880745735823757,3.2375090764048395,-0.015554024393648754
-0.010047693647579028,0.015057035497223883,-0.00821796518320058,-7.754135957335527E-5,0.26172836709116115,1.1324364034125187,3.2749065059550335,0.057904509300567945
-0.010063610098561855,0.015056857889059007,-0.008217704870662658,-1.0340629167101104E-4,0.2614017743380174,1.1113523372140837,3.27772861632465,0.07857794539292849
-0.010039622722577142,0.015071804769563244,-0.008188913349996862,-6.403230715283882E-5,0.25817967529808555,1.1305917969193597,3.254242715340443,0.04609052728430892
-0.01001093391055406,0.015076905431146675,-0.008179293595791143,-1.7683040022733283E-5,0.2574130582483418,1.1639542655517146,3.242341726586084,0.008803913213764185
-0.010029283441035292,0.015085820290484454,-0.008161482359156029,-4.707565126216007E-5,0.25476359273422394,1.132419363600276,3.2342633114409503,0.031545320276402895
-0.009264004682321482,0.015036257492606403,-0.008065830410625119,0.001178526840321178,0.2554451359073166,2.0978536015932345,2.944968151978319,-0.9146642583071999
-0.009248612726781813,0.015045312641003864,-0.008040469675048303,0.001197184495070941,0.252128606121965,2.100629648509998,2.924285131580005,-0.9277612076537974
-0.00932527253996957,0.015044352812486879,-0.008080752804052314,0.0010806727044959687,0.25658885048808816,2.0236446655795852,2.978823738259804,-0.8419839579021319
-0.009342111771147186,0.015056608519384727,-0.008065068051065551,0.0010490577797370093,0.2541290864109946,1.989506013646231,2.9766118630787766,-0.8179402729562764
-0.009294034537466243,0.015039791767730444,-0.008074312380920393,0.0011308342142030642,0.2561818315103154,2.0622850932922776,2.9623613804740674,-0.8793422322806377
-0.009310081155145682,0.015051817888471226,-0.008059102489879134,0.0011003737845904091,0.2537891483311188,2.0292856891257602,2.9603569994954406,-0.8562159128971771
-0.009278844039464659,0.015048053665351897,-0.008050841889889642,0.0011498772596747855,0.2531295858083414,2.0664105463786235,2.942831169212894,-0.8929212840960906
-0.008856576295151228,0.01494503109849012,-0.007967983253035755,0.0018422335726140941,0.24603721673747667,2.6010847295811597,2.6887982550602834,-1.3905191611630792
-0.008871393158306073,0.014959502705734502,-0.00795316513428061,0.0018096274807779063,0.24383828945845318,2.5658310194050205,2.6905590440960143,-1.3665480340921825
-0.008919409316398107,0.014975445581555957,-0.007960822337470074,0.0017287137618300253,0.24463143743784407,2.5025085872789066,2.7215454900371934,-1.309841354262358
-0.008903528407869734,0.01497215172030109,-0.007954841868609579,0.0017539663245099198,0.24386485448767495,2.5203412594463797,2.7097603846438147,-1.3273506439500553
-0.008887215296938884,0.014966868919879599,-0.007952000085570633,0.0017813298618336597,0.24356270400519445,2.541609388619,2.6991347888744674,-1.3465058011738023
-0.008997150973702408,0.014993397495152418,-0.007984056604168661,0.0016032228830635826,0.24727385028161533,2.4102706160509917,2.7750731706678136,-1.2217039741466917
-0.008937198122652697,0.014979451393035956,-0.007966718241587801,0.001700141699956799,0.24534831586545305,2.4818203382877377,2.734272787565073,-1.2898888297443396
-0.008959094055736859,0.014981780826526023,-0.007978488021234275,0.0016668089515517249,0.24680843387488302,2.4603528322556554,2.7519993668502143,-1.2668884314836413
-0.008979846883231708,0.01498846727139621,-0.00798100900214682,0.0016318820611901134,0.24698566183810175,2.4325851306015633,2.7643888166238244,-1.2420933188161252
-0.009201040323707577,0.015030571041911118,-0.008042696263536923,0.0012771119358172267,0.25312107360485964,2.1684740088412906,2.9047209111342105,-0.9869806534410673
-0.009185541216208874,0.015026920116312214,-0.008040861097414724,0.0013025421643250773,0.2530632360567981,2.1887657203897586,2.896752083487426,-1.0056540076205538
-0.009170199390478103,0.015023696919280466,-0.008038128916297104,0.0013274838097673807,0.25289508193929766,2.2082229983662014,2.8882831577826154,-1.023917427014675
-0.009233277410671167,0.015058574778770569,-0.008007138460654624,0.0012132833383466269,0.2478910670293493,2.097263304165264,2.8993730310608075,-0.9385723158931448
-0.009220471676098926,0.0150495177306016,-0.008017419395283392,0.001237388430252288,0.2494842645831436,2.1225087813588868,2.8994778851259966,-0.9567527812868768
-0.009205370745011331,0.015049020099947777,-0.008010081548102599,0.0012603217296089755,0.2486139938576235,2.137881214247685,2.888894827244251,-0.9733952187356759
-0.009107495527598196,0.015015964911973349,-0.008014890392262634,0.0014258568382741062,0.2504653905834244,2.278358404704266,2.846431898573986,-1.0949406056182542
-0.009154291755288311,0.015020124258770614,-0.008035549942984645,0.0013534683740880104,0.2527343223585064,2.2285997427687114,2.879555492657474,-1.0428905052902453
-0.009138041233946246,0.015013746855752177,-0.008037892179404262,0.0013816518959281381,0.25329945505062973,2.253324605425672,2.87319948589743,-1.0636160815876121
-0.009123074356971926,0.015024836258990051,-0.00800780182828473,0.0013972213424874836,0.24926515424262483,2.2507992664694814,2.8501439423352255,-1.073733645099477
-0.00902739648903137,0.01499397886248096,-0.00800387837605286,0.0015585703114428331,0.2497841948738325,2.38346478159422,2.8008438518843017,-1.190641072035256
-0.00901199956006272,0.01499951531436233,-0.007982972557096622,0.0015773203411756742,0.24689401603066247,2.3880761525521224,2.782290787342474,-1.2030144350100827
-0.009043523296219715,0.015007323010065089,-0.007989777515265905,0.0015258942459698084,0.24765127819761076,2.3486764539064637,2.80186298606117,-1.1662690299367728
-0.009095642077648588,0.015027149435725648,-0.007986430094266472,0.0014363866431546476,0.24673291161364386,2.272399769903893,2.8258280706055756,-1.1012833610502684
-0.009061552669637282,0.015018913017272055,-0.007980005424641752,0.0014917984062569106,0.24613896255871934,2.31518791644938,2.8058735985312695,-1.1411350532190279
-0.009080431459901808,0.015026362271977393,-0.007978264452860899,0.001459276578118783,0.24566534505147467,2.2872253163445304,2.814230740778997,-1.1175046823730599
-0.00883845760520701,0.014955180983611588,-0.007934786091960218,0.0018597406798133936,0.2414191050625493,2.5975709212851847,2.662655682257242,-1.400456127848237
-0.008717794220545503,0.014930946973809457,-0.007876316747260829,0.002047809177215618,0.23336450646687598,2.7213979984719505,2.561870375069494,-1.526156091950852
-0.008733658858803813,0.014940313056107896,-0.007873516878519561,0.0020178869440599365,0.23298010733571164,2.6950361630983526,2.5708746753002423,-1.5053346772071594
-0.008705426070385575,0.014941273146816678,-0.007846949355168734,0.002055465177338774,0.22933980617211916,2.711324477919203,2.541493509683921,-1.528745144430712
-0.00869006229370753,0.014939956767488011,-0.007835577618729522,0.002077386533029234,0.22770395271605667,2.723062350746826,2.5267788424396227,-1.5426730762710739
-0.008673483909764758,0.014935902101022542,-0.007827792129455528,0.0021033174898955134,0.22657027145692996,2.740068179410848,2.512702106993039,-1.5595893016571336
-0.00864010379921459,0.014940532499303846,-0.007789138193250355,0.0021434961176730414,0.22120742938370155,2.7514519604542182,2.474957430516931,-1.5830368678352544
-0.008658755744130648,0.014950932788362804,-0.007788025398828477,0.0021093097883015965,0.2211729470252399,2.7228340133525273,2.4868669380542574,-1.5598391446094888
-0.008801946822580235,0.014948223011520016,-0.007917495992523607,0.0019167052336709098,0.2390856983294975,2.635444627306859,2.63278750754364,-1.4389375487050933
-0.008821339944383817,0.014963252637611885,-0.00790620068758451,0.0018772227568301084,0.23742414453689764,2.5964630447368076,2.6393554797754644,-1.4105453494572353
-0.008751510587669946,0.014950575222624213,-0.007870605610216101,0.001984547391935246,0.23250402307694618,2.665844096454951,2.5808991142854865,-1.4821258867995102
-0.008768648110402158,0.014953392281981365,-0.007880183177583391,0.00195857201460706,0.23400608041547852,2.64964040586258,2.595723935714725,-1.465002640250031
-0.00878366511962531,0.014963308114710925,-0.007875002378531233,0.0019295129225358283,0.2331651519389286,2.6227339277500055,2.6026795949827695,-1.4444441861659614
-0.009389685773680469,0.015051921807032936,-0.008095375827540621,9.777971589047983E-4,0.25759542809131775,1.9450886333391637,3.0125618100983296,-0.7649199176902507
-0.00937337301644466,0.01505723038054503,-0.008077998686232086,0.0010007022895071548,0.25531890921030276,1.9556272268041561,2.9962551171095675,-0.7818684386212076
-0.009359357821896952,0.015071881448116557,-0.008043601994659956,0.001015700375746671,0.2510433842935584,1.9511108315079613,2.971041999907538,-0.7924228005245045
-0.00940705621771144,0.015065384679864915,-0.008076719524236338,9.452080147384208E-4,0.25471694750926677,1.9087530218755209,3.0082620652028838,-0.739990879615695
-0.009446249148926816,0.015075827226312736,-0.008072347657531447,8.804015291619269E-4,0.2535270761835246,1.852762828277666,3.0200672365112213,-0.6908729034640474
-0.009428331958041774,0.015078117538759716,-0.008060860216386993,9.07171157755026E-4,0.252195371271563,1.8694455624861788,3.006866494311033,-0.7110090496993225
-0.009486064577603417,0.015062012586561443,-0.008114133145696409,8.236379370496096E-4,0.2584398548549361,1.825872975737837,3.0589062998714094,-0.648222973795196
-0.009471152984131712,0.015068893642938036,-0.008095259016315918,8.443879225645803E-4,0.2560632505368671,1.833991622019856,3.0424553821998686,-0.6638363931668894
-0.009461202426144904,0.015083160462706642,-0.008063920808971482,8.544687951950108E-4,0.2521117406368241,1.827155378097958,3.0204305006550736,-0.6710885181269249
-0.009663108454275255,0.015086679895772274,-0.008119353653711905,5.375650809227372E-4,0.2558880839722542,1.5913870496460218,3.1190431401587557,-0.4284619747491965
-0.009727776627770121,0.015084463757792209,-0.00813769102460979,4.3554338544129345E-4,0.2571660458841225,1.5157999713974724,3.148863707252996,-0.34907508032808826
-0.009680589348983573,0.015095204985740013,-0.00810676162439339,5.079966980025449E-4,0.2539153401486143,1.5611686687968744,3.1163283553039225,-0.40564256603372867
-0.009697759724745915,0.015099662584886993,-0.008101839620364697,4.7995447208555326E-4,0.253003162572032,1.5358506703911645,3.1181487487430624,-0.3839696945434801
-0.009715077527444877,0.015102582727893167,-0.008099735474312154,4.5206153052707905E-4,0.2524033501164537,1.5119460488206788,3.1216529582907953,-0.3623423853959596
-0.009503302877440065,0.015073802873838698,-0.008097360218597976,7.924773532213509E-4,0.25584966424801614,1.7918426017577236,3.0548777464769024,-0.6242964074101524
-0.009522448308834886,0.015084352162792736,-0.00808345843128032,7.590037290907315E-4,0.2536533300169634,1.7574657004249936,3.053063304356652,-0.5986670489113947
-0.009540187743014305,0.01508902238096005,-0.008080250442854571,7.298286026266476E-4,0.2529552583526801,1.731822190252622,3.0570236527496326,-0.5763774486299439
-0.009555649223412644,0.015091955383753589,-0.008079474129411386,7.048039398005376E-4,0.25249746430889447,1.7107530353709237,3.0615963412642486,-0.5572216637192485
-0.009572187125916362,0.015091185572460041,-0.00808603535976423,6.792286203078436E-4,0.253202209278482,1.6927274355706072,3.0708525479013256,-0.5376589158929576
-0.009586122665794684,0.01509935464342472,-0.008074308093713524,6.55065923586572E-4,0.2513530168923457,1.667261252903204,3.068178433698325,-0.5190849255035969
-0.009616954602620152,0.015096463194209578,-0.008088550529228288,6.076889008339831E-4,0.2527161051158275,1.6348511958652516,3.0863364367586867,-0.4826931257267601
-0.009601606323759804,0.015104981070041162,-0.008067819869185321,6.293320493666773E-4,0.25023208726283197,1.6430397059220692,3.069052541146191,-0.4993366510196505
-0.009649104970298056,0.015098296380275414,-0.00809329173747792,5.567963814390862E-4,0.2527993005594531,1.5951156671484765,3.0988748506300428,-0.4434516061284433
-0.009631810638044209,0.015105668988860923,-0.008074601663688123,5.820268976789686E-4,0.25048813840028755,1.6072364653951354,3.0823211699473356,-0.4629513343053643
-0.010972961291933403,0.01493329740034128,-0.008119747361034789,-0.001601389937923178,0.24278375794062992,-0.09068478151552016,3.2688691499673843,1.2933585981345008
-0.010848984685786567,0.014955862789256341,-0.00815790989535267,-0.001397510272002713,0.2468671312817118,0.07514201228825028,3.300273205135621,1.1286630068079075
-0.010833500267241695,0.014958680207431097,-0.00816188122254441,-0.001371907446724668,0.24738793612648613,0.09584820854100291,3.303343890017191,1.1079234331988286
-0.010817930986736607,0.014961498906516942,-0.008165721624435338,-0.0013461485445088568,0.24780805840475953,0.11665894542801146,3.306258211577864,1.087049781385298
-0.010802270359726038,0.01496416994860479,-0.008169714735359745,-0.0013203103704037026,0.24818083349741657,0.1376358851193347,3.3092154305288743,1.066115046085977
-0.0109677285105816,0.01494923347324314,-0.008093669275547192,-0.0015825470399371989,0.23934519317320432,-0.08581976112186089,3.25129717862866,1.2745962333965604
-0.01095220005799692,0.014951936945644404,-0.008099177664767192,-0.0015573634057055414,0.23987987160299848,-0.06522913303546198,3.2559299157392574,1.2543783493088279
-0.01093675191060657,0.014954892502965195,-0.008103986564502829,-0.001532092663420322,0.2403282056744592,-0.044781502997918304,3.260008647412873,1.2340138425833374
-0.01092125028783756,0.01495783009100394,-0.008108687879233066,-0.0015067201941152272,0.24078880076396644,-0.02425539553288847,3.26395247751829,1.213556735615484
-0.010905693188368993,0.014960466278751904,-0.00811381349435558,-0.0014814255241595083,0.2413128253762408,-0.003587354552213495,3.2681280900055927,1.1932070227317118
-0.010890157514357861,0.014963081870757905,-0.008118789396514649,-0.0014561401115585713,0.2418375782470508,0.01707377942202123,3.272136152837295,1.1728404106006034
-0.01087470331067533,0.014965892859452481,-0.008123171585731151,-0.0014308211505534368,0.24228524017035238,0.03758706512788585,3.2756641057828886,1.152384181112182
-0.010859320193510208,0.014968673075699197,-0.00812739278728383,-0.001405599919352276,0.2427302683900547,0.05801204477846916,3.279012501162971,1.1319913672082718
-0.01079683616983431,0.014980454966189787,-0.008141811084018749,-0.0013026176465599818,0.24432531635575305,0.14080004197348528,3.2900774214787902,1.0484647937467326
-0.010775297791032609,0.014999210407469219,-0.008118162832215751,-0.0012589824011916583,0.24176880816078236,0.16471638615792158,3.2738844382116103,1.0106756726458441
-0.010791257775848932,0.01499730401667593,-0.008112966412738822,-0.0012845647740742522,0.24117005140958228,0.14345956494372425,3.2702049809559735,1.0312364880951144
-0.01098854294106727,0.014930308282038243,-0.008114437246501549,-0.0016269556710816603,0.24239635515400346,-0.11145941806236208,3.264269775824797,1.313955216456158
-0.011004157585097865,0.014927130486854692,-0.008109274452307582,-0.0016526669836415483,0.24199541754835255,-0.13223164434608822,3.2597072523154185,1.3346731034808645
-0.01103531877299046,0.014920589496412765,-0.008098798340931954,-0.0017040122285123438,0.2410462216284708,-0.1736244962362856,3.250281107793222,1.3760164173945368
-0.011019754352052555,0.014923863642589718,-0.008104108103011388,-0.0016783795031807141,0.24152674472306782,-0.15295643672474638,3.2550769791448,1.3553869421543252
-0.011096880833828801,0.014907060413599403,-0.008077095868315835,-0.0018054663511901132,0.23918171103520922,-0.2551626712554293,3.2301755060015043,1.457526686647977
-0.011081593414767145,0.014910432510742458,-0.008082725687548352,-0.0017803188450858096,0.23971175217637544,-0.23493099929616987,3.235433728994425,1.437348312350171
-0.01106626655510346,0.01491386758226,-0.008088095913294737,-0.001755027055906217,0.2401934160290873,-0.2146447757198416,3.2404489893604773,1.417029262932454
-0.011050837364730505,0.014917271628266138,-0.008093423549773287,-0.0017295717981413716,0.24061422024854418,-0.1942085870521633,3.24537745377827,1.3965694617615296
-0.011107726155986902,0.014919653178522034,-0.008045667415187531,-0.001811569679083938,0.23531277037755258,-0.27011410776260575,3.207724733110689,1.4585178012610058
-0.011123096274492887,0.014916620716360872,-0.008039127909062043,-0.0018363440169082614,0.23477741134739102,-0.2902699481758002,3.201741728902245,1.4782307369120693
-0.011138596016859695,0.014913330777365882,-0.008032781930519662,-0.001861462152139004,0.23428140286229213,-0.3105530567715202,3.1958146883189333,1.4982405345612007
-0.011154094125221262,0.01490971066198587,-0.008026859708297128,-0.0018867979976280574,0.23385018678309297,-0.33079710197360107,3.190114279169744,1.5184745522945515
-0.011169500982862833,0.01490580588346767,-0.008021347651753245,-0.0019121942396763258,0.23348381558128709,-0.3508966682103145,3.1846406232322555,1.5388041767287461
-0.01118479034159453,0.01490174106120634,-0.008016041583571864,-0.0019375180197915185,0.23316142510172846,-0.3708293740848377,3.1792559717269238,1.5590980557603649
-0.011200072967056223,0.014897862791114913,-0.00801022851410708,-0.001962640338528179,0.2328025728596772,-0.3907406466395635,3.1734600729809483,1.5791600099376384
-0.010697435933411971,0.015011651891763083,-0.008134912100085418,-0.001132065895561843,0.243913179688748,0.2674054117352465,3.2849363438662778,0.9079255823080269
-0.010728845364083417,0.015004625798577807,-0.008132517598291143,-0.0011843613539894127,0.2435228016227868,0.22671146434083922,3.2836699901738413,0.9505951264338502
-0.010713577017671358,0.01500896670820298,-0.008132006948055213,-0.0011584712556842725,0.2434972243998377,0.24618921830621213,3.2831683246876,0.9293320367168364
-0.010769333850367867,0.015015742642077565,-0.008090090947053125,-0.0012408656799265257,0.23852568280665623,0.16795812894698658,3.2546580288928753,0.9933702076188675
-0.010753401939755745,0.015015953052298053,-0.00809817969741333,-0.0012163347514960049,0.2394886978743311,0.1895147348344701,3.2602192263058036,0.9739574198301638
-0.010739481572785078,0.015015650155050169,-0.008106036638045381,-0.0011950935934137786,0.2404251864511599,0.20855091310842763,3.2655632309608853,0.9572092103312226
-0.010419538417836285,0.015025628454001327,-0.008218171352500319,-6.860540172705097E-4,0.25589392389009674,0.6462354944937094,3.3271978968358646,0.5491062505860985
-0.010451061241998275,0.015022398053311023,-0.008214693912863195,-7.3776226131672E-4,0.2550934852002263,0.604189807279755,3.3275596275656993,0.5910443233905894
-0.010435376010403166,0.015024153002015239,-0.00821622470495213,-7.119917917701846E-4,0.2554566398760835,0.6250467326298484,3.327274050096116,0.5701209934171213
-0.010507206351878469,0.01503131371607792,-0.008178080498044327,-8.244363462888766E-4,0.25021469313954703,0.5214249851472955,3.3066640245230867,0.6594828640521627
-0.010460374103379117,0.015035961763732349,-0.008185103553893949,-7.482657507862654E-4,0.25154575268097584,0.5837318961515714,3.3080412788067544,0.5978249624608009
-0.010475832869979185,0.015034938466923485,-0.008181963693941564,-7.73251482121715E-4,0.2510056481024079,0.5629220723715096,3.3070919090510853,0.617986445713454
-0.010491457769676832,0.015033028340755539,-0.008180323756472626,-7.987859008057489E-4,0.25064598167752167,0.5423320948543785,3.30711474564734,0.6386947439695573
-0.010522809666371343,0.015031642458452904,-0.008171740606051523,-8.490826424546689E-4,0.249340155941957,0.4996996642579527,3.303333520609287,0.6791758835037233
-0.010538971994068573,0.015031228011410547,-0.008166467270081919,-8.748356071828757E-4,0.24858745091862458,0.4775953222490788,3.3006965582155483,0.6998357339285651
-0.010691648592478809,0.015029227076963504,-0.008104199030664415,-0.0011145208795422157,0.24032041237335022,0.269138044758559,3.263797695967709,0.8910462647636113
-0.01067561636310889,0.01503124712151775,-0.00810801752650766,-0.0010887640837942503,0.2408186342149434,0.2902336434128107,3.2661095140880256,0.8702824179376955
-0.01057242461802422,0.015026891227768076,-0.008161711452271153,-9.293899477263156E-4,0.24777764300601599,0.433477142260598,3.299223451663135,0.744032228172861
-0.010555864653961217,0.01502988167021111,-0.00816253283289914,-9.020578596568114E-4,0.24797811022499894,0.4549350022258693,3.298941008357366,0.7217822274927931
-0.01065942394063453,0.015032894315575826,-0.008112439434009208,-0.0010629036456361503,0.24140115171499124,0.3116799944033164,3.2687616430264392,0.8494838157496859
-0.010603437643166583,0.015021193643546185,-0.008159813577359669,-9.806271477820607E-4,0.24730947717726195,0.3931816505328221,3.299328469689758,0.7857859885747708
-0.010588260955496066,0.015024007894686123,-0.008160780727276017,-9.555400278937254E-4,0.2475013807511288,0.41289841279071077,3.2993353819033646,0.7653513673050315
-0.010613291674499167,0.015032265217047269,-0.008134247402418946,-9.913306315462787E-4,0.2442330499413578,0.374953080673558,3.2822102611280997,0.7926564121043232
-0.010627089963321738,0.015033495192475318,-0.008125871494677,-0.0010123412705809953,0.24314962785643646,0.35556946219847924,3.2769838351724405,0.8091951139937553
-0.010643136665438474,0.015033844139923203,-0.008118054090993919,-0.001037174363223753,0.24213819502037892,0.33352301763299685,3.2721543290211454,0.8288888390655319
-0.010412745950700545,0.015041156100043467,-0.008189705221559401,-6.705436496805178E-4,0.25265281514684496,0.6465568092208188,3.3071260496939145,0.5348674257928674
-0.01039143567002156,0.01505451627504788,-0.008169631275027102,-6.326952939983834E-4,0.25047185998660443,0.6681459145136122,3.2915057563556944,0.5028939184780459
-0.010405306663409546,0.015055760148022693,-0.008163309166861,-6.5444654638608E-4,0.24953839680986592,0.648473262989162,3.288527685545887,0.5201610104201994
-0.010377280446962293,0.015062694406041825,-0.008157492373204013,-6.079318360166182E-4,0.2491332927402065,0.6827062575925653,3.281900241158481,0.48205922839401344
0.014995831562063067,-0.010204124970286513,3.4014637819447605E-4,0.008326245032747615,0.32151202895336417,-0.2659949058413078,-3.2620047142318236,1.494509166459804
0.014995165756016561,-0.01021981599104591,3.6632322082627084E-4,0.008325134396903569,0.3206890338005864,-0.286780954368072,-3.2564296378645587,1.5151115024477482
0.015009676192743645,-0.01021249271989551,3.51967210737538E-4,0.008296816865552496,0.3114774563064444,-0.27979179484707734,-3.241019254381714,1.4946724555057622
0.015009018509424493,-0.010228272641781406,3.7809106634806647E-4,0.008295601117401385,0.3122872547465279,-0.3001399704252265,-3.235340905364811,1.5151373523752698
0.014998001866155191,-0.010141341239237565,2.355777369497429E-4,0.008329859510977573,0.31736138182225676,-0.18350882674461286,-3.2831464809443163,1.4122286282428569
0.01501216740353404,-0.010133798084120769,2.2165111288870076E-4,0.008301747176502493,0.30968513776492923,-0.17742078860658964,-3.2675628834003647,1.3920951978340808
0.01499753324023817,-0.010157039844353498,2.617079469145797E-4,0.008329079643303067,0.3193604051465672,-0.20403076894043512,-3.2780646851833786,1.4328682953534095
0.015011703653447,-0.010149519703873946,2.476948308931478E-4,0.00830105092581,0.30990297667656325,-0.1979014719266474,-3.262581672827285,1.412656672874404
0.014997015310364323,-0.010172736759216247,2.87835305103545E-4,0.00832821768260332,0.32110796152537285,-0.22457960135480246,-3.2728395581632967,1.4534237282932325
0.01501123522355876,-0.010165229179765436,2.737165006914981E-4,0.008300187585743172,0.30997268056259214,-0.21838724872816226,-3.257426315071099,1.4331733255980101
0.014996448082291579,-0.010188431847002629,3.139796072738672E-4,0.008327272918805417,0.32187522799634927,-0.24523533209400786,-3.267480109241619,1.4739523876407095
0.01501025119274581,-0.010196714665527259,3.25848915931252E-4,0.008298013860531486,0.31070915502254465,-0.25936808546479884,-3.246611312847048,1.474180820768554
0.015010759768152937,-0.01018095692693314,2.997615033349843E-4,0.00829915902228001,0.3101932739883062,-0.23888628072690257,-3.2520941312067557,1.4536783764083243
0.015027172273654086,-0.010110310240476225,1.8157421080007864E-4,0.008274047729944318,0.3079074724235146,-0.14303326508853068,-3.2566885815338296,1.3446079885425357
0.015026726725889889,-0.010126164133067807,2.0767197042864186E-4,0.00827358661955953,0.3083025779741215,-0.16359646277920858,-3.2519916220825302,1.3652881294295456
0.01502782464247507,-0.01004728336516684,7.784888567661538E-5,0.008276309109491746,0.30596712600821624,-0.06108869733006226,-3.274946123237996,1.262818732798156
0.015027645360129988,-0.010062946709252828,1.0363432563039593E-4,0.008276051144995668,0.30653175991605947,-0.0815185604115488,-3.270701595004779,1.283283136522552
0.015027424225591217,-0.010094442774034582,1.554644736878933E-4,0.008274713882661685,0.3075333858091814,-0.12245379157073434,-3.2614479781668275,1.3240467665185964
0.015027541878623657,-0.010078650230592923,1.294793563193739E-4,0.008275461200687596,0.30707598996073004,-0.10195081981038222,-3.2661695835805564,1.3036429331825063
0.015042924419361996,-0.010023871142235864,3.905797485398643E-5,0.008246704668258283,0.301613728396352,-0.030588964955629235,-3.262054030427611,1.218109362556895
0.015042440234731893,-0.010039549793985707,6.470702177783178E-5,0.00824732864902701,0.30215603017247633,-0.05091864673533592,-3.2585198142425047,1.2388209279239968
0.015043240145672288,-0.010008026814173943,1.3147915334405088E-5,0.008246240872275363,0.3010971356592465,-0.010030853618826626,-3.2656606296837225,1.1972891563883457
0.015043325922445436,-0.009992106936686057,-1.2880563849229795E-5,0.008246055164542207,0.3006243342235557,0.010644727536558233,-3.269394189651798,1.1765281711975286
0.01498333453830101,-0.01040789322055687,6.797814462275059E-4,0.008305416871699322,0.3269959389873271,-0.5297142966530914,-3.180330786704205,1.7596612712474589
0.014982028743765486,-0.010423544090142324,7.059070560021099E-4,0.008303237067510403,0.3257558913650497,-0.5499316780253636,-3.173195669673674,1.7798755434436495
0.014996780753771153,-0.010416854707629016,6.904343481033311E-4,0.00827564049550754,0.3183380647221546,-0.5415185282361539,-3.1587428960364403,1.7581058372299758
0.014995431432193002,-0.010432603982231241,7.165149097537754E-4,0.008273447192643814,0.3193221060060208,-0.5613796969633595,-3.151570416957838,1.7781804925217772
0.01498806588318487,-0.010345251712533228,5.754372875426268E-4,0.008313298397019577,0.3230519513240217,-0.4495727251540485,-3.2077275084040324,1.679172081123723
0.015002538707552733,-0.010338396854341044,5.605181096551604E-4,0.008285771212592037,0.3166186541249351,-0.4413448509627336,-3.192974225390021,1.6574672120234004
0.014984591160277273,-0.010392238403124527,6.536667946082435E-4,0.00830751313758873,0.3276493878404695,-0.5095075052543248,-3.1873647865343586,1.7395155934474749
0.014998029682711201,-0.010401099737585231,6.643570288394428E-4,0.008277849179633008,0.3174617070337051,-0.5215571257547295,-3.1658612153723564,1.737994149838067
0.014986956843082835,-0.010360917504742087,6.015019746051203E-4,0.008311453199149159,0.32550916271202557,-0.4694476528288771,-3.201076765118076,1.6993370410562358
0.01500142514233358,-0.010354040437407496,5.864431999729604E-4,0.008284035859654816,0.31661170592594967,-0.46139519813403035,-3.1864675697590688,1.6776271743055886
0.014985798598725458,-0.01037657978297736,6.275738553819485E-4,0.008309525166962008,0.327183475317266,-0.4894083362187762,-3.194285499747309,1.719426340679198
0.015000318058737624,-0.010369687922673771,6.123620517289545E-4,0.008282111683467054,0.3166039862013157,-0.48145689851933277,-3.1797670157176428,1.6977504634694747
0.014999197671195211,-0.010385371475179145,6.383265518309008E-4,0.008280028618603637,0.3168634128524091,-0.5015223811939236,-3.172885862308752,1.71787049660228
0.01502347428587341,-0.010236842413167682,3.8971327648394243E-4,0.008265572615652752,0.3116647672887751,-0.3061170825133295,-3.2142787511807493,1.5076154861901223
0.01502270478759238,-0.01025270356303066,4.158093747024432E-4,0.0082643001620038,0.31209871213110957,-0.32644558688778574,-3.2085141447694627,1.5280261310027552
0.015021856009353305,-0.010268541425892619,4.418732350921568E-4,0.0082630068861961,0.3125403080389017,-0.3467219271258986,-3.2026720907797954,1.5484185157199075
0.01502091422577278,-0.01028436795293092,4.679278714997516E-4,0.008261718056111462,0.3129832999997426,-0.36696178885961744,-3.19676429016813,1.5688223103397192
0.015019861875234082,-0.010300177864558741,4.939697935867786E-4,0.008260469762898461,0.3134293682063088,-0.38716230555564485,-3.190814232863028,1.5892525619446214
0.015018691407884777,-0.010315939907751653,5.199522344002046E-4,0.008259284372143105,0.31389375838088235,-0.40728813750285203,-3.184845542745437,1.6096831655216504
0.015017436553732439,-0.010331609471148378,5.457977195088419E-4,0.008258107069478339,0.3144182398826201,-0.4272773790041075,-3.178840546956391,1.630023255803273
0.014958591675504214,-0.010642159322614201,0.0010702281850296677,0.008264179541994888,0.3344081651118908,-0.8241178195425726,-3.0610459891744495,2.0575489301056233
0.014956549907973092,-0.010657733236025013,0.0010962138758772797,0.00826077274291362,0.33358219020311847,-0.8435595030039238,-3.0521321940223394,2.0771096159749383
0.014971484454734426,-0.010651707025189661,0.0010794512402680907,0.008234173220208288,0.3254294413946753,-0.8346650331731759,-3.039095878741907,2.054162493713251
0.014969397076499524,-0.010667361669170497,0.0011053793569242075,0.00823075206970103,0.3262273755207949,-0.8537955486634586,-3.0301714564733593,2.073569293281837
0.014982618672474796,-0.010677142370744951,0.0011144855356993273,0.008200680893372926,0.3249399457665878,-0.8566728517268875,-3.0098256091842264,2.063407905365984
0.014966269026450152,-0.010579803377811692,9.66322855180487E-4,0.00827697250426767,0.33188327696628583,-0.7464030089342858,-3.0954921180605695,1.9792869235965158
0.01498095729936901,-0.01057355649829854,9.500673952722248E-4,0.008250391378674006,0.3232734713013164,-0.7381266332532762,-3.0821571177875686,1.956656380789618
0.01496442318144846,-0.010595401104716108,9.92299304511452E-4,0.008273898546549453,0.3332697892958878,-0.7658006911414409,-3.0870736375062653,1.9989171626837219
0.014979133655017294,-0.010589165660716883,9.7592536607676E-4,0.008247374501799938,0.32356629149305643,-0.7575055586054723,-3.073831415175,1.9762352280224194
0.014962528329925277,-0.01061099310527128,0.0010182678446285815,0.008270742743030801,0.33445513511937724,-0.7851987794297172,-3.0785273174199066,2.018477909330114
0.0149772863045437,-0.010604773221565188,0.0010017710373285092,0.008244227313685336,0.323768919740961,-0.7768540098264269,-3.0653511326504943,1.9957604908984579
0.014960584488801503,-0.010626579228399678,0.0010442430877627962,0.00826750324211418,0.3348513544897124,-0.8046421911246088,-3.069848679930324,2.0380086146066563
0.014973485232066588,-0.010636045070457333,0.0010535264926458743,0.008237582731983608,0.3246682244479278,-0.8154530266153069,-3.047952885770709,2.0347179222039955
0.014975410947931018,-0.010620397329329406,0.001027631813196049,0.008240950567839356,0.3241020099711094,-0.7961752414695149,-3.0567166328187354,2.0152505354779877
0.014995946375666555,-0.010567305424834703,9.338639614103499E-4,0.008223955939985199,0.3218773570346593,-0.7224728550315319,-3.0702140511592355,1.9280501634885108
0.01499769945192928,-0.01055165362851417,9.080992516654148E-4,0.008226840373743551,0.3214393730890856,-0.7031570361570081,-3.0782870054338964,1.9085317157229824
0.014999348129877334,-0.010535962015914927,8.822914575733447E-4,0.008229764959971879,0.3209780129525577,-0.6837772318235426,-3.086325954918919,1.8890056376589357
0.015000980727848471,-0.010520275222957306,8.564773327009938E-4,0.008232539749887887,0.32047116791225155,-0.6643440308075163,-3.09420700194889,1.8693982509138147
0.015002619031658502,-0.010504600741517517,8.306621211537584E-4,0.00823511969942415,0.3199540382090688,-0.6448590139075235,-3.101900144083647,1.8496909959072794
0.015004217837674241,-0.010488911592038963,8.048198452407638E-4,0.008237602530229022,0.31941649916018156,-0.6253067069463053,-3.1094714459644233,1.8299146159989519
0.015005856586266755,-0.010473233480282194,7.789661150997968E-4,0.008239823236698045,0.31883765103024325,-0.6056847083462656,-3.116818929328367,1.8099939665042817
0.01500758283272932,-0.010457571430608678,7.530976875841041E-4,0.008241687071868503,0.3182909064229649,-0.585990769443291,-3.123883406907264,1.7898823097654486
0.015009254087889562,-0.010441835765915064,7.271194602041006E-4,0.008243502530984747,0.31785248394722515,-0.56618151031623,-3.1308723656004145,1.7696733661679402
0.015026853890095658,-0.009873757870157582,-2.0774913309391213E-4,0.008273159388941046,0.30097811579625183,0.16680541790123662,-3.3135843233852458,1.0346453939245455
0.015026518734265812,-0.009857919886142102,-2.3380425670989447E-4,0.008272275549568673,0.30061273807527195,0.18773862674334696,-3.3163135202800516,1.013678905242222
0.015026040971319007,-0.009842060731498842,-2.5990311841276627E-4,0.00827149221428418,0.3002479099578946,0.20872069668369939,-3.319045011770083,0.99275438586601
0.015027223497283084,-0.009905280536693649,-1.5589415477971667E-4,0.008274971575067562,0.30187312087228674,0.12519130904241735,-3.307984033256402,1.0764843677591391
0.015027444641553563,-0.009920997692909468,-1.300255756056621E-4,0.008275531803593082,0.30237598042109654,0.10447341354708435,-3.304867063025245,1.0972245778351162
0.015027941609351553,-0.009952542105136448,-7.809653553323781E-5,0.008276007737460041,0.3033303919015498,0.06297753579708078,-3.297988838553404,1.138603035148833
0.01502770191000634,-0.009936749504490706,-1.0409456196643322E-4,0.00827584175262451,0.302861873805329,0.0837377369929509,-3.3015134618165907,1.1179128852161317
0.01504191292227249,-0.009881538790976157,-1.9366066421910876E-4,0.008243721124455221,0.2976103609619308,0.15492438687342,-3.2927677948288987,1.03240451922165
0.015041782233795556,-0.009897280809367623,-1.6795940779319946E-4,0.008245256296340668,0.2981399969278025,0.13435157488579416,-3.290426114551915,1.053389831426674
0.015043180360388798,-0.009976151429304332,-3.8968865610650985E-5,0.008246148062494114,0.3001979086395546,0.03139372024940013,-3.273247147436487,1.15587075000383
0.015042822523567251,-0.009960223295331383,-6.502005742234787E-5,0.0082464815701499,0.29981357454214314,0.0521409160415063,-3.2771819285306063,1.1353735764656785
0.015025451379635124,-0.009826197634172558,-2.8601683778838434E-4,0.008270748979570417,0.29986007095182426,0.22973175132053072,-3.321734972031271,0.9718629796110584
0.01502479396313408,-0.009810344574085693,-3.121182211420961E-4,0.008269959297067196,0.29944061449263,0.2507541468351197,-3.324323199999283,0.9509822722491766
0.015021909807539938,-0.009747051465081586,-4.1630007364802294E-4,0.008265501641162078,0.29787651229399653,0.3348642953692614,-3.333110832462292,0.8672782621129985
0.01502274148786042,-0.009762836547917092,-3.9030944297246354E-4,0.008266661381323502,0.29823472938878665,0.31385933996604964,-3.3310529591597713,0.8881383047417623
0.015023464703259727,-0.009778670749036407,-3.64250337561866E-4,0.008267864644608125,0.29859416374639375,0.2928115543212675,-3.328947324989701,0.9091032453230979
0.015024126043676532,-0.009794507328684345,-3.381892633926052E-4,0.008269009693161312,0.2990034953280851,0.2717765053050832,-3.326734443750325,0.9300720174581981
0.015035041113763102,-0.00972246432576724,-4.538603340230478E-4,0.00823452290673171,0.29378168017608836,0.36440304974959,-3.3168106810450397,0.8242229900973638
0.015035982754616867,-0.009738083776213366,-4.282967928061529E-4,0.008235705274021956,0.2941134954573296,0.3437363417381014,-3.3149325331561363,0.8446947015687268
0.015028837281006966,-0.009627640987664374,-6.08945581527879E-4,0.008224522243764661,0.29171594133076,0.4901068044635813,-3.324912695065422,0.6993209826704526
0.015030239148316563,-0.009643090007487545,-5.836069209066644E-4,0.00822581851856923,0.291969655336673,0.469517476338219,-3.3235294825216806,0.7195107841785245
0.015034516817023643,-0.009706734780516207,-4.795042814587721E-4,0.008232307685624824,0.2933488109969203,0.38513765092062874,-3.3179508004335,0.8032454441703151
0.015031755246342038,-0.009658724990716515,-5.579340467538146E-4,0.008226758792512572,0.2922084639337901,0.44866624841518926,-3.321817400908301,0.7398264523238726
0.015033145421042367,-0.009674653687118158,-5.318141773275044E-4,0.008227840424864174,0.2924786386160462,0.4274756378818019,-3.320093087132363,0.7605750552205776
0.015034082205414585,-0.009690752717376556,-5.05517011208964E-4,0.008229679357298484,0.29286434246711196,0.40617823381443646,-3.31878483919091,0.7818261133710452
0.015042676496329501,-0.009618654567694023,-6.196427551196686E-4,0.008194613652818565,0.28882611481085524,0.49844542676755205,-3.3060858596368115,0.6776282770093984
0.015037768126196642,-0.009540282044415215,-7.464398227169682E-4,0.008180588425407842,0.28706989201130656,0.60144511873102,-3.3067422186853475,0.5739083604230424
0.015038015194121386,-0.00955633709725598,-7.207548095140075E-4,0.00818531702704984,0.28755808518723963,0.5805887242419608,-3.3079929698874593,0.5956856560874807
0.015039134630009984,-0.00957183888674824,-6.956418764968606E-4,0.008187971003862276,0.2878823738916991,0.5601597264987186,-3.307847541576958,0.6161600839033984
0.015041105268158333,-0.00958745713968964,-6.700696866602291E-4,0.008188803862870978,0.28805550201034213,0.5393563341953715,-3.3063977556625432,0.6361983217028523
0.015042257894849401,-0.00960326630969783,-6.444261251311406E-4,0.008191130128420277,0.2883721354661449,0.5185392587179298,-3.3058600065409327,0.6569710606909771
0.014997857838146963,-0.00913344991372599,-0.0013982729445310758,0.008065435315330032,0.2807280988236258,1.1327895871415337,-3.2544677526516126,0.03634165126077614
0.015005959820566881,-0.00914739529295366,-0.0013723366685485332,0.008058492853164562,0.27967223063607644,1.1109819552691922,-3.2494949094143513,0.05272131371467283
0.014999421272858466,-0.009117407198548755,-0.001421420173870118,0.008052537279441803,0.2798803536666004,1.1512364389353607,-3.2457179943699463,0.014269750718807634
0.015009089752138681,-0.009098020923150044,-0.0014442959080097587,0.008022068605763169,0.2776536668831508,1.16848963064347,-3.2247917535852335,-0.01434180425526367
0.015002687025842124,-0.009066348608370847,-0.0014953785833825455,0.008013737403362404,0.2778355395207878,1.2102214316739015,-3.218961280009085,-0.05487503323173121
0.015015293761284843,-0.009077792200943745,-0.001470296323789172,0.007997496950858036,0.27599733792913567,1.188597306936858,-3.2078257382226645,-0.04281287490683316
0.01500752944337781,-0.009165977598372822,-0.001343358433517625,0.008066580920505993,0.2799905052145824,1.0874643358486529,-3.254745431757207,0.07728326592712874
0.01501339750756584,-0.00921498963696791,-0.0012655806812546814,0.008083454738272699,0.28050014691732456,1.0241144184297621,-3.265079265579668,0.1415652605467782
0.01500972778048429,-0.009182445915266688,-0.0013171412639581062,0.008072007216772729,0.28011780643655376,1.0660951531800296,-3.2581216696638973,0.09880482075179912
0.015011964719694891,-0.009198576563535938,-0.0012913718500365328,0.008076974702739407,0.2802290186005589,1.0450767748029985,-3.261120350938492,0.11985456714169955
0.015021703080477039,-0.009259706726842063,-0.0011927157685306976,0.008091681002105479,0.2804222047681884,0.9644181359190946,-3.2690006589361085,0.19909823404746327
0.015028497792043875,-0.009240086039875672,-0.0012190922465126661,0.008068229451154709,0.2785913211364453,0.985104282892855,-3.253746724244101,0.17004285062174795
0.015030311929480572,-0.009221865473577237,-0.0012457910266468486,0.008054891054382438,0.27766700870842126,1.0064812609017029,-3.2452494843999804,0.14487996055132882
0.015023018673680002,-0.009156233740601757,-0.0013488727241032317,0.008031377345080077,0.2769688648510813,1.0902447529068346,-3.230712575199765,0.05938590604958594
0.015033996188200584,-0.009507180850635276,-8.004082920850466E-4,0.008176689482961687,0.28667475370634277,0.6453905462995547,-3.307879885683988,0.5309150807263464
0.015036756591106615,-0.009523463321580805,-7.735559495423416E-4,0.008176924147160826,0.28667664455788344,0.6234877502912551,-3.306221184028295,0.5515445840617605
0.015029499822077625,-0.009475849238407445,-8.517918294240817E-4,0.00817408512656746,0.2864123186829915,0.6873330166731493,-3.3094396951362417,0.49056747906987447
0.015032056041664979,-0.00949112086050263,-8.266134925203667E-4,0.008174726504774283,0.28642644460976935,0.6667735188000513,-3.3082873489819096,0.5100358775739401
0.015042590605895547,-0.009451659706177517,-8.849454516815773E-4,0.008139137631789264,0.2830674430185703,0.7135072175848728,-3.2881272895004483,0.4504679339035446
0.015041156628098084,-0.009465761225016597,-8.633149050870294E-4,0.008147390076897736,0.2838460600878144,0.6960525850501714,-3.2923623872159666,0.470412760099513
0.015043504449765361,-0.009434774992596056,-9.110739746458829E-4,0.008130656151748189,0.28234984692257,0.7346156864954908,-3.283918456555823,0.4270685936644863
0.015043012261951006,-0.009416316985786523,-9.401508194187347E-4,0.008124068923141338,0.2817842168384351,0.7582091029316568,-3.2810426659542093,0.40226220136131235
0.01503924068970261,-0.009276477184669792,-0.0011579846713037484,0.008066672049726399,0.27787659845794077,0.934789881097509,-3.251117849558988,0.21492768724887062
0.015050063815130708,-0.009397164635110485,-9.670147610554598E-4,0.008102314139955519,0.279805585656732,0.7794884083492891,-3.2678402205759913,0.37291980023829113
0.015043192842345027,-0.009300336080743626,-0.0011195231549583646,0.008071046923474462,0.27790790032290597,0.9033845430263412,-3.252904085460528,0.2454330734323669
0.015052422445793542,-0.009379702358641141,-9.930587895078497E-4,0.008090202460073616,0.27880539963165146,0.8004122713705452,-3.2609360050039733,0.34825006960481625
0.015052041730876452,-0.009362196396430843,-0.0010202696696395266,0.008083169199735361,0.278304279923205,0.8224597814875619,-3.2573977452699556,0.3248508795061593
0.01504360571454562,-0.009323261090572603,-0.0010841456741679646,0.008081376171942586,0.27860001196128875,0.8747542238243077,-3.2586717057842476,0.2761247758525518
0.015049429643095412,-0.00934443778037423,-0.0010488284994313462,0.008080109067049394,0.2782113236298165,0.845756155071289,-3.256496903033017,0.3021142689365168
0.014707395606509736,0.01483535673863444,0.003970928804310529,-0.003863578175728007,0.08137908761287005,-1.6638182260761503,-0.22871500578372952,2.0465606786428387
0.014809878218148696,0.014698284259348363,0.00389146695899479,-0.003986079578960732,0.08705480182888278,-1.6833402203983896,-0.14125260565980238,2.0730598552066786
0.014907796364819752,0.01457501894729766,0.0038081291348237567,-0.004090709379065073,0.08873936394267186,-1.6937277215125588,-0.05973748140882026,2.08687694634202
0.015010409444601677,0.01437708073568144,0.003718676288378433,-0.004267752418370567,0.09637992602358357,-1.7201413855714953,0.054309198025603724,2.1257200455758913
0.015103409647002906,0.014191633425708467,0.0036255202830501976,-0.004429727968192219,0.10287074084719362,-1.735056695313694,0.16613781363081903,2.1530498847597386
0.015300246511484906,0.013833128814504634,0.003393289794835822,-0.0047167739819763506,0.11384707185958766,-1.7297984962034332,0.3970286213878889,2.1626987958172674
0.015215879324899829,0.014020496198246291,0.003500650028143358,-0.004562108886437994,0.10740672450239384,-1.7294670367246763,0.2816166644103089,2.1523469340654278
0.014876659285588978,0.015063640431242094,0.003752092114650572,-0.0036095733803435497,0.06846742213120814,-1.547585073573803,-0.21439606898164862,1.8748899652201987
0.015342304452510655,0.013516163912223439,0.003289851208497047,-0.0050259968816466,0.1275137903631843,-1.7577987511667408,0.5775815366213007,2.230587820486367
0.015404285987824937,0.013355925397194907,0.003181261735178974,-0.005153286140344053,0.132169307955484,-1.7408804451859636,0.6842396195330981,2.2230440642839646
0.015460012318079563,0.013191749294216874,0.0030692786151952267,-0.005283088509607076,0.13762763546543463,-1.7197896799679333,0.7926233982352026,2.2125355478222075
0.015446095305023664,0.01366869762440756,0.00321576847585775,-0.00480476797210513,0.11524784739872927,-1.6868272559329347,0.5181532414579563,2.112706503053868
0.015685276016946744,0.011528324230792399,0.0017515628571932015,-0.006542355289665192,0.18758340654802283,-1.1846641980232533,1.9022460333594295,1.8290639665605049
0.015498175803175238,0.013005261595367768,0.0029567038272576016,-0.005442988801334171,0.14419752944166594,-1.6985889046571552,0.9152552876039002,2.2088855761898443
0.015589224594710509,0.012801230890712754,0.0027714818505987977,-0.005567012463588269,0.14817618253264075,-1.6348061616752554,1.0519211647663589,2.1485423045488505
0.015614381710517057,0.012620573322206135,0.002650839132576911,-0.005716101064567669,0.15462774251027667,-1.5984547826864792,1.1713671234761114,2.129863183094027
0.015604731544886917,0.012436522055124851,0.002548512374416587,-0.005897293275585144,0.16314548317542912,-1.571256308128696,1.2983208470952803,2.131474250818051
0.01565299668302341,0.012283688439913206,0.002403069470254936,-0.005984483387383273,0.1656565081332659,-1.5065825661853351,1.3970918547180062,2.070924909507689
0.015658667908716343,0.011642232884048654,0.0018775340479641176,-0.0064974797873842685,0.18769088356928934,-1.2591616565407444,1.8389964362114208,1.9020144468758888
0.01566269340463633,0.011777441732337484,0.0019970753103536972,-0.0063915765971437515,0.18238919220170435,-1.3212594424984994,1.7450062721283628,1.94663435088395
0.0156362205818783,0.011887258460416147,0.002112322010281824,-0.006338416779454517,0.18225716800189934,-1.3831853209274056,1.6785551052323395,2.0058066739927174
0.01566139657619318,0.012153666783589987,0.00230273228426452,-0.006087944254195381,0.16963981147956989,-1.4646841541478086,1.48531956482696,2.0429307245994894
0.01567006721562165,0.01197097369864181,0.0021543565738040304,-0.006229973368388122,0.17557466230156135,-1.3968765156461664,1.6092674693028706,1.9953056623823404
0.015634313444466523,0.012051957488544023,0.0022483493660495624,-0.006205184613889343,0.17598069154074325,-1.4473660831011106,1.5626003331111706,2.0493447912003817
0.015761877763666367,0.011582593073616424,0.0017506080320646479,-0.006404779349157326,0.17885227603181833,-1.1724713300573477,1.8331901646767903,1.7792157513552112
0.015684399150523845,0.010885010769496347,0.0010729777391402108,-0.006903883241641373,0.19873348400322113,-0.7622880523236492,2.2792365192813757,1.4644412214247817
0.015640265990667736,0.010816344904051043,0.0010118804450065238,-0.007000051680640347,0.20541176676252434,-0.7237233528050379,2.345461253381192,1.453146445087002
0.015629414901800115,0.010678059782951284,8.509551505722E-4,-0.007068809870277376,0.20756385001124708,-0.6138445353517933,2.4188540770057263,1.3575953583019658
0.015661090930489428,0.010743695554505876,9.18194565028474E-4,-0.006995923257878818,0.20290467390072822,-0.6584219408236253,2.3642937981953853,1.3817518461053533
0.01567319240837968,0.010608807943074653,7.535848453217394E-4,-0.007022083111028493,0.20180017625074517,-0.542557018972687,2.413310583696555,1.2671315444669344
0.01564594276794589,0.010458561109691726,5.779527743456892E-4,-0.00710530654297599,0.2054389929184309,-0.41883226877650864,2.493104999394927,1.1645125648577925
0.01570432305415408,0.010526795690883604,6.466654047126863E-4,-0.0069960489525748406,0.19803577241143447,-0.4650975697783561,2.4200733997570247,1.177637272587375
0.01566356805041749,0.010365105043975602,4.59009466237393E-4,-0.007096224641802818,0.20289235619237164,-0.33201506736660785,2.5085651038370433,1.0714925216012228
0.015707343894447123,0.010296324316946309,3.675033232305472E-4,-0.007037282702809483,0.1967503183163098,-0.26410381403140204,2.4905819504332576,0.9825983152851915
0.015695402393215954,0.011394432401734664,0.0016138576913898336,-0.006616331036663863,0.1902141883178985,-1.1034527436590753,1.9828390202704882,1.757005575995947
0.01573748123419072,0.011291789221509141,0.0014849185685152028,-0.0066203672737802045,0.1879535821908142,-1.0211226473150328,2.0225741821074488,1.665861467773859
0.01568183550207549,0.0111093605356932,0.001324233118109595,-0.006800664154613334,0.19652802660968932,-0.9271152395255902,2.1607932901311866,1.6129378859935937
0.015717533712139468,0.011206711610887944,0.0014087894961790778,-0.006696731145107397,0.19073418199359102,-0.9771464903922006,2.083659747047379,1.6383136223037997
0.015724495156023834,0.010962957551257764,0.0011427731402366928,-0.006809548123329357,0.19400439755724389,-0.8050378296625551,2.2124480147521797,1.48247694226267
0.015746497241779893,0.0110386530998494,0.0012153661929354706,-0.006742009044668607,0.18891536351331906,-0.8507399481036744,2.1588824320522,1.5128002251855668
0.015499642760947528,0.009517095109369192,-6.394352273440358E-4,-0.007331645391799437,0.214037974489565,0.49836907993981566,2.7602817013421874,0.32932445736165544
0.01553864517071093,0.009698144155538336,-3.9425377061642376E-4,-0.0073071253262299695,0.21214717268460853,0.30830917943653363,2.7313012432244905,0.5029742649793851
0.015551032888829502,0.009614083055433428,-5.008406830262084E-4,-0.007269696682917651,0.20883605666648017,0.38994739851574794,2.7158227526026266,0.411206482562879
0.015540738179905318,0.009551762259673914,-5.835853670158547E-4,-0.007272059207303058,0.20974350156042557,0.4538573103736673,2.7216213394961897,0.3508862520369434
0.015629895944584606,0.01011703113366322,1.519445446641637E-4,-0.0071800379389166,0.20539650039069632,-0.10631558708581779,2.6017693047208934,0.8690264292338118
0.015672469893610357,0.010182553902723858,2.312903318762137E-4,-0.007106118293935869,0.2002842547658136,-0.16449720373477042,2.5490208519687787,0.9032729951527315
0.015707634716525174,0.010236810313803133,2.948323986120472E-4,-0.0070443613887048685,0.1968340782483076,-0.21065227785523702,2.5053015204375346,0.9303552561610589
0.015622506430519961,0.009872129584766322,-1.5950987920602746E-4,-0.0071893735904434404,0.20377735502874825,0.1283089120386398,2.642406067206204,0.6383501810158244
0.01566107168091167,0.010032576795255153,4.4503490674534455E-5,-0.007131679312072064,0.20027107614638393,-0.025302463950188394,2.5874520098045406,0.7715062477573722
0.015639938674862634,0.009946780313445933,-6.392330557820269E-5,-0.007165021337386259,0.20244131537445423,0.05583939903052094,2.6187225325099264,0.7017754292852105
0.015664295329262706,0.009809903513911422,-2.3395366114125143E-4,-0.007115280590485633,0.19798148995576845,0.18494232804652114,2.606242242176037,0.5583961397800051
0.01562831873005299,0.009738710204082873,-3.2780593080496964E-4,-0.007164818362301096,0.20079612211182513,0.2562901918080827,2.64229386258204,0.5048083471379344
0.015044105377257916,0.007879667358842901,-0.0028686876197279373,-0.006835355449351461,0.2623110326971576,2.1729264497559337,2.268641476832251,-1.292172498600257
0.015089514938566195,0.007915580757547428,-0.00278632402349143,-0.0068162185732684255,0.25552201595874907,2.10727017824837,2.270412960752527,-1.2458026359268342
0.01519522078702541,0.008138879090012005,-0.0024683459105223535,-0.006907631195044091,0.24010166422217108,1.8815448525070404,2.385196781511552,-1.0355675903198895
0.015173687332803438,0.008091430672237788,-0.002535545339360561,-0.006889711174966028,0.24309632583860327,1.9297767772568093,2.362710129450306,-1.0805925258788573
0.015105415262320902,0.00797896457897206,-0.002712058340956767,-0.006864312451697633,0.25326220518591264,2.0595191300766875,2.316386410820964,-1.1932564922523243
0.01514266040826694,0.00803801286582434,-0.002617922862844593,-0.006876933125865257,0.24771139620655727,1.9903970518331178,2.340811163611313,-1.133713169595647
0.015469108601594637,0.009137380075097953,-0.0011356867668600907,-0.007237160480956501,0.21195474714645537,0.8819750243526245,2.7104052909251775,-0.06112861828434742
0.01547861738337985,0.009027357578035081,-0.0012655354358759535,-0.007165725404974503,0.20976231245530588,0.9797353262171272,2.6631056120349386,-0.17420213185534636
0.015508463649266942,0.00907796371902345,-0.0011889468950864882,-0.007144313925691488,0.2066547199977293,0.9191834314734814,2.6515292049280768,-0.12639678534755142
0.015489831295617124,0.009312392525996154,-9.065450327280753E-4,-0.007279574365160568,0.21200916110667797,0.7050604695090249,2.736409519897944,0.11680224291896489
0.015467037065148676,0.009252319926821642,-9.92247120180204E-4,-0.007292876240395014,0.21414538577140538,0.7721337873812097,2.7455401993209736,0.05911757925939931
0.01550843916021794,0.009193958480593819,-0.0010473213415727212,-0.0071994725117369,0.20814714306354334,0.811664571903227,2.6877342769130386,-0.009348020288810897
0.015519985213605331,0.009461774055443812,-7.050330019602783E-4,-0.007281365445144158,0.2105861107720645,0.5484256438786949,2.732349244871909,0.2643326642119362
0.015540027088791186,0.00939923249181247,-7.78245409984537E-4,-0.0072281072955311665,0.20707615120034742,0.6038594809186798,2.7022635806100355,0.19377528543518982
0.015549377986474112,0.009334327662451783,-8.563916794499311E-4,-0.0071899602064660175,0.20516555797498517,0.6632181688748031,2.6806887624003135,0.12519484576038054
0.015246430930439809,0.008173307470508744,-0.0023850279211053526,-0.006870230478654122,0.23397141600773622,1.8130713910390868,2.372319058718116,-0.9907567996473229
0.015291823776078798,0.008235018067044828,-0.0022820637709651086,-0.006865070313736976,0.22803746770850894,1.7343962985659154,2.383474614975442,-0.9269838969291267
0.015321843202400463,0.008449830757295025,-0.002035010226093634,-0.00701052113536279,0.2239218574671298,1.5627780258837964,2.5099124366651044,-0.7372907273269372
0.01537137400737042,0.008501692538405598,-0.0019391518812951567,-0.006979670233203472,0.21840423724029637,1.4862097506933187,2.4999591675800006,-0.6814551301858803
0.015311713890908638,0.00834136251261137,-0.002157235541410924,-0.0069323800377262485,0.22538555840057276,1.6480324741807884,2.4440807255622308,-0.8339740250707441
0.015323136264801883,0.008285077993090344,-0.0022040670514053523,-0.006866434910563548,0.22375425493671602,1.6759331805477753,2.3948294781177992,-0.8774702338692423
0.015354518026873763,0.00838758953035069,-0.0020728534891278068,-0.00691068671697708,0.21999101938197432,1.5812358765821364,2.4401547082233823,-0.7841763317204428
0.015389790795931169,0.008625929434721746,-0.0017893633001168036,-0.00704760719737884,0.21651057415107913,1.377137579053086,2.558021998523706,-0.5657555126871764
0.01542782488246053,0.008552047508568044,-0.0018414976422023632,-0.006935491849312329,0.21235575542712756,1.407374021057056,2.480818164942509,-0.6274815796874416
0.015405663926619446,0.008819720042769727,-0.001556453476996041,-0.007158185871380209,0.21651205636708218,1.205664359980757,2.6456093873728928,-0.3789687151663837
0.015419473622937559,0.008692358642716697,-0.0016935423813341267,-0.0070504456759320445,0.21359615178917005,1.303473891239561,2.567445698751644,-0.5006094223609795
0.015436857293100594,0.008755560742337949,-0.0016100641053144436,-0.0070671886517487655,0.21187417644382892,1.2405315934578516,2.5840761502550116,-0.4397916812745063
0.015458611104359072,0.008863022287699675,-0.001472136829275495,-0.007102628436309848,0.21052666396328967,1.1362017500398538,2.61492794096443,-0.3358124406927261
0.015491829269248301,0.008915529966617685,-0.0013908961152891003,-0.007082286521295249,0.20702615261535176,1.0721169890707818,2.606013816467095,-0.2851526478671374
0.015521218232661312,0.00896952430705871,-0.0013111583058938994,-0.007066967818220824,0.20470878254373018,1.0097520331732828,2.5997026830450074,-0.23402148401287562
0.014993967083688262,0.007803337805974662,-0.0029921901427818463,-0.006811835771788518,0.27005749469002077,2.2615506743272165,2.228960474245874,-1.3687488416163787
0.01505022535538265,0.007825793156535261,-0.0029080828069679866,-0.0067662092069359974,0.26186507415400095,2.189716420218168,2.2136333776254227,-1.3256548711166267
0.014995911095785634,0.007749085407316093,-0.0030349014290933507,-0.006745406271998462,0.27034065564215065,2.280369279117407,2.174384032815166,-1.4026570417836852
0.01495911620241285,0.00759409219041178,-0.0031995653003248697,-0.00660304337569414,0.27780389131471206,2.3717475160777264,2.041458910433056,-1.5127963919521172
0.014981617689546561,0.007637344231935091,-0.003139813007431124,-0.006629211637713072,0.2733853462202514,2.333756594508364,2.072343482265088,-1.4765071202405309
0.014992596486271742,0.007693159886999585,-0.0030835786985483147,-0.006683023879254284,0.2714639854762924,2.30372887396517,2.1212958523047507,-1.4384127441625028
0.014867489108406197,0.007425233712648668,-0.003432486014090377,-0.0064938195609751375,0.2938029914063192,2.5149747668059894,1.912216079742205,-1.6501202199200369
0.014918002214699036,0.007478666392080455,-0.0033324928693163757,-0.006506528099466355,0.2852208466450407,2.4457988084796747,1.9447144200613218,-1.5946945667937713
0.014962628972593522,0.007536133444681984,-0.0032371401720373808,-0.0065279497195434456,0.2776725474310066,2.3819930072466704,1.981313873361648,-1.5406187257381168
0.014843982502759843,0.007358378024567945,-0.0035056056107956274,-0.006432184910398215,0.29804219423283346,2.551491511675158,1.8516703245369517,-1.6928713920592677
0.014901924783064424,0.007365250411404294,-0.0034267112969777807,-0.006380353866138761,0.2893914814753377,2.4817042019556204,1.8361902287352705,-1.653428194904419
0.014753747837287539,0.007252418619966988,-0.0036886095641305607,-0.006383375354971473,0.31449107192309284,2.6687283208566295,1.7714160195799755,-1.7912651420908678
0.014806938957532665,0.007300832033526827,-0.003589212975198247,-0.006394830489614387,0.3049059700831113,2.6008908842247944,1.8050593346696637,-1.738696103298249
0.011154300102313478,0.004294665446871927,-0.007239957850846133,-0.0014108216498782324,0.40617324738450244,1.4907675464466381,-1.6966735703304299,-0.9943343645649542
0.011222262639433605,0.0043068165695096415,-0.00721310703389538,-0.0014917162936135037,0.414702532788529,1.5430162645631726,-1.6692980442903356,-1.0427245269888665
0.01478966166441908,0.0071875040002756475,-0.0036759449857516864,-0.006261077398799443,0.309516462070967,2.62401441502157,1.6912637950300635,-1.78707368874678
0.01477807204920288,0.007116873972372858,-0.0037278677760539418,-0.006177609264615414,0.31114621840394685,2.635069424944316,1.6210510095666508,-1.8138429325668732
0.01446581058419482,0.0068421450324941515,-0.004282805805071097,-0.006051013089921929,0.3698781211767644,2.97182514824884,1.3714021847434503,-2.0777169300016474
0.014677332089733167,0.007051818294176112,-0.0038962714967894015,-0.006179470658664119,0.32919488954814496,2.7515235558094138,1.5749879039675765,-1.8975266827767607
0.014735674113818747,0.007063707454588085,-0.00381072009640048,-0.006144245892220891,0.319640626804344,2.681663688459772,1.5758145733663909,-1.8547000071636366
0.014654678502403533,0.0069858741520529705,-0.003956963993913663,-0.006107283775942006,0.3334370184878382,2.7692307678674912,1.5091830871122343,-1.9253272975243407
0.014542190003747771,0.0068978075651907125,-0.004151679887358882,-0.006073883306960594,0.3547980271987676,2.890739435281016,1.4279050247277685,-2.0173733688314996
0.014517713631002719,0.006856154347919046,-0.004202009131465803,-0.00603247116623142,0.35935620711299593,2.909708155217233,1.384698395026708,-2.038566325396937
0.014624879412425216,0.006936817669950886,-0.004018914988794962,-0.0060633170219628356,0.338992334444379,2.79638569267402,1.46155054286379,-1.953479453852802
0.01459113780286983,0.00690090308257382,-0.004080469743229587,-0.006039675289088183,0.3457000174825626,2.829806929072255,1.4271135199061715,-1.9816339253144009
0.014264068554060932,0.006582008799833172,-0.0046511462638759256,-0.005792221772296568,0.40945976406368695,3.1125755998424043,1.0759367045408899,-2.2166629218926635
0.01431346011172064,0.006614886282570097,-0.004570219404856096,-0.005813384321756126,0.3995754768124291,3.0683396059183887,1.1181553893830556,-2.184324228755776
0.014362557616319561,0.006647944082784112,-0.004489612446392116,-0.005833087146607394,0.3890326791701126,3.023239468071511,1.1587923556873843,-2.151266865800318
0.014396358731796543,0.006691131785759745,-0.004429210131693372,-0.00587574234965069,0.38286852545254185,3.001135387264234,1.2069457335697276,-2.129256692433966
0.014444495435451116,0.006782401859059992,-0.00433300741978142,-0.005978220773806595,0.37361639442026495,2.9775572139073394,1.3063644995966863,-2.095369393316791
0.0144454465659372,0.006712046364129139,-0.004351472811793595,-0.0058740602479812895,0.373013914088069,2.9488449871684055,1.232009931459823,-2.094320172221217
0.01426864340676933,0.006523055333070036,-0.0046534150285391755,-0.0057002751541163806,0.40719709085201466,3.072741438470214,1.0159004894586856,-2.2044953840811607
0.014219386826699295,0.006492319212226974,-0.004732107698023284,-0.005679550542138642,0.41723049898266845,3.114374409858826,0.9743018833840401,-2.234495309574573
0.014111849802510495,0.006439846589802066,-0.004902629100407439,-0.005650561260975074,0.4403356635322871,3.2116260765781948,0.8923478877172909,-2.3003851924736947
0.014168369509704848,0.006464060790777663,-0.004813203550933517,-0.005661612300613909,0.4282179820697798,3.158696461065509,0.9330269121832412,-2.265361504729736
0.014066751345508914,0.006398726513954549,-0.00497509111303793,-0.005605982030542659,0.44957505859512553,3.236682444756053,0.8361876380643974,-2.321777313590484
0.014120652509918771,0.006386012752597875,-0.004892043134225553,-0.00556341627827676,0.43601180668919354,3.162029619734767,0.8419801457400563,-2.280206485936903
0.01398712947170326,0.006317924291917775,-0.005100556588672908,-0.005509890902698344,0.46466500089621227,3.2684295461177126,0.7272007879737518,-2.352573282428685
0.014027739223496677,0.006354603389599274,-0.005037083919539476,-0.0055525343497911306,0.4566007313876481,3.2495806265783993,0.7787567425395635,-2.3362130262687484
0.013893613596373615,0.006194572144319015,-0.005239895032833015,-0.005345148334194745,0.479888391384995,3.268251098148575,0.5704876029062721,-2.368319602022734
0.01394665393241259,0.006223826155131898,-0.005159634461164915,-0.005375959076225969,0.4692051947496943,3.235056829982508,0.6218638545558628,-2.3455266446156418
0.013996129747021155,0.006253719770935929,-0.005084617383580598,-0.005406851363805976,0.45877393801057204,3.2043087733367592,0.6709572434796698,-2.3239009859579913
0.013844642199974905,0.0061005249094417055,-0.005304926316201012,-0.005210586964501996,0.485397010489863,3.2333221986436054,0.46477617480482986,-2.357841524831126
0.013796305802611385,0.006011824852717925,-0.0053649406896620335,-0.005083437312278338,0.4892828638408427,3.1967683750483675,0.3681930758303953,-2.3443660318072665
0.013837648191627458,0.006049417042017058,-0.005308240884214502,-0.005133698817955183,0.48290190509806685,3.1918276845866744,0.4201025290064474,-2.3384469991466394
0.013895705591584403,0.006125089755992393,-0.005229528263675418,-0.005237180209100848,0.4747417211132365,3.2021901757628473,0.511943470678543,-2.3375325104997136
0.011508387635854996,0.004556035887146264,-0.007251143581539097,-0.001963431762012978,0.4978234692971198,1.8959523344123317,-1.6442291459460967,-1.3059934943629392
0.01130032122577096,0.004307823807781146,-0.007168323818738827,-0.0015757960802135031,0.42082980232910133,1.5930583148220618,-1.6285966374504766,-1.093080986738561
0.011456678575962807,0.004472351069877762,-0.0072127022804702665,-0.001848363899144766,0.47218216911463845,1.8018592934450781,-1.6307113350581857,-1.2437395640820055
0.011390802650480236,0.004406809348463858,-0.007198766483606857,-0.0017340527523651472,0.45120980942579253,1.7156775475307893,-1.6337663265343016,-1.1809214632817275
0.01137835982693256,0.004320883503482279,-0.0071314792836898585,-0.0016655892854990208,0.4284094011166451,1.6486684929864985,-1.593130242481317,-1.144979647298191
0.011596326848080969,0.004533495351728181,-0.007165303573470332,-0.0020392680637715123,0.4939030713152372,1.9273263428736713,-1.5738123916088609,-1.3492503067477075
0.011721086610986555,0.00461879394814161,-0.007141116972779366,-0.0022340702444914157,0.5197250080759502,2.061773997095059,-1.53064445497132,-1.454147661611542
0.011856941061001177,0.004653040588247509,-0.0070545485965314274,-0.0023964712228408476,0.5284965044071627,2.1531664588646624,-1.446743836865643,-1.5385023529024693
0.0117925628480475,0.004610700834662441,-0.007074235351153505,-0.0022979638855936935,0.5166730658396498,2.088340328791449,-1.474975569727192,-1.4876046606159217
0.011679536561591188,0.004532003373817031,-0.007099485240190208,-0.002122414526501495,0.49494818367970567,1.96893650789559,-1.5168747253091865,-1.3946418081141474
0.012153943481104143,0.0048315104887146874,-0.006919426717152669,-0.0028352644154198904,0.566130655851678,2.426998937537878,-1.2804263188484877,-1.7565768969978286
0.012089034306457889,0.004796617966258571,-0.006956556253262388,-0.0027439854111435498,0.5605390013327903,2.373653929139866,-1.322309619268642,-1.712939440782232
0.011986390542473241,0.0047521579381001435,-0.007019569909390601,-0.002608470185380208,0.5530528368990423,2.296326281608231,-1.3889026885671536,-1.6470005819001001
0.012043177082901443,0.004750716108093146,-0.006963937462805119,-0.00265850217459805,0.5494572974962376,2.314293939528803,-1.3426288027866609,-1.6702078749206606
0.011944432429110707,0.004684090944080212,-0.007001985037014657,-0.0025063388842491642,0.5350967773854175,2.2162795872494034,-1.3936133479760262,-1.5941422795794558
0.011920575361828905,0.004602444224095047,-0.0069562740352828835,-0.002410967747863017,0.5129437387673517,2.134274390970681,-1.3779084955460994,-1.5441318959638286
0.012221486129372669,0.00479262975694031,-0.006819574119022487,-0.002851391423234,0.5497541905439788,2.403738344112947,-1.211621322387354,-1.757852760822323
0.012366924003099404,0.0049597775860117975,-0.006792213715550742,-0.003144558399783257,0.5819210746765031,2.6047036461888315,-1.1319547291175345,-1.8988297604530862
0.01227871757727003,0.004831977717564393,-0.0067902986591924204,-0.0029378017654823553,0.5553457758197154,2.455279922090772,-1.1754452220681182,-1.7979582195296648
0.012327952070496693,0.00488989988349869,-0.0067818557852460685,-0.0030378468817271573,0.567161030387357,2.5236995008610896,-1.1489339057393455,-1.8459581007744192
0.01247355088643969,0.00498943301638597,-0.006693412182958364,-0.0032563237210484915,0.5772587453827178,2.646704385707585,-1.0427854358405355,-1.9416303985915666
0.012426914531050038,0.004953113915928658,-0.0067198298110310115,-0.0031817130783526456,0.5727942384963715,2.6034727686167347,-1.0771258333264926,-1.9090213062994745
0.012588359188529505,0.004986027138390015,-0.006558228261849204,-0.0033293973163578488,0.5611534809153423,2.6452732392012517,-0.9411496152643665,-1.959134186616528
0.012528461096921642,0.004967385936033185,-0.006614554254061558,-0.0032686833901476404,0.564670607543418,2.6245365366309388,-0.9908280009196361,-1.9379103059031557
0.01266439954259325,0.005007067818603668,-0.006483082376483513,-0.0034009906309905172,0.5557621215718233,2.6656765477963087,-0.8777191670821304,-1.9817287915461625
0.012734578616504797,0.005128837451266987,-0.0064778843391636145,-0.0035892273437862876,0.5747272398910255,2.7949744632737077,-0.8227357475717118,-2.0660860366753293
0.012709659011415735,0.005067393357818718,-0.006468389928594719,-0.0034996901913879924,0.5638497977801856,2.728108067864131,-0.8422573456631196,-2.0242689264994067
0.012790035557276973,0.005132246753570678,-0.006411168382198081,-0.0036240803552001597,0.5664333879397857,2.790999813101889,-0.7732312794483193,-2.070924751155228
0.013053199616504696,0.005298003371466856,-0.006169709848894807,-0.003958388404978356,0.5548973070623315,2.9124402957806246,-0.5294762042245241,-2.1694097332838918
0.012864348350176417,0.005213858666028637,-0.00636779765945352,-0.0037655010576174023,0.5722422191882911,2.8702900064057277,-0.7049193887635921,-2.1258236431748867
0.012836181615741255,0.005151525527692947,-0.006365415868059559,-0.003672261900150663,0.5630088734054605,2.8048880855636407,-0.73241921182953,-2.0844879952823026
0.012935211215764606,0.005218350266574927,-0.006279293630133327,-0.0038049608429904388,0.5604378662549162,2.8580673211612937,-0.6416870050709188,-2.12658745016449
0.01299525914688776,0.005249021178030405,-0.006218916717870519,-0.003870847120327764,0.55564998415189,2.875596275478678,-0.586475817107019,-2.1426154734774343
0.013051611555479768,0.005223583902832624,-0.006132061845816155,-0.003860523521189831,0.5406331272064204,2.830008926088733,-0.5420223412314499,-2.121162805350345
0.013679712924191097,0.005868239662410051,-0.005509986613618893,-0.004878642617789545,0.5034116533948173,3.1609920689367317,0.19499390635882044,-2.332080754301891
0.013724992730119637,0.005921593530566396,-0.00545475673639962,-0.004955459575663454,0.4981080185154768,3.174812395938406,0.2596654473598891,-2.337519962458582
0.013796167252915157,0.005946632538746985,-0.005353431974623679,-0.00498531331175026,0.48386507525254757,3.133899078409893,0.32045722309432606,-2.312629761717744
0.013631882041320991,0.00582040621003918,-0.005568573847132475,-0.00480894936673498,0.509844409118934,3.1523138204700065,0.13294758114959151,-2.328706437488201
0.013550102087743335,0.005743934136541315,-0.005666568074182913,-0.004694533269542253,0.5199509709338833,3.136694884972218,0.03136159892151844,-2.32112818677408
0.013602835414999763,0.005761539292408276,-0.005594617825779705,-0.004722168505698427,0.5086220543399049,3.114216939312678,0.07860357356007587,-2.30866970037321
0.013536390858763564,0.005687427011262287,-0.005668206763666541,-0.0046114840268305845,0.5156573041966961,3.0860999718082396,-0.008575292507071553,-2.293139386265203
0.013134183125882926,0.005402127503257942,-0.006115365558074264,-0.004127568373448221,0.5583903010583134,3.000604036820704,-0.4384012923716583,-2.2272135832031625
0.013195112153469152,0.0054342648004038945,-0.00604768160642595,-0.004190771059092242,0.5516581698543904,3.0098162522089065,-0.3783072026195748,-2.236837275670575
0.013260697574310535,0.00544398152235334,-0.005961905906282684,-0.004222240931980517,0.5397412481621839,2.988952395076961,-0.3211498435664076,-2.2287866454880305
0.013125715200505712,0.005320075366469641,-0.006085017032896629,-0.004014032863213376,0.5449322753545531,2.910331870761538,-0.46395482231632384,-2.17416094733082
0.013331543173192118,0.00553189564582929,-0.005902024098535055,-0.004361084150490104,0.5387947926566401,3.0488481780633627,-0.23392063361693846,-2.2668971923868724
0.013321871500707088,0.0054546088060896765,-0.0058824502246102766,-0.00425149853203258,0.5285376687256093,2.968804920318703,-0.2686876474728301,-2.2204887164438394
0.013481187737677145,0.005654218264869239,-0.005736448708372311,-0.004558816118947634,0.5235972023366121,3.089231539509835,-0.06546643015781178,-2.2943493721462027
0.013435654716807521,0.005614750600369338,-0.005787407305963038,-0.0044966039860760915,0.5285078217379025,3.0766834343741145,-0.1180319737080068,-2.2863604773790622
0.013551909095796122,0.0056281247905088745,-0.0056266186612479166,-0.004527789930224701,0.504028615971642,3.012653431890327,-0.02640493236045296,-2.2525649464773925
0.013404848601643482,0.005555282424201473,-0.005808285085267108,-0.004407558176962398,0.52615250052042,3.0310633680193226,-0.16724599639811039,-2.2596926668601323
0.013092828297976656,-0.005589807315926556,-0.006273256028032991,0.0043791505239883085,0.6061569515472219,3.258869125794593,0.42322428654501193,-2.3690296700872744
0.013051065067224305,-0.0055474704103589635,-0.0063103705607424196,0.004302532285954091,0.6071865376485172,3.2237931735575276,0.47623265142254906,-2.345914907106922
0.012958519810014687,-0.005507039047257378,-0.006419599235026289,0.004206842610025993,0.6204574500295924,3.213155778732014,0.5771651860484247,-2.330606628544753
0.013016172375934672,-0.005501649007508219,-0.006334137685603488,0.004223274889636011,0.6055379585719106,3.179165363873246,0.5219548883251438,-2.3176841262484404
0.012756390896137974,-0.005337612642890944,-0.00658929376507378,0.00387037397776776,0.624179126582578,3.050401551303427,0.8016168956950847,-2.213896736236038
0.012896599932016419,-0.005451930573557788,-0.006472837656769118,0.004100527315831192,0.6221675281054696,3.16268758238061,0.6494432275930436,-2.295324832826689
0.012936025201833939,-0.0054671664727224374,-0.006427006358258486,0.004140310116937426,0.6161012314598778,3.1679580601080946,0.6075564150282062,-2.302906423144999
0.012809265626484906,-0.0053523766919041215,-0.006528219938382707,0.003919416091495643,0.6165975858152885,3.0566547169011717,0.7481788261096277,-2.2247350766179097
0.012857557316093416,-0.005379999711495647,-0.0064807667174164455,0.003981954285663201,0.6130748249326404,3.0790056992325527,0.697933792744454,-2.243632571304499
0.01289070792023506,-0.0054102187666911295,-0.006454615341752628,0.004039724190214235,0.6132458016708314,3.108310669540803,0.6614841323491237,-2.2642402149298237
0.012764598686249812,-0.005276171619311031,-0.006536874098012004,0.0037937649768092674,0.6060677071608321,2.968801283668402,0.7948711497707538,-2.169392770624068
0.01272117946778794,-0.005242032308573652,-0.006570219669811621,0.0037245461412156937,0.6052968356302032,2.9335445724252627,0.8372259691514231,-2.1432694844253564
0.011409150333888327,-0.0044822367179855604,-0.0072542324044327635,0.00180400249767814,0.47254771508905075,1.7807915383799344,1.6655380325987108,-1.2177522002428407
0.011293194114203332,-0.004351295915523794,-0.007211024299062132,0.0015944163770982202,0.4308470026574332,1.6172535579893619,1.6573490035066563,-1.1017256398460995
0.011355013176837708,-0.004419858347244024,-0.00723372878508105,0.0017040309899771782,0.4525844612567645,1.7027291160270768,1.661944055673229,-1.1627545165927569
0.011579019401653732,-0.00458120298066244,-0.007220936670052387,0.0020576338372835044,0.5073673704436588,1.956507357417616,1.6107627645644962,-1.3582393778471695
0.011535170153987367,-0.004528239334549368,-0.007206444134217675,0.001971564659947606,0.49066628124095474,1.8896772430920834,1.6114416448633226,-1.3115687488189682
0.01149079215708623,-0.004465624840677877,-0.007182839918659368,0.0018797194552313491,0.47179813469595094,1.8168609039295596,1.6057056571579553,-1.26219870410403
0.011665843395120338,-0.004574096040010524,-0.007146848237647192,0.0021419840177310527,0.5068977429669838,1.9966334859935329,1.5472374870801184,-1.4048092548307396
0.011747315961860088,-0.004589794371860885,-0.007094262407106109,0.002236228536742883,0.5113485973750654,2.0495519724516638,1.4978014908550195,-1.4549024225877079
0.011822155467500364,-0.004623518707044399,-0.007059795491438564,0.002337471011732897,0.5205182425515572,2.1124441544045154,1.459460544169273,-1.5078018656108132
0.011893983935819438,-0.00466295388000708,-0.007029969973620101,0.0024403225634559568,0.5303585229503098,2.1776625630073436,1.423378453288301,-1.560794271150212
0.011961063090981307,-0.004703908346531178,-0.007003032203884059,0.002539921446081592,0.5399592077754495,2.2411380774133307,1.3891175194566632,-1.611244974489949
0.012020184452516673,-0.004753211476609718,-0.006988117929170037,0.0026402323693413454,0.5518389544558046,2.308824728204533,1.3621251023648957,-1.6618841772445785
0.012104363439959472,-0.004854237624492341,-0.006988625296759387,0.0028153886060797873,0.5770120333814015,2.436838818404722,1.330519042108717,-1.7506409487585646
0.012068626015429932,-0.0048045849706374625,-0.006983376994939994,0.0027337885970254347,0.5644094237187266,2.375211189186181,1.3422807450306784,-1.7090523417671821
0.012208726321491965,-0.0049885371930305875,-0.006990110119919857,0.0030482084798380167,0.6088393314329441,2.6107253097493928,1.2840043284688043,-1.8687139726958173
0.01217852259534344,-0.00494822839859279,-0.0069892558248365955,0.002978491709410031,0.5994596899166745,2.5580644942076494,1.2983792021882925,-1.833308162962054
0.012140464597607424,-0.004904160886444477,-0.00699285934143089,0.002898665857757436,0.5890808804433317,2.5000059490898114,1.3172219575215216,-1.793118633458606
0.01225978318547747,-0.0050031195863847345,-0.006945870821057384,0.0031075566628758974,0.6075509319937965,2.6376823935537654,1.241155509102778,-1.894884532834783
0.012327269232942724,-0.005013379738753634,-0.00687845001904313,0.003174028532155607,0.6024066014203474,2.6602682268293907,1.1813154577469354,-1.921637934483494
0.01238424460669932,-0.005053335883077894,-0.00684475972584827,0.0032643047275030027,0.6070859178399955,2.7139923328783913,1.1374094757587556,-1.9629027496720257
0.012449268826155581,-0.005085624815593447,-0.006793574499708939,0.003351050859234084,0.6077752219466778,2.7570129032920816,1.0826365722219895,-1.999191407417634
0.012162862378250181,-0.004852704239111149,-0.0069274185274038015,0.0028646581989075466,0.5718976966267616,2.451163824225327,1.2801310830058243,-1.7715965631013009
0.0126899339028922,-0.00520406422051224,-0.006584192966204608,0.0036574789623837994,0.6014140755053793,2.8908242649031717,0.8664188417915749,-2.1144877687371686
0.012656114056266368,-0.005168631584011867,-0.006602296226733341,0.0035922785691438765,0.5980703223563757,2.851561997495513,0.8969337529153503,-2.0870482374540993
0.012522588511084653,-0.005085285908879032,-0.006706098219014076,0.0034028855030318246,0.5970742200026793,2.758084020625422,1.0137708469149873,-2.0127408091008197
0.012648999222733943,-0.005106748957793425,-0.006568455530508167,0.0035114198651036697,0.5830081507031988,2.778186965574178,0.8992852038481463,-2.044333325884297
0.01258676153011515,-0.005089813337744567,-0.0066322544521332,0.0034514075722982232,0.5889047660266195,2.762128799375416,0.9547742187582356,-2.0256759396618143
0.013135456190861972,-0.005603576016499049,-0.006218161763983068,0.004413411143587005,0.5981472992627979,3.253033415083666,0.37810203385834007,-2.3691750187508545
0.013135185731995142,-0.005569113368809581,-0.006200420373880111,0.004363026113516051,0.5914793889428074,3.207315656396033,0.38998760145897643,-2.3439060480000484
0.01374806765248014,-0.006333945033695386,-0.005491853701848492,0.005609569064776743,0.5303154346830787,3.586879039954162,-0.6285663619328146,-2.5300261858414985
0.01372640732917473,-0.006297079084484617,-0.005523341042139058,0.005552619047245717,0.533292166674633,3.574672671833845,-0.5779842267654013,-2.528315097468005
0.013582628938013756,-0.0061223772602308005,-0.00572728175263642,0.005283483366944948,0.5577277794090042,3.545455516850709,-0.3193225119624054,-2.53029327043302
0.013600641063459389,-0.00615103226102669,-0.0057047694441152924,0.005329242065123577,0.555627117450002,3.5597587796425114,-0.35734364328844964,-2.5357977319062006
0.013614855774040677,-0.006178438884465065,-0.005687720107061224,0.0053732623783492575,0.5544940883277859,3.5761668575640466,-0.3920893808968375,-2.5423233271153305
0.013670663417192266,-0.006263374524874576,-0.005611813272681989,0.005507405110912002,0.546691602703881,3.608290590818904,-0.5103713041953811,-2.550912291559328
0.013653196133518156,-0.006233419501739443,-0.005635466320452248,0.0054599459844318875,0.5489159642916429,3.595086294090717,-0.4697217640303469,-2.5471008148023047
0.013633555629747503,-0.006206199684102646,-0.005662726742336514,0.005417244115924209,0.5519223455313989,3.58700846920391,-0.4307182228720445,-2.54554406496931
0.013708116965028142,-0.006261463831593385,-0.005548450416744809,0.005496815733006976,0.5354902379089315,3.5582959895924886,-0.5314444588160843,-2.5237617440006748
0.013160490897165573,-0.00563143387007052,-0.006195760117500446,0.00446214487951892,0.5976167712539117,3.2752769538460096,0.34461799549407773,-2.3832970993006786
0.013179104196120712,-0.0056781088356121934,-0.006191938543266899,0.004537145087760301,0.6017779711334362,3.32601731138013,0.3086291925294132,-2.4124390883857427
0.01338155336980125,-0.005930899735111008,-0.0059919389371903345,0.004969366977487573,0.5902978484171585,3.508209424691935,-0.012301484541448889,-2.517342642591504
0.013351932355203157,-0.005900121929127474,-0.0060268864796845035,0.004916742345563391,0.5937834152356823,3.493863309421823,0.033788773749655006,-2.5095342641298615
0.013230550240622132,-0.005713977788059325,-0.006132034380160017,0.004604615633631463,0.5949539525308776,3.339226774903137,0.24532873507768008,-2.4226921431803876
0.013261871879305706,-0.005751486378287735,-0.0061021211329557725,0.0046688449212799925,0.593655109338796,3.3667463510142155,0.19886207621928664,-2.439244641144654
0.013329332541036529,-0.005864228958137504,-0.006047656579853525,0.004856607793167306,0.5944117580498213,3.4649862733389134,0.0761270617645063,-2.4939894003547294
0.013310225223737333,-0.005830119755251111,-0.0060628925064680145,0.004799912840953362,0.5941016622612961,3.434831712267382,0.11322490088274477,-2.4775365169765986
0.013286861771945052,-0.005792062118673848,-0.006082274463931459,0.004736433758442669,0.5938804522153976,3.4022850340031696,0.15533138630508755,-2.459358856134379
0.013533971831053595,-0.006068078529492068,-0.0057921294692677506,0.005197027461122311,0.565463031004044,3.5321557332345628,-0.23786676708883123,-2.5265887992926146
0.01356128861772339,-0.006093233831877473,-0.005754530376174928,0.005237014739635077,0.5603810877971656,3.5334950811690766,-0.278924458798256,-2.525828345871569
0.013498281219288246,-0.0060490293299660875,-0.0058447383111584015,0.005166566586753764,0.5734265097343533,3.5465809040625382,-0.1951404625315632,-2.5351957592623227
0.013535588402568705,-0.0060333309239900025,-0.005779089203964608,0.005140382940229743,0.5605291642543107,3.486842388487566,-0.21125988571230447,-2.504060437036438
0.013471114867125862,-0.006015510011471378,-0.0058780874770459485,0.005111624395310378,0.5764747645046863,3.53167762994118,-0.14742040772744283,-2.5285369798699793
0.013446181076725017,-0.005994786765986217,-0.005911505821028886,0.005077142611649125,0.581291736676215,3.530128783800058,-0.11176078955455374,-2.5282483097658903
0.013435343662486462,-0.005966421715772674,-0.00591883323638901,0.005030699214060124,0.5800885282855789,3.5035549606814835,-0.08198951658571119,-2.5148470002688224
0.013416633287246715,-0.005942881781521264,-0.0059402475468237495,0.004991625248573426,0.5822091416152305,3.490722958476021,-0.050038547654920384,-2.5083636150998374
0.013417058852914599,-0.005914288910520591,-0.00592880018748416,0.004946002275987521,0.5777400686648345,3.4526884225563386,-0.031007509297239905,-2.4887285731222395
0.014339304934031056,-0.007178142260097046,-0.004343217784087832,0.006678523479435175,0.39785219527294696,3.253283189676264,-1.8044514866154862,-2.1262743795659844
0.01432359644992964,-0.007158148939568131,-0.004378354090634765,0.0066609109837608895,0.4018238766716381,3.2740432279589577,-1.7808545228446946,-2.1447228624278423
0.014322846935253469,-0.007132834719327956,-0.004391339265831833,0.0066204273321760045,0.40185323980322013,3.268947789748498,-1.7461199617259275,-2.151691146674892
0.014316051529886065,-0.007101563054633116,-0.0044163587231988094,0.006575815826898278,0.40337708512287923,3.2713027219467006,-1.7049092373038495,-2.1643905819969445
0.01430063686053234,-0.007074690132040151,-0.004452949186328443,0.006545792761097818,0.407144642281759,3.287693102844124,-1.6713081431535102,-2.1826089828435493
0.014309681992421403,-0.007048192446828407,-0.00444916216009117,0.006494897041535608,0.40493017202635395,3.264945121191387,-1.6343221350541364,-2.1797170170412516
0.014299703147596375,-0.007021022228803427,-0.004476049090618543,0.0064593950914023516,0.4071801559932748,3.2713595037373033,-1.5995778359468076,-2.1922934650686927
0.014212048527165256,-0.006949049073697276,-0.004645571566044692,0.006412341624914392,0.4280169283366832,3.380255716983274,-1.5109688154507939,-2.274154696957496
0.014240173950315762,-0.006958689554468625,-0.004595852455299025,0.006406210179355691,0.4211040725828775,3.3401648426862787,-1.5224208989329056,-2.249476453544897
0.014286885550810204,-0.006988371679169463,-0.004509105437873927,0.006417119145329772,0.41007402338089566,3.279333457155015,-1.5579443119350669,-2.2072364586144
0.014270814455482938,-0.006954591554081375,-0.0045471628250390575,0.0063752526391038815,0.4136426890476404,3.2907854964462007,-1.5150292312733677,-2.224102732352017
0.014119786036298793,-0.006838696053676376,-0.004831544716698243,0.0062949146994685954,0.4500022567727681,3.469165160245986,-1.3618816016987247,-2.355791600157516
0.014087955450755071,-0.0068333036917664035,-0.00488697682805716,0.006307446578892273,0.4586317415579371,3.516885333538553,-1.3519310174183365,-2.3832697928663724
0.014073023654055942,-0.006802764960789451,-0.0049190943018508565,0.006265106551644466,0.4617978580598078,3.5213226727727895,-1.3093885152497238,-2.394432922873371
0.014003039650363345,-0.00664640780868242,-0.005062428687747456,0.00603995622093081,0.4759582431116991,3.5173566035314074,-1.0944667803865167,-2.4325067250937575
0.014066851237426454,-0.006769753563230791,-0.004936077594393385,0.006212689852791449,0.4626876777464361,3.5091426456833177,-1.264900005047773,-2.3969114416204977
0.014055788742718796,-0.0067405017901856455,-0.004960071583883576,0.006169743088672627,0.46489096793373824,3.5062388556877395,-1.224951068867824,-2.403129423119401
0.014035780558898979,-0.006709314095740983,-0.004998959965645227,0.006128603786063418,0.4693550146078763,3.514957643331031,-1.1811163847919415,-2.415934436897684
0.014022427632934055,-0.006673436328020075,-0.00502645537112149,0.0060752575164281465,0.47166064327109064,3.508826097887878,-1.1328802151739075,-2.4213750527196436
0.014202221921893706,-0.006918249066639444,-0.004671610636603019,0.006368727152150549,0.4300072511562259,3.38133465555379,-1.469988936641993,-2.284386344696891
0.014149090088403886,-0.0068429629258318705,-0.004781166900252687,0.006281813902862658,0.44250797452952756,3.4253771770100117,-1.3692458663275167,-2.3307265478178887
0.014139771622222023,-0.0068226625258150965,-0.004801728525417102,0.006254249907626193,0.4447585150980017,3.428194981641475,-1.3420740662441357,-2.3380370095446996
0.014159153740263143,-0.006865777018750418,-0.004758440516976471,0.0063129132832980845,0.44042766926965404,3.4222927846723445,-1.399870144873597,-2.322407458251731
0.014185325034157764,-0.006882786854185526,-0.004710114611388931,0.006322381291486304,0.43392763363240683,3.3901327082355865,-1.4230201917340348,-2.2999130469926214
0.013950857688218537,-0.0065624027215873395,-0.005157208158495831,0.005923577634953142,0.4868258901716344,3.526004204458624,-0.9765850993772274,-2.4559404593585072
0.013934637080583831,-0.006533686365826886,-0.005185726656603069,0.005882386218844158,0.48977842793935705,3.52461924693349,-0.9369641781835488,-2.4610636295887676
0.013912795304157385,-0.00651294186566394,-0.00522311063048753,0.005856747637615762,0.49517885980083537,3.5375270689954244,-0.9047235297081423,-2.472345118263007
0.013906038770490023,-0.00648572178546748,-0.005234624339140562,0.005813580626770564,0.49530268483833,3.522330036222915,-0.8704585117502589,-2.469089433873767
0.013890953059265469,-0.0064620015115713055,-0.00525981038308106,0.005779625741250899,0.49859185651285565,3.5215484647283217,-0.8374902045389951,-2.473007719655458
0.01379138559874859,-0.006375895608898888,-0.005423133371682234,0.00566848270639432,0.5209628749308997,3.573443364583881,-0.6962281449853829,-2.5163344123363394
0.01377958024660151,-0.006349525803945162,-0.005440454557202287,0.00562737768545067,0.5222964826110114,3.561630493569821,-0.6620333296874003,-2.5137687651887974
0.013785091842085106,-0.006324516655737344,-0.005428489956596734,0.005583886096235258,0.5188020734172575,3.527881197424123,-0.6388925729646112,-2.4986784041161365
0.013892453617669859,-0.006436281354073354,-0.005256756235268638,0.005735946032543884,0.4963553179237364,3.4954230282956322,-0.8094939135485063,-2.462969928050439
0.013829106686075723,-0.00638637695761446,-0.00536041443233359,0.00567442647962559,0.5110416017342388,3.533122854065199,-0.7263432155041286,-2.492322672054533
0.013871524184078244,-0.006407578730134769,-0.005290654898797793,0.005695651970695278,0.5004034413661618,3.496707470872301,-0.7690008780290017,-2.468563662029695
0.01401310713134984,-0.006619614077415844,-0.005048114729045902,0.005989402961840391,0.47248555634985656,3.4814192032396294,-1.0639582556204774,-2.418726045955878
0.014002187350572418,-0.006593038778537982,-0.0050687755395483905,0.005950370235384618,0.4742276276490028,3.476379118111975,-1.0288796129904993,-2.421806724349365
0.01398846599859196,-0.006561745812025834,-0.0050939763141322056,0.005904706706580574,0.4766001559921293,3.4708590711334852,-0.9876332587972746,-2.4253699037827308
0.01457547151935402,-0.007686789753255108,-0.003639512004371168,0.007199461927023955,0.3425738218064757,2.8542260090184093,-2.3821483629775844,-1.6927246473787407
0.014589424070482348,-0.007703694343681141,-0.0036050491115547853,0.00720577241871865,0.33946101977906457,2.8278633289179154,-2.394277060443152,-1.6715134454363152
0.01456742353448799,-0.00764975307793769,-0.003681738919673489,0.007155651641672527,0.344601857778665,2.8772209904157724,-2.3391603301364348,-1.7238093286874963
0.014579471373107424,-0.007667203164913757,-0.0036498839383530142,0.007165717881140107,0.3418348456371752,2.8540985966417973,-2.3538115127607466,-1.7038036698000272
0.014623226244989082,-0.007724987163079497,-0.0035385104000884536,0.007191808465997854,0.3327363563268126,2.77057708875184,-2.3973172240336447,-1.634456295394386
0.014610620205461885,-0.007704720660736042,-0.003573692494095994,0.007179468367322224,0.33561457203066414,2.795904811274787,-2.3805117631795762,-1.6570658897506685
0.014675560676014048,-0.007842130011214766,-0.0033612706766218818,0.007284158439936722,0.32182171179077285,2.648278007594864,-2.5028690191582394,-1.5128212546906799
0.014683405342667849,-0.007866861038363778,-0.0033275177707390753,0.00730685676091527,0.32009963465127084,2.625831569825119,-2.526470864523884,-1.4881940131028726
0.014662556716182471,-0.007814879065516173,-0.003404123618773693,0.007264694980449021,0.3245076868359463,2.6787584445730555,-2.4798453295905745,-1.5421918403730852
0.014688291189757764,-0.007823381383268671,-0.0033611389265098116,0.007241068138896708,0.319639363391381,2.638829849506801,-2.4701503744250353,-1.5205212783582884
0.014646665540171223,-0.007748039205777145,-0.0034856028403542107,0.007193265124364521,0.32797929725232317,2.7281626651193807,-2.409234200821212,-1.602851085828336
0.014651193745145914,-0.007720968389839742,-0.003502486319589078,0.007149364876197236,0.3274906193166725,2.731303294409576,-2.3722994683086407,-1.619700438371601
0.01465692258470444,-0.00778307032039419,-0.0034405283823657875,0.007228355212413857,0.32572889962020307,2.7000052638036722,-2.4450010740711545,-1.5703145376379712
0.014670353310986432,-0.007732989940583282,-0.0034655452068510896,0.007140997213457896,0.32376754335255276,2.6998172112678263,-2.373565770407806,-1.5992154798880074
0.014688480208268621,-0.007897782092402916,-0.003291281234118663,0.007341441266753091,0.3191554579781104,2.6037038542575757,-2.5594436299298864,-1.4595080485370617
0.014679442311309134,-0.007922201826477168,-0.0032797589003174797,0.007387226370206994,0.3203877903838867,2.6037725548195447,-2.596656892271203,-1.443196600960879
0.014680159666215178,-0.007945597422852134,-0.0032557112333110316,0.007417604334611354,0.32028700414895955,2.590250565238344,-2.6240820210223355,-1.4221297370467514
0.01472519569300846,-0.008053219157227514,-0.0030863062179810694,0.007491864383274799,0.3115501244055603,2.465223782041967,-2.708704573528813,-1.300093354103365
0.014734117721733385,-0.008069328535807998,-0.0030578514411126714,0.007498905793005716,0.30990240328922253,2.44308848141154,-2.718472720610088,-1.2805312664106745
0.014823046227002071,-0.00831299532220508,-0.0026760688836091257,0.007651785286424062,0.2946518384165673,2.1524805207720257,-2.885545198149988,-0.9951286760840287
0.014742067696977421,-0.008087824380499955,-0.003028029216128741,0.007510205698316647,0.3084521138294354,2.4205444607985034,-2.7316068832478138,-1.2590087537989552
0.014757046748639353,-0.008146364111423877,-0.0029455276258060115,0.0075600557762182915,0.30561866059343806,2.361034837966304,-2.781520516313168,-1.1942626619819166
0.0147511027828263,-0.008130673442027921,-0.0029701879291073995,0.007549894051552854,0.30673970853579524,2.379652503864311,-2.7703071940311745,-1.2125221464017724
0.014753232380178817,-0.008110193951586322,-0.0029898963666098633,0.007521132322900484,0.30635147574343896,2.3910323478635784,-2.7456065281683917,-1.2321866742654348
0.01482051397183295,-0.008295534369975448,-0.0026996121500301846,0.007636075075218349,0.294953963469005,2.169698202904921,-2.871041487767954,-1.014939739391419
0.014797516630442948,-0.008249441509845697,-0.0027800712197853772,0.007619919601257153,0.29874876683405915,2.2337861643227894,-2.8489931760619434,-1.071863792306905
0.014806091064017233,-0.008262496517396713,-0.00275490934163504,0.007621365963945226,0.2973099513585346,2.213206865870756,-2.853252517154848,-1.055086538261525
0.014814611499344687,-0.008278130477983495,-0.0027268158603411872,0.007625700426324165,0.29594948404460664,2.190651663589873,-2.85998743862306,-1.0355786046309012
0.014776760688977443,-0.008152376015742011,-0.002914728824094434,0.007536730988745548,0.30226681878725964,2.3317964568626786,-2.7683049972408873,-1.1804009700620937
0.014777249372319915,-0.008172233503201865,-0.0028920784248804014,0.007560083915273863,0.3021673744877806,2.316962273044173,-2.7890487144590526,-1.1600156231906125
0.014776761022579478,-0.008189689753541547,-0.0028730739846524,0.007581945262901203,0.3022825017221887,2.304766852389636,-2.808137911963262,-1.1421573530464324
0.014798487602093534,-0.00822857389072029,-0.0028029708366451513,0.007593855462522629,0.29844130475215663,2.2487593496905145,-2.8264675102589725,-1.093744219724169
0.014786697240968353,-0.008205281500034226,-0.0028435136390695596,0.00758494801130083,0.30057987719155616,2.280824056711419,-2.8144001616888548,-1.1223056797630233
0.014688364975658202,-0.007966003074534964,-0.0032243362226176513,0.007432846165560826,0.31854380536902654,2.567572650816425,-2.6411379954329317,-1.399506798942037
0.01469016328426318,-0.007982676766296963,-0.0032050766143337977,0.007452319446322174,0.3182714658593397,2.555531077413747,-2.659299983467568,-1.3833053859561306
0.01469974987969051,-0.008017646314457635,-0.003156504667162207,0.007484084249526589,0.3162104050109402,2.5216083420358575,-2.69162222025729,-1.345922968281706
0.014699536649109717,-0.007997597400729018,-0.0031774682124233278,0.007458121125511069,0.3162509174012809,2.5339324061685335,-2.6683371432504437,-1.364838890045985
0.014718181726303554,-0.008024001606154508,-0.003125921959723807,0.007464770231446454,0.31298307210029014,2.492812415371153,-2.6817619181145127,-1.331172453263797
0.014735041484294727,-0.008036088467903461,-0.00309165616995106,0.007455115866753498,0.30986859239518066,2.4628860283651286,-2.679971139915391,-1.3118531477615016
0.014844509512671425,-0.008435759690204778,-0.0025025129803919,0.0077511961545885045,0.29194843510255675,2.0218584779007576,-2.9781817553331784,-0.8509310031703308
0.014846570640789111,-0.00841063762529681,-0.00253159548164719,0.0077207767138874955,0.29130419177181915,2.0421214082307872,-2.952761223744385,-0.8794872912456998
0.014847625523915222,-0.008386557849355155,-0.002560080432987765,0.007692950408395586,0.29093558261388947,2.062125447684401,-2.9291861298244037,-0.9066709187571915
0.014838974311798989,-0.008320670821932958,-0.002649025949561475,0.007634472960072074,0.29203813119700556,2.127718222009247,-2.875915293827745,-0.9821661873645603
0.014842640284613432,-0.008355337898508784,-0.002603464359737365,0.007666995424258774,0.29166387144629685,2.0945698465428504,-2.9052033033129336,-0.9429604616736783
0.014843143045718024,-0.008336115898854284,-0.0026259812156877297,0.0076448937025872035,0.2913602918197153,2.110166121461815,-2.886302966655744,-0.9640925890989518
0.014856185898681248,-0.008367845291504942,-0.002573505474844563,0.007658417720651344,0.2893883257747533,2.0686909760736527,-2.9022278203691214,-0.925578433777373
0.014872773227406677,-0.008463496876948437,-0.002437910544732089,0.007732637488344762,0.28742668545315925,1.9659593067668677,-2.97079109642331,-0.8131448609546003
0.014870095267241949,-0.008443202663056237,-0.0024661123685979485,0.007715942403153095,0.287663673511572,1.9872687426319808,-2.9557941628979907,-0.8371277496414037
0.014914911759526535,-0.00858524445647338,-0.002239728346044454,0.0077823328922531415,0.2819847732728414,1.807591132889894,-3.0242973124548205,-0.6631408741007787
0.014889694354772597,-0.008474054582578659,-0.0024071722217835867,0.0077149580698264416,0.28486104856407307,1.9384647503464472,-2.9607964694935824,-0.7978443115113526
0.014902609245900528,-0.008491171330817879,-0.002372486476181554,0.007710589600965459,0.28282179666783896,1.909338456647783,-2.96087103231417,-0.7758065678799363
0.014903341262508052,-0.008554364086994844,-0.002291092868543148,0.0077723208198420156,0.28348748468235313,1.8489897072834511,-3.0128893734661872,-0.7014100385149283
0.014915887001174362,-0.00856823992438173,-0.002260894105399229,0.007764247479019046,0.28157896458138776,1.8231724193739034,-3.00952475174765,-0.6833769668498922
0.014907692831602232,-0.008535021637577618,-0.0023117047891308925,0.007745798289900561,0.2824956140890003,1.8631521476953203,-2.9918708992395087,-0.7238168357475164
0.01490741153497473,-0.008512762707194086,-0.002340363646128995,0.007724157049901629,0.2823177468024558,1.884399836813256,-2.9736425989288615,-0.7499623352966703
0.014932074718523335,-0.008599706076129995,-0.002204505393062895,0.007766418097082456,0.2794229981544088,1.77679520526484,-3.015516617344247,-0.6441095895981229
0.014936011904110211,-0.008624612194364225,-0.002168184883872269,0.007782955597198083,0.2790592329137626,1.7485048076774097,-3.0301183661389763,-0.6138519324097689
0.014933544891259516,-0.008646054290402284,-0.002142140690455614,0.007807119540646866,0.27985341386906454,1.7293355537616983,-3.049336078798152,-0.5879871746309869
0.014936588449672378,-0.008675067132650122,-0.0021006448465893924,0.007828275450097342,0.279837763164494,1.6970264618112498,-3.067287550247062,-0.5522660180966822
0.014941568288652155,-0.008690851867637317,-0.0020749524166222525,0.007833689492355703,0.27926399324922446,1.6762899608834811,-3.0727918522533924,-0.5326409617020876
0.014949030042499964,-0.0086605295461206,-0.0021087677930264376,0.007793259685539525,0.27752330960498955,1.700426669332882,-3.041719794808527,-0.569466826036265
0.014953098419551229,-0.008830032410624314,-0.0018733517913520862,0.007931946441560507,0.2801274768518938,1.517652597409812,-3.1532175801975373,-0.35703802249290667
0.014933653993335433,-0.008737703774981705,-0.002018217339609175,0.007889200201649902,0.2814080349064541,1.634274472163458,-3.1158962783894175,-0.4741031478227378
0.01494270810060226,-0.008799814763244313,-0.001924337548598023,0.007925926167786722,0.28122104738501724,1.5595162113608783,-3.146754353344235,-0.39528704375686413
0.014958024723991242,-0.008811015134477919,-0.0018959868764658733,0.00790744234477711,0.27887455343097595,1.534460927406727,-3.134891807306602,-0.3817631575954421
0.014935406399185861,-0.00875891154193338,-0.001987453669208692,0.007904442668709308,0.28158633391212445,1.6100906753506814,-3.128424548880471,-0.4472641341266845
0.014942614005035593,-0.0087803073611198,-0.0019516254274427561,0.007909700934568976,0.28077536101460193,1.5808107877058146,-3.1339457073968098,-0.42023485571700864
0.014946113988749435,-0.00870715677781317,-0.0020489088928937155,0.007840146788846293,0.27882072513139494,1.6553201619045017,-3.0790109732297846,-0.5123356128972553
0.014951308117147842,-0.008724535356820022,-0.0020207943385165627,0.007846192843725825,0.2782552952054971,1.632608957705348,-3.084981144204765,-0.4906880278302001
0.01496570955553717,-0.008858087364550252,-0.001823642345536013,0.007931480147845548,0.2786520111213346,1.4763819048700981,-3.1547748813971204,-0.32190781109028427
0.014968130024357824,-0.008840543657916889,-0.0018464318488906515,0.007913087423608115,0.27783785247892023,1.4938630423555603,-3.140907730554965,-0.3446977200790819
0.014980223115085798,-0.008864782921902658,-0.0018027636617314788,0.007910302621287967,0.27644119212895246,1.4575180152040463,-3.1405859927411144,-0.3146806752237962
0.014983941126977285,-0.00891712900905183,-0.0017256347581676983,0.00794365623615445,0.27700921863327416,1.3961549025789874,-3.166453767740073,-0.24759749915794652
0.01498429695110598,-0.008877506101124772,-0.0017816495148695827,0.007912789821285819,0.2760315044799831,1.4402512770213434,-3.1430680386005148,-0.29877240450933434
0.014985265431450028,-0.008897217979988306,-0.0017529970338057337,0.007926162039138441,0.2763228129971926,1.4175427297151921,-3.1533833856203253,-0.27352640941608825
0.014996289286148316,-0.009034831607108065,-0.001546112830394474,0.00800477045628016,0.27802532995444357,1.2516386021788917,-3.2124110824132743,-0.09525022087293246
0.0150092589001328,-0.009046800230454741,-0.0015198398236292569,0.007988529546175183,0.2761478816864242,1.2289595700664142,-3.201368322205464,-0.08232198482716101
0.015001877098684927,-0.009013916405648822,-0.0015729388876324871,0.00798007935750379,0.27648926806749685,1.2723136048064407,-3.1949563387053357,-0.12408286925922418
0.014997548131828471,-0.008942427141111946,-0.001679358053087801,0.00793739261066791,0.2754382280004282,1.3574757451660096,-3.1632839007180484,-0.21669919008194846
0.015006108622393256,-0.008993445732135886,-0.001599760840438027,0.007958047389366604,0.2752478582492892,1.2931132798123999,-3.179269001178204,-0.15175836385224672
0.015006149893430921,-0.008973576521000705,-0.0016284244717865704,0.007943990400519059,0.2747537183277982,1.3158692207195202,-3.1689878381377006,-0.17765030963613435
0.01500301071619511,-0.008956353343117911,-0.0016554277619453348,0.007937455239069172,0.2748497258959786,1.3377237847282075,-3.163878135791888,-0.1994909289430807
0.0150012093520897,-0.008926769080998407,-0.001699021010182473,0.007919161790476775,0.2744572677936388,1.372492482549376,-3.150039317065539,-0.23749556705206212
0.014370100732384115,-0.00717906034875648,-0.004293210282004888,0.006650593873112363,0.39079504536480414,3.2041722367566545,-1.7976229859285529,-2.1005152158868334
0.014380095415318827,-0.007208343133923299,-0.004262522559804468,0.0066876946201352575,0.38842617811414465,3.193773683597568,-1.8344527525506107,-2.083808484398419
0.014388187992473739,-0.007237009146359238,-0.004234658755774004,0.006725407777026072,0.38639761252452015,3.1854392598039887,-1.871044088600849,-2.06811455512128
0.01439092373883571,-0.007264532657473407,-0.004215428619541251,0.006766509141470092,0.3856882928721496,3.1846645279894807,-1.9077428881042493,-2.056497390378689
0.014415159583313403,-0.0072786727374801125,-0.0041691377235804185,0.006764184037831927,0.38011941472615923,3.1476915586566068,-1.9186669707985444,-2.0318832791047576
0.014432169701265953,-0.007299010502629528,-0.004130826457657509,0.006778582527516542,0.3762875534086008,3.122664088053549,-1.9399831160310759,-2.0107569469619047
0.014448299171336108,-0.007322573569749669,-0.0040918698213145985,0.006798480114160889,0.37261362942149007,3.098772712186776,-1.965573859725257,-1.9887756377849042
0.014554611671213611,-0.007567836099900147,-0.003764724388606293,0.007050749627096929,0.34793161098495456,2.9158882056067443,-2.23979981105866,-1.7852302088811827
0.014556633625984545,-0.00759183524524519,-0.003743425081194363,0.007083828603558703,0.34736117071966055,2.9077720352876972,-2.2701284253072003,-1.7689543898611508
0.014570890421217115,-0.00761033638370519,-0.003708014984334051,0.007093383270731882,0.3439760224350628,2.881916124283078,-2.2854133665495127,-1.7473543765227841
0.014578226545626176,-0.007632262490907349,-0.0036799665318569636,0.0071162911575651895,0.34261850937955324,2.865395801948913,-2.30921993423732,-1.7281025058437713
0.014547185879681955,-0.0075401292020380465,-0.003796419467344953,0.007018568681190112,0.34971834361485143,2.9322817195100837,-2.207747057484504,-1.806989028102654
0.014535324134234485,-0.007493529742726582,-0.0038477588131284207,0.00696299927602026,0.3526806966499861,2.9572822438522888,-2.1530373595341445,-1.841780705078657
0.01455031418846818,-0.007512998302753237,-0.0038114918187171004,0.006974438352309054,0.3492099461607017,2.9318251496931005,-2.1704416111880227,-1.8202060782220137
0.014544476475318154,-0.007470217040463062,-0.0038503390975302134,0.00691746702394753,0.35103924013343724,2.9460466905972913,-2.117615524918938,-1.8475093840199084
0.014535120161402078,-0.007445853386185338,-0.003880960486458061,0.0068917156482560865,0.3532132833484441,2.9626131807893663,-2.0905155529155635,-1.8668661373289035
0.014507477974899999,-0.007393173538099304,-0.0039573316426688146,0.006843167850463999,0.3595085010189036,3.0077036324188438,-2.034545207254474,-1.9127206124207239
0.014523511862810201,-0.0074178441292855795,-0.003917059107526496,0.006862693456933653,0.355711464177307,2.9822070574230657,-2.0595163538735854,-1.889167505542663
0.014482313818386374,-0.007321247284062655,-0.004040091469228734,0.006760523005295671,0.3653568662270046,3.046130155571077,-1.950513462037996,-1.9628139431065492
0.014501046617763145,-0.007346384823379634,-0.003996342116428527,0.0067790222014622705,0.36116830755066043,3.0181377667182407,-1.9759937838095476,-1.9381516799175074
0.01451500780197499,-0.007368224935108421,-0.003961681871624474,0.006797108627368964,0.35787142046214293,2.9969035702467104,-1.9986355596922885,-1.9181914442156693
0.014968847188021009,-0.010770872657171327,0.0012688208453444138,0.008178467410091922,0.3275278579062269,-0.969687390073316,-2.9541183596812517,2.177985679514927
0.014971362828487439,-0.01075529208978075,0.0012431117196076674,0.008182173111264596,0.3271927667797531,-0.9509669309376347,-2.9635736212532144,2.158902599519349
0.014973645996752978,-0.010739629908091526,0.001217373036785015,0.008186188987115555,0.3268945314640184,-0.9322178700021783,-2.973149470710473,2.139970417275958
0.014977944193227323,-0.010708381860423812,0.001166065571878389,0.00819415697614039,0.3259135057975601,-0.8946958354154199,-2.9920190245796223,2.1021945199253076
0.01497575724226475,-0.010723980086382333,0.0011917129104101686,0.008190348344165772,0.3264721731571046,-0.9134934281445418,-2.982723055129252,2.1211769839894417
0.014993473326501984,-0.01070266126710686,0.0011492466115484228,0.008167178103387655,0.32169249588236865,-0.8813568329629548,-2.9800628671799037,2.074712292574059
0.014996120764552041,-0.010687103954749486,0.0011235663238527472,0.008169791667238323,0.3211357629031462,-0.8624472701183702,-2.988509497250193,2.0551198158083746
0.014911450597951648,-0.010936831374304052,0.0015613648888948047,0.008185608928955418,0.3417110150133464,-1.1803941936830669,-2.8723243681490587,2.4193473179437666
0.014926548644344997,-0.010931689252549595,0.0015432595438791099,0.008160215290148784,0.3332732085837255,-1.1704309675799716,-2.8610577675728996,2.3948002186235624
0.014908482834330765,-0.010952258507486396,0.001587052747575767,0.008180667359145482,0.34316863561774397,-1.1984292887371861,-2.8612643807844758,2.437737183619676
0.014923595078298602,-0.010947136658869023,0.001568852527744154,0.008155342716013559,0.33342209816659424,-1.188507841477396,-2.85010260556511,2.413156568988734
0.014892917446321189,-0.01102925160358667,0.0017153982852547744,0.008154720214973026,0.34345272736391735,-1.2885607724608197,-2.8041063719630457,2.528892806265811
0.014889659273885174,-0.011044620593952056,0.0017410221287845389,0.008149288011429653,0.3435049163326973,-1.3063734089579713,-2.7923510728358862,2.5470109000325087
0.014905014329399092,-0.011039836743797257,0.0017222777057765409,0.008123994907484366,0.3357232063890552,-1.2955639613995984,-2.7816994834555935,2.5219539129979522
0.014905466592036428,-0.010967676347966866,0.001612728910663909,0.008175644312174567,0.34432762143367873,-1.2164612627619227,-2.8500778118673593,2.456033367997978
0.014920624547149838,-0.010962574766716367,0.001594410598506865,0.008150333143188844,0.33348388115026983,-1.2065257487491448,-2.838995165921919,2.4314250985484622
0.014902401901103014,-0.010983084736969085,0.0016384072218421579,0.008170537005879665,0.3446050925172268,-1.2345254624247883,-2.8387573077103276,2.474273736018037
0.014917629067313039,-0.010978018515389877,0.0016199583356642149,0.008145191528259273,0.3336966677341517,-1.2244835541795618,-2.8277392773059566,2.449623899310172
0.014899288792197039,-0.010998483515463568,0.0016640865544680767,0.008165345577006948,0.34413205837436706,-1.2526016045607948,-2.8273121748064667,2.4924970992615427
0.014914582116856112,-0.010993477715398972,0.00164552645356191,0.008139959013774777,0.3341436650896162,-1.2423757307999013,-2.816360040545076,2.467779558453176
0.014896127296621684,-0.01101387252417452,0.0016897538534715085,0.008160072584390209,0.343573132971333,-1.2706306652863182,-2.8157587150263925,2.51071160803675
0.014911462148734797,-0.011008944879921009,0.0016711190205203664,0.008134678512905015,0.3347268167258744,-1.2601906571828838,-2.8048884293763514,2.4858990435424064
0.014908268455194324,-0.011024401683529446,0.0016967110810423363,0.008129362669029081,0.3352692230304883,-1.2779191249605928,-2.7933373557106758,2.503963888649863
0.014966263438826706,-0.010786351027534844,0.0012943850788562923,0.008174770848137105,0.32799202794568644,-0.9882694764160732,-2.9446367621758545,2.1969628218353994
0.014981927395596334,-0.010780836205075375,0.0012770558205800243,0.00814798308909369,0.323788444723852,-0.9745316477356017,-2.933249071206262,2.1690015804734166
0.014963771283881683,-0.010801805792105039,0.0013198372625383339,0.008170736913655581,0.3285293945308712,-1.0066999809354298,-2.9349175519878306,2.215665601129235
0.014961373000908808,-0.010817332564504989,0.0013453186333306155,0.008166306881091235,0.32903320241959094,-1.0250674825237969,-2.9248897428498446,2.234169134279566
0.01495895439358194,-0.010832980325642077,0.0013709649317684292,0.008161666756651968,0.32942481513773686,-1.0434843106302445,-2.914624800552309,2.252683366360154
0.014956386606741971,-0.010848704163971443,0.0013967816146700028,0.008157084545258195,0.32969593295802574,-1.0619855546389394,-2.9042754339423706,2.2713648892011835
0.014953585768786712,-0.010864404782899717,0.0014226706315815694,0.008152776211052303,0.32997024996662433,-1.0805292469201477,-2.8939936313746557,2.2902611168066254
0.014950652196754803,-0.01088002059327209,0.001448483007163141,0.008148589720875052,0.33036021444686403,-1.0989944831070086,-2.8837291967519882,2.3091682532035414
0.014947752225276048,-0.010895571038030969,0.0014741470921599724,0.008144200790798655,0.3308198399089162,-1.117290063066396,-2.873317204893904,2.327841722092577
0.014944881728929658,-0.010911096236520866,0.0014997239142792334,0.008139593455206325,0.3312342034236652,-1.1354517225660494,-2.8627372015710013,2.3463174973215377
0.014941946214422951,-0.01092658726835521,0.0015252587966575392,0.008134952127591666,0.3316058354676184,-1.153530916414881,-2.8520849961082058,2.3647348703352837
0.014886352812552905,-0.011059979335296836,0.0017666276261390438,0.008143775574893933,0.3434596522586424,-1.324057634884465,-2.780490726334524,2.565049749920525
0.014901704381817022,-0.011055248752147138,0.0017478138102003818,0.008118567886498009,0.3361707691490526,-1.3131339177237467,-2.769972466953145,2.53987128535539
0.014882998096217483,-0.011075327667428126,0.001792202694670157,0.008138185615894786,0.3438893646956109,-1.3415961337435782,-2.7685346902638757,2.582993050667652
0.014898336167551707,-0.011070637286737947,0.0017733212324349587,0.008113086547533392,0.33656844083387333,-1.330635980655271,-2.758158071638924,2.557725946990736
0.014917565308478294,-0.011050594569704003,0.0017290094869014932,0.008093055904825274,0.33433507288565284,-1.2955992875881093,-2.761778582180622,2.5087213329604108
0.006135838010898997,-0.006782730859295601,-0.005296610480688169,-0.00636165215866677,0.28969081562532734,-2.7133062982811356,-0.017796843252451705,3.870841374332208
0.006149545593245833,-0.006742628813733672,-0.005327108934205794,-0.006297178944647112,0.2749240699444813,-2.698214700438242,0.029377774873218965,3.8387621670233485
0.006139760535799726,-0.00675502343778106,-0.005308052580674272,-0.006314629541471626,0.279340739465567,-2.698629139081776,0.009512381049120812,3.8400675093318575
0.006129852779740403,-0.0067672971712372494,-0.00528867848613404,-0.006331683224343575,0.283703573828787,-2.6986611547415618,-0.010414947321471588,3.8407266059824887
0.006125655361438365,-0.006794840224593858,-0.005276472943689099,-0.006378172234451855,0.29402377212267666,-2.712703772766592,-0.03817185186885921,3.8704220602469044
0.0060957331827889245,-0.006831607233404193,-0.005216396875048392,-0.006427994779737093,0.3069635591534064,-2.710426060704963,-0.09910750504410977,3.868952228084759
0.006115583884938511,-0.006807054661107904,-0.005256399422890574,-0.006394794524511529,0.2984416023057044,-2.712049303628558,-0.05852571703267984,3.8700190060922464
0.006105676281243565,-0.006819363341590599,-0.0052364793900166315,-0.0064115278306359075,0.30278286672040977,-2.711381211513368,-0.07881422814001038,3.869706824301368
0.006069108031435466,-0.006840523452459068,-0.005167876274035941,-0.006429848131963963,0.30903474779188617,-2.693115262079543,-0.13112708445529708,3.835816250052688
0.006079422165367362,-0.00682852966463594,-0.005188566759511518,-0.00641429397930209,0.3049736915549773,-2.694852960330913,-0.1110154109660839,3.83795812002552
0.00605882555943555,-0.006852741176861279,-0.0051470875583589475,-0.006445667364037373,0.3131459805658468,-2.691323316729846,-0.15139473628632139,3.8337075055028182
0.00582960700250516,-0.0072417719009396685,-0.0045969706948390645,-0.0069505336331778895,0.4408955394927661,-2.6278305558142354,-0.731784726128533,3.804952291611103
0.005822276194850669,-0.0072275450423358485,-0.004593157367848866,-0.006921251151634478,0.42918628553740934,-2.6189692352306793,-0.712990684188811,3.78053116832109
0.005795275864055084,-0.007294395642263588,-0.0045092765114779,-0.007007744394231133,0.45431586950634745,-2.602206513715091,-0.810796642449164,3.7752188436452445
0.005803796605215205,-0.0072811993325003505,-0.0045312554746332265,-0.006993552723130056,0.4519159595862998,-2.6088471372973676,-0.7911486522780892,3.782951150061183
0.005787733528943624,-0.007280278982116276,-0.0045058678121046745,-0.006978594283044493,0.44304040502580727,-2.5939694359481247,-0.7913463498929856,3.7516261358447154
0.005820962260321793,-0.0072548873301182615,-0.004575123005978598,-0.006964933948323311,0.4437802258966436,-2.6216774263044473,-0.7516101108965781,3.7977867313746096
0.005813577413583311,-0.007240688127920115,-0.004571399329188805,-0.006935689494638149,0.43297849196080335,-2.612945300112362,-0.7326748345712306,3.7735878651466437
0.005812358765846111,-0.007268029851185398,-0.004553208611668746,-0.006979279760667059,0.4480740775218222,-2.615343438950526,-0.7714130628259036,3.7904554941177366
0.005796289468210386,-0.007267055444731462,-0.004527730444660419,-0.006964347629718444,0.439580110393214,-2.60042907200056,-0.7718435601928161,3.7590916769298386
0.0058049025066884636,-0.007253853026454291,-0.004549574385772478,-0.006950036798476386,0.4363677405149673,-2.606755310593068,-0.7522804144519303,3.7664112226790096
0.0060173145617035345,-0.006930680527503781,-0.005053462876797292,-0.006557356596448893,0.340443612237133,-2.696765168999281,-0.2614815481837751,3.8554157458264666
0.006026950153314985,-0.006918307300550361,-0.005073917119981736,-0.006541592536521301,0.3364762467027141,-2.6990768110224916,-0.2413498073146287,3.8578844191470076
0.006036523316025566,-0.006905859375972638,-0.005094179710116153,-0.0065255272162021575,0.33243668344641014,-2.701076704422624,-0.22120057950543867,3.85986049003091
0.006046117488015563,-0.006893342629960366,-0.005114387677230311,-0.006509218934775566,0.328279233920236,-2.7028423199867473,-0.20097723307191215,3.861491201889168
0.005870053177761251,-0.0071075544572680276,-0.0047346784998086875,-0.0067606600526558475,0.3928021587456491,-2.6319632074784294,-0.5500579592937979,3.770421637370077
0.005878354279147372,-0.007094599431661394,-0.004754487348976027,-0.00674508502799953,0.38891851473158706,-2.6356973493546367,-0.5308755076341468,3.7740562818387926
0.005905731037637282,-0.007054839989220595,-0.004817757611269006,-0.006697789598762299,0.3772523258290403,-2.647813793284279,-0.4706642060131457,3.7870131208942968
0.005886974130238736,-0.007081436808693743,-0.004774807284976091,-0.0067292632110214365,0.3850551433508534,-2.6394867237994757,-0.511201331608565,3.7778215537200084
0.005895770781924131,-0.007067790729179013,-0.004795523081780189,-0.006712621858184963,0.3809403991115686,-2.643062119106766,-0.4909244320223963,3.78116601665408
0.005990907259860846,-0.006940004271653249,-0.005005130738688548,-0.006557776198993659,0.3418586725586387,-2.6774408649623833,-0.29120610609555175,3.8196437152796805
0.00600095110956354,-0.006927869372036679,-0.005026210300674604,-0.006542938984940529,0.33801717871234943,-2.6805304182438956,-0.2713302200873404,3.8235155089335238
0.005980820433282997,-0.006952412367160473,-0.004983794753374033,-0.00657291184890271,0.3457589948200918,-2.674239831795863,-0.3113447316287173,3.8157102613492433
0.005970832703417836,-0.006965152030596261,-0.00496241624277242,-0.006588527297816077,0.34974729898232937,-2.6710777742319336,-0.3317069646097768,3.8120184092182963
0.005961179072270512,-0.006978187959977799,-0.00494139361531704,-0.006604707067266401,0.35382955613678463,-2.668150424344884,-0.3521019868077065,3.8089379327438198
0.005915283777296546,-0.007042327536800344,-0.004839032436695724,-0.006683269498270834,0.37359839172621806,-2.6521306384290146,-0.4510649505504231,3.7922384236326763
0.005924429265247284,-0.0070297401953686575,-0.004859564008505325,-0.006668212319785459,0.36978418678136565,-2.655817362540987,-0.4316019812641975,3.796348863883878
0.005933570584630873,-0.007017020469965912,-0.00488004099687219,-0.006652794864258768,0.3659253260541391,-2.6592410358996585,-0.41196600793273036,3.8000289341383824
0.005942728053117155,-0.0070041977341347775,-0.004900480684887632,-0.006637077683409899,0.36196310012047395,-2.6624298565412015,-0.3921892420037492,3.803339224461156
0.005951883865068887,-0.006991264793010313,-0.004920849138467171,-0.006621038817537491,0.35794867906585126,-2.6653622260030545,-0.37227468510410766,3.8062393745585674
0.006048667345748608,-0.006865226353390811,-0.005126343228338564,-0.00646187516948117,0.31732579823827495,-2.6895775299727975,-0.171786112859635,3.8318345067394617
0.006038853739570221,-0.006877967092099758,-0.005106016582478685,-0.006478572343521882,0.3215753181665781,-2.688061630161553,-0.19211649455807736,3.8305511720998453
0.005841263064500782,-0.007173287553103729,-0.0046542930054496,-0.00684766633167577,0.4138369702140108,-2.6232635780727223,-0.6411107030916757,3.7731630332515924
0.005814633814856981,-0.007213090833301337,-0.004589159110330991,-0.006892116349461949,0.4248635902659406,-2.6064908093469588,-0.700490376475246,3.754020401473333
0.005823320974216736,-0.007199773156857887,-0.004610692975332082,-0.0068772192048198455,0.4213083150213954,-2.612078976349211,-0.6807899821667326,3.7602916670942648
0.0058321860671124055,-0.007186461402325018,-0.004632408108100936,-0.00686232331338424,0.4175808011540986,-2.6176447918459846,-0.660957394040576,3.7666147220975854
0.0058608752707536415,-0.007120196886722452,-0.004713471842120099,-0.006774959379649686,0.39629134864581994,-2.627051378642457,-0.5693637936029842,3.7645729611816123
0.005851964716227221,-0.007132823902771759,-0.004692621276361993,-0.0067892911532653364,0.39981201523139326,-2.622220660109848,-0.5884070859310735,3.758959734674472
0.0058433982122600295,-0.0071454335164896216,-0.004672252381811576,-0.006803706643141542,0.40330357106904663,-2.6175285719107584,-0.6072443984625798,3.7537010508982713
0.0058339139963847104,-0.0071578723230066215,-0.004650385106785387,-0.0068170359790885445,0.40656133303963454,-2.6116911843769284,-0.6262520213059463,3.74631079941031
0.005736797506241737,-0.0073875099048583345,-0.0043540854325435025,-0.0071052090556351635,0.4774478938254633,-2.5512649575819863,-0.946643711192363,3.716398274730261
0.00572087781939768,-0.007386987517809781,-0.004329534477226502,-0.007090120014002446,0.46889116042326145,-2.536913659800956,-0.9451006993403969,3.685371319920659
0.0057286111419663464,-0.007400916079949334,-0.004331760916989387,-0.007118841303736557,0.47960124509558705,-2.543536801970975,-0.9656866582487558,3.7072035071370464
0.005778358980093877,-0.007320868219171371,-0.004465140475960629,-0.007035948579565768,0.4615150073393877,-2.588336470381184,-0.8500251322277035,3.7591495044997134
0.005786796627480342,-0.007307618648521541,-0.0044872450156255555,-0.007021871984906396,0.45703115243838727,-2.5953831203061815,-0.8304097901891138,3.767260633952247
0.005770675392473307,-0.007306785897385994,-0.004461914676230755,-0.0070067928723533965,0.4497774423132563,-2.580585729847536,-0.8300983024330099,3.736007493093782
0.0057791956674567565,-0.007293514484830104,-0.004483933629088033,-0.006992731188548676,0.4465986218160009,-2.5873557765020947,-0.8107568692635946,3.7439328970084547
0.0057450259565670235,-0.007374129498678275,-0.004376363194166564,-0.007091509121710481,0.4753284762097216,-2.558848867827007,-0.9275387173626503,3.7253569315051274
0.005729098507125128,-0.007373593631140239,-0.00435172085540918,-0.007076480973973541,0.4655788715010957,-2.5445936146938366,-0.9261660761938516,3.6943090421837685
0.005753296411412851,-0.007360774994305904,-0.004398596584360777,-0.0070777400560410085,0.47331967611545167,-2.566329172010329,-0.9083533893583965,3.734085648016261
0.005737326715269705,-0.007360225164082675,-0.004373813856232215,-0.007062743921877134,0.4621518597036633,-2.552109769976125,-0.9071352165885477,3.7030175104482406
0.005769963005986637,-0.007334144221965789,-0.0044429823668312085,-0.007049961702821549,0.46658774720680035,-2.581097827399406,-0.8695953788612399,3.7509351028633815
0.0057622196926769296,-0.007320114103190379,-0.004439868585708154,-0.007020848778642472,0.4526022834440053,-2.5736795517595676,-0.8494220237203983,3.7279416436753405
0.005761608788737447,-0.007347446524517867,-0.00442079898953975,-0.007063893460533621,0.4706237424811119,-2.573744621653673,-0.8890472152028721,3.742598046925122
0.005745570897928207,-0.007346858535101658,-0.0043958410401084965,-0.0070488813910363915,0.45871600998539375,-2.5594575583923285,-0.8879867540558511,3.7114964034110076
0.005753857035002394,-0.007333482769857509,-0.004417845860907277,-0.0070348989793478115,0.45550329896162606,-2.566642417149591,-0.8687332033623733,3.719783995274518
-0.005618465515670955,-0.007591233601480753,0.004014575630672339,-0.007302412876931747,0.5164803916407408,-2.41941137950583,1.2245642912362966,3.560238376845321
-0.005610092761397542,-0.007577567170906393,0.00401403262334454,-0.007274190242987726,0.507405642394279,-2.4145550996191045,1.2023040566549754,3.5423757272746372
-0.005610919877832094,-0.007605010296224523,0.00399159140315496,-0.007315001581112475,0.5199311299846101,-2.409443916225562,1.2424261526122127,3.5484853125521334
-0.005602469777242466,-0.007591336575207895,0.0039911724888042075,-0.007286739800847159,0.5096351658561876,-2.404814480207165,1.2199512121574745,3.5308593981151257
-0.005603417561025714,-0.007618810621285468,0.003968563870279414,-0.0073275202072055,0.5237810944086059,-2.399299428009323,1.2602135646543002,3.5366408727454584
-0.005594912225350649,-0.007605165061303311,0.003968274184874339,-0.007299286237885527,0.5115520299166193,-2.3949508750572472,1.2375653995711617,3.5192161056931215
-0.0055959586381203,-0.007632634442496725,0.003945522601408687,-0.007339952691903768,0.5261624027645713,-2.3890642571313103,1.2778567141696777,3.524671980179731
-0.005587439202155459,-0.007619033161238071,0.003945377430303729,-0.007311822659014624,0.5136046064161978,-2.3849674845407183,1.2551487785526911,3.5074866232522255
-0.0055885431814808,-0.007646481625663305,0.0039224630301897415,-0.007352301590793471,0.5273114433273548,-2.3787665647411047,1.2953535834319962,3.5125225975435
-0.005580022194310682,-0.007632903942324138,0.003922474286949422,-0.007324272614585761,0.5159938290429152,-2.374858987843066,1.2726304758363167,3.495629266435427
-0.005753296411412851,-0.007360774994305903,0.004398627290137886,-0.007077720797261658,0.47122932298498593,-2.567063300078956,0.9081339159835412,3.733659328364222
-0.005745025956567024,-0.007374129498678272,0.004376372653091578,-0.007091503219512401,0.4745006259407149,-2.5595692710314966,0.9273737994192194,3.724903201189908
-0.005737333305943205,-0.007360113474081956,0.004373896995118978,-0.007062582670974278,0.462637125527456,-2.5518055130960478,0.9070459289037144,3.7031977850981
-0.005761608788737447,-0.007347446524517867,0.0044208463663259175,-0.007063863729080517,0.4676283541292902,-2.574441482739008,0.888798952814721,3.7422440122220313
-0.005745635897275231,-0.007346729056318315,0.004396020405797007,-0.007048741602196336,0.4595507351445321,-2.559190216291158,0.8879116180005359,3.7117694481791657
-0.00575398514417001,-0.007333384879741722,0.004418098052480488,-0.007034857224584824,0.4564210461250852,-2.5664186146243906,0.8687370877822488,3.720174687532889
-0.00576996300598664,-0.007334144221965788,0.004443015717041986,-0.007049940843048841,0.4644003319640399,-2.5816721675645518,0.8694060647278881,3.750663919906094
-0.005762367828588274,-0.007320081689032796,0.004440110223975242,-0.007020919359271119,0.4531063010224506,-2.573486911853476,0.8495124655622345,3.7283884228380386
-0.00577835898009388,-0.0073208682191713715,0.0044651302674560845,-0.007035955342748329,0.4617725067235268,-2.5887508562791997,0.8499682383450285,3.7588925877406774
-0.0057707756179265915,-0.00730679691894773,0.004462058992337676,-0.007006887242939405,0.4496462540630261,-2.5803925918263144,0.8302010160429535,3.73638723560726
-0.005762808534969095,-0.007292536276064737,0.004458657659106979,-0.0069779736984509335,0.4450327982384122,-2.5689388978799546,0.8166112092971786,3.7105412965576643
-0.005771206052338878,-0.007279155625461911,0.004480349226587369,-0.00696360743157378,0.4417257231544243,-2.575420769201355,0.7973717949244339,3.717916413663726
-0.0057797078670237525,-0.007265760523108845,0.004502117090088947,-0.006949159458176854,0.4383332905025031,-2.581810085898948,0.7780036926597821,3.725199132269054
-0.00578831655364963,-0.007252394120593396,0.004523939223194786,-0.006934698840813686,0.4348809907106938,-2.5881169650444735,0.758554587874081,3.7324234069825173
-0.005797040519136929,-0.007239087626829981,0.004545812448998346,-0.006920280742848769,0.43137518614899567,-2.5943570217013927,0.7390555293786952,3.739629831536558
-0.005814798650056065,-0.00721281038669547,0.004589579058014124,-0.006891791319123664,0.42451105375809123,-2.606642475865726,0.7000862894809128,3.7540525217054417
-0.0058058940695937915,-0.007225893867977596,0.004567732565046907,-0.006906000073405301,0.4278891111132748,-2.600559091651411,0.7195571718493176,3.7468895263457327
-0.005823603760911167,-0.007199705116883829,0.004611184499911635,-0.006877325856475334,0.42115639155515255,-2.612413574993861,0.6805665527456665,3.760720880832384
-0.00585905201501288,-0.007147121946019409,0.004697079920787915,-0.006817941770641996,0.4065772914293397,-2.6336194050539947,0.6016282974679638,3.784774156469291
-0.005832314981830479,-0.00718648795089672,0.004632602213638619,-0.006862463924072144,0.41764564611635174,-2.6178486643194607,0.6609081213671919,3.766826721346455
-0.005850041820091088,-0.007160134075512315,0.00467558451721702,-0.006832672827583355,0.41024681368624555,-2.6284331207279092,0.6213753161291344,3.7788040883007663
-0.005841103303636248,-0.0071732557118693524,0.004654051153868681,-0.006847493129950226,0.4139622060995712,-2.623149784981749,0.6411460977019846,3.7727722807282427
-0.006146023620973888,-0.0066989043158158755,0.005326556733894937,-0.006219056266239558,0.26007450587960385,-2.6665667306034275,-0.05981796472173282,3.775179202636586
-0.0061352834769241955,-0.006711739479765261,0.00530628968226103,-0.006236923307984429,0.2645301997029688,-2.6668816805480073,-0.03933117598440045,3.7760718976614176
-0.006125518028079641,-0.006724342756857156,0.005287623677533163,-0.006254665296893842,0.2688035763299243,-2.66757518831395,-0.01994090172847587,3.7778201369771796
-0.006118876454743833,-0.006738278960909146,0.005274055089320048,-0.006275984690438765,0.2737056419606322,-2.671338640899401,-0.002443760255819569,3.785745552184814
-0.006105875803764795,-0.006747986835955852,0.00524997579518053,-0.006287019286821619,0.2769160397590594,-2.667269847236163,0.017847428149852126,3.7782965384963307
-0.006094627355426035,-0.006759324345926421,0.005228608442387564,-0.006301524240628313,0.28086518635916374,-2.6654026469884684,0.03768345297440059,3.775320384793684
-0.005942080862547415,-0.007032080061448142,0.0048883550500312895,-0.006683763415830647,0.3726431212265719,-2.6736911959916223,0.42275298225681684,3.830975813748687
-0.005932439842011284,-0.007044555825748325,0.004866932641234902,-0.006698442429993839,0.3762813438104511,-2.6695247151909522,0.44277834147458933,3.8259256494957383
-0.005922809623975466,-0.0070571231974652345,0.004845398064263927,-0.006713138215567022,0.38027798410790853,-2.665202409027371,0.4628115012711877,3.8207014784044984
-0.005935862673719682,-0.007017566758184047,0.0048836824950226135,-0.006655207913699726,0.3664490988988072,-2.661634213697434,0.41107652176387616,3.804740220315417
-0.00594456498973227,-0.0070045974988874925,0.004903426943017788,-0.006638933156955546,0.3623431189467468,-2.664324102457543,0.39140816943856804,3.807075458921068
-0.005971942287305268,-0.0069658393494591055,0.004964062501256369,-0.006590378564900146,0.35014855249683713,-2.672427394083114,0.33163326325889514,3.8147550286023493
-0.005962718114968852,-0.0069785422001671414,0.004943875920573908,-0.006606267434294616,0.3541411930045956,-2.669741636800453,0.35141223727531995,3.812079816825053
-0.005953587223402323,-0.00699151262857571,0.004923638670860022,-0.006622535918532429,0.3582355909330776,-2.6670597862658654,0.3713924892957092,3.8095670089417015
-0.005964779822105206,-0.006950802548528277,0.004957086573695333,-0.006560502593083603,0.3440983981930807,-2.658661996860714,0.32167539216087876,3.785870655652254
-0.006063345798672746,-0.006823781400206987,0.005161718391139565,-0.006397849871874931,0.30288533911641763,-2.6784166975708583,0.12131171457073124,3.8056729558066986
-0.006073814125840979,-0.006812448140510463,0.005182323260999906,-0.0063835112344990735,0.29911780741329524,-2.680546013215107,0.1019489810358317,3.8086942503552295
-0.006084401163476281,-0.006772434929529453,0.0052085971741718555,-0.006319422526840702,0.2852841179791334,-2.6652280148356478,0.05801628359071966,3.7758538185493493
-0.006076074244671468,-0.006786213352725734,0.005191602479029698,-0.006339247182036457,0.28994864944831095,-2.666781090593366,0.07721795905232066,3.7798875798557403
-0.0060696783925503674,-0.0067983050818864865,0.005178135069558329,-0.0063570061080230585,0.294077198562227,-2.668732782320771,0.09332885406676028,3.7846553328831822
-0.006052648557888117,-0.006835835508353068,0.00514046406133508,-0.006413176178038078,0.3069069176332282,-2.6762979685326385,0.14153126032394422,3.8028562177969136
-0.005973236844637832,-0.006937939646586184,0.004975719196164499,-0.006543760881588138,0.339988876457526,-2.660238119852687,0.3025820882376942,3.786604028261269
-0.006041149281084463,-0.00684783039910707,0.005117751760587444,-0.006427832874265707,0.3108116555468748,-2.6732626179979793,0.162309164060672,3.798377783833525
-0.006030744552479269,-0.0068609845205494895,0.005096530146834381,-0.006444908415162399,0.31516836169705525,-2.6715879103837135,0.18318527870897497,3.7967608214221116
-0.005982119515427449,-0.0069248273110556514,0.00499503553743942,-0.006526726565120115,0.3357817732295237,-2.661879162107794,0.282947349944976,3.787516813475753
-0.005991563120305194,-0.0069118230810019075,0.005015150919121337,-0.006510073245055924,0.3316247026997344,-2.663870980496867,0.2630000545443489,3.789216225047427
-0.0060208740233028924,-0.006873882362195073,0.005076173361185036,-0.006461685954352239,0.31939701076602883,-2.6700106493683116,0.2033821103752547,3.795412888417814
-0.0060111115069034216,-0.006886512705048428,0.005055960092206148,-0.006477927285852358,0.3235025844704489,-2.668171562113363,0.22324044191078965,3.7936360901493003
-0.00600130846746327,-0.006899082296327984,0.00503558586988835,-0.006493906178062847,0.3275466912586818,-2.6660557241525686,0.2430672011362673,3.791427303835276
-0.005913571969552778,-0.007070029520212064,0.004824275924291354,-0.006728524999574247,0.384394343081185,-2.6612081475620424,0.48289318290684496,3.8162573323832034
-0.005904475980124637,-0.007082889737860194,0.004803305931000375,-0.006743791888077223,0.3882070178393151,-2.6571263730556027,0.5028043260607261,3.811735088767398
-0.005895356486785901,-0.00709565638867711,0.0047822365376464756,-0.0067587468697037694,0.3918588473454303,-2.6527742327287815,0.5225974939442829,3.806783564332753
-0.005886227727942756,-0.007108434625208507,0.004761048392848976,-0.006773574181448974,0.39553839163186805,-2.6482093952215795,0.5423629769738149,3.8015338952009334
-0.005877131858268291,-0.007121274369437232,0.004739788642980872,-0.006788385620138406,0.39924282700285807,-2.643494196125765,0.5621283807859516,3.796114161660847
-0.005868078086574433,-0.007134172099499833,0.004718473074768932,-0.006803181893496035,0.4029256593124017,-2.638636803280372,0.5818822345003384,3.7905388761248173
-0.0056881941289917935,-0.007440896328616982,0.0042399958228560375,-0.007143892814249888,0.48013963798649417,-2.5045022869738744,1.0200441570511234,3.647779885475305
-0.005704305373048565,-0.007441287888022461,0.004264426494133284,-0.00715937965040479,0.4897544279716039,-2.519669035379363,1.022568811995354,3.677860711318789
-0.005736797506241736,-0.007387509904858334,0.004354093801618135,-0.0071052039933910795,0.47659713186656677,-2.5519810806265855,0.9464916547348805,3.7159242282392655
-0.0057290752746818425,-0.007373520411199937,0.004351735009403544,-0.007076352933877606,0.46587924597450536,-2.5442664892776388,0.9261162102935571,3.6944599297709177
-0.0057286111419663464,-0.007400916079949333,0.004331778850051028,-0.007118830464928669,0.4779312863114174,-2.5442644230102878,0.9655173890997947,3.706678135530637
-0.00572083564501133,-0.007386931453957648,0.004329508903267595,-0.007090002675573103,0.4693172252994781,-2.536573195103799,0.9450768004616953,3.685512477023353
-0.005720466944757862,-0.007414347890939332,0.00430939659228232,-0.007132401626103663,0.48046994405897386,-2.5363300780579503,0.9845298800141976,3.697200317759618
-0.005712595578324937,-0.007400348539601173,0.00430719293510095,-0.007103516744602168,0.47258418110557304,-2.528732315614032,0.9638998214044446,3.6763137840699502
-0.005712364995121045,-0.0074278052047061765,0.004286938527930261,-0.007145922448909557,0.48479337647265225,-2.528120291178536,1.0035621157895653,3.6875750197027757
-0.005704380953077095,-0.0074138039998418405,0.004284804070633214,-0.007116962702930429,0.47534329260353964,-2.5207645579701783,0.9826297715169138,3.666907967652327
-0.0056962383924901,-0.00742732342352169,0.004262390802196522,-0.007130418243846485,0.4777475213899773,-2.5126887369111284,1.0013379782406142,3.6573823131331396
-0.005601515946631344,-0.007563695771862541,0.004013518565500851,-0.00724619264357746,0.5014476548900478,-2.406642803585506,1.1851867733064019,3.520994893221912
-0.00560921544164146,-0.007550027557800559,0.004036124304451952,-0.007233661704862992,0.4991538876918972,-2.4160889194057678,1.1676741218306745,3.532166345706537
-0.005616913065181402,-0.0075363327268980216,0.0040586694916854476,-0.007220945400206325,0.49680380424782716,-2.4253641793060354,1.1500110056141997,3.5430820774843537
-0.0056245940053959165,-0.007522595781045811,0.004081141616834026,-0.007208007512731805,0.4943552946715308,-2.434448566493756,1.1321835365878818,3.553698855811422
-0.005671766793121399,-0.007440433383504042,0.004215566987719348,-0.007128718079635876,0.4784184871338328,-2.486328520940973,1.0231599402832912,3.614215758988506
-0.005632275268639006,-0.007508829363305197,0.004103551630846212,-0.007194882400392954,0.4917648561678112,-2.443355410896913,1.1142116187314868,3.5640478164806297
-0.00564007313504643,-0.00749508920401776,0.004126024670636885,-0.007181758584505247,0.4890782162841836,-2.4522044173408637,1.0961569616614468,3.5743765172152027
-0.005648025816423986,-0.007481418742240869,0.0041485865913962775,-0.007168734104818125,0.48641695769051946,-2.4610379913337055,1.0780605989495735,3.584780986960883
-0.005663936784779975,-0.007454142604902364,0.00419341734307229,-0.007142348376390537,0.4812160275349205,-2.4781739242617022,1.0416069613667418,3.6048567691072955
-0.005656025757876924,-0.00746779449133769,0.004171099996643345,-0.007155675019649571,0.4838323478167397,-2.4697440475693715,1.0598997139987363,3.595042730749256
0.008599822812904485,-0.004893609924354107,-0.007656793773177761,-0.0020882628236854332,-0.031313452315229036,-0.7252388340751886,2.2284124458901737,1.3779824113931216
0.008557859848076164,-0.004882998899046568,-0.00761311896736961,-0.002132632757915406,-0.0360423253930428,-0.7641731703093205,2.197811674775981,1.4102683549359745
0.00851288216766948,-0.004878309189162324,-0.007572566403508954,-0.0021842025842071264,-0.04128467193920829,-0.8053085851118116,2.169583538277489,1.4470754325355815
0.008435551809585036,-0.004917951136729775,-0.007549416924078412,-0.0023103078491410437,-0.054000151937635334,-0.8787394240144132,2.156827492501406,1.5333005710372885
0.008465854011339839,-0.004887918645302876,-0.007544078301331816,-0.0022488657368053624,-0.047685954370942085,-0.8487178226051102,2.150685380596285,1.4920294195495036
0.008392062045036437,-0.004907949028636837,-0.007502043141012312,-0.0023532214688815143,-0.0573363856021224,-0.9164955718734459,2.1228251985635107,1.5642734908918443
0.00835058905465575,-0.004901716405649271,-0.007459666192100604,-0.0023958413585206642,-0.060660101224520487,-0.9520427059930513,2.092367288136799,1.594757912949346
0.009075095829704245,-0.004672974121534749,-0.007723680867760472,-0.0013263775151843048,0.06496187844813704,-0.2737631140236261,2.245528483397088,0.8576452036671521
0.009170768634702932,-0.004681113283436499,-0.007777608488457938,-0.0012005269875490334,0.08508792945668651,-0.1791405790601517,2.2784719880306255,0.7701325479578256
0.009122042979673938,-0.004674657839607814,-0.007748251386482211,-0.001263941944959825,0.07464392451377343,-0.22775256302988592,2.2603132800844246,0.814197298122081
0.009258172200281547,-0.004651866023303882,-0.0077835010931773035,-0.0010678773089215223,0.1041920670472933,-0.09607910125844481,2.276356181682783,0.679137161369402
0.009209332421620229,-0.004640994120602717,-0.007751748990243956,-0.0011302912892075352,0.09332276940414379,-0.1455933239539097,2.256596012503635,0.7224581455930684
0.009479483935632476,-0.004530438839368771,-0.0077297925270200995,-7.232333403238738E-4,0.14939431479725043,0.10347924272720892,2.219906056482141,0.44169536468092657
0.009296399333574323,-0.0046116283720555205,-0.007755553223634823,-9.9973463358903E-4,0.11206895736396529,-0.06372821291724644,2.252946748940388,0.6327278624224593
0.009402640396701413,-0.004536007322964277,-0.007712853301575921,-8.291026784742531E-4,0.13278707166330594,0.029547185812367958,2.2134239914238427,0.5147935052340403
0.009340878595943925,-0.004574780740769177,-0.0077328725851948,-9.257131784455474E-4,0.1209023042380347,-0.025117066171039076,2.232967705016715,0.5817975060277338
0.009522196626927722,-0.004469178054912059,-0.007677293608184129,-6.494700080887776E-4,0.15501620455347134,0.13435101662371582,2.1776518121935715,0.3896539212632591
0.008661964682332653,-0.004866854126184241,-0.007675130092554733,-0.0019890734241989876,-0.019929116618053206,-0.6656281331956898,2.237984517974884,1.3100052970912908
0.00862318927738242,-0.004855433818405482,-0.007634425010871917,-0.002029854185575542,-0.024614943811187177,-0.7020352322515242,2.2096374943949146,1.339706282994982
0.008690027579890534,-0.004839588282478149,-0.00766665407878086,-0.0019334258938104212,-0.013247029143473072,-0.6385814974202174,2.229566426770097,1.272831559834776
0.008729629433937278,-0.00482310553655203,-0.007677097928620609,-0.0018709441124911705,-0.0059022782583018915,-0.6008626839733101,2.2347700226733074,1.2301442034237573
0.008841267862818697,-0.004786552571080172,-0.007712173310887729,-0.0017013085901585732,0.01573182595207284,-0.49429786324981334,2.2533745638193134,1.1135745654587863
0.008750228395983736,-0.004778830964959353,-0.007644740493926727,-0.0018143386422796051,6.420541799051577E-4,-0.5812929669557593,2.2088517771654193,1.1933610431954753
0.008796982414946107,-0.004778828414922598,-0.007675665075881019,-0.0017541923824572825,0.008333447135704908,-0.5369658586823348,2.229007751512263,1.1511441975189012
0.008873978710552224,-0.004749676603143947,-0.007693455703514402,-0.001635517528583802,0.02351631256464731,-0.4638919910023694,2.2370692965711663,1.0696575340926187
0.008948063603385022,-0.004711132950719406,-0.0076963890878743195,-0.0015154974266113604,0.03885331521140478,-0.3942206497078522,2.234105269590751,0.9877975955493236
0.008903940408448816,-0.004716485861437702,-0.0076765489114189,-0.001576476853832517,0.030600301192926272,-0.436292248514177,2.222285659844473,1.0301147936757282
0.009024968900256303,-0.004668212660047917,-0.0076931509293651995,-0.0013906771801754922,0.05506540377279374,-0.3225977830709262,2.226352074537434,0.90256819486957
0.008973270406855537,-0.0046623681278743405,-0.007659463333416982,-0.0014553847330460352,0.04533426014719776,-0.37247521276592105,2.20478354402427,0.9480687103959745
0.00957229381749778,-0.0044099449547825775,-0.007628385162151184,-5.691138231038308E-4,0.1616673441065549,0.17146717234981787,2.1372265770367096,0.33300799531167197
0.01008630422533203,-0.004409731243960804,-0.007674592955189152,1.16803705560681E-4,0.2694061169235456,0.6597042552217484,2.1262884033482377,-0.13857146815671315
0.010191523252518712,-0.004432144075611383,-0.007690469177250984,2.5990185989512325E-4,0.294271958434936,0.7666338375226757,2.1274839199264544,-0.23410401006118176
0.010261326397876122,-0.004429215777198597,-0.007679419724797542,3.534989773452586E-4,0.3076417603498332,0.8304918069050317,2.112347901782624,-0.2969859775026276
0.0101438953724347,-0.004377142328240609,-0.007637994212240839,1.9166745931040313E-4,0.27571073105500443,0.7023840928049361,2.0937411165327187,-0.19158706595221842
0.010369051822144496,-0.0043982390871778465,-0.0076305504791915,4.917095338963516E-4,0.32250435426898566,0.9169836438305164,2.0654856445294154,-0.39236000537549187
0.010430110037352919,-0.004370658898966192,-0.007590463677413828,5.659356687944886E-4,0.32792984227253263,0.9600743588896996,2.0298577160760027,-0.4440650695913558
0.010304363770783358,-0.004364625459357776,-0.007607425630585447,4.012600016924099E-4,0.3040999916275267,0.844842530819523,2.055282347359375,-0.33422560469268053
0.010714195584974958,-0.004269802360925036,-0.007412108804965705,8.922702817233422E-4,0.3515367312341584,1.1528533274463548,1.8700747558934323,-0.6678087449785619
0.01096498483525239,-0.004312305049627787,-0.007351024205539861,0.0012057106831046523,0.3918575844341756,1.3678331159530408,1.7971136210504894,-0.8654084829838292
0.01087539432059285,-0.004267693001952592,-0.007348806041917171,0.001082024169558565,0.37155734686105774,1.276451516120176,1.8066959216289022,-0.7902076226722351
0.010786716503055871,-0.004231477783481674,-0.0073500769425917725,9.643609777549991E-4,0.35285653014938007,1.1901711062984457,1.8178852010771183,-0.7172190246950619
0.011221792771421399,-0.004285283985999565,-0.007194298629599578,0.001478910158528011,0.409701213139464,1.5293740195200993,1.6573112921084976,-1.0362028622987831
0.011129273434778353,-0.004314447254028636,-0.007271254300899566,0.001393653946771552,0.4090092952511471,1.4859771956957404,1.721109050832543,-0.9825502498662093
0.011047627105248684,-0.0042568951427752535,-0.007260826140454635,0.0012732976058644166,0.38787257143538484,1.3953898493991128,1.7249114246707642,-0.9118129812718304
0.010567633036747386,-0.004315758963432501,-0.007502041187130193,7.2722875217842E-4,0.3399603505777575,1.0542315558784037,1.9508049443484938,-0.5552677825159479
0.010478364529195983,-0.004309767939117103,-0.007519112021005081,6.137967621620456E-4,0.3243500117845756,0.9757633977518091,1.9727082469858515,-0.48070559518301686
0.010631770252459852,-0.004249481470495283,-0.007419428287704242,7.866228099435219E-4,0.3355067916535333,1.0769312963846838,1.8841064707859128,-0.6003049779905383
0.009799077753953256,-0.004440075595255493,-0.007696659231986981,-2.7152637570751346E-4,0.21232799542999345,0.3948990717004021,2.168875070558661,0.12815904923076124
0.009855403793052891,-0.004448807690703973,-0.007710912850769956,-1.959896908210557E-4,0.2256619913232054,0.4512683437589146,2.1744037924023947,0.07690042186401243
0.009772182620306605,-0.0043929246193208284,-0.007645114819771895,-3.0221768219224114E-4,0.20190201317925452,0.35740104924686805,2.13288346605327,0.14769455000829176
0.010032668948230707,-0.004373792297047935,-0.007639292669109071,4.433270511341266E-5,0.252880642403906,0.5978551553725898,2.1052752402960873,-0.09147236736582441
0.009906582725714461,-0.004408723384949677,-0.007672744107686418,-1.2434847930772161E-4,0.23167612203682478,0.48932500686139174,2.1416606661497117,0.02576354972883552
0.009973252960669683,-0.004379274940419712,-0.007644826039729563,-3.4400407474664215E-5,0.24168961683203485,0.5439317836050518,2.114861181325048,-0.03744942894685999
0.00974376978396585,-0.004360717169971081,-0.007608815681620191,-3.3556989085574895E-4,0.19253193483439754,0.32355627126799563,2.108331022563388,0.16914492013658666
0.009688219507979936,-0.004349002424756324,-0.007588867124264552,-4.061491338854567E-4,0.18019658371217775,0.2689004925983502,2.0979794446291304,0.21789902820580256
0.009620208782905385,-0.0043435439623833744,-0.00757133505683679,-4.930136220902235E-4,0.16636897074236315,0.20415968220308942,2.0904897446277846,0.2786587987816422
0.00959596398540962,0.004450230294842186,-0.007674813268679503,5.46464552446628E-4,0.16954043034216035,0.20173734144474947,-2.1698038177549765,0.3178679444463009
0.010312962824987466,0.004307285225972694,-0.0075487717458905595,-4.035982601606486E-4,0.2954418788320568,0.8301687149566465,-2.0114441258504816,-0.3399033168527548
0.010232890347873324,0.004243268648281061,-0.007496432958609404,-2.9395000058556926E-4,0.2708020094878849,0.736225489649661,-1.9805926406398278,-0.26989965041176106
0.009667893048895485,0.0044289314863951434,-0.007666760105677594,4.462559946130415E-4,0.18304638678796273,0.2664119918980535,-2.1578255233361734,0.24794055295869324
0.01012273954603301,0.004322054691230354,-0.0075836977437048975,-1.6040716500815696E-4,0.26313576309084735,0.664090872348881,-2.055644635283905,-0.17362980643840256
0.010167164324081938,0.004264236874577736,-0.007523239800025767,-2.133018321865098E-4,0.2625661724867352,0.6853080337463575,-2.0067421182650746,-0.21357342458998035
0.010174487703765295,0.004200125118984797,-0.0074602522330641605,-2.172504319110989E-4,0.25453062762391676,0.670285968308272,-1.9591677788717228,-0.21965159303627219
0.010042130500998279,0.00432047091079954,-0.007585278538426075,-5.5890325831513194E-5,0.24723480491940206,0.5900858612692536,-2.0642194082877876,-0.10250407434270892
0.009972484659916984,0.004343081982460047,-0.007608089085701194,3.486753854356102E-5,0.23716046316602601,0.5325383801654283,-2.08769414760302,-0.03895144986342705
0.009748800805765614,0.004424686225667474,-0.0076747700539373815,3.3737874483805467E-4,0.19983823002241788,0.3428292374190121,-2.157000410402132,0.1726831507216799
0.009902687363502579,0.004384582212460336,-0.007647818243517512,1.2826445991656718E-4,0.227614867270469,0.4789254704249091,-2.1234883078138207,0.027216204324060057
0.009822213561566954,0.004388571941862794,-0.007646026160931368,2.3538998953845285E-4,0.21164040377181279,0.40397904046985084,-2.129236945580399,0.10103029249505692
0.010503677177786616,0.004317847051894612,-0.0075209642648655555,-6.475956067373817E-4,0.32999708272867984,1.00092221652664,-1.9712885535006965,-0.5025699762661199
0.010453334636254627,0.0042676668403460035,-0.007483666045438303,-5.729664916815227E-4,0.31199156629458247,0.9363805321202816,-1.9493680176447197,-0.45678453523472384
0.01057946133842711,0.004289039461068993,-0.007472770864288994,-7.343700792766762E-4,0.3361277733459355,1.0519690660402574,-1.928281090790646,-0.562416871509726
0.010839702260049988,0.0042981605811712635,-0.007392056689195994,-0.001052542223547488,0.3742585744679681,1.2654765165045812,-1.8413288789889715,-0.7689852933279876
0.011014996125540041,0.004293530471358254,-0.007310057342643295,-0.001254359167042177,0.39278078780964365,1.3933338961726813,-1.7625066141826657,-0.8973025919748733
0.010928155851526494,0.004267543837742455,-0.007326100743651657,-0.0011429810367671114,0.3775391614301165,1.3155904718173919,-1.7844949887016173,-0.8290804600766463
0.01109640530617175,0.004230332420344799,-0.007212782381908882,-0.001313784642635169,0.38668933126002925,1.4136206920296313,-1.6862317515587306,-0.938900470925195
0.010660008518644773,0.0042629224293271204,-0.007423510963559429,-8.247590615709891E-4,0.3425795123108381,1.1057307837735264,-1.8841819576445822,-0.6238776125619744
0.010754570315041675,0.004251219932691154,-0.007380340383271455,-9.338458805675223E-4,0.352808863594325,1.175104163141108,-1.8429511699832961,-0.695941012486341
0.010376542981812498,0.004247862971836729,-0.007479796889941937,-4.7371171482902505E-4,0.2960314095464047,0.8624708454339266,-1.9544212832850547,-0.39128332275702055
0.007854394715573362,-0.005298670615986727,-0.007337684078332394,-0.0033442787297251206,-0.12129270066316164,-1.453044167410461,2.0228600747618866,2.247252307428496
0.00789430524802695,-0.0052679509768017874,-0.007355131838638701,-0.003267779838016531,-0.11897182833700835,-1.411568294256963,2.035250912790769,2.193461968478522
0.00787147523017528,-0.005275074351288501,-0.0073350638419918245,-0.0032990641233764466,-0.11901837120861611,-1.432005294859686,2.019873441802933,2.215292485630901
0.007803187388535767,-0.005298774508637832,-0.007275612763148707,-0.0033941328064036173,-0.11900384873140457,-1.4928679177220046,1.9738617393340516,2.281233990912343
0.007824040160987457,-0.005283318045558806,-0.007286157697111294,-0.0033553691446763065,-0.11844088937026863,-1.4716958941671352,1.9817190177674575,2.254086127786979
0.007777616657955492,-0.00530050739289939,-0.007245925676703259,-0.0034203964206584686,-0.11809252878599756,-1.5127317500634447,1.9503560706278626,2.298985075972601
0.007904459474926151,-0.005235805094157461,-0.007335521991723834,-0.003219935390537276,-0.11528869189641289,-1.3939219995855743,2.018563765124192,2.1598189989073617
0.00790532443040049,-0.0052024791056103584,-0.007304255264880854,-0.003180586878543309,-0.1114859257494206,-1.3834175898750454,1.9929845419426582,2.1321848674336277
0.007927412523692615,-0.005177998165126126,-0.007305878658226955,-0.0031306703671524277,-0.10895126323030878,-1.3590417008795905,1.993319694730406,2.097565564013364
0.007941840588677885,-0.005137777823903196,-0.007283610959096554,-0.0030712231431246633,-0.10458556485821406,-1.3363443235488794,1.9748996285919567,2.05637480549781
0.007979664826189923,-0.005136081372961736,-0.00732369212856965,-0.0030311885213396114,-0.10437673141204706,-1.3063522642854606,2.0052933416982497,2.0290400441518357
0.007747578869745446,-0.00530896770309182,-0.007216766386012039,-0.0034586785126531007,-0.11719424158916746,-1.537852109769563,1.927368385382058,2.3249881172897564
0.00759458697490988,-0.005369619697989182,-0.007076753062922937,-0.003669094081877606,-0.1119857884802088,-1.6669668609863388,1.8152637834019478,2.4664679385430492
0.007621062757773395,-0.005353133757129168,-0.007096611440306312,-0.003625698791786026,-0.1128308983040935,-1.6426905752488044,1.831435503403428,2.4369557281205227
0.007716055061346903,-0.005323756023673368,-0.007191126680065032,-0.0035057528356958224,-0.11696895029070763,-1.5660311161447054,1.9071710150425008,2.357166596058185
0.00768676989986587,-0.005334202110604938,-0.007163729842326896,-0.003544999443335347,-0.11598774350840715,-1.5905777138503416,1.8853907778909327,2.383548879776202
0.00765442925031957,-0.005332846747301832,-0.0071213686841445755,-0.0035713644700442024,-0.113793075993028,-1.6121220999148547,1.8514152920065252,2.399978088023873
0.008047229776087104,-0.00508848348470062,-0.00735029729758481,-0.002910141554098054,-0.09803220589915544,-1.2403296360308007,2.0232207042497077,1.9459327927253696
0.00800433546688931,-0.005101267795828254,-0.007316969661343797,-0.0029681743464496303,-0.10018287130833668,-1.2777683390496286,1.9987565977903812,1.9858115758560915
0.008299069487314145,-0.004903502925704896,-0.007415621398542003,-0.002455842656962605,-0.06519370541004699,-0.9962621562368433,2.0610402437792033,1.6366159929415645
0.00826709208273508,-0.004921003938038654,-0.007403689700911731,-0.002507444055060903,-0.06906117217904265,-1.0259242360733725,2.0535129639975422,1.6718091900078602
0.00822740079104706,-0.004922056736319562,-0.0073679811726904965,-0.002552068326839704,-0.07212070307727181,-1.0591568997501104,2.0277593014415953,1.7029754747624184
0.00806201394485302,-0.005048379639724042,-0.007327011554944675,-0.0028528090086627354,-0.09303092959703442,-1.2191101082080051,2.003930803042346,1.9071666997445575
0.008173032876348844,-0.004999237930444209,-0.007391121151116425,-0.0026850462752969323,-0.0832268167369737,-1.1183325267664415,2.0489031106665245,1.7923216563826883
0.008117524481594847,-0.005000324828547753,-0.007337303531490738,-0.0027456681586121834,-0.08619392619989676,-1.1638107845946466,2.009429105668069,1.834266800683386
0.008078809438554406,-0.005014326512501244,-0.007311676908104819,-0.002800396458815801,-0.08882972778759617,-1.1977464305300038,1.99110097600528,1.8715782469225295
0.00818382548377434,-0.004937112535244354,-0.0073413635889661285,-0.0026133813942540263,-0.07613583525609673,-1.0975081935600028,2.009193119327358,1.7448858999846955
0.006450834999985629,-0.006417680197921952,-0.005859710337739775,-0.005805468717138687,0.15237902458778108,-2.6386797669134485,0.5813649863649561,3.756435795492607
0.0064617602811051405,-0.006406656769534811,-0.005877327073504386,-0.005787181135157592,0.14806398885527305,-2.634257736381155,0.6000151966950545,3.7505792451925744
0.006472738110122482,-0.006395376541464726,-0.005894862454817026,-0.005768323633574587,0.14370868352057853,-2.6294558857708643,0.6187360069550899,3.7441038115163248
0.006435056137797623,-0.006412818921327914,-0.005830609603092716,-0.005794454718328138,0.1529408119100414,-2.6273650656818623,0.5621621480575246,3.7315362833764643
0.00641143508600603,-0.0064331749518200185,-0.005791708195055741,-0.00582701639538384,0.16113051380791857,-2.6330355406167416,0.5234324956751998,3.7373390067798415
0.0064233906894092365,-0.006422735968505268,-0.0058114255972192335,-0.0058103601301774934,0.15695153744208137,-2.630153573833987,0.5431014165863838,3.734328792915178
0.006399665904959029,-0.006444066058263715,-0.005772281947621556,-0.005844372466466055,0.1654072684922929,-2.6361726718642284,0.5037741681736514,3.7409716430407234
0.006388156896221182,-0.006455229355233724,-0.005753240798411072,-0.005862126443286647,0.16972659089076125,-2.639458854072196,0.48427436674577823,3.7450361545003035
0.006343935717752725,-0.006501197635440426,-0.005679244990952223,-0.005934576496672073,0.18716236194194139,-2.652636163054284,0.4072712682400221,3.7626564510123814
0.006354866774778752,-0.00648955441275886,-0.0056976931052025,-0.005916355043958745,0.18277531183827597,-2.649448465556095,0.42654988632937213,3.7582863074442336
0.006376889371521748,-0.006466561208836274,-0.005734531007662558,-0.00588009743789587,0.17406477344455126,-2.642806423865004,0.4649409604744797,3.7493594279092544
0.006365817486630111,-0.006478009811722922,-0.005716060886796868,-0.005898189879267505,0.1784137280003603,-2.646154178953733,0.4457295014393779,3.7538148186675806
0.006332899789133965,-0.006513003422967182,-0.005660497336578565,-0.005952937069714211,0.19160618472831115,-2.6556948906346616,0.38770710070572817,3.7668651313553823
0.006162253109404364,-0.006701446690411652,-0.005354647408798985,-0.006230185310185246,0.2607323867063751,-2.680438208742854,0.07427681606993324,3.802662584710261
0.006152279155771743,-0.006713768439442268,-0.005335717631451454,-0.0062476394510691995,0.26507560462623764,-2.6811365767765243,0.05469900396667462,3.8042294673862926
0.0061424259428130385,-0.0067262714124306155,-0.005316854560307965,-0.006265337232541191,0.2694536643161272,-2.6818440019037637,0.03505965717569767,3.8059355998084814
0.006205878997761305,-0.006623298237091323,-0.005437330719133405,-0.006109798863295303,0.2335392587923848,-2.6578850974399155,0.17599263095403486,3.7588954084090305
0.0063119370784141095,-0.006537952659167175,-0.005624657311207718,-0.005991948478573054,0.20077641670599397,-2.662891469478961,0.34897023032129537,3.777814997377149
0.0063218067989593155,-0.006525240943895957,-0.005641547693029009,-0.005971922500468233,0.1961392609732369,-2.6588525038200426,0.36777462740909656,3.771359340990236
0.0062974813006078335,-0.0065360297019517784,-0.005598929085552486,-0.0059846439705709634,0.20117773971004702,-2.6527349626254515,0.3328790293262923,3.7565604274773463
0.006274542011651064,-0.006554229203450906,-0.005558966160399672,-0.0060103668931958025,0.2082502370155673,-2.6525003996716134,0.2957869928176086,3.7535652869026204
0.006286600899776657,-0.006544137539445047,-0.005579988485537052,-0.005995981857359562,0.204386977670971,-2.65231603750771,0.31556870321248626,3.7544988127148566
0.006216804278748464,-0.006611247340788619,-0.005456979116999384,-0.006092458560753686,0.22921836812004884,-2.656778320038034,0.19579176337892812,3.7572821379982924
0.006227973672149791,-0.006599376171860225,-0.005476932790170579,-0.006075380223239713,0.22493015482173664,-2.6557555481989685,0.215703838298181,3.755960476073113
0.0062393439780416525,-0.00658775909632199,-0.005497120959005646,-0.006058675364313468,0.2206998323543262,-2.6548399109348075,0.23564768252411464,3.7549735693483792
0.00626256316546563,-0.006565096444441233,-0.0055380151935122,-0.006025996226774292,0.21233820169032472,-2.6531073356597568,0.2756581818519344,3.7535654923613335
0.0062508631342235305,-0.0065763461044286075,-0.0055174608492416,-0.006042235885645707,0.21651054385434435,-2.6539611816218383,0.25560957252776645,3.7541814816816603
0.006195178092199396,-0.006635432237472386,-0.0054179528419688655,-0.006127230300335979,0.23786182560806543,-2.6589973572432277,0.15633884776622445,3.760644224762659
0.006154393092039139,-0.006684391397054256,-0.005342742235705931,-0.006197174569540792,0.25507239463962844,-2.6631517269413383,0.07910282282651639,3.768253966878777
0.006164291673660431,-0.006672094328784407,-0.005361210682268278,-0.006179658618188915,0.2507785724854506,-2.662155816275757,0.0982153956190609,3.7662611278165
0.006184669786324009,-0.00664760403838002,-0.0053987905328239045,-0.006144667241243129,0.24217258569745068,-2.6600655518762477,0.13682120732768363,3.762428071102768
0.00617436711200749,-0.00665982344400795,-0.005379864551414871,-0.006162136568803681,0.24647640961250347,-2.661110662844727,0.11744193247633393,3.7642858553317855
0.006466853495692686,-0.006379042514606467,-0.0058810623382681846,-0.005738400256561961,0.14027747609603536,-2.6131231914359976,0.6161855566506477,3.7118857335468323
0.006477959614962839,-0.0063666494766647435,-0.0058982878861608854,-0.00571753411992179,0.1356581572781023,-2.6072981569853333,0.6349966076042907,3.7035912202241374
0.006472580472017123,-0.006348352585108473,-0.005884827818711976,-0.005684537331344113,0.13148189810459912,-2.589775362911927,0.6337624492526747,3.6694681386105796
0.006480261901997418,-0.006317320620999707,-0.005891433196800046,-0.005630597800340081,0.12268951264244642,-2.5669950327474536,0.6531227941338478,3.628798395320906
0.006468033752440763,-0.006329592875477633,-0.005872754137144594,-0.005651101516542855,0.12718851014316288,-2.572441507450806,0.6336725025389881,3.6360250802291354
0.006474173688855813,-0.006296385974691714,-0.0058759736063816745,-0.005593646003779095,0.1185226397462344,-2.547587445127034,0.6509522740218473,3.5912766900404196
0.006488251058523332,-0.006282317989900074,-0.005897045198248078,-0.005570095180337876,0.11343036602633565,-2.541149495859552,0.672749044342546,3.582740400729324
0.006538976571396615,-0.00624815327597618,-0.005976093106356454,-0.005512501177898913,0.09887427851067532,-2.529525730375081,0.7467930397114663,3.5743941818482683
0.006524682995890581,-0.0062591866361745175,-0.005954324642558211,-0.005531399580332966,0.10338175777837529,-2.5342446162443486,0.725722788394712,3.579287371364326
0.006504595915934239,-0.006264555738220177,-0.005920897931575874,-0.005540062245352696,0.10714853131726275,-2.5321827099240544,0.6982035220930053,3.5702079226692627
0.006559090322573605,-0.006221816592615505,-0.006003217327113515,-0.005466871929488121,0.09054349610796243,-2.5134547467672976,0.7782359175677506,3.550249732830688
0.006538755191014361,-0.006227009667088194,-0.005969618689010087,-0.00547588173236889,0.0944143385053786,-2.512011430339897,0.7505184236367967,3.5419339176332296
0.006634535390569537,-0.00615124550016503,-0.006109692818287424,-0.005341838035213048,0.06528324637009976,-2.472227411670763,0.8876943248185727,3.4969007845975635
0.006608473964417723,-0.0061768203819741315,-0.0060739350326877726,-0.005387589264077084,0.07417914844146346,-2.48822463035757,0.8503283568027197,3.518245006095094
0.006614310316972235,-0.006159774018850259,-0.006078022472045472,-0.005357916448240303,0.0698667694776387,-2.4753166599305794,0.8598213524091657,3.4962211499610527
0.006584490528594123,-0.006198522192136275,-0.006039815175982143,-0.00542607468877187,0.08205690982089127,-2.500731216802725,0.8155789489294244,3.5340979404541657
0.006591160560477861,-0.006181725717376478,-0.00604578259261985,-0.005396861758058015,0.0774904491426676,-2.4884124826376612,0.826621896179337,3.5133368133232645
0.006567151335022056,-0.006203439663183979,-0.006011472455793235,-0.005435007349176118,0.08536568160877853,-2.500435469288317,0.7918346465380544,3.5285029718891794
0.006788383573549887,-0.006040473450874891,-0.006325778564971042,-0.0051301641916275086,0.021761832707700473,-2.396373084642432,1.0980252919045086,3.4123618583584343
0.006768366578933291,-0.0060470334105548335,-0.006294878078207204,-0.005145358767658777,0.026085609208460755,-2.4011254088108163,1.070707513671164,3.4131504888301136
0.006749497575857227,-0.006056803548675344,-0.006267342703182092,-0.005165496317790569,0.03071815194142501,-2.4081935162610333,1.0453088450350103,3.418938984146195
0.006652887055222714,-0.0061343293979792615,-0.0061348626249269405,-0.005311203535667483,0.059368611632348474,-2.4614258550729304,0.9135529646063486,3.482946382889235
0.00673033028263566,-0.006066733594053168,-0.006239232955263238,-0.005185673393260456,0.03541666046549773,-2.415008106853279,1.019406964277407,3.424339792422964
0.006714762091100009,-0.006074494693191731,-0.00621616651508951,-0.00520134176168566,0.03921870914238996,-2.420021247815672,0.9983466329708237,3.4279059882846843
0.0067044732417012734,-0.006091306555061596,-0.006205822085166712,-0.005231487401928879,0.0436816505159942,-2.4328763399459947,0.9845974640073559,3.447973778866327
0.006683149964269383,-0.0061071824349135245,-0.006175983987755406,-0.005261409624457412,0.04978788073590957,-2.4434277849067523,0.9554589090212772,3.4599452531465857
0.006660964338838641,-0.006116472432304468,-0.006141787076761127,-0.005279828006585256,0.05486222402583213,-2.4479059044207956,0.9252345866602887,3.460690649100689
0.007523610288187816,-0.00542353899031555,-0.007029428908838947,-0.003797538642338963,-0.10968246459683414,-1.735944451491528,1.7758757691684397,2.5546674742437605
0.0074979453275707654,-0.005435631382256891,-0.007005032352240046,-0.0038337301167382784,-0.10770925961514657,-1.757026688351068,1.7556098856308566,2.578381140544003
0.007546054103645863,-0.005399793592568317,-0.007039035724587853,-0.0037480870218315377,-0.10988618366094265,-1.7110393554900802,1.7842363014237053,2.5199514886953938
0.007569693780336735,-0.005383679363856823,-0.007056384165180028,-0.0037078205036284585,-0.11110312570399604,-1.6890189935699684,1.7986013322954655,2.492593554028176
0.007458402743191759,-0.005489706802546325,-0.0069964112051726654,-0.00393792076893893,-0.1067319622991243,-1.8074661741447875,1.7465923776663226,2.6534877772180283
0.0074349083349106015,-0.005498286729294357,-0.006970765130944132,-0.003967171168340322,-0.10439090748054551,-1.8251609615347133,1.7250475940529004,2.6719161116879744
0.007412333771517444,-0.005506660373546659,-0.0069459700333521284,-0.003995152581829566,-0.10208499458330693,-1.8419612817848183,1.7041048371900587,2.6894078244856785
0.007366677747812215,-0.005532038935271969,-0.006901835771001661,-0.004062893561794151,-0.09735103938004531,-1.879744008480918,1.6661024574555474,2.733353793810702
0.00738970145832307,-0.0055161864278091,-0.00692178257928664,-0.004024511255963855,-0.09979807381807475,-1.8591351913892058,1.6835602809123025,2.7078567841822436
0.00725393254349223,-0.005604258759978402,-0.0067942674016796345,-0.004239983852867619,-0.0838573119904175,-1.9746601654164153,1.571097572680941,2.847782665436376
0.007284850356323303,-0.005601276315319106,-0.006837613438325354,-0.004216679344497167,-0.08811645420014678,-1.9594736577969816,1.6074629217621499,2.8378440358373496
0.00733944712288539,-0.0055510574483464085,-0.006877936826092555,-0.004108416200847433,-0.0943960941591701,-1.904099049909044,1.6450159410052014,2.7635801545560335
0.00729841565503544,-0.005576824100902642,-0.00683861532520902,-0.0041723064753630655,-0.0896295141050435,-1.938528305083875,1.6104335212947707,2.8048539591682453
0.007314291047591675,-0.005556919488896764,-0.006846221562650764,-0.0041332715625046566,-0.09135405022645139,-1.9194213692434037,1.6182819358403182,2.7771189303487214
0.0074724757388616074,-0.005432895281684587,-0.006968117054222915,-0.0038492351073715386,-0.10497336635766023,-1.7702928508656142,1.7256404842797295,2.585773726364039
0.0074623225037355806,-0.005460985890274974,-0.006977689409709955,-0.0038952186366959275,-0.10550207273728747,-1.790314605027379,1.7323255683905623,2.6201199753925564
0.006986454784812886,-0.005835622080834005,-0.00654046364604034,-0.004730885733792198,-0.03439093981048002,-2.216839059396603,1.325772828204286,3.164820149168318
0.006962808640434009,-0.005842526386429101,-0.006506644118418823,-0.004751041431506518,-0.029883237403726105,-2.2262406499657494,1.2961838257701823,3.170974848781434
0.0069397776390608705,-0.005855395078799563,-0.006477201969813552,-0.004780181002756924,-0.024944966500122217,-2.239540505365196,1.2691655667497803,3.1850734026358296
0.007019020169721149,-0.005813602469362913,-0.006578854098946814,-0.004682415016201609,-0.041346558852723585,-2.1937326829470023,1.3620975516700682,3.13748267713236
0.006993083373735951,-0.005812265684961613,-0.006536618213731457,-0.0046908802227412704,-0.037015385579615645,-2.1981579540697322,1.3269978892488743,3.13268246983233
0.007103635889496147,-0.0057650565686043565,-0.006680983095255081,-0.004567205717631354,-0.058011408333511164,-2.136369401942521,1.4562166402748566,3.0735534241384785
0.007078272012183168,-0.005774602619620743,-0.0066474574264089705,-0.004594292477782761,-0.05344894083416657,-2.150527858435986,1.4264340743108355,3.086539419100451
0.007029457372642149,-0.005792769379371357,-0.006582139182037154,-0.004644834282550885,-0.04432002284209698,-2.1760665009103732,1.368486720235998,3.10920817987385
0.00705122250763525,-0.005780484299898261,-0.006608625522679759,-0.004615882249729167,-0.048659285557836926,-2.1619185025100935,1.392766522364541,3.0936244918369438
0.007223794580422618,-0.005692333367020972,-0.006815352950294532,-0.004390295827443241,-0.07929347964583933,-2.0436938396757234,1.5796697627352634,2.965783652620777
0.007202706596840432,-0.005699915996702014,-0.006788640662497881,-0.0044139468326728085,-0.07586760930944446,-2.057160290625236,1.5561305177775624,2.9787265121423885
0.007168334222907799,-0.005727020072413041,-0.006755371520048078,-0.004474709243374155,-0.06974015689310069,-2.088427863667819,1.524576748830688,3.0187211191637746
0.0071829506966304725,-0.0057101216685887515,-0.0067657165013389154,-0.004440619206199279,-0.07262144933089022,-2.0715540235709877,1.535492344992984,2.9945906567739247
0.007125572099929568,-0.005747172039870759,-0.006703020075776582,-0.004528308982260281,-0.062172042349233354,-2.1169277831242286,1.477448420455056,3.048551961374412
0.007145173021458208,-0.005730112027629584,-0.006721578216105503,-0.004491685312629935,-0.06612604847948296,-2.0986357217543667,1.4955012735759485,3.0245268094354683
0.007101873594317224,-0.005737867140682366,-0.006659579837818873,-0.004525467817086165,-0.05869274067281249,-2.1177142229001245,1.4421938879830754,3.036396172805224
0.007225633772407595,-0.005668907106232835,-0.00680051206313997,-0.004353482343285448,-0.07968838592246869,-2.0275165521053427,1.5696267202973255,2.934673026778014
0.007233668098646573,-0.005646921051934443,-0.006796151960923905,-0.004315582342618911,-0.08099400358106566,-2.010003249713061,1.5684161563509076,2.905048671670884
0.00723054390009473,-0.005623688631037945,-0.006774125843125082,-0.0042826477123872045,-0.08038447251130955,-1.9964614002841206,1.5523439299328923,2.876123608874565
0.007229167671194305,-0.005599098354633652,-0.006753889153328298,-0.004247019530584962,-0.08004205752076471,-1.9814613007367128,1.5380586521515975,2.8456071552542888
0.00678917194558774,-0.006020433122566029,-0.006317381129099507,-0.005096041958435333,0.01885802297801468,-2.379866348801977,1.0968504004803006,3.381845925662542
0.00679852258709349,-0.006003608028795373,-0.00632488296334432,-0.005065644454659544,0.014836061628648589,-2.3662668341688957,1.107754986000481,3.3603206289714804
0.006909769420578499,-0.00591539228104376,-0.006463030762490899,-0.004888203548812025,-0.014476490002382035,-2.289740812369311,1.2443261074933802,3.2655662776900214
0.006890437228188953,-0.005923445491199102,-0.006435708529038684,-0.004907581020087961,-0.010331811417021513,-2.298036429784849,1.2196974740018165,3.272273571520643
0.0068731908611681216,-0.005932815909930501,-0.006412420094920311,-0.004928243375976385,-0.0063758690676590625,-2.306870675379073,1.1981361653009277,3.281106781270388
0.006795895670476623,-0.005981513122487923,-0.006309594438040749,-0.005029324095566627,0.01241919297968224,-2.3484272936099906,1.1012924718789983,3.32609867685612
0.006816898583389656,-0.005969985955116353,-0.006338744028935491,-0.005005111583932672,0.0074131970726445074,-2.3390286658239403,1.128177744179178,3.3171217780180626
0.006839682138931287,-0.005958471172356587,-0.006370649992127718,-0.004980118572740077,0.0023189742904920854,-2.32919274699902,1.157271163804461,3.3082799437590533
0.0068568040999853926,-0.005943397365149014,-0.006391052592981756,-0.004950452617588221,-0.002366673645514792,-2.31634983597874,1.1778675015466213,3.2916554537186937
0.006911250120331375,-0.00589073546541186,-0.0064513910850737535,-0.004847296975651995,-0.017031610789763143,-2.2703429813142484,1.2402038818097092,3.229747379982095
0.006912344030477701,-0.005864253404762173,-0.006438065010787297,-0.004803970627216137,-0.019654979890417257,-2.2498691218777904,1.2350622940399203,3.1918945331091853
0.009321034046557878,0.004532242730527434,-0.007681415005432331,9.373135501725605E-4,0.11525769836360292,-0.05008393210496719,-2.196339408773517,0.5900555535944719
0.009213762159258374,0.004563213834750259,-0.007672087727158348,0.0010917175602244654,0.09370567759122371,-0.1497056678383255,-2.1972853992981864,0.6971010964552083
0.009260603031050628,0.004525613760031936,-0.007652073084455124,0.0010148284221312414,0.10236515827173817,-0.1087698562939003,-2.178906379122408,0.6440327801449591
0.009435323803253045,0.004473724716978003,-0.007658289207993846,7.663406047450412E-4,0.13674009558124597,0.05160792106769629,-2.170272942670199,0.470946195494056
0.00934356595994957,0.004465599043713216,-0.00762084002844689,8.843764454417875E-4,0.11765505086150499,-0.036926238985844406,-2.1492948377302863,0.5532633215306558
0.009386923881273197,0.004438173820351291,-0.0076072299693039505,8.189549976983897E-4,0.12518048016356273,4.5289770633520616E-4,-2.1357548460782287,0.5076214641072455
0.00952871378416942,0.004441906994694389,-0.007650861737788902,6.34030132641302E-4,0.15445694098795767,0.1357318722313026,-2.1573557840572057,0.37853901945168694
0.009473364103847833,0.0044401691810802574,-0.0076347355345050575,7.065859230578573E-4,0.14298658245816248,0.08272384644548562,-2.1496444263527996,0.4290290240942761
0.009556579425531782,0.00439180146178554,-0.007606447776906322,5.855771904100477E-4,0.15734812647087343,0.1532085148517799,-2.1218934564022907,0.34423980579843527
0.009152113167911423,0.004544474374438484,-0.007626375062420163,0.0011644423153064803,0.08103507272069448,-0.21025042083077675,-2.167577343715626,0.7483604439714906
0.008588025440842228,0.00473458533053556,-0.007485265473668956,0.0019831151374133248,-0.01993632688686783,-0.7280419399403062,-2.097905160297344,1.3148807346555513
0.00853840596571756,0.004764107963683489,-0.007477274107408134,0.0020640695343722396,-0.02814720007433021,-0.7738886382626305,-2.0947093659951954,1.3700188867826544
0.0084490218835484,0.0047705553461991805,-0.007413480762296053,0.0021728915195634905,-0.03877906501716585,-0.8517465992979999,-2.050968782446899,1.445953943003895
0.00848926566028516,0.004748528637366197,-0.0074239570841928395,0.002109253258488863,-0.032918256323201354,-0.815046234960357,-2.056719019036372,1.4026723515080948
0.008637553951135723,0.004695985687957518,-0.007482806229952363,0.0018962566132741507,-0.010466503949410464,-0.6818213836345013,-2.093041350558036,1.2560531560638826
0.008688092056743982,0.00466893717950506,-0.007491087535069726,0.0018169843102157329,-0.0017798885255460963,-0.6356464019407407,-2.0962063642742703,1.2017346801338002
0.00874049117062802,0.0046397977696587146,-0.007497094457746417,0.0017344208794892286,0.007383966009378411,-0.587795180266414,-2.097438179492915,1.1450878360019912
0.00878345367591601,0.00461942646090034,-0.007504355052034277,0.0016693000247022377,0.014706412515778863,-0.548809019959679,-2.100197273272897,1.100302168521681
0.008803449291247606,0.00458305234868007,-0.007480841219093174,0.0016225222397251676,0.019570242152219676,-0.5300977869944603,-2.081117038161365,1.0688857120523247
0.00907818022498391,0.004507233811391322,-0.007554807221881919,0.0012419188076829063,0.06741921924620824,-0.28182517007518376,-2.118973366260766,0.8036693651851321
0.00884926138357247,0.004566667915783612,-0.007492240901891518,0.0015571846354245225,0.0272227907661008,-0.4888682588556594,-2.0868828595871336,1.0234842617879332
0.008971370430717362,0.004543071573234331,-0.007537064003599392,0.0013936801050801412,0.04810547849882924,-0.37871103916962007,-2.112757389550048,0.9095481308853204
0.008905313352800091,0.004550082070008003,-0.007508072964829317,0.001479171501799478,0.03680182048382791,-0.4384755043826436,-2.095232978471691,0.9692615580768448
0.009008675622005469,0.00448654650886056,-0.007500308817918734,0.0013183395815939303,0.05532629542620208,-0.346174163683264,-2.0825692667967175,0.8581236609867081
0.008347982298016254,0.004773683680004671,-0.007333164795606283,0.0022884828569831555,-0.04852290793656495,-0.9364756326457669,-1.9945291677580526,1.5265198342086006
0.008396814388028273,0.0047369780543445395,-0.007338976148895902,0.0022043102978317737,-0.04101820017440271,-0.8912871673684571,-1.996441107782098,1.4695936929934386
0.008012209713268078,0.004931711341515265,-0.007167696284128114,0.002783747156657201,-0.08205577770972337,-1.228200150097248,-1.8814888707038973,1.861102880411545
0.008054735565845274,0.004893667163925815,-0.007175862865758185,0.002704115143782458,-0.07735586469362819,-1.1876075102823247,-1.8863871686546319,1.8078220112548602
0.00815049966835031,0.004881946921223406,-0.007257627141525225,0.0025959946602313916,-0.07212222262715685,-1.11293699197359,-1.9455644654653506,1.734837091049741
0.008096236162040504,0.004870057444996641,-0.00719491890621525,0.0026398458652144127,-0.07374943382016531,-1.1513171653490295,-1.8995301571562702,1.7648008498067003
0.008196751135489743,0.004835535052421617,-0.007257779606146104,0.0025046759383747235,-0.06521917356542202,-1.0676846987141395,-1.943766656158225,1.6736119083997676
0.008241499315221603,0.004792009226762414,-0.0072579865123241815,0.002418553105561641,-0.05840020789428963,-1.0244963583202311,-1.9420443860981151,1.6158484537388402
0.008284911013383108,0.004748309907971538,-0.007255673095708398,0.002334649116458315,-0.051379113121096186,-0.9828386274862645,-1.938172282409304,1.5596401978567267
0.007916747571050613,0.00495296301764325,-0.00708841423509149,0.0028964029934392932,-0.08559956574792187,-1.3014100656551462,-1.8230940001115343,1.935811290078055
0.007952880312778349,0.004912829350155669,-0.007090765960647898,0.002821268330469972,-0.08155268591559907,-1.265050409208846,-1.8241733193036094,1.8856865197628052
0.00706588863488086,0.005417627241011876,-0.006400394567310475,0.004075932584224332,-0.058584637881590684,-1.9240605363945105,-1.278684867297047,2.6560672974220374
0.006949340697665474,0.005457725846054191,-0.00626347162303949,0.004183246804010028,-0.04430138508197795,-1.9719956935961804,-1.1708339033080317,2.6993396536024665
0.007010195242623385,0.005397018122767912,-0.0063123442966250025,0.004073827264060871,-0.051770821383841335,-1.9250047409942688,-1.2154810802558749,2.636840401493113
0.006963423966464946,0.005406160226995651,-0.006254090691954269,0.0041067191224489095,-0.04665247688135014,-1.9394867274252159,-1.1712999991494766,2.646449697987709
0.006184242699121912,0.006143539124871534,-0.005377582673832989,0.0053202024121466185,0.11650530461258758,-2.3272457707048226,-0.38634870519452197,3.1481304698927803
0.006234691837125269,0.00609937847598276,-0.005448189382606148,0.005256939827498386,0.10403963736319945,-2.318816158946358,-0.44558289089169983,3.139139046235694
0.006246479317302048,0.006037520727403674,-0.005455460857036577,0.0051638736420000645,0.09295027068371664,-2.2845955022272473,-0.4735252576541579,3.0813923637825744
0.006032729177635029,0.006282421039941241,-0.00515785294803446,0.005508769866173332,0.15378771285713277,-2.342442322435844,-0.20308879893577117,3.1631286201702857
0.006000033847385277,0.00631345458004226,-0.005108830015011444,0.005548949374168207,0.16229563498976066,-2.343392150868684,-0.16305002262084067,3.1634240890469347
0.005950916546019522,0.006318852529077549,-0.005035044326444115,0.00554607007303609,0.16557530832948206,-2.321282370929326,-0.12307376085806708,3.1225688891000942
0.005897449641609816,0.006336710999893985,-0.004955324851043614,0.0055597858205451095,0.17119568080945743,-2.3030600139445734,-0.07643625104184028,3.0893704589677538
0.006033119281402191,0.006235742379479861,-0.005156799112114076,0.0054385432168436035,0.14511143835533766,-2.3165632870148047,-0.22361402486203028,3.117332025528956
0.006103837266975822,0.006185253122126812,-0.005260009965164404,0.005373808527213472,0.13054449072124788,-2.3193850175597355,-0.30149643258508746,3.127167217426305
0.006124438047678784,0.0061419616036948906,-0.005286950558715655,0.005311297312300657,0.12097002456479954,-2.302730097744974,-0.334487369877523,3.0998479079429497
0.006045796572880124,0.006187151614787474,-0.005173262132244402,0.005368168718137848,0.13478025713795597,-2.295370873561047,-0.25353790921007696,3.080948128982875
0.005836741848193411,0.006414079336154371,-0.004861203241244945,0.005657330466337303,0.18897486498269075,-2.307565993591396,0.005000503147310163,3.0979857268565616
0.005845741466413754,0.0063568163384349246,-0.004878597305386703,0.0055760956353116614,0.1768434060181651,-2.2855797367794977,-0.031454809017734696,3.0582776913227026
0.006718499895408837,0.005692566216058701,-0.006052484995759141,0.004596812024166189,-0.004368154762198314,-2.139284098282953,-0.9741044183223629,2.9232335589146143
0.0066179525938045505,0.005726239012044536,-0.005918932313018544,0.0046695124518173385,0.011699417875483207,-2.1580691545835937,-0.8711251323330185,2.930245462120346
0.006658264424331733,0.005685483488419914,-0.005961248183900161,0.004601185143416064,0.002860848609036808,-2.1337985322106134,-0.910258390570485,2.8980613122033034
0.0067530514009235066,0.005648894403810587,-0.006083003140192441,0.00452350105026516,-0.01187290256040041,-2.1103653428488105,-1.0053915757286036,2.882209503444702
0.006794820166279876,0.00560434538622865,-0.006122154327084426,0.004446493565004466,-0.020072816714164086,-2.0799794243698932,-1.042628021734349,2.841007729446891
0.0068215403838216985,0.0055491971337583825,-0.006133072713584465,0.004359137484729093,-0.025846230494258004,-2.0435845447188874,-1.060871095682671,2.7852116343620175
0.006898040291247707,0.005472787551428914,-0.006200776984649753,0.004224569910675213,-0.03807668707621994,-1.98867452168934,-1.1226518690009117,2.712249316864787
0.0068526601927426465,0.005505652340335236,-0.006154813835025498,0.004287162874236118,-0.030939888619504318,-2.013974205678002,-1.0840392433655508,2.7425980458859573
0.006264396330520871,0.005987075233707677,-0.0054726957626281955,0.00508890465024307,0.0833360840200781,-2.259096234627069,-0.5018031964588036,3.039726401885662
0.0063228780003816406,0.005986738625435789,-0.005560243227867041,0.005088769068440457,0.07758987190852938,-2.2758080184397227,-0.5562042495173721,3.0764960171772358
0.006352799960264702,0.005938295466201183,-0.005593773712225449,0.005015445083449826,0.06692994039805793,-2.2529546114970533,-0.5935654725455701,3.0417358029827812
0.006394630091982131,0.0058833613264672275,-0.005641769728536248,0.00493149245239738,0.055180507354548367,-2.2279557412137225,-0.6415076246697465,3.0056139605414427
0.006420992165911259,0.00582477960954053,-0.005663992244220226,0.004843004247118004,0.045094721521968785,-2.196404153782123,-0.6733187213569839,2.9561765691486515
0.006457532557799639,0.00579484513848282,-0.00570829196564522,0.0047954487691730515,0.03774922701822211,-2.183900181463078,-0.7105848740017223,2.941277893703261
0.006564892603411074,0.00571281262242382,-0.005836395122783891,0.004660107182308512,0.017088766375150978,-2.1456780500702406,-0.817456287206469,2.897172763897602
0.006520136511810465,0.005739125731320873,-0.005780990265395017,0.0047057789848810394,0.024692122902883733,-2.15754510882445,-0.773440099779376,2.908212981136608
0.006470516075348804,0.005757814013894377,-0.005715368362704416,0.004739982216287282,0.03200290583511051,-2.1627449394045954,-0.7254108293026059,2.907562307584353
0.00574216190009026,0.006446504862924734,-0.004720537934302532,0.00567582768160383,0.1971495025622896,-2.2687595056066083,0.0809975421671883,3.0310221936562036
0.005768271012773613,0.006406701976372649,-0.004762546407394417,0.005626650128126214,0.18856901264337267,-2.266370104293552,0.0433055576486036,3.025354895369828
0.007155354982074722,0.005369556865808561,-0.006491512138709529,0.003965227576879682,-0.06827355685036801,-1.8721003956923552,-1.353227423660185,2.5982774848207217
0.007182143836934222,0.005322411508538468,-0.006496611772890642,0.003887837881867209,-0.07029297614029982,-1.837977662664602,-1.361782897010979,2.5470014179530085
0.007210354578350427,0.005275135027615617,-0.0065025750473036515,0.003810227590748515,-0.0715346407429669,-1.803813977965872,-1.37037933412444,2.4960638287839796
0.007239989969122963,0.005232882872690544,-0.0065128311505644665,0.0037388683131890066,-0.0731234902875992,-1.772069152703024,-1.3814709777094547,2.4502603949478203
0.007275647692054987,0.005190628317629629,-0.006529826335304978,0.0036643386999484083,-0.07476409266961657,-1.7383286756771221,-1.3973212655557472,2.4036040144017945
0.007376733292332915,0.005167159669353261,-0.006639566710400843,0.0035717757765659918,-0.08171012828095257,-1.6871246713705974,-1.481199856885092,2.3561322912458658
0.007431923536478421,0.005132516771168172,-0.006682316528481774,0.003492327909377739,-0.0839224982504825,-1.6471027498495627,-1.5151288835352952,2.3083475847251314
0.00747266680137024,0.005091190464405178,-0.0067011234547309905,0.0034143896147314063,-0.08418941063464107,-1.6100811379297295,-1.5310394478884977,2.2588923334832707
0.0073155354449443545,0.005145118814954679,-0.006548712923605913,0.003583487526316567,-0.07580919045257062,-1.7015518349152206,-1.4143888502236945,2.353169166670449
0.007759194431204422,0.004983842534502355,-0.006945771477883529,0.0030692746671440387,-0.08756797113329552,-1.4132937470422708,-1.7166586884551813,2.0469717223812953
0.007572003106969639,0.005025886350003731,-0.006768635921975405,0.003265852547392902,-0.084844229030489,-1.5340571668191092,-1.5836941801239874,2.166786146477761
0.007690384384846045,0.004969132813174329,-0.006858174182056634,0.0031098539391415836,-0.08521900360012803,-1.4482892701265604,-1.6516118404688849,2.0696062174456684
0.007644833138939755,0.004987877547088313,-0.006822149557883442,0.0031669349428301912,-0.08435447940802235,-1.4804813602037665,-1.6245560257012521,2.1050574142333494
0.007606525817051755,0.004987367298883556,-0.0067786703932139715,0.0031958658235208383,-0.08384393913837652,-1.5008956704811027,-1.592080142766881,2.1215774696801013
0.007854850923293924,0.004936525234343398,-0.007009300728650373,0.00293536560864173,-0.0845378798828013,-1.3375519692889588,-1.763983432082146,1.9599672724085426
0.00779013800640323,0.004925283600956291,-0.006931287653692453,0.0029796801620766613,-0.08295954426055074,-1.3745410795597781,-1.706121964626074,1.9870712681199585
0.007478525282650944,0.005043908790786624,-0.006673514716525114,0.0033544472420402593,-0.08103820471846382,-1.587087424059037,-1.5122566127018195,2.216851069504493
0.007520463605902343,0.005007537132289255,-0.006695692794359866,0.0032825501015851786,-0.0814904569236203,-1.5520711147790391,-1.5300074658290574,2.1717499301529553
0.007095615495559561,0.005360919863228307,-0.006405866177514249,0.003984565979566367,-0.06145882134944525,-1.8843505606857736,-1.2893942153265183,2.595709941536866
0.0057165123623912975,0.006488075695316323,-0.004678127970626278,0.005727086790013841,0.2056819840569473,-2.2711285421734093,0.11964646866243726,3.037105517204154
0.005696116881040074,0.006538932767865022,-0.004640667138468248,0.005792928211078837,0.21695387853200465,-2.279322686284256,0.16166922371127368,3.0540498767551623
0.005686896356566288,0.006591942773759426,-0.004617496424582086,0.005865725323611085,0.22830993812354597,-2.2941895597429345,0.2004760295088559,3.0834209999028928
0.0056814991446011605,0.006645890552097154,-0.004598207598681487,0.005941605949566237,0.2404567037588268,-2.3109833895032814,0.23973202443052255,3.1169373081266514
0.0056791456887703325,0.006436838113358344,-0.004632404545505015,0.005642304546116003,0.1951910411623773,-2.229514859083792,0.10992086599329641,2.9628971472129826
0.0056252195028921,0.006670817441732468,-0.004511277260065081,0.005953897126782612,0.24440658473385704,-2.283154001213999,0.28435427010146425,3.0712138290265467
0.005436678871442913,0.006840823095947969,-0.004196337974161844,0.006103624090833013,0.27213224656023877,-2.205793163618026,0.479538664843607,2.9593522181651495
0.005497486273372028,0.00678161032894368,-0.004299996879629536,0.006052099642031382,0.263079189706847,-2.232126835560933,0.4155507439934003,2.99627527174637
0.005451255141462903,0.00679165922141412,-0.004233254453560285,0.006043786041551556,0.2616971310821661,-2.2041270989302797,0.4388804753573955,2.9505106322644816
0.005571912987871765,0.006701513274229106,-0.004427714172741786,0.00597433973339125,0.24917419029499313,-2.2583535727280464,0.32940158857582263,3.031878616372815
0.005524830250560005,0.006738677877868287,-0.00435128337121985,0.0060052430654784,0.25465808689062785,-2.238529467446553,0.37453225435764986,3.0022248549773773
-0.007202589478660921,-0.00585578784627266,0.006906908334330179,-0.004662259876225713,-0.0699601905758795,-2.1691709803530546,-1.6372935297161126,3.20245399298202
-0.007189583730102231,-0.005864596707708679,0.0068922039524484035,-0.004683970121449158,-0.06527070421721844,-2.1810656931365635,-1.6228744607621668,3.2171505896478965
-0.0071882584741501205,-0.005848513061063514,0.006877464545993319,-0.00465794512890129,-0.07119816482785805,-2.167388158539055,-1.6164867422329596,3.1909338188206537
-0.007176605729088548,-0.0058734463785157995,0.0068774432593551316,-0.004705616751713975,-0.0612810795549882,-2.1928451000796763,-1.6084144573951942,3.231768511532923
-0.007175216064281163,-0.0058574272700657294,0.006862779189761054,-0.004679602369922678,-0.06879640930832742,-2.179208947174977,-1.6022194529240366,3.2053554750901285
-0.0072417719009396685,-0.00582960700250516,0.006950555646874047,-0.004596937103875697,-0.07849266366184104,-2.1327305449724414,-1.6795819068307667,3.15833687936906
-0.00722868369512679,-0.005838292905748425,0.0069360882581103005,-0.0046187371246557635,-0.07673763843077126,-2.1449843446096706,-1.665689255623872,3.1730712794763973
-0.00722762092696481,-0.005822272737619442,0.0069214090144036405,-0.004593062323556039,-0.07875708957338555,-2.1316113777354393,-1.658636313608077,3.1474780339745823
-0.007215622843988553,-0.00584701988289354,0.0069215396683054604,-0.004640510685398782,-0.07398628651059072,-2.15714050145458,-1.6515880318416596,3.187759106354589
-0.007214490489573049,-0.005830944325453775,0.006906830959199708,-0.004614675408046716,-0.07600532957443308,-2.143586412096422,-1.6447023541778825,3.1620281201047113
-0.007201360588447857,-0.005839683418345019,0.006892163359123446,-0.004636295273273475,-0.0735060641067541,-2.1555079636483607,-1.6306503871548708,3.176496690343923
-0.0072548873301182615,-0.005820962260321793,0.0069649503848829035,-0.004575097910331001,-0.079972558554208,-2.120404931130805,-1.6932995876283297,3.143489137854657
-0.007240745078644919,-0.005813638578733648,0.0069358650338337685,-0.004571414006788174,-0.08164933792147742,-2.1195567860743068,-1.6724507654443312,3.1328033535657283
-0.007268029851185398,-0.005812358765846111,0.00697928166381313,-0.004553205667836486,-0.082021568931197,-2.108015056043336,-1.706893286743098,3.128490499796667
-0.007253876717777701,-0.005805022714536287,0.006950206230465372,-0.004549695803906289,-0.08446302737616203,-2.1074010464534987,-1.6861500733549917,3.1179907828163658
-0.007267037850273751,-0.005796428961590074,0.006964469245548212,-0.00452790279675053,-0.08706858004226971,-2.095140735465465,-1.6997424223410214,3.10306486537332
-0.0072811993325003505,-0.005803796605215205,0.006993548840971478,-0.004531261330834642,-0.0845325905682361,-2.0955557812453307,-1.720390749198705,3.1133590645131988
-0.007280236021111851,-0.005787867962282389,0.0069786736769104464,-0.0045060466305179596,-0.08961431843016256,-2.0827793560731176,-1.7132258998165109,3.0880427273008597
-0.007294395642263588,-0.005795275864055084,0.007007743926780116,-0.0045092770968826875,-0.08655926358485229,-2.0830300359989233,-1.7337929592837955,3.0981246483909017
-0.0073875099048583345,-0.005736797506241737,0.007105211514401203,-0.004354081116873181,-0.10264186784931374,-1.9930407900597038,-1.8247514419547606,2.9890660340358353
-0.007374129498678275,-0.0057450259565670235,0.007091496029186022,-0.004376384238191455,-0.10020136817002719,-2.0061241357821267,-1.812132058395629,3.004912803966521
-0.007373535581874255,-0.005729050422297536,0.0070763968036887,-0.004351636615459537,-0.10552489005215056,-1.9938692130872757,-1.8042614420503218,2.980460132492635
-0.007293462821062017,-0.005779330848812146,0.006992799569195696,-0.004484117828597477,-0.0922148799605003,-2.0703115721326344,-1.726583025136897,3.0729020011390187
-0.007307618648521541,-0.005786796627480342,0.007021870402524261,-0.004487247422913497,-0.08839566473798727,-2.0704427942544266,-1.7471141325842263,3.0827662985720585
-0.0073067212268479375,-0.00577081100911367,0.007006845155048549,-0.004462105891713738,-0.09459106492863843,-2.0577386547356507,-1.7398071834639313,3.057642641724318
-0.007320868219171371,-0.005778358980093877,0.007035941976654535,-0.004465150787800196,-0.09155482618531231,-2.0577752824144397,-1.7603796153013074,3.0672674118915624
-0.007360774994305904,-0.005753296411412851,0.007077723668256072,-0.004398622922335034,-0.09901718850001501,-2.019143966555191,-1.7994258190679358,3.0206105865862916
-0.007360148128719597,-0.005737337386720983,0.0070626808704751754,-0.004373829051924633,-0.1033273799636648,-2.0067987224614536,-1.7916214072533219,2.996101927150868
-0.007347446524517867,-0.005761608788737447,0.007063882933026078,-0.00442081575965494,-0.09822371841251433,-2.032108510942726,-1.786586129548591,3.0361709474913816
-0.007346770934941914,-0.0057456409834268215,0.007048851276841316,-0.00439595201663727,-0.10082241210607311,-2.019639972323507,-1.7788497078315029,3.011633375440909
-0.007334144221965789,-0.005769963005986637,0.00704995407242832,-0.004442994350633609,-0.09564218087833727,-2.044996690289403,-1.7735621617296136,3.051706291858922
-0.007333390346091277,-0.005753961020479517,0.007034888671779483,-0.0044180094252831625,-0.09846692754064439,-2.0323953115550455,-1.7659406482237756,3.0270225984815027
-0.007320030098120718,-0.005762342576457053,0.007020864796598996,-0.0044400529232248775,-0.09653628326468011,-2.0450906616966305,-1.7529200508779075,3.0423357186527684
-0.007124973809367006,-0.0059092513639708525,0.006817833606342214,-0.004791575867050382,-0.054151068755914224,-2.2393772934891825,-1.5500094191275906,3.288337101178899
-0.007110529911003311,-0.005902257510820887,0.006788263575071952,-0.00478660334234689,-0.05294145414777474,-2.236479893089292,-1.529111870098128,3.275530290781585
-0.007163655606209029,-0.0058823367695001435,0.006862635625097935,-0.004727186282417216,-0.058883894181471656,-2.2045510685325422,-1.5939507086745557,3.2462061048041058
-0.007162242407483445,-0.005866386923873597,0.006848093243250309,-0.004701203574070621,-0.0659910337059592,-2.1909285448871993,-1.5878457197978546,3.2197170766968237
-0.007150733491861331,-0.0058912677909604225,0.006847774684514069,-0.004748688301972232,-0.05767182496462403,-2.2162158138447263,-1.5794474145110415,3.26041655408577
-0.007149313638731375,-0.005875349279967026,0.00683333959225482,-0.004722693369534933,-0.06273778234216344,-2.2025096156894026,-1.57335209443527,3.233941054466962
-0.007137839516247016,-0.00590023935268864,0.006832844790721884,-0.004770145611310778,-0.05641573692482852,-2.227836218442254,-1.5648236270077238,3.274434262315554
-0.007136395369179867,-0.005884299083285454,0.006818454698293422,-0.0047440617347578205,-0.05929343110536616,-2.213943059839705,-1.558730260322233,3.2479726230302535
-0.007123467221554998,-0.0058932559203785685,0.006803420506589328,-0.00476534580379694,-0.05597579014032281,-2.225253291560225,-1.5439818034214647,3.2618181166695166
-0.007160610960353746,-0.005850062865961808,0.006833488265006877,-0.004675363007102268,-0.06370878040972396,-2.1797598434609875,-1.5752313145178398,3.1958532400909796
-0.007095748820915034,-0.005894825394586638,0.006758545224163721,-0.004781301628012199,-0.04938284497604072,-2.235818045114561,-1.5020275219838195,3.264098281361498
-0.007082681580169998,-0.005903974449911664,0.00674311575092161,-0.004802551100265545,-0.046173724810341675,-2.246839483071287,-1.48683212237866,3.2775259490598985
-0.006955767669137274,-0.005997630724566146,0.006588822378286569,-0.005011417300363199,-0.013398952483464935,-2.3507367695462746,-1.332312087087917,3.405404932265442
-0.0069431974797251215,-0.006007402452916144,0.006573082331166409,-0.005032377358754545,-0.009785373742095739,-2.360698444293904,-1.3162945339832337,3.417805360765822
-0.007006441234019737,-0.005960122386188091,0.006652026143127918,-0.0049290767181326385,-0.02701575097175574,-2.310725395124699,-1.3959612152118097,3.35640594677476
-0.0069938859490021295,-0.005969432084485668,0.006636580596868652,-0.004949667030237002,-0.02383112257312842,-2.3208586056014355,-1.380433896606658,3.3688625674479966
-0.006968481193145178,-0.005988066082253211,0.006604790624884715,-0.004990658394711535,-0.017019135139187888,-2.340783035221372,-1.3484587540298298,3.393165795923578
-0.006981222496897138,-0.00597870536058218,0.006620792691730287,-0.004970128916690231,-0.020516153849286307,-2.3308491483561125,-1.3645655925416185,3.3810529469140342
-0.007004070067640412,-0.005943713131226097,0.0066375066053119686,-0.00490219485738229,-0.028615121435741967,-2.2977655664105616,-1.3870339448176423,3.329735547323889
-0.007016318779314738,-0.005934106878544933,0.006651975132290795,-0.004881223681422963,-0.0317937427674378,-2.2874409951490584,-1.4016168979776749,3.3167126908356006
-0.007028760884517851,-0.005924505298878782,0.006666632691545715,-0.004860092496584335,-0.03495893319680257,-2.276963108107591,-1.4163215350027667,3.3035620755158663
-0.007041404538490945,-0.005915014411625611,0.00668156055810621,-0.004838970968093476,-0.03810739950868567,-2.2664081890496717,-1.4311984237523754,3.290443345056332
-0.007054216078643862,-0.005905597800829211,0.006696677283963831,-0.004817805907695152,-0.041238938256545475,-2.255749309320283,-1.4461836548499527,3.2772876880759
-0.0070672059516807785,-0.005896186432569232,0.006711951864628778,-0.004796472631880543,-0.04435545377417539,-2.2449256036975567,-1.4612625519527696,3.2639838565095687
-0.006880429741476583,-0.006055772633711376,0.006492140141698231,-0.005134679802755552,0.008183009028141446,-2.4079220912037003,-1.2337062930907565,3.4759979140216406
-0.006852167487893669,-0.006058965328209279,0.0064447612545297005,-0.005147470442172329,0.013274802131215393,-2.411857522459611,-1.1925860665339678,3.469671708379265
-0.006864517555801791,-0.006048840719245266,0.006460755904596493,-0.005126823579329678,0.009580242265966618,-2.402741386231488,-1.209050217596104,3.4582023248729037
-0.006930732194591747,-0.006017195794232323,0.006557392006979963,-0.005053236700398678,-0.006317158241978703,-2.3705279759084115,-1.300271098363,3.430072286220252
-0.006918213352236563,-0.006026821557289341,0.006541371677926572,-0.005073717347802996,-0.0029206890089309256,-2.3800836916405532,-1.2839411893035526,3.4418580235734724
-0.006905592061963175,-0.006036345806509418,0.006524980136686479,-0.005093941170229621,6.21595314193909E-4,-2.3894141731295773,-1.2672663094984085,3.4532398599165197
-0.0068929667204269554,-0.006045975947046467,0.006508505946216219,-0.005114234944435168,0.00436622340739314,-2.3986779884377927,-1.25046986987811,3.46457572073362
-0.0069280936831469485,-0.00600064720803106,0.006543158071289453,-0.005025624851171939,-0.00838693450795709,-2.3568393686749043,-1.292329805380328,3.402290440101401
-0.006634949360276556,-0.006243286071097957,0.006143480737175028,-0.005502892062698162,0.08397978670173463,-2.5510638224713524,-0.8799067064913338,3.6440177470618607
-0.006607376838945487,-0.00624890713424887,0.006096401285196625,-0.005513666642100692,0.08943857168980517,-2.549266379607639,-0.8399567010871766,3.631435655743811
-0.00661850786303042,-0.0062375020119707645,0.006112292240634635,-0.005493185382014678,0.08526039051047818,-2.5421380362732022,-0.8571489070267576,3.621708683281032
-0.006591680939559668,-0.00624436572244564,0.006067188526446503,-0.0055059032749430825,0.09074782132556379,-2.5412637686518678,-0.818725105983405,3.61154656848684
-0.006671220824340576,-0.006211914842463318,0.006196528858650785,-0.005445100221904828,0.0715771954158168,-2.5310855311641123,-0.9350204418350988,3.6192787519121308
-0.006646894397185668,-0.006232484617790323,0.006160910485260045,-0.005483144928884575,0.07977665690227363,-2.544254622778297,-0.8982142194992967,3.6353467383198494
-0.006659116831521643,-0.006222100538806585,0.006178852087305648,-0.005464004384870312,0.07563278299112837,-2.5376884649427143,-0.9167618850252087,3.62732233377179
-0.006667620623334522,-0.006195586234778716,0.00618392071897348,-0.00541647109677106,0.06883134614361769,-2.516134332271349,-0.9307880297092392,3.5898536171013506
-0.006678678844341278,-0.0061843915475803465,0.006199071786258445,-0.005395829314259804,0.064816845061288,-2.5083516635351297,-0.9471902122172701,3.579256385281648
-0.006703262343723232,-0.006162546909718064,0.006233499797214431,-0.005354958542773066,0.056565877262207194,-2.493191225644951,-0.9830402618634766,3.559938607249969
-0.006690474332936171,-0.0061727304386754,0.006215188887028978,-0.005374203558866627,0.06062335774846472,-2.5001385088738712,-0.9644984471446639,3.568187942568819
-0.006157776786138533,-0.00668674942425033,0.005348394357847731,-0.006202638265552764,0.25571781768930574,-2.66723000016783,-0.08078015888059693,3.7763578532983604
-0.006170422711206155,-0.006676492586795277,0.005371503152036997,-0.006189742545117779,0.2521593147547423,-2.6695973913879967,-0.10129291853628537,3.781040220887791
-0.006177538885028817,-0.006659897360299574,0.005385391241936217,-0.0061634726564672735,0.24639920103167998,-2.663434987908539,-0.12068062178168079,3.7689195927073516
-0.006182357532848234,-0.00663913614814097,0.005395338379056394,-0.006129047935925854,0.23960967149656706,-2.652615585006362,-0.1402964945602748,3.7477747028084
-0.0061921004039387426,-0.0066211831916070845,0.005413387432652148,-0.006101276026871724,0.23338767506780586,-2.6469542813196223,-0.16274704482992852,3.7370272700460876
-0.006242670297838253,-0.006560057270156717,0.005503119264140152,-0.006011202209970023,0.21194495744822972,-2.6368077109183434,-0.256393683736379,3.720490709006245
-0.006208665251206549,-0.006605213678985377,0.00544297531674457,-0.006079153947816087,0.2277497232414985,-2.647021512135846,-0.19093262440245157,3.7378993824715825
-0.0062317284249482074,-0.006572837183976183,0.0054839735552218915,-0.006030155307582173,0.2164656618487206,-2.63907697543282,-0.23653284542179795,3.7239983333933924
-0.006220228799829881,-0.006586905258653818,0.0054636902628609285,-0.0060510439911485026,0.22142477156282683,-2.641692121722777,-0.21518398679096354,3.7282550938259074
-0.0062536627493371445,-0.006548087949940239,0.005522227202223492,-0.005993547797215852,0.20764119743100565,-2.6349535286038663,-0.27575134619551694,3.7178942877232815
-0.006264694199597762,-0.006536586106546965,0.005541293562580602,-0.005976593524063822,0.203450638382873,-2.633273812286507,-0.29483113022404955,3.715737071418817
-0.006235561858626733,-0.006542072406870283,0.005490684531433921,-0.005977831386723199,0.20688367541667185,-2.6193172526340587,-0.2593468568327834,3.6863530027096303
-0.006274816962733279,-0.006524381851781908,0.005558637127957586,-0.005958039490119569,0.19921271035577434,-2.630332354474882,-0.31324640376967433,3.7111724042809198
-0.006320834293411873,-0.0064843715098483,0.005637071220671724,-0.0058994467501481684,0.18401771716434648,-2.6265781130759156,-0.38802243699440253,3.709751612096023
-0.006297741849525996,-0.006507266816014274,0.005598024420882336,-0.005934047003877182,0.1925325721353728,-2.630964825271398,-0.3489515448393816,3.715032217099209
-0.006282686105470784,-0.006512416848841371,0.005571922787991686,-0.005939208354180207,0.19497365604521366,-2.626059019121492,-0.3288289248863445,3.7039186437128384
-0.006302272796255597,-0.006487682023746291,0.005604793585223824,-0.005900881213357671,0.18640075668537603,-2.618682865611913,-0.3645136960638859,3.6922761970893325
-0.006401990325624872,-0.0064461675225384076,0.005776712674901437,-0.0058485393595220465,0.1656566807401404,-2.6390671138330375,-0.5059535068550375,3.746865890411485
-0.0063896446741239545,-0.006456383976389347,0.005756037004397672,-0.005864469081507028,0.16977501111591056,-2.6411732170733084,-0.48578195300300964,3.7485305551728847
-0.006568600099434311,-0.006260853142323653,0.006031656035835823,-0.005535032022005948,0.09771135896198833,-2.548973619745263,-0.7841792107259612,3.6189373625457044
-0.006575016623137507,-0.0062421143747662155,0.006037198992767987,-0.005502113329180206,0.092725501357172,-2.5348743408444316,-0.7961830640538395,3.5946221519422985
-0.0063992568355257535,-0.0064308385113611395,0.005769706668815901,-0.005820781482664021,0.1616355537680154,-2.625197364801614,-0.5090356577410082,3.720171072294024
-0.0064076571891763315,-0.006419146595101895,0.005782892320776025,-0.005801453194769452,0.15752042845959793,-2.6197458951259383,-0.5244983601268914,3.711532913236908
-0.006418253790238456,-0.0064072483893482,0.005799806978028428,-0.0057820281500421825,0.15308854467920394,-2.615016970305987,-0.5427167668210945,3.704767308550061
-0.0064316469454130665,-0.006398877399589953,0.005822148357136483,-0.0057691497489241374,0.1494787752031358,-2.6142770523395993,-0.5631243074868029,3.706159111213059
-0.006439527566339683,-0.006385495957917334,0.005833742416024971,-0.005746498641933686,0.14492944773630756,-2.606755711010583,-0.5782248032231023,3.6937247077435535
-0.006450074474766293,-0.0063735178172979025,0.005850164659444749,-0.005726611130358009,0.14062912364769642,-2.6014178005688393,-0.5961040044263864,3.6860508085209447
-0.006544239346425325,-0.0062815205079888295,0.005994741833091919,-0.005571026116801215,0.10585152613514437,-2.5591759326735057,-0.7468890762290522,3.630935760568703
-0.006535378906338959,-0.0062954631248873,0.005982946635320409,-0.005595332767110527,0.11040799381244357,-2.5681531958760155,-0.731809144861765,3.6452159242673132
-0.006520172623003867,-0.006301925235652295,0.005957817573827449,-0.005606054408501428,0.11392424774800955,-2.5685190106088522,-0.709752621024811,3.6417724396590296
-0.006462138542500713,-0.006361839499022407,0.005869191966793991,-0.005707317928272192,0.136203078519566,-2.5967917470040636,-0.6157558577954373,3.6801370476267334
-0.006474943457058705,-0.006351460143074731,0.0058896745897034095,-0.0056902537635238415,0.13188410931305714,-2.5933427404836213,-0.6358656422311966,3.6766989684210145
-0.006488282307499077,-0.006343107451316808,0.005911450277832749,-0.005676685608796839,0.12826044823995011,-2.591572775875101,-0.6560650144114423,3.6766304143732533
-0.006507436906303347,-0.006316683377380501,0.005939079719246658,-0.005631375570711888,0.11923572083254663,-2.576489278034238,-0.6889647379310205,3.6532947194997374
-0.0064966756241275295,-0.006330042217816242,0.005923289575820535,-0.005654234212214437,0.12385297720020437,-2.58378993779781,-0.6709983820701709,3.664172627683999
-0.006548553520986591,-0.006260571133824834,0.005996364894083711,-0.005534316947996414,0.10054606754247582,-2.542826464673731,-0.757045021137778,3.60175902471889
-0.00637196061203256,-0.006451300185565746,0.0057240022175885545,-0.0058520296528247065,0.1700378255170413,-2.6279771580448297,-0.4658771656643849,3.7204260002507126
-0.0063452463738849175,-0.006463209399679434,0.005678146940739637,-0.005867634289228432,0.1759368552428711,-2.623412714997805,-0.4275990434521208,3.707392077494027
-0.006354094867690618,-0.006447854818735978,0.005692109767268332,-0.005842443719926673,0.17071342149758847,-2.6160107272355977,-0.4454511041476797,3.694834578855494
-0.006327187372392094,-0.006463436045349347,0.005646482237385768,-0.00586417658857197,0.17748367123801959,-2.613884243371848,-0.4058795875671464,3.686642190687093
-0.006767699821571379,-0.0061294113738184,0.006332193963706667,-0.005287840555977378,0.03961892226563108,-2.4711408149804424,-1.0761035181451595,3.5442592338047576
-0.006755601682396116,-0.006139257536302021,0.006315426403588036,-0.005307080601406638,0.043437674018180765,-2.4788024344110826,-1.0588544297496707,3.55366198822192
-0.006743414241191673,-0.006149160242018194,0.006298399032620516,-0.00532631918719943,0.04732992701519611,-2.4863399696089448,-1.0413582451811065,3.5628715242547173
-0.006764591133656693,-0.0061131004672474966,0.006319206219742412,-0.005259801637456978,0.03735236624777741,-2.4567719377378694,-1.0704251969558014,3.5158088473623743
-0.006776010397097102,-0.006102319002095899,0.0063340729951143065,-0.005239019266085731,0.03357198660451643,-2.44818210865526,-1.086229361347586,3.5043978469155745
-0.0067883076398681415,-0.006091321797046277,0.006350220969937959,-0.0052176044137640576,0.029627264004095325,-2.4393098736912218,-1.1031241510208991,3.4928891527031234
-0.00680127196988074,-0.006081954425489775,0.006368174322786443,-0.005198776989744521,0.025889042875125872,-2.4316975745038434,-1.1210029147244815,3.484118355263537
-0.006813328302092406,-0.006073115575811132,0.006384698102107193,-0.005180931381803491,0.02240180791896482,-2.4243411324111093,-1.137547024110576,3.475529420448938
-0.006824416784136817,-0.006062804936458224,0.006398686664556429,-0.005160645877912904,0.018883091645691828,-2.415588312868016,-1.1523405615561637,3.4639278615914812
-0.0068359397626588546,-0.00605214082498079,0.006413109301270544,-0.005139569048915805,0.015266839508452241,-2.4064172976608824,-1.1675544077947773,3.4517837951854413
-0.006715649426474071,-0.006152268313578166,0.006250939306298099,-0.005335466747698205,0.05260139162079517,-2.4859137590508222,-1.000937504246523,3.551015601563067
-0.006727991283819151,-0.006142424228144258,0.006268354166069642,-0.005316619898878498,0.04870510255056087,-2.478851087835053,-1.0186139405999965,3.5425511626738104
-0.005651631283356995,0.007198138430594725,0.004342999101561703,0.00674612197127229,0.39174264598140995,-2.4456094006360387,-0.7400211025926139,3.450927777695371
-0.0056342790432263425,0.00722077783813179,0.0043041121034050915,0.006767365478189681,0.39581656369585455,-2.4331440381074234,-0.7693169621641186,3.434806824454822
-0.005623119344395257,0.007248184683354401,0.004271381347368728,0.006799939938276377,0.40287354208439813,-2.426488797230066,-0.8020639799603254,3.4309165939188158
-0.005597889286155996,0.007255173217356229,0.004229837169210182,0.006791274643907305,0.4002151965609747,-2.40419493068541,-0.8152622956006873,3.3924326024119305
-0.005581832113066517,0.007278772535850728,0.004191890208747938,0.006813732729687486,0.4047446803638994,-2.391828801135684,-0.8442817088905857,3.3772714078605115
-0.005547405274744641,0.00736809796311766,0.004083924979643561,0.0069162298875288875,0.42481963012175855,-2.364865020161933,-0.948575515322294,3.3578606709689622
-0.005519040712573507,0.007377715378524244,0.004036832265549129,0.006907069652032219,0.42152688342666583,-2.3391332264171507,-0.9617742541109956,3.3140719582302007
-0.005551744384032585,0.007336844449568519,0.004111119969776363,0.00687471212336557,0.4164257397090155,-2.3680330924450215,-0.9129786017449925,3.3527777400196768
-0.005562839233561599,0.007305851761359089,0.004147241523710733,0.006838569198366337,0.409175134015409,-2.3765711057781744,-0.8772153089063471,3.3581234446842676
-0.005426605954704034,0.007555725410455927,0.003776207294576493,0.007075281813956044,0.4495737467466485,-2.243128339918019,-1.1615871568468028,3.2067878713404085
-0.005433849399801181,0.0075302787711678705,0.003806231890514884,0.007047289766048262,0.44451099594811855,-2.25305605210406,-1.133408332246007,3.2144697559003474
-0.005447215082041482,0.00750524668318299,0.003843873353642231,0.007024815489986532,0.44113677269735246,-2.2678449858949605,-1.1060012618826651,3.2315263443797826
-0.005430328133184067,0.007476083696269848,0.003843046645049076,0.006970859037316551,0.4288998566976439,-2.256063741457931,-1.07246862667793,3.1981973262071084
-0.005491239114302281,0.007388051284564448,0.003990490018521781,0.006899274455869592,0.4184362283419502,-2.314234934210535,-0.9749916583409438,3.2722248248632346
-0.00544527309402016,0.007449081282517087,0.0038833931554548597,0.0069464274199021745,0.42495521019202726,-2.2712622334984283,-1.0430885713724642,3.215820417019323
-0.0054660032433984035,0.007427392256788607,0.003927616266574876,0.006933600785270355,0.4239558475161091,-2.2906683493044286,-1.0192191933795713,3.243312198249057
-0.00546253762413038,0.007398231006581444,0.003943438991425986,0.006890437571249489,0.4149216741670156,-2.288844656458236,-0.9873020613304889,3.2295294506218037
-0.005398160561724722,0.0075647019808248546,0.003730985898907097,0.007062379907843079,0.44445587780667134,-2.217063757345253,-1.168480855299055,3.1621062819313024
-0.00537046625110392,0.007581864576620782,0.003680594348452772,0.007060838087480286,0.4412854999371428,-2.190635864447182,-1.1839981249169187,3.1204012232926974
-0.005030872195190118,0.00800529146682865,0.0028925455383509266,0.007251407942974462,0.42132416665909417,-1.8006572523320359,-1.5134566392427735,2.5906476687596007
-0.004998197263396057,0.008028734565023626,0.002835108601439679,0.007245334610029805,0.4141436068440001,-1.7696215248692773,-1.5203457949145567,2.543478738472643
-0.005080831864291334,0.007931075012355645,0.003019247923779992,0.007218460329753243,0.4267308950304885,-1.8651582740650636,-1.4644063031885663,2.6745697819292333
-0.00504383536278434,0.007966470790690582,0.0029447713394098384,0.007222431712796363,0.42016391281056803,-1.8260829430842098,-1.4827704629197596,2.618413090826126
-0.005336204719220299,0.007567976733124336,0.0036472098411528993,0.0070132437625131236,0.428683231577309,-2.164528704666027,-1.1640303190163477,3.066270112249598
-0.005308557060426803,0.007612337518475975,0.0035758107698549493,0.007046390945865909,0.43211399459235084,-2.133644368709085,-1.2071779167241463,3.0277387363458117
-0.0053157246075843404,0.007585634816156111,0.003606701242264237,0.007018491502300955,0.4275108486810222,-2.144594392990299,-1.1799078802301581,3.0368267586583393
-0.00528143340367958,0.007617480842743702,0.003537287093101765,0.007029516106914606,0.42618851427081916,-2.1108791728663836,-1.2077482304939673,2.987883713561917
-0.005093397249292878,0.00788437386853301,0.0030779301250642103,0.007178668993997591,0.4233765456349117,-1.8922811445853185,-1.4241813451664216,2.702013394155584
-0.005261895614978224,0.007641771629537509,0.003492767179165681,0.007043030124027092,0.4263022308166892,-2.0901995001118565,-1.2294104356325357,2.9599887028630203
-0.005102747897880896,0.00784860048649272,0.0031219533980192224,0.007147225246079725,0.42050681542430896,-1.9120041939746615,-1.3928905791054962,2.721540770392481
-0.005112080242381707,0.007816262218529473,0.0031622085190066624,0.007119077740564979,0.4176692482986649,-1.9297041853958827,-1.3647068290951114,2.739436253493115
-0.005236237394276454,0.007670762312699566,0.00343676286311924,0.007056574340281569,0.42534221515363685,-2.0635452766958124,-1.2538522933151555,2.9231165815903104
-0.005215235352548002,0.00770272391288809,0.0033838656875986015,0.007077127752376647,0.4261902243263583,-2.0393346637381815,-1.2816227487783738,2.8921628849329832
-0.005140336440930918,0.00779369262111158,0.003215012295951955,0.007118355131142853,0.4220729947599819,-1.9570803985390712,-1.3518422296571533,2.7803064784154685
-0.005193088631531972,0.0077321169740789605,0.003331695078662596,0.007092919020368506,0.42581012570375115,-2.0144938554740643,-1.3057069251428366,2.8591001405506162
-0.005167982637965225,0.007762419879337578,0.003275230649547247,0.007106530183079114,0.42444301758095965,-1.98697901987013,-1.3291116224274013,2.82164029084932
-0.007495469648830561,0.005672491742345133,0.007212407015371745,0.004174115059959979,-0.11941811958374977,-1.8856640736779866,1.9216321965596237,2.8597977905520433
-0.00749525362105946,0.005656405934951481,0.0071968463656648845,0.004150017381605961,-0.12150313547703141,-1.874424898658589,1.9127347366853782,2.8365069546199404
-0.007481886821520237,0.005680381264467138,0.0071992367550990964,0.0041967894106791906,-0.11599364966031005,-1.8992993277175592,1.909810242977794,2.876281147203777
-0.0074815473945121875,0.005664290848698606,0.007183612887290522,0.004172620198053346,-0.12031595480285844,-1.8880085023601467,1.9011143693764645,2.8527129052832234
-0.007871104159928416,0.005475864446977091,0.00754010470141071,0.00354808051268456,-0.14122887485690105,-1.496619755454937,2.192569508438952,2.3986058274149142
-0.007858070017996217,0.005466596958649885,0.00751314566350652,0.003549727241264018,-0.14307792120628562,-1.5026822768643997,2.173735995358538,2.3964462065599084
-0.00785690150535659,0.005482574976576023,0.007528917047541315,0.003571758815995909,-0.14083568517777326,-1.5116205720948563,2.1840154690440086,2.416153402785956
-0.00784383564633196,0.005473336578435108,0.007501880281401114,0.0035732700068401295,-0.14320296574648048,-1.5175468411680486,2.1651020890932036,2.4138271147688553
-0.007842720031054358,0.005489330079069644,0.007517650913918529,0.003595410730129487,-0.13984033459395762,-1.5265780069619346,2.1753428938754635,2.433732048406683
-0.007829628282928625,0.005480147541838024,0.007490574609097141,0.0035968055976426812,-0.14325693001109455,-1.5323862351563386,2.156368208538637,2.4312191622279027
-0.00782855988196046,0.005496129685063256,0.007506316358392596,0.0036190151193158785,-0.1393005963101946,-1.5414828042468096,2.166587965561822,2.4512764019640296
-0.007815451266825603,0.005487008158839606,0.007479210884870121,0.003620305553879663,-0.14300196429537113,-1.5471871243035897,2.1475271264174087,2.44860214621016
-0.007814421202973038,0.00550297372456129,0.0074949182065528405,0.003642561991191616,-0.13990569111893436,-1.5563461300851265,2.1577539047756127,2.4687188852728172
-0.00780129446367172,0.005493884831663548,0.007467743642419929,0.003643736380637703,-0.14244337405370108,-1.5619334046696578,2.138566973999921,2.465924890278482
-0.007800304138943855,0.005509862126966205,0.007483448382880595,0.003666068095871803,-0.1409523015893092,-1.5711862155946326,2.148796324995516,2.486074497761633
-0.0077580840129219475,0.005530792832404855,0.007448539303209361,0.0037364845495429853,-0.13708889953133963,-1.6154864709542263,2.1209934072924406,2.538378326725267
-0.007744826668680969,0.005521853522351875,0.007421089140069624,0.003737158844252311,-0.14138194676826976,-1.6205229867971191,2.1016552265029236,2.5348149810050757
-0.007744054766749506,0.005537858013848691,0.007436770379882138,0.0037598541500455805,-0.13712358556330137,-1.6301388308706202,2.1115473001590743,2.555738513881272
-0.007772135412910413,0.005523771746035272,0.0074602504848322905,0.003713046508294513,-0.1387456944412548,-1.6007785192154171,2.130378261578458,2.5209092418956986
-0.007758905526793093,0.005514745264682514,0.007432807998068364,0.0037137975406438127,-0.14179249207898662,-1.6059112651632823,2.111031828435848,2.5175684264666676
-0.0077862088325336065,0.005516794822133637,0.007471892460441971,0.003689562993588887,-0.14064799163835728,-1.5860047749197017,2.1396668884070738,2.503450103205303
-0.007773014271878444,0.005507711803031554,0.007444492484623558,0.003690435158083412,-0.14182304493313824,-1.591274682763814,2.120304255574219,2.500348314841206
-0.007787147935550023,0.005500771697885927,0.0074561555799689755,0.0036670960617713384,-0.14195350240580287,-1.5766222120587061,2.129486930778724,2.4831575084141284
-0.007730765934161552,0.005528984354310623,0.007409270307155187,0.003760461424898258,-0.14052213630533036,-1.6350833915080099,2.0921461464975404,2.5520155542107967
-0.007730047808600201,0.005544967222482057,0.007424934011954206,0.003783174683964229,-0.13796742855504052,-1.6447623668304463,2.1020076601178794,2.5729772943855456
-0.007674245540973594,0.005573842953947663,0.007376810890618035,0.0038761733592980094,-0.1347898786741342,-1.702846377438403,2.062736218056342,2.641712336066579
-0.007660802325382768,0.005565181189010592,0.007348980837475949,0.0038762445565911122,-0.1364723188139074,-1.707064924189995,2.0427867050703785,2.6372348783202884
-0.007688162004634453,0.005566558325275475,0.007388935753048661,0.0038530098750878612,-0.13400349583960075,-1.6883956569807912,2.072665150700231,2.6246704265266163
-0.007674749122418684,0.0055578738818296905,0.007361202162841807,0.00385318843927058,-0.13777781912251472,-1.6927803817576148,2.052899915548189,2.6202837606384484
-0.007716712928049763,0.0055361204836566055,0.0073973227644149155,0.003783687483762937,-0.13969989604565825,-1.6495800390389272,2.0824941838491715,2.5691201655138047
-0.007716063272701482,0.005552120389927699,0.007413011263248518,0.003806483570695052,-0.13728204558972687,-1.659361057379386,2.092329200994164,2.5902037395076136
-0.007702683595873208,0.005543303838291141,0.0073853081042497765,0.003806875754898694,-0.1392647931444765,-1.66402394135097,2.0727268185122063,2.586171766068158
-0.007702101293295658,0.005559317447314378,0.007401004362860117,0.003829776478674855,-0.1350599655760484,-1.6739092451437056,2.0825298572174944,2.6074697253415273
-0.007688699816480771,0.005550566784381549,0.00737328485527666,0.00383005358413376,-0.1387910576750813,-1.6784272084550034,2.062870073523145,2.60323614508084
-0.007495013581052385,0.0056399724637185775,0.007181574755666186,0.0041259301890718076,-0.11897817703506504,-1.86613826836763,1.8978212392884188,2.8172588035778428
-0.007508894297771882,0.0056323065619632165,0.007195026635294679,0.004103540393046706,-0.12051364657296061,-1.8526174452405295,1.9096214331936725,2.8012593801345216
-0.0075225971677117,0.005624641433814284,0.007208073191740333,0.004081205228361847,-0.12187254840111207,-1.839141419624007,1.9210120060125095,2.7852386290531723
-0.007536219386223054,0.005616923617090533,0.007220809678312131,0.004058773031729628,-0.1231997621729664,-1.825639745931315,1.9320686547061319,2.7691131025802806
-0.007549908131066495,0.00560929013896497,0.007233577421746201,0.0040363260919903795,-0.12447847008980502,-1.8120710028336162,1.9430973426619997,2.7529595949811285
-0.007563534494919114,0.005601633734141179,0.007246091317133136,0.004013816956303761,-0.1256300955195252,-1.7984714445822976,1.953844005616553,2.736715123656722
-0.007647149163037203,0.0055561778452392465,0.007321216561166521,0.003876194530060511,-0.1323924977971229,-1.7144938611463336,2.0172751101461155,2.636887841873951
-0.007633081931925569,0.005563411753438326,0.007308547455516787,0.003898966631278368,-0.1314413602762379,-1.7285929669746023,2.006680096114455,2.6534525630354113
-0.007618968695674365,0.005570736605456984,0.0072957556022239115,0.003921821015291206,-0.1303484403055054,-1.7427037348498795,1.9959343411055845,2.670054929474263
-0.007577180467471607,0.0055938912505089046,0.007258407615431434,0.003991088926114632,-0.12669879233696035,-1.784763599188419,1.9643603757258876,2.7202823941866434
-0.007604834932996844,0.005578227664079155,0.007282947651164831,0.00394484313239736,-0.12909143458617445,-1.756834532782344,1.9851365571604564,2.686754574421465
-0.007590916117455711,0.005586022841015983,0.0072705869309942425,0.003968029624290179,-0.12785432700205443,-1.7708739128107716,1.9746920005077382,2.7035670141770267
-0.0073735682741491,0.005729098674566959,0.0070764842330255035,0.004351687656208318,-0.10559827692335104,-1.9940948847042976,1.8043379648805546,2.980376879719479
-0.007374129498678272,0.005745025956567024,0.007091502917917929,0.004376372911736823,-0.10064479926256532,-2.0057632662131315,1.8121266080382403,3.0052752504767284
-0.0073601698306427765,0.005737366451324861,0.0070627371196755615,0.004373858718741142,-0.10339002075379922,-2.007007888552389,1.791681218214368,2.9959819517388433
-0.007360774994305903,0.005753296411412851,0.0070777217377076046,0.004398625766278603,-0.09864419414906704,-2.018801780662405,1.7994155480000886,3.020988496423056
-0.007346792557926225,0.005745673896258714,0.007048911870465783,0.004395986010135502,-0.10119556716517873,-2.0198413307903285,1.7789018805750405,3.011503707818546
-0.007347446524517867,0.005761608788737447,0.007063870997329642,0.004420834824374596,-0.0965729212024574,-2.0317730796978557,1.7865864800385698,3.0366124116181257
-0.007333432375990576,0.0057540233840453515,0.0070350037511994765,0.004418076389811732,-0.09887107111913392,-2.0326008931312494,1.7659988674223701,3.0269499303348706
-0.007334144221965788,0.00576996300598664,0.007049953588731937,0.004442995443459381,-0.09494547168931587,-2.0446741205675085,1.77363837226427,3.0521269593712694
-0.0074278052047061765,0.005712364995121045,0.007145927803407889,0.004286930312693807,-0.1082048090248219,-1.952958281343719,1.8618175946298592,2.941541402090483
-0.007413887589254331,0.00570454035517589,0.007117257577850887,0.0042849282280565185,-0.11165112368310647,-1.9549159142944357,1.8415554815237456,2.933120519914524
-0.007441287888022461,0.005704305373048565,0.0071593474309076316,0.004264481295157052,-0.10897774678824808,-1.9396251432083276,1.8739169530496376,2.9254197958830788
-0.007427347280135262,0.005696447212372231,0.007130671883711488,0.004262623737645257,-0.11380076908598298,-1.941719167995512,1.853703757082559,2.9172279760919797
-0.007454795807560529,0.0056962881580212045,0.007172701981179985,0.004241980837694093,-0.11030649473654892,-1.9262535034236168,1.8859288165645907,2.909157776751426
-0.0074408182151225076,0.005688365558844771,0.007143970891083575,0.004240242387998181,-0.11589635876797576,-1.9284266862122725,1.8657194620474975,2.9012130484667744
-0.007468328829897483,0.0056883134290081185,0.00718599887560743,0.0042194161989767874,-0.11272274145838267,-1.9128215115774256,1.897893675377664,2.892758930743586
-0.007454328506921774,0.005680294902149555,0.007157193916870352,0.0042177659788639466,-0.11768188830921898,-1.9150326326476106,1.8776168998104736,2.8850931350284448
-0.0074679020730145,0.005672259829020924,0.007170395417943293,0.0041952132296647175,-0.11911362323534426,-1.901551592051612,1.8894105793700946,2.8689129077626916
-0.007372898673294353,0.0057129089522773785,0.007061705415983118,0.004327243134252783,-0.10279102135232308,-1.9846848961333488,1.7903862646642545,2.959790445427927
-0.007386331053757463,0.005704640771701494,0.007075254465248913,0.004305073012518655,-0.10478327108835116,-1.9718122379470702,1.802741885026126,2.9442578391475176
-0.007399783187673216,0.00569647916979238,0.00708878176545697,0.004282964153383146,-0.10673969536934147,-1.9589106903383815,1.8150235454400454,2.928736721901947
-0.007320084143224836,0.0057624047214304116,0.00702099729133416,0.004440116289852651,-0.09648497082867524,-2.0452807882807273,1.7529661628334352,3.042294247399907
-0.0073208682191713715,0.00577835898009388,0.0070359624495604,0.004465118851585844,-0.09283715042275487,-2.0575019217336914,1.7605543193152997,3.0675587781351847
-0.007307618648521539,0.005786796627480345,0.007021897650238559,0.004487204888868501,-0.09017889449912893,-2.0702442232845724,1.7473327429528258,3.0829271821684383
-0.007306754545404977,0.005770828054360108,0.007006910755608981,0.00446211597011572,-0.09420488090906853,-2.057882930944313,1.7398131155249803,3.0575450657838137
-0.00725488733011826,0.005820962260321794,0.006964937098526047,0.004575117863072137,-0.07917757129446654,-2.120245194773404,1.6930830575018678,3.1436351256402353
-0.00724053132368752,0.005813641540945512,0.0069355377993553,0.004571532671718223,-0.0823866087546476,-2.119773465392567,1.6723938660935467,3.1325555727630268
-0.007268029851185397,0.005812358765846113,0.006979289077567254,0.004553194106710194,-0.08275928509536745,-2.1078997690645465,1.7068549554395007,3.1285288682991292
-0.007253702557284199,0.005804971209590331,0.006949900104690233,0.004549713570300629,-0.08469537939959794,-2.1075419947332574,1.6860925099914077,3.1176980904919382
-0.007281199332500348,0.005803796605215207,0.0069935665752329885,0.00453123388196097,-0.08576644634814952,-2.0954463767589613,1.7204958718807495,3.1133902417084904
-0.0072669225513121195,0.005796364573153471,0.006964244707152802,0.004527871956454487,-0.08698066268252926,-2.0952393651458383,1.6996884668640941,3.1027898915435554
-0.007294395642263587,0.005795275864055084,0.007007766864586405,0.004509241430597747,-0.08794826128073234,-2.0828924960693604,1.7339840939282345,3.0982038388776956
-0.007280176313786388,0.005787814582106203,0.006978543348605828,0.004506003245809564,-0.08939833917598738,-2.082866180846411,1.7131774081941058,3.08780927385493
-0.007293452783138324,0.0057793023791600584,0.006992764239895776,0.004484084543061685,-0.09187333233898189,-2.0704134129701273,1.726551385748243,3.0727241509094365
-0.007132603631380332,0.005850652714971382,0.0067879917493925005,0.004690586871264568,-0.05924686095498249,-2.1900040672381738,1.535455785235537,3.1971478896191172
-0.0071457394620223075,0.0058417902059785245,0.006803043505731256,0.0046694773071966214,-0.0620742849147763,-2.1788243112920713,1.5499859333538009,3.1836379944277104
-0.007186804560068043,0.00583249870216876,0.006863134665668679,0.004632722482439788,-0.0694618337406548,-2.1566580462420677,1.6038319672232308,3.1679186251914753
-0.0071998012045590585,0.005823759664767436,0.006877618239707853,0.004611377302556098,-0.07203702885831058,-2.1450300486749243,1.6177644047037363,3.1537702777988676
-0.0071589580360479806,0.005833157646328145,0.006818260624299678,0.004648598299756407,-0.06485464295682065,-2.167667428607338,1.5645857279452355,3.1703011910469407
-0.007172139087708993,0.005824734122720907,0.0068334359863910865,0.004627974654072637,-0.06757200705590621,-2.1565562008476857,1.5790806821106511,3.157103902074383
-0.007212797041215081,0.005814946872702527,0.006891903284909052,0.004589818505854317,-0.07458276547893054,-2.1332473623409345,1.6314716551032997,3.1393690563701515
-0.007225873031277575,0.005806122499990352,0.006906165282473893,0.004568103091204228,-0.07715641146126273,-2.1213231833598756,1.6451048876561185,3.1247970061375163
-0.007117308843830863,0.005841985704085381,0.006756753426006445,0.004683926067048093,-0.0567418557134181,-2.1885449726217647,1.509326994964885,3.1842483091670086
-0.007104257825163632,0.005851199047517829,0.006741942135776666,0.004705252398253034,-0.05388028529182407,-2.1995889559255004,1.4949683804541645,3.197775065356159
-0.007093504106441891,0.0058782428006049865,0.00674321251717063,0.004754811161061959,-0.05047151815136001,-2.2235010947540625,1.4917724903914296,3.238195947122479
-0.0070805891473550596,0.005887700382183458,0.006728376367551532,0.004776398114037396,-0.047454282115364115,-2.234597662976604,1.477154673267405,3.251946333708293
-0.007091101843257096,0.0058606233035530565,0.006726963941042582,0.004726875308444434,-0.05094911202193134,-2.210708197909326,1.4803856149018786,3.211447074392115
-0.007042259778069442,0.005915778121987286,0.006683499396620346,0.004839895911246153,-0.038227899222631506,-2.2668231739840423,1.43276243385062,3.291741340306927
-0.0070549726334729205,0.0059064354582353895,0.006698504417204098,0.004818883044023176,-0.04134086568072876,-2.2562343443743225,1.4476383589728148,3.2786720796728948
-0.007067747620019701,0.005897085343394378,0.006713467737081455,0.0047977335364755075,-0.04439812575579369,-2.2454996378111107,1.4624399174164122,3.2654216229493156
-0.007027216537754773,0.005908628708722943,0.0066536361560277256,0.0048341561690892175,-0.035894116407568975,-2.2647101017227294,1.407970399098038,3.2787546132058867
-0.007014263194246081,0.00591732274523761,0.006637663412384827,0.0048538787346729985,-0.03275726085819921,-2.274468069150473,1.392408531933458,3.290278256738772
-0.005897091415668752,0.006949209245999107,0.004844719296763972,0.0065172362550445714,0.3383184837609107,-2.5966379443475307,-0.36663836139791256,3.66910630184632
-0.005880003699193061,0.006965067768407398,0.004810975872546505,0.006532943341415707,0.34243897565947434,-2.5879376482819265,-0.39317899092454417,3.6558873633954634
-0.005911027280460113,0.0069150114880898094,0.004879297153568995,0.006469151099357341,0.327650769479487,-2.5940862639015454,-0.3243207102707663,3.6584114045618468
-0.005892247486141832,0.006925193225589706,0.0048450934299404695,0.006475012310053918,0.3297785194557927,-2.5821389798723016,-0.3464812019033892,3.637915663367121
-0.005965814791718214,0.006841897584131523,0.004991731225634744,0.006378156245162705,0.3058358101403897,-2.606180631155068,-0.21761073910006498,3.670343890486127
-0.005946856228334062,0.006859128714445526,0.004955517797644567,0.0063967297445612714,0.31081013075711433,-2.598785190100037,-0.24723117090585767,3.6587502725953773
-0.005925920281175804,0.006874214967481327,0.004916569848020573,0.0064103195169288,0.31464626566638093,-2.588268170569257,-0.2759582047994487,3.6412431795132503
-0.005914555297441758,0.006893478804790323,0.004891996525287884,0.006435737832523836,0.3206353782192581,-2.5874389597510397,-0.3015995106589488,3.642573437576658
-0.0059852553972222855,0.00681084859671167,0.0050320182088568624,0.006336363717681534,0.2961987642883092,-2.6063361137579597,-0.17517943979970566,3.6669089721241988
-0.005993561676782957,0.006791741319195502,0.005050354406930835,0.006308570357597629,0.28999068407315093,-2.6029782569826296,-0.15224265275829105,3.6585586218393202
-0.005963137747676005,0.00681828362329455,0.004993394331753542,0.006337546367753524,0.2978697964478662,-2.5920377425000543,-0.19876020205152725,3.6409157475456033
-0.005809093928097334,0.00702201510609225,0.004673942764854672,0.006580740455837662,0.3551663381988183,-2.5453630204727706,-0.4909021635953164,3.588780542756045
-0.00583240888388053,0.007015033882497759,0.004714231978046261,0.006584433393592613,0.35533616462898737,-2.5640305323071177,-0.4713164518152065,3.621675668200646
-0.0058604810417637,0.006979474981314868,0.004773754844000008,0.006544489136485511,0.3457076339886363,-2.5761557102344868,-0.41941388398703877,3.6368282356846096
-0.005843380525609942,0.006995817483281185,0.0047397005903336,0.006560354462011842,0.34966110747456597,-2.566967715989789,-0.4457507527431616,3.623105220465702
-0.005739764672603544,0.007074744949413051,0.004541307682877318,0.006618600819620979,0.36447837594522675,-2.498867322627365,-0.5778114392297509,3.5155817165021443
-0.005738210100770234,0.007044767783944347,0.004552573923447306,0.006571006318050218,0.3545523203037843,-2.4891403784930066,-0.547911383342222,3.4910591220455003
-0.005780261723278145,0.007005253400649046,0.0046352410817339105,0.006535963983248663,0.34648072956046944,-2.5141010184141663,-0.48862939119280796,3.527946114799758
-0.0057567992059112194,0.007026834889969078,0.00458935561133005,0.006555001563601837,0.35088893649026764,-2.5002160568075316,-0.5214728816778552,3.5072458958303048
-0.0056618106312630355,0.007148577178543763,0.004385197494510574,0.006678611187249919,0.3775467766771669,-2.4459306493945507,-0.6839667989977948,3.4378357976086433
-0.005640839418442126,0.007168896279863182,0.0043428436355346526,0.0066944304481122855,0.3806831680203881,-2.4308856553984657,-0.7117618967588695,3.4159613730617546
-0.005706132749599795,0.007085937006033616,0.004484058062133423,0.006613500847148635,0.3639187202739857,-2.4716612814938315,-0.6031520881797509,3.468804043719411
-0.0056778454512238855,0.007100661526659221,0.004433763587341871,0.006617040432448186,0.3648460138307934,-2.4500978198743257,-0.6288162695517712,3.43328041485421
-0.005652720075057758,0.0071182408530491665,0.00438708161054793,0.0066266286136424666,0.36680888943094997,-2.431777743180223,-0.6554627130004539,3.4045291518667393
-0.007001417882705853,0.005926722647224873,0.006622194711840311,0.004874630019807022,-0.02957346462626227,-2.2846276426528527,1.3771119460381103,3.3027155624355635
-0.006988738323179075,0.005936718166013199,0.006607239846852342,0.004896216030753236,-0.02632441619720861,-2.2951051535692906,1.3620931265939127,3.315923059044995
-0.006238954114453242,0.006572787797199619,0.0054965887516959,0.006032309764475076,0.21599688941112813,-2.6437265111424924,0.2446160296588845,3.7334588151483783
-0.006220705931843737,0.006580861191176451,0.005464638953664564,0.006040667333811602,0.21940378069950617,-2.637717724192665,0.21963260374348179,3.720546874984333
-0.0062011915298002375,0.00658912829259509,0.0054305357135309386,0.006048710675394947,0.22295023011039652,-2.6307440508226887,0.1934903641531445,3.7058878839703167
-0.00618290654464198,0.006598913098134054,0.00539855671698343,0.006059518486651246,0.2266829548079501,-2.625340296166616,0.16796394052881294,3.6945472130166324
-0.006413701072272519,0.006406429433558462,0.005791616547171621,0.005779888503681635,0.15345829696660637,-2.6122105912375666,0.5371843465759355,3.6985228848537206
-0.006259515886948516,0.006549204351839926,0.00553247759827637,0.00599719192417581,0.20752460314360643,-2.639436926367683,0.2817560518329058,3.7269862846224338
-0.0062404248215488095,0.006555459680043622,0.0054991924536188785,0.006002511303669374,0.2105399637223486,-2.632067797707012,0.2567349371649996,3.711137370957338
-0.006275713209997736,0.006523040358829633,0.005560157265602842,0.00595593110409194,0.1986060696019881,-2.629857850302671,0.31509201453480246,3.7103109407334034
-0.006259658153456878,0.006531175562395762,0.005532376948222158,0.005965744007704602,0.20208077707191532,-2.62620390785871,0.29229452513737275,3.7016574810532075
-0.006319841592505888,0.006476245800577805,0.005634700780240112,0.005884963700299408,0.18158535369683615,-2.6197288841275754,0.3910265037321834,3.6965996250385724
-0.006289628466924561,0.006513025668666908,0.005584097892097326,0.00594207101795663,0.19462644054831282,-2.6305939278678365,0.3366036507624162,3.713300946949826
-0.006304458213299418,0.006503696427905819,0.005609614404054556,0.005929460280588114,0.19081221995555045,-2.632133540168225,0.3588091423238877,3.718058156182552
-0.006303630129766186,0.006485285716319146,0.005607003767127501,0.005897013857556526,0.18548676329898958,-2.6176126329276954,0.3673842828213844,3.6903796900950865
-0.006393336784308941,0.006412657935796866,0.005756633213463521,0.005787653380636577,0.15712965255168157,-2.6076316980320935,0.5091300264869439,3.6859493460027575
-0.006334312645823569,0.00646527903791294,0.005659132034642395,0.0058689431820163965,0.1772357427559483,-2.619153095577103,0.41363241166848125,3.6976182937046063
-0.0063516461595116355,0.006451967044756389,0.005688255677670713,0.005849179509796436,0.17199135306552887,-2.6179794902311735,0.44074477363696646,3.6980954794467573
-0.006364372821171718,0.006434928793953128,0.00570867894585176,0.005821723731035278,0.16605173329082037,-2.6111003214077715,0.46392227813407166,3.6872659120825797
-0.00637746011375985,0.006422654674808047,0.005730107739850069,0.005802539849156811,0.16140971729099718,-2.6079064936685206,0.48530635062144595,3.6835491834892786
-0.006476385068964067,0.006354616389784673,0.0058929094120193344,0.00569599316038541,0.13265533595240786,-2.5965542029793496,0.6367734509173094,3.683067619700219
-0.006465126773072494,0.006362241054860619,0.005874566321357292,0.0057083497559272806,0.13595748599532262,-2.598356796113101,0.6195147882910766,3.6837604868026754
-0.00645234771147945,0.006371683430456105,0.005853833928649203,0.005723633743674597,0.13987690519310017,-2.600860094039893,0.5996713286428902,3.6855089053980845
-0.006439698746860875,0.006382292679339285,0.005833460521667346,0.005740850431342652,0.14410942256234086,-2.6041736885061,0.5795633125706176,3.688909386972971
-0.006427084092210847,0.006393579216764964,0.005813154586781211,0.00575912111995553,0.14853585911375247,-2.6078428741462982,0.5591995457105668,3.6930875916264507
-0.006162865435873712,0.006612513998751505,0.005363334811856398,0.006076014560176421,0.2317507734479646,-2.6210105646999775,0.13839990385948234,3.685457424151824
-0.006142807588089408,0.0066265040596299105,0.005327990509484837,0.006092818188430123,0.23665295361543967,-2.6165106178956736,0.10884128347414203,3.676312355713382
-0.006123165422362906,0.0066426988231486,0.00529306734961598,0.006113189647613237,0.24223490597911182,-2.6133246873979874,0.0784143838993162,3.670000404812829
-0.00611793645148562,0.006666590709292537,0.005281711448971822,0.006151960436806881,0.24993973698324548,-2.624855303712127,0.056242851498301,3.692762186412757
-0.0060973763274595185,0.006677579876228223,0.0052453725823548856,0.0061624938011558975,0.2537272124471957,-2.616815216795146,0.028695656860163832,3.6773699956089296
-0.005981270457863863,0.0067694745845285715,0.005034837755067662,0.006265628450565638,0.2825179912666113,-2.5812759329644663,-0.14330335945183284,3.615558290061504
-0.005995035019900757,0.006754023318558784,0.005060892844045422,0.006246480756763439,0.2778346248521664,-2.5838142759986127,-0.11966695154455086,3.6189370467907627
-0.006008278566584351,0.006740015533443271,0.00508565636107313,0.0062292785485844665,0.2734570267592335,-2.5864219020375923,-0.0976080995006786,3.622717322079795
-0.006024342915142794,0.006731619709063264,0.005113998701051616,0.006222522655321754,0.2711207187534386,-2.594102984279862,-0.07751289313121172,3.6366032118539406
-0.006077580951823323,0.006693994777353747,0.005209615654895351,0.00618222649797606,0.25912175051369307,-2.6123116391431265,-0.0018018379391728377,3.6692185505260886
-0.0060538888704565015,0.00670479335734071,0.0051680365796938086,0.006190451439061938,0.2625963936598401,-2.6010504631636207,-0.03116184236535029,3.648144379458039
-0.006033786959026182,0.0067174343049161206,0.005132276904327197,0.006202967685798699,0.26640888741192287,-2.593240008367193,-0.05835353918381358,3.6340070346404123
-0.0067819887217036,0.006073417625338585,0.006330698102773163,0.0051878489486744195,0.027935921754244475,-2.423799377788874,1.0922430160509522,3.461080775719036
-0.006761289553398377,0.006100037379278478,0.006307430566690317,0.005237640852086822,0.035797730248624954,-2.445366776529226,1.064716055304219,3.4930434164182946
-0.006767721804588592,0.00608509364386093,0.006311619427189568,0.005210654880138226,0.03222438538300579,-2.433012415549299,1.0728570308738252,3.4724751258887485
-0.006752048083450389,0.006123414019995679,0.006302023029449864,0.005279851835605947,0.04134412334220245,-2.464751304003617,1.0527332912457699,3.525696918076806
-0.0067492089133041975,0.006107044007934496,0.0062896784495574684,0.005251805747844908,0.03902696771654534,-2.4504762109144793,1.047815263067034,3.4977502789798147
-0.006739735592285956,0.006133377521981755,0.006284953751735955,0.005299137384790751,0.045196887079527896,-2.4722562259044167,1.0353152078796264,3.5348504723501635
-0.006727965618876418,0.006143876505496577,0.006268937820579368,0.005319168666095519,0.04905218132246892,-2.4801160755827714,1.0185650737052308,3.5449615721021392
-0.006715810380254139,0.006153615017649292,0.006251789149327571,0.005337808189659729,0.052888985643641084,-2.4871247499551967,1.001092073421274,3.553392996797132
-0.006702658473834784,0.00616312224139999,0.00623267643118669,0.005356036208892367,0.05686801117046941,-2.4936280422346475,0.9820961123822022,3.5605774123560905
-0.006962801744072173,0.005955877740592751,0.006575409469226453,0.004937894565796027,-0.019647368967721925,-2.3150873430184693,1.3304439669518862,3.340344181015727
-0.006975550093685279,0.005946203895296719,0.006590966836129361,0.004917029857412319,-0.023024510931639375,-2.30513836092085,1.3459844019650482,3.3280522658137
-0.0069487844637172325,0.005951474243025742,0.006549109825325741,0.004935322049535552,-0.017568953984361365,-2.313649019132145,1.3088344051609297,3.330195827087368
-0.006936430024468289,0.005957208304148159,0.006531729712162113,0.0049491324453826355,-0.014739498061153487,-2.320009242690325,1.2926674979974828,3.336003377517707
-0.006858803725260501,0.006012781697749975,0.006431553707540346,0.005066379944579144,0.005772493109282206,-2.3726372486004492,1.1938656234888485,3.3983745482490106
-0.006922464688656014,0.005965503555431448,0.006513059314825245,0.004967660891278702,-0.011332767733728695,-2.3284920497965693,1.2748105168675183,3.3451427103476514
-0.006872799696753501,0.006004650050468827,0.006450984810250607,0.005048761959950788,0.002176010222349355,-2.3651325970045005,1.2123954324502417,3.390683918318072
-0.006886885369891551,0.00599855911425209,0.006471592439467698,0.005034446026918541,-9.872300501305852E-4,-2.3591058925307573,1.231413699299293,3.385948701879893
-0.006897043788206399,0.0059863650585456766,0.006482019420818198,0.005010773848719422,-0.004393353327016659,-2.348201334073432,1.2433554082005054,3.370130947195133
-0.006908886964700048,0.005975376353605906,0.006495828306818619,0.004988591855049379,-0.007769466691202087,-2.338044680118237,1.2577853418929374,3.3566040268859276
-0.006841318940677666,0.006003007119070729,0.006396697440067828,0.005054317712479036,0.0074538867338481895,-2.3651986361143518,1.1673081864688155,3.3764785829596984
-0.006827826596360494,0.006013643048395863,0.006379368296634624,0.005075683072409849,0.011203896756249289,-2.374297025390683,1.1499923095156284,3.387664026774186
-0.006778382245523282,0.006054898867837651,0.006315667716065927,0.005156791034500848,0.025583452852428957,-2.4080565401218603,1.0854622819790922,3.4301229445515964
-0.006790241137341789,0.006044724024408726,0.006331008073480107,0.005137012229300919,0.02204062520977373,-2.399942455679659,1.1011111519677785,3.4198078281234072
-0.0068024588328304434,0.006034393676663055,0.006346751857769137,0.005116794670289725,0.018448936536240593,-2.39156765992417,1.117107643101919,3.4092172798615947
-0.006815014170549313,0.006024130854697025,0.0063629681778934735,0.005096514575718038,0.01485783474395888,-2.3831013526005838,1.1334582023699673,3.3986686800931203
-0.00668929806136212,0.006173752125338197,0.00621353152272919,0.005376118177716867,0.06110566937067408,-2.5008630012045643,0.9626962527181399,3.5691559204420513
-0.006677325489767443,0.0061853090098518415,0.006197047896106574,0.005397565602060697,0.06536894838335756,-2.5089212456666563,0.945126644501121,3.5798818101739474
-0.006655039901938251,0.006207249479054348,0.006166115247747287,0.00543794863896898,0.07333051126426439,-2.523872399057303,0.9119447072655454,3.5999523114242287
-0.00666595152499246,0.0061963911558501695,0.006181285757786255,0.005418017911277628,0.06933709642315704,-2.5165349978560916,0.9282546467884835,3.5900558121890396
-0.006628038194055072,0.006210255707688616,0.006119653947125364,0.005444772361084634,0.07802902488343692,-2.5208295237489096,0.8735702079810314,3.5850591435261374
-0.006640498477340419,0.006203489013320207,0.006139120972203865,0.005432220764203118,0.07476910949052107,-2.5176741283092174,0.8916771084720612,3.583346101089257
-0.006613876075601109,0.006219460208293721,0.006097981108421624,0.005461541954070017,0.08214212164558875,-2.5254829427768613,0.8528368042301991,3.589123652277571
-0.006539243077083731,0.006265771444677239,0.00598154765995008,0.0055432419497051175,0.10289438093611576,-2.544327635588186,0.7435576215937615,3.601923147624999
-0.006599165326347247,0.00623110615568292,0.006076048963548341,0.0054824357237143245,0.08678713882063306,-2.5318553207483547,0.8309519003354014,3.5963268881032278
-0.006550685883221348,0.0062546600398186965,0.005998384624510565,0.005524001251862055,0.09879684498353265,-2.538480288308961,0.7611160892123586,3.594254818770817
-0.006564114251194279,0.006244367171670011,0.006018807830544418,0.0055060835010579045,0.09461924830863495,-2.533719990928272,0.7810811201979356,3.5892548677000797
-0.0065794783970438905,0.006236132681398956,0.006043144872753054,0.005491593228097793,0.09063679293584408,-2.531003392603086,0.8032853510669556,3.5887378634348974
-0.00649688526771354,0.00632686913768828,0.0059229095851817725,0.005648646438816947,0.12310627046653887,-2.5811975583528484,0.6721890691808675,3.6593878477307977
-0.006482162977178127,0.006339733814394656,0.005899864842237214,0.005670187417247252,0.12811585766434164,-2.5863718026608233,0.6489823033080241,3.665387832213799
-0.0065255039665716675,0.006278021751980052,0.005960868294736476,0.005564285524338768,0.10759401258176061,-2.550220903562788,0.7225449264493661,3.6091255092670558
-0.0065113224700039385,0.006294520390084032,0.005940352006899499,0.005592590830409026,0.11330822028179,-2.559262466990551,0.6998923342087594,3.6221763344790707
-0.006493534475673053,0.006307238749139034,0.005912317148704342,0.005613870530097297,0.11858570307525908,-2.563549726699993,0.6732380511678161,3.625632023340501
-0.004318813160326551,0.010913607536056446,-0.001148379187061126,0.007379770779041302,-0.09853175341018706,0.7317132007321826,-1.9828508555243773,-0.2742670283585374
-0.004267497763206791,0.010844867543222655,-0.0010460512388037189,0.007360623428966039,-0.08759797533906864,0.6595853649073432,-1.963502027574873,-0.21637124445297437
-0.004310483410071032,0.010768692455879483,-9.722321983005996E-4,0.007430878977406768,-0.07388733010445793,0.6061179878575843,-2.0118008155531935,-0.1468150408960047
-0.004328610212187257,0.010668967955393313,-8.568149124448956E-4,0.0074833849621168255,-0.05527319653204132,0.5239831701460785,-2.044558174271541,-0.05558587831695283
-0.004409041045600664,0.010150122637899536,-2.0223422510380338E-4,0.0076699909195704135,0.054583481214788794,0.0693649128758068,-2.144514247497511,0.4446915733565952
-0.004376832908114851,0.010211942379648665,-2.814207527128628E-4,0.0076314714997575625,0.037753705712562154,0.12223531795833091,-2.1209245950084195,0.3781351509915341
-0.00434895504109048,0.010328038151381296,-4.2949104337572716E-4,0.007587677379395283,0.011828487328969744,0.2238899379854478,-2.097560306269013,0.26273076110990606
-0.00431231121200499,0.010253329985474739,-3.2786686751210827E-4,0.007561782141428731,0.02305738242580407,0.1519435501399584,-2.072030081971239,0.32444666434224917
-0.004303084255972835,0.010390653673054407,-5.015354472167589E-4,0.007530897007787862,-0.004012695771372892,0.2730923423788099,-2.0596619924285915,0.19583733194015226
-0.004266247019564735,0.010457628149442733,-5.778118686307936E-4,0.007480952506669622,-0.018919589412399875,0.32622728178179533,-2.0270211901537034,0.1283958496816039
-0.004278577162619768,0.01060810807473587,-7.663974714933309E-4,0.007453939755208083,-0.04617136314310468,0.4597917197239952,-2.0177905533159657,-0.005920542619997699
-0.004222642907059462,0.010536322144484973,-6.637100762603344E-4,0.007420171210693845,-0.035854397220141936,0.386600568926802,-1.98664036581706,0.051462958680171415
-0.004606003269835625,0.009199260404440664,0.0011290417009480246,0.007710594588215411,0.2714829824883295,-0.7952550871105198,-2.0768956860608054,1.41560600100909
-0.004596268209761749,0.00924983147272847,0.0010570164530200174,0.007721273765716325,0.2620588366368388,-0.7500647127477565,-2.0910716013788533,1.3653780571454626
-0.0045423954048513845,0.009700874126271198,4.2021621687671646E-4,0.007790915330047468,0.1702150718655903,-0.33966473297317007,-2.1924801599460895,0.9206840486208984
-0.004580749385365817,0.009325713468294727,9.484425492472581E-4,0.007733777780867449,0.2465635464096332,-0.6817950540061554,-2.1093958707935627,1.2888974950165268
-0.004576386179387755,0.009285557358594829,0.0010011180484081302,0.007714358121489876,0.2511399313612252,-0.7163729158643747,-2.0903905904368676,1.322291023230124
-0.004545065907326279,0.009353615575710288,8.982008728332036E-4,0.007706168495553186,0.23282107706608066,-0.6533095782654054,-2.09257504089397,1.2444727956676358
-0.004553664809761439,0.00949130203931499,7.134396955946798E-4,0.007757459470959398,0.21241983142779788,-0.531741736389698,-2.145818115462099,1.1235046078794977
-0.004535720801426714,0.009400767089100441,8.315955729526358E-4,0.007711931606650963,0.22312188550699988,-0.6109452056747746,-2.1022551066512603,1.197211525378601
-0.004525641184263983,0.009449550271351196,7.625481114074962E-4,0.007716255943678284,0.2123858856829149,-0.5670478056051464,-2.110938050887626,1.1480210785071894
-0.004534840078759623,0.009538960379070977,6.43083897426049E-4,0.007749934250416251,0.19926224152048824,-0.48763739449990146,-2.1455052530286736,1.0703030210139237
-0.0045319998175799205,0.009600782193194763,5.5733119281293E-4,0.007761144617586939,0.18726711594438933,-0.4315142226089307,-2.160257234014345,1.0112824284324973
-0.0045148431188106785,0.009653593476260451,4.810770631153803E-4,0.0077535591515117035,0.17331347917535772,-0.3829192157091759,-2.1601927466979496,0.9541098222650062
-0.004516831828029265,0.009754076349130994,3.423692489660322E-4,0.0077715880990170344,0.15403305491902528,-0.2904868216816113,-2.1836153066760287,0.8593682282812
-0.004492067076840005,0.009820808866218465,2.471843873483753E-4,0.007753076872293451,0.13554963386441177,-0.22915766121005537,-2.1763998359855194,0.7859349615301243
-0.004444499768791977,0.009917200666576831,1.117429577328088E-4,0.007710162318261815,0.10765680642872517,-0.14216879227653764,-2.1539005849084627,0.6774428683371577
-0.0044718850562601616,0.009871318405961364,1.7599265625337521E-4,0.007736111222839753,0.1215748738736723,-0.18344591862759854,-2.1686555528798177,0.7306622737521602
-0.004389845249647268,0.009921535300100617,1.0350141534791945E-4,0.007653941330246174,0.09813670191850297,-0.1405331975216619,-2.1125098079272884,0.6550773596342819
-0.004378853196633192,0.009994041794660973,6.893871770777581E-6,0.0076444480637040185,0.08231649087358993,-0.07549643798595736,-2.111916743286697,0.5836600906674697
-0.004373896737329887,0.010084483078488582,-1.1284535638077588E-4,0.00763783586494672,0.06324751687490972,0.005877986636929816,-2.114916626871921,0.4974907521127761
-0.004559694645155751,0.009147263539578655,0.0011775490593706492,0.007639876032078919,0.2653431255827155,-0.8316237373811727,-2.0192276845896946,1.4319617565737115
-0.004646615266765505,0.009062758999173994,0.0013296635761240582,0.007689895731687999,0.30008838548005395,-0.918420629313095,-2.0436153962573353,1.558339102796932
-0.00459829369404963,0.009099425247645414,0.00125785097750104,0.0076575770472166104,0.28186969575004817,-0.878281301785269,-2.0257629378701023,1.496204377381351
-0.004612044380837615,0.00899864989662237,0.0013956325638969332,0.007621262649320494,0.29630568204823016,-0.9637054690363133,-1.9856487465567898,1.5880497612447904
-0.004619310466938867,0.00895677568534814,0.001453129671129355,0.007606218565357127,0.302469522072271,-0.9989116663798245,-1.9687954899219835,1.6263812586737096
-0.0046050623874170065,0.008920660092796419,0.001491007098310459,0.00757171895008905,0.3010406024394352,-1.023794156214877,-1.939119926475796,1.6445449402961496
-0.004621484143006106,0.008883096586678676,0.0015475597343660808,0.00756679766962809,0.30891705371826483,-1.057079645256682,-1.9298787244404991,1.6850115697902808
-0.004647718305334106,0.00884288703732587,0.0016134486032901485,0.0075694391176457584,0.3199219302224275,-1.0952309148064907,-1.925278416716438,1.7347918531133055
-0.0046761531418122474,0.008803762476623183,0.0016799171601143707,0.00757408195708746,0.33104920051974046,-1.13320852395284,-1.922147208519666,1.785699419259469
-0.004737760206198737,0.008730691317326835,0.001811378398664875,0.007589257927785496,0.3550308835575127,-1.207742892270379,-1.919622450119799,1.8888353378649894
-0.004704383094609686,0.008762529239403037,0.0017494755447671016,0.007576340536874413,0.34257784008269043,-1.1730631493624981,-1.9165164080419734,1.838370581849146
-0.00476834379121375,0.008655072968503628,0.0019264706179809926,0.0075679763337779616,0.36772332031382615,-1.2744084674774834,-1.8907112871238407,1.9689438909526837
-0.004738613097714652,0.00868827040025618,0.0018646395183974135,0.007561117151707592,0.3564829678207533,-1.2395751879557058,-1.8925046726054144,1.9200075668453251
-0.004753416070816224,0.008593886665435833,0.001990017932877988,0.007508422603338825,0.36374166003683994,-1.3128394275739785,-1.838487984899729,1.9974913658458746
-0.004723322489267973,0.008534758164821535,0.00203728570155268,0.007434484351907081,0.3546954764441454,-1.341761104255868,-1.7779227529420716,2.009175311227434
-0.004712365310593236,0.008483588199307496,0.002087635213722253,0.007384693406082498,0.35126181067959816,-1.3705906541610213,-1.735125955194204,2.030446737618395
-0.004727053248135998,0.008428770792465314,0.0021608646026313196,0.007355476009578269,0.35514590561236886,-1.410761917278583,-1.7047355432014262,2.075052448195325
-0.0047562037670615094,0.008381713016095898,0.0022367862444443785,0.007344867575859201,0.36345615517455204,-1.4521467037356788,-1.6870994401753003,2.1280798586784573
-0.004789748490936927,0.00833726826012355,0.002313846991105355,0.007339404453037019,0.3722821685406576,-1.4939715692469937,-1.6725337092658847,2.18380545659427
-0.004829258007220681,0.008307526288658232,0.00238060163317322,0.007351329821450955,0.3835286742492415,-1.5303863913668483,-1.6714531032735578,2.238279416331688
-0.004981190567311954,0.008113422120661623,0.002730944390416356,0.007314965047480114,0.41821237036749087,-1.7182160618883213,-1.588827407833813,2.4923212133547596
-0.00497702129398735,0.008068955795779174,0.0027727889695709626,0.007266537595064913,0.41175447122905845,-1.737726674964362,-1.5469558540534258,2.5042682995968275
-0.004945787649065324,0.008141134123631174,0.00266706341082003,0.007308574800236869,0.40933499059439266,-1.6833932563886742,-1.5955708793769225,2.440119827719965
-0.004921528095994743,0.008171686729525517,0.0026114636290052017,0.007314996541337106,0.4040727092737562,-1.6539256407819398,-1.609486394719601,2.4000763872033657
-0.004844571535988622,0.008261327107113773,0.0024444630524499997,0.007324931249895976,0.38559865399380744,-1.5643200546422003,-1.6430379554433114,2.2767171571078113
-0.004866402784392296,0.008216390596876334,0.002512393026602277,0.007304730213374078,0.3899912263716387,-1.6003473337291396,-1.6181409741067763,2.32054669424013
-0.004888328292279786,0.008180515806956942,0.0025707087788924116,0.007292024326295927,0.39427039724523605,-1.631259243099772,-1.5996847365045461,2.359902155691305
-0.004951001545541839,0.008032080290084578,0.0027836830645357265,0.007205307023255623,0.4002075794710503,-1.7395678701926494,-1.5020053693186985,2.4869216786812527
0.004900299641109911,0.007777016463488043,-0.002964258264966622,0.006897285539152379,0.3558961034172956,-1.8056618437566487,1.2625338099573293,2.4951921790985203
0.004901777100919042,0.007713343128605535,-0.0030181058641180133,0.006830460354769456,0.3473726935484845,-1.8244315920571572,1.2099123685398878,2.5065207385636845
0.004875697002690783,0.007664675979423264,-0.003028376215337063,0.006758145979769673,0.3362657521942876,-1.8209756642070336,1.1633188076967793,2.484603040220341
0.004828431467933985,0.007869054247435715,-0.002811191643268242,0.006934556648151214,0.34881101584414753,-1.7333444041091166,1.3159398015451726,2.400338716445619
0.004844276993658582,0.00780814484042106,-0.002879550997388842,0.00688498720965994,0.3457613076144387,-1.7625355941783838,1.2716947188789476,2.430057583727816
0.0047572113920838184,0.00788777038651942,-0.002723862248583292,0.006895793559231545,0.3327728242377365,-1.687431773381779,1.3062872461937334,2.324323250197778
0.004711098213162504,0.008206281019909202,-0.002383325378025051,0.007153914755312808,0.34352902058324514,-1.527605871046738,1.5317497021263373,2.170745380874052
0.004698278748751013,0.008129726371660123,-0.0024473619591958286,0.007074794600122176,0.33593668712091973,-1.558408022962179,1.4684312641180715,2.190539882108517
0.00462159379909212,0.008248623133248726,-0.0022642247249553484,0.007111815578584898,0.32122038273581693,-1.464815581820721,1.5193790253992046,2.071505057086488
0.004566647990230574,0.008377064735302099,-0.0020895125763585065,0.007167519368065548,0.30941985238350084,-1.373150430356459,1.580185379826715,1.9633949579264753
0.004508318709826395,0.008439717462743353,-0.0019803051825831365,0.0071636651864415,0.2939863684076239,-1.314731308948378,1.5905560070802702,1.8839520336445401
0.004462973893902344,0.008517586765886116,-0.0018661603223410499,0.0071800082282225145,0.28172585259051847,-1.2532403588651915,1.6146308088016046,1.8073113916575936
0.004545945311456634,0.008295271041818165,-0.0021558691308676044,0.0070848156886924385,0.30281782897044085,-1.4078013679028791,1.5148498650688564,1.9858720000506864
0.004700990776819823,0.008061174685274638,-0.002514756018804704,0.0070148071785868385,0.33301835079013037,-1.5902710511334661,1.4179145330913976,2.2181640038512422
0.004706323254287899,0.007999132510177809,-0.002576675875495944,0.0069615612716339035,0.32925437410452346,-1.6185073716519445,1.3733390213496504,2.243809537908085
0.004674401028492786,0.007928876829304316,-0.0026085014413994062,0.006869643109707667,0.3173901523546118,-1.628468394144779,1.3088197347329593,2.234290397440884
0.004368998893611748,0.00854149567142038,-0.001776547754765204,0.007114404366340871,0.25788369726007204,-1.205812486144971,1.5781065462539177,1.7253890899603233
0.004355425111746688,0.008616724128015172,-0.001689517414279844,0.007152262413841587,0.2532319846415191,-1.157115187218518,1.6133880709968307,1.6734033349281254
0.00431342780776793,0.00872978774691581,-0.0015437597411819516,0.007185329004661338,0.23849753027576856,-1.074833695704642,1.6508526506014125,1.5778020909593593
0.004308345287909408,0.008661640863691634,-0.0016128493297636922,0.007139591331360931,0.23961071285313534,-1.114730384453694,1.6120756142404005,1.615412296137166
0.004156683266746814,0.009433436510082807,-6.79272694771453E-4,0.0073476074840168335,0.13862829014524,-0.5435342937661133,1.840652533905229,0.9892883117472427
0.0042033046603548755,0.009344474087950928,-7.974119472169538E-4,0.007365081896294388,0.1586847092728874,-0.6176553542739683,1.8448334437826401,1.0801786092998744
0.004256951824553201,0.008948740807018116,-0.0012738714915712243,0.007253974715345617,0.2109910461244838,-0.9161039662704148,1.724371072252856,1.4003520674828553
0.004260163208890331,0.00879418597997762,-0.0014443023230470279,0.007175438401428328,0.22256800965013604,-1.0183494319173372,1.6528994407953583,1.5036524872151136
0.0042293245608773814,0.008877165662966952,-0.001338419632752131,0.007193040850235271,0.21052119988174717,-0.9570747076417166,1.6744845349307496,1.4321095746045485
0.004202820909853991,0.009026817019471056,-0.0011614255696638048,0.007242240725623285,0.19282010491140333,-0.8498555069739483,1.7251327283903557,1.3156376722717795
0.0041635478592821785,0.009251200583831285,-8.924226614810835E-4,0.007297231244559618,0.1622481089034349,-0.6820616259172797,1.7869709008441887,1.132820677399203
0.0041479631479194,0.009133254892284838,-0.0010196643495045713,0.007238610324233687,0.1715863106891414,-0.7643386791308765,1.7337653272776434,1.2114264307698666
0.004065920133219109,0.009472315339452508,-6.10991450924487E-4,0.007274414661850965,0.11858683277261255,-0.5035947295949025,1.7905994176505036,0.9202405295533397
0.004056088751669749,0.009579193364853064,-4.8689370568720357E-4,0.007289109993303397,0.10276772397944516,-0.4211244689622095,1.81043233613971,0.8325853710922088
0.0040976375663525945,0.009776405932928042,-2.634698235566141E-4,0.00735732034686208,0.08095921742959879,-0.26692189143471023,1.8779489536379366,0.686532696237264
0.004066334697717929,0.009681987389014282,-3.7002003531648003E-4,0.007316251988705057,0.09028214291358318,-0.34133504985014435,1.8392855078484214,0.7535708870620055
0.004026374933540462,0.009859842352903955,-1.5989961669812998E-4,0.0072989141251085755,0.05916269972962763,-0.19887903925671588,1.8406616716460837,0.5949140243758069
0.0039787915137282975,0.009957144192127284,-4.666774547546619E-5,0.007260140645639125,0.039307433550597286,-0.12195893980091467,1.8188223669916594,0.5018523588472811
0.003999002214433183,0.010158419002420848,1.828090166020928E-4,0.007273497123688404,0.011243373111546306,0.04100542024159775,1.8446969175413146,0.33975720534498083
0.003930514506646744,0.010059771065491142,6.850530127170566E-5,0.00721696274104765,0.020009630695312784,-0.041722474818722564,1.793307782317523,0.40566731141464313
0.0038844495892435466,0.009975440226542944,-2.4651753079717782E-5,0.007177069191458656,0.02755282026885427,-0.10864740522202802,1.7561699526717978,0.46234328963399085
0.004013172930895378,0.010360086558197711,4.136887115936254E-4,0.007262836215171402,-0.01863366599196697,0.2064451050643025,1.8519136411372974,0.1733287561008473
0.003939484506901747,0.010264110963789763,2.9595328822309795E-4,0.00721053028137495,-0.009232335360667155,0.12102321923474053,1.8037355348667157,0.24051022080742626
0.005176737168671862,0.007192459811931947,-0.0036948381925383336,0.006416591373288661,0.3156006460503713,-2.0706719118872727,0.8035493642788445,2.791660916266522
0.005184443141698094,0.0071434557748957,-0.003730986348307109,0.006359917827175424,0.306257536835808,-2.0748706248895252,0.76295086740071,2.788810169248284
0.0053868256006438485,0.006862016376666906,-0.004121224703416412,0.006107167804433201,0.2720342423461182,-2.177018445000812,0.5095639655709333,2.913844075721847
0.005273330728413234,0.00704912533588947,-0.003891857789829071,0.006292338299703013,0.29944615594797686,-2.1283965783645296,0.677944745975925,2.861438174978387
0.005295420884081616,0.006984404773921886,-0.003950370793091364,0.006220603951830454,0.2882839725454003,-2.136014929181879,0.6230915410710187,2.8633037753977324
0.005324963398823937,0.00693213439887186,-0.004011405068870221,0.006168114024620896,0.28107096343440136,-2.1483031096599636,0.5773000932691017,2.875841758818141
0.0053222583010782,0.006877747682869311,-0.004029657331033952,0.0060952385794316695,0.269459131241046,-2.137977629296854,0.5368216810111887,2.8506582600984385
0.005180366855310267,0.0070711201448006,-0.003762553179778065,0.0062666471939725596,0.2923114298912128,-2.068522486206062,0.7059640237442741,2.764738523399802
0.005005035302754061,0.007552092197478793,-0.003256763574870785,0.006730237234627949,0.3480584835774194,-1.9259286396479267,1.09630146777397,2.6331607892449234
0.004955202462954477,0.007598065587892134,-0.003166275459959035,0.006744980800897571,0.343335756424976,-1.8851884451468883,1.1259055606823738,2.576092238268719
0.005093642535429179,0.007339038846759835,-0.0035061749136739554,0.006542593220277809,0.3286585057682953,-2.0110201890408934,0.9250604148457751,2.722767738839828
0.005120292489465685,0.0072999073577462645,-0.0035626802405156004,0.006512977855903231,0.32627401115347904,-2.0308851449687313,0.8933842315927116,2.74751486508428
0.00512541193123894,0.007240922621994811,-0.003603817255381906,0.006444076408959227,0.316103130082147,-2.036242072382407,0.8445189452063683,2.7433021193254143
0.0049710893860219,0.007491897846228602,-0.0032610371973472115,0.006636795343732471,0.3311868558391813,-1.9145024955222927,1.0401615485782816,2.596148367742835
0.00499429059455706,0.007435601416807706,-0.003326109608794399,0.006588496691244399,0.326640524888606,-1.9368144404560395,0.9970929143904804,2.6199311042926934
0.00503418365742152,0.00737201292123547,-0.003414309754883184,0.006541682766859678,0.32400084770462995,-1.9693362668102061,0.9487041182850395,2.659592351977133
0.004887392937792594,0.007609643529894327,-0.00308280819619347,0.006707405753731274,0.3312203441585054,-1.8408312976930488,1.1211982915510372,2.502222235456306
-0.011560015631407593,0.014750405375308931,-0.007917207926454783,-0.0025999755585724904,0.2363168096194698,-0.8655719672233405,3.044755084102541,2.096494397882004
-0.011571805613732557,0.014761130240711767,-0.007886016945554302,-0.002603397355293488,0.2285649915607975,-0.8731407489416217,3.0240167626712453,2.090412519197073
-0.011574931491672198,0.01474548109221175,-0.007909006682224096,-0.002624817653783707,0.23532756303761007,-0.8847109203697278,3.0357591960925396,2.1156644663193562
-0.011586746141603392,0.014756195154791261,-0.007877760619757118,-0.0026281195880345043,0.22855785123988362,-0.8921440808707967,3.014899254138293,2.1095785657280945
-0.011589831792800681,0.014740509980012716,-0.00790072836119833,-0.0026496310093868073,0.2338944460752065,-0.9038128382251222,3.026624680979792,2.1347429472992543
-0.0116016771488828,0.014751242091472381,-0.007869374485436465,-0.0026527901536179213,0.22848391164658968,-0.9110706519096913,3.0056580731105904,2.128629996797501
-0.011604716392924312,0.014735492086180694,-0.007892365877666785,-0.002674436728223052,0.23327881562177524,-0.922888197623466,3.017323380997334,2.153818096543007
-0.011616603235530794,0.014746242185911243,-0.007860899399578054,-0.0026774437857491925,0.2280886379518217,-0.9299422156774194,2.996306697266201,2.147607038372375
-0.011619585149978953,0.014730427458694155,-0.007883917187339995,-0.002699240651625088,0.23401234011003505,-0.9419198038747448,3.007863151755078,2.1729601732268673
-0.011631525481797156,0.014741155970986146,-0.007852395750350636,-0.002702127094391769,0.22750180403694062,-0.9487933795535018,2.986860736542484,2.1665934551178805
-0.01163443792171138,0.01472531614604481,-0.007875389888577703,-0.00272402025571038,0.2349653612816601,-0.9608732658695817,2.9982867981887154,2.192125668202339
-0.011646436199274718,0.014735983538851643,-0.007843870685918443,-0.002726834262586979,0.22705126186994992,-0.9676264794934767,2.9773140649309844,2.185609318425491
-0.011649274565685588,0.01472015819724113,-0.00786679127423718,-0.0027487542632163007,0.23506974719954912,-0.9797335792221915,2.9886328084256353,2.2112141332669353
-0.011764940048821186,0.014693227822044604,-0.007772624107225407,-0.0029229424994863568,0.2254756782335722,-1.115746795488336,2.896887513302989,2.33513516076685
-0.011767369970506486,0.014677221759479865,-0.007795231311915698,-0.0029455767727546915,0.23296029114187558,-1.1284700055055652,2.9072747019605605,2.361351121573869
-0.011826004259357795,0.014654643750579328,-0.007757605352158294,-0.0030432903435678566,0.23253731054189744,-1.2011849209839016,2.8638234308130266,2.4354952041730984
-0.01181137231649065,0.014660357317958707,-0.00776711788247154,-0.00301892986747145,0.2339231505180667,-1.183116668436971,2.874799960323552,2.417167661665068
-0.011823840156866182,0.014670491460169808,-0.007735451248486818,-0.003020669637682817,0.22456731274067313,-1.188511725431508,2.854136249310994,2.408826769892514
-0.011796722524648843,0.014666024878782739,-0.0077765599199353524,-0.0029945237109847297,0.23425484416893924,-1.1649889141498297,2.8856873517155894,2.3986788026180093
-0.011809164789088819,0.014676239279013953,-0.00774484143823366,-0.002996312019443632,0.2244834228474407,-1.1704365176290457,2.864988949653697,2.3904884078257793
-0.011782055027975764,0.014671646377591769,-0.007785932765758802,-0.0029700683105355393,0.23364449509018223,-1.1467748529873807,2.896515403981105,2.380050637077699
-0.011794454222781513,0.01468196175207336,-0.00775414402721836,-0.0029718821644235814,0.22470120869012097,-1.1522674976033704,2.8757294283601422,2.3720645569964574
-0.01177970785905093,0.01468762866779764,-0.007763404414301384,-0.0029474158216803753,0.2250766799098459,-1.1340300337882532,2.886364217032266,2.3536077499070456
-0.011708457009234034,0.014699061038930978,-0.007831643653678307,-0.0028473516916389906,0.23234855869578552,-1.0545147643043902,2.9490798209090503,2.286498121584686
-0.011720593920162815,0.014709594981148768,-0.007799979406995428,-0.002849596031261314,0.22647608316556997,-1.0606855803549198,2.927834960827447,2.279606621385078
-0.011693686304088876,0.014704405031812392,-0.007840547946649751,-0.0028227402362895238,0.2329134502807987,-1.0358996138148133,2.9591505504470645,2.2677780077650116
-0.011705813327753743,0.01471493751479055,-0.00780893472789865,-0.0028251532314664918,0.22659777503436737,-1.042239986761932,2.9379379075198284,2.260991290658828
-0.011678898899739066,0.014709702589809142,-0.007849374631732423,-0.0027981017517219853,0.23338142021755184,-1.0172333994699776,2.9690865983902817,2.2490067788154238
-0.011691014904956928,0.014720241582848577,-0.007817802770264245,-0.002800671565638166,0.22674674659269342,-1.0237191992115813,2.9479439441530126,2.242291290888087
-0.011664094939289063,0.014714953661811803,-0.007858121394271902,-0.002773442675655191,0.23425955714896543,-0.9985137020961576,2.9789063825838746,2.230167518464344
-0.011676185198408462,0.014725510800011533,-0.007826592774215118,-0.0027761306849103124,0.22684693170888684,-1.0051107833984119,2.9578548239058353,2.2235001746213388
-0.011661324576072232,0.014730758524142675,-0.007835282973701256,-0.002751515951809715,0.22687855139300298,-0.9864095413800048,2.967648791503624,2.204599962818337
-0.011762555096605778,0.014709774024778148,-0.007749717433453237,-0.0029001803893684724,0.2249101000439617,-1.1081224849814495,2.8814854296500805,2.3139736639648656
-0.011747683871840277,0.014715240385774077,-0.007758959339842192,-0.00287580329617935,0.2250291627665071,-1.0898487907145398,2.8919711589665056,2.2955542500899164
-0.011732844388809692,0.014720580774944746,-0.007768192061321808,-0.0028515487618248135,0.22519711432043935,-1.0715883053206465,2.902378148377888,2.277206865030807
-0.011296258267381357,0.014858252826151476,-0.007996446367923018,-0.002133558698345842,0.23381010615494832,-0.5168465326652055,3.1507569376781928,1.719258019154182
-0.011311549214641644,0.014854138690313502,-0.007989692578721326,-0.0021587304731462142,0.23347465478183652,-0.5367331550871297,3.143821375281053,1.73919657378832
-0.011215540801766484,0.014894335601660492,-0.0080034553900732,-0.001987686272342403,0.23232812267228373,-0.4108632051539293,3.1669178061825627,1.5990282313022837
-0.011261892171741545,0.01488221098319313,-0.007984875304218068,-0.0020638041876367866,0.23120963806320696,-0.4710071578083444,3.1480930020737152,1.6595879459189649
-0.011246712755430361,0.01488654013742653,-0.007990500382188487,-0.002038605748931527,0.23148847071182646,-0.4513206202171149,3.1540094847819895,1.6394786353282533
-0.011231210913270962,0.014890718274821706,-0.007996495466919613,-0.0020130462310000946,0.23184366709789897,-0.43120813576319633,3.160157169687856,1.6191151719922237
-0.011277029612418235,0.01487827470988664,-0.007978416313109532,-0.0020885557319343627,0.23083269390568664,-0.4906027353564562,3.141550115941041,1.679216701413958
-0.011292307824562703,0.014874486686190992,-0.007971398552621052,-0.002113324658861607,0.23040152353739954,-0.5103326479842282,3.1345428662944994,1.6987709299440887
-0.0114401451986046,0.014788108374602238,-0.007980034000671534,-0.0024002311644974,0.23971988344504078,-0.7105786627609229,3.1131318311358647,1.9400241935306368
-0.011451708504028617,0.01479927398212563,-0.007948712171568069,-0.0024043258603078325,0.23043041684478008,-0.7188872123532911,3.0924513913402802,1.9349726248109318
-0.011455180736571001,0.014783560287475501,-0.007972453834566667,-0.002425290535552105,0.2394069747741766,-0.7301174397393645,3.104941566722957,1.9598370650503216
-0.011425095195354023,0.01479260927722873,-0.00798754238000664,-0.002375124665366405,0.23894777729274716,-0.6909720572172565,3.121227257987638,1.920141032498793
-0.011436661479667388,0.014803848322793245,-0.007956135631279755,-0.002379357413697882,0.23090405817886503,-0.6993848547367713,3.1004194720732676,1.9153500284252927
-0.011406434733470012,0.014812769685794055,-0.007970975351370854,-0.0023293191229123047,0.2323014075843058,-0.6602031072512453,3.1161487321456445,1.8760688383675974
-0.011410030890272255,0.014797062943977079,-0.007994974754359348,-0.002349984867032233,0.2379005130450429,-0.6712752893815347,3.1292206146344093,1.9002546451474753
-0.011421569239664765,0.014808351524441973,-0.007963550251475193,-0.002354350177626983,0.23160840586235573,-0.679818182143297,3.1083159176722117,1.8957114204316665
-0.011326824770961863,0.014849923480417073,-0.007982954003327443,-0.002183927360978329,0.23311947350219706,-0.5565750734185045,3.1368343812430877,1.759142929566643
-0.011342059654943745,0.014845658166662163,-0.007976164724380277,-0.0022090681930233597,0.23273551534032608,-0.5763385665061924,3.129751533401762,1.7790243991343095
-0.01135724222830282,0.014841374060091629,-0.00796928160013492,-0.0022341077106516577,0.23232563685059374,-0.5960088572288745,3.1225444320657165,1.798802711912119
-0.011372417828701256,0.014837173402646306,-0.007962086299197353,-0.0022590091312315315,0.23187643924606857,-0.6156332050749017,3.1150559874450576,1.8184242839903975
-0.01140286468094436,0.014828875247180103,-0.007946907132651853,-0.002308681659448105,0.23109279358689408,-0.6548776786625458,3.099326970748073,1.8574370999228667
-0.011399250545466928,0.01484531055780597,-0.007922086377339389,-0.002287746530368463,0.22780117092776028,-0.6476753585976315,3.083544585533184,1.8361497716122266
-0.011383935989616263,0.014849108815785751,-0.007930328188178784,-0.0022632889208725995,0.22827034859638104,-0.6281736039208594,3.0918399186112757,1.8171136413572444
-0.011466741041722434,0.014794654573790146,-0.007941207270856574,-0.002429270599520393,0.23020908227473355,-0.7383336982208907,3.0843665928294928,1.9545543284900149
-0.011470201646392163,0.014778965067767892,-0.007964798814723818,-0.0024503132161087884,0.23856816194979621,-0.7496206838346392,3.096647146924244,1.9795673439759376
-0.01148179023583297,0.014789997766566079,-0.007933577161112024,-0.0024542228817599856,0.2300031188354725,-0.7577470588944432,3.0761294066133344,1.9740931398301613
-0.011485207893971856,0.0147743227280614,-0.007957063841027023,-0.002475316026012866,0.2380909028777172,-0.7690920105271944,3.088243289443957,1.9992368627718864
0.015004185579853158,0.015259408927758879,0.003589371759474947,-0.003409146712672262,0.05932183437129189,-1.460369752384142,-0.2090539367977921,1.748859016220378
0.014985872960996653,0.015504197487836352,0.00354376954862393,-0.0031976673941006947,0.051262810392599396,-1.3931765705091743,-0.2642356312532001,1.6556071560315961
0.013845031890957933,0.015574341727529454,0.004558508944611871,-0.0031199657380555188,0.06157596191987159,-1.4803086384308806,-0.7952977813723469,1.8536663045791857
0.012458330434100577,0.015949428963630736,0.005534191897986043,-0.0022649119151189286,0.06485979148332578,-1.063814576909819,-1.5587978888654865,1.5102377672530511
0.013572778187322955,0.015675791103760398,0.004759165078061212,-0.0029697037580672966,0.06106605021694546,-1.428127123193889,-0.9489762318303033,1.8146448483396613
0.013352862222681595,0.015815470762632577,0.004870899657604368,-0.002780032771459927,0.05787841853332074,-1.346340721240393,-1.0652087964498949,1.730455599615274
0.013118294453571381,0.015901410990706476,0.005017341887528227,-0.0026228451111793235,0.05684742760420502,-1.2729652932167914,-1.1878374348828034,1.6634954920248488
0.01288116224385405,0.015935539623618784,0.005195233117957124,-0.0024951390431159105,0.058746168219311785,-1.2051770430562936,-1.3178842585852244,1.612588217088865
0.012663961509736255,0.01594884952423338,0.005366549079023015,-0.0023787547763164346,0.06151110004954865,-1.13680308086711,-1.4401364467016833,1.5630223109363979
0.014687686933316232,0.015555896340245913,0.0037871098706867222,-0.003176504780215059,0.05164906798950993,-1.4225999919781331,-0.38701831804435277,1.708414326882523
0.014382324329013332,0.015598862859596824,0.004044459067122662,-0.0031426358463847474,0.05378360679595929,-1.4418404741222024,-0.5241757818346037,1.7523473108863592
0.014093495677258512,0.015754327954639685,0.0042357622415040335,-0.0029846361704954118,0.050583514305835124,-1.4033698043323852,-0.6727622123354794,1.720207413486099
0.012246446019267084,0.01595503198894599,0.005695797171204434,-0.002129268533531762,0.0693341010273092,-0.9725876765821041,-1.6766620123708678,1.438134032698834
0.012391562769548357,0.016098972443153996,0.005441374106866307,-0.0021096962853142625,0.059426993508636505,-0.9845140906826348,-1.5403123099466236,1.4008857232225873
0.012010796561847552,0.016005937731352036,0.005815892501849337,-0.001929870385733631,0.07176180074931875,-0.8426372670028693,-1.7801510634628142,1.3170233684767811
0.01180735639911742,0.016082844832627233,0.005866956110287744,-0.0017275721918316577,0.07015111369439114,-0.7129219612527437,-1.8412750351740854,1.1827375222892853
0.011620085855922876,0.01608460169021488,0.0059800315875247,-0.0015794816304594555,0.07306770981755768,-0.6040943623052045,-1.9245253356165455,1.0867698472816711
0.011441175358991994,0.016080416298605446,0.006086660006418225,-0.0014323192251712226,0.07710633515109046,-0.4910348401471425,-2.0007966689170478,0.9880891574302396
0.01151956836244096,0.016196868027081934,0.005903495154944981,-0.001434808887974412,0.06830305940438512,-0.5228442014056784,-1.9001113331183235,0.9804854096549664
0.011099827254805947,0.015977822876328374,0.006389616480832082,-0.001170246207456505,0.09082626759777146,-0.260032307067171,-2.1924597124193776,0.8169909943715584
0.0112453477597208,0.01608684992033029,0.00617850099844574,-0.0012564692687019017,0.08192052682959892,-0.3592336683264002,-2.0680874020859665,0.8678669557572258
0.010866308170607042,0.015923180328684193,0.0065615145001304215,-9.576147811210628E-4,0.10349068179326874,-0.07611704205961371,-2.2998962935278686,0.6693661631835334
0.010965957379811143,0.01599330291717323,0.006425266781300486,-0.0010319218667978838,0.09466620556096593,-0.1581348867163981,-2.2197539346180624,0.7182210247592501
0.010108414824612196,0.015934886473827774,0.00670247553299582,-1.2788931117132323E-4,0.11150532357040417,0.5573768052900782,-2.3607142400309153,0.05898021600858384
0.009966859720017767,0.015913720375147454,0.0067351146835192225,3.1175442173418545E-5,0.1137673057727595,0.6835149604413394,-2.36499909342939,-0.05707122368941708
0.00980534578658865,0.01591107313744455,0.006728989100377657,2.1339137933028575E-4,0.11396206317908454,0.8171363881381046,-2.3419556875890417,-0.1896056051796033
0.010734424593832613,0.015949789077955495,0.006568813117284483,-8.0964568593852E-4,0.10132016557778267,0.029655598630255162,-2.3070751412276884,0.560139394925918
0.010606112319040156,0.015946243931139567,0.006610590576515992,-6.743806935326041E-4,0.10571194881511095,0.13584877985660787,-2.3314272012249697,0.46140552330148077
0.010504606142298846,0.016006375433262953,0.006547694009615835,-5.517166104028183E-4,0.09996743714433189,0.20872985188404167,-2.294738840971748,0.36789952976002804
0.010366645320658199,0.016021448890279306,0.006550791208306713,-4.021113377902683E-4,0.10080910412805054,0.3175052567693593,-2.2924101458563975,0.2574474972574923
0.010208054319656466,0.016042447535660774,0.006538608711056792,-2.3045501909761372E-4,0.0996637418967376,0.438912518947623,-2.2774544932806147,0.1309668519866756
0.009541973071749619,0.015827733500106914,0.006811947642433918,5.259192294504345E-4,0.11945653011843348,1.0758203593646838,-2.3438964159048017,-0.4150781531192483
0.009652462917906286,0.01592069865838161,0.006693909302520653,3.830605109111743E-4,0.11142903287637541,0.9325624261869516,-2.3010391465748437,-0.3108569770990696
0.008398571442065052,0.015568563714445711,0.0066188413937836735,0.0018901446465455411,0.09620400569571642,2.007080735443985,-1.9133460886785765,-1.3078830648230662
0.008303950235731074,0.015556056753165078,0.006562302493887962,0.0019896638789127646,0.08955805843319044,2.055005676032506,-1.8521429345887255,-1.3621005343195904
0.00821184532584529,0.015531967691957131,0.006519418383871913,0.0020937892333177765,0.08440973286319466,2.110452245623629,-1.7956343345001515,-1.4186619275161954
0.00801444679965622,0.015323365697501623,0.006613295053615108,0.0024570164804611602,0.0849663526990765,2.401039491463834,-1.712242788031513,-1.6378452124079776
0.008081028816480597,0.015388105911047115,0.006592419095681741,0.0023370756093581417,0.08534684428020121,2.3087479517796425,-1.746759237519495,-1.5671240693239326
0.008134470204743949,0.01548719372754432,0.006511977932449397,0.002201016600477904,0.08217552577915155,2.1815310286178025,-1.7550413003564551,-1.479973300330787
0.009420236808541975,0.015811602345804057,0.006805187704620206,6.686132092750533E-4,0.11971416039562646,1.1802645237349145,-2.316083371076941,-0.5157199129403551
0.009286264992665287,0.015817607741137413,0.006753813635250544,8.169623755658588E-4,0.11593153718223739,1.2737855315733497,-2.260787177256048,-0.617151292268726
0.009138143360374794,0.015825190560460375,0.006686709556294925,9.761719119150473E-4,0.11006877786015615,1.369609636651136,-2.1925114558195524,-0.7235626593108301
0.008588590511909303,0.015654928612763096,0.006635164976725823,0.0016419640943478315,0.10142233812023284,1.8362029131458615,-1.9973341840475116,-1.1557740019063567
0.008471268277420323,0.015642457824482914,0.006571606493655955,0.0017658266938723236,0.09416365263434344,1.9006895639407193,-1.9277602462058994,-1.2275687153160828
0.009019769416905162,0.015842377552679896,0.0066107845746595836,0.0010945504144339768,0.10366183426200722,1.4319297044575943,-2.1263212615077567,-0.8001075895868353
0.008932970476420006,0.015779001165256566,0.006660323788754764,0.0012157355869872619,0.10660575037449893,1.5367632416913215,-2.1237083438420874,-0.8830814678715689
0.00883837170087337,0.0157245338191233,0.006688829773044933,0.0013435185746797085,0.10841594349531918,1.6401220112412223,-2.1072907295504693,-0.9688716485092216
0.008736816281958054,0.015743124167005892,0.006604522811077214,0.0014377075038976151,0.10042704000975462,1.678236864050989,-2.0381163589988893,-1.0245649541995332
0.008639452596187445,0.015718221539743966,0.006580002889152334,0.0015504087399412661,0.09799124972388219,1.7498960535177421,-1.995089741232285,-1.0933276821415803
0.003976231208561989,0.010486449460666245,5.479200904878544E-4,0.007206040869575104,-0.039831666025432956,0.3034591721732511,1.8172677233210275,0.06305769421198963
-0.0044184969589460684,0.011111511403886052,-0.0014291757877063582,0.00737646559809492,-0.13202229158680853,0.9288968084516577,-1.992932020067611,-0.4453814327293351
-0.004348353661169101,0.011054246344236407,-0.0013260857694875495,0.007340798294520528,-0.12142864736329244,0.8577863791867358,-1.9622446114430632,-0.3953917998114176
-0.004282137250166147,0.01099039259393562,-0.0012206426957726768,0.007310683308437289,-0.11069958432509279,0.7843097392678787,-1.9351246371052395,-0.34098046207217053
-0.00439750550409089,0.011191113926547838,-0.0015087443961199645,0.00731243509714772,-0.14352770038626342,0.9865153004400417,-1.949004804262872,-0.5126622364919071
-0.00451932742609109,0.011426678638168498,-0.0018482490600576433,0.0072752496293410325,-0.18198828150655874,1.222048162621597,-1.9338068223803846,-0.7162283007269933
-0.004381971938149732,0.011268833831320636,-0.0015861085650328945,0.00725252781237776,-0.15411549771422406,1.0425086655868994,-1.9078594129108242,-0.5763743224703647
-0.00445266195199195,0.011387603984785808,-0.00176049334636196,0.00724117350762865,-0.17309449925968232,1.163186224363906,-1.9059701626887293,-0.6782769262378473
-0.004395643660647376,0.01133958413628644,-0.0016715839524635238,0.007221101181643934,-0.16379447276498166,1.1025996015402055,-1.8879712480539006,-0.6345557784490359
-0.004698272497728086,0.011816756283778831,-0.0023968945938674046,0.007128091703460564,-0.23719614787519147,1.5977299611550766,-1.838799923011784,-1.046981670119149
-0.004696943847512184,0.01174313435526386,-0.0023217969168916153,0.007190815453383765,-0.23039927551002018,1.5460016958786857,-1.8835100000153855,-0.9918138608633235
-0.0046360403215994165,0.011696375363147785,-0.002222874427504582,0.007175884946883528,-0.22091391865062668,1.4798465689025433,-1.8707403997185137,-0.9452239540492972
-0.0045878797995872675,0.01162661114759067,-0.002112248379268496,0.007189217222790062,-0.21024971257879857,1.4049299059728357,-1.8780901335514462,-0.8839006447626307
-0.004513847141981035,0.011501990114261883,-0.0019255492029928102,0.0072169943653770776,-0.19108865439048525,1.2770973135658492,-1.8933379508769297,-0.7761195754774671
-0.0045160301769647075,0.011580296716082555,-0.002009115399578072,0.007161239918555862,-0.19965108971302856,1.3361524869427115,-1.8548768182303654,-0.8375838900507793
0.005033740475126608,0.012593269610891892,0.0033878917799672306,0.006584232480929737,-0.2863338306404421,2.2410381161369397,1.4357985111323572,-1.6230553026779708
0.0049747655756681676,0.012557755258409853,0.0032958754988047794,0.006584988557655447,-0.2821779984998188,2.181404510362166,1.4393524595064175,-1.582280585347726
0.003978686103422965,0.010681920403973037,7.616573281986817E-4,0.0071576003611576585,-0.06785438531268616,0.459552326996538,1.7942812058271536,-0.0966164012634118
0.004295287242337332,0.011143726507547518,0.0013991935904926862,0.007245526862337393,-0.1339204821998994,0.9122613453958097,1.8951995534149921,-0.46956734383007154
0.00422043204973731,0.011056367601863083,0.0012648401128349564,0.007223168856902826,-0.11984182791102897,0.8184003608933877,1.8724203156118213,-0.39588659672659826
0.004158648884901583,0.010970782295251232,0.0011423749088814302,0.007208115549790158,-0.10728323763084467,0.7318473256108317,1.8548493429655075,-0.32541106989283314
0.004102633240043568,0.010877538995861904,0.0010170114973939326,0.007197810356352565,-0.09377222582610524,0.6424746970265015,1.8402372076745868,-0.24989854616057783
0.004045463417680282,0.010781925469565417,8.915685841907641E-4,0.00718327980892807,-0.08079177716063583,0.5526305021610396,1.8219540765884739,-0.17384089402960953
0.004230869887312101,0.01124212242036303,0.0014693420264663415,0.007134488205013115,-0.14539321702196736,0.965671122775216,1.8163724124974563,-0.5452409716704915
0.004281460506342857,0.011317522558209543,0.0015776565714551714,0.007134207214252554,-0.1560269837157875,1.0413035195223845,1.8207171994071756,-0.6078237487856409
0.004346231495880165,0.011391074685715513,0.001694549521325894,0.0071445923637907935,-0.168237133226846,1.1216094466837747,1.8328269936146935,-0.6707743707009047
0.004414441319758831,0.01145757324640271,0.0018090912928633819,0.00716002525444855,-0.17974489503765434,1.1998874393818995,1.8480106809106351,-0.7298768466667136
0.004473834328706786,0.011529833459910906,0.0019259422791087775,0.007161371755593488,-0.1911827443560663,1.2795294049148633,1.852707735417676,-0.7929602046014447
0.004440542876345369,0.011618144171673117,0.0019908278514064333,0.007067728370594246,-0.19856337898443185,1.3267435098893399,1.7860589059295557,-0.8543826600376044
0.004480660734766032,0.011751495986227836,0.0021508861978055236,0.006998011877140632,-0.21324421445141653,1.4371804981775733,1.7392806631928546,-0.9571088614276441
0.004410887823476147,0.011703296293640711,0.0020505539621104227,0.006978455450281398,-0.20425713943204446,1.3703526354908606,1.7228189628795676,-0.9103157855507877
0.004484451408414772,0.01185208147563921,0.0022469698175158885,0.006918885750353014,-0.22120766468786754,1.5033615553264588,1.6838680300012994,-1.0264151041660463
0.004727363379916663,0.012101265582476364,0.0026858546171013424,0.006887782369882919,-0.2560454485010722,1.792906023841575,1.6658393168804435,-1.2480052626949354
0.0046640620158867555,0.012056661387839897,0.0025870076024330935,0.006880335085814889,-0.24818794081444837,1.7281410869250438,1.6600178514094102,-1.2024751255752408
0.004602869800469952,0.012001907183712066,0.0024830410359080856,0.006882637483978119,-0.23993462644983568,1.6599248919716068,1.660873880432166,-1.1517698663877438
0.0045453192491159405,0.011936235901753873,0.002374188983101138,0.0068956107637043506,-0.231272252879984,1.5881146671049458,1.6690605122158917,-1.0954436756428179
0.004934611639987251,0.012449865404333816,0.0031767194719164375,0.0066795226558906745,-0.28051906281201594,2.1088997159327274,1.5106137824401042,-1.514797119098457
0.004915657415183784,0.012520088886854217,0.0032035563302484755,0.006586964037996481,-0.27732086535280104,2.1220840403487737,1.4431258524869524,-1.541157794233257
0.0047923564237118965,0.012208161734655604,0.0028397578680696943,0.006832115478069114,-0.26563147418124355,1.8934643285816193,1.6252732489005444,-1.3324571516295707
0.004806387447086734,0.012279760773656043,0.0029111559393012617,0.00676889042707745,-0.2682038804056592,1.9391361608076194,1.5789631278951004,-1.3781723334772151
0.004836465461876051,0.012347931343531997,0.0029949010177103175,0.006719371451095131,-0.27171622415247515,1.9923022559943,1.5423621296537695,-1.4257417616918684
0.004881757182767036,0.012404996041777113,0.00308593993818424,0.006690849172910949,-0.27582633829075404,2.050449956066935,1.5204879061340983,-1.4720260023840746
0.00472125454132958,0.012181277741317914,0.0027462994278506132,0.006804270564522861,-0.258010611530276,1.832431644650933,1.6053647236621649,-1.294582467727346
0.005724977158627243,0.013538452517729385,0.004665229146655483,0.005676465663089241,-0.2344328568693322,2.9210793473067374,0.6783869580026485,-2.178170833058846
0.005769051663189247,0.013575245897946356,0.004731530853703154,0.005636406180555908,-0.2291204356894063,2.9535099102685813,0.6398220932136734,-2.200927293826362
0.005820865257597781,0.013610163965040301,0.0048088258935842015,0.005599978321825337,-0.2236126325427916,2.993663147240167,0.6014162361332606,-2.227752296864672
0.0058228414041148315,0.013672975932203459,0.0048106218258917805,0.005507449147596177,-0.21644750887994088,2.9672260770971985,0.538285092513949,-2.21803639525583
0.005832115957253443,0.01373909798962999,0.004820856569888677,0.005412730024023079,-0.20885868193761106,2.945070376750476,0.4732303383835417,-2.210234906496149
0.005848051092356518,0.013807445819562635,0.004838194221349502,0.005316828285017304,-0.2008283595327164,2.926055707591649,0.40718998408053425,-2.2036033288734047
0.005670212397997516,0.01356052146701136,0.004587274362456688,0.0056268216942816805,-0.2327984049712415,2.8574647881161885,0.6571668844144005,-2.1430706128177928
0.005607140080555612,0.013540353855137058,0.004496283296375074,0.005634960033205612,-0.23528903795333794,2.8015529716701866,0.6767890910969987,-2.1080630655706227
0.005535657225046207,0.013399100982603013,0.004378100076494428,0.005807500160545935,-0.2505560204163641,2.767558953138888,0.8103663687529806,-2.072174499432102
0.0055444296322294945,0.013475598681093316,0.004401624311260166,0.005703973632229673,-0.2426723601514072,2.7588349471278266,0.7367751594069692,-2.075893827611635
0.005478903149248454,0.013359940639563637,0.00429201286971105,0.00583908929674412,-0.25383740038565233,2.719515761638707,0.8429758582411672,-2.039000349162302
0.005372974791567189,0.013266107710333494,0.004126127901153124,0.00592136926572372,-0.2606669630585972,2.630840274950655,0.9184268318208092,-1.974301816752817
0.005329234737312176,0.013234262856658264,0.004059066038100404,0.005943995791833751,-0.26221525299703735,2.59293691492513,0.9408258170922508,-1.947426424845501
0.00542297557210681,0.013314717414017572,0.004205669780984168,0.005877592286726047,-0.2573561385114887,2.672689772709552,0.8796683498209923,-2.0055398108889957
0.005302573857354964,0.01318319225706591,0.004008646274102071,0.0059990643952596906,-0.26577222418651125,2.5705981481931377,0.9836694506089783,-1.9269483085025472
0.005306300484057869,0.013023411236947386,0.003956899632375521,0.0062127094489397685,-0.279765487406277,2.570963990566796,1.1375822213273619,-1.9004175400163614
0.005266236228880021,0.012971015026425683,0.0038821865103666137,0.006259311522902747,-0.28210555595985515,2.529332125864195,1.1763321008656695,-1.8667830157030394
0.005284099954936769,0.013104930966065544,0.003958315885630116,0.0060930577476820385,-0.2717167602442283,2.554065846404345,1.0531868337999544,-1.9050411680551629
0.0052824913313649505,0.01324441708525289,0.004000337298357571,0.005909264376513255,-0.2586567123304631,2.5502950682299,0.9234135717033647,-1.9237538372017027
0.005302446594633411,0.013294167054893363,0.004039628968270919,0.005853011950696529,-0.25587475140014887,2.5645001021185228,0.881447495390722,-1.9387422262039615
0.00502025894761349,0.012667302977212162,0.003417638321702466,0.00648727162943566,-0.2823407011627123,2.2533543746429494,1.3649665540080915,-1.6483250566819727
0.005014614846688765,0.012742678796441396,0.003454146242314321,0.006393876309333337,-0.2785027320081857,2.269511848171115,1.2970318997464811,-1.6745343025691894
0.005204136573693563,0.012954694500944303,0.003794568705960666,0.006244983689430948,-0.2792932635456005,2.4709033567208754,1.1726898837890147,-1.8307088035793784
0.00514305569195648,0.01291926878522317,0.003701072357996018,0.006254941866586199,-0.2779605807986938,2.412505528729555,1.1858598974135273,-1.7909105053235093
0.00508286915658651,0.012875927562100998,0.0036058324416332614,0.006273882569384138,-0.2767965100351953,2.354251818926295,1.2050464263436227,-1.749584136416763
0.005011534381242924,0.012833059684467489,0.0034981179814891823,0.006283926159305284,-0.27345215143376705,2.2876668616047717,1.2176912474919541,-1.703441024977401
0.003911216472672666,0.010592425526175946,6.471123144648373E-4,0.007124505183839148,-0.05749110172949428,0.3765255321078779,1.7612750794872654,-0.029851042722253845
0.007871453798568887,0.015281025088900667,0.006524975698213808,0.002620703820616698,0.07265692606425622,2.4724344796393205,-1.6040590841204139,-1.7152567807921895
0.0079262464093494,0.015348329332209925,0.006496119726469717,0.002508311531243029,0.0728607274170683,2.383986112787056,-1.634223025599477,-1.6497812318843252
0.007784256599230999,0.01528662114348762,0.006428971705940184,0.0026849465632786985,0.0626938658761847,2.471647761208008,-1.5315601007742268,-1.7347699554483456
0.006124540005191463,0.014030054481285909,0.005200225218591083,0.005026190978352752,-0.16088918902560842,3.050596305400576,0.1391621173753946,-2.28520197193462
0.0060576099147021875,0.01400595274081449,0.005108286051967629,0.005057013542832499,-0.16842769130954263,3.004889494354698,0.18131359494470387,-2.2583800099371465
0.006140411725831363,0.014101083971444451,0.005202026295539127,0.0049225702977857555,-0.15327928371393185,3.011779283867964,0.07403311154486186,-2.2638565914325057
0.0061805299343806845,0.0141729851693506,0.005235984620985841,0.004818812102277466,-0.1440341725827213,2.991295010999138,0.0017487265845653435,-2.2521789740120535
0.006184650924940992,0.014263911487146503,0.005208149999106785,0.004689208877648298,-0.13654077523185573,2.9226055907859334,-0.0672304308341354,-2.212360481299253
0.005983748563673285,0.013962778953253,0.005010580962430601,0.005112760486475107,-0.17786917654536352,2.9646358088102955,0.23957696198654105,-2.2337535114667495
0.007243104497733539,0.014832576795630053,0.006291839426731046,0.0035879564621433845,0.014841293516449366,2.97553418932341,-1.058496882885704,-2.1454136385982334
0.007128708371074693,0.014762063641478045,0.006206977647343514,0.003742614031175706,-7.252838230281459E-4,3.0210398686447175,-0.9428843943142261,-2.1910052902905512
0.007183166935859152,0.014801099426983334,0.00624321033664246,0.003662295520391688,0.006275461349175129,2.993443649179168,-0.9995465335045611,-2.1660080625320357
0.00726901936229418,0.014991886034736598,0.0061676727885105545,0.0033711865980591764,0.014084422608933373,2.779292451375747,-1.1107348308825056,-2.0203959610639135
0.007252994152465161,0.014911073225470457,0.006227290208935793,0.003481117112391304,0.0136327338659724,2.876226644763209,-1.0835307712939712,-2.0830930117897952
0.007691657722807058,0.015272689376390017,0.006348857088725515,0.0027703044570654618,0.05258550510351669,2.491101280245887,-1.4583843305846218,-1.7663055084655406
0.0076068151737884475,0.015220348243348157,0.006317536493406577,0.00288804685867706,0.04618267229594165,2.552516665731343,-1.3951275405081167,-1.820410048520552
0.007530787060465824,0.01514888794799515,0.006312604448938079,0.0030205418747519318,0.0413879263085884,2.6341081070698524,-1.3358218140308862,-1.8849509412731893
0.007445248891443942,0.01511332893258298,0.006253198963508211,0.0031185054833920557,0.03219504417783673,2.666969807412198,-1.2651319313009421,-1.9209121907046374
0.0073617761023155055,0.01509279216405551,0.0061775162983737095,0.003195117257942106,0.022362543673633,2.677504172924778,-1.1959368447431302,-1.9422554614704424
0.007287127273517047,0.015080076817385135,0.006102479165117489,0.003254631641139208,0.013264890456323957,2.6771148407675827,-1.1358358981493113,-1.9543298444398867
0.007057776012689122,0.014779462953532666,0.0060962219849915915,0.003753779375857132,-0.010980335785071753,2.9660717257042952,-0.8909796088574475,-2.167598042029494
0.006969817950768863,0.01467663542320825,0.006065336669121142,0.003932452341148745,-0.023983495488701156,3.050090069372934,-0.784054596479102,-2.2310000462668778
0.00699449324616686,0.014746699230731667,0.006039911304921155,0.0038264243066427326,-0.020118224224358022,2.976407561719664,-0.8302421071291051,-2.1823719384046427
0.006856429514431575,0.014618966988841528,0.005954133292694129,0.004056788606657744,-0.04073693844721107,3.054896353316472,-0.6728147847887661,-2.247665352825614
0.006888122512989559,0.014684477279312151,0.0059467275689889555,0.003954473081179625,-0.03497063310424691,2.995160936349222,-0.7255268452989831,-2.2072290853612855
0.006703463522284259,0.014537851068549403,0.005797947555258197,0.004220007444567016,-0.06332498054978335,3.0505236550783414,-0.5244117906225537,-2.2604258016606953
0.00679061425189913,0.01461989646733865,0.005861846496114252,0.004078338959886472,-0.04933868713845918,3.013433091609009,-0.6260619069259891,-2.2293573850139237
0.006732631630389977,0.01459592692601615,0.005798592224919362,0.0041301389788915635,-0.05823833334576596,3.0045593194632545,-0.5744779283530954,-2.2294884850155547
0.006488715788330838,0.014399827067695601,0.005577063881245073,0.004465038558652337,-0.09641668830818617,3.0410529185297457,-0.30899465689372013,-2.2709932767493357
0.0065188647770420905,0.01446675030418177,0.0055820590169528275,0.004364430403000005,-0.08933101806839155,2.996519158971765,-0.36830830243661405,-2.2420727155384905
0.006633109857155222,0.01453068712028889,0.005703593088279596,0.004248859263760602,-0.07275003372014949,3.010337825330734,-0.47495849732203865,-2.2419284563590254
0.0065547574935761665,0.01453334644935029,0.005592704412513813,0.004263854299818765,-0.0819278206490518,2.9547008562453425,-0.4282148254015912,-2.213833845102957
0.006316621436915909,0.01429712382013307,0.005381639146899589,0.004634020718057922,-0.12126171132638583,3.001378498206144,-0.14991555585657015,-2.2552695819351345
0.00624159641246791,0.014302183826932525,0.005272892065916189,0.004632401015999996,-0.12844693126045706,2.937160608661217,-0.11878812624428811,-2.2195086496062717
0.006412980848917064,0.014392734130324892,0.005472980785368162,0.004486870246213412,-0.10522153727181947,2.9902309625952754,-0.26285054150923526,-2.244577473892823
0.0063526036502371645,0.014369358018812096,0.005399197943456088,0.004527721342430127,-0.11381507897885024,2.9654923322760545,-0.2164982540772545,-2.232520767721793
0.005868235360698307,0.013880955534370255,0.004858342272086335,0.005214689036767111,-0.1923877808692072,2.9057722707689866,0.3376762360339986,-2.1956810583574047
0.005891985341945316,0.01396028302354396,0.004879545381900774,0.005105213017103149,-0.18324598044091625,2.882451993496895,0.26454301757293613,-2.18530402748206
-0.004999230373269714,0.012281010986276554,-0.0031202852614040304,0.006918311005698776,-0.2883457698728554,2.079279917336233,-1.687140634584519,-1.4449054813737539
-0.005022475775184816,0.01234638610221251,-0.003198922536242954,0.0068632021009958554,-0.29062981736514887,2.130075806263249,-1.6452312975857566,-1.4921120721077086
-0.005045615442343861,0.012408730173302497,-0.0032734356811293503,0.006809571129464524,-0.29232018273552024,2.1776009056275996,-1.6042263596214446,-1.5361215854146886
-0.005058217440024834,0.012468302815848244,-0.003331973309820628,0.0067495081968507375,-0.2923428209974184,2.2137393199183304,-1.5585120542658348,-1.573059916263223
-0.005064798381545757,0.012530431859593499,-0.0033832616965853604,0.006680848666052467,-0.2910382165366397,2.243959250390397,-1.5065436372580316,-1.6070867479254043
-0.004892541364884392,0.012091052746565599,-0.00284222328967434,0.007033531443900045,-0.27293810583961936,1.8956972130298657,-1.7734452563066279,-1.2887961825885517
-0.004952344343837601,0.012235439340813755,-0.0030309668407616057,0.006930490001443772,-0.2825368782615772,2.0203243964652344,-1.696711842035907,-1.400929907708296
-0.004920910599502609,0.012198501991277802,-0.0029660260588776507,0.00694464173401321,-0.27907205972224725,1.9775810701468834,-1.707368567837704,-1.3676156876212466
-0.004932163293953293,0.012280395770170224,-0.003045864777057949,0.006865405776703337,-0.2809676759777177,2.029009662950665,-1.6483392377644965,-1.4212531970143505
-0.004880220447125855,0.012185022910251392,-0.0029116004608553104,0.006925797357195858,-0.2740988763820357,1.9410065746091643,-1.6936646652353986,-1.3460013714792463
-0.00486449981519792,0.012144175485518096,-0.002860249797026459,0.006955485638153419,-0.27159947976371357,1.9075184484350907,-1.7155685305461277,-1.3154095792593752
-0.0048319905809823685,0.012044359901154877,-0.002738708256728763,0.007029514507067596,-0.26441733703958953,1.826879559202552,-1.7699589136330245,-1.2402381201251769
-0.004773011852698467,0.011936925346769918,-0.0025815419586128117,0.007083293383801954,-0.25264583365174764,1.7218044995230224,-1.8083447729745408,-1.1504616415483386
-0.004786278204467578,0.012002421105302228,-0.0026554655752358543,0.007032065384774791,-0.25795291399417747,1.7716654503287994,-1.7711887017366696,-1.1994189080023947
-0.004700650192960463,0.011928397194613418,-0.0025062257586126713,0.007029665797621376,-0.244890196135314,1.6729052061350238,-1.7679914804485688,-1.127321529355705
-0.004646669981230106,0.011875167675255476,-0.0024076740063158036,0.007032236109039426,-0.2363759157874963,1.607349318363831,-1.7686114683321965,-1.0780005413716494
-0.005913090259682584,0.0134235485742187,-0.004943945675290283,0.005917317760557762,-0.24317940476742575,3.1787617079220314,-0.8052243341634023,-2.3113113049187706
-0.005852785191124296,0.01342245912244799,-0.004849166912981445,0.0058962746565656135,-0.24510836233508607,3.1055535052093384,-0.804807430649175,-2.2700602204058353
-0.005806719368137187,0.013431968037445166,-0.0047791010141616415,0.0058642354604023315,-0.24523329503519958,3.048107856242559,-0.7925649935278916,-2.2386574993948285
-0.005968476808977281,0.013492172244459574,-0.005035485215817612,0.005827641107723492,-0.23177615933457804,3.217378925436972,-0.7231542938891876,-2.3423737406915914
-0.005939098710847663,0.01346093004084685,-0.004987566024840353,0.00586740453562831,-0.23743105215013446,3.1952558771477757,-0.760874592925643,-2.325803411274554
-0.005960787093940392,0.013530095912712687,-0.005023625548750219,0.005764850735794492,-0.22736062321646228,3.1898595250375634,-0.6790832793376274,-2.3315679042290416
-0.006067329088733535,0.013597048213196112,-0.005191760545089009,0.005688533069371945,-0.21261941731960207,3.2843282678108365,-0.5913288979206092,-2.3922592237835825
-0.006081973275450753,0.013631549475971935,-0.005212552812141913,0.00563654901991753,-0.20738620040791353,3.2813706171064667,-0.5494940533880296,-2.394103637140692
-0.005984764204722894,0.01355940949485795,-0.005061283078847001,0.005725719629361015,-0.22253031241594276,3.204087388240922,-0.643747869380351,-2.3430177830132624
-0.006026335217385286,0.013585248677786814,-0.005126578401159528,0.005696404441282213,-0.2165563016965569,3.240536401759775,-0.6100393750180867,-2.3664577810713845
-0.006076103269832225,0.013662853038737505,-0.005199944054565121,0.005584910873133045,-0.2038423038466219,3.254561520523578,-0.5148824188736395,-2.3819958582269796
-0.0060974836524783985,0.0136982457763049,-0.005229720177298262,0.005533080599329402,-0.19807727253681476,3.2572991843123655,-0.47151547910684277,-2.3865849669699952
-0.005765802694265021,0.013411817050931033,-0.004714749746300629,0.005879233687624575,-0.24844824993956843,3.0079618805088617,-0.8132493676776534,-2.213023110705993
-0.005629626006558274,0.013188800175126485,-0.0044668803642283665,0.006152141016342531,-0.2749338417393066,2.901880730865592,-1.0449222044447606,-2.1174817335003824
-0.005645513432707887,0.013237624412780348,-0.004503080991218978,0.006087769402422692,-0.26962131724519883,2.9129786771012465,-0.9933127481963969,-2.132290573076187
-0.005668006367514618,0.013286110580460244,-0.004547471025984646,0.0060264009498228015,-0.26399053647715487,2.929638347015804,-0.9430007825621339,-2.1497344846766993
-0.005695819723996294,0.013332169519560346,-0.004597833991350134,0.00597020309781473,-0.25895535633959227,2.950758844655816,-0.895648968113456,-2.1688909771625613
-0.005728374093455,0.01337081170269766,-0.004652909639817234,0.005926065894016005,-0.2539561603257304,2.9774020792769993,-0.8561747834580277,-2.1898096695500686
-0.005713553757203225,0.013415609144117319,-0.004636994455930187,0.005853341313419097,-0.24881158036799028,2.94873015599836,-0.8064070315670374,-2.17950306153293
-0.005502241255263975,0.013033912374996341,-0.004230452647752639,0.006308426065316417,-0.28832144058449743,2.7687869626486292,-1.1845136617452594,-2.01305884877852
-0.005577793459837978,0.013175551730006634,-0.0043872164730752805,0.006145400182055457,-0.2754001450313413,2.8458844942531343,-1.048854760089151,-2.0836001930288326
-0.005525364780125765,0.013092103995782667,-0.004284862717182602,0.00623824168977888,-0.2831748782253137,2.793705286769814,-1.1274818806787035,-2.038699658717953
-0.00552685799198504,0.01315530716815534,-0.004307805816811907,0.006148639673961762,-0.2766472244665858,2.7926464938069824,-1.0598266358431851,-2.049909578140365
-0.005148230724872198,0.012600017418791368,-0.0035306811074888793,0.006656747573074094,-0.29691199340552693,2.339530119715396,-1.4844264997281373,-1.676058789093861
-0.005174186216754294,0.012638584760003235,-0.0035876829341600232,0.006627231644187123,-0.29681358076869296,2.3751350030366747,-1.4605346870449714,-1.7053198327284105
-0.005182961282209271,0.012686842399230286,-0.003628324983170555,0.006572768557802948,-0.29556063809155625,2.397631728215582,-1.4185671552109842,-1.7300939347491564
-0.005074954168078798,0.012593475820926351,-0.0034371924812808888,0.006612751025940039,-0.29000955560144553,2.2751869731378416,-1.4549756743562956,-1.6409141532921019
-0.00542156689748589,0.012966360314178974,-0.004089423970343342,0.006356173834942961,-0.2911027141445563,2.680554644259823,-1.2315801207597241,-1.949978924827087
-0.005356413232954511,0.012938781599518511,-0.003988053043735049,0.006354980521280378,-0.2897592623720487,2.6121132712926562,-1.238084927382902,-1.9063854419222503
-0.005439007250277139,0.013022543193906654,-0.00413696040831069,0.006288327350370898,-0.28659466741351985,2.70204676802635,-1.1777107524099744,-1.9737223298201394
-0.005246096627824782,0.012765765588216162,-0.0037546224546579385,0.00651449351323221,-0.29528226970934907,2.4760704871153707,-1.3696692557868024,-1.792117627950544
-0.005183958261485235,0.012744338412372904,-0.003663109022855562,0.006500846234540701,-0.2921724194388226,2.414019255377545,-1.3645134127074654,-1.7534694915111297
-0.005311634248864543,0.012878465655140654,-0.00389961066437308,0.006408624951920963,-0.29224877483688255,2.5601660022442387,-1.2834607645398408,-1.8644528021690618
-0.005269987927830055,0.012826866083193306,-0.003818568512750676,0.006450514228668332,-0.2933943536811894,2.5114837027508106,-1.3191425922957538,-1.8259764297722156
-0.005288918399678786,0.012933206164096746,-0.00389528335981534,0.0063222463412390285,-0.28599211627876414,2.5462861616307397,-1.2208090660115938,-1.868641356247738
-0.006697493127758681,0.014181577464436546,-0.006020951539410898,0.004759109197783274,-0.07927706677296519,3.467187526270466,0.2768778441775179,-2.5061986590075125
-0.006719326548410085,0.014205166053833524,-0.006041319923061246,0.004716909214839865,-0.07434317730175558,3.459232309390915,0.3112024423271837,-2.5001318181462504
-0.00693403469636168,0.014257998262409758,-0.006351196763636963,0.004574401488414614,-0.033862592733806846,3.594330222045795,0.5168619746912779,-2.556355968728024
-0.006893028612163628,0.014252320136391728,-0.006288889426552732,0.004596590572294729,-0.041902689508583564,3.5636881476371616,0.47872067839879934,-2.5436232761660205
-0.006859175856288598,0.014250153431323537,-0.006235705064641042,0.004610117005199034,-0.04828005141649928,3.534617909022148,0.45006219912684153,-2.5306478236634335
-0.006833877493066572,0.014229183678556285,-0.0062098337754536714,0.004651078675607586,-0.05362415508545517,3.5394002654723447,0.41401377769651365,-2.5358811815585613
-0.006805110705262296,0.014203102310831979,-0.006181262201012353,0.004700857194226213,-0.05981148031584605,3.5467723100961916,0.37122625452259733,-2.542694115113692
-0.006756961471894141,0.014214397298985004,-0.0060957558976478185,0.004693941116698556,-0.06769851479303735,3.4841907843435598,0.34522695800241304,-2.5114219691070674
-0.006979386624460696,0.014343288496452644,-0.006355847932628102,0.004421568947011179,-0.023883309741604377,3.509322572749236,0.6158520757705834,-2.502263115983561
-0.006953446503025915,0.014318005698071632,-0.006335092807419258,0.004471121019875694,-0.029226917249388393,3.523906981326482,0.5766611769352553,-2.513912064826856
-0.006934510939822567,0.014294177417862389,-0.0063236899989569575,0.004515753885157442,-0.03300042103299499,3.541726471704828,0.5438972595565913,-2.526414783098262
-0.0070755670034720955,0.014432673730357644,-0.006429735228534958,0.004242783299564041,-0.005833606645732078,3.453078677583077,0.7549948676858175,-2.4564578790827447
-0.007015215367438112,0.014364481648531276,-0.0063947974513651,0.004374349916391486,-0.016846877426742218,3.50788581771215,0.6606116487921193,-2.4967226422161555
-0.007045266239910287,0.014401673443470486,-0.006410014877059352,0.00430384523825434,-0.011450645602330918,3.476446927848356,0.70997442134299,-2.474398543136601
-0.006969653581840297,0.014382826315925445,-0.006308236708544372,0.004363172356853209,-0.025756196340814663,3.443926774101492,0.6327760399652621,-2.465841395356591
-0.006135543070413295,0.013739826289936084,-0.005284175276477219,0.0054740354070535605,-0.19003646531711388,3.2740252693738685,-0.4178499621826829,-2.3992205888528666
-0.00616761967634955,0.013790938901659272,-0.005325743538468528,0.005397734989784123,-0.18187890063092094,3.274554548073994,-0.3551628803622959,-2.4029283287789798
-0.006323057818056103,0.013873652591411888,-0.005554885620299045,0.0052815744996846615,-0.157150477981199,3.387915437242879,-0.21698571298933272,-2.469862045811228
-0.006199281253255986,0.013830905348898076,-0.005367286401230108,0.005338394639600902,-0.17458020903960825,3.2805195151051634,-0.3041404284804921,-2.4084910968324755
-0.006267015294168646,0.013868297992818903,-0.005465831310420916,0.005285748139054968,-0.1635857563210699,3.3276224841710165,-0.24314727941275693,-2.4364545833187656
-0.0062251408583125604,0.013861667679301031,-0.005400735739242999,0.0052923657689961075,-0.16881549602498508,3.2855353358369017,-0.26424918181154744,-2.4127706257145154
-0.006396762565216643,0.01396928788877318,-0.005641127206095155,0.005129271094222587,-0.138747022056531,3.382980059110998,-0.08879258215683365,-2.4693628928346136
-0.006353376988538189,0.013952854240511951,-0.005577382614292852,0.005155036036258074,-0.14600266926636382,3.3502330859919343,-0.12413820477758007,-2.4513462135594746
-0.0063239190639720316,0.01392220645943181,-0.005540655863323107,0.005203091808688006,-0.15193304183347991,3.3452838497357966,-0.16669722022438702,-2.4479906239598237
-0.006510031733899597,0.014016603750140567,-0.005805220579467425,0.00504978887608653,-0.11934665571036211,3.460833341773452,0.013455964183949337,-2.51082419253505
-0.006533767173212528,0.014056112992549935,-0.0058251944572551345,0.004983862980281196,-0.11296842939558427,3.4437618062928435,0.06412833972693795,-2.501059587105869
-0.006543767608161151,0.01410029808871421,-0.005819415419488702,0.004911707034876954,-0.10829270437684332,3.4057226615165677,0.11025384199083879,-2.4797396005390153
-0.006569356352156336,0.014120736861009545,-0.005849892052054926,0.004876242303692702,-0.10310027454738323,3.409375603416153,0.1432799831709125,-2.4808101778342895
-0.00663636460931112,0.014152507911002116,-0.005939933477375766,0.004816298935188624,-0.09050386180336285,3.4411355917628934,0.21197979612815435,-2.4953409002592903
-0.006599262607428456,0.014140236546759586,-0.0058873179949209395,0.004841309975465567,-0.09740056146063693,3.4177730909663775,0.1782310340980672,-2.484175787671404
-0.0066545424491945004,0.014188826249381684,-0.005947855708925647,0.004755279404741605,-0.08591237848994905,3.41595078623584,0.254200804202343,-2.4800184843793693
-0.00641005560267501,0.014014691309088442,-0.005644461036685867,0.005056306829530261,-0.13315766502430507,3.353292304444961,-0.03869014487102591,-2.453454429439793
-0.006460081827723032,0.014019259157184626,-0.005722850302886578,0.005047651879491486,-0.12614495258230904,3.402811192208251,-0.009778524145830943,-2.4800238223938886
-0.007109127276740273,0.014467221718163068,-0.006450066794012223,0.004174617857324183,6.349121715232312E-5,3.425290900567958,0.8042118374081333,-2.4352441208747293
-0.00713168037606239,0.014509080249189146,-0.006445647867214179,0.004100676349450043,0.0036127345136614682,3.377941094859821,0.8457126588537992,-2.404013797600518
-0.007177166917019116,0.014500877379222366,-0.006521800478055608,0.004090516528151139,0.012617812143189038,3.4202504359498076,0.8843124224111509,-2.421217907526969
-0.007218813090448049,0.014488256224096678,-0.006597204215973149,0.0040880662074126335,0.021076850463566252,3.4677937450660017,0.9182879195239441,-2.441553709685031
-0.008005953585319912,0.014727788913853282,-0.007426768373586926,0.003131925206489861,0.15971573160403849,3.325366612782743,1.8436978428922022,-2.1533248313082223
-0.008057979033844014,0.014768649899130256,-0.007432089619973092,0.003026081531420015,0.16270821014338074,3.2469744236537905,1.897838125646744,-2.092517916272151
-0.008036196632287836,0.01475311842910005,-0.007427855581768352,0.003068337111617337,0.16132031461631602,3.276954571643898,1.8752676460904492,-2.1165041589724587
-0.008014667468934469,0.01474532714980587,-0.007411999209075549,0.003100436501551963,0.15840646085821625,3.291851392722667,1.8510897023951631,-2.13231265403073
-0.007937324968086806,0.014715186700244548,-0.007355495928268727,0.0032171398877898325,0.14806183375192503,3.345822184782452,1.7630721097331925,-2.1886861726630737
-0.00798298051047344,0.014723688242270997,-0.007402992234300245,0.0031605843101011302,0.1557989561578282,3.3325006755584847,1.81670454089374,-2.165462006488625
-0.007957885534979519,0.014723380272335806,-0.0073706714632100654,0.0031860972468138586,0.1508496675116252,3.331747974453745,1.786663205887421,-2.173964402539209
-0.008183981640154969,0.014842974741672784,-0.007471320975059808,0.00280072072120372,0.17221429021926885,3.095821496324118,2.023586863223646,-1.9645482134697232
-0.008079937624679833,0.014780075958655537,-0.007442262977826776,0.002988767750062679,0.16485390912393597,3.2243623883183967,1.9211121763510264,-2.0723027499764743
-0.008129496101400029,0.014785422117175795,-0.007495083675069514,0.0029290818733496153,0.17314995168264707,3.2101271903162614,1.9781882003140883,-2.045685462670777
-0.008103581108186078,0.014786342454992758,-0.007461940750179227,0.00295590023166996,0.16816349498222824,3.210882936020147,1.947375253006829,-2.0561756509296867
-0.008161632446152882,0.014825916483348479,-0.00747137161583783,0.0028453324982717462,0.17144066693915352,3.1306561804970805,2.003517450121081,-1.9915481628421834
-0.008142500352332138,0.014809080744388359,-0.007474451535785785,0.002886286880810114,0.1711953362780176,3.164312845544084,1.9865415107827573,-2.0166477008932513
-0.008058281188494335,0.014798537613526145,-0.0073878015144299486,0.002988605504215383,0.15762920732064223,3.1912584293986725,1.8914150211858176,-2.062852959765936
-0.007344365166954805,0.01451670256253862,-0.006758512353697858,0.003973419662645424,0.04536447403594627,3.4997769024771315,1.0571349769755163,-2.435917017879954
-0.007307894225606435,0.014523274795528084,-0.006696548424258064,0.003985300155842622,0.03735759972581875,3.467075703920386,1.0222123865631698,-2.4244861419310753
-0.00724609863163932,0.014516827542746602,-0.00661010717364136,0.004030115374967491,0.02522953768512101,3.439574280641274,0.9578464262255934,-2.4203248098043844
-0.007276324272701548,0.01453019673698741,-0.006641985324113829,0.003993126642254831,0.031289658595655204,3.4366217266262415,0.9934193715360552,-2.4129755468022376
-0.007291505255904056,0.01455061908827636,-0.0066436503461713824,0.003953958521521714,0.0328450150260097,3.4126112752837927,1.0167593449437302,-2.39617014340638
-0.007370715715167228,0.01454284387631228,-0.006769933000988386,0.003917867084152176,0.04909726938045857,3.4706823222487624,1.0944448955206398,-2.413786188953468
-0.00743098373004547,0.014579222057446703,-0.006819107277911503,0.003825043107838809,0.05928378096539622,3.440722494210975,1.1699535937626921,-2.383653419521241
-0.007400222767727626,0.014564104705063858,-0.006790548299615701,0.003867492274658296,0.05389569965002442,3.450653113856454,1.1327057979247563,-2.396045021662426
-0.007433918354352634,0.014615993162936158,-0.006782089753445484,0.003769477664235859,0.05741089223018652,3.379876836653277,1.1838501059930613,-2.348133224890189
-0.007469767729803548,0.014620747540902049,-0.006828454402310982,0.003738316791865115,0.06440106254375594,3.3882539491134467,1.2228303391877866,-2.3449225796634248
-0.0077174534203383926,0.014680306745222646,-0.007105901881436697,0.0034646380760979963,0.10830407753676173,3.372240196321144,1.5059851490188583,-2.2725187082972123
-0.007491558753867893,0.014649250063110755,-0.006826844623017063,0.003682385244479103,0.0663342341563695,3.34953188428983,1.252780691250118,-2.317691355768687
-0.007681284961657135,0.014687497793972689,-0.007046628829703083,0.003484696106224498,0.10032384470701707,3.34940733956427,1.4656086332062694,-2.269881617105981
-0.007641931249302728,0.014689207934182139,-0.006990006848701358,0.003513999137160405,0.09229809288272038,3.334898672449346,1.421960587121278,-2.2723155406820577
-0.007602753307337803,0.014697790398740841,-0.006925179029014672,0.0035326555344933285,0.08398047018976475,3.307928945268934,1.3802115887439272,-2.2671223447316753
-0.007560469748600714,0.014689269239184592,-0.006876799355625739,0.003576378636877667,0.07661398191893463,3.308217709147233,1.3335450871146648,-2.2777577803343583
-0.007521225344270255,0.014672468971789794,-0.00684177220693864,0.003628518175434006,0.07042004484388885,3.3222328599992843,1.2889805594713948,-2.2951278061557665
-0.007874229277177795,0.014721391160703862,-0.007263143270796273,0.0032694089449407924,0.13447265556551938,3.327388333459737,1.6877606749546772,-2.199906432010797
-0.007847600440208914,0.014727637122299393,-0.007219085109874631,0.003285823084848269,0.12845654782987317,3.3122866330730463,1.6563965350874703,-2.200178313757785
-0.007825561389735582,0.014722502699418629,-0.007196721341868525,0.0033127758483182715,0.12469351012062782,3.3183820971273112,1.6311887734516237,-2.2103948009220624
-0.007741745138396774,0.014706899196339959,-0.007104462199568105,0.0034075630294850803,0.1100270903286495,3.330207526856538,1.5350315227653268,-2.2421260325959946
-0.007800661157039095,0.014727679974874307,-0.007156392466181779,0.0033281686307653035,0.1191460760708702,3.3047089880241516,1.6024132200956622,-2.2105437331590068
-0.007766816386794932,0.014733213660832939,-0.007103678604607844,0.003350454260083981,0.11171080371570609,3.2884597652271865,1.5639802947803736,-2.2115768973075056
-0.007915664254755006,0.014729962608575023,-0.007305827767496332,0.0032187218958632745,0.1414638888222842,3.315961065464022,1.7358149739797033,-2.179963794958246
-0.00789028890192308,0.0147426655000788,-0.0072545916118278075,0.0032262235188899526,0.1346260250715048,3.289879177202374,1.704892976356932,-2.1742317043089803
-0.008274270418213645,0.014847278198322515,-0.007568462100689379,0.002693877361142214,0.18674176333838327,3.0690015908893566,2.12528842415735,-1.9134148795072856
-0.008238956244429815,0.014847405856892064,-0.007528003265360739,0.002734150319539972,0.1807118464952359,3.077007131122243,2.084863304817462,-1.9324132565552001
-0.00820648319697656,0.014861075732634737,-0.007469323040945761,0.0027548816543354723,0.1726837865245073,3.05893596601733,2.0428714639684418,-1.936374447392151
-0.008283061368297939,0.014873083615651216,-0.0075371572134351,0.0026547353870708537,0.18314513547230632,3.0197751943646427,2.1245335472678963,-1.884595925338631
-0.008593976738525994,0.014930587206367788,-0.007763262354070366,0.002213282634813404,0.2174620717922336,2.79412583886868,2.4335422043138317,-1.6273129744933172
-0.00860556790694046,0.014941364327933684,-0.007755568361021395,0.0021880171752051846,0.21652671168850848,2.769164868717478,2.4385076087491435,-1.60961360488469
-0.008621571587548185,0.014954140267844362,-0.00774838196522903,0.0021552572330445895,0.21566740710384943,2.73844518124745,2.4464681103769057,-1.586938231601345
-0.008516647546676385,0.014905327191687318,-0.007731272466502248,0.0023374135402572057,0.21238110342865155,2.877162470871061,2.3668917608457125,-1.706156026677881
-0.008578411879959254,0.014929018029696298,-0.00775112794183164,0.002234981637452941,0.215697869716962,2.8050153575177426,2.418160382144023,-1.6405240996669008
-0.008558427446351878,0.014925187728355103,-0.00773845171234874,0.0022644491394748054,0.21381349779586542,2.821881557975901,2.399449186543812,-1.658751536661953
-0.008537233130685674,0.014917130943309615,-0.007731543514560099,0.0022994747655572197,0.21268278755988,2.8464704888213324,2.3818728964628693,-1.6811763519672949
-0.008331990359016161,0.014866197028245633,-0.0076024286649894884,0.0026052816523422276,0.19253989755148598,3.0184679306640336,2.1827544573534126,-1.8626800111397495
-0.008303815140600529,0.014885723716194142,-0.007539971830122824,0.0026167725630233773,0.18394866403851354,2.9913820882375357,2.1423576206968598,-1.8612971800374396
-0.008354125216769018,0.014882734031876994,-0.007599690150783112,0.0025609905905852985,0.1926077555992425,2.981617454118305,2.199890462611332,-1.834341156139687
-0.008376297679260812,0.014894070362314535,-0.007605016078960123,0.002522361705844915,0.19374384473135509,2.953890699530357,2.2190474695346967,-1.810518964928525
-0.008491842481292889,0.014918295043416827,-0.0076844643966824805,0.002355723522081732,0.20600492640057053,2.8653638137436057,2.3323476671508554,-1.7127971503480457
-0.008422342322887057,0.014898981188864518,-0.0076455429164325765,0.0024614771833942183,0.1999114790531977,2.928415329251667,2.267382569277599,-1.7767186120701426
-0.008399328376387072,0.014901671210741886,-0.007616965885607958,0.002486614092702773,0.1956957686838995,2.932204768373918,2.2406574534256127,-1.7892555717789411
-0.008463238583516655,0.014918640853365956,-0.007654995416015327,0.0023909591755328437,0.2018291492839194,2.877084597602145,2.30123633346922,-1.732289754545009
-0.008440289968794451,0.014913565172327914,-0.007639962114650472,0.0024244075848813417,0.19926479722894289,2.895439409390772,2.2791895814948586,-1.7521044737664895
-0.008472073836211045,0.01493946591568126,-0.007629209198493897,0.0023590439788902305,0.19858510084251427,2.8369198301791334,2.2989850271643726,-1.708519741985184
-0.010095671114012288,0.015056761745463845,-0.008216109818154458,-1.5547854750441745E-4,0.26063882915129066,1.0685069599639665,3.2824747429095136,0.12020940707102612
-0.01007973821926807,0.015057161989714934,-0.008216294055179527,-1.2958445520192517E-4,0.2609107736796403,1.089514473699069,3.2797472402666443,0.09948843195700206
-0.010104250508019828,0.015069065085020334,-0.008191130675878951,-1.6850851699208247E-4,0.2573301159951052,1.0470968787081945,3.2674208976282797,0.12967304925831324
-0.010118388993858925,0.015071364983863314,-0.008185490162970975,-1.911364517573739E-4,0.25635027752636536,1.0264262197329908,3.2661012699198237,0.1475651823839985
-0.010134516930064237,0.01507294290955711,-0.008180955876614458,-2.1698048903300626E-4,0.25550870278816645,1.0036832664158675,3.265774565801674,0.16808047848914384
-0.010150966707269166,0.015073842721808395,-0.008177545922318362,-2.433630342137639E-4,0.25481024326548823,0.981026959336832,3.266163527219501,0.1890839852399101
-0.010167875665984738,0.015074123107229177,-0.008175113361029619,-2.705187491079852E-4,0.25425270271006367,0.9581954579466344,3.2671952974891725,0.21076890685391844
-0.010201166551531084,0.015066445494218789,-0.00818593715787138,-3.2506508889690067E-4,0.2551072668901447,0.9190889059052626,3.2794340854325257,0.25512464978774524
-0.010186461561342224,0.01507368078311132,-0.008173684149753115,-3.004344422012876E-4,0.25378516409449875,0.9336132137375371,3.26906654793521,0.23472866108468032
-0.010215100887133408,0.015068067134478993,-0.00818070571057549,-3.4724603482443923E-4,0.254235356604898,0.8991360875371622,3.2779583802028562,0.2727288205974637
-0.010230729328204638,0.015067806795246616,-0.008178772903748256,-3.7240301800563707E-4,0.2537042944921983,0.8782436716615102,3.2788670681253227,0.2928864436908394
-0.010246188382423234,0.015063589488693315,-0.008184477575890164,-3.9795952578912445E-4,0.25426835565626843,0.860256427209064,3.284793170949624,0.3137747792898026
-0.010261585064256666,0.015066569436978467,-0.008175867753954848,-4.2215170462665087E-4,0.2529103532625216,0.837373569197258,3.2810629384546424,0.3328599599812631
-0.010279127580149636,0.01506610847954165,-0.00817344180543189,-4.5036421450390154E-4,0.2523500468437289,0.8139290655876946,3.281669722959538,0.355494470398305
-0.010294417090246293,0.015062359764899209,-0.00817771482352005,-4.756310375564312E-4,0.25275457201423623,0.7956458730234957,3.2864119375224305,0.3761175976108226
-0.010311655855042696,0.01506720400754162,-0.00816454490385915,-5.021870777325121E-4,0.2508058834671203,0.7691123379355929,3.2795899742418264,0.39687398839653404
-0.01034916241595538,0.01507947278085054,-0.00813195410063153,-5.590268849062606E-4,0.24634362000900292,0.7109340824427618,3.261824656383722,0.4409418076674296
-0.010330553186247489,0.015077075915204192,-0.008141021317748938,-5.300737239064558E-4,0.24767897354796384,0.7374426362317458,3.265922996928921,0.4180841263727331
-0.010366922155522566,0.01508113129954982,-0.008124312127308735,-5.867149795773882E-4,0.24520741994506576,0.686009414086418,3.258489026908038,0.462898629232635
-0.009819053177061454,0.015067953742770122,-0.008185065908387341,2.9216033583922337E-4,0.2617891371819516,1.4195654700562517,3.2029174049644054,-0.2361167869584416
-0.00980327615862749,0.015073027867573557,-0.008172882263705309,3.1683703101452785E-4,0.26039372797617816,1.4342805612136242,3.191141018753491,-0.25574058903867775
-0.00978697995656902,0.015085309635607893,-0.008146279467384254,3.4111007578742537E-4,0.2572186065590745,1.4421469687445823,3.1701091178246013,-0.2752585626349902
-0.009836049268488078,0.01507281867412617,-0.008177553183961335,2.642077719732416E-4,0.2603923983443434,1.3931848355614656,3.202374419978167,-0.21429312606759202
-0.009853090554066884,0.015083716611316123,-0.008157950826812838,2.3563927866259238E-4,0.2574720298189311,1.3609698013029492,3.1940020397657136,-0.19228744971422504
-0.009871044906681009,0.01508892472846466,-0.008149481381587304,2.063915634254701E-4,0.2560049967723635,1.3332773628886778,3.1928435420537684,-0.16948155135457002
-0.00988728516413967,0.015093138173156757,-0.008142612444248758,1.8007534600233464E-4,0.2548312210312342,1.308707933685531,3.192187284940442,-0.1489157298781887
-0.009916475892981086,0.015085896697173315,-0.00815894150475719,1.3388823487468334E-4,0.25642060727552174,1.2782993175476058,3.2093044210140853,-0.11203979790164241
-0.00990379409449894,0.01509935539828093,-0.008131654562819704,1.5327429539394957E-4,0.25312000861279027,1.2819576748530082,3.188881390335825,-0.12803929432366645
-0.009932735574703573,0.015090961759386666,-0.008149868483766616,1.0757013526315933E-4,0.2549423957062494,1.2528313476122095,3.2070024666983907,-0.09148803595750428
-0.009965891609267466,0.01509473345614394,-0.008143709646733888,5.44077920869144E-5,0.2535764663141377,1.206922588354946,3.2100412976295947,-0.04961783199824687
-0.00994977190961456,0.015092964201095536,-0.00814667250807038,8.023281909378057E-5,0.25424548836509014,1.2291928885910883,3.2085858909766647,-0.06996428751212413
-0.009750400112945902,0.015085007034632912,-0.00814083142669249,3.9945451482387574E-4,0.2571695579161397,1.4875609662523919,3.1569988542139096,-0.32092115791869574
-0.009771293217175025,0.01509674550276968,-0.008121371219461201,3.642584326430856E-4,0.2541965664201517,1.4497954723853617,3.150299125698831,-0.2937477661947963
-0.009982170658533844,0.01509569224702289,-0.008142160047952996,2.8376655272346167E-5,0.253105255924563,1.1851282051374363,3.212365616217071,-0.02904704127295166
-0.009999002004756372,0.015096998355427091,-0.008139744891720339,1.4832183509921357E-6,0.25249731689957255,1.1622791480282915,3.2141568153587854,-0.007798398777032311
-0.010055658421126932,0.015072556800180298,-0.008186911004006104,-8.98874338210229E-5,0.25757086113395605,1.108792693066279,3.2559434325596803,0.06663917994936651
-0.010071727061366236,0.01507014140645871,-0.008190986498758065,-1.15933117144333E-4,0.2579107122198981,1.0895167734716715,3.2615646167051606,0.0875790769775747
-0.010047555607597312,0.015089625037278696,-0.008153538935964861,-7.627315775143982E-5,0.2534423088110325,1.1053606148879396,3.23250314414519,0.054511022774650135
-0.01001661367970027,0.01510125713879971,-0.008131337078359781,-2.6599057721531396E-5,0.2511281585670058,1.1358792402289284,3.2121097866823347,0.014234283246952065
-0.010035326968673588,0.015105724176172612,-0.008122298899243237,-5.632248975411296E-5,0.24966713364045443,1.107967126168652,3.2097716981489612,0.03754049283256091
-0.009265269868352449,0.015057694030201772,-0.008025532636613748,0.0011655522595509973,0.24995138003579118,2.066788530173255,2.9230443193637754,-0.9038266723992036
-0.009249303889818757,0.01506551849464447,-0.008002428623914615,0.0011855655020873686,0.24703360350871506,2.07191664851688,2.9035832104066053,-0.9179375160507603
-0.009325973100832167,0.015064987071772624,-0.008041467409755544,0.0010698246779770077,0.2512515799731955,1.9951003516270696,2.9567620830111383,-0.8329389123654599
-0.009340093921579718,0.015074813612725745,-0.008029255606727775,0.0010437516732468787,0.24929228738509343,1.967427142458181,2.9553937791627947,-0.8131433542275024
-0.009295490500377578,0.015061451375913327,-0.008033547091649454,0.0011178924588855822,0.2506171670637252,2.0311584226966217,2.9400100659407715,-0.8686241364945406
-0.00930968845699481,0.015070614115273547,-0.008022977259670445,0.001091907990138578,0.24882966129218054,2.0043603842028865,2.939823195021229,-0.8489833062142041
-0.00927986872522384,0.01506780056867187,-0.008013705888528648,0.001138391716011097,0.24802106817155872,2.0383728145363165,2.9225340256764065,-0.8833192870468742
-0.00885626985275614,0.01496850195129657,-0.007924732850205911,0.0018239433560862967,0.23989099690319363,2.562280028516998,2.6684528106052636,-1.3746110644874603
-0.008873026600245672,0.014979966207093687,-0.007916980110455439,0.0017912823548821152,0.2387138588973954,2.5309647577445262,2.6745042127526872,-1.351105861328169
-0.008923823214388775,0.014992104746864443,-0.007933451570598379,0.0017099151772088429,0.2407564318648426,2.4722374157122675,2.7107861069603416,-1.2947775627679696
-0.008908370587167832,0.01499181194566434,-0.00792241174777103,0.0017321421595734143,0.2392999007128789,2.4847948505951085,2.6969552637240946,-1.3097849387306937
-0.008890665415002363,0.014987731773126534,-0.007916423561634143,0.0017603503045045957,0.23857968651536074,2.504992461569952,2.684231423262615,-1.329285356560349
-0.009000217421219115,0.01501330906777263,-0.007949200165928346,0.0015849076469089337,0.24247167275464418,2.3764869107033175,2.7592504988417215,-1.2064701150879182
-0.008985196183427606,0.015005260118236293,-0.007953627943019412,0.0016122384104100332,0.2432033855121476,2.4015958571713525,2.7536154199361667,-1.2263473176076902
-0.008941143399353736,0.015004004299405078,-0.007924366935695164,0.0016764198696539551,0.23932085405331138,2.4395161830323633,2.7158248683504596,-1.2703840504515178
-0.008966807100772021,0.015006195623757341,-0.00793886725415841,0.0016380749653839082,0.2412900431834654,2.415314311036413,2.7366072322725716,-1.243967105831968
-0.009188749752810551,0.015046365928426023,-0.008005810646161184,0.0012866765698812215,0.24823522575125576,2.1576700894621736,2.8792422860991667,-0.9926404807385986
-0.009175176476034202,0.015039679297032739,-0.00801071837589544,0.001310769753568965,0.24917014431864212,2.180204636529552,2.8757878747003396,-1.010527464068283
-0.00915923471941914,0.015040911791152696,-0.007999146198991431,0.0013338301245496896,0.2476931484258936,2.1935135220746695,2.862341963198608,-1.0269916672890382
-0.009236065590417909,0.015082272168010223,-0.007963889252743097,0.0011965878996816216,0.24197713591865624,2.0619255440759336,2.8768064686810484,-0.924837230640076
-0.009212411589107494,0.015070764730270832,-0.00797289873479746,0.0012378951277598074,0.24349691483525676,2.1005708449365224,2.871689139699689,-0.9555560581789385
-0.009192593859724442,0.015063357612980026,-0.00797593341511205,0.0012714102365801478,0.24427574883745645,2.129919661953268,2.8647173385444193,-0.9803416951361077
-0.009108495838982825,0.015036544913351522,-0.007976834501487354,0.0014115878039492847,0.24522530235476755,2.246811951240341,2.826959354902408,-1.082789951389623
-0.009140508055472249,0.015038946360486244,-0.007991778159756812,0.00136280975247377,0.2469349490608559,2.213865296473515,2.8498135982044768,-1.0478877604744603
-0.009121656047804572,0.015043849173171234,-0.007971221341374981,0.0013877246694539718,0.24435823252450523,2.2241064897281384,2.8301947464321042,-1.0651649032336807
-0.00902453109600238,0.015016206125296336,-0.007960456271730908,0.0015476678939530361,0.24384257553975705,2.351433442953239,2.7773316207833214,-1.1803947020998342
-0.009044758452933054,0.015032516976215706,-0.007943664310449232,0.0015073924876073768,0.24129560981204348,2.3093376613052174,2.7789572006976297,-1.150554269598283
-0.009088747117006728,0.01504675827229396,-0.00794547947417455,0.001434191878242001,0.2411777876492311,2.2495701473623497,2.801199168989904,-1.0977926504912119
-0.009065835048970433,0.0150423735605668,-0.007939084672571333,0.001470357957475906,0.2404846833175672,2.2762741620638347,2.78691328735718,-1.1236217438605447
-0.008840369899105896,0.014977436464544441,-0.007895827946421049,0.0018391709247815512,0.2359742789543667,2.5592589081543875,2.6458365169608418,-1.3831732461506847
-0.008718064889678011,0.014952081017453244,-0.007838900498055551,0.0020288198313174687,0.2282583960194309,2.6848305912733434,2.546213108757549,-1.509753458238218
-0.008736001298413391,0.014964530552074223,-0.007832369676538857,0.001993694880197082,0.22744861704974598,2.652266281729362,2.5547476999800494,-1.4850676345789167
-0.008699681147407984,0.014959039091770683,-0.007810426853436061,0.002047479830799797,0.22444498095281087,2.684515979977803,2.522531407101457,-1.5199750259018996
-0.00867903514741635,0.014958572532235323,-0.007792909571258606,0.0020754944017617465,0.22189021024184044,2.6978405856165044,2.502054224360808,-1.5373979006628824
-0.008640594239586245,0.014966951691778141,-0.007743651777208434,0.0021186664320458613,0.21516722646814154,2.706026277209203,2.457133523581479,-1.5619017484486435
-0.008662776401656226,0.014976868074265934,-0.0077464539608449135,0.002080650641953953,0.21562971759685845,2.6766274862602484,2.4725919442607953,-1.5365842776691254
-0.008802861168183471,0.014974789520075825,-0.007870249659051658,0.001893482599684611,0.23259765066568525,2.590312571049662,2.6121086166873155,-1.4190509355914809
-0.008820811512077066,0.014985113446404259,-0.007866267489035426,0.0018602440679780132,0.23188986310775958,2.5607709787623714,2.62093933287384,-1.3956608724344708
-0.008762169011591806,0.014974042181298126,-0.007837741575778642,0.001950000140703024,0.22815929195369453,2.6192317593372185,2.573192064694154,-1.4554975855075634
-0.008785367297175708,0.014985700011241488,-0.007836302137639594,0.001908571703932128,0.22801242762377036,2.5844416836574085,2.5865049548590746,-1.4268623724073084
-0.009386861561131752,0.015076743346682523,-0.00804632211971693,9.714817557888662E-4,0.25094120599585246,1.9157443640212632,2.983063024290188,-0.7592888669793689
-0.009347151273343835,0.015090589468746763,-0.00800241005590741,0.001025852888438017,0.24569475732947987,1.9395374124762177,2.9427791887841015,-0.7992518595774842
-0.009367151823736495,0.01509899249984644,-0.007995308875945377,9.918708786684702E-4,0.2443455993199116,1.9079806603710125,2.946360728349173,-0.7736521624565408
-0.009409053170881249,0.015091332105351183,-0.008027670532194638,9.31405382289095E-4,0.2480707065105526,1.873564914339864,2.980540254455971,-0.7288269334207746
-0.009445231252581525,0.015094576504524254,-0.008035864429659383,8.747068309342092E-4,0.24865335154991128,1.8305880719728995,2.998326954752232,-0.686175993934314
-0.009427822296044554,0.015101101961948702,-0.00801656296605948,8.988024406887887E-4,0.2461860273376062,1.8413091889067625,2.9808825055621306,-0.7041073697336936
-0.009485213278540239,0.015084785052769046,-0.008069649140353623,8.167089296722473E-4,0.2524919394939786,1.7986296104917194,3.032182011989946,-0.6425075303043969
-0.009465486047513181,0.015105946373817255,-0.008021733634792522,8.393600602456789E-4,0.24635408576548093,1.7946742192637342,2.9971300144194957,-0.659287432840899
-0.009666267126212337,0.015110204953525982,-0.008074285870844978,5.270387864975088E-4,0.2499661872595417,1.561843505918203,3.0921973992936906,-0.42055116358166206
-0.009734184778745067,0.015106304695908325,-0.008096196126626263,4.212355851507166E-4,0.25161416164582473,1.4850238336939248,3.124656375922593,-0.33843370287596763
-0.009686419520023748,0.015118752038637457,-0.008062293969873654,4.936120341720113E-4,0.24802747046312287,1.5289373359963694,3.09053246758476,-0.39481797126601376
-0.009702869067880912,0.015117280164960374,-0.008068664279143335,4.6821679764583104E-4,0.24869797698095303,1.5110229633650483,3.0990285833295927,-0.37513434015941477
-0.009718253294826881,0.015124680496157908,-0.008057448008858761,4.4267928105154783E-4,0.24690430684338052,1.4850175183432548,3.0962944644253043,-0.3554558559486228
-0.009507321883200146,0.015098988784266285,-0.008050034473582423,7.774967810496659E-4,0.2494740083039639,1.7569384086669577,3.0280877277685794,-0.6125577791694053
-0.009529493816162062,0.015108513825288631,-0.008039138837217541,7.400770818500173E-4,0.24756933612968104,1.720941048131735,3.028933429235943,-0.5840049231954939
-0.009547162810633053,0.015106635264921217,-0.008048435669157599,7.133713601264511E-4,0.24870416013532726,1.7032542294899016,3.040205867679983,-0.5636680370851077
-0.009567602027076128,0.015112999949999562,-0.00804247066136731,6.797933506186531E-4,0.2474712402770683,1.6727655316742376,3.043140321847793,-0.5379641490961228
-0.009589713053300756,0.015121359972210452,-0.008032858923235535,6.43164060400059E-4,0.24586093052238414,1.6381819886447506,3.044209683958569,-0.5099236803054811
-0.009615665919130753,0.01512211700514265,-0.008038569979885566,6.028112574964095E-4,0.24623539776650244,1.6076413272373102,3.0555075139412087,-0.47899585914475123
-0.009646559685142756,0.015125735858848126,-0.008039524920022028,5.54006011273712E-4,0.24580540640331222,1.5680713581980716,3.0651749594287336,-0.4415434914340547
-0.0109834199147493,0.014946524438891376,-0.008087884282055964,-0.001607936658195934,0.23878502370038032,-0.10660699859208371,3.246399108886589,1.294946178997711
-0.010843935356249479,0.014971520995686867,-0.00813131254288779,-0.001380308182597179,0.24314851003057017,0.07842514590129873,3.282087574072532,1.1115068847825624
-0.010828444777519703,0.014974732009253831,-0.008134430873233164,-0.0013546160757295764,0.24347517988584663,0.09888105719109443,3.284547525626206,1.0906177412375204
-0.010812714552688077,0.01497783825548074,-0.008137705852530713,-0.0013286008191273155,0.24384348477559178,0.11967574071647889,3.287057335794788,1.069486406364516
-0.010977943595150563,0.014963165014212148,-0.008060819839762158,-0.0015882778388576458,0.23583949019360437,-0.10188488551257412,3.228055755855762,1.2761231172023528
-0.010962247037955744,0.014965126595688159,-0.008067865381704661,-0.0015635349208467126,0.2365034040189836,-0.08113554424354569,3.233785028147811,1.2564503930609725
-0.01094697745283713,0.014967775458243996,-0.008073179962576683,-0.0015389176768688829,0.23702158823650918,-0.06103795033133758,3.2382441617235185,1.2366963063107417
-0.01093162072248991,0.014971242637349494,-0.008076859071421633,-0.001513594919222337,0.23734427825916524,-0.04097697339243686,3.2415185642341,1.2162146323008682
-0.010916007829293167,0.014973975368366147,-0.008081896116097788,-0.0014883402602632408,0.23785131340720975,-0.0204366903621663,3.245670892502027,1.1959224846704186
-0.010900375661271753,0.014975857665069373,-0.008088360637477627,-0.0014635583290432597,0.2385028328119019,3.227004129821961E-4,3.2507397005038707,1.1761458506903206
-0.010884913822544971,0.01497869958065809,-0.008092751244086744,-0.0014383846790099976,0.2389574008360408,0.02068260416470756,3.254316813255373,1.1558340465541959
-0.010869618492083876,0.014981859211078358,-0.008096268459302919,-0.0014132391969087453,0.23931931448496205,0.040728497969325685,3.2572184923789895,1.1354783380144065
-0.010854422476576857,0.014984236353711511,-0.008101023887660192,-0.0013886964485639141,0.23982392675439,0.06082541024199823,3.26090690639005,1.115727686031457
-0.010807350759810696,0.014995011322542927,-0.008108245445200724,-0.001310527322924768,0.24063824518577256,0.12214413999203798,3.266782751765291,1.0521454916311341
-0.010785506455537141,0.015014454917331931,-0.008083737114958287,-0.0012662788499871356,0.23778912202977978,0.14642766577362656,3.250212355367371,1.013651347240408
-0.010801647149137507,0.015012598943679916,-0.008078292523169469,-0.0012919039915952645,0.23716833126670026,0.12512198447279144,3.246318748583858,1.0341819562058578
-0.010999234573101736,0.014943467736121352,-0.008082479567761649,-0.001633710742969918,0.23828558634994315,-0.1274907187661188,3.2416890403461847,1.3156500092687817
-0.0110150339498099,0.014940079374298665,-0.00807751561379664,-0.0016596598670146118,0.2378625084896134,-0.1483012033106419,3.2372167423782474,1.336548065957935
-0.011046425009937043,0.014933362788627162,-0.008067074141051275,-0.0017111004536673519,0.23698985418439636,-0.1896285986839212,3.2277296270618403,1.377909275162889
-0.01103075158740009,0.014936705691128184,-0.008072398313634785,-0.001685442393038153,0.2374462966910529,-0.16899890814075716,3.232577491098628,1.3572940816979544
-0.011092551391488617,0.014922815907034162,-0.008051648582052151,-0.0017869327169068667,0.23579220793431308,-0.25019458856354637,3.213242412160479,1.4388415069989833
-0.011077403074452784,0.014926323292065079,-0.00805680971969869,-0.0017620294601396488,0.23617252119142004,-0.23031988713258444,3.218129785708791,1.4188471639134559
-0.01106202232346234,0.014929894442227892,-0.008061855952902755,-0.00173670323991846,0.23657315099532114,-0.21012881402990188,3.222894718423595,1.3984846566578406
-0.011103343686021403,0.014935237209829125,-0.00802071475798808,-0.0017931122917127218,0.2325872301645997,-0.2653907771984429,3.1909836635144724,1.4406037695847231
-0.011118472924344031,0.014932963449108686,-0.008013108263083678,-0.0018168110049496622,0.23195185315219954,-0.28512490284998454,3.184330986881282,1.459296305652244
-0.011134105516803813,0.014930299587697047,-0.008005652328920648,-0.0018414828359878362,0.23135725106606694,-0.30544667944267995,3.177672669570569,1.478787452903548
-0.01114979825952816,0.014926961571148955,-0.0079991924668835,-0.0018667199171139876,0.2308805148150002,-0.3257810194952309,3.17162330848314,1.498842173689331
-0.01116540487820294,0.014923078716076787,-0.007993603461192296,-0.0018922264800621759,0.23050336588728346,-0.3459626910744337,3.166111070229342,1.519208419201675
-0.01118076542872907,0.01491865761314399,-0.007988999981533677,-0.0019177852470746673,0.23023366307421375,-0.3658025642339556,3.1612303899936296,1.5397251978879825
-0.01119578215212967,0.01491393791052805,-0.007985034011838801,-0.0019430775466455937,0.23004722185586265,-0.38519938454943053,3.156755371748184,1.5600992330649535
-0.011210948398498963,0.014910392525813816,-0.0079786722284828,-0.001967573130187739,0.22961024430054958,-0.40478876149097315,3.150564203702775,1.5795439257623196
-0.010707915310867636,0.015027210158661543,-0.00810007591397782,-0.0011406085043975907,0.23980803031207623,0.24771454701759962,3.2612123268343676,0.9120608684059363
-0.010725805162791351,0.015024618560880002,-0.008096032602782502,-0.0011694493505100482,0.23927677259726396,0.22427314318353894,3.2586235158877446,0.9353343679754509
-0.010779618973858929,0.015031710168634102,-0.008054482066780423,-0.0012479343580628207,0.2343919634058542,0.14956641649244387,3.2302776315781263,0.996027756271551
-0.010762681452167723,0.015032567244805265,-0.008061916630264681,-0.0012217434390891704,0.23524534729711624,0.17205129900843488,3.2354292713760366,0.9752395042184091
-0.010745282907801676,0.015031123908727876,-0.008073739291293548,-0.001195970837844071,0.23661860846013252,0.1959041135019759,3.2435009906067473,0.9551535599281732
-0.010429133335542476,0.015040551373861283,-0.008185994342806396,-6.969317277981117E-4,0.2520048958350803,0.6243104531497564,3.306060567119356,0.5561022321368546
-0.010444678929399055,0.015037593490527652,-0.008186959021986897,-7.226869152890202E-4,0.25197784655090555,0.6045251411092202,3.3080340401246677,0.5771015901697721
-0.010454843923373154,0.015049495623705847,-0.008160508063498202,-7.350848194087328E-4,0.24866126164605143,0.5841283103591814,3.29087299712812,0.5855176002891811
-0.01051589801508925,0.015046967764814904,-0.008144555145976671,-8.32536482868481E-4,0.24611471233250107,0.5017978990381201,3.2843615921151788,0.6637934897316855
-0.010500358447155113,0.015044820474220792,-0.008154272622495882,-8.087711000891965E-4,0.24749474391135645,0.5241391212950451,3.2899666247944914,0.6450888061195628
-0.010469142944095254,0.0150505143307497,-0.008153875852838317,-7.574228633310968E-4,0.24770071401867685,0.5640152607138007,3.2874795616876926,0.6032599232050391
-0.010485028078247863,0.015049970026466263,-0.008149602448841671,-7.827421094163122E-4,0.2469889076883319,0.5425631592532346,3.285740748437179,0.6235768997662373
-0.010531427999273209,0.015048024797548127,-0.008136801348309531,-8.566007371938665E-4,0.24510349144662538,0.4800625597861026,3.280019628280595,0.6828563798606736
-0.010548506506235053,0.015047822390329308,-0.00813072566444528,-8.835015190667143E-4,0.24424069535619686,0.4568315111335149,3.276834020798955,0.7043496724715492
-0.01070156853714061,0.015044791319941056,-0.008069857912248029,-0.0011222347350131638,0.2362774444100418,0.25043815857823853,3.2405124044290265,0.8945174379800601
-0.0106859805180035,0.015047118203302933,-0.008072945127065441,-0.0010972158215767098,0.2366745324249889,0.2706287848912136,3.2423814593483615,0.8743395257696965
-0.010669766814158843,0.015049174807841875,-0.008076661976701524,-0.001071341017037491,0.2371493621595158,0.2917472405621841,3.244601168470528,0.8535148331913333
-0.010583066250845753,0.015038416281608659,-0.008135125769470883,-9.414262155192845E-4,0.24455169272657057,0.4137602898204518,3.2815452329568786,0.7519355062310566
-0.01056783160881529,0.015046630987242359,-0.008125464049532785,-9.142490590814574E-4,0.24346333118412905,0.43099521015693915,3.2742376766274504,0.7290370359550105
-0.010653071090578054,0.015050476934273834,-0.008081845870449232,-0.001045039195852769,0.23782889955045738,0.31379796554797595,3.2477413882614488,0.8324503643423592
-0.010599666597198968,0.01503998758568674,-0.008125212657112692,-9.667454527968614E-4,0.24322507988705636,0.39038966052261864,3.2754990159023056,0.7718751455320547
-0.010618272272688979,0.015048355039587336,-0.00810126492847426,-9.921533166468135E-4,0.24025938534636274,0.3616961594257551,3.259902136928073,0.7907860614364203
-0.010636067639009799,0.01505072524431705,-0.008088979982990607,-0.0010186805105530542,0.238709308507052,0.3366732625116878,3.2521237883793854,0.8114947458125495
-0.010421836003575768,0.015057265176817913,-0.008155568069116425,-6.802875525628751E-4,0.24840945869425446,0.6250674976775201,3.284763241897726,0.5406516034750363
-0.010396027808163703,0.015070027033165545,-0.008138141636247813,-6.357077383863668E-4,0.24652207939096707,0.6530746693826964,3.2706415517372425,0.5033811143541782
-0.010413120842979535,0.015072947674802741,-0.008127652284355342,-6.619086115466543E-4,0.245078354737672,0.6283123109509859,3.265107208993601,0.5239648862374299
-0.010385127864611106,0.015085309630391192,-0.008111469064211353,-6.143457449529565E-4,0.24344043574782107,0.6590803634908022,3.2516017603169787,0.4845187694884121
0.015024682763731275,-0.010205019058930115,3.373821024535068E-4,0.008268242666022526,0.3108667704100303,-0.26529640476787736,-3.225697038673006,1.4668097346322286
0.015024152889223404,-0.010220942079932235,3.6355973144902316E-4,0.008266849573923875,0.3112553165610397,-0.28572256734515095,-3.219985489729941,1.4871817494956725
0.01502618974453773,-0.010141926912027588,2.336269138160456E-4,0.008273135062745704,0.3088043597815618,-0.18403278826299477,-3.2472542733388967,1.3858853818291423
0.015025725471255691,-0.010157619924850045,2.5945788170594707E-4,0.00827236629177539,0.3093844499675755,-0.20433424892151927,-3.242270044998648,1.406243438761036
0.015025370309548494,-0.010173331347273272,2.8530045003405673E-4,0.008271199050951443,0.3099524873688922,-0.22459413377009416,-3.2369670587373425,1.4264213597990067
0.01502505642647861,-0.010189130869575748,3.1127131272464626E-4,0.00826975826166098,0.31045026974031925,-0.2449067106793594,-3.2314028202098126,1.4465721820245674
0.015041057252158742,-0.01013430631057346,2.196635646212609E-4,0.008244233990521111,0.30486677191401346,-0.17316260565401034,-3.231358498678406,1.3610551575849295
0.01504217546521519,-0.010102363662667499,1.6740022534943917E-4,0.008244701591447088,0.3038152048122246,-0.13203983531207833,-3.240420728199901,1.3194862523944304
0.015041827398423501,-0.010118416431236366,1.936472133280283E-4,0.008244131934465423,0.304301097816881,-0.1527004808373149,-3.2356935496975443,1.3401903718394363
0.015042094724165655,-0.010055084802379252,9.012344022071881E-5,0.008247504004280764,0.3026468849209971,-0.07104167669201587,-3.254665732787324,1.259156948419016
0.015042092485993653,-0.010070644604536605,1.1556672523455806E-4,0.008246817951355791,0.3030381375029841,-0.0911547258735197,-3.2501909180730846,1.2791183755527067
0.015042177107085705,-0.010086396907533634,1.4131106786675708E-4,0.008245771273480756,0.3034230106133305,-0.1114765210113493,-3.245373538440735,1.2991638443553144
0.015058409649870612,-0.010016199829992776,2.6350755303050152E-5,0.008215954819181586,0.2982309447805396,-0.020139659261279665,-3.244415204529196,1.1933681006853674
0.015057617905936252,-0.010032053794589319,5.211519073381559E-5,0.008217275317301,0.29881556432025924,-0.04055499726782478,-3.2413574008179036,1.2144514643026605
0.015056538479514705,-0.01004737097130407,7.703162613810136E-5,0.008219005343096926,0.2994466302208641,-0.060287573935469796,-3.2386170220104566,1.2350803514532236
0.015058793560892084,-0.010000184264994048,3.4003455687742244E-7,0.008215264807824064,0.2977235053810388,4.849386760283373E-4,-3.2478377743124827,1.1724090995376095
0.015058826838586127,-0.009984098948448178,-2.577908344844954E-5,0.008215087383614752,0.29727092850415154,0.021211846751396545,-3.25153061684794,1.1516279665522011
0.01501200573109823,-0.010410058984179692,6.748158357221073E-4,0.008247844147336432,0.3171349963221777,-0.5262728664923334,-3.1451443548824334,1.7294062631750264
0.01501074342929116,-0.01042597881999442,7.009916570941715E-4,0.008245532052408243,0.3174889305043647,-0.5462476126771117,-3.1379537120643324,1.7494755925636583
0.015016202299933399,-0.01034718690745981,5.714828401476032E-4,0.008256732979427072,0.3150260616339012,-0.44709982609019816,-3.1726786621952776,1.6501452102826046
0.01501307978468982,-0.010394169534208401,6.487249366745524E-4,0.008250334568806784,0.31673904932904634,-0.5063503133563675,-3.152352048342784,1.7095139698580837
0.015015092364392744,-0.010362745892471168,5.970983104342594E-4,0.00825494133529943,0.3156626609519076,-0.4668084688689575,-3.1662070027127975,1.6700021948937678
0.015014080480601535,-0.010378388745939913,6.228105175283333E-4,0.008252757349682206,0.3162483972836973,-0.48652822271231383,-3.159408052667376,1.6897369889564622
0.015039388595574674,-0.010229556709556465,3.7514999769843057E-4,0.008235158645391647,0.3072815761434948,-0.2947664927470168,-3.197856716250979,1.4814204559376527
0.015038654793240258,-0.010245576889846454,4.013246485833288E-4,0.00823389083688189,0.30776109100159066,-0.31513089351887946,-3.192140258217855,1.50185619090101
0.015037845297951038,-0.010261535899525309,4.27404089722028E-4,0.0082325994685693,0.30824414305156433,-0.3353865823234905,-3.186357505277463,1.5222154784468058
0.015036921688027317,-0.010277477757803946,4.53468309975384E-4,0.008231353623030084,0.30874402692156405,-0.3555965711010442,-3.180537437368581,1.54259551528118
0.015035828788692496,-0.010293406390900534,4.795373517889619E-4,0.008230262021959811,0.3092741856290507,-0.3757794409021633,-3.1747446635369942,1.563066437559822
0.015034517842186837,-0.010309277573044952,5.055546231953091E-4,0.008229431054167872,0.30984653010784574,-0.3958956552235138,-3.169056448383675,1.583636757687932
0.01503135590342186,-0.010340478524500004,5.568345464818729E-4,0.00822842118108952,0.311077692372328,-0.4354746655561806,-3.158028189793417,1.6245368967742664
0.01503298027817754,-0.01032499669484955,5.31375397941468E-4,0.008228901134555015,0.3104593778171905,-0.41583721525349615,-3.1635256520455184,1.6042119344317893
0.014986879093134729,-0.010645595698690414,0.00106253497669658,0.008207429556180744,0.32421500634693695,-0.8182590776702444,-3.0275799055524395,2.0244801504163465
0.014984835163346977,-0.010661397352491163,0.0010885260290134143,0.008203966117021578,0.3245686582041932,-0.8374865723283625,-3.018681705025507,2.0439037299769196
0.014998649114115576,-0.010671332435448488,0.0010975945119102559,0.008172558992536204,0.32059362639485656,-0.8432899549526304,-2.9970538468850347,2.0353746107181006
0.014994113320873569,-0.010582903240331941,9.59555523083333E-4,0.008221071195589118,0.32235837935783324,-0.741703102690673,-3.0620889845725006,1.9475179625899328
0.01499230155903948,-0.01059848415264495,9.851914846232875E-4,0.008217975052728201,0.322882107908178,-0.7608427447666827,-3.0537808703019516,1.9668346709839015
0.014990534585129466,-0.010614106703759596,0.0010108518669661498,0.00821459683040207,0.3233893068806346,-0.7799413667428721,-3.0452289789317035,1.9860235104890103
0.01498875430106066,-0.010629812278232053,0.0010366239730852022,0.008211029012681588,0.3238361059452543,-0.799068324211417,-3.0364671430252606,2.005202286429323
0.015009381276188144,-0.010576677582837401,9.432838331730132E-4,0.008193950606943069,0.31818056010313595,-0.7288027330910966,-3.049419838525098,1.9206523134561981
0.015011300860348542,-0.010561090733190538,9.177285581915118E-4,0.008196554695718616,0.3176832402970198,-0.7096684864220104,-3.057277390811088,1.90118544762068
0.015012915995753363,-0.0105453733805716,8.920683267330977E-4,0.008199626358987163,0.31725357445968955,-0.6904368960855339,-3.065378636984892,1.881879207643123
0.015014385638432055,-0.010529611027831452,8.663697900563948E-4,0.00820282009817129,0.3168529863096405,-0.6711406103230785,-3.073498288076765,1.8626065051981298
0.015016088429817357,-0.01051393783190326,8.407046225601488E-4,0.008205346159425475,0.3163706657854934,-0.6518073141280921,-3.081132533271059,1.8430251220524878
0.015017774020924642,-0.010498270113000044,8.150373709352659E-4,0.008207725396248642,0.315886100037497,-0.6324366413562722,-3.088608291136534,1.823380464313498
0.01501931760873102,-0.010482523133259631,7.892775655327505E-4,0.00821023082866723,0.31542808169024256,-0.6129614136534677,-3.096115539871082,1.8037279048148165
0.015021268759015568,-0.010466910921891318,7.635825756775876E-4,0.008211711815877197,0.31484950898936853,-0.5934630129808842,-3.102906062148288,1.7836134609884742
0.01502343591482782,-0.010451280365768036,7.377838297063754E-4,0.008212596753259388,0.31420114323594134,-0.5738372450843799,-3.109279694834044,1.7631301352408748
0.015025295310424862,-0.010435363022898742,7.116220244110506E-4,0.00821399654168554,0.31360605579983497,-0.5539162548349075,-3.1159805809289627,1.7426222936154563
0.015041858221297123,-0.009865608981362179,-2.1967057478762983E-4,0.008242359570239362,0.29710914677010664,0.17576430178571412,-3.2951911579012325,1.011282887707617
0.015041516665700598,-0.009849606260737505,-2.45817427178286E-4,0.008241380292206566,0.2966646523290955,0.19673809873803536,-3.2978104529968033,0.9902551120648516
0.015040928164538468,-0.009833588539886884,-2.720103212797506E-4,0.008240707499336445,0.29627207984413234,0.21777450421996522,-3.3005666178205417,0.9693557376475078
0.015041876259301873,-0.009912868157789705,-1.4248190691264236E-4,0.008246154015207478,0.2986062093324562,0.11397176700781651,-3.2876322483593587,1.073928782555338
0.01504222375769079,-0.009928542920963143,-1.1683932783084423E-4,0.008246373715702566,0.2989954857138042,0.09348261048205574,-3.284312373289272,1.0942992702043879
0.015042494279259508,-0.009944358996500266,-9.096989785813565E-5,0.00824657500759454,0.2994228679172352,0.07283319142196708,-3.280882065152165,1.1148631570015837
0.015056360655899478,-0.009904907830100057,-1.5448319187730928E-4,0.008216735524241297,0.2954409595041725,0.12371721923393104,-3.2703231417491385,1.0506644077934355
0.015057698752498086,-0.009873614520301425,-2.051449669361883E-4,0.008211548069062262,0.2942341739766059,0.16424056789083252,-3.273516078848741,1.008360938235673
0.015057129125887093,-0.009889599379183812,-1.7927078526572997E-4,0.008214058498937476,0.2948292686839449,0.14353931552625523,-3.2718312757368033,1.0298856662885034
0.015058476849753874,-0.009967868020690473,-5.214099759802858E-5,0.008215482972632781,0.29687769444398965,0.042152361121862915,-3.2555520017336756,1.1309421247566187
0.015057663173213151,-0.009951884865004037,-7.812327309418317E-5,0.008216620222059256,0.2965898095461242,0.06281500279096547,-3.2599242154996007,1.1109185197201754
0.015040169632177957,-0.009817575403666838,-2.9821380311286476E-4,0.008240189071072558,0.2959126276652521,0.2388446250659357,-3.3033563430679265,0.9485411574100219
0.015039323354328353,-0.009801621727371345,-3.2433044489383294E-4,0.008239668171248318,0.295569121335482,0.2598690153812966,-3.3060655561687327,0.9278147312868165
0.015037030098436174,-0.00975383942409069,-4.024864363120865E-4,0.00823652355949994,0.2944425181321843,0.32288593880511046,-3.312724904656239,0.8652161015011909
0.015037897104513554,-0.009769779835302297,-3.764025442914574E-4,0.008237552316059158,0.29479456264133014,0.3018395255714184,-3.3105585108098636,0.8860682524230529
0.015038593329861377,-0.009785715707854465,-3.503485770667502E-4,0.008238737853219663,0.2952012507240163,0.28083263073212533,-3.308428784041809,0.9070006585480043
0.015049106688749864,-0.009713646306232004,-4.652630656287341E-4,0.008204734583475128,0.2907835893952692,0.3734499500324348,-3.2984796864358636,0.8017663529456792
0.015049639398762837,-0.009729229520915516,-4.400078898064834E-4,0.008206813023499585,0.29122295377153656,0.3530412584129809,-3.29727506536426,0.8223745350365235
0.015051520300874604,-0.009744444619052838,-4.150800865547751E-4,0.008205969402512102,0.2913147882215799,0.33292649399082763,-3.2941461397524026,0.8414032416564988
0.015043936242196517,-0.009633804639096685,-5.949900217576969E-4,0.008196200907930997,0.2891324100820232,0.47843207921557424,-3.305009034339775,0.6973815043390391
0.015046053086407413,-0.009648940970175721,-5.701320296697215E-4,0.008195919423088928,0.2892066458607068,0.4582731825761008,-3.302633321490962,0.7164620136364546
0.015049569294537248,-0.009697851552774608,-4.906238133248214E-4,0.008200463256235017,0.29017861867099026,0.3939324676317994,-3.298195112512453,0.7801214522738963
0.015047573485740937,-0.009664970460522112,-5.439964572162454E-4,0.008196870027690109,0.2895118019917991,0.43708596387663173,-3.3008829304521856,0.7371276158107284
0.015049650488914905,-0.00968115260123408,-5.17483763631905E-4,0.00819656613120357,0.28961079634381554,0.41562645740983556,-3.298220878898569,0.7575292443249207
0.015055753910922846,-0.00962440264858065,-6.068908029781254E-4,0.008170346373387849,0.2865206188799482,0.48770354434067087,-3.2890770240538503,0.6768205957733681
0.015053982760594343,-0.009531034547995336,-7.557237934130359E-4,0.008145645892394771,0.2836570645100896,0.6081725192785767,-3.284292713173571,0.5518165352872536
0.0150577110259357,-0.009610548256669663,-6.284376170968326E-4,0.00816269791733293,0.2856540995309665,0.5050578328806353,-3.285868412054882,0.656873356372765
0.0150535327479639,-0.009548245831756272,-7.286396925936417E-4,0.008152181013603791,0.2842845471116913,0.5862851453318568,-3.286694761379852,0.5753441190053312
0.015050970189640635,-0.009563202847269745,-7.05730875047584E-4,0.00816196454619582,0.2853734308091739,0.567852389782677,-3.2914526417798116,0.597120335690449
0.015055585533541877,-0.009578060962044202,-6.807126035814631E-4,0.008157456454819549,0.2849210457613051,0.5474067005540767,-3.2865966340793897,0.6143936965527422
0.015057829890127439,-0.009594189203569031,-6.544268447376437E-4,0.008157814812894822,0.2850831239070619,0.5260610301964069,-3.284772269518939,0.6347549821556205
0.015014268974883338,-0.009129077306699976,-0.0013947807337740092,0.008031606444683023,0.27765408844216366,1.1281085649113034,-3.231218369497476,0.025705514760318838
0.015024399374931913,-0.00914125188451204,-0.0013704551326761327,0.008019833620316186,0.27621467655562826,1.1074631767249234,-3.2229857528757755,0.03897630385129674
0.015022259244547021,-0.009110030281101297,-0.001418210599275324,0.008004794917716435,0.27573435443029487,1.1460487319420842,-3.2128393211264448,-0.001953825230003019
0.015029938177680092,-0.009088568380771368,-0.001445086367351137,0.007976950347014726,0.27384790904249917,1.1667113729335805,-3.193727161184288,-0.03230816969668751
0.015022673700549403,-0.009056747128748613,-0.0014964265490143359,0.007970052626265134,0.2742374888267705,1.208606682236175,-3.1887641809364635,-0.07233499957898816
0.015033086300343244,-0.009069934919021706,-0.001470394180860357,0.00795920809192984,0.2727978963465931,1.1865644108452107,-3.1814623895306458,-0.05749225367201457
0.015024384379754821,-0.009172399823567996,-0.0013238096244866605,0.008038266016019764,0.27720733796895547,1.0699260294459865,-3.2351551505650566,0.08057773664631106
0.015029816925082463,-0.009204333369028784,-0.0012725941748087317,0.008046137254511585,0.27724651833041253,1.0281342376384437,-3.2397830439209616,0.12153903602142768
0.01502774230739101,-0.009187685361078658,-0.0012988750030441655,0.00804068544292781,0.27707041694859197,1.0495135163386238,-3.236476666652443,0.09993883159773648
0.015044336958666749,-0.009252089357890809,-0.0011924579248042395,0.008044321250204387,0.2761534592327664,0.9621797323103599,-3.236895272265984,0.1802671947712063
0.015048312594088564,-0.009230320855333604,-0.0012232496912565189,0.008025205758019044,0.2747833728439553,0.9866453570528221,-3.224616287679393,0.14977341224753374
0.015048372296825095,-0.009210227545749598,-0.001253433242532325,0.00801417202993049,0.27423249899569985,1.0109261068231692,-3.2176964726369444,0.12306067774873865
0.015037330983066264,-0.009162294389729604,-0.001331403566325094,0.008007875004779123,0.2747002317879778,1.0747172284971886,-3.214436736492975,0.0630114282333872
0.015039912795740734,-0.00914696168285726,-0.0013527020894121805,0.007993993779693108,0.273810937826286,1.0915994047800177,-3.2051207596407054,0.0418809169494067
0.015045998283407967,-0.009496937571333693,-8.123530453918242E-4,0.008149461107378764,0.28402438312055933,0.6544567791139048,-3.290591843908776,0.5101539908234405
0.015053621216198068,-0.009511635730037236,-7.864667977332902E-4,0.008139735428522461,0.283029829089116,0.633075594017181,-3.2824634837281654,0.5257932674316991
0.015048746155129236,-0.00947966055826786,-8.385779570371085E-4,0.008137776671719091,0.28285780213520356,0.6755551983857275,-3.2844761854725344,0.48519012618397905
0.015060006508902064,-0.00944238300479614,-8.92619064879243E-4,0.00810159680767619,0.2795214264048435,0.7186230603846799,-3.263570843789901,0.42896008726377716
0.01505747551568586,-0.00946091069545647,-8.646950050400559E-4,0.008113700669433045,0.28057782034863815,0.6962022988040425,-3.2700492772625513,0.4551928957708591
0.01506149644938392,-0.009425348973523017,-9.185035622294254E-4,0.008091899233656526,0.27867015864594097,0.739487623225909,-3.2584803705330514,0.4052866302675398
0.015065810110049687,-0.009407240399164619,-9.447692342472742E-4,0.008076119781041405,0.2772894143723647,0.7604847903091329,-3.2492731241622956,0.37885184543039513
0.015063694513272885,-0.009265264442979043,-0.0011625230089222472,0.008014302612288299,0.27321755717569346,0.936408490563882,-3.2158685443494366,0.19053503035426889
0.015062504534283767,-0.009288482351545987,-0.0011280308001346796,0.008028251867324317,0.2741152763367078,0.9086822018993993,-3.2243193831730963,0.22182374711589745
0.015070185828389308,-0.009388289137570031,-9.721236858526006E-4,0.008059686823097295,0.2759044711096817,0.7823163760184745,-3.2396016195531843,0.3514456650276307
0.015064318192666532,-0.009310706635729835,-0.0010934125880021647,0.008035650364507626,0.274509323552282,0.8806126598076593,-3.228223989115125,0.2506575021958497
0.015071799718817521,-0.009369387395230265,-0.0010004222434246346,0.008048377238356162,0.27502696694887674,0.8050561361679245,-3.2332843106023215,0.3255209242982177
0.015070849070079101,-0.009350394382900968,-0.0010298907998170794,0.008041709551434432,0.2745972045288101,0.8288952890179101,-3.230015448911453,0.30067862455957445
0.015067827480415663,-0.009330895035402161,-0.0010610230124985735,0.008038516884728222,0.2745116881509273,0.8542161089608592,-3.229034584419004,0.2760553677685897
0.015071282517202687,-0.009522092180950204,-7.639769420667671E-4,0.008108860046198289,0.2800603601041332,0.6139944627050279,-3.2605780516511156,0.5298964142757829
0.014976702157585734,0.014820967520989322,0.003702609729551044,-0.0038252802689738635,0.07671224262711963,-1.5985513806351792,-0.10893929371361778,1.944811058474785
0.015138924044538518,0.014595667079944821,0.0035714725534909744,-0.004004814443202953,0.08359122392975658,-1.616029854114257,0.023238493865470135,1.9691557704535783
0.015236330249225868,0.014371934707108422,0.0034873974208419335,-0.004194141867219011,0.09008817894001059,-1.6408415469493882,0.1381998843143862,2.0085568570327257
0.015295039753572812,0.014188137725294004,0.0034276057748836492,-0.004354990403872878,0.09749175348476322,-1.661311182369083,0.23151594753565882,2.0443765883186926
0.015517795335813708,0.013841861811449419,0.0031744635174188185,-0.0045920991820155325,0.10549379028584036,-1.631688483283933,0.4474723389943479,2.0201244458523187
0.015453488753850575,0.014050473731211833,0.003262199375531675,-0.004420490093059649,0.09715616321505148,-1.625165287805405,0.33605015173681757,1.997904981913754
0.015170415477856598,0.015074654125679796,0.0034778866176067903,-0.003545559388966141,0.06336255703027176,-1.476519622383076,-0.10668312203037454,1.7669868558704795
0.015548557039808007,0.013504932855135288,0.003076247262500701,-0.004905570581380845,0.11804801046725,-1.6544847746737368,0.6247687389563458,2.0804590819933213
0.015614786552601206,0.01331832878267643,0.002957535218497479,-0.005043924689068341,0.12409855329179291,-1.6327631883717395,0.7376515798330279,2.068306987133504
0.015671491571524733,0.013122051489843679,0.0028343689300599118,-0.005190758235962962,0.12803937422999345,-1.6054003411226059,0.8557784988826783,2.053342876690294
0.015688683077578543,0.013698181275017526,0.002985396208079089,-0.004633191277350838,0.10409862060766964,-1.5726585632593915,0.55013135436396,1.9468137801115104
0.015797202091295006,0.011473871297992776,0.001626853563795908,-0.006429365641109806,0.17694141198387606,-1.0983274530921907,1.883554078231964,1.7010708975249782
0.015729899545034204,0.012926525480509377,0.0026981167806332594,-0.005327094258545005,0.13366848175390258,-1.565942350033451,0.974430911748038,2.0231038076106103
0.015765125506908468,0.012725637264656515,0.002569103104478499,-0.005479547089220994,0.1394435867435899,-1.5267397498314124,1.0962319976456423,1.9998043016116738
0.01578050803976056,0.012538101617782106,0.0024527862660809556,-0.005631191590628173,0.14512962762869144,-1.4895666332972743,1.2119088674594847,1.9808669340456888
0.0157869625341012,0.01236624373944311,0.002342410899596892,-0.0057723433211074185,0.1516645747879245,-1.4495241359557862,1.3208046040984016,1.9593785765452008
0.015784447490697434,0.012205426187123065,0.0022369631503718515,-0.00590894280789361,0.15786011584839488,-1.4082789752856268,1.424827494391122,1.938077259665053
0.015793824730539214,0.011699691006262064,0.0018329450441752007,-0.006284003387054816,0.17273337154989343,-1.2137479411817678,1.7466247069758694,1.7954568643072693
0.015771379932868302,0.011890180763289187,0.0020094851426722305,-0.006172819230735134,0.16796529941430524,-1.3078819609990198,1.6331617910970755,1.8778612360910576
0.015762575730847776,0.012052653781662134,0.0021437579964847797,-0.006056806471001979,0.16427687715580278,-1.3728941337893428,1.529476605802271,1.9277783714475623
0.01590526591659129,0.011578550101984629,0.001653689619319885,-0.006224785284059258,0.16378384724567588,-1.099906947730382,1.7741280472577245,1.6527865016555823
0.015769874008683998,0.010892870578787225,0.001045941444328748,-0.006772954160741106,0.18856045604370364,-0.7368645881038203,2.2163428541236967,1.3984937916162101
0.015740337870829825,0.010795136454571851,9.482317897609603E-4,-0.006855579399060534,0.19258211351222213,-0.6736850555587343,2.2824016942145318,1.3545131965364232
0.01572002475498922,0.010687545177332591,8.316927968792146E-4,-0.006924514982565972,0.19616842386210467,-0.5946270609885955,2.344436789673573,1.2914745307873863
0.015768367941759714,0.010599179629174636,7.146146405324653E-4,-0.006877468029432412,0.1899920688219675,-0.5101692319618137,2.3427872617255727,1.1882102907742589
0.015737705474089658,0.010440033015517857,5.352982032220771E-4,-0.006963993393747579,0.19427961653450287,-0.3838335727407945,2.4224545600275302,1.0828529547330843
0.015788998346896198,0.010511358907918248,6.076148271596409E-4,-0.006868804195148294,0.18792110646616683,-0.43428839189373286,2.357951343803533,1.1058645799845743
0.015772428319107155,0.010266226139478061,3.226472723996243E-4,-0.006938626548917808,0.19026507974906517,-0.22894417987054339,2.442265085429192,0.915591771235082
0.015767548825014705,0.010349809028187761,4.226906592256518E-4,-0.006934268315541441,0.18965014614723685,-0.3014337560250286,2.424606803160381,0.9886307117617106
0.01582446223478988,0.01134788759212026,0.0014901423485742251,-0.006469010400692167,0.17671819943332426,-1.0145512336731608,1.9440259212721467,1.6176502427134067
0.015801604942215906,0.011243671459590116,0.0014003017928586258,-0.0065586358629237205,0.18144253784190814,-0.9607066248361571,2.0150636123648322,1.5825893972509721
0.015810019305170616,0.011126538020747164,0.0012769020624924892,-0.00660824967086659,0.18244801860825527,-0.8833843299979411,2.0733258943605413,1.510851026257804
0.01584043283733535,0.010982660442393266,0.001112626206193639,-0.006632533942619313,0.18073926900616663,-0.775448983274403,2.1267190242659173,1.3996944094902104
0.015567282792394546,0.009499677417400395,-6.429068299688209E-4,-0.007214138028872662,0.2054561355044047,0.49891765192109533,2.6894724983558116,0.28824296671728217
0.015618440001277628,0.009649244110412934,-4.420967865456851E-4,-0.007165682919942472,0.20160474289833938,0.34374340766702366,2.6504992802574434,0.42053445800216255
0.015613043355859599,0.00955848962584613,-5.57025465303702E-4,-0.007154566463893951,0.20089910627932267,0.4317078147454957,2.6501125804945196,0.33225061042109166
0.015726180781153908,0.01010955774145715,1.3787740650476714E-4,-0.00702470713281117,0.19421743135085465,-0.09374570982748455,2.5154154607524224,0.8055037277250107
0.015758384819954067,0.010184919176530785,2.2706405030165617E-4,-0.006968982239101766,0.1896943866446207,-0.15949302668076815,2.472733801775196,0.8543930618135228
0.01575601518350176,0.010035503257286627,4.736848613860647E-5,-0.0069793986990802385,0.1884418600805137,-0.025915584834075113,2.5009711232454337,0.7233834217316172
0.015690712958309108,0.009886207830084672,-1.3693878195828046E-4,-0.007079276017187587,0.1955675652316439,0.11138451998950856,2.576755678704614,0.618839561870716
0.01573187084540818,0.009964375384563804,-3.9146021336803974E-5,-0.007017049186594358,0.19239212429076782,0.03806630489055305,2.5316715001804933,0.6713110445079015
0.01572742933371479,0.009827556832960436,-2.0573029100350634E-4,-0.0070156593329228105,0.19094566578375222,0.16335884366065695,2.5460257041595677,0.5471744829176552
0.015719497198714336,0.009754036879510456,-2.959859942510222E-4,-0.007019820193481516,0.1911367505355427,0.23138138282100315,2.555544726283711,0.48181805410524275
0.0157002189939152,0.009674716521372298,-3.9548710025325413E-4,-0.007038268449285664,0.19294313769712187,0.3068446867183154,2.572879056196965,0.4142748441636018
0.015101649557504995,0.007852759751967718,-0.002827406247527049,-0.0067311083161612495,0.2544064029570825,2.1229734613029785,2.204900410978214,-1.2829824962126908
0.015140997085564082,0.007930392599028427,-0.0027172932406316916,-0.006765136259308311,0.2487527768951801,2.0468437685274092,2.247971924093333,-1.2123632040225687
0.015139028333014493,0.007885888622944922,-0.002758100805305275,-0.006719735743781247,0.24882021109902275,2.0695586315068457,2.209925837062515,-1.2435573934131066
0.015237435256198157,0.008100231209678376,-0.002463511693847762,-0.00681157538927371,0.23529169190497326,1.863975222731263,2.3211472090403458,-1.0503515908795125
0.015293271092657395,0.0081217331090497,-0.002389359145727974,-0.00675699906300716,0.22852294920822488,1.8007273517723483,2.2965720016025513,-1.0142360802606223
0.015212314974320433,0.00803517903583824,-0.002548866580787458,-0.006780458042024102,0.2384812372055797,1.9230109195293192,2.2869436909493412,-1.1079151822275664
0.0151758975522134,0.00797019323512183,-0.0026451152642225713,-0.006761712518657869,0.24358269951537512,1.992013502834278,2.258441340335841,-1.169356955790178
0.015546439534853383,0.009130780254399548,-0.0011069008915312033,-0.007109465044418004,0.20315374719697332,0.8540400225829142,2.631412905505232,-0.0783530316424364
0.0155498728181183,0.00902436154986139,-0.00123154545700317,-0.007051503002835183,0.20146297082095252,0.9474705720495686,2.592815442892277,-0.18268305193589462
0.01556802387482972,0.009075574575908078,-0.001162172603511075,-0.00704890000262705,0.19979953126293748,0.8940105233205496,2.5930894283133177,-0.13468204671432996
0.01554944596384768,0.009258898870478038,-9.497794708956821E-4,-0.007160667883543359,0.20404917374286619,0.7346326069793634,2.6637924583632304,0.04874859067346094
0.015588042587626732,0.009186464385140841,-0.0010214357172053593,-0.0070685590864462055,0.19920356645620294,0.7863644875610883,2.607236328136412,-0.029559938555935795
0.01559005709653674,0.009434617408107901,-7.17753803606704E-4,-0.00715771791805411,0.20177362239184427,0.555377997947179,2.658115945832851,0.21573324265945273
0.015607474561718744,0.009366962638045487,-7.954629689554108E-4,-0.0071075471587614325,0.19886471276239717,0.6139165810531765,2.6297174028658463,0.14390255065793187
0.015604393951109082,0.009308840241976257,-8.673701836448098E-4,-0.007091757210972613,0.19854511736018052,0.6687793693965144,2.6213242527266263,0.08732263050951469
0.015323807974783972,0.008176434068633475,-0.002309241262290464,-0.00676702069923957,0.2242701146350257,1.741870484120078,2.314983139522221,-0.9626118857229554
0.015365094811002884,0.008241738644904018,-0.0022093936562884203,-0.006769624143277184,0.21978646177794703,1.6677144148871597,2.330666452454844,-0.8997086283547358
0.015394347239009468,0.008439166139712564,-0.0019866516062463264,-0.00689594825243415,0.21596628513912222,1.513901213174634,2.4403307159335204,-0.7313698646592987
0.01542779877248522,0.008485372517035246,-0.0019119536782760086,-0.006884311320757329,0.21151761050610784,1.4562770411770503,2.440835801427572,-0.6853851215209592
0.015384999113705004,0.008317705474882496,-0.002117625564331796,-0.00680814489007942,0.21716512996747547,1.603847972086855,2.3676065430831508,-0.8344300943731194
0.015415745276430212,0.008383036244691259,-0.0020265433649035883,-0.006819657554426166,0.21338168644088834,1.5366584420193234,2.386151672357091,-0.7736997941641981
0.01547655148059569,0.008501093744412441,-0.001858194894893177,-0.006826131013111271,0.2074088616987358,1.4103830705404328,2.409156824542142,-0.6632294713534158
0.015467964880175473,0.008627663962573225,-0.0017306949706131468,-0.006931736356393014,0.20803582113966754,1.3224247182887074,2.488408325242823,-0.5547770180432178
0.015510657949103501,0.008556485671631375,-0.0017754895973894015,-0.0068181959101446124,0.2029691136386594,1.3468351967929075,2.412429667053134,-0.610647954564286
0.01548653049147182,0.008798197976139429,-0.001529201074960531,-0.007018809181554962,0.2065293129595218,1.174441373413211,2.558640881322612,-0.39710580682900903
0.01550515374243277,0.00871228092879393,-0.0016128099976048958,-0.006934694738842088,0.20389052298050173,1.2326291463953025,2.4996202529033416,-0.4751135047543392
0.0155362386561614,0.008852593836907922,-0.0014369039589899478,-0.0069765770518770845,0.2012411009228033,1.1006784340982365,2.537422816749355,-0.3447435972102593
0.015597887088481716,0.008963485631999224,-0.0012765439674771765,-0.006945332624425679,0.19561864751673375,0.9758634777597593,2.5260643129879408,-0.24215619674152403
0.015555322319428147,0.008915522195958734,-0.0013544456139531768,-0.006984022096934443,0.19986949552174538,1.0383021694564876,2.5462253162622908,-0.2862828668938153
0.015052855973346825,0.007771809443282132,-0.002949976135772844,-0.006701105223963861,0.2620955317074074,2.208461239049282,2.1607454259013856,-1.3589985017926267
0.015110212776365943,0.007801518463554958,-0.0028607541359416265,-0.006663420893119038,0.2539725599980991,2.135169774962485,2.152506009993657,-1.311813785146778
0.015053738002389032,0.007712958604718462,-0.0029961596114279902,-0.0066321604898340525,0.26267637419668355,2.228980896418442,2.104292635261361,-1.3942597633102662
0.01501681901697987,0.007585132551754277,-0.0031363607922549608,-0.006525485168890341,0.26936397709069765,2.308388304459932,2.002176185182355,-1.4846217045300218
0.01504490615728296,0.007650822307897627,-0.003054369207641546,-0.006570404301962213,0.26448768626176755,2.2588906672413303,2.0500855011652965,-1.4343159973234432
0.01494171112179827,0.007411538683093044,-0.003347271873228951,-0.006396673096053017,0.2823693825664479,2.4294395922059677,1.8665286770381726,-1.610082413405184
0.014990639513909004,0.007464074776062646,-0.0032524343015151898,-0.006408722522148159,0.2749461428297466,2.365270082852337,1.896994256630668,-1.5582159744937754
0.015042800990458094,0.007518948560358149,-0.0031524164778636214,-0.00641738081893056,0.26658443035491675,2.2962260454679533,1.9257939434827736,-1.5029861011232566
0.014959276580427288,0.00734293036515584,-0.0033684405939970554,-0.006292896931235417,0.28090211353482225,2.41896442390846,1.7919577682667491,-1.626908999256582
0.01489205931581543,0.007294776927351162,-0.003481978633708516,-0.006300650769677564,0.2913655444858789,2.4996721875524543,1.768534814470939,-1.6860585747721706
0.01483417185527409,0.0072323345137362315,-0.003592720111805127,-0.006277337914436687,0.3010651449645651,2.570405208647515,1.7244164892838147,-1.7440764203026922
0.011196962793827203,0.0042196626774673816,-0.007150561494360328,-0.0014160655082915013,0.3930224051685412,1.4731975694493855,-1.6318910506825388,-1.0018816048273156
0.011265657687458297,0.004240667253054828,-0.0071302317627396595,-0.0014999072221999641,0.40268008580288583,1.5289170636111569,-1.6094489601019277,-1.050929971226049
0.014848639839187553,0.0071554934014473525,-0.0036151811469451425,-0.006163212340217162,0.2998467471985262,2.553800724267082,1.642526113147767,-1.757208562189734
0.014795206398404636,0.007035742399841165,-0.0037440669735156855,-0.006054448185482019,0.3095274965618517,2.608905334216779,1.535523359347274,-1.8205543865264027
0.014852233730010309,0.0070733175905768,-0.003651713295729941,-0.006053339968166096,0.29959417772867347,2.5462629209082817,1.5605881824258558,-1.7750664780667609
0.01451857853471841,0.006802064415203412,-0.0042187921242039595,-0.005953524203359487,0.35947625776679265,2.891491098924053,1.3269365432379752,-2.0408679299340236
0.014726538856114163,0.006986464586790382,-0.003858016529832354,-0.006047450453015348,0.32127767700200377,2.683067727614907,1.498094038177064,-1.8757289372644712
0.014679697773795282,0.006923836705811603,-0.003948009926771793,-0.006000784236695835,0.33018041568368134,2.7278239126777106,1.4410288254138057,-1.9170212002393339
0.014576954561578908,0.006841321802421439,-0.004122201947805206,-0.005966180475102409,0.3482115915924715,2.8315219622388343,1.365424230473902,-1.9970033341145703
0.014636703568280401,0.00687640016839513,-0.004025691331875975,-0.005969492159040035,0.33749695870334656,2.7688850701305423,1.3973937715872913,-1.9521823220719015
0.014325096587520434,0.006554224349714404,-0.004563940585644057,-0.005715708804287535,0.39594051533545604,3.0214347158029775,1.0575746269351798,-2.168581596486689
0.014380224171592744,0.006585950608937793,-0.00447657745100763,-0.005730564255577991,0.3846613676288811,2.9712156252081434,1.097558522576348,-2.1330718540541618
0.014434990645658816,0.006641412365990422,-0.004384477774774219,-0.005777927993226904,0.37460943761200793,2.931529561085466,1.1588782570803249,-2.098781444897714
0.014510275255448863,0.0067361199043015135,-0.004250860443740898,-0.005864640156625357,0.3606425049944673,2.87881556706899,1.258569629580439,-2.047989197721178
0.014493855915597745,0.006678926717722052,-0.0042902165361676445,-0.0057939113616358425,0.3634204181206597,2.8770182555258907,1.2003418791067029,-2.0587931296478907
0.014314404915297544,0.006495610057689058,-0.004589183687413638,-0.0056347820005028405,0.39625483495439273,3.0023111119647528,0.9980054361802726,-2.167741326557268
0.01427448502119292,0.006461664265366978,-0.00465301475000644,-0.00560536054642559,0.4041652288896714,3.0294927164205823,0.956926256774688,-2.1897939767316537
0.014224670805362242,0.006425360905120039,-0.0047314163896383455,-0.005575795799287633,0.41383343625147,3.0655848072601537,0.9101088700084791,-2.217196441417649
0.014169249935575105,0.006404216530831645,-0.004816777336440116,-0.005569738195142798,0.42546674356148845,3.1169446967545493,0.874397671187027,-2.250879623959325
0.014154424753377698,0.006355576617093869,-0.004842169439045917,-0.005502681704756153,0.42674071378946277,3.100936547580601,0.8237188600818272,-2.2488112983925928
0.014098392249209456,0.006334365325386626,-0.0049280598036471794,-0.005493548969351188,0.4386968155852954,3.150316245096338,0.7850398963424727,-2.28117889859411
0.014046013730348493,0.006291157918793625,-0.005008688805270078,-0.00544728086352998,0.4490478728496165,3.1776587670037126,0.7254675538402048,-2.3033262150848626
0.013949761690725019,0.006153061611628787,-0.00514969141102848,-0.005266359984055003,0.4637433272747435,3.1695122317616367,0.5618953727002155,-2.3155622662762094
0.013997666917566662,0.006187429883746378,-0.0050792506465845225,-0.005305013946524919,0.4543704227384709,3.147199585206217,0.6129672057722874,-2.29858893810663
0.014053501786339226,0.006225350036065268,-0.0049963418776400766,-0.0053445904679741375,0.4440457787611312,3.117151078537957,0.669340542647494,-2.2763219080352726
0.0138914109620076,0.006059345299335428,-0.005228293088514419,-0.005138289292963504,0.4708050869796487,3.146959137863227,0.4571051372517214,-2.3116879166934674
0.013869960537785744,0.0059847144829139175,-0.005250090127994511,-0.005030896776230175,0.46937592848766524,3.1002181363330545,0.38943706755174323,-2.2905770561572445
0.013952069101980704,0.006083842739272782,-0.0051400892734026335,-0.0051614573592044894,0.4584206059975871,3.1074855161904185,0.5068974112948744,-2.286271897059087
0.011545589562759381,0.004451062486189177,-0.0071309512360605174,-0.0019259960816813,0.46963606525353235,1.8364744183407762,-1.5636126707707838,-1.288897299456184
0.011346673053713053,0.004221167149662029,-0.007065880594775398,-0.0015715556154839642,0.4032974477910668,1.5656807098868966,-1.5566332469790944,-1.0948093945303474
0.011473693753766896,0.004358162262555758,-0.007101177791467564,-0.0017877607429882048,0.4429632237792101,1.729303746198752,-1.5585447325306665,-1.2141450827238571
0.01143355909561948,0.004265130451627313,-0.007048770213839544,-0.001686086051444962,0.419059610711349,1.6436510902148112,-1.5328438136089098,-1.1593608615688156
0.011635524794687878,0.004444541330507754,-0.007058948981668082,-0.002011390589749099,0.47040599566789626,1.8785517132263274,-1.5029061585193417,-1.3361072760393122
0.011760170921109992,0.004536738306356551,-0.007038704526179689,-0.0022050313880083838,0.49664523013795153,2.011278411072524,-1.4636756350920257,-1.4385277714041125
0.01185671988662467,0.004549518639031956,-0.00696858828152798,-0.002306567646615815,0.499433034729965,2.0636503978902696,-1.4018507124105815,-1.4905971911297122
0.011724773162280678,0.004449763290158368,-0.0069946693685699396,-0.002101621833723769,0.47299182890395963,1.9258285646380084,-1.4471673968035004,-1.3844571317247547
0.012163085200686,0.004750110100844436,-0.006845637349592522,-0.002760725950260574,0.5423162586372471,2.347895787170025,-1.2458015613902214,-1.7148169759416272
0.012100824895707681,0.0047135270168484735,-0.006878162569276542,-0.002672585272018203,0.5359319180537684,2.2955984136873226,-1.2830349009955544,-1.6727024745517285
0.012020295905672308,0.004686542756270581,-0.006933576120805395,-0.002577062534206535,0.5327629306460685,2.24548205836162,-1.3357781025247084,-1.6277506253151774
0.011993689047052334,0.004601714321114392,-0.00689019700256912,-0.002475343970647775,0.510033155466723,2.160204381020048,-1.3237075648896892,-1.5749835146860034
0.011950545160391596,0.0045237682034531285,-0.006867015187964864,-0.0023684148071721795,0.4913150644530118,2.078561850770727,-1.3247134894134858,-1.520234820500885
0.012235725898243845,0.004707171885444049,-0.006740302420564343,-0.002776094713923681,0.5254380103859492,2.3241446922821543,-1.174707673372397,-1.7158417379268192
0.012293488325631272,0.004755654444535019,-0.006717673467063075,-0.0028697393261856853,0.5337238481026424,2.381974649315574,-1.1424782168653904,-1.759288697540107
0.01240314423909799,0.004888863645774044,-0.006699091528266954,-0.0030929552010252426,0.5586298518546693,2.532363397778806,-1.0842993658929851,-1.864472129018708
0.012371672119699825,0.004799834994895834,-0.0066683241415871055,-0.0029740438515723734,0.5388033965012897,2.437836631899851,-1.0902923880131485,-1.8049444903882361
0.012485081480670535,0.004910941782201946,-0.006624031295002426,-0.003175275833206064,0.5552639114877526,2.5624575792873103,-1.0190492037114074,-1.8952390922084137
0.012639014965329445,0.004925025354319802,-0.0064590098126477,-0.0032902965257924073,0.540060641686456,2.580497987158106,-0.8914745366886635,-1.9284056294743228
0.012566491390366709,0.0049097956033375325,-0.006531549232874305,-0.0032279244245162577,0.5453401224063902,2.564866737081941,-0.9501211250931992,-1.9089969994482139
0.012703569894167394,0.004939436289703204,-0.0063937762869178735,-0.003344637879616354,0.5343169130984013,2.5927674933817038,-0.8394417301921582,-1.9440241334415274
0.012751310905336294,0.0049920517275888615,-0.006370671117514138,-0.003432861983331549,0.540456437496859,2.6432950970615754,-0.8033454273664988,-1.979636020824177
0.012775456812442921,0.005066350420726258,-0.006387898906739935,-0.003535166128191372,0.5534883358885248,2.71955077316056,-0.7849823051001529,-2.0277015167060184
0.01284124387722347,0.005088664393885239,-0.00632105317583903,-0.0035967034911563362,0.5478425256111673,2.733912911146597,-0.7291765826086004,-2.0437078969397113
0.013114191625689978,0.005241315234652089,-0.006060341203161043,-0.003906620093988324,0.5319117982062284,2.828621287622687,-0.487692866676446,-2.125622281801173
0.012906967439715594,0.005136063679882614,-0.00626748910995256,-0.003687384527026026,0.5477555324198464,2.772828367906392,-0.6719482885571205,-2.073787471561857
0.012998075318885999,0.005163762482232579,-0.006168351675128779,-0.003762581469636161,0.5374963761475343,2.7808245750751377,-0.5935362709726756,-2.0874381671389095
0.013091752000405613,0.005162870801756566,-0.0060494121946576196,-0.0037981583043530972,0.5214717041969941,2.7538617211466385,-0.5176747822473646,-2.079586703095529
0.013695052349076411,0.00580855864796309,-0.0054725257348288,-0.0047898897054559405,0.4933044872887054,3.0876073397019295,0.16789402452651847,-2.2927416492866257
0.01374140070644742,0.005843719859440384,-0.005413055587259959,-0.004838806846632058,0.4865592862293014,3.0834022766747284,0.21885173319414572,-2.288990855852662
0.013785767545917831,0.00588251619804363,-0.005356346009319775,-0.004891758063267624,0.47982163656820276,3.0824665300635328,0.2708356006847202,-2.286536613222747
0.013857745272354753,0.005886808071391441,-0.0052523683308020805,-0.00488944710838099,0.46463765712046573,3.0233425657018214,0.3147394691668141,-2.251844888866326
0.013667919511609242,0.0057444048606179535,-0.005495409818168435,-0.004697540316058736,0.49258010371718386,3.0453692604499305,0.11251672140147372,-2.2704089676740895
0.013600038697847086,0.005688877179055639,-0.005577152983647782,-0.004616913705092888,0.5012750726967049,3.0406504486416517,0.037293276486596395,-2.268429598442777
0.013191233276745663,0.005343426581616081,-0.006009136191386668,-0.0040663602979742015,0.5363613881917231,2.9094249968388035,-0.4048318534047723,-2.178370408086915
0.013247544773096902,0.005365099441044586,-0.005943877418181822,-0.004111561005440748,0.5288008474574198,2.908386661843501,-0.35410061871401505,-2.1813027554507767
0.01330820318375875,0.005384992041433008,-0.005871188648670267,-0.004153712444860166,0.5198135981579268,2.9011719398171434,-0.30091349832186154,-2.180515045607559
0.013187877934064101,0.005258377110414143,-0.0059730414547434505,-0.003953210245297288,0.5218581024221577,2.820206802662512,-0.42563287760776175,-2.1259976411872614
0.01338907633631993,0.005467770763225679,-0.005795635957300073,-0.004283194170351831,0.5164557030510989,2.94666139873847,-0.21231405236367748,-2.2107590573920244
0.013372982885348708,0.005391870349489799,-0.005787062854147631,-0.00417718509507323,0.5082963346495478,2.876533550995477,-0.2494658209302915,-2.169267814576331
0.013494297414060339,0.005568321360911355,-0.005687456218404873,-0.0044382432900059885,0.5087692534755476,2.9891701196215905,-0.09495175382868994,-2.2383436149939615
0.013615909757828344,0.005612947787583286,-0.005532010952834704,-0.004510288960057982,0.48874416384696373,2.9541051359197614,0.010031413844846472,-2.2199146316123635
0.01358363010860026,0.0055569571393714375,-0.00555961976077118,-0.0044307464889793155,0.4886495230807644,2.9210199258586727,-0.03739805687554342,-2.200924795881713
0.013462138731801587,0.005482607960483547,-0.005701248551053448,-0.004315493089944528,0.5035771403051243,2.9208841688914386,-0.1527579736511591,-2.1984658392754857
0.01310764516242216,-0.005536876826579258,-0.006223009956730668,0.004307445858855557,0.5914944426340357,3.180271214060132,0.42579992577984743,-2.3266332887336723
0.013075936240550005,-0.005491318894916583,-0.006243497797829887,0.004231408080435249,0.5893038152394596,3.1374467244893367,0.4679791029942244,-2.299881405663316
0.012983660233847756,-0.0054571736446301635,-0.006354034672512326,0.004147069536307064,0.6032956394574577,3.1345562126226376,0.563164881578751,-2.2894131940375977
0.013041231918322736,-0.005448311664710575,-0.006268416153853796,0.004157981164448393,0.5882794426970716,3.098485826669568,0.5106902490098172,-2.274809952824316
0.012809789853611385,-0.00530012718499704,-0.0064932654280292134,0.0038499563559789437,0.6028905480934047,2.989049495567524,0.7503057158501788,-2.186945955161215
0.012940759755484478,-0.0054166291661835765,-0.006389469656084898,0.00407192998949752,0.6034945922454032,3.0984363350881075,0.6117807308982045,-2.2645475365026804
0.012867483617429247,-0.005327170821949377,-0.006433806217023116,0.003915625865781571,0.5979820740465079,3.0079201624881224,0.693261850504013,-2.204854392957125
0.012913296063764686,-0.005366903522469415,-0.006396747451706872,0.00399120065894337,0.5982449915609545,3.04402812671947,0.6454364873278787,-2.2307317456079088
0.012770605411434908,-0.005227479872580488,-0.006496875994723134,0.0037339528211353195,0.5931621648952525,2.906533349059681,0.790368854865997,-2.134816310230576
0.012812061847621768,-0.005244209547976227,-0.006454197723974433,0.003777972947900852,0.5891423535586395,2.9184015008157904,0.751212608322509,-2.1470032358385676
0.012747615066032414,-0.005188038790709071,-0.006500319521045849,0.0036707536768861705,0.5873631479864915,2.8626447946495936,0.8119537889695225,-2.1066699293814932
0.01132219061042535,-0.004252518153200101,-0.007107235875597772,0.0015654171004629068,0.40939569126107694,1.5709131743533902,1.586472028200579,-1.0893910263172613
0.011246533948567436,-0.004202630203595217,-0.007108468780976448,0.0014584060509225405,0.3925372454183749,1.4943840028920032,1.5976209006173228,-1.0286483025957258
0.011444318795653496,-0.004398381996439154,-0.007155821505819226,0.001784717662827017,0.45174981392357144,1.741163058946176,1.5974658791932557,-1.2107518119742666
0.011387843002602082,-0.004324211937541988,-0.007128382890968743,0.001677438129873552,0.4302772485850312,1.656781137075258,1.5897298531156754,-1.1519261728876005
0.011621075761247617,-0.004507296860895463,-0.007123554994930787,0.0020445372631902156,0.487358894288306,1.919716947750935,1.5438425664527708,-1.3528220062080056
0.01155824876199783,-0.004464268564637659,-0.007133162688580065,0.0019486000637151655,0.47335139568094203,1.8534750167302962,1.5624061381965688,-1.3010558810387625
0.011536303691173522,-0.00439202313198452,-0.007086816374791611,0.0018744596298754482,0.4536632394902976,1.7881180114888793,1.5386271581807434,-1.2620178098074277
0.011718122928181727,-0.004491221674194806,-0.007034316264600408,0.002127886646014689,0.4838352187601408,1.9552874082120193,1.4710928029673416,-1.3984360774027222
0.011813370719954136,-0.0045308264005721206,-0.006989747584759287,0.002250576298723515,0.49475139659794193,2.0301546331437987,1.4239106037970861,-1.4622640658862147
0.011894455438266203,-0.004572495723353345,-0.006954789438512388,0.0023609289196981523,0.5049484894404287,2.0984042963924474,1.3843369836550439,-1.5185660907762928
0.011969877387625073,-0.0046180899480722576,-0.006924750655404173,0.0024692278070451604,0.5153210137726952,2.1662797233602933,1.3476742064068519,-1.5729549709455268
0.012046551716090731,-0.004668667475391107,-0.006894476130883516,0.002583158703291149,0.5266242169099039,2.237871343216939,1.3089699213746988,-1.629324874073951
0.012095068266623465,-0.0047357236181265845,-0.006901417423224928,0.002689235537977549,0.5422748648470653,2.3157937970255795,1.2954712772456611,-1.68278615702017
0.012147288384777176,-0.0047920730194536115,-0.006894611893803304,0.0027895950594057886,0.5550101350945494,2.3853616428241367,1.2724201499378862,-1.7324392015919743
0.012241341713598678,-0.004939533287996232,-0.0069145307083951805,0.003022438799680956,0.5905663539566097,2.562104739173441,1.2391253763081185,-1.849543693810485
0.012203670160296784,-0.004888816868029104,-0.006913952886879577,0.002936822359771274,0.5789948638929036,2.499061937031589,1.256814337517021,-1.806725658474423
0.012304857004179236,-0.004945433525576544,-0.006849908529041704,0.0030805022678456607,0.5853726345956054,2.5800346997413244,1.184024584021002,-1.8726160018354305
0.01238566802691465,-0.004994860397685363,-0.00679787136968057,0.0031983451692530695,0.5908127289344688,2.646046135541555,1.1235398269957597,-1.9250648113211493
0.01235913868265209,-0.00495784312910637,-0.006799399859856295,0.003136502962059482,0.582984073122998,2.601485203894157,1.1388928635034767,-1.8950262993165254
0.0124376918055041,-0.005009164969421242,-0.006749261372153141,0.0032533662407939284,0.587828146334988,2.6667997984563225,1.0791808048714717,-1.9464038593864963
0.012500615996493998,-0.005024065479876552,-0.006687349363364451,0.0033153717633212453,0.5831447362083743,2.6868044260088744,1.0246662177795887,-1.9687150058041816
0.01221842237681543,-0.004823620597649705,-0.0068468332895936885,0.0028808578599874967,0.5585599869452537,2.434368867147374,1.2234518748658612,-1.7743967822060325
0.012713773658632386,-0.0051400075912055275,-0.006511027930970916,0.003591151161150768,0.5811556092220149,2.810436703656848,0.8421037769974202,-2.0720551739417075
0.012701718879885674,-0.005057721939539975,-0.006471678923650804,0.0034834343901693665,0.5631611291942603,2.718258181549222,0.848942653761302,-2.0172136054613663
0.012566677421894754,-0.005025169770414048,-0.006610691929133509,0.0033612037164050604,0.574545584773579,2.688757491937675,0.965468911321138,-1.980558347450282
0.012640669746152699,-0.005019472465675049,-0.006519361685260954,0.003401313025950252,0.5624812305425452,2.6800072058205626,0.8994659330077954,-1.9866436630935842
0.01317870620534608,-0.0055820318573503724,-0.006143871851025646,0.004395010827798285,0.5830522285846084,3.1990301764339177,0.34584686444242696,-2.3424695047246513
0.01316129280336884,-0.005533274827692665,-0.006144287148691459,0.0043195783704178875,0.5780338411895745,3.1473603260872616,0.37807157935274033,-2.312304660405248
0.013769136939759556,-0.006295659985973058,-0.005451616624964676,0.005539950659296792,0.5210745736600803,3.5180345454301754,-0.6007319446603122,-2.497132326651375
0.013749230542377726,-0.006260676618719166,-0.005479888170145431,0.005486642633691947,0.5235831320535657,3.5057199266225454,-0.5548937646694013,-2.494744120676515
0.013602879396799968,-0.006083422610846936,-0.0056840016347473555,0.0052180914785570345,0.5474134087497585,3.475459763261728,-0.300675312946783,-2.4950625805485456
0.01362229162705437,-0.006117198703948576,-0.005660860264628138,0.005271320760079079,0.5458763827720468,3.4939907463288216,-0.3427072396693169,-2.502736440875722
0.013639344736336847,-0.006146399217021135,-0.005639780399433157,0.005317242979861115,0.5439227406840129,3.50910951919647,-0.3797269562214564,-2.5085874595791595
0.013647868761827752,-0.006176392189665504,-0.005632400751086937,0.0053655816288655026,0.5448569838824716,3.5342613266782585,-0.4124966987999434,-2.5196728081373347
0.013690957179127716,-0.006228129705924928,-0.005571258205502836,0.005444520750464788,0.5373951259519365,3.5419332158661874,-0.4885497411821999,-2.5186092548327434
0.013672333484573435,-0.00619660557893218,-0.005596104852788632,0.005395410549729886,0.5393789940978236,3.528491588508605,-0.44702448226665853,-2.5145402790721287
0.013728947348415229,-0.006224595556759692,-0.005507772674852879,0.005431384688607824,0.5262830715461425,3.4912923211806075,-0.5082274380095458,-2.491020659118014
0.013212429715559219,-0.005621177267032848,-0.006113998569374487,0.004461521260348402,0.5819943526342309,3.228985544931526,0.3010036727413424,-2.3612574860433164
0.013248554045948713,-0.005660723142699016,-0.00607960300572952,0.0045289894009667535,0.5808253426667301,3.2565032023284064,0.25262321580482844,-2.3785195239247323
0.01339387842524952,-0.005888984784837845,-0.005955751992775788,0.004903818975233255,0.5804016181267232,3.44081422845271,0.004969664559071021,-2.482390774132831
0.013367436562798924,-0.0058651464687878,-0.00598793961363705,0.004863241656691105,0.5839904235476039,3.432934930257118,0.04230687093922626,-2.477906020836947
0.013293382733739385,-0.005701082677115677,-0.006031334059432265,0.004599063463461721,0.5764754463896961,3.277578722040375,0.19505060192623708,-2.3922562187512217
0.013307269076008968,-0.005751315707188153,-0.006032692196494021,0.004677679124860142,0.5811949612629765,3.3323732210455583,0.15823306295030817,-2.4225905443181457
0.013357240285508184,-0.005828230253639791,-0.005988738657606533,0.004804139483030194,0.5809342142456432,3.3929448731265404,0.0731427074524083,-2.45660646429895
0.013338180602032235,-0.0057858307773102635,-0.006000351762257743,0.004735794627707569,0.5789029284721677,3.35316015529061,0.11339261569065877,-2.434825840020768
0.013574567045846678,-0.0060451040422563945,-0.00571951310886206,0.005157955989803288,0.5508358130917513,3.460022025544522,-0.2494137790616337,-2.4890365458136032
0.013513552955182966,-0.006004201073521314,-0.005805636113635383,0.005093645210105195,0.5632076840761783,3.473289578331657,-0.17200313370479195,-2.498026103432958
0.0135575623637288,-0.0060002411398648176,-0.00573394449565659,0.005086690087539863,0.5500698788041928,3.423837822441332,-0.20252623599295874,-2.4716450458142933
0.013481760718063191,-0.005969182500325161,-0.005845219610628908,0.005037030285554246,0.5672849256324018,3.4610875435157604,-0.12147186505481858,-2.492601565276193
0.013455739980151,-0.005926931723421115,-0.0058720291642228644,0.004968670558878756,0.5685035666184902,3.4326169625986642,-0.07123398790335207,-2.4782801314656067
0.013437492147713725,-0.005881742379399876,-0.005884423561141588,0.004896295370553651,0.5672218558805325,3.392203735396874,-0.026747221086283968,-2.4572764787285313
0.014355783997626013,-0.007146284405112779,-0.00433193506803452,0.006611621223078353,0.39411280811877564,3.21976827310631,-1.7569575952498577,-2.121027543934169
0.014351926738854095,-0.007108311965199059,-0.004355550097197121,0.006554343454666839,0.39498420598493,3.2165485408318015,-1.7069911349112186,-2.1331190691767272
0.014338535895214544,-0.007069015976431475,-0.004394082367526961,0.0065033597504625465,0.3981147924919472,3.2264164154705237,-1.6574095938507125,-2.1520931787091384
0.014334765646190725,-0.007030215261623553,-0.004416049758996676,0.006444534850271859,0.3989135175687227,3.22034769608335,-1.6072728100452796,-2.161848480164691
0.0143241550244792,-0.006995985618745197,-0.0044463017087591795,0.006398748225192393,0.4012700345389018,3.2248913417604776,-1.5642197650599463,-2.1753820373921013
0.014243741333365608,-0.006926031658084634,-0.004600766039428703,0.006349860130262409,0.42012320763431527,3.320207327875704,-1.4791759941497544,-2.2488796491143357
0.014308988547444761,-0.0069608396576206506,-0.004483441207506233,0.006354896780328324,0.40462124795962745,3.2349505411999773,-1.5205097513272727,-2.191837280309459
0.014287220256068676,-0.006925634960244083,-0.0045304408734130825,0.006315625260261526,0.4094028697070618,3.253611887489178,-1.4769897883880392,-2.2126903034233885
0.014114067984757441,-0.006807487821317748,-0.00484837683702135,0.006246068909643077,0.4510435946450659,3.4592103838359125,-1.320074036828739,-2.3592720922536117
0.01409932098387102,-0.006775297016339789,-0.004879999253429746,0.006201448629542591,0.45402702244336984,3.4618799193278105,-1.2764414571201435,-2.36955708481609
0.014042708986259032,-0.006640215784480962,-0.004996308332675004,0.0060082129673857,0.4650815148977153,3.453449331153841,-1.0964340720523598,-2.3985141191479147
0.01408846605422294,-0.00674264272061246,-0.004904466723396595,0.006153338762019441,0.4561881159227699,3.457092125891141,-1.2329757805432768,-2.3755659035157772
0.014080157627783732,-0.00671092643494661,-0.004923818579890674,0.006105178167688558,0.4575154968058239,3.4482520222707795,-1.1914848182676907,-2.3787562284808774
0.014066549578612492,-0.006674037534383001,-0.004952132959953359,0.006051449078092777,0.45978100280880924,3.4428445351001815,-1.143066745608721,-2.384712412418193
0.014144557299366763,-0.006802277422610728,-0.004798488315473393,0.006216984943623337,0.4428880618334218,3.4086127132898847,-1.3161865720878534,-2.3329693518494965
0.014226039235418762,-0.006886758615231297,-0.004641816560602544,0.006298990040039959,0.4239208687808413,3.3291324146966654,-1.4285803620984867,-2.265458521007073
0.014166103987155712,-0.006818588271816566,-0.004758855918530844,0.006229481619226296,0.43749781752005173,3.384990614938769,-1.3388415571396026,-2.315487908263423
0.014180245755389245,-0.006846435182717288,-0.004728423205717855,0.006265729558532229,0.434857754555018,3.3787709541785618,-1.3754017593535668,-2.304283173576414
0.014209785244811268,-0.00685566743175125,-0.00467729980176164,0.006259934075656756,0.4273347416956339,3.3384644179458602,-1.3884253502818567,-2.2795270222029034
0.013971229425562027,-0.006529042340503314,-0.005124467319403252,0.005858149392598048,0.47983052726275627,3.468216180623712,-0.9439464034583187,-2.430519523432926
0.013946293353750224,-0.006493337170242892,-0.005167118231761838,0.005809603870617172,0.4849143896304278,3.4725509658167053,-0.8944547287182332,-2.439855512254821
0.013926047292699016,-0.006450972559500847,-0.0052010513213593445,0.005747478671619275,0.487835911030773,3.4630245731146982,-0.8395261532824182,-2.4422222326516043
0.013817628452577292,-0.006342615424990376,-0.005376072860239482,0.005604828572367685,0.5108222882128829,3.5042095586275304,-0.6745235664879282,-2.482898494681519
0.013811045919007038,-0.0063008370300827385,-0.005382884084083669,0.005537561683162293,0.509662719917288,3.4705159255890226,-0.6286162351222838,-2.4698701917415513
0.0139157004330703,-0.006410990716266482,-0.005217578673214849,0.005685361972762335,0.48860055317112244,3.4407541647163122,-0.7919977728775077,-2.4365313522993084
0.01386745000179132,-0.0063600397949805905,-0.005294903714861119,0.005618234388026455,0.4982630293665126,3.4565682525087253,-0.7169588025538786,-2.4535682467088766
0.013902599806090602,-0.006378401618423587,-0.005238060269743439,0.0056365602671019635,0.4897718149735704,3.428092077531043,-0.7519574828663962,-2.434601964897334
0.014036729391528375,-0.0066000574099325075,-0.005010559877697009,0.005944506341947244,0.4652054345454177,3.431795242234521,-1.0468359002222343,-2.395367187252603
0.014067693319949354,-0.006609121766556167,-0.004958469643780685,0.005943271521184359,0.4574963705830493,3.3941558220772885,-1.0652856605579575,-2.372249199196349
0.014027073295903443,-0.006564461303866232,-0.005029660926642532,0.0058904729619706645,0.46642159504843317,3.4180215134052268,-1.0023795042392611,-2.395153510594955
0.01401307517029926,-0.0065273158307436055,-0.005055272774053247,0.005836003578295391,0.4685776306128568,3.408258222410771,-0.9556235687180589,-2.3971234748692507
0.014603113593344444,-0.0076798057257557745,-0.0036052427232060517,0.007153464321446619,0.337075848526264,2.8148874066231677,-2.3538312057149793,-1.6794762642115626
0.01459448898369825,-0.007650504744839758,-0.0036416582095368587,0.007122217320283216,0.3390928874477948,2.836095972423063,-2.3221499420085028,-1.705025058930812
0.014638162888439974,-0.007693160732470543,-0.0035441780169518143,0.0071271907637558505,0.3302568563662354,2.759339327041835,-2.346742704313876,-1.6475421831316406
0.01467650818696098,-0.007703979553388485,-0.003481497370259247,0.007092765646810565,0.32296896924731194,2.7009684748314817,-2.33384284004677,-1.615788346901606
0.014711437546497445,-0.007873217212368722,-0.0032838475835941286,0.007276187350318161,0.3150492092768902,2.5839875590087256,-2.511287019829752,-1.4674594333482813
0.014715801739000462,-0.007898871443331559,-0.0032537438564904974,0.007304195233726963,0.3141060126737848,2.5654624119621308,-2.5380102423546096,-1.4437864074821372
0.014705558628970826,-0.007842918076661808,-0.003319898055254623,0.007243757848009325,0.3162928147445085,2.6061618968287115,-2.4800247938498683,-1.4952145948341344
0.014687690879258022,-0.007801793661949501,-0.0033814712933938596,0.007212482697701725,0.32003271890840695,2.6488820241894877,-2.4445540338898937,-1.5376861054609838
0.014707168664635395,-0.007816979684297384,-0.003341384321998492,0.007206636305041035,0.31616055893506656,2.6153861879833893,-2.447952560565531,-1.5146312370729111
0.014679368632128272,-0.007756427718990534,-0.0034329009243281917,0.007161480358837493,0.3221302877342786,2.678528869146929,-2.3957033421999916,-1.576728534923092
0.014691226070865773,-0.007779200522983393,-0.0033967356724961275,0.007176894684416973,0.3193457850319362,2.653086126970732,-2.414602192377624,-1.5527222268841425
0.014698886052347029,-0.00773378671055253,-0.0034255868301233086,0.007104723409008682,0.3185581001227921,2.6594267265327676,-2.354399917867679,-1.5811517100878512
0.014704228429282762,-0.007925469198933156,-0.003243429955320818,0.0073559703204944885,0.315959471467905,2.567717470369271,-2.5790431984287294,-1.427305904496446
0.014702850142635459,-0.007951623099793593,-0.0032195145009666485,0.007392634201155828,0.3160961300640308,2.555463378793094,-2.611266759374607,-1.404913587990841
0.014735955074678928,-0.007913865800458286,-0.0032128160358165544,0.0072954525782026386,0.3103134080122683,2.530527392173631,-2.538742132497969,-1.4204753558716494
0.014748127483448848,-0.008052007726882528,-0.0030583615603445202,0.007455768860202425,0.30750909254768977,2.4357081168248516,-2.6857252476823827,-1.2908063795677858
0.014758092682254606,-0.008070561466833477,-0.0030262641225907304,0.007464157146939374,0.30564914294729256,2.410938002384873,-2.697076379090141,-1.2686822656279377
0.014845038921541015,-0.00830169457293282,-0.0026646188313213894,0.007603367143103598,0.2909657963140167,2.136189408542054,-2.850949962602758,-1.0010421814561627
0.014768036099217969,-0.00808939320171798,-0.0029938445452051647,0.0074726280989505095,0.3039378960940817,2.3858522044805848,-2.7084675871658566,-1.2462140731273978
0.01477358469403389,-0.008129191227993927,-0.0029440603519760434,0.007513297843725527,0.302858948889735,2.3520318409521255,-2.7464515215569305,-1.2049293256105276
0.014778918126142529,-0.008106820714820254,-0.002961721902156893,0.0074776298272298935,0.3018238834284955,2.360427927627122,-2.7170770407380167,-1.2246908715331866
0.014838570768250951,-0.008280107207736935,-0.0026971337765893705,0.007589398314003162,0.29196674389665705,2.160935101652489,-2.836622285200558,-1.0260965593898401
0.014817001938134466,-0.00824498684744912,-0.002762490244861141,0.007583562528782491,0.2955679840583176,2.213853857905448,-2.82403304056011,-1.0702042628337225
0.014829964254229312,-0.008262122408732975,-0.002727791483022808,0.007582657151652232,0.29328950720114433,2.1851690813157827,-2.8277891646252233,-1.0478911527406802
0.01479407559048741,-0.008140917458069007,-0.002906280675199906,0.007496031640409856,0.29923432690078067,2.3181349155438795,-2.739040447231934,-1.185014061032986
0.014798582039937011,-0.008160373716710209,-0.0028795036911849086,0.007512537580465113,0.2985192583285898,2.298896972866998,-2.7551903832831255,-1.163860101180622
0.014795571279170092,-0.00818353035457584,-0.0028574085990053268,0.007544985620943737,0.29901290637988054,2.286017419860783,-2.782560626474094,-1.1415703533469383
0.014823613720720252,-0.008224673639945354,-0.002777985245395027,0.0075494582804609914,0.29425134975366574,2.221440919280412,-2.7965984624662976,-1.0892011358529297
0.01481467543652369,-0.008202002320248068,-0.0028140370151390234,0.007536970905061787,0.29589006341444374,2.2490923460091747,-2.7824845009019903,-1.1156989504458263
0.014710851352015879,-0.007975873356389624,-0.0031846906471302075,0.007412915340922747,0.3143378953301151,2.531066783824881,-2.632621365177226,-1.379151982784405
0.014719912016379615,-0.008002247141001236,-0.003146094985673814,0.0074339847404937,0.3127993444936417,2.5035982599981375,-2.6550272988482893,-1.3506628047676708
0.014742018521510608,-0.008014474281468634,-0.0031050510062919545,0.007417052560851682,0.30864408345612576,2.466771387586622,-2.649002218604108,-1.328722172353421
0.01475999956714949,-0.008031908522652882,-0.003064237686082792,0.007412599619213621,0.30555607772246357,2.4325867531630685,-2.6522005569901204,-1.3041945726972257
0.014867296953322815,-0.008420486172636538,-0.002497247592086103,0.007696638990055931,0.28796176728381545,2.0106369948891607,-2.9384634782109447,-0.8637374964923789
0.01486662538366585,-0.00839779237100895,-0.0025258313068160423,0.007673545568846024,0.28789557714278774,2.0313085491912584,-2.9184888400935987,-0.8895702130528921
0.01486566453457517,-0.008379987358735668,-0.0025485304636654773,0.007655975563673248,0.2879588392310618,2.0477368939701965,-2.9031211694583865,-0.9097175372155608
0.014859261169955562,-0.008322467678239971,-0.0026243173658703285,0.007603538262414187,0.28869937525658956,2.1030755478730914,-2.855874799917992,-0.9745548088840438
0.0148678217123815,-0.00834628465730819,-0.002586662358100913,0.007615828191629167,0.28734595988314476,2.073790523253646,-2.869295813674657,-0.9463525887099556
0.014873742175278041,-0.008367102092874622,-0.002555345921387732,0.007628778153566917,0.28655349532024527,2.049753376736868,-2.882335111100101,-0.9220071527346556
0.014892818828199005,-0.008452910815369545,-0.00243035091530476,0.007687926903408526,0.28407104530711674,1.9543746699093456,-2.938825966058071,-0.821551752638383
0.014890760583266667,-0.008429785004038353,-0.002461072716419101,0.00766732408676641,0.28427501275645056,1.9771463870912835,-2.920695050093545,-0.8482059235528262
0.014934640073503716,-0.008574391219164843,-0.0022348996330450667,0.007737927671490501,0.27862444206340703,1.7988672309657836,-2.9925449736764413,-0.6739622521921996
0.014952425937441175,-0.008586270994716854,-0.002202712800419023,0.007718729359542743,0.27602707878150107,1.7703171643023097,-2.981321871848201,-0.6579803733779096
0.014917464614626778,-0.008467831990773438,-0.002386599654692518,0.007661988223941834,0.2802864591371417,1.915216796617502,-2.92418943774371,-0.799904829385926
0.014927830577729381,-0.008495131600891073,-0.0023421921955205168,0.007672076881722902,0.27882555325310304,1.879944077734656,-2.9356860565385414,-0.7670393579655017
0.014929133565625974,-0.008548015359855509,-0.002274063412664957,0.0077219188280618295,0.27920961825343665,1.8294359382899734,-2.977750575743783,-0.7056760717966205
0.014931692577307506,-0.008521400781212557,-0.0023053682808824093,0.007691565183151388,0.27848383823758566,1.8518864419733234,-2.953106746952631,-0.7362761087533647
0.014958231815085281,-0.008609120074322442,-0.002167758705807032,0.007730134301120128,0.27524044178824075,1.7427827661843256,-2.9922208992266532,-0.630492204223776
0.014961320439371624,-0.008638771635175237,-0.0021262808187734986,0.0077520835286941925,0.2753202661413434,1.7108618589762101,-3.010988711242909,-0.5949986241195547
0.014959212997864492,-0.00867727579499002,-0.002077345684927284,0.00779051364677946,0.2761367441653379,1.6742307164448766,-3.041811880050704,-0.548627828381668
0.014958979129607525,-0.008694666451578903,-0.002054342539176663,0.007806384701333035,0.27652701852196737,1.656712500720688,-3.0545758134208856,-0.5274167190660347
0.014973372295157491,-0.008663816788325895,-0.0020825098714176977,0.00775379496982155,0.27369419418530994,1.6750199197866797,-3.015235064345347,-0.5642599909984699
0.01497306309998789,-0.008821835067616817,-0.001868624006136168,0.007889075163133764,0.2766589953666263,1.5103517125724883,-3.123028270559303,-0.3689328006576749
0.014976527929622029,-0.008804208503451311,-0.0018902653535469364,0.007868484638716387,0.27566513600810894,1.5265791322938222,-3.107541815540499,-0.3914067350616234
0.014955623926615341,-0.008743830013935461,-0.0019907818439858275,0.00785522653308604,0.2779198266464414,1.6085726118826782,-3.0930998753729386,-0.4666261798226022
0.014965517155038875,-0.008788232160530427,-0.0019214302794188997,0.007875086497346244,0.27714298785061375,1.552882206598593,-3.1107594455131795,-0.41108564460133235
0.014960966468892693,-0.00876497480734807,-0.0019572753171589134,0.007863729721933277,0.2774416154261346,1.5815663327415834,-3.1009151226238156,-0.44020792154495814
0.01496776100312465,-0.008709367343503032,-0.002026911648535473,0.007803852400833841,0.2753173198657744,1.633832235937987,-3.054446596551116,-0.5091930948271087
0.014974075504051878,-0.008729096715944937,-0.0019949014354934545,0.007809812952948483,0.2746514028075689,1.6079839057592145,-3.060566290897072,-0.48490813249825754
0.014984208748214801,-0.00885021891004444,-0.0018200776123931774,0.007891614791022156,0.27549027974457413,1.4704383392705438,-3.1267737116716954,-0.33367013775199644
0.014986085153324974,-0.008832993217627531,-0.0018426188965269604,0.007874550123225748,0.27471426515334846,1.4877086542073856,-3.1139048044269986,-0.3556163637507246
0.014997087741426602,-0.00886391113240885,-0.0017908369142486007,0.00787902584743848,0.2736682271095529,1.4453473816497338,-3.1190621352003496,-0.317356844392368
0.01500455471776559,-0.00890588535315223,-0.001726139183577719,0.007897507735644899,0.27337940657031007,1.3933595550242923,-3.1341369316188774,-0.26472583506411945
0.015003652836507536,-0.008883781538110242,-0.0017579412693353707,0.007882431141956222,0.2730255131422701,1.4185001032404478,-3.1225983437324376,-0.29278118250373003
0.015016666749029448,-0.009024762900567383,-0.0015470693654315935,0.00795996866539711,0.2744093858689293,1.2497625876522678,-3.181331382226158,-0.11292415351526759
0.015027689937770827,-0.009040270140963962,-0.0015171460389394537,0.007949886932995262,0.2728256457015809,1.224540485741874,-3.174711529254573,-0.09500962488408196
0.015023924707480069,-0.009004424024988652,-0.001571578898658636,0.00793270324025303,0.2726089575585773,1.2683339873245982,-3.1621434835881472,-0.14085965378332332
0.015014781722446767,-0.008940474187631345,-0.001669589447738368,0.007904375039046882,0.2725893669652839,1.3472089573932058,-3.1405258242089715,-0.22175818297163138
0.015026469501710738,-0.00898076517053645,-0.0016038009104855741,0.007911659671255131,0.2716317596071563,1.2935387934497369,-3.1470404455538703,-0.17184962780958515
0.015023065064677292,-0.008959109094441826,-0.0016371168650996845,0.007902629616720088,0.27163168639482566,1.3203668810958453,-3.1400925457646305,-0.19910013037378924
0.01502395495097812,-0.008918996619266385,-0.0016932599669923778,0.00787197922962367,0.27057767638241637,1.3644620047825873,-3.117362474181298,-0.2503543707528269
0.014415281337860495,-0.0072157539346275465,-0.0042029914951766,0.006664979639530624,0.3804578326832356,3.1397899912380463,-1.8341867742040863,-2.053044782839967
0.014390725194966432,-0.0071559519962401345,-0.0042716985073887334,0.006594329391126372,0.38603512259937567,3.1674136386234446,-1.7615982078404873,-2.0900032129202075
0.01440748610576171,-0.007181602264431054,-0.004232679468400547,0.006618857911935312,0.3821948305244381,3.146351555366454,-1.7911246064864523,-2.0694971325526232
0.014424427481841978,-0.007245664297818408,-0.004172748162441461,0.006702859499481502,0.3784251158877354,3.1295584241443106,-1.871100283192025,-2.036051246553391
0.014449332607153252,-0.0072703668733487305,-0.00412030152593995,0.006716218002805222,0.37275845224310583,3.0935770979956114,-1.8955336828430343,-2.0077472355944583
0.014466740632691969,-0.007295742983845906,-0.0040789551317680665,0.006737580103074014,0.36880341679025935,3.06873983193988,-1.9227886351233099,-1.9848109859147198
0.0144970094169488,-0.00729693497067619,-0.004031899485553734,0.0067080173938839265,0.36233688968879085,3.022622314695014,-1.9135090873487648,-1.960752742102569
0.01458078756486651,-0.007552945600503378,-0.003737289849745046,0.006997003322696037,0.3428166453472554,2.8792513613098447,-2.2050379527847626,-1.7757387291465643
0.014585258754917663,-0.007584988578519173,-0.0037065863755626313,0.007038446204226708,0.3416956921602575,2.8661471248368167,-2.243633659287203,-1.7534222153268646
0.014602799719042001,-0.007619373328106809,-0.003654440910449812,0.007066678417102847,0.33786172788557367,2.832144307418029,-2.2768202783402134,-1.7199727931487243
0.014608256661103153,-0.0075643411168229875,-0.003688798712646797,0.006980398524705872,0.3373112994107056,2.8364550779071203,-2.2036116539746966,-1.7500009667271565
0.014577889909789416,-0.0075224221582781475,-0.003763927887643461,0.006955687395068068,0.3436901395835061,2.888867010048546,-2.1673098567601072,-1.7952944470268248
0.014568048340496673,-0.007489147142655663,-0.0038021406615733814,0.0069182528535993,0.3459873367975942,2.9083337793970263,-2.129853331869295,-1.8204651882912555
0.014568025314412437,-0.007452370971930951,-0.0038275659896691273,0.006863963333570152,0.3463846590349839,2.91268419775796,-2.082816628809949,-1.8394853517114014
0.01455793719878703,-0.007419010621121495,-0.0038647969573374417,0.00682594476000084,0.3487979677745117,2.9304297480392125,-2.0450110961701378,-1.8630895771150644
0.014542904184503628,-0.007383362680334841,-0.003910202932276112,0.006789480805689662,0.3520890126023049,2.9545697983016628,-2.006169587943529,-1.8905480396285417
0.014516350013343088,-0.007318471563963643,-0.0039899541879768715,0.006720490629274518,0.3579827028462861,2.9944602869608077,-1.9340041428285895,-1.9376715384188936
0.014534677140062856,-0.007346735324792623,-0.003945344029184571,0.006743574075095717,0.35395629943173285,2.9675435011491618,-1.9628942202969861,-1.9124383249380894
0.014984809549619676,-0.010765400100235514,0.001251546947732909,0.008150975355090918,0.32324074286605553,-0.9559763269704163,-2.9422173852101428,2.1497421741814375
0.014987401199165487,-0.010749644689195058,0.0012256814579104476,0.008154517875666041,0.3227515865430907,-0.9371496122736837,-2.951546427145954,2.1304854200623176
0.014989350529897477,-0.010733796635637482,0.0011999833900331756,0.008159156909453529,0.32242325541996825,-0.9184583920154746,-2.961427574122828,2.1119383920641304
0.014991138752020362,-0.01071814696272596,0.0011746411324794774,0.008163821891112545,0.3221383291259759,-0.899980806388815,-2.9711687411218253,2.093689183073511
0.015006476280985996,-0.010712300811401496,0.0011577464586455925,0.008137412783026427,0.31862244947484847,-0.8859661009780145,-2.9598197641433033,2.0661164152460727
0.015009595653651923,-0.010697207348296435,0.0011327251335752234,0.008138965158292185,0.31798536967203267,-0.8675206328514534,-2.9674651708711575,2.046541111651994
0.015012725375340109,-0.010681571260557202,0.0011068522193031728,0.008140589871537996,0.3173448113865258,-0.8484171981265929,-2.9753069177044824,2.026320539148076
0.01493896106369482,-0.010942032861684275,0.0015507257682182503,0.008130256652484812,0.3320090435737137,-1.171510231079371,-2.8413536073065324,2.3830620393627058
0.014936026699874863,-0.010957454670627198,0.0015760902274625356,0.008125306571987567,0.3324488269306895,-1.1893444606436783,-2.8304352122082235,2.4011571445615565
0.014920893596780269,-0.011035107641619503,0.0017034922128563307,0.008098384505029489,0.33403454608241523,-1.2779779496530936,-2.7733801483528744,2.490758049774532
0.014933147296255571,-0.010972893640997176,0.001601407647093321,0.008120067200869802,0.3328592995871799,-1.2070653542582994,-2.8192971931328548,2.4190422271267558
0.014930246746030442,-0.010988400733251696,0.001626803357299616,0.008114643993506363,0.33319846703298023,-1.2247719290801833,-2.8079627528388325,2.4368773140780475
0.014927258949766683,-0.011003978308561027,0.0016523257654023785,0.008109156138652167,0.3334755029070437,-1.2425153393427015,-2.7964809245069246,2.4547716426927644
0.014924135511423173,-0.01101956550317019,0.0016779189885101186,0.00810373408289593,0.33374303021173984,-1.2602721397656242,-2.7849426265076542,2.47275519384041
0.014998163583527407,-0.010775687560507256,0.0012601543650081935,0.008119940111127292,0.32003975730639306,-0.9604000371336582,-2.921178553407039,2.14045807154568
0.014979222081325799,-0.01079612414771932,0.0013022199039044995,0.00814456224728387,0.3242542823816772,-0.9927735947386297,-2.9240460838950324,2.187758322048151
0.014994616813507916,-0.010790564215435542,0.0012849983644643915,0.008118448435187013,0.3207023529540826,-0.9785206517688884,-2.91327969502564,2.1599263695797664
0.014976958671194121,-0.010811489901913293,0.0013272286830577473,0.008140084355541985,0.3245825506845897,-1.010801376953353,-2.9141795595581548,2.2058283645556553
0.014974775239969094,-0.01082713505827621,0.001352586096172706,0.008135118763483716,0.32487903994799255,-1.0290084295420632,-2.903855411290707,2.223919405793969
0.014972518605960024,-0.010843071359653433,0.0013783936326418943,0.00812994062178714,0.3251693315722734,-1.0474817596509283,-2.893209498287497,2.242258471838913
0.014969892082941187,-0.010859087824526088,0.0014045063656187519,0.008125229766306202,0.3255565550388488,-1.0661531281589112,-2.88269116517349,2.261089398762616
0.014966678289715617,-0.01087492697110778,0.0014306766276325265,0.008121549813655241,0.3260730440857582,-1.084881940546806,-2.872701680871948,2.2805127867831563
0.014963500143138589,-0.010890506608013337,0.0014564069687545576,0.008117780930604666,0.3265574841287839,-1.1032435118074349,-2.8627155374741773,2.299530216321612
0.014960627529186568,-0.010906038046857936,0.0014818454740190901,0.008113288593068596,0.3269352706556626,-1.1213006711359055,-2.85231469461787,2.3179169203379897
0.014957729951424345,-0.010921574515798095,0.0015072764735976777,0.008108661921508798,0.32731661567590975,-1.139293542865081,-2.8417720307288934,2.336217787053379
0.014954598407264624,-0.010937000394521614,0.0015326628340630404,0.00810436879776637,0.32775474185885156,-1.1572299450999382,-2.831374889456363,2.3546569361229532
0.014764896782867472,-0.011515176111420448,0.002525244269539781,0.007941359700361366,0.35161559675113296,-1.8174606196830085,-2.3752282623334255,3.069216628513383
0.014760113266848321,-0.011530137799930005,0.002550190855370542,0.00793338386103346,0.3510818047947068,-1.8326563520496981,-2.3601033129575857,3.084729425912208
0.01477580628277339,-0.011526894023858135,0.0025289905813224082,0.007910045344645825,0.3426557921015203,-1.8202921984181837,-2.3530196368415788,3.057516829147811
0.01475528278234136,-0.011545084353673888,0.002575102710606147,0.007925332833924268,0.3510108443834385,-1.8477183329759927,-2.3449028892289485,3.100153629545423
0.014770980831931785,-0.011541888715727132,0.00255382812951678,0.00790206473579082,0.3428840769993547,-1.8352630106229773,-2.3379626958714037,3.072861319754063
0.014810140026172798,-0.011364753797800303,0.0022745588953627664,0.008016759583142371,0.3497708391769711,-1.6613957948972236,-2.5207116526370243,2.909550404329226
0.01482562588058675,-0.011361007993329548,0.0022543233482478866,0.007992885806559854,0.3412903918450058,-1.6493634667006811,-2.5124060930280936,2.88287504625955
0.014814404250277425,-0.011349633918850095,0.002249369622656935,0.00802386378397347,0.3491841726473827,-1.6453939615500548,-2.534684998065099,2.8931015445310666
0.014805828367996314,-0.011379860028177457,0.0022997421464442057,0.008009571634096078,0.3493837894206891,-1.677349566618996,-2.5066140754284594,2.9259176268208833
0.01482132431060272,-0.011376164474129384,0.0022794271276620204,0.00798575819377967,0.34150450131434523,-1.6653679943364834,-2.4984211583460483,2.8992033483062674
0.014769633284930958,-0.01150019942916891,0.002500278991939841,0.00794925517818809,0.3517093689070238,-1.8021756690775605,-2.39025107471408,3.0536273825846387
0.014780572536127926,-0.011511865999142381,0.0025041165603174307,0.007917986078239533,0.34244124679665505,-1.805214131222787,-2.368014939242783,3.042085306236915
0.014774322728061404,-0.011485207893971856,0.0024752936901948908,0.00795707070465666,0.35160729895007875,-1.7868245912012053,-2.405162843966418,3.0379627042757877
0.014785287888530707,-0.011496819127965472,0.0024792150671035483,0.007925858892848579,0.34231819402004554,-1.790031966507588,-2.382927831623731,3.026558304477574
0.014778965067767894,-0.011470201646392161,0.0024502851750793316,0.007964807301186266,0.3514899772777295,-1.7714074218012719,-2.419964808960895,3.0222199462023096
0.014789954403504552,-0.011481766988273861,0.002454302204494021,0.007933646616254285,0.3422016635828427,-1.7747580399647156,-2.3977376141110844,3.010942181418892
0.014801469324203571,-0.01139495244676372,0.0023248919323960193,0.008002307792941386,0.34977770363080246,-1.6931987922299612,-2.4924337546969038,2.9422058738877266
0.014816963755037839,-0.011391291947919303,0.0023044971468211876,0.007978585759565136,0.34174031648185293,-1.6812686663257603,-2.4843656317740046,2.915454042972641
0.01479706294397708,-0.011410030890272255,0.002350006093992068,0.007994968681744567,0.3508873548262328,-1.7089569372107747,-2.4781625141543295,2.958388137445713
0.014812561514114852,-0.011406398918095485,0.0023295318881469134,0.007971330625888956,0.34172391064139473,-1.697077587773941,-2.4702021030390906,2.9316051137826578
0.01479260927722873,-0.011425095195354026,0.0023751071326943624,0.007987547700769818,0.3512141281223206,-1.7246745480528844,-2.4637679604010745,2.974465818088838
0.01480813500687748,-0.011421500711382064,0.00235453422772368,0.007963949757710996,0.341693824978307,-1.7128041801133762,-2.455903528816737,2.947646015130804
0.014783560287475503,-0.011455180736571003,0.002425254592965684,0.007972464639744629,0.35111200457788416,-1.7559188296796453,-2.434658993907201,3.0063880275389097
0.01479457034467995,-0.011466716388756773,0.002429388938635219,0.007941345565673384,0.3421195576896901,-1.7594036545013731,-2.4124367963809443,2.9952503975184803
0.01478810837460224,-0.011440145198604604,0.002400195319662295,0.007980044752564861,0.3509406410214986,-1.7403413174390312,-2.449258566785523,2.9904649216818817
0.01480366684261168,-0.011436592163607331,0.0023795111227967072,0.007956478038485345,0.3418649245407761,-1.728436911050742,-2.4415023270181995,2.963598862804302
0.014799142252776107,-0.011451662523447334,0.0024044631469212537,0.007948950001355993,0.34204839876603504,-1.7439674588913012,-2.4270200945039098,2.979471561002176
0.014914141127861208,-0.01106602936017164,0.0017544844409021385,0.008087764325688753,0.33463475321737907,-1.3131461399442186,-2.7501453695868956,2.5266653520052516
0.014879595159429937,-0.011090665429940796,0.0018177359025259826,0.00813252071516045,0.3454970254347122,-1.359013289143068,-2.7564843230152385,2.6008171667274396
0.014894924959401451,-0.011086003311810276,0.001798792669846632,0.008107522920358953,0.33670769391716987,-1.3480768460583104,-2.746230217442383,2.5755053462330912
0.014910638041396434,-0.011081404649783994,0.0017798957747739098,0.008082485189463959,0.33497734845010374,-1.3306016010049315,-2.7384730555486185,2.544559303760266
0.014876144037403229,-0.01110599246222428,0.0018432449708451488,0.0081267769855671,0.34740131174374705,-1.3764069629748275,-2.7443126390925947,2.618515880623863
0.014891504528972041,-0.011101358959411724,0.0018242201827659255,0.008101809548844506,0.3365788573979607,-1.3654652043239466,-2.7341338732603826,2.593181025551525
0.014872644766016243,-0.011121308603469408,0.0018687640937703062,0.008120946661009666,0.3477533501458676,-1.3938641470335942,-2.7319895477930842,2.6361324473231127
0.014888083321036078,-0.011116720670756796,0.0018496171987159784,0.008095921643639646,0.33659109141947785,-1.382793077199029,-2.7218596831329163,2.6107526853498033
0.014869097381817619,-0.011136613692675214,0.0018942952203232853,0.008115029147778733,0.34668622818450395,-1.4113559260657327,-2.7195312726752423,2.653731208005295
0.01488461880383665,-0.011132091390109221,0.0018750170830396115,0.008089932239998819,0.3370373807517331,-1.4000366838848468,-2.7094688986067257,2.6282632957850165
0.014865501922029584,-0.011151907568655757,0.0019198100836843675,0.008109030893400891,0.34583914800429794,-1.4287835190100804,-2.706978007623187,2.6713278096641986
0.014881069064714113,-0.011147459522796853,0.0019004362216151472,0.008083922454645025,0.3376700090545111,-1.4171842461635276,-2.6970111457406456,2.645740085674268
0.014861858424551648,-0.01116719007004694,0.0019452955067519883,0.008102954929076192,0.3456817241163281,-1.4460902357171175,-2.6943390436933026,2.688889341344917
0.01487743790581955,-0.011162813696760475,0.001925858824963863,0.008077892846914908,0.3381815865035318,-1.4342427103167041,-2.6844818827353323,2.6631649785808347
0.014822790206067778,-0.011319353867715836,0.0021989304943901035,0.008037832734671874,0.3469515916732682,-1.6131429784947118,-2.5622680073500606,2.859823047759404
0.014838352637102486,-0.011315508217458534,0.002178850042035658,0.008013565664123251,0.34101100042905275,-1.600950311823512,-2.553595571788968,2.8333398540188024
0.014826911844453403,-0.011304194021561008,0.0021736369333577,0.00804470954152081,0.3479191679423819,-1.5967263144824455,-2.5759631341552125,2.8430240155037314
0.014818620992578935,-0.01133450055446882,0.0022241716300785874,0.008030884978289443,0.3475707844175557,-1.6293439559104321,-2.548520834012008,2.876530199485399
0.014834142523023295,-0.011330682896814513,0.002204033338101524,0.0080067839187231,0.3413892475834668,-1.6171408172631516,-2.540000401372971,2.8499423420031835
0.014829891469047706,-0.011345842540951154,0.0022291905073679153,0.00799991148889081,0.3413600274823221,-1.6332765862635696,-2.5262829068182473,2.86645973551127
0.014858166927964265,-0.011182461035313321,0.0019707607851026498,0.008096799021036815,0.3455481513188687,-1.4632714144280514,-2.6816003959969983,2.7063877668661966
0.014873744823496732,-0.011178150873810853,0.0019512661605749668,0.00807181074787164,0.33859977728611895,-1.4512244313869547,-2.6718624059196965,2.680518650678238
0.014854427471532412,-0.01119772030275495,0.001996212481800568,0.008090561637871294,0.3450409921788639,-1.4803149791936496,-2.6687592720994275,2.723817006493761
0.014869990742461913,-0.01119346837134431,0.0019766528202937307,0.00806567689683556,0.3390778516105028,-1.468134648730402,-2.659158489865462,2.6978057526718597
0.014850640095209082,-0.011212967710514188,0.0020216376564342825,0.008084246067685765,0.3447693127581511,-1.4971792056135493,-2.655832992003524,2.7411661868915203
0.014866164913879557,-0.011208758795399948,0.0020020173994807137,0.008059516339356877,0.3395933711958424,-1.484973837649097,-2.6463892580616357,2.7150390193961207
0.014846804839638697,-0.011228203096582517,0.0020470161425144863,0.0080778574512087,0.34576421371812077,-1.5138485725077373,-2.642832066777311,2.7584022191608053
0.014862273594728442,-0.011224021929764296,0.002027357180090121,0.008053317988281917,0.3398953363121775,-1.5017518676399932,-2.6335417528009306,2.732216049372806
0.014842921746160495,-0.01124342629880737,0.002072351631006862,0.008071394950865812,0.3477410062324233,-1.5303958411824379,-2.6297311909710794,2.7754948344753676
0.01485835164519051,-0.011239272395232341,0.0020526657160820174,0.008047009006226478,0.339831845392226,-1.518483354474651,-2.6205597995884293,2.749308201124649
0.014838990856811767,-0.011258637154898948,0.002097670587860957,0.008064851821651457,0.34928789485138,-1.5469362891689935,-2.6164925025144226,2.7924564385915787
0.014854428336868045,-0.011254525499315776,0.0020779377539998927,0.008040527083254027,0.33963245802802855,-1.5351644781090286,-2.607403276042256,2.7662899068247726
0.014835012214331098,-0.01127383550243706,0.0021229915819174776,0.008058223171608054,0.349710961053449,-1.5635291674073268,-2.6031059776721643,2.809338063297814
0.014850495648021806,-0.011269785069629147,0.0021031814797367794,0.008033884098213243,0.3396176510903974,-1.551770205793453,-2.5940869903299646,2.7831661669010086
0.014830985862161488,-0.01128902117887793,0.0021483164085324743,0.008051508389513901,0.3491562801734644,-1.5801523845667245,-2.589587529166104,2.8261881742489625
0.014846523172695032,-0.011285045822153741,0.002128413548427146,0.008027137077872613,0.33988285973821203,-1.5682761600675563,-2.580651853397615,2.7999567466112603
0.014842481919968809,-0.011300293851710061,0.002153639836005379,0.008020347374733346,0.34039450628611106,-1.5846695038465126,-2.567142010890717,2.81667736535486
0.014934093656144337,-0.011046054121624403,0.0017100163951228218,0.008065994925744195,0.32980379639408364,-1.280617139409376,-2.7518423261796685,2.4787745367943512
0.014930602657737498,-0.01106156538122941,0.0017355012909784377,0.008060889264879736,0.3301714975968942,-1.298168020056724,-2.740393425796357,2.496792352907829
0.00611955261479807,-0.00677932187294445,-0.00526854439332214,-0.006347984138110495,0.28792343461994047,-2.6980061813936715,-0.030535369907095444,3.8401317844813794
0.006132933864247772,-0.0067389571007097845,-0.005298472127470277,-0.006283389232769921,0.27388494512786404,-2.6827474224585064,0.015587102421350155,3.8081511972563047
0.006123771602003333,-0.006751717742920691,-0.00528052464532934,-0.006301601174075771,0.2783058032346688,-2.6837590282887382,-0.0036870250053598944,3.8106957243776556
0.006113736263375574,-0.006763639268979843,-0.005261064322620353,-0.006317830715850971,0.2824523569241088,-2.683339136055979,-0.023196453789708544,3.81050710264051
0.006109121870838983,-0.006791449335391987,-0.005248056292946612,-0.0063642660922351635,0.2921421077525219,-2.6970965923204315,-0.050862709574059424,3.83916211031854
0.00608950238512792,-0.006816431614183789,-0.005208770567053662,-0.006398300182109508,0.30081429467310045,-2.6961199872963255,-0.0910104519050588,3.8392853313805397
0.006099203376689168,-0.006803962642387013,-0.0052282786404623145,-0.006381334527067587,0.2964848256273563,-2.6966351378594777,-0.07104118505425754,3.8392205005584414
0.006051898566087693,-0.006836796304705715,-0.005138944534648668,-0.006414445233036754,0.3073026937341383,-2.67618945524975,-0.1431103578458268,3.8028067160904953
0.006062666206487855,-0.0068249411602089825,-0.005160282849896356,-0.006399507496801709,0.3033561659189287,-2.6784882956584055,-0.12302684605397825,3.8059877249424248
0.00607324105281681,-0.006813536560680135,-0.005181098404982686,-0.006385109784580009,0.29954003426505343,-2.6806841373059416,-0.10346882484145692,3.8091206262956567
0.006041293701185876,-0.006849119968127641,-0.005117680182155843,-0.006430129873379057,0.31138450173381976,-2.674083934500077,-0.16344018758883183,3.8001574520563177
0.005805932203939586,-0.0072263083069145015,-0.00456755836624123,-0.00690669683322961,0.42825344819557914,-2.6006523694417987,-0.7200247368381724,3.7473494879059
0.005771282512775574,-0.007279259489838541,-0.004480405627567136,-0.006963835455047217,0.4417088990984864,-2.575462272271651,-0.7974803124664804,3.7181772871334964
0.005779822076940545,-0.007265995842336316,-0.004502155425650617,-0.006949627383513257,0.4384491752831506,-2.581924608432519,-0.7782426322937522,3.72563503677473
0.005797144500735321,-0.0072394738036469135,-0.004545754540859751,-0.006920982330610043,0.43162185209300213,-2.5945063125872703,-0.7394668287094427,3.740183372395055
0.005788406543228808,-0.007252704465714524,-0.004523898546144997,-0.006935267299123071,0.4350557787365314,-2.588227854291071,-0.7588859640513103,3.732878912106336
0.006010742629222223,-0.006915728700213998,-0.005046765746249707,-0.006527804565643066,0.33410101733499986,-2.683182597917011,-0.2516078002509872,3.8266502121890587
0.006020160120627608,-0.006903345551847118,-0.0050666513731988175,-0.006511902933706043,0.33002975939257584,-2.6851655813508906,-0.2319288666571828,3.8285628648408614
0.0060294267033695614,-0.006890744023892417,-0.005086229366245399,-0.006495409946512934,0.32586125704635455,-2.68669373605092,-0.21216520663393632,3.8296710028018253
0.005898870776465858,-0.007039823331132756,-0.00481268992660204,-0.006668182424407284,0.3710226272988719,-2.635274284596985,-0.4587670792113841,3.759943439755663
0.0058550401951541434,-0.007106951336947756,-0.004710254845656761,-0.006749046243094879,0.39073744057938836,-2.6169484557283336,-0.5575896667933422,3.74206694600804
0.005872506863212303,-0.007081406846694647,-0.00475087580424786,-0.0067192181749136815,0.38349456191390247,-2.625294057413158,-0.5195957293691652,3.751148806330174
0.005859585346774748,-0.007091991397326117,-0.0047247498965318985,-0.006727681575809224,0.3857190422054716,-2.6163903867685367,-0.5384737526454063,3.7371208205687414
0.005888332005811322,-0.00705167240366069,-0.004790175295857745,-0.006680821521217717,0.3742828124244108,-2.6297170282336313,-0.4779377523854657,3.7522406981299183
0.0058764188736151815,-0.007065652513920412,-0.004764389661482778,-0.0066958997397126,0.3780842388676664,-2.623436586444022,-0.5001005027563349,3.7437748893991025
0.005973542908284099,-0.006936403707236712,-0.004976739158981701,-0.0065413360477213625,0.3394967817639276,-2.6597357782753392,-0.3009370632200372,3.785428475193417
0.0059945923075281566,-0.006913026053571005,-0.005019941341950807,-0.006513866889432416,0.3322727808712022,-2.6671659126117118,-0.26188813471742917,3.7957096546878843
0.0059841858380755885,-0.0069244364146922414,-0.0049986679489919745,-0.006527268117931505,0.3358077833620068,-2.6635173073950527,-0.2810861202826187,3.790601493091819
0.00596300479568668,-0.006948961220753724,-0.004954707367425239,-0.006556317103105226,0.3433673347713028,-2.6561254853443095,-0.3212326914328136,3.780781798241445
0.005952549147145131,-0.006962136664488726,-0.004932505692917351,-0.006572238225885991,0.3473918621581657,-2.6526600626248613,-0.34203385780107937,3.7766230336081734
0.005943646648493825,-0.006975975176021048,-0.004912566713858522,-0.006590081992474561,0.35178954729699047,-2.6507080535941223,-0.3623658341179876,3.775552839348967
0.005907663790057429,-0.007027586323989344,-0.004832388128612298,-0.006653606356225471,0.3674302027818532,-2.6388232787517265,-0.4401778934757255,3.7638616874196607
0.005916524347352188,-0.007014953151613416,-0.004852263163743501,-0.006638284775818847,0.3636232595587782,-2.6420772819394682,-0.4211400479260505,3.7672344183042425
0.005925476531316439,-0.007002079092416614,-0.004872282092153902,-0.006622492558361664,0.35977203404698166,-2.645127715689157,-0.4017283161958232,3.770259198562617
0.005934457149594267,-0.006989118089970522,-0.00489227165580937,-0.006606439400906792,0.3557875551045337,-2.647958707678893,-0.3822361188296934,3.772956249494196
0.005893146004108979,-0.0070267650068712465,-0.004808600712947083,-0.006642750758643205,0.36565945849529813,-2.624735951035397,-0.44834693913604984,3.7372321629258787
0.006030728195310115,-0.006861928907716273,-0.005096257518088766,-0.006446522186796283,0.3155771366859183,-2.672062150259508,-0.18415414983475567,3.79783609658311
0.006021422641581936,-0.0068753423351796865,-0.0050767173435469085,-0.006464492063813093,0.32005504331258283,-2.671243955454727,-0.20435592361368157,3.798008412730588
0.00582438018569549,-0.0071710604838157435,-0.0046279640762112925,-0.006831403684775319,0.4100275422693272,-2.6058173809693055,-0.6460606423543686,3.739167084897733
0.005798001027714276,-0.007211799913128117,-0.004563064366521107,-0.006877194803854556,0.4209492253289345,-2.589483286039691,-0.7054861070305624,3.721116689472612
0.005806449156927705,-0.007198312483838448,-0.0045841988205106545,-0.006861962697545232,0.41731266044531273,-2.594811689557926,-0.6859842202830412,3.7268450627889265
0.005815143942800998,-0.007184613985646525,-0.004605736718885226,-0.00684643538253743,0.413619241819082,-2.6001292692797837,-0.6660837676313492,3.732584423298885
0.005842378990281827,-0.007116926011434482,-0.004684742341442809,-0.006756390474038565,0.39262812355768223,-2.607750178885201,-0.5754056244470286,3.7274892873707595
0.005837374364899067,-0.007131868314713572,-0.004669231969784546,-0.006777178942008645,0.39752749997511916,-2.607427843981447,-0.5948220578237123,3.7309737750422336
0.005816557201292066,-0.007154783506765186,-0.004623805524951334,-0.006799230319229123,0.4029424419295631,-2.5934975675703646,-0.6309602819592982,3.7113780683587763
0.005827056720634688,-0.00714168087149759,-0.0046475243551592086,-0.00678566826855381,0.3995982897859436,-2.6001597928442988,-0.6110437051542742,3.7201111031407517
0.005712663980020206,-0.00740041540111241,-0.004307248373476915,-0.007103672009185527,0.4721121903035806,-2.5290797259037414,-0.9639491934061697,3.676209191469386
0.005720466944757862,-0.007414347890939333,-0.0043093841570529,-0.007132409115896944,0.4818522881555596,-2.5356240118560764,-0.984684333003797,3.6977793956736704
0.005712941251576603,-0.007372946122382211,-0.004327265201517689,-0.007061787661506812,0.4638486902431498,-2.526441403321218,-0.9303786779146436,3.6615564845607396
0.005704711819208269,-0.007386344915497966,-0.00430517701941615,-0.0070753186957245,0.4667533316374923,-2.5187798713541443,-0.949015110068884,3.652586131282639
0.005754038112598986,-0.007305870925653007,-0.0044363171731132515,-0.006991815716481623,0.4482484559360303,-2.5617868350967403,-0.8358692973316121,3.7021552582232116
0.005762653525219349,-0.007292514174781915,-0.004458428230317231,-0.006977812146942298,0.44493152016975906,-2.5687052902235377,-0.8166619695313612,3.710257972976184
0.0057543667642343905,-0.007278092679126116,-0.004454350162715282,-0.006948296194023562,0.4374735906963814,-2.5581747482097543,-0.8011545781074326,3.6846727642339707
0.005721133559990551,-0.0073596044685058475,-0.004349168678993837,-0.007048169288832122,0.4609226667793464,-2.5338786384363883,-0.9117341800334516,3.6702166230294764
0.005729278983886085,-0.007346249853435213,-0.004370918966256062,-0.0070343490943292905,0.4579500880265213,-2.541073493567269,-0.8930033990683405,3.6785070007407756
0.005745619071082474,-0.007319341538883205,-0.004414347547048157,-0.0070060153025473726,0.4516064630836086,-2.5549033658060973,-0.8550584727962715,3.694233911198316
0.005737405782213972,-0.00733282633096596,-0.0043925938758774775,-0.007020264818250029,0.4548575904708901,-2.548045273215047,-0.874117716730856,3.6864445213153787
-0.005581171262969615,-0.007660352036567373,0.003899360020614076,-0.007364580455674019,0.5287373634837232,-2.368363612966722,1.312754369490846,3.500182788050445
-0.005572626699873893,-0.007646773692664331,0.003899523556480013,-0.007336597671053771,0.5184189137660614,-2.3646173924882734,1.2899637521155956,3.483586684062836
-0.005573842953947663,-0.007674245540973594,0.003876204109831597,-0.007376794331078646,0.5309323736829508,-2.3578147226151125,1.3300853815643674,3.4876796603944107
-0.0055652508311912,-0.007660668764232982,0.0038765015216640285,-0.0073488305680612645,0.5205993713099678,-2.3542399761928614,1.307172787292023,3.4713545555831318
-0.005566558325275475,-0.007688162004634453,0.0038530048717916967,-0.007388938127016978,0.5333390277562984,-2.3471241093419892,1.3473288558063603,3.4750350619858694
-0.0055579118585773885,-0.007674607366392652,0.003853414813489574,-0.007361011948881532,0.5225788516535522,-2.343728469163935,1.324300274737025,3.4589603833871365
-0.005559317447314378,-0.007702101293295658,0.0038297734353200355,-0.007401005980418291,0.5353372338577634,-2.3363187249165707,1.3644568949948603,3.4622469461151657
-0.005550620979873445,-0.007688582746439088,0.0038302830860874166,-0.007373143861816531,0.52453476818606,-2.3330877783811967,1.3413532564627948,3.4464241602632772
-0.005552120389927699,-0.007716063272701482,0.0038065100037361563,-0.007412997783964866,0.5369470169759247,-2.3254062100749437,1.3814648795421889,3.4493008329399104
-0.0055433761213451145,-0.007702575900523951,0.003807120363310572,-0.0073851991360904526,0.5265387305361662,-2.322325634733921,1.3583028907682346,3.43374565898007
-0.005544967222482057,-0.007730047808600201,0.0037832088102279227,-0.007424916525776721,0.5385170842089503,-2.3143686050731165,1.3983678383267766,3.4361876660127986
-0.005536170912783679,-0.007716579436049264,0.003783925462866027,-0.007397161516222473,0.5285149573537647,-2.311449547723514,1.375127660303306,3.4209195448186835
-0.005537858013848691,-0.007744054766749506,0.0037598661843723387,-0.007436764067544327,0.5401334786089127,-2.303182664727183,1.4151805000484794,3.4229080107778933
-0.005529002146994036,-0.0077306015009866525,0.003760687240030667,-0.007409038397377987,0.530405178879983,-2.300462527998754,1.3918304587063395,3.407944202196773
-0.005593785511044749,-0.007577388322117715,0.003990770843711914,-0.007258584081579586,0.5037345498993872,-2.3969944309311493,1.20260473770207,3.5095296866426993
-0.005586104935444094,-0.00759120626940828,0.003967909997045217,-0.007271056923219908,0.5060967589551774,-2.387216028820298,1.2200526919629109,3.497954035049912
-0.005578606399400096,-0.007605153127273459,0.00394511567403989,-0.007283741932653549,0.5084846779484723,-2.3774406838338233,1.2375437978311477,3.4865208129406846
-0.005571250425395404,-0.0076191019422271146,0.003922437489541265,-0.007296421016929453,0.5107359433917761,-2.3676398903438685,1.2549263384684446,3.475116339002892
-0.005563888289270021,-0.007632976709635202,0.0038997337805421538,-0.007308844118110987,0.512813294834923,-2.3576736441527846,1.27209564018664,3.463437758241625
-0.005530792832404855,-0.0077580840129219475,0.0037364759451525118,-0.0074485434883954085,0.5421461848593406,-2.2918291946604614,1.4319174569801885,3.4094837041306625
-0.0055218691919338,-0.007744652833870062,0.0037373953897056173,-0.0074208426017279535,0.5321692007975272,-2.289362837309032,1.4084229772700338,3.394814661895953
-0.005523771746035272,-0.007772135412910413,0.003713036060119393,-0.007460255759410693,0.5449636871320717,-2.2803136388611107,1.4485773196921157,3.3959601714998624
-0.0055147820287480345,-0.007758745341536991,0.00371405162842444,-0.0074325987777139725,0.5337063791708837,-2.278142621228678,1.4249313481448842,3.381534204806513
-0.005516794822133637,-0.0077862088325336065,0.0036895651828490715,-0.0074718915604182964,0.5476515871339709,-2.2686947597516878,1.4651150461090987,3.382358895086144
-0.005507763663856445,-0.007772882280992668,0.0036906806507656657,-0.007444334467929719,0.5350979912758073,-2.266796445886992,1.4413897591246865,3.368136183152405
-0.005509862126966205,-0.007800304138943855,0.0036660834839540098,-0.007483440960986067,0.5488851096812274,-2.257043542252042,1.4814797619372353,3.3686407110707903
-0.00550297372456129,-0.007814421202973038,0.0036425816481130274,-0.007494908647969384,0.549110405013599,-2.245362497067419,1.497679487597863,3.3547516499350896
-0.005493913815519628,-0.007801191330782644,0.003643920568342279,-0.007467604473238159,0.5385348183538631,-2.2437400073608003,1.4740366631196944,3.341012717654142
-0.005500817940746801,-0.007787040631749383,0.0036673072750535783,-0.007456025543058809,0.5366764032587402,-2.2553271040480425,1.4577814015724255,3.3546404453527274
-0.005496129685063256,-0.00782855988196046,0.0036190350955240904,-0.007506306671452827,0.5497156545784115,-2.2335851301272016,1.5137658988262859,3.3406791182243176
-0.0054870250700511216,-0.007815332665702574,0.0036204920108714755,-0.00747904229894169,0.5403678864054067,-2.232042827285179,1.490112420404299,3.3272171638686996
-0.005489330079069644,-0.007842720031054358,0.003595434612055831,-0.0075176394581062235,0.5511628391449044,-2.2216491954143356,1.5297735336318545,3.3264468865575783
-0.005480158350914674,-0.007829486147591063,0.0035970107087078484,-0.00749037160073941,0.5419178592686543,-2.2202433561033312,1.5060313603567062,3.3132623064699103
-0.005475864446977091,-0.007871104159928416,0.003548107181018785,-0.0075400920774660275,0.5547790420077373,-2.1972740791174856,1.5615295821129596,3.2975913223588456
-0.005469198559067849,-0.0078853278497963,0.0035243951876213707,-0.007551204680720806,0.5562179578054636,-2.184871923504102,1.577252984659114,3.2829767465762973
-0.005459860004630443,-0.007872137032696088,0.0035263374501852784,-0.007524027477608578,0.5456118950841374,-2.1842728146561368,1.553184842113201,3.270691967294106
-0.005482574976576023,-0.00785690150535659,0.003571788299985787,-0.007528903035541846,0.5530202733257059,-2.209539594322341,1.5457002844052097,3.3120808015778636
-0.00546656952313668,-0.007857888756149043,0.0035499261684003532,-0.00751285800055409,0.5444146558542923,-2.196357777695351,1.5375585504820144,3.284989039818442
-0.005473335297698848,-0.007843670432454762,0.0035734846835075427,-0.007501637421457693,0.5432179884103867,-2.2083472596085887,1.521839190716298,3.2991789831945826
-0.005721101465366955,-0.007359324637257889,0.0043493094963909665,-0.007047709070514128,0.46073165292377966,-2.5338810024799585,0.9113919864241166,3.6699526471526656
-0.00572936999121747,-0.007345871671551319,0.004371312822306992,-0.007033838413029166,0.4576495081041308,-2.5411878906582612,0.89250960504005,3.6784202129689594
-0.0057377099388264624,-0.0073324581774835175,0.004393308174620373,-0.007019945878452499,0.4545010744864459,-2.548382035986275,0.8735703717554671,3.6867758992875905
-0.005746091338871078,-0.00731912962134849,0.004415220533313818,-0.007006077362239452,0.4513616257276616,-2.5554402739270246,0.8546349946132811,3.6949905357988277
-0.005754460975484489,-0.00730585342234213,0.00443698932629797,-0.006992137999444105,0.4482316406945364,-2.5623015758474033,0.8356838113883924,3.7029396986102996
-0.005746129376611454,-0.007291509942120856,0.004433001496888284,-0.00696273428469777,0.4407586956277116,-2.5518314108912326,0.8200997161971181,3.6776281029859175
-0.005754260511688589,-0.00727804536778475,0.004454212622577944,-0.006948135235777795,0.4374146582566342,-2.5580354447625457,0.8011281576416805,3.6844627182359386
-0.005762577178827648,-0.007264467663877185,0.004475684357081919,-0.006933367502891086,0.4340163932149302,-2.5642127970606228,0.7818966015415961,3.6912986026899834
-0.0057710955675855545,-0.007250902835454363,0.004497365041207797,-0.006918639056861628,0.43061011861738246,-2.5703974346005705,0.7625490875196744,3.6982468615004422
-0.005779801281815745,-0.007237384951612479,0.004519214400266754,-0.006903989320151919,0.4272044041582587,-2.5765806960020368,0.7431254491324396,3.705302971683178
-0.005807149196100445,-0.007197904957579659,0.0045855498451942735,-0.0068618407890663645,0.4172945594107818,-2.5954118639424912,0.6852005439228691,3.727916153530759
-0.005788752928502249,-0.00722395399280249,0.004541307724657161,-0.006889524665193707,0.42382771755045806,-2.582829121018788,0.7236440140164621,3.712605708483777
-0.005798005266988264,-0.0072108306260318675,0.004563614925167602,-0.0068756386134523175,0.42056002827882555,-2.5892483941121154,0.7043297757802226,3.720425079119465
-0.005851524697913799,-0.007131765362698394,0.004692428813021405,-0.006787233370082052,0.39931223069546956,-2.6214688167700886,0.5873967598396659,3.757296866157396
-0.005815800940444157,-0.00718470817402371,0.004606748787990445,-0.006847086500955018,0.4137591148323578,-2.6008120338784426,0.6658853474679584,3.733971589650377
-0.005842395524087105,-0.007144665862662385,0.004671006919536126,-0.00680171726254511,0.40285928202277604,-2.6163148493827912,0.6068119200816353,3.751243370390877
-0.005824329042570957,-0.00717116363582414,0.004627830338473714,-0.006831534426353407,0.41003366362096844,-2.6057931099438307,0.6461696778775415,3.7392223981636694
-0.005833228412839175,-0.007157719021567389,0.004649352697212539,-0.006816279421030277,0.40636107007704986,-2.6109653616555266,0.6263583829274298,3.744960718718643
-0.006127517520989527,-0.006695136360937801,0.005294895249026081,-0.006204896295935521,0.259105288752477,-2.650226868759485,-0.044344928556474594,3.7430244540020055
-0.006138289767686201,-0.006680956732756985,0.005315151796922448,-0.006184760736658172,0.2542498789982421,-2.649005483579766,-0.0655303861799359,3.7403776878246506
-0.006116526745397577,-0.006709148979932988,0.005274125285409413,-0.006224505268354572,0.2638702360169864,-2.6509391840639362,-0.022966248244471386,3.7448086070288196
-0.006075373967729028,-0.006754875627365109,0.00519623424806983,-0.0062850135183209685,0.2791939043476908,-2.6473989457921463,0.051748273029386095,3.7402061099367443
-0.00610424350430508,-0.006726159783571994,0.005250537301803962,-0.006248566455901564,0.26963698447591383,-2.6523004292469525,0.001990371287480544,3.7481061496436507
-0.006087457894880943,-0.006740945054548869,0.005219340643944431,-0.006266588535862039,0.27455556652185326,-2.6484340548628396,0.029408500164397566,3.7413536329822645
-0.0059061314216597716,-0.007054985792374011,0.0048183649493402985,-0.006698306674698207,0.3773686492293105,-2.6482341401523346,0.4705747964795249,3.7878900461359133
-0.005926494303529005,-0.0070304776171015914,0.00486272985545618,-0.0066708111586600465,0.37041396708431296,-2.65806129184876,0.4311231681814825,3.8008167063308176
-0.005915553064265527,-0.0070417490057784375,0.004839725620722116,-0.006682480283121778,0.37343126887947103,-2.652128504724015,0.45029220527028196,3.792146547363554
-0.0059220598579173035,-0.007015802521918575,0.004861183739488303,-0.006643291443554066,0.36441118503256353,-2.6477445486494693,0.41831546365511185,3.7780680576506946
-0.005928618204587708,-0.007003093595763598,0.004877155811208385,-0.006626201339352464,0.36032733625737906,-2.6485742176935054,0.4006055489918156,3.7769302126500137
-0.005937472935256404,-0.006989549721991973,0.004897176021968306,-0.006609064643230988,0.3561299655201731,-2.651017802319212,0.38052901938267164,3.778771504291084
-0.005955410311027062,-0.006963007931124185,0.004937026556428804,-0.00657545710617029,0.34786321008009186,-2.6557337736719746,0.3407890609220514,3.782556323102311
-0.005946565988796858,-0.006976182248484205,0.004917407362800579,-0.006592241521309899,0.35199059312508235,-2.6535547687381507,0.3604519102673987,3.7809270625819127
-0.005950222626294293,-0.006948811970853954,0.004933198579113636,-0.006548390868758138,0.34233633030787475,-2.6444094881914197,0.3301437816725763,3.758597078541142
-0.005956669525459046,-0.006935947587320868,0.004948380723558428,-0.006530584446034534,0.338101524369522,-2.644243931394026,0.31275058727306765,3.7560347607954934
-0.006048380319751129,-0.006820485878723945,0.005136667251942917,-0.0063845648709783655,0.30138887299380795,-2.6639104842638415,0.1315081142860242,3.7774803181434593
-0.006055826222929643,-0.006805715547770936,0.005152726243879636,-0.006362929885784208,0.29633283889531153,-2.661614629585761,0.11206964848419723,3.771626228797172
-0.006065761691008247,-0.006769708042638905,0.0051770501808176906,-0.006305965181359335,0.2841376714871701,-2.648611388909717,0.07263920964885874,3.74359206643
-0.006059107805950741,-0.006786146782887997,0.005162436984599447,-0.006330960252733934,0.28969845000734656,-2.6529299051778845,0.09237821323394213,3.753212704095841
-0.00603331393912534,-0.0068289630868385,0.005108884038731808,-0.00639139340433808,0.30383991517764436,-2.6560330952612965,0.15195201639887526,3.763292153925818
-0.005964137482676333,-0.006922223926144239,0.00496543084451257,-0.0065118439111513035,0.3336765505768033,-2.6444138838196456,0.29383948907158275,3.754053476705684
-0.006022183879456072,-0.0068441815130892,0.005086162476633981,-0.006411599399415965,0.3088405931105636,-2.655005310570631,0.17493540133422833,3.76307014511208
-0.006012416254675426,-0.006857678841818552,0.005066048058829432,-0.006429426287654867,0.3132142973862632,-2.6539487351501485,0.19526336548170822,3.7627144533067853
-0.005973170696401415,-0.006908502598610612,0.004984979942560049,-0.006493901613459624,0.3293208636797597,-2.6457824872211897,0.27382086980564013,3.7544373961063617
-0.0059829583382260245,-0.006895328863869429,0.005005508130194478,-0.006477180539126365,0.3251769643536217,-2.647875767864846,0.25377185568405564,3.7563830506076354
-0.006002835793917764,-0.006870395753353012,0.0050463342180539295,-0.006445892052593555,0.3173159716696021,-2.6524236997895803,0.2147375521060996,3.761473809280988
-0.005993000666114102,-0.006882755690296313,0.00502617858474122,-0.006461480361502638,0.32122953520186104,-2.6502861886634026,0.23408329461812624,3.759122077663817
-0.0058972193522545445,-0.007068029674261252,0.004797830160870154,-0.0067140137737103115,0.3812579117252401,-2.6445505168662584,0.490314171733733,3.7840875344559386
-0.005888146347144512,-0.0070806865764310575,0.0047770932638289965,-0.006728830632234589,0.38493649023908,-2.6403654496048614,0.5096931652923992,3.7793347147794196
-0.005878932154104027,-0.007093279581218037,0.0047560536116601415,-0.006743307427094153,0.3885488021892271,-2.635824052166976,0.5290323853694816,3.773983175980377
-0.0058697396534341745,-0.0071060029720397995,0.00473489713976554,-0.006757875504511033,0.3921190979155747,-2.6311476691393705,0.5484549985364188,3.7685052102335312
-0.005860614637229553,-0.007118854466095857,0.0047136960890957645,-0.0067725636575636195,0.39574172032966093,-2.626382564628505,0.5679268985784084,3.7629858117146306
-0.005679681810336019,-0.007426714000944512,0.004237758474756497,-0.007115003797510499,0.47544323239517033,-2.4943831117996873,1.004595419182273,3.623463675851679
-0.005712883101025281,-0.007372782559859741,0.004327288401347718,-0.007061485973050767,0.4636941045319017,-2.5264307454945842,0.9301851644114388,3.6613104088874517
-0.005704567654415893,-0.00738617927468671,0.004305072375393079,-0.0070749398487230135,0.4665431733048739,-2.5186762021385705,0.9488398767239058,3.65216936867034
-0.005696140802307882,-0.0073995518779769,0.0042826191775126666,-0.007088114024353209,0.4694017244911542,-2.5106138558049262,0.9673884829751644,3.6425302104104555
-0.00568780541849778,-0.007413058593638606,0.004260125884782132,-0.007101425950435118,0.4723916011712434,-2.502474388022604,0.9859737965233702,3.6328827392071967
-0.005584944387745361,-0.007563175811444951,0.00399007212025201,-0.007229774263749937,0.49611551792739167,-2.390303746340487,1.183407970125412,3.488947024908969
-0.00559272416001066,-0.00754967498766296,0.004012527885020986,-0.00721765063155129,0.4939086323458035,-2.399741886495,1.1664065119199007,3.5002540152155106
-0.0056004224573642436,-0.007536112236193746,0.004034842325093358,-0.007205219270269074,0.4915924744370343,-2.4089434377003074,1.149199020016866,3.511149690981093
-0.005608129608989681,-0.007522469005825536,0.004057155415146392,-0.007192537879003155,0.4891940764281541,-2.417999422372624,1.1317687847858593,3.521801442847153
-0.005615633531359143,-0.007508654748781939,0.004079224861273209,-0.0071792762836103904,0.48659872950621613,-2.4266955418751905,1.1140080712571427,3.5317576246611977
-0.005662679819222106,-0.007426057542483513,0.004212536552893376,-0.007098966484991912,0.4703857785935495,-2.4771593673081003,1.0055291714268286,3.5901255945892836
-0.005655097050488,-0.0074399953531564,0.004190802715066476,-0.007113199516236165,0.4733785361394867,-2.4694660186168416,1.0240567213580378,3.581629049792021
-0.005623192267353051,-0.007494751254918494,0.0041013542156868935,-0.007165791614759903,0.48393990383656066,-2.4352776284620883,1.0960327588817862,3.541535079074072
-0.0056311254459504535,-0.007480959657610244,0.0041238580831471595,-0.007152669702930507,0.4813627460239452,-2.4440521508506454,1.0780838616895592,3.551819806271386
-0.005639314781412936,-0.007467355259314433,0.004146514100677993,-0.007139911883181654,0.4788479280376094,-2.4529006781412224,1.060241361426108,3.5624171528720177
-0.005647411520066939,-0.007453775972861278,0.0041689333017853195,-0.007126962335047954,0.4762381573411288,-2.4614806600729238,1.0423144034202905,3.572594783119031
0.00858132593522847,-0.004847592137507923,-0.007594595061069616,-0.0020761349046104255,-0.029744800441119146,-0.7406864706931159,2.1820059777728686,1.3730081224110344
0.008535162192867792,-0.004838434697978737,-0.007549440952834865,-0.002125507574883796,-0.03490766957223973,-0.7822677969997612,2.1503748217972007,1.40843241660596
0.008487599507590319,-0.004836225866380138,-0.0075094374827900665,-0.002180757898334827,-0.04043059673731924,-0.824716450699459,2.1225707917376186,1.4474987046176226
0.008412881410115185,-0.004867897073084561,-0.007479595433486465,-0.002294744471624185,-0.05127216087240281,-0.8937914843048612,2.1040986664320354,1.5257443345748358
0.008443531227580778,-0.0048375729427044345,-0.0074749248388332485,-0.0022337237037896992,-0.0454527179612601,-0.8636927323903387,2.09863273155372,1.4847035471081806
0.008367155773870307,-0.0048598385724669645,-0.007432643560297575,-0.0023404942498955954,-0.05501138166209848,-0.9324306599424216,2.070346767161235,1.5584638982733823
0.008311863362768323,-0.004860286247223175,-0.007384902307432348,-0.0024030510717970473,-0.05956868648275682,-0.979143691718206,2.036398254429054,1.6021551827873444
0.009053517593440063,-0.004629438632780689,-0.007667344585120073,-0.001333252676792046,0.06160668400355226,-0.2976949582072159,2.205115149320271,0.8638835368851595
0.009101398252030738,-0.004619916206692254,-0.007680887675285158,-0.0012655119628349528,0.07063153943370164,-0.2525335280437406,2.211849010939936,0.8169955884228887
0.009156109108893048,-0.0046286784702505475,-0.007715429860855946,-0.0011968099501591509,0.08216901863697894,-0.19891835115811096,2.233625252357521,0.7689001460135233
0.009244266587178526,-0.0045983720778781005,-0.007721228071744835,-0.0010653241299118448,0.10048896414031727,-0.11642381934741909,2.2314631288464715,0.6782981321711231
0.00919443380931705,-0.004595243950360851,-0.007697269415904552,-0.0011308471183870935,0.08980588593981718,-0.16499250714689767,2.217350217974524,0.7237237715961212
0.009445854245279455,-0.004458427096267746,-0.007645655927147136,-7.479547514179705E-4,0.1382331829749697,0.05929484019812929,2.160096468730839,0.4581103905784486
0.009376775118123818,-0.004467883778997972,-0.0076341796692394135,-8.417273490609527E-4,0.12457209805952021,-0.005188925325316561,2.1567597679470683,0.5236354926860356
0.009284894167553806,-0.004551742011124761,-0.007688366896219087,-9.926701779601156E-4,0.10812671351046439,-0.08247768683161107,2.2041826832296416,0.6283190003100313
0.009335434537780072,-0.004508344546508963,-0.007661798775346036,-9.097791509507601E-4,0.1173869399492833,-0.039219859442589246,2.1806038418724483,0.5708271334481322
0.009503481736568429,-0.004402848572024343,-0.007604782817627367,-6.573497526998529E-4,0.14734349223048462,0.10522493996822434,2.12504722224504,0.3944807694052596
0.008652366859794983,-0.004820990024322923,-0.007620083369309427,-0.001967778101127967,-0.017548688514498353,-0.6737361764750144,2.196708463740446,1.2984713192780024
0.008608316348259792,-0.004809546284133614,-0.007575862091135301,-0.002014111587740511,-0.02296269781265721,-0.713981914854247,2.1659077815162284,1.3319039543638584
0.00869243688234142,-0.004785980225873031,-0.007612451341828834,-0.0018924493313041554,-0.008940094071948653,-0.6355279071040066,2.1882490375123136,1.2477994912144854
0.00872638185960405,-0.004731075063743996,-0.007579439590625402,-0.0018122202429537158,-1.0446813833333082E-4,-0.6028854485989631,2.1609311273574296,1.1947088006279214
0.008828603044302616,-0.004733005022638927,-0.007647988167649216,-0.0016841126416866049,0.016384971412396962,-0.5075698915380459,2.205985043089346,1.104707665229123
0.008779805561484593,-0.0047315764791611105,-0.007615356668059109,-0.0017454704362554181,0.008215248297214603,-0.553314727986436,2.184646223175744,1.1477187650773641
0.008754312820167401,-0.004690739105216619,-0.007557059078152456,-0.001750754363445646,0.006744601021140157,-0.5765460982930867,2.142122110499417,1.1538773653742858
0.008861955176512405,-0.004694895455247629,-0.007629071940398891,-0.0016178770063302007,0.024043661140244785,-0.47678842921500747,2.189523891583924,1.0603546665995651
0.008911872159831498,-0.004660110176642081,-0.0076227160797828425,-0.0015334280957354977,0.03411543949049745,-0.43066214183762364,2.1814427312070426,1.0028310856450116
0.009007809861583808,-0.0046149340695629095,-0.007628946615853457,-0.0013852780812408734,0.05298365390737269,-0.3420833969930989,2.1795812042203835,0.9009760237148295
0.008949187107584687,-0.0046054919775477335,-0.00758790929409832,-0.0014551841144906515,0.042808391002287616,-0.39736786367688465,2.1527262237093776,0.9503997268114069
0.009552980402040003,-0.004334331307474758,-0.007548041391647759,-5.771530860338385E-4,0.15276393407890998,0.1400448132162189,2.0783543732080223,0.3375273254408531
0.009606627994515053,-0.004265137454347711,-0.007491304944650092,-4.94945642315855E-4,0.15841763723690508,0.17741527880743654,2.0310921778090214,0.2785653473139516
0.010080723839827256,-0.004331089063491899,-0.007594806952833628,1.0627828234630338E-4,0.2562403756673244,0.6288840439110572,2.067898127785028,-0.1364127216990377
0.010225208996988538,-0.004345263154809583,-0.007598306058229997,2.9551663637193286E-4,0.2859325691142491,0.7657005595914973,2.056560571167242,-0.26423536912370743
0.010145108215158337,-0.0042853114161874465,-0.00754566885873102,1.8680851324656616E-4,0.26153520305630223,0.6724884789665594,2.0254610570519413,-0.1942188578005739
0.01038191293724625,-0.004311025291663441,-0.00754072819767998,4.920601841060444E-4,0.3084499288068225,0.8926367716689587,1.9985360845942037,-0.39938755899253725
0.010447805560667076,-0.0042422459484936,-0.007460241492056941,5.605643440693605E-4,0.30667583616450067,0.9210596466375105,1.9329398317995021,-0.45028649056970993
0.010298630442350474,-0.0042743501864729696,-0.007518386795596659,3.8053717611400865E-4,0.287350420882489,0.8052162270742872,1.9904953889278507,-0.32677467797684817
0.01070640881795418,-0.004195409851811288,-0.007344846587446638,8.579092260397515E-4,0.33565956879654063,1.1103847294344138,1.8229637184508365,-0.6505245197659811
0.010955343767011398,-0.004207895086600612,-0.007259600174723627,0.0011474846664821035,0.3676493915266978,1.3028771753462645,1.7353594388958056,-0.8361427322305399
0.010858678658721761,-0.004173873973021352,-0.007269510693742635,0.0010247609007759005,0.34974316915647025,1.2151140105042673,1.7532016167866693,-0.7602776682612067
0.010773519864668232,-0.004159530386911158,-0.007288695448940884,9.22891260290532E-4,0.33662227721031956,1.1447165125195358,1.775847439704906,-0.6956222935175713
0.011325382161306722,-0.004133703226389405,-0.007005717073241617,0.0014986519180171414,0.38276269489925857,1.500304116823749,1.5209398385357509,-1.0567269269979633
0.011150654187660505,-0.004201514407721287,-0.007159476728133574,0.0013573005313547333,0.38514946738034356,1.432709314343979,1.6436339001316396,-0.9674078210037801
0.011223217349873124,-0.00412833618692666,-0.007058360766456025,0.0013936486369451066,0.3748460037822773,1.4362916784602258,1.5676117105926843,-0.9941556615845061
0.011045099095295422,-0.004143625520152902,-0.007161489087706836,0.0012160739017445731,0.3629845512801964,1.3300987065564598,1.657758860635589,-0.8834520948120709
0.010540042480538142,-0.004222714525167491,-0.007419682596094724,6.683769772037409E-4,0.3168893577662418,0.9897701454564355,1.894055381635955,-0.5239128799931413
0.010630248335456713,-0.004175371399291659,-0.007350178660850927,7.626803236542365E-4,0.3209805497043861,1.0416793158123336,1.8346651208478018,-0.5894327991917094
0.009841694602738347,-0.004372381910513751,-0.007631211471506175,-2.0820179865980702E-4,0.21388599058870497,0.41813683573029603,2.116570165085833,0.08178197228296825
0.009784096054500042,-0.004343364519453038,-0.007596248501647429,-2.808157233335138E-4,0.1988561575028142,0.35735356083241077,2.0955223590212984,0.13055792792642237
0.01000282341899992,-0.004302810208593513,-0.007567938701225336,4.902110134923321E-6,0.23712581197661614,0.5489019493984416,2.055151100965057,-0.06853639073899731
0.009914305524012179,-0.004326988718254796,-0.007590053449789355,-1.1021662719134182E-4,0.2231300214397667,0.4741960450741107,2.0795753163880293,0.011922075958923166
0.00974818266364872,-0.0042991710897948236,-0.007547790774825182,-3.218605965392471E-4,0.18789443692814342,0.31387537956241274,2.0622122260363955,0.1576973080085844
0.00968122983650387,-0.004275455884221808,-0.0075146960272359726,-4.0326708904676704E-4,0.1728780384796941,0.24736257670014708,2.0428007753584185,0.21431669360034702
0.00961282139110918,0.004372528572052918,-0.007599035630790702,5.082646392305869E-4,0.16711721106748323,0.202693101430818,-2.1118166009295614,0.2898578139092723
0.010296736825180956,0.00420086168995801,-0.007447320788451373,-3.676672239272578E-4,0.27499420780002576,0.7761984074808645,-1.9381177804216667,-0.3224878977060957
0.010219914667508361,0.0041568263306836165,-0.007414622202977683,-2.6877316889488634E-4,0.2556425240519893,0.6949523714609124,-1.920860388387122,-0.2573854741454748
0.010138445352680108,0.0041400744750152855,-0.007405518965069391,-1.6893168818140041E-4,0.2401609106192442,0.6199344173188396,-1.9213285043170387,-0.18968898126896183
0.009684642003548207,0.004350188803994538,-0.0075895129179455656,4.10983448905162E-4,0.17997049735012086,0.2655150141235528,-2.0988222044088967,0.22158565219059342
0.010086086811347275,0.004224175313578976,-0.007488914082411243,-1.0897026816999979E-4,0.2422057095931265,0.6003340721772662,-1.988719084369715,-0.14422530420229396
0.009985108921185946,0.004257637076040545,-0.007523121198069847,1.7500093408318537E-5,0.22830310434862197,0.5197276371962345,-2.023198238590194,-0.05520378678118614
0.009923754254019358,0.004301387660622573,-0.007564852346889764,9.686932583217501E-5,0.22208286605377725,0.47572284383493024,-2.059769123443038,0.0019679089648381616
0.009763083575146377,0.004327719216015831,-0.007578128260580997,3.062643605068402E-4,0.19338046410207918,0.33385399422925705,-2.083684625950553,0.14794628318733294
0.009847690597966844,0.004302626510254657,-0.00756155554865381,1.9467002413713137E-4,0.20743979652176706,0.40614434212048517,-2.063941091574472,0.06962353151525201
0.011160861994421997,0.004152879347587409,-0.007112186257020005,-0.001342613636301085,0.3753083637499213,1.4112424704002098,-1.610844963871284,-0.9614998928553694
0.010439605901512081,0.004188350396147625,-0.007410420207727852,-5.392304047037955E-4,0.295740043834062,0.8921798840371405,-1.8973510143986296,-0.43938662899522213
0.01051302553160459,0.00423239732269714,-0.007435752736085383,-6.380778306584998E-4,0.31488493526206723,0.9715694942670944,-1.908398527746758,-0.5027742927260334
0.010588372965352796,0.00419469153939499,-0.007380262906134018,-7.187010766648862E-4,0.3190946430969634,1.0167128094004676,-1.8604895704769502,-0.5590703112422862
0.010843279861309965,0.004201362510968619,-0.007300606386151098,-0.0010180638873825171,0.3539858288305486,1.2176944032625832,-1.776898752070654,-0.7539716568131999
0.011002952715975116,0.004188474030815787,-0.007220676422149289,-0.0011914577797977387,0.368311755300153,1.3259592404779836,-1.7028884188982827,-0.8652765956393565
0.010920838843552536,0.004160804994983211,-0.007232267484820827,-0.0010887725472548315,0.3535595850239833,1.2531772817394013,-1.720274617974646,-0.8020654383739831
0.01108070708486897,0.00411700512043747,-0.007121498958210252,-0.0012410810214202228,0.3609259916821272,1.3390214599882737,-1.6264770008567588,-0.9004432609186545
0.010678374056572135,0.004166970766285315,-0.007327703758184041,-8.160638639425091E-4,0.32654004398922726,1.0754961679323438,-1.8134762099337192,-0.6253977027654992
0.010768209835465673,0.00414862297007824,-0.007280694621163606,-9.129968765323418E-4,0.33349293309534195,1.1353853651131904,-1.7706728834040948,-0.6896878646941372
0.010354068871376722,0.004144949496955832,-0.007385424826090351,-4.284664799430082E-4,0.27558798554063424,0.804141806964755,-1.8869991391336545,-0.3672206450793681
0.00784733104859489,-0.0052637579349533855,-0.0072953319516824685,-0.0033093416026300734,-0.11691441341402813,-1.4473219092012892,1.9882415127491233,2.2218568079243273
0.007872590613829505,-0.005246539732405107,-0.0073086708930195365,-0.003264189565590741,-0.1158771773339682,-1.4222685300531757,1.9980927264591475,2.1904543606689213
0.007792410452421818,-0.0052671648134178595,-0.007232603588798194,-0.0033658931416446916,-0.11507468531646428,-1.4900150971391766,1.9390318631221644,2.2601121812280875
0.007821135653664615,-0.005253331760513183,-0.007254123113027934,-0.003322116238921023,-0.11488432754143704,-1.4639163105122681,1.9555651691002278,2.230042942761393
0.007755878488976383,-0.005272716238623744,-0.007193356183603089,-0.003406442840319168,-0.11412721111502482,-1.5184255918797789,1.908264591552267,2.2871170708806137
0.00787672601880454,-0.005210454632102516,-0.007278898446090087,-0.0032179748686983587,-0.11172152618785092,-1.4079772719086419,1.9736231518932679,2.1578865415460275
0.007887330247595623,-0.0051743802219327405,-0.007256919129613323,-0.003166137015123114,-0.10818631306518985,-1.388663936301346,1.955679739167314,2.1214232085779776
0.007903033328405463,-0.005140048855876526,-0.00724245677611799,-0.0031120071912250774,-0.10466037287266905,-1.3664980471581556,1.943565386676658,2.083963506562805
0.007917011034055562,-0.005102792139406813,-0.007223339403321572,-0.003056969523668722,-0.10073279874029027,-1.3450911787150586,1.9279215621203607,2.0460984746242956
0.00795781613544811,-0.005099660967770145,-0.007265117850722616,-0.0030134236534953974,-0.10044103043719073,-1.313470591017351,1.9595619013746217,2.016699076762476
0.007721049248283667,-0.00528249904764453,-0.007159537681198938,-0.003449896426781491,-0.11333127247784601,-1.5465920014880175,1.8816672895622182,2.316174682765654
0.007568985094355706,-0.0053532764301431925,-0.007029161765451572,-0.0036685720840570085,-0.1086561558598165,-1.6754553696383396,1.7773626792727426,2.4621477086877777
0.007590271930333262,-0.005333926236868536,-0.007040083897472848,-0.0036263204099349273,-0.10917767205776129,-1.6536922831555383,1.786537778641575,2.433053127957864
0.007616973956227665,-0.005315310139463968,-0.007058160931176809,-0.003580568763829645,-0.10955228814334263,-1.6288658445813298,1.8012433738625384,2.4020687274359473
0.007681534938690626,-0.005296833315663605,-0.007123354881812061,-0.0035024753091211216,-0.11228648633510299,-1.5792177361312958,1.853054508201337,2.351340645708191
0.007643589473418883,-0.005296075950456126,-0.0070750636017966,-0.0035339895500351983,-0.10997913437964277,-1.6037286924726686,1.8148603678845086,2.370421081148209
0.00801974372834163,-0.005052599949930578,-0.007286948355750416,-0.002900718356674385,-0.09458466788856616,-1.253385801084603,1.974181263119262,1.9399858380951984
0.00797611498830231,-0.005058578800249351,-0.007246357437347586,-0.0029509325508698583,-0.09580786710117883,-1.2884393707935533,1.9438966761116026,1.9741527444766953
0.008255728294470629,-0.00487558261823338,-0.007349361588719996,-0.0024784374327663484,-0.06534610182627042,-1.0278961107719455,2.0118090005078257,1.6538438862999403
0.008199851505340404,-0.00488339904871263,-0.0073053864854392804,-0.0025456721534450476,-0.06974632556196166,-1.0742491061001767,1.9804986004099217,1.6999011076537351
0.008038382819697812,-0.005005616804061516,-0.007262109236760176,-0.002832977377324547,-0.08904767013817406,-1.227381213766707,1.9538516448659957,1.8942466498649002
0.008133095598300907,-0.004949335713381425,-0.007304042032338367,-0.002678930160755528,-0.07977144737528008,-1.1406745582668243,1.9824271217729537,1.789865623414385
0.008075438813225939,-0.004962743551845848,-0.007259648913857538,-0.0027518204315537145,-0.08338423938311458,-1.1886709077186184,1.9503579375793918,1.839488870535781
0.008150403034484697,-0.004892760786566939,-0.0072676012509889565,-0.002606358304878436,-0.07336210044787982,-1.115047664853697,1.9533984858219975,1.7413315532295937
0.006445503945336894,-0.0064020289857747645,-0.005847368766770143,-0.005776693748092812,0.14887043220634988,-2.6231077632129645,0.579917419510129,3.725795257448459
0.006456088244678099,-0.006390728158831377,-0.005864157293183351,-0.005757931102675233,0.14457973173060637,-2.6183312414055617,0.5979032008572905,3.7191825096828843
0.006431377508176123,-0.006399345205271675,-0.005821755081798867,-0.005769942361039484,0.1496465825280909,-2.614523794125443,0.5625449433328681,3.706562954520078
0.006419329632352949,-0.006406552820269541,-0.0058015998952334865,-0.005780960026047981,0.15285021903781715,-2.6149347508152565,0.5443209345362652,3.7048130782791815
0.006393809633889118,-0.006426492765760329,-0.0057594480051841425,-0.005812144246415925,0.16094369845199433,-2.6189969635182346,0.5039312364116576,3.707435970934205
0.006406273100432705,-0.006415975462680655,-0.005779960973515587,-0.005795612256113977,0.1567767999892453,-2.616489231144762,0.523979000292921,3.7051140213506044
0.006381825059139547,-0.006437471116873445,-0.005739739578452006,-0.005829429475569182,0.16517574728324783,-2.621902400718635,0.4842480570042902,3.710699746449855
0.0063264462470568154,-0.006495422992798132,-0.0056477909850268584,-0.005920220919230708,0.18676742841855984,-2.6382553680446392,0.3890828575051706,3.7327026495850446
0.006370243629429801,-0.006448748368318942,-0.005720666957629183,-0.005847181905171466,0.1694530375691482,-2.625048552600632,0.4648827006936478,3.71458913020906
0.006337313681283568,-0.0064836266020003655,-0.005666040925146928,-0.005901899707086628,0.18241677319118946,-2.6350971764681237,0.40811380377892365,3.7282913630294545
0.0063481102543965565,-0.0064718941814870005,-0.005684045139341273,-0.005883555433228653,0.17808192909057974,-2.631758997645696,0.4269454303084011,3.7236218241722514
0.006359036143862292,-0.006460254556380141,-0.005702161834292298,-0.005865283295366729,0.17376236323093064,-2.6283729610574618,0.44581006835539855,3.718976502515783
0.006315052521930757,-0.006507344370288527,-0.005628494112686997,-0.005938511203283835,0.19121643680881736,-2.6410139900255714,0.369281505542945,3.736377694896959
0.006144543412517262,-0.0066967280031504026,-0.005324234541701972,-0.006214659051256756,0.2593627896823622,-2.664015370281508,0.05996199989754213,3.7700991441199405
0.0061346934870234,-0.006709276353791448,-0.0053055801969049176,-0.00623239055589316,0.26370434066834264,-2.664821319487823,0.04061135349781189,3.7719477759492395
0.006124951541380743,-0.006722260735643378,-0.005286929429265872,-0.0062508031449320265,0.26818067428920106,-2.6657926619191663,0.020972646689594435,3.7742461933718556
0.006186743324330637,-0.006617430496191841,-0.005404276201588305,-0.006092874092401032,0.23233563807038035,-2.6406703553789512,0.15971882982945287,3.724522646662231
0.006197650386156688,-0.006605118496219222,-0.0054238029368697755,-0.006075258599428778,0.22801677290663155,-2.639526963700988,0.17935250781207565,3.7227531258675057
0.006302572991189391,-0.006520832074691458,-0.005607236202101685,-0.005959146593267233,0.1961706902221691,-2.6441234781107554,0.3472927732379673,3.7406856487834546
0.006283921754373241,-0.006527621129666006,-0.0055747065310210705,-0.005966164916829913,0.19943227657036114,-2.6382111608814323,0.3218906744472983,3.7271812591625086
0.006256563851533119,-0.006547513628454201,-0.005527288731644878,-0.005993385120156076,0.20719542409831368,-2.6363445713502,0.27940165032695746,3.7207761017691827
0.006269655401310485,-0.006537067430560392,-0.005549988177972803,-0.005978821712659053,0.2032156526973191,-2.6366623464686927,0.30023067450745883,3.722674845661096
0.0062089564843433144,-0.006592970464946876,-0.005443896666611006,-0.0060579270221240615,0.22371599425887403,-2.6385570759337553,0.1992648245081401,3.7214539991395754
0.006220639965443812,-0.006581232570221112,-0.005464521462776372,-0.006041290849638953,0.21950922030902806,-2.637913621836695,0.21929781711139237,3.7209239608212243
0.006232494197636677,-0.006570017150962853,-0.005485331346332868,-0.00602547484266338,0.21544303037028098,-2.637542655821544,0.2391865140427983,3.7210457561029497
0.006244415211305223,-0.006558816072566579,-0.0055061610150146665,-0.0060095592383955865,0.21135299585132383,-2.637017722901495,0.259144339871674,3.7209869131611337
0.006176098733111708,-0.0066297342688674855,-0.005385085007855769,-0.006110435878999821,0.23662130428886127,-2.6417821180535537,0.14032260838584446,3.7263539555092327
0.006136375745776284,-0.006679399949352546,-0.005312016556874153,-0.006181301168629263,0.2536949880572226,-2.6465846739654473,0.06484727483485091,3.735541333974959
0.006145882366203718,-0.006666996406134,-0.005329731947349204,-0.006163618469565018,0.24945553219705244,-2.6453739901366187,0.08336430375837106,3.733056238270961
0.006155585945976388,-0.006654508098592545,-0.0053476735595160895,-0.006145753581000141,0.24517486491166451,-2.6440624669496278,0.10207765295298978,3.730482253056444
0.006165671120947101,-0.006642064635809831,-0.00536614799176717,-0.006127994596457014,0.2408890076360524,-2.64286167860118,0.12108815887509529,3.7282404278030694
0.006167116964703991,-0.0066114678324473986,-0.005370706468998059,-0.006075708024578183,0.2312239756762686,-2.623194338991768,0.1434196976319414,3.689860007072973
0.006451475180200598,-0.006376153525450743,-0.005853156278582494,-0.005731449502100042,0.14123059994991927,-2.604179729128016,0.5970029994706951,3.6915479996041567
0.006458385855815795,-0.006361135772572885,-0.00586241690253749,-0.005705666349825755,0.13641749345279128,-2.594628818849045,0.6111136230773043,3.675216052623491
0.006455409910857184,-0.006341115015814006,-0.005853076849506576,-0.0056701160831928955,0.13157505422324497,-2.5769111315533393,0.6138103666507942,3.6414379689671996
0.006462165788371706,-0.006309654184412633,-0.005858127142875767,-0.005615805052673368,0.12309234294792916,-2.5539015304809953,0.6318830850323609,3.600174885884545
0.006452452570961817,-0.006324474834974266,-0.005844425227412063,-0.005640759396113059,0.12798510410933536,-2.5621531285759835,0.6150934611546555,3.6132938043817986
0.00646667092170801,-0.006274143062573658,-0.005857820640609835,-0.005554741726515757,0.11421550109973912,-2.5269080692422907,0.647437728264754,3.5513341512544234
0.006453748012400526,-0.006288768853215254,-0.0058389323128188245,-0.005579044917086384,0.1191939867352038,-2.533879021578384,0.6272339665036802,3.561253454541198
0.006479431054579345,-0.006258054973853716,-0.005875872205027277,-0.005527791418489174,0.10916088784684823,-2.518485495111459,0.6676430211295861,3.5387833845350865
0.006515291496867563,-0.006238073810232397,-0.005932302977845387,-0.005494654844927441,0.10006315538138677,-2.5140252016430273,0.7178507110366834,3.53941770155408
0.006491425244897809,-0.0062412303300937045,-0.005892188913680086,-0.005499427528055517,0.10357566805125056,-2.509002984312236,0.6867466536366418,3.5242272592680863
0.006521018861316429,-0.006213275582508461,-0.00593523554876319,-0.005452206514824551,0.09382703474758568,-2.495672672709714,0.7302216969874101,3.5071476726970032
0.006543423163834504,-0.006200317735119967,-0.005969770177688196,-0.0054300110051617384,0.08827708030218548,-2.49151735263262,0.761271660954032,3.505413951925053
0.006628038570168918,-0.0061295721939592165,-0.0060906114855647665,-0.005305285731527779,0.06241558768490747,-2.453143784795726,0.8803814643752116,3.4596586392345765
0.0066086624361300465,-0.0061392966798441756,-0.00606115117764415,-0.005323301798740119,0.06695682620572942,-2.4573765925154762,0.8539798004326006,3.461464551556269
0.006589765109614195,-0.006158937433613284,-0.006035748501949414,-0.005357901148666381,0.0735231426916798,-2.469364260924484,0.8272441267966172,3.4778135780167605
0.006567171917128777,-0.0061800110031419875,-0.006004095698568059,-0.005394807683352077,0.0809109111216344,-2.481195271254777,0.7951332965351127,3.4930269617066836
0.006769256122759553,-0.006025060834632147,-0.006286023492761964,-0.005108006206847483,0.022742110447046975,-2.3831073670531864,1.0698783629560553,3.3799504711223194
0.006748852316382928,-0.006034012584088033,-0.006255826231708701,-0.005127060471734691,0.02744313285337714,-2.389453006167045,1.0428031936101727,3.3838948434222407
0.006730195704589739,-0.006044601842928195,-0.006229183489390115,-0.005148249073023751,0.03210500036172356,-2.396844428259257,1.0181311763086045,3.390637271408043
0.006637928841554101,-0.006110941056581959,-0.006100489729718138,-0.0052727576611011325,0.057409789779383824,-2.439675067956429,0.8945972198045001,3.4379960542341643
0.0067117868375776895,-0.006056347943669986,-0.006203306289578477,-0.005171082023095037,0.036723982782890456,-2.4048693016441756,0.9937933044600001,3.3988040880081436
0.006699740414027268,-0.006070497524008544,-0.006188993965676538,-0.005196814576800829,0.04098953758600756,-2.415165647347508,0.9779312422580835,3.413556105333106
0.006681180698425088,-0.006078513552695453,-0.0061609490638468095,-0.005212935659662833,0.04518679285678751,-2.419575106761347,0.9530172053579057,3.4152474922218725
0.006654590169423579,-0.006089800836567966,-0.006120558179323861,-0.005235261947512364,0.05122548934441578,-2.4251560277745647,0.9174495837411121,3.41666187674036
0.007519424800740406,-0.005389972314055825,-0.0069952235190916135,-0.003755870546113811,-0.10693284618409556,-1.722253541177547,1.7490518067302525,2.521455877172775
0.00749078269610375,-0.005403464104548179,-0.006968310468005918,-0.0037957474957251774,-0.10495364662142824,-1.7452941634070263,1.7268452661950797,2.547302413539858
0.007459517911752043,-0.00540779022196446,-0.006929850496543226,-0.0038248384901442287,-0.1022303640757291,-1.7646718190244282,1.6956638651061238,2.5638602665470205
0.007538005448527061,-0.0053609405657784335,-0.006995209710282731,-0.0037030874525852417,-0.10674530510282867,-1.6975581457322997,1.7498887416720186,2.4836827736177116
0.007435654357745661,-0.005466209253607259,-0.006945236012125759,-0.00392195868184375,-0.10295745272404734,-1.8077440583726736,1.7055263329087709,2.6357710441804945
0.007415144656108074,-0.005481138911066855,-0.006928992258920958,-0.003957398911636557,-0.10101998750087404,-1.8266422299002543,1.6914420291355179,2.659562524318457
0.007390742914879985,-0.005484245244508344,-0.006897449197195946,-0.003978835436371665,-0.09851254652064757,-1.8410259999294283,1.6653292482744597,2.671138812776149
0.007341382046674158,-0.005520694711245607,-0.006856767996462241,-0.00406365853583828,-0.09366315040499007,-1.8857242798633636,1.629622641859703,2.727486811255039
0.007361007425332296,-0.0054959648245748935,-0.006865075585658244,-0.004015583576472677,-0.09526681995887586,-1.862286706840958,1.6381158024056257,2.6934351741140072
0.00723896576053281,-0.005579639337299921,-0.006753913797433083,-0.004212724244247032,-0.08123131767067925,-1.9655198104548561,1.539947214325382,2.8201805487216864
0.007265282790902609,-0.005569127574253274,-0.006784471604341972,-0.004181624424734599,-0.08478521215124617,-1.9483652962109197,1.5660929758244289,2.802666931781261
0.007317014714932059,-0.005528214447685519,-0.006827881997277438,-0.004090256320145327,-0.09084554317734798,-1.901451216367646,1.6052461679546643,2.742635117993385
0.007290568029236735,-0.005545032723986294,-0.006802846845890491,-0.004131169267796399,-0.08765015489054534,-1.923057949021959,1.5833335308152285,2.7685537856793494
0.007438672395625045,-0.005432265617535342,-0.006921574784738587,-0.003873178118324155,-0.1012540518791092,-1.7884789106818193,1.6877761291086908,2.59770943888163
0.00743582803243604,-0.0053975653276004025,-0.006889670967306705,-0.0038282438544076703,-0.09927305188126041,-1.7720392491080648,1.6637327491932061,2.5615743301268847
0.006965419508803864,-0.00581588182052774,-0.006494780598771393,-0.004707424609642536,-0.0322424555241571,-2.205898644823172,1.291664847218694,3.1338954245879163
0.006938057917601898,-0.005824279387691103,-0.00645621589459388,-0.004730932884258965,-0.027163073710892997,-2.2164445167425444,1.2583015006705471,3.1409886564045535
0.006911952525908659,-0.005835233753573562,-0.006420937698622772,-0.004757553666040109,-0.0220411930013949,-2.228107488563476,1.2271751589918802,3.1511099995412386
0.007006676983064329,-0.005788645034305795,-0.006543468501334572,-0.004647882748477474,-0.04079782649260369,-2.178087927520682,1.3370271827923077,3.1014227299869748
0.006973470774956786,-0.005785221516829422,-0.006489024434301925,-0.004655828439887123,-0.03550756907327852,-2.1820206577342334,1.2927541309759611,3.0928183495075126
0.007081759675315365,-0.005747537963452167,-0.006634758243689779,-0.004550147724837108,-0.055070128882457325,-2.130314424878246,1.4199146937128326,3.049499003766556
0.007063075193686358,-0.0057584039395231325,-0.006612757605288585,-0.004575804074197861,-0.05141546495003261,-2.1430258339743404,1.3998268704250372,3.063806959310584
0.0070246101316035845,-0.005767891822429689,-0.006558604727565367,-0.004607668710163847,-0.04474466802845689,-2.159170117535785,1.3532007029318935,3.0745563403256218
0.007044021472839404,-0.005754734606308326,-0.006580546923607561,-0.004578625026710981,-0.04866790116432055,-2.1452002433498953,1.3735797333821642,3.057918169062635
0.007202634040950349,-0.005674550905828898,-0.006769759129983216,-0.004375179466748245,-0.07620315490182318,-2.0402896085730453,1.543076091905078,2.9452251991497285
0.0071787521998135165,-0.0056848772793600105,-0.006740899034796321,-0.004404138281165152,-0.07228119236387721,-2.0560521959367297,1.5175740878001627,2.961424955996915
0.007152945141655239,-0.005701471388807865,-0.0067132492779043,-0.004443357645933287,-0.06784583772650264,-2.076304996747908,1.4922712571451306,2.985489724961558
0.007118537868446548,-0.005714071922926238,-0.006669077199514374,-0.004480373052074397,-0.062243966994193774,-2.0960722741968216,1.453592287221223,3.0039353098833255
0.00708587299076404,-0.005718223591274438,-0.0066214932494034736,-0.004502702792470197,-0.056926760444695516,-2.1085658095072266,1.4134149789347263,3.00998466689431
0.007207370796205631,-0.005644064481608043,-0.006754512684121674,-0.0043264316795671234,-0.07698479235537793,-2.018554175050102,1.5338045046423896,2.9052492585942007
0.007207807029250873,-0.0056088702100354935,-0.00672948986693605,-0.00427372225800652,-0.07714051499830275,-1.9958726477664523,1.5168367004426537,2.860909025805628
0.007214507448540564,-0.0055787536548258165,-0.0067175178884825515,-0.004225624467055968,-0.07784772393213658,-1.974584610826968,1.510118406693605,2.8231884039976243
0.006773791826460255,-0.005999838195552963,-0.006281657926642279,-0.005064778462450792,0.0185660087964595,-2.362812322574978,1.0735999133022498,3.3440851585979163
0.006771332854689536,-0.005966272018382925,-0.006261571125135861,-0.005009685715881565,0.014479330853776928,-2.335999607242235,1.0666755357229079,3.2936769905939394
0.00688948617894575,-0.00589975915436981,-0.0064209648641510705,-0.004869016859861904,-0.012601159933642128,-2.279592099521812,1.2130264789089564,3.2372714449455535
0.006870884206490978,-0.005910333310330698,-0.006396387720087077,-0.004891987103181173,-0.008381740112888086,-2.2893629794924433,1.1903781856544642,3.247390666907583
0.006853491882932447,-0.005920250978723781,-0.006373257485559165,-0.0049132927245564275,-0.004466057700096577,-2.2982703978658328,1.1690548064379758,3.2565572474322195
0.006794273139026612,-0.005951804797149224,-0.006292280579536215,-0.004980599099325154,0.00895115736702183,-2.3248210445266806,1.095265916734146,3.281821204678607
0.006816143919591399,-0.005938826590732474,-0.006321693173768722,-0.004953861135072522,0.0037175448384447305,-2.314355735995512,1.122453210861053,3.2710858325243097
0.006836850690437907,-0.005928909410866407,-0.006350547935510415,-0.004932120777176985,-8.477717431809689E-4,-2.3058953586931703,1.1484178039861404,3.263791106242254
0.0068888488730401405,-0.005873340644205755,-0.006405249627909971,-0.00482633161836216,-0.014891380173957608,-2.259336794676774,1.2061287170404487,3.1991929334281384
0.006892407274667429,-0.005849455897730582,-0.006397709079279097,-0.004786807123263111,-0.01754389730210964,-2.240952111752035,1.2052564192009452,3.1665697241651882
0.009284571575884328,0.004456272840372861,-0.007590481968857233,9.57472935780279E-4,0.10570126074099893,-0.0938029097239781,-2.1309261534773847,0.604743225830984
0.00920793285958564,0.004480446102891608,-0.007585114707878661,0.0010652549553828736,0.09151117806158326,-0.16316491178048378,-2.1325847536874885,0.6800526172905367
0.009433074385501464,0.004405829810824452,-0.00758857624295426,7.494047769570376E-4,0.13333678265524943,0.039317479853822605,-2.11820307913424,0.4589999646088177
0.009336980749591524,0.004398221232148978,-0.0075507898544415345,8.700297368525875E-4,0.11461747474287722,-0.05121683291636841,-2.097109408086437,0.5436675780191517
0.009386100172403839,0.004378800963765246,-0.007547393585860167,8.013607928883954E-4,0.12263873898599834,-0.008101748109809093,-2.0908300108506195,0.495556172667568
0.009492958816959699,0.004371501436956623,-0.007570531054216836,6.629107217502773E-4,0.14344889420377824,0.0900277917088336,-2.1000116536550277,0.39828429993776704
0.009552659060809312,0.004323116828083398,-0.007536880275124651,5.750010602648589E-4,0.15188633107116967,0.13782555747522274,-2.070003785854149,0.3359523400972444
0.00912989730301525,0.0044571015824462195,-0.007528538081574206,0.0011540613374940308,0.07685032407678778,-0.23728919380966454,-2.095425145175836,0.7431566828209611
0.008585859098534711,0.004662857054405118,-0.007413477741549604,0.0019333237254558673,-0.014896594253812201,-0.7247379134678108,-2.0429678028339135,1.2840239129811486
0.008522009754321052,0.004694739932451524,-0.0073970394569544875,0.002030353942909678,-0.02449765321895617,-0.782127748790236,-2.0340673300039156,1.350463576256969
0.00845232511253352,0.004707925237993299,-0.007355916658961829,0.002119344174533312,-0.03313159585744094,-0.8417491938083731,-2.006415850364872,1.4116820260045744
0.008637299933441383,0.004632719237072487,-0.007420759933572251,0.001852235903824246,-0.006411281083447198,-0.6781632684140632,-2.045517157839296,1.2283864848690405
0.008688017614199043,0.004600092490062233,-0.007423698090599795,0.0017707696384466393,0.0021487207550113484,-0.6322746455713336,-2.0447455628895503,1.172598627495187
0.008747359778260865,0.004571572045469851,-0.007434675389627743,0.0016823722856539362,0.011636449009168257,-0.5793354427956806,-2.0495120425416737,1.1117256873940695
0.00880003468609096,0.004529226472069886,-0.007426378001578739,0.0015938685204313022,0.021334381836860233,-0.5318307387590728,-2.0400225270880985,1.0512682594823557
0.009055922619090419,0.004427204099840998,-0.007465312205078639,0.0012315693586063983,0.06399616157667244,-0.3056989410631905,-2.052662774340319,0.7986908754496812
0.008856012287552546,0.004494311439522188,-0.007425674214255058,0.001507074487578505,0.031017194037619555,-0.48215696616447445,-2.0359421707691414,0.9913570901837342
0.008927760599037885,0.0044680467109890435,-0.00744016794910844,0.00140695757734603,0.04229155282644064,-0.4189572772829221,-2.0423256680832647,0.9214552363415088
0.00898506835430953,0.004421447665981919,-0.007425149157983887,0.0013141323265625268,0.05250958433053858,-0.368615673042638,-2.02692838453576,0.8572262663823323
0.008334834979286297,0.00470462519919578,-0.0072577321516785346,0.002244818981756389,-0.043941906902733814,-0.9364034751964807,-1.9374251425454536,1.4992366316746866
0.008392544745565668,0.004664158645562137,-0.0072675306632023,0.002150167663010592,-0.03565608541974471,-0.8847035762632555,-1.9420716179342772,1.4353967203463294
0.007993711176866905,0.004861884932395233,-0.007087505966513489,0.0027316524623334335,-0.07578033458857969,-1.2229722075651688,-1.8205200312770542,1.8259438105785326
0.00805281589815087,0.004831707130729505,-0.007118915052505059,0.0026456989029290195,-0.07151302328935129,-1.1737607138709143,-1.8426920415440542,1.7688894245462823
0.008124327308806726,0.00480902060795119,-0.007166632112373298,0.0025539525145021843,-0.066549267432592,-1.116897955958639,-1.876650334541205,1.7077587382718868
0.008172810003793666,0.004769182708400645,-0.0071756152773664655,0.0024687289156678127,-0.060492828304195424,-1.0723272896366305,-1.8817684720523484,1.6508646101603122
0.008221908882929634,0.004729695811577972,-0.007184012683602413,0.00238377557585407,-0.054265699970571964,-1.0276180629606622,-1.88611361895559,1.59391488359178
0.00826191523281172,0.004675133429577325,-0.0071698273163949885,0.0022959589412284297,-0.04685845292496521,-0.9872342029199996,-1.8736313800261262,1.5354191921115705
0.007892407657863807,0.004892134632317056,-0.007011034054567528,0.0028555285552417913,-0.08006639076419819,-1.2995497494530996,-1.7647575368212223,1.9069847031830445
0.00793450292104936,0.004862734566118986,-0.007029043448344911,0.002787459637094871,-0.07736606314670141,-1.2633342865426442,-1.7775174277509724,1.8623910154577321
0.007947732606658839,0.004822546881521885,-0.007008319155351722,0.0027352531345779846,-0.07301660366450222,-1.2432955716057903,-1.7616985638635156,1.8276448111781385
0.007036679794504557,0.005353421443458069,-0.006322539489871476,0.004003058456511993,-0.054999877209886354,-1.894657557716388,-1.2281999023441215,2.591947148068666
0.006899250862297784,0.005402922514096152,-0.006165456442003287,0.004128597526904572,-0.03903221250246571,-1.9480732467627921,-1.1074972249220598,2.6411764882001836
0.006979542770490392,0.005351182435406832,-0.006245097549462011,0.004025877698462673,-0.048590825620582125,-1.905400090559276,-1.1718780089777476,2.591531562245635
0.0069324974154981915,0.005358734387469746,-0.006186599639506792,0.004055926706567041,-0.043659748009575026,-1.9179880731381338,-1.1287469087558806,2.5988302916793873
0.006145083173238786,0.006086499211532717,-0.005311384655301575,0.005230595050737923,0.11039630602657502,-2.278364677285436,-0.37018792292615105,3.059318353434914
0.00618728312943016,0.0060365451884478736,-0.005366971730119894,0.005159562425632191,0.09770585753210274,-2.2639389939031767,-0.4210449627640718,3.0388401444479007
0.006215950342734233,0.005998237703784347,-0.005403003684366171,0.005104229480220632,0.0895877575529393,-2.250686803248329,-0.45603305449514037,3.0193172848625016
0.005843147079718374,0.0063038298889112575,-0.00487765466743926,0.005498748275982928,0.16673310362883262,-2.259438023537666,-0.05654810013550288,3.0116548522446744
0.00597203458231379,0.006260234991163316,-0.005066494222183192,0.005463478216160028,0.15291963119561006,-2.3010437676199964,-0.16596638209137612,3.0872260295060605
0.005897751641274347,0.006277397570891682,-0.00495747637851181,0.005473041659994793,0.15930907857650936,-2.273879234368037,-0.10538792286222452,3.0376456288248104
0.005982403055866824,0.00619173420987164,-0.005080094495701002,0.005364669018890332,0.1393595338006717,-2.2699946570500766,-0.20321806926586153,3.0332796490876284
0.006064967720328022,0.006142630544282916,-0.005198518522546398,0.005304958829911592,0.12560764105013422,-2.2787421803607546,-0.28562134807094,3.053286939336434
0.006089992985544784,0.006104629629953236,-0.005231933517694711,0.0052519458625633125,0.11684553303112122,-2.2675492701159468,-0.3188676335390986,3.0358274536969474
0.006087857911556489,0.006062603640672766,-0.005224360341255034,0.005190204895298526,0.11025032056049835,-2.2431235691111926,-0.33109642666888023,2.993581985583196
0.006002785231999041,0.0061390121774293,-0.005107231033098083,0.005291121058840564,0.1289337471406895,-2.2508871587124655,-0.23898318763040435,3.0012825356077433
0.0062175111593781775,0.005952684382601779,-0.005396987022813329,0.0050374368928726735,0.08257662809137524,-2.2242586435940805,-0.4681933290856119,2.974165185701221
0.005789194319252189,0.006362950919738466,-0.004796509681956329,0.00556987145798872,0.1793929823978222,-2.2584202837212684,0.0071577054110117935,3.010348066767976
0.005803128326156321,0.00632373804298016,-0.0048192441515262,0.005517432009984198,0.1711247882403573,-2.2481569279000295,-0.021384789155137866,2.9919032677346746
0.0066942075327351015,0.005637294617496527,-0.005992605733460656,0.0045226756314272545,-0.004856249189201138,-2.1038254221866755,-0.9429044068445845,2.855130952618889
0.006588794068377169,0.0056659746634781455,-0.005853118860312455,0.004588026806633098,0.010007590021568452,-2.1181543791159885,-0.8399752270725395,2.855025494933678
0.006636676661042408,0.0056319033796266,-0.005907953459957958,0.004528998397406515,0.001726608686688852,-2.0994322024988445,-0.884989103106764,2.8337048495764985
0.00672560854089779,0.00559045221711742,-0.006016667214712372,0.004447241450992742,-0.011683816920046332,-2.074335507912196,-0.9695005618222069,2.812123196236733
0.006759995265379495,0.0055415542690088505,-0.006042712073322681,0.004368121774551399,-0.018570997006889786,-2.0431465071840713,-0.9971962136598352,2.7671896760421872
0.006794690885262586,0.005487122289510287,-0.006065112483800386,0.004281363346460991,-0.024763998682990517,-2.0084652204942626,-1.0226543971875637,2.7163983299986216
0.006830406873668151,0.005432985660026718,-0.006087565006518656,0.0041949735302249025,-0.03089065552757809,-1.9737649637594612,-1.0474883891739557,2.665944079833661
0.006837711843795391,0.005362050493269026,-0.0060622769332246374,0.004097088448414458,-0.033089296992692634,-1.932807100562086,-1.0404675866820072,2.5973182088296167
0.0062792571947700515,0.005927884561450172,-0.005482360081678372,0.005001495777005471,0.07360861420973468,-2.22725294125142,-0.5274372436483431,2.9869668930586424
0.00621894505895383,0.005901319637473896,-0.005389286574951131,0.00496310341265379,0.07572378408985854,-2.194886580348684,-0.48077670164154573,2.924655444529016
0.0063237175583216974,0.005870442187269239,-0.005534159713059887,0.004916354609127955,0.06138903643791849,-2.2038575970872674,-0.5774230278685284,2.9533681443041107
0.006365465061368172,0.0058140481098162096,-0.005580197421041853,0.0048320732029037096,0.04995526845675871,-2.1788947999912143,-0.6228515354558458,2.917227208656572
0.006414893313696711,0.005762454534637162,-0.0056366642569420705,0.004753306820988076,0.03897997358100155,-2.15706851230397,-0.6729311401078653,2.8881632127934145
0.00652485895574028,0.005681914959696017,-0.0057676334987782985,0.004622759273786818,0.01884162441358545,-2.122751953008159,-0.7788344244987345,2.8496683656674544
0.006458747832225026,0.005705989296665593,-0.005681713891520355,0.004667232333197623,0.028453587698604035,-2.129724354378609,-0.7164335957757705,2.8493637030012344
0.005705249619137313,0.006394779432272329,-0.004674354668378859,0.005591191445597846,0.1867388878277836,-2.226931886652349,0.07248894662141098,2.9567381103131076
0.005736689114216452,0.006360945970125812,-0.004722083156783297,0.005552571607059318,0.1800503224955206,-2.22965323586076,0.037148541071547074,2.960454168803091
0.0071215708778120035,0.005309644944827863,-0.006408644446153318,0.0039033041218761596,-0.06339725722750705,-1.849167870926579,-1.29688813822104,2.5420135140061633
0.007161726709528838,0.005277796913685088,-0.006441172007418158,0.003840487686977174,-0.06727269048341997,-1.8205769633693556,-1.324111736536089,2.5062100874395954
0.007178459964794971,0.005224750775290089,-0.006429059322163172,0.003763172970538528,-0.06720460460716499,-1.7880486009696297,-1.3199884855486685,2.4534286217173755
0.0072113509019799925,0.005175231387664257,-0.006439185572752977,0.0036823944658855787,-0.06860830538764638,-1.7527025288762517,-1.3316944513483586,2.4024405232267845
0.0072540885793740085,0.005137779016736908,-0.0064681529639416206,0.003611342618153607,-0.07111149741007865,-1.7202385275520071,-1.355727339360499,2.360862374176046
0.0073564714881664914,0.0050971160774956675,-0.006565904498673915,0.003499267953000561,-0.0766759696656699,-1.6632062270128853,-1.430063160900918,2.300296990697962
0.0074161992046172034,0.005055882702568807,-0.0066086873538290705,0.003411052672679763,-0.07873061592314214,-1.619963016413713,-1.4636386453987258,2.247532596049858
0.0072745837065854545,0.00507655539192871,-0.006453418803723259,0.003524727793167991,-0.0700152355127487,-1.684338724443682,-1.3490445674864981,2.303282072491068
0.007714406148174311,0.004910698361448359,-0.006838382121498531,0.0030267647732261475,-0.08044954052447807,-1.4140539214842485,-1.6373135549294153,2.0142271987607185
0.007566455144239803,0.0049609705275767925,-0.006713708306809697,0.003196177939640101,-0.08016037038657116,-1.5109651191460942,-1.544675687146684,2.1171016652032435
0.007629712337423736,0.004929486167248417,-0.0067605418429728895,0.0031136807842620105,-0.08023489484270419,-1.466912232649639,-1.5796773309486691,2.0668328704531365
0.007829324918269365,0.0048759407916947545,-0.00693230414233669,0.002894215477747954,-0.07878114386388375,-1.334735588859216,-1.7064803505467812,1.9310041742455286
0.007766277917285604,0.004870844990919276,-0.0068623026546468305,0.0029419813261673342,-0.0782856182061443,-1.3705219750320836,-1.6551617187868728,1.9598317442143567
0.007453837028539207,0.00498642625185303,-0.006603882882507282,0.003304709838008264,-0.0763317312646229,-1.5738585883645315,-1.4634584337512437,2.178685480647378
0.007501683438955824,0.004935253454931318,-0.006622262627686136,0.0032136369168649093,-0.07555816362391304,-1.531566993030239,-1.4785884400319471,2.121911959315671
0.007064728372461078,0.0052989860646197595,-0.006327557974500009,0.003917750247446907,-0.05744693067410262,-1.8583316753495691,-1.2380404610491513,2.536974062796702
0.005640377987534987,0.006485121894642299,-0.004570865345919248,0.005697249701631823,0.20472676791750533,-2.226227906487384,0.15758520433818093,2.9596810785174483
0.005631200822341266,0.006551895814869666,-0.004546018665060477,0.0057876649242255135,0.2184789848522624,-2.245249979204223,0.2028281504930689,2.9964477577165742
0.00562364637018876,0.006612851797629576,-0.004522665351100804,0.005870824323971297,0.2314666323897476,-2.2622133489531357,0.2457144888561549,3.030082696396797
0.005654794429628267,0.006387558401345718,-0.0046048844399097216,0.005566240579920317,0.18601749320381,-2.197242637415298,0.09559122624092802,2.9059081442105725
0.0056161154393738555,0.0064191047820151,-0.00454741386816727,0.005597892924280493,0.19177613887912207,-2.1884740786416015,0.13201462130033811,2.8924252981214935
0.005559895764216153,0.00664114480659785,-0.004426530497400982,0.005884741145214267,0.23540823572195438,-2.2318204282830316,0.2930233941316622,2.9808149079463497
0.005388067091292621,0.006784605301927296,-0.004150425386746184,0.006004277147104047,0.25585682291843576,-2.162089382492115,0.4525416815089277,2.878828038631059
0.005450471933127073,0.006730915804122551,-0.004251528446208867,0.005960846208345152,0.24894919726032397,-2.1886231979365607,0.39563973559292936,2.917094392869493
0.00550294715306672,0.006676757133445162,-0.00433864274047303,0.005910063917491679,0.24056730081038827,-2.206950788546297,0.33975129330852366,2.9422461702223397
-0.007186802946383459,-0.0058319781699519395,0.00686273915725498,-0.004631874930506891,-0.06945483693071257,-2.1563244778623143,-1.6035272046421005,3.167135740390801
-0.007173621186821965,-0.0058409549829266825,0.006847997976752513,-0.004653605127534279,-0.06654981050648723,-2.168081964833922,-1.589304272595128,3.1814855813272156
-0.007226505770360061,-0.005806004496840826,0.006907086960317193,-0.00456755491681927,-0.07758673228347501,-2.1209895467037465,-1.645966147874818,3.12448128839215
-0.007213329064727298,-0.005814564572121397,0.006892463315897113,-0.0045889052623958905,-0.07502485129369031,-2.1327866777094973,-1.6320166934204445,3.138709239232862
-0.007200077350941168,-0.005823198614369626,0.006877635129405121,-0.004610316691641497,-0.0723067833467055,-2.1445565190414624,-1.6178307471303766,3.1528975563961907
-0.007239615007112895,-0.005797435044885765,0.006921454568842535,-0.004546130297953013,-0.08005150707260254,-2.109111345743336,-1.65963329097659,3.1101032692295756
-0.007252713556362984,-0.005788824221253597,0.006935631965619104,-0.0045245510590438895,-0.08248912707682782,-2.0971100792262862,-1.6730788837548014,3.0955268963991567
-0.007265872051429994,-0.005780229430592042,0.006949776030259672,-0.004502869056179534,-0.08491280045486045,-2.0849947648357205,-1.6864420833265437,3.0808216391252077
-0.007279086039036758,-0.0057716662839406505,0.006963891091090847,-0.004481111376048987,-0.08726518803806639,-2.072776454776449,-1.699728383054431,3.066006521264489
-0.007400916079949334,-0.0057286111419663464,0.0071188635338416,-0.004331724198394595,-0.10546684529573015,-1.9798771108706397,-1.8372794991493222,2.9731385860664568
-0.007386959159776124,-0.005720807423221878,0.007090059592763921,-0.004329399672813304,-0.10742026391692538,-1.9808633469386427,-1.81679010055312,2.964761746459875
-0.007414347890939333,-0.005720466944757862,0.007132441956464542,-0.004309329999326962,-0.10778685574178311,-1.9666270933388208,-1.8496860585105812,2.957177095700173
-0.007400426384701821,-0.005712622521797733,0.007103692462720503,-0.0043071317400474275,-0.10926378815152006,-1.9677899266637235,-1.829216352805841,2.949017603441154
-0.007481886821520238,-0.0056803812644671365,0.007199230988703909,-0.004196799541309208,-0.11524606879875825,-1.899372131125416,-1.9097526307673431,2.8763710667304756
-0.007468328829897486,-0.005688313429008118,0.0071860135132707234,-0.004219391446641125,-0.11373171455446633,-1.912929084916944,-1.8979672165715893,2.8927176021845877
-0.007468097779444228,-0.0056723403266596304,0.007170747527168542,-0.004195187294415466,-0.11884576006270375,-1.9013878746350266,-1.889574161661779,2.8691453622187297
-0.00745479580756053,-0.005696288158021204,0.007172729759321741,-0.004241933818212589,-0.11259344749906557,-1.9264368577655546,-1.8860853741286758,2.908953662853085
-0.0074545344345528656,-0.00568032919948737,0.007157521842101319,-0.0042176703083428675,-0.11698728556012834,-1.9148151867898642,-1.8777583681408636,2.885288001056235
-0.007441287888022464,-0.005704305373048565,0.007159373396144027,-0.004264437484333809,-0.11115507407965501,-1.9398964600693718,-1.8740845600138407,2.925101556019922
-0.0074409848935356,-0.005688345163187194,0.007144197114446071,-0.004240097779359895,-0.11506011220536709,-1.928164109981317,-1.8658091562896872,2.9013410488836016
-0.007427805204706179,-0.005712364995121043,0.007145944185493407,-0.004286902817286079,-0.10952937717781315,-1.9532970149049103,-1.8619535360590878,2.941173600549772
-0.007427448386320742,-0.005696397040567627,0.007130779318074745,-0.004262482199504108,-0.11314451174858901,-1.9414408058822714,-1.8537328225214476,2.9173127370080505
-0.007413927037965282,-0.005704489136312058,0.007117274833427563,-0.004284827980735719,-0.11119148127678737,-1.9546494564796972,-1.8415340948154049,2.933206410659031
-0.00735937010600264,-0.005721071961859705,0.007047774342340466,-0.004349226700984144,-0.1006969279438052,-1.9974978823339973,-1.7776292554037771,2.9750587895122
-0.007372765664483184,-0.0057127233588126205,0.007061342404548172,-0.00432704852213286,-0.10274023341599055,-1.9846835271152763,-1.790057271970772,2.9595571348791396
-0.007292322758298973,-0.005763071997597604,0.006977873336912291,-0.004459198520805238,-0.08956031441288458,-2.0604314231082337,-1.7128456760221986,3.051003646608559
-0.007305630494357128,-0.005754459107155416,0.006991807048437782,-0.004437120950498099,-0.09190845781659479,-2.047948961275251,-1.7258666499674609,3.035825602909009
-0.0073460005849439675,-0.005729423573878782,0.007034103878265724,-0.004371303450088407,-0.09868436236149315,-2.0102178101286303,-1.7650524069774203,2.990437361403922
-0.0073325647431356595,-0.0057376987401750795,0.0070201224667235185,-0.004393214115182272,-0.09659286421542444,-2.0228379083169266,-1.7521456009563996,3.0056078254571434
-0.007319067311136039,-0.005745985904778768,0.007005912355653479,-0.0044150887599319006,-0.09431012032280688,-2.0353999252895956,-1.7389850512390523,3.0206711682400145
-0.007345092320999123,-0.005712926318922535,0.007018753797569035,-0.004346323318578638,-0.09881158478528039,-1.9999664436191809,-1.7531542580969777,2.967810354453121
-0.007108855589039696,-0.00588584039711468,0.006774012937274822,-0.00476020116807288,-0.05250352024975836,-2.224780396608128,-1.5171966422674226,3.250740367491718
-0.007147727512676995,-0.00585915089566625,0.006819026206327077,-0.0046969292011894434,-0.0609712557001753,-2.191270974517524,-1.5611508246750716,3.2100283275803174
-0.007134852003923608,-0.005868111898525663,0.006804342285089454,-0.004718187264876195,-0.05826143462894313,-2.2025780953780836,-1.5468297378143558,3.2238588750188515
-0.00712190250291436,-0.005876969420598893,0.006789322374058242,-0.004739211523327561,-0.05546757350771115,-2.2137201660754027,-1.5321663228778581,3.237375634996717
-0.007145860206563622,-0.005842640307200077,0.006803866318682919,-0.004670805659418093,-0.06202642180642961,-2.1794020878664786,-1.5505788769897582,3.1849278309177933
-0.0071586261361726465,-0.005833214960430326,0.006817765413433561,-0.004648861719792126,-0.06478774512003023,-2.1678086067850626,-1.5641413307769294,3.1704009062245997
-0.00709385100615216,-0.0058777235137657015,0.006743420112471019,-0.004753791429946793,-0.05053496488127294,-2.2229962885842554,-1.4920261415610703,3.2374448678803946
-0.007080425437795447,-0.005886804204344649,0.006727483254320017,-0.00477498294751809,-0.04746013590303338,-2.2339378723454106,-1.4765156269453092,3.2505674764456463
-0.006953316297861692,-0.005980590231749847,0.006574327264877875,-0.004983099831292112,-0.015402057717677413,-2.336828060473603,-1.32404280577061,3.3771426080395694
-0.00694050740516015,-0.0059904678654628535,0.006558388530640947,-0.005004220270255843,-0.011899346309387548,-2.346798492171932,-1.3079380527336435,3.389511513028253
-0.006991773686109287,-0.005953105292287618,0.006622684079346582,-0.004922729401088459,-0.025400935639656185,-2.3078093548010994,-1.3721462409695475,3.3422416051821364
-0.0069791775021279855,-0.005962148766100979,0.006607002362805048,-0.004942683317194811,-0.022159415019078338,-2.3174943817945146,-1.3565471269719531,3.3539450461751685
-0.006966313978700162,-0.005971206901863486,0.0065907455860804735,-0.004962649261023633,-0.01880654390832977,-2.327090580341842,-1.3404209912786536,3.365404680363039
-0.006989558379702872,-0.005936859253805306,0.006608705314657139,-0.004896148413469889,-0.02653196596482221,-2.295063587089533,-1.3634011640916384,3.316276768648232
-0.007001100983859039,-0.005926938609896351,0.006621800962262134,-0.0048751144981011825,-0.029565259886548314,-2.2848570218281234,-1.3768025356058218,3.302965962889376
-0.007013101395019659,-0.005916884933747288,0.00663544097816206,-0.004853605867994531,-0.03265034263699826,-2.274357162106184,-1.390647274792857,3.2893899811771043
-0.007025517648835286,-0.005907111120515728,0.0066498151036359495,-0.004832316583636168,-0.03574496963992734,-2.263883419841198,-1.4050243720968254,3.2761550673049697
-0.007038218796616299,-0.0058975821865492675,0.006664683052332722,-0.004811227567346057,-0.03882875210630284,-2.2534221057894563,-1.41974110398404,3.263168375970436
-0.007051147096264174,-0.005888087845825957,0.0066798098171637526,-0.004790003613453191,-0.04191406723608632,-2.242812692309832,-1.4346347700064668,3.2500886057301783
-0.007064379321362268,-0.005878453937405385,0.006695201033952702,-0.004768316797400771,-0.045021086610501256,-2.2318929332901605,-1.4497422731223446,3.236648551337645
-0.0068771188098072705,-0.0060388592249359776,0.006477121672083545,-0.005106252000553905,0.005900488752452458,-2.3935890337479537,-1.225757927377655,3.446859203653918
-0.00684803442955689,-0.0060416416767503775,0.006428460706395525,-0.005118551233415276,0.011606355685481427,-2.397247422616523,-1.1834661461353002,3.439962928788653
-0.00686060514313444,-0.006031407083948444,0.0064446279512578005,-0.005097768984729182,0.00793019650803044,-2.3881438373299235,-1.1999641007584607,3.4285559686995164
-0.006915706865136265,-0.006010436974202286,0.006527601638292496,-0.005046252567189558,-0.00487405462799554,-2.3664230741463856,-1.276492862917178,3.4142624394751198
-0.006902925221639995,-0.0060196971079287094,0.006510926841658291,-0.005065978959037981,-0.0013546044324140695,-2.37545480187755,-1.259787266685355,3.4250384257480246
-0.006889942020634604,-0.006029066014589575,0.006493835349853652,-0.005085832034082703,0.00224824360230311,-2.3844293669282526,-1.2426799101542658,3.4356894685312356
-0.006913213011272579,-0.005994059222495219,0.006513891982379255,-0.005018983922274855,-0.006386887078259369,-2.3529964788738305,-1.2686845895911547,3.387242964206362
-0.006924945567243664,-0.005983522788910266,0.006527761806716838,-0.004997387520274142,-0.009771122688718473,-2.3429749708688763,-1.283135063568951,3.3740333535339633
-0.006630226171981928,-0.006226163720083724,0.006129101663244631,-0.005472699737879985,0.08103150314051875,-2.535044716822698,-0.8750198345353777,3.6123157427900803
-0.006601795033528456,-0.0062320463874470855,0.006080980691311129,-0.005484026383522376,0.0865752601896318,-2.53331447609218,-0.8344941047592279,3.5998806656242546
-0.006613075230931391,-0.006220123395610765,0.0060968014081277805,-0.005462734478111458,0.08235218563870776,-2.5258495159585945,-0.8516674925664448,3.589550582780411
-0.006584356927334851,-0.006227209550184607,0.0060488470179845205,-0.005475923375377088,0.08812679826150234,-2.5247524370555277,-0.8112243255294436,3.578608439734181
-0.0066557410781428825,-0.006205518449632975,0.006166707785759291,-0.005434844384817111,0.07273083647845731,-2.5225184366290403,-0.9131299933262492,3.5976009791530337
-0.006642649269186164,-0.006215039005009983,0.006147088969844185,-0.005452441128509342,0.07673558770634083,-2.5281135396534573,-0.8937275578325298,3.6035471237903898
-0.006662724403799844,-0.0061791846397501755,0.006169051576493848,-0.00538804562528323,0.06634053868327162,-2.5010650758687785,-0.9247776905381855,3.559968906287932
-0.006654206416489665,-0.006190526103867432,0.006158411640362568,-0.005408571102069928,0.06995661571709792,-2.5092330509197875,-0.9120710642010593,3.572254000690406
-0.006701361321014171,-0.006147082855971887,0.006223781390328651,-0.005328119324484369,0.0540409133604131,-2.479577597543261,-0.9804855356671404,3.533770109365654
-0.006673406587379569,-0.006166367684794046,0.0061827668649245965,-0.005364710136624175,0.06217450452528805,-2.491916424034251,-0.9404437790342658,3.5466615346120425
-0.006685957658139952,-0.006152513565279896,0.0061991526970617055,-0.005339301678285182,0.05747762130313229,-2.4820412711560107,-0.958580658353296,3.5327277716336494
-0.00615368235745891,-0.006664320701360447,0.0053434877942998985,-0.006162017639699127,0.24851175916159216,-2.649268705879497,-0.09303942218649207,3.740790242148296
-0.006161798287050471,-0.0066414370933318345,0.005359493408346628,-0.006125477759940074,0.2408947678403417,-2.6397467861763304,-0.11750634752533622,3.722124922825891
-0.00616763688390582,-0.006617041753262835,0.005371265421477713,-0.006085485570477341,0.23292249061046696,-2.62730456552041,-0.14023454861258908,3.697893122391815
-0.006183213529611163,-0.006598685549062111,0.00539910130936857,-0.006059229223025815,0.22663498625473869,-2.6253483232704276,-0.16842982598145476,3.694637719093078
-0.006224246386411325,-0.006553808274369019,0.0054711069862575235,-0.00599480401194035,0.21099195009905522,-2.6206327041134823,-0.24005360462058903,3.6879658662016577
-0.006197810554528834,-0.006581567555551229,0.005424937252888617,-0.0060345273031801655,0.22067885715460475,-2.623180340720017,-0.19471438556072782,3.6911448758947496
-0.00621142646162481,-0.006566264495341644,0.005448809995363279,-0.0060124203564397285,0.215403430405249,-2.621298361734777,-0.21869881037617686,3.6883393924431425
-0.006246360626234375,-0.006530540181650706,0.005509259350177703,-0.005960929908863505,0.20274186084506765,-2.6176295037405244,-0.2778813798346791,3.68408546344452
-0.006258663895220997,-0.006521646244212847,0.005530403378005485,-0.00594890132340915,0.19944076585418966,-2.6185908579544597,-0.2965694282581408,3.6870987873215633
-0.0062190130571064,-0.006537080308873749,0.005462100417270787,-0.005964398537332074,0.2064554523622119,-2.605491348761401,-0.24433909897410805,3.6586231724387397
-0.006226068298880083,-0.006523414947912642,0.005474141756259452,-0.005942932748739354,0.20187278007143014,-2.6001419263794543,-0.259822992194447,3.64899519992915
-0.006265149317950816,-0.006506967340614485,0.005541179718211723,-0.0059251602615461455,0.1946309782487805,-2.6116624243547153,-0.311969215805731,3.674581226710591
-0.006309028574895035,-0.00646494597124915,0.005614935981248382,-0.005862817133782572,0.17940225766310816,-2.605154998385881,-0.38383389030328613,3.6675863113778644
-0.006279967087024975,-0.006491384373806554,0.005566180432083096,-0.0059019017044807266,0.1891526265903487,-2.608763585233113,-0.3370013499961158,3.6707290569280135
-0.006289353828943337,-0.0064712367204850275,0.005581263769899852,-0.00586923885868982,0.18254149991889151,-2.5990659561354015,-0.3580788958517412,3.6535695299433497
-0.006383632031559875,-0.006436794980068595,0.005742843307802219,-0.005828564699173692,0.16479367076228804,-2.6222722533372314,-0.4868061919055774,3.711729020026552
-0.00655644677726627,-0.006241121186761245,0.0060044477997490105,-0.0055004131311983335,0.09512632671712899,-2.5288038741404244,-0.7712795931866343,3.5779671589480446
-0.006565521766523163,-0.006223614649161907,0.006014922176793648,-0.005469931449070282,0.09002638574815114,-2.516704759901364,-0.7864330067317341,3.558155724307209
-0.006389747071666424,-0.0064168689666553105,0.005750919788973261,-0.005794474803703298,0.15876190018141287,-2.609281747459288,-0.5028558579870333,3.688412686522051
-0.00640149952034366,-0.006400713057871742,0.005769201313021757,-0.0057679393202440315,0.15313636590344523,-2.601872829553837,-0.5240469502632185,3.676743479598502
-0.00641786808392811,-0.006385987767268874,0.00579560032468824,-0.00574444305403679,0.14754997696745661,-2.597492758196609,-0.5502770218008303,3.6717918042206685
-0.006430827524709814,-0.006368540840381915,0.005815297605284286,-0.005715487474700801,0.14150755024906783,-2.5890316694479445,-0.5730181070085757,3.6586804587350734
-0.006443693043951944,-0.006356022351126715,0.005835517560796679,-0.005695029930435541,0.1368030322937399,-2.584284402095946,-0.5937599228881362,3.652601479534884
-0.006530386128010603,-0.006262707263791179,0.005965221053730058,-0.00553767346306411,0.10344822330252453,-2.539007706837594,-0.7323627999075869,3.5896788241968918
-0.006524774047714471,-0.0062820290007016754,0.005960663495959439,-0.005571275872704752,0.10870946593378883,-2.553348052935742,-0.7206335384064784,3.614792504399929
-0.006509400629918805,-0.00628570937364731,0.005934724959404645,-0.005577068016320289,0.11142826483040344,-2.5512680746669103,-0.6994608381926709,3.6069141183174347
-0.006500448035773103,-0.006299043966001812,0.005922427175734656,-0.005599931530939045,0.11587096635723047,-2.5592414201801854,-0.6843430959748265,3.61941932842646
-0.00645687913745184,-0.006343277769082394,0.005856100460473783,-0.005674060432917696,0.13210931556351138,-2.5792503414526107,-0.6148995517087794,3.6461716217495863
-0.006474368801510918,-0.006329428295396219,0.005883836199880477,-0.005651356069949266,0.1264939288400406,-2.5747779382338396,-0.641764311173396,3.6419056408532353
-0.006488495433024822,-0.006312629526487101,0.005904768891782549,-0.005622976213695493,0.12063623318910281,-2.566203036848299,-0.6650006498499543,3.629376662519601
-0.006538020952005972,-0.006240319129167342,0.005972187632039903,-0.005498892465768381,0.09744340272443273,-2.52274578140227,-0.7470141991816749,3.561631137437604
-0.006363252811878387,-0.006433164316202643,0.005706495225653806,-0.0058184186201132885,0.16584955683003244,-2.6091217496087307,-0.46320191582615383,3.683379065344836
-0.006334929677180937,-0.006442974676045869,0.005658061643640847,-0.005830067564791497,0.17099121936452374,-2.602200604879213,-0.4247737779739031,3.6657890086958775
-0.00634676608684722,-0.0064314915010769795,0.005677464833410387,-0.005812377047267226,0.16683228668399297,-2.5994243977182303,-0.4440673199710421,3.6624325888731954
-0.006314578965478611,-0.006442723511533614,0.005622688908386154,-0.005825462988011867,0.17270233548317285,-2.5912930510311,-0.4010345660278604,3.642266586743997
-0.00675262499655075,-0.006122963832328717,0.006302827877758962,-0.0052789741939095365,0.041089870750126406,-2.4643938735811273,-1.0536043894038796,3.525230208031356
-0.0067403431262852,-0.006132160286273085,0.00628547821420567,-0.005296918012770485,0.04478085875092511,-2.4712406627730163,-1.036218132217394,3.5331520959612526
-0.006751370128267239,-0.0061078193346009516,0.006293777958635267,-0.0052528019506407056,0.038723393865814776,-2.451248469128583,-1.051028617635698,3.500062112428575
-0.006760160831477424,-0.006096724832494271,0.006303947321616231,-0.0052320971481488515,0.03535614058236014,-2.442416871169647,-1.0629437424324435,3.487042581090392
-0.00677154371553065,-0.006084270552062974,0.006317830252381998,-0.005208540628525076,0.031408562253691256,-2.4325034356404767,-1.078302251130717,3.473091488443481
-0.006800230307120831,-0.006067290594346674,0.006359163749435305,-0.00517362656212951,0.02381046378917403,-2.419150253933685,-1.1178607369296245,3.460049424188056
-0.0067851166090147075,-0.006071330639889096,0.00633508338551845,-0.005183644769350578,0.02699742254721926,-2.4221406650378694,-1.0965542542624547,3.459262210210835
-0.006808975302166843,-0.006057039874790277,0.006369151152538254,-0.0051541162729905965,0.020718270694747378,-2.4106169528385393,-1.129204141623,3.4477565731208695
-0.006819256632986864,-0.00604541970241896,0.006380970008078228,-0.005131875268605972,0.017214736574623375,-2.4008708869951367,-1.1424244569512547,3.433884281200573
-0.006830986507212602,-0.006034311335203525,0.006395384833190221,-0.005110116125234265,0.01357618681728399,-2.3914464126099078,-1.1576236121796544,3.421299316345248
-0.0067261087327659536,-0.006126750833399343,0.006258275060550278,-0.005289522424645943,0.04628058611020593,-2.465127303012796,-1.015579079261202,3.5161175707719865
-0.006711042123539033,-0.00613262501499287,0.0062345921585437725,-0.005301757314918013,0.04972896462534043,-2.4684408844645893,-0.9942254160239229,3.516575997289615
-0.0074954696488305625,-0.005672491742345131,0.007212385862538123,-0.004174151688161022,-0.11750027288398845,-1.885750242026169,-1.921451720939592,2.8599289527969813
-0.007481686134284121,-0.005664385323882457,0.007183895284607055,-0.004172651720977385,-0.12046748071865443,-1.8878867925141378,-1.901263249049613,2.8529350836976572
-0.0074677145162959134,-0.005656043475529352,0.007155594074042536,-0.004171181953701469,-0.11557628532175312,-1.893044264698993,-1.8749156511435066,2.8495636646020235
-0.005620114333220818,0.007190747218640105,0.004299949449146217,0.0067122713447942016,0.3842892425848285,-2.415870769529032,-0.7406338031703174,3.3947227167296297
-0.005597693864663959,0.007220491606338456,0.004249972947557175,0.00674003438623786,0.3894209502935371,-2.4000221282266128,-0.7777069065670733,3.3743950501480913
-0.005568522691737686,0.0072459064679033635,0.004192392870278919,0.006755790850497931,0.39201313798877874,-2.376979121902002,-0.810911389671474,3.3400972006468117
-0.005547808534358955,0.007274909270534762,0.0041448595379559375,0.006782353277839396,0.39679058205882983,-2.361149877477942,-0.845587833277683,3.320159186259815
-0.00551993938210045,0.007344781049093489,0.004060325887349941,0.006860996581299323,0.412026571604903,-2.3396369353907467,-0.9251800914728973,3.303599974289026
-0.005490907987251572,0.00735859625778791,0.004010090559381216,0.0068576808594092735,0.40985530441531876,-2.314135333978351,-0.9427864795644182,3.261947981725022
-0.005522830285679618,0.007306897786349652,0.004089038207782866,0.006809282334993517,0.4013470661147549,-2.3409394294515846,-0.8836046755011572,3.293547737665086
-0.005401458105988369,0.007531479356554319,0.0037617986177392072,0.007021021887274089,0.43630639834895707,-2.224832578586789,-1.131842288985583,3.1626363866962808
-0.0054149634855431795,0.007501948689879807,0.003802716326558105,0.006992924492662241,0.432165403501306,-2.2400447972626183,-1.1002990929196763,3.1788883959470664
-0.005401651006488069,0.007474158597718938,0.003805768668241943,0.006944479815663934,0.4215807460095945,-2.2316786698434123,-1.0690468151919492,3.1527228066918784
-0.005411889910689047,0.007446760367657223,0.003839674647599017,0.006915965449949693,0.41672265417263926,-2.2426760819019265,-1.0399029879182657,3.162717965175194
-0.00546175909063917,0.007369371614625886,0.003962158039491952,0.006849839988012898,0.4069298061048316,-2.288755297646494,-0.9561595989257422,3.219503593753398
-0.0054298332288482175,0.007413467539593054,0.003887824613960807,0.006885220961489463,0.4120343315106311,-2.260019967294699,-1.0043521454168625,3.182433524773164
-0.005436534632367542,0.007381880237363696,0.0039188917008195785,0.006847313264814839,0.40478721228239845,-2.266891480856891,-0.9705947389658751,3.1841914451359408
-0.005361692479635869,0.007539458148718173,0.0037029452097085964,0.006997757626503994,0.4283735471494375,-2.190145230596457,-1.1364716090786795,3.1018354740224696
-0.004997839664211819,0.007978785796326309,0.0028842522049862536,0.0071932809575130105,0.4077688026519389,-1.791696350515249,-1.4745720595984404,2.558827668107897
-0.004964640313982832,0.007992600160785332,0.002836397831889706,0.007177488979276589,0.3995942281889148,-1.765294628138974,-1.4729200324141052,2.515499364131532
-0.005055676610816564,0.00789342762809913,0.003027903911535545,0.007154508244041237,0.4136090122800658,-1.8635628535343478,-1.4186316502778005,2.652148768523613
-0.0050311153140222805,0.007919702454035086,0.0029764286704541862,0.007160838366511349,0.40991136093862224,-1.837190553822653,-1.4338837178403494,2.615400784025318
-0.005005344069643601,0.007943483632999326,0.002926255146537963,0.007163001801945232,0.40543183456579807,-1.8111820344166945,-1.4454858272029034,2.577854613901943
-0.005318047474746791,0.007534675601227422,0.0036499119444567984,0.006954969587345781,0.4162863147214287,-2.154879208178434,-1.1265933587597117,3.0356480064642635
-0.005306544139318527,0.007560467202338585,0.0036150092672802238,0.006978519525788558,0.4196947710631864,-2.1415937256724544,-1.1520402703829884,3.0212806618190218
-0.005282929451689096,0.007581975856232773,0.003567927048443311,0.006986036570258735,0.41841058393005515,-2.119043444210277,-1.1710087536909537,2.9884868786448817
-0.00525045360764372,0.0076022345661902226,0.0035109512684460523,0.006984138446966597,0.4146369558541902,-2.089922354484138,-1.1865215776888185,2.9433461999678134
-0.005056557680515426,0.007857856865259503,0.0030620382752909042,0.007116335863514095,0.408609331120819,-1.8774361994452018,-1.385432882785965,2.661036279842584
-0.00521410262228391,0.007625673237147631,0.003447130362070005,0.006982538787700514,0.41043196454627673,-2.0572217537660418,-1.2033242160764652,2.892876849698666
-0.0050652466678097995,0.007815404628629353,0.0031103113295570663,0.007076924127954432,0.404302542883744,-1.8980584607272617,-1.3485536860706693,2.680048909629438
-0.005099058764898178,0.007786373432484883,0.003174335782933974,0.007073686653389947,0.4093726092464437,-1.930669465011914,-1.3316411386981848,2.727481964230154
-0.0051922605142767425,0.007665419761626637,0.0033878722991152297,0.0070123190346170925,0.4123402168911872,-2.0316564578152696,-1.2384311954165195,2.862128291104838
-0.005180466177721513,0.007700808269963055,0.0033438020824690584,0.0070446445116362335,0.41651592529327824,-2.0139228640943982,-1.2708572068455386,2.844269739270645
-0.005116806129867137,0.007751774854398128,0.0032251661361381192,0.007049442628230492,0.4081846571148012,-1.9536552506798721,-1.303760298428516,2.754948490515879
-0.005148761068789945,0.0077209574392098365,0.003289017247977491,0.007041151183558708,0.4115321015537428,-1.985266126054759,-1.2826702880531025,2.8000673408048846
-0.007481079163916605,0.005647789387948319,0.007168035636135758,0.004148493393002619,-0.11724674487797417,-1.8796923044187859,1.8858972360733723,2.8333487063261784
-0.007467227677296317,0.005655769369174539,0.007154620100891401,0.0041711437722956055,-0.11545133729392588,-1.8931974422271292,1.8740347020097567,2.8494820028962082
-0.0078853278497963,0.005469198559067849,0.0075512086635499956,0.0035243869158833926,-0.14043148548754428,-1.4815978395006535,2.2009800170010743,2.3810883014654407
-0.007872317254766838,0.005459920031735022,0.007524345432114109,0.0035261780065899144,-0.14312405258042318,-1.4877915456064608,2.182263797677422,2.379054629612757
-0.00789957242995771,0.005462577381044804,0.007562236522537538,0.003500661869810562,-0.13940349824760032,-1.466561592438995,2.209265144908562,2.36352851913369
-0.007886570071129329,0.005453273600807436,0.007535438976029512,0.003502589725188547,-0.14331506283623538,-1.4728594826010568,2.190671382680708,2.3616089699741987
-0.00791383775538694,0.0054560009805072595,0.00757319922846535,0.003476881784412958,-0.13962438078403971,-1.4514891294253391,2.2174622706500626,2.3458822213739956
-0.007900841625117854,0.005446644550186033,0.007546428764421409,0.0034789359572623382,-0.14328280538800883,-1.4578779904470043,2.1989616022093466,2.3441063644880384
-0.007928123681040953,0.00544946942445865,0.007584091712394843,0.003453057612740366,-0.1403449624312091,-1.4363650217643198,2.2255734354222736,2.3282110101273483
-0.007915151207605399,0.005440062637491198,0.007557367284379957,0.0034552346672170812,-0.14289310925649376,-1.4428569601388306,2.2071576844940335,2.3265950197549152
-0.007859153371506682,0.0054503071831329235,0.007497617976632682,0.003527842275737669,-0.13904374784005893,-1.4974900983903454,2.158245830657411,2.3818132008241233
-0.007844867676687234,0.005456951090281335,0.007486261061646285,0.003551189551603398,-0.13896796619423987,-1.5122275109218404,2.149518863329781,2.3989634219122915
-0.00783059908283213,0.005463734463151664,0.007474925061151757,0.003574626350267124,-0.13881693495806965,-1.5269541170902248,2.1407740234799957,2.41616970991592
-0.007816385838517927,0.005470642872322137,0.007463642805423001,0.0035980978350015256,-0.13867349765685136,-1.5416367147803463,2.1320324494217733,2.433395470456172
-0.007802220312628054,0.005477574458754839,0.0074522987929886856,0.0036214805976505777,-0.13855095233228717,-1.5562542257926462,2.1231855637933195,2.450557612138528
-0.007788046769548033,0.005484439613719979,0.007440729450454459,0.003644711026629014,-0.13835443748638962,-1.5708219885393595,2.114089918570372,2.467609311283702
-0.007731418918850622,0.005512662074274693,0.007393852359283431,0.003737833641379178,-0.136534011692047,-1.6288764862166805,2.076763311774878,2.5358593301158963
-0.007745505395937455,0.005505422947786751,0.00740551322505265,0.0037144865018214914,-0.13696415938928744,-1.61441615636472,2.0861109939513054,2.5187603124914726
-0.00775964105704388,0.00549826039577725,0.007417168621843953,0.003691122079790231,-0.1374672911925391,-1.5999062406489577,2.095403310180217,2.5016441124077464
-0.007773838823440535,0.005491286549981795,0.007428950626985558,0.0036678753626780513,-0.1379813885153356,-1.5853698337078581,2.1047663466890536,2.4846040473839555
-0.007717312868548899,0.005519825926196021,0.007381941631116197,0.003761022633911416,-0.13605327108699547,-1.6432830634985176,2.0671425024076178,2.552831607357031
-0.007661163804841315,0.005548945890476143,0.007333668361010597,0.0038533877611586493,-0.1331874783671615,-1.7003784810151423,2.0276289506123732,2.620274018600021
-0.007675115981309388,0.0055416017211105915,0.00734577728155639,0.0038304016698733523,-0.13387327077394204,-1.6862141673842637,2.0376236757229584,2.6035049069346248
-0.007703168085838513,0.005526945616708506,0.007369787681959193,0.0037841097340193005,-0.1353850699306884,-1.6576528067282383,2.0572608216654302,2.569707810394663
-0.007689083894316803,0.005534202656982287,0.007357706342403928,0.0038072496678279873,-0.1346017377516676,-1.6719737263952668,2.0474004549255937,2.586604566380189
-0.007647393995840887,0.005539703785809074,0.007305443835640304,0.0038529936587788217,-0.13139102712384468,-1.7066809682128208,2.0040241410133324,2.6178753176895726
-0.007480628622748616,0.005630839078554768,0.007151938109802399,0.004123699114162536,-0.11682216281768772,-1.8704016011042839,1.8727976256351255,2.811802023415153
-0.007494915840790646,0.005623192084881275,0.0071660514820064206,0.004101231335054891,-0.11842386109416199,-1.856869311077704,1.8851344596384723,2.795985315994102
-0.007508929734190993,0.005616034168486351,0.007180065653522424,0.004079598947526679,-0.11996077642202478,-1.8436881557731037,1.8973229870527992,2.7807634537281003
-0.007522296116264107,0.005608256718435734,0.0071924217838211365,0.00405748967044644,-0.1212835854841219,-1.8305151895078688,1.9080663376279112,2.764942045010514
-0.007535933285559698,0.005600607312011859,0.007205151337861288,0.004035264597912183,-0.12264892579720689,-1.8171951674105442,1.9190681758783088,2.7490978192515043
-0.007549853495502171,0.005593313319176764,0.007218481783424205,0.004013240173293652,-0.12393276890389315,-1.8037639320220913,1.9305441099152894,2.733405174873482
-0.0075629706410091325,0.005585383987588138,0.007229917537331058,0.003990881769100619,-0.12513246614437415,-1.7905268685282982,1.940353641258593,2.717284052945845
-0.007633245496523857,0.005546680275204388,0.007292499112064127,0.0038753551047047484,-0.13045470707491166,-1.7205662993889048,1.993245019190922,2.633984645795058
-0.007619001181623571,0.005553785575045726,0.007279401436633499,0.0038978909943108487,-0.12945095094592915,-1.7345128357953243,1.9822841769568562,2.6501925700332296
-0.0076046443347337666,0.005561074393087925,0.007266176290119508,0.003920691888101134,-0.12838727721221718,-1.748560069341931,1.9711609015769989,2.666572952478239
-0.0075768991418150135,0.005577639116090923,0.00724254843330379,0.003968039714704525,-0.12627365312899655,-1.7767269536261858,1.951139070741469,2.700845326337166
-0.007590135423766644,0.005568765935114267,0.007252971689612556,0.00394410484046178,-0.12729384877416727,-1.7628430093017151,1.9600011473616135,2.6834026653277827
-0.007359473891950963,0.005721193572320929,0.007048037783034799,0.004349344468799945,-0.10076715132214241,-1.997480586662187,1.777870054405444,2.975220986107907
-0.00734605246544449,0.005729476926932477,0.0070342301557783865,0.004371351379375966,-0.09867341839764572,-2.010187218723566,1.7651756901644953,2.990522632174969
-0.007332646760653388,0.005737821672448628,0.0070203543191593625,0.004393351968451263,-0.09652619256255889,-2.022835130585712,1.752365415115525,3.0057726191020913
-0.007319230476685722,0.005746188959311397,0.007006336715757455,0.004415302186631068,-0.09433225002273828,-2.035412871112657,1.7393733485482985,3.0209258713233678
-0.007413223918948932,0.00568840173902483,0.007102222315617287,0.004260903722556529,-0.10858063085448111,-1.945983658781102,1.8271767495029494,2.9132075593017017
-0.007426627805605431,0.0056802975261992785,0.00711544123264883,0.004238742627651368,-0.11029701440566485,-1.9329852662373368,1.839081230764217,2.897543797959971
-0.007440038406063148,0.005672117687874344,0.007128459905014004,0.00421637833880259,-0.11197064668584068,-1.9198678903651911,1.8507520817680365,2.8816752008637176
-0.007453546574548708,0.005663907793384389,0.0071414524813777054,0.004193814096127034,-0.11368040140057807,-1.9066034831590681,1.8623426115464146,2.8656244898731984
-0.007358703271861388,0.0057047725797374806,0.0070328555143923015,0.004324503948145138,-0.10087080143665615,-1.9874140544617902,1.7660039515531472,2.9528303694714526
-0.007372070422031651,0.005696374960629645,0.007046231833252863,0.004302384835945882,-0.10285461925806945,-1.9747241872202235,1.7782107510247818,2.937446653987011
-0.007385479982295749,0.005688095831527087,0.0070596317742211935,0.0042803318428455564,-0.10477947270168285,-1.962004410210924,1.790379086837121,2.9220915912190715
-0.007398951601032385,0.005680117336800294,0.007073245340393232,0.00425860624196572,-0.1066548811562557,-1.949347416704095,1.8026672524327798,2.906992745310527
-0.007305789073898783,0.005754552239565402,0.006992132776836306,0.004437168048213644,-0.09204936633664546,-2.0479057360869546,1.726162374882527,3.0359434741599642
-0.007292367941882882,0.005762992598182565,0.006977879834858497,0.0044590468585982345,-0.08968958319173236,-2.0603395784579805,1.7128533470641492,3.0509199584617366
-0.007239044954420088,0.005797343742722551,0.006920472780682282,0.004546313379785372,-0.07975568529044898,-2.109286894705703,1.658725427189436,3.110127534453291
-0.007252305001817343,0.005788649052197967,0.006934842997210348,0.004524512751854049,-0.08235049477731747,-2.097166623300831,1.6723499027112554,3.095413265423528
-0.007265633895011223,0.005780051829603897,0.006949256286264391,0.004502731206854377,-0.08487662150438774,-2.0849756451705113,1.685963450128172,3.080671708784695
-0.007278990503223524,0.00577151005648435,0.006963613875221086,0.004480924330014894,-0.08730903873431807,-2.072705042692102,1.6994758938120473,3.0658530192668163
-0.007130456457041485,0.005833015399675029,0.006771754973512075,0.004662850431725999,-0.05956143249384816,-2.1775358650950927,1.5237723146356803,3.1709171810932895
-0.007143837101574217,0.005824387514857268,0.006787244125981394,0.004642111643678192,-0.062363215498690415,-2.1665809826421416,1.5385522116181585,3.1579150552640467
-0.007185152439341065,0.005816249286641224,0.006848159370986664,0.004607238590424691,-0.07023228020597007,-2.1453429356605427,1.5931496860136407,3.143653647703068
-0.007197984472603675,0.005807443360477125,0.0068622104396269855,0.004585985495213393,-0.07282551992352736,-2.1338604520246105,1.60662453330049,3.1295861684205026
-0.007157342146968549,0.005816246035378253,0.006803155901110213,0.004621987238945246,-0.06512353483004524,-2.1558088550798122,1.553596188032962,3.1454376156033974
-0.0071705887974324554,0.005808615491257291,0.00681890065758669,0.004602710612569345,-0.06778287177239117,-2.145367985000242,1.568395726343098,3.133530873585162
-0.007210933360156646,0.005798484559681922,0.0068761926358657565,0.004564332016841387,-0.07538343161168654,-2.122122535962282,1.6200116959611799,3.1151404757101004
-0.007224063228388104,0.005789541362497636,0.006890333448090304,0.0045425113501669735,-0.07792991393127778,-2.1102236830343593,1.6334842816362325,3.1005538005694695
-0.0071019094170133,0.005832941156820996,0.00672531256527241,0.004676605541394642,-0.054539145468353804,-2.186543710426047,1.4835504190963833,3.1706226163660234
-0.007114812191923007,0.00582371933352586,0.006739745471368249,0.0046554574834548,-0.05730889181611737,-2.1756802167420264,1.4974847913960951,3.1572635427022107
-0.007088841857667092,0.005842411982735516,0.00671064580442473,0.004698141954802496,-0.051690837171569616,-2.1975373867982833,1.4693304462804202,3.1841925615826465
-0.007077932944416879,0.0058703484726213345,0.00671202604354913,0.00474889951117087,-0.04795306448770865,-2.221939585371553,1.4657415027691914,3.225396995980995
-0.007065265767161661,0.0058802693814097,0.0066978986066694125,0.004770927530370203,-0.04497296556522424,-2.2330682162908713,1.4517153943018262,3.239510507670101
-0.007075220964305243,0.005852082643822275,0.006695068605420011,0.004720159699881717,-0.04866957851743087,-2.208722188886243,1.4542432660523656,3.197864196404721
-0.00703973008752694,0.0058992044553602165,0.006668266965330985,0.004813294830689089,-0.038896620617345244,-2.2543344036666286,1.4224845934130845,3.265849736593617
-0.007052287233594106,0.0058894781233543685,0.006682630839022436,0.004791819485509211,-0.041993621525349974,-2.2436231751409412,1.4367631476299856,3.252363089414232
-0.007025451125747702,0.005893870921669648,0.006641065148130449,0.0048103525567456526,-0.03674070621396983,-2.2534974927031004,1.399983672350466,3.2559778498034957
-0.007011822894145677,0.0059003835533921155,0.006622691493297511,0.0048266435842888936,-0.033773632350605216,-2.261591133428286,1.3828939779049296,3.2639743688944303
-0.0069988712867994725,0.005908929241673913,0.006606638458787784,0.004845914073452243,-0.03070126377236428,-2.2709885245730455,1.3673751825505442,3.274952821438721
-0.0058733694206191825,0.0069392979616968095,0.004809446982145671,0.0064869702433897536,0.33312898103391614,-2.5715476583090973,-0.3720392726465966,3.6207549217395214
-0.005854282746173851,0.006955310541109936,0.004772764244937077,0.006501588614695242,0.33693358172171944,-2.56123797891355,-0.39917883498386825,3.6046196553295657
-0.005891342547042488,0.00689979834409063,0.004852004614434059,0.006433051758468413,0.3212032420471079,-2.5703636502386904,-0.32306322973294277,3.6118935050326963
-0.005869041203017968,0.006912404797513437,0.004811671331108121,0.0064408734969833336,0.3238079484716397,-2.5566589631569987,-0.3490991199915859,3.5886300198270997
-0.005940406707651121,0.006832168130041983,0.004952260337454776,0.006348808796504397,0.301518977059048,-2.580279468072625,-0.2277633205507529,3.620626419576332
-0.005917862749809751,0.006849108415947251,0.004910626752056068,0.0063647910529480685,0.30595397883324166,-2.569741805140458,-0.25883622716891974,3.60325315058375
-0.005895955763613099,0.00687050772152411,0.0048686567189869315,0.006387934292799012,0.3117444676188707,-2.561319177315722,-0.2929926345143136,3.5906634697147046
-0.005965161470131264,0.006789381286228174,0.005003744312567253,0.006290758003274722,0.2885082446583987,-2.57889025776068,-0.17240254613012282,3.613052368747838
-0.005937073988485527,0.006804613111467778,0.004953909456449316,0.006301902460924804,0.2923252776155185,-2.564089340007761,-0.20619902779894209,3.587144327404322
-0.005812473435301771,0.0069919945255708564,0.00469163735375729,0.006534995790192766,0.3452414985480331,-2.5380756059286598,-0.458846162290535,3.5690915093094873
-0.005832974415190231,0.0069721586941209005,0.00473215015063377,0.0065158609331759645,0.34073944081167,-2.5489309449956283,-0.4280223361968391,3.5851240418148183
-0.005785743763073,0.00697798536926282,0.00465485917348434,0.006496435073898287,0.33822345583707364,-2.5096584829521156,-0.45917270214758477,3.5144383243491264
-0.005764414096825603,0.006981297709208056,0.004620127621601416,0.006488667352382049,0.33718645380718104,-2.4923087016377563,-0.4731822906887803,3.483594999193643
-0.005705612440924154,0.007051636005910231,0.004499236879279355,0.006560572948909437,0.35310692160702,-2.4623096004425524,-0.5686633349469786,3.4439404996448917
-0.0057248681345484055,0.0070191627862785716,0.004543146879106396,0.006522942001936272,0.3451039080489322,-2.4699080086141136,-0.5285276494577914,3.4507634161897838
-0.005747305451020193,0.006999609327325369,0.004586071406622077,0.006506669768187648,0.34146343030277104,-2.4833969233403557,-0.499216853675385,3.47111196669391
-0.0056290690290477065,0.0071375939167198565,0.004341805534048375,0.006639453620540436,0.36932736306538366,-2.4148326066857906,-0.6827588255227067,3.3788453607270874
-0.005612947622792287,0.0071605139415063315,0.004305799769836135,0.0066623584801957635,0.3738541858069029,-2.4047929051434065,-0.7108967454467423,3.3666321548578297
-0.0056724539070019024,0.007068909491046812,0.004440800616218742,0.006565371731561712,0.35426320051375243,-2.4379173228375652,-0.598706336683377,3.4038542504352844
-0.005644731760003543,0.007085858619558468,0.004391053501696721,0.006572725913475832,0.3558386542223387,-2.4178972783042885,-0.6254558929154648,3.371847889078641
-0.005619257464531429,0.007106534142437588,0.004342992768622118,0.006586674801823498,0.35859789684323445,-2.4003689080145327,-0.6543426000295094,3.3453031657825956
-0.006985972949882781,0.005919353316618448,0.006591727059905939,0.004868182913884901,-0.02750881887212536,-2.2817238781103053,1.352418633761518,3.2886082800639085
-0.006974439057013113,0.005930988586463041,0.006579686602678806,0.004891887865828891,-0.02421143492610222,-2.293052068393643,1.3396013561024676,3.304205682575163
-0.006159455291213092,0.006586024604282648,0.005358962540554054,0.006029525526825858,0.22370687825852142,-2.6009455790702494,0.152424943349569,3.646505253961634
-0.006220443140772828,0.006561965550954306,0.0054644588271785454,0.00600777295242197,0.2137090466348507,-2.624097623693783,0.2309735178389498,3.6942815955721
-0.006205142441159246,0.006569964238830963,0.005437887279348706,0.006016846676050195,0.2167868525342959,-2.619931799813767,0.2097283438272927,3.68526410112401
-0.006182394890947474,0.006570453652355489,0.005398770067462181,0.006010453852466271,0.21822287994231804,-2.6054494500571366,0.18555923481510245,3.6561005323624722
-0.0064089547643853195,0.006385798562229429,0.005779914521226064,0.005742852162179309,0.148263701944372,-2.593294016311285,0.5392796701976535,3.6621037374805705
-0.00639278180330135,0.006394079025822512,0.005752892789170707,0.00575496163406707,0.15215434683548582,-2.592489642861828,0.5159072903067975,3.657450205934255
-0.00627317103457086,0.006506906082482087,0.0055551004812187475,0.00592713596844615,0.19415288091870925,-2.616343180171396,0.32093594290804084,3.684283517155208
-0.0062402518189430805,0.0065382570782017806,0.005498774037824374,0.005972569437895453,0.20551198083261743,-2.6194935935897963,0.26661022835353126,3.687020299923727
-0.006223679850475445,0.006545061198526688,0.005470149894797501,0.005979512357433052,0.20830767010764065,-2.6141200680618275,0.24461673991009242,3.675392339096848
-0.006257938300268687,0.00651254804986428,0.00552887526986325,0.005932918410900064,0.19684714803851802,-2.611508007299332,0.3007006724007742,3.67346718033984
-0.006242538342752075,0.006520527040543062,0.005502458027478876,0.005942540627288882,0.20011066049698162,-2.60811950266954,0.2792591287900988,3.6655405947063278
-0.006317279329240053,0.006460416741084694,0.005628928254576283,0.005856750204466167,0.17745663293610406,-2.6061946907999625,0.3956263960780877,3.6706633828038777
-0.006302426817714428,0.006466759763794537,0.005603605682334611,0.005864475797570153,0.18048075755212842,-2.602928071045296,0.3751704098131046,3.662458059727044
-0.006282812476453507,0.006492582052877692,0.0055711771511098365,0.005904680883251573,0.18928855345628942,-2.6112762491662416,0.3395017572630867,3.6757572714800277
-0.006287804218263979,0.006474763507430273,0.0055788066426820625,0.00587497961562195,0.18390027100103276,-2.6008406865854132,0.3543797778868209,3.6566495759262763
-0.006371489493811479,0.006400599826944398,0.005716680186951899,0.005762954801515034,0.15610361814787851,-2.5875512253822346,0.48710852448979,3.644301271021356
-0.006326443281546387,0.006445532856412957,0.005643537400667972,0.005832792784216682,0.17262804554550645,-2.5996984419046854,0.4134741008441894,3.659737532554574
-0.006340758238660206,0.006428249536086503,0.005666656339426346,0.005805577885544221,0.16634984688161822,-2.593840324583247,0.4383027089534322,3.6509201653383028
-0.006356549661884008,0.006413755220463705,0.005692406832634175,0.005783291001018233,0.1611047400010204,-2.590541257721723,0.46351947660230725,3.6473242705668967
-0.006463379489448451,0.006345268566660878,0.005867942623242986,0.005678202506845929,0.1316958943081353,-2.5835531730271746,0.6227684266177941,3.655652579968048
-0.006448546549817059,0.006353772167954524,0.005843601420279018,0.005691616674065321,0.13558861838951122,-2.5844847966262954,0.6008700168283382,3.654009492680054
-0.0064347677188673225,0.006364367371305848,0.005821446242784282,0.005708642774200357,0.13986372696985103,-2.5873351984080837,0.579661494270625,3.6563098179748548
-0.006422149017869423,0.006375229651950593,0.0058012658399590215,0.005726120803699008,0.14408520396534485,-2.5906711398177262,0.5598119751622942,3.6598799281319736
-0.00613911691717491,0.006600884368797893,0.005323518742259015,0.0060478506316434385,0.22895038581319652,-2.5971570719450607,0.12250891802959911,3.638678380858647
-0.006119558448018686,0.006617108212103166,0.005289194814812028,0.006068402118133213,0.23430951579134704,-2.5943430349414487,0.09274408700268112,3.6330101078738584
-0.006104300765075453,0.006628883673004768,0.005262384285812569,0.006082711787415596,0.2383333434577731,-2.5912386208921094,0.07021002652478593,3.6270157832760725
-0.006096178473641479,0.006649721406781913,0.005246566833380157,0.006114803758486187,0.24496393101454597,-2.5985921337246665,0.04794574488370414,3.6414565955922518
-0.0060738549869052754,0.006665903936891771,0.0052070547563897686,0.006133305355618665,0.2501944579555114,-2.5924998999054583,0.01582180612035167,3.6301415693741705
-0.005955209431082994,0.006758377092504198,0.004994383625783833,0.006235072445568327,0.27826483277543046,-2.5551804731427534,-0.1541359818881043,3.5657183612346564
-0.005973992141382898,0.00674754776226127,0.005027460127174446,0.006226062434661957,0.27548179483198315,-2.564072996045125,-0.13094876028528127,3.5813153904796757
-0.005985240076372023,0.0067295900920930985,0.005049538274024933,0.006201635236576936,0.2698042374058081,-2.563128169643964,-0.10781250798390836,3.578053257325614
-0.006007186254565935,0.006712912526710407,0.005088801266394711,0.006183828121313378,0.2651021369978481,-2.570579964722173,-0.0771186636966011,3.5908537662579794
-0.006050263578270836,0.006680536974237802,0.005165548948459122,0.006148266196675393,0.25502837545180984,-2.584021067056375,-0.01599457462377413,3.6144946622952943
-0.006027680254164466,0.006692711297999085,0.005126117034037402,0.006159133757870812,0.25879819381093755,-2.574464220527282,-0.044598216305995315,3.5969784463481997
-0.006764986615995657,0.006063634089690424,0.006296896444928255,0.0051742970000309895,0.029171202349311674,-2.4147571900642304,1.0673788977103182,3.4372329671259365
-0.006748406316521002,0.006089869743439874,0.00628051754175694,0.0052222542039561,0.036166932661894365,-2.4357744349024366,1.0458110564866792,3.4699313834645547
-0.006748578627018578,0.006070650436505383,0.006272083648048839,0.0051892530071644205,0.03302018752272328,-2.4196424792928117,1.0448887063845562,3.4398708666728552
-0.0067358763423088115,0.006116108785789048,0.006270593800303678,0.005269613668153359,0.0428275980568452,-2.4570654692322993,1.0291754241966515,3.5048271195384078
-0.0067327768754512065,0.006097932118237958,0.006257209595842879,0.005238659433960602,0.04009838657205881,-2.441285454159345,1.02416778921398,3.474147873143665
-0.006723781829066938,0.006126906431472558,0.0062543006255858955,0.005290117349146602,0.04665228643327346,-2.465071785395198,1.0122533161230665,3.515124770393609
-0.006713911899014593,0.006139128118237106,0.006242338762960114,0.005312712383400802,0.05060243484979036,-2.47439419686343,0.9983320319994394,3.528812138191597
-0.006700211146320067,0.006145053696799251,0.006220942110053535,0.00532471521643743,0.05375859702398766,-2.477724774271317,0.9788601894111464,3.529890598773179
-0.006685419991018613,0.006155438482292557,0.0061993943567636494,0.005344460068163709,0.05820136158531682,-2.4844766816556874,0.9577911903722286,3.5370898204582555
-0.0069574415721176605,0.005936984240279628,0.006554904317821435,0.004908000347559077,-0.020681335007238937,-2.3006484429114686,1.317050035041478,3.3097934134091
-0.006937453246323846,0.005939786468132625,0.0065231453461081805,0.004919561649015969,-0.016839211686428355,-2.3057637220062834,1.2894359510876876,3.3093704237556696
-0.006920874917284051,0.00594670369786541,0.006499475879806371,0.004936596207161551,-0.013192366602300191,-2.3134026583953595,1.2677745141713046,3.315675839356666
-0.006856333840151788,0.005993217235242782,0.0064168954074323445,0.005033851943871751,0.003592100046995198,-2.356558734177659,1.1867685411648596,3.3669200151973264
-0.006905338027838337,0.005955907553862795,0.0064787530922496075,0.004956926625483812,-0.00945297351530499,-2.3225236269331972,1.2480765425170397,3.3254391148432343
-0.006875096599888474,0.005982958329136149,0.006443015272887374,0.005011373202278767,-9.160136096473136E-4,-2.3470873770255376,1.211297833210555,3.3576224282704716
-0.006890767653695186,0.00596748235311847,0.006460835021245867,0.004980774912690763,-0.005548273119388423,-2.3332663096362523,1.230151259743846,3.33883951691725
-0.0068368958554197055,0.005982058717661245,0.006378313801873164,0.005020186564470479,0.00555266936431134,-2.3482576845278214,1.1575421639227024,3.3427396801964266
-0.006822721756020843,0.0059936096803765255,0.00636049546244321,0.00504313075445053,0.00945503485021456,-2.357984705603999,1.1397448971564064,3.354890700528301
-0.006810149106440522,0.006005257639740691,0.006345248652246743,0.005065732214709035,0.013146787057524952,-2.367603965574373,1.1239976779206684,3.3675899995493275
-0.006764590179630975,0.006047315316536319,0.0062885928284803685,0.005146567475940969,0.026821119441346263,-2.4011751841732702,1.0654746462114733,3.4117434991587103
-0.006773586934547313,0.006036976935319341,0.006298982898605268,0.005127261504678764,0.023753982254580086,-2.3930254944294074,1.0770011129041535,3.400112104933687
-0.006784889465569241,0.006025611466482156,0.0063126625103166216,0.005105696416627254,0.020231056705776396,-2.3840235049111835,1.091476815225234,3.3878604079066323
-0.006797605862426864,0.00601566092030981,0.0063292794492336504,0.005086129692613409,0.016649458622502607,-2.3760787755905635,1.107937632087814,3.3782155721007823
-0.006662036697062948,0.006181560143120062,0.0061687527127214144,0.005392262180790944,0.06699552461453373,-2.5029902900008967,0.9236520851229214,3.5633436527782743
-0.006669813138977028,0.00616692019013489,0.006176713112785809,0.005366006225705488,0.06282790358783565,-2.491794024174166,0.9354061385656535,3.545168161001957
-0.006647544232886773,0.00618940970756266,0.006146323960163604,0.005407081568865686,0.07075021868167573,-2.5069915136114926,0.9027555717750764,3.565787210033591
-0.006610691824447741,0.006201001948664994,0.006086104773624905,0.005429394371123106,0.07866669669067848,-2.509006035341755,0.8507451594102121,3.55747381128147
-0.0066272161783445666,0.006192675722646746,0.006111994248069423,0.005414055045526168,0.07444485795314966,-2.505620380723594,0.8742699620006745,3.556467016425714
-0.006595868823714959,0.0062100371735734515,0.006063334246017114,0.005445684435475378,0.08268653685843176,-2.513129849425615,0.8293869475675567,3.560507862657691
-0.006523031929375794,0.006259894744179434,0.005951642333238317,0.005532583860886277,0.1037807949607666,-2.534339897273429,0.7233236808119377,3.578998637564708
-0.006532159657497389,0.006247491498146616,0.005964062550008761,0.0055112463204563525,0.09975299724338087,-2.5269237075644693,0.7378851891290231,3.567696553543588
-0.00657880794690432,0.006217201730978235,0.006035983897750552,0.005458584233475294,0.08667046787966094,-2.5148625415523242,0.805253197824776,3.55856148328567
-0.006544510565798409,0.006234974320920932,0.005981890091423283,0.00548967713037703,0.09533470801773399,-2.520246048221756,0.7565555486331089,3.5587132383472118
-0.006560807812143035,0.006224904145397815,0.0060071357469949375,0.005472200414126123,0.0908670944568911,-2.516493204123355,0.7799286868133525,3.5563434130814184
-0.006478683261736985,0.006318591593925334,0.005888958285941382,0.0056327014405551,0.12320154352855404,-2.56744822038643,0.6506785399854523,3.629246218003832
-0.006462656471460835,0.00632686251796627,0.005862744255168751,0.005645843064278303,0.12715260875177006,-2.5681021238641386,0.6274741514389937,3.6266723909317204
-0.006503475586343498,0.006266817904816172,0.005919540557748367,0.005543937562015002,0.10781582322595354,-2.5336822076006142,0.6961699212823557,3.5726970353866894
-0.00648689830111512,0.006285866194603965,0.005895561483137305,0.005576180441136416,0.11454822730167734,-2.543564271609465,0.6700732024386494,3.5868788250700177
-0.006476600262100716,0.006300954179504127,0.0058812504073212524,0.005601755158400153,0.11934580075780621,-2.552186400129817,0.6528075611598948,3.6003932229988003
-0.004220455342542931,0.01092223806737159,-0.001115453834720554,0.007284915511497249,-0.09987967433903816,0.710356432651149,-1.9106143368682584,-0.2841487062246504
-0.004186224554329736,0.01084898388902339,-0.0010183303897729112,0.007284006931768762,-0.08903996504914481,0.6414621019120406,-1.9047054153046141,-0.22342906158218181
-0.004204783043644818,0.010775268657295565,-9.409700066592182E-4,0.007329023053166559,-0.07698463440927884,0.5853432745056559,-1.9341978996763445,-0.15961032873415573
-0.00423695723492876,0.010692227665436772,-8.547716260575298E-4,0.007387932812685198,-0.062272981982254595,0.523046209711118,-1.9734912669677322,-0.08496824849637886
-0.004317609498169222,0.010160722907168846,-2.0916125651356972E-4,0.007576466713018219,0.041765857274842465,0.06965282277078168,-2.075495255268678,0.41148498226927466
-0.004254773567555159,0.010206764660428306,-2.6221882354708403E-4,0.007510162330851755,0.027156549440867615,0.10457872075126615,-2.0292417056812906,0.3540748303883405
-0.004256964308321467,0.010324442294344602,-4.1017354423218195E-4,0.00749721023531326,0.005162847509939782,0.2079578661967588,-2.0288800106131113,0.24767523378140424
-0.004235017164563003,0.0102602654332587,-3.26969886272744E-4,0.007484878165263245,0.014687617694978033,0.14931524926525258,-2.0144011885787005,0.3012182419883592
-0.004211627688894057,0.010389129361337434,-4.8236519783291005E-4,0.0074422429836254675,-0.010166919454306244,0.2579272086425451,-1.9922716686834196,0.18111538142977587
-0.004168612647601847,0.01046250550710709,-5.62254379752864E-4,0.007386545195932203,-0.02593654534126225,0.3140383512122022,-1.9552757174013458,0.10930182121811698
-0.0041706089201496745,0.010621481416158911,-7.507215720041821E-4,0.00734785054457955,-0.05246242480769855,0.44884074149683734,-1.9374493575925238,-0.029386013558959364
-0.004121444292619174,0.010538165107955515,-6.402692719692017E-4,0.007324933510950604,-0.04099516367890835,0.3698767638284006,-1.9136233669769032,0.03715203423998906
-0.004548642758862096,0.00920974309469687,0.001091022088759877,0.007655416395058612,0.2539738819533875,-0.7774903894672752,-2.0382929633994915,1.372374253371493
-0.004546270805454456,0.009257239285365862,0.0010273368207192833,0.0076721057363618225,0.247299992476756,-0.736886516026538,-2.0561936268614867,1.3300981447343916
-0.0044714998511689715,0.009695525010949252,4.1616007765629285E-4,0.007715379381526653,0.15647556739393406,-0.344112759377001,-2.1363858357006715,0.8965895553192603
-0.0045242523151231345,0.009302795551608295,9.586743538777911E-4,0.007666570959718946,0.23492244258152617,-0.6948298679437466,-2.057758895654546,1.2780241885539974
-0.004489087894300928,0.009357644993676292,8.738875100034191E-4,0.007649585630730917,0.2181493551754171,-0.6435654478808311,-2.051994814166506,1.2113730024101008
-0.004484577935509518,0.009491251175873905,6.948850615625634E-4,0.007685197419709571,0.1959478671282015,-0.5270901802982695,-2.092888859398306,1.0902688332503265
-0.004467622934645223,0.009420012173342335,7.848112739333626E-4,0.007647455605897204,0.20338780187811306,-0.5877141540074123,-2.057535377466986,1.1456898697296423
-0.004471942906833433,0.009557793857751117,6.024592414152528E-4,0.00768870107746468,0.18176387511565018,-0.46738865425437787,-2.1025760672546387,1.02385078464181
-0.0044634050099391104,0.009620787549976305,5.158868403019565E-4,0.0076934800386570445,0.16847850586192092,-0.41106151901303484,-2.112599997611936,0.9624745901671431
-0.004426978052522278,0.00951930655491607,6.428191533623222E-4,0.007633246958482991,0.1783081549477307,-0.4984380131569215,-2.0579547456819123,1.0382740288727883
-0.004441534197538049,0.00976552249714514,3.1704178615897836E-4,0.00769419459438572,0.13731653835018046,-0.2805602281896317,-2.127727744087322,0.8192986787389628
-0.004412818259706908,0.00984242284577502,2.1060984087515952E-4,0.007672542836722114,0.11727901904004277,-0.21134953543038554,-2.119104636829206,0.7368960890179751
-0.004349260224695112,0.009882547270323542,1.5289222358579448E-4,0.007610645607215821,0.09977125158433453,-0.17668460849447298,-2.0767770393905667,0.6777313485282959
-0.004333140276341513,0.009936864868333502,8.116159519132051E-5,0.00759698819309085,0.0867307159867965,-0.12899056473305356,-2.0716148043515408,0.6226073988674812
-0.004311752777336525,0.010012543522827648,-1.7378118261469992E-5,0.007576685967852819,0.06966421489534393,-0.06288545958423893,-2.0631222041713584,0.5466520213953424
-0.004270713800127944,0.01007595350233204,-9.78848678339426E-5,0.007534688679137063,0.05277714944915169,-0.009312100266601432,-2.0369245158108247,0.4771046269049193
-0.004546591971272374,0.009090704192124328,0.001244640308535918,0.0076004996139858476,0.2678236228972804,-0.8756280829522671,-1.983446838917894,1.4705844273004371
-0.004510910785053606,0.009115354989424375,0.0011966088451468072,0.007575865810866747,0.25563100301815345,-0.8484215847288837,-1.9692550441093046,1.428221253206402
-0.004497817224929325,0.009166595328867688,0.001125462898738742,0.007585357910465358,0.24643969514943517,-0.8044511192353564,-1.9826562083897399,1.3784439435016687
-0.004566244426082394,0.00903417113765663,0.0013265643575307501,0.007592895786829327,0.2794615236939583,-0.9253204078485824,-1.970324739661731,1.5289961348469634
-0.004567040706717505,0.00895459386451003,0.0014274765299176749,0.007552190569416265,0.28753887404781536,-0.9879554839466856,-1.9305038997610475,1.5919574646069063
-0.0045641374201182295,0.008886402474461269,0.0015103899022953715,0.007511361661051589,0.29189533965184605,-1.039067408320754,-1.8920736781404395,1.6415132375430483
-0.004586942288465717,0.008827533256603685,0.0015956852827650207,0.007499385704080551,0.3028679552561661,-1.0891671385878998,-1.874709557374621,1.7009024837199258
-0.004623215033973783,0.008796007063132216,0.0016563740706109123,0.007516065057691495,0.31538900320967195,-1.1232980920361721,-1.8808455775397985,1.7508533501330252
-0.004639281785116772,0.008747473390458128,0.00172568756051436,0.007501183733364375,0.3227645531527083,-1.1636705260438955,-1.8625946326328273,1.7977508001839013
-0.004686471172500015,0.008705035985131532,0.00180839537618919,0.007520092864857962,0.3391078061171425,-1.2098872614983225,-1.8678195918881606,1.8651731800323164
-0.004713570403820899,0.008644250739454377,0.0019006658112091614,0.007505076958454467,0.34988261430416495,-1.262764529843739,-1.8463436327381189,1.9294160216426597
-0.004686663813024018,0.008582201936422682,0.001954848336714523,0.0074340022040396475,0.3426744961835329,-1.2958795639185736,-1.7873348583613546,1.9474914983895442
-0.004663096913512254,0.008519060569086715,0.0020098983387949695,0.00736468455009713,0.336430983351177,-1.3282049761052692,-1.7301618895682191,1.966485426549056
-0.004657002460686588,0.008446141249219238,0.002086402067749235,0.007303292545947443,0.33430320398574065,-1.3711203671832624,-1.6764951987407992,2.0034177130248456
-0.0046899351927993495,0.008379714053574648,0.0021847394107971517,0.007281139932738971,0.3432386155846308,-1.424377888603541,-1.6481743293964344,2.0684923147523975
-0.004727352163003816,0.008326711203948213,0.0022724875720768825,0.007272022737988264,0.3529579205427082,-1.4714375764488745,-1.6299662003983173,2.1300978513093267
-0.004775176097697355,0.008272701155229274,0.0023708827795251484,0.007270023796331333,0.36496040220575876,-1.5239257152381191,-1.6146754872077584,2.202081857205682
-0.0049327904403316,0.008082782641686256,0.002714583003134065,0.007239236620326118,0.39966217646952124,-1.7052924492227641,-1.5380520513828253,2.4482202781237965
-0.004910613703895628,0.008031824102429789,0.002743428107193965,0.007168500395863741,0.38753392897999456,-1.716514539030964,-1.4838464445218844,2.44208759985159
-0.004891890772594186,0.008131310506513726,0.002625242964965293,0.007248652940930454,0.39114887757362077,-1.6585594546648463,-1.5600081057543314,2.3843598786437252
-0.004806183365691504,0.008208462545232671,0.0024657576117891986,0.007241521911002133,0.37125223370777766,-1.573665279029589,-1.5805895970943693,2.2623518550479234
-0.004842332875280745,0.00816653038385017,0.0025422653966707775,0.007236237061597856,0.37927778211603697,-1.6140343290685089,-1.5650020344358337,2.3174712116685856
-0.004924301884202602,0.007986098187685454,0.002801513332327131,0.0071347302989387155,0.3868451773585791,-1.7443578835690252,-1.4501679824729734,2.471956352238482
0.004817465781083751,0.007639953550825848,-0.0029851635854970062,0.006688574643910274,0.3206256146942002,-1.7927561632237692,1.1305025088624172,2.428523789849191
0.004822343993435402,0.007728122118122521,-0.002922189922867694,0.0067847925426498664,0.3318749659965661,-1.773110487898309,1.2008510578029645,2.421126706077494
0.004773758562672037,0.0078109187600124905,-0.002805246218614627,0.006832259414754484,0.3292855575580714,-1.7217342178864954,1.2517615709465464,2.3579720066356913
0.00468542636641001,0.007835441872097448,-0.0026975514761446114,0.006788538747660471,0.31220431144830346,-1.6657824228916327,1.2433924173592343,2.2679371285866927
0.004617038131607501,0.008164402879437246,-0.0023425697030790816,0.007036231052212335,0.3163822731946075,-1.5033249171869472,1.4572235439249697,2.1029920359150633
0.0046406570162576145,0.008090080797546898,-0.0024332018602846077,0.006990678764935454,0.3196299933383997,-1.5475013671662883,1.4142972624060581,2.152043342582176
0.0045357425476483925,0.008199632279099197,-0.002240096268820026,0.006998156731995944,0.2980928310887197,-1.4500141058545137,1.4454375491822449,2.0191747116609076
0.004468667416092622,0.008357138744188539,-0.0020341139755364903,0.007067222767094727,0.2842084267000616,-1.3440827819099468,1.5175506383200548,1.8947552629227962
0.004398974276089115,0.008448037703851628,-0.0018920773803858292,0.007075128888747174,0.2669765224716119,-1.2687672492525497,1.538881776667781,1.7968008440846643
0.004452078934601679,0.008264233540311682,-0.002111232640217354,0.006981345858561894,0.2792038637093892,-1.3835993579764667,1.4503119331741503,1.9243669254226898
0.004626966603634936,0.008014473695414135,-0.002489531927640108,0.006911312418732564,0.31138098607271886,-1.5723501728061944,1.3538371506129376,2.165604275718618
0.004584718362726071,0.007940708659283764,-0.0025148826126370964,0.006810770955639015,0.2974780052758266,-1.5794905713504215,1.2858500036933624,2.1511666385476547
0.004594914095063083,0.007865832397873187,-0.0025863660004841883,0.006749156221168434,0.29388718697840926,-1.6102754555134506,1.2364183124165644,2.1800579806831384
0.004310859397124676,0.008491894679183784,-0.0017870262026654922,0.007031486119410443,0.24700095472816744,-1.2126491872345333,1.5197905239688825,1.711121183135465
0.004271341380653943,0.008586163490801399,-0.0016669764149279884,0.007060476984969046,0.2352666647791151,-1.1469303078568076,1.5514911229368504,1.6338649279165711
0.004219283887002526,0.008694750150067019,-0.001524802176068953,0.007083098290109154,0.2193759099288015,-1.0680408035159201,1.5801873673869322,1.5388982325129124
0.004083134623046759,0.009356411057194041,-7.46817170771615E-4,0.007258470968292302,0.1356353937191274,-0.5924724081900165,1.76901890790479,1.0163709716868963
0.003989364858278781,0.009424869765764772,-6.446175187970659E-4,0.00719418583544736,0.11285119043136364,-0.5299766153625105,1.727694726216411,0.924854951615063
0.004158707672374433,0.008935831853642766,-0.0012398327998775467,0.007160566850057116,0.1914448608475271,-0.901096494276077,1.65934360296381,1.353015191694541
0.004138651074435808,0.008818053132586854,-0.0013532370972754988,0.007083630067076617,0.19547618755085136,-0.9710076871777398,1.5950068025038513,1.416685277891094
0.004086637482712848,0.009024376620218665,-0.0011122391153188737,0.007138924966432745,0.170182765377713,-0.826544731025063,1.6535572321917138,1.2555060511705862
0.004046109362392154,0.009237523878008637,-8.667366764424748E-4,0.007187311521997155,0.1426608851807457,-0.6727892493116587,1.7073163578763673,1.0872875408064908
0.004010754679792166,0.009128216190924448,-9.710435541420728E-4,0.007116677709779339,0.14690636503616503,-0.741801828383888,1.647464572628205,1.147303147169266
0.0039654731943749985,0.009529125334947427,-5.24516580394822E-4,0.007197824345575782,0.09660772716955751,-0.45057406072506767,1.7385241804294587,0.8367401181605868
0.0039572585640105335,0.009654935075293344,-3.840626202854497E-4,0.00721394464610045,0.07940265472396733,-0.3564974348973822,1.7602110438533012,0.7374266800184223
0.003979551841469845,0.009762956277645205,-2.661613475002467E-4,0.0072481286573994885,0.06744272791405415,-0.2746174101767344,1.7945721541339277,0.6593586319033529
0.0038929751162939895,0.009866287300258833,-1.4412553474533278E-4,0.007180456898941595,0.04358125186927371,-0.19272247642129733,1.7507609031598894,0.5510101768799905
0.0038058235403406423,0.009943271366617044,-5.764613342507988E-5,0.007108939853180405,0.02543638166239332,-0.13351510259277438,1.7012350762219288,0.46779674092254864
0.0038676254730763294,0.010158307684053831,1.7367930304971967E-4,0.007157528565519417,0.001170268158041367,0.03203830460318441,1.7545075546454072,0.31277795140204295
0.0038141432692080594,0.010050727208220419,5.606355508986241E-5,0.00711644080219203,0.011424020158002908,-0.05294592755970871,1.7146097532197915,0.3866804918246962
0.0038837183853139587,0.010378978658269755,4.1343709954478285E-4,0.007145828466372878,-0.02862865070927312,0.20602293276536696,1.7620410492014378,0.138231573775245
0.003804775017380589,0.010268962947676987,2.857017189085642E-4,0.00709390288037239,-0.018520460828078882,0.11281807291425959,1.7127743276090712,0.2135608546113661
0.005121480843869112,0.007171549353630859,-0.003637755948306233,0.006356438056004113,0.3028666997464111,-2.0342602870815907,0.7884688621156282,2.7256534532927312
0.005134769931241046,0.007119617547951523,-0.003681440933010488,0.006300403749075567,0.2945858896945007,-2.0413749483998007,0.7473327999696919,2.728116396546397
0.005109862813891135,0.007074494428671851,-0.0036733997423658905,0.0062304288472381005,0.28443082146490184,-2.023532243365304,0.7148998618530598,2.690977617862466
0.005318515184220887,0.0068101097578670364,-0.004049856713952668,0.00600493418349246,0.25585212483630787,-2.1237268061200965,0.4888580921867986,2.818026547844991
0.005215562351586859,0.006992407682531105,-0.0038439157037006223,0.006187022404924285,0.2814202091268048,-2.0847117140980345,0.6416816168890062,2.778877871610904
0.005254839059031383,0.0069114387705996845,-0.003928784540403351,0.00610444127716371,0.2698599856689001,-2.1001082709819237,0.5753752793483701,2.792507741074407
0.005264968174942123,0.006842695502360952,-0.003968725376838899,0.00602121404145671,0.2572828500170085,-2.0962404986540655,0.5240873433909878,2.7770513732555973
0.005124476720570903,0.00701040428626318,-0.0037218136274228546,0.006159823942595596,0.2745870736238723,-2.029156362387622,0.6661343890267997,2.6896896047572985
0.004914896449425422,0.007534823856563156,-0.00316761001519198,0.006645012384776133,0.32636223766850253,-1.8720474474394702,1.06643667738018,2.535249259437038
0.005052724692151751,0.007287143961076634,-0.0034887274224054796,0.006453259606641087,0.3128819203870709,-1.9872842954792933,0.8809922563609103,2.670740227212679
0.005047165666914576,0.007207518805307184,-0.0035279399176061997,0.006354603571593702,0.2983427598699145,-1.9865308536933524,0.8183724845225809,2.6532779599615015
0.004918190790775306,0.007450198699280798,-0.0032296402604934933,0.006552736304488595,0.31532168196612415,-1.887559623617684,0.9998012748023778,2.540176108177988
0.004944986924015246,0.007379411525741879,-0.0033061240115637327,0.006490490630955885,0.309648356910555,-1.9125383108943617,0.9473386304820356,2.5655461581337202
0.0049728213418541375,0.007320102737361262,-0.003374992547483591,0.006440440621963028,0.30458545438801576,-1.9351239125741089,0.9031078828462368,2.5903087125327753
0.004806077673962324,0.00755689709424799,-0.0030334530510293936,0.006592218786237851,0.3083738834242539,-1.803991039924622,1.0639464207593612,2.4245913491750213
-0.00810110881275792,0.005374612204472542,0.007708854399897454,0.003164746368957259,-0.13294139238549205,-1.2525489840393609,2.3146017209932577,2.1153992876856513
-0.008088548304358937,0.005364741911318725,0.007683077167656688,0.003168224798689691,-0.1355679624265154,-1.2602264836968062,2.297378762778379,2.115254731303324
-0.008086586996046871,0.005380600615198654,0.007698872181695599,0.0031889529349723683,-0.13365726893546556,-1.2680256418919698,2.307743919033118,2.1331736942316626
-0.011927915960164924,0.014613365371455135,-0.00768883285756725,-0.0032130830932335964,0.22925830315598536,-1.3258738890779025,2.7841088438553907,2.561697856496241
-0.011940540160813131,0.014623252789985344,-0.007657061387404701,-0.0032139001495898934,0.22461661653319512,-1.3302786698738716,2.763075117316087,2.552572823267339
-0.011942399911086577,0.014607285815467805,-0.00767869837191804,-0.0032372276451590773,0.22925526024534185,-1.343485469126125,2.772197195500208,2.579418340398609
-0.011971310217633164,0.014594990318363584,-0.007658181716102455,-0.003285468685752493,0.23167672433295927,-1.3784399796191371,2.747892588728581,2.61498744670485
-0.011956864711873454,0.014601160777393504,-0.007668479411030264,-0.0032613607992994626,0.23023495938867908,-1.3610173964352967,2.760109373645515,2.5971901155711175
-0.011969658013894303,0.014611021336547543,-0.007636489513322907,-0.0032619791279700325,0.22385221168261446,-1.3650443342681582,2.7391850434080482,2.5877121261761746
-0.011955103572689722,0.014617180848375539,-0.007646790470978102,-0.0032379242587746468,0.22431870896671244,-1.3476731866083533,2.7511766954272012,2.570144174749277
-0.011840618209004684,0.014648884232660605,-0.007748011040714092,-0.0030676340992861193,0.2317056087627897,-1.2192142395997352,2.8527164483847387,2.453742011169323
-0.011838503566468726,0.014664737290720568,-0.007725918448622402,-0.003044955671212912,0.22472082233329504,-1.2064927438991833,2.8431473851017492,2.4270352770519605
-0.011855214021089619,0.014643078820777493,-0.00773832887178846,-0.003091976419096195,0.23246602991947687,-1.2371843869301753,2.841480068401251,2.4719936863742946
-0.011853166726323075,0.014658950817113036,-0.007716267663657519,-0.0030692124656790313,0.22455337354157826,-1.224406399625031,2.8320216483736096,2.445147864024032
-0.011545084353673888,0.014755282782341356,-0.007925333265278249,-0.0025751012142084108,0.23695995997287755,-0.8463862213562278,3.053641809768681,2.077220204423981
-0.011556853654696074,0.014766039240168055,-0.007894157978081075,-0.0025786327754099953,0.22868204486242158,-0.8540673990966702,3.0330105346590046,2.0711639743823897
-0.011530137799930005,0.014760113266848314,-0.007933381464252424,-0.0025501983703397767,0.23758110676415564,-0.8271527483063671,3.0624321120246045,2.0578534751488067
-0.011541889966952719,0.014770912042129769,-0.007902200102031779,-0.0025538369590610774,0.22884112303644635,-0.8349319811082702,3.0418765376021195,2.051855567584473
-0.011496851450070735,0.014785295307531582,-0.00792583936811609,-0.002479183218490774,0.22970175835847642,-0.7771307272298119,3.0677453205358614,1.9935998108061508
-0.01150019942916891,0.014769633284930958,-0.007949248146945642,-0.0025003014643902965,0.2379512400993482,-0.7885112533124113,3.0797349683268997,2.0188488520600307
-0.011515176111420451,0.014764896782867474,-0.007941353324795383,-0.0025252644334289483,0.23788350131048394,-0.8078644758886945,3.071129800399307,2.0383928570122305
-0.011526908529914228,0.014775748734833808,-0.007910149441254887,-0.0025290023528313985,0.22905231136642426,-0.8157325680645252,3.0506142664570053,2.0324877417074405
-0.011511896892061434,0.014780544829551366,-0.007918025402177196,-0.002504117898841238,0.22935930859414297,-0.7964648548137933,3.0592359311444706,2.013067560095374
-0.011568721546128322,0.01477706025274061,-0.007863175588455657,-0.0025821391165330456,0.22789206090308142,-0.866620717462048,3.0083966376081643,2.0708915754684347
-0.011583682683486004,0.014772138048679523,-0.007855004077861771,-0.0026067435744781906,0.2275636951735469,-0.8855108094497187,2.9993839952023187,2.0899072732324053
-0.011598646514530972,0.01476724770744879,-0.007846606106790771,-0.0026312576197628883,0.22722666049110654,-0.904349483917937,2.9901514287771724,2.1088041008054543
-0.011613629166554866,0.014762390213298004,-0.007837963685913869,-0.0026556975342485693,0.2269523365030058,-0.9231478270971732,2.9806859134494004,2.1275868814995857
-0.011628633187898169,0.014757430143382646,-0.007829295297698373,-0.0026802163262421683,0.22677530195446802,-0.9419374952538444,2.971137122159669,2.1464040902806736
-0.011643644596424974,0.014752285346670675,-0.007820747558548134,-0.0027048911604427854,0.22662072570896633,-0.9607277757110918,2.9616049197665526,2.165339685805995
-0.011658631920356677,0.01474700556735876,-0.007812271901074828,-0.0027296297681062114,0.2264095217200486,-0.9794754372726865,2.9520597035478775,2.1843155889974586
-0.011777432519363805,0.014704177344456204,-0.007740501052707569,-0.0029246562527203714,0.2248085510699984,-1.1263834193864606,2.8709508580636918,2.3324492438568316
-0.011836543778753032,0.014680904916271886,-0.007703771720036927,-0.0030225344137456527,0.2242366784425622,-1.198693944780126,2.8283566871245367,2.406076057246476
-0.01182186550479891,0.0146867361911032,-0.007713069682727984,-0.0029982603937400085,0.22445166739835212,-1.1808078316243529,2.8391520193976945,2.3878817840895277
-0.01180713275382487,0.014692632339650754,-0.007722163627518657,-0.0029737788112396478,0.2246099615394707,-1.162779574506834,2.8497635778689414,2.3694648809342382
-0.011792304355121632,0.014698463492470492,-0.007731301620147753,-0.002949203067256328,0.22471415057596675,-1.1446150354442137,2.860364240522896,2.350955163034469
-0.011718056486454098,0.014725863077700829,-0.00777728726802665,-0.002827359994440892,0.22541406530384492,-1.053341897722799,2.912615824244402,2.2588686709455743
-0.011703283129874615,0.014731149840740212,-0.007786190470991814,-0.002803119793280126,0.2256363208657981,-1.0350526610540338,2.9226572857715145,2.2404404810255962
-0.011688459103748753,0.014736425400569348,-0.007795001932138545,-0.0027787688270764365,0.22587283162038932,-1.016652776162189,2.932587643069882,2.2218883587806104
-0.011673571126978331,0.014741699043547038,-0.007803720038763097,-0.0027542800932654488,0.2261410258057075,-0.9981252860525814,2.9424065920329348,2.2031900057081226
-0.011775218972285841,0.01472143753646943,-0.007716183058609146,-0.002901176948001958,0.22120029959630824,-1.1169409478514647,2.85660595842161,2.3082192032883295
-0.011760194047689992,0.014726949339366647,-0.007725566526700847,-0.002876763036247495,0.22139448997622582,-1.0986947776985732,2.8672236164467297,2.28987010651845
-0.011745199377888345,0.01473221654420666,-0.007735127245711161,-0.002852608739243486,0.22163329756351582,-1.080507117025329,2.8778763938209604,2.2717446871288445
-0.01173033193679184,0.01473729393912948,-0.007744669577967301,-0.002828762194998432,0.22189724611465844,-1.0624585065725578,2.8884131850576407,2.2538448578380037
-0.011307683716863108,0.014870472656253193,-0.00796451797265507,-0.002138383409276162,0.2299991489859419,-0.5301643251877244,3.127547839321879,1.7185683827742817
-0.011323041284028905,0.014866168183295383,-0.00795798763627227,-0.0021636346109398003,0.2296560348408617,-0.5499655618057046,3.120726836368515,1.7385629215427263
-0.01122682824468802,0.014907693152863265,-0.007970032731092798,-0.0019923096435425993,0.22898179892177398,-0.42523231080838014,3.1426795942836976,1.5988951486996656
-0.011273228867244208,0.014894158714414275,-0.007953749891495464,-0.0020691467203382916,0.2281451212799067,-0.48493254162598315,3.1253190146442478,1.66018729806392
-0.011258766619882924,0.014898895434323793,-0.00795808676403391,-0.002044779205365992,0.2283370219037266,-0.46630228747187225,3.130294698608082,1.6406362252457252
-0.011243274784674158,0.014904070001230897,-0.007962370730869918,-0.0020185658669431734,0.2284534879977487,-0.44636185704725895,3.135316099841479,1.6195856458254347
-0.011288292646099117,0.014890925373973957,-0.007946071392057606,-0.0020929876769235117,0.22764334162644848,-0.504207595309149,3.1179380584472196,1.6788685222000943
-0.01130380016933597,0.014887298179410794,-0.007938522837297846,-0.0021177390359804174,0.22718166457017744,-0.5240192378692581,3.110517005558011,1.6982947323682034
-0.011463376892515519,0.014810748792339417,-0.007917473872693722,-0.0024083868701110793,0.230037407198136,-0.7325702156013715,3.0678204906920556,1.9356547037327092
-0.011448383227078236,0.014815438648856455,-0.007924688102387155,-0.0023835571733770208,0.2303483133344815,-0.7133466291313707,3.075668327077164,1.9161867882190007
-0.011433310675388672,0.014820077919558262,-0.007931894550196177,-0.0023586245425263556,0.23059032805163873,-0.6940003297844978,3.0834618634906827,1.896619827915243
-0.011418116275784006,0.014824565221199506,-0.007939307737368522,-0.002333630412389213,0.23081791474117905,-0.6744857949147414,3.0913568912645535,1.8770092137403758
-0.011338384069674995,0.01486180688244094,-0.007951392194460257,-0.0021888732752774107,0.22932899691842487,-0.5697270779755575,3.113799620005006,1.7585323056809623
-0.011353599872386115,0.014857387558909994,-0.007944839148343404,-0.002213947040415699,0.22900712663890108,-0.5893043404707371,3.1068555269102895,1.7783581820050072
-0.011368729521055642,0.014853055583691358,-0.007938040121938274,-0.0022387751274202034,0.22868317901104965,-0.608735190215345,3.0996948976917227,1.7979377655019346
-0.011414664024226787,0.014841294187605379,-0.00791395380332661,-0.0023124876100794286,0.22736200145152693,-0.6672790708314809,3.0752395092117304,1.8554188010448007
-0.01141104286624769,0.014858306989263886,-0.00788830771476476,-0.0022910208051032765,0.22456483608947675,-0.6603422532185118,3.05869869706147,1.8342870680573071
-0.011395453961733484,0.014861711304621763,-0.007897524267758528,-0.002266771723960766,0.22509798697678915,-0.6407622914242123,3.0677102756844845,1.815592463908722
-0.01138022844428619,0.014864805166771947,-0.007906762471898962,-0.0022432374240091454,0.22566294407365697,-0.6216029495692368,3.0766100476744778,1.7974642312531088
-0.011478413897079745,0.014806065788389187,-0.007910031196465675,-0.002433217108129678,0.2296843666047272,-0.7518114753296584,3.059741616860842,1.9550809836696923
-0.011493533941739712,0.014801342199144881,-0.007902398290953431,-0.0024581464863840264,0.2293601443341383,-0.7711197497120943,3.051450233758874,1.9745455181264353
-0.011475081263138696,0.014822499812692541,-0.00788558337368996,-0.0024119685938159934,0.22621572391086717,-0.7442304047104856,3.0443884063137703,1.9334164649172914
0.015297194050334901,0.015384960206112977,0.0033098344469662056,-0.003253449138755921,0.05211757682892072,-1.3679748725519312,-0.13608031708866195,1.6150356090183973
0.015172771357454576,0.015721618589390907,0.0033327715814026122,-0.002998264944792533,0.043076455987714986,-1.3036832133368177,-0.23839664422984477,1.5318792394412766
0.014881641916828302,0.015728076548792456,0.0035663679451952675,-0.0030188966366487394,0.04415034400926728,-1.342245768003351,-0.33792529974266516,1.5917991788029786
0.013821874652754876,0.015879357738967478,0.004411410676221924,-0.0028356113944459564,0.04866305619675663,-1.3555006427956953,-0.8085193470071971,1.6800409283622855
0.012562666554962788,0.016113548135456013,0.005297661201145251,-0.0021940717138783437,0.055315188065151843,-1.0418427627922335,-1.4450171249597117,1.4398894006630776
0.013560539046956494,0.015982439263489752,0.004576883700325304,-0.0026903456240259566,0.0470521907005241,-1.3003222297844532,-0.9376611054344535,1.6323378928516428
0.013288508629890165,0.016078829073378088,0.004741886666993114,-0.0025311544963333315,0.04657312699623962,-1.2306444994848504,-1.0679962735036155,1.5707522863459669
0.01302728315293508,0.016121477327893513,0.004924068662793018,-0.0024025791378770225,0.0480471640122642,-1.1665690227742447,-1.1968356992847509,1.5215332535520998
0.012780228860191416,0.016130535468049195,0.005113574417350592,-0.0022892547670953743,0.051334452107882116,-1.1022910059008277,-1.3250773079985327,1.4771032103439834
0.014643419606712641,0.015879817396051633,0.003710592458984544,-0.002902012556211539,0.041093932613853024,-1.323232744995308,-0.44414553893418146,1.5764575075242009
0.014354673318443615,0.01596229151101237,0.003915147088597296,-0.0028265681073441945,0.040932173754073535,-1.3182636519233037,-0.5667228777390464,1.5844783759444316
0.014051599568826687,0.01608862446068508,0.0041047474480912375,-0.002693783911860009,0.03838752587146917,-1.2819839260318497,-0.7007712269764622,1.5569994056980432
0.012444958153664332,0.01628067438540633,0.005230543079364429,-0.002007553941089539,0.04782867287150456,-0.9439568364204609,-1.4498505527320218,1.3137989286546305
0.012206506276073906,0.016218069171930125,0.005456745557940084,-0.0019124871877623287,0.05448808739214283,-0.8709634155474697,-1.587137406199426,1.2722443294559262
0.01193559845506853,0.016247128133712135,0.00560432200863393,-0.001716444441676447,0.057489059270648256,-0.7386266790575223,-1.700705488929924,1.1523910242249453
0.011681569071645312,0.016272949886442744,0.005726705011614588,-0.0015188509607959276,0.061857542082913,-0.6016530202856173,-1.7946796388892106,1.0272631077884675
0.01137260480768924,0.016246986149766864,0.005918476374585754,-0.001289479345216821,0.06846384844883165,-0.42604488708373683,-1.9233123311129303,0.8779474939699415
0.011509531650129589,0.01632963131528064,0.00575369689282092,-0.0013580571049762499,0.060693680421495824,-0.4956521681099354,-1.8286281259405097,0.9179402884181329
0.011031137806722328,0.016144908226997597,0.0061967494603203666,-0.001034548953572503,0.08089654247369972,-0.20636975163874435,-2.092747398840006,0.70891897213282
0.011191382802946279,0.01631071794962608,0.005922524811162323,-0.001109437759724684,0.06592879480975276,-0.3064610513295292,-1.9410162974527403,0.7492705361359163
0.010849129778929587,0.01607938903003099,0.006350641742596893,-8.847499759289893E-4,0.08875989677251939,-0.07108977503350411,-2.1844774010707693,0.6050508819578323
0.010900757575336734,0.016201157724312795,0.006170644499469403,-8.929826675504658E-4,0.07960458106414493,-0.11580398126931253,-2.0849017401444647,0.6074299575803077
0.010052966724665555,0.0160558544749432,0.0065262774502398676,-6.421201602205929E-5,0.09915067553372435,0.5564990677424725,-2.2592495353510986,0.010598812907278697
0.009893451928176792,0.01604873332471469,0.006532956061110948,1.062008559077378E-4,0.09978664702214536,0.6828340033708998,-2.2473883304892017,-0.1123713742918493
0.009734740098149921,0.016038187444857018,0.006533795121224486,2.763112680043551E-4,0.09964825993480143,0.8083876098320238,-2.2286923573016053,-0.23438130936850707
0.010638357980949139,0.016093965910953422,0.006393051137322859,-6.699180928207044E-4,0.09103211751762985,0.08783714949656175,-2.210676944731538,0.4503043349775019
0.010480597297966155,0.016132324376748775,0.0063747905851491695,-5.018647712800983E-4,0.0898973310046177,0.20370147813300152,-2.1989732411046,0.3270159940153388
0.010316268313277062,0.016163366094142626,0.006356652796923886,-3.309930778641759E-4,0.08877872408914424,0.32111116216943253,-2.1840826331265686,0.20159457636975184
0.010157356503171094,0.016193835613708834,0.006328063108282614,-1.6785120421714247E-4,0.08622416175312218,0.4320525354185661,-2.1603705447142683,0.08279521815237417
0.009496363627672083,0.015935709525360123,0.006639939324238409,5.516279032509657E-4,0.10775734530992044,1.0412459945195705,-2.246666645234802,-0.4293168191619227
0.009577169683901324,0.016041920991730105,0.006503349930070138,4.4244916494590934E-4,0.09788827151587583,0.9216903841655736,-2.1903819913628007,-0.3514973566497445
0.008348569241694892,0.015649928995385767,0.00647230232066603,0.0018761521120764242,0.08573675544694466,1.9412090667555775,-1.8433401420087367,-1.2850165967599436
0.008234545731384052,0.015617658971154164,0.00642665994079302,0.002004156628258227,0.07912557455397075,2.0120464244519316,-1.7797006695115576,-1.355677023016525
0.008156199517578809,0.015574844763729867,0.006418123966825578,0.002107676331926162,0.07717034069213996,2.07909428215967,-1.7408328611366894,-1.4145450115456948
0.007986545794428337,0.015417732551465821,0.006467158875939146,0.002391490091973003,0.07420585176667571,2.2926648846968054,-1.6642188676527245,-1.5816137465899074
0.008046235379205456,0.015478541410324587,0.006445439499266863,0.002285501968584863,0.07387188167802156,2.2119436857375514,-1.6916476512832677,-1.5197355106153119
0.00807047793166713,0.015569057217694464,0.0063535031758250446,0.002186116971053935,0.06923376419870447,2.106591040395155,-1.6816204289049177,-1.451995300090081
0.009352914965548369,0.01594447675471397,0.006588747699693723,7.037298025804232E-4,0.1031348633446482,1.1377356745116531,-2.193252348544767,-0.5345736869003758
0.009205187692928203,0.01595286251978676,0.006528289875341845,8.565110228697846E-4,0.09828648389280183,1.2314558396075184,-2.1324866070627526,-0.6378445956545781
0.009059010628755826,0.015944681239983525,0.006483176840166533,0.0010097190603191974,0.09445008246639335,1.32933656150212,-2.077358144634568,-0.7395656140231203
0.008536679006251827,0.015748456770043575,0.0064728613504466724,0.0016308433147790848,0.08885549053476727,1.7693995381519814,-1.9170718399644004,-1.136736337972893
0.008395735388864255,0.015749121457071767,0.006376677693571686,0.0017614073636516468,0.07925106171391388,1.8267487527531705,-1.829961213777058,-1.2084412340635229
0.008920827997130135,0.015910980483158643,0.006468151166912795,0.0011636677920807937,0.09258027067161578,1.4355260955563696,-2.035693664730237,-0.8394349310655826
0.008803091754142022,0.01583938601304203,0.00650764591438903,0.001316879083861317,0.09503072704725816,1.5583172493996083,-2.0193611135788667,-0.9410685848807018
0.008646337183029996,0.015846396608924927,0.006409768459529607,0.001465567715827143,0.08495039782055959,1.6312951023975941,-1.9306159393283429,-1.0300193185233173
0.003830864962434958,0.010499805449827962,5.310999698560187E-4,0.007078219665076719,-0.04809044762461101,0.29222588288504076,1.7176145809831895,0.035720401747704335
-0.004325472410728279,0.011136879065229796,-0.0014078010485487158,0.007276525127580458,-0.13345822226525642,0.9171656133496268,-1.9183479830605454,-0.4647323866036918
-0.004251125323996365,0.011073806360279775,-0.001299185343765525,0.007242023224051716,-0.12270720294583844,0.8419201462653234,-1.8879512636240106,-0.4106329384876259
-0.004180190872104511,0.011000658034802213,-0.0011848018353453353,0.0072137374294028245,-0.11135873239480525,0.7619135531824918,-1.861345377750861,-0.3498442275447722
-0.00430676971856361,0.011225809533332166,-0.0014951169066332003,0.007210298026950126,-0.14550386427121362,0.9806222479405812,-1.8731703085079445,-0.5368635784325254
-0.004439516194819644,0.011461794254689883,-0.00183068999905929,0.007179199973052666,-0.18118294950623373,1.2138611888661812,-1.8628206420791205,-0.7358984849884355
-0.00430401151779396,0.011327550529171443,-0.0016017560306948778,0.007147682642333468,-0.15847346965574702,1.0573340213005624,-1.831576304384351,-0.6174350061808357
-0.004365998271366504,0.011407301803609302,-0.0017243235142875228,0.007151244539762798,-0.1707835713354622,1.1419981824763108,-1.8386772785189205,-0.6855381006467366
-0.004609894459792243,0.011782944231509572,-0.0022875004262222893,0.007080877936986128,-0.2263473898828539,1.5259785437888491,-1.802354885519762,-1.0047395348410608
-0.004544000055821373,0.011712645145411898,-0.002164280708409622,0.0070825477968511005,-0.21470611285627808,1.4431681915163372,-1.801040203338151,-0.9410444685915808
-0.004509450152153278,0.011649528897456095,-0.0020744372928073176,0.00710271885848206,-0.20647162821606296,1.3823088671758792,-1.8135463467965924,-0.8887870530917074
-0.004435506370101747,0.011544884310450811,-0.0019135836191867767,0.007117168830658951,-0.19092101499860484,1.2726488599848709,-1.8197510405957307,-0.7991479119022246
-0.004454143682558187,0.011621047509263125,-0.002003913309264322,0.007077095181998968,-0.19923524064605191,1.3351153278758725,-1.7931188359448864,-0.8586308067941786
0.004957083227421372,0.012634903832076529,0.003324009641354823,0.006483676998668268,-0.27778206433540437,2.1930403957610776,1.3658765966841024,-1.6079838513237579
0.004913439171596672,0.012582879717940027,0.0032416837461051117,0.00651438262949387,-0.2760644127958065,2.142720477354344,1.3902402237455709,-1.5681637153185808
0.003884619580214908,0.010681552645679833,7.333330518031995E-4,0.007077504190713781,-0.07058454840002952,0.4404877909599739,1.7311930508244593,-0.10240734577509134
0.003919509519422401,0.010769794916621011,8.357692401087048E-4,0.007079289567217315,-0.0811720024550547,0.5150996425087678,1.739546180409356,-0.16984388176824175
0.004171821325908396,0.011154282740509279,0.0013453343707531685,0.007131125932008295,-0.1322214885952643,0.8786382366846467,1.807894874363093,-0.4729981429210774
0.00414216653963979,0.011233260965310242,0.0014109813413383343,0.007063765271173516,-0.141440417451963,0.9277002925817397,1.7612552243343185,-0.5322255811754374
0.004104729156499071,0.011068049494790198,0.0012216099145506856,0.007116382898983202,-0.1199269256904182,0.7914965643987734,1.7906116118001643,-0.4028510538156711
0.0040393229599666215,0.01097319163360897,0.001092905603262575,0.007103443174041092,-0.10720207669251637,0.6999305984517344,1.773719623305518,-0.32725841148269247
0.003980378610626182,0.010871795452608496,9.633985626773587E-4,0.007094427836691486,-0.09377055004830669,0.6068083042805638,1.7592860739086407,-0.24775967728099232
0.004170803802908606,0.01134107327140895,0.0015354829926636606,0.00702635984046978,-0.1545027247823447,1.0162386874472455,1.7395497905946375,-0.615687586611199
0.004256423383595037,0.011401341891154153,0.0016478377727902334,0.007061183060004206,-0.16515541560142868,1.093042431768382,1.7697738814851287,-0.6692318357156771
0.0043044080543197145,0.011484672195925857,0.001762219788690366,0.007047384296864418,-0.17611878604293263,1.171912932280183,1.7639894700898948,-0.7367690379509334
0.004369425499830132,0.01155305613765046,0.0018747698452761723,0.0070549218898818275,-0.1871458099045249,1.248595001917218,1.7733410900064046,-0.7959838929214048
0.0043383196100354295,0.011644766625792462,0.0019409090630456776,0.006963105992027052,-0.19377035596292622,1.297357469098953,1.7085357407864359,-0.857072318326148
0.004391877642194761,0.011796305977023934,0.002121443323949933,0.00689048829932837,-0.2097237870664315,1.4208042740953444,1.6610435476727654,-0.9699571436608238
0.004330504375927507,0.011733717203236266,0.002017272179522597,0.006890592566358626,-0.20142732075710015,1.3510798954483987,1.658519750990606,-0.9160876634147537
0.004371424837859637,0.011887123135597442,0.0021846685261196624,0.006801619797842838,-0.21481535230157547,1.4656768550000712,1.5986139748896837,-1.0239399873112498
0.004444887323429985,0.011956159513938773,0.0023046471384673205,0.006800163401943701,-0.22441942700638232,1.5443161239752028,1.5998980383272967,-1.0837365928355058
0.004648269695884702,0.012142211789623906,0.0026433890623545034,0.006786622858538968,-0.24995115141892735,1.7654924128187262,1.5927482028528497,-1.2499007780714397
0.004575831855864288,0.012091448775916787,0.0025337318939988598,0.006779461894723434,-0.24169448330920343,1.694313194829762,1.587226565052936,-1.1994385554418818
0.004508149623530314,0.012028411191433946,0.002420318254238696,0.006785357158641131,-0.23331679114096968,1.62030237835491,1.5905600404157043,-1.1435995902665967
0.004858189087446485,0.012479608580621967,0.0031123458345718807,0.0065920472103263685,-0.27282124702940025,2.063710861190918,1.4488704361363338,-1.4999194523998762
0.00484817945920662,0.012559528880387154,0.003153703158954442,0.0064969282870194845,-0.27049064797906114,2.0858816026817917,1.380478797200328,-1.532035014845607
0.004726678849923619,0.012264589883978229,0.002817429237852475,0.00672478441587335,-0.2602813317472558,1.8779494997651032,1.5478895469306415,-1.343556803672452
0.0047459973327347365,0.01234929752263401,0.0029005929068419076,0.006652039681005177,-0.26323731834924674,1.930140020198799,1.4951512939187124,-1.3949896272395381
0.0047958412659189755,0.01242596166210689,0.0030078214212934276,0.006606651362935871,-0.26741426446636446,1.9972061031690564,1.4613831256222911,-1.4508921490670605
0.004642823641100092,0.012234593714848292,0.002710887978659994,0.006692944589632935,-0.2520494896503019,1.8089373207510058,1.525788353387238,-1.3003983270331314
0.005706105408959779,0.013602699965220934,0.004640679973920506,0.005577404220317778,-0.2276253896174227,2.8780908144930315,0.6151157287214969,-2.1593947474790594
0.005759033541977012,0.013648725437987001,0.004717795881013652,0.005526006476446587,-0.22101990501294952,2.912783289977675,0.5676459094149299,-2.184069309309874
0.0057587563059487805,0.013720533145956114,0.004715804265989267,0.005422351811895438,-0.21341972073075646,2.8816539267353174,0.49933624973345864,-2.171469266701195
0.005769102142798532,0.013794157181267626,0.004726369184036963,0.00531976468612464,-0.2053751916849523,2.8576773129551256,0.4311275939789198,-2.1622905806962507
0.005784639420810345,0.013870457933361672,0.004741224130324263,0.00521521864528533,-0.197000412255654,2.8347561157620746,0.36208044716209425,-2.15293105225263
0.0056368316432308194,0.01360981994823347,0.004542399400279882,0.005546478356401521,-0.22785293519012292,2.8075774933991204,0.61090037621658,-2.1183147975105494
0.0055745628711442625,0.013602639122122537,0.004455207172711733,0.00553771229850996,-0.22933699360787146,2.7514330226809047,0.6191622701380461,-2.0841833234520775
0.005528139868772641,0.013558116539074004,0.004388028840282106,0.0055843977791427786,-0.23372953597586935,2.7216166993606543,0.6599174065597314,-2.0623359122325007
0.00547276804554045,0.013441315782463548,0.004297915464106322,0.00572486465171775,-0.2452249380771583,2.698664224050935,0.7649777448354133,-2.0363271023430234
0.005479516387463983,0.013511547642714348,0.00431676159932749,0.005631637751086518,-0.23904005706292683,2.6892137907927527,0.7009868545594969,-2.0382323488321017
0.005404609464587089,0.013399499878559512,0.0041984125722629865,0.005755363749022704,-0.24859242346602195,2.643323972665431,0.7982270091373077,-1.9987431022225752
0.005349397694856079,0.013345122596154975,0.004113618673127424,0.00580569934938652,-0.2522573420288741,2.601124702003023,0.8417235917501057,-1.9670630194739773
0.00524746607675931,0.013213766991562449,0.003945880317073688,0.005933148428011493,-0.26162998469717313,2.52059281871955,0.9449166260393081,-1.9019723106975852
0.005245831694343213,0.013164131408698784,0.00392837833927913,0.005996658964860786,-0.26424486966580774,2.5198942355578984,0.9896910809397645,-1.8943900900659822
0.00521660443029256,0.013041811949007375,0.0038468402983297513,0.006139910528529969,-0.2735241689965234,2.4900613235507367,1.095098161681781,-1.8574720185095477
0.005213607675166308,0.013121402323476106,0.003872380193107227,0.006036006544751456,-0.26781034512395885,2.4909524800256846,1.0216326868819274,-1.8710448909111919
0.005224781984905797,0.01328158327102782,0.003935721485221019,0.005835646303996729,-0.2540603222923277,2.497600206538724,0.880945890727901,-1.8973669418781272
0.005267584733108447,0.013361777372749607,0.004010221590878605,0.005750455256116717,-0.2489015146761675,2.5275044705739336,0.8170228439703938,-1.9248901405634113
0.004942491211282624,0.012708181974827653,0.0033500003950162308,0.006389205268134618,-0.27407616359108156,2.203255079630576,1.2981256346370207,-1.6304176122609577
0.004938587772532635,0.012797649892965038,0.0033937969506859004,0.00628260559063873,-0.27003060387124583,2.222278782072237,1.2221014266466481,-1.659574376646227
0.005138784559453005,0.013006502935502226,0.0037337188113399857,0.006142993143611357,-0.27153266266862125,2.419425833404875,1.1056455168086146,-1.8107234829863985
0.005064440384328214,0.012967631357004898,0.003625135982430979,0.006150966720585967,-0.2693971786202896,2.35232671367092,1.1186674549869862,-1.765372829265624
0.005014492926279689,0.012912349973079228,0.003539835866555869,0.006190483487660281,-0.26976635630955115,2.3040998977153127,1.150960788072383,-1.7276722484799436
0.004944061305470622,0.01289352137952917,0.0034473900728351297,0.006173447282115487,-0.2656591671835102,2.2454542349229007,1.1448435498802487,-1.6906272295026386
0.0037991502761374864,0.01062378512203618,6.504816454588978E-4,0.00702261700475348,-0.06525279644419567,0.3811718652930349,1.6830683056326465,-0.06310331607736362
0.007825928761190057,0.01537330590879735,0.00636748040994561,0.0025650431134257904,0.061254587106535814,2.365102731128188,-1.5496724826071622,-1.6614738169803063
0.007901001010225932,0.015430550543157638,0.006371137818468419,0.00245016145848497,0.06319776118124061,2.291088314703171,-1.5948801146025748,-1.6010184676257322
0.0077244828338402715,0.015387593798001859,0.006250538724125228,0.0026282697887607914,0.04899098408029818,2.3559620140911304,-1.469010290850915,-1.6776766246767683
0.006068794558069679,0.014087728565399056,0.005102452104699233,0.004939155877118329,-0.1603036338921582,2.9578160046146134,0.10976723175961578,-2.2326954187989387
0.005997026258883622,0.014064640222619943,0.005006144321239318,0.004967817160431646,-0.16728943873949811,2.910655883103044,0.15101924825927718,-2.204935698356747
0.00618659245570224,0.014350698133921381,0.005176410780004395,0.004568492244484335,-0.12830142937597114,2.855661612214306,-0.12904755840616802,-2.171574898954305
0.006085361377222194,0.014166344583103903,0.005102314157945619,0.00482773734589257,-0.1518962875526503,2.915252722956969,0.042514262611956004,-2.2085766013241153
0.006121124602610541,0.01423147856067411,0.005130901895188129,0.00473624547481994,-0.14412737608426782,2.8964712955113114,-0.018950431113636097,-2.1975844931056656
0.006115711850660778,0.014304821580678974,0.005097029471859249,0.004634794164977143,-0.13762942577709703,2.8373346027221946,-0.06944202595084514,-2.1621492566907836
0.005916176099635246,0.014044893203076142,0.0048968576089699865,0.004988877671389756,-0.17348130215682755,2.8531364018243077,0.1891513155324849,-2.170455621517314
0.007181699404726992,0.01488332711914226,0.0061631730477231675,0.003555762965768815,0.0046844790964589616,2.8866909987846934,-1.0188066152609263,-2.100906359472362
0.007110299104404447,0.014843350702748618,0.006108019571436499,0.003644213928383403,-0.004796005905232852,2.9091430165644443,-0.9517687172122694,-2.125205126987163
0.007210882928516596,0.015053660223796075,0.006037480610805643,0.0033290234386264823,0.005035375606774215,2.689692748460135,-1.0735109569970034,-1.9738514784744574
0.007194299966822026,0.014967893888516937,0.006098805722586726,0.003442406957307445,0.004733510297142164,2.7866808427060374,-1.0472179154076644,-2.036589837756097
0.007604512024898077,0.015345851692830361,0.006175826161181988,0.0027568142642405494,0.03920262601351148,2.4051796812295128,-1.383171496479086,-1.7309707844987605
0.007513494788561454,0.015256485254495543,0.006176681873924081,0.0029132665380083417,0.0331866224030487,2.5043529560413664,-1.3193956201820258,-1.8086036442636748
0.007455926081008976,0.015189033354622378,0.006185163730284869,0.003025435649316393,0.02979997931724298,2.5771492301058623,-1.274579844326179,-1.864228304166717
0.007390442571203077,0.01516324747139205,0.006138206443829538,0.0030962423039981304,0.022206047911419596,2.5982724181774355,-1.2228030791618985,-1.8883513224365658
0.007310146073230106,0.01517745737345992,0.006032894735909428,0.0031284985597802607,0.014440502515826006,2.5687049547219156,-1.1623384865799429,-1.8828834174696334
0.007225466605325646,0.015148931588246945,0.005963918498743489,0.0032093302592568957,0.005199630448281181,2.5840123618924706,-1.0970881513556072,-1.905025408679118
0.0070321198648219405,0.01487644406872323,0.005977607383917037,0.003639111053448156,-0.01538324501062287,2.8370356512258783,-0.9001400130476839,-2.0913608413681435
0.006979042515401447,0.014817189847988018,0.005959734489968889,0.0037397406742881727,-0.022494182551258023,2.8839514893362845,-0.8422380213217481,-2.1274323459498903
0.006925557740672769,0.014753056840360813,0.005942242677797131,0.00384699674883065,-0.029284055054433072,2.9338215165993513,-0.780459978349021,-2.1648582106619254
0.006811303321150422,0.01468638564544564,0.005840762372768701,0.003980077708815039,-0.045187977599112646,2.949970148345083,-0.6713358420790363,-2.1878211184781957
0.006843299754792734,0.014763123178647083,0.005825049166283688,0.0038658289085518748,-0.03987678404826612,2.8807580167200424,-0.7251430378854157,-2.141237788860541
0.006666312186251221,0.014606364689803504,0.005699874772666467,0.004135021053121743,-0.06555526243885094,2.9514013286235525,-0.5361558119780647,-2.202743496915279
0.006725478987437758,0.014673042674829415,0.005734391471825203,0.004026776671904358,-0.05664580375444449,2.9157309875164663,-0.6067991451422464,-2.1752156680935673
0.006440666693899302,0.01446250407309706,0.005474940635718716,0.004384627323679076,-0.09825643893530943,2.944295444953305,-0.3220572925200144,-2.2149452538226435
0.006477237173846917,0.014533595344398298,0.005485824413507804,0.0042798123919825974,-0.08992584225857027,2.902479477607859,-0.3841149307579917,-2.186641024743817
0.006587617251548681,0.014613129875055553,0.005588234659239474,0.0041467273262719715,-0.07416522092965959,2.8953573407717568,-0.4907367336319595,-2.1744246699830865
0.006515790807074747,0.014591044712408588,0.005504693797881558,0.004193699717494323,-0.08317868235073067,2.8724427071127137,-0.4371379087271071,-2.165365652345966
0.006275395917133191,0.014390628088968686,0.005281504568844598,0.004506297444388837,-0.11871148601291702,2.888743649921698,-0.19432565472112057,-2.189072622637678
0.006358145962215999,0.014445326921531807,0.005369647310565099,0.004420980110473246,-0.10666374009566058,2.9010628683157296,-0.2685675555970905,-2.192920091852208
0.005803988772066619,0.013951783680035771,0.004757680682526605,0.005104982904321959,-0.18798915868583824,2.8095856466846816,0.29045148824988637,-2.141550484006828
0.005829297732954417,0.014035834546079602,0.004778442299032245,0.004992417973499662,-0.17878179595758115,2.7850661729321264,0.21771431914167347,-2.129614000827076
-0.004948089542553456,0.012331886269263351,-0.003104064315854418,0.006821302547768583,-0.2824346479335966,2.066402232604208,-1.61519297492178,-1.4568407991599341
-0.004969682967644989,0.012390935520257801,-0.003173238098678178,0.00677189102125779,-0.2845690489224942,2.110266608053148,-1.5778581195384813,-1.497481925881922
-0.004988352415658931,0.012452702825251336,-0.0032396664876691845,0.006715652890580887,-0.28555574347206353,2.15156769165613,-1.5354896277759007,-1.537192252616997
-0.005008271690870419,0.012504883576996173,-0.003299300550268086,0.006669989389639436,-0.2865553606433099,2.1882534230891713,-1.500959750784885,-1.5711565008023998
-0.004994186244504541,0.012566873260980025,-0.0033243912122725002,0.006587845860255299,-0.2835180012872209,2.2000540728544293,-1.4406108178750348,-1.5945424159587025
-0.004815810276385156,0.012107235610654294,-0.0027786222045930804,0.006953196055584637,-0.26507887415248793,1.8535091850457162,-1.7136709940347548,-1.2773153625059297
-0.004880176576770295,0.012244104990919862,-0.0029605746880351784,0.006863388077900059,-0.2751192641393425,1.9727557243753127,-1.6472910157957192,-1.3821943947252204
-0.004881587476402445,0.012309467667006508,-0.0030140119155069767,0.0067945512251894975,-0.2760536308615314,2.00632809403708,-1.596809516217416,-1.4203391589863343
-0.004815577525569522,0.012188752389468531,-0.00284767906327131,0.006870157754251544,-0.2673798887523975,1.8988130523574807,-1.652890229951504,-1.3282152319694303
-0.0047570639290654216,0.01205571251676091,-0.002675247309474917,0.006956150041293807,-0.25709222863987163,1.7852938540815873,-1.7155366342579015,-1.22716943718272
-0.004717513327815839,0.011989888634929292,-0.0025783962835105923,0.0069865954120706475,-0.2500294484636563,1.7214749263763898,-1.7371221189483352,-1.1733913186336127
-0.004640726576033445,0.011963252311929481,-0.002483349630510409,0.006948188501581559,-0.24146237518457783,1.6590346818278527,-1.7084145156419581,-1.136278725187631
-0.004561485186301667,0.011848385597775098,-0.0023085477992450545,0.006984632759899927,-0.22680788326515217,1.5424308310394081,-1.7324954223998628,-1.0405095192384357
-0.004561359742882393,0.011920048025145765,-0.002373762731245853,0.006922552462814286,-0.2318969906245363,1.5873182664644963,-1.6884367097882542,-1.088682068123852
-0.005883864290247301,0.013467072166618682,-0.004900895272415256,0.005838206253066656,-0.2386073581021804,3.12537995787083,-0.7538374304096656,-2.287293159981257
-0.005774100426450023,0.013460076942288434,-0.00473228348942526,0.0058095860446958905,-0.24277167993703627,3.001543507619735,-0.7610232194064973,-2.2156591289607754
-0.005825030969821145,0.013467987540734406,-0.004810130379449014,0.0058158960843560205,-0.24014726072794332,3.0562180903645717,-0.7528282713133314,-2.248046749657858
-0.005918401418358955,0.013513256249484984,-0.00495670916102882,0.0057777971187674216,-0.23137575603569466,3.1466411621990207,-0.7004452495969051,-2.3051741614003887
-0.005935576396768678,0.013566921226010515,-0.004983829068878415,0.005699337790182161,-0.22441056429117223,3.141655351697553,-0.6394103327305628,-2.308452016167033
-0.006037554882308511,0.01363821345113071,-0.005140909170202843,0.005614952638676873,-0.20963318211065202,3.223676114765426,-0.5485865975308551,-2.36231833924102
-0.0059748202008222204,0.013615871392993719,-0.005043566591623303,0.00563400342148007,-0.2162028521268511,3.1622995419766196,-0.5816631032623322,-2.325364997206345
-0.006045861154526697,0.01369473462402687,-0.005148435118182525,0.005527630247445498,-0.20244227621885202,3.1992531477625668,-0.48549546401624205,-2.353541785393032
-0.006072698688983061,0.013747290102179375,-0.005183576952219341,0.005450667744619511,-0.19470581688865293,3.1964128089995856,-0.42433889652012485,-2.3559955637111636
-0.005727224705303954,0.013450605479953172,-0.004661366646145949,0.005806582288251803,-0.2443545066577855,2.952904926217197,-0.7695952778974715,-2.1864565266468037
-0.005739365961518062,0.013486542108855231,-0.004682725083069938,0.005757707098018933,-0.24035819593071822,2.954274767329899,-0.7320242760596329,-2.191616577634143
-0.005585798838155884,0.01322977852947784,-0.004413704862342455,0.006070675109291238,-0.26959825172493174,2.8484579625541033,-0.9914583923878878,-2.094444241709009
-0.0056062413609311215,0.013287178120332203,-0.004457040055654913,0.005996941513869015,-0.26372004167107693,2.8616868047228823,-0.9331604247826748,-2.1111381374798035
-0.005631377664783236,0.013338841712533916,-0.004504122318494179,0.005932820217291654,-0.25773780209603053,2.878672908579116,-0.8812836483333234,-2.128593635716378
-0.005666505816571839,0.013393779503945092,-0.004564611781055074,0.0058670569205836265,-0.25157573345733897,2.9033799054358345,-0.8263307792657377,-2.1505016639037127
-0.0056866019101513045,0.013443877208998768,-0.004600755335883722,0.005801426872190358,-0.2456506914170226,2.910884533031445,-0.7753221336238658,-2.161309943635001
-0.005454297090393474,0.013078532610346194,-0.0041795133800822315,0.006218756303273654,-0.2817466721099588,2.7190665286378883,-1.123096060763164,-1.9942947126773725
-0.005527738332261508,0.01321308141699069,-0.0043259217524157295,0.006066754700055541,-0.2704376576999978,2.788690971146853,-0.9987202688498202,-2.0576436613886457
-0.005469723087959124,0.013139991046550632,-0.0042221455771384786,0.006140953444067818,-0.2763125253657375,2.733782264352151,-1.0626197441420084,-2.0138662989429075
-0.005485050651666457,0.013186531241952038,-0.004258039994369883,0.00608343205228299,-0.27202914117438315,2.746903622183981,-1.0177595228564027,-2.0293178228716493
-0.00511024947490934,0.012661358750704399,-0.003522597811861084,0.006554775770656914,-0.28999551234257437,2.32669989373612,-1.4096537560516431,-1.6859822429259945
-0.0051218740990921635,0.012726634332246524,-0.0035753936981981252,0.006482192552119822,-0.2880652845849359,2.3549928894918852,-1.354780667324877,-1.7173831654523013
-0.005139041505948621,0.012773127971026196,-0.0036226758927622206,0.006435569514098382,-0.2866577528563556,2.3812740135921,-1.318913840164324,-1.7425685498463692
-0.005016772158980355,0.012646214690396368,-0.003400787458789659,0.00650999887791534,-0.2828464644307455,2.244168219960933,-1.38199853566753,-1.6382481167396115
-0.005372068019857648,0.01300563453315462,-0.004038041968967439,0.006273427660487355,-0.2848941200316381,2.6335856689614094,-1.1748715751609613,-1.932188125513597
-0.0053034642648047865,0.012987274720968054,-0.0039382172195609804,0.006259036702245619,-0.2826741191520152,2.5659176456919854,-1.1721454936289541,-1.8906084287037117
-0.005389269978753849,0.01306771263093669,-0.004085732312237779,0.006198390975117104,-0.2800457296951348,2.6533346468532937,-1.1166858518240732,-1.9552604847490767
-0.005187652115210797,0.012812132300834065,-0.0037047045645155837,0.00641728028635804,-0.2881850829954538,2.4328051116525486,-1.3013586461328448,-1.7797509075103675
-0.005233062117926944,0.012884364092436224,-0.003799329188323721,0.006352678838561678,-0.286524005862787,2.4871733622906596,-1.2490942064594723,-1.825586841797321
-0.005236931251733233,0.012964019410181321,-0.0038409127025029427,0.006251678251940247,-0.28097431663339484,2.5015490264996063,-1.1744021115468934,-1.8497951140322513
-0.0067198998523921895,0.01423486671515403,-0.0060233328073464034,0.0046694570353012195,-0.07311785314990657,3.422425808891782,0.3352746424581154,-2.4791517748755094
-0.006680919951026041,0.01422422397549973,-0.005968335541151204,0.004694297903555974,-0.07982632986409456,3.3985381161899286,0.3003018957376074,-2.468399785449781
-0.006903809218908444,0.01428667034121009,-0.006280269411662637,0.00453785168547909,-0.03918467938778836,3.524544844829441,0.5131303843913763,-2.5201814006050944
-0.006865437166525623,0.01428335721343833,-0.006221413022272319,0.00455499860857289,-0.046105267156920406,3.4942335211877107,0.48000899677438275,-2.5069948838818665
-0.0068260747511100185,0.014271275874014383,-0.0061674296117761205,0.0045855736663244495,-0.053376379855874144,3.4745597460764945,0.440554137908081,-2.4997184044992298
-0.0067907105047264665,0.014246694929563009,-0.0061281570638117904,0.004634113107480762,-0.06066520159147958,3.4742667283996655,0.3953938019210919,-2.502851363860579
-0.006744407421125246,0.014261757584558572,-0.006044548840854043,0.004621454985132154,-0.06779621312821309,3.411524057526671,0.37330795623798546,-2.470963847534243
-0.006939883390693416,0.01435603795731922,-0.006283359824944344,0.004415826720754134,-0.03132459351254241,3.457685978600012,0.5906774572120622,-2.4774957988229747
-0.006914615129686694,0.014325093994245997,-0.006267892148523431,0.004473184498485082,-0.03627944768893232,3.4798073336282402,0.5492340967235477,-2.4932449088556683
-0.006930479041370029,0.01439358174040076,-0.006238958136152187,0.004360827962897361,-0.03219600121682862,3.3972314943937447,0.6072454942462486,-2.4435235400534667
-0.007062274520196921,0.01447073555574992,-0.006375731886031176,0.004190491321545148,-0.008562474799005381,3.3871265673131568,0.7639553663809537,-2.4199615205658005
-0.0070308106309193005,0.014446000407220832,-0.006349435010889919,0.004241602402388863,-0.014393720746786492,3.4002391833158367,0.7229160915593636,-2.4321392206808343
-0.006999431161355574,0.01441379102156098,-0.00632867966643749,0.0043037646974988875,-0.020012855177096448,3.422990536809802,0.6771837326357558,-2.449742787030035
-0.006952143756555781,0.014425491744839493,-0.006246547909087307,0.004304019574169621,-0.028250883323164968,3.369933347708012,0.6446458009692669,-2.424825157163703
-0.00614023891066863,0.013838701950238428,-0.00527247288408254,0.005318562055928298,-0.17892324007457047,3.2083233783354452,-0.3133239500318125,-2.368400725571924
-0.00610182024810253,0.013796607825339239,-0.0052208643903637305,0.0053786751493827695,-0.1870814609840243,3.195827621765939,-0.36622060829175473,-2.358923687891197
-0.006281108446819196,0.013913337432760412,-0.005475051680374433,0.005214793937588145,-0.15775185655165,3.304894580256183,-0.19207422225123058,-2.42553496615499
-0.006182470297878391,0.013877061317132407,-0.005329496173811004,0.005263654722229561,-0.17148174648170775,3.226003653218879,-0.2621559280747286,-2.3801144844535673
-0.0062282281820127475,0.013902836992200704,-0.0053944618872803956,0.0052275398557669805,-0.16408819908831915,3.255419188021851,-0.2216820172495628,-2.3976486802285524
-0.0061329612974428465,0.013890470163538194,-0.005249469254567013,0.005237450639743814,-0.17403620430293149,3.1627402985675435,-0.26404872486719555,-2.344939824682626
-0.0063519284094573055,0.014006680578731438,-0.005555343972562717,0.00506935014265255,-0.14076211422488116,3.2983484260729914,-0.0724764533279491,-2.4235915843104707
-0.0063803737708952495,0.014049257071890756,-0.005583447052288069,0.005002138066796458,-0.13394427720293983,3.2880456565874794,-0.02033410114011829,-2.4179784805622826
-0.0062961616178286986,0.013969817342821248,-0.005480635180726349,0.005126219250531077,-0.1505968352656504,3.27218951827662,-0.13083677524588935,-2.408757758866262
-0.0063010280202840515,0.014029958129524706,-0.005467213970530545,0.005032557877539298,-0.14460489348336297,3.2246394510138883,-0.07306365102935487,-2.3831359458064867
-0.006481883877161761,0.014062002261172683,-0.005738748445009787,0.004977912102777479,-0.11976451982686888,3.3817597047172563,0.04157598392035306,-2.4682044157020893
-0.00650508312312255,0.014099951066297526,-0.0057578213942950695,0.00491573260546218,-0.11372739797888677,3.3657319231301943,0.08851014655115896,-2.4587454262919675
-0.006531948830700042,0.014140009588829645,-0.005780445252476735,0.004849765657756295,-0.10729606292938736,3.349780688250821,0.13847494909716543,-2.448869288477599
-0.006563795672287414,0.014167576378098233,-0.005816231133203148,0.004802564681549454,-0.1005608239036402,3.350985711919506,0.18037654213030274,-2.448181454916142
-0.006602974346942286,0.014192294997200924,-0.005864272198391872,0.004758179616935448,-0.09356778034469822,3.3612675303171775,0.22457025678097728,-2.4520369097803214
-0.006634071234719848,0.014224858450178662,-0.00589431468111467,0.004701987481233257,-0.08697492477246807,3.3533109722525105,0.27016638569728524,-2.4456463284923626
-0.006426467281501936,0.014067819494409432,-0.005648122872525251,0.0049715116231319805,-0.1264838202055121,3.317695010317938,0.018632648725162276,-2.433919111372671
-0.006378177050302092,0.014089443126707568,-0.00556348907224941,0.004939571432130838,-0.13087561745314819,3.2475540348092045,0.014696799179720133,-2.395582357278907
-0.007074092805390986,0.014514197535449786,-0.006354973827955087,0.004119937606122048,-0.006603278698338238,3.331924154378364,0.7966376638291209,-2.3858377116409017
-0.007108596630792709,0.01455225161789972,-0.0063716443840771365,0.004047640754952065,-0.001184873333617413,3.29924710809035,0.8452024097484356,-2.3613655480968734
-0.007159211476476229,0.014543927744768743,-0.0064540129458159875,0.004035225243826649,0.008137889863631858,3.343303075680866,0.8870646360892298,-2.3792973750054975
-0.0072089968083791835,0.01453322387586715,-0.006538274739678448,0.004025490244261551,0.01779035754216772,3.39041401168349,0.9292224005302975,-2.39837180985607
-0.007993802892546352,0.014748590631297687,-0.007380448131524656,0.003117465040422629,0.15386291199904514,3.2853754002033853,1.8256890929425413,-2.1364145962989376
-0.008033758306356375,0.014783998961435648,-0.007378912320123024,0.00303195427913603,0.15559177341187433,3.2191010760259364,1.866083295399225,-2.0866304867737355
-0.008011199185080128,0.014767789247981514,-0.007374430993774627,0.0030753758781700002,0.15398097535685062,3.2495588992207787,1.8428531980052718,-2.1110342103195214
-0.007937537826448236,0.014743557228193805,-0.00731504064521227,0.0031797781022281433,0.1435754190320759,3.292291150919516,1.7600468648523029,-2.159754690402711
-0.007966295770114259,0.014749599294954417,-0.007343596050499446,0.0031436856242084157,0.14845025222690497,3.282575870079375,1.7929930806906282,-2.1446440832425124
-0.008157943809273304,0.014851931327727311,-0.007427099740928189,0.002818691217533987,0.16608762510007982,3.083791272757627,1.9910155560172011,-1.9684992507925458
-0.008172919682515784,0.014876230466611384,-0.007407364308473356,0.0027742404858936667,0.1642977282645066,3.0378077781695936,1.999901419291382,-1.9386173899132138
-0.008084585641404058,0.014809905657086415,-0.007403081431045151,0.002947204333478087,0.16043819313989613,3.168637370718114,1.91910178087835,-2.0411168384448293
-0.008113800479327046,0.014814435022343529,-0.0074317045493258954,0.002910759126740325,0.16505782976151195,3.1576644470934414,1.9516299302833726,-2.02431578576142
-0.00813151449300026,0.014841515132359345,-0.007411817348636726,0.002859419893088498,0.1632635795662513,3.1062645109010307,1.9642128265263898,-1.9904830031018366
-0.008031395961474772,0.014816582844077423,-0.007328020326941035,0.0029939567506057116,0.1497256597573555,3.159551672701825,1.8563679409455,-2.055687285833029
-0.008059831784846799,0.014832756361519275,-0.007338960137358494,0.0029451464774894937,0.15205933168876348,3.1289704448787705,1.8850291932921024,-2.029145116650301
-0.007326660969756507,0.01455973719969001,-0.006686298746925243,0.003919716886398438,0.03969210260007077,3.417761855446394,1.0554622940068812,-2.392368597402729
-0.007293008658976657,0.014577250234886952,-0.006618412303054386,0.003913733233372382,0.03242630885839543,3.3706368691808564,1.0281840038205579,-2.3715998050724663
-0.007253635011753298,0.014562637967242893,-0.006575317775786008,0.003957658047141283,0.02515298336290594,3.371333235031421,0.9841778334262542,-2.379350684797556
-0.0073612675455933495,0.01458519505056484,-0.006710155507095941,0.0038610850625250526,0.04501803454725887,3.3946987114317566,1.09959637737264,-2.372047071050369
-0.007396879685436587,0.014604911005545056,-0.006740709115596419,0.0038097902885686863,0.05105173203875855,3.380399198249183,1.142248731834665,-2.3564096697728605
-0.007400862980132278,0.014648254931418142,-0.006698887472313291,0.0037448540636367393,0.049016521894131464,3.3116583448172663,1.1588359980172862,-2.315756407676212
-0.007445448222993601,0.014662651861862556,-0.0067461843748531656,0.0036950329888951468,0.0567114621115623,3.3079286982920797,1.207871322063131,-2.304112127699888
-0.007703871295660365,0.014716271051867458,-0.007040752245399768,0.0034266499263948262,0.10159354735983965,3.3044263536643297,1.4929903133952307,-2.238383671704352
-0.0074810992131504285,0.01469458861868187,-0.00676003275252604,0.003625855742827548,0.060979442581299954,3.270393412884974,1.2514250928911048,-2.2745365059199902
-0.007663093907274999,0.014723561584093152,-0.006976020285013421,0.0034499645907215587,0.09301091760370171,3.2812865234657953,1.4485464776713657,-2.2363809103266146
-0.007619513582123007,0.01472887867908318,-0.006910116822700158,0.0034770702272545894,0.08428079973238589,3.2601145669594342,1.4019985379794333,-2.235618700416113
-0.0075737128889236125,0.014729631444823655,-0.0068467855596671305,0.003510873332591207,0.07566820018298359,3.2452234331879466,1.3535601185299766,-2.2384346192522444
-0.007519522889329268,0.014723635646614528,-0.006779672802272311,0.003558675938110197,0.06588139255192214,3.237233652096669,1.2962406815390415,-2.246661407925276
-0.007861162344504374,0.014751109464521218,-0.007204661984582836,0.0032423253697909334,0.1277951730905096,3.27122481806166,1.6706744355366758,-2.173385931405783
-0.007825808245590912,0.014752662063539783,-0.007156056029094248,0.0032725072977331272,0.12068467513076264,3.2637718493827426,1.63026726410601,-2.1802907604082375
-0.00773053376641171,0.014743824945930862,-0.0070411814025826,0.0033672154390223647,0.10366046799123448,3.262246771152,1.5237657698287166,-2.207240982845777
-0.007789384554923131,0.014761714509086596,-0.007095907267219286,0.003292911371033686,0.1126861989512248,3.2421058900304804,1.5890607990362324,-2.1791549718645573
-0.007758465430955094,0.014763712623626968,-0.007052460378018025,0.0033170591338985726,0.10658710640260738,3.2332881260384907,1.5547742893535397,-2.1831215638214654
-0.007911684887100458,0.01476122282254095,-0.007256410439665556,0.003181751217057153,0.13600950599640768,3.257792481253031,1.7278594363170863,-2.1497418656286467
-0.007881232666832756,0.014775158340183349,-0.0071975632917127596,0.0031924114970043466,0.12816569147052528,3.2300806678505762,1.691666204190607,-2.1444387228143387
-0.008257167827336936,0.014875598775275592,-0.007504202599578337,0.002681505296280171,0.17842544001735297,3.0217235100541,2.09437712026479,-1.8965052794787434
-0.00822875044216603,0.014877294143985833,-0.0074694951240033974,0.0027115949371091432,0.17324328889885982,3.02520331071743,2.061935060864265,-1.909908426147269
-0.008203111841442519,0.01489379100835732,-0.0074149246972777015,0.0027212776427349723,0.1662201502472966,3.0011354200278464,2.0273309776619968,-1.907656928351031
-0.008275233851097111,0.014900035693145585,-0.0074857859115404135,0.002633799245634588,0.17673164522863494,2.9736459874561274,2.1045617681285242,-1.8643211656411989
-0.008586819481361373,0.014947873998848163,-0.007726706269300721,0.0022061834001132403,0.212575552824582,2.767922707407133,2.4146939868650628,-1.6187962588321125
-0.008600929948437664,0.01496530855390739,-0.007710024981736902,0.0021716618766183635,0.2104718377160295,2.7306810676732423,2.417802287860549,-1.594092999370816
-0.008619585766363303,0.014982258644635761,-0.007698157712200338,0.0021320101645162797,0.20907017756370813,2.692057673292639,2.425469216702314,-1.5664361667896018
-0.008516873014853,0.014933263399791221,-0.007684099486922482,0.002309418211284837,0.2062095258831447,2.827736756013818,2.3502742506352203,-1.6824214117125926
-0.0085650371202938,0.014949020189575361,-0.0077040659668838685,0.0022330545764896615,0.20939781032105106,2.777138109516002,2.3912438272972403,-1.634274253853225
-0.008541250137567957,0.0149439576950171,-0.007689804422225048,0.0022681909320663514,0.20722378998807703,2.797619686502522,2.3695163316250576,-1.6559425212023033
-0.008328983219753556,0.014900014825867563,-0.007544537040375102,0.0025719096831198877,0.18518512605727158,2.958493656863212,2.163898804881438,-1.833773828059261
-0.008300441878121768,0.014917899869906428,-0.007485129635224247,0.0025855374077664553,0.17727939954011052,2.9355786736308223,2.124583895728278,-1.834343431035048
-0.008353435061172388,0.014914047329529832,-0.0075482060198385536,0.0025281979790028174,0.18618518386455848,2.9259525116585223,2.1841887889638802,-1.8066994044279794
-0.008380683825437935,0.014923478589172002,-0.007561752461109621,0.0024860253667992635,0.1884458099134829,2.900196322147572,2.2092466921015723,-1.7817491859208767
-0.008494028870004758,0.014950073625170972,-0.007633353177339846,0.0023213766581303415,0.19950115341529373,2.8089978446184336,2.3161709382869087,-1.6844792044709103
-0.00841153428436921,0.014929717145228316,-0.00758369451713694,0.0024426521551350086,0.19187192469487105,2.8780565694104157,2.2394080184176595,-1.756866168677671
-0.008443284546254147,0.01494513262916113,-0.007590847455660306,0.0023885418617790558,0.19320581617680616,2.839078619547205,2.2651423401017214,-1.7230901878921348
-0.00846797469998678,0.014965187427291424,-0.0075825296060982655,0.002338442809118812,0.1924833941125723,2.7947432743559486,2.280078664019662,-1.689889148298003
-0.010088865625962937,0.015075377580086684,-0.008179690389818873,-1.4327848492836446E-4,0.2560665397670081,1.062516603012427,3.257174593459712,0.1090063052233159
-0.010107253405418345,0.01508584037256527,-0.008157843152071397,-1.7211029505239238E-4,0.25299935462620476,1.0299430440121553,3.2459461762505697,0.1311493995536985
-0.010125134263302388,0.015088931601110975,-0.00815034522240726,-2.0048720746494012E-4,0.2517475536476094,1.0039297263283598,3.243970485001596,0.153526324845485
-0.010142427594718508,0.015090519143800869,-0.008145641478440145,-2.2798201274994224E-4,0.2509084300986774,0.9798724595565068,3.2436525397219143,0.17531671902488302
-0.010159092283909774,0.015090950426726828,-0.008143066850078292,-2.545435884081507E-4,0.2503055206023536,0.9575083777871721,3.2445607528157026,0.19645961760721167
-0.010175764230261465,0.015092414134094533,-0.008138277367054024,-2.809642790691066E-4,0.24945171316771778,0.9343387111031447,3.243915695956186,0.21741588123492747
-0.010205221196834296,0.015082721408350812,-0.008153369682117488,-3.2925919101069705E-4,0.2509146602759635,0.902049010206656,3.2582910152775355,0.2569128662657461
-0.01019318455138821,0.015097162620340165,-0.008126786657974823,-3.08085803146738E-4,0.24775296807668992,0.9078294448901939,3.2388612387055633,0.2386618364218783
-0.010223996244509313,0.015086052834627208,-0.008144052257596712,-3.587324991526884E-4,0.24945771372972228,0.8746389125536888,3.2547199196489776,0.2801566001433891
-0.010246591036987683,0.015082784990261012,-0.008146751156416216,-3.952917194894968E-4,0.24952413985518368,0.8466643597931655,3.2595837809759027,0.30967869920923635
-0.010269521247039209,0.015084487925234508,-0.008139311442672678,-4.315072077327997E-4,0.24825023159886264,0.8148021032667682,3.2575662970265653,0.33846135372793235
-0.010293543647206898,0.015083047706358876,-0.008137421670027447,-4.699794439194331E-4,0.24772646258727235,0.7835101447864731,3.2592492591677598,0.36936465546931524
-0.01031686353437764,0.01509204485768575,-0.00811498861442967,-5.050260786473466E-4,0.24467330810933705,0.746600750272123,3.2469085524516133,0.39642994635888623
-0.010357748148239176,0.015095126704700212,-0.008099509303521997,-5.687488696929674E-4,0.24240853534719792,0.6900972132962009,3.2408867054552095,0.44700331320849135
-0.010340029126753707,0.015099393527346284,-0.008095516205254031,-5.398678889718245E-4,0.24203894907931264,0.7112076310832418,3.2363826992511204,0.4234824391755009
-0.010373992968564762,0.015101321766944082,-0.008083469601332218,-5.926767597520242E-4,0.2402949286547533,0.6648441749457321,3.2317384495612766,0.46542847673921167
-0.009820477060590707,0.015085730518161495,-0.008150159089426347,2.875720837653486E-4,0.2570769017328148,1.3999897717161407,3.181066972354493,-0.23324246937315715
-0.009805287498082389,0.015095995878925053,-0.008127965583271385,3.104027684343172E-4,0.2544434857634604,1.4086518356023452,3.1631634083991425,-0.2515529707534195
-0.009790363628554719,0.01510747921864294,-0.008103359687510005,3.3240034824783715E-4,0.25156511096474116,1.4155235575467635,3.1438385666848916,-0.2691495204668885
-0.009840254243843482,0.015095952794103624,-0.008132478886230901,2.5478665426178934E-4,0.2543642431063853,1.3651738911212012,3.1746471709777473,-0.20787729283301792
-0.009860239485455218,0.015106105296246326,-0.008114737669334583,2.2194317617198252E-4,0.25167817185097924,1.330390120728785,3.1681039607693857,-0.1824341508919888
-0.009876661737490312,0.015105746274731453,-0.008116991834899006,1.9591365376748015E-4,0.2518210535996974,1.3101915167265388,3.1733407503900257,-0.16195358284612485
-0.009891602122779213,0.015114303579157313,-0.008101518033399245,1.7152774763166465E-4,0.24953507214412832,1.2834348272422342,3.1668468083571244,-0.1430879690498861
-0.00992098743943279,0.015107108100900747,-0.008117565324492449,1.254301629835989E-4,0.25107077168427855,1.253054595597744,3.183611998990678,-0.10642479822068152
-0.009907353577912816,0.015119772270338722,-0.00809200200206566,1.4623527049587696E-4,0.248086700295312,1.2587278642479793,3.1642651816105603,-0.12343542565906866
-0.009939585546470104,0.015112064121655023,-0.008108831206803183,9.566817007054314E-5,0.24957823453364023,1.2250567797466347,3.181991729173547,-0.08317213643824074
-0.009972857587340825,0.015112800725450863,-0.008108495131020093,4.288831272590318E-5,0.2490520301856188,1.182152198784788,3.188655427552732,-0.041505534804611
-0.009956771013549985,0.015112768337230485,-0.008108122746622612,6.839394600646584E-5,0.24926865013426838,1.202641648819685,3.185127626262378,-0.06166779705232348
-0.00975554375268365,0.015112902661532432,-0.008087194412161021,3.864268450996552E-4,0.2500524225305139,1.4523870448815936,3.1247030578511326,-0.3114500110154017
-0.009774816882755005,0.015117972735161252,-0.008080531392846561,3.552846784152392E-4,0.24887852592471824,1.423956714250372,3.125529400057357,-0.2873268094917686
-0.009988249016816499,0.015114462463057,-0.008105498855680487,1.846571384796013E-5,0.24841484582126586,1.1610723795520792,3.1897916332118843,-0.0222621732782379
-0.010004245706235402,0.015118730927217043,-0.00809726138346223,-6.879550032015512E-6,0.247141009996263,1.1370102781767475,3.1875772819971506,-0.0024329298713653105
-0.010070258339746951,0.015090081114974372,-0.00815174792330241,-1.1260486674515305E-4,0.2528539275022769,1.0752590391969508,3.235473819418381,0.08339265343843298
-0.010055851022969187,0.015109927121294546,-0.008113484494711965,-8.881034625672238E-5,0.24828107845139027,1.077968382834413,3.2077646968180105,0.06305879088950687
-0.010020943862248282,0.015123515451614139,-0.008087851572373477,-3.3230117947026934E-5,0.245635905810482,1.111697540720005,3.1846510989939527,0.0181512825580048
-0.01004171486301583,0.015124201564496694,-0.008086127777101009,-6.59975942669966E-5,0.24518751217956064,1.0846207593583264,3.187358833956206,0.04402366548521179
-0.009263293852870443,0.015083738855235927,-0.007975182729226342,0.0011552481179903532,0.2432512347402753,2.033247065814493,2.8943073407583166,-0.8946517701088059
-0.009323423592915358,0.015088596015411557,-0.007995297567375562,0.001062619170506145,0.2450453037540732,1.9664743337814863,2.929596369227993,-0.8264899780738694
-0.00929335242797316,0.015086205468136061,-0.007985471926903888,0.001109006389886138,0.244206516273264,2.0000358182086386,2.9121998878198485,-0.8606956315286468
-0.00924417657411803,0.015111683715824704,-0.00791305012615451,0.0011693451003978413,0.23498731400390113,2.0148442628865753,2.8522589145402226,-0.9033678898074881
-0.008856673144240062,0.014993034101121733,-0.00788045896088021,0.001804050107720839,0.2337935582346339,2.5219063398809305,2.648172042256966,-1.3574443520468924
-0.008875942734230513,0.015004157791403175,-0.007875255758807771,0.0017684805822585465,0.23307673535969364,2.4897227853746986,2.656639820779976,-1.3321252912737382
-0.008917505048426887,0.015010643436703804,-0.00789482982028622,0.001705115935489039,0.23565744495996946,2.447704028053785,2.6888121128912164,-1.2888152544022067
-0.008895898785506453,0.015011438527779438,-0.007877234832244827,0.0017349709785116636,0.23317983600456263,2.4630926141125187,2.6686425049370306,-1.3087021118371613
-0.009001895166521804,0.015036673771119042,-0.007907250592715402,0.0015664374095130122,0.23670463151821572,2.3394975316059177,2.7391189468525527,-1.1910274077845748
-0.008981341093822193,0.015023838732441787,-0.007916643446878485,0.0016047540827937026,0.23812292459707976,2.3760438051503687,2.7333055441620626,-1.2188704517714817
-0.008931033012132345,0.015026980214482535,-0.00787501695039559,0.0016740206789894346,0.23273124041416135,2.411609367765894,2.6865708286833785,-1.2655546840483496
-0.008955210302493438,0.01503146612860329,-0.0078842413264125,0.0016366133924213158,0.2339871675984257,2.3855413212629935,2.703785423681084,-1.2396508197583331
-0.009171949874794041,0.01506133851055028,-0.007968077924875068,0.0013031613103436344,0.24328361474479102,2.1523195057353273,2.8514031914204945,-1.003320826442634
-0.009148316243631221,0.015062080153407287,-0.007953022148067012,0.0013375981822465177,0.2415834568358315,2.1733116704973843,2.832767835504081,-1.027892881819698
-0.00921381939296644,0.015103426608817831,-0.007912547369615781,0.0012182404770816095,0.23537317530983512,2.0547738956760786,2.8394788657007717,-0.9391911329692851
-0.009185280784357439,0.015089186308215319,-0.00792353351315588,0.001267845701489784,0.23726735509334926,2.1010149661806956,2.8332867724901414,-0.975873451976905
-0.00910803905323075,0.015057444702059155,-0.007937549710986112,0.0013994061428853975,0.2398579974347861,2.216707131909194,2.80610692270434,-1.072222101955889
-0.00912791669376099,0.015062344895378383,-0.007940456875958311,0.001367382030242749,0.23999864613564073,2.191690800775874,2.8167912290853216,-1.0491160887806465
-0.009024461253067242,0.015047882239837928,-0.007901851708829191,0.0015265216898306718,0.23574217846522708,2.303690363755427,2.747700795726216,-1.1621396080859487
-0.009091658025895084,0.015070109970811601,-0.007904012660621181,0.0014154280921786905,0.2355025416305852,2.213145952724528,2.7810072223488453,-1.0823854867709748
-0.009047534940698541,0.015059825380136898,-0.007895042435231979,0.001485552401121077,0.2346398797715221,2.266408968522114,2.755489835320861,-1.1324206013251275
-0.009071123680151512,0.015067309308895663,-0.007896353770886906,0.001446829127449421,0.23459512215513814,2.235175197919753,2.7674211445945716,-1.1046679924013596
-0.008835817552477948,0.015006872120875592,-0.007839134204715712,0.0018221350096234556,0.22835551607553417,2.5146921874705357,2.617241204807628,-1.3670214982792677
-0.008716170875838343,0.01497665061531995,-0.007793811983732164,0.002009968195207635,0.22218197494418188,2.644637223291616,2.5259610709584988,-1.4928938782533538
-0.008739853753771072,0.014992449962902178,-0.007786267038082038,0.0019646522882705024,0.22121501970162658,2.603475101429052,2.5373143727300307,-1.4612935987815254
-0.008689327607422104,0.014985700471310903,-0.007754576362314274,0.002037829474141766,0.21683399362178596,2.646127907403819,2.4927321162747256,-1.5083820853617456
-0.008640772138604511,0.014996977876256149,-0.007692072867917837,0.0020913578928866933,0.2082916186070687,2.6558767485943147,2.4366950364112125,-1.5386430004919711
-0.008666729462409338,0.015001853406602922,-0.007706734217753331,0.0020533179468990195,0.21058921154231017,2.632992837800896,2.458926172140202,-1.5145017873755773
-0.008803662992071744,0.015003215269208309,-0.007819999518581673,0.0018692304118588768,0.22577154317056267,2.543245060992932,2.590073470050378,-1.3982784759308242
-0.008770127539739877,0.015008337885570057,-0.0077835334767681055,0.0019106130281802657,0.220868745458026,2.5577931982319764,2.554298298089703,-1.423973219998249
-0.009390124693157349,0.01510851502384415,-0.007987053996898698,9.530448003934963E-4,0.24293352159070283,1.8719533929496845,2.9501711215449924,-0.744390036729801
-0.009341361994107332,0.015116736443391085,-0.007950320473487647,0.0010227880502909406,0.23879694624996353,1.9120181260502773,2.9111290675894006,-0.7958410380783791
-0.0093684559125323,0.01512868721589132,-0.007939733890432352,9.77051158143149E-4,0.23700596547566702,1.869437995563205,2.9152194255391772,-0.7615745478207812
-0.009414099736845608,0.015118103651400214,-0.00797870848853084,9.128550767955565E-4,0.24145821014335997,1.8348591975524051,2.9540211482286653,-0.71409097934275
-0.009442543197027713,0.015122214296563147,-0.007982067598644992,8.68188623272863E-4,0.24150261393122513,1.799715448808666,2.965983079608023,-0.680593005372173
-0.009489382510232588,0.015115996862094366,-0.008011143428466568,7.991499523911872E-4,0.2445869206754369,1.7564963324623146,2.999030661735832,-0.6287121840360174
-0.009469343620552123,0.015134945064246086,-0.007967892890146643,8.228553879679827E-4,0.2392329797155743,1.75588734657911,2.9669065104067545,-0.6462771095453547
-0.009671639471604748,0.015136598140131794,-0.008024553279122734,5.125871023570527E-4,0.24339602512643568,1.527409220660954,3.0631807300943383,-0.40976234521538535
-0.009738902955681862,0.01513189433600575,-0.008047420052342128,4.0910423917597414E-4,0.2453051977742842,1.4530620249208106,3.0955739136201252,-0.3295505158308542
-0.009697884227934557,0.015140298239118055,-0.008023181083300282,4.7116667030961225E-4,0.24277524006888093,1.4929592817325454,3.0695952899696315,-0.3778646789155694
-0.00972059630067944,0.015149677049086934,-0.008009745644424214,4.3415926579401374E-4,0.24068221284643734,1.4568028530591954,3.067417265372925,-0.34943532545381456
-0.009514090507991034,0.015126481928814238,-0.007999605565327366,7.577747227428714E-4,0.2426834259443799,1.717061989164453,3.0003902067305677,-0.5972366783581505
-0.009542881243500122,0.01513068478460425,-0.008000932152058902,7.123840757783618E-4,0.2424302876985966,1.680417099805526,3.010445842251982,-0.5627841646005072
-0.009570244743415062,0.0151410633235681,-0.00798946497950471,6.673626823282653E-4,0.24046827674475232,1.6382633415165417,3.0121368249459084,-0.528484953605238
-0.00959703657265127,0.015147643754182708,-0.00798457661580161,6.245319301223066E-4,0.23937119353920097,1.6009807013288844,3.0172999426998017,-0.4958178399470507
-0.009623923503976266,0.015152893448056795,-0.007981751709455488,5.820235752999338E-4,0.2386150282966133,1.5649292202970244,3.0235136338707416,-0.46329800179065544
-0.009651738692056403,0.01515944858763959,-0.00797616669010426,5.37858594942699E-4,0.23751063860104474,1.5263386664964704,3.0280697811075608,-0.4294481495542594
-0.010994048366504076,0.014960465626620663,-0.008054683306722307,-0.0016140807371385105,0.23527750183002863,-0.12303024716949885,3.222859493324259,1.2967425383250861
-0.010988200108236734,0.014978166311827308,-0.008026127887584973,-0.0015931944537996674,0.23202464835592632,-0.11764320195875407,3.2037217522164596,1.2766083145420746
-0.010839264390059545,0.014987663449529995,-0.00810361274160294,-0.001363557851539609,0.24012877569604593,0.08061809292346776,3.263042481705664,1.0952825081303705
-0.01082365800710565,0.014992116777503957,-0.008104351317021806,-0.001337128622142468,0.24018412649472312,0.10070675106602232,3.2638564588502956,1.0736464442093336
-0.010971970232855751,0.014979795134237438,-0.008034179781721482,-0.0015680887901851417,0.23275190973806162,-0.09636417705181798,3.210197139374675,1.2567998033340897
-0.010956624641681687,0.014979043405827988,-0.008045867155775342,-0.0015458178924351266,0.23405425148701423,-0.07582962658608479,3.219036725593205,1.2396605057642196
-0.010943155242565923,0.014984899658590614,-0.00804394857387057,-0.0015218934581360045,0.23366041210459998,-0.05883127387239997,3.2184355061323786,1.219803524928215
-0.010926438742184921,0.014988683819987206,-0.008047815009100024,-0.0014945062034236033,0.23408138768774397,-0.03719336947181862,3.221881261120172,1.1976845529294218
-0.01091070375097925,0.014990818574007398,-0.008053917610315086,-0.0014696084228283735,0.23462570230790156,-0.01655389028846094,3.2267361415168296,1.1778216920730147
-0.010894717432258635,0.014989701529192247,-0.008066065539931576,-0.0014463196421761575,0.2360140885999665,0.00511453645813399,3.2356689941112435,1.1598411453870392
-0.010879951932450475,0.014995911128658973,-0.008063631286585974,-0.001420248518444161,0.23560893518773843,0.023657582511334874,3.2345303410884854,1.1381895085367957
-0.01086448459055299,0.014997925902692699,-0.008069281783124835,-0.0013956994596384178,0.23625360151996436,0.044008346547522975,3.2388704337830414,1.1185622347750306
-0.010850167350268367,0.014998267687254211,-0.008077217968602592,-0.0013738433916669192,0.23713351161216606,0.06322639397731832,3.2446800185811773,1.1013474427636802
-0.010818118778243865,0.015010473853052188,-0.008072982958218948,-0.0013181392250030744,0.23658791106977703,0.10345117000502356,3.2424439368091496,1.0552265531353127
-0.010795908170690866,0.015030356811616144,-0.008048143730884376,-0.001273345837557229,0.23368248082563678,0.12812489374063832,3.2258041846066585,1.0162660441661895
-0.01081180351188188,0.015028353168011583,-0.008043061970059646,-0.0012984703683650834,0.23310628479831622,0.1074007516390334,3.2221221277845236,1.036378764484308
-0.011010311421565394,0.014957005176723945,-0.008049651569325814,-0.001640605898209099,0.23485224877034952,-0.14426242714742413,3.218338982202973,1.3180611769659674
-0.011026159758446598,0.01495305102299198,-0.00804562918816123,-0.0016668387576857142,0.23454740120710518,-0.16488042210357046,3.214467270745717,1.3392446311729547
-0.011057765029887187,0.014946197418356056,-0.008035155973721455,-0.0017183173460764336,0.23369468159670784,-0.20610044061983687,3.204859554864679,1.380534202095098
-0.011042030633707933,0.014949997152325941,-0.00803975077058265,-0.0016924239184381176,0.23401460342815092,-0.18564105942156808,3.2092472650333437,1.359711077423631
-0.01108867660243332,0.01493872590147979,-0.008025601609711596,-0.0017691034039116948,0.23297782911001144,-0.24630558338120737,3.1956739039936313,1.4213381101136946
-0.0110735888303234,0.014942658701552479,-0.008029832255016271,-0.0017441147676508734,0.23323739102148325,-0.22672066010288164,3.1998922589291623,1.401223580624787
-0.011099460365690081,0.014948784259249705,-0.007999128639125445,-0.0017770987127263792,0.23016700447462252,-0.2611202231598867,3.1766321204851833,1.4250220606977677
-0.011113316818320222,0.014948710754742994,-0.007988638427542055,-0.0017971565275068334,0.22916828915088305,-0.27915961671991707,3.1681839006710564,1.4403570990422578
-0.011129346231321335,0.01494755385822878,-0.007978294215462797,-0.0018210928292685617,0.22823316248737927,-0.29988497092840966,3.1595718124799217,1.4588770675313396
-0.011145404399904421,0.014944778209226418,-0.00797066984872065,-0.0018462559781820943,0.2276283942945316,-0.32053247708061544,3.152734280011829,1.4787024456656306
-0.011161288194722932,0.014941094450550458,-0.007964631008569886,-0.0018718342780962734,0.2272107070910163,-0.3409020679555657,3.146921700578923,1.499044515439259
-0.011177065673155196,0.014936664077278413,-0.007959826760872769,-0.001897823121881701,0.22695911621768713,-0.36111168586972836,3.1418905838128164,1.519865410920916
-0.011192762438901396,0.014931247061675687,-0.007956658153524017,-0.001924478078023092,0.22681951213429832,-0.3812063151652904,3.137905953921903,1.5414119917391564
-0.011206086753699227,0.014924209058775832,-0.00795814740597621,-0.0019491314505023412,0.22732077956395966,-0.3983223742080264,3.137277663593405,1.5618778887982991
-0.011221432051882778,0.014924488162948038,-0.007944809914627452,-0.001970500601442208,0.22603167131252686,-0.4178579857426504,3.1263443631487804,1.5778539736600161
-0.01071754324122772,0.015044385182172451,-0.008062778601535306,-0.0011468696279699818,0.235417760238215,0.22907018560173584,3.2358520689396215,0.9140716816107816
-0.010709846896618053,0.015058418797880144,-0.008040126439743773,-0.0011282373358469842,0.23293241198436587,0.23476516790602547,3.220354047663791,0.8970678459538144
-0.010735370914855324,0.015047332784270756,-0.008048281626705291,-0.0011725581863529526,0.23371244943490063,0.204184702184977,3.2260780608956128,0.9338984413969139
-0.01079037789049065,0.015048609531968437,-0.008017064624423453,-0.0012550476765614271,0.23023472536851067,0.13052826211489063,3.2046802497214624,0.9986736407370022
-0.010773296245982942,0.015050895265460766,-0.008021948600863478,-0.0012281168548550203,0.2307392056699112,0.15256155121842,3.208138806249775,0.9770997560772994
-0.01075474382001501,0.015050852780063368,-0.00803174789371929,-0.0012001314176739884,0.23183106657860744,0.17724354581075666,3.2148657431341943,0.9550695654689498
-0.010440655890099453,0.015057650528749753,-0.00814911880855203,-7.100188720628135E-4,0.24739639684464243,0.599178732402515,3.2819834311771037,0.5643866912459988
-0.010459367749892888,0.01506575800476978,-0.008127507674374396,-7.37024953796869E-4,0.24458086188383102,0.5694635119093848,3.268825175477868,0.58492653423409
-0.010522560893717385,0.01506510992713809,-0.008107149496287653,-8.364122034960541E-4,0.2416016481319918,0.4841441899353937,3.2593313084884774,0.664320326143189
-0.010501980938010321,0.015063949003949324,-0.00811672143966515,-8.046069517923264E-4,0.2429430152600911,0.5125675187007123,3.264540530162516,0.6391198440541633
-0.010479414109088094,0.015066986153700274,-0.008118577312405659,-7.681544898982495E-4,0.24333102208636223,0.5416466930918887,3.264248349911877,0.6096327514255185
-0.010539828326551644,0.01506544516986941,-0.008100134660863548,-8.632412603551226E-4,0.24064601099839314,0.46064052260035426,3.255563528050572,0.6856502005465978
-0.010557135297194885,0.015065893090684322,-0.008092691958598129,-8.900150292235951E-4,0.2396514562662392,0.43706680207338294,3.2514264447718193,0.7069060992180584
-0.010696492912931281,0.01506251223902151,-0.00803887227304431,-0.0011059456632639367,0.2327839571371891,0.2512083681769237,3.219337180713691,0.8788033602137789
-0.010680798925318572,0.01506588337625743,-0.008039937292374224,-0.0010804518005554915,0.23296781591542384,0.2709735740393388,3.2198053352551717,0.8581222828014959
-0.01066371839091667,0.015067557213801775,-0.008044658556841102,-0.0010536175089119841,0.23353685952300193,0.2931737416544768,3.2226614994244422,0.8366266130478838
-0.010587565144027561,0.015055351567011691,-0.008100773957244135,-9.415173598694258E-4,0.2403876837726642,0.4004604195770966,3.258364497444124,0.7494466152374294
-0.010575577164475845,0.015069642425638005,-0.008078300714370988,-9.171586164292586E-4,0.23781132435821162,0.4105737690566266,3.2425440203687255,0.7279849635379544
-0.010646315576270451,0.01506870231838382,-0.008050322950139821,-0.0010264868975151315,0.2342839404435553,0.31603082687093015,3.2260903841996864,0.8149449095700291
-0.010607263016574433,0.015062425496024493,-0.008079105611128153,-9.691192221568671E-4,0.23771774932579273,0.37091698604391216,3.2444051950434165,0.7703428030816987
-0.010627400860602695,0.015069107232285895,-0.00805783475608729,-9.972980024292577E-4,0.23516387196416702,0.34118553448089667,3.2306431767338775,0.7917494034416351
-0.010430053338723044,0.01507552523542753,-0.008117695724476091,-6.878427459442714E-4,0.24372610472535225,0.6040086798227698,3.2598215198041705,0.5443747711077043
-0.010403973600396778,0.015089102581069597,-0.008099004149550617,-6.429356935598946E-4,0.24175233930567153,0.6316821185874182,3.2449545268032765,0.50690278608481
-0.010420014232014118,0.015088870572653937,-0.008094894092768486,-6.681527815288034E-4,0.24113293526347596,0.6103358880985421,3.24358668057232,0.527033609434955
-0.010394166166995294,0.01510828094831708,-0.008064793505228195,-6.223501263438827E-4,0.23783858576191266,0.6341610649375119,3.221112909126402,0.4883114837845453
0.015040190424580652,-0.01019726207399154,3.224560357738998E-4,0.008238498847506262,0.30643391946526927,-0.25368370516785116,-3.209648779582015,1.4407046155282754
0.015039988267591864,-0.010213417940814684,3.487943659754979E-4,0.00823652624368474,0.306818374615435,-0.27422992840793065,-3.2035990548991577,1.4609016696349075
0.015040373627419036,-0.010149968096109298,2.4530259556678835E-4,0.00824400639114353,0.3053829500868576,-0.19330217026378607,-3.226806928164567,1.3814811867529733
0.015040140782708584,-0.010165548547562953,2.707568346966205E-4,0.008242713464156344,0.3057776840616442,-0.21325926500970835,-3.221543402027612,1.4012610529221083
0.015040151334532783,-0.010181269501615726,2.9639690568576254E-4,0.008240742639666022,0.30611544065327817,-0.23332477052549003,-3.215753036742265,1.4208753313168296
0.015055064162555956,-0.010142395695140463,2.3145162674229495E-4,0.00821559489366399,0.3021027615453971,-0.18187188683277486,-3.2112950219651677,1.3566206615190917
0.015056586978270177,-0.010126800893984217,2.060088293981434E-4,0.008214056877850403,0.3014213749497896,-0.16186196329611244,-3.2146486821519775,1.3355411903170555
0.015057071097650957,-0.010094132387320228,1.5295864776343707E-4,0.00821563936026065,0.30057324659859375,-0.1201740904386469,-3.2244147612812397,1.2939653145540424
0.01505773444563828,-0.010110356315006156,1.792384108502279E-4,0.008213155898578269,0.3007898015397175,-0.14080771245248855,-3.218546256494458,1.3137364297087541
0.015056475322970532,-0.01006257024775109,1.0173191167865311E-4,0.008218553311476877,0.29988526463798376,-0.07981365606950509,-3.234460762005689,1.2545329278528747
0.015057063263665361,-0.010078039880116215,1.2683238331141167E-4,0.008216625702697442,0.3001218974796982,-0.09958422574624236,-3.2292592062199605,1.2735964084714937
0.015068941322244974,-0.010054235220650975,8.772307818976272E-5,0.008194166959578237,0.29698776659407483,-0.06851981227052409,-3.2212567536277694,1.2319582981527404
0.015074410140458617,-0.010008398911274542,1.3609011116225995E-5,0.008184297364683978,0.29462476458416237,-0.009871029643231048,-3.2262411541829894,1.168579748799586
0.015073660436797386,-0.010024694984128774,3.9901684677509936E-5,0.008185614651283006,0.29520631502117517,-0.03067832267366263,-3.223164992292047,1.1900250699716814
0.015071843694744404,-0.010040619005745583,6.563788552271251E-5,0.00818886260650803,0.2960043481719678,-0.05103825910889804,-3.221318770800331,1.2119486751742992
0.015074882041486675,-0.009992312489027813,-1.2330814857476156E-5,0.008183341780175402,0.2941036166896214,0.01067923330415937,-3.2294242672887097,1.1476022253820288
0.01507480742653092,-0.009975959947890436,-3.8696932024284834E-5,0.008183277884665767,0.29368033471024657,0.03158932214011367,-3.233164457644627,1.1267162563610424
0.01502771342413521,-0.010403008245092488,6.588213756111738E-4,0.008218953004892246,0.3126959338977376,-0.5136598512179918,-3.130613560800494,1.7023278770341135
0.015026772254809395,-0.01041920557297773,6.851836741245147E-4,0.008216036250660265,0.31309118200030145,-0.5337658882392357,-3.123068052534128,1.7222210066517747
0.015056078090148776,-0.010222142308813818,3.6044653544905944E-4,0.008203301205997321,0.30363083467345225,-0.2824931469794008,-3.1806856786623166,1.4540271098430726
0.015029999517882975,-0.010355831726826992,5.820197358937062E-4,0.008227270287453932,0.3116071323126026,-0.45485936629510365,-3.152098132955546,1.6443238459250755
0.015028387276896357,-0.010386988002371218,6.327938859523465E-4,0.008222158819870866,0.3123640873209224,-0.4937762058076775,-3.138202323978423,1.6828550944719274
0.015029102135635207,-0.010371274028454213,6.072221802328661E-4,0.008225018245310321,0.3120068708091266,-0.4741993929493465,-3.145411289873841,1.6635865260070222
0.015055318615592362,-0.010238402388625197,3.8682995741314165E-4,0.008202149369044466,0.3041036360739576,-0.30300358078965406,-3.175069947225325,1.4746414918917548
0.01505458077925976,-0.010254499025525063,4.129365724005124E-4,0.00820079526039217,0.30456043505446134,-0.3232626211041352,-3.1693094213975948,1.4949480329398126
0.015053759378903651,-0.010270574055893926,4.3901329840097155E-4,0.008199424705690518,0.3050245797858188,-0.3434662915176761,-3.1634743812914774,1.515234365446603
0.015052718225495906,-0.010286660503446314,4.651421757171455E-4,0.008198299864589387,0.30552552406360084,-0.36368549267772693,-3.1577115688923176,1.5356950002687306
0.015051331943197745,-0.01030272224462579,4.912977694219466E-4,0.008197674296762549,0.30609021932372693,-0.3839086645377541,-3.152181823332954,1.5564351616713525
0.015044834686952434,-0.010349114406702881,5.67452087560641E-4,0.008199726270707001,0.30822321568092576,-0.4427501881604206,-3.1380534272803327,1.6188276169393738
0.015049490734103802,-0.010318637421658044,5.173193280270408E-4,0.008197791398849906,0.3067436055564685,-0.404020508876374,-3.147065718246088,1.57744697256946
0.015047165910102968,-0.010334168443441616,5.428461918174735E-4,0.008198767642114057,0.3074894970852177,-0.4237496252140371,-3.1425070086488476,1.5985003151546675
0.0150027441818794,-0.010639301132931885,0.0010452761798484822,0.008179627626910067,0.319708169645427,-0.8046389359019229,-3.0149638529103027,1.9963810661840016
0.015000900894565029,-0.0106553511548217,0.0010714072301429534,0.00817577586736617,0.3201086585652558,-0.8239512533002104,-3.0058572162953965,2.015690092785686
0.015015418948570418,-0.01066551218980531,0.0010805230015703065,0.008143069327040064,0.31679626366971586,-0.8289827597757714,-2.9837089455398096,2.0061736477859413
0.01500746598153393,-0.01059216989718105,9.686702731119763E-4,0.008191201894862514,0.3186517648028204,-0.7477710663642086,-3.041445059833982,1.9399172664758784
0.01500583243687245,-0.01060769963503614,9.939757694651938E-4,0.008187715790627615,0.3190304562203379,-0.766611791191628,-3.0329697538544362,1.958741731984549
0.015004316434646068,-0.010623387267516443,0.0010194510377531524,0.008183757442383385,0.3193758953825021,-0.7855197647009979,-3.0240969552366717,1.977463637614705
0.015022624453304245,-0.010585934998702954,9.524534738690106E-4,0.008164434168852264,0.31518467976964626,-0.7343022446652515,-3.0291727897931513,1.9129568045999548
0.015025137251690072,-0.010570636198209235,9.272817019852258E-4,0.008165842250536777,0.31457312533665943,-0.7154468883655931,-3.036220403067698,1.893224979644003
0.015027064801249808,-0.010554895290455056,9.01638803622114E-4,0.008168387690652942,0.3140953623624598,-0.6962569143390632,-3.0440020234763563,1.8736982687764672
0.015028030715143068,-0.01053905602791197,8.761923991458141E-4,0.008172658028051102,0.31380777801018594,-0.6772500785090627,-3.052717904063846,1.8552048815749258
0.015029247545445011,-0.01052315464955737,8.50518484745556E-4,0.008176286179589992,0.3134502487156772,-0.65799353814426,-3.061034893752353,1.8361952279622564
0.015031791559173087,-0.010507816677610386,8.252337756882584E-4,0.00817694859740227,0.31277465371077895,-0.6388866521357165,-3.067381765049842,1.816027744860471
0.015032968603190866,-0.010491956702767867,7.995991840940299E-4,0.008180283101932287,0.3124047544480483,-0.619583816305001,-3.0753738089828926,1.7969232468495007
0.015034493770037452,-0.010476249115856977,7.740648542519389E-4,0.0081827065928226,0.31194346170702797,-0.6002711477686021,-3.0827205305492815,1.7774344541724025
0.015037679488488215,-0.010460997120263006,7.486992568308863E-4,0.008181561833384475,0.3111038821167613,-0.580927894038841,-3.0877724539793063,1.75631463209435
0.01504026405308473,-0.010445125749562,7.225598465588416E-4,0.00818161541857343,0.31039040888489994,-0.5610159043289943,-3.093656764496376,1.7351858073078763
0.0150422419631649,-0.010428770146906493,6.958427462041343E-4,0.008182817730935625,0.3098068631432355,-0.5406727474782089,-3.1002984704903374,1.7141735912718088
0.015057712623567636,-0.009857383359512938,-2.314486553468128E-4,0.008209934652652155,0.29373886716112324,0.1853002118664622,-3.2757587079436816,0.9869411553131672
0.015057220548308626,-0.009841133436804103,-2.578247577078322E-4,0.008209136077559439,0.2933368301823382,0.20643681080014395,-3.278463173462494,0.9658654351131543
0.015056382016047849,-0.009824885291162891,-2.8423560871862263E-4,0.00820883678276259,0.2929925506595186,0.2276237529431628,-3.281423477963212,0.9450148338454437
0.015057024338966158,-0.009920151123632056,-1.296897514565167E-4,0.008216392977538728,0.2957742065600079,0.10390682924371986,-3.266809920980865,1.0700782881396258
0.015057583648708552,-0.009936013344500847,-1.0390213774922599E-4,0.008216119349781337,0.2961079755274488,0.08335759793597887,-3.2631551040390328,1.0903012373516845
0.015068838125730857,-0.00991139375268992,-1.4314364202628666E-4,0.008192398738776457,0.29309125034070543,0.11468980846019801,-3.2532572013697,1.0484243118305796
0.01507457848327748,-0.009865560509091683,-2.1655503940173082E-4,0.008177328211071087,0.29053400792836986,0.17329295914609563,-3.252986194773466,0.9838322052934368
0.015071751733262834,-0.009898142992509651,-1.6432243023257662E-4,0.008185709067925893,0.29209003908410325,0.13158854766630837,-3.2517469731055635,1.0286893074064194
0.01507379301236785,-0.009882180871054434,-1.8987814556279068E-4,0.008180397969972218,0.29119234323847837,0.15198478472206253,-3.2516169251788294,1.006175814376289
0.015074125101021815,-0.009958826320374365,-6.633877901340465E-5,0.008184202378384976,0.293286246020455,0.05352928444704407,-3.2376380513107272,1.1052983753705554
0.01507114061981423,-0.009943879979380128,-9.056596791316169E-5,0.008189565419512958,0.293570940551021,0.07277055996270139,-3.244383346478436,1.0886304131617017
0.015055297263485786,-0.009808637564815858,-3.106793118749416E-4,0.00820883715509422,0.29268662092390535,0.2488605288330101,-3.284509736173401,0.9242976172084264
0.015053993836374851,-0.009792710577447216,-3.3664115769537975E-4,0.008209129713025272,0.29243790149959176,0.26973669037710174,-3.287659332407953,0.9041085876347695
0.01505283682066657,-0.009760497720570345,-3.8891329031393794E-4,0.00820622543387555,0.2916207125922134,0.31181255077545417,-3.2915285909912515,0.8619414996693221
0.015053652825560258,-0.009776728248493564,-3.6254317118687647E-4,0.00820731840564092,0.2919577632742263,0.29058761034844,-3.28936983486984,0.8830177700994789
0.015065508085757934,-0.009750842669303506,-4.0223690527935245E-4,0.008179419273450285,0.28882091611264094,0.322340845487223,-3.2755618395126427,0.8395238232314114
0.0150618521916063,-0.009719696530396288,-4.5292870458611586E-4,0.008180723324837293,0.2885081939092593,0.3632492073589089,-3.281620928376634,0.8006397635576279
0.015064021316806047,-0.009705901127022172,-4.745968694610568E-4,0.008173595044484075,0.2876067336049372,0.38066044837397883,-3.279132776711157,0.7806456615649263
0.015068700442817762,-0.009733848938742748,-4.2889758280683754E-4,0.008169971942960987,0.28759382843094566,0.343739788645905,-3.272207176297706,0.8145579241636451
0.015060116087709071,-0.009654711218918043,-5.573728608618926E-4,0.008169572602039763,0.2867057530810042,0.4475391913042125,-3.284250805527596,0.7147424873721148
0.015062698308139352,-0.009638344504313417,-5.828286332955531E-4,0.008160346191919835,0.28562679466635993,0.4680132969802759,-3.2804631073981243,0.6910344071654133
0.015066240151829507,-0.009688786509372384,-5.014947516535124E-4,0.008165508928154238,0.2866267853693419,0.402266623454635,-3.2764555221384284,0.7562318751806757
0.01506754579325351,-0.009669728997425617,-5.31610548247552E-4,0.008158566367545124,0.28569646153787587,0.42650797979622285,-3.2747356908106373,0.7298635028037371
0.015072314037333506,-0.009620349270015021,-6.088718867222118E-4,0.008136710244809746,0.2831431607252383,0.4886881035373533,-3.267242697771333,0.660740180954349
0.015071079711667825,-0.009540418479228594,-7.353027596864328E-4,0.008115332494809743,0.2807039832228421,0.5908128293636472,-3.262884994799606,0.5545726504885461
0.01507576251802288,-0.009602295171417724,-6.364609649564661E-4,0.008124982703850571,0.2818640390700324,0.5108132238579425,-3.261824853314868,0.634478052168585
0.015070099254086481,-0.00956183813357105,-7.019257503886973E-4,0.008124058559748933,0.2816128299400096,0.563903142614635,-3.266238786745553,0.5838268507894985
0.015074611865585001,-0.00958348532038783,-6.664562001676165E-4,0.008121804135812106,0.28147169719619697,0.5350773925271352,-3.2620902004306074,0.6100633325730392
0.015035716298248781,-0.009124929269358114,-0.0013878758920350348,0.007988660730237428,0.27394300951802486,1.1202411971036936,-3.2016655026187903,0.014006588977071037
0.015045129073205344,-0.00910037776008878,-0.0014182463747562017,0.007955987718070363,0.27162111827049423,1.1435148888597608,-3.179385382955425,-0.020706431884866778
0.015049554151962373,-0.00907593543664553,-0.0014511436037137884,0.007932451737135386,0.2702364256094227,1.1692630196676161,-3.163176972556977,-0.053586936839915465
0.015045845583336936,-0.009051283432764873,-0.001489272881549968,0.007923501005133707,0.2702427922877973,1.2000716579660835,-3.156777780651385,-0.0846725305447822
0.01504354505586318,-0.009175633407859861,-0.001307908375801938,0.008003866504657843,0.27402465731304465,1.0551881213671679,-3.2114509279723378,0.0787692992663826
0.015047216700235183,-0.009192633997222957,-0.0012804279315584276,0.008006579683754664,0.27382877567952096,1.0327646629025462,-3.2129493848901127,0.10009236749691176
0.015067526657355989,-0.009241292411398363,-0.0011965642237144513,0.007994633222861902,0.2718724077344011,0.9634774581460251,-3.203387298433072,0.15745237684230548
0.015070834117903602,-0.009216365228841727,-0.0012320146350716498,0.007975126276911977,0.2704947370478548,0.9916707390583078,-3.1909080982848637,0.12355669888020966
0.015065060569130723,-0.00919934110316964,-0.0012604956802615961,0.007976684618090226,0.2711655883460536,1.015040774717224,-3.1923943198788853,0.10313891442118166
0.01505585022982358,-0.009160189013055207,-0.0013237617634691554,0.007971817766581695,0.27154999282485104,1.0667194132097342,-3.1898065834548954,0.0546083546452028
0.015060310852478526,-0.00913776176634802,-0.0013542062164357712,0.007950337950844896,0.27012929954901616,1.0906064853802093,-3.1754178405749767,0.02405314765705151
0.015063397749811884,-0.009493029201837042,-8.122493614870107E-4,0.008114078265810698,0.2805848520355699,0.6534219738847363,-3.2671555690084335,0.49527995653833906
0.015072913999871984,-0.009506015058199962,-7.885679369770025E-4,0.00810017041435021,0.2791843996378194,0.6338081736497173,-3.256462188859719,0.5074496710385873
0.015072062336886379,-0.009473530398206444,-8.395246276657722E-4,0.00809013561846707,0.27832528281072033,0.6750463484100537,-3.252948499633122,0.46441702420453357
0.015075298054448641,-0.009433959750653538,-8.996362901365765E-4,0.008068693493554555,0.2765380803422378,0.7234463329195112,-3.242084002471658,0.4099095770438378
0.015079638130237733,-0.009450710622267728,-8.720533252640974E-4,0.008066872276397527,0.27623530483730874,0.7009260485131418,-3.239408962223382,0.4300315398776347
0.015081602819976498,-0.009417726034847005,-9.221154856720453E-4,0.008050038772523945,0.27488094410348723,0.7412413161231867,-3.230850830301733,0.38519991541709603
0.015088640669991004,-0.009398138059806209,-9.492206655359133E-4,0.008028477153832871,0.2729872631293416,0.7626886297591295,-3.2178198610976483,0.3559182321806968
0.015086054491376772,-0.00925439508220978,-0.0011673867788567014,0.007966496072073984,0.26917394168258735,0.9384478558678985,-3.183826844424367,0.1680439745663432
0.015083844456980586,-0.009279144335713628,-0.001131511125383914,0.007983144236841246,0.2702089816463859,0.9098127019689687,-3.1941393147631874,0.201261084886216
0.01508073651073496,-0.009298965429440009,-0.0011032571680014206,0.007998751510470546,0.27140458097782744,0.887323448293435,-3.203794367781941,0.228504260283189
0.015092378210553365,-0.009378101977467471,-9.781631579947015E-4,0.00801284323474761,0.2717564199639486,0.785775979701412,-3.208701933767877,0.32779082856565184
0.015087774926104684,-0.009318407498510078,-0.0010705968057183378,0.00799470025594845,0.27067878565825504,0.8605033467528703,-3.2000788955391393,0.25126891744321694
0.015092927342046274,-0.009357635343812376,-0.0010089750972048861,0.008002851987763295,0.27102618958738756,0.8105506038530583,-3.2033065756837424,0.30063708177097787
0.01509107455658087,-0.009337807637644498,-0.0010397973102974892,0.007997439665159036,0.27077352248865477,0.8354854021156589,-3.2008531910768574,0.2753845629965132
0.015086341720630881,-0.009530856560254842,-7.452633857220961E-4,0.008082544301219597,0.2776839891417325,0.598230215207183,-3.2419716538832937,0.5329879492309346
0.015089797527587474,-0.009512574851965987,-7.725299562550405E-4,0.008069725615355365,0.27638596101791446,0.620103492099415,-3.2353431134988004,0.5067780083450425
0.01529892044110827,0.014827210159817887,0.0033965324426674082,-0.003739501484949573,0.0713774882680427,-1.5087380877685284,0.004502484365456257,1.811840746688363
0.015404107893554937,0.014572938754765419,0.003319286248274832,-0.003941839761646527,0.07858047944476611,-1.537545127665809,0.11828446644417558,1.8557855160287173
0.015466090792884874,0.014306150564195007,0.0032640186185688945,-0.004168909713880213,0.08760257788835822,-1.5733305341709682,0.23290651167721954,1.913317266372751
0.015700463031130856,0.013958827612105547,0.0030178148829036206,-0.004384713405307067,0.09502916238119515,-1.5397163409304502,0.4323259324697439,1.882053780033372
0.015692445257044708,0.014222170403562167,0.0030511948131652458,-0.004149139724673258,0.08462498820788715,-1.5054618264899517,0.3221203292929538,1.821736356877025
0.015889056247998343,0.013837037442494598,0.0028301445445641353,-0.004392597940450539,0.09191012702788616,-1.4757607765837006,0.5171982671028781,1.801424372168355
0.015489478973742655,0.01508921636342106,0.003197848634960416,-0.0034602969035026844,0.0598936023446359,-1.3969750121473827,-0.010165993406357167,1.6530896313086458
0.015710261062761636,0.015381803219389945,0.002980313903503373,-0.0031723027534058643,0.049285826694446234,-1.2845386391166214,-0.020502149048593436,1.4972727114644966
0.01579520552688596,0.013472318863392403,0.0028330266092007213,-0.004775871209034034,0.10894359226445859,-1.5400960030662716,0.6763583879567222,1.9189772043532078
0.01580918789422742,0.0132630077099226,0.002756798787353015,-0.0049567663272944255,0.11716025607134536,-1.53611481115237,0.7870847123266697,1.9363602499892152
0.015921827360812914,0.013070734007077346,0.002586990498986645,-0.005043038656108524,0.11824512307343839,-1.476094020755337,0.8945019800182259,1.8728278876683166
0.01596975786471783,0.013621450148849294,0.00271611752240675,-0.004532553246457022,0.09897468225851043,-1.4567753289598853,0.6238276233617591,1.7898349554890025
0.015933027982725462,0.011403539884407317,0.0014804087183595905,-0.00629423276308064,0.165997148618802,-0.9964609520960724,1.859424987630548,1.554057037296676
0.015928542833625176,0.012833097037158315,0.002478990748385181,-0.005242399336183757,0.12594313977646276,-1.4540691966424324,1.025860788914868,1.8746189727723392
0.015948196317803278,0.01263429523957039,0.002363545185234704,-0.0053919706657603724,0.131861166376384,-1.4160726958426872,1.1378008043516983,1.8520270721951835
0.01596045166653434,0.012443851032833849,0.002247350479563497,-0.005535440860408158,0.13675164910747892,-1.3742530715334942,1.2463342821200014,1.8261707463111405
0.015963168466894575,0.01225572908636414,0.002128817015583669,-0.005680216603989217,0.14247393476109707,-1.3264647367454991,1.3565840056538507,1.7962370799784824
0.015909117781543452,0.012116322971956299,0.002076086317461965,-0.005844182609162513,0.15009122469278005,-1.3130277688429233,1.4522917760290475,1.8135689381554836
0.015968510877289174,0.011766356710549174,0.001769952274805841,-0.006026498669806156,0.1553880216897611,-1.1552883056520347,1.6414648073954292,1.6693075072370536
0.01605080204034904,0.01161649553607895,0.0015963436131146782,-0.006022952946178048,0.15016638533017454,-1.0504602832501462,1.6930572975536813,1.5504459576917216
0.015939582370377778,0.01196638234928655,0.0019447994292456968,-0.0059216609874383,0.15231281814429584,-1.247472151518043,1.5339519359590188,1.7531173747941649
0.01604803834492661,0.011481001702758037,0.0014842679498738214,-0.006105082295343958,0.15424982278945462,-0.9878451098178497,1.7650458414278127,1.4986363697390015
0.01614379337295616,0.011712418656940985,0.0016171598151427434,-0.005856117488558768,0.14283281297320605,-1.0500499644398908,1.6072776576357393,1.5155122255021558
0.016178939169943177,0.011556584931083467,0.0014740642503789857,-0.005904850298794277,0.1430678313885294,-0.9670428914365737,1.6717241732474604,1.4328131756715567
0.01586057677074743,0.010842871413167731,9.558282246412967E-4,-0.006660218044743185,0.17954489758059286,-0.6696394544958609,2.1772216056859723,1.2937780030558432
0.01584759971077217,0.010699466594735712,8.041609206866379E-4,-0.006728558689984191,0.18163843419016082,-0.5673768205083914,2.245431959733325,1.2041845484796123
0.015876159242089814,0.010561052815247713,6.426558972445075E-4,-0.0067253139111744355,0.17897454270183044,-0.45372496528711886,2.27483583023765,1.0840868437448423
0.01583150983975233,0.010213535188436682,2.5433215039081885E-4,-0.006852639557732365,0.18293561795173457,-0.17672303242576687,2.4048978392055274,0.8363949529308428
0.015858436022387713,0.010429733388767421,4.991821869313255E-4,-0.006780903538189615,0.18048345198539756,-0.3539960547493046,2.3291126969588354,0.9961046006250421
0.01587273072388014,0.010306187861427663,3.5638214355105356E-4,-0.006779318400426593,0.17764499035364376,-0.25087396764769276,2.350496118525269,0.8894466274138955
0.015928396996328885,0.011236672881672623,0.0013264555796642062,-0.00639034747042832,0.16806295169071264,-0.9041438639462778,1.9491149880679077,1.475457611567691
0.015953833904319304,0.011068036115143613,0.0011497937704731476,-0.006436607442461076,0.16841392673327862,-0.7904795988452697,2.017237211390499,1.3633401800070513
0.01597455921291316,0.010913493380303481,9.864831166726074E-4,-0.006471842380920924,0.1672088309130839,-0.6821835755025729,2.0732564055776783,1.2560444900863705
0.015641194260028583,0.009477583387532339,-6.497290919835415E-4,-0.007087777439280741,0.1965168830930547,0.5017284941258273,2.614212263388167,0.24351184130358763
0.015688567418401182,0.00959436594026156,-4.954023672412234E-4,-0.007041100663340669,0.19266364234495637,0.3828376382370658,2.5798686603486143,0.34186800348494334
0.015685207391262578,0.009524845255568341,-5.804816720969177E-4,-0.007030074188225241,0.19231502673625883,0.4477272818865913,2.5772262135672266,0.2761969881027941
0.01583535428376736,0.010106481398902207,1.296423898340196E-4,-0.006853979650808965,0.1811806933509351,-0.08607517299150148,2.421360295864386,0.7450385096192463
0.015831391896315144,0.00998349600814574,-1.4116761286508842E-5,-0.0068615249784159974,0.1809121743765489,0.019296999979234907,2.4413444110514178,0.64125641356791
0.015778856837470392,0.00989469187984943,-1.2097353544298369E-4,-0.006939671011831236,0.18616830272937787,0.09954148649027898,2.495476580707518,0.5859029630799725
0.01580382333625367,0.009795552146515204,-2.3606432486772993E-4,-0.006892263010232949,0.18165632217224195,0.1851953687577268,2.4785897813458835,0.4872835114564742
0.015791734409903113,0.009692596859015426,-3.5876624111023974E-4,-0.006897224482814595,0.18230695559907553,0.27688901952034634,2.4897766364947587,0.39901145490512935
0.01575475620514194,0.009619345134950543,-4.517973243176909E-4,-0.006941695015233047,0.1860927655150581,0.34830329323529063,2.5204155088814706,0.34387043502022174
0.015162578518532541,0.007838311143554667,-0.0027729044457440286,-0.006638539141367357,0.24689647685091962,2.0659766809732716,2.152456428573593,-1.2636351299571196
0.015195095106489826,0.007901393832620375,-0.002685033194060851,-0.006664795737491957,0.2418540919188868,2.0061106116867653,2.1861430056718993,-1.2082272820949764
0.015353114012261377,0.008109282681435478,-0.0023445880033956985,-0.006665514297517757,0.22166899777150742,1.7554598486427258,2.2434915260975625,-1.0028176359016043
0.015298633893299874,0.008044995587265489,-0.002454502875821534,-0.006676151413239169,0.22781241581580877,1.838111150547984,2.233150886703878,-1.068248694414011
0.01524565692771822,0.007966245478596813,-0.0025768726926289035,-0.006666970541080936,0.2358382601812065,1.9269409570313762,2.206775667669643,-1.1433612611234663
0.015615992229587065,0.009112087046553679,-0.0010966081507606347,-0.006991389263492276,0.1953592307477068,0.8411732006172826,2.55933012384043,-0.10478887267029359
0.015619141667297765,0.009034793058694701,-0.0011842959166344603,-0.0069495463371866085,0.1936523268883783,0.9058892580821475,2.5317803505736496,-0.177092470925733
0.015640155688522995,0.0092495397108758,-9.249129335710003E-4,-0.007012502056254485,0.19470935171720813,0.7101899090611584,2.5737799893306423,0.022963887570584443
0.015666261387408623,0.009174189815689395,-0.001002332875236371,-0.006941136641533598,0.18986914437543853,0.7668195687319529,2.5311791050734076,-0.05169753481566381
0.015664332354875764,0.009402577411655143,-7.336665554718787E-4,-0.007028569156355638,0.19307589126542424,0.5645029277197229,2.5810771982440683,0.1647805768917575
0.01567144412890092,0.009325280081595248,-8.23399453533078E-4,-0.006991629087481699,0.19075604979265234,0.6321792476566578,2.5607854456174555,0.08941837431367143
0.015400475333315296,0.00817765859718345,-0.002238638386665689,-0.006664773007097933,0.21601432403487733,1.6768394697040634,2.2587910425034816,-0.9374696385026349
0.01541671132714673,0.008102272391268869,-0.0022926149510512066,-0.006575835359133192,0.21399276056738342,1.7052529144745374,2.193911027987092,-0.9855531835438749
0.015450917359597596,0.008246008832873127,-0.0021307806471845933,-0.006656670213366331,0.20957883996543478,1.5956626629940178,2.2690489270213097,-0.871432920239876
0.01547194258924316,0.008430870698792097,-0.0019333409051288505,-0.006778606374483831,0.20759854969976124,1.46227801641869,2.3707453470764324,-0.7223100951172753
0.01547343010544832,0.00833807318255929,-0.002023890519715793,-0.00670258887804119,0.20661518854943775,1.5215589433392835,2.312126760367621,-0.795186335133197
0.015544533209686046,0.008480692326035443,-0.001828079945077649,-0.006714571105193045,0.19919179346601915,1.376818613490345,2.3423621969265063,-0.6672155241880827
0.015554900795010202,0.008626868687531332,-0.0016708546765859865,-0.006803916595890295,0.19887063118112158,1.2668194936771717,2.413277150159938,-0.5448246699000271
0.015596529731207164,0.008547371778290595,-0.0017237218686046065,-0.006689710745989094,0.19394684320216046,1.2967747745990932,2.3373773496537003,-0.6044599310593228
0.015576614411590861,0.00878607876038697,-0.0014863578606909395,-0.006875456089748232,0.19751745362659912,1.1323111032126754,2.471569203251834,-0.40418871232522074
0.015607496154759341,0.008699676374676078,-0.00155954373673257,-0.006775965967839277,0.19285510646548357,1.18085872039555,2.404902918427769,-0.477201019418586
0.015683668051882715,0.008975530865046768,-0.0012185195150032082,-0.006822315147327875,0.18808893007035496,0.9262198823265696,2.4533228989405096,-0.23422120379419312
0.01563227412145502,0.008874147671018216,-0.0013572203208500261,-0.006844565989373879,0.19153918216796798,1.0322315200001675,2.4601662270712055,-0.32399364008805115
0.015116970178514745,0.007740175187891908,-0.0029027000768059026,-0.0065865963154134845,0.25371407464913753,2.1514517037091756,2.0924816986967,-1.345807633895505
0.015179823382786804,0.007780705789547222,-0.0028012557018727443,-0.0065549899179258506,0.24491234848567092,2.0717060200141972,2.091454641278801,-1.2909695041430291
0.01511969590740772,0.007669259251708181,-0.002954467064112506,-0.006503575508595813,0.2542287371496826,2.1727085948343188,2.0263349029461026,-1.3846196828577215
0.015109366912655693,0.007582892417135492,-0.003029725133406494,-0.0064172678678840476,0.2566034380967928,2.2087871997447484,1.9528284464666665,-1.4352541514390764
0.015012684166083949,0.007392907132233267,-0.0032719496175698834,-0.006298731722185,0.2723373154178103,2.3526827677302617,1.819421473146433,-1.5752783684741976
0.015019966955005029,0.007330026738558119,-0.003301927150543049,-0.0062151558117780736,0.27155606347702704,2.3526388443977737,1.7573763074574824,-1.5946017090916165
0.015065983721839824,0.007446219868876159,-0.0031739177260829564,-0.0063060890165720284,0.2637500855150357,2.285736897657879,1.8477325576363828,-1.5222191165834547
0.01511136563446217,0.0074992343486568564,-0.0030856730848029695,-0.006318955124174694,0.2568366874326269,2.2270937159275843,1.8764717409548564,-1.4735629610416374
0.014987306322640198,0.007263092337929286,-0.0033810591901756826,-0.006166158209948613,0.2770696806690329,2.3944321382442877,1.7054530118569775,-1.6376522360812804
0.015054973386735726,0.007291445997338425,-0.0032827286430276185,-0.0061337181468761395,0.2674352110179263,2.3197721473460557,1.709426719054472,-1.5877505513671626
0.014913983595969743,0.007202982248865655,-0.0035061198802003386,-0.006162306901534379,0.28907862705725446,2.4791471899345647,1.6709096367038743,-1.7020591612155462
0.011262116068288575,0.004147926395775118,-0.007053456199315166,-0.0014436953472995587,0.38160465209102196,1.4712098174276431,-1.5596515905404507,-1.0233259275835451
0.01492130741290636,0.007113323895790842,-0.0035437849503616517,-0.006042228276262527,0.2890030283115961,2.470937720788815,1.5827951060506178,-1.7214516074229314
0.014913393892393698,0.007036596144237657,-0.003591021779146935,-0.005952605581694317,0.29043503838678925,2.4765885788398183,1.5127816975506765,-1.743742688225095
0.014800002544777044,0.0069457703889964605,-0.0037775332797565157,-0.005931902083512051,0.3091001157322521,2.5920658378575876,1.4469547842131651,-1.8328061298599714
0.014857833847332745,0.006985254586982645,-0.0036853356186624816,-0.00593487386938,0.30030044879685,2.5325367402700767,1.475269131553585,-1.7887816243662247
0.014577011835279598,0.006759362415783625,-0.004149236087958611,-0.005850571121187858,0.34856649525033584,2.807265942313052,1.2820000851731643,-2.000884871564908
0.014743180569866732,0.006898502712066275,-0.0038720751543700146,-0.005915461076147267,0.3186343927958306,2.648952136088536,1.408774173049114,-1.8770607909977695
0.014692205472117779,0.00685896105607578,-0.003955999620241616,-0.005902262805279166,0.3280489328430402,2.699485212221146,1.3750139772698515,-1.915564238043676
0.014655346386895403,0.006796560693537252,-0.004028444418142408,-0.0058451914363129845,0.3341207444634544,2.726490345117488,1.3165197271115516,-1.9452945869635285
0.014804816682671518,0.006873348798726774,-0.003800675300320308,-0.0058333672970219555,0.30879032783049093,2.575901606499741,1.3779930662763153,-1.8393870442875038
0.014383327544665635,0.00650362168959292,-0.004487280932437265,-0.005608917885599952,0.3827905849935223,2.926570789595511,1.017706124800404,-2.121312807705818
0.014452240325415498,0.006557699503879099,-0.004378226841397304,-0.005646945032508795,0.3702676673409125,2.8741234510000093,1.078889677534592,-2.080326726614278
0.014514251192952422,0.006616187498721008,-0.004277180402931028,-0.0056917221936336445,0.3585796817742187,2.8279542596383234,1.1405029542209204,-2.0419906060800126
0.01455840562463336,0.006682069447347713,-0.004198050002262068,-0.005755256997901775,0.3515296594575841,2.802574272045685,1.2057524498852505,-2.0140514866173334
0.01433821235294999,0.006439281280053652,-0.0045624514243051755,-0.005539928668025513,0.389983693043123,2.9434247839024845,0.9492644264809394,-2.14210040088244
0.014281591820079112,0.006394358804042119,-0.004650330160873884,-0.005502646379775795,0.40128320664267175,2.9811748562748233,0.8950395739557294,-2.1717037246363353
0.014217465558074769,0.0063544958465540785,-0.0047480994512654326,-0.005473643155257515,0.41309991289862286,3.0279967518847384,0.8413346455640865,-2.2057686508531145
0.014164646174522812,0.006298827239113628,-0.004829446053783174,-0.005413526755536509,0.4223289026008783,3.0490883678902416,0.774948474570821,-2.2263825832706376
0.014110385669505314,0.0062590455273059675,-0.004911196547248353,-0.005375176862355459,0.4325690613103978,3.080435393973437,0.720774504787697,-2.250414426494841
0.014010708237839915,0.00611669510752718,-0.005055430334718328,-0.005195240840629833,0.4469831204461107,3.075388807096371,0.5603477480328617,-2.2639836219372493
0.014051828097475804,0.006162855829321728,-0.004996855988849975,-0.005251665262566705,0.44074880305065556,3.0699751418815233,0.6155358113315249,-2.255724219985854
0.014115102219982925,0.0061807451976535685,-0.004904052113888607,-0.005257584270122521,0.42780632724344264,3.0177037320942772,0.6559371017028769,-2.2226879750393365
0.013948440149092384,0.006012482866374711,-0.005138051415100158,-0.0050567268449046516,0.454091438200434,3.050161005413196,0.4506652118677978,-2.2588043077636306
0.01393885719265445,0.005928225384238622,-0.005141725077300741,-0.00493637256096932,0.450082743615023,2.9878066702595727,0.3858221839338325,-2.2280575712975565
0.014019878761075015,0.0060450156589131705,-0.00503689864751839,-0.005087579333782879,0.440454046138925,3.008486515199546,0.5089446171433104,-2.2311949546978167
0.011580798448675551,0.004351491431188092,-0.007021155912864343,-0.001889568077976362,0.44548576576112614,1.7822001630209996,-1.4913621428738588,-1.2716421308548391
0.011367067285502604,0.004128260875586462,-0.006976834778581462,-0.0015362653869877346,0.3841673775724475,1.5207561700338765,-1.4972459176927018,-1.0787467750059019
0.011446121415258982,0.004178650612287812,-0.006969420455973963,-0.001643371665212978,0.3996638951828537,1.5952811806025322,-1.4819097792675089,-1.1386084325837709
0.011518295878469592,0.004256638023173301,-0.006986141603066264,-0.001763481031526683,0.42046366546281805,1.6842876527677806,-1.480986724204129,-1.2041146807521317
0.011685045023429494,0.004353645064474404,-0.0069466796512018805,-0.001990652955823025,0.4480907244562899,1.8348623241905917,-1.428174470565347,-1.3265665204526254
0.011813680908253882,0.004456669664347715,-0.006929231746360641,-0.002189764331875588,0.475564829006702,1.9706947511714823,-1.3911213402124456,-1.4305024272354983
0.01189454323668276,0.004464007562215074,-0.006868093953184386,-0.0022682129087133918,0.4761043341560999,2.0089531335189257,-1.339821533512833,-1.469678340149249
0.01177468076461164,0.00437498200144675,-0.006895138590304996,-0.0020891830365993972,0.4551969900558405,1.8907856829588034,-1.3815386790121107,-1.3777828995676802
0.011964355322212336,0.004429797432839698,-0.006782684980008468,-0.002299256428916065,0.4671496138926639,2.0077778141567424,-1.279007477575403,-1.4841632903634812
0.01217466134520299,0.004660663049591234,-0.006765667299080141,-0.0026820418555931896,0.5174578076750677,2.2668827554820576,-1.2078844813923901,-1.6718411946721277
0.012092236063067236,0.0046026831861462,-0.006800201476466679,-0.0025598996386026886,0.5062691134301366,2.1925265598415593,-1.2509027104956225,-1.613854058913399
0.012032427547824425,0.004506983447690855,-0.006781931366064861,-0.0024231902820425447,0.4843979396285363,2.0926691731913087,-1.2604064371540193,-1.5456689336076723
0.012263433679554826,0.0046289911211761054,-0.0066557586083620295,-0.002719817550938048,0.5042087038192725,2.2591901954415614,-1.1314019004309248,-1.6834511031455721
0.012351682983309081,0.004715832952936748,-0.0066290433167792515,-0.0028719537336237004,0.5192578656757393,2.3543810512855416,-1.0866115227314248,-1.7533162005433955
0.012301882932548806,0.004686310841789209,-0.006658653966234396,-0.0028054843533751807,0.5151522852544801,2.3185852897144246,-1.117586429760282,-1.724345966734854
0.012455806088985824,0.0048105712560323755,-0.006585986657551835,-0.0030449029298822276,0.533220964741835,2.4583678120377246,-1.0244508215100547,-1.8304990098957832
0.012425561142216995,0.004711779935913606,-0.00654993545126576,-0.0029196287035401867,0.511396099981198,2.3610968423312286,-1.0281544223439651,-1.769296841808117
0.01253943851257177,0.0048240676310891285,-0.0065042113910313,-0.0031150582227215777,0.527394023107866,2.477560286056186,-0.9592888124926738,-1.8543069884361463
0.012695111415447812,0.004866594118556059,-0.00635805855452911,-0.0032564364478025105,0.5191401300971045,2.520292913632026,-0.8402338903203818,-1.9001001539530236
0.012622347370120773,0.004840587825327419,-0.006423349532879049,-0.0031848839661755422,0.522084085895833,2.495925728579613,-0.8952640433118254,-1.8764163490187598
0.012780628153925017,0.0049031778226052945,-0.0062825763592310995,-0.0033447208015981956,0.5164938153262367,2.551242587714647,-0.7751845489596761,-1.9286705662078165
0.012839285017851062,0.004995538022511917,-0.006268224070221811,-0.0034829732997849654,0.5278035540507638,2.6366607715600767,-0.7309954625410745,-1.986100792418428
0.01289953682031301,0.00505026195892702,-0.006227319707364351,-0.003577988683142623,0.5312149229346483,2.6834749672398,-0.6816170336917523,-2.0201386764804923
0.013178548981543997,0.005178324993515633,-0.005947142118084511,-0.003847525366265404,0.5089345755477144,2.741741679870145,-0.4475195888683447,-2.0788946782743527
0.0129741817455003,0.0050660264895433784,-0.006144991864704728,-0.003630827774340907,0.5217903590421411,2.6848634230815045,-0.6204990540264351,-2.0284657183455788
0.01306131171505388,0.005081386409212961,-0.0060460839630625445,-0.003685077177965332,0.5113122664592208,2.679905035767694,-0.5509063600543653,-2.032952849625346
0.01315655465619488,0.005101023414226547,-0.0059381310358289285,-0.0037435219303998614,0.49957672903187594,2.673148121225235,-0.47625531160439577,-2.0358760065940227
0.01375402101666592,0.005767134135810788,-0.005377578283371368,-0.004727401059714794,0.4761616343840192,3.0002654658578654,0.18009918667995958,-2.2438338091632093
0.01380891431716199,0.005814426967991832,-0.005309192105376251,-0.004790838344789327,0.4683596483926991,2.999387155805568,0.24066194540755956,-2.2415118997406576
0.013929924993371808,0.005843894306723793,-0.005142633055471141,-0.004817988053032932,0.4450235523150186,2.9252984567915257,0.3262912033360879,-2.1963515572731507
0.013874625066676268,0.005807246621081305,-0.005214532151954592,-0.004773783838464486,0.45407067908061904,2.9395870932064407,0.27395306548541926,-2.206825151888479
0.013752545993878788,0.005678950998487073,-0.0053593309747343105,-0.0046032064242274165,0.46701591723799885,2.9199826470025587,0.13072584962746933,-2.200088594364338
0.013675210308915308,0.0056437654245900465,-0.005458093204918988,-0.004554993576441831,0.4798739637925687,2.942714513090916,0.06416635330126624,-2.213583136263345
0.013256966473455166,0.005280615268106277,-0.00589321011514752,-0.004002408278103845,0.511929832683634,2.8157838146850627,-0.36728645374357743,-2.1277479157851897
0.013299040204947907,0.005320522153326391,-0.0058556098800767765,-0.004065607862377329,0.5119394940576678,2.8386982828699483,-0.3254280298194753,-2.1436489527108358
0.013347027445595436,0.0053348187497836985,-0.005798296192262129,-0.004095825347500034,0.5035284799235771,2.831346185460831,-0.28562769189056975,-2.141721940659894
0.013259777005411715,0.005200651443291651,-0.005854215435255424,-0.003900077288086598,0.4988188469200017,2.7349726393353877,-0.38232589154887536,-2.0800801856373137
0.013439010232311121,0.005399811588222371,-0.0057018057101905955,-0.004200014074465992,0.4965743960082421,2.850835637521646,-0.19863194780353835,-2.156971825085874
0.013407088692595348,0.0053247513435762065,-0.005715365476671705,-0.004095005508347935,0.49189353042227696,2.793443210957767,-0.24475420234520998,-2.1220707859990617
0.013544879107701765,0.005485052488180136,-0.005589451870906008,-0.004329060246595482,0.4872302717738162,2.875377446493679,-0.09375926863167161,-2.1740419245254796
0.013663558095610949,0.005560691097466323,-0.005451228967110433,-0.004440133424518721,0.47258234493218376,2.8734156023434516,0.017012376325765684,-2.1743705099682633
0.01363217051478518,0.005486461225025132,-0.005472263802212582,-0.004338259753106172,0.47024160227367645,2.8254565767748083,-0.035070826215814525,-2.1464326083481953
0.013517632113916595,0.005404660291193138,-0.005598905080159359,-0.004218123725117928,0.48205965031343817,2.8143196556036014,-0.1421329098862372,-2.137889281980819
0.01314275879224916,-0.005478157193905786,-0.006142383996065147,0.0042356900926813585,0.5720156691786328,3.088091871365616,0.4110227944191288,-2.2775728287764028
0.013099728885434087,-0.005435164911983332,-0.006179900101777484,0.004161297638261963,0.5724677953666798,3.055756206472204,0.4606090877557811,-2.255736951499431
0.013009253284046,-0.005402279100647948,-0.006286655371895306,0.004081541797305099,0.5855515614195651,3.053757138863329,0.5498585612989225,-2.2464706623861552
0.013062642460902588,-0.005402298272208528,-0.006213369852245298,0.0041025048228855426,0.573931961975567,3.031912438180073,0.5013693113960672,-2.238958817439637
0.012872543225086608,-0.005265597816450452,-0.006388875496992853,0.003836665485632665,0.5828346269300365,2.929892478924295,0.6940537112578965,-2.160965079943669
0.012979521771275735,-0.005353967772704612,-0.006299400037735278,0.004003311409869355,0.581089870899265,3.0047805214989185,0.5854946920090099,-2.215681628261226
0.012942449707361433,-0.005298019979578962,-0.006316327095347287,0.00391224606265345,0.576304827562297,2.949117899447434,0.6271805337175836,-2.1798303967769512
0.012807571989482597,-0.005186947096332458,-0.006423601614611027,0.0037021288460861285,0.5765104359743068,2.8509117355463354,0.7571431334606363,-2.107641475198347
0.012869609896967452,-0.005201751359603216,-0.006353676864163404,0.0037526336895575747,0.5687211023175353,2.855144383953735,0.7009329571097239,-2.117496747057965
0.012789982101571916,-0.005129376361244475,-0.006409456140506025,0.0036204451443765666,0.5660374871412149,2.7876868916514277,0.7733317789540258,-2.0689237455949314
0.011423656781601288,-0.004214417635562661,-0.007012919565289085,0.00164397752715897,0.4065816799925602,1.6057134592247098,1.5121722008645346,-1.1376619854833654
0.011486810412333112,-0.004306337003200956,-0.00704845306558402,0.0017660809149819625,0.4311043663383743,1.700951905266061,1.5238590785054271,-1.2037794511122588
0.01163551232472275,-0.004408455329043348,-0.0070286631490248785,0.001984307070553942,0.4612154646249431,1.8517409018117097,1.4853623803149651,-1.3224434958776892
0.011591379550127786,-0.004310701259617365,-0.006979961426510853,0.0018709133416275616,0.43606006091275146,1.7585288223682298,1.4651633291907356,-1.261745123536793
0.011731948705834543,-0.0043959061465455845,-0.006945084601384625,0.002066316644728034,0.45954877198136035,1.887900707128288,1.4181698699279597,-1.3659635268220855
0.011457481034363287,-0.004094678489667954,-0.00689527856442339,0.0016016107599689017,0.38204197839039494,1.5499723010510278,1.4343168400260924,-1.118826057796503
0.011805445095963244,-0.004433532885213826,-0.006917251183772435,0.002163562870180774,0.4695055034524394,1.949005225413351,1.3867260853749175,-1.416741232422854
0.011892790778550148,-0.004474306196849049,-0.006877622980224519,0.0022753825594860264,0.4791025102427657,2.01665164448888,1.345008275127295,-1.4736817440987737
0.011976156287373455,-0.00452143472832621,-0.0068427206245864096,0.0023885059924230495,0.4896479889696837,2.0857623563051644,1.3055988182969165,-1.5299938657463195
0.012050249601608576,-0.004574959916720597,-0.006817667321529373,0.0024994039379745664,0.50093108236632,2.155506529981452,1.271983479424492,-1.584378682335627
0.012108630327406087,-0.004618643074001062,-0.0067970497631502855,0.002588345569556443,0.5100243753098865,2.2114987404340822,1.243899905053826,-1.6277500535407257
0.012120808118338594,-0.004676045505860177,-0.006829563660331354,0.002653110629267214,0.5244209068245997,2.267007084834088,1.254443016943357,-1.6609636872288
0.01216982707515167,-0.004715819083987039,-0.006812388847776934,0.002732204306230588,0.5324397714023642,2.316918589849484,1.2294568747392882,-1.6987441900391638
0.012211848914911954,-0.004757820820802918,-0.006802644823943023,0.0028081863304786022,0.5411917174789619,2.3673730924293523,1.2090747614675226,-1.735475393428624
0.012280705120354812,-0.004867244220017198,-0.006815262669330331,0.002976729084697732,0.5656935104873906,2.4917093573075344,1.1835879906866074,-1.81870473839134
0.012356891260709142,-0.004895899871680529,-0.0067548880935516175,0.003066435606547517,0.5657385034774354,2.53394731080679,1.1257645465937964,-1.8567988607251815
0.012419995806775016,-0.004940578268067679,-0.006718358323462174,0.003162597225276487,0.5710837380127959,2.588975083269449,1.0808981253313938,-1.8993364991091606
0.01248757920727817,-0.004955113323110585,-0.006652637844875059,0.0032269133443642924,0.5668324932022935,2.609652588363888,1.0244348571988153,-1.9226781910198698
0.012543771861526451,-0.004973600532022391,-0.006601305075981128,0.0032860459247606778,0.5641559210265682,2.63161579331411,0.978595444909665,-1.944175460996576
0.01228342577945523,-0.004766614406671858,-0.0067361587243669006,0.0028733867771039445,0.5372584243486943,2.390873500805622,1.1536227838098354,-1.762463135333457
0.012765273140423763,-0.005067149818157552,-0.006400782221832984,0.0035305976110953916,0.5548818642600387,2.721827651836545,0.7938533751023248,-2.027620718399476
0.012699654909768595,-0.004998885496835829,-0.006436071956625827,0.0034120083530547185,0.5493307756152948,2.6548681210166585,0.8468801108822183,-1.9800651851549431
0.012741940613213288,-0.005014078468532361,-0.006395517092021437,0.0034539283724629903,0.5461160921197262,2.667467594869003,0.8119601690058416,-1.9928387766237532
0.012604172928218318,-0.004958932266512197,-0.0065215013378893206,0.003307857675842504,0.5524536134893436,2.615923697225856,0.9243850926859302,-1.9443654676300015
0.012671262699287195,-0.004947265777819342,-0.006436214114814556,0.003335046550966438,0.5408371437273568,2.602311641082513,0.8665831920994801,-1.945608403314279
0.013231640502124503,-0.005573892208763701,-0.006063282288285808,0.004397708659566815,0.5694100930116295,3.1577918925835147,0.3021492797932148,-2.3227907781814845
0.013214672675528456,-0.005533217856901567,-0.006068112193243039,0.004334907358425504,0.565704723679498,3.1175902571953924,0.3312308265278115,-2.2991685243711593
0.013190768086310976,-0.005498001875185416,-0.006084848552332719,0.0042783030244467795,0.5643871587053968,3.0878027097896514,0.36312948904699693,-2.280761726921262
0.013194081747193647,-0.005458070410282512,-0.006060665541902572,0.004223384641978078,0.5565721353205497,3.038210519226901,0.37213004176499564,-2.2529778541340346
0.013797039431604449,-0.006256964916395012,-0.005400827444361363,0.005469295463456082,0.5101028078515103,3.4426990748979587,-0.5780378898825446,-2.4600345175461737
0.013765735240284252,-0.006228296337109234,-0.005448068772275431,0.0054297707541336475,0.5163369352579721,3.4508052177656956,-0.5333129544347694,-2.468008744772239
0.013626995822919612,-0.006040301654575408,-0.005634267615853654,0.005146938575513644,0.5360250222817172,3.399404966641741,-0.28268312943484514,-2.4562295343532816
0.013649497731498766,-0.006082319667343632,-0.005608517647632194,0.005212067962872778,0.5343593724822427,3.423462992216262,-0.33178191309943533,-2.4666417986721076
0.013659689434480732,-0.006118351489670434,-0.005600312631915493,0.005269024625159776,0.535408933446463,3.4532275830373242,-0.36909940872080527,-2.4802554320002623
0.013682869540182588,-0.006152196993117881,-0.005569831294704896,0.005320888199696145,0.5321703724465502,3.46528971934815,-0.4133698026938232,-2.4839641328312605
0.01371249737763932,-0.006189323362673156,-0.005528648960200968,0.005376619280825703,0.5277505331680357,3.4721917502468025,-0.46526548032969917,-2.4841979007895123
0.013756862866963294,-0.006190904705206064,-0.005456789640437713,0.005370870310969653,0.5155332455917064,3.421941984259256,-0.4934086543705694,-2.455999448086489
0.013275293467491048,-0.005601473179774851,-0.006012971697562412,0.004448288764200967,0.5636280688823917,3.1651027129100298,0.25388324101867327,-2.3293552641119137
0.013300563922159784,-0.005648519108599209,-0.005997195705052678,0.004522525069591532,0.5658129704265262,3.2066517081858477,0.21250994079121358,-2.3536687644296594
0.013407806324201257,-0.005841696892909265,-0.005915574830396106,0.004831202917927431,0.5691586119480886,3.367332879239956,0.022478289318604683,-2.4439672536575467
0.013338062575963391,-0.005670486770172112,-0.0059515079106197645,0.004562193786434579,0.5599591690254337,3.208189645220899,0.17108154498101422,-2.3560557394250585
0.013356048393022473,-0.005726116584553247,-0.0059481532515234395,0.004648001497326522,0.5645529164932115,3.263670797449009,0.12935433732488044,-2.387026931366457
0.013390460459242833,-0.0057823586694428,-0.005918997186217415,0.004737963988170896,0.5647230438414975,3.3071384371574974,0.07097713390808241,-2.4115698253551945
0.013603682886132663,-0.0059971196051480675,-0.005659948971122974,0.005080002082180701,0.5372265265304224,3.3735458238053453,-0.23325872641260612,-2.444428705890385
0.013536997226190315,-0.005957912295992674,-0.005753815440494782,0.005019836495120697,0.5504858912282772,3.393087445071075,-0.1562269102281368,-2.456677340904868
0.01357962358673867,-0.00596366493925958,-0.005688496012502075,0.0050283354346200935,0.5395520309230655,3.358606662673158,-0.19163071666186934,-2.4377466226648683
0.013513501512880987,-0.005918507184044495,-0.0057782154722447665,0.004957673729463531,0.55154803571337,3.367844876205423,-0.11087595227389428,-2.444096236741364
0.013487026414989434,-0.005878928124542285,-0.005806263434868516,0.004895062089157707,0.553231595496091,3.3442429199925523,-0.06431613779714716,-2.4320740838945234
0.013463442888776544,-0.005839623840168149,-0.005828934041058276,0.004832971255724335,0.5540379659474267,3.3172685614652013,-0.021331767291977746,-2.417864990345631
0.013838614206605189,-0.006272466795576349,-0.0053349662761217635,0.005483713426175154,0.49999048136237645,3.407220276403026,-0.6149015418442648,-2.4380777965016853
0.01383869107909672,-0.006237532929135541,-0.005331188277139454,0.005427357498354541,0.4973478055884387,3.372683390087443,-0.5814818688043135,-2.4229172129707504
0.014395017219482732,-0.007121689140251214,-0.0042811235579745385,0.006536329863184623,0.38544524387131646,3.1533570029741647,-1.7155047934465892,-2.094992377882481
0.014383324855661739,-0.007078484495437814,-0.004318901940073605,0.0064788997974277425,0.38795239306738244,3.16051408045187,-1.6619736805269059,-2.1136742561771853
0.01437339075136372,-0.007041480837212267,-0.004350225617013586,0.006429347840631708,0.39004553345999593,3.1652297534543816,-1.6161395747027265,-2.128493072227706
0.014362959340002403,-0.007006048351810743,-0.004380901646577354,0.006382431822663694,0.39248699030678263,3.1698701848195014,-1.5725541075552059,-2.14237222764725
0.014351627914830732,-0.006969416533443348,-0.004412659421997869,0.006334111015802502,0.3948397194218795,3.1744814461211495,-1.5277332792454261,-2.1561868363148666
0.014268531094202674,-0.006889184878570659,-0.004572129556376481,0.006271272090879147,0.41359327597950996,3.265845123374032,-1.4313050854024134,-2.230098142262985
0.014333889123938428,-0.006931793548373843,-0.004454066652434029,0.006288993763483928,0.39875844957538037,3.1868459625989463,-1.4822397919514982,-2.1741962556395045
0.014315263593383016,-0.006893206083546578,-0.004496341788217146,0.006242444595205555,0.40276878054326576,3.1986836636291702,-1.4353636375817003,-2.1918424298446566
0.01413411009343725,-0.006777438079703754,-0.004821311405607234,0.0061825624604182556,0.4450950320729384,3.409627030216319,-1.2832202344424097,-2.3402443539734334
0.01411942857799399,-0.006751703924339187,-0.004850995809365312,0.006149165632175442,0.44838991310766413,3.4158754777900198,-1.2489294995455127,-2.3504345885446942
0.014089672000633826,-0.006638103787170785,-0.004918768139345975,0.0059789778662012105,0.4527378336045091,3.383602080771332,-1.1045061980319355,-2.3599251264008134
0.014119668483710554,-0.00672093101995344,-0.004856383050562491,0.006097968314919878,0.4475187921254173,3.3958408117197725,-1.210480440534169,-2.3471796340510918
0.014115370190491116,-0.006677470850739461,-0.004870840952586692,0.006028952384250461,0.447545832647216,3.373588200920939,-1.1566548726470123,-2.3452906918148178
0.014170187928598319,-0.006785239271512378,-0.004759998982758788,0.006171710059821458,0.43644371591877196,3.3598258411951356,-1.2966913628982681,-2.310691761553402
0.014244650384182978,-0.00685035610583106,-0.004622080080393686,0.00622623747921762,0.41881647835511143,3.283252232774043,-1.3823975915083084,-2.2506713590303167
0.014212016292127852,-0.006812829257029421,-0.004684994852153007,0.006188475879175363,0.42626546773027296,3.312629727703473,-1.3343152351013499,-2.2772199207988066
0.013995851882753483,-0.006489203532306382,-0.005085377094357971,0.005781302266006721,0.47136679630929246,3.400831414506445,-0.9074680504884952,-2.400213273932074
0.013977579507384664,-0.006451104915167831,-0.005116253989746351,0.00572684925860385,0.4740981001565637,3.3935429427164903,-0.8593237447581473,-2.402954964728068
0.013953312277864494,-0.006417370444210277,-0.005156058953947191,0.005681558177152055,0.47871966297532165,3.3965975369053765,-0.8140881785135743,-2.41048013446502
0.013863467524278368,-0.006309996967216607,-0.005297934311532664,0.005537568598091847,0.496161943353712,3.4131328711988798,-0.6639874633027295,-2.436390362591762
0.013947565227666894,-0.006374046519964334,-0.005164810271994859,0.005613437792918271,0.4778864530749257,3.3660239625838773,-0.7663478414197353,-2.4001106657689912
0.013910759108135738,-0.006339352282429469,-0.005223080028966366,0.005570217728558703,0.48561023708634066,3.381412290693721,-0.715296765063961,-2.414125677316861
0.01410940827026862,-0.006593749467981046,-0.004892271759541077,0.005895981230512417,0.446514494938847,3.3246342858931257,-1.0572485471989213,-2.336289128293315
0.014067072904567685,-0.0065732706514774475,-0.004963256246717535,0.005884862958343316,0.45657647845817845,3.3686348262733516,-1.0233960930854715,-2.3654627042789165
0.014054908943912377,-0.006531339315776902,-0.0049866800843413545,0.005822688342162337,0.4578623378802938,3.354014149395045,-0.972843286473509,-2.365559112437691
0.014040467663898727,-0.006487260325607013,-0.005012962691140981,0.005758135727368492,0.4597785157041054,3.3392798431336033,-0.9201563931514646,-2.365581788277707
0.014630607165673656,-0.007650977468894669,-0.003589408106322096,0.007077027254853125,0.33204524847424105,2.7829736304395283,-2.29895803497003,-1.6809664388571137
0.014739919125986654,-0.007884423557657512,-0.0032356071815909065,0.007251262221417564,0.30986959482287174,2.539833715706173,-2.5013638236014653,-1.4427646503465323
0.014671871077503873,-0.007666686165599591,-0.003518599848023126,0.007046860438552569,0.3242647866285853,2.7192355176664864,-2.29141505779301,-1.6439039879484394
0.014711686944808915,-0.007677349670035429,-0.003455015476347885,0.007011123392361512,0.3167953775991544,2.66044063628728,-2.278261460005844,-1.611735270582891
0.014720159250491123,-0.007709404222335552,-0.0034171292442940347,0.00704394970399838,0.3148751594923121,2.6383897168993897,-2.3106998118594144,-1.5850279252365882
0.014738799015194612,-0.007854428481219271,-0.003265010343156243,0.0072133134162771515,0.3103171036369437,2.555498035247812,-2.467376993092469,-1.4675069265501943
0.014734315621615299,-0.007823536364769632,-0.0032991251781864348,0.007178523261283688,0.31128997647157125,2.5753567176034853,-2.434753547235004,-1.4941314325417963
0.01471998700357507,-0.007793268934837304,-0.0033453431037406283,0.007157410776423019,0.31425209164343254,2.6075361565811686,-2.409996742404122,-1.5252691367398994
0.014712158233694742,-0.007761479613652669,-0.003383756171898565,0.007124951645748548,0.31583994406594135,2.6307945415456113,-2.378077262896786,-1.5532799746202166
0.014734787076810966,-0.007738368696254648,-0.003373058026203185,0.007064113967020472,0.3120030654565997,2.6084019299590095,-2.334768223457744,-1.5562512675302462
0.014731962534844734,-0.007947849102135873,-0.0031849902386311933,0.007345582251199733,0.3109946644574216,2.5181096126099543,-2.581416130009887,-1.393485861259052
0.014766088974664483,-0.007929173032929344,-0.003158962101099608,0.007272642681903135,0.3048294770911275,2.482483401488935,-2.531100775892536,-1.3919485336443504
0.014767742232108548,-0.00789905576165279,-0.0031855682081147383,0.0072314818992713975,0.30485138713895504,2.4956005940045913,-2.495576358747131,-1.4160266163121076
0.014776145790523216,-0.008051978971796348,-0.003023142345563948,0.007413806950570158,0.3024663328712001,2.3993003717092773,-2.659658186770844,-1.2781747346257373
0.014780000979615298,-0.008072843105314396,-0.0029965253890076584,0.007434001523620759,0.3019311711643794,2.381182745039875,-2.678975935253098,-1.2568425486428907
0.01486486387328609,-0.008282289421111253,-0.002664967785973547,0.007549813370739127,0.28766301024150825,2.128820908463224,-2.8113314498040016,-1.0157082102065809
0.014874137049526897,-0.00830472983866647,-0.0026286485649338054,0.007559956313527385,0.28616664621458693,2.1005135767004615,-2.823250308967556,-0.9892517493829213
0.014794174174679368,-0.008090597974091241,-0.0029602948891962206,0.007434562822869938,0.29934842361415853,2.3516719189784028,-2.684959606776316,-1.23383330358603
0.014803347773486691,-0.008117837420815292,-0.00292004138697675,0.00745387770302365,0.29780097648826936,2.322252018747951,-2.7054206328077077,-1.20390769649063
0.01485643208927166,-0.008260871995685625,-0.002699069630100081,0.007539107285651271,0.2889627636952578,2.1551880826015055,-2.799141378518256,-1.0407487319919453
0.014845345763754132,-0.008238479759341716,-0.0027372130431339175,0.007531124247693311,0.29076515457830604,2.1851947814152655,-2.78833289850916,-1.0675660023494637
0.014818102755893582,-0.008144808909208632,-0.002873141574844394,0.007463802234484726,0.2951222561875079,2.285721626412087,-2.7196891593241266,-1.1717351056255925
0.014819480886411288,-0.008171589914142359,-0.00284220398229405,0.007493540569946228,0.2949800469204656,2.265244512352481,-2.746238620329651,-1.144686675168167
0.014842557863095452,-0.00820932538196757,-0.002773258540739743,0.007501894717068257,0.29110589346852533,2.2101680607883325,-2.7619538088356728,-1.0982514657212743
0.014837720697275429,-0.008186583828393114,-0.002804169026369751,0.007482948870238278,0.29184038722613664,2.2324737508325883,-2.7436948987230796,-1.122884432324307
0.014749133969647426,-0.00798388988680801,-0.003126946955210115,0.007367371212002148,0.30768983268141836,2.4751724922656746,-2.6077417973057515,-1.3531000810533074
0.014766103456538096,-0.008009417123135222,-0.0030795244151082903,0.0073751164478829175,0.3044677710125569,2.438152807574957,-2.621408575248348,-1.3220049717995361
0.014790788045008977,-0.008027738440032352,-0.003029854531105145,0.0073618663200854745,0.30020128078262903,2.3952334157205546,-2.619613168698955,-1.293826363416043
0.014888660148371985,-0.00840612148699092,-0.0024922293264803114,0.007645939109728502,0.2844179808247413,2.0000964990295387,-2.9017737400634966,-0.8752343720566617
0.014883934531260178,-0.008382964000799529,-0.0025253001544812107,0.007629119136453546,0.2849130146973145,2.0250794906609957,-2.8859333412944,-0.9019871163368346
0.014886648354761306,-0.008329402934075643,-0.0025860870918027745,0.007566926095014023,0.28427598489953776,2.0666658454244735,-2.8334559435284934,-0.9594593182320725
0.014895104199492104,-0.008358429156024784,-0.0025426949526145414,0.0075846239010280165,0.28305610253917385,2.0335753319606593,-2.8514224312775225,-0.9260607864121421
0.014916124921879348,-0.008439093774822158,-0.0024233638736439783,0.00763487325602006,0.28014695970278897,1.9421217477425647,-2.9008612943990957,-0.832477451163138
0.014909535818591288,-0.008416388472976597,-0.0024578632954459618,0.007622274590950312,0.2811430386866841,1.9688068128273646,-2.8881597127329726,-0.859090549607253
0.014943035878653558,-0.008447399334391389,-0.0023858137405131027,0.0075988912795316365,0.27601236132034496,1.9070449961840088,-2.8786060302610808,-0.8177860938552809
0.014956880099314616,-0.008561821588221614,-0.0022297824005672665,0.007687985678277509,0.2749802460034508,1.7894126804683859,-2.9570641818649155,-0.6860619960847122
0.014980670772746403,-0.00858571694894863,-0.0021770003848369905,0.007670076879286252,0.27158823567997586,1.7442924137873368,-2.9485930776678253,-0.6556219246697766
0.014951796420267104,-0.008475835932780947,-0.0023422655797966656,0.007612906729648609,0.2748810401223172,1.8730427264073448,-2.893011307127692,-0.7845020681490203
0.014960019306413741,-0.008503899064526695,-0.0022995143389675193,0.007626870803294079,0.27373305297331635,1.8397964544256846,-2.907094952178822,-0.7517085639345092
0.014958067647498956,-0.008533574317230355,-0.002264364893140573,0.00765892404076917,0.27449281228246264,1.8146377284415236,-2.9332623930160637,-0.7184113353528946
0.01498688711831894,-0.008619642596599718,-0.0021278425246172954,0.007690675056108389,0.2710849721893242,1.7061471997601998,-2.9670682047996983,-0.6156199328177284
0.01499218850113427,-0.008647854202947667,-0.0020865718892670616,0.007707017995105905,0.2705446160134135,1.6739190149559626,-2.981705320526291,-0.5820935893865028
0.014981084014363039,-0.008688682127941258,-0.002042836484879878,0.007762400691404644,0.27292655168392405,1.643171476432643,-3.023991457724082,-0.5339840893432833
0.01499696889546105,-0.008670310594895763,-0.002053059544668209,0.007718690444082616,0.27016928618900427,1.64758990502228,-2.992310565574139,-0.5552654542827178
0.01499610068854967,-0.008813113134928552,-0.001862096876513728,0.007840624506437787,0.27271957317406065,1.5010764840955884,-3.0891781888382974,-0.38121433168299595
0.014987695129415944,-0.008791717301839816,-0.001898318228211144,0.00783824947372715,0.2736928235284956,1.5307154997373993,-3.085784838337339,-0.40752727348666234
0.014979901062986939,-0.008749378019354888,-0.00196251760866854,0.007816816464716372,0.2741278035911723,1.5818739679938865,-3.0673588103916196,-0.45990342876925405
0.01498657634314685,-0.008769385497377345,-0.001929732353431951,0.007821778682454428,0.2732975751050477,1.5552874831957075,-3.0726029127947765,-0.43526540724428336
0.014994514519862057,-0.008712872200877417,-0.0019990512468394377,0.007759966333272542,0.2710550681444848,1.6070176388639494,-3.0250161986455133,-0.5044160640946526
0.014995346276830043,-0.008734597401315386,-0.0019693513617493725,0.007777049123760239,0.27145316741426334,1.58407693199977,-3.0388251663722423,-0.4780628975975375
0.015008061570297724,-0.008840739863406664,-0.0018144857906135163,0.007841170465371099,0.2713873796434037,1.4619682975102122,-3.0916297520979805,-0.34742012184369375
0.01502208322734778,-0.008866437459864323,-0.0017680466399638654,0.00783593672352133,0.2696304952122373,1.423392423242226,-3.08981148248817,-0.31633617109263973
0.015027490473529297,-0.008892452820824471,-0.0017277974782235158,0.007845898521418183,0.26930335171872205,1.391054816529658,-3.0981781044737526,-0.284244284825629
0.015044002951735592,-0.009021760385144286,-0.0015330481304815448,0.007907451548694105,0.26976230294498454,1.2350381626331275,-3.1452782426425396,-0.12229795771567467
0.015048421517256506,-0.008991896928759183,-0.00157274960284292,0.007879169588405675,0.2682103382829826,1.2659049896698873,-3.125207598453947,-0.16128550586823567
0.015039900687309496,-0.008939193479691429,-0.0016532706224059647,0.007857742842133003,0.2684125513454773,1.3305774903016427,-3.108621296034704,-0.2268001106451292
0.01504769250886128,-0.008964740278348487,-0.0016117417055701532,0.007861710724455946,0.2676740995594842,1.2967912606449088,-3.1123743857398822,-0.1956371608291214
0.015055845964073323,-0.008910311370984598,-0.0016820570863731955,0.007808131601911865,0.26528884789651075,1.3508927995240172,-3.0734300186188643,-0.2650184409966305
0.014448427034059927,-0.007214544319652982,-0.004151924720725327,0.006630567285131298,0.37299004701262956,3.0886937405678165,-1.822647468408629,-2.027063734242601
0.01443536464127967,-0.0071931769264157105,-0.00418324820936061,0.006610136554270593,0.3762157399318569,3.10550895847555,-1.7986097708041051,-2.043851347452775
0.014422311367782182,-0.007148506013792037,-0.004225732269537963,0.006553036893230272,0.37933624422215656,3.117651865985342,-1.7439115005496533,-2.066568896131385
0.01443863047034066,-0.007170392040117986,-0.004189658577922903,0.006571641671961494,0.3753823393278087,3.096935529167202,-1.768058556190751,-2.0477558537844813
0.014466737017747519,-0.0072390399091410386,-0.004110637891696703,0.006650245447200993,0.36899205619039505,3.0637728834344853,-1.8488638683537408,-2.0047587117824546
0.014491313865823538,-0.007264335512722771,-0.004059108390493872,0.006664228942376048,0.36354685384050534,3.02909621089908,-1.8734102738313447,-1.9770401808016014
0.014528291678216287,-0.007284986293773089,-0.003991528737629319,0.00665770288624259,0.3560335380385036,2.9757179446581485,-1.8868110796764477,-1.9414445444857196
0.014611436354879362,-0.007537909581963934,-0.003703792034664873,0.0069383788857495104,0.3371426400493509,2.8368699830038318,-2.1683877485977057,-1.7631044854007827
0.01462259102616696,-0.007589652441053599,-0.003648980139048476,0.006999401602482232,0.33425684865733585,2.8100755719822126,-2.2270401350898372,-1.7250647813809146
0.014637608285932933,-0.007616815806877839,-0.003606537743827356,0.007019664118405773,0.3310960519150712,2.7818790150749675,-2.2518074098419283,-1.698264906776971
0.01463755242890675,-0.007560533712139514,-0.003649591532883223,0.006939601787337328,0.3318589910239276,2.794899770791854,-2.1818548600969376,-1.732316893879893
0.014609567130343833,-0.00750140311975463,-0.0037327974525530327,0.006887782727396653,0.33777881313922703,2.845635105926583,-2.123604500952329,-1.7845033400743417
0.014605335454538225,-0.007463552204527869,-0.003765306240688996,0.006837800041064687,0.33894726430745686,2.8567919534206205,-2.0783558450524917,-1.8071566144168891
0.014597113455441763,-0.007426375302427771,-0.0038023161399517173,0.0067930227076480965,0.34090387976052344,2.872399794295921,-2.036028620244845,-1.831149480663137
0.014586448634897633,-0.00738830265139071,-0.0038426645808740585,0.006749175789147102,0.3434995829241922,2.890507645796671,-1.9932748260799735,-1.8564434978047848
0.014619808720473896,-0.007400536282703689,-0.0037863246373856323,0.006730434189017842,0.3368646266918383,2.842109029298256,-1.9936558351556157,-1.8270066116176333
0.014575268678092695,-0.007350247562545761,-0.0038829111200325782,0.0067054219940681946,0.3457747040464461,2.90811636504807,-1.950507788001613,-1.8809916695365505
0.014554755229300621,-0.007314558817928858,-0.003934808033958465,0.006674389904165666,0.35057062564858193,2.9378666539418714,-1.9141389116490195,-1.9104235233873996
0.01464307882077749,-0.011855214021089619,0.003092027361069035,0.0077383087938993405,0.3486227617427735,-2.1416053425082233,-2.0039760791021584,3.4010579773430583
0.014659034027818431,-0.01185312486371426,0.003069122948796226,0.007716167333101382,0.34358557976289744,-2.12752483334936,-1.9998213676894758,3.372496290394879
0.014648884232660607,-0.011840618209004684,0.0030677034487964455,0.00774798348014655,0.3484998147629094,-2.128711648286575,-2.021068070590836,3.387643606894322
0.014693670662807697,-0.011723210871918575,0.0028719876651339695,0.007822642770926643,0.35131071404233477,-2.0206114727712543,-2.155183068545007,3.2776205455313225
0.014688233955621806,-0.011737947748741227,0.0028965354360638317,0.007813586732897173,0.35190587281102986,-2.034303437034806,-2.1387903252425384,3.291753146550319
0.0147039715225069,-0.011735377533589037,0.00287436117770485,0.007791253920350897,0.34340938394675313,-2.0215446861443414,-2.133476135278341,3.2637839017267276
0.014682750970092102,-0.011752667496161624,0.0029210426920908074,0.0078044581210657315,0.352833750869066,-2.047890683922788,-2.1223126589516195,3.3057368638048885
0.014698494620602236,-0.011750133161270285,0.0028988076002531386,0.007782194853521107,0.34315119920825937,-2.03518922266178,-2.1171155975346956,3.2777664037506544
0.014664909009586717,-0.01183849445262719,0.003044797484820586,0.007725645423005621,0.3434684061478048,-2.1146402040479155,-2.0167145184084614,3.3591627576259477
0.014654643750579328,-0.011826004259357795,0.0030433191375406083,0.007757593592112686,0.3496183524362062,-2.1155447766924724,-2.0381440558431176,3.374101096184958
0.015001587149927137,-0.010760077237554816,0.0012342467946555426,0.008121893516093924,0.31940410236124617,-0.9414966780574953,-2.929577902928399,2.120375710467868
0.015004171238253686,-0.010743685545183694,0.0012075695407104661,0.008125673560859824,0.31892506969900936,-0.9220935128457445,-2.939208662488286,2.1006176373004717
0.015004622477672924,-0.01072763411078606,0.001182486578697351,0.008133152172242137,0.31897660926552646,-0.9040260016620224,-2.9505494312287905,2.0840701756292024
0.015018115936206625,-0.01072064526350049,0.0011647942441102687,0.008111005553315927,0.3158155093639151,-0.8898034965317866,-2.942022151660689,2.0583254740050565
0.01502250330222952,-0.010707510841054627,0.001142316825140057,0.008109235419362775,0.31486261833661566,-0.8731246023773601,-2.946987917718389,2.0391702832451823
0.015026867497811151,-0.010692139872692722,0.0011164233382040438,0.008108463710867044,0.31391840456507164,-0.8539507296811032,-2.953394464387022,2.0177695588888933
0.015030107089872543,-0.010676174813887891,0.0010901683418138143,0.008109938738514988,0.31324619370320544,-0.8345851096013108,-2.961172690503879,1.997222989315105
0.014951472260964042,-0.010952358439086,0.0015579153520441332,0.00809993525499948,0.3281599588503323,-1.1750170921890797,-2.82086565553957,2.3729089022048364
0.014948803932913514,-0.010967719257353944,0.0015828297637621527,0.008094472865364253,0.32841956045387644,-1.1924478061150448,-2.80977868697425,2.390325377366116
0.014937429525733728,-0.011030445938022744,0.0016844672900282953,0.008071278038084077,0.32946318201081337,-1.2629809077051393,-2.7633515571021827,2.4607906268821735
0.014946222340179116,-0.01098317442706129,0.0016077835817352203,0.008088612815028545,0.3286523259688024,-1.2098318176590352,-2.798377147905979,2.4075523844904256
0.014943562102179548,-0.0109988731010544,0.0016331106922718027,0.008082554524947482,0.3288625712929623,-1.2274155874689192,-2.786675822049899,2.424965556616879
0.014940640959743795,-0.011014699283341393,0.001658765411040411,0.008076710380903377,0.3291377938256934,-1.24519362069203,-2.774932401179687,2.44275262459125
0.015015664121209936,-0.010771255503693613,0.0012438471603340093,0.008089209694177537,0.31589726091574066,-0.9467595267241499,-2.9073006100966126,2.1113938315742953
0.015010619937422535,-0.010786087040563462,0.0012692714298116385,0.008090656609197036,0.31693640170376775,-0.9654401151996314,-2.90106751520196,2.132780920448182
0.014992060229083802,-0.01080566409442752,0.0013096223344248664,0.008114789790922257,0.32115205242536365,-0.9963212763058124,-2.9040734007240876,2.1780920217514517
0.015005723913564872,-0.010798985741378398,0.0012916938213059063,0.008092737880324368,0.3179526450068439,-0.9819374513849546,-2.8959873938733955,2.152071915170388
0.014990831923626277,-0.0108208298807526,0.0013335554552389576,0.008108415639145113,0.32120814753422483,-1.0133860596260946,-2.893397261137079,2.1942513417777647
0.014988806314349522,-0.010836908229035661,0.0013592939104992371,0.00810285020238722,0.32150732537739096,-1.031790480188846,-2.8826084870051516,2.2123182946121687
0.014987291067103252,-0.01085347062060045,0.0013854166824970855,0.00809585039798682,0.32156350945986856,-1.050309522418912,-2.870807325032938,2.2299222847222064
0.014983591348765266,-0.010870047123632843,0.001412830480273984,0.008092751941061786,0.32217363651859965,-1.069971611033303,-2.860868882288061,2.25062668911467
0.01497941643699851,-0.010885645273825182,0.0014390440838572998,0.00809094999337147,0.32287452446187254,-1.088814579677537,-2.851970394455618,2.271042969521942
0.014976339287909701,-0.010900982360091988,0.001464167633668921,0.008087074955699452,0.3233145139483971,-1.1066968406315107,-2.84209339852241,2.2894844016138833
0.014973966783704924,-0.010916615272298065,0.0014892583582880817,0.008081520401767238,0.3235720656009249,-1.1243819566244986,-2.8311682469322537,2.3069914950084542
0.01497071734588011,-0.010932191871772223,0.0015147946465254127,0.008077460994140114,0.32401059889245404,-1.1424409369874375,-2.8209282072327113,2.3256439883834576
0.014966981419756763,-0.010947291702574767,0.0015399142208732018,0.008074444487025446,0.3245752582197516,-1.160233475005142,-2.8113612970196438,2.344511118684107
0.014750405375308927,-0.011560015631407591,0.002599969592136546,0.007917209962308424,0.3520451138185597,-1.8626466143216804,-2.3296337438861947,3.11545813621124
0.014766110301914645,-0.011556847506691533,0.0025786138841206417,0.007894023537046236,0.3428711072065664,-1.8501327492699688,-2.322822606004122,3.0881016811815383
0.014735492086180694,-0.01160471639292431,0.0026744979723556397,0.007892345095682965,0.35084328245776025,-1.907127933990693,-2.2831263265701693,3.1607585340948545
0.014730427458694158,-0.011619585149978953,0.002699299776437887,0.00788389705966592,0.35005205252369126,-1.9217391308742238,-2.267438620406776,3.1757614911055696
0.014746240569010293,-0.011616619808340176,0.0026775270491216294,0.007860855353223053,0.3434852404942332,-1.9087374093242808,-2.261111127259183,3.1480908801039162
0.014745481092211748,-0.011574931491672196,0.002624812526280114,0.007909008357173767,0.3529920615816846,-1.877509260666809,-2.314259698785298,3.130630814867251
0.014761221732366317,-0.011571789253358415,0.0026033435855844014,0.007885859181477007,0.34266398806888715,-1.8649121120187948,-2.307550443076657,3.1032120835698493
0.014740509980012716,-0.011589831792800676,0.0026496580763603526,0.007900719172023292,0.35240069348267405,-1.892353446329194,-2.2987494716015426,3.145713381630346
0.01475630720282589,-0.011586736788696055,0.002628051073705591,0.007877562096875785,0.3426689943720976,-1.879608765905169,-2.292140272697067,3.1182164716560528
0.014751321822346881,-0.011601687995505608,0.0026527789274596978,0.007869206527594513,0.3430512301113949,-1.894219434454888,-2.2766462839944164,3.133171219165195
0.014791866972612519,-0.01152370028393737,0.002507786382869279,0.007886719843706936,0.34120279505369094,-1.8015926536441873,-2.349653545822473,3.025257940042191
0.014787074422003853,-0.011538770376746681,0.002532557260193028,0.007878734106761638,0.3412496215268322,-1.8165604790823158,-2.3346962952829053,3.0405470523864415
0.014782189078703557,-0.011553751384355727,0.0025572562063809726,0.007870825442038471,0.3413322787715456,-1.8314332966042726,-2.3197462488011724,3.0558019869249846
0.014841398847167944,-0.011357339315630823,0.0022342289197957877,0.007969133575579908,0.33956165861158927,-1.6314229395826045,-2.507328938829873,2.8514924322813076
0.014837129386860541,-0.011372563374845079,0.002259261814035528,0.007962010518600902,0.3397736378459891,-1.6473568994223375,-2.4934595443468477,2.8677482736525124
0.014832765534149903,-0.011387731282375144,0.0022842578211080063,0.007954930127224388,0.33992661563018894,-1.6632083014357415,-2.479565844258381,2.8839767426877447
0.014796585143709884,-0.011508573180755615,0.002482962926420428,0.007894716887708125,0.3411261274495196,-1.7865300264625417,-2.3645753470331634,3.009909454760308
0.014801259332815751,-0.011493435580687094,0.0024581151614060984,0.007902625238336845,0.341019431488399,-1.7713754923420268,-2.3793927467819405,2.9944640729289915
0.014805877946079966,-0.011478323273579819,0.002433302480747981,0.007910427525441308,0.3409003034782558,-1.7561667135702497,-2.394070707018954,2.978960561767592
0.01482832026288968,-0.011402834691674045,0.002309195778338682,0.00794787918238569,0.34011881212127865,-1.6789678503633227,-2.4656436793195167,2.900156830833853
0.01482391062124431,-0.011417951203697284,0.0023340678690721415,0.007940580947433608,0.3403348211812442,-1.6945908189540246,-2.451542984815111,2.9161175535666306
0.014819517474437606,-0.011433086007815771,0.0023588967887931693,0.007933063186221626,0.3404960903183341,-1.7100911434315293,-2.4372744074144546,2.9318896414366846
0.014810467381884107,-0.011463250439331593,0.0024085180533460556,0.007918065820338133,0.34076121550978916,-1.7408924245174833,-2.408580835641906,2.96336078400666
0.01481503573217844,-0.011448186712370948,0.0023837148986812317,0.007925558205602737,0.3406195250635697,-1.7255247376350054,-2.42295385446127,2.9476375416189593
0.014926911666820739,-0.011076962260391001,0.0017609353359922203,0.008056057943080482,0.3305794425149387,-1.3156524687166644,-2.729055994313829,2.514909069420396
0.014907107988910852,-0.011096741716873209,0.0018052368734597496,0.008077107891014687,0.33540300832761444,-1.3479460743683713,-2.7267015042592146,2.5623326515454288
0.014923072824595039,-0.011092209147532978,0.0017862328780943158,0.008051434392347305,0.3310140111898568,-1.333007737934856,-2.7178164975281334,2.5330196545147206
0.014903737726535344,-0.011112112137407183,0.0018304652573065162,0.008071237454867042,0.335813659306412,-1.3651017637456642,-2.714618679293576,2.5797202957339938
0.014900502550311357,-0.011127550521569189,0.0018556428738671796,0.008064892817248181,0.3360895962941661,-1.3821097448000896,-2.7022150078936833,2.5967765807974845
0.014897127390914441,-0.01114302300408839,0.0018809340149194174,0.008058599527577452,0.33627601992685113,-1.399148880869946,-2.6897346953161088,2.613939230984624
0.014893564842960805,-0.011158485713730687,0.0019063165581408388,0.00805247725145939,0.33646549071091886,-1.4162252642190263,-2.677247879474123,2.6312649762640046
0.014889885161233645,-0.011173918319658109,0.0019317082128871583,0.008046414031384048,0.33669690416727566,-1.4332680316727011,-2.664718806920977,2.6486237965173625
0.014854382490513572,-0.01131180188957452,0.0021588728942889147,0.007989018138087509,0.3389064490807163,-1.5828909664991846,-2.5478076984290947,2.8015357412208832
0.014850082756841751,-0.011327005448104645,0.0021840430718075014,0.007982493190336356,0.3390411863458737,-1.599168636177746,-2.534423037445531,2.818302427100381
0.0148457071896203,-0.011342151645025592,0.002209160900000864,0.007975979117028706,0.33927848647477726,-1.6153630089317057,-2.5209935561891004,2.8350227800239516
0.014886110844171387,-0.011189318681643058,0.001957089488970292,0.008040370260039812,0.3369319624768266,-1.4502542009773238,-2.6521350721767143,2.665975059458432
0.014882218332763215,-0.011204669472948077,0.001982456837881145,0.008034402869416491,0.3371452998860826,-1.4671857805027668,-2.639532978713721,2.6833481649233595
0.01487820432077428,-0.011219957274753825,0.0020077969057829327,0.008028529750018729,0.33738057570725727,-1.4840573972484494,-2.626926960802923,2.700744663325168
0.014874154750883295,-0.011235209614327035,0.0020330781729635465,0.008022574256370223,0.33769704738873263,-1.5008270888795874,-2.6142259459036286,2.718037373865506
0.014870191110102326,-0.01125047880105482,0.002058268722058721,0.008016274977871293,0.33806550476582903,-1.5174360665499318,-2.60129445776038,2.735043509927957
0.014866327827692741,-0.011265793383661684,0.0020833908446720242,0.00800958176370513,0.33839581102605504,-1.5338870364817885,-2.588099775464441,2.7517457147949957
0.014862465266130234,-0.011281144057159506,0.0021085142778710492,0.008002679465294545,0.33863824107916374,-1.550248489100931,-2.5747226109747428,2.7683042741928823
0.014858504140474465,-0.011296498192504325,0.00213368062971604,0.007995772379071285,0.3387985661683393,-1.5665783426068136,-2.5612607568843333,2.784873315371278
0.014951269097392715,-0.01104163401758594,0.0016909153210613334,0.008037700876587154,0.3258653686688941,-1.2648050446977146,-2.741484243290046,2.447844850999191
0.014947803559469314,-0.011057249499962797,0.0017163733914710214,0.008032591425116834,0.32621551012482186,-1.2823365860722802,-2.730112506553063,2.4658097451819625
0.014943956381037666,-0.011072750405478532,0.0017419147887974774,0.008028084443463842,0.3266447414574283,-1.299924954861014,-2.7189969595079577,2.4841574063429204
0.014563458889128956,-0.012043243247200373,0.003405363176264027,0.00760562635499232,0.3486547099928668,-2.2995076965948136,-1.7740641377089978,3.5636767505212568
0.01455701722069207,-0.012057569938134772,0.0034292531789270214,0.007594884763511572,0.34797029078296715,-2.3109025349031764,-1.755799357864993,3.575439693213999
0.014572989344962121,-0.012056090576562777,0.003405366647872179,0.007573857160650834,0.3409486122465333,-2.2970338970061785,-1.7534096496434814,3.5465439452288696
0.01455053057554135,-0.012071876318959047,0.0034530932412596177,0.007584075479430494,0.34798713859608305,-2.322125339801849,-1.7374876058114612,3.5870873815726623
0.014566464721296047,-0.012070451352814876,0.003429200827610858,0.007563166503978191,0.34079118702939337,-2.308317742730043,-1.7352364096603587,3.5581782092244296
0.014588774500088612,-0.011985736283431544,0.0033095190140589544,0.00764781928171095,0.3495325162321374,-2.2529298966220073,-1.8462371628171945,3.5158315700940803
0.014582513384860307,-0.01200014276429862,0.0033335019696886952,0.007637396142887971,0.35074634240877384,-2.264644603663712,-1.8283689235879497,3.5279660631719807
0.014598412520950147,-0.011998459705431551,0.003310001283430262,0.007616161114849381,0.34151294292083006,-2.2507928873634246,-1.8255151356506325,3.499128269594635
0.014576207035553427,-0.012014529515234589,0.003357470346215356,0.007626889652213083,0.35093370949278574,-2.2763210954014137,-1.8103819490732056,3.5399502480527487
0.014592148427860876,-0.012012868593632457,0.00333383405632574,0.007605700256087463,0.3410415986960374,-2.2625162689058933,-1.807613811785261,3.5111124563079414
0.014569855515627573,-0.012028896391215732,0.0033814295204259853,0.0076162973451420505,0.34992219421995435,-2.2879611505616517,-1.7922694611786298,3.551841958791748
0.014585840613372,-0.012027285126677334,0.0033576582596910004,0.007595128033308409,0.34087676488401336,-2.274130369182931,-1.7896060696478224,3.522990514179084
0.01457945554624551,-0.012041697816264928,0.00338150563748298,0.007584505458793138,0.340929402576067,-2.285636407384963,-1.7715316643543686,3.534802442418617
0.014601160777393509,-0.011956864711873455,0.0032614259291540836,0.007668451860721769,0.34851342522911183,-2.229118840142628,-1.881784587059051,3.4910492606267667
0.014617124957386603,-0.011955131467120813,0.003238084060704645,0.007646800640483341,0.34244129204035634,-2.21495151804889,-1.8785434598662965,3.4622485714270517
0.014607285815467807,-0.011942399911086575,0.0032373066532863197,0.007678665098360169,0.34910368647587325,-2.2169329739952977,-1.899497003748418,3.4784523214942813
0.014594990318363586,-0.011971310217633166,0.0032854984553124748,0.00765816913819826,0.34852922606655373,-2.2411107723390424,-1.8640309020299337,3.503519729104419
0.01461091264227826,-0.01196961113321922,0.0032621309930356067,0.0076366701887159326,0.3423745104360098,-2.2270077296270183,-1.8609506555020943,3.474682724329884
0.014604666696588343,-0.011984048923934489,0.003286108989107066,0.007626474971042103,0.3420577215208285,-2.238957129954977,-1.8432869217041363,3.4869878952657527
0.006102652971238691,-0.006775221332085762,-0.005239736131338288,-0.0063328467492061,0.2864609008711519,-2.6816652027934933,-0.04341106730724172,3.807958194736592
0.006116717501139228,-0.006735560841075375,-0.0052707150603580446,-0.006270307698989797,0.27270086122762865,-2.6679328544694823,0.0024872423879965994,3.7789524061676967
0.006109464415975968,-0.006749679621668063,-0.0052559236436633796,-0.006291583116806279,0.2776623637055092,-2.6711557533605927,-0.01583490066925902,3.7859423307512623
0.006097002648604178,-0.006758439073754193,-0.00523286793427901,-0.006301083913838026,0.28050348548091636,-2.6667487472195557,-0.03476395535724356,3.7778574528031004
0.006091682261855157,-0.006787828874350691,-0.005218319862093965,-0.006349552572273673,0.2907477224810822,-2.680497523630345,-0.06434397007849048,3.806582093695095
0.006083038601467488,-0.006801322135747306,-0.005200644471026889,-0.0063687868305362825,0.2954369155452508,-2.681552392873597,-0.08388392720389286,3.8097112089055982
0.006067424422481616,-0.006800341486617065,-0.005173827948603043,-0.006359410362563237,0.2947772320649174,-2.668065705983277,-0.0972029967089436,3.7835545166305034
0.006034043292767264,-0.006832651926777474,-0.005109253999484403,-0.006398079059902219,0.30521427556709163,-2.6587175869945123,-0.15465108262686258,3.768808611822211
0.0060450810300923495,-0.006820557457947702,-0.0051309925002414524,-0.0063830117928672025,0.3012998862823096,-2.6611945261571335,-0.1344827086266164,3.7722612211461946
0.006056877699259493,-0.006809486457471478,-0.00515372028295794,-0.006369933258971534,0.29774011112050786,-2.6646789894163554,-0.1145002794652177,3.7778614169642224
0.006023116270322579,-0.006845095967360271,-0.005087524578573265,-0.0064136506565533324,0.309226086777294,-2.656312851524898,-0.17500054291142567,3.7656424826874058
0.005789189212925484,-0.007224925130699006,-0.004541450405437397,-0.006891421015207437,0.42429670562712696,-2.5835004062977465,-0.7246469511356725,3.714128444205984
0.005762966368318353,-0.007264904648807944,-0.004476033614167014,-0.006934374025095366,0.43428005323342017,-2.5647120333948905,-0.7823004966182822,3.6923251611767323
0.005771355805546712,-0.007251491037625742,-0.004497427631153943,-0.006919783208762124,0.43088538761447176,-2.5707989392348924,-0.7631748212808896,3.6991380475149307
0.005780120374760503,-0.007238072343451582,-0.004519322158695602,-0.0069053386278683454,0.42754142230052977,-2.5770662597302736,-0.7438462266392777,3.7063845023742226
0.0060042203942557645,-0.006900970741553937,-0.0050400016354746014,-0.00649878342166578,0.3284587503407008,-2.6695961132635735,-0.24262158742557574,3.7984900949724225
0.006012509049977271,-0.0068882758300494356,-0.0050578521283839726,-0.006481724129360287,0.3242451527157209,-2.67030358853205,-0.22386009723260344,3.7979970772348977
0.005989033926752364,-0.006900011633427792,-0.005014410280485271,-0.0064885473007803935,0.3272499042056478,-2.655610009411413,-0.2536240363750988,3.7717424073117103
0.005882743909432423,-0.007035593116446824,-0.00478774980700724,-0.006650526125948547,0.3677384486531967,-2.618327127888636,-0.46398611915466853,3.727193843463429
0.005841493440215416,-0.007098573379992153,-0.004692080256881225,-0.0067258392712703065,0.38579055050508687,-2.6010569239570027,-0.5553341064538954,3.710165221926663
0.005856993259224411,-0.007073524954181344,-0.004728945906551125,-0.006695621357758517,0.37860391225192797,-2.607605963304533,-0.5195387086971578,3.716079124211243
0.005840557504194513,-0.007081855916116475,-0.004698337514573675,-0.006697979540705047,0.37953852361024293,-2.5946837289910927,-0.5374141249801792,3.6940344138832164
0.005870214051118781,-0.007046205863432491,-0.004762631076043178,-0.006659717099340544,0.37020985933878525,-2.61045523591833,-0.48260665362322047,3.7148981021671035
0.005855407611194838,-0.007056331943948477,-0.004733991651695547,-0.006666434981086099,0.37210506843861296,-2.6000846712548444,-0.5018059613863927,3.6979143273196935
0.0059553498130789145,-0.006932277443029132,-0.00494736984151344,-0.0065236291660481565,0.33668808099026976,-2.6413131969356503,-0.31013633583112626,3.749868392400604
0.005966497565542882,-0.006920024464967658,-0.004970107303524503,-0.006509504014851507,0.3330307009120688,-2.6454638135681723,-0.2900057159641585,3.7556629897455136
0.005978332534753832,-0.006909024957966362,-0.004993540610771958,-0.006497735702324947,0.3298273518557964,-2.6506317147140366,-0.27049060822488163,3.7636834393539336
0.005944234686602888,-0.006945050729834976,-0.004924428656164256,-0.006538488639855705,0.3404989536011424,-2.637219131617926,-0.33068744949101075,3.744371398980117
0.005927453884971217,-0.006975399884087298,-0.004885616278905135,-0.006579093556329274,0.3501962255999061,-2.6354734876360677,-0.37283809498943243,3.74673182800799
0.0059317119972418005,-0.006959250949339517,-0.004898542299641421,-0.006554716083453053,0.3445975019005644,-2.6322605184779135,-0.35356796003331387,3.737610124831619
0.005910081391308036,-0.007001380903519807,-0.004846846579863399,-0.006611524209593623,0.3580925809422208,-2.630403755099994,-0.41105060573625635,3.742418532551784
0.005897451971317975,-0.007011838393161664,-0.004821766555831087,-0.006620812896385074,0.3605824365974143,-2.6228703943388427,-0.4299567481823395,3.730480085412875
0.005915187892695131,-0.006985752468124017,-0.004861319123909515,-0.006588733839465108,0.35279199415568396,-2.6286069430464196,-0.39156957536560427,3.735851962473578
0.005878967276903918,-0.007018988358833247,-0.004788379045914493,-0.006620716742794001,0.36129045604302945,-2.608457642320763,-0.44866781311104414,3.705076723087829
0.00600592428121601,-0.006874346675935878,-0.005050500271252114,-0.006454302236377987,0.3189283841513125,-2.6571894449133713,-0.21598728226961122,3.771057718261937
0.006010461779936775,-0.006858553813710376,-0.0050624898070588805,-0.006429869885194237,0.3134229944044126,-2.652749382320859,-0.19765711436327063,3.7605047557880913
0.00578134162174979,-0.007210540728607673,-0.004537093138383676,-0.006862359480077893,0.4177501348871325,-2.572336857003217,-0.7107409988279149,3.6886544765841727
0.005806637803578073,-0.007168569143341113,-0.004600583565762323,-0.006814158189396388,0.40650114261742715,-2.587383027151427,-0.6512923704291819,3.703962916386813
0.005789149481221171,-0.007197253526392458,-0.0045569884644362695,-0.006847088541708503,0.41421179026324767,-2.577112132429319,-0.6920141446482253,3.6934184229704923
0.0057971644315667785,-0.00718284304080289,-0.004577715954120234,-0.0068300410553455175,0.41021760956031045,-2.5816169844717893,-0.6719088167753711,3.6974399354482492
0.0057981272883879985,-0.007151597963048629,-0.004595777008041142,-0.006780624115154093,0.39893289110000246,-2.5745071673451636,-0.635553933152286,3.675015721235812
0.0058278787712981155,-0.007105669433648866,-0.004666589960567718,-0.006727850724040689,0.3865028717035314,-2.5901362911465244,-0.5701088728512674,3.6916463950848195
0.005821985827590581,-0.007122316638630948,-0.004648970730824779,-0.006750640591333632,0.3918184416647642,-2.5895055301416483,-0.5915395824949604,3.694861550200802
0.005808849072480917,-0.007137368713295027,-0.004620268555909051,-0.006765527938338176,0.3953508364477271,-2.581073772590013,-0.6146320758476352,3.683258856141542
0.00557384295394766,-0.007674245540973594,-0.003876203559617508,-0.00737679484465185,0.5315332174691048,-2.3571582538843723,-1.3303040083334585,3.4879062481483465
0.005581171262969613,-0.007660352036567375,-0.0038993364573311436,-0.007364593146819201,0.5306462496606825,-2.367698016081426,-1.3130022985273773,3.5003983161534147
0.005565147113967343,-0.0076608745909231,-0.003876183225234611,-0.007349006979019484,0.5200176520730415,-2.354433665338551,-1.3072677476325312,3.471039888237049
0.005746213280591872,-0.00726383606833508,-0.004450246630217885,-0.006919299454940678,0.43083686317915465,-2.5474329612392848,-0.7866137463798711,3.659639377562932
0.005664644940078419,-0.0075090771781501685,-0.0041514837089697216,-0.007225457406773515,0.5026231048346784,-2.475706523673413,-1.1157689066128504,3.627314656976972
0.005672491742345131,-0.0074954696488305625,-0.004174175139542082,-0.00721237238167497,0.4993881891450856,-2.484704737895469,-1.0972743063891608,3.637931852833447
0.0056564407868860385,-0.00749532402373022,-0.004150063585735302,-0.0071969386212237104,0.4917769115871522,-2.4703735445670207,-1.0940005598151332,3.607414831535889
0.0056803812644671365,-0.007481886821520238,-0.004196806011204759,-0.0071992274076065664,0.49700950637896185,-2.4935039641063703,-1.0787396597335641,3.648385900076793
0.005664376228728275,-0.007481694538518705,-0.0041726843724775855,-0.0071838600308426976,0.4891522577494382,-2.4791937190230864,-1.0756943252825673,3.617805942002328
0.005618465515670953,-0.007591233601480755,-0.004014564613350258,-0.007302419071224235,0.5175270900373508,-2.4189642424334195,-1.2246904546953297,3.560405822792626
0.00562605440116932,-0.007577480671187593,-0.004037496752247196,-0.00728976510411256,0.5145380233718331,-2.428776375299477,-1.2067444475183826,3.5720219925761323
0.00560995695825786,-0.007577654946308636,-0.004013773593792769,-0.007274185676991565,0.507000532880484,-2.4146998041370185,-1.202256084723736,3.5419955126450744
0.005588543181480799,-0.007646481625663309,-0.00392243908733164,-0.007352314439431226,0.5290402475971782,-2.3781456600391757,-1.2955797534974742,3.5126872031176517
0.005572494706286432,-0.007646960605457225,-0.0038991860480124987,-0.0073367227888908116,0.5176392787257013,-2.364797497375258,-1.29000986835904,3.4832230843303305
0.0055959586381202995,-0.0076326344424967295,-0.003945518205793456,-0.007339955089515943,0.5265903353601004,-2.388518840423475,-1.2780243788225016,3.5248099611746935
0.005579868147852164,-0.0076330605733959936,-0.003922133413568722,-0.007324338599264663,0.5154134040138296,-2.3750279225294793,-1.2726301086684133,3.495234779549706
0.005603417561025713,-0.00761881062128547,-0.003968566479284549,-0.007327518933421938,0.5239049260176403,-2.3987982157735543,-1.2603517889306708,3.5367998798567855
0.005587291167308112,-0.00761917972609948,-0.003945052354791753,-0.00731188386926782,0.5132771897942315,-2.3851263507088323,-1.2551563491612114,3.5071066933898973
0.005610919877832093,-0.007605010296224526,-0.0039915821796044195,-0.007315006811592331,0.5209613847807772,-2.408957481315812,-1.2425709414113604,3.548664038418021
0.005594773788165911,-0.007605317582801266,-0.003967956949864415,-0.007299366605519629,0.5111447738730225,-2.395097418776157,-1.2375966535133072,3.5188469056500318
0.005602326606880987,-0.007591471604138246,-0.0039908640078930155,-0.007286792512243481,0.5090784048808986,-2.4049527367182955,-1.2199565617346069,3.5304714828282457
0.005656840934593225,-0.007522709275725812,-0.004128741356180452,-0.007238476834639754,0.5064179894087749,-2.466527971220255,-1.134201030793775,3.6165760176269957
0.005648559818089901,-0.007508995853581211,-0.0041274057072349405,-0.007209981008203481,0.4941661763321062,-2.461423800543885,-1.1122517957111144,3.5968747206882976
0.0056336864604488515,-0.0075637516394397915,-0.004060362947232825,-0.007277053660386384,0.5129750824530155,-2.4383851783558965,-1.1887598835207338,3.5834725655482518
0.0056176392756133115,-0.007563884682734425,-0.004036638251740554,-0.007261545096059664,0.5046040681096627,-2.4243245915701017,-1.1844923091757742,3.5533735793113466
0.005641361619124992,-0.007550046640288173,-0.0040831772317910355,-0.007264277019254262,0.5119442062473656,-2.4478458832167522,-1.1707060070582898,3.594705488343085
0.005625330845855407,-0.007550150664092765,-0.004059408028568028,-0.007248817636472063,0.5018254357773427,-2.433807632231653,-1.1666173832187858,3.564531170606776
0.005649079802306202,-0.007536365807734407,-0.00410596730415937,-0.00725141964922012,0.5098532587089819,-2.457224411221612,-1.1525252059895104,3.6057216835713657
0.005633024685143558,-0.007536426157649861,-0.004082093101899456,-0.007235961517130238,0.49902256710027926,-2.443146058115221,-1.148597477018628,3.5754607263102955
0.005640755761429288,-0.007522702807631087,-0.004104746375101963,-0.007222998171548245,0.4964941968875884,-2.4523487601405045,-1.1304589704707613,3.586223751362365
0.005688313429008118,-0.007468328829897486,-0.004219377301211582,-0.007186021986123631,0.4955449917720089,-2.5021362935416893,-1.060153639376438,3.658634237562422
0.005672337832435482,-0.0074680999941549205,-0.004195234630628711,-0.007170709167132547,0.4862100178029041,-2.487874753634397,-1.0572989864066746,3.628001883344201
0.005696288158021204,-0.00745479580756053,-0.004241910941833583,-0.007172743264045618,0.493884521777402,-2.5106703181570293,-1.0414637053919922,3.6686553665155848
0.0056803031392609615,-0.007454519896770976,-0.0042176967598130735,-0.007157437498622407,0.4830479054510825,-2.496400662395374,-1.038775028406384,3.6379579282582397
0.005704305373048565,-0.007441287888022464,-0.004264435294757846,-0.007159374435158701,0.49026236149147956,-2.519140211561595,-1.0226229622347893,3.6784812351610934
0.005688283446680958,-0.007440941108547147,-0.004240093567138691,-0.007144038176818656,0.48010021324875135,-2.504767829277194,-1.0201269465416651,3.6476913412592924
0.005712364995121043,-0.007427805204706179,-0.004286939189736631,-0.007145922051122493,0.4854578650585235,-2.527486689491238,-1.0036691938862143,3.6881836143043976
0.005696329931936622,-0.007427383641574528,-0.004262482226532495,-0.0071305859197519335,0.47758870416286175,-2.5129966256358283,-1.0014239373531895,3.6573011701678353
0.005704468092417689,-0.00741387616802126,-0.004284881534685757,-0.007117142667320443,0.47506222291156025,-2.5211029252920554,-0.9827102933567948,3.6668307199613466
0.005656057933859412,-0.007467749797942256,-0.004171183069920168,-0.007155638887948317,0.4837993892994197,-2.469726899618793,-1.0598476965204096,3.595109047138925
0.005696424318306449,-0.0073997830103498885,-0.004282886134060541,-0.007088714633379389,0.46964557212464414,-2.510871890077768,-0.9676164282731651,3.6432556788431145
0.0057047967882888975,-0.007358865567948556,-0.004324423653730927,-0.007033110626633643,0.45646869880327495,-2.517244517702718,-0.9140222534768231,3.6380038406637873
0.005696610633884076,-0.00737213446424867,-0.0043026940189760535,-0.007046516307818058,0.4593743496269545,-2.509825434829976,-0.9322793464462427,3.6293182146324825
0.005688348589162309,-0.007385572330361803,-0.004280644486612146,-0.007059974451371542,0.46228239016684586,-2.5021576003009756,-0.9506656227364986,3.6203128975029486
0.005736751183189293,-0.007304953801618187,-0.004409756048792744,-0.006976134251602949,0.44374999384634534,-2.5441742610071643,-0.8393074708702205,3.668059348395547
0.0057454135790855785,-0.00729135321877239,-0.004431976902906218,-0.0069619028066500365,0.4405548980430522,-2.5510977805202084,-0.8201141674225606,3.6761138818647106
0.005736822424358432,-0.007276509158551267,-0.004427754915637911,-0.006931667328447214,0.43363524969948725,-2.540005745366152,-0.8047967418487039,3.650127103661703
0.005712887173392608,-0.007345639961966994,-0.004345889758908987,-0.007019551194249046,0.4534896474965075,-2.5243887182916893,-0.8957470787744937,3.646267874609485
0.005720720238173277,-0.007332252290308565,-0.004366974992634519,-0.007005386736265059,0.45032813873807315,-2.53107034657749,-0.8772460709050937,3.6536737690703696
0.005728574482634822,-0.007318677689226665,-0.004388116703116451,-0.0069908135194800295,0.4470694256657945,-2.537564334839267,-0.8584422665786066,3.6607398151698125
0.005696578645438761,-0.007345036372841237,-0.00432115364439082,-0.007004888009914817,0.4498208186282214,-2.5076169409630666,-0.898709296892915,3.6145208895936674
0.005462577381044802,-0.007899572429957714,-0.0035006967675142915,-0.007562220299181217,0.5560535510059949,-2.172144565972734,-1.5928253509528998,3.2686200302681954
0.005469198559067848,-0.007885327849796304,-0.0035244386513558538,-0.007551184566950313,0.5548833334394486,-2.184550578723207,-1.5772593831220358,3.2834344386188334
0.005453165970214659,-0.007886558317355791,-0.003502521550406038,-0.007535283012022223,0.5470665749228151,-2.1721846317066795,-1.5688311140406561,3.2559707790995325
-0.005462577381044804,-0.00789957242995771,0.0035006455087923786,-0.007562244021249137,0.5577500782171277,-2.172339739613678,1.5928776377905998,3.2682486018521324
-0.005453197227016121,-0.007886415719762232,0.003502706563723116,-0.007535136336648588,0.5467854965874474,-2.172082836890315,1.56870881671171,3.256268299401438
-0.0054560009805072595,-0.00791383775538694,0.0034768536821833946,-0.007573212185906214,0.5598722225243927,-2.1596950008334517,1.608401718872657,3.253442559474047
-0.00544658176418358,-0.007900733313697686,0.003479025404465101,-0.007546194977595985,0.5478030106189112,-2.1597712820928625,1.5841426661757076,3.241704709231237
-0.00544946942445865,-0.007928123681040953,0.0034530362889578056,-0.007584101579660173,0.5617164782172209,-2.1470002428515507,1.6237827877307789,3.238573862810307
-0.005440030283026418,-0.007915090376083293,0.0034553118661659822,-0.007557221648277002,0.5487210176952518,-2.1473281343288786,1.5995118672931445,3.2270231318799127
-0.005442982779307931,-0.00794243006186523,0.0034292111963766686,-0.007594904128481975,0.5620507208793344,-2.1343216856829152,1.6389744228325125,3.223599830375816
-0.005433542874823963,-0.007929461304485104,0.0034315910332148153,-0.007568186862471874,0.5498471931134418,-2.134760991045509,1.6147931146204204,3.2122434886885354
-0.005436541110871046,-0.007956756752799629,0.0034053668961073866,-0.007605625168172039,0.5614403611422624,-2.121648063815533,1.6539891834729568,3.2084630104745258
-0.005427088020422146,-0.007943816769949723,0.0034078572751901626,-0.007579023371631347,0.5512394896027834,-2.1220878224828934,1.6299128564743341,3.197342765359364
-0.0054301444843724254,-0.007971103608784268,0.0033814796034261473,-0.007616275460551144,0.5612511569513291,-2.108898293944754,1.6688802369875366,3.193144211423821
-0.005420642356964408,-0.007958157065921803,0.003384085913531181,-0.007589706707053023,0.5525729935418521,-2.109325344504325,1.6448300231774524,3.1822964553738866
-0.005423792964446573,-0.007985470484765413,0.003357543669481941,-0.007626857493349382,0.5617183213722408,-2.0959980993641265,1.6836812598610151,3.177652133589504
-0.005414213587287217,-0.007972506006107638,0.0033602624721858973,-0.00760027214631756,0.5536235663408603,-2.0964842880421517,1.6595704455581697,3.1671154713622687
-0.0054174866151396935,-0.007999857235701381,0.003333565979766326,-0.007637368102260369,0.562344200302619,-2.0829105764609217,1.6983970442802512,3.1619956392140316
-0.005407815982202745,-0.007986886155088352,0.0033363788046500945,-0.007610760625698346,0.5544647243970272,-2.083569323791911,1.674177121155487,3.151817215327876
-0.005411225499911389,-0.008014263716568458,0.003309543725328854,-0.007647808352816136,0.5632977489341952,-2.069610228615047,1.7130353053604503,3.146195302905808
-0.005401452812064265,-0.008001309040209223,0.003312425707957724,-0.0076211883294189245,0.5551632818952789,-2.07058064065517,1.6886699176960123,3.1363984232751148
-0.005405009681636416,-0.008028689782366835,0.0032854674172780886,-0.007658182217890557,0.5653152601300775,-2.0560819858935946,1.7276096255063795,3.1303067164102294
-0.005395134763857946,-0.008015780972743225,0.0032884089986273918,-0.007631572478161079,0.5555970828422794,-2.0575130549191365,1.7030664310361472,3.120855761647535
-0.005398839222606494,-0.008043135288126545,0.00326134584528833,-0.00766848583436201,0.5681824238627887,-2.0423662198703973,1.742104164341306,3.1143965142017733
-0.005388896429593126,-0.00803030201030186,0.003264367114536072,-0.007641949122749036,0.5557153878078908,-2.0443600438655207,1.7174065288888356,3.1052222742017896
-0.005392714184532193,-0.008057600088913423,0.0032372082674394422,-0.007678706742553706,0.5704210027059117,-2.0285686768702176,1.7564656621150772,3.098483286914979
-0.005382767671423996,-0.00804485764820043,0.003240346928022553,-0.007652334697316924,0.5557858696389419,-2.031113296424836,1.7317169641681007,3.0895419887545934
-0.005556470081250427,-0.0076468301102497515,0.003876892066100715,-0.007321037321707202,0.514831393288504,-2.3474886204362595,1.289106534117578,3.451406994905458
-0.005549056714119938,-0.007660753734649572,0.0038539173867127084,-0.0073331874358756,0.5168683276419604,-2.33713410939451,1.3060731149052904,3.439163244035394
-0.005541700864747676,-0.007674757977731227,0.003830871697819052,-0.007345359374985614,0.5188929426206269,-2.326660023308889,1.3230161072656805,3.426808215178118
-0.005534403660334652,-0.007688783662969641,0.0038078093454672036,-0.007357472186228575,0.5208426028455025,-2.3160801528157293,1.3398597232717402,3.4143362536949518
-0.005527145499487927,-0.007702802129711576,0.0037847302681276603,-0.0073694669517777615,0.5227072380807519,-2.3053810616518597,1.3565663674370292,3.401707297235404
-0.005519911239751101,-0.0077168276055444894,0.0037616017319600076,-0.007381348325061572,0.5245114751242924,-2.2945463401354242,1.373147634115501,3.388896904450402
-0.005512692022436525,-0.007730878311141682,0.0037383952679378766,-0.007393131742374322,0.526271447531053,-2.283565240025488,1.3896246365586544,3.375892833691841
-0.00557698671371092,-0.007576820133839567,0.0039671698649194976,-0.007241792549913038,0.4982129466197451,-2.3805087312426925,1.200450043560149,3.4771023883329497
-0.005569312486109992,-0.007590877801242763,0.003944244016422945,-0.0072545248293041644,0.5004783439041661,-2.3707739493068067,1.217913402981992,3.4656688917023115
-0.00556213091549729,-0.007605079850030764,0.003921806154922207,-0.0072677861647171245,0.5028828723135494,-2.361329403628062,1.2354927925599115,3.4549601842199955
-0.005555004403583498,-0.007619058525877648,0.003899549920571567,-0.0072806399066794895,0.5051728149330433,-2.351805335648045,1.2526831797763214,3.4440625329521377
-0.005547582681757513,-0.007632793073115735,0.003877011611782926,-0.007292722496106998,0.5072062159652918,-2.341874280404607,1.2693998972226312,3.43231813639294
-0.005505494502937567,-0.0077449858327186165,0.0037150904054991606,-0.007404866238604562,0.5280194327250011,-2.272439360054252,1.4060312216798483,3.3627124780635387
-0.005498386392468131,-0.007759196667243684,0.0036917308193622988,-0.007416681802087274,0.529791485960065,-2.261221078333262,1.4224395753588135,3.34948282178356
-0.0054914407913307615,-0.007773483625168314,0.003668435520386051,-0.007428616236390638,0.5315343556330451,-2.2499862167745417,1.4388362878197887,3.336335929233028
-0.005477710539876499,-0.0078018897163176955,0.0036219924628470433,-0.00745198535772753,0.5345427919107438,-2.2272616760634913,1.4710408380500188,3.3096684169971913
-0.005484593562006629,-0.007787735761180303,0.0036452261690519496,-0.007440457292952622,0.5331247249213799,-2.238701814845306,1.455074717756182,3.3231461213220044
-0.005443499383183478,-0.007872927829867616,0.0035047555260826163,-0.007507986058453912,0.5412316549487491,-2.1680247156253127,1.5490271809755078,3.2395260606288034
-0.005470769058270861,-0.007815991727611889,0.0035986636586602537,-0.007463238931935366,0.5358984785903234,-2.21563765274551,1.4867784130525605,3.295871599519671
-0.005463842641351955,-0.007830132701718442,0.003575246425472829,-0.007474412553031967,0.5372681642492109,-2.2038751221151838,1.5024170170860849,3.2818972801002815
-0.005450215033206896,-0.007858626417904744,0.0035282767842120186,-0.007496827171824869,0.5399696873789269,-2.180066184815901,1.533575059531749,3.2537371005112177
-0.0054569878359272085,-0.00784435216071768,0.00355177227445887,-0.007485615343156521,0.5386408189898445,-2.1920121249958986,1.5180247583782973,3.2678461690801233
-0.0057046877745929895,-0.0073584474791787945,0.004324540283396186,-0.0070323735332769545,0.4562961026395142,-2.5170853010641356,0.9135228595604422,3.6375887240133697
-0.005712814098629531,-0.00734490547198832,0.0043462689304396345,-0.007018351865126113,0.4531929638283974,-2.5242270186237943,0.8948559162748057,3.6457306607435878
-0.0057211469532465606,-0.007331382578739211,0.0043682098158115855,-0.007004392022730441,0.4501197628087073,-2.531395052131728,0.8760781375951633,3.654013975840582
-0.00572952910607014,-0.007317944705747832,0.004390078935539141,-0.006990462300439221,0.4470059715363048,-2.5384329368296012,0.8573070056881136,3.662170763945315
-0.0057379126835729625,-0.007304731883059895,0.004411712389679279,-0.0069767437086923215,0.44394521039797047,-2.545312287437255,0.8387288468380877,3.670198466492557
-0.0057296083419078325,-0.007290540409863012,0.004407736099616379,-0.006947775755120569,0.43714646784908967,-2.534876367787167,0.8237620669111855,3.6454035171304446
-0.005737082189915539,-0.007277097810866848,0.004427798741780461,-0.006932798345650664,0.4337693457477754,-2.5404277756373266,0.805319322759534,3.651053809703042
-0.00574497628868912,-0.007263232989957294,0.004448670646976037,-0.0069173658377458805,0.4302780070095888,-2.5461411471984263,0.7861964455039746,3.656948727560342
-0.005753265826852608,-0.0072493793961736835,0.0044700462340864595,-0.006902126366404721,0.42681330585698357,-2.5520517530122997,0.7669081326046535,3.663309829046238
-0.005761839763709938,-0.007235617244174681,0.004491708877419317,-0.006887112211173747,0.4233755152876764,-2.55806217604952,0.7475710844949194,3.669980761191922
-0.0057707107980587745,-0.00722185738781312,0.004513736379528088,-0.006872187423401036,0.41994299447971567,-2.5641685592684014,0.7280615076308844,3.6769232390041133
-0.005799533948945206,-0.00718300163522247,0.004581434363889143,-0.006832076214968133,0.41055114364114503,-2.5840471629084014,0.6709887429028195,3.7019690081791308
-0.0057905303333240996,-0.007195619243330176,0.004560098274156737,-0.006845517592652966,0.4137069645803373,-2.5781257262621597,0.6894915982728516,3.694750493829275
-0.005780160546486085,-0.007208109410371549,0.004536577248839485,-0.006857574477054325,0.4165119075945494,-2.5706464050978703,0.7082734560289924,3.6846595390446892
-0.005843917607755975,-0.00711620467504156,0.004687607734654025,-0.006756306490644814,0.3924983475204731,-2.609019985280645,0.5737120699354392,3.729647226971253
-0.005834707943580229,-0.007128884352206515,0.004666376957281684,-0.0067703965443011325,0.39592009367957975,-2.6039035735432976,0.592647701695635,3.7235042134886576
-0.005807331407213033,-0.007169281617779452,0.004601327099780137,-0.006815822082923925,0.4067448511139597,-2.5882835253192282,0.6516947401953778,3.7057901461573635
-0.005825335641975048,-0.007141559105361287,0.004644796071748084,-0.006784220041401562,0.3992587008095219,-2.598416940186381,0.6116287779194923,3.7167606780071867
-0.005815687214406555,-0.007154855448535279,0.0046223668755452085,-0.0067987068336598485,0.40270738519273225,-2.592665390933646,0.6313326604776627,3.7097804587914247
-0.0061104055355556165,-0.006693737021677165,0.005265603637382129,-0.006195425838996815,0.25883654030118186,-2.636562966898884,-0.02893895494177228,3.71625468427995
-0.006116695976883212,-0.00667848228459509,0.005278251003713067,-0.006171832139395413,0.2537360117870608,-2.6315334444834733,-0.046370138333656934,3.7060609054419813
-0.0061273025559210395,-0.006661378755323954,0.005298306887606858,-0.00614671045214901,0.24810745642074816,-2.628268529937619,-0.06912554937195116,3.6994141680165247
-0.005889658984943125,-0.0070532724940085235,0.004791688940531628,-0.006684369287846819,0.3749207068202964,-2.631646335584639,0.4787527511012611,3.7562253768243763
-0.006054619979900881,-0.006751470107558129,0.005161426982832836,-0.006269683048668143,0.27782983592925437,-2.6290300680323075,0.06747286819576225,3.704609042546815
-0.006096178732261364,-0.006703740882804521,0.005239906200531147,-0.006206616224026042,0.2621428659602194,-2.6321633358621046,-0.00790389255685591,3.7080238317218686
-0.0060655362835407576,-0.00673516648666381,0.005182834498742755,-0.006246908375946782,0.2724681501418336,-2.6279129225883326,0.044655290244847996,3.701385653893683
-0.006079270912731334,-0.006718675042516472,0.00520886984745391,-0.006224873093422757,0.26705113521761,-2.6285420346836514,0.019232390324904095,3.7016820642025183
-0.0058976677774527165,-0.007039366236414604,0.004810882900001622,-0.006666630750019301,0.37065014326931656,-2.6339938949234036,0.4589100184190831,3.757408599440818
-0.00590760892326119,-0.007023854197298664,0.004833811983441987,-0.006647353655782686,0.3659143943908379,-2.637319165145026,0.4361781239944239,3.7601812058824504
-0.005911715184488929,-0.0070040204412449795,0.004848540307255155,-0.006616964434299701,0.3591504113330846,-2.633085904916337,0.4126995326559209,3.748004844842758
-0.00591934609164916,-0.006986439211747084,0.0048679901877175845,-0.0065924804249848324,0.3533416315286288,-2.6327804460156377,0.3895179126307109,3.7438481778897703
-0.005930622192978956,-0.006974958545118004,0.004891072289042911,-0.00658031659444652,0.3502730450698526,-2.6382184977991425,0.37021797809928025,3.7518087844255037
-0.005936233026691893,-0.00695786926925244,0.004906585969878975,-0.0065551500880437754,0.3444534479046749,-2.6357754269288507,0.3490553570762271,3.7439695186469
-0.005938789225812595,-0.006937411321965026,0.004917903201343005,-0.00652246980190162,0.3374283244094168,-2.6288193630585948,0.3269703676853744,3.7272630025548605
-0.005945415572505645,-0.006920695286113919,0.0049344966966776045,-0.006498411773842126,0.3319330365304443,-2.6269754050185568,0.3059740367582818,3.7209609140102624
-0.006036351626173241,-0.006807382799286812,0.005119034794849709,-0.006356096300358113,0.29649848028932096,-2.646490126434552,0.13037964115248,3.7428056216027143
-0.006040819978880168,-0.006787956329143605,0.005130837356761905,-0.006325210052661276,0.2898840128913236,-2.639107810425133,0.10984211556519964,3.726841073310599
-0.00604644873816388,-0.006768923888612906,0.0051442545941043265,-0.006295538411142581,0.2835341337650154,-2.6327111819910045,0.08897409313196113,3.71298043357503
-0.006018046651329277,-0.006810607241910152,0.00508721076742791,-0.006352422465408847,0.2970465664930528,-2.633147722304665,0.14856937186475508,3.7176801034770572
-0.006011982748390557,-0.006827699961019933,0.005072894133201847,-0.006378285014929701,0.30281390963890104,-2.6374352780647343,0.16859516352127324,3.7277029180871923
-0.005953935988092862,-0.006905374548105824,0.004953609748569046,-0.006477674398671643,0.3270816378466623,-2.627240426382959,0.2850950830500945,3.71898398113121
-0.006003202373955958,-0.006841687097716158,0.005054547183723946,-0.0063974047092437035,0.3072681024353802,-2.6375483029151154,0.1882300691223853,3.729563698821613
-0.0059941894131386834,-0.006854529630759928,0.005035967090680545,-0.006414351338551124,0.31140269499297707,-2.636657076751122,0.2070374827276021,3.729476127918305
-0.005963728002247138,-0.0068911633035019,0.004974349005673236,-0.006459381930024621,0.3226656840928719,-2.6289258385684158,0.2644001217720884,3.719972885073107
-0.005974250987326102,-0.006878146836929847,0.004995833634940609,-0.0064433548132900595,0.3186700231084745,-2.6316112933137608,0.24428505028179284,3.723134907784042
-0.005984822894685138,-0.006866446989666343,0.005016928744330128,-0.006429426756202406,0.3151130587021587,-2.6347980386901866,0.22531399481663292,3.7275293641603326
-0.0058809163103495975,-0.0070657260596776105,0.004771787157930564,-0.0066990809091952075,0.378523110059997,-2.627839799982205,0.4974747366911932,3.752054003253354
-0.005871558398715393,-0.007077860227955492,0.004750920792596061,-0.0067127190178516575,0.3818864324928233,-2.623155308189519,0.516123554689468,3.7462335562248903
-0.0058622972120614255,-0.007090580788441427,0.004729859598736944,-0.006727253007343565,0.38544387346886916,-2.6185659134034123,0.5353457859466165,3.740831014848602
-0.0058530068454042345,-0.007103221042151118,0.004708697699358419,-0.006741498095573852,0.3889280795914181,-2.613744061736474,0.5543982344325703,3.7350534211287925
-0.005875309851974033,-0.007051915810660253,0.0047685586009991975,-0.006672509997774521,0.3728500099827164,-2.6173866035034674,0.485734876173227,3.72918480659364
-0.005838003677974017,-0.007101537816521637,0.004684996631343994,-0.00672822720555812,0.3864101363484392,-2.5985862561983035,0.5603779507227559,3.7062908716507996
-0.00556797217879347,-0.007562025582768026,0.003966734405294905,-0.007212166433828258,0.49078178669424505,-2.373615660816711,1.1810079682033263,3.456352300095405
-0.005670611759455982,-0.007412141609508811,0.004234680169201627,-0.007084931370218332,0.4674438159264434,-2.4850194399342773,0.9869059384020445,3.599039202392191
-0.005696502707341472,-0.007371921597208015,0.0043026753913005976,-0.007046096940532833,0.45929692814241446,-2.50968740541363,0.9320341827141084,3.62901927933058
-0.0056877953812862975,-0.007385101644774867,0.004280131719071624,-0.007058775942786202,0.46198220670940965,-2.50154946313411,0.9501725208143105,3.6190083241131856
-0.005678976120414139,-0.007398391208163528,0.004257265279731815,-0.007071379360590221,0.4646124467950346,-2.4931353648084182,0.9683396020428089,3.608600330361862
-0.005688489000659272,-0.007357577510085484,0.00430026316324813,-0.007017295949652612,0.45236198538498334,-2.5004989128084545,0.91576212015731,3.6059494905522302
-0.005576222767831541,-0.007549039277387014,0.0039893060657830515,-0.007201302998901051,0.4889446522188258,-2.3833978791129904,1.1649501533313125,3.4686152846500575
-0.005583549626817532,-0.007535601367247822,0.0040108585420013864,-0.007188793676285793,0.48662804227521006,-2.3921562705864576,1.148171055633134,3.4787744495900026
-0.005591523681129641,-0.007522276227489415,0.0040331764146289495,-0.007176911517783785,0.48448038982432956,-2.401390112551571,1.1314301174918011,3.489965169037365
-0.005598919376387856,-0.007508671651208894,0.004054804485937328,-0.007163955299672591,0.48203126465473406,-2.4099257630227373,1.1142108999093743,3.4997631729865426
-0.005605866364027941,-0.007494489421446422,0.004076144149098009,-0.0071496104002720445,0.47919775753965294,-2.4178747208390416,1.0961904501133655,3.508264275301079
-0.005652819859926289,-0.007411252064806563,0.004208499023346937,-0.007068045378772206,0.4628670313784438,-2.4669407800431666,0.9881785194798599,3.5644946749144384
-0.005645386606569259,-0.0074255691682044685,0.004186933410207406,-0.007083005579160836,0.46600042650774,-2.459618746323628,1.0069242713685052,3.5567168310214385
-0.005638818618875363,-0.007439844550685704,0.0041665762504166015,-0.0070985260782388685,0.4692586887707458,-2.452969760503087,1.0254682015767438,3.5502866622320695
-0.005613584284318383,-0.007480349673212198,0.004098476298353845,-0.007135885829850599,0.4765055369802047,-2.426406618906196,1.0781163637121332,3.517978555055896
-0.005621981977059706,-0.007466621900164863,0.00412140232340762,-0.007123230879186661,0.47407001552338285,-2.4354182167037517,1.0604170334768475,3.5288713230221447
-0.00563076890111133,-0.007453387191813772,0.004144456159332142,-0.007111506963942234,0.4718370631704725,-2.4446399788772513,1.0431692561127657,3.540453457525579
0.008559667458694051,-0.004798275212922304,-0.007527693362995503,-0.002064855796161734,-0.028344803058558906,-0.7574731839022998,2.1321051685813894,1.3683920204112825
0.008511638239948265,-0.004787206882853163,-0.007479476057287256,-0.0021134745370329304,-0.033248840186744046,-0.7993905321365012,2.097925112587827,1.4034477478586387
0.008456300993817922,-0.004788124283350818,-0.00743647786735892,-0.0021786495712355788,-0.039477330695934544,-0.8475226697755841,2.068150098595019,1.4491454560556856
0.008396656228159103,-0.004810972154489331,-0.007409858514980232,-0.0022655677004644417,-0.047441857732329944,-0.9010772033462685,2.051086198522997,1.5086575279464058
0.008330766444458657,-0.004806372269205277,-0.007349548774400547,-0.0023351995582359297,-0.052993852258105885,-0.9553295603956212,2.008129905125466,1.5574356971152794
0.008271339015515392,-0.00481256797108413,-0.0073035973501200885,-0.002405093962478439,-0.05835629286968024,-1.0044788772692614,1.9756725795459296,1.6056647552316792
0.009056388080354989,-0.004569835414307031,-0.007607476268120098,-0.0012998790266173076,0.06288563344457448,-0.2987714691448758,2.1601246628225366,0.8426771406630625
0.00914140072943591,-0.004563315448341951,-0.00764090967277002,-0.0011868017742542227,0.07918787810914367,-0.21892370658162136,2.1791777800848986,0.7636879866823251
0.009217196742545643,-0.004535048139930978,-0.00764447508650991,-0.0010755800832514594,0.09389841222655547,-0.14928603590308484,2.176428799867745,0.6864427505001959
0.009445108494525867,-0.004386844787766626,-0.00757297216251346,-7.284528652048817E-4,0.13445267378799725,0.04803422913567526,2.1056751761104975,0.44414702978010656
0.009389117497634826,-0.004408534199330149,-0.007578040732651079,-8.068128057021022E-4,0.12484564169140104,-0.001347255242346787,2.113866402789484,0.49916871779493155
0.00932981278073314,-0.004439784903604911,-0.00758997697032037,-8.933746219352258E-4,0.11413556533298556,-0.05308822726147875,2.127251232545122,0.5598753425731572
0.009275059446949518,-0.004482223651493253,-0.007613214941511923,-9.794231961865942E-4,0.1046688233953408,-0.09984613726751103,2.1487672302683465,0.6198355301045281
0.009483671600028838,-0.004328856178502791,-0.007525778143469911,-6.636576902142719E-4,0.13918344558283954,0.0751660849487669,2.0669405619880545,0.39838510534048227
0.008640003093205402,-0.004766948960698469,-0.00755565756686586,-0.0019439655497673427,-0.015240662770033086,-0.6831108624938479,2.1484290245984945,1.285281974905299
0.00859360340033875,-0.004767651381508836,-0.007522430822531465,-0.002000882318849026,-0.021737620127580543,-0.7249330299801339,2.1259402564525383,1.3251355672381961
0.008671543265337136,-0.004721455582513303,-0.0075320527638075814,-0.0018731687772417613,-0.007572604929294571,-0.6527116954575495,2.12838369585837,1.2383044876303282
0.008709964226635327,-0.004677868023177335,-0.007514716119859835,-0.0017965890576558173,6.66456212862482E-4,-0.6164470537804617,2.1128455355141393,1.1869339582677616
0.008804702764067057,-0.0046735010892824825,-0.007571909443264321,-0.0016770608376449998,0.015402096886163733,-0.5301521160099635,2.1501516470903805,1.1029613741331599
0.008750709689045972,-0.00463967487071817,-0.0075035797795606615,-0.001721958451133399,0.00884909890072928,-0.578636581179906,2.1018651807762043,1.136371283178092
0.008846824585699284,-0.004624663880033785,-0.007548476585928529,-0.0015946526259227537,0.02477314675114992,-0.4914239160508406,2.1297344143349535,1.047469893611252
0.00889475708904912,-0.004597354863477258,-0.00754917353743127,-0.0015190049815455963,0.0334215497319339,-0.44776185115940914,2.127053340732492,0.9956070116232686
0.008989521658408566,-0.0045542568742793915,-0.0075577888983384455,-0.0013768784655405798,0.05102150614546629,-0.3616123961525934,2.127283802226582,0.8972509756534297
0.008919990715929518,-0.004546067859106352,-0.007512232954651075,-0.0014589129307297462,0.039367948447710736,-0.42535555395903657,2.0974146845865573,0.9553752765858746
0.009531729722116796,-0.004255246643603345,-0.007465677268015006,-5.856858400840268E-4,0.14380314441971132,0.1079349274916777,2.017594349093074,0.3425824034308979
0.009593530286068715,-0.0041843299707246435,-0.007411008088144288,-4.950845436153642E-4,0.15035447394598475,0.15208243264861857,1.970949154256557,0.27760522981332664
0.009666417185987649,-0.004193339029910035,-0.007432764560295836,-4.083353697604676E-4,0.16380447678168952,0.2182852984341875,1.981657747733842,0.21624832773430516
0.010068945943544402,-0.004234660055531201,-0.007499676218321286,8.790968976489325E-5,0.2406709260970801,0.5881389581317534,1.9982203533810996,-0.12899374057102564
0.010217759665935518,-0.004236626411565648,-0.007491552642401949,2.7434415734923443E-4,0.26706081418858924,0.7204908242048237,1.9783718077983392,-0.2568934846031396
0.01013566102222434,-0.004188674886207004,-0.00745200617732053,1.685893941767282E-4,0.24585587347017493,0.6327349263054467,1.9565344567868206,-0.18701560730215241
0.010464505188647888,-0.004158418913686265,-0.007376922298062377,5.625843079732205E-4,0.2944381274928127,0.9008583345640186,1.8706419359027657,-0.45727123998938257
0.010377154170966582,-0.004207875629804342,-0.007441135655436274,4.671678007541966E-4,0.2892166058822952,0.8474419362117162,1.9259579711419137,-0.38966780820438496
0.01028968619345995,-0.004167223671841081,-0.007416168000930507,3.5444044358924636E-4,0.26851602216643466,0.7581697610718453,1.9157216207832393,-0.31558818305116265
0.010699461035795775,-0.0040928536701581465,-0.007253500130539161,8.166044369537893E-4,0.3152941338699211,1.0576257751686005,1.7582019634800177,-0.6303684639526842
0.01093804373071923,-0.00409797492388722,-0.007169517994956965,0.0010810047087583255,0.3432323749819412,1.2328343010752694,1.6748681593638584,-0.8010038468544706
0.010823794371708046,-0.004078647008531882,-0.007197949163897595,9.494742848448354E-4,0.3273938750853162,1.1427792947374984,1.706268418876293,-0.7180811234711667
0.011368369191203804,-0.003998664553882358,-0.006873045807637901,0.0014621271840355042,0.35789716426636126,1.4464443808526395,1.430924607871512,-1.042086899076418
0.011252479297796363,-0.004024450868772804,-0.006957289565919175,0.0013669074512650244,0.3561870117508397,1.3952382934773342,1.4982376785274394,-0.9835496563177549
0.011141037154034587,-0.00407938222815459,-0.007059949666571949,0.001284857641680946,0.35829403004598886,1.3575551912041075,1.5783151621793705,-0.9301747560772166
0.0110379427140982,-0.0040180787155736555,-0.0070576550555113025,0.0011506915780550332,0.33744007576825874,1.2593289171026052,1.5875225135133009,-0.8506151506957039
0.010568769548543942,-0.004099401690905577,-0.00729735924561021,6.702190519304671E-4,0.29948853035845513,0.9600822204752679,1.8022450235055705,-0.5331346722344041
0.010475810897905304,-0.0040691752124523885,-0.007292030469986927,5.563438750192952E-4,0.2813527381584878,0.8744517863681016,1.8068977465193892,-0.458549667504372
0.010000959690284281,-0.004209684480441619,-0.007476395589577909,2.731050541011939E-6,0.22507601644042471,0.5203692951374906,1.9866854939290586,-0.0711808239458335
0.009830273737835423,-0.004278158325322907,-0.007535838252799123,-2.149861721123069E-4,0.20119947953123862,0.38433205147629984,2.0463559134827434,0.08259594810673014
0.009927760543845802,-0.004236372387634873,-0.007500895285330717,-8.918964618710293E-5,0.2152601132830998,0.4622330329770499,2.0116261710120895,-0.006285774569980955
0.009757080262834167,-0.004203120022130845,-0.007455041924702284,-2.987359382291389E-4,0.18098734509497327,0.3008727289575199,1.9912965079975185,0.1393204543758496
0.009618530743458698,0.004290026452234911,-0.0075179986902927905,4.848607696982991E-4,0.1624067346622757,0.19258272678652036,-2.050421598892308,0.27206993893782583
0.01027081883088211,0.004103604739733861,-0.007358800672694004,-3.2360373844149935E-4,0.2562070709106438,0.7199287452970343,-1.874732664091877,-0.29793273183067276
0.010180129195235952,0.004068899261253093,-0.007335960872505519,-2.1337730128227438E-4,0.23689150537401435,0.6329997343326558,-1.8654580969779382,-0.22368878556866487
0.010066577066816594,0.004129394311429367,-0.007398733769917008,-8.184641725279017E-5,0.22664872850334467,0.5547033552471307,-1.9224287898050174,-0.12945329248933923
0.010102105247076918,0.004073632798410641,-0.007345272916965767,-1.219881200045293E-4,0.22617990843757366,0.5689481253998,-1.879047224181472,-0.16009836062568178
0.009696072278545652,0.0042563520566192194,-0.007498353520145933,3.816808008899086E-4,0.17397795757622128,0.25693494149426915,-2.0291840104251366,0.19871872936519844
0.009991967604917353,0.004159663864458066,-0.007428322275190069,8.139480346305442E-6,0.21781670634353237,0.4987074520822334,-1.9513382437426527,-0.06597302348965482
0.009894164608239263,0.004209425237943923,-0.007473137747874775,1.2988487898870762E-4,0.20583176041428258,0.42503120320567966,-1.9935581407470235,0.020908743244262857
0.009786511851350455,0.00422830429089864,-0.007482780123735877,2.6519139384549296E-4,0.18834767768483818,0.33292272533782546,-2.009885955782497,0.11616586638566669
0.011177970652876582,0.004055348575681589,-0.007021377236084091,-0.0013098010512754765,0.35700738830448403,1.3676203689061455,-1.5488852635469128,-0.9470178505735177
0.010416746597690976,0.0040882278168689785,-0.007321513755343967,-4.92183090886009E-4,0.27606759453213064,0.8345272399221866,-1.833924205840568,-0.4140709897786849
0.010508785620019034,0.004130790239737675,-0.007341074888285952,-6.085243061432591E-4,0.2963206276758537,0.9251307376899597,-1.8399323583075502,-0.4895005995015383
0.010604915718625556,0.0040801958607802535,-0.007270195391027218,-7.061712032000908E-4,0.3008942488275644,0.9798167352954267,-1.7793315923499389,-0.5582816398150602
0.01085112999920668,0.004079080805637768,-0.0071880171180094396,-9.793340603272535E-4,0.33065125144867435,1.1621672575846362,-1.6964765009454248,-0.7376734444340359
0.010976475010990241,0.004080841928250654,-0.007138237972673509,-0.0011147328133743579,0.343862251722616,1.2501948613009954,-1.649071201138829,-0.8233297055735139
0.011071232818691261,0.003994699149025538,-0.007023081278142814,-0.001173688564224021,0.33622650519178127,1.2688209339096577,-1.5607309264358318,-0.8665077725086107
0.010712373638538046,0.004045529304220914,-0.007207157382877896,-8.15767457712264E-4,0.3082129757067826,1.0457016059111341,-1.7236866910526503,-0.632987269362051
0.010807008825104278,0.003968773245704001,-0.007108805253715346,-8.917843901551572E-4,0.3062498523947789,1.0797280424443172,-1.644954803656787,-0.6872045226451212
0.010323962091181716,0.0040407893671897885,-0.0072937466074074,-3.769621964459944E-4,0.25517742476348054,0.7418547604726592,-1.8215354089143012,-0.33781786485313386
0.01039021414629045,0.003995617795072497,-0.007242454434075824,-4.4495828315486334E-4,0.25816317701113906,0.779226119449364,-1.777703254825213,-0.38684127378488636
0.007841277378966519,-0.00522627520003246,-0.007252474019302192,-0.003270772483454323,-0.11253235453088163,-1.4398461909787765,1.9535572142796342,2.194074229698377
0.007765670623258798,-0.0052334870621005836,-0.007169248667080845,-0.003349995236678338,-0.11079746233494021,-1.4971051917844658,1.8888817731363463,2.246549801598237
0.007800619227352393,-0.0052261428086034034,-0.007204260389930761,-0.003309041609738238,-0.11151199255716791,-1.4695948898209987,1.9161281988758858,2.219267506801329
0.0077303136167338775,-0.005240387062204803,-0.007132813626780026,-0.0033901094022416992,-0.10989422182729887,-1.5241619115171796,1.8603687523489805,2.2729590322395548
0.007740943093171043,-0.005201428091549012,-0.007110806472806903,-0.003333830640633227,-0.10668986029607812,-1.5024284925502922,1.8429531259604104,2.232875630897912
0.007849906399461226,-0.005178735385582509,-0.007218059568608004,-0.0032071399333564996,-0.10799249277209476,-1.4178350920029013,1.9258341142503645,2.1489149869830104
0.007860853335627064,-0.005138702155198395,-0.00719363627828002,-0.0031509864928259148,-0.10385050271060071,-1.397175156071019,1.9061085690207513,2.109863683145455
0.007882934777684092,-0.005109160392639769,-0.0071914199832147875,-0.003096805573575742,-0.10114063133171744,-1.3719719025469745,1.9038150215242466,2.0727958334517678
0.007889451128496976,-0.005071296809564652,-0.007164203793082857,-0.0030487291749274983,-0.09726988538120973,-1.3557218514588225,1.8821561585016908,2.0395660435390135
0.007932050593535385,-0.0050620897879396195,-0.007202245718589169,-0.002997936297904354,-0.09632916331853932,-1.3222870382395222,1.9106452284115376,2.0057596777912994
0.007693092142349079,-0.0052483991817368555,-0.00709457172034994,-0.0034324976665251286,-0.10866452657019364,-1.5522372254422352,1.8303201368160982,2.300569373801728
0.00755244811661346,-0.005318018773960699,-0.006977842384881904,-0.003636035203966027,-0.1049143948766792,-1.6692378526960643,1.7372499461682158,2.434647109736265
0.0075858643782780654,-0.005294966764786784,-0.007001133402684612,-0.003580064678930219,-0.10579669242800742,-1.6390954469109593,1.7562154337930458,2.397269345258295
0.007615572112938131,-0.00527292835930741,-0.007019846287903608,-0.0035281798838369244,-0.10613604131340726,-1.611508470285134,1.7713564311194363,2.36237111639716
0.007651673504997219,-0.00525624087758868,-0.007050437390777912,-0.0034774504318992867,-0.10714221221372826,-1.5821075281318047,1.7956088073885452,2.329216597582787
0.007557824641113534,-0.005277158255272465,-0.006950670109076419,-0.0035796931031072065,-0.10236375099075831,-1.6477214203347779,1.7167639644300454,2.3929382750302826
0.007991941495460276,-0.005011319503007938,-0.007219291981394747,-0.002885346107131565,-0.09057467442841612,-1.2639833968583882,1.922063786182658,1.9296286946814278
0.007950802576271163,-0.005024534736798627,-0.007188061353810456,-0.002939527605539706,-0.09233165456344203,-1.2977489669215683,1.8991067154129275,1.9658175608439372
0.008213481825680307,-0.004826261455540925,-0.00726451123533011,-0.002478706960588072,-0.06349184758618513,-1.0526584861892039,1.948275003039243,1.6558450934617637
0.008168311902395822,-0.004846542466500303,-0.007241673631209061,-0.002544356613550334,-0.06769434461480378,-1.091620550061332,1.9326536653984665,1.7001847994308334
0.008014802023145876,-0.004960516199485478,-0.007196355282228802,-0.0028104021049063957,-0.08500124877946293,-1.2337110983992945,1.9035314437660806,1.8789970519597297
0.008098285502384632,-0.004900816628366169,-0.007224923373300932,-0.0026675233901315427,-0.07663100190784598,-1.1567430815691209,1.922569796758584,1.7828405118211432
0.008044643303921295,-0.004907852704257987,-0.007178654358275318,-0.002728037200545699,-0.0792278318725796,-1.1984063007240195,1.8888420208041328,1.823662177491279
0.008119048212070438,-0.004839358324680133,-0.007188913851993459,-0.0025877044611234867,-0.06963770581239238,-1.1274548048980246,1.8939867095917327,1.7300349807331514
0.0064376689364236215,-0.006384822061887757,-0.00583033117452298,-0.0057450621633111,0.14498180622845538,-2.6053566947543865,0.5760497169234561,3.6906843747418066
0.00641733728399834,-0.006389168463634071,-0.005795203793834642,-0.0057499647981489104,0.14829466265802452,-2.599847855635893,0.5485083300598596,3.6760855645467454
0.006401571640972738,-0.006398213890196878,-0.005768943245413734,-0.0057635570284982,0.15238625616245216,-2.5999045980952524,0.5251893197720657,3.6730445213967293
0.00637533831402742,-0.0064192037124778745,-0.005725925663511654,-0.005796110773376576,0.16070229537533023,-2.6040994789899603,0.48410144014875794,3.6760242447312677
0.006388047951447776,-0.00640862354564296,-0.005746756891250127,-0.00577969907820895,0.156601791928104,-2.6018499419871866,0.5041892631648722,3.6741189880342806
0.006309221986452701,-0.006489375377792601,-0.005617066109178433,-0.005905499663046276,0.18629438696603987,-2.6238767647673344,0.37184022152770596,3.7030100912201704
0.006363194529088234,-0.00643030111879328,-0.00570604880522206,-0.005813384312474522,0.16491303256979975,-2.6068296840112866,0.4644661162090616,3.679035997464149
0.006319723842932602,-0.006477580005211135,-0.005634602620200171,-0.005887277110485943,0.18203788362627457,-2.6206961592016254,0.39016280810463755,3.6984218123611896
0.006351661754295499,-0.006441836632070451,-0.005687179803185143,-0.005831404386755736,0.16918171469813859,-2.6100104554968273,0.44533466380696013,3.6830987078958266
0.006330172576155296,-0.006465585738192205,-0.005651902926257991,-0.005868583898159318,0.17776039762237483,-2.6171493557167147,0.40844220803954995,3.6932234078817534
0.0063407100962178,-0.006453661118057975,-0.005669237103448309,-0.005849920987297524,0.1734723850381059,-2.6135240958877515,0.42670419837583157,3.687977793805445
0.0062969423199323,-0.006499894479213737,-0.005596220849682223,-0.005920931714318143,0.19027374321962046,-2.6248789837954973,0.35202003309555957,3.7033223533876662
0.0062946002088025785,-0.006483937358946691,-0.005591178732935505,-0.005892518657821871,0.18592351765452908,-2.6114999398659524,0.35760501588464716,3.677657138310039
0.006126787504361398,-0.00669178891134976,-0.005294041028192549,-0.006198813797422106,0.2579277139314394,-2.647539509954866,0.046198791596496286,3.737630338668204
0.006116905019566657,-0.00670466664885783,-0.005275375923080084,-0.006216931061091633,0.26227693677156166,-2.648392936066202,0.026844095898341247,3.7396387685530033
0.006105825614100804,-0.0067186969400758485,-0.0052543546777549036,-0.006236398174704417,0.2670183300159689,-2.6488593680510477,0.005412410839343137,3.7410457370887364
0.0061778205683052185,-0.006598899575642125,-0.0053897947243293125,-0.006057771638755338,0.2269221495240843,-2.6218978477858603,0.16268559283909345,3.68770373252474
0.0061890601755225485,-0.006586235142696301,-0.005409684499035156,-0.0060397182074296155,0.22256825108448494,-2.6206860549217805,0.1825163226015443,3.6858466740613314
0.006281194367012278,-0.006508789721622852,-0.005569157238577462,-0.005932485561069242,0.19399336008879017,-2.6224232451360003,0.329075091621515,3.696755232363138
0.00623796289255549,-0.006540809804990701,-0.005494833740101943,-0.005976338885200731,0.20632261754133796,-2.619913463255514,0.2626699013458213,3.6876421121807277
0.006264671294855924,-0.006517987371407333,-0.005540733986905776,-0.0059441591225723725,0.19784855729004538,-2.6194985223973117,0.30530127529203005,3.6893768607510036
0.0062502172178498855,-0.0065290274760536745,-0.005515917712975041,-0.005959384811257531,0.20203414245888562,-2.6188913509956677,0.282969206369017,3.6867870477117783
0.006201103569244657,-0.006574064345542258,-0.005430820876988932,-0.006022635170935104,0.21830365290073458,-2.620125991268692,0.2028440993474152,3.6854056796319585
0.0062136224891298775,-0.00656280906240292,-0.005452652500215806,-0.00600712877801103,0.21425214120139227,-2.620294090943752,0.22311191948412504,3.6865125573385966
0.006225909674204926,-0.006552932259405407,-0.005473987171535613,-0.005993785612479908,0.2106302781137018,-2.621081824112471,0.2423332250250975,3.6889065426393404
0.006157762855488244,-0.006593115735181401,-0.005355716331012987,-0.006041049973576748,0.22595021750226915,-2.604544513901463,0.14610835536792835,3.653468529803375
0.006118667604494827,-0.006674266135201283,-0.005282115977254775,-0.00616539291806199,0.25232159114011715,-2.6302769301033315,0.051373394847489366,3.7035054449937097
0.0061564728193053255,-0.006623811876578927,-0.005351613083295098,-0.0060931511407005265,0.2354174086149877,-2.6241772900595737,0.12431562396429165,3.69151807381779
0.006127533878927828,-0.00666199582579683,-0.005298639457407589,-0.006147855067831544,0.24824353745946479,-2.6288291901992094,0.0688948709279627,3.70050692640133
0.006136493852500837,-0.006649254027702715,-0.00531524879823169,-0.0061294472162289,0.2439816228178496,-2.6269707212400983,0.08676956293705253,3.6967960644372915
0.006146102294026003,-0.006636370853391583,-0.005332853725037326,-0.006110938175694593,0.23966327717950944,-2.6252966600747487,0.10530352622708683,3.6935555325997105
0.006147320021538543,-0.006605393195706719,-0.005337185215102403,-0.006058386063745521,0.23002950954750825,-2.6056583172767582,0.12758185492023255,3.6553540536989737
0.006438198512631488,-0.006364949197360924,-0.0058275791046067124,-0.005710078540246553,0.13967514094324787,-2.5892840980801526,0.583841504383687,3.6607095804065124
0.0064420855237884,-0.006349494510451685,-0.005831423722367217,-0.005683406394085309,0.13516409396035206,-2.5783171884919143,0.594016504387374,3.64108552736901
0.006437090342266078,-0.006332360752337589,-0.005819315225994549,-0.005652986133574852,0.13162532436259056,-2.562373319502066,0.593131242532332,3.6103174690980677
0.006437190265731184,-0.006307149189185617,-0.0058143609618037185,-0.005609360635211017,0.12553882081390474,-2.5422103564984817,0.6011924524905653,3.572982702575033
0.006458767995548834,-0.006253991677620311,-0.005839571001894583,-0.005519815468233134,0.11076285156133767,-2.5081154547744537,0.6428542028283258,3.5149333811272365
0.006445653448475039,-0.006265338274227695,-0.005819842319181903,-0.005538367021966824,0.11478279945890824,-2.512370699198941,0.6237200562209609,3.5198153182465926
0.0064339622454714805,-0.006281548088854072,-0.005803444939938259,-0.005565184817844048,0.12001813418056975,-2.520733674563311,0.6048868269801672,3.532673061511783
0.006466875190863849,-0.006232091044714373,-0.005848072754014361,-0.005482979107445461,0.10490844451482648,-2.493582462490402,0.6582890831931244,3.490117218568528
0.006493333890143435,-0.006212714218117281,-0.005887963518887921,-0.005450901505107962,0.09755554346095541,-2.486814150903388,0.695276044186726,3.483960117262718
0.006514290564722281,-0.006188262481984458,-0.0059167046237685325,-0.005409680255027144,0.08978816416779728,-2.473687223957081,0.7261897770186497,3.465185032543188
0.006536497734595068,-0.006168397985484551,-0.00594838948940615,-0.005375865274843535,0.08270191514909743,-2.4639716631684294,0.7574832996131909,3.453150941245117
0.0066075266004650204,-0.006108201181048969,-0.006048188196884692,-0.0052708296956410425,0.06155951395304206,-2.4320095421078562,0.8550849315890431,3.414617098396543
0.006580251010387338,-0.006126380063920259,-0.00600866354236904,-0.005303312571077383,0.06862108913307961,-2.4409588023477724,0.8185290020165251,3.4230621985009475
0.006558917136684333,-0.0061477645698022,-0.005979787859733375,-0.005340381899046966,0.07576508802250265,-2.4531266920724715,0.788908670353922,3.4393510127395897
0.006747088405995642,-0.006008533824929554,-0.006241201449022259,-0.005084715437072251,0.023894500720633458,-2.368766185305813,1.0385257709174447,3.3450209296010915
0.00673070231165584,-0.006023386641859775,-0.006220577420514148,-0.005112577010033994,0.028966410044894413,-2.379697440966655,1.0176465660393657,3.359207130278919
0.006710004903429104,-0.006030326745222857,-0.006189079728377446,-0.005127729152904538,0.033111692231756,-2.383708662513444,0.9903772523667572,3.3592255332340986
0.006623566315205727,-0.006087270297631865,-0.006067472788389987,-0.005234292729080666,0.05555945616272851,-2.4181819184335893,0.877111069608744,3.3941935154063683
0.006686541330355367,-0.006051748370787021,-0.006158944084294773,-0.005167181698588582,0.040252519235929436,-2.398599152925662,0.9599771798584334,3.3784831549811827
0.006658657462663947,-0.006060198278592059,-0.006115756128410303,-0.005185087028856569,0.04579073023387858,-2.401917289012992,0.923496128462877,3.375426900072966
0.006636686450817752,-0.006068011666045779,-0.006082146016082415,-0.005200750280375876,0.05024538738041064,-2.4049565279886296,0.8948952788151312,3.374086101219693
0.007498671341387857,-0.005362123811760913,-0.006944493287468692,-0.0037348511779607394,-0.10336717773153346,-1.7205596038162214,1.7093192800591483,2.501208680098525
0.007459845878277929,-0.0053727033047986615,-0.0069017610823797326,-0.0037776330466231275,-0.10050322598693182,-1.7468932810279014,1.6746255436195467,2.526981090576523
0.007510760902609401,-0.005319719674103277,-0.006925443546234586,-0.0036703436413887854,-0.10166858070148001,-1.693731531635278,1.695583061729242,2.453900227706187
0.007402202341639411,-0.005450230878513462,-0.0068860993356621705,-0.003923675043507268,-0.09816659008608586,-1.816855862859651,1.6580749168449798,2.6296340569102736
0.007363761429788734,-0.005457213453376729,-0.006838527676493569,-0.003959635073443797,-0.09429812572397976,-1.8395235788891835,1.6191301053927465,2.649112439828262
0.007324108935214893,-0.0054975231756087765,-0.006814295145256427,-0.004042127494338173,-0.09093594646374298,-1.8805009218216358,1.5966022756866625,2.7052458223214733
0.007336506163566641,-0.005470391077919885,-0.00681085309951118,-0.003996013964852358,-0.09156119042814523,-1.8595573505211476,1.5958248059386888,2.6713606274565143
0.007231910163364533,-0.0055468674053759,-0.006719670732598992,-0.004169263379024874,-0.07997625035475174,-1.948431825484017,1.5151353523306044,2.782285594019631
0.007263176584427632,-0.005533909580756553,-0.006755124911437304,-0.004132041061205729,-0.08392865553664076,-1.928104817667569,1.545245843442003,2.7612184578592247
0.007285227681447146,-0.005505201307442593,-0.006765161622359606,-0.004077603920218063,-0.08636862234677048,-1.9020245815797039,1.5559712746838612,2.723234119483057
0.007405683322640591,-0.005407493326256645,-0.006856906069316542,-0.00386290018951722,-0.09675496587042642,-1.7925525100960893,1.636916296835606,2.582327937758699
0.007415420653884589,-0.005367574167446905,-0.006838606629256959,-0.0038025417106842055,-0.09583504974173808,-1.7671246211992104,1.6246430008210886,2.537308624336163
0.006940510366069955,-0.0057937760157117145,-0.0064422755712993515,-0.004681776039035398,-0.0297314537617059,-2.193663272818657,1.252941183270211,3.0995727480869255
0.006909751635978892,-0.0058056903599380694,-0.00640072749070996,-0.004711498392842003,-0.023996354943168815,-2.2065590600270224,1.2168484782611955,3.110157165785019
0.0068844129107960145,-0.005823344334322058,-0.0063705796544345295,-0.0047478957355138246,-0.01839001602141123,-2.2223168071566786,1.1888706378677272,3.128718294740463
0.006945189527538979,-0.005760540601780047,-0.00643017692780139,-0.004628110072093632,-0.032589487604642926,-2.1689947761649027,1.2495099034852488,3.055727291073612
0.00699944463955275,-0.005759856035468056,-0.006514201891121558,-0.004605685469934458,-0.04127344200031496,-2.1587603796670827,1.3180562240030032,3.0614504793104085
0.006972616467137811,-0.005751895418248728,-0.006467619707759201,-0.0046041245488513466,-0.03742158580512152,-2.158189591293565,1.2814857710872194,3.0478524768680435
0.007057828371445248,-0.005731073921007964,-0.006586641178933964,-0.004535620912464705,-0.051973096668804945,-2.125019956525034,1.3825465133809496,3.0266088234660447
0.007023375682303656,-0.0057358170663039144,-0.006536360202027941,-0.004558233294337914,-0.046408730403648964,-2.136627251578165,1.3403987468808547,3.0312939546284445
0.007178924866951004,-0.005653967095551655,-0.006718896505728108,-0.004357142678344629,-0.07271034421708901,-2.0354989074680714,1.5029931074384422,2.921242854775049
0.007152626664499162,-0.0056664253015082855,-0.0066880130669784215,-0.004390059813318869,-0.06865197732812424,-2.052809829891896,1.4758166206017875,2.939581648512153
0.007124241532609015,-0.005677671545779375,-0.006652758390898011,-0.0044217610085066006,-0.06400470889061455,-2.069537044541636,1.4450325527996808,2.9558869928613585
0.007094086698392538,-0.005685985726439286,-0.0066125133652933646,-0.004449337410795249,-0.05915610437986085,-2.0841919480436797,1.4105764008087267,2.967649552400868
0.007064435766575769,-0.005694021047497405,-0.00657263129128556,-0.004475642481588284,-0.054271953158928014,-2.097735466120652,1.3766884922685707,2.9781004536327917
0.007180548499432753,-0.0056210606204699426,-0.00669782268787483,-0.0043069953219766035,-0.07304941270256056,-2.0136592101639152,1.4893118862445167,2.879535479036687
0.007184629584832964,-0.005586423168218001,-0.006679283571624249,-0.004253631847219033,-0.07365125258260656,-1.9902977557473027,1.4780548597962733,2.836517280979209
0.007194564482067897,-0.00555162345339193,-0.006669168418146842,-0.004197488318411809,-0.07511295818960902,-1.9651574320715695,1.4738584425434118,2.7935122888319746
0.006746051941649751,-0.005981299272829496,-0.006226970542895078,-0.00503979361082273,0.020621243548629032,-2.347057273876039,1.0347851529825036,3.304681174959813
0.006747238345794739,-0.005948908230781206,-0.0062139867079785685,-0.004986502515940439,0.01630094123953704,-2.3218355717570454,1.0336161514545548,3.2589023679158644
0.006770745935187279,-0.005934268597477761,-0.006245337645228204,-0.004957482946791429,0.010773111335089404,-2.311106543622468,1.062241760512311,3.2476992789804444
0.006865788159859737,-0.0058852984318619565,-0.006374538712393212,-0.004852801730809544,-0.010125709288398059,-2.2704517092774292,1.1784221876651813,3.2100530504445604
0.006852923114813889,-0.005900428035465895,-0.006361790499915138,-0.00488112835485549,-0.006481612336100779,-2.2829355812976524,1.1645052079473412,3.2278772337189174
0.006838239239308175,-0.005905447226650059,-0.006340585856336606,-0.004893455299079189,-0.0037315000261933275,-2.287617913487023,1.146088738555707,3.23053842298577
0.006794621047893853,-0.005919962830912091,-0.006277152522633116,-0.004928537407150448,0.005428420635339797,-2.3001171020720186,1.0912191098441328,3.236409855097897
0.006816828734307775,-0.005906991301627227,-0.006306655901050811,-0.004901805387565757,4.4025130808572453E-4,-2.2896885333089414,1.1180721254226607,3.2257620906272018
0.006864478033114627,-0.005851107351789358,-0.006354013342407232,-0.004798304967398424,-0.012809463379228808,-2.2448092950869185,1.1693137732743197,3.1620390317738836
0.006857440377520983,-0.005817051676689861,-0.006324659704228004,-0.004746580031280354,-0.01478001868853585,-2.220071001013981,1.1536117434026605,3.1137268416511206
0.009235370789733346,0.004411219112197253,-0.00752688272808711,0.0010029400985728464,0.09573917145509567,-0.14374170868744868,-2.086557672766853,0.6372667391392249
0.009283306051124731,0.004374714412979241,-0.007508811265670359,9.293570436320438E-4,0.10341799927507762,-0.10307434956789803,-2.069343592367433,0.5857162241955326
0.00917921199024614,0.004405227216004244,-0.007498481944933928,0.0010704981789151395,0.08532631235029707,-0.19561480411009088,-2.0691058871756702,0.6851721522046259
0.00942409921347559,0.004332209772230105,-0.007512716611454179,7.39484791200791E-4,0.1281321448363845,0.020884888559982637,-2.061758207529225,0.45192851453938393
0.009343865812361171,0.004320309322390552,-0.007476437587274038,8.355662511713782E-4,0.11313552429805175,-0.05324483996794482,-2.0403336647089882,0.5195770690015714
0.00955359555055918,0.004249620967197469,-0.0074652289597063,5.574211784032267E-4,0.1474729600451403,0.12687355955700014,-2.015503932106249,0.322692528620802
0.0094822750986682,0.004265547016379524,-0.007463615101235493,6.490776579134641E-4,0.13554608004008442,0.06492109434542069,-2.0199830601466093,0.38752586562408364
0.009103169777739107,0.004371608699853025,-0.007433236260180802,0.0011489502166144446,0.07195338409945884,-0.26570538018160844,-2.025112568920028,0.7414506173637053
0.008536619284265802,0.004613468910850227,-0.007330659490875905,0.0019534164692263,-0.017744956051375823,-0.7612571601801564,-1.982562837063,1.2998852391273992
0.008593880270242875,0.004605410773774318,-0.007364198215303373,0.0018830959436736897,-0.010272573700027572,-0.7129109806038391,-2.0048957326241683,1.251234677212291
0.008459005491256232,0.00462022252624718,-0.007278910368680918,0.0020439909563480306,-0.026464605976144695,-0.825719037596466,-1.9472782812260172,1.3633910094965291
0.008499280104811921,0.004563191920472311,-0.007256727011068236,0.0019575903803423873,-0.01802067601758946,-0.7863638750747178,-1.9281933296884701,1.3056421425407443
0.008630396609791964,0.004563032236730673,-0.007349478473819831,0.0018122317506273865,-0.0033291885296384215,-0.6787945607941577,-1.991660643761053,1.203431798153613
0.008684544769970489,0.0045241544265038755,-0.007349014348985259,0.0017247517701591967,0.005598500318536812,-0.6305335187710993,-1.9881468502430824,1.1436524690471528
0.00874456609301532,0.004489918751249549,-0.007354991308553144,0.0016343833609869854,0.015065201724495839,-0.5778601293561296,-1.9890327410149078,1.0813997617124576
0.008799559282896956,0.004469836331714043,-0.007369413874525689,0.0015588680507850386,0.02324268809094698,-0.5301856294696146,-1.996604799939007,1.0288998154074915
0.009012793112100919,0.004342983481206854,-0.007364302674235863,0.0012427949340200561,0.057453165590147126,-0.3456844186600355,-1.9785581209811303,0.8090670839122878
0.008843387939426708,0.004411508994566271,-0.007339985077664985,0.0014746976406393108,0.031720158182740495,-0.49124697870302375,-1.9712890097738691,0.9716060860604232
0.008924393804495528,0.004374942817278827,-0.007349895757002568,0.0013615466184288439,0.04396435710672541,-0.42153823333447854,-1.973434458683829,0.8925375102094072
0.00832474040280812,0.0046294035161384955,-0.00718134069781613,0.002193535190457344,-0.03874220095831205,-0.9317771696773484,-1.8795625603153894,1.4665992376129056
0.008384311982859697,0.004582458586200533,-0.0071870028886278,0.002094344220387904,-0.03047897811870286,-0.8788318030629773,-1.881035058006266,1.399790698611701
0.007993533659426707,0.004794401856746939,-0.0070294622827754725,0.0026657024678650495,-0.06989395581845272,-1.2051676519179713,-1.776630682484219,1.7818909163729917
0.00805363851332846,0.004760720732397503,-0.007058175845028983,0.0025773227756587104,-0.06504681142352099,-1.1557409834762569,-1.7966849846778803,1.7236716080950385
0.008112721221035667,0.0047262626640892395,-0.007083310929406163,0.002488924331183273,-0.0602311507820539,-1.1062524873985404,-1.8136555466579545,1.6649540094615585
0.00820023848628455,0.00467964117245215,-0.007120798888567261,0.002361795279232128,-0.051821588756225764,-1.0335145713646103,-1.8389000405543903,1.5801146965648145
0.00816873113517651,0.004712450627774038,-0.007121737911628348,0.0024218823063673423,-0.055376781579448676,-1.0632621259873387,-1.840758584900114,1.620103462071214
0.00821158471981347,0.004634848947429289,-0.007091690631985991,0.002311997329930088,-0.04683797458172278,-1.0163276007142268,-1.8163640260853295,1.5474784731000737
0.008255188145176855,0.004599409452276051,-0.007097812965066866,0.002239156435686978,-0.041676795954723546,-0.9779739195935294,-1.8192372069597684,1.4988558186815395
0.007885694070409078,0.004824204356654941,-0.006947687619128611,0.0027923092085144863,-0.0745015115826916,-1.2838077920319364,-1.7174264198685019,1.8642859768971225
0.007931221205542148,0.004769508695693323,-0.006948089824226441,0.002697891106241938,-0.06924163438795383,-1.2390003456076004,-1.7172041178572803,1.8023140773318442
0.007000266241710621,0.005294572430726834,-0.0062407001987236895,0.003942059162282998,-0.05083540840372582,-1.8703796454568022,-1.175613763226773,2.536443538829058
0.006883334947744628,0.005330013433428815,-0.00610646278536123,0.004037641483260144,-0.03859561107453759,-1.909259362962395,-1.076078965300569,2.569204576719993
0.006936079247661382,0.005300259957880908,-0.006160040572545738,0.003977300214426,-0.04450260491366351,-1.8852476601806083,-1.1174300033375089,2.542709723984822
0.005794714138960446,0.006284527772820694,-0.004809471315672361,0.005459672459051367,0.16476296014604147,-2.226274222670765,-0.03538523092635745,2.9532010472128687
0.0061193020524360825,0.006020499502750131,-0.005265002625195092,0.005131621782792639,0.10117058450435122,-2.2309458202449792,-0.36928422175423087,2.9753763447160364
0.006164081777039907,0.005977362986760731,-0.005323634490307149,0.005071610022965386,0.09061122032922346,-2.2217064750328652,-0.4173220211764938,2.964124504429979
0.0058270788340233325,0.00624214050850269,-0.004856951165759829,0.005407043091089261,0.1549612115997547,-2.22278660979841,-0.07521845975083973,2.9471063339557637
0.005896087753992044,0.006202730408781542,-0.004955558222556473,0.005365050178351627,0.14602974473072108,-2.236308943633525,-0.13747654349689287,2.971697486676832
0.005929450386880666,0.006142278245662212,-0.005001994155592357,0.005284667347511117,0.13367038769261883,-2.2212819834484105,-0.18490631300256266,2.9471062369502685
0.006033170731998861,0.006084792581745933,-0.005147259600155275,0.005216596934036598,0.117602534151976,-2.2342882637135837,-0.2812168654273089,2.9746337393809883
0.006052322310378346,0.006017417146382393,-0.0051682672287772435,0.005121889689848902,0.1060495624290194,-2.205702248058619,-0.31764774067664175,2.9275440754970394
0.005960922924039747,0.006085485868225615,-0.005044028921695649,0.005208601229960995,0.12236613768702422,-2.2059534138827748,-0.22823688797298494,2.9222072210914813
0.006160372289103623,0.005914165385242553,-0.0053077968272191925,0.004980731390995848,0.08268472507834053,-2.1851952990672454,-0.42967874506371123,2.9020238019239852
0.005744594015593501,0.006315423855369218,-0.004736989528323638,0.005490709848102983,0.1716153294685268,-2.2145082562809297,0.00945604203875938,2.9332326745764195
0.006535530988723258,0.005633286368776155,-0.0057653392525680415,0.004552059878915904,0.014199315314519905,-2.094465936202558,-0.788512593030094,2.803882892944654
0.0066587285049970885,0.005580581364565096,-0.0059178778091426585,0.0044510956622606165,-0.004249802250423,-2.06862742516137,-0.9027529809309501,2.785863924533223
0.006583378340778506,0.005590182829076542,-0.005816268894720645,0.00448207545281214,0.005245945110366914,-2.0720670991383288,-0.8317264577441251,2.7753741837104147
0.0066914859953799855,0.005530547211456006,-0.005942243042110072,0.0043726774940062866,-0.010593721224272422,-2.0386348301864103,-0.9293695732808179,2.7422487759290815
0.006731079587455624,0.005487994030577351,-0.005978000870939972,0.004302565915100122,-0.01771414070284423,-2.012627529912358,-0.9617874669249808,2.707387580618631
0.006744244850849775,0.00542354220853638,-0.005966611933392628,0.004210985971095139,-0.021164789117845965,-1.9750570035526351,-0.9648738415874982,2.6460246435757
0.006786220675886521,0.005376809283365293,-0.006001018635642942,0.0041348339975739124,-0.027355550507208327,-1.9460041266926429,-0.9956164499845371,2.606866701385465
0.006791102666755008,0.005328961726233196,-0.005984930356219566,0.004070087868920264,-0.028377490134911414,-1.919278414928706,-0.992316654964371,2.562609068903369
0.006829786342070196,0.005306294749214444,-0.0060245588144529445,0.0040267428731937055,-0.033140353647468646,-1.903324737904874,-1.0223534405697288,2.545005548710505
0.0062545006980994754,0.005858640995618272,-0.005431505225735613,0.004901566571279977,0.06642888555282399,-2.179861211641444,-0.5192684432095337,2.9035234184525893
0.006183158977275157,0.005853035107779087,-0.005329142243745041,0.004894458038027515,0.07257283628445778,-2.158051008761325,-0.4613321819424346,2.8589013805434687
0.006295648886099022,0.0058004414168523815,-0.00547674589547124,0.004817074767434418,0.05563430987740229,-2.1561400657523873,-0.5635684419169645,2.8689466898432467
0.006342908352198209,0.005742809584130713,-0.005528838628665261,0.004732251654334475,0.0442379972230239,-2.132585108807142,-0.611213202238484,2.8361165204323817
0.006393138205750247,0.005710074362639204,-0.00559020020195602,0.004681285935421921,0.03637702537900707,-2.122577433637991,-0.6576925786772424,2.826610893000475
0.006473886443418954,0.005639126695682922,-0.005681057520629252,0.004570836819525463,0.021378836885786314,-2.092188867911286,-0.7323212591891508,2.788829145156218
0.006413411548706072,0.0056596344042535275,-0.005603465039255915,0.004608234860548861,0.02886792434086537,-2.0964271909334435,-0.6788269760874348,2.786082386466863
0.005675188255337977,0.006330457537885189,-0.004639304427819066,0.005493232755072496,0.17529306224850003,-2.1856761150360877,0.05522096075200371,2.884166231928685
0.007107918457116066,0.005243414931486988,-0.006350346334436917,0.0038242120260530586,-0.061164552220014705,-1.817922691581838,-1.2604479757756433,2.480252021979528
0.0071428489029596726,0.005166353094336189,-0.006347987821641288,0.0037085560768820524,-0.062394888330387754,-1.7692030736391107,-1.266087312842929,2.405827727582395
0.007193036544131478,0.005101551502642898,-0.006370322247540395,0.0036015422634315787,-0.06491418805261767,-1.722787239797201,-1.287352301555851,2.3410075064298543
0.007210087866214282,0.005037207530615138,-0.006351369727074997,0.003514502132223718,-0.0635406021636586,-1.6872824526602996,-1.2787466964642773,2.28378333654557
0.007329791230515037,0.00502319808430983,-0.0064844008488406804,0.0034278089844122814,-0.07117940507928329,-1.6401247887413157,-1.3746818946307284,2.245292227814122
0.007378833204282278,0.004967203491434431,-0.006504413491647301,0.0033318685250980883,-0.071580541035924,-1.5968304926589934,-1.3919762516092435,2.186462713014732
0.007255586183339211,0.004999034932332538,-0.006381612629232856,0.003443620226060823,-0.06566661868750434,-1.6553036247734363,-1.3026410326813098,2.24316837832671
0.007712213570655095,0.004836469060615253,-0.006778759399844077,0.00294949298911789,-0.07529435014904722,-1.3892752248110598,-1.5943519959560255,1.9612624827981888
0.007661237216552333,0.004866589022217793,-0.00674741973753899,0.0030211691221057944,-0.07566676260648643,-1.4271630233327446,-1.571224550660841,2.006199331008498
0.0075575872082779575,0.004892267220669597,-0.006653758755571281,0.003126217224959925,-0.07478636767664619,-1.488718783182544,-1.5026054148983234,2.068378321493252
0.007608764232258873,0.004859579656389776,-0.006685809081377135,0.003053231266281377,-0.0750349583551687,-1.4514317948670414,-1.5265076926239602,2.023694354477712
0.007786580934360544,0.004806651934977564,-0.0068329109533176585,0.0028586453790166414,-0.07334070927655122,-1.3378722792251143,-1.633753081058908,1.9046167550608983
0.007712229486306602,0.0047750227827239936,-0.006732430270818025,0.002885561816248354,-0.07005475349844212,-1.3683891862604496,-1.5611931370371814,1.9184625758605887
0.0074267626520087195,0.00490875362445754,-0.006519779980609382,0.003234480192278274,-0.07083258984120334,-1.5530269928306506,-1.4057092998589071,2.1262633384474943
0.007484540882984698,0.004855526157919292,-0.006547837173599475,0.0031369338851638495,-0.07033294846379594,-1.5072221960819185,-1.4277192861674495,2.0669582177686032
0.00702784026680171,0.005231752971818733,-0.006240925342839752,0.003848274786490838,-0.05302277839335658,-1.8313014380405093,-1.1829359251673897,2.476585929685159
0.005576652917408875,0.00645352941707628,-0.004488092724598914,0.005632400563634526,0.19820933314102115,-2.179313350262432,0.16986916031175459,2.8788933957019256
0.005566164495758723,0.006508120450701047,-0.004464098414166878,0.00570345290445299,0.20816834469277515,-2.1922311592865906,0.20615822983544538,2.9036189101396714
0.00555716663051559,0.006575419396720902,-0.004438016255117257,0.0057926426665575745,0.22160580948636888,-2.209224382055753,0.25144035626283984,2.937040628932842
0.00559828110910525,0.006356623014443681,-0.0045315252009822645,0.0055074280189994695,0.18021196846056634,-2.1565811846318077,0.10688130021872931,2.836053432250384
0.0055488271415257626,0.00640125147411039,-0.00445873201761333,0.005552847576938348,0.18840834993269306,-2.1466608239393232,0.15333440322658845,2.821342622117211
0.005486729734481333,0.0066038889131077375,-0.004335269735151218,0.005804181683959888,0.22490454666627116,-2.1762836857638916,0.2978675739607159,2.8839730167435262
0.0053179385459169,0.006745994079523978,-0.004070970716686151,0.0059212212941708075,0.24319534394482592,-2.110928892893574,0.44503146351442197,2.7896367145016865
0.00536561171676742,0.006697838340905777,-0.004148349113727676,0.005879269349490484,0.23706364157163376,-2.128927564754901,0.39984747207731614,2.814312547101974
0.00542396150318781,0.006644317867361253,-0.004240715587052964,0.005833101059563736,0.23010340702239454,-2.150422368430054,0.3463667997935593,2.844552963270063
-0.007185324378471422,-0.005814979721930896,0.006847476482304513,-0.004605087415397068,-0.07031036794593674,-2.144340293917963,-1.5927084265076348,3.1417670998378053
-0.0071717939389182245,-0.005823858624886749,0.006832222128671837,-0.00462673251035921,-0.06755384950867054,-2.156021926949314,-1.5781323381225205,3.1558177535196186
-0.00722534720541554,-0.005789617912354241,0.006892445447875639,-0.004541899840409528,-0.07812194494239076,-2.1097231503128646,-1.6353219798307919,3.1005200549966765
-0.00721221096478617,-0.005797983806275288,0.006877855334112874,-0.0045628088490159155,-0.07560863542679717,-2.1212317456286134,-1.621522546548711,3.1142858822286494
-0.007198874855994763,-0.0058064166889090696,0.006862858421058272,-0.004583837453930588,-0.07298699404817811,-2.1327550356038483,-1.6073169069984268,3.1280050315094283
-0.007238309914200994,-0.0057810218230184415,0.006906442220668207,-0.004520626302744355,-0.08058299021618744,-2.098023006224917,-1.6485788101311296,3.0862912896256938
-0.007251316686406305,-0.005772330337683192,0.0069202957255672095,-0.004499084401156636,-0.08299528610387101,-2.0861417504807656,-1.6616725610551708,3.07177945822156
-0.00726451010762998,-0.005763774682918481,0.0069344136407082585,-0.004477556743267136,-0.08538155210032121,-2.0741717428588378,-1.6749377503312066,3.057289315629324
-0.007277709280204149,-0.005755220832650706,0.006948400823108061,-0.004455937760044278,-0.08772042680923292,-2.062100548029168,-1.6880444824816028,3.0426566774458235
-0.007386247576080501,-0.005704456238171771,0.007074967938498158,-0.004304848043531684,-0.10479333840228945,-1.9717865376686083,-1.8024810598850165,2.9440118587328694
-0.007399809829581694,-0.005696292954162328,0.007088661336998938,-0.004282660719100746,-0.10678719905262866,-1.9588195536803708,-1.8149134672716436,2.928449304229144
-0.007454161085939055,-0.0056640940124169,0.007142539441716319,-0.004193631847136761,-0.11394986148244084,-1.9063329944184895,-1.8633197037511502,2.865552475836147
-0.0074405980575645994,-0.005672121898492795,0.007129305219523274,-0.004215970044775989,-0.11228318431536599,-1.9195450415809423,-1.8515089230011597,2.8814121267803205
-0.007427007634505093,-0.005680140711732022,0.007115877059357839,-0.004238227759697451,-0.11053233827697419,-1.9326922456481872,-1.8394702616407443,2.8971579391218825
-0.007413407870179207,-0.005688196884938,0.007102322889804319,-0.004260459860521857,-0.10869496323609494,-1.9457855548288994,-1.8272665014177656,2.9128373522473274
-0.007358350604283786,-0.005704406367704147,0.007032002439604164,-0.004324179915133196,-0.10083249197200002,-1.987341481342119,-1.7653107569968614,2.9524166206835734
-0.007371765821229282,-0.005695934464424093,0.007045388543967426,-0.004301919259008653,-0.10281259157102506,-1.974584121657651,-1.7775316079841057,2.9369269782708383
-0.007290877708859426,-0.005746406703799902,0.00696198532033962,-0.004433838799016448,-0.09001082933161487,-2.0497782405382243,-1.7007736123810309,3.0275304430151624
-0.0073043094470169505,-0.005737559520283812,0.006975809561157385,-0.004411434690538965,-0.09227049080983259,-2.037221310774616,-1.7136613283446593,3.012178702564473
-0.007331758669375913,-0.005721262332452288,0.007005090183871708,-0.004368146351931307,-0.09670942738889667,-2.0124334169245017,-1.7405970700209024,2.982853394315821
-0.0073180814265724654,-0.00572927313872846,0.0069904807159743565,-0.004389595148507452,-0.09452746372983921,-2.0247699444039338,-1.7271876541005395,2.997393978957294
-0.007343837334868385,-0.0056960791539485784,0.007002648239434492,-0.004321200257721738,-0.09828793048320607,-1.9899496766073874,-1.7402551452014763,2.945435245377737
-0.0073310285773683335,-0.005704802754602174,0.006990222568592843,-0.0043431550916244255,-0.0963486800536742,-2.0022399444578336,-1.728807141856014,2.960666584732762
-0.007107221732811489,-0.005869035654853118,0.006759401149580479,-0.004733163111298764,-0.05350768379891462,-2.212234664444257,-1.5074733012324637,3.2247238682164805
-0.007133197246668259,-0.0058518121488872685,0.006789806151314782,-0.004692195452589615,-0.059240413489198625,-2.1906728023963393,-1.5368636968607763,3.198928173479242
-0.0071203355537740355,-0.005860527408629731,0.00677495201044954,-0.004712840086117839,-0.05642581360027188,-2.201556671601551,-1.5224730942617304,3.212077944100629
-0.00713139764071589,-0.005835553872576231,0.006775116114330977,-0.004666515402114479,-0.05967596369839102,-2.1790902945417465,-1.5264018847192309,3.174612997869112
-0.007143391459047789,-0.005825688310971584,0.0067874701337983035,-0.00464444758821914,-0.06228341860860007,-2.1676695107673853,-1.5386417820149745,3.159784990406386
-0.007156171199062029,-0.005815610961028387,0.006800797337291219,-0.004621566474510606,-0.06499158505713244,-2.1557423597349548,-1.5517005463197362,3.144509066058593
-0.007092297325532353,-0.005860202145595701,0.006728630102242325,-0.004725629308058345,-0.051293556969666136,-2.210028937258975,-1.4819462418051923,3.21082286931631
-0.007078123736225469,-0.005868705849444284,0.006711208878769275,-0.004746106901525411,-0.04818488403776567,-2.2206159804813264,-1.4653588419353551,3.222886971731968
-0.0069511828218164805,-0.0059633468186760935,0.006560293895209671,-0.004954536548462485,-0.01682465236503941,-2.3229632952198043,-1.3157759039510022,3.3492764838480475
-0.0069375233276845185,-0.005972464059214526,0.006542610360507488,-0.004974549159294606,-0.01332121431273823,-2.332311234305934,-1.2984884576846252,3.3600793465927574
-0.006977339043264545,-0.005945856515481322,0.006593761764139407,-0.004915797597127379,-0.023428735169104164,-2.3045497111374096,-1.3485362366226672,3.3278683727409155
-0.0069644034112870115,-0.005954037127615453,0.006576986239286444,-0.004934224039684679,-0.020223217966729327,-2.3133420904331987,-1.3322737914738354,3.3378175332903512
-0.006976888992000833,-0.005930803730625746,0.0065836714450287605,-0.004890683036072928,-0.024759029755147287,-2.2924635697877576,-1.3431247567598998,3.304386242526273
-0.006986128702761484,-0.005920528415442634,0.006592719597441974,-0.0048700855695787216,-0.027420346933165057,-2.282599107668038,-1.3530620061137997,3.2903880782098924
-0.006997233039681778,-0.005909304429305653,0.006604153490733439,-0.004847170303019261,-0.030409086017841893,-2.2715766661205574,-1.3651919713769207,3.2751996902678733
-0.00700929828368213,-0.0058988898844052505,0.006617550255043969,-0.004825168829481723,-0.033472861687298454,-2.260919623108718,-1.3787896624824436,3.2612809653837105
-0.007021834716871685,-0.005889195082126292,0.0066320469568709834,-0.004804090579548929,-0.036516898836819876,-2.2506229352884684,-1.393148002510035,3.24837283864696
-0.007034647599249904,-0.005879786509342167,0.006647047760150348,-0.00478328004113155,-0.03953881009242849,-2.240369793036493,-1.407851603842701,3.235766370535174
-0.007047679868589022,-0.005870161305006653,0.006662127294181514,-0.004761921999315577,-0.042584095336492316,-2.2297786779056135,-1.4226195864275804,3.2226891173377594
-0.007061225240230517,-0.005860015946360699,0.0066775527752561195,-0.004739389398545677,-0.045687722015424335,-2.2185347968919693,-1.4377392374322338,3.208705666222024
-0.006873523152311896,-0.006021318467119333,0.006461327602768197,-0.00507703565905477,0.004244539914578376,-2.3789938709860787,-1.2168468677781716,3.4172983446473952
-0.006843453137039781,-0.006023715749616187,0.006411176914184664,-0.005088964978458858,0.009911360938027301,-2.3823073232308634,-1.1737952623243213,3.4096416261780047
-0.006856398546294374,-0.006013502330019222,0.006427842587844915,-0.005068238489650537,0.006258824815794767,-2.3733212781537496,-1.1905694906579474,3.3985610038721217
-0.006900768412610567,-0.006003323034998682,0.006497939169323869,-0.0050385330079108955,-0.0029954457381236033,-2.3619157044290975,-1.2527022481302448,3.3980386457891743
-0.006886929168502203,-0.006011439861274576,0.00647883675239628,-0.0050564063523978455,5.088182898123295E-4,-2.36982491131089,-1.2343314963294107,3.4063186074809573
-0.006900216634135069,-0.005988067082149459,0.006488359652955511,-0.00501271753049538,-0.00475043539140931,-2.3492789375885628,-1.2483824781163448,3.373726580082041
-0.006909437151557356,-0.005977813045245027,0.006498151765831343,-0.0049925446079725246,-0.0076282257477105556,-2.3399530383871117,-1.2592173881469486,3.360502955915108
-0.006920780035624352,-0.005965111551632628,0.006509988984424821,-0.004967539491104411,-0.011106415031075666,-2.328336514852618,-1.272331063549654,3.3440029383861156
-0.0066249322186579624,-0.006208176693134644,0.0061134732641304765,-0.005441278075668413,0.07805989695412419,-2.5183356931110787,-0.8694961527485284,3.5793901252650993
-0.006595778927695877,-0.006214197256823033,0.006064553299631909,-0.005452937863770061,0.08369220910410242,-2.516647572828981,-0.8285995896844058,3.567033556358897
-0.006607122072911088,-0.006202571491157975,0.006080422041166968,-0.005432277687132186,0.07958347818005025,-2.5095342091241375,-0.845534337730823,3.5573503454690836
-0.00657662346701756,-0.006208046725479541,0.0060292818016331245,-0.005442762516058638,0.08513923291187699,-2.5066629594054493,-0.8036723704950767,3.542805741776142
-0.006638682027089665,-0.00619537493972179,0.006132993498487956,-0.005418099576957987,0.07328568829618158,-2.5103200326779818,-0.8898776633373726,3.568999625703598
-0.0066560435975215985,-0.00616108322571531,0.006150512208701331,-0.005357065067353825,0.06385590989839546,-2.4844631146431895,-0.9164568559079017,3.5267915851837945
-0.0066458694708079235,-0.00617538688913254,0.0061382081188086175,-0.0053827296066829055,0.0683001975276788,-2.494714075153047,-0.9014692113380619,3.5423994409082975
-0.006691949651088665,-0.0061321196809781525,0.006201279762082071,-0.005303236250903731,0.052820366803327766,-2.465566754594464,-0.9673959910529509,3.504231633136175
-0.006666442658545925,-0.00614787375277726,0.006163444696148271,-0.005333231208223345,0.05978354782207319,-2.4750518948084994,-0.9315187004260573,3.512876196188268
-0.006674554924306743,-0.006132252444131021,0.00617130672884635,-0.005305430689653986,0.05555167789976594,-2.46315775133367,-0.9432779232648789,3.493612211258664
-0.006138706261909777,-0.006641793554665702,0.005319714553649348,-0.006117491168576294,0.24148404821938452,-2.623638655636729,-0.09424909823637619,3.6902738351646396
-0.006149312960348648,-0.006625726507201998,0.005339182439649388,-0.0060938547466923365,0.23611986029938342,-2.6204599824108876,-0.11586322692235843,3.68417761023544
-0.006147507597808785,-0.006608708922698071,0.00533728425254166,-0.006064107733760168,0.23113830521650686,-2.6079734787607833,-0.12559068686321087,3.659878248913832
-0.006159198097212689,-0.0065926911706778715,0.0053581925295194816,-0.006040808676747669,0.22573593641268522,-2.605223399489893,-0.14784956978988217,3.654853603724188
-0.006173869368549033,-0.006574415995227667,0.0053840649052645405,-0.006014472730845338,0.21964672643214164,-2.6026146112660666,-0.17441246278208497,3.650388636837278
-0.006205082893101521,-0.006544548095361902,0.00543815746814033,-0.0059731009902852,0.2092846626575083,-2.6020628698945916,-0.22511676329718736,3.651080356898446
-0.006189458649501742,-0.006557920658375127,0.005411198390450975,-0.005991233522949043,0.21405942223542018,-2.60142739102319,-0.20070525921991847,3.648895920522832
-0.006241860904191995,-0.006509015181538057,0.0055010234736032415,-0.005922528097922202,0.19686424236561725,-2.5993552629768026,-0.2850552136494812,3.648888371635756
-0.006204181931141648,-0.006521653069133099,0.005436696379802631,-0.0059337158563275445,0.20268191554893458,-2.5855797442494093,-0.23768746408387398,3.6196459537087695
-0.006218419056993769,-0.006506921405813758,0.005460830582951237,-0.0059125855445894765,0.1977381885391905,-2.5838966231459346,-0.2609895480783482,3.6175725132819414
-0.006253887010981354,-0.006487130076687674,0.005520971117025808,-0.005888044805312853,0.18979454066548748,-2.590618587332919,-0.31011118596858994,3.6335536188296786
-0.006288272854361812,-0.006445623586235516,0.005577585916320704,-0.005824853632776266,0.17568887020964505,-2.5794191524078998,-0.36947936564332967,3.6164582441737347
-0.0062672814857226145,-0.006466687904062136,0.0055429621667964024,-0.005856236576200276,0.18304188952424327,-2.5833429910765666,-0.3355874536998967,3.6213026167806306
-0.006371639256692952,-0.006416801491962618,0.005719125072653369,-0.005791262368458423,0.16050713944076492,-2.600374843704007,-0.4805135130458074,3.6683953304145156
-0.006544584642638092,-0.006220827272474679,0.005977860770178193,-0.00546522847405451,0.09224255179661077,-2.5085798541534423,-0.7593062233831733,3.537258119513696
-0.0065561517540729565,-0.006202520627248791,0.005992253967473553,-0.005433626128942982,0.08683031241392915,-2.4967277121749736,-0.7775378613472114,3.518617411235781
-0.00638173701011667,-0.006396860151587775,0.005734011655841941,-0.00575809746467896,0.15415174466407097,-2.589496319955703,-0.501098410885731,3.6498367568530967
-0.006394652402544575,-0.006378906332596172,0.005753801856887898,-0.005728753736043004,0.14809206210406037,-2.581278637685419,-0.5239908527135843,3.636898993498122
-0.006408668837907517,-0.006362132393176809,0.005775422909628832,-0.005701469020901827,0.14221628493254193,-2.5741939785454555,-0.5475443183665368,3.6264283985703902
-0.006424226894738295,-0.006349047796137067,0.005800153684954166,-0.005680605509106393,0.13719262013084296,-2.5704349843658374,-0.5715002923248217,3.6226100602993303
-0.0064380116895447065,-0.006339910384838611,0.005822413714228476,-0.005666223466053472,0.13338444665536422,-2.568835745607072,-0.5918935624995756,3.622576967469063
-0.00651866974689168,-0.00624584554627361,0.005940256191020345,-0.005508123385388898,0.10108168809463827,-2.5214033567764953,-0.7206424326945706,3.554021435001985
-0.006509039565551088,-0.006264787539237992,0.0059286605113782415,-0.005540631841020472,0.10674556620810247,-2.5338452442497954,-0.7039381884429388,3.574505893552512
-0.006492568877551493,-0.006280761126642775,0.005904158418315416,-0.005567626657991134,0.11251521923545522,-2.541340512556405,-0.6787966616403692,3.5842458843626814
-0.006484122705081478,-0.006295686004424024,0.005893105330863341,-0.005593084253004297,0.11712904911400335,-2.5505773921036727,-0.6640033205751642,3.599290591149356
-0.006447033833726959,-0.006320325063614588,0.005834134646477556,-0.005633034728713725,0.12741702532667287,-2.5566238134719477,-0.6095520762420835,3.601854415403047
-0.006467920525352562,-0.0063048932979038064,0.005867060201536538,-0.005607974015244641,0.12122153896979525,-2.5521274588016163,-0.6406269305395328,3.5982824518977448
-0.006518580496221386,-0.006220809354035584,0.005933179367523346,-0.0054650718478716715,0.09585328362845379,-2.500994414969099,-0.7255482273027508,3.5163194651523066
-0.006351416344607983,-0.006414730449426879,0.005683599046290305,-0.005784071548469238,0.16182689975373465,-2.5887563216616134,-0.4570542404904642,3.6431723630293926
-0.006327696461982754,-0.0064197889843758274,0.005643100563192235,-0.0057884366736256345,0.16530353771472187,-2.580702352017974,-0.42681912628936935,3.6243523002968026
-0.00629971895266187,-0.006419846024656474,0.0055950380412240625,-0.005783073644864445,0.16784462769344902,-2.5663977239480036,-0.39460214206175714,3.5936434905370302
-0.006736354668366578,-0.0061123321752180266,0.006269752334845551,-0.005262988466882292,0.04195999450661364,-2.453826006633147,-1.0297406578886583,3.4989413454074105
-0.006743170872922803,-0.006092845404939248,0.006272843298039669,-0.0052282472142301285,0.03768693125866209,-2.437899256169841,-1.0385324034893861,3.47185527303742
-0.006754037017908052,-0.006078100198310908,0.006284835252012482,-0.005201059886577005,0.03336880508478841,-2.4262848787570035,-1.052961877300253,3.4544291777334686
-0.0067656234455598695,-0.006065770115499298,0.006298986259757521,-0.005177836094182701,0.029549071272378945,-2.416613487539816,-1.0683853839470763,3.440973249875619
-0.006792412184816517,-0.006053122710639425,0.006338801971810936,-0.005150910765611287,0.02304826110449185,-2.407040086859295,-1.1050553652749253,3.4340131041229136
-0.006775130533317991,-0.006051216969001068,0.006308369107209728,-0.0051511558681297705,0.025644471828758373,-2.4048840084734784,-1.0804742821062854,3.4228920505573854
-0.0068017338099824855,-0.006039172004822953,0.006347882646699248,-0.0051250964321811745,0.019370318577173303,-2.3955492521878505,-1.1166179472256097,3.4163858085926155
-0.006813286065021542,-0.006026988466962959,0.006361473530915926,-0.00510177080190211,0.015662400849186756,-2.385490784113951,-1.131344798189632,3.4024229195593647
-0.006825539898937368,-0.00601569456744409,0.006376545038343948,-0.005079715137505574,0.011980270319941406,-2.3760481212709053,-1.147004534794067,3.389969216303985
-0.006716153626199485,-0.006112195793052045,0.0062347558555717825,-0.005265697125527277,0.0453551258777079,-2.4516888194339015,-1.0012133222819228,3.4872732885597864
-0.006698610456478187,-0.0061135695510555615,0.006205116843073579,-0.005270421006055333,0.048417108859189394,-2.450786254741514,-0.9767466853735373,3.479155144586386
-0.00770210129329566,-0.005559317447314377,0.007401028873770195,-0.0038297291091863007,-0.13812898742110113,-1.6742479366962169,-2.0827955558433975,2.6067457147976687
-0.0076881620046344535,-0.005566558325275474,0.007388944881344321,-0.0038529918758232313,-0.13597205520722255,-1.688752103546298,-2.072742224354862,2.6239934883776894
-0.007688663265212164,-0.005550340615790318,0.007373020011012018,-0.0038297887507457063,-0.13797621749195557,-1.6781712322558366,-2.062670514110073,2.603186909842277
-0.007674245540973594,-0.00557384295394766,0.00737678700187024,-0.0038762181623815672,-0.1335952050638385,-1.703158748799017,-2.062571885987637,2.641282416467606
-0.007674651069690701,-0.005557643841439897,0.007360852295822089,-0.003852965070398048,-0.13761892426400293,-1.692568543650281,-2.0527166028738315,2.620175388350703
-0.007660352036567375,-0.005581171262969613,0.007364562681437627,-0.003899393842087397,-0.13156897032763876,-1.7174795286069144,-2.052330927560986,2.6585547648437564
-0.007660698508296724,-0.005565022997869376,0.007348690970215413,-0.0038761145137959398,-0.13714026578537433,-1.7069263672767736,-2.042679394347004,2.6371597817917194
-0.007646481625663309,-0.005588543181480799,0.007352277604141334,-0.003922508392225404,-0.13043060097896592,-1.7317397412490487,-2.0420443613843235,2.675737018033843
-0.007646805046459734,-0.005572459231756481,0.007336517957627231,-0.0038992149635963635,-0.13640330797463449,-1.721225092315472,-2.03254386048117,2.6541253816287003
-0.0076326344424967295,-0.0055959586381202995,0.007339932225857445,-0.003945561227098357,-0.1305426223219586,-1.7459691696822182,-2.031695334004319,2.6927732598576504
-0.00763295499963969,-0.005579924817568731,0.007324286768002774,-0.003922243751572278,-0.13528084910223936,-1.7354477157696506,-2.02229273824684,2.6710412380234696
-0.00761881062128547,-0.005603417561025713,0.0073275143167830055,-0.003968575328397573,-0.13082622109625083,-1.760185415917851,-2.0212268678332412,2.709697088502557
-0.00761911864116144,-0.005587394778165642,0.007311934890514721,-0.0039451905798560125,-0.13386990599548984,-1.7495892695825248,-2.0119051317342804,2.687863295012583
-0.007605010296224526,-0.005610919877832093,0.007315009264604783,-0.0039915777298202716,-0.12950133690015225,-1.7743719863620313,-2.0105955664520927,2.7266131381320684
-0.007605276261156455,-0.005594878833297338,0.00729944497136367,-0.003968081488292857,-0.132603127750658,-1.7636639537158383,-2.0013738581189213,2.7045820114939527
-0.007591233601480755,-0.005618465515670953,0.007302422528614054,-0.004014558252633166,-0.1270173341387608,-1.7884933132135987,-1.999824106014642,2.743550769221431
-0.0075914424872691654,-0.005602421379776859,0.007286877110953778,-0.003990963976862259,-0.13167323689969315,-1.7776962467945092,-1.9907224097840304,2.721256776613678
-0.0075090771781501685,-0.005664644940078419,0.007225472734388109,-0.00415145710511318,-0.11990388523732894,-1.8720482423228215,-1.9330460792637352,2.843442349050152
-0.007495313787492962,-0.005656483079678267,0.007197001693643435,-0.004150080256037979,-0.121882227166468,-1.8743233143947255,-1.9128435311904963,2.8366869484954127
-0.007522709275725812,-0.005656840934593225,0.007238483924698977,-0.004128729096759941,-0.12175853825394804,-1.8582641038865517,-1.9445061968386128,2.8269428096733535
-0.007508983240953068,-0.005648641846769228,0.007210077660842604,-0.004127480670414792,-0.1232764978871261,-1.8607043679673965,-1.9243244298752955,2.8204028452570253
-0.007481320715032551,-0.0056480320619294345,0.00716861669688123,-0.004148666625388411,-0.11721270869442468,-1.8796738542646947,-1.8864283218143194,2.8334959714682793
-0.0074536208263555155,-0.005647557480442675,0.007126883257337058,-0.004169273868293783,-0.11373525720644408,-1.897004665497095,-1.8506766694907284,2.844242013051176
-0.007467088057775965,-0.005639333721207478,0.007139553988226772,-0.004146753932637417,-0.11532035553872706,-1.8838157567874874,-1.8619043979624195,2.8282504042964907
-0.008057600088913427,-0.005392714184532192,0.007678693432588493,-0.0032372401041642677,-0.1368597387835207,-1.2990291059781023,-2.293905498277555,2.168321912944135
-0.008043135288126547,-0.005398839222606493,0.007668485464360068,-0.0032613469139835018,-0.13787792977732358,-1.3144734969621665,-2.286701365816712,2.1860395840460014
-0.00804501884931069,-0.005382839912221246,0.00765263265893302,-0.0032401972292404727,-0.1376840582027474,-1.3060378685572236,-2.276128672473538,2.1682952412462715
-0.008072084039835078,-0.005386634628544867,0.007688814185612701,-0.003213128477367855,-0.13455478178828711,-1.2835952805283228,-2.3009354975914977,2.1506599053899174
-0.008059544183150807,-0.005376769016259011,0.007662901031097714,-0.00321620851320127,-0.13707630716655086,-1.290752414972941,-2.2832929356937317,2.1506929108010486
-0.00785690150535659,-0.005482574976576021,0.007528926078260798,-0.0035717402994172817,-0.14170017488591127,-1.5118563417352096,-2.1839776955396033,2.416032467875226
-0.007858027560393879,-0.005466624263649407,0.007513119689153666,-0.0035498051815409846,-0.14295615883325538,-1.5025976503675194,-2.1737157933332694,2.3966398356084233
-0.007871104159928418,-0.005475864446977092,0.007540099587020664,-0.003548091947694098,-0.14052141137192642,-1.4968591438116288,-2.1924785901523705,2.3985791209441536
-0.007842720031054358,-0.005489330079069643,0.00751766634080835,-0.0035953784848573958,-0.14155849828274494,-1.5268286345835673,-2.175318619618812,2.433505961318552
-0.007843779169463197,-0.005473339049502494,0.007501811219776398,-0.003573333030597922,-0.1427486475890056,-1.5174617262972105,-2.1650543792491934,2.4140115027459683
-0.007828559881960462,-0.005496129685063256,0.007506322497567453,-0.0036190018582601645,-0.14035807424057667,-1.541745072653389,-2.16650918685741,2.451043988009057
-0.007829549229764893,-0.005480105098197158,0.007490432112492558,-0.003596832859911664,-0.14279620104049595,-1.5322940737406514,-2.15629309203314,2.431344644479195
-0.007814421202973038,-0.005502973724561289,0.007494902962940989,-0.003642592763473833,-0.13886969746074507,-1.5565875707292927,-2.157595580373627,2.468619138935356
-0.007815354724379529,-0.005486947146252349,0.007479027702083494,-0.0036203212579758817,-0.14292795877385778,-1.547104639191638,-2.147443548707285,2.448680756216422
-0.007800304138943856,-0.005509862126966205,0.0074834166553218754,-0.0036661328447242804,-0.13776162669676634,-1.5713614657055353,-2.1486272044718535,2.486158694435112
-0.007801209561076273,-0.0054938633404035845,0.0074676137783842205,-0.003643785234678304,-0.14295779370975722,-1.561883056277094,-2.138500280311027,2.466029898280338
-0.008028689782366838,-0.005405009681636415,0.007658188662454458,-0.0032854524450026366,-0.13721523272958414,-1.3298874474780702,-2.2793311747453107,2.2038830377403436
-0.008030483027889602,-0.005388966627384191,0.007642265964277151,-0.003264193950518576,-0.13863931678103789,-1.3213206283782226,-2.268865212928396,2.1858817956991916
-0.00801426371656846,-0.00541122549991139,0.007647813831090171,-0.003309531165300226,-0.13600901928818407,-1.3452313051570004,-2.271854935498225,2.221810085138392
-0.00801596078897715,-0.005395188918215602,0.0076318687685700435,-0.003288219453458994,-0.13982539497274285,-1.3366141152178816,-2.261521811898209,2.203508535382273
-0.007999857235701381,-0.005417486615139693,0.007637374508035408,-0.0033335516275820403,-0.13602644981674875,-1.3605026667327984,-2.264330179871653,2.2396988982204467
-0.008001479893433474,-0.005401504151264116,0.007621469548018772,-0.0033122446787335496,-0.14080834453068455,-1.3519014467800081,-2.2541001802801586,2.221188514129737
-0.007872281237342833,-0.005459923993142569,0.007524305029806504,-0.003526217663759157,-0.14332643016486493,-1.4876839406887727,-2.1822507435720855,2.3791883665565017
-0.007885327849796304,-0.005469198559067848,0.007551197346014369,-0.003524411319168551,-0.13915051575738294,-1.4818522156967873,-2.20086346907974,2.381046632718474
-0.007985470484765413,-0.005423792964446572,0.007626870388568943,-0.003357514748526041,-0.13728364147014688,-1.3757358094601975,-2.2567631844814966,2.257482737586235
-0.007987044036328377,-0.0054078662650710934,0.007611025252541114,-0.0033362143201588093,-0.14132795104059825,-1.367152364777784,-2.2465737686197573,2.2388735237914434
-0.007971103608784268,-0.005430144484372425,0.0076162910875816996,-0.0033814445240135846,-0.1383154517188303,-1.390957755195173,-2.249125662826072,2.2751948026177056
-0.00797263789159386,-0.005414242305364757,0.007600485253108846,-0.003360105017690822,-0.14162361173925583,-1.382349679860299,-2.23891899064778,2.2565127978774147
-0.007956756752799632,-0.005436541110871044,0.0076056347393703904,-0.003405345367664538,-0.1389106925067033,-1.4061671923125763,-2.2413976720219653,2.292862501101861
-0.007958253539111447,-0.005420641912728762,0.007589850924945177,-0.0033839349247350345,-0.14196142242943652,-1.3974957689761798,-2.2311430281678892,2.2741086273062403
-0.007942430061865232,-0.005442982779307931,0.0075949068562703075,-0.003429204911486345,-0.1401313689892084,-1.42136147691967,-2.2335624855035388,2.3104638022785307
-0.007943890554502703,-0.00542707656248495,0.00757913346801977,-0.003407718374462279,-0.14219511654255726,-1.4125971631600331,-2.223261368712953,2.2916783587763008
-0.007928123681040953,-0.005449469424458649,0.007584101962647752,-0.0034530351636224243,-0.14140695064483855,-1.4365472733566758,-2.2255845911658043,2.328032564945571
-0.007929537215691632,-0.0054335334566965815,0.007568305676179753,-0.0034314518392599054,-0.14223455130153176,-1.4276583714571245,-2.215266283777637,2.3092031878581216
-0.007913837755386942,-0.005456000980507259,0.007573208791290707,-0.003476860772578459,-0.14094638758177863,-1.4517095166494602,-2.2174452652642427,2.3456699535689025
-0.007915182709191395,-0.005440019409060103,0.007557361167425934,-0.003455151798509588,-0.14244765360010292,-1.4426913436921494,-2.20715056534479,2.326675473910527
-0.007899572429957714,-0.005462577381044802,0.007562234392830818,-0.003500666242418684,-0.13939486874951396,-1.4668131651042782,-2.209185750809373,2.3633825060084184
-0.007900844089760526,-0.005446579111296028,0.007546365437089186,-0.0034788540182016316,-0.14300398255571697,-1.4577115853408147,-2.1989392474114067,2.344150041670512
-0.007886545738561549,-0.005453228576360697,0.007535364033780745,-0.0035025572961612833,-0.14342770528085216,-1.4727162372959943,-2.1906489214588,2.361668548369808
-0.007730047808600203,-0.005544967222482056,0.007424951782875882,-0.0037831397710169027,-0.1395965095484139,-1.6450020964945784,-2.1023954397236295,2.5724159962700517
-0.007716063272701484,-0.0055521203899277,0.00741303134620901,-0.003806444665585844,-0.13933023646213108,-1.6596568910316278,-2.0926863900236388,2.5895637534743754
-0.0077167981107145915,-0.005535962894722334,0.007397283732349603,-0.0037834067743621673,-0.13901791716977588,-1.6493032339189673,-2.082324837149805,2.5691638000557813
-0.007702720639379642,-0.0055431186638691945,0.007385179606759226,-0.0038066025272679486,-0.1383989665420813,-1.663748256178783,-2.072545107219742,2.5861909297572585
-0.005582855296395777,0.007174441961723819,0.004253992091748304,0.006661842869678967,0.37348425380130185,-2.380649417554921,-0.7331998542473686,3.326952886430206
-0.005555642860659807,0.007207710488757676,0.004195888138738314,0.006691008107404935,0.37873367730200713,-2.3613817787177513,-0.7736881837378743,3.3013646627464923
-0.005531091720078796,0.007238835574917114,0.004142553112254117,0.006718142301251379,0.38343260789103395,-2.343411825086809,-0.8106060179947772,3.277774829738497
-0.005515982233916836,0.007269407627277515,0.00410264140858756,0.00675072229072776,0.3898551746572452,-2.3328126277015766,-0.8448264220783244,3.2675507633352696
-0.005487707648320773,0.007320534459212949,0.00403060796723068,0.006801742907585226,0.3986124406150822,-2.3107541899737805,-0.9022002642771353,3.2434308601551076
-0.00546310304663771,0.007340824440294579,0.003983057787536049,0.0068112534511207525,0.3989891217600684,-2.290007924618316,-0.9256916958170056,3.212425330555427
-0.005484070009662861,0.007282898252214942,0.004049227931239301,0.006746161228136143,0.387516451434555,-2.306195690249861,-0.8632198820062348,3.2237760979600085
-0.005375345926633567,0.007494499454061722,0.0037554690725372926,0.006949903825556964,0.4202822331981996,-2.207397696833855,-1.0893897730266546,3.1159942463236443
-0.005375727576390492,0.007451500780726092,0.003787748563417248,0.006893100997580718,0.4095671261526351,-2.2119957013010523,-1.0437866478857576,3.1087447881395422
-0.005388697537769165,0.0074164730145937175,0.003830063835057886,0.006856614721036702,0.40352834936731447,-2.2252827171855665,-1.0073239149484399,3.1205795169815462
-0.005428270382695074,0.00734911297549855,0.003929554343953659,0.006796024327761643,0.39448275132340027,-2.260459702246953,-0.9364853723582857,3.161836726901789
-0.005403961643517262,0.007382353897797743,0.003874194625395322,0.006822579994955814,0.39794946259394764,-2.239568768825578,-0.9716815340359707,3.1349242044058734
-0.0053321712075890095,0.007501015297286088,0.003693866533760973,0.00692299815026648,0.4117575117676711,-2.171032304193289,-1.0927737164404423,3.0523221581985873
-0.004957842972321618,0.00794061324925213,0.0028791760344029044,0.007117672542742334,0.39148853478884404,-1.7829158359316593,-1.4239404285588297,2.5228230091267316
-0.0050106094248324245,0.007873779673594247,0.002997311853828493,0.00709322895095093,0.3977083762810374,-1.841658659499555,-1.3838117657707658,2.6015772836607485
-0.004990122443717271,0.007909574749810954,0.0029422247488202673,0.007113535898916006,0.3965187434005276,-1.815281080089326,-1.4085173673988751,2.568761475261415
-0.00529811291063315,0.007506841460111907,0.003645451705095267,0.006902849891118642,0.40520424127095217,-2.142969550068831,-1.0956442526911487,3.0037181327320845
-0.005276929460253236,0.007536037917514104,0.0035962637313634574,0.006922885031457387,0.40663964393449575,-2.1221101001088214,-1.1230046306060368,2.9766240375574493
-0.005242113993113964,0.00755993723452893,0.003534022332683713,0.00692451490321003,0.4033488787776041,-2.0912735058312233,-1.1423081972934817,2.9296459448297196
-0.005219613312009229,0.007586104436283542,0.0034856210090961764,0.006938541063269096,0.40327689109067333,-2.0694524124324336,-1.1647527152430535,2.8998317569966163
-0.005188636088299815,0.007591768922479485,0.0034431979786084268,0.0069201176314395195,0.39694269226102635,-2.045213714929256,-1.1648485012512406,2.857934412636972
-0.005004527767156897,0.007826267327349961,0.003033726901836627,0.007036508827711964,0.38910894742849583,-1.8548067580365026,-1.3383768919686536,2.604447700283192
-0.005018896467463939,0.0077856480070687475,0.0030852157096754283,0.007004185946106879,0.3871520355719474,-1.877332222551138,-1.306142723996874,2.628811748297008
-0.00516511620782032,0.007623001179261066,0.003389926496293831,0.006938593767528756,0.3972586173897809,-2.0214458906009036,-1.1908222808827613,2.8266983764973266
-0.00506076718797,0.007754326243201976,0.003159053168696552,0.007004547338250698,0.39339176201476805,-1.914640227138761,-1.2898643567845547,2.684255160100594
-0.005138847756041319,0.007670832775649457,0.003319672331913521,0.006973760393413616,0.3994647752748786,-1.9914483450217113,-1.2312908319886258,2.790674597472268
-0.005094747392749918,0.007707405494151025,0.003237723124610591,0.0069795661210331145,0.3945358804103025,-1.951101632434325,-1.2552647197146511,2.73177259349233
-0.007466374681765171,0.005638726950984593,0.007137944027756832,0.004146396846944835,-0.11518606299384752,-1.8839566928815727,1.8604981164349574,2.8277782762064145
-0.007452398485022291,0.005646977126980421,0.007124537439985343,0.00416932818856927,-0.11354426932840855,-1.8974589703385794,1.8486372915647336,2.8439809857433755
-0.007465683467383085,0.0056212475666164675,0.007121211905179169,0.00412104702510865,-0.11418326150871123,-1.8745803143763595,1.8466307321591964,2.806226584336187
-0.00807399001589814,0.005370754302088689,0.007672999610349586,0.00319230689617914,-0.13666242573575935,-1.2755822754819792,2.290423741311571,2.132898941093229
-0.008072084039835076,0.005386634628544868,0.007688809792058088,0.003213138254853202,-0.13385364817880305,-1.2834763640309788,2.300764001993821,2.1509997130260454
-0.008057600088913423,0.005392714184532193,0.007678674113552883,0.003237285625611782,-0.13433362695042325,-1.2988903302402244,2.2936881449716267,2.168830416114152
-0.00805945177778124,0.005376835495711657,0.00766287111151689,0.003216381788413236,-0.13769448594084213,-1.2909251817598415,2.2833808874467802,2.1505635832765617
-0.007971103608784268,0.0054301444843724254,0.007616293262394485,0.003381439088427276,-0.1383186521494388,-1.3908330088501522,2.249225521338662,2.2752015244548125
-0.007985470484765413,0.005423792964446573,0.007626887609606034,0.0033574749835903563,-0.13896728319746177,-1.3755769278876364,2.2569222918050262,2.257453760354421
-0.007972600802888889,0.005414225934918124,0.007600428279467664,0.0033601263188181795,-0.14151023368415847,-1.3824547051336895,2.238877034126204,2.2563853603366835
-0.00794243006186523,0.005442982779307931,0.007594900976131941,0.0034292177792230386,-0.13975275249314567,-1.4212081733647919,2.233568662491992,2.3105759602397526
-0.007929493084591793,0.005433549253712886,0.007568269483158473,0.003431515144609477,-0.14254056844820198,-1.427806827981543,2.2152622723562385,2.309090905011598
-0.007956756752799629,0.005436541110871046,0.0076056304107613845,0.0034053547805092204,-0.13844520788790837,-1.4060365428327746,2.2414431784898037,2.292926289506076
-0.007943844396004417,0.0054270785447657335,0.007579082414603116,0.003407768236655884,-0.14242662106055162,-1.4127256154643086,2.2232482244838674,2.2915548549110754
-0.007958205807288163,0.005420628874291687,0.007589784375331858,0.003383969420055147,-0.1421630112757171,-1.3976075304734865,2.2311099530147764,2.2739732896211753
-0.007999857235701381,0.0054174866151396935,0.007637400605009125,0.0033334915751941827,-0.13858946564272354,-1.3602793300975955,2.264504966489237,2.2397572836730375
-0.007987034802955406,0.00540789521694422,0.007611046752008239,0.003336261077094301,-0.14080963440323482,-1.3672732168242108,2.2465633101356484,2.2388087741653493
-0.008014263716568458,0.005411225499911389,0.0076478306743257285,0.003309492589681074,-0.13724464807796036,-1.3449621954291306,2.2719560733778086,2.2220880716936073
-0.0080014888004847,0.005401618593127964,0.007621599684757444,0.0033123708648875624,-0.1403255972372516,-1.3520639973871218,2.254148527549704,2.2212119137582125
-0.008028689782366835,0.005405009681636416,0.007658185242435092,0.0032854610452936286,-0.13609268335822094,-1.3296285868479927,2.279290382664053,2.2043832531242313
-0.008015952257228445,0.005395371262759544,0.007632049724334317,0.0032884391766520413,-0.13986538333014184,-1.3368251363137638,2.2616194816639825,2.2035769345440954
-0.008043135288126545,0.005398839222606494,0.007668466519261459,0.0032613917870297337,-0.1351886230857489,-1.3142723307859938,2.2865304329299976,2.186628246503422
-0.008030432120057928,0.005389153885861586,0.007642405241865821,0.0032644603994456778,-0.13925655295703357,-1.321554548100966,2.2689823696490916,2.1859175012914953
-0.008044932776828597,0.005382973414249155,0.007652678071416793,0.003240438056730474,-0.13854199550274002,-1.306252191405149,2.276237054540674,2.1682428313379813
-0.00787341945192588,0.005443714091326842,0.007508857498846882,0.0035045076181266124,-0.13897476522859684,-1.482748358277899,2.1668331937468603,2.3646679807659834
-0.007887665175979396,0.005437052012035232,0.007519853197072566,0.003481036253404134,-0.13880469272152665,-1.4679758382932375,2.1751625633426688,2.347431112779873
-0.007901953280971588,0.00543036025182565,0.0075307241083283375,0.0034574150455958176,-0.13863885120084693,-1.45313320919907,2.1833345112021294,2.330095223030377
-0.007916331254031463,0.005423797535287776,0.0075416961736193425,0.00343379190616864,-0.13847377305873887,-1.438214985714411,2.1915518712636994,2.3127529898511203
-0.00786015624083416,0.005433822909457258,0.007481628386646905,0.003505796696412399,-0.13755569544651713,-1.4912266441261612,2.1445400824219867,2.3651131440004804
-0.007845824577481822,0.005440190674182942,0.007470000377900655,0.0035287102224899683,-0.1375274369502986,-1.5057721090421847,2.1355868830768228,2.3818427219906737
-0.007831439280427241,0.0054467983293962725,0.007458409349412974,0.0035519092633832373,-0.13746099768708356,-1.5203966768857151,2.12663036615881,2.398774123065785
-0.007817107773238031,0.0054537181036024935,0.007447064580614378,0.003575381953426895,-0.13736365863731861,-1.5350390105730167,2.117843363058036,2.4159076491675537
-0.007802952488035861,0.00546083319074307,0.007436001828397356,0.0035988608382228784,-0.13722268983367714,-1.549564587524891,2.109246066663179,2.433052456798574
-0.0077889058781232924,0.0054678040737369165,0.007424786474123232,0.00362197440169902,-0.13699527747478848,-1.5639158908400688,2.100465445728893,2.4499255138637506
-0.0077747010928719855,0.005474476701489162,0.007412914680683075,0.0036447787895099687,-0.1366785153066227,-1.5782518852487384,2.091079967615947,2.4665453097793875
-0.0077179240718373955,0.005503195999067803,0.007366087346793618,0.0037378978009984785,-0.13494504148625744,-1.6358539893191077,2.0536764178176488,2.534370680749625
-0.007731961196833234,0.005495857789150918,0.0073776458580576175,0.003714666848693484,-0.13547076804871547,-1.6215797634061009,2.0629758268205234,2.5174477174577508
-0.007746045579312901,0.005488394984896851,0.00738899421274107,0.0036911532542534546,-0.13590443387556103,-1.6071831007338158,2.0720441546760746,2.500305868729504
-0.007760333793459449,0.005481231931094354,0.007400768515935363,0.0036677725462871576,-0.13630191464705368,-1.5926981649859122,2.0814248749824227,2.483279989429007
-0.00770368133619783,0.005510208914016955,0.0073537787175363125,0.0037608057448803712,-0.13432586084216855,-1.6501134989654782,2.0436884988020867,2.551005918618282
-0.007661377699566522,0.0055325377722416705,0.007317830809347166,0.003830430706801367,-0.13224897272363922,-1.6927707001740375,2.0142780160321276,2.6015539703517163
-0.00767520537072135,0.00552488920378934,0.00732938293420275,0.003807266292280207,-0.13297063134005127,-1.6787200283699433,2.023768078356309,2.5847151049040566
-0.0076892871410987424,0.005517296326896849,0.007341191406362037,0.0037838740477697543,-0.1336474426972256,-1.6644602300473739,2.0334219928380364,2.5677246512427594
-0.007647580492582213,0.00552349792603837,0.007289930268422991,0.003830357060832164,-0.12982899910788934,-1.699348352520248,1.9905673237594979,2.599922965958227
-0.007633470370391106,0.0055298799250013886,0.007276555606543625,0.003851741070498138,-0.12888962887432145,-1.7127944643229915,1.979448585496901,2.615177957522494
-0.007480393795562337,0.005613515695341476,0.007135909908361801,0.004098354465732029,-0.11585098332609493,-1.860975213538565,1.8594898663087902,2.790442096266324
-0.0074654206267793745,0.005604017535593011,0.007105454991526354,0.004095929903463184,-0.11340313499211618,-1.8650888133996724,1.8337605377986181,2.784974821578311
-0.007536592114543791,0.005586147265932718,0.007192652651478715,0.004013806718275512,-0.12168837082290589,-1.8092495322345425,1.9085437699523549,2.731460126177966
-0.0074954319983131104,0.005606029452672217,0.007151156820460827,0.004075650934778476,-0.11756382019369092,-1.8472034370116994,1.8727464412244654,2.7746833382091576
-0.007509342659469676,0.005601562244105195,0.007167371245885132,0.004058127896081025,-0.11910668177070956,-1.8356726403431423,1.8867023610862972,2.762938485691217
-0.007520716377242923,0.005589720658814972,0.007173016294074104,0.004031833813825546,-0.11991164368877562,-1.8218310810960188,1.8917698914455738,2.7433438690269805
-0.00756294720818757,0.005570891611279546,0.007216244906004833,0.003970141645383773,-0.1239604588938549,-1.783282211971856,1.9287333699233797,2.7002591745861113
-0.007547322993304635,0.0055749050779265955,0.007197639755078542,0.00398884245305152,-0.1223270613932356,-1.7961395185328735,1.9129067291878814,2.71284491144547
-0.007619062174395658,0.005536578186640333,0.007262934199008979,0.003873730978402204,-0.12787917464444568,-1.7265210140426699,1.968081124638717,2.6308342604993054
-0.007604671527293963,0.005543618441623706,0.007249522364183897,0.0038960856463099726,-0.1268386797622871,-1.740310534024413,1.956843529105144,2.6467448403633047
-0.0075898983543190085,0.005550697874473051,0.0072354633914109975,0.003918726616967069,-0.12568010352267311,-1.7543155852629433,1.9450112079281563,2.662792165385348
-0.007573289464314631,0.005558472803060321,0.007219304315468613,0.0039437956810199895,-0.12431401816692897,-1.7698683165520426,1.9313573167461588,2.680470437993278
-0.00734524252203637,0.005713008848657748,0.007019054934753111,0.004346349892111432,-0.09882894839335864,-1.9999698495295062,1.7533875088516149,2.967898846037373
-0.007331783660414096,0.005721310920567271,0.007005170016475072,0.0043682058336388906,-0.09672423972884862,-2.012472190948728,1.7406467867030917,2.9829199432165594
-0.007318362722711885,0.0057297512643424975,0.006991316196009058,0.004390159703423708,-0.09456184456387544,-2.024954802224802,1.727871131752025,2.9979908558465307
-0.007304807397942456,0.005738005256414121,0.006976955361869136,0.004411815361683114,-0.09233713830438815,-2.037291456440389,1.7146159123042912,3.012699346168814
-0.007412333024551909,0.005672155326642887,0.0070865972778531095,0.004236881915780591,-0.1084779037722553,-1.9366642876875384,1.8146806208844495,2.89181855494455
-0.007425523881931101,0.005663899765016943,0.007099263299751669,0.00421476866388736,-0.11020583237708796,-1.9238415756450065,1.8260625781258606,2.8762112527502848
-0.007438798823220995,0.005655456750513201,0.007111747168038672,0.004192235217109873,-0.11188117285612642,-1.9107916166119476,1.8372450035390344,2.8602301521937363
-0.0073981006036813075,0.005664005704132728,0.007057970253446462,0.004234794132468436,-0.10599434833803385,-1.9400973778239623,1.7902242641266926,2.886208267527056
-0.0073445484938593365,0.005696518839716043,0.007004106543779348,0.0043213986390163986,-0.09839920565517273,-1.9898573172934595,1.7414690818398146,2.945860004736802
-0.007357843458816419,0.005688147371713667,0.007017432326339998,0.004299571328622445,-0.1003475962406981,-1.977435088226447,1.7536309438174558,2.930825626395954
-0.007370940681153335,0.005679344566046158,0.007029949297125659,0.004277139737928571,-0.10220780484600832,-1.9647906539350934,1.7650600751896988,2.915186397182797
-0.007384525745017828,0.005671328474320406,0.007043737451508947,0.004255485117560393,-0.10412355662934038,-1.952279828615388,1.7774906942348545,2.9003125245330215
-0.007291164820647421,0.005746277960327483,0.006962330804252452,0.004433457711351337,-0.09004021854842602,-2.0495771374418603,1.7010853909189756,3.0273004273880786
-0.007277634870825475,0.005754819694257693,0.006947958315535783,0.004455352817483993,-0.08770761477668189,-2.0618846126258408,1.6877011692592607,3.0421067134337725
-0.0072372859857216055,0.005780657683790346,0.006904524777230739,0.004520641964946788,-0.08041518774562038,-2.098227064386258,1.6469470696835644,3.085897830608633
-0.007250681581085997,0.005771929792614292,0.006918969650790321,0.004498825155404631,-0.08289784910895846,-2.0861638485628515,1.6605630019443882,3.0712967268654556
-0.007264164643814995,0.005763376913161879,0.006933547794685253,0.004477137839330182,-0.08531633397998034,-2.0740750195463913,1.6742308662797638,3.056779922863083
-0.007128229052884142,0.005814876595745963,0.00675513974520673,0.004634574229017381,-0.06008567335314569,-2.1648211267732367,1.512150967320322,3.1442993545272526
-0.007142133577444171,0.005806690410905424,0.00677165511550334,0.004614392872029828,-0.0628791678697599,-2.1541530950042973,1.527648343562584,3.1320987825658686
-0.007195617956395235,0.005790842932489962,0.006845774582596518,0.004560607739951899,-0.07278239505611063,-2.122906189243091,1.5941814934206564,3.105718200168982
-0.007183380674342931,0.005800204979902561,0.006833207870312323,0.004582316216963291,-0.07028020839667141,-2.134404201867206,1.5820188078857298,3.1203378486126527
-0.00715628403219401,0.005799575029822137,0.00678921642108431,0.00459568005026948,-0.06561260926367463,-2.1440291785018086,1.543867455973255,3.1212318180029084
-0.007169171857517623,0.005794592480164102,0.006806216440878575,0.004580920039762783,-0.0680268619607512,-2.1357476280483056,1.5592872135630271,3.113302075585244
-0.007221882993480876,0.005772537155789323,0.006873661782684754,0.004516630402447541,-0.07778354654857185,-2.0992006768735147,1.6207271221290347,3.076481865835214
-0.007209065710759151,0.005781846074498575,0.006860413260486809,0.004538736418182213,-0.07528752819009103,-2.111069157195018,1.6080767715662267,3.0913392165062112
-0.007087265971606574,0.005823775223403599,0.006695252929076137,0.004668651058280061,-0.052540983384078664,-2.183983668850511,1.4592030012773838,3.1567531669398403
-0.0070988741807016635,0.005814258859417409,0.00670740145492136,0.004647848862697336,-0.05506816070386724,-2.17352484605641,1.4711728914651372,3.143261471658302
-0.007111989481373502,0.005804841051036597,0.00672191009516285,0.00462641133232831,-0.05781183632806187,-2.162598133740538,1.4851047937507313,3.1298126684644765
-0.007073215409305243,0.005833666364050496,0.006679274880613891,0.0046911063752010755,-0.049513370009616316,-2.1953318581100465,1.4438202478902262,3.1705687219640506
-0.007061595271827378,0.005862694286322898,0.006679967429227475,0.004743613353970806,-0.045611133043465084,-2.2204940921949885,1.4393631628786645,3.21274718891666
-0.007051206344777956,0.005873989358731711,0.006670475615736904,0.004766702308659226,-0.04285516955318096,-2.23184890132649,1.4291254890845009,3.228777354729832
-0.007058553163766476,0.005842602487434676,0.006661508497053061,0.004712166704607459,-0.046393958487610576,-2.2059782763883544,1.4270426594024597,3.182744903544757
-0.007034586331793721,0.005879644352197905,0.006646851703084536,0.004783070495737985,-0.0395897555821877,-2.2402906970766874,1.4077015891462157,3.235564523212015
-0.007013832955058952,0.005881431651036383,0.006613845940333859,0.004794533814932475,-0.03574306196314098,-2.2463152532190507,1.3791037413328129,3.235629520617191
-0.00699773641534061,0.005890036600770179,0.006592814596808018,0.00481508186109704,-0.03220662165756678,-2.2563239812635683,1.3594144867370799,3.246138372268948
-0.0069820143844758365,0.005899756586800253,0.00657295074735195,0.0048371459253032,-0.0285758444766431,-2.266917798511788,1.3404760683975658,3.258087140160074
-0.005847549374389582,0.006928601838541055,0.004771497121676038,0.0064546092973997065,0.327522483229254,-2.544822797476394,-0.37749581664350634,3.569599984898099
-0.005830657695144926,0.006946218810414709,0.004738145625412344,0.006472952103846417,0.3318495154576448,-2.5371618434830183,-0.4040545140465441,3.5586513090897065
-0.005842913724082552,0.006899037799187518,0.004774156726774414,0.006404638413756492,0.31748405171652977,-2.529043437739141,-0.3525771026045408,3.5357229689880474
-0.0058668246658321755,0.006882499615974907,0.004817831868615083,0.006391406736280637,0.3138995416569364,-2.542196071441756,-0.32273245082082497,3.557212411081354
-0.0059110653549142985,0.006820500209331277,0.004907425272963118,0.006314657172466099,0.2963502511127368,-2.5507854192403485,-0.2383303809890938,3.564409480647606
-0.005887043751406046,0.006838285349256054,0.0048636756124227345,0.0063310302393782,0.3009016578982923,-2.539508601836609,-0.27012957625832795,3.545939507567652
-0.005868141052583667,0.006856168553128284,0.004828066298182535,0.006349823721320804,0.30542823620113324,-2.5319846619732522,-0.2982190733088694,3.5346055742806888
-0.005931372088220493,0.006774063793409032,0.004952004811390766,0.0062493172235211026,0.28260222477836816,-2.544492608844408,-0.18471507020179745,3.547460097351785
-0.005905206921975721,0.006790205439942026,0.004905776945942138,0.006262733434289523,0.2867032615557869,-2.531784071278325,-0.21671261947733392,3.5257879994763734
-0.005803450261419254,0.0069556817183560864,0.0046913873572503465,0.006471891197101396,0.3326586651134194,-2.5171533047566155,-0.4282935798838102,3.5238003858761067
-0.005768485634498017,0.006956287474755163,0.004636258919923305,0.006452106113863679,0.3299485191347972,-2.4874772742654456,-0.44729026269265,3.470070823194986
-0.0057402739122586555,0.006967352974047891,0.004588206807291147,0.006452508875594477,0.3307655170907322,-2.4673478053385884,-0.4715908731941018,3.435781760876725
-0.005668760568577487,0.007037152493100435,0.004449779175995451,0.006515080349021074,0.3443621744978152,-2.426917267169784,-0.5689007469077187,3.377192179311887
-0.0056877396595511704,0.007009994929000367,0.004490377199004023,0.006485852735785418,0.3380288134774087,-2.4358153840556898,-0.5352694517962943,3.3874677798717214
-0.005713648692725116,0.006984828624457412,0.004540309617923905,0.006463364940674901,0.3334897159144485,-2.4503727198471945,-0.5003543173672026,3.408599809452619
-0.005591828813356067,0.007131884093853092,0.004289704047179246,0.00660567581385599,0.36226226600908834,-2.3815703558220704,-0.6877360891055181,3.3178211169930694
-0.005560060890403273,0.0071416624316168005,0.0042383212124700535,0.006598466729206128,0.36035097021656315,-2.3562793514626104,-0.7057335930689208,3.2750688063751
-0.005637222003458471,0.007050450687898198,0.00439650686116003,0.006515045383391523,0.34453314393234796,-2.403524902793549,-0.5934908122371899,3.3383066933264494
-0.005608889853793507,0.007070356109199022,0.004345263638011081,0.006526432834513994,0.3466849242581806,-2.384217833897314,-0.6222143518260798,3.3082385473592546
-0.005588304894939127,0.007095271480833764,0.004302998419009933,0.006549700323038805,0.35133395844064075,-2.372032326827638,-0.6525261304167366,3.29213303576513
-0.006963942314945053,0.0059138790384708345,0.006551711161375013,0.004867185056989799,-0.02404841251051321,-2.281171397470779,1.31943217349627,3.275920050892199
-0.006137419537591028,0.006576677972460067,0.005322091721939937,0.00600632886424234,0.22181069803681144,-2.580281406347626,0.1367308256347408,3.6061964563129534
-0.006152039154832302,0.006556690091273925,0.00534767091645616,0.005977371791093318,0.21534159885198492,-2.5766828664735724,0.1636836127484853,3.599766702774442
-0.006201272631024766,0.006547018621723917,0.005431605962987042,0.00597620659303726,0.2103962039102438,-2.6013640092198145,0.21959697168772976,3.6493592665695322
-0.0061747566439606955,0.00654543661964782,0.0053864349272283625,0.00596543747726984,0.21109753145073418,-2.5836454718403417,0.19332273613874143,3.6140871841763684
-0.00640634313551975,0.006369112885917716,0.005772565640063532,0.005713323011005443,0.1443662316583977,-2.578749584487588,0.5421597126834027,3.634413547424952
-0.006391165630340433,0.006375811859465787,0.0057472465215535375,0.005722865985088279,0.14757967176517017,-2.5772494996218267,0.5208845982823732,3.628680149205803
-0.006378176643610093,0.006382791705292314,0.005725760049652683,0.005733067971097751,0.15091171155125963,-2.5767548031675074,0.5023546631721142,3.625362941663595
-0.006259300971144552,0.0064928525387667885,0.005530505666650199,0.005899252986387338,0.1912488391746144,-2.5979207153589474,0.31288669314823897,3.647842424398321
-0.006219203577001806,0.00652185539685263,0.0054623621315366905,0.005938324246879871,0.2019679317689305,-2.5948868511707204,0.2532537453415346,3.638349131581399
-0.006237248089690026,0.006500786716168358,0.0054928831021905725,0.005907157601385579,0.19481121023306636,-2.5907497439065836,0.28438584812257783,3.632114459798263
-0.006303679760205876,0.006447162402575007,0.005604232814401925,0.005830825747570289,0.17495191610555957,-2.5888735996193297,0.3861588867294774,3.6361634820754847
-0.006282839198147281,0.006456645149966686,0.005569047558448966,0.005842572565555843,0.1791752681625178,-2.5846391713415033,0.35786962868717914,3.6255094012362563
-0.0062673393520460375,0.0064725311144698495,0.005543384901047715,0.005866271863845713,0.18474178635651584,-2.5876932015494845,0.3325656684198399,3.629411276484159
-0.006361276204635907,0.006379106367029288,0.0056960086318970996,0.005724082546312236,0.15139835639414834,-2.5659359126048558,0.48352499065954885,3.6022047566837583
-0.006351998604695075,0.006393928070290435,0.0056819977028856345,0.005748146641563161,0.156463124767877,-2.5729400742707487,0.46646353244354605,3.6136727536306217
-0.006311455448417442,0.006421362068766138,0.005615298492042277,0.005787983219072915,0.1672671802003345,-2.573576931194277,0.4072234933150992,3.608557558626909
-0.00633392190825205,0.00640261929117263,0.005651909132880283,0.005759981894775854,0.16029314203035464,-2.5707484199188815,0.4414335494379365,3.6066534582759995
-0.006445431108955921,0.0063343576185626305,0.005834237215400099,0.0056573064872268855,0.13110622910140343,-2.567357282474925,0.6031113818598185,3.621389503839356
-0.0064300720550619535,0.006343714477297326,0.005809325400244724,0.005671986410007668,0.13518057714738585,-2.5686200763804723,0.580657891736093,3.620410223442527
-0.0064160396454847725,0.006356219809426949,0.005787215332501789,0.005692113330345936,0.13990557565555203,-2.5727033454260817,0.5588324037077234,3.6250847131063204
-0.005926252722160498,0.006743512283460117,0.004950600987619069,0.006197480928384683,0.2731121493423096,-2.525425296274126,-0.16365209010876466,3.509225875229852
-0.006086970617535554,0.006627288784482804,0.005233412397390516,0.006073582930775102,0.2382763684752362,-2.578132875498032,0.05526516720903472,3.601723743586245
-0.006113255504721598,0.0065842630094121194,0.005281036173008375,0.006010917652618097,0.22479269816931113,-2.569134275546556,0.10866820583425565,3.5843169854563963
-0.006095651111546887,0.006607570446559698,0.005249778834966214,0.006043756495629902,0.23225680858654754,-2.5718980439454735,0.07676552198587527,3.589555608822374
-0.00606978505094935,0.006638939231659928,0.005203449425103589,0.006086551847828924,0.24214433596742743,-2.5732156076499546,0.031447989472788485,3.592502592334291
-0.006051945539287137,0.0066546513550890096,0.0051718555929420726,0.006105794407332182,0.24708357073705453,-2.569996390071177,0.004513183073761763,3.5868028640535043
-0.005953188732641028,0.006726300786318823,0.0049977855267410295,0.0061818876564302535,0.268569208686067,-2.537104734873417,-0.13003142860903827,3.5292676145342208
-0.0059228248705218076,0.006717107125589865,0.004950655379858214,0.006153496832464234,0.2652701521188878,-2.5097751212572463,-0.14538207255263547,3.4780780046049875
-0.005973424145543804,0.006700192112876226,0.00503563760152525,0.006148309088749208,0.26081569912804164,-2.538459679145147,-0.09439120513492792,3.529818311391963
-0.005997551111537109,0.006678823955033483,0.005078636844459323,0.0061236286290898235,0.2545447887968119,-2.5445550131954,-0.05906759167200753,3.539846861930208
-0.006024573501128998,0.00665791176333533,0.005126121035816024,0.006100319651198814,0.24840155491932087,-2.55229826354793,-0.021390480332174746,3.55335253898713
-0.006748573816129852,0.006050328910062158,0.006262810299939023,0.005154671929948997,0.02992775131711992,-2.4028008557339855,1.0435484632135157,3.4085367328421015
-0.006730997225440576,0.006078415336891093,0.006245534260908855,0.005205467687296545,0.037126095815369686,-2.424773815394303,1.020876200930113,3.4426962439145394
-0.006730484109184089,0.006056317661704384,0.006234868543133606,0.0051679825158568735,0.03375437572861827,-2.406464293253745,1.019128595526597,3.408539369423693
-0.0067176970090049234,0.0061079587453092615,0.006235598320797855,0.005258174811161733,0.044341673492785616,-2.4482653655400815,1.003264893711586,3.481426213597475
-0.006717549860691815,0.006089033891857623,0.006227192304850314,0.005225707729138192,0.04113202377871054,-2.4323548874102596,1.0027011608962009,3.451785901520503
-0.006701244846333221,0.0061234564932938565,0.006213779598222931,0.005287122053770418,0.049656707884559385,-2.4594458332553963,0.9804657442070094,3.496145915782322
-0.006682217545340093,0.0061355451611186185,0.006185844297443051,0.00531027763312613,0.0549398577703486,-2.467043329394731,0.9538786502634725,3.5034578669671848
-0.006668132890213854,0.006146907822284807,0.006165993330794608,0.005331393534304702,0.05920900333220728,-2.4744888450316407,0.9339793495071497,3.5123677902450896
-0.006940545034333105,0.005919678812198073,0.006516392192147588,0.004885037346792229,-0.019453360819895793,-2.2892784749290285,1.288231655928571,3.279531634733329
-0.006920676850584045,0.005926603673101371,0.006487506587181509,0.004903184821487429,-0.01528205904910636,-2.297335895752678,1.2623093727389556,3.2850961556476306
-0.006902955226317659,0.00593507613845748,0.0064629552149366954,0.004922930168865637,-0.011285788113225266,-2.306034827779584,1.2397338738552335,3.2931069977003276
-0.006852574932464592,0.005970732059113183,0.006398595993566036,0.004997080392334465,0.0014858137468296022,-2.33845153848293,1.1772996602087569,3.3311890128087414
-0.006886165774871421,0.005945104553006365,0.006440683903917939,0.004944746912929911,-0.00729895438766194,-2.315597646432075,1.2187145219336786,3.303339393482396
-0.006869456984518363,0.005957503663697031,0.006419672938866849,0.004970288479171129,-0.003076980263943886,-2.326804753529618,1.198161326014735,3.316825933529678
-0.006831703783870714,0.005959709663058418,0.006358056677625921,0.004984276744995921,0.003684857382843128,-2.330453251741545,1.146613874649726,3.307273521929352
-0.0068167243834688866,0.005972040434244815,0.006339497402233349,0.005008567111068293,0.007763817283216065,-2.3406794355182643,1.1282009139415754,3.320102700559184
-0.006803353997250351,0.005985485560617136,0.006323983813199052,0.005034192500806281,0.011660758289435363,-2.3516015788968434,1.1119359347261637,3.3349639895057845
-0.006794288913932559,0.005998802840348094,0.006315412554998473,0.005058543136294361,0.015002133242057573,-2.3623171352299748,1.1012891864039551,3.3512399949076928
-0.006755700449251744,0.006031713730546891,0.006266299296895837,0.005121888841830063,0.0259319868455845,-2.387964805299117,1.0519667740788987,3.3837385144682486
-0.0067666021737135765,0.00601616291864268,0.006277364179245092,0.005093587634052681,0.021920901613328797,-2.375780018975476,1.0654438980654823,3.3653343901802804
-0.006778770445340901,0.0060056268763748165,0.006292746006374572,0.005073382341590365,0.018388577897411867,-2.367600414561806,1.080923645036752,3.35490124310204
-0.006649459663079632,0.006169731395266776,0.006142341906513451,0.005372621153056229,0.06651470375272807,-2.4905748560978114,0.906924458625676,3.5358808818570395
-0.006654681465534624,0.006154679604815348,0.0061457185730625025,0.005346088408110499,0.06270716158383179,-2.478796562698176,0.9150276665812707,3.5157652367965744
-0.006628702743301257,0.006173674243363903,0.006107781746134745,0.005380949309301014,0.07045846768304918,-2.4898724683235147,0.8780140988888517,3.5276930213142426
-0.006594238873797498,0.006193608730098995,0.006055049116994481,0.005417238446153443,0.07965801110690147,-2.498991142256269,0.8292183403820171,3.5338031051834897
-0.00660491280117324,0.006179974149688431,0.006068876623725259,0.0053932114370977505,0.07526388428726216,-2.490091099995245,0.8451476942221144,3.5205821846293768
-0.006578405844647581,0.00619782981219227,0.006029084011761406,0.0054250542607694316,0.08278247054312855,-2.498641177835376,0.8074731155522002,3.528439429195295
-0.006511560812093553,0.006243923237895841,0.005927463294565402,0.005504644150009892,0.10193833507798933,-2.5176271914225237,0.7117625836172256,3.545139094975599
-0.006522969445067257,0.006226214198721329,0.0059422191861275555,0.00547438509872781,0.09635409406170793,-2.506738861973139,0.7300948583357726,3.528017205420294
-0.0065589081772487725,0.006204311446207328,0.005997538343957499,0.005436650167975778,0.08685967399490886,-2.4989680606384232,0.7807238735805965,3.5234481277044125
-0.00653963525177115,0.006213645415211658,0.00596722481312241,0.005452870832638702,0.09149766143319026,-2.501336303150762,0.7539935472673757,3.522503065559564
-0.006490652192669725,0.006244572758732485,0.005891716542780569,0.00550513266306099,0.10459898881046445,-2.5114325824660146,0.6849511614011157,3.5285100354273924
-0.006460684575147355,0.006306968666682238,0.005854955928281191,0.005611018154116222,0.12262735754500924,-2.5511388451196173,0.6307065125773299,3.594724235724582
-0.00644560275175781,0.006316250208164899,0.005830797159632617,0.005625844079199474,0.12674581165845555,-2.552790359426582,0.6089542702088382,3.5944066212480323
-0.00647314106258659,0.006260285926677648,0.0058656291714033375,0.005531310826790405,0.11042491183872481,-2.518146521594781,0.6591308615354724,3.53665544225004
-0.006463315949982929,0.006285380017402771,0.005854638725028875,0.005573873231518167,0.11741785742968251,-2.534733895596601,0.6401548823909128,3.5649716567049947
-0.004115655154178065,0.01090754089155533,-0.0010549673282333764,0.0071971364787690156,-0.09814032941054983,0.6697355304802378,-1.841937907589182,-0.274171210612494
-0.004113068428896543,0.010804731128895247,-9.407779086910223E-4,0.00723488132394831,-0.08307514136834947,0.5869885031492122,-1.8635534090911825,-0.18953305824116537
-0.004128680660900013,0.01071084743315747,-8.407602458290301E-4,0.007281600011748094,-0.06832858877985935,0.514325892296991,-1.8929238629253649,-0.10981369638397741
-0.004225697216451059,0.010142464105910052,-1.7928910205224988E-4,0.007487146765901853,0.035372204524947694,0.04543531644616652,-2.0065803077319724,0.40536327137980327
-0.004178246106422737,0.010220542363587342,-2.7152742267306384E-4,0.0074346883767673734,0.016867639825961876,0.10836826448439606,-1.9731317565476856,0.32481263154000356
-0.004161955728280789,0.010308964814055572,-3.767761123683672E-4,0.007408185565669309,-1.6069754061109955E-5,0.18207340715909007,-1.9599613154751627,0.24349772876158043
-0.00411345449488975,0.010391185752530197,-4.6677248797499923E-4,0.007349226812407375,-0.017307766792603447,0.24526212847808423,-1.9210032623584048,0.1630840159174657
-0.004076259482583906,0.010462602526891684,-5.424908149475016E-4,0.007300897560202062,-0.030918293282606837,0.29965753091586983,-1.8891697679519963,0.09593348169959648
-0.004043590393403691,0.010619296079779714,-7.119018636825778E-4,0.007232829365447995,-0.05670780498225947,0.4218128818004532,-1.8481376710068464,-0.039918131759093985
-0.004039048239717637,0.010526213091910897,-6.065673619248158E-4,0.007252898806282164,-0.04250592278752511,0.34552125018282775,-1.8567081472244784,0.037452087018293036
-0.004485794587264089,0.009238261144063183,0.001028445360501888,0.007602729117573927,0.2341207345731062,-0.7437303346706547,-2.003964493299586,1.3120201465729584
-0.004414690729857303,0.009653379699515293,4.630412030928421E-4,0.007649496172828904,0.15306443350246166,-0.3802837684220327,-2.0836503029056126,0.9120544933250045
-0.00439438826039696,0.009709798168588028,3.850010770850854E-4,0.007638078219902182,0.13892001938401768,-0.3298101752251647,-2.0808545567904932,0.8523875820504906
-0.00444469247315064,0.00930244987219147,9.303406723681186E-4,0.0075853358908000304,0.21529341494977164,-0.684547128004546,-1.999112472260632,1.2355096183481662
-0.004409298858608906,0.009363681321237374,8.397465297489581E-4,0.007570699865040471,0.19858003563028437,-0.6290558252994649,-1.9954556603648381,1.1652023903330857
-0.00441590329128153,0.009470656985626649,7.035717547506807E-4,0.0076093340923278074,0.183980413177669,-0.5395571335413284,-2.035242569022359,1.0761542227883554
-0.004393287767669583,0.009420721876570958,7.616854136100654E-4,0.007572377279953137,0.18637342922532943,-0.5796371419896359,-2.002869850877597,1.1085790968882387
-0.004381312829067402,0.009511313694608583,6.418369644783346E-4,0.007585057548525136,0.17015037219758697,-0.5017807376371948,-2.0218688113466365,1.0244177439734596
-0.004389973841121019,0.009575812196881077,5.60133880210458E-4,0.007608878545759838,0.16132530564262193,-0.4471376586891131,-2.045980007983857,0.9713986457331706
-0.004362033531653704,0.00976886285452127,3.0291014116197364E-4,0.007613221581385111,0.12268114372186507,-0.2772513499953624,-2.0682483300276657,0.7862840778173684
-0.004324451646751861,0.009826078078428509,2.2446486258220958E-4,0.007581404106551545,0.10574993584656696,-0.22714625511723294,-2.049884826421916,0.7208903676519184
-0.004286045691028011,0.009885835258980047,1.4479833586637377E-4,0.007547563847430394,0.08928744699036796,-0.17531611377702108,-2.0300741495996824,0.6539148837694692
-0.004271793814108624,0.009946955135076336,6.626205348951394E-5,0.007536169323985739,0.07620315176259641,-0.12244906599178632,-2.026948929112986,0.59443750494473
-0.00422463688068634,0.00999394627609346,6.187627066641756E-6,0.007490744018011781,0.061900691851915,-0.08335206445103945,-1.996884253853959,0.538130538591559
-0.004163514342265639,0.010059454054194861,-7.404403620863127E-5,0.007431103405933489,0.043331265910480685,-0.030642122456461727,-1.9573335983041444,0.4635534960396357
-0.004494807329763341,0.009056749850578293,0.0012629085566717645,0.007532275776367685,0.2578225047138009,-0.891779102156457,-1.9307821572450476,1.465269139281631
-0.00445564275414724,0.009115462035972917,0.0011714794912650749,0.007520771507460808,0.2414232810943124,-0.8378678348867655,-1.9303198287348728,1.3952230850391165
-0.0044262162569388514,0.009173485690842776,0.0010863971254737792,0.007516852809759386,0.22757400089813065,-0.7865356144470254,-1.934687163828816,1.33170785102615
-0.004498317633170788,0.008976315912941967,0.0013641623888879873,0.0074954658177877045,0.26655647438858715,-0.954612194805963,-1.8940713437577015,1.529593516920464
-0.004425488395608681,0.008990627961414937,0.0013096213017249733,0.007431949451948069,0.24648022107521414,-0.926740997583028,-1.8518620749909809,1.4725030931441372
-0.004498302606998696,0.008903278704196658,0.0014528686821090313,0.007456291161717106,0.2723741019247515,-1.0092884852061894,-1.8565910066763671,1.584004009137823
-0.004505491336321575,0.008823353425296266,0.0015522131832360635,0.007417592515927545,0.28025054976351055,-1.0690717053823253,-1.8185144384099075,1.6461386900681259
-0.0045659796491400685,0.008758379154650216,0.0016658285682636753,0.007436332334688892,0.300507951760653,-1.1332036265471326,-1.8207678603824535,1.7346644338938528
-0.004609004895465494,0.008689025704532208,0.0017755204704543277,0.007433088414114378,0.31622707225727437,-1.1954698821072454,-1.806722684418476,1.8143485156919734
-0.00464758911561605,0.008635372206974648,0.0018648381936677884,0.0074339243497555585,0.3296949568415349,-1.2456401119555258,-1.7975875606563225,1.880692386256446
-0.004619164010519991,0.008566278866340054,0.0019242346139499128,0.007357689662477283,0.32269694144661093,-1.2812666005102666,-1.7350900030543215,1.9012862638740822
-0.004599868302847072,0.0084992929344892,0.0019847513600763874,0.007290656018062663,0.3180635230595111,-1.3161086142038136,-1.6796863489950227,1.9252069949258355
-0.004618064945039179,0.008378842300003487,0.002128101842906061,0.00721479616555698,0.3229617169635764,-1.3938291491717092,-1.6083815638395451,2.0056385522020665
-0.004588633416966251,0.008433720031542474,0.00204713772526214,0.007230935762043779,0.31487586895905384,-1.350385730130393,-1.6297623224613171,1.9521422693241373
-0.004654557181782446,0.00831813117195474,0.0022210045184381786,0.007198588930318509,0.33155178787554657,-1.4433294277107664,-1.5850491111691152,2.0679627210904914
-0.004689063228460589,0.008259300017066642,0.0023105227578917465,0.00718016008389341,0.3393207414323814,-1.4902906525397464,-1.56000600412634,2.126841673857864
-0.004726964927262729,0.008192190215842934,0.0024114637917377947,0.007155540712226181,0.34730245470268944,-1.5428811306520223,-1.5285364821405787,2.19218876971974
-0.004872746598945284,0.007997279643694575,0.0027390606211972414,0.007100629967843382,0.3735359282825122,-1.7094381415375342,-1.4386811490016702,2.411807333525903
-0.0048722280504568186,0.00806087974899807,0.0026770846953587577,0.00716275649195501,0.37953580896229955,-1.6814628983047688,-1.4915410067798918,2.3901386729869007
-0.004824148143522569,0.008100924823904173,0.002591419755569505,0.007158298118933912,0.3687690770604402,-1.6366229522538915,-1.502865270285598,2.325040123355802
-0.004781215535420864,0.008142352279798626,0.002510264378580033,0.007158711791135656,0.359366410138845,-1.59449994646815,-1.5160701258763323,2.265645753737344
-0.004884774603758667,0.007926513633435054,0.00281711387925531,0.007039807945470199,0.36928061015160496,-1.7450725629114037,-1.3836480502948907,2.44543912448248
-0.00483251716211084,0.007961741892970126,0.0027323855453952545,0.007030766135701723,0.358804256793558,-1.7015803319928575,-1.3928894407408707,2.380396455427274
0.0047575822936748845,0.0076112504022543175,-0.002943448035120002,0.006615512395057954,0.3038412904814349,-1.765461039378745,1.0949099190133869,2.3732431139663284
0.004755700784946517,0.00766913218101267,-0.0028987196918876796,0.006674161423169317,0.3107598410810501,-1.7513324837066357,1.1377066225395944,2.3645854139359943
0.0047239860455182,0.007563832071010081,-0.002942152656462286,0.006542921097796179,0.2941419669967523,-1.7561777775508483,1.0535312391638658,2.346036274074821
0.004704861162510424,0.007736979095478784,-0.0027953312671278657,0.00670584384531541,0.3067861724631103,-1.7052672845529313,1.1759616413635463,2.3056206266541355
0.004603225739827268,0.007779790918013894,-0.002662543228103905,0.00667371713712525,0.29009203155343893,-1.640996250550158,1.1785132710653672,2.2070363854738546
0.004549702439030148,0.008084214875306618,-0.002358468519686957,0.006911408859115146,0.2967531992421411,-1.507204359921102,1.3725976447621517,2.07513299759511
0.0044417825743848175,0.008160575803478523,-0.002198776607846891,0.006889822262046631,0.27520770229618924,-1.4265183179260525,1.3792992248021625,1.9589752673905785
0.004370744900682755,0.008337307711449833,-0.001979555905193161,0.006970765270839883,0.2617055831414615,-1.3151974106081044,1.4583024794597022,1.8299531808796823
0.004297625750962813,0.008409192063028523,-0.0018581178794907637,0.006963347988813724,0.24461003850116256,-1.2516823987909953,1.4659850682412425,1.7436332392599254
0.004346671605094564,0.008234660370061946,-0.002056412205885863,0.006873676503464785,0.2558787424660338,-1.3541404523807519,1.385347992204629,1.85716285533198
0.0045215218735519605,0.007994677390274093,-0.0024121696147164245,0.006810829070180546,0.28637444214311497,-1.529308251242188,1.3006100036154213,2.081253048792074
0.004500109966117294,0.007902461295403826,-0.002469606739434843,0.00671248303549684,0.2773823860438624,-1.551850329884562,1.2311258373645566,2.090297229198295
0.0045024625590552,0.0078110061217235805,-0.00254379935445213,0.006630899434897519,0.27246401418095356,-1.5816473271310427,1.1708094942651635,2.1147325180460617
0.004222842208082455,0.008483023234193428,-0.0017365359812916616,0.006953287485082169,0.2279045203779788,-1.18743440313019,1.4709949001173384,1.6567370154497976
0.004151396573745722,0.008591372619848998,-0.0015867921951450731,0.006964706760197052,0.20964102736508597,-1.1062454442057277,1.4921957344703165,1.5547569876590168
0.0040747836988781665,0.008702949345017122,-0.0014337081089758365,0.006968115343011419,0.1902054731029306,-1.0210685376506434,1.5069499948641534,1.4474148932858812
0.0038836486821881614,0.00943303780655036,-6.090035832278542E-4,0.007105103238105052,0.09619812480055727,-0.5127139680618837,1.662762060855435,0.8776009167830753
0.0039570122210534015,0.009331057235267348,-7.371345084743881E-4,0.007140002762691528,0.11800702240442922,-0.593674866074987,1.6805870834339771,0.9806360326815199
0.004037929258709756,0.008921176219245786,-0.0011973311634865954,0.007050587564248679,0.16954178646920795,-0.881777805372317,1.5832614695687537,1.2969661256122371
0.003989437935090874,0.008812050902100063,-0.0012821199866268134,0.006957472474404981,0.1684173934385131,-0.9352078070709061,1.5105533777540783,1.3372449517601206
0.003955089300873698,0.009016146942901232,-0.0010640348831598716,0.007024524347085598,0.1482790855535969,-0.8032819671841577,1.5735373402240416,1.194477144030824
0.00391406794588002,0.009225087187266426,-8.349607231903845E-4,0.007070023544043766,0.12284605901823352,-0.6598775059054941,1.6216942586385077,1.0367107022602882
0.0039017809575288918,0.00911200449711482,-9.460189726446099E-4,0.00701931195221932,0.1310989384271775,-0.7315242900953919,1.5771399403526551,1.1071232882023567
0.0038180890075221784,0.009574878038175184,-4.4629017622393314E-4,0.0070805577160319155,0.07101726654006303,-0.4055626469267549,1.6543821447163762,0.7503610074840542
0.0038443226280513994,0.009733998200177533,-2.8251404053763535E-4,0.007126760741707316,0.05565779516731204,-0.29139227938152884,1.7000589077739379,0.6396459566357696
0.003748779772214598,0.009847134562572751,-1.552933547097462E-4,0.007056739559865416,0.031143587952237813,-0.20500204424234417,1.6540425219705572,0.5266772070884507
0.0036882819760392853,0.009982379911279003,-1.5144915096131643E-5,0.0070122403842815964,0.009798442545131557,-0.10663713646947016,1.6285602068561913,0.4108672003586801
0.003718309017870077,0.010143131454953585,1.4841595671078912E-4,0.007032864007691251,-0.007069128899572611,0.012265034169386919,1.6557951101746906,0.29575580467420687
0.0037377816857090893,0.010394456569459861,4.057740931676373E-4,0.007020988782243107,-0.03800932090065448,0.20051882621413217,1.6644061104002217,0.10666960117662773
0.0036796003174573285,0.01027392298484003,2.7665700885589316E-4,0.0069903744221756214,-0.02703203785684217,0.10587664223585573,1.6311226587670842,0.19044941595606854
0.005060357223450152,0.007125321559703985,-0.003587692370236769,0.0062637307265119785,0.2864341484560527,-1.9943909567795077,0.7557061096247197,2.6515225908887494
0.004990098507782946,0.007165826016355684,-0.00348290887956675,0.0062709551538395955,0.2831014181485149,-1.9522052086972952,0.7866871711415331,2.5887855960324906
0.005049195836818551,0.007046545273969123,-0.0036133202188378777,0.006162648940816826,0.27166641609217135,-1.9860430121006465,0.6983671847760289,2.6245375211832784
0.005241717933345894,0.006767232867131814,-0.003966073816492259,0.005913946701922696,0.24243316561446915,-2.0693968866584043,0.47802010075887413,2.7240055193890162
0.005149405280079998,0.0069256830077431665,-0.003789841329515566,0.0060682552771848764,0.26233113420242354,-2.0369917077012367,0.602656889300977,2.690279457541078
0.005187510397034256,0.0068469484333369135,-0.0038688865896189285,0.005989032479249125,0.251688693643036,-2.0499677040224102,0.5421801538709063,2.7014459214571556
0.0050416085750303275,0.006955273181757093,-0.0036457555296756016,0.006049135966134573,0.25646200273313835,-1.9762798648853317,0.6354714587529356,2.595379032343818
0.004831446790279957,0.007471903680224813,-0.0031192052554215592,0.0065179964248056185,0.3017861170393929,-1.8333132506486207,1.0037335241526666,2.453232900514159
0.004955388758751856,0.007240425564281443,-0.0034014176598106986,0.006337191333113752,0.29002924524423174,-1.929175612701645,0.8415286267048093,2.563977539698698
0.004930549015259218,0.007166048417209037,-0.0034135169729977042,0.006236533970532073,0.2745721564789085,-1.9176486658703271,0.7867123687971064,2.5315483169623896
0.00485753999380989,0.007383799103971952,-0.0032049532767539773,0.006438343537266603,0.2949413099555534,-1.8602264669129733,0.9411488678197616,2.4785812260697178
0.004897612865265314,0.007312457078041287,-0.0032935063396731033,0.006383873358442391,0.2909501277580166,-1.8905681561329317,0.891848998577852,2.514222978708688
0.004734695086108638,0.007489803618473578,-0.003003752204284576,0.0064727987626429445,0.2874502924932249,-1.7759659325125006,1.0018067016508665,2.361387531582156
-0.00818862768350935,0.005339642682041291,0.007767144768587892,0.0030188599753870455,-0.1269386639924839,-1.159376503971273,2.3537964316628543,2.0082726006967175
-0.008176263681592353,0.00532945841775558,0.007741744946454057,0.0030229090256966803,-0.12835058785290362,-1.167468060323065,2.3369365827666897,2.009020100398287
-0.008173995740642207,0.005345356249420673,0.0077576159099067106,0.003043262483139535,-0.12771068005415848,-1.1750049833864673,2.3474708717904056,2.026082942059415
-0.008161574366225766,0.005335185976552308,0.007732091514077158,0.003047189744391975,-0.12999276872827017,-1.1829726702646435,2.33057192286809,2.026677087203162
-0.008159381790995318,0.0053511157673393935,0.007748003017362567,0.00306765390337387,-0.12738781260934484,-1.190597558293339,2.34101552465041,2.0440164723539453
-0.008115649345237107,0.005368669455772495,0.007718750555242235,0.0031405330284092676,-0.13090964814534448,-1.2370720972429676,2.3213233965332836,2.0976706001236582
-0.0081031206713008,0.005358786861147943,0.007693086013575919,0.0031441271642390985,-0.13465392061559425,-1.244849498649162,2.304242898070841,2.0976049047064147
-0.008130208448819098,0.005362772427933635,0.007728566400884059,0.0031162988761717476,-0.12827897697114626,-1.221607384478464,2.327935701917281,2.0798974066535822
-0.008117699053220217,0.005352852022681224,0.007702979322124512,0.0031199820001922038,-0.13396318611949057,-1.2294346977621642,2.310993256285563,2.079903957677923
-0.008144785978910383,0.005356921179222513,0.007738316215459551,0.003092008447925802,-0.1270390747752672,-1.2061288402140957,2.3344920773634024,2.061996710126054
-0.008132287945936118,0.0053469157298954365,0.007712739003566866,0.0030957641171743817,-0.1330947634261689,-1.2139757074390436,2.3176160913271286,2.062146263882006
-0.008146909369692963,0.0053410103821034125,0.007722421684163553,0.0030714867091846117,-0.1317015647380878,-1.1984821510218737,2.3241330608088453,2.0443874411352874
-0.008075809291054127,0.005354495795474534,0.007657359073984941,0.0031715719740879407,-0.13195924979441923,-1.2719025044616625,2.275025044156855,2.120616243138286
-0.008090436778249952,0.005348573341087422,0.007667552647204946,0.0031476399788147925,-0.13104475164334364,-1.2566093721909015,2.2821232134728784,2.1031246737504996
-0.008291542990765968,0.005300938961069021,0.007831637815630042,0.002847367481676294,-0.11443448467995576,-1.0500061355122403,2.3948451850860937,1.8836660164604544
-0.008306313695911127,0.005295594968187608,0.00784055362966328,0.0028227244124593384,-0.11381283671127647,-1.034247106979013,2.4004387691342695,1.8658312562540063
-0.00829407811718019,0.0052850935231255934,0.007815655001352997,0.0028277484476724843,-0.11584126333063301,-1.0427368511902515,2.384434243013598,1.8673796067670005
-0.008262052251258773,0.0053117660443781954,0.007813575226845573,0.002896566414575559,-0.11571347403317174,-1.081355601432634,2.383427112099762,1.9195097078752437
-0.008276789128081427,0.0053063293371923064,0.00782264215711889,0.002871989312186567,-0.11467989942919116,-1.0657110030472372,2.3891610120082385,1.9015882416142695
-0.00826443624740145,0.005295940850172387,0.0077975893360846755,0.002876844145184926,-0.1201051406868915,-1.0741072975093091,2.3731136407349767,1.902814306537554
-0.00827923377622875,0.005290475368808538,0.00780662630603465,0.0028523097102063455,-0.11806351636874256,-1.0584274794314397,2.378806515332221,1.8850760138695517
-0.012071876318959049,0.014550530575541355,-0.007584092400929696,-0.0034530562157572536,0.2311692592897435,-1.4978339662100053,2.660451890180129,2.7369068560594862
-0.012084779496342875,0.014559884031298183,-0.007552466100614969,-0.003452950010111975,0.22392111657028677,-1.5012312537270611,2.6396629481344025,2.7263432178023823
-0.012086162244613063,0.014543999019492741,-0.0075732159009838556,-0.0034768456389098774,0.2303190079516414,-1.5146361114484719,2.6476294378514678,2.7538364665719626
-0.012099091300532648,0.014553351410240278,-0.0075415253553115106,-0.0034766021056640765,0.22422675988147445,-1.5178474737492247,2.626700307329424,2.7432551847250193
-0.012100427570042293,0.014537422618955197,-0.007562265239676802,-0.0035005996176838993,0.22907895780256318,-1.5313749219240258,2.634668722726809,2.770648814491336
-0.012113398371247508,0.014546801482920048,-0.007530452401008585,-0.0035001952018145787,0.22445563519777764,-1.534369998210109,2.613630799334688,2.7600253216439614
-0.0121146721502037,0.01453080144093215,-0.007551231228992812,-0.0035243378918911592,0.22865588200244238,-1.5480477170601545,2.621528394186796,2.7874255105962433
-0.012127695163844108,0.014540207951117545,-0.007519289940079257,-0.003523757590168528,0.2243399567961126,-1.5508160549075003,2.6004695270444596,2.77668736771176
-0.012128895840071584,0.01452413555302291,-0.0075401096973407395,-0.0035480691615786416,0.22972586668111714,-1.5646359981727092,2.6082028331912186,2.8042519501221563
-0.01214197152075089,0.014533528965583053,-0.007508106401953727,-0.0035473390364418322,0.22396875218362342,-1.5672186641651467,2.5872293661197343,2.793327443908011
-0.012143098494643411,0.014517425023423977,-0.007528908730914728,-0.0035717759174422026,0.23136600516023534,-1.581114353065581,2.594739090493378,2.821120293083053
-0.012156214237957154,0.01452675520259427,-0.007496931079995339,-0.0035709433794983247,0.2236202153462632,-1.583582673195705,2.5739076325519865,2.8099813805044884
-0.012157279968945646,0.014510669920930357,-0.007517637774347184,-0.0035954380976347144,0.23273447312245835,-1.5974764920626228,2.581201162175677,2.8379608653078066
-0.012170414656593576,0.014519905485164575,-0.007485750863783108,-0.003594538879128657,0.22346998919594444,-1.599884516925913,2.5604936039273043,2.8266286092070847
-0.012171440118039542,0.014503870314936747,-0.007506303780432633,-0.0036190413070924464,0.23324757257425163,-1.613736409304625,2.5676336441876337,2.8546851033917755
-0.012184578695335851,0.014513011667398374,-0.007474516167419375,-0.0036180883896367436,0.22367596135488357,-1.6160950325618042,2.5469745163509265,2.8432193202634455
-0.012185578797026964,0.01449702627543871,-0.0074949105038027465,-0.0036425780669733596,0.2322079800548863,-1.6299187563561504,2.554035946383866,2.8712080432577114
-0.012198727025606676,0.014506114164427056,-0.007463146718515294,-0.003641553044009454,0.22422841580080835,-1.6321869417762704,2.5333355619405853,2.8596697395194224
-0.012199695861056147,0.014490137873033795,-0.007483449374875541,-0.003666066343500104,0.23024760283266976,-1.646049068817942,2.5403496791445015,2.8875301011931067
-0.01221287658466561,0.014499227658479734,-0.007451601570894586,-0.003664922287083219,0.22471392802538362,-1.6481514495136615,2.5195747561426542,2.87592171842844
-0.012213791167466397,0.014483205177866363,-0.007471902885984892,-0.00368954203353796,0.22939665347986724,-1.6621319430088795,2.5264973255903946,2.9037714144547393
-0.012311837995365548,0.014433441674724524,-0.007388942428610078,-0.003852996587572637,0.23274104871082468,-1.7720551619012508,2.4264695859103145,3.016194259430192
-0.012297898706704344,0.01444068255268562,-0.007401018306631005,-0.0038297496096920108,0.23161267215949452,-1.7566070306270116,2.441003573328707,3.0004291289835883
-0.012311388799432318,0.014449440568608514,-0.007369043803505949,-0.003828011641832763,0.22512332704278723,-1.7578622334983074,2.420465292620435,2.9878318845775467
-0.012325754459026412,0.01442615704605234,-0.007376796294596681,-0.0038762006219794157,0.23363651508803854,-1.7873948562367274,2.411873004930209,3.03188071486584
-0.012325353140385993,0.014442154657647449,-0.007356981914831401,-0.0038511401514986425,0.22504199156495777,-1.7731712517210318,2.405890096270852,3.0034846491947538
-0.01233964796343263,0.014418828737030386,-0.007364592880637875,-0.003899336966341574,0.2327420218259049,-1.8026432988667462,2.397226633795375,3.0473927006932118
-0.012339259544071156,0.014434820159727274,-0.00734490399573834,-0.0038742114798738484,0.22529430569091827,-1.7883809495097174,2.391248286787153,3.019082570121593
-0.012394989703775477,0.014389080122167905,-0.007315020199541646,-0.003991557746926542,0.23229012763065846,-1.8628883993596113,2.337356216991235,3.108455323215962
-0.012408656032793898,0.01439773297584754,-0.007282834710722289,-0.003988796743249922,0.2265880488844567,-1.862922464397517,2.3164971824513896,3.0951693134138156
-0.01240876639851925,0.014381534484329047,-0.00730243755332696,-0.004014531161943894,0.23299965829628708,-1.8776805028041956,2.322056744996088,3.12360989918243
-0.012381189378714533,0.014396582438974286,-0.007327531989951108,-0.0039685423678573915,0.23148718363853185,-1.8479788228160183,2.3525393574254916,3.093247845181319
-0.012394815644032067,0.0144052568720288,-0.007295381147394578,-0.003965924928900535,0.22655365193916113,-1.8481719197419963,2.331617116918213,3.0801210173756393
-0.012367365557503276,0.014404041361879701,-0.007339968476127632,-0.003945493328244528,0.2308714599196723,-1.832952627236567,2.3675882074430166,3.0780063307993752
-0.012380938828847693,0.014412719348628525,-0.007307895622515939,-0.0039430304069603345,0.2265309033128741,-1.8333463680352395,2.346668615678416,3.065010529021395
-0.012353518374336696,0.014411456818519205,-0.007352322037046832,-0.003922424946380071,0.23124513880547895,-1.8178305271922106,2.3824819504238093,3.0627380352770555
-0.012367039615265646,0.014420118938651244,-0.007320359556577003,-0.0039201247536623475,0.2263689993658792,-1.8184503423890488,2.3616410782238617,3.0498329270174787
-0.012353143814484551,0.014427475042842863,-0.007332712570882791,-0.003897198373560971,0.2258916392631736,-1.8034707558118999,2.3765069519366073,3.0345414453611084
-0.012422458998051021,0.014390153681416896,-0.007270250879468387,-0.004011636941503394,0.2266735623378137,-1.8775891315884026,2.301308697002566,3.1101450235053254
-0.01242251932881241,0.014373945598830679,-0.007289785591073984,-0.004037459795885405,0.2335293625985583,-1.8923631174571567,2.306647096003799,3.138696916179795
-0.012436232104576244,0.014382523559324026,-0.007257613058561514,-0.004034444680960889,0.22682217448506856,-1.8921671431421696,2.2860451838749434,3.1250372200837977
-0.012436248360560212,0.01436631353955115,-0.007277063951045388,-0.004060344333650859,0.23386982522629438,-1.9069447991821136,2.2911226505291857,3.1537088085136133
-0.011913413003953132,0.014619399384801347,-0.007698880980057335,-0.0031889320596457204,0.23042604168538042,-1.308219488650506,2.7958240369724527,2.5440000165994396
-0.011925991888640478,0.01462925696546589,-0.007667244641771557,-0.003189905370826756,0.2246225838670833,-1.3128531276883522,2.774863213970914,2.5349553538721885
-0.011898891187242081,0.014625387795527458,-0.007708846920094523,-0.0031647647747733237,0.23225900869513638,-1.290543736007625,2.807365721110537,2.5262410347287476
-0.011911464655038865,0.014635228173888874,-0.007677284761520861,-0.0031659021996482723,0.2243388330755556,-1.295363613051702,2.786526608123028,2.517227123817556
-0.011884350654762893,0.014631330544227503,-0.0077187400202427025,-0.003140558529120339,0.23362570124163695,-1.2728354989589579,2.818792503772379,2.5083257206667033
-0.01189694239674919,0.014641196430589434,-0.007687159492679403,-0.0031418378676093457,0.2239859432736909,-1.2777729007556557,2.79806173553984,2.4993442060167865
-0.011869791551180904,0.014637227572066366,-0.007728567886413396,-0.0031162944573649397,0.23363147279364946,-1.255059431270454,2.8301597963536445,2.4902225226481907
-0.011882397849378994,0.014647161685303353,-0.0076969012933875,-0.003117686781876971,0.2238699267938636,-1.2600694640737353,2.8094770101364044,2.481326000356465
-0.011867806866933802,0.01465309215609764,-0.007706584899389254,-0.0030934646329420223,0.22413024938857626,-1.2422704570460892,2.820791912255379,2.4632401604705003
-0.011938709703085389,0.014639507311448655,-0.007635581721249218,-0.0031906567353124087,0.22330137971478284,-1.3216163369627967,2.749164615168047,2.5306611622867443
-0.011953364636231754,0.014633598368152345,-0.007625087195687194,-0.003214448861279993,0.2232425873793483,-1.338947572435493,2.7370816905964506,2.5480418888300886
-0.012000142764298621,0.014582513384860307,-0.0076373755431745115,-0.003333549077450589,0.23288019667469328,-1.412942369477119,2.723236835174484,2.65039441862349
-0.011985736283431542,0.014588774500088612,-0.0076478128659830105,-0.0033095334774401277,0.232685145974467,-1.3957437028078603,2.7355943818470485,2.632742105994463
-0.011998648886047724,0.014598464554422928,-0.007615876895750999,-0.003310063666112892,0.22322273949829188,-1.3996411277670318,2.714949482738458,2.6228333104876325
-0.01198417716062334,0.01460477486153878,-0.0076261906017866385,-0.0032860391020946788,0.2234256113102774,-1.3823766555698453,2.727111125973398,2.605286425939657
-0.011982774971014477,0.014621277092452313,-0.007604201569021192,-0.0032625791069471207,0.2233309743688666,-1.3736931118996887,2.7127539755289374,2.583157309661266
-0.011968080017178242,0.014627532819816269,-0.0076145766640206254,-0.0032384364085091045,0.22326934242931348,-1.356327068459992,2.7249036206667814,2.5655430103939207
-0.011851263498425852,0.014675158869775986,-0.007694122551327741,-0.003046682643652579,0.2240628054273137,-1.216521764606689,2.817255958106225,2.424082451251705
-0.011866004008600045,0.01466933987211627,-0.007684389763066947,-0.003070877597302435,0.22400036969324713,-1.2343247727219948,2.806033731418187,2.442076431792494
-0.01184947010038554,0.01469163597074367,-0.007671199536835383,-0.0030239929233538258,0.22072229070263363,-1.2072103746907723,2.8039703756768706,2.400628814093714
-0.011553750870915652,0.014781949939486385,-0.00787123928746966,-0.0025575010311035713,0.22820520967653055,-0.8476822309319431,3.0172713744748987,2.051819101578411
-0.011538770633325852,0.01478683010549773,-0.00787915717484767,-0.0025328056617868774,0.2285109481740015,-0.8286895758254831,3.025983363087686,2.03266273106787
-0.011508672203539792,0.014796552123483549,-0.007894683985895538,-0.002483114844042469,0.22907380910569905,-0.7904172373198897,3.0430350667029042,1.994010160178947
-0.01152375670118353,0.014791710270111223,-0.007886938377777505,-0.0025080127881554133,0.22879730478800678,-0.8096133755632554,3.0345456655782006,2.013390864548143
-0.011565712873549528,0.014793243399995179,-0.007839592588933882,-0.0025607709884881533,0.22461117828796015,-0.8586516669422813,2.993836728136484,2.049119716536716
-0.011580666661238545,0.014788365593189337,-0.007831486749443383,-0.0025851869732206336,0.22434113285527654,-0.8773777340629273,2.9849256036412304,2.0679563217492962
-0.01159560236544892,0.014783439539577807,-0.007823309908972306,-0.0026095749086227763,0.2240928066622466,-0.8960468997107361,2.975906434735343,2.086742344742675
-0.011610609121505543,0.014778785348307441,-0.007814439895918311,-0.0026336928150396187,0.22376633729123374,-0.9146677748173705,2.966349586832649,2.1051728934862006
-0.011625717274989908,0.014774155910365155,-0.007805250669865242,-0.002657844843535838,0.22342010348355298,-0.933331833208105,2.9564961562899406,2.123553980068398
-0.011640874065366173,0.014769165194624284,-0.007796427246681875,-0.0026823943228344986,0.22313478306182757,-0.952095452693369,2.9468029717783337,2.1423021339587582
-0.011656023028540631,0.014763844069092216,-0.007787974875272348,-0.0027072438859925465,0.22291616789537624,-0.9708965839988816,2.9372857436925455,2.161343326775324
-0.011671072480868822,0.014758350610018942,-0.007779736378909114,-0.0027321077921971418,0.22274244050068503,-0.9895908804684598,2.9278649268894856,2.180418174364187
-0.011790256570982835,0.014715720908105091,-0.007706930625209599,-0.0029257860019328012,0.22104319402064462,-1.1352155697626671,2.845998325329314,2.3267317032163946
-0.011834819122574489,0.014697411031699812,-0.00768058350286501,-0.0030000146528474585,0.2208396678361952,-1.189565800308124,2.8148133361571444,2.382742342502834
-0.011820199005553788,0.01470360755615376,-0.007689111826010896,-0.002975487534320268,0.22086174231487635,-1.1717110504368018,2.8250443734254964,2.364218282457703
-0.011805307511307815,0.014709802256567926,-0.007697799695512336,-0.0029505912789683972,0.22092044539374722,-1.1535206084963343,2.835392872521746,2.345406191155704
-0.011847704996255268,0.014707949168836332,-0.007648506554447487,-0.0030017053950922704,0.218096088687749,-1.198411905706122,2.7904598107120058,2.378208755062177
-0.01171564642993845,0.014742460604932837,-0.007753692262885034,-0.002804962972755898,0.22212858035458147,-1.0445082017710339,2.8985012649346173,2.2358653816513705
-0.011700928656374234,0.01474775311989776,-0.007762387465328201,-0.0027809140004170702,0.2223174508960939,-1.0264202385261747,2.908323146267447,2.2176041403857494
-0.011686034269630172,0.014752985946898252,-0.007771214616070446,-0.0027566586531410395,0.22255509540876803,-1.0080941189785104,2.9182171290079153,2.1991704977177644
-0.011788237656937829,0.01473375409535406,-0.007681345189139121,-0.002901658247215832,0.21818010434379306,-1.1260249143937615,2.8305043440469757,2.302475605295172
-0.011773004308043138,0.014739405690718013,-0.007690785523665036,-0.0028770413223373173,0.21835025230806093,-1.1077210596680536,2.8412203804768024,2.284033723365434
-0.011757713573546361,0.014744699034278766,-0.007700677892607165,-0.0028527129305305787,0.21858519902672888,-1.0894217358059162,2.8521707587214085,2.265880948195204
-0.011742493296897217,0.014749511028552044,-0.007711071598234725,-0.0028289607394146195,0.2188967666648531,-1.0712986341423754,2.863351254883781,2.248257267638692
-0.011727796007596018,0.014753926128567471,-0.007721316998355856,-0.0028062201738338426,0.21923671192545793,-1.0538008370448677,2.8742227857439846,2.231403835654671
-0.01131937916007493,0.014883002026450176,-0.007931904613813308,-0.002143139977773612,0.22683223943270095,-0.543934192379769,3.103644161150257,1.7183599641769474
-0.011334611428636591,0.014878030816492013,-0.007926599402112926,-0.0021686417392209815,0.2266309627203915,-0.5634552550116458,3.097641668183495,1.7386704955486856
-0.011238600732699255,0.014922379991188778,-0.007934009925285646,-0.0019963350424209,0.22524554695646756,-0.43966945499411486,3.1168180347593957,1.5977663375371902
-0.011283878226477024,0.014907147393791315,-0.007921536955589935,-0.0020724767375640686,0.22482517217925554,-0.49750342151038934,3.1020874323566665,1.658855959274689
-0.01127012679974619,0.014908365990875019,-0.00793147777794051,-0.002052347055487204,0.2256271496225441,-0.4801547583381732,3.110754582061226,1.6435496819935136
-0.011257580858488445,0.014918446254089196,-0.007924666550936835,-0.002026155848547743,0.22458513080285988,-0.46378015170714626,3.1079409950745958,1.6211260795625662
-0.011299657470496395,0.014904494162189044,-0.007912179410537819,-0.0020966017718077666,0.22417557793041656,-0.517416290951002,3.0934617597370395,1.6774958258958244
-0.011315568800374714,0.014900640161753886,-0.007904625424986276,-0.00212190951176314,0.22372994849249284,-0.5375431895525219,3.085956118476636,1.6973305038602085
-0.01146019239479163,0.014827232666928212,-0.007892661903989651,-0.002387422477345666,0.22648087495933908,-0.7252980854102645,3.0521455749120308,1.9141947073453842
-0.011445293713454187,0.014832176979757673,-0.007899218981440125,-0.0023626048773619773,0.22669307373124278,-0.7062847712848778,3.059493143062832,1.8946637224165486
-0.011430084285812813,0.014836948299161967,-0.007906206398497819,-0.0023375022374435128,0.22697865952511279,-0.6868945800481009,3.06712512242737,1.8749547136350964
-0.011471746382931027,0.014838871008151802,-0.00786126194315423,-0.002390953921864419,0.22355820648563265,-0.737128295265009,3.0288576835839276,1.9126715582817517
-0.011350232971393235,0.014873918779121455,-0.007919259477788333,-0.0021938426061285615,0.22619831004528038,-0.5833609511152192,3.0901326933053315,1.7584649952439875
-0.011365011859602262,0.014868726968484104,-0.007914402197286842,-0.002218861705779417,0.22610293782212354,-0.6022875591068771,3.0843763292957624,1.7784044433257835
-0.011377033722851468,0.014878712424859612,-0.007885838712368953,-0.002225737603522571,0.2232951288683389,-0.6158219489415512,3.06321250337653,1.7802252949121544
-0.011426755551994778,0.014854407289422443,-0.00787964784721122,-0.0023158457908049016,0.22411368238054732,-0.6800858754727398,3.049970480808365,1.8535100139910445
-0.011423075795531382,0.014871929411928485,-0.007853396850078272,-0.002293867042341661,0.22107035544036083,-0.6727218865598824,3.0332763724959406,1.8317382432952234
-0.011407077667448253,0.01487531281669408,-0.007863067939091728,-0.0022693001076419124,0.22164498474297775,-0.6528791618628409,3.04267598514892,1.8129089359774853
-0.011391129099445346,0.01487759191556795,-0.007874409809160475,-0.0022457703924330884,0.22242418362336736,-0.6331872735079204,3.053108110163283,1.7951392173795002
-0.011490228038471469,0.014817834945126921,-0.007877954910130392,-0.0024367364095893708,0.22591226011843754,-0.7634170423336548,3.036146786941416,1.9527204338818012
-0.011505501217740051,0.014812980150010467,-0.00787034134775348,-0.002461812532471471,0.22563067933957168,-0.7827491399777652,3.0278189530465753,1.9722641474617786
-0.011486721271693446,0.014834650306082721,-0.00785319099275848,-0.0024149084410551506,0.22319343172572048,-0.755873195784362,3.0204091818217056,1.9312064979353145
0.015556004142179414,0.0157016005840787,0.003042106999024187,-0.002959761056070536,0.041274958621236646,-1.2452261096822517,-0.12367565322312814,1.4464848828416992
0.015337816350857994,0.0159727455465032,0.0031411349955618646,-0.002788177598725819,0.035272838511954105,-1.217212241987221,-0.22619794504151014,1.4138997336546448
0.014978098723530198,0.01603813116302176,0.003391234653953423,-0.0027676502791691674,0.03538525065150667,-1.2449490670603602,-0.3437793114207159,1.4591965005089818
0.015314500163046769,0.01631248644539272,0.003063216970433324,-0.002548237715634711,0.026097533900154162,-1.1404319423693676,-0.27488407446258906,1.3142891553723623
0.013788878808572042,0.016212547312188814,0.004249322999220383,-0.0025507928274712053,0.03676270790218363,-1.2308667260607722,-0.8145070350444684,1.510242433800592
0.012669156044910885,0.01631523163612884,0.005039376690668006,-0.002097583654791102,0.043865959960108246,-1.0054613052064312,-1.3306975006555446,1.3513475796162184
0.012533932284756365,0.0164554203781138,0.005011827808103286,-0.0019336166884190698,0.03923644400890715,-0.9182243401790563,-1.3520788854024925,1.2476720813817992
0.013489776190524409,0.016296944215865913,0.004432797236303842,-0.0024153890807835083,0.036000560221572935,-1.1766056277634818,-0.9440074132073059,1.4660200005834394
0.013189770888653704,0.016342642157339746,0.004631441040283921,-0.0022894572976102224,0.03720329690508595,-1.117132853598345,-1.0765840077368727,1.4211836490988938
0.012905872632650731,0.016339985294906403,0.0048456959633265476,-0.0021849037465775604,0.04022330610648122,-1.060174971123956,-1.210916875522871,1.3842622121029615
0.014616339793445366,0.016207838090370418,0.003605313669293369,-0.0026428126820206076,0.031413160234229465,-1.2267473423432271,-0.48237025716942145,1.4505457919450793
0.014294048158642597,0.016235637217799324,0.0038404029082024253,-0.0026036250626119105,0.032794377153319385,-1.2312908973108476,-0.6038172526444556,1.471881723125618
0.014058984981901985,0.01644811829564587,0.003913799220916474,-0.0024156299997892105,0.02623611371651444,-1.1635206499135908,-0.6953020016139341,1.3969790332501095
0.012323033232751263,0.016477282880936653,0.005129893215476504,-0.0018092812045042703,0.041762490295032484,-0.8405823969841696,-1.4369734863488974,1.1793944757365287
0.012087465833990313,0.016466546144093534,0.005285899062684229,-0.0016799702853018885,0.04553887161468701,-0.7522539718280372,-1.5400094100528012,1.1070725928720633
0.011836246271421396,0.016469418074945296,0.005427587243755246,-0.001518753201961368,0.04813850880643584,-0.639991331262912,-1.6384200564906692,1.0084959501273534
0.011600160774700302,0.016474490927999585,0.005545637692272593,-0.0013531073265764984,0.05043836233088148,-0.5217021306984689,-1.7208941335763612,0.9016393320746442
0.011376445401585764,0.016455575362378988,0.00567171503119076,-0.0011962688786456104,0.055170724529750186,-0.4041928533780253,-1.802195582615564,0.7997897618268122
0.011146877199046196,0.01650656252368413,0.005705546671061968,-9.96581903832999E-4,0.05662074098599023,-0.268439921789491,-1.8357823547920924,0.6610943055586316
0.010960392283761672,0.01634388544737859,0.005968212756439197,-8.987536108006429E-4,0.06656409776324078,-0.15644419787222616,-1.9781191579602917,0.6007835607204449
0.01077808761552506,0.016250911783012707,0.006143973502151821,-7.630381597246348E-4,0.0773162694951778,-0.029987327623400933,-2.0746848278521193,0.5090641330312172
0.00998523319956168,0.016196638751185814,0.006327172844361227,5.619789493166196E-6,0.0860081775708872,0.5568812603052352,-2.1474301437353063,-0.041592559190371296
0.009815566048739573,0.016176925636940946,0.006345776176655945,1.7800303432236755E-4,0.08711100745698243,0.6864814218540727,-2.1403986280730263,-0.1644246169682945
0.009664878143136112,0.01615281855184096,0.006361748115896325,3.331059998246299E-4,0.08853017907887818,0.8034094544684037,-2.1306051940255397,-0.2741218302980482
0.01059242808423742,0.01627265025676156,0.006162081139507739,-5.82847757007403E-4,0.07560277205227174,0.09985615589158503,-2.0860623372103384,0.3791403417568295
0.010427867801673266,0.016261919670322245,0.0062067685747716666,-4.278097268474824E-4,0.08040872909065376,0.21823132851251797,-2.1079936401514736,0.2691404645911961
0.010285214420456032,0.01634391538857877,0.006115626999171515,-2.812362075248444E-4,0.07363061547132303,0.3028322822287906,-2.0552873354876513,0.16050869451084657
0.01009499952234633,0.01635975939637458,0.006106226275980683,-1.0071680351405201E-4,0.0735537386652919,0.42907326943957186,-2.0409620704454277,0.032063073380749874
0.00943374709852552,0.016066720394531834,0.006436428390195635,5.857955738901738E-4,0.09297763771421652,1.0072836441547848,-2.1331839375154984,-0.4503266248105163
0.009532884810345248,0.016141924176120346,0.006353784501629852,4.682336568809276E-4,0.08708836142122316,0.8998945362112378,-2.108422330132733,-0.36822426045588474
0.008257501090730944,0.015724089539514464,0.0063087683021303825,0.0019022067585054666,0.07228737265035336,1.8989730580555675,-1.7530688287454719,-1.2853799612325878
0.008129149631669899,0.01566814143551155,0.006279329254946251,0.002055096308628707,0.0672793822450854,1.9915999457801168,-1.6898962373650952,-1.3701144645611654
0.00795865414870726,0.015530617643871215,0.006303324278405181,0.002311653979802934,0.06333504806668287,2.1708300625231733,-1.6128943712485848,-1.515816977765413
0.008014021533068233,0.015640067171419882,0.00621926352018435,0.0021727670692078325,0.06051107261155954,2.047559763718393,-1.6217112718140325,-1.428575855179465
0.009286263481341324,0.016099359933652226,0.006350296143635375,7.25804591450896E-4,0.08596356178822694,1.084406041482038,-2.0645558224149556,-0.544974872954585
0.009120402168039042,0.016085676544349805,0.006313256679824513,8.934870338110197E-4,0.08372307483843033,1.194622329984706,-2.014076135065531,-0.656206762554167
0.008941152858078035,0.016056850148320572,0.006279595321039698,0.00107710710714892,0.0803558856920233,1.3156577213785627,-1.958992121288272,-0.7753266206891429
0.008475650430312055,0.015863820565654756,0.006281907857345315,0.0016126628942193216,0.07525718324790304,1.6914361086615148,-1.8260683024165927,-1.1109205665646036
0.008321067404929735,0.015841460327250055,0.0062072780899731506,0.0017630893986154514,0.06768900899371133,1.7687889983305602,-1.7460748386339198,-1.1942025377252146
0.00876897284847976,0.016003586779669295,0.006268536930167856,0.0012640100082795234,0.07910426643079767,1.4440072185342887,-1.91040793470814,-0.8941485015960532
0.008565414157296416,0.016010123916178894,0.006150086619676463,0.0014444193249963256,0.06922193767600093,1.532890784621003,-1.8059771551566575,-0.9991515626414992
0.0036800538700987556,0.01052772174961341,5.270070868500115E-4,0.006949409124057524,-0.056668945931272814,0.29243399179226365,1.6171503977168704,-3.936243016097848E-4
-0.004225298444417612,0.011166075443415448,-0.0013859589618798625,0.00717137735702639,-0.13506169450709146,0.9056002826371313,-1.8396776103051866,-0.48471933397926487
-0.004145299777188486,0.011094587490705169,-0.001269109057441678,0.007138441025112157,-0.12398005160445118,0.8242275244676492,-1.8096488454046635,-0.42479124324937606
-0.004070658468376984,0.011014357336966436,-0.0011497089488527988,0.0071120703069092435,-0.1126051769093721,0.7400684186607919,-1.7836057731458348,-0.35976043790833795
-0.004206358496201188,0.01126440440430783,-0.0014785062990065343,0.0071007443934380035,-0.1470716093997695,0.9735242923427513,-1.7916090202094177,-0.560761625613679
-0.004194239608764468,0.01135398361753658,-0.0015622468934089432,0.007038118535659276,-0.1571300201587734,1.0346675609550344,-1.7493783377839394,-0.6277141959268695
-0.004349756007385537,0.011502306676862995,-0.001810553818434258,0.0070735881744270895,-0.18050570682264291,1.204313425765161,-1.7849604839095294,-0.7560213849332724
-0.004275669285011339,0.01143119358497073,-0.0016900619079841157,0.007058330884842358,-0.1695869587397761,1.1221056616886689,-1.7698447367768122,-0.6937004528116958
-0.004183500620471701,0.01144184241975246,-0.0016418520143211452,0.0069752449432441115,-0.16630550092516097,1.0925237717858947,-1.7065650774426033,-0.6908538144034292
-0.004511229388800958,0.011791004278768046,-0.0022129678263559343,0.006991264134506777,-0.21864169460922803,1.4786099890009492,-1.735603926577763,-0.9904898197604036
-0.004444833192066175,0.011706957342810067,-0.002080347363366019,0.007003563740014269,-0.2067988932429148,1.3896737863592759,-1.7416512486142133,-0.9191751923805305
-0.0043607311023403,0.011624730730945635,-0.0019382252421189313,0.006996126955656551,-0.1938269567774324,1.2941682839165762,-1.7327441306262619,-0.846389100749911
0.004865854946819497,0.012650797214603396,0.00322922551464003,0.0064064246708134326,-0.2698188091982156,2.1283262004760073,1.314756930049951,-1.5765020756369534
0.0038079407882407796,0.01074534831786822,7.750104788617408E-4,0.006995038043684406,-0.08058004403081222,0.4734291052680368,1.6708781537327972,-0.1555897481959385
0.0038569092103352166,0.010857403372011019,9.031965308284668E-4,0.006997219137491336,-0.09243372922929051,0.5671565373317008,1.6816461117489012,-0.2391071993797906
0.004061645660766199,0.011282149102893166,0.0014153360987822319,0.006970501037434645,-0.14486872397625158,0.9340796345628298,1.6928036769422967,-0.5621992995955837
0.004063204099630037,0.011172600974467886,0.001308119014591662,0.007029810330357045,-0.1325903381466911,0.8566700178883196,1.7308742574377318,-0.48170356920513574
0.003976167711380011,0.011083230819394514,0.0011767592998461471,0.007001622411835097,-0.12053388929490184,0.7639618999861963,1.7026027801398194,-0.4104632086350854
0.0039184333163090074,0.01097091832798265,0.0010397641039061386,0.007003653923929767,-0.10688561315199009,0.6654745648011434,1.6956016669326661,-0.3243633491198928
0.004076791858258957,0.011396842539369671,0.001533594004411327,0.006916965397888685,-0.15771753507628208,1.020017038971439,1.6594664150934901,-0.6463379716496532
0.004179213058523842,0.011472366744510899,0.001668313058174602,0.006952380652128746,-0.1693004185130258,1.1115136825464758,1.6912128954547099,-0.7121474946685203
0.004259022020289793,0.011576102910092001,0.0018197943132347314,0.0069477325211429125,-0.18304274549565405,1.215765928614671,1.69358693711331,-0.7965452307097106
0.004232041756223428,0.011700244199842806,0.0019143188598799933,0.006838442214163765,-0.1923849664307207,1.2845196889233303,1.6178426701239812,-0.8762393257215492
0.004279543460074515,0.011820453534549379,0.0020547034316016756,0.006784788550963684,-0.2038149214696388,1.3801596267518381,1.5835171981032747,-0.9622324775446359
0.004283843727864096,0.011918234202149266,0.0021399733528826253,0.0067110396336784155,-0.21055194759099213,1.4390035466922304,1.5332289288903422,-1.0229259725007458
0.004343945433636512,0.01197950420504025,0.0022389812847396673,0.0067050477399956095,-0.21730152918610027,1.5039552579951971,1.5310546169700159,-1.073256264345295
0.004409896835706719,0.01205614421909227,0.002356401333008373,0.006688038099767029,-0.22665559014856276,1.5804707849221076,1.5209027001194342,-1.1340677742129943
0.004558325852276369,0.012187979060799123,0.002593972222364752,0.006676253496129227,-0.2433485939447035,1.73388958060095,1.514142554184466,-1.2493177719439998
0.004475559376770415,0.012128742198618871,0.0024716990196857673,0.006671135001106362,-0.23468526569685763,1.655142485061255,1.5099459259877042,-1.1928307851234834
0.00476997907229866,0.012515762379400296,0.0030403853373486057,0.006492688247011773,-0.2644513140532277,2.0142494885046456,1.380510241966691,-1.4830318015578323
0.00476595706189462,0.012608036502903023,0.0030933757047383477,0.006390412644654411,-0.26279508602971946,2.0425879185592173,1.3080696351739542,-1.5198627425903142
0.004651410601474837,0.012333968913512855,0.0027930363546679817,0.006600563901475742,-0.2544002622913217,1.8605572090225586,1.4599158887114607,-1.355185955002556
0.004681970200157302,0.01244220585695375,0.002899228765217314,0.006511368040362219,-0.2575472872262394,1.9258097896053241,1.3962914069279815,-1.4177802408221052
0.004554028711980789,0.012293472432190353,0.0026682052543564694,0.006572591929780768,-0.24548935522596407,1.7810872179965156,1.4410848953940318,-1.3032773613027582
0.005676320873342189,0.013683065698009176,0.004599446683401097,0.005454594168369507,-0.21967148483391014,2.818174351569319,0.5411520264076514,-2.1309091390412847
0.00568599564446279,0.01377242142882324,0.004611009949660593,0.005332015268376678,-0.21029400031430726,2.7908298269798646,0.4606591355245437,-2.1209738876707838
0.005701560536508499,0.013851558061358297,0.0046276505526758735,0.005225909455501385,-0.20183974677651326,2.7700928657063173,0.39107617660459687,-2.1131654289059267
0.005715762845080981,0.013939592863963868,0.004638330222455571,0.005108143638404803,-0.1920947283173482,2.7406294108176747,0.31683307124387317,-2.099637375573211
0.005585416530487006,0.013668568641453127,0.00447292041344778,0.005450023557471991,-0.22235832355064852,2.7397792889552193,0.5595800121656361,-2.08280203232504
0.005512820398645084,0.013635198753636028,0.00437273291194184,0.005474747977635432,-0.22615337721016485,2.685495271837531,0.5912661916516905,-2.0473796093851977
0.0054500238971605655,0.013583287070381402,0.0042846524790598715,0.005525292678400079,-0.2312776370980241,2.6446852400132665,0.6368925475246784,-2.0182026957507317
0.00540088474100885,0.013498874541971568,0.004209525484823865,0.005621254055307264,-0.2388243247270125,2.621535286045344,0.7087025218755966,-1.9963512824311267
0.005324356950270649,0.013432365864021528,0.0040981413825632714,0.005680981871093686,-0.24337316701832282,2.567230556597609,0.7615473181307815,-1.956506454661467
0.005181651515827626,0.013195510935766845,0.0038559640347974366,0.005925992888576286,-0.2591555227988565,2.463826596106053,0.9484614844355967,-1.8658360804433087
0.005145002317078551,0.013105384795050244,0.003779574568972106,0.006022001013190098,-0.2641790130865163,2.431777542874546,1.0191659130120916,-1.833861085709718
0.005126200234475597,0.013281351559693474,0.0038113345817281084,0.005793478244763573,-0.25027503308064825,2.4165505043084923,0.8654027165112205,-1.848345100031583
0.005175731882234156,0.013368136374152578,0.0038947197676158763,0.005705577570729726,-0.24470491610416908,2.4512892694592985,0.8003574618003505,-1.8791453611624362
0.005228749206354748,0.013449244595180569,0.003978212414267438,0.005623625112875368,-0.23944515396629726,2.4852097007627587,0.7388877429476309,-1.9081703245384
0.004858546704296146,0.012755761224245828,0.003279730129448117,0.0062832616377115355,-0.26582953691811456,2.1515263076538713,1.2278653536698358,-1.6113230309633269
0.004860278186214726,0.012852696298278704,0.0033309066622295553,0.006173937902382833,-0.2619615378303752,2.1743737566080346,1.151189989908511,-1.6424120345748114
0.005055189586632195,0.013062248294784341,0.003652347339205124,0.00603031206799099,-0.26287938023789154,2.3547040675962037,1.0349862415380604,-1.7821457198859159
0.004969714425145635,0.01299143620353907,0.003520990462192661,0.006071666767686562,-0.2623483629756738,2.2797742399042207,1.0719354617182715,-1.727039246678057
0.004871344228565244,0.012950175701414005,0.0033883895510244803,0.006068180238807526,-0.2575069599723905,2.2000744533201106,1.0775571137604896,-1.673493819718605
0.0036797723320990193,0.0106962194342691,6.892487383143487E-4,0.006907677545482542,-0.0768146285606653,0.41360018702273743,1.596887806605894,-0.12470523050260397
0.007807350902414709,0.015501225069174038,0.006199973329780014,0.002456863489283454,0.050783139087924645,2.2243784706344,-1.5107951291067268,-1.5801207000875372
0.00765439843601658,0.015481612446086687,0.006076818285509755,0.0025867249140209703,0.03943404294779029,2.2575130733021562,-1.40469142212391,-1.628819715861643
0.00618974487496483,0.01444886491587481,0.0051394435946912976,0.004435295767512676,-0.12132971866653426,2.7807099457240345,-0.19209661270442258,-2.125605865878494
0.006007395005589427,0.01415707988569264,0.004995907840001731,0.004838479846575753,-0.157690147738773,2.8569637696624692,0.07593960328365244,-2.1747179651072517
0.005940654300199974,0.01412142129781604,0.004912952755981506,0.004884568883058217,-0.16575623906963116,2.825950042081646,0.12313056280417049,-2.1558624666281774
0.0061126393538033326,0.014393787490255959,0.005059014785841239,0.0045145809617702926,-0.13161537169277196,2.7691600643816083,-0.1260341597780195,-2.120859276827789
0.006037942308693491,0.014249764386691791,0.005009643674225454,0.004711314876410144,-0.14800797469879326,2.81752743846625,-0.002419587267434162,-2.1513347683438275
0.006051290887534418,0.014340713531935261,0.004996724425687331,0.0045881168086277,-0.13963264978809925,2.7641710063289766,-0.06835107854573895,-2.1191194226590246
0.005861096991167086,0.014125083900639351,0.004803326651055928,0.004873842011758482,-0.16872919134956446,2.7597443082527886,0.14204556530245258,-2.1163854707226477
0.007096820704234064,0.014951727700198548,0.005992642564073967,0.003512925231708915,-0.007445686602311929,2.7731742723986557,-0.9683392742829894,-2.042503187740054
0.007144688252097209,0.015108738535992134,0.005907846427148981,0.0032991692646004264,-0.0026343303218244497,2.6095614414088217,-1.033107639310119,-1.9323030487253903
0.00714390924649139,0.015026724786034057,0.005982121549093694,0.00339709208034152,-0.0036108635537822524,2.702085727778963,-1.01846820090418,-1.9912933646578377
0.007005780499203596,0.0149583957464811,0.0058737897971342205,0.003548205766202775,-0.018761172806669963,2.733823947034164,-0.9025047427390763,-2.0296629262013126
0.007158024191410673,0.015206795217352471,0.005833242837977194,0.0031798618617556508,-0.0036368160219323376,2.507646473534276,-1.054752527093232,-1.865070192501191
0.007085859352764839,0.015164062958240576,0.005789925651196058,0.0032650582591474747,-0.010063428103736475,2.5362036024133476,-0.9993404849553137,-1.8929595158486812
0.007543114741396888,0.01544484256814725,0.00600716287546406,0.0026982051641555862,0.02844855017396735,2.298108910234662,-1.3306002852996919,-1.6730715686685662
0.007497800524118129,0.01535537175074678,0.006055299562495892,0.00281875238202396,0.029117638564630243,2.3917395042448666,-1.303064571984598,-1.7406559487655702
0.007384778970312396,0.015272255248792192,0.006020795027742488,0.002978805086396932,0.018962560901626343,2.473339132555072,-1.2218035807061989,-1.810686228198243
0.007254546721249231,0.015252249170382605,0.005898197329881261,0.0030769412300977877,0.007578894314136904,2.4779572887732324,-1.1272799213659421,-1.8319245116212046
0.007171283263438306,0.015294823486057114,0.0057673725991425565,0.0030755844364234388,-0.002036476887363488,2.418424413254565,-1.0722586068621647,-1.8060716141617
0.0069430003521135175,0.014908537545628533,0.0058373429944495285,0.0036382893460310084,-0.0263934588944221,2.7648159659510565,-0.8441702255430453,-2.056944591364402
0.006881778000264036,0.014838701335873403,0.0058160032798857016,0.0037523825567547047,-0.03389634805954697,2.8154544052866295,-0.7796560885441073,-2.095995852516603
0.006752285483924246,0.014766183097015785,0.005703214648913563,0.003894248900646311,-0.05031496394888326,2.8309005424577083,-0.6643981915289802,-2.1195871250258356
0.006786299113846913,0.014846104045303477,0.00568802589615626,0.003779196242512861,-0.0453188900463281,2.763268482780152,-0.7172044186388523,-2.0733368036046405
0.006615571868691425,0.014687550474081622,0.005577559922731456,0.004039723197662854,-0.06802502090277017,2.837162877144566,-0.5443694222190577,-2.1355266517875857
0.0066696940560221595,0.014751946857273279,0.005605434554050873,0.0039394084691098934,-0.06087166914139917,2.802159328137004,-0.6058170072588824,-2.1089967875145468
0.006391554410685052,0.014534396371643823,0.005368942435997955,0.004294433495839839,-0.0983485449746765,2.8446046618366867,-0.3386732932228178,-2.1557944842092387
0.006444692800950597,0.014611217946432649,0.005397741874229689,0.004181715145069932,-0.08892188857025422,2.808995240171632,-0.40828124692841944,-2.13063329045856
0.0065166627418956095,0.01467951105973078,0.005452374714054373,0.004075772003183913,-0.07907222295736809,2.788143613837169,-0.4817089512750283,-2.1128669541783167
0.006281803294533796,0.014520426039385987,0.005229143390350286,0.004329671466218907,-0.10851878225333499,2.784885902436802,-0.27626859890280575,-2.124383198418259
0.005734011930910356,0.014023578178895263,0.004651444100896824,0.004997486699167394,-0.18358770244064915,2.714161593906359,0.24809848870289866,-2.086574492288108
0.005762095854763896,0.014114218806956229,0.0046730060793710206,0.0048798847419434235,-0.1746294759002319,2.688617126899832,0.17500841890685367,-2.073526691334681
-0.004893933114990075,0.012377887123953928,-0.0030793750742939244,0.006729501745074406,-0.2772337378441984,2.047319625058584,-1.5487018495834437,-1.4622233296778646
-0.004833983328682943,0.012349369022276173,-0.002993318221031045,0.006715956523532724,-0.27138402470078804,1.9914039699713242,-1.540142086438867,-1.4256317620667913
-0.004906649727937546,0.012446649300537717,-0.0031430665962450728,0.00666291077435597,-0.27846678274753417,2.086384369100586,-1.4993085788874803,-1.5023536703218408
-0.004935803972618034,0.012506107123307764,-0.0032169727616905906,0.006616890829974292,-0.27973576422189783,2.132060415236865,-1.4644835892543802,-1.5425869291640113
-0.004913333978442066,0.012564582717363866,-0.0032299886672722392,0.006535059975687371,-0.27616707611452035,2.1363402834538063,-1.4053023795063049,-1.5601831983509347
-0.004931693212787846,0.012629467889983195,-0.003291359990498606,0.006473200978075729,-0.27573731949016306,2.172006718981344,-1.359340065794453,-1.5953841471628263
-0.0047296613025102595,0.01213282761617322,-0.002714781327060979,0.006858711826752886,-0.25730636072792995,1.8119149299085497,-1.6448777614237493,-1.2681388393154525
-0.004800688825884007,0.012285403572520259,-0.0029096040240707715,0.006758644985366622,-0.26779648569514314,1.9380963515992593,-1.5718920019541025,-1.3794478774477124
-0.0047789585539140915,0.012356242498121126,-0.002940082442322753,0.00666850561900764,-0.2660055796032005,1.9560718842865346,-1.5065490772538748,-1.4100539043817633
-0.004700892981034917,0.012228937977939567,-0.002763942272182306,0.006741419578557944,-0.25722245343834077,1.8436394875870197,-1.5600988955432757,-1.315720355689729
-0.004659390918079368,0.012059040367600407,-0.002584623925102166,0.006874426248779457,-0.2479374231917357,1.7266051634922237,-1.6557542304511499,-1.2026642839427684
-0.004558775293232509,0.012006971974032533,-0.0024474913992727563,0.00684341394301896,-0.23631701564809496,1.6371978043716802,-1.6324381654268827,-1.1435579183709466
-0.0044791080021463585,0.011873267023352979,-0.002261504241740269,0.006896901361947558,-0.22180021285150178,1.513652094768166,-1.668390214959634,-1.0389992574320097
-0.004473015829524966,0.011959286737503674,-0.0023313529781964844,0.0068190199406255245,-0.22692436057166107,1.5613668633473532,-1.61374473274725,-1.0922716781991673
-0.005850505778731506,0.01351706070931568,-0.004851802614541398,0.005749639396495677,-0.23390681585341647,3.0659908660836694,-0.6986568045961773,-2.2596060955749393
-0.005780479525178288,0.01351157381514033,-0.004745685596128333,0.0057345861938549805,-0.236265278352995,2.9900212634578334,-0.7057934147102937,-2.2153114564764027
-0.005910477748269418,0.013618349009217804,-0.004943923139194927,0.005612789494385081,-0.21936454065804764,3.087650745885197,-0.585776816025258,-2.2828641289943428
-0.0058806170452248025,0.013565984114019892,-0.004898938798566746,0.00568430895437376,-0.22677549051299453,3.07892981321794,-0.6440841020937967,-2.272499122196969
-0.005990461969408858,0.013680188735202027,-0.005063480758492652,0.005537774363144769,-0.20782614595782442,3.1444442885495367,-0.5101534413110923,-2.3211693077165787
-0.005939581263922608,0.013662766591649188,-0.004986405800910185,0.0055523944318722806,-0.21274185329468992,3.0972727180820074,-0.5356510111509334,-2.292496010866357
-0.006007644346568534,0.013741249421737848,-0.005083498261951495,0.005447305361877208,-0.19976368805160596,3.1275443815813713,-0.44339324029767385,-2.31628319537468
-0.006037126486320313,0.013801549272059899,-0.005120093682350896,0.005360335666525614,-0.1909229326389801,3.1217933168568632,-0.37632605414158765,-2.3170415220163947
-0.0057281527032291,0.013520683709852927,-0.004668773359995901,0.005703509760976361,-0.23632145791261472,2.9302637940238143,-0.6964925878083672,-2.181642487763204
-0.005686876580533653,0.013489777072907043,-0.00460597128383831,0.005734511451522493,-0.24049970147350327,2.8973741569408844,-0.727668728008365,-2.1590079482198536
-0.005527880449682444,0.01327643059150734,-0.004342316951992497,0.005976962365935903,-0.26342086671873455,2.7810854073256093,-0.9326953916557186,-2.063320412888391
-0.005561009077969711,0.013339194252362721,-0.004402921524183341,0.0059024459024469705,-0.25730661945518735,2.804769634495718,-0.8728923809594086,-2.086033810749401
-0.005590753329045373,0.013394607215707715,-0.004455233224296106,0.005835718997070594,-0.2514966680644031,2.8237530181294974,-0.819574610593107,-2.1044941739654557
-0.0056263774069697575,0.013459376326306238,-0.004515341603239753,0.00575668544141838,-0.24437383156775241,2.8442078415209298,-0.7563949971825726,-2.124376627541238
-0.0054062237397610995,0.013130011070154908,-0.004130884573541224,0.006122114108254798,-0.27475847881294396,2.6702861743787074,-1.0579757883147038,-1.9760487326406508
-0.005471385647700225,0.013234399682861135,-0.004252423255998235,0.006009933474787617,-0.26646289158279185,2.728842518529424,-0.9661237156149162,-2.026707657282291
-0.005431402097461541,0.013187774117120096,-0.004183761693909705,0.006055380102847876,-0.270373947472154,2.692910634728545,-1.0054257625640568,-1.998626265699542
-0.005458723112448357,0.013289569644868385,-0.004248808738714906,0.005927647473005566,-0.26057912420844365,2.7104062402402973,-0.9090171260231316,-2.0240817968509766
-0.005123395185173347,0.012817802960472904,-0.0036269036039584097,0.006370109496550776,-0.28296604935706415,2.3772503997109147,-1.2716577778939222,-1.7503932358864724
-0.005077429488081448,0.012778150094613236,-0.00354936689009833,0.006390451351282263,-0.2814209988282128,2.3294767803508596,-1.2901383510645845,-1.7154007752893963
-0.005038472617500607,0.012717183457940257,-0.003468370114866622,0.006439611059770992,-0.28190325627873186,2.282171397175357,-1.3287633715095615,-1.6757177964029946
-0.004951377336427777,0.012708574452049344,-0.0033605419957555894,0.006394320884603577,-0.27446831295010315,2.2103566931732392,-1.3011854765628514,-1.6344350902107407
-0.005317012133486575,0.013051460830804993,-0.003982120681501707,0.006181171037647283,-0.2779528542693975,2.582907874345144,-1.1131725781292474,-1.9123501158530047
-0.005246814740136066,0.013031940732425841,-0.0038820603144367233,0.0061688895866156696,-0.2759672690365175,2.5163870670428836,-1.112663276319525,-1.8708945229287914
-0.005333644715538824,0.013117158635260397,-0.004028255680837766,0.0061022224435062404,-0.2730229229176569,2.600309257057019,-1.053332602912322,-1.9337648147157347
-0.005142961109627056,0.012873559252939044,-0.0036792258937283074,0.006312323097155151,-0.2807925739257529,2.40484778269986,-1.2275516422752963,-1.7775027345450904
-0.005161638393558899,0.012942271234288198,-0.0037348301713182514,0.006236644608451102,-0.27769774542933817,2.431685245771256,-1.1704602349819486,-1.8061238195745928
-0.005188320357809823,0.013005396929750968,-0.003795941769249714,0.006171329962434019,-0.2743949071309133,2.4618928525062853,-1.1207416602828106,-1.8348624551009078
-0.0066968284082460985,0.014267653348944045,-0.005966175959533527,0.0046228881284081464,-0.07535149951233489,3.360727719928416,0.34477055536485196,-2.445503610102239
-0.0066443008280155785,0.014266615709232662,-0.005885318478938182,0.004635170843228168,-0.08328204757878375,3.3139577603888903,0.30936087612819424,-2.4223026704991497
-0.006873410941622375,0.014325260433236245,-0.006202867193204709,0.00448622958723345,-0.04359828819687748,3.443755405130134,0.5162811781966073,-2.4771194975759774
-0.006828539545336905,0.014317759879226661,-0.0061380576373277216,0.0045114923867097395,-0.051761454601769945,3.4147837314288574,0.4762880447409023,-2.465071039659683
-0.006778708384009397,0.014300505986449536,-0.006072277004571387,0.004552164409509919,-0.06099441899473247,3.3933229208862095,0.42680302756379745,-2.457479652655753
-0.006723104851448881,0.014306308454547563,-0.005982005789247875,0.0045569904558006,-0.06931870142918001,3.3370553873537254,0.391450535916769,-2.4296485943381394
-0.006891675238828661,0.014373222799702183,-0.006194961321086421,0.00440563003924157,-0.03974473040516429,3.3937704246384297,0.5629827520776961,-2.4460986266161804
-0.00689903923893199,0.014430329884217451,-0.006162108536435655,0.0043158480994622715,-0.03712445313337486,3.322855763424034,0.6045440940862568,-2.40364232543233
-0.00702177489790213,0.01449358331736394,-0.00629492710294539,0.004173552233844333,-0.015947411885316565,3.3255876085280636,0.7410149914927514,-2.389517321008233
-0.006982215202312763,0.014460519786712431,-0.006263422163665902,0.004239322859661298,-0.022620310610568215,3.343628524112971,0.6898989357721775,-2.405495923263743
-0.006931127310570228,0.014471527417998764,-0.006177781342255848,0.004242388559347068,-0.03152897626663937,3.291623696636425,0.6539463945316609,-2.38139366421348
-0.006075587620491033,0.01386468722204815,-0.005167280974401949,0.005269839482470054,-0.1816033920483156,3.120497821390422,-0.3050812705075469,-2.3197859599831196
-0.006232672004768793,0.013959163547469119,-0.005384910249525094,0.005139849686877575,-0.15814683504951935,3.2142623856343673,-0.16538536517212268,-2.3762794636462456
-0.006168911235465251,0.013937789612557107,-0.00529269757417114,0.005168284628971853,-0.1663172709549854,3.1646829575361823,-0.20766126370366852,-2.347822768582015
-0.006097598422710929,0.013934110715714876,-0.005185243536012096,0.005167276719519658,-0.17279889273300186,3.0947059678243245,-0.23372061520866683,-2.3078997256653686
-0.0063309527580423675,0.014071388091451493,-0.005497831559119814,0.004968582291249577,-0.13766152870383766,3.217390792670087,-0.022821848347385883,-2.379237626810592
-0.0062398267441021085,0.014025701105475569,-0.005374703959453588,0.005037829524269303,-0.15135006040646112,3.1663951171555067,-0.10147785078986671,-2.3506962247514447
-0.006269248516814188,0.014074873388010107,-0.005402313182701709,0.004963575961034996,-0.14423882091773346,3.153640639392276,-0.04648006338496286,-2.3439144134257828
-0.006455866234582509,0.014112268975716656,-0.005674357559609668,0.004900038086665711,-0.11950778284951262,3.302724272880514,0.07313824532896464,-2.4249704157646073
-0.006559917375079244,0.014211321307457675,-0.005786539848054528,0.00473477179558744,-0.09846562943072411,3.2987977786453997,0.2138710524742607,-2.4186741477835163
-0.00648727473925247,0.014156478324248975,-0.005702229806827705,0.004828510422523501,-0.1120152076461367,3.2881155307212464,0.1277134624836556,-2.4157386853612692
-0.006522415489220331,0.01419501681460937,-0.005737179505600072,0.004764968336221957,-0.10486031034871283,3.2811126916399407,0.17899357108355066,-2.4103395727133745
-0.00658761859842083,0.014252331319578298,-0.005806384624827445,0.004667282655942305,-0.0923305755983316,3.2788403615655954,0.2628572887084602,-2.405629374352774
-0.006406007197216849,0.014124005982553324,-0.005591598132796424,0.004884932303019598,-0.12456700254314257,3.2416911405416795,0.05808780728905041,-2.3918188932590283
-0.006347084243854056,0.014134744993232837,-0.005496965651921926,0.004871350138095348,-0.13065794318874546,3.1750609795136673,0.03860352247208786,-2.355322175367148
-0.007063821572878352,0.014561399736625642,-0.006297876378903572,0.004055023080960263,-0.008752154413987677,3.2581279526875435,0.8104446210837949,-2.343646607370029
-0.007021374363164125,0.014545110553157072,-0.006250128087353307,0.004097511141470316,-0.016157399909793122,3.2536021521170233,0.7666279790831582,-2.347041749542111
-0.007084395034851453,0.01459432367190408,-0.0062982983210692995,0.0039978381167586514,-0.005783139761594739,3.2247384755432837,0.8429464259037731,-2.320687874711236
-0.007136453926441677,0.014588865772555639,-0.006378519233916848,0.003980722477046789,0.0031196343937451333,3.2633636404929223,0.8860522620812429,-2.33578647382356
-0.0071923758002865245,0.01457931956750086,-0.006468927738520094,0.003966201347645942,0.01331737376341871,3.3103136582737425,0.932756350224304,-2.3544030032541596
-0.007981720835355907,0.014777350938920047,-0.007323125136768186,0.0030928795579056585,0.1468496957952221,3.2315852882453058,1.8067649694581618,-2.1118206626979643
-0.008005596824592951,0.014798979278390462,-0.007321759591593595,0.003041824637481094,0.14775993971607645,3.1922199030373197,1.8304015797668758,-2.0823223251838736
-0.007943928871055909,0.01478071443836897,-0.007270244822217565,0.0031257149794241823,0.139120686069701,3.224308324546491,1.7625567042525014,-2.120845971755896
-0.008004043588792177,0.0148294226848109,-0.007275714419153802,0.0030056537226014392,0.14276851588325543,3.137420497245974,1.822711410291809,-2.0533411962396664
-0.008170818790253746,0.014912220611557161,-0.007350281980285406,0.0027354184851466757,0.15786871728803756,2.975259630542121,1.9855179869183865,-1.9064971334014322
-0.008139670597391993,0.014873019573020544,-0.007373738915373581,0.002813700136173825,0.15927494379718324,3.048802755507358,1.963816115050825,-1.9571029903199058
-0.008148092364070018,0.014898473763164494,-0.007345129168492895,0.0027753215313103224,0.15644818854340414,3.0028668255555564,1.9651686573451819,-1.9296293407694347
-0.008092373815622209,0.014846887161321223,-0.007357155971479539,0.0028944137212604942,0.15554001993163843,3.1009949316562144,1.9182535791685973,-2.0023971896266954
-0.008112679913472119,0.014869335566041175,-0.007347698898323203,0.0028465570800036274,0.15506648574806672,3.0589061283709253,1.9348098549003243,-1.9725235659008185
-0.008026640397748834,0.014855469823959376,-0.007265579029442174,0.00295135664100864,0.1426955124185499,3.090577051733863,1.8426604886805615,-2.0201910743920366
-0.00805786386851606,0.01486934701784474,-0.007282830158689015,0.0029031926489060645,0.1460420432362176,3.064256691314991,1.8740142464476055,-1.9951130458780317
-0.007319093274226346,0.014602880211582911,-0.006629835881006738,0.0038609545812977627,0.03590367241733609,3.344138357043295,1.0630514598479899,-2.351168362206383
-0.007274148783243077,0.014610376707642595,-0.006556972811367981,0.00387633783243501,0.027209332073859182,3.309071050052735,1.0217962701405854,-2.3391834196216834
-0.007227897041563804,0.01461645589893473,-0.006484140629484359,0.0038934018713685354,0.018164369646130652,3.274689712365794,0.9802362095126306,-2.3272721581411986
-0.007354028033809771,0.014636705842051814,-0.006644471274999204,0.0037909524286083253,0.04054289747942568,3.3080644546127678,1.1084328427142947,-2.323312807785488
-0.007372081471328059,0.014675605369820932,-0.00662843941272524,0.003724483684178365,0.041821670741804096,3.255547159916292,1.1372506486864091,-2.28898136960521
-0.007402822112873003,0.014693662346292337,-0.006651947251150553,0.003679580779806894,0.04640313148960795,3.2405165288080586,1.1720969037820195,-2.2739733532576687
-0.00743815706140098,0.014716122627450983,-0.00667621128393582,0.0036252045206136524,0.051553473827456446,3.219467906964726,1.2123187354323932,-2.254274915706503
-0.007689166021098048,0.014755598492554731,-0.006970774633198214,0.0033856971521118427,0.09458192419485657,3.232883791589354,1.4789670594056485,-2.2020367465851503
-0.007470684793756201,0.014743402521462418,-0.006690231209839195,0.003565804732791087,0.05563585692633704,3.1885491748320463,1.2501320028209693,-2.229241121964647
-0.007643221908777423,0.01476435126869208,-0.006898444036814662,0.003410734874966345,0.08522448034639081,3.207143043795277,1.4303542367606763,-2.199392078195316
-0.007594967459339707,0.014769025033090376,-0.006828236952989079,0.0034416655559409448,0.07595399522334566,3.186878266999852,1.3801402245386976,-2.1998051383585273
-0.007545050346811179,0.014769189672228412,-0.006761156351057686,0.0034784403705203954,0.06688530588542853,3.1722686854083757,1.328864421273819,-2.2032101780249067
-0.007502097452141775,0.014769016519804348,-0.006703636599413264,0.0035093588112306987,0.05925613829500541,3.159088129235635,1.2856676831628255,-2.205132590063787
-0.007847096014986633,0.014785186492082233,-0.007139687836111475,0.0032108197601789725,0.12049108513764277,3.208759974414211,1.6524174395343538,-2.1433243285231285
-0.007809138986834694,0.014792758043810134,-0.007080391125851965,0.00323499029988646,0.11256955831206848,3.1908461258345575,1.6099355868639573,-2.144729404458848
-0.007723364814590041,0.014788614233006734,-0.006974034900397398,0.003313869770095603,0.09728779126355147,3.184224786582518,1.5168796531508488,-2.1652315228904304
-0.007770628148488693,0.014798092697018365,-0.007023439968046397,0.0032615942476167813,0.10506246960280267,3.176238975441523,1.5677560367436778,-2.1476166370831495
-0.007906098568432251,0.014797900718819163,-0.007197861870800446,0.0031399769281707656,0.12968186304019638,3.1915173045902865,1.717442902502529,-2.1153176413669654
-0.00787087084952456,0.014812981689247032,-0.007132265662834997,0.0031535186237979383,0.12120825519401744,3.1623795740791176,1.6765679660602693,-2.1103211749008914
-0.00823803310064432,0.01490859934676944,-0.0074312188171688845,0.0026661337995614533,0.16916915070893485,2.9677290640329845,2.06016877492373,-1.8764809513300347
-0.008197852195271724,0.014931568808408853,-0.007351292780336524,0.002684624626812815,0.15875074034564665,2.937014164031425,2.0080517194392766,-1.8760919805065164
-0.0081625247106363,0.014948439714425,-0.007286591739754552,0.0027035728310345927,0.15032989906284314,2.9156418131395516,1.9644296315893592,-1.8779903261674542
-0.008267463660427769,0.014939681914219705,-0.007415253438655096,0.002599226347707409,0.16799866010575795,2.907004188285224,2.079716987579016,-1.8331956062185866
-0.00857700378033853,0.014971935136354643,-0.007676388807705443,0.002196112986536817,0.20588651363017232,2.732011567764987,2.3889561484243296,-1.6069147397554857
-0.008595067119502536,0.014994239508867963,-0.007655295935095563,0.0021524336754381187,0.20337860853807174,2.685286615121121,2.3928349099194546,-1.575769127391939
-0.008619014976860184,0.015014705953811963,-0.0076423334410858435,0.002103375254366342,0.2018999586405056,2.638876147338513,2.4031986545068906,-1.5418640388161249
-0.00852021739346183,0.014964760378513993,-0.007634387393715358,0.0022744889710380033,0.19983283812364672,2.771972337224392,2.334860783530979,-1.653986963037944
-0.00854909597733778,0.014973145004922833,-0.007648003386833768,0.0022302917954997556,0.20195361398737563,2.744005042447149,2.3595242582767892,-1.626518130133956
-0.008327176355010209,0.014933880484905316,-0.007488499285339234,0.0025376589076965,0.17834078854085547,2.899930110711036,2.146455309692741,-1.8049105188645742
-0.008299820340930027,0.014948107734653151,-0.0074368952715861926,0.002553760421253934,0.1714894423325092,2.88375246208668,2.110777923490272,-1.8080347674572028
-0.008353344070802784,0.01495010568304258,-0.007490267720662963,0.002490275002992825,0.17876467340615554,2.8638032103210294,2.166910686727304,-1.7754362848284775
-0.008385346923278516,0.014952642395657285,-0.007519447034025852,0.0024501603118008814,0.18343985188630638,2.8484666850892766,2.199642493073318,-1.7538571911346097
-0.008493526042213284,0.014984336217808902,-0.007575978736760722,0.00228847750316495,0.19210394429323985,2.751313008148541,2.2956228128405427,-1.6567500964035136
-0.008409464027545296,0.014972548830673477,-0.007511955925345678,0.002401365874652017,0.18268354301033993,2.805882368847371,2.2149576617709954,-1.721885780054752
-0.008438692273700534,0.014983780676106733,-0.007523069905926784,0.0023553336808320546,0.18472078668761482,2.7755876723977297,2.2394372433613445,-1.6937819807047096
-0.008463778182009473,0.015000571786827255,-0.007520443326542103,0.002308760245657965,0.184911871778032,2.7372510241190313,2.2559985258542032,-1.6635103258934107
-0.010093232816619306,0.015099366252348112,-0.008132271000019049,-1.4878371097700618E-4,0.24998338686270002,1.0377632222225526,3.2266826732091434,0.1115019088919089
-0.010114177429989712,0.01510526836070433,-0.008119266585507158,-1.8168841796915576E-4,0.2480376889203522,1.0057912446572856,3.2216474744411348,0.1372507574579996
-0.010134017470069584,0.015107658203734366,-0.008112936859015417,-2.1297768909899642E-4,0.24698197234543004,0.9780275608221515,3.2206999336012765,0.1619787070215177
-0.010150807713983493,0.015108804124846371,-0.008109081479219904,-2.3947814291411232E-4,0.24621885670791324,0.9551776750389803,3.220790144627078,0.1830010194805678
-0.010166688428411307,0.015106034609697337,-0.008112758628139488,-2.6494209857680297E-4,0.2465408683063027,0.9363867851636553,3.225642496865688,0.20349872808150202
-0.010181260153927426,0.01511259927213727,-0.008098262143711074,-2.8721681974299735E-4,0.2445260166771348,0.9125067916622552,3.2182353850473526,0.22073687234374964
-0.010279051855431027,0.015105575719491776,-0.00809651039860426,-4.4260260726319763E-4,0.24297051899270347,0.7883759730802762,3.230122898860465,0.345228933059682
-0.010212113524202461,0.015106322331437739,-0.00810631814749174,-3.368233202333379E-4,0.24505546170856785,0.876371234199904,3.2279574896295604,0.2607802792315619
-0.01019818114720995,0.015116397295914167,-0.00808871547771843,-3.1341927925210685E-4,0.2430788630236696,0.8876940176109087,3.2143737834000214,0.24126903930254287
-0.010234221493693376,0.015108614347988061,-0.008098497892602483,-3.71387298385593E-4,0.24369249955010955,0.8456632823053986,3.2257700075013616,0.2881291454649256
-0.010256725323222665,0.015104868634986005,-0.00810198211309191,-4.075310343334417E-4,0.2439308640490143,0.8184130607433434,3.231012823302855,0.3173152744487966
-0.01030176944133726,0.015109405739702932,-0.008084586070303946,-4.7756421477486763E-4,0.241226547366464,0.7558638965765258,3.224847233373884,0.3727610878834269
-0.010323577804149739,0.015116193141748002,-0.008066853932311173,-5.102717743794267E-4,0.23888734651655288,0.7229258458010275,3.2154522800645053,0.39814521310400336
-0.010358126775938033,0.015114440720233902,-0.008062211990098251,-5.646069411863003E-4,0.23795004174296022,0.6784127032255914,3.2159920398048647,0.44160827940693553
-0.010342064912442942,0.01512171517950816,-0.008052069705463535,-5.378554963822748E-4,0.23686920419151777,0.6953365957299833,3.2075663076167573,0.4195493711300749
-0.01037757176525378,0.015128706720266534,-0.008030060037327482,-5.912478827715465E-4,0.23400395496518447,0.644781669612969,3.196355930997624,0.46126232479537116
-0.009825732357690221,0.015107715942157766,-0.008107720554712206,2.7643243323428293E-4,0.25152202942686497,1.3717305322678837,3.1553910684507476,-0.22531014180203937
-0.009807506649705828,0.015116190453884201,-0.008088825030742068,3.0411767943234124E-4,0.2492596035801396,1.3858894591193525,3.13899799960099,-0.24727672316147328
-0.00979252253072526,0.015133691045765169,-0.00805275243685292,3.251474932354608E-4,0.2450869010557808,1.3868646150468498,3.1125761678556962,-0.2641987692690919
-0.00984598366731275,0.01511997979303714,-0.008086177623876105,2.4302315398695525E-4,0.24838934159732542,1.3348077587837148,3.1465872897716127,-0.1994944558953395
-0.009872490910204841,0.015126453743053894,-0.00807625049827296,2.0064743307589996E-4,0.2467066235490283,1.2959618923571397,3.146423352469142,-0.16650886317241986
-0.009897871901512291,0.015136069640244441,-0.008059688182876855,1.6000912855013304E-4,0.2441345725005454,1.2557613116900332,3.1415528579399776,-0.13500359551380625
-0.009922202194107011,0.01513211070526427,-0.008068942083717147,1.2208770140464836E-4,0.24495202653390427,1.2290511656474064,3.1526983408558324,-0.10500566031664015
-0.009979044515862203,0.015127910829332038,-0.00807919335865381,3.2817381097249374E-5,0.24530647332432168,1.1613088482395513,3.1709582274515786,-0.03438823567200369
-0.00994605547715212,0.0151332515462705,-0.00806788334402192,8.455713682815301E-5,0.2444017135106675,1.198235398482243,3.157006699140418,-0.07551096774946787
-0.009964974806852808,0.015131123203092551,-0.008072646790776877,5.4891315378898995E-5,0.24469459483888703,1.1763154196488725,3.163922738801532,-0.05200086291129858
-0.00976366456879904,0.015139491664716676,-0.00803706167822496,3.6923311606624874E-4,0.24348515513858465,1.415881638368676,3.0955321416489663,-0.29872873720621956
-0.00978150429823563,0.015157594507403971,-0.008005077573447355,3.3870797546080604E-4,0.2391551444434546,1.3770000942989302,3.0800502348439367,-0.2755532222665499
-0.009991985022737198,0.015134718535940332,-0.008066153517574608,1.2376703662898978E-5,0.24346817433503798,1.139195360463985,3.1650759140571325,-0.01862031535589098
-0.010008990289099544,0.015142046975723035,-0.00805202065224526,-1.430898080142299E-5,0.2414342209343452,1.1116725121996753,3.1592031828774254,0.0020307256837772407
-0.010077915830166605,0.01511638787002796,-0.008099918011712682,-1.2349147648637083E-4,0.2462582517165803,1.044232194938605,3.2027892605217176,0.09019201712406737
-0.010060902124293766,0.015134007753502871,-0.00806648215599465,-9.588059269013926E-5,0.2424655433000953,1.0522276934852464,3.1780217639268145,0.06709404192354834
-0.010035550336894322,0.015147833319899308,-0.008040533736625598,-5.5764055371450836E-5,0.23960432398399248,1.0735147793695752,3.1566973727972685,0.03442711846651738
-0.009274153677005648,0.015115182443467759,-0.0079215840901959,0.001123402768859713,0.23576389421491314,1.9811353774963438,2.8690183327306147,-0.8697494160055665
-0.009306329360150668,0.015116233160689977,-0.007935138272130132,0.00107522599187755,0.23721309964568246,1.94799156208331,2.8891567852494293,-0.8344902437854428
-0.009217172596299212,0.015142202193447921,-0.007842633444220365,0.0011929268451495894,0.22621917726162505,2.000266882020753,2.8030909878699783,-0.9182682990028114
-0.009251509923669904,0.015143747846376095,-0.007857313822823404,0.0011423979574202506,0.2278195060995016,1.965904105542051,2.8247685235542446,-0.8817569838519769
-0.008858208314073026,0.015020791216674342,-0.007831620878894692,0.0017803506811459313,0.22720003633525623,2.4763788523676404,2.626410886272158,-1.337344992409803
-0.008880814339070824,0.015031292331642035,-0.007830008476683291,0.0017410468181734563,0.22692832342435057,2.443255647469176,2.638116509787437,-1.309756918058051
-0.008907673452054623,0.015037770066608301,-0.007838374987534672,0.0016988769125323398,0.2279653250577787,2.4129936565838883,2.656544839187418,-1.2807650729529068
-0.009001309632812782,0.015064040303713437,-0.007856792171536441,0.0015487187587122275,0.22984204329251126,2.2991269036497584,2.7136836543048237,-1.1756384700803215
-0.008978810020581277,0.01505015126793124,-0.007866732720000146,0.0015900604762729704,0.23136218012413148,2.3381758549940455,2.7073156681619523,-1.2056124752494712
-0.008933632858333033,0.015051017141092209,-0.00783334662708011,0.0016530150839571248,0.22711479533675508,2.3728271770281446,2.667813839793366,-1.2482106515458782
-0.00895573265966335,0.01505860736591906,-0.007835313833554777,0.0016166987177065218,0.22720320039134695,2.3440318790046946,2.680171691145623,-1.222668072074746
-0.009155809474201687,0.015087230581929628,-0.00791054089007992,0.001312049470708125,0.23568273133428574,2.1310374034824466,2.813488482703672,-1.0076081133445693
-0.00913447864413922,0.01508170878094651,-0.007908383676615496,0.00134631615009956,0.2356977957147773,2.158229698905375,2.8028627079509114,-1.0324430458350984
-0.00918780922349856,0.015124450537137984,-0.007859641953999496,0.0012447980102122554,0.22863637282924723,2.0510485792572344,2.8001273368291533,-0.9568181184855183
-0.009161126937097983,0.015118270487365151,-0.007856267591837322,0.0012867272195337207,0.2284897819440154,2.083785980117012,2.7869952539612783,-0.9872171853534902
-0.009109760078698115,0.015085059437874856,-0.007887483708031653,0.0013801486004038925,0.233050327598624,2.1758131527370885,2.7807545360770978,-1.0561540639924267
-0.009026733343256783,0.015078014923721888,-0.00784822312284903,0.001503400145198201,0.2286477230510178,2.257528809884603,2.7217945645526354,-1.1428406121677328
-0.009080366711889118,0.015093044059266623,-0.007854902106124552,0.0014175007062707228,0.2291550430786697,2.190360811056175,2.7504863660913514,-1.0815794296986423
-0.009052292808279828,0.015090827120721219,-0.007841362468575386,0.0014588861361377681,0.227377600814632,2.217573442766937,2.730513184914517,-1.110617700175265
-0.008817444697698042,0.015027422499716895,-0.007787961014062974,0.0018310842134609303,0.22150427957096192,2.495157590380389,2.5835774109767735,-1.3694942508880923
-0.00883886387189138,0.015037973901139708,-0.0077859898185716,0.0017936382757458948,0.22115498099547928,2.4634663833594543,2.5946887845490383,-1.343358969342303
-0.008714081724857645,0.015006788778605501,-0.007739227251611097,0.001986831051590293,0.2148768616195764,2.5963903333984892,2.5016176738868388,-1.4724217657902052
-0.008740566441143674,0.01502434847614881,-0.007730949428074751,0.0019369202020042935,0.21390384169091317,2.551477754761313,2.51400794667584,-1.4377412793569195
-0.00868685645380123,0.015020264365751948,-0.007692521053175211,0.0020110417519973323,0.20876196609366948,2.5911007362542975,2.4655693726304553,-1.4846276907792975
-0.008652478193507172,0.015030793670494348,-0.007644645121688049,0.0020463628955987617,0.20242876994021758,2.5943252385402746,2.424976186986694,-1.5040721290995567
-0.008793195154381464,0.015034266561144103,-0.007756568638357309,0.0018584529211871919,0.21729360770935643,2.5010637597536713,2.55571971020461,-1.3860356457287153
-0.00876606698765602,0.015044339196096601,-0.00771705490270929,0.0018866143963796789,0.21215568322983233,2.503303319407039,2.5227925195347676,-1.402230663645139
-0.00931944468251186,0.015141183231435864,-0.007894600113664474,0.0010442225233774276,0.23187899686050897,1.9031799135588343,2.8715677809906763,-0.8104407940355616
-0.009394695171067209,0.015138640879242176,-0.007932036345372666,9.336675979879136E-4,0.23568255311337086,1.8301281512294867,2.920303906192824,-0.7289979438715273
-0.00937278515997634,0.015155237757408239,-0.007891851462033271,9.59319810743124E-4,0.23086666900848968,1.8323432234217738,2.8896600053381882,-0.7473002169275205
-0.009344616633149063,0.015154000691615835,-0.007882030676052039,0.0010014027919491872,0.22984803640363877,1.8621489034926937,2.8739132574792623,-0.7783464793353617
-0.00942018231964119,0.015148390786132344,-0.007923947850817232,8.9169112141221E-4,0.2341788054678827,1.7919626709679528,2.9246366470325467,-0.6974553259006799
-0.009447915333015597,0.015156166322574917,-0.007919953752548115,8.472724462681064E-4,0.23338443014250618,1.7537153845805327,2.9318218599116856,-0.6640525404442478
-0.009494993942116713,0.015146021421296013,-0.007955973828553899,7.801564957680001E-4,0.23729271556441708,1.7153328502151435,2.968419516537081,-0.613906514867706
-0.009473958433681802,0.015166327533189035,-0.007910347405352883,8.046600945827127E-4,0.23184896670921365,1.7143982570386818,2.9348812534423367,-0.6318609234334013
-0.009678649646891047,0.015165741346352943,-0.007970357824266612,4.952831993871085E-4,0.23633663234066485,1.4890390888105356,3.0319658757058874,-0.3967869929066583
-0.009741191177550084,0.015158292140495909,-0.00799706862126851,4.007894190192226E-4,0.23881822106306358,1.4239798842396063,3.0649404149182673,-0.32375803381073953
-0.009703848532952176,0.015170164554996828,-0.007967269995893143,4.558300151432117E-4,0.23562183576459314,1.4555638470530663,3.0368492162123157,-0.3664558903257135
-0.009723493294671603,0.0151727343360075,-0.0079662370059571,4.252904542506594E-4,0.23522497569903744,1.4303122157553767,3.0413707496067364,-0.3429478461408001
-0.009522074340783431,0.015155371136688165,-0.007947342147587728,7.361220132455003E-4,0.2357547013055297,1.6753175667673805,2.972046236743662,-0.5805229937307713
-0.009548904532805396,0.015162872708527592,-0.007941625047664503,6.932281747062666E-4,0.23469301872514073,1.6376284334644062,2.9770484885975037,-0.5479474448051801
-0.009575331031156705,0.015170818771884038,-0.007934458198168877,6.509586686324992E-4,0.23345277522669908,1.5998283827311368,2.980789000119372,-0.5157748990456269
-0.009602118001189847,0.015178721046431446,-0.007926995756945172,6.083321602490072E-4,0.23215130802599612,1.5616872403680944,2.9842275569987518,-0.48326771477930003
-0.009630558381815355,0.01518486294425772,-0.007922795526635468,5.638206260595E-4,0.23127791148388296,1.5236468832876044,2.9898373728905034,-0.44935608563767565
-0.009658812469235533,0.015191007700904785,-0.007917993119589696,5.197013984710929E-4,0.23030457975405602,1.4856320325132775,2.99477735898873,-0.41560395741925893
-0.011005154181222635,0.014974935297704087,-0.008020332246162033,-0.001620407730574306,0.23151260367746598,-0.13963443756494173,3.1986675316989444,1.2983803088423918
-0.01099894138821881,0.014993976167746823,-0.007989807351891158,-0.0015981224429976882,0.227993385353682,-0.13380872093604768,3.1782857324289853,1.2769035945440665
-0.010981142885468557,0.014996660630442693,-0.007997017132657743,-0.001570224909790366,0.2286623527471208,-0.11082893329208669,3.1843133231412595,1.254736864843258
-0.010836160617805561,0.01500748392289392,-0.008068189328246747,-0.0013472094808730218,0.23605095404684834,0.07989398785810238,3.2388197907402434,1.078638190243547
-0.010959437894547475,0.014998386998889408,-0.008008355685737913,-0.0015371367875981169,0.2297851402343603,-0.0825508127480604,3.1932809943285143,1.2287401085837324
-0.010938022377186806,0.015004403350629142,-0.008011293627792156,-0.001501572818851404,0.2299872576422254,-0.05529466281178156,3.1963749033168694,1.1998825831293936
-0.010919192644246588,0.015006795698135518,-0.008018940460034837,-0.0014721346289354612,0.23071774625292282,-0.030786210128545457,3.2024766530354163,1.1764573951219655
-0.010897745836492329,0.015007996538756865,-0.008030176643847727,-0.0014394583195936426,0.23191225805777463,-0.002576634984746001,3.2110292168421677,1.150752227596488
-0.010876299430103306,0.015013364867022717,-0.008033368804081275,-0.001404124015983688,0.23216230092457898,0.024842669656835004,3.2139589276299954,1.1220963626817777
-0.010856504676346886,0.015014028807442924,-0.008043998634619966,-0.0013740441144856012,0.2332923429210453,0.05110507874367226,3.2218103741424273,1.0984147574553231
-0.010828183482750725,0.015027662916473178,-0.008035077752451216,-0.0013235327608874194,0.23222134952783816,0.08570256737393277,3.2163772670056674,1.0561898266164211
-0.010806495043239087,0.015046414140070897,-0.00801234219303465,-0.0012804380977709218,0.229668412638401,0.10973638741707466,3.2012645664307695,1.019020779875653
-0.010820506056405346,0.015042729957181422,-0.008011388438744483,-0.0013034801919228876,0.2296494936143229,0.09214171152447319,3.200385171684077,1.0377396984260057
-0.011022309346951253,0.014970448537901568,-0.008016485055019465,-0.0016487581807387867,0.23118998579388703,-0.16172924864080887,3.1948497048097515,1.3212821597404696
-0.011036595384189395,0.01496440290321555,-0.008017326964993037,-0.0016740162193642776,0.23150605491772308,-0.1798976304657696,3.1943563276863967,1.342131734261689
-0.011069507943437503,0.014957456690125104,-0.008005929073302083,-0.0017271274989854014,0.23058620253596382,-0.22253631868478502,3.183927520570561,1.3846254651973393
-0.011054546621578069,0.014966471759167778,-0.008000544792984303,-0.0016987235185453834,0.22973727918484815,-0.20369118452855403,3.1815076681113834,1.360667294814277
-0.011086559349212204,0.014957729073683413,-0.007992701299472584,-0.0017516599582154163,0.2292543473098249,-0.24484631086340908,3.173442644618959,1.4033657057792366
-0.011105853028318275,0.014964288446281216,-0.00796628139397663,-0.001774505463633454,0.2265508402545842,-0.2702030341613024,3.1537579256475463,1.419197739665135
-0.011123924129130047,0.014965444461993547,-0.007950386456138952,-0.0017994745274890554,0.22502546229372197,-0.2935037142831208,3.141233994844146,1.4379269968205535
-0.011140865491208905,0.014963174476038128,-0.007941319894974876,-0.0018253472909006095,0.2242879116126902,-0.31511456217721445,3.1333698894532778,1.458135035476043
-0.011157057291177446,0.01495973964205346,-0.007934729104599213,-0.0018509971872456516,0.22382439150851544,-0.3356969210116753,3.127182968761103,1.4784325906090683
-0.011173072626160485,0.014955587955287182,-0.00792936689427967,-0.001876920225461456,0.22348553687059694,-0.3560251548666353,3.1217729745817064,1.4990891191901312
-0.011190320775170225,0.014951617835462915,-0.007922492590203901,-0.0019043916844074325,0.22304370077732136,-0.37791408301934254,3.1151243995799263,1.5208481995164609
-0.01121058880114881,0.014943995966885821,-0.00791936373962939,-0.001939039822253293,0.22304048894056083,-0.40359118378377185,3.110576697221852,1.5488745109308373
-0.011232180836120228,0.014941053103497139,-0.007906561813016058,-0.0019716057443553915,0.22203073981355056,-0.4307918339641606,3.099220454596406,1.5740280444739636
-0.010724776326575196,0.01506403915459009,-0.008022238008464478,-0.0011481196994016995,0.23091685597569636,0.21304620763788926,3.2083313924032475,0.9118929445463452
-0.01070927884418519,0.015076818672462631,-0.008005900642817358,-0.0011184560490023665,0.2290713877430051,0.2294900098237295,3.19717470653068,0.8864842604725274
-0.01080115849964157,0.015061956310142755,-0.007986417511337312,-0.0012639470598392736,0.2269016978572676,0.1127437991116956,3.1837335144341554,1.003369660527848
-0.010744573386559262,0.015069991975943733,-0.008001199984749957,-0.0011749911981510464,0.2284749156032014,0.1850044361561174,3.194140596226459,0.9321260426180739
-0.010785906623071178,0.015068860226594968,-0.007981838236632566,-0.0012374806000620003,0.22634967965623878,0.1309561691654948,3.1808212942872913,0.9814175667538517
-0.010766198180106379,0.015071591755927887,-0.007987136364419481,-0.0012066010279200752,0.22694403814874878,0.156072928352832,3.184562375750751,0.956718064486504
-0.010447783182349783,0.015079472693158553,-0.008104675302163704,-7.144938682188052E-4,0.2419682806671162,0.5779761457185706,3.252452918080952,0.5651882076966092
-0.01046928440589342,0.015084726474341162,-0.008087755404450253,-7.464628764448909E-4,0.23977390574175503,0.5463878925183384,3.242653366263692,0.5900286689335834
-0.010530992176163689,0.015083045869926212,-0.00806972247315226,-8.430002391243231E-4,0.23717859100886798,0.4644809057746642,3.234453442409183,0.6671468289746053
-0.010512283121782297,0.015084391114265551,-0.008073864110014102,-8.135027087353175E-4,0.2377846538892138,0.48891216308668245,3.2361510154555178,0.6434877573019695
-0.010491237336015133,0.01508570830326894,-0.008078610103725181,-7.80342364890114E-4,0.2385062575633765,0.5164823377623001,3.238009197128354,0.616895148382171
-0.010548366370664856,0.015083153005210785,-0.008063074913832813,-8.698425474970157E-4,0.23628508323264932,0.4411665660186163,3.230894961877063,0.6884994019717428
-0.01056450390257823,0.015085597208971313,-0.008052267007296839,-8.938046059655244E-4,0.23495548018694787,0.418529056472477,3.2243889132921946,0.7072328677971004
-0.010692496995598134,0.015082668319264258,-0.008002948194910322,-0.0010903383720964647,0.22889868338181726,0.24970985891810835,3.194957492336586,0.8633829920773105
-0.010675568463148405,0.015087125304128585,-0.0080024608320445,-0.0010626845159664446,0.22873754217128098,0.27052440238640946,3.1943522594310925,0.8408741596504242
-0.010656789476025687,0.015083980541925106,-0.008016856030686987,-0.001035656573733999,0.23054696763913016,0.29646747706697074,3.203685186594614,0.8199486298147332
-0.010596397242234627,0.015077324572520695,-0.008055284258188149,-9.461901862349804E-4,0.23510071613642916,0.37940851027536066,3.22780644160579,0.7499765140029556
-0.010580762374176893,0.0150877883376025,-0.008041743271673934,-9.179444516262654E-4,0.23360583291702636,0.39593169024060143,3.218015097507174,0.7261194294227884
-0.010639728579864897,0.015089703154109596,-0.00801362045595682,-0.0010072098861283836,0.23014670495049572,0.31694599939042484,3.201069912829969,0.7965967386562091
-0.010615848489693077,0.015085085832226862,-0.008032522542035738,-9.727920623520044E-4,0.23240274073339826,0.3503301258505329,3.213103382323762,0.77001723996412
-0.010436001732951172,0.0150966465788664,-0.008075235217704995,-6.908470902122615E-4,0.23866823717431498,0.5847768003467798,3.2316726383906746,0.5442424188252705
-0.010415290988818209,0.015108832789146124,-0.008057906563977002,-6.550676934610164E-4,0.2368617722068669,0.6058745588196085,3.2183540187542983,0.5143032003580679
-0.010403267898600048,0.01513184944456602,-0.008017316019762058,-6.300847744201026E-4,0.23221829048304646,0.6094538920912945,3.1901561916618735,0.49180585783390823
-0.012449988149056929,0.014374843544940155,-0.007244900631167725,-0.00405722765663684,0.22699892290226353,-1.9066588660167192,2.270692834549124,3.1398397737401758
-0.012449953359711828,0.014358638380875007,-0.007264269508761671,-0.004083190392512942,0.23429695419550292,-1.9214298605592754,2.2754756481139538,3.1686541970348556
-0.01255871211197754,0.014295694626951438,-0.007159390025834866,-0.0042644093926967755,0.23533301863502332,-2.0339036795430037,2.147907680933572,3.284385533901705
-0.012545204192439477,0.0143037118419788,-0.007172752475388387,-0.004241895437661461,0.23501678040479076,-2.0201202120758466,2.1641719505535506,3.2703862118695155
-0.01255909308839493,0.01431172127638839,-0.007140880956983641,-0.004238214733601122,0.2296789921598402,-2.0191591594552265,2.1442697306936798,3.2552348854647364
0.01505569753424641,-0.010189021811837083,3.06940948833858E-4,0.008208875516139065,0.30304551199969115,-0.24088137018293435,-3.193870511223571,1.4138316483779885
0.015056673303398384,-0.010205451456100016,3.333837550378138E-4,0.008204651532410748,0.303147615669084,-0.26142866180141905,-3.1864752636101925,1.4329784614331134
0.015054479922062085,-0.010157840979834413,2.565672769779779E-4,0.00821511490215559,0.3026029724216717,-0.20157628670628472,-3.2066591739920027,1.376495608325884
0.015055348193541674,-0.010173022682213996,2.810765015503717E-4,0.008211616634312075,0.3027238879855147,-0.22069593872242058,-3.2001834593484744,1.3944240142025548
0.015070666230407332,-0.010135863512468351,2.1936450912224772E-4,0.008185369597788395,0.29857533630256516,-0.1719641806476019,-3.1943802731400077,1.33263762511344
0.015067435615785888,-0.01014945401501249,2.4159955767006155E-4,0.008190390273100222,0.29960467897987075,-0.1894532876401683,-3.193741846009148,1.3527562269112614
0.015073435390638596,-0.01011929539898542,1.9242403905760127E-4,0.008181380916182259,0.29761665065682535,-0.1508023666974216,-3.196380884403881,1.309298243178664
0.015070145254982275,-0.010085398684497987,1.380007479042409E-4,0.008190286838322411,0.2975289312262113,-0.10812431715158285,-3.2108620174058538,1.2701346049890383
0.01507584334624546,-0.01010072023289102,1.6233257778513964E-4,0.00817804965259259,0.29663053606380796,-0.12714103884162783,-3.1992301865265316,1.283777181034827
0.015074737760591697,-0.010068745756199302,1.1089733098502357E-4,0.008182097913718154,0.2960765429494226,-0.08670313492254365,-3.210011741549178,1.2447520016704499
0.015085315448718245,-0.010051537933696387,8.279410135720622E-5,0.008161949101757063,0.2934285360057693,-0.06437004514324472,-3.2017049018634673,1.2130965915036354
0.01509096811658218,-0.010000530218774652,9.432097450015313E-7,0.008151668884674402,0.29098345642991313,3.3700220056305015E-4,-3.2074313718316287,1.1435351483922316
0.015090779724979906,-0.0100168160449346,2.701966591377617E-5,0.008151972905401523,0.2914284998370276,-0.020279433043213602,-3.203810114827063,1.164303026989584
0.015089128083994428,-0.010034288519494759,5.5030237571800746E-5,0.008154939725315212,0.29221594161764103,-0.04241576337763111,-3.201506961338367,1.1878469222049308
0.015091543537417757,-0.009984721774129757,-2.4358759361073265E-5,0.0081504225410665,0.2904492049100218,0.020390301261500914,-3.210277654049069,1.1229426397177102
0.015092144316525799,-0.009967768540581378,-5.147629941675494E-5,0.008148923792235217,0.289886231023607,0.04190012698686186,-3.213154533339989,1.1008304574852465
0.015043245553629568,-0.010395506680922529,6.423442983575487E-4,0.008190580283918692,0.3092346314396226,-0.5000229607366172,-3.1166580464093347,1.6747918746449637
0.015043671113538595,-0.010411972625934305,6.685770009622201E-4,0.00818502969689639,0.3092989748338196,-0.5199128539089836,-3.107602351407276,1.6932314933570083
0.015073685725299357,-0.010214700128690378,3.4575977714627627E-4,0.008169761542281218,0.2995844201704085,-0.2704683102080278,-3.162441571430255,1.4262640142459262
0.015072539409545107,-0.010231251217479463,3.7247741822937856E-4,0.008169429742294525,0.3001373043773234,-0.29123837800341307,-3.157342960424035,1.4474976598817335
0.01504383003180577,-0.010364114734926422,5.918196835617254E-4,0.008197901366075296,0.3086854950488158,-0.4614646981550424,-3.1318584778960012,1.6376069211584208
0.015043822543603168,-0.010379403697837008,6.163697508991289E-4,0.00819387799005533,0.3088612600333703,-0.48019347137238017,-3.124221480577688,1.655432528619534
0.01505663523989426,-0.010356585088005337,5.764839724897613E-4,0.008174707378105982,0.30569538299844595,-0.44900412313826116,-3.120734961135419,1.6138859410829316
0.015071875988096069,-0.010247412417017576,3.984862117816775E-4,0.008168022576020213,0.30057737463751705,-0.311405384602484,-3.1516348199403477,1.467663324453106
0.015071296744589681,-0.010263589841412856,4.244934657043153E-4,0.008166262195255089,0.30098615564322206,-0.33153164655383294,-3.1456374393976763,1.487669208873753
0.015070498042618284,-0.010279843509958307,4.506502024424305E-4,0.008164731887315037,0.3014313882682069,-0.35174630631078746,-3.139684263598571,1.5079159332442862
0.015069226071449652,-0.010296158207363277,4.7699023812699544E-4,0.008163928451964763,0.30197250863080377,-0.37208748734203817,-3.1340750029504503,1.528671121278036
0.015067268929120336,-0.010312432498675618,5.034125111021098E-4,0.008164284967330722,0.30265682903916163,-0.3924885994361437,-3.1290941874173033,1.550064284620328
0.015060246760507807,-0.010343447651644272,5.545920125342596E-4,0.008170877858949837,0.30469566758508076,-0.43207108827688695,-3.122869950544294,1.594399641149706
0.015064400947780872,-0.01032841131581867,5.295841461064806E-4,0.008166301329497194,0.30353577277999216,-0.4127080827155661,-3.1251128756367312,1.5720720995008735
0.015018491473672136,-0.010632660123283311,0.001027715465150757,0.008152246252781522,0.31618674524217716,-0.7900999916811616,-3.0028693672460665,1.96793140122206
0.015017709779103909,-0.010648984888779606,0.0010536349750362094,0.008146349130082262,0.31630627226080427,-0.8091337151187962,-2.99266222681802,1.9859853582551106
0.01503294376096045,-0.010659669009192435,0.0010632610928606387,0.0081122451109249,0.31265285070869275,-0.8147356074788256,-2.9695467031715945,1.976571358095119
0.015020782825799587,-0.010601285152009006,9.774166944048377E-4,0.008161536716589852,0.31565350533391995,-0.7529100415378619,-3.021201522064995,1.9317785914653458
0.01501999958272459,-0.010616668651090918,0.0010019505844962376,0.008156411141284134,0.31580691306964953,-0.7710310486337478,-3.0119376552032118,1.9490985526356914
0.015034300279299775,-0.010594210637575423,9.605967230276548E-4,0.008138451853310686,0.312472536654708,-0.739302095791405,-3.011378511919929,1.9064950622918346
0.015038723323831034,-0.010580692049217294,9.375821510540222E-4,0.008135520092156954,0.31140424252967674,-0.7219302229149793,-3.015275231990819,1.8863815652438312
0.015041864447129093,-0.010564591149806445,9.110662496275634E-4,0.00813594762401299,0.3106692723544309,-0.702044103051506,-3.0219933209235887,1.865121665540933
0.015043255599777483,-0.010548631523639255,8.854575137382585E-4,0.00813950669981968,0.3102606793834486,-0.6829343015004846,-3.030321006939971,1.8461669926424207
0.015041407025774138,-0.010532676781287343,8.610405231306566E-4,0.008149146867097012,0.31071266860799773,-0.6649048582448744,-3.0419928135585175,1.8311920094728573
0.01504664260810825,-0.010518352517062636,8.365259521101355E-4,0.008144314208823793,0.30937361264418056,-0.6462062552346365,-3.0448313961673654,1.808945859435582
0.01504809440396311,-0.010501287907820532,8.090836481725099E-4,0.008147621874400992,0.30895820216405573,-0.6255888089201654,-3.0532287740991992,1.7883919505122634
0.015046426447810986,-0.010485625392616854,7.848959572687379E-4,0.008156295458885531,0.3093138873601647,-0.6075700232210017,-3.0640753738840703,1.7731140597285122
0.015051637436659117,-0.010471223852702076,7.603483541247371E-4,0.008151028727452192,0.30794462305109244,-0.588749421192072,-3.066439995881456,1.750661908184276
0.01505548755749213,-0.010455478637135402,7.34174215410147E-4,0.008148682543977407,0.3069929637575972,-0.5687881239335816,-3.070872069298057,1.7283687174117268
0.015058033925768205,-0.010438903356197932,7.071270261876248E-4,0.008148941287815266,0.30626135149950334,-0.5482165246953895,-3.0770139963652436,1.7066629050224835
0.015060190701085307,-0.010421977924041925,6.796482968881588E-4,0.008149862278954504,0.3056325503074313,-0.5273026654231835,-3.0835773123648447,1.6849445233690723
0.015074355929028923,-0.009848932718976569,-2.433195065657782E-4,0.0081760543235503,0.29007742719535345,0.19469466737003246,-3.255441901359712,0.9622606655126186
0.015073437246701222,-0.009832431004045532,-2.699528630069072E-4,0.008175974639920437,0.28976285173703276,0.21601856827281174,-3.258576587082484,0.9413550185911476
0.01507222995526468,-0.009815835642418306,-2.967771208067061E-4,0.008176258757799775,0.2895079756884326,0.23752462464386137,-3.261898870353076,0.9204829084432813
0.015075785677882187,-0.009927073491734944,-1.1744353893848406E-4,0.008179576064262138,0.2920650140437289,0.09420815636980293,-3.2416557669800357,1.0628170620873452
0.015085234613026851,-0.009909044173603679,-1.4585026034769134E-4,0.00815985257846384,0.2896484074205152,0.11683496943259264,-3.2328491692777326,1.0315062349458481
0.01509244227429355,-0.009857013790996344,-2.2846229937468384E-4,0.008141282359376901,0.2866728900093877,0.18269800585365362,-3.2313665048406466,0.9582885075665025
0.01509206106061326,-0.009874397416953633,-2.0075138310985798E-4,0.00814370943733724,0.28726029356964,0.16058684620694383,-3.229523712561758,0.981097355569207
0.015089732354569613,-0.009891826559380224,-1.7309484605329407E-4,0.008149756669122194,0.2882332340450684,0.13854084295553723,-3.229913551486511,1.0055266931642082
0.015090692773956091,-0.009945569655066364,-8.704659334973398E-5,0.008151055113125789,0.2896032058804125,0.07009655430436447,-3.2194175339253404,1.0737724942611273
0.01507057614524523,-0.00979900040238855,-3.240567028367939E-4,0.008177194845958717,0.28926537017114123,0.259418877393756,-3.2656177560119404,0.8995720179239973
0.015067191671085795,-0.00978436215682375,-3.4809447422141725E-4,0.008181691152386985,0.2895450199392511,0.27875276102004937,-3.2711938677898567,0.8828111295026332
0.015071952173972381,-0.00976709766127189,-3.7504172383828516E-4,0.00816950413791316,0.2879770982898508,0.30035439678490317,-3.2662607344795154,0.8563057531599674
0.015082682600976175,-0.009748250349963565,-4.033027202442036E-4,0.008145109804682428,0.28530451981260624,0.32285211325186974,-3.25351652512987,0.8235335107261171
0.015078282649108266,-0.009715498964100636,-4.5631893735099304E-4,0.00814749257304276,0.28507945144041974,0.3655683554136479,-3.2603979096823443,0.7833789624100821
0.015081911422961598,-0.009697421542557838,-4.843091647895968E-4,0.008136592985610485,0.28380426264318515,0.38796321248808724,-3.2560414612105935,0.7569456369348884
0.015091549820413426,-0.009728902806682253,-4.3240155061310205E-4,0.00812412387764673,0.2829587554428985,0.3460408371550343,-3.242902763663299,0.7916987148774527
0.015077145109182212,-0.009651083699770253,-5.589271585205317E-4,0.008135203088092187,0.28321907185511636,0.4482188691439966,-3.261985387620617,0.6986221473453221
0.015085308033598054,-0.009633251534187363,-5.850459942644957E-4,0.008114715454196291,0.28106655911198514,0.4690138291604895,-3.250886996225058,0.6696156107299084
0.015084757591160854,-0.00968065114658946,-5.102741652519981E-4,0.008127310809441271,0.2827099942473006,0.40879478250480566,-3.2524455489817137,0.7327855575230914
0.015089840456742557,-0.009663601426115952,-5.360464694799315E-4,0.008113413656201137,0.28118060351380963,0.42941802431723847,-3.245753624648873,0.7068170618304769
0.015096082629194473,-0.0096133922953083,-6.133913248394387E-4,0.00808846403875238,0.2784477362559621,0.4914874003977409,-3.2360989071032913,0.6365224692364048
0.015091246925424356,-0.009548439138444319,-7.162788021634936E-4,0.00807872797153644,0.27724848145302444,0.5746225779600302,-3.237477355276844,0.5535162326875712
0.015095480814092383,-0.009592263236260251,-6.466142871962792E-4,0.008083736473199507,0.27787087834261553,0.5182833758377517,-3.2356177071470213,0.608984088768814
0.015094231614454586,-0.009570774075349777,-6.805326782232647E-4,0.008079846382791639,0.2773846817069086,0.5456761097677353,-3.2356341440248784,0.5813300673892846
0.015064339911742847,-0.009114337700048351,-0.0013860740704193947,0.00792881512854699,0.26879092951007716,1.1156506280871215,-3.1608483846952335,-0.007461104800057287
0.01506972859073727,-0.009087618186501669,-0.001421565270106948,0.007902481196503443,0.267188831969646,1.143282007468182,-3.142858024083956,-0.04317281060640709
0.01507098512741157,-0.009061679634129618,-0.001458143111451555,0.007883894120329573,0.2662515478359149,1.1721673912526376,-3.1299944691027926,-0.07660616742688792
0.015072108022368566,-0.009033912652259215,-0.0014971297951111766,0.00786397836020112,0.26538800063170737,1.2029298197480518,-3.1159668333663295,-0.11216483000743087
0.01506879193061233,-0.00917857781003867,-0.0012891757923046761,0.007958091497762831,0.26984282449297564,1.0377091406081125,-3.1801597260642387,0.07475622533730046
0.015091932743797483,-0.009229321863126893,-0.0012015498968242484,0.007942456047000182,0.26739532249224124,0.9653627484957719,-3.168391818188383,0.13339430680753595
0.015090087800077407,-0.009198900933995235,-0.0012474025476048418,0.007929598361998942,0.2669088175623587,1.0022077294870637,-3.160463460019294,0.0946316942346266
0.015079960899366135,-0.009152916022145657,-0.0013205140722528234,0.007922624275858941,0.26728623011503866,1.0616343101943693,-3.156472170541658,0.03825139690613912
0.015085884238784973,-0.009127729886498043,-0.0013537198930024792,0.00789695174025526,0.26562905147618593,1.0874947491307305,-3.139231537684129,0.0042851882685990715
0.015087074325014764,-0.009490369001614145,-8.079167072288856E-4,0.008067233694636059,0.27621445685206175,0.6487590492987206,-3.235916577125849,0.47882766131183235
0.015096042145438785,-0.009466502309795422,-8.414977084317533E-4,0.008041278431564667,0.27382174314901886,0.6753959224654698,-3.2208008228519396,0.44258068285362967
0.015093741665789017,-0.009433634298236486,-8.928462918554755E-4,0.008033123547583494,0.2732101379042216,0.7169189925825282,-3.218215580617232,0.4003871435509438
0.015101067090162814,-0.009448831859368602,-8.667257980138884E-4,0.008024992109390627,0.27237281964413135,0.6954596206243069,-3.2114488032824573,0.4167839053175035
0.01510913309323941,-0.00941347989370753,-9.174442618993508E-4,0.007995710104469587,0.26996933673910467,0.7358275689646442,-3.1946149052312967,0.3665217285383616
0.015114348275780778,-0.009389123725277356,-9.52144702056172E-4,0.007975791947865572,0.26824046240382365,0.7634135560129987,-3.1829990015111975,0.3324008319066698
0.015104612502165304,-0.009271360295577229,-0.0011328067800168218,0.007940221949284926,0.26644860757036704,0.9091113295056859,-3.1654683344750216,0.18354082157307688
0.01511730649956124,-0.009248312017360453,-0.0011604504790093796,0.007904955577389712,0.2637505498929235,0.9302298953163487,-3.1425104638776413,0.1493956191953643
0.015105375855313056,-0.009296363746677047,-0.0010952603736334018,0.007951005436631258,0.2671153515164418,0.8789707944484216,-3.1716563107994244,0.21559725749069655
0.015116511046708187,-0.009366065449981285,-9.859199334066868E-4,0.007961881554487486,0.2672185124453615,0.7904092117589743,-3.175181474668659,0.3015194143937308
0.01511206450171782,-0.009322147228671005,-0.0010536594985765797,0.007950588588666457,0.266717204762387,0.8451226837156662,-3.170103631192063,0.2463998553285243
0.015114948763418403,-0.00934405263861981,-0.0010196067929810649,0.007955131292540994,0.26686388801971533,0.8175545309551167,-3.1719654902059173,0.2736445371159582
0.01510939582378834,-0.00953005600037055,-7.389394244222155E-4,0.008037799903703012,0.2734605882062664,0.5921001271466864,-3.2121860395317268,0.5190411281129003
0.015111756872096503,-0.009504247586654404,-7.778693843753279E-4,0.008024619387437123,0.2721874314919274,0.6233369735108845,-3.2060381861282394,0.48395950648911734
0.01595242780690424,0.015732359169421083,0.002749988442981709,-0.002863308854328417,0.04022750754456403,-1.1703762867216196,-0.03514528431322811,1.3450927809985267
0.015614124796946556,0.01480981665873058,0.0031191319366493625,-0.00366232618134783,0.06634774229307248,-1.424589192550103,0.10142605678631007,1.692956831053223
0.015670257440628124,0.01452685357348903,0.0030802852536768433,-0.0038877803149258154,0.07577994628170126,-1.4616841821536621,0.20585192303634178,1.7503993353423601
0.015899842064360497,0.014386944073725589,0.0028805800187695256,-0.00391523613225184,0.0750314527436125,-1.4092896243367998,0.3038370985437825,1.683580344848718
0.015964529459413325,0.014103772866645995,0.00280337338933065,-0.004123796373212357,0.08362671807524827,-1.421873798368274,0.4198245415484391,1.711657802642364
0.016136222544318485,0.013837012794019644,0.0026215215795538887,-0.004254113942627781,0.08680033836800562,-1.3795317455198026,0.5481918825120237,1.668427986574972
0.01584595801344798,0.015056853810795159,0.0029113139068370456,-0.003389721161682208,0.05729923801018328,-1.3157366310944756,0.08973641848833752,1.541889373115879
0.016114412720646933,0.015352345973726384,0.0026842814594901124,-0.0030927250820176086,0.047956087190203806,-1.20336350233948,0.07551133246836078,1.3897663292489328
0.016088749718009533,0.01290862994251974,0.002379847904734058,-0.00504614063680908,0.11569570468362952,-1.3837637385917916,0.9778967245300594,1.7610131384312513
0.016042663261312824,0.013331600282695269,0.002575112709057558,-0.004731360782407414,0.10401924468328873,-1.4294807747587026,0.7651698924783432,1.77647513289997
0.01617585758846769,0.013071675249536287,0.0023760882865329143,-0.004846820180487293,0.10828622104562512,-1.3583928662865452,0.892636715662901,1.7043806499846037
0.016266716530212826,0.013552550235476331,0.002455389421094432,-0.004403497428165765,0.09145942501270499,-1.3370720842954957,0.6760596514710039,1.630260842212664
0.01607759749805583,0.011317555548073165,0.0013255092685884094,-0.006155181059704175,0.1531986413770786,-0.8909202999429943,1.8325429164563918,1.4032306605938674
0.016129729371981667,0.012732997946540479,0.0022674392328858183,-0.005151470833823855,0.11880803192021262,-1.3426993400013807,1.066396695036005,1.7265098042797653
0.016131069432372934,0.012531490097219971,0.0021636543302682404,-0.005305551648714906,0.12515056947536982,-1.3069728548505484,1.173494407509667,1.7082753508337305
0.016127070961365533,0.01231330212375946,0.0020422745893552935,-0.005471887286352639,0.12988175884673273,-1.2610933228731371,1.2915982562422075,1.6826543100232438
0.01610238421579235,0.012101703799478898,0.001924887153447179,-0.005648209455408981,0.1363571224948219,-1.212427888103317,1.4126782907928497,1.657740835212484
0.01612542298397121,0.01188112359027182,0.0017550494227038527,-0.005771868422516968,0.14119745765210204,-1.1262268334644274,1.5249536769766678,1.5833769877240431
0.0162755591061224,0.011788824813169622,0.001595956435503474,-0.005662533348623831,0.13161562789074616,-1.0253319585468545,1.5228090761898672,1.4492559408239816
0.016212045682542347,0.011399469775942231,0.0013285872039832712,-0.005947674924770145,0.14283220060263838,-0.8797235473890027,1.7316317094595173,1.3455561915015364
0.01630750949390185,0.011632547759392995,0.0014631061740431794,-0.0057149769423722185,0.1324632728829478,-0.9508032205782445,1.5848204723568153,1.3758011934435468
0.016310945766356447,0.011499749348290674,0.0013595277334111759,-0.005780267694760535,0.13421168351073187,-0.8910171154749278,1.6437769401040037,1.322636347295271
0.015990656983950077,0.010773601028214857,8.377034861320167E-4,-0.006498714020782293,0.1662675608387246,-0.5822856880953012,2.118449559810543,1.1564556265250838
0.01599927254729971,0.010630893013007884,6.866350506753394E-4,-0.006528394917108029,0.16618164488568313,-0.47837124099600387,2.1630515499583516,1.0550935240979866
0.015994303063198184,0.01049567724407566,5.444651393077077E-4,-0.006567369545594385,0.16700163601058957,-0.37957898903723747,2.208193049040691,0.9626830262249434
0.01595869881426637,0.010193835261939803,2.2128962597940406E-4,-0.006662575706047496,0.16953086870701606,-0.1500958592316667,2.3058929500113092,0.7537106234104686
0.015983334224007086,0.010351738316361084,3.916483615257135E-4,-0.006608753485373784,0.16849234794095166,-0.2711845548410691,2.2540212220197837,0.8629544096390395
0.016099517260809465,0.011145440158845901,0.0011592823858059523,-0.006208239755511596,0.15319931766456504,-0.7860869827709914,1.9008457592295394,1.3009636322133298
0.016069128721710565,0.011001454972602742,0.001036341905028838,-0.006308650485275233,0.15806714124889884,-0.70922726023397,1.9796943970699554,1.2431361774183984
0.016129852207500683,0.01086865256770011,8.86470727102127E-4,-0.0062762232566295735,0.15303118286383152,-0.6074681227031463,1.995638193800222,1.126967199638271
0.01572342787849094,0.009454120105015368,-6.548835683848997E-4,-0.006950984868181495,0.18783530773595578,0.5024952400989774,2.533593592078867,0.19903196931599107
0.01575982415187162,0.009539697723481679,-5.444530022393454E-4,-0.006916546275456917,0.18325365016071796,0.4179714726762191,2.5100620049062212,0.26919693057852706
0.015961506832649984,0.010025029692156066,3.433478749658921E-5,-0.006665046741805502,0.1689315063055649,-0.01374078742433159,2.328644350432427,0.6175025113392061
0.015909047450633495,0.00987476386864764,-1.355511516170586E-4,-0.00673843987983904,0.1724735915163443,0.11099750541719813,2.38431017280308,0.514331414834552
0.015896374787085873,0.009729666559107833,-3.007271631883958E-4,-0.006742748512492447,0.17334424041610982,0.2337524769185361,2.3985638643912406,0.3952317082363251
0.015856157199397463,0.009597101055506214,-4.57378595391955E-4,-0.006781270732139243,0.1758551451593626,0.35107947078020907,2.428523071882721,0.2926769411027064
0.015232925104887218,0.00783367246866687,-0.0027018902995939883,-0.0065464982829906695,0.23802330032972938,1.9980375538055044,2.104806104455365,-1.2341404915282015
0.015263457749923869,0.007897945385145284,-0.0026171975660911556,-0.00657498107725909,0.23340280910413105,1.9416085977678512,2.1388579360728954,-1.1807145695180419
0.015376007013449797,0.008031223951411237,-0.0023929280809532757,-0.006562902886477565,0.21950998088467258,1.7764297975288967,2.169741930936189,-1.04856998546817
0.01532849428087964,0.007947887096766831,-0.0025102524545055805,-0.006543251151602103,0.22601743782705205,1.8583143812670462,2.137453433189783,-1.1215903731568002
0.01571911521212178,0.009073195368596559,-0.0010932975176415774,-0.006816470159882896,0.1843658418513929,0.8310358293534936,2.45378647244932,-0.1489695923740704
0.0157395103637031,0.00915808525028399,-9.900986774207725E-4,-0.0068227939715984455,0.18436322376686112,0.753888199416865,2.459856976996045,-0.07566825637793648
0.0157598382179334,0.00924342619828732,-8.859076206030318E-4,-0.006825887054599868,0.18163248265874457,0.6743807244503933,2.4626955253332734,-0.0012902749083541839
0.015757150510425044,0.00935988161617373,-7.542230207666954E-4,-0.006870442758133145,0.1825781662661203,0.5765566932460408,2.488303902597311,0.10451029846932891
0.015470655361585662,0.008040357953685521,-0.0022982373293672317,-0.006451269019329678,0.20862413287271311,1.6917480478225186,2.114106698730867,-1.0078248659159408
0.0154980018744112,0.0081448895394448,-0.002183063178386458,-0.0065081988207600795,0.20552756586267845,1.6163569699587543,2.1673432695111896,-0.9295209612517078
0.015547703573798847,0.008254948273431744,-0.002042217201249634,-0.006535279485234614,0.19993331908759918,1.517001441390619,2.2042140686248124,-0.8377239312181234
0.015574625247867997,0.008381608152016221,-0.001902435858571892,-0.006598781731677992,0.1965123342868245,1.4213502219824135,2.261444202463153,-0.7383368456613699
0.015641885891886403,0.008465427200027903,-0.0017724385343293578,-0.006569333095243637,0.19038345586229555,1.3228548256492398,2.258081144109521,-0.660687212754731
0.01564847778940554,0.008615480657070807,-0.001619895573870661,-0.006662950046502902,0.18963191039429173,1.2170929241071606,2.3307115928985227,-0.541952230578461
0.015678926411636634,0.008539170823997891,-0.0016751947334912858,-0.006569928348178412,0.18569376669151957,1.251191342977032,2.2684788887872083,-0.5975978749484459
0.015678007753779172,0.008769219470858002,-0.0014432013367147035,-0.006717010851605739,0.1869080821202098,1.0892544680568095,2.3778427348047155,-0.41270080124482794
0.01569399323538739,0.008684052813610846,-0.0015211955930411628,-0.00664281606910275,0.18352449950577637,1.1420059405880107,2.32697951592284,-0.4807989387940571
0.015795140829431488,0.008993036112958312,-0.0011449842691301627,-0.006667267797474033,0.17577168275183538,0.8622398619098363,2.3642080009405912,-0.22179812365304866
0.01573844939250851,0.008914527347013597,-0.0012562791396049928,-0.0067103968130008225,0.18176403413649816,0.9484437258114096,2.384503586368708,-0.2877072553428453
0.01573831605866858,0.008832234891923873,-0.0013428248399278049,-0.0066665493986053665,0.17996939771635864,1.0108239757564428,2.353644297726425,-0.3565935209379961
0.015193477533204975,0.007706435176584832,-0.0028445294864080967,-0.006458085895513103,0.24434739743344538,2.0850939031210625,2.018916282253775,-1.3270879623636747
0.015262776185215404,0.007764122297030091,-0.002726176405335109,-0.006437688474898733,0.23500915751630713,1.9967649492172101,2.0290794332092372,-1.261691527614795
0.015199278035687323,0.007618474218644183,-0.0029034286575636468,-0.0063553444896205435,0.24430325718261722,2.1068371632638807,1.9396387932716952,-1.3703432550621029
0.015194616003741833,0.007517225302333285,-0.002979351956995793,-0.0062488342838351914,0.24608404471094109,2.13884495153173,1.8543686960719281,-1.4208658486379195
0.01508535717115103,0.007358854749976678,-0.0032064756794812697,-0.006182980247788026,0.262689316391337,2.279432763771456,1.7595760552958963,-1.5459285011995922
0.015144060543615416,0.0074308855945811976,-0.0030932901890016458,-0.006205664805580167,0.25412146072666864,2.207579485292975,1.8009190247205409,-1.4848166400393543
0.01511180743982278,0.007284709033834054,-0.0032196660600948895,-0.006069711167906326,0.2606331206824447,2.262468873180053,1.683521251772127,-1.5573824433201306
0.015070429045059586,0.007220547126393992,-0.0033045855890479355,-0.006034395748968067,0.2662465398645653,2.309856516655706,1.6401236534867925,-1.6015538856728349
0.015000416829994829,0.007158872416939062,-0.0034222654548770617,-0.006025931793297797,0.27717610866483305,2.385428158159817,1.6045807852469742,-1.660943375001825
0.01131961913390897,0.0040174990254476265,-0.006915192835992069,-0.001427245573796254,0.35892562797832855,1.429827600904576,-1.4633707621802903,-1.0202728852253562
0.014996240454190228,0.0070548859447274945,-0.003479570960310365,-0.005902749849647489,0.2787485139653134,2.3899752614855525,1.511793963641267,-1.6889209335310171
0.014955177370553857,0.0069441227189028796,-0.003580585310205299,-0.005801696265687376,0.28534601046330493,2.4254937355280126,1.4216910279042438,-1.7350994071873025
0.014865648880480307,0.006894691931445621,-0.0037137334243920977,-0.005812480528975496,0.2991645200472876,2.5138953031099622,1.3900965676772812,-1.798244434665641
0.014641080475942314,0.006698329342609701,-0.004079406480261672,-0.005721302077598376,0.33640274870931147,2.7143558992982317,1.2233102663293922,-1.9583191553523422
0.014753755581684054,0.006803148729052297,-0.003893913850510641,-0.0057805644760049475,0.31718117235309135,2.617837604548153,1.316952196457293,-1.8795485537035845
0.014721282337090516,0.0067238387862075975,-0.003963826535299577,-0.005699452692109314,0.32245777080905197,2.6338046333849356,1.24632091427793,-1.9047599369373889
0.014836986259190148,0.006817611300042663,-0.0037803852522027594,-0.005736446626071113,0.303504558108786,2.53131053260484,1.324973773033685,-1.824775430400343
0.014406614633088833,0.006414973233364288,-0.004468101532835699,-0.0054699070319555445,0.37624712169373614,2.8556938455693337,0.9407959593439851,-2.092797561154222
0.014466499826739964,0.006477612794021501,-0.00437366123663007,-0.005525713142370692,0.36567015145332454,2.821612523801102,1.0069748205340756,-2.0621328212912267
0.014532804170772809,0.006535506942467176,-0.004269981465285417,-0.005567788964485221,0.3546011609361353,2.775153845672991,1.0673270923644107,-2.0243328039107715
0.014613316037498426,0.006603754371150142,-0.004143415888953763,-0.005611372898785479,0.33991533829221093,2.7139008333564028,1.135411858347758,-1.9754568355010116
0.014346814223859847,0.00635505103502286,-0.004560558240999738,-0.005414786895496691,0.3864883896307844,2.887378047847161,0.8757814607088305,-2.1209965357031924
0.014284199163537254,0.006331146788995866,-0.004652498359550142,-0.005409651728386622,0.39844169552552167,2.9402024098457273,0.8391000325659517,-2.1563143892799665
0.014243293609699725,0.006273919712975875,-0.00471545270716904,-0.00534491897882839,0.4045259851950856,2.948080172614603,0.7779827275200731,-2.1688843946079115
0.014180581485168889,0.006223117526784848,-0.004808289929625806,-0.005296140027930392,0.41566427398622435,2.979920909380272,0.7149451526312016,-2.1948005674811277
0.014090294313828015,0.00609822936864318,-0.004937968882395337,-0.0051453875687433445,0.42841277706323655,2.981449901841652,0.5800550421501153,-2.209845919298911
0.014182403459028367,0.006133787725722335,-0.00480661003154479,-0.00516707253548699,0.4114644358169433,2.9172709394547742,0.6433436483909097,-2.166977998851323
0.014019086915474741,0.0059618825043649916,-0.0050308521561217125,-0.004968259761762107,0.4355917990370041,2.9435667610043494,0.4482109591575174,-2.1990412325635273
0.014002105031686928,0.005881919056367422,-0.005046362067710957,-0.004859021774926863,0.43322702854749146,2.8957281772945898,0.3868168578009224,-2.1760372759922184
0.014098673848234315,0.005996961367296176,-0.004920945369214248,-0.004998636857018782,0.4213235685721905,2.8986595423523265,0.5084471684235509,-2.1690360501368136
0.01162664167894007,0.004244899420228159,-0.00690221417640607,-0.0018573633761290386,0.4218325884689009,1.7311390120974626,-1.4133818186887128,-1.2567346180559549
0.011445425057743167,0.004061044550370911,-0.00687624496843755,-0.0015699358898836147,0.374707847066386,1.523200438426877,-1.4239637844965232,-1.1015399566686048
0.011548980161700091,0.004141633337344306,-0.00687374850989374,-0.0017158510890117509,0.3959812038572304,1.6254200821600335,-1.4086659201756253,-1.1815903480292642
0.01177459736692382,0.004258775617845971,-0.006805020556886422,-0.0019998949159157104,0.4274120954355398,1.807652038249515,-1.3321087417090691,-1.332611688532458
0.011879767282228225,0.004361191448255218,-0.006800841640516047,-0.0021705370988310004,0.4517857107885165,1.9238129688056862,-1.3080979840017568,-1.4199236718255381
0.011987842503737793,0.00435046103091684,-0.006703940235775791,-0.0022518069991356564,0.4479233484859762,1.9555240441763915,-1.2346521605920115,-1.4589168646561128
0.012064360510024318,0.004398249720747416,-0.006673447419164918,-0.0023534857871524294,0.45819947467375605,2.0163670261518507,-1.2011184358718685,-1.507742555058911
0.012195026121615691,0.0045629819755834775,-0.006674091038934731,-0.0026043423166695035,0.49174647992476767,2.186376874623631,-1.1629398857573767,-1.6296350478449864
0.012131084301796255,0.004484706385701996,-0.006676786640361482,-0.0024823909452026446,0.47577082797349063,2.1040366441004323,-1.1837750660983044,-1.5706881032782756
0.012287386746183024,0.004553876437328723,-0.006579449776359802,-0.002664460644245666,0.4837974604654412,2.199280916102625,-1.0937473039592327,-1.6525703314631843
0.01236581039644851,0.004625584547550072,-0.00655196083202534,-0.002790470809504016,0.4964651507654137,2.2750715306924394,-1.0540747832717676,-1.7093288529219137
0.01251056248189328,0.0047276998375671495,-0.006471497324880789,-0.002992644378068421,0.5078211014964618,2.3844452199211053,-0.9659477958735518,-1.79538945730454
0.012475766952308918,0.004634202599760631,-0.006446503877197327,-0.002873022850134421,0.4899393933615999,2.2971850322927607,-0.9750911424327038,-1.7381496054050876
0.012751518460216616,0.004819611587290868,-0.006266184582288588,-0.0032344822051254924,0.5029571961401057,2.4740185234237915,-0.7930322430023202,-1.8787471945074283
0.012604999960238212,0.004741531520037333,-0.006379513111903281,-0.003066039328752965,0.5014402723595991,2.4022668385658204,-0.8960865308744612,-1.8185268673454134
0.012689027982582151,0.004776512726050666,-0.006309698230704327,-0.0031527109074924856,0.5004993142210935,2.435576463530371,-0.8364450982246624,-1.8484637750818524
0.012833134864841928,0.004814180514516261,-0.006171502819632193,-0.0032700539498819493,0.49120278956361973,2.463930274943717,-0.7312646655143714,-1.8813760412309863
0.012888211915054272,0.004892523618731918,-0.006152338826058804,-0.0033857178959975642,0.5002908414886997,2.530001367583004,-0.6918301714578474,-1.9269769180720033
0.012938613506258358,0.0049757402408252506,-0.0061388892305065034,-0.0035062511126228908,0.50964023689363,2.602395099589325,-0.6525463985992307,-1.9757306932433425
0.013250520738832204,0.005109013801023081,-0.005825490665590184,-0.0037825489974146202,0.48640439492572884,2.651359415532546,-0.4065706694248739,-2.028641104786097
0.013040616125525562,0.0049910196910179115,-0.006025227268533738,-0.0035673668254135554,0.49769423614192926,2.597120662527392,-0.5740950826189543,-1.981555196137941
0.013134421976308623,0.005016547627147302,-0.005925115195274258,-0.0036328371820821995,0.48846816274657895,2.5998503429812128,-0.5025121275294292,-1.9900762529335818
0.01320906565959846,0.005043193996819682,-0.005847067198856653,-0.0036895149923770127,0.480890946424309,2.604367373529728,-0.4459053494916233,-1.997788183141807
0.01398569210479505,0.005811555784013972,-0.00506043079490797,-0.004764198898090432,0.4317016102856249,2.854006968097815,0.3344738329811883,-2.1551723812700154
0.014039805483574926,0.005826192474642751,-0.004987921098555351,-0.004774875956544263,0.42116436478481434,2.821937961728028,0.3696923773754401,-2.1348596157753845
0.013842213961885891,0.0057315491511902555,-0.0052460048938339976,-0.004671139686319281,0.4536830601092067,2.9001993000586426,0.21180000870843887,-2.1868189002700813
0.01393428321613805,0.005762163359283241,-0.005124026267564561,-0.004703736240191128,0.43750501977254236,2.855518542688983,0.27890644172352513,-2.1585480555841303
0.013837875998595428,0.005617694589917914,-0.00522885906418315,-0.004515763097714457,0.4440119480319488,2.807031903688498,0.14879482373361522,-2.135182478708943
0.013751291818009326,0.005576720779073396,-0.005336397400065769,-0.004463054702425647,0.45713821379496755,2.8302259707879,0.07880969747905626,-2.149581636367578
0.013347204382313162,0.005252323747821194,-0.005764262914118428,-0.003988394208729998,0.4916647468523411,2.7503488994548566,-0.30714971591178913,-2.093901018702893
0.013337543522261672,0.0051252537388695694,-0.005724726589058292,-0.003825837067053226,0.47435507469281507,2.6368826985839906,-0.34230946520648575,-2.0248625304583765
0.01348543479453755,0.005327109676120302,-0.005614073262956623,-0.004111715329493677,0.47782732443946546,2.7587168820143746,-0.18971955871587745,-2.1041161333616087
0.013444635607253801,0.005265174104802255,-0.005644181506440126,-0.004025026976230296,0.4765531823449433,2.721238097200115,-0.23565639869102553,-2.0801738750385343
0.013600329924321525,0.005406548606274548,-0.00549034519031136,-0.004229722210500828,0.4668628853310533,2.771521323555206,-0.08657322805864331,-2.1146426350599636
0.013723136402409276,0.005487294254945204,-0.005351361039514907,-0.00434327727507923,0.45304959149709295,2.771683832885836,0.021768157765369747,-2.11557082518311
0.013677489450067318,0.005422223763913149,-0.005393778327283713,-0.004255945657316924,0.45437681376462874,2.7424937675243717,-0.03213001018708862,-2.098594052083479
0.013574254333657157,0.005326821016945199,-0.005499037145149258,-0.004123284898824795,0.461592887934059,2.7143681908106747,-0.13107097598971398,-2.0804280075316837
0.013162993760873253,-0.005417955671130768,-0.00608379060790946,0.00415852712111496,0.5559475665125212,3.006319647401003,0.40993813700806664,-2.2324472227837613
0.01311281453825939,-0.005373000314392821,-0.00612938653827371,0.004080734995488917,0.5570057676881234,2.9761560256765347,0.4635824368408134,-2.2111452703479917
0.013050183678450717,-0.0053527353693079635,-0.0062033686570676086,0.004030343339583075,0.5667327597159638,2.977267688950794,0.5221239111818067,-2.206653022605192
0.012933864427528355,-0.005222308004597889,-0.00628330669981875,0.003809459454448411,0.5618824203411719,2.863000866124995,0.6427471724384598,-2.1291054793189264
0.013022706217399848,-0.005293677397287595,-0.00620766495112647,0.00394068249393014,0.5600537898814446,2.918279164018856,0.5565939716359636,-2.1699044996255394
0.012991134338570293,-0.005242941295398658,-0.00622091832416799,0.00386120628693241,0.5551677581239607,2.8704046655984063,0.5908209976882474,-2.1391270691160944
0.012929992464018205,-0.005148104935881844,-0.006245522821220665,0.0037131847655588854,0.5462043646179094,2.7810798636232836,0.6514897213882841,-2.0809677447023724
0.012858228176732602,-0.0051322605147357475,-0.006326207110052026,0.003659171362618637,0.5550858311821812,2.7788726764596485,0.7136230754181505,-2.0719654838654082
0.012834746187818531,-0.00506278390847085,-0.006313546858452018,0.0035617091331426897,0.5434035405728824,2.7073150760637597,0.7347879298641847,-2.027335739898103
0.011558121968784866,-0.00418778585018701,-0.006903959220876834,0.0017549025273678968,0.4061531180272127,1.6596536717766452,1.4254252345617207,-1.2018881197508555
0.011694599213861928,-0.004322463487305697,-0.006914579968942313,0.001976090519129309,0.44146971931726126,1.81710234125783,1.408206536842198,-1.3190801790953393
0.011661975658707222,-0.004245614838197974,-0.006877546447713967,0.0018902190889899175,0.4227017346149962,1.7481497021514376,1.3927933682575802,-1.2745603338370335
0.011791145324723988,-0.0043364100994248795,-0.006852037259470828,0.0020738941199791388,0.4457296551565902,1.8699234635632338,1.3545611406065545,-1.3701920054310088
0.011494884003956374,-0.003966335011287901,-0.006774055910032109,0.0015568441408396383,0.3588986562729209,1.4940422287076753,1.354927818807356,-1.0984122835528423
0.011402322238788754,-0.003871009831984655,-0.006757072902943276,0.0014205822433288066,0.33757952845633526,1.3947407118691366,1.3537724300968008,-1.0232601909888628
0.011587525951561659,-0.00406348219733819,-0.006788576924877777,0.001699118961323534,0.38174433554005077,1.5964311457934788,1.3524220951077277,-1.1752694018539993
0.011885993007330628,-0.004371229771575647,-0.006803389627884596,0.002184166956134871,0.4542062260150686,1.9340996692705665,1.3083404253998792,-1.4264142722577706
0.011981368975010745,-0.00441624658736391,-0.0067579866392164555,0.0023019137501024208,0.463842738214399,2.003229546131007,1.2629034032248005,-1.4847378741935413
0.012068286574489544,-0.004472372915078974,-0.006724094019270718,0.002421722590072736,0.47509995239245956,2.0758054129254195,1.22348626968759,-1.5427657952046034
0.012139208267362894,-0.004543415482928914,-0.006712099154966038,0.0025426463563302556,0.4898949414721448,2.1551660638189105,1.197095687467959,-1.6014578455092965
0.012186333933629634,-0.004630126989104514,-0.006731609072443149,0.0026617579742439783,0.5084808340427333,2.242454031465759,1.1893679206447192,-1.6602498785133617
0.012240280958360269,-0.0046909769962523735,-0.006723772673831512,0.002763490659453099,0.5210195422213159,2.3105843413914804,1.1663291329828942,-1.7089727600458424
0.012306523566677219,-0.004684311957698861,-0.006652556997545041,0.002806876001945654,0.5142122283023188,2.3177461678169076,1.113357665092693,-1.7245718675672266
0.012356327547429193,-0.004810790982516404,-0.006692487242075989,0.0029744408403413695,0.5427907556417314,2.4466558688689175,1.1054437754931656,-1.8073830477832977
0.012420439541445734,-0.004853293156060247,-0.00665431525273174,0.0030665707596103722,0.547316319100489,2.497388884523208,1.0620762940366957,-1.8472551315688686
0.01247502553893334,-0.004891251693742419,-0.006621368617339763,0.003146409846717448,0.5515551732560698,2.5412497965551117,1.0237150619051285,-1.8814994576483994
0.012547154631200059,-0.0048936959712665975,-0.006542423890306679,0.0031972610871634716,0.5433074533597891,2.5473371548005024,0.9635575265390449,-1.8962101686078578
0.01236668806182102,-0.004722247192972919,-0.006618114472573211,0.002889358217602445,0.5194552962222038,2.3631184315618694,1.0759937246308169,-1.7608923281115383
0.012797422987156526,-0.004998672095173903,-0.006319936082018232,0.0034653413349539533,0.5351824118427339,2.645145852054536,0.7654089539621167,-1.986245463514569
0.012742682610304106,-0.0049558888326124186,-0.006358465194944123,0.0033856633361243785,0.533171184218381,2.606880413392472,0.80826187338701,-1.9572001954792133
0.012636790947922985,-0.004873007501406023,-0.006427945590778841,0.003229768636257998,0.5282714162852052,2.528093110291263,0.8874418901484195,-1.8974029712788927
0.012724119727274892,-0.0048789702938812725,-0.006332775202253509,0.0032866797763644253,0.5184474332124633,2.531654826696989,0.8184836699107095,-1.9103309303719465
0.013267579632009363,-0.005540368648849781,-0.00599622127420463,0.004358747041530311,0.5549607564254018,3.09645225682451,0.2832799523732699,-2.2904990988427483
0.013245461293218073,-0.005480614713341662,-0.005999892986706293,0.004269040238293779,0.5493015319797058,3.038281117934559,0.3218882143851078,-2.2562801329513285
0.013228445251404278,-0.0054156357005007046,-0.00599303725965955,0.004174740769963652,0.5416918440708263,2.9733943413248096,0.35584965305249144,-2.2177960278612314
0.013316973839679173,-0.005558246688494391,-0.00593388155940915,0.004395384935775932,0.5461251474966733,3.0883035857084145,0.23570133687397327,-2.2883502303148884
0.01380687816949481,-0.00620392497884595,-0.005378127768709287,0.0053811840630230146,0.5033963146179472,3.376675004809503,-0.533414930904435,-2.4291201749502833
0.013786884348558967,-0.006163137176462762,-0.005404344080409476,0.005320315045600493,0.5049913686249745,3.358311999341217,-0.48593482397692933,-2.423095873334848
0.013651574003281298,-0.005993408016854054,-0.00558388390588934,0.0050712186267788005,0.5240914802136897,3.321357637214423,-0.2635129652465314,-2.4159094884369714
0.013679811882587453,-0.006040124504810839,-0.00555066413216634,0.005141884870019661,0.521600391593397,3.3441427011702096,-0.3180095161939491,-2.4257010343477137
0.013705335960065427,-0.006094798376285693,-0.005522000319611595,0.005225315819327328,0.5204674620987807,3.3766271723526455,-0.3783593027090579,-2.439749582450433
0.013743019145123353,-0.006143509483648742,-0.005471135882080756,0.005297207208741507,0.5152258208269922,3.3873477970299577,-0.44304906395864707,-2.441457330856494
0.013346688913862759,-0.005611634421825853,-0.0059140339705119815,0.004477840601834965,0.5484029480012106,3.1317590021024495,0.18988369014799036,-2.3140679199284118
0.013448564836772411,-0.005786850619132547,-0.005832534274248002,0.004751298958862507,0.550426163326866,3.2659648897474676,0.021511889109335467,-2.3903630420967947
0.01339362867450456,-0.005665085780894267,-0.005867653474990433,0.00456338118590236,0.5454816168445425,3.162652005361806,0.12823343195869566,-2.332920374455138
0.013434935677448337,-0.005725453302324476,-0.005830149287263629,0.004657852959721875,0.5451795142105557,3.2035632245906105,0.06559705585609706,-2.356399693701045
0.01362043375918337,-0.005948496822369974,-0.005620745161201404,0.005003274413402973,0.527137399403471,3.3016947587531895,-0.20948436603982742,-2.4072260403466887
0.01357447536443293,-0.0059140093778266905,-0.005682093772651437,0.0049511725830876105,0.5352770361653536,3.305848842474823,-0.15314709129364987,-2.4107914835059936
0.013545019437505426,-0.005864803813495088,-0.005712356206816754,0.004875429238661391,0.5360458951544479,3.2759027564902916,-0.09920010856656174,-2.39563493955206
0.013493613952129951,-0.00580305765443385,-0.005770185098515977,0.004779389448330031,0.5410534485207545,3.2483700430278306,-0.022638284422140772,-2.381119564874268
0.01350781781191895,-0.005836748158488296,-0.005760098635161596,0.004831258324061793,0.5428629568418841,3.2757058529871643,-0.053791107655738434,-2.395816693189288
0.013884474870228414,-0.006254203196392261,-0.005259599149858996,0.005441643214186422,0.4867425883884703,3.334327417129125,-0.6202912843874121,-2.399028344266337
0.01386647307022693,-0.0061999945129391845,-0.00528296967506636,0.0053605956359963096,0.48728354439284516,3.3041039058560133,-0.5617925141888152,-2.388261822536833
0.014442286330004881,-0.00711538861307525,-0.00421049857624872,0.006483272374607348,0.3748421128196842,3.080967373497424,-1.6972978178237457,-2.058553488200031
0.014425246961932578,-0.007082781499912856,-0.004251608641452943,0.006448330643977062,0.3788050566165677,3.0990032973125246,-1.659573683124276,-2.079224291367039
0.014414172543194399,-0.007049871393934865,-0.0042830408661039465,0.006407168694687872,0.38108378106663543,3.1070927270536752,-1.6202469526696273,-2.094326919385502
0.014397234260703337,-0.007016965952557649,-0.004322962588245344,0.0063706638706433035,0.3848944585791534,3.122676614615996,-1.5818690051143167,-2.113199497276726
0.014398205219130645,-0.006981485702729717,-0.004335439328756776,0.006314843136510745,0.38463355088456047,3.110630556726995,-1.5378360813166942,-2.1174963157963878
0.014380926059954427,-0.0069416766152593555,-0.004377030395284416,0.006267209406543126,0.38832445132835636,3.1223738675343777,-1.4909810279407962,-2.1357058036908687
0.014294271762797016,-0.006853121848486307,-0.004541924940324248,0.006194657873578068,0.40728282818905065,3.211752643439731,-1.3865357682953503,-2.2102122601782663
0.014363259486551008,-0.006900893694283697,-0.004418644491219134,0.006217800598965911,0.39208416167388327,3.1327282149232167,-1.4428671983994883,-2.153017092077482
0.014344328786126929,-0.0068595338620336226,-0.00446143428586555,0.006167856561088662,0.3960174895526851,3.1430342943716396,-1.3940075657646493,-2.1700842187528493
0.014157097786035962,-0.006742623022102694,-0.004790629609463378,0.006110321527293897,0.4384972793869308,3.3540223530196625,-1.2423574455527342,-2.3184868424865215
0.014136353654896936,-0.006633986962694027,-0.004843352146598228,0.005946139749594149,0.44114717129047915,3.314598841252788,-1.109229530276172,-2.3219431819537317
0.014157512228054045,-0.006700189756904657,-0.004798166454752075,0.006040883151793721,0.4374299556391226,3.3273364142788338,-1.1909543092035493,-2.313937264936627
0.01415779227378594,-0.006664013055436313,-0.004804066297364469,0.005982208031798976,0.43637049465545863,3.304080380228252,-1.1482666756290505,-2.309234965397951
0.01420694740787803,-0.006760108709187799,-0.00470587550814983,0.0061065414763628876,0.42660417374102627,3.291315101243662,-1.2692818882939305,-2.2790603498395847
0.014269815014439661,-0.006811491059676487,-0.004592467435551786,0.006146133034005339,0.41232199139282244,3.2273667477619585,-1.3354792669632005,-2.2300262775398
0.014248394614567611,-0.0067747480237425346,-0.00463601151244546,0.006102424318645808,0.41692134531403485,3.2394852415300783,-1.2901979239772212,-2.2462500246619284
0.014026466180974216,-0.006447160585474169,-0.005037270769675104,0.0056998104851715406,0.4612992703613383,3.3259607452299123,-0.8725602065879271,-2.3651216942052304
0.013999668928501591,-0.006399737510151892,-0.005081222105068744,0.005634919728379249,0.4658526598076942,3.321707560333443,-0.8134666289901141,-2.3706502911162026
0.013991648719901564,-0.006349392856031564,-0.005093920493419481,0.005557890950916205,0.4651166743455944,3.289866919843157,-0.7598727605258716,-2.3601574789951663
0.013922343373417212,-0.006292314174690739,-0.005202019064480646,0.005490993741845616,0.4793481935307606,3.324188697441343,-0.6745916407186642,-2.3881654489936874
0.013959267290705865,-0.006323080192730761,-0.005144679109657681,0.005527724305748785,0.47186856230339785,3.3068985984234245,-0.7206247579881637,-2.373864999439949
0.014167523334882519,-0.0065925050398664906,-0.004799528683879321,0.005862495982078531,0.4319513538480955,3.244756146689378,-1.0691755549040225,-2.290888661337249
0.014151716834033747,-0.00654445621484671,-0.004830659617958758,0.00579508164730132,0.4340425355183806,3.2339838955526763,-1.0130059306151862,-2.2943571269865912
0.014102213443459438,-0.006537841164756024,-0.004909916673572485,0.005809850646901016,0.4460871529587009,3.2949756511360317,-0.9932150474011658,-2.3306393507554186
0.014079551185345714,-0.006497886618211088,-0.004949549897698512,0.005757078373631338,0.449945080124583,3.2957102088340355,-0.9438030449989456,-2.338608939871337
0.014081892940016077,-0.006452141109919318,-0.004948859994840841,0.00568336126034867,0.44807353092829555,3.258541784865821,-0.8959080904971283,-2.32548198473134
0.01466620563375325,-0.007630495757574793,-0.0035554485055560585,0.007003408437633487,0.32554808757810644,2.7374497508284548,-2.2507654962195516,-1.6709131463246065
0.014770833586933546,-0.007868200360493204,-0.0032103918760907663,0.007187255855389245,0.30464934668210114,2.5063758817754587,-2.4580650931713923,-1.4391302229312883
0.014707723326022418,-0.007643552067105666,-0.0034875678052842542,0.006969833012166492,0.31794127733411837,2.675907205169416,-2.2406078809348724,-1.6359744076553024
0.014743583522706563,-0.007655316840382667,-0.003429473355061032,0.0069411944941791814,0.3115263882594818,2.6238690737684927,-2.232032212231904,-1.60609396946205
0.014750276305168545,-0.007685159171400603,-0.003396474703616216,0.006972899080276465,0.3100752995877642,2.6057621363727104,-2.262370367241519,-1.582884270432003
0.01475905161427485,-0.007714403998169248,-0.0033607406993929755,0.007000785260597214,0.30822812430051977,2.5843960398117214,-2.2903895599358095,-1.5582568419803726
0.014770817580783595,-0.007834390325079627,-0.003241290563361836,0.007143324786473203,0.3049809963094798,2.5217614040304377,-2.419582218495474,-1.4653835796648582
0.01476361095862848,-0.007799303105610236,-0.0032820292049378142,0.007107103336268387,0.30628517418848106,2.546181109033372,-2.384904803224695,-1.4956745488359904
0.014749910321597571,-0.007768811280226095,-0.0033267823947525474,0.007084973459480517,0.30914282412011346,2.5765731146142716,-2.3596445573076017,-1.5257151045452853
0.014766084595194635,-0.0077407602108223285,-0.0033293395598651106,0.007026684584614004,0.3067384874386273,2.5657732277167087,-2.3159178821430553,-1.536155793411856
0.014774317818558301,-0.007959586797629075,-0.0031188362918704205,0.007299880662497611,0.3033283786198433,2.4554256741430636,-2.5585336694500493,-1.3618458978877463
0.014793050943599473,-0.007939783869092411,-0.003114301618209251,0.007248048579072891,0.30042238599753934,2.4419143962410406,-2.5206899734972614,-1.3693366825283144
0.014801331911046219,-0.007885160401786544,-0.003155488482425133,0.007167090812037767,0.2993502637476495,2.4586308302741737,-2.4533100193212416,-1.4094740158987566
0.014796108702149298,-0.007915516656099478,-0.0031336417059613293,0.007212956656801244,0.3000482369978959,2.4504684017250686,-2.4911916108821486,-1.387841392021887
0.014803552829996012,-0.008061685131168788,-0.0029791104294104136,0.0073850178051608215,0.2979328059082888,2.3582962731596493,-2.6449915968976474,-1.2569808589409919
0.01488429109234835,-0.00826294546133673,-0.0026654019283792823,0.007497430387691287,0.2843474547669816,2.121583569177675,-2.7728247383741595,-1.0296480476585896
0.014893725835256463,-0.008285232707674848,-0.0026295375491936293,0.007507247104696282,0.2829157319077016,2.0937566362657947,-2.7845628679464434,-1.0037346841793247
0.014905825055326208,-0.008309444643121335,-0.0025884669671661915,0.007514536494680541,0.28103719752881107,2.0613435630190327,-2.794953321883275,-0.9749986422454001
0.014825259233811859,-0.00809062959909415,-0.0029224396469107786,0.00738789700189576,0.2942626483898539,2.3129203647490537,-2.65593248308954,-1.2206843527402924
0.014839319839358218,-0.00812189606242982,-0.002872506515181563,0.007404220078735284,0.2916557780319946,2.2752698646495073,-2.6755399414660226,-1.1854007241929467
0.014876863451915197,-0.008240374587613748,-0.002699236653578334,0.0074837749783316365,0.28554448032570084,2.147112712446834,-2.7584218605549222,-1.055075341314286
0.014870392458196038,-0.008215032056712134,-0.002734902205762377,0.007465121429445457,0.28660274704358696,2.1733697925283617,-2.7399445362177697,-1.0828439544869708
0.014848466223425547,-0.008158403988741398,-0.0028224540966213106,0.007433424555780376,0.29025927186244643,2.2395228031172008,-2.704409268878624,-1.1467430328384598
0.014863322059791564,-0.008188088556497742,-0.002772778939272728,0.007445153935871862,0.28777371776747424,2.201100627172106,-2.7200534445382023,-1.1121424921982326
0.014788577179373978,-0.007989074484714231,-0.003071623228558882,0.007316678480284466,0.30056034462829934,2.420587035573121,-2.579096620467386,-1.3292762221578702
0.014820044045206293,-0.00803818456151228,-0.0029830400609377997,0.0073318261679482435,0.295293978320451,2.3521565562466002,-2.604945162716553,-1.2710599677389265
0.014820774949653307,-0.008012023396531655,-0.0030085923239362602,0.007298616236356183,0.295271482325345,2.366766225922273,-2.576203302066101,-1.2940047752357835
0.014913807620125126,-0.00838931290048555,-0.002486039376985475,0.007586971051834679,0.28020580580999543,1.9875161612448164,-2.8594410395284515,-0.8879286131466105
0.014918849621246474,-0.008336561896608342,-0.0025429858291786873,0.007522968484714454,0.2790896363891148,2.0254916299555714,-2.806518748676614,-0.9429493350803838
0.01492733640533448,-0.00836432017412041,-0.002501482834493662,0.0075387762575392665,0.2779275960988737,1.9938424834786617,-2.822761674537151,-0.9113961323058216
0.01493899384892546,-0.008415997939941963,-0.0024279023821698257,0.007573561831777522,0.27641394850973094,1.9383477264568592,-2.8560060658348227,-0.8530730628516113
0.014964779787363856,-0.008431679339563129,-0.0023828935586038377,0.007547453700004652,0.27246397459839194,1.8984327299854804,-2.842026069915466,-0.8303092544705974
0.014969064801048574,-0.008453958257332054,-0.0023517791573535473,0.007562722352623829,0.27194744021392087,1.8750299641895374,-2.8561315128786813,-0.805314832290321
0.01498577273097991,-0.008550615373053669,-0.0022165740621448485,0.007628624148229369,0.27031357059614725,1.772213103415907,-2.915847598326526,-0.6950324727134253
0.015013839629901025,-0.008603487940684948,-0.0021240251020064843,0.007630253726663385,0.26652875038192253,1.6968169073357353,-2.9246616201596627,-0.63146222368159
0.01501477756835629,-0.008571505681593917,-0.00216341935098094,0.007599510879866514,0.2659086410778229,1.7257798790238663,-2.8997557888026155,-0.6675700978068084
0.014988546888195115,-0.008478787619803401,-0.0023025258950576913,0.00755520973147243,0.2690728083049377,1.8340268185503743,-2.8556683730704653,-0.7744437208794407
0.01498983407275323,-0.008517681770876908,-0.002253675635506803,0.007590590732228646,0.26933563514659925,1.7982947389358224,-2.885445270343352,-0.7313961886272186
0.0150279287357526,-0.008815733998066863,-0.0018331121024048648,0.007786055429416238,0.26777933852567765,1.472961423010472,-3.0521822309390134,-0.3795801320519105
0.01501560567102734,-0.008633430257025225,-0.002084304926464676,0.00765413119050721,0.2666725701102965,1.6667907413599625,-2.9445796444630363,-0.596920565739449
0.015037463759114633,-0.008619863860626418,-0.0020821579734987953,0.007605124686866413,0.26320821906080855,1.660304229601954,-2.910268924160629,-0.6104843364118021
0.015018945003013654,-0.008661898879058457,-0.002044724955580156,0.007673536266316234,0.266471747701976,1.6364106047449967,-2.9611004776793433,-0.5637064689188782
0.015015165394818206,-0.008692577507105188,-0.0020080848372593285,0.007706642808346423,0.2676137018727886,1.6095686042517683,-2.9867783064954097,-0.5280023571565851
0.01501292956000103,-0.008785256507287445,-0.001886497677236434,0.007788147549650897,0.26955363951914063,1.5169924588993065,-3.051101394426678,-0.4164391306182016
0.015006817858384825,-0.00875438368020813,-0.001933168123089154,0.007773517000946841,0.2699120319553659,1.553996601381649,-3.038357244468172,-0.45396050041053665
0.015021441299568995,-0.00872725630023387,-0.001957104813975825,0.0077252628962525705,0.26724413529510294,1.5695835175390458,-3.0030843664563305,-0.48664093162707006
0.015044169014318046,-0.008791837363169122,-0.0018524807585398799,0.00773845860232414,0.2647550314926379,1.4850453318860293,-3.018067071741822,-0.4091734843413595
0.01504293669738046,-0.008842771194902885,-0.0017845711675625413,0.007780560421299377,0.2659745029328562,1.432703874841521,-3.050462048195833,-0.3471937595210402
0.015053353468254906,-0.008874988235941333,-0.0017325894880099752,0.007786505794912618,0.26489280583700076,1.39070982816367,-3.05666592634843,-0.3084447490646869
0.015073364144906808,-0.009005772615706745,-0.0015362231780194871,0.007843137226198782,0.2645416821340327,1.2337294930009524,-3.1011058946907997,-0.14799912259091275
0.015074486315206241,-0.008975293507194872,-0.0015783554620840776,0.007820509811486435,0.2636703898947504,1.2667773969049563,-3.084771205984722,-0.18640140533784508
0.015073794357003645,-0.008942210179479633,-0.0016249717151095853,0.007798794898201871,0.26307702406285177,1.3035012833907704,-3.0686654547069954,-0.22751261399767525
0.01508486826869148,-0.008888012950689868,-0.0016915086971751104,0.007740238875762363,0.2603704892473199,1.3537737909681535,-3.026358964636372,-0.29504834642613065
0.015087609208585864,-0.008916314474022283,-0.0016509000991482476,0.007755805741265302,0.26038777189057094,1.3217326878315194,-3.0384164305330263,-0.2608590619933893
0.0144805372931197,-0.007211053598431366,-0.004104422822846819,0.006593724287851166,0.3664090513303036,3.0400790544354837,-1.8084996634168164,-2.0030050055059396
0.014468231039213221,-0.007182592469085429,-0.0041379210585259585,0.00656215291311652,0.3691437990818051,3.0544895222329447,-1.7757060647581135,-2.0209972867306902
0.01445980233536139,-0.00714606999539053,-0.004168983516958844,0.006514200681091772,0.371088697180812,3.061096326757891,-1.731822637370002,-2.0373881105514804
0.014506431326864286,-0.007228315348956564,-0.004055931556614669,0.00659445455542718,0.36107135389289424,3.0037434239888356,-1.822489831024848,-1.9775929003886012
0.014568721726215289,-0.007277582766913771,-0.003935702782891786,0.0066053199170615475,0.3481087714151911,2.9170757602339314,-1.863079670648492,-1.9139767026381784
0.014537201688209038,-0.007249947943475201,-0.003997954777967361,0.006596269246176606,0.3546225063291745,2.9608009406313816,-1.839718235002236,-1.947086087508971
0.014650249916622405,-0.007524066262870863,-0.00365827922598315,0.006872620307126149,0.3297997387397003,2.7835486179432034,-2.129966163442053,-1.7441105951999858
0.014663903817761132,-0.007591965741689407,-0.0035885584381729367,0.006952185487838754,0.3264270839524199,2.7503624505010866,-2.2051351762483997,-1.696089787531539
0.014668876852835763,-0.007555266982333113,-0.003609165268703686,0.006894619945456997,0.32582515739183215,2.751394711828812,-2.157754920524316,-1.7141183834511586
0.014686991097195698,-0.007533231297777797,-0.0035999696822455627,0.00684231258900757,0.3229483116908629,2.730366213499256,-2.1210923407853595,-1.7142643788079748
0.014646876235199974,-0.007478773969879938,-0.003695118816251388,0.006812159004783589,0.33084658652765214,2.795427316190263,-2.0763761347326017,-1.770340897788717
0.014641408202617683,-0.0074324382546710555,-0.003734398821728046,0.006752297399302324,0.33233394897500984,2.8087539404768185,-2.022614899272906,-1.796971975479679
0.014648909332809702,-0.007393847497226181,-0.0037489467191315616,0.006689028414320027,0.33162999470036614,2.801892034735462,-1.972613811859129,-1.8094434367430376
0.014625163379475399,-0.007361716446316039,-0.003803258784208536,0.0066687159916001115,0.33655088791393656,2.8367833678883128,-1.9440177366778644,-1.8401151700407594
0.014605222139873515,-0.0073093293955842535,-0.0038638844412596266,0.006614113099627825,0.34058863507907317,2.865857075815381,-1.888561647934319,-1.8753925389756019
0.01462328212196906,-0.011940613638920084,0.0032139982688102974,0.007656891864542826,0.3424059229912792,-2.202794905102866,-1.8960814296684874,3.4497156288961297
0.014613365371455134,-0.011927915960164922,0.003213148074237868,0.007688805570241517,0.3499026239413594,-2.204567131607207,-1.9171561501346737,3.465756646969505
0.014637227572066366,-0.011869791551180904,0.0031162883690935557,0.007728570720058639,0.35023434314988916,-2.154279741023512,-1.9868502050003267,3.4142916850405527
0.014653122567021637,-0.011867718900642013,0.0030933904349453585,0.007706617612376883,0.34329437584120964,-2.140331886909213,-1.9828392355735505,3.385714255218821
0.014631330544227506,-0.011884350654762893,0.003140510048188607,0.007718759903757719,0.3522053627810601,-2.166861313946593,-1.9696326411116047,3.4273258871912797
0.014647214357136668,-0.011882302027499382,0.0031175791924511194,0.0076969085652331065,0.3426605351875191,-2.1530515408677355,-1.9657045215340505,3.398763440271568
0.01462538779552746,-0.011898891187242081,0.003164729678206226,0.007708861190319389,0.35249534929137244,-2.179455782859545,-1.952264850045034,3.4402013064522996
0.01464131724224683,-0.01189689263161752,0.0031416957757469817,0.007687009643519318,0.3421515801857394,-2.1656640610916003,-1.948408912974142,3.4116347417461816
0.014619399384801345,-0.011913413003953132,0.0031889511091248803,0.007698872845050096,0.35118307960220924,-2.192052722408759,-1.9347550971174796,3.4529984000404883
0.014635385411488717,-0.011911485973276978,0.003165787995973239,0.007676994820518084,0.3421063288365574,-2.1781577423615985,-1.9310129170217858,3.424393655122526
0.014629373795006256,-0.011926063816230403,0.0031898923989014637,0.007666950888084536,0.34229051630515256,-2.1905331349866297,-1.9135682912237115,3.4370913420951923
0.014669434749226856,-0.011865799740385402,0.0030705346032402123,0.007684484638863536,0.34101745724221894,-2.121506078707761,-1.982864518546321,3.3528836035454774
0.014675503427020427,-0.011851212464292502,0.003046201043658249,0.007693641490081594,0.34107532366413246,-2.1084981041736923,-1.9996280182760884,3.339310471612577
0.014699061038930981,-0.011708457009234034,0.0028473955031425523,0.007831627582279083,0.3514401163147542,-2.006778213403656,-2.1715058273264787,3.263363346524986
0.014709421682678019,-0.011720600136943106,0.0028498600244787164,0.007800210362338965,0.34349138081117525,-2.0077975770428207,-2.1497311130600587,3.2496716188401145
0.014704405031812397,-0.011693686304088879,0.0028227669456611128,0.007840538158250247,0.3520132728222869,-1.9928086330159103,-2.1877551262766213,3.2490122890430153
0.014714823172875422,-0.011705795888683168,0.0028253226594566697,0.007809103252000363,0.34338541394339,-1.9939481940892538,-2.165905998431924,3.2354555696173484
0.014660357317958712,-0.01181137231649065,0.0030188858176618317,0.007767134459478531,0.35170305836411336,-2.1021317412559775,-2.055193179844228,3.3604998272558837
0.014670710388679785,-0.011823814881572983,0.0030204423375190877,0.007735123036538743,0.343064196960629,-2.1016717577773636,-2.033572647745778,3.3457541992604036
0.014666024878782744,-0.011796722524648843,0.002994425615985392,0.007776597379955115,0.35397395243916846,-2.0885667968184904,-2.0721756642121214,3.346892489330402
0.014676408144741098,-0.011809090488568803,0.0029960955621299037,0.0077446415388418835,0.3425297388057699,-2.0886054212845084,-2.0504232311697823,3.3323034037883876
0.014677221759479867,-0.011767369970506484,0.0029455141424180567,0.00779525520302032,0.35407405306369427,-2.0614261164029077,-2.1057359456021194,3.319569193343194
0.014693005355762694,-0.011764869599417053,0.002923185047767222,0.007773009351141834,0.34276528167055687,-2.0487217023225472,-2.100635182129644,3.291602424488683
0.014671646377591765,-0.01178205502797576,0.0029699671204250293,0.007785971383915013,0.35488736495040274,-2.074975223437364,-2.0890320152137964,3.3332697822847197
0.01468751157785361,-0.011779600461671152,0.002947498657878331,0.007763670870508311,0.3423399019568388,-2.06213500486928,-2.0840138767403773,3.3052805573736506
0.01468199592989656,-0.011794343056779705,0.0029717858197824045,0.007754186875163841,0.3421994309438395,-2.0754287451249414,-2.067256634013155,3.318825450672177
0.014720015519767224,-0.011732875917778987,0.002852264559237421,0.007769033646451596,0.34172408023561,-2.0027807738712124,-2.132287691045598,3.23148120647679
0.01471450447270243,-0.011747654567754727,0.0028766545002137035,0.007760138029980007,0.34174183359400634,-2.0164293644828586,-2.116125361062925,3.2455251384705632
0.01470903232379074,-0.011762403635519886,0.0029009011461360954,0.00775104655459129,0.3417853305471492,-2.029886736978846,-2.099864363378925,3.2593035192362723
0.014681489505851957,-0.01183652177950329,0.0030217912157611253,0.007702882616796182,0.3412383316747112,-2.09539107623802,-2.0164091794546377,3.3257016398636767
0.01472531614604481,-0.011634437921711378,0.0027240487517377642,0.007875380145224547,0.35061338565865713,-1.9361568773320432,-2.2516991334779104,3.1906661390529547
0.0147410879962301,-0.011631518628018443,0.002702255849004774,0.007852482352705505,0.34361948320258145,-1.9231626479011796,-2.245516286274459,3.162932336161744
0.014720158197241128,-0.011649274565685586,0.0027487591442021376,0.007866789544127856,0.35156107758720107,-1.9504303857907097,-2.2358784745924973,3.205429137186242
0.014735902586449365,-0.01164639274695863,0.002726934563144214,0.00784401735542564,0.3434825541694937,-1.937501704346101,-2.2298160021640716,3.177653281791948
0.014714953661811803,-0.011664094939289061,0.002773447766143674,0.007858119460953009,0.35204566504556123,-1.964619129300404,-2.219949130421686,3.2200572728671415
0.014730694841985014,-0.011661255831148727,0.0027515670868268646,0.007835430691400106,0.3433309239450218,-1.9517575877046056,-2.21399175964021,3.1922532990585797
0.014709702589809144,-0.011678898899739066,0.0027981168427413665,0.007849369084754896,0.3522068042129114,-1.9787458556951634,-2.203907109532541,3.2345788372820423
0.014725451778395529,-0.01167611344206352,0.0027761728760932716,0.007826737039663344,0.3432702789528777,-1.965923880590769,-2.198055136876601,3.2067519211720827
0.014720163922951668,-0.011690963515987434,0.0028007593265057945,0.007817953286625186,0.3432764367001053,-1.9799903219069226,-2.182019299361428,3.221151825365593
0.014757278705234888,-0.011628662323178003,0.002680435306447855,0.007829492200229896,0.3415541689992471,-1.9043354601588651,-2.24321532522063,3.130348091995309
0.015019582020188077,-0.010754889653002224,0.001216701937794524,0.008090532612883733,0.3151469504025894,-0.9269312228713528,-2.915590629185847,2.0900306708910836
0.01502261673303587,-0.010736076257519774,0.0011862595084078515,0.008094588595452723,0.31459101621669566,-0.9047834200719854,-2.926336486333139,2.0673916763667695
0.015034360887108808,-0.01071970429674049,0.0011551734029539502,0.008080656339944913,0.3119369279731264,-0.8812009810145244,-2.9263579077799027,2.0351562037715643
0.015041237098961073,-0.010703496805621555,0.0011269210984374148,0.008075655210580979,0.3104518037867567,-0.8601175760066363,-2.9308755999047307,2.00974997779403
0.015045378090070165,-0.010686962163377544,0.0010995504204384962,0.008075788373774836,0.30958989817013377,-0.8399095427048892,-2.938156687233097,1.9876665141347247
0.015047451927966558,-0.010671206911139904,0.0010743560641988071,0.008079276893862765,0.30920531230430753,-0.8214360806342684,-2.9468104283488477,1.9690353003158878
0.014964080495710628,-0.010962671870210102,0.0015648753884164642,0.008069517969172562,0.3249383734686266,-1.1777413407374768,-2.800639050566511,2.362236093027736
0.014962276099521677,-0.010977683277096325,0.001588500956950579,0.008062640782200793,0.32496695857797286,-1.1940834889964334,-2.7891391571922557,2.3778055827939153
0.01495458454419722,-0.01102584245141844,0.0016652715603384402,0.008043032685804167,0.3255419242173246,-1.2471081202900625,-2.752979481948732,2.429837382969375
0.014959971434468965,-0.010993401142506897,0.0016134657691345815,0.008056042559191326,0.3251577440441174,-1.2113749471839201,-2.7773037271389036,2.3946278458688535
0.014957829499858898,-0.011009631565240506,0.0016390208271981684,0.008048608318907434,0.3252079664304362,-1.2289483090727524,-2.764743637260526,2.41145473159672
0.015034833014286104,-0.01076749187575794,0.0012278546599398083,0.008055117816092682,0.31140139659601607,-0.933233479552663,-2.891303612126828,2.0811095254847256
0.015029199021908364,-0.010783299654775974,0.0012548759740058613,0.008057210162925066,0.3125236154441145,-0.9531015357085467,-2.885074802241274,2.1040607227704022
0.015021800114540323,-0.010798600440785492,0.0012821501112401845,0.008062702780732732,0.3140774503341761,-0.9733125086490784,-2.8807162326224502,2.128964867533283
0.015009522473269785,-0.01081401291567997,0.001312446603643092,0.008077109728450299,0.316803618906865,-0.9961863096388315,-2.880731181593719,2.1608859613907394
0.01500345922676712,-0.010829560090988165,0.0013395446758908372,0.008079578263750383,0.31807648261088545,-1.0160435153669725,-2.874428713148931,2.1841779728364488
0.015007366176260188,-0.010846242717047296,0.0013625255419227491,0.008062504438532509,0.3168197113206204,-1.0317243386662753,-2.85758428579368,2.1940365927465533
0.015002073510930738,-0.010865417399032323,0.0013946057401503793,0.008060969086728738,0.3178039979658566,-1.0548525025616247,-2.847298864426957,2.2192996000692347
0.014977833382889846,-0.01095633609955492,0.0015461912654405603,0.008048294734551893,0.3217311941349372,-1.1629124590912798,-2.793919235982357,2.3358216895912256
0.014996461828800094,-0.01088176616816908,0.0014226414932613197,0.008061486564843038,0.31879122002665555,-1.0751184704535104,-2.839329342333402,2.2423326193572053
0.014990047741486351,-0.010895681066339919,0.0014475465908505908,0.008064817171010376,0.3201535550103088,-1.0932831564644787,-2.8338614478457735,2.264304317450051
0.01499058684718537,-0.01091144112939689,0.0014708592881474654,0.008053880481326013,0.31960691051110285,-1.1093512746900582,-2.8203497024023814,2.2775508719835558
0.014987928566220013,-0.0109274967525955,0.001496570166257918,0.0080485309076348,0.319948899779302,-1.127441087411314,-2.8093604378818515,2.295637028845279
0.014983186625831308,-0.01094319154030374,0.001523071062944848,0.008047090750862003,0.3207301943084127,-1.146312308062422,-2.8003729415992833,2.316404565331202
0.014777290072246966,-0.011568675743384015,0.00258184242053437,0.007862828705684647,0.34148451906422284,-1.8461583911113841,-2.3047309469920556,3.070889960992364
0.014762521832730092,-0.011613701536089927,0.0026556553211101556,0.007837650908774895,0.34156183314583005,-1.8897755924020896,-2.2586524792464258,3.1153099382002476
0.014772452235438702,-0.011583634611630818,0.002606350428247174,0.00785452231196466,0.341608211610321,-1.8607175532161502,-2.289519487752104,3.0857000419071174
0.014767582002790686,-0.011598666320065612,0.002630926638196495,0.00784601863881376,0.34161788462392,-1.875220042918808,-2.2741128607032155,3.100416188847755
0.014793712236507979,-0.011565656415595447,0.0025601918338423106,0.00783885899783201,0.3370181170248561,-1.8297473352984495,-2.3000625877734424,3.0397486141323355
0.014857420610942869,-0.011353770709484878,0.0022141483053216937,0.007944605685310928,0.33527279347880357,-1.6158488401453148,-2.5006904534858854,2.821525627795794
0.014808281774290095,-0.011520534241004446,0.0024863566098700433,0.007862523067817333,0.33671962680392603,-1.7852837823718681,-2.3445282663399287,2.9942117540140782
0.014803636226018671,-0.011535756854918339,0.0025110351319295276,0.00785426239476583,0.3367707193532307,-1.8001693499721891,-2.329527319426781,3.009254130165069
0.01479876319077615,-0.01155080937342698,0.0025356769427542732,0.007846388617529114,0.3368759045721736,-1.8150103390631542,-2.314702732062821,3.024464855920168
0.0148532257127707,-0.011369055671703513,0.0022390560862270118,0.007937420404897757,0.3354201847372529,-1.6316985179481025,-2.48690344480973,2.8376227291209783
0.014848971017169981,-0.01138434891561197,0.002263980432027892,0.007930155755373217,0.335573942114797,-1.6474871390229386,-2.473004739626074,2.8536647490936797
0.014844378674839731,-0.011399416308590662,0.002288874222753729,0.007923517935136027,0.3358122798983258,-1.6632597840407686,-2.4594173536919635,2.87001722029875
0.014812963281977188,-0.011505259710046825,0.0024615134326909788,0.007870603578056917,0.3366503164013346,-1.770202923715706,-2.3594378886265055,2.9789062821134773
0.014817647390332074,-0.011490017315030408,0.002436652248511781,0.007878471632020894,0.3365415720110605,-1.755021371412143,-2.3741675679502854,2.9634384334415906
0.014822119696575752,-0.011474868890079579,0.002412075397463015,0.007886427524650646,0.33648467118229203,-1.7399711425606672,-2.3887656223273783,2.9482276244221475
0.0148398424547423,-0.011414450581391051,0.0023136234724970436,0.007916643545162862,0.3360167488099803,-1.6788580653732055,-2.445680574901518,2.886105165545201
0.014835615520882325,-0.011429631718796247,0.0023382166873622723,0.00790892174076935,0.33609825153360934,-1.6941986556729363,-2.431454796675807,2.9015578264231525
0.01483129518497032,-0.011444790877172992,0.0023628174669136676,0.007901210120115574,0.336190141535936,-1.7094806960221478,-2.417173053445874,2.916997240592693
0.014826677783186913,-0.011459842004390208,0.0023875182205463914,0.007893942272348499,0.3363549359485038,-1.724816177112997,-2.403043763418942,2.9327508168101026
0.014939643337821199,-0.011087979282666234,0.0017673865100770985,0.008024451988152636,0.3271759526321882,-1.3174879811853601,-2.7083450519430023,2.5029134053733313
0.014919519862950118,-0.011107486997154631,0.001811325009311932,0.008046089920711513,0.33133686496092934,-1.3501140521753934,-2.706147794831135,2.55056014931856
0.0149352795293682,-0.011102806441866514,0.0017922965744539296,0.008021043526552042,0.32772209251397283,-1.3346347063910695,-2.697939466593066,2.521332914993025
0.014916598112967876,-0.011122939815361966,0.0018361368123001496,0.00803928578108827,0.3314724305394216,-1.366857852600891,-2.6936436600488673,2.5670605507703637
0.01491374293996455,-0.01113855066670512,0.0018610709956875195,0.00803206258270705,0.33157014501478416,-1.383593809353302,-2.6807944815750577,2.5834134983404584
0.014910366695143382,-0.011154197987361357,0.0018864207531050063,0.008025578717683638,0.3317903331284198,-1.4006232326583563,-2.6681733014628133,2.6004963733741344
0.0149067407614688,-0.011169773577679091,0.0019118226101950684,0.008019426073853496,0.33205443001422835,-1.4176605304423502,-2.6556623238795933,2.617790898387337
0.01490296636122227,-0.011185295990789393,0.0019372264906402671,0.008013405703492476,0.33233369017648223,-1.4346527853288993,-2.643162886612947,2.6351452421878467
0.014871040643841663,-0.01130827680590969,0.002138690459908336,0.007962964757369344,0.3343687326787273,-1.567126885763629,-2.540076423218384,2.770717485284059
0.014866655413954294,-0.011323589580307077,0.002163944109914095,0.00795661289155923,0.33464588105231097,-1.583468534081083,-2.526844069561411,2.7876189216884417
0.01486196792869616,-0.011338675247745277,0.0021891235218825223,0.007950823635319964,0.33499198208492137,-1.5997590736113982,-2.513897865512171,2.804762133888531
0.014899011834893615,-0.011200754539445289,0.001962647491784353,0.008007582929761933,0.3326482951484207,-1.451615707182617,-2.630708929449581,2.6526073696275976
0.014894820309889612,-0.01121609642854632,0.0019880641817299574,0.008002104345457908,0.3330150728531805,-1.4685496431875242,-2.618392135343893,2.6702428030804417
0.014890451469610476,-0.011231308211793396,0.0020134140892638062,0.00799687595219091,0.33341336718964226,-1.485407749911212,-2.606175050721696,2.6879520368456897
0.014886239371191086,-0.011246512274800426,0.0020385846081841298,0.007991198740246048,0.33374742951054853,-1.5020522940784475,-2.5936872161254665,2.705256342947894
0.014882443437774435,-0.011261845078640637,0.0020635329767801345,0.007984493804499788,0.33393179798089845,-1.518391955315811,-2.5806124126727004,2.721786359804604
0.014878829636171736,-0.011277298957115147,0.0020884394926308455,0.007977184097456458,0.33404613906266256,-1.5345861967395313,-2.567137978088273,2.7379234223013973
0.014875072103347833,-0.011292803926164626,0.002113490349826884,0.007969907012557313,0.3341783036034431,-1.5508199172790738,-2.5535683275167034,2.7541749698640667
0.01495731264903138,-0.011084211861220055,0.0017485717926415112,0.007995210640027327,0.3229743954246722,-1.302004706688965,-2.697475983720755,2.471980530194728
0.014968790851633955,-0.0110373916521777,0.001672022789830861,0.00800873738716157,0.32169770583924023,-1.2493210001838877,-2.7305700063461784,2.417106985456306
0.014965635727769695,-0.011053015818321575,0.0016971023017992592,0.008003175720120893,0.32197358843060003,-1.2665455200835252,-2.719132574039246,2.4344951177106284
0.014961898272987108,-0.011068671686316442,0.0017226175589992114,0.007998471938686106,0.32237734937374696,-1.284089744263613,-2.7079904416837333,2.4526801467610593
0.014503870314936747,-0.012171440118039544,0.0036190384557827204,0.0075063049569340885,0.345667336918935,-2.3978970672541577,-1.607070640670883,3.6648469495216633
0.014497026275438711,-0.012185578797026963,0.0036425861264334177,0.007494906348005125,0.3464109868086663,-2.4081768693610077,-1.5881904021463447,3.6755410498389445
0.014512998365059718,-0.012184561233328754,0.0036181503398418136,0.007474522279356784,0.3387041595993748,-2.3942113003979197,-1.5870281369689392,3.646459428357963
0.014490137873033796,-0.012199695861056147,0.0036661002477410124,0.007483432630964124,0.34666859780278453,-2.4183287088607384,-1.5692369168164209,3.686058262534479
0.014506094982549593,-0.012198725470861977,0.0036416342222832404,0.007463137800234957,0.3381956245436348,-2.4044300246189496,-1.568199080746697,3.656968589453205
0.014483205177866363,-0.012213791167466397,0.0036895828768040533,0.007471882861957297,0.3465266188123712,-2.428374455052724,-1.5502077992033074,3.6964208070260844
0.014499168958580796,-0.012212864050371792,0.003665047538796135,0.00745165732963437,0.3378068736822916,-2.4145250021769744,-1.5492974155424815,3.6673315765885746
0.014517425023423979,-0.012143098494643411,0.003571767083950387,0.007528912920518333,0.3477760815063382,-2.3767529573818114,-1.6447530926513092,3.643076127731249
0.014510669920930355,-0.012157279968945644,0.0035954334056466455,0.007517639893656222,0.3459801831469967,-2.387429470451609,-1.6259201471555051,3.6540027889985836
0.0145267337697714,-0.012156154459245769,0.003570981242737198,0.007497002779743343,0.3391029316289749,-2.3734269792766667,-1.624443019718975,3.624970689051223
0.014519888005634675,-0.012170375007635069,0.00359458885606689,0.007485792285353594,0.339097376057953,-2.3838742766866425,-1.6057673574772757,3.635780468069808
0.014543999019492741,-0.012086162244613058,0.003476884466457619,0.007573198119974718,0.3486165898185973,-2.333192195940815,-1.7191275597807454,3.598581182712016
0.014559909173363637,-0.0120847721502604,0.0034529643819370686,0.007552406684854477,0.34043578900331056,-2.3194795430118593,-1.7170019047401108,3.5696690427026048
0.014537422618955199,-0.012100427570042292,0.003500633903276445,0.007562249533831712,0.34956250029763325,-2.3441483803277796,-1.7007016554437282,3.609902114125188
0.014553341304922926,-0.012099059340655251,0.00347663872275221,0.007541544956904436,0.3399101886614169,-2.3305146308727482,-1.6986837443867848,3.5809945709102387
0.014530801440932151,-0.012114672150203698,0.003524356473988141,0.007551222794602504,0.35010596143419376,-2.355051703370705,-1.6821753336487226,3.6210619126441332
0.014546763850490549,-0.012113334182730673,0.003500240220887629,0.0075305504104752645,0.3393504733970924,-2.3414240826683392,-1.6802550461352406,3.5921543082026948
0.01452413555302291,-0.012128895840071584,0.003548067135546802,0.007540110816450809,0.34954392362798425,-2.3659313536593642,-1.6635222942488124,3.6321030468231643
0.014540158859569711,-0.01212761351360083,0.003523806995844395,0.007519425273128264,0.33897508055285325,-2.352209317640305,-1.6617143905883653,3.6031736883527707
0.014533492399097432,-0.012141894359198109,0.0035473801764130193,0.007508219339168243,0.33893065600288047,-2.362873912653384,-1.6430948604165703,3.6140980222669055
0.014576119302904741,-0.012083460638173475,0.0034291153214954357,0.007531736634795728,0.33879775409855317,-2.300668563121125,-1.719736000209436,3.5371351870775034
0.014589351242310976,-0.012054666457519257,0.0033814225076634953,0.007552835414017938,0.33924160446015694,-2.2780007211595645,-1.7558684091852645,3.5136468655620052
0.014582749483425445,-0.012069101397189029,0.003405324236890731,0.007542297901267719,0.3389974784655215,-2.2894064133717325,-1.7378087258128303,3.5254612828299514
0.014614602000705733,-0.011996897898442367,0.0032866137040147053,0.007595006949826699,0.33999537403315633,-2.232061367139061,-1.8271417348585448,3.466611111497764
0.014608372449531304,-0.012011257537255085,0.0033102285777113004,0.0075847043917282595,0.33992264942872147,-2.243665363487397,-1.80957019010526,3.4785193452536833
0.014602160873051237,-0.012025690697969063,0.003333823339184781,0.0075741123151533115,0.3397670531096657,-2.2551184262625106,-1.7918092277817002,3.4901850532789767
0.01459583848466474,-0.012040180525546456,0.0033575508337200595,0.007563436983723069,0.33951684347139294,-2.2665495056964065,-1.7738859836499399,3.50185696012182
0.014633587838453812,-0.011953603559417027,0.0032147309234265317,0.007624768577762412,0.3403602573993684,-2.1959582556025548,-1.8794652929208546,3.429114829974356
0.014627285549959764,-0.011968126738995612,0.003238823160700219,0.007614856472068624,0.34018596599186596,-2.208145238634346,-1.862019136715107,3.4417579360460344
0.01462092582525887,-0.011982549693875593,0.003262815842950837,0.007604991882293812,0.3400600940710978,-2.220209327259804,-1.8445903339441994,3.4543173716826776
0.014389080122167905,-0.012394989703775476,0.003991574053905077,0.007315011429119771,0.3421164879328311,-2.548453078945974,-1.2967010106448102,3.8201039808879567
0.014381534484329045,-0.012408766398519247,0.004014514637505451,0.007302446640212585,0.34261134987023284,-2.556747382065489,-1.2768336434245493,3.8286405087078497
0.014397499515094695,-0.012408525153300274,0.003989105046143614,0.007283260962655839,0.3325523494429126,-2.5429318231079083,-1.2779054327577244,3.799376361759886
0.01437394559883068,-0.01242251932881241,0.004037431514427148,0.0072898010528795005,0.3423793620282985,-2.564988707768454,-1.2568665733970315,3.8370227073459215
0.014389965044407526,-0.012422317873565278,0.004011874483773655,0.007270638886649166,0.33190949619040705,-2.5511567187411632,-1.2580511610368486,3.807770936767619
0.01436631353955115,-0.012436248360560212,0.004060331703137938,0.007277070701761334,0.3407819239957412,-2.5731633913733916,-1.2367938893936805,3.8452939856022144
0.014382384671613528,-0.012436107027022518,0.004034621791303874,0.007257919384800579,0.3315639484403847,-2.559244555514447,-1.238126579185731,3.8160348965168542
0.014358638380875009,-0.012449953359711831,0.0040831915239027145,0.007264268706561918,0.33926597652876517,-2.5812081303094905,-1.2166638783676071,3.8534924065344236
0.014374722820443699,-0.012449876753692517,0.004057389086435951,0.007245166480315902,0.33144596942973686,-2.567213267399785,-1.2181647535816003,3.8242302752894983
0.014327508257654867,-0.012504530351169439,0.004174164715085928,0.007212378429261698,0.3369049763066368,-2.6119244823047545,-1.1357468075494508,3.885013290844103
0.014319618735532863,-0.012518113178479765,0.004196793355333205,0.007199234755826345,0.3370284094514174,-2.6192258329649856,-1.1154205877906636,3.8925917272103714
0.014335674232058082,-0.012518285417723247,0.004170710676246755,0.007180547558299212,0.32942262728490945,-2.6051607644713535,-1.1176854045497624,3.8633335143728402
0.0143509201976938,-0.012463634192265595,0.004105987847352436,0.007251408017192506,0.3393102554708078,-2.5890847690496956,-1.1965200491070798,3.861591185681475
0.014366991605198819,-0.01246360632617713,0.004080144924634009,0.00723239594994416,0.3310970188201983,-2.575058798601386,-1.1981783264439783,3.8323329944854874
0.014343159065406775,-0.012477290724274193,0.004128739529992253,0.007238477997604911,0.3395330783556149,-2.596823427048461,-1.1763330327771087,3.869533085221781
0.014359234710181072,-0.012477304807565778,0.004102830203428686,0.00721954386856222,0.33046020747895666,-2.5827652983331038,-1.178138408117704,3.8402647373046768
0.01433535505992158,-0.012490922821849835,0.004151470772111328,0.007225464904954235,0.3383360711528518,-2.604448232078932,-1.1560650811120787,3.8773245450241167
0.014343596592782079,-0.012504655385776118,0.004148088619350353,0.007193580458844739,0.3298057765773655,-2.597806771541725,-1.137874820498009,3.8557296101137246
0.014351449728650078,-0.012490990428153673,0.004125459771018515,0.007206586383560669,0.32999908532026173,-2.590340872031821,-1.158029107267019,3.848038110371071
0.014311686570991885,-0.012531671170102522,0.004219368852283721,0.007186026817846602,0.3378483390539228,-2.626396197133225,-1.0950548721421383,3.9000037982391085
0.014327725788965594,-0.012531892920790093,0.004193269479791318,0.0071674203623787605,0.3286664716873929,-2.612378757018132,-1.0974292642106482,3.8707633935756562
0.0143037118419788,-0.012545204192439473,0.004241926045020898,0.00717273419053624,0.3370997699613206,-2.633486469817151,-1.0745897446377257,3.9072440137622393
0.014319766619291874,-0.01254549547618848,0.004215750837411966,0.0071541566351741885,0.3280050818745143,-2.6194501828017493,-1.0770923904033898,3.877995626761647
0.014295694626951433,-0.012558712111977538,0.004264461614342502,0.007159358809222835,0.3351715899697269,-2.640468025593518,-1.0540426584624825,3.9143745987931227
0.01431175576591671,-0.012559080037217297,0.004238207020336052,0.007140822360385654,0.3277625250386398,-2.626392230686705,-1.0567134207401467,3.885114596141474
0.014287635004878955,-0.012572194795293824,0.004286941067650921,0.0071459211564649,0.33432292454501994,-2.6472790017338115,-1.0334812671266096,3.9214215868241467
0.014303665921564833,-0.012572622253121514,0.00426066619303142,0.0071274835641605945,0.3275528345856336,-2.6332192255588978,-1.0363224837728335,3.8921681073219774
0.014279533055242138,-0.012585652109060668,0.004309358275233911,0.007132424905819877,0.334687435253114,-2.6539166321232237,-1.0129160775244084,3.9283341346244236
0.0142955275486227,-0.012586123960785097,0.004283084583703582,0.007114103092083769,0.326990231468707,-2.6399197936007615,-1.0159002074206211,3.8990927477415123
0.014271388858033657,-0.01259908392005067,0.004331737480168337,0.007118855477512762,0.3345544525893222,-2.6604209559588594,-0.9923036007506667,3.9350727806431167
0.014287371212311781,-0.012599602848123477,0.004305424897195307,0.007100621532188473,0.3263008580424586,-2.6464817277147126,-0.9954197931588835,3.9058357177731664
0.014263202493758266,-0.012612490095141668,0.004354086525768071,0.007105208147026576,0.3335525398384751,-2.6668005811305093,-0.9716319239147913,3.941660640948649
0.014279183382403393,-0.01261305995602142,0.004327706971629173,0.007087053081956763,0.32581068368845484,-2.6529111852325067,-0.9748906033701551,3.912431248029461
0.014254974043432976,-0.012625870501321728,0.004376387847372598,0.007091493666813175,0.33294772119048316,-2.673034280868426,-0.9509306371746377,3.9481252244791194
0.01427094209946618,-0.012626484694051296,0.004349959424400352,0.0070734371388796345,0.3253902993243438,-2.659216448324333,-0.9543294918989681,3.9189188588362565
0.014246703588587152,-0.0126392250056941,0.004398634499953668,0.007077716300340654,0.333117181194892,-2.6791258821187927,-0.9302038187436179,3.954448638085704
0.014262655993037228,-0.012639881331889648,0.004372173241746457,0.007059756798390775,0.3247758695361261,-2.6653915709059315,-0.9337238793420747,3.925272196068724
0.014238391211262554,-0.012652553475482135,0.004420842556008175,0.0070638660579778745,0.3329021893402382,-2.6851030068674127,-0.9094185256642277,3.9606072108049957
0.014254343519119424,-0.012653262253356813,0.0043943260298206395,0.0070459737633844265,0.32407298847848187,-2.67142541494492,-0.9130594364010504,3.9314537752789502
0.014230036994013361,-0.012665855778034214,0.00444302062935167,0.007049937553110098,0.33178041473141223,-2.690965434047848,-0.8885663899955397,3.966617818917212
0.014245997106760265,-0.012666623337403057,0.004416425083134112,0.0070321035410086255,0.32354687468410764,-2.6773194040943165,-0.8923534189582146,3.937485502810428
0.014221641019906124,-0.012679131780828632,0.004465153315650119,0.007035940506340527,0.3307644169114059,-2.6966787588522965,-0.8676869889088122,3.972506160340656
0.01423759943404966,-0.012679944346642111,0.004438486188789447,0.007018196050030584,0.32314468904537397,-2.6830818656808724,-0.8716355376479971,3.94340707191582
0.006084595119286593,-0.006770198384121487,-0.005209340347855932,-0.006315651740311685,0.2845376598987586,-2.664026448064288,-0.05599845917169912,3.7733398463268455
0.006094858185330044,-0.0067370872475415395,-0.005232689051494872,-0.0062632617493384845,0.2732597539036837,-2.651870708798532,-0.01940124485579467,3.747733734524398
0.006079434167186859,-0.006751203663290282,-0.005203835652081303,-0.006280574942843322,0.2779013900707297,-2.6484141032732906,-0.04498772679548296,3.7418573445756924
0.006071339840573644,-0.006784610157434742,-0.0051837554326722496,-0.006334204583241133,0.2892970979144142,-2.661957798210508,-0.08018133541712207,3.7704149623798595
0.006052624918290648,-0.0067927521217516565,-0.00514998132622731,-0.006339124894495562,0.29172020751351985,-2.651493380160572,-0.10368045927259405,3.7509580570976664
0.006016072484475721,-0.006828437501594173,-0.005079648856899746,-0.006381637192435302,0.3030726922922904,-2.641293360092875,-0.16580196680644102,3.7350728421314474
0.006026314334705493,-0.006815813248521607,-0.005100036505465872,-0.0063654116510990484,0.29901501045405837,-2.6428959757558315,-0.14616388627671698,3.73674531506953
0.006038456590011929,-0.006803536084641422,-0.00512347587221709,-0.00635058197662322,0.29510916292557426,-2.6460506493089517,-0.12520356435937186,3.7415284714074377
0.0060056744178545824,-0.006839810440581813,-0.005059207897959218,-0.006395521137091486,0.3066787951268212,-2.6386781240358115,-0.18446219513372708,3.7314370918200965
0.005771867666221707,-0.007223118984664008,-0.004514851157886169,-0.006875087769473451,0.4207241867635368,-2.5655506508823875,-0.7292064058579387,3.6799837236108135
0.005754171846130715,-0.0072505986399939385,-0.004470747671839207,-0.006904767627813494,0.4275506747440459,-2.5531418987305803,-0.7681203961189874,3.665816577324804
0.005762183781035557,-0.007236515946486492,-0.0044917285944446805,-0.006888805679647141,0.42387247001277756,-2.5585400632746804,-0.7485994301486311,3.6712359068998537
0.0059934062537724065,-0.0068847500426753114,-0.005026293162481765,-0.006465088648156257,0.32191809100908436,-2.6516686636903155,-0.2356735994782084,3.7619968009761844
0.005974503812391144,-0.006892155008669055,-0.004992165804617511,-0.00646707654558231,0.3235421492497848,-2.638882663439037,-0.2572030942676263,3.738871959379247
0.00586412236677201,-0.0070281396587618655,-0.004760272920578034,-0.006626109717172199,0.3629897688180224,-2.5980768362660864,-0.46694833513091144,3.687729085883874
0.005824027634031219,-0.007089682911107134,-0.004667915854752135,-0.0066993121892530835,0.38032473624590407,-2.581422787098979,-0.554440578995072,3.67130130632157
0.0058368235839315625,-0.007064048262513474,-0.004700336478454862,-0.006666530115467826,0.3727730821800996,-2.5851699497646883,-0.5201412798191677,3.6719866778236017
0.005824421760989722,-0.007073314591578625,-0.004676106336598109,-0.006673150725256952,0.37438293184641247,-2.5765517579749297,-0.5365666580531483,3.658216926511295
0.005850502116966465,-0.007038344332134377,-0.004733763770167724,-0.006633861495072915,0.3651687846811869,-2.5890806474456016,-0.4854108998052829,3.673285046254748
0.005837996594908191,-0.007048650518307491,-0.004709027752529292,-0.006642359554368179,0.3673726060360831,-2.581021668947393,-0.5031600140426656,3.6606767050486284
0.00593695258290458,-0.006927953082934357,-0.004917991860417601,-0.006505602509427763,0.3338262258947769,-2.622841863288666,-0.3189176082988813,3.7143683220698516
0.005947524404851121,-0.006915100537850587,-0.004939816892916051,-0.006490275928682991,0.33001061124996817,-2.626244426278447,-0.298988446746376,3.718624730616852
0.005959844838708692,-0.006902725781383844,-0.004964326199142526,-0.006476590875038,0.3264283147235802,-2.631200424756862,-0.27818651890781004,3.7259847332518006
0.005925397870377169,-0.006939558366216393,-0.004894861107990652,-0.006518119850655756,0.3371081308264821,-2.6177774671909795,-0.3382720254056308,3.706879901510107
0.005912154531426878,-0.006966893321580302,-0.004863249813864569,-0.006555529889211866,0.34572558424967254,-2.617818819115257,-0.37433445950128563,3.71196823342281
0.005910740034372957,-0.0069491776783221415,-0.004867233916031367,-0.0065253414832249805,0.3393320908513912,-2.608866053031951,-0.35763841029780763,3.691931706930324
0.005895136592607489,-0.0069921778370152865,-0.004825634703394566,-0.0065868289456563886,0.3532426420179775,-2.6128160683852193,-0.41098002727142596,3.7075877594965476
0.005877258599564481,-0.0070014811013412595,-0.004792590012487185,-0.006590876288028778,0.3548445216278658,-2.6000620666443996,-0.43154170730969055,3.6857067050687324
0.00589470142644565,-0.00697433835773644,-0.004831667949113332,-0.006557139824907256,0.3468390537340194,-2.6050668749779855,-0.3931215634697445,3.6895678712241584
0.005858901752877045,-0.007010019458029603,-0.004759180189533497,-0.006593183843957351,0.35610521040216186,-2.5864391184343574,-0.4511952760818673,3.6621634440547592
0.00599161380138868,-0.006864737238769784,-0.005028858377321314,-0.006430215625025036,0.3147999206934135,-2.639810753146499,-0.21835306399683527,3.736740226221507
0.005994548798125985,-0.006848527273217645,-0.0050381599037573515,-0.006404407115776309,0.30913644684870967,-2.633870358984896,-0.20125068616233258,3.723400517960903
0.005764449456921696,-0.007207983364160358,-0.004511685151261254,-0.006845382161469154,0.4139228420168522,-2.5549456913498916,-0.7141709282982797,3.6553766939173786
0.005774412064373714,-0.007197923343265144,-0.0045331079689832935,-0.00683698556911333,0.41201078505184147,-2.56258746698092,-0.698664164241146,3.6665164596282436
0.005787973668451878,-0.0071659301292261975,-0.004572037894822064,-0.0067961241846444505,0.4025815708269575,-2.5682888785136235,-0.6562584846402971,3.6675533677178827
0.005777237785163305,-0.007181945480563204,-0.00454635650979333,-0.006813695870051402,0.4066420133687466,-2.561675228638626,-0.6790384523197984,3.659948308534829
0.005779505484314284,-0.007148581197739329,-0.0045676024172132115,-0.006762299380280276,0.39506925159426837,-2.5556411090665025,-0.6401978569275674,3.6390707060520397
0.0057888948214862256,-0.007133893680935377,-0.004590046791209122,-0.0067456528570405015,0.3912398864515178,-2.5607926097962017,-0.6197437057487928,3.644574144875982
0.00580991396436892,-0.00710242478752802,-0.004639159334745415,-0.006710076487674746,0.38285777394858167,-2.5719073587579593,-0.5753019208193032,3.6568619097054396
0.005799571350142707,-0.007118497791098197,-0.004614774355906407,-0.0067286199354971805,0.38733052927922706,-2.5667424560191887,-0.5978629664978454,3.651476497088591
0.005509862126966205,-0.007800304138943856,-0.0036660908630970963,-0.007483437140866409,0.5491633959440801,-2.2565208463456523,-1.4815632392153912,3.3689791387288426
0.0055167948221336366,-0.0077862088325336065,-0.003689589625823843,-0.007471879326356678,0.5471191123222358,-2.268190236883915,-1.4651806222231454,3.3827503565573167
0.005500782300083457,-0.007787152484912616,-0.003667156192759227,-0.007456133850824735,0.5365269834612777,-2.2555475225872,-1.4578239279936194,3.3543724554067893
0.00552377174603527,-0.007772135412910414,-0.0037130637139246065,-0.0074602419909610175,0.5443341276883479,-2.2797431020632883,-1.4486764189062067,3.3964072734466213
0.005507752936821042,-0.007773025586679958,-0.0036905302067786927,-0.007444509939949475,0.535130338960987,-2.267006776056531,-1.441509790773651,3.367894776641568
0.005559317447314377,-0.00770210129329566,-0.0038297655681103823,-0.00740100992569803,0.5361492631874588,-2.335592634279617,-1.364700909455064,3.4624138503620636
0.005566558325275474,-0.0076881620046344535,-0.003853016283434865,-0.007388932217804532,0.533131030807563,-2.346467868598519,-1.3475302163172753,3.475224716166405
0.005550488975312846,-0.0076887742266439135,-0.0038299382109960828,-0.007373270471870054,0.524196332007575,-2.333305181436973,-1.341391804016365,3.4460660152022764
0.005557805696246643,-0.007674806521926055,-0.003853097159545037,-0.007361176317462367,0.522304594445301,-2.3439351822175136,-1.3243838938767405,3.4586474033890595
0.005530792832404855,-0.007758084012921949,-0.0037364818947522756,-0.00744854067042063,0.5427268113836657,-2.2911240000881348,-1.4321052066279008,3.4099483746658694
0.005514793943571117,-0.007758941498145604,-0.003713880607955303,-0.00743286510415958,0.5336221073775044,-2.278351728052073,-1.4251407429851353,3.381318743970835
0.005537858013848688,-0.007744054766749506,-0.0037598412350032377,-0.007436776890607527,0.5422176200510002,-2.302348447378587,-1.4154637481850265,3.423319870469855
0.0055218717118687465,-0.007744895272876229,-0.003737171999883353,-0.007421158970064269,0.5316993173430928,-2.2895782155694184,-1.4086673981589557,3.394585291028745
0.005544967222482056,-0.007730047808600203,-0.0037831656142831693,-0.007424938624201021,0.5413706623136005,-2.313484625655384,-1.398699284703867,3.436496404470392
0.005528959832718002,-0.007730861193054039,-0.003760394229369371,-0.0074093332607894245,0.5295672379541164,-2.3006871301390386,-1.3920346969462072,3.4076617242599103
0.0055521203899277,-0.007716063272701484,-0.0038064740553943235,-0.007413016155569658,0.5393254014785613,-2.3245744572064364,-1.3817748180970788,3.44951099513782
0.005536071271070171,-0.007716822662802463,-0.0037835762680431023,-0.007397380406320865,0.5275613519734406,-2.3116790534544904,-1.375244647663018,3.420573510298707
0.00554323947347318,-0.007702785712997793,-0.003806753845021367,-0.007385341358887953,0.525821759242183,-2.322551661073333,-1.3583459600978596,3.4333648121950566
0.0055487931811953675,-0.00766133961740615,-0.0038530203493903127,-0.0073337406206459566,0.5170784335186872,-2.336644263809633,-1.3068358087982332,3.4387303628673713
0.005556145481748703,-0.007647410713215679,-0.003875918954600346,-0.007321529246807659,0.515116750502901,-2.3469489139592183,-1.28985612020967,3.450864829348768
0.005729469010689181,-0.007261534949524355,-0.004425419390290098,-0.0069024046264966115,0.4268203920242774,-2.5302827178826486,-0.7890571724778034,3.626793473289777
0.005739304001669958,-0.0072513409373357995,-0.0044469280078455195,-0.006894221828849892,0.42506447754072624,-2.5383680928199834,-0.7738933925349681,3.6384673300193873
0.005640004506033961,-0.007495075926503166,-0.004125935599259951,-0.00718167586692174,0.48911401305159746,-2.4520759881652263,-1.096161907045656,3.574249601721434
0.005648021343276122,-0.0074813754604977425,-0.004148615162423621,-0.007168666275585868,0.4864404320596107,-2.460980413726048,-1.0780180706649698,3.5847728891943995
0.005601174739565433,-0.007563897013808062,-0.004012860011063432,-0.0072461591032337925,0.5015274331446058,-2.4061879112322857,-1.185478835525588,3.5203816740745473
0.005593380281107156,-0.007577726697527906,-0.0039899045942563514,-0.007258682701202903,0.5038949738528434,-2.3964485967584976,-1.2030661897096036,3.508819272551071
0.005563437455670402,-0.007633467284685168,-0.0038986676844609664,-0.007309092507562807,0.5130403385085361,-2.3570287765737024,-1.2727254351628952,3.462641594946359
0.00557077495349296,-0.007619517686760314,-0.003921403826599674,-0.007296545615166727,0.5108565243049313,-2.366987162063871,-1.255470162354781,3.4742620239736026
0.0055782013920265905,-0.007605578582350329,-0.003944173278049321,-0.007283954366038105,0.508608059476371,-2.376866683964405,-1.238109885885098,3.4858132866661506
0.005585720991318113,-0.007591643578122153,-0.003966988206945397,-0.007271312294106773,0.5062835951021305,-2.386671300393377,-1.220637405296561,3.497300375642402
0.005632093939772196,-0.007508851314616258,-0.00410326907807131,-0.007194746923205751,0.4917970608765514,-2.443103933142176,-1.114273249487763,3.5637078547244196
0.005608977414261405,-0.007550165571269113,-0.004035666336036629,-0.007233637531571934,0.499226514878997,-2.4157563365858876,-1.167885964688857,3.531743762469848
0.005616682117257334,-0.007536443040541674,-0.004058243996899796,-0.007220890264581301,0.4968963900109333,-2.4250478734100755,-1.1501857238002442,3.5426684441223464
0.0056243413760193,-0.007522663083332507,-0.00408071902294379,-0.007207871435606808,0.4944200922780575,-2.434116966738324,-1.1323046541016353,3.553231502875065
0.005592245824789351,-0.007550017140017698,-0.004011555809309723,-0.00721769621433633,0.4938617883431579,-2.39924752970612,-1.166795079376756,3.499420746267431
0.00566405567994617,-0.007454161297450257,-0.004193581060762878,-0.007142485175316079,0.48118402391359494,-2.4782508336720395,-1.041617591206631,3.6051247702484432
0.005671987107287555,-0.007440530548015165,-0.004215825358761935,-0.0071290628361471925,0.4784771469662095,-2.4865162511380032,-1.0232434798869574,3.614725277634618
0.005679952049240873,-0.00742685501832151,-0.004238063234240922,-0.007115457969155557,0.4755721966086785,-2.494624744436535,-1.0047177360899824,3.6241011153581897
0.0056881149389313886,-0.007413259206478979,-0.00426045034007929,-0.007102003790570276,0.4725796789120516,-2.5027589772325585,-0.9861617247843516,3.63363678233803
0.005647553706687264,-0.007453692165892662,-0.004169208584619564,-0.007126966739719689,0.4762477698979897,-2.4616440308429475,-1.0421749352014975,3.5728188444443556
0.005639443342813665,-0.00746723512025764,-0.004146798279920636,-0.007139850923045255,0.47882929011741565,-2.4530536975641226,-1.0600513405903413,3.5626045036486125
0.005679820611914907,-0.007398930221847133,-0.0042581634179786184,-0.007072935396474606,0.4650092035703876,-2.494028649070272,-0.9688939505116408,3.6104822469239024
0.005688394857926363,-0.007357791894072072,-0.004299974549928985,-0.007017543829575726,0.45253777145464996,-2.500355788179587,-0.9161391499576547,3.6058255021887375
0.005680261431645829,-0.007371202761214952,-0.0042783430646761295,-0.007031110139267125,0.45542297495205525,-2.493027299580579,-0.9342670592117773,3.597332969127257
0.005672062189605478,-0.007384852794535209,-0.004256356394962134,-0.0070448422187411675,0.4583416548259425,-2.485448542444207,-0.9526306047943255,3.588558089404281
0.0057190005362104425,-0.007304384045597459,-0.004382447361137527,-0.006960685683680648,0.44014235394299533,-2.525950440946611,-0.8435643383255048,3.633717687419342
0.005726971013621089,-0.007290053039222877,-0.004403932888919242,-0.0069448769601944465,0.43656443311875126,-2.5320701067365867,-0.8240308113140767,3.6400409290893987
0.005718012774526926,-0.0072740990744386376,-0.004399918085541018,-0.006912867042880967,0.42909270337741995,-2.5208347566348386,-0.8073491443221572,3.613437586066794
0.005704532240159988,-0.007331805381661816,-0.004342216966087786,-0.006991177419961444,0.4468780104986188,-2.5144386597389565,-0.8806487233782664,3.6222798265726546
0.005711246047803081,-0.007318301734621248,-0.004361448289694339,-0.00697588456213162,0.4434495022069264,-2.5197792369998897,-0.862530052173634,3.6272587485776824
0.005689098514328527,-0.007332822759325721,-0.00431782531241528,-0.00697991687675905,0.4439343935792738,-2.4989977449124026,-0.8853742132637199,3.593735807323854
0.005679724342273921,-0.007343295574358355,-0.004296531175831792,-0.006988126626633828,0.44552950643629347,-2.490539678687899,-0.9000842157573449,3.5818376368019424
0.005502973724561289,-0.007814421202973038,-0.003642575507931242,-0.007494911473127425,0.549819605921596,-2.2447749683819076,-1.4978003692528894,3.3550544107942435
0.005493868064946464,-0.007801301839269382,-0.0036437585638981955,-0.007467698629417604,0.5381939415370364,-2.243975022409123,-1.474055060350089,3.3407412902725295
0.005449469424458649,-0.007928123681040953,-0.00345305410948641,-0.007584093232977905,0.5609433957163015,-2.146711747379514,-1.623759209259039,3.238688744229823
0.005456000980507259,-0.007913837755386942,-0.00347689648410169,-0.007573192398141155,0.5582981497506226,-2.1595182858722954,-1.6083349394737638,3.2536888851414028
0.005439873619652816,-0.007915194786162613,-0.003455017998633007,-0.007557189217479845,0.5487277015815474,-2.147458510598035,-1.5994361684620466,3.22659932282489
0.005446484131870144,-0.007900852381572912,-0.003478785112576969,-0.007546243803568185,0.5480202256380816,-2.1598693475347783,-1.58416279394769,3.241333494355095
0.005442982779307931,-0.007942430061865232,-0.0034291891756313988,-0.007594913853004165,0.5630701780763485,-2.1338005409510203,-1.6390552184709624,3.223632735964513
0.00543335230427195,-0.007929572094971344,-0.003431252956422243,-0.007568122552430562,0.5494253708812243,-2.1349480561584646,-1.6146627893528986,3.2117949883136343
0.005436541110871044,-0.007956756752799632,-0.003405310446442195,-0.0076056503608521245,0.5641572431043053,-2.1208472887431693,-1.654194161002292,3.208498754902184
0.005426910004621356,-0.007943964279093517,-0.003407497286827908,-0.00757901089236366,0.5503139093031163,-2.1223345768003585,-1.6298115048488508,3.1969145072120955
0.005398839222606493,-0.008043135288126547,-0.003261369752773895,-0.007668475692789076,0.5682529259204168,-2.041757847170266,-1.7422020028351024,3.1151073256457362
0.005405009681636415,-0.008028689782366838,-0.003285469097346767,-0.007658181564233253,0.5662597674435077,-2.055232085014162,-1.727797571403589,3.130964165655314
0.005389069185156141,-0.00803047764058762,-0.003264368174767577,-0.007642331928836238,0.5556235851402164,-2.0445912314336074,-1.71775616229138,3.105122425724167
0.00541122549991139,-0.00801426371656846,-0.0033095183293229296,-0.0076478194617859456,0.5653820612259737,-2.0685640510586585,-1.713304479522509,3.1467502814313537
0.005395293002965051,-0.008016002715438588,-0.003288345985544374,-0.007631990652565419,0.5551968137423654,-2.057787605526905,-1.7034337379816609,3.120742663205022
0.005417486615139693,-0.007999857235701381,-0.003333514463974174,-0.007637390739204694,0.5654809277809703,-2.0817509441460773,-1.6987237925845264,3.1624071560616875
0.005401562856178955,-0.008001567039797796,-0.003312271653896644,-0.007621596411255606,0.5543852680888133,-2.070881243996443,-1.6890079118629215,3.1362373717205365
0.005423792964446572,-0.007985470484765413,-0.00335747612867689,-0.007626887367197352,0.5653041329213497,-2.094840607764447,-1.6840205018554777,3.1779052211161414
0.0054078519203843425,-0.007987154588991878,-0.003336131938611889,-0.007611103648526858,0.5533828195761896,-2.083882954890495,-1.6744322926695687,3.1515867649749683
0.005430144484372425,-0.007971103608784268,-0.003381408961374435,-0.007616306889536211,0.5647386380126482,-2.1078663541032063,-1.6691784066641,3.193261503087611
0.005414167394212368,-0.007972753413943911,-0.003359946610523319,-0.0076005070493790185,0.5523902895442547,-2.0967965387378786,-1.6597058418115938,3.166813108394153
0.005420519711320318,-0.007958358275626663,-0.003383733165748582,-0.0075898110635409825,0.5513616163450625,-2.109616159303427,-1.6448333566724216,3.181925122721944
0.005475864446977092,-0.007871104159928418,-0.0035481202375407957,-0.007540086200265817,0.5549622115706874,-2.196766075855328,-1.561628621250889,3.2980793626240996
0.0054598841721248265,-0.007872307741794062,-0.003526192768388887,-0.0075242643860968855,0.5457052467203108,-2.1844062836894214,-1.553389826767975,3.2704674288332582
0.005496129685063256,-0.007828559881960462,-0.003619015099822607,-0.007506316222073654,0.5509923656239926,-2.232922845993272,-1.513931686920446,3.3409837067455883
0.005486976804370879,-0.007815461900379574,-0.0036203079572601662,-0.0074791557305052105,0.539905616272903,-2.2322838215383514,-1.490145252259931,3.3269412661224966
0.005482574976576021,-0.00785690150535659,-0.003571765600303933,-0.007528914002789262,0.5549989324873855,-2.2088780741359013,-1.5458814774550032,3.312528437814373
0.005466606217600762,-0.007858078523901005,-0.0035497811752021797,-0.007513129374195712,0.544039697619242,-2.1965314500218707,-1.537776353373909,3.284783066258085
0.005489330079069643,-0.007842720031054358,-0.003595401578878626,-0.007517655290225939,0.5533721819456905,-2.2209418441486806,-1.5299740068177794,3.3268107154009754
0.005473337504503877,-0.0078438543188754,-0.0035733065543362107,-0.007501866326858016,0.5425074056330127,-2.208555235444869,-1.5219929250204371,3.2989336184533617
0.00548012214095255,-0.007829643946079733,-0.0035968126337766726,-0.007490530995145401,0.5412695728489791,-2.2204746198081664,-1.5061079006615155,3.3129841838405683
0.0054434941132621185,-0.007873376883091402,-0.0035042787748570474,-0.0075085504812038755,0.5412671996835924,-2.167750471595937,-1.5496036433836873,3.2394517110064966
0.005436638032239846,-0.007887644854255213,-0.003480543583024645,-0.007519366960230203,0.5423974075897703,-2.1554435161549743,-1.5648098634020011,3.22477246808106
-0.005436815771370888,-0.007887275422151509,0.0034811568438298554,-0.00751908967822987,0.5424505758554291,-2.155860073409428,1.5643894490292973,3.225166325469561
-0.005430210901286242,-0.007901715832237208,0.0034574883951019636,-0.007530245140405332,0.5436684295671294,-2.1435950957130294,1.5797354642952859,3.210733129087872
-0.005423749527919154,-0.007916216709051014,0.0034338616041996593,-0.007541479987432434,0.5448373335580633,-2.1312988186851327,1.5950536077979007,3.196344278431369
-0.00541736581414819,-0.007930666038684342,0.003410313465186474,-0.007552585355164246,0.5458463775260175,-2.1189555660471737,1.6101884018540666,3.1818975464919075
-0.005410930037742712,-0.007945005437388535,0.003386751109186636,-0.007563352627116847,0.5466830923598036,-2.1064789133889543,1.6250152610623438,3.167179086169712
-0.005386634628544868,-0.008072084039835076,0.0032130731056519628,-0.007688837280780371,0.5709397888483926,-2.014795846392319,1.7706464316466797,3.0825248263988674
-0.00537673215838292,-0.008059426095681041,0.003216350992060017,-0.00766268939993204,0.5561710974802191,-2.017758897761149,1.7459681597669636,3.0738089146713965
-0.005380600615198654,-0.008086586996046871,0.0031889274334133185,-0.007698883067147087,0.5704223175170938,-2.0010805905136153,1.7846445773626878,3.0664702791145806
-0.0053707402725747975,-0.008073993071634547,0.0031923398500505913,-0.007672945643828792,0.5568918162895932,-2.0042882406281617,1.7600883240919434,3.057970237063161
-0.005374612204472542,-0.00810110881275792,0.003164752187543447,-0.007708852185031998,0.56994589310157,-1.987388890922385,1.798482559649653,3.05029264407704
-0.005364763644566176,-0.008088556410255401,0.003168287651079314,-0.0076830704058963506,0.5576449890139116,-1.9907084796517729,1.774029446391917,3.0419962710536432
-0.005404422496497838,-0.007959289477953293,0.0033630966529217036,-0.007573829271903517,0.5474528907373948,-2.093835787887229,1.6395871947382938,3.152155982774594
-0.00539790311342618,-0.007973613983364663,0.0033393211988986013,-0.007584196225709827,0.5482125014600795,-2.081038742388369,1.6540425757663861,3.1369217272448124
-0.005391401319298476,-0.007988024030074826,0.003315410447363828,-0.00759453808938055,0.5489498333532222,-2.0680904096367,1.6684487888889443,3.121517425631289
-0.005384914849972964,-0.008002522872461258,0.0032913574336023437,-0.007604854503550242,0.5496714331491166,-2.0549887727577514,1.6828014781888976,3.1059389525791086
-0.005378510142955585,-0.008017123129272469,0.0032672247072555714,-0.007615230873023972,0.5504367075078741,-2.0417873091636243,1.6971427864167519,3.0902988970550145
-0.005372320741182699,-0.008031818289131461,0.0032431722763282774,-0.00762580431562829,0.5512581503717918,-2.028604597235814,1.71152970662045,3.0748285489751512
-0.005366371172910958,-0.00804654345237884,0.0032192963529179696,-0.007636525586640699,0.5520218772916231,-2.015489434829919,1.725905925639468,3.0595781383569514
-0.005540024012795917,-0.007646571187328976,0.003854168340119994,-0.007304590262884959,0.5091501421160406,-2.331651261046991,1.2860168348244134,3.4201019994285424
-0.005532550044390219,-0.007660573020759786,0.0038311688696569287,-0.00731670654273956,0.511086880955371,-2.3213047955680923,1.302797693073366,3.4078484916456078
-0.005525207855113579,-0.007674683467609837,0.003808174494145972,-0.0073289562501759305,0.5130655309650191,-2.3109052117221514,1.3196050435211164,3.3956292262412178
-0.005517916261747867,-0.007688725629738293,0.0037852347101811346,-0.007341015085033288,0.5149413561565513,-2.3004115170236634,1.3362006457968933,3.3832647211792115
-0.005510600449090862,-0.0077026950508242145,0.0037622532272600004,-0.007352805270949917,0.5167399925371239,-2.289763880558279,1.3525581377747204,3.37062807957173
-0.005495935600421528,-0.0077307566215358255,0.0037159130406457775,-0.007376080774887272,0.5201086143501228,-2.267950371041785,1.3849991033404685,3.344634140318617
-0.005503277464659224,-0.0077167023899651875,0.003739154226352248,-0.007364493678683768,0.5184419991031685,-2.2789454077183895,1.3688237465708448,3.357754775764066
-0.005559383739861486,-0.007575862885644478,0.003942914151273885,-0.007223784240999059,0.4926884110526073,-2.3632666759315373,1.197956024915525,3.443483940282421
-0.005552305178397649,-0.0075908086758481015,0.003920211404993342,-0.0072382449470862606,0.49537821652503133,-2.3540538207250923,1.2162965021551508,3.433437616618963
-0.005546038565033353,-0.007605218327179268,0.003899003161598882,-0.007252573056366813,0.4980383678400777,-2.345523736305228,1.2339502689426738,3.4245264018199424
-0.005538967139577334,-0.007619001518698967,0.0038771100708581835,-0.007265115404502697,0.5001996120525577,-2.336137866217431,1.2506344567644783,3.413724873579118
-0.005530979169810709,-0.007632080022233534,0.003854485900356246,-0.007275658417370649,0.5017451130622327,-2.3258797032978396,1.2661596935262152,3.4009218715018292
-0.005488605819665562,-0.007744976157634139,0.003692459806619038,-0.0073877540953545965,0.5217128052389728,-2.256768101508428,1.4012408742764342,3.331322027997453
-0.005481572404089915,-0.007759488814779315,0.0036690422446309626,-0.00739996958695545,0.5234578963780399,-2.2456227007374747,1.4177904278865876,3.318345247118907
-0.005474935082284162,-0.007774042831877054,0.0036460249672169115,-0.007412492317519636,0.5252843724969748,-2.2346714167748556,1.4343722146462576,3.3058667855673733
-0.0054612854025314255,-0.007802306509511609,0.003600088486807169,-0.007435601887110717,0.5283237022020946,-2.2122573318736527,1.465931462646118,3.279574132223988
-0.005468326337210567,-0.007788388950139981,0.003623164412511828,-0.007424621909706373,0.5269936554188749,-2.223657991331589,1.45056641084558,3.293213608211985
-0.005433506561312241,-0.00785910818159947,0.0035064742548883043,-0.007479940839420937,0.5333434411558198,-2.165244737785882,1.5274254808773013,3.2236444262418082
-0.005426720197181815,-0.007873388267196428,0.0034830211553777096,-0.0074909279240792355,0.5345074001097286,-2.1532687947554243,1.542574733725316,3.209444996182491
-0.005454181139469112,-0.007816276110583005,0.003576812818219657,-0.007446441607583066,0.5295834146688224,-2.200651788928987,1.481188331157562,3.265624324819116
-0.00544716311121875,-0.007830466472347948,0.003553362185976122,-0.00745751134607883,0.5308271105874997,-2.1889052989015183,1.496597546923011,3.2516113514464764
-0.005440287016534516,-0.007844784468449342,0.0035298949187121402,-0.007468746260980004,0.5321189413969836,-2.177102490470895,1.5120657756160105,3.2376437955633617
-0.005695939667091671,-0.0073438829572621015,0.004320945717037968,-0.0070025801037711085,0.4491579383672856,-2.506932222739227,0.8973380800094778,3.612728498273077
-0.0057043632779672365,-0.007330337162731675,0.00434292413053565,-0.0069887698393153045,0.4461472343186142,-2.514171003561488,0.8788204722135982,3.6211675226984172
-0.005712873966711188,-0.007316630513919572,0.0043650511306369,-0.006974640513532843,0.4430458486860838,-2.521307002445704,0.859976396033732,3.629435265349024
-0.005721171771346424,-0.007303191081345059,0.004386578875259793,-0.006960605739994991,0.439978600990755,-2.528048630618606,0.841467619355405,3.6371594290360316
-0.005715023029859108,-0.007289785185214516,0.004385524571504823,-0.006934803699122899,0.43400521775353945,-2.5201080576200225,0.8268951764407328,3.6175054772389723
-0.0057199654006532446,-0.007276811120553736,0.0044012794575152385,-0.006918636534672,0.43032484484313854,-2.523209285075897,0.8099929373387095,3.6187729667476414
-0.0057270294090346965,-0.007262322139670056,0.004421139810342524,-0.006901704224830474,0.42655118913035367,-2.5280157676178487,0.7906793378228985,3.622793710882305
-0.005734988168275519,-0.0072479471674550405,0.004442197225656227,-0.006885522482537327,0.42293186137900385,-2.5335222302169087,0.7711988323320718,3.6282549590423763
-0.005743336241543552,-0.007233902839576904,0.004463549848336063,-0.006870020815907387,0.41944533176237436,-2.539265072027496,0.7519363376330751,3.634361540825799
-0.005751980258629927,-0.00721998848993122,0.0044851820162231165,-0.006854808911703571,0.4159973947868159,-2.5451215181631714,0.732667437286212,3.6408140922340593
-0.005760959211106448,-0.00720575521840078,0.004507413787379282,-0.006839204441268738,0.4124626816956775,-2.5510388607872194,0.7128418699411245,3.6473711821862302
-0.005785366760180981,-0.007181632368282155,0.004559479355858815,-0.006819265617919917,0.4078104194831436,-2.5696439772081985,0.6753406592906587,3.6746690176500976
-0.005790753733690502,-0.007168479354691944,0.0045751340049424785,-0.006802248291531418,0.4038795021919351,-2.571676778907117,0.6579931459442611,3.6745755890548044
-0.005771524577173608,-0.007190376669584261,0.004532680106395675,-0.006822819267421766,0.4087076886358218,-2.5580380346534564,0.69102708271356,3.655692556094709
-0.005819698344204942,-0.0071268194792486585,0.004643047281863426,-0.0067562879168204994,0.39311789258097407,-2.588575449114512,0.5976626120284045,3.6943257445574327
-0.0058251726293494545,-0.007111758624771095,0.004659277513307026,-0.006735805234287734,0.3883391718383438,-2.5893593896289153,0.5781944050475528,3.691758120257547
-0.005797608152188954,-0.007153074857275924,0.0045941802362460685,-0.006782611858684965,0.39940521261849776,-2.574380348676747,0.637484546543146,3.675178197595564
-0.005806081579673065,-0.007136026794156169,0.004616492905080516,-0.006761372828117377,0.3944492278432487,-2.577969573520407,0.6144295233051967,3.6770929897822677
-0.006095759145542363,-0.006682591251404223,0.005241991654084348,-0.006170371165981393,0.2553393455537017,-2.61873821735156,-0.02354007706322706,3.6812866035106495
-0.006103176933319754,-0.006662177233687405,0.005257046525472839,-0.0061386362885272674,0.2487673573639491,-2.6113709906993594,-0.045473823865907585,3.66651221025482
-0.00611285925491632,-0.006640047931892976,0.005275797812042408,-0.006104800236929786,0.24166110384191078,-2.6042819090524323,-0.07043298432602231,3.6524505772173694
-0.005880323207056669,-0.007039091761993072,0.0047822910170918905,-0.006654708283575685,0.36870797179719467,-2.6173686595813597,0.46907782560117567,3.726197223049077
-0.006033254474787347,-0.006749299416250236,0.0051256983692871405,-0.006256214330957363,0.2768194557667792,-2.6110226114275203,0.08424650243183808,3.6700645971043486
-0.006042128664207826,-0.00673182634657944,0.005143799145760687,-0.006230814213669161,0.27131794138777426,-2.6078566028274626,0.06259348395176602,3.662797166489574
-0.006070866550036218,-0.006692133217724278,0.005198520646322403,-0.0061762813154482244,0.2585613535426132,-2.6061592883684885,0.006481508715992866,3.6573834969133334
-0.006054366281794534,-0.006713206741414836,0.005167520185487817,-0.0062048263622561045,0.2653248498599971,-2.6063299124994543,0.0373043868048192,3.658752377639129
-0.005886484278306126,-0.007022956633251008,0.004799149101777326,-0.006632125143917658,0.3635520481541799,-2.6169958940767084,0.44831140653308416,3.721903297799841
-0.00589379414358335,-0.007006118206499054,0.004817985622187376,-0.006609019336809831,0.3581548634247957,-2.6171717968697332,0.42621491982448495,3.718619848460854
-0.005900909019484884,-0.006985580850357269,0.004837692793706026,-0.006579548702007747,0.3514575647479022,-2.615376686802406,0.4005954793346636,3.711063556446469
-0.005913518279148896,-0.006964941432755054,0.004866218070293595,-0.00655313261961104,0.3452319827889544,-2.618197258616424,0.3715408797492427,3.7123308353959095
-0.005918855212917021,-0.006940702040687047,0.004883613749657137,-0.00651615037694659,0.3371365502712624,-2.6124125459577026,0.3439262244907019,3.69709387707161
-0.005925230190932687,-0.006920491737949066,0.0049009669603334895,-0.006486387557676609,0.33046976121279054,-2.609001360043257,0.31991729261319474,3.6872391818432324
-0.005933497886058614,-0.006902773998393684,0.0049203660749009845,-0.0064617417862976945,0.324882070820459,-2.608103925765531,0.29722251600499355,3.6826823499442978
-0.006021857847407899,-0.006790207236340812,0.005098211706081435,-0.006319811811591635,0.29024759690071583,-2.6249761603707236,0.1278254296158385,3.700082947384566
-0.006025327632655608,-0.00676936171996217,0.005108430617896565,-0.006286313802922528,0.283412984539426,-2.616115581369007,0.10739621422769809,3.681345140983296
-0.006005155690590353,-0.006795997326568258,0.005068808515357403,-0.006321383162221336,0.29163157255918926,-2.6146459774844,0.14650284285924162,3.6810850395526535
-0.0059988805647769785,-0.0068111524057668,0.005054765428735181,-0.006343721384703086,0.2966953310956342,-2.6176875361778547,0.16461595724388703,3.688404974277759
-0.005994726795671014,-0.006827409911217511,0.005043842522823061,-0.006368930039850102,0.3020757965324763,-2.622886672507797,0.18222965002771202,3.700092655850009
-0.005943286957893584,-0.006886843228496365,0.00494151945454313,-0.006440781499967811,0.3199894824093152,-2.6090952803092815,0.27525916291481667,3.682084615311169
-0.005983587645884261,-0.006838495194941923,0.005022334644219467,-0.00638177453513841,0.3053292627279512,-2.6193820948744424,0.20082558133627335,3.6948026250352775
-0.005978026779091403,-0.006852045233511925,0.00500942922335647,-0.00640157027596692,0.3098769500867218,-2.621652096714726,0.21734587813197287,3.7008021424654336
-0.005954284935282834,-0.0068725543190038575,0.004964031354625745,-0.006423062020342704,0.3157098687063398,-2.6116593890738105,0.2539881900464172,3.684803428490008
-0.005966287638886331,-0.006860153687347533,0.004987566963600692,-0.00640886911037056,0.3120131436124883,-2.615775154452074,0.23367275016959452,3.690815696141643
-0.005856575922319513,-0.007075933920363095,0.004727174449288798,-0.006699283442419988,0.3794379025410187,-2.607999368448667,0.5223522669318529,3.717396910206135
-0.005862461489027297,-0.007060748851891053,0.004743595825979121,-0.006678400215290606,0.3745398587990805,-2.608316984400918,0.5026128589871078,3.7143109293049004
-0.005843350547053215,-0.007085810725828104,0.004701062602649581,-0.006706333587751441,0.3813018928221901,-2.5986259982273197,0.5402798543198332,3.702354447044669
-0.005863189268493473,-0.007040739885731004,0.004753447751991845,-0.006646114300567296,0.3675090389846833,-2.6018100695840025,0.48083192972146716,3.697539187635756
-0.005824567870049353,-0.007090548570449617,0.004668387222469462,-0.00670107884266321,0.3807369523545976,-2.582196631684484,0.5551820974798272,3.6729994309021197
-0.005548558182296073,-0.007558629043373875,0.003941974791763733,-0.007189255286204599,0.48414197800949804,-2.35511249296762,1.1755395159261484,3.4193449835278296
-0.005561618731750429,-0.007548514709811367,0.003968861535170707,-0.0071869898641125805,0.48465974146730095,-2.3691274533553326,1.1636109860314419,3.4411413869490572
-0.005660956068206273,-0.007397044944730681,0.0042309348591065,-0.007053716990363544,0.45989200225120014,-2.4747796250701763,0.9693953818019719,3.573382742780224
-0.005680105415190499,-0.007370914563079515,0.004278303445047018,-0.007030536234167503,0.4551878320458667,-2.492898146343823,0.9338663732912788,3.5969232450633846
-0.005669836695045931,-0.007383050875703643,0.004254249137675908,-0.0070401986661979945,0.45704599102176763,-2.483181137753076,0.9506641302662783,3.5835060179915215
-0.00567404067069681,-0.0073564972887302325,0.00427896608079553,-0.007003468480587027,0.4488056993107006,-2.4858886783450274,0.9172116395006693,3.5781338376013716
-0.005679345436919804,-0.0073433708492765815,0.004295901752404817,-0.006987928488929612,0.4454224477054402,-2.4902097553777804,0.9001821281285917,3.5812145134421187
-0.005566338867795594,-0.007535075746819799,0.003986581609116497,-0.007172159706014273,0.4816887595750705,-2.375287026361495,1.1469925452007772,3.446415175572614
-0.005642340806283345,-0.007395915709674565,0.004203773657938364,-0.007036007334238942,0.45513153061467193,-2.4560942573636892,0.9705869158454287,3.5378364688967596
-0.005573868047727961,-0.007521261733941901,0.004008524784852326,-0.007159253327909399,0.47925798706265005,-2.3840625421054877,1.1299306329524033,3.456567963973994
-0.00558411878082157,-0.0075094460858225204,0.004032724011183714,-0.00715157336049581,0.47833358270874127,-2.3951981569942915,1.1152325965610097,3.472174738357046
-0.005588083909222976,-0.0074946475106060645,0.004050137206358561,-0.0071337425060220795,0.47445763771572574,-2.400244597187514,1.0967377420500144,3.474938196608733
-0.0055952761337825785,-0.0074798173315425666,0.004072115376834538,-0.007118654359964238,0.4715705198758648,-2.408258350840019,1.0781201293028628,3.483415186199711
-0.005634498353164445,-0.007410629024647231,0.004181545258755207,-0.007051225076891558,0.45827255553081253,-2.4485920305131397,0.9896374309589645,3.5297395710166852
-0.005628191672047236,-0.007425586162805653,0.004161304328486278,-0.007067993013883777,0.4617420485111161,-2.4424167732873587,1.0087453340184211,3.524329792700009
-0.005623815782609344,-0.007440453018815189,0.00414384523592043,-0.0070861928903997295,0.46578929704779803,-2.437935194967937,1.027552366019808,3.5221914297405768
-0.0056037300167045626,-0.007465386362712246,0.004095521959464003,-0.007105125624674912,0.46903667572944086,-2.4173094609687773,1.0598509964914296,3.4941141660863715
-0.0056131094088805325,-0.007452222589304461,0.004119249287270188,-0.007094115845953662,0.46691938700793273,-2.427044259746758,1.0429862278002757,3.506744494189723
0.00854802810476519,-0.0047435845818505,-0.0074643073782500735,-0.0020371365683963046,-0.025388483958002684,-0.763730275847713,2.08419058138615,1.3521837926149118
0.008481776101358623,-0.0047206616138034275,-0.00739112246485551,-0.0020961024719684846,-0.03129816545849337,-0.8185828706542536,2.0319000584491977,1.3948929966490151
0.00841675735078462,-0.004735937244102406,-0.0073541712009695765,-0.002181347467718145,-0.0392665345885671,-0.87463432464804,2.0070676678905905,1.4535940358218788
0.008227526642387349,-0.004755228493268584,-0.007211980296313355,-0.0024004863682321495,-0.055828548218315656,-1.0283710669685568,1.9071497795658061,1.6046453010989266
0.008351668766610434,-0.0047430411543052265,-0.007307371015389635,-0.0022586986738792544,-0.045584795306852395,-0.9290197331775895,1.974422358681349,1.507395790205562
0.008295595930935866,-0.004743216039775213,-0.00726014320201782,-0.002318942179065402,-0.050122539198729506,-0.9737151253971684,1.9408926706336878,1.549179566218786
0.009035804253863768,-0.004499290703083684,-0.007526411650599652,-0.0012911447586998756,0.05991604103484726,-0.32110741728975634,2.100412669860686,0.8385858595016246
0.009101043037477502,-0.0044979980812711855,-0.007556255592541072,-0.0012087254982765807,0.07152043069076114,-0.2612392197341719,2.118384256566133,0.780625027886278
0.009163236075432405,-0.004496487875580816,-0.007582536702897933,-0.0011291269057986937,0.08307215249312688,-0.20348115981519116,2.1337879026246034,0.72457296712514
0.009213487868687397,-0.004456255750825896,-0.007563057466173434,-0.001048364657322968,0.09212287484181088,-0.1600230024398658,2.1155143842993973,0.668526089747573
0.009403864786534485,-0.004335655200150238,-0.007510213598058035,-7.658272509639515E-4,0.12455224376998066,0.0030838686376643523,2.061302520226935,0.4701662608638603
0.00933319341295564,-0.004362307052972997,-0.00751398851943521,-8.627419580090327E-4,0.1123332023008234,-0.05854979711666199,2.069631600884655,0.5385159200941239
0.009268386963653803,-0.004402189659929454,-0.007530459889616196,-9.581021062150271E-4,0.10145856024011933,-0.1140467983290357,2.0869376918268974,0.6055319108035403
0.009441366196867904,-0.004241802529598087,-0.00742993924009959,-6.927894602300294E-4,0.1271045931349792,0.024882235306548737,1.9974015475941267,0.4187131517594671
0.008609638320139104,-0.00471079476231511,-0.00747747959403127,-0.001940078468698581,-0.015340092780279204,-0.7073755036833391,2.09056488614161,1.2859489946728273
0.008650311156779989,-0.004654976826698776,-0.007451400205802982,-0.0018524153273407615,-0.006079930992686343,-0.668192926042891,2.068258194809172,1.2273311645736247
0.008691981672656664,-0.00461289320786902,-0.007438737802271806,-0.0017746454371850935,0.0021933785892259226,-0.6295000416927897,2.05604456900182,1.1747280349995892
0.008794827748848075,-0.0045987499498884934,-0.007490991440217723,-0.0016426128671493954,0.01765406067585842,-0.5382500089802652,2.0894341889149506,1.0825916727881852
0.008744323090370881,-0.004583261560465411,-0.007444099824311101,-0.001693381486127503,0.010662519125309832,-0.5824246052512853,2.056903722584796,1.1190592621523374
0.008845910876200616,-0.004550440424056342,-0.007474289950017414,-0.0015517062921050133,0.027486004217372437,-0.491902891896252,2.073452575118362,1.0206047373728113
0.008967808834602615,-0.004489954211114334,-0.007482688496269692,-0.0013701619954405045,0.04842799841440154,-0.38286480261324,2.071887593290931,0.8945019967494156
0.008896608170765683,-0.004478123825537228,-0.007432900436467871,-0.0014496541996269383,0.037381592140382607,-0.44623554012341,2.038758273154855,0.9511192988133413
0.009514048596058517,-0.00416978521610047,-0.007380102388364537,-5.871946354966117E-4,0.1361320107004583,0.07982431245298315,1.9535300266635434,0.3431929947240258
0.009569909193555189,-0.004116984201931068,-0.007343108164636322,-5.096149422882925E-4,0.14248429478590346,0.12095269183650208,1.9205866108837124,0.28752656232773893
0.009717761532652879,-0.004109194246523964,-0.007361032176519935,-3.3410500072314004E-4,0.16655833207488177,0.24782102044166177,1.9227542477833535,0.16223626483762876
0.009637130047068959,-0.004111505966035813,-0.007350733069763201,-4.295795989400259E-4,0.15284586414370474,0.1782884375110162,1.9211662108363423,0.23033657521949968
0.010051666337308338,-0.004140077967857464,-0.0074092262934494345,6.412437291081247E-5,0.22585875835739494,0.5450693227177874,1.931782810280515,-0.1168661204090513
0.010203372968847041,-0.00413038806448636,-0.007391246194397305,2.4627700930245474E-4,0.2493648787272599,0.6721749361668435,1.904876210161803,-0.24332696235058562
0.010127394167751791,-0.0041051264528212065,-0.007373287215699904,1.536025939590255E-4,0.23362546778101012,0.5996532351040184,1.8981045476899898,-0.18039848690498117
0.010381952870153352,-0.004092575297439056,-0.007331891681105895,4.5241519387849086E-4,0.27174387154115043,0.8078001836816304,1.844961207299473,-0.3867369357862206
0.010436726641438156,-0.004009906208986759,-0.007246599131682218,4.997812206329176E-4,0.2670359197953851,0.8208931804602372,1.7767532773229147,-0.4233854557943603
0.010274981917020812,-0.00405566137204832,-0.0073139704523047305,3.224784895176983E-4,0.2501480477115096,0.7071524934252755,1.840904683817575,-0.29961610816242795
0.010648983049750371,-0.003992675244615035,-0.007180017239111178,7.304893785408836E-4,0.2918792416367182,0.9762728595762912,1.7097451318531125,-0.579706670388346
0.010769448532964248,-0.003983297845109261,-0.007134261190515701,8.571214093720108E-4,0.30406138664987425,1.0598655242064454,1.666205269253757,-0.6640186060901047
0.010907428748512997,-0.00396572345721335,-0.007068882823213064,9.949590867992318E-4,0.315454517992555,1.1474851521632263,1.6077194007324722,-0.7548396400351248
0.011277666411011323,-0.0039018098951914305,-0.006847635530609565,0.0013259543196900098,0.33451708454775225,1.344122039749539,1.4238308850841415,-0.9656066353907665
0.011155174745772545,-0.003946638123941553,-0.006944388532642722,0.0012333841826018264,0.33419941656928437,1.2961553691211651,1.499429224128985,-0.9066044479585939
0.011316457384521136,-0.0037906337119211334,-0.006744075725041367,0.001302786464755514,0.3187638570902212,1.3085962667761954,1.3527153667943288,-0.9567629615734357
0.011040879432971943,-0.003875126475217476,-0.006939751276845472,0.0010905319033154845,0.3124835490399918,1.1911852353482082,1.5064182488092352,-0.8211580625696929
0.010528034180455972,-0.003984562348593084,-0.007204444959129398,5.95960900548212E-4,0.27510740447468235,0.8819133571539216,1.73798843888123,-0.48983496107034913
0.010615069898731145,-0.0039063698945349095,-0.0071149324349025905,6.702669760210451E-4,0.274375053965323,0.9164173374071524,1.6650773805529766,-0.5445554605794016
0.009955193925045814,-0.0041398825592799055,-0.007408928601092727,-5.240715738014351E-5,0.208679884428318,0.4609213723365902,1.939532066081627,-0.03542985043454649
0.009862849041529904,-0.004162537802003194,-0.007426228341406029,-1.6547117412706662E-4,0.1959845340352904,0.3859402535093471,1.96047401949782,0.04417831362215092
0.009792847841680708,-0.004103983777139185,-0.007365029351145411,-2.445453654848031E-4,0.17806290849006695,0.3118825866456963,1.9198599673791503,0.0985792072552732
0.009997318325108223,-0.004063720871088581,-0.007338240218590669,-1.2027528366412867E-6,0.2076596094328796,0.47788029011981215,1.8823758984467216,-0.07461001640866544
0.009769677609359173,-0.004017988916930386,-0.007283507640330838,-2.626611709511711E-4,0.1674280344943858,0.27484197239092745,1.8587632071709115,0.10940616118679768
0.00961139417618065,0.0041883514854619205,-0.007418313847411319,4.7430731052941835E-4,0.1540386609508584,0.16833673903680582,-1.9750933530156891,0.263135050038888
0.010228409936626139,0.0039990219667170234,-0.007267775330584462,-2.6264711358128275E-4,0.23580542689971154,0.65060978098871,-1.810033432058768,-0.2606415764429037
0.010111099541198734,0.003980342913161198,-0.007259759331690215,-1.281102390190687E-4,0.21641778817299276,0.5498376323375888,-1.8134778046948854,-0.16811670780372032
0.010014275079453202,0.004049453031194263,-0.007325101809308837,-1.8560328391800232E-5,0.20913253432192075,0.4880543678355239,-1.8710536808266467,-0.08843260705069224
0.00971024941797593,0.0041535860606031014,-0.007401694043824844,3.492311361783082E-4,0.16861937207403876,0.24942324147699743,-1.9543515991322244,0.17395875529005747
0.009905562889509275,0.00408804129372002,-0.007358525014985185,1.0991785702980384E-4,0.1954326582959027,0.40527849334458027,-1.9054765864495165,0.003184639316181025
0.009807772080755188,0.004119769056846876,-0.0073812832234864635,2.283518638800029E-4,0.1823631256959535,0.32786939496517103,-1.9308749465243567,0.08766010166746102
0.011199501319177721,0.003917798366062204,-0.006899815875130185,-0.0012613337420684133,0.33239911613270007,1.3079028936253938,-1.465625560901494,-0.9257640655375697
0.011334789179133234,0.0038798189829956455,-0.006800640444698096,-0.0013660086595972127,0.3341475461750136,1.3642563834546124,-1.388040167794461,-0.9908071390015589
0.0104900470053282,0.0040008785025370626,-0.007227513415387924,-5.575007503440093E-4,0.272655710203036,0.8591534409290522,-1.758365602365002,-0.4632787632963185
0.01061235304642089,0.0039539649563888985,-0.007156516452107038,-6.799937165199295E-4,0.2810741537719921,0.9331619159146732,-1.6958382425893428,-0.5483152071617869
0.010931988603646872,0.003944987468604147,-0.0070418808680648304,-0.001011906204220486,0.3140479344925617,1.1545352159964486,-1.5865226079843124,-0.7672661600451576
0.011070518146376239,0.003827994481338853,-0.006889761112977912,-0.001098262547284704,0.3070820287783503,1.1869554209156272,-1.4697345829644846,-0.8283834474416859
0.010722826322702762,0.0039013100859955916,-0.00707966060617237,-7.814630663198987E-4,0.28551394661693386,0.9916888559641853,-1.6310282983690694,-0.619251775223023
0.010829671759596076,0.003869410651299925,-0.007017903381068441,-8.802757874900571E-4,0.2913533642198935,1.0520270639601774,-1.5781645643229472,-0.6863174203571799
0.010415206827986748,0.0039199441459334934,-0.007171339775135016,-4.590869170432826E-4,0.2519680684545465,0.7718178081120798,-1.722723728569957,-0.3995829558916398
0.01030491139586635,0.003928115658091674,-0.0071958035557374,-3.3987785646575995E-4,0.23787278248989915,0.6892781421619221,-1.7496140716909314,-0.31750779644139376
0.007810744398362453,-0.0051840754773593515,-0.007177531341515382,-0.00325008282142988,-0.1076305500672029,-1.4479571248969914,1.8945400897888403,2.177549660413034
0.007773853745774346,-0.005193062191694482,-0.007142381789522509,-0.0032944385674309284,-0.10712270427179003,-1.4768943127087102,1.8674407677370966,2.2068937446291206
0.007749266552894206,-0.005168321251912173,-0.0070914003972968025,-0.003287279628225317,-0.1036740714601114,-1.4848786511174683,1.8276647183490256,2.200163376980451
0.007705235655563595,-0.00520374104263891,-0.0070700973277823,-0.003367826276111712,-0.10532500895034043,-1.5269710890778596,1.811276521067698,2.2544164901978916
0.0077213167712547985,-0.0051695631439414675,-0.007059528408175427,-0.003313188402600947,-0.10278512058894575,-1.5036785478047705,1.80310199883941,2.2164521800188357
0.007822552718040254,-0.005138813796026359,-0.007150121810050554,-0.0031868772027323056,-0.10310664970065749,-1.4245247845370257,1.8726219686022694,2.133411317080341
0.007844329823060275,-0.005092962414310988,-0.007133635556422949,-0.0031149118486409927,-0.09886450826683914,-1.394320878162034,1.8593458264104432,2.0838375158537414
0.007858692247946619,-0.005045140329912858,-0.007107100933281639,-0.003048716961346637,-0.0942813725471679,-1.3691279515461598,1.838504052149847,2.0383105476091283
0.007901688294699918,-0.005015635793177863,-0.00712762557910647,-0.0029768153510979153,-0.09186200384041741,-1.330364722171083,1.8534996867542366,1.9903012466978203
0.007662334976635348,-0.005201152061065665,-0.007016144744482146,-0.0034011308390379112,-0.10299474186289058,-1.5532561355137349,1.7692454026567455,2.274335087727906
0.007523262373870457,-0.005279176025238936,-0.006908465551142545,-0.0036088571017837703,-0.09977047911878838,-1.6681478016813431,1.6834086936542072,2.4095610330920176
0.007581550049906652,-0.005252805129927588,-0.006960304666506572,-0.003530406494110869,-0.10213749801889445,-1.6233826096053947,1.724827529453286,2.3596310907229063
0.00761391738595125,-0.005222056397302417,-0.006974767521574596,-0.0034663969142422263,-0.10193712526133557,-1.5912837574557854,1.7366877220110941,2.316590438862067
0.007546057544738307,-0.005242843151608815,-0.006907750660278323,-0.0035456442392178752,-0.09887360829147308,-1.639243351976934,1.6839668988033767,2.3658964318396767
0.00795180283700287,-0.00496607052752207,-0.007136494859916442,-0.002877132717920054,-0.08666741488338217,-1.2807948589766733,1.8591409442924474,1.9235124281120544
0.008158133593972243,-0.004784248135446523,-0.007175735595624363,-0.0024972082343009826,-0.06237579866204889,-1.086417647580977,1.8823960815134009,1.6697610295344671
0.008180897241472487,-0.0046973428025567695,-0.007119317043537485,-0.002396461437658755,-0.05400770820148549,-1.0512473210938642,1.8384838079049182,1.603168031968966
0.00798821351982022,-0.00490562849964156,-0.007120255362422557,-0.0027805542020994576,-0.08022301819234691,-1.2384678875329296,1.8457393745890889,1.858681759940984
0.008067084052304533,-0.004852848689464684,-0.007151359830406774,-0.002652140688392104,-0.07275321164753802,-1.1687331179572116,1.8670432237483272,1.773236635493394
0.008020991580465459,-0.004863185652042673,-0.00711557095588478,-0.0027069317046236907,-0.07533364112502644,-1.2042299744746823,1.8411930427308687,1.8096977122195745
0.008090058497555253,-0.004789463023822083,-0.007117257516577554,-0.002569364529523114,-0.066233808578745,-1.1370454268193688,1.840324947154339,1.71822678509022
0.006418196411036791,-0.006370159515230594,-0.005793447069566363,-0.0057167152019998654,0.1432072917179994,-2.5848297489216088,0.5565654073483257,3.648150254722772
0.006398024742363358,-0.006379031255689152,-0.005759702551153065,-0.005729456727760992,0.14772205059610707,-2.582902768769287,0.5281466950956463,3.6405363857257673
0.006381725271743311,-0.006390116409397841,-0.005733009672895209,-0.005746341995647712,0.15231251914609342,-2.5841492718154906,0.5038323016961613,3.639801195598283
0.006355947891798174,-0.006411295099035412,-0.00569105508330664,-0.005778903251434367,0.16045384416360306,-2.5883321891051168,0.46388131976893193,3.6430956240677683
0.006369073897782288,-0.006400824736243948,-0.00571251124719473,-0.005762943651628115,0.15636854879235493,-2.586551260754732,0.4840938382093269,3.642018578971149
0.006302427527214211,-0.006471965764359996,-0.005603991104762967,-0.005873527737259378,0.18186161321413166,-2.6068528872639436,0.37270577689142087,3.6698745975707396
0.006343757659563665,-0.006422683350672198,-0.005671236801545409,-0.0057964767872158394,0.1646531358304798,-2.5910731366328803,0.44438997650009443,3.646233500335297
0.0063125689648947415,-0.006459351824281795,-0.005620646323727673,-0.00585387006315671,0.17749751948801085,-2.602848605317559,0.39067988701066564,3.663695829211361
0.006332477118886684,-0.006434774323671423,-0.005652955894728823,-0.005815309368231827,0.1689785516491347,-2.5946132384070975,0.42560428067389505,3.6511118598110994
0.006322042085553615,-0.006446988375773964,-0.005636024728483932,-0.005834408194517163,0.1732681026709639,-2.598501715643668,0.40766543925599935,3.6568638672985982
0.006278898467873807,-0.006489009860658786,-0.005564199391409953,-0.005897514730401156,0.18858606095271138,-2.606369757063327,0.3369831629124576,3.666030372370986
0.006283029615596139,-0.006469110133646115,-0.0055701989922235665,-0.005864093796106779,0.1825723662553049,-2.5939877635455137,0.35194737429948203,3.6431468813798626
0.006108298224831506,-0.006685739346159753,-0.005262999139601519,-0.006180855292211771,0.25617726129181473,-2.629932750116519,0.032930247697705944,3.7030866305849943
0.006095738251837398,-0.006698323288107078,-0.005239901590303359,-0.00619717465631904,0.26034433919801175,-2.6284655158571333,0.011612645970471723,3.7006264018261206
0.0060831041030021725,-0.006714237621017472,-0.005216074485483523,-0.006218972296024226,0.2656153802596239,-2.6287516968493563,-0.012289229852236813,3.701827564493995
0.006168152004116182,-0.006579605045671477,-0.005374091697595416,-0.006021468664736359,0.22143986703152665,-2.602378173881618,0.16529331025186852,3.6496546706103863
0.006180339489720097,-0.006566399990940668,-0.005395382064100402,-0.00600286151609477,0.2169404796450696,-2.6013765111434846,0.1860374878433624,3.6482734714776988
0.006259866621287163,-0.006497261868041906,-0.005531668231905581,-0.005906995021697879,0.19216297162931475,-2.6014779708154077,0.3112569581949003,3.654665180557469
0.006221733112518274,-0.00653655326676386,-0.0054667762751828665,-0.0059642821490256456,0.2060146722853488,-2.6068150323237096,0.24753963311870236,3.661320835495266
0.00622957664213155,-0.006522672881804288,-0.005480161221476788,-0.005942642562524172,0.20150192569383954,-2.6017654524297282,0.2640194828956894,3.6523286245219198
0.006242878506299786,-0.006508122790065881,-0.005502755410582129,-0.0059212577441836245,0.19648041097000457,-2.599350408791245,0.28662735291400243,3.648938092858844
0.006193840828440816,-0.00655456166792543,-0.005418761399044879,-0.00598684257474807,0.21285327650901306,-2.6019099687335934,0.20728031017180928,3.650030938847824
0.006207746699808385,-0.006544046380360463,-0.005442727319435992,-0.005973036007437316,0.20895088160081662,-2.6033709662277578,0.22818666915939087,3.6537195432361558
0.006139968079966257,-0.006589057740999407,-0.005325700725088385,-0.006028103581036453,0.22541722319000246,-2.589999894648298,0.13117667331161625,3.624914458359023
0.006146007575305651,-0.0065740803554126615,-0.005336731395475504,-0.0060047892453443845,0.22061759475352827,-2.5841872424819843,0.1467807363352457,3.6138830964783177
0.006102904439462755,-0.006669283307488892,-0.005255770492486,-0.006150604767312814,0.25109406012592905,-2.615630691264716,0.04003475917876186,3.6749093536293342
0.006109930689400993,-0.006657315695860164,-0.005269065043240365,-0.00613300749605298,0.2470883521697985,-2.6131634214746238,0.055332074014936596,3.6698942611512138
0.006136029455043282,-0.006617451699661451,-0.005317113521405063,-0.006074926343152911,0.23406445480701435,-2.60586652394333,0.10835709868513081,3.6555671781640897
0.006117558023258693,-0.006644602286679354,-0.005283339514840783,-0.006114311747346457,0.24299294824324494,-2.6105087749225504,0.07168507551741082,3.664588592589095
0.006125882494416478,-0.0066308009667749,-0.0052987676784432905,-0.006093950060423581,0.23848778285000208,-2.6075012724162785,0.08934688381537569,3.6586808134828135
0.006126355788946415,-0.006597261190338593,-0.005302171841687699,-0.00603728272610236,0.2281425420827099,-2.586215135480376,0.11257130934798898,3.617347893289042
0.006421342997371457,-0.006347911814173016,-0.005794927876018125,-0.005678296514440516,0.13735004825221644,-2.568312243543779,0.5682725782651618,3.6179969009750543
0.00641636162830738,-0.00631898889428854,-0.005780865216938443,-0.005627737498987851,0.13066236236520948,-2.543249594476674,0.5718078434450442,3.57053051988187
0.006414204618208588,-0.006288779259965198,-0.00577126171435858,-0.0055758609374419975,0.12381860263232548,-2.5187734682859984,0.5787372984022366,3.5249601006238094
0.006441978439627686,-0.006241558442760054,-0.005808205815172457,-0.005497825561104481,0.10990014846842988,-2.492434049525162,0.6257095488544269,3.4825422825759307
0.006418985861371403,-0.006257723638238656,-0.0057729775274758316,-0.005523644188398227,0.11614718335093074,-2.4966232282954555,0.5937850842100874,3.485381978546727
0.006442755844499104,-0.006216799559786568,-0.00580375878156756,-0.005456243902531529,0.10466957283933831,-2.4736361293766724,0.6329276298144534,3.4485160103469865
0.006460576239148995,-0.0061980827941083795,-0.005829037056850789,-0.005425522796328671,0.0983888141404987,-2.4651410254430566,0.6586305091553514,3.4369377403511243
0.006483725983521996,-0.006175869995662132,-0.005861929988704755,-0.005388797238716626,0.09108371803828853,-2.4551367905986115,0.6912232276055371,3.424030930204221
0.006505365922199018,-0.006154212705341737,-0.005892001164601737,-0.005352592778891246,0.0839958970555104,-2.4445458292390616,0.7214454586012535,3.4099570039957072
0.006529888581531984,-0.006139742221224298,-0.005928602759895785,-0.005327949018029155,0.07820461213028118,-2.4397375321678236,0.7537482739276763,3.4073161750717817
0.0065726366713218,-0.006092725788539611,-0.005984585467748899,-0.0052476331894184105,0.0637519647922028,-2.412817779980701,0.8124301469537526,3.3697313388829535
0.0065946396412308594,-0.006075487592465314,-0.006015064168085809,-0.005217362684734141,0.05752213283974807,-2.4036503395781774,0.8413231488920324,3.359230392912767
0.006544026488000716,-0.006111217949844041,-0.00594323555098567,-0.0052799667771054664,0.07080718013504012,-2.4209664472152377,0.775051449279446,3.3768652507509285
0.006716891030831603,-0.005999644984839207,-0.006187125926423911,-0.0050756200100141235,0.027762300908620335,-2.359821590974278,0.9980012800068617,3.317748051781674
0.0066863596236537886,-0.0060146965936251975,-0.006143192673961754,-0.005105618683751801,0.03442613653226783,-2.369028822716574,0.9592380222436628,3.3243140700661873
0.006612958302338741,-0.0060592643761538684,-0.00603950154713732,-0.005188788689880212,0.05226549522231836,-2.3941990673658444,0.8652653259354094,3.3473633444495063
0.006659232607152486,-0.006029915630567393,-0.006104640101082991,-0.005134740521401727,0.0408465285383716,-2.3779681497452594,0.9245019830068576,3.3318752349699445
0.006633725542337856,-0.006043108010310961,-0.006067722502643581,-0.005159791662876009,0.04664853967757757,-2.384845950191664,0.8919903374231458,3.33654667520631
0.0074724013870395185,-0.005324592018659868,-0.006879594468114242,-0.003705202058758586,-0.09849208395057123,-1.7168087422139957,1.6590295270678255,2.4737169120616507
0.007429534335538646,-0.0053321317697147715,-0.006829567680691736,-0.0037458121942363057,-0.09526593081013372,-1.7424495503767672,1.619109687974701,2.4965941023791136
0.0074896795993000045,-0.0052806200297163645,-0.006866820383799447,-0.003635822854592286,-0.09723699981132845,-1.6869266266182292,1.650670903789311,2.4242922056269833
0.007368130426682769,-0.005419134890562131,-0.006814989255665617,-0.0039043875160489753,-0.09321384446803375,-1.816963111120211,1.602528914998148,2.606445045226757
0.007331352192144197,-0.005435436849523284,-0.006777107519505097,-0.003950977899016084,-0.0898458099949825,-1.842691153329854,1.5711124289125282,2.634319041451025
0.007302052157152903,-0.0054658112429633405,-0.006759362736009854,-0.004011761397728907,-0.08713311709074721,-1.8723457567341113,1.5545884934380287,2.674936672512547
0.007205526467829024,-0.005511515420513345,-0.006656642281638661,-0.004133839930523579,-0.07638567466137224,-1.9369184351993953,1.4680469053898209,2.7451577942880303
0.007242894257187136,-0.00550331889272471,-0.006703814198569345,-0.004100569497747724,-0.08094966331174037,-1.9181481826412077,1.5066688989935468,2.7296689132828167
0.007259320876423854,-0.0054609517753843005,-0.0066962765694831014,-0.004031299113165809,-0.08200655789490928,-1.887246568651691,1.5044223037019488,2.678923192946737
0.007374368318548295,-0.005377302622664899,-0.006791297731880134,-0.0038436841123177523,-0.09200783070861994,-1.7919066813372504,1.5863385440399513,2.560284488901104
0.0073917481140458475,-0.0053431649975368735,-0.006788379223873123,-0.003786518159193967,-0.09213053824961516,-1.7662323900083816,1.586112766595875,2.5199855164755753
0.006911172831539318,-0.005771042407503912,-0.006383391158953513,-0.004656825193619262,-0.026582337031469113,-2.1813090297101527,1.2099509788299796,3.0640527935276918
0.006874158302214994,-0.00578801191240331,-0.00633521829382149,-0.004695803877350947,-0.01973680156394764,-2.1975857162896983,1.168218581301833,3.079017374292938
0.006918034543902038,-0.005733077967351931,-0.0063725546340749895,-0.004595837466998171,-0.03010134520447613,-2.1536220144992093,1.208873381371104,3.015938292780428
0.006955191741272786,-0.005725809792088293,-0.00642527388089583,-0.004570745116556432,-0.03606435090393742,-2.142945559004992,1.2521192353873196,3.011769694184402
0.00698929039529924,-0.0057280421805102994,-0.006478959807640762,-0.004560577649694319,-0.0410972504887678,-2.1382946792128283,1.29490276605965,3.018240905261839
0.007035899768126852,-0.0057012062942578615,-0.006533701458767145,-0.004499550495306359,-0.04952876330788176,-2.1097220377184716,1.3437441177071336,2.9866271860192555
0.007009576490893968,-0.005706129069131219,-0.006496604460649735,-0.004518508601078783,-0.04557963556758049,-2.118994267866511,1.3128337982067408,2.991533242190216
0.0071518801000252565,-0.005632664018778681,-0.006663287386768497,-0.004339689729442774,-0.06891528302168948,-2.0309942162547086,1.4594968256325256,2.89682881617446
0.007128722050033,-0.005650043522312804,-0.006640589435440327,-0.00437774828095725,-0.06492345441039918,-2.0497812245102964,1.4386389873165728,2.9203021010993866
0.007101155641043847,-0.005652029777932353,-0.006600516593349236,-0.004394530705305703,-0.06092524922266956,-2.0594385461255946,1.4054685182550746,2.924089829109596
0.007070646501488641,-0.005659728923666504,-0.006559727995709493,-0.004420794769893378,-0.05624233640428091,-2.072953149560266,1.371286446966003,2.934290151785696
0.007042280269237292,-0.005667907828338376,-0.006522263130610983,-0.004446186697873126,-0.05178407485471797,-2.0855386001098473,1.339718337675257,2.944229665964419
0.00715190637140171,-0.005598253135779843,-0.0066394893182462585,-0.004288679527086128,-0.0690542355791469,-2.0088994265545703,1.4442646889871458,2.8543361242677285
0.007158432833060542,-0.0055599583150363315,-0.0066226910400284,-0.004229292830148088,-0.07030176340103679,-1.9826171130360037,1.4354313542309305,2.807559019031451
0.007168103758401589,-0.005520220751473522,-0.006609385470135495,-0.004166973421279732,-0.07149343945234204,-1.9551042722156424,1.4292435833148585,2.7601124762578872
0.006716451821224769,-0.005962615824033979,-0.006170073038197403,-0.005015025732720364,0.022669792124527507,-2.330947542861377,0.9954351248716798,3.264911632092692
0.006725090001353611,-0.005932877294726406,-0.006170830199788208,-0.004965172539631305,0.017443463967306068,-2.3087493073776213,1.0044238224577118,3.227530092453901
0.006771099062792782,-0.005901585116867104,-0.006230281946081813,-0.004904633697889848,0.006817864630473382,-2.2861851083536915,1.0590945217194179,3.2023619068563183
0.006745911160926155,-0.005917078590774018,-0.006197130987905932,-0.004935318076847941,0.012494545737945319,-2.2975147847044557,1.029129517836527,3.214167088228166
0.006836212085478104,-0.00588081022976298,-0.006324477611862244,-0.0048542249498041605,-0.005319998789521338,-2.2689945686626953,1.138693975340716,3.1952096373177636
0.006797488144255186,-0.0058877257816330126,-0.006265847756724904,-0.004875839654835741,0.0012761088053089224,-2.275524061257407,1.090718346518716,3.192509808049756
0.0067177361808214075,-0.005904742561973817,-0.006146472639287457,-0.004921656936526451,0.015645146951525277,-2.2873508067285666,0.9929023130438704,3.1863684392215608
0.0068313029215558915,-0.0058316252623553605,-0.006291173193330943,-0.004777388967243028,-0.009505035631035013,-2.232483394346747,1.1238738174962626,3.126380480054271
0.00683536270562016,-0.005795056861611952,-0.006278612156823355,-0.004718984687046678,-0.01341131193141012,-2.205756161000645,1.122387620443648,3.0792402024963192
0.00922139650909332,0.0043387087231404635,-0.00745063569349231,9.921874987723225E-4,0.09183723697011802,-0.16193767136401346,-2.0297987601619316,0.6304904476604741
0.009277062201226245,0.0043009572872480875,-0.0074349750484318956,9.105855768904178E-4,0.10016096327691278,-0.11509808069820257,-2.013742034518372,0.5730054100827134
0.009154058357295642,0.004312855861465765,-0.00739897985173889,0.001062843154659326,0.07977853213760581,-0.2234793595627285,-1.9952200345031017,0.6815101745784271
0.009387080816821353,0.004225042697072085,-0.007398505887782318,7.533837730925524E-4,0.11680154290959809,-0.02531137051835735,-1.9774492003100723,0.46194140599907213
0.009308693891280645,0.004231461375836647,-0.007379828418526624,8.487770808499714E-4,0.10419062182928372,-0.09375237499910626,-1.9689391136764371,0.5302226117283312
0.009518043000316443,0.004179281608338703,-0.007390004448149982,5.846354424699535E-4,0.1368643174780172,0.08459289336011978,-1.9607144476089926,0.3414104509781198
0.009447489231735832,0.004178055804778289,-0.007371285991670909,6.682343339455745E-4,0.12556722634387735,0.022594530172130377,-1.9517177033924777,0.4011442268319798
0.00907768652610488,0.004282421997146896,-0.007337674853177006,0.0011394563527817305,0.06832808778427914,-0.291057526787227,-1.9535174920551006,0.736892491906077
0.00855968098642803,0.004534391257750909,-0.007273805881830258,0.0018711695753509184,-0.010094570557770273,-0.7345790075291739,-1.9379340548714912,1.2462194020585098
0.008443956172977694,0.00453929401258245,-0.007194134386957852,0.001998923212624263,-0.022166676612593642,-0.8266931337844007,-1.8834290641110119,1.3353797818004571
0.008497045241902885,0.004508063222605915,-0.0072052825571400445,0.0019198256813805538,-0.015364244796227366,-0.7813027835838658,-1.88910902488441,1.281592319862789
0.00861508488741718,0.00448086397150916,-0.007262943159477353,0.0017736989330786324,-8.12599592855008E-4,-0.6845883463286603,-1.9264935011367788,1.1799711990922634
0.008683631417353389,0.0044412484161062225,-0.007271579059947638,0.001672393157990384,0.009398105012292901,-0.6256576749928521,-1.9288748584466997,1.1102782314120103
0.008758483425037976,0.004416621100708187,-0.007295256083443517,0.0015738651721150098,0.019585453111673895,-0.5626129834605004,-1.9423082220082082,1.0417448195969794
0.008784430470901206,0.004347697125123766,-0.007247669434525729,0.001504464801702046,0.02552266970668231,-0.5375966581301344,-1.9042503727874902,0.9950799120184266
0.009012962830477169,0.0042534077173081684,-0.007281500742016923,0.0012001636996582146,0.05822118785208511,-0.3463555086916767,-1.9146968984041792,0.7812602455430815
0.008932696730705141,0.0042714280842614345,-0.0072589201758678995,0.0012988789325591979,0.04669052718697045,-0.4131570092382552,-1.9029819558965955,0.8511366330891043
0.008850848267568863,0.0043105231607904046,-0.0072513740902497075,0.0014103296951572305,0.03492514084467954,-0.4815023136454823,-1.9028042248156083,0.9292481880412934
0.008310697197768014,0.00454552527397816,-0.007096499353148975,0.0021401777781300184,-0.03391631649578609,-0.9278106052338614,-1.81576968657273,1.432669535348374
0.00837489380194781,0.004496094577524412,-0.007104008813148,0.0020373060161406296,-0.025409538738260493,-0.8724025904936008,-1.818346948024736,1.363493491347899
0.00798188790195354,0.004719894478088759,-0.006956223532397399,0.0026049483707366564,-0.06385070835712914,-1.192876249593308,-1.7222036942679002,1.7414140635748494
0.008048736285728997,0.004677410231611448,-0.006983520119651078,0.002504586722225167,-0.05858929224795939,-1.1382245561370608,-1.7406908855384506,1.6755471764701773
0.008136684414541082,0.0046457116537597124,-0.007036011577558746,0.002393818498563563,-0.05231146207300835,-1.0714038230932978,-1.7772688723032868,1.602441529184667
0.008189955800080456,0.004588566395272315,-0.007033850120576332,0.0022935509561541026,-0.04500423372378093,-1.021932728670321,-1.7738979292395882,1.5361130054785528
0.008220139962580031,0.004516905834251088,-0.006999092439014858,0.0022051200049343603,-0.03798080114810146,-0.9866582088036429,-1.7461620019483273,1.478113869471166
0.007846170771253347,0.004742894330956602,-0.006843125387222859,0.0027449935566770957,-0.06798532488690597,-1.2831424512838103,-1.6408846495021747,1.8311565193270416
0.007900735822056366,0.004686636765156831,-0.006852183270563034,0.002644185198916182,-0.06317094261461899,-1.234076757385683,-1.6468320484034946,1.7659008750665086
0.006950412250068504,0.005232736822956046,-0.006142554651870357,0.003884120092002259,-0.04557881432880039,-1.8470850196985624,-1.1134895370401614,2.480607675576437
0.006864679469433006,0.0052498105692786595,-0.006041772304300871,0.00394076356758362,-0.03727840797188659,-1.8692248566794807,-1.0417390914092446,2.4955008721657954
0.00575797974087329,0.006242843691331844,-0.00476015613901866,0.005392770056076602,0.15811591800502245,-2.1903277925843025,-0.03312622417345934,2.8907625372726535
0.006083680916380627,0.0059446352338127124,-0.00520384413666234,0.005020838294677144,0.09310130094169419,-2.1777073980632875,-0.3621973357157655,2.882660131948044
0.0058096777551302995,0.006177353169863264,-0.004833945697553694,0.005312696908272171,0.14560954735923162,-2.185382563803326,-0.09272435462327704,2.8824273195729506
0.005852047067194714,0.006123854759083492,-0.004892777348024447,0.005246031694336517,0.13362532519614392,-2.179470328409288,-0.14128185259989545,2.8730156837535366
0.005902052852727569,0.0060849581632831445,-0.004961209623142136,0.005199736202453437,0.12622782394710072,-2.182142533685953,-0.18863217574119795,2.878990724238819
0.005982659258252967,0.00602468704588521,-0.00507036841240523,0.00512547164540398,0.11210643435498042,-2.1838625727744065,-0.26475574963134135,2.88583810228435
0.006007289889693422,0.005967348455030216,-0.005099548145844743,0.005047527693460236,0.10107325644099094,-2.1638371523649744,-0.30028696069301264,2.8536505446852463
0.005922651543753442,0.006038597383346904,-0.004987662935090334,0.005137918741753013,0.11656960364462618,-2.1680277337575538,-0.21894822169617784,2.8561066002820006
0.006095864453046361,0.005853940472429745,-0.005207577223352837,0.004894766353631967,0.08024862743833337,-2.1340841467988,-0.3940987272783743,2.8104827567445776
0.005680629150015802,0.006249529487762229,-0.004653529849675936,0.005383980735147154,0.1607503566762026,-2.1565657767976707,0.012661680939838575,2.832610934632433
0.006500206876176171,0.005575254668879946,-0.005695693211378098,0.004477993206513822,0.01351523216950295,-2.05817561684812,-0.7564572283864178,2.7361608530904333
0.006622345220235963,0.005523417057333295,-0.005843898049801997,0.004380762769109221,-0.0030169559550671456,-2.034480206524574,-0.8639139333084181,2.7198615156184087
0.006541365414096087,0.005520862303495975,-0.005732425304644958,0.0043956707369431705,0.005369566926564835,-2.0300996139116196,-0.7915186818291112,2.6966640372813875
0.006664471151035625,0.005457330239275575,-0.005873956903216895,0.004279924867466607,-0.01137867250408177,-1.9968543884161778,-0.8965123319588592,2.6649770920497535
0.0066751969341529,0.005386044750026257,-0.005858146208353512,0.0041818058130973414,-0.014659698171571625,-1.957183651969403,-0.8985096741803822,2.6005818279686466
0.0067276351768488915,0.00533650570337592,-0.005905457641834823,0.004100998660571123,-0.022525652884676315,-1.928137074999135,-0.9377916933232218,2.5629320035288576
0.0067741592951740415,0.005263148401941299,-0.005932397322202269,0.003990836901493253,-0.028430832449662817,-1.8860809778227454,-0.9666280609365147,2.502639317011299
0.006220945243255351,0.00579233152535155,-0.005369795550607052,0.004808850071867421,0.0623830369375493,-2.1343392080922965,-0.5027309549124998,2.823350177037234
0.0061485095074834736,0.005797666629997563,-0.005270563233014417,0.004817602979544698,0.06887539685000428,-2.1190317839133495,-0.4454899515011087,2.7906662659283885
0.006266212078370673,0.005724425129421952,-0.0054172294351286345,0.0047124476897186995,0.05039290170049259,-2.1072275130891387,-0.5493255682706594,2.7835061499694436
0.006336381027386254,0.005658601029023585,-0.005496826753048435,0.004615965703048899,0.03751951338772178,-2.084131489745049,-0.6133808528204879,2.7542481756513584
0.006404877846236401,0.00558486845345774,-0.005568780369630765,0.004506815468875873,0.02444995105537332,-2.053534410542358,-0.6745223397463628,2.713276323482544
0.005582775365005442,0.006270647874705204,-0.004520314793781059,0.005388115516960277,0.16591147737213954,-2.1177716239444604,0.07182244313100762,2.767811986064482
0.007063079780977297,0.005161749663173087,-0.006245648755558517,0.003743107381276065,-0.0553387060940504,-1.7875577140857588,-1.1933751335835128,2.4110967608266822
0.007102952620203353,0.00509152414625467,-0.0062544945069346524,0.0036367884955954377,-0.05731773239121952,-1.7432769132773396,-1.2060531253471318,2.3462123228942846
0.0071444560111474445,0.0050329754534196025,-0.006270541663419858,0.003544848244897291,-0.05902313854587577,-1.7045562494035291,-1.2220243489695706,2.2918614968982567
0.00718160541308018,0.004975312654473898,-0.006280499299741962,0.0034570319892311854,-0.059273171787320555,-1.6676811913580227,-1.2331674939116324,2.2391401905372503
0.007296885127482375,0.004943435123977719,-0.0063947228427247834,0.003354871045968089,-0.06558937053463558,-1.6167752933849113,-1.315039881953468,2.1893657496087737
0.007342765720027744,0.004885073769868883,-0.006409922412649407,0.003260944527003429,-0.06539004770673552,-1.5756195282050864,-1.3286441909966273,2.1326545772500936
0.00721821123064431,0.0049224282825723505,-0.006291499342357932,0.0033758049957635663,-0.059916607456696906,-1.6333203501149895,-1.2441336143875985,2.1906983255414545
0.007641012714212428,0.004796784548238079,-0.006674380798396629,0.002962410922518724,-0.07064722358822799,-1.4126513624693173,-1.5191822139821907,1.9648966939450845
0.00755427168482791,0.004812771323574997,-0.006593844538302244,0.003042336984684314,-0.07024074293939721,-1.4596533513917667,-1.4615956608555107,2.010512963760046
0.007754586884467607,0.00472237199579706,-0.006736191908753144,0.002798927523885167,-0.0670594647031908,-1.3280942643906413,-1.564167761162264,1.8628127561653656
0.007666859657710559,0.004713146644714202,-0.006640866516148883,0.0028567551578029334,-0.06595173381115428,-1.370252884592704,-1.496756429467313,1.8958860227322967
0.007396789889828511,0.004822739552880525,-0.0064299427310727545,0.0031583615517702794,-0.06442526332770097,-1.5300259363544448,-1.345425178818102,2.071103015494753
0.007469864552472468,0.004761123362995416,-0.006468763344924299,0.003044796326853032,-0.06407313358504922,-1.4770604905767273,-1.3745600797015551,2.004029029450095
0.006979852326059071,0.005157379825227349,-0.006139476539579345,0.0037763018363905026,-0.04800293261924581,-1.8032072224412092,-1.1198445622077247,2.4132137973836882
0.005510513930778175,0.0064550247516528365,-0.00439857258987817,0.005612633613684669,0.19696051388502192,-2.143948314234691,0.19956566991822086,2.819866637180315
0.0054813769873612375,0.006527929996419301,-0.004345330660480532,0.005700026325945315,0.2105199572911851,-2.150731168396119,0.2531999875689719,2.8354512048842673
0.005511987658096032,0.006330720402759404,-0.004419884180237552,0.005448280346512835,0.1753481774908299,-2.1042596188221805,0.13301919248765134,2.747626637656291
0.005479427617450029,0.006392525286455973,-0.004367923951949008,0.005519891868473369,0.18668522000276758,-2.1080593488034873,0.17819156753889714,2.756558909069111
0.005405216833781541,0.006554759758532589,-0.004238455216276059,0.005707462932952915,0.21272853229508623,-2.1159981849286678,0.2977188486584583,2.7803039855718015
0.005280282423492202,0.0066796105210085435,-0.004043314773453693,0.0058193710069427244,0.2297306011772284,-2.0751481186664242,0.412111311239131,2.7242716151486364
0.005332948803587912,0.006601586471491037,-0.0041329500136511954,0.005740580858260236,0.218179275955986,-2.0874022670445247,0.3494414959232348,2.7374488143360804
-0.0071842317087836725,-0.0057978113392972465,0.0068327720454698085,-0.004578006527134527,-0.07060960467770076,-2.132364983336027,-1.5819772096365516,3.1167889218409583
-0.007169880197095225,-0.00580584607944349,0.006815699639120765,-0.004598620306328662,-0.06780232709297833,-2.1436091427078243,-1.566032753239842,3.1295011156320687
-0.007224137888416989,-0.005773319830866598,0.006877849764050876,-0.0045165840681832626,-0.0781854684844644,-2.0987930719439976,-1.6243380534011536,3.0772719098428247
-0.007211235471098532,-0.005781717141130294,0.006863772376967178,-0.0045373091568066915,-0.07577774146052224,-2.110105101000647,-1.6110523345160834,3.090903230761123
-0.007197905581787244,-0.005789342168511446,0.006848293583579214,-0.0045569422819053415,-0.0732626646212265,-2.120914114817577,-1.5966184063072053,3.103291485109228
-0.00723659949235592,-0.005764311303830418,0.006890618768047162,-0.004495056245562497,-0.08050252997603863,-2.087157855501182,-1.636496902787835,3.062706406805248
-0.007249703234931361,-0.0057555014012117866,0.006904421460616248,-0.004473385527191832,-0.08287393496309514,-2.0752949111237338,-1.6494802291466206,3.0481994474633614
-0.007263130316622072,-0.005747367807356115,0.006919129916525851,-0.004452496927992967,-0.0852319409101744,-2.0636421270000356,-1.6631433130656055,3.0344359978053514
-0.007276042672749539,-0.005738689675567818,0.0069324583049296664,-0.004430974184123398,-0.08743702223108217,-2.05175508761964,-1.6756190194655034,3.0198596783196336
-0.007385377044399063,-0.005687634537930364,0.0070590773297740635,-0.004279698942738128,-0.10476677709962985,-1.9617419184629747,-1.7899532974032193,2.921487118079767
-0.00739911653240131,-0.005679559975040215,0.007073011665978586,-0.004257640620249151,-0.10668796630555653,-1.9488766753869735,-1.802524931133753,2.9061781513484823
-0.00744020708028313,-0.005655815576114078,0.007114178265523019,-0.0041917261541010754,-0.1120871792218706,-1.9101149257331584,-1.8393650186771573,2.860158358085829
-0.00742652854550958,-0.005663660128890687,0.007100565061642125,-0.004213670147680281,-0.11036063610672935,-1.9230715293530751,-1.827230979660187,2.8755288078524717
-0.00741282937872662,-0.005671559231638434,0.007086825849008231,-0.0042356206564791036,-0.1085399525213121,-1.9359805702986141,-1.8149398226036644,2.8908444083586193
-0.007357032683519081,-0.005687275362389811,0.007015458025124406,-0.004298789594826546,-0.10021722386486069,-1.9773333814345435,-1.7519893721479194,2.9298837879453967
-0.007370553588233612,-0.005678646700588354,0.007028767546067598,-0.004276344226073867,-0.10215904819884204,-1.964575854206446,-1.7640910878728973,2.914358889929227
-0.007288926592108485,-0.005729037737497035,0.006944815783946065,-0.004407868090714265,-0.0895947096094138,-2.0391656459183807,-1.687283312524233,3.0038461782380756
-0.007302931257528264,-0.0057196739268362785,0.006958998573859021,-0.004384426404207006,-0.0919085954700397,-2.026145664866375,-1.700447418373878,2.9878678460215506
-0.007317547290760812,-0.005712503637289505,0.006975773227340978,-0.004363890427533222,-0.09423811251809122,-2.0141478453691843,-1.715621065734591,2.9745827715425173
-0.007342246264999648,-0.00567876455727321,0.00698575472345589,-0.004295780879672604,-0.097812282230551,-1.9798268963508596,-1.726961484969306,2.9228256504943864
-0.007329194228232622,-0.005688063149673906,0.006973528753569034,-0.0043186469717766615,-0.09591840634229955,-1.9924557820526643,-1.7157078431622301,2.9386805247951564
-0.007318613431676261,-0.0056972082656159394,0.0069648274982711785,-0.0043396041990632515,-0.0943110541685092,-2.0036762172136235,-1.7074639006725405,2.9536151626330573
-0.007105783773917952,-0.005852070162168463,0.0067450525362192605,-0.0047059552150223805,-0.05420340901171782,-2.1997586258112993,-1.4976051509076573,3.1990594707045052
-0.007118897270948938,-0.0058446360893579016,0.006761234501654316,-0.004687482708374238,-0.05697703861747342,-2.1900155466347333,-1.5128815631919499,3.1881640711656565
-0.007118788569547112,-0.0058294051908523575,0.006750215014042946,-0.004662735361643418,-0.05770711836031138,-2.178613552436384,-1.5057019113254118,3.1655706867608786
-0.007128249503608453,-0.005819138376867849,0.00675822020849898,-0.004641445884739516,-0.0599045261785539,-2.1679279431646354,-1.514200722729905,3.1504703560783365
-0.007139940374704109,-0.005807824286181557,0.006768945695809283,-0.004617330271386493,-0.06245047305385166,-2.1556989268853477,-1.5251575507692297,3.1337628273392597
-0.007153192909893094,-0.005796953714654327,0.006782342477892983,-0.004593080514076648,-0.06521690996462705,-2.1431947105650866,-1.5383031406063434,3.1175518554270387
-0.00709234613713369,-0.005844712060200474,0.006717944326504489,-0.004700260859417343,-0.052199229582828965,-2.1982351076757505,-1.4752764504311586,3.187699885413521
-0.007076203768077548,-0.0058483201297165,0.006694100592812349,-0.0047135715425452316,-0.04916156945161859,-2.205592445487141,-1.454044129960979,3.192323763279553
-0.006950781165112512,-0.005947050691017628,0.006549805587812836,-0.004927201941737396,-0.018426047129817505,-2.309741194435974,-1.3105031266430767,3.323749099972342
-0.006934346851793514,-0.005951426993820847,0.006524808838881672,-0.004940101878669118,-0.015089128669813937,-2.3155625126773347,-1.288145391649979,3.3264516288209305
-0.006961636447537639,-0.005934548642912641,0.0065604439318523245,-0.004902447457247751,-0.02170876684250365,-2.2980138167471202,-1.3223782482883124,3.3069417800498835
-0.0069695839044117466,-0.005915830878298641,0.006562266241450883,-0.0048683830496511855,-0.024851736086700053,-2.2817889566075107,-1.3280012024670542,3.2800501128389006
-0.0069808425377440265,-0.005902087015869979,0.006572457995224907,-0.004841437289536519,-0.028131537041481997,-2.2689678587688853,-1.339560603749593,3.2614005625805915
-0.006992817439215683,-0.005890376098525062,0.006584920985232674,-0.004817547273777824,-0.031246587586966353,-2.2575508957695427,-1.352566908305776,3.245855337388758
-0.007005042459143354,-0.005880178258011852,0.006598595362277221,-0.004795984643819828,-0.03424665472750502,-2.2471769195969915,-1.3662495143437325,3.2324902155202735
-0.007017985195338583,-0.005871246181164826,0.00661411851156126,-0.004776125903575498,-0.037255366661492505,-2.2375276395023103,-1.381228953767616,3.220964863424545
-0.0070306996782777895,-0.005862011890880942,0.006628943550377581,-0.004755767860299249,-0.04010963673311762,-2.2275642056443328,-1.3956551980523833,3.208782498765981
-0.00704367972790855,-0.005852153514656333,0.006643657893559591,-0.004734182008791291,-0.043171355797263396,-2.216966067319438,-1.4100562887467405,3.1955736395333596
-0.007057040505236333,-0.005841870911260401,0.0066585608885482575,-0.004711648618430205,-0.046094189687815534,-2.2058236695430256,-1.4246631472229587,3.1815886721215416
-0.006869612305849717,-0.006003072733756897,0.006444704082579758,-0.005046958072998501,0.002571981651954104,-2.363984218630499,-1.2075383544657805,3.3870168243118903
-0.0068388248529268085,-0.006005449476224064,0.006393754057407673,-0.005059082441713217,0.008300929559892546,-2.3673073274484295,-1.1641243943803443,3.3793508802362457
-0.006852022619197447,-0.005995713897400951,0.006410943820612671,-0.005039213950383624,0.004723946383097337,-2.3588221993998038,-1.1810821776764786,3.3692583348094316
-0.00688448496854294,-0.005991778706526611,0.0064637500791926575,-0.0050236164364560925,-0.0015293300799801312,-2.3536619530601084,-1.226533237190761,3.37446258305667
-0.006893179626691905,-0.0059733614014817514,0.006468178562228998,-0.0049899478501200705,-0.005194684637387133,-2.3378650775672196,-1.2349005387097762,3.348700613967153
-0.00690380938313688,-0.005959419505447934,0.006478182646976278,-0.004963288506345774,-0.008734845425469824,-2.3255436398206952,-1.2467319140171436,3.330441166596175
-0.006914586952946722,-0.00594582972212408,0.0064884567380949455,-0.004937158169111698,-0.012064981031205249,-2.3134356731691352,-1.2586319144487685,3.312685529723581
-0.006617697073320844,-0.006189635482058413,0.006094355995269188,-0.005409284838387243,0.07541835816043495,-2.500985031057196,-0.8614328256178334,3.544830874533368
-0.0065896457263492445,-0.006196058699441294,0.0060479195218790215,-0.0054216432262839355,0.08077119479760082,-2.499919838041936,-0.8227400029950761,3.5341971948826827
-0.006601593841027482,-0.0061872266148011185,0.006065620003776724,-0.0054058951795813645,0.07724664242986835,-2.495356293584593,-0.8398771470184391,3.529387705085276
-0.006570174221203389,-0.006187866831265255,0.006011734846674436,-0.00540816334012609,0.08190904563435476,-2.488341316615127,-0.7981123903464756,3.507137049219171
-0.006626980259326307,-0.006173155899098078,0.0061046162297030025,-0.005380169434083724,0.0706781118004352,-2.4890555468857225,-0.8756844830722709,3.5256900431915397
-0.006651213510854851,-0.006144607273253098,0.0061359040769714485,-0.005329018948313309,0.061467850427208905,-2.469701963325023,-0.9108069278624242,3.4978033906604074
-0.006636569282798587,-0.00615296534439915,0.0061138232572596676,-0.005344636203432568,0.06524263728798584,-2.474025583978372,-0.8903505559595598,3.500973871618818
-0.006681009958304585,-0.006112986647251354,0.0061746726912866754,-0.005271606083144419,0.05113300703853207,-2.447964811064132,-0.9525797251132334,3.4676945141246773
-0.00665744813665763,-0.006130258608533455,0.0061411244051498065,-0.005303776437439713,0.0578574704939795,-2.458776713037677,-0.9200032236982111,3.479670561029677
-0.00666507633614926,-0.006115827019239114,0.006148558438606829,-0.005278279792142886,0.05397489388997062,-2.4480054031735303,-0.9308673280296318,3.462335215303965
-0.006127277801846822,-0.006617847646135326,0.005302207312515968,-0.0060724528529877775,0.23441762236116942,-2.6001008616750103,-0.09959016579459558,3.644301921450559
-0.006134112245729944,-0.0065902375362123225,0.005315730293466798,-0.006028101088959125,0.22597192361353433,-2.586872807198524,-0.12468115329085372,3.6188121677274103
-0.006148258830275525,-0.006567609316540282,0.00534084330771457,-0.005994587862468501,0.21872093735159617,-2.5813604851716985,-0.15307021480802738,3.608602038140656
-0.006165276550164238,-0.006548021721159383,0.005370317530621885,-0.005966881427229638,0.21221700357846504,-2.5792752100258585,-0.1821309115465989,3.6053120451753458
-0.006183614205964372,-0.006533484436326508,0.005401668071420306,-0.00594783407967706,0.20719315263900304,-2.5810016296381453,-0.20948918514653267,3.609578568053123
-0.006224073370342805,-0.006487060098888219,0.005470038245170456,-0.0058802910466917045,0.19173404109253034,-2.5732670220754836,-0.27800651666462567,3.597954220324834
-0.0061813981640867054,-0.006512965611021926,0.005398095836004075,-0.005912499072545465,0.201563990870452,-2.565690001213078,-0.21927097423560976,3.580414542983798
-0.006196005141214101,-0.006493558621341997,0.005422657435760801,-0.005883847616608145,0.1951755548487435,-2.561259787295415,-0.24519854005350014,3.5730439591817453
-0.006271657421973626,-0.006418978639155865,0.005547208401409937,-0.005775889812613388,0.16982084156223595,-2.551088227641705,-0.3638853312159936,3.5615048572350854
-0.0062382513585919445,-0.00646450191745203,0.005493328665437141,-0.005845550803939131,0.1845323446181144,-2.5654707392236475,-0.3050955459196399,3.584651288055093
-0.006255304535814947,-0.006441381079136756,0.005521053498820394,-0.005810319162889421,0.1771346038715774,-2.5584698398567842,-0.33520166036338134,3.5733523946883072
-0.00636056084099734,-0.006394132004432672,0.005696828187712422,-0.005749927364188595,0.1554182408416016,-2.5772522879524016,-0.47669327986420046,3.623216912144619
-0.006533007627757141,-0.006197508350043941,0.005951147145604462,-0.005425297274194835,0.0890362186060638,-2.4863578066095204,-0.7483077975741564,3.4932091558677922
-0.006547921842445735,-0.006179368424377272,0.005971080648473663,-0.005394209983868105,0.0833094411081489,-2.4757480478544167,-0.7703626810032825,3.477737363768679
-0.006372303496385883,-0.006373741661667917,0.005714252949173621,-0.005716519856843297,0.14892130487471555,-2.566952283359878,-0.4989378163040655,3.6060927673954066
-0.006386321343861819,-0.0063545052299523565,0.005735444859767252,-0.005685316895203684,0.14258003505387182,-2.5583147196589127,-0.523096521662445,3.5926116020033554
-0.0064020050961577455,-0.0063392557888570945,0.005759885470440428,-0.005661017586271882,0.1370705703885837,-2.553201517693305,-0.5475697618224501,3.586139724469842
-0.006422905383816679,-0.006327684847564966,0.005793808860426598,-0.005643406310244215,0.13201392327420544,-2.552809449728985,-0.5771002756323661,3.5896134348846673
-0.006497321592669355,-0.006240604445135949,0.005902121105957086,-0.005498551511208074,0.10283444748007407,-2.5103378171156945,-0.6943596726196867,3.5281539589188697
-0.0064821114853101675,-0.006260801294349312,0.005881152001191322,-0.005532633439720289,0.10933011616054188,-2.521573287639242,-0.6703544394832653,3.545146253268879
-0.0064708680077828346,-0.006282076191783257,0.005866908567679865,-0.005568662332373774,0.1155238333674957,-2.534765810377825,-0.650710876169995,3.5668348459690944
-0.006426134159354555,-0.00630666522985728,0.005795237106342352,-0.0056075173122170675,0.1265845547523755,-2.537470701130495,-0.5877435796853651,3.561930113747258
-0.006444689513336586,-0.0062895211173101115,0.005823525870759919,-0.00557964991338372,0.12040749663014293,-2.531094139882732,-0.6157878104646911,3.554113876859194
-0.00648708501889959,-0.006214021762194797,0.005877717643417082,-0.005452997564955309,0.09860214328067372,-2.485978488833283,-0.6872900510468477,3.480970961078519
-0.006505512870438983,-0.006192147775327543,0.005902969330617513,-0.005416244336847756,0.09159172305550821,-2.4742695311334444,-0.7146255857795575,3.4640456997589837
-0.006336389668884091,-0.0063934569985590745,0.00565506506627872,-0.005744681106513349,0.15763157782597018,-2.56502156282374,-0.448381962914894,3.5964555852955087
-0.006309955807226201,-0.006393326080099156,0.005609852068907457,-0.00573977405463583,0.1600063460455972,-2.5518801675937435,-0.4180727468465047,3.568038099441607
-0.0062856720384643515,-0.006398919313862048,0.005569210421583636,-0.005744725251539085,0.16336109619591607,-2.5437797592024696,-0.3885402338812529,3.5497384026630483
-0.00672474951455689,-0.0060915321228094685,0.006240605916917573,-0.00522890011790727,0.040459648319486584,-2.4351679300193516,-1.0126589974401279,3.4597278619923872
-0.0067501562066889535,-0.006061713520655645,0.006270704262496816,-0.005173736183028303,0.03143417766210137,-2.412294250117304,-1.0465283474477205,3.4268560536368375
-0.006734027641620529,-0.006069561137875665,0.006246775024915565,-0.005189877208311343,0.035277019285532264,-2.417644206749074,-1.0246456186275628,3.4306404724786215
-0.006757762727363708,-0.0060481158738063924,0.0062773823195834645,-0.005149229015839602,0.028076308460180045,-2.4014781685097195,-1.0560933909949808,3.4096835853839678
-0.0067830002466428875,-0.006033459172072812,0.006313251816910124,-0.005119379780168936,0.021738623231865466,-2.3904129408333348,-1.0897034247334985,3.3990568084715957
-0.006766867325278582,-0.006035580786342138,0.006286954066429545,-0.005126240736615587,0.024604250758141818,-2.391599073717156,-1.0676105773639546,3.3948763708270078
-0.006793425260627309,-0.006019112356939608,0.006323922197189308,-0.005092884349621214,0.017863984459199747,-2.3788376172245482,-1.1025884816177565,3.3816960300885
-0.006806357624791981,-0.0060071417055003054,0.006339810066943304,-0.005069789865508478,0.014072286381697807,-2.369134281550412,-1.1189967781570613,3.368908429127685
-0.006820302227202902,-0.005996533823713824,0.0063579221133606215,-0.005048637303264908,0.01028940474637098,-2.3603877761321446,-1.136819420023189,3.3583968097435215
-0.0067069901042799765,-0.006092168967198038,0.0062104842450427826,-0.005232603958896779,0.043408616954728474,-2.4338684804178343,-0.988139115251501,3.450772087969027
-0.006688001756934079,-0.006096988364338491,0.006180100318154824,-0.005243400619065975,0.04707262844921557,-2.435611585681142,-0.9622916429610593,3.4472862877594714
-0.007689077786130926,-0.005533603604439555,0.007357101373982663,-0.0038064329715271432,-0.13471539870484894,-1.6717687629641451,-2.046865932076337,2.5859467137347356
-0.007577480671187593,-0.00562605440116932,0.007289771635684166,-0.004037484819899403,-0.1253728948220697,-1.8025393870798379,-1.9889644170742111,2.7604265177448055
-0.0075776431718888385,-0.005610041069966871,0.007274282876808418,-0.004013845540652036,-0.13069395885831672,-1.7916922655538137,-1.9799702595196498,2.737935898342434
-0.0075637516394397915,-0.0056336864604488515,0.007277059122863218,-0.0040603529186060095,-0.12475147465783325,-1.8165335710712067,-1.9780278633553856,2.7771814298188104
-0.007563878936177846,-0.005617707081702529,0.007261634968799088,-0.00403668470984883,-0.12935260075232777,-1.8056333304019947,-1.9691006365155352,2.7545875592039493
-0.007550046640288173,-0.005641361619124992,0.0072642756694097305,-0.004083179438248767,-0.12403975270877128,-1.8304922564004613,-1.9669872720915216,2.793835478609111
-0.007550134727556459,-0.0056253933175045125,0.0072488900069919366,-0.004059456383242246,-0.1278199654673244,-1.8195009158616877,-1.9580957602716704,2.7711601040207654
-0.007536365807734407,-0.005649079802306202,0.007251417476060427,-0.004105971164609263,-0.12301868431030649,-1.8444075748077118,-1.9558181128266785,2.810416879360204
-0.0075364031091585786,-0.005633105278580804,0.0072360423806706415,-0.004082172692937005,-0.12629155876320897,-1.8332964499963829,-1.946959447198709,2.7876480357538003
-0.0075226839827851584,-0.005640852978306396,0.007223100621368794,-0.004104846769958473,-0.124761810503019,-1.8470294274473924,-1.9357001734656782,2.80406144312763
-0.0076748821615474335,-0.005540885461112813,0.0073447459925403856,-0.0038296250774925706,-0.13381809316759308,-1.6861341570066004,-2.0367113775041026,2.6028739974539916
-0.007660810836904344,-0.005548331173852027,0.007332574714699845,-0.003852850707932462,-0.13289642870505317,-1.7004129150525495,-2.0266745403556303,2.6198136926809563
-0.007646877121859008,-0.005555885730000079,0.007320552582727302,-0.0038760272945601647,-0.13199460568647658,-1.7145789118965478,-2.0167203553897575,2.6367047195131943
-0.007633061525072648,-0.005563489872755346,0.007308595845157193,-0.0038990935535581114,-0.13113314481707572,-1.72862867420031,-2.006769915329332,2.6535027785524217
-0.007619289960382359,-0.005571046847823361,0.007296508761149457,-0.003921979799785196,-0.13028428373757708,-1.7425790775961205,-1.9966472911685162,2.6701516489012227
-0.007605455317989275,-0.005578501913339431,0.0072840898638181426,-0.003944698993299159,-0.129331508223947,-1.7564792857514153,-1.986178401035407,2.686646159542637
-0.007591550193907161,-0.005585984227698487,0.007271452615797285,-0.003967436088350412,-0.12819340605919124,-1.770382930041755,-1.9754702149068073,2.7031201704071837
-0.007577682523869279,-0.005593646329292069,0.007258894307400954,-0.003990316352025202,-0.12695103058102267,-1.7842799898303079,-1.96478885196632,2.7196820854233015
-0.00749501203582444,-0.005640116113712104,0.0071817064067642026,-0.004126142957443061,-0.1188375976605907,-1.866227824536909,-1.8979482489683248,2.817400082564557
-0.007508775446547138,-0.005632305849033382,0.0071948535474450235,-0.004103633145281703,-0.12039607101727796,-1.8527161001157573,-1.909469658182427,2.801290829380737
-0.0074807379690282,-0.0056312167913024486,0.007152446712114335,-0.004124172962324144,-0.1168701678902696,-1.870506393598805,-1.8732673210666473,2.812221506635495
-0.0074397214702496585,-0.005639256556866188,0.007098754847859267,-0.004167328562583009,-0.1112802292956475,-1.9008522138929675,-1.8266361431392097,2.8392049878448797
-0.007452729848315305,-0.005630631466297158,0.007110436049793236,-0.004144758020341766,-0.11278795437331572,-1.8879305579295627,-1.8370349454319956,2.823189224654504
-0.007466173319943123,-0.005622147529869062,0.007122743946668938,-0.004122001235049911,-0.11429491916747346,-1.8747659006442665,-1.8479134196854246,2.8070927884905967
-0.008086586996046873,-0.005380600615198654,0.0076988582266452185,-0.0031889871384941,-0.1321960819858098,-1.268181810738516,-2.3078389825935575,2.1329407310836497
-0.008074059427253137,-0.005370711716314681,0.0076730282356326845,-0.0031921818628104317,-0.13660550384543368,-1.2754346756427581,-2.2903412020680105,2.1330298578335936
-0.008032294829085008,-0.005372517652817017,0.0076266016028231935,-0.0032428517065119992,-0.13455214915406966,-1.3173756883415002,-2.253365969866359,2.172726987120185
-0.008046931414269225,-0.005366507948204472,0.007637149885720589,-0.003219003652969834,-0.13382355174504737,-1.3021100963274457,-2.2608748952683997,2.1552465470066378
-0.008061483671123006,-0.00536052138056415,0.007647478908815001,-0.003195211268062405,-0.13291110011313567,-1.2869054220142913,-2.2681689592577956,2.137823029005256
-0.007744054766749506,-0.005537858013848688,0.007436796360566563,-0.003759802570247928,-0.1397291511389203,-1.6303013321352289,-2.111932623195809,2.555250677662867
-0.007730876373147404,-0.005528854366602783,0.007409289189462909,-0.003760194314798563,-0.13972402704035689,-1.6348336429260113,-2.091992875069965,2.552089395328894
-0.007758084012921949,-0.005530792832404855,0.007448566864636195,-0.0037364297755328167,-0.13991476874208136,-1.6155690948298924,-2.121310079609844,2.538056639406644
-0.007744947714299938,-0.005521792976169914,0.007421185896013641,-0.0037369739588774373,-0.14036901697448181,-1.6203402026695473,-2.1015440942446717,2.534980929619269
-0.0077862088325336065,-0.0055167948221336366,0.007471871356919439,-0.0036896063870639506,-0.13830241567888857,-1.5860956729790399,-2.1396197128948433,2.5035661496224804
-0.0077871183578973975,-0.005500830057228266,0.0074561735876160625,-0.0036671936404704376,-0.14260186756936324,-1.576604458325139,-2.1294551383041056,2.4833745606335706
-0.007772135412910414,-0.00552377174603527,0.007460258202210485,-0.0037130316936349974,-0.13940283649673113,-1.6008280395302614,-2.1305314611398654,2.52084280068326
-0.00777306033336101,-0.005507804556531104,0.0074446394521793515,-0.0036905112343320686,-0.14184318467586463,-1.591248280902393,-2.1202833556274796,2.5006536918510043
-0.007759008679885663,-0.0055147831789075395,0.007432974978323092,-0.003713755470740395,-0.14103850357351388,-1.6058183402541133,-2.1109774819228733,2.5178459667930007
-0.007859008846527326,-0.005450373993144797,0.007497503393346734,-0.003528076973223163,-0.13903478751286583,-1.497658829851973,-2.158177920282785,2.381952084207651
-0.007844695765990542,-0.005457016144560497,0.007486107094064547,-0.0035514498689648137,-0.1390679033635249,-1.5124243710324403,-2.149412660054384,2.3991271479199097
-0.00783037200962296,-0.0054636899465234584,0.007474583614683272,-0.0035747993769490835,-0.13893323174108338,-1.5271678378179905,-2.1404968381842004,2.41627985960044
-0.007816089009697543,-0.005470496318931316,0.0074631037715227055,-0.0035982043107838564,-0.13868741264661713,-1.5418732310659247,-2.131583115513934,2.4334600633487558
-0.007801898895558015,-0.005477454351785938,0.007451754264475591,-0.0036216412784491722,-0.13840194814447562,-1.5565061170194963,-2.1227443477521324,2.4506498524181843
-0.0077878360329872885,-0.005484511428105628,0.007440526024052824,-0.00364501197199307,-0.13814693325829966,-1.5710276381412542,-2.1139651590793433,2.467780994269326
-0.008017608714633168,-0.005378678551659216,0.007616012107671541,-0.0032668648968705726,-0.1351326609126315,-1.3326885002453697,-2.2457987594178745,2.190323547116579
-0.008002977063874263,-0.005385056679632398,0.007605573050408854,-0.003291007761977053,-0.1356799836233268,-1.3479646881527463,-2.238332998037881,2.207997650499315
-0.00798846643602671,-0.005391553949170329,0.007595256513715229,-0.00331509391849591,-0.1362887611368517,-1.3631329873535594,-2.230931509935836,2.225628360282244
-0.007873293621520666,-0.005443644111821858,0.0075086246606531895,-0.003504549280164693,-0.13889028074180157,-1.4828613702404878,-2.1666547653160007,2.3646721201184966
-0.007974031698344396,-0.005398011999324989,0.00758483963082996,-0.003338985914571276,-0.13690835246981337,-1.3782067502070756,-2.2233952723866004,2.24313424435362
-0.007959615333475651,-0.005404419926496835,0.007574243655938608,-0.0033627324612819994,-0.13743860131132582,-1.3932326397952677,-2.215659696524025,2.2605493804398544
-0.007945229502753406,-0.005410853861922101,0.007563565911854129,-0.003386411091228726,-0.13788033145214498,-1.408212601293604,-2.207812227396247,2.2779216824371638
-0.007930870715853319,-0.0054172852910114285,0.007552772174064626,-0.003409989686862258,-0.13828082983382853,-1.4231443378716546,-2.1998214500474678,2.2952336173865775
-0.00791646920935025,-0.005423671488542081,0.007541731693479047,-0.0034334884200111146,-0.13857956212135744,-1.438077053376669,-2.191577619421968,2.3125015203767028
-0.007902015872688932,-0.005430149669907951,0.007530577863881268,-0.003457084848306398,-0.1387130893651423,-1.4530453815787354,-2.183203693168,2.3298369513099626
-0.007887608021267848,-0.005436843688629296,0.007519560952234099,-0.003480832972099991,-0.13877170581488316,-1.4679940924402592,-2.1749167896085413,2.3472672133390815
-0.007717562973609953,-0.00551938296829665,0.007381835276014491,-0.003760186792223723,-0.13619049779325473,-1.6429243624020309,-2.06706150246915,2.552142444046805
-0.007703332642511794,-0.00552646531068324,0.007369531345387248,-0.0037833015934174955,-0.13551468806664746,-1.6573537465615986,-2.0570430294202926,2.5690469752987943
-0.008410168207199323,-0.005259490019987282,0.007900705110764726,-0.002649701355236117,-0.09603673062651519,-0.9238549966382323,-2.436556810169506,1.7417486138088976
-0.008413193902745643,-0.005243776412288748,0.007884925619251732,-0.0026305625451002947,-0.0999404359723093,-0.9168167402264844,-2.426273810168304,1.7260751306035205
-0.00842506850832781,-0.005254518907788254,0.007908984341327039,-0.0026248852482870498,-0.09308517347992884,-0.9081056606272973,-2.441326170230243,1.7240257220921364
-0.008395283607075693,-0.005264507913819306,0.007892354557366246,-0.0026744716259291756,-0.09995795006938978,-0.9396198655997653,-2.43173184938071,1.7593567078213488
-0.008398307902645024,-0.005248811532431268,0.007876630732720566,-0.0026552644408322653,-0.10185523027336009,-0.9325843458848785,-2.421366017336622,1.743763102592105
-0.008380414850021053,-0.005269572541305844,0.007883924115771141,-0.0026992216042470833,-0.10367939797179086,-0.9554299107671739,-2.426793838819442,1.7769304324228097
-0.008383426889022445,-0.005253844085156635,0.00786819562593537,-0.002679908884139585,-0.10360700772108707,-0.948310266165576,-2.4163500144336454,1.7614084529696366
-0.005539258633402328,0.007167891977539806,0.00419435090173845,0.0066221143694476375,0.36482609451361464,-2.3424906661794993,-0.7367433405060044,3.2570924680698927
-0.005512787714218215,0.007198855618670001,0.0041394220318359464,0.006648033480953489,0.3690887164861676,-2.3239537351936117,-0.7730845525218631,3.2321065193932665
-0.005485807851128588,0.0072362156305184515,0.0040798100946105665,0.006681807968804463,0.3747709697379695,-2.3047986550614605,-0.8151633104993439,3.208013459853724
-0.005446870124281958,0.007306506894347598,0.003982656175466317,0.006751428557538088,0.38683328319126625,-2.275657813525838,-0.8913802974547858,3.1761137591406903
-0.005445220729987088,0.007257807196897345,0.004010375261752058,0.006682882489600867,0.37354923070491,-2.272538607368302,-0.8421533740198986,3.156630740830442
-0.005362682058259614,0.007384375007650632,0.003817422505296621,0.0067935090583079215,0.3901767995045449,-2.205442069200243,-0.9743886890419805,3.074781849355023
-0.005339759002711102,0.007461936499283098,0.0037326653663080564,0.006878087691646668,0.4039967878032056,-2.1815250138207714,-1.0527956861003391,3.0573311775649867
-0.005348681846668066,0.007421033079140208,0.0037736103133128693,0.006831302804884276,0.39607702832908437,-2.1921031159156192,-1.0113424544013538,3.062637904300517
-0.00539402031777899,0.0073132389364445995,0.0039061433218844214,0.006721542473443229,0.37844896355275054,-2.2322401544369304,-0.9019759231956367,3.10092296597491
-0.005377752021163954,0.007348814612086814,0.0038612715836402784,0.006757399016648769,0.38441735758301326,-2.2187778285103636,-0.9382847573109686,3.0875643746232817
-0.005341440909237789,0.007356071566098326,0.0038081256678092383,0.0067399377961633086,0.3789338895453394,-2.189627612975551,-0.9462634755509749,3.037958793051723
-0.005300654916219703,0.007470864862805366,0.0036753250242856817,0.006858606817060883,0.39735088594317497,-2.1493908386671117,-1.0592744216920025,3.0025747496342308
-0.004944975066571553,0.00786986547460306,0.0029308867660242763,0.007032429745699843,0.37927429276842706,-1.8020992714530664,-1.3568675376874066,2.5260358550946225
-0.005262761494357008,0.0074916136217265655,0.0036116711915141985,0.0068551694720731535,0.3934444376657838,-2.117500427759119,-1.0766602942942944,2.952455594054252
-0.005229022301460171,0.007514537174984803,0.0035522223711474074,0.006857326964966823,0.39060530773718366,-2.088619696969919,-1.0954574048567867,2.9085039551371206
-0.005195212330125265,0.00754927562686988,0.0034841748125844893,0.006873465492860982,0.38972538316603167,-2.057915958126513,-1.1246290820087692,2.8654560671059883
-0.0051491359692603525,0.007574790132835305,0.0034086478899771617,0.006867756176607183,0.38414281343999185,-2.01995247608,-1.1416695364980105,2.8065076129573807
-0.0049630351048978,0.007793261167920243,0.0030176227263910885,0.0069658138845864635,0.373841512680084,-1.8387762495596476,-1.2958621064168332,2.561808006317868
-0.004998844790816178,0.007739868524312672,0.003102145477480054,0.0069368935754877325,0.3752291105817111,-1.8776123647767002,-1.259194345097945,2.61133748030447
-0.0051110488523384194,0.007608737057103639,0.0033369019097981185,0.006877814942456877,0.3813961368285402,-1.9862265547542475,-1.1664579093482785,2.7581483859388816
-0.005029198614273787,0.007694270547060407,0.0031738813360196656,0.006910647684352817,0.3758827696677045,-1.9100948743364092,-1.2263758399785798,2.652676014662195
-0.005070446056492743,0.007650023118715403,0.0032567958438180695,0.006893442555706667,0.37852343585066905,-1.9488812340827943,-1.1960132424244676,2.7060979191417545
-0.007437296241496714,0.005638466862010181,0.007094443948569948,0.00416795366565149,-0.1108554394330128,-1.9018569419357814,1.822955807823884,2.8391581231546748
-0.007450847788905899,0.005629168987599849,0.007106344278418949,0.004144005992982067,-0.1124647886525989,-1.8882681202039888,1.8335700980260154,2.822150747329627
-0.007450174001243994,0.005610846621291728,0.007089134261028424,0.004117469921624415,-0.11159751670080466,-1.8782656166320864,1.8195563386780174,2.79952728128364
-0.00806120287060018,0.005360549646409152,0.00764718701583126,0.0031955662426735297,-0.1327995611548525,-1.2871771414456117,2.2679176559902277,2.1381530251419867
-0.008046632114249812,0.0053667278718561124,0.007637044583056017,0.003219600474180724,-0.13362679799863544,-1.302421437510261,2.2608037029067583,2.1557206418396984
-0.007973979143159119,0.005397985272897189,0.007584747781479301,0.003339011691495562,-0.13697427813460236,-1.3782457535420007,2.223298307141263,2.2431992770478257
-0.007959475814634572,0.0054043498592018435,0.007574000308435319,0.00336279962063905,-0.13736464441056406,-1.3933373846185597,2.215439492038304,2.2606483803559994
-0.007930726439444662,0.005417345142319636,0.007552659890794149,0.0034102181081473695,-0.138189340910592,-1.4232760036688894,2.1997257191862576,2.2954393029260385
-0.007945080549427486,0.005410853513922266,0.007563384990414322,0.003386571782703854,-0.1377783695064367,-1.4083372636653684,2.2076529017636166,2.278082708933507
-0.007988535110984239,0.005391766952133923,0.0075955684057101005,0.0033152736062404173,-0.13649866731945123,-1.3631079947403537,2.2311849754159847,2.225778642695539
-0.008003055490655582,0.005385534565826563,0.007606184212410049,0.0032914898165199713,-0.1358849029510382,-1.3479740726556175,2.2388611125719566,2.2083362922861913
-0.008017551649793073,0.005379243772182337,0.007616560693224348,0.003267597818834659,-0.13518334324520917,-1.3328311953946734,2.246293091754826,2.1908363324037197
-0.008032080624356576,0.005372970754034649,0.007626847044666963,0.0032436257342986284,-0.13442942670696845,-1.3176429283002247,2.2536065039077378,2.173291782042497
-0.007917388699104393,0.0054072583806391685,0.007525425123357286,0.003412140534543914,-0.13688158895025634,-1.4324371540148795,2.1776095895834087,2.2966880409248733
-0.00787432982614048,0.00542729950380903,0.007492750084072707,0.003482775705680908,-0.13750412283900193,-1.4767277372042111,2.1530276544313014,2.3482903828134227
-0.00788844716008395,0.005420373185314335,0.007503234113774193,0.0034592385136545723,-0.1373325559234159,-1.4621290256924058,2.160927158551031,2.3310898900631467
-0.00790284058645026,0.005413586055023373,0.007514064304258605,0.0034355206324365958,-0.13711019756314427,-1.4473040480001502,2.169064814330891,2.313767988470176
-0.007861052598601119,0.005417564826873957,0.0074658201746478645,0.003484275312048066,-0.1354215035812769,-1.4854285952232855,2.130626739820444,2.349423160164069
-0.007846848361205134,0.005423296444618113,0.007453772463603369,0.0035061272269235407,-0.13534270965908002,-1.4995252828075183,2.1213009026349474,2.3652938870708407
-0.007832278647855613,0.005429389805726319,0.007441496146959033,0.0035287275577095367,-0.1352226628746258,-1.5139945149191751,2.1117679083727103,2.381688893597912
-0.00781768312699474,0.005436126431380781,0.007429703453303231,0.003552093846759715,-0.13511854057500342,-1.528647042962729,2.1026157514888655,2.398636474064211
-0.007803221617929437,0.005443459422516989,0.007418544462075919,0.0035760194867435987,-0.13503430606650457,-1.543347220764874,2.093960228184549,2.41599679557956
-0.00778946909892012,0.005451105071738422,0.007408474130981456,0.003599584359842221,-0.13496091927237128,-1.5575356874566528,2.086152630118438,2.4331163993331697
-0.0077757304523414054,0.005457743431289945,0.007397259065873712,0.003621761063851582,-0.13473538046703493,-1.5713377771531751,2.0773132218944608,2.449208749517656
-0.0077611807358574925,0.005463709478192573,0.007384163527317367,0.003643768424836421,-0.1342679561870653,-1.5854990083767329,2.0668608807769684,2.465098757675284
-0.007704517586380626,0.005493478374966218,0.007338295374491034,0.003737352569254259,-0.13258609034691718,-1.6426327127541518,2.030155189139771,2.5328514294195337
-0.0077183865836682386,0.005486497353472594,0.007350044663851138,0.003714961554948793,-0.13311461175997472,-1.6288189885040218,2.039660811860381,2.516662637110718
-0.00773205300699309,0.005478369275391003,0.007360239349775051,0.003691157348518581,-0.13345764389070133,-1.614687472067647,2.0477900148989643,2.4993783255483764
-0.007746435975131767,0.005470573204910879,0.00737157055899105,0.0036670568006434497,-0.13383085411736537,-1.6000851222422916,2.0568143206333467,2.481922173366532
-0.007689724197520825,0.005499752205196359,0.007324456728114998,0.0037595620145859875,-0.1318099617230397,-1.6568122960808729,2.018851454074632,2.548780124485981
-0.007451156822092872,0.00559376478974678,0.007075566129459593,0.004091719553618227,-0.11095187398776211,-1.8680777687017687,1.8087297824499229,2.778148166330947
-0.007661299608073385,0.005516075031932422,0.007301618131363975,0.003807801433455889,-0.1305397219404916,-1.6856646760548883,2.0002108113612365,2.583654738359306
-0.007674637395859816,0.005507077140225515,0.007311102600477916,0.0037833697755269417,-0.131066902319146,-1.6715756313162256,2.0079319240720825,2.5658880568255387
-0.007647430888320331,0.005509084543157386,0.0072757912364577685,0.0038106350485185916,-0.12861206748182036,-1.6929873409127378,1.978606752367663,2.584197151171033
-0.007634151909818695,0.005513380356429447,0.007261645115706744,0.0038283079046630823,-0.12762800265347807,-1.704738813412548,1.9668635231898186,2.5965165112209987
-0.007619159352857632,0.00551911641893453,0.007246397975464448,0.003849363971825707,-0.12656165413198825,-1.7182940010736025,1.9541752676527147,2.6112461809159146
-0.0074801343558601905,0.005595463844942475,0.0071193098142881,0.004072160756985919,-0.11492456051945023,-1.851167829951727,1.845883916159606,2.7683575014867006
-0.007464919517966458,0.00558914948933998,0.007091552979554107,0.0040746176775941605,-0.11262137854511971,-1.8571828627793632,1.8224785204118406,2.7670589290846106
-0.00752807748243614,0.005572778437573651,0.007168071434962459,0.0040014857165603865,-0.1198696459178807,-1.808025584111517,1.887907855191773,2.71963908329104
-0.00749884229715542,0.005586252865254152,0.007138194060365532,0.004044205142233908,-0.11696366590340167,-1.8343042284485767,1.8622330368372617,2.749138422272314
-0.007512709072739535,0.00557305908502596,0.007146253460696045,0.004014204651200502,-0.1179619437475667,-1.8182975890559532,1.8693958838435123,2.7271193838345518
-0.007553741042249895,0.005557850779900436,0.007190963222979474,0.00395920636442438,-0.12204647642653042,-1.7830582738506677,1.9074841115599803,2.6896458130851157
-0.007535402464051648,0.0055578489801061965,0.007164863191662604,0.003974210129809635,-0.1198498505761623,-1.7954245267883173,1.8854353241899642,2.698568666018254
-0.007604623297399225,0.005526037123187513,0.0072327706310666715,0.003871553358274002,-0.1255399658074363,-1.7319697587691423,1.9427995428401659,2.6269020713702105
-0.007590592507181076,0.005533165762543774,0.007219902132822523,0.0038935038652639594,-0.12455600485560168,-1.7453101001837903,1.9320081042023245,2.6424111000217034
-0.007575851600262278,0.0055387528930382806,0.007204456491383943,0.003913796149406589,-0.12333174946971588,-1.758327788665335,1.9190083407018246,2.656433768153184
-0.007559368589933282,0.005541700599634374,0.007183980832642898,0.003931685140271508,-0.12165129361467619,-1.7711295524457924,1.9017630620975758,2.668174600875792
-0.007330792812564483,0.005704250224976754,0.006989398963489599,0.0043424591725369594,-0.09628894643324677,-2.0020118938305806,1.728119659216038,2.960015550912693
-0.00731748410101114,0.005713149040736834,0.006976208700299851,0.004364932483311019,-0.09421795323165132,-2.014586396605411,1.7159516442450233,2.975489800368471
-0.007290026158442042,0.005729126674876145,0.006946601871704215,0.004407317660098162,-0.08976267915421265,-2.038708912327501,1.6888020929108019,3.00377915653543
-0.007304071705360911,0.005721581202497588,0.006962328907176039,0.004386663148099175,-0.09208086191846664,-2.0268409360995467,1.7031600087843561,2.9902512034634334
-0.007411340683997506,0.005656029266608946,0.00707099945085628,0.004213265200504351,-0.10769173098142369,-1.9276188036306012,1.8019148743622335,2.871231732849274
-0.007423730099885916,0.005647141051321085,0.007081819025523422,0.0041909105410256045,-0.10927417741982605,-1.9150644890439141,1.8116833685102864,2.8553324889104363
-0.007397335283271012,0.0056498029125769764,0.0070445674796193875,0.0042139551269267566,-0.10544245729179338,-1.9320229742330697,1.7794652343069655,2.8681230625081557
-0.007384089325005311,0.005654578491143009,0.007028749113090067,0.004230487056786517,-0.10361236782358696,-1.9423607288850115,1.7655863910897744,2.878676099455014
-0.007330003032932697,0.005686046782218925,0.006973100152357825,0.0043150280474478645,-0.09601710283952926,-1.990810040533491,1.7154748884967692,2.93585246945797
-0.007344588456966403,0.005681493495827746,0.006991594722541084,0.004298374587138909,-0.09814018959319476,-1.980355100150616,1.7317673398624365,2.925835859319664
-0.007356141718306815,0.005670290981115891,0.006999802265380206,0.004273528649404396,-0.09979013846078634,-1.9672411909295844,1.7396632755024106,2.907764159435257
-0.007369473718927323,0.005661721059709439,0.007012772837666018,0.004251423162270062,-0.10160093941244515,-1.9547652258661625,1.7513981876724378,2.892560982096111
-0.007276082688702589,0.00573761322918066,0.006931656117471951,0.004429265399927315,-0.08741710129314102,-2.051028732945987,1.6749992007531045,3.0184086269454657
-0.007262675207357628,0.005746580422426082,0.0069177868093379434,0.00445153758888946,-0.08509164616611421,-2.063317524960672,1.6620318710125301,3.0334500720877604
-0.007235335412131781,0.005763570415848497,0.006888039119983151,0.004494620140525475,-0.08021988349183003,-2.0871821618076694,1.6342929153639398,3.0618553475059014
-0.007248940562369591,0.005754810740958562,0.0069026738931341316,0.0044727502337918315,-0.08271717836889601,-2.0751633960095224,1.6479950859876709,3.04738438757866
-0.007126061525726275,0.0057962860712944325,0.006738419060667536,0.004605787369652412,-0.06060754907952159,-2.151878010423907,1.500590327441252,3.117428256450619
-0.007141008266905307,0.005788627090274054,0.00675682991571483,0.004586023133948513,-0.06351638178216346,-2.1413727888431278,1.5175359185195383,3.1060987450141337
-0.0071944202664293525,0.005775605614445773,0.006832336300725166,0.004536951691775279,-0.07293254614597741,-2.1125406028278184,1.5844384282157087,3.083998461519292
-0.0071778755499006955,0.005781479101509418,0.006810395595809143,0.0045553129272373144,-0.06999773478181393,-2.1230873145779516,1.564676324420551,3.0938382597245213
-0.007157340020634677,0.005782263775213135,0.006778258277494815,0.004567452818618139,-0.06652614849571205,-2.131127207576067,1.5368774878966025,3.0962959515971042
-0.007220737264151381,0.005757071385434536,0.006859921763042497,0.0044927906012642155,-0.07785037160333051,-2.0888861811061274,1.610610972155652,3.0547336942658547
-0.00720462513401463,0.0057623976568944545,0.006838531189440854,0.004510331148022223,-0.07508758192699401,-2.0991941809223102,1.5914575022252522,3.064199306405951
-0.007073234823140684,0.005816817953117256,0.006667898370148905,0.004663901076823143,-0.05046144557218925,-2.182730093383491,1.4369247173797233,3.1460821392697302
-0.007082502168813928,0.005805800528153725,0.006675300868086167,0.0046419559848860795,-0.05264239173935601,-2.172029296676041,1.445036287835812,3.1306418061217793
-0.0070947346203247014,0.005794355656265629,0.00668702704398286,0.0046179204669242946,-0.05530893443918349,-2.16014036370831,1.4568472525087992,3.114645704972061
-0.007109205899312253,0.005785474811199947,0.00670393369727961,0.004596827244838418,-0.05817648907174349,-2.1493505830071093,1.472629577222186,3.1021685451872263
-0.0070587516127517975,0.005820461409949441,0.00664704386163488,0.004676282443794886,-0.047790238578657614,-2.1892993191226378,1.4184964529262885,3.1505301600315083
-0.007041307755973503,0.005856746787840532,0.006642817947234105,0.0047426858050677355,-0.042388125817359214,-2.221046360688582,1.408533067776695,3.2021098936299808
-0.007040803188506389,0.005829321531224379,0.006623987069242461,0.004698410280044283,-0.044169695131094984,-2.200407352995505,1.3973483638047302,3.1619594927221293
-0.007018288819876892,0.0058627891673924725,0.006609174782319213,0.0047621710477296275,-0.03797966732786681,-2.2309471646800656,1.3786809301405987,3.208460629374777
-0.006999326776422809,0.005870142745006111,0.0065828809153577915,0.0047818030602735035,-0.034099938362193515,-2.240552213379796,1.3549159779731197,3.2167247936008168
-0.006981940296136538,0.005878417977010524,0.006559604386507518,0.004802076339904558,-0.030392543990484456,-2.2502584512942243,1.3335095031169695,3.2261802819358825
-0.0069635877820709655,0.005887294845430951,0.0065349715463424015,0.00482346809891067,-0.02647015572966611,-2.260337820737936,1.3108609322289926,3.2360102079053576
-0.005815031268360337,0.0069193410141246275,0.004722910552895722,0.006421148455035134,0.32198750878322574,-2.513543211387471,-0.38768352346983753,3.510793369942424
-0.005817093137326227,0.00688673719446192,0.004737259375866026,0.006370791908235853,0.3119922915415385,-2.502658547355238,-0.35667542926786977,3.4857050221411603
-0.005838697394388865,0.006863042648366457,0.0047790126349806636,0.006345058498592958,0.3061476018234895,-2.510808710266101,-0.32270996321547857,3.4969013861422544
-0.005878652591197684,0.006808674729186667,0.004858373507493242,0.00627919283299768,0.29130669218688304,-2.519365683882628,-0.2502745296991065,3.5052222990267192
-0.00585461228583265,0.006830087724469637,0.004814116848052445,0.0063010962574231435,0.2967822760631597,-2.5097101385129252,-0.2841513811101684,3.490348505112641
-0.0058992497752573606,0.006758364992240879,0.004903898341120607,0.006208758384962654,0.2768641546995277,-2.512051126963335,-0.1946767502083383,3.4861160637320174
-0.005871090767493544,0.006776064923530307,0.004854772153158563,0.006223532471487394,0.28122688012124586,-2.4986742686740997,-0.22810544580862266,3.463596574093105
-0.005776959194424072,0.006926002224676065,0.004660742549195406,0.00640983297302342,0.3211688758100792,-2.4840602079725964,-0.41460277967662096,3.4584126316815547
-0.0057415143287352114,0.006934090510915665,0.004602872948364274,0.006402000568307357,0.32072708721475424,-2.4575507987167335,-0.4400404782452986,3.4120768242039206
-0.00570917934892753,0.006947980354493347,0.004548145559181712,0.006404551244901931,0.32190567808219456,-2.435573588703378,-0.46795843649224295,3.375187646651096
-0.0056410371105831475,0.007004564595287086,0.0044225859160355145,0.006449130542223679,0.3316348111975183,-2.3955931390265817,-0.5485118393818277,3.3146229478281275
-0.00567311260204597,0.006965309390888447,0.00448682932659735,0.006409664050465535,0.3236641545762318,-2.4112325131683257,-0.49950676141163614,3.3349233355993846
-0.005558271303701064,0.007106649959888144,0.0042536518553144284,0.006546614889755084,0.3503015633274817,-2.349107988020128,-0.6719552924071116,3.2540079967702518
-0.0055261691302659205,0.007128748944509929,0.004196279254154841,0.0065572161356429294,0.35181331137199057,-2.3262692347186036,-0.7012914839747446,3.2188041060487875
-0.0055997242430209865,0.00702974753485486,0.004350527083452121,0.00646100881763894,0.33399808630992095,-2.367995805726015,-0.5865111661614789,3.2707446178853736
-0.005563277039313556,0.007060933098790971,0.004283123541839794,0.006483694721041086,0.33811223577243826,-2.344930859954527,-0.6270004207735401,3.2365198211939665
-0.006942592674472515,0.005896495981655002,0.006506035510634181,0.004846077314110793,-0.021952015730961116,-2.270755176546706,1.2845184507103964,3.24535884180043
-0.006123363891220203,0.006555309485043322,0.005299624200941467,0.005965883905015624,0.21616438969176058,-2.557295052066347,0.13687187647160445,3.5618313244610476
-0.006100563628311668,0.0065564367752228726,0.005261662959256407,0.0059603560308385435,0.2172130419153014,-2.54327960526004,0.11480956168195137,3.5345997882399294
-0.00615457543612665,0.006526431195662521,0.005352839419690386,0.0059272886540207076,0.20645562040107798,-2.558277444824109,0.1847383701991151,3.5648519419879428
-0.006133669434049785,0.006534343122042416,0.005317689791169586,0.005934164144186949,0.20944404680418877,-2.5503494812051515,0.15964183622658154,3.548943692685122
-0.006183298606638731,0.00651437925097658,0.005401304833474118,0.005915428323914471,0.20166387281145776,-2.5678765809714057,0.22048040837072125,3.5846144485128026
-0.006393094794798878,0.0063517796669039246,0.0057466758541767134,0.00568150862582307,0.1413737755286425,-2.5591538581188735,0.532118462156154,3.5953771437609983
-0.00637417412874039,0.006364362373690765,0.005716068015193708,0.005700617293866092,0.1464601298474986,-2.56048613959708,0.5046986714568571,3.594359373538634
-0.006237743028720814,0.006471688128239431,0.005492760746431188,0.00585762438020898,0.18651013352796214,-2.5703362397097265,0.3008740291840946,3.593659253682411
-0.006206718810036013,0.006485237246452055,0.005440607798541087,0.005872668643867421,0.19204993519728306,-2.5619015827954663,0.26096206911315845,3.5750456800377886
-0.006281648895960889,0.006432243144004454,0.005565216785442619,0.005800521091399602,0.1724974755052797,-2.566047106817328,0.3686304631299502,3.590547556785865
-0.006254163750263875,0.00644639157016123,0.005519413299647286,0.005818553479096363,0.17829220165962087,-2.5614347897970364,0.3315628978716623,3.578714412290928
-0.006354991943614037,0.006359356660746281,0.005682408931907255,0.0056892340204392705,0.14727167316067796,-2.547859714948783,0.4838441649650834,3.567613127648392
-0.006281521764774361,0.006404659679674233,0.0055626980534606235,0.005753623317434068,0.1652304981039655,-2.5458249141950593,0.3813494600161274,3.5529480800666717
-0.006336826413344367,0.006373599565211532,0.005653323111553103,0.005710741304432387,0.15247842084325694,-2.550196014506644,0.4571139753838232,3.5689292909973998
-0.006305946708683238,0.0063848162784319795,0.005602117291156552,0.005724579739006695,0.15804089347351122,-2.5436257366214186,0.41733975930611455,3.5521425449266633
-0.006426886467147626,0.006319658241153907,0.0057991196426004305,0.005629958015444932,0.1297118125596067,-2.548053584072783,0.5844358171634879,3.5815817406525032
-0.00640981115079132,0.0063331148031862934,0.005772236278597559,0.00565134760061406,0.13488905932669337,-2.551657803592254,0.559051671591443,3.5847591376210306
-0.006388863397216574,0.006325613937652795,0.005734934094446398,0.005636062076817467,0.13543759356493423,-2.536940814169912,0.5363528114219073,3.553509299100619
-0.005895667640419725,0.006726863498934066,0.004905268701367185,0.006156908670049174,0.2675991049046135,-2.494397456898341,-0.1720680537404782,3.450689994608599
-0.005904304278098302,0.006699891359502751,0.004924605306529065,0.0061179100981445566,0.2595452049374912,-2.4877910982342826,-0.14524313438292363,3.4362543347601866
-0.006069890915210231,0.00661057372454285,0.005206597845271063,0.006039431012403198,0.23371473080887015,-2.556194432659678,0.05129670232169815,3.5593908101617484
-0.0060799315333098505,0.006577301893727231,0.005226131255446074,0.005987927721902429,0.22372895205682758,-2.542714106749371,0.0825543181433014,3.5333097407619363
-0.006041130458617097,0.006624274650297161,0.005157646825172478,0.006051388078004107,0.2381344482599091,-2.5445179516606466,0.016656067462084558,3.5374281615862024
-0.005934710979289486,0.006688967699733568,0.004975156002298147,0.006113591137651821,0.25699924170140637,-2.504345572170957,-0.11513077923500045,3.4657535270957895
-0.005962667718857244,0.006664557617367982,0.005024290516944488,0.0060860700365571304,0.25027921350870214,-2.5117767141275524,-0.07599225632626755,3.4778410533334623
-0.005989603649595204,0.006644195189572737,0.005070931453453217,0.006064005247864664,0.24447825323631647,-2.5198502511525582,-0.0401531372926649,3.4917649646171642
-0.006011293333398534,0.006626452013297275,0.005108561094264166,0.006043624697743753,0.2391655671987348,-2.525135133342591,-0.00991716740482128,3.5009110163429455
-0.006733593765710514,0.006030645343662988,0.0062286624919253705,0.005124198114250993,0.029440852781327357,-2.3857872113163157,1.0219200934982855,3.371452336554
-0.0067095843969587265,0.0060674673349451255,0.006204355935089549,0.005190215870959704,0.03894648401354465,-2.4137705411077364,0.9911154884341505,3.4144422741403386
-0.0067150554042010886,0.006042739979377389,0.006202905161018049,0.0051476701256945355,0.034159808854160874,-2.3941501352957335,0.9976995508842148,3.3802187021472223
-0.006696677900852419,0.006093197080269285,0.006193317340236814,0.005235790465902538,0.04510846091712073,-2.4335547093116525,0.974017980461925,3.446426499689543
-0.006664477890172386,0.0061299970269099785,0.0061530820425889175,0.0053026123881204906,0.05676979346900497,-2.459743395278352,0.9294766233206072,3.4837515727501347
-0.00667381850798242,0.0061124174451312645,0.006162138977594669,0.005271470738602539,0.0521254358897545,-2.446507000607656,0.9427081743823101,3.4624250397832195
-0.006650519150695334,0.006137717617128159,0.006132090898563856,0.005317232438585757,0.06038345716622604,-2.4638819091839,0.9100932210243481,3.486714190962996
-0.006686893876997201,0.0060685104418157915,0.006166477267432057,0.005195286872250234,0.042619162139832446,-2.412179590187633,0.9606455761716177,3.403615432949632
-0.0069212000522714924,0.0059042587986381165,0.006475447746715059,0.00486613095217722,-0.017534318445128996,-2.2796607724704465,1.2571872539127733,3.2519155065525083
-0.006901332295298249,0.005913622097086514,0.006448139777243581,0.004887991992001718,-0.013212582487524776,-2.2892413134671545,1.2323244637825168,3.260706386973102
-0.006883360419590093,0.005922503771504394,0.006423524805209554,0.004908196634765668,-0.009228135860555133,-2.297910994761948,1.2098120318013523,3.26883548339442
-0.006847314166566237,0.005946267078183687,0.0063768838372448835,0.004957838039769489,-4.131605845281631E-4,-2.3190993815993894,1.165521920397567,3.2927073381278755
-0.006865153451187098,0.005932091821077125,0.0063987694243431625,0.004929391879649236,-0.0051960799374920685,-2.3068666923202668,1.1870247333934782,3.277546243272155
-0.00680996285329126,0.005948249519937958,0.006316302313170908,0.0049709058115467745,0.006012857724362425,-2.321937230670549,1.1155535299280048,3.282632734250486
-0.0068267510803536905,0.005938904131769529,0.0063391472922570535,0.004951228671312333,0.0021559332412207192,-2.314175057141625,1.1364935442201072,3.2750070328861534
-0.006795525247202246,0.005962245463786491,0.006299487649754777,0.004997488850845632,0.010078169522812175,-2.333107777795522,1.0982574135611733,3.297603636806133
-0.006780714576437042,0.005980957305206202,0.00628411171810707,0.005031856821180506,0.0149289772251885,-2.347845142823036,1.0807732588259016,3.3190826518082446
-0.006747255825778231,0.006008852959057857,0.0062416193846080645,0.00508522230324729,0.02414139957092701,-2.3690032168000825,1.0387014768264977,3.345523441316908
-0.0067614388077355736,0.005993764425300999,0.006258217155138212,0.0050572638997600445,0.01960433123475179,-2.357556551746321,1.0563337440943912,3.3296879006870097
-0.0067274934698595065,0.0060059602629953645,0.006207458614776166,0.005084147739102919,0.02680113817296841,-2.365575736634956,1.0122318726307098,3.332080546329847
-0.006633975021192104,0.0061521384914286804,0.006109054813524041,0.005343411809450415,0.06559157737691355,-2.4728963147500056,0.8868110389930982,3.497951912530358
-0.006609112941414956,0.00615810753979154,0.006068523385633888,0.005355382495534937,0.07041704233038261,-2.4728733239735416,0.8529978890691626,3.490118651258294
-0.006580987732003281,0.006179066080871173,0.0060274265893559284,0.005392707373411112,0.07870323204260492,-2.483795824588072,0.8134455702682882,3.5018259329739974
-0.006589795782419081,0.006163714279158163,0.0060374056143812855,0.005366047907823271,0.07422367405355194,-2.473259953127009,0.8268693088361714,3.485029804833636
-0.006559429536207271,0.006182189427945604,0.005991554180994295,0.005398734862834064,0.08227067099749286,-2.4810108272669518,0.7847877267304497,3.4905566776765617
-0.006495265820941303,0.006220079077552653,0.005893193398578518,0.005463451365494274,0.09879152332205711,-2.493293877767902,0.6961924532858684,3.496292582170063
-0.006515037103366733,0.00620269157461946,0.005922050361848502,0.0054341353818934445,0.09245939064614284,-2.485397279046087,0.7245202447030294,3.486764399762053
-0.006536362671819275,0.006190098145518381,0.005954664223072597,0.005412640025034346,0.08704091434002774,-2.481313096977196,0.753849011786638,3.4848327887348804
-0.006469817681383686,0.006231757646720108,0.00585297499123433,0.005482523860874646,0.10434646871938268,-2.4943102347554205,0.6620408537434166,3.4921594642431835
-0.006452455879706007,0.00624359825257075,0.005826399531590291,0.005501825933998338,0.1091890596285523,-2.4976862892430316,0.6378594849818359,3.494453721201996
-0.0064650343389097255,0.006205339645130384,0.0058383018341576914,0.005437799526342781,0.09945693555231296,-2.4721158656784916,0.6622948597679491,3.4505849439647123
-0.006437249506918569,0.006293768816285416,0.005811652520007093,0.005586357768607871,0.12242135306157086,-2.5316497131259723,0.6052964357068037,3.553450024533846
-0.006445219185957292,0.006264136744203604,0.0058188282629357884,0.005536293678027112,0.11443117046718528,-2.511309496203769,0.6235977693489209,3.5178071937968967
-0.006432277730798067,0.0062416138583897595,0.005791860604051635,0.005497375228216564,0.11107846335849256,-2.489036562438417,0.6139242037323095,3.4742895362799144
-0.004011938904184154,0.010939394341027274,-0.0010461996424752683,0.007094360660719824,-0.10270904679206674,0.666638037336252,-1.764059323104658,-0.30057963055528264
-0.004011143774533643,0.010845743418844209,-9.474666953101131E-4,0.007130410991528259,-0.09050146171977087,0.5943112581842112,-1.7852789214369762,-0.22642141907612404
-0.0040196552621485455,0.010735163971883765,-8.320192264922927E-4,0.007176485241443888,-0.07456486679722064,0.5096855313705726,-1.8131571208603348,-0.13702723355406946
-0.004117050058891898,0.010155080090396361,-1.8718357997313926E-4,0.007382415854128102,0.022182863706964605,0.047183779312969125,-1.928061025100838,0.3686132547939424
-0.0040697838505820315,0.01025255896801211,-2.978150411268019E-4,0.007329355527448289,0.0022219701031225563,0.12451331652249807,-1.894888207131375,0.2745090001655242
-0.004067361116221778,0.010330758167499518,-3.8852536507987185E-4,0.007316740314773808,-0.010285017753457729,0.18889986965692404,-1.8911037368574697,0.2073294545196532
-0.00401766865470009,0.010392727799842131,-4.513484558643837E-4,0.007261380259235708,-0.023208656368318547,0.23397335216320606,-1.853085707326086,0.14644032856836253
-0.0039991429435924965,0.010470991615196677,-5.356730860615432E-4,0.007229664396905815,-0.03650949247674908,0.2941244905562507,-1.8343069728722263,0.07896796910923139
-0.003921175248572668,0.010651795487361363,-7.127115093376025E-4,0.007116913897285317,-0.06526078838861554,0.4248559560439987,-1.7599412636122496,-0.07662174111952845
-0.003953340886927645,0.010542829433348536,-6.044607702129982E-4,0.007173154327119538,-0.04882561836037517,0.34460457522001736,-1.795828299377377,0.01443204366610727
-0.004392199134370829,0.00923936838011946,9.906961213429699E-4,0.007509715254655608,0.21116839873869367,-0.728154957130184,-1.9373664974546216,1.259530463434375
-0.004347104473284516,0.009649463749764211,4.5601186367526025E-4,0.007580332590754891,0.14071924657040447,-0.3813497906486436,-2.0323919705135114,0.8879962092369257
-0.004314860180061755,0.009708136566272722,3.752581885734981E-4,0.0075577414217783195,0.12490780392331673,-0.3296051400529682,-2.0213788560940036,0.8231384764475048
-0.004361420596182042,0.009310692057086536,8.906120944914385E-4,0.007505456087373669,0.19500431770284418,-0.6662477673049486,-1.9423781706846628,1.1849734802559728
-0.00433131240684005,0.009385324561719128,7.87752311626655E-4,0.007500324582590563,0.17857427445707305,-0.6018048125325873,-1.9468552455023718,1.1082849973870654
-0.004342301346972204,0.00946393434092931,6.922306318050989E-4,0.007533856993837225,0.16936797619688063,-0.538298236653342,-1.9794346750528722,1.0473109507114973
-0.004331407613439971,0.009526858394689818,6.097482062841782E-4,0.007539086391192984,0.1577119805600671,-0.48498326776129447,-1.9896317670917874,0.9886856597955029
-0.0043007447086673145,0.009581370529374857,5.33894196863304E-4,0.007521021551255116,0.14334646420124952,-0.4367129033395654,-1.98192149029316,0.9282175854352938
-0.004278388884601618,0.00976964169027493,2.9199974654204485E-4,0.007529784592568047,0.10853271941186339,-0.27609074189056226,-2.006291095823237,0.7550879290602889
-0.004238179427352118,0.009826132175484888,2.1672755768719512E-4,0.007496104399623518,0.09270906873298869,-0.22735654838470776,-1.986278063310866,0.6910833169945337
-0.004202517114804338,0.009905683440051393,1.1532611848694431E-4,0.00746688742567237,0.07427544753355042,-0.15972297194870702,-1.9713642366630357,0.6095547472792925
-0.004155903904255909,0.009972562611828266,3.184026540988898E-5,0.007424318283531256,0.05694676722170557,-0.10453152686389841,-1.9449677094140168,0.537481097837946
-0.004093805891287274,0.009999291236083863,-8.588593545850638E-7,0.007366005974871604,0.04554921161219527,-0.08455058826305978,-1.9027303672601121,0.4971893574166776
-0.0040563545534717735,0.010076861049294113,-9.162219486695344E-5,0.007330013885887376,0.029198216097413715,-0.02173095038312821,-1.881596681492263,0.4211871626946016
-0.004408304639822744,0.009058539116623483,0.0012195484978669397,0.0074483469355642795,0.23548243890622497,-0.8717868563513304,-1.8720758112812763,1.4107820873750487
-0.004390367867882244,0.009116341733066533,0.0011413905881971693,0.007457304387376891,0.22495150841696782,-0.8243141141520562,-1.8854848946872433,1.3561327156603933
-0.004361824436714545,0.00901189859212603,0.0012530054846906162,0.007381748900802404,0.22911527892557165,-0.8963159463030195,-1.8198553395999166,1.4178179816303904
-0.004335283723487778,0.009164695361417492,0.0010594660313818186,0.007424863715453222,0.20745692808177307,-0.7767527513054783,-1.8683550361017143,1.287587036249789
-0.004428599645705001,0.008926723059752393,0.001387181373256595,0.007401925381127294,0.25249816332196545,-0.9742309281117105,-1.8226120617886734,1.5210977988818772
-0.004355977726534054,0.008950756700008486,0.0013213442886695589,0.00734593531300881,0.2328550234689857,-0.9389110753536213,-1.7874013667681374,1.4582666948634968
-0.004426228899959078,0.008852283488218026,0.0014728130778922288,0.00735896374838861,0.25766575584073537,-1.0263763750952508,-1.7830613379768874,1.5719428483258195
-0.004422670798645527,0.008778635317770931,0.0015548884937374356,0.007313078840801082,0.2612192515093366,-1.0758468779061239,-1.7416540304253763,1.6193276101416527
-0.004479102198242726,0.00873101018765555,0.001643179003850423,0.007336570354200856,0.2785035207092003,-1.1247071589491053,-1.750222834725702,1.6899538039250614
-0.004525028634133811,0.008675374129639778,0.0017357976165707602,0.007343966256911736,0.2933164601690295,-1.1765577537025524,-1.7459351568418455,1.7593582200423212
-0.0045726346167914355,0.008618985201138485,0.0018317655129367267,0.007350861660582333,0.308227840563102,-1.2300832853329873,-1.740494236826527,1.8314276563572698
-0.004588524103727106,0.008322602278583304,0.0021626578740568635,0.007143651282617011,0.31437171027488603,-1.4119309552256387,-1.5543118306474029,2.008458403242603
-0.004545131333154573,0.00854276031922987,0.00189733926455902,0.007271899800496113,0.30270938965131733,-1.2685094098921927,-1.6762907973747654,1.85601391685946
-0.004531732182082244,0.008464441568776323,0.0019717571906125654,0.007202857397926732,0.30013563479518224,-1.3097607797492647,-1.6190118513198872,1.8892805272744109
-0.0045364991941761745,0.008379882105224126,0.0020632587285799964,0.007143165049677261,0.30135476627391217,-1.3590538479173007,-1.5665356196360547,1.9372771834601072
-0.004477021437588543,0.008427964470326529,0.001969175052402255,0.007127604039426606,0.28626574849699177,-1.30938503617913,-1.5668146895044135,1.8660934393657373
-0.0046061248783350545,0.008254664938728206,0.002245381587054534,0.0071033728621484465,0.3168183368269824,-1.4545893249844875,-1.5160307714957932,2.054981450817563
-0.0046462332255258615,0.008193116680267898,0.002339953860245609,0.007085811928037874,0.32564784674950986,-1.5032969825077724,-1.4912540148609212,2.1169266017333155
-0.00472664512930749,0.008124801614685635,0.0024776697706147544,0.0070948174553023295,0.3430876023007013,-1.574996997711117,-1.4771581011260575,2.219156922856814
-0.004678907949490567,0.00813971309088137,0.0024203487576816723,0.007067120808572603,0.3315150937829731,-1.544335215881383,-1.4669563836375195,2.16827515593059
-0.004811135953447963,0.008022081504661785,0.0026551974509340637,0.007071524999773391,0.3587099426605264,-1.6648783302772867,-1.4333205624698773,2.3394938340800118
-0.004758667922788675,0.00807467051766451,0.0025554197073675423,0.0070762798133031666,0.34860020324178526,-1.614016755029574,-1.4527409812275478,2.2687687107164933
-0.004784276552049616,0.007965730641103617,0.0026813746450103184,0.006994132638832258,0.3465885120672032,-1.6732369073032882,-1.377280494505423,2.329659402372438
-0.00480622165273227,0.007902887276465712,0.0027592001367601126,0.006950371742835282,0.34606497195745284,-1.708854615854999,-1.335299049658778,2.368956168347767
-0.004856693095896981,0.007856452057204937,0.0028509286675691497,0.006944716591384123,0.353966195474885,-1.7539406481294464,-1.3149334806685629,2.432404855060327
0.004676505739203091,0.007629437725472041,-0.002847119927514672,0.006577395736766981,0.29183853728392667,-1.7168904283371513,1.0908734653172145,2.296041100337732
0.004645069434642059,0.007531771514602472,-0.0028831345084410244,0.006457355448883387,0.2753323923214425,-1.7215636837107484,1.0158370868802094,2.2800986705525514
0.004608085094419106,0.007700524440409985,-0.0027273152414943116,0.006600447217598575,0.2835047347440367,-1.6646520479584617,1.1243869313040669,2.225958414175263
0.004511843896049019,0.007718314422496862,-0.0026218630671989503,0.006551082049229937,0.26797329437034273,-1.611888756141953,1.111963606263356,2.141363400520321
0.004427277733400285,0.008061384236069287,-0.002273914011243798,0.0067963349979159775,0.2690655965602289,-1.4609039800586647,1.309591874294374,1.9834438367742748
0.0043273300233875175,0.008130849578600876,-0.0021326475796731217,0.006777468952889326,0.25051877884980006,-1.3906915141066805,1.314454505214384,1.8835755530633456
0.004259244336854078,0.008310486660496894,-0.0019223554345702283,0.006862114652067006,0.23798387363680626,-1.285550624016609,1.391863828055391,1.7626836156400554
0.004177362061535922,0.008391996829179172,-0.00179063657406748,0.006855960867403575,0.22070002826621773,-1.2171952531752004,1.400416838246693,1.670937155624389
0.004228108562328158,0.00820425026642482,-0.0019929707243327792,0.006759843965665737,0.2318062951018324,-1.320960185016066,1.3180820819752563,1.7855658945962938
0.004400628195832361,0.007953314706977991,-0.0023410023745840188,0.006684645703989704,0.2598985553089905,-1.4891609502046366,1.2310732653354621,1.9972583934084704
0.004394594585169481,0.007849360063732035,-0.002417202909064146,0.00658978125488166,0.25370957046203996,-1.5203392821615782,1.1637566185518597,2.0209852366821432
0.004404851442744338,0.007754220166070632,-0.0024970216738745537,0.006511740260906299,0.2503718158791805,-1.5523408147353581,1.107103977339227,2.0505373573890306
0.004101454499097851,0.00848620875507766,-0.0016545376900634712,0.006859374816434894,0.2041341683947211,-1.1451428469340106,1.4145244340642413,1.5779804298979887
0.004017624055785439,0.008595063482781624,-0.0015031359626821296,0.006861111527784782,0.18495086332671037,-1.0632040088247254,1.4276348106201133,1.4731804227035052
0.003930759239875442,0.008702436247413705,-0.0013554138043619587,0.006854327676379273,0.16512700849208184,-0.9814868825165037,1.4331914401200574,1.3682173930337544
0.0037410768412355524,0.009435027419147993,-5.72505048183591E-4,0.0069878330185563645,0.0779832489529182,-0.49444660138478297,1.5757665030192165,0.8232760051494988
0.0038215547671563324,0.009314477275223318,-7.144936638786457E-4,0.0070214666613991296,0.100478683123138,-0.5857036556022795,1.593249213618712,0.9368435304744839
0.003899052086770875,0.00892059786402514,-0.0011336706820327296,0.006937273691401097,0.14610801694332773,-0.8493456504225357,1.5059156629151145,1.2262408835638503
0.0038442622806046166,0.008811102804143515,-0.0012112820051562933,0.0068434047541161445,0.1446902541586328,-0.8998031710103832,1.4341487932856198,1.2635193142664762
0.003822501927571368,0.009031840050993856,-9.938767315399567E-4,0.00692420846428276,0.12593195956197833,-0.7665088974652822,1.5044529742927903,1.1222884134185043
0.0037767933416178083,0.0091677199493724,-8.457279074759269E-4,0.006938767678537622,0.10757189489322691,-0.6742535426874952,1.5236200141807343,1.0165678499000792
0.0036664644989150424,0.009539119672651867,-4.5399172202818057E-4,0.0069504815954393034,0.05831593781390175,-0.41693861513675773,1.553618159792652,0.7260780771121752
0.0036693473919258883,0.009697825142969825,-2.985099568870853E-4,0.006977743485496734,0.04160034161381008,-0.308943094391595,1.5835177606291386,0.6146537302534343
0.003601761796870952,0.010073799365835055,7.444810082854388E-5,0.006942197801342862,-0.007246803466176725,-0.04335041097018607,1.5789500803618708,0.32552279209936585
0.003591944296554944,0.009859051582359727,-1.336954552851364E-4,0.006931229288263123,0.016199622680812698,-0.1942707922390521,1.5567669988211998,0.4788976757200725
0.003559288630228855,0.009979709661831676,-1.6614373998565946E-5,0.006909918723665925,-4.711581249549336E-4,-0.11033998850936524,1.547148702464156,0.38512305059673724
0.003571217659670701,0.010193871761758783,1.886336908915148E-4,0.006912048715173876,-0.02283506603527993,0.0412550090028854,1.5626632880340654,0.23232507180911433
0.003561872276659395,0.010377803055986349,3.62099040182771E-4,0.0068842899609016395,-0.04389617535353775,0.16984509460153555,1.5535185948362742,0.09811184962260897
0.004967593474606036,0.007095591114936575,-0.0034926519442999198,0.006175770602481457,0.26966078776874736,-1.9393486973325431,0.7366246374108731,2.5554999052030927
0.0049785677354907765,0.007017409031032107,-0.003543078889732207,0.006090066284314007,0.25816501017867577,-1.9435698100948398,0.682433277306431,2.551209069951314
0.005190285446609193,0.006688497949505657,-0.003927216775964957,0.005792588903221856,0.2255274904222187,-2.026831748452543,0.4395871104046364,2.646877000591884
0.005127092161213944,0.006758981209398573,-0.003826182859510133,0.005852044588636949,0.23203785741327154,-2.0031977725292767,0.49569762294568315,2.6160431222826617
0.005077583969080335,0.0068549726070089405,-0.0037304592867635155,0.005946179906967559,0.2441464175711495,-1.9878188780529908,0.5645778237419457,2.6015647895163565
0.0049671894446615735,0.006874697168075461,-0.003591393875577817,0.005917086813129629,0.23620950257104414,-1.9293655384764852,0.5900921474143522,2.5101067326374853
0.004944841038510157,0.006957200898207667,-0.0035306549208993982,0.006002352420836624,0.24741560245705624,-1.9219824402408463,0.6449103281875532,2.5086286526547354
0.0047575203259989,0.00739000186892745,-0.003092062725799567,0.006381447762552138,0.2792954786891478,-1.8029849347044895,0.9343635812659897,2.3851851880009485
0.004884989977411064,0.007120656970901829,-0.0033848524482426533,0.006158839620499532,0.2633991322476242,-1.8918725585499643,0.7556807009114186,2.4834463630725043
0.0048542403205532585,0.007207131805758035,-0.003304737545352761,0.006239093661955708,0.2708178970723414,-1.8722151416842254,0.8141507381158448,2.4650490850325917
0.004799100301092327,0.007302305988061405,-0.0031898502014980827,0.006312011862906297,0.27528765510742037,-1.8351382423123344,0.8771546194924357,2.421216807013739
0.004631998655410581,0.007422068045884765,-0.0029404777047826454,0.006337070499565169,0.26285090484536533,-1.732627519619864,0.9392019129327462,2.275665124969228
0.004566784749515147,0.007488958238713234,-0.0028323094690139413,0.006364330671293922,0.2584561819875016,-1.6884520668602918,0.9729770595222998,2.2170579167949147
0.004536453955049274,0.007421686634706347,-0.002844114056868031,0.006278749132126371,0.24846092017952776,-1.6845091924993654,0.9249600589884853,2.197955418573661
-0.008650366081149908,0.005185595749722576,0.008023868907760277,0.002249351939937006,-0.0530119575087206,-0.6693146605748859,2.5040805249508304,1.4603053191596402
-0.00866549944553118,0.005181379007421065,0.008030890866138387,0.002224151054633744,-0.04876450706490498,-0.6533733522122545,2.5076316015457554,1.4428849670615085
-0.008654143572620426,0.005170108270987837,0.008008196620565651,0.002231433530834242,-0.055787913927941794,-0.662820330716373,2.494259878063574,1.445254122496377
-0.008635246202199697,0.005189859973827203,0.008016766097161485,0.0022745365466799003,-0.05693936866375673,-0.6852855190506398,2.5004377342290844,1.4777362263343854
-0.008639007639019916,0.005174353299453703,0.008001102251422589,0.0022565173348479614,-0.05867230793852315,-0.678755396716621,2.490595774674922,1.4626716160008442
-0.008620139971822547,0.005194171632003687,0.008009578549854023,0.002299718537811875,-0.05973149899655236,-0.7012737281788338,2.4966983472919537,1.4952416176145789
-0.008623857259263795,0.005178632389928564,0.007993892699273532,0.002281604476044225,-0.06172208219360822,-0.694689305226739,2.486844085986052,1.4800933941092074
-0.008605047553236283,0.005198530675796427,0.008002309772757564,0.002324885428138549,-0.06209435654222902,-0.7172474483739576,2.492879191626887,1.5128100660482104
-0.008608702357277996,0.005182974237774053,0.007986606619553464,0.002306703978086719,-0.06493533704807496,-0.710630721895641,2.483019292066477,1.4975494241201235
-0.008589969109727747,0.005202937056022924,0.007994964218479558,0.0023500216614556523,-0.06487082001010516,-0.7331929548369516,2.488997316992356,1.5303896306490572
-0.008593562711752177,0.005187383507536509,0.007979264025051431,0.0023317943546466735,-0.06806107804671697,-0.7265725911453761,2.479128403871148,1.5150463658210065
-0.008529798353607839,0.005221034932232108,0.00796481026991777,0.0024502760366387766,-0.07761027813757479,-0.7968540247254822,2.472856447128707,1.6005592329426648
-0.008544819263429001,0.005216439712524502,0.007972465148667424,0.0024252536329570015,-0.07417466579885018,-0.7809342417234978,2.477001822808923,1.5830381901824995
-0.008533226638068348,0.005205470872278939,0.00794914237966683,0.002431793214571612,-0.07924725448534382,-0.7901844167466966,2.462790785082691,1.5851956334719774
-0.0085598548013954,0.005211891625397759,0.007980041485150302,0.0024002069552191015,-0.07077478631893663,-0.7650266614221546,2.481064142237577,1.5655119602498526
-0.008548284430092928,0.005200894202275009,0.0079568043673678,0.0024068490094774696,-0.07664618393220006,-0.7743115684033169,2.466995566775896,1.5676489840236594
-0.008574904804645981,0.005207390722771273,0.007987541562405023,0.00237512840496949,-0.06780195595405972,-0.7491167700563106,2.485059307343246,1.5479590226562117
-0.008578446241525215,0.005191844200613405,0.007971853544195944,0.002356852587558757,-0.07102483140115785,-0.7425046057103222,2.475162403484244,1.5325675568884725
-0.008563353774460034,0.00519634893396704,0.007964368308563797,0.0023818713140323455,-0.0739036997311785,-0.7584192872983381,2.4711171709623554,1.55010314323458
-0.008484823888579553,0.005235103217132527,0.007941364664436968,0.0025252294025857745,-0.0856201721845788,-0.8445930654651638,2.459913792582765,1.6532743147087305
-0.008499800570831094,0.0052303667150690415,0.007949256911787944,0.002500273950740106,-0.08278455737798722,-0.8286977368611853,2.464307876720374,1.635696803389773
-0.008488055134452702,0.005219465104468021,0.007925591538362071,0.0025065714352859128,-0.0872545212316055,-0.8377858506980022,2.44966009945589,1.6379292702040937
-0.008514792106028147,0.005225677271938597,0.007957073660332083,0.0024752845379146507,-0.08040468074593964,-0.8127820564855126,2.4686223762107304,1.6181126230103484
-0.00850310102013026,0.005214746384063704,0.007933516042727474,0.002481660227047851,-0.08460118953168301,-0.8219235275860536,2.4541133001637605,1.6203286080312698
-0.00851816452357166,0.005210082838751749,0.007941372907575921,0.0024567270998014233,-0.08187703473309148,-0.8060526372865363,2.458494473940087,1.6027499726250636
-0.008469862200069995,0.0052398867331516835,0.007933396886854313,0.002550150924159958,-0.08909225721172055,-0.8604851587318092,2.455417498056977,1.6708406192533323
-0.008473031812321735,0.005224221874251772,0.00791758461297127,0.0025314396979510753,-0.08967504185469076,-0.8536283892969511,2.4451355311703598,1.6555296460507252
-0.00839528360707569,0.0052645079138193066,0.007892343734063412,0.0026745033959844704,-0.09846130423205836,-0.9396201495512475,2.431570025858935,1.7596352266233772
-0.008410168207199323,0.005259490019987283,0.007900700301270595,0.002649715269876327,-0.09535381491701818,-0.9238777389894969,2.436430484690791,1.741910306806884
-0.00839813663063598,0.005248827185903422,0.007876492930113402,0.0026554939154565162,-0.10237076823507642,-0.9327558984463332,2.421361150778304,1.743706659036736
-0.008454915646326116,0.005244717217658646,0.0079253458358285,0.0025750625560067774,-0.09185128772992102,-0.876387189620705,2.4507948529189023,1.68847081008286
-0.00845801395918878,0.005229004099426569,0.007909466787767883,0.0025562746300913796,-0.09203331142030662,-0.8694572743077847,2.440526611443683,1.673111236170761
-0.008425068508327808,0.005254518907788254,0.007908988657674403,0.0026248717576016762,-0.0936028493860519,-0.9081072251770456,2.4412579530321756,1.724086557324253
-0.008413038123227396,0.0052437685594539435,0.007884777923737573,0.002630752998529428,-0.10016769831685492,-0.9169599618238474,2.426256489636211,1.7260079353173816
-0.008439984368592408,0.005249594624691072,0.007917207162280771,0.0025999774894412218,-0.09294847725470658,-0.8922746831350493,2.4460588949050774,1.7062347116718557
-0.00844299332080112,0.005233836402108105,0.00790125759524802,0.002581106651002432,-0.09467157726032059,-0.8852894494098505,2.4358329146333966,1.6906945659690298
-0.008427991979670523,0.00523875826942713,0.00789301981248368,0.0026059437849186673,-0.09752229135240566,-0.9011294665238615,2.4310744425724233,1.708324318176942
-0.008380414850021051,0.005269572541305845,0.007883912159457373,0.002699256593301755,-0.10206973720087649,-0.9553777370545046,2.426634617307172,1.777289097773154
-0.008383265910148171,0.005253897915591219,0.00786810641564354,0.002680159297560055,-0.10422673047661689,-0.948507641983613,2.4163688784830217,1.761379689987194
-0.008321101100260936,0.005290297410190857,0.00784938049446846,0.002798085456882536,-0.11137514259668402,-1.0184727230302468,2.40590026563618,1.8481185611051536
-0.008308944228507226,0.005279796157185052,0.007824651576086307,0.0028031871933372273,-0.11384202752373018,-1.0270479881175243,2.3899921755251685,1.8497168971202147
-0.008365562078288622,0.005274683853955189,0.007875396054227345,0.0027240029539557114,-0.10458698917330082,-0.9711634856636894,2.421592706135295,1.7949682621099488
-0.008368395688011772,0.005258978403247815,0.00785958872769177,0.002704782072574062,-0.10610134350460908,-0.9642306455289554,2.4112677883267746,1.7790190442076967
-0.008350725434314416,0.005279841802758873,0.007866796107822937,0.002748740417738683,-0.10589956234401725,-0.986949147214465,2.416452098344436,1.8127113264900945
-0.008353519834049219,0.0052641042129651545,0.0078509723765139,0.0027294015783010574,-0.1082605186248169,-0.9799446556511481,2.406070026302679,1.7966596450735928
-0.008335905060710937,0.005285046338188198,0.007858123764296846,0.002773435979315221,-0.10801909274909637,-1.002712186170958,2.411227445683966,1.8304419956706661
-0.008323804029760464,0.0052745408880638745,0.007833543386066759,0.002778618381177362,-0.1121832448738712,-1.0113554865260055,2.3954498722545403,1.8320391460332595
-0.008338656058400784,0.005269300713095121,0.007842300490838132,0.0027540214694254384,-0.1104138329983161,-0.9956538841637789,2.400799948814044,1.814338309160003
-0.008203277475351158,0.0053339751212172605,0.007776586271046222,0.0029944552067023202,-0.12481460122255399,-1.1437478237715248,2.3599550079633986,1.990574814941897
-0.008190952549141975,0.005323807765199268,0.007751335122158246,0.0029986493753836004,-0.126965382171322,-1.1519707201064195,2.343217963122919,1.9913855740467172
-0.008217944972024238,0.005328353622408232,0.00778594435783705,0.0029700383786117443,-0.12191184922460065,-1.128140526642788,2.3659559541391366,1.9729085791002126
-0.008205632102685585,0.005318196591697657,0.007760813866731151,0.002974381702158852,-0.12582349928855097,-1.136461919987421,2.349404338992913,1.9737271902688585
-0.008232630029493518,0.005322778240520137,0.007795226762672923,0.0029455894583724947,-0.11930521649469165,-1.112550572352389,2.371842169227516,1.9551866547889842
-0.00822030525063839,0.005312598665755692,0.007770157777237116,0.0029500777153957125,-0.12470099794295049,-1.1209273710741907,2.3554854479520553,1.9560268953347533
-0.008247332503838373,0.005317249029907898,0.007804437182150156,0.0029210985575245847,-0.11733306983126161,-1.0969613861567276,2.377656957070575,1.9373820064240286
-0.008234984572244228,0.005307015937115637,0.007779381352863401,0.0029257269321921373,-0.12337832682035983,-1.1053616724854718,2.3614607951566526,1.938302266742898
-0.00824968958834721,0.005301460556556705,0.007788517117551355,0.002901319242185761,-0.12184670513985686,-1.0897558567371302,2.3673358559598405,1.92056360648439
-0.008178514991894042,0.005313276591466193,0.007726232897377669,0.00300264339212843,-0.12403352577701987,-1.1643121351343757,2.3218710459295475,1.9975807123004528
-0.008163748991239653,0.005318858512801724,0.007716392198178511,0.0030267313013046192,-0.12525529545755745,-1.1797765102069577,2.3152691550634965,2.0151077045989223
-0.008148958189838493,0.005324627212435908,0.007706585297687013,0.0030509916136552758,-0.1263888280428691,-1.1952681789490034,2.3086793887433052,2.0327517221243148
-0.008105050480441934,0.0053426888910553414,0.007677626174406077,0.003123702858850936,-0.12997113508284275,-1.2413169466005518,2.2890901408238524,2.0856429710937108
-0.008119630672428938,0.0053366942493814455,0.007687394050816057,0.003099618822985499,-0.12875669448443408,-1.2260299583753513,2.2957601542968065,2.0680938662110457
-0.008134238898872817,0.0053306085901384985,0.00769694483972556,0.0030753417861951685,-0.12753504822935888,-1.2107000438799185,2.302202266336142,2.0504459548852214
-0.008062842169921725,0.005343755247494202,0.00763065078980803,0.0031742935098677586,-0.130948330914285,-1.2821563571516863,2.2538132281174224,2.123194263430793
-0.00807756963151759,0.00533786776510408,0.0076410790088595896,0.003150483098719004,-0.1300398748434627,-1.2669311500223113,2.2611476373114017,2.1058613836012605
-0.008092264314635533,0.005332205075054144,0.007651570924194578,0.003126898943621791,-0.1290975209422145,-1.251751382645339,2.268508149525997,2.088688667495724
-0.008281562108823816,0.005274229613530273,0.007790715551372945,0.002832800363725798,-0.11285871294142102,-1.0561901086147039,2.36359762775818,1.8748375947120206
-0.008296558936212207,0.00526893534130779,0.007799944810217189,0.002808261903427946,-0.11116021876286135,-1.040457862025163,2.3694487469879175,1.857156312440327
-0.008251796637954471,0.005285291412650172,0.007772580640412911,0.0028819065556120777,-0.11619559153363819,-1.0874162642747454,2.35209268350603,1.9102008376938777
-0.008266630251662596,0.005279710599383428,0.007781615328064039,0.0028573907964979995,-0.11451477826516397,-1.0718528659381794,2.3578331011071936,1.8925432709074548
-0.012057569938134772,0.014557017220692067,-0.007594895495260307,-0.003429229792526692,0.23185542811987345,-1.480974331655127,2.6731668042255854,2.719853893355434
-0.012070466869792462,0.014566389935516956,-0.00756328158704988,-0.003429258541089096,0.22368502934069692,-1.4845309008178724,2.652507951591032,2.709324684661117
-0.012043243247200375,0.014563458889128956,-0.007605624208680745,-0.0034053685299692583,0.23259662799067837,-1.464063897259819,2.6857899802993344,2.7026794674793897
-0.012056152334727706,0.014572864354997347,-0.007573979965059753,-0.0034055338901859754,0.22344393896384993,-1.4677464181235538,2.66522712294114,2.6922110328632165
-0.012028896391215732,0.014569855515627577,-0.0076162810953479855,-0.003381466652670025,0.23289751551141344,-1.4470952538325568,2.6983371647596304,2.685369583396071
-0.012041824618731099,0.01457931352901704,-0.007584567973663717,-0.0033817571872997872,0.2232539189321738,-1.4508667107921616,2.6778229103123885,2.6749943239183835
-0.012014529515234589,0.014576207035553427,-0.00762686570238793,-0.003357525020660975,0.23284666517664768,-1.4300564834802956,2.71081876885149,2.667935266808762
-0.012027468708561076,0.014585732816321709,-0.007595071390499177,-0.003357920341337419,0.22319667220002848,-1.43388902061755,2.690306939027438,2.657689541548954
-0.012013077369761515,0.014592115579424069,-0.007605508449201394,-0.0033340243609893505,0.22319468795666544,-1.4168141145203916,2.7026834751942856,2.640305299223638
-0.012083500610713137,0.014576003748420776,-0.007531863179034671,-0.0034293092726922973,0.2231281555297779,-1.4917697555027118,2.626858066855743,2.7037493579534178
-0.012097810998004365,0.014569510351543372,-0.0075210099865613,-0.0034527888862411634,0.22306998778559936,-1.5082616641973787,2.614028335241898,2.7204793179462325
-0.012112157693700538,0.014563042389363103,-0.007509907259684999,-0.0034761909800221625,0.22301174553607053,-1.5246877468628457,2.6009629932635003,2.7370679664471784
-0.012126538965525542,0.014556611751783056,-0.007498542148204633,-0.0034994935589151535,0.2230185086637737,-1.5410326849029372,2.5876594527216152,2.7534894050000616
-0.012140924961379196,0.014550084392227158,-0.007487140903486137,-0.0035228549782185775,0.22313582101792248,-1.5573404125186834,2.5742705964839967,2.769911710527061
-0.012155274630775368,0.014543357963219948,-0.007475898760762129,-0.003546382926978966,0.2233073636387414,-1.573636703181795,2.5609294936565967,2.786461618112018
-0.01216954907110424,0.014536449402758651,-0.00746484447511033,-0.0035700205758406943,0.22346294335096942,-1.5898840908781757,2.547666472617441,2.803100663497752
-0.012183731412650946,0.014529429800781849,-0.007453904140522429,-0.003593654191191366,0.22355222086207768,-1.6060333351497327,2.5344406025926376,2.8197256816727116
-0.012197862532191668,0.014522413424774519,-0.0074428661340325405,-0.0036171593185676883,0.22354035210025616,-1.6220554804642033,2.521105303376366,2.836197004070309
-0.012227027148931481,0.014492311876512889,-0.00743993283315104,-0.003688249227667945,0.22475466056105117,-1.6640220536691002,2.5057087774882656,2.8920312307045744
-0.012227864587089588,0.01447622825396473,-0.00746026509082406,-0.0037130169843555033,0.2303731266374267,-1.6781396239542632,2.512455999062322,2.9200459959249154
-0.012212023830760357,0.014515522935670605,-0.007431452686568919,-0.003640431378370796,0.2234837496518954,-1.6379393420784683,2.5074633714438854,2.8523693207995926
-0.012226251531905305,0.014508736218380475,-0.007419644122622107,-0.003663530037142929,0.22351211097586246,-1.653716961861317,2.4934943426278724,2.8682782665192437
-0.012241165296014529,0.014485313292109767,-0.007428225950898699,-0.0037115997500347443,0.22445201267578693,-1.6798459806286574,2.4917521032336745,2.908108871916742
-0.012241915987078055,0.014469207167595147,-0.007448545639344036,-0.0037364714229488516,0.23221720227225343,-1.6940368171921165,2.4982758044627817,2.9363580302859593
-0.01228393672729852,0.014447879610072302,-0.007413007117609724,-0.003806492066870938,0.2321543710071667,-1.7410723723928847,2.455432216829149,2.9846339334086793
-0.012297377755284842,0.014456662573468627,-0.007381092500569174,-0.0038048535552965275,0.2250214190737596,-1.7424682802491949,2.434960538119381,2.972131138318004
-0.0122699521913998,0.014455032777517944,-0.007424914239877049,-0.0037832135867243047,0.23358373060250445,-1.7254775600281345,2.469758064179285,2.968728145550191
-0.012283355271509476,0.014463855448792024,-0.00739303481797332,-0.0037816430795711378,0.2245405534725655,-1.7269702799910898,2.449335272023262,2.956297325941659
-0.012255945233250498,0.014462141986151311,-0.007436758552087866,-0.0037598771401633427,0.23370455859335149,-1.7098105507989072,2.484030531005187,2.952623567284821
-0.0122693278968379,0.014471048290695185,-0.007404824950000915,-0.003758346791482558,0.22411655584473042,-1.7113522903448146,2.46357683434926,2.9402969181476384
-0.012255269901151326,0.01447821682753638,-0.007416528225302604,-0.003734980741380073,0.22413020748943832,-1.695632250841635,2.477708909591526,2.92420586913735
-0.012325184783812303,0.014458508646224291,-0.007336925632918253,-0.003826296961444702,0.22457721518254245,-1.762555398381103,2.3941589927650457,2.979324906957403
-0.01231110114689551,0.014465747303228001,-0.0073490783662103374,-0.003803246590629776,0.2243741302447391,-1.74730715484225,2.4087163484453638,2.9638259211405527
-0.012339129682704423,0.014451146867232255,-0.007324974190406849,-0.003849331359829907,0.22477671095424534,-1.7776827480904507,2.3797202090886915,2.994819424691178
-0.012352972001240385,0.01444379486877397,-0.007313004768633259,-0.0038721815669818353,0.22486792854546467,-1.792634452099193,2.365255971132791,3.010130848553669
-0.01242262485984802,0.014406884667993535,-0.007250277265285398,-0.003985714762086811,0.22579774032427755,-1.8662246342698119,2.290077775584724,3.0848178160041524
-0.01240874935571643,0.01441444231169485,-0.007262844182222643,-0.003962959250692442,0.225539824178185,-1.8516408867955418,2.3052328704448963,3.069929669467914
-0.012394806847619682,0.014421914161858963,-0.007275457479084021,-0.003940194752417889,0.2252826033715917,-1.836963345673184,2.3203806201349857,3.0550053076937256
-0.01238081936807269,0.01442927334444225,-0.007288116657818512,-0.003917478096669958,0.22505625811823537,-1.8222227680428846,2.3355088983995524,3.0400890115133516
-0.012366853136378324,0.014436533458417973,-0.007300705463911458,-0.0038948403519285953,0.2249190217259421,-1.8074533564251392,2.3505188223510487,3.0251748546534594
-0.01243644404603267,0.014399262575831481,-0.007237714410742596,-0.0040084380971238225,0.22604894724642777,-1.8807088559887528,2.2748862702815225,3.0996405659655575
-0.012450234517189603,0.014391581652282407,-0.007225105870278186,-0.004031142418990357,0.22629755194023563,-1.8951081411018282,2.259616185959698,3.1143948676543123
-0.01192415806236064,0.014645360653304405,-0.007645858954283193,-0.0031669748084142556,0.22345898879896017,-1.3043329851350458,2.7610094338745337,2.5133005007828033
-0.011909693564634812,0.014651287178438561,-0.007655750421360544,-0.0031432213773502434,0.22367052200347073,-1.2870315353949635,2.7725112217631214,2.495789150833184
-0.011895227597028159,0.014657312534462397,-0.007665330208903025,-0.003119270847488823,0.2238667874084823,-1.2696199014228677,2.7837447031533054,2.4780439193488113
-0.0118806720338532,0.014663364289605033,-0.007674816049762489,-0.003095121427787138,0.2239740557757747,-1.2520458760052617,2.794876330655992,2.4601035057203062
-0.011936899311846648,0.01465589426856291,-0.007613646889678132,-0.0031673187651809717,0.2201780907674911,-1.3115868830089081,2.7369158304146057,2.506681110533447
-0.011951584216372982,0.0146503580937759,-0.007602703928636211,-0.0031905375427845185,0.21998701964819523,-1.3286284073233618,2.724643898539991,2.523438258711637
-0.011966485161613569,0.014644583027529105,-0.007591668721683695,-0.0032142209855960864,0.21982046357370502,-1.3459068379620058,2.712167208364111,2.540523117843398
-0.012011888721086389,0.014608414771636115,-0.007583815111295013,-0.003310823640557976,0.22334849459041914,-1.408095667007608,2.6885889809461094,2.6183191897990006
-0.011997379312502198,0.014614871690854335,-0.007593993032849244,-0.003286752443884801,0.22336702585343213,-1.3909654507821487,2.7006774329918515,2.6007931423320323
-0.011996310070090603,0.014631866945259765,-0.0075707627826755025,-0.003262914134469446,0.21969775822446666,-1.3808213989012696,2.687689465141435,2.5759353695742533
-0.011981473660467631,0.014638444978473686,-0.00758088194263738,-0.003238395013872297,0.21971224842060375,-1.363363874676659,2.699735489958823,2.5580308137571457
-0.01187918198130971,0.01468001851422969,-0.007651516804890971,-0.0030722969753866126,0.22042837907371318,-1.242717182388965,2.781376539145317,2.436411334921184
-0.011864363335499754,0.014686026380528933,-0.007661093534769569,-0.003047971944302178,0.2205388116131721,-1.2249526578312315,2.792531074961325,2.4183422670865684
-0.011862576250830545,0.014702969562225368,-0.007637610190501993,-0.0030247518138077994,0.21783406196711777,-1.2157383766768346,2.778605185577538,2.3949900414242014
-0.01155072320842164,0.014798052721101603,-0.007847680261691184,-0.002536326236207465,0.22489109367328156,-0.8398500079188796,3.002680319681833,2.030237899045483
-0.011535765493315149,0.014803058128001612,-0.007855236179523937,-0.00251165919128649,0.22512049631892592,-0.8209903116256028,3.0111011963046965,2.0110704421199905
-0.01152071750355955,0.01480806303763691,-0.00786271471461778,-0.002486825496948775,0.22537127003241023,-0.8019818548489196,3.019426678891675,1.9917383743268766
-0.011562759001277094,0.01480934361816334,-0.007816100627801371,-0.0025397271703576723,0.22198274697293433,-0.851188917443264,2.9790584888041063,2.0282350742828297
-0.011577773937720219,0.014804954440753035,-0.007807253501510201,-0.002563564836210255,0.2216336062033369,-0.8697202888046364,2.9697004586075475,2.0464506837275915
-0.01159260208170886,0.01479974123235179,-0.007799796567264441,-0.002587995513802306,0.22143808710798596,-0.8881982988141993,2.961231799260327,2.06534759970374
-0.011607409974111629,0.014795124547346189,-0.007791216502825227,-0.002611696487562525,0.22112796404791957,-0.9064569201481188,2.951963438724059,2.0834664876864006
-0.011622638921961317,0.014791204561771657,-0.00778087751397636,-0.0026350929088882744,0.22068010467057017,-0.9249243542775992,2.9413914335558213,2.101026912310832
-0.01163801588520517,0.014786629769210205,-0.0077712771375624155,-0.0026593196026861994,0.22033303489934597,-0.9436680063886728,2.931200081363752,2.11935281470817
-0.011653422627893194,0.014781370816843437,-0.007762577546652491,-0.002684275649487825,0.2201013058547994,-0.962586473712804,2.921515561731042,2.1383988884349576
-0.011668781515215719,0.014775641484283624,-0.007754508769532869,-0.0027096409752076518,0.21993761263667613,-0.9815421020148253,2.912179755928689,2.157862934996118
-0.011683668125798255,0.014769632494566686,-0.007747240637691174,-0.002734693642817467,0.2198675860792795,-1.0000188917753439,2.903413592864617,2.177187757556137
-0.011803518180956778,0.014727862956420078,-0.007672041368651684,-0.0029265506790785273,0.21804718582141921,-1.1444054917778226,2.8197890386536115,2.3211428829284273
-0.01183346808453092,0.014714140099634697,-0.007656612568707426,-0.0029778160129601493,0.21813592449301522,-1.1811384818506496,2.8003121368836044,2.360183564803986
-0.011818958510253441,0.014721556739978487,-0.007663000936260926,-0.0029520653926336953,0.21794163332182134,-1.1630528768936124,2.8091124512789665,2.3403388184782536
-0.011860003519207143,0.014719519508481667,-0.0076157437112820995,-0.0030013274016760104,0.21513858871217337,-1.2058669621577829,2.7661161012908297,2.3717509248495627
-0.011846072978989961,0.014722212667447793,-0.00762881400565361,-0.0029822659827181235,0.2157506412898273,-1.1906124723032214,2.7789002070452535,2.358671099628689
-0.01171359643223935,0.014759395139070512,-0.00772916228438903,-0.0027827829812969045,0.21937476609635675,-1.036397721927777,2.883363502662462,2.2135367254433027
-0.011698698869382698,0.014764592371532034,-0.007738083517128228,-0.002758760405467069,0.21956905127969858,-1.0182983780916457,2.8933190429042237,2.195383117477371
-0.011801584587723428,0.014746587243202694,-0.007645505733616901,-0.002901767284035793,0.2148717177370312,-1.1348142130291448,2.8039392588750593,2.296083064048299
-0.011786221963590809,0.014752500741223876,-0.0076547200418489265,-0.002876905797698134,0.21500427596610025,-1.1164935694794484,2.8145574272659477,2.2774675248520357
-0.01177061582210454,0.014758074026060003,-0.007664568956038449,-0.002852095585451423,0.21521333148947877,-1.0979844025295806,2.825574069504271,2.258983174686833
-0.011754752697509542,0.01476292104366523,-0.0076756715781584745,-0.002827759717931399,0.2155723384328784,-1.0794021029674388,2.8373824806278987,2.2410788243648745
-0.01173913709913673,0.01476648318814032,-0.007688327025729525,-0.0028051237297274326,0.21614353774875542,-1.0614644801925792,2.8500249258550316,2.224800714858414
-0.011725603738362667,0.014768567065841866,-0.00770075363065813,-0.002786583662572173,0.21683132243954523,-1.0461847319026347,2.861857737940638,2.211791670605619
-0.01133161903471122,0.014895547138708725,-0.007898912385224612,-0.0021484770111209754,0.2234380692029345,-0.5579220316804586,3.0795902099288983,1.7184220559219805
-0.011345937212843172,0.014888692121657799,-0.007897644600427274,-0.0021742834342913025,0.22377423851625355,-0.5763412725376729,3.0763932457313627,1.7394592925484123
-0.011250307620341909,0.014938529272504142,-0.00789567503585691,-0.0019988685805855722,0.2212002400906987,-0.4535737295639088,3.0894869965770906,1.5950778524828808
-0.011294899902822206,0.014921929263671502,-0.007886034640357266,-0.002074616198347111,0.22112795099545882,-0.5100212367365384,3.0766945395303273,1.6560268372100857
-0.011277179426638351,0.014923182157756522,-0.007899375482960762,-0.002049172327647499,0.22217738576882604,-0.4879693913017928,3.0882160155757252,1.6368493503367427
-0.011268868116183562,0.014939228112983247,-0.007878587445010807,-0.0020238529498064262,0.21972728314051357,-0.4766247393287691,3.0754687972539148,1.6134927586013694
-0.011244171276264545,0.014954286129806699,-0.007873320983115733,-0.001977088164616338,0.21875566778566272,-0.44528451284222426,3.075309821302943,1.5746003681156973
-0.011311543538839324,0.014919105359767877,-0.007876188006629427,-0.0020998590254345446,0.22043588906173897,-0.5308228557081046,3.0675779848124054,1.675502994880853
-0.01132841811708891,0.014915589900265029,-0.007867146242531932,-0.002125950826327164,0.21988444505999394,-0.5519032176459985,3.058896800702842,1.695759169112111
-0.011305948730690595,0.01493504050268157,-0.007853589500946154,-0.002078136829981127,0.21796059737795415,-0.5226004888575495,3.053335105382832,1.6548707171758195
-0.011457500906478027,0.014844183161394797,-0.007866590028689559,-0.002366815516153768,0.2236826657606031,-0.7190085370471399,3.0352784082598663,1.8935706913671282
-0.011442550058985078,0.014849884864565163,-0.007871790802989205,-0.002341327043788432,0.22374233701888177,-0.6999731615418079,3.041693716451071,1.8733606442885906
-0.011468731346058216,0.014853509434809354,-0.007839594980018837,-0.002372276898807119,0.22107524806202877,-0.7306855470227754,3.015167029238974,1.8941936643481747
-0.011482478820158242,0.014851232152845657,-0.007829615525793228,-0.002392552454110034,0.2204502880995757,-0.7474528466659848,3.005768181565468,1.9093992387815695
-0.011363920877779444,0.014889103392044842,-0.007880256217807698,-0.0021982861198756496,0.22224480974581182,-0.5984116759826951,3.061764226427672,1.7568812889090526
-0.011383795755958997,0.01489352640874955,-0.007854074896760077,-0.0022208781640792644,0.219952468773446,-0.6219873569756363,3.0409407217260465,1.7718904853424948
-0.011439137934884496,0.014868307558854812,-0.007843893723778092,-0.0023186712836211682,0.22054852523507737,-0.6926158571006646,3.0239071384744705,1.8507673361989936
-0.011434845224887443,0.014886241366221317,-0.007817762959607373,-0.002295558161186716,0.21750782358531637,-0.6843112816807846,3.007534234310013,1.8280862274651473
-0.011418831702698409,0.01489000761127564,-0.007826818382228732,-0.0022708204413621614,0.21799143118262423,-0.6646228030374203,3.0165391214263164,1.809090435733103
-0.011401756461377371,0.014892856218994235,-0.007838263050713683,-0.0022454701158501384,0.21872997471435093,-0.6437365495863062,3.0272495356236604,1.7898993181764948
-0.011502357305919768,0.014829952309958289,-0.00784507762363672,-0.002440156381432019,0.22286118317874667,-0.7754476169245031,3.0117272861208257,1.9507751508510118
-0.01151771771195032,0.01482462000355893,-0.007838128291758202,-0.002465645550956476,0.2226735469079095,-0.7947872389402493,3.003799467138841,1.970695648893986
-0.011498576679548053,0.014847553038759703,-0.007819472741066381,-0.0024172310332985637,0.21991622493376742,-0.7672085799923812,2.99571702235816,1.9281705568783643
0.01573563133392793,0.01613403007795165,0.0028218668223983965,-0.0026249232926481747,0.03017884507947696,-1.1273248173682024,-0.14738832678866823,1.290713624167778
0.015635424328669795,0.016568933629200828,0.0027801360520461264,-0.002352768194439869,0.020512418545049496,-1.0531495490917973,-0.2234488662379465,1.199076295089515
0.01492407265362447,0.01645228921732405,0.0032886137894964124,-0.0024672244141138596,0.022863263408067446,-1.1411493310511467,-0.3989027571365447,1.3248088630895316
0.015270160816121299,0.0166411915630226,0.0029921924811373464,-0.0023315570998995437,0.01878835728537583,-1.070441320168037,-0.3183492057388922,1.2282375193836454
0.013729837791540116,0.01655669159305151,0.0040933330154025276,-0.0022785449000100894,0.02580326159310772,-1.1128198631440167,-0.819503234839449,1.3537721067427808
0.01249244873854441,0.016678971125455806,0.004844048964561067,-0.0017699186226450123,0.031821933019232695,-0.8411755099955766,-1.3022670963934624,1.135042499507019
0.012743166958731232,0.016552542040524684,0.00478910090448656,-0.0019661028011137773,0.03367365545982335,-0.9489529518078811,-1.2340949581688,1.2479519334915972
0.01339110219940101,0.016604871547083892,0.004303817750027167,-0.0021609867310540686,0.02647771098274565,-1.0612027759132057,-0.9510955222231923,1.3158273608278235
0.013043952923573366,0.016611083378841658,0.004539831606416776,-0.002045834247700905,0.0291983827604916,-1.0010572225760483,-1.0942438916960535,1.275529104928945
0.014451975756116054,0.016602148626489465,0.0035577094245524653,-0.0023473248948542406,0.02116142894634643,-1.120130156318133,-0.5545401168506173,1.317774754887864
0.014044995624353337,0.01682013312198466,0.0037293220040706897,-0.002152889242888624,0.01669175122345685,-1.0536035852048027,-0.6896289156920302,1.2518772348274796
0.012239263151909471,0.016701790207521976,0.004973773417997394,-0.0016284286580554093,0.033219926444727106,-0.751344694477713,-1.392877972891508,1.0539725649218559
0.011984147616717308,0.016685588395515035,0.005129872996566282,-0.0014945455589634637,0.03704838325911009,-0.6588355943691607,-1.492360750559799,0.9762772367842544
0.011736565656016959,0.01668108301566493,0.005260374948945747,-0.0013443108269946477,0.039872788705644986,-0.5529048674170555,-1.5783153174860782,0.8827394283836689
0.011497113012439742,0.01667358490578478,0.005377957384409395,-0.0011886653992164138,0.04310710284025893,-0.440295617257277,-1.654970833408168,0.7826479299428359
0.011297059794472493,0.01663694316378205,0.005499947043166609,-0.0010618134288375685,0.047860463456435236,-0.34153570521003385,-1.728092642324728,0.6990349729640637
0.011119243224820666,0.01673336618440759,0.005456193042959142,-8.968851621869817E-4,0.04417799060473256,-0.24027588876814734,-1.7184562400801973,0.5833910174478357
0.010936739686690303,0.01655888703453147,0.00571388064393235,-8.107006503832247E-4,0.05461817375410826,-0.14196032815363505,-1.8501436393943924,0.5297563439575609
0.010745173989256599,0.01644501651999297,0.005904949917284834,-6.814230487952091E-4,0.06449997780387957,-0.019318440621079878,-1.9521505509208164,0.44305405936951914
0.010798127831388898,0.016604415812777544,0.0056974262283283165,-6.861266125632414E-4,0.054331590863275915,-0.061888286190412714,-1.8461389885660806,0.444218681067544
0.00989705853090749,0.016344723166048583,0.006123621155451058,8.693173502753172E-5,0.0749822626154925,0.5670092113151669,-2.034974561775433,-0.1002179835858147
0.009711624120884527,0.016316931575295186,0.006144747626776095,2.653466439263824E-4,0.07565796505144336,0.6996510551788555,-2.027375239098951,-0.22435692415385142
0.009568044764746724,0.016249199522508893,0.006214013571685683,4.129799444606414E-4,0.07954566420284674,0.8231594775596134,-2.0435584942834426,-0.32917156990258845
0.0104716049959743,0.016455512675847668,0.005947489847377621,-4.381847055319115E-4,0.06514904610978535,0.1569285647852449,-1.973993253349011,0.2702658446661757
0.010234842184662838,0.016526548141481537,0.005884693903469463,-2.2006916813935689E-4,0.06325778119614957,0.2975836449636616,-1.9355323491853806,0.11553562327945076
0.010007740082067165,0.01653319832747665,0.005883331801087,-1.966693674574191E-5,0.061726007609309484,0.43827276958566586,-1.923374659134021,-0.02599313573646647
0.009410889077166869,0.016235163283840278,0.006200048109603533,5.673999734186627E-4,0.07812372109152523,0.9298648586680958,-2.0141934070277343,-0.4339414855965206
0.008176636672409235,0.0158035103154817,0.00615052610823522,0.0019114672213327803,0.06094809580771585,1.8491075157975494,-1.673213657704099,-1.2753207314123023
0.008026606064623949,0.015755958375825257,0.006092152186987933,0.0020683378634536245,0.053043133846751474,1.9317139987621654,-1.5948630125062941,-1.3576705006501986
0.007885219888672922,0.015676561184196934,0.00606801181894625,0.0022421042318203944,0.04788665720923423,2.0351551961948897,-1.525610694375979,-1.4486770749850277
0.00920935469127216,0.016247036390761374,0.006128760925902186,7.543447608874258E-4,0.07394635725943355,1.0444054764602286,-1.9474296954159669,-0.5570259332715227
0.009021443655858703,0.016213269033594376,0.00610742104106636,9.385690363925406E-4,0.07148583983534053,1.1683139193701984,-1.902155281826156,-0.6770395097385818
0.008845753761523866,0.01618265743195836,0.0060739367488149175,0.0011089969087783892,0.06824456768973426,1.2778563644887253,-1.8497785313066564,-0.7854289035758376
0.00838780518855758,0.015987545174474784,0.006071114477837085,0.0016102349759731102,0.062043700044999976,1.620397192323879,-1.723671900786785,-1.092024755818643
0.008236600303549686,0.015936057953608078,0.0060339022676735845,0.0017683372009502367,0.05669963336134919,1.7142939541210327,-1.6604711122894733,-1.1811385216153651
0.008661773793571118,0.016179648202486973,0.005990608963535926,0.001270199886798412,0.06111365707314335,1.3664644640183352,-1.7714673657121633,-0.8831401110474203
0.008451945499827982,0.016179746165862662,0.005878496765657514,0.001443204563269261,0.05255617581655957,1.4508896309167905,-1.6751954824706468,-0.9808214054417242
0.0035132229830112656,0.010596041951826648,5.541587182907635E-4,0.006806426171094135,-0.0703213156865709,0.3160707418395195,1.5072421306294261,-0.061499744210524336
-0.004116433835704614,0.011198802848633909,-0.0013621748568081002,0.007060611729888995,-0.13646448892638377,0.8932900899166762,-1.7565927340398169,-0.5044769443208388
-0.004028091797163488,0.011113825055240905,-0.001231809753326496,0.00702990269135781,-0.12465573258516026,0.801951982783312,-1.7267755710037502,-0.4354674835614843
-0.0039550409252819265,0.01102059816831616,-0.0011049380716557451,0.007012513821444167,-0.11270357385212461,0.7119559094760605,-1.706233873985007,-0.362603265267572
-0.004095159511032102,0.01131383394569073,-0.0014647115447148703,0.00697996531531509,-0.15003191367353022,0.9690147673838264,-1.7019096705812882,-0.5887910102261696
-0.0041237326419525065,0.011395775409723946,-0.0015607347677503009,0.006955186980764324,-0.15855227050577805,1.036632010769814,-1.688477715917875,-0.6506842101020105
-0.00422094822328249,0.011543939902128209,-0.0017634218646639579,0.006939002653335675,-0.1777650153336459,1.1777642569757678,-1.6851733695028879,-0.7684632702671685
-0.004107191610552586,0.011490646030468355,-0.0016396447239472726,0.006883468762811445,-0.16812804365814096,1.094786101166145,-1.6400035547261336,-0.7154227802641867
-0.004405224471272617,0.011811497682659081,-0.002145748452275651,0.0068889477438984275,-0.2121292410371325,1.437076770596212,-1.660531696446894,-0.9826181576311562
-0.004329148422609032,0.011738290289706644,-0.002020450866933279,0.006886011664418871,-0.20122110167373974,1.353563423912619,-1.6554206649224652,-0.9189713174881219
-0.0042375763765745466,0.011671776124613387,-0.0018928162487713872,0.006863279089944716,-0.1902280250771994,1.2687630281312214,-1.635013871419137,-0.8582386905381495
0.004766985141575472,0.012707739141923665,0.003151694620975491,0.006282209759963618,-0.2600457387447972,2.072948117805437,1.2321172260114952,-1.557416832656467
0.003990941114627689,0.01134758659684599,0.0014380502953168007,0.006877874854714415,-0.14909643448324336,0.9563038487124669,1.62539550901636,-0.6034527998106668
0.003998283023220463,0.011429348261571218,0.0015171145544981312,0.006836493008072352,-0.1573438540463393,1.0135718706140555,1.5992416903050932,-0.6601539763337078
0.003715240571897164,0.010860091698759504,8.558030663956528E-4,0.006883912350651438,-0.09419466297704092,0.5365925541061348,1.5914014653124775,-0.24278818864274013
0.0038088096386918,0.010955367875723264,9.805744289447524E-4,0.006921821174933449,-0.10450919310990184,0.6276071480501856,1.62909544026478,-0.3125183380721693
0.003935200906700914,0.011238237745609557,0.001306350050653048,0.006893107824847393,-0.13706465111108368,0.8617068952646534,1.6295733299185693,-0.5214452700514826
0.0038403587013878847,0.011091551880121507,0.001122928707015714,0.006889554809816449,-0.11964363236459045,0.7313540000796871,1.6149976078664465,-0.4111041252139747
0.004054065065055682,0.01150639302541506,0.0016205673307855032,0.006832405443175351,-0.16715767389725658,1.0851384142368135,1.6017440868445527,-0.719385320476169
0.004131533974049379,0.011600581016198994,0.0017553040450162128,0.0068306965680072695,-0.17867134959404082,1.1768373647631674,1.6065879629014248,-0.7933685477422604
0.003950883037700402,0.011497993939931282,0.001549760617746238,0.0067597150705057,-0.1616879431669446,1.0408980764440148,1.545099066651843,-0.6999553086488586
0.004089261088462341,0.011726216104012782,0.001834836871748593,0.006712698851483065,-0.18645680834054693,1.236862834624212,1.525000204804491,-0.8668147527777069
0.0041718482296708315,0.011802835152611352,0.001958329512074847,0.00671787467455074,-0.19533358448855195,1.3193010065795836,1.5331750748670971,-0.9295459461928713
0.004191223442907908,0.011903418630951354,0.0020549939025815405,0.006655771420406949,-0.20350335595832572,1.3851841790068429,1.4921004268150755,-0.9931940258618059
0.004233081464841909,0.012000671504607895,0.0021647965551247453,0.006608303265987111,-0.21110584278180203,1.4581949686911786,1.4617554062467055,-1.0582960891042348
0.004320772736726773,0.012059757230650421,0.0022828118074753167,0.006621082997061605,-0.21955130951375007,1.5346422779200573,1.4725329951010038,-1.1129897017726131
0.004363894473950112,0.012155104457360991,0.0023919775498428483,0.006568921372917495,-0.22700127818935403,1.6049786815742084,1.4379473963239011,-1.1755811925668207
0.004454767749514062,0.012236082114101715,0.002533291892669188,0.006558304504778289,-0.23588994727537474,1.6954926142831575,1.4314648889801023,-1.2439984831618525
0.004675031896587036,0.012556116006470063,0.002965070371248786,0.006388325646933147,-0.2561901714293695,1.9626601073944736,1.310214792086967,-1.4644039073671016
0.004667884556398711,0.012654574512919053,0.0030153034451820197,0.006280323643610117,-0.2541662381408865,1.989267156937497,1.2351010320105706,-1.4996028099020708
0.004563685950874039,0.012408648844606093,0.0027572374539703726,0.00646662040133019,-0.24733193510198612,1.8361465777788706,1.3667858139066142,-1.3616285993770385
0.00458960626436726,0.012500540478875725,0.002842655966713183,0.006391463782680915,-0.2494235940966718,1.8872438408348315,1.3143295554814693,-1.4105205303809543
0.004454009124788145,0.01235838556629531,0.0026176246704305395,0.006443502189139943,-0.2383231673168912,1.748301361495187,1.352462191927305,-1.3026591812710693
0.005596566950444075,0.013750748289266848,0.004488721105858022,0.005340640763023984,-0.21364842759980562,2.720137431330557,0.48745350002641713,-2.076813308581372
0.005613744945223924,0.0138350945580211,0.004509188564737286,0.005230484301384702,-0.2050181874672188,2.7019942646556494,0.4155876948480703,-2.0707807363563613
0.005643922113492249,0.013904871955536234,0.0045449656108215875,0.005142698524169225,-0.19751139147897592,2.697387639862527,0.3558811952974143,-2.071645079587301
0.005627753965103504,0.013996312780024434,0.004514155940853357,0.005018696368941074,-0.18960339016712421,2.643359322662075,0.28841227960331234,-2.042353036298334
0.005509045312034412,0.013723817816583285,0.004370915457512072,0.005354802765481008,-0.21722302949463598,2.6545443072836297,0.515706881458544,-2.0350668570919797
0.0054297334464034975,0.01367476318486413,0.004264314980615272,0.00539823991814618,-0.22240745685470661,2.603109519891054,0.559399118489437,-2.0001000715752806
0.005354985660492025,0.013609017052300151,0.004162160294279043,0.005461753166171024,-0.2267113425776409,2.558342065998767,0.6136873141846017,-1.9674801087796288
0.005287452583905801,0.013531333372396514,0.004066179179364508,0.005539875749282232,-0.23405576800640457,2.5195210664123753,0.6750636544867402,-1.9370261287278725
0.005062632063480732,0.01318280567076524,0.0037038904991378786,0.005886592745613165,-0.25491702649005843,2.3665382397568346,0.9358891830423863,-1.80613014746859
0.005077753589000785,0.013371848684365853,0.0037744452059778545,0.005662351895358269,-0.24097533552942826,2.373791496513664,0.7855385887603253,-1.832245745827738
0.0050342376055767645,0.013287892112889232,0.0037004934746141553,0.005746502751294684,-0.245149399969303,2.3444424863153217,0.8455227596591893,-1.8052659161043958
0.005129060850808274,0.013462812676929403,0.0038563105078020577,0.005570359787326004,-0.23594904690817886,2.404377991299804,0.7194396999477438,-1.8601470283237609
0.005187014777370233,0.013537596205956254,0.003940529726194457,0.005498057595696183,-0.23028902462789785,2.4382620370878536,0.6656630018661099,-1.8877410954552722
0.004767810199857207,0.012809773710060625,0.003205914883817377,0.0061703553682002504,-0.25696703540366966,2.0982189721640903,1.154542122006231,-1.5907557007913953
0.004780419159675992,0.012907220868312436,0.003266203306061187,0.0060689226448768915,-0.2541770612757816,2.1266635903156517,1.0846125519083925,-1.623498529564843
0.004955498821100197,0.013112971748882447,0.0035512439189801016,0.0059204463715172495,-0.2534713343122114,2.280283257969504,0.9700957777895826,-1.7450246606295912
0.004883053330534731,0.013041077665198941,0.0034394754163439498,0.005969365881628421,-0.25367673151450926,2.2202737314376666,1.009291427623414,-1.6988632142046094
0.004790578069060904,0.013015059963019868,0.0033237697185366246,0.005953200940023052,-0.2494079545500861,2.1502541677644076,1.0062190497358843,-1.6534729217637254
0.003526752885242598,0.010841772227281454,7.764170504748941E-4,0.006748909716204802,-0.0942678210200971,0.486178926031998,1.481724360437795,-0.2316296012472092
0.007701771238249934,0.015628333960106582,0.005961311283687223,0.0024169777486907768,0.03533531014193753,2.1061122645289028,-1.4140605512575453,-1.526589168789436
0.007533657688119236,0.015576259127370377,0.00586128343905341,0.002577179590871614,0.023193825330779374,2.166320457996345,-1.3101436399188702,-1.5926485360015021
0.006180692086598663,0.014540834287279508,0.005086817502178551,0.004315108731275085,-0.1163885258031581,2.702645018931746,-0.2410418978318578,-2.077786540055177
0.006101346142017757,0.014496815455437358,0.005002899519377886,0.0043798011796709205,-0.1251872819237537,2.6850627593269896,-0.18273807730869265,-2.069842412243108
0.005921577145724492,0.01421540927705211,0.004862201461923334,0.004755552546725664,-0.15761513958893536,2.751149876710112,0.06033995491629361,-2.1123188703973717
0.006024234113054305,0.014420304410648727,0.0049323039319518515,0.004483988035775124,-0.13564249625773392,2.688882416373176,-0.10792109370642201,-2.074083094942434
0.005963133129715965,0.014332503927528406,0.004882402472551597,0.0046004692259602195,-0.14630807322164643,2.706238524523062,-0.031556490994104965,-2.085435360270711
0.005796780751838703,0.014218726268627744,0.004696195835545374,0.00474506886267462,-0.16350391640772763,2.656899118080496,0.09378787205971179,-2.056016720521469
0.0070403665868264825,0.015064517213445018,0.005824260508346004,0.0034032908697581546,-0.014073995592914917,2.628538635729241,-0.9510413752363165,-1.9580306178266924
0.0069277255567405166,0.015011350811189955,0.005734084244309067,0.0035181087166228056,-0.026944955219171254,2.6480285786176765,-0.8614575982349421,-1.9835847659004389
0.007059728166303314,0.015270874320970474,0.0056670040493927145,0.0031582712303231605,-0.013281851716667098,2.4205883428927684,-0.995471538584481,-1.8219734297870862
0.0070027444431855785,0.015178283225963323,0.005682903449565792,0.0032886508763276742,-0.018474694851448797,2.500077452610432,-0.9450906252337774,-1.880162199363736
0.007407710757082948,0.015463962492322366,0.005852335341854544,0.0027651332304759473,0.01628646946938213,2.2745186137010234,-1.234783854095639,-1.6806905498637532
0.007260287024890247,0.01537722160143014,0.005785635028152812,0.0029394997632526034,0.004410432932366153,2.348633717562499,-1.1364853859656412,-1.7489908282958824
0.007117393624843632,0.01541284356225031,0.005604154860099888,0.002978111073802031,-0.008828345896200072,2.2963736475652823,-1.0447754776007658,-1.733736056917517
0.0068315556762495785,0.014949143463515483,0.00566632961249713,0.0036331696786396045,-0.037561398089417684,2.676464860697901,-0.7805013704448135,-2.0127234427812826
0.006683822057657402,0.01483664807763703,0.00556486069663402,0.003826127582373571,-0.05579600614023358,2.7249853340650074,-0.6484672570524525,-2.058304700074469
0.0067250537101934795,0.014922825119132097,0.005554799971236379,0.0037048887485130943,-0.05015994354898886,2.659344992199967,-0.7042817437623143,-2.0119126962535065
0.006571347651779408,0.014796092758958915,0.005449557528614978,0.003911286659166465,-0.06891774423615447,2.708610423497866,-0.5649252541057505,-2.05795570084307
0.006346780538663705,0.014633307905017129,0.005257029126606847,0.004171391530713828,-0.0981690885598736,2.7302681031787004,-0.3683146565372067,-2.087026982571214
0.006420962012743671,0.014692087002299231,0.005320721992801863,0.004080898724757111,-0.08635105814007749,2.7229317912130715,-0.4350872674511129,-2.0776307636826643
0.006460656729220357,0.014765454600900264,0.005328337923955832,0.003978590503310676,-0.08057006687461463,2.68001845650569,-0.4904657620917023,-2.0468383895499134
0.006235537279624304,0.01464888087792877,0.005106363377283952,0.004169227526002191,-0.10516971268343829,2.6514071400796086,-0.3234028337648312,-2.0424102918853033
0.005658009599781287,0.014096948081448617,0.00453972460464764,0.004891382378584879,-0.1786834827033579,2.619776045682638,0.2096143127613639,-2.030965157528985
0.005694469318918771,0.01418559002116868,0.004570907938641056,0.0047808708523144955,-0.17094087604977834,2.601644792966178,0.14168659341237336,-2.0217273777976286
-0.004819003877551229,0.01241877543158111,-0.0030275681523239018,0.006630679182449508,-0.2695138799411989,2.011194163029972,-1.4780812597654314,-1.4561106400171704
-0.004851086900766507,0.012509809472616146,-0.0031247009963007205,0.0065539031349124205,-0.27158638578685906,2.0700693877042764,-1.4214081660802669,-1.5111536271428687
-0.004851914812817281,0.012602412120294693,-0.0031845486858627712,0.0064517135302267865,-0.27021036308845203,2.1027373834495715,-1.348179212025198,-1.5513714210431517
-0.004863018494168359,0.012686418887760887,-0.0032466265865209658,0.006364438765055304,-0.26860073439750054,2.136321306386146,-1.2851473558949476,-1.5886576224802071
-0.004629232184927175,0.012157286834615609,-0.002637278304561754,0.00675781807763235,-0.24874628574153376,1.7615261904232329,-1.5721396844085314,-1.2529614557993283
-0.004713645339343033,0.012320950462331075,-0.002846626467089636,0.0066578818968464305,-0.25995302094664563,1.8956049152614092,-1.499847308380785,-1.369402676915865
-0.004727471398109247,0.012406714001897003,-0.0029221895423659494,0.006579229286488579,-0.2617453890858981,1.9419832584413081,-1.4434346673086171,-1.4169157333065818
-0.004610908787640451,0.012236318721340875,-0.002681047549407315,0.006668162700003828,-0.2498821155928533,1.789402862524846,-1.5082421576281086,-1.2911269159839451
-0.004641302588032331,0.012293435857348538,-0.002753533133370074,0.006633879586564835,-0.25236964372441467,1.835454754032917,-1.4837129929195765,-1.330996149891283
-0.004548409034891533,0.012101467724935491,-0.002516560270276984,0.006749562108943071,-0.23981136357695973,1.683326278457603,-1.5657133326865385,-1.1976061886001543
-0.004462834268332836,0.012051118455662278,-0.002398740632080912,0.0067312353314391065,-0.2303672220133812,1.6069307251166427,-1.55180360886265,-1.1449568167742419
-0.0043745513164278665,0.01191705508356329,-0.0022126230618350422,0.006779495221096028,-0.21696000759974157,1.4845334703437616,-1.5832633910657081,-1.0431227061452022
-0.004398258985566358,0.012000740141823497,-0.002301908165063888,0.00672714269369319,-0.22297886607537293,1.5441497306254428,-1.547762149420439,-1.0988666750659937
-0.005814474611955729,0.013568608871567137,-0.004798841093882931,0.005660173186108529,-0.2288153529818839,3.00447861855872,-0.6447998170920335,-2.2299385340285505
-0.005747003191461314,0.013563432199128651,-0.004698672086761564,0.005646885938986878,-0.23097295231077827,2.934495232599792,-0.6525513704271422,-2.1887224082274486
-0.0058859358645692176,0.013675754322898352,-0.004904345879639476,0.005519359330544533,-0.2135648317446828,3.0319159895860923,-0.5286861899119634,-2.25597592968394
-0.005843378087864253,0.01362456060591951,-0.004842237912771308,0.005584888827308547,-0.22149081550415436,3.0111111077918937,-0.5849619771344777,-2.239315310378736
-0.005936846288625609,0.01372532386381973,-0.004977388553186903,0.005456629487570781,-0.20545707536349367,3.0601440358532663,-0.471698374936206,-2.2763412064773374
-0.005869916682690023,0.013732003522534392,-0.004876877954071455,0.005431745435970771,-0.20795052815350754,2.986782867588745,-0.47503751432411107,-2.2341068050872717
-0.005963092812835475,0.01379789775481035,-0.005008585266818109,0.005352759949458536,-0.1962701116157484,3.0463022508678583,-0.3955402012818092,-2.2733345712427604
-0.005992004859549204,0.013863548721601462,-0.005041669418767725,0.005259598244582913,-0.1874450835099032,3.0357234843509455,-0.32704468382692437,-2.270887516523693
-0.005687038257454182,0.013552093353233378,-0.004610939429790333,0.0056443007385247644,-0.23336712543267876,2.87728972435033,-0.6653565982510269,-2.153935756477456
-0.005621203082238322,0.013527260868826736,-0.004515026290349087,0.005658141517624399,-0.2367109494186205,2.819475778269996,-0.6896590399177595,-2.1172838971834165
-0.005485978044345991,0.01333815224198271,-0.004297318742725023,0.00587220887534149,-0.25586697798038477,2.730186560389836,-0.8648952572460157,-2.0423375279881593
-0.005516926078198766,0.013393689911463781,-0.0043509778914711875,0.005807670641165598,-0.2507682234190758,2.7505111791232557,-0.813929472150193,-2.0613701092654035
-0.005552721273431139,0.0134450742883132,-0.00440907479634071,0.005749681804195317,-0.24528112775682456,2.77429839634933,-0.7666954962873884,-2.0815158823612925
-0.005570600036104281,0.013498780106759149,-0.004440926406036579,0.005680903149750001,-0.240347004665646,2.778151577891104,-0.7158799218589686,-2.0897405257347037
-0.005358510263506992,0.01318270039675231,-0.0040829927048766585,0.0060267450844756236,-0.2678716113677931,2.6226350339856483,-0.9953758094804029,-1.9572051904738814
-0.005397519242681041,0.01325301108472825,-0.0041557880279694745,0.005950147994740953,-0.26261580786564426,2.655133632988665,-0.9349120615853445,-1.986645809479423
-0.005412330339519031,0.013332870807258097,-0.004195249059144347,0.005848346630427304,-0.25537326987461206,2.6604468199776665,-0.8613099136279309,-2.0005804329209913
-0.005068893652424003,0.012852013522647594,-0.003576992256851603,0.006294959797632615,-0.27672186474630306,2.338482404077291,-1.221223524201468,-1.7357804104079768
-0.0049848370999209125,0.012799429705634639,-0.003449099941855636,0.0063081150935598036,-0.27332315825192705,2.2590185183770894,-1.2370543893493442,-1.6806760978248145
-0.004873470435208592,0.01277273208058071,-0.003305664955546768,0.006272763491492492,-0.26631593887693744,2.166707418961364,-1.2196091719031215,-1.6233054265229356
-0.005256800566650391,0.013099039932422516,-0.003920399941117039,0.006086704933717863,-0.2708941604456756,2.5289801387500215,-1.0520582658044082,-1.8895662698043105
-0.005183612341092958,0.013068644576862944,-0.003814885123189947,0.006088165249484203,-0.2693932810228991,2.4629906285282455,-1.0617424823010249,-1.8461902250473479
-0.005274054123313522,0.01317202534987076,-0.003967628081789029,0.005999972113557837,-0.2655567205993538,2.544921237009939,-0.9881321129883016,-1.9102906128451387
-0.005083078702841698,0.012932759957577722,-0.00363254305103906,0.00620409866752657,-0.2726217538081826,2.363583081025984,-1.154648196588479,-1.7654244392652954
-0.005112605062527963,0.013020108694996545,-0.003706460972608413,0.0061120759155753315,-0.2687444040150852,2.398746431885534,-1.0863507352416553,-1.8009074801806995
-0.006668352805899893,0.014312139464355753,-0.005894223292347977,0.0045603830820585625,-0.07751901478978908,3.2821243972744703,0.35866526656193476,-2.4019876446248145
-0.006609336686168297,0.014312690055088081,-0.005804321681599667,0.004571516028604755,-0.08588983472099544,3.2309352428895584,0.3210998135594569,-2.376171554140765
-0.006837552340481723,0.014366833358676959,-0.006116361247375509,0.004432727057007277,-0.048969783638611875,3.357817922459589,0.516639980008986,-2.4310040134741917
-0.006790053688272294,0.01435932640954452,-0.006048924148464659,0.004458149891110202,-0.05684105395566056,3.3280830533545966,0.4761226110085834,-2.4184188675846894
-0.006746092926575848,0.014343310539372846,-0.005992709969803577,0.004494457320006867,-0.06455069600739217,3.3113228487925737,0.4338101109813354,-2.412580126902953
-0.006699615021807875,0.014353298332618959,-0.005915415961993798,0.0044907895454455475,-0.07111533223427184,3.2601180296950987,0.40841606692181903,-2.3865467628038837
-0.00684674648904458,0.014415422149383586,-0.006094466078058239,0.004355846822160711,-0.04625295629056417,3.3018042792977567,0.5548075764134922,-2.397121810145315
-0.006857439151746599,0.014453360208789134,-0.0060820246053564795,0.00429545861491832,-0.04390076918827036,3.2612236973200956,0.5858300742876517,-2.371928476551293
-0.006883673318864224,0.01447949701378431,-0.006100980548658152,0.004247685926196647,-0.03900753557807434,3.246663401842305,0.6211656668260055,-2.360312814485067
-0.006961412368338061,0.014521910020061524,-0.0061817256806187,0.004156204256631531,-0.02619297573045936,3.2452804812404574,0.7057098073396951,-2.350055812980806
-0.006907173124798722,0.014510790763424115,-0.006111120899596326,0.00419318631825738,-0.03479485747171046,3.2229194410127007,0.6568081214555447,-2.343259371628749
-0.006020869910837321,0.01392972057260675,-0.0050718135448313455,0.005165398552238934,-0.178878796359403,3.021688606615268,-0.2591685038915526,-2.265630751909858
-0.006180532924270907,0.014005400895309342,-0.005291134552866541,0.005066170522402809,-0.1589107467197096,3.1239648704427494,-0.1417879153955182,-2.32647745348191
-0.006118354993550165,0.013996032286213753,-0.005200499313103446,0.005076300410929882,-0.16506168848558622,3.0701200199215744,-0.17112854221662302,-2.295649409344947
-0.0060490717898746315,0.013993012331281982,-0.0050989227989972205,0.005075248611136348,-0.17071298432664328,3.0060833758733865,-0.1954111384266262,-2.2586706861871195
-0.006284142574910441,0.014132900103966468,-0.005402982363102674,0.004876109377944446,-0.1372350988819323,3.1173685291296676,0.009032922020327324,-2.323451549950897
-0.006235870973895982,0.014113362934744472,-0.005338328173681753,0.004905850907985879,-0.14416756981700724,3.089555402295163,-0.027290709035047395,-2.307835578124607
-0.00619297421617261,0.014054845556606433,-0.005294411191222427,0.004992440055103077,-0.15366514075833348,3.0967956758515585,-0.09396329184782527,-2.311828693371067
-0.006224181071408581,0.014076237254283426,-0.005333971679725963,0.004961138222415953,-0.14794905796710212,3.1092199621114176,-0.06352498321931871,-2.3189972915636248
-0.0064363677904990925,0.014172093289126123,-0.00561625952847213,0.004808999985691862,-0.1173720335466628,3.223631272888523,0.11363023687606433,-2.3807302386214584
-0.006523672807013506,0.014249005422834464,-0.005710631909054597,0.004682087227747319,-0.10085700852314981,3.2249651185892674,0.22218724919223834,-2.3778854694415568
-0.006471966965463394,0.01421953021043395,-0.005647404141724357,0.0047333450457993234,-0.1099116132251061,3.208943787871742,0.17056326339562966,-2.3709311843609133
-0.006540997384800411,0.01431029825529783,-0.005703160121426166,0.004587229580359772,-0.0950320987686515,3.1751528916154217,0.27803886162897734,-2.3476499070192047
-0.006373573963812293,0.014187525018411707,-0.0055141158356553375,0.0047903545284606495,-0.1236666421083915,3.150355057656938,0.0945053358456139,-2.3405833831482514
-0.0062980671289788875,0.014187409206214361,-0.005401895721484228,0.004794698752769252,-0.13149685809220532,3.082454299010735,0.059081357736102326,-2.3032851104933783
-0.007107728908277505,0.014630833072537295,-0.006298608148486938,0.003934515115582211,-0.001962496187681534,3.187345217591734,0.8782786790889209,-2.2948550070076084
-0.007030606706925454,0.014600569868483924,-0.006215555474554401,0.004013244348057741,-0.014313719283355382,3.1837202632280186,0.8003969652177779,-2.3038344329640856
-0.00697127086707665,0.01458828805712666,-0.006141125482739238,0.0040560184026366035,-0.02348916644527897,3.163708205060603,0.7463560076100912,-2.299858569183544
-0.007059162463793028,0.014632021963322259,-0.006228633799630503,0.003955670728093205,-0.01026857516178809,3.1582502563610486,0.8374522535002266,-2.2845040544035147
-0.007166415749545186,0.014632539146075867,-0.006380524813045118,0.003902881429516531,0.007601940703432309,3.217406293877896,0.930441557124884,-2.3036516761225023
-0.007970781896474809,0.014817871931771521,-0.007251140454906276,0.003052749291463728,0.13855977913131656,3.1582137176399923,1.7873831713839334,-2.0759414260372115
-0.007931418705001456,0.014819045842005597,-0.007200296243756251,0.003089294787582403,0.13115949635042623,3.1553939307107233,1.7431553547676528,-2.0872944126045754
-0.007985533168028136,0.01485779850216773,-0.007212414947694847,0.002989201983771187,0.13544987665101235,3.088107160981409,1.79681054983509,-2.0327323459742384
-0.008138689529359528,0.014927236280102636,-0.007291392025344346,0.0027524506037435973,0.15011213758869327,2.9553269403981415,1.945870487806671,-1.9078393337263453
-0.008114797085584144,0.014900322631365055,-0.007304018399424684,0.0028082275943336196,0.15057501855798097,3.0044564098879327,1.9281867255204275,-1.9427340965647404
-0.008085043575761992,0.01488493333213971,-0.00729209572002455,0.0028569509158452807,0.14818187866749222,3.0345339503846827,1.9000106295159347,-1.9694885395768311
-0.008002803360377429,0.014884253647006416,-0.007195603951355815,0.0029403864879150297,0.13442385932875875,3.042123638627249,1.8103700928653428,-2.001907889197693
-0.008030695148898178,0.014893873613836275,-0.007215034926177355,0.002901411454521306,0.13775105132399024,3.0241531252723917,1.838498030239969,-1.982766886891812
-0.008057077348966135,0.014900638421078737,-0.007236353011226521,0.002867011939867926,0.1411757529255203,3.0105431023767237,1.8654174540573607,-1.9663680525176006
-0.007305443686517088,0.014648017127658852,-0.006563242660197193,0.0038041480663510677,0.03148971694534156,3.266976958016999,1.064426890788887,-2.30868112031696
-0.007260183974627006,0.014649229517014703,-0.006497661875020181,0.0038286148174285647,0.022988575090111967,3.2426766370695352,1.0218552611479026,-2.302665664149005
-0.007219936042103652,0.014672460943563252,-0.0064177333509698896,0.0038181072848055687,0.015534908416258915,3.187892168498019,0.9929566429855382,-2.27710319544236
-0.007332950009277933,0.014685007739197842,-0.006563513561933497,0.003735472667040937,0.03442601968057123,3.2233630925312604,1.1019570675429067,-2.2776965504374362
-0.007364668212411063,0.014716878331247962,-0.006573931151047207,0.0036716155268002146,0.03871481091342121,3.1888322638709643,1.1407286072043916,-2.251215681146453
-0.00739623170096765,0.014742586718283227,-0.006589632993571627,0.00361633582915194,0.04259688553146226,3.1623394070179622,1.177049207661914,-2.2293523234725643
-0.007432656682008122,0.014759843694163458,-0.006620269995802804,0.0035690935511548975,0.0481773298234018,3.1496163035528952,1.215736362686247,-2.2144612878109955
-0.007671559856487276,0.014799708848558897,-0.0068921051986510365,0.0033415177155799235,0.08695130161591237,3.155316095054592,1.4621915342880116,-2.162478616251686
-0.007700705419890441,0.01482783622830417,-0.006894844636311558,0.0032814870598072967,0.0891216895547877,3.115221327109611,1.4932576722981574,-2.1320020976997043
-0.007460913789907675,0.01479797933546793,-0.006615865691306587,0.003499021364695161,0.05064343953703575,3.101290948237264,1.2500511239504524,-2.179978722509548
-0.007621144753614226,0.01480934467706485,-0.006814218262871736,0.003368331888260051,0.07711665591353038,3.128437532602916,1.410379245803079,-2.1597408607219895
-0.00756803516442367,0.014812622375754765,-0.006740643036589375,0.0034039654648728586,0.06772816257352365,3.1100084443784097,1.3569272810083604,-2.16162782250873
-0.007514315440904548,0.014810875423248453,-0.0066719966865163025,0.0034450080910116945,0.059025790914650635,3.0979080481874632,1.3036506905347787,-2.166575073522836
-0.007831123616520963,0.014825210854724482,-0.007065242314025582,0.0031738832809805446,0.11255230797138353,3.1377964085808014,1.632032567728137,-2.1086192316264856
-0.00778766625587985,0.014833685696374464,-0.006998781398698213,0.003201181342132146,0.10392425076624497,3.1187788397635927,1.5848070002228865,-2.110476908654497
-0.007741948843279698,0.014832754649566383,-0.006941617550649937,0.003241206196237443,0.09590057614815849,3.114150174075327,1.536450732337704,-2.1204706934202346
-0.0077090660516660765,0.01486568973362788,-0.0068580569015725965,0.003226339697976505,0.08700531409128841,3.05552556683255,1.5019347304955541,-2.0956197555912865
-0.007900500033185686,0.014838588081125058,-0.00713445970151638,0.003093923098252738,0.12312905173484708,3.1199694236131097,1.7063472055546212,-2.077651256218275
-0.007858778296872817,0.014856135126786928,-0.007058534299816953,0.003110214047756092,0.11356387380577494,3.0879331878761316,1.6591621864974908,-2.072553812307931
-0.008226956976866942,0.014953798289587289,-0.0073494984630899235,0.0026285806353785993,0.15940164800471499,2.893077623430891,2.0309372936926047,-1.841823775790002
-0.008186149999886788,0.014977077636501815,-0.0072698721345134925,0.0026470380243198035,0.14945032552592594,2.863322820200782,1.9793868744351588,-1.8415051932631477
-0.008128490309491008,0.01496433836996741,-0.007225128362633206,0.0027213319004866844,0.14261718959776185,2.8948560438631614,1.9234198947750316,-1.8790799098633044
-0.008153147439555008,0.014978196580012107,-0.007232067099992498,0.002680450234347881,0.1443093405936586,2.867914987620541,1.9446400026629385,-1.8558637205986348
-0.008281896550362197,0.014974915113175544,-0.007376113639322252,0.00254539956823839,0.16416145167905039,2.843680613068759,2.0803458508928387,-1.7945572657059026
-0.008249856253156725,0.014974419167885509,-0.007342749732373768,0.0025813010850228822,0.15914857701181478,2.8530414397951014,2.0470075259318397,-1.8119913175397784
-0.008565083137547107,0.015002016040298348,-0.0076144981047408964,0.0021830896969668927,0.19788852507077984,2.687941149114016,2.3577276649990098,-1.591918867122511
-0.008589121640526618,0.015028869110157156,-0.007591527934928319,0.0021283641752821094,0.195153585805805,2.6320190458199915,2.3645774039823384,-1.5535075952123572
-0.008618500215077636,0.015052464534685246,-0.007578237954882189,0.0020704616293606404,0.19385044046398495,2.578905543030763,2.377765512928889,-1.5139145113732424
-0.0085265296092959,0.015003785730644315,-0.007575402877131634,0.002229331549410484,0.19239169244555845,2.70383022189169,2.317812736230072,-1.6181315116680433
-0.00832208990165172,0.014974170368983825,-0.00741954405253143,0.0025009868120255507,0.1700499904852548,2.832962635503505,2.122780107597174,-1.772775768860242
-0.008293147147400919,0.015003994468557408,-0.007343049867472367,0.002502383749178503,0.16060834871943652,2.7925457513493956,2.0795392457305573,-1.7636014741739416
-0.008368653128195718,0.014992966623586734,-0.007437918381401188,0.00242833540418284,0.17326869842672468,2.786367946233782,2.1623524567271257,-1.7296523634866678
-0.008488627498520973,0.015021638358405448,-0.007510060016378756,0.0022585636706125498,0.18411713361558132,2.6920886983958208,2.2693389568168407,-1.629947865224212
-0.008409494296537348,0.015005899986290643,-0.007458412975397802,0.0023678728143889435,0.17646496421512736,2.7501711716402344,2.197811102173574,-1.6939114927010117
-0.008438157889870155,0.015013343396396468,-0.0074747520438100375,0.0023268168313045545,0.17907608817842155,2.7268498989976395,2.223012858237372,-1.6697508658444273
-0.008455689872226111,0.015035144911792203,-0.007456671948582807,0.002284950240174281,0.17709001997698118,2.684537331864677,2.2289697383772658,-1.6408958545362236
-0.008387188049943359,0.015031869777894495,-0.0073950580014547785,0.0023679696991117986,0.16897194192738502,2.7166494855464864,2.162210702847448,-1.6863801285710376
-0.010100886301336043,0.015123249640772852,-0.008085221488508397,-1.593595500996292E-4,0.2441060302361777,1.0092134775594845,3.1970753613195018,0.1182067562630452
-0.010124517450609858,0.015126568388684923,-0.0080770161983107,-1.9632224280052065E-4,0.24268535779404268,0.9761818654605615,3.195543566974979,0.14731568650359225
-0.010143958655564542,0.015124682242946295,-0.008078923423061794,-2.2708990114544562E-4,0.24283213639421417,0.9523972203638855,3.199832249166339,0.17190491657086654
-0.010164341466212264,0.015128264740577883,-0.008069878083038046,-2.587493231664532E-4,0.24132827511208685,0.923349051972602,3.196999298515635,0.19682363242821005
-0.010188353365893583,0.015134996640804955,-0.008054047246027126,-2.955733489904185E-4,0.23911514082371907,0.8875083546462351,3.190092097100116,0.2255608298840204
-0.010285954725011837,0.015128741007455154,-0.008050504738077375,-4.4896508029505615E-4,0.23738351179877104,0.7646929622378266,3.2003729177692324,0.3480554371854874
-0.010266788445868676,0.015122912674549417,-0.008065302921026047,-4.201282597719821E-4,0.2394571566279035,0.7934420261733531,3.20787114674978,0.32564044386811475
-0.010215997162457776,0.015130869702624903,-0.008058255610807682,-3.393605754761978E-4,0.2392912728853966,0.854514808200934,3.196690066624408,0.26065690280640785
-0.010245416737933031,0.01512895872609909,-0.008057363381015885,-3.85656872155153E-4,0.23868355438522323,0.8174962975512204,3.19994691525088,0.29761679473371533
-0.010308972062863664,0.015134270319218553,-0.008035286583933128,-4.8366149413476975E-4,0.23537634124994786,0.7312363082385797,3.192874032630287,0.3751280362569504
-0.010331757219518156,0.015140335541038219,-0.008018799096317747,-5.17636264290166E-4,0.23302417730617173,0.6979713953581572,3.184359496009274,0.4015633680507848
-0.010354294324440728,0.015137604057509512,-0.008018826642713748,-5.530877386783949E-4,0.2329744820750229,0.6702187594441665,3.186622799072089,0.42997572705941645
-0.010390188813964394,0.015154313528140876,-0.007978189856967301,-6.040641663679966E-4,0.2280380389833274,0.6143791776249059,3.162964488930267,0.46886074568602204
-0.010368937858764901,0.015153148799693178,-0.007985754223940305,-5.718499330723562E-4,0.22900462524998638,0.6424881473102318,3.1660583446327455,0.44337689066839997
-0.00982362723347655,0.01513607018393008,-0.008052350073903545,2.762267950435446E-4,0.24450381200842844,1.3468891708795776,3.1198783880015912,-0.22612183636627292
-0.009805022568426561,0.015161785687370758,-0.008000420408279139,3.017842121102806E-4,0.23818089748913038,1.3449571191216074,3.082852583369924,-0.2469359062731877
-0.009853551501072946,0.015147578569459651,-0.008033531975809943,2.2823251410144035E-4,0.2415524144121136,1.2997119953341756,3.1150171295396887,-0.18903494189703218
-0.009881524036170618,0.015155390981753177,-0.008021111932565904,1.8399908773320513E-4,0.23955384741362543,1.258481833941971,3.1134284687656355,-0.15470122166373104
-0.00990873927212504,0.01515865567670377,-0.008016876337090343,1.414930858261088E-4,0.2385770745129883,1.222328169862543,3.11661426825191,-0.12154989252192495
-0.009934821385584311,0.01515785193063799,-0.008019898376091053,1.0103088036623847E-4,0.23859961283036069,1.1909545477627175,3.1239930483320926,-0.08972916780468888
-0.009977108050312702,0.015146289679693914,-0.008043577968315,3.552149029623819E-5,0.24090425756320014,1.148240453836298,3.1476501939484596,-0.03755705748520779
-0.009957958537512539,0.015153519044706685,-0.008029157072740026,6.52091503333033E-5,0.2393952181653751,1.1660202497321432,3.13460479505869,-0.061335869260441704
-0.00976140991647053,0.015169417786420196,-0.007979275613244121,3.677805569906667E-4,0.2361881392059221,1.3892985914287053,3.0590242319682948,-0.29842301654167414
-0.009784901906756764,0.01518358635274706,-0.007955957325098668,3.2959072176834723E-4,0.23303012842945411,1.3481919582886694,3.0503546588076706,-0.26912749058725066
-0.009994208688555233,0.015158692554702079,-0.00801991707716715,8.709887029372935E-6,0.2377045799152339,1.1166366082464785,3.1357443445107047,-0.017119531748387706
-0.010016555518855216,0.015169558465845882,-0.00799907512392408,-2.5934601910107296E-5,0.23486002241010515,1.0800706994335458,3.1265159029615397,0.009579827277184426
-0.01008396824963332,0.015142852837022531,-0.008048313039671183,-1.3161403049214806E-4,0.23990636585226424,1.0159650927460506,3.1701805144863626,0.09479901254187216
-0.010062909339063886,0.015160409000651834,-0.008015529234615485,-9.798452737061807E-5,0.23614943852105316,1.0293022842671677,3.145376202274735,0.0669580258241723
-0.010041749375448293,0.015179968156265123,-0.007978791438541214,-6.464704363606153E-5,0.2320420584198248,1.040622594044584,3.1179439619999836,0.0394995726224853
-0.010065591185000288,0.01518495425721304,-0.007968538972726718,-1.0115603924013574E-4,0.23060015304203824,1.0073035122216931,3.1154078367428357,0.06793070073310405
-0.009286230582736841,0.015149499646353001,-0.007863638248116601,0.0010890345771999608,0.2282045181895756,1.9252050813817638,2.8417427732288125,-0.8427127138078648
-0.009189716425860861,0.015151090150162461,-0.00781186040068897,0.0012276807578128705,0.22287978100961153,2.0138992484074447,2.775474446473735,-0.942348094190565
-0.009202149281221698,0.0151673330943025,-0.007788861752027173,0.0012013346651133163,0.21977682071140553,1.9815726644255878,2.7682478315904318,-0.9223841045437574
-0.00922907881292546,0.015172130981100101,-0.007793998653974547,0.001160464328244392,0.22002689305648881,1.9507781780878168,2.781681768548332,-0.8928582664435548
-0.009258247298934234,0.015171788098063094,-0.007809132990403122,0.0011188031130246758,0.22187872462512978,1.9239737502991399,2.801183817445827,-0.8629364268883883
-0.008861138242527442,0.0150514170538638,-0.007779168188041236,0.0017529205663321928,0.22021769680677702,2.426673819279024,2.60376271832876,-1.3145737764287952
-0.008886458415524774,0.015062100796469502,-0.0077791140432036535,0.001710255943723432,0.22014118783316605,2.3918211329181323,2.6172990436245667,-1.2848251021600745
-0.009002213376543913,0.01509012893254083,-0.007810105166729138,0.0015299933369953684,0.22372045239186136,2.260232635337919,2.6909179608986338,-1.1597366289598958
-0.008913173345617573,0.015071688883834112,-0.007781528208649725,0.0016665328107103043,0.22043219477501205,2.3573313164367993,2.6324491827475582,-1.2543503561261955
-0.008973733509394703,0.015081369738039183,-0.007806708473906908,0.0015757488451499065,0.22349484515093646,2.2959055649065587,2.6752787591821297,-1.1919687972816109
-0.00894060332553336,0.015079971648689265,-0.0077862541701486905,0.001622770205178728,0.22096274875624114,2.3239839526424615,2.648761627240072,-1.2238802391794976
-0.00913360524408088,0.01511071235041752,-0.007854432169748323,0.0013306397267802835,0.2285819717939402,2.11884866909903,2.774117554706429,-1.018936487410741
-0.009166950939356709,0.015149193819101393,-0.007802969201213829,0.0012612079989674505,0.2218127620036039,2.037011884384152,2.7613411998622825,-0.9663635647560653
-0.009141068372566995,0.015147564637307398,-0.007791501857331241,0.0012988841074561607,0.22051625118730675,2.0622304864268046,2.74442944391108,-0.9931455168226176
-0.009094556947125637,0.015117271915663727,-0.007819383704239112,0.0013825219482770951,0.2244099192898981,2.1441223712545967,2.73858309797031,-1.054754872363597
-0.00902317591822093,0.01511280362117433,-0.007782963716423111,0.0014858253890088194,0.22022441473849486,2.210490323037297,2.6874008195149304,-1.126742497996786
-0.00906002433364669,0.015120245468310749,-0.007792877851184112,0.001429488578891313,0.22120524463429872,2.169466696779606,2.7093984612256485,-1.0871395533875265
-0.008814748674281607,0.015054713423660058,-0.0077376533743188135,0.0018132793537988135,0.2148638582110272,2.4544730215080364,2.559371337524325,-1.3534611615436012
-0.008838263212743516,0.015070956185317605,-0.007727255026424996,0.0017691037428259348,0.2134790713150488,2.4132074504392915,2.567526247025801,-1.3221524276261523
-0.008711715217169437,0.015041318780199243,-0.007677399684146417,0.0019606983379372458,0.20689387292228914,2.542499913890076,2.4742102565448083,-1.4492729010025631
-0.00873970986439229,0.015052978405726156,-0.007680553416607924,0.001914375298144013,0.20740807707497533,2.5068391977868973,2.4918345327479154,-1.418191026453012
-0.008683443237157024,0.015057004417446741,-0.007626691664467428,0.0019840603703279148,0.20030831931531637,2.535042554700672,2.436350414434093,-1.4607252267051918
-0.008650544819988918,0.015075434547330971,-0.007567544305731881,0.002010225501434004,0.1927926200231134,2.5253426630630638,2.392856042604846,-1.4728165963459856
-0.008787120034841491,0.015067571092612711,-0.007693462803452345,0.0018400647917202878,0.20916301997247566,2.453390123132257,2.5243315359993628,-1.3684845722707595
-0.008756675929893648,0.015078375650699603,-0.007650536077502919,0.0018715351144951364,0.2036992762803778,2.4567903876015738,2.4885755732360817,-1.3865729453413866
-0.009312948432401618,0.01517022115655372,-0.00783783431907398,0.0010404625037710553,0.22475856424214521,1.8735251522740661,2.8376229418514227,-0.8061889197150766
-0.009394323563775642,0.015173839349681638,-0.007866116202030456,9.198823765385905E-4,0.22739111464436526,1.7881461256633737,2.882665482525591,-0.7173794547448556
-0.009361806013236924,0.015181016455399035,-0.007839387371881,9.645646996822959E-4,0.22451924501016648,1.81233394278036,2.8561589526085704,-0.750067143716573
-0.009335066294470616,0.015184960958510412,-0.007820599121267844,0.0010017705353742585,0.2221817644471677,1.8340054248529138,2.836104595327456,-0.7771625314128315
-0.009377376031962124,0.015202851460496505,-0.007805660405744219,9.328413612107875E-4,0.2200378257131635,1.771141304731546,2.842599587125742,-0.7258455902668993
-0.009427516822130413,0.015181380384991366,-0.007865138944766857,8.680468887729908E-4,0.22676307824116618,1.7454071275568526,2.8934135649775565,-0.6786795891606237
-0.009453947605060341,0.015183739870327524,-0.007870609102472368,8.281346164850913E-4,0.22734270184267205,1.7154092303237995,2.905310111468137,-0.6489348968362618
-0.009500928164669877,0.015177886277227723,-0.007897971238015299,7.604225354135515E-4,0.2299703289693694,1.6726108661932553,2.9363807769456702,-0.5983569727475543
-0.009476621842691204,0.015199206411121354,-0.007849911916772217,7.891718110454212E-4,0.2244064196970239,1.674272581426278,2.9007345522228225,-0.6193619429836379
-0.009687970167103401,0.01519693266358694,-0.007913271140095086,4.744049745059992E-4,0.2292188850698297,1.4468783552950433,2.9997525228488375,-0.3809617444114554
-0.009739035665410527,0.015186506001722715,-0.007942934816757218,3.990462550854281E-4,0.23215583541600213,1.3987908024916882,3.031017904442954,-0.3229070203645144
-0.009714497560433013,0.015195603695828605,-0.007921155923231242,4.345874891235635E-4,0.22984168415824405,1.4180873455678358,3.0114632970401476,-0.35038670275637346
-0.009530613288901861,0.015187293960054915,-0.007890001166058667,7.131047746304797E-4,0.22849698762593249,1.6304488665572723,2.940967702870316,-0.5625687206081419
-0.009555583441404825,0.015188686058269141,-0.007895049546265647,6.753867955317948E-4,0.22900444147136886,1.6020570682865387,2.951498972461183,-0.5341198170723348
-0.009577525660552364,0.015201716610022726,-0.007877016796363349,6.388591484985011E-4,0.2263841418219479,1.564321663534663,2.947374273447021,-0.5063028728050128
-0.009638180486138249,0.015212312982606637,-0.00787311097714094,5.456235860034569E-4,0.22513037685022833,1.4871004987446872,2.962219887280168,-0.4354784440575347
-0.009608577138295828,0.01521479389990705,-0.00786103119342872,5.890963282685662E-4,0.22398123969253622,1.516995679642834,2.9468175026568315,-0.46851463314743086
-0.009663262568365328,0.015228074114809852,-0.007849543772658363,5.046073767007532E-4,0.22187666604011197,1.4437348578800397,2.954841184445352,-0.40423450247388665
-0.011017114860352801,0.014989647107472756,-0.00798511053026823,-0.0016276512031817806,0.22766530637612362,-0.15705906893663532,3.173860689369683,1.30066015935577
-0.011010157471800302,0.015010903459384486,-0.007951335651323528,-0.0016028202054191988,0.22391462983464008,-0.15043951327584984,3.1514073589648803,1.2768628265551654
-0.010992066230174334,0.015014366520083013,-0.007957370767463516,-0.0015742240011846298,0.22441616774215215,-0.12746784116796264,3.156684730274931,1.2540915204482348
-0.010972985257458559,0.015018760431361603,-0.007962138138510384,-0.0015435218316722408,0.2248055668617108,-0.10329503177876653,3.1610865445924,1.2294369908081935
-0.010846466636952094,0.01502951722107141,-0.008021083542195447,-0.0013498895662907137,0.23068451986485553,0.06090921820760132,3.2064180732488095,1.0765323547488632
-0.010929906248482687,0.015021567895931093,-0.007984957638178854,-0.0014785964972829763,0.22701065611303944,-0.047500471202457054,3.1788667477729096,1.1784901522696702
-0.010949985759221077,0.015025986161708721,-0.007964011461537324,-0.0015052199764917433,0.2247693083885547,-0.07447039347735517,3.163642848776778,1.1982888694096687
-0.010912525166180869,0.015027384774609104,-0.007985220447249574,-0.001449323953139974,0.2269534633337709,-0.02577550706994264,3.179814539284322,1.15458079337777
-0.010890840075508865,0.015032017860122003,-0.007990051879095537,-0.0014144349039831186,0.2273680926748434,0.001790502882586132,3.1839513602592233,1.126499519168059
-0.01086826946926828,0.015032308964462832,-0.008003086739531214,-0.0013807758729459348,0.22874645431762905,0.03143392661387973,3.1935700617488396,1.100176236925334
-0.010836174878840771,0.015047619546451608,-0.007993455977069817,-0.0013241036266030948,0.2276803377515547,0.07022430491561277,3.1878633805831402,1.0530545878846593
-0.010819873365314273,0.015063600014899852,-0.007973093876053045,-0.0012908853001352989,0.22541554806579292,0.0877762557318066,3.17439732097851,1.0241977136919944
-0.011038539688552973,0.014983757588490227,-0.007980687454008694,-0.00166297777303091,0.22739157237750712,-0.184366114490869,3.1692956748799435,1.329177516728391
-0.011075079886186643,0.01497422649786579,-0.007971418749189043,-0.0017227854533959682,0.22675212234843434,-0.2310119122112507,3.1600481252943378,1.377291824547273
-0.0110628025189617,0.014989904847107213,-0.007952113911116145,-0.0016936274395269173,0.2244679965754726,-0.21632435712898543,3.1479996422151717,1.3512960428762426
-0.011095995424275265,0.014979207114743985,-0.007946904738391873,-0.0017491314322874267,0.22428828556298966,-0.2583014191921617,3.141558028113866,1.3962295562339444
-0.011116400182595847,0.01498317809257967,-0.007924429114254188,-0.001775220687987067,0.22209273885294276,-0.2845946011027179,3.1244407168565225,1.415166205384599
-0.011135958988007453,0.014982909137392997,-0.007909974981732432,-0.001803114486763749,0.22081128017108556,-0.309405231434019,3.112738039845072,1.436400829618085
-0.011152851142549781,0.014978693628692375,-0.007904369736962303,-0.001830180592173039,0.220492369525461,-0.3306544940735791,3.107186561218718,1.457922882533483
-0.011168861892518143,0.014975109132526216,-0.00789813929783141,-0.0018554683833429274,0.22000832698937647,-0.350797734850868,3.101232859266217,1.4779272834461066
-0.011183894948754049,0.01496935157702702,-0.007896341319943477,-0.001881087635114672,0.22010637966288188,-0.36966465039636714,3.098312559020785,1.498671139079613
-0.011204607846893788,0.014972899802279283,-0.007873412678108633,-0.0019070566775061157,0.21792921325970369,-0.3955752326845801,3.0804413117189178,1.5173148919668737
-0.011228173699152643,0.014962833833461288,-0.00787172976920057,-0.0019479040626022035,0.21831480739395473,-0.4251170262579998,3.076343729203432,1.5505221562166902
-0.010705382732039442,0.015095222051958896,-0.007973445858816873,-0.0011037981882913517,0.22558525676613655,0.22867771131255746,3.175123120548972,0.8720240430473425
-0.010728420910464083,0.015091942106489786,-0.007968424898709262,-0.0011398466815882634,0.22492901195506224,0.199592499184265,3.1719182433693374,0.9009168867998418
-0.010803139608300977,0.015082297310862913,-0.007947798049110178,-0.0012558754437479482,0.22269086502341714,0.10501669521465141,3.157631049239722,0.9935241260369284
-0.010755772022869443,0.015093705729966692,-0.007951532143649116,-0.0011797157949398158,0.22303664648114552,0.1634724188013148,3.1605605887649553,0.9319552020513345
-0.010781198028632456,0.015092291698889088,-0.007941058227626177,-0.0012181217795537013,0.2218024712886233,0.1308896737365871,3.153360289369924,0.9623033547937717
-0.010457191162145094,0.015103119496901185,-0.008056364571264319,-7.218064065930475E-4,0.23624635009449593,0.5532467993584652,3.2206178936609784,0.5681264923795651
-0.010539144000109888,0.015097687072165139,-0.008038867137157187,-8.502216069659927E-4,0.2336255096477307,0.4469958540734035,3.214054820311824,0.6709687066921934
-0.010480712756989679,0.015107313933821902,-0.008040850029292723,-7.568501221230309E-4,0.2342298027277018,0.5199859632126388,3.2118681246481002,0.5955108831317557
-0.010523591396107803,0.01510226479661235,-0.008035805855726745,-8.246444884826102E-4,0.23335402699209493,0.4655672623612963,3.21113828124621,0.6500402706131104
-0.010503196959770363,0.015106086604207248,-0.008035666815002002,-7.919215790384051E-4,0.2334744408077818,0.49081017506456276,3.209837914540977,0.6235492431607965
-0.010554032534564625,0.015102889554111069,-0.008023474427190286,-8.711341160002198E-4,0.23175653047927522,0.42495558595977073,3.2044177980755433,0.6869115340794759
-0.010572872295008398,0.015105875380644557,-0.008010643210378669,-8.987826298210224E-4,0.23020745908735155,0.3987787417856115,3.196627331021839,0.708476191300356
-0.010686495037200337,0.015104760841907094,-0.007964544561840344,-0.0010710337717159816,0.22455040667788193,0.25030331807666445,3.168905274428038,0.8446952074369599
-0.010658096397389382,0.015106705477843188,-0.007973733968410246,-0.0010275250471955737,0.225708111203857,0.28663524123193435,3.174583281424311,0.8101775259992773
-0.010598068427888484,0.015103466992604396,-0.008005203672579607,-9.3810718277579E-4,0.22949409046261662,0.3665738050126221,3.1939988270980533,0.7399500443432123
-0.01062843092937695,0.015110019045550323,-0.007980361985416762,-9.813991143999218E-4,0.22652918761722596,0.3242162444261401,3.178296469387415,0.7732942051991448
-0.010442261118618066,0.015121685810389841,-0.008025531243304193,-6.930644584301292E-4,0.23286958752109346,0.5636037442545668,3.1988233408051254,0.5430317819334843
-0.010424833564262168,0.015133986312390203,-0.00800725945205508,-6.62658234816465E-4,0.23083741865485102,0.5801449498715285,3.185240154786992,0.5174794597242048
-0.010416473611727477,0.015155857728438913,-0.007968245443108974,-6.437431073127516E-4,0.226658267738133,0.5796408107069514,3.158561897735765,0.5001861032709191
-0.012572194795293822,0.014287635004878955,-0.007145947344210263,-0.004286897375420161,0.23646741186619835,-2.047567340660548,2.1314950311769407,3.2983562548844465
-0.012572671941424926,0.014303691498773525,-0.007127421409300483,-0.004260602649209509,0.22983209918780914,-2.032729171361676,2.128017683657738,3.2690950356458397
-0.01258565210906067,0.01427953305524214,-0.007132433011744534,-0.004309344809085658,0.23771145950396075,-2.0610970603101118,2.114978502117219,3.312275778369276
-0.01258622759608788,0.014295587048518047,-0.007113920609598015,-0.004282999497931642,0.22988510001526105,-2.0462359835144643,2.111674841973102,3.2829090270616255
-0.012731970148814605,0.01418764123415389,-0.0069792770111701445,-0.004553213107810693,0.24256023621585732,-2.2028784815072693,1.9283836111352102,3.458192365055998
-0.012718800667499655,0.014196203394784794,-0.006993540321644929,-0.004531274484688289,0.24256727815642096,-2.190525533334891,1.9457633731035686,3.445443390169187
-0.012733051235882344,0.014203619961651745,-0.006961748127160146,-0.0045262415583971595,0.2336364661022218,-2.1879189811215487,1.9266031845100888,3.428467987215854
-0.012705604357736414,0.014204724135944915,-0.007007752578406918,-0.00450926332445813,0.24099752335306926,-2.17805882852669,1.9631234539848483,3.432525924657106
-0.012719826902033132,0.014212231294508527,-0.006975904197145866,-0.004504273626441085,0.23331867575935186,-2.1755297233946362,1.9438602980172697,3.4156937006332804
-0.01269238135147846,0.014213203372519655,-0.007021899689813905,-0.00448720140104165,0.23929272289425507,-2.1654618964883565,1.9804246893598565,3.4195392831933624
-0.012706551270794744,0.014220781141442715,-0.006990048041732822,-0.004482283054467501,0.23326883987624172,-2.1630498515361114,1.9610432479327884,3.4028757004528996
-0.012679131780828632,0.014221641019906124,-0.007035966356764613,-0.0044651126495891405,0.2386707299342158,-2.1527408964870407,1.9975987014114673,3.406533028509473
-0.012693242220789646,0.014229247212936875,-0.007004172985016088,-0.004460313101947924,0.23311850329796466,-2.1505026658564987,1.9781355386149422,3.3900295268534655
-0.012463736263626872,0.014367106570276312,-0.007232107350168293,-0.004080002770681149,0.22711294780493252,-1.9210740979724028,2.2552352860506737,3.1545628080147305
-0.012463634192265599,0.014350920197693798,-0.007251398618796776,-0.0041060044420050575,0.23522525694076393,-1.935814280089221,2.2597130929896867,3.183551995356472
-0.012477290724274193,0.014343159065406773,-0.007238452502253942,-0.004128784281250462,0.23663292079892628,-1.950088421967412,2.2438702918234212,3.1984003536813916
-0.012477469547819831,0.014359301277297157,-0.0072192558239698385,-0.00410278283048655,0.22711673135850297,-1.9354207975849882,2.239666108055553,3.169232419992522
-0.012464031125481884,0.014383833127675438,-0.007212406831497917,-0.004053867856268038,0.22656535095125027,-1.9094491848193778,2.244224772353927,3.129098052060599
-0.012490922821849835,0.01433535505992158,-0.007225438590647497,-0.004151516892967071,0.2378274770656973,-1.9642504643945895,2.2279972992924537,3.2131548317259004
-0.012491164612085513,0.014351427891923585,-0.007206380874249257,-0.004125552225287048,0.22712258918082115,-1.9496898966638965,2.223995425064476,3.1838642896713014
-0.012504530351169442,0.014327508257654869,-0.0072123640728348265,-0.004174189921319425,0.23812481089483598,-1.9783160604861079,2.2121229776200733,3.227750598243493
-0.012504801750801138,0.014343507783578928,-0.007193489248404672,-0.004148265684960516,0.22732158440020075,-1.9638525024880733,2.2082383838882333,3.1984337912687075
-0.012531671170102522,0.014311686570991885,-0.0071860304075262475,-0.004219363000294406,0.2359017490076409,-2.0062463682076124,2.1802696848757965,3.2563305055659924
-0.012545513258844917,0.014319690065449439,-0.007154251673993099,-0.0042158268794541915,0.22924874349734228,-2.005514696298071,2.1604207489018936,3.2412860012371865
-0.012518113178479765,0.014319618735532863,-0.007199230252623903,-0.004196801367598932,0.23732149940549963,-1.992309511430167,2.196231887995923,3.242140922578207
-0.012531946722463917,0.014327630729918365,-0.007167477624862952,-0.0041933974018791296,0.2285431108027142,-1.9917643823984184,2.1764630905351505,3.227181445509521
-0.01251838606222127,0.014335569397659583,-0.007180542658718797,-0.004170883626604307,0.2278154597843118,-1.9778803432007128,2.192398141264341,3.21288919347622
-0.01255956819194466,0.014328046217668746,-0.007122449538703119,-0.004212131404065087,0.22839918092509545,-2.0071833628858453,2.1346349999419227,3.2297716528931306
-0.012573268239026492,0.014320145818356745,-0.0071088061298794575,-0.004234292341602074,0.2287110299668302,-2.020657100276002,2.118274754122242,3.243399820764346
0.01506912436069362,-0.01018011207597165,2.9081100172103394E-4,0.008183518338182582,0.29991391389618444,-0.22785099566923472,-3.180873836947972,1.3888330482102385
0.01507534952683616,-0.010195945585492406,3.1543864518412604E-4,0.008169184342662316,0.29883194138255936,-0.24684634349247098,-3.167544252295467,1.4017349073493792
0.015073017261454989,-0.010164082195047983,2.6454949770866014E-4,0.008177778921866512,0.29868950609561357,-0.2072415601952671,-3.1818805392343674,1.3651250227040828
0.015088571907525205,-0.010129293230439434,2.0716856422856606E-4,0.008150748283251739,0.29457900764364053,-0.16201047708871372,-3.174729747178631,1.3067569003479926
0.015083991565493882,-0.01014704453324877,2.3601764492309546E-4,0.008158042095723931,0.2959223628589586,-0.18466266083055852,-3.1744419579276726,1.3331119010392076
0.015091330246687169,-0.010112502667896607,1.800953240764856E-4,0.008146731478966713,0.2936284881316606,-0.14072372676935105,-3.176691073881948,1.2833285456007977
0.015087684957483432,-0.010083603747439126,1.340949693557882E-4,0.008155822806899199,0.29374632515582416,-0.10471393473598782,-3.189818076503098,1.2509890603784732
0.015095744578315565,-0.01009759487766965,1.559715948359422E-4,0.008139149951437703,0.29230681907121653,-0.12168298539012154,-3.1758614263225278,1.260610722654033
0.015097768042006235,-0.010065469126352701,1.0459704747340813E-4,0.008136953388735121,0.29119357203378793,-0.08127422686722358,-3.182591581787705,1.2187832828670133
0.015105008441992775,-0.010045716123400926,7.286238917413024E-5,0.008123510258291175,0.2892798581788742,-0.05617114569525256,-3.179016970637947,1.1874634755618454
0.015104554115532418,-0.009993807209025901,-9.73279878052479E-6,0.008124995849652877,0.28807015913730816,0.00894939078875531,-3.1921083421835053,1.1228857017871898
0.015107516339736823,-0.010008204716669007,1.3172324980850055E-5,0.008119227677861017,0.28783306059382746,-0.009096749263327484,-3.18517481708208,1.138331093209915
0.015107945758559583,-0.01002648617835351,4.222286263064397E-5,0.008118210571587183,0.28819938122899585,-0.03199100804175788,-3.180277209588228,1.1608078920251883
0.01510995928446996,-0.009980029698078147,-3.1570236393615834E-5,0.008114268730233088,0.2866081561209999,0.02628490584921322,-3.188421420576191,1.1007621989643008
0.015114144184328597,-0.00996066662499801,-6.218291404030343E-5,0.008105651956402069,0.28524802206397437,0.0505452838674813,-3.1872335903810733,1.0727597194500957
0.015057176161784983,-0.010387009238108673,6.249114455325335E-4,0.008165678566160675,0.3059741766371818,-0.4859190241847,-3.1050319479477433,1.648518613013185
0.015062578156645603,-0.010403193468209483,6.491548753933585E-4,0.00815065460220129,0.3048835699136579,-0.5040452830241153,-3.090629300894371,1.6607437180438613
0.015092400821986695,-0.010208799542870043,3.335792187716059E-4,0.008133977823449502,0.2954080222383209,-0.26036449661708455,-3.142376995659426,1.3996354949738095
0.015089855465680384,-0.010224531559820253,3.589964242546298E-4,0.008136592030037285,0.2962414488621507,-0.28016538671062924,-3.1394049284907273,1.4211769257615983
0.015089328404518149,-0.01024029722350471,3.841643985172726E-4,0.008135083917209683,0.2966510085437207,-0.2996554182253108,-3.1338509839830695,1.4405740180428592
0.01506158972080956,-0.010371328642731242,5.987473295746307E-4,0.008161243886876814,0.30474617353348504,-0.46574087572530637,-3.1078030538447377,1.6252745151662613
0.015072674999395718,-0.010354920004021865,5.698257284910715E-4,0.008143806077705209,0.30203219237530465,-0.44309921509890576,-3.103052850752434,1.5936063828389886
0.015089182365999666,-0.01025646224154636,4.098860982628438E-4,0.008132587295181097,0.2969622844959739,-0.31952371520374906,-3.1275153366170874,1.459955652560149
0.015088953229914675,-0.010272835097303224,4.3592974092149277E-4,0.00813003159428812,0.2972847702473072,-0.33960775321844633,-3.1210138434424377,1.4795772969895402
0.015088113040533297,-0.010289409170682938,4.62390351337646E-4,0.008128438717068845,0.2977279858012462,-0.36000576704218706,-3.114957490848122,1.5000050014843025
0.015086364938489865,-0.010306115032754564,4.892391630454215E-4,0.008128391184626561,0.2983581236295358,-0.3807111434833927,-3.109706348620968,1.5214977150146127
0.01508346161313391,-0.010322778826413795,5.16286188416126E-4,0.008130401127039612,0.29922803910783574,-0.40159175306686296,-3.1056073838828406,1.5441525895721782
0.015079063528696333,-0.01033913509626643,5.432303224301073E-4,0.008135191399642507,0.3004079066734746,-0.42243880214737217,-3.103159585695846,1.5680824466369234
0.015032589530038614,-0.010625166488147885,0.0010097402785131339,0.008128469566088427,0.31286241158561084,-0.7756211602523438,-2.9930298837733735,1.9413375803030746
0.01503650870462382,-0.01064123934336272,0.0010330279243428058,0.008113825389874594,0.3118545049801673,-0.7923331335045141,-2.978256679747317,1.9528605623678161
0.015050666147472495,-0.010654883700344595,0.0010477465248180532,0.008080679790093437,0.30855327416172734,-0.8017553260120512,-2.9545113414967044,1.9481980751579986
0.015038518932428632,-0.01060942645611258,9.826094627086218E-4,0.008123910619997116,0.31142623934279484,-0.7551630498486321,-2.99708293603512,1.9170514465584882
0.015051562322065776,-0.010593404366187192,9.521598691754387E-4,0.008105646845742566,0.30842357954948896,-0.7316073652484413,-2.993582835062672,1.8833000620929263
0.01505686245216155,-0.01057538862359929,9.219662957509015E-4,0.008102829991752035,0.30721147305123925,-0.7088637305689258,-2.999249088654524,1.8574671089373282
0.015060198735246014,-0.010557378417306982,8.925975967170315E-4,0.008103534020705785,0.3064436519887344,-0.686846193970143,-3.0067561999598262,1.8340707091988495
0.015060398223980025,-0.010534353731939968,8.565789038930308E-4,0.008111898033605488,0.3063536001567118,-0.6600941239640113,-3.0203839639074666,1.809107937763384
0.015065416087005233,-0.010511582154103494,8.191301508997097E-4,0.008110537592767126,0.3050794079360623,-0.6318092847203328,-3.0282922275013235,1.7782081934668776
0.01506539358621718,-0.010487721480502641,7.817363203590516E-4,0.008118880328423035,0.3049857794560826,-0.6038633853983661,-3.041956022409944,1.7521456698623756
0.015071051221265827,-0.010467181402871468,7.476061127579646E-4,0.008114791945837882,0.30354254438623646,-0.5778744490203032,-3.0471559043321808,1.722640852817343
0.015074407827728424,-0.010449458722379762,7.187022403969157E-4,0.008113960542719843,0.3026339329642211,-0.5559138438068741,-3.0530631452723838,1.6989538758797729
0.015076073074892941,-0.010432564771717142,6.916319134858603E-4,0.00811592058544361,0.30213704911723543,-0.5354080706886261,-3.060180207820142,1.6781211853249955
0.015079121079409966,-0.010416329692838728,6.651891514096667E-4,0.00811481230014884,0.30131064205207775,-0.5152256948463387,-3.0652119556965434,1.656288864541476
0.015091446853067415,-0.009840198070495397,-2.5539798974598594E-4,0.00814141139984857,0.28639383537206015,0.2042192170093384,-3.2346722263758054,0.9372590087042424
0.015089671333512971,-0.009823602176552558,-2.820853006250718E-4,0.008142900877045464,0.28622892972198405,0.22557784657104443,-3.238752190086791,0.9170456933772838
0.015088658106037114,-0.009806346447580385,-3.0974179308465745E-4,0.008142607302528774,0.2859289197137614,0.24774680430032034,-3.2417299625283955,0.8952847718162874
0.015100223490490413,-0.009923406290630881,-1.2198096836020098E-4,0.008131276485782372,0.28703028262722435,0.09788437856920836,-3.2115271056753056,1.0373245923381538
0.015106714833373438,-0.009903538194943117,-1.5317390487960307E-4,0.008117321004676962,0.285186082678605,0.12269940071529327,-3.206709321478075,1.0065412422285942
0.01511092521889632,-0.009847569309285417,-2.4151440206087482E-4,0.008104106765486311,0.28279672008763385,0.19303599945440855,-3.2091876024312502,0.9314773404091418
0.015111665337436068,-0.009865551070207859,-2.1298495878265165E-4,0.008104502814637747,0.2831619473731488,0.1702990117546658,-3.2060164197944765,0.9539546068027039
0.015110341960451565,-0.009884332977223085,-1.833605090666453E-4,0.008108767345748398,0.2839427276491359,0.14671617273458157,-3.205085003000717,0.9790439156040748
0.01511860024570138,-0.009938562602421113,-9.699902980525285E-5,0.008096135772974336,0.28381857615003087,0.07816765409531047,-3.185927200697946,1.0410985083861315
0.015086616564962123,-0.009785934887332738,-3.425828461225805E-4,0.008143644057146569,0.2857251836218579,0.27407990320126335,-3.246068471851866,0.8701270513252302
0.01509537129480995,-0.009762967500701873,-3.777005121087058E-4,0.008122788543358564,0.28325349860273036,0.302089338026134,-3.2364218147380837,0.8335924375670029
0.015104227052392087,-0.009742043320790608,-4.092471241757684E-4,0.008101821327273176,0.2809493996492875,0.32723581091925386,-3.2261551645113613,0.7998744686223137
0.015098373097176179,-0.009689638181018416,-4.930474697430527E-4,0.008102720229841607,0.2804309325829935,0.3946134209284762,-3.234896071205438,0.7353914117788192
0.015102087287871643,-0.009706453490230336,-4.6576830408076076E-4,0.008099064182336137,0.2802497455444482,0.37261155758872444,-3.2299627883009805,0.7548970884585088
0.015111643959973992,-0.009723792726671813,-4.36575050948483E-4,0.008083950750137472,0.27893739811651025,0.3490021620547657,-3.2174018335989443,0.7709515620838561
0.015097922453806307,-0.009646216109797219,-5.614435015931516E-4,0.008093432299735038,0.27912815693641496,0.44964147468892884,-3.235001534775702,0.6785915658189231
0.015104320614740815,-0.00962999892767243,-5.852194648922592E-4,0.008076889451086323,0.2774045687511961,0.46856493173680275,-3.226261994376883,0.653225358226829
0.015104634625001785,-0.009674730223046544,-5.150816099735089E-4,0.008087195446700763,0.2787779199257294,0.4121717975068529,-3.2268537625068956,0.7116444473155683
0.015109029518326617,-0.009658372054479182,-5.396786702382127E-4,0.008074834345752699,0.27740266941523994,0.4318237131993687,-3.221053003703818,0.6873770118436436
0.015119405012573923,-0.009618764410632382,-5.987542701922246E-4,0.00804478439591434,0.2742793707837951,0.47897482026434707,-3.206469234693426,0.6291365667703638
0.015113541880602285,-0.009601555971481638,-6.270503343267465E-4,0.008051416791269807,0.27502242945982236,0.5019128281656902,-3.2130124062295264,0.6102438679833211
0.015116337847021726,-0.00955668584077941,-6.956608536495372E-4,0.008032906038352402,0.27309551315975916,0.5570046364018307,-3.2060263175786443,0.5499790957771755
0.015117615374560099,-0.009581930594070781,-6.562878071600333E-4,0.008037991764436344,0.27351344449647147,0.5253451851720489,-3.206498633501173,0.5821401965109453
0.015092147907433396,-0.009100095988154347,-0.0013898553149423716,0.00786889668083088,0.26397820173308323,1.1155629912070797,-3.1201935913737207,-0.032533399445377816
0.01509622654999002,-0.009073471108038085,-0.0014254305555674604,0.007845128929900429,0.26241234897166793,1.143338703841818,-3.1038997116007416,-0.06713661932252578
0.015092447866074252,-0.009047856988568337,-0.001464223858361562,0.00783591507786525,0.26271842385419364,1.174433305707799,-3.0972529967158744,-0.09856275771909676
0.015099228421550629,-0.009022246721785443,-0.0014959964523530332,0.007807167301776175,0.26097108274959463,1.1988167393606384,-3.0772484949856422,-0.13198208924710075
0.01510045388028053,-0.00916995537354442,-0.001284006703259429,0.007894338803612193,0.2643758005095466,1.0304549986157283,-3.137115953168157,0.05433492811724051
0.015119786896509878,-0.0092166655049558,-0.0012054665767965796,0.007883982678928954,0.2624621063508858,0.9659559755683781,-3.129265929170016,0.10819779151035598
0.015123497269775008,-0.009187703337038739,-0.0012455368850407182,0.007861634690515167,0.2611099550353339,0.9975894207513676,-3.114798436194759,0.07028563947620742
0.015108474265871686,-0.009143282282416619,-0.0013180754832295752,0.007864416282082289,0.262394421615407,1.0567974389570602,-3.1171462758210278,0.01816649540211186
0.015109999076778974,-0.009118064852511478,-0.001353415106086488,0.00784694944869895,0.26148438405756014,1.0846737133474784,-3.1054432433692747,-0.014045921208604534
0.015115382081827713,-0.00948078990035074,-8.12532925743549E-4,0.008009450456182317,0.270851920067888,0.6511084740633178,-3.19817335731595,0.45136931834846467
0.01511822874853796,-0.00945797153113753,-8.46293564492525E-4,0.007995684110184644,0.2696438328704924,0.6781055057285411,-3.1910076214144323,0.4202004833964183
0.015115710806668993,-0.009437097628574517,-8.789891304842712E-4,0.007992546031219199,0.2695291955655988,0.7045055061799981,-3.190637018230642,0.3942462682899515
0.015132064990498361,-0.009424573670733152,-8.915505515568915E-4,0.007956663760463712,0.2663235211368299,0.7136152026545933,-3.1676618928885976,0.37038313919605265
0.015147751035032214,-0.00923251874371726,-0.0011679617556165957,0.00784066120864853,0.25854226689586085,0.9337570043580482,-3.0998240245947106,0.11943160433752249
0.01513769066844246,-0.009402998006656367,-9.216867789537782E-4,0.007937450015187695,0.26476863271958023,0.7375161414697137,-3.156401822922661,0.3400085924634189
0.015142031876353585,-0.009376612597368487,-9.592537882343574E-4,0.007918402951656441,0.26321976572962885,0.7673534587690477,-3.1454890290016784,0.30437145148157846
0.015130123778043413,-0.009278218628770932,-0.0011101515993977224,0.007895994577669574,0.2625657010384908,0.8889987006508929,-3.135449683008232,0.18321637309438113
0.015147124999416579,-0.009258596739297303,-0.001130492170106335,0.00785491108906742,0.25928571393723265,0.9039264088542446,-3.1085969657085717,0.15247681615036193
0.01513847065093228,-0.009306299494415802,-0.0010648730604443015,0.00789384602872732,0.26171193570011525,0.8521612994593609,-3.13285153811891,0.21601743589207856
0.015142375561619832,-0.009350710396480864,-9.97549534629294E-4,0.007906643070761226,0.2623854095133203,0.7979755730088908,-3.139186751478674,0.2711687745061247
0.01513473313508916,-0.009329947451405788,-0.0010317003584899963,0.007911673501658577,0.2632203651836714,0.8258375389401136,-3.143645774975744,0.24765399992718612
0.015138564007630301,-0.009540039011597029,-7.142672104254845E-4,0.007985209433622653,0.268529656564848,0.5710910723382302,-3.176286234272617,0.5160552489449631
0.015131940776032249,-0.009516967377205907,-7.515926147849672E-4,0.007990353196737214,0.2692173598212649,0.6013554524838358,-3.182025080746457,0.4897879068746283
0.015138001911496514,-0.009495601093022669,-7.820281759611247E-4,0.007971599373209489,0.2673566162275867,0.6255293142838404,-3.1716664452562457,0.45904233733846617
0.01626868161951996,0.016067102312270577,0.002487387112214283,-0.0025778812854411024,0.03221322619847953,-1.0614617160540438,-0.02816997537402657,1.2021416738506032
0.01631696496515058,0.015649401564520854,0.002514074636316622,-0.0028360309295852888,0.04107854246157737,-1.1166870439742205,0.05223874080095765,1.275706849575715
0.01598072270147368,0.014697784174563428,0.0028203845587239616,-0.0036292408701555333,0.06586832086754968,-1.3396569203392785,0.21913352706146766,1.5796737107572043
0.01619153843645996,0.014384039466605018,0.0026447622225321504,-0.0037907618917870623,0.0707694214022037,-1.3164650625433867,0.3541902872473051,1.5577008729706334
0.01632262808330893,0.01408486233268235,0.0025137064785730637,-0.003958778952390391,0.07693338764076635,-1.2985510014487194,0.4739016100183872,1.5465530317516212
0.01646933457346635,0.013785845587440693,0.00235370191396414,-0.004103594359635883,0.08116709626164703,-1.260198432316484,0.5946593698629464,1.5109309980221495
0.01627093829508767,0.015022438620060514,0.0025938057117422027,-0.0032819757120927657,0.05469171459155859,-1.2165693026359377,0.18217165799277912,1.410299304467632
0.016559093475128434,0.015351786738533138,0.002380756565122592,-0.0029646718997144504,0.04696947402484781,-1.109156857309088,0.15083954796594443,1.2674329003532714
0.01635504492154917,0.013037808574785183,0.0022258697497864193,-0.004736204075745198,0.10110505729315504,-1.2781703991189821,0.9033606443741671,1.5971130175834227
0.01632290361341827,0.012868563134110993,0.002181544294005844,-0.004887063762848347,0.10669192523953543,-1.2730451003506988,0.9840785284981487,1.608618115032133
0.016390639726709903,0.013239755913591365,0.002270150418668553,-0.004559717875984952,0.09613480551061541,-1.2790884325086063,0.8127556717901869,1.5760511517339297
0.016600032290003713,0.013488770427441095,0.002191176645432467,-0.004238390853063605,0.08478273431386546,-1.211356629108684,0.7099467507422891,1.4640954416323833
0.016549561725702884,0.012999600525516658,0.002071535537284517,-0.004616468717375254,0.09589464724691328,-1.19654721132285,0.9087492375378307,1.4860444893566604
0.01624710089638789,0.011232807040467786,0.001171945851345315,-0.005983109074657368,0.1422148377246533,-0.7818757493767324,1.7877362408623318,1.2469099334262166
0.016358914316660807,0.01262191222866346,0.0020431219032028083,-0.005035513183028841,0.11138543654152049,-1.221264939371722,1.097208626526342,1.567791387220556
0.01628314046541456,0.012417454083296961,0.0019907920129807292,-0.005247625419567915,0.11934605460407047,-1.2115097007114346,1.2088007509772705,1.5897140893788766
0.01633841790161186,0.012196646539362713,0.0018261595621524454,-0.005344209558180065,0.1211486781246204,-1.1336218660594382,1.305992200059544,1.5143915696165253
0.016323589404594444,0.011952766937054885,0.001680551381076446,-0.00551304632129248,0.12668234676621457,-1.065438516613214,1.4286251996998702,1.4654866671177265
0.01648179411871397,0.011774009290781366,0.0014701524810211508,-0.00544870305763411,0.1202011774443804,-0.9392223085160882,1.460497496521262,1.3136151359460546
0.01638887736101918,0.011363903115745737,0.0012160078210813115,-0.005754470337265332,0.13112378898859336,-0.7995077702756951,1.6682295672115555,1.2178058125551912
0.01646735712437569,0.011546241159288933,0.0013173744481590722,-0.005580194463130016,0.12393410377366824,-0.8552115701929138,1.5620563690936724,1.2445568614910014
0.016143927310469073,0.010708592974566528,7.264889339631658E-4,-0.006306440176554893,0.15336995126852845,-0.5001121365001779,2.041987216332277,1.0204742158425668
0.016143056660267035,0.01054692488915826,5.663283385955762E-4,-0.006347079670685954,0.1528261589182998,-0.3907910173305708,2.0906287045178313,0.9159777276812253
0.01609247587848796,0.010416361373490845,4.4295159497366964E-4,-0.006442009296041139,0.15863363788359372,-0.30502533966401413,2.158840391986699,0.852127079386163
0.016102613143258223,0.010102136033852873,1.1495708429735433E-4,-0.006458862825740863,0.15640294107719996,-0.07171569455195631,2.2100432791327953,0.6194359977498659
0.016123360841822136,0.010268634768465117,2.865621575425194E-4,-0.006418269795459358,0.15363525083207,-0.1940820930609606,2.1685425565745837,0.7328989123932349
0.016245819829613106,0.011018492495677705,9.84370091449363E-4,-0.006071708498517751,0.14404196008690992,-0.6645723748355286,1.8739307218682648,1.139252101838162
0.016297740524958405,0.010815581789940059,7.837308050634583E-4,-0.006072662062184642,0.14042484329427862,-0.5312279920004953,1.9152129131926074,0.9979620592704813
0.01585082881853564,0.009448408849588039,-6.262449182483453E-4,-0.006754455545032323,0.17481709657183522,0.47677975401148964,2.4191696162980203,0.16399954317276913
0.01607347914223918,0.009933643839878875,-6.246156328324565E-5,-0.006500020651233437,0.1571117624892777,0.05635190290396417,2.2486980290827763,0.5020190789832365
0.016037672239191336,0.009775097707681089,-2.3361033118030568E-4,-0.006539869747814764,0.15935012086626352,0.18184059544737027,2.282925901610792,0.3885805623414558
0.015983797698926865,0.009652967574363115,-3.724052831186105E-4,-0.006601491304671306,0.16382467088691954,0.2852474480907683,2.3243663608601723,0.30503066748687957
0.016002831691646863,0.00952181198154429,-5.091555628459053E-4,-0.0065487059260349685,0.16056553819740849,0.38612383335408335,2.3002505393076635,0.19332842804997666
0.01532899817446811,0.007841294479866784,-0.0025975248518538253,-0.006437146280980097,0.22618521529919747,1.9049787901742228,2.0532433009773565,-1.1874988725522453
0.01543401230760599,0.0079256824929785,-0.002427586021147373,-0.006391321788862058,0.21371546731101995,1.7765926919090378,2.054641990322136,-1.0939695871330388
0.01552941755605739,0.007973894267745363,-0.0023011441246951225,-0.0063194175813238735,0.202986664468567,1.6769617039482951,2.0315701850128605,-1.0289362062167307
0.01584029317827358,0.009131297712135193,-9.778181609520346E-4,-0.006662745193481638,0.17255948184209882,0.7369201662398596,2.367155626375973,-0.10731335026872225
0.015873031663813604,0.009285477050901263,-7.991919021761422E-4,-0.006672212609995678,0.17072416378839542,0.6041881023194852,2.3742704254897933,0.019898217979309577
0.01595158477404843,0.00909438069682905,-9.714136696419437E-4,-0.0064887895245905654,0.1633636588315448,0.7281161359972673,2.266369120559004,-0.1455133698674139
0.015922605906774946,0.008997761137466148,-0.001081477843444074,-0.006488516306655619,0.16618638339580824,0.8087590669062628,2.2626736495507487,-0.2206751926131301
0.015570264188465785,0.008062907800709031,-0.0021921342604008017,-0.006346803178208549,0.19868937599842418,1.603079339701026,2.0657709883797435,-0.9600560456078694
0.015613035261030245,0.007972483349981772,-0.0022295466106111196,-0.006217760907127163,0.19561334469787345,1.6141444752377538,1.9809246290088471,-0.9996717152101828
0.015617234112691775,0.008160017717152293,-0.002070307664938834,-0.006368913746896282,0.19245496898831485,1.5187500418895947,2.0976093190501417,-0.8828499861429657
0.015661594125989855,0.008268936705859271,-0.0019399726973346237,-0.006398126656460209,0.18919379392739047,1.428453625867706,2.1335064270536748,-0.7979470837024428
0.015708318685096492,0.008371720973230185,-0.0018127705665924676,-0.006413893882617468,0.1830406622256534,1.3375989031138291,2.1589853744811722,-0.7152743616467889
0.01574849593722546,0.008471936375200105,-0.0016923636772445613,-0.006430927057592426,0.17952980908338786,1.2516551906932702,2.182957207471757,-0.6354229764291573
0.0157592427084586,0.00859563810940004,-0.0015680317568844886,-0.00649736201963292,0.17928267756038443,1.1662205573231164,2.2349840398797665,-0.5423772336995873
0.015792561692275563,0.008733144348147892,-0.0014132982355763801,-0.006534589569148237,0.17684801070949902,1.055588453018286,2.269888409989068,-0.43331420639877777
0.015850287333324636,0.008870135622581658,-0.001244815133415712,-0.006528550877063393,0.17135446571148608,0.931461645788704,2.27759353029583,-0.32239593209039014
0.015281811734232775,0.007665852080383619,-0.002780506630918915,-0.006312538083581118,0.23394640554357168,2.0121390532661256,1.9379376470247462,-1.3053271600703216
0.015339618097906047,0.007740273616229728,-0.0026653419553740332,-0.006322979101637226,0.2256230399417231,1.9337313880877496,1.9676911214119197,-1.2392233843355682
0.015296733183816809,0.007569420738813695,-0.0028330854029070362,-0.00619432094007619,0.2335275203407899,2.0271056366955147,1.8511448874363143,-1.3449252783741539
0.015219490868823968,0.007427963924266437,-0.0030104368716080392,-0.006123555580182672,0.24514140250022293,2.1332377825413964,1.7677768218853944,-1.4452682444659861
0.015272767844566597,0.007475803267505146,-0.002921445973267997,-0.006120144639894274,0.23684650988860909,2.071515678376127,1.7856372018208062,-1.3976432486124195
0.015188033664491332,0.007335779854554211,-0.0031021735762662385,-0.006052720081897106,0.24922483458285052,2.179113933775683,1.7011248546523459,-1.4968904096346891
0.015172141768099522,0.007221663154483653,-0.0031857749284481805,-0.005938923230017886,0.2525587800908214,2.208224998497323,1.6106305215310843,-1.543014886554973
0.015111028765016797,0.007107362977780149,-0.0033165856295224215,-0.005863518405405687,0.2621838757693797,2.2741520931170656,1.5310790296691743,-1.6089645309481768
0.01145046437464092,0.003932295431661457,-0.0067749921396644056,-0.0014978047980695227,0.3507391916805181,1.4530996667087817,-1.3605128407771165,-1.0659068766648179
0.015076118454275826,0.00696903751471438,-0.0034235394951665984,-0.005731282187407596,0.2678193146151551,2.3072281400551984,1.4226389599099967,-1.65880557719941
0.014414399805494466,0.0063229365502374965,-0.004469546625004934,-0.005337469352629356,0.37284910838270435,2.800049592431444,0.8638884265150545,-2.0717318480534925
0.015037954705978698,0.006866325461593137,-0.003512826083228144,-0.00564058579441211,0.27381015458481894,2.3370815626345607,1.3436037764162863,-1.696868644396044
0.014939076578356542,0.006802043795022308,-0.0036581018489026357,-0.005639128030957092,0.28860596437278424,2.4257372675508555,1.3010079059733,-1.7636172159451797
0.014717970781938464,0.006635308328668957,-0.003995147161585148,-0.005584970783856543,0.32324185775813236,2.6137629495177386,1.167049714522892,-1.9086717573383767
0.014829673204929578,0.006699193839105864,-0.0038312795797991192,-0.005590673433057697,0.30521547908134977,2.5157032134716,1.2212931346766445,-1.8376211643051727
0.014488669102683434,0.006390854143337047,-0.004357762077727013,-0.005393746887196134,0.3597015003182365,2.7576639215260315,0.9353486422822076,-2.0362453137659866
0.014535343183813571,0.006463021251488473,-0.004281345866129181,-0.005466775442649809,0.3529449036486624,2.7423428197034974,1.0033412481841648,-2.0160334749738857
0.014617585614445136,0.006498963128905283,-0.00416285555158051,-0.005467717970540835,0.33864436715219276,2.6712801260839054,1.0439507247521937,-1.9672340788656293
0.014691359737167913,0.00655408827812207,-0.004052042561019116,-0.005495663499875325,0.3267530413976282,2.6159853618406386,1.096095280702543,-1.9238432966007242
0.014335468604196312,0.006268265375988026,-0.004584847232815894,-0.005297542850612061,0.3861100220445785,2.849662986731801,0.7992412385677886,-2.10958511585012
0.014267657778274184,0.006192379757937712,-0.004684768113321905,-0.005218977200101545,0.39655136342285907,2.8714733010468123,0.7184667968231824,-2.132410481598986
0.014184814062194151,0.006042430597951232,-0.004802246027425661,-0.005037752340979102,0.4063912973348023,2.852457260784537,0.5756340175052207,-2.1366110450791376
0.01427241277415731,0.006097731909258453,-0.004680993122211564,-0.005085456918755441,0.3916693154013912,2.8082136517552563,0.6471685150462908,-2.103788882669147
0.014089297910453682,0.005890952031125598,-0.00492645187545544,-0.004853458342922229,0.41653132437984336,2.8293442051330766,0.43302450827867744,-2.1351510760928814
0.014186619544222128,0.0059385374380252496,-0.004796452378249088,-0.004894384755236497,0.40027643710844746,2.7806337371610286,0.5047199824114762,-2.1015227315527096
0.01409591179916802,0.005802142813533008,-0.004909453404775869,-0.004731473160851591,0.41038598766257833,2.760402135091925,0.3799644197626229,-2.097918525190222
0.011680108914274193,0.004122426418834658,-0.006770468794654246,-0.0018193790390823074,0.39666736543516473,1.6756061445990047,-1.3282839689395736,-1.2397201049602495
0.011584202823646514,0.004011083393054105,-0.006751596116273357,-0.0016622889239759637,0.3713228207480663,1.5633587472350234,-1.3309825749318163,-1.1561438225740188
0.011813691560149893,0.004123202429188583,-0.006675629088671741,-0.0019321112219104768,0.3983852050902526,1.732931241312351,-1.25414869181623,-1.2989142480942986
0.011932712727569914,0.004221799602749847,-0.006655707745169096,-0.002103052742015103,0.42126692389677484,1.8440878890365242,-1.2224525678354554,-1.3846811789413753
0.012074913309461798,0.0042792546722323944,-0.00658035642083639,-0.00226009936218555,0.4314002609894981,1.9309667268264528,-1.1550857555117862,-1.4600738267099678
0.01218134384671703,0.004359567847629358,-0.00654386939759274,-0.0024081550472784302,0.44574455136865815,2.0198069034476487,-1.1121362509576154,-1.5296322322943265
0.012249407447490705,0.004463485466062816,-0.006553281176481392,-0.0025515662579110674,0.46671187397522046,2.1167105538126734,-1.0954879260544084,-1.5979806311312037
0.01236561987346273,0.004489826064766488,-0.006461166350095973,-0.002657650709880413,0.46482573217454753,2.160816218817289,-1.0225355242333036,-1.6411343556566533
0.012445582542223804,0.004545610365501148,-0.006419635712542908,-0.002764380476169738,0.4734063001765133,2.2193117340846626,-0.97898809656272,-1.6875885949725666
0.012581167286986862,0.004640551720303688,-0.006341991447593496,-0.0029449604093851485,0.4828924455197711,2.3124376684082883,-0.8988806653975246,-1.761364918919338
0.012531700917076491,0.004551799239418589,-0.0063376383917151625,-0.002824767566782137,0.4661161271807437,2.234415504836473,-0.9199406976212618,-1.7079092213484657
0.012771435810251933,0.004729845014006667,-0.006192220908412708,-0.0031456976168253957,0.48231408131690934,2.3927678388806553,-0.7715239245277976,-1.8317920352543637
0.012688754879217574,0.004660906291085646,-0.0062412230647604745,-0.0030280561993436157,0.4751096284992867,2.3340901335488513,-0.8242886176727434,-1.7871367684444408
0.012866473272780943,0.004719654412951782,-0.006082889543723581,-0.003181412689058084,0.4694069817188205,2.3798450084871337,-0.7031591795366752,-1.8333767003155401
0.0129427477439582,0.00479205566321898,-0.006036532982587356,-0.0032961328264862525,0.4742857206482925,2.4350545358821525,-0.651323668645548,-1.8737306116250567
0.013004362693958951,0.0048961717226570865,-0.006019839949146046,-0.0034409021328031786,0.4857595518935239,2.5174947528055207,-0.6053588818186304,-1.9299867444959815
0.013304212709157286,0.005009707165356746,-0.00571799168708651,-0.0036766658902138006,0.4609824339249648,2.5476536869061612,-0.3845289411847736,-1.969011872214594
0.013130810802312196,0.00491027396574471,-0.0058793704210028655,-0.0035056786237325573,0.46949773150390933,2.506411332484453,-0.514695718783813,-1.9324673553225364
0.013208172899166754,0.0049723882858619985,-0.005816640886644984,-0.0036041477318495517,0.47041090459150664,2.542061643716102,-0.4552084515952302,-1.9596546655937992
0.01402602339789854,0.005744332560848809,-0.004996776579601617,-0.004666408126853834,0.41867033202041004,2.7712433511502543,0.3142913728398135,-2.108262971660279
0.013938363891584689,0.005672440081962698,-0.005104127120524264,-0.004581307279949098,0.4301619188696712,2.7804890190923675,0.2316152403139713,-2.1174781171395125
0.013924416161904724,0.005575662868724661,-0.005105616211949287,-0.004454167643848048,0.42460527753889454,2.7164298220645215,0.17471505019091263,-2.081389326345266
0.013836524885197697,0.00549845175719369,-0.005205023589247025,-0.00435774846375284,0.4338891493158719,2.711859248504034,0.09205551620343111,-2.0804210458857035
0.013396045292127502,0.005044718466334253,-0.005621532336808061,-0.0037412752609799747,0.45314048614945956,2.5485782914999864,-0.31822635621339496,-1.9736692215307243
0.013445037525061987,0.005160440064103028,-0.005605050001569666,-0.0038929839437383713,0.4612799228849314,2.627263421103543,-0.26148357446299314,-2.0240574547578
0.013530131311767323,0.0052414555243641145,-0.005527100386502389,-0.004008639781943295,0.4585668540817361,2.6616116042509073,-0.18569651851106087,-2.0475056035929877
0.013672443555210087,0.0053407712906478185,-0.00537733199129417,-0.004150326733748333,0.44615393950940624,2.676333372988635,-0.06458316954018577,-2.059771949165223
0.013763445886485105,0.005391555688562779,-0.0052743583200458855,-0.004219640313839717,0.43506707651808263,2.6693880942980717,0.007189635102940309,-2.056213230860149
0.013642137739158846,0.005240665335937647,-0.005386277364373296,-0.0040213533279568415,0.4392887987057282,2.6100471650518493,-0.11606233099154951,-2.019246474559107
0.013200133350698938,-0.005347705495719452,-0.005999290954154323,0.004074718191383879,0.5359728303483652,2.9104965252585977,0.39651402166940425,-2.179558260188418
0.013113100833416286,-0.0052902814086447855,-0.006086510664237232,0.003970239265066947,0.5416423421001729,2.8820585520114332,0.4801187595669663,-2.156687872939695
0.012997034497527107,-0.005177631644780051,-0.0061772311618995,0.003779777488438559,0.5406122977122942,2.796331335899312,0.5927553994181697,-2.096461741002152
0.013060095563371217,-0.005225161473641351,-0.006121915365837818,0.0038658413360944115,0.5388824761760543,2.829258405417343,0.5347478191454796,-2.121457373903624
0.013001069487945022,-0.005091381178592028,-0.006125554984795938,0.003673406434336557,0.5226581062975254,2.7046901636257883,0.5973618786247156,-2.0425471144632383
0.012917466420536906,-0.005064599426881644,-0.0062136554006527595,0.0036038524941310267,0.5311025953323937,2.6949150065907834,0.6661419585029603,-2.0289232768018866
0.012880102736001807,-0.004984645765316148,-0.006213367379867842,0.0034899019577006927,0.5200705126133802,2.620090707106842,0.6983411516301014,-1.9804646654182096
0.011425474732880329,-0.003734693020171371,-0.006646126284497777,0.001365089100793146,0.31554070485317415,1.3368297804991338,1.2808029511202512,-0.9978229703436021
0.011531170535852835,-0.003834088043506738,-0.006656196647545561,0.0015083932276012677,0.337335433238176,1.4386672142406856,1.2785130666076119,-1.0761036620855593
0.011683630886558535,-0.00415067849704652,-0.006789178747225673,0.001842223755919948,0.4025670788149969,1.6958961033233921,1.3390407279094845,-1.2509081802292241
0.011755633719055277,-0.004237693251005033,-0.006803198424096477,0.0019676470370224327,0.42289485183300984,1.7851478654853032,1.3340061547876243,-1.3163498003006568
0.01186583733249192,-0.004261312195831584,-0.006736889246781021,0.0020795784270528695,0.4285186489741104,1.8460733320246543,1.2776244339829053,-1.37296863770048
0.011627877869402652,-0.00393901247337686,-0.0066711606180035335,0.0016528457667055148,0.3591353247447344,1.5409943611526342,1.2775000326438333,-1.1532053261157633
0.011703392320320716,-0.004040909997381358,-0.0066943669164129995,0.0017829003813343547,0.379964059854066,1.6351802650278864,1.2811725627695363,-1.221762308545993
0.011979370537243718,-0.004305570664770631,-0.006678301688161034,0.002207742247642523,0.43865034718837154,1.9195067437827962,1.2238938054657693,-1.4367445782789634
0.012085631836961916,-0.0043525424004964295,-0.006622405841020249,0.0023306043035306884,0.44660584562647765,1.9882348387175826,1.17184414277288,-1.4954530009242815
0.012184753275529842,-0.004431637710025882,-0.0065904484240561475,0.002475098136436217,0.46182334537174957,2.075928224067445,1.1308090929881105,-1.5635806065402014
0.012244910266359146,-0.004525730890674971,-0.006600492523873271,0.0026066189356627107,0.4807829484377919,2.166583958194624,1.1162376115627506,-1.6264609222660271
0.012281254816428437,-0.004612406835847536,-0.006626462107767443,0.002716837548335855,0.49895631595130313,2.2478713022302994,1.1135043271827003,-1.6798719734351317
0.012360968217321133,-0.004629314356749621,-0.006559316606919752,0.002790860931879438,0.4972864565975315,2.2772019971339987,1.0586556140501135,-1.7097700763493784
0.012431142178296092,-0.004759385915934844,-0.006576760367296551,0.0029733616869135515,0.5225259776775067,2.4067842612263903,1.0335625615545698,-1.7965832812234404
0.012500048402392501,-0.004813533041640791,-0.006539991219121512,0.003077837990647644,0.5292723585796897,2.465058472668415,0.9893942877227452,-1.841049457471699
0.012590931412119566,-0.004791095760566408,-0.006426219987304486,0.003111226167196866,0.514091335394375,2.448364229609196,0.9136601551143767,-1.8441205716736075
0.012434876006137388,-0.004661664671612424,-0.0065064004536715256,0.0028742179285216555,0.4990576845511802,2.316291035888064,1.010858172691998,-1.7440273740172876
0.012818637760079236,-0.004906932790969378,-0.006240873317273687,0.0033685730257347222,0.5122859699299368,2.5517714157650837,0.7458535934285371,-1.9331039875643763
0.01277910414859303,-0.004818063071847484,-0.006234403026895308,0.0032472181916582644,0.4988833664388116,2.4710932822734777,0.77180144987931,-1.8801390913341938
0.01269696733528521,-0.004775446500296026,-0.006300359090532586,0.003155888201214387,0.499482183013665,2.4347155853903417,0.8303711559585379,-1.8491181253086335
0.013270635597736431,-0.005370215640432967,-0.005915179669762902,0.004124542046748954,0.5246606870888141,2.9033852490392964,0.33426838953532384,-2.1797559762735306
0.013268626917048897,-0.0053164698740299655,-0.005893946855041836,0.004052480394707077,0.5166194456213123,2.847524146992314,0.3495348515007029,-2.147258046926916
0.013317575801713983,-0.005497148384714386,-0.0059067046542905614,0.004309434821005588,0.5366966907788311,3.0178583466076563,0.2574546316170623,-2.248392040877175
0.013305859543429192,-0.005421620221488264,-0.005890169921400744,0.004202691006559658,0.5267734934529614,2.9414893185416777,0.29199986466995936,-2.203770295702901
0.013377730298149981,-0.005540614183926318,-0.00584049769750996,0.004382305704271835,0.5299678174759571,3.0312990201806973,0.1943248555946744,-2.258504946048902
0.013791361593595597,-0.00612675575651073,-0.005391706824553325,0.005261860179731079,0.5007729573321863,3.3162114914029113,-0.4572390891854014,-2.4028585016417696
0.0138364958998248,-0.006150492226779426,-0.005324214027378247,0.005289904302331069,0.490907552046827,3.290162500523038,-0.5025102226245792,-2.385633458302529
0.013674252723932937,-0.005945798434239132,-0.005537257394919976,0.0049960563960631055,0.5133107227849866,3.2473108566516085,-0.24398422806274814,-2.3771521507527513
0.013706666762139037,-0.005992439574515472,-0.005498249410286322,0.005064923616669666,0.5097705212834872,3.265604204446895,-0.29890586650322476,-2.384772293059466
0.013736408499264774,-0.006038204948664829,-0.005461807812670305,0.0051322582815384555,0.5067090490756901,3.2836157017509096,-0.3523411846178393,-2.391836901357726
0.01376532232885828,-0.006087450015284907,-0.00542595729815423,0.005204785935283111,0.5039725547134858,3.304313079001265,-0.40922078812573576,-2.3996600492644515
0.013424333204566938,-0.005598206512194986,-0.005797207612420629,0.0044713600664319396,0.5284127703388051,3.0659788758470086,0.13439332558168104,-2.2798371096007872
0.01349922512765852,-0.005755476034375951,-0.005745512824663836,0.00470849842274363,0.5334031950171275,3.188773327031012,-1.5198264380394705E-4,-2.3491158175912514
0.013461703282163446,-0.005658617094294931,-0.005766149917819139,0.004562958895719684,0.5288508129657714,3.1076417150326456,0.0781114942516584,-2.3041131481134403
0.013494918726246113,-0.005703673055705297,-0.005733919274079412,0.004631832087555041,0.5269200314357313,3.1340744238694853,0.030460972237089518,-2.31925435180933
0.01364054101955254,-0.005899996241323706,-0.005577046090115482,0.004928113072954126,0.5164502280393558,3.229395110921932,-0.19004439974906584,-2.369161475743858
0.01360395192528374,-0.005850780472877649,-0.0056188020633377465,0.004854561261521916,0.5198546033194112,3.208349532182275,-0.13255653219010186,-2.3589863290510835
0.013549986366193407,-0.005797327359802109,-0.005683639226655774,0.004773628825739871,0.5264455272230989,3.1950731447093386,-0.061495984943999486,-2.3525994901112064
0.013938312777528779,-0.006250712330004871,-0.005174326498130709,0.0054203574459848565,0.4729607903106235,3.268086055680339,-0.6428708182399285,-2.361335487532684
0.013926405434294388,-0.006205922241887643,-0.005189784750311296,0.005353929168571744,0.47276900159480567,3.241680094051168,-0.5966205221590841,-2.3516076478923806
0.013905892968422453,-0.006147891504594284,-0.005216244285639789,0.005269685946840117,0.47381447135966726,3.2121641488140464,-0.5362301445171253,-2.3408985194294534
0.014461084202190402,-0.007084042423676967,-0.004196065417084053,0.0064182631276800935,0.3714626811441615,3.0472688228287903,-1.6542455452774543,-2.0508197524079796
0.014490250238431888,-0.007109309349882191,-0.004140248606676945,0.006430234045012812,0.36505526766861424,3.0104829762810232,-1.6792652534800752,-2.022672225546655
0.014453517514885383,-0.0070505541009132635,-0.004222350208227882,0.00637393301639813,0.3729126927829948,3.0504281140976413,-1.6145584665087334,-2.063285625268731
0.014409485326571818,-0.006912542232935326,-0.004343495417052329,0.006199867088563544,0.38201422997860984,3.072060795865866,-1.4544332514139724,-2.1158893729689976
0.014437443449825522,-0.007005943477100655,-0.004265487891709067,0.006319712668242728,0.3761790173260278,3.061768681932073,-1.5628197799706156,-2.0832810307017513
0.014427970242768595,-0.006954676731814067,-0.004299946666960296,0.006249393350392987,0.37803011034610323,3.060158187161669,-1.502648221837685,-2.0974138315138355
0.014323003355838256,-0.006815014115105385,-0.004507868829883302,0.0061140800233653045,0.40029330270488156,3.153783327281937,-1.3413598032897884,-2.1878136737366964
0.014392279961639822,-0.006869215545125929,-0.004384460239967149,0.006146920909986067,0.38529436819186785,3.0801178013070865,-1.4046320737933042,-2.1321484808569076
0.014377871919137919,-0.006825769366117332,-0.004420121661200664,0.006091231347610879,0.38791694463654447,3.0829131922947135,-1.3547000109826497,-2.144970671613534
0.014202508958819762,-0.006716622194621671,-0.004722404231048528,0.006039511185896047,0.4267273040841308,3.272812341032424,-1.2167151310139575,-2.2793407423447825
0.01418305729440228,-0.0066344285500951755,-0.0047685469028013495,0.005920179953489357,0.4295154518600553,3.250463570209171,-1.1189792582535512,-2.2852938562819105
0.014196668001085327,-0.0066739891567482446,-0.0047400318669328185,0.005975030872189217,0.42715878170086974,3.255895614501988,-1.1661592915551815,-2.2796511074217967
0.014251038187567247,-0.00673301481791288,-0.004641713393381105,0.006034528052614681,0.41558839510390994,3.213885775028963,-1.241202662445447,-2.2420721447377328
0.014299601199915364,-0.0067620757584856295,-0.004558553370385182,0.006047902525684017,0.40465500858568143,3.1615735165171066,-1.2788305000660338,-2.2054104060204476
0.014063336163290764,-0.00640351611969257,-0.004980277488307233,0.005614879623938494,0.4506146446527501,3.2447936579809813,-0.8401257931172408,-2.325746889222524
0.014041265379783695,-0.006352770468717498,-0.005015916630715544,0.005544401233032401,0.4529699115416312,3.2320669957605337,-0.7821206631848215,-2.3262070171741205
0.014010018719524297,-0.006308794516096217,-0.005064514339058756,0.00548748677738132,0.45842964157352445,3.233784679264556,-0.7279376048199397,-2.3335952460665497
0.013974305905542944,-0.006275692319805397,-0.0051193098188100075,0.005448088470696819,0.4653500499669639,3.2479660274642437,-0.6820305270923418,-2.3463890844011908
0.014216702982536628,-0.006594912396669067,-0.004722013795387032,0.0058388901698922515,0.420522820067998,3.1810684707512036,-1.0812869193264343,-2.253813117707123
0.014203231641830148,-0.006550502586907397,-0.004749427412304256,0.005777350676352024,0.42257461362939314,3.171112848172406,-1.0307990798982807,-2.2568696830419523
0.014187080026334793,-0.006510726604727502,-0.004779440551094589,0.00572429417339483,0.42515887237414984,3.166318650579088,-0.9853965586265453,-2.2614902721351107
0.014138922902319915,-0.00648122358112244,-0.004857226739304545,0.005702393378871838,0.43537669716791566,3.207087942635968,-0.9426120397276144,-2.290670035167025
0.01411888514390396,-0.0064165725080856835,-0.004893122164545679,0.005611233082110838,0.43724944685708317,3.186339182366558,-0.8713867868688913,-2.289582354504606
0.014706437803095388,-0.007606175472118612,-0.003518513826360661,0.006920050232411151,0.31857114433712813,2.687629435768591,-2.1969345832912475,-1.6598077651113623
0.014806432733250684,-0.007851794210566492,-0.0031796006582138644,0.007117560214402685,0.29876453379411894,2.4676102567086935,-2.41233462128949,-1.432676174644562
0.014743394561063376,-0.007622954740098757,-0.003455160407830353,0.0068977655285075564,0.3119061371463175,2.633180953222503,-2.1945608395413942,-1.6261745101167044
0.014770154056018902,-0.007637917234088866,-0.0034076018915406006,0.006885035658979544,0.30702641042825524,2.59345705132869,-2.1956866668279216,-1.6003817106300382
0.01477893639844597,-0.00766256505789558,-0.003376482899189416,0.006906926196794535,0.30520811674827936,2.5746704138651286,-2.2183489362763322,-1.5797712374634074
0.014788077777026211,-0.007691251661438286,-0.0033413617409894136,0.006933345242128658,0.3034036392759601,2.553709760381022,-2.245085131698204,-1.5560401287787207
0.014795060709435781,-0.007722310042777175,-0.003306715623604148,0.0069651929339448896,0.3018088852102718,2.5341573740192946,-2.2755479439017825,-1.5315493964924363
0.014810934372040226,-0.007809106001485961,-0.0032119729284029006,0.00705689473776317,0.2983576016645592,2.480400451864653,-2.361516580204404,-1.4621073551968682
0.01479570085215912,-0.007766705727262804,-0.0032684436086446935,0.007022200262346215,0.30133113236302206,2.5170717710604116,-2.3248887262425177,-1.5009464424924075
0.014808092247857362,-0.00796008833734881,-0.003075676089726253,0.00725230886452297,0.29773806051842766,2.411836548393344,-2.5305576306268684,-1.3448096247934478
0.014820646974767933,-0.007934554521455361,-0.0030845843004624345,0.007202624524895785,0.2957793706706752,2.40936560648305,-2.4922984288716177,-1.3598038030596624
0.014838301837479105,-0.007874512910377626,-0.0031185921678538067,0.007103076694171901,0.29326773220109764,2.4166055190312874,-2.4130650777401073,-1.3984173238272255
0.014831153123406344,-0.007906707353799468,-0.0030977667346120397,0.007153175041614155,0.294286721079491,2.4100667427172002,-2.4535991651612155,-1.376915514878647
0.014838454085888927,-0.008059824499388368,-0.0029385064849867383,0.007331103466788101,0.29204280292548734,2.3161469876561083,-2.6115049578965515,-1.2433691453245725
0.014905649110339073,-0.008243412426390683,-0.0026636242122371045,0.007442299098965106,0.280937081497695,2.1120744546250214,-2.7328121663050173,-1.0424151040772835
0.014908860137831473,-0.008266308386264794,-0.0026343866335204213,0.007462591999754122,0.28055685920013845,2.0913800669608626,-2.7513562310073283,-1.0184005108621776
0.014924362742960532,-0.008285693964959465,-0.0025955262739727545,0.007459479358608631,0.2781641040895479,2.0594422465586004,-2.754022966707971,-0.99394112003721
0.014940054868771452,-0.008312549597505854,-0.0025480779799431134,0.007463673923631668,0.2757354769197351,2.0216713362308636,-2.7629255427622925,-0.9619525620455659
0.014864555011543802,-0.008088519120917311,-0.0028776556284619286,0.007326879295111283,0.2876915428093048,2.266463998823849,-2.6178689355312748,-1.2060991783817572
0.014875936711261329,-0.008127845868407311,-0.002823078191140502,0.007356127695629453,0.28575310059229636,2.227426268544127,-2.6475282987422695,-1.1650850882277164
0.01489955951848894,-0.008220647494352107,-0.002695700061436375,0.007426325161061664,0.28195234620232545,2.1356484888170937,-2.7168730952511777,-1.0670858063323985
0.014894703533693704,-0.008193276844980116,-0.0027312147741309907,0.007402925037571018,0.28262002854383544,2.1607891006305824,-2.6949129176935394,-1.0955935806134376
0.014886618973598269,-0.008162187738727936,-0.0027741003370579053,0.0073797634331084485,0.2838768256229756,2.1917475351061455,-2.671949959928226,-1.1284808854533084
0.014924184801012312,-0.008228558049083465,-0.002659572200990112,0.007397199308560953,0.278099421085393,2.102140311777692,-2.700557926863347,-1.0509223801081935
0.014830520868324905,-0.007982712736848571,-0.0030256763105968743,0.007248471588348799,0.2938033223711716,2.3711290020203197,-2.53623831993783,-1.314770962673957
0.014846649201144774,-0.00802965173955193,-0.0029592767249517218,0.007282619299750277,0.29085280398310265,2.324248367871665,-2.5724578147008788,-1.2666386036682218
0.014848068017962271,-0.008004779250466491,-0.002982395429561508,0.007250379027282393,0.29064750258029637,2.3369256134696457,-2.5449155909830083,-1.2876145307482574
0.014950037888564928,-0.008383158737303444,-0.0024556258406949285,0.007521861561895917,0.27442184262616154,1.9543022091489635,-2.815705271240613,-0.8856792861984307
0.014958128843793286,-0.008345224874802026,-0.0024914758638201963,0.007469545345335478,0.27302405555025944,1.9766458164146756,-2.7739383413948286,-0.9233442318961061
0.014975644294595187,-0.008404953135495394,-0.00240375498495243,0.0075029252812420085,0.27065696364633623,1.909858231625204,-2.80778943401671,-0.856503118768308
0.014997165030763236,-0.008436089060121407,-0.002345386181938563,0.007499336498099288,0.26765615966385786,1.862220708449748,-2.811493052039324,-0.8187500483436791
0.015018908783202004,-0.0085386580367098,-0.0022003714682680884,0.007562235464030839,0.26501574286071256,1.7518753926887707,-2.870205403724707,-0.7036365836551123
0.015047999404322521,-0.008591171477467009,-0.0021087550256500844,0.00756195301065527,0.2614001461224525,1.6776769105357767,-2.877797450507284,-0.6416639365416218
0.015041482025873704,-0.00855939687857458,-0.00215400063570568,0.007544045560575694,0.26200595593114395,1.712465405136813,-2.8614038686819927,-0.6776247237902616
0.015023527590966385,-0.008462793669659166,-0.002287902016819545,0.007482802915451404,0.2637489496963999,1.813979066137112,-2.805677979511061,-0.785057832880361
0.01502850017463733,-0.008501262120640472,-0.0022370050373736114,0.007511397645199516,0.2634154857253664,1.7761264682381657,-2.830902626934695,-0.7430204358017499
0.015064605074233683,-0.00881524950042775,-0.0018050280537306393,0.0077210843750073815,0.26209220731027694,1.4449160000392791,-3.008348557805913,-0.38163320418093766
0.015045630021640766,-0.008646828373546283,-0.002040794154574301,0.0076150237843186945,0.26236376131656636,1.6276840678663624,-2.920286011462371,-0.5791724348801573
0.015068061061093369,-0.008624352561160903,-0.0020496540561318367,0.007557812079818948,0.2588001022407163,1.6295130989564957,-2.879670903060827,-0.6026289144775071
0.015049739766866091,-0.008680120499419273,-0.001994652110850393,0.007636697508115309,0.2621458094601225,1.5922833592363859,-2.93867456466289,-0.5408081947872074
0.015043464256005423,-0.008706901942132644,-0.0019653018377330496,0.007670101311413479,0.263660136610238,1.571316460418468,-2.9640027750141287,-0.5099279415405082
0.015041917373490997,-0.008760240359998258,-0.0018964405041573455,0.007716929531859804,0.2645695089585989,1.51926278413227,-3.000758592638071,-0.44707187007245514
0.015052863394648622,-0.00872922099623473,-0.0019283352908566805,0.007672544729467783,0.26218135835093537,1.5414418709806146,-2.9680236363037715,-0.4835193680499713
0.0150763370619557,-0.00878095410497756,-0.0018414241823088617,0.007673805879070528,0.2596401838263382,1.470853740390331,-2.973877339265439,-0.42259595305147307
0.015086908675891167,-0.00884993950368849,-0.001741460686936192,0.0077085001274414455,0.2591143781554334,1.392178649137593,-3.002599448697203,-0.34105863138963854
0.015101669129177311,-0.00899016427240276,-0.0015392269915981936,0.0077816702862271965,0.2598169955949954,1.2325165711650126,-3.05910154063781,-0.17212934642070313
0.015098706237833942,-0.00896198754065049,-0.0015803001398846828,0.007767952252575157,0.2598096548131792,1.2650062731629368,-3.048795014068162,-0.20626258429661756
0.015118745481112333,-0.008875018347328314,-0.0016844041829911574,0.007671366040921006,0.2550219430978291,1.3431340745672988,-2.979596907142429,-0.31302142157119883
0.015109765355547054,-0.008936132055043825,-0.0016082028654450257,0.0077304795573474505,0.25741660111324616,1.2853256377458229,-3.022424148557214,-0.2391872827025517
0.015116007067136368,-0.00890544909368009,-0.0016454866813439342,0.007697953018956052,0.2558407517607848,1.3134307989072858,-2.999161209210317,-0.27664866503979596
0.014512860047713544,-0.00719077594532082,-0.004066074153303287,0.0065316236614058045,0.3602692062855533,2.990400407642913,-1.7737291971336007,-1.9841766434287422
0.01450512817764324,-0.0071479006320095545,-0.004099304459973106,0.006474564612293531,0.3615283181582674,2.9957944382523825,-1.722990273648388,-2.001867526466091
0.014605652791935719,-0.007267234206531509,-0.003887666984247467,0.006552698954013817,0.34074354281973307,2.864672793666165,-1.8379655224140437,-1.8903224782423913
0.014549954655275404,-0.0072147544022498,-0.003998142254240561,0.006531356187770066,0.35193184512340675,2.939900343950231,-1.792515303492318,-1.9488788379287614
0.01458080983875377,-0.007240812418978434,-0.0039386194993753,0.006539183860909722,0.34618297359957867,2.8981807809104807,-1.8144146520272784,-1.9175651923443595
0.014687344871118944,-0.007497795100300435,-0.0036247870506893863,0.006792446640321991,0.32326541145650906,2.7362469851331466,-2.078521786495019,-1.7329887766180294
0.014705687014878472,-0.0075665378679673455,-0.0035495497893294615,0.006866336627295257,0.3190681604689192,2.697920586500356,-2.150248325720933,-1.6834723578045556
0.014722796830522904,-0.007522490275417223,-0.0035581950140846533,0.006785565860877217,0.31684939872517687,2.683808775659108,-2.0892197382769204,-1.696469877855953
0.014687351465418233,-0.007453388092528138,-0.003655439953473343,0.006730414705452528,0.32389164010633165,2.742729425856678,-2.025841030689057,-1.7552311998615646
0.014684462527855182,-0.007410593956543759,-0.0036879123557476824,0.006673772506202438,0.32471106805717426,2.7514279934422423,-1.97671096320304,-1.7771345847049134
0.014673703833626326,-0.007363952545896359,-0.003732812113073913,0.006619963595664157,0.3271410659438476,2.7696050950411792,-1.9268140080566847,-1.804700443307104
0.014660531195010144,-0.007320585388951954,-0.0037779460533892313,0.006572673697986339,0.33019519871756925,2.7894222947680123,-1.8812367320704293,-1.831393722630249
0.014646018912159501,-0.007276827529478186,-0.0038242621266004334,0.00652553564148198,0.3332123795793375,2.8094634607785287,-1.8353103220112226,-1.8578307949726633
0.014639789012317739,-0.011939001433299899,0.0031906167766776084,0.007634763558293162,0.34055785119630616,-2.1837007954083645,-1.8969066183049372,3.4164711941753345
0.014663380411867594,-0.011880340563880973,0.003094736391512672,0.007675193675108814,0.3410665710323393,-2.134337025880274,-1.9660353981344716,3.366237660612241
0.01465750209559037,-0.011894938364715819,0.0031187141327481387,0.00766539522442329,0.3411019551957764,-2.1468617877389264,-1.9489928546105524,3.3790600433953997
0.01465174724050427,-0.011909626463275225,0.0031425636752184945,0.007655128437021169,0.34099686271730084,-2.159139932634961,-1.931714905747737,3.391444499510932
0.014645860887766711,-0.011924334921062122,0.003166529927134804,0.007644864804985365,0.3407836758937701,-2.171406842043002,-1.9143283280221348,3.403879332823412
0.014686331890292148,-0.011864146930780218,0.0030473368377748303,0.007660879741784644,0.33674768586630677,-2.104431096003814,-1.9806740632822228,3.3205447127956345
0.01467992889347255,-0.011878537350476642,0.0030716785709828313,0.007652447215094504,0.33682051468720603,-2.11747095611138,-1.9643502801459858,3.3345091519574273
0.014692678968596662,-0.011849559655955777,0.0030227888427919107,0.007669472276592004,0.3366853803337612,-2.0912201024990265,-1.997120869937641,3.3064798940286733
0.014725519956172954,-0.011718062555546952,0.0028277802095328934,0.007777809957224041,0.3417440220122741,-1.9889866267619423,-2.1483667622126124,3.2172598791241334
0.014730933923709858,-0.011703190386031919,0.0028032695780970808,0.007786627708532554,0.34178889613858976,-1.9751169553223373,-2.16441656266805,3.2030144285908446
0.014736454532600566,-0.011730468328600278,0.0028299095052539323,0.007745820917409093,0.33744453913114575,-1.9861172917754175,-2.129236662771941,3.2000720160299996
0.014687307551363117,-0.011821715611026476,0.002997392702477865,0.007712353873841616,0.3414719482597599,-2.0822669669959972,-2.033240331107781,3.3122171354298175
0.01469288069764071,-0.011806826106963186,0.0029731305650636045,0.007722134993351697,0.34170833689610086,-2.069215664969468,-2.050105115240313,3.2990019243162814
0.014703608198584838,-0.0117771419054385,0.002925013407143144,0.007741723892996827,0.3418443301647219,-2.043148992973031,-2.0834848496673994,3.272797884446606
0.014698253565478674,-0.011791941576675886,0.002949046784501169,0.007732050818930439,0.3418478370535436,-2.056226452658833,-2.066898593972287,3.285975264265774
0.014730763684044496,-0.011745239977090304,0.0028543756991825067,0.007737353858940434,0.337500456107372,-1.999882952614471,-2.113362911510286,3.214420728796942
0.014725268952140777,-0.011760007998897542,0.0028785464437576062,0.007728411233983551,0.3374698168349895,-2.0133293246207704,-2.097296405222426,3.228218125608148
0.014719871191776169,-0.011774697217260365,0.0029024449203529866,0.00771924283018642,0.3374090250730372,-2.026505793197439,-2.0811691229454596,3.2416303148005468
0.0146987972296463,-0.011834734541478714,0.0029981968489972127,0.007678537200289393,0.3366767167334976,-2.077980921985709,-2.013788646733653,3.29263177020364
0.014751982022163981,-0.011643555592037258,0.0027051353914219795,0.00782132294428071,0.34163289056295915,-1.9187801718148876,-2.2277393097393507,3.145292087511629
0.014746731062530744,-0.01165844133505928,0.0027297182944436677,0.00781291553087896,0.34173246882515235,-1.9330456863841496,-2.2121195131417153,3.1599708117051857
0.0147415085708536,-0.01167334906266279,0.0027542370068684117,0.007804265352768683,0.3417890946053724,-1.9471608271393366,-2.196338628435239,3.174420867084852
0.014736250764435632,-0.011688272582563747,0.0027787539339760264,0.0077954818419354935,0.34180865439970615,-1.9611809106012537,-2.1804272197812966,3.18875609858689
0.014774041974679505,-0.011625923604027597,0.0026582288935610905,0.007805189075844835,0.3371630715872957,-1.8875713080194239,-2.2388941926320176,3.098521810135583
0.014768453986679754,-0.011640805225100914,0.0026831054211009,0.007797642280878022,0.3373382873391885,-1.9022019854275027,-2.223785098399674,3.1139514369784336
0.015040213482042035,-0.010751079573266828,0.0012000932347173995,0.008053622334891349,0.31031802506490647,-0.9128092680782324,-2.8980095101972196,2.057862655553789
0.015055240583918312,-0.010764881937118172,0.0012131494861036141,0.008018278577757956,0.30677480867704104,-0.9204264225547344,-2.873367221293791,2.050582735237409
0.015046481708000964,-0.010734166056996279,0.001171157917715629,0.008050505350969815,0.30901044199622,-0.8913857473355392,-2.9039808765357087,2.032848355936555
0.01505596766100202,-0.010716308232415732,0.0011392623866269384,0.008041584074962187,0.3069810454285089,-0.8674604234965378,-2.9071733994197673,2.002577652490455
0.01506234515554478,-0.010698355427448208,0.0011088596240573735,0.008038311255961895,0.30567647981771057,-0.8448875862133313,-2.9132331493723576,1.9763751527202833
0.015064322517467851,-0.010680412377403761,0.0010805899519574591,0.008043078153089349,0.3053400098243118,-0.8242593055895008,-2.9234439136688946,1.9559265125724001
0.015062588326737816,-0.010665233675455384,0.001058200855506314,0.008053369653966733,0.3058278480156831,-0.808181921529944,-2.935392036079054,1.9429648636107941
0.014973831817778577,-0.010987306748480178,0.0015948490047785675,0.008034708153186687,0.3219339567545148,-1.1966161093514265,-2.7706078078098977,2.368195183962425
0.014981042445847003,-0.010971691689128713,0.0015668333390218962,0.008032065636675563,0.3205237499623052,-1.1765116606223576,-2.777865974163135,2.3440538517905742
0.014972250997076358,-0.011021375269667536,0.001646112831669453,0.008013843109337499,0.32133013310555625,-1.2314244646955972,-2.7419447509815202,2.3987918204205876
0.01497666434202797,-0.011003527068880026,0.0016168108375084324,0.00801829073887417,0.32074974976446585,-1.2110284228651231,-2.75394264372914,2.3773704953683388
0.015048826308946365,-0.010780230848347573,0.0012396624771142948,0.008022131381525353,0.30807522455146646,-0.9400209905169222,-2.868375670275024,2.073960635976856
0.015042637769299932,-0.010796323656666442,0.0012672364291177898,0.008024971158600581,0.30924489613391604,-0.9602731536360586,-2.8624091455872827,2.097665047168476
0.015032879465418342,-0.010812846709618736,0.0012975059545753014,0.008034029517685498,0.3112925035802529,-0.9828376199643055,-2.859275806249762,2.1267550880531316
0.0150209964415257,-0.010829701447432855,0.0013296382880919127,0.008046650674776069,0.31382913763924064,-1.0069385623476783,-2.8576462171150094,2.159249633392832
0.015031333348452922,-0.010845187321135723,0.0013469212688042651,0.008018458993303652,0.31117696007488876,-1.0177578938688188,-2.8359123076435053,2.1587963400769934
0.015021955653616923,-0.010861876100308622,0.0013773935304007756,0.008026069159169142,0.31311607011545844,-1.0402855517515974,-2.8315777607048713,2.187379784658699
0.015015871306700323,-0.010879081181281669,0.0014067611991969231,0.008027033381408874,0.31423389195434925,-1.0615533065193412,-2.8235379397578444,2.2116828151142305
0.01499429621788326,-0.010956557614861959,0.0015355864888142166,0.008017775891483935,0.31773019135739805,-1.153260294477129,-2.7791537683685346,2.3112378122585793
0.015008746836207657,-0.010899246548237334,0.0014412297770614278,0.00802785488311495,0.31555337529960165,-1.086391444988154,-2.813814156614622,2.2400054408308763
0.015006931766600586,-0.010921636012254942,0.0014756711738040489,0.008017137887746247,0.31552478742730505,-1.1103789553031802,-2.7971163132519714,2.2623398458781083
0.015002187782677567,-0.010939906410868684,0.0015057908404628693,0.008014152614680825,0.3162439654440599,-1.1317363508677463,-2.7861805652222675,2.285196444646665
0.014788852625847384,-0.011580485983580635,0.00258442536766716,0.007830862377315112,0.33708876351585854,-1.8441851344819093,-2.285210838625542,3.0545110434890153
0.014779423177995276,-0.01161081713257202,0.0026332494129336042,0.007813148112993993,0.3370330999776558,-1.8728627374656506,-2.2542154084118917,3.083226385854321
0.014784279446175172,-0.011595572699436807,0.0026086155199214027,0.007821944470070242,0.33703002027183054,-1.8584109596034821,-2.2698007392941495,3.0686701912017678
0.014805147297760212,-0.01157733672543852,0.002562796839188147,0.007807384752330025,0.33345166682160965,-1.8273036659985895,-2.281218048171731,3.0234966292172794
0.014810668831107753,-0.011562966313014159,0.0025385728458157623,0.007813667627688316,0.33318201449355705,-1.8126446948347386,-2.295021358561613,3.0077664773015704
0.014873506418562665,-0.011350336858604416,0.0021943650032807964,0.00791985902127486,0.331566721706047,-1.5999168326315607,-2.494091282994168,2.791490665011438
0.014869268264793635,-0.011365502022244818,0.002219012745430061,0.007912985479947428,0.33175505898291807,-1.6156411481926458,-2.4806526383387495,2.80754542848929
0.01482454671285427,-0.011517227296778036,0.0024650810514377404,0.007838738714586976,0.3330807050997295,-1.7685555037138698,-2.339899805301584,2.9633589879752864
0.014820506875150026,-0.011532786435356364,0.002489428816055059,0.007829250140080096,0.33298140839331586,-1.7830838606627977,-2.3244207441350877,2.9774228342949205
0.014815938390997504,-0.011548071737320033,0.0025139076190502548,0.007820757375104402,0.33299488793190357,-1.797750176165512,-2.309395065869793,2.992131093059306
0.014865577920583092,-0.011381059371160062,0.0022436216487823238,0.007904622175251981,0.33176437913105433,-1.6311089742545606,-2.4663187910412994,2.822701222917136
0.014861110225502898,-0.011396486609203666,0.002268735989241339,0.007897546680274774,0.33195805592138816,-1.64698331196959,-2.452467530066142,2.838958765902191
0.01485564699400133,-0.011410952073246192,0.002293477589289527,0.007892934106085714,0.3324181950893506,-1.6628250518529804,-2.4401009729741356,2.856285266361598
0.014829874259332076,-0.01150186331955705,0.002439589231136446,0.007845694873194224,0.33282403630658336,-1.752901238462946,-2.354355705157557,2.9468835257654793
0.014834424209643178,-0.011486471063307899,0.002414807128788233,0.00785380666004644,0.33279372389674605,-1.73780672528015,-2.369093550355604,2.9316461821933686
0.014838365863266445,-0.01147142020296294,0.0023910314785506523,0.007862424532829669,0.33281045568756557,-1.7233414730453098,-2.3836750699689815,2.917463810003707
0.014851571662967472,-0.011426176317901481,0.002317850029236195,0.00788503761734728,0.33248016700483607,-1.678014654775687,-2.4259325354710586,2.871459346113205
0.014847940251624185,-0.011441458658477422,0.002341801106585592,0.007876158893729583,0.33241785450962874,-1.6927407790689892,-2.411321015082041,2.885700704161273
0.014843388081200795,-0.011456627515300126,0.002366453084478833,0.007868790284594333,0.3325512256089839,-1.7080345689441785,-2.3972327300040983,2.9013347776449856
0.014951555854998251,-0.011098997060321589,0.0017743136631899348,0.007994457129512272,0.3238834686403751,-1.3199205698296632,-2.6884272942000194,2.4924384824732098
0.01493202373293418,-0.0111180857353799,0.0018169825927310398,0.00801510524110159,0.3279927202235266,-1.3513692205829682,-2.6860578569571563,2.538190869827471
0.01494629065503135,-0.011111983920637166,0.0017970983583918913,0.007994026927101544,0.3247153040124449,-1.3357640387030039,-2.6804894764590923,2.5106783387599205
0.01493097708190422,-0.011133832697629438,0.0018405554241563455,0.008004635793101782,0.3276455706475621,-1.366867494453099,-2.671868087519862,2.5516520702382173
0.014927880874266239,-0.011149906292538201,0.001866140111473399,0.00799743962612315,0.32780485679528854,-1.3839881751772685,-2.6588334529776465,2.5685097341297998
0.01492431915411938,-0.011165691823140707,0.001891632057816807,0.007991130156020446,0.32803956000190154,-1.4010673854301154,-2.6462793818849835,2.5857610520711005
0.014920588431234172,-0.011181365383160904,0.0019170555101219455,0.007985034352621012,0.32830310596759354,-1.4180635380039603,-2.6338069068867807,2.603060306967436
0.014916639424603846,-0.011196989630566844,0.0019425457149578578,0.007979189232021426,0.3286025471214104,-1.435073574919799,-2.6213897572910283,2.6205376116922916
0.014888361030082281,-0.011304842466407962,0.0021182187640587324,0.007935705658800708,0.3304145175324011,-1.5504654538319287,-2.5320762224713573,2.7388120824614095
0.01488405296597461,-0.01132046475584717,0.002143673154644834,0.007929061775296719,0.3306368069720924,-1.5669108686623492,-2.5186756609514283,2.7556842451873176
0.014879064785419553,-0.01133569911522902,0.002169175811473263,0.007923777190486063,0.33102999425737245,-1.5834713116762822,-2.5059696500963144,2.7733362359186535
0.014912331545704849,-0.011212497952089366,0.001968132944762458,0.007973899774126006,0.3289682391385493,-1.452146661920086,-2.609192273321131,2.6383849416039387
0.014907512014997418,-0.011227706556303145,0.001993700273114228,0.007969592664308139,0.3294552567961731,-1.4692448629019965,-2.5974998728667167,2.6567433189014706
0.014902290451410316,-0.011242580614942706,0.0020191225665565156,0.00796610767285255,0.3300299143901346,-1.486278118115659,-2.5862586200246267,2.675434433179602
0.014898399248373712,-0.01125776952461912,0.0020438129154268336,0.007959819756208129,0.3302772163968796,-1.502499038252961,-2.5735884666473936,2.6919799097862085
0.014895443188079482,-0.01127333786157707,0.00206816386325082,0.007951377643038916,0.3302560938221472,-1.518208460428567,-2.559742542216228,2.707026929676884
0.01489213744391459,-0.011289085566731619,0.002093005481313873,0.007943221053846606,0.3302928438531681,-1.5342109893511628,-2.5458244581266407,2.7226019785163804
0.014976223937275168,-0.011080354573280115,0.0017289049130809334,0.007963906963023409,0.31850486252942845,-1.2858198390797348,-2.685644863512963,2.439478925440525
0.014970624296453497,-0.01109652700464389,0.0017563279875492841,0.007961922425575411,0.3192981096908362,-1.3048076855690505,-2.6753824158616832,2.460594308155974
0.014985555912204239,-0.011033823822747636,0.0016548466809138407,0.007980772683146701,0.3177425838476355,-1.2351578811487958,-2.7196875310240234,2.3884884275642473
0.014983747992628681,-0.011048743981639138,0.0016777812822995777,0.007973387247195228,0.31771493309800153,-1.2507284130026821,-2.707937881888465,2.403149363637415
0.014980646117649715,-0.011064511991724528,0.0017028216706906523,0.007967573231508186,0.31798164457552947,-1.267852300179654,-2.696367798024149,2.420332837363848
0.01440501730736296,-0.012394720393390792,0.00396626407199813,0.007295764229291526,0.333268376916201,-2.5345598278416985,-1.2976818540021655,3.7908083277254545
0.014396582438974287,-0.012381189378714531,0.003968597634301079,0.007327502131713351,0.34145483168999985,-2.5400758106948818,-1.3164904885113091,3.811387990440221
0.014476228253964728,-0.012227864587089588,0.0037130217121563343,0.007460263090482126,0.34696609358157743,-2.438319548419609,-1.5311185167481212,3.7066421389592024
0.014492211697200367,-0.012226971437842871,0.0036883978225739785,0.007440100183761788,0.33736575691059606,-2.424490063366138,-1.5303315515449698,3.67755827845799
0.014469207167595147,-0.012241915987078055,0.0037364266482607287,0.007448568318811432,0.34739577354934664,-2.448200100582503,-1.5119428543906548,3.7167173645284195
0.014485232376514326,-0.012241064473104605,0.003711687854903854,0.007428430824248273,0.33679229885817724,-2.4343202144094414,-1.5112724695096402,3.6876238110309885
0.01441252523386346,-0.012380898843113866,0.003943339551820749,0.0073081464892650215,0.3339672782666469,-2.5260516333764014,-1.317376131094994,3.782063936341128
0.014404041361879703,-0.012367365557503274,0.0039455755508384874,0.007339924092406794,0.34080252025306806,-2.531564791984964,-1.336228164023402,3.8024831604975744
0.014420015770751264,-0.012367061864235635,0.0039203466222330575,0.007320412358061281,0.3344770790634291,-2.5174238047439306,-1.3369787418011567,3.7731505984758935
0.014411456818519202,-0.0123535183743367,0.003922490783923252,0.007352286425910807,0.3412844802606428,-2.5228590023800743,-1.3559613728349387,3.7934249381290743
0.014427459492477299,-0.012353188769058545,0.0038973127677306096,0.007332626572890189,0.33460986817017085,-2.508683634877004,-1.3565256645268082,3.7641122984235325
0.014418828737030384,-0.012339647963432628,0.00389934546859958,0.007364587898423183,0.343142565837131,-2.5139482059132474,-1.3757003570700768,3.784276657145668
0.014434826271993946,-0.012339257880158846,0.0038742613885099013,0.007344859237969142,0.33461091160009043,-2.4998258886394105,-1.3760723432693631,3.755004037139582
0.014426157046052341,-0.012325754459026414,0.0038761720360459945,0.0073768112340054,0.3446622372599774,-2.5049076230087364,-1.3953809046981565,3.7750552141388645
0.014462141986151313,-0.012255945233250496,0.003759821846466692,0.007436786317510421,0.3463516665938578,-2.4580429288021066,-1.4926398089127648,3.7266745378324777
0.014478220830779874,-0.012255165713811815,0.00373495021692026,0.007416630725685477,0.3364077741998846,-2.4440210517114873,-1.4921061451160487,3.6975420785416033
0.014455032777517945,-0.0122699521913998,0.003783204998738345,0.007424918161530636,0.34398529527479776,-2.4677957469661718,-1.4732301715180356,3.736570359810267
0.014471135616506167,-0.01226926463816868,0.003758231988212133,0.007404767551721709,0.3364459669245989,-2.4536050419267137,-1.4728783124685227,3.707380999788765
0.014447879610072305,-0.01228393672729852,0.003806540387009618,0.007412982036351298,0.3422583932231935,-2.4773539288070907,-1.4537938963753698,3.7464183517721836
0.014463949314528863,-0.012283323158084258,0.003781540280216593,0.007392929319923324,0.33662915099664165,-2.463081851946393,-1.4536471077994577,3.7171839889066205
0.014440682552685621,-0.012297898706704342,0.0038297987561675463,0.007400993025661498,0.3426985920810461,-2.486671252503757,-1.4343785716843644,3.7561559494378085
0.01445668653131843,-0.012297326263567387,0.0038048314796278264,0.007381104139248566,0.3364329561568982,-2.4724530280646917,-1.4344027081296824,3.726909981831261
0.014433441674724524,-0.012311837995365548,0.003852995314861818,0.007388943365964278,0.3442924794343271,-2.495820123115734,-1.414935669592588,3.7657040488992313
0.01444940288719426,-0.012311303392047099,0.0038280529007078327,0.007369178843131082,0.3357178894139095,-2.481709783315495,-1.4150704565081076,3.73646727537999
0.014442125655978128,-0.012325284291333552,0.0038511869624916245,0.007357079056932263,0.3349513131256035,-2.490837002616733,-1.3956108230804445,3.7458143497810874
0.014529322835935192,-0.012183635977683968,0.003593725589452416,0.007454162305342185,0.3369824034946398,-2.3753837554286807,-1.5909259603449273,3.6137747577126222
0.014522354654403708,-0.012197842393066495,0.0036172309283776763,0.0074429531021947834,0.33676265711391684,-2.385704136480389,-1.5722457474736637,3.6244566077164735
0.014515443899362962,-0.0122120316314095,0.003640558621963211,0.007431527008742468,0.3365063794701387,-2.395796111667345,-1.55350795984859,3.6348168655459845
0.014508512788131568,-0.012226164087155482,0.0036637827889217044,0.007420046752524154,0.33622605015162105,-2.4057356718159735,-1.5347540408249518,3.6450159442679975
0.014543241794092797,-0.012155084251329266,0.003546377436622732,0.007476304058705402,0.3376412350639269,-2.354259148939738,-1.6281540242757444,3.5918442697673174
0.014536337723747962,-0.012169401531397913,0.0035700501804667773,0.0074651826845442215,0.3372641163388539,-2.364848507405726,-1.6095455708440143,3.602796942186838
0.014569517241052932,-0.012097748566587303,0.003452722567624591,0.007521067896558926,0.3386398018646832,-2.311726777115361,-1.7016503885082646,3.548556885187456
0.014562984960993541,-0.01211201898031307,0.003476140764718147,0.007510161639453,0.33849215997962795,-2.3225484482034244,-1.6834914874992564,3.559636002401224
0.014556490293788584,-0.012126329902862484,0.00349946900981178,0.007498983265035501,0.3383024985344299,-2.3331789849611044,-1.6651934519706135,3.57042442092531
0.014549939609843486,-0.0121406996167236,0.0035228528828701758,0.007487635692108128,0.33801995270308266,-2.3437193555252587,-1.6467330490734404,3.581098424029301
0.01463109453337085,-0.011995590727310636,0.0032631762803700115,0.00757281878728476,0.3357746916500482,-2.2152063677836193,-1.8266037799353823,3.4349009416763674
0.014585933852985128,-0.01209654469577266,0.003428657734699339,0.007499846721397843,0.33447395105191585,-2.294865505803765,-1.702519199913984,3.5169801497790236
0.014592661343174653,-0.012082263878575897,0.0034050019151876045,0.007510184948306382,0.33463711030358984,-2.2837004376812717,-1.7203639585759263,3.505314816116074
0.014606171924760462,-0.012053269002895562,0.0033569637106395864,0.007530872975909107,0.33493215200808274,-2.2607242192643255,-1.7562720014165818,3.4813018934626405
0.014599447033922382,-0.0120678254642861,0.0033810366509715085,0.007520490319802626,0.3347911567543251,-2.2722760840046323,-1.7382981380244902,3.493347593041969
0.014624824550107546,-0.012009731054506098,0.0032864923293868605,0.007563009964327727,0.3356434689269894,-2.226748547496108,-1.8095281680526731,3.446883934715182
0.014618812081686377,-0.012024068859177903,0.003309601346083217,0.007552403289188235,0.33538492049694324,-2.237955889823516,-1.7920769304187376,3.4581686785654884
0.014612632606487761,-0.012038627607514668,0.003333088098713695,0.007541576878075271,0.33514916087384355,-2.249260359762832,-1.7742644999169264,3.4695686762465603
0.014650728740230294,-0.011952341623135089,0.00319086951916833,0.0076011463769356915,0.33592075322716014,-2.1785911568766783,-1.8780677766233522,3.396213922266304
0.014644293437081667,-0.011966962612566986,0.0032151103761435614,0.007591444222799007,0.33584197373711916,-2.1909093338699672,-1.8607597508675295,3.409096068293995
0.014637696966236555,-0.011981393765054192,0.003239294812235588,0.00758205664089513,0.3358046111930147,-2.203169877876446,-1.8435947158718877,3.422088977943268
0.014413720894637118,-0.012408386428801842,0.00396379796655881,0.00726425339970532,0.33157666703377964,-2.5246835398342333,-1.284392662950909,3.76739764315341
0.014406262960422618,-0.012422185368760845,0.003986347447500516,0.007251681746519621,0.33123960253586815,-2.53281410080347,-1.2648361975509748,3.7756737919565597
0.014398806692310808,-0.012436019179492297,0.004008831619364792,0.007238896417817278,0.3308217184384657,-2.5407681222691925,-1.2451772096752156,3.7837041819400095
0.014391231091763214,-0.012449885763048103,0.004031435882844946,0.007226043033781147,0.3303091630959601,-2.5486757382137415,-1.2253740618965872,3.791723884521787
0.014383478705592097,-0.012463689650831973,0.004054178473618477,0.007213335912680169,0.32980813597233666,-2.5566018940583777,-1.2055125812710419,3.799889418376889
0.014344099594262602,-0.012532202193663071,0.004167141396526171,0.007148915151178559,0.32753983899590217,-2.5943120536633137,-1.1055657126123695,3.8387719153088056
0.014352139073307029,-0.012518574286307755,0.004144523366582781,0.007161813835599076,0.327958898872652,-2.5869404743883346,-1.1256626700105992,3.8310936139705434
0.014375687600648812,-0.012477410117869063,0.004076830158730139,0.007200645563169106,0.32939800015084003,-2.5644012494540074,-1.18566313946692,3.8079456861253966
0.014367944674643392,-0.012491133758557253,0.004099318584689134,0.007187735580215199,0.32898099227887384,-2.5719761603337505,-1.1657638554509402,3.815681752273178
0.014360127414841509,-0.012504881525840625,0.004121850697685225,0.007174713619530662,0.32847351052345714,-2.5794534403437237,-1.1457471680413411,3.823322003199553
0.014336150300187082,-0.012545858049570579,0.004189543550124762,0.007135711492161636,0.32713652620873074,-2.6014087160159005,-1.085414103518591,3.8460312844609104
0.014328198216969172,-0.012559566909274266,0.00421189207765316,0.007122267092453852,0.326624708404408,-2.608322239574147,-1.0651464948349274,3.85303239770287
0.014320076934489168,-0.012573231793663238,0.004234387663034884,0.007108920566139443,0.3260412182591004,-2.6152370497039104,-1.044798417728128,3.860147967357078
0.014311840210761552,-0.012586789845124716,0.004256904861483144,0.007095713722154722,0.3255222997392975,-2.6221071960893636,-1.0244580069229061,3.867315531180622
0.014303635767624827,-0.012600295737378751,0.004279242774075356,0.007082398266995817,0.3250696656626934,-2.6287730619547562,-1.0041345756995474,3.874223182804617
0.014295461443528905,-0.012613797641989125,0.004301434928250397,0.007068899582104652,0.3245811870164839,-2.6352297624221,-0.9837799217172482,3.8808459411025154
0.014287218468385135,-0.012627262337122136,0.0043236199862824376,0.0070553776162995884,0.32403735438608444,-2.6415837726228784,-0.9633856604098966,3.887390823045599
0.014278895832363803,-0.012640680249773792,0.004345811344874725,0.007041859449070134,0.32351334091399614,-2.647848909041654,-0.9429508331216256,3.893884588063137
0.01418764123415389,-0.012731970148814605,0.004553154668351672,0.0069793149364671585,0.331237529153421,-2.7182648193513956,-0.78393363660684,3.9943911403699297
0.014179037739678208,-0.012745112669881743,0.004575077315968439,0.006964963799490002,0.32943235273081234,-2.7234981251493853,-0.7627601930961777,3.9994932142221464
0.014195198946560005,-0.012746168231338138,0.004547800669876873,0.006947390113117497,0.31956596460216424,-2.7097261176041556,-0.767372613830664,3.9705756435526287
0.014196203394784798,-0.012718800667499653,0.004531206852832857,0.00699358424760832,0.3320301569983368,-2.712971794333242,-0.80499406181672,3.9891856588964347
0.01420375459170322,-0.01273291389331425,0.004526006595886052,0.006961796398748127,0.3199972576558226,-2.704695810727557,-0.7883720461783713,3.9654655266963217
0.014213203372519656,-0.012692381351478463,0.004487223068255489,0.007021886101888365,0.3308743238129138,-2.7022248139731833,-0.8468176008532321,3.9782555400215163
0.014229160246644676,-0.012693212276120573,0.004460488444000931,0.007004261777303666,0.32256159776929844,-2.688709817874974,-0.8509116310898194,3.949202938078711
0.014204724135944917,-0.012705604357736414,0.0045092343033065665,0.00700777159595667,0.3316967596605818,-2.707636252966619,-0.8259401302981196,3.9838200859587443
0.014220707126269777,-0.012706442799259464,0.004482397653422791,0.006990248547373067,0.32168289523989385,-2.694191228864552,-0.830149233656834,3.954818004318143
0.014212246657083961,-0.012719669701477906,0.0045042210454233345,0.006976096613390269,0.320735257973642,-2.699519420454132,-0.8093064501992607,3.9602289636444055
0.014270573984657524,-0.012654103823023123,0.004367909612717159,0.007028174841495294,0.32302298499802556,-2.6539331585185475,-0.9224585149615897,3.900140385467069
0.014262262327724234,-0.012667543894619071,0.004389903553927957,0.0070142966602014046,0.3224986105378545,-2.6598219928358944,-0.9019096484896529,3.9061310408028156
0.014253883156054767,-0.012680934021302359,0.004411880731291464,0.007000414735590777,0.32191569534767944,-2.6656068885252804,-0.8813396201931815,3.9120474228593136
0.014245416677815504,-0.012694208659258433,0.004433837930530988,0.006986658357108836,0.3213443263004485,-2.671325531248545,-0.8608061253120391,3.917976843332711
0.014170392997494839,-0.012758228099060336,0.004596961059464318,0.006950539698253226,0.32744535356843607,-2.7286171342734087,-0.7415185587363745,4.004526837328122
0.014186561945698527,-0.01275940359829946,0.004569617187210527,0.006932940893817311,0.3193345616800674,-2.714620485460824,-0.7463527683069976,3.9755980634449144
0.014161707094251574,-0.012771316304873211,0.004618792697764047,0.006936051265104717,0.32605242931740297,-2.733571020982927,-0.7202581411731274,4.009484181604506
0.014177850345281936,-0.012772594043806908,0.0045914331250459265,0.0069184828546717874,0.31907086096211806,-2.719385935982213,-0.7253385898688234,3.980532452746529
0.014063470817168196,-0.012913452405312715,0.0048556386564451125,0.006772357453146658,0.32160705129277284,-2.7767212898349793,-0.4861863696085427,4.0543391045842
0.0140793942714892,-0.012915231580111727,0.0048279556059989326,0.00675588342984097,0.31170933886522706,-2.7635236570959236,-0.4926507702500427,4.025807327531702
0.014072603630183415,-0.012900672279216817,0.004834333433481544,0.006787582433906211,0.32279857533587925,-2.773354078383908,-0.50768450030248,4.05108000144403
0.014152980117106464,-0.012784377156011448,0.0046405749910075475,0.006921496664106263,0.3249485325393867,-2.7383369969369973,-0.698996342071494,4.014331758207826
0.014169084597645688,-0.012785734017823845,0.004613213334240872,0.006904005032731822,0.3186897082625015,-2.724025029346269,-0.704325616897196,3.985350209353141
0.014144212153727343,-0.012797410521339082,0.0046623153475965715,0.006906871016301678,0.3235144308436718,-2.7428995024294145,-0.6777393645473988,4.019052822579227
0.014160272758663097,-0.012798822990888687,0.00463494420945026,0.006889501209865507,0.3183272602827376,-2.7285463834427754,-0.6833091007443474,3.990048856806368
0.01413540329229132,-0.012810416269897769,0.004684003385664611,0.006892181450730272,0.3223188687514692,-2.747232639639888,-0.6565196849961524,4.0236515705871705
0.014151408215220143,-0.01281185094561148,0.004656632172157233,0.006874994458111269,0.31800499123897175,-2.732965158150052,-0.6622957107706416,3.994655830756568
0.014126553621484201,-0.012823394270911453,0.004705620465564168,0.00687744073452946,0.3226069616587259,-2.7513356035847605,-0.6353621286380627,4.028108169297084
0.014142495492744945,-0.012824821959733591,0.0046782742602960135,0.006860472917107925,0.31743686512071667,-2.737282735140798,-0.6412673234602476,3.99915996469783
0.014117663230499854,-0.012836344393790973,0.004727175972683348,0.006862642539417118,0.32374785928693756,-2.7552684181897917,-0.6142159556860968,4.03236773662476
0.014133560780752194,-0.012837773180648729,0.004699846452706099,0.006845850827341487,0.3164746960857015,-2.7414763917853597,-0.6201710000004289,4.003486111405869
0.01410873220903958,-0.012849266508138675,0.004748699963237341,0.006847766231900538,0.32367937393825413,-2.7590987717085285,-0.5930005890840848,4.036412657054557
0.014124618434892364,-0.012850731174796813,0.004721334268796079,0.006831073605946334,0.31550818329727554,-2.745524673009193,-0.5989912862500731,4.007597116585067
0.01409976064731136,-0.012862160483752988,0.004770193398128004,0.006832811151873213,0.3224995669979886,-2.7628296464565154,-0.5717145637701854,4.040296520974467
0.014115646077523442,-0.012863675739040174,0.00474276190947717,0.006816197112244289,0.3148702191990785,-2.749429110748132,-0.5777765421250195,4.011552456622794
0.014090748636029148,-0.012875026190632995,0.00479162903773161,0.006817796283763142,0.32214748306630286,-2.766434104533276,-0.5504102460059759,4.044057806058508
0.014106622227765575,-0.012876583252952363,0.004764156030170105,0.006801278421027138,0.314274963615308,-2.7531951448236964,-0.5565555819936961,4.01539489109659
0.01408169626641203,-0.012887863498982953,0.004813001458791821,0.006802725423939361,0.32278717533519485,-2.769927907122527,-0.529085002945366,4.047663094262014
0.014097562988063387,-0.012889468414314676,0.004785498960483099,0.006786277013245781,0.31338866933381565,-2.7568083566929125,-0.5353009663886102,4.019071527285404
0.014088490621115115,-0.012902353199585674,0.004806761326732163,0.006771138227732315,0.3124217118405011,-2.760250836737276,-0.5139922390830773,4.022531730903097
0.014054297909219787,-0.012926203763119731,0.0048769130224333235,0.006757053272895078,0.3197298383598614,-2.7799926565722815,-0.4646176126114449,4.057491491892721
0.014070247074698719,-0.012928081810832458,0.004849117734393266,0.006740571614999544,0.3112686934568157,-2.7666422822891827,-0.47130699896377487,4.028956613020703
0.01393144267732052,-0.013089297407978533,0.00514877274866031,0.006552266414692552,0.3089427164482451,-2.8079761330292476,-0.18428862127483284,4.086026728132833
0.013947278377771153,-0.013091746527924115,0.005120266976153168,0.00653707466130126,0.30320897604196606,-2.795215370454588,-0.19301490066537355,4.0581148442715085
0.01394112853304879,-0.01307693124492386,0.005128165846101739,0.006568406835839921,0.30952334447626284,-2.8067309412591803,-0.20588683870650637,4.084637293857395
0.013957012983382587,-0.01307936100807402,0.005099645050231785,0.006553050805748997,0.303796870336479,-2.793822270389537,-0.21446418230784706,4.05665223271832
0.013950775489717909,-0.0130645347166975,0.005107494013542016,0.006584493662044809,0.31073517622919383,-2.805273537565444,-0.22754641277240362,4.083111480778729
0.014045084994930427,-0.01293892622972893,0.004898147748589281,0.006741676137315651,0.3175268606974812,-2.783107033647249,-0.4430278631209226,4.060562617742843
0.014061033578021825,-0.01294088183038173,0.004870266404403356,0.006725251523877346,0.31099491304545607,-2.7696277052190124,-0.4499834324814009,4.032017485551301
0.014035832164153966,-0.01295161968125643,0.0049193269867212055,0.0067262375750292884,0.3157412155511436,-2.7860022657238326,-0.4214801497005128,4.063553533418864
0.014051750137662031,-0.012953611987284328,0.00489140201261012,0.006709958219010821,0.3107567055866797,-2.7725036625652275,-0.4286924318099015,4.035015063362478
0.014026539507187215,-0.012964283993995936,0.004940433790814989,0.006710750087014387,0.31538231059796973,-2.78865296080212,-0.4000161922700873,4.06643157073699
0.01404240759015645,-0.012966273585498374,0.004912509284980709,0.006694679050217229,0.3102787589786962,-2.775279672239826,-0.40741424405543175,4.037932478386579
0.014017207114769163,-0.012976919044422938,0.004961472498547656,0.006695210662437656,0.3159679957696211,-2.7910932637448966,-0.3786089742366914,4.069132946068248
0.014033032442246322,-0.012978898559291123,0.004933556326259806,0.006679337913108954,0.30943159131959125,-2.777940864897458,-0.3861007998391164,4.040699471538779
0.014007835078080092,-0.012989524709198895,0.004982458225924443,0.006679608258346418,0.3163906836536097,-2.7933821455247076,-0.3572010988963594,4.0716216550374495
0.014023643987937573,-0.012991511637695194,0.004954517633665696,0.0066638795160504916,0.30843843125199616,-2.7804676780277124,-0.3647310379485933,4.043271717544928
0.013966702575176676,-0.013066922281923757,0.005078977844668935,0.006569004222730349,0.30428512065314844,-2.792318539119991,-0.23591945319081845,4.05507906858513
0.013960383452653272,-0.013052107945002958,0.005086765600860704,0.006600520204884826,0.31215096808524395,-2.803609207230265,-0.24924595508314942,4.081467329370028
0.01399842348874068,-0.013002100865175385,0.005003393331613995,0.0066639411578832556,0.31685745574012586,-2.795567950433313,-0.3357614697595271,4.073907953744353
0.014014244140501527,-0.013004112325006499,0.004975387819311384,0.0066483054204450045,0.30742772763114784,-2.7828445208272705,-0.3433192030211527,4.04565067930665
0.013988972438811073,-0.013014647389398244,0.005024284212104191,0.006648204517462647,0.3171705192869446,-2.7976916932295937,-0.31425743380118093,4.076001833896854
0.0140048329537203,-0.013016706335862454,0.0049961677515180485,0.006632606888654659,0.3063778707510139,-2.78505156913606,-0.3218682350934004,4.047821400852057
0.013979482020789878,-0.013027164159111645,0.005045147444862586,0.00663238569805199,0.31613904817488403,-2.799767990120058,-0.29265243092267895,4.0779242450455095
0.013995399390800745,-0.01302930267985873,0.005016877544713316,0.0066167777330273314,0.30552100553397876,-2.787081797415441,-0.30037998195504395,4.049790935541533
0.013969952327613142,-0.013039651051762191,0.005065980787026368,0.006616486224852485,0.31403328210241843,-2.801760094169991,-0.2709624743302324,4.079733081298569
0.013985909094872283,-0.01304188602886762,0.005037570153623508,0.0066008692627538825,0.3050383214799854,-2.7889561464946038,-0.27887904969147925,4.051633056516657
0.0139763398298125,-0.013054429991470815,0.005058277193634859,0.006584940913623234,0.3047023770327573,-2.790698635995391,-0.257389861119559,4.053400174984206
-0.005295594968187608,-0.008306313695911127,0.002822732471226426,-0.00784055084060252,0.5694825341734067,-1.7866160601140635,1.9790322393736843,2.8127351089535857
-0.00528508089600938,-0.008294167180553666,0.00282768027086976,-0.0078156949292484,0.5572861724112856,-1.7924612583965358,1.9547625433415667,2.808063950042119
-0.005300938961069021,-0.008291542990765968,0.002847359667674239,-0.007831640836822855,0.5693273506711435,-1.801533901656848,1.9669345278988575,2.8301806030677565
-0.005290297410190857,-0.008321101100260936,0.002798090892206754,-0.007849378630644027,0.569083158340387,-1.7716966588180483,1.9909796655805696,2.7952469700795604
-0.005279786600292935,-0.008308997285693672,0.002803164332845524,-0.007824659250834672,0.556737879097969,-1.7777575918601978,1.966794842081786,2.7907709923750805
0.005392714184532192,-0.008057600088913427,-0.0032372527825994184,-0.0076786879565111195,0.5694565855559022,-2.0282178133020072,-1.7564635521439955,3.09918939561082
0.005382925747067791,-0.00804498772006715,-0.003240378857221553,-0.007652652471224641,0.5559600379093611,-2.031289480178678,-1.7320188076779461,3.0894286917325506
0.006065474007224925,-0.006763865588129182,-0.005177648731925656,-0.006295826138513119,0.28206783902059107,-2.6449163238115196,-0.06800242159994963,3.7359728957572753
0.006071857456474875,-0.006731524468277142,-0.005194198352595994,-0.0062435218651402955,0.271324580410837,-2.6306224961984612,-0.03609515460940877,3.706343321179021
0.0060628528835289085,-0.0067460736089493285,-0.005176389082326866,-0.006264259284504763,0.27615655856818705,-2.632307836823675,-0.05582045522972344,3.7104958340125096
0.0060498673091478015,-0.006774238365480848,-0.005149023181536527,-0.006306187642126408,0.2853252364096899,-2.638502510071992,-0.09044071944174588,3.724458957781097
0.006032237227556985,-0.006784907746952787,-0.005116900633580169,-0.0063158737731111,0.2886178815995149,-2.630421092257311,-0.1145910291703411,3.7099400355819347
0.006000554373716471,-0.006825256180324446,-0.00505418218503795,-0.006368293150061344,0.30152356558453125,-2.6265678980266647,-0.17565232288970173,3.7067752149714495
0.0060065811846358695,-0.006811970512397967,-0.005067530266306541,-0.006348964239859092,0.2971551812948503,-2.6244320598427273,-0.15912175166391204,3.70124107058188
0.006017604330166602,-0.006797699475203305,-0.005089388004309438,-0.006330376003321306,0.2926145880236816,-2.6256794612135077,-0.1377530847554154,3.702134265178835
0.005987632034163416,-0.006833057320417835,-0.00503050414564548,-0.0063747521471383016,0.3036946222716134,-2.619870242295379,-0.19289631718714326,3.695033884186396
0.0057533599735046315,-0.00722050339002749,-0.004487059529875327,-0.0068566811175507295,0.4165224785411919,-2.546576380844734,-0.7328023723570286,3.643710876596566
0.00574192901372237,-0.00723523046077597,-0.004460565561334592,-0.006871013858017706,0.41970953765444097,-2.5381005655407134,-0.7539830883898749,3.6326356855412105
0.005972586525062017,-0.006872789346650913,-0.004994563883344675,-0.006433442194141698,0.31666049615409736,-2.6275024001739378,-0.24054338661019645,3.7145847219776527
0.005953818795297555,-0.006883628289910102,-0.004960010284776075,-0.006441264517397475,0.3194527383104017,-2.6166619863401555,-0.26463392128870217,3.695740111896465
0.005844227126508283,-0.007019612013670161,-0.004731430113327305,-0.006599381194463059,0.35799213645478284,-2.5764589037473082,-0.46950821291170347,3.6457248527632298
0.005804734092100002,-0.007077034992633046,-0.004642765924734096,-0.00666580812207289,0.3735722568440644,-2.559179506939586,-0.5505133403640158,3.6269037512600986
0.00581762733061416,-0.0070532552923041,-0.004674158007934123,-0.006636310241421695,0.3668561179311483,-2.5635442894544975,-0.5188932040018903,3.6293566208744434
0.005829935038767369,-0.007033203308437554,-0.004702644675687943,-0.006612114038032677,0.3612535198180791,-2.5681162054294346,-0.4914766177960326,3.6332712062282018
0.005920951658591436,-0.006924490135049801,-0.004892556451061319,-0.006490526074050251,0.3315478834786163,-2.6070519993489625,-0.3266837321460634,3.684214076734586
0.005927800781220481,-0.006911312823816548,-0.0049082029579961,-0.006472653613488928,0.32748359171759506,-2.607086728292616,-0.30933358583103204,3.682084646760313
0.005938368877891171,-0.006896395419498689,-0.004930434044904411,-0.006453899022942779,0.3229593416493199,-2.6093746112291494,-0.28777063609776593,3.684004483968099
0.005907378351195047,-0.006931378068365785,-0.004867834345738796,-0.006493979289339776,0.33299945345145093,-2.5980961558567093,-0.3425258943831253,3.6686921780984325
0.005892760498683536,-0.006957410980222143,-0.004834674770870562,-0.006528117609772336,0.34089099306854515,-2.5962540648221126,-0.3775136017008342,3.669924821101215
0.005893470654118233,-0.006940492181061364,-0.004841846177285319,-0.006500776605518349,0.33503212902341367,-2.589757765180432,-0.36050208380404897,3.6547821958206215
0.005874229372954317,-0.0069830909902045095,-0.004794772604892539,-0.006558872231959923,0.3482595464732369,-2.5900103797800367,-0.4147152391579035,3.663259456033367
0.005858864630726142,-0.006992771570803255,-0.004765988333703942,-0.006565098650331112,0.350005183346366,-2.579857791014465,-0.4336480814321898,3.6463689135016666
0.005876324041128518,-0.006965759024262752,-0.004804722954265854,-0.006531842302611347,0.3422129797633855,-2.5849880500700024,-0.39613125293095525,3.6505679033228176
0.0058410112164793155,-0.00699737636931564,-0.004735249099519618,-0.006561400010571113,0.35020832606722746,-2.565383084172734,-0.44870320530990165,3.6205071979253307
0.005972755170218887,-0.006849456280428579,-0.005001296569817013,-0.006394431538466786,0.30871287782094686,-2.6158334636908758,-0.2191042296412607,3.6894472217995338
0.00574571732074404,-0.007203780545542076,-0.004484513429306722,-0.006824563622864585,0.4091584415522796,-2.5357169214755326,-0.7160621217287028,3.6182606273735765
0.0057585934625868735,-0.007191540133192746,-0.0045115747555747945,-0.00681496816333729,0.4070015571195466,-2.5456423223553553,-0.69730870264631,3.632991676254026
0.005768817384548073,-0.007161651325963869,-0.004543829811534381,-0.0067752738195112835,0.39807641992786413,-2.54859554269925,-0.6593298530830635,3.6296937370409634
0.005754499532399345,-0.007173309709347195,-0.004515024468944148,-0.006783195993792598,0.39990714981301867,-2.5375264613385364,-0.6781895186034433,3.6125275669499755
0.0057635183310403805,-0.007145978526160832,-0.004543615762155947,-0.006746663913319695,0.39186251428983626,-2.539604993538671,-0.6440784376990677,3.608635694341635
0.005769414809741989,-0.007132125060559723,-0.004559997884131576,-0.006728982725630464,0.3879058679027574,-2.541668383965975,-0.626332097504045,3.608658044397386
0.005777715681810358,-0.007114981487457924,-0.004581676523719457,-0.006707677208798362,0.38311267572007895,-2.5449245447354016,-0.6039924188892826,3.6101243019861466
0.005788750988340061,-0.007097652727583911,-0.004607592843583538,-0.006687802409082773,0.3785933184057803,-2.550407159112062,-0.5802302069006761,3.615797200235324
0.005484517765061192,-0.007788062142782364,-0.0036448044501597664,-0.0074408086861981046,0.533257477693334,-2.23842867131024,-1.4554961957344126,3.3229992990424084
0.0054913896372987955,-0.007773848832383219,-0.0036680095902709643,-0.007429047623766102,0.5316134035990748,-2.2497265874004024,-1.4393149389131443,3.3362376592664718
0.005498426488190542,-0.007759709304122276,-0.0036912845156035798,-0.0074174059341966,0.5299206069886121,-2.2610118714599854,-1.4231259191613654,3.3495661102496173
0.005534003663642318,-0.007689335089795155,-0.0038067521902185966,-0.007357829455792997,0.5210345599216578,-2.315444753140021,-1.3405447457289152,3.41362292616317
0.005541367426418707,-0.007675291942691607,-0.003829922977285081,-0.007345765368051804,0.5190250704610727,-2.3261004440352795,-1.3237002656451577,3.4262254148102964
0.005505570070274674,-0.007745668933594154,-0.0037145324157417774,-0.0074058586718432845,0.5282791447565526,-2.272226370078586,-1.4069377587406253,3.3628816957031944
0.005512664826180791,-0.00773165193206823,-0.003737620818081651,-0.007394147348048305,0.5266493751715567,-2.2832376902684763,-1.3906218863631803,3.3758876679141996
0.005519710880113485,-0.0077175861774419425,-0.0037606154689718515,-0.007382175188227734,0.5249226788306182,-2.2940580646343025,-1.3740982708212022,3.3885738349462984
0.005526797587624299,-0.007703461710182114,-0.0037836415029144405,-0.007370017605838002,0.5230453074013982,-2.304772273946455,-1.357379347149742,3.401101735066454
0.005532081334478186,-0.00766170899954447,-0.003829490330234641,-0.00731781816394908,0.5112713445063947,-2.3206120995511035,-1.3041506576326345,3.407090891538981
0.005539550030328015,-0.007647866311991078,-0.003852347731630759,-0.0073059300343207845,0.5093631195985623,-2.330935328950096,-1.2875782429087257,3.4193831095190856
0.005546678450349652,-0.007633937373878417,-0.00387473262650547,-0.007293445348969634,0.507228264150526,-2.3407873275970474,-1.2707106596371116,3.4307822793325893
0.005710700797388522,-0.007257717011596602,-0.004398569506891401,-0.006881708339856845,0.42182488849942906,-2.5112048702790304,-0.7900249666570939,3.5899384508970607
0.00572339333992473,-0.007245295649185524,-0.004425685144508497,-0.006872341481741717,0.4198550377072649,-2.5216354544091906,-0.7717083462515415,3.6052526055022134
0.0056231201368561355,-0.0074947507028602575,-0.00410125067533693,-0.007165724865268202,0.4838936031879432,-2.4352240247548527,-1.0960057798819758,3.541381071690591
0.005631261638889949,-0.007480921810164108,-0.004124090634397692,-0.007152738199353523,0.4813794631989056,-2.4442100819785217,-1.0780002201251255,3.552054920872058
0.005576194750840479,-0.007577736813117945,-0.003965263264804391,-0.0072423509355045755,0.4982383311349408,-2.3796142711821795,-1.2015382878026768,3.4757973715959127
0.005584105032956046,-0.007563730826254437,-0.003988404444121701,-0.007229779193702444,0.49600639118146167,-2.3894176619341985,-1.1840413848598865,3.4874688260003244
0.005553831795361578,-0.007619898862919891,-0.0038971650336094995,-0.00728068865088522,0.5050304009606476,-2.3505212922917598,-1.2535863927982158,3.4419716339089983
0.005561184501376436,-0.0076058313652578174,-0.003919817968417644,-0.007267938535508846,0.5027854702006963,-2.3602881481540354,-1.2363307757093525,3.4532919926156898
0.0055686328776783055,-0.007591806658788429,-0.00394248252095717,-0.007255196291741561,0.5005567330120826,-2.3699767749700045,-1.219017360934157,3.4645646361751417
0.00561522881070095,-0.007508715467955313,-0.004078584914317056,-0.0071789932867878875,0.48649626945255525,-2.4263066174874823,-1.1140599367078667,3.530986729513902
0.0056001305200894325,-0.007536426096708247,-0.004034162920063742,-0.00720540412675733,0.49160205968631016,-2.408645548239606,-1.1495609025189124,3.5106780470231125
0.005607653263386458,-0.0075226613376858445,-0.0040563071639789635,-0.007192377940170793,0.4890863392385804,-2.4175291838618596,-1.1319792155000707,3.5209372075575636
0.0055836098731471785,-0.007536321479881453,-0.004010358365536864,-0.0071898879395375795,0.48699868356108095,-2.392067497998775,-1.149161916803893,3.478992843648357
0.00557495624340867,-0.007549450304748462,-0.003987153203797201,-0.007200711194095985,0.4888369916887188,-2.382014554152278,-1.1655142240666603,3.4662168514203837
0.005655540283430884,-0.007440145597692145,-0.0041913537874327346,-0.007113822047211535,0.47355618290914187,-2.4699327848826,-1.0241925647377934,3.582537980426707
0.005663248783714072,-0.007426312201182961,-0.004213205251987358,-0.007099855482121609,0.4706190310168475,-2.477756898618328,-1.0057785990152068,3.5913269391625895
0.005671241527332595,-0.007412424957071668,-0.004235427425279786,-0.007085914385399228,0.4677033144373129,-2.485680575205898,-0.9871802016492365,3.6003732052794355
0.005639103462635501,-0.007439824259726333,-0.004167013827608943,-0.007098749488805873,0.46943258393936466,-2.4531874141992565,-1.0255109732459589,3.5507440765775944
0.005630731488877285,-0.00745290480928523,-0.004144765116220097,-0.0071107598972018045,0.47178943822751146,-2.444550809372877,-1.0426531287242709,3.540127780315158
0.0056226589359488445,-0.007466622443519639,-0.004122402758898548,-0.007123840444026935,0.4743600470560653,-2.436036218090823,-1.060452931180768,3.530092717484117
0.0056624817428568884,-0.007397419638730107,-0.004232968560461749,-0.0070556015340120055,0.4604980120724614,-2.4762660307409305,-0.9697434267155266,3.5763954302894674
0.005670613327173936,-0.0073559045296182225,-0.0042741675216468435,-0.006999689583886879,0.4478548205754825,-2.482385186512046,-0.9172063045281938,3.5713714553309006
0.0056654518992653394,-0.007370870778855068,-0.004256084159346404,-0.007018020302182204,0.4520107168348432,-2.4781186866402485,-0.9364349527014202,3.569207308505007
0.005654261059720743,-0.007381465452714984,-0.004231833944650122,-0.007024503989416471,0.45299769116911354,-2.467453086315828,-0.9512290858924929,3.553385795664893
0.005702944525658818,-0.007305459952007796,-0.004356914857641159,-0.006949248226265405,0.43720466516420087,-2.5099664580585106,-0.8489739053701004,3.604195684265391
0.005705432721239601,-0.007288965663596098,-0.004371207886418483,-0.006925815888156031,0.4317902611121345,-2.510407272904143,-0.8285102636373073,3.5991311472386376
0.005698522183725237,-0.007269796227853727,-0.004372439789748644,-0.006890776421305281,0.423747548570189,-2.501040525852232,-0.8076251046502056,3.575085434306495
0.005691367742627672,-0.007317272753661019,-0.0043314983160619306,-0.00695795672956799,0.4388788922984123,-2.499741534551473,-0.8659915000268487,3.589353056329384
0.005673268146938047,-0.0073267620883433,-0.004297664312739059,-0.006957618457750686,0.43832581104948926,-2.4827493034224015,-0.8813544264606668,3.5610885469243923
0.005660383401180603,-0.007341495604796235,-0.004268377949865714,-0.006969353352235411,0.4406207424300857,-2.471237923556028,-0.9016087423390612,3.545051998634763
0.005477602401209677,-0.007802248137240034,-0.0036214946318572573,-0.007452342167833377,0.5347233032335464,-2.2269463568342687,-1.4714885104347035,3.3094588020473057
0.005423241707460551,-0.007916505621591127,-0.0034329251707371825,-0.007541296167788037,0.5447864790072227,-2.130594711184605,-1.5952472598235727,3.195357122192618
0.005429857313376547,-0.007902024734045767,-0.003456719448348105,-0.007530255425492857,0.5435856044157014,-2.1430304535406868,-1.5800168622671185,3.2100213918299745
0.005416791971885094,-0.007931027635587265,-0.0034092202368414364,-0.00755241545885816,0.545924307900335,-2.11815813606853,-1.6104355337173686,3.180784641261891
0.005410422873821478,-0.007945525006217842,-0.003385569119602375,-0.007563442329314559,0.5469265598813989,-2.105670076761974,-1.625470772247757,3.1661605983030117
0.005372780993667756,-0.00803222202844606,-0.0032432496267807073,-0.007626781216589044,0.5514796345141909,-2.0287061886331057,-1.7122464361416647,3.075515898583079
0.005378990509978913,-0.008017673688221998,-0.003267166940716422,-0.007616404382682838,0.5507728791105166,-2.0418281927757125,-1.6980471769628893,3.090992566771917
0.005385318863530071,-0.008003219992091052,-0.0032910535515560464,-0.007606121636619156,0.5501053186679067,-2.0548877598261437,-1.6838491578175632,3.1064708815149324
0.005391608519466985,-0.007988814780999132,-0.003314777172537378,-0.007595708335075558,0.5494339578563018,-2.0677734293122096,-1.6695218919654948,3.1216911790818607
0.005397845760040833,-0.007974405979602571,-0.0033383775194563577,-0.007585088210224086,0.5486719574112296,-2.080493389024234,-1.6550047128002798,3.136638187750617
0.005404104343354643,-0.007959979569427402,-0.0033619557597157393,-0.007574323484221829,0.5478287324203356,-2.0931133543728886,-1.6403205397875025,3.1514389116457084
0.0054503531456157215,-0.007859175977480669,-0.0035278829013239365,-0.007497673944429799,0.5401811925915333,-2.179900197989386,-1.5343227737088923,3.253933225760822
0.005470618403079368,-0.007816419045624507,-0.0035980391019709216,-0.007463638176511355,0.5361264723200442,-2.2152589513721828,-1.4872922170128664,3.2955783864743338
0.005457090698989808,-0.007844940826121723,-0.003551300373157866,-0.007486479216810762,0.5389830045926711,-2.1918098015760474,-1.5188073199704701,3.26799294512204
0.00546377385504149,-0.007830657781655382,-0.0035746251754186875,-0.0074750196176616894,0.5375814368300328,-2.203538952355878,-1.5030698722196478,3.2817442622640267
0.005426538264557099,-0.007874214762402383,-0.0034819273284323903,-0.007491780691210456,0.5346037931994295,-2.1527801179388537,-1.543501023684109,3.208971920384251
0.005433720225769128,-0.007860118963725547,-0.003505697733573472,-0.007481450698206624,0.5336669204968699,-2.165038271139149,-1.5287439320416103,3.2238764760465632
0.0054194293865486255,-0.00788853922489246,-0.003457951616870889,-0.007502328630783047,0.5355450845805976,-2.14036565934359,-1.5584045113023837,3.193980080887132
0.005339642682041291,-0.008188627683509354,-0.00301888565392822,-0.007767134875253355,0.5713864531352096,-1.9029690508576944,-1.8788566951383363,2.951006476993413
0.005323867592656712,-0.008190913309808636,-0.0029988070435067785,-0.0077513270148276804,0.5589454981439258,-1.8936000269866626,-1.8675437583786454,2.9269992996090433
0.0053339751212172605,-0.00820327747535116,-0.002994481807471096,-0.007776575994086532,0.5708239232075443,-1.8886839148875019,-1.8918105167856532,2.934117156816495
0.005345356249420673,-0.008173995740642209,-0.0030432773877887673,-0.007757610217579887,0.5708639292339424,-1.9172421365124606,-1.8657397614819544,2.9678137628391936
0.005329547296438823,-0.008176222634084159,-0.003023102561182987,-0.007741763897754839,0.5588982175455514,-1.9077574388065501,-1.8545093009889964,2.943654480714031
0.0053511157673393935,-0.008159381790995322,-0.0030676427794087053,-0.007748007546561544,0.5702594492391999,-1.931459486051007,-1.8524910817734697,2.984561693470168
0.005335283857808959,-0.008161551517977388,-0.003047375240093292,-0.007732138371686666,0.5589583774685362,-1.9218212938194486,-1.8413716731878715,2.9602317580769584
0.005295594968187607,-0.008306313695911128,-0.002822816059413027,-0.007840520582087465,0.56578719361045,-1.7873001430686868,-1.978674473221939,2.813225365618763
0.005279664238351201,-0.008308881657107931,-0.0028031879851595845,-0.007824418910752673,0.5574713373218456,-1.7777466422795933,-1.9665929683256154,2.7904779491050777
0.005290297410190856,-0.008321101100260936,-0.0027981492500495004,-0.00784935761355225,0.5661186624473309,-1.7723772353075138,-1.9906201464309088,2.7955619892598613
0.00530093896106902,-0.008291542990765968,-0.002847446095674109,-0.00783160938748763,0.5657429787205337,-1.8020478602447474,-1.9666376478627356,2.8308159725502535
0.005285060714205962,-0.008294079189488652,-0.00282776475072961,-0.007815592590012807,0.5582312591598804,-1.7924135711379192,-1.9547193115273533,2.8078216985264572
0.005306329337192306,-0.008276789128081429,-0.0028720200128347193,-0.007822631140071198,0.5670979213961419,-1.816611441074263,-1.954523370424268,2.8482995232240556
0.005290517734254113,-0.008279314461679585,-0.0028523030638411165,-0.007806724062767758,0.5586840451018894,-1.807030484420931,-1.9427455947164305,2.8251038858102295
0.005311766044378193,-0.008262052251258777,-0.002896549757316562,-0.007813581530120944,0.569166131003103,-1.8310743437418033,-1.9422886541864548,2.8656446283285235
0.005296000353507383,-0.008264559648447717,-0.0028768055839482336,-0.00779774752048397,0.5587021971007715,-1.8216200097682764,-1.930594293506142,2.8423048069537207
0.005317249029907897,-0.008247332503838377,-0.002921069281563412,-0.007804448021669241,0.5699501081937872,-1.8455362633800718,-1.9298768449907542,2.882869609040951
0.005301489823685594,-0.008249793766265964,-0.0029012769441748225,-0.0077886229026761815,0.5586680541227523,-1.8361802138547125,-1.9182337090178507,2.8594147939771033
0.005322778240520136,-0.008232630029493522,-0.0029455807538978853,-0.007795229793721908,0.5695098310193464,-1.8599919998907763,-1.917300488581614,2.9000237618455
0.005307012196375963,-0.008235035213319837,-0.0029257156758095326,-0.007779398315291752,0.5589175808207464,-1.850670136386299,-1.9057318045549663,2.8764443830654525
0.00532835362240823,-0.008217944972024238,-0.002970054409939043,-0.007785938051164914,0.5696990662503236,-1.874375625249619,-1.9046112418112677,2.9171177960621733
0.005312594051768932,-0.008220308963524615,-0.0029501185649841023,-0.007770127313274636,0.5591923347961393,-1.8650611420545549,-1.8931431318184906,2.8933967319925404
0.005318220332251687,-0.008205608295039017,-0.00297448237991129,-0.0077607854327582946,0.5591487176359901,-1.8793654432845919,-1.8804294358291263,2.9102523608747464
0.005274338612390576,-0.008323721419572315,-0.0027785806839547996,-0.007833214288211031,0.5566761776938155,-1.7630221493419846,-1.9783875896539371,2.773081142198398
0.005285046338188198,-0.00833590506071094,-0.002773460156258948,-0.007858115190549719,0.566103374182048,-1.7573206927118548,-2.0024513155991577,2.7778364528532067
0.005269076728011694,-0.008338586851214568,-0.00275395012728926,-0.007841959503021906,0.5558959008227885,-1.7482447382296187,-1.9900831225754751,2.7556300897258867
0.005279841802758871,-0.008350725434314416,-0.0027487480693702466,-0.007866793524759151,0.5658748048653758,-1.7421499903142414,-2.0141642563860715,2.760046994609095
-0.005419942577944692,-0.007887836570703553,0.0034593360344353113,-0.007501989083691179,0.5356041330530871,-2.1410940784691905,1.557779993012413,3.1950362886006247
-0.005413432558257849,-0.007902563173091036,0.003435619323035323,-0.00751353211237264,0.5368259344738381,-2.1288952498432683,1.5732867365290126,3.1808579467984486
-0.005407286923633566,-0.007917298403898446,0.0034122668162293655,-0.007525320916553558,0.5381169471595119,-2.1168624943776915,1.58881420011467,3.167110393923475
-0.005401076529598114,-0.007931748057905138,0.0033890618661201444,-0.007536539850794467,0.5392318869880395,-2.1047687440563814,1.603812073027133,3.153099646907833
-0.005394526078108353,-0.007945892034961868,0.003365701986243127,-0.007546876567166727,0.5400407334664313,-2.092407881910955,1.618117785085145,3.138368276257847
-0.005360519628959409,-0.008061231703021835,0.0031955052731380885,-0.007647162791773529,0.5526055981007952,-2.0023526941791334,1.7401285837930758,3.0443174508596784
-0.005354622004255804,-0.008075862435529648,0.0031716591338445646,-0.007657535613152882,0.5530156261320255,-1.9890884949085776,1.7540973676912734,3.0288121088867115
-0.005368669455772495,-0.008115649345237107,0.00314054756146117,-0.0077187445992108064,0.5691293367421848,-1.9736771219261169,1.8121658981080493,3.033963220859665
-0.0053588041094108215,-0.008103121521715264,0.0031441919517318988,-0.007693071048788633,0.5583224074944301,-1.9770354788339402,1.7877933694890815,3.025901639598629
-0.005348683396060751,-0.00809045599982607,0.003147744823897559,-0.007667673798881699,0.5533317501411085,-1.975696304056212,1.7678355737760933,3.0130746697079314
-0.005362772427933635,-0.008130208448819098,0.0031163067699462436,-0.007728563033734515,0.5680321247123957,-1.9598842007990023,1.825712891699763,3.0174594792271185
-0.005352855687876004,-0.00811769260627504,0.0031200421687585388,-0.007702945076080432,0.5589892572935781,-1.9632864031965471,1.8013787777143497,3.0096874643309275
-0.005356921179222513,-0.008144785978910383,0.0030920050037813343,-0.007738317411909762,0.5683030688402029,-1.9459227512978279,1.8391756937272479,3.000819665657701
-0.005346915722830613,-0.008132278928157292,0.0030958273080493974,-0.007712698384532576,0.5593882116805303,-1.9494713580056366,1.8147848437162202,2.9933379775771036
-0.0053511157673393935,-0.008159381790995318,0.003067644069003421,-0.0077480068675809186,0.5701586632886038,-1.9317749921313248,1.8525673488315564,2.984127720558013
-0.005341022541810788,-0.008146902500059356,0.003071563320888463,-0.007722394327126201,0.5592738560841478,-1.9355775025447315,1.828076637454678,2.9768751990543367
-0.005345356249420673,-0.008173995740642207,0.003043261159359389,-0.007757616552212381,0.5716550827805902,-1.9175365192661527,1.865830891214675,2.9674244457198378
-0.005335222558233549,-0.008161567663113456,0.003047291285954499,-0.007732088527603319,0.5589564052407093,-1.921588180680489,1.8413269906272374,2.960351045010562
-0.005387836083322953,-0.00796004629730372,0.0033421012180856733,-0.0075569337864573915,0.5407251666011418,-2.079816035653762,1.6322052486920475,3.1232249818622004
-0.005381151729057993,-0.007974385389414805,0.003318247807008693,-0.007567075923583498,0.5413533848982987,-2.067020399260961,1.646353126668047,3.1078661197820803
-0.0053743987499153155,-0.007988781829986252,0.003294190584482781,-0.0075770664464272055,0.5419119961029485,-2.054029533795791,1.6603670808648767,3.09220592884752
-0.005367616212399475,-0.008003364367253053,0.003269835120634059,-0.007587098126660649,0.5423841418682964,-2.0408026182100136,1.6744169951424246,3.076267797405148
-0.005361171271880284,-0.00801827351027277,0.003245450680786962,-0.007597731245592488,0.5430100803073152,-2.0275565636022495,1.6888671002625302,3.060631978966588
-0.005355304276111076,-0.008033325266799927,0.003221511702217329,-0.00760900702445019,0.5438241147901931,-2.014561919819425,1.703638310489297,3.0457350330232313
-0.005349767601933853,-0.00804827019768403,0.0031979993977310204,-0.007620366823874499,0.5446888669913381,-2.001752539447406,1.718313347157877,3.03123141567703
-0.005523324704316285,-0.007646124897942221,0.003831405322812857,-0.007287724149427687,0.5036846474673277,-2.3155765522360863,1.2828419315781028,3.38863404938509
-0.0055158005291676354,-0.007660303999307457,0.003808310633839174,-0.007299954984461091,0.50559686052864,-2.305238860263166,1.2995520102542149,3.376414072996742
-0.0055086905134323835,-0.00767470971142785,0.003785495314639184,-0.0073127517121184425,0.5076786316811556,-2.2950557461003753,1.3165206253668351,3.3647170968227447
-0.0055012032615757754,-0.007688329554392299,0.0037628070360718967,-0.007323962901503369,0.5092895551658279,-2.2845804731557995,1.3322664126969155,3.352065473728713
-0.005478712242842541,-0.0077301627137842145,0.003693397457139261,-0.007358027818996248,0.5140453085551399,-2.2519764527195623,1.37992084214366,3.3128108759351123
-0.005493869932493524,-0.0077024057166952846,0.0037398365858615696,-0.007335801850122593,0.511043440817529,-2.273960855102395,1.348506884227074,3.3394807732278307
-0.005486283931147517,-0.007716190284481201,0.0037167287210027006,-0.007346854432069175,0.5125434344302323,-2.263070323863792,1.3641554109128593,3.3262488006731785
-0.0055160024889751615,-0.007632308789560746,0.0038335327902273104,-0.007261582789372158,0.49726595879447466,-2.311437309545753,1.2643178951337284,3.373194988432364
-0.005541038244393737,-0.00757589445105554,0.0039169649340907555,-0.007206621368532157,0.48737985470075956,-2.345404427445636,1.1965376305524609,3.40932624140394
-0.0055358328397575466,-0.007591828827309251,0.003896177499027331,-0.007224112420512879,0.4907741200812387,-2.337895499108902,1.2159865181041838,3.4029665119691423
-0.0055319909133868025,-0.00760553256531087,0.003879058929786795,-0.007239646196002121,0.4938920240050765,-2.331866909693215,1.2327582330952944,3.3984254539998373
-0.005519968569172224,-0.007615667261493521,0.003853565317734421,-0.007242336684491848,0.4933432334379243,-2.318470463904891,1.2440325244536667,3.377971585373476
-0.00547098596650472,-0.007744683084752371,0.0036692750944313734,-0.0073696302135256445,0.5155340224036616,-2.240464404782155,1.3961606017427106,3.2989378560012903
-0.005464612779898483,-0.007760087201249963,0.003646010175544443,-0.0073836060329797995,0.5176925338613084,-2.2297549073685956,1.4137309102202253,3.2872715784117275
-0.005458808432202144,-0.007774784842613187,0.003624073121113319,-0.007397073137514321,0.5197702259917102,-2.2196067469106406,1.430470000663101,3.2763805241666297
-0.0054095295511665436,-0.007873411274926419,0.0034613579740378135,-0.007472986476501377,0.5280021479321114,-2.1382571251668696,1.5357065497861957,3.178972319424002
-0.005444492261911671,-0.007802018989051775,0.0035785430328567074,-0.007418013124005466,0.5221212090589673,-2.1971454179068375,1.4600338779985391,3.2491613218548747
-0.005451910983036481,-0.00778854512436193,0.0036015346729710352,-0.007408062617429851,0.5211336873008778,-2.2086085232667476,1.445596496375866,3.263300906473654
-0.0054232375891670554,-0.007844976512057109,0.003507955151467479,-0.0074513030110995365,0.5258045194976956,-2.1619034932510157,1.5059502385352055,3.2071138314668244
-0.00541643454878363,-0.007859200366747188,0.003484748012442592,-0.007462278401711983,0.5269505190318265,-2.1501988249129327,1.5209218532497795,3.1932445960826965
-0.005437257719634348,-0.007816271937486215,0.0035549544496797513,-0.007429018071553015,0.523379791131006,-2.1854122962245452,1.475366202495044,3.235066322703201
-0.005430130602835596,-0.007830556183038578,0.0035314093973478956,-0.007440027124090233,0.5245499429209204,-2.173661572446331,1.4905979289837068,3.2210079937272202
-0.005685800186690314,-0.007328560141245482,0.004315593034830212,-0.006970664316644021,0.4415457850158942,-2.4953471471214876,0.8808694962157128,3.585291446190737
-0.005697526172546992,-0.00731660887269022,0.004341380240559767,-0.006961985836965461,0.4399481863393461,-2.505840069420814,0.8637302237798459,3.6004958659395783
-0.00570189891336453,-0.007299467410670252,0.004359123330040674,-0.006939163198439164,0.43473757419399817,-2.508235549218884,0.8420085953103619,3.5987769925479114
-0.005702386068592614,-0.007278902022156911,0.0043727815332448025,-0.006907860376459654,0.42778823898188695,-2.5060431897723787,0.8174557591507982,3.5875719020188916
-0.005708470407714952,-0.007262189805035656,0.0043924174230003605,-0.006886874285006694,0.42311720801073793,-2.5096028564984123,0.7960930004231813,3.5885450805167345
-0.005716327302227906,-0.007246656623909596,0.004413905088947435,-0.006868963701718856,0.41917648548830916,-2.51484583374445,0.7756151305672181,3.5931627976527243
-0.005724536196323071,-0.0072321831939864785,0.004435173702403415,-0.006852824503348255,0.41562039138550927,-2.5203913726160025,0.7562309375930791,3.5987911869916345
-0.005732913192713019,-0.007218212025311072,0.0044562977362194965,-0.006837454455899664,0.4122076707229678,-2.525986292607833,0.7373258544085034,3.6047646878124517
-0.005741627331998207,-0.007204436220926334,0.004477730435299577,-0.006822505923611344,0.408842275827392,-2.5317545715910157,0.7184757010007216,3.61120834367135
-0.005749346762464608,-0.007189604417744382,0.004498076917520932,-0.006805017318602033,0.4049838417986327,-2.5361391532458355,0.6987078024035284,3.6148521410216463
-0.005773456089616602,-0.007169158859064237,0.004547209899822352,-0.0067905769505392,0.401543979401001,-2.5549032301864063,0.666039232323154,3.643634153004142
-0.005779974357130769,-0.0071528217860264785,0.004566151449308296,-0.006769379316321583,0.39668783704919647,-2.5571370910457265,0.6449136095789387,3.643121910286879
-0.005754710167011709,-0.007172030597587105,0.00451604447258673,-0.006781343686229502,0.39958832039653863,-2.5373894854344115,0.676748494237366,3.611993281821665
-0.005806825733245112,-0.007114969458496806,0.0046281325384738,-0.006728064550907595,0.38710512630722094,-2.5726586989941964,0.5906633678340025,3.661587304988506
-0.005808271967361146,-0.00709603943521464,0.004639559380921165,-0.006698681288292758,0.38053318670596253,-2.5683789550218687,0.5692339164323651,3.6487504166529514
-0.005785751720825253,-0.007136879279833145,0.004583524524580618,-0.0067481627846040304,0.3919625206464871,-2.558534968641228,0.624566829705968,3.641277126253471
-0.005789703724807809,-0.007119546488311106,0.004598487955260131,-0.006723342114887739,0.3863394186124653,-2.5575636256608116,0.6036269150732593,3.6348111799990215
-0.005769776054693384,-0.007137789429166518,0.004557695497562563,-0.006738201058963446,0.3899244212963417,-2.5434796540517866,0.6324144173314575,3.6136407880543615
-0.006077306540343771,-0.006665328405461199,0.005212929197151372,-0.0061337222657495425,0.25015361277404186,-2.5946367469020752,-0.019271210346753585,3.634300756888706
-0.006084486850968352,-0.00664087691277523,0.005227835581984967,-0.006095431001441786,0.2424209197190498,-2.58481207900913,-0.04342247383580295,3.6147941389121114
-0.006096176311860458,-0.006616184313054321,0.005249898123076601,-0.006058373815156288,0.23480152105835403,-2.5776676280622977,-0.07135250931486876,3.600727991665908
-0.005866891548518094,-0.0070233482072079,0.004766788792136701,-0.006620072093371405,0.36165617007307643,-2.59882006279074,0.46040441200423426,3.688082691473682
-0.0060539071407849955,-0.006671421530720083,0.00517291415864599,-0.006134533251889001,0.2521009126114528,-2.5813458234259765,0.006022605077807051,3.6090950676775444
-0.006007507026020841,-0.006747168865339045,0.00508299864686768,-0.006240833983663444,0.27576288621942974,-2.5897902491605613,0.10398800653054972,3.629712175838819
-0.006022334074306384,-0.006731273720330321,0.005110698823111236,-0.006221044448132214,0.2709770888296918,-2.5923453918641988,0.07900955431003022,3.633336078138157
-0.00602783653318226,-0.006711450989763006,0.005123339551016238,-0.006190392340149134,0.26469428101245995,-2.5853057645145836,0.05876544346207591,3.6186527442645935
-0.006040799142709579,-0.006689954896471263,0.005148385051747314,-0.0061600662821063926,0.25806043116538196,-2.5826154358026145,0.031259721482629114,3.612340637680464
-0.00587226826510434,-0.007005636416231559,0.004782767314383378,-0.006594528800219748,0.3559358631320096,-2.5970404445516606,0.4388659598150899,3.680968785883799
-0.0058793274772471526,-0.006986570338240732,0.0048017865905426735,-0.006567737663138027,0.3498797057125717,-2.596020641139447,0.4151241779746501,3.6751580168033224
-0.005887688462811111,-0.006965313963580434,0.00482347784747764,-0.00653802760592728,0.343257875586192,-2.5949775161122575,0.3885855174257585,3.6690734568104166
-0.0058960335114848945,-0.006942816389541077,0.004845239140163449,-0.006506117838499015,0.3360309985125101,-2.592991486849661,0.3610388199542988,3.661216263098907
-0.00590320906758809,-0.006920737893188121,0.0048645620399452106,-0.006474066301853876,0.32899589693011816,-2.5897695232781746,0.33497508993462394,3.651391409665498
-0.005911499529163613,-0.006900681324525016,0.0048847111734456735,-0.006445854020797934,0.32272587722029317,-2.5880615064322114,0.31038638025347215,3.644937156859761
-0.005921371364060307,-0.006882616869553118,0.00490655961381201,-0.006421657399962693,0.31721998636250803,-2.5882933465875464,0.28676323798790865,3.6425816172885814
-0.006002556853501054,-0.006773937697005721,0.005069279678892127,-0.006283178736102865,0.28444052181334806,-2.600556712887998,0.13003332534656661,3.6523248087485176
-0.005984452250295606,-0.006794083213203839,0.005034629277385637,-0.006308018291231622,0.29056295316750086,-2.596838947303667,0.16137333775731033,3.6473109851258854
-0.005975604789071673,-0.006817491829201293,0.005014305253912271,-0.006342574655197698,0.2980399815747212,-2.6018459541149563,0.18843948487707674,3.659267445273301
-0.005932591872515607,-0.006866543815084638,0.004929817398478655,-0.006401311464777967,0.31245720563438234,-2.5902989179423437,0.26411188573676253,3.6439717184302016
-0.005961194148854311,-0.00683895743952034,0.00498483088546338,-0.006370855266406809,0.3046235133645168,-2.6008373914834455,0.21835549574286242,3.659968328002093
-0.0059452748953394245,-0.006852243847485671,0.004954829412655224,-0.006384492586586496,0.30831035758592623,-2.5941020480428167,0.24202250903717246,3.649097106953685
-0.005843211964740232,-0.007064669007699396,0.004710433264396899,-0.006671835676075779,0.37376887793197394,-2.591416099535481,0.5174526472149953,3.6837796862078496
-0.005846031535431896,-0.00704474024838532,0.004723755852328573,-0.0066413242263898145,0.36697050903609907,-2.587145792980161,0.49469995058641186,3.671171164380516
-0.005826464004928408,-0.007069847775258001,0.00468097313771917,-0.006668936709657239,0.3735748612395597,-2.5773076570987286,0.531852668370023,3.658819214379061
-0.005847946581898284,-0.00702435016435269,0.004735498462496031,-0.006609461855243032,0.36004375620823387,-2.5816298306327776,0.4722752909775187,3.6563524414126434
-0.005809866586986321,-0.007073526617675913,0.0046525938380746696,-0.006663656062989379,0.3729497307420497,-2.562934540366491,0.5441867051222505,3.633060249666079
-0.005527457746201091,-0.00756089461071373,0.003910387421576067,-0.00717296806278313,0.4789693988340278,-2.3345294760643607,1.1769882637948015,3.381342651161521
-0.00552988897140888,-0.007542523354566851,0.003928845559998302,-0.007149400679288805,0.47391956000993424,-2.3392605505393402,1.1546119484516089,3.3815916814902036
-0.005548415138134015,-0.0075372608124416,0.0039592802953116735,-0.007158852840791039,0.4775089444409297,-2.3576213440613842,1.149052206889307,3.4139075924050846
-0.0056506361389235295,-0.007381297565301909,0.004226500912060775,-0.007021169001359156,0.4520849630411509,-2.463850249532492,0.9515093059663268,3.5465399664773556
-0.005660176536002045,-0.007365371719854999,0.004251900128553285,-0.007005250204906799,0.44878840618653054,-2.4725700740535745,0.9305460467425758,3.556632337343121
-0.0056620637492917235,-0.007345232316201514,0.004268417251518636,-0.006976395917826538,0.4423647363372414,-2.47313802095457,0.9058401043502656,3.5500467908833184
-0.0056677205958947825,-0.007327297142378567,0.004288885932573003,-0.006953892432204552,0.43742515342254334,-2.4772785529070727,0.8831967797334856,3.551126727120016
-0.005631631118304939,-0.007380443711848102,0.004198660953126315,-0.007003807777154044,0.4475178386832484,-2.445005186381735,0.9532938669842205,3.510983245934161
-0.005554345298089733,-0.00751876516372123,0.003982584409758225,-0.007137941614231111,0.4731933565961682,-2.3652943659134924,1.1264724941283706,3.4198440108608605
-0.005623347684508514,-0.007394767239983674,0.004176292935854155,-0.007018092901270252,0.450382107408087,-2.437268601567323,0.9716863676516029,3.502159354757565
-0.005567154495117374,-0.007500256659735329,0.004015544303553282,-0.007123004828294464,0.4708673397029756,-2.379321068966153,1.1038762977268963,3.4379283781686953
-0.005575763682409836,-0.007479619419821389,0.004043972019194254,-0.007100973646387654,0.46647513741103225,-2.3891082185436656,1.078453231764507,3.447219011756967
-0.005584602281835486,-0.007464404900163319,0.0040683879724120265,-0.007086763499139322,0.46380518699450485,-2.398524276424787,1.059527387589003,3.4583092773101147
-0.005614864089392513,-0.007410688886613491,0.00415238229162189,-0.007034421455427924,0.4537191273163849,-2.4291632117669093,0.9919366289859953,3.493375475214466
-0.005606667947799306,-0.007430833234804715,0.0041256733736826255,-0.007057027068345998,0.4584025523217306,-2.421076140929213,1.0171856090714158,3.4864572299872028
-0.005593721530199532,-0.0074488765810424564,0.004093346711573157,-0.007072174772085539,0.4611088499620069,-2.4080335129632844,1.0400605461413786,3.4695283816977516
0.00853769926524911,-0.004677482804775418,-0.007392214386571813,-0.00199946705761482,-0.021688104393505356,-0.7669373746787288,2.0296277725153513,1.3295095048720145
0.008477572108927005,-0.004643864927201858,-0.007315065341553277,-0.002041691360050647,-0.025942145643556267,-0.8134494920062405,1.9738969193957943,1.3606840476418889
0.008425117114645246,-0.004668347612056089,-0.007297262873532862,-0.002118189570181804,-0.03295307077446236,-0.8591861800093589,1.9630495299936614,1.412965160734686
0.00837731168150564,-0.00468848666753191,-0.007277713245422107,-0.0021860899849410116,-0.03861317536004247,-0.9002589530927516,1.9505109075234521,1.4591885493062742
0.00824960456499779,-0.004668023480617184,-0.007153057148602044,-0.0023023809606113163,-0.04750282367814452,-0.9950970145327195,1.8613809380519017,1.5399356910939266
0.008324263300630947,-0.004676715170017311,-0.007223464241314391,-0.00223283192877975,-0.04258601629624837,-0.9400548557751643,1.911737100969381,1.4919417650400983
0.009008866611722184,-0.004442329687713464,-0.007457200048476396,-0.0012960254358717735,0.055972964187982345,-0.34704340906123654,2.049760823255056,0.8435634234030047
0.009067568812747244,-0.004430041178978766,-0.007473580268766977,-0.001218695330593532,0.06578923454287423,-0.29490530693032646,2.0580921725380086,0.7891598260906455
0.009140967531828532,-0.0044290080823560524,-0.0075056553830790814,-0.0011279238521244175,0.07868782612413251,-0.2287310215831239,2.077249224478219,0.7251910015024164
0.009195310098801193,-0.004366659614577423,-0.007467408163261943,-0.0010350197192842616,0.08762708230565742,-0.18359466002609537,2.0444273671780855,0.6605153799480855
0.009348720000681265,-0.00427217762630651,-0.0074315814779241365,-8.141109874311381E-4,0.11214070278702049,-0.0543205349278126,2.0057409451570822,0.5050272215235266
0.009267162120349344,-0.004310586208023991,-0.0074406612752382075,-9.261054915978753E-4,0.09931566143277658,-0.1234423003892232,2.0187704891722382,0.5840501417279129
0.00943639251523844,-0.004139495758515439,-0.007332424661880524,-6.710750692648519E-4,0.1214019623176927,0.008561123231781284,1.9227472150153593,0.403015470328634
0.00937065359461798,-0.00419118024146297,-0.007361753982048016,-7.627727919966598E-4,0.1130548272635861,-0.04296458668492591,1.9504316785681326,0.46866969972451955
0.008586318139663252,-0.004631846432984947,-0.007383976508108902,-0.0019105162913924864,-0.012779568746803206,-0.721721047993213,2.0204646182821544,1.2694433400434146
0.008633478846284496,-0.004582080515060915,-0.007369595961782403,-0.0018217523548039358,-0.0038826868632432835,-0.6777978904168896,2.0068937611043647,1.2094327829459688
0.008696327226839709,-0.004530468269563245,-0.007362614308834793,-0.0017153811198399457,0.0066293832528588415,-0.6209098897358842,1.9978688625006369,1.136612641095183
0.00877583160913072,-0.004530771057149956,-0.007413072569706468,-0.0016233534004679868,0.01773656662736865,-0.553044172408166,2.0313557576904384,1.0720025966565532
0.00882610553471072,-0.004462495838591242,-0.007377994855515734,-0.001523813193869666,0.027175763974634125,-0.507327816428183,2.0014949553199948,1.0042359939541958
0.008956061596925986,-0.0044196563169658885,-0.007408598971747415,-0.0013477385696586983,0.04796595959457869,-0.3941848293632972,2.0162274395421282,0.8811260912101141
0.00888668452142968,-0.004399760929107816,-0.007352959569106725,-0.0014183340071130203,0.0378811931229247,-0.4540213832598939,1.9784621677052165,0.9319960215480873
0.009511363662504066,-0.004080852192230233,-0.007297204272685963,-5.697799733944079E-4,0.13087204772189587,0.06578869681375514,1.8896922927223858,0.3303617201157883
0.009591750139894798,-0.004039751166852873,-0.007276729727015831,-4.691205328837057E-4,0.1410036601394439,0.1284134848010949,1.8673897815084872,0.2577468181427051
0.009683411750765501,-0.004025437351306388,-0.0072792180798530665,-3.621352080811485E-4,0.15451984353037818,0.20332598572860583,1.862155574568941,0.18108336497203179
0.009725361161805723,-0.0039475760906111405,-0.007215296314664821,-3.043549839192318E-4,0.1558116954784825,0.22461462548401254,1.809309167502694,0.1390713727299295
0.010076191127333635,-0.00403879674412519,-0.007314239304153327,9.034678117662182E-5,0.21771909678196577,0.5376072332509253,1.8576124456791,-0.13983041186097736
0.010174754846689844,-0.004029015592434901,-0.007299804465832821,2.0398939096583044E-4,0.23103202129986602,0.6163517932046924,1.8386064126303274,-0.218961110714715
0.010446986714817018,-0.00391903047369437,-0.007164565717869223,4.933699404242503E-4,0.25506627762379647,0.7960711102429109,1.7152659789153504,-0.4239769932307982
0.010354805081634761,-0.00397976607325424,-0.007234119833638087,4.026173097343352E-4,0.25147842678355,0.745516293136184,1.7744179150368637,-0.3583715799213278
0.01024548892704534,-0.0039348223580597625,-0.00720879942821055,2.7506342505703214E-4,0.23022603143981782,0.6446032134248884,1.7641647702145435,-0.2721837702806799
0.010712272670546487,-0.00388869972585131,-0.007072350608992489,7.668387520262376E-4,0.2822552742475232,0.9791002016890321,1.62622410318865,-0.6104511806531359
0.010821407363645317,-0.003885954617227431,-0.007034371669470967,8.776625153527597E-4,0.2936515292722686,1.0531389274900214,1.590585700052803,-0.6831570783863968
0.010920485093483999,-0.0038209846149465224,-0.006945573660725637,9.520980938330402E-4,0.2931247699842305,1.0901906252860816,1.5196098470481687,-0.7357875431326847
0.011181672804787752,-0.0037813745601000905,-0.006803708142911396,0.0011792172118793613,0.30871688996441954,1.230003134588937,1.4026637795412067,-0.8819717093402117
0.011295150735137512,-0.0036642812521581187,-0.006664003288033945,0.0012210722431783604,0.2968779129496717,1.2376597941874803,1.300547655864064,-0.9156973696753515
0.011038021635708719,-0.003729911517725203,-0.006828338676716142,0.0010264592016261146,0.28932127439334726,1.1234463882325392,1.4294066060707173,-0.789531080169113
0.010538547344029538,-0.003867111621203312,-0.007100598021625844,5.799277762187099E-4,0.25897951646270906,0.845328768631819,1.6603356083485783,-0.48546613600263283
0.01046468181000577,-0.003829063085399799,-0.007084364289578031,4.945162590086518E-4,0.24506536190880618,0.7777093740251206,1.6538669125629426,-0.42906627581498463
0.010637957075579605,-0.0038054500228764518,-0.0070245522688368945,6.66985731435553E-4,0.2624239114234545,0.8935762275827289,1.5971285313442019,-0.5479451576497584
0.009890609612198339,-0.0040269018466537005,-0.007301379281597992,-1.2430112594951913E-4,0.18737090922104135,0.37846645145558006,1.8629261005248554,0.011364152277523147
0.010004816734249853,-0.003981933752914797,-0.007263688225930547,7.699446004396183E-6,0.20063628421474927,0.4626395961928231,1.8249964489103931,-0.08233840817385088
0.009818397443964174,-0.003920969997215194,-0.007201636877790373,-1.9857842930439846E-4,0.1675563975926677,0.29603583072324696,1.791578108587826,0.06252153742567314
0.00955233645334087,0.0041081223392009855,-0.007331214212048101,5.283573124720085E-4,0.13913953819869762,0.10412670907233364,-1.912772517636999,0.3010293937215271
0.009630680164196674,0.004080497912553368,-0.007320972710130223,4.317782006460472E-4,0.1495490946133131,0.16752608380065312,-1.898670790278626,0.23137955412649394
0.010179561304658314,0.003876640410091759,-0.0071640485557124935,-1.9758065011370068E-4,0.21418553849442282,0.5755250790070611,-1.7351737830222351,-0.22081543014184166
0.010074265197653129,0.0038677181486695654,-0.007161944681849603,-8.296189256917584E-5,0.1988147362296176,0.4902890517501781,-1.7412526464222071,-0.14025643992993778
0.00999894558907936,0.0039270627013024365,-0.007214745566108303,-1.0620609780889985E-6,0.1940910998820341,0.44440495143042585,-1.7878212918739533,-0.08037375387283302
0.009923645652150957,0.003988148873932531,-0.007267744807136217,8.46974215566992E-5,0.1887236556486089,0.39699087797998334,-1.834327704103116,-0.017445971797132268
0.009725864029130536,0.004039329254428788,-0.007297767907777778,3.154315503176377E-4,0.16215138383344094,0.24176418993175638,-1.8732939293529205,0.1475196295478067
0.009824184504240791,0.003999712059282408,-0.007272232199351262,1.9858907668803767E-4,0.17444775482945585,0.3167547625279354,-1.8456457395037174,0.06348300409716383
0.011439744863075127,0.003774767699050907,-0.00666657628429963,-0.00139900760828844,0.32266639728224034,1.364038864671089,-1.2927376038907363,-1.0158120788299188
0.011248753209943937,0.003740054959341734,-0.006741048412198262,-0.0012186305823215814,0.30659657314364236,1.2480232142997696,-1.3556382417107984,-0.9095251277641355
0.010504267381287884,0.003869955312032429,-0.007110660871529061,-5.444310425926625E-4,0.2557276146360679,0.8210605654073788,-1.6705412947402205,-0.4609645905455269
0.010620076901014913,0.00381139265395551,-0.007034175318173112,-6.50453712847817E-4,0.26111331371787433,0.8834602118901458,-1.6053532339319787,-0.5365012870683125
0.010928555506811356,0.0037787458598315437,-0.0069091532733854,-9.43912820737703E-4,0.28778089767612447,1.076429592542146,-1.4933978225157503,-0.7321563670506136
0.011056438073871374,0.003648909734242449,-0.00676038059648812,-0.001009781000418047,0.2787739042435265,1.0990836077743031,-1.380734202405723,-0.7839149606529067
0.010757993073664738,0.003753206994002756,-0.00694780309678625,-7.709309141458125E-4,0.2680955595459755,0.9556197811379408,-1.5327099848665722,-0.6207817409681384
0.010386594211160852,0.0038051534619338045,-0.007078320558993553,-4.0894326916018176E-4,0.2324407798962446,0.711769561889621,-1.6545887199275493,-0.37160519791911467
0.010254404259971272,0.0037749352645278845,-0.007070802705741422,-2.6768281985190597E-4,0.21216400730435583,0.6039988222785816,-1.6581686338491843,-0.27445429737437615
0.007775878579607185,-0.005144918458642369,-0.007101827201456885,-0.00323629174903181,-0.10249524448877702,-1.4587174025253185,1.8355008037138187,2.165624880561421
0.007735057966065054,-0.005137685451396946,-0.007048080253683606,-0.003263858740515588,-0.10055069367300039,-1.4829311344461058,1.7943485787464208,2.182127083486268
0.007683409811661134,-0.005161502343627118,-0.00700768851908689,-0.0033359681129459117,-0.10031186962484369,-1.5246432731796549,1.7630085847965355,2.2292767087440164
0.007706468343139962,-0.005136644109162915,-0.00701379049906127,-0.0032871756507590806,-0.09948077014194984,-1.5007319819555067,1.767897365929726,2.1963310220999075
0.007793737870816403,-0.005093498990364295,-0.00707714364528634,-0.0031614312256546795,-0.09800736160166658,-1.4289086291085435,1.8162897902267512,2.1137281695056225
0.007850026345530076,-0.004997667917632427,-0.007056288590944357,-0.0030049558059514546,-0.08993776462750618,-1.3600767568588823,1.7998289333161492,2.00780334597832
0.00781495819807297,-0.005042500967717241,-0.007056608726530459,-0.00308542842741653,-0.09356202005781487,-1.3978344361971962,1.8002664834633302,2.0618549146325567
0.007891384851084376,-0.00494862726453545,-0.007058074336494288,-0.0029151944239207248,-0.08532396774574091,-1.317277911327446,1.8003555284346417,1.947693383115254
0.007840282569739168,-0.004948556910111579,-0.007004018040539582,-0.002961027510859829,-0.08571036048536242,-1.3505527120112604,1.7602271705890118,1.9766970579527807
0.007647492776110104,-0.0051531040203904935,-0.006957930641325694,-0.003355727898687776,-0.0979903407440801,-1.543253043183946,1.7246490976868907,2.239844427088904
0.007624537294618106,-0.005181652899786304,-0.006954079588669636,-0.0034085805689926677,-0.09891800792774955,-1.5682906851113412,1.7213541493621556,2.2755881655352366
0.007510607813422052,-0.005240476547037972,-0.0068614471776264575,-0.0035694987612680655,-0.09612305181620316,-1.6574072674583762,1.6479441500188952,2.37812438978581
0.007570076534017143,-0.005206913366327837,-0.006908395413712728,-0.0034825342636855025,-0.09787410256983547,-1.6101682659817709,1.6853689649935342,2.322609978817265
0.007594068844642482,-0.005184031195022979,-0.006919127403343883,-0.0034357739337177633,-0.09783342407160936,-1.5869243862286724,1.6942044230489297,2.2916114136007466
0.00753325287281513,-0.005201408997091867,-0.006858645182026523,-0.003503941913086808,-0.09518522124398919,-1.6279236320912764,1.647054366598571,2.333058781951061
0.007929311764119531,-0.004893494591641634,-0.007049980111499658,-0.002823411928246276,-0.08009708573965733,-1.2756089104035315,1.7935214051219965,1.886376931618279
0.008183169790920044,-0.00462223941371697,-0.007056558893031503,-0.0023288402090704528,-0.04790750591770949,-1.033851811481765,1.7910084569540887,1.5591000266510928
0.008114426520716934,-0.004718078410891339,-0.007077756979420429,-0.0024798529919237244,-0.05897865606251081,-1.103309859787352,1.8093490350617942,1.659187777265789
0.008134707639298642,-0.004653954328712419,-0.007041210789753704,-0.002402976030185804,-0.052847648713278586,-1.0744355231315854,1.7813020584257413,1.6082684329764825
0.00797497158785321,-0.0048417664173766965,-0.007051614902851535,-0.0027292620392957473,-0.07435484087091226,-1.2303072246322317,1.7937906276748043,1.824007147036584
0.008029862019520797,-0.004806565877997199,-0.007074942075204138,-0.002643392774959678,-0.070024550296259,-1.1835585524253691,1.8100394886047344,1.767456451771552
0.008051917519452428,-0.004733842312959069,-0.007033686377129751,-0.0025537515405952764,-0.0629168242129295,-1.15006977231967,1.778233558572525,1.708028015618044
0.006396085428203087,-0.006357862683909059,-0.005752863494121587,-0.0056924134844488555,0.1425336818885651,-2.56528038960079,0.5336179686744451,3.6073386051481293
0.006375261471514133,-0.006370027680172049,-0.0057188122491111625,-0.005710537101184903,0.14768344588599172,-2.5654329158260674,0.5038390492414173,3.603746002405637
0.006364797518662344,-0.006383608230435017,-0.005702712219792563,-0.005732407142752931,0.15243873399852384,-2.571103375353177,0.4859569473424744,3.6124537988754044
0.006335635558314074,-0.006402525488445963,-0.005654857023922426,-0.005760134684930214,0.1601096431452723,-2.5715650918111916,0.44359422504359763,3.608479512324443
0.006348595099689067,-0.006392098117411857,-0.005675898754526808,-0.005744410767267631,0.1560082940717512,-2.569928518923937,0.4632069265063103,3.6075204925730477
0.00629225747606877,-0.006452419125391677,-0.00558495414979996,-0.005837412220195359,0.17728074126734908,-2.5866385831508105,0.37068849516182384,3.630482109107811
0.0063233925477983455,-0.006415070175898628,-0.005635185283467073,-0.005779480840417771,0.16448814490241526,-2.57494430306457,0.42386581081524394,3.6129136152192145
0.006303000169176787,-0.006440188342551893,-0.0056024769628349675,-0.005818657691026966,0.17297634924962033,-2.583259959506197,0.38881190258564396,3.6255638181512935
0.006312947225776184,-0.006428068058368148,-0.005618512281803219,-0.005799825358401007,0.168910716168315,-2.579378999200482,0.405913898533301,3.6196829186554353
0.006271752626630674,-0.006448131305612562,-0.0055494748587929,-0.0058254979264761135,0.17756347294246536,-2.57231989638713,0.3498674867488308,3.6011018253506353
0.0062582740408951764,-0.006469458223743072,-0.005527682202864336,-0.005858827663695027,0.18451915015173978,-2.5803655087540567,0.3242274237095231,3.6146356097282437
0.0060886802101073586,-0.00667605998284207,-0.0052307959689634935,-0.006156404220594796,0.2533664385428905,-2.609492073545453,0.021801139888295375,3.6632000483574596
0.006059971896803406,-0.006709375460345066,-0.005177573124712661,-0.0062007852874882904,0.2642042662084725,-2.608338923424554,-0.029350278884692337,3.662363169821608
0.006070690065631202,-0.0066904027337769244,-0.005198476439495467,-0.006173279956730112,0.25781435451188317,-2.605011373589037,-0.0052948272689479,3.6550837154028497
0.006157735104702519,-0.006558710287728077,-0.005357216596028807,-0.005982599740226399,0.21571252506560992,-2.581637589579314,0.1680563693102057,3.6094217592371955
0.006172075786414701,-0.006545152627204679,-0.005381897996654664,-0.005964129464350046,0.2110751344960419,-2.5817137256343083,0.19077458343574058,3.610230929638704
0.006236147372915115,-0.006483894063888697,-0.005490500235297462,-0.005878004181607448,0.19002106035004365,-2.578085812205828,0.29259605509201264,3.6080888259831094
0.006207474935478063,-0.006522314058219195,-0.005442305295361584,-0.005935787638419614,0.20289724627699932,-2.588070764227302,0.24071696644902038,3.6245406475373794
0.006217288256654565,-0.006499372812025947,-0.00545879541117067,-0.005899422458277125,0.19543271320663358,-2.57797871181258,0.2640750935333271,3.6061884364063146
0.0061872805135494875,-0.0065323802987393795,-0.005407907774853417,-0.005947046143897718,0.20651225265006953,-2.582593966027541,0.2139488167708916,3.6127762156379393
0.006119777896087579,-0.006572584454160504,-0.005292693839724791,-0.005993573350231456,0.22127607168515515,-2.5660147778865476,0.12232214508802433,3.5783464740181574
0.006132602139786002,-0.0065513608387339954,-0.005315239790499477,-0.0059622391733043624,0.21465905766627272,-2.5606734090667893,0.1479709047778317,3.568485891429599
0.006088945468479094,-0.006653035377381194,-0.005233996892566138,-0.006117593867231822,0.24597926486700863,-2.5954833935118864,0.03889538263260411,3.635562109759387
0.006100254820658971,-0.00664205361866453,-0.0052542602301527686,-0.006103415789442558,0.2425046660383418,-2.596661770653077,0.0571573164785225,3.637660087356875
0.006113782774642765,-0.00661086213449089,-0.005279948499606737,-0.006055787841402228,0.23271791549827836,-2.5863911959700663,0.09147931000399949,3.6175682901698605
0.006105132580359258,-0.006626122218096657,-0.005264043985285543,-0.006078362968740178,0.23753486075362737,-2.59007799141102,0.0728887563883185,3.624736412933931
0.006101214390151745,-0.006588156592353284,-0.005260635061640122,-0.006013287154933448,0.22636428459771454,-2.56358666317173,0.09479997754198188,3.5734574382225914
0.00639448977567195,-0.006332097181373857,-0.005745703666822117,-0.005647816493383748,0.1363340622405237,-2.5443851819935515,0.5408152764634191,3.568305142384372
0.006391373403631814,-0.0063017114260547685,-0.005734948475280993,-0.005595628414537889,0.12933563119882022,-2.5196083473851734,0.5474777237040973,3.5220497041046186
0.00638694075558418,-0.006267702014454051,-0.005721115353889728,-0.005537851113327881,0.12194660716625826,-2.4920112595517945,0.5532106735981146,3.470767106438306
0.006418309727989501,-0.006223046039339956,-0.00576435174126549,-0.00546547378790286,0.10878012259443182,-2.46995246257574,0.6024482686250127,3.4367764605555204
0.006392312221818697,-0.0062350216157048615,-0.005723638620509675,-0.005483754879732418,0.11437750091899059,-2.4695195573870676,0.5690686330005853,3.430958789805828
0.006426039624865487,-0.006189219478010082,-0.005769500072010871,-0.0054097178160143295,0.10103341236170002,-2.447125360244762,0.62004132675932,3.3969935184689257
0.006452585831953187,-0.006163130723298958,-0.005806934058356802,-0.005367340910147823,0.09271590538064906,-2.436004948086321,0.6566604329063733,3.382505597206174
0.006476203452965062,-0.006138817051121976,-0.005839411324473394,-0.005327396584238915,0.08502634941429833,-2.424615372935705,0.68918276631116,3.3671866072034526
0.00650450086783568,-0.00611568045311604,-0.005879373329535338,-0.005288853520715098,0.0770393203545167,-2.414760114503096,0.7265781693450127,3.3559700826270915
0.006544130415471776,-0.006073940719481228,-0.005931437190349185,-0.00521859902059135,0.06457118958690054,-2.392370091604136,0.7795068424057209,3.3254487510518103
0.006565429748112496,-0.006060499792042231,-0.005961807394272969,-0.00519511489683764,0.05935240551497955,-2.3865301453541297,0.8064772473552878,3.3204126067927064
0.006585801884395006,-0.006044975348115061,-0.005989731981729016,-0.005167989283152514,0.05404215790328728,-2.378507010651975,0.8324414836976288,3.311418918998497
0.0065178856691180545,-0.006082166413868651,-0.005891189156627446,-0.005233493767676649,0.06955706869492774,-2.392665640783185,0.74717206810968,3.319517432939618
0.006523665814521608,-0.00605541336961409,-0.005892243125342131,-0.00518975592870954,0.06436893254116312,-2.374030533529334,0.7573917180374794,3.287517508014857
0.006660533239352612,-0.0060007482739591125,-0.0060950545582563395,-0.005086682722871,0.036557397067473685,-2.355495355554339,0.926198918703333,3.2915289429628816
0.006683389135388608,-0.005975876195574261,-0.00612203783000477,-0.005042527180062892,0.029270442235561352,-2.33869243091435,0.9543345816001024,3.268189947377302
0.0066054732268296815,-0.006027073811721483,-0.006015378000229491,-0.0051367642369837775,0.048431839013268835,-2.3681784608063583,0.8574418721805303,3.298240517844468
0.00663037764117813,-0.006006322403378094,-0.006048115319334322,-0.0050999653068328704,0.04161792728819997,-2.3560445782296178,0.888646101367658,3.283460510489846
0.007445795619793519,-0.005280084333047595,-0.006810236442731923,-0.003666861247211232,-0.09342742248942029,-1.7091677715107134,1.6062553873133862,2.439947442904256
0.007391258808175798,-0.005303287063964966,-0.006757520251545892,-0.0037346093680478997,-0.08987927674350016,-1.7465758392495905,1.5638240957048872,2.4804949325990986
0.007475252838141223,-0.0052397337708081455,-0.006816427345460572,-0.0035945026403316088,-0.09337632408349943,-1.6753546461644009,1.612927467248643,2.3908559657082313
0.007437670103139056,-0.0052331298229343105,-0.00676401946809081,-0.0036128822918173415,-0.09035449333097806,-1.69065876774738,1.5726969912291051,2.3977246895655884
0.007178080854921639,-0.005484992468726773,-0.00659947027942225,-0.004111653145763041,-0.07223983296773616,-1.9308075371545992,1.425040448029783,2.718991001607847
0.007331404540079821,-0.005387116042863139,-0.0067409673768692386,-0.0038851567316216308,-0.08817064135065238,-1.8164715547920764,1.5457125168555115,2.5825822466741215
0.00728623795092988,-0.005412938235136376,-0.006698654212015514,-0.0039487151245017485,-0.08384860251279479,-1.8495224923339586,1.5103274357440937,2.620878006466438
0.007210918537166391,-0.0054615185517510705,-0.006629274752275983,-0.004060422631699889,-0.07619254061184688,-1.9057572315603761,1.450997443865847,2.6881244553584303
0.0072339622737622265,-0.0054142962698575815,-0.006628189281154058,-0.003981957942474616,-0.07791400208831083,-1.8705502736276463,1.4546075506076115,2.632955593588884
0.00734734288167431,-0.005333342476976054,-0.006722408138484419,-0.003803127823386734,-0.08692394051732623,-1.7814971216014501,1.5345931503504155,2.5231329634189286
0.006879717111484263,-0.00574518176370055,-0.006320588312211793,-0.004627819039201216,-0.023607255536139935,-2.1666934082324745,1.1656153843935633,3.024780844607974
0.0068412505432086,-0.005758715983079226,-0.006268846730780507,-0.004661089209230268,-0.016984193142132217,-2.179635948658618,1.1224634175793515,3.0340044126614214
0.0068893204250514905,-0.005702159113773681,-0.006311767914843392,-0.004559133178040868,-0.02770804713924652,-2.1358562217657746,1.1670826993522831,2.972379148571028
0.006930919362555539,-0.005692741547037808,-0.0063692523283436,-0.004529770286974191,-0.034381861459342106,-2.1239114995153234,1.213785095236643,2.966705934588184
0.006975719822137732,-0.005688858019492925,-0.006434659468231096,-0.00450634588627171,-0.041141713300809866,-2.1138222000695497,1.26612306715135,2.9667263778783544
0.007014418411894874,-0.005673284001172018,-0.006483632485526319,-0.004466604109096119,-0.04741606154137897,-2.095513241418047,1.3077899748420971,2.949920225940566
0.007115602859903413,-0.005617332991122788,-0.00659886098189394,-0.004335585255327551,-0.06367837669014341,-2.032482528775382,1.4089294906813252,2.8802407633267864
0.007073920633429845,-0.005621382537200339,-0.006539784504717028,-0.00436199316674112,-0.05798250552705708,-2.046759271585351,1.360856725086397,2.8865431967793795
0.007048559679255046,-0.005638846781279688,-0.006513272919274999,-0.0043998005964885805,-0.05355043027733445,-2.0646075977302667,1.3370480943924898,2.9080133236333934
0.0070201320496192715,-0.005640475641965119,-0.006471961019719012,-0.004414976021488572,-0.0496153152995725,-2.072316595371284,1.303792448991777,2.909360956404796
0.007120227209398032,-0.005571851974937416,-0.006575261755310713,-0.004266481084587736,-0.06509017741295929,-2.0019856068241633,1.3958799529819235,2.8248180171309207
0.007129063426838249,-0.0055277507673302945,-0.0065587086294389765,-0.00419836954183457,-0.06629496554255966,-1.9720789351314674,1.388003447863085,2.772692281888876
0.007142916288761559,-0.005485444519719881,-0.0065503083454828805,-0.004131175879435335,-0.06786349654405244,-1.942441452567001,1.3861968848195805,2.7236176364588522
0.006692332734226726,-0.005931562390734577,-0.006117656189374044,-0.004969480781727111,0.02273657584284752,-2.3058896326763363,0.9636161678742268,3.2117375193431252
0.006771389932553576,-0.005871403781698025,-0.006216290955298724,-0.004856440403514504,0.003798557320456129,-2.263626096676762,1.0555450852553048,3.1613882720499413
0.006742575051712217,-0.005880652743176609,-0.006174981309307008,-0.004877954428895816,0.008916191176942924,-2.2702638110426707,1.021184733475412,3.1636277510966555
0.00679477800250502,-0.005845601428930654,-0.006240687955699776,-0.004809615989807363,-0.0028029034764349673,-2.2442589745266557,1.080837087332214,3.1343919026222626
0.006712757077206746,-0.005876834344843861,-0.00612617966065028,-0.0048785398664155915,0.012910306640230856,-2.2664126898398913,0.9850920426021526,3.1471836270347113
0.00668775105863247,-0.005889450008343256,-0.006092323127469652,-0.004903518798024115,0.017812086184613343,-2.2743216344282575,0.9560083371126845,3.1536780856318933
0.006797941457238287,-0.005803493148938466,-0.006224802431615341,-0.004742945354043821,-0.006763368263594568,-2.2136684671384255,1.0785556718571092,3.080220326193951
0.006810082631982201,-0.005771443186205484,-0.006227568151026766,-0.00469005189786619,-0.011432784101776177,-2.1905145672534703,1.087870048320714,3.0426699062539937
0.009218129501163384,0.004241929099917842,-0.007357498511257931,9.591907599517398E-4,0.08985208899071408,-0.17176781361943808,-1.9585067700122794,0.6088919500762123
0.009131667097416137,0.004235490627908924,-0.00731739471286076,0.0010570458604403229,0.07589898102014053,-0.24611357928905483,-1.9339137718644248,0.6786837507847074
0.009337587737060695,0.004154062358652007,-0.007317207082384027,7.899204711621699E-4,0.10687591184158589,-0.07493150754212737,-1.9184482255947575,0.48827224172486233
0.009398931084218444,0.004141513487529745,-0.0073239746423193145,7.151029769213783E-4,0.11524398872381555,-0.02370065209883287,-1.9189713858715165,0.4350370927279335
0.009261399585915623,0.004138062606634164,-0.007277450681148837,8.718415468032308E-4,0.09394367387632496,-0.1412436942907549,-1.893442150315171,0.5478756757464264
0.009465224203172435,0.0040909988808623,-0.007295321740730875,6.251623433923848E-4,0.12434264117522065,0.027188124961694374,-1.8917404431021336,0.3706489342256042
0.009065561130892345,0.0041876458744783875,-0.0072457343235830035,0.0011115794198972536,0.06607343686827007,-0.3031325195517842,-1.88355554987748,0.7194244634704018
0.008537255001061297,0.004441832762901363,-0.007174818549404943,0.0018305839959172937,-0.007031331413344501,-0.7424395074154201,-1.8634344988597886,1.22208293067515
0.008446590270175401,0.0044545839619613455,-0.007121604051256875,0.0019336095494109356,-0.016714321852208554,-0.8127496096742705,-1.8279036629768497,1.293028482348458
0.008619095226405131,0.0043806270648893125,-0.007175676894720379,0.001703248469181015,0.004865623822241386,-0.6721794241752764,-1.859396260145388,1.135008995441553
0.008695325346634275,0.004339516985489271,-0.007187363711220305,0.0015962418944508202,0.014503869724852212,-0.6087185276334625,-1.8636666450576553,1.0609194681784346
0.008767902318601558,0.004264227308602648,-0.0071639924390659035,0.001474449724389272,0.02576051337700792,-0.545809515198965,-1.84139019995681,0.9772480832660012
0.008961435045272772,0.004160179967439655,-0.007173926331858428,0.0012129852367957705,0.05160721720980644,-0.3879393755778239,-1.8354656770877702,0.7935884618911208
0.008848359846278625,0.0041940085993878405,-0.0071468364715531136,0.0013507121173780316,0.037485189650071214,-0.478817536029891,-1.8225793583768668,0.8915244349716998
0.008294960567828375,0.004455262200903483,-0.007007770271512345,0.00208439740711264,-0.028856185789585015,-0.9228209911501625,-1.7493821942864705,1.3975930207310991
0.008368840939271894,0.004399434601992107,-0.0070175677023802735,0.001970572134057235,-0.020126557755318412,-0.8611795275267652,-1.7532516600934518,1.3212177501974904
0.007963371044690264,0.004630623885447409,-0.006867101302013306,0.0025377360249419795,-0.057485470153872946,-1.1805335249545896,-1.656704680572399,1.696958190902276
0.00804403142802265,0.00458117520521512,-0.006901048313341957,0.0024219580576798727,-0.051339699975476515,-1.1173959981261437,-1.6794758753258432,1.621576466915471
0.008126181758290834,0.004545956088645437,-0.006944300661241676,0.0023170833390661373,-0.04526044669777491,-1.0559488423716956,-1.708759426341203,1.5526989593789011
0.008146489113496833,0.004462287581383954,-0.006894150472312966,0.002228268683978766,-0.03851391336750755,-1.0238484641929786,-1.6709014584211377,1.4945608899670437
0.008210369672164134,0.004415060631692967,-0.006908426993940095,0.002132001833371502,-0.0323248929388234,-0.9720381152940173,-1.678793077844699,1.430839380840893
0.007864541916802407,0.0045964970964866726,-0.006748797879178308,0.0025888022093859112,-0.05721250675161938,-1.2289165163509193,-1.5726902392736246,1.72892024666443
0.007806679185056849,0.004657295860091565,-0.006739010379909305,0.0026934247599971362,-0.061974815628613976,-1.2791976610673392,-1.566180164486412,1.7954964584865387
0.0068937559487452305,0.005162645182803797,-0.006035014830540982,0.0038193102163780715,-0.04011193392962606,-1.8206315384867648,-1.048023861450429,2.4201797354203785
0.0068017985514390355,0.0051723032638793945,-0.00592527567183338,0.0038665003302637536,-0.031760145940265,-1.8372000239506203,-0.9738362210566053,2.426734231105906
0.005717082257399035,0.006171009240885881,-0.004707196915806527,0.005285545026109797,0.14683485642311192,-2.141451029251165,-0.04210128625240398,2.806113108709411
0.005996396813008909,0.005888192149529842,-0.005075760939201013,0.004937732536069227,0.09173927526965418,-2.1207483517604033,-0.3141831996613507,2.7807705350237844
0.005772280667886243,0.006103056726410426,-0.004783243987213624,0.005203960019459986,0.13445936821264795,-2.136590685576151,-0.10111048361665119,2.798219845320989
0.0058457869290837895,0.0060350027294570835,-0.004881874544743112,0.00512295868009362,0.1213784575708208,-2.136274616911851,-0.17039506594634737,2.7994490450373024
0.005921835754663137,0.005962853109883467,-0.004981387358805783,0.005033662122608561,0.10668504582836047,-2.1312784963352147,-0.24263334470875236,2.7941909918785726
0.006079755061236294,0.005768001728916407,-0.005171759727660176,0.004777359520810642,0.07063652654046111,-2.085653365244369,-0.40085342363501203,2.729004849206111
0.006019219740327713,0.00581197575803347,-0.00509699943529664,0.004835558030661488,0.08120879372459049,-2.090414820975191,-0.3493080177623284,2.732305111517992
0.005617531733980112,0.006174750354826754,-0.0045740254345093675,0.005269564685092729,0.15055535276348664,-2.0986690890346917,0.01147760823501375,2.7339199582217053
0.0064603118254511,0.005512307970411985,-0.005620230428378511,0.004399962776896012,0.013691395889070696,-2.0195932811694473,-0.7222276855542934,2.665703479902192
0.006575863778835761,0.005459562200796423,-0.0057558627595253745,0.0043054103376689,-0.0016464551801348753,-1.9973645736503907,-0.818649278735081,2.6483003676415517
0.006506086443099021,0.005464449094477655,-0.005664767278383451,0.004327283954026811,0.005713018119881678,-1.9969483312348644,-0.7597786110891439,2.635698820636167
0.006603880507602292,0.005393743971486107,-0.005767365350997047,0.004211320524496653,-0.007371373881578555,-1.9621330681199727,-0.8378943798707447,2.594884871292241
0.006635752984427919,0.005319101627457302,-0.005778981603276039,0.00410574178679369,-0.013068359928637792,-1.9225556591176958,-0.8581447883216987,2.5351090168404578
0.006678899977604447,0.005253659984825371,-0.005807048340601958,0.004009632380682133,-0.018926120396285485,-1.887520190397174,-0.8860921210899254,2.48530247968529
0.006726554490229612,0.005190249570522379,-0.005839756621356699,0.003914852346232832,-0.02519467803126349,-1.8527639226481387,-0.9159533780614136,2.437190508626715
0.006162895697501553,0.005721050705570877,-0.005275306652298894,0.004712848483043584,0.05966699588880324,-2.0828199939576675,-0.4698418606889846,2.731851513634396
0.006073276828932119,0.005694367102719891,-0.005150569826238639,0.004679278902932704,0.06453187730361687,-2.048143507158754,-0.4107354665421866,2.667287785266763
0.006229318084711139,0.005641460188866386,-0.005347342800450219,0.0046021765178562565,0.04611535668126442,-2.0558694387351157,-0.5308063391571568,2.6946592847520203
0.006297226332026672,0.0055654308516586435,-0.005418786280335728,0.00449451521487822,0.03307510180052301,-2.0282318790951486,-0.5901142640357585,2.6571926754672037
0.0063666367516288895,0.005493711312107325,-0.005490156351736408,0.004390739123461639,0.02130811519035757,-2.0002924971148075,-0.647939197846881,2.6204079368192876
0.005484915427568135,0.00626427308427983,-0.004392916828675975,0.005354405894717074,0.16641887989038054,-2.0697558616901586,0.11250554954991188,2.6886660973654504
0.005510894493324093,0.006188181638672502,-0.004434249547209979,0.005262894953618016,0.15351828846839158,-2.056556798231323,0.06653500706364414,2.664490194992725
0.007015302007187041,0.005079135911534651,-0.006140985403819885,0.003664073648767436,-0.04988583629988281,-1.7577308046226052,-1.1286986840807496,2.3448264697230106
0.007058930469300387,0.005007179428079908,-0.006154234706559763,0.003557138370465202,-0.05172458652355017,-1.7140198812775262,-1.1440264329123098,2.282017921338927
0.007114542657442803,0.004967093267699308,-0.006197389460877646,0.0034824722579287503,-0.05489358996346168,-1.682222922982163,-1.1764575129657246,2.243404884413765
0.007137022598938583,0.004904570112112986,-0.00618812488030846,0.0033987016100453225,-0.05427069486235494,-1.6485877711778034,-1.1747135388695094,2.1915478060572577
0.007256123196085662,0.004863672183348282,-0.006299387654447798,0.003287896075133761,-0.059746593502573504,-1.5962806850175388,-1.2530373053404926,2.1381148320362318
0.007301081012652477,0.004804630473489358,-0.006313727696126523,0.0031964817609489,-0.05969622484306949,-1.5570629457134826,-1.2659680170469552,2.0841160280018
0.007171804349227823,0.004843785262589678,-0.006193255308305835,0.003311737154437427,-0.05465288480688508,-1.6128922440371578,-1.1821757604703598,2.140267130467667
0.007563649727535746,0.004711729131971553,-0.006534088645099404,0.0029295360939512924,-0.0637818537963117,-1.418721028204969,-1.421253594419923,1.9367951856825312
0.007709036494498667,0.004639324516857893,-0.006630509547498325,0.002751407384804168,-0.0610100907621135,-1.324724224252438,-1.4897068484047897,1.8294745659861495
0.007623870343804388,0.0046432163259646705,-0.006548710767030298,0.002817455581950168,-0.06024044177899984,-1.3670937180563163,-1.4325402742505278,1.8677730865870745
0.00735549366189226,0.004721256091451546,-0.006321818716654924,0.003074268287062095,-0.057788157282429156,-1.5054072962524085,-1.2747958075091896,2.010875254523303
0.007449375445978565,0.004656890700882289,-0.006380301964694711,0.002948858218040345,-0.05792243013074196,-1.446250000929769,-1.3164003661987744,1.9390779529483135
0.00692869602388213,0.0050762293697040484,-0.006034428935301465,0.0036988077826296917,-0.04253150356815979,-1.7728095611226884,-1.056910155210926,2.3477208402683565
0.005410659423167936,0.006446818639307,-0.004268593750789035,0.005568618989855675,0.19408128096375915,-2.08890707754983,0.23409731132358041,2.7283302699491636
0.005415149933682245,0.0063288111644502374,-0.004294616114744383,0.005418097014539071,0.17514316000414715,-2.057117682632676,0.17114545030406877,2.670355960870888
0.005312197044499975,0.006502135485568674,-0.0041306625531037445,0.005605768694680138,0.20062750895661605,-2.052742332835439,0.29758321592400133,2.6729705972021445
0.005211035160022674,0.00657988820636379,-0.0039845562319050475,0.005666053821088303,0.2083836570990423,-2.017694639104214,0.3697098506642774,2.6220182125439417
-0.008909334570059206,0.005120404840570064,0.008132527471123141,0.001817706147452373,0.006472203344225202,-0.39649353155634187,2.556014697533232,1.1654009800844642
-0.008898623366049213,0.005108476518027834,0.00811107572288496,0.0018262452988653765,0.002409436766314696,-0.4060538334044499,2.5435964576326793,1.1687180070404628
-0.008894007537775724,0.005123855962596771,0.008126777033501674,0.0018432448319403274,0.0022646146220453877,-0.41263953227498845,2.553520434666594,1.1824149448137096
-0.007184568617422913,-0.005782339610769252,0.006821703282970678,-0.004553068070081398,-0.07114738475916454,-2.121122290008585,-1.5744058316441887,3.0944746589759955
-0.007168397548375259,-0.005785576375223594,0.006798312558265422,-0.0045669114816337475,-0.06830631553406076,-2.1295244946503353,-1.5536879852235899,3.1003587816050717
-0.007211636578239806,-0.005766449045430293,0.006852713873046283,-0.004512803757411167,-0.07621172530792024,-2.099149702465441,-1.6033338984683845,3.0690675522238
-0.007221584394163073,-0.005756784073248751,0.006861038825861474,-0.0044918527170624565,-0.07814132339284924,-2.0883054404428028,-1.6116972588348173,3.0541902578198186
-0.007196263179957042,-0.005769383798149523,0.006830567508100848,-0.004526051911482206,-0.0735748327311752,-2.1073967878834967,-1.5837374755682583,3.074935150080816
-0.007234379307572244,-0.005746803637678114,0.006873482348540243,-0.0044687284202405845,-0.08042630811292713,-2.0760032284458796,-1.6236156788660174,3.0384160097532056
-0.007248207563699863,-0.005738318443174625,0.006888562139634486,-0.004447258615358682,-0.08293423425121806,-2.0642015244898304,-1.6375843084007602,3.024449867847682
-0.007262542853098537,-0.005732612015598716,0.00690648805224048,-0.004429724238597145,-0.08523401638985378,-2.053902245266685,-1.6536998797642546,3.014025753497005
-0.007272994536246183,-0.00572140324062133,0.006913874987386079,-0.004405875302024445,-0.08706863723343827,-2.0416017924092613,-1.6612258676317424,2.9966364555473883
-0.007384498247493448,-0.005670308633878521,0.007042822008070264,-0.004253957791949866,-0.10411325436638326,-1.9516754019143876,-1.7767672628114342,2.898956964183259
-0.007398549128230208,-0.0056625943501412606,0.007057426963021079,-0.004232343488699935,-0.10604588683775597,-1.9389950085707464,-1.7898378159792376,2.8841942905061337
-0.007426220258245887,-0.005647455740208803,0.007085821107045626,-0.004189557905453583,-0.10964409994772066,-1.9137739625207872,-1.8151149106487379,2.85478857180803
-0.007412205159771027,-0.005654471276215052,0.0070709411770683225,-0.004210298452968781,-0.10780936148032584,-1.926191949929766,-1.8019471587723863,2.868886462756929
-0.0073553519912513375,-0.005669654050186157,0.0069980726639698706,-0.004273098100044267,-0.0996652670963769,-1.9672180209895094,-1.7382358169899843,2.907100988091168
-0.007369195194036532,-0.005660907755904069,0.007011666531291995,-0.004250387517459525,-0.10157844824961816,-1.9543738738616236,-1.7505290145871146,2.8915368693144967
-0.007286284261418888,-0.0057103354267443165,0.006925633267660755,-0.004380473654100153,-0.08922902487217271,-2.0280467939830182,-1.6724343999841267,2.978834820043596
-0.007302306743451281,-0.005699144395260496,0.006941326091929738,-0.004353087208691295,-0.09180327634818476,-2.013033089765232,-1.686988240556666,2.9601625377465735
-0.007340063835663594,-0.005661070473173112,0.006967782992457869,-0.004270382117774605,-0.0972158691569076,-1.9699049748821882,-1.7128043001589959,2.9002235848148032
-0.007326418842924483,-0.005669839594490251,0.006954316619896567,-0.004292690393797457,-0.09527507353395039,-1.9823562605412752,-1.7005843948710344,2.915345858292557
-0.007312990318568255,-0.005681527391253615,0.0069434039965038654,-0.004319227913328365,-0.09329800791446424,-1.9964669548891865,-1.6902833977627874,2.934143325983204
-0.007103462280177263,-0.0058328739085659245,0.006727782578494048,-0.004675757524228309,-0.0548919802049564,-2.1860101318746437,-1.4857101410462765,3.1705258631025965
-0.007111742610879771,-0.0058144623152827585,0.00672826380614732,-0.00464200092351769,-0.05719318437725988,-2.169786191149729,-1.4890547686506126,3.143773649026492
-0.007123026494442252,-0.005800731238892531,0.006736710511269158,-0.00461440967916367,-0.059820279651041634,-2.156132660873593,-1.4984071037523228,3.123909142523306
-0.007135587680639869,-0.005788799168488043,0.006748304014195639,-0.004589049590414537,-0.06248452626871306,-2.143351674539961,-1.5101289819540888,3.106573228548155
-0.007149100348314562,-0.005777972020822266,0.00676203519231245,-0.004564907705532597,-0.0651374463345949,-2.130980160059584,-1.5234708834385111,3.0906818744487032
-0.007083899996746137,-0.005829850804302431,0.006693973661857095,-0.004680035029420288,-0.05151333784177082,-2.189524019944597,-1.457056694795163,3.165546739339519
-0.007067870481898078,-0.005831221030384269,0.006668967572611784,-0.004689562382865735,-0.04875004270000254,-2.1949647938682397,-1.4354051882025407,3.166756243049398
-0.006942398308417917,-0.005931531558827854,0.0065265022349371,-0.004904108292022049,-0.018511610393212568,-2.2984799150415447,-1.2941410457706395,3.297979847914774
-0.006924171225608454,-0.005930321466705028,0.00649545911763189,-0.0049082125183701536,-0.015439577546849563,-2.2998941385272658,-1.2681259444774333,3.2916639420483285
-0.00695197580404899,-0.005913046652580816,0.006531374069278103,-0.004870078036336499,-0.02202762368528213,-2.28237829085144,-1.3023271862048276,3.272134786137158
-0.0069630839021182864,-0.005895131688886726,0.006538898626607246,-0.0048365284100994116,-0.02560392032835269,-2.266543924713283,-1.3125275269875825,3.2475972767284422
-0.006976208238275177,-0.005881350584761165,0.00655202656450619,-0.004809046216987662,-0.029123732551233347,-2.2535868435226045,-1.3264750392701643,3.2295973540414837
-0.006988249319377589,-0.005870411621165234,0.00656495205241749,-0.004786566186023795,-0.03207349886633268,-2.2429185029282883,-1.3396299484135172,3.215454678660405
-0.007000008702197852,-0.005860878435670815,0.006578157965803064,-0.004766414399080252,-0.03495902558920929,-2.2333100552072414,-1.352676560816234,3.2032369318742595
-0.007015602517063927,-0.005855331737242264,0.0066000108609030935,-0.004751116204852544,-0.037942360356029436,-2.225813073396277,-1.3722805390641537,3.1971628846428723
-0.007024521641884565,-0.005843281486008198,0.006606751424949558,-0.00472786877127912,-0.040481453235391436,-2.2146858287030367,-1.3802495511725932,3.1806020695370627
-0.007040834639231273,-0.005835461932265512,0.006628060131604817,-0.004708318066562413,-0.0435728098939864,-2.2049936456793957,-1.3997276055185683,3.170857617927331
-0.007051651478429899,-0.005822394410380781,0.006636904158563428,-0.004682539687482914,-0.04637620838591716,-2.1925494061073594,-1.4095425615168866,3.1528421887543376
-0.006864031921698345,-0.005984389430445974,0.006425140283288389,-0.00501687442383745,0.0012384051123383918,-2.3489383472426995,-1.1959294125015338,3.356068998221654
-0.0068351254128835815,-0.005987439662400697,0.0063781443041289335,-0.005029665347334151,0.006574582973937271,-2.3526606084436033,-1.1559631608490413,3.3502596436319423
-0.006848047095537076,-0.005980338646202484,0.006396106363777342,-0.0050143862334119434,0.0034953833796091925,-2.3464128941895597,-1.1727294019142938,3.344176175924164
-0.006874804843276903,-0.00596961262635373,0.006435216339712485,-0.004989014400534991,-0.0024536507582231283,-2.3362139581863044,-1.208120166278846,3.33700774343751
-0.0068862096345564255,-0.005952721953376863,0.006444984361488313,-0.004957424704963347,-0.00643707256868186,-2.3217027205860883,-1.2204799789467995,3.314910948012478
-0.006898662897444523,-0.005941679358827254,0.0064595495257167585,-0.004935245525330794,-0.009795745921064315,-2.3117375589608056,-1.235325289513177,3.3019052646361535
-0.006905760019773499,-0.005927007511971485,0.006463021301715014,-0.004908678091385943,-0.012575158310191391,-2.299327318558891,-1.2417132139019704,3.2818023918907335
-0.006606835656171193,-0.00617127113241325,0.006069190585420155,-0.005378117436907817,0.07326890986332991,-2.483235217788447,-0.8486920322114039,3.5085867099623926
-0.006586668676385046,-0.006176596268934659,0.00603635666457343,-0.005388241048141924,0.07715611771035515,-2.4830860666543746,-0.8213158482127251,3.5022590618502707
-0.006565186406726657,-0.006166299425739246,0.005996321105508396,-0.005371506617365174,0.07835859851453071,-2.4695339618256997,-0.7944721125362207,3.4711053677791903
-0.006613666290771105,-0.006151855727590281,0.006074119946887324,-0.005344392562909043,0.0684844998486795,-2.468629472747697,-0.859705683687802,3.4837436825724475
-0.0066393780248452175,-0.0061300153500527714,0.006110113793400203,-0.0053050605717256385,0.06066929098499079,-2.4554871257293645,-0.8956163924293339,3.467651653817803
-0.006622825839787433,-0.006134640515995637,0.006083592015180127,-0.005314331578118353,0.06382148967030674,-2.4562856641554687,-0.8732327387858152,3.463875761999147
-0.00666632072876243,-0.006094147244270063,0.006142109453437233,-0.0052412606168537965,0.05020683872686315,-2.430336531892768,-0.9329840778188397,3.430108151102158
-0.006648023365243791,-0.006110975811747468,0.006117629587436369,-0.005271819494395902,0.05589388555990955,-2.44130755939664,-0.9081004996247842,3.4443035235977173
-0.006108657939227203,-0.006591068109930261,0.005272860334304232,-0.006020737345388505,0.22691615165845777,-2.570367898684196,-0.09989027209054131,3.586630333453307
-0.006120721199625164,-0.006563147760428688,0.005294808000771363,-0.005978106235145302,0.21839725423785708,-2.560594493960807,-0.1293476683332968,3.568083088190526
-0.00613644302970984,-0.0065375354347558725,0.0053222074675837545,-0.005940330561124119,0.21036896550005066,-2.5541596402198867,-0.16030997569548677,3.5563051041524276
-0.006159940473618027,-0.006521688853256956,0.005361925287244196,-0.005920923283186198,0.2049788060860954,-2.5583985232075954,-0.19267972976751346,3.565377404515923
-0.006207035035530071,-0.006465220916981466,0.0054406607657443715,-0.005839050354479776,0.18682531166759778,-2.548251023186999,-0.2719784528632148,3.5495293714061646
-0.006163417887154573,-0.006494682403222843,0.005368033812781606,-0.005876783067594274,0.1973578747317284,-2.5426871922364715,-0.21183488337904519,3.5359001162899513
-0.006173768403623768,-0.006466766533166779,0.005385136760257277,-0.005833127140182844,0.18914410587870104,-2.5301901200101677,-0.23754867350759942,3.5131461770720627
-0.006260951845136838,-0.006392032689219543,0.0055269910510089134,-0.005728347608513598,0.1636858042489209,-2.5261806066783383,-0.36484108819036637,3.514057336434355
-0.006240024299990358,-0.006416069146074535,0.005493720859805681,-0.005764305399091368,0.17145694480780851,-2.532239654488152,-0.33131673893061414,3.522889320815256
-0.006222264513406974,-0.0064399678363946805,0.0054652780040002165,-0.00580037039224783,0.17899229777047335,-2.5393242572986554,-0.3008802830883888,3.534243071734067
-0.0063473191700466605,-0.006370105520713656,0.005670797893973407,-0.005706453999427471,0.1505866069952658,-2.55250048311056,-0.470707256780059,3.5749612949254943
-0.006525082621113994,-0.006170667096789891,0.005929818946884238,-0.005379896272414763,0.08464091867989872,-2.462791156309873,-0.7428576568399238,3.4480349899900635
-0.0065435245121683965,-0.006160114773965099,0.005957704906989874,-0.005361725021796014,0.08024553650975992,-2.4592588207949855,-0.7676629735900341,3.4463906806458304
-0.006361461931884402,-0.006348170911696937,0.005691816633285413,-0.0056710594887041796,0.14374965281921412,-2.542283268166535,-0.495726481377117,3.558438286612749
-0.00637899375224393,-0.006329352329605651,0.005718727784101789,-0.005641249834040994,0.13728538483251362,-2.535606115724874,-0.5232145308115155,3.5492306769275417
-0.006400596090397147,-0.006310626857285799,0.005752282116445341,-0.0056117683043105425,0.13047390805602085,-2.5302735165412957,-0.555377667297945,3.5434740095111903
-0.0064682643684031,-0.006237523223782533,0.005851762251816133,-0.005492255843693133,0.10589536795647915,-2.4984019705802933,-0.6586693091254902,3.4993022769457878
-0.00645469655454262,-0.006261373126729187,0.005834344624852513,-0.005532166413002525,0.1129149986762047,-2.5124929451407145,-0.6358966049424247,3.5220944365058524
-0.0064154459754954,-0.006285168263510939,0.00577266372207559,-0.005569827121410047,0.12297661930860183,-2.5165113351525363,-0.5812967511821386,3.521129539848453
-0.006430728732581848,-0.006266146114483022,0.005794647710051171,-0.005538723852823301,0.11663297987323432,-2.5075165647341846,-0.6053130904639938,3.507795839931222
-0.00645455299010553,-0.006211325689800173,0.005822213884801861,-0.005447528860597211,0.10206627611426798,-2.4733395803227025,-0.6482066461531745,3.4504591386380667
-0.006473317682870225,-0.006186245498728639,0.005847295864508251,-0.005406016427435169,0.09458468357652138,-2.459927210163895,-0.6763844023082864,3.4303104049733
-0.006496003775771564,-0.006163634590172398,0.005879054244651249,-0.005368391506518518,0.08715771574549026,-2.449160333180155,-0.7082054636814639,3.416084984320993
-0.00631933956095097,-0.006368336224514767,0.005622926910300228,-0.005698955098757215,0.1527495234904044,-2.5379315490316086,-0.4393258572451279,3.543587968025577
-0.006286076165323221,-0.006370413136179205,0.005567075946865016,-0.005696781589481373,0.15630429473204813,-2.5232919648240437,-0.4015041603602666,3.5119008475931364
-0.00671298723172876,-0.006070472738214897,0.006211414991391272,-0.005194788791089619,0.038835730956402296,-2.4165399149722506,-0.9958911408883137,3.4208388444148476
-0.0067393302009926105,-0.006047020277785966,0.006245674609137696,-0.005150735597396636,0.031011143749582717,-2.399450667814184,-1.0307004795392574,3.3989002955829757
-0.006722469189888661,-0.006051660290535972,0.006219278392923449,-0.005161452189877573,0.034274541835191207,-2.4019874714340523,-1.0080490245943565,3.3973970928064636
-0.00674972877486877,-0.006029515373545908,0.006255240819274774,-0.005119332132718681,0.026624324089082173,-2.3858030098361955,-1.0436692354256512,3.3775270249472484
-0.006768713071392111,-0.006015757413480072,0.006280716958695821,-0.0050924811253540885,0.021611643523977094,-2.3754938503495233,-1.0682488233814729,3.365663242345207
-0.006784821575492066,-0.005998602202260442,0.006299484465018768,-0.005060321980200784,0.016542390071207527,-2.3620227143116153,-1.0883364572652867,3.346982403578174
-0.006816175262073609,-0.005977061723052293,0.006341132647326399,-0.005017064236895764,0.008488729750727618,-2.3446895327118447,-1.128278276706082,3.327426882897616
-0.006799790311604062,-0.005986415807661492,0.006318505450612404,-0.005036584074789644,0.012424385952805537,-2.3523202326161368,-1.1072158367613045,3.3349410442832945
-0.006687077536845213,-0.0060720694119174344,0.006168260504663923,-0.0052012685453816515,0.043307077233593436,-2.41505661090059,-0.9608547132450703,3.4089711770241844
-0.008428111180195891,-0.005238758003818171,0.007893124953703335,-0.0026057902804209813,-0.09761981934357611,-0.9010055627846242,-2.4310829594767855,1.708378389326026
-0.00843998436859241,-0.005249594624691071,0.00791719605649574,-0.0026000114080962423,-0.09149648638547013,-0.8923244541399268,-2.4460759928746763,1.7061973099172694
-0.00841606527003229,-0.0052276753138513305,0.007869245105970578,-0.0026116634798998314,-0.09435385256841146,-0.9150029514204122,-2.411792690456491,1.7164842902664559
-0.00846986220007,-0.005239886733151683,0.007933400543148263,-0.002550138933237165,-0.08999182287757451,-0.8605617572901277,-2.4554517166483114,1.6706020948538354
-0.00845491564632612,-0.005244717217658645,0.007925337553070871,-0.002575087554493493,-0.09082954450271546,-0.8764758227798347,-2.4507999592525906,1.688350347108164
-0.008458089506218526,-0.005228925426342907,0.007909446172085471,-0.002556107372779067,-0.09194022583192223,-0.8693233881674941,-2.440488363270646,1.6731106946122054
-0.008443078209801157,-0.005233795244532233,0.007901286847152777,-0.0025809592085223186,-0.0948869631779653,-0.8851655026108262,-2.4358140756882602,1.6907136861341192
-0.008514792106028148,-0.005225677271938596,0.007957068969879274,-0.0024753004371618078,-0.07971432714974216,-0.8128326189187637,-2.468593884942237,1.6180851287922664
-0.008518186977604382,-0.0052100919540204365,0.00794139755554932,-0.0024567037336704167,-0.08213307370835128,-0.8060092246044332,-2.4585086169484236,1.6028674337975024
-0.008529798353607843,-0.005221034932232109,0.007964797732013692,-0.002450317472377357,-0.07605604704626186,-0.7969752943614056,-2.4727565742060817,1.600562588714822
-0.008499800570831098,-0.0052303667150690415,0.007949262233052676,-0.0025002576097115634,-0.08354446801527338,-0.8287128185954886,-2.46434769314567,1.6355546811719799
-0.008503165799670058,-0.005214764064040457,0.007933587668125503,-0.002481591654210786,-0.08449736096199777,-0.8218582606634044,-2.4541316622307288,1.6204574522441157
-0.008484823888579551,-0.005235103217132526,0.007941375376054294,-0.002525195647421238,-0.08749181213006846,-0.8446256843100962,-2.4599751000908676,1.6530226206224699
-0.008488148398003556,-0.005219450448524166,0.007925654029918383,-0.002506439987783049,-0.08675406759346406,-0.8376811647297197,-2.449666616366162,1.6380246261653924
-0.008473121157274202,-0.005224156796621909,0.007917590088780083,-0.002531269173039249,-0.08915229525531626,-0.8534968278787683,-2.44511287759803,1.6555639030580125
-0.008559854801395402,-0.005211891625397759,0.007980026475768709,-0.0024002567924499025,-0.06927101795057952,-0.7652899713787287,-2.48096090033568,1.5652561074944122
-0.00856330965993476,-0.005196184982394674,0.007964147252392808,-0.0023817919679137638,-0.07420565043909906,-0.7583003349866718,-2.4710174195040273,1.5500864957009108
-0.008574904804645981,-0.005207390722771273,0.007987533937528305,-0.002375153637183692,-0.0674903265500278,-0.7494097521541754,-2.485033165339306,1.5474808230668977
-0.008544819263429005,-0.005216439712524502,0.007972448497246598,-0.0024253087183505537,-0.07223614404499583,-0.7811340660340033,-2.4768711597064508,1.5829621363369253
-0.008548253474496328,-0.00520079308609928,0.007956662563165224,-0.0024068009374075623,-0.07715720279190419,-0.7742229087624067,-2.4669502201135884,1.567659178462355
-0.008533217396976999,-0.005205435798069164,0.007949090955740925,-0.0024317717076861515,-0.07972178440264201,-0.7901277185963052,-2.46278617077407,1.5852631037241551
-0.008578408536393635,-0.005191644187842204,0.007971598660840762,-0.0023567401739477203,-0.07095158453499882,-0.7423594233029559,-2.4750162413969083,1.5325599911703451
-0.008589969109727749,-0.005202937056022921,0.007994966666869215,-0.00235001286450673,-0.06600358537075517,-0.7334714143270645,-2.4890724210056976,1.5297233654511444
-0.008635246202199699,-0.005189859973827203,0.008016771789573933,-0.0022745175600082323,-0.058105260428141715,-0.685427356459808,-2.5006368647187567,1.4771434661689549
-0.008620139971822548,-0.005194171632003687,0.008009591111120009,-0.0022996754158610966,-0.062191518075724046,-0.7014431453400373,-2.496906691815018,1.4945244684176633
-0.008623901315566024,-0.005178532513681294,0.007993814572435448,-0.0022814710402330875,-0.06112176747555829,-0.6945378923192894,-2.4867162920749135,1.480225216255193
-0.008605047553236286,-0.005198530675796427,0.008002320723108098,-0.0023248476596877373,-0.06442589174859348,-0.7174743085646037,-2.493043644408132,1.5120530873545086
-0.008608723496740798,-0.0051828206962925005,0.007986451152363972,-0.0023065585067430384,-0.06421678709749107,-0.7104694234658799,-2.4828628202166665,1.4976388390005633
-0.008593552052820518,-0.005187187043641583,0.007979035402707306,-0.002331653642313816,-0.06758404096520033,-0.7264103225405559,-2.478961355331348,1.5150770695962148
-0.007689525482836121,-0.005516250162700569,0.00734047898117992,-0.0037822222097377883,-0.1335297022218279,-1.663834446088636,-2.0327940792411856,2.566466341880801
-0.007674956721632331,-0.0055233527399018295,0.007327525224532133,-0.0038053782974802083,-0.13275919153987495,-1.6782530710585066,-2.022171583381376,2.583203845286524
-0.007563906939302659,-0.005601437988627589,0.007246443654354221,-0.004013225205356173,-0.12573789387476275,-1.798114995884615,-1.9541522236963689,2.7362543562370387
-0.007550151185731851,-0.005609182706476023,0.007233830577962536,-0.004035970357659544,-0.1245298882882786,-1.8118571455298491,-1.9433152185291396,2.752675938057042
-0.007536367703737101,-0.005616858006287181,0.007220966158496683,-0.0040585557375621755,-0.12324533048331954,-1.8255224550762768,-1.9321992138301685,2.768937037120842
-0.007522572152704538,-0.005624560904872737,0.00720796407228787,-0.004081106409464994,-0.12186270703820545,-1.839142578351877,-1.9209087994287757,2.785138492586689
-0.00766062407039101,-0.0055308888315760245,0.007315171308453344,-0.0038288291840356085,-0.1319889122529039,-1.6926201451255063,-2.0120052709419523,2.600189287174341
-0.007646579310302164,-0.0055386257282646996,0.007303261242901806,-0.003852220897836977,-0.13119286160393398,-1.7068069024449108,-2.0021607198156697,2.6171520030528845
-0.007632795836432285,-0.005546493727321773,0.007291693076736472,-0.0038754910899472463,-0.13036246647484137,-1.7208119945366562,-1.9925530190180625,2.634042041463017
-0.007619223243707681,-0.0055543382594174275,0.0072802505834532434,-0.003898474660956924,-0.12948092910716638,-1.734607547457739,-1.982999131277943,2.6507198338162117
-0.007563765646946617,-0.005584764999585019,0.007230473534797372,-0.0039893300996751676,-0.1251624883753462,-1.7896339525454295,-1.9408744069772943,2.7161360838021427
-0.007605589534015561,-0.005561844701681241,0.007268252929903033,-0.003920965434046737,-0.1284976492793657,-1.7482429759197018,-1.9729226795734502,2.66697235081095
-0.007591621243975689,-0.005569075119663287,0.0072553764222570765,-0.0039432750331374914,-0.12742417178707724,-1.7619251685008928,-1.9620495956846586,2.6829914820876115
-0.007577556313147056,-0.005576677654795269,0.007242573014976452,-0.003966111865034163,-0.126296224723369,-1.7757855746868818,-1.9511898853680643,2.6993917444031417
-0.007494574702916028,-0.005623287372802141,0.007165639992208344,-0.004101640058993435,-0.11839334922436183,-1.8571095591060078,-1.8848302569341107,2.796243847667331
-0.00750851649080984,-0.005615586126869634,0.007179050835430305,-0.004079271917452879,-0.11988068044216808,-1.843691881133519,-1.8965223678874104,2.7803924160498954
-0.007479975110493309,-0.00561390801970938,0.007135652551183273,-0.004099253543161595,-0.11581457233789673,-1.8614496851123385,-1.8592445376763853,2.7910565744049567
-0.007427256923336305,-0.005631774900124548,0.007073626831760891,-0.004165410787958648,-0.10919211703209716,-1.9039641810462087,-1.8054102181679728,2.8344336321054198
-0.007438279863376655,-0.005622257986972443,0.007081636963599001,-0.004143167724817191,-0.11043844224791433,-1.8919110239974521,-1.8127046423582567,2.8183254967082116
-0.007451467495521607,-0.005613189131295826,0.007093106391550997,-0.004119944875983988,-0.11187705958321935,-1.878787570639586,-1.8228921987166753,2.8019041762663757
-0.007464952863970874,-0.005604467971819291,0.007105173422976156,-0.004096946500526933,-0.11331876653126836,-1.8656224447956673,-1.8335277715812641,2.7857097661449814
-0.008365562078288624,-0.005274683853955188,0.007875406518180778,-0.002723972399286278,-0.10618400390907427,-0.9712783694769359,-2.42170315080013,1.7945836725728423
-0.008368532071245322,-0.005258889224510287,0.007859618553309586,-0.0027045297548546625,-0.1055132403597956,-0.9640151973213317,-2.4112337132064394,1.7790150162461467
-0.008350725434314416,-0.005279841802758871,0.007866800561903694,-0.0027487271259526505,-0.1070910024869672,-0.9871242778969394,-2.416470705894015,1.81238243211733
-0.008353618536819785,-0.005263987822672023,0.007850938269550146,-0.0027291697402172578,-0.10775570378212483,-0.9797302099929232,-2.4060320968826336,1.796626343247271
-0.00833590506071094,-0.005285046338188198,0.007858114349624698,-0.0027734621890068522,-0.10734733854501273,-1.0029199777563302,-2.41115102357421,1.830281981263676
-0.008338705276481001,-0.005269179793511696,0.007842215283430763,-0.002753844442880205,-0.11024143869875723,-0.9954691409440842,-2.4007607771942028,1.8142937646553634
-0.008321101100260936,-0.005290297410190856,0.007849359832624948,-0.002798143584658601,-0.1087582644102983,-1.0186544739274737,-2.4057934944640103,1.8481529487676955
-0.00832382318781796,-0.005274466857105361,0.007833480737443013,-0.0027785206844917094,-0.11256049454578974,-1.0112140363187632,-2.3954242516442226,1.832031361273357
-0.008306313695911128,-0.005295594968187607,0.007840539136090815,-0.002822765616273913,-0.11176278970681441,-1.0343635900189454,-2.400398431932986,1.865911473116024
-0.008308980276233153,-0.005279804474589581,0.007824694509090459,-0.0028031481134928823,-0.11438728595579506,-1.0269364539156018,-2.390000769191761,1.84979853766344
-0.008291542990765968,-0.00530093896106902,0.007831642665346396,-0.0028473553273982897,-0.11494039253591286,-1.050084886774721,-2.394924779875145,1.8835962409526592
-0.008294156449921384,-0.0052851501095580065,0.007815791670220772,-0.0028277088598869338,-0.11589112032786937,-1.0426232858564337,-2.384462671428038,1.8675400943276246
-0.008276789128081429,-0.005306329337192306,0.007822662190904396,-0.002871935481926382,-0.11714414400379881,-1.0658187556101408,-2.3893339649335763,1.9012966386835586
-0.00827933469358274,-0.005290505598088334,0.007806757657924599,-0.002852221999243162,-0.11745976154467552,-1.0582815219317177,-2.3788098530129056,1.885241667411614
-0.008262052251258777,-0.005311766044378193,0.007813597886953612,-0.002896505406545262,-0.11850083236733061,-1.0815395732548265,-2.383615981967005,1.919060259103504
-0.00826451833280462,-0.005295900062429076,0.007797626760659228,-0.0028767104177246094,-0.11921990767553937,-1.0739246265180171,-2.3730645024270483,1.9029262117091845
-0.008247332503838377,-0.005317249029907897,0.007804453670312058,-0.002921054223221385,-0.11951253898216503,-1.0972250499671432,-2.377782249929027,1.9368861694698645
-0.00824972118102661,-0.005301354471102093,0.007788434895802048,-0.0029011789582982354,-0.12106425837891895,-1.089559251390688,-2.367243848840783,1.9206156126214353
-0.008232630029493522,-0.005322778240520136,0.007795232546257756,-0.0029455736864192257,-0.1205106640392914,-1.1128678492649187,-2.3718494991309527,1.9547553543058607
-0.008234954975585402,-0.005306873318856632,0.007779198670428036,-0.0029256194463100215,-0.1228700010768571,-1.1051823217643932,-2.361351712017146,1.9383158591985215
-0.008217944972024238,-0.00532835362240823,0.007785935257260178,-0.0029700617879632094,-0.12151724183890616,-1.1284701856064823,-2.3658336024016338,1.972651102352353
-0.008220222761575404,-0.005312452981945209,0.0077699176488639525,-0.0029500256847210557,-0.1245808638386291,-1.1207888654995504,-2.3553813740867233,1.9560253536450218
-0.00820327747535116,-0.0053339751212172605,0.007776561967122769,-0.0029945182026537925,-0.12240529052470632,-1.1440339137702003,-2.3597531089251302,1.9905548084186997
-0.008205521971584936,-0.005318090971931414,0.007760587102991976,-0.0029743989273432457,-0.12621269633143492,-1.1363768291734342,-2.3493219326233015,1.9737461736629596
-0.008188627683509354,-0.005339642682041291,0.0077671157231876675,-0.003018935204053209,-0.12354116631969604,-1.1595624632236494,-2.35362497739933,2.0084235492361566
-0.008190855768415151,-0.005323785212800105,0.0077512087395261225,-0.0029987341912777877,-0.12773943699143728,-1.151939022631092,-2.3431684768097534,1.9914814521937696
-0.008115649345237109,-0.005368669455772494,0.007718752880457533,-0.0031405262813766727,-0.13164865938025563,-1.2372781932143158,-2.3214743470355037,2.0971848970557887
-0.008101108812757923,-0.005374612204472542,0.007708837307424843,-0.0031647876800582086,-0.13118972212184535,-1.252757456241019,-2.3146779003880704,2.115099243125161
-0.008103159240742308,-0.005358627868936482,0.007692959179137496,-0.0031439066871359164,-0.1346911184611329,-1.244646485959571,-2.304102218603607,2.0975695448782363
-0.008088588092650843,-0.0053646545776300575,0.007683026629277182,-0.0031680801386101214,-0.13589329352497925,-1.260064069907701,-2.2972711391582865,2.1153055689245224
-0.00807598753080812,-0.00535444172991027,0.007657503779920277,-0.003171302939713389,-0.131890318023852,-1.2717192707471787,-2.2751638518489643,2.1203528349706406
-0.00801931605060551,-0.005361587883356414,0.00759943750078594,-0.003244766410792282,-0.1332551551489388,-1.3271148101977503,-2.231604657529522,2.1745733064974537
-0.008034233786081346,-0.005355688575063498,0.007610512433581562,-0.00322093051856723,-0.1325299961606634,-1.3117762378495461,-2.2395754410937134,2.157183074798841
-0.008048916193510303,-0.005349954292851356,0.007621345190969949,-0.003197479349034912,-0.1317915352348967,-1.2966659085524095,-2.247323760319715,2.1400800910641693
-0.008063399977354673,-0.005344065668831687,0.007631634235938636,-0.003174007718930823,-0.13095083363480298,-1.2816815334129334,-2.2545924631860133,2.1229757704640515
-0.007731734844521319,-0.005512352463735889,0.007393964396266141,-0.0037371165263497623,-0.1367740165100627,-1.628511105213681,-2.0768792042247255,2.535258707953538
-0.007745846379569929,-0.005505406167716907,0.007405950583964579,-0.0037141381164777043,-0.1372903335238375,-1.6141340289185913,-2.0865253678797866,2.5184362032189624
-0.007773863905422188,-0.00549155625795527,0.007429258647128252,-0.0036682084839461996,-0.13793866447119305,-1.5854385494192818,-2.105097523502444,2.484783261218194
-0.0077598878829923884,-0.00549850640787163,0.0074177455527438116,-0.0036912123954802906,-0.13768199762141256,-1.5997870987129295,-2.0959597599854543,2.5016419294742778
-0.007859803882086042,-0.005433875204424807,0.007481235352797961,-0.003506227779352462,-0.13751504415764118,-1.4915576682714873,-2.1442176063713387,2.365451902367545
-0.007845474324696627,-0.005440428235483082,0.007469799230358897,-0.003529373358015623,-0.13749461829645956,-1.5061651660298014,-2.1354303581424454,2.3823611024469913
-0.007831022611601011,-0.0054468571744327844,0.007457932284506284,-0.003552408394847314,-0.1373931522976171,-1.5207916753188206,-2.1262364520059296,2.3991720608787244
-0.007816583062268604,-0.005453513164634299,0.0074461707898265395,-0.0035756439721579456,-0.13725642261389293,-1.5354339464557694,-2.117090047533693,2.4161212926889237
-0.007802274629877506,-0.005460483218435095,0.007434756663272695,-0.003599079450372054,-0.13709728674926225,-1.5500290041212779,-2.1081929078939754,2.4332200696549937
-0.007788210674550506,-0.005467716938863813,0.007423785400572174,-0.003622546845029903,-0.1369106263037525,-1.564475603297365,-2.0996224822969918,2.4503539911881513
-0.007774423061288561,-0.0054750267962011085,0.007413109671520799,-0.003645778433533364,-0.13667641555091214,-1.5786894679632744,-2.0912509582694216,2.4673249600957203
-0.008004349268506645,-0.00536793940892701,0.007588644094366771,-0.0032691182964180413,-0.13395376307752263,-1.3425638160469582,-2.2238457126478752,2.1923222235692617
-0.007989665836774715,-0.005374742662383083,0.007578521376906957,-0.003293624097310902,-0.13464051383663267,-1.3578336822710442,-2.2166006596485714,2.2101791645819575
-0.007975251607839467,-0.005381476097432665,0.007568493850380464,-0.0033176887788225902,-0.1352410649897481,-1.3728247919282062,-2.209378179345585,2.2277318498408296
-0.007874036411643113,-0.0054269157719626536,0.00749197632582587,-0.0034825966071111224,-0.13742061665803826,-1.4768764748147536,-2.15236811222868,2.348181180181473
-0.007960830680182248,-0.005387888240376476,0.007557964937312131,-0.003341312904306838,-0.13574302400323338,-1.3877258123290346,-2.201688674550525,2.2449844524515608
-0.007946381415594084,-0.005394251160794707,0.007547202712887584,-0.003364842907812331,-0.13617475695915982,-1.4026105019767752,-2.1937659325878456,2.2621704131267157
-0.0079320646696913,-0.00540071421201204,0.007536564075852036,-0.0033882837457457037,-0.13655051738728854,-1.4173706306741103,-2.1859014741173404,2.2792900511528997
-0.007917750148455064,-0.005406990452421633,0.007525585812354087,-0.003411423188346322,-0.13682850359537055,-1.432049386894363,-2.1777057956056614,2.2961967469839526
-0.007903163394082738,-0.005413178535658039,0.007514033419815175,-0.003434669812202771,-0.1370405628540681,-1.4469099345536718,-2.168997430206657,2.3131791171167033
-0.007888467226180973,-0.005419827279703641,0.007502682690354334,-0.00345853132252262,-0.13723887921908015,-1.4619594947419932,-2.160433805919442,2.330601887336304
-0.007718436863754005,-0.005502354306675178,0.0073659354527767775,-0.003736277000082632,-0.1348769204672935,-1.6351101127563545,-2.0535140238600427,2.533180665443387
-0.007704070898743577,-0.005509347264801972,0.007353448143913146,-0.0037592714687135673,-0.13423547775563513,-1.6494482514323394,-2.0433845795305827,2.5498580798758326
-0.008401224935468804,-0.005232819519310446,0.007861173349276688,-0.002636276048581233,-0.09672893159710318,-0.93057307294242,-2.4070534879532652,1.7339540484246123
-0.008386398652257534,-0.005237853787981618,0.007852844025000062,-0.0026607182303867564,-0.09907202415240655,-0.9461407525280805,-2.4020757534063493,1.7513659231455303
-0.00837151944895518,-0.005242798343631651,0.007844216770374434,-0.002685091682109961,-0.10130184831126891,-0.9617696204016676,-2.3968345420216526,1.7687908137483177
-0.005496423792277443,0.0071551467318054065,0.0041401705628733845,0.00657488530728685,0.3546545144635744,-2.3055369298349135,-0.7332405979055014,3.1885267730158287
-0.005467030998588518,0.007186896574570157,0.004081641700933887,0.006599565136124763,0.35842794454744314,-2.2850650368613543,-0.769332583838798,3.1602251407961783
-0.0054444718123723606,0.007218807178108597,0.00403225439745815,0.006628388970144406,0.363113481834252,-2.269463750328615,-0.8037502264782426,3.140808414531396
-0.0054035703083593145,0.007272976416614362,0.003944081283641358,0.0066738642100297755,0.3699567179733354,-2.239255845444615,-0.8613706950333766,3.1019037751267278
-0.00540654324347845,0.007229425783291534,0.003974023806949458,0.0066166583849987136,0.3596458544474502,-2.239801068610818,-0.8189025132453293,3.0913611133006675
-0.005321000907042761,0.007385347038703036,0.003761738924581638,0.006763151095787379,0.38170982232820266,-2.172273070825906,-0.9750566561569477,3.0159589420731354
-0.005305274382071673,0.007427528107290839,0.0037122554743615403,0.006806161903794366,0.38831615434546024,-2.157171907712971,-1.0161605119886465,3.0021739213789185
-0.005365255590427645,0.0072841394270652445,0.0038855497324474645,0.00666154844864335,0.3658811005237993,-2.2091670906650145,-0.8750596246527194,3.0518028743336054
-0.005342031718453095,0.0073171849118840475,0.0038340213072004807,0.006688868991981644,0.3695140279559244,-2.190997738432468,-0.9081100900516476,3.028911436293327
-0.005304316224518272,0.0073450275086019284,0.0037665747038273718,0.006698086019881173,0.36876606647843424,-2.1613879612105458,-0.935564929592185,2.984582664753742
-0.005260776375104805,0.0074400629146783945,0.0036462445871361603,0.0067881289564145466,0.38152637238719406,-2.1217799052213073,-1.0258836060049068,2.9431529050459253
-0.004892125688647275,0.007797163221205161,0.002938685771675252,0.006911952153359915,0.35594509934946167,-1.7946768313607733,-1.2767714892096433,2.4827366528689407
-0.005220518712398248,0.007461559382146459,0.003580204021382476,0.006784501158041145,0.3773237680330123,-2.0892691591542203,-1.043327630303456,2.892224275990225
-0.005180156096685098,0.007488250890379241,0.0035109940775488423,0.006786747683697434,0.37420750357155447,-2.056306884712887,-1.0644890135467928,2.842387047318372
-0.005138340781796436,0.007518035088833919,0.0034383711078722627,0.006790992618650747,0.37063205392686854,-2.022001879654358,-1.0869457632024846,2.791255740615149
-0.005096659123021083,0.007547553568146836,0.003366718575538679,0.006794278314594852,0.3667927357712631,-1.9880896342019245,-1.1077265992471739,2.740816351513605
-0.004922692918283865,0.007739180083349798,0.003019604757143681,0.006874674888154267,0.35611584065713564,-1.8302514333043034,-1.2371770010008525,2.525474476408436
-0.004961609367698634,0.007687674358530028,0.003103829108308201,0.006849332137304337,0.3583666534374194,-1.8683107227754177,-1.2034747313401264,2.5752509950557823
-0.005045260545687826,0.007582255886643856,0.0032805115098316273,0.006795384390292493,0.36164611799275775,-1.946625154888691,-1.1297326720664882,2.6787010763774535
-0.005001119925348013,0.007634990770983956,0.003189559415393469,0.006821456633636663,0.35974166481335096,-1.9062433748459144,-1.1671509946479715,2.6246871651521135
-0.0074225627183800574,0.005631907988915026,0.0070667669373621015,0.004169041170049637,-0.10850814256449495,-1.9068469493597848,1.7994703983501512,2.8363870382835334
-0.007432700846132128,0.0056184254564674895,0.00707003607476625,0.004141626354833574,-0.10947119462013276,-1.8930609909569716,1.8029063227825495,2.8156667656538876
-0.0074350719400520055,0.005598291083896939,0.007056007492495449,0.004110279914720607,-0.10900665330910152,-1.8801535882016502,1.7919148115406707,2.78982407753024
-0.008048195605325844,0.005349950022785801,0.0076205049720338815,0.0031982993317736116,-0.1318263496805376,-1.2973422049867815,2.2466810472127072,2.140663736753703
-0.008033629492473347,0.005356354929725102,0.007610533769256275,0.0032223958503035557,-0.13266165232564264,-1.312478215218427,2.2396588147406615,2.1582035233479897
-0.007975347265439551,0.005381545039179966,0.007568681099722987,0.0033176666607406496,-0.13527104656946484,-1.3727560228317086,2.2095399481417375,2.2276968312566514
-0.00796056013784229,0.005387608811676565,0.007557336902054976,0.0033412712537782903,-0.1357319362761279,-1.3878966608584173,2.2011832358030685,2.24493520704423
-0.007945988214102286,0.0053941652902045325,0.007546631972011996,0.0033651656345706237,-0.13618646223044048,-1.4029318476587729,2.1933209977207118,2.262373705135184
-0.007931723602002514,0.00540088109943452,0.007536324418351095,0.0033888559033295467,-0.13658863521644335,-1.417709615703239,2.1857368936871553,2.2796724342426367
-0.007990018645087455,0.005375520036571913,0.007579780258349027,0.0032941614299426838,-0.13476327478813543,-1.3576926589883014,2.2176608511983926,2.2105284033299974
-0.008004512580501976,0.005369173859478476,0.007590174132996424,0.003270400754075991,-0.1341336092855875,-1.3426902924803266,2.225155201416715,2.193191209403922
-0.008019030924779316,0.005362743601180858,0.007600358558572477,0.003246449775610089,-0.13342465660243744,-1.3276271507422104,2.232432879725062,2.175731612228485
-0.007976876126576266,0.005365364853594321,0.007553165379912063,0.0032965757811119615,-0.13293104811399872,-1.367485652912429,2.1958856069130204,2.212992632335993
-0.007918378969137213,0.005390885093763064,0.007509330514660161,0.0033908888093705444,-0.1346037166126615,-1.4270714724928057,2.163463124929395,2.28154870841081
-0.007903829196663359,0.005396475733744889,0.007497266943999965,0.0034132308529186933,-0.1347456921357412,-1.4415966862044465,2.1543055062654086,2.2978050474353613
-0.007874700184564005,0.00541060530086512,0.007475755557592484,0.0034613798549246997,-0.1352121171421002,-1.471386703188114,2.138133721361783,2.3327668158556736
-0.007888686478236127,0.0054027291088620194,0.007485019167268969,0.0034369328197637297,-0.13490165117123662,-1.4567778036334775,2.1450017915360156,2.3150238017268876
-0.007861660295257733,0.005403128728925765,0.007451641367075821,0.0034654773629706806,-0.13372340720090298,-1.4803422265576565,2.1184165383770677,2.3356344812223235
-0.007818429571925883,0.005417874193652199,0.007412025317144,0.0035279588079480738,-0.13312533551380978,-1.5217548190120789,2.087434627579779,2.3806257373920463
-0.007848305588514425,0.005406694758900477,0.0074385104287204296,0.0034836270314487494,-0.13346321417906248,-1.4928854235027484,2.1081180806644713,2.3487086823028602
-0.00783332822047888,0.005411643196100606,0.007424633858761963,0.0035050693466866932,-0.13326301927068987,-1.507172821901946,2.0972577008734636,2.364139045528857
-0.007803425381522073,0.005425057365073962,0.007400098007489341,0.0035520837871448083,-0.13300948261465592,-1.5367031475253174,2.0781603825549664,2.3980237390261596
-0.0077884177243319475,0.005433468517763663,0.00738924726611552,0.0035777198980356806,-0.133005941797702,-1.5520471183386952,2.0697623836142305,2.4165471475003293
-0.007777360271713651,0.005443006613620021,0.007384503720954058,0.003600917980453747,-0.13322855723323176,-1.5645648375736865,2.0663033211753823,2.4334642147337426
-0.007762644214590238,0.005446166086232592,0.007368469800544168,0.003619315624889531,-0.13260161132125445,-1.5776734674555917,2.0533856710452905,2.446508902793355
-0.007747123628672002,0.005451779769054467,0.007353709450901876,0.0036415766317799123,-0.13199711713525772,-1.592248574765895,2.041547728089437,2.462391539619029
-0.0076911889606400595,0.005482161772300676,0.007309189113760922,0.003734421621020629,-0.13040549291409567,-1.6482424038957493,2.0058389287979908,2.529200777734152
-0.007706045230514944,0.005478873520958901,0.007325936728163174,0.003716273738643093,-0.13130651464053483,-1.6353974819142931,2.019568363672399,2.5165364809240516
-0.007716803536936506,0.005468903052019399,0.0073305078502623735,0.0036929065216728366,-0.13130670842643874,-1.622937378528048,2.0230728977450525,2.4993917029196697
-0.007731557168436153,0.005459495431515565,0.0073408196609701095,0.0036665394016482567,-0.1315697649622598,-1.6075975092036263,2.031253916874414,2.4803187251286336
-0.007674963642621594,0.005488006155912473,0.007292961379761999,0.003757135566115351,-0.12940507939686863,-1.6630774001404494,1.9925429986580594,2.545217826134319
-0.0074525580749097075,0.005576195403210327,0.007062260029027336,0.004065138904669999,-0.11041549725002163,-1.8574601302556657,1.798161402957014,2.756271208589455
-0.007437636735886791,0.005582644948625419,0.00704621023027008,0.004085575314307072,-0.10861807511177031,-1.869827780197579,1.7843115368933637,2.7697588109250595
-0.0076572576053144095,0.005496109673641364,0.007276734683291283,0.003784106817776789,-0.12846433022328904,-1.6799013093303812,1.9792155692057456,2.564377752601707
-0.007636864825812952,0.0054963597277453285,0.007249121314632206,0.003802542567653356,-0.1265557359208024,-1.6950145461124457,1.9562941021704054,2.5763471903348645
-0.0076194594309928355,0.005500825228230129,0.0072294857913415165,0.0038238616174499263,-0.1251541869512045,-1.7096085838594026,1.9399769935903441,2.590892717106406
-0.0076041229830482735,0.005507885546132595,0.007214989009907326,0.0038468050434272067,-0.12405454876430881,-1.7237709679937636,1.9279114909896176,2.6069544450362216
-0.007475792281925517,0.005573728487352732,0.007093677185658955,0.004043984856783104,-0.11319039147929869,-1.842069538957338,1.8248040075238434,2.743982223111292
-0.007516440058737245,0.005557301548403665,0.007137323757467301,0.003988665869651413,-0.11745956003117987,-1.807617994654158,1.8621650246882944,2.706793238733694
-0.007497789509258683,0.005562592577381226,0.007115411773266157,0.004010943675318066,-0.11554512913119104,-1.8223334108159943,1.8435240053972926,2.7213387855879136
-0.007540939843344286,0.005541913222975317,0.0071581505830430785,0.003947098190880508,-0.1194567203585787,-1.783639794092153,1.8800165180808162,2.6774369615543905
-0.007525101425479785,0.005543416590075246,0.00713709927564915,0.003962000613501154,-0.11776573299955662,-1.7948088067763304,1.8623036155066444,2.6866380018825855
-0.007590061310222825,0.005515733018207552,0.0072028440243389795,0.0038696465754068793,-0.12324545512631692,-1.737345186516064,1.9177589037035379,2.623119622406598
-0.007578393574110726,0.005524055203297751,0.007194335927577092,0.0038910718768345514,-0.12247363826910387,-1.7494178001194096,1.910601817267716,2.638476709281565
-0.007563513625274657,0.005524336539633221,0.00717379677938568,0.0039038587367794544,-0.12089580208871605,-1.759757697808461,1.893371713417123,2.646364580464701
-0.007548096775507555,0.005527694059801344,0.007155263772988693,0.003921237165744911,-0.11930122755602604,-1.7717477427358403,1.8778185996906616,2.657731260952035
-0.007315682365752416,0.005695253258901894,0.006958722338990155,0.004338505857476073,-0.09383397897562519,-2.0039414600350303,1.7023337733481725,2.9517920497396957
-0.00730418537744222,0.005706621392680619,0.006950294908560228,0.004363416005128048,-0.0920256907867982,-2.0169938394235016,1.6940615232239882,2.969856135698499
-0.007274698250770389,0.005719444287896184,0.0069149623067260016,0.004401785031621266,-0.087267664386613,-2.039527419842847,1.6623356275973744,2.993655202171715
-0.007289242476929678,0.0057115673919905,0.006931201780416524,0.004380524992185851,-0.08972074985764487,-2.027473560765483,1.67711424973832,2.9799181781813675
-0.0074066750542043785,0.00563704712124223,0.007047559367046664,0.004188194764911773,-0.10642109119402664,-1.9191000045012407,1.7827339053661289,2.848580912350404
-0.007386289777138985,0.00563724450830921,0.0070173055851861016,0.004202957530809713,-0.1035548622206877,-1.9306774146190697,1.7568547213939796,2.855679548957823
-0.007368643066724083,0.005643233787586147,0.0069959617226849026,0.004224178829511143,-0.10113787267929646,-1.9439225278078702,1.7382035788820305,2.868913224414143
-0.007312911207496802,0.005675405960010328,0.006938315292217952,0.004309950050232005,-0.09323851695543407,-1.992609727725515,1.68639248642821,2.9260674586311897
-0.007334234043907164,0.005665327219133415,0.00696246659440939,0.004280700920491515,-0.09634980718053357,-1.975582341031902,1.7079219466549866,2.9073986666567984
-0.007352473818144672,0.0056515276413411685,0.006978603229749734,0.004247663452741682,-0.09888686924757227,-1.9575869024746344,1.7227729915388241,2.8844058703471833
-0.007260129172494987,0.005729104746339509,0.006899949812703212,0.004425711977655496,-0.08491176179710623,-2.0526599486568373,1.6483854296034657,3.0096643604419264
-0.0072489389463821306,0.005739497420455531,0.006890629376082094,0.004448676294724561,-0.08285499852139373,-2.064677282712755,1.6392178809638842,3.0259572982383838
-0.007231718809637371,0.005743736263746552,0.0068669264025018805,0.004465457268901389,-0.0800381899881042,-2.075063207116143,1.6182123264686774,3.034547993717453
-0.00712380287643828,0.005777206468604604,0.00672132903774196,0.0045765193610157184,-0.06094016441558701,-2.138803267745763,1.4887365647364235,3.090338270124381
-0.007140315451996046,0.005769045546769412,0.0067416940979206285,0.004555261691817871,-0.06416064397178046,-2.1275652326329237,1.5073074357469045,3.0784042407255825
-0.007183231040206741,0.005761674578561271,0.006804169792945209,0.004520992576553039,-0.07155225850873775,-2.107002111524562,1.5619643611124394,3.065320758115767
-0.007161198581260627,0.00576513751033596,0.006771897005323545,0.004538253540513644,-0.06776213651690732,-2.117541472401305,1.5337359247549467,3.0718281279461075
-0.00721011721190906,0.005743110251168508,0.006832557745442477,0.00447686610410003,-0.07643369767371382,-2.083563188050799,1.5887097818916358,3.0365779118670555
-0.007189306507731004,0.005744645945583775,0.006801072725652157,0.0044908696671869105,-0.0729741986258302,-2.092786383507623,1.5614464628014435,3.0409737082763395
-0.0070644657049806206,0.005801165689104451,0.00664333462895244,0.004642803616806913,-0.04966894676999784,-2.1735775664879937,1.418589197719937,3.123337769041914
-0.007107708626313576,0.005767517366186556,0.006689102821091047,0.004569110086170608,-0.05852984411331501,-2.136930864675676,1.462720590160723,3.077049149704004
-0.007076437712129329,0.0057844297876140024,0.0066511752696784944,0.004610701933655524,-0.05258951216961532,-2.1581746305227587,1.4279660023023186,3.10028430516546
-0.007091728549599777,0.0057716725779680626,0.0066667343818370564,0.004583344026968823,-0.05578813750993273,-2.1446677321939824,1.4431168017690652,3.0828123421999645
-0.007043515199691219,0.005803550388559589,0.006611480647037993,0.004655903075935225,-0.0460449465727088,-2.180649580283631,1.3912476400342737,3.1254214526300212
-0.007020648115063641,0.005839754865826965,0.006598207767631187,0.004723776001714767,-0.03988007559929375,-2.2129309429195043,1.37359420706498,3.1750840289812525
-0.007021939231806224,0.005812564152823858,0.006582861259183544,0.004679529700320448,-0.04186830446650192,-2.1923115057794518,1.3656289826467267,3.1362987977203716
-0.006999653712293948,0.005848715181186925,0.006569932203134221,0.0047468056662061915,-0.03578982264215299,-2.2241452492293026,1.3480229967620423,3.1854659583697997
-0.0069845084346720505,0.00585946585749389,0.00655206627847488,0.004770188601244021,-0.03216407861249338,-2.2352343770196264,1.330900813884658,3.19883244707284
-0.006966488851756051,0.005862695655022468,0.006524782939562601,0.004782260998323213,-0.028956974987994637,-2.2409390145899653,1.3073066760597374,3.200586232402354
-0.006944958891358404,0.005871319401270156,0.006494985096228434,0.004804119175404,-0.024491002439397277,-2.2509501846145525,1.280650810698341,3.2090397478622257
-0.005785735492479825,0.006892835735506884,0.004686054251484635,0.0063630670439602825,0.3117663051981124,-2.4791884532293498,-0.37975851123284304,3.44412209095031
-0.00580164450424608,0.006859326484136296,0.004721852273845465,0.0063193948891788745,0.3027076839805092,-2.4792459234202817,-0.3413658854440768,3.4392025588721498
-0.005819652390818701,0.006827441167206624,0.004759724010736994,0.006278939987228821,0.2941891644326849,-2.4807995268146112,-0.30316932152112724,3.437443882817423
-0.0058429031900592305,0.0067989672344720645,0.004804272116564825,0.006245935885924641,0.2867550353212354,-2.4869989013301566,-0.26509268310459216,3.445045528386965
-0.005788123317850835,0.006829619061440102,0.004709962656077726,0.006266125463381847,0.29318406677516623,-2.4570554342761817,-0.3233166044087925,3.39488560419795
-0.005865889537176264,0.0067394979553505275,0.0048553581494024745,0.006163313803281704,0.27034658604629574,-2.478140251669505,-0.20208804361815166,3.422279917901323
-0.005833392387499951,0.00676106260920235,0.004799237470507492,0.006181930333260226,0.2754327186484251,-2.4634347908955747,-0.23996806711237437,3.3978790973422686
-0.005747202863898716,0.006897803726490487,0.004624707078502321,0.006349443015381806,0.310382267424192,-2.4498325263705776,-0.4044556503454944,3.3921223330839037
-0.005708018741352974,0.006910087277173549,0.004560576141383871,0.00634638990538558,0.310665044329647,-2.422580908685085,-0.4343365965190951,3.345508873524149
-0.005682165760156349,0.0069289382296588795,0.004514612293700061,0.006360287622435998,0.3137980066701168,-2.407887056817225,-0.46266055706117504,3.322541792037901
-0.005594075364964622,0.006983444541554063,0.004362448007193418,0.006389943481823884,0.32042896289102285,-2.3527643570276644,-0.5460689213355577,3.234943701834522
-0.005626628343002393,0.006955850693735669,0.004421520862364116,0.006368494098103388,0.31630771664501783,-2.371464945057111,-0.5094436401442709,3.2627634921787645
-0.0056535913788594285,0.006930099305159242,0.00447148782250709,0.006345855329846739,0.31172222157210977,-2.385581962929137,-0.4757916421990183,3.2830988222350066
-0.005520343173350823,0.007081700289456742,0.004211570328277893,0.006486364621535051,0.33842000958656643,-2.3142664646370754,-0.6581217730292178,3.1871370186005206
-0.005485232010069063,0.0071079447398927085,0.004148915673976455,0.006501048311966886,0.34055428443872904,-2.290419561289329,-0.6908831755416656,3.1510602586666407
-0.005553845070473949,0.007008735579776142,0.0042933166391903935,0.006402660245546747,0.3232073143781568,-2.3268806154262474,-0.5820263920485035,3.1944078630468193
-0.005512995230947456,0.00703112809317788,0.004224997790874232,0.006410015165383371,0.3242336571803497,-2.2994847730028294,-0.6140944217994592,3.150999647907426
-0.006922320980180004,0.0058800757247713074,0.006463302082188525,0.004826231192228161,-0.019870047832493482,-2.2607759730273442,1.252431176748554,3.216873205127713
-0.006078978763198739,0.006539691615651294,0.00522712454128814,0.005925786161879811,0.21337204275794733,-2.519152666845722,0.10566541634713143,3.4884278489969334
-0.0061072903749663935,0.006525600607495763,0.005274313066858916,0.005911560497412483,0.20827840942944092,-2.5282099275037377,0.14007533720861787,3.506119760279858
-0.006153566030225461,0.006495925160526724,0.005351624132383263,0.005876084608509511,0.19801158681950481,-2.5374868574461664,0.20144568753700276,3.5255468897014377
-0.006131078313103377,0.00650768423073655,0.005314146246469528,0.0058891299167514325,0.20244431287038522,-2.5315211660814243,0.1729812167221065,3.5132231002231222
-0.006173474574162972,0.006477710011674304,0.0053847746541523306,0.005851238573633525,0.19210377770168938,-2.5372428609594517,0.231376011480005,3.52626545441623
-0.006366341442249371,0.006337328426501936,0.005698452053878726,0.005653226352991349,0.14046500607781762,-2.536176522277369,0.5054791514212429,3.547979846852935
-0.006214372111025783,0.0064572006983746036,0.00545273603321328,0.005827397274374511,0.1840035647276011,-2.5469114937220354,0.28390814130811726,3.547682654693349
-0.00623000439566613,0.0064462672597315794,0.0054785670174641995,0.00581275787096438,0.18012042588724392,-2.5480465544456643,0.30589445826024664,3.5512474396195253
-0.0061898436456602314,0.006454313264183169,0.005411637710504999,0.00581651945395474,0.18475376158796422,-2.5309669845740808,0.260362001186816,3.515734605174341
-0.006256254280073937,0.006417208672272471,0.005521042869912108,0.005769660613470648,0.17058363556561654,-2.5416861874917447,0.34803201909868203,3.542214029658862
-0.006234880930460094,0.006427363096615808,0.005485778327395136,0.00578209966213693,0.17448291674962316,-2.537447126137269,0.3204801151504549,3.5320048355408806
-0.006257832359264094,0.006393494553576584,0.005521885596757357,0.005730170990920295,0.16427744242011025,-2.5257305252905815,0.36089043664269954,3.5128488429866764
-0.0063374090420604545,0.006342662705034524,0.005650146290986668,0.005658275686571836,0.1446272496821768,-2.527281283373506,0.47017153131971984,3.52677266047245
-0.006276009198147157,0.006378810065375812,0.005551034756189322,0.0057090354200465,0.1593123290056653,-2.5244538000373073,0.386995133299557,3.5127178582783194
-0.006312299272017197,0.006352619058362749,0.005609108206156628,0.005671256839462773,0.149471363006458,-2.5229931368518304,0.4379057473212686,3.5150483753999135
-0.006289603678192911,0.006360031727204946,0.005571877906847236,0.005679982008320542,0.15319489907668968,-2.51758098694511,0.40984480315386146,3.5018710430087134
-0.006404175001218511,0.006301479217835426,0.005756665805966474,0.005596541367669716,0.12781028789216717,-2.5246569615304826,0.5627607364989653,3.5337985278069306
-0.0063708945970247875,0.006304367573836395,0.005700760133795526,0.005597902533645438,0.13226773399020006,-2.5131809633439075,0.5226241545720169,3.5065250261981133
-0.0058680015543082385,0.006698827389278953,0.004867627296239366,0.006100440989332212,0.25877276778044017,-2.4609508649047993,-0.16916638406354842,3.387200342435389
-0.005898711470620294,0.006668144680460759,0.004921830829637798,0.006065362896126153,0.25076305527071874,-2.468157375549998,-0.12556287135606434,3.397917599880284
-0.006045914692808435,0.006587052447271037,0.0051693965313798764,0.0059920997723366945,0.22751522702571572,-2.5259781497964258,0.04617028954298243,3.5014482975729506
-0.006055266340289403,0.0065555245610136965,0.0051873592536661696,0.005943863310789885,0.21820456932959953,-2.5134795253731683,0.07473566899459694,3.477546581292367
-0.006014510177536997,0.0065943420168846955,0.00511757068733308,0.0059927075780764364,0.22999529225391638,-2.509140301605149,0.014771521860138892,3.4698077261159272
-0.005925540022161463,0.006646331907057673,0.004967987542413916,0.006041896993230412,0.2449185088976342,-2.4761699332743636,-0.09050162006920805,3.41109556832459
-0.005954658003642665,0.006624579224539319,0.005017597503823845,0.006018827186415354,0.23885562922256162,-2.485082678957532,-0.05338195438760263,3.4262366927341223
-0.005984730594704389,0.006607712269777032,0.005067984508979723,0.006003287357805359,0.23408708683698512,-2.4965344511257563,-0.018353099128921895,3.4466867695003613
-0.006710585202153771,0.0060186600797266674,0.006184988142821418,0.005108215919766176,0.031441284155076694,-2.3744480945352286,0.9906274552342414,3.3424329558229924
-0.0066913297085256715,0.006041239614769369,0.006162559176171715,0.0051489083075947845,0.03787197241585327,-2.3906595405375826,0.9660382924888731,3.365538802530605
-0.006669953525647569,0.006083530547847954,0.0061440222814618485,0.005222848930743024,0.047850343531045,-2.422251204736073,0.9379959236347905,3.4164040481343894
-0.006650934841188315,0.006117259469409847,0.0061249819656883165,0.0052822063319007476,0.05651610785269081,-2.44697256879971,0.9117095049841518,3.4556599620677204
-0.0066537480829821916,0.006097689417647396,0.006122203211604279,0.005248693271357199,0.05284710065525712,-2.4314109155094936,0.9161445966257794,3.4279313712405752
-0.006630915545107843,0.006125304555844421,0.006093938867141811,0.005297772538572148,0.06096634501338163,-2.45013798356278,0.8845786591092603,3.4550520046837874
-0.006667127783595067,0.006056414877258318,0.006128383612761064,0.00517768012407964,0.04394783446608016,-2.39998433524892,0.9344999156040598,3.374586798447503
-0.006899756203635776,0.0058890539696279205,0.006431721433128325,0.0048482948861105464,-0.015514632303821161,-2.2702943394850017,1.2243635253733316,3.2244658582144514
-0.006883200342909963,0.005902089098965606,0.0064119893810113005,0.0048747815757983915,-0.011156763043021071,-2.2819469689428,1.2051340322795132,3.238930842373699
-0.0068629814043336445,0.005906456292756743,0.006381383308731138,0.0048879948479908395,-0.007462661179555169,-2.2869576409546606,1.1789095041936901,3.239513957935769
-0.006838244767002966,0.005918661130386838,0.006347490969109375,0.004914969222447065,-0.0020348607560439665,-2.2978803543401454,1.1483654851993423,3.249471558654704
-0.006790334979953943,0.005935608157018969,0.006277873860435664,0.004955035821928708,0.007695435799616135,-2.312212547939556,1.0879029928910653,3.257062157931807
-0.00680954275970997,0.005921427106632141,0.006302124924746349,0.004927135116490289,0.002893504485806244,-2.3009809110138426,1.111033627512264,3.243769308766645
-0.006772807521832422,0.005951081507549618,0.006256741893249451,0.004984422375047302,0.012206830729884112,-2.324145729352431,1.0669481686323576,3.272403965814973
-0.006758794385294184,0.005969644700041905,0.006242532706260441,0.005017968207099134,0.01711698749687644,-2.3383550704189373,1.0505315357688998,3.2933573957358293
-0.006736457728023914,0.005981442963254422,0.006211238307381218,0.00504193977998187,0.02201550486786911,-2.3467073364277695,1.0223262739602268,3.3006170129170544
-0.006709554873136747,0.005990259510918562,0.006170938278852642,0.005061488119163606,0.027447786578439326,-2.3519280248103587,0.9881599788213072,3.30086341815673
-0.006609397594211722,0.006134859990891539,0.006060825300492485,0.005315710979969412,0.06598950443448397,-2.4538558947216775,0.8554369932338021,3.4552265506312794
-0.006587900781308818,0.0061442718494272705,0.006027613795765652,0.005333060867766485,0.07088925274624946,-2.456985946837897,0.8264951505087125,3.454590274194398
-0.006566066726970967,0.006157148137194759,0.005994869044481494,0.005355937865078865,0.07641427328227936,-2.4623776133988238,0.7968115904201049,3.4582235988955436
-0.0065365543510466015,0.006163856468288001,0.005947098760220724,0.005368199539933467,0.0817838195779521,-2.4603718921477333,0.7583334256889221,3.4465633483566482
-0.006486727798066454,0.006190947360969479,0.00587099505070874,0.005414074187305884,0.09376889271977212,-2.4676643070909563,0.6918273386198274,3.4474713129299714
-0.006509261632534954,0.006175165249743267,0.005904500001747239,0.005387613946706282,0.0875415222243678,-2.4619186241845203,0.7224519121074907,3.442429473236483
-0.006462617653363086,0.0061827059748492015,0.00582853225539034,0.005399927044359811,0.0952239142113087,-2.454056132078135,0.6644220604055496,3.4173032954830482
-0.00644142061005651,0.0062177185579333286,0.005801731730412068,0.005457711041627957,0.10483885711584962,-2.4738856375223466,0.6310312770020688,3.4486220821316134
-0.006444455933475652,0.00618898070650934,0.005799920082681958,0.005409922843122628,0.09866115011500154,-2.4530654739329383,0.6416065036182412,3.4115767055244457
-0.006412672903824747,0.006260803248198949,0.005762979826794913,0.005528374098384253,0.11768869585868816,-2.4965826131244397,0.585323980640898,3.484024850017238
-0.006409076856094136,0.0062221103485443395,0.005748770850007363,0.005463399420370056,0.10957679586613066,-2.465944779845616,0.5920886538533542,3.4276403558052544
-0.0039071961985501545,0.010908731889454239,-9.730417249930145E-4,0.007019241017712285,-0.09923520623018788,0.6164526839116303,-1.7027417751193565,-0.2771700214979424
-0.0038993485652488065,0.010778898477472392,-8.383986462608008E-4,0.007059304152591507,-0.08254884609201528,0.5181484958404042,-1.7244314056638335,-0.17816740059965028
-0.004005015351204399,0.010179562974052966,-2.073565466123243E-4,0.0072772910797042146,0.008929080975168764,0.05896661635640623,-1.8491685654120424,0.32296794546842106
-0.0037987814676450193,0.010693747905745832,-7.208108048674333E-4,0.0070029950129435045,-0.0744940447616191,0.43283927984688736,-1.673218051987518,-0.11669384220905772
-0.003966509178269127,0.010299141306101338,-3.3829556394394364E-4,0.007230060538772649,-0.012399562807023244,0.1518885749126069,-1.8218384948848636,0.21619388824177907
-0.003909676028185485,0.010431535869719316,-4.746111719807646E-4,0.007159013709739077,-0.034876568391354355,0.2502365539653711,-1.776358732770685,0.09962296239083705
-0.0038404532211701366,0.010547376587192923,-5.826060894959555E-4,0.00707567187009485,-0.053684763531393564,0.329862041739978,-1.7194690919850029,-5.251910653114919E-4
-0.004300994357829576,0.0092474096610511,9.465559000624038E-4,0.007424299811559583,0.1899930884927216,-0.7072371522200928,-1.8772523684982125,1.2047702189583658
-0.0042623380486862695,0.009643841010655053,4.4803779656943545E-4,0.007495478647301316,0.1265526588069447,-0.38209017832636377,-1.9691702906681663,0.8587334980887634
-0.004244907881747464,0.009707211923832849,3.6613028575187116E-4,0.007488779159877857,0.11332788891039063,-0.3283776794939356,-1.9700325990729557,0.7974884854802505
-0.004274512773722694,0.009322885838010237,8.462686596730262E-4,0.007425430325642179,0.17514265208806837,-0.6444238258276394,-1.8860157906583808,1.1315697937601863
-0.004257027532983677,0.009383945687304723,7.668515491115656E-4,0.0074280468958113684,0.16327834382848191,-0.5940714306778968,-1.894185547826524,1.0740479738342514
-0.0042800782078284885,0.009433233792374375,7.133760292225093E-4,0.007464539860963304,0.16156816056647005,-0.5573268931264528,-1.9257883722004103,1.044458492123971
-0.004261796709466264,0.009502362527412198,6.235164529677337E-4,0.007465002675666244,0.1479313075379272,-0.49923543256257524,-1.9329961544581695,0.9786345378294222
-0.004215980502817314,0.009575042494106852,5.240143769341593E-4,0.007437390668327242,0.12899746590204922,-0.4363974780864532,-1.9198890040242318,0.8987574717015175
-0.004195553445427757,0.009751252254896555,3.0501458983219274E-4,0.007447006816570089,0.09875284882874762,-0.29012800606812367,-1.9429212547864243,0.7415758433219031
-0.004142120051710617,0.009818302457612135,2.1786416963375028E-4,0.007403163117519311,0.08043758549003543,-0.23361633037477333,-1.9159367635849243,0.6660583670497568
-0.004088071818539371,0.009905520474858239,1.1007331401635246E-4,0.007358356105829169,0.0594856112892601,-0.16189187782239234,-1.889365525805791,0.5751320346001844
-0.004005184837903675,0.009982057990243829,1.865582700483347E-5,0.007284365311938517,0.0389801825629039,-0.10084227529929314,-1.8392503492903522,0.48785178089042586
-0.003940400450989581,0.010081087192300737,-9.253405834147846E-5,0.007225087434944253,0.01795325574423795,-0.024244446681291363,-1.8012706436715133,0.3905145930760925
-0.004326737070727569,0.009070764326229993,0.0011674023420274857,0.007376198748228612,0.21526471499755023,-0.8453528711273564,-1.8232203912704392,1.3538097858214686
-0.004263501559186597,0.00911463907274022,0.0010885306235624405,0.007336269973855591,0.1968856146594912,-0.8003628101630655,-1.8002665799409443,1.2860093206895027
-0.004292689194458447,0.008988836890901747,0.001246270426733329,0.0073061740578401965,0.21547815027698267,-0.896858138260972,-1.7648108988991809,1.3934639752243534
-0.0042400272945355595,0.009184964410004064,9.973293074257601E-4,0.007343076095836377,0.1845754428094872,-0.7440071275740944,-1.8128594359892054,1.2210334020069114
-0.004351924591597938,0.008878107820279825,0.0014023109966458732,0.007304087211215399,0.23759240364113432,-0.9885368403381211,-1.7495460333761323,1.506292000329813
-0.004275454924075664,0.008908362716687825,0.0013281411008099191,0.007250354518786765,0.21792466997258522,-0.9483429859647702,-1.7169123754390976,1.4389650157493212
-0.0043486397976090115,0.008803329325678157,0.001484259712880683,0.0072595728607006355,0.24161555199714857,-1.0378767327211837,-1.709725038877355,1.55398823100491
-0.004411672996317022,0.008716929502049315,0.0016171615435840417,0.007265640943983254,0.26190673185765395,-1.1131196946703128,-1.7012715240386018,1.6516232989186157
-0.00436589148125576,0.008742854776636761,0.0015608639052836564,0.007239888365360261,0.24953062536377563,-1.0822863993652085,-1.6882927673773924,1.6041386392682404
-0.0044377768070244395,0.00866204850623972,0.0016940274485691615,0.0072547728360786564,0.2707951644479624,-1.1564457595739999,-1.6858592877265293,1.7041108562029168
-0.004488778613973479,0.008602185377291299,0.0017931949479708298,0.007261666594823766,0.2861807014618953,-1.21135702312197,-1.6805370037715746,1.7777386603589787
-0.004512037713445843,0.00827788016562059,0.0021458217872306518,0.007042007967625692,0.29397473368424804,-1.4021731677822316,-1.4870856327756083,1.9663381883169377
-0.0044586102727132235,0.008505377967343866,0.0018757909772747637,0.007167541764162079,0.2808710000507149,-1.2587883544587914,-1.6048715039480346,1.8106611575509868
-0.004442572230200689,0.00835760384673882,0.0020139280147746523,0.00704549964162833,0.2775968570674066,-1.33355011241881,-1.5050154770776354,1.8745741723049587
-0.004415693308770385,0.008432516863549509,0.001919704562471166,0.00707821050337829,0.27113112015853985,-1.2839078587847477,-1.5376756821228994,1.8174222294755071
-0.004559162945928358,0.008185725705919602,0.0022728217783044807,0.007005861477824743,0.3035510586175261,-1.4667485491387147,-1.4466642663856375,2.044529808560011
-0.004613458772370234,0.008120378967689735,0.002380908916937162,0.006994875916724451,0.3141813045340945,-1.5214486011632415,-1.4246140830568403,2.1169521043681563
-0.004681237692986523,0.00806807797592065,0.002490189916624208,0.007004584803517309,0.3279394067870693,-1.5773420923943673,-1.4148185829510003,2.1969573119360315
-0.0047389832544072474,0.008007008855641087,0.0026001983448201396,0.006995991879488982,0.3384690290479954,-1.6323921478482737,-1.392067673618331,2.272206152114556
-0.004740209990201964,0.007935602095000474,0.0026656152680521674,0.006928692695719799,0.3331855240858463,-1.6607834565541921,-1.3376476730734386,2.2949034118878555
-0.0047428350972562,0.0078791300841475,0.0027171474987192144,0.006875790903241865,0.3289278434591607,-1.6821402845176934,-1.2951345070610005,2.3122875074505
-0.004785022994190534,0.00784045454254448,0.0027918714887388662,0.006870798325633844,0.3353006892952723,-1.7182995288537075,-1.2787740414117783,2.362732726744245
-0.004827038785019236,0.007801828992732625,0.0028670161842448824,0.00686478258030346,0.3413693729791614,-1.7545740033626376,-1.2611433947580848,2.413318839914626
0.004535797847321269,0.007596490324203216,-0.0027308560592666925,0.00645038146050439,0.26279259335011046,-1.6525653259866855,1.0371050868837752,2.1801721053844676
0.004474979913532578,0.00748130194685093,-0.0027469609845022194,0.0063003084289627006,0.24391987159240316,-1.645803974155531,0.9521872335210123,2.1459129515182265
0.0044088429094991145,0.007659313576060912,-0.002567624723680229,0.0064276491833008655,0.24586165666586737,-1.5787215018359426,1.0489345026890424,2.0720472338572518
0.004296698632006666,0.008018207722844705,-0.0022016041737973695,0.006664118179380028,0.24200856224115566,-1.421459328420162,1.2352231594904255,1.900278534219556
0.004198122984166972,0.008093148403428417,-0.002062695738290533,0.006653275540350234,0.22511789983731392,-1.3540040096506247,1.2433530972155589,1.8063925610444465
0.004134951715266539,0.008285512241821684,-0.0018553008410998404,0.0067498010419044545,0.21422563206946374,-1.2513404162090034,1.3245829414266892,1.69065951212964
0.004045043497999577,0.008376802399823765,-0.0017151889383326803,0.00674568645713113,0.19656318546000415,-1.1792031160931449,1.3337291845484283,1.5949474749231236
0.004099888378451543,0.008171914574702918,-0.0019249921814751992,0.0066428228494477696,0.20851501908022504,-1.2862031949851953,1.2498221446648374,1.7133955597946404
0.004263566384748479,0.007893797533544002,-0.002270970714605971,0.006538107893220875,0.23237492309243254,-1.4498594220963683,1.1504779945418744,1.913498587125453
0.004292225799289506,0.007784496509047609,-0.0023754703208889367,0.006464041685892046,0.232975372402473,-1.4944101898911522,1.0945520241584283,1.9612287203179657
0.004319138907403711,0.007702830303362797,-0.0024564501003461634,0.006409627248910229,0.23346107574789726,-1.5276046275613913,1.0534266442183846,1.9978864325467722
0.004195390345585375,0.00780162575008286,-0.0022807787064237414,0.006416022851715446,0.21830656319677827,-1.449106779090976,1.0778521357724509,1.8904604027177982
0.003958215942867835,0.008481293494047326,-0.0015694474956455707,0.006748123976478992,0.17892650977825122,-1.1022923238300706,1.3460937459490596,1.495881869547002
0.0038722271443548,0.008591245861857326,-0.0014231637047719219,0.006749376866174145,0.16079687593324446,-1.023153091410286,1.356635377370531,1.3952353708183631
0.003786220236987748,0.008702201355683416,-0.0012800149308731456,0.006745904422189163,0.14284071846626653,-0.9437507481089599,1.362098144378198,1.294188737704946
0.0035851826577089478,0.009434093309050838,-5.374761580058665E-4,0.006865564576893148,0.059892442574365636,-0.4781737047126748,1.4836641217810567,0.7707554699451825
0.003663602483971115,0.009305258993635775,-6.783874958269155E-4,0.006893155151003028,0.081248700467779,-0.5699483673431748,1.4981857770587566,0.8824425920762909
0.00374337938215407,0.008927203795235001,-0.0010588865522629073,0.006819921721607784,0.12276539692633358,-0.8118259215854221,1.4254837693910931,1.1495603609301162
0.0037167248027486876,0.008802126660403765,-0.0011588139677343502,0.006744179481032585,0.12628437662863473,-0.8743129282266138,1.366644394706555,1.2081083018418852
0.0036618587870016085,0.009033591142607744,-9.296311914036675E-4,0.006801891350981872,0.10378377194668631,-0.7337906617313353,1.4184427614277695,1.051469195195341
0.00361514321521853,0.009170621901015016,-7.888910805229354E-4,0.006815571785698792,0.08679255660187103,-0.6454647031479261,1.434384250926277,0.9500884297253858
0.00353311946892061,0.00958688436636207,-3.851620981647121E-4,0.006855661284947307,0.039983714221307476,-0.3749602117105563,1.483410958478471,0.6526172528822545
0.003482712071302442,0.009743709578489664,-2.337056318266923E-4,0.006838425169275761,0.019964667143495988,-0.268589144301219,1.477274024214183,0.5325744930983242
0.0034721683980397816,0.01007030860985004,6.772623462077773E-5,0.006842842097208833,-0.014810894918153366,-0.0499821682160515,1.4988199803338578,0.30443462707090624
0.003442286720644955,0.009913008867445866,-7.629350271343406E-5,0.006819869768847238,-0.0013421425435094963,-0.15551599206850197,1.4713875439278394,0.40782067575134073
0.003396242509534371,0.010228413833654294,2.0635888939877326E-4,0.006777928976878456,-0.03577312436199496,0.05459311953621066,1.4565342492842044,0.18242652289961278
0.0033509038423890844,0.010442816133125296,3.878261171699851E-4,0.006718836379430053,-0.05817190771070515,0.1945161844651344,1.4233509076581405,0.03138840250186135
0.004881338730206021,0.007028042559614863,-0.0034256619685649947,0.0060513914788321846,0.24955022295188092,-1.8897539284774414,0.693714574575785,2.4661756070794145
0.005077406859456542,0.006640894200437595,-0.0038042680077097213,0.005688252267992759,0.21054288263518856,-1.9600931922932572,0.43381408530971705,2.5353363644762266
0.0049880483617574444,0.006755341198970516,-0.0036607818595962255,0.005786710329095155,0.22095114821866974,-1.929333291764815,0.5145719553080245,2.496972209414959
0.004895495752795003,0.006820277704542122,-0.0035297149659293224,0.005821034553121815,0.22192968219514525,-1.8883789504259174,0.5633464740309145,2.438855400736707
0.004855477255177789,0.006910655120566364,-0.0034481494490848814,0.005905306666522827,0.23081227576632576,-1.8736533697922775,0.620177688534249,2.424973389899731
0.004679017396061054,0.007312195507488758,-0.003055148096057239,0.006251082075348996,0.25812579374505557,-1.7703689588661542,0.8723690911967287,2.3172379225048174
0.0047912283464307875,0.007106470956990633,-0.00328683181020729,0.006091869618076714,0.24884197622173007,-1.8417749882871368,0.7445984299935059,2.399848493542834
0.004724441351207943,0.007208109013652722,-0.003161564635941748,0.006166219838612339,0.25280487163761073,-1.802598279328773,0.8076882006246136,2.3520894196655697
0.004451435379338784,0.007378690459946099,-0.0027859398774842566,0.0061867844606743605,0.23212069085928674,-1.6514579140091687,0.8861509209683095,2.137211860829844
0.004556759811552527,0.007335172651000924,-0.002915707984842877,0.006203851835742103,0.2435828803436392,-1.706518854122631,0.8734004875722065,2.2181149451464575
-0.008756573701192635,0.005157078253839507,0.008071395681310984,0.0020723490384510677,-0.029257816009441707,-0.557425819584499,2.527651764262797,1.3383476171854174
-0.008771796903417482,0.0051531951603613025,0.008077862941174359,0.002046995282562476,-0.024982265716857032,-0.5414199495967708,2.5307301890050744,1.3210142326779737
-0.008760614784096182,0.0051416195705013806,0.008055636242865602,0.0020549490881487894,-0.03226412960233411,-0.5508095138619771,2.517959493941618,1.3236776507708445
-0.008741362845101052,0.005161009143188233,0.008064847260497535,0.00209768825086753,-0.0332085643126867,-0.5734426081204514,2.524499543752689,1.355679067263626
-0.008745362130606529,0.005145544571880846,0.008049093131132529,0.002080231030531512,-0.03561904625127459,-0.5668382442445785,2.514777879571738,1.3409964045946163
-0.00878703228948581,0.005149359904790919,0.008084251840520081,0.002021615883680215,-0.02091593797915881,-0.5254147319405141,2.5337543686270885,1.3036344940003957
-0.008775877407624788,0.005137718711878899,0.008062071588481974,0.002029632662621945,-0.028882513790207783,-0.5347616484101424,2.5210596001850445,1.3063561576898237
-0.00880227969724505,0.005145572528467587,0.008090565306898645,0.0019961989195478973,-0.01768816206660082,-0.5093838579904926,2.536744842517899,1.286191628569166
-0.008791163829665872,0.0051338444271932845,0.00806841128732601,0.0020042654075932624,-0.02528647206804833,-0.5186878335320629,2.5240805102900317,1.2890361187480013
-0.008883247585931757,0.005111911048017417,0.008105180388440084,0.0018516933440395117,-0.0015774453149729778,-0.4221470060805365,2.5409546368657154,1.1858320334950265
-0.008878691396530592,0.005127355233983757,0.008120943192740036,0.0018687796635071983,-0.001382193300926304,-0.4287933787016946,2.550929710297845,1.199523203056959
-0.008817538964686683,0.005141833072035735,0.00809680202236133,0.001970749394438294,-0.014927966792131231,-0.4933102035182711,2.5397072319718075,1.268730680262954
-0.008806482236668946,0.0051300202223049296,0.008074686856312576,0.0019788527543420542,-0.021422701363479003,-0.5025935718482105,2.5270343480675845,1.2717415747083445
-0.008832809929953061,0.005138141575448354,0.008102958683885162,0.0019452806021717534,-0.011923340238805332,-0.4772016476379119,2.5426257910079557,1.2513144735932917
-0.008821822564440989,0.005126266264103255,0.008080913771107518,0.001953422100020113,-0.017453010184379614,-0.4864959907594863,2.529927323583563,1.2544925418836803
-0.008848092431344243,0.005134498077970416,0.008109034121806226,0.0019197973262716323,-0.008564100268125012,-0.46107502319902244,2.5454775086456594,1.233973613840581
-0.00883716988342527,0.005122583610692526,0.008087083110964427,0.001927994136519337,-0.013497354192355112,-0.470406760459036,2.5327606882063667,1.237288501882877
-0.008863386307324785,0.00513090261818238,0.00811502875075164,0.0018942978572165144,-0.004997300643027191,-0.4449389518807811,2.548247467227773,1.216711284091682
-0.008852520594669917,0.005118965685913101,0.008093184949818729,0.0019025686184541547,-0.009552529614109913,-0.45432293586360667,2.5355393860421493,1.2201166638208545
-0.00886787890961878,0.005115407955890431,0.008099216666010654,0.0018771361831347918,-0.005586949575084768,-0.4382370672769627,2.5382692286866995,1.2029652666218416
-0.008764449906289624,0.005125737128008035,0.008039916669230334,0.002037871581153567,-0.02696079545462238,-0.5500176008376022,2.504571711800726,1.3161888160935862
-0.008521490325303844,0.005194238694784823,0.007926046392122467,0.002438346136806014,-0.07703472157938741,-0.8044042252651726,2.4446079639280014,1.593917341213318
-0.008680646132284168,0.005177209793932224,0.008037838087222679,0.002198911869926779,-0.04537142516114146,-0.6374375723609926,2.5111167095026405,1.4254168751045448
-0.008669280653563826,0.005165883183870432,0.00801517267652589,0.0022063233125518343,-0.05276725979737829,-0.6468665837558035,2.497839142189758,1.4278284238496186
-0.008695805978438996,0.005173088155546601,0.00804471091581464,0.0021736329030049755,-0.042766363949817476,-0.6214764444396239,2.514555369841599,1.4079196199018666
-0.008684443417471764,0.0051616962836390536,0.00802206899764304,0.002181168701608942,-0.049436020817987696,-0.6308869199440186,2.501350281053845,1.4104133876036327
-0.008710978821122078,0.005169014137838514,0.008051504976919581,0.0021483300311197734,-0.04007530428644736,-0.6054817336445875,2.517943496427293,1.390450892919677
-0.008699642720540959,0.0051575708919208525,0.008028918950491822,0.0021559712742499457,-0.04593001320218542,-0.6148860651257358,2.504803820676887,1.393025877814684
-0.008726164497562942,0.005164987785668902,0.00805821715112877,0.0021230148544400017,-0.03684581861297699,-0.5894651434260494,2.5212629088617255,1.3730398826964303
-0.008730113735015513,0.0051495050038161795,0.008042450677839508,0.002105493719196432,-0.039013247956721536,-0.5828573707499495,2.51152209075136,1.3583226215366475
-0.008714870994428891,0.005153510499043949,0.008035720205824064,0.002130742193852767,-0.04244136699597258,-0.5988737063043974,2.508196584557762,1.375664534109079
-0.008657765683348114,0.005154332826047384,0.00799276429533413,0.0022138443023772807,-0.050454193434531704,-0.6616012080243717,2.4807345779355945,1.4372510459100125
-0.008642674705246121,0.005158581239174672,0.007985756105839986,0.002238737565917519,-0.053667108563549344,-0.6774015338136491,2.4770732563983198,1.4544991989488005
-0.008627529303213083,0.005162787637989928,0.007978511591405,0.002263631780900818,-0.056788095219254923,-0.6932742594096236,2.473222764864247,1.4718016414670105
-0.008612313610714021,0.0051670511173606435,0.007971131989649223,0.0022886266268973606,-0.05979467833416056,-0.7092206614600353,2.4692655282413756,1.4892033330041607
-0.008597079032927826,0.0051714435732011154,0.007963740992423167,0.002313708962114193,-0.06274964077565409,-0.7251794326036607,2.4652936413758493,1.5066778890384624
-0.00858188242501498,0.005175937346528291,0.007956352269654037,0.0023387784722607614,-0.06569278703427923,-0.7410964922258927,2.46131017542049,1.5241613913153993
-0.008536572743940459,0.005189667188552322,0.007933832463765453,0.0024135466990414054,-0.0742825347411235,-0.7885813738443702,2.448973221460785,1.5764815920163178
-0.008551639903430436,0.0051850787228960886,0.007941440405808185,0.0023887076248313467,-0.07146284561413557,-0.7727828034159705,2.4531833085514703,1.5590629840196675
-0.008566736806195335,0.005180486675220847,0.007948924074954252,0.0023637804040352347,-0.06860027403645576,-0.7569627785779086,2.457278006555363,1.541623846395462
-0.008476117892774101,0.005208303233781106,0.007902104855356687,0.0025129366641009087,-0.08486834472593853,-0.8520097172318578,2.430968737034163,1.6465299618884384
-0.00849121802859826,0.005203546491155526,0.007910132135308183,0.0024880931667833066,-0.08228969154024479,-0.8361646276901965,2.435571467030149,1.6289805537067263
-0.008506361235661475,0.0051988516676617835,0.007918121579700307,0.002463198009453119,-0.0796943209537747,-0.8202776207763375,2.4401224249651357,1.6114224483490178
-0.008385914274481182,0.005237961442276332,0.007852506288690607,0.0026614556400160624,-0.0989564037350918,-0.9466524517601772,2.4018320077183195,1.7519566774615207
-0.008461040097982002,0.00521303980681789,0.007893927000262403,0.0025376823413947066,-0.08740355533020254,-0.8678389297872594,2.4262246985970113,1.6640567200743421
-0.008400766160967863,0.00523281172975792,0.007860731689822105,0.002636872676248831,-0.09663232444446994,-0.9310681937684206,2.4067154605399828,1.7344702569506492
-0.008445923061005492,0.0052177551928686595,0.007885542136108039,0.0025624096227871234,-0.08981443430650045,-0.8837102279475236,2.421300265322076,1.6816137260488218
-0.008415723249240984,0.0052276534608411635,0.007868900161962471,0.0026120957715317426,-0.09433618494371848,-0.9153836696789278,2.411518347076513,1.7168827023997437
-0.008430791249424236,0.005222601783455883,0.007877147503873546,0.0025872248352006057,-0.09209195408843003,-0.8995853804439015,2.4163574006066075,1.699236239844075
-0.008371081621544525,0.0052430326990333675,0.007844064469270462,0.0026858887403149435,-0.10121112307096052,-0.9622247576213053,2.396744645420649,1.7693917381457498
-0.008311552661935949,0.005263790719484448,0.007809192555103199,0.0027838193838565796,-0.10931266878569838,-1.0247220796945127,2.3752984441799874,1.839543926784648
-0.008356195085663423,0.005248074270323084,0.007835392475353788,0.002710311344299328,-0.10331105679904574,-0.9778527824538558,2.3914519087508244,1.7868625632820943
-0.00834130197479824,0.0052532468307464955,0.007826718430660207,0.0027348172333127793,-0.10530871214006084,-0.9934853757544354,2.38614009534254,1.804400536817752
-0.008326453913728946,0.005258563411892943,0.00781810621443871,0.002759354863136408,-0.10731965801401429,-1.0090752328439618,2.380855087812209,1.8219693642949364
-0.008299101800213262,0.0052526488488302036,0.007783978539297323,0.0027885658255913525,-0.10896035854167381,-1.0365003043345373,2.356183420420568,1.8442965982688884
-0.008193221968213128,0.005307782362900696,0.0077359617760911535,0.00297865898161196,-0.12266200871844916,-1.148900127248467,2.3283605867546187,1.9801411956568076
-0.008207853308561271,0.00530221887072826,0.007745387435363107,0.002954632277314398,-0.12113341560453562,-1.1335465250642913,2.334570002951461,1.9627110573836133
-0.008222436815163034,0.005296564774718998,0.007754516477111935,0.0029305115618661593,-0.11952079467789876,-1.1182338743848257,2.3405022743625286,1.9452663949803293
-0.008237066221348817,0.005290911522115564,0.007763549975524478,0.0029062810568483925,-0.11787493927631622,-1.1028756948485248,2.3463182851781337,1.9277750903609405
-0.008180768540633841,0.0052970077869103,0.007710456085745777,0.002982284996547558,-0.12189145106203854,-1.1597748251203692,2.308535534372027,1.9838109326691014
-0.008165968445814718,0.005302182852491035,0.007700185851615876,0.0030058428572791725,-0.12316998717214268,-1.175091072450993,2.3015536010295956,2.000902856264631
-0.008151005435635897,0.005307674959434832,0.0076899459912429255,0.003029873610286848,-0.12443413869525279,-1.1905872190349536,2.2945869022946255,2.0183306512826267
-0.008136001704034812,0.0053135803677944815,0.00767997127357353,0.0030543420447887333,-0.1256880748659159,-1.2061646945602285,2.2878218309333413,2.036063285740703
-0.008106802550889686,0.005326342366918002,0.007661520769411901,0.00310320540061703,-0.12807924931152884,-1.236660609001879,2.275391067992704,2.0714594576563976
-0.008121265148674454,0.005319962396887606,0.007670668913118896,0.003078962850514035,-0.12692413051832263,-1.2215459221498302,2.2815692987853713,2.053887115377343
-0.008049562031724343,0.005332527408356449,0.007603124165612071,0.0031766010199346328,-0.1291424741909424,-1.292622841056555,2.231536844337286,2.1259953259556705
-0.008064451472445796,0.0053264835240759536,0.00761364680337312,0.0031526304046699777,-0.12826530367999078,-1.2773749651158324,2.238986817103718,2.108618884161114
-0.008079399471016543,0.005321077681508922,0.007624782400822324,0.0031292484107481315,-0.1274174543296662,-1.2621633239122845,2.2469217486090396,2.0916333596115972
-0.008093967159253817,0.00531601465498503,0.00763571843839072,0.003106617524594721,-0.12655371270600338,-1.2473377320154848,2.2546940328016656,2.075178574147484
-0.008268660967538014,0.005262987274357905,0.007764744785496796,0.002837630529099224,-0.11254379560826151,-1.0681569748196693,2.343804618094389,1.8795807244393579
-0.008283848264343823,0.00525755690319904,0.007774107517641195,0.0028129062467790477,-0.11074841799575375,-1.0523497786126785,2.349800533988087,1.8618185113974837
-0.008238824365705413,0.005274416609365943,0.007746764936940593,0.002886822469198198,-0.11596378641544562,-1.0992688837847002,2.3323047278716764,1.9149390487491191
-0.008253676704463808,0.0052687176508532385,0.0077557790216514705,0.002862351220086563,-0.1142927589063062,-1.0837816444890873,2.338093598665282,1.8973361160645357
-0.012069213644958417,0.01458247162477995,-0.0075425555266899315,-0.0034058130825966267,0.22318631055485513,-1.4752317952381564,2.639510125519252,2.686945470428283
-0.012054945541953235,0.014588952915798108,-0.0075530391586964936,-0.003382244132196268,0.22324856354137082,-1.4586242025105596,2.6519585911002372,2.6700117129731074
-0.012040666772601828,0.014595460649671823,-0.007563335428629203,-0.0033585565069474553,0.2232883592347745,-1.4419159577901899,2.66422900267163,2.6529158462878595
-0.012026320607164189,0.01460195101426282,-0.007573581928095899,-0.0033347520832162753,0.22331340062281943,-1.4250786520504788,2.6764290238900164,2.6356861294547183
-0.012082383888260705,0.014592318957997489,-0.007510521966654807,-0.0034056034593242935,0.21989069703660902,-1.4812923650613643,2.6154153249141774,2.6793047038444873
-0.01209663304081257,0.014585918266546163,-0.007499766466095618,-0.0034287767402159624,0.21988408884139857,-1.4975597094705895,2.602758920238904,2.695769133446044
-0.012110922493464791,0.01457945072252871,-0.007488886847369877,-0.003452006423708537,0.21990041838644883,-1.5138156248756418,2.5899444077871743,2.712220804207256
-0.012125348946686751,0.014573248905372484,-0.007477287927687805,-0.0034749192849744576,0.21984107944968145,-1.529946107929035,2.576587853695841,2.728216860869136
-0.012139891096375118,0.014567100154165012,-0.007465295927566159,-0.003497784723220494,0.21975916673017645,-1.5460408147415257,2.562892691196929,2.744042876755597
-0.01215443168444509,0.014560588754416277,-0.007453642477725419,-0.003521072862462777,0.2197361329661002,-1.5622498534225049,2.549320591914445,2.7602557142528785
-0.012168875031743373,0.014553696403550954,-0.007442479575007565,-0.0035447257310612184,0.2197918446510028,-1.5785147735099325,2.535998112942187,2.776849781977244
-0.012183131251236351,0.014546500227763172,-0.0074318243343912205,-0.003568557967555666,0.2199238093237139,-1.5947254054241375,2.5229755534999474,2.7936828162617964
-0.012197179763143917,0.01453916326494851,-0.0074214848381826655,-0.003592325441867873,0.22010580040740635,-1.6107734440715369,2.5101553269324444,2.810512834789004
-0.012211208683642187,0.01453204256382234,-0.007410716943821089,-0.0036156917351605456,0.22026092321674698,-1.6265882909066016,2.4970366483362927,2.8268841711576234
-0.012240512434708653,0.014501872728847573,-0.007407727110157144,-0.0036866855159140874,0.2236818269224541,-1.6694653802719979,2.479385989790996,2.884166014639199
-0.012225456012618796,0.014525411086852735,-0.007398822438209703,-0.003638471554668197,0.22028863719210853,-1.6421727315658592,2.483122694332417,2.8424656357885514
-0.012239897572259717,0.014518895669591192,-0.007386335283864565,-0.003661171585292526,0.2202707536759172,-1.6577256072192006,2.4687236381631372,2.8577914104733027
-0.012254748721115158,0.014494801590230496,-0.007395954301691016,-0.0037100395127541565,0.22392623141074522,-1.685221600041663,2.465309494949032,2.900201686371742
-0.012296968631242284,0.014472884837030785,-0.007361270597799918,-0.003780219525198386,0.22429098754135743,-1.7319819833184404,2.423257419934345,2.9483100626484373
-0.012282908804651846,0.01448013292553317,-0.007373051491552177,-0.0037570046640372444,0.224260468058832,-1.7165365363706193,2.4374651709327924,2.9325052197616484
-0.012268883962015342,0.01448751536138145,-0.0073844431406909486,-0.0037335393091003353,0.22414223764399574,-1.7009368301627859,2.451363073039309,2.9163716737051497
-0.012310850585784619,0.014482222338353619,-0.007328614003087549,-0.003778292524824278,0.22105233578995306,-1.7357017745834715,2.3988058138697164,2.9380080868886442
-0.01233937547629529,0.014467900172669556,-0.007303713014474698,-0.003824154681206265,0.22124923855365555,-1.7660429638504154,2.369310822543406,2.9685585050662815
-0.012325221831418563,0.014475264479153779,-0.0073158254440112746,-0.003801055423302281,0.22110667140137466,-1.750867187733075,2.3838587145082255,2.9530806806076124
-0.012353111550190539,0.01446036726068251,-0.007292278781649634,-0.0038470753726242246,0.22148384533779783,-1.780941873702048,2.355279070571434,2.9840375842231204
-0.01236681996212278,0.01445318033369016,-0.007280300444249041,-0.003869366315196535,0.2216497050687606,-1.7954867675108572,2.340921011992186,2.998832103197594
-0.012436976254550697,0.014416669197474944,-0.007216302461306613,-0.003981681125675193,0.22237686395548503,-1.868052832922438,2.2650769934182393,3.0717440504174145
-0.012423086649101816,0.014424283715199831,-0.007228823766345735,-0.003959031298832701,0.2221642491472893,-1.853630714528782,2.2801671748974077,3.05701620523269
-0.012409080268951884,0.014431800497632786,-0.0072414823337940805,-0.003936352005418684,0.2219795263655362,-1.8390953170706565,2.295323351110962,3.042264037629941
-0.012394958658498415,0.014439140442726405,-0.007254371730225047,-0.0039137622165359015,0.2218381750757157,-1.8244998514471906,2.3105905318042637,3.0276069905275658
-0.012380810318711388,0.01444623578069293,-0.007267441621748119,-0.00389143196445127,0.22174034959080882,-1.8099451756291085,2.325890533135468,3.0131645856521483
-0.012450793575350462,0.014408991667861333,-0.0072038082671117614,-0.004004284799976326,0.222607176984799,-1.8823671046538906,2.2499708437744688,3.086403959826257
-0.012464603751443891,0.014401244564240375,-0.007191247176870301,-0.004026903264510592,0.22285080041584826,-1.8966189685047368,2.234760724796882,3.1010177098229974
-0.011922514196975266,0.014661572903574274,-0.007623830942427954,-0.003144165958243087,0.2203122372214594,-1.2946832185681982,2.7485517856665997,2.489788616873898
-0.011908258363724682,0.014667613074311763,-0.007633148982261002,-0.0031206195585065893,0.2203451186422436,-1.2776651340810925,2.7595455039273316,2.472374416465238
-0.011893809619204103,0.014673784832803986,-0.007642350983375166,-0.003096628448617345,0.22038945816368938,-1.2603264804637035,2.7704738647503615,2.4545471698585235
-0.011935100368918513,0.014671923824613312,-0.007592230732731444,-0.0031446222456877793,0.21762291470818096,-1.3021551095041353,2.7245845496036645,2.4839659834981904
-0.011949600960540848,0.014667166350066917,-0.007580520529843927,-0.0031665214769612845,0.21733346046851135,-1.318533008653631,2.7119930796358607,2.4994848545495767
-0.011964703514763456,0.01466203498160571,-0.0075684306405894705,-0.003189465168794706,0.21707416958273748,-1.3355683956821645,2.6988852102834433,2.5157355341772862
-0.011980045329253763,0.014656307973505069,-0.007556736735867916,-0.0032133488319213035,0.2169017875600925,-1.3530257161753463,2.6858546692640917,2.532791638451354
-0.012025514727476044,0.014618583352661628,-0.007550806682998159,-0.0033114197797595277,0.21974674374619682,-1.4151472809400423,2.6637343405319984,2.6113045465910343
-0.01201096039727948,0.014625165268738487,-0.0075608937706296,-0.0032873319151925334,0.2197385312415743,-1.3980979531918931,2.6757931211298636,2.5937915118498758
-0.012010122711513867,0.014642173644181378,-0.00753749979907515,-0.0032637646255576414,0.21704737768446283,-1.3884604624676118,2.6622759997430845,2.5697851765963518
-0.011995586094914426,0.014649920601135541,-0.00754556611131848,-0.0032382215514795824,0.2168011358516104,-1.370905621553333,2.6729836067489967,2.55071753531988
-0.011892487847661611,0.014690436158021871,-0.007618998579857073,-0.003074032860809463,0.21774959857965623,-1.251434350374829,2.7565980354192057,2.4316291128213483
-0.011878057138503201,0.014697509296382827,-0.0076265185786074255,-0.0030490015762089507,0.21759820359278392,-1.2337943204940773,2.7663560699556444,2.4126711822468274
-0.011876124484484335,0.014715500738984548,-0.007601840806066288,-0.0030243854594674976,0.21461285931770177,-1.2237730488939513,2.75202465286517,2.387876875503618
-0.011547742335289587,0.014814178111724526,-0.00782404762836953,-0.002515351864437934,0.22228945488508015,-0.8324820008201058,2.9877674570333888,2.009413024477031
-0.0115330720021252,0.014819879272030503,-0.007830017311645726,-0.0024904585766182784,0.22232944531984308,-0.8139566906309189,2.9950293111944064,1.9898804749198369
-0.0115600994434355,0.014823933384566085,-0.007794837669008953,-0.002520834282109094,0.21957482196139305,-0.8444165498483629,2.9658261001200903,2.0094735692657015
-0.01157462206079136,0.014821851604364097,-0.007782845378512996,-0.0025414745904712333,0.21881295494987876,-0.8616507785869086,2.954602466151396,2.0245522071487767
-0.011590331537159911,0.014817265875026006,-0.007773548636048083,-0.002566203348868944,0.21840801783083588,-0.8808166882477445,2.9447830637660215,2.043364835532298
-0.011603860755920903,0.014809384108087822,-0.0077718059132725545,-0.002591705798785442,0.21888632983072048,-0.8983805805153182,2.9402997371410935,2.063987317408367
-0.011619156298511365,0.01480834788428581,-0.007756845245298065,-0.0026119351562483625,0.21781178925163602,-0.9159633465544346,2.9268000204192735,2.078187191420764
-0.011634905674370727,0.014804707062747419,-0.007745475785630166,-0.0026354681331498668,0.21731675363554115,-0.934693567105192,2.915441761621939,2.0956155565116767
-0.011650617747961287,0.014799588457271575,-0.007736361068665398,-0.002660497898993738,0.2170216674295349,-0.9537553030951923,2.905470298747076,2.1146168075914016
-0.01166638582438235,0.014793831469978048,-0.007728024286755145,-0.00268624108010105,0.2168609545549667,-0.9730239770669495,2.8959123317555906,2.1343145420374117
-0.011682334689560403,0.014787293031984174,-0.007720539645189061,-0.0027130253513359573,0.21676261020202783,-0.9926870810357248,2.8867722945076966,2.1549766513512236
-0.011695249464102817,0.014779265035562724,-0.007718670812864146,-0.002737793321793617,0.2172801463998078,-1.0094997942667758,2.8819626274426553,2.1749099427206673
-0.011817243391338559,0.014740695441942335,-0.007635719796054377,-0.002926875557366086,0.21472505455795268,-1.15336718102882,2.7927967396244004,2.3147743662449116
-0.011834540804828216,0.014733962164973347,-0.007625037197642861,-0.0029547974875775707,0.2145707125053309,-1.1738684228481515,2.7804809037878573,2.3355601769586687
-0.011873239514487174,0.014733463489180957,-0.007578439371692651,-0.0029989653495320575,0.21166348532997584,-1.2128495381136075,2.7388915703615875,2.362732857365639
-0.011855415489524884,0.014736247059160735,-0.007596108853633402,-0.002975616224881766,0.21250935247714445,-1.1939197461005788,2.7557519643911124,2.3470985900269823
-0.011814745924839049,0.01475954907389685,-0.007609896266961301,-0.0029013770820355282,0.21157351146614764,-1.1430015681084535,2.7777542066844405,2.289268508375628
-0.011712928492175607,0.014779146534522105,-0.0076986555107355584,-0.0027592228882256753,0.2158668011866669,-1.028763045260396,2.8642260664082784,2.18905364580398
-0.011799832099680033,0.014765837090563916,-0.007618028787824673,-0.002876805265136607,0.21160476955809185,-1.1252216849139511,2.7875580768153405,2.270771383913224
-0.01178418921537411,0.014772088461647265,-0.007626898826919251,-0.0028513807686763606,0.21169781782668615,-1.1066489586236081,2.7979747017117464,2.2516891662870893
-0.011767771948386534,0.014777523205678109,-0.007637747563504989,-0.002825945067585961,0.21198733553305363,-1.0875138588145339,2.809784558407355,2.232916005203385
-0.011750655287921857,0.014781453562729632,-0.00765155576733029,-0.0028013440432849185,0.212591969701206,-1.06811126064423,2.823579567415725,2.215302042531214
-0.01173291947358856,0.014782937870311277,-0.007669725568967425,-0.0027787012702145297,0.2136903394518439,-1.0488097479376455,2.8402254572656536,2.1999950022998136
-0.011349757897469219,0.0149087094840267,-0.007859615742949867,-0.0021610601716599083,0.21964905379610736,-0.5787209933536347,3.0504320524057884,1.7235633574171612
-0.011260252326948864,0.01495595308003139,-0.007856851938949748,-0.0019977623854715108,0.21730769274980596,-0.4650863736048763,3.062128462278505,1.5895681287951964
-0.011290757434201982,0.014943146704004331,-0.007852869681595947,-0.0020503965485309775,0.2174914270174533,-0.5033588798893387,3.055124313982603,1.6320818551073888
-0.011277128027526489,0.014956109771889126,-0.00784220919512603,-0.002020664672004198,0.21611895965200137,-0.48575972437792647,3.050017503521058,1.6065067890375615
-0.011248705848718624,0.014972829893405036,-0.00783727052858209,-0.001967790078131093,0.21501658251658395,-0.4500274735387717,3.050673000650223,1.5627503968928684
-0.01132140728356408,0.014935661975075357,-0.007838847998045115,-0.002098510456447936,0.21671572891408597,-0.5413999547933996,3.0411385699957845,1.6696786906341823
-0.011341523692521513,0.014934297093349721,-0.00782321616932941,-0.0021267833643432957,0.2155204270948556,-0.5658846757173088,3.027574129662756,1.6907888671636255
-0.011309805494407854,0.014952702440186616,-0.007819805080740832,-0.0020678567629088813,0.21446003497391877,-0.5257332669392866,3.030310219440881,1.6422329995310643
-0.011456568091906875,0.01486354933193466,-0.007834777148070059,-0.0023463167628474534,0.22010157568675706,-0.7142837455697125,3.01445118907984,1.8721617930933019
-0.011475844845064379,0.014867175931868832,-0.007809535372190737,-0.002367922144310176,0.21794174409062994,-0.7363519321258888,2.9939824648182793,1.8862356731737548
-0.011493380972678985,0.014865540084939998,-0.007794710088130058,-0.002392305433746113,0.216935447138515,-0.7572430097106531,2.98062383947422,1.9040605905132815
-0.011373918875415993,0.01491129807294861,-0.00783294253387082,-0.0021910996989386636,0.21737677941934977,-0.6076641643571677,3.028639142577123,1.7446452471052736
-0.011394985057452307,0.014911588831506076,-0.007812837989008727,-0.002218834881900998,0.21579768366115323,-0.6328751981695255,3.0116497748927493,1.764655366186527
-0.011450999184967748,0.01488382927418138,-0.007806117810517322,-0.0023190815690550246,0.21673718861082134,-0.7038712756817961,2.9967229272932037,1.8457138876313994
-0.011445041368279958,0.014898724796159094,-0.007786911207025622,-0.002296835529038833,0.21452975996398754,-0.6941828065833172,2.98528897684572,1.8248545232576532
-0.011431854683096784,0.014904587116985522,-0.0077897564350017726,-0.002273979344565648,0.21440708527248264,-0.6776668548944819,2.98968170100326,1.8065804328500163
-0.01141427293027622,0.01490905918549567,-0.007798961582833645,-0.002246666503087296,0.2148865880265689,-0.6561786877470867,2.9990135613148996,1.785527423075138
-0.011515511431072045,0.014842262294938693,-0.007810978709995518,-0.0024445585685872657,0.21954025807805058,-0.7882231684218902,2.9864915591750774,1.9493294163282913
-0.011529261933437347,0.014834790800838627,-0.007809193389634793,-0.0024699970699396897,0.21997216736930367,-0.8059824515217899,2.9822668822415777,1.96991803482064
-0.011511455488945993,0.014861944347901987,-0.0077824192661062825,-0.002419225629501607,0.21625201902716504,-0.779059127337177,2.9687295208938935,1.9243020214099549
0.016112479215235426,0.016542264619433127,0.002494086885914649,-0.0023135296338650303,0.021471098551948824,-1.0047978406628444,-0.12168342520166049,1.132511841704172
0.01584355072397271,0.01687470274684916,0.0025730945582276977,-0.002148777139098302,0.013758194129064738,-0.9751823381800018,-0.2081543163816905,1.099071853419564
0.015437599528012484,0.016973215392733148,0.0027830812356034293,-0.002118369449205655,0.011370215107663242,-0.9896131360456625,-0.3018806899778191,1.1224205976333528
0.014941962890081012,0.016966743978994142,0.003086011239211523,-0.002129412657569056,0.010643513824130186,-1.0159116989800323,-0.42098124856629615,1.1666158048293414
0.013646703170056994,0.016898641638480937,0.0039469608355946475,-0.0020272591773359866,0.01561945623625625,-1.0027841034535976,-0.8222600459369044,1.211605526417938
0.012437985508181282,0.01696096387985404,0.004636440974035166,-0.0015811672551216788,0.022655041883298945,-0.752238178591985,-1.2409427120969594,1.0063277373064088
0.012786713002321586,0.016903496237127103,0.004482968291543851,-0.0017617818275382844,0.02123145284567954,-0.85982886994272,-1.1324853935973846,1.106303499641198
0.013247091859681927,0.01692296299606813,0.0041862939122655545,-0.0019082245675345613,0.017076282317830566,-0.9455814436524749,-0.9618362565424138,1.1695938792652665
0.014408456976862079,0.01712280830235829,0.003348594929274803,-0.0020039742150008686,0.006893398333280609,-0.9851344439796507,-0.5698535314099801,1.1450399305316985
0.013955605428298535,0.017221277536881168,0.003572776646264548,-0.0018862852040436287,0.006172587168973626,-0.941887515521354,-0.6978227783366141,1.1115365946761313
0.012113186268178968,0.016931732605875126,0.004832802376324617,-0.0014385919707290392,0.027002263753921146,-0.6549851418114673,-1.358738102854488,0.9268705409417725
0.011862838000392378,0.016864271979365603,0.0050185436103385,-0.0013337527195739596,0.03142959204334233,-0.5731549982155687,-1.4623785629835102,0.8640962395585333
0.011638888260430611,0.016919143810379286,0.005065195238928149,-0.0011757834304152637,0.031130829775937813,-0.4722282835498322,-1.5048882876271017,0.7630633058932484
0.011339456555429636,0.016884628053868773,0.005217415383501194,-9.988655303813352E-4,0.03565643897314585,-0.34087795662675097,-1.5958527645643215,0.6470562134082908
0.011079271353045511,0.01695646742223477,0.005226049064140347,-8.002713577621444E-4,0.03681493790732233,-0.21080878325550123,-1.6141307870617732,0.5116637217571721
0.010858754309049631,0.016773636519821652,0.0054859199812793405,-6.914455617790224E-4,0.04449458829650576,-0.09813313204453444,-1.7440585969397944,0.44087543356019093
0.01064549593643114,0.016657215377058547,0.005668817721833425,-5.501786682562917E-4,0.05313047897666056,0.026544652979748593,-1.8342990767332517,0.3449033737683506
0.010860116562976363,0.01702364860815108,0.0052104235639024695,-6.331854838701025E-4,0.032874508043498694,-0.10227084504110018,-1.615299651852149,0.3960219816637353
0.009760541181933273,0.016514004131048723,0.005894824289817136,1.9950453891878856E-4,0.06208881684898838,0.5955694895227647,-1.9103179146791927,-0.1782287959241788
0.009520776229443275,0.016423008693559275,0.005977481413479734,4.258888643152814E-4,0.0669862144171212,0.7742001213363648,-1.923938804898517,-0.3335847068285425
0.010397282581975002,0.01671985288041566,0.005633308184471879,-3.3907084306228504E-4,0.04978772113977247,0.16630600704567974,-1.81582527189032,0.1954459045427728
0.010147688439141087,0.016743559207464537,0.005623966081024175,-1.3482456681311402E-4,0.050619205786576436,0.30627103157248997,-1.8039846781283335,0.053522973640558226
0.009883502962257665,0.016722385074596512,0.005647728438423144,8.044585366964664E-5,0.051438237302201824,0.4605851979128772,-1.8018362028386712,-0.09521609075113845
0.00929860707219703,0.0164283980575095,0.005921950191165949,6.22375559168251E-4,0.062862270608583,0.9004614404794369,-1.86694930462927,-0.46584608011822
0.00808957994156962,0.015895197389427046,0.0059778821085219565,0.001913261415918221,0.05072699895021509,1.7911276615172083,-1.5903422755297705,-1.2585571333520298
0.00792634059293492,0.01585679666378355,0.005898175284717577,0.002065068608899673,0.04160000601059577,1.8619716478138486,-1.5054882310806361,-1.3332318508710508
0.007757248581787207,0.015799616759598827,0.005824718806781364,0.002230892255433711,0.03251998255735559,1.9410203341911851,-1.4168700372115082,-1.4126610854318422
0.009080813538560356,0.01639378817268273,0.005900422583255591,8.216652398770767E-4,0.06051390844641508,1.033801063831648,-1.8234637508366711,-0.5945008627991452
0.008920747536013247,0.016316929995496613,0.005937211098998779,9.869878155884765E-4,0.06251830920185542,1.1577436657676405,-1.8089640291788043,-0.7020518334751108
0.008755191087936806,0.016342553815202936,0.005836737544803876,0.0011154763883902778,0.05443306720162338,1.2205917616769428,-1.7331617562173143,-0.7797317122655157
0.008272122902867557,0.016091917061188808,0.005873939300235814,0.0016378513252907837,0.04882299418838584,1.5790654188444178,-1.6212577854966141,-1.0945820913868276
0.00814423971440035,0.016011104316432132,0.005883049944074566,0.0017892994350830588,0.04822908845904469,1.6804945649619623,-1.5829170826775327,-1.180506877233448
0.00858336534675622,0.0163592211844165,0.005737209460958108,0.0012451398086363158,0.04940509061720954,1.281669348571814,-1.657772179634281,-0.8533299438493537
0.008401937903310655,0.016389569127032134,0.005610936831204203,0.0013677035629553382,0.04099406364843377,1.330238481103884,-1.5700806677349763,-0.9188244260328888
0.008295000157054519,0.016249269994544006,0.0057084713449945465,0.0015247710568906153,0.044091731281361395,1.4584000172082903,-1.5744978483495549,-1.0171685633917151
0.0033320035269469,0.01067926396031682,5.828627722536665E-4,0.006657441890625668,-0.0812073671035194,0.34654296394173967,1.390586579239079,-0.12685498961320044
0.003340987009707952,0.01088775413664032,7.558256226747789E-4,0.006604796880598227,-0.09994007946503798,0.4808817804982367,1.3659920660237974,-0.2615237094433236
-0.0038132967236019786,0.0110143971391433,-0.0010386311312090097,0.006901604014112868,-0.11116513784436093,0.6697410215255547,-1.618216853195115,-0.35503217729894004
-0.003998394988224808,0.011240090752443387,-0.0013408031882111515,0.006942096024424111,-0.13886169301958948,0.88376008837997,-1.6677490739238188,-0.5275274027532982
-0.0038965786460646045,0.01113345113121627,-0.0011883921221856337,0.006914266827168476,-0.12495091691781245,0.7771089970664549,-1.6378354779336177,-0.4442526280795365
-0.0040008707435206774,0.01139755236192959,-0.0014897619049079477,0.006857039125452152,-0.15486739453200135,0.9934273770480927,-1.6133508712826057,-0.6388700390540355
-0.0040146613757245046,0.011528298634682122,-0.0016154171735677215,0.0067887971163665866,-0.16660442669610218,1.0839937940880189,-1.5700679179131671,-0.728020994802302
-0.004102437245747554,0.011622751003209439,-0.001755252647256284,0.006793598349646634,-0.17923395120797794,1.17850859034462,-1.5794994828764521,-0.8035517753836751
-0.004292554002472472,0.01184253636496653,-0.0020837210558704543,0.006777438005200183,-0.20557970787520888,1.3995328635987416,-1.5791653009126996,-0.9787661398858422
-0.004153776431471073,0.011738741351030965,-0.0018913408305364823,0.006751280551392566,-0.19055458702204767,1.2724976234519787,-1.554528352401083,-0.886707351183475
-0.004233759360622131,0.011771878215497147,-0.001978178320342567,0.006787073170008146,-0.19847501723501568,1.3290104982020836,-1.5829441748507462,-0.922388542006918
0.004666797032473975,0.012762532527036118,0.003072408988343289,0.0061648738975612705,-0.2506352538562288,2.0177538802179082,1.1564918816485736,-1.5359958497894401
0.003882784124191913,0.01139135533478634,0.0014171049774688318,0.006771077584777837,-0.15023488279914096,0.9471980017977213,1.5462656670502521,-0.621378016730303
0.0036632929650255146,0.01103532591232119,9.965742598242193E-4,0.0067789417127623935,-0.11329888702624001,0.6465518714105677,1.5227498107139879,-0.36564558498931893
0.003747667996686189,0.011233592485553903,0.0012087846150599265,0.006753252533550789,-0.1319479260887544,0.8017354653567522,1.5193614335327894,-0.5042048417859312
0.003975600855741189,0.011622163113320408,0.0016711004621103862,0.006700119245919067,-0.17209889126319136,1.127768097815092,1.5084509623502167,-0.7830204996297468
0.003843682120292766,0.011540709964563377,0.001521384082734115,0.006656357636250357,-0.1619084832532671,1.027224013335539,1.4693536973384516,-0.7125058585898896
0.003965325546696542,0.011763855078261103,0.001779421302321032,0.006598516070334362,-0.18227852791500795,1.2059555694555517,1.4418854538871424,-0.865938676982936
0.004058647966719393,0.011868079738729257,0.0019274307472529231,0.006589126416134012,-0.19301463286155895,1.3046685052020577,1.4414031808660062,-0.9449034801108614
0.004115998308364765,0.012022354988620757,0.0020877950874711535,0.00651100864450655,-0.2040707169632355,1.4125862374419944,1.3924063184532205,-1.0421414768588118
0.00422254589846484,0.012144713023658462,0.0022630707576838274,0.006482389702922072,-0.21611887007953048,1.5257559019842792,1.376241382852443,-1.1324228436719361
0.0043234139527363775,0.01229191858902532,0.002452842060336992,0.006420310714581551,-0.22678426102151406,1.6462580071380513,1.3361659495559892,-1.2323314640041654
0.004563434307292843,0.012591106332961172,0.0028708654183099216,0.006283449471032633,-0.24598955767390115,1.901985974527946,1.2407484573277996,-1.437821586878295
0.004580027405392365,0.012704090369683767,0.0029505039472107718,0.006177447356022432,-0.24724184527055795,1.9448159862689316,1.1686686662848935,-1.4832879126070764
0.00446612754778512,0.012501272004334684,0.0027205505247679777,0.006313919585364177,-0.24055254118778266,1.8107305082790206,1.2639992123716526,-1.3689851565878097
0.004362115508898997,0.012418701840220387,0.002570514828418133,0.00632882099593778,-0.23135405717088747,1.7199621767374704,1.2746421622194146,-1.3005906312806834
0.005510446541470135,0.01382077952962833,0.00437248528967731,0.005226922648292473,-0.20748312704171243,2.6225556188770907,0.43722712371316036,-2.0212966999792177
0.005554031927428652,0.01391300298295008,0.004425341638112686,0.005115261376313479,-0.1989268138367317,2.62139071619347,0.36210182545154185,-2.0253202681945077
0.00551918600289915,0.014002301097921669,0.004373141798579694,0.004993852399026314,-0.18965639029574793,2.559360571804906,0.3001980692149824,-1.9907232610317407
0.005561669716459473,0.014078544200437517,0.004418607552515067,0.004903131553978094,-0.1838002087515984,2.5577415070767007,0.24058534450386077,-1.9922384776699613
0.005412888627338904,0.013787509392366124,0.004246005304907902,0.0052475408310479685,-0.21127867953713272,2.555691033390854,0.47112861720992866,-1.9783982583852067
0.005338636782749992,0.013709749023917774,0.004148603318622471,0.00532778873626509,-0.21783929888401027,2.52135908650757,0.5334200536351791,-1.951563959640373
0.005222561509514079,0.013655898719146433,0.003998870043455261,0.005362388772904029,-0.22192416869942846,2.4444499977152034,0.5755098418290546,-1.900579855222904
0.004939944824650728,0.013231737284587144,0.003572165119362042,0.005773195509745026,-0.24497109543194914,2.2736501120834838,0.8739723972564623,-1.7558827709411151
0.005034044085875663,0.013457559270607666,0.0037402510240121664,0.005542431359903614,-0.2324466629315721,2.3345393958054204,0.7157710808294184,-1.8162360833168798
0.004956261565495828,0.013364931914838004,0.003627479191294288,0.005623253525880569,-0.23735238233565112,2.2842693004592607,0.7758448898334523,-1.776458045925644
0.0050665528049936605,0.013587903807075221,0.0038010118364264944,0.005397567317497334,-0.22400579577971877,2.3433822319991617,0.6217069503751605,-1.832196681274768
0.004673834974906928,0.012872692200567006,0.003133409220964446,0.0060505956184252535,-0.24788278575367914,2.0465198484980998,1.0787874171002387,-1.5704793600383409
0.00471005863250025,0.012963215974265734,0.003212904449468324,0.0059708296351009185,-0.24723106274021306,2.0864349152222035,1.0237497024818778,-1.6078693476211896
0.004828131108801674,0.013135744709139315,0.0034114400350568905,0.005834533411649654,-0.24545980057248173,2.188745212926442,0.9247268232581278,-1.6925505167567283
0.004692951342862711,0.013077266482089815,0.0032396075551105615,0.0058376417897412726,-0.24008329356266364,2.0915982154600847,0.9376666669621745,-1.625950643600665
0.0034457469388326795,0.011052334731008744,9.255493316651899E-4,0.006617972543350135,-0.11367509351853529,0.605797317216057,1.3939001102638817,-0.3689965599433937
0.007580904082212014,0.01573463507472261,0.005742151422929737,0.0024029559650914603,0.02235442443012597,2.017113619991981,-1.321066447425827,-1.4891317449804637
0.00740987812355817,0.01565871517993032,0.005663542566953938,0.0025762869357532155,0.011803641214856102,2.091202627882954,-1.2243831191926076,-1.561388063254254
0.0061168420032050655,0.014611371334622772,0.004973966803479901,0.004232068656551006,-0.11633448760483946,2.611411761409096,-0.25154138089387384,-2.0225193399074097
0.00600737332869744,0.014539394795453598,0.00486593774315175,0.004332432662790456,-0.12743252187487922,2.5971108040334543,-0.17016313747063494,-2.01688341479429
0.005832872523030559,0.01432933421602686,0.004714151559041173,0.00460350729446471,-0.15236269212425071,2.6178784474328123,0.010829979792899307,-2.0323981560776443
0.005910881800258529,0.014439497742815695,0.00477985046188091,0.004463055732725146,-0.14046034393233445,2.6020380836731927,-0.07980929590800666,-2.0220193566187246
0.0056865545035200415,0.01429708912100465,0.004537289706558725,0.004638917012885214,-0.16120373230319499,2.5386007359094758,0.07183423099584331,-1.9844849164559395
0.006913426913950006,0.015127698037937957,0.005622284345397994,0.0033868763881845653,-0.028705915536958893,2.5251598400393864,-0.8774518168862074,-1.9066745768231004
0.006829855274146259,0.015057836683381171,0.005580134009754618,0.0035027813156348576,-0.03555768877140015,2.567056845525729,-0.8090303853457288,-1.94247608216679
0.006963273285594966,0.015408896940308227,0.005447401626032311,0.0030560642517772664,-0.021426841131919717,2.276195784536202,-0.9505682112260595,-1.7366700547816654
0.006914341196083253,0.0152642635992226,0.005513062077834179,0.0032324083032558696,-0.025638783504571466,2.395279591540767,-0.902281579761433,-1.8214939806213588
0.007226008812414971,0.015567195648776273,0.005574902793271787,0.0027665701894675665,-0.0012523988772582724,2.166354252374059,-1.116052112270656,-1.6348199611539909
0.007029288400986743,0.015565300423645368,0.005384354292289815,0.0028674672792111285,-0.015016806751629983,2.1512444581355563,-0.9998408429847464,-1.646359353891315
0.006884044181489286,0.01553668329394595,0.005264043108430287,0.002960863515063887,-0.02661828858929286,2.1554846566737464,-0.9169853789735878,-1.6634641525266822
0.006719501379561399,0.015033912566510538,0.005467602687143775,0.003572608915086335,-0.04829535314001517,2.55018249570818,-0.7336429750041643,-1.9430192474903578
0.006601505713061809,0.014944659922103424,0.005388794061296553,0.003718495694848022,-0.06025460867665532,2.585274591419323,-0.6378863582208881,-1.9755865742788765
0.006448153547089471,0.01488041384452955,0.005243915969558414,0.0038390616387724463,-0.07618932606715151,2.5737649913768816,-0.5300966387659484,-1.9789015382023962
0.00633601725298808,0.014770943499415337,0.005169087879668852,0.003998558188578344,-0.09067368388672471,2.6093201815931857,-0.42888612165066,-2.0094800025166806
0.006165856563857049,0.014754190723842096,0.004968610569420272,0.004048985117850176,-0.10281666917507516,2.5353133790344597,-0.34218606978705773,-1.9701939511671724
0.005568905884689929,0.014200967827806136,0.004409729225293834,0.0047499565836601546,-0.17250282079843274,2.5078383019149335,0.15810019627307306,-1.9642068257479903
-0.004743477314585553,0.012487038168740291,-0.0029933080378773177,0.006505686345847572,-0.2624187253924935,1.9848113868957025,-1.3906792193640707,-1.4601988617200974
-0.004758180217996228,0.012576648245047926,-0.0030659045810520484,0.0064194805965676754,-0.26300623447674965,2.0268272053359095,-1.3287890084117222,-1.5041044990369967
-0.004790883393128624,0.0126504714995802,-0.0031456033465820524,0.006359718437754724,-0.26355710387589804,2.0732749491379554,-1.2852547666473182,-1.5458578156958407
-0.004780315795840987,0.0127285907841681,-0.0031776897983325308,0.006267219518042921,-0.2605551505016503,2.088065211698129,-1.221141581325231,-1.5699785226948213
-0.004534644636515251,0.012197393173168283,-0.002578856819109981,0.006650352547102687,-0.2414932416989419,1.7240545610830225,-1.4957647654676796,-1.2472980305958155
-0.004631481922592041,0.012369479997438834,-0.0027981735732426865,0.006551100400698979,-0.253115576173742,1.8632694975342565,-1.4251239009753027,-1.3661721087150698
-0.00464620196432756,0.012466013138137161,-0.002878161304504221,0.006463101882003944,-0.2545233049415118,1.911304777405779,-1.3630824930390057,-1.4157712427321387
-0.0045481832422872345,0.012306222108567747,-0.002671671417499698,0.00655630995342328,-0.24541193140228443,1.7828528439241291,-1.4301347498687706,-1.3076573730910444
-0.004262679402002453,0.011929464417320712,-0.0021320872257678965,0.006686700440815445,-0.2102831225782801,1.434917558306144,-1.5159443196151428,-1.0246885862499928
-0.004445114850986114,0.012139383337891677,-0.0024524444604568634,0.006639698941366506,-0.23271606379516105,1.6430897869092915,-1.487736658719186,-1.1901039130874427
-0.004369848778188137,0.012073419297473173,-0.0023352672603778085,0.006644231976448151,-0.22439847951858863,1.5677597302314739,-1.4897140761348238,-1.1331891746912153
-0.0043111190229405665,0.012003001780468103,-0.0022304997527142225,0.006661766936715976,-0.21537609084371076,1.4997963857400498,-1.5006024492185286,-1.0787765927184205
-0.005772335539535996,0.013625042424162202,-0.004737131546464632,0.005564170835321067,-0.22360662272789364,2.936202795325094,-0.5897027608541245,-2.195693208427041
-0.005696166242459583,0.013613312147129911,-0.0046267230009332146,0.005559144919794028,-0.2264200140460417,2.8643720438664944,-0.605535564640504,-2.1522936199642575
-0.005811783271929093,0.013695247850419126,-0.004793508989526269,0.005471979301096336,-0.21467874360586942,2.945450891483399,-0.5177378411009155,-2.2071242236494246
-0.005894029797306668,0.013787707963364985,-0.004907285864758537,0.0053546882409924645,-0.20093809100972496,2.9819584014767506,-0.41780143058420055,-2.2351396743433156
-0.005821578352525019,0.013775105703007575,-0.00480288236776583,0.005358173293993542,-0.20564419926525493,2.917148723801237,-0.44133290738933795,-2.196220859114859
-0.005914911440872146,0.013858707412880547,-0.004928928643358297,0.005254506584739129,-0.1924438618282421,2.9626930146723507,-0.3482311908547208,-2.228012019663663
-0.005940420334122903,0.013928733783589022,-0.004954501955915931,0.00515670395628036,-0.18362761401348604,2.945609728898368,-0.28011696562853,-2.2211811679328872
-0.005624636143069794,0.013588203630138221,-0.004524209636264275,0.005573214317565932,-0.23047698082848708,2.8034321484206006,-0.6316571167085351,-2.1138342675047785
-0.005560115410722502,0.01355173837952044,-0.004431559768518757,0.005603600608269247,-0.23467768312920032,2.753262221480288,-0.6659775025358864,-2.080418525855203
-0.0054410979712639605,0.013394884103880816,-0.004246842412525666,0.00577597664917007,-0.24970504330299556,2.6776483714565047,-0.8063092561578272,-2.0184121260834114
-0.005475494935803358,0.013451550800320095,-0.00430317607716687,0.0057119524582604,-0.24471729729136085,2.698725726048145,-0.7560526029995468,-2.0374485540675598
-0.005510609678708563,0.013503560331238354,-0.004358274259544528,0.005653344761807798,-0.23963137386243552,2.719688820075475,-0.7094267004861826,-2.0555310784164207
-0.0053000421905145265,0.01324916482541273,-0.004024571884562842,0.005910973895120761,-0.2598575317644242,2.5655291191036267,-0.9221620500169411,-1.9334415106277067
-0.0053299769898961045,0.013327019785985656,-0.004083749537896016,0.005821510948992123,-0.253749464993602,2.5857762894486505,-0.8555691466246683,-1.9555310943581183
-0.005360922092731978,0.013394595341189057,-0.004139193281512725,0.0057447047796832275,-0.24772285495005741,2.6047356837112656,-0.7983457378514097,-1.9749502039272657
-0.0049930017166301055,0.012908247209550467,-0.0035121449641950853,0.006183317371029807,-0.2685117421208148,2.2862279708547297,-1.1479831949481818,-1.7167147667913356
-0.004889764495217933,0.01287564434457388,-0.0033756882701020427,0.006164038113070217,-0.262927253940287,2.200771517335994,-1.1422722331181274,-1.6616439752393284
-0.0047718785967175905,0.01283594035560755,-0.003223330694202793,0.006143607387692403,-0.25567166673851244,2.1069176667489873,-1.1358216901885798,-1.6004430048126603
-0.005190739817738173,0.013148706448681486,-0.0038525097751869043,0.005989702098134074,-0.2632593352736563,2.4718328811051635,-0.9917546625168568,-1.8639527094939992
-0.005129023770202412,0.013102963268005797,-0.00375865096300068,0.006017157080832177,-0.2644080748359937,2.418170531876825,-1.0181944177518751,-1.82543441990582
-0.005204587185932223,0.013235381860695115,-0.003897103229973785,0.005885709598438414,-0.257315777686828,2.483253023245594,-0.9176918168380118,-1.8826707666215994
-0.005016587104533721,0.013005137535492673,-0.0035826786679499195,0.006079820095969736,-0.264427862287325,2.318070647615737,-1.073209806384286,-1.751574346199231
-0.005049948258761217,0.013100057426067608,-0.003659936871645311,0.005981623554259782,-0.26009477042099466,2.35299902995148,-1.001744541743462,-1.7866411387423675
-0.006639664073616391,0.014363517951027499,-0.005818922091454389,0.0044891184959054906,-0.07918426503203185,3.1991357202626833,0.3759412534058589,-2.3551620124673955
-0.006577461162503624,0.014368808184365268,-0.005723604899181539,0.0044940045973106135,-0.08708019162986748,3.1429006658362266,0.34058153937477087,-2.326246002767517
-0.006797512754667341,0.014409155143244728,-0.006024879570246069,0.004380427763776816,-0.054145477975378664,3.2712304642423997,0.5142199567998661,-2.3841764817364957
-0.006738982678631464,0.014397113519394844,-0.005945476038470349,0.004414910255428779,-0.0634628486647111,3.2395613706463204,0.4647125185032404,-2.3710270402011147
-0.006681492794674775,0.014397400067015245,-0.00585964254335051,0.004429151838538771,-0.07156145286248013,3.1939801575301847,0.4255039443693952,-2.3488426042391346
-0.006812655105935266,0.014457340809469746,-0.00601256962142021,0.004304000248629167,-0.05072635843487399,3.2226963142131986,0.554897136926679,-2.3537405730145156
-0.0068443445737339315,0.01448424403358399,-0.0060393817064623,0.004254101185723194,-0.044907046184122314,3.212223604503408,0.5938113735466676,-2.344162450148577
-0.0068603995544844094,0.01452474516148397,-0.006032093516649874,0.004189529739994785,-0.0415674242538498,3.172588733135424,0.6286921786730993,-2.318422250168456
-0.006907950185394301,0.014561498858988274,-0.006072079758567482,0.004119336701729878,-0.0339064171028682,3.158057960915839,0.6838226340357326,-2.3041573412858134
-0.005970166505586703,0.013994297052351765,-0.0049842476727511706,0.005065877347765545,-0.1755526083769321,2.9321388788314935,-0.2162554482315873,-2.21556037034636
-0.0061411312516063314,0.01405766713138086,-0.005216566729746629,0.004986260607140102,-0.1572414308328616,3.045460508026507,-0.11003557869360268,-2.2826614696944705
-0.006070833585731648,0.014060567433032509,-0.005113026574914955,0.004978448408276922,-0.16227914204191932,2.978499863404028,-0.1313756222529506,-2.244283195528008
-0.006014100894980889,0.014046617413966487,-0.00503504553702352,0.004994781948194797,-0.1673196000050361,2.9372893979914583,-0.16050374321483774,-2.219955787983075
-0.006222583616871583,0.014173582530879395,-0.005296688302491893,0.004817377578600083,-0.14024025240558669,3.027560802850803,0.015286225148659804,-2.2727937372631914
-0.0061791990894751216,0.01410922139658295,-0.005256047647755544,0.004911579900977815,-0.14942865670973052,3.040392868723944,-0.05313074097611149,-2.280130553825241
-0.006409946468361028,0.014239145318896381,-0.00554466761593964,0.004710274962628693,-0.115598337254247,3.1337704794725183,0.1531359020221554,-2.3297563696081824
-0.006463938006612088,0.014296100692784072,-0.005596409054481353,0.004619718006933639,-0.10545139176715755,3.1244286365329867,0.22404489839237596,-2.321986900390446
-0.006503149769440783,0.014371613108837198,-0.005613397691317582,0.004503322593553721,-0.09652214658870505,3.0806975321437484,0.29860598572530855,-2.2938635284512876
-0.006334149482534526,0.014249496120758357,-0.005428247058004012,0.004701501872877701,-0.12331954074207414,3.058601207002734,0.12322118862303015,-2.2884411114498757
-0.006245667313094558,0.014250955210428618,-0.005299828193864612,0.004704874924680385,-0.13153446597660154,2.9830770207193535,0.0841448459471245,-2.2464823600451678
-0.006187600445207897,0.014229549564158788,-0.00522539034964539,0.0047376560634840555,-0.1379516536310087,2.952576889405947,0.04441081270530347,-2.229411592267454
-0.007123096438628303,0.014669681490794857,-0.00628462128185395,0.0038722381457583026,-5.866655016351803E-4,3.142163810535011,0.9063951224838689,-2.2653340063288927
-0.006907492612687541,0.014639972073263192,-0.0060089058692512284,0.004008464706868259,-0.03311859044727767,3.0603222846647147,0.7201210883989547,-2.245018098442037
-0.007071149653059768,0.014676631744842511,-0.006205848540348124,0.0038874929071302813,-0.008172359975939033,3.1052434556149637,0.8653523290365533,-2.250708880836079
-0.00700175146193408,0.014658960585216362,-0.006124622361552241,0.0039433510309011535,-0.019071131498826197,3.0905961555636305,0.8018897447130638,-2.2514738910134935
-0.007163084764943803,0.014695407911858674,-0.006316263154809641,0.0038162370258163734,0.006034431180758532,3.127058839826088,0.9502138665796558,-2.250024727435529
-0.007943007604479971,0.01486145949691419,-0.00715532902867304,0.003025700788940474,0.12737320559260248,3.081934257991963,1.7494403084104047,-2.043306282062106
-0.007969629909188843,0.014894406769269123,-0.0071415181597678885,0.002960372085105208,0.12734053948465293,3.026023738807318,1.7724963839860626,-2.0039694776710366
-0.008103806173663684,0.014944337528389149,-0.007226635406493465,0.002769169097174694,0.14175824763415215,2.9317275415191815,1.903503208456245,-1.907598632743298
-0.008075687777225515,0.01492289675621911,-0.007225696948024399,0.0028223085436762537,0.14075601859741713,2.9709759627017327,1.8796206189672204,-1.9385646904486131
-0.008101781531383042,0.014980782905616528,-0.00717140369609537,0.002730240381986142,0.13637995531828204,2.8721420906386674,1.8907187135665537,-1.8760618335042945
-0.008001799042144564,0.014920413710287203,-0.007143158576782923,0.0028984888876483813,0.12897844601178424,2.9813864494152664,1.8015136738627169,-1.9690216133020326
-0.008039305988808624,0.014930156376244,-0.007173150340669868,0.0028503392853601634,0.13389420140457609,2.9625753454634522,1.83890798255944,-1.9464342823838752
-0.00727345309489264,0.014699258576488216,-0.006465825196384799,0.0037507522527998054,0.024052215467794038,3.1746986876844328,1.050173311341202,-2.259990145976076
-0.00721364360042448,0.014729895497348485,-0.006352876785713966,0.003741876839255639,0.012876534608071893,3.103332780181986,1.0055249669158315,-2.227545262070489
-0.0073140615204841984,0.014742455531249872,-0.006477596315808377,0.0036674589503778617,0.02851710835545702,3.129480403536682,1.0996373166026225,-2.225667903892713
-0.00736085515823268,0.01476185717935431,-0.006520943256883386,0.0036124749190826035,0.03646550793091899,3.1197655203363075,1.1478362386125796,-2.211090275519347
-0.007397296064008098,0.014799127268152733,-0.00652997340789837,0.0035394525346139176,0.040278958493302146,3.0783454169635367,1.1898057311532952,-2.179285458267571
-0.0074327038545246365,0.014847119675537574,-0.0065245426415050396,0.003453269813530102,0.043017370509103585,3.020373291282186,1.230618869205532,-2.1377941418116397
-0.007657688003855204,0.014851928710244202,-0.006809681760762016,0.003284837466221189,0.07949552854495656,3.0685564292076584,1.4495737660789862,-2.1161325890128952
-0.007478687081144221,0.01485516623535146,-0.0065753385237092635,0.0034119358789724344,0.05018480164831879,3.0219451778484534,1.274771257627454,-2.1294120802920102
-0.007596110372803451,0.014858032833557291,-0.006723381378556776,0.0033241597702045084,0.0690548560787325,3.046506553128317,1.3884177013177406,-2.118025834864417
-0.007536622613068902,0.014859266615339211,-0.006645470292722223,0.003366102636976452,0.0591102460169387,3.0308503152072386,1.3304967570187805,-2.122275089328458
-0.007812722672466162,0.014870882026987239,-0.006981550784461257,0.003132632268352,0.10397278189756785,3.0599905379040755,1.6090412653319068,-2.070203127828052
-0.007760263021586664,0.014882552399334179,-0.006901022502877651,0.003162909232312986,0.09402224716112674,3.0355711635163583,1.5538610376754447,-2.0708065710304875
-0.007676994950567175,0.014894502917804564,-0.0067819297619268705,0.0032157686328097186,0.07890605111046363,3.005875950417511,1.4695277290968232,-2.074981149402038
-0.007712559443373179,0.014905048721467144,-0.006813248471383001,0.0031741882332429693,0.08406380162991875,2.9946570438652262,1.5046235339430694,-2.059702186053779
-0.00789242646988231,0.014884280110614425,-0.007062004893842957,0.0030449419580986068,0.11586258368839397,3.0426820412557594,1.6917364748186394,-2.037212828704632
-0.007844710832229101,0.014905133393889792,-0.0069758060026462705,0.0030623669568328234,0.1054261708855002,3.006673822651884,1.6392554234715513,-2.0310099541265174
-0.008218650959663032,0.014993231141992682,-0.007280782965790094,0.0025949356901473065,0.15170951307846967,2.8295656862395684,2.0072203749489357,-1.8115504754878058
-0.008187184892770752,0.015009942465889551,-0.007222108701757807,0.002610407452709521,0.1446868272133443,2.8098741208273266,1.9687839227386417,-1.812594454714511
-0.008162480734189395,0.015001675048041663,-0.007207661325360104,0.0026451066472990355,0.14203318848969437,2.8280769583618444,1.946515971767567,-1.831109427292099
-0.008127829725330823,0.0150051837627005,-0.007164792369430273,0.0026768869953728005,0.1365537458429409,2.82891576706852,1.9100564397710864,-1.8436657206977125
-0.008254313118463679,0.015010469380452302,-0.007292564210469298,0.002538209481190604,0.15390914980739945,2.7927446473441213,2.037008399865964,-1.7787717735486148
-0.008553687511251714,0.015040117824507001,-0.007540555987724052,0.0021620841140997074,0.18861511107569265,2.6319498750882446,2.3228184217491274,-1.5704992419690684
-0.008583393798340055,0.015069659350728445,-0.007518576276590738,0.0020988817965224772,0.1862767544330914,2.570371453392198,2.3331302490693933,-1.5267714228990703
-0.008617022458998893,0.015095114797219701,-0.0075059735543828365,0.002035126124733499,0.18519967158488118,2.513499306905136,2.3485524189990787,-1.4835185141964267
-0.00851498735660106,0.015051226774465703,-0.007486653518129368,0.0021989556471271594,0.18162301259922256,2.632727242322122,2.2783055610262077,-1.5888091254301184
-0.00832340325181867,0.015018925291808267,-0.007351131605870962,0.0024533130437402674,0.1624807696249946,2.759118192470176,2.1038644883689224,-1.7342592487959472
-0.008283964913107374,0.015041527302343394,-0.007276151242664866,0.0024737619487310947,0.15292242058293257,2.7352800466976444,2.054181088380059,-1.737272152072311
-0.008352686857097297,0.015041490714541087,-0.007345694796173191,0.002397625375064633,0.16208614040864863,2.7133812807516993,2.122914482039215,-1.6989152725714292
-0.008478286033811249,0.015061923907230696,-0.007435112185002069,0.0022328026684793503,0.1750581044679386,2.6324975414592946,2.236380974531461,-1.6051015489097764
-0.008418730764642713,0.015047187644125812,-0.007401767767365856,0.0023165743174865723,0.17016546172528843,2.6802368955132003,2.1858766386458606,-1.6546702508797198
-0.008446558864502119,0.015066204377767534,-0.007398322519969568,0.0022659965061491926,0.1701628357904805,2.6393044227079914,2.2031149773671275,-1.6222296811082686
-0.008384143949844597,0.01506879000302704,-0.007334238653653469,0.0023351977787236223,0.16168537510116468,2.6595920640646615,2.1407575239970833,-1.6585947323564838
-0.010111496198746269,0.01514905600534222,-0.008034620743997044,-1.7418701367761123E-4,0.23777288694425555,0.9762711561963525,3.165781797972578,0.12806635964668975
-0.010142568647952994,0.015149495878609483,-0.008031188413477509,-2.2254303816055023E-4,0.23696318591160698,0.9363257557317687,3.1683868521139975,0.16632242809820222
-0.010169330138673459,0.015156012398495459,-0.008015941070518963,-2.6345607137228874E-4,0.23473534492680323,0.8975742857117631,3.1623920975424418,0.1982393839521841
-0.010199976792653503,0.015163414380965246,-0.007998075294044456,-3.0996985558262276E-4,0.23214891562397535,0.8534071776262604,3.1549474590076874,0.2345353269024262
-0.010291853567529891,0.015150639954985409,-0.00800746628808252,-4.5387364726810997E-4,0.23226004257447613,0.7436315913532724,3.1725595618944453,0.34985094017569524
-0.010267291316460585,0.015149643511050088,-0.008013943418152238,-4.161093083312491E-4,0.23334002486173236,0.7759272530982335,3.173980154804513,0.3199612384886254
-0.010233717075618532,0.01515738419516506,-0.00800475549121754,-3.6293024820710523E-4,0.23266920874537236,0.8141985065763127,3.163777501707187,0.277080636063239
-0.010400427254964099,0.015180849679332272,-0.007925615000872249,-6.127034486715479E-4,0.22189626192969078,0.5876332670135217,3.1290463287015036,0.4727600414094986
-0.010314325043884473,0.015164954216263325,-0.007975754071011648,-4.855417292745066E-4,0.2284960379784618,0.7060999470065504,3.154016981296778,0.37372008459603767
-0.010347307414726557,0.015167277384317085,-0.007964161977346389,-5.354331014554132E-4,0.22675967172220007,0.6625386585572395,3.149701830167846,0.41302933161264305
-0.010374787368135763,0.015176647516745705,-0.00793999790451625,-5.749937006442823E-4,0.22372300542560172,0.6224669803499071,3.1363688208402256,0.4433612033186513
-0.009833628525852872,0.015169364507159474,-0.007989510780312471,2.567037175123851E-4,0.2363973135615738,1.3036701080503936,3.082744050488752,-0.21203260109372565
-0.009811827945297806,0.015194778894607673,-0.007938447856553149,2.869729032854486E-4,0.23055461959415344,1.3061741616040787,3.045855638020352,-0.2363197695220082
-0.009863182816321035,0.01517855380105103,-0.007975093083239453,2.1025095952427792E-4,0.23420009666602962,1.2599318932565913,3.080366696594373,-0.1761163579543399
-0.009893138286871675,0.015184645104490354,-0.00796605495981291,1.637369915869734E-4,0.23263319526900814,1.2185785194998389,3.0811595848500333,-0.1400221903374813
-0.009922709058148089,0.015185477992415168,-0.007966414344674733,1.1830778953641695E-4,0.23225728975493512,1.1821692230725291,3.0875365879965844,-0.10452910769600941
-0.009950331521935892,0.015180888099346956,-0.007976447773869202,7.606721585021616E-5,0.23308282092598717,1.1524560093902119,3.099451252030996,-0.07123828414234455
-0.009974444856443809,0.015171648359549256,-0.007994798005783295,3.9151738130244764E-5,0.2349621963622258,1.1305187857799164,3.115864565427341,-0.04178752913226529
-0.00976079462581807,0.015203264147235551,-0.007914947796350463,3.631772923077991E-4,0.2284536096784349,1.3576092012334995,3.0191998301287497,-0.29547813520336447
-0.009787433857115621,0.015218900135783123,-0.00788959825287257,3.2059092900055215E-4,0.22506369332750498,1.3124101924132263,3.009974591907937,-0.26287036827804405
-0.010022657071391891,0.01520093480125706,-0.00793928740162444,-3.502304907364613E-5,0.22769122223371133,1.0480162382938198,3.089269275033755,0.01498156600698518
-0.009996111239359349,0.015187670673926686,-0.007964522932935222,5.566938148145063E-6,0.23102194713802726,1.0909053937617301,3.1006097231899172,-0.016210542900607906
-0.010089699251183542,0.015174006842121146,-0.007988230710263349,-1.3878573580836573E-4,0.23257544617724618,0.9853989121761166,3.1321350552350853,0.0982997788797013
-0.010079323323668846,0.015200076903999363,-0.007939240377497247,-1.2150639426479217E-4,0.22692689308475114,0.9791049975015028,3.098802276714586,0.0830458345980199
-0.010054274635636875,0.015210310383027734,-0.007920901710501709,-8.2963434841322E-5,0.22510164626661974,1.002352421904627,3.0829704366329715,0.05210285517249592
-0.00928097518304877,0.015188144102783336,-0.007790156609968127,0.0010783132277356105,0.21914042177418833,1.8821903086828125,2.7994605650316298,-0.832664502456787
-0.009180014207697311,0.015177626011993723,-0.00775850964607767,0.0012272794087059419,0.21608114558279104,1.9885033362186386,2.7432047390376995,-0.9401750896194173
-0.00920251560428664,0.015201224796583479,-0.007727797488557786,0.0011832245640681532,0.21206212639007396,1.938623167029311,2.73586818155826,-0.9072248152089831
-0.0092431697041241,0.01520603657832924,-0.007739541306583523,0.001123547112196281,0.21318754107555124,1.8957647128656068,2.7577534835443203,-0.864326222568814
-0.008864199203436965,0.015085325312600385,-0.007721511317577666,0.001723331857839768,0.21272999334481182,2.373119164893813,2.5787142048135654,-1.2900090935111554
-0.008891751910441217,0.015095111130268379,-0.00772449108986088,0.001678879351331527,0.21312187050807022,2.3385679678439293,2.5944362335006415,-1.2593002450169413
-0.008986106632807668,0.015114403172722885,-0.0077558265103551275,0.0015362825165246606,0.21695767965438248,2.2382587195023054,2.65636796721836,-1.161070718536882
-0.009001090889200838,0.015141058696919268,-0.007718218078703119,0.0014981365863837189,0.21214245534358697,2.1888815475585517,2.6449535477837776,-1.1320348986187363
-0.008919677793051492,0.015104105736183778,-0.00772857304885845,0.0016344958137006862,0.2135810042777897,2.304542205739064,2.610565392411512,-1.228531016376247
-0.008951355027904647,0.015112279795016066,-0.0077361296589155415,0.0015855519054858334,0.21431746055750175,2.2685710981340055,2.6299129065985976,-1.1946700301171556
-0.009109285404220825,0.015145485477269006,-0.007776995208924653,0.0013449739759337097,0.21893051670274222,2.092837181183915,2.723225147952025,-1.0257676828656441
-0.009152533946421893,0.015180789983320547,-0.007737927573862278,0.001264212151251735,0.2137306075797676,2.008794895584437,2.7211825752074947,-0.9660445172488835
-0.00912288882068052,0.015180897777387944,-0.007721193326570092,0.0013055550241644683,0.21179965527719272,2.0344286976430084,2.700221297997633,-0.9950784779054779
-0.009074386566283722,0.015152054130897938,-0.007744462235022791,0.0013899244421802385,0.21505968153087204,2.1137634240467773,2.6913370357386834,-1.0564550059566065
-0.009033744322177366,0.015154923124005935,-0.007714376222807546,0.0014444364359930957,0.211424484037164,2.1435225461864067,2.658077740491383,-1.0937795071741416
-0.008811451747209464,0.015088941969779121,-0.007675300429344019,0.0017911410865231413,0.20692031463701124,2.4045953618527225,2.5296153247041713,-1.3335069300459128
-0.008839109984796254,0.015107351454988455,-0.007664310288971521,0.0017404940990638307,0.20560649024788855,2.358209212330349,2.5393906828758896,-1.2978296035738166
-0.008717458812433292,0.015081956757502835,-0.007612592793786481,0.0019195085169037061,0.19880744950283363,2.4759439995640946,2.4502388150052785,-1.4159758326411302
-0.00868161288798665,0.015091965208162828,-0.007566021188851959,0.001957032032193894,0.19280459843156608,2.482239848925023,2.410385460236113,-1.4371432529177577
-0.008655687905016108,0.015115781764524825,-0.007504592120310083,0.001969661441609722,0.18537288046887654,2.4610352727267686,2.370464471456019,-1.4400048730458954
-0.00861417641473194,0.015140448305504733,-0.007429181843333834,0.0019999382444693885,0.17618998958217638,2.447451219914162,2.316777525753737,-1.453284105631357
-0.008780351939713462,0.015104779649543383,-0.007623879735274508,0.0018197542008191686,0.2005148718237861,2.401643750896153,2.4900354130662445,-1.3491468661100419
-0.008743816182113779,0.015117912082009273,-0.007572789304447341,0.001856662487561115,0.19416157717953683,2.4055768027747693,2.4480336201651642,-1.370187988685207
-0.009309602621301979,0.015204520366874412,-0.007773491138447791,0.0010297523639912314,0.2168167053210686,1.8351500490035197,2.8007948177334687,-0.7966020843288844
-0.009405604012499314,0.015209762095346411,-0.00780423169387755,8.891435389319181E-4,0.21966630929232853,1.734973216790399,2.851388188993427,-0.693342215347993
-0.0093463577722635,0.015215046122109065,-0.0077704100288534745,9.724805729893384E-4,0.21598483383675077,1.7874110791651814,2.8121023765423248,-0.7544701552339338
-0.009378788798035227,0.01523459327994637,-0.0077482541447560374,9.179476048918311E-4,0.21293722212174074,1.733560839200653,2.810888260903095,-0.7138421286619051
-0.009443409372835292,0.01521669247144166,-0.007805765288453309,8.315787989302948E-4,0.21933753247205479,1.6890398878271333,2.8647043348127386,-0.6505683476193967
-0.009508010946875534,0.015212645255560306,-0.007835545463757851,7.3844980168585E-4,0.22229175686037347,1.6267306921244167,2.9022332906371813,-0.5811484180587491
-0.009479441130833917,0.015237720436376686,-0.007779844353822404,7.718316195475112E-4,0.21568959394754142,1.6294429490308986,2.861251234709545,-0.6057526720468976
-0.009700043524589188,0.015227582938813785,-0.007858279361198312,4.4998483788436314E-4,0.22244295898936928,1.4033989214159563,2.9695903682520015,-0.3625068416475962
-0.00973257472886598,0.01521971785464483,-0.007879180685432955,4.028498412661278E-4,0.22468377654438984,1.3743273768743125,2.9903883179009836,-0.32631589151955526
-0.009545542693607799,0.015220728240856437,-0.007832310058217903,6.806987818346688E-4,0.22134952156768636,1.5785731989226561,2.9116350781812423,-0.537713777774485
-0.00957800166010731,0.015236551644138828,-0.0078124100853268754,6.284059108256486E-4,0.21848162484548686,1.5277904747489963,2.9094088892236747,-0.498225994064553
-0.009628478688082887,0.015244090518500245,-0.007811669013373715,5.522651419941167E-4,0.21788264007376637,1.4660170190239763,2.922874667371676,-0.44060551940515374
-0.009602668707021473,0.015248429155739759,-0.007797137934920553,5.890425066076596E-4,0.21612491139740522,1.489436327350347,2.907217191043296,-0.4684398219809352
-0.00968053949572151,0.015262063068466109,-0.007790333467286167,4.717341188769099E-4,0.21469853496643346,1.3922171008855997,2.923673811197164,-0.3795413150892484
-0.009648813085950792,0.015262529111202228,-0.007782491906788519,5.180696281527406E-4,0.21401544125208946,1.426081314483513,2.9108658596654733,-0.4146839383125127
-0.01102951268816302,0.015008465640471617,-0.007942333735720916,-0.0016324713882055941,0.22310479190272117,-0.17514505912087527,3.143935949863596,1.3002075221502694
-0.011020680279336894,0.015026318702839636,-0.007916286395030642,-0.001607401042871244,0.22030952428631795,-0.16563785862055957,3.1270109377518245,1.2771004204621839
-0.01100344380799385,0.015032528834839534,-0.007916846230323892,-0.0015784101296663219,0.22011011466430877,-0.144302791034866,3.1285858674754645,1.253512308129608
-0.010986038256353668,0.015033197490195244,-0.007927292163747341,-0.0015528848331330836,0.22116138183420944,-0.12211020203558723,3.1367393955702676,1.2337265249368763
-0.010969541377910315,0.015043325483277721,-0.00791984292525224,-0.0015223941326011632,0.22034329452996146,-0.10227021969792634,3.1327205293870306,1.2080944185515499
-0.010857891459878649,0.015051044398882342,-0.007974626152428778,-0.0013543598533647082,0.22565039827778063,0.04094424749028447,3.174558183178476,1.0761133907015799
-0.01092984440191292,0.015042214297034413,-0.007947256125465776,-0.0014654620917701284,0.22304661169159457,-0.05097163923156279,3.1533267871548554,1.164268884622483
-0.010949094961588749,0.015051694663278516,-0.007917866236250341,-0.0014874395154162482,0.21980654346284875,-0.0772933088046283,3.132523448723472,1.1794630753804294
-0.010907670958187966,0.015051687525168509,-0.007943734686890719,-0.0014271872486593317,0.22239865360960162,-0.02393097039786131,3.1519410195242936,1.132735555128752
-0.01088231691913765,0.015053078068623589,-0.007956503591186903,-0.0013891811224480603,0.22376257949290937,0.008676661553938038,3.1615324177942346,1.1029074143938402
-0.010844503798702013,0.015071485141387432,-0.007944765212639954,-0.0013228596933867406,0.2223530100761751,0.05389171112555482,3.154746297795803,1.0478161183839452
-0.010827219634354613,0.015092749239993115,-0.007915518292521559,-0.001285604523984193,0.2191486069857149,0.07142057291786154,3.1354849100550974,1.0150015912396342
-0.01105113266481444,0.01500927899339437,-0.007925627932478732,-0.0016629616013134477,0.2215049539952791,-0.20299842059245754,3.130979517722316,1.3234614827666853
-0.011086258767404308,0.014996512120194145,-0.007923112885189534,-0.001722389625041405,0.22165555897089664,-0.2468850589428426,3.1263484624666646,1.3717655354021618
-0.011071469296391703,0.015009895757177583,-0.007909954564363834,-0.0016915639305804318,0.2200338134332323,-0.22894108768242072,3.118770308355448,1.3451918353816688
-0.011106880565706264,0.015001675169493914,-0.007898630372109893,-0.0017478302516286837,0.21922363169667078,-0.27336881955169484,3.107960667698667,1.389982214024357
-0.011129752720191935,0.015003593720468337,-0.007878048339533454,-0.0017785950269239416,0.21736817456774452,-0.30222167252162097,3.091894761945747,1.4128752205914845
-0.011149721509592697,0.01499944319290546,-0.00787012990662596,-0.0018097134133609645,0.21680003347591012,-0.3270922552065408,3.0845124356415963,1.4373911918652837
-0.011164567502141344,0.014991345693993862,-0.007872876191819846,-0.0018367110475869686,0.21732648109556169,-0.3455424470484015,3.0847351853752003,1.4597559455120015
-0.011183903619177713,0.014991310126110532,-0.007857729531023719,-0.0018636125290078746,0.21603597746381206,-0.36962687800555244,3.0724009650973665,1.4800393232430356
-0.011205927586082605,0.014999258001769825,-0.007826329542796953,-0.0018876514231859823,0.21302714373619464,-0.3966272076609112,3.0488681222719918,1.4960671864901516
-0.011229729392228901,0.014992009717702938,-0.007819682953059319,-0.0019260660055519644,0.21283789324004238,-0.42596289251465336,3.041472408615562,1.526596207096132
-0.010710221872749474,0.01511992031967071,-0.007925424300209665,-0.0010993250290417544,0.22027401087207024,0.21469544840828753,3.14294286096309,0.8647451362758484
-0.01074120079842237,0.015120626246114991,-0.007909231311015057,-0.001144753070419817,0.21845905068095336,0.17469049115509083,3.132192257536533,0.9002737790990941
-0.01080348149879178,0.015114326374657696,-0.007888992135290998,-0.001239256575831203,0.21626240351066592,0.09678320831510893,3.1181386037405923,0.9751399577582143
-0.01077083310641586,0.015119530786356451,-0.007896446703750117,-0.0011888247466071385,0.2170034174162319,0.13709777792717695,3.1234909779301727,0.934928888237241
-0.010467103776068432,0.015128871490829263,-0.00800428821003654,-7.290191903515409E-4,0.23015867156229566,0.5274193872773498,3.186411971328002,0.5708089429905768
-0.010538399957494853,0.015116681619600086,-0.008003199919905729,-8.421484537560236E-4,0.22957924378529657,0.439597144935397,3.18999930529055,0.6620784489747961
-0.010492667266494749,0.015129573190853576,-0.007994730048583734,-7.678804209197639E-4,0.22895288216898982,0.49367185997268287,3.1816969908652646,0.6015602150852012
-0.010517448156585424,0.01512558750342926,-0.00799384903906702,-8.070324459519658E-4,0.2286484648474897,0.46310733508610785,3.1825843850189894,0.6330978342999275
-0.010557878298753008,0.015126126165310292,-0.007978256816062653,-8.682859517362262E-4,0.22667273190024376,0.41003977075006354,3.174189096884033,0.681575536213081
-0.010582778789928278,0.015131158043519409,-0.007959349830870979,-9.039895911875851E-4,0.2243648736713376,0.37561007122151024,3.1626164684397797,0.7091621491400574
-0.010676820702950555,0.015135469891113477,-0.007912084921198785,-0.0010426966711626123,0.21882946906419493,0.2527386827832969,3.133621675908942,0.817917689475033
-0.010642841593158852,0.01513587956616812,-0.007926137904248821,-9.920446406742314E-4,0.2204078709061534,0.2962521921838337,3.1423117652293553,0.7779799921108844
-0.010611731594254386,0.0151339824821985,-0.007942584446370487,-9.463640286813249E-4,0.22243856465484826,0.33701585777177173,3.152442694120184,0.7422708566722364
-0.010446874203547035,0.015151705789410106,-0.007967364873299519,-6.911831355545876E-4,0.22633080217345977,0.5425128270830583,3.1603105539288916,0.5382005266027772
-0.010428846664031328,0.015184013507207722,-0.007912016272992954,-6.546371922118516E-4,0.22007809661463082,0.5499909939972368,3.1223136399567086,0.5055633328113981
-0.01274511266988174,0.01417903773967821,-0.006964955704827449,-0.004575090004568659,0.2413725662263595,-2.215138107573798,1.9109469679745894,3.470738174695978
-0.012746243595075,0.014194991057441571,-0.006947507867987964,-0.00454812477866676,0.23435777107426733,-2.200181826576619,1.909269685612488,3.4411101821139702
-0.012887863498982957,0.014081696266412034,-0.006802742769651785,-0.004812976784931745,0.2451547821072786,-2.3426309127198173,1.7139263687141562,3.601951185643442
-0.012902324326286527,0.014088580318359814,-0.006771162442978305,-0.004806549948621682,0.2407496348172878,-2.3383321064449976,1.6951428669037705,3.58343259819164
-0.012900672279216817,0.014072603630183415,-0.006787593488059644,-0.004834317517128899,0.24500229430486412,-2.353589137344839,1.6955543105699427,3.6130434079775937
-0.012875026190632998,0.014090748636029148,-0.006817809045399979,-0.00479161099177628,0.24652377589066535,-2.3315526450529074,1.7321402198786415,3.590746564455946
-0.01288944090546884,0.01409761424676991,-0.006786326739505958,-0.0047853543022180235,0.2399328264329148,-2.327494015278496,1.7134116413518967,3.57230846205254
-0.012862160483752987,0.014099760647311358,-0.00683281508074943,-0.004770187885827509,0.24701797227051436,-2.3203732574046505,1.7502827876870006,3.579331195947068
-0.012876552708059269,0.014106652880961733,-0.006801349482392462,-0.0047640416078046305,0.23902142426261472,-2.3165076864201346,1.7316219405350262,3.560961110935477
-0.012849266508138673,0.01410873220903958,-0.006847769596093362,-0.004748694967248901,0.2460831834543085,-2.3090893956950884,1.7684015022614699,3.5677233535053685
-0.012863645602043288,0.014115681571460018,-0.006816263474348538,-0.004742635748021096,0.2384267968668168,-2.3053861728163914,1.7497606404391475,3.5494518969687907
-0.012836344393790975,0.01411766323049986,-0.006862659801275842,-0.004727150615741218,0.2450130827746582,-2.297695164726911,1.7864683650129243,3.556008201295683
-0.012850706499102381,0.014124659748802684,-0.0068311233515074765,-0.004721200697271763,0.23807305609995164,-2.294160367410609,1.7678137403723735,3.5378646553803894
-0.012915194536480254,0.014079510485849883,-0.006755904210701624,-0.004827691457175347,0.2411032550042664,-2.349056373522093,1.6768193296568754,3.594396235346372
-0.012913452405312716,0.014063470817168192,-0.006772354789031398,-0.004855642031171276,0.2466883158967943,-2.364395550229507,1.676995779898926,3.6241254939958956
-0.012928029588771775,0.014070355149951882,-0.006740626261387889,-0.004848857286310467,0.24114991269422523,-2.3597128369256235,1.658432461183409,3.605313314723658
-0.012926203763119731,0.014054297909219785,-0.006757041241014186,-0.00487692970873215,0.24899420253183702,-2.3750374856502705,1.6583072317251457,3.635205812035762
-0.012940811099122684,0.014061108055526845,-0.006725362657896032,-0.004870054845424228,0.24122560175521293,-2.3703045094044284,1.639974897533831,3.6162219147459775
-0.01293892622972893,0.014045084994930427,-0.0067416678975726,-0.0048981595365168475,0.2509479533454316,-2.3855351824211213,1.639568263866127,3.646233107616703
-0.012953534402663213,0.014051792421104286,-0.006710102741260499,-0.004891245137960826,0.24152275970372347,-2.380801603900437,1.6214443041094224,3.627092718597883
-0.012951619681256434,0.014035832164153966,-0.006726244409497972,-0.0049193183335571895,0.25194736876756424,-2.3959245023500686,1.6208340749900831,3.657133730060196
-0.012964283993995941,0.01402653950718722,-0.006710774597643569,-0.0049404011216283095,0.2514116168979597,-2.406234889980715,1.6021141028460464,3.6678276335988493
-0.012966216625135264,0.014042438201215292,-0.006694794380022959,-0.0049123842959043285,0.24218479644965352,-2.3911722025883253,1.6028349469277305,3.6378682999123773
-0.012599083920050673,0.014271388858033656,-0.007118852998669443,-0.00433174169422582,0.2385410027720327,-2.074496462985759,2.0983940418284397,3.3261036661095087
-0.012599741722672019,0.014287417782175906,-0.007100396386501863,-0.004305379436821254,0.23001271467504045,-2.0596658893042488,2.095251114234394,3.2966733816220093
-0.012612490095141666,0.014263202493758264,-0.0071052067196317155,-0.004354089063730141,0.23901664151287874,-2.0877789878680564,2.081752161766113,3.339819812333905
-0.012613207709661699,0.014279203865464338,-0.00708683901245094,-0.004327706847604382,0.23027842418762715,-2.072995850498511,2.078751827672899,3.310355625792703
-0.012600654871190296,0.014303896872751964,-0.007081553481849208,-0.004279040768974832,0.2294956415432822,-2.0475667342644424,2.085361430983413,3.2708543977372635
-0.012586988402679722,0.014312101149283324,-0.007095129920457677,-0.004256602809404145,0.2290943991523093,-2.0341268934915786,2.1018136546296358,3.257087368586347
-0.012665855778034212,0.014230036994013361,-0.007049949295747143,-0.004443002382664756,0.23929090191939184,-2.1399193319334984,2.014612866495008,3.3934749863011944
-0.012679931447948366,0.01423764367377904,-0.00701821578388625,-0.004438355537481686,0.2326533236710899,-2.1378797383365793,1.9951228084344945,3.3771015863038047
-0.012652553475482133,0.014238391211262554,-0.007063858551883397,-0.004420854853328224,0.24014985552349358,-2.1270165797811242,2.0314948837125497,3.380289358436054
-0.012666632841176856,0.014246004585353716,-0.007032122238271639,-0.004416363403302966,0.2319578064484844,-2.125150266710907,2.012007040771167,3.3640224844570636
-0.0126392250056941,0.014246703588587152,-0.007077705537057219,-0.00439865191177803,0.24019590392760218,-2.114032439289212,2.0482981891345293,3.366933585073348
-0.012653332088294124,0.014254349842636821,-0.007045896102345545,-0.004394299470221705,0.23132799530601147,-2.1122932757899373,2.0288029090508175,3.3507761921348584
-0.01262587050132173,0.014254974043432976,-0.007091490385908296,-0.004376393257877982,0.23958997999723688,-2.100955777572007,2.065051451860248,3.353431300137272
-0.012626627791949738,0.014270956131320215,-0.007073235042283785,-0.004349966138132952,0.2306000462446364,-2.0862113365728536,2.062175906432914,3.3239305400151458
-0.012640002247910303,0.014262671425048001,-0.007059587863410909,-0.004372163148138743,0.23091330434596805,-2.0993110050270007,2.0455247300628883,3.3374025031232146
-0.01274759098416907,0.014211261406977593,-0.006929913736422536,-0.004521320490724623,0.2336598496088198,-2.187445758094332,1.9010096979749538,3.414778906737578
-0.012734378252899123,0.014220030839819889,-0.006943890933016303,-0.0044992828414822696,0.23326714973949478,-2.1751431168789903,1.9181249646047573,3.401990906251911
-0.012721045689926465,0.014228730419604584,-0.006957979050274936,-0.004477199422686482,0.23277940274730238,-2.1627233037232316,1.9352978248341615,3.3891547534782824
-0.012707623219487646,0.014237251067263769,-0.006972235519816489,-0.004455267471801143,0.23228373457570847,-2.1502814674527078,1.9525285356463475,3.376437625764101
-0.012694214109041554,0.01424560510385995,-0.006986479711299634,-0.004433521009555227,0.231872967843799,-2.13784624186153,1.9696674821615703,3.363807258301755
-0.012477850964207303,0.014375989633814689,-0.007199620716392396,-0.004076670143646548,0.22687617008086078,-1.9237593650603324,2.228704947023685,3.143790686943962
-0.012491648399482006,0.014368014397887192,-0.007186859380212477,-0.0040995743954457325,0.22722369103640574,-1.9380362257132202,2.2131416315377233,3.1585194732187785
-0.012478482057098493,0.01439339176364282,-0.007178541676925097,-0.004049649348661962,0.22310419211379637,-1.9108790680025003,2.2193589207043103,3.115652137518282
-0.012505346784264293,0.014359932565825096,-0.007174213377450798,-0.004122487240757571,0.2275595492012459,-1.9522193179517056,2.1976276737637583,3.1732373502409765
-0.012518917393309402,0.014351839377407048,-0.007161621291374344,-0.004145239008881711,0.22783163122817687,-1.9662253517271104,2.1821499243511204,3.1877970044881097
-0.012545942663791622,0.014335894237054836,-0.007135875196143437,-0.004190008171924712,0.22818628178619238,-1.9936669388556367,2.1507716862985724,3.2160639519537155
-0.012532412806806554,0.014343812782847779,-0.007148914405860132,-0.004167743241191831,0.2280264976333393,-1.9800314755374278,2.1665894309890414,3.2020902335913335
-0.01256007987769229,0.01434452373111899,-0.0071035577217904095,-0.004185850234121906,0.2250866557436688,-1.9944516607394476,2.1270138711504014,3.202735588051663
-0.012573905254138705,0.014336964488138737,-0.007089497346233097,-0.004207444942555102,0.2252754199308841,-2.007636673697889,2.110535923697609,3.215735791446726
-0.012587871470117832,0.014329169305630057,-0.007075314638863835,-0.0042294118870416,0.2254935962830018,-2.020946636138436,2.0938264870105843,3.2289451268011784
0.015086423729337713,-0.010178364497504786,2.8584780791783023E-4,0.008149742978514035,0.29608560419907887,-0.2234682123246472,-3.1606701565026722,1.3689684998859182
0.01509843923309178,-0.0101924763684231,3.067924202513033E-4,0.008124451706318427,0.2938008899938796,-0.23933458893088924,-3.1412338094357395,1.3737667579262085
0.015096491207044755,-0.010160532130944422,2.5622855259533787E-4,0.008132128674425634,0.293576293084475,-0.20005982407822828,-3.154804454475539,1.3370650175995944
0.015104177321720346,-0.010121719110624103,1.937533724397755E-4,0.008120863742612058,0.29123673815240425,-0.1510147249732828,-3.158255615855132,1.2820785909119032
0.015107843763010751,-0.010139296076046826,2.2132734782235152E-4,0.008112155768849785,0.29077421970821565,-0.17246397307462266,-3.1482593983066427,1.2999578836377557
0.015110253113921357,-0.010106307894976805,1.6882703763362023E-4,0.00811020264665266,0.2896261420089467,-0.13132246264067401,-3.1556472043632144,1.257307412010488
0.015111851058163334,-0.010083708617700594,1.3290170440849304E-4,0.008108528725471553,0.2888221575805992,-0.10316593324665868,-3.160330300864349,1.2280690035695978
0.015121892613757354,-0.01005973316151504,9.44993589123139E-5,0.008090121002184163,0.2861861418895751,-0.07283685285250875,-3.1547861461193385,1.1892893595640865
0.015127043657278167,-0.01003804057519101,6.0127118743740415E-5,0.008080795158749323,0.28466998314001185,-0.04573770876408087,-3.154140309647929,1.1579060721093486
0.015122676659613378,-0.00999569611568625,-6.628961846843391E-6,0.00808965873877525,0.28458853579073656,0.006736571612537347,-3.169408807170796,1.1092942642175965
0.015128071874654507,-0.010016040191401723,2.5453538041098943E-5,0.00807915252877617,0.28389333200702715,-0.018452118780195925,-3.1582157724573396,1.1298248730880258
0.015139867639991686,-0.009954947020308493,-7.037287194979829E-5,0.008055514265393955,0.28011668892979996,0.05720000041499557,-3.1567794554275737,1.0439574065897004
0.0151338397520768,-0.009977262854949565,-3.5522635964896884E-5,0.00806776496448697,0.28183748100987666,0.029671300414173884,-3.159718676932615,1.0767298318349965
0.015074766936758181,-0.0103855289296777,6.178019297858045E-4,0.008131832694916767,0.3019301563472922,-0.4795388430415182,-3.0857271435694638,1.6264065124617668
0.01508625628532593,-0.010399749428203335,6.370938436392093E-4,0.00810571067872984,0.2995519060619589,-0.4934891984462679,-3.0656346513348094,1.6292705232113576
0.015112215056826887,-0.010205971567712703,3.262789797358235E-4,0.008095821552367795,0.2912561438845011,-0.2538985391439997,-3.120046781451365,1.3758598147100611
0.015105287366188245,-0.010219124614915814,3.4805979747553836E-4,0.008107360873508196,0.29295948145219813,-0.2710615628553587,-3.1232728022695166,1.3986440855428157
0.015106428798584383,-0.01023298179756177,3.697838339755057E-4,0.00810299855224525,0.2928884065520578,-0.2878009605587799,-3.116636126245707,1.4139077952859258
0.015106685618128212,-0.01024913744443675,3.952406640010581E-4,0.008099833175531477,0.2931702798002514,-0.3074489958364101,-3.109994179247566,1.4327398193655771
0.015085053702829592,-0.010368132161552369,5.876248736570862E-4,0.00811644025250829,0.29946915814031666,-0.4559815432423558,-3.082546542243081,1.5946957605078136
0.015093786153215156,-0.010351312356280081,5.589488949994267E-4,0.008103720308443378,0.2973784173356289,-0.4336293625547157,-3.080615681847966,1.5655625958154655
0.015107642957403439,-0.010265537181557469,4.2092492318044744E-4,0.008095088516800115,0.2932336504667718,-0.32719375854028127,-3.1022736612411816,1.4510099968273629
0.015107727381457473,-0.010282273279987422,4.47256831588251E-4,0.00809178692430945,0.2934673501326342,-0.3474336916099004,-3.095257429426312,1.470482589223513
0.015106582915146211,-0.01029942777516566,4.7446417261773734E-4,0.008090583326215407,0.2939693087168053,-0.3683655053046478,-3.0892916240081134,1.4916575469933253
0.01510405787583924,-0.010316739942580403,5.022098534682669E-4,0.008091807579546728,0.29475608361919275,-0.3897429699627774,-3.084633532624664,1.5144308834778142
0.015099935115335012,-0.010334066097242996,5.303668681292577E-4,0.00809590286533853,0.2958631428713088,-0.41148285214726205,-3.081571983819074,1.5389202179684796
0.015049894755572023,-0.010625585255851945,0.0010028244821232363,0.00809517710775994,0.3088150148699626,-0.7690127909600885,-2.9746455648431946,1.919094198525942
0.01505590190556435,-0.010640458597264894,0.0010231689859847295,0.008077205979136394,0.30731240903366747,-0.7833178419900698,-2.958685590448735,1.9265719466172702
0.015069743532672064,-0.010651126265435603,0.0010333816365163128,0.008046230015411897,0.3042537392292504,-0.7894046541005463,-2.937443991159194,1.9193235647262057
0.015062152134507852,-0.010608604767750541,9.713089976624351E-4,0.008079084467009223,0.30600635372507856,-0.7447574341278512,-2.9727851833302736,1.8855485716085794
0.01507157022785934,-0.010588342179814705,9.36122799166072E-4,0.008069530709996602,0.30390808591166557,-0.7180749605583533,-2.9756527480292294,1.8524298142448872
0.015077257461118064,-0.010567926210090596,9.023259307824469E-4,0.008066833755579738,0.30260230431900176,-0.6926842356892015,-2.9821782765056253,1.8238568616004633
0.015081700608142668,-0.010546376651051768,8.673123138395587E-4,0.00806662502331224,0.30154258748591145,-0.6664069444537438,-2.990363437251469,1.7955145116507387
0.015084598560349056,-0.010525046503950839,8.332249213290069E-4,0.008068949055384618,0.30084967428139325,-0.6408599821815716,-2.9997609811025794,1.7691843532819644
0.015087367944353001,-0.010502742601166433,7.976580695583114E-4,0.00807153755363662,0.3001203536410561,-0.6141715724813678,-3.009508903040811,1.7418264137924362
0.01508923589738983,-0.010480757725971679,7.628646578404084E-4,0.008075391885642153,0.2996219033154075,-0.5880096950362518,-3.0197309241157004,1.7156829278906611
0.015092375955453893,-0.010460739461875168,7.306965866261463E-4,0.008075850773346528,0.29879388336974727,-0.5636494854107764,-3.0271739823699666,1.690007596154192
0.015093545979291226,-0.010441907101595609,7.009863089390088E-4,0.008079448046041736,0.2984573918803082,-0.5412621735800437,-3.0358698347628352,1.667891525698163
0.015091322429858115,-0.010426797653165218,6.780540574819285E-4,0.008088234233890334,0.29877010489462685,-0.524124000396177,-3.0462054528324636,1.6537202449769723
0.015098601837663941,-0.010413576702143702,6.552961900487894E-4,0.008078057590846554,0.2970940182360224,-0.5064418311217688,-3.0448953028608545,1.6305253820335903
0.015108164388831868,-0.009831718331219421,-2.6691378500276827E-4,0.008107685039126622,0.282839926507018,0.21331182613299207,-3.2144517234033034,0.9132286683690536
0.01510432577523271,-0.009815080790867414,-2.9374606528688566E-4,0.008113090800817124,0.28318086997104513,0.23476532719839574,-3.220970821305458,0.8946865067118001
0.015108803524562354,-0.009798558013547317,-3.192700901617788E-4,0.008102081743034693,0.28171994304748066,0.2551296307032198,-3.216781014509618,0.8699222865326252
0.01512506223652143,-0.009916958445254264,-1.307534305594747E-4,0.008082426735633546,0.28193888488588836,0.10495314857108086,-3.18168552082938,1.008499355701997
0.015129794958036874,-0.009895717979240324,-1.6385901431001162E-4,0.008071806180910869,0.2804664606865565,0.13122747420079783,-3.1791825086618406,0.9778677055060188
0.015129804232285968,-0.009835979122708855,-2.576528548611178E-4,0.008066097774138295,0.2788480867119381,0.20578603939430584,-3.18684863954635,0.9021310363144385
0.015132243616443415,-0.009855089246622062,-2.2741924680010455E-4,0.008063458908486506,0.2788824906052019,0.1817180484427403,-3.1816361777986963,0.9245430138892242
0.015132163113757742,-0.009875022616249366,-1.9616324863044052E-4,0.008065522947811406,0.2794433825315548,0.15687510376777877,-3.179193503075826,0.9498470010605701
0.015145481209453068,-0.009932630894642445,-1.0505295828418597E-4,0.008043740970325236,0.2784552659474067,0.0846518035250133,-3.153953139329642,1.0115462597469167
0.015113504446446149,-0.009776960284921372,-3.5262957439444767E-4,0.008089679930320793,0.2802307799095907,0.2817750397816918,-3.2124507280847507,0.8384953187980665
0.01511622046698213,-0.009756771941593287,-3.8393897199100223E-4,0.00808108566061555,0.2791175100849474,0.3067415213588522,-3.2102346552200176,0.8104912000578317
0.015130874403302795,-0.009736792910886607,-4.1260472135732463E-4,0.008049155605008509,0.27576999638093325,0.32945438390910536,-3.192664719498176,0.7744347603384779
0.015118507890216756,-0.009688966015542673,-4.897091916871437E-4,0.008063466193110908,0.2767303916401764,0.39145707752509856,-3.209223716331117,0.7210217260997771
0.015128603232589485,-0.009709954402031267,-4.548567718771286E-4,0.008048361147966572,0.275348816621547,0.36328195658494583,-3.196240891724788,0.7414626997905279
0.015121787733265672,-0.009642156819076994,-5.618402389917459E-4,0.008046208966998284,0.27475430653586935,0.44923958881794107,-3.204371489172021,0.6580979207814747
0.015126597444481865,-0.009666723025370175,-5.225176716504228E-4,0.008042841257009619,0.27435978995460647,0.4176313754827032,-3.1988635446407847,0.6868791569345302
0.015140353071757612,-0.00962523222138155,-5.832792177781417E-4,0.008006240780554551,0.2708981834997105,0.4660173448186856,-3.180302635577669,0.624718827313445
0.015139126163753734,-0.009601428768423036,-6.201809689164338E-4,0.008002241385867229,0.2704483869546712,0.4955935198386002,-3.1806225747570527,0.5948358311753507
0.015146973927435869,-0.009568875672130578,-6.677396436875301E-4,0.007977999231717601,0.2679376676317701,0.5334097173299469,-3.1684223081020764,0.5485388627269132
0.015164197576105407,-0.009544446067063658,-6.99586900873521E-4,0.007937977860796456,0.2643242851559009,0.5582527685128571,-3.14465783542788,0.5079846516783174
0.015125519240370727,-0.009091445489963287,-0.0013820623730275237,0.0078028706211826435,0.258543393454528,1.1057857589843698,-3.075563926852191,-0.051126603941848044
0.015122869204183948,-0.009049198009659101,-0.0014431232353031825,0.00778173908292642,0.2579009217534283,1.1542686913287274,-3.060750909919762,-0.10290778755623707
0.015130627371792299,-0.00900861050573194,-0.0014946478810334224,0.007742017166005152,0.2557872872273739,1.1937646085306264,-3.0331386892504404,-0.15391336796840596
0.015131995815953628,-0.00915834888074553,-0.001283105482314542,0.007829873720441862,0.2590670470123517,1.0266653660908076,-3.0937907556805118,0.03092038166737787
0.015149664658795955,-0.009203699322740363,-0.0012084778379952384,0.00782221606588269,0.25745474901816573,0.9658072171622961,-3.0881270349366647,0.08277503557065104
0.01514953312846358,-0.009178650867677881,-0.001244414565706759,0.0078090717337304825,0.25683121395751596,0.9943199710838473,-3.0797120618482285,0.05160239082810954
0.015139975626477892,-0.009128346661386814,-0.0013213298512089536,0.007798355410453574,0.25703286335683884,1.0561976960921837,-3.0727360555418066,-0.008566700613885965
0.01514118250460765,-0.009470057656357242,-8.195569927982111E-4,0.007956562073207052,0.2661557164335933,0.6554427400737969,-3.163921810167347,0.42456577394721023
0.015139983546245565,-0.009444557141868475,-8.584242018054652E-4,0.007949409505491124,0.26552853078351046,0.6866043550736677,-3.1612832923193115,0.392430814265343
0.01515781936444252,-0.009424760274773548,-8.81235334197221E-4,0.00790830289237432,0.26207635468735463,0.7039577331206085,-3.13552525588397,0.3589070611013742
0.015179555418189557,-0.009219450329369243,-0.0011704818601701106,0.007775957941154688,0.2530898235057005,0.9329747696447378,-3.057077204457112,0.09372322614042371
0.015176080920473135,-0.009251411557063176,-0.0011265891783358796,0.007798275304309643,0.25438581212052,0.8983924639941613,-3.071156444082067,0.13427927771870718
0.015173325484035594,-0.009395496866871904,-9.184240702500057E-4,0.007867824626387384,0.2586567508255331,0.7328829337326048,-3.1107170803323956,0.3151373317191339
0.015172284992740709,-0.009361120078801802,-9.69329276911595E-4,0.00785553038027671,0.2579308689998576,0.773612923244665,-3.104568280080074,0.2723211547343369
0.015164046246425495,-0.009287787851229549,-0.001079929117324823,0.007837849311433128,0.25732067581702495,0.8622650684641695,-3.096213617038708,0.18345290197072425
0.015165800294788175,-0.00932652632366446,-0.0010227412626438923,0.0078524318198757,0.2581515925157197,0.816631083535177,-3.104271637805346,0.23136006981688048
0.015161940585662635,-0.009514904165676321,-7.448060247630284E-4,0.007932825306020462,0.26375992951668215,0.5945203900316214,-3.144162022930737,0.47159008329432106
0.01516250914222177,-0.009485160969576679,-7.892924917693724E-4,0.007921703942312,0.26296936028591855,0.6299891273377113,-3.139513054473484,0.4335863996611876
0.016721668394019285,0.0165236628391955,0.0021494986136004666,-0.0022232796247532824,0.024859078171138214,-0.9321199953795156,-0.019919985451302715,1.0392230945517815
0.016772918001882305,0.01582089560310125,0.0022108239280100076,-0.0026126314187782562,0.038540021752738636,-1.0123611752374584,0.09094912931729358,1.1413822366620314
0.01641535737915113,0.01468078911176475,0.002491482814795582,-0.0034747697982486637,0.061995073997235424,-1.2198676142001899,0.2959064920136533,1.422289174474573
0.016567848770356098,0.014349484937674226,0.0023630806842020358,-0.003645143885717164,0.06747753736060282,-1.2046885232821685,0.41130421642188253,1.412237010495132
0.016691606731215957,0.014028886997549353,0.002237732454261229,-0.0038077974291380614,0.0723980977414949,-1.182073712870275,0.522030381777071,1.3957511919169694
0.016802592071233177,0.013723542456462887,0.0021071059493169455,-0.003953379039655715,0.07725741661887782,-1.1481593315891867,0.627715096563227,1.3663401361303842
0.016715692510600053,0.014992845520012796,0.002289536184367873,-0.0031469704863708024,0.05367967519932037,-1.1137101783462657,0.252859869639829,1.2783896943500943
0.017013825795795044,0.015343690040577842,0.0020979006097312032,-0.0028258358558181894,0.04756063933690339,-1.017450181834718,0.20994226815338113,1.1528129639668716
0.01658471878673176,0.012723325684444306,0.0019355980380983669,-0.00477611240504995,0.10073873925428856,-1.1460873313694393,1.0232106367006875,1.4465010265820135
0.016944708049438813,0.013432401365441164,0.001946222471004274,-0.004055568462542094,0.07908768103313597,-1.0917750127826933,0.7254951602732435,1.309271060541562
0.016726202788961232,0.013198527006234148,0.0020203905515620273,-0.004353072789242255,0.08771518610436359,-1.148510264292218,0.8189172885968389,1.402877940266702
0.016840699946883253,0.012886495478399871,0.001838132296836354,-0.004470559973842494,0.08996307515906275,-1.074850597058343,0.9285016597687331,1.3293620537787822
0.016458747746287403,0.011151981148521986,0.0010184927376209148,-0.005760282833919733,0.12675218954857528,-0.6754866623460227,1.7166803418882612,1.0849754110310794
0.0165598733059368,0.012406543064239255,0.0018010500056458818,-0.005001993949911778,0.10614967337218385,-1.095217322852864,1.1642620235358618,1.4181432010565962
0.01655832401412421,0.01206964855729708,0.001615171542149103,-0.005206815693472615,0.11353917074272722,-1.008503861624822,1.3107336432603007,1.3509920038757046
0.016754285910077844,0.011887658875064993,0.0014016455358141684,-0.005113199098747124,0.10510576890401334,-0.8827680348031358,1.3312459120088358,1.1976591036903217
0.016705411078321398,0.011619051226456508,0.0012564233142102596,-0.005290766180695413,0.11120058314375812,-0.8042070809762546,1.4476366516680408,1.1391676016551673
0.016644569415420075,0.0113575484640707,0.001102286172292919,-0.005467929041317448,0.11605009816625209,-0.7171396510818182,1.5641129064398882,1.0750775782084157
0.01623361214732763,0.010003588925214435,1.3008864978128358E-5,-0.006277236365494148,0.14470644520834497,0.003961055356637686,2.1247211325742614,0.49768623324819067
0.016303453101464,0.010614736938390072,5.970872791737912E-4,-0.006117142909772049,0.14123658234431302,-0.4055636472693535,1.970185502551616,0.8768659891194339
0.016274545393900157,0.010407539173969868,4.0596212439472683E-4,-0.006193577637934635,0.14216563057500062,-0.27475973485515337,2.0376621120247993,0.759187736165776
0.01626668391360479,0.010193146524627912,1.9862755134033067E-4,-0.006226902769702746,0.14352384898269444,-0.1293880233011012,2.079893351039873,0.6186223224259334
0.016375204549824947,0.010067288473385009,7.406272983254238E-5,-0.0060869567687717304,0.13466547915814522,-0.038852805374361095,2.0225863294640654,0.4960638450337602
0.016472984037405953,0.010937822673662771,8.375081086431065E-4,-0.005816843281700319,0.12869265384363307,-0.5586054728513802,1.7812567405261375,0.9722156477724039
0.016485563538469424,0.010719489970488261,6.489039952857258E-4,-0.005861309771828045,0.1285303386978592,-0.433910054573104,1.836706037652511,0.8504016194893563
0.016005758205490713,0.009364487600600283,-6.740033780598668E-4,-0.006504898179104345,0.16034979144194453,0.5077255536097233,2.278851554820733,0.06548018145409253
0.01619929986598496,0.009825334037670734,-1.6638301366471E-4,-0.006316488068990237,0.1475432136885405,0.13311113801385696,2.1589024577627263,0.37931615552410936
0.01613416074933168,0.009632255275527381,-3.696064388665874E-4,-0.006383415398263732,0.15130355107203664,0.2809568758976489,2.2058293802538937,0.25125914236100205
0.01615465654006561,0.009446465221039176,-5.521697703964695E-4,-0.006318077581660585,0.14841187066836345,0.4135018052681592,2.17504280071724,0.10642020294634054
0.015442015040859177,0.007779722215905985,-0.002534626673655791,-0.006243248506921563,0.2146149051211256,1.8293637438876507,1.9424792213680357,-1.1733464572514603
0.015561870560783737,0.00786584507638493,-0.002357698688473971,-0.006184475449026775,0.20202301538558526,1.6979637271024137,1.9387292516605528,-1.07842122150716
0.015991706768463204,0.009199892720385853,-8.482953446674767E-4,-0.006472341908366888,0.16056004418931372,0.635134127112992,2.259597137813668,-0.06389731855035796
0.016032169651403666,0.009068012013440272,-9.654877303802862E-4,-0.006366743748129024,0.15621685725716106,0.7169404553853537,2.198702773185785,-0.16784249536591922
0.01604803193558959,0.008964954548695453,-0.001058845332751262,-0.006302745284558167,0.15428616557012562,0.7825817202204428,2.158196439601142,-0.24473390349086963
0.01600225805811785,0.008868203683583487,-0.0011719918851083742,-0.006320192906408226,0.1578559878692897,0.8656662665171181,2.162429623891908,-0.31717278357213297
0.015695982366311922,0.007907596464749676,-0.0022096340437793125,-0.006065949562024608,0.1870775172477079,1.5784982135692047,1.894049001471151,-1.005979202295576
0.015701728865644853,0.008048687312092278,-0.0020947481641710296,-0.006175245955253471,0.18606247892283975,1.513618868016648,1.9767542132494604,-0.9253666928040631
0.01572492036379989,0.008176951699302819,-0.001971206705657915,-0.006247920489727457,0.18381561804106405,1.435251607397229,2.0388649246458295,-0.8406613515803161
0.01579680757312362,0.008268271926908776,-0.0018403276764981798,-0.006226849925024234,0.17540869437402748,1.3398249605332466,2.0444225671725484,-0.7637089185099225
0.015835034229285633,0.00837194966021548,-0.0017240539027153499,-0.006251365612859584,0.17252172960210335,1.2600081065852182,2.0732591912728697,-0.6877115856396606
0.01586777135647434,0.008487606180880307,-0.0015999287298882677,-0.006285526593731523,0.16950935507585216,1.1742757433445001,2.106836234582154,-0.603567694817415
0.015909232455473706,0.008614077097178102,-0.0014596850233280613,-0.006308732466401038,0.16587158641766672,1.0742148228907913,2.1342470469683668,-0.5090227101929109
0.015968528696317222,0.00873892242944226,-0.0013108441827644616,-0.006300193828274725,0.15963777170831428,0.9654699173827792,2.141778957037047,-0.4134380662979624
0.015405802759907784,0.007640685345694617,-0.0026714145369590363,-0.00614786459469991,0.22021547915612458,1.907052467249002,1.8562999013220423,-1.2595389485138353
0.015394104954342742,0.007478940630021838,-0.002792026718180727,-0.005996804561036838,0.22226745074256812,1.9609050352435031,1.7384712510369449,-1.3366096960429574
0.015298601242725238,0.007379740863471738,-0.0029542767615816073,-0.005990205065256945,0.23551690728315364,2.0673235984633345,1.69777048470354,-1.4225412445287144
0.015286677351034774,0.007247604013617195,-0.0030439797048522755,-0.005859277463898266,0.23782283070032775,2.0978484720075126,1.596858702349745,-1.4728209596980406
0.015248189661563525,0.007115050945608279,-0.0031567451993549365,-0.0057494440655138195,0.2442487699555155,2.143670098620262,1.5031553057569358,-1.5301687323260262
0.01519529215881897,0.006988448292776846,-0.0032771251982412317,-0.005653795687085453,0.2522363419678438,2.1953326154894444,1.415501795350914,-1.5871643264664712
0.011608276592079237,0.003846485611255857,-0.006618137617373191,-0.0015787353348335365,0.3420334407235616,1.4813668498287258,-1.247954599868091,-1.1161988529254876
0.014422190542327278,0.006244487229493013,-0.00446735739983951,-0.005226250458372327,0.36869050859928576,2.7506181764947413,0.8022715418279732,-2.0516133738437063
0.015145074638730011,0.006862155294693234,-0.0033894119223322737,-0.005551002896041975,0.2598809638033217,2.236909017360361,1.3252586795102177,-1.6363304166304342
0.0145049605737186,0.00629193936683715,-0.00435029474452632,-0.005251637608471403,0.3550048384552568,2.6945697512990345,0.8579359385097044,-2.0110959035319946
0.015081014486695951,0.006737846542138683,-0.0035117631346021977,-0.005456272214835042,0.267930883843649,2.2827424174468987,1.2372431865966556,-1.6865535998670427
0.01496711065896766,0.0066544859817883745,-0.0036758585226902445,-0.005438900927884154,0.2848906374722797,2.374875797943787,1.1797265131642414,-1.7576711118187276
0.014786000308422441,0.006562496688898765,-0.003927583381224623,-0.0054462533077564565,0.31118367733061264,2.52494641189782,1.1064761626455353,-1.865837182594025
0.01488396669418111,0.006580520250837436,-0.003799863681514945,-0.005405204241102105,0.29777418931215527,2.436403160227253,1.123198081036132,-1.8075391125678564
0.014604198377176924,0.006379908210384157,-0.0042047892395206616,-0.005317488816294278,0.33964327908628583,2.63808765099607,0.944290569686583,-1.9640820596377468
0.014723050452208928,0.00645888556376761,-0.004033963430330125,-0.005352995510230325,0.32063371140078023,2.55355733730832,1.0202071608512655,-1.899325260003024
0.014369931801899475,0.006157723672193528,-0.004545155765898676,-0.005130633433271674,0.3756717228125898,2.7529627044065075,0.7216679639294459,-2.063088548274685
0.014278480433694769,0.005989335778761994,-0.004673529072479852,-0.004936085822233938,0.3857293092696563,2.7352709675099605,0.5730987007824678,-2.0689335969974754
0.014352380450788307,0.006053321158146504,-0.004573653479425376,-0.004996776599012418,0.3749215197653437,2.7099055383863746,0.6410639737197801,-2.0468936537736417
0.014182883412591095,0.005829014052245112,-0.004795660778364629,-0.004748392034779018,0.39567268686884677,2.7106510584761536,0.4337815749834916,-2.065778186180245
0.014284861190355328,0.005880850191543935,-0.004663626401468935,-0.00479041328296257,0.3796423247254898,2.664262688433837,0.5046972408172284,-2.0327445062885516
0.014141548791321852,0.005720222948802769,-0.0048413194933925345,-0.004614230866077582,0.3958392283274135,2.6698315155489554,0.3534873381817047,-2.0467151054342927
0.011761607934040075,0.0039664797183519285,-0.006601730221943622,-0.0017792165187272405,0.3679679577666622,1.6146189260878532,-1.220532292019982,-1.2215268552680525
0.011927766763291011,0.004043690730483974,-0.006535731158622478,-0.0019625055174059373,0.38499450423856013,1.7241328307572956,-1.1611526695184542,-1.3144476733986368
0.012074428720276142,0.004132335468783378,-0.0064814330275439055,-0.0021393948244233696,0.400545267820307,1.829541973766614,-1.1078559663228253,-1.4009688279038626
0.01220873923279137,0.004213112937608078,-0.006423153079538724,-0.0023006304585234667,0.4147219788700815,1.9212679164632738,-1.0522151354153293,-1.4757217221722623
0.01233830800886049,0.00433384710036714,-0.006386261052131511,-0.0024938745403044033,0.4339525103442029,2.0363018597967883,-1.0032168437399076,-1.5634092808897493
0.012500379274110563,0.004428036015276161,-0.006292944314677889,-0.002684077337075682,0.4450907311886453,2.132515685643558,-0.918422704502297,-1.642546974488138
0.012655608529752295,0.004510595496251308,-0.006188572957471918,-0.0028546340265033564,0.4500270522786835,2.209694528307877,-0.8290612747118954,-1.707226850630574
0.012819192570241809,0.00459961835457181,-0.006069477362152388,-0.0030303493554571554,0.4528073673018084,2.2825740230852163,-0.7285814708421147,-1.7684932001257594
0.012965855374610837,0.0046625725184451915,-0.00594554270784111,-0.003163459802102121,0.4482108267909393,2.324806289830576,-0.6340620092527897,-1.8071455945512935
0.013408462116815732,0.004930564324664626,-0.00556398807803295,-0.003609006621807686,0.43604706410062904,2.452637739381851,-0.3296380658562656,-1.9141298567253393
0.013107966395852265,0.004770983517604062,-0.005841053355289235,-0.003338250515200568,0.45056862222122523,2.393832302480695,-0.5383324864207607,-1.861348519272436
0.013263817587820304,0.004868563138019966,-0.005706944385512859,-0.003499798268392039,0.44671149316290487,2.441362997713617,-0.42968887951373214,-1.9004061139410449
0.014049105747321735,0.005605964909284315,-0.004948010526106216,-0.004480754151584971,0.40449572388577465,2.655561447018816,0.25176750065221126,-2.043519802581272
0.013975412508300578,0.00547975995119717,-0.005022689379700845,-0.004326640366387683,0.4068166787218,2.613582484377018,0.15738074716038308,-2.021792814329331
0.013880095420679448,0.0053604741679347,-0.00511958640475754,-0.004180737602972581,0.4124644805061181,2.582397525743787,0.05944759960182509,-2.0043761848460533
0.01351504507883431,0.005020075195317524,-0.0054703682035049045,-0.0037355168126292798,0.4315487532549603,2.4882319085384967,-0.24876518235502734,-1.9404699541001909
0.01358970695736728,0.0051307393305806154,-0.005417138585014477,-0.003879731435492474,0.4357398175994069,2.546161067849512,-0.1781477766044425,-1.9791995797759159
0.013777445650139244,0.005256858254125303,-0.005222927577529194,-0.004050907855988461,0.41955076340191283,2.5588082620943697,-0.03244645730656771,-1.9899333803943922
0.013714937121501142,0.005148581052512341,-0.0052705913200872135,-0.003915083658179841,0.415863055132205,2.5075065785331137,-0.1004222621964825,-1.9582725283361935
0.011602063100861398,0.0036562571421252313,-0.006493688891655944,-0.0014599714746883418,0.31187426725463524,1.380635571310363,-1.172346054103466,-1.057587296713075
0.013218960751679915,-0.0052623454255944545,-0.005934353424861431,0.003967740037765666,0.516567474744203,2.812153172160038,0.40057482745612244,-2.1234543790771543
0.013149848267309493,-0.005197435137270096,-0.005992655533250054,0.003862420891145978,0.5169726548974326,2.7705789028372627,0.4667265624647858,-2.0938753058770163
0.013077034461840104,-0.005139028765763269,-0.0060557947313211674,0.003762683502918701,0.5195873866235144,2.733547257355907,0.5324338124167166,-2.066273604325773
0.013082471653454957,-0.005042475153852769,-0.006000574975937062,0.003645456286951228,0.5010212548728318,2.6369570303930847,0.538450835084356,-2.0087334183430845
0.012988243933806562,-0.004983742216725161,-0.006084030434201636,0.003537323493599041,0.5040549750647086,2.6009030970594793,0.6139448492813173,-1.9793139372946784
0.012920483293149607,-0.004892893965596756,-0.006115168031632405,0.0034010299440748047,0.4955240968014019,2.5270633184181612,0.6675567480401772,-1.9283071050882052
0.011954453207181744,-0.004195650901157916,-0.006620053995503682,0.0020994798991604306,0.4153915035598773,1.833738776549676,1.1998117054592488,-1.3830257833022859
0.011443180985879264,-0.003560095914952508,-0.0065184243000417095,0.0012863275238775335,0.29053407297832173,1.263628663801774,1.1968971047682568,-0.9618269978348193
0.01157230365899436,-0.003689168829544939,-0.006532733361939332,0.0014563047198561283,0.3152040455817137,1.3840114463330238,1.1985014200857593,-1.0546788235680102
0.011678768493035232,-0.0038105641967471795,-0.006549691574338683,0.001611863012770982,0.33872723129328186,1.4926019991493484,1.2002104360226638,-1.1355790546509044
0.01183622169102636,-0.004107325874236942,-0.006647721961287206,0.0019385918096116793,0.39632612514742593,1.7316357363569497,1.2353049925730195,-1.3023985042359707
0.011781705203054375,-0.003944050944908276,-0.006572629433667098,0.0017795623870001697,0.36480258904475066,1.6093574827097257,1.2019272884847652,-1.2216313955468356
0.01207858332970433,-0.004219856966973032,-0.006536657047233679,0.0022135110552931217,0.4182822855627772,1.8901039808901559,1.1334216972550657,-1.4369702271876628
0.012227464175039202,-0.004287609949903818,-0.0064553917120125795,0.00237777208432795,0.4292325542059224,1.9785047590620057,1.0617005911097992,-1.512289677887127
0.012326592953734648,-0.004414675476882858,-0.00644905135893262,0.0025601594810450014,0.4509880054347027,2.0951151673547557,1.0304107155324667,-1.597048768287264
0.012351318351469418,-0.00452212284926012,-0.0064962885939657605,0.002678973386647101,0.4730922596473733,2.1850210655000883,1.0402248594169183,-1.6534823042845377
0.01242417680099198,-0.004573561208411583,-0.006458952277164612,0.002778121297922128,0.48176966900766666,2.2394154398508967,1.000383538629989,-1.6966406831742706
0.012530166347598678,-0.004695535909123805,-0.006429885452795674,0.0029712353155524956,0.49908929590417117,2.3568221225285026,0.9451819473455998,-1.7817345488305174
0.012632501419571146,-0.004696859956853597,-0.006322447093939259,0.0030344102461718828,0.4886852928863824,2.36379970801207,0.8698591151138977,-1.7984247075023485
0.0124961143574498,-0.004589943501138046,-0.006397322707778546,0.0028412403062496126,0.47762392113732954,2.2619829408737426,0.9520519542103469,-1.719708119336572
0.012860998152601178,-0.004807619802540226,-0.0061366376163647035,0.0032761376071600173,0.4871405801251822,2.4556749324960525,0.7102169793102507,-1.879196716139133
0.01279731349783985,-0.004725944115072354,-0.006161757371286367,0.003154656856236234,0.4780927920454648,2.387901003592678,0.7523940787740945,-1.8313846411142152
0.012720865899357689,-0.004650308341366874,-0.006201049759100595,0.003033850125234956,0.47161902805825967,2.324741836119108,0.8009006304412339,-1.784451954525305
0.013304278458624275,-0.005257075657141213,-0.005821524291842301,0.003984172590764687,0.5000424147224698,2.773731758499696,0.3373993377375701,-2.105563758171881
0.01334415281836762,-0.005343211532664975,-0.005805620295199142,0.004106230531250977,0.5063359902332567,2.8411273988200922,0.2851962279837563,-2.147508588990421
0.013391667376994404,-0.00544337347654153,-0.0057823825416959945,0.0042503424325867935,0.512218560605532,2.920088311893014,0.2188407332029843,-2.195510557596044
0.013460159483431315,-0.005522405691930173,-0.005718495442317703,0.004370001388072836,0.5098269072829006,2.963071765791559,0.13875394753416884,-2.2224884016123725
0.01382450865016601,-0.006088959277418952,-0.005334263936921969,0.00519669498712571,0.4893947155116081,3.2436479761720953,-0.44445635953553225,-2.3648667006978976
0.01387821816751639,-0.006094990181924536,-0.005252681264640056,0.0051950686879876085,0.47666668717803473,3.1930083377121075,-0.47817838546747055,-2.335105862660615
0.013710088369097283,-0.005891579064257899,-0.005470310875828002,0.004911634977949193,0.4989763226133143,3.1582705360436916,-0.23011732530182158,-2.3294817992278847
0.013725856214746346,-0.0059471247714304775,-0.005459065839556429,0.004993873259920753,0.5006988592556268,3.2002137991840565,-0.27831645186250886,-2.3504421364181325
0.013763578690513065,-0.005982334533924903,-0.00540913640659143,0.005043108179082142,0.4947582442424731,3.1998793784139186,-0.32668610082388755,-2.3480629666089805
0.01379474546410332,-0.006033820088582172,-0.005371121933676338,0.0051171423692882466,0.492009033458734,3.2202641627086446,-0.3838508634763807,-2.3560566531851452
0.01350591686111961,-0.005593557717597788,-0.005679980829766034,0.004474910715416802,0.5101606301654918,3.0081509121667476,0.07541861842414516,-2.249232362917302
0.013545204198547182,-0.005721970180245832,-0.005666636601543955,0.004662187328206076,0.51821158417998,3.1167080040553707,-0.016041741691439033,-2.3100654458231555
0.013527730721236503,-0.0056619352254194556,-0.0056722319151697375,0.004574127090076255,0.514518385024706,3.0650765195169423,0.027432836290311426,-2.281453910256983
0.013677684647884589,-0.005841912422086566,-0.00550639143162738,0.00483958552310678,0.5012456768098684,3.1359917930827,-0.17699974598970702,-2.3188874919796025
0.013636004716133554,-0.005786633622731743,-0.0055531557447806,0.004759141876316511,0.5047759492670255,3.1138941968109326,-0.11590321738342547,-2.307925925453016
0.013598534953390234,-0.005738439553972652,-0.0055940819804286245,0.004688365020382062,0.506883845657753,3.093401869780051,-0.06268513350675463,-2.2971597978106515
0.013945760775716694,-0.006091642679635843,-0.00515019809610136,0.005174598806597943,0.4603363142091887,3.1205413811132447,-0.5098299890133559,-2.2931359735791452
0.01398298583655889,-0.00622310083573157,-0.005103503879529327,0.005363889150732587,0.4603024993845964,3.1934278902489344,-0.6378115235929992,-2.321410882986776
0.013981136801313987,-0.006155730568569739,-0.005102310601556304,0.005261808962569082,0.45680875469250104,3.138472186909588,-0.5787436725592013,-2.297072878022124
0.01449351363973637,-0.007063090282424821,-0.0041564294022916415,0.006357804215802767,0.364441272606145,2.996557666555343,-1.6228657538601496,-2.029954681293337
0.014527187182559987,-0.00707949875509348,-0.004098856853057909,0.0063523646037896165,0.3573147806604863,2.952859409385655,-1.6358479754495998,-2.0009318016463746
0.01454483826247021,-0.0071144946592066275,-0.004056431974010507,0.006388089680597258,0.35393105080435255,2.9344465296610056,-1.6735016111926626,-1.979819362387542
0.01448963570799148,-0.007017597185911904,-0.004181862641948117,0.006293030944040621,0.3653427546227323,2.9915816350884197,-1.5693548191808413,-2.041182755735072
0.014432003791854645,-0.006878616402700329,-0.004321099593717397,0.006131017020178005,0.3769558673376396,3.029324291424123,-1.4138358759553145,-2.1010695380837765
0.014459217237894968,-0.006913946591226796,-0.004267814542359312,0.006162947395975963,0.37119016505061797,3.0041169467951403,-1.4524971808098164,-2.0774817993196337
0.01448078089455887,-0.006965509779168016,-0.00421616118764695,0.006222632891551957,0.3670285481292405,2.9901892888101025,-1.5095217274513324,-2.055518793903292
0.014367121770932346,-0.006773617445249043,-0.004451578782254065,0.0060194003186671416,0.3901446275802347,3.075392222181125,-1.295163533013924,-2.153560865714241
0.01442673045959661,-0.006837937712685272,-0.004342382675925168,0.006073828497624009,0.37798708213720317,3.021878587401184,-1.367525147815959,-2.1072628001971343
0.014411530333115605,-0.006799630808405716,-0.004377023499681283,0.006027402643331355,0.3809576966562489,3.027339356171543,-1.3249683422887153,-2.1197677547304825
0.014249312011448457,-0.006686127955702489,-0.00465455290046769,0.005961930095590851,0.4150463623963844,3.190661305222933,-1.1872933325274053,-2.2397583569576818
0.014233570253821451,-0.006637893235614845,-0.004688467696356505,0.005896116806532729,0.41741245930506204,3.184481176211684,-1.1313919786429232,-2.2467570995691655
0.014299451952180835,-0.0066986784224563715,-0.004574001893830182,0.005949803374933133,0.4040704557209129,3.1298728835197624,-1.207063106957535,-2.2021944283162074
0.014344329818223287,-0.006725535137392312,-0.004498894119484537,0.005961705182478905,0.39419652784454323,3.08380795608056,-1.2403258951702087,-2.1695634898008236
0.014111845535738743,-0.006352679745210008,-0.004906965179396005,0.005516034530355586,0.4369563556098669,3.148091432461825,-0.8068033192760178,-2.2772375212361102
0.014074460653221247,-0.00629939818853567,-0.004965111777097444,0.005449413511374666,0.4428210840604669,3.1513127119043323,-0.7436005078168689,-2.2867640655325854
0.014032745282617656,-0.0062554818933877295,-0.005028452056882485,0.005397338123619658,0.45048832239570175,3.1641089314947313,-0.6876528590772654,-2.3001627834171416
0.014260769734614744,-0.006599297804382808,-0.004653251792728536,0.005820527784259803,0.41095868228527854,3.1265593673291354,-1.0934381474214918,-2.2214499937847747
0.014252118204039767,-0.0065547489538713925,-0.00467367852624371,0.005757280496810418,0.4115647686053365,3.1116713256626998,-1.0449190162527946,-2.2215020606733127
0.014234392896818734,-0.006505735019953449,-0.004707560468025922,0.005692193363363052,0.41438777913920793,3.1042494936532123,-0.9911627709127545,-2.226170454499585
0.014206124783645718,-0.006454101648046502,-0.004756410678569303,0.005628137963618155,0.41835294312067756,3.1058880852070465,-0.9330279878236084,-2.2361314205666365
0.014157330291470222,-0.006381894823424159,-0.004836312447037176,0.005541183473484766,0.4268471904078358,3.1157362115921132,-0.8491142438945494,-2.2535727666623244
0.014168933553645128,-0.006422381620686793,-0.004815868288108175,0.005597502711124475,0.42730710287989293,3.129674158894453,-0.891668407009543,-2.2554049084808394
0.0141679111711272,-0.006340405349243853,-0.004822749703877126,0.005474084488851385,0.4238341714145773,3.0743941509260786,-0.8136009024750701,-2.235408332816431
0.014746914637407058,-0.007588903308725617,-0.0034764742411024616,0.006847486586761106,0.31173690841504653,2.637142539517711,-2.15305550239831,-1.6440647459112274
0.014846378837205314,-0.007839397319941184,-0.0031401799943965377,0.00704815967484092,0.29237950692521536,2.422376047832174,-2.3689411622750636,-1.4206129745653746
0.014856251097955695,-0.00780634316656235,-0.0031569050920112773,0.006993614713807593,0.2909173754842853,2.4241674405333726,-2.3260923868796097,-1.4392184934558943
0.014779693398800788,-0.0076107007952785,-0.003415971614428835,0.006837198294639277,0.3057819933106321,2.5883467290024496,-2.159040161188418,-1.6107795737374382
0.014803957021701097,-0.0076364565700461845,-0.003364053809371672,0.006841724171507169,0.30138474541127347,2.5498541065101854,-2.173607276964034,-1.5806459687220193
0.014817532781972767,-0.007666086011859522,-0.0033230604858635634,0.006863717940504304,0.29890895032234316,2.5236493085990728,-2.1982580231788678,-1.554457111676404
0.0148276083006965,-0.007696986255964836,-0.003285241318922888,0.006891182590279282,0.29680236279844824,2.5009405006320695,-2.226098092823246,-1.5290978039365681
0.014836415132713497,-0.007732821557451167,-0.003244530092251874,0.006926079703817836,0.29503296647525096,2.477464947261994,-2.2596661259263318,-1.500755473507862
0.014843073240666738,-0.0077719518875629875,-0.003203134365305013,0.0069673893347131565,0.29368202316428554,2.4544536661325065,-2.2979399416493878,-1.4705638719394525
0.01484600602504953,-0.007957077946289833,-0.003031542995099511,0.007194944047224199,0.29149481746287115,2.3656274112207405,-2.4959215075296863,-1.3287361029445692
0.014851190232132157,-0.007928929697998955,-0.0030519786622438673,0.007153032782460579,0.2904873838517519,2.373909132967824,-2.461686887802537,-1.3490992830043766
0.01487256224568793,-0.007864076353086164,-0.0030854455306374637,0.007043816998097671,0.2876214203797436,2.3788670745828284,-2.3761224902290095,-1.3885259159290866
0.014872192742300614,-0.007900889580741016,-0.003052330159156988,0.00708961405901689,0.28760248999146937,2.361877433094991,-2.415345703531443,-1.3607236627999095
0.014870664007907567,-0.00805027691060436,-0.002909611926250098,0.007272485404955645,0.286879743178401,2.2826864255048585,-2.572994301603836,-1.2378027572667036
0.014894252996466129,-0.008069071349829952,-0.002862652452844867,0.007260342338936835,0.28309395138572957,2.2431719230360514,-2.571544135179344,-1.211026859666651
0.014936267662106975,-0.008254261508747607,-0.0026178826428065708,0.0074067702387892185,0.27620995537671567,2.069973096440709,-2.713024738399897,-1.0216938892866188
0.01496046187191559,-0.008284331521086558,-0.0025582604406295703,0.007401682799086745,0.2725276233729493,2.021281481202923,-2.7170255903007576,-0.984323926108562
0.014972302634049335,-0.008313879303941911,-0.0025124784308589664,0.0074144494320572425,0.270839971492455,1.9863174057996589,-2.7318629835848056,-0.9513885467657609
0.014903306516892685,-0.008099626626241937,-0.002820770805440113,0.0072826848072944225,0.2815722600631781,2.2135348477682837,-2.5942939859989806,-1.1799793078154674
0.014914650795497551,-0.008134810547670063,-0.0027710914231201915,0.0073063330930539525,0.2796425292861325,2.1777383275415585,-2.6189120660989285,-1.1434486172205574
0.014925547648035022,-0.008203234325953757,-0.00268574289657786,0.007367029741933802,0.2778581939861973,2.118750535876098,-2.6750794428811595,-1.0750605591087214
0.014922780544052392,-0.008170470897637021,-0.0027241161668462017,0.007334563814725622,0.27828756531053417,2.144598083198348,-2.6461680231587885,-1.1072069401001148
0.014952280744089682,-0.008221726195443682,-0.00263619167723108,0.007346721199861311,0.2739249831688358,2.0760389107630637,-2.6672422679787715,-1.0481085998719637
0.014866097042704909,-0.007982871066720739,-0.0029820198360941564,0.007198071570468325,0.2877856989050722,2.3269166306651825,-2.5066990594285308,-1.2976972205212618
0.014875129663778804,-0.008016460901052938,-0.002938149564387756,0.007225643263457554,0.28635879521739854,2.2972022216917236,-2.5340604802867808,-1.2652366972787832
0.01498806529448967,-0.008369667226854064,-0.00243236724983787,0.00744727463588542,0.26870199841819437,1.9261060449112362,-2.764809292999745,-0.8904069533189912
0.014998805395529112,-0.008332211173064845,-0.0024642361566615564,0.007392063417447294,0.2669069527625334,1.9445244178122518,-2.721702684571238,-0.9255984186576315
0.015015900811732284,-0.008394683365321365,-0.0023753976766414183,0.007428341396093171,0.26463741228603044,1.8778982413445984,-2.7578183701394994,-0.8578673007892332
0.015045803015157884,-0.00842616564328575,-0.002309526405077752,0.007411795227563384,0.26030372449373534,1.8229434265630347,-2.7533041712685313,-0.8187073328324843
0.015087723798215557,-0.008600169106058618,-0.0020625188495265252,0.007504141070735069,0.25556117051012744,1.6345277555457847,-2.8413086311990265,-0.6271555180165581
0.015054585124937327,-0.008533825117327592,-0.002173292026038259,0.007499122410061451,0.2599064307280358,1.723357574872528,-2.828144281827289,-0.7036559830756158
0.015074459824488715,-0.008564936939086552,-0.002117402778643517,0.007494802558728667,0.25710525528571365,1.6778624286878887,-2.8301547124112614,-0.6671364075016649
0.015057716557979729,-0.00847163950228956,-0.002244845311335074,0.007436213861576808,0.25913743847717935,1.7739732913189157,-2.7771623196066213,-0.7691913069653856
0.015066632213049283,-0.008505414343919937,-0.002196401610836227,0.007453394133874369,0.2577206153552261,1.7369960437911676,-2.7939669266082943,-0.7320406773064322
0.015087272402930965,-0.00844705846917537,-0.0022457683834681756,0.0073660757924555965,0.25444195455446733,1.7665687605030407,-2.728180268308064,-0.7884653637650058
0.015112280782513955,-0.00880833091176053,-0.0017775387562486947,0.007633022889013375,0.25482255491058275,1.4157175024045248,-2.949072133688575,-0.3910990620205811
0.015097975537881803,-0.008628715677400109,-0.0020184077809949396,0.0075118715981028926,0.25443419516546995,1.5997428209604083,-2.8502372921420323,-0.5948270817914055
0.015084655503939115,-0.008660293331795764,-0.0019902642197100295,0.007560901447594207,0.2565792898045222,1.581699341441985,-2.8863174322300904,-0.5609905865836375
0.015078111424125212,-0.008705334407670174,-0.0019384242333894464,0.007609624752263887,0.2582168808852496,1.5441008833053917,-2.9236311961537536,-0.5103419735734552
0.01507896538580145,-0.008745743724210244,-0.0018854749941827032,0.007641178116278354,0.2588059550073485,1.503914288117459,-2.948758779138721,-0.46376276271054845
0.015116084741376077,-0.008764322770299454,-0.0018318971524216604,0.007592537140773267,0.2534384234970821,1.4563838119940729,-2.9183779844738633,-0.4418150641261147
0.015119424581809884,-0.008613409460769156,-0.0020189342887042025,0.007463487510836847,0.25117912565327677,1.5954231933532819,-2.8166401218012305,-0.6093315830526893
0.015131580306887146,-0.008845202725540562,-0.0017146149868250734,0.0076273736217870045,0.25251552853535536,1.3643894000553418,-2.94818454793806,-0.34877729232504334
0.015145510389384399,-0.00886831961759493,-0.0016740051003306747,0.0076201379220607515,0.25073879775236246,1.3310338159066806,-2.945050001207248,-0.32251522263570154
0.01513364185543091,-0.008967148168905313,-0.0015495976354233353,0.007709393969434182,0.2544938263712591,1.2363584393754896,-3.009802752723466,-0.20457511619577676
0.015147601817453215,-0.00889318509935501,-0.0016395975802186602,0.0076342022885261115,0.2510861315547897,1.3041270340870241,-2.9560096485786684,-0.2935539750910188
0.015146654746278736,-0.008927339283932205,-0.0015946367990716732,0.007659581949546477,0.25161188611138613,1.2696127452698323,-2.9748223244685303,-0.25338742328841346
0.014567724914516982,-0.007161259839678075,-0.0039997657840056535,0.006435511029187512,0.34893927803373337,2.909222531397696,-1.7232190547317716,-1.9509006086638099
0.014627491342676513,-0.007231618921702907,-0.003876106100303775,0.006479613794890587,0.3366866343551223,2.8331834239037494,-1.7888087250038638,-1.8862920211249026
0.014592936894615235,-0.007206241222556617,-0.003939722188675744,0.006476855660587423,0.34434638080580227,2.87895147432663,-1.7693438411515452,-1.9194971577247635
0.014730163023059434,-0.00747444599350764,-0.0035818465069761764,0.006711256412091123,0.3160771527295192,2.6819751915023744,-2.029748365272241,-1.7161131612183815
0.014756841539802317,-0.007547761058072342,-0.003493618927147741,0.006780156336560855,0.31042159949387566,2.6332707115635983,-2.100230996420518,-1.6607209834153445
0.014769912765938675,-0.0074998376630047965,-0.003510297549149735,0.006700521564164925,0.3087819594580688,2.6253604312148338,-2.0390172124928303,-1.6773436109346005
0.014732798008033588,-0.007425000688856503,-0.003611550239847492,0.006640592719720627,0.3161979460804209,2.6851227457452826,-1.971772240117726,-1.7377332777419083
0.014724290815307087,-0.0073729974930992126,-0.0036567468554824906,0.006578472560099969,0.31797701222132807,2.7014592335786642,-1.9164154770757051,-1.7660717183616652
0.014712715001676343,-0.007328891278380728,-0.0036999641410810457,0.006529885290864935,0.3206183843748062,2.719350960760988,-1.8708911272267208,-1.7917226987841526
0.014680933294493487,-0.007232958944272581,-0.00379975542413538,0.006428699470687158,0.3271330895625281,2.761860067248176,-1.7732681575042106,-1.8478362565408286
0.014700363903249806,-0.007282795138056162,-0.003744431263686621,0.006478703124484629,0.3234857496912582,2.736785387833374,-1.8230174610775653,-1.8174215136545835
0.014656973380912916,-0.011937580615972181,0.0031666573173699465,0.007611140874033392,0.3360382716296025,-2.166260093727001,-1.8954662727099423,3.383495388615114
0.014673890227314914,-0.011892987152552293,0.003095569345915272,0.0076432192671904075,0.33676208624655674,-2.1300458729623233,-1.9477407478546092,3.3475998827799542
0.014668439462137505,-0.011907733397575664,0.00311897291625327,0.007632562940691205,0.3364977289733982,-2.1420304918384505,-1.9305257430710763,3.359398368931544
0.014662961283914795,-0.011922680797832466,0.003142553086944126,0.0076215253141678945,0.33620994086143213,-2.153978403342661,-1.9129704891467745,3.3710624427655698
0.014704043550137219,-0.011862913878067122,0.0030237860192805772,0.007635534708952772,0.3327805644044406,-2.0863593425694833,-1.978083250368737,3.2867746810845624
0.014697072998058622,-0.011877192147336506,0.0030485681884178783,0.0076282339058207525,0.3329812930956082,-2.0998610503576582,-1.9622464028040774,3.30174629606539
0.014690291649987969,-0.011891021527099832,0.003072570160935814,0.0076210406903966235,0.3331693944055722,-2.112854663457704,-1.9467723320965125,3.3161465399101258
0.014710699342566172,-0.011848209675985035,0.002998869857338151,0.007643666098578688,0.3326755388523161,-2.0728398656870204,-1.994369926571052,3.272164067384878
0.014742095044991861,-0.011715601080994233,0.0028053303585717604,0.00775430867033501,0.3373932749024467,-1.9722189160771622,-2.14510777322377,3.185619921830454
0.014747445027427421,-0.011700590250639159,0.002780856167152772,0.007763253827556964,0.3374059309344455,-1.9583774972562538,-2.1611287578330054,3.1714917630413804
0.014753541152231838,-0.011728251797066817,0.0028072065725656035,0.007721370832908986,0.333612718749897,-1.9685828598402735,-2.12595689145903,3.167556522114524
0.014747193720495363,-0.01174286525406381,0.002832119727793223,0.007714258425089028,0.3338169852178878,-1.9828315502526197,-2.1107098452011255,3.183040452309587
0.01470453218468476,-0.011819661747671266,0.002973728265727563,0.007688323516083599,0.3367681122937078,-2.06484957292076,-2.0307403179571684,3.2792822274890505
0.014709634381640302,-0.01180446001480346,0.0029498101556233967,0.007699073405482181,0.33702174774423105,-2.052115597270476,-2.0479169262682415,3.266910274455789
0.014714577167652627,-0.011789431286438777,0.0029262053188077765,0.007709692536698524,0.33728395013861995,-2.0394719299157504,-2.064832539088067,3.2546699341398626
0.014741398404858372,-0.011757618337184944,0.0028565014825042653,0.007705939840537554,0.33388882299922956,-1.9965231573189595,-2.0949629183839362,3.197376815664299
0.014736274508015639,-0.01177245797002818,0.002880128053850606,0.007696297866964525,0.3337671496508147,-2.009475340160534,-2.0787825039943377,3.2102862750890835
0.014730764241088849,-0.011786774571591371,0.002903536013334263,0.007687721655190716,0.3337561456413917,-2.0223878541823734,-2.0632325702390264,3.2236259638845426
0.014716937602209606,-0.011833106736317683,0.0029739601367962764,0.007652747147507944,0.33268500917712845,-2.0594012617647928,-2.011107798771546,3.258092788272769
0.014762830597477425,-0.011655602860258579,0.0027078687327516653,0.00779007253583108,0.33749366918136575,-1.9166903931281583,-2.208648341149049,3.129249199281545
0.014757796367753614,-0.011670571397106547,0.0027321211980400016,0.007781183062220586,0.33745556254979764,-1.93061677246782,-2.192927881245449,3.1433316952282357
0.01475267970875383,-0.011685567386582494,0.0027564366392204627,0.007772224918233706,0.3374366317539271,-1.9445016301533136,-2.1770839377664295,3.1573910770100966
0.01479157035403889,-0.01162334240259229,0.0026355625331886436,0.007779485141973508,0.33322195265080684,-1.869777431654018,-2.2343388138264473,3.065366552307875
0.014779283203360584,-0.011652806975358488,0.0026858506619861235,0.007766614985241257,0.3337944438703428,-1.8996390242376984,-2.2052140752669067,3.0978805657850805
0.0147854772748999,-0.011638318531661251,0.0026609715695697735,0.007772785587781769,0.3334859177078399,-1.8848698573312526,-2.21954843912791,3.081691677676236
0.015066082061994737,-0.01077730327871107,0.0012260988218396854,0.007991567753447084,0.30424899540471306,-0.9283962261745009,-2.8539502659112506,2.0476503190988224
0.015063041719710131,-0.010749010848973402,0.0011852057682881238,0.00801192289778936,0.30516594112848133,-0.8996188293089792,-2.87717258775857,2.024817419360213
0.015076541194561107,-0.01076519440616383,0.0012025345924108562,0.007978488334010216,0.30202257540616806,-0.9104779068688874,-2.8525968695038846,2.0221261643144737
0.015071789975978077,-0.010731068889583726,0.0011537701441833926,0.008004637825943114,0.3033471933696858,-0.876164608445486,-2.8812776438503938,1.9958100474192955
0.015079652981325492,-0.0107110620544897,0.0011197782726969122,0.007999761273400125,0.3017584903032995,-0.8509365342978493,-2.8873731771464795,1.966003750481162
0.015084853676029963,-0.010690445036807453,0.0010862141678985684,0.007999845857467313,0.30069770598985784,-0.8262375819239276,-2.8961842973427356,1.939030817799141
0.015080758363502767,-0.01066853763449638,0.0010549395556652826,0.00801763311023309,0.30181756737868143,-0.8040386236610532,-2.9148333106147106,1.9226193341082458
0.014990909231776513,-0.01098846191275499,0.0015848646416221756,0.008002573551738537,0.31774277426626435,-1.187268354691619,-2.7548022077638588,2.343250158965375
0.015004220841257186,-0.010972676323990488,0.0015527272645547532,0.007988865283237544,0.3149993830229705,-1.163432133916557,-2.756774961666548,2.310013854327394
0.014990277978600867,-0.011017970157820014,0.0016284554895399648,0.00798335793702351,0.3170975784485877,-1.2167292784947978,-2.7296749096184905,2.3684821732674552
0.014996381770176096,-0.011003838162967688,0.0016036221691364775,0.007982050581151798,0.3159602258155866,-1.1990690138634488,-2.7368120564713037,2.347697552012407
0.015064965402270751,-0.01079208468705584,0.0012487814949685347,0.00798576486059832,0.3043103709563261,-0.9445829230463133,-2.8442686772446546,2.0630197958724548
0.015056773872751367,-0.010811304180881097,0.0012819127810846066,0.007990469910619137,0.30588178919374626,-0.9689132128983439,-2.8378353252737907,2.0920619372410023
0.015044869277579705,-0.010827103523631677,0.0013121351234379188,0.00800370677913053,0.3084303266629314,-0.9916369006010631,-2.837127485990351,2.1231353574862903
0.015050456752140182,-0.010845307150105921,0.0013360559031654624,0.007982997057151827,0.3068202112290685,-1.0076930784928746,-2.8180850235137664,2.13198825037713
0.015042388724910006,-0.010860881549017952,0.001363848941306897,0.007988837107206099,0.30847617051217263,-1.0281147674646351,-2.8135088650343616,2.1573459623636357
0.015032897222821622,-0.010874378031847763,0.001389501947461018,0.007998361595261582,0.3104186154816922,-1.0472358847578735,-2.8116413252572854,2.1829300520785906
0.015033092787824897,-0.010891802840094894,0.0014152038865359714,0.007987489591977912,0.3100957663262562,-1.0650436886134196,-2.797649785186787,2.1981313959182702
0.01501628805612533,-0.010954776416116177,0.0015185229437984064,0.00797861101623964,0.31261761655366843,-1.1383776866527757,-2.761315545749341,2.2770583432504767
0.015030372844995267,-0.010914145892354244,0.0014498511201304683,0.007978725787391722,0.31020143304729814,-1.08931795762752,-2.7821910699511747,2.221618370887939
0.015024495463404888,-0.010935780129079782,0.0014853630820649405,0.007975853388042594,0.3111192181161915,-1.1145273506887785,-2.769803131509677,2.2488330950581257
0.014801108592306702,-0.0115921322966976,0.0025859127846236322,0.00779804319107258,0.33333774045307746,-1.8408130347082545,-2.266094575805442,3.0365571174305352
0.014797149178292592,-0.011607819224014148,0.002609991349224157,0.00778744089951558,0.3330748423117608,-1.8546849599784991,-2.249828441669518,3.049616049462013
0.014814889089404374,-0.011587572062132106,0.002565276491612165,0.007780377150038887,0.33033872516969603,-1.8254505318483534,-2.2649419979623064,3.0099681454082896
0.014822093214471822,-0.011575241494238452,0.0025419953786617734,0.007781762514060869,0.32949986199095266,-1.8108347905293944,-2.2755685851671434,2.9922393513224033
0.014828644261026903,-0.01156072345319492,0.0025166412185941562,0.007786392768322838,0.3290011634662961,-1.7952618158903288,-2.2888222049754674,2.9747112626390444
0.014891143426050022,-0.011348135839578374,0.0021750034518047477,0.007891355457806575,0.3273385021159449,-1.5840481000587607,-2.4850963084200903,2.760077956653561
0.014883696359608253,-0.011361724403246124,0.0022003490289323256,0.007891602331074653,0.3285015957139133,-1.600965641955423,-2.475551173079692,2.780604862020121
0.014882360481540364,-0.011377191843062899,0.002222506740976443,0.007879399656384135,0.32783764339529115,-1.6144218174464589,-2.4600384201937406,2.7916647908077974
0.014839564775617327,-0.01151339392370384,0.0024445902543045366,0.007817624788525455,0.32976529954102957,-1.752804209496355,-2.3363535452286275,2.9349574396366194
0.014837299941159374,-0.011529620209004875,0.0024678472830135475,0.00780463137033843,0.32906905430026084,-1.7662264782333559,-2.3194304585667784,2.946171068871525
0.014833682254431713,-0.011545437374802873,0.002491875170078636,0.0077941462554270815,0.3288804069939475,-1.7803738314272672,-2.303538252648672,2.959388240650606
0.01487866696195983,-0.011393865625637127,0.0022484112706046837,0.007869944730839136,0.3278590946891055,-1.6305701261151435,-2.444596659164882,2.8072210380043647
0.014873577275680755,-0.011409448599907598,0.002274126832664375,0.00786372758682956,0.32809654846664976,-1.6468724682712956,-2.431006869982958,2.8243952376850525
0.01486569657778712,-0.011422460323931793,0.0022990924188286328,0.007864577107917903,0.3293157422657993,-1.66339532936645,-2.421670716932583,2.8448854441145235
0.014848771281932103,-0.011481904322913258,0.0023942784206042417,0.007834303429200417,0.3296241220787621,-1.7221727151803914,-2.3663701815232447,2.9041445790673386
0.014850143201547532,-0.011498818374615853,0.002414903109965435,0.007814871266272517,0.3280963080666644,-1.73329821538341,-2.3469426185716764,2.909691549723167
0.01485529367646197,-0.011468890161495661,0.002370696650015176,0.00783640608360741,0.32885040377304403,-1.7070825882465221,-2.377091540110818,2.886462348630845
0.014864797659347468,-0.011438134119949012,0.002320778098193217,0.007850801152914587,0.3284849222125045,-1.67611474748268,-2.405231106155504,2.85457613453149
0.014861146078413526,-0.011453429992938552,0.0023445641429932977,0.007841914639523093,0.3284565016769805,-1.6906723822678422,-2.390700307240633,2.8686449458880414
0.014962701159687104,-0.01111208365213015,0.0017846463930398058,0.007964378170560974,0.32065480613236863,-1.3247308720866806,-2.6673281801070092,2.484796849354794
0.014949892998169007,-0.011127946713487687,0.0018172619890965724,0.007975168906609383,0.3232126134153385,-1.3482509114073753,-2.6625926327688147,2.5169010235925096
0.014946255248487701,-0.011145651919413482,0.0018454403297406949,0.00796781520659155,0.32344398622531484,-1.3671615632394163,-2.648659669750094,2.5357641391998302
0.014942487266928773,-0.011161681894603008,0.0018712780004967722,0.007961812629509797,0.32371551926577974,-1.384508725661509,-2.636240812087637,2.553444426291477
0.014938841184540592,-0.011177465412049385,0.0018966225537900368,0.007955605827831655,0.3239590316888889,-1.4014413576954807,-2.623808365866012,2.570599123038169
0.014935009771045435,-0.011193255710393354,0.0019220823952404472,0.007949543101080815,0.324230523554686,-1.4184111201230174,-2.6113527608889515,2.587910632685173
0.014930790104803839,-0.01120904735062127,0.0019478227430272047,0.007943986031003535,0.3245767691858701,-1.4355623046778112,-2.599025539717051,2.605707996047974
0.014906164412240784,-0.011301291313669201,0.0020973549371013,0.007907792183910418,0.326216793616569,-1.533665527547136,-2.5237474935227375,2.7066187081364554
0.014902266658838252,-0.011317367054599297,0.002122900419809375,0.007900157735511252,0.32632637850624896,-1.5500813947766654,-2.5098148520381334,2.723001198460562
0.014897386682709493,-0.011333268237583087,0.002149043573277666,0.007894198606175252,0.3266838222593909,-1.567000633760795,-2.496559975202336,2.7407649507820344
0.014925844781335495,-0.01122465392029623,0.0019738775966736542,0.007939682545823513,0.32510364314972584,-1.4529840919395574,-2.5872447863962758,2.624423557234413
0.014919647756037543,-0.011239599132141105,0.0020000549879434257,0.007937962669557944,0.3258853234084432,-1.470664874690952,-2.5768454214354066,2.6446244489781363
0.014912519170897268,-0.011253347937233487,0.002025373179105854,0.007938736205031154,0.32709592490208367,-1.4879546566623683,-2.5681094519328127,2.665489714921952
0.014912220272197232,-0.011268563581126483,0.0020468097340263034,0.007926059421914287,0.32632928103389536,-1.5013051204683412,-2.552953979441966,2.675874658955094
0.014909415329070303,-0.011285108156867714,0.0020721728441427307,0.007916467204832765,0.326270458243973,-1.517531765957136,-2.5380868526491156,2.6910791806273653
0.014996446627533307,-0.01107615332271839,0.0017080071521916285,0.0079306306980377,0.31396145321844576,-1.268546925001626,-2.67308162828741,2.4050354755591212
0.014991885691214318,-0.011093172319188578,0.0017356522885939162,0.007926275478346427,0.3144331050287275,-1.2874832472073272,-2.6614543449494046,2.4250226896341527
0.014984090735030276,-0.011110348871061953,0.0017659297599724002,0.007927362990504042,0.3156695941933187,-1.3086525994918754,-2.6520234354864187,2.450005727549922
0.015001320215659924,-0.011028978895831272,0.0016366982597906293,0.007955615544961284,0.3142369813801056,-1.2204276802201433,-2.7107628579659293,2.360556413793062
0.01500202013983269,-0.011043599336072811,0.0016572999379570565,0.00794403928031136,0.31361111055446994,-1.2340526660017896,-2.6973735825494356,2.3711435666270284
0.014999936860368318,-0.011060150153033566,0.0016825668200920463,0.007935963169098642,0.3136247690296259,-1.2511495594678161,-2.6844946691539344,2.3873014467772595
0.015014479381267747,-0.011071243349413614,0.0016879287970777718,0.007901918541547509,0.31000825233239715,-1.2522864364990498,-2.6629606734188296,2.373999546751636
0.014421207450449482,-0.012394564836488021,0.003941097934533345,0.007276667200898043,0.33189594751791507,-2.5163478462826556,-1.3039218802373274,3.7588507934524853
0.014501575124543623,-0.01224026077139032,0.0036869028140628997,0.0074084651894354,0.33597432316165193,-2.415513225069658,-1.5159579157695975,3.6550222158805314
0.014494674913225522,-0.012254416674038017,0.0037099392223055943,0.0073965861295508,0.33569362177439493,-2.4250925783111508,-1.4970127907321233,3.66472035736373
0.014428752522894902,-0.012380749898918063,0.003918227956803876,0.0072888394822714754,0.33222347579908673,-2.507778553492272,-1.3233907086789662,3.74996551450429
0.014436335875061795,-0.012366947781681651,0.0038952275755538587,0.007300783933248833,0.3326134137898431,-2.499003329092066,-1.34277542071531,3.7407832153714264
0.014443822281466637,-0.012353046855415434,0.00387221108048222,0.0073128370029695855,0.3330925053230564,-2.4901632736880086,-1.3621711452643146,3.7316124572469316
0.014451139950521441,-0.012339015376760716,0.0038492557003953517,0.007325136345267143,0.3335494981738955,-2.4813274771162352,-1.3816080101327481,3.7225988203790012
0.014487699281788585,-0.012268655677803495,0.00373307544161797,0.007384520343501426,0.3353013752238116,-2.4345944948308005,-1.477874587421072,3.674320733367207
0.014480503287199282,-0.012282864758600598,0.0037564241628978597,0.00737261959229643,0.33482193110778496,-2.444161248192174,-1.458652283772861,3.6841401687887134
0.014473115694644456,-0.01229694678271717,0.0037798627520965688,0.007360988688399697,0.33438796424553,-2.4537564983437163,-1.4394580086441155,3.694158024734563
0.014465697488332816,-0.012310942524738501,0.003803192395912858,0.007349360315013486,0.33409426093510003,-2.463214344161161,-1.4202683828851692,3.7040501470713783
0.014458381671379889,-0.012324954552965525,0.003826301836563658,0.0073374131877165655,0.33386837859536417,-2.4723959879775053,-1.4009952517426087,3.713517796039909
0.014546093901627775,-0.012182835736182533,0.003568854505794417,0.007432767612311305,0.3328131061347605,-2.358236255830151,-1.592598104792634,3.581525932754083
0.014538724005425413,-0.012196973479035408,0.0035927565087233034,0.007422344354587035,0.33266619865336117,-2.368940783395256,-1.5742203986487693,3.593010906250484
0.014518223062278885,-0.012239538643298345,0.0036618226203871808,0.007387721504090761,0.3316974687126431,-2.398484441807831,-1.518437874436762,3.623053418021446
0.014531945950230015,-0.012211272526383593,0.003615881914383568,0.0074107314021218266,0.3323284476099513,-2.3789152897348838,-1.5555759209517561,3.603107111443482
0.014525168405684854,-0.012225493704261124,0.0036388516952015055,0.00739906796007398,0.33198855577272796,-2.388710057241503,-1.5369473317851867,3.6130029068329708
0.01456022574781088,-0.012153998640039078,0.003521167151976416,0.007454727232033591,0.33323778260454734,-2.336852254087823,-1.6297167801000525,3.559211753875409
0.014553397497339042,-0.012168541041502508,0.0035448290400747966,0.00744333417185604,0.3329674171992653,-2.3474092477283324,-1.6110611513111142,3.5699925882315147
0.01457933385168293,-0.01211072985060077,0.003451970150203543,0.00748929852978182,0.33426283721538225,-2.305722587572961,-1.684685225730003,3.5282078100390932
0.014573016520171648,-0.012125000442142332,0.0034748974648674547,0.007478077918443425,0.333943004682908,-2.3161628752741943,-1.6666411269449746,3.5386728528625615
0.014566689165273419,-0.012139418760253895,0.003497900821246669,0.007466504410357161,0.33360082457765733,-2.3264970233372377,-1.6483241044690686,3.5489294298493124
0.014595617597926921,-0.012109503161485034,0.0034281291520040914,0.007468428343368755,0.33081115166001873,-2.288626413678571,-1.686076626899055,3.4969349510414305
0.014641080841132623,-0.012008392388856369,0.003263393525214159,0.00754134359672206,0.3321011415928003,-2.2097571530221654,-1.8095303034282424,3.4156596194333164
0.014648034556692622,-0.011994857622005544,0.0032399332887196957,0.007549228087197769,0.33200045463992783,-2.197775082182457,-1.8255660648551342,3.4023921990104893
0.014602680256797207,-0.01209562162411435,0.003404598065714391,0.007477773411903528,0.33086408005908674,-2.2774023545833573,-1.7032989944536305,3.4847971648432865
0.014609385794516788,-0.012081106679998574,0.003380860063521365,0.007488321523819283,0.33104984952310806,-2.266207438629481,-1.7212125951020727,3.4731989277874535
0.014623328023131835,-0.012051756340843182,0.0033321216375557625,0.007508591478976117,0.33129453463020914,-2.242715612783616,-1.757068397617531,3.448384058888488
0.014616704078242533,-0.01206663532347401,0.0033562605319251283,0.007497777805492976,0.33106522930923393,-2.2542410610786536,-1.7389335507497756,3.4602071350546915
0.014635552560526436,-0.012022331470020157,0.003285325088843233,0.007530716202550222,0.33183970311277305,-2.220323796171977,-1.7927265691661096,3.426035354819805
0.014629765073959279,-0.012036870554919256,0.0033081490339568896,0.007519505378502628,0.3314927642770959,-2.23120355467314,-1.7751449127097059,3.4366919823100113
0.014649712004234955,-0.01201961335861034,0.0032636488529594774,0.007514051518381859,0.32889274064696067,-2.2051489761167993,-1.7946689072355035,3.399261228378017
0.014668632971477835,-0.011951311982393006,0.003166462664864984,0.007576120525089152,0.3319742431612378,-2.160187216699997,-1.8765888357628902,3.361965323520245
0.014662074934940206,-0.011966126989487682,0.0031909302538513577,0.007566490015138491,0.33190071431234275,-2.172666388799207,-1.8592935583143044,3.3750571110097276
0.014655194595343679,-0.011980704767077544,0.0032155010365021793,0.007557464135489403,0.3319069441603753,-2.1852304117180945,-1.8422137251662523,3.388556886450996
0.014430166592116747,-0.012408393257501924,0.0039383215657495555,0.007244489359902881,0.3275060151254116,-2.5080470361550664,-1.2886343248185357,3.7359336853863954
0.014422796035836849,-0.012422161260986627,0.0039606059483158285,0.007232014027212929,0.32706817990715337,-2.516110789429114,-1.2693546563355402,3.744096611391291
0.014415524329632057,-0.012435928141804706,0.003982646090934691,0.0072192690867082165,0.32659382487963845,-2.5239095513088503,-1.2500358391438657,3.751854179066767
0.014352839788479045,-0.012546216433394172,0.004162903022044592,0.007116674997518904,0.3230506499806494,-2.5848066536486987,-1.0915017993294265,3.814434977870705
0.014408257312529373,-0.012449924468024511,0.004004763293827089,0.007206007523268621,0.32605271309374423,-2.531540405661889,-1.2303761342144304,3.7592775746990132
0.014400547219209808,-0.012463938341140608,0.004027490854371642,0.0071930814751637534,0.32561058332304715,-2.539451041849434,-1.2104958334473517,3.7673127713038563
0.014392541900546786,-0.012477670357284204,0.0040503794769550456,0.007180780239936833,0.3252465388386694,-2.5474916536759333,-1.190794572883702,3.7758203340312417
0.014360886562919445,-0.012532648665138181,0.0041405099250019705,0.0071294678620896805,0.3234870250017379,-2.577571979904093,-1.1113602088527885,3.8068842656246766
0.014369195345046057,-0.012519034968782603,0.004117578386657113,0.007141880871120194,0.32384214813396467,-2.5699049732960444,-1.1313033350461608,3.798639681634009
0.014384792086542203,-0.012491313840494832,0.0040727132274153074,0.007168164379254784,0.3248123185406076,-2.5551062050320934,-1.1712133192675944,3.783665487417292
0.014377194590253516,-0.012505164803219766,0.004094867418753798,0.0071548889095044,0.3242798612121431,-2.5623897751724094,-1.151372392204375,3.790890839508958
0.014345104375577554,-0.012560075337900075,0.004184904474229909,0.007102911568732083,0.3224604069659684,-2.5915316450038195,-1.071360669386718,3.8210026751611257
0.014203212906205619,-0.01276070043721584,0.0045419901699954015,0.006915254397511694,0.31863053761126175,-2.6970696794482625,-0.7575034686463019,3.9438052448665233
0.014337057356035235,-0.012574048993428406,0.0042073852674521595,0.007089146916511971,0.3219273251851939,-2.5983799859502477,-1.0508994093458066,3.8278544359060365
0.01432855561189004,-0.012587744240926036,0.004230317368725101,0.007076164666982046,0.32151802944728775,-2.6055296466197047,-1.0305172625267325,3.8354889234831684
0.014320152356380856,-0.012601196220139567,0.004252838622517436,0.007063309161916953,0.32110270639889044,-2.612432779353061,-1.0104035260694195,3.842860665870838
0.014312038726597726,-0.01261470001704365,0.004274831241527767,0.007049901804150163,0.32057922942972444,-2.618867098868097,-0.9903019533361727,3.8494300589673682
0.014303890527421504,-0.01262824883731504,0.004296813213893024,0.007036302120530775,0.3200496201197099,-2.625155419263909,-0.9700821137741379,3.8558069787145293
0.014295479739687209,-0.012641660152755507,0.004319043898069045,0.007023046663556315,0.3195852353344731,-2.631546087584297,-0.9498477727123741,3.8625309261900056
0.01428703946760467,-0.012655049820799612,0.004341217018191983,0.007009700709127875,0.3191091180851601,-2.637794978473993,-0.929563047519406,3.8690959574861954
0.014211758738548878,-0.012747264425106417,0.004520313158748388,0.006929970511210662,0.31931300208100316,-2.692217044485552,-0.7784528623536104,3.9390294415064315
0.014220186076408667,-0.012733873426753426,0.004498754307125864,0.006944571568548976,0.31990170047774985,-2.6872849744891654,-0.7992408819114726,3.934192333910167
0.01423694522788574,-0.012707392061959746,0.004455655292351239,0.006972905640796911,0.3208496878175771,-2.676893485178162,-0.8403274406895459,3.9237536790043355
0.014228549581497987,-0.01272058712056448,0.00447725616614886,0.006958906508901711,0.32039687577355364,-2.682206366718255,-0.8198415638508821,3.929153450125639
0.014278796862157451,-0.01266858593893764,0.004363056875701433,0.006995753969405805,0.3185350041214574,-2.643649713540976,-0.9091544406327161,3.874963943017644
0.014270547080259266,-0.01268213287236227,0.004384813871022524,0.006981642404435945,0.31794791955307633,-2.649331838817385,-0.8886902185137028,3.8806054316146104
0.014262051291898807,-0.012695474259107102,0.004406759381231446,0.006967966045172484,0.31743748160862945,-2.655113763764295,-0.8682923391922096,3.8866135475265184
0.014253424484683955,-0.012708539013126999,0.004428670254912482,0.006954727289112888,0.3169815344932622,-2.6609030206632305,-0.8480941487654071,3.892835847857771
0.013822358432705554,-0.013223286523398867,0.005372048675662024,0.0063704902036995185,0.3030898040358228,-2.8130094229677307,0.05379332543250462,4.090878794117679
0.013812213328629513,-0.013235278896327097,0.005392048417007062,0.0063535712086227455,0.3013300440276017,-2.812601407629265,0.07543306751210678,4.090418348062787
0.013827986914594415,-0.01323825684803799,0.005362906824409395,0.006339505992214029,0.2941320828623963,-2.8007462416414484,0.06521452831703795,4.063281719345077
0.01383246580708731,-0.013211262343301557,0.005352005430160347,0.006387338426071057,0.30420018944023086,-2.8132882030479465,0.032181419550373826,4.0912111105499385
0.0138381285378463,-0.0132262137334758,0.005342989761960923,0.006356333169240255,0.29466546135018495,-2.8010407053864466,0.04367402041424342,4.063653285896131
0.013842535352014636,-0.013199206474818056,0.005331932408857644,0.006404104364792419,0.3036574979975719,-2.8134659086488436,0.010622580164761683,4.09134432499574
0.013848213556692494,-0.013214146016984708,0.005323052150842268,0.006373097274924977,0.2955557143082213,-2.8012016991404143,0.02213529336942816,4.06391670569792
0.013862560556543106,-0.013175000149139745,0.005291614417494109,0.006437458329449019,0.3034161759260438,-2.8133919264017107,-0.032566515000638306,4.0910212432125475
0.013878395773602246,-0.013177859373859244,0.005262668410776951,0.006422738951642844,0.2982067815473735,-2.80077013627745,-0.04235107596550474,4.06350155578633
0.013872516018706739,-0.013162849930815514,0.005271351428823024,0.006454061144308332,0.3047020336705129,-2.8130505991080135,-0.05427295547093732,4.090648610838275
0.013852566968142575,-0.013187119036995118,0.005311808600199352,0.006420805594996983,0.3029763879871059,-2.8135189942186827,-0.01093887130363627,4.091266422546472
0.013868350885747373,-0.01318998858633043,0.005282886020329536,0.006406265611802221,0.2975897868757503,-2.8010495528446206,-0.020868002655152065,4.063818753374721
0.013858283404183798,-0.013202074940658929,0.005303024702112522,0.006389737862967613,0.2966729379002237,-2.8012031214460147,6.208970766591439E-4,4.063977701911546
0.013888395932055186,-0.013165673436993946,0.005242407334637615,0.006439195345139074,0.2986659639500257,-2.8003823740606193,-0.06384528313538183,4.063075986994016
0.013882433256544183,-0.01315066850183889,0.00525102648792888,0.006470608259996202,0.3064340251579189,-2.812497893122135,-0.07603775793985824,4.0901769446700005
0.014194512060063802,-0.012774081056151285,0.004563794407784621,0.006900624824840787,0.3179311873371266,-2.7019060951795955,-0.7364734152618464,3.9486654200805957
0.014185694310639296,-0.012787360027965912,0.00458564091681206,0.006886122078530627,0.31726588291904595,-2.7067010706101318,-0.7154343560560337,3.9535785776713723
0.014086532658735126,-0.012930187060227557,0.004821326424705986,0.006723977207867366,0.31065931823452586,-2.750318286320777,-0.4840485902432275,3.998599516710456
0.01409560171439729,-0.012917180326920559,0.00480032722396903,0.006739465067805165,0.31134549222857344,-2.747242613444491,-0.5052530159706795,3.9956332738935765
0.01417681337566136,-0.0128005423298492,0.004607443902602656,0.006871686947673073,0.3166187891794469,-2.7114008778736625,-0.6944201957617587,3.9584463619944716
0.014167855645265987,-0.012813609783951331,0.004629220261228278,0.006857363204491848,0.3159585912924398,-2.716025038726391,-0.6734444437685729,3.9633122927032116
0.0141588089457099,-0.012826532511891912,0.004650980308211453,0.0068432134035256225,0.3153330167586543,-2.7205972705452908,-0.652528480418022,3.968228395509501
0.014149744177038912,-0.012839397300300691,0.0046726468445741146,0.0068290251321664955,0.3148072625939798,-2.725023615385034,-0.6316248226058582,3.972994969754206
0.014140756944450368,-0.012852350903029663,0.004694121469812293,0.006814462056106175,0.3143151215078555,-2.7291622659315933,-0.6106533145065706,3.977310231625672
0.014131805640254852,-0.012865367053364891,0.004715458097547632,0.006799607786024988,0.3137387952744588,-2.7330567885613863,-0.5896248681682659,3.9812671467551994
0.01412277268450905,-0.01287831625543226,0.0047368009069344045,0.006784789133342681,0.31309594722402356,-2.736864252629612,-0.5685873495858101,3.985189448552918
0.01411367241547816,-0.012891209612072074,0.004758132422324399,0.006769974225515992,0.3124982650095458,-2.7405716979536723,-0.5475279690301247,3.9890437221596895
0.01410461531087717,-0.012904161669667832,0.0047793085760263684,0.006754870545861181,0.3119449388767686,-2.7440336775952727,-0.5264149769086487,3.992529068868205
0.013892312172387889,-0.013138455982275529,0.005230643690175498,0.006487096273226726,0.3087422102499665,-2.811765361118789,-0.09782517803531088,4.089637628260863
0.013898336450715995,-0.01315342770680158,0.005222127399984597,0.0064556496186750694,0.2990137771166515,-2.7998840696730993,-0.08536281732062356,4.062561669366172
0.013921718017639338,-0.013101633084380388,0.005169305113691548,0.006536080091501264,0.30971038185456545,-2.809040646007318,-0.16274910630854889,4.0872488314759625
0.013937513742630048,-0.013104092091875,0.0051408227497971555,0.006521041796385115,0.302325949575833,-2.7964844559417266,-0.17154917082728446,4.059427962385951
0.013911954649541829,-0.013113938152874599,0.005189776396362564,0.006519837334143369,0.31107414557358654,-2.80999878924129,-0.14120538956716183,4.088251917921048
0.013927747300770845,-0.013116428763705945,0.005161270748793746,0.00650488109802523,0.3011019427391383,-2.7975924164451436,-0.15003707745887798,4.060509470483036
0.013902152668993601,-0.01312621249243652,0.005210219581619109,0.006503511867741966,0.31085697182146127,-2.8109111799241173,-0.11956947719589876,4.089023295183292
0.013917988967957989,-0.013128777960088512,0.00518159553966828,0.006488552808187783,0.29996396579821155,-2.7985143118711924,-0.12847923920540852,4.06133081911128
0.013908200131256628,-0.013141122958664403,0.0052018576207941295,0.0064721125436197355,0.29932859129723455,-2.7992672378853,-0.1069107125241605,4.0619827163015705
0.014077348708169653,-0.012943122998564356,0.004842388192470761,0.006708557740240109,0.3099105232289696,-2.7533402017832134,-0.4628086455998543,4.001587657748316
0.013953643428642614,-0.013106801046124343,0.00511235225764852,0.006505864602567745,0.30100466964249645,-2.7815398843899524,-0.1863771287559167,4.030508899520412
0.013963517894507171,-0.013094495978192606,0.00509168423669365,0.006521574775163813,0.301674446788279,-2.7800394317071935,-0.2077483825385282,4.028822977639194
0.013973338013111687,-0.01308209421052286,0.005070981350235637,0.0065373475804786476,0.3024063094673113,-2.778449908021452,-0.2291504331356947,4.027097485647847
0.01406803744109387,-0.012955930447330623,0.004863516205967936,0.0066933164733453425,0.3091366176194154,-2.756345580988205,-0.4415756174219651,4.004678828218522
0.01405860659236835,-0.012968567365707548,0.004884687046912258,0.006678319780104028,0.3084051892576865,-2.7593479185775376,-0.42039222273667315,4.007906798923049
0.014049125891021882,-0.012981106425995646,0.004905808363018612,0.006663384391677281,0.30777369565032237,-2.762255204012295,-0.3992401402847028,4.011083972851957
0.014039689788780311,-0.012993673703804415,0.004926756929386839,0.006648215624561612,0.3071977464226459,-2.764927869659578,-0.3780818774001566,4.013923178551871
0.014030299292763464,-0.013006269405244906,0.0049475275732992355,0.00663281435047866,0.3066250676770909,-2.767362546619225,-0.3569285971696355,4.016421223012137
0.013983081089569862,-0.01306958655236408,0.005050279075552861,0.006553215194364748,0.30316336001438077,-2.776793582331766,-0.25057075397562795,4.025376218186344
0.014020922430776683,-0.013018865880752161,0.004968165202309482,0.006617255515948159,0.30605776440809507,-2.7695984479604676,-0.33578406770524155,4.018658295646367
0.014011584674988626,-0.013031526594818162,0.004988641624855335,0.006601409292917612,0.3054523470998167,-2.7715832715924873,-0.3146131884369954,4.020522661188306
0.014002230427025857,-0.013044261784779276,0.005009054612031345,0.006585298710235531,0.30474028896145483,-2.7733590990319357,-0.2933593090765625,4.022092277256406
0.013992731180446293,-0.013056972879236165,0.005029602789667882,0.006569189911874807,0.30395062484324636,-2.7750823643748586,-0.27199367125580975,4.0236808153420816
-0.0053063293371923064,-0.008276789128081427,0.0028719612463339677,-0.007822652580320768,0.569214869834619,-1.8164091519435521,1.9547047170651364,2.847595509705469
-0.005290440644551958,-0.008279344574551569,0.0028521965176055947,-0.00780666550048393,0.5578394427759416,-1.8070888562375946,1.942620394914474,2.825302619566791
-0.005317249029907898,-0.008247332503838373,0.0029210923487795093,-0.007804439294422732,0.5682455008794353,-1.845929712227725,1.9298487359853473,2.8823083369332276
-0.0053117660443781954,-0.008262052251258773,0.0028965382913278257,-0.00781358559343664,0.5689236536758236,-1.8312179122910834,1.9423416237799243,2.86497294974175
-0.005301358495664398,-0.008249724507061058,0.002901231124611469,-0.007788412482207254,0.5588774062666602,-1.8361369817104796,1.9180044254366904,2.859596277412425
-0.005295865682683889,-0.008264528340041401,0.002876715136789197,-0.007797568562316541,0.5583443779674876,-1.8216468950410414,1.9303641943399157,2.842480555699385
-0.005259490019987283,-0.008410168207199323,0.002649638236438745,-0.007900726069042966,0.5651793468922097,-1.6810044304737646,2.059857542964068,2.6884616940907295
-0.005248753150968386,-0.008398268377201886,0.0026553152039608587,-0.007876500960659576,0.5525437998440862,-1.6882747114248844,2.0359604120461143,2.685426603677387
-0.0052645079138193066,-0.00839528360707569,0.002674456324645152,-0.007892359346173904,0.5654279201082735,-1.6963218526842898,2.048679026307218,2.7063437965753647
-0.005269572541305845,-0.008380414850021051,0.0026992677306480763,-0.007883908006381552,0.5647798029987531,-1.7116329857112829,2.037347261523952,2.7242314200185525
-0.005253776085530557,-0.00838332647586939,0.002680023716694227,-0.007867998981921843,0.5536409031574269,-1.7033600660192734,2.0246918802164084,2.703153945520054
-0.005274683853955189,-0.008365562078288622,0.0027240480503138956,-0.00787538034696517,0.5643255096758126,-1.726839120485802,2.0259040241548827,2.742120014564598
-0.0052588905091340244,-0.008368402005467679,0.0027047426794689074,-0.007859469847451075,0.5548075528111683,-1.7183640607688655,2.0133626681629972,2.7208441525307836
-0.005279841802758873,-0.008350725434314416,0.0027487718607385127,-0.007866785208986168,0.5653250654253732,-1.7418804291939007,2.014380259168348,2.759954653752905
-0.005264083685840741,-0.008353516927158548,0.0027294353414213917,-0.007850918395875291,0.5557064125090346,-1.7332894210117147,2.001964839021285,2.738469625493964
-0.005285046338188198,-0.008335905060710937,0.002773442922576351,-0.007858121426331317,0.5674719568840227,-1.7568003532729328,2.002756068626586,2.777668718497979
-0.005274541140678897,-0.008323831202074165,0.0027786360697268516,-0.00783353772583642,0.5563653385108975,-1.762983362168664,1.978698009771665,2.7734225843208553
-0.005269311327452056,-0.008338666997382326,0.00275406798798729,-0.007842292192027997,0.5561412690920061,-1.7481574106296291,1.9904275665972815,2.7559975139627215
-0.00527407039247704,-0.008281801660642336,0.0028323446023365458,-0.007790754665528174,0.5527292870584494,-1.7931589957116894,1.934341713106096,2.7976615770782334
-0.005268808966393677,-0.008296704033800393,0.0028079573851631707,-0.00779992408733158,0.5523580654735465,-1.7786779369516175,1.9464495983964818,2.7807277991275607
-0.005263647106065555,-0.008311593272749466,0.0027836293226175986,-0.007809046694444003,0.5518962659473083,-1.7641843214070294,1.9584414774101255,2.7638116773674626
-0.005225677271938597,-0.008514792106028147,0.0024753046569421476,-0.007957067559108352,0.5558353183403637,-1.5730442711562642,2.134237282769066,2.5612002410869037
-0.005221034932232108,-0.008529798353607839,0.002450325199157002,-0.007964795204512959,0.5527061859114943,-1.5574928688018257,2.1443012158609256,2.542796067975541
-0.005210038831241118,-0.008518136496047605,0.002456776017957791,-0.007941272937261422,0.5442919119933608,-1.5657172716398042,2.1210926439521667,2.54164587657918
-0.005216439712524502,-0.008544819263429001,0.0024252911165200818,-0.007972453567744115,0.5510382823948271,-1.541843178444548,2.154260537408678,2.524304103085438
-0.005205367979828439,-0.008533178066565424,0.0024318206376010283,-0.007948961390086067,0.5431722683056702,-1.5501916008409211,2.13110729661684,2.5234160158152914
-0.005211891625397759,-0.0085598548013954,0.002400198239880644,-0.007980043871451835,0.5512485894231218,-1.5260434777242582,2.164147376230183,2.505797732639177
-0.005200740972324814,-0.008548238977018762,0.0024068352364949746,-0.007956569360059998,0.5414704829928506,-1.5346342216900337,2.1409790192103118,2.5051262686335067
-0.005207390722771273,-0.008574904804645981,0.0023750902582724965,-0.00798755286394606,0.5510348660821157,-1.5101935575060208,2.1739148594324957,2.4873224929553324
-0.0051962101912434834,-0.00856333218404582,0.002381841768997266,-0.007964167383236279,0.5395360950942196,-1.519001623009296,2.1508007531805915,2.4868042644028936
-0.005202937056022924,-0.008589969109727747,0.0023499962732359304,-0.007994971880449099,0.5488841040616796,-1.494409127951693,2.1835109678660887,2.4688417427203295
-0.00519176751199552,-0.008578433919586214,0.0023568614647578403,-0.007971728926672014,0.5379185854404843,-1.503298162931171,2.1605587595927918,2.4684707767227327
-0.005198530675796427,-0.008605047553236283,0.0023249021227773913,-0.008002305218657989,0.5455302228617905,-1.4786892207793654,2.1929384407692285,2.4502817752897776
-0.005187360803475441,-0.00859352249358866,0.0023318823468281807,-0.007979178850086697,0.5366648250867309,-1.4875649752223097,2.1701652939490566,2.450120094252537
-0.005194171632003687,-0.008620139971822547,0.002299777662857157,-0.008009561757769946,0.5424292964293783,-1.462934354119361,2.202235261698241,2.4315994117619275
-0.005182954081064626,-0.008608608746774412,0.0023068646894845394,-0.007986484914121692,0.5354071282712538,-1.4718299642124417,2.1795690042365448,2.431729747868349
-0.005189859973827203,-0.008635246202199697,0.0022746057376627927,-0.008016746401677946,0.5402996615626068,-1.447041964493824,2.2114333480811,2.4128042701984094
-0.005178551120842895,-0.008623721239723822,0.0022817753017936675,-0.007993672319341926,0.5338424272828464,-1.4560895849694138,2.1887908232387634,2.413280871962272
-0.005185595749722576,-0.008650366081149908,0.0022493847009798797,-0.008023859463203071,0.5392609241101354,-1.4309645320419861,2.2205462403068434,2.393945626878368
-0.005174179960761143,-0.008638879898574902,0.0022566092678776143,-0.008000786687002248,0.5318934816621893,-1.440323708096192,2.1978839527773104,2.3947659094691307
-0.005181379007421065,-0.00866549944553118,0.00222412493977927,-0.00803089783114472,0.5389263585262485,-1.414724128985774,2.229568595238036,2.37508680868601
-0.005169875829884102,-0.008654085559383512,0.002231390750758539,-0.008007867461060332,0.5296390134352844,-1.4245104037604583,2.2068988082675234,2.3761933788958562
-0.005177209793932224,-0.008680646132284168,0.0021988425539074125,-0.008037856936482927,0.5386750485358793,-1.3983950968732006,2.2384835091087494,2.3562770511837043
-0.005165665077599661,-0.008669321072860971,0.0022061611579566247,-0.008014931136834444,0.5272505084221818,-1.4086364085670036,2.2158614542904544,2.357584255514069
-0.005173088155546601,-0.008695805978438996,0.0021735541933241118,-0.0080447322518147,0.5378709404556411,-1.3820711394788716,2.247270342580121,2.337530097832286
-0.005161555234908378,-0.008684561210849553,0.002180959212261528,-0.008021967935967251,0.5249023280857591,-1.3926998813127869,2.224767023327072,2.3389624879092534
-0.005169014137838514,-0.008710978821122078,0.0021482725482957865,-0.008051520474622351,0.5357346090969316,-1.3658371499123085,2.255906269483513,2.3188163531754755
-0.005157529273591495,-0.00869979219972426,0.0021557894858311986,-0.008028949931936242,0.522789873813786,-1.376701038908047,2.233589645428087,2.3203367476923185
-0.005164987785668902,-0.008726164497562942,0.002122988968113398,-0.008058224094529836,0.5326264604644141,-1.3497245415301347,2.264385653184956,2.300094220511333
-0.005161009143188233,-0.008741362845101052,0.00209768574740333,-0.008064847918341384,0.5295362233378754,-1.3337050181228456,2.2727180579771225,2.281340162383562
-0.005149578437777465,-0.008730241892442432,0.0021054163457248087,-0.00804259656049987,0.5191632266682554,-1.344549258660494,2.250799325675293,2.282993782208401
-0.0051535457933908424,-0.008715017988233289,0.0021306156432261397,-0.00803583512766626,0.5209569071878426,-1.360645020731866,2.2422805824730467,2.3016849336758387
-0.00513090261818238,-0.008863386307324785,0.0018942729502399508,-0.00811503461299185,0.5114897168705682,-1.203255818944663,2.3351352428186125,2.129194816309863
-0.005119044612312243,-0.008852529326834712,0.001902661397864781,-0.00809325144656068,0.4995750243976163,-1.2154632070495148,2.3138702317734796,2.132725656839643
-0.005134498077970416,-0.008848092431344243,0.001919766867702678,-0.008109041222373835,0.513731399424064,-1.2198082516570246,2.3277086423318583,2.1481776966451918
0.005386634628544867,-0.008072084039835078,-0.0032131309998889124,-0.007688812987093156,0.5690571760311726,-2.01466811440925,-1.770550639905095,3.0831638204911638
0.005376847884411114,-0.00805950813451551,-0.00321638680664975,-0.007662910047379202,0.5566034351468008,-2.0178917290374208,-1.7461848010994034,3.0736622060539163
0.005380600615198654,-0.008086586996046873,-0.0031889819519129634,-0.007698860271191296,0.5684036472960023,-2.0010774609722373,-1.7844917054074296,3.066996862163363
0.00537079350740332,-0.008074028684183126,-0.0031923581651714518,-0.007673048778615088,0.5574072514838068,-2.0044067149920153,-1.7601868219805976,3.0577745348947274
0.005366747673693846,-0.008046815746760598,-0.003219419854620154,-0.007637255988245932,0.5521232409856291,-2.015589394033974,-1.7264269000747425,3.06014838614993
0.006046588010900234,-0.006752592433867404,-0.005147589776257073,-0.006267896210909069,0.27816383168310305,-2.623373608034942,-0.07544453213141376,3.693844077426386
0.006050932936899734,-0.006731159562488786,-0.005158762119791784,-0.006233610777780643,0.2710341939180652,-2.614312612341933,-0.05441148987877919,3.6750687572968714
0.00603908020918976,-0.006712987400303461,-0.005141873952483913,-0.006197840029891936,0.26522917489300746,-2.5946545705991104,-0.05048621460348955,3.63647331043781
0.0060271033156427236,-0.0067635988534217335,-0.0051125786481700545,-0.006277433880457234,0.2814114408633323,-2.6143025891389797,-0.10118934331252262,3.677437040834596
0.006009772017753167,-0.006777188145329509,-0.005080668971932183,-0.006292062411705276,0.28573137220952854,-2.608083312136305,-0.1268995342133686,3.6668297909077823
0.005986811747452768,-0.0068130051266304436,-0.005034097451371035,-0.0063407500069046505,0.29703037295590357,-2.60872771648922,-0.17586498114008212,3.671681776878493
0.005995006101219706,-0.0067935840691242455,-0.005052352888125154,-0.0063123548280617356,0.2906801181552541,-2.605113938535666,-0.1526944059821341,3.662802957976234
0.005965383034104592,-0.0068222900046175875,-0.004996104805819675,-0.006345335508678939,0.2992492747457903,-2.5959189043893214,-0.2005575876602088,3.6486596874979838
0.005733730824507718,-0.007216075870829116,-0.0044587938830273404,-0.006834741198212917,0.41146285541277544,-2.5264688178962147,-0.7344059604865918,3.6048879461893795
0.005718872754030951,-0.007227193257183197,-0.00442926983056428,-0.006840729088912259,0.4127381778919276,-2.5140554826232626,-0.7521392101930898,3.5853423063931067
0.005777203045500601,-0.007072645240780546,-0.00460099923902588,-0.0066402930860284615,0.3685984721249039,-2.5323546990988928,-0.5590443909874415,3.5763875232599527
0.0059491229002370345,-0.006862232841464658,-0.0049583954081461245,-0.006403096955460186,0.3118951845866373,-2.602230931763429,-0.2483705698463641,3.6656250509684853
0.005930146192880742,-0.006876046624637207,-0.004922987683071762,-0.006415650395673089,0.31559773974913563,-2.59272910747004,-0.2746730136789001,3.6498403478244126
0.0058235491237023,-0.007011180254003476,-0.004701572136858564,-0.006572602828151035,0.35303752746890854,-2.5546295037771682,-0.4723194483616167,3.603528663705078
0.005791193920855327,-0.007050269397548974,-0.004633269416864074,-0.006614117671757067,0.3626288413369259,-2.5383266740776205,-0.5290085979645968,3.582111642821865
0.005806686166451504,-0.00702868123689817,-0.0046672911749313685,-0.0065898298187724936,0.35708603577444964,-2.5453928681158238,-0.4990003612073372,3.590278111813005
0.0059068522480254515,-0.006912395977046183,-0.004873287270324146,-0.006462458578930991,0.32664858537863034,-2.5892589061024016,-0.32470889820453624,3.649038264064125
0.005914372790029734,-0.0068923261518267125,-0.004892064364253767,-0.006433732408951597,0.3200422861155143,-2.586776080338295,-0.30071921546225294,3.641198995838042
0.005886672230328698,-0.006922161528205604,-0.004837021704416914,-0.006466832464457647,0.3283421744767827,-2.5759239547456776,-0.34732185480082206,3.6259393756557894
0.005870547259528928,-0.006943527011630723,-0.004803373867085042,-0.006492182920010885,0.3344960485591843,-2.570736267663507,-0.3780060629079486,3.6200325844207493
0.005849385359597875,-0.006970427118324293,-0.004759235753041797,-0.006523055397355446,0.3417207199831837,-2.562755408172004,-0.41695873589573745,3.610242803597493
0.005821046006392365,-0.006986271101094209,-0.004707586102901927,-0.006531156384742588,0.34425611249543514,-2.5436439165983855,-0.4485061602486596,3.578159479560766
0.005944435388565618,-0.00683715168456641,-0.004957560720283049,-0.006359112072274056,0.30334860971828487,-2.5860452221602954,-0.2292738465870656,3.6320137080766233
0.00572818972410149,-0.007200115150434258,-0.00445915368430113,-0.006805674424423956,0.4050874899042879,-2.517915665772745,-0.7181655336295295,3.58415006773055
0.005735244615919141,-0.007184298356278496,-0.004478887506428751,-0.006786246709788606,0.4007394286957765,-2.521428207958515,-0.6978202898437604,3.5859238119807775
0.005749941844597473,-0.007153924718317409,-0.004518121490251394,-0.006749406903095146,0.39259998378322797,-2.5285941671612093,-0.6584169536337644,3.590497297432563
0.005736210489340725,-0.007164861215403532,-0.004490869300809153,-0.006756604068345132,0.39421507133132144,-2.5181103670568117,-0.6757922661674177,3.5742306328650337
0.0057498024781959135,-0.007133509406273688,-0.004528409063983828,-0.006717282157857349,0.385622247114587,-2.5235177668605355,-0.6360399768325613,3.5755353404317707
0.005755007177139545,-0.007113909273517724,-0.004546376203566381,-0.006690173024358113,0.37964791647580304,-2.5233632205118437,-0.6126907780083242,3.5701056136703957
0.005764629119755287,-0.007093784517035303,-0.004571253098200508,-0.006665151598179537,0.37417664733083433,-2.526839887165148,-0.5870627935286459,3.571412715327219
0.005750606005442066,-0.007069910016683567,-0.004560458806032814,-0.006618273980792605,0.364262184063643,-2.5073456757954755,-0.5680629405694183,3.529934637330587
0.0054889121678014215,-0.00774630602654849,-0.0036915865514741907,-0.007389841734749936,0.5221979663124361,-2.2566552636995287,-1.403001288220188,3.3318868952118916
0.005468058354165782,-0.007788963683428687,-0.0036222436647677975,-0.007425100858173516,0.5270011749560818,-2.223227234410341,-1.451174775141938,3.292673983864614
0.005474730887625926,-0.007774653273734146,-0.003645155462823612,-0.007413089516990104,0.5253316952469679,-2.2342927621006177,-1.4350544283187616,3.305451403602611
0.005481563101838727,-0.0077603413455766684,-0.003668199223018694,-0.007401092355300285,0.5236657174970462,-2.2453504971934386,-1.4188520944643448,3.318296564780266
0.005517127692995401,-0.007689904579203252,-0.0037830665653892236,-0.00734184549803837,0.5149913626669945,-2.299373483368569,-1.3375168320651734,3.381867344650763
0.005524429625754667,-0.0076756685866995735,-0.0038062024193106256,-0.0073295427968610655,0.5130683577764431,-2.3099347544480247,-1.3206959908014306,3.3942458004901126
0.005496188237251739,-0.007732413964241687,-0.0037146717348469313,-0.007378564334865708,0.5206532078172138,-2.267710049732202,-1.3871593739397345,3.3451406851883614
0.005503137025919189,-0.007718407497261356,-0.0037373553915456916,-0.007366659840490327,0.5188633903198286,-2.2783450073435536,-1.3709441010971941,3.3575628036010223
0.005510076942832208,-0.007704224228988348,-0.0037601137740475034,-0.00735436342519346,0.5169714480644098,-2.2888671943870396,-1.3543701934073409,3.369732225443528
0.005479685436041174,-0.007733091348418829,-0.0036919153698093837,-0.007362912155708134,0.5153084996521412,-2.251948955484599,-1.3839510625952107,3.314562954998044
0.00552300587937159,-0.00764832890923367,-0.003828995764035992,-0.007290461250851255,0.5043672534069713,-2.314727462787228,-1.2856815532944024,3.38823271914421
0.005514806041164922,-0.007661759548303573,-0.003805629873587352,-0.007300985139593422,0.5058539762106795,-2.303866035188832,-1.301349402369565,3.3746116049781922
0.005530150783769082,-0.007634505125104917,-0.0038511915808283645,-0.007278230807902022,0.5023797781915943,-2.324520233751181,-1.269206236338816,3.399628870407948
0.005536529350689994,-0.007620496933729154,-0.0038723993595444497,-0.007264865220404316,0.49999331938702346,-2.3334230751144136,-1.2523203276523691,3.4093103264223417
0.0056934618065035735,-0.00725460782659465,-0.004373871000595515,-0.006863477853318844,0.41764285443185656,-2.4938723684345923,-0.791418595732868,3.556749597569959
0.005700084462047398,-0.007238757278697222,-0.00439347577045966,-0.006844220104756381,0.4133914758308225,-2.49781578449435,-0.7712556875258831,3.558916018765849
0.005605911973955852,-0.007494507595865116,-0.004076197180808486,-0.007149678919487206,0.4793409052947661,-2.417848732440492,-1.0962867465415356,3.5082654446493398
0.005613974639624937,-0.007480321435952404,-0.004099072986795265,-0.0071361960760041995,0.4767155813550401,-2.4267138769127836,-1.0781563210732283,3.518605286287833
0.0055585654699843974,-0.007577957356988269,-0.003939986382066929,-0.007225984835070898,0.493284109274938,-2.362079529031421,-1.2006290492565521,3.442296526680902
0.00556607072922368,-0.0075634289873757815,-0.003962856429531495,-0.00721238661994452,0.4907985071842611,-2.37148462227408,-1.1827632460299224,3.4530084771397633
0.005543805470509643,-0.007606128051533208,-0.0038950825650894473,-0.00725171892297441,0.4977646498425634,-2.343114792397032,-1.2349508264862263,3.4203890300294746
0.005551233020569499,-0.00759198292415917,-0.003917695267313629,-0.007238883008769106,0.4955426573891902,-2.3527222417458162,-1.2177948896374815,3.4315231267624706
0.005597997533416388,-0.007508777484251612,-0.004053380494759679,-0.007163266038553911,0.4819102173777204,-2.408918253198497,-1.1144409919187812,3.4979437522425845
0.005591107195787811,-0.007522854210520369,-0.004032108632428185,-0.007177367393370187,0.48469905666062857,-2.4008630843803043,-1.1322154059234608,3.4892672369169957
0.005566809792559019,-0.0075349141975816205,-0.003987385483881553,-0.007172358896888986,0.48182767119094433,-2.3757100382026994,-1.146873661292979,3.4471490059142016
0.00557617277902081,-0.007524244352726796,-0.004009438189412897,-0.007165650863867957,0.48103390447859135,-2.3859725213422105,-1.1337742889139135,3.4616118253878603
0.00555656597062774,-0.007548257641899154,-0.003961882876478841,-0.0071819503147859285,0.4832029075846656,-2.364202385173526,-1.163089734349735,3.4316342085462925
0.005646760929658347,-0.007426219715964251,-0.0041885095457961895,-0.0070851893099999645,0.46670256702303375,-2.4609470332917067,-1.0076663570719022,3.559546632770162
0.005653491152711551,-0.007411527890470357,-0.004209307656599991,-0.007069046419910826,0.46322379541660125,-2.4675594897436093,-0.9885380525116555,3.565831632745788
0.00563143383706663,-0.007427583593610607,-0.0041646508656419876,-0.007073790915488101,0.4633944076525999,-2.445579566653618,-1.010981760719537,3.5311737965751897
0.005622229578631908,-0.007438353193933582,-0.004143060015385489,-0.007081691735818479,0.46474233300573903,-2.4363371023884723,-1.0251700746261756,3.518324013647671
0.005613239757442636,-0.007451658164408102,-0.004119866568341423,-0.007093402559703509,0.46687511970837964,-2.4271486852188473,-1.0423297518165737,3.506706096850244
0.005607200032409255,-0.007466657471910262,-0.004099634910725003,-0.007110075639519066,0.4704606724929964,-2.420640539750073,-1.061294756548584,3.500969316204359
0.0056439427337283,-0.007395192957005722,-0.004206681437305042,-0.007036302001125782,0.45536341048556134,-2.457654004000821,-0.9695273282744189,3.540483735952184
0.005650061488180718,-0.007360928356191969,-0.004239702785290606,-0.006990071774720093,0.44502150742557806,-2.462340527473072,-0.9268176448910068,3.5357503151885945
0.005636151504756003,-0.007377205474214027,-0.00420765339464857,-0.0070027918380238955,0.44734434916004034,-2.449431085549886,-0.9485802265141986,3.5178891785023043
0.005686059986639004,-0.007298774619720865,-0.004335246099846562,-0.006925316155428951,0.4313058503399265,-2.4925033287801575,-0.8450473562773727,3.569197724657014
0.005683643962473994,-0.007280586748278025,-0.0043429689058949615,-0.006895575354118951,0.4245589320940914,-2.487927621417905,-0.824209807729165,3.554383188871785
0.005679875334237091,-0.0072628019068349415,-0.004348129113723401,-0.006865454715947807,0.41791450329085783,-2.4818818114865913,-0.8046032230487742,3.5372488769856196
0.005668968407724051,-0.007309281491767914,-0.004302485429043094,-0.006927561893820891,0.4314252592388716,-2.4768494145153643,-0.8614343293293821,3.543766747258445
0.005652219133219861,-0.0073232551251141914,-0.004268102912062781,-0.006935144997511986,0.4327184155288491,-2.461798575871161,-0.8814627417235242,3.520778110349624
0.005637857677166043,-0.0073405046025910295,-0.0042351673888338165,-0.006949344403423349,0.43545677205476924,-2.4491470880610997,-0.9045030211450232,3.5035157149123823
0.005460965628930181,-0.007803090069926614,-0.003598888929886654,-0.007436294115930968,0.5283819723559536,-2.2116982571065686,-1.4667814840829247,3.2789179839208518
0.005406089453168324,-0.00791786285166478,-0.0034101841853475044,-0.0075247448813654085,0.5376944829498475,-2.115607567455394,-1.5889313067610817,3.164860620578325
0.005412530010012649,-0.007903110682604261,-0.003433914705211516,-0.007513257149257892,0.5365455060054877,-2.1278971535065128,-1.5735359411820788,3.179130140748469
0.0053998393641750365,-0.007932588241779987,-0.003386638955915421,-0.0075362511490147084,0.5388570194579176,-2.1033512656023277,-1.604231045721855,3.150724151412435
0.0053935033201087945,-0.007947176557252291,-0.003363060764581196,-0.007547348419440633,0.5398495705762038,-2.090952993484777,-1.6191683093084495,3.136265334843532
0.005356233014771303,-0.008033994113592414,-0.0032218320848193464,-0.007610801658741528,0.5443202874285893,-2.0149395249380926,-1.7049346531560612,3.0470656246122725
0.005362194380797548,-0.008019252826212209,-0.0032455457815238897,-0.007599996354695715,0.5436165174374094,-2.0278493129209765,-1.6905862713043784,3.0620362579850986
0.005368716221255728,-0.008004751122032095,-0.0032695822565805195,-0.007589934754373557,0.5431272655988862,-2.0409592124002534,-1.6766623428387053,3.0777067876894058
0.005375177639691755,-0.00799043135789489,-0.0032932845931582075,-0.0075798783822914025,0.5425612021555505,-2.0538145051689694,-1.6627546391723043,3.0930539341954923
0.00538128109766986,-0.007976091974302832,-0.0033165195455864883,-0.007569268431054905,0.5417420916232326,-2.0662740231999774,-1.6484742769995375,3.107615824637636
0.005387296106700613,-0.007961678500570444,-0.003339660644294705,-0.007558331458922515,0.540820219870339,-2.0785756241174855,-1.6339051132425852,3.121858650553793
0.0054406282807989365,-0.007845998649960812,-0.0035290847929196983,-0.007470657457200241,0.5325272778702322,-2.1769405197013865,-1.5136856679745065,3.2381046184433693
0.005453758434802086,-0.00781725555111667,-0.0035752792796464035,-0.007447274365844073,0.5296319722336978,-2.1999175906654824,-1.482241162075953,3.264751604210605
0.0054471020920459886,-0.007831649725282315,-0.0035520805402322318,-0.007458973605274988,0.5310781419955825,-2.1884120356253667,-1.4980270104596318,3.2513687869353944
0.005424134597917571,-0.007847085132845263,-0.0035069390664935196,-0.007454912675819614,0.5267954119837998,-2.1617763933361047,-1.5089911742685869,3.2083565358356583
0.00540882798160421,-0.007874734840300506,-0.0034591037982993193,-0.007473916134216709,0.5281776272074127,-2.1369996429995157,-1.537170333580686,3.1774459763191043
0.00541653983809575,-0.007860661840630197,-0.0034833739122140752,-0.00746423318469311,0.5274788569522019,-2.1495921091404457,-1.52288632139187,3.193117323759694
0.005401360962104939,-0.007889258593456306,-0.003434620029355387,-0.007484269047085125,0.5290014298120859,-2.1243133514481953,-1.5519252915736759,3.161955622537869
0.005356921179222511,-0.008144785978910383,-0.003091970703947775,-0.00773833122807752,0.57017075422891,-1.9455859671615372,-1.8391323371328283,3.001234814655428
0.005341076322339787,-0.008146912140896181,-0.0030716112203762716,-0.007722461617926828,0.5588876386909236,-1.9357855013538054,-1.828135761731901,2.97671481959506
0.005362772427933636,-0.0081302084488191,-0.0031162694542307225,-0.007728577953743445,0.5699365835003246,-1.9596213295626768,-1.825653564574998,3.017811666549124
0.0053469111648608006,-0.008132300335825965,-0.003095801862539818,-0.007712714801445502,0.5586842456553748,-1.9496588801466281,-1.8147790316442987,2.9930897200315307
0.005368669455772494,-0.008115649345237109,-0.0031405449888490867,-0.007718745333464869,0.5691552900873832,-1.973562275646122,-1.8120458045921761,3.0342971057900976
0.00535279539388726,-0.008117704663731637,-0.003119967743312441,-0.007702893643264462,0.5585171256681357,-1.9634562148522596,-1.8012994145043868,3.009378633248682
0.005374612204472542,-0.008101108812757923,-0.0031647865372325264,-0.007708837764786363,0.5684566364295787,-1.9873849080267663,-1.7983210623682606,3.0506983066504296
0.0053587446166245825,-0.00810312316819559,-0.0031441280445324896,-0.0076930124349160675,0.5583565909919569,-1.9771837455165306,-1.787713249419241,3.0256037497321038
0.005364752200616416,-0.008088563260730845,-0.003168268240689657,-0.00768307160689656,0.5580223812103265,-1.9908364721422964,-1.7740180779766221,3.0417476436510067
0.0053078312434596125,-0.00819310715978571,-0.002978856302238961,-0.007735872315149511,0.5543752473360425,-1.8791548839076542,-1.8602830774381387,2.8993665265058812
0.005313426497331363,-0.008178334419641626,-0.0030030312421385256,-0.007726183968204095,0.5544123527301519,-1.8931287224768012,-1.8473201725098785,2.915745329956821
0.00531910155987177,-0.008163575407879398,-0.003027214468176698,-0.007716451894290378,0.5543388023224493,-1.9070483978747943,-1.834254426755974,2.932085822277966
0.005324896541824138,-0.008148885298117461,-0.003051384433956718,-0.00770678161335595,0.55422856385823,-1.9209139880047215,-1.8211690833381853,2.948430904211087
0.005263185694903753,-0.008311259299185804,-0.0027835963457919824,-0.007808185176250101,0.5515465884142551,-1.7640792540554264,-1.9577647553204416,2.7633101594044684
0.005268668067121142,-0.008296410231559056,-0.0028081881485394933,-0.007799466295088521,0.5520383152660511,-1.7787596406940305,-1.946040863116686,2.780681309585861
0.005274272378691633,-0.008281655321456865,-0.0028327328445974177,-0.007790834889761205,0.5525333396426017,-1.793371998291876,-1.9343261564640777,2.7980558705731156
0.005279906169208932,-0.00826694179866786,-0.0028572065624673515,-0.007782133264463206,0.5530656392533024,-1.8078952854820638,-1.9224968436631833,2.815328008838375
0.005285448995962343,-0.0082521628829977,-0.0028816189679970877,-0.007773114791228944,0.5535390145222391,-1.822315802480011,-1.91035726538173,2.8323656569659694
0.005290944522405597,-0.008237329329715428,-0.002905995595451317,-0.007763838587188737,0.5538456816971852,-1.8366438110806513,-1.897955542403811,2.8492156964937974
0.005296530645793434,-0.008222548392527276,-0.002930343424854867,-0.007754572322471605,0.5540372559957091,-1.850901754321128,-1.8855021702961403,2.866030609286284
0.00530219980061454,-0.008207836794081094,-0.0029546366221877393,-0.0077453263048863465,0.5542214199689455,-1.8650817500030463,-1.8730036140106439,2.88279645079071
0.005263871788196237,-0.008353476924088839,-0.0027292913710953858,-0.007850645709673797,0.5550688844223738,-1.7334116665070243,-2.0016684680126775,2.738116623154959
0.005274683853955188,-0.008365562078288624,-0.0027240070406258205,-0.007875394705848929,0.5657095821058601,-1.7268686405731326,-2.025765592399079,2.7421986101380065
0.005257820112013028,-0.008326167856466277,-0.002758993053925525,-0.007816949400671359,0.5510016262834112,-1.749348878522624,-1.9694592956981138,2.745949958219788
0.005252545203376126,-0.008341112811024247,-0.0027343800456380994,-0.007825705319311779,0.5503995742912603,-1.734568478399907,-1.9810808440335392,2.728573853063711
-0.005402376993714455,-0.007888163876262047,0.0034370322505991673,-0.007483968997162233,0.5289652691908237,-2.1257757491243865,1.5508793184105192,3.1640385764259165
-0.0053965209738728965,-0.007903715316796359,0.00341339817124614,-0.007497145697407208,0.5305713725669335,-2.11389942369092,1.5674133497112026,3.150988842235685
-0.00539118819577206,-0.007918540108420616,0.0033910796099888645,-0.0075098214245354995,0.532117600258609,-2.1026217753595087,1.583161066239649,3.1387407647334435
-0.005384938521620048,-0.007932855597668148,0.003368093685597453,-0.007520760789934155,0.5331150822388427,-2.0906491303561316,1.5977557151569801,3.124785062944086
-0.00537776457002356,-0.007946169738248151,0.0033450036300985836,-0.007529364398418864,0.5333981650133252,-2.078302497126409,1.6105445972346308,3.109356214390386
-0.005339642682041291,-0.00818862768350935,0.003018882609439492,-0.007767136152298505,0.571376284834759,-1.9033146071174665,1.8789105810268616,2.950670916886228
-0.0053295131667379265,-0.008176245563416918,0.0030230390014096627,-0.007741749951290366,0.5589161360640883,-1.907506914627627,1.854516274278993,2.9437873674239685
-0.0053339751212172605,-0.008203277475351158,0.0029944985106331776,-0.0077765696755122855,0.5697919059775323,-1.8891226237794412,1.891809214527855,2.933797170302918
-0.005323849268988004,-0.008190910221605839,0.0029987900981604866,-0.007751303920639079,0.5592334279105615,-1.8933525367497823,1.867559656140201,2.9271594278010613
-0.005328353622408232,-0.008217944972024238,0.002970080701793396,-0.00778592810729624,0.5683164439970831,-1.8748798546688754,1.9045749429057872,2.916764527983695
-0.00531819334586624,-0.008205564764591031,0.002974505409080067,-0.007760712885375024,0.5595926733655644,-1.8791439767484845,1.880398328437303,2.910433504232372
-0.005322778240520137,-0.008232630029493518,0.0029456113998698502,-0.007795218238646398,0.5678127902385458,-1.8604937379355784,1.917251947620998,2.8995862525063614
-0.00531254342261452,-0.008220236422520896,0.0029501533010780627,-0.0077700011228555915,0.5596717455020132,-1.8648820217419628,1.8930472564781937,2.8935940790071886
-0.005306922460257584,-0.008234954296439985,0.0029257222667084994,-0.007779222198957678,0.559388018389007,-1.8505502049730946,1.9055665847210375,2.8766420150755536
-0.0053441372079504,-0.008063043332698524,0.0031744959734795936,-0.007631276527509118,0.5454010033436242,-1.988839585608494,1.732580679950541,3.0164396306137284
-0.00533825126065375,-0.008077667820760427,0.0031507995100158582,-0.007641588712236307,0.545877873279335,-1.975700640704126,1.7463597165154905,3.0011001835483704
-0.005342738437205196,-0.00810504475789793,0.0031237670969513722,-0.007677652230376991,0.5535647676709656,-1.9621884693803884,1.7814000366770777,2.9971589128757654
-0.0053323842931624925,-0.008092261896291782,0.003127095207970176,-0.007651741448041204,0.5462855727850934,-1.9624864003189535,1.7599462471064269,2.9856373119962902
-0.0053367112775436236,-0.008119626080358521,0.0030996471261834995,-0.007687383852410593,0.5537076620295361,-1.948509575974681,1.7947425314135497,2.9809447197560126
-0.005330628017002983,-0.008134238016148538,0.003075371887402079,-0.0076969403354444155,0.5538648767139089,-1.9346678611664483,1.8079100493564642,2.964470073909952
-0.005324699613952724,-0.008148956158759685,0.003051083253503898,-0.007706639157916203,0.5541156632832395,-1.9207855671538863,1.821113009492146,2.9480551718932286
-0.005319018184738616,-0.008163726328636142,0.0030269414285082267,-0.007716522884932616,0.55434508927158,-1.9069588552669592,1.8343523214059498,2.9318625920998582
-0.0053709039282583675,-0.007960516804179692,0.0033211268432584012,-0.007539413508048665,0.5340343549515828,-2.0655826194909843,1.624576007610196,3.0940091377727614
-0.005363820384999892,-0.007974621995162851,0.0032971954948714526,-0.0075487905069866355,0.5344045335446751,-2.0527226262161746,1.6380274809709527,3.0782291358258713
-0.005356608792907566,-0.007988902308924352,0.0032728701881596573,-0.0075580941802248615,0.5347320088992009,-2.039541545730996,1.6514637574411386,3.06198797342098
-0.00534918856016344,-0.008003832331713383,0.003247533135106885,-0.0075677951207899176,0.5349796236952599,-2.0257865664605883,1.6653725057488522,3.0451018117058464
-0.005343241139716542,-0.00801963789749234,0.0032228818238867357,-0.007579947415254158,0.5359740427674674,-2.0126086281461153,1.680897519222542,3.030195631163044
-0.005338161111033114,-0.00803506013947665,0.0031995806738936185,-0.007592427354152879,0.5371306500749328,-2.0001690302656603,1.6962794868153244,3.016629646944061
-0.005333453682118585,-0.008050194833432075,0.0031769387096936886,-0.007604828080870727,0.5382759772319559,-1.9880245988627097,1.7113996483499287,3.003554311148753
-0.005504098842714441,-0.007644190917426444,0.0038066572508695597,-0.007266517892610359,0.49709171412553965,-2.297638188165788,1.2773872795273429,3.3529530222504604
-0.005500926091573995,-0.007661528604183639,0.003786827879329566,-0.007287182749948382,0.5013200685737855,-2.2907881125965113,1.298518612596886,3.3491232038890133
-0.005486346246641604,-0.007688830661163298,0.0037422161722020105,-0.007310066097279591,0.5047170887274031,-2.2704468133366182,1.3298668950061863,3.3248819159051677
-0.005489784896586019,-0.0076725930894309775,0.0037616780322055304,-0.00729143918752028,0.5009845449455539,-2.277696147238592,1.3103059540348012,3.329880421945095
-0.005470991926425363,-0.0077163583667943765,0.0036960927801749114,-0.007331940242532487,0.5075625629532668,-2.2487845630662107,1.3607796927549973,3.298460406893793
-0.005459098210516017,-0.007727560204438969,0.003669766003971078,-0.0073350977696059905,0.5067389710637745,-2.2346244793746854,1.3717958468177225,3.2773504269345533
-0.005474604944863433,-0.007700320143329772,0.0037158384049726235,-0.007314036371309015,0.5041138770170718,-2.256522895374573,1.3416670165673776,3.3043232388413126
-0.005501518993221264,-0.007622966572451009,0.0038217558293828446,-0.007234927963512157,0.4901144067998145,-2.299577941833066,1.250696141254183,3.345552683713238
-0.005522691779848577,-0.007577342663443807,0.0038900378233673945,-0.007191571883989321,0.48256873170367004,-2.3275707600003073,1.1968565908722442,3.376100060137514
-0.005518828989029209,-0.0075952818804144034,0.0038695055520280657,-0.007212959973235217,0.48694198599984967,-2.3210093896281094,1.2185993322015005,3.372469942837213
-0.005501492290205093,-0.0076024994817851166,0.003839355030455425,-0.007206737019859533,0.48398183950932233,-2.303361029678665,1.225501167623568,3.342379188940402
-0.005510949597872975,-0.007564395473449841,0.0038844428422919394,-0.007162715875529706,0.4752776352570782,-2.318424936910956,1.1798765331926193,3.3523849114331865
-0.005452998823973826,-0.007745483040251015,0.00364473125377898,-0.007352730336099331,0.5097262681533962,-2.2236864479932303,1.3923818280621798,3.2665224603659517
-0.005448195483120073,-0.00776180328836861,0.0036227738238806665,-0.007369369076513226,0.5125402528122259,-2.2141930397499716,1.4112295240035342,3.257699069407663
-0.005444682157212282,-0.007775372967819711,0.003605024980985679,-0.007383572801207513,0.5150494982671877,-2.206566237980782,1.4269896208411623,3.2509923430072236
-0.005401279144096309,-0.007860013007213246,0.003464833366728737,-0.007447631794088962,0.521632566174111,-2.136671007354042,1.516124815225928,3.1666409112391323
-0.005389845010523963,-0.00787141449644768,0.0034388204234267476,-0.007450100953353897,0.5202161052339375,-2.122137819239317,1.5255139572774523,3.145167600883018
-0.005429319392056238,-0.007802748827920535,0.003558219274577663,-0.0074035142327812,0.5170265674967381,-2.183271556678246,1.4559847428111479,3.2220988352388895
-0.0054328940804699005,-0.00778570973019891,0.0035796166536645672,-0.007385131920456936,0.5137005073081399,-2.1924527769160633,1.43616039688173,3.2295533905961102
-0.005414874649992216,-0.007831855425534901,0.0035106424076350945,-0.007426031603865534,0.5194716012922382,-2.1596678114525893,1.4867876066822912,3.193946887632088
-0.005404027169436271,-0.007844052335069896,0.0034845724587278036,-0.007430373930371972,0.518579010937525,-2.14545373883847,1.4977447266239439,3.1735859071986305
-0.005417731330867196,-0.00781453149388095,0.0035316515146867036,-0.007406866856216851,0.5159374873859869,-2.168712123699301,1.4665914659814114,3.2007318270686413
-0.0056794966750650065,-0.007307413162761216,0.004319706120706634,-0.006933225127105069,0.4331064245271453,-2.4869469526108703,0.8569717778285753,3.5619746827722882
-0.005683036987381568,-0.007283449525448491,0.004340261755520041,-0.006899473848098262,0.42559232910453293,-2.487632002175729,0.8278457724281258,3.5549207200615016
-0.005688599058254097,-0.007263135065454697,0.004361268038610019,-0.00687276721888446,0.41964404660929605,-2.4903446594710394,0.8026904865227108,3.553119949317215
-0.005696447717537116,-0.007245326614766238,0.0043840040724866325,-0.006851526526279394,0.41500612746002236,-2.495300242121743,0.7799078536644396,3.5564833876568387
-0.0057054932910163,-0.007230166514304348,0.004406840461230916,-0.0068351166421956695,0.41147006265026814,-2.5015646160756084,0.7598073371380609,3.5632466815981503
-0.005713968186749019,-0.007216252196375632,0.0044279609102025235,-0.006820044175163606,0.4082021396420847,-2.507296883206484,0.7412379207562378,3.569514714741223
-0.005721895587014168,-0.007202497635314234,0.004448037391242281,-0.006804669720410558,0.4047512348268663,-2.512324066370447,0.7230072128787648,3.574623314957105
-0.005732540322783431,-0.007190523723255161,0.004471253035015861,-0.0067939611720231035,0.4024889943941452,-2.5201260458703727,0.7058132732543396,3.5854687757232844
-0.0057346189893918145,-0.00717445957751896,0.004483250213230893,-0.006770427341922431,0.39723729953718867,-2.5187037523464664,0.6869935859531392,3.5781194325775583
-0.005758406942512046,-0.007149612378213472,0.004533677653451405,-0.006748723420051706,0.3923268729804677,-2.535595181333574,0.6501894968107221,3.602289810410447
-0.005739967848460047,-0.007158177580515683,0.004500271921320729,-0.00674887999325034,0.39244050264936114,-2.5201298582117038,0.6669258564774347,3.5761448612362643
-0.005791951250319945,-0.007099146440524676,0.0046119770039491055,-0.0066923879934793,0.3796025491644304,-2.5538715108396968,0.5803304448887988,3.6226737824512685
-0.005793837698095281,-0.007081499176668634,0.004623310326494373,-0.00666555526294856,0.37348538521993174,-2.550426414508069,0.5604799512974307,3.6119059551536
-0.005771527646531644,-0.007122096431574125,0.004568358150628852,-0.0067146137793581305,0.38477453775201126,-2.541019205977508,0.6144285727182619,3.6048759326548416
-0.005775242722085103,-0.007105561065521727,0.004582357250587999,-0.006691032000559675,0.3794127070342715,-2.5400034536305114,0.5948695205207895,3.598716046226427
-0.00575327935294986,-0.007127623665320641,0.004536834508779307,-0.006710499778184726,0.38410265063153565,-2.5252461884486,0.6281253275136213,3.577197130700682
-0.006052780661685863,-0.0066453573795369055,0.005174397939625119,-0.006090692237005036,0.24433782569701393,-2.5650690721616134,-0.011889604874660906,3.577098761491121
-0.006077332024654916,-0.006589273811956234,0.005220868427064907,-0.006006828002180552,0.2272758275753625,-2.5482771122190204,-0.07231644599777504,3.5440297506805734
-0.006064595616355338,-0.006616149916670846,0.005197274464778957,-0.006046738575250946,0.23546263805314172,-2.5558993877589917,-0.04277288507737384,3.558914470930921
-0.005851137690249667,-0.007007314381688063,0.004747653315657283,-0.006583857860030014,0.3544140452227929,-2.578301824443838,0.45292152382651657,3.646522494844335
-0.006029022161962672,-0.006664266009763373,0.0051325719056742915,-0.006112584302137882,0.2501067776418973,-2.559116014692396,0.022249554201642766,3.5665249369875656
-0.006022769214846027,-0.006639850820358459,0.005125583563616392,-0.006069935830832162,0.2430613503123396,-2.54074437630541,0.009844278478141545,3.5307966157129194
-0.005981247049044364,-0.006747173872411463,0.005039482736693111,-0.0062287972867484526,0.27533543110875897,-2.569420939915339,0.12501062627126938,3.591340815906348
-0.005999389063981356,-0.0067176712681677525,0.005075067414110279,-0.0061882911448503785,0.2664369094211118,-2.5673256556305657,0.08717130002722104,3.5850975803266425
-0.006011356057943888,-0.0066863091242815404,0.0051001359044495235,-0.00614169201246657,0.2568430535851139,-2.5588192312218965,0.05334019346345489,3.567095659758357
-0.005855821706004469,-0.00698736541570229,0.004763153341825071,-0.006554430729865414,0.34798601978968197,-2.5750355188717653,0.42996433864970823,3.6363669225839033
-0.005862490026872758,-0.006965746859185833,0.0047822018060079815,-0.006523442080095075,0.3411371347835051,-2.5726099826411417,0.4044500536188624,3.627645104410639
-0.00587066299541146,-0.006943308484935719,0.004803639151978821,-0.006491903453914102,0.3341660516339084,-2.570814304831966,0.37750795049238034,3.6201629205750123
-0.0058795815580852855,-0.006920819584108163,0.004825934892219528,-0.006460568020294423,0.3272970704960289,-2.569254917934231,0.3503333515640033,3.6133558480567864
-0.005887949662531385,-0.006898956878816643,0.004846763997024322,-0.006429778466815118,0.32061275495389413,-2.5670850731530277,0.3243880376601425,3.605755303999796
-0.005897670913043224,-0.006878536827647628,0.004869010613397351,-0.006401937721488694,0.31445195363903755,-2.566332421665486,0.2991329989328439,3.601215615493221
-0.005909571220049413,-0.006860356272296912,0.004893853667187649,-0.0063787546329547,0.30921587863736916,-2.568073088818057,0.2745818614000646,3.601794944262626
-0.005968045619899181,-0.006770903324778622,0.005012702502555705,-0.00626170035255505,0.2826583503242608,-2.571636994766218,0.15469565365234209,3.597679351618124
-0.0059564699839344025,-0.006795016695902343,0.004988091873352821,-0.006295792975200297,0.2899540966588893,-2.57483118748033,0.18366626238875824,3.606130734598269
-0.005950811784045036,-0.006816553230924399,0.004973461850889181,-0.006328432542797535,0.29683041255823417,-2.581093056746724,0.20640369218452598,3.62030290899066
-0.0059216320405079265,-0.006844629106431549,0.0049180550030787735,-0.0063594644003477025,0.3047268285191824,-2.570773302674686,0.2521280695626705,3.6046388993117886
-0.0059353004243548075,-0.006829748636730768,0.004944517235941402,-0.00634219564228367,0.3003671599162203,-2.57490640519157,0.22926467112498547,3.6103970188989165
-0.005827762484075117,-0.007047827186304914,0.004692844187435826,-0.006634273928622955,0.36618821453997336,-2.571180077743722,0.5077820264122873,3.6422416513242832
-0.005831617424356976,-0.007030106394332858,0.004706672651062512,-0.006608211374923128,0.36009037586079556,-2.5686272890106054,0.48726930415330083,3.6335462292387946
-0.005811410056287242,-0.007055856806768683,0.004663037869013494,-0.006636361442395581,0.36670135870834353,-2.558717432821972,0.5247020990366877,3.6210761548209
-0.0058298499846897375,-0.007010279819004598,0.004712055494692236,-0.006575154337671487,0.35338475429115657,-2.5599958609465916,0.4678765538172138,3.613271600439792
-0.005787319358012091,-0.007058696585329591,0.004623360506395356,-0.006624947247622728,0.3651251235972798,-2.537323517741474,0.5396158489604602,3.5822681743296028
-0.0055109447939409575,-0.007548260223257317,0.003897659931388867,-0.007140243605140873,0.47043238342790433,-2.3206564114837143,1.1602730524512859,3.34900673823946
-0.005513777686799335,-0.00753172165149966,0.003914963273591824,-0.007119705614352321,0.4660806930728582,-2.3253666288647787,1.1405411821898777,3.3503467178710054
-0.005529482761818992,-0.007519815669485667,0.003946510767858445,-0.007117060798273075,0.46682006133682646,-2.341463661214642,1.1269417300458882,3.3752919726071577
-0.005638637679077015,-0.007365859102847771,0.0042192003465925205,-0.006987918707607478,0.4442342636244336,-2.4512924048633065,0.9346822253729808,3.5170830880321904
-0.0056435170443377685,-0.007349006312876623,0.0042379525583409105,-0.006966734756944744,0.43956659442887197,-2.455146734937532,0.9136947333748294,3.51790000780057
-0.0056475822118991275,-0.007329850584092079,0.004256798578625876,-0.006941308675590604,0.4340654162155408,-2.457790667688723,0.8902162659594149,3.51578032820105
-0.005651982657858331,-0.007309336272808767,0.004276762791881084,-0.006913989463266893,0.42810573791283274,-2.4603263496864654,0.8652319199912611,3.513183080186771
-0.005622158274863887,-0.007367032170201866,0.004193839987046103,-0.006975935075366415,0.44091690252240523,-2.435287427307816,0.9385107012438267,3.487707642788844
-0.005612650740500306,-0.00737778700968246,0.004172344209815774,-0.006983942711613788,0.4423246442133401,-2.426449956577342,0.9525962401309923,3.4753439894927713
-0.0055407694462069786,-0.007498957807002675,0.003978892463987222,-0.007097611352303571,0.46341196965447157,-2.354129250510342,1.10204387738877,3.3898565112034302
-0.005601817694485096,-0.007392610308629743,0.004146024882366233,-0.006996710837114014,0.4446924096119344,-2.416327913329974,0.9715128239648759,3.4622024340871422
-0.005552250168141179,-0.007479561357365809,0.004010237803512467,-0.007080118046578714,0.46030331892155923,-2.3665286636539946,1.078679530085094,3.4046992431344534
-0.005563971937436182,-0.007462628861255737,0.004039918306242275,-0.007066103573061194,0.458033069595348,-2.3787043359070985,1.0580715952794293,3.4203219670957807
-0.0055751503904802185,-0.007450100844605516,0.0040654460775575,-0.007057762547725015,0.4568878954356306,-2.3899781955376875,1.0425657172682419,3.436195764435792
-0.005591096912842933,-0.007410167224338442,0.004117844380982917,-0.0070133835814324,0.4478457329460332,-2.40612914409703,0.9934881234125509,3.4500720868157937
-0.005577510605434071,-0.0074306121472424835,0.004083263273505041,-0.007031558579174866,0.45118781264491764,-2.3928450137413297,1.0189719555929972,3.4334887187630163
0.008523655459819887,-0.004604788788005441,-0.007313026302037202,-0.001961482913917119,-0.018297990059877426,-0.7712826231446789,1.9697730359190222,1.3063580081784691
0.008473392292394357,-0.0045883702289702104,-0.007260565485742792,-0.0020043114344678063,-0.022762726039471663,-0.8098779195539544,1.9325456839691513,1.3369087670113664
0.008427349028041245,-0.004602836316591249,-0.0072387631684376575,-0.00206475307810166,-0.028028132488050462,-0.8482935451434367,1.9182396513178936,1.3783491970451944
0.008369936417254333,-0.004618298903105679,-0.007207774310883819,-0.0021375541945423786,-0.034431860583911435,-0.8953468430292786,1.8975733706873936,1.4282732825205804
0.00823539747746515,-0.004577805624607833,-0.0070628656872573845,-0.0022406695256469013,-0.04125652792179434,-0.9878842302597519,1.7935570477374725,1.5004102978294178
0.008300194591375763,-0.004603792225867554,-0.007138660998234185,-0.002197712212215284,-0.03877847522114486,-0.9457527363148365,1.8483242096530825,1.470347959471802
0.009016309040876356,-0.004372892343053543,-0.007394220118360494,-0.00125313997783596,0.05821947608386191,-0.34218349364553896,2.0012546698657516,0.8154709544804942
0.00910242240071513,-0.004338728176394662,-0.0074015204696836956,-0.0011352664725947745,0.07151178024886932,-0.2678433449207697,2.000843786853299,0.7325574133631776
0.009183550777988079,-0.004266936106525433,-0.007367573274485866,-0.001009455380950038,0.08479536854914382,-0.20029663444848197,1.9690241761829537,0.6445714166786046
0.009273987423441923,-0.004193191412053098,-0.00733229521158091,-8.765002404950196E-4,0.0973866364916397,-0.1266785919783245,1.935072243291245,0.5502437799327965
0.009433080913084696,-0.004041594124572194,-0.007242550765246385,-6.489902134709166E-4,0.11703753926673098,-0.00482917706780442,1.8533790890218975,0.387775278062384
0.009345436686183642,-0.004112610069742146,-0.007281697752946834,-7.680963144038335E-4,0.10618489592980616,-0.07180562466440309,1.8905685445757883,0.47299252583818635
0.008564396919627636,-0.004557066917494861,-0.007298040137309073,-0.0018819902139752649,-0.010822685958086954,-0.7329300187732386,1.9562227005355164,1.252747017421254
0.008611689293530423,-0.004504500491937865,-0.007282264038370873,-0.0017933776786947977,-0.002476304587798736,-0.6893340833768509,1.9415018910851458,1.1926969521256374
0.008657771210553781,-0.004449182996739238,-0.007262184596346701,-0.001705989342482091,0.005899377443889914,-0.6472174102854157,1.9232894901001614,1.133672629172566
0.008740042610664297,-0.0044334741917157975,-0.007299573117023449,-0.0016047878204635423,0.016613191615032132,-0.5787737691241909,1.946987370316103,1.0628531459377972
0.008814365644001353,-0.0043688379903043875,-0.007284072179775994,-0.0014833617462371273,0.028821559041795616,-0.5139543145689895,1.9304449603373366,0.9794727826502435
0.008942558061714376,-0.004341761063810412,-0.007328330697542005,-0.0013234339546958002,0.047142092964319114,-0.40571753425110507,1.9559112052658165,0.8666102082041515
0.008876513890890414,-0.0043290300096912255,-0.007282049401457191,-0.0013916670404379658,0.03804430925708148,-0.4608788833337278,1.9247674591368256,0.9156405228851018
0.009518700744331598,-0.003978331430065637,-0.007206933694742876,-5.385712797410155E-4,0.1270492617582963,0.05904642708156499,1.8188950668895407,0.3083216839623078
0.009629985441143477,-0.003925395859548098,-0.007181886957809152,-4.0612455537221854E-4,0.14031948815546447,0.14305480008376567,1.7906504206730978,0.21246742033800328
0.009724535601990943,-0.003847959161711391,-0.007128720943127055,-2.929213028516814E-4,0.14857771830120114,0.20778008453819719,1.7419620204340414,0.12939031177144278
0.010099536869175384,-0.003915215934587569,-0.007202373034618007,1.1222975818256092E-4,0.207603460556425,0.5224701009723657,1.7706438667374047,-0.15914340640722058
0.010359774221476893,-0.0038430088298766806,-0.007114504177101771,3.867590266640936E-4,0.23414761386192204,0.7042133763142983,1.684051702587462,-0.35446108857599185
0.010214181885980417,-0.003808031389542508,-0.007102463954741693,2.2882288435897925E-4,0.21100744540912433,0.5830213993992891,1.6855007312400365,-0.24557113400891736
0.011296160681094493,-0.0035214641729701297,-0.006565583467584131,0.0011533945636679193,0.2770257404038362,1.174792625690394,1.234489496305782,-0.8823037454613194
0.010780770102608231,-0.003758450730744765,-0.006944662233973246,7.946963648859541E-4,0.2701240756551578,0.9723463742210539,1.5287288969249107,-0.6362912429538922
0.010911427859544185,-0.0036979075293375645,-0.006853105930756252,8.980173943881814E-4,0.2730832792448044,1.0328198612712882,1.4545739058931908,-0.7082651625816332
0.011144544360206591,-0.0035875063562770524,-0.0066791761260008645,0.0010596603130580845,0.2761100818308271,1.1217514475485586,1.3194187498908672,-0.8185275911954414
0.010986018625379394,-0.003603344091658465,-0.006754855129289304,9.297598123973426E-4,0.26839239460362657,1.0384763507556625,1.3811417162150974,-0.7332136232461489
0.010538844597708975,-0.0037591336275511022,-0.0070109446744114285,5.558134740878398E-4,0.2443730687837308,0.8073576455118087,1.5939917482646875,-0.47482547396439206
0.010433697031561912,-0.003750426236718031,-0.00702510759113759,4.478394082140419E-4,0.23163869240507734,0.7297011056061556,1.6110269537158253,-0.4019736894353566
0.010647960653063079,-0.0036714653091043437,-0.0069146163385467455,6.415015070093589E-4,0.24523252454882152,0.851681408001272,1.515720984830972,-0.5376867912733373
0.009952857345567426,-0.003873847536151722,-0.007167675153093773,-4.8800172455775226E-5,0.1820783526031849,0.39530623885016336,1.7549398354256864,-0.046606422890288206
0.00983412471697434,-0.0037918105193087666,-0.007091884847442726,-1.7149195163427988E-4,0.1593766253147746,0.2846272191692907,1.7046662556831984,0.040421993001069884
0.00954477592775752,0.004016972988401585,-0.007246811278350918,5.177865224490766E-4,0.13271083344562087,0.08560377093336119,-1.848047170570702,0.29306129295566613
0.009639261108552816,0.003968972381635342,-0.007221785649952504,4.030854999342334E-4,0.1439361404049155,0.15731970832950945,-1.8210321209574882,0.2100624172354336
0.010115285253010451,0.0037543742522088783,-0.007064269179266044,-1.2202502569942894E-4,0.19282907061458693,0.49338782970880496,-1.6629430316725924,-0.17143750617774536
0.009994150571855685,0.0038060899440210327,-0.007110227041281894,3.591751564859751E-6,0.18213330353618404,0.4126527662652833,-1.7075153880800429,-0.08003749897632544
0.009875260198472152,0.0038764752841635272,-0.007166770991688145,1.3318408375496502E-4,0.17105169244519883,0.3332263590209377,-1.760233157661975,0.01434808917307839
0.009751497469020607,0.003923927347050665,-0.007197659968207729,2.726870949697814E-4,0.15798741752626047,0.24220455492432422,-1.7937689614923216,0.11559990909346755
0.011401224846204913,0.003591954138959877,-0.006561073023282355,-0.0012704848890688033,0.29255359807235676,1.2577095467695474,-1.2267944826373949,-0.9500528289355213
0.01121406480003915,0.0035158999686825646,-0.006599216479084323,-0.001085515454700559,0.2716510470555981,1.1296978231541261,-1.2611328127191312,-0.839768803913589
0.010494721353000884,0.0037110395961060063,-0.00698145825020052,-5.014486649001291E-4,0.23378331698885543,0.7596517402006593,-1.574148888824429,-0.4409193167951531
0.010628300229012322,0.0036788789792073784,-0.006925584467975403,-6.246304654944131E-4,0.24363544103015103,0.8409304038251209,-1.5241345609258459,-0.5263269809905686
0.010877469666279397,0.0035910586674580652,-0.0067847644439106595,-8.29809173182601E-4,0.25508141629559206,0.9689254446458732,-1.4068790088338632,-0.6700806833213515
0.010999224436421338,0.0034384628428596286,-0.006633337595276332,-8.79900731415936E-4,0.24738876745249985,0.982657272343696,-1.2930619468214297,-0.7114099688606222
0.010714629195246381,0.003589465320508008,-0.006833832726999463,-6.816557478700001E-4,0.2420479783809019,0.86586914509758,-1.4513121440259986,-0.5701627838957638
0.010199598536682957,0.003656049167047516,-0.006978797238384564,-2.0106176662664383E-4,0.1947827689658025,0.5309913926499885,-1.590813128230116,-0.23014252127109186
0.010347989002545199,0.0036262527268549794,-0.006938934684572012,-3.432367033484036E-4,0.20769942822776774,0.6294424949035095,-1.5510233484057403,-0.3326326267323065
0.007745026890925716,-0.005097034624844934,-0.007024721121668118,-0.0032082369110012763,-0.09735792395286057,-1.461855093794126,1.7762674022352396,2.143327334615172
0.0077123906585284865,-0.005109631119872877,-0.006997805884971611,-0.003250703517980468,-0.0968890704802523,-1.4869273954579219,1.7556724746653312,2.170700471441068
0.007674195397174732,-0.0051140426327264815,-0.006957056959070777,-0.0032877264539037665,-0.09609764880664742,-1.5119844051567422,1.7244566444892422,2.193655685182072
0.007759681015192018,-0.0050447636806438744,-0.006997007748300663,-0.0031363880343214493,-0.09269573979817558,-1.434137319619173,1.7552000648410218,2.0939035699004656
0.007789989490019997,-0.0049819668860848635,-0.006977870554546579,-0.003040923662105302,-0.08777476695062267,-1.3935211575537243,1.7408759547945178,2.0291389785822727
0.007800345632421084,-0.004922205971593119,-0.006939654200400118,-0.002967737087011655,-0.08262936083092329,-1.367234502670429,1.712233563333268,1.979304190042996
0.007856560223284589,-0.004879766972798492,-0.006963685894055335,-0.0028745646958710175,-0.07933763678215328,-1.3189309594950371,1.7297355491243545,1.9187201209217692
0.007622903585161835,-0.005106734006561516,-0.006890968499825457,-0.0033206489732204047,-0.09315486805435819,-1.538931069898975,1.674206087705807,2.211588673599667
0.0076031445263364935,-0.005148028219987514,-0.006900836742016819,-0.0033852186211389894,-0.09530583584084441,-1.5668213769193609,1.6808800528626884,2.255868208109588
0.0074961616092415065,-0.005199352963324032,-0.006811222652831607,-0.0035289195636901334,-0.09243423958304188,-1.6462612965148737,1.610576458586489,2.345544131141045
0.007558674273645412,-0.005161548707166904,-0.006858139349860516,-0.0034359479719421947,-0.09396833542036932,-1.59696355978436,1.6478351678186003,2.286820637794651
0.007518261058679136,-0.005167478907801499,-0.006813679491533503,-0.0034735251980003213,-0.0919385142830607,-1.620751984504323,1.6136839358153874,2.3082753710520483
0.007915837472484338,-0.004817727458799823,-0.006972616824853958,-0.0027591716074494527,-0.07324760497380235,-1.2626341063764717,1.7356167436633998,1.8430566240628636
0.008176527758802147,-0.00455640637959856,-0.006995610497342608,-0.002279108969333054,-0.04360808744587444,-1.0244204767126275,1.7453048681219563,1.5270080752477653
0.008124198241430196,-0.004582493752665428,-0.0069724165012406995,-0.002350335645095948,-0.0477264104554161,-1.0654412318549191,1.7300426384833438,1.574228807960572
0.008070847221997223,-0.004649616025819789,-0.006980584321702573,-0.0024589646899288603,-0.05576013269200452,-1.1167897055984828,1.737937950961248,1.6456088168026892
0.007974148879493898,-0.004758289172317983,-0.006980481556917239,-0.0026485516244572813,-0.0673802294980086,-1.2082794538181199,1.740370527226204,1.7703237920563635
0.008007869150005556,-0.004686942028788355,-0.006953603006836437,-0.002550567592133431,-0.060421793002242416,-1.167336422876221,1.7196078142847586,1.7057472352313716
0.006314050699835261,-0.006393806172016412,-0.005616888397260635,-0.005741327506174742,0.15969450104943184,-2.5542973576939327,0.4226093764137038,3.5730752185130075
0.006371212919703241,-0.006345162326027112,-0.005708013169717799,-0.005667244615684675,0.14191679002146804,-2.5443497619293516,0.50834614376888,3.5639390747898463
0.00635005838376268,-0.006364723194861444,-0.005674747889603349,-0.005697658162583081,0.14897323208429672,-2.549693758065914,0.4760509243657677,3.570160556595955
0.006328069451199934,-0.006380200015641277,-0.005639217968202059,-0.005720565017661722,0.15485516459790227,-2.5509771262034096,0.4443855218257852,3.569014780210154
0.0062828197248820635,-0.006431412091228592,-0.005567159076839593,-0.00579935680117996,0.17211684185488976,-2.5660337483961793,0.37033326170076336,3.59070364965482
0.006301431566791072,-0.006408496912418452,-0.0055968925414333496,-0.0057640234367109106,0.1645457604421994,-2.5588632418364123,0.40182690991904396,3.5797725542891343
0.0062952528531909704,-0.006422806275725375,-0.005587668991474306,-0.0057872347078921785,0.16896905110664717,-2.566251025106171,0.38828450763113254,3.5927107794657394
0.006290885427852007,-0.006385916732349187,-0.005576759375419522,-0.005723732211811544,0.1596743554812254,-2.5369078183164153,0.40009938175627996,3.5376506596880515
0.006264692716376201,-0.0064261923276177375,-0.005535946337971724,-0.005786635493844977,0.17230347107198563,-2.552546667433743,0.3528198141953341,3.5633476646182713
0.006249441151502944,-0.006440192545914752,-0.0055110456253522925,-0.00580697714029233,0.1770742522301507,-2.5543435430233727,0.32946507408189524,3.5649602573839307
0.006229793050799583,-0.0064574077473566905,-0.005478704637590722,-0.005831484849069791,0.1831988256037521,-2.5556457325124757,0.29974361818284184,3.56537460784893
0.006065481061165544,-0.006659565681863402,-0.005193808972166903,-0.006119351178082306,0.2484895797584765,-2.5825941015630707,0.012782753537260659,3.610949725866184
0.006042466017735156,-0.006685946753127184,-0.0051517546400509295,-0.006154076676417592,0.2567939192325923,-2.5814602103234274,-0.0268592872339209,3.6098321298926703
0.006147211534680451,-0.006535640069530293,-0.005340270282443352,-0.005940479282428363,0.20940601798024625,-2.559683101721386,0.17177455915678144,3.5671478581083993
0.006166047247394839,-0.006523223448364229,-0.0053721489801877844,-0.005925318733727423,0.20530091537955236,-2.563174642792285,0.1977455911196962,3.5746650180276434
0.006207114141672836,-0.006473484039025208,-0.005441013064878334,-0.005852951486909417,0.18896873526976013,-2.5539162830865467,0.26754005590807894,3.5600741926182913
0.0061815118438770895,-0.006499266377091521,-0.005398316594818077,-0.005889473731497629,0.1975076339883554,-2.556501884976939,0.2271782068970174,3.562941394103984
0.006087413356383751,-0.006560661170197044,-0.005239667500122677,-0.0059629936557339955,0.21874955417407937,-2.5373494276029622,0.10006839639992694,3.523099764435752
0.006103704698815879,-0.0065416876555901456,-0.005267664331426066,-0.005936971039637238,0.212784278781358,-2.5360323386495476,0.12695036625030612,3.520851221185897
0.00612092662932635,-0.006523610252775822,-0.005296902651718547,-0.005912442747661187,0.207050677580528,-2.535469452907478,0.15404119398553032,3.520281597491508
0.006078879718695652,-0.006630391746238228,-0.005219562410143672,-0.0060757492102031995,0.2395182824730571,-2.5744345967141977,0.04562110400620995,3.5946051596589976
0.006087991413639051,-0.006605281369556507,-0.005237197320654775,-0.006037185269935719,0.23165424897855655,-2.565336818371033,0.07117207439194993,3.5768337110811435
0.006070890609623441,-0.006580472683573745,-0.005210963146016764,-0.005990049414067576,0.22488664217146417,-2.5386063844378444,0.07238845713302255,3.5254288137840386
0.00636807943972497,-0.006315051485965357,-0.005697797636168519,-0.0056156252632494665,0.13497767880534858,-2.5200200461912705,0.515605184432378,3.518547132664977
0.006368163066773956,-0.0062876416775580705,-0.005693273687005876,-0.005569463022013646,0.12854544424720155,-2.4994405249435707,0.5251614461740786,3.4809419077799633
0.006369038163299421,-0.006241787443858266,-0.005686396182232321,-0.0054931819356864465,0.1181598869140065,-2.4656729706551883,0.5406427517656694,3.419732481400337
0.0063545079148845775,-0.006261248583782228,-0.005665900708850201,-0.005524074535001856,0.12417889606314135,-2.474270947005229,0.5182692927623562,3.432794844574221
0.006390841447087012,-0.006200832988532575,-0.005714116139937189,-0.005427200716150989,0.10715850726266425,-2.443614914116189,0.5769585222542933,3.3838120992183645
0.006369788728133307,-0.006217984157460197,-0.005683047479323815,-0.0054540227306878065,0.11324729690555055,-2.4484761358908362,0.5486923507975269,3.38875599653919
0.006389970452398305,-0.006171694825461723,-0.005706418324138691,-0.005379561601468317,0.10180667919411779,-2.422099849043851,0.5835419571472361,3.344994570059897
0.006411787634742377,-0.0061437245806835895,-0.005735481129116529,-0.00533486493022506,0.0933599858612909,-2.4089722296847675,0.6145197833680546,3.3255484188728763
0.006443206779514151,-0.006122854270188456,-0.00578126230025917,-0.005301405411023193,0.08594031823075506,-2.4032588865886932,0.6543774507105625,3.3216742858526724
0.006466545545214091,-0.00609953141880511,-0.0058128753551501015,-0.005263386222998667,0.07890092813115586,-2.3926466616941977,0.6851799792745003,3.3076635307644477
0.006491714979527105,-0.0060833962520193486,-0.0058490346768211715,-0.005236598970776267,0.07294616895045737,-2.3872469861297905,0.7166029850735058,3.3035982114396383
0.006541138025403393,-0.006041617433584969,-0.005916039530307389,-0.005166279135118467,0.05960433173681181,-2.3674749385870637,0.7793062920523183,3.2800412481849004
0.006562068860080911,-0.006033479080732286,-0.005947150298306377,-0.005151448199290726,0.055679782478571097,-2.3655030750863544,0.8047366535319089,3.281790830795482
0.006575727163576339,-0.006014236888733493,-0.005962557435569802,-0.00511909061810381,0.05064860222555473,-2.353595026380795,0.8223600607747663,3.2639752027335995
0.006499273313501021,-0.006053357971377325,-0.005852300364412113,-0.005187808864947927,0.06695272673119278,-2.366983397127953,0.7295942399049292,3.269118925197599
0.006516512884880377,-0.006027274585221905,-0.005871860912053674,-0.005144988348583515,0.06055879917629168,-2.351753559811272,0.7523698261267907,3.2459993011589607
0.0066451664777678575,-0.00597329381158289,-0.006059141627166139,-0.005044441712509752,0.03509545087399963,-2.332872081415538,0.9071339579061695,3.2460524123872854
0.006659923559641429,-0.005945372645198082,-0.006071590966346415,-0.004997297536096096,0.02875292034050684,-2.313498424974078,0.9247353820818536,3.2155838930593115
0.006594248827152024,-0.005994535843637428,-0.005985314382901206,-0.005085381192041025,0.04539097891055,-2.341938422441394,0.8454335892424617,3.248021545109902
0.006614736996802881,-0.005974121628917821,-0.006010589710514229,-0.005050069823868689,0.03915567260675916,-2.3297034332548177,0.8704925083665229,3.2317214748699135
0.0073999085273444174,-0.005250920655718774,-0.006729505722427941,-0.0036613567309283818,-0.08793694685427143,-1.7168560511062239,1.5450947010787741,2.426852013165704
0.007350599071500978,-0.005273770902968759,-0.006683090211815544,-0.0037233407525788377,-0.08504444601809592,-1.7498216163788032,1.5080077100115308,2.463182842870452
0.007456613441694269,-0.0051951997258784756,-0.0067590416597380345,-0.0035521490228796093,-0.08944296119650498,-1.663927490594509,1.5706107125931332,2.356013507611168
0.007410780088721853,-0.0051997106292185685,-0.006705362243337565,-0.0035894437885436877,-0.08630741911179496,-1.6874626049314891,1.5293392793802136,2.3754169953968955
0.007162932856294526,-0.0054462565061556166,-0.006552234554920758,-0.00406582458031774,-0.0699423707267388,-1.9132505617397093,1.3920952261553368,2.678361219075759
0.007292614251897422,-0.005353253454864108,-0.006664303819185736,-0.003864259802489878,-0.08258812274063633,-1.8147492759530175,1.48784013394477,2.5570122052209237
0.007252927938446174,-0.005373673536958033,-0.006625569143412886,-0.00391569115412754,-0.0786985753180627,-1.8410883477450852,1.456023862088093,2.586588471747853
0.007187912137419282,-0.005406411156012755,-0.006559911287309878,-0.003997400688603574,-0.07247553339425873,-1.88236377464095,1.4020249026193037,2.6322511297574613
0.0072102845524703385,-0.005365789207173088,-0.006562843561097642,-0.003929870651333091,-0.07410939870183682,-1.852248005505156,1.4081538285893467,2.586426872697491
0.007297425657048234,-0.005293089121216842,-0.00662798979121781,-0.00378202341118486,-0.08069056842216038,-1.7814509308319657,1.4642911845049948,2.4956537606015803
0.006847758437106123,-0.005716702055829309,-0.006256840894013355,-0.004595115718563178,-0.020677538715751245,-2.1499767515296413,1.121712460294985,2.9828088492574127
0.006806677241646054,-0.005737732757575827,-0.006205497399129054,-0.0046396887199318185,-0.013300629196481914,-2.167219438523666,1.0780445591224093,2.9996825212319744
0.006857930373375416,-0.005668749042458516,-0.006246940265920902,-0.004519989640107809,-0.024911706580835313,-2.116729462790524,1.1234411873078292,2.9265537788619245
0.006901568320823771,-0.005656505324032109,-0.0063050877950060966,-0.004486474449207043,-0.03174529635762227,-2.1036459762765976,1.1702507391370396,2.918580275917431
0.006945683675740538,-0.00565004039027336,-0.006366940408578486,-0.0044601664267220195,-0.03844084839057255,-2.0928735745387805,1.2193750242356405,2.915856306669053
0.006984966629840492,-0.005645963498791075,-0.006422958978865336,-0.00443820706361251,-0.04424096175590503,-2.083213508505453,1.264153472584575,2.9142219204935533
0.007078516741962937,-0.005584707873637824,-0.0065228896316943214,-0.004305860574518043,-0.059098908449862854,-2.0219109746817945,1.3522934928549428,2.8421093883835415
0.007035818942500174,-0.005604738975228104,-0.006473049517057085,-0.004355134955548298,-0.052706372560928735,-2.0453713898523582,1.310007815273895,2.866312921401359
0.006997903564843458,-0.005614413994230974,-0.006423228977584015,-0.004386069507524641,-0.04726698553904706,-2.059897810247449,1.2694057917720125,2.876792912337028
0.0070855362807938456,-0.005538152256640806,-0.006503181513968327,-0.004235107023899686,-0.06046878797695059,-1.990901469335544,1.342805612245108,2.7874522482407067
0.007119705721977699,-0.005442705171957303,-0.006490101572640276,-0.004083657698918569,-0.06496109992703834,-1.9243087470082554,1.344458082271094,2.679141550885619
0.007098554690500199,-0.005489583161914204,-0.006490597020435532,-0.0041597323860281575,-0.06219495222235603,-1.9578837154914444,1.3390904643867756,2.731967607041725
0.006656691265378166,-0.005908806427248086,-0.006051501690861425,-0.004939783280837291,0.024955864916121867,-2.2861596839181364,0.9199426168471464,3.1657182581327343
0.006751037146631444,-0.005843935174913536,-0.006171239556205438,-0.004818164771402022,0.003744601279404482,-2.2434678698592747,1.0277439743705636,3.1181698332374843
0.006722727427661851,-0.005854881779285419,-0.0061320039318150145,-0.004841929244936558,0.008995303225970521,-2.250778913654603,0.9952016356644096,3.122258202307395
0.006759614087916866,-0.005808772125381234,-0.006168035371535228,-0.004761373428118411,-7.729316098226435E-4,-2.2182362558493627,1.0336615805181648,3.0755992310659472
0.006692995667205786,-0.005854444631440205,-0.006085444603154209,-0.004847690943246854,0.013528960609184154,-2.2493591610270354,0.9599422752186938,3.1105735480700116
0.0066580263578506415,-0.005864963553656719,-0.006035556999501,-0.004870954168706682,0.019651048875221927,-2.2547224061565534,0.9199983385025928,3.1100374744641424
0.00676993217228865,-0.005765068976481759,-0.006163098692918185,-0.0046916342426926915,-0.005730633468218365,-2.187455693705003,1.0399680595281324,3.0238204105402837
0.00916229088481906,0.004127068088002846,-0.007231228521462982,9.790682339413344E-4,0.07927983013435964,-0.2247325496657551,-1.8651829661753454,0.6255505278924399
0.009350343756661413,0.004055586703933931,-0.007231852204935129,7.453917506494972E-4,0.10533368500532728,-0.07271478382784606,-1.8515018069919995,0.457483226948074
0.009225488895438103,0.004023224851298367,-0.007163014454334864,8.717068138599716E-4,0.08612185012409619,-0.17647117700008816,-1.8073451269820928,0.5494241249426443
0.009445046071246882,0.003957882974988989,-0.007171778527742184,6.144272921806564E-4,0.11463665877287697,-0.0031754436410167783,-1.7971086738152888,0.3630252401965257
0.009049075771804858,0.004070770262618058,-0.007135754424866289,0.0010790391758197422,0.06354822617523574,-0.31704028803595463,-1.7994541952914853,0.6994503115111192
0.00854995608972302,0.004337987712236777,-0.007093216829511145,0.0017470039632284501,-0.0011749241826218455,-0.7200638548738266,-1.8006110737563685,1.167056661896217
0.008457550463890831,0.004342784594161833,-0.007034189559365146,0.0018427795048082968,-0.010143977000439222,-0.7890437345048678,-1.760812831799059,1.2345443429825613
0.008606816693723505,0.00428236546498515,-0.007082728752553801,0.001653013102136631,0.006890927573184917,-0.6712064353071017,-1.7891921997327833,1.1031348728019605
0.00867461693364427,0.004217670646711172,-0.007069642730700781,0.0015442790860823394,0.016692662878236102,-0.6138129913861315,-1.7746598429903366,1.0285405279449675
0.008753833046582107,0.004175947334113439,-0.007080080702048104,0.0014393749453980012,0.026088094932829452,-0.5507298597935099,-1.7773147457520246,0.9556763293654098
0.008960684040190167,0.004044343179382817,-0.007074170870667357,0.0011597101761046062,0.05179489166813582,-0.3856969073976609,-1.7576883875369493,0.7586821589699001
0.00887145292943127,0.004075895102364453,-0.007058015912949587,0.0012662126165545638,0.04140305568148812,-0.45515778375023247,-1.7517312374472096,0.8344436193417676
0.008788857583750188,0.004108967652796364,-0.0070429456794798995,0.0013671832908100532,0.03158924900121182,-0.5196867561237442,-1.7461544188308598,0.9063200907631896
0.008280048348325275,0.004351971281988624,-0.006912281770875485,0.0020190093311551866,-0.024072307019760295,-0.9134270783710462,-1.6784360200925585,1.3559186068093287
0.008355480080330518,0.004288041768662127,-0.006917050704764072,0.0019018888736660321,-0.014994893813853794,-0.8515082694951063,-1.6781417783724348,1.2776787030576224
0.007940241987298856,0.004522078022908001,-0.006762449785837356,0.0024584105843862545,-0.050325457281010295,-1.1649426475519753,-1.5809381005239989,1.6452366650430652
0.007846817377881538,0.004517101231019532,-0.006673900505036151,0.0025293029018032933,-0.05234667334823469,-1.2154487399383767,-1.519198284641195,1.6896572880803884
0.008048955363992935,0.004465251549579058,-0.00681448276127461,0.002316687278113437,-0.043595498366548094,-1.0858438796606507,-1.61547619447925,1.5534146234184842
0.008118836795252845,0.004376445580709244,-0.0068046826246724425,0.0021823552438396763,-0.034402765427671934,-1.0220198803250369,-1.6058622261125814,1.4662041312760827
0.00818897678717112,0.004313643486325356,-0.006812428183545172,0.0020713963146452813,-0.02748721575586713,-0.9647702230751373,-1.608355191281272,1.393363480614109
0.007765249089019887,0.004556723451970188,-0.0066261737231379245,0.0026292316708154194,-0.055236959430479196,-1.2702475155053496,-1.4863880180718643,1.752152465488056
0.007872214384194005,0.004453041376340347,-0.006650825175535241,0.0024513253033901427,-0.047541236960757974,-1.1833839883143147,-1.502229240872416,1.6397234384382557
0.007788518426660838,0.004450794744145379,-0.006573698736151848,0.0025133130611653207,-0.0490812641938796,-1.2260074034469104,-1.4494195769955487,1.6778331704709242
0.006832250119384343,0.005082824321998679,-0.005920813643374611,0.0037454384059341164,-0.034519412098693525,-1.7902127149699238,-0.9814437346664705,2.3546662889015253
0.006732828892164031,0.005104479763594933,-0.005810123461791429,0.003807292118168312,-0.026241891578972863,-1.8106592966731228,-0.9078992850252511,2.368711138647973
0.005671323257541168,0.006080944705547782,-0.004648876619047413,0.005156689988576553,0.1346646937428689,-2.0858188480529343,-0.05417670970951834,2.7118297229542985
0.005953015556020971,0.005811572880152721,-0.005008550823864893,0.004832544798120557,0.08508154470725789,-2.0709414525021175,-0.30554964569516446,2.6963531014380577
0.005893871380930126,0.005865019137366566,-0.004935723475245696,0.004899745137104482,0.0957195982488951,-2.076818462529888,-0.2540458769166567,2.7025894412327705
0.005736552917633699,0.006001876418190841,-0.004734989112640268,0.005063238852091239,0.12131483431853052,-2.0800352252552496,-0.11838810352356778,2.7027187105625963
0.005813208869293994,0.005929979838282575,-0.004833631206498725,0.004978225680591051,0.10785121345770428,-2.078032307160658,-0.1860520335215983,2.7013145567891574
0.005978939592599254,0.005725086454867091,-0.005031533253362471,0.004719490289625985,0.0741405675311836,-2.0384485590181316,-0.34193176363274386,2.6448818657773288
0.00554092337214101,0.006079146685838304,-0.004480354337433587,0.005129948066728708,0.13796827227556277,-2.032170185566896,0.007599815187758699,2.6222221138601554
0.006436377517884032,0.005431560578315022,-0.005561935909375242,0.004297676495592839,0.010891402269795571,-1.9747516659430335,-0.703432306375439,2.5883565606580365
0.006516455883338296,0.005397807912526333,-0.005654573938431138,0.004237440296991828,0.001758622961814381,-1.9621213913706528,-0.7659601851152216,2.579790256931855
0.006541220570930223,0.0053140820659910715,-0.005655966774208995,0.004123951442902899,-0.004194390917644404,-1.91996987772261,-0.7818742697833713,2.514257531547998
0.006585985648743623,0.005230288450076021,-0.005680888506498842,0.0040068918965388755,-0.011066721932039203,-1.878307433288283,-0.8105655037627003,2.4535382717525045
0.0066450857347665065,0.0051576564383708995,-0.0057254358272757775,0.0039001778959153227,-0.018002577762981368,-1.8412203380725554,-0.8485530010634402,2.403086017231709
0.0060223436010445495,0.005629949090643165,-0.005073299393782847,0.004596205065359317,0.06159543276593459,-2.0060893962442212,-0.38874880210654855,2.5957459598743244
0.006122450192278945,0.0056277475336019124,-0.005202807215563247,0.004590313771936873,0.05365849688601041,-2.0272935582843004,-0.4558624406435827,2.637413068686129
0.00618552388734413,0.005546172935357251,-0.005267524768145582,0.0044800236849256965,0.04140396893463428,-2.0001963003796774,-0.5102971064613272,2.5994725455530356
0.006260230016235091,0.0054664034312078245,-0.005344342981183552,0.004369538491419112,0.029366481813056355,-1.9731897898058381,-0.5701651640115754,2.563591488479457
0.006340658994172477,0.00540147125073731,-0.005429178852162223,0.004275304835513955,0.018392372116726615,-1.951320324287795,-0.6309049010080828,2.5374687535409777
0.005410612007298097,0.006217205121319111,-0.004303809074938825,0.005275449996401181,0.1581695366354087,-2.0220940650158217,0.11992556563039587,2.6086902101053995
0.005428609053951763,0.006123066711065807,-0.004335876862061259,0.005161930802496485,0.14499550989698692,-2.0009217351171684,0.07265143747289378,2.571866885112465
0.005438094656537854,0.006030703532366372,-0.004354473704479271,0.005049525382861411,0.1332438475808908,-1.9755941896570128,0.032702071162314814,2.529621783165897
0.0069770367817846264,0.004989529336369985,-0.006048006417578029,0.0035742714864956744,-0.04514152957303347,-1.7233506787543045,-1.0743252302811828,2.2760681848465314
0.00704414466711983,0.004911555308531339,-0.006085420623261195,0.0034525870880774594,-0.04860744539918154,-1.6743156303219686,-1.1054278326920075,2.2100328939670892
0.007085659587840435,0.004826471313569919,-0.006087324422390299,0.0033361220264410685,-0.048637181953592366,-1.6279916608801555,-1.1130585515275568,2.1425511170085554
0.007206176104111148,0.0047829589252984875,-0.006196867903715242,0.003225980621293312,-0.053800783174735516,-1.5777392611656131,-1.1880180555797741,2.0896080458470383
0.007262630811611381,0.004733742443486872,-0.006229928866213529,0.0031414646797531787,-0.05540440949960766,-1.540872966547989,-1.2124496207743958,2.0429093400256013
0.007127658401169707,0.004762635898367126,-0.006099564777851758,0.003244638415663692,-0.04909553909298792,-1.5910364028988395,-1.1246357247730587,2.09076646525859
0.007540516779594324,0.004598951652450472,-0.006435919134013507,0.002830682712097072,-0.056886191402590595,-1.38825420122156,-1.355407612448195,1.869700366973402
0.007641548385849509,0.004560744783860648,-0.006510254896760757,0.0027235859185045295,-0.056048850338873746,-1.3312334250786824,-1.4063822214689943,1.8075559372081538
0.007270983493487232,0.0046627529804241785,-0.006197878442726471,0.0030613313230070313,-0.05145362601665221,-1.5106970182680926,-1.1939449620225604,1.9929589279362365
0.0074284865543039254,0.004548178253014791,-0.006292208783738803,0.0028515639252480744,-0.05160631816811918,-1.4148686165102273,-1.2594900301777436,1.8757135248687684
0.007337730427215184,0.004606913126002188,-0.006235104281770946,0.0029652098531999173,-0.0519649248790628,-1.4677514749435632,-1.2204217629215213,1.9388080222278055
0.006873978960132456,0.004985861640289832,-0.005924785451638053,0.0036134534570438077,-0.03750668073914697,-1.739181017855138,-0.9944158086959248,2.2787316105971223
0.00530870791125324,0.006385952602650417,-0.004150366065347429,0.0054583736131638035,0.18212649603881406,-2.0220676792709327,0.23680524892591026,2.6164067501614547
0.005309727554735533,0.00626681343786611,-0.004171633938015379,0.005310820733525667,0.1647159526895248,-1.9913806859564203,0.17877997680647148,2.561379772796727
0.005204614135186549,0.006443807235067203,-0.004009923744580124,0.0054962540242656,0.18780172209018395,-1.9860475630713206,0.29731223799134043,2.5621428928596806
0.0050827640770951775,0.006497068657621289,-0.0038505712254406645,0.005518775686777993,0.19086039442350985,-1.9385349193228618,0.35468797579283984,2.4906418474219603
-0.009016915263030915,0.00509759809889699,0.00817052715093493,0.0016384578938231076,0.036764315326981954,-0.2836393771781657,2.5720225574421125,1.0453218326245968
-0.009006427776761933,0.005085229316603663,0.008149392270699704,0.0016474339825763953,0.030609810943874823,-0.292931785510542,2.5600131543118274,1.0490654441100624
-0.009001516484536435,0.005100711207802961,0.008165336918861638,0.0016641305306287588,0.03285797198569558,-0.29982376060443655,2.5698333787155576,1.062507775723939
-0.009032323652033134,0.005094533407963571,0.00817563617265021,0.0016127714567818034,0.04082465603332403,-0.26744918294006204,2.5741472372950596,1.028194768822012
-0.00902186139925008,0.005082118307418798,0.008154558487758172,0.0016218443494064583,0.034984448438867694,-0.27674798159759934,2.562098766294777,1.0321127539039356
-0.008990998426598486,0.005088399465329818,0.008144154228284115,0.0016730209842215785,0.026246174367926586,-0.3091098708223987,2.5578753018746485,1.0660432531548627
-0.00898612747582548,0.0051038727033783145,0.00816006508691641,0.001689791235762918,0.02917130556681478,-0.3159991588689638,2.567587744411174,1.0797543518898303
-0.008924672332571876,0.005117001903782517,0.008138191686472014,0.0017921766599067058,0.01195969714251699,-0.38038385611648756,2.5584134550427944,1.1484549717369381
-0.008913999137494008,0.005105089228672589,0.008116881966272901,0.0018007913762642153,0.006177823052259488,-0.3899515831158402,2.5461820608203687,1.151607179975992
-0.008940020664703167,0.005113647187447097,0.008143772911781203,0.0017666420107645033,0.018035711916812254,-0.36431715142029136,2.5607370540675904,1.131465421866846
-0.008929371864180965,0.005101710680774002,0.008122555548980571,0.001775312080514206,0.00968721740225278,-0.3738256944611842,2.5486846605236093,1.134467560982099
-0.00895537940604795,0.005110340726114829,0.008149278964225336,0.001741066146594891,0.02276058649456607,-0.3482544659411349,2.5630249076236855,1.1143217304954616
-0.008944749791809653,0.005098318445687962,0.008128076985653092,0.0017497852041320247,0.013331170990828504,-0.3576680750883458,2.551090685370926,1.1172986550665247
-0.008975569325735054,0.005091634771735141,0.008138848678803053,0.0016986150681230305,0.021853202792392636,-0.3252939759681452,2.555677269517528,1.0830650491915659
-0.008970748396413332,0.005107082553678813,0.00815471142684836,0.0017154411773162284,0.02597393852596332,-0.33215007695648485,2.5653090805836434,1.0970479459409976
-0.008960148326358462,0.005094944479770248,0.008133490594269405,0.0017242113503210964,0.017451778696109328,-0.34148521687113775,2.5534159853951164,1.1001503398943535
-0.008887793944992136,0.00509605695520881,0.008089610984469033,0.0018346007359491233,0.0025952661184874114,-0.4210586474223588,2.528175030196902,1.1780706361692592
-0.00890323092544308,0.005092772813364764,0.008095680690036645,0.0018092849217108584,0.0064857002177326544,-0.4048811414083738,2.5310070225357886,1.1609682444546445
-0.009047741492513604,0.0050915171656692355,0.008180664441397784,0.0015870688968535375,0.04495384170250063,-0.25124921428633873,2.576208374238768,1.0111180912992432
-0.009037305254988862,0.005079062533891911,0.008159651900297967,0.0015962409234606546,0.03937978131690997,-0.26054966923681894,2.564135730794551,1.015172256405933
-0.009063168625695948,0.005088549402048353,0.008185612625474344,0.0015613466630931153,0.04899501438899954,-0.23503075239908292,2.578209860049686,0.9940850921607307
-0.009052764248575504,0.005076061103603237,0.008164674040367066,0.0015706161061577845,0.043829832194238444,-0.24433307433693477,2.566125640815216,0.9982391466888515
-0.009078604893063716,0.005085630146507709,0.00819048112743843,0.0015356024941993026,0.05285376630271113,-0.2187834157286552,2.580153631164287,0.9771014017404503
-0.009068242801635575,0.005073118400797932,0.008169631830455567,0.0015449658721250984,0.04837266673379605,-0.22809848948470604,2.5680720376502357,0.9813157914836469
-0.009094050136367162,0.005082759427831131,0.00819526961873491,0.0015098380798027483,0.0565661345082786,-0.20250121989346348,2.582035276154096,0.9601895536573947
-0.009083742894921618,0.00507024293546648,0.008174535281610147,0.0015192915684330772,0.05301888880821348,-0.2118506140283016,2.5699809034278114,0.9644091979229802
-0.009109504197630083,0.005079937274184246,0.008199976510194683,0.0014840622328440615,0.0604409341733892,-0.18619185232867033,2.583842817553425,0.9433864341232537
-0.009099259854986611,0.0050674435406914955,0.00817939125541143,0.0014936039144035245,0.057723774398438586,-0.19559828680163635,2.571858456928332,0.9475278897750609
-0.009124966919156603,0.005077163713119264,0.00820459914358229,0.0014582901227102117,0.06513570792685293,-0.16988366998242618,2.585560820181559,0.9267219244505963
-0.009114779278302296,0.0050647204868299,0.008184192401575363,0.0014679230421509248,0.0623468659256222,-0.17935074331180723,2.5737043393426613,0.9306743445381152
-0.007177036241645389,-0.00576665915919071,0.0067980655072461095,-0.004532228196185953,-0.07026588139831465,-2.1128726425136914,-1.5559927839340555,3.072890259023558
-0.007160499462056038,-0.005767368104758428,0.006772416727433492,-0.004542149046385007,-0.06757709535662289,-2.119417385856255,-1.5338305934680998,3.0750919092755886
-0.00720484027346593,-0.005750886147302487,0.00683015309843638,-0.004492054119022288,-0.07532349497281088,-2.0910742550665318,-1.5856342120443105,3.0480328630645572
-0.007217912824927558,-0.0057389344743845935,0.006841600730955793,-0.004465894547770224,-0.07777305167497646,-2.07753688918889,-1.5968766504160163,3.02981259557226
-0.007186634350095509,-0.0057482404864497355,0.006799546649852612,-0.00449797777767462,-0.07234790033300716,-2.096340104634864,-1.5595798285713067,3.0462523178465264
-0.007232154060327626,-0.005726954444031365,0.006854666247186955,-0.004438971828150308,-0.08018078169917714,-2.06342289176597,-1.6094737216906843,3.011284529884808
-0.00725156420780728,-0.0057164705745887745,0.0068767149812942446,-0.004411209774894487,-0.08356511137535218,-2.048045765582376,-1.6295586286706603,2.993909519502364
-0.00726803624259895,-0.005702318911125312,0.006891083685876519,-0.004379375284144677,-0.086225264206626,-2.031299567961652,-1.6433343703856202,2.9717699550527548
-0.007384102916699099,-0.005652265666406814,0.007026799438076592,-0.004226997536078817,-0.10363701922246073,-1.940918938168635,-1.7640816028114374,2.8756431386868253
-0.007398454620768527,-0.005647051323519734,0.007043878279430579,-0.0042090331360657264,-0.10555281043301465,-1.9297164249496759,-1.779048048058047,2.8641703923816397
-0.0074106102544612,-0.00563414613196548,0.007050918801772209,-0.004181044296114239,-0.10695686915846495,-1.9150994474594003,-1.7858114303318688,2.843483736504322
-0.007353015776944758,-0.00565125255981158,0.006979188892858972,-0.00424688153777604,-0.09895159200928728,-1.9570838217628561,-1.7232912161857727,2.883818256896219
-0.007367187286546165,-0.00564160328893443,0.006992413887985674,-0.004222741358132013,-0.10084585089063706,-1.9436834072469884,-1.7352676066985884,2.8672168269039386
-0.0072825042345224964,-0.005690424749669441,0.006903913377928739,-0.004352170769669399,-0.08850696793279643,-2.0168456014241603,-1.655498752454367,2.952891286401282
-0.007294905627001965,-0.005676303583407179,0.006911615585492134,-0.004322815496523265,-0.09039777355779843,-2.00189189015377,-1.6633674663009117,2.9314570840105323
-0.007338577258207415,-0.005645814321097823,0.006952996893765669,-0.004248384413053712,-0.0966505309835045,-1.9612530795607472,-1.7012260218021744,2.8809310943835094
-0.0073247728796539185,-0.005651097756179647,0.006936550717723421,-0.004265429950924758,-0.09469009775479548,-1.9714788865919288,-1.686769251497782,2.8914049991864954
-0.007309148153243764,-0.005661070285985347,0.006921027269512564,-0.00429061372380787,-0.09244301824210192,-1.9853855351403291,-1.6727190003356094,2.9082083334903923
-0.007093168895982558,-0.005811919712525824,0.006696603137949265,-0.0046467877385543465,-0.05409198435307507,-2.1735198644388016,-1.4622194299325206,3.1398030156784302
-0.007104693619509451,-0.0057940890705167536,0.006702733073665841,-0.004612736798179414,-0.05696101947886533,-2.1570093070901355,-1.4702602661493136,3.1144319810551075
-0.007117500014510115,-0.005780513626532993,0.006713651926836981,-0.0045848870515581,-0.05969589973259026,-2.143212544123694,-1.4816310179940262,3.095138854672688
-0.0071307597417975856,-0.005768804000681303,0.006726411007712748,-0.004559729706377478,-0.062419413108900514,-2.1305625990328356,-1.4942174128005705,3.078396331716481
-0.007144843709377949,-0.005758080389345727,0.006740997072537765,-0.0045356427829935505,-0.06511979630449204,-2.1182355979202456,-1.5081817456091307,3.0628534692624054
-0.007070348417207682,-0.005810057984421592,0.006658704620565642,-0.0046543638012988805,-0.05027979242540192,-2.178563593027452,-1.4301439408245005,3.1363005515285605
-0.006933966896874169,-0.005909389884126491,0.006499444127266379,-0.004870278897807196,-0.019181993971548014,-2.2820424587333084,-1.2761825182667959,3.2625872026949607
-0.006915301652480415,-0.005913065122522595,0.006470815492338244,-0.004882571415494725,-0.015790981738272723,-2.2872568470204215,-1.251423069800621,3.263532142573689
-0.006943069950891158,-0.005890523762736975,0.006503279696816311,-0.0048361240663844915,-0.022512076070992575,-2.2660253561245685,-1.2835350013684736,3.236675830908777
-0.00695784489948725,-0.005870900396056964,0.006515694218971155,-0.004798786915078276,-0.026852332768644408,-2.2486169880890636,-1.2980511496897578,3.210940803661574
-0.006972709359887904,-0.005863353335627671,0.006535285960850327,-0.00478100189483011,-0.029868419786499345,-2.240333786097365,-1.3159942096759862,3.2025991463255954
-0.006983077019948269,-0.005849150231038368,0.006543375928351788,-0.004754018190147807,-0.03282169145986142,-2.2276468474756626,-1.3256127503763546,3.183695014332369
-0.007004225541396583,-0.005837298878626484,0.006570135011453566,-0.004726528977624892,-0.03720247062615268,-2.2145820804191048,-1.350348580241172,3.1696129717540122
-0.007026694914028488,-0.005816500816246974,0.0065929948455265485,-0.0046838332161550774,-0.04244343542723351,-2.1941888771116713,-1.3734325445733313,3.142396459383708
-0.007042393659535178,-0.005799197085165873,0.006606857471826031,-0.00464946421253322,-0.04608398978319839,-2.1777434012702823,-1.3881448984718985,3.1192586714036863
-0.006855109167403942,-0.0059657374324830394,0.006400166640865574,-0.004988050171155321,5.315888689915777E-4,-2.334263402701991,-1.1798558919640525,3.3244802968785385
-0.006834158457116908,-0.005968326617659756,0.006366605984983744,-0.004997958373439367,0.004318759044744959,-2.3372523387178323,-1.1515041111151854,3.321077407701446
-0.006865552530984152,-0.005947311448853112,0.00640765162912632,-0.0049544622702889195,-0.0034637628907575667,-2.3188906154914055,-1.1906922490462835,3.300266697614092
-0.006882945899434085,-0.005929505097059846,0.006426709514601608,-0.004919874923599168,-0.008412803998411272,-2.303463836349007,-1.2107994415163,3.2790876629676196
-0.006896083092275525,-0.00590734337734586,0.006435983598055146,-0.004879361897520661,-0.012755157237587836,-2.2848452970376676,-1.223646125460143,3.250080912717977
-0.0065866976538341065,-0.006151066723583378,0.006027870156387679,-0.00534466599221053,0.07240385641957707,-2.462225873586466,-0.8241699795479008,3.4638292806666096
-0.006556131534323276,-0.006142783532309813,0.005973497244487703,-0.005332109871292277,0.07520586079267588,-2.4485973536091397,-0.7860035707110749,3.4303038846407286
-0.006602085193226827,-0.00612802750749237,0.006046036092733485,-0.005304661956477961,0.06588646106534997,-2.446844445240943,-0.8464213670722339,3.4401656243389884
-0.006622430407295428,-0.0061103386504436094,0.006074062203830748,-0.005273160402993095,0.05965539250747303,-2.4364755217421252,-0.8742186962555072,3.427289815946403
-0.0066568910823774415,-0.006063968708567994,0.006114296441346694,-0.005191619887127255,0.046620063892404355,-2.404707014147801,-0.9210740962986775,3.379902865858344
-0.006638032838013744,-0.0060862526968221845,0.006091335915908409,-0.005231115047267406,0.053250615489296056,-2.419742854626833,-0.8958519190059794,3.4014671294088608
-0.006090028347008413,-0.006560567322107447,0.005243991681214061,-0.005963714961872721,0.21871087305687917,-2.5390249131293996,-0.10247971312810687,3.526346500052887
-0.0061064846605823645,-0.006532007750653647,0.005272719638717634,-0.005921870642469389,0.21010748348414202,-2.5317551459321277,-0.1353875188608706,3.5128431165058402
-0.006129750865003074,-0.006503803201889314,0.005312062847560565,-0.005882326999185707,0.20143051378428226,-2.5282897362570345,-0.17398129612380867,3.507098767981802
-0.00618798401362143,-0.00643959616318783,0.0054081309544969655,-0.005791620372424009,0.18112474060179398,-2.5200651312834776,-0.2660825787327972,3.4953633682107053
-0.0061396789676829225,-0.006469355524467376,0.005328841982686784,-0.005828380831936167,0.1918062355943909,-2.5120254261853407,-0.20299724503983976,3.477132079965726
-0.006151966510532451,-0.006440859994976292,0.005348832689602181,-0.00578484348086549,0.18367481730656507,-2.5006573920026667,-0.23016275344301143,3.456750984761847
-0.006248758635403591,-0.006365212008565312,0.005504387404128432,-0.005681368827488382,0.15810877481226218,-2.501165739348405,-0.3639042009606821,3.4665590004700824
-0.006224470080073085,-0.006390685859907447,0.005466163700860768,-0.005718775090089116,0.16620414574939588,-2.506428428978753,-0.32708218090489977,3.4735543079933113
-0.006205009499417939,-0.006413053224166843,0.005435268459569285,-0.005751617652464666,0.17323043944287983,-2.5114294231927476,-0.2965780460397758,3.480852768445954
-0.006217596671836179,-0.006362521649007824,0.005452855465107155,-0.005671051089291445,0.1599833628974514,-2.4837125097422623,-0.3331776550395814,3.4311899754590294
-0.006333612558264757,-0.006342689096339758,0.005643740965781393,-0.00565778243114846,0.1451358423396588,-2.5255577675189667,-0.46576533251192914,3.5229888768432076
-0.006526237447501287,-0.006141680974747064,0.005923099824053578,-0.005331299332519509,0.0791072247488077,-2.4402932426490405,-0.7488498072077457,3.407391553210914
-0.00635019984848436,-0.0063186215910940105,0.0056681948354679506,-0.0056194384198008035,0.13746409061480436,-2.5150190124357574,-0.4936852589363078,3.5063514610690967
-0.00637288178826621,-0.006304786575845971,0.005704183464040375,-0.005598836383094322,0.13220356222734292,-2.514311332183424,-0.5246578394815017,3.508942871955379
-0.006385613913281605,-0.006281389767356714,0.005721476479921432,-0.005560718102621623,0.1252221214046317,-2.501796976108516,-0.5472756162981244,3.488332838303101
-0.00643389283011999,-0.006238094847730055,0.005793799133967882,-0.005491536985914069,0.11030322225234825,-2.4869407926289715,-0.6167442589011188,3.4707648034986387
-0.006405948847751509,-0.006256205214034135,0.00575074071042548,-0.005520122025530139,0.11726668682772227,-2.49056446083676,-0.5787060034615717,3.4717461356653927
-0.006426236410786821,-0.0062092792934768885,0.00577444614909772,-0.005442957768698357,0.10509149749266652,-2.462256459973937,-0.6151972713741567,3.4244458754273923
-0.006438539064292859,-0.006182785241354759,0.005788607589898639,-0.005399495120563772,0.09821796842485374,-2.446400947376984,-0.6359944235044758,3.3983112430902964
-0.006490649180831562,-0.006136728835836205,0.005862619936035769,-0.005323808437507837,0.0829529592692114,-2.427094607466337,-0.7066856337231898,3.374991365267411
-0.006459180916473695,-0.006152111806180632,0.005814945951914277,-0.005349259474001088,0.0895460134016411,-2.4297705530707243,-0.6667030644996059,3.372714167224651
-0.006302662573941889,-0.006340016474389481,0.005591396464416102,-0.005648636609751554,0.14737737941020848,-2.5092359189672213,-0.43231509699729226,3.4883948691186455
-0.006267225410282986,-0.006338112286765222,0.005532296474702475,-0.005639792716004079,0.1499053934927956,-2.4911728100588957,-0.3949731593013639,3.450515119022374
-0.006702835148782083,-0.006046062771005441,0.006183846740228964,-0.00515520877051981,0.03672465275365874,-2.3956813065013374,-0.9814433988259211,3.378759821221301
-0.0067234933287213415,-0.006027591590574983,0.006210405075174474,-0.005120874126350187,0.030647754631924394,-2.3825978818808573,-1.008170888489996,3.3619450893965923
-0.006742178367180444,-0.006005182292273618,0.006231497287101168,-0.005080094724974488,0.024443826176930198,-2.365844997908859,-1.031637397645336,3.337849706853849
-0.006760945554536977,-0.005989144242536502,0.006255236468580151,-0.00504970636407658,0.019216957755029265,-2.353856856351303,-1.0552673865851165,3.3226894931185886
-0.006812702615568582,-0.005955631212987464,0.006324540147324878,-0.004982387119040552,0.006344351671799247,-2.3276706376840317,-1.120268401848911,3.294351483921371
-0.006779690059260876,-0.005974133996963281,0.006279134234342174,-0.005020780191747904,0.014022849446492293,-2.3423778792680072,-1.0786230763555382,3.3086156835333576
-0.00679673716808925,-0.005967755258823957,0.00630420728606578,-0.0050063124382177015,0.01085864828195518,-2.337406539138528,-1.1006052293118516,3.3060484364004497
-0.00667467093722847,-0.006040655464451824,0.006134571611379583,-0.005150387035743033,0.040206703385975644,-2.388358213488099,-0.9443611377259601,3.3557579513576097
-0.00865036608114991,-0.005185595749722576,0.008023866703270068,-0.0022493606489804134,-0.05284589081573588,-0.6694576141051781,-2.504250433601045,1.459792307994925
-0.008639071661115282,-0.005174271012228274,0.008001058385783381,-0.0022563682405334234,-0.05843084386365236,-0.678596532319583,-2.490488629086521,1.4627819241367188
-0.008665499445531182,-0.0051813790074210645,0.008030888413782036,-0.0022241601213170425,-0.04882572835158459,-0.653505240154444,-2.507800284985732,1.4423265036305235
-0.008654241259601519,-0.005169996962104934,0.0080081454938509,-0.002231214219275251,-0.05569700215838056,-0.6626257080000425,-2.494156799841013,1.4452886240707434
-0.008680646132284168,-0.005177209793932224,0.008037841534276056,-0.002198899052349181,-0.046670742912021744,-0.6375164199629377,-2.5113272881179105,1.4247500926482803
-0.008669432304961703,-0.005165737426279969,0.008015123013889304,-0.0022060044652614627,-0.05244182938575898,-0.6466262807563131,-2.497737108883452,1.4277973791308922
-0.0084039183394255,-0.0052164980491270765,0.007844935513813172,-0.002617273447837404,-0.09456679022899785,-0.9272293415080494,-2.3937437750464383,1.7220372591255055
-0.008430999988586488,-0.00522252813928609,0.007877255884660136,-0.002586878204251929,-0.09201359714085643,-0.899344835993556,-2.416450100370223,1.6989264083923834
-0.00841864906118586,-0.005211028738242457,0.007852478400176388,-0.0025926360571729853,-0.09225620860771909,-0.911856053994787,-2.398115130386945,1.7046113798030438
-0.008461233204334185,-0.005212710354125054,0.007893720602387334,-0.00253712305513446,-0.08740924460455092,-0.8676406019759785,-2.4260476102934763,1.663664266699852
-0.008446071033337782,-0.005217507085732673,0.00788539105697509,-0.002561982963413654,-0.08971887744107777,-0.8835453218355304,-2.4211792830776386,1.6812918133635215
-0.008521523632878458,-0.005194228131567245,0.007926061664484388,-0.0024382917763657694,-0.07694436220105948,-0.8043643425231445,-2.444634062723719,1.5938405281322146
-0.00850648236971849,-0.0051988840363205,0.00791826414526525,-0.002463063349432943,-0.07970209332252304,-0.820139239445446,-2.4402413909518157,1.6112662970148646
-0.008491455844039904,-0.005203524776078906,0.007910316501657312,-0.0024877532655939844,-0.08238923801327515,-0.8359086750463051,-2.4357094592656803,1.6286829174339805
-0.008476384050685478,-0.005208107895278623,0.007902116306174121,-0.002512402627804602,-0.0849778506775204,-0.8517342732896275,-2.430961251659348,1.6461295450528397
-0.008566625010999236,-0.005179975991095123,0.00794823288313608,-0.002363502562046252,-0.06843214880121874,-0.7571549950544676,-2.4567362921817844,1.5415335935903718
-0.0085515577311244,-0.005184718717583961,0.007940949971695132,-0.0023885121691313367,-0.07125180937826785,-0.7729147880589129,-2.4528051874749033,1.5589900837185509
-0.008536553766950752,-0.005189512072833111,0.007933634407088249,-0.0024134379738553163,-0.0741066219629737,-0.7886157718112415,-2.4488296115967967,1.5764115590882515
-0.008581811893177988,-0.005175379113200161,0.007955640006583093,-0.002338409556923359,-0.06562275290295472,-0.741261403083132,-2.4607457756027724,1.5240147046220056
-0.008627683663071326,-0.005162555561525887,0.007978363839876004,-0.002263228020160005,-0.05681610936721232,-0.6931594079452031,-2.473103141446188,1.4715193536986018
-0.008612405930194094,-0.00516669331167906,0.007970787478057781,-0.0022882060306560616,-0.05988485014148198,-0.7091945812934682,-2.468988310690365,1.48895049856033
-0.008597090989569268,-0.005170943722439214,0.007963164915789729,-0.0023132797127529015,-0.06278975695800892,-0.7252564760012493,-2.464832954549522,1.5064649246374815
-0.007690413726881042,-0.005498680229604253,0.007324335071071413,-0.0037574710314800877,-0.13183707078042975,-1.6558063927022044,-2.0187496510930836,2.5471630277952246
-0.007675069161143722,-0.0055048116974487455,0.007309473694595561,-0.00377988165120636,-0.13093591264701263,-1.6702439787529826,-2.0065536759736613,2.563133177912029
-0.007660144304034582,-0.005512561179152262,0.00729661014700076,-0.0038040149258027557,-0.13016104224015798,-1.6849823014083942,-1.9960009675298809,2.5804825170111303
-0.007550138212265092,-0.005592871194762432,0.007218478506378939,-0.00401236599929014,-0.12396787081395787,-1.8033269740506428,-1.930595002803085,2.7327427791684964
-0.00753629775978119,-0.005600418458197698,0.00720550629326835,-0.004034692389456618,-0.12268175532687431,-1.8168221363456303,-1.9194332115012305,2.748691775620282
-0.00752242297923995,-0.005607953305304748,0.007192328391808229,-0.004056942965217095,-0.12129828705055391,-1.830255120683643,-1.9080484513215605,2.7645263541275376
-0.00754998148699153,-0.005576239500080404,0.007202693677683587,-0.003988566554732456,-0.12277233405790237,-1.794972231970213,-1.9172096081309207,2.7130612943940906
-0.007645865468158893,-0.005520548490954608,0.007284706650253633,-0.0038278120368925145,-0.129407067104089,-1.6992805024965725,-1.9861989637672224,2.597622445424685
-0.007632012535631498,-0.005528741036027751,0.0072734374693993195,-0.003851445202810611,-0.12865471565648814,-1.7133087710276147,-1.976879014351818,2.614673204817663
-0.007618609082142518,-0.0055371512844357845,0.0072628541415039735,-0.0038749263713928716,-0.12790835377305323,-1.7270707625528863,-1.9680842640316654,2.6316561380265493
-0.00760565672914415,-0.005545274101679576,0.007252484740839188,-0.003897560143987067,-0.12712536804367577,-1.7403425476319023,-1.959414181282454,2.64802081604039
-0.007563205229728739,-0.0055674146940628095,0.00721335264797628,-0.003964969368811546,-0.12379775956331933,-1.7813502546608866,-1.9263269183511864,2.696026721759107
-0.007591957563778899,-0.0055517661133889585,0.007239379155062761,-0.003918478166764009,-0.1260710290826329,-1.7533434085706896,-1.9483693415225538,2.6628796731566493
-0.00757733176635034,-0.005558679277560079,0.007225230251470982,-0.003940685448932171,-0.1248759645790336,-1.7671070694246165,-1.9364176484979503,2.6785772883691448
-0.00749416423903224,-0.0056059713276521185,0.007149254705237027,-0.004076562551691716,-0.11734041196509327,-1.847975253581293,-1.8711077062404324,2.7751131982575754
-0.007508409405589258,-0.0055986506217175,0.00716335142605268,-0.004054631896006875,-0.1188546909764902,-1.834710166520152,-1.8833312067094232,2.7597719734838795
-0.0074791371585078556,-0.005596184074920625,0.0071185033991334684,-0.004073976712721709,-0.1148193562683542,-1.85220553907236,-1.845170735625534,2.7696725230984853
-0.007421459365328045,-0.005615704716633568,0.007051076546309252,-0.004145844458221799,-0.10780282809740353,-1.8980755453368097,-1.7869120177052185,2.8164410028307185
-0.007435419442120623,-0.005604148870206435,0.007061605507875515,-0.004118607934029899,-0.10930544158987994,-1.883289540421169,-1.79640947711994,2.7969472459579734
-0.0074497157853503386,-0.005595237771858469,0.007074753705253922,-0.004094947443927466,-0.1108468786072954,-1.8697534553056239,-1.8079703564783365,2.780509277067331
-0.007463237586917828,-0.005586147038556179,0.007086460825483654,-0.004071531624771876,-0.1122202633713945,-1.8565076646484437,-1.8182747281086697,2.764047137830857
-0.0081302084488191,-0.005362772427933636,0.007728593131759124,-0.003116231742939601,-0.131949602181484,-1.2217352869597153,-2.328189970222139,2.07932037990588
-0.008117776628307686,-0.005352680354939404,0.00770288050362528,-0.003119709509351868,-0.13320383013677872,-1.2292102707614445,-2.310855858065197,2.0798765074337653
-0.008144785978910383,-0.005356921179222511,0.00773834678295236,-0.003091932079714163,-0.13078238287560187,-1.2061627036395388,-2.3347651671947443,2.0615720015509065
-0.008132411167091484,-0.005346826500081098,0.007712774537444807,-0.0030955333965808946,-0.1318630583435376,-1.2137822540867365,-2.3175295367502637,2.062232027663669
-0.008173995740642209,-0.005345356249420673,0.007757600245356174,-0.0030433034623901394,-0.12556793848819414,-1.1750748986982467,-2.3474446027291083,2.0262053495064176
-0.008176229543936252,-0.005329521392758937,0.0077417734506164205,-0.003023011406223151,-0.12901825638659614,-1.167459958169509,-2.336920119401,2.0092189221887526
-0.008159381790995322,-0.0053511157673393935,0.007748013338652804,-0.0030676288118862923,-0.1283221631804319,-1.1906030690808742,-2.3411748177862743,2.0438983428975726
-0.008161631079579807,-0.005335275395548998,0.0077322433231156685,-0.0030472197334698303,-0.12998888314539522,-1.182930983271403,-2.3305690681263758,2.0269302568361636
-0.008147031579688059,-0.00534103747621066,0.007722577701478943,-0.0030713805397106753,-0.1308401125344156,-1.1983631394401266,-2.3241052973321517,2.044596750726914
-0.008178286700672718,-0.005313327327119511,0.007726042795139001,-0.0030029747104083696,-0.12382189351712354,-1.1645429502071372,-2.3217681192405935,1.9977768926006971
-0.008356541569374551,-0.005247761988173637,0.007835370954671515,-0.002709556688797261,-0.10336606681168552,-0.9774971606096706,-2.391404503958809,1.7863178281824996
-0.008341487469710616,-0.005252860429952561,0.007826458002034527,-0.002734195818170292,-0.10529289624747688,-0.9932970820128119,-2.385911418061887,1.8039778732562095
-0.008326460342898698,-0.005258178213682289,0.007817673033367445,-0.0027589621550759475,-0.1071820855862866,-1.0090652655757728,-2.3805078850864696,1.82171412944982
-0.008311531559602897,-0.0052636274544618465,0.007808985941935139,-0.002783681335377925,-0.10912934649870822,-1.024736742078218,-2.375156067433562,1.8394212642022207
-0.008296658767304019,-0.0052690241743577814,0.007800146610389255,-0.002808224764918312,-0.11110415634606448,-1.0403551239698077,-2.3696434368669173,1.857047532399074
-0.008281769371055151,-0.005274327686301397,0.007791036973439267,-0.0028326400705861675,-0.11299599426424332,-1.0559884808277138,-2.363876680976833,1.874636297744826
-0.008266853819612391,-0.005279633665411538,0.007781755999651453,-0.002857032838043441,-0.1147433864372893,-1.07164176772561,-2.3579440680498176,1.8922416939848
-0.00825194691420242,-0.005285024960372856,0.007772432895656072,-0.002881443535039618,-0.11637623276703395,-1.087279665347449,-2.351953552521483,1.9098736197344277
-0.008237085192000181,-0.005290518984098603,0.0077631248671134944,-0.0029058462770687227,-0.11794379047831148,-1.1028670777940468,-2.3459499764907643,1.9275075676105728
-0.008222284555772492,-0.005296102385743767,0.007753833805086181,-0.0029302097454164994,-0.1194705663942557,-1.118389416972275,-2.3399326749407336,1.9451215013994776
-0.008207543217543993,-0.005301765563632679,0.007744547881149838,-0.00295452814837388,-0.12095613230702074,-1.1338496173197592,-2.3338909396769334,1.9627116281078811
-0.008192869459274117,-0.005307512158902468,0.0077352809855800045,-0.0029787972746655577,-0.12239893068516199,-1.1492413178101766,-2.3278348781875042,1.9802727705039669
-0.008105189322253582,-0.005342195921364285,0.007677237097431933,-0.0031229814766446273,-0.12992413719691465,-1.241121884705079,-2.2887473086949544,2.085126365390794
-0.0080905302048215,-0.005348276800564595,0.007667332341791137,-0.003147191815027614,-0.13087510842470126,-1.2564751581459561,-2.2819443246161097,2.1027713190715285
-0.008077793456875591,-0.0053377536609135615,0.007641211056512894,-0.0031500924052110147,-0.1300047010948203,-1.266686671956405,-2.2612285745416862,2.1055894841874543
-0.008021456385016718,-0.005344403087959103,0.0075833551015227285,-0.0032222033042137587,-0.13075258955505184,-1.3214181159055987,-2.2174833362918616,2.1590179077472373
-0.008005820023300168,-0.005349814697836339,0.007570841240182786,-0.0032460620981647243,-0.13132000805995736,-1.3371310317028582,-2.208306662271142,2.1763727673515274
-0.008036435046769368,-0.005338632141682807,0.0075945618827055585,-0.0031985771883769223,-0.13003551889904874,-1.3061707068339932,-2.2255811812119024,2.1418333420073012
-0.008051008141336517,-0.005333613851585846,0.0076059684441828835,-0.003176202577435727,-0.12937648498129015,-1.2914470145830366,-2.2338509464456853,2.1255582488281326
-0.008065200298405108,-0.005327582286655477,0.007615698878736627,-0.0031530263600504176,-0.12848219318628104,-1.2768274912808977,-2.240698623658513,2.1087482840431053
-0.007732673892404454,-0.005495479411213759,0.00737822034088825,-0.0037134808378275603,-0.1354214293650239,-1.620866088663673,-2.063428015939944,2.516625748291879
-0.007746774299651334,-0.005488815019461177,0.007390390678802999,-0.003691014821775997,-0.13593782424499476,-1.6067662702790095,-2.073202140133027,2.5003043783111827
-0.007760688437204367,-0.0054821027554204605,0.007402123630544874,-0.003668586353962326,-0.1363497889211461,-1.5927431006494184,-2.0825670954772693,2.4839730236295767
-0.007860363354806527,-0.005417317418845388,0.007464692245851571,-0.003484673689353297,-0.13540460275462282,-1.4859099666933113,-2.129762528574575,2.3496494184729566
-0.007846293656857154,-0.005424047705237783,0.0074538438911343095,-0.003507648022457782,-0.13548114095003969,-1.5002124582328056,-2.1214604462225286,2.3663562795024493
-0.00783164696235339,-0.005429810695473471,0.007441120586907297,-0.0035299043774686067,-0.13531349464980155,-1.5146488134257046,-2.1115402938705423,2.3825058293382555
-0.00776135098803013,-0.005465828232020544,0.007386524528304672,-0.0036463993548151437,-0.13456189617623407,-1.5861161247993951,-2.0689495739606607,2.467055134711662
-0.007816937662409418,-0.005436002976980222,0.007428616332228716,-0.0035526822838988724,-0.13512890480413073,-1.5292134849099606,-2.101778232392688,2.399013921296435
-0.00780235209946034,-0.005442836516018096,0.007416781382587057,-0.003576076597443564,-0.13495806489021536,-1.5438377539416208,-2.092542854110013,2.4159687073650233
-0.007788107225445557,-0.0054502386529494675,0.00740581863734828,-0.003599797101401968,-0.13481608869114828,-1.5583357223910523,-2.0839972672522964,2.4331745760692125
-0.007774429186936057,-0.005458076718453032,0.00739589126583233,-0.0036234707845769105,-0.13469997507691064,-1.5724948301310449,-2.0762698205286263,2.450375048353777
-0.00799038849283268,-0.0053571054862167925,0.007560423836130433,-0.003271825786048044,-0.13209512339775153,-1.3530527043350113,-2.2008695178274937,2.19503671846592
-0.007976083272449646,-0.005364766057193812,0.00755157925009061,-0.0032967310530021775,-0.13286153855276736,-1.3680185002881196,-2.1946363251118206,2.2130642812515906
-0.007962038813290192,-0.005371417757230068,0.00754182435013087,-0.0033200961516277436,-0.13345974579117703,-1.3825049294109475,-2.1875669240528848,2.230042600351172
-0.007874319403449608,-0.005409461401503084,0.007474084764091248,-0.003460339821350251,-0.1351267039483971,-1.4713445915305436,-2.1367750139667554,2.3319675437744696
-0.00794739688434597,-0.005377284829835578,0.007530372308754393,-0.0033431042407613925,-0.13384117437061602,-1.3973027974426417,-2.179057521212691,2.2467850203549435
-0.007932903716103638,-0.005383739764641307,0.0075195793616744,-0.0033665911981361264,-0.13423847585827844,-1.4120765390904182,-2.1710685161863776,2.263850269012439
-0.007919008655375615,-0.005390423045020074,0.007509616074079684,-0.003389650956592615,-0.13462015408535263,-1.4263509987982974,-2.1637016271038703,2.2806020212206377
-0.00790467732975875,-0.005395955273342588,0.007497767370357696,-0.003411690360379489,-0.13478843090919626,-1.4406700760345712,-2.154708027436628,2.2966422188281785
-0.007889302869571803,-0.005401849076447925,0.007484864549511591,-0.0034351894549642507,-0.1348896247124938,-1.4559435984850368,-2.1448624813352777,2.3137077423462675
-0.007990846559244343,-0.005338040635070155,0.007540641396515013,-0.003248786477191229,-0.1295147345764254,-1.34806903549757,-2.1839448932731518,2.179031508401078
-0.007719474057990903,-0.0054851050013051605,0.007350116837326234,-0.003712069873703317,-0.13315554828488044,-1.6273926683564992,-2.03970729361614,2.5144886513853684
-0.007705083040530254,-0.005491768881698757,0.007337364875569643,-0.0037345198374048095,-0.13250456109532513,-1.6414603056310206,-2.0293700789588254,2.530639395288141
-0.00838927506563407,-0.00522173214285081,0.007837062063454069,-0.002641533096096544,-0.09677142383610289,-0.9425135221680868,-2.3890818281296444,1.7392526340952268
-0.008374537301641704,-0.005226546078403102,0.007828475125267999,-0.0026654674553613996,-0.09888375224871455,-0.9578830198059628,-2.383831544887151,1.756319115095266
-0.008359604158777187,-0.0052312259650337395,0.00781940410321848,-0.0026894709916597125,-0.10091998166922134,-0.9734360761540571,-2.37818577173957,1.7734780940105461
-0.008392010124749855,-0.005205673465420256,0.00782127709089731,-0.0026226925383855183,-0.09404288579393318,-0.9392830128054802,-2.375900205157022,1.7277971872736944
-0.008787032289485814,-0.005149359904790919,0.008084248758244117,-0.0020216278939767266,-0.020617333346233856,-0.525382419701559,-2.5338783100633555,1.3033933787890606
-0.008791198680039908,-0.005133861391958822,0.008068451014766158,-0.0020042261866975923,-0.025314878284700016,-0.5186519198839146,-2.524051148508629,1.289144446043293
-0.008802279697245051,-0.005145572528467586,0.008090561165593013,-0.0019962153615584667,-0.017230351299006345,-0.5094287419325327,-2.5368191025169486,1.2860034387107488
-0.008806473381951693,-0.005130026698215336,0.008074686098448759,-0.0019788685101633837,-0.021512231475771682,-0.502556262457171,-2.5270059370486866,1.2718345650048775
-0.008817538964686684,-0.005141833072035735,0.00809679821146746,-0.001970764650982438,-0.01446576182675397,-0.4934210139231114,-2.539751624672713,1.268558165271183
-0.008821794095813884,-0.005126256971660684,0.008080883279389757,-0.001953455905124021,-0.017519072552867887,-0.48643960844484546,-2.529898149469132,1.2545608595128062
-0.008832809929953066,-0.0051381415754483545,0.008102957324251252,-0.0019452857603831388,-0.0118378176215354,-0.4773494572703651,-2.5426628441461685,1.2511241801597288
-0.008863386307324786,-0.005130902618182379,0.008115034611769788,-0.0018942725943805183,-0.006281563153950539,-0.44503670413506086,-2.548316508406617,1.2164857575584727
-0.008848092431344245,-0.005134498077970416,0.008109036937404482,-0.0019197849540062973,-0.009237231761458109,-0.4612162947760144,-2.545526902496243,1.2337520132801285
-0.008852551212064979,-0.005118950188542828,0.008093186794676908,-0.0019025160260216052,-0.009257859601867702,-0.4541908989533903,-2.5355355460782785,1.2201266567652571
-0.008837156609348593,-0.0051225626011577015,0.00808705015540287,-0.0019279996336481616,-0.013412444119972194,-0.4703144156697813,-2.5327376376325095,1.237324813095466
-0.008710978821122078,-0.0051690141378385145,0.00805151302967599,-0.0021482996745819318,-0.041886968093491316,-0.6054048585158478,-2.5182515726786123,1.3897294203347164
-0.008695805978438996,-0.0051730881555466,0.008044718773991981,-0.002173603574577101,-0.04475646187420657,-0.6214748352285219,-2.5148241760666483,1.4071886703936578
-0.008699897593388703,-0.005157447293779095,0.008028967342417774,-0.0021555299343288966,-0.045199410023273434,-0.6146164288628323,-2.5047162266851033,1.3929957001572053
-0.008684655552311585,-0.005161547934352173,0.008022060118762496,-0.0021807667860319767,-0.04880227487474404,-0.6306166149122099,-2.5012552850308905,1.4103645274444876
-0.005449448525007703,0.00713741208181273,0.0040838054549136365,0.00651900021716724,0.3433478809346064,-2.2659977841390013,-0.7255134454819913,3.1148601739983293
-0.005413246296526792,0.007174942206505755,0.00401392142546679,0.006546792033404588,0.3469702991078889,-2.2414494049101736,-0.766410415322299,3.0807488209977545
-0.005363514827425802,0.007246739203893735,0.003905721830056823,0.006610231935100977,0.3566349584089606,-2.2070553069182206,-0.839486203234265,3.0381858999416234
-0.005369239057192653,0.0072052637940644634,0.003937414729295226,0.006558465138999416,0.3472707673667163,-2.2097444813261564,-0.8001591481988,3.032642431330718
-0.005269363967069174,0.007384865819179429,0.0036951060035787754,0.006723987909546335,0.370824756234314,-2.132756826079912,-0.9731781300201271,2.94568269147454
-0.005263285548848147,0.007336151010770797,0.003719196946821505,0.006657002196583496,0.35927981784651825,-2.130664656618179,-0.9273503256337656,2.9284250123401767
-0.005323140780121027,0.0072705576664894795,0.0038378690791834244,0.0066138268087931424,0.3551750081585759,-2.1765514654068827,-0.8647366283757699,2.991166293278516
-0.005288299169148035,0.007302443608655825,0.003772758769090601,0.006631171842014884,0.3561987553344997,-2.1501619596963235,-0.895816266578784,2.9534526514472046
-0.005218546501028534,0.007406060215772196,0.0036162795837993912,0.006713410842427894,0.3654010321655919,-2.093353334348896,-0.9908970782767089,2.8825867686659365
-0.0048366886845266745,0.007738991335073275,0.0029284623087632326,0.006807148532773505,0.3358636357357475,-1.7787418371410282,-1.2133789612848471,2.434280957049278
-0.005171889753130077,0.0074288203010340085,0.003542671265001659,0.006707393205390465,0.36058637039300706,-2.0573853497113963,-1.0087373467293483,2.826292064120141
-0.0051260288626816955,0.007457259164974882,0.0034670048446247587,0.006708353597131791,0.3567044865425896,-2.0217825564626772,-1.0302331087379375,2.7724333818375375
-0.005082858150772318,0.007491089992487031,0.0033915044496410254,0.006716973388696976,0.3538870801985117,-1.9874817103071727,-1.0552452115169764,2.7225277198948414
-0.005052218693186599,0.007526305113872202,0.003330127952016705,0.00673566143531931,0.3535105192187132,-1.9614207178450667,-1.0817324724930575,2.687377054186319
-0.0050107758408761225,0.007533822399203386,0.003276641946453108,0.006713583153107884,0.3460675094595961,-1.9329448694461007,-1.0814185023826364,2.639730861576286
-0.004883859126203396,0.00767814137572759,0.0030267164396312538,0.006778764691189604,0.33924668875296066,-1.822894832568615,-1.1762750008361005,2.4920323714814145
-0.00492565498470039,0.007621390444670064,0.0031159151461582824,0.00674862441905259,0.3407800175867468,-1.8616592794861424,-1.1391228948093401,2.542162811120033
-0.004974548660848162,0.007574328378432048,0.003205701687598778,0.0067327496921721006,0.3446833548971188,-1.9020278372825892,-1.1096645830067724,2.5981942426155906
-0.007411170449539019,0.005618240916135459,0.007038057347762658,0.004157033344025826,-0.1065150238956291,-1.90546379582224,1.7756563348895842,2.823249888025117
-0.007416599633085973,0.005601022279480547,0.007031290513490382,0.004127757037980475,-0.106610658571428,-1.892422073210822,1.7707638596655924,2.799949793279008
-0.007422044300891206,0.005582990034505097,0.0070238321647609755,0.004097468409549624,-0.10662503642302955,-1.8790658437069825,1.7653145632724117,2.775964666095863
-0.008034949875039396,0.005339143189330857,0.007593392269820073,0.0032008523069763273,-0.13003239451109452,-1.3077045125785676,2.224703668843004,2.143547877980554
-0.00802063635401862,0.005346170402852343,0.0075843041943787935,0.0032251927504260837,-0.1309224641826805,-1.3225857321313994,2.218360230352694,2.1611565916784126
-0.007961863013147403,0.005370597664879997,0.00754073852668414,0.0033193025668753436,-0.133269601112037,-1.3824982271764445,2.1866079020872937,2.2295552386319475
-0.00794641862242771,0.005376589484111199,0.0075284497124371305,0.0033433212488015456,-0.13365228876600463,-1.3980340684483166,2.1774511752684806,2.247019640354422
-0.00793219643965278,0.005384156022781781,0.007519156967758365,0.0033678591111745136,-0.13418109386968594,-1.412843060516593,2.1707193132434672,2.2648035787206684
-0.007991563196256822,0.005359400993389758,0.00756427730075744,0.0032732504068321163,-0.13236993404880684,-1.3525430559044869,2.2040285572959486,2.1960121728147457
-0.00800562957398705,0.005352236967762059,0.00757322119088863,0.003249128392716688,-0.13164360847007253,-1.3378946001645031,2.210341061384504,2.178557582211045
-0.007964091538124204,0.005353961466787486,0.007525765786224637,0.0032969244539050864,-0.13115758792207702,-1.3762170927366189,2.173619621563604,2.2137200442348117
-0.007978253220832485,0.005351013371978016,0.007539517561315762,0.003277958215652537,-0.13104272501847428,-1.3626856029729,2.1841006923628212,2.1999205776933377
-0.007919098813844573,0.005376410071742355,0.0074950078698498195,0.003372381029248657,-0.13279170881741895,-1.422354620749283,2.1511255366995625,2.2682688414688186
-0.00790558479412321,0.005379679534994228,0.007481865520066417,0.003390672268585179,-0.13272949209189278,-1.4351693735925826,2.1409689552927182,2.2815143975044605
-0.007889734859952719,0.0053843207894794,0.007467158181399099,0.0034129956190704527,-0.13267788285453078,-1.4503329892086425,2.129621292626325,2.2976336998700777
-0.00787236819209769,0.005390772403968152,0.007452281280871139,0.003439006913434295,-0.13273039018213695,-1.467277867638318,2.1181905103273837,2.316402736878987
-0.007851940624733565,0.005389947506074511,0.007425932852082256,0.0034588884418775036,-0.13176662039075393,-1.484341482321624,2.097158150864328,2.3305374722539747
-0.0078047240522037716,0.005405861135377598,0.007382408023860867,0.0035262381076326885,-0.13101647915665338,-1.5288620142820062,2.063016983881935,2.3787009875470715
-0.007819108164938707,0.00539899754444336,0.0073937771201419015,0.003503281178590414,-0.1310877435688462,-1.514691849980161,2.0718579351208395,2.362244284089478
-0.007834990785740932,0.005393319804858457,0.0074080900696581265,0.0034802419056437065,-0.13130235045103666,-1.4996335763231132,2.08306477555889,2.34577239338568
-0.007788000445103583,0.005413392952823735,0.007368562494328598,0.003552260831832814,-0.13080608409360064,-1.5451422244565904,2.0521486563629305,2.39734551655792
-0.007768922426410408,0.005424630255554286,0.0073551679958741845,0.0035852361997797196,-0.13074456532254494,-1.564569302055023,2.0417527561827797,2.421024780985882
-0.0077490515730851695,0.0054318508957430615,0.007336495196977075,0.0036136376821311266,-0.13010953333354058,-1.5830463977955667,2.0268334127801495,2.4411752491948246
-0.007731807097182649,0.0054387796379433495,0.0073207473285100836,0.0036389937845129057,-0.12955020847183116,-1.599233867725099,2.014208032752153,2.459176417206867
-0.007677102801955847,0.005468430416342751,0.007276923266173254,0.0037287972211970974,-0.12786455445087871,-1.653059657116015,1.978951761761303,2.5232131249291587
-0.007697552746311673,0.005461677998957366,0.0072977646314981845,0.0037011173084302027,-0.12901063432982982,-1.6348238869922158,1.9959790229471746,2.5038855628685837
-0.007714998326122347,0.005448350749982889,0.007307962505622178,0.0036673015834717223,-0.12916919720761313,-1.6160442964724988,2.004021210228355,2.479448721887501
-0.007659855800282982,0.0054744620932978,0.007259484277535338,0.003752410904679045,-0.1268428336318812,-1.668475963220289,1.964623685288356,2.539707931859015
-0.0074561665249252085,0.005555787708704176,0.007049739820900007,0.004033032621088659,-0.10981431715490418,-1.8441337064315826,1.788359766407261,2.7305129618782646
-0.007432498741073438,0.00556353253759971,0.007022358420849645,0.0040616779415211,-0.1071432202238183,-1.8621889477433535,1.7649952174093237,2.7487418602744675
-0.007641526240190168,0.005478051161590189,0.007238089544687929,0.003773500618493925,-0.12541013149078953,-1.6834676974336389,1.9469352866229162,2.554034056801014
-0.007621178454970424,0.005481562032849173,0.007213730171962124,0.0037960080893521095,-0.12367935457671962,-1.69960749479036,1.9267713521044192,2.5690723583363275
-0.007601726883518023,0.005487081069798946,0.0071922959754471836,0.003820220729467944,-0.12221186767425131,-1.7157744948535345,1.908997573632421,2.5854651809618656
-0.007589707623299098,0.005498520418436899,0.007186366550649917,0.003846124784162902,-0.12171270961794382,-1.7294522427260113,1.904013846267134,2.604273594484131
-0.0074787086429809165,0.005546914671702092,0.007074253635986829,0.004003285244800275,-0.1122111758482441,-1.825817135161319,1.8092995490438082,2.710969329629218
-0.0075043943861229,0.005537136509983676,0.007102133685513058,0.0039695055792762805,-0.11472507007142649,-1.804805790524366,1.8329950356097116,2.6886689449648737
-0.007528330375142852,0.005522882688907377,0.00712316074203436,0.003930451935294995,-0.11666107520298484,-1.7822943298318914,1.8509311146859846,2.661597834864304
-0.007572061011296202,0.005504425798153615,0.007167412306740179,0.0038690483346489513,-0.12033469655570347,-1.7443263086073197,1.8881668690056608,2.6198175273486908
-0.0075487176243264386,0.005508968768641741,0.007139126916823822,0.0038945473829189938,-0.1181142870626256,-1.7620717964070887,1.864533875658961,2.636311701807987
-0.007294055997175671,0.005690196613310279,0.006921442635879902,0.004344582336362109,-0.09036863475377897,-2.0112226305671714,1.6706319061711328,2.950055518909753
-0.007258204425459047,0.005709530852574965,0.006881571122956678,0.004396477150355006,-0.0847176595496088,-2.0404355598431305,1.6344918264953632,2.9832659513593813
-0.007274497054646158,0.005699708996650225,0.0068989750749151564,0.004371393231450061,-0.08733477174677479,-2.026555420990156,1.6504426837598751,2.9668895914168067
-0.007390499456261463,0.005619893100005149,0.007008868984552078,0.004174190808479058,-0.1036280162787445,-1.9180439027562948,1.750657342640536,2.8323432000110853
-0.007369663034207284,0.005624306772804322,0.00698166139292468,0.004195233917980604,-0.10079981384959012,-1.9319716661411925,1.7272143681738756,2.844518388324284
-0.007350417731092771,0.005631717106455891,0.006959145607914357,0.004219367731231139,-0.09817185281735429,-1.946518430390652,1.7075551910435462,2.8595635895272444
-0.00729177249577359,0.0056635267688436896,0.006896684942533573,0.004305379579949565,-0.08989463856523622,-1.9952099850357257,1.6518037070505702,2.915406147245305
-0.007311810768823062,0.005651712355880485,0.006917524294435955,0.004274772279121414,-0.09277960471804127,-1.9782068194480245,1.670558053746442,2.8954136373775374
-0.007330568982081967,0.0056409140146197615,0.006936987364051656,0.004246332313635147,-0.095483057913876,-1.9622403367780048,1.6879918285822202,2.8767384826622693
-0.007240133302078064,0.0057218850767645005,0.006863170658661184,0.0044264020914014475,-0.08161789328147533,-2.0566083325467877,1.6174076318861008,3.003135814522008
-0.00721636213888847,0.005725083687195469,0.006828648339511253,0.004445161044587558,-0.07780807320059417,-2.0686910038890427,1.5874265436972548,3.0109500488798555
-0.0071187505792187425,0.005755825945162368,0.006698373030071844,0.004545274952741342,-0.06086897034671279,-2.125209240714953,1.4723099522461327,3.0606918568986567
-0.0071427687887745265,0.00574891485997006,0.006731196545461809,0.004522296352892414,-0.06512597326292748,-2.1125385655923092,1.5011359309031114,3.050346064248103
-0.007165660635617241,0.005747447201043768,0.006766040049662318,0.004508036366590012,-0.0689280165688164,-2.103522805741552,1.53107154942148,3.0468983001122534
-0.007194252791503698,0.0057274790758637985,0.006796036906603373,0.004461318095894547,-0.07410247750632405,-2.079071230122407,1.5592028417172854,3.0168635526129424
-0.0071754579124851,0.005730087191305516,0.006768698241802625,0.004475650153263959,-0.07107036791349428,-2.087943641079049,1.5355931625866521,3.0223152687349666
-0.007052338761040469,0.00577590289205023,0.006607389267400051,0.004608157288200815,-0.049002630674676244,-2.15829599772785,1.3925407875548774,3.0872791012224283
-0.007096476712061513,0.0057475643079254145,0.006657777418203456,0.004543199169940019,-0.05748245709253162,-2.126084145134264,1.4392303250512566,3.0495158598573373
-0.007073008362127695,0.005758743099257805,0.006628559772840113,0.004571777895711396,-0.05323802648266241,-2.1405700090953057,1.4130427362896336,3.064450398698646
-0.0070227911915156285,0.005781884193015472,0.006564639328984227,0.004630458191442348,-0.04394477619122957,-2.1696550566302224,1.3559058888081819,3.093550650278409
-0.007000054981516197,0.005822836935615934,0.006554339986691779,0.004704968594308723,-0.037496036187863284,-2.204623314126859,1.339794251418146,3.1484522512822024
-0.007003815016421949,0.005798024252574591,0.006544814079827656,0.004663902094179741,-0.03979811938976546,-2.1854831200517064,1.33657089824011,3.1140574916477313
-0.0069750951462121055,0.005837301515786181,0.006523235992605624,0.004737984901784918,-0.03234802449035703,-2.220200784645016,1.3111086947833452,3.1655346880311845
-0.006947530622289224,0.005844971240442587,0.0064835386006715555,0.004760606240762552,-0.027177890173904384,-2.2305146560682734,1.27667095873477,3.171768560526648
-0.006927221174941557,0.005856310476111631,0.006457495625969202,0.004786080533309945,-0.022852161970689594,-2.2419575056294514,1.2528425401393048,3.183860450021067
-0.005759403409425085,0.0068550771206181025,0.0046577667855701365,0.006290403764217961,0.29849473767956664,-2.4442828209871315,-0.36073660439983224,3.375552421840737
-0.005798663705615951,0.006792497205341959,0.004737005568009195,0.006213979318251072,0.282677681888661,-2.450426948179708,-0.28630916737817275,3.378093522110941
-0.00575871955986547,0.006809961337234001,0.004670634591962789,0.006220975306923729,0.28569283490698183,-2.427092173716659,-0.3229994005930608,3.3386407695001012
-0.005829459607983357,0.006719885341428388,0.004803020886104064,0.006116146120065554,0.26353179690495,-2.4426311873012634,-0.21003359815749115,3.3560554455763394
-0.005793443956881254,0.006742739724742732,0.004742083356701201,0.006134891249619904,0.2686951363891637,-2.426167666193344,-0.24957064178563634,3.3289666903412143
-0.005827718169888238,0.006682935294134348,0.0048084787974644215,0.006058397023079846,0.25373469549244954,-2.425046272140474,-0.18340593090830884,3.321141870441976
-0.005710866005461528,0.006868369394997355,0.00457948051941108,0.006284888753560575,0.2991334462594177,-2.4111523614033925,-0.39654082111664507,3.318456720202096
-0.005557693316248822,0.006964273367517301,0.0043178783256504535,0.00634107132737523,0.3117683840295572,-2.320173969034277,-0.5415727599486653,3.174594580103852
-0.005666379018002707,0.00689146300097998,0.004504792630892485,0.006295520560750738,0.3020429741926633,-2.384129974529,-0.4368203762250199,3.2741716778516343
-0.005585524106458441,0.006937495478153315,0.00436881727980483,0.006318285471228949,0.3078067279782342,-2.3349685496179955,-0.508781529924561,3.1957541684061925
-0.0056202305697842505,0.00690930102800003,0.004430187598933607,0.0062965583174225655,0.3031960860591974,-2.3540276416928774,-0.47144512149467027,3.224353266180841
-0.005476114325807878,0.007054796900480814,0.004162111631897854,0.00642083957436089,0.32590185373103736,-2.2752418766658415,-0.6447126586179149,3.1134356011303574
-0.005443623563365317,0.0070895494096704925,0.004100151918752225,0.006449035905287612,0.3300584946520306,-2.2556735230451994,-0.6828132683521984,3.0864893112079836
-0.005509468727411495,0.006971304602373879,0.004246336074275118,0.00632340788216714,0.30884992084585505,-2.285208947011537,-0.5625174590103005,3.1149329075149557
-0.005465340056203882,0.007004739532633564,0.004170053311713544,0.006344637111124408,0.3118636707821855,-2.258860975978509,-0.603313393594968,3.0753848355403957
-0.0069001868529498635,0.005856537705032136,0.00641414034998583,0.0047956053446776324,-0.018213486463522468,-2.245469942632109,1.2170060024769402,3.1782823563322298
-0.006051056765285972,0.006521396469902026,0.005182847257951411,0.005887180423062441,0.20927966550876462,-2.490513583417482,0.09239411485219655,3.434070758600052
-0.006079252572083694,0.006500918727176845,0.0052294969044325455,0.005862711413505848,0.20286789599403307,-2.495621143929134,0.12924999844674326,3.4441232797366506
-0.006106567342032961,0.006482211825859008,0.00527450062117439,0.005840275462754583,0.197068366176538,-2.500552485993635,0.16480564412316956,3.4542070240903278
-0.006147722238847546,0.006469220965105053,0.005342078035200681,0.005830307072520951,0.19151920730399322,-2.5166547440818534,0.21072977582644273,3.486307150061857
-0.006131247012473494,0.006480125309005338,0.005314921677416066,0.005843753734302108,0.19490409102616835,-2.513995411157152,0.18898956397224043,3.4804539585875984
-0.006159698114174537,0.006447184176746033,0.005361630880445379,0.00579714756991075,0.1850013658293469,-2.509206266746969,0.23421416151119664,3.4731501173316244
-0.006340690886496303,0.006311541409616109,0.005651114825273112,0.005606330853634933,0.13687510247975074,-2.5055906882676173,0.4855417728452924,3.4874864757361403
-0.006208863120228796,0.006428692602060403,0.005442386161574891,0.005778453674384816,0.1769857171395455,-2.5241653595002522,0.2928185855536572,3.504712849315678
-0.006177945808433937,0.006426304136854884,0.005391148883107755,0.005767268655577579,0.17855932711145986,-2.5056622665222528,0.26283709941999045,3.4679598253537876
-0.006228393515782946,0.006397579059377905,0.005473131667357261,0.005731017187064148,0.16767320710888778,-2.5132667061849454,0.32795823959412246,3.4864980418069673
-0.006246984724216972,0.006369214288355533,0.00550179553459285,0.005687658834651228,0.1592780692485879,-2.5030621922121727,0.36018141095581363,3.469844527879863
-0.006312527888398557,0.006320950496683961,0.0056053936318676235,0.005618256535180913,0.14180641091911791,-2.49996313159072,0.45063274658487557,3.4728290270327435
-0.006266509495989907,0.006350403080869255,0.005532392713339267,0.0056599989050747914,0.15298120255147274,-2.499475687336337,0.3890409253379244,3.4656203193111126
-0.006287259790127437,0.006333489315039919,0.005564957001503099,0.005635336241961459,0.14701396887161908,-2.4973635657258875,0.4181837271429116,3.4644824158488796
-0.0063781773192784245,0.00627045717181385,0.005706945705703593,0.005541667125815817,0.12343967168034277,-2.490556517440169,0.5421699481353364,3.466455564361356
-0.006344241108334217,0.00627723344146449,0.0056515773077410935,0.00554951781384791,0.1285794079441658,-2.481797183809302,0.501546745986393,3.444675628996275
-0.005851284164399651,0.006653581181989618,0.004850664739084218,0.006023052460253766,0.24596961201322584,-2.428205495970369,-0.14698064416802434,3.3243998339765324
-0.0058859285028023504,0.006628299866466561,0.004908826542952682,0.00599784060132492,0.23980197819487456,-2.439983940957674,-0.10577691370131415,3.3439354350326407
-0.006020449946844018,0.0065521803785168935,0.00513128958663991,0.005926777079319921,0.21828189689655358,-2.489009767892394,0.04744055391646495,3.4312312418472066
-0.005983406214633651,0.006565469303442529,0.005070767118642315,0.00593529914437588,0.22242183280170066,-2.4725121510638703,0.008948287422673023,3.400710999369814
-0.005916245182675889,0.0066028035721419276,0.004960105179216229,0.005969762793390399,0.23309414071716258,-2.4478042541859355,-0.06677765406339133,3.3567223490786877
-0.00594913565106833,0.006581694584828733,0.0050146196948374295,0.005948783357410247,0.2272042828120084,-2.4587688094957083,-0.02824802867425723,3.3758654678883047
-0.006687571040777384,0.006006501037137392,0.006141752844644321,0.0050919263699167215,0.03306360199892439,-2.3627416819607867,0.9606033661210828,3.3132737227233062
-0.006666392896359273,0.006024218599382647,0.006114167680297906,0.005124343132196168,0.03889797450363291,-2.374382750753194,0.9337753371343814,3.3276536976297977
-0.006641455001476114,0.006072954024965665,0.006091989856727529,0.005208460775167998,0.05043137385795248,-2.4096310167258124,0.9009177551146329,3.384047499747211
-0.0066322073873940094,0.006100364070374112,0.006086850562951184,0.00525543250121337,0.05648208130190933,-2.4301367661942663,0.8876288609690718,3.4187090889424296
-0.006608459264951493,0.0061094874189239895,0.006050213714102869,0.005272906849321537,0.061582175106214665,-2.4332133359218133,0.856259411487757,3.4171173212574746
-0.00663920270873219,0.0060373059374975325,0.006074516134195242,0.005149556834526837,0.04487479242596711,-2.381129952270095,0.8990307762405763,3.3314721532396483
-0.006619299695241608,0.006054609546181405,0.0060482398715856365,0.0051804250858355615,0.050804374587531974,-2.3916413383674304,0.8732954281810847,3.3446438629918234
-0.0068702928804716765,0.005877702900646791,0.006377709862545059,0.004839167464186629,-0.01136321192448546,-2.2643441057850437,1.1826295164960747,3.2005674526517263
-0.006837961191332101,0.005885975173831128,0.006329990232391529,0.0048620301621950905,-0.005512025447837121,-2.2727624115948273,1.1421355902413468,3.202931458033806
-0.00681801006505897,0.005899500249061518,0.006304767070236894,0.004889369631165123,-5.913521092490876E-4,-2.2838949239455073,1.1185942698074152,3.215620192448862
-0.006766993858382149,0.005918513253225581,0.00623175961522643,0.0049328437418395136,0.009450157142195022,-2.2990353885001933,1.0556441245405057,3.2243110760133367
-0.0067871776393056155,0.005912132090982017,0.006261263328672851,0.004917706130561908,0.0058131211082568645,-2.294203128503966,1.0806884411130586,3.2228308687606586
-0.0067985534328063955,0.005898800405751086,0.00627305345328554,0.004893335735802528,0.001985380266957453,-2.283918246186351,1.09340185620264,3.208220975984972
-0.006739963612085714,0.005945075788339286,0.006200404787876367,0.004981815126302706,0.01705958218897632,-2.318686918355159,1.0239191157503582,3.2506012690691004
-0.006710703122277444,0.005956543096126973,0.006158076578454629,0.005006252683352163,0.022803209786574463,-2.3259749925619704,0.9877142458710909,3.253963393038852
-0.006684505631397155,0.005972483806151124,0.0061224307927876045,0.005036834957578346,0.028885312155165054,-2.3362256486146395,0.9556075233613105,3.2640601954262753
-0.0065860247938510875,0.0061198433804254436,0.00601613566456474,0.005291957993706193,0.06665479447621249,-2.4369861258487293,0.8265588082170506,3.4174528557324826
-0.006567007626849676,0.006131956359873112,0.0059882617312262765,0.005313409871330405,0.07151643212944081,-2.4424653964460585,0.8012007015847706,3.422128568205669
-0.006540939777493053,0.006134842730182651,0.0059455263451374495,0.005319400937709448,0.07587233610459032,-2.438628804903629,0.7679955848817475,3.4080962281378873
-0.0065077560098419415,0.006143444300834407,0.005892857606863384,0.0053346398253141586,0.08172863145981578,-2.43688435653676,0.726096660434377,3.3966530312576175
-0.006473471663501424,0.006160429620095912,0.005840735464966522,0.005363053904820855,0.08934628072446629,-2.4402906622979113,0.6818848272839856,3.394787671957505
-0.006449781971165067,0.006168575800008402,0.005803678976829948,0.0053762867674500186,0.09401717361037479,-2.439267290876718,0.6524495749933986,3.3878031617008246
-0.006416825850028298,0.006190629447668613,0.005754617186099298,0.005411690781625401,0.10238889816106035,-2.4450914904030103,0.6091039318554906,3.391474953032439
-0.006431164729339216,0.006169341558293896,0.00577321452951348,0.005377137453844191,0.09633928000291234,-2.433970423380237,0.6305258704559774,3.374364439843222
-0.0063825347265082395,0.006232056580320245,0.0057068203146580865,0.005478129989095695,0.11478254028909084,-2.4636212908271014,0.5588000599893893,3.418396851573991
-0.006387198018899857,0.0061929903468555545,0.0057064758304383656,0.005414167159941914,0.10623114055187473,-2.4366615806713843,0.5749734438998156,3.370602126875545
-0.003751508062478161,0.01085445479745262,-8.630103091186518E-4,0.006914099965488517,-0.0937950491489382,0.5409904446424781,-1.6152120294655423,-0.23853044764334116
-0.003655994382824817,0.011014312390654642,-9.74849269395783E-4,0.0067819978364840544,-0.11075043306025488,0.6309399632291993,-1.5230445294164399,-0.3508804703373504
-0.0036698128254374664,0.010714580991899068,-7.03899526259394E-4,0.006894770558660652,-0.07922714958142447,0.425059384201552,-1.5882123951353568,-0.1381930748364783
-0.003878774012555195,0.010192159419300165,-2.1113559386634083E-4,0.0071645645514598335,-0.0029518671142828665,0.05943274783018898,-1.7627582952792318,0.2876048172874839
-0.003689021373251118,0.010582342631353873,-5.821652005307459E-4,0.006944230405309691,-0.0626296849694185,0.3330831174391013,-1.617417232946595,-0.03988823459525027
-0.0038167588463855345,0.01031361796754142,-3.341381785897286E-4,0.007098477631500751,-0.0233388240295533,0.14813406620060013,-1.719924233981512,0.18041115780680608
-0.003755022413475564,0.010440638724187068,-4.554742764284519E-4,0.007027075240809764,-0.04368666685050382,0.23720654772826702,-1.6728597691387963,0.07333669386820608
-0.004208074591784214,0.009264169942347354,8.932383769557124E-4,0.007342781291892025,0.16919471138970008,-0.6794950790900157,-1.820767804061432,1.1448219769297705
-0.004173215313933392,0.00966240804434474,4.0997133445248515E-4,0.00741290618291565,0.10900740964930208,-0.3624442916974032,-1.9097493196127646,0.8087593674469938
-0.004191281253593796,0.009347682372356883,7.899924489317942E-4,0.007354882277083524,0.15550369106338427,-0.6137735515919012,-1.837737484488984,1.0722529460766876
-0.00420795302293336,0.009430601872062995,6.965390685348109E-4,0.007394873939787741,0.14835416264345294,-0.551499017585868,-1.8747972176968621,1.0140490856167415
-0.004156733892415897,0.009504827244463235,5.952161825477745E-4,0.007365722302330807,0.12882534493903494,-0.48744496246780117,-1.8605246311736348,0.9320098324205369
-0.004135894494437051,0.00957696398819917,5.053234670717037E-4,0.007362121024962666,0.11584875401036177,-0.4287500177423363,-1.8643995852463475,0.8651073955813218
-0.0040993852588465125,0.009724055826966579,3.254682875858995E-4,0.007352710703565093,0.08896891897573224,-0.30952381096230974,-1.8700928823569922,0.7308639011461229
-0.004029013245293607,0.009797170573415151,2.3231065346858017E-4,0.007296273240929308,0.06884433588246204,-0.24899811302620414,-1.8335845444426069,0.6472266561453682
-0.003955584522821456,0.00988117586712957,1.313223417199775E-4,0.007236494721939845,0.04811991759801326,-0.181691675710835,-1.7947332487072172,0.5569394311862953
-0.0038785950196197896,0.00997345113201398,2.671774782509741E-5,0.007171978863291863,0.0274813743524979,-0.11052234824861999,-1.7520014843947145,0.46250310568785175
-0.0038073330401308387,0.010078303320759508,-8.511563415191987E-5,0.00710988423263107,0.007031420335827407,-0.03225206191666255,-1.7113871298844423,0.3633650734326072
-0.004180225903548675,0.009112326334220888,0.001056245952347004,0.007259056517830425,0.1798406807944728,-0.7857298842262376,-1.7459525788359007,1.2435466300412552
-0.004235290825933129,0.009040462095280302,0.0011608775719777447,0.007277823565054526,0.1978694535022234,-0.8479336229724775,-1.7511790454223315,1.3242591424351848
-0.0042009603167113135,0.008950841577488636,0.0012442210199176999,0.007204989064005975,0.1982329215604863,-0.9018026349544236,-1.6910360464716805,1.367029543583875
-0.004139556960554944,0.009193541516783935,9.490334762787517E-4,0.007254456286127788,0.1641127430883572,-0.7201386441155871,-1.750818453987985,1.1638872494492658
-0.004276763853639736,0.008827211079449337,0.0014178828342407163,0.007208422950766415,0.22407041546900852,-1.0024657775957235,-1.678774773442056,1.4933400906637588
-0.0041890979992174815,0.008854950867820162,0.001341261333807779,0.007146285530522622,0.20337215871404665,-0.961324051518699,-1.640622748205984,1.4228952282753606
-0.004294630154157694,0.008740296722512808,0.0015215493595816722,0.0071749190308838815,0.23317393228297864,-1.0626955647030292,-1.6456633483501204,1.559323386888053
-0.004352923696416655,0.008670098721943617,0.001631549111448126,0.0071838742943800965,0.24969703471986637,-1.1243041120901254,-1.641420486587265,1.6404627241071204
-0.004398186954767703,0.008581881968023631,0.0017540643879715315,0.007166884906388925,0.2640349494765701,-1.1925337665473785,-1.617247785602373,1.723592228990978
-0.004454574365082497,0.008171070125531131,0.0021997618680210714,0.0069085211737306826,0.2781375249371983,-1.4277564106595464,-1.3911506040091484,1.9649790240954272
-0.0043945130924709945,0.008273607092297504,0.0020575595178013288,0.006941691407333482,0.2662581903072234,-1.3553138543811862,-1.4300465949357142,1.875720890099202
-0.004355729795069678,0.008486320728574533,0.0018233131507911732,0.007065385191532373,0.2565276209386788,-1.2320548696149423,-1.5393243209220204,1.745575664187817
-0.00433984782455953,0.00837904746198691,0.0019170708628087271,0.00697616666451959,0.2543695547217611,-1.282581962462533,-1.4686644232684538,1.7877121011020591
-0.004527767654472556,0.008093474627955025,0.0023312181107577735,0.00690188576869566,0.29207400430535285,-1.4936941015075134,-1.3700681971551871,2.0540142785820383
-0.004447387552334329,0.008079926588977262,0.0022748170458019574,0.006827354717453634,0.2738268315372326,-1.4625859012741373,-1.329113897543812,1.992934840106048
-0.004588860339812245,0.008027310856040998,0.0024437448533001786,0.006892512580252017,0.3033043369054269,-1.5489146520700785,-1.3484978014313016,2.1284189719574695
-0.004663464161760329,0.007979759577805895,0.002553872581906673,0.006908744260781279,0.3184731291103118,-1.6043049324956107,-1.3423901560701932,2.209867734027888
-0.004676939996540006,0.007894576879749862,0.0026402079456314185,0.006838978632027456,0.3146395843125511,-1.6418856526087253,-1.284455494854468,2.245917881982191
-0.004713872497241924,0.00782767789224353,0.0027317669417772634,0.0068025908041118984,0.31763127443426603,-1.6832924679885444,-1.24657366367225,2.2962847289095407
-0.004764663461834713,0.007776083807635274,0.0028244806076063093,0.006790026327012872,0.32427876802278366,-1.7268859654940367,-1.2223469554795654,2.3556512189573238
0.004386411754564747,0.0075498689640860345,-0.0026192669459037606,0.006311942168139502,0.234778442301632,-1.591950444972676,0.977298329937507,2.071564129573741
0.004347621298725018,0.0074423073983749055,-0.002649283446857404,0.006188455731417891,0.22294023079356853,-1.594636337131245,0.9068262839140214,2.0567592670253156
0.004357033654708916,0.00733685396329232,-0.0027186621282376637,0.006093974436949965,0.21580088437598782,-1.6142087167322956,0.8487279137830701,2.0719993079882646
0.004293460427057654,0.007613756453732376,-0.002492949780441973,0.0063139542266602644,0.22487385329916634,-1.537491704324523,0.9951751254740114,1.9956786358669298
0.004165323409184338,0.00797735291244129,-0.002127755048506759,0.0065397647545128125,0.217411925848388,-1.3828639315917126,1.166907612024305,1.8224065538706309
0.004071388899643613,0.008056315365555898,-0.0019950089787890597,0.0065374375297474465,0.203099623384058,-1.319250958079734,1.177981704160623,1.736387928352688
0.0038970558108165723,0.008357528462197226,-0.0016354302158231749,0.006627080795855811,0.17282701808735812,-1.1397977822568828,1.2618462016502578,1.517556031304558
0.004000063454429962,0.008257622720302536,-0.0017847672181477462,0.0066331532450265495,0.1909819469723386,-1.21619970996926,1.2552569759265593,1.6186397160438226
0.0039675268595141125,0.008132931412192547,-0.0018603609831921912,0.006523880808150073,0.18702039878614263,-1.254355794850751,1.18073722530253,1.6469905367369597
0.004134217167558604,0.007869625553973976,-0.0021821216967156903,0.006432866393119028,0.2104730628335866,-1.4047151568421963,1.0981674977628593,1.8327091896169154
0.004202836438887048,0.007705153506170187,-0.0023532034752553146,0.006338784357976745,0.2153132734323027,-1.4778650846578052,1.0257309153707626,1.9169877152840442
0.004119898667664725,0.0077798540625465575,-0.0022331302880887337,0.006350512406558968,0.2055880880410567,-1.4252715224503025,1.0452652998768197,1.8466038506421
0.003799364106587642,0.008467822353099112,-0.001485772441340249,0.006626494814131387,0.1546550831273006,-1.0610657127149397,1.2701865243950292,1.4160341552878508
0.0037406845190899617,0.008589572643517687,-0.0013522073848517998,0.006654181411859432,0.14118911298917025,-0.9884373260053672,1.2952422774449743,1.3291922621151955
0.0036235609433270238,0.008689944452122574,-0.0012090043457744328,0.0066245755781040505,0.12141707977123496,-0.9088921316797551,1.2810540449540821,1.2236145076159113
0.0034193638295594944,0.00945714202862889,-4.8099850074009425E-4,0.006747959366118633,0.04148246582454698,-0.4465369011985029,1.395100559929877,0.7041145032061861
0.0034822764442717573,0.009279118173807124,-6.520521384049032E-4,0.00675070252951728,0.06336882432450751,-0.5611893703070784,1.3905608271410184,0.8354629653027896
0.003578417925643881,0.008878758229877897,-0.001031224218234402,0.006679325029477052,0.10413315188984393,-0.8031162025150698,1.325584546767596,1.1049958426023467
0.0034773782476428127,0.009068375443734882,-8.320022645469939E-4,0.006681583823699252,0.07924031829024407,-0.680939211221818,1.333257764562189,0.9589804189984185
0.0033580633762650596,0.009624196416374445,-3.2506664531520947E-4,0.006733146234078052,0.021309550077059796,-0.33851773593297235,1.388914845694577,0.5805288162221783
0.0032843572894950424,0.009799371372540671,-1.6724763315803236E-4,0.0067002086099383585,-4.28641788018989E-4,-0.2252769348047247,1.3690850692323817,0.4501520036448446
0.0032622130712888575,0.010033048168574577,3.0977308847373774E-5,0.006692216228232601,-0.022942574556426266,-0.07792137782908408,1.3739758624960656,0.2937441216360461
0.0031798281258627447,0.010264438672386675,2.175931630153554E-4,0.006624153973997363,-0.04832488214496981,0.06514665695542675,1.331276729598873,0.1324840438385533
0.00312225363231983,0.010510935324580995,4.047364693692174E-4,0.006553290079159038,-0.07074999452721287,0.21446374636911836,1.289004081676653,-0.029515935928995176
0.004963629569250468,0.006547109850533747,-0.003697901445015354,0.005534851156194085,0.19084059506077208,-1.8912298458282886,0.40344561740337576,2.4198052251386426
0.004749317142893651,0.006996327065100138,-0.003292716428421036,0.005949188038309627,0.23051415305588288,-1.8219973942843304,0.6757875493852032,2.353191822536694
0.004926299751384273,0.006656511532680718,-0.0036224122305542933,0.005646374212427582,0.20414975212206035,-1.8878131028364977,0.4674629015684793,2.422957131716654
0.004874064067439447,0.006579554510030774,-0.0035865930019583284,0.005538841039844334,0.19062668441786046,-1.8547984227854628,0.4336147664445541,2.3653628330194216
0.0048631438428758346,0.006732590070341129,-0.0035249931140116336,0.00570731184329295,0.20899952144796083,-1.865032637921699,0.5169363145860872,2.3941453083568702
0.004793835426414927,0.006814881160261232,-0.003417307072447681,0.005769849141826328,0.21313491696075304,-1.8379892075899023,0.5685434176732961,2.3592919259091585
0.00473905759616956,0.006893157920440161,-0.003326014135307407,0.005831495452778206,0.2178059412204203,-1.815107076230762,0.6157527286671982,2.3315116939324367
0.004584540942839671,0.007214484038352358,-0.003010712341651283,0.006096022420232072,0.2349327432599173,-1.7321273535102926,0.8022421339427828,2.2404430431188183
0.0046391744425273735,0.007086857692716345,-0.003132216707674728,0.005991408569735421,0.2285572783178434,-1.7661344294499801,0.7286598643485789,2.2767476506736575
0.004435782432395806,0.007254795430209304,-0.002839479653986596,0.00605687792562088,0.22047003869183504,-1.6594096526222049,0.8117674050751924,2.13101118733228
0.0043142823438011785,0.007258065573265862,-0.002720348832949627,0.00599645565588501,0.20639975453474563,-1.6055729292946865,0.8000526346826862,2.047794750839398
-0.008749180632412274,0.005129711783011452,0.008033464458012689,0.002063084651731707,-0.030525517922663756,-0.5659794189067711,2.501404141622221,1.3334409788151709
-0.008733910265813374,0.005133685855312573,0.008026865980825732,0.002088261021887871,-0.03400697469381794,-0.5819519881257705,2.4981188765200284,1.350708767931821
-0.008779752288017972,0.005121741284486271,0.008046222820210143,0.0020125586481616886,-0.02334557665975315,-0.5340361195318292,2.507617829294471,1.2989141225681615
-0.008795134174801645,0.005117771869427457,0.008052470751427827,0.0019871134591844396,-0.019723093680571232,-0.517978148035387,2.51060597449832,1.2815827144415393
-0.008872344575102763,0.005099436647283131,0.008083500540082748,0.0018599595868971778,-0.0012207213798555413,-0.4372396667438629,2.5253133537803194,1.1952270020861446
-0.008810583574621805,0.005113908203800874,0.008058743529160818,0.001961608982090968,-0.01610087385777459,-0.5018412794538757,2.5136020582829883,1.264225852340631
-0.008826039137338931,0.005110160913306088,0.008065010528012157,0.0019361407541155541,-0.012448666964533847,-0.4856856237882939,2.5165903219591397,1.2469058492023315
-0.00884147445011815,0.005106502060339289,0.008071221190791374,0.0019107267381266028,-0.008748690926256365,-0.46954330170430364,2.519536236606459,1.2296422632181665
-0.008856904384703653,0.005102923931454518,0.008077377010268671,0.0018853387357940664,-0.0050027523471487005,-0.45340050995804243,2.5224388969759626,1.212419663874204
-0.008752761011758994,0.005113461494490017,0.008016959543032538,0.0020459832146451818,-0.02849155907144441,-0.56360706809585,2.4888359612391167,1.3232489780468375
-0.008767985906741016,0.005109308750531068,0.00802312667744857,0.002020840148197579,-0.025008354247072043,-0.5477732030098427,2.4918382639422973,1.3060638986294981
-0.008524761415366807,0.00517820613352976,0.007910254285545261,0.0024198790531297578,-0.07477179038771609,-0.8011972862221836,2.43194560535802,1.5825405041121476
-0.008509629032321485,0.005182718308688486,0.00790226051918747,0.0024445179695844342,-0.07742804979102537,-0.816979473209457,2.4273693567468366,1.5998689806272195
-0.00867287161348071,0.00515004760935573,0.007999597406493026,0.002188861370915413,-0.047223447877674414,-0.645803659804577,2.48424783763884,1.4199931637807726
-0.008688056101573633,0.00514581947706019,0.008006413869484282,0.0021637727456842886,-0.04400051508378938,-0.6299283790364413,2.4877312471186532,1.402689425190367
-0.008703323550443573,0.005141704733171884,0.008013281578964469,0.0021386139382232228,-0.04073988821289373,-0.6139576903809615,2.491239582092873,1.385347878259232
-0.008718623608727761,0.005137677269380967,0.008020130501674756,0.002113434417784646,-0.03741255838193453,-0.5979471638383362,2.4947246624833976,1.3680107192000188
-0.008646189883024437,0.005142635711385439,0.007969877874725024,0.0022210392080785316,-0.05151393888616999,-0.6745984987937392,2.4646643815695963,1.4438172958138873
-0.008661124879317104,0.00513823400871657,0.007976536945496495,0.0021963766364617205,-0.04841054397883904,-0.6590495535798415,2.4681192209861504,1.4267657863805334
-0.008631164536764413,0.005146734957751658,0.00796265167114221,0.0022455488553064524,-0.054540386249833796,-0.6902709974193959,2.4607746967534463,1.4608384787680926
-0.008615938975539245,0.005150762240524327,0.007955037002526507,0.0022702361807617854,-0.05754842515465603,-0.7061593879797751,2.4565945345413778,1.4780296697908935
-0.008600558105185896,0.005155027451990536,0.007947427358728325,0.002295286703319074,-0.06055630537354454,-0.7221971910307784,2.4524218161878486,1.4954814380305146
-0.008585214706654678,0.0051595739243971315,0.00794002806810782,0.0023204708662480297,-0.06353348216282535,-0.7381838252417388,2.4483961940129864,1.513025308307979
-0.00856997583557886,0.005164200731739738,0.007932661181500414,0.002345533657703565,-0.06643813963430545,-0.7540627495237019,2.4443747502488264,1.5305083403533828
-0.008539802925032454,0.005173682106910026,0.007918010334250441,0.002395305906006943,-0.07208048378434134,-0.7855083175115823,2.4363289582438896,1.5652917846043186
-0.008554841291001125,0.0051689215414171255,0.007925344452188945,0.002370489637331975,-0.06929339704003758,-0.7698340012823294,2.440369077343529,1.5479357227981119
-0.008527978013708358,0.005162377773945174,0.007894704632245604,0.0024017558963374797,-0.07199558464589771,-0.7983423563882063,2.4192390179075542,1.571926056132302
-0.008464019922050075,0.005196960765795268,0.007878026358481172,0.002519050012870906,-0.08515497909266741,-0.8645398791794782,2.413367445157833,1.652406430281916
-0.008479116671927299,0.0051921308844439145,0.007886062431740863,0.002494325275971924,-0.08265006372083776,-0.8487965577021425,2.418030079190668,1.6349583598772741
-0.008494352148185435,0.005187343700213486,0.007894123968780373,0.002469402760618274,-0.08005792151395923,-0.8329103401867438,2.422681046642982,1.617394875100988
-0.008373595973120762,0.005226973081023041,0.00782806025258207,0.002667107465979569,-0.09906737672688404,-0.9588499228019866,2.383607652465899,1.7574388448867768
-0.008388284920322198,0.005221771685004311,0.007836164988885367,0.002642869652856908,-0.09692038252276071,-0.9435203339037309,2.3884742765571976,1.7402028310949398
-0.00844885210283465,0.0052014894325989785,0.007869430692864283,0.002543544179336617,-0.08756501834381482,-0.8803600221505811,2.408247895569605,1.6697673987456747
-0.008403159296440437,0.005216424223996313,0.007844134556609641,0.002618204046926456,-0.09467565227672468,-0.9279980970276279,2.393193029331536,1.722704299982823
-0.008433508153199485,0.0052059974111269,0.007860501767074311,0.0025681971850915696,-0.08994423171819065,-0.8963538919594164,2.4028606484492916,1.687276782978316
-0.00841825541056799,0.005211051966928164,0.007852136873495138,0.0025931796005364727,-0.09233001796763303,-0.9122520092446561,2.3978962950394096,1.7049781226105818
-0.008358759281237997,0.005231831903677746,0.007819278535008864,0.002691157372003619,-0.1011203927115167,-0.9743163701192118,2.3781859642794814,1.7746136803964487
-0.00836134698346323,0.005215926456736147,0.007803637826966261,0.0026723962342161275,-0.09835109007333907,-0.971095230631169,2.36501495587404,1.7632022016620967
-0.008314113897646665,0.005247639251933121,0.0077933423404422724,0.002764365643601928,-0.10712986020406041,-1.020871425505491,2.3621487721832146,1.8269144381877995
-0.00834375440634723,0.005236735361631113,0.007810240633732907,0.002715412464038922,-0.10315184678040652,-0.9899453044483558,2.3725531036946346,1.7919579900946692
-0.008328889649940252,0.005242159661198641,0.007801788749395462,0.002739943753357829,-0.10517405382878141,-1.0054495080287535,2.367362500827267,1.809460966597942
-0.008301728109221208,0.005236656802361176,0.00776849849040772,0.0027691628527509032,-0.1062005578274504,-1.03282864662373,2.3429881307649705,1.8322545195417241
-0.008286450950061244,0.005240739673296957,0.007757736427142933,0.002792573660328992,-0.10785415753755782,-1.0485367654369453,2.3358382843314023,1.84916675544628
-0.008195474890696592,0.00529187881703338,0.0077205335945105666,0.0029588214415337366,-0.12057464502225586,-1.1445342455750058,2.3153356743147633,1.9668010879656752
-0.008209797156603532,0.005286011823612619,0.007729231953635704,0.00293497918579958,-0.11909844492234756,-1.129571404218486,2.3209932037040644,1.9496114110794809
-0.00822417349660468,0.005280164979169341,0.007737870111579921,0.0029110435685833474,-0.1175589464850348,-1.1145527527152994,2.3265696763250747,1.9323741226355764
-0.008183084315772743,0.005281038314649693,0.007695149436761817,0.0029622828641474416,-0.119255403548911,-1.1555320904305189,2.295259702540958,1.970882677682157
-0.008168373835784417,0.005285458590628984,0.0076842056608230945,0.0029847956584993797,-0.12041551762273106,-1.1705458168045653,2.287677420812606,1.9872343757952537
-0.008153222149618843,0.005290293477325985,0.007673102790071652,0.003008206342296975,-0.12158228126914483,-1.186007666402359,2.279979505680938,2.0042139082044836
-0.008035908405172168,0.0053210615877147495,0.007575028522750612,0.0031788579207804864,-0.12756952732345728,-1.3029142288692783,2.2090211253937633,2.128458370453579
-0.008137843338918522,0.005295786133303737,0.007662328575677985,0.0030325267737324134,-0.12278398210662918,-1.2017534407075827,2.272554019508016,2.021810589237439
-0.008122335099328472,0.005302033631025392,0.007652085657911762,0.0030577598576706122,-0.12405481157764427,-1.2177164676614434,2.265562162451437,2.0400225237046956
-0.008108025275579179,0.005309660844387863,0.007644530839274352,0.0030830657916157897,-0.125408567112406,-1.2327447237023856,2.260683591937959,2.058165166993286
-0.008050911115375297,0.005314417057154987,0.007585115665679183,0.0031542820052265323,-0.12667012500440647,-1.287597476619046,2.2161422664742907,2.1107378526418823
-0.008066303053965749,0.0053087891772115765,0.007596587782823352,0.003130355752846446,-0.12582169887049854,-1.2721044691327243,2.224366745401173,2.0934402902559426
-0.008081680955827477,0.005304553950760698,0.007609398466579389,0.0031079324745874313,-0.1250775210206443,-1.2568552780042828,2.2336874101088466,2.077152971234009
-0.008095269650295955,0.005301586460508489,0.007621441663221329,0.0030888993512273003,-0.12450311389034877,-1.2434709178551777,2.242500475701508,2.063269832052765
-0.00825553022782713,0.0052519557808246645,0.0077388206873160266,0.0028427380474438917,-0.11141835211189723,-1.0804813899526386,2.3236489372332803,1.885088516132048
-0.008270495055493073,0.005245422849165001,0.007746812591401847,0.0028173630000089896,-0.10957973642679673,-1.0649349423179604,2.3286011864613507,1.8670301977823678
-0.00822560518297841,0.005263485237665255,0.007720669129665437,0.002891758186190713,-0.11474691011102718,-1.11143777272677,2.3118944880138383,1.9202339608571795
-0.008240361865442157,0.005257627391886929,0.007729501564655679,0.002867431962409744,-0.11315078262766942,-1.0961676367796043,2.3176053825101324,1.9028104358267528
-0.01206816537701306,0.014598699885660413,-0.007521102335065679,-0.003382413885607082,0.21989233912159722,-1.4649763353496184,2.627892539691555,2.6627539247216174
-0.012054064895702253,0.014605301769961334,-0.007531047445223995,-0.0033589709020253543,0.21983866238607555,-1.4485622435388823,2.639883687942255,2.645823042037952
-0.012039904979825588,0.014611977241105058,-0.0075408050425930075,-0.0033353010928393917,0.219788920958041,-1.43197862022439,2.6517244596019256,2.628637191097575
-0.012081363566525288,0.014608452621222415,-0.007489304409774922,-0.0033824073140450296,0.2172905908902266,-1.4713482620831007,2.6036274933141947,2.6558398099760363
-0.012095626582197342,0.014602634685649393,-0.0074778571179820565,-0.0034046781475026862,0.2171925119672334,-1.4871890109565469,2.59065125323167,2.6713937217287462
-0.012109733946759281,0.014595956878216012,-0.007467664879087388,-0.0034279012955279148,0.21724780967522586,-1.5032909955642395,2.5783968839791283,2.687958516612658
-0.012123965370371876,0.014589586259349814,-0.0074567160901507406,-0.003450747542135896,0.21723169395712097,-1.519252373400539,2.565578176347231,2.7040307341890393
-0.012138701108195588,0.014584412850054013,-0.00744326876164344,-0.0034723318492610677,0.2169987561743967,-1.5348360816065194,2.5510661389118927,2.718476023559625
-0.012153534713584708,0.014578439474657999,-0.007430629007150204,-0.0034950288130152387,0.21688904164492415,-1.5508552732223115,2.536902298365899,2.733957001161059
-0.012168316323309654,0.014571736083077507,-0.007418891055090999,-0.003518609566216118,0.21690793047374002,-1.5671607805989003,2.523196058211379,2.750316906516668
-0.012182885191739969,0.014564461791253999,-0.007408052170748245,-0.003542713364501573,0.217024583447994,-1.5835411097321954,2.5100168055514627,2.7672707844351794
-0.012197047424397126,0.014556654841669568,-0.007398328583342692,-0.003567122017846519,0.21725326603959458,-1.599834190590351,2.497572147976499,2.7847005798598983
-0.012210589739806599,0.014548700513140915,-0.007389511648739674,-0.0035911065054781495,0.2175615427553015,-1.6156529638783852,2.485850562006004,2.8019795741950175
-0.012224421440995536,0.014542032208356164,-0.007378413833487655,-0.0036134470559742193,0.21760974677061737,-1.630834968593825,2.472667599473075,2.817377922886969
-0.01225437361679958,0.014512031905559414,-0.007374094623352166,-0.0036843206826446735,0.22030644594458115,-1.673419288596002,2.4543686021868285,2.873500037963648
-0.012239094886472771,0.014536221428463865,-0.0073648232187080095,-0.0036352318258683603,0.217477447447225,-1.6460247110414727,2.457657253008632,2.831686605960712
-0.012253954927595548,0.014529839493176102,-0.007351557226542008,-0.0036579104743725446,0.21743320124496548,-1.6615956797913924,2.442661417808915,2.8467395269681215
-0.01226875976657569,0.014504739952277683,-0.00736237712191357,-0.003707931479962441,0.2204299862922263,-1.689221031550095,2.4402651061889133,2.8896784109966123
-0.012296698697759179,0.014489329525032804,-0.007340725554611945,-0.003755404820453162,0.22092907783152346,-1.7204794353300905,2.413212474100234,2.922610723283529
-0.012282802809387226,0.014496988841855421,-0.007351586985130362,-0.003731837420887354,0.22067875975709741,-1.7049756569279235,2.4267565984233532,2.9063013224334244
-0.012310547990492771,0.014498478864031284,-0.007308501992916959,-0.0037537871077637903,0.21838406870814833,-1.724528908508865,2.3886932299416572,2.913186063842782
-0.01232504194748646,0.014492200258244744,-0.007294828857782864,-0.003775535244136735,0.2183413710121563,-1.739232377360118,2.373327016939052,2.9271997683792566
-0.012353884424546336,0.01447721863608648,-0.007270256895078947,-0.003822246334864232,0.21867978400997848,-1.7698134372945618,2.343875809137,2.958354286396173
-0.012340066393006652,0.014485379056020107,-0.007280889779875591,-0.0037984380530251484,0.21832795748608144,-1.7545485493976332,2.3574562276382873,2.94201482774875
-0.012366863232937057,0.014469580217405187,-0.00726008042936252,-0.0038445027852290897,0.2189406516000255,-1.784076127552188,2.3309400542626517,2.973568988937654
-0.01245171868007714,0.014427083276241726,-0.00718114993040348,-0.003976845305195254,0.21960387640414805,-1.8697135001336707,2.2389476623728695,3.0582404463832202
-0.012380710122236712,0.014463331835352549,-0.007246741110565225,-0.0038652911639305413,0.21893103630956803,-1.7978600740374657,2.3158674990660235,2.9867319593952106
-0.01243786325652123,0.014434773597879015,-0.0071935254815316185,-0.003954316165387314,0.2193727317700583,-1.855478283645885,2.2539023751451777,3.0436505543994516
-0.012423841124953499,0.014442397739526902,-0.007206076712654469,-0.003931672088654819,0.21916145001037843,-1.841077006147268,2.2689732723893496,3.028976011311574
-0.012409583865206452,0.014449829699999932,-0.007219057583525518,-0.003909047153468423,0.218998023723177,-1.826549706684084,2.284324258450226,3.0143900035659272
-0.01239512872953706,0.014456851772458028,-0.007232674928578305,-0.003886793955359087,0.2189206059178781,-1.8120647679089752,2.3000325213028456,3.000225436283255
-0.012465503702635841,0.014419343076851089,-0.007168783277562139,-0.003999311274168248,0.21984704228402538,-1.883834031951544,2.2239685065076578,3.07274227331892
-0.012479340518982843,0.01441151331246029,-0.007156281304707632,-0.004021868330335079,0.22010116858482262,-1.8979427087642833,2.2088163513514405,3.087237626247592
-0.011921450958621285,0.014677988649661666,-0.007600763993975229,-0.0031218966375834403,0.2176555325225549,-1.2858944360175621,2.734881269534181,2.467107193961407
-0.011907307806332095,0.014684285837339708,-0.007609425147332567,-0.003098274958232592,0.21762312267080638,-1.2690084605200527,2.7453659457400836,2.449555740012634
-0.011933521924685374,0.014685964077498115,-0.007573505220409683,-0.0031248858679345766,0.21530736649525126,-1.2938513543149501,2.71397025605898,2.4641773830537224
-0.011946959721600847,0.014683447343857603,-0.007559992629022356,-0.003142669321461325,0.2146964385457839,-1.3080087893100378,2.7007891105857347,2.4759533688634368
-0.011962521245345338,0.014679715895949427,-0.0075454208365422016,-0.0031641959100542866,0.21414129212649854,-1.3246621228272508,2.686122348238408,2.490510948985165
-0.011978203324537431,0.014674576796311923,-0.007532595436083494,-0.003187555220042892,0.2138268301269964,-1.3420059022662585,2.6723814073265557,2.5068661600025766
-0.011994155734055198,0.014668888304954728,-0.007520044373759236,-0.00321181131547383,0.21360139128515596,-1.359771400099895,2.6586251419153286,2.5239669064828303
-0.012039381169224957,0.01462876916065694,-0.0075175786331109695,-0.003312085582528379,0.21709158751157584,-1.4224741606622235,2.6383293822481266,2.6048444343246877
-0.012024939349458386,0.014635520683011135,-0.00752730434147002,-0.0032880870690585426,0.21701221168657306,-1.4056634785353241,2.6501148579930773,2.5874239342227714
-0.012023716756151461,0.014650574739326912,-0.007507409043476625,-0.0032667744793925925,0.21452852679249043,-1.396524074259386,2.639092142241391,2.5659193324677565
-0.012011955118306099,0.014662481501704634,-0.0075059165127960145,-0.003238830985651701,0.21331663279124105,-1.3794963702355834,2.6431218896651,2.5429403123450096
-0.011905749390259795,0.01469916465243706,-0.007589201824226531,-0.0030777090882384665,0.21519237367366179,-1.2605305253152046,2.733733271578564,2.4288566484971104
-0.011893790542545524,0.014710323710846785,-0.007587577683090681,-0.003050479815721443,0.21411735538457902,-1.2436142767217009,2.737097626684171,2.4063725720965654
-0.011889135120761465,0.014729279987768048,-0.007565080321030082,-0.0030217462046546947,0.21117885958699215,-1.2303829903436727,2.7252299767659487,2.3787107413345123
-0.011547301751837864,0.014834716038766573,-0.007790512981474708,-0.0024931788132214554,0.21850479857322605,-0.8269452407853495,2.9659858443218567,1.986116463146329
-0.011568093402627695,0.014839609406394965,-0.007760645468554269,-0.0025144200277176145,0.21605884104450138,-0.8495203300705757,2.941792190820007,1.9989333446344297
-0.011588702670847292,0.014836040657763705,-0.007744665264747972,-0.0025440877533448015,0.21513709424389105,-0.8738255776557405,2.926533417931825,2.020723170704421
-0.011609639122947775,0.01482769389058132,-0.007735809562439513,-0.002579123283243463,0.21508651553798305,-0.899668322677287,2.915690362100175,2.0479555055281113
-0.011631072734706233,0.014823821419929026,-0.007718857773094238,-0.0026098245461745047,0.21412835194787364,-0.9246478918059501,2.8993983103599654,2.070315890577819
-0.01164793200962734,0.014818687024362122,-0.007708675800691734,-0.0026361238509763694,0.21377110670531121,-0.9448234209448635,2.888512195382337,2.090149045555515
-0.011663065784255532,0.014812438154151874,-0.007701979324462216,-0.0026614767325316437,0.2137457132145192,-0.9633912421738436,2.8802265699792247,2.109754923750122
-0.011680159995511788,0.01480682709742008,-0.007691895387602712,-0.002688447196275812,0.21346279950940097,-0.9838603939441618,2.86917425453684,2.1301187049150117
-0.011699851747834458,0.014798737867408197,-0.0076825843665362815,-0.0027212444548426608,0.21341770652440473,-1.007874985583949,2.857822345854231,2.1553217934149287
-0.011830449379286722,0.01475522361283539,-0.007597655934680409,-0.002924428245809447,0.21113029978707684,-1.1607198119326032,2.765089977967088,2.305767957939541
-0.01182577512147073,0.014770735195139858,-0.007579721858582952,-0.0029005667931503456,0.20888741677624817,-1.1495859332878346,2.755664072704604,2.2831710954633104
-0.0118488151833204,0.014754243665392726,-0.00757698659499187,-0.002946321722295538,0.2099128660647326,-1.1795835524823668,2.7463268850736893,2.319754873564594
-0.01188578251147155,0.014744624675273918,-0.0075463574439065696,-0.002999141739549178,0.20887854297755054,-1.2202572330755346,2.715085038898623,2.3568898019305924
-0.011871360305253834,0.014754696776623149,-0.007548962656701951,-0.00297090528673414,0.2081447977909416,-1.2016961845995071,2.7216782600637583,2.334515387288669
-0.011813722858156267,0.01477850566857596,-0.007582237533527659,-0.0028776761064151987,0.20842703843196353,-1.13428108189934,2.7611036366148785,2.265085885621159
-0.011724104330799248,0.014801040679000912,-0.007651468650364204,-0.0027475394857658497,0.21117058845963463,-1.032980916182977,2.8313279896957817,2.1714828745509798
-0.011798607176902896,0.014786209414480696,-0.007588307735745454,-0.002851373584184419,0.20823602151151907,-1.1158938169094228,2.769631990489088,2.244863164055428
-0.011782054699706062,0.014792844479445998,-0.007597492185751834,-0.002824632716262897,0.20831513006029367,-1.096412400914655,2.780445234819368,2.2248087195761177
-0.011764188818390536,0.014797980540596467,-0.007610293487014176,-0.002798031036906042,0.20874025853207182,-1.0760652192179914,2.793815441614557,2.2054611648380695
-0.011744994261265261,0.014800975417689476,-0.007627726093794224,-0.00277221149860396,0.20963080778412355,-1.0549940664358477,2.8103844870813646,2.187498534483703
-0.011364223440552884,0.014932391516300198,-0.00780592533442076,-0.002158810254637509,0.21429117688751195,-0.5933692223075607,3.0123915248506807,1.7147259134657042
-0.011272332000489896,0.01497473479156101,-0.007814148175097776,-0.0019983109605387663,0.21300476385688047,-0.478666508156147,3.0320583165117516,1.5848432495885136
-0.011293430259808139,0.014967486170865664,-0.007808631894422807,-0.0020329857765172027,0.21295647172413826,-0.5046718072310199,3.025360765389379,1.6123763309452617
-0.011261468283105225,0.01499726198826151,-0.007784515754667021,-0.0019647829115488516,0.20965540573600586,-0.4640322965678267,3.014004148506047,1.5539104290224268
-0.011354121517731618,0.014956593188528848,-0.007773978466129685,-0.0021235667571221843,0.21064698043457297,-0.5783050962176538,2.993086029334442,1.681827499545517
-0.011331177888943745,0.014956935062794436,-0.007793786362363248,-0.0020927831829060054,0.21218292704859595,-0.5510129022252129,3.0097944976044744,1.6592960263061702
-0.011316111369238581,0.014977944225698337,-0.007771196603290277,-0.002054338670535624,0.20944484244803085,-0.5308945424619124,2.997291026412126,1.6251407325147778
-0.011468636274671271,0.014884025919944694,-0.0077884912147692656,-0.0023418587724651735,0.21537586192368693,-0.7245786477326273,2.9816300474903876,1.861865047278014
-0.011486862211955955,0.01488348455361018,-0.007771367626409487,-0.002365958149664973,0.21415387788359408,-0.7459144592423864,2.9667293274215787,1.879118575679531
-0.011505118654279297,0.014881840500678459,-0.007755873450227698,-0.0023910291956643977,0.21313413305276988,-0.7673527520990967,2.9527960490624143,1.8973448013146477
-0.011386809133722399,0.014932462235593294,-0.007785109834771364,-0.0021886436772659795,0.2126339932812478,-0.6202136682074767,2.9948077957875565,1.7363406734188047
-0.011408679442865345,0.01493010685940934,-0.0077687903069818326,-0.002219545076885205,0.21153466375954344,-0.6463229109773919,2.9802184299794985,1.759364503553863
-0.011460922459943972,0.014902416599103496,-0.007765351238009537,-0.0023138792388995646,0.2127682839442838,-0.7120958539234973,2.968058900092782,1.8357901548851336
-0.011446463958225737,0.014916481937562823,-0.007755860334053497,-0.002281598378958938,0.2112371699417748,-0.6927063821460041,2.964723628452143,1.8081796080977384
-0.011428035651732065,0.014924604164132783,-0.007759831610576111,-0.002249959411209971,0.2111709065390215,-0.6698586760299369,2.970802542079102,1.7829515710225223
-0.011533734661260014,0.014854711110381967,-0.007771597770211245,-0.002455124896191062,0.21592881627292054,-0.806448620465771,2.956789805430773,1.9520667956629316
-0.011525731541283049,0.014879536225893865,-0.0077389000883007234,-0.002419598145187836,0.21202834346737562,-0.7914735503566784,2.937338140254193,1.9181791102262407
0.016341616723161548,0.017064417540694217,0.0022507246752804274,-0.0019903357386281393,0.012221152015962229,-0.8980937963816296,-0.1365283752831062,0.9998337080574837
0.016989000033854604,0.017131833517779835,0.0019099692126363262,-0.0018647706758910555,0.014961884075072337,-0.8253864843057369,-0.051054220891438094,0.9082749251968921
0.015819745708888406,0.01730355694621185,0.002468175449828924,-0.0019111313832876106,0.004538644185357084,-0.9031843426011298,-0.24530112847710553,1.0101283251903996
0.015269878628072567,0.01740451227344385,0.002735288654753472,-0.0018758789505327201,2.2047047406822712E-4,-0.9124917786222522,-0.36062824285664213,1.031137897192737
0.01477823119429042,0.01752006424775817,0.0029610907346556206,-0.0018012583411055447,-0.001694830550910368,-0.8985445659925851,-0.4725672741326889,1.025063458652155
0.016773236847739625,0.01769216548789321,0.001900179587772253,-0.0016318734256758418,0.0018386110161016796,-0.7755762491148485,-0.12495713866543802,0.8503848842874845
0.013522977321837543,0.017258446583634495,0.0038054498975513685,-0.0017790984663675206,0.007004353442388013,-0.8937977251810781,-0.8260117124723477,1.0756266759844404
0.012300232256033553,0.01728324321138862,0.004439853678231143,-0.0013564778223922964,0.0137479645024749,-0.6429103905985073,-1.1938398998448168,0.8613586756119973
0.012696069632099703,0.01726654989175561,0.004256777362134861,-0.00152485703437265,0.010947997665849717,-0.7482616652450996,-1.0812331310682,0.9559440656531671
0.013091140804692649,0.0172612187246279,0.004048416736442007,-0.0016614928174067502,0.009478376013484918,-0.829589456894266,-0.9594057907571648,1.0256518186425898
0.014277970968033125,0.01760648230204213,0.003194756441371274,-0.0017126932214728684,-0.0036205494513414844,-0.8694543167308634,-0.5913129907613356,1.005095888260499
0.013831447644403146,0.017626848234129508,0.0034229848134343667,-0.0016378179064854227,-0.002922703647504009,-0.8379387772830071,-0.7036419796277004,0.9830647989695914
0.011854692705465825,0.017156159289582643,0.004749300757967599,-0.001198458854660114,0.020660243476548237,-0.5210920087945387,-1.356632289015373,0.7685134740086966
0.01229491809016142,0.017601669424746506,0.004188549634558221,-0.0012127026723410608,0.005183494240156274,-0.5797417489723167,-1.111196147047919,0.7648738206846315
0.012039618107763723,0.01751117379740034,0.0043657639097076095,-0.0011424861306805064,0.010697985793705539,-0.5248316940384089,-1.1958449880128714,0.7257912607883443
0.011536341146726366,0.01714809663983958,0.004882382637243326,-0.0010251338921832677,0.02519481705032926,-0.40008538654343423,-1.4370589461763572,0.6578157426282943
0.011281567732174237,0.017184577364550306,0.004932643738035255,-8.624157462122404E-4,0.024680179111244812,-0.2899420291534933,-1.4753571489334363,0.5482800256392397
0.011010281393672794,0.017220801266592915,0.0049710498783419,-6.855559629906802E-4,0.02608542791940865,-0.17028141717460965,-1.5037626790155123,0.4279000980896955
0.010602031910942424,0.016944857853495792,0.005346316602055308,-4.651232215416231E-4,0.0400058317479528,0.0320007765115591,-1.6811089215070292,0.28077272648800755
0.01072246570855415,0.01723276849825474,0.005018786753973561,-4.995974133812385E-4,0.028403308171474958,-0.04042486942202186,-1.5314695258597146,0.30206172781319535
0.009623969455037032,0.01667497656490653,0.005681404214058016,2.979464906765679E-4,0.05284622211799319,0.6184209632051262,-1.7961897842294434,-0.24309508941326854
0.009403215635159903,0.016635784327436575,0.005691752561706274,4.8595120807812324E-4,0.051625930403401014,0.7526648670873106,-1.7771014530491616,-0.3705165425242534
0.010289116486860934,0.01698526361272324,0.005338069210961344,-2.307265976666548E-4,0.038627386171777196,0.19045588416989936,-1.6743398615112517,0.11818155154955691
0.010026520891731994,0.016947859371977105,0.005389165752435144,-3.699476233783608E-5,0.04137647794419192,0.33148122103768657,-1.6889800865728708,-0.014125359909431283
0.009758390901726626,0.016905092673206917,0.0054268547901650315,1.6741084819072536E-4,0.04231902393557035,0.4801608502390268,-1.690592726914795,-0.15480842399917497
0.00914596488221842,0.016633556145420888,0.005631826393182336,6.94064595011253E-4,0.04892460327170516,0.8828447283690799,-1.717289025932896,-0.5058632827815295
0.007993903482641186,0.01602786602281744,0.005759528411847113,0.0018888183754353757,0.037678672651358124,1.7064221979071557,-1.4958385440757807,-1.2251803874011922
0.007806237511322871,0.01598464889098781,0.005667767310682094,0.0020509208925905335,0.02906696140672574,1.7785542397722767,-1.404760052860258,-1.301588901051284
0.007643018177330577,0.015916724783795508,0.005609707219759023,0.0022103068086576677,0.0219397558015904,1.8562024477758576,-1.328711660516326,-1.375117200067405
0.00888876339380258,0.016523539413313613,0.005676651848506992,9.343181433699511E-4,0.048644760938516045,1.0574866059600347,-1.6949406236428506,-0.6614147632770342
0.00869335551100746,0.016501005601913275,0.0056244814315508625,0.00109521358894117,0.04672380730589705,1.1532239627181016,-1.6385022053019618,-0.7566265729510762
0.008106118915051174,0.016200933756456523,0.0056463697624892836,0.0016920020057856128,0.03672365778970663,1.5478007078047384,-1.5013800888307929,-1.1064437419951256
0.008535987927249383,0.01656280466420181,0.005485581378791792,0.0011847725346045687,0.03869346366702381,1.1796633988049037,-1.554551369104962,-0.8061764769042054
0.008360093532703956,0.016563461309814405,0.0054008167589291185,0.0013084454832425838,0.03275275429096373,1.2407162816686177,-1.4890254707791921,-0.8729255941165706
0.008191325670958843,0.01644511869803325,0.005436376417763343,0.001486589892972449,0.03290229090812319,1.3618591937422966,-1.46173987556841,-0.9756359898603931
0.0032221844588778193,0.011046675500311196,8.384350253086243E-4,0.006474144566757192,-0.11174167160325178,0.5573448285092285,1.273729060892878,-0.35710091339594374
0.0030821621303510245,0.01080404083324689,6.156368575077729E-4,0.0064631284218455145,-0.0950088635533273,0.38762200395365237,1.2383970143086709,-0.20936242448034578
0.003020894684457207,0.011040939734348325,7.644939655897143E-4,0.006354981458553776,-0.11140711483023938,0.5136025112467182,1.1712945329870503,-0.34522115737529907
-0.0037388996685214825,0.011158278102415382,-0.0011381770363640615,0.006782050094043879,-0.1257239442341885,0.7488732064922728,-1.535600126987479,-0.45303877289058164
-0.0038623422268039506,0.011272602268892604,-0.0013003550326883687,0.006819244032611396,-0.13787302412419677,0.862813006190018,-1.57428335707793,-0.539767125544977
-0.003919269505243083,0.011503943443882243,-0.0015358965340216849,0.006732772935408754,-0.159849216838843,1.0330175078694026,-1.5253556970429398,-0.70002073289054
-0.0038553862190231396,0.011412041515404914,-0.001419659667322405,0.006739317635104993,-0.15260608316167099,0.950578463204925,-1.5229423504103161,-0.6315569299688284
-0.003943537773558615,0.011626600333920985,-0.001653979667525106,0.0066743631774723615,-0.17208039442650122,1.1174008867159266,-1.4894617826765275,-0.7800291495261256
-0.00403936813082293,0.011759254536270119,-0.0018270934301518815,0.006653622502408391,-0.18468241606054103,1.2353872313255903,-1.4830391271462962,-0.8775784378530836
-0.004155741043588203,0.011868046875564739,-0.0019995825120879313,0.006657378623540725,-0.19887319908802284,1.3486699726319333,-1.491195807731541,-0.9652708456401705
-0.0035533683904280383,0.011173861386309573,-0.0010686711794090336,0.00664212043334203,-0.12470813060208537,0.7091075366593005,-1.4249520639786353,-0.45191810054996634
-0.00349902046581889,0.011026957444576251,-9.247689607989433E-4,0.006664337765140414,-0.11231160241622322,0.6020373242049514,-1.4286364166087608,-0.3543400182026515
-0.003349091342758568,0.011149883348898064,-9.63952245390397E-4,0.006515503744826694,-0.1204133962383693,0.6459927736573584,-1.31914030068692,-0.4247074787529556
0.004540930117459173,0.01282585653911391,0.002971520914756023,0.0060301761248282995,-0.23941119485889864,1.9510110642647802,1.071815667314228,-1.5066946222486999
0.003705237719278732,0.011411274205430094,0.0013371949105115315,0.006632349310908089,-0.14646104457411313,0.9021891347389005,1.4394779695415563,-0.6152599889692735
0.0035672725359183455,0.011245788942004939,0.0011338102472127265,0.006619306674638525,-0.13155524229758142,0.7574930764215924,1.4139174154197995,-0.49875911853253724
0.0036908993288455303,0.011573848335126511,0.0014577423290886176,0.006532184591175376,-0.15852939919191114,0.9938321760110129,1.3758069418772854,-0.7104241073261148
0.0038090347317391547,0.01171523307378658,0.0016382723150596534,0.006524504965079584,-0.17154769274304169,1.1168538442194633,1.3822782367164816,-0.8108609891631715
0.0038838902504086488,0.011889173504546963,0.0018180117578437249,0.00645710820999429,-0.18517544386808202,1.2398906685686564,1.3448888983784137,-0.9200243818627757
0.003972554569599109,0.012029587459904496,0.001982647569387257,0.006411829907981187,-0.19591631631107645,1.349750466925145,1.3206636628964699,-1.0124329389356266
0.004059323495759211,0.012180902055696968,0.0021537205686406103,0.0063482553036742,-0.2071311325955724,1.460629401097157,1.283354945024121,-1.1071283009996369
0.00415390878422009,0.012315885294215526,0.002319869584989181,0.006293747672150467,-0.21616899835121364,1.5656487234556165,1.2498396754371817,-1.193922143304006
0.0042570748285533835,0.012410939370625946,0.002469611341238052,0.00627222867559858,-0.22410196769964807,1.6592524643784607,1.2364217697155673,-1.2647438024288806
0.004420741713117797,0.012682961449004715,0.002778943681934692,0.006109857082265167,-0.2345544382193228,1.8413990833437826,1.1283060122895696,-1.4195762655409703
0.004311222186539646,0.012527730071421085,0.002588780636612799,0.006197123299148312,-0.22817235262209642,1.7307309966465192,1.187580249232868,-1.3272426478962431
0.005417873790960844,0.013926383778009626,0.004250165423351251,0.005071901638948439,-0.19868695411507634,2.5136226210216734,0.36732790486398986,-1.9596983954157605
0.00543460061454328,0.014097261748186693,0.004257894534241813,0.004862276330586093,-0.18374873542285328,2.4624200648342636,0.2483186961845614,-1.932956087969893
0.005267709651843196,0.013820093098171086,0.004064268868056987,0.0051716677487665405,-0.20843491413773169,2.4379627418948577,0.4543892776989674,-1.9068897586979838
0.005106554262958947,0.013751884783177754,0.0038661270061368584,0.0052137194380339905,-0.21150686587279563,2.3426333966270954,0.5068438829539706,-1.8422964508784665
0.004825699159016029,0.013290786846806022,0.003457239834130384,0.005657136095115755,-0.2349192674125575,2.1947460809387374,0.8114790304634701,-1.712973428436884
0.004932593371172967,0.01350013133914122,0.003629017667907629,0.005456794783588639,-0.22514326325426184,2.259960681430465,0.6756239242059038,-1.772686908290771
0.004841718116580961,0.013413563503150448,0.0035065533003061653,0.005524029407488983,-0.2293052449752954,2.2035301872846382,0.7271273932359745,-1.7298551439496737
0.004987898241945551,0.013708669272704414,0.0037231833497363602,0.005232296095814052,-0.2102167984739562,2.2713248110370605,0.5351268813212845,-1.7937181510525264
0.004920633932303313,0.013616329796795999,0.0036342838668637647,0.005319043294915489,-0.21828764898390202,2.24056284802059,0.5944544921660604,-1.7684459621041817
0.004576807824124235,0.012967814664044881,0.0030717777363938542,0.005900164220486308,-0.2380426143742198,2.0011322628501578,0.9852749337589282,-1.5568806365435797
0.004697079415474862,0.013227536301062078,0.003295160041723685,0.005674858840157283,-0.23295408493456363,2.1071622778688863,0.833754137238177,-1.652003288761377
0.00456420545958336,0.013145578158053534,0.003125623587497283,0.00570703412527477,-0.22995740506735016,2.016510290143412,0.8643569215188808,-1.5870088770555164
0.003342569236233637,0.01125985603896041,0.001043902802362079,0.006465318896574093,-0.12756813342961235,0.7094766126248504,1.2898735776118697,-0.48948351998847
0.007466384431502146,0.0158397272157684,0.005539007128075299,0.0023821513757611196,0.012115546334085523,1.9344133958245784,-1.2399024636267102,-1.4510000784718005
0.007509797807927887,0.015989650693382745,0.005431151607489431,0.002232755887933932,0.012482003115144986,1.813179516889982,-1.243997324298123,-1.3652348250671311
0.00727967895383222,0.01579728407511964,0.005416040526367182,0.002524079829672798,0.0010406335725070225,1.97345056139119,-1.139391717451154,-1.500149175361065
0.0060099446194653485,0.014689928569859609,0.004808438615616313,0.0041464936697394985,-0.1159466920358133,2.497820714316187,-0.24882937923517792,-1.9518214117109096
0.005877348140746842,0.014578801780393336,0.0046905594366130855,0.004291280880784763,-0.1309889946787852,2.4958021816406806,-0.14576494055955583,-1.9544945113019587
0.005738554210201911,0.014458538149535266,0.004559849295591297,0.004441088935821918,-0.14650284844590425,2.484982957396491,-0.037427313283683684,-1.950185950631919
0.005579061135589547,0.014378871298993698,0.004387166948324879,0.004533272502795845,-0.1561214061023255,2.43190885187776,0.048302311329674025,-1.9168961234528512
0.006762469666420731,0.015187890633170387,0.005403628381242075,0.003379302289058057,-0.0404094457964967,2.424039388765228,-0.7975399273830169,-1.855330622584678
0.006774855647450502,0.015403051036162891,0.005255676481726026,0.003141765612238944,-0.03511655524158607,2.2436961068449395,-0.8423814922637379,-1.7330468453799186
0.007084117055351069,0.015765687972687112,0.00526801848364867,0.002651999152073113,-0.01165803138442662,1.9929351865295057,-1.0327321767476734,-1.5347599373016265
0.00690089344622653,0.01570049512390434,0.005151621451088085,0.002795542795417411,-0.023027308243288604,2.028573367855938,-0.9367042761302796,-1.5751387989625274
0.006735712668023694,0.015601701432102473,0.005068886582458308,0.002957101858625411,-0.03355821470116912,2.0808890752679585,-0.8457963939084004,-1.6247442227104028
0.006591002684281071,0.015121321310215275,0.005257189600531858,0.00351461775182174,-0.05485512573295826,2.427798809971929,-0.6851984380923463,-1.8715366368119992
0.006444433928078157,0.015039394519325362,0.005142070131206375,0.003651864603396743,-0.0709329748643469,2.4408516781678924,-0.583674882397644,-1.891556558754041
0.00634071953459003,0.014936137047031558,0.005082478113235061,0.003797693691543316,-0.08084815529007051,2.4802885269834145,-0.497889392790706,-1.9244165942903824
0.006198894526905842,0.014899778492786021,0.0049355664742230555,0.0038695646003835947,-0.09408529812808177,2.443585274083445,-0.41687800648546963,-1.9093151257596876
0.006066845624033859,0.01483403794815609,0.004812736066219782,0.003968122998090205,-0.10471310804271752,2.429495670428992,-0.33515627951469074,-1.9048519315741679
0.005427284074639664,0.014293005512528326,0.004222697014475945,0.004625410453618101,-0.16722042033011172,2.379360802700466,0.12949804862838396,-1.8840266577874034
-0.00466802886584404,0.0125621281765899,-0.0029613617111590297,0.0063775990262749105,-0.25511465070918216,1.9603381272985698,-1.3026424005796677,-1.4645306350591294
-0.004696804216714214,0.012664494499953148,-0.0030515622828338968,0.006287132025674042,-0.2559414447287525,2.01181911448942,-1.2384636988383575,-1.5142444245449
-0.004703766752545763,0.012759946967722577,-0.003110682918823278,0.006188606811080326,-0.2539072778334277,2.042218021556057,-1.1704676376595404,-1.5496678838837952
-0.0044246932454502525,0.012249902105053723,-0.0025154528960374153,0.006525134335289907,-0.2339281241878532,1.6845956277412684,-1.4079054729804172,-1.2420733079264001
-0.004578195535175437,0.012530348750819393,-0.002849596020279233,0.006354112644349272,-0.2485730591217737,1.8904564389273326,-1.2888063377318695,-1.4190798645195206
-0.004528556749659036,0.012440369733337567,-0.0027434434762266774,0.006412617334832075,-0.24480239975010604,1.8262210402571595,-1.3300358378960713,-1.3639677465278945
-0.004450119540685969,0.012353171396149366,-0.0026105461975964744,0.00644594935688521,-0.23790061936088897,1.7445326222468887,-1.3536119843733823,-1.2991403716668433
-0.00419002867646346,0.01201587430890598,-0.0021417471664071743,0.006566191840437005,-0.20914472940375914,1.443875722976671,-1.431863612551134,-1.0561523092790763
-0.004330188283518754,0.012164540528224566,-0.0023694583022261916,0.00653761988072759,-0.2233177723737747,1.5913416729890708,-1.4159268040490192,-1.1710506864409636
-0.004271792704490603,0.012082541307040198,-0.0022588368008537476,0.006567798512403568,-0.21803065518810802,1.5206293718816497,-1.43487692935891,-1.1129330521034895
-0.005719225964195371,0.013685769991166248,-0.004660150294809109,0.005462064295820128,-0.2181839946549733,2.8585909302740116,-0.5355609600712259,-2.1549914813669884
-0.005627619906770226,0.013666335002948858,-0.0045311918695489515,0.005464814488451196,-0.2218087569998182,2.7791049149729523,-0.559234327628548,-2.1061359742879375
-0.005743037380599652,0.013760132352620774,-0.004691576013999507,0.005362268451183898,-0.20952177753187076,2.8492038055976114,-0.46485780970308427,-2.1548933998877016
-0.005840992230082366,0.013849150250981667,-0.0048234794913994275,0.00525552387836157,-0.1966413560378065,2.8974041001239104,-0.37088480022047093,-2.1890757866997723
-0.005773251721575251,0.013821124823151424,-0.004730065703413386,0.005282573870656184,-0.20263864645103963,2.848821954508529,-0.4067794161220249,-2.158470645061095
-0.005859171674239771,0.01392459141104139,-0.004839038326741922,0.005151180096758071,-0.18820298217036868,2.873320530721649,-0.3015770214471462,-2.1783297326823354
-0.005891732295398382,0.014000423799121033,-0.004871754794718393,0.005048593724975428,-0.17894901688097667,2.8587480681393767,-0.2311968048108142,-2.172570898821235
-0.004670988713125985,0.012829508734040047,-0.003110186762162056,0.0060954857174660565,-0.24840790419292227,2.035726565361728,-1.109322581970972,-1.5574739359914591
-0.005555679058326113,0.013618482563236332,-0.0044301749465656326,0.005510226665103043,-0.22738059730226623,2.7291461111459223,-0.6050591599911698,-2.0720405700589066
-0.005490788320912934,0.013572743102836694,-0.004338477850610583,0.005552424603457353,-0.23213399110756464,2.683850306864345,-0.6461646784185998,-2.0407279867841353
-0.005397082891535163,0.013457202478570844,-0.004198274149423648,0.005675298123745106,-0.24236185225931559,2.6264077024511376,-0.7452413364426062,-1.9948068670549783
-0.005436552348060428,0.013517980128979848,-0.004259544586762062,0.005608189552857366,-0.23738667742925443,2.6489948794724625,-0.6933100388888435,-2.0145199339175615
-0.005328331371084519,0.013454008301720645,-0.004107154870726519,0.0056541210678463325,-0.24109180003289393,2.5671314804995333,-0.7432571166020757,-1.9587871798410803
-0.0052357262157801945,0.013324828417676552,-0.003960676131446282,0.005784866713590961,-0.250305437865028,2.5041745379105453,-0.844446401176488,-1.9064519964005306
-0.005278410271523684,0.013406816896687487,-0.00403362094153492,0.005696573070782676,-0.24472860481157732,2.5313081198432514,-0.7792195566287244,-1.9320907547081798
-0.004914847352223694,0.012984497796230855,-0.0034534050984720353,0.006051184487303591,-0.25874929964359666,2.237057759300584,-1.0623400827620084,-1.7007161081626447
-0.004806440396627708,0.012951968540000445,-0.0033151785156839684,0.006032266401381158,-0.2533715299474615,2.152676975647905,-1.0578037844033856,-1.6459822066383012
-0.004684721405365537,0.012932044690491355,-0.0031717588581395132,0.005991990336722312,-0.24642214539200055,2.06541477601835,-1.0391250022678291,-1.5905779345973239
-0.005101874607489251,0.01319607202177766,-0.003756226590699084,0.005888299385352102,-0.2555700119641578,2.398442235052632,-0.9319376261207584,-1.8270139657369042
-0.005141651086484119,0.013300225713838057,-0.0038356593432188513,0.005776495478693432,-0.24944591443654793,2.4273362537131042,-0.8530798686350983,-1.857314543775489
-0.0049446729632768435,0.01308465259352056,-0.003527963317226254,0.005948764050902554,-0.25464589328332266,2.269714347103965,-0.9900448302432668,-1.7346222943602572
-0.004998533737018034,0.013171816140305374,-0.0036225423455044864,0.005870416111230955,-0.25251830116622537,2.3155490240251013,-0.9318612597945973,-1.774196597163289
-0.006550303118382304,0.014423281909480718,-0.005652138344506319,0.004420126837623121,-0.08779927121714765,3.0642465935843823,0.3596089204886338,-2.2809682429949767
-0.006621281523422534,0.014431374183131396,-0.005749749092769699,0.004393394459858987,-0.07840227640997656,3.109194226763436,0.40843404073361345,-2.302959685386521
-0.00675908622563872,0.014458894612998726,-0.005932567559502393,0.004317752071444212,-0.05819010332368817,3.18083273209696,0.5174105332843775,-2.3340889325562064
-0.00669451743240605,0.014453507477362557,-0.005841921619097859,0.004343424536204046,-0.06757163010261541,3.1393776775736835,0.4697248166305568,-2.3150694137700047
-0.006797355530636319,0.014516218618667337,-0.0059472368903729905,0.004222747475889427,-0.051023373926780205,3.139606836401989,0.5777198630544165,-2.305401914594374
-0.0068399525849804285,0.014583287078570173,-0.0059582221048619525,0.004112835487550405,-0.04388208549803988,3.087820321208294,0.6431942926807307,-2.269441077246636
-0.006819086049365361,0.014664074421323706,-0.005868106070935908,0.004007771231247569,-0.04469913533386833,2.9795790598604257,0.6668604394239644,-2.2053894505022735
-0.0059401504534079014,0.014080979260323256,-0.004922123008331766,0.004940611218124182,-0.16904004299076988,2.851162236202484,-0.1543140764899905,-2.170120711643093
-0.006094891036822603,0.01412161028380648,-0.0051298457936766765,0.004891587799185165,-0.15502336967377864,2.955813449249081,-0.07378573561496271,-2.2318817812503977
-0.006015153750559625,0.014115100092528619,-0.005018503068560714,0.004897566025635996,-0.16096880147325263,2.8922545071187744,-0.10520841901459886,-2.194787316512819
-0.006188116773411715,0.014274516933044764,-0.0052089756258952525,0.004674097567899309,-0.13506631774968347,2.917271778954702,0.07640086594900064,-2.2087387455494567
-0.006134219438018737,0.01419254754016974,-0.005162776097919513,0.004791059317031,-0.14631459566054653,2.936549654503157,-0.00447567302107551,-2.2207536337319045
-0.006147415084642886,0.014256145606271428,-0.0051588059450674035,0.004701257827560137,-0.1397788697553254,2.8992996318034203,0.04692485202733667,-2.1987994831589246
-0.006380296026021712,0.014312368041622399,-0.00546613500646195,0.004606002268882453,-0.11393570118923786,3.039314832955384,0.19154713949216418,-2.275421133874327
-0.006429967359985403,0.014381442354431822,-0.0055028228143036255,0.004500551435536401,-0.10408653908456357,3.0135068240752,0.26496627339570716,-2.2575848779724876
-0.006486559811379249,0.014455075015051198,-0.005543248735915126,0.004386972577347791,-0.09362148641219734,2.9849350015526883,0.34308186277650327,-2.2370045331194546
-0.006297345994938677,0.014319573928976688,-0.005344142095241758,0.004603672808605158,-0.12165653184691867,2.9663068253796205,0.15652454637478988,-2.235025359568198
-0.006217987723550503,0.014322993247624531,-0.0052311723398898455,0.00460479940523227,-0.12845955343237647,2.9012743541018344,0.12299717677473822,-2.198466614395676
-0.007107103117315255,0.014712995578659925,-0.006222674570844539,0.003820050597201558,-0.0033867265365525624,3.0755010352515804,0.9084534415079973,-2.2274989007138433
-0.006871776525121819,0.014719797133038543,-0.005896728899816645,0.003912823831913321,-0.03659693322939978,2.9445243944984543,0.7284474565536277,-2.1777198025573115
-0.006939982633314098,0.014706667490710987,-0.005999616821518594,0.0039037142126429674,-0.028494152324836382,2.997145078973215,0.7728185551895356,-2.2023699567416237
-0.007042253544932777,0.014722842066484887,-0.00612518397620941,0.0038372436133378737,-0.013526710753683507,3.0302915638531434,0.8586739665327628,-2.209360998975013
-0.006986859518418296,0.014731974017413708,-0.006042141087614779,0.003849585797934678,-0.02099966510777198,2.990563237112491,0.818444810565041,-2.192393695705959
-0.007148283741529493,0.014754890929569263,-0.006240068611121388,0.003742368170084836,0.0021078974339121814,3.0396255973467787,0.9566490564511584,-2.199500770531259
-0.007926595751123158,0.01491204873541565,-0.007065492071838709,0.0029798196965593235,0.11794217345715892,2.9973372237753764,1.7237478047349495,-2.001543824287871
-0.007963620420320885,0.014943073076633126,-0.007066710425217734,0.0029084015920920717,0.11986202806928041,2.94621370882469,1.7568426721103794,-1.9617088728305365
-0.008063801331276897,0.014970077999570704,-0.0071441635247913296,0.002780323176469836,0.1318797834202644,2.894546945739122,1.8544419932663128,-1.9011082402640196
-0.008083579312836334,0.015014372047734691,-0.007103051809783913,0.00271128435211972,0.12877615516240923,2.8217157444774554,1.862520429837592,-1.854599427628463
-0.00800699086768013,0.01497273989365876,-0.007075760890415706,0.0028327652934961958,0.12269295412850603,2.8959342058040494,1.795308094302157,-1.9202809378404164
-0.007262066389885133,0.014770067767473463,-0.006379005958777627,0.0036603364243477433,0.01968064815989747,3.0684131341335985,1.0597395181644955,-2.1982612263502452
-0.007196618697670226,0.014796875912471754,-0.006265090527893203,0.003660666488915412,0.00843861811717448,3.0049125092986197,1.0097624725666832,-2.1708375782225517
-0.007325550095151267,0.014811407583351803,-0.006421795387733563,0.0035678329295441677,0.02800772980705851,3.0353957212541833,1.1261410563254488,-2.1672968352820914
-0.0073732771611019505,0.014872777812892386,-0.006420067073514057,0.003458265590648375,0.03249641924588703,2.965815021951266,1.180479252317902,-2.116603118247142
-0.007437128365071377,0.014899034846941397,-0.0064737081029967005,0.0033835851419335605,0.041107255231637,2.9476260937541796,1.241604286583459,-2.0934310044928
-0.007629364525575918,0.014904677640790757,-0.006709940501440421,0.0032398987500721695,0.07063625485461301,2.9822421491360918,1.4228860257383504,-2.0726799387227213
-0.007499341818640141,0.014908313224754081,-0.006542247270171051,0.0033298220794211694,0.05010835053521506,2.9502463117281557,1.2995278051500145,-2.082492316355705
-0.0075647351150815514,0.014910111953191342,-0.006622500695177222,0.0032811772627913452,0.060013791834142675,2.96195781345514,1.3609079203986816,-2.0755111138198514
-0.007793587878413753,0.014922758367178959,-0.00689046628372283,0.00308517637209982,0.0951150602334504,2.975291051967051,1.5852690526826514,-2.027382877145772
-0.007739313312525972,0.014939119966918421,-0.006803575054434193,0.003110520577672362,0.0848797669394852,2.9453922702061637,1.5299789658020622,-2.02438819703565
-0.007676705755235005,0.014944073133231312,-0.006721027531552669,0.0031545985500521863,0.07464056586168412,2.9309268354643456,1.468548096444739,-2.03151979427717
-0.007881208704349378,0.014936616276840911,-0.006977984664124728,0.00299189656248286,0.10759573251163858,2.9575589418551274,1.6729569930125041,-1.9927954843627813
-0.007829477054148994,0.014960188264860086,-0.006885253099432075,0.0030093331921717584,0.09684105239861597,2.9190907837631532,1.6176690763095285,-1.985526676254931
-0.008207203754145619,0.015034576966958826,-0.007206884962784301,0.002563177674703415,0.1436055785890433,2.7663532347459525,1.9800739020170004,-1.7821664072530525
-0.008161178409095254,0.015041763309407184,-0.007147624883396938,0.002603373922822283,0.13588109829090092,2.7653017717784207,1.93159225644435,-1.7977934478056168
-0.008107084624381389,0.015050895428516472,-0.007076648533818436,0.0026482203388631096,0.12718228122890027,2.761318371544354,1.8749992622635097,-1.8138451795183677
-0.008238155206432505,0.015064745816228454,-0.007194292250175931,0.002499152830513619,0.14304102417180578,2.7116544999249785,1.9993310068392012,-1.741745443591318
-0.00854301066069462,0.015085149286358674,-0.007457091514118539,0.0021341819454818276,0.1785708918046084,2.5665527132465034,2.2851544637918297,-1.5437050833557768
-0.008579240802445293,0.015116424149856204,-0.007438324085921708,0.0020628201333213,0.17668223377289882,2.5012397195338494,2.3000515356070426,-1.4953339377957198
-0.008499987172869022,0.01509544869226856,-0.007401483578729989,0.002176129358333667,0.17142057940980268,2.5709995274696467,2.2382935856374355,-1.5650680586397987
-0.00827462161251691,0.015090400481578808,-0.007193072327048741,0.0024343482736102016,0.1441285608877163,2.6622149072902506,2.024447210975372,-1.7021793213889767
-0.00831649186444176,0.015065429970372335,-0.007272677534261485,0.0024139863672598045,0.1534566109981793,2.6879577766431737,2.075990513374674,-1.7000174358433953
-0.00834937646600928,0.01508901365267995,-0.007269126949617301,0.0023544247757402623,0.15380946324527447,2.6407598569673714,2.0972839980342433,-1.6626570568903671
-0.008458690686326575,0.015098113740834654,-0.007359189166457349,0.002221923681740437,0.16599666905139568,2.5849607085735795,2.197579660687415,-1.5897612715190517
-0.008417318955220646,0.015096050295196173,-0.007323592824551318,0.00227135924259545,0.1611175026100242,2.604937842319391,2.159199750385883,-1.617091100220968
-0.008379910582153803,0.0151064643041481,-0.007271853808577354,0.002303627442858901,0.15489190901337166,2.6034654899451217,2.1182808609396186,-1.63132071079073
-0.010121967403471432,0.01517773135074166,-0.007978955529863633,-1.8823664979782367E-4,0.23101724797835757,0.942197456165279,3.1311939493263012,0.13713620122999268
-0.010151150286338829,0.015180984309296208,-0.007970209697258692,-2.3279312299113105E-4,0.2294960199392376,0.9032447973843712,3.1298665991550494,0.17213941659709364
-0.010177138087114977,0.015181293543519454,-0.007966870184385627,-2.726370616592904E-4,0.22910326779933982,0.8703682757421166,3.1313856658641464,0.20360232726403088
-0.010221292464956372,0.015188200090201828,-0.007948090526225715,-3.392652191681422E-4,0.22640559345811576,0.8101934593012169,3.1250194468142567,0.25579918750466085
-0.010195779961532685,0.015193354333026257,-0.007941786675040812,-2.9967290711826447E-4,0.22567102851208537,0.8388962304507082,3.117597653565395,0.22414230274100572
-0.010282724689428905,0.015175590720939939,-0.00796183383357916,-4.3512126371302403E-4,0.22724322635270047,0.740184861292211,3.1413927606250946,0.33279675392852615
-0.010252458003358023,0.015181674584514587,-0.00795562441547267,-3.8782580665928544E-4,0.22672176173387057,0.7749044905545416,3.133800506123279,0.2948106765637362
-0.010300254271496499,0.015194563044848203,-0.007922753662061174,-4.5817300619157804E-4,0.22253327930047848,0.7069110722882231,3.1177002314045117,0.34929213011260474
-0.010408292848069932,0.015212913382879263,-0.007863878688775187,-6.161009722840755E-4,0.2149962337581722,0.5617292447504002,3.0890935134122475,0.4721785581540579
-0.010383975388477377,0.015201355316585813,-0.007891533260238745,-5.82745805734285E-4,0.21833858850315907,0.5979838796514677,3.1052307737157667,0.4469879559031432
-0.010327047300687854,0.015197416544058671,-0.007911957915391602,-4.980685697648286E-4,0.2211245752911082,0.6715852170198514,3.1134285265920147,0.38057472117441876
-0.010357887477917258,0.015202940392405008,-0.007894819632576057,-5.432395178128993E-4,0.2186934757147063,0.6298518165407856,3.10510160599446,0.4157113985246161
-0.009841972703964322,0.015204309657905368,-0.0079240077542657,2.4000373196000785E-4,0.2284025634456244,1.2621390094504463,3.0437156677582444,-0.20009912805846206
-0.009817899136340114,0.015230897888025383,-0.007871183893660786,2.732242171185066E-4,0.2225122874674774,1.2665952511475471,3.0056236178798534,-0.22655702583658785
-0.009873945606930888,0.015211936457104577,-0.00791275743121756,1.907661147822106E-4,0.2265931674466901,1.2177964901944855,3.0436378363754684,-0.16205583837387083
-0.009907372931125941,0.015215487380850344,-0.007908631075173075,1.3986954734198463E-4,0.22562309818166507,1.175240436623267,3.0479932837709893,-0.12255580661573805
-0.009940911780643723,0.015213209910729428,-0.007914757921205504,8.915637646341133E-5,0.22586897660386182,1.1371773321961947,3.058532014226493,-0.08291366158975667
-0.00997093095295014,0.015202748967396276,-0.007935532722351405,4.3848704426036434E-5,0.22794776402811248,1.1095382233121092,3.0774492861001934,-0.047016183783146155
-0.009758478487345415,0.015242692013598326,-0.007840688356059484,3.602552306855733E-4,0.21971047795830126,1.3237130707646296,2.9732058433935014,-0.29393005693026514
-0.009790656094014057,0.015258251966780156,-0.007816638241900915,3.101953910368022E-4,0.21630821383677842,1.2736770837312426,2.9660022896873097,-0.25583026143683346
-0.010029398294150066,0.015235731921938453,-0.007873706311672403,-4.478908402549228E-5,0.22002708097646906,1.0136432060778018,3.0487518990858855,0.020805866905551338
-0.009997785318571407,0.015222036212717996,-0.007899531630431585,2.7996955684666564E-6,0.22334175912752438,1.061928415804209,3.059546278329302,-0.015779110106020122
-0.0101025914089296,0.015202970735000744,-0.007932458704509078,-1.5679180046327478E-4,0.2259282275633652,0.9482934724551261,3.0981192621046656,0.11067078660907788
-0.010083462350034562,0.015227987001281675,-0.007886481594825129,-1.2640993516310005E-4,0.22090683228958816,0.9540842661316645,3.0656950594969614,0.08512176947217086
-0.010057634055262932,0.015242448646928627,-0.00786050629876241,-8.700153305522748E-5,0.21811455083602033,0.974923192967931,3.0450429582491774,0.05345338232114115
-0.009275629596410605,0.01522673995226182,-0.007717723503220955,0.0010678437477384074,0.2102727317212932,1.8408618667751868,2.7579977735907986,-0.8231056845579117
-0.009167552852412502,0.015211072375194952,-0.007691871807449687,0.0012268854564685039,0.2079271918977352,1.9573862759153553,2.703144491910409,-0.9374489196204098
-0.009183522630668076,0.015235888445362425,-0.007656151740506964,0.0011917793024921752,0.20339032141292135,1.9128284418786101,2.6906577237544806,-0.9108339283330713
-0.009212121740957318,0.015238486089801412,-0.007666070399264653,0.0011509437334204333,0.20466247786958644,1.8844788728600008,2.7068066283231,-0.8817251205971965
-0.009243619698844043,0.015243742006297948,-0.007672149112900281,0.0011046409275307096,0.20498211591659476,1.8500070286510444,2.721786666663696,-0.8483982654445585
-0.008869239980230285,0.015122605856717259,-0.007660006482593657,0.001689202951511185,0.20490237025027122,2.314725400910443,2.5529747615154537,-1.2620932648758878
-0.008897725076288467,0.015124779684202203,-0.0076766810025035385,0.001649533225014006,0.20732666815260664,2.2909863922836187,2.575072754226223,-1.2357029533192965
-0.008996881185226492,0.015174253662995038,-0.007656932691014653,0.001482509751890115,0.20455307767069533,2.147004310785355,2.6129902785961536,-1.117767921937008
-0.008965071075580972,0.015148778252647618,-0.007680920432435622,0.0015422038106490653,0.2075884251952931,2.206372617990421,2.609850830920958,-1.1609583277528188
-0.008923448044870294,0.01514072063447216,-0.007666817364041372,0.0016038330694337982,0.2058540990088711,2.249195617866097,2.583175518463633,-1.2031475196957644
-0.009091177160732914,0.0151833967616725,-0.007698499886877695,0.0013480529651182776,0.20913756786757334,2.0581693395084346,2.6751588282293177,-1.0245453196753749
-0.009136448027572883,0.015217845906886573,-0.007663025056583833,0.0012662083543407835,0.2044301825771108,1.9758206265738287,2.6756983099319007,-0.9645530685772298
-0.009106812108351413,0.015210293736481107,-0.007659836193774324,0.0013110718243889289,0.20438938930350276,2.0103873036035464,2.6619884176133435,-0.9964380227720353
-0.009057526737141362,0.015190997853750946,-0.007665113016334658,0.0013897308954507461,0.20532041928244957,2.0761614406767355,2.6438034685863987,-1.0526976687381746
-0.00902311937084581,0.0151930484438943,-0.007640513385359237,0.0014352035727411769,0.2022457332998048,2.1011629777161946,2.6165772260553557,-1.0835527821035313
-0.00880903645127141,0.015128295982878341,-0.0076055624759483855,0.0017643087039633312,0.19833214460343018,2.348058036771649,2.4972249935182087,-1.3098761994823567
-0.008842444761354252,0.015147979608452029,-0.007596642978318254,0.0017060583439211243,0.1973399883062327,2.2970581964405103,2.5104065129945763,-1.2692963273773863
-0.008572433373127747,0.015163617501922152,-0.007356365704281721,0.0020302958338346212,0.1673431656922921,2.435134662248266,2.26490812773936,-1.4661280210923529
-0.008700929665337899,0.015129648554008758,-0.007518714591783716,0.0019017115921756127,0.18736147714927198,2.414366392068255,2.4015722122759606,-1.3960290311352639
-0.008651884341005925,0.01516286850697292,-0.007423947021395661,0.001935426177441059,0.17591988293992988,2.394412774246707,2.33581142444801,-1.410338898106432
-0.008608780326878517,0.015188871281530233,-0.007346438852391294,0.001965971418689007,0.16674478244340388,2.380464202024617,2.2814536851291503,-1.4232785675610244
-0.008773500298289947,0.01514776821330593,-0.007545397325028778,0.001795392626900385,0.19094826610766644,2.343294598245917,2.452094046576508,-1.3265811902249425
-0.008733721392105124,0.015165184504603864,-0.007485466416618338,0.001832333764303024,0.18362941491303134,2.3433419006923475,2.405367445934963,-1.34683991546263
-0.009307663608625874,0.015245757313645511,-0.0076980748639505076,0.0010141151417206616,0.20759822936669617,1.7887955815045802,2.758766289033351,-0.7833349495971436
-0.00941200119404615,0.01525006959717757,-0.007733119773480791,8.644478603060903E-4,0.21078078795418054,1.6837479319808895,2.8133055487312255,-0.6740186769712028
-0.009343298821614422,0.015262557607461787,-0.007683249260416383,9.567970060181813E-4,0.20552472403087915,1.736123690621193,2.7628799614192343,-0.7409863391911798
-0.00937925381997787,0.015279210204037788,-0.007667989019530677,8.995622054787054E-4,0.20342333661914055,1.6835355072964104,2.76631760011959,-0.6986344632279899
-0.009448522375862077,0.015264516045252894,-0.007720307882779145,8.070182957028825E-4,0.20884390903009345,1.6318774034357946,2.8176158874866943,-0.6311859934839886
-0.00951491856054853,0.015253036207724729,-0.007763414288264777,7.154475783498856E-4,0.213375078281802,1.576876906055116,2.8624969363937596,-0.5634569507558473
-0.009485212512453876,0.015280660369938248,-0.007703627950228422,7.491944954521038E-4,0.20655198245558717,1.5783009789040074,2.819284263910865,-0.5880003041409488
-0.009721454669560715,0.015263167839442822,-0.0077963453377503595,4.114538073350661E-4,0.21475766514905098,1.346335740381319,2.937435187506039,-0.3335662985192402
-0.009693459756936758,0.015292201415076045,-0.007737693209676276,4.4673871503173E-4,0.20845120127015776,1.3504096348086079,2.8954840459708726,-0.3607966736320437
-0.00954987478857946,0.01526716951463801,-0.007748191925633992,6.60667700298964E-4,0.21078677637484233,1.5261834472791043,2.8637348987110056,-0.5222319997329508
-0.00958386649428993,0.015267075382815432,-0.007757908483714405,6.114762686887998E-4,0.21211906002107286,1.4907860256024215,2.878882524574122,-0.4853252747649215
-0.009615885478193356,0.015279657071167532,-0.007743214233219,5.618522619672267E-4,0.20975022544125171,1.4447294466978577,2.8789659159901464,-0.44784774652757
-0.009656203368926272,0.015298822991451926,-0.007717790083816247,4.991506046421369E-4,0.20634959616864254,1.384085803103328,2.8744712208842387,-0.40056075817690673
-0.011039242485404529,0.01503057477168355,-0.007895812315745173,-0.0016309980002515094,0.21825514677354133,-0.1897001454141584,3.1118530933223525,1.2943162848034244
-0.011021044943322764,0.015049120807818974,-0.007875172984045135,-0.0015923495275540023,0.2158506469819004,-0.1683896045416617,3.0993779791136005,1.2607064824741572
-0.010993433069159496,0.015055733614696438,-0.007881838881464973,-0.0015485783216652794,0.21633184921195442,-0.13423046171273081,3.1057350629038862,1.2257258863106284
-0.010965927487384713,0.015073650226946922,-0.007867590945574904,-0.0014976497796073808,0.2145395146423284,-0.10169200859645446,3.09786979213121,1.1829030570442944
-0.010870584601541727,0.015075541977985017,-0.007922362467968591,-0.0013587602623131771,0.21999871096222004,0.01935711951325755,3.1388782441769467,1.0750667352690584
-0.010930813565627391,0.015071791244450903,-0.00789300825467064,-0.001448420902649449,0.21711915335160747,-0.05702161222029429,3.116709238030975,1.1453093204793
-0.010898728875840145,0.01507638202513468,-0.007904228373674728,-0.0013992259841309038,0.21816071005786683,-0.016892379003617574,3.125653225827657,1.1063587234675631
-0.01085524843148472,0.015098703535245596,-0.007889040476831094,-0.0013231461484536529,0.2163735094603724,0.03432556526350239,3.11700026379151,1.0431582307040126
-0.010836566060821057,0.015121936477379071,-0.007857365988585467,-0.0012831785659616916,0.21286440308401608,0.053197018309615644,3.0963181503604074,1.008001824409927
-0.011065229311412714,0.015033075355436042,-0.007873087405343567,-0.0016661201164661786,0.2160494447777019,-0.2227159546817145,3.094528968231501,1.3206427738386728
-0.011092364883308177,0.015023056762932118,-0.007871360683577399,-0.0017116014458108974,0.21623339651282852,-0.25617404825279205,3.09100042343195,1.3575248650940268
-0.01108620333355797,0.015048189788510693,-0.007831390536806652,-0.0016848142977711731,0.2119108472336763,-0.24969432074010395,3.0648664050134617,1.331432207623372
-0.011120717769740619,0.015025383598015765,-0.007846377891739016,-0.001749610558296464,0.21388574198743474,-0.2916227487056379,3.071613106436517,1.3858263864761327
-0.011146576002724375,0.015023791300175345,-0.007829765513729388,-0.0017867339604938249,0.21239429615382188,-0.3235335042024377,3.0579320718674263,1.4142369397185435
-0.01116816262666681,0.015011668806530565,-0.007834427452576535,-0.0018258911499277207,0.21336505195526853,-0.3500393593815824,3.0586852788068684,1.4466068821746474
-0.011192601229492526,0.015019288612780284,-0.007802104686217206,-0.001853531205623831,0.21021797735971262,-0.3798918748092229,3.0344078031348647,1.4654970720905725
-0.011219719161023286,0.01502115193926287,-0.007777431465565127,-0.0018889508011854697,0.20811962226623512,-0.41259079774114454,3.0148163047265233,1.491409035742984
-0.011247558662178192,0.015021287625706438,-0.00775478433375732,-0.001926357940672332,0.20626241959451194,-0.4459237100226887,2.996305522463342,1.519162010408088
-0.010817868331783933,0.015143758678993383,-0.007828083924694381,-0.001244498219756011,0.20983221401472257,0.07197485717825328,3.0772224050890737,0.9742866197116902
-0.010726695128114966,0.015148922201660035,-0.007864476749965363,-0.0011098425356510493,0.21349111014064134,0.18527506639153643,3.102306513395376,0.8684709028874927
-0.010701219281155583,0.015149265905420168,-0.007875722529834475,-0.001072419530403223,0.2148043756440718,0.21744078050183377,3.109642917513796,0.8390819173530664
-0.010755270418094856,0.01514991018897735,-0.007848898894686223,-0.0011509650417532112,0.21195627058505084,0.14892193616095947,3.0918868589639317,0.9004940325160664
-0.010787236069701393,0.015148921510460437,-0.007834702355007326,-0.0011976929625178805,0.21020542055461675,0.10909292823727547,3.08216202519507,0.9370686170422392
-0.010683903043898204,0.01516599330407977,-0.00785298254252082,-0.001039540077285582,0.21235234127426578,0.23421680532658606,3.094332166599267,0.8109010062636217
-0.010478672756841936,0.015155810911771922,-0.007949909831650781,-7.38134282558466E-4,0.22403518623173305,0.4995962824177009,3.1508986903840324,0.5748938339633529
-0.0105364070690017,0.01514350746536357,-0.007953534024523883,-8.294850791198807E-4,0.22415638452843625,0.4306001547876623,3.1566162966289664,0.6486200456512646
-0.0105088618665415,0.01515376042193313,-0.00794390029507658,-7.843789251415148E-4,0.2230811063294599,0.4616714719598516,3.1487321933397863,0.6117232837231105
-0.01056277085731198,0.015156636280716103,-0.007919489448310607,-8.643047166231312E-4,0.22009656383563048,0.39127241245596706,3.135216756070695,0.6744936850844024
-0.010592681839902621,0.015161205522121425,-0.007899690954320164,-9.071386778775034E-4,0.21779270067056475,0.35135783168827445,3.1232404330076418,0.7076168469663601
-0.0106562314304395,0.015166721988224968,-0.007863675706599576,-9.986995178717995E-4,0.21351676001295708,0.2688291491513848,3.1010217773307773,0.7788347379349188
-0.010623473783660013,0.015164489233458906,-0.00788140477354683,-9.51438850754352E-4,0.21570429978985792,0.31100069931085245,3.1120315102035168,0.7420244013613385
-0.01046071908788642,0.015185693950141618,-0.007899661684531628,-7.01931789398662E-4,0.21850853793352512,0.5087740655196682,3.1164101907338835,0.542769221334182
-0.010440293350151892,0.015217061205632756,-0.007847529008936103,-6.624395192122413E-4,0.2130144521207584,0.5198698687536858,3.0807399732807466,0.5082743919942444
-0.012771316304873213,0.014161707094251574,-0.006936061321117009,-0.004618777346235068,0.242917049501396,-2.2393304564125374,1.8756728861168324,3.495580078506497
-0.012758228099060338,0.01417039299749484,-0.0069505531868604255,-0.004596940679880487,0.24120758253349858,-2.2272987788164302,1.8933809083598483,3.4831683786993164
-0.012772618104632302,0.014177693549198879,-0.0069186300652274504,-0.004591647161037483,0.2353707539338429,-2.2243189029327977,1.8743293568792094,3.4658423303046892
-0.012759434183135685,0.014186360854254438,-0.006933121346516168,-0.004569908648997041,0.2350802590626959,-2.212305493411591,1.8918453711839864,3.4535514643058476
-0.012760801882865574,0.014202583321494848,-0.006915696958391418,-0.004543102304531861,0.23398607639626443,-2.1995425064644074,1.8837266233664078,3.427241357301039
-0.012823394270911457,0.014126553621484204,-0.006877471022168583,-0.004705576118935587,0.2450460765297506,-2.286200732574035,1.8044324777692313,3.544222714194318
-0.012837748070831325,0.014133569830438807,-0.00684592424608758,-0.004699769010713673,0.2375994547772857,-2.282841452494203,1.7857662729238426,3.5262071372855175
-0.01281041626989777,0.01413540329229132,-0.006892205067968299,-0.004683968878420852,0.2458695639254391,-2.274624404912361,1.8222898313487101,3.5323189896017033
-0.01282479053096063,0.014142434046412586,-0.006860615424817977,-0.004678310729407167,0.23685052446763002,-2.2714085519026206,1.803615967408655,3.514416170360328
-0.012797410521339082,0.014144212153727343,-0.006906876634207759,-0.004662307258677197,0.24614033976846886,-2.262969491644361,1.8400917259166842,3.5202327114574374
-0.012811827549397498,0.014151286388604176,-0.0068751785159544805,-0.004656767835678678,0.23605491736463033,-2.259831620539108,1.8213823035300478,3.5024416343189544
-0.012784377156011453,0.014152980117106462,-0.00692149643924288,-0.004640575235808069,0.24506300317549976,-2.251215465684165,1.8578878269113897,3.507963370560945
-0.012798826616104793,0.0141601338254643,-0.006889659603545185,-0.004635116783202299,0.23552981833950845,-2.248104996936639,1.83908755455218,3.490307247502122
-0.012785758165876937,0.014168949052366672,-0.006904129900753605,-0.00461338995218208,0.23537456286524994,-2.236254893814412,1.8567383317475887,3.4780864156109996
-0.012917045539835836,0.01409585835917108,-0.006739508184218763,-0.004799816519308543,0.23939022945034785,-2.335506338539798,1.670468692202195,3.5670541766720336
-0.012904059767172689,0.01410477525539528,-0.006754932246375626,-0.00477898234989864,0.2389332277354285,-2.324935878144671,1.6888755142752354,3.5563895481914414
-0.012891129191436238,0.014113784618758153,-0.006770037386134205,-0.004757898705955561,0.23856026212852502,-2.3141526437400888,1.7070653610857318,3.545361856355001
-0.01287822654334315,0.014122891857111694,-0.006784862056297045,-0.004736549387854518,0.23814279190386853,-2.3031519808944125,1.7250640146078664,3.533978400045935
-0.012865279609107556,0.014131949210717363,-0.006799653705629834,-0.004715163758570747,0.2376390595151396,-2.292044847685505,1.7430045571318076,3.522505402807998
-0.012852291218359875,0.014140859976546257,-0.0068144921936722285,-0.00469391013473261,0.23713370339378567,-2.2809123259214577,1.7609116109315526,3.511097342187053
-0.01297691904442294,0.014017207114769163,-0.006695246085089627,-0.004961424965551177,0.2500412901871907,-2.416471397735652,1.583356840128254,3.6782961979124873
-0.012978891724654608,0.014033076497829833,-0.006679357136726524,-0.004933429185872275,0.2431792509126218,-2.401390449770432,1.5841390064889331,3.6484648374745476
-0.013089297407978533,0.013931442677320518,-0.006552274047349704,-0.005148762918630096,0.2578580495350157,-2.502682403814116,1.4106369609218747,3.7678275603162263
-0.013076931244923862,0.013941128533048788,-0.00656841082191819,-0.005128160774509878,0.2575506951916103,-2.4936044260326717,1.4300298084307235,3.758337668690762
-0.013091781907746172,0.013947199278447992,-0.006537105355148406,-0.005120358752654022,0.24779585749631725,-2.4879354194907077,1.4129535114056624,3.7377402432061833
-0.013064534716697497,0.013950775489717907,-0.006584493949383937,-0.005107493714853731,0.25641426791376787,-2.4844235458752166,1.4494089035081457,3.748689460178683
-0.013079414446513655,0.013956918548723427,-0.006553062076266508,-0.005099764898602117,0.24718733833881476,-2.478783226999173,1.4322043623326568,3.728231664461441
-0.012989524709198896,0.014007835078080092,-0.006679635931445448,-0.004982420948097937,0.24983874122587826,-2.426606424047115,1.5644867276967294,3.688621170646128
-0.012991580398443217,0.014023715220456465,-0.006663751789312299,-0.004954368449325321,0.24409230297152962,-2.4114519999470363,1.5653559422380943,3.658831550847984
-0.013002100865175385,0.01399842348874068,-0.006663939622506265,-0.005003395004713337,0.2513026449604565,-2.436600794632125,1.5454853652804168,3.6988848619598245
-0.013004263866317771,0.014014321790865024,-0.00664803503792974,-0.004975249393507977,0.24457059995982644,-2.421387869649546,1.5464971506552787,3.669026982510587
-0.013014647389398242,0.013988972438811073,-0.006648175388158789,-0.005024322584636855,0.2528215991921387,-2.446438439624347,1.5263976606595737,3.709074929681717
-0.013016904030242435,0.01400486462112425,-0.006632293412022933,-0.004996116773237234,0.2448272138298844,-2.4312311148143344,1.5275811371912444,3.6791462111831588
-0.013052107945002958,0.01396038345265327,-0.006600516820675532,-0.005086770141927762,0.2550300048178521,-2.475122860472578,1.46875803813115,3.738930252951631
-0.013066997431052253,0.013966598387170917,-0.006568987282299232,-0.0050791192716097095,0.2467546443232345,-2.4695048616718727,1.4513990936645762,3.718623527194089
-0.013039651051762193,0.01396995232761314,-0.006616470905262239,-0.00506600104368513,0.2540269521016886,-2.465692140493193,1.4880453366136888,3.7290854660120503
-0.013054530079849047,0.013976227287931344,-0.006584890284878852,-0.00505844036791898,0.24633256701380404,-2.4601123803075278,1.4705348682970154,3.708929023239721
-0.013027164159111645,0.01397948202078988,-0.006632354550863186,-0.00504518853739664,0.25350913702595806,-2.4561311025108674,1.5072546673657197,3.71914299686472
-0.013042024314676942,0.013985808164444552,-0.006600748887403854,-0.005037724727537372,0.24580761773148394,-2.4506055913314237,1.4896074929957688,3.6991281492689754
-0.013029486292382366,0.013995353259078346,-0.0066165438320845505,-0.005016952322016949,0.24523863163104198,-2.440977373095604,1.508619418637548,3.689196246840494
-0.012930026758040355,0.014086844055693945,-0.0067240260491678834,-0.004820708081498227,0.2399847741492139,-2.3460099885981305,1.6519744684976587,3.577683579769861
-0.012942929661217767,0.014077620029505427,-0.006708701948426273,-0.004841828218471625,0.24064152699017213,-2.3565303989731525,1.633516766720802,3.5884887059725123
-0.012955712611777121,0.014068227517043265,-0.006693571314224079,-0.004863093408380484,0.24127569912721333,-2.3670280060910134,1.6151441196078615,3.5994183790128385
-0.01296838352743434,0.014058744495577835,-0.0066785562736004405,-0.004884372879440469,0.2418339840083212,-2.377441256931792,1.5968260790098634,3.6103449525192643
-0.012981024642143048,0.014049267101515488,-0.00666343745862294,-0.004905526565389593,0.242287830560072,-2.387703182864124,1.5784221705959613,3.621082313263089
-0.012614215060297014,0.014295589251860209,-0.00706810025445567,-0.004301483057403393,0.22987706598937804,-2.0609096518114467,2.0689660542635733,3.2846118762258065
-0.012627683748356537,0.014287261646825568,-0.007054659024158104,-0.00432380492334962,0.2302383233747153,-2.074099044993154,2.0525698568793387,3.2982276883906643
-0.012615662551915145,0.014312584368910336,-0.007047770773545639,-0.00427456263282195,0.2261197483205795,-2.0478924801870075,2.060597413868621,3.2564480282765698
-0.012601866666374176,0.014321049413418815,-0.007061277792147561,-0.00425182096378138,0.22576877711759782,-2.0343954733869336,2.077072241242247,3.242504262795874
-0.012680885477124522,0.014253885451822384,-0.007000511114561995,-0.004411842705275178,0.23156489817641449,-2.1253730925582164,1.9865820043866436,3.351112037742731
-0.012667638486683052,0.014262200332790784,-0.007014220520087349,-0.004390056091170055,0.23128631852340306,-2.112782479487917,2.00322487201537,3.338185508526781
-0.012654399008292037,0.014270567022516707,-0.007027711937867634,-0.004368092778340666,0.23096267450423089,-2.100034146941651,2.019694201180643,3.3250103067053765
-0.01264108457271515,0.014278929231823015,-0.0070411769051881,-0.004345997700166634,0.23059849865804252,-2.087136499354465,2.036132413157926,3.3116796043104775
-0.012762470161516661,0.014219082423568188,-0.0068972714561284995,-0.004515996414220041,0.23041648472631013,-2.186187681119398,1.8774105208698344,3.399195093666705
-0.01274942592939702,0.01422810653938827,-0.006910714114774001,-0.004493818001614701,0.22989007904024605,-2.1739306238076193,1.8941456613563867,3.3861856589126416
-0.012736050894317725,0.014237146706487675,-0.006924536705558135,-0.0044713401462001786,0.22941277140925428,-2.1614154151673337,1.9112166018378927,3.3730259755123995
-0.012722398514513794,0.014245822731098113,-0.006939015392249817,-0.004449222353117407,0.22903447628638976,-2.1489667405316406,1.9286562224001924,3.36032659341512
-0.012708748680956021,0.014254120262729828,-0.006953704635553798,-0.004427634566533583,0.22872353332059614,-2.136693964083143,1.9460746038454635,3.348067461261087
-0.01269525946250058,0.014262147633807279,-0.006968243934133846,-0.004406483157368377,0.22844100944614934,-2.124569319629512,1.9632190839768635,3.3360518673376505
-0.01249245114461439,0.014385350110596018,-0.00716574796475708,-0.004072669977219887,0.22338187020500952,-1.9252200387669023,2.203773025916196,3.130439335991976
-0.012506283637719865,0.01437699226848635,-0.0071533645214612975,-0.004096002667534445,0.22372218870588176,-1.9396060014759102,2.1883801292369482,3.1455540573957843
-0.012493413552828528,0.014403524490490175,-0.0071434317609833905,-0.0040447593274000925,0.22036703974074642,-1.9121969268724552,2.1932664957877748,3.1018580689941033
-0.012519852819013027,0.014368536816475578,-0.0071413410230884095,-0.004119217140410838,0.22412315843137898,-1.9538065999393979,2.1732497061576175,3.160641127949447
-0.012533167092346994,0.01436022096006071,-0.00712940188171595,-0.004141946356651061,0.2245014818120916,-1.9676537125198028,2.1582586938610047,3.1753267571109265
-0.01254643738920054,0.014352111940691577,-0.007117143032270135,-0.004164232746362903,0.2248592996293338,-1.9812124286845538,2.1430872471884572,3.1895227713721024
-0.012560460286992777,0.014360599683034181,-0.007085302828368947,-0.0041602929181401745,0.2223768032943286,-1.9822221493410501,2.119271848307953,3.176974527526262
-0.012574349536336198,0.014353854801856233,-0.007070409981450907,-0.004180532503779168,0.22243457696353544,-1.9947411635959809,2.102534698291438,3.188639497048978
-0.012588645772964676,0.014346660054716595,-0.007055214600616523,-0.004201654861999467,0.2225464488724964,-2.007675247930726,2.085302584118734,3.200855927187465
-0.012603059445027471,0.014338880531080756,-0.007040309545081481,-0.00422368096658799,0.22274944382631157,-2.020979748578924,2.0680197526141453,3.2138179683284993
-0.013399766504457605,0.013666277091978747,-0.0061103901066077845,-0.00566614393164024,0.27156634718920253,-2.695385529265668,0.8867650672434032,3.96686838390082
-0.013415061226947468,0.013671224439025487,-0.0060797204158759425,-0.005655458763475402,0.26673223744113267,-2.686151517914494,0.8715540066053701,3.9433125528489454
-0.013411267706097352,0.013655578290412793,-0.006092554560517326,-0.0056853172746360895,0.2725244488411862,-2.7010507779833155,0.8659396573462462,3.9726480979912857
-0.013388231747947453,0.013676939708806898,-0.0061281552555645215,-0.00564692562806162,0.2711953065859267,-2.689552003298312,0.9074851043900881,3.960971833898006
-0.013403475444263187,0.013681892874312972,-0.006097536031293726,-0.005636410678033,0.26607205001845596,-2.6805385013629324,0.8922103624307504,3.937527527804528
-0.013376663550976343,0.013687566035138602,-0.006145845129850413,-0.005627667735824218,0.27192774985219725,-2.6835802701691627,0.9281087861693936,3.9549314352572593
-0.01339187303707605,0.013692519267528217,-0.006115264841357926,-0.005617313509311988,0.2651535031008439,-2.6747989856706016,0.9128320365685935,3.9315879001610736
-0.01336506202826845,0.013698155965600397,-0.006163475907992633,-0.005608352618254701,0.27259840401320673,-2.6775077987507117,0.9486977739621634,3.948689147414749
-0.013380270117221574,0.013703132973904285,-0.006132867863830743,-0.005598114588031025,0.26403066981211154,-2.668899047143881,0.9334228065569367,3.9254273989849473
-0.013247239343570827,0.013802030595032832,-0.006336618120922424,-0.005411961059450589,0.2641137184923914,-2.609772249542064,1.1529560581944516,3.878605232911115
-0.01326226259697553,0.013807496754383773,-0.006305731254743514,-0.0054027016572714215,0.25727570016440543,-2.6024906735149176,1.1369743813998836,3.856373854569149
-0.013259167746885672,0.01379181033250085,-0.006319574845384506,-0.005431852778384414,0.26550077234528113,-2.617110723817389,1.132704126808968,3.8862318421516306
-0.013274205368472715,0.013797226859213182,-0.006288731938395448,-0.005422486057275789,0.25771798544016505,-2.6097250877191005,1.1168610169711453,3.8638706583347684
-0.01327106398830183,0.013781552642028794,-0.006302468283026147,-0.005451691986843664,0.267050728736887,-2.624309394527706,1.1123952821144785,3.893766477419485
-0.013353427294859523,0.013708709395206253,-0.006181069935938334,-0.005588955675621063,0.2714091206464833,-2.671339840882691,0.9693164793907666,3.9422390187764336
-0.013368653511615583,0.01371374586168306,-0.006150362003932603,-0.005578797078905472,0.26316014077370076,-2.6628324781848196,0.9539829909220193,3.9190584233540675
-0.013341759466093658,0.013719226219359807,-0.006198618915302848,-0.0055694859518115696,0.2691222265457252,-2.6650424998059186,0.9899462284849353,3.9356680920367437
-0.013356980291451796,0.013724326866783515,-0.006167833639635971,-0.005559420337263356,0.2627516536043619,-2.6566353729526866,0.9745071769879523,3.9125916090610002
-0.013282927950127593,0.013771257625019939,-0.00628531179970034,-0.005471463170881601,0.2676565261272713,-2.6313890316098663,1.09207732559629,3.9011548144773744
-0.013286105599221937,0.013786897144227645,-0.006271698107328308,-0.005442257704868478,0.25830458354641417,-2.6168480101390723,1.096679271438995,3.8712909624176426
-0.013330058657620065,0.01372970633385655,-0.006216094674962984,-0.005549974677910997,0.26802325413429506,-2.658587638962095,1.0105126664568125,3.92904086922678
-0.01334523332255142,0.013734845090190205,-0.006185326835628721,-0.005540037281119177,0.2623628020874455,-2.6503337850715187,0.9949897829346952,3.9060793880080165
-0.013318324985389799,0.013740149634885988,-0.006233492997516546,-0.005530426618304797,0.26808740303146256,-2.6519790607572156,1.0309873752937848,3.922312089381457
-0.013333444914411163,0.013745311459409215,-0.006202781423997287,-0.005520624113340199,0.261633703800394,-2.643913908780293,1.0154232916267285,3.8994510240530005
-0.013294759514952837,0.013760925383283714,-0.006268101646678847,-0.005491170731593837,0.26764903183469757,-2.6383654281405606,1.0717525035591946,3.9083684914888273
-0.01329797479030413,0.013776534565475512,-0.0062545966037342,-0.005461969391035603,0.2591276925339878,-2.623834276695776,1.0764354189301049,3.878579593972509
-0.013306558565652457,0.013750556019033765,-0.0062508281172970635,-0.00551082588501967,0.26791417909297416,-2.6452335819584754,1.051394478103759,3.9154213048749344
-0.01330982158754185,0.013766153478711317,-0.006237407071601238,-0.005481594145158462,0.259975958062262,-2.6306685069871913,1.056141404864366,3.8856945353776804
-0.01332164286296897,0.013755746971658179,-0.006220138690003718,-0.0055011435610109495,0.2607762797924724,-2.637359098277092,1.0358051378799418,3.892650834814369
-0.013676939708806896,0.013388231747947454,-0.005646913804054293,-0.006128166258980671,0.29469695401096907,-2.794729624586861,0.3559984626980739,4.0715077596558364
-0.013666277091978747,0.013399766504457605,-0.005666128719481331,-0.006110404364711078,0.29418433305168096,-2.792445222186623,0.37749614778248275,4.068898985295868
-0.013681974114829645,0.01340338629918574,-0.005636316103112521,-0.006097611641678016,0.2829426263048506,-2.7817942860625036,0.36569566203488857,4.042990360186642
-0.013655578290412794,0.013411267706097352,-0.005685303652302552,-0.0060925673834226314,0.2927189568221257,-2.7900930271177224,0.39908271336777673,4.066130384885649
-0.013671311728720707,0.013415011887679983,-0.005655352734788959,-0.006079721137423162,0.28219446803569825,-2.7793191814628178,0.3871200730198003,4.040313236075786
-0.013644843410250553,0.013422735238775142,-0.005704433312384949,-0.0060746600314514785,0.29071223924998224,-2.7876430198526343,0.4207321446603311,4.063249950714489
-0.013660582779669495,0.013426620278022501,-0.005674384431488801,-0.00606175412646224,0.2816854797994202,-2.7766865485299626,0.40852717275762146,4.037513035940333
-0.01342661759893139,0.013660501680805265,-0.006061843586964718,-0.005674481496761477,0.26732330694833767,-2.691657226942544,0.8508592283705658,3.948983213358028
-0.013422735238775142,0.01364484341025055,-0.006074656226207277,-0.005704437310346988,0.2734845542301144,-2.706538626338697,0.845021164218776,3.978310234725724
-0.01353553390593274,0.013535533905932737,-0.005892423124495848,-0.005892487108670696,0.2846201343061218,-2.753600648316437,0.6340783808117362,4.028297018692841
-0.01352440926578893,0.013546623651759673,-0.005910909550185618,-0.005873942435100387,0.2834954262971175,-2.7495027798194402,0.6552898598487117,4.023862272830411
-0.0135398640965051,0.013550930344449404,-0.005880711135972779,-0.005862324102792762,0.2735540008614896,-2.739816189666412,0.6418290556717671,3.9991004240488652
-0.013513249833920797,0.013557678400931637,-0.005929360764149235,-0.00585531646615672,0.28080484062888444,-2.7452906931557606,0.6765535764939594,4.019295187632675
-0.013502055721075013,0.013568698043612793,-0.005947746538288407,-0.005836639729099976,0.27879033600006387,-2.740912543710573,0.6977747415344328,4.014675483764819
-0.013517497555439814,0.013573170061600864,-0.005917384934443306,-0.005825137111480752,0.272838281664453,-2.7312537764240936,0.6839382565346891,3.9901431127084366
-0.013528720039986805,0.013562084201716148,-0.005899035353156309,-0.005843724576853519,0.2731079656571019,-2.7355879416590554,0.6629108483721232,3.994636539838696
-0.01363407255801407,0.013434168988720427,-0.0057235095117344785,-0.006056689814890245,0.2888070442476961,-2.7850583745314688,0.4423951887430633,4.060285159663624
-0.013649788872469398,0.013438183229864268,-0.005693410843325177,-0.006043759090951805,0.28126937081681896,-2.7739160719888414,0.42989088895980204,4.034617779059277
-0.013546623651759673,0.01352440926578893,-0.005873901763881312,-0.005910950351254593,0.2840599451560739,-2.7576263353402983,0.6129352989310412,4.032525471186373
-0.013550952740244383,0.013539753612155555,-0.005862360321474394,-0.005880851804422039,0.2745022623111817,-2.743896556255507,0.6207117746010836,4.003449760755822
-0.013557678400931635,0.013513249833920798,-0.005855320810441908,-0.005929356927960767,0.2837619317830886,-2.7615753871049713,0.5918057312890164,4.0365633949130775
-0.01356202382824124,0.01352858080537978,-0.005843912178713835,-0.005899249404894412,0.27563298965022437,-2.747793471257888,0.5995725038512117,4.007581973542678
-0.013573079515747983,0.013517396320566229,-0.005825368147720514,-0.0059175421004375684,0.27657026679501845,-2.7515160131542196,0.5784108277188088,4.011506398595556
-0.013568698043612793,0.013502055721075013,-0.005836673386531578,-0.005947713757381394,0.2842446582682914,-2.7654223187408484,0.5706591203029526,4.040444136763361
-0.013623265840603561,0.013445568842486735,-0.005742532682807662,-0.006038656251703506,0.286844025268126,-2.7823057646313227,0.46403155198148927,4.05723514037419
-0.013638941936592834,0.01344968546729351,-0.005712412787633306,-0.006025758158437761,0.28087308681148215,-2.7710225169907265,0.4512006624474811,4.031628388704253
-0.01361242336529498,0.013456934686954742,-0.005761502611182974,-0.006020559601584097,0.2846410665924356,-2.779350027478465,0.48559988176432406,4.054104537322661
-0.01362804604980481,0.013461113750135568,-0.005731384889195581,-0.0060077734416206915,0.2805612999944407,-2.768027711116415,0.47245465099820944,4.028563949478182
-0.013601545239737611,0.01346826640933527,-0.005780405126008799,-0.006002413565469915,0.28309278481342764,-2.776162806040242,0.5070423541205457,4.050906274996538
-0.013617100025445817,0.013472453729630067,-0.0057503325246453735,-0.005989830429607113,0.2802398436301717,-2.7649546224637,0.49365797799212724,4.025450798158808
-0.013590631571951553,0.01347956389717228,-0.005799225814695643,-0.005984232172600179,0.28320943737962717,-2.7727491323229336,0.5283285402617645,4.047610904746518
-0.013606115152644295,0.01348371773289519,-0.005769236765330786,-0.005971901251519433,0.27959898264639116,-2.761797507684682,0.5148353898935595,4.022253249469853
-0.013579682470325217,0.013490827038345834,-0.0058179746953566725,-0.005966005878206083,0.2841517103215607,-2.7691533826213885,0.5495075737911501,4.044138292299173
-0.01359511431222177,0.013494950982376545,-0.005788051636039315,-0.005953896858618601,0.27855393731169026,-2.7585183626966203,0.5360217431930535,4.018875934847128
-0.013584107035854116,0.013506181926079941,-0.005806753768183028,-0.005935766372914347,0.27746443707211416,-2.755090062759019,0.557222097367242,4.0152775214510115
-0.013434168988720427,0.01363407255801407,-0.006056692577381787,-0.005723506590077251,0.2747656460235739,-2.7118496294057817,0.824018146033599,3.9838704112880223
-0.01343814531958913,0.013649723369551468,-0.006043903689290155,-0.005693481059152299,0.26788631839507787,-2.697055589923963,0.83011630263907,3.9545384107802595
-0.013445568842486736,0.013623265840603558,-0.006038660834462057,-0.005742527995831742,0.27677184034215085,-2.716990658221143,0.8029555997221823,3.989358723230501
-0.013449637618561652,0.013638884081720174,-0.006025914414354019,-0.0057124679424095616,0.26831713558675774,-2.7023455864730077,0.8093151786180591,3.959987290931473
-0.013687566035138604,0.013376663550976347,-0.005627656113571868,-0.006145855828319876,0.294362646989936,-2.7969515967473977,0.33457025768249266,4.073913780652337
-0.013692582562687516,0.013391769714793887,-0.005617251102631836,-0.006115374675561797,0.28394200178901,-2.784094084864534,0.34428524210611816,4.045497339972982
-0.013698155965600395,0.013365062028268449,-0.005608346119498506,-0.006163481928375492,0.2935912081764584,-2.799089123591978,0.31315517295421913,4.076100615822431
-0.013703160692428674,0.013380168102399788,-0.005598117075264233,-0.006132990168550342,0.28510524193069403,-2.786214303514429,0.3229028839120626,4.04779763954912
-0.013708709395206254,0.013353427294859523,-0.005588968053396026,-0.0061810589543934225,0.29352944449056195,-2.8011041415984614,0.29169005597252773,4.078104607912139
-0.01371373435722168,0.013368562995772977,-0.0055788707536049845,-0.006150479618588902,0.2862007355745231,-2.7881614958707,0.3015314519517194,4.049872219990095
-0.013729706333856551,0.013330058657620063,-0.0055500200027779134,-0.0062160545008517025,0.29555908834005795,-2.8046892153315413,0.24860990891029497,4.081699022891114
-0.013745351494263385,0.013333470033939442,-0.005520601502783482,-0.006202674086312888,0.2885093037167215,-2.7931678573317367,0.23725514798080397,4.055168679991635
-0.013740149634885991,0.013318324985389799,-0.005530486539815786,-0.006233440061642411,0.2949053881911212,-2.806267273793967,0.2270602379837577,4.083199166754741
-0.013719226219359807,0.013341759466093658,-0.00556951911514334,-0.006198589384505911,0.2946426553461211,-2.8029698189535766,0.27016064533963163,4.079976177807619
-0.013734842517796407,0.013345216993859954,-0.005540091910266747,-0.006185310195154226,0.2876310218085509,-2.7916249924628342,0.25870787510988164,4.053523989272751
-0.01372430303119175,0.01335691956681119,-0.005559514949232348,-0.006167903825312731,0.2869932614108153,-2.789956806960807,0.28013809807648915,4.05175824356762
-0.013988972438811073,0.013014647389398244,-0.005024331768270133,-0.006648168518376154,0.31456197359311167,-2.797888780779964,-0.31403220059045595,4.076053080405047
-0.014004775546984273,0.013016738342246795,-0.004996275986477478,-0.006632596868785457,0.3070103550339875,-2.785004306094202,-0.3218632417963356,4.047866392990255
-0.01399842348874068,0.013002100865175385,-0.005003425840046836,-0.0066639165732083,0.3152770993463881,-2.79582945352742,-0.3355359857732601,4.073877404503091
-0.01393144267732052,0.013089297407978533,-0.005148767606313451,-0.006552270271682725,0.309049979455928,-2.80794910975535,-0.18428954190352978,4.085977870763393
-0.013947270092075756,0.013091735989733478,-0.00512028096989875,-0.006537097030387638,0.3030944441730053,-2.7952567232422876,-0.19299747691747235,4.058121808154982
-0.01394112853304879,0.01307693124492386,-0.005128151185593709,-0.0065684180882727575,0.30999589124778515,-2.8066370318610905,-0.2059417839349781,4.084604611734346
-0.013979482020789878,0.013027164159111645,-0.005045178923173526,-0.0066323619471998245,0.31455799214659996,-2.7998277913512273,-0.2925177853718489,4.078080764626182
-0.013995279060092328,0.013029291651180034,-0.005017080221591196,-0.006616885890003637,0.30623746779730626,-2.7871007680928046,-0.30041864901762155,4.049976349657364
-0.013956992295513707,0.013079335167395212,-0.005099676659963157,-0.0065531069984333225,0.30353450992526637,-2.7938868272660393,-0.2144570314835775,4.056689478307129
-0.013950775489717909,0.0130645347166975,-0.005107465230381184,-0.006584515860277884,0.3120934399972881,-2.80512176947235,-0.22765117126308274,4.083143836755301
-0.013969952327613142,0.013039651051762191,-0.005065970647778373,-0.006616494260110313,0.31502079463865107,-2.8016723444633933,-0.27097413567271944,4.079935175801801
-0.013985761014001624,0.013041825153510546,-0.005037808577657343,-0.0066010794512869975,0.30525205014937123,-2.7890348652529635,-0.2789511405360033,4.051897484294415
-0.013960383452653272,0.013052107945002958,-0.005086731125683801,-0.006600546856164169,0.3142535867643047,-2.8034461249209266,-0.24935099398101876,4.08160522204937
-0.013976227774653202,0.013054355171118933,-0.005058452994641479,-0.006585146123670101,0.3043476167696428,-2.7907956529987348,-0.2574530109514646,4.053609137524467
-0.01396664814820228,0.01306686889619764,-0.005079061075312487,-0.006569130825591177,0.3038325764457262,-2.7924033041508802,-0.23594548654243974,4.055182696227759
-0.014014234445909048,0.013004153772328284,-0.004975418874910553,-0.006648244149005633,0.30775926240852103,-2.782765114709605,-0.3432957826510022,4.045615245547546
-0.014007835078080092,0.012989524709198895,-0.004982478424996129,-0.006679593075105493,0.3153694873055588,-2.7936482438457673,-0.3570065792712167,4.0715280067444315
-0.01402366624445625,0.012991551629044966,-0.004954494187941554,-0.006663796896049305,0.30869951013638075,-2.7803855900351166,-0.3646978873535716,4.04320256729008
-0.014017207114769163,0.012976919044422938,-0.004961489524502695,-0.006695197967194931,0.3146911816206337,-2.7913275306277687,-0.3784571484883384,4.06896860137221
-0.014033087687774969,0.012978939947175824,-0.0049334777049761655,-0.00667922671417301,0.3095952430288947,-2.777865514616557,-0.38604751775013896,4.040588210501074
-0.014026539507187215,0.012964283993995936,-0.004940436540972287,-0.0067107479700014155,0.3147835166969892,-2.7888113919408,-0.39995359600235075,4.066223201867303
0.015108100726118238,-0.010174689231040816,2.773710558288888E-4,0.00810787262985105,0.2914733700165832,-0.21611603917600855,-3.1360779689607488,1.3425516891235072
0.015117348346422047,-0.010190619837385062,3.0138355771390485E-4,0.0080879433544899,0.2898791811670889,-0.23442904131734288,-3.1195693282451074,1.352399919745471
0.015121147542375186,-0.01015615564241256,2.4664297042120676E-4,0.008084622179132231,0.2884698860974169,-0.19175898440362651,-3.1268905531679074,1.3073091836080628
0.01512288757745725,-0.010121195683760843,1.9139297303557144E-4,0.008084507225173737,0.28744380490316696,-0.1486768224702855,-3.135986484848598,1.263446106686514
0.015130425216102611,-0.010137590301569929,2.165346215640059E-4,0.008068497737241578,0.28611700482282443,-0.1680605424375446,-3.121918342210375,1.2760421373368265
0.015133022403619982,-0.010100337831764231,1.578419812735886E-4,0.00806641645323425,0.28484005428499753,-0.12222445694314887,-3.1301310419086934,1.2286266070662817
0.015140625943851954,-0.01007644376694851,1.1994535456042538E-4,0.008053105969410357,0.2828525454983428,-0.09241454335224496,-3.127770456301057,1.1926291349927862
0.015147701657870036,-0.010052321247973063,8.194516806901991E-5,0.008040452140103708,0.28084699764947546,-0.06253147850436984,-3.1256533292837347,1.1569654380992007
0.015151598331106055,-0.010028046101930551,4.397856823750351E-5,0.008033539287527433,0.2795503495991177,-0.03270334382500845,-3.1269573268299062,1.1239938749111122
0.01515158873114563,-0.009999889631673696,8.279157498672824E-8,0.008033735204880833,0.278893752289254,0.0017581905872987335,-3.133393092198768,1.0895985889337811
0.01516288904068167,-0.00994857347791127,-7.94789344406511E-5,0.008010948513017306,0.27548205852233304,0.06452581079056566,-3.1300041249786723,1.0172060547184332
0.015164802824942857,-0.00997234854706038,-4.2560250759567176E-5,0.008007995268639262,0.27562445138800173,0.035452323176997515,-3.123207487660015,1.044801920280377
0.01509789924436335,-0.010381106525283922,6.047010962794285E-4,0.00808826909051137,0.29692305784635753,-0.4681894338231514,-3.0617501584212743,1.5948346570019332
0.015104951292717758,-0.01039854098242543,6.300728816670061E-4,0.00807004959218812,0.2955298601880382,-0.4869796788344461,-3.0453610302062146,1.6064821902300797
0.01513426827656368,-0.010201464668353824,3.161592250600727E-4,0.008053823425072463,0.286632688387695,-0.24524173882372022,-3.0958496544327674,1.3483196037767742
0.015125673040146637,-0.010223328391266506,3.516091144461294E-4,0.008067258240207568,0.2887820672168892,-0.27295751170041616,-3.097848375036332,1.3827045625815313
0.015121898750788926,-0.010241469360626285,3.806347547434608E-4,0.00807168821395988,0.28995377346723844,-0.29551895195797884,-3.0953132898937046,1.4078924708064111
0.015125828250182138,-0.010258087110830757,4.0599297161379445E-4,0.008061304448804506,0.28930281705621114,-0.31489971337521605,-3.084265679909335,1.423286234350604
0.01510899174355297,-0.010365200675638923,5.769859893587464E-4,0.008070988229931873,0.2943273704558298,-0.44647881091845515,-3.056902376906963,1.5643744178920442
0.015116997829481314,-0.010346420102957915,5.457407583160873E-4,0.00806016477774349,0.2924240797053026,-0.422283145619982,-3.0566080035833885,1.5342764356574552
0.015127762254604278,-0.010274473249707297,4.3124113863559477E-4,0.008054632947923225,0.2891905323424147,-0.3342187955648405,-3.075453131722496,1.4403046710391691
0.015127754213195005,-0.010292147010434806,4.588071291998236E-4,0.008051263531108079,0.2894343891989479,-0.3553583709674642,-3.0681645649500364,1.460709066512578
0.015125912843955536,-0.010310171980620403,4.8726768827165754E-4,0.008051126368479095,0.2900692572000971,-0.3772243808237175,-3.0626050612276585,1.4833440194985499
0.015122293630882324,-0.010328080715729783,5.159469586329618E-4,0.00805420084957578,0.29108871093430505,-0.3993090662365417,-3.0588807951852424,1.5076788284537415
0.015073697326268882,-0.010628615882473056,9.971831728267254E-4,0.008048639523435411,0.3034549615535089,-0.7626518782531734,-2.9480098805930877,1.8913262710763037
0.015093722506345504,-0.010648803053001936,0.001019220834963851,0.008002132806302952,0.29895481337264634,-0.7768636555441636,-2.9146317817778513,1.886256351700082
0.01508672308947663,-0.010604561819517444,9.548525691405739E-4,0.00803415683671996,0.300558114410101,-0.7305105707729305,-2.949795637088819,1.850139414873089
0.015094864208539475,-0.010580167730214411,9.142394493822304E-4,0.008028618381714397,0.2986941879990359,-0.6999774975357277,-2.956313371605308,1.8147613429564282
0.015095811859029206,-0.010560176387034386,8.832273386389412E-4,0.008034586551631823,0.29862877223396356,-0.6770493551905076,-2.9672833952911435,1.7927391395959276
0.015105140458099024,-0.01054042343155557,8.494496041799251E-4,0.008024308102423593,0.2964160973391126,-0.6512763406804291,-2.969058908398882,1.7605864267511084
0.015109211451296498,-0.010517799360527871,8.132891541195306E-4,0.008024718398264715,0.29557164237301553,-0.6241405291016218,-2.977665777834957,1.7317577369151298
0.015110453866119667,-0.010493514951202607,7.755482748931894E-4,0.008030690458301008,0.29506220036135694,-0.5959636281093669,-2.989833234470735,1.7043482655759234
0.015108775070587705,-0.010472647204670192,7.439251172613764E-4,0.008040726879320469,0.2954531975333299,-0.5724532103096102,-3.0029541588287234,1.6837900814750693
0.015117253294410077,-0.01045248909251293,7.101648090145439E-4,0.008030917611171804,0.2933654220788771,-0.5465742314840528,-3.004463206470706,1.652052069195978
0.015109880711970678,-0.010429397138416334,6.766588823200856E-4,0.008051888218583504,0.2948804293730202,-0.5218335298942361,-3.0244108161046537,1.6351462764783176
0.01512073274287727,-0.010410222609146869,6.438679934090012E-4,0.00803663604510618,0.2923190963161207,-0.49644931321519864,-3.022104709905619,1.6016530598575482
0.015126613566878179,-0.009815086960867343,-2.9081530593929103E-4,0.00806970724197477,0.278870213948456,0.23222782074452253,-3.1929387634463287,0.8778915507669344
0.015133116809030407,-0.009791933413566503,-3.261679576501663E-4,0.008053911718214115,0.27694167389246566,0.26035011821471127,-3.1867575514709725,0.8435443627754459
0.015150535396234462,-0.009908673582045939,-1.4213143845522196E-4,0.008032624136403127,0.27676865181146965,0.11399384286129248,-3.1517166424822283,0.9776760733499804
0.01515395220788261,-0.009885782059726171,-1.7750748003389296E-4,0.008024372621241184,0.2755660072288291,0.14199918592654817,-3.1509028799332968,0.9464624647676292
0.015148602676448353,-0.009825504743627627,-2.717703118669048E-4,0.008028541080358656,0.27492258854436813,0.2168382006247528,-3.164593155566671,0.8748668501221732
0.015153955659233276,-0.009842778599573828,-2.443121016811976E-4,0.008020252978974516,0.2743928509505527,0.19497494630973577,-3.1562126456863915,0.8926365690073824
0.01515502967527832,-0.009863718134640351,-2.116924738681048E-4,0.008020348834441483,0.2747932486027462,0.1690888404186162,-3.152470690159219,0.9180723644771484
0.015175935092197437,-0.009928071795704973,-1.1058443816092872E-4,0.007985050492429464,0.2725399815020669,0.08918551084611813,-3.1178080097413075,0.9815398809066124
0.015140954598328244,-0.009765571293595766,-3.660494302302136E-4,0.008034705649080315,0.27467107601845125,0.2921030636724031,-3.1787159800745464,0.8042757599090765
0.015157175754476114,-0.009717106671273415,-4.381087290975662E-4,0.007994881226746799,0.2705034247030655,0.34946074949907274,-3.1603123468077516,0.7314874443306537
0.015163126505653388,-0.009743435242790862,-3.965034552586021E-4,0.007988404514873997,0.2700980821316143,0.3161204684547669,-3.152153294837246,0.7608797214856625
0.015150738889971564,-0.009686322041884944,-4.8681303791045E-4,0.008000860249587407,0.270839397045648,0.3884838646242064,-3.168618331071027,0.696495655493142
0.015154886010108793,-0.00964979099819071,-5.419588520487444E-4,0.007984590747933047,0.2689468019116019,0.4324251231366051,-3.1629254252440404,0.6473741686517975
0.01516546320068912,-0.009619109211825681,-5.86137533744225E-4,0.007956801454710618,0.26606070781864344,0.4673252599233297,-3.14869393722717,0.602231955454075
0.015183405336015735,-0.009700378779598813,-4.584506168662399E-4,0.007941626599847831,0.265233133106559,0.3649724861254782,-3.128212817916482,0.69374418199064
0.015171929228218339,-0.009592276474828245,-6.250835984917988E-4,0.007937362324509168,0.2643013698358481,0.4982995400883656,-3.1390857058247374,0.5644625790196908
0.015181412042780519,-0.009565269164478078,-6.630733099309972E-4,0.007911801321859811,0.2618694062367028,0.5283536880109762,-3.125267833829708,0.5251362187877727
0.015192095272972916,-0.009532767748703114,-7.084245534066127E-4,0.00788194743201951,0.2592351539909852,0.5641234811592812,-3.1090158178698206,0.4788445439835122
0.015159447659120223,-0.009101145674962086,-0.0013483196290560082,0.007747477790794735,0.25343856585811847,1.07545909315399,-3.0386585362996463,-0.04636448139196086
0.015159558139099784,-0.009069283473862936,-0.0013925887828134228,0.007728346672717073,0.2527878537287504,1.1103222009860045,-3.0254787020822804,-0.08522579352315145
0.015163181380409988,-0.009029576069550448,-0.0014451007870601494,0.0076975328018337045,0.2513225401041352,1.1511142298736379,-3.0040928444493473,-0.13380560824072876
0.01516331893474584,-0.008993347708013064,-0.0014944377520400675,0.007674317101365481,0.250533726853198,1.1895116057211343,-2.9876018604355923,-0.17698924028680368
0.01516509298795953,-0.009156755581707057,-0.001267009191388483,0.007768896559770881,0.25395922075130245,1.0106512620303711,-3.053071370468841,0.020496097760237166
0.015177887657398493,-0.0091872261248068,-0.0012170386775558711,0.007762244002892493,0.25250154730488106,0.9700060421161592,-3.048449579104345,0.05458108335273671
0.015181486967561107,-0.009126268760176139,-0.0013006236853864426,0.007722446821461101,0.25069849689369333,1.0356191618102537,-3.022170158888677,-0.020648909840750143
0.015172979522011805,-0.00945628320143815,-8.286543622421217E-4,0.007891795005505827,0.2602818997430942,0.6610740291832672,-3.1221848601271165,0.39193452468021295
0.01519199936466343,-0.009426866033394328,-8.650133805848064E-4,0.007845480246696054,0.2564524633301433,0.6891366668412844,-3.093881304822451,0.34656467769897725
0.015206777523571002,-0.009403091762650721,-8.940281062639309E-4,0.007809061944525538,0.25339947780457567,0.7113349378160317,-3.071446356061347,0.31091361627216246
0.015213793331690663,-0.009203105920032898,-0.001176059194908547,0.0077059523706194755,0.2475542913871087,0.9344455403963082,-3.0109249219832885,0.0642343737026284
0.015212166685455917,-0.009238748135244512,-0.001126865124892854,0.007726701378803119,0.24849649357314815,0.8957572802762163,-3.0239954393020168,0.10772418044557956
0.015206619903812802,-0.009272893878906221,-0.0010812323298290709,0.00775312604194072,0.2501658090553734,0.860033596665252,-3.0405382205546463,0.15095985686082816
0.015205011640740847,-0.009375099748681366,-9.353224329713426E-4,0.0078010873277812925,0.25304899925418917,0.744293781194184,-3.067839756571811,0.277049199450627
0.015205159195936952,-0.009342273364566741,-9.826462545885976E-4,0.007787050223741268,0.2520312032832712,0.7818466074028233,-3.060267303756069,0.23659624015683814
0.015203532280772808,-0.009307545628750679,-0.0010332237111981462,0.007774719685415674,0.2514813769832502,0.8221303648245862,-3.0536371363232333,0.19448197326009267
0.015196827210446493,-0.00949179102193147,-7.676608519821914E-4,0.007859805792485212,0.2573885766818722,0.6112370787727089,-3.098242919630468,0.42530198863486934
0.01739057675126403,0.017612949902077107,0.0016438389646905728,-0.0015848244470288437,0.009722789636802441,-0.7332480627412044,-0.047548269183199175,0.7981729201955554
0.017275444985706184,0.01671686679943565,0.0018352843186541124,-0.002014426940979573,0.02557131713637705,-0.8389665475182326,0.026973787664932504,0.9257703764286067
0.017503591715332886,0.017089677853750408,0.0016769244795266116,-0.0017950144685941246,0.02104350280087887,-0.775365091030606,0.010922831203079787,0.8486030066262489
0.017307766274180476,0.01620429886334756,0.0018778772867444043,-0.002264629524585404,0.033905928286089744,-0.8868903645919041,0.09655337921442099,0.9839306077136536
0.017311534293070842,0.015689485342300802,0.0019146398999718862,-0.0025360145341237093,0.04304951598676965,-0.9322152748031101,0.17683112749956612,1.0436938439003363
0.016852641946037066,0.01463273446715701,0.0021910498803208475,-0.003327456426261592,0.0597636944437362,-1.1087881471476082,0.35749404240527505,1.2805935299297566
0.016935330512970605,0.014285027382859314,0.002108812380024569,-0.0035145110736955767,0.066078865114228,-1.103676193496456,0.45807693780623643,1.2842154670323696
0.017053481217026763,0.013944747230069228,0.0019868411923595866,-0.0036696957760770648,0.06923045270908239,-1.075535714234406,0.5617113874126226,1.2611346916419255
0.017076126584472502,0.013663747926493792,0.0019191453769493154,-0.0038307900235822075,0.07453557001810181,-1.0626445830959295,0.6472305873094318,1.257340905897153
0.017183108814280743,0.01492534181270819,0.0019986501357562377,-0.0030128525337515897,0.05438840123365687,-1.0126624245238318,0.3142839678414077,1.1532239664137949
0.017555639528763833,0.01528393882004833,0.0017944097699257224,-0.0026744426479320665,0.04970904272772539,-0.9163900227867138,0.26792306250220044,1.0285982863038028
0.01729044513394364,0.013448124267031299,0.0017430423725046708,-0.0038286525771664766,0.07407223971407183,-0.9884659204850826,0.7067954100494375,1.1731354537091592
0.016876359811788547,0.012556839675735587,0.0016818547657438392,-0.0046400912652649505,0.09383776159035379,-1.0084933119674149,1.049086132632868,1.2740974119282873
0.017131165518652024,0.01311346967060636,0.001741985733891114,-0.00412502342593048,0.08058780757824067,-1.0068024821105617,0.8223065025865105,1.2180839217528454
0.017474598960370805,0.01320436802829463,0.0015790830634737074,-0.0038454826080857344,0.07483393449229034,-0.916385161377813,0.7659455706708396,1.093391496197094
0.017176211577155733,0.012727208288025309,0.001584091519546804,-0.004308846506107467,0.08413788715561848,-0.9418577966180567,0.9449506360499346,1.1630805346552522
0.016686791836400483,0.011060842794157833,8.6805382417619E-4,-0.00552770088857502,0.11516070351944029,-0.5715963607259281,1.640889038235705,0.929531380789005
0.01689198344381036,0.012200266637279267,0.0015035541124376033,-0.004823844054502696,0.09772864498702745,-0.9246880810687886,1.179064826351879,1.2025774931559263
0.01699391232096979,0.011930778384993549,0.0013104663780979006,-0.004864756377913393,0.09688429676522009,-0.8185686179131452,1.2495631594513747,1.0917527075485958
0.01696475832657785,0.01169685908131814,0.0011911866685813996,-0.004996462377815759,0.0994059951876952,-0.7547740144462377,1.3351037658447804,1.0402398231899426
0.016943204235112058,0.011453821316044199,0.001050985432461548,-0.005115441817736939,0.10063606351808567,-0.6735641573091993,1.4191082168975375,0.9698353374373395
0.016920177622286727,0.011193059677596413,8.882010131159678E-4,-0.0052302068707517765,0.10440176221561916,-0.5748202568116866,1.5040919390090377,0.8828252509470934
0.0163843922690537,0.00989998464187121,-8.231722511043467E-5,-0.006072243877972369,0.1340544198491583,0.0720932478806955,2.0274228990000656,0.38159505226849416
0.016475885180719903,0.010490292832217448,4.511430993697588E-4,-0.005919336893597682,0.12873588070161435,-0.3002711593773953,1.8952984721675528,0.7244183566987722
0.016481267250523984,0.010245190685386537,2.3244142841474387E-4,-0.005941517044089088,0.12891005174353332,-0.14890423873446804,1.933922728053988,0.5738053998724363
0.016541992772168872,0.01002945270668878,3.850113228281877E-5,-0.005872908633077062,0.12359278466977654,-0.013286939995092397,1.9190322956844328,0.42268254053912285
0.01670109921116471,0.010822176532033058,6.80783597340734E-4,-0.005578495645160887,0.1140217637063685,-0.4501730139720092,1.6986864973749747,0.8107065164450962
0.016650390227565946,0.01061336169938263,5.248629439219065E-4,-0.0056834804993283455,0.11848418907378211,-0.3474616404209976,1.7722532582863022,0.7241901452620593
0.016161493750419354,0.009284869780143071,-7.087853700103376E-4,-0.006266048677929987,0.14714348323455664,0.5266690210079173,2.1476568780368925,-0.014109438142815194
0.01633362882304458,0.00970996603425827,-2.65187844599384E-4,-0.006123404478404677,0.1353060175377128,0.20230991837970866,2.063795104288564,0.2640868545322314
0.016278289891013632,0.009540035582977148,-4.353210087785455E-4,-0.006170643796605915,0.1409684501199179,0.3270022617590763,2.0943693007435416,0.1544004915897537
0.01633101433574959,0.009381044954646575,-5.728109112180568E-4,-0.006067318580854071,0.13507911230828415,0.4255071597204884,2.0422063385094193,0.03658490173478753
0.015554454880213073,0.007702359065469329,-0.0024848209796439545,-0.006043544417100395,0.20332611337622522,1.7635777228801646,1.8301046582686926,-1.165148170885091
0.01567824376368415,0.007762522340384679,-0.0023309701711408206,-0.005961806459486353,0.19072018019329987,1.6474049907593822,1.8106278595108625,-1.0862822857343337
0.016157097736846218,0.009125126658107293,-8.633896833079364E-4,-0.006220116377741675,0.14594948363150784,0.6377284892527411,2.1199671907604123,-0.13002029113911642
0.016130346787207074,0.009001148083800271,-9.90458522342746E-4,-0.006208511627124226,0.14984350273633024,0.7296079287593714,2.109271551881231,-0.2182296068885671
0.01615277927444441,0.00888964782518708,-0.0010833314550314054,-0.006132538079860881,0.14608413582754617,0.7943834185200086,2.0625550627482934,-0.29562853080572365
0.01612585074226925,0.008749579078613174,-0.0012213686577898179,-0.006102228854849948,0.15003386050513556,0.8916064034813634,2.036839498239137,-0.3922231060917989
0.015786732285166968,0.00782231719476858,-0.002196876859343002,-0.0058936592627806626,0.1806270875454613,1.5481175947787875,1.7955498058056567,-1.01701490612038
0.01583396079885134,0.00794485812374877,-0.002069977985878261,-0.005939431498926573,0.17459959166265657,1.4689922719122734,1.8430955092567614,-0.9400740449320061
0.01585418120967348,0.008123113401896127,-0.0019179054345274794,-0.0060516644873934025,0.17236921941511232,1.3768395930817547,1.931230933885162,-0.8363767870374189
0.01591947064762365,0.008253458178986508,-0.0017667635037691115,-0.0060665576798169,0.16762544088838924,1.274174411231006,1.9602654463703588,-0.7430006665814761
0.01596945224401979,0.008378651732281769,-0.0016298560887475293,-0.006088675221095251,0.16141626179468968,1.1801898385653997,1.9896170092353505,-0.655191864121214
0.015986104762694454,0.008495835524341846,-0.001519695787392295,-0.006140468898269948,0.15992692148484008,1.1064184914161808,2.0318836744458277,-0.5771952773206455
0.016082625655260772,0.008586840515758282,-0.001385898752813367,-0.006072185593683979,0.15306382046384945,1.0064564084184513,2.0065395293136636,-0.5039744618972217
0.0155380025549742,0.0075482579509077935,-0.0026048277012680637,-0.005916012592054653,0.20734578381160904,1.8230132641494528,1.7292746151742626,-1.240825501439633
0.01552828846383145,0.007416080771745416,-0.002697286076637535,-0.005798475845760865,0.20925974401682695,1.862519533964829,1.640222814813297,-1.2964658005114655
0.015437184568331973,0.007309430479382059,-0.0028507932547427303,-0.0057809031092711325,0.22082809487143448,1.9572044198163998,1.595656538075348,-1.3769390656147122
0.015387027217891525,0.007130003794151592,-0.0029997589278136865,-0.005641701174037121,0.22767391965287095,2.0216610746029278,1.4791891237850612,-1.4540588180018068
0.01533906071426587,0.006986648144165545,-0.0031199921599506532,-0.005531513536979307,0.23422291152505045,2.069451280059041,1.3859901986610168,-1.5107630055515588
0.015252280719061775,0.0068904348796994894,-0.0032571152873700298,-0.005497759794848798,0.24618553384191316,2.143629912344498,1.3312171773813941,-1.5738064857058622
0.011785208976061739,0.0037460793693008566,-0.006439155579023324,-0.0016503375961774232,0.3314452370993189,1.5014368866865342,-1.1257092017976051,-1.1589234221395486
0.014488371444342386,0.006176747521399621,-0.004385407132382881,-0.005106325532996445,0.35522076694094146,2.6552555982068253,0.7665329604013177,-1.9996449061642636
0.015243586316631946,0.0067601259446559234,-0.0033192392226589966,-0.005360892763387447,0.24828713314088444,2.1457234613692218,1.2376306555708971,-1.596041980928632
0.014611934170287104,0.0062367025461715665,-0.004217714861607025,-0.005127393239487593,0.3360061302773633,2.5722185352602605,0.8359417835929407,-1.9402352210326719
0.015193890733427539,0.006633512036548182,-0.003419995255989803,-0.005256724359558103,0.2543898425790942,2.173633454692942,1.153107329408595,-1.6329710487959623
0.015084433882160528,0.006567475907803971,-0.0035654316343489236,-0.005256457083193013,0.26877708723973925,2.255663460428936,1.111326348655399,-1.6953409063153924
0.01496838905831015,0.006528903467823114,-0.0037126105022931835,-0.005287660711493756,0.2848695571252985,2.3491409590036465,1.0839021552893582,-1.7594137538466836
0.014862955213467453,0.006444204906534605,-0.0038624117446135952,-0.005251222425377809,0.2990195606813124,2.420260702091077,1.0185085125302826,-1.8173145229055994
0.014747845520201829,0.006318991406935812,-0.004032145648945887,-0.00516206934961912,0.31520143699849706,2.483169881327824,0.9165830168971355,-1.8738198321088204
0.014455795552228631,0.006066512135612837,-0.004436724678738503,-0.004975473262141815,0.357155182444615,2.627770900404227,0.6800123922861968,-1.9935568555802525
0.014396454882396244,0.00595074171502487,-0.0045184798604292935,-0.004846830396705789,0.3633116077229492,2.6156489919073693,0.5861157613413402,-1.9961730800929947
0.014385912280644364,0.005838599730050311,-0.0045330263835713334,-0.0047066666505036926,0.3608286102156505,2.5615031328991233,0.5144908357640955,-1.970871943790954
0.014297116427056677,0.005735717023572133,-0.004642638337897243,-0.004600439456547861,0.36995124744804114,2.5673860920240172,0.42468345572603644,-1.9814453288300746
0.01421458096303957,0.005590131172867694,-0.004736304944580968,-0.004435032892524979,0.3749066615520473,2.5364841313599906,0.3169906202821812,-1.9694384214306802
0.011952618392702227,0.00385739933919693,-0.006396264302786646,-0.0018450416205702022,0.3523201474388391,1.6233506409142322,-1.084404164920641,-1.257735414285188
0.012070050071084817,0.003981233289021317,-0.00638766263362314,-0.0020179893951609716,0.37414798306765484,1.7330245620912224,-1.0626568585534304,-1.3418670673055801
0.012221039207688326,0.004030773040365451,-0.006299357282910028,-0.0021579207707743855,0.38064121044233007,1.8051128402073637,-0.9951034514088618,-1.4056356184109589
0.012352671592057113,0.004142634453812265,-0.006256569671389173,-0.0023340500151323236,0.39767480150496987,1.9062007115260424,-0.949147707599506,-1.484398643125837
0.012511579909116508,0.004239344671202934,-0.00617199438341665,-0.0025141711754684995,0.40873067448846284,1.9981073333139892,-0.8759675955709697,-1.5600083100382818
0.012666576135447728,0.004318682291157348,-0.006071508919536779,-0.002672632559699208,0.41356533548974334,2.06959551580189,-0.7953502447057853,-1.6204943569585346
0.012823596609351456,0.004407674338330777,-0.005965124302994561,-0.0028365379532152503,0.4179097978018467,2.1389278375826595,-0.70984339801013,-1.6784201463014903
0.012965007801752419,0.004500627128146908,-0.005867849748399305,-0.002992351209249117,0.4211772258177177,2.202712013424879,-0.6294039749137487,-1.7303317571558825
0.013111457560023621,0.004601349427140878,-0.005760650895238421,-0.00315435997679861,0.4237277515499573,2.263684654744442,-0.5409226099925072,-1.779139792639432
0.01355027226911566,0.00487127526078642,-0.005380223302901009,-0.003568746306622706,0.40905349870844937,2.366941824011823,-0.25605701925345176,-1.8658888740279431
0.013421379763839315,0.004769046722172846,-0.005490055311564371,-0.0034281916107564508,0.4112315282845928,2.3293517269756308,-0.3438686638984017,-1.8374065948500966
0.013270832937626813,0.004679976710325929,-0.005622039239166551,-0.0032908384700324734,0.41763493258845025,2.29731292497134,-0.4410606630798453,-1.809708845544953
0.0141263367399519,0.005458413613416541,-0.004831013303530425,-0.004285307101108201,0.3804632278179372,2.508980512562697,0.21866208241816346,-1.9568234879772863
0.014029157180283016,0.00533561562099298,-0.0049313280289616755,-0.004144258205779406,0.3863259069214899,2.4850099688271405,0.12421524904530999,-1.944933408809763
0.013929487459534939,0.005213769778851454,-0.005028556039037172,-0.004000953012930248,0.39156415280799006,2.4549011098061064,0.03258965035389421,-1.9273775132237583
0.013680948218317208,0.004817012181009914,-0.00521687693688817,-0.0035277264142540184,0.3866166161477318,2.292164537726732,-0.19447546372233385,-1.8222946422047328
0.013700539772373706,0.004984730004336293,-0.005242167263545795,-0.0037200775082533344,0.4016273264922287,2.396245213543891,-0.14991660800777507,-1.8884881058435303
0.013839572368405143,0.005102190464430379,-0.005110321976217669,-0.0038672801302748437,0.39387306572445796,2.420868942716805,-0.04705521026699102,-1.905702303034557
0.011366025123688098,-0.003407588672434486,-0.006458478144435458,0.0011526272916285933,0.2676949323670661,1.1605124009144054,1.1596994128999856,-0.888434301455739
0.011586498210465396,0.003443485701302116,-0.00636839503900924,-0.0013292198206254437,0.2809716108326683,1.2758821471334938,-1.0937283232167674,-0.9948845076785907
0.011791425117281984,0.0035347703328817742,-0.006305096418999941,-0.0015219490615048248,0.30003496203257135,1.3989968124001726,-1.046439458169422,-1.099637041462886
0.013260107204977375,-0.005173404229977046,-0.0058417129553162825,0.0038656843390568124,0.4952463948971312,2.708817596322707,0.38784694374373047,-2.0641963585639247
0.013344137362702235,-0.0052011867535978725,-0.005747366844611399,0.003922452612194327,0.48485448729163905,2.703705415263151,0.32131733997873896,-2.065440704138935
0.013171688373910688,-0.005100093559931737,-0.005918883967359115,0.003747398257767938,0.49637181594134744,2.667924164376591,0.46495403525783535,-2.033846226995347
0.01333793205184471,-0.005140544269917087,-0.0057303686675875135,0.0038449039975331904,0.4750507950756595,2.650655421308237,0.33796542617891184,-2.033523482137532
0.01308345215342524,-0.004950297788588874,-0.005954074712027158,0.003535330284468937,0.484666119397329,2.5510039536599374,0.5451873208502966,-1.9566722059079769
0.013173341844123101,-0.0049903092820295595,-0.005866165241420641,0.003614475268378304,0.4772169487395413,2.566358770706248,0.4773891771151801,-1.9722396749877682
0.013027850172196376,-0.004866977206475923,-0.005977818217040415,0.003416738209873761,0.4769698029472314,2.487591844419065,0.5901485421547908,-1.9128989247766988
0.01294731994214374,-0.0048077658720540265,-0.00603958632852338,0.003315770620376933,0.476507217601316,2.447355436258151,0.6476668503450141,-1.8816823845393231
0.011532008908762985,-0.003369827379590032,-0.0063529747720474025,0.0012521960518086328,0.26944282850029233,1.2210869509240643,1.0852952017067359,-0.9539162434194765
0.012012534841744372,-0.004083658067382803,-0.006498213903589757,0.0020559607785259064,0.39307186730799265,1.7792117797914566,1.127963043809878,-1.360398698133227
0.011659337654348616,-0.0035237942125258847,-0.006376950789087405,0.0014249006986512694,0.2949422908296355,1.3421961608815833,1.096595621146711,-1.0452168255417897
0.011717291381691392,-0.003672063360289768,-0.006434968111043637,0.001554510420809917,0.3171155035049056,1.4372348505648744,1.1284123167008153,-1.1106309393476228
0.011842262309215782,-0.0037850015288564973,-0.006426541220315717,0.0017170232439252516,0.3389875485904384,1.5431770480661917,1.1129630269422728,-1.1931342755373233
0.011932586159409063,-0.003944652229453173,-0.006466697338610807,0.001893372711369398,0.36672857741348747,1.6661550041363034,1.1237730002842292,-1.2809396193456453
0.012180047336282822,-0.0041189458276787464,-0.006387242022120537,0.0022025939402975175,0.397530106816852,1.851214208588307,1.042968041138349,-1.4283119459823383
0.012317135579569658,-0.0041759666331531485,-0.006307215523995722,0.0023404826395199917,0.4052210494051017,1.9215159487890694,0.9783848479265391,-1.4894206875549936
0.012399241991390579,-0.004305491322549904,-0.006313343439828423,0.0025071164659689533,0.4271293739407125,2.0269365772870063,0.9588675394779066,-1.5643333452263075
0.012477607072582157,-0.004464760663297709,-0.006337384879038731,0.0027055361525379984,0.45295306661402795,2.15820424469358,0.9403090342407897,-1.655165133513824
0.012611493512092037,-0.004567053161428637,-0.006266147737261091,0.0028869725466341904,0.4647359721768468,2.2521742345794293,0.8666424553620422,-1.7283062125360098
0.01291367088044819,-0.004707846718545343,-0.006025191429980787,0.0031900022773697933,0.46231787549776543,2.366122774256224,0.6699021548441974,-1.828778886524056
0.012838652404975068,-0.004621169284805864,-0.0060603329872121825,0.003062319807851883,0.4539943818869691,2.3000377861450296,0.7169924428403328,-1.7809055703897767
0.012750686704125068,-0.004520235529112158,-0.006097630873454552,0.002914212020987917,0.44382856810121263,2.2213534927820073,0.7669303806715462,-1.7241275926911646
0.013387964528256292,-0.005250389720038757,-0.00571111267858253,0.003994865026876556,0.4836225830219642,2.7316455566236084,0.27906890737241175,-2.0842777360954456
0.013442168672935706,-0.0053765825611311515,-0.005688953630614416,0.004169654456146312,0.4921130428726591,2.82657278304613,0.20377822194846268,-2.1428155730821206
0.013439875176099531,-0.00530681126760522,-0.005665831085086917,0.004077782078321305,0.48347481158594074,2.7609751804260605,0.22683998482369186,-2.10410111146471
0.01349537502744452,-0.0054396239113984005,-0.005640682872378012,0.004261893591639727,0.49103161946164614,2.8596162528499636,0.1451236557565683,-2.1638429828950794
0.013567113572867079,-0.005519878939938807,-0.005570590105784215,0.0043786088164339335,0.4872569301453797,2.8954914965721055,0.06413762788383585,-2.1861881446006497
0.013855021937536585,-0.006033280012864522,-0.005279505380066407,0.005106104122020887,0.47732050921807895,3.159445326557099,-0.41733520583586187,-2.32106384982095
0.013916559836748952,-0.00603323656818246,-0.005187413852987585,0.005094016725873981,0.4627304730408612,3.098871972131718,-0.44999437397053393,-2.2857067716415127
0.013750049272746439,-0.005843547359238611,-0.005400432408514803,0.004837841599317916,0.4843073398580619,3.07640379553539,-0.22427160409645594,-2.2849418192508426
0.013780909381274709,-0.005916110416855457,-0.005370173083837007,0.004941762652207894,0.4843013213018713,3.1187461936589327,-0.290433414943366,-2.30566177456028
0.013823589709718496,-0.005973518401749578,-0.005317223008154668,0.005021638140664309,0.4796763989202177,3.133799589325194,-0.3555296655305303,-2.31073618384177
0.013596037185159067,-0.0056060543206633414,-0.005557732346040464,0.004499668866989143,0.4919696642407581,2.961196554219042,0.006430957735353446,-2.223878532124625
0.013603810715102305,-0.005680568846435204,-0.005569250623129862,0.004605238716274953,0.4995657379404044,3.0296029085088,-0.035466404168759104,-2.2620867077876308
0.013720487566117465,-0.005771419772437076,-0.00542661833745725,0.004735087786619471,0.4838863488259078,3.0306380666252393,-0.1618403602770806,-2.2613044102499504
0.013665116522202831,-0.005719473191438048,-0.005492715509537603,0.0046618254611331756,0.49064518358035597,3.0230199896569627,-0.09677814025062935,-2.2580202236339777
0.01398375935387286,-0.006029414021411765,-0.005088040960688433,0.005073604601912613,0.4473311080464127,3.0309411924110914,-0.48034573471725,-2.245745723279811
0.014014749151114453,-0.006089374653436027,-0.005047569366340939,0.005153735075297982,0.4445500641363473,3.049303279093023,-0.540513696612175,-2.251172839134243
0.0140450088180556,-0.006195065660734049,-0.005008258166332936,0.005301861370355936,0.4442023601665129,3.102517989360653,-0.6397903324016126,-2.271343873978086
0.01404717987060215,-0.00613699811759673,-0.005002622173164471,0.00521479855047243,0.4400933176583798,3.054494417568879,-0.5928057738081687,-2.249362054112577
0.013411391099820133,-0.0051755398750095195,-0.00565267488177658,0.0039049838682564124,0.46951759898723905,2.6543958086315222,0.2801247371610816,-2.0389777381655603
0.01453482296245937,-0.0070384545177461675,-0.004105929394965641,0.006285062180046226,0.35625765508088586,2.9343487279288216,-1.5863249927861378,-2.0033677862384454
0.01457144268300992,-0.007072494212413748,-0.004037160763922348,0.006302626813188079,0.3489675853161931,2.8915402957488623,-1.6186862909060162,-1.9695177790146763
0.014605042827649335,-0.007111905683607887,-0.003970083578841267,0.006329216238075361,0.34229147370929974,2.852539630230618,-1.656525238295426,-1.936065346122847
0.01453773435574312,-0.0069820312343655865,-0.004125507634591742,0.006199847361677464,0.3559089173005168,2.9180181349681114,-1.5215036427315705,-2.010530761803695
0.014473308600499366,-0.00686107591020307,-0.004265441408568229,0.006073372443796653,0.3689887586092208,2.9686858023728147,-1.3917946131832544,-2.0711552451254316
0.014526001842410185,-0.006909256897364028,-0.004170958606829898,0.006103243416604961,0.3580469206717944,2.9148400780725714,-1.4414901771659172,-2.028194755005533
0.014394453983040364,-0.006723167927575634,-0.004423895735294544,0.005924745620982839,0.38385647054382366,3.017518136130846,-1.240871761773754,-2.131842515593458
0.014419059524420815,-0.0067635066888778374,-0.004376287011391974,0.005968066304617091,0.3792383704281998,3.0030087434514905,-1.2853517755155714,-2.1143128061245426
0.014463842061635689,-0.006796086661687538,-0.004300380713581885,0.005984528796361182,0.37013379552570014,2.9583714916820827,-1.3211206337067771,-2.0809986671077945
0.014296213727641453,-0.006637104129838319,-0.004592012979384511,0.005857427044229428,0.4036753739418649,3.10187206097661,-1.1390734762795633,-2.1994270218337477
0.014361068149327152,-0.006670038846095166,-0.004486886011136578,0.0058670135931110845,0.39011476285488145,3.0358240608871125,-1.1815844297550326,-2.1540557311419746
0.01441681862804228,-0.00668128272195319,-0.004401382507570324,0.005847871002603585,0.3787831348879074,2.971305305943664,-1.1982045059468656,-2.113906192408186
0.0141433333414443,-0.006294642202621998,-0.004861263901198239,0.005415695545273154,0.42702505851974787,3.0700421302391008,-0.7639392058345157,-2.239365641960321
0.014107594063845205,-0.006231997769017785,-0.004915416502774279,0.005335814913473466,0.4316046983210238,3.0635247171736997,-0.696154721853704,-2.2437377255728035
0.014306241238540749,-0.006570628651356808,-0.004589223793312309,0.005750916865182626,0.4004461288993701,3.053522674926313,-1.0710735585857283,-2.1844134303704847
0.014292316960578092,-0.006505649496985566,-0.004620436127924413,0.00566145210372817,0.40152144942587825,3.0341364631206194,-1.0033197793739361,-2.184801282861549
0.014268614835536606,-0.006444747387995483,-0.004663723386169553,0.005583185823207982,0.4053412009502962,3.0261956336433804,-0.9389969768827143,-2.1905121911624494
0.014221674877707757,-0.006379519812984229,-0.004739892144089261,0.005508815894723489,0.41302585026287975,3.039431978950062,-0.8656453833751242,-2.2088038973071034
0.01420958439855007,-0.006302754783854948,-0.004762918595466196,0.005400796039441391,0.41274693383912625,3.0034755046506594,-0.7929866749598986,-2.198340532233775
0.01479299445912125,-0.007573786461352154,-0.003426158363541655,0.006772323843721243,0.30411068049813667,2.5802618178103565,-2.1099736613927162,-1.6234985224324598
0.01489379073681823,-0.007830551277568513,-0.0030891346544316715,0.0069743140891527795,0.2850619601410717,2.367769404942703,-2.3252171510737862,-1.4019655816641057
0.014888475266737023,-0.007781475020296139,-0.0031380918273158924,0.006920669527912439,0.2861773584840012,2.3944719859840493,-2.2774352508842473,-1.4389824873204111
0.014824681055449518,-0.007602932524762146,-0.003362716305284974,0.006772898128909109,0.2984658573027732,2.5325564238580998,-2.1245813335048855,-1.5875675107192782
0.01485258700009149,-0.007638700161307771,-0.0032992684128635564,0.006785506768557842,0.2930673333275999,2.4876678753416237,-2.147460278900979,-1.5500884420908905
0.014854030083442788,-0.00767055647839192,-0.003272523815969279,0.006824471298112327,0.2929745586647976,2.4761983975154154,-2.181051802388119,-1.5300907616119792
0.014873818637078269,-0.007699673869119197,-0.0032241314169725427,0.006836947011083256,0.28909662563848143,2.4422286512030116,-2.2001361372153796,-1.500636157599156
0.014883229056244566,-0.0077393015620200074,-0.0031799696608951753,0.006874884204165093,0.28739716193547427,2.4168223234138804,-2.236293705662628,-1.469957478468583
0.01488595229513637,-0.007945419087709089,-0.002993965348567957,0.007124909170722067,0.28526943319647047,2.3228323018318697,-2.451334187785982,-1.318960769035171
0.014911027399397021,-0.007874138950926946,-0.0030293881008778725,0.007004548882378918,0.2817859960269715,2.327740840918407,-2.358091896549786,-1.361521918451369
0.014915160329264009,-0.00791244083231026,-0.002989582126446421,0.007045091231334423,0.2810831855193806,2.3045691014407277,-2.3944977104515837,-1.3306646897107324
0.014904943088622969,-0.008038133852885656,-0.0028812682091143567,0.007208577076978625,0.28158489831049577,2.2490303012213544,-2.5310357840130693,-1.233354108431975
0.014927450708820796,-0.008068918313689314,-0.0028242165936838317,0.0072119917584279455,0.2779174142414096,2.2045141529582986,-2.542653150688343,-1.1971239823034072
0.014978073518909181,-0.008249800707635488,-0.0025777188587920233,0.007337740629816445,0.2699193563036811,2.0279205749588436,-2.6686430530230534,-1.0126196486042431
0.015004421524332151,-0.008287872646907795,-0.0025080481426883005,0.007337529656653984,0.26591570510633494,1.9722841272016536,-2.677539548835676,-0.9676961762204368
0.014943865294825213,-0.008104782102887112,-0.002769011674852587,0.007229141607307408,0.27530659366083293,2.1636445840333347,-2.5635725239137863,-1.1589468023185692
0.01495566528676467,-0.008144163494101636,-0.002715044581856566,0.007256067784259387,0.2732157266411383,2.125190944838429,-2.5910129024969546,-1.119122133298904
0.014958618746577486,-0.008185067668357577,-0.002668688408403581,0.007296960247429489,0.27291513466736944,2.094632586673416,-2.6269929307098643,-1.080555762580927
0.014990992087897097,-0.008209434912884193,-0.0026075016997491405,0.0072749418293073945,0.26779070392529497,2.0426377214106863,-2.61990960414127,-1.0464958567480551
0.014910900346793416,-0.007990772473799843,-0.0029207345268269856,0.0071442998934322256,0.2808741777130615,2.268933867067648,-2.477961193426889,-1.2705211864460748
0.015029076517351098,-0.008353683949957098,-0.0024091860693822007,0.007366670112734924,0.26240066269675405,1.8971004062308907,-2.7103111959963075,-0.8959922973027291
0.015039018842722077,-0.008312011436408666,-0.0024457926436385687,0.007309257512612774,0.2609394701182319,1.9189439714080034,-2.66541345502487,-0.9342057164656046
0.015059650718036624,-0.008377541176214474,-0.002351873009799016,0.007342703511055977,0.2581917617792972,1.8482941897187446,-2.7000971570833077,-0.864509951688448
0.015085047971888203,-0.00840951440575166,-0.0022909734120193344,0.007334030614718845,0.2544336713854494,1.7989426162262379,-2.7008812683375254,-0.8267600059951741
0.01511283440864738,-0.008577295578557293,-0.00206850549235232,0.007443094291294301,0.25171545304911774,1.6331802056467317,-2.798404899571464,-0.6488027441378876
0.015097620747786587,-0.008533256319540564,-0.002134890902440182,0.007428749689206156,0.2535334338934529,1.684862832175511,-2.7825642870145466,-0.697575464996846
0.015094738459905438,-0.008487088659801497,-0.0021921976670277224,0.007391420274394778,0.2535119492549705,1.726547862133468,-2.7512895197897795,-0.7460140906024394
0.01511959741736632,-0.008463178022287729,-0.0021971889842766807,0.007330146601868334,0.2502931879282835,1.7240062259924378,-2.7081960292924117,-0.7658126526790031
0.015120750234337371,-0.008424757886781556,-0.0022400027602905294,0.007292816073600533,0.24994781803790597,1.75369645838134,-2.6777865803466017,-0.8037673115056526
0.015155344559271915,-0.008780997943883742,-0.0017802068782434152,0.007538861984006404,0.2481450602907964,1.4104612964780483,-2.884595013158883,-0.422711881738095
0.015157802890312955,-0.008819251628784592,-0.001729167788342369,0.007563357469303708,0.24826207670172404,1.3711815103081728,-2.9039711178919423,-0.37935013769500653
0.01518985199190283,-0.008797573621943616,-0.0017332734718549846,0.007493259826540845,0.2435111975263781,1.36915566620247,-2.856405013302369,-0.40398311699726136
0.015121282471381942,-0.008646977373780411,-0.0019760805205281356,0.007488790230509433,0.25125940640479927,1.5634862549978241,-2.8374388919983624,-0.5727780024275991
0.015119230141313682,-0.008684728869926819,-0.0019307105499033802,0.0075234606065040085,0.25192069242729537,1.5302711030543106,-2.8645977595078747,-0.5314609828813436
0.015117736796431793,-0.008725013209814593,-0.0018809956209654896,0.007558616839943909,0.25262280631553274,1.4932109332469938,-2.892118225409748,-0.4864320387618357
0.015156117798483809,-0.008744441561273032,-0.0018260868697440316,0.007509498760888547,0.24749541235787295,1.4449718678567083,-2.86192120113124,-0.46358411627575685
0.015145386123999493,-0.008629670881072709,-0.001977190148611824,0.007434772748728247,0.24765247557370848,1.5591947314267365,-2.8003199734646347,-0.589107606187618
0.015151343795266095,-0.008597628145311667,-0.002010937155723966,0.00739816674364232,0.24654798335124498,1.5827116186922827,-2.7724681971176004,-0.622462093729939
0.015168234228569702,-0.008850356161849685,-0.0016812166927218234,0.007568257391261448,0.24731569230582753,1.3330653353315016,-2.9095983951244464,-0.34427052096696503
0.015170900162381713,-0.008876147778799056,-0.0016456571663135849,0.007582050089529146,0.24744647565789615,1.3055627872709936,-2.9204577222545756,-0.31496368658773355
0.015184939460115041,-0.008956136209844635,-0.0015304256216944448,0.007612346546073538,0.24683788476968746,1.2147343011628513,-2.9449943613935474,-0.22352603528627799
0.015188098883015989,-0.008905492846697434,-0.001595253052391127,0.007572926338288676,0.24524082090424604,1.2642911423307088,-2.9163590538897166,-0.2823115265940532
0.01464306891977471,-0.007169649472611276,-0.0038869396058066616,0.00637619154283872,0.3346056593214509,2.8082327110643135,-1.712728002765468,-1.8937326968524302
0.014780774197324245,-0.0074481641409387365,-0.0035311715127313704,0.0066189867054306855,0.3075301621828829,2.6197003465107183,-1.9760217909896325,-1.6953173346636288
0.014808390333190332,-0.007527323253889572,-0.0034396529446166046,0.006692960432769651,0.3020269525265779,2.5705439619859978,-2.0500892010185225,-1.6387023726938441
0.014823312315116965,-0.007476495545831107,-0.0034555742670724214,0.006609148481496884,0.3001919837241216,2.561399265295279,-1.9870734056225061,-1.6546105991627804
0.014791465806923313,-0.007388490441607428,-0.0035559325532866356,0.006527564192309285,0.30652123526804825,2.6135620263394634,-1.9055256629047934,-1.7148108293785609
0.014768133570424375,-0.007337225302714097,-0.0036192437200995423,0.006483445278515162,0.3109804844697574,2.647424534460908,-1.858668512068352,-1.7510114371148315
0.01474861371905673,-0.007296062125836385,-0.0036703490666847105,0.0064478524633100245,0.3147780489649045,2.6741309739177597,-1.8209485818149205,-1.7794239998981751
0.014716766219221907,-0.007193262542648019,-0.0037715856309595195,0.0063387384511192826,0.32169097263160107,2.7145949410542474,-1.7185304160965766,-1.8350449684098784
0.014751585274686898,-0.0072431817976464415,-0.003696705822469761,0.006373010621747007,0.31472844618620494,2.6715891497585766,-1.7621321417374838,-1.7957568923494913
0.023834751609882947,0.023851174499269674,-3.081235194146376E-6,3.0147947487002446E-6,2.4024347316440285E-4,0.006298155974463528,3.1939340643884765E-4,-0.005802907751805796
0.025,0.025,0,0,-3.2568161255852395E-4,0.0012930195274590672,-1.4975235400339096E-4,-0.0015480187924630238
0.023267296774415816,0.025,0,0,-0.016830301965851037,0.00531273608334467,0.012413137194081277,-0.007346145724566718
0.024999999999999998,0.023267296774415826,0,0,0.014991154680226848,0.005567099748486011,-0.01259997734212801,-0.0038954528493447683
0.01467493956581512,-0.011936277067825614,0.0031420131402572055,0.007586229820600212,0.3321090099629361,-2.147721378608533,-1.8940769455920352,3.3491391122919505
0.01468495651148384,-0.011905441326613593,0.003095348353302384,0.007610770271212951,0.33297400907578784,-2.124565621787216,-1.9301442565210862,3.3277063833365053
0.01468086442298601,-0.011920851775684032,0.0031175515835059234,0.007597229001489909,0.3323178715913289,-2.135316949936614,-1.911995252154606,3.3368002775245027
0.01472270531254771,-0.011862077491827478,0.0029997188747296973,0.007608338467895568,0.32845024797262884,-2.0678845574533025,-1.974532933071391,3.251884715910562
0.014715266660833691,-0.01187658576393527,0.0030251778693941543,0.007601586918960695,0.32875922835209687,-2.0818757156628465,-1.9587757190824375,3.267681732294747
0.014707041093936462,-0.011890157751930206,0.0030505481022911197,0.007597001761067257,0.32934673773213774,-2.0960809962429967,-1.9441792413218406,3.2846589170390676
0.01469977312315949,-0.011901874734586142,0.0030726532974523425,0.007593150644098547,0.32986486837358076,-2.108427977462826,-1.931476584560056,3.2995187596639086
0.014729601089913849,-0.01184717686595786,0.002974447430602192,0.0076162097414155085,0.328290410026081,-2.05410200892052,-1.990750693123261,3.2368578711857023
0.01475923092508117,-0.011713125635500992,0.0027823971942990753,0.0077299449428916344,0.3335622952635431,-1.9545413657095516,-2.141898762312455,3.1529872420192366
0.014764184165308602,-0.011697828154569628,0.002758166402774891,0.007739712101674527,0.33369964431892546,-1.940950174972803,-2.1581859614767307,3.1395384039231184
0.014771427481383444,-0.01172648577243327,0.0027843166189617766,0.007695200143191103,0.3295323316094975,-1.9508479321461485,-2.121702585055159,3.134253325173717
0.014765016146838564,-0.011740991124311626,0.0028090227574391305,0.007688441859036694,0.3297123760357197,-1.9650178346363616,-2.106839140510304,3.1497508451908014
0.014755988402398348,-0.011754621960128882,0.002835728857011785,0.007686631358021933,0.3307417760001869,-1.9810561666817001,-2.093734288636479,3.1696814983613453
0.014722435178433144,-0.011817422069896465,0.002949220512900846,0.007663495634809001,0.33287132777720035,-2.0462476403951704,-2.0286180975774073,3.24511285264872
0.014725751459059626,-0.0118016275804971,0.0029269071555368914,0.007677568365758447,0.333590882758298,-2.03497832437384,-2.046769281709835,3.235972277031108
0.014753810153405007,-0.011770692831661468,0.002857215072122853,0.007671077603469835,0.32972489569805524,-1.9918847733315685,-2.0753284180967984,3.1774664571584075
0.014747565223078884,-0.0117850159985233,0.0028813696513502423,0.007663763606116217,0.32995582264266066,-2.0054358208190197,-2.0602187705391817,3.1921115740378396
0.014740714643357189,-0.011797413508016778,0.002903974442598675,0.0076595292444893,0.330437700979989,-2.01844463993554,-2.0474605500298977,3.2073238193422933
0.014736124896932205,-0.011831687019962218,0.0029489098467802986,0.0076251797537631736,0.32826265903323887,-2.040252063844235,-2.0076335662619402,3.2222333291622944
0.0147738339819641,-0.011667686015751706,0.0027103343274695294,0.007758631141392178,0.33391100872795026,-1.9138559890238833,-2.189966450082323,3.1126751182985575
0.014769577298119839,-0.011682805334694402,0.0027336976112550555,0.007748289161175565,0.33363716796569753,-1.9269617151484002,-2.173866350683546,3.1251561533810377
0.014788854105468869,-0.011663543154850468,0.0026883289867178656,0.00773916092534746,0.33065431091936764,-1.8974878446116539,-2.188759693701827,3.0839244381239785
0.014810191403228425,-0.011621054829399964,0.0026122760578889876,0.007751757903796183,0.32890372235436627,-1.851517754041945,-2.228777718119187,3.0309317015221953
0.014803317389976055,-0.011636158896043462,0.002638539052374201,0.007746312422178978,0.32935586586040055,-1.8673079218580337,-2.214421429536216,3.0486217651382668
0.014796276769186453,-0.011650956983681116,0.0026645853359362464,0.0077412831255781285,0.32986700794320795,-1.8829508282325806,-2.2003141290772565,3.066354596065444
0.015084658521501223,-0.010784312930372547,0.0012267408983795897,0.007953503997541798,0.3000697554490323,-0.9267748156544365,-2.8311899333139148,2.029262604036274
0.015087983522005341,-0.010747673928400293,0.0011705537737171081,0.007966220439545327,0.29964826576301323,-0.8864244175442783,-2.8539475591408614,1.9902997236680238
0.01510224078294442,-0.010767983463022289,0.0011934546600769098,0.007929611453566953,0.2963627280960282,-0.9011863724754762,-2.8261346681243666,1.9907505936802663
0.015098055730572222,-0.010726808944640273,0.0011344563541591946,0.007957900618154781,0.2976052077501774,-0.8595603074323209,-2.858592334002443,1.9571952846424223
0.015104905673939267,-0.010703385788512229,0.0010962238784019958,0.007956433924398347,0.2962680181070469,-0.8314519812589082,-2.8677031654306,1.9257930603331015
0.01510931962176341,-0.010675205398874149,0.0010520370055674055,0.00796124411293885,0.29548753906271136,-0.7991947005880827,-2.881902403392,1.8926772773907723
0.015029408421657202,-0.01097228241991958,0.0015354674470074612,0.0079432492932758,0.30918344390578184,-1.1479829938205557,-2.735344163069825,2.272568411783024
0.01501331417357224,-0.010991731483082842,0.0015744474389870864,0.007959504951400157,0.3124224597904885,-1.1767454304902503,-2.7327397457329345,2.312307827489928
0.015009488482879968,-0.011015620891586203,0.001611696665131194,0.007950129361417245,0.3126739563693286,-1.2023586656874021,-2.715526713122763,2.3374820439678854
0.015083833571290235,-0.010807078546344585,0.0012608629186064947,0.007942863757303598,0.2998362932567294,-0.9509315987442309,-2.815534352147914,2.0514075506880824
0.01507131110705633,-0.010832417652229701,0.0013051472267884086,0.00795191769192549,0.3024125337597982,-0.9835219269624799,-2.8084962872477064,2.091504102137243
0.015065338609998737,-0.01085930052017115,0.0013481425969872824,0.007947566079763406,0.3032675618906561,-1.0142663532199114,-2.7937031768478735,2.123909707537844
0.015052350762429662,-0.01087924017053854,0.0013850846695557084,0.007959672800579994,0.30593510003750346,-1.041605471825837,-2.790140336946908,2.159736784973228
0.015058661137706751,-0.010905090810008039,0.0014191673799538813,0.007932599324446706,0.3039734546683617,-1.0643824224429552,-2.7642066963752714,2.1735522151545577
0.015040887381014854,-0.010953003983573004,0.0015000130734039137,0.007934952818705295,0.30706509090007783,-1.1222055233253616,-2.7413372786681407,2.2397507146071827
0.015050309078226815,-0.010931319014450472,0.0014625286754260355,0.007931602177560136,0.30529228115676293,-1.0953015787907285,-2.750704193828616,2.207921204527476
0.01481654133156917,-0.011604040888247803,0.002584171642683391,0.007759926939852306,0.3286715103270443,-1.8348427055993888,-2.2453788236530823,3.0133055341780226
0.014832096719753555,-0.011589181640463415,0.0025488790835182847,0.007750545543583384,0.32599079574778766,-1.8113572724434588,-2.255027204918687,2.9800218145969044
0.014842084388712965,-0.011573827302064035,0.002519025891920324,0.007750528540652773,0.3247388837392045,-1.7924228516681409,-2.267531305036297,2.9563697648371434
0.014847421612652385,-0.01155880027227464,0.002494486509614167,0.007757560909302768,0.3245420958719109,-1.7776349692883977,-2.2817355598929905,2.940842981447816
0.014911002052844813,-0.011347434644096528,0.002155824017110831,0.007857776736330903,0.3225493903552215,-1.5678938933422015,-2.4730241463976657,2.726257789223937
0.014902203207094589,-0.011367455452740122,0.002190867162157294,0.007854454201481856,0.3235867954596629,-1.5908555510317668,-2.4578262434092184,2.7525152325892566
0.014897710983192999,-0.011390439581494244,0.002225809193935653,0.007840663329439175,0.32337706047986065,-1.6125306568472262,-2.4365341610910387,2.7728935364293665
0.014858988772287031,-0.011521536001807718,0.002435151180313811,0.007777013515815652,0.3244141172768669,-1.7419668236045391,-2.3172008775130988,2.9046413357347234
0.014852967011076655,-0.011542621419230134,0.0024682254995395544,0.007765270790289282,0.324356381616644,-1.7617771134574565,-2.296968536571114,2.9243208473849687
0.014891709495472312,-0.011408610358278996,0.0022556528231994226,0.007833672387223491,0.3237275957033481,-1.6315116824835838,-2.4209712410572,2.7929718528573937
0.014883876792210033,-0.011428197294943968,0.002289080853263187,0.007828159626358286,0.3244699617846302,-1.6528899521667848,-2.404784285568525,2.8166668348458836
0.014865724290646622,-0.011483938657158568,0.002379883233384179,0.007803849068592425,0.3253210903420986,-1.7093780143567818,-2.3548588915286257,2.875635325850389
0.014874013749154216,-0.011502684775680635,0.0023957572557987074,0.007771241288185577,0.3220571580142458,-1.7159138694938358,-2.329954645905154,2.870126700845304
0.014874571464921816,-0.011466055308714144,0.0023478256727442596,0.007806834392252128,0.3243190121678898,-1.6889070890382916,-2.3693925423298285,2.8517556423892585
0.014880992030819402,-0.011449434948379241,0.0023198016521714312,0.007812390150907594,0.3238153070994462,-1.671251407793019,-2.3836959633460606,2.832469627303609
0.014974070682728609,-0.011126813547474933,0.0017969534949634266,0.00793272660781845,0.317409302831215,-1.3306513077074398,-2.6447085006278397,2.4778658705264505
0.014965943440308589,-0.011142672604080897,0.001825748038728334,0.007934956549914824,0.3187528695756218,-1.3508153610425173,-2.636215057338958,2.5023146893702903
0.01496080883180228,-0.011157957030816549,0.001851421269306604,0.007932101259943855,0.31937868210896253,-1.3683274960167748,-2.6257650661681033,2.521531209631492
0.014957396224623507,-0.011173554137730383,0.0018761476744236177,0.007925756771580946,0.31959211269814003,-1.3848199803017052,-2.6135451570714845,2.538087805429715
0.014953872411176114,-0.011189418326767035,0.0019012917669093612,0.007919219419284624,0.319770225616395,-1.4015247284527133,-2.6010036565243992,2.5548566055145723
0.014949916958781584,-0.011205434806868093,0.0019269526657023767,0.007913140816850626,0.32006136926695566,-1.4185728390791346,-2.58847638359261,2.572277074173636
0.014945433712422587,-0.011221631152704676,0.0019532589304610062,0.0079076555856174,0.3204302503364365,-1.4360569364190352,-2.575993089194751,2.590519183034134
0.01492408152899489,-0.011297535504035573,0.002076320662068428,0.00787995421866679,0.3220095392261233,-1.5168358871593794,-2.515439246880487,2.6745165037894836
0.014921031020307422,-0.011313916846380381,0.0021013694629492138,0.007870721319085337,0.3219027088414645,-1.5327706072027836,-2.500852095817574,2.689623218553416
0.014917011591982271,-0.011330655193133752,0.002127694710801553,0.007862657127944555,0.321993186249774,-1.5496049724813812,-2.4864003988183527,2.706361078816698
0.014939905117483651,-0.011238482974401585,0.00198131815686421,0.007903257388756435,0.3210067639275627,-1.4547708228634344,-2.563439690925892,2.610737714002631
0.014932214015361621,-0.011258577816143879,0.002015692857582933,0.007899648936349464,0.32194536405746427,-1.4777713046809882,-2.5489766060480186,2.636443323294477
0.014928355390734277,-0.011280551171862123,0.002049299549228695,0.00788739987476021,0.32183511015303284,-1.4993158034026832,-2.5296741424041866,2.656808850034928
0.014997390663812485,-0.011126074145713568,0.0017781219971698384,0.007891802537514453,0.31211692610578123,-1.3141756497414299,-2.627315713437777,2.4411574223940526
0.015016053565179148,-0.011088231000170149,0.0017108684219507033,0.007886799468920945,0.3090013213079081,-1.2671050647434834,-2.6466871212627576,2.3845893759024146
0.015007887378463647,-0.011107420570502425,0.0017439644350264276,0.007887178452491962,0.3103354640418852,-1.2901135772139891,-2.636010918969642,2.4113103898938673
0.015019273808035048,-0.011033881840401862,0.0016312005633969987,0.007919813723793535,0.3100052763394046,-1.2139095776690694,-2.691623730064768,2.3376111631270384
0.015022286050099915,-0.011056017322783399,0.0016607068781378887,0.007898852203893149,0.3085186580021453,-1.2330004009603706,-2.669999475394882,2.35052455853905
0.01503759405913105,-0.011075684295998584,0.0016776297954671294,0.007857623989609127,0.3046640249883216,-1.2415933102342274,-2.6405681379097143,2.3427855090041683
0.01443758869631543,-0.012394519447475258,0.003915785844995527,0.007256908922248929,0.32793274540535666,-2.4997576309066294,-1.3079905247082693,3.727494639358735
0.014511426196424218,-0.012253618204598924,0.00368452642355542,0.007375971318277086,0.33133916444267536,-2.407956138544787,-1.4998103054852925,3.632599484512062
0.014504773219929193,-0.012268014284186883,0.003707215813836325,0.007363409888687014,0.3308656458007287,-2.417169161816435,-1.4807248641061659,3.6415662246141056
0.014445322820720698,-0.012380834275652236,0.003892840523486718,0.007268499924683309,0.32822646671278827,-2.4909907853222264,-1.3271128720934209,3.718156812771913
0.01445314456271008,-0.01236715233761154,0.0038696874473298725,0.007279817442428925,0.3284756607505879,-2.481978006139388,-1.3461568933707868,3.708443139422123
0.014460605523030795,-0.012353112097674613,0.0038467082099219317,0.0072919620736225715,0.32883232997958384,-2.473146049081928,-1.3654855155596808,3.699345626474376
0.014467716988835713,-0.012338891974259287,0.003824018925965888,0.007304651563771793,0.32929046466793005,-2.4644897823220013,-1.3848959636396574,3.690766022487868
0.014497731770711944,-0.012282561819512683,0.003730519372634703,0.00735096465071153,0.33046397962519053,-2.4266360802955167,-1.4613247630613004,3.6510188237289385
0.014490175824519697,-0.012296884912011412,0.003754300062334549,0.007339344306155136,0.33019674885985206,-2.4364308841716458,-1.442048012160883,3.6613076384156256
0.014482423368574304,-0.01231088308108578,0.0037780131706095167,0.007328288574508654,0.3299926255993986,-2.446220772918792,-1.4230493451102557,3.671859252360185
0.014474873089735135,-0.012324791718277009,0.0038012717987646293,0.007316943627938703,0.32971727196687245,-2.4556306182651824,-1.404098130781735,3.6818356304555806
0.01452802781341709,-0.012252741445561434,0.0036594489907710095,0.007355652411121781,0.32791969877934063,-2.3906150025496626,-1.5029931360724493,3.6008859304077823
0.014563582126895305,-0.01218231953770764,0.0035434187956362288,0.007410004515219191,0.3291007662878203,-2.3400437433413432,-1.5942743053686914,3.5479287882703248
0.01455544117060602,-0.012196217703708946,0.0035680688253463956,0.007401101161687595,0.3291247592134823,-2.3514823659985677,-1.5763754839540027,3.560935102283692
0.014548165672525468,-0.012210402892454217,0.0035916892482608727,0.007390460747484401,0.32893584941165915,-2.361953569507934,-1.5580496300693356,3.572040574292481
0.01453529488664256,-0.012239099882127855,0.003636568796947162,0.0073660026498886715,0.32809588399519635,-2.3807347928778912,-1.5208954682441627,3.590308373391457
0.014542124529334143,-0.012224971611025974,0.00361380684427477,0.007377472841641809,0.32842732070353614,-2.371064503342197,-1.5392672345058236,3.5804818367578366
0.014577423398074859,-0.012152580201534917,0.0034955296441622707,0.007433324999317307,0.3297331699923148,-2.318758065720465,-1.632027721660806,3.5262928824398316
0.01457142045350354,-0.012167740894316582,0.0035184989540242295,0.007420100475363137,0.329162411934755,-2.3286147392601246,-1.6128740416865046,3.535422559329938
0.014589179225015637,-0.012123600584433456,0.0034509451419114183,0.007457760222047157,0.33060291896414856,-2.2991380746498424,-1.6684614056500913,3.507670542206411
0.014583697253157682,-0.0121379401990854,0.003472584260917798,0.007445285798765379,0.3300731621431509,-2.3085765838021826,-1.6504858638739524,3.5163420051058303
0.014604144992277482,-0.012121061103905637,0.0034277144256685452,0.007440683373650213,0.3274868708952529,-2.2832673236637184,-1.6714627939655102,3.479562833398411
0.014612470324695405,-0.012109468101298605,0.0034048692876895302,0.007445166583833983,0.32697971611831944,-2.2715771186772113,-1.685710324597698,3.4650078988113067
0.01465753189473091,-0.012008392474870781,0.0032416213019079384,0.007517672299203534,0.32832327707947245,-2.1933036328773703,-1.8076549190014812,3.384566405281436
0.014665932892829308,-0.011994873831429572,0.0032164180736282692,0.007523333956165878,0.3278657743983086,-2.1799489915090224,-1.8232576139291907,3.3686450562950454
0.014620126813074681,-0.012094864380675044,0.003379943988891202,0.007454544173809141,0.3269245303444761,-2.2595725902740242,-1.7035767184210358,3.4518283058006745
0.014624790190312244,-0.012079449570594272,0.003358200994012011,0.0074690215825466266,0.32778331828114143,-2.2501627375112845,-1.7224650787843632,3.4441251867622995
0.014638983251611153,-0.012049032489345373,0.0033082593654352906,0.007490091622875691,0.3280532316389869,-2.2260589599576877,-1.7592423688856076,3.4188458703562494
0.014637192752905004,-0.012066428227065067,0.003328331009309016,0.007469244911915066,0.3263668015706939,-2.2335860148107893,-1.7378451059061981,3.4215000544347163
0.014649297494046084,-0.012035409927567159,0.0032805262321378694,0.0074936583146673905,0.3271694318421738,-2.2111214438961757,-1.7751788284895018,3.39982643927625
0.014665115330980033,-0.012023560406082677,0.0032473792317082076,0.007486839903551991,0.324886470449628,-2.191286446921897,-1.7881122379032852,3.370444430196621
0.014687230627505475,-0.011950441195355684,0.003141553245947934,0.007549942985923547,0.3277183686066257,-2.141475107201962,-1.8745271949118123,3.327007593666241
0.014680656536208663,-0.011965510925201345,0.00316616365849732,0.0075401556813222475,0.32764133539172025,-2.1540280320837675,-1.8571694662904672,3.3401121514184964
0.014673609484885114,-0.011980363395136367,0.003191088348402598,0.007531157850629394,0.3276755948662505,-2.1668130112934123,-1.8400278537484553,3.3538899936823765
0.014446556228261324,-0.012408453847360843,0.003913152836741044,0.007224695625887856,0.32415195973259325,-2.4911710253852406,-1.2930619556847736,3.7046706198859884
0.014439580776921168,-0.0124224499850418,0.003934904083940914,0.007211548126522367,0.3236260952053009,-2.4988588808939105,-1.273832293024746,3.7120344740781275
0.014432108093066125,-0.012435796128285513,0.0039568227232464155,0.007199844024778302,0.3232752448585415,-2.5068714541394184,-1.2552030527647535,3.7204012538786095
0.014425573495654665,-0.012449655178138614,0.003977599887734906,0.0071860950253575225,0.32266959596350614,-2.5137857832008765,-1.2361470360450661,3.7265714186727616
0.014369564693544197,-0.012546561771190415,0.004136383731687916,0.007097596528302414,0.3197380367679657,-2.5678625701856563,-1.097932095299903,3.782919864035884
0.01436247181474809,-0.012560219644251953,0.004157121694002813,0.007083613745735626,0.3191180457257134,-2.574007136625545,-1.0785034224022858,3.7884864826780853
0.014418564360002536,-0.012464298078051952,0.003999605637855436,0.007171539035955884,0.32196585327068816,-2.521013829608044,-1.2159674200151034,3.7330565566339797
0.014409953296038905,-0.012478361679188107,0.004023568655931728,0.007159583805034856,0.32169628797248606,-2.5296864955119194,-1.1959097659085771,3.7425812026943093
0.014401525176102895,-0.012491521078636736,0.004046498351165426,0.007148662303954763,0.3214775865807042,-2.538020128811569,-1.1769211694539903,3.7519798157298534
0.014378284520257642,-0.012533507667782147,0.004113386969403886,0.007108665389339393,0.3199574156845603,-2.5598853132399246,-1.1172059303474795,3.773783014008638
0.014387175656690183,-0.012519633487318617,0.0040894663009075904,0.007120675400370231,0.32022686984707865,-2.55161546024452,-1.1374432791756455,3.7645477292132945
0.014394505151872456,-0.012505182975420068,0.004067504806973251,0.007135189322256625,0.3209135810317166,-2.544763045652093,-1.1577251415025287,3.7582868017518325
0.014355053603947189,-0.012574909172296202,0.004178974851555083,0.007068188014610733,0.31832625688296173,-2.580214983458817,-1.0576931700751866,3.7938448253019303
0.01422037452371964,-0.012761994423952072,0.0045135583054664976,0.006896833396129599,0.31441958616918014,-2.6806463953016215,-0.7662990303218206,3.9118754524161576
0.014211857314864974,-0.012775754387733158,0.004535151201521829,0.006881560000913652,0.31373114103559147,-2.685278169635465,-0.7451646414075771,3.9161948922833862
0.014345958226075943,-0.012589236673671242,0.004203164878409265,0.007054996724839843,0.31794788205043595,-2.5879304452626104,-1.0365433490803664,3.8022549162605785
0.014336723837020492,-0.012602453823772883,0.004226760203998841,0.007043567243717069,0.3177238306260099,-2.595713949950493,-1.01656773945337,3.8113384058986632
0.014328651477648014,-0.012615534454843633,0.004248309562179881,0.007030958888050296,0.3172884139694749,-2.6022026825317712,-0.9972000077686191,3.8181586347868475
0.014321069900589999,-0.012629339562217857,0.004269432444858748,0.007016507762943605,0.3166172034451286,-2.607944943799884,-0.9771667302604872,3.8234056609687745
0.014312625026919107,-0.012642943350811701,0.004291730767537266,0.007003136254260619,0.3161507997006833,-2.614384445084113,-0.9569214488181615,3.8301268433012914
0.014303628728476894,-0.01265601546587248,0.004314514045814655,0.006991044367732263,0.315812566473141,-2.621271704201263,-0.9369619643676866,3.8379780203254623
0.014295245046368026,-0.012669512219840556,0.004336465369152421,0.006977467447143182,0.31530474556662297,-2.627325428845318,-0.9167380116574727,3.8442127680683065
0.014228648055060744,-0.012748252304805427,0.004492271790735468,0.00691215584234054,0.31515043234274714,-2.676054942564377,-0.7872425570631293,3.9077393945374475
0.014236815822608719,-0.012734768090353295,0.004471190144599054,0.006926996339744521,0.3158351115880404,-2.671321890475,-0.8077961657056859,3.9033544287031687
0.014244964557605022,-0.012721547567101725,0.004450179845066733,0.006941265803798432,0.31646981435727556,-2.6663715174518647,-0.8280008095361285,3.898571809690051
0.014287517013105855,-0.012683442112410301,0.004357493971868844,0.006962360000958525,0.3145971933337351,-2.6324841230143643,-0.8963170525515044,3.8487249293512957
0.014279200922364559,-0.012697066217412038,0.004379203258678316,0.006948199337767227,0.31400601690679913,-2.6380868232531998,-0.8759169746041003,3.85427669581857
0.014270264935811273,-0.012710160638587426,0.004401537751607672,0.006935377281096723,0.3136045399961184,-2.6442125486494565,-0.8557407471008148,3.861091846378986
0.01426128927475928,-0.012722581023279783,0.004423474653778392,0.0069235581205376205,0.3132973236270012,-2.650345979238555,-0.8362547629855889,3.868248906620549
0.013729706333856551,-0.013330058657620063,0.005550030557557698,0.006216044975182549,0.29451934094956733,-2.8046443824857215,0.24864970360655522,4.081728580509251
0.013745343640803577,-0.013333504869820725,0.005520613637597641,0.006202615517507898,0.288658030154148,-2.7931923259811566,0.23724651416832834,4.055171225051076
0.013740149634885991,-0.013318324985389799,0.0055304766673629,0.006233448538092671,0.2951386068677665,-2.8062047997386954,0.22708740921575354,4.08325321165193
0.013755829115464057,-0.013321753478422483,0.0055010471865317165,0.006219859991698319,0.28932692020419665,-2.794588370462692,0.2158147852748982,4.056607990887335
0.013750556019033763,-0.013306558565652453,0.0055108588421042895,0.006250798888956747,0.29618786097724314,-2.8075733754237535,0.20545341312758672,4.084642832089641
0.013766277576603725,-0.013309950714843718,0.005481426441189991,0.006237074692695911,0.2899180133263846,-2.79586855670425,0.1943651441507908,4.057923377760084
0.013760925383283714,-0.013294759514952837,0.005491180449819298,0.006268092900503552,0.2974709097883576,-2.808749563582768,0.1837597904020216,4.085913392094513
0.013802030595032834,-0.013247239343570824,0.005411974427379881,0.00633660701341997,0.30108811985950407,-2.812042865708007,0.09704432761200994,4.089856256269766
0.013817778052299542,-0.013250257762126197,0.0053828226183407326,0.006322649024704057,0.29348748763682236,-2.8003260200912816,0.08674743842002546,4.062821080101158
0.01379181033250085,-0.013259167746885668,0.0054318309937620365,0.006319593987481936,0.3019053044421414,-2.8113647383188187,0.11864335969893018,4.089128656314663
0.013807540798818851,-0.01326223583355282,0.005402671746785173,0.0063057065462528,0.2924386385627729,-2.79974784829852,0.10828720935129062,4.062172697831257
0.013781552642028794,-0.01327106398830183,0.005451650304135202,0.0063025044943911335,0.3014186860105832,-2.810604331765205,0.14029963271757975,4.088190205987717
0.013797298983440868,-0.013274214537575447,0.0054224118030126,0.00628862771032332,0.2914015988413973,-2.798990201276403,0.1298383662272111,4.061286422795686
0.013771257625019942,-0.013282927950127593,0.005471440277432286,0.006285331577317549,0.2993947596005712,-2.8097480563135426,0.16202479468169673,4.087095564437433
0.0137870231919369,-0.013286178444166366,0.005442091028390855,0.006271456698879984,0.2907905366461445,-2.7980745889294365,0.15137990882244992,4.060244090135151
0.013776680931126037,-0.013298094325754864,0.005461765249818991,0.0062542672325843094,0.29040242597390753,-2.7970309491211913,0.17289012018340533,4.059125729405415
0.01383386293903783,-0.01325344437116524,0.005353634595620973,0.006308723058346721,0.2925862084653554,-2.7865790900866956,0.06990139669377153,4.035229987697029
0.013844087312477259,-0.013241392345440516,0.00533375301585667,0.006325488070854333,0.29336414342059514,-2.786900445214396,0.04851131532824104,4.035578340964647
0.013854159097547473,-0.013229278364683949,0.005314024391321256,0.006342307718323709,0.29410963016446917,-2.78718481364001,0.027219763799738672,4.0359914045177225
0.013864216993449155,-0.013217216384681783,0.005294208040303735,0.0063589007601655865,0.2947351932948799,-2.787262601561731,0.005959158754748006,4.036124255650036
0.013894658399396716,-0.013181056127349764,0.00523358684442591,0.006407627880927145,0.2967664204094642,-2.7861715980701445,-0.05818492724101692,4.0346699270505235
0.013884523198769544,-0.013193191340370008,0.005253896682672974,0.006391374089927655,0.2960122536244479,-2.786662714712971,-0.036739446286237855,4.035273639120697
0.013874353192984077,-0.013205220755370548,0.005274141749255476,0.006375188085310768,0.2953333710696135,-2.7870575067015806,-0.015352309699566344,4.035821733302639
0.013904713186482565,-0.013168801702354264,0.00521328996732797,0.006424000839589733,0.29756585094085836,-2.7856253985567823,-0.07965172915584053,4.034093437597025
0.014202971197731213,-0.012789290184159557,0.004557142755504483,0.006866856412186459,0.31312950556729024,-2.6901271667747753,-0.7240253925749617,3.921110828548579
0.014193991919505858,-0.012802633293432132,0.004579090283992479,0.006852408592481737,0.3125571873528949,-2.694927921736989,-0.7030112369994664,3.926108488549081
0.014094105462612692,-0.012945676877223191,0.004813891547278251,0.006690711597423377,0.3059148050665324,-2.737836037020348,-0.47310486520735345,3.9705691387911703
0.014103177944035797,-0.012932504238299024,0.0047930269827086485,0.0067064650120622835,0.3066376750677012,-2.734918335863043,-0.4943030183615999,3.967894144888693
0.014112026224882135,-0.012919238458296877,0.004772400974312183,0.006722416546945886,0.30741027823824196,-2.732048354773216,-0.5154207770984613,3.965451196807359
0.014184913955230435,-0.012815807600665636,0.004601020839497268,0.006838181016412248,0.31201785125573367,-2.6996833015880166,-0.682089359753883,3.9311830870793183
0.014175665237586248,-0.012828725435565671,0.004623022451897812,0.006824388743668878,0.3115450823958554,-2.704489739384446,-0.6613037156524268,3.9365415325158772
0.014166267212524375,-0.01284132689955735,0.004645040237341763,0.006811115000088548,0.3111339760296588,-2.7093506729384624,-0.6407229182051067,3.942204052997852
0.014157070436499039,-0.012854079298391838,0.004666691110392018,0.006797248528922647,0.3106298763321335,-2.7138047073669074,-0.6200581453911256,3.9471531516692093
0.014148209513905786,-0.012867215249131437,0.004687835183444529,0.006782274685780688,0.309966980905974,-2.7176471885487525,-0.5991744341393282,3.9509346474472244
0.014139274478509585,-0.012880313002720536,0.004708982790562988,0.0067672808421623916,0.30932030092457125,-2.7213879417490046,-0.5782598680005395,3.9546421342579863
0.01413004469281313,-0.012893135016594982,0.004730419017287115,0.0067528652545693875,0.30876350493308996,-2.7253085983335628,-0.5574037772465026,3.9588785503569652
0.014120880626519205,-0.012906028187667692,0.004751669366542098,0.006738120129272419,0.3081609374732221,-2.728966380677287,-0.5364775531753695,3.962702199713578
0.013914651636538523,-0.013156426340003455,0.005193066951579177,0.006440519434401532,0.29839970816923583,-2.7850515769762674,-0.1011054883344573,4.033597719242519
0.013943772298199852,-0.013119069493699925,0.005132897083771634,0.006490070947912236,0.30043737771214557,-2.7828726161945707,-0.16504048357501988,4.031995961108273
0.01393404317164152,-0.013131443040470531,0.005153096636511365,0.006473851584567696,0.29988264953827054,-2.7838487650609447,-0.14375742623644397,4.032899389069596
0.013924412966723526,-0.013143943559065436,0.005173025633374823,0.006457199006606383,0.2992035432558762,-2.784488225274669,-0.12248002424015313,4.0332579984250225
0.014084803466025754,-0.0129586718344524,0.004834978032424303,0.006675304326505856,0.3052543639702012,-2.7408392411269387,-0.4519047197228943,3.973568662377911
0.013960125412334835,-0.013121970976981043,0.005104011592725847,0.006474309681555446,0.2968305422155288,-2.768766003902883,-0.17766208445315634,4.0028966850986825
0.013970252377857496,-0.013109932081024516,0.00508313973040284,0.006489348513749715,0.2973788974771557,-2.7670258694823775,-0.19879532843968606,4.000621549062178
0.013980324025497164,-0.013097690716759735,0.005062218641079465,0.006504637410561716,0.29796069901403865,-2.765247981402442,-0.2200533440553379,3.998424824922749
0.013990253077556391,-0.013085233823430659,0.005041394956817759,0.006520258246830676,0.2985938580871439,-2.763506017112142,-0.24137660828677396,3.9964577243603796
0.014075271849234865,-0.012971359877141707,0.004856249556247471,0.006660466353666519,0.3046790955514634,-2.743980825841088,-0.4308272158709913,3.977023059554409
0.014065537241160072,-0.012983672464677415,0.004877648070387036,0.006646294926670684,0.3041872449064474,-2.7472696039380065,-0.4099497283830158,3.9809611610188784
0.014055918446755153,-0.012996019884907964,0.004898758506851089,0.00663182271065902,0.303651431678515,-2.7502668116288445,-0.3890938693324917,3.984440343671587
0.01404656944478577,-0.013008618293300732,0.004919373196637877,0.006616554450000236,0.3029912119930829,-2.7527453427522537,-0.3681869814664702,3.9869741469913396
0.014037234588174505,-0.013021160045729667,0.004939837860714901,0.006601231106457683,0.30233143343480867,-2.7550554634157867,-0.3473377746434638,3.9893069955274156
0.014000053721132125,-0.01307259046291156,0.005020643062170322,0.006536151377136835,0.2992677626560327,-2.761772961428264,-0.2627587991813039,3.99466354958536
0.014027984167285906,-0.013033748528433725,0.004960057826403872,0.006585620755638164,0.3016314913029685,-2.757094677562564,-0.3265002666790351,3.99121714394493
0.014018952761060069,-0.01304667479528872,0.004979872433398372,0.0065691116621854504,0.30080383923845333,-2.7586186219981497,-0.30551313276483055,3.9921731794434554
0.014009700871546021,-0.013059731424644479,0.0049999932160829695,0.006552388457637052,0.29999033990511476,-2.7600811949801916,-0.28421213857655964,3.9931121062184993
0.014102090069386659,-0.012961761160282243,0.0048058523744854776,0.0066562560135806385,0.3019211761880192,-2.72452360280751,-0.46257850499280445,3.94152477098092
0.014221009363859359,-0.012791473175171377,0.004527691707900565,0.006846445703443635,0.30961266091615686,-2.6725085964927184,-0.7331719300594028,3.887354340583468
0.013557678400931635,-0.013513249833920798,0.005855352263531575,0.005929325819876825,0.2816545094687283,-2.7618548290556526,0.5920731495415896,4.036336251438244
0.013573134576169862,-0.013517548864049577,0.005825240403669326,0.005917256456463771,0.27701372688736153,-2.751347225663487,0.5784772894771154,4.011270962309695
0.013568698043612793,-0.013502055721075013,0.005836696333797855,0.005947691039685207,0.28231291059126434,-2.765642878376127,0.5708118555334859,4.040131604592516
0.013584210825004439,-0.013506346123476934,0.005806539310856188,0.005935443413674527,0.277594632140786,-2.7549452252511384,0.5573428251117681,4.01496700591932
0.013579682470325217,-0.013490827038345834,0.005817969744892762,0.0059660104287811815,0.2837227439935759,-2.769240825379479,0.549443356071236,4.043823700802185
0.013595252332750088,-0.01349507450545062,0.005787785735014396,0.005953631992158102,0.278085511320278,-2.758440988072685,0.5361627252426638,4.018568266408729
0.013590631571951553,-0.01347956389717228,0.005799183364947397,0.005984273191079546,0.2852191897153571,-2.772655078281261,0.5280033971749981,4.047414673201659
0.013479563897172276,-0.01359063157195155,0.005984267883357204,0.00579918912774122,0.2799778697285987,-2.7315541781695933,0.7398147878165467,4.005275657971821
0.013494877465432716,-0.013595146006371734,0.005954062590020716,0.005787957225924365,0.2710795356640603,-2.722262431425681,0.7258870633312774,3.9808978029277777
0.013490827038345836,-0.013579682470325219,0.005966039283903781,0.005817940510448573,0.2795759408543504,-2.7362825862393927,0.7188104085775885,4.01016621184908
0.013468266409335265,-0.013601545239737611,0.006002451157592628,0.005780366386502803,0.2792753947697884,-2.7267307482171694,0.7608441421907143,4.000176522441307
0.013483581392187624,-0.013606139443915444,0.00597218117272007,0.005769162520103516,0.27016037018924016,-2.7175233811670356,0.7468445652349368,3.9759044029196793
0.013434168988720427,-0.01363407255801407,0.0060566671238084105,0.00572353374966954,0.27627066418516655,-2.7116157474864386,0.8239549225839026,3.984028116110181
0.013449466635490898,-0.013638931803950005,0.0060262047886372565,0.005712401525705699,0.2681342756522878,-2.702423545880696,0.8094474010937599,3.9601093437930177
0.013445568842486736,-0.013623265840603558,0.0060386566156500785,0.005742532656665712,0.27707155380989146,-2.7167708304944433,0.8029405443926961,3.9895371015278407
0.013460871795383819,-0.013628044916483902,0.006008255637464258,0.005731363338977925,0.2688173043886842,-2.707597691934533,0.7886382907901256,3.965503413332631
0.013456934686954743,-0.013612423365294984,0.006020583677892175,0.005761477851134857,0.2781091320896675,-2.721806982031096,0.7818956862933663,3.994920170684767
0.013472247304571692,-0.013617111529651811,0.005990241710736915,0.0057502875804623385,0.2694619645069211,-2.7126320354302096,0.7677670343096884,3.970766015871821
-0.005279446850255969,-0.008266892109749308,0.002856800357805655,-0.007781561024783521,0.5530574468686559,-1.8076361284471154,1.92213009801998,2.8146350907468496
-0.005290564507757435,-0.008237081460818323,0.002905906870490393,-0.007763149756501869,0.5535522082885027,-1.8365704344323535,1.897434285724571,2.848719885171803
-0.005284937677925012,-0.00825197154069642,0.0028813304214400965,-0.0077723371468401805,0.5533303734236653,-1.8221112298122855,1.9098081794737833,2.831650433200792
-0.0052303667150690415,-0.008499800570831094,0.0025002762582029786,-0.007949256160226577,0.5577302855310154,-1.588622094817038,2.1239996237386496,2.57951479245064
-0.005214713123379587,-0.0085030855950116,0.002481704051721285,-0.007933436631016123,0.5452563194839524,-1.5812396750154487,2.110868050393164,2.559814868734264
-0.005235103217132527,-0.008484823888579553,0.0025252567594498125,-0.00794135571415209,0.5577822616437432,-1.6042385898328912,2.113584018817378,2.597803732433268
-0.005219419816775793,-0.008488026133406828,0.002506623053275592,-0.007925486479616446,0.5465904958357211,-1.59672616210593,2.1004906620152037,2.577945859843624
-0.005254518907788254,-0.008425068508327808,0.0026248215301364424,-0.00790900556801967,0.5635775338024511,-1.6657393604383859,2.0708609748005617,2.6705384061249036
-0.005243801064768124,-0.00841320150347322,0.0026306305270422,-0.007884930427899351,0.5517047639328991,-1.673125585345414,2.0471209593229207,2.6676738450785122
-0.005249594624691072,-0.008439984368592408,0.0025999938249946087,-0.007917202099331793,0.5610941007228627,-1.6505046768636973,2.081702045156481,2.6525119646392707
-0.005238882142687774,-0.008428118895760242,0.0026059457829735234,-0.007893240219205367,0.5510924490447039,-1.6579364965692747,2.058113529440749,2.649883349533137
-0.005244717217658646,-0.008454915646326116,0.002575130827779771,-0.007925323716495037,0.5589172110245373,-1.6352151834466397,2.092419384765231,2.6343557912227302
-0.005233968854116668,-0.008443038240651872,0.002581216139805092,-0.007901415275352696,0.5504402892077289,-1.6427182861042071,2.0689087638364607,2.6320253100499755
-0.0052398867331516835,-0.008469862200069995,0.0025502172547446243,-0.00793337534639666,0.5577980834901223,-1.6197953939442378,2.1030451953645892,2.6160984449623275
-0.005229066208823188,-0.008457988092895786,0.0025564110999837966,-0.007909484847898685,0.5494808062676141,-1.6274590063876813,2.0795332234604937,2.614078594505734
-0.005224204860931024,-0.008472985638240713,0.0025315353545843854,-0.00791749691768749,0.5481398580448927,-1.6121348032816207,2.090043897658727,2.5960436242624247
-0.005232699435224974,-0.008401201815972195,0.0026362001350070836,-0.007860990815816338,0.5476414821888501,-1.6752980946346467,2.0270051769539603,2.6594439686847657
-0.00526238411733234,-0.008269133578861053,0.002836414799686058,-0.00776451935035643,0.5450978291220623,-1.7953607503796734,1.9118666323449973,2.787920745951648
-0.00523757861681873,-0.008386196394214887,0.0026607275761738667,-0.007852312144931609,0.5484152780466359,-1.6901800927756254,2.0157400219616908,2.676785276126157
-0.005242625464508022,-0.008371156146744238,0.0026854056025013974,-0.007843645746144047,0.549092408725726,-1.7051150778752007,2.0043922725395054,2.694265029757037
-0.00524788372476695,-0.008356179221664895,0.0027101520496938206,-0.00783513543507544,0.5497842695771116,-1.720061012470353,1.9930876846818057,2.711890637497509
-0.0052532584087756325,-0.00834131085145227,0.002734821365534428,-0.007826716873490585,0.550553127754069,-1.7349289607524765,1.9817994712901117,2.729503821253115
-0.00525851781153407,-0.008326466251933376,0.00275929786272968,-0.00781804334483763,0.5512945168509494,-1.7496315317807436,1.9702700939031714,2.74681256397746
-0.005257151738067162,-0.008284160971496068,0.002812095979137747,-0.007773939623642684,0.5447782075124618,-1.7810347913197873,1.9241380243944644,2.7712735300335036
-0.00525214886426133,-0.008299171457810233,0.0027879690762498935,-0.007783455221447288,0.5444813416778596,-1.7667721187832226,1.9363916319689067,2.7548314637560445
-0.005247334260303255,-0.008314122273204796,0.002764043407656003,-0.00779297809558705,0.5441931106269796,-1.7525766651983397,1.9485561832364662,2.738555682904609
-0.005198776838215087,-0.00850631485202048,0.0024632017988681257,-0.007917971603825421,0.539807729225492,-1.569170893818548,2.1012217527242423,2.5350623170865103
-0.005138141575448354,-0.008832809929953061,0.0019452671780174876,-0.008102961644245607,0.5149017569583763,-1.2364244226568686,2.320146015494277,2.1672205486514224
-0.005122620790686194,-0.008837147897315921,0.0019281064998579475,-0.008087085035283508,0.5023858532592663,-1.2317386209860741,2.306275248746896,2.1516071839800097
-0.005141833072035735,-0.008817538964686683,0.0019707613784524856,-0.008096798770779883,0.515572662052135,-1.2530073274808222,2.312471821153835,2.186333430738958
-0.005126285342917114,-0.008821770768094907,0.001953565600990512,-0.008080879073443238,0.505391361865929,-1.2479532183325313,2.2986157290426426,2.170479428029959
-0.005194052618086627,-0.00852138188292845,0.002438338565340868,-0.007925713107287664,0.5383275130433036,-1.5537730922555557,2.1112686502886855,2.51699495140344
-0.005189252841064844,-0.00853643498411201,0.002413386360018407,-0.007933208978728333,0.5368540650817782,-1.538295884555163,2.1210561137891397,2.4987482291840792
-0.0051846038943937686,-0.00855156501331618,0.0023884150280508803,-0.007940800643950993,0.5354878994518463,-1.5227820758450215,2.1308568139357518,2.480551424287625
-0.0051801899244451255,-0.008566733159551199,0.002363544015263539,-0.00794855240011094,0.5340956114773158,-1.5072978527637693,2.1407126917269803,2.462531604032936
-0.005157078253839507,-0.008756573701192635,0.002072362554707586,-0.008071392086350168,0.5262363715153597,-1.3177357803653758,2.2809038505175967,2.26252790655042
-0.0051456327933962894,-0.008745456219982385,0.0020802088235123595,-0.008049234342522622,0.5172900021497502,-1.3284398371359634,2.2591439589888993,2.264289504451694
-0.005145572528467587,-0.00880227969724505,0.001996226300929847,-0.008090558217964297,0.5167779344123122,-1.2694473291174975,2.304711944156371,2.2054805079550586
-0.005130051102301441,-0.008806423225908022,0.0019790127137141737,-0.008074663580109073,0.5083759624068014,-1.2640984196665623,2.290920784757794,2.1893249405493154
-0.005149359904790919,-0.00878703228948581,0.002021645455764326,-0.008084244148257144,0.5191659515678618,-1.2856892505838207,2.2968754080148095,2.224595630268944
-0.005133900097551653,-0.008791123019478838,0.00200441339892387,-0.008068429344166461,0.5110780489728254,-1.2801922199178024,2.283172223189623,2.2081272016964792
-0.0051531951603613025,-0.008771796903417482,0.002047019970825708,-0.008077856454226274,0.5225417091728625,-1.301759038497064,2.288948284079977,2.24361921518016
-0.005137795458370121,-0.008775873402558558,0.0020297404751707074,-0.008062137403248999,0.5133913899641968,-1.2962643429535474,2.2753198209930976,2.2268780922039553
-0.0051417085423024,-0.008760660105048777,0.002054994899368429,-0.008055747265528447,0.515398846761685,-1.312341976477666,2.2673176657282883,2.2455899425234542
-0.00517586996027307,-0.008581845134217144,0.0023387816305896207,-0.007956220425250682,0.5325233086783191,-1.4918452503777855,2.150428873103238,2.444574201408713
-0.005171478645880541,-0.008596894131931217,0.0023140024417813714,-0.007963607718895463,0.5307682478717847,-1.4763522591523408,2.1598607494853166,2.4264807334051888
-0.005166986306426331,-0.008611962395198937,0.0022890721598487836,-0.007970748138288944,0.5289383698384046,-1.4607402820578865,2.169051721063956,2.4081580000340197
-0.005162447934392169,-0.008627123751059437,0.0022639354943800264,-0.007977765208998337,0.5271089770900944,-1.4449775146010884,2.178107231621866,2.3896231348453227
-0.005157948255307268,-0.008642394882370412,0.002238636916665843,-0.007984769360413006,0.5253049278892447,-1.429091810755745,2.18711062107003,2.3709697811015062
-0.005153610245493971,-0.008657757386235856,0.0022132969630963705,-0.007991887778734103,0.5235329860492723,-1.4131553645081192,2.1961514930542587,2.3523618883745736
-0.0051494937760627295,-0.00867314368946649,0.0021880536183380562,-0.007999136313102314,0.5217662699714617,-1.39725268836542,2.205225906303006,2.333921334437275
-0.005145582004974689,-0.008688486291180896,0.002162985280960199,-0.008006443174016583,0.519940283306937,-1.3814336238861296,2.214266704972607,2.315677543792829
-0.005141757983962914,-0.008703777240707174,0.0021380111876099154,-0.008013666633075489,0.5179783487200306,-1.3656515347063864,2.223169415630197,2.2974938259225546
-0.005133937765354852,-0.008734241252270132,0.0020879727416311124,-0.0080273875701993,0.5136373532583179,-1.3339943035510375,2.240210884332409,2.260788040892422
-0.0051378712586589315,-0.008719030975899962,0.0021129986108668255,-0.00802064309151123,0.5158529184967645,-1.3498328543579057,2.2318136399266773,2.279186256508155
-0.005113647187447097,-0.008940020664703167,0.0017666023147410613,-0.008143781114522354,0.4956875948968931,-1.1212101305474018,2.3703280944601834,2.0340999555386596
-0.005110340726114829,-0.00895537940604795,0.0017410093266527437,-0.008149290923486718,0.4927088366945504,-1.1048177044089498,2.3770173573342976,2.0150594811915066
-0.0050984033253876964,-0.008944761946978493,0.001749871558656483,-0.008128163709208996,0.48349637848205873,-1.1174329814537807,2.356604691149778,2.0193405652015883
-0.005127355233983757,-0.008878691396530592,0.0018687826732570814,-0.008120942608916003,0.5081523886460129,-1.1868032570639917,2.342415075107953,2.1102273780074206
-0.005115526720945968,-0.00886789623487246,0.0018772379273021397,-0.008099332880444737,0.49701845382216575,-1.1991556147317863,2.321351165276793,2.113849756510516
-0.005123855962596771,-0.008894007537775724,0.0018432790371548868,-0.008126769281135818,0.5044653565261973,-1.1704152120405409,2.3495600711034106,2.0912321942461096
-0.005112037163440884,-0.008883248000012054,0.001851819828963639,-0.00810529566531353,0.49459056440841503,-1.1828434318402437,2.3286772465922003,2.0949791143087144
-0.005120404840570064,-0.008909334570059206,0.0018177463741168743,-0.008132518253534546,0.5012405703809903,-1.1540306308917614,2.35659140523213,2.0721998159503556
-0.005108566995211475,-0.008898600721366055,0.0018263802005182115,-0.008111139812320011,0.4920483219039585,-1.1665297603841138,2.3358420724387163,2.076098846772777
-0.005117001903782517,-0.008924672332571876,0.0017921850148028744,-0.0081381894195066,0.49839993262383214,-1.1376246507828678,2.363515466856097,2.0531484435989973
-0.0051017394785269725,-0.008929360705797165,0.001775395665749788,-0.008122563813695789,0.4864265643380808,-1.1338306857027147,2.3497904905310283,2.038274401475189
-0.00510512975928697,-0.008913970861345532,0.0018009038363169464,-0.008116890242198117,0.4893037194011702,-1.1501964405162235,2.342872269810902,2.057197526579681
-0.0051066748333883595,-0.008841490328286971,0.0019108318128329676,-0.008071416370837954,0.4969689190522897,-1.2214610040900562,2.2951262187927157,2.1298015956260343
-0.005103258294348114,-0.008856977822941082,0.0018854621853583422,-0.008077801419543397,0.4944526265235442,-1.205261267056862,2.3028471540273525,2.111200681517665
0.005360737867238809,-0.008061371784048426,-0.003195594606257453,-0.0076475655349211745,0.5525805117310867,-2.002388821873056,-1.7404174937776633,3.0446506508862594
0.0053546648373723575,-0.00807589779028401,-0.00317166797422299,-0.007657624210118078,0.5529255348171308,-1.9890342512752406,-1.7541737875306802,3.0288798669646995
0.005350583699929368,-0.00804870288708034,-0.003198446213608957,-0.007621761344589895,0.545092545776014,-2.002164065126473,-1.7192670715984735,3.0324390543047186
0.0053402732506984615,-0.008036037489048414,-0.0032009206093419344,-0.007595848954460387,0.5383244974277374,-2.0011754469950183,-1.698672297443986,3.019646297107974
0.00602524716450122,-0.006734404003190318,-0.005115009451992984,-0.006227582873451625,0.2721323204418316,-2.5963504903241916,-0.07908874270189166,3.6410678393139255
0.006016919523474985,-0.006703953221136235,-0.0051064430303387415,-0.006173211515168023,0.26216045994305154,-2.572875805306913,-0.06208812653157345,3.5945435958088034
0.0060024012938886635,-0.006752787972109049,-0.005073384860744965,-0.006247837438386399,0.2775291910497779,-2.5888711488409375,-0.112739967863432,3.628347173470799
0.005984346657579749,-0.006770219434309937,-0.005039780879468796,-0.006268318549727786,0.2827774401370144,-2.5841092270174144,-0.14147548455918668,3.6209190659575214
0.00596617552293557,-0.00679214415499614,-0.005004771165402259,-0.006295815667900336,0.2894205074673332,-2.581125830019784,-0.17395101863070975,3.6174885288976104
0.005939692153001678,-0.006808164344165718,-0.0049573034464073336,-0.006309026698690135,0.2934854784705561,-2.567982600591566,-0.20727993277430876,3.594756937367413
0.005713960724142598,-0.007208124112030063,-0.004432562370031358,-0.006807452793604905,0.405429770257478,-2.5057789108483965,-0.7320581953889754,3.564132190399078
0.005700165485773716,-0.0072190755832689385,-0.004405039523194292,-0.006813983008348424,0.40671183693640034,-2.4945840603746317,-0.748838041897037,3.546826320053693
0.005763500580007002,-0.00704651734110378,-0.004591237840112288,-0.006590117624612397,0.35808216429104894,-2.5121774873711984,-0.5381608205939311,3.5333474386972115
0.0059224145021119015,-0.006851763878622521,-0.004917322090043992,-0.0063715524046185626,0.30704498710750966,-2.5747711199489487,-0.25804432132099814,3.612943828720106
0.005902687947683633,-0.006869472760626972,-0.004879925204052046,-0.006389903301958163,0.311805009347549,-2.566463997806603,-0.28759348530192647,3.600027083113521
0.00579845718205105,-0.007001889924889093,-0.004665357971263156,-0.006542009168129289,0.34723006043538746,-2.5290668186249334,-0.47603090618537985,3.554588067447542
0.005779354402718816,-0.007022289244205818,-0.004626681851422205,-0.006562212082533568,0.3517475084662132,-2.518841338635917,-0.5060621073043022,3.5401926368778205
0.005798098789460103,-0.006977976747305226,-0.0046743677605472055,-0.0065039211024760886,0.33920696257577027,-2.5205166371366117,-0.4526188967391248,3.5341522880035114
0.005883937676787305,-0.006892707155012648,-0.004842248689762939,-0.006417370661390856,0.3183803359468576,-2.5609622993768597,-0.3212380140831197,3.593324493906162
0.005858462641769342,-0.006912560961342893,-0.0047945643318509775,-0.0064350982779208124,0.3229190800310883,-2.5477060524456623,-0.3556460883587708,3.572092113577233
0.005837288648945768,-0.006935844449916816,-0.004752501712640498,-0.006460247154472355,0.3289471792716254,-2.538878063707754,-0.3902821004425365,3.5598857437969262
0.005815774367063546,-0.006958776192727531,-0.0047097717181050274,-0.006484121955196012,0.3345844413869035,-2.5289590247795743,-0.42449926823294065,3.545915605498854
0.005915340384305048,-0.006824953279483972,-0.004913168946456776,-0.006324086096571371,0.29798850862838583,-2.556335844646068,-0.23920238593548052,3.575188504531248
0.005712291420445547,-0.007188281109573349,-0.004441040734115155,-0.006775517665521751,0.39844267606762457,-2.500386600785674,-0.7103112934747667,3.548268840651652
0.0057145493076254245,-0.0071677316759889325,-0.004455680498263284,-0.006745390838723566,0.3918188220913085,-2.498277923356522,-0.6867874440186181,3.538507357314741
0.005726729037246966,-0.00714416456227999,-0.004486947547756174,-0.006717583517501678,0.3857708457681736,-2.50445958959595,-0.6566244154403172,3.543365664739596
0.005729807777707243,-0.007116931946099777,-0.004505532296605736,-0.006677443428793769,0.3771990633921274,-2.500794433587061,-0.626143328718225,3.5295249602981316
0.005738673195626472,-0.007092123223679931,-0.004531410207063809,-0.006644924751724362,0.37002025176371317,-2.5025552282226617,-0.5963849539496656,3.5265542162235874
0.005725599652519633,-0.007069342379291754,-0.004521846838514769,-0.006600855849368046,0.3611632975174152,-2.484703259124992,-0.5781729856246097,3.4884819489991394
0.005734036696373534,-0.007044987872388444,-0.004546002897119196,-0.006568666777142909,0.35409754476994654,-2.485494939505472,-0.549893575620309,3.4843710941768067
0.0054716461409879584,-0.007746549087151717,-0.0036683601495689426,-0.007372768826995489,0.5164113290762175,-2.240408194899994,-1.3987991337943217,3.300025743900864
0.005451538099274163,-0.007789910488985789,-0.0035997013935150264,-0.007409462846907389,0.521480015461893,-2.20771609813298,-1.4472810587846083,3.2624583216014966
0.005458560811362659,-0.007775741802374786,-0.0036228118034108523,-0.007398077769246662,0.5200779178653195,-2.2189753319623935,-1.4316904175069045,3.2757833463450186
0.00546384076783419,-0.007760902175088777,-0.003644202056048751,-0.007383902252737238,0.5177579928468169,-2.2286848261268655,-1.4146556374196892,3.2857300634537765
0.005500417634051828,-0.007690732341953742,-0.003759526320872787,-0.0073264553660324526,0.5099151247988473,-2.283144669959345,-1.335242630524698,3.350686908515676
0.005506576772164228,-0.0076759960265261945,-0.003781436823547712,-0.0073124394607378,0.5075063154656202,-2.2926584555889242,-1.317857691187933,3.360825864029272
0.0054868994749470434,-0.007719325225523501,-0.003714606870706231,-0.0073516796201888975,0.5137996349993638,-2.2626897952169536,-1.36834960140106,3.3273991295113103
0.005493054066140752,-0.007705220974108051,-0.0037361151807571123,-0.0073387981131472465,0.5117046226574358,-2.272360956164285,-1.3519819224916656,3.338038527060711
0.0054716618868799445,-0.00772146628243974,-0.0036921981391720296,-0.007339418182644518,0.5092765018066491,-2.2479199170488746,-1.3673467337728917,3.2997728886002378
0.0054628047083789405,-0.0077324875046078274,-0.00367002962114754,-0.007345296232360579,0.5093856076617193,-2.236557056037933,-1.3788518258032179,3.2840238472211882
0.005506147339221711,-0.007647608363636002,-0.0038064326267775567,-0.007273173052113747,0.4988137498215907,-2.2988178119190823,-1.2820228120473736,3.357077758762052
0.005515137275119473,-0.007636540973451544,-0.003828609457269005,-0.0072665944436386114,0.4983300022921774,-2.3097005692793107,-1.2695646961182014,3.372136315716567
0.0054962002052207125,-0.00766127892046945,-0.0037806081424161387,-0.007282270905302921,0.4997724686866158,-2.286389458713885,-1.2973724498246453,3.340473560018608
0.005528186042641518,-0.007607743613147129,-0.0038718428829153774,-0.0072391216661916846,0.49352039447800866,-2.3277687249714534,-1.235153936721228,3.391727588688597
0.005516339543912153,-0.007620775193980458,-0.0038440976308250527,-0.0072459624800015115,0.49382670528378003,-2.314014556481084,-1.2499551534348068,3.372077182166212
0.005678126255119619,-0.007243966707990757,-0.004356754664752928,-0.00683537641020699,0.4113189785256129,-2.477510570173486,-0.7835093796308391,3.523102929572676
0.0056807500493797946,-0.007222228192037908,-0.004373466686030422,-0.006804208189715962,0.4045173546033735,-2.4766195487718545,-0.7582010771293265,3.5146922494385735
0.005589958672849996,-0.0074955705425177165,-0.004052128037577139,-0.00713677398922245,0.4754740910751824,-2.4019581657087175,-1.0979103475355276,3.4786137525087155
0.005593600973085722,-0.007478430067770156,-0.004070745311678676,-0.0071151352018293465,0.4706568012699059,-2.4066488344163655,-1.0764698225458476,3.479738671848157
0.005543110756592041,-0.007579375804612622,-0.003916951875744194,-0.0072134595612399375,0.48916404077735554,-2.346864346818265,-1.2011180911361923,3.4138715369787507
0.0055455210531287855,-0.007563466655807965,-0.003933671159284579,-0.007193274059077813,0.48477093266185983,-2.351526865384745,-1.1813872233867622,3.414869741462222
0.00553153299755103,-0.007590908721285818,-0.0038909393289660804,-0.007218778108404654,0.489203831531217,-2.333899284582355,-1.214438290248533,3.394852982851497
0.005578125283817258,-0.007508355750965321,-0.004024938897084108,-0.007144551871248574,0.47632431074666215,-2.389353730733236,-1.1139110042816627,3.4605839195152437
0.0055480167276616464,-0.007532400056432141,-0.003962646286922234,-0.0071515893042686735,0.4756738638141636,-2.3578689509106936,-1.142927521754121,3.4120358802837214
0.005560279931428155,-0.007518752645496698,-0.003991059125193742,-0.007143294293243794,0.4747833812151538,-2.3710915797764076,-1.1265072262521947,3.430756459637951
0.005537848917239987,-0.007545893326740716,-0.003937312825942106,-0.007161401960878125,0.47710251763040273,-2.346507978691468,-1.1590652252949016,3.396853414329137
0.005633154581160708,-0.007411477816204068,-0.004178930786512858,-0.007051330919483448,0.4582753029960807,-2.4472413114916685,-0.9908552548665457,3.5275535237921436
0.005615920633246693,-0.007422042982224795,-0.0041457244276081615,-0.0070520945505291805,0.457624755619006,-2.4302977046436243,-1.0055379740307429,3.5000675370650494
0.005602867416703839,-0.007436092407008004,-0.004116218719245162,-0.007061447068830177,0.4590617679709849,-2.4173507917068555,-1.0237822491790391,3.4815906654496906
0.005590825438919684,-0.007454813623048603,-0.004084677820716366,-0.007078289094966459,0.4622084407054671,-2.4050822734952058,-1.0474058140497473,3.4664451581315707
0.0056241423311599965,-0.00739205082274869,-0.004179388353519885,-0.007014740735758119,0.4495551101337936,-2.438084937874809,-0.9681188579770458,3.5024985969067575
0.005625930602188581,-0.007358983160328891,-0.004204941268386045,-0.006967103671275762,0.43903255554628823,-2.438641323482971,-0.9283355628078472,3.4908274356313655
0.0056188541385209035,-0.007374591259873569,-0.004183733820193256,-0.006984399774653054,0.4426609152488655,-2.432432359762855,-0.9478991559855364,3.4851767306200765
0.005663069007844548,-0.007291454320315804,-0.0043048710464277905,-0.006895813289004357,0.4243590416767887,-2.4692074409729563,-0.8418976640053638,3.5233741363620728
0.00566588588242589,-0.007273094263797712,-0.0043205630880762845,-0.006870201297942755,0.41864048203549675,-2.4697646466880316,-0.8200386824969726,3.5182684932379993
0.005658641510746961,-0.007255298271568397,-0.004320403847849124,-0.0068376384848272,0.4114949030280129,-2.4605340551789827,-0.8015315615914297,3.4954923152789275
0.005645385032915436,-0.007302577443973182,-0.00427115537878564,-0.006898543404720796,0.42453015103780706,-2.4532996781419043,-0.8587601353802871,3.4977891608837193
0.005612610329516704,-0.007339543039229696,-0.004198238599960669,-0.006927355098600963,0.4299222952019565,-2.424810211608849,-0.9076767097380346,3.4581085983770294
0.005627467811495534,-0.0073195643676064225,-0.004233421849432249,-0.006909655143202543,0.4265146612309428,-2.437625563191631,-0.8819604868185184,3.4747235999170063
0.005443689833550951,-0.007803585868919761,-0.003575944313763814,-0.007419222624985267,0.5224072737041272,-2.195757510042942,-1.4618391634745176,3.2474865454176793
0.005388770727617518,-0.007919588802009821,-0.0033869940786355316,-0.007508559515141115,0.5315906950540389,-2.0999880013489722,-1.5834655516626173,3.1342135695248206
0.00539417510279461,-0.007904298138885603,-0.0034098831813486707,-0.007495401435432912,0.5299523294496301,-2.111516891481919,-1.567245235206907,3.1466690794978263
0.005382501071776783,-0.007934363836965544,-0.003363501614011131,-0.0075200205326345,0.5326469637155365,-2.087790335548657,-1.5985683789896965,3.1201299430013107
0.005376387737096092,-0.007948937345908862,-0.003340340492613793,-0.007531257018258408,0.5336640916794111,-2.075713348734183,-1.6133286596207304,3.106196170262542
0.005344553647691448,-0.00802086740010037,-0.0032230319986925322,-0.007582800065891252,0.5368615400622473,-2.0128637975805908,-1.6831555386536168,3.031828457235742
0.005351516166165236,-0.008005921676387992,-0.003247941438154597,-0.007572757823065297,0.5365032457697249,-2.0264263672172547,-1.6691614338276441,3.0482053594812473
0.005358724515536514,-0.007991966020269746,-0.0032719875936527525,-0.007563998820686614,0.5363513025202793,-2.0395683761753634,-1.6562774919728513,3.0645415949662786
0.005365063219325875,-0.007977778092846714,-0.0032952112735984466,-0.0075538926740015425,0.5357522669274645,-2.052037190967417,-1.6425056589403317,3.0793374654496124
0.005370227284650961,-0.007963523992725161,-0.0033170337297352046,-0.007542312451754377,0.5345576986098753,-2.063432709698274,-1.6279577503052913,3.091952575353781
0.005430726295564813,-0.007832937943702307,-0.0035297575154519295,-0.007443690321226818,0.52555010540741,-2.173189922088373,-1.49386015897322,3.221715799946003
0.00543600034412406,-0.00781803152375011,-0.003551572323475622,-0.007429994785907707,0.5235010375648753,-2.183550110734362,-1.4772278792315998,3.2325707992795443
0.005415427241854393,-0.007835660380851825,-0.003507502471255719,-0.007431433131507045,0.5206784345798355,-2.158644692792508,-1.4917104489506992,3.1944466231270305
0.00539027520788499,-0.007874983349940981,-0.0034356763273115875,-0.0074549874144047975,0.5212690167818251,-2.1210081711464217,-1.5299897325127223,3.1453186513651286
0.005407359209927135,-0.007847120168995615,-0.0034856601804336856,-0.007437662285360602,0.5206317963360759,-2.147108753789164,-1.5027604266770365,3.178958409331091
0.005398400789593603,-0.007860618730629055,-0.0034606061120398576,-0.007445427731424669,0.5207237660335404,-2.133926768246374,-1.5157840466831913,3.1615592481446018
0.005382264089412894,-0.007889753631503463,-0.003410421328459814,-0.007465013457057694,0.5218820136853073,-2.107903492619173,-1.544543164472817,3.129033764250121
0.0051690141378385145,-0.008710978821122078,-0.002148390939430399,-0.008051488775260521,0.5310676302295214,-1.3663927869792423,-2.255735619745883,2.3194832650978556
0.0051535025870909,-0.00871493103072851,-0.0021307011781371023,-0.008035735087541025,0.5221380144052782,-1.3606587665501948,-2.242178120369441,2.3015157886458204
0.005164987785668901,-0.008726164497562944,-0.0021230883412648545,-0.008058197639610246,0.5283761443727526,-1.3503934568321274,-2.264157466572184,2.300533107625404
0.0051730881555466,-0.008695805978438996,-0.0021736529659607,-0.00804470564946084,0.5345320781051441,-1.3822767448191622,-2.2472055721831232,2.3383379496385923
0.005157627199212741,-0.008699745104469,-0.0021559190983290537,-0.008029035428641028,0.524009314647509,-1.3766272181995947,-2.233702459540304,2.3201692173507484
0.005177209793932224,-0.008680646132284168,-0.002198895558248801,-0.008037842655264216,0.5375099139107946,-1.3981373992817396,-2.2385325496949644,2.357102886098017
0.005161764306164976,-0.008684567207600769,-0.002181099389568415,-0.008022213300702699,0.5257216703418278,-1.3926134244519677,-2.225051050958229,2.3387956150277684
0.005235103217132526,-0.008484823888579551,-0.002525300808142241,-0.007941341797330585,0.5560660653909671,-1.6041104649463154,-2.1135074955438484,2.5980238492499947
0.005239886733151683,-0.00846986220007,-0.0025502401716475053,-0.007933368227924315,0.5572553949606318,-1.6195885612196672,-2.1030161019001183,2.6163821203276654
0.0052241384435772085,-0.008473078701459509,-0.002531354595684064,-0.0079175055812706,0.5482306249906693,-1.6122128998855023,-2.0900434565321073,2.5957638691329663
0.005225677271938596,-0.008514792106028148,-0.002475285180686264,-0.007957073319443213,0.5564430518423658,-1.5726246516031892,-2.1342331262189274,2.5611905168799898
0.0052303667150690415,-0.008499800570831098,-0.0025003109749143354,-0.007949245070080263,0.5559633199460962,-1.588438708549124,-2.123918476698827,2.5796048993172684
0.00521452896057169,-0.008503164388419535,-0.0024814469844262987,-0.007933298216213601,0.5450568801922991,-1.5814580302783379,-2.110674206222105,2.5594997900342116
0.005219295290119334,-0.00848809807396103,-0.0025064214565061874,-0.007925411856206412,0.5467814109241492,-1.5968707540940494,-2.1003894684756896,2.577663008214772
0.005207390722771273,-0.008574904804645981,-0.0023751310654493993,-0.007987540930639673,0.5495492721306109,-1.5095587498003031,-2.1739710146564457,2.48758583808225
0.005211891625397759,-0.008559854801395402,-0.002400178952414972,-0.007980050127832681,0.552759807673042,-1.5252530711139396,-2.1642811483896516,2.506076920213173
0.005196272738750222,-0.00856347886190618,-0.002381692641555262,-0.007964356024276044,0.5394055995846009,-1.519167316198911,-2.1509785424024694,2.4866135176296704
0.005216439712524502,-0.008544819263429005,-0.002425210809654116,-0.007972478294870475,0.5553191879477344,-1.5409705969949874,-2.1544371449954447,2.5244658994094347
0.005200770698556297,-0.008548423481477089,-0.0024066147588586457,-0.00795675012533628,0.540471343609032,-1.5347885854979053,-2.141127992938344,2.5048649164442103
0.005221034932232109,-0.008529798353607843,-0.0024502461860250587,-0.007964819421092777,0.5565021391169452,-1.5567703339684078,-2.1444172627537434,2.5428165283114232
0.005209862001560261,-0.008518258022424955,-0.0024564734661206063,-0.007941173913244786,0.5432892926527791,-1.5659633866821847,-2.1209171559098947,2.541301536012505
0.0052052869831366085,-0.008533351228785202,-0.0024315295221715963,-0.00794900890233219,0.5417274098901997,-1.550396895704514,-2.1310891608897315,2.523088329670252
0.005202937056022921,-0.008589969109727749,-0.0023500367456596428,-0.007994959775916292,0.5472767679727354,-1.493780847418937,-2.183552140034071,2.468985551388293
0.005191771755964316,-0.008578546231435384,-0.0023567104612740486,-0.0079718252763311,0.5381760725473715,-1.5035333998051963,-2.1606287632711703,2.468294473505454
0.005198530675796427,-0.008605047553236286,-0.002324886624062421,-0.008002309318394428,0.5465825130403593,-1.4778642660022825,-2.1930480361755684,2.4503346523331446
0.00518729248679278,-0.008593654527901349,-0.002331650490299614,-0.007979207338272351,0.5364767770749782,-1.4878562430342326,-2.1701318793244195,2.449890544444034
0.005264507913819306,-0.008395283607075693,-0.0026744304222497046,-0.007892368361956607,0.5662839853326366,-1.6960608700389181,-2.048630404009773,2.706432085334694
0.005269572541305844,-0.008380414850021053,-0.002699232603015009,-0.007883920294459595,0.5659055330177826,-1.7114897927719752,-2.037259063752313,2.7243157418700967
0.005253643876924769,-0.008383353770953096,-0.0026798691554916986,-0.007867874092125806,0.5530600163429854,-1.7035129920062484,-2.0245511922418413,2.7028656866773577
0.005258724032285685,-0.008368398552655558,-0.0027045957023671794,-0.0078592794048986,0.5541261849825684,-1.7185075501804192,-2.013151669250741,2.7205286912230875
0.005330739845428137,-0.008134266548379064,-0.003075462315859471,-0.007697097121824851,0.55409578382541,-1.9346721425395608,-1.8080212383598508,2.964666365735783
0.005336595121637783,-0.00811966575346353,-0.0030994727403026185,-0.00768729939836853,0.5538810215510633,-1.948325244384398,-1.7947314661331528,2.98075412615167
0.005342531794224195,-0.008105054267555813,-0.0031235264789074286,-0.0076774336174529586,0.5535867454115544,-1.9619446487944996,-1.7813076505273695,2.9968215486844296
0.005348575320212407,-0.008090454572879166,-0.003147626146657392,-0.007667552619342391,0.553258102225482,-1.9755367061830877,-1.7677887751815866,3.012901544838909
0.005314260048171274,-0.008136002219317595,-0.003055089217315064,-0.007680699387191381,0.5466849097504863,-1.9218867122233199,-1.7992693736948457,2.937446416836114
0.0052916355545577255,-0.00819523066522929,-0.0029588513897090348,-0.007719974457107385,0.5470146194460171,-1.8668260989554348,-1.8514193769632146,2.873072220887227
0.005297059468914821,-0.008180359178644105,-0.0029828315528711807,-0.007710048081778617,0.5469316695384889,-1.8806255201508038,-1.838406169949829,2.8890689677221117
0.005302514528451374,-0.00816543649502458,-0.0030068413977754056,-0.007699952715947146,0.5467752929725506,-1.89437429444866,-1.8251909211527548,2.904975279403079
0.005308288814825798,-0.008150610914935496,-0.003031016956827903,-0.007690170701923433,0.5467079716825572,-1.9081794604578761,-1.8121283501683882,2.9211797884322404
0.005245979652816854,-0.008313388276830492,-0.0027636304676522086,-0.0077907008637032845,0.5434153698936207,-1.7523492709720088,-1.9467172392848526,2.7370481309740096
0.005251556285760239,-0.00829844592015073,-0.002788292889622872,-0.00778204885667257,0.5440788266570382,-1.7669784892107432,-1.9351488224222095,2.7544029162638335
0.005257370190186981,-0.00828365464635295,-0.0028129547282524404,-0.00777367153823112,0.5447919526672963,-1.7815659021599617,-1.9237393436402759,2.771893085430827
0.0052633738626298165,-0.008269068473471378,-0.0028375078725766593,-0.007765573295577724,0.5455350581136919,-1.7960517071209885,-1.9125060805910221,2.7894289161049106
0.005269172697055401,-0.008254424431032449,-0.0028618808166948236,-0.007757039996778878,0.5460805359290203,-1.810382705912606,-1.9008782802065285,2.80658251541877
0.0052745985338721775,-0.008239528136215474,-0.0028861314546661247,-0.007747677364029972,0.5463225285333698,-1.824569641141146,-1.888531158368225,2.8231796229733415
0.005280077757716794,-0.008224596528879986,-0.002910421750567847,-0.00773818972074508,0.5465155204016342,-1.8387245488363406,-1.876012521710568,2.839730680292519
0.005285882314680135,-0.008209898217020393,-0.0029347091491655672,-0.007729166967027273,0.5468191893553569,-1.8528434687332795,-1.8638057906086445,2.856513375832835
0.005247344772120859,-0.008356106148516366,-0.0027097247281217328,-0.007834445715062656,0.5497585031115256,-1.7197210960737415,-1.9926275920604477,2.7111506073017697
0.00524058228098425,-0.008328391289029074,-0.0027390177806290114,-0.007799469090690511,0.5427653105606765,-1.7377035618518393,-1.9583094623746333,2.7197904389492495
0.005235308066218784,-0.008343446110780446,-0.0027144068698573835,-0.007808280217328502,0.5420966570847717,-1.723010389988407,-1.9698744657735043,2.702549119549706
0.005227977995378039,-0.008315270315396415,-0.0027433079589229965,-0.007772161584363614,0.5356107412632102,-1.7399168112508427,-1.935348604123223,2.7098943386968526
-0.005384446146212154,-0.007889598340291617,0.0034132772593285228,-0.007467085091028899,0.5226712080014783,-2.1098157717148847,1.5452737987144383,3.132802015750744
-0.0053801831095461675,-0.007905948502595718,0.003390896738850273,-0.007482804529160493,0.5249457054820108,-2.09903490233406,1.563166070705501,3.1224112985576773
-0.005377123116361562,-0.00791967477165989,0.003372628447964375,-0.00749642694358336,0.5270461136343071,-2.0902596853813624,1.5783419216743624,3.1143569516474474
-0.005362610738107463,-0.00794718403847618,0.0033255823549895773,-0.007514567853225662,0.527844899575617,-2.0652770359314916,1.6047111170708148,3.083384365785369
-0.005365651535066255,-0.007930336627798597,0.0033473149970154785,-0.007497391556327353,0.5251169193723267,-2.075773833283797,1.586018253499732,3.0925292372423026
-0.005313449022358414,-0.008178436292773563,0.003002931224955558,-0.00772631924719198,0.5543935417899796,-1.8931466992939006,1.8474281214929686,2.915714036132019
-0.005307821358617172,-0.008193054056306067,0.0029789098315339967,-0.00773580441570241,0.5542427015901027,-1.8792428068860054,1.8602011956707003,2.899353454434305
-0.005302091274208772,-0.008207638431224516,0.0029547643322578037,-0.0077449937011927145,0.5540023169695049,-1.8651866794880114,1.8727022696821483,2.8826963180377754
-0.005296311446180434,-0.00822229534022324,0.0029304245900780433,-0.007754058475702117,0.553766055304092,-1.8509547926579606,1.8850757562725449,2.8657842646064107
-0.005327732991957032,-0.008064866819504668,0.0031535722220343006,-0.007615451621743465,0.5388512819418204,-1.9752147062735312,1.7252763500920782,2.988769581193361
-0.005321557069359085,-0.008079363838305714,0.003129822161886984,-0.007625235550402318,0.5391197087793218,-1.9620616376242699,1.7385316731915992,2.9731662537821717
-0.005326542634788933,-0.008106905539801826,0.003103299223848735,-0.007661831576243747,0.5466357249253494,-1.9491492908567931,1.7734360286883055,2.9700219931393117
-0.00531621938472511,-0.008093945617847664,0.003106860410056136,-0.00763588915014585,0.5396916434228541,-1.9493801392074668,1.7522095120738073,2.9587176392379977
-0.005320057911938201,-0.008121352290275581,0.0030789583397419235,-0.007670843331350413,0.5465609536273125,-1.9353580722595656,1.7861227250140994,2.9532865628762752
-0.005313677371474312,-0.008136051515500911,0.0030543849291201496,-0.007680105479763424,0.5464865750109369,-1.921400018341527,1.7989882579410843,2.936481426904169
-0.005307967472711161,-0.008151047073918833,0.003030140534541033,-0.007690291404211292,0.546690149383125,-1.9076363629457551,1.8124454570103208,2.920460941123982
-0.0053026874594320665,-0.00816591535876187,0.0030064511617526224,-0.0077006673731246375,0.5469949833710218,-1.8941504653877475,1.8258762781305016,2.905014322349908
-0.005348100745325927,-0.00797516992356898,0.00327785624919696,-0.007532727952667272,0.5284260423603554,-2.0396967370335894,1.6309847254301566,3.0517337768698742
-0.005351244929306016,-0.007959202758225991,0.003298963485373226,-0.007517018064716303,0.5260934254810151,-2.0501592432212097,1.6136490630670173,3.061280745194339
-0.005336003139338508,-0.007987086206469393,0.0032505022191297163,-0.007534014259402947,0.5262304647069346,-2.0239793772902726,1.6390263610209987,3.028330706719868
-0.00532995726822304,-0.008005379722452763,0.0032232521178937397,-0.007549063905361274,0.527722609547372,-2.0097328370001137,1.6573058872763546,3.012891018260404
-0.005325088212050696,-0.008021710207064114,0.003199422985892524,-0.007562885388465285,0.5291473434021478,-1.9972502405517079,1.6737494607413763,2.9997168896536492
-0.005321627389540333,-0.008037260518036805,0.003177977288858446,-0.0075771579623663135,0.5308377125489714,-1.9861127034273576,1.6899101888001546,2.988850413884317
-0.005318992947718082,-0.008052774775147915,0.0031573886554059636,-0.007592143724904911,0.532962906411725,-1.9754483110224395,1.7063730854266914,2.979083716353929
-0.005439929176509849,-0.007731418577464584,0.0036408531516147345,-0.007321330499328379,0.5015644211595927,-2.2161218567390026,1.3716682022010247,3.2435218419657477
-0.005484385410760948,-0.0076322877386273205,0.0037901917946884874,-0.007231489187574086,0.4876006192024929,-2.2816852060365544,1.2596182505758386,3.3160536954450595
-0.005486195717169885,-0.0076524112879411245,0.0037749193213991784,-0.007260584917517745,0.4940913737841451,-2.279040716918861,1.284648405590364,3.321545721568009
-0.005471778159384039,-0.0076795450659533915,0.0037310633227026903,-0.007283400297441559,0.4973749025487349,-2.2592992482681926,1.3153945774074574,3.2981316401662046
-0.005473354286324458,-0.007662796740955238,0.00374827322429616,-0.0072623594291048536,0.49293691346589225,-2.264772692461504,1.2951262487354849,3.2996345646847693
-0.0054561154277168065,-0.0077073698238596215,0.0036846452275745077,-0.007305386514891679,0.5002289118721287,-2.23761931454962,1.346202878892637,3.2716180227087555
-0.005443069088092959,-0.007716370428131114,0.003659038784989137,-0.007304590975740009,0.4982985870302339,-2.223294005552693,1.354106798938873,3.2488967552087393
-0.005454994441211579,-0.007687310227908979,0.0037015494841634946,-0.007277610835545424,0.4941736599411262,-2.2419182921497502,1.321394551826761,3.268784784692684
-0.0054833562965539324,-0.007610579960343599,0.003807558131210378,-0.007200913122313965,0.48104276891297665,-2.2849954477348793,1.232978945791425,3.3113420206074835
-0.005501091146218934,-0.0075786570970351515,0.003858930633871556,-0.0071734480577488255,0.47672263800993264,-2.3070161554136868,1.1963014073175222,3.337560514188048
-0.005484282863772213,-0.007591699111441131,0.0038248659534347467,-0.007175934665625977,0.4755336091248054,-2.2892757325757347,1.2102327750913149,3.310204459019359
-0.005492591553838569,-0.007557207207797817,0.003864894719159942,-0.007136054067918931,0.4680280377598535,-2.302333654548608,1.169651164345851,3.3186066620143833
-0.005435100326348908,-0.007747255357794578,0.0036195698244903267,-0.007337323688811538,0.5041764637585581,-2.206965418850072,1.389733581386156,3.2348875652341857
-0.00543133358709649,-0.007765310417618872,0.003597397151289199,-0.0073571156989955125,0.5077991096727499,-2.197875065466143,1.4107051233838126,3.2277990368994156
-0.00542385109183312,-0.007734225030709536,0.0036171790356015116,-0.007309285746470049,0.49698646260918566,-2.2009015762963213,1.3708093626842726,3.215445788409949
-0.005371084927109454,-0.007875976410362228,0.00341086928412191,-0.007436494267454311,0.5145412611214876,-2.104388347108262,1.5235592395813147,3.1126160207352953
-0.005386198971255793,-0.00785171316615659,0.003454415452362316,-0.0074217893386716366,0.5141622879593623,-2.127089149138074,1.5004011184081225,3.141971293048823
-0.005373635300574843,-0.007860751459207508,0.003429592449011367,-0.0074202548509728645,0.5116768048626557,-2.112817205846084,1.5064299334928202,3.11939966066321
-0.005414314660148492,-0.00779355731920155,0.0035479986541238095,-0.007376578396834046,0.509414804898177,-2.1732490847125168,1.4399409726336534,3.1965640239446635
-0.005414206122426039,-0.0077724037901290705,0.003568406812137786,-0.007349286918170808,0.503834260369595,-2.180349317272219,1.4142603371510163,3.197655853866175
-0.0053993606929137435,-0.00782332248734378,0.00349953026352719,-0.007399441257040615,0.5117755644104537,-2.1494157238618388,1.4709814659324125,3.1680632816002547
-0.00538389562051234,-0.007831887931596239,0.00347149237562005,-0.007394630041782383,0.5083583162666616,-2.132879222174608,1.4757924839993224,3.1406753753805075
-0.005398720907333603,-0.007801720128450271,0.0035200868275278353,-0.007371397745898665,0.5060472307007023,-2.156752465504663,1.4447264518661609,3.169038412624635
-0.005659449666164074,-0.007287022722308123,0.004302173842032817,-0.006886249214205755,0.4220810659386806,-2.465231878643765,0.8375996572049988,3.5145695467397826
-0.005666272934694232,-0.007264753461704569,0.004326250482418152,-0.006857854656885682,0.41591843704898573,-2.4690823097077064,0.810309621190172,3.5142913025268534
-0.005674754529535598,-0.007244247943771067,0.004351458914278472,-0.006833223218264426,0.41069997810121567,-2.4743497655298587,0.7847161822561787,3.517419916108232
-0.005685029177358928,-0.0072255670127973366,0.004378081031421996,-0.0068125216556121,0.406198536004589,-2.4812338386896613,0.760691192370071,3.524270588635313
-0.005696595847372107,-0.007215024983804765,0.0044018637995578355,-0.006805072421778203,0.40483339514696237,-2.490445717950097,0.7453159954002261,3.537992314678758
-0.005701060202481952,-0.007199724502015118,0.004417373734768256,-0.0067848716512952335,0.40025115188915167,-2.491917056625067,0.7267548080431038,3.53610525594909
-0.005712176157998021,-0.007180421228831297,0.004445163687824245,-0.006763285888338343,0.3957788719353551,-2.4986658762965015,0.7015744574950651,3.5428709507155074
-0.005718979322084667,-0.007156001643135482,0.004468762727501608,-0.0067304148084870565,0.3884905197803166,-2.4998733649970295,0.6723823107670387,3.53826603498421
-0.005734195451645167,-0.007138589458843481,0.00450142458540988,-0.006714183222312007,0.3850057872022928,-2.5100474145806433,0.6477638648064721,3.5522093662455183
-0.005769926561926244,-0.007083904883845274,0.004584286692330332,-0.006653177389901447,0.37138180321487874,-2.528858258152866,0.5741303624818394,3.572709392955633
-0.005755551960112816,-0.007105486180443779,0.004551352128129438,-0.0066773331406232385,0.3768563218599206,-2.521582749988195,0.6032748876624369,3.5646923657645893
-0.0057304340044673965,-0.007112444906087437,0.0045087199809949055,-0.00667089390625438,0.3757835390285764,-2.500238210203152,0.6211980974846862,3.5274121172989865
-0.0060335902627888975,-0.006616096109228371,0.00514621192262325,-0.006035143207004267,0.23580759951807687,-2.5345715108402262,-0.01596763226395295,3.5183426655357697
-0.006055865545224427,-0.006559488416903146,0.005188016733574279,-0.0059505476639629415,0.21941908835434212,-2.5162035548023236,-0.07278647090937905,3.4827148360707505
-0.006043179006220281,-0.006589097532100292,0.005164736286239182,-0.0059944796787597945,0.2280146147334964,-2.5253310259423816,-0.04247428182145318,3.5002931384307643
-0.005832221949467572,-0.006990763013641326,0.004723720356928304,-0.006545273741857053,0.3468825767807025,-2.555095799110692,0.4468624604665728,3.6001920679783974
-0.006001760384270161,-0.00662016703701748,0.005093874654892998,-0.006029791333163989,0.23757403273087194,-2.515005304741915,0.013365512742657638,3.48173430659198
-0.005948271081411456,-0.006744764357059064,0.004985995178071558,-0.006209661008108763,0.273972126622907,-2.54281138927934,0.14854060392597357,3.54154094323965
-0.005996176374889573,-0.006654108795144645,0.005080176142080404,-0.006082732956810893,0.24718976686070812,-2.52997032787156,0.04202177429766796,3.5111875354206994
-0.00596285417633796,-0.006717307381550081,0.005015253786241435,-0.006171583042274089,0.26604462541770885,-2.5396797113122354,0.11572795370519066,3.533352430388494
-0.005976944458581342,-0.006686453707298476,0.0050437667426060035,-0.006127470545445965,0.2566618031091152,-2.5337387464626207,0.0811654868129661,3.5200629519415716
-0.00583688693200361,-0.006967634692776265,0.0047401610641502265,-0.00651098655313457,0.33956156578696156,-2.55064263262561,0.42133737887209494,3.587450627297257
-0.005844102641174194,-0.006943976285034864,0.004760499918279899,-0.00647730120484033,0.3323492646519457,-2.547853167823453,0.3942170634440165,3.5779215980770647
-0.005853892357295318,-0.006921040730507711,0.004784323605458745,-0.00644613507645453,0.3255129805870713,-2.5471716314477373,0.3665723696686029,3.5726541601307678
-0.0058639492834012446,-0.006897787698818706,0.004808299915565265,-0.006414425078404369,0.3187323168883253,-2.5461427089634943,0.33867680882647017,3.566908935617802
-0.0058717396974498764,-0.006875192276524629,0.004828048946471476,-0.006382341200853314,0.3119475393961307,-2.543077041347063,0.3130947149731749,3.5577726590730063
-0.00588388265654353,-0.006853421720569137,0.004854203477987051,-0.006353778525233409,0.3055791982251967,-2.543590578796867,0.285729517037765,3.5555706982624966
-0.0058974000443784425,-0.00683748827767612,0.0048806212314841495,-0.006335148949323789,0.3012233150098211,-2.547474768874304,0.2626201959014793,3.5605376448086665
-0.005934793468666898,-0.006771300734388585,0.00495821114730807,-0.006246485779953361,0.2820082819128182,-2.545755328329324,0.1800107475237052,3.5495712629480933
-0.005925489574009981,-0.006801551553267252,0.004935779956838092,-0.006291144408836887,0.29106083416964196,-2.553244192932804,0.21198772009580497,3.5667205163059643
-0.005909653786409868,-0.006821393789315181,0.004904890468584808,-0.006315398690323658,0.29668744285918813,-2.5499705940521236,0.24015039454222223,3.5630635198821508
-0.0058882960337995355,-0.006818978696311451,0.004871047864311107,-0.006300599682748835,0.2950469179591772,-2.531708732616718,0.25266733213139747,3.5292045369104925
-0.005805620379775623,-0.007029455659106912,0.004665255230301392,-0.006590383813195078,0.3572107467801419,-2.5446221103398625,0.5003487106116157,3.5890774622129094
-0.0058083690725935465,-0.006998984652761546,0.004682292040132836,-0.006543580372239954,0.34738507762188836,-2.5367942036175237,0.46808555045897254,3.5682762945345146
-0.0057680526155546455,-0.0070312915215907275,0.004605048662385314,-0.006569167402479367,0.3537783946652245,-2.511516003388499,0.5207323293666146,3.528860022665842
-0.005752512270637829,-0.007055548417530034,0.004569992439970122,-0.0065970843155905975,0.35986015446175995,-2.504877139088581,0.5525878853463118,3.5221773746340674
-0.00563285122751054,-0.007289970349382647,0.00426034008631625,-0.006869758213026139,0.4179208170152325,-2.4401060464561244,0.8468561547285197,3.4692431751150283
-0.005491429591311045,-0.007533139136728788,0.0038827355075822484,-0.007101723801734078,0.46051758597470466,-2.304484450013895,1.1409105430862259,3.3117459264330518
-0.005506750691051395,-0.007517551377594129,0.003916406286414553,-0.007093647123181708,0.4601824645699061,-2.320411644871836,1.123258407617909,3.3347389086162216
-0.005514614615569642,-0.00749831081175719,0.00394248131025161,-0.007073636852678067,0.45626927434177356,-2.3296602789371375,1.1007055120759723,3.343692550524898
-0.005623649010892218,-0.0073519792300950305,0.004206287480174796,-0.0069548089346291525,0.43637819516577653,-2.436043770447889,0.9204411047685949,3.4834756712083426
-0.005628587771503989,-0.007335677042541714,0.004224528463884508,-0.006934577190904644,0.4319224355100415,-2.439842895811254,0.900517759548771,3.484615328404626
-0.005624767936741861,-0.007314464502984439,0.004232696448765724,-0.006899906481452273,0.4243759821199515,-2.4346244260506293,0.8765037512733987,3.4674260376020243
-0.005605967973427985,-0.00735909436223599,0.004175299761595647,-0.006950819947499851,0.4348032070610434,-2.419395673824395,0.931438255481079,3.4552371978019916
-0.005590954442064332,-0.007372776980322164,0.004143892699564496,-0.006958568316150966,0.43585720402739586,-2.40559097400473,0.9493503997430818,3.4347307940117457
-0.005525944858044928,-0.007477733595397724,0.003974249836015656,-0.007054541270721378,0.4530888773249397,-2.3419050841981037,1.0765220863938347,3.3578458863260816
-0.005577977112044604,-0.00738947564693312,0.004113367581346588,-0.006972193683831653,0.4382315190638046,-2.3936116967805905,0.9702519756784295,3.4187992275841945
-0.005539742873559319,-0.007458261311570341,0.0040085220520987485,-0.00703884604297706,0.4504963795607823,-2.356045163432284,1.0533962062752027,3.3761443650212364
-0.005555666452263044,-0.007443973717896639,0.00404190941153952,-0.007032107626049969,0.45009242591705295,-2.3717042518045965,1.0359907072065482,3.3994735431515752
-0.0055654132856664505,-0.007407534805595814,0.004082403698935922,-0.0069878852913550366,0.441068507830336,-2.381766820456655,0.9924673556278826,3.403748785490876
-0.005553536267393719,-0.007423791845406214,0.00405361827503723,-0.007001314470621513,0.44320486471951914,-2.370337193831019,1.012301602143305,3.388889185090332
0.008499070169086728,-0.00453798566192735,-0.00723368277097334,-0.0019393931393574687,-0.01708534153736281,-0.7832606834108696,1.9106662897994007,1.2937376639682523
0.00844595403623539,-0.004550878693019014,-0.007206013816311879,-0.002005498692319694,-0.022591532597622366,-0.8263840337120879,1.8923942299548275,1.3390436782377668
0.008391070968525666,-0.004544123211296394,-0.007158263670739286,-0.002057532982255927,-0.027518213955825186,-0.8677666582009756,1.8586941321218615,1.3758230140771601
0.008339123180118382,-0.00455458157669284,-0.007126922825675912,-0.0021187643481654986,-0.032240327962980785,-0.9083398727695794,1.8374339671261068,1.4176836690603472
0.008212325111535105,-0.0045015964367830195,-0.006980043600897253,-0.002199949246637826,-0.03747485244971233,-0.9885639938564786,1.7323454744185984,1.4747401744159776
0.008283010199606068,-0.004527172337227266,-0.0070586799257126255,-0.002152864463041464,-0.034400543233608666,-0.9443593798210984,1.7883553454689471,1.4420142070720203
0.009011092863689098,-0.004267125112603017,-0.007293160860290749,-0.00120870649733691,0.058248437239734,-0.34777450129870685,1.9240120741360298,0.7869106405300373
0.009103095020412304,-0.004237433519311766,-0.007307183505708759,-0.0010905992408440427,0.0714537220523023,-0.270515639840752,1.928169338412847,0.7032688845288166
0.009163738764887911,-0.004160609224495596,-0.007261896608172361,-9.905388653987104E-4,0.07982705200082783,-0.22188390850747552,1.888925091522194,0.6327081621508865
0.0092484851352741,-0.00407723398805272,-0.007218400660774595,-8.654033242027596E-4,0.09083565244636944,-0.15533772529053483,1.8487520804876312,0.543967318000712
0.009441146810521252,-0.003938059325183466,-0.0071536567335501395,-6.137488733610517E-4,0.1139712649476023,-0.008382797583427887,1.7833877709834642,0.363215377306533
0.009340632244828366,-0.004002168947726175,-0.0071818825368554365,-7.401693038060204E-4,0.10217713422495135,-0.08457851459696684,1.8131658207492822,0.4544019352922999
0.008532169609381033,-0.004481199615052649,-0.007206227200308466,-0.0018634564625441853,-0.009799798237230742,-0.750691463406341,1.8878033254141224,1.2432198046047673
0.008588967851811772,-0.004420921136812364,-0.0071914600965336225,-0.0017617428419574137,-6.723127970824669E-4,-0.6996400577192152,1.8733260489705124,1.1743991787904688
0.008663134771417993,-0.004367703041874928,-0.007192377750644893,-0.0016481619392741743,0.01016547556994245,-0.6363262344740838,1.869664657757107,1.0964439177613592
0.008738639852579605,-0.004320768534667103,-0.0071968459604499,-0.0015386008596122592,0.020545940164590378,-0.5727583564866928,1.8683042457259502,1.0204238050659633
0.008821654023935368,-0.0042767675307994225,-0.0072051768150338145,-0.0014237763051001865,0.03198789457737391,-0.5036666094501001,1.869164748569933,0.9402684724946105
0.008908652682730346,-0.0042621167180569896,-0.00723822812514861,-0.0013208526602054794,0.04369327817928657,-0.4329295092474272,1.8886734468009438,0.8676669228051389
0.008949961313306862,-0.004190545920763043,-0.007195113896952689,-0.0012399568982256613,0.05025769643359117,-0.39761071318829233,1.8526300336847086,0.8118483434277144
0.009525501047059853,-0.003866758028144748,-0.007111827625642096,-5.074119617737078E-4,0.12226610074821372,0.05165463055904574,1.7436208479515491,0.28622033219938064
0.00943371647218128,-0.003852246916646296,-0.007078825818365342,-6.004006887658055E-4,0.10954710382160113,-0.021877102450900302,1.7245462103906068,0.35421145503231033
0.009732982017384859,-0.0037218123598832392,-0.007024444823796155,-2.6928000592289135E-4,0.14143885927998426,0.19483168247863367,1.658687267948683,0.11093756304887036
0.009619577855241401,-0.003792774937802808,-0.007067156527454432,-3.9531146565150945E-4,0.1309098883218455,0.11709950666407364,1.7011542741360055,0.20372352190403262
0.010077688737691149,-0.003759625572937896,-0.007070048820473095,8.32601382588134E-5,0.1887184914705102,0.46616862573794515,1.6702467423059806,-0.143568300792808
0.0103278511487582,-0.00369625670089946,-0.006997475307160981,3.330599842080251E-4,0.21301087809640154,0.6353819307804898,1.5967844514753529,-0.3229263046020962
0.010194351475502314,-0.0036605685660261963,-0.006982783582398147,1.9624670619209324E-4,0.19355585346734497,0.5286596543386097,1.5945076214792762,-0.22718333657682635
0.011202186861919657,-0.0033830019303917563,-0.006516583772450062,0.0010188214452497822,0.25302348320145346,1.0715696811252797,1.2033325649933972,-0.8070116005995299
0.010820798329621911,-0.003566792494212735,-0.006785393419504069,7.714586322054824E-4,0.24812192323165896,0.9249745317885083,1.410037372612949,-0.6309275965478944
0.010996861639747443,-0.00343167090395955,-0.006629482038306496,8.751498565775002E-4,0.24619003270840248,0.978635572702434,1.28997209592233,-0.7099493026584409
0.010477333379859718,-0.003624668939863114,-0.006916501624157993,4.67498952858846E-4,0.22236964953830185,0.7197154778760019,1.526437493829312,-0.42076870658617027
0.010632517371702668,-0.0035157857735256975,-0.006800258884793664,5.880126118668987E-4,0.22531798997902416,0.7889644948105772,1.4298128119014297,-0.5107602998587785
0.009944263766188417,-0.0037028078649973028,-0.0070235645391960285,-5.359702141404335E-5,0.16685053535869565,0.35196098975346374,1.6425598536038812,-0.04613055309762009
0.009829129531014384,-0.0036746730155500823,-0.0069951596016981765,-1.6806405110811283E-4,0.15021583134344826,0.26030793231301413,1.6281310246983771,0.036549190500219694
0.00953610756603545,0.0038953634411685242,-0.007138527370562441,5.020880056878693E-4,0.12549724995103562,0.06391190885865149,-1.7637759569318752,0.2814297076392007
0.009646859837372967,0.0038579682176384704,-0.007126526982506138,3.769556496084863E-4,0.13790722639765288,0.14761804217788022,-1.7459367114960411,0.1907567030555887
0.01000623802618697,0.0036960994390036967,-0.007018892339925624,-9.139649260845323E-6,0.17420923065434482,0.3973219585320159,-1.6351290170734074,-0.09138226786319203
0.010085132355754652,0.0036153349653874718,-0.006952765217388177,-8.629671078490591E-5,0.17682118033948854,0.4378721218002068,-1.5776552957964638,-0.14859122988215664
0.009892676551811343,0.003719009688253687,-0.007035112383554628,1.0657912370140934E-4,0.16163779710125245,0.31652628298717617,-1.6553805224939693,-0.007566273421815941
0.009740795183821569,0.0037614933552193933,-0.007057916275768182,2.6582160062365944E-4,0.1454473117372472,0.20639724365667517,-1.6847922820730332,0.10918872029986139
0.011386547470975788,0.0033658249754701473,-0.006422516147667712,-0.001147865246305329,0.26227642067142054,1.1540629399880986,-1.1340988372701937,-0.8897389575686968
0.011192200762817553,0.003310193161221551,-0.006473924793893673,-9.807168085466547E-4,0.24456952754100267,1.0381599280022877,-1.1732937755968929,-0.7880531576083972
0.010963398189834491,0.0032250780691108066,-0.006504910481895404,-7.775623864849406E-4,0.22060093564500363,0.8893869480301825,-1.1978918929721143,-0.6586832955838654
0.010552457273455064,0.003524201828667011,-0.006824635916783748,-5.176259774919965E-4,0.21860650863882872,0.7389251227540151,-1.4522266947081872,-0.4600952218714944
0.010756925733820394,0.003399980133204834,-0.006684612919935209,-6.662941126985243E-4,0.2240806817673713,0.8286494363336453,-1.338141210114733,-0.5702416081443163
0.010198686755564963,0.0035090314162351762,-0.006864284520912453,-1.888619630445971E-4,0.18087890092012124,0.49482347789888886,-1.5013279861339586,-0.22662467868349156
0.01034896459430075,0.0034033567008174095,-0.006770418054057197,-3.1419859092845977E-4,0.18593300717583572,0.5711651628397957,-1.4197007900589809,-0.3215472750253619
0.007701204695336972,-0.005062748781233112,-0.006945873688335593,-0.003206143369052824,-0.0925888777826523,-1.476463093181506,1.7164227167302053,2.1381584913799596
0.007646894411435255,-0.005069772799040782,-0.006889240876928872,-0.003258474208547209,-0.09145564428060204,-1.510671744929808,1.6735614894262718,2.169684906810633
0.007721019520045443,-0.004992729194364011,-0.0069109423814512115,-0.0031110062462417405,-0.08762055737171169,-1.4391417601158307,1.6906805758137977,2.0728644571075443
0.007781107430096378,-0.004873767965002095,-0.006880164421717852,-0.0029327892550090533,-0.0787094989361054,-1.3629371107247301,1.6684927606974187,1.954552490855778
0.0077459301743916555,-0.004927040700977292,-0.0068852812995105735,-0.003018639447039326,-0.08239572528521943,-1.4015740408544153,1.6719430649949472,2.0109872850238983
0.007807968979200055,-0.004828462066934257,-0.006872037615017973,-0.0028632718271725177,-0.07447933721026767,-1.3324423774383718,1.662189364644868,1.9091235167727638
0.007762010614277298,-0.004826098367617776,-0.006822750248831522,-0.0028987792050746476,-0.0747162301288797,-1.3581074694918944,1.6264117989634665,1.930463999675051
0.007858654909589672,-0.004794186406537255,-0.006896220380494069,-0.002785524982380244,-0.07236885179588169,-1.2911948878091517,1.6797143122621285,1.858636902485786
0.0075968579618016065,-0.00505345047141329,-0.006818475539818733,-0.0032788334222772866,-0.08775723044823099,-1.532069371017694,1.6203792904108993,2.1787795119842155
0.0075711840482741745,-0.005101921968010129,-0.006826201328423359,-0.003355091448361873,-0.09029427901773247,-1.565366490540068,1.6249202699552823,2.230066767316595
0.007482460268614115,-0.005153739455168291,-0.006759518579872811,-0.003482828113548473,-0.08859866252200756,-1.6326868633249865,1.5727767322351973,2.3094941895233236
0.007520747275300142,-0.005121399837210843,-0.006781221099255808,-0.0034159672422500675,-0.08890520124375846,-1.5996373789016234,1.5903242154555575,2.266906899864517
0.007901377470565137,-0.004738861192126876,-0.006894172436505467,-0.002694077978664343,-0.06717688821224509,-1.2486605330806058,1.6777689718782192,1.798931787183804
0.008126322207985806,-0.004500205259321746,-0.006907534188673708,-0.0022780837174806168,-0.04250619196073386,-1.0452820621529584,1.6816994855690255,1.5272128731658772
0.00806251419579774,-0.004556869492942438,-0.006897905950346269,-0.0023841177669277624,-0.04875066514269591,-1.0996049678715865,1.676686862572222,1.5969439342049707
0.008000297287279063,-0.0046151318537794766,-0.006888720663576475,-0.0024912302218040795,-0.05531925913518638,-1.1536086628985165,1.6718201200880258,1.6670592721594433
0.007942650907724422,-0.004676965926609599,-0.006884391997157195,-0.002598979775834412,-0.06148750495095739,-1.205899510013125,1.6697876912840564,1.7370470751868907
0.007996987272064153,-0.004543872569660137,-0.00682982463475707,-0.002429982141635579,-0.05081997605898817,-1.1366762441963298,1.6286716739115676,1.6266761174910584
0.006304350637502697,-0.006368912452727501,-0.005597657431407352,-0.005697418009396147,0.15416089847227202,-2.5311091249611675,0.4223720541652245,3.528807478982094
0.0063433216276726975,-0.006331189930076489,-0.005658498530416276,-0.005639716466053632,0.14114568777921807,-2.521338223393729,0.481286659172754,3.5167841706407255
0.006321421731578364,-0.006350233297041673,-0.005624184519065015,-0.005668664630630115,0.14791106561989983,-2.5254981458231014,0.4490943789608391,3.5209683263945224
0.006281319703000592,-0.00636241125690713,-0.0055582786753056385,-0.005682536884148236,0.15452087466593148,-2.5151565996795093,0.3997343632946633,3.4962818396438307
0.006274778252530808,-0.006405833350942318,-0.005551408551524833,-0.00575428032163088,0.1660684346152392,-2.5431662883365145,0.37343472697097674,3.547113223431133
0.006269443937722965,-0.006376225046221848,-0.005539794395264801,-0.005703499603378444,0.1591445615142993,-2.5191831160262224,0.3810262763801698,3.5021513042933825
0.006246995949637469,-0.006412986533162799,-0.005505192316085817,-0.0057606117851404385,0.17010018083538178,-2.5337999622298066,0.3401942183935444,3.5264751416632443
0.006225138524678567,-0.006426979137995645,-0.0054694411700812835,-0.005779276753709925,0.1753993743938216,-2.531907777045919,0.3104639086307212,3.520650739639851
0.006201948274540704,-0.00644179545129643,-0.0054313921383672545,-0.005798615402818729,0.18075834721702247,-2.5293465431809143,0.27908556527032474,3.513718316396505
0.006031586755144882,-0.0066524354830198714,-0.005138437129674677,-0.006094079858089594,0.24666011029635945,-2.5541968212814736,-0.011395965545295652,3.5566517417760437
0.006048996108554911,-0.0066325819822163875,-0.0051696632385528395,-0.006068067793438696,0.2404176207895266,-2.5548997576610444,0.017650301532461183,3.557327871193281
0.006010162139071025,-0.006672698345524739,-0.005100263503725604,-0.0061187933762193785,0.2527731191073846,-2.550310377126731,-0.04422267183782302,3.550273311919803
0.006004361747340044,-0.006645353562603015,-0.00509475740555145,-0.006071722820687422,0.2447117655912565,-2.530936502636086,-0.028910045406243152,3.5125269265520425
0.006142815370940974,-0.006503304010471449,-0.005333690932049815,-0.005885284293642208,0.20064895891528753,-2.535924860621671,0.1869029680369017,3.522021992626165
0.00617599290113183,-0.006459164868105241,-0.005388725004837604,-0.005821052679631539,0.186932420591188,-2.5263976804411783,0.24392249818988576,3.5062220672702105
0.006152323661649304,-0.006475122024659143,-0.005349669755684863,-0.005841277095106261,0.19235047888454926,-2.5232043446393,0.21200518854373157,3.4987273801729053
0.006111075440065483,-0.006496451518276528,-0.0052815284588908305,-0.005864816280999718,0.20047648908620475,-2.512214356828344,0.16081322983533652,3.4761819122775712
0.006056818228538075,-0.006549048380984939,-0.00519035095379941,-0.005933846493596733,0.21645064962369412,-2.5106170215878625,0.08032692530357233,3.472060123997396
0.006072057512113841,-0.006530158768356336,-0.005216386648835603,-0.005908022216534448,0.21088651331893302,-2.50896615328551,0.105435193197446,3.469046813912037
0.006089450659197752,-0.006511750449317174,-0.0052456582037228305,-0.005883395790835918,0.20517565094826187,-2.5085583069224815,0.13207694364831613,3.4686293528969796
0.006051032515872774,-0.006602036673678883,-0.005176329417431299,-0.006018479491307781,0.23150010724119577,-2.5382047964199708,0.04057009727894833,3.5248317653112866
0.006038757344200539,-0.006566141842468596,-0.005159639318980552,-0.0059555414941834745,0.22160140194592462,-2.5089861106978693,0.053825182157515035,3.4690535755762153
0.006339913547101334,-0.006292492795936148,-0.005646860401438456,-0.005574402519578655,0.13268037371073269,-2.491191962293057,0.49135882512582374,3.461105422230127
0.006341641196076346,-0.006226980847889991,-0.0056386446996979835,-0.005466530436789773,0.11800982028817408,-2.444325330272356,0.5149475524922207,3.3764365715775386
0.006328649952065236,-0.006258376299825777,-0.005622744017019519,-0.005516715834081709,0.12606915852019404,-2.461647614211047,0.4907044182956321,3.4056550349527734
0.0063551105732842575,-0.00618529743529898,-0.005652709278393808,-0.0053997718246185785,0.10801909305073996,-2.419754807793088,0.5418044975079322,3.334627916061692
0.006365715047107411,-0.006139197751933105,-0.005660296834676725,-0.005326172254176786,0.09833189218175722,-2.3908798410372882,0.5653465836575733,3.2849292330069457
0.006416074461584537,-0.006107925024243623,-0.0057337267170438615,-0.0052772255625448804,0.0870274519370981,-2.3845174463090526,0.6269252532173291,3.2828763833928805
0.00638892109248051,-0.006112049890366428,-0.0056912996392744246,-0.005283490022321306,0.09042446218983632,-2.3792369469178514,0.5964847613420324,3.2684343462052774
0.006434914161988851,-0.006083595818764304,-0.0057577095329985895,-0.0052382336833132655,0.08010083905470576,-2.3725300691179125,0.6523932685118295,3.265203830775951
0.006461243639659126,-0.006055993030539773,-0.005792227005202182,-0.005193603814710977,0.07244559135234463,-2.359748609182995,0.6861205331256502,3.247925733683726
0.006542715708694004,-0.006007308011169074,-0.00590723465550487,-0.005111068400336774,0.0541334702498431,-2.342423142618299,0.7843648281403174,3.23564319284938
0.006564585104155506,-0.005980029518497901,-0.005932743749132705,-0.005065506888043345,0.04694699655372552,-2.326373068725673,0.811521393595736,3.2125256334788346
0.006484613415026983,-0.0060159182648732885,-0.005817666188254498,-0.005128944536822473,0.06318776369346556,-2.336666522925761,0.7175735179904102,3.2121188879580393
0.00650766115860069,-0.005990063169660165,-0.005846047012964414,-0.005086586740703196,0.056203278354460574,-2.323136422264796,0.7460047014224664,3.193276419122014
0.006622038294243492,-0.005937321722469965,-0.006008126631503644,-0.004990432821068903,0.033323917100196034,-2.3033842711252643,0.8795751570614748,3.1866533271729414
0.006587828166925089,-0.005956008759954896,-0.0059610094713852015,-0.005024725643981462,0.040580127657950195,-2.312432237686512,0.839584765218559,3.1936661925477847
0.007360309277755585,-0.005211408284795021,-0.00665059059897249,-0.003637604690306623,-0.08287361007942572,-1.7151066044678902,1.4870329225817598,2.4013555875422665
0.007305580026916139,-0.005229071744971313,-0.006593800296295512,-0.003694633262441275,-0.0789715490595775,-1.7459764191286002,1.4427668058755125,2.432245321725444
0.007433399018233908,-0.005146603983021753,-0.006694353002135886,-0.0035084688537588425,-0.08487165868945458,-1.6527326239012032,1.523575189212534,2.3202515068154272
0.007376598040016866,-0.005150613316450728,-0.006627642026170445,-0.00355139269975584,-0.08101853859451702,-1.6795656896370337,1.4731149562976495,2.3415584081451324
0.007138063597520592,-0.005396467168765914,-0.006485523101850271,-0.004010768263261332,-0.06667216060667004,-1.8923864718968335,1.3458367579723485,2.6281355332400573
0.00709988677463484,-0.005404093309451069,-0.006438448039605665,-0.004040753492524536,-0.06252913893400376,-1.9074254775554569,1.3091910666232316,2.639607949901121
0.007240327840311015,-0.0053193428420996725,-0.006571348301455739,-0.003850747407143727,-0.07596624804117368,-1.8166405336969158,1.418834122504105,2.5338569184888757
0.007160776240444431,-0.005357937962783423,-0.006491268013738735,-0.003946742771509519,-0.06856064970339582,-1.8640101068752803,1.3543127446368912,2.585611193322309
0.007185849284924309,-0.005323386316698873,-0.006502139840856064,-0.003887077234375382,-0.07087250610212664,-1.837293990085747,1.3659482203246165,2.5472754277541316
0.007248086752840349,-0.005249750226432051,-0.006534455418371458,-0.003755675182022957,-0.07444664976878035,-1.7777338092586363,1.396395720254671,2.464586819136988
0.006813526676842243,-0.005687102832717997,-0.006190427278597627,-0.004561654244465251,-0.01758325282257409,-2.1325159302174126,1.0770756925382192,2.9399062143757297
0.006769292754492726,-0.005711745582146742,-0.0061366205031440175,-0.004611457834721743,-0.009868180626629931,-2.15107810635245,1.0316693897355018,2.958933297347785
0.006823458999827948,-0.005633713173096567,-0.006178204320616197,-0.004479880796224567,-0.022152543249852177,-2.096770143283978,1.0785400531307536,2.8794492949381287
0.006870295982943135,-0.005618614461189743,-0.006238701236170447,-0.00444199948790161,-0.029111063611859746,-2.082653080203059,1.1265814819744069,2.8697139267597986
0.006917378435294739,-0.005608169821586816,-0.006301687913835577,-0.0044094958707008,-0.035963334413142235,-2.0699039042084633,1.1760624426960042,2.8634498939407114
0.006963549483790961,-0.00560800413069943,-0.006369047484547904,-0.004391055846651961,-0.042242283478575,-2.0622721741884606,1.2279924393296195,2.867123971771607
0.0070398292042869156,-0.005554235583615051,-0.006447626527538961,-0.0042798727049178685,-0.05410247148922065,-2.012410949678598,1.2971505732792183,2.807129604505116
0.00699590731812718,-0.005575909302031716,-0.006397338931558594,-0.0043307151394431425,-0.04796830279708833,-2.035662278648324,1.2548683219063221,2.8315049262974594
0.007047023246471901,-0.005500774066554911,-0.0064250276702624955,-0.004200353729792802,-0.0558381912303458,-1.9777498450412174,1.286950151650313,2.7465466005410395
0.00706479835230616,-0.0054383674733444395,-0.006411577713966602,-0.004104945331003581,-0.05809446343229381,-1.9363727262861556,1.284733889459922,2.67803001910183
0.007066755539758903,-0.0053885773487209795,-0.006383903204654108,-0.004036012882597312,-0.058427489443302325,-1.907129397819054,1.2697789010243956,2.625659464544337
0.006620075598656381,-0.0058841679725055275,-0.0059843621243223085,-0.004907432425629143,0.027199305631591283,-2.2649529140268965,0.8771763025424287,3.1178363221299743
0.006714597899180228,-0.005818731849057946,-0.0061031626168799305,-0.004787679128549526,0.006797804996839255,-2.224876978161181,0.9821792224662198,3.0733228518562687
0.006729609251465433,-0.005778667116465351,-0.0061081102647173304,-0.004722771012207491,7.797149920063394E-4,-2.1971886248266297,0.9956804782871094,3.0286968854913305
0.00662427304774882,-0.005832376976027437,-0.005970480431746522,-0.004827036823724727,0.020813778163251317,-2.229338150280208,0.8812927913257188,3.056065984239669
0.006666371509482225,-0.005820535306375805,-0.006029939613157564,-0.004800881395881467,0.013778411505663784,-2.2241528151148775,0.9274681526605434,3.05819747189097
0.006725789806289856,-0.005733265454168132,-0.006081678416044901,-0.004655272471873302,-0.0021517230646466803,-2.166189501576026,0.9861915700313298,2.9727184589761304
0.009120228769731861,0.0039928673229525325,-0.007098163666632328,9.723202026213005E-4,0.07207195521317201,-0.26140802721062345,-1.7644292105009802,0.623890694539669
0.009186287543064466,0.003887626402544849,-0.007034522525062652,8.654790305556225E-4,0.07892893588983242,-0.21244968718627436,-1.7089212085897285,0.5489669972151828
0.009318728719577708,0.003883361767571949,-0.007073737306388274,7.282099890827005E-4,0.0956219908526116,-0.11004707887541906,-1.729665499919607,0.4478983570886314
0.009437460698360841,0.003817850601968226,-0.007051130727135737,5.881015133416997E-4,0.10882780186491516,-0.022322162187825432,-1.7021875407434337,0.346230403443278
0.009010931910255846,0.0039544641152544765,-0.007021578420710395,0.001068853613727135,0.05819968551792027,-0.34555436015069274,-1.7128692409052066,0.6956753841001423
0.008516029657514801,0.00424372422708934,-0.0069918058344664,0.0017183509982772575,4.3059140746031405E-4,-0.7332623358423036,-1.7252801242538147,1.15143697301659
0.00842811152582698,0.004232521928847806,-0.006923793271817533,0.0017948213240612076,-0.007896303989197518,-0.7929859954969141,-1.6787796604562035,1.2055719842569346
0.008588497178913537,0.004167977043780725,-0.006976151117044741,0.00159969289914956,0.009449476609547848,-0.6721417059002982,-1.7085271983777839,1.0704309354685184
0.008688091487901207,0.0040958717720248165,-0.006976618146621439,0.0014599601909641676,0.021161489853049515,-0.5929440047961494,-1.7019363247087596,0.9738793394528501
0.008888640466574262,0.003943165477363615,-0.006957565960285268,0.0011848189111193376,0.04448523929126428,-0.4361504435911888,-1.672018447085046,0.7814002622756469
0.00878074059452161,0.004004705737816429,-0.006953484486586473,0.0013202641767755272,0.0329223280354847,-0.5182525074273717,-1.6774432856739792,0.8774077745704286
0.008261662043185602,0.004240385002355702,-0.006811488783714626,0.001952079706606047,-0.019089081536518112,-0.9042824821401659,-1.6037574955245077,1.3144171645837741
0.008336666514714071,0.004161152368984715,-0.006805014355269258,0.0018290507269377652,-0.010667961097776249,-0.8418127936320233,-1.5945803122925999,1.232160502305922
0.007941754410665905,0.0044108424773252825,-0.006681676170395604,0.0023590136339945856,-0.04329963691411639,-1.133951943958919,-1.5224995393670884,1.5809198149896657
0.008020422391882531,0.004334910418048825,-0.006693139829855214,0.0022311214108214935,-0.036308522036348184,-1.070339770376574,-1.5280204031101194,1.4989996081693986
0.008096258712472246,0.004259679874053567,-0.006699664568678417,0.0021080581492958187,-0.029199762269986912,-1.0087786920854038,-1.5293077082562367,1.4191156149401338
0.008174893639767556,0.004224009667076582,-0.0067342985980520815,0.0020147421733296036,-0.02370687506440619,-0.9544830712759256,-1.5508299584916059,1.357617511941768
0.007675299545854342,0.004455982414633997,-0.006472683266863201,0.002600083257178757,-0.049684136825507014,-1.2821162936960828,-1.380949520550537,1.7301095540015972
0.007843739718462892,0.00436439040630354,-0.00656352076861491,0.0023948156719042924,-0.04268204442624387,-1.1734437907637931,-1.441373111273659,1.6037371493729518
0.007723647582891523,0.004348785890338718,-0.006446822337921719,0.00246818099836438,-0.043856983994481784,-1.226961989490035,-1.363020479854999,1.6484686666786452
0.006762422831307469,0.004995402118397621,-0.005797897984864271,0.0036668122894357087,-0.029011836670119116,-1.7574524869584687,-0.9133078900371409,2.286527093873645
0.00662886159948443,0.005028442819268014,-0.005654326669240809,0.003749666958135659,-0.01861136113261071,-1.7825639741262387,-0.821861349584391,2.304992530874483
0.005620497321328491,0.005978191087927283,-0.0045847638227457565,0.005015331247878212,0.12218683784628671,-2.026928379975344,-0.06734072741317132,2.6134238686381868
0.0058778577906387006,0.005769808004558378,-0.004905558761187561,0.004774237926075844,0.08517069260464555,-2.029915508167326,-0.2695264453377415,2.625106472628904
0.005785879479029295,0.005821135749102636,-0.004791615965910414,0.004834059521825263,0.09622730623546118,-2.0229368430795884,-0.20298911128236782,2.610154364737958
0.005697442631652712,0.005895995751983398,-0.004682086537469307,0.004920910489488416,0.10900931389226133,-2.0234690494515273,-0.13321821405832426,2.6086557507706556
0.005875716127075932,0.005686405210130084,-0.004893850452861582,0.0046674013853925484,0.07718103294596403,-1.9936236335542,-0.2880167517314002,2.5664284378622724
0.005926478756918306,0.005623307661647748,-0.00495019632570259,0.004588393589438071,0.06694299003473948,-1.9797376688955295,-0.33122978029190026,2.5470388176777514
0.005973605889529919,0.005566792901677286,-0.005000993683535624,0.004516874606830832,0.05912521749848644,-1.9666646557532999,-0.369528754530116,2.5290804475889623
0.005503597439752685,0.005956506166523666,-0.004438661675317042,0.004969630490625868,0.12303288917749856,-1.9762528857429167,-0.02183402864609188,2.5297501578490977
0.006430411414829446,0.005326577213444846,-0.0055198234124800944,0.004164208654384375,0.006196190503832583,-1.92178551338024,-0.6976958749493356,2.5010535036509682
0.006326343755183354,0.005309178799690955,-0.005384165814718496,0.00416146126877759,0.01471730238452126,-1.9060900627297415,-0.6238531278087893,2.4632150643591655
0.006474818409328685,0.005216958756819614,-0.005538284006166794,0.004018111265055818,-0.0011580982207955975,-1.871248312515139,-0.7272299432369708,2.42560383995667
0.006537482764892698,0.005119882023662297,-0.00558017146444938,0.0038845291939693977,-0.009859142921652082,-1.826739650272472,-0.7661927981708194,2.362780248345793
0.00649713403690667,0.004995616460311648,-0.005488190551323488,0.0037483726136784295,-0.008607707188243724,-1.7720507377905104,-0.7297952394441688,2.270284767776929
0.006061756844721421,0.005533076952913559,-0.005106245249463495,0.004471309090731754,0.05058104074420804,-1.9707127882178912,-0.429283455873056,2.541557368865291
0.006142384326153029,0.00544288373718792,-0.005189128259202479,0.004352112812009846,0.03753764810505155,-1.9444897464091364,-0.4920089690537148,2.506418828153999
0.006229133580643055,0.005348630706431511,-0.005274456633477249,0.00422500040600409,0.024540252812734954,-1.914100537262819,-0.5561627976415427,2.4658874059820373
0.005971217009501676,0.005494359727177504,-0.0049861241269809385,0.004426746054776458,0.054369301713402166,-1.935469237463995,-0.37925892303218606,2.4793686897837026
0.005387908383313458,0.005946779667687867,-0.004298215592598477,0.004938524704811637,0.12467831422458585,-1.9315475293308741,0.022055748749967925,2.45794257595967
0.00531972189180016,0.006153741129931874,-0.004198762066486612,0.005174911548889886,0.150041190976042,-1.9648360534387328,0.12587940425160823,2.5151491035669835
0.005344223513686995,0.006048479522693351,-0.004238826751657764,0.00505275606434561,0.13670114097596708,-1.9448911315477095,0.07527615990762725,2.4808671914436204
0.00692830245770139,0.004888576614685449,-0.00594100111458254,0.0034782816802254803,-0.04000447141937837,-1.687095922966556,-1.0137115206948828,2.20403132397972
0.006985347136357775,0.004796790204864342,-0.005960328795375873,0.0033499790437295503,-0.041952260063639106,-1.6370478412407172,-1.0329401776559608,2.1335925767547717
0.0070475242481876565,0.004751189051378449,-0.006005857848783308,0.0032712358560350605,-0.04436113705422091,-1.6053791894917313,-1.064767030066704,2.0948396488812526
0.007175467601900321,0.004680487963549922,-0.006106719538756119,0.003131427763815974,-0.04855257164747156,-1.5453013844308319,-1.1332929991302316,2.0254603739321877
0.007079318515750862,0.004690922873816299,-0.006009495568481227,0.0031907445912692117,-0.044909547456951075,-1.5733079073344813,-1.0711123238337275,2.048689298052007
0.007538768779113166,0.004470098563985591,-0.006352461051152529,0.0027055268490607863,-0.05007374710977042,-1.3452120654456947,-1.3005207548460884,1.7905988890646112
0.007422476734524753,0.004444814155812153,-0.006225149967903518,0.0027534890341739953,-0.04700902890827292,-1.3805294606408742,-1.2177047400092973,1.8133695537534187
0.007222295825841098,0.004573638949208307,-0.0060976640919613275,0.0029952333917780166,-0.04662182540840295,-1.4914673338252875,-1.1324304390403264,1.9460876656859314
0.007312103024574264,0.004479910050705713,-0.006136916431486437,0.0028517084655846304,-0.045944599710334814,-1.4301029880526122,-1.1599014539427934,1.8659706433177552
0.006814966291796847,0.004882244048369216,-0.005808757349271192,0.003516590446638213,-0.032096624956569626,-1.7013716862919466,-0.9312951436757535,2.2048612663454445
0.005199018667492604,0.006317690258815549,-0.004028383261839913,0.005341547381463459,0.1699653622986678,-1.9550313072974586,0.23670023579465174,2.50593504391729
0.005205458627503918,0.006192234519587773,-0.004056313605554211,0.005193239981231092,0.15421467099987596,-1.9280677057710733,0.1788468784130892,2.458244928786741
0.005082368752266098,0.006373088365115051,-0.0038788012850828244,0.005372245860442969,0.17415019113197794,-1.915202487579814,0.2931982298383316,2.446426062601596
0.004964301406329806,0.006431009364336719,-0.0037288447550747838,0.0054016700062180885,0.17736947402279926,-1.8739621292029753,0.34578057101968446,2.385694884534305
0.0051494135534661985,-0.008730139139686052,-0.0021054436110077043,-0.008042347102956655,0.5198655452788233,-1.3446980513119522,-2.2505110300376288,2.282834239627899
0.005161009143188233,-0.008741362845101054,-0.002097738831248013,-0.008064833791652083,0.526928581130323,-1.3342124793029047,-2.2724979864053365,2.2815190849162676
0.005145393062081884,-0.008745388088177918,-0.002080141202434923,-0.008048921412673599,0.5173212711879013,-1.3287076578139514,-2.258764743870671,2.264122372566746
0.0051570782538395065,-0.008756573701192634,-0.002072360314964201,-0.008071392404226534,0.5257233266534476,-1.3178712254942238,-2.2807462296354495,2.2624801306598377
0.005141449522706018,-0.008760674926955198,-0.002054801569999504,-0.008055465527442308,0.5147406944914462,-1.3126718939580726,-2.266955190232485,2.2453789092828838
0.005153195160361302,-0.008771796903417487,-0.0020469625194860313,-0.00807787085431124,0.5243391634467932,-1.3014203133034334,-2.2888885356047703,2.243443136202825
0.005134498077970416,-0.008848092431344245,-0.0019198077029875154,-0.008109031728045939,0.5127091712403408,-1.2193084247983488,-2.3277705787941994,2.148729977247002
0.0051381415754483545,-0.008832809929953066,-0.0019452509154456123,-0.008102965928087279,0.5163086714438008,-1.2355800044069658,-2.320272573495513,2.1676792540876937
0.005122816180330029,-0.008837256500266658,-0.0019280731183974025,-0.008087373251407654,0.5023718340118041,-1.2317513666181672,-2.306590655445412,2.151399038613445
0.005141833072035735,-0.008817538964686684,-0.0019706756618012577,-0.008096820026396504,0.5199195653755986,-1.2519162620487114,-2.312640819698049,2.186586460329807
0.005126449544876212,-0.00882195065542051,-0.0019534157136520663,-0.008081175775338173,0.5045411631740119,-1.2480002373947279,-2.2989212924393816,2.17021131707094
0.005145572528467586,-0.008802279697245051,-0.001996105421565797,-0.008090588249587647,0.5222029177547959,-1.2683674722532345,-2.304855233754296,2.2054892344635495
0.005130097779447469,-0.00880663702821198,-0.0019787434624568448,-0.008074849260879037,0.5068007186259581,-1.2642413794222473,-2.2910772361698064,2.1890095486528938
0.005149359904790919,-0.008787032289485814,-0.0020215414410415557,-0.00808427014525794,0.5232494671053854,-1.2848984224594098,-2.2969277128572334,2.2244372442164644
0.005133796639383581,-0.008791311933093912,-0.0020040827411277017,-0.008068431452808321,0.5093858561047058,-1.2804456144120488,-2.283110657517159,2.2078079763804976
0.005137580784508696,-0.008775986642205358,-0.0020294413757599907,-0.008061967682962355,0.5121089755590974,-1.2965880208994311,-2.2750694089041006,2.2266039063644416
0.005123855962596771,-0.008894007537775724,-0.0018433164864348527,-0.008126760596219465,0.5032720976701529,-1.1704063153667763,-2.349538974410524,2.09158154100958
0.005127355233983758,-0.008878691396530594,-0.0018688413886396086,-0.008120928904866128,0.5061521253077551,-1.186754271027316,-2.342399158532741,2.110675728843646
0.00511203981415322,-0.00888325867022688,-0.0018518049771652715,-0.008105308765759564,0.4949320620555728,-1.1829458360979608,-2.3286757903814053,2.094823321931305
0.005130902618182379,-0.008863386307324786,-0.0018943372000831311,-0.008115019550932231,0.5094168660914538,-1.2030440062533077,-2.3351461980756834,2.1297285829273407
0.005115602910833372,-0.008867906120264078,-0.0018772681943346776,-0.008099427773722025,0.49755943713170653,-1.199224327621671,-2.3214502930268917,2.1137039604953998
0.005119197174124834,-0.00885257154797526,-0.0019026931710628876,-0.008093451288724551,0.5000369344366695,-1.2154948101496867,-2.3140915594206857,2.1325636620381974
-0.008878691396530594,-0.005127355233983758,0.008120947490181605,-0.0018687612374650795,-0.002338827685655358,-0.42884426409306475,-2.5510095089346523,1.1993471638754678
-0.008867957235447076,-0.005115416169356952,0.00809927508916707,-0.001877030548878047,-0.005218178113205627,-0.4380789374653195,-2.5382915503732852,1.2029621347334445
-0.008894007537775724,-0.005123855962596771,0.008126776198989615,-0.001843248684419447,0.0024166346323223667,-0.41267074004037746,-2.553598529094066,1.182299976036461
-0.00888335444347179,-0.005111937611621915,0.008105276558833014,-0.001851556569797808,-0.0013927404434381388,-0.4219792987456908,-2.5409907565192213,1.1858126253522092
-0.008909334570059206,-0.005120404840570064,0.00813252421559043,-0.0018177201020048138,0.007148599891776956,-0.3965233123176302,-2.556094957340256,1.1652803097343933
-0.00889873701012585,-0.005108492184565974,0.00811116366216,-0.0018260891748158646,0.0023518989966453308,-0.4058823080411767,-2.543622632005373,1.1686638675394458
-0.008924672332571876,-0.0051170019037825145,0.00813819308567324,-0.0017921688180472146,0.011582310394835779,-0.3803940436446427,-2.5585178910162822,1.1482600907805496
-0.008914109394997692,-0.005105078959271529,0.00811693922686914,-0.001800623037279987,0.006183393698364538,-0.3897798504640601,-2.546188385767435,1.1515232276737362
-0.00894002066470317,-0.005113647187447097,0.00814378157188281,-0.0017666003937817536,0.016161562447516813,-0.3642812109323091,-2.5608802956963865,1.131245291375888
-0.00892947448085428,-0.005101706538814064,0.008122615269152712,-0.0017751602110626403,0.010080237580110544,-0.37366957583451926,-2.548689060494939,1.1344028440068195
-0.00895537940604795,-0.005110340726114829,0.008149289940798474,-0.0017410134114427813,0.020895027117418346,-0.3481812284891395,-2.5631887508487545,1.1142216000273666
-0.00894483691530164,-0.005098371541208271,0.008128191228764027,-0.0017496921418725727,0.01395984907807299,-0.3575467229254063,-2.5511191419850605,1.1172980543235298
-0.008995810546830019,0.005072342441712356,0.008128178314305042,0.001656304948562977,0.03113014219184995,-0.30825004635750647,2.5450804233229007,1.0586119933462206
-0.009011264758345084,0.00506915889039324,0.00813336621628632,0.0016308012089090943,0.03530734324111806,-0.2921076784502596,2.5472604910493453,1.0416277205663815
-0.009026722944968948,0.00506604105017766,0.008138490366370313,0.0016052997738540177,0.03952635963528208,-0.27595444538369507,2.5493963479177455,1.0246669362670964
-0.00898034129178007,0.005075600514136448,0.008122925755376318,0.0016818456065374689,0.02699598781326767,-0.32439950102313225,2.5428582615677016,1.0756395537349592
-0.008918627285972047,0.005089477602989951,0.008101566913973514,0.0017839857040136055,0.010515179430666667,-0.3887569754591085,2.533706401888676,1.1439209530237668
-0.008933989488154654,0.005086025605072051,0.008107103219141406,0.001758604844099531,0.01466239375736234,-0.3727111468672444,2.5361481538952275,1.126889982930976
-0.008949384374938004,0.005082457153380061,0.008112378315369399,0.0017330730316764585,0.018812442995543646,-0.35667095207142646,2.5383919588412103,1.1098231966856895
-0.008964851210905574,0.005078959321900175,0.008117635477107643,0.001707448775373835,0.022905349598737097,-0.34055680198898214,2.540613835002865,1.0927210104785086
-0.00887680135475436,0.005082927252190505,0.008066926342259778,0.001842465839261738,9.558386298177338E-4,-0.4344647267992377,2.5129549706436047,1.1847760505128804
-0.008892362135622575,0.005079824606193489,0.00807338865221865,0.0018172537818832671,0.004807768191784647,-0.41820009690931753,2.5160994134817503,1.1677019568881812
-0.008907808435221579,0.005076837705650481,0.008079768502063945,0.0017922438317344031,0.008667793168063332,-0.40204102499746736,2.519188111311823,1.1507853270693371
-0.009042202482906244,0.005062989507343944,0.008143561145886975,0.0015797740799268726,0.04378593277318683,-0.259771955901249,2.551492856780207,1.007713551021661
-0.009057717688415876,0.005060013044778943,0.0081485962625917,0.0015542066326711143,0.048075448774553046,-0.2435431083767228,2.5535608533513976,0.990755888901398
-0.009073278030652858,0.005057129720204973,0.008153621295194665,0.001528591904275621,0.05238378194624615,-0.22725316489915545,2.555617800378814,0.9737882362223335
-0.009088879772894626,0.0050543651825876125,0.00815866360061463,0.001502947795785466,0.056706830292412504,-0.2108988620049521,2.5576841002525814,0.956819154210934
-0.009140438143537986,0.005074438771579878,0.008209136197948759,0.001432529880741098,0.07104218427587357,-0.15361338673702507,2.5871799766148604,0.9101728233588974
-0.009130283756201526,0.005062053708413598,0.008188907916993686,0.0014422634497493036,0.06671018692428589,-0.16310813486867246,2.575504480220665,0.9138330039056212
-0.009155917713659412,0.005071762475906216,0.008213590048634083,0.0014067685901531862,0.07744536236395727,-0.13739242439125596,2.588708721074576,0.893644218456667
-0.009145770769444462,0.0050594081403140066,0.008193498518918934,0.0014166116872409533,0.07083019817487872,-0.14685367725908297,2.5772391654245665,0.8969731843630114
-0.009104491789590856,0.005051740080430001,0.008163730696986839,0.0014773307193591924,0.0610586803612591,-0.19450685997063114,2.5597686373884336,0.9398837282293918
-0.009120058852192204,0.005049232258542901,0.008168768334772966,0.0014518120057574596,0.06548064166507443,-0.1781400871361819,2.5618385996164825,0.9230333140815229
-0.009171405472706819,0.005069134851839915,0.008217964456006198,0.0013809845739348777,0.08324462030278228,-0.1211926390852826,2.5901761367903324,0.8770355735700835
-0.009161258074640374,0.005056763997661994,0.008197951748176861,0.0013909335495902958,0.07497665207886979,-0.13056488131132468,2.5789006830230576,0.8800810037654764
-0.009186901264173677,0.005066555924529232,0.008222260709386545,0.0013551699089307337,0.08823288324435243,-0.10497532818880016,2.5916151071887406,0.8603159378785582
-0.009176764368536256,0.005054132287106762,0.008202288851924547,0.00136520878369383,0.07935804385890854,-0.11423560114082144,2.5804922591818467,0.8631773882830304
-0.007165854291965582,-0.005747046579793731,0.006766051278493162,-0.004507306172773825,-0.06894742509677422,-2.1032061717003856,-1.5310213030223685,3.0463580722665564
-0.007199889282212806,-0.005731202437951959,0.006807598081938212,-0.004463987861690145,-0.07487747281337775,-2.079456132409808,-1.5685818990571516,3.021367914625781
-0.0072143196302192954,-0.005721224096055253,0.006822555152212674,-0.004440322556148887,-0.07748352855517456,-2.0669337665712426,-1.5825366183193441,3.006004763527833
-0.007179396600307179,-0.00572573080790055,0.006771635466547876,-0.004466743787924741,-0.0716836560735654,-2.0835038617865664,-1.5385759341408416,3.0160277289067623
-0.007266050351337263,-0.005684320104632311,0.006873909649938478,-0.004352957988766994,-0.0859154477380538,-2.0203441894532106,-1.6303762660275123,2.9480190750634128
-0.0072251752967704645,-0.005702654594017566,0.00682528742225677,-0.004405366316247611,-0.07935455055788032,-2.049984344534712,-1.5869796208066898,2.9793438938330103
-0.007248819864261594,-0.005690959370495699,0.00685268272578327,-0.00437350919486145,-0.08324469877181857,-2.03226101087429,-1.6115612245864959,2.9599504364775266
-0.007386733023119716,-0.00563112864606287,0.0070127820079800346,-0.004193531800200919,-0.10340066632312975,-1.9267863659086744,-1.7533420250745704,2.8477559266253176
-0.007401938824219045,-0.00561139885512309,0.007018580884623726,-0.004153543401713971,-0.10489379686011213,-1.9067183896965758,-1.7593946293644382,2.8179235602889263
-0.007347497506476959,-0.005633331884509875,0.006956111022230322,-0.004223739533207391,-0.0976379424595991,-1.9490589303304862,-1.7047784556964853,2.862511724560301
-0.007362548660555537,-0.005620360252758946,0.006967822160514977,-0.00419425125339471,-0.0995004324083932,-1.9334155711872334,-1.7156407760699006,2.8417543572056956
-0.007276436380817626,-0.005669668445520617,0.006878262801038835,-0.00432425710897159,-0.08752883500996977,-2.0061712637013187,-1.635512644349534,2.926648304141674
-0.007289516446677025,-0.005653360123055988,0.006885230022416623,-0.004291431959657802,-0.08939175891031324,-1.9897720297110943,-1.6429472070444244,2.9026732817829957
-0.0073275314614129365,-0.005632312617137207,0.006925467431785196,-0.004235457820383904,-0.094733596167063,-1.9584946514909507,-1.678813650317238,2.866637850926175
-0.007307134192591525,-0.005639019751239436,0.006900346563317794,-0.004258703055512649,-0.091926401547867,-1.972508380822753,-1.657011206170939,2.8802445183780505
-0.00708339619981358,-0.005788557815043988,0.006665011315271461,-0.0046140267848268045,-0.05356225760113831,-2.1592159781652143,-1.4390272911301538,3.106270046808494
-0.007098172901372504,-0.005772406172799348,0.006677414632966978,-0.004581433631368509,-0.05689949461327646,-2.143292174790039,-1.452079732602231,3.0838779987527167
-0.007112746820409528,-0.0057582971795752825,0.006690648914886593,-0.004552123628898306,-0.059857363991194866,-2.1288049611473245,-1.4654234903246455,3.064193354914654
-0.007127513576511921,-0.005751304138542901,0.006708952748762123,-0.0045338034727096235,-0.06254089994516068,-2.1192221606369457,-1.4819212144404488,3.054234095901204
-0.0071383793901020655,-0.005736485740494876,0.006715503509355485,-0.004505120100182982,-0.06466993204866976,-2.105297943803673,-1.489580530917408,3.0335046231184877
-0.007058870668567387,-0.0057809045547326,0.006620998968932715,-0.0046131386290521915,-0.04986936832916663,-2.160262657823847,-1.403125282073777,3.0946084191462826
-0.006916973805995923,-0.005888738990517944,0.006459586287474112,-0.004842150637565298,-0.018219327015970066,-2.2681410927341896,-1.2474026032060077,3.2282293126225707
-0.0069352478943093335,-0.005863401609549616,0.00647458443908409,-0.004794729217011161,-0.023507142132112177,-2.24630295165459,-1.2653259114952577,3.1956885008842346
-0.006957477946243815,-0.005845174882417321,0.006499664091913061,-0.004757296024631155,-0.02871446884530738,-2.229146111759015,-1.2898763744337975,3.173884922210061
-0.006979088477820954,-0.005823636998968006,0.006521298039789067,-0.004714535282653508,-0.03402403521199033,-2.209276239826013,-1.3120825020101898,3.146835133956538
-0.007000585516832017,-0.005812312445210764,0.006548613372373528,-0.004687933623352316,-0.03829349930443531,-2.19668888490293,-1.3369603209981045,3.133656731416575
-0.007012427276305399,-0.005790953469314533,0.006554010444817278,-0.004649153513673337,-0.04147120039789768,-2.178503228254517,-1.3453463529672691,3.1050718422384
-0.007030447273362443,-0.00577168649029106,0.006570192750816242,-0.004611128921308729,-0.04568224719606042,-2.1605305677080886,-1.3621472273969732,3.0800857856189396
-0.006837791189234658,-0.005943751028832564,0.006359835687900418,-0.0049562795510066605,9.564831912929255E-4,-2.3175828769037046,-1.152142354770753,3.285893428719962
-0.006855577509326831,-0.00592311609592291,0.006378206180325041,-0.004917402702239635,-0.004299388094240589,-2.300469569138953,-1.1722970047136263,3.26153697283995
-0.006872775240526638,-0.00590735648140925,0.006397856376030182,-0.004886555495096784,-0.009054371100163001,-2.286973556320064,-1.192184827192718,3.2437793805277466
-0.0068799967800274656,-0.0058812357758094395,0.006395309217395352,-0.0048418885186599135,-0.012569283492821355,-2.26624870948881,-1.1961059906268459,3.2082186937760513
-0.006573888287776137,-0.006121537556364389,0.005996356214648438,-0.005295569766559343,0.06866307848640642,-2.4357806829124233,-0.8109801656837842,3.4118228549148166
-0.006542507394948289,-0.006116315389540559,0.005942339152207831,-0.0052884996595559015,0.07209280990877143,-2.424563721845604,-0.7724116679755902,3.3830719693742
-0.006592993885757438,-0.006098713432902924,0.0060205034008594905,-0.005256082891173311,0.061868890318691534,-2.4216450621560655,-0.8372985857651806,3.3914864347876095
-0.00661336755612412,-0.006083788858126708,0.006049153673857412,-0.005229446216365124,0.0564009442598137,-2.4135969917737374,-0.8642158170039463,3.382773668134761
-0.006643513657713651,-0.006034654817111212,0.006080598443886418,-0.005144656283376629,0.043965008835713415,-2.37965907387014,-0.9044648204021427,3.330105974103487
-0.006623478367401469,-0.006057956479561959,0.006056401734617974,-0.005185513449309177,0.05079948846579357,-2.3949236528930746,-0.8784483148373726,3.3517691532144744
-0.006070973365592702,-0.006528468083886827,0.0052147199191675845,-0.005904938582402563,0.21045648775564937,-2.507263239318639,-0.10547378177275905,3.465869321399026
-0.00609094756351609,-0.0064985484210919675,0.005248625856904384,-0.00586233416781487,0.20171912501644942,-2.5013650993638255,-0.14123274465739855,3.455219995621808
-0.006110656225623785,-0.006474429646826051,0.005281327123760723,-0.005828728879750654,0.19433575809110343,-2.498179958945902,-0.17303689777158401,3.4499856004082794
-0.006167869511688369,-0.006411718365847363,0.005374151335978989,-0.005741015437253233,0.1753955829946875,-2.49048114406321,-0.26051679897011115,3.4390986810728132
-0.006114976074646998,-0.006443771459285272,0.005288628833050243,-0.005780130676237263,0.18652017767364673,-2.4815622594187796,-0.19399583090838238,3.419327267056797
-0.006127522091931225,-0.006413951923903129,0.005308723727072418,-0.005735103137241931,0.17829560798434274,-2.469897067562503,-0.22125332904716474,3.398557041259103
-0.006230410115592285,-0.006336572279844233,0.005471689218677662,-0.005630987770478108,0.15268000323436037,-2.4724283783569123,-0.35754739406064,3.411981873888824
-0.006187555592236849,-0.006379440884045864,0.005404868346527509,-0.005692661115549697,0.16584965406097837,-2.479708811065168,-0.2954062712354197,3.4209751284467638
-0.006196780307432107,-0.006340691516555694,0.00541739017676628,-0.005631581424448562,0.15627335420861077,-2.458827522535017,-0.3222889015415013,3.383841837036556
-0.006320685333497995,-0.006310880636123259,0.0056175980173827945,-0.005602626689356225,0.1386891721736865,-2.4962592862267985,-0.4634611731840996,3.467343781156096
-0.0065050634371916025,-0.0061094695812953315,0.005878470719138599,-0.0052786445486022815,0.07582154098967452,-2.410176686727436,-0.7282718478807454,3.347874992474659
-0.006348518764439394,-0.006283156424762396,0.005659687046109135,-0.0055598479655061825,0.12968785351614368,-2.487958697683488,-0.504279551280444,3.4566602493243797
-0.0063711660614955675,-0.006248287977079168,0.005691158684264827,-0.005504105270198459,0.11938756037805538,-2.4713269404686176,-0.5410292723128336,3.430418679001916
-0.006400102174809447,-0.006224209199819104,0.005734324334422774,-0.005466312594091179,0.11113791106585229,-2.4642892181588127,-0.5808896428428653,3.4229816507950717
-0.006403461314535913,-0.006190063261325975,0.005732498841539623,-0.0054101657972376585,0.10363604757058342,-2.440251213925094,-0.5941557957487679,3.380203368416788
-0.006414879701716202,-0.006153071318789223,0.005742708927151141,-0.005350124784109909,0.09515717024666921,-2.416828572613785,-0.6159217729102764,3.3403231155204898
-0.0064667872182503664,-0.006116800330922007,0.005817979952042188,-0.005291434182828868,0.0820656233158013,-2.4055762204733573,-0.6824104112457968,3.3309063125734046
-0.006434419441008913,-0.006124533562103578,0.0057674554363458695,-0.005304095775294138,0.08722759098320873,-2.4019284158637597,-0.644065090124763,3.3176172072474976
-0.006283687826108466,-0.006306739473988388,0.005555798059934096,-0.005590625777901714,0.1411577834304578,-2.4767476066499996,-0.4249816616241205,3.4264058645421955
-0.006245004428462988,-0.006306032208452953,0.005492463292316819,-0.0055836645625215705,0.14445096539878718,-2.4585386610407713,-0.3850256373466381,3.3884760905282865
-0.006810162023770833,-0.005933570511172258,0.006309241147476957,-0.004946789958928464,0.00442814118857592,-2.3103587438970505,-1.1136410174345601,3.2613027077479684
-0.006693626237235383,-0.0060175195518238495,0.006156390380008279,-0.005109134409478043,0.03383826415826747,-2.3720266796274108,-0.9685497883864292,3.332166732039622
-0.006735139852919174,-0.005978854302500137,0.006207903775986008,-0.005037951102318204,0.02189533715588018,-2.344606770967724,-1.0204316265018167,3.2962643562683867
-0.006714219495826837,-0.0059964482022166745,0.006181325733543596,-0.005070832138671324,0.0274862347831098,-2.3571231082804296,-0.9944125796574369,3.3118963379851247
-0.006755076397634622,-0.005962565106022363,0.0062331251550324625,-0.005007144166292987,0.01669740154789365,-2.3326630947679337,-1.0449954978594036,3.281516504556117
-0.006730442884469136,-0.0059548190548755564,0.006189353225273578,-0.0049995991212728776,0.019580483269132185,-2.3257389414816454,-1.0126002542040777,3.2602230476817966
-0.006781185255760708,-0.005943562102516207,0.006266808966706027,-0.004970195419902527,0.01002697434349639,-2.3183868152251343,-1.0769083217352067,3.2648996666302925
-0.006663751475510866,-0.006009445918572739,0.006103840652387663,-0.005100444849582424,0.03728427224945081,-2.3625517964535656,-0.9302416140639806,3.305312623722943
-0.008642895776422028,-0.005158325311525002,0.007985632708999706,-0.002238220809923138,-0.053583603209958974,-0.677210274681099,-2.476970026978575,1.4541337471078144
-0.008658105552932878,-0.005153946872820216,0.00799258016449917,-0.0022130567049475428,-0.050325057638699856,-0.6612956524082408,-2.480570824021773,1.436719559631344
-0.008673387708711542,-0.005149610124089398,0.007999486101921747,-0.0021877841467443896,-0.04714099342699033,-0.6453157376595157,-2.4841204716399106,1.4192661899156886
-0.008406121741305606,-0.005199674882031933,0.007827728423919768,-0.0025985425622027402,-0.09175678882293532,-0.9246250766502809,-2.3795168987383586,1.7108239219937253
-0.008433672156836998,-0.005205635308935024,0.007860235842651638,-0.0025676433483848207,-0.08985832109167989,-0.8961898777457001,-2.402614612255691,1.686948663809968
-0.008420838187594941,-0.005193631307462396,0.0078345579061989,-0.002573531855582977,-0.08935518633459381,-0.9093622556005015,-2.383359867874541,1.6932599164289763
-0.008464468372274768,-0.00519596707019553,0.007877282336813214,-0.002517546254511793,-0.08492757127285479,-0.8640966188964402,-2.41271336228615,1.6514874686015901
-0.008449001916274975,-0.005200539024106347,0.007868469812459158,-0.002542472993356053,-0.08739733659282622,-0.8802142116813781,-2.4074487679360383,1.6691492823646612
-0.008524803208342877,-0.005178148740268901,0.007910224678182892,-0.0024197709864794033,-0.07474641708307449,-0.8011621809147219,-2.43191367640407,1.5824935346557665
-0.008509711825520185,-0.005182737840945798,0.007902356031381688,-0.0024444228268641535,-0.07739979851578692,-0.8169059636310364,-2.4274314615684456,1.5998267991209116
-0.008494716422943626,-0.005187326208846229,0.007894425903645723,-0.002468894827366961,-0.07998283060550486,-0.8325475689860556,-2.4228730367907274,1.6170588681582083
-0.008479728519600072,-0.005191751231657295,0.007886169681866895,-0.0024931596355183797,-0.082474863307764,-0.8481824709268658,-2.4180390005141166,1.6341974159670618
-0.008569752454158579,-0.005163082963372389,0.00793116952924839,-0.0023449000159629827,-0.0663270112262332,-0.7543453513002337,-2.443238383878439,1.5302261358250748
-0.008554611699060447,-0.005168001567463119,0.007924077993069935,-0.00237002126427094,-0.06920281187509664,-0.7701101395655957,-2.439402911568637,1.547745658748475
-0.008539732785165916,-0.00517317743113757,0.007917363752382785,-0.002394966426689771,-0.07201057714415517,-0.7856008378762712,-2.4358257076031182,1.5651367549539292
-0.008585123623688731,-0.005158444060704708,0.007938632773761832,-0.0023196556477953316,-0.06339057858212198,-0.7383335406015027,-2.447328990333853,1.5126144472204164
-0.00863154946155449,-0.005146304997307228,0.007962459196908472,-0.0022446604730794535,-0.0544082962501962,-0.6898782299881688,-2.460594420084813,1.4602655930673016
-0.008616209278326582,-0.0051501585946515495,0.007954551466228513,-0.0022693654440479626,-0.05740925676214137,-0.7059031665517207,-2.4562021837951207,1.4775009667253602
-0.008600656637037178,-0.005154083510176956,0.007946405228863244,-0.0022943716821852357,-0.0604009062191841,-0.7221410900184836,-2.451629961083421,1.4949713071834891
-0.007692791601320179,-0.005482459722124267,0.00731163400907921,-0.0037333528210081214,-0.13050477692556392,-1.6471226653264797,-2.007857395390391,2.528498420715187
-0.007675869699988784,-0.0054839868620850975,0.007290284354171521,-0.003750871800904329,-0.129155384036856,-1.6606824335327488,-1.990227034731353,2.540410350241244
-0.007659295945993588,-0.005493304743848736,0.007276806509311325,-0.003778458946692757,-0.1283978414729211,-1.6771513356841374,-1.9792143907124184,2.5601685883940983
-0.0076447160206531755,-0.005501698137498206,0.007264968202729316,-0.0038029170547564206,-0.1276917984259998,-1.6916769747135143,-1.9694920751707183,2.5776864456217283
-0.007536361117199313,-0.00558435464327822,0.00719065948927121,-0.004011411014444715,-0.12159797734909449,-1.808471624411531,-1.906868365095557,2.7293985066551287
-0.007522258457583108,-0.005590923477361696,0.007176358324345292,-0.004032333182159364,-0.1201862246839962,-1.8213960198657484,-1.8945892780162266,2.743985186370217
-0.007537782912978535,-0.005568758473036419,0.007178283872898016,-0.003987855793316905,-0.1207592561145826,-1.799424701361469,-1.8966035401171415,2.7101966365855943
-0.007548627181769118,-0.005559252245079865,0.00718498698064382,-0.003965415721193137,-0.12149490854159807,-1.7872487620540858,-1.902399650416913,2.6937876571204913
-0.007593741935092794,-0.005537101354306899,0.007228016802148495,-0.003896334911958104,-0.12514574792800018,-1.7449757373887909,-1.9388171279852844,2.645187512369034
-0.0076307640002913355,-0.005510118154546665,0.007253859251958342,-0.003826789787248447,-0.1269897520547065,-1.705710639983576,-1.9603260114072907,2.5948100142746497
-0.007617155144392647,-0.0055189922576446395,0.007243505519908385,-0.003850932804959901,-0.1263051222957796,-1.7196709532857273,-1.95174497855713,2.6121908532306963
-0.0076045227777917215,-0.005528603736421458,0.007235059250127259,-0.0038752155355916977,-0.12570830240027123,-1.733249744867942,-1.9447141055959791,2.62981728488076
-0.007561910717311996,-0.0055487222688800596,0.0071940775254523545,-0.0039395023018990475,-0.12235511216879864,-1.7728961015779159,-1.9101803504203525,2.67498189437563
-0.007577669956188641,-0.005538228095435644,0.007206520429943906,-0.003911534865553355,-0.1234694431775423,-1.756838924498346,-1.9207274665910303,2.654928945659123
-0.007494278254731888,-0.005587947748661604,0.007133112003394562,-0.004050237254995981,-0.11642288074069218,-1.838129092443703,-1.8578417143599137,2.753165716972394
-0.007508748683761948,-0.005583151320601328,0.0071497094652839405,-0.004031894634750791,-0.11797187762597876,-1.8262194683961757,-1.8720530043475772,2.7409372717491833
-0.007477729569108888,-0.005576782737890896,0.007099179033919996,-0.004046912724257469,-0.11366334111358349,-1.8424804747816979,-1.8293938309987083,2.746803491588467
-0.00741724419946449,-0.005595097124256089,0.0070271727285915716,-0.004118615941840562,-0.10640410645192576,-1.888664686496518,-1.7675333940017321,2.792434786312992
-0.007434326438742018,-0.0055838364899135386,0.007042426599426137,-0.004089740283804992,-0.10830809633694143,-1.8724801745288413,-1.780978875980874,2.7725062973542993
-0.007448890884829069,-0.005579637129359549,0.0070599400565533365,-0.004072865244174707,-0.10999306814475499,-1.8615630397916525,-1.7960134854520322,2.7618776141658086
-0.007458300205377067,-0.0055680407974855895,0.0070634511221877696,-0.004049055970149029,-0.11065709441020356,-1.8495658491186038,-1.799444859254452,2.744259928703023
-0.008119932361005085,-0.0053363090900529495,0.007687301948827593,-0.0030988305670608582,-0.1289606274734594,-1.225696280047021,-2.295655996056153,2.0675110942096357
-0.008134645548777226,-0.005330566357129214,0.007697345647682736,-0.003074812484171912,-0.1278714503714777,-1.2103006811301904,-2.3025249109782795,2.049991897144659
-0.008163776246193013,-0.005319141768092513,0.007716737265806346,-0.003027009275455234,-0.1252410766217582,-1.1797706230321825,-2.315606378739943,2.0152033600999615
-0.008149255426763678,-0.005324877514082491,0.0077071887810226765,-0.0030509136527684558,-0.12661452105459595,-1.1949978387504265,-2.3092040338821636,2.032579205362086
-0.008180029363456553,-0.005296654327565553,0.007709264810821195,-0.0029827999897627626,-0.12184835410451256,-1.160459958251128,-2.307605833935733,1.9842553721271372
-0.008165703976648743,-0.005302695541383071,0.007700471645269469,-0.0030067215129914765,-0.12322073009645422,-1.1754244075393856,-2.3018190209236873,2.0015288504314417
-0.00834437796145361,-0.0052360166483127425,0.007810029414412687,-0.0027139000590594236,-0.102962563674776,-0.9892836272672213,-2.372301066344562,1.7909659421379767
-0.008329039186078748,-0.005241230358786503,0.007800876706267951,-0.002738829222090192,-0.10500132566107019,-1.005253789474564,-2.366588733066887,1.8087901501328292
-0.008313920300147224,-0.0052469542859463385,0.007792370244672677,-0.0027639275431991916,-0.10702340699730374,-1.0210290566830442,-2.36136181939677,1.8267052462342142
-0.008299034357354428,-0.005252607808082605,0.007783865744041688,-0.002788610020539956,-0.10893934000780371,-1.0365675438933346,-2.3560921206044974,1.8443570804801646
-0.008284112792793006,-0.0052578620760313785,0.007774723444477484,-0.002812882802806035,-0.11074051867401431,-1.0521140067827595,-2.350277735912682,1.8617901803565722
-0.00826906962658224,-0.005262948978690347,0.007765119852400796,-0.0028370790147677527,-0.11246532328653293,-1.0677575409197806,-2.3440697563776287,1.879210926911437
-0.008253994204792664,-0.005268181410604769,0.007755499582312746,-0.00286140107174656,-0.11415161346989137,-1.0834292229905378,-2.33782408640849,1.8967276789853982
-0.00823897487716314,-0.0052736122169048105,0.007746012582185907,-0.002885795880979448,-0.11579975194941054,-1.0990498009350496,-2.3316553547225563,1.9142980621355925
-0.008224064381765683,-0.005279198585036528,0.007736665852595372,-0.002910158825665927,-0.11739425740264138,-1.114567416907098,-2.3255656983587643,1.9318522159248983
-0.008209262359687932,-0.00528489419844697,0.007727408504365555,-0.0029344464393975,-0.11893065152133979,-1.1299805537989462,-2.3195136414642232,1.949364005204852
-0.008194567765204292,-0.005290700433450816,0.007718242861873766,-0.0029586653078661554,-0.12041420330115536,-1.1452919433834061,-2.313501648717868,1.9668372586602778
-0.008107273139262721,-0.005325301445158107,0.007660898230953128,-0.003101480187392024,-0.1278980374918346,-1.236040407411432,-2.2747998995302887,2.070294317558167
-0.008092378433874068,-0.005331290319621444,0.007650693153848641,-0.003125727919861506,-0.1289550979780629,-1.2514746773655825,-2.2677366266080696,2.0879056411046246
-0.0080792206030654,-0.005320391163923659,0.0076238310986012385,-0.003128676042107348,-0.1273702292510184,-1.2621513224460836,-2.246169071037994,2.091194449213809
-0.00802483798934873,-0.005328728289614166,0.007570443080359196,-0.00320015689297031,-0.12860255428928538,-1.3147988861759032,-2.206158364068805,2.1436766073090663
-0.008008259909599504,-0.0053291586415143855,0.007551612561346859,-0.003219139718333798,-0.12857419039560444,-1.3301287723028867,-2.1916973424847632,2.1576820634865377
-0.008038300399916135,-0.0053189157523191605,0.007575477550875293,-0.0031736917242730016,-0.12733743189039815,-1.3002294207614848,-2.209156863579265,2.1247535231733043
-0.008054078847431381,-0.005318804673435061,0.00759346387470473,-0.003155703461577776,-0.12726993623889182,-1.2855171217113257,-2.222904572495427,2.111417934339162
-0.008065706504382588,-0.005310611381406094,0.007597876010062247,-0.003133105857443967,-0.12608724521796333,-1.27299589472504,-2.225507519588438,2.09529010970758
-0.007733761472768208,-0.005478410158649469,0.007362557251158073,-0.003689590274508997,-0.133669851386915,-1.6133100577634678,-2.049747724797681,2.4982531385936224
-0.0077477782365448266,-0.005472626956726403,0.007375411004169863,-0.003668494844124116,-0.13422937664319343,-1.5997668330119144,-2.060102327425593,2.4830771038628563
-0.007749943989614245,-0.005457784317543378,0.007363405072393843,-0.0036467883039924065,-0.13282335856297686,-1.5922711491129382,-2.0497098832492746,2.4665443392639266
-0.007859803070329055,-0.00539994324832777,0.007446025065424833,-0.0034633877087579296,-0.13328877961917726,-1.4808881940411611,-2.1137546228221678,2.334010690867348
-0.007847829302177242,-0.005409521086106138,0.0074408088164908525,-0.0034876789975794116,-0.13378338700948067,-1.4941735905888407,-2.110125742584124,2.351632499922765
-0.007832533248911026,-0.0054131546446838956,0.007425166250747858,-0.003507785373137341,-0.1334608870827159,-1.5083258766752508,-2.0977764599880597,2.366102205212055
-0.007817428174214006,-0.0054180501124697494,0.0074109236306428355,-0.003529182447903969,-0.13310350241580562,-1.5226298638671072,-2.086567387292257,2.381473687910583
-0.00776084301659272,-0.00544935184777888,0.007369298256182767,-0.0036252270048916083,-0.13278092933699207,-1.5802977690926117,-2.0542013135046058,2.4508474097053425
-0.00780230531213549,-0.005424494613205723,0.007398087988446145,-0.0035524678519318477,-0.1329118703954489,-1.537406684429907,-2.0765136719269885,2.398228757534222
-0.007787585079349852,-0.005431842467761798,0.007386530002492022,-0.003576432064888013,-0.1327702429384626,-1.5521185831543247,-2.0674862751159675,2.415499200700287
-0.007773562174577014,-0.005440178186567784,0.007376716283856679,-0.003600931884866819,-0.13271188339249004,-1.5665859500906778,-2.059872744394728,2.4332076462689476
-0.007975093331258955,-0.005346914337346684,0.007531417032161898,-0.0032765447337276227,-0.13045183791948514,-1.3644929776336427,-2.177496289274753,2.1990117940788036
-0.007963862539120351,-0.0053567219580767395,0.007528409916389718,-0.003300472902969668,-0.13149620663442144,-1.3770989902838175,-2.1759084597495244,2.21618466285113
-0.007948752154497571,-0.0053602051388472235,0.00751395615506228,-0.003321007652293958,-0.1316850994400206,-1.3915557599009813,-2.1648863512198333,2.2311052422272337
-0.007873805512170836,-0.005390718469883024,0.007454011784647011,-0.00343745681726839,-0.132821515217616,-1.4660013018530844,-2.1195670336188006,2.3152524182063554
-0.007933384892459781,-0.005365895812711845,0.0075013761230094235,-0.0033443732910106473,-0.13193370141948826,-1.4067473854417347,-2.1554392284368133,2.247998034848647
-0.00791903430055766,-0.005373440047224637,0.007491820371937505,-0.0033688232673977875,-0.13247196724961105,-1.4215212076670858,-2.1484436634835085,2.2656531312891577
-0.007907465146359366,-0.005381261391047063,0.007485821552657201,-0.0033906357195342372,-0.1330373868191841,-1.433924044596065,-2.144236246259472,2.281404641568554
-0.007891240654648494,-0.005381737486306878,0.007466335974626816,-0.0034082328797440703,-0.13249668547413837,-1.4482345418336846,-2.1288010235479855,2.2941512318757042
-0.007991033597907066,-0.005318456027782949,0.00752017327122946,-0.0032256055439968544,-0.12693000806146423,-1.3431416649516388,-2.166579184161772,2.162926414410815
-0.007974237950516936,-0.00532646629905471,0.007508869030941595,-0.0032532827579760015,-0.12775125833456238,-1.3601416441125898,-2.1584022016065956,2.1828171964354257
-0.007721592984427138,-0.005469590036298909,0.007337564447075173,-0.003689334570147759,-0.13175370830717154,-1.619447193883812,-2.028891973424654,2.497028510382853
-0.00770540449228227,-0.005471783968821586,0.0073181108791081214,-0.0037073702820032,-0.1306570135348479,-1.6329732321384989,-2.012936160082992,2.5095262061200976
-0.008347756096809957,-0.0052187217657813255,0.007793637244929582,-0.002692650589982653,-0.10000061650989468,-0.9850511853060447,-2.358422005572606,1.7778067826787562
-0.008377502862490043,-0.005210749776057266,0.007813263764821358,-0.00264645194616603,-0.0961821478502232,-0.9543345948517771,-2.3710454298623396,1.7446635962583377
-0.00836291713217291,-0.005214526946677627,0.007803560012995775,-0.0026690138331921308,-0.09805553498972318,-0.9693902534173023,-2.364802918376594,1.7608422091308966
-0.008381660700200468,-0.0051962303435774595,0.0078007198160040935,-0.002627217567669727,-0.09365585698008934,-0.949487675765784,-2.360413647780683,1.732525007849447
-0.008393582039443443,-0.005189155598876988,0.007803971930025968,-0.002605045279959122,-0.09150223282460969,-0.9370925910482787,-2.361734031715425,1.7171704411936568
-0.008771796903417487,-0.005153195160361302,0.00807786251906671,-0.0020469966702284913,-0.02512424634262848,-0.5413154074741464,-2.530916167225309,1.320677729935552
-0.008775969964956484,-0.005137737872711052,0.008062153322461465,-0.002029514249662131,-0.028786304419254727,-0.5347097140269862,-2.521025511765973,1.3064730432717744
-0.008726164497562944,-0.005164987785668901,0.00805822417233956,-0.0021229879665646593,-0.038401755025066445,-0.589334521959771,-2.521577202842303,1.3723710622991854
-0.008715138502979386,-0.005153417691623797,0.008035809880823815,-0.0021303056235132058,-0.04175698717047486,-0.598633114613606,-2.5081145927212294,1.3756668011307063
-0.008756573701192634,-0.0051570782538395065,0.0080713991275759,-0.0020723353332395412,-0.030175500207245354,-0.5572743297099298,-2.5278982301417936,1.3378825649699835
-0.008760771380354665,-0.005141626767816604,0.008055750367261055,-0.002054734136896283,-0.03194958702649356,-0.5507219335734425,-2.517917732229036,1.3237895042216243
-0.008741362845101054,-0.005161009143188233,0.008064853337835394,-0.0020976645819227825,-0.0346424802942007,-0.5732838718385671,-2.524791156728727,1.3550938650017905
-0.008745576166266898,-0.005145521521245973,0.008049216404506128,-0.002079916383583027,-0.03508305768708861,-0.566699543542152,-2.5147224418454956,1.3410800875642066
-0.008730366347813137,-0.005149444782079084,0.008042563020700126,-0.002105100299252652,-0.03837565002864208,-0.5826640688396378,-2.5114504802283544,1.3583645127928439
-0.008779979497107722,-0.005121881996370269,0.008046548932070225,-0.002012326806449104,-0.023319513321942927,-0.5337618449914273,-2.5078606029541106,1.298684689005823
-0.008795183264317852,-0.005117876373310397,0.008052627063427924,-0.0019871140632735907,-0.019693650792839704,-0.5179099710953515,-2.5107356761060085,1.2815404795850573
-0.008810512731281453,-0.0051139494305520155,0.008058741847769063,-0.0019617403265840775,-0.016071192305658403,-0.5019223468181679,-2.5136216477811497,1.2643017658858196
-0.00882595230691659,-0.005110138351517382,0.008064923422184957,-0.0019362518747702458,-0.01243023112845596,-0.4858042256946145,-2.516544921242892,1.2469902505027273
-0.00885706523201432,-0.0051029311240629515,0.008077491905911935,-0.0018851043750059884,-0.005042794228562645,-0.45325525322696336,-2.5225188384388613,1.212263010300768
-0.008841483165016371,-0.005106455238177634,0.008071170849534353,-0.001910681116627608,-0.008761308730856517,-0.4695699976424265,-2.519507337882566,1.229627080435771
-0.008704081044588955,-0.005141405205461574,0.00801350443616315,-0.0021372997624352023,-0.040724242117376436,-0.6131822028908952,-2.491348250005792,1.3844097776893343
-0.0086887334149279,-0.005145444671136378,0.008006494319368599,-0.00216251553099203,-0.04397016975107098,-0.6292556779989478,-2.487736800438744,1.40181523331765
-0.005393002508591633,0.007107037404596968,0.004022088030158646,0.006441264164132585,0.3279110580946187,-2.219312621976345,-0.7080093118009805,3.027391592830746
-0.005349013112146701,0.007158507147967004,0.003936047891747624,0.006482498780713135,0.3335170521521191,-2.191069870333332,-0.7603421287178912,2.9897998659796685
-0.005313877806385516,0.007216704628664286,0.0038572883155046063,0.006536581143082629,0.3414774687980472,-2.1683042415278706,-0.8159097242552499,2.963522833644746
-0.005220986046930114,0.007352673995268372,0.0036546816861052667,0.0066479129854479235,0.3547267591213981,-2.0987803622905834,-0.9418537462234502,2.8771759065009554
-0.005235014649482258,0.00730033609137181,0.003705529691166911,0.006591323848954114,0.34621546585558033,-2.110967779678658,-0.8946976116164601,2.884774972078535
-0.005266775623073801,0.007255859140464089,0.0037731196465122176,0.006555957577896988,0.3423157019781394,-2.134427314923411,-0.8540677612762583,2.9144202753513606
-0.005169018683329467,0.0073679495225975585,0.0035797982976098794,0.0066301312569742475,0.3481093825715635,-2.060594679698127,-0.9537115647094371,2.8150454722837233
-0.0047525086162064295,0.0077089371479186295,0.00286509170965017,0.006712618681809876,0.31451046219391476,-1.7387870367356137,-1.1675642772155015,2.3551787266009048
-0.00481393241102945,0.00767160551470032,0.002957463615909805,0.00671933515718588,0.3235580458151635,-1.7832951616268882,-1.1540309370494926,2.4209571573062783
-0.005117069662657424,0.007391842630333709,0.003500504838626576,0.0066227001039586625,0.3428227094424549,-2.022635401294987,-0.9716284553024724,2.755733722937212
-0.005067641019809212,0.007426489817489192,0.0034181179492663474,0.00662931110274291,0.3395558822292657,-1.9857720585184617,-0.9972441977881888,2.7013067614453594
-0.005023232131457774,0.007476326682175985,0.0033318710659659937,0.006656178535159067,0.338883472957268,-1.9501944590685238,-1.0344570863446279,2.6533357239291164
-0.0049588154986188945,0.007506881349511405,0.0032366302262565407,0.00664506273207202,0.3313028844518082,-1.9044905104988417,-1.0510408144409926,2.58337472801793
-0.004841586970503733,0.007609261737528027,0.003033703274640849,0.006673403757603571,0.32109062010028827,-1.8136978443756602,-1.1114780784504579,2.4554071705876854
-0.0048912058576004,0.007543946046818739,0.0031349212513695967,0.006638188394438963,0.3233726773217817,-1.8564096421154588,-1.0694207820398196,2.5106873609393108
-0.0073939576706413546,0.005601884619253879,0.006998775067459484,0.004145185892918234,-0.1034463881300076,-1.9056208602533549,1.7430973426303653,2.808809256253081
-0.0074046294857145565,0.005586294481010464,0.007001266392014921,0.004114796850355404,-0.10441525855396054,-1.8907330000541749,1.7461131793905555,2.786114333868553
-0.007405829269534474,0.005566154876417502,0.00698607488982386,0.004084694353532959,-0.10386219044036739,-1.8785841608081693,1.7343842081098495,2.761347542463975
-0.008021329458613145,0.005328521542458768,0.007566152489637727,0.0032038450554712494,-0.12857228512689003,-1.3180036590874167,2.202856527275521,2.146445445246695
-0.008008038190321152,0.0053370305361956655,0.0075597502769779975,0.003228589049635352,-0.12953788450456047,-1.332148211496402,2.1986289659945366,2.164209907319111
-0.008020922737174568,0.005308808065859753,0.007544688370200459,0.0031814843056761134,-0.1259103131287488,-1.3139146145074252,2.1846980154410995,2.1311037219202724
-0.007947772740849917,0.005358327062994932,0.007510801787813041,0.003319807064640918,-0.13132345356851582,-1.3919547819099625,2.162248945175344,2.2303009030789553
-0.007930011294427892,0.0053645015049049154,0.007495826030149284,0.00334628132960996,-0.1316234359982458,-1.4093856578660515,2.150937909790222,2.249447498024185
-0.007989994476814595,0.005338894378144398,0.007540543556279216,0.0032507274085557683,-0.1296518269537855,-1.349063411905034,2.183923358692926,2.1804289679934103
-0.00795052268895456,0.005340209644484298,0.007495114696706715,0.0032951423952100162,-0.12910155865717246,-1.384623206376961,2.1487069615756815,2.212718596842333
-0.00796851676226059,0.00533676882773556,0.007512916073870091,0.0032716596037560565,-0.1290510678121682,-1.367800976669223,2.1623300869329083,2.1957770479851173
-0.007909261169325511,0.005362714514173379,0.0074687392123190975,0.003366048520944375,-0.13083638481191603,-1.4269903115920652,2.1295159359095237,2.263725198330643
-0.007892186399973097,0.005365836045327889,0.007451086175908111,0.0033876864697237746,-0.13057327631327456,-1.442603887573169,2.115776567103037,2.2792466352448297
-0.007875498159350888,0.005369864079073785,0.007434688534965306,0.003409868772400304,-0.13045002747045273,-1.4580736000935646,2.1030076518714336,2.2951626061047103
-0.007879585175236138,0.005353723808080765,0.007423251799083019,0.0033858373576093953,-0.1285705501299088,-1.4496865927710434,2.0930301005087686,2.277841723653503
-0.007856987726007911,0.005371671896714914,0.007413624860924354,0.003430990500543515,-0.12984863063986182,-1.474254668907751,2.086345058523331,2.3102315667421855
-0.007837725434115511,0.005373744355399614,0.00739175039249147,0.0034529671500807663,-0.12917697958089458,-1.4909090798173212,2.0690177504835785,2.3257967540730173
-0.007791112633220325,0.005395307210739825,0.007354537041812391,0.0035261167307319837,-0.1290366477878482,-1.5361174099099826,2.04012812979268,2.377885263740867
-0.0078035744989316674,0.005386391379700033,0.007361495490686505,0.003502649629813895,-0.12878362154518666,-1.522981781412155,2.0453612481717056,2.361066455908334
-0.007819601946299446,0.005378812134300905,0.007374142418824089,0.0034773324621719917,-0.12881547473390823,-1.5074206800740193,2.0551773248378145,2.3430583239852925
-0.007771400452932981,0.005396033232433077,0.007330102122565339,0.003546056922319195,-0.12795371056833615,-1.5520535491519085,2.0204117523328047,2.391665370237026
-0.00775108095012773,0.00540784722753571,0.0073155657562978425,0.0035805711352466245,-0.12773747042972117,-1.5723374570857604,2.009028507215769,2.4162577977536563
-0.0077330799008080466,0.005416290449311436,0.007300468442150951,0.003608423791798553,-0.1273369311159129,-1.589493527891934,1.996999726468932,2.4359902562567437
-0.007714621248039704,0.0054242567844543154,0.007284097808775002,0.0036359499823780755,-0.1267352271343635,-1.6066999471524532,1.98386664451791,2.455374884605494
-0.007662713248736597,0.00545758201089943,0.00724724095892962,0.003727158013431707,-0.12548863824107598,-1.6591203621192538,1.9542611720234213,2.5203542392347966
-0.007676330249906664,0.005446671995954237,0.0072550457821917505,0.003700406717566711,-0.12564095821662333,-1.6444870072431763,1.960529150393924,2.5011110495589914
-0.007695011424655018,0.005434556535851494,0.007268226691516872,0.0036674543325862495,-0.1262123588773207,-1.6256034815712803,1.971122860030966,2.4776476902770193
-0.00764556385988827,0.0054585728232961865,0.007225156385252801,0.0037436505847842903,-0.12401836883064725,-1.6719927405441262,1.9360672466972175,2.531172649455494
-0.007439169134947676,0.005541572099100197,0.007013223034283644,0.004025290520819149,-0.10709452995659521,-1.8462217319351288,1.7584452945950897,2.720276010709953
-0.007457778535386842,0.005531142390569063,0.007030801979598323,0.003996667284290258,-0.1088617095791221,-1.829840573974418,1.7735663423820893,2.7010155894157806
-0.007413765774437475,0.005538501730822572,0.006974368299478499,0.0040393021778178835,-0.10364186326617118,-1.8587489546518208,1.7260033979748,2.725819914335449
-0.007624392510742504,0.005461031627862915,0.007198931799428249,0.0037653810538850123,-0.12229560036611738,-1.6880820096527935,1.9144626354012855,2.5454115671688844
-0.007603100838566058,0.005466023381867527,0.007174721747019484,0.0037903376369274482,-0.1206320946225875,-1.705087392402257,1.8944925836158208,2.5620225685864964
-0.007580512236407347,0.00547736956888032,0.007154320870043292,0.0038247696199917368,-0.11923090329398701,-1.7256574106672455,1.8775773805005438,2.58576837354175
-0.007480239566217322,0.005519688245269603,0.00705268337160049,0.003963517674920049,-0.1109416885941585,-1.8104717559661283,1.7922457998593042,2.6788124302510923
-0.007504363091198661,0.005505667992722964,0.007074307715646706,0.003925251935718028,-0.11300323470931385,-1.7885277703268259,1.8106924812162533,2.6526668702533045
-0.007528463799747843,0.005492099539400682,0.007095883852253535,0.003887398832576014,-0.11487615371944142,-1.7666294426321658,1.8289494713103605,2.626762310632962
-0.0075537316424064554,0.005482370196107485,0.007122090782451659,0.0038536514714276253,-0.11685425059783215,-1.7457050893792339,1.8508241050662788,2.6043078201865324
-0.007271991785598654,0.00567680382025379,0.0068771000180653805,0.004337846556453417,-0.08691828300259093,-2.012834258242218,1.633894690181038,2.9369842241539277
-0.0072407014343578956,0.005695796303299844,0.006843946455990108,0.004385747349329166,-0.08205638372160927,-2.0389165474440722,1.6037278192499425,2.9677710061407585
-0.007258788038196186,0.005690708511331197,0.006867771469373382,0.004367146442235698,-0.08470995996241971,-2.027758349515941,1.6245652293614383,2.95788829675473
-0.007372983575044418,0.005603530316275416,0.006969304674681023,0.004162219599076228,-0.10062858534891929,-1.9179124573920128,1.7180353908453714,2.8175906695811253
-0.007269090649383248,0.00565027424567629,0.00685203113159505,0.004299434543202785,-0.08625077379694192,-1.997105590909466,1.615025207569747,2.9029830796913143
-0.007349285863593718,0.0056105397223037735,0.006940116865393894,0.004188677678328763,-0.09750440917566651,-1.9343696361573655,1.6928904667377684,2.833302688796214
-0.007332731635301589,0.00562170644869855,0.006924645037796312,0.004216245376772315,-0.09520390814159982,-1.9494042211311147,1.6789752330008976,2.8518128617437952
-0.007290774525807527,0.005636767542955186,0.006874060499232194,0.00426570565183848,-0.0893972835380367,-1.9788008037902698,1.634890431538966,2.8811516617264874
-0.007311201049968192,0.005625674802523544,0.006895796120855709,0.004236156574164787,-0.09235574658005098,-1.9623372137687072,1.6542171541226518,2.8623323789415847
-0.007220125415546361,0.005703692799526106,0.006818290437543347,0.00440987491300707,-0.07860294252738342,-2.0527447868811755,1.580916965438414,2.9814668671831708
-0.007201418407902975,0.005710113695279644,0.006794234291173091,0.004430396317532586,-0.07548396952162997,-2.0644854025789487,1.5597340899261916,2.9925138336443973
-0.007119906371678373,0.0057325977668761935,0.006684017650782983,0.00450838982372316,-0.061834279514186026,-2.108531914013396,1.4634603544730622,3.0288799863442493
-0.007150781112876133,0.005723435189632664,0.0067255336441293745,0.004478406396025402,-0.06698685172920484,-2.092106793994169,1.4996979764883984,3.0150971857018627
-0.007177425938009996,0.005707589107194351,0.006755336867919272,0.004439722436025378,-0.07164009980811524,-2.0718883716035315,1.526909860940451,2.991746951654591
-0.0070318926669551,0.0057530482964109056,0.006560532840389933,0.0045813100473955,-0.04686529753330502,-2.1468642465211407,1.3574062400717508,3.0549250715185106
-0.007053853843621491,0.005746717369097745,0.006590680637026146,0.004561725634795698,-0.050644365732844566,-2.1370530415951854,1.38342968555496,3.047516666912971
-0.007095635390715179,0.005715150540871673,0.00663449892419151,0.004493283589071798,-0.05853621295943814,-2.1036971613669464,1.4246611500101325,3.0059100506658596
-0.0070701741785986205,0.0057300298230160964,0.006605089130879346,0.004528328530473885,-0.05402610739317989,-2.1211002656418443,1.398012169962076,3.0255958853397975
-0.006995777128627083,0.0057733395446272345,0.006516800858798564,0.004628264955400831,-0.03982757397184234,-2.169170127808574,1.317785562474014,3.079271240375619
-0.007010260336067356,0.005756759824061897,0.00652914539410836,0.004596349562872813,-0.04321371285782648,-2.154288658880679,1.330835733743899,3.058228326504883
-0.006978511041098424,0.005799493973600752,0.00650563698465753,0.004676364687035362,-0.03557419873515585,-2.191485369320841,1.3038036383734226,3.113011814850275
-0.0069503217861421164,0.005814530522065146,0.006469973080950225,0.004710953099433201,-0.029913543966482093,-2.2073496228155967,1.2715085598286446,3.1295855532571757
-0.006973578786051868,0.005769041699827675,0.006479433741575483,0.004630430194003657,-0.036584618494108746,-2.1702960094676356,1.287878139394632,3.070884035590456
-0.006921083356691834,0.005827623820037839,0.006431130551146795,0.004742289354880579,-0.024085110897215545,-2.2212722730403764,1.23699218958758,3.142388190674009
-0.006892192274414217,0.0058253381439010935,0.006383981852312937,0.004748490594853222,-0.019663483622990727,-2.222976736088547,1.1992852010945743,3.133129504597362
-0.005719977325863881,0.006825253593974936,0.004607236268248899,0.006224618493433212,0.2876780168270224,-2.4032732518368687,-0.35582394608656326,3.29831560658936
-0.005757423306082646,0.006767112682059698,0.004680803133207192,0.006155130273728959,0.27377490396252074,-2.409519565457813,-0.2892377956365346,3.3021159092577794
-0.005728095367893595,0.006788914591832551,0.00463039176510568,0.006173928345411218,0.27816355780892105,-2.396194048923873,-0.3222109155673196,3.2811426540105684
-0.005790034871573556,0.006696213634373391,0.004747960862227848,0.00606238712977148,0.2561850105072803,-2.4042922566573837,-0.2164161173225365,3.2853500625315095
-0.00575168986253206,0.006719666876050605,0.004684449662071907,0.00608081127458951,0.2611832461002243,-2.3867488788263604,-0.2559518564892364,3.256649283788327
-0.005800206271275376,0.006645143190250791,0.004774253220518236,0.005989238117163517,0.24312412697355873,-2.3895309690005084,-0.1731969582487085,3.2545818941096702
-0.005673441118501242,0.00683808997260402,0.00453357753073029,0.0062200077329457515,0.28831707555203806,-2.3727218952645903,-0.3888065614585183,3.2461889254033687
-0.005540168725077527,0.006923566912108665,0.004309227330705156,0.006273068745870976,0.29974852103245625,-2.2973913812219884,-0.5126111563876797,3.1280463388112203
-0.005615946224923764,0.006854903411609856,0.004443511899736904,0.006214930687528976,0.28876220637938427,-2.3351054892101932,-0.4277339334486539,3.182907488583538
-0.005574519158173814,0.0068887949732566135,0.004371536094038747,0.006242012911665938,0.29391352785407404,-2.314034823333749,-0.47170778262932084,3.151384450585635
-0.005493173040445221,0.006909983446973247,0.004248326908011754,0.006228312228620879,0.29205616514315613,-2.260181536304176,-0.5164075019710568,3.0618544818469555
-0.005414320447350313,0.007040555921569238,0.004083464267525143,0.006363864558085823,0.31485284569851796,-2.226740430765943,-0.6460511269325088,3.0269956067587276
-0.0054564044580612606,0.00694721697111642,0.004182352284832256,0.006259876857832837,0.2973247963937707,-2.2414715512165095,-0.5576022075888879,3.0359782360398566
-0.005422741645493712,0.0069834401069870326,0.004120781031642251,0.006290739888708516,0.3022852411161181,-2.223932699669702,-0.5961853212850957,3.012125280309941
-0.006868413967097786,0.005839368451597329,0.006353952945094485,0.004778395301351445,-0.01456400408907711,-2.23565205401427,1.17203459819223,3.1467224375703147
-0.006020188480848756,0.006503206889971938,0.005134562564665896,0.005848406876343234,0.20526144931600573,-2.46098546411603,0.0777223382099393,3.3784558405296106
-0.006051692655699608,0.006476757335584927,0.005186174630642666,0.005815726444385443,0.19743261113520763,-2.4647630041589115,0.11986857743502664,3.385829335962734
-0.006022642179787459,0.00646713952301924,0.005140502852193329,0.005792031384061234,0.1964704215660926,-2.441895474123549,0.10073601518286442,3.3429555859936686
-0.006079929531318492,0.0064598545085680515,0.0052319466815787695,0.005796638900140445,0.19216147690003213,-2.4713268163504654,0.1538546590742005,3.3987997875965736
-0.006124023694652838,0.006448928070857937,0.005303319702289011,0.005790844790367317,0.18735495804138738,-2.489919460797685,0.19951239964117173,3.4351406712819355
-0.0061498222183152184,0.006412720895458305,0.005344791591949166,0.00573842436554558,0.17665027104127504,-2.481272400549664,0.24271123676979353,3.4208829366854645
-0.0063126794090537786,0.006286663785653976,0.0056008221651963055,0.005561427371511407,0.1338791892263356,-2.475271662587349,0.4635354896700567,3.4278673276787583
-0.00618660143457245,0.006391820699284876,0.005403948203061761,0.005712674181020492,0.16935329261408344,-2.487376806814648,0.2884298793376367,3.434935203653201
-0.0062412078051988715,0.0063409801226900105,0.005489753225456272,0.005640081883158522,0.15277063272859617,-2.4806530523267236,0.3667400516171645,3.428149800525545
-0.006211956470588263,0.006354019263842042,0.005443013218886146,0.005656084621765451,0.1580123985560409,-2.475120346889295,0.3312184000669573,3.414916684544246
-0.006283048712690337,0.006297925759858311,0.005553635910048023,0.005576022746559584,0.13922224993288748,-2.4702207637014175,0.4276157954025542,3.414449442931744
-0.00625705242676344,0.006319292993782134,0.0055135547293672605,0.005607173930672563,0.14632776909569098,-2.4732198741032505,0.3921241790056454,3.4164911207694573
-0.006348334964528367,0.006240274535770596,0.005651980006017957,0.005488888236242366,0.12016832092610548,-2.45655746631242,0.5181239369055136,3.399650879581141
-0.006314604122377935,0.006250042762604071,0.00559839746780308,0.005501570572084395,0.1256951667090427,-2.4500242065445157,0.47838364840312425,3.3824922112190237
-0.005837699010625193,0.006609764637342803,0.004837715540499512,0.005950450524109504,0.23470991177046577,-2.398843308908298,-0.12515376275193676,3.2686436507089343
-0.005789301071124975,0.006589563491759545,0.004768234324986937,0.005901415898175805,0.22930671628946428,-2.3583511110595334,-0.14152145726449947,3.195407121350092
-0.005873233119499511,0.0065807971396897,0.004896674386811062,0.005919597246725506,0.22743323639039661,-2.4085891622411135,-0.08209226256425066,3.2844183621089553
-0.0059857040464568875,0.0065173369102216674,0.0050789404867424255,0.005859878661139433,0.2099560546335927,-2.4475568121545517,0.04121625442305227,3.353495941667829
-0.005946860968604996,0.006532746768435333,0.005016623419721055,0.0058712365446679715,0.21465321035350637,-2.431520854691353,0.001644366400310184,3.324210923565642
-0.005908975796881015,0.0065551187102695805,0.0049552377007245655,0.0058929316572572344,0.22086180144074155,-2.418990932350568,-0.040389878189939395,3.302054899617118
-0.006663057933091684,0.005992144611875981,0.006095695727318495,0.005072271608872265,0.0348203206365815,-2.3491989406909948,0.9292843003615495,3.2808432158565553
-0.006645403826905927,0.006009467824066968,0.0060738276326567,0.0051030813824227425,0.040171288734213224,-2.360421793636775,0.9072657286747251,3.295823437811811
-0.006607731588658097,0.006079489535453359,0.006038202823923553,0.005222810872151546,0.056418955128419934,-2.409236864287387,0.857375085379809,3.373142211406109
-0.006586308833644406,0.006095621523730466,0.006008273529622978,0.005251453297780697,0.06243284504234938,-2.417858350419649,0.8292223571511663,3.38270312709641
-0.006598602407205798,0.006052444165111877,0.00601335026583003,0.005178992948010653,0.05333398477617848,-2.386493329477015,0.8476528438508562,3.3293362352775993
-0.006609506770135841,0.006030854067878587,0.006023354229978926,0.005142477271282252,0.04854800964021073,-2.3717370144455963,0.862276215997081,3.305732012453262
-0.006624291766267125,0.006011684153049603,0.0060402730228967475,0.00510946510152768,0.04318405840530813,-2.3593020689581694,0.8810766829641248,3.287550164327622
-0.00683825440297572,0.005855118251388969,0.006314365078600267,0.004812539578213911,-0.008373680236633499,-2.249514291261763,1.136719354771021,3.1602500163769385
-0.006740691154436496,0.005903342386261216,0.006182441246578254,0.004914465236214923,0.011583633204396501,-2.2869393517707532,1.0213789684854397,3.1931880045818346
-0.006805748174443416,0.0058726374287063985,0.006271537397760265,0.0048495279412765985,-0.0015368125746484478,-2.264001902630953,1.0986169915178678,3.174421685327173
-0.006772542941424889,0.005888501666509216,0.006226331145027255,0.004883344049649818,0.005138272401033178,-2.2763095832435702,1.0592793947364105,3.1848518524555915
-0.0067114833799923855,0.005918132612799956,0.006142426501817484,0.004944272809991675,0.017738003117021815,-2.2968709858662226,0.9864292672693561,3.201530468699176
-0.006680802202127432,0.005934113421102251,0.006100299335781902,0.004975660674196009,0.02407378723474796,-2.3068166335378204,0.9497939661378262,3.2098318452763386
-0.0066549671033477795,0.005956210743940745,0.006068052203089758,0.005015466639034557,0.03102224458259473,-2.3209865491223414,0.9190299621396484,3.2275452936537903
-0.006557074662140406,0.006102863139706279,0.005962156024277529,0.005265431468900179,0.06768794786051885,-2.417483200674571,0.7919679066097718,3.3739744872278403
-0.0065130316790659466,0.006103241161592874,0.005889670404615328,0.005268154885097042,0.07374469362195664,-2.4074982985545312,0.7386621866370386,3.3449066680083317
-0.006475089763962819,0.006122332805196701,0.005833042442844222,0.005300352241185615,0.0820577131538241,-2.4119330024101635,0.6908623463052214,3.344116409565468
-0.006441042868925325,0.0061429775079041606,0.005782870363570379,0.005334133956445143,0.09006644641798069,-2.417490257148927,0.6476381528325819,3.346749848216553
-0.00640365502139837,0.006155805749897884,0.005725100070522729,0.005354257869969368,0.09681631805697434,-2.415205059793717,0.602725086894854,3.3351904429518053
-0.0063523284926455805,0.006200526890468696,0.005651153919899991,0.005424276573202263,0.11144992756691642,-2.429545522817525,0.53449209557966,3.351714968415901
-0.00635864012976885,0.006156706013010799,0.005652637108892493,0.005353916612435345,0.10231872054726233,-2.400735736274441,0.5533156099711976,3.3012755011721717
-0.0035420956097160314,0.010845538407094043,-7.84623297115341E-4,0.0067589664702546876,-0.0940920430845562,0.49089418597448986,-1.4893911924871903,-0.2335894226433248
-0.003371084204563054,0.01094743860955039,-8.137641466066752E-4,0.006605307759143575,-0.10378176578825057,0.5253109684039772,-1.372632952583466,-0.300408514666357
-0.0035282913262586644,0.010644000904296149,-6.010464010137739E-4,0.00680611496326279,-0.07419532036699843,0.3525655742808946,-1.5104681440663865,-0.09542916515731302
-0.003734634697438533,0.010195326649350502,-2.0278827454227736E-4,0.007042596404501618,-0.013355559776107763,0.05210312697825243,-1.667057506607106,0.2586151678465128
-0.0035804908219624282,0.010470069173778148,-4.521424224342349E-4,0.0068831564688861995,-0.053322954505693194,0.23813040757532453,-1.5594495953815037,0.0325834581316182
-0.003655936748389304,0.010322905836590133,-3.225126394426448E-4,0.006965423139168793,-0.03363185392994709,0.13968987038045777,-1.6148742113950405,0.14979837389880046
-0.00410215441394283,0.009287755036613117,8.301732990928921E-4,0.007254014239399079,0.14666692898109354,-0.6456128305216268,-1.7593842972804552,1.0765545266841352
-0.0040724210800488,0.009628145178193978,4.3346370524440517E-4,0.00731311597190469,0.09861962186301708,-0.38446496347023346,-1.8323361479071656,0.7996613306216417
-0.0040965113927716405,0.009405717789157683,6.94871522876897E-4,0.007284745947011866,0.13199491071296654,-0.5576597173881118,-1.7922567337793627,0.9847626889902361
-0.004060374483000938,0.00952286240757684,5.521717894796008E-4,0.007281170856688953,0.11088509766449951,-0.46486099222764715,-1.7998310256313517,0.8787240730957384
-0.003984348608580291,0.009687226189880185,3.519903999242092E-4,0.0072428483618845125,0.07849233074529437,-0.33345176817072475,-1.7845583042265016,0.7210908761363868
-0.0038992966969460525,0.009765133615793588,2.551437804424764E-4,0.0071775681142350655,0.05792713066717258,-0.2700299111326907,-1.7411029580165696,0.6325152750929709
-0.003817447671067453,0.009855956803182188,1.5051587993843637E-4,0.007114949064165869,0.0372096261598887,-0.20006725297444514,-1.699577949351511,0.5387002927538883
-0.003669715401305918,0.010069245825391657,-7.171564272641753E-5,0.006996484117473866,-0.002501337903570657,-0.04409651043610268,-1.6216078292540141,0.3421284836794563
-0.003740300786812258,0.009957678175990128,4.110804295471267E-5,0.007054565066382082,0.017171736237365027,-0.12444120105023658,-1.6596183752931275,0.44165355012782576
-0.004089210984004327,0.009112057339107131,0.0010193157515356755,0.00717811970806583,0.16247944087442132,-0.7680775933147593,-1.6890079427860285,1.1970753878993188
-0.004114480776173192,0.009016838065679279,0.0011326362959295597,0.007159769471139145,0.17635913684271418,-0.8374847214629788,-1.6670565150214463,1.2751988081754402
-0.004098773477800313,0.008895669244201914,0.0012528851449951524,0.007089504494369056,0.18315735119374166,-0.9119785056177924,-1.60696647677604,1.3458184390374
-0.004016173207569503,0.009184352909982079,9.135457029789738E-4,0.007142422379467382,0.14326141730185013,-0.7045423672430787,-1.6704434855853452,1.110909589741314
-0.004090866188736885,0.008790824526430312,0.0013556337389827578,0.007029281490764504,0.18847470826977805,-0.9740215539260905,-1.5561894257019244,1.4057427142600893
-0.004191769234340973,0.008756796062662942,0.001445320150048263,0.00709541013514818,0.20998496376596318,-1.02308224723505,-1.5954535873572293,1.485191678581977
-0.004236715537376236,0.00865257077235026,0.0015782726982432737,0.00707261074246738,0.22467391247803062,-1.0979174413462813,-1.5678794839088217,1.5739216089625996
-0.004289841735133816,0.008567115091243166,0.001698014172245517,0.007063824069599579,0.23988195726619935,-1.1641802723449655,-1.550767495731727,1.6567705097320538
-0.004386753632800706,0.008109960583208616,0.0021985504572234913,0.006805685423219054,0.2619222931300338,-1.423963931929163,-1.3247032321762424,1.935262085194203
-0.004351553207806838,0.008179383790057178,0.0021096942494668123,0.006834295357150429,0.2565619215125054,-1.380195269388664,-1.3536170887851116,1.8827611584793036
-0.004289577365378494,0.008267592669758411,0.001983454386392846,0.006854044585260893,0.24404653694023312,-1.3169388321122673,-1.3804697429718145,1.8026358828467657
-0.004247282195868594,0.00846318235124686,0.0017718017862771997,0.006959783811708939,0.23338676617229134,-1.2061930093971327,-1.4720383400510613,1.6828276090047851
-0.004212143572170835,0.008352775307236444,0.00185035067271857,0.006855777803228877,0.2280679874946999,-1.2484607333333122,-1.3946197697575398,1.7119911788843416
-0.004379483341640229,0.008028456395996099,0.0022616431232932725,0.006732870918020201,0.25885114296951345,-1.4525804236895687,-1.2712148631560778,1.9578882640802127
-0.004484805287699919,0.007994555781819259,0.002380007297876531,0.006782779348957118,0.2783964831992987,-1.5126371135546834,-1.2869230041129425,2.051163806211496
-0.004573527665147438,0.00791923671765309,0.0025225754763440037,0.006782567139148573,0.2931568876058898,-1.5819306934586856,-1.266741409631224,2.1475663939683316
-0.004624905058496269,0.007827975847461172,0.00264525922918999,0.006735652634433119,0.2977935003250574,-1.6375135475644516,-1.219072238816631,2.2154275324900534
-0.004681547226291694,0.007759499774023983,0.0027545258527908044,0.0067110286773619686,0.30438961298395983,-1.6867669796706666,-1.1862361355489082,2.28029875906611
-0.00465972077138549,0.007676119392385247,0.0027962453195693013,0.006612589117559869,0.2921685519425772,-1.6977085594881258,-1.1201485329601206,2.275214388150026
0.0042505770815015834,0.0074976579285011965,-0.0025268279609446404,0.006184129484446959,0.21283823222664847,-1.5429248336837673,0.9208943576885592,1.9838476781447145
0.004236062621451368,0.007350385179408621,-0.002598026306525923,0.006041903275211312,0.2022026529934608,-1.5612403991282267,0.8385451272260359,1.99058173396817
0.004148848978042976,0.007573333298001572,-0.0023908632656435814,0.00619302766160703,0.2026171911786572,-1.486228428201832,0.9416218994177125,1.906196125201394
0.004038406294772451,0.007938100077681882,-0.0020573671055977853,0.006425647845056921,0.19742541519792842,-1.346731155093155,1.1053013514832823,1.75283309169684
0.003959155509142439,0.008023527796814933,-0.0019360659441181136,0.0064392669014310625,0.1850319218444348,-1.2902219809979496,1.1232086913946326,1.6793979556229828
0.0037251377271287443,0.008338141095731109,-0.0015436304510710824,0.006498996514561805,0.14826992483153154,-1.095507883577037,1.183951237626429,1.4339627487558777
0.003853592496474833,0.008222769865199134,-0.001713420134483714,0.0065100025680350565,0.16895374093723123,-1.1816279912036023,1.1819570784023299,1.5483588904409216
0.003838983273656058,0.008076119913229535,-0.0018119233288703335,0.006400810960208308,0.1685432062402166,-1.2309764376949666,1.108408419341899,1.593208491386598
0.004015763413795653,0.007822184522181932,-0.002120290502487327,0.006321029926845423,0.1916430466150468,-1.3736780618242228,1.0386876647323167,1.7711855285055782
0.004052631553878701,0.0076816054336796315,-0.0022420732964095456,0.0062292219802160395,0.19292094363135417,-1.423976518178161,0.9763662409946389,1.8258505864622383
0.003622044672641164,0.008496548492634825,-0.001362338632234636,0.006523146170180579,0.12957902268772062,-0.9990092035385614,1.2068398122045412,1.3153156234058443
0.0034920953304650414,0.008600697241495833,-0.0012146936956566724,0.006493093206261752,0.10878508832114822,-0.9205815388753342,1.1902359800623499,1.209602301216304
0.0034493748953216665,0.008737518592425712,-0.001089311805077869,0.00653020268101636,0.09690585836125205,-0.8470211953545909,1.2180614090343573,1.1254070440593316
0.0032742839536328214,0.009495866545454734,-4.1996288754971316E-4,0.006654289716418895,0.026256984521924015,-0.4100353810674703,1.3223819673218016,0.639439159137656
0.0032817037815882607,0.009332481775346395,-5.558170545870918E-4,0.006624776070593418,0.03884575443684247,-0.5051194995942537,1.2955690419470745,0.7400237682198473
0.0033377364217079208,0.009179082096479073,-6.952616978141296E-4,0.006621354307148457,0.05752203891899614,-0.5987235850519652,1.2908786199480435,0.8467774412034027
0.0033730197609349584,0.008895529965933876,-9.339521230095554E-4,0.0065469272661641,0.0801246350745183,-0.7533136343389856,1.2320250309930556,1.0144148838742153
0.0032930558276196347,0.009041936227100172,-7.904932480345605E-4,0.006548405280249246,0.060019713595221826,-0.6656349857794343,1.2342211542628791,0.9090339506100795
0.0031645303435380544,0.009638243402757972,-2.873476993844116E-4,0.00660286300326839,0.005990261976164521,-0.3182809234432992,1.284775516934544,0.5250647107556631
0.0030682702472215125,0.009857177057362986,-1.0725458794561285E-4,0.006559731327741525,-0.01831707732207027,-0.18559988767028646,1.2558499581440927,0.3723899227645025
0.0029904339752146476,0.010098401049292167,7.674440783082674E-5,0.006512770530982523,-0.041369071846701654,-0.04293819651048111,1.2262127764638329,0.2133232486297871
0.002975886225169945,0.010321357723434496,2.4108431587981454E-4,0.006488452410533588,-0.060123993155419754,0.08775808158109882,1.218632371234629,0.07705651157586695
0.0028127379826114237,0.010553694637828808,3.8116877802004144E-4,0.006359890915656071,-0.07950052602530777,0.21119491031123078,1.1234830570173655,-0.06951834198279301
0.0048643079870817835,0.006490931641724803,-0.0036005055555432927,0.005435858606836572,0.1798856167549379,-1.8396339216930897,0.391570484688135,2.336346964735902
0.004622865532899892,0.006933446601501085,-0.0031843056945878236,0.0058214859762031205,0.21197489367503028,-1.7611406165076997,0.640609171941742,2.2516889800816275
0.00481334791570796,0.006646864081207859,-0.0034978478441648336,0.005591176388277323,0.19466181764113108,-1.834446213822342,0.47587439886644045,2.338933457103955
0.004802735113772752,0.006556355444006743,-0.0035138362734677886,0.005486931491328407,0.18393946697951677,-1.8211348625416064,0.43138527855647524,2.3119292892936683
0.004738393545058158,0.0067194932747082605,-0.0033910403415897995,0.005641446878394042,0.19745730329015973,-1.806353677831593,0.5207284859480054,2.3017412885983144
0.004671444566413214,0.006813112870969357,-0.0032844659607530915,0.005714907220259458,0.20293314955290498,-1.7808584376323047,0.5742287437694439,2.2706100208963047
0.004488688888155479,0.007118954001967142,-0.0029614098509972296,0.005948746786660442,0.21540703742549203,-1.6943561556271394,0.7396284762060555,2.1685078311316683
0.004527507136371589,0.00701146829334943,-0.0030509545734517425,0.005858242889632158,0.20878825670835638,-1.7166208331157642,0.6822759151941004,2.190972001497424
0.00449631281778735,0.0069156352735375935,-0.003060338440692143,0.005745914679996112,0.19805076566484037,-1.7053671249208293,0.6302959925214997,2.163488713979463
0.004203020321786977,0.007201637951534998,-0.0026447594092234936,0.0058880335315570605,0.18980271224541287,-1.5667807867702752,0.7577784111653078,1.9805085938222426
0.004339512688662827,0.007146655341884072,-0.0028006673418058225,0.005902524291719579,0.2007591423345708,-1.6276963166172183,0.7430467260674685,2.0680149572995608
-0.00873748775697501,0.005117483785768114,0.008010459459194506,0.0020710659434094326,-0.03192160013375853,-0.5795115225383521,2.485583466551525,1.340442407228822
-0.008722151501206523,0.005121453418242721,0.008003705734332976,0.002096161596380875,-0.03531664552239245,-0.5954938074705094,2.482137429320728,1.3576864532519066
-0.00878335942206229,0.00510506939873769,0.008029153684192132,0.0019953861663881667,-0.021445765708582712,-0.5317999665808298,2.49471564535318,1.2887066422994131
-0.008798962597322492,0.005100967976864548,0.008035357875276447,0.0019696629481906966,-0.017787352409342025,-0.5155760591944151,2.497697747261142,1.27117916135089
-0.008861237757093557,0.005086249051463713,0.008060574058623177,0.001867783611070978,-0.0028648505020982384,-0.4507055736311349,2.509885288298428,1.2019324013245074
-0.00881461987429373,0.005097118089077489,0.008041745608491526,0.001944002151387842,-0.014094511069384875,-0.49927383006805476,2.5008049823836696,1.2536995383656253
-0.008830182904076762,0.005093383675820872,0.00804805460074162,0.0019185227690746416,-0.010383095837526833,-0.48306549405173055,2.5038587906113423,1.2363691526925316
-0.008845704142894725,0.0050897496477441155,0.008054305265905752,0.0018931363001701822,-0.0066436863213967245,-0.4668969077843874,2.50686866525148,1.219128421692423
-0.00877111088927923,0.005092298616559839,0.008005412681580252,0.0020040721489576903,-0.022349638142070808,-0.5463293000663798,2.478237396351615,1.296752814337012
-0.008741129111870156,0.00510126544449147,0.007994130809476573,0.0020538527105881696,-0.02921364818410785,-0.5772982503890206,2.4728697006355094,1.3307020736896387
-0.008756010741266723,0.005096768994615214,0.007999746740958609,0.0020291227030710852,-0.025849410244759004,-0.5619313612748044,2.4755525475589546,1.3138339384501763
-0.00851296026777691,0.005166304574687855,0.007886187620703226,0.002425601810476026,-0.07453216678370515,-0.8139339659393773,2.4141936947370755,1.5887494239915119
-0.008497740817108888,0.0051711646302481885,0.007878426550610973,0.0024504848585425935,-0.07716937196383865,-0.8297104255516355,2.409749836658236,1.6062106062991168
-0.008676183541408729,0.005133775927355494,0.007983085330047948,0.002171459351588868,-0.04521935196217091,-0.6433817616495293,2.471470302882213,1.4095756445186343
-0.008691461907678924,0.005129536099477676,0.007989915684841246,0.0021463621655821575,-0.041965723835072084,-0.6274733092446998,2.4750059965130604,1.3922642661188747
-0.008706817475744748,0.005125467051506671,0.007996859494502061,0.002121246211243578,-0.03865467612276635,-0.6114716925263758,2.4786118646746833,1.374949606319692
-0.008634757716476944,0.0051309170011987456,0.00794708056396641,0.0022278048961723498,-0.05178115548201629,-0.6875794029375033,2.4483231341473224,1.450620086538992
-0.008649406625130175,0.00512662323173667,0.007953733628175958,0.002203796803874912,-0.048776028633519326,-0.6723881446935277,2.4518546266373273,1.433992034929906
-0.008664026643767544,0.0051215867025936595,0.007959364082362294,0.0021792125183796892,-0.04568743797607641,-0.6572991562195502,2.4546082183231026,1.417114390086063
-0.008619738575335477,0.005134313115576875,0.007938950787669223,0.0022515681245084775,-0.054648746001414596,-0.7032118414137009,2.443680586988816,1.467234817012798
-0.008604180797741947,0.005138150396578868,0.007930753777089001,0.002276383210403566,-0.057603358049554854,-0.7193772131762155,2.4390273169757326,1.484569616667237
-0.008588457281063772,0.005142615610150133,0.007922997855103857,0.002301889102357659,-0.060609780933598055,-0.735680484736542,2.4347184237700543,1.5023395269961874
-0.008573151328148895,0.005147660239841534,0.007916107137904619,0.0023272544675269017,-0.0635693137922644,-0.751524044332219,2.431024619236322,1.519953670894079
-0.008557835866572017,0.005152144741894528,0.007908411913323143,0.0023521227706609573,-0.06643623155673244,-0.7674122558494164,2.4266987682283268,1.537338737962591
-0.008542912324492294,0.005157631703673254,0.00790206251116654,0.0023772659033919484,-0.06926374519654821,-0.7828495783909983,2.4233632936003855,1.5547844533317372
-0.008530686364601204,0.0051485162592043434,0.007881065551268092,0.002386118134171972,-0.06975406420996084,-0.7958002453747007,2.4082470156304323,1.56262871445219
-0.008516733603067018,0.005149905370166587,0.007870609443613617,0.0024062153200912063,-0.07180212252451988,-0.8102388671625914,2.401533632138611,1.5770647964380842
-0.008451929038567481,0.0051855961687380025,0.007853946061997527,0.0025249174424977305,-0.08475843395628789,-0.8772170416409368,2.3953879512325202,1.658679750815449
-0.008466754141102296,0.005180688186522295,0.007861741950635976,0.0025006659457377967,-0.08230833664396382,-0.861838121945636,2.399945420073724,1.6415733925575997
-0.008481927455715986,0.005175428577628078,0.007869302658394731,0.0024755875210157982,-0.07977671515257523,-0.8461178738206742,2.4042745988664773,1.6239719040774225
-0.008375842562002949,0.005210982853537372,0.007811942918345169,0.0026488347667211125,-0.09628151949425122,-0.9560672477632918,2.370122443533481,1.746429549868764
-0.008390077792264678,0.005205140895788737,0.007818839857602957,0.0026247119861358384,-0.09411173232748099,-0.9412926974252196,2.3741078539474043,1.7294325674942197
-0.008436500818506032,0.0051892544037165,0.007844023511606802,0.0025487748602396093,-0.08699478223726391,-0.8931998559120785,2.3891735782466035,1.675714331948199
-0.008405590169766537,0.005199809011166958,0.007827383167957827,0.0025993663056748328,-0.09174978264186308,-0.925214695457659,2.379258517716018,1.7114628526511504
-0.008420489339417225,0.005193463992727438,0.00783404320025815,0.0025738364383367123,-0.08932286639423508,-0.9097643743450338,2.3829535297214535,1.6935704487214822
-0.00834633718957561,0.005219945173963544,0.00779364622789635,0.0026956693083341338,-0.10023746323435791,-0.9865908674041647,2.358568945294646,1.7799196618871165
-0.008363475264362107,0.005201977675904806,0.007789864657300772,0.0026562149803245685,-0.0961570616506548,-0.9682450250396295,2.3536108217491587,1.7532116711226569
-0.008349887925201567,0.0052037138660274585,0.0077787285084407074,0.0026753496726302857,-0.09760917897385012,-0.9820707405874344,2.3460547011788377,1.7671284882757463
-0.008316520745257903,0.005231508886451311,0.0077774287187012256,0.002745230918239062,-0.10433074317892964,-1.0175131762523317,2.348658847289905,1.8151264072100306
-0.008330750546658118,0.005224772017458655,0.007783862356107853,0.0027204009013206136,-0.10223742033683104,-1.002686317153227,2.352331881864126,1.7976152619751418
-0.00830383147446827,0.005222489943574638,0.007754644005931059,0.002752352678055068,-0.10399230152568342,-1.0296221136700612,2.3314046933383783,1.8216708641706532
-0.008290007158103772,0.005224582399385868,0.007743170725512776,0.0027718360994025758,-0.10529207713328724,-1.0435995967887777,2.323493568854347,1.8358628399346
-0.00827332691209292,0.005227315945480346,0.007729416408072973,0.002795434916544736,-0.10679768592452844,-1.0604062360256172,2.3139790013861226,1.8530189856169608
-0.008197533270605808,0.005275661078774023,0.007704612723915189,0.002938990060852214,-0.11786134706739691,-1.1406177382071796,2.301598182369222,1.954066589643565
-0.008211072790646675,0.005269351509025529,0.007711936893871789,0.0029157662853402486,-0.11636543737592851,-1.1265012936214818,2.306226669030948,1.937471642391256
-0.00818498076478857,0.0052670824146329,0.007681717252501635,0.0029450559068525005,-0.11716211850404767,-1.1517909358443539,2.283844545368382,1.9596116426512176
-0.008171374592127223,0.005269141199918569,0.007669420987957848,0.0029636081956959555,-0.11797309226921669,-1.1652844800645894,2.2750067496685316,1.9732027762967659
-0.008155840297834453,0.00527269013982595,0.00765657215432394,0.0029859665527776666,-0.11902176431373009,-1.1807943014482427,2.2658705314661627,1.989460744167568
-0.008140111077072517,0.0052775456326464186,0.007644796764468287,0.003009870204930213,-0.12018007730457646,-1.1966407860116808,2.2576145247833144,2.006739088407595
-0.008036787515142457,0.005302015796055812,0.007555699042669271,0.0031560030235662823,-0.12502506796392898,-1.297932409274843,2.1925816800044537,2.112774957506289
-0.008124080571120048,0.0052830401250672015,0.007633231362159577,0.0030347370551851247,-0.12134453542248101,-1.2128435023740496,2.2495299099958213,2.024686122341563
-0.008106552161565547,0.005289757821415516,0.0076211668563671625,0.003062613193025241,-0.12264611479172004,-1.2306468312458223,2.2411400999449564,2.044769241784651
-0.008052402447268295,0.005295386842098013,0.0075664323068665865,0.003130915556309614,-0.12409416060044687,-1.2822042495212054,2.200220539494509,2.0947595263534495
-0.00806898493075516,0.0052904797748231,0.0075799348855254715,0.00310659937404493,-0.12331844076424082,-1.2659030175355623,2.2100647625495284,2.077200507630808
-0.008086202414945369,0.005287921121220816,0.007596506987577126,0.003084066715314231,-0.12277439205561623,-1.2493940365472727,2.222389906756327,2.0607689972261802
-0.008242507743997983,0.005242787411695827,0.007715155968103331,0.002849422048810909,-0.11087760943727547,-1.0924376829095133,2.3055045204403246,1.891220935817597
-0.008254787471971593,0.005231649761695838,0.0077153818665837565,0.0028228320668402355,-0.10858256780075012,-1.0791487776078361,2.304389787506811,1.8728129029235876
-0.008212878347483119,0.005254475018470818,0.007697295813138247,0.0028978979209374734,-0.114098895835346,-1.122910382898148,2.2938553608399403,1.9259083330355184
-0.008225625397439398,0.005244208247163068,0.007699240747664928,0.002871613037936844,-0.11200977199887165,-1.1091886733720686,2.2941302725638866,1.907549798524624
-0.012067205478082805,0.014614880952286713,-0.007499599587256764,-0.0033593303483331082,0.21731914906802993,-1.4551635501305284,2.615840276783651,2.639340375208778
-0.012053768053545395,0.014622057645196702,-0.007507699527058432,-0.003335905604531685,0.21708539997845944,-1.4391646712093336,2.626392665946742,2.6220877167133474
-0.01208043818056365,0.014622773511216594,-0.007470528893234135,-0.003361948117077447,0.21492863774437146,-1.4624929201122487,2.5933787539585094,2.635173363184029
-0.012094378278601443,0.014619433680630583,-0.007456203135347624,-0.0033804189757245698,0.21440671521835944,-1.4765470480546652,2.579013184908795,2.646993512772333
-0.012109329678048272,0.014613816161842147,-0.007443532644928729,-0.0034029019297223393,0.21417219517452238,-1.4926499493409915,2.5650707453697517,2.662372908637723
-0.01212197830880835,0.014604428343568194,-0.0074390576730163985,-0.003428238300818538,0.214893591076474,-1.5088801242512047,2.5566805465185043,2.6818463793455436
-0.012137169600121797,0.014601622472582738,-0.0074218918345402745,-0.0034468997092282345,0.21411739559925405,-1.523359844873499,2.539993290393294,2.693068711935989
-0.012152325335492467,0.014596842528090995,-0.00740734716871455,-0.0034681377203254833,0.2138096726503758,-1.538819031199708,2.524730917921181,2.706898657860054
-0.012167650079771357,0.014590504787086532,-0.007394523727935229,-0.003491596211459918,0.21370697340130915,-1.5552283202463941,2.510263239537014,2.7228731307115446
-0.012182757014202085,0.01458347601937443,-0.007382762507197458,-0.0035157204199264924,0.21374751619954716,-1.5717689329148214,2.49641062105448,2.7395909613152387
-0.012197702126569739,0.014575565218379388,-0.007372225101850504,-0.0035408534623290193,0.21395233004508876,-1.5886251231787172,2.48322240975241,2.7573743817111356
-0.012212049572229294,0.014566357367576862,-0.007364061674167108,-0.0035672088061496506,0.2143870040524318,-1.6057308666038,2.4715249580945344,2.7766684255289857
-0.012222663863631219,0.014556435322910916,-0.007361980770636695,-0.0035911322338967842,0.21532841442641196,-1.620313336981519,2.4648913773841468,2.7954397043084644
-0.012237671888524001,0.014553607243262984,-0.007344156814520099,-0.003608853207421234,0.21455951132778386,-1.6337782547867,2.447581990489876,2.8054397988626865
-0.012268767149104529,0.014522802216989596,-0.007339048039782656,-0.0036814017219999047,0.21750653958935803,-1.677436884403183,2.428018680147223,2.8625857109960453
-0.012253250303153143,0.014548153043174764,-0.007328820017779504,-0.003630734743726761,0.2143455636205581,-1.649191026044894,2.431232624908961,2.8193087963317915
-0.012268553409329112,0.014541409685419192,-0.007315391174273514,-0.003654111456571659,0.21430226398568605,-1.6650923094493926,2.4159524322002066,2.834796442499876
-0.012283461851743808,0.014515035735794707,-0.007327476610703623,-0.0037057668244989614,0.21767139940300997,-1.6935578608892639,2.4138515843877393,2.8793229252254258
-0.012296663249502402,0.014505851551668046,-0.0073197333756551955,-0.0037308480349298764,0.21822903448395173,-1.709420617487439,2.4024055973028506,2.8975509290860333
-0.012310497682667093,0.014512927502063067,-0.007290328943050342,-0.003732349690962717,0.21593338318616845,-1.7147615037819297,2.3795778133014323,2.8913674760337393
-0.012323940252871746,0.014508701583895015,-0.007275775101891947,-0.003750075467621622,0.21560238736156603,-1.7272301045020468,2.3644954540516143,2.9018932592546007
-0.012339892477728723,0.014503440103246794,-0.007258682566140353,-0.003771342665849917,0.21525847263437073,-1.7420289965507594,2.3466450412304494,2.914552360789895
-0.012366934042729358,0.014483934998716589,-0.007242357904465764,-0.0038229218417602682,0.21648659361363132,-1.774100905476973,2.322344192325496,2.9516244587708043
-0.012357107518763849,0.014496405045190026,-0.007241748600333589,-0.0037961523902342057,0.21510712461702977,-1.7587485434361407,2.328054355442037,2.930024917286857
-0.012379916867328079,0.014479868810090477,-0.007227794115650028,-0.00383963606198728,0.21615938574351626,-1.7856863916021901,2.307334995921833,2.96116954206375
-0.012466777208749396,0.014438027413161499,-0.007145109408467403,-0.003971327046881891,0.216500484678159,-1.8708181555014745,2.2126449302573676,3.04381144418582
-0.012453032573744888,0.014445772876841017,-0.007157243891319306,-0.003949013235641973,0.21625450460453163,-1.8568304897749102,2.2273691523935484,3.0294096485658746
-0.012394971945275224,0.014474896289626072,-0.007211106163924168,-0.0038592806545227655,0.21581291123840105,-1.7991501107640715,2.2899882791615878,2.9724462141550174
-0.012439110898345025,0.014453532324232425,-0.007169475919865138,-0.003926458183390797,0.2160155472107694,-1.8426183720904399,2.242180655593287,3.014803303281228
-0.012424835492009243,0.014461230032106058,-0.007182160208840147,-0.0039036358272360335,0.21581241376084473,-1.8281208006644645,2.257354959787572,3.0000669430845606
-0.012410080326926682,0.014468495933155552,-0.007195925176116347,-0.003880997984771515,0.21571944002056684,-1.8135093669271651,2.2732628249137243,2.9857255336872623
-0.012480454844678109,0.014430223994824715,-0.007132989243309532,-0.003993596470813952,0.21676057594690112,-1.8847016788770719,2.1978990361276254,3.0581411843317015
-0.012494276903030782,0.014422295745004131,-0.007120631741789865,-0.00401608126678681,0.21702651412144544,-1.8986527068956256,2.182874137952186,3.072532654174218
-0.011922270493906564,0.014696803946475646,-0.007571808046778034,-0.003098819879577099,0.21426420948923067,-1.2777682373457624,2.717184533686343,2.442628349457962
-0.011941939261287483,0.01469967654832563,-0.007542590932833631,-0.0031165114757738133,0.2122453727365967,-1.2953027995296138,2.6923801425053635,2.45123477677884
-0.011959551317882561,0.014697915635605291,-0.007522704861172613,-0.003137643146491577,0.21122608112146776,-1.312840062420001,2.673873407331026,2.464400929703318
-0.011976189917486718,0.014693364495669735,-0.00750797731321805,-0.003161144937195311,0.21074127434558107,-1.3306558656435377,2.6587415241912375,2.48046107646247
-0.01199177293028098,0.014687447936176892,-0.007496410653298791,-0.003185177017746662,0.21057377467276242,-1.3480499874546086,2.645813211006292,2.4975419127032055
-0.01200764236178053,0.014682940466914755,-0.007482281258140973,-0.003207579702385895,0.21015085783512302,-1.3648935282959984,2.6311981059330223,2.51275742584158
-0.012052641509600658,0.014637060771861037,-0.007488000077691244,-0.0033145362292507723,0.21463605680847192,-1.429932473561573,2.6155752686937985,2.600520528391577
-0.01204035030291959,0.014648100838411584,-0.0074888162042383855,-0.003287204036232433,0.21362264878165613,-1.4129165762631144,2.621334060284934,2.5785476206825204
-0.01203291701726927,0.014665468532419582,-0.007474044968862232,-0.003256557347253212,0.21119066489393337,-1.3969091573222479,2.6160250857023573,2.550632584511385
-0.012025424831212302,0.014681695285153762,-0.00746086673745952,-0.003227565594437837,0.20900933238399158,-1.3816318697901382,2.6115319991305843,2.5244859815642164
-0.011913996266243813,0.014714139351192623,-0.007556587110783504,-0.0030679167246105993,0.2118987096923213,-1.2615598661126954,2.7111641831131483,2.414545327482283
-0.011904455395507978,0.014727240352744864,-0.0075491059923027595,-0.003041116934868735,0.21031733882943185,-1.2462509616555706,2.7101466150910776,2.3913836923558702
-0.011902035726994824,0.014744192081480246,-0.007527011489304058,-0.003017488933102003,0.20774246156743167,-1.2362321151718039,2.697699854364677,2.368098030251261
-0.011559108484689697,0.014855910185429342,-0.007743370053249232,-0.002486036519352926,0.2137687423060988,-0.8351319455832013,2.932713724859252,1.9730720274215965
-0.011645562330530226,0.014838912971930976,-0.007678932299144076,-0.0026111544699436305,0.21041586849944663,-0.9360534653950839,2.8701858965775364,2.0650434066088614
-0.011582815083775693,0.014856596439185844,-0.007717482956967517,-0.00251501574582054,0.21191980802006274,-0.8616513052375622,2.9104619243923153,1.992758444515408
-0.011606758083304785,0.014853256888337288,-0.007697604635102605,-0.0025482184794598244,0.21069088208687317,-0.8892116045270525,2.8919087356582263,2.016735520262974
-0.011627164756074086,0.014845630709418566,-0.0076880613925953,-0.0025814460913140165,0.21064122363604362,-0.9138924292543779,2.880718351669209,2.042287036687659
-0.011662367785940035,0.014832654080141866,-0.007670567595163494,-0.002638360198636605,0.2102286347877804,-0.9562493887732874,2.860471932383295,2.085827312872245
-0.011676014025283735,0.014824478114106327,-0.007668511354163125,-0.0026638277641664043,0.21074320633467303,-0.9735982937653077,2.8555100178714934,2.10619306166487
-0.011693321302544168,0.014824205392286434,-0.0076497455743761295,-0.0026848780745028487,0.20942699700934453,-0.9922875569685807,2.8389290135809033,2.1202498885346777
-0.011715595934766242,0.014822092562876827,-0.00762816850244167,-0.002713690532101869,0.20823448137787412,-1.0166392936247564,2.8191508774921243,2.140075365134719
-0.01184168293115228,0.014772390403137202,-0.007558228658748751,-0.0029165011949504158,0.2074137647108034,-1.1648113435580434,2.7373352430341775,2.292201845800834
-0.011829510309430205,0.014789410001246898,-0.0075470660563363235,-0.0028826145277907373,0.20543781822435134,-1.145654352830265,2.7345760551861145,2.2628324375633695
-0.011862291070177194,0.01477519425026503,-0.007529329466545373,-0.0029360870235727384,0.20542418975203366,-1.183928937809249,2.7129646480045406,2.302797808661041
-0.01189314188986046,0.014761491041317187,-0.007512346530591073,-0.002986582687770256,0.20553880423818913,-1.2198201050489865,2.692147238670584,2.340350296018173
-0.011881548900976114,0.014775066769155463,-0.007506334432599832,-0.002957440182986311,0.20405076580468334,-1.2026516051689977,2.6925884970991754,2.3157681585962355
-0.011814102816074382,0.014799881244476107,-0.007549375330658039,-0.002852956506351811,0.20485833229170328,-1.1260606164079456,2.7409107485593824,2.2392879399662236
-0.011830830989831391,0.014812847177702988,-0.007510295055039802,-0.0028565552484670627,0.20152665022439756,-1.1373786115034283,2.7118090889821787,2.235299044077871
-0.011738252271597834,0.014822413399093124,-0.007602150774242444,-0.002739933062405876,0.2064879353411007,-1.0402245965038845,2.7964413237313557,2.156997222478786
-0.011797726117032432,0.01480833227430142,-0.007555643961695772,-0.002824564287913328,0.2046017420644823,-1.1062970889345463,2.7498838391102645,2.2174604741527433
-0.011779756540960843,0.01481513216995795,-0.007566034901834023,-0.0027962172821022935,0.2047311090770603,-1.0855179564358381,2.761785990234509,2.1963683414989585
-0.01175978608536845,0.01482009618568308,-0.007581285824065794,-0.0027675690121970685,0.2053255765742288,-1.063286508486735,2.777190067788595,2.175828890790219
-0.011377339762700686,0.014955488634884434,-0.007754936208978297,-0.002155149324748799,0.2092329616904137,-0.605828246296361,2.976685212167634,1.7050838426036117
-0.011293384216726682,0.014997316356507603,-0.007757689200643425,-0.0020074905552702822,0.20741937360085985,-0.5021188535364342,2.991824294127596,1.5853781777522293
-0.011277099654611144,0.015025393898686139,-0.0077236026811895895,-0.0019623933762426154,0.20364714346026733,-0.48063263181389765,2.971823325619242,1.5447256304996586
-0.011366369968874492,0.014975896617602718,-0.007730498951407152,-0.0021224439799688542,0.20637865207984446,-0.5902412125035966,2.9626259609334027,1.6753503748250675
-0.011344077709561506,0.014983817902446503,-0.007736883335388476,-0.002086212897643706,0.20643740277579664,-0.563241834040526,2.9704505245755257,1.6467610077650594
-0.011324897496517806,0.015007602227430781,-0.0077134585074768195,-0.0020404038085660623,0.2035849141372593,-0.5381807693622777,2.9581873139912247,1.606707307163288
-0.011480590676057457,0.014903701932792963,-0.007744025111423161,-0.0023379454860816933,0.21095479018259386,-0.734598365067418,2.9502187269303346,1.852430305719875
-0.011497612021759935,0.014898620954641067,-0.007735650875662576,-0.002364726084591539,0.2108463975628073,-0.7551501059454042,2.941265426776748,1.873014288882466
-0.011515716281151197,0.014901907085736722,-0.00771226035395593,-0.0023844410584556684,0.20887576755772197,-0.7750663862521899,2.9222905270463926,1.8857331031286308
-0.011401708223347188,0.01495389949851109,-0.0077353727491513225,-0.0021884186809788347,0.20773532435664224,-0.6344753211478006,2.959662390735334,1.7295654051412563
-0.011422870300834729,0.014947197079279799,-0.007726977781912996,-0.0022220585413268786,0.20749552638066304,-0.6600558180668665,2.9503411954152767,1.7557827097762082
-0.011468838251035852,0.014928355061397709,-0.0077146810018321466,-0.002298969809362166,0.207661362062773,-0.7162720563652615,2.933529710763469,1.8166136510935726
-0.011444055073430623,0.014940182692186455,-0.007718749489544351,-0.002255943672410113,0.2072668462074501,-0.6856990333651493,2.940984548135754,1.7822385718875868
-0.011549556735195976,0.014877608833706292,-0.007717786747330154,-0.0024516265753920523,0.2106758123211745,-0.818961450780051,2.9183682651059315,1.941183867118886
-0.011538807426865817,0.014899205476957748,-0.007693522026365738,-0.00241620187221497,0.20777133104463322,-0.8016664585782133,2.9052064949950043,1.9088114770575917
0.016177666704775204,0.01774514955292108,0.002164918903415117,-0.0016630745695843713,-0.002918794968937715,-0.8104208056721395,-0.21253935715578634,0.8959652344408849
0.015615871317746392,0.01772502057981217,0.0024462594557847312,-0.001701623611928113,-0.005800835680336003,-0.841865347133464,-0.3044761813836855,0.9396091743651855
0.015162155913186174,0.0179857356562302,0.0025802352886503885,-0.0015743434196892542,-0.012084943572699486,-0.8081242845570901,-0.39420956361749543,0.9064942332815608
0.014631621548844974,0.018050326322059745,0.002811571798108675,-0.001518800158374461,-0.01416457682191803,-0.793239980724101,-0.4977532215633252,0.8992862010614352
0.017224463886595515,0.018276914950659306,0.0015856133863024026,-0.0013345376000031108,-0.00651320476594503,-0.6757969764561397,-0.11026287735029718,0.731652966402425
0.016527298256658482,0.018329000800558527,0.0018559618305166628,-0.0013770967808527659,-0.014046972687963106,-0.7119501123581334,-0.19297721912918422,0.777109095463119
0.01336631898370772,0.017619501230605947,0.003669887969728386,-0.0015454441677657865,-0.0016371628999986832,-0.7884294313163459,-0.8275950739942596,0.9462560712316958
0.012585511721229162,0.01755549785217672,0.004095236797057971,-0.0013430070557922545,0.004896586081715254,-0.6617132848895113,-1.047607733852854,0.8444329065347308
0.012927903611256963,0.017596236208899434,0.0039040554410380486,-0.0014377599814713368,0.0021670392255408373,-0.7236454858827611,-0.9488703229179719,0.8952491447690466
0.014057156768436574,0.0181008884894886,0.0030627611699098885,-0.0014358009890433688,-0.014275274851974567,-0.7575276083269068,-0.6168639220106337,0.8727784060102566
0.013602674453044843,0.01795558145274122,0.003355535536533323,-0.001430764239679205,-0.010111414077375772,-0.7456749917245064,-0.7304615788901272,0.8773034479815761
0.012416871120306606,0.017807447573959283,0.003982308638706391,-0.0011733616261217423,7.199530812113264E-4,-0.5758196175482272,-1.0334782841694665,0.741147399008274
0.012165590385279576,0.017807541221220066,0.004080675018968311,-0.0010799274183999408,0.0021508303834349286,-0.5134300089451099,-1.0887666552176773,0.6846205797686711
0.011730402640024161,0.01746717157012652,0.004520132408412433,-0.0010137960035545774,0.013339008549602934,-0.4324278944313254,-1.2796222484870194,0.6441022079682054
0.011897607149867344,0.017724011022710467,0.004244323933309998,-0.0010005192702567038,0.0062103806312926325,-0.4516432619918488,-1.1665636512282989,0.6334404634606721
0.011440914696468463,0.01745778609656173,0.004624752359964274,-8.685970178561566E-4,0.016091066128780463,-0.33052203233106653,-1.3394102762090132,0.549839921683268
0.011186995023758927,0.017410839473051977,0.004740750313787499,-7.430045799020782E-4,0.020175730247437573,-0.2369165174140006,-1.400373572923763,0.4665358935703637
0.010924794949072678,0.01752814211187313,0.00468984884979324,-5.67206708122164E-4,0.01745425129446337,-0.12868748197591098,-1.388026875164871,0.3467841069543654
0.010431468111346025,0.017244801254695206,0.005046249125516062,-3.0734745344240935E-4,0.02892568661812189,0.09273516362147495,-1.5446365350652884,0.1697611867510317
0.010594693743822228,0.017545408271983663,0.0047267274995869205,-3.7455633298323973E-4,0.019671546561251366,0.003942541413651342,-1.4083218465659977,0.21571846691706312
0.009511602535641456,0.016870834739345975,0.005436999271744794,3.589277424234836E-4,0.04204279612510319,0.6140800125809611,-1.6748940612692087,-0.2826427778075388
0.00929267451823673,0.016808582591309518,0.005466716590067575,5.363606698675756E-4,0.04380730917103006,0.7410867549099416,-1.6659053413402305,-0.39952836494307487
0.009850714469690453,0.017100721211531465,0.005215734493830668,8.7118076052865E-5,0.03487088074914281,0.3891232885385151,-1.6023759657054135,-0.1000144998288743
0.010098177632127366,0.017239381278819348,0.005071630367546701,-8.559662808911376E-5,0.03020971083019339,0.24734489953210523,-1.5494742494955942,0.01845684159465713
0.009616982912826207,0.01711883021171353,0.005177555578017703,2.4965730179068074E-4,0.03377641855971116,0.49310642074117134,-1.5705710875086967,-0.20825925528097208
0.00894928565047611,0.01674672535644219,0.005443333239474111,8.107464579125648E-4,0.042340926061216845,0.9235399477703812,-1.610541816114274,-0.5750431572137358
0.009098958008698017,0.016895415251213505,0.005323260631848149,6.581964272318826E-4,0.0364624791149559,0.797222704393889,-1.5825558783133264,-0.4761372833873412
0.007873361016867201,0.01618362255641727,0.005510164148517835,0.00186243687842461,0.027606054249095426,1.6162017501451096,-1.3920329877619648,-1.1861607184807665
0.007642014898877828,0.01612341128928787,0.005404545530191798,0.0020509884310693284,0.016921131136545402,1.698858922025476,-1.2900225308713347,-1.2724303010667588
0.008709532744158557,0.01672155887481308,0.005385900794924454,9.933615525001378E-4,0.03662793880913723,1.0323580775686727,-1.550571230641518,-0.6861209502365486
0.007957276630865472,0.016408595382431095,0.005336458459845871,0.0016619544981504753,0.023969564205003537,1.4464313630503716,-1.3717514612282675,-1.0654800416129804
0.008422750251316627,0.016781123265793885,0.0052039944941926495,0.0011642490975489865,0.02957817848374578,1.1065580157978057,-1.4353251161615372,-0.7798419927859824
0.008232365325326821,0.016666697338245412,0.005229918281224862,0.0013414751519074501,0.02781890416853594,1.2229623186416525,-1.4067091043111515,-0.8824318667315645
0.008046041978126686,0.01665505648883159,0.0051439884099761775,0.0014645330717103023,0.021094292525625512,1.280209041415722,-1.3397955261357894,-0.9455023589768966
-0.0031637042370033846,0.01097212881625544,-7.632130677135504E-4,0.00646305877565653,-0.10633740254958891,0.5016169549485824,-1.256277226193266,-0.3113967108879527
0.0031102724183527664,0.011240034325443685,9.325761552574311E-4,0.006333270615811235,-0.1244373233645606,0.6442155018908283,1.1770123500470122,-0.46115733645336215
0.0029100310507916647,0.011179268528750234,8.161971979412398E-4,0.006244547055123947,-0.11878026048441312,0.5708600817060047,1.0923948078162997,-0.415756411415298
0.0027899578832568848,0.010948263724832019,6.318811627164922E-4,0.006255444589215431,-0.10520329121856128,0.4277208932101685,1.072018013652839,-0.28890552456266655
0.002522869664911621,0.010731779377052338,4.351373855003509E-4,0.00617357630271552,-0.09353403725062466,0.28069441969213194,0.9692003050580148,-0.17232608118265
-0.003686002805714053,0.011352337568622506,-0.0012787946674338389,0.006649884558302899,-0.14174317498755104,0.859306142709807,-1.4480884661998097,-0.5763378377334155
-0.0037808155338181484,0.011555382315992806,-0.0014960928489490565,0.006603856548309902,-0.16022205540561704,1.0137964827609915,-1.429813917073455,-0.7128722610679239
-0.0038515583922678984,0.011739362712183071,-0.001684179906587125,0.006537483551457717,-0.17534359808120106,1.14552586695715,-1.3938634495010482,-0.8311829717674889
-0.0039503517839285015,0.011892532265709715,-0.0018674932745444148,0.006498189930891862,-0.1889369073274467,1.2704733688902217,-1.3753071402179673,-0.9360313516291264
-0.004021684646541897,0.012026361468458466,-0.0020175403496622904,0.006445819915478812,-0.19806596594209877,1.3714487833288453,-1.3453527604853563,-1.0226078484520293
-0.0034603679845638517,0.011349031981752545,-0.0011645440449722466,0.006499792416561301,-0.13658925281325465,0.791861239701444,-1.327876820530541,-0.5517108828232323
-0.0032804612619040043,0.01134957035640902,-0.0010810567569497233,0.006386924610157578,-0.13282042356636994,0.7453211165476856,-1.2361481421543343,-0.5356159884333225
-0.0031228613064500743,0.01123603654552431,-9.348009376697191E-4,0.006342002519558648,-0.12493859701602437,0.6440435413849351,-1.1840722383414277,-0.45972516362122423
0.004407516549395661,0.012887236791633614,0.0028638588932329016,0.005900433263797012,-0.22961715870558633,1.88364589098343,0.9941449458933534,-1.4748221951236424
0.0034991202097376497,0.01148235017054549,0.0012834824849642047,0.006457816961761146,-0.14661779073405024,0.8800396448983621,1.3083031466576427,-0.6335038308449005
0.003577619870675911,0.01171574058896955,0.0014953526801801086,0.006376149496262168,-0.16307301081822212,1.03276880273172,1.2679637192700774,-0.7724341773504712
0.003684361479033874,0.01189909969662785,0.0016889239142288115,0.006325390412803048,-0.17563222048749952,1.16655913472159,1.2468894469748344,-0.8864680606422658
0.0037913141534244976,0.012057565682131614,0.0018679461831058103,0.006279906557692322,-0.1873941197001546,1.2845337424401195,1.2265783943044903,-0.9849320081691463
0.003901793668486347,0.012207867491205442,0.0020465418370542426,0.006232283405695669,-0.19752081268508426,1.4006688442801645,1.2022294928514314,-1.0798819064197163
0.004012951427140629,0.012361547635014505,0.0022290325771277372,0.00617304689199531,-0.20696397162433974,1.514596139316532,1.1692708364912432,-1.1734040484281663
0.004134798383432322,0.012500243484954108,0.0024132207355143528,0.006122424981461446,-0.2179836118795297,1.6246888103267023,1.1389397155379584,-1.2628628468026808
0.004242852242289354,0.012799194266851395,0.0026643076865391804,0.005905444498281977,-0.22198100963109077,1.7706816249299033,1.0006375716012892,-1.393784527039928
0.004228003404784332,0.012643829929296897,0.0025748841011268018,0.006043231074280907,-0.22141868035962758,1.720109126909843,1.089136537348369,-1.3414910810399627
0.005265159471344712,0.014015203889906416,0.004058883964938381,0.004934573367024076,-0.19117945454379837,2.379942228707844,0.322805180005675,-1.8780405359398842
0.005279781523227289,0.014205701441135551,0.004061323405952981,0.004712276621247403,-0.17584171103765942,2.3248014848864873,0.20430795246059416,-1.8476041468533262
0.005087276773333616,0.013928459624003194,0.003850864472861358,0.005002050092515521,-0.1968291338175124,2.289740550825739,0.39104938051449895,-1.8167347792588238
0.004978890775115314,0.013828247399253415,0.0037226315939656576,0.005092601042838904,-0.20212802395228505,2.2458863813213745,0.4571876155239261,-1.782778321081485
0.004709208717979441,0.013395334678468401,0.0033545820434121173,0.0054956962879334085,-0.2235976076484707,2.1183014675875538,0.7229435359483897,-1.67407639402302
0.004776313591804067,0.01356049511398219,0.003462738909916844,0.005336718924297938,-0.21586237642393957,2.1530441508501426,0.622128575967921,-1.7087318175118038
0.0048318018045346006,0.013762639628159306,0.003551943074239231,0.005128861978601944,-0.2039091884732273,2.1661083857256163,0.4981141817362732,-1.7291309689172567
0.004417046881228486,0.013060621614906762,0.0029434639370804617,0.005730844554304068,-0.2243046437276416,1.9188928373791454,0.8874443827436448,-1.5165638942788051
0.004562280704605957,0.013320506931815385,0.0031773799485507333,0.005521660239643198,-0.22143517997648102,2.0264436954801117,0.7519210492605305,-1.6100992608919302
0.004438502881001383,0.01322066704532076,0.003019634734047413,0.005577502182429054,-0.21986163706549594,1.9490197227247967,0.7936199286438406,-1.5511982781575508
0.003215803471482452,0.011461165805207814,0.0011272809462918416,0.006297134250307763,-0.1387291358909344,0.7887042374416872,1.175184263015218,-0.5892764976319876
0.007345371433132262,0.015987342232511383,0.005300330463009873,0.002326710546087137,0.003483994984023233,1.8265666051038913,-1.158673546517563,-1.3930096510652632
0.007449833264231997,0.016117363495360804,0.005264918590681695,0.002166777943731739,0.0070430069880644125,1.7262974368968993,-1.1953673661230797,-1.3130964803524687
0.007146313867034713,0.015965036201044364,0.00515449315618827,0.0024473617462792505,-0.00783156815479037,1.848099978875782,-1.059180328109916,-1.4289690344569703
0.005854637629825479,0.01471139661037431,0.0046151887383364155,0.004134371458373787,-0.12331194612741916,2.402975379307297,-0.20153659383038636,-1.8957702789701023
0.005916247112490478,0.014845235118885159,0.00463350611962081,0.00397386296226863,-0.11234366010882857,2.3509404138177525,-0.28226975931649373,-1.8587823583136986
0.005733708701678249,0.014633754856882956,0.004500569013627559,0.0042320552040355465,-0.13385112802911814,2.384415406131726,-0.12613664811757253,-1.8870491015725508
0.005613105010917332,0.014524487937134872,0.004391732324235464,0.004361557928825126,-0.14435714383592327,2.378589699795819,-0.03824068050277433,-1.88368088404382
0.005450041514832451,0.01450266425732602,0.004208632017618959,0.004383077169301578,-0.1508615282895421,2.300909608174955,0.013094110072965832,-1.8360443550554109
0.006589949403020494,0.015313976218428631,0.0051247969620555394,0.003302837096265741,-0.05066324411202392,2.2701268826647865,-0.7285443877161993,-1.7664602673557843
0.006573750704911676,0.015513956495932093,0.004971511378122338,0.0031022905912226444,-0.04638640187168334,2.1158175763010902,-0.75471985632063,-1.6618366994583627
0.006896790828680363,0.015926125906717773,0.004972450810424575,0.002593842801951961,-0.02048712959746712,1.8682275957725556,-0.9399180159953608,-1.4640960250192272
0.006749105319206857,0.015779861386745378,0.0049508460450114825,0.0027839457605794643,-0.030458987874926624,1.955816768719154,-0.8658316575395393,-1.5378229820649405
0.006585924725952122,0.01574015830582943,0.004828866516756785,0.002880875386613018,-0.040493766135229016,1.962455415730247,-0.7869686258561926,-1.554378583778538
0.006423861808133904,0.01522230701031238,0.005005821932879525,0.0034525921642409797,-0.06474495563935752,2.2917126035911584,-0.6249512001271781,-1.7931414395514846
0.006255351843556564,0.01509286137895722,0.004896676084157754,0.0036375256667325146,-0.07997928099454978,2.3286375350492072,-0.5102536884450072,-1.828255187926413
0.006028576342409473,0.015010500359313814,0.004686843281922904,0.0037725265490269324,-0.09655696902483547,2.2972984327599923,-0.38745984269529826,-1.8177962034041466
0.0052910841925043256,0.01440042398107648,0.0040480485868699505,0.004490286714110015,-0.16052367777674428,2.2592470713008894,0.09706492622494323,-1.8089653980381686
-0.004575373620899436,0.012628037169683424,-0.0029041472721900823,0.0062528623478494754,-0.24643620371210337,1.9210118865440322,-1.2193213677148762,-1.4557723581761843
-0.0046046951702476725,0.012746349333572403,-0.0029981867647575623,0.006147385967754485,-0.24748294860372047,1.9722729076821164,-1.1470705072938714,-1.5063908367382721
-0.004302881431293705,0.012262293906380856,-0.00241412860113216,0.006433614390463612,-0.22671180274778036,1.6218111601966776,-1.3453287826745923,-1.2116519488768036
-0.004360597130671202,0.012332324150850218,-0.002513496149471299,0.006407497159352876,-0.22941473237303409,1.684401934067176,-1.3281194184884606,-1.2620617863955363
-0.004472623683612981,0.012554932716989434,-0.002758939507059146,0.006265460255879496,-0.2398265122810566,1.8331475500753367,-1.2311384019361888,-1.3915959529254398
-0.004387603922240201,0.012440557943464364,-0.0026079757231482347,0.006324150253251312,-0.23384502704771024,1.7426507943113414,-1.271444650995857,-1.3173211682001045
-0.004166473982100952,0.012186141499662809,-0.0022450802506607365,0.0064112409405242534,-0.21348640904860725,1.516684795656436,-1.3274994664691901,-1.1381893185347804
-0.005548359177202915,0.01368211044186048,-0.00442276293421212,0.005421412778518665,-0.22149951035145907,2.7016373962880866,-0.5495985648362672,-2.060708257427816
-0.00566441344387767,0.013754550169716615,-0.004581678604484701,0.00535175537833764,-0.2123263881484847,2.77882796092835,-0.4778661565827061,-2.112551103389866
-0.005580448440223807,0.013745039415520376,-0.004466796856644271,0.005344484218384047,-0.2146075476879061,2.707913717666292,-0.493595283904736,-2.069051894341527
-0.005700139649739682,0.013834178415955287,-0.00462700738548501,0.005249564386907446,-0.20312064481032419,2.776556302839221,-0.4052509815303564,-2.1160075797041618
-0.005764277520278431,0.013907040518263088,-0.0047086149950897474,0.005160823081636034,-0.19363240315703864,2.7979976634242485,-0.3347517897966558,-2.1326422813355648
-0.005800948199038186,0.013998028776187457,-0.00474623546587932,0.005040822454514259,-0.18393737332434443,2.7824793821527485,-0.25420072869223126,-2.1270433573019787
-0.005839443222049268,0.014075883427294461,-0.00478451118561118,0.004938815297763763,-0.17436793896674133,2.7707226869197505,-0.18507291805269596,-2.122206657271418
-0.004547887037384342,0.012882511059271679,-0.00300462961782231,0.005975113367093364,-0.2389545401418913,1.9674963359552924,-1.0356705122809393,-1.5251994261800161
-0.0054825593390127395,0.013649765231858277,-0.004332992537369976,0.005446333955559793,-0.22457622625180274,2.6547259823574074,-0.5795241016783584,-2.0297728135989517
-0.005404236823830468,0.013595729624330768,-0.00422515008204243,0.005494396399325752,-0.2295202638232792,2.602052488797991,-0.6257783136237353,-1.993263745007208
-0.0053440697720916926,0.01352401995078345,-0.004138185808359732,0.005568513510122126,-0.23571055807871222,2.5677190769559495,-0.6840633906663537,-1.9658837815041836
-0.005249684939597106,0.013496194331092108,-0.004012927268137081,0.005571437096385156,-0.23599929079547818,2.4950189076305684,-0.7022115823210968,-1.9191631644927514
-0.00516142377614788,0.01342994546635649,-0.0038899540408338026,0.005622828654124045,-0.23983455461571926,2.4329295261695507,-0.7484683711319261,-1.8747204281194318
-0.005085161372718196,0.013374177608953125,-0.0037840606972457187,0.005662381476895394,-0.24026188973978324,2.37986418609503,-0.7839096235754781,-1.8360664613342867
-0.00483861743705585,0.013081336554247092,-0.0034037963981254087,0.005901369609265992,-0.24836731803461395,2.192331713448928,-0.9676814698526858,-1.6879802685129643
-0.0047316645982876104,0.013026137595740945,-0.003262431347058865,0.0059121544450495955,-0.24537396390734276,2.111156098764906,-0.9837856826768819,-1.6315431784237233
-0.00460382520626435,0.013048121434750606,-0.0031323639946483736,0.005828016652647276,-0.23653375082963726,2.0304797817298277,-0.9373977350946338,-1.5848484544830777
-0.005002072602869593,0.013309307140570837,-0.003667856634783455,0.0057072719562934965,-0.24259928720472265,2.3192845479923396,-0.8239646221528429,-1.792760545977139
-0.004887945488763322,0.013201721507274505,-0.0035018167440257274,0.005785788846106876,-0.24533834890799278,2.2355259829559704,-0.8875243704241006,-1.7285935044446832
-0.0065620706171505136,0.014489024855543972,-0.00562984962516972,0.0043241361383880225,-0.08305542081279689,3.005073050384027,0.40707460381218646,-2.2441962956138863
-0.006639392598207664,0.014507969112707103,-0.005727145574910762,0.004279334870054385,-0.0728237440548986,3.0393228595068997,0.4657808962609557,-2.259169496879204
-0.006714947432312643,0.01451881010769946,-0.005827240443511885,0.004243777347387691,-0.06267930871521198,3.079873797510755,0.5214469101687151,-2.2773203060124305
-0.006747437207551678,0.014605704723967609,-0.005812246765549014,0.0041119256123201215,-0.05573332909096429,3.0027809784805757,0.589490122198998,-2.2271211017421737
-0.006746541267637654,0.014699352692187561,-0.0057439476868955085,0.003984655877584026,-0.052341132939375756,2.899436151049628,0.6329752028865013,-2.1628008820133786
-0.0068014953758672725,0.0147501647303818,-0.005779694094332432,0.0038982305393768786,-0.04489007809604628,2.8737444107815047,0.691397665863784,-2.141200161938847
-0.005868549089081616,0.014147362989561702,-0.0048082115393236775,0.004844402404373885,-0.1670546788628297,2.7522001074644797,-0.1242575514948872,-2.1122473491326845
-0.005940574720333742,0.014188721179610168,-0.004895142289769168,0.004792331022628188,-0.15954620384160068,2.7826120825561946,-0.07367560853395304,-2.131232346053555
-0.006028809105544159,0.014194558109144221,-0.005014424499194724,0.004787113357078081,-0.15328907098986896,2.8490907764749207,-0.04069813425465881,-2.170123636298691
-0.006143983497612384,0.014314017710998822,-0.005132477329612452,0.0046210568734614535,-0.13468574321919144,2.852086670951202,0.08567418230468282,-2.1706935054779275
-0.006079523004142518,0.014263580295859845,-0.0050619987498681145,0.0046922446229273815,-0.1450780574451819,2.840022435521987,0.02624601951385341,-2.1643702177555
-0.006509421170880984,0.014538000857470932,-0.005527511907902547,0.004267215583825429,-0.08609222065912416,2.919755341227838,0.4046285274801838,-2.1954100931376055
-0.006346429958951194,0.014388451894136114,-0.0053812152277563224,0.004501636337508392,-0.11212719219453475,2.9435540578701693,0.22657866535782747,-2.2193429471846415
-0.006398197881967355,0.014461136109031963,-0.005416676548810259,0.004393424573643289,-0.10249442373260707,2.9157014373095635,0.29886224103695586,-2.1996830102730383
-0.006443607063178654,0.01451874593226364,-0.0054482340009355335,0.004306504922911993,-0.09463505898567656,2.8937656287434845,0.35711599429849245,-2.183487250490956
-0.006259676549503508,0.014393417495287393,-0.005258484573956585,0.004503936499577588,-0.11977485987549753,2.874751183199882,0.1887134858420806,-2.1809789920713016
-0.006173136212742172,0.0143854782070109,-0.005143711544133491,0.004521976945943085,-0.12743360613614876,2.8181402977339265,0.14513563494612658,-2.1492107822599116
-0.006846268860450399,0.014802601484000935,-0.005798362090387968,0.003812992740606471,-0.038880591124566176,2.8386960613703667,0.7420734324898861,-2.114476475594511
-0.007081082111688061,0.01477428544967359,-0.006131934027200494,0.0037496118205681884,-0.008096151345813997,2.983361220056348,0.9074705567240245,-2.1750768978042725
-0.006932033048408755,0.01478263364462312,-0.005926686102503252,0.0038050950651294796,-0.02818909378415086,2.9024020260753405,0.7962598461285947,-2.1445113315605675
-0.0070114236761370475,0.01478795687087362,-0.006027263892586559,0.003763796265768907,-0.017453934611789974,2.9340821343068026,0.8576390388239207,-2.1541394511743377
-0.007128148152479347,0.014819894989068527,-0.006152851044764533,0.003665939102284315,-0.001999828526931823,2.9462019667124966,0.959286111042435,-2.1454182656535337
-0.007917555915804154,0.014969503248916211,-0.006976785716820971,0.002920215620619967,0.10929397544422836,2.90552828102216,1.7048989088204143,-1.9528638121680404
-0.007959172902365096,0.014989295077287973,-0.006998137765291514,0.002858991730238418,0.11353064453935138,2.8731030781219653,1.7431000867261701,-1.9223292860724448
-0.008035487158725672,0.015025219599268511,-0.007034649451076228,0.002746272460818995,0.12024708750038467,2.8107441596258345,1.8112942486797567,-1.8641093060147005
-0.008065491505920175,0.015054072590735438,-0.007027243155752915,0.0026856501273077632,0.12048834526878963,2.762887039521912,1.8331069477931579,-1.828145961401918
-0.007985757562558973,0.015030930529404213,-0.00697143592034384,0.002787044716348171,0.11237880624662933,2.8068332994040017,1.7607485607305489,-1.8771865365324205
-0.007249036493364978,0.014840528063320459,-0.006291694689078663,0.0035742177391792714,0.015066421384213989,2.967211697913754,1.065174567496001,-2.139387119518407
-0.007178492855747807,0.01486599709816231,-0.006175398136462268,0.00357972114931215,0.004734230654090372,2.907291503796456,1.0123225894175292,-2.1139308926835523
-0.007299897987182164,0.014885329223304433,-0.006312735693589206,0.003486823271623841,0.02121856467197671,2.925199303711985,1.1182551312273274,-2.10508011845523
-0.007337546543185152,0.014928349849389237,-0.006316723511149136,0.0034095836092336526,0.02477556279025624,2.8799833176134375,1.1578235312161758,-2.0709524671113813
-0.007391844220774467,0.014941900028177399,-0.006370690068609699,0.0033588984316230606,0.03241108975807049,2.8770547855687707,1.2065267885450401,-2.059472368945922
-0.007454408657032492,0.014958138926827718,-0.00643104661393198,0.00329803758505991,0.04041961374063449,2.8703232034837325,1.2632804741364945,-2.043525040251705
-0.007603952955913128,0.014969416296715823,-0.006601981531106375,0.003179039476309119,0.06173549229204711,2.8833119209934606,1.3996337306195914,-2.020333843254836
-0.007524469080442302,0.014968160770873354,-0.006506264412665803,0.0032378767261594748,0.05009925383542646,2.8713751541416297,1.3266893443265848,-2.0301664344639505
-0.007773107622908807,0.014980439976706623,-0.006792269459005269,0.0030329595557954947,0.08615900458284768,2.8856941340250617,1.560124901736932,-1.9812978626392608
-0.007716488304712603,0.014994912069555345,-0.0067069417984868636,0.00306179706983152,0.07652350084040717,2.860219172946764,1.5047065630133167,-1.9806444140879176
-0.007658867096745259,0.014997150883363505,-0.006635468416531796,0.003104179478663484,0.0676008652388644,2.851040902176148,1.4507182498100484,-1.9886713764523052
-0.007621695492651738,0.015025189773040227,-0.006558077090963522,0.0030988848320519023,0.060512623222484394,2.8076701171012717,1.4159169469983146,-1.9712542799488548
-0.007871729727113148,0.014994929750013682,-0.006889572702220248,0.002931608114865799,0.09957559680584582,2.8665923604721315,1.6550646320609985,-1.943913063375833
-0.00781213294857324,0.01502163635688557,-0.0067858521795809154,0.002951962892917087,0.08789240730250379,2.826334161309655,1.593530352698897,-1.9368916982714033
-0.008183739938448498,0.015087309687782796,-0.007105134277792919,0.0025325213565963287,0.13270291625546557,2.690542507901374,1.9377877893326139,-1.749573781149804
-0.008128112509546507,0.015091636106861678,-0.007041072421214046,0.0025840989378337104,0.12442277566458528,2.6957209082855886,1.8825161976093074,-1.7710346974871165
-0.008078298729114506,0.015093853482367388,-0.006985441324911883,0.0026305726090712603,0.11726373860503612,2.7012755526699377,1.8341225265137446,-1.789973354103228
-0.008146501626316761,0.01512476028960435,-0.007013145568107872,0.0025315110422808717,0.12217501686303514,2.6433529632302086,1.8890609471050568,-1.736289328967277
-0.008227399026978395,0.015115782360230208,-0.007108187538866142,0.002458549208568911,0.13417060709748396,2.637184083336909,1.9689512590670526,-1.7057091701575493
-0.008526767322660582,0.015138018926326127,-0.007357599558481392,0.002106376155974895,0.16703127031707185,2.4947480531285042,2.2387671193647987,-1.5155394892453355
-0.008478805988526265,0.015141028490608503,-0.00731005206918415,0.002159423815118977,0.1609965820187775,2.5120205474186243,2.193006784765401,-1.5445218498562234
-0.008266503756001844,0.015145466595062643,-0.007103488484015055,0.0023884249494092427,0.13487170535503942,2.582675926945075,1.9938366548253816,-1.6627259612629504
-0.008311111035544326,0.01511650527491503,-0.007190077228689115,0.002369374206933809,0.1448035433864785,2.611720395875206,2.048194044854664,-1.661972546846439
-0.008351913197407336,0.015135403567212262,-0.007200977951022615,0.002306904729006924,0.14678963062290742,2.5700879619630634,2.07805116416011,-1.6247666130310507
-0.008436816237968813,0.015142709708209712,-0.007269238459757586,0.0022057598692677943,0.15581648902980202,2.527285963143228,2.1533554686602723,-1.5695040240265536
-0.008396962334840729,0.015143015084410925,-0.007231901821970538,0.0022501182034064837,0.15112683569116084,2.5425313404524874,2.1162556026879895,-1.593164655589421
0.022285859503271343,0.023524471675118272,1.6275084681868477E-5,-1.4470456401849668E-5,-0.033161051525124885,-0.03827055127634626,-0.015425349194663639,0.03871125700346791
0.02153459934225116,0.025,0,0,-0.09446042058490108,0.0015976177017528609,-8.591582875009353E-4,-7.94941623712957E-4
-0.010134187272468231,0.015210209767586153,-0.007916468306811275,-2.0426746952429198E-4,0.22364584979281618,0.9042629380378059,3.0925914782532513,0.14759244067564523
-0.010238742714882867,0.01520834916960411,-0.00790757117529262,-3.627743111192534E-4,0.22154812623256678,0.775844414374158,3.1007993379617558,0.27268362495102433
-0.010171127347403046,0.015212423332550642,-0.007908750137392402,-2.600036778386641E-4,0.2223294753030223,0.8571680788129477,3.092845959273402,0.19132886273813887
-0.010209434601207797,0.015221342245628168,-0.00788742228987009,-3.167306051749961E-4,0.21936157605432055,0.8042364974152887,3.084128476818475,0.2352727192056206
-0.010271000925848952,0.015210628442908356,-0.007898027957590372,-4.1105003379248714E-4,0.2199638263944341,0.7342595586362349,3.0983330602821693,0.3105836251116734
-0.010304417620431123,0.015223975780619002,-0.007867004410357993,-4.58721847254733E-4,0.21608906227225874,0.6852737490360995,3.0818150227319556,0.3469512729473892
-0.010416153926229002,0.015246887022171259,-0.007799311600621728,-6.188136470556808E-4,0.20792655337323565,0.5358888318558955,3.047519909997168,0.47084857205629455
-0.010377158613883658,0.015234905032291163,-0.0078310529206186,-5.644382919216354E-4,0.2114977824677857,0.5895464363536841,3.065121041954392,0.42924885172128324
-0.010337901615417842,0.015230946267606287,-0.007847247995869012,-5.071866542887823E-4,0.21379123375478074,0.6400088498770931,3.0721807313031775,0.3845299107445123
-0.009850881609950261,0.015240673788736466,-0.007856630682084378,2.2274140039474575E-4,0.22034570071196632,1.2200553983659381,3.003847097169871,-0.18776470659633682
-0.009824517865407473,0.015268626385121978,-0.007801797136860529,2.588216172182486E-4,0.21426891828605274,1.2264718231295026,2.964368348333521,-0.21654227530090533
-0.009886807387243806,0.01524794460337043,-0.007846312767549725,1.6844028572564533E-4,0.218653820769141,1.1723493902449267,3.004917445797837,-0.14589985012926188
-0.009926592431972749,0.015249668024956628,-0.007845718859577818,1.0896253532159871E-4,0.2179425399944734,1.1246445248159065,3.0124357662321404,-0.09979059448974553
-0.009965967315410697,0.015240947259932294,-0.007863563733759425,5.037733509204156E-5,0.21976852862710325,1.0852456211126194,3.0310223350846806,-0.053891203956521146
-0.009797678015065384,0.015295503499782535,-0.0077489813278725445,2.947838860705451E-4,0.2083702584377173,1.2336598760623667,2.926296440251465,-0.24482000583515554
-0.009757929202810336,0.015292891878369606,-0.007747958430434547,3.530270947022401E-4,0.20869867356106117,1.2797002331301723,2.9167840278400923,-0.28941078218565436
-0.01003984832300477,0.015270039999709037,-0.007809717170556791,-5.978981846166082E-5,0.21269095682193848,0.976347871571968,3.0099354677146177,0.030665948606101324
-0.010001328362782528,0.015262529944816234,-0.007823919634681766,-2.7166483904761227E-6,0.21462127930351552,1.0270467510336532,3.0124445734576555,-0.013346903178832
-0.01011207993573276,0.015239625272488682,-0.007863030039272577,-1.6870663995247973E-4,0.21778717922025304,0.9112741886243724,3.0550483352160813,0.117640678001654
-0.010081186513420505,0.015268173797661625,-0.00781178377755533,-1.2106577218910101E-4,0.2124999996809031,0.928754279757128,3.017739767794211,0.07859040087350792
-0.010056586928325839,0.015301285507618374,-0.007751820437472112,-8.363198025312E-5,0.20611620656965188,0.9350192147960057,2.9760967350737255,0.047552394941375496
-0.009265859741164794,0.015273245785738743,-0.007630214085971656,0.001059946280234198,0.1999609960101461,1.7955031927739287,2.7072416871801304,-0.8147738721455368
-0.009150412773871667,0.015250599543244476,-0.0076128527830231765,0.001229407521911977,0.19859536727949886,1.9234412027214487,2.655236188990822,-0.9362285057884192
-0.009186927207196152,0.015269348704563812,-0.0075989170767450645,0.0011700075918035322,0.19660072717161234,1.8697772578290255,2.661919053507749,-0.8931607637580727
-0.009220407325554146,0.015274963735668636,-0.007605680094380603,0.0011215589887714533,0.197333870756863,1.834019430794809,2.677848504964663,-0.858529345137054
-0.008884507652849052,0.015161355063369433,-0.007603832642944551,0.0016412559019038078,0.19821073446608445,2.24877612246318,2.5345895130711615,-1.2252354842830424
-0.008996337023919299,0.01521354263405929,-0.007588127587124374,0.0014583485024967614,0.1960894386625803,2.0952693308906034,2.5789962735384075,-1.0971570289584227
-0.008962983465952689,0.015197929891825043,-0.007593829541695358,0.0015126668204359878,0.19678273949838523,2.1412866903952703,2.566867029567009,-1.1354028702199181
-0.00892566908283883,0.015182442008370774,-0.0075958583599502584,0.0015723827241915457,0.1971333650171694,2.190017553096006,2.5505648709913635,-1.1771357117533998
-0.009076159916160977,0.01522064561757227,-0.007624026574628971,0.0013468694349248408,0.20016531271028212,2.0226481809943864,2.6310655331564656,-1.0203599817963183
-0.009107386616609764,0.015248682618886244,-0.007592794246960035,0.0012887209833517324,0.19645420850597545,1.961797927422923,2.628070239750135,-0.9775894023617385
-0.009034339123000616,0.015232413577255091,-0.007578791865943643,0.0013961265141497496,0.19491932265196893,2.041192136122404,2.590858767286214,-1.0529309327004412
-0.008995897452636728,0.015245244986330585,-0.007533257636954023,0.0014392066758230472,0.1897735827530867,2.0546165494288244,2.5522667939865697,-1.0806267759603136
-0.009120174866237242,0.015294774202827238,-0.007519919823173103,0.0012464255003440587,0.1881468260191013,1.8954305761425927,2.595999865327339,-0.944310442915409
-0.008807044164128237,0.015173463398452552,-0.007527240692839888,0.0017331244159680109,0.1888654230513042,2.2850727996179168,2.4613705847353375,-1.282959724243743
-0.008845492202903983,0.015195159148518335,-0.007518491529952311,0.0016680682404302104,0.1878845469216227,2.2293290167726076,2.4764779892810327,-1.2379957250321032
-0.00853820722843857,0.015186018628613901,-0.007291562947348092,0.0020512704158405066,0.16018342547000763,2.4197699130462564,2.221222768948178,-1.4732736563438396
-0.008567428143611576,0.01521192371970171,-0.007275487038342839,0.0019954314101459946,0.15861069117023693,2.369160811074137,2.2316051889739157,-1.4356914594590953
-0.008689023195835822,0.015188244123246332,-0.007412336064434565,0.0018696235716396642,0.1748306485208815,2.3371873288707854,2.351150405136192,-1.365653451784472
-0.008642708538235256,0.015214217013022639,-0.007333406912924616,0.0019049319608834849,0.1658108212529944,2.3269688989661526,2.294664815890803,-1.3821244629883038
-0.008598198432151536,0.015237887797512855,-0.007259911675382951,0.0019382964985699914,0.1574068539881404,2.3180298152805956,2.242275008536551,-1.3972755556455316
-0.00876709180688186,0.015197243330467888,-0.007457660264531062,0.0017660044964381161,0.18062707590208957,2.2777206477282266,2.4107099179128073,-1.3000418469948432
-0.008723250665582114,0.015220762783949675,-0.00738577815372442,0.0018024881643163868,0.17221743415453336,2.27213381489223,2.3578454912276956,-1.318803821976802
-0.009305233098999926,0.015292434047427248,-0.00761387189777906,9.970618082499382E-4,0.19775063899803794,1.7381112213138732,2.7121271047395172,-0.7686295803577705
-0.00941640858776281,0.015295717897365044,-0.007652598352991174,8.411804909612982E-4,0.2013790294814892,1.6301626237339943,2.7695569204235078,-0.655347262185217
-0.009342120474435917,0.015309959345054932,-0.007598463480008144,9.388587768675182E-4,0.19577435954756986,1.684974519294671,2.7159722516082163,-0.7258133975570497
-0.009380608471357093,0.015327353744176639,-0.007583027180988528,8.790054723731767E-4,0.19376320929268834,1.6306987563918176,2.7198098173008987,-0.6816703302912092
-0.009455644933824395,0.015311170202207798,-0.007638932210646185,7.80732442594724E-4,0.19945267971480976,1.5760331372712197,2.773855020074992,-0.6104584675044578
-0.00952184849682023,0.015298703915742057,-0.007682658553241108,6.913671980972904E-4,0.20398563330912586,1.5229652587183253,2.8179427480928827,-0.5446082900433641
-0.0094908995768341,0.015318815412325333,-0.007636955980702104,7.2879563727947E-4,0.19879052939241532,1.533794850031681,2.783078322176946,-0.5719833329373871
-0.009723483531289278,0.015308809736538129,-0.007713114756207075,4.002130176964767E-4,0.20510592682989034,1.3031363009523715,2.8879331512506297,-0.32552910365042065
-0.009685395974279401,0.015327726040074185,-0.007671636019784084,4.512223954885309E-4,0.2010559354679938,1.326965407454814,2.8543410641962446,-0.36433606364313076
-0.009574167305934533,0.015308792442804626,-0.007679521365223372,6.141476469373237E-4,0.20282457374894008,1.459971926539289,2.8306243257538877,-0.4869050189916226
-0.009617000697147613,0.015327859895658512,-0.007656211626999236,5.484235928265628E-4,0.1999777834317843,1.3979953286455504,2.8283704400114527,-0.4375160720128107
-0.009652329312465499,0.015339732280489921,-0.007643096257860622,4.956504278326845E-4,0.19807098149038843,1.3507247493850825,2.829491988404379,-0.39785770926696457
-0.011046762366257172,0.015055477697332738,-0.00784624594686399,-0.0016243810929618095,0.21301215461961975,-0.20115830043553626,3.0781164057092023,1.283850960034407
-0.011030653501939804,0.015070759035044663,-0.007830186555056934,-0.0015912669424563402,0.21110820579750764,-0.18235506522962167,3.0686594320006377,1.255369290808286
-0.0110129130317983,0.01507164976392132,-0.00784051505379301,-0.0015656757922899466,0.21208178054722432,-0.1603565089731567,3.0768138718518134,1.2355912746728308
-0.010995122580102193,0.015086662692667488,-0.007825563966817667,-0.001530699732590282,0.21037438060696714,-0.13977327896396993,3.068030803763905,1.2057150371002499
-0.010975256366257973,0.015103065751260653,-0.007809228163589534,-0.0014921653456976744,0.20841210566181756,-0.1170105919918247,3.0584084271705954,1.1729733251038286
-0.01094823049104686,0.015103278138996735,-0.007825765864882277,-0.001453841628213582,0.21004051600645576,-0.08350764379238518,3.070934830374036,1.1434686253308657
-0.01088480070703952,0.01510263963470928,-0.007864970270288226,-0.0013636071102853663,0.21383440749087188,-0.0038830979847250574,3.0999286741634275,1.0738590971342423
-0.01091615242090009,0.015103612984428813,-0.007844703793015747,-0.0014079900282901103,0.21180852194093522,-0.043470614705191084,3.0851243627489144,1.1080115018736778
-0.010867375526894962,0.015129342244782533,-0.007826925629836843,-0.001323326397223592,0.20975681070511001,0.013015770987900618,3.0751327906796893,1.0379572895622131
-0.010846201202305656,0.015155649385042325,-0.007791567380903918,-0.0012786018734422576,0.2061056483823054,0.034141285225261775,3.0522788110532457,0.9989655195347963
-0.011069701090340523,0.015061748179797744,-0.007819201338746485,-0.0016521734995332495,0.21028607556666604,-0.23002969577093105,3.058187872247997,1.303625683628182
-0.011110232646854058,0.015049139417928264,-0.00781236681794649,-0.0017175534284950987,0.21016325403264616,-0.2794222428575217,3.0499800661846517,1.3560977423494336
-0.011093789973455328,0.01507305046990721,-0.00778238158231911,-0.001677618568534935,0.2068360117803074,-0.2601472146616813,3.0317108614453514,1.3205546361979488
-0.01126155253293727,0.01504531223263692,-0.007702582292039614,-0.0019255253353029091,0.2010978921827838,-0.4609465110311019,2.9602889278085347,1.5124382109218868
-0.01113860162888366,0.015051596654746367,-0.007787216451530168,-0.001754879071268771,0.20785811370083931,-0.3141382903693187,3.0305074367128686,1.3837268278879884
-0.011171606091650146,0.015044833980207948,-0.007774104983773346,-0.0018051122433116098,0.20703601115082762,-0.3540890912850284,3.0183011581449075,1.423006769722306
-0.011206288292354602,0.015047508822799954,-0.00774274137618786,-0.0018500248927691768,0.2042563745443671,-0.3956049110671295,2.9936408821379517,1.4559104644302137
-0.011236209998580843,0.015047558921807824,-0.007719093183090493,-0.001890067625429239,0.20239922996525297,-0.43106674103713366,2.9744104696594853,1.4856596567314837
-0.010813769233954811,0.015181347204571125,-0.0077629377511083415,-0.0012189801904941764,0.20317185609684613,0.06871222594548958,3.0341582184998748,0.9486770803511603
-0.010738224782140513,0.015174251064835626,-0.007813081508355206,-0.0011145729253324067,0.2082121559668507,0.16377527710439255,3.068185144988468,0.8684870024265731
-0.01070900519148201,0.015179347626247827,-0.007817451275841547,-0.001070017291984946,0.2086644848203743,0.19869241653628247,3.071009917294055,0.8329880399017552
-0.010767432690429901,0.01518721039996473,-0.007775745000179281,-0.0011502110492634312,0.2044119410675022,0.12420986414290905,3.0433093457807776,0.8944428378631076
-0.010675404601170398,0.015199336193674053,-0.007796182545898442,-0.0010126430043222283,0.20652352062810375,0.23442789815732046,3.0566273730778306,0.7854454987862259
-0.010494899999172906,0.015185838938116626,-0.007888789646076444,-7.52912016496826E-4,0.21705320751166993,0.4654807573480823,3.1113572454794682,0.5829662499618921
-0.010533075951152281,0.015182244522063806,-0.007882699707597696,-8.108940608181184E-4,0.21617700241542995,0.41875442577811295,3.1094184999096504,0.6290766034255287
-0.01060389212648181,0.015187663702116714,-0.007846696027792567,-9.13409817708746E-4,0.21188763409005446,0.3274906215265463,3.088442608194779,0.7090787485360301
-0.010571443887779265,0.015193303390718919,-0.007848647155038755,-8.636322381843466E-4,0.21218558375669325,0.36606628492061416,3.0885768262893265,0.6692445124276298
-0.010632364946312296,0.015201627035085577,-0.007809969532619309,-9.494142787093201E-4,0.2080380893651372,0.2870199263899806,3.0649354252661256,0.7356441445969085
-0.010474728834394653,0.015219736005704462,-0.00783256174187637,-7.124788423487848E-4,0.2111855126792229,0.475876711795262,3.0731831545714994,0.5473805834798587
-0.010453018740300015,0.015253123365692211,-0.007777895323607681,-6.7092991905775E-4,0.20540298664265033,0.487995906795536,3.036089539751259,0.5111882681920008
-0.01310163308438039,0.01392171801763934,-0.006536080048424205,-0.005169304823845722,0.25752853576690454,-2.5116683852904784,1.3912102864943963,3.7771358442093845
-0.01310411777190107,0.013937457767637431,-0.006521075241203847,-0.005140874925048931,0.24862110729074657,-2.496945115738295,1.3936447705947295,3.747105795833059
-0.013113938152874599,0.01391195464954183,-0.006519817868332813,-0.005189800434612608,0.25745789471173536,-2.520556069983116,1.3717115266965747,3.7862869484901744
-0.01311644425883995,0.01392769736036902,-0.006504931928721252,-0.0051613106383361675,0.2494873079125202,-2.5058066571309356,1.3742685984214875,3.756293582272805
-0.013187119036995118,0.013852566968142578,-0.006420837042292877,-0.005311770157934839,0.2613138371189774,-2.571228739536086,1.253198736708316,3.8384639279312616
-0.01317500014913975,0.013862560556543104,-0.006437508295179445,-0.005291553522139159,0.25960030655102007,-2.563131664378326,1.2731628375789306,3.830058953900705
-0.013190019101377836,0.013868307221094172,-0.006406280581544926,-0.005282916382793116,0.2534015740921914,-2.55635585064558,1.2565634021455991,3.8085304195921377
-0.013162849930815514,0.01387251601870674,-0.006454100020147987,-0.005271304049713435,0.2592157744962947,-2.5548785379157657,1.293022303635406,3.821590266841897
-0.013177809785913009,0.013878296723260727,-0.0064229274674759565,-0.005262785436648164,0.25291676590023354,-2.548241338714885,1.2763319131956916,3.800183550264815
-0.013150668501838894,0.013882433256544183,-0.006470618813481569,-0.005251013800674075,0.25944949404806855,-2.5464876456071375,1.3127801724510493,3.8129955018890613
-0.01316558263248461,0.013888241751992643,-0.006439491171226858,-0.005242612791799771,0.2521442866496674,-2.540007770635937,1.296035415199131,3.7916916216721437
-0.013138455982275532,0.01389231217238789,-0.0064870792541218995,-0.005230664934206282,0.25905969228892295,-2.5379712936121206,1.332476636327997,3.804231340832365
-0.01315334315129219,0.013898162940770549,-0.0064559502989578734,-0.005222364771787949,0.2513630608492549,-2.531640127434201,1.3156820312968536,3.7830261189963417
-0.013126212492436515,0.013902152668993594,-0.006503482231424462,-0.005210256372266405,0.25811591713002296,-2.529327696794021,1.3521270031257882,3.7953175876424416
-0.01314107337944134,0.013908054898327459,-0.0064723383172054305,-0.005202049563262547,0.250759109277128,-2.5231452357307282,1.335277471897121,3.7742254790062546
-0.013128767913688708,0.013917901297077805,-0.006488674511716279,-0.005181694654881344,0.2501968525323938,-2.5145344710139947,1.3548120573389915,3.765319744319608
-0.013106858152710154,0.013953404300222794,-0.006505932031681499,-0.005112788930288054,0.2480683596562836,-2.482956170135274,1.3890437766744093,3.7195692438564385
-0.012787409834793545,0.014185283081096003,-0.00688643727508734,-0.004586356358891492,0.2348996316787151,-2.2233411417950744,1.848478956377887,3.4514858772604584
-0.012774103278040405,0.014193983699762573,-0.006901100529576354,-0.0045646944590204816,0.23437671705278063,-2.2114700990461373,1.8661529122014648,3.4393772178246746
-0.012775689552752567,0.014210499196441006,-0.006882960488584487,-0.004537422450716062,0.23081952156351707,-2.1980099675855214,1.8601674494498663,3.411264250853065
-0.012839335461520794,0.014149670572727752,-0.006829213068683453,-0.004672739923350984,0.23671210111613486,-2.269734094735096,1.7786708819783652,3.4996569416462404
-0.012826446008313968,0.01415850881891866,-0.0068436475914173825,-0.004651449457960321,0.23635098240833544,-2.258415696645717,1.7962002513363255,3.4879710163609974
-0.012813562008915176,0.014167434799236095,-0.0068578444725468255,-0.004629910492557573,0.23595754220290063,-2.2468943522476326,1.8135681517577866,3.4759613271170733
-0.012800575484485906,0.014176400824994046,-0.006872027202544417,-0.004608155300934222,0.23546721009161228,-2.2351782151739914,1.8309435846722153,3.463729206285811
-0.012932128280628766,0.014103777076714041,-0.006706650013534362,-0.004791836699589263,0.23626461398608475,-2.3316535312831435,1.647660677463895,3.5482542786994355
-0.012918896944564445,0.014112410640303911,-0.00672270871989148,-0.00477159878221235,0.23590524372045896,-2.321480237969667,1.6663323906432106,3.538395882755306
-0.012905823530963494,0.014121151347056209,-0.006738263927380621,-0.004751121216050023,0.23549683924255813,-2.311091700216959,1.6846593553196112,3.528098765666371
-0.012892975077223404,0.014130328490373144,-0.0067529182679466815,-0.004729866593969034,0.2349665121089032,-2.3002331044864017,1.7024816833140541,3.5168007548488176
-0.012880100689456558,0.014139587369807234,-0.006767395791243501,-0.004708356637639049,0.23443210391705452,-2.289163700834329,1.7202039495098573,3.5051890361950826
-0.012867050399742662,0.014148562705494708,-0.006782267658109021,-0.00468715916157529,0.2339768068383963,-2.2781576615758734,1.7381046807044809,3.4939181566665805
-0.012853991055136169,0.01415719787136034,-0.006797302619474087,-0.004666439283364043,0.23358437467589024,-2.2672983527801365,1.7559599324803365,3.4830283032888114
-0.012993748767781562,0.014039877597176948,-0.006647955817018173,-0.004926443768037658,0.24269886678333966,-2.3977557642791,1.559759543213614,3.631446828668139
-0.013094579045325244,0.01396320398917371,-0.006521649658040808,-0.005092259666234702,0.24749855104280227,-2.4739486400459647,1.408011188195971,3.7101254728427153
-0.013082225081921408,0.013972989964892152,-0.006537364668678652,-0.005071627759024749,0.24687411089134823,-2.4648012587060717,1.4269789141589462,3.7005452691116445
-0.013006580940812834,0.014030540844030883,-0.00663209685770364,-0.004947189510723778,0.24319659019239862,-2.4076240266278544,1.5408164564744184,3.6414764039809726
-0.01301941171535023,0.014021123039373834,-0.0066161541490424,-0.004967964259408479,0.2438139408932615,-2.4174056677467743,1.5217746737137299,3.651434331901776
-0.01303212091673465,0.014011575227086855,-0.006600374286922592,-0.004988820578181011,0.24445251798715417,-2.4271336276098805,1.5028140411704722,3.661460207517987
-0.013069770358591115,0.013982713075746847,-0.006553156382327527,-0.005050973942564003,0.24623305349204963,-2.455551698345758,1.445990549435617,3.690917976552098
-0.013057254204226659,0.013992364708454488,-0.0065689606911539826,-0.005030321363133615,0.24562067799860454,-2.4462076641535924,1.4649890456127752,3.681234865709032
-0.013044711826001221,0.014001974534881596,-0.006584694710244267,-0.005009625266872083,0.24504453769973952,-2.4367443421970765,1.4839212548037615,3.6714287575356894
-0.012945288573523263,0.014094745030682755,-0.006690896120248246,-0.004812627625655362,0.23669558954432793,-2.342002550765613,1.6290275958448588,3.5586011145060303
-0.01295824219687018,0.014085315664340138,-0.006675672291804081,-0.004833926419245079,0.2372219333860818,-2.352510096881175,1.6106174459895868,3.5694934818579696
-0.012995977698873456,0.014056283030338082,-0.006631634018356667,-0.004898108630952889,0.23907196028631802,-2.383657781759038,1.5563534817891223,3.6027279828081897
-0.012970925408019642,0.014075637301299675,-0.006660964491736821,-0.004855459999013808,0.2378230421313897,-2.3630470006513495,1.5925008934173508,3.580718057023946
-0.012983405067889179,0.014065865443449593,-0.006646530930888821,-0.0048769865075581065,0.23846831359897314,-2.373496424632821,1.5745629875650538,3.591995165059835
-0.012629167521720455,0.014304009891754095,-0.007034690240505623,-0.004297202972155834,0.22653708509412815,-2.061216239554081,2.0444348432187547,3.2704036446294524
-0.012642563946780809,0.01429554025752637,-0.007021517014880521,-0.004319510941548934,0.226911591945642,-2.074287246445206,2.028241488460903,3.2840223679935074
-0.01263125729583707,0.014321295167391375,-0.007013174236163625,-0.004270286775893062,0.22354536559457142,-2.048456270519779,2.0347293003968527,3.2424056325809123
-0.01261764270771471,0.014330554966581357,-0.007025550296704535,-0.004246585481487459,0.22300817095943445,-2.034651622335685,2.050575504248649,3.2274611422131656
-0.012682027911786888,0.014270222386312542,-0.006982161249157535,-0.00438529980788531,0.22811282594852278,-2.1123787056595833,1.979851008471021,3.3237536279263593
-0.012668999840857951,0.014278584105003675,-0.006995303357923393,-0.004363664776437494,0.2277098912075304,-2.0999180861061446,1.9959610859800139,3.3107959174478494
-0.012655887642560704,0.014287080261301854,-0.007008295039508076,-0.004341667795811234,0.2273098979716068,-2.0871945385872563,2.012011851126885,3.2974579270901487
-0.012777327798860984,0.014226883277996536,-0.006864840500432724,-0.004510572637674155,0.2279297232503323,-2.1849077925620803,1.853570648911827,3.3840242037984005
-0.01276487343829,0.014235958673528596,-0.006877240877325215,-0.004488817253871173,0.22740260704086693,-2.1730082712066583,1.8693855660610372,3.371076265244023
-0.01275187072818249,0.014245942430724717,-0.006889537266238004,-0.004465166183880507,0.2267222041039111,-2.160070696455079,1.8855924290587323,3.3565922970389823
-0.012737724279832295,0.014255051248296869,-0.006904408923441868,-0.004442271628225656,0.22632434968648543,-2.147300191931999,1.9035437833607245,3.3434992778795745
-0.012723635817964507,0.014263405326938062,-0.006919751082480496,-0.0044205540535885495,0.22601596825933143,-2.1350230617632655,1.9214930640537926,3.3314271434887037
-0.012709705431662699,0.014271112285970807,-0.006935314809924758,-0.0043998845524347635,0.22580683028225187,-2.1231886871984496,1.9392882108935312,3.320194454653118
-0.012696239827751329,0.014278311082694712,-0.006950475107278232,-0.0043802092149041886,0.22565236204841402,-2.111808965180827,1.9564669616173977,3.3095551188157484
-0.012507858157838456,0.014395168953079482,-0.007130249075329356,-0.004068403279669397,0.22064262327169412,-1.9268215200183725,2.1772247919855325,3.1169352706598503
-0.012521502147928592,0.014385885652895914,-0.00711919863804815,-0.00409284842504717,0.2211857209245012,-1.9415669905435242,2.1625872248730715,3.1332087407568214
-0.012508775615180483,0.014414250064897202,-0.007107191651280522,-0.004039150862459908,0.21726301661871825,-1.9129664854892574,2.166827294286087,3.0870392855788924
-0.012534640929134618,0.014377030614797975,-0.00710829080646162,-0.004116185204460429,0.22160676932607717,-1.9556310113508302,2.14827542007226,3.1486356292794935
-0.01254701942610887,0.014368272736990366,-0.007098320508733981,-0.004138773375171065,0.2221564802136178,-1.969093663575247,2.1348488503232765,3.163682013936175
-0.012560821523638615,0.01437465729144106,-0.0070693054361419955,-0.004138114343114579,0.21993582426252117,-1.9715547625291492,2.1126283666712387,3.1546229369624177
-0.01257405766330233,0.01437020397062391,-0.007053098557183346,-0.004154189191762908,0.2196273224038244,-1.9818967272607007,2.0960127693692496,3.1625720316196175
-0.012589052188064507,0.014364394408591984,-0.007035463002551202,-0.004173482826431545,0.21941960753034143,-1.9940308407849352,2.077440951597285,3.172577922011957
-0.012603890251322242,0.014357132572478224,-0.007019504923107032,-0.004194857687918709,0.21949048592709094,-2.007050040475201,2.0595783037609574,3.184667330032759
-0.012618849235187385,0.014349296968635359,-0.007003808838106762,-0.004217103775075636,0.21964510043821053,-2.0204218735439823,2.041646751873715,3.197466145826857
-0.013235278896327097,0.013812213328629513,-0.006353584996161745,-0.005392032217001556,0.2638287065006244,-2.60229250422298,1.1731052144535359,3.870893432789444
-0.01325028750529938,0.013817700075406345,-0.006322682973069674,-0.005382914966120479,0.25667031119268996,-2.5951487697271074,1.1570186891292573,3.848788729540957
-0.013223286523398868,0.01382235843270555,-0.006370478759351185,-0.00537206246341421,0.26424369586784957,-2.5946902006814545,1.19315861067303,3.8630451695103054
-0.013238299951594102,0.013827859782159517,-0.006339542117726128,-0.005363085701438634,0.2557998889036855,-2.587678208017182,1.1770037730735512,3.8410513002712565
-0.013211262343301559,0.01383246580708731,-0.00638731355791457,-0.005352035048646928,0.26428908227055925,-2.58698358154469,1.2131690964526796,3.855013010319962
-0.013226300896598847,0.013838004332696436,-0.00635629275947439,-0.005343164881077628,0.25486698522424645,-2.5800565047413015,1.1969475334479511,3.8331213617457185
-0.013199206474818056,0.013842535352014634,-0.006404100188653265,-0.005331937009237539,0.26327381394378846,-2.5791709564480128,1.2331831077260975,3.8468017315588194
-0.013202179030316528,0.013858251753028709,-0.006389617356091286,-0.005303040552039958,0.25369260708914076,-2.5643714386892076,1.2367344035215864,3.8168039329842394
-0.013214269414500863,0.013848140983987038,-0.006372966290132316,-0.005323139802973892,0.25412923101322044,-2.572281168807962,1.216858811841697,3.8250191445840733
-0.01343074392954661,0.013676563064155066,-0.0060488443837944305,-0.005644398128329256,0.26553728005840666,-2.676892080370871,0.8501545312520388,3.9200032738625095
-0.013419066681798588,0.013687222095818396,-0.0060667884214293906,-0.0056255649437574875,0.264818641208111,-2.6714862533703,0.8708409634643729,3.914523020833475
-0.013407371714724697,0.013697783649636473,-0.006084668183043916,-0.005606785283428554,0.264160313242271,-2.6659931630164295,0.891447534055727,3.9089881531245823
-0.013395717896376886,0.013708324756832627,-0.006102347786875766,-0.005587913476972997,0.26358519864581625,-2.6603330084357295,0.9119169605092923,3.9032242145184455
-0.013265542915033415,0.01382345050336018,-0.006291842270122618,-0.005373736344372443,0.25611047998943454,-2.5880436086256378,1.1343535630426398,3.8282719711611075
-0.01338413787512837,0.013718955683314061,-0.0061197233318126135,-0.005568746714943833,0.2629880062074044,-2.6544068440387423,0.9322308878702675,3.8970302656876945
-0.01327755296850605,0.01381323187548473,-0.006274869723089451,-0.005393364643486089,0.25681855771465584,-2.5952057633815397,1.1143641178449213,3.8356423656355516
-0.013289492892121264,0.013802866977312549,-0.006257958429219285,-0.005413137328062828,0.25754547120706217,-2.602340466301108,1.0943598427481278,3.843085080900963
-0.013372524578884916,0.01372964352827935,-0.006137000619584907,-0.005549354254364085,0.26226521109748185,-2.648273285301953,0.9525236276143855,3.8905586909121475
-0.013360741383739856,0.013740235176302677,-0.006154491417159055,-0.005530022578362786,0.2614748362763076,-2.6420937741145196,0.9729466975255993,3.884169019263595
-0.013301371176118598,0.01379242337102365,-0.006241056855743012,-0.005432932207106869,0.25821490744311526,-2.609388785467629,1.0743348190945665,3.8504860285076634
-0.013348844234581804,0.013750703830864753,-0.0061721068413543275,-0.005510795660400151,0.26075703492283786,-2.6358714555435037,0.9934245988958544,3.8778465090473007
-0.013336965509487911,0.013761142757513889,-0.006189565675789879,-0.005491498003402856,0.2601157372654502,-2.629497532609923,1.0137943983373026,3.8713299207352385
-0.013313244736013854,0.013781991855868073,-0.0062240177101175395,-0.005452584646211845,0.25884181072400186,-2.6162615983216075,1.0542270432001197,3.8576535411917305
-0.013325113893627491,0.013771576983606586,-0.006206840157131321,-0.005472084929953206,0.25947736036818636,-2.6229532684666483,1.0340427248091129,3.864578292963698
-0.013750556019033763,0.013306558565652453,-0.0055108961018930465,-0.006250766087179397,0.2938164944572219,-2.807663735795351,0.20544566706348796,4.084466191955244
-0.013755866268347003,0.013321704643361647,-0.005500979466661996,-0.006219931720723145,0.2896584520634434,-2.794566519844757,0.21579961049911398,4.056607057930571
-0.013697951772594046,0.013407063177911538,-0.005606502965169216,-0.006085163231346377,0.2833085291965722,-2.7695790627623604,0.34683299747880686,4.017145790511539
-0.01368740114935559,0.013418840693344992,-0.005625261130662495,-0.006067127978032838,0.28259085160260494,-2.7670794281131563,0.3679621199352395,4.01428899651253
-0.013676757481414182,0.013430677230682727,-0.005644055961758717,-0.0060488847949446275,0.2817867484016861,-2.76440676557894,0.3891983626415357,4.011229658085259
-0.013665981010327346,0.013442465919728537,-0.005662968150588351,-0.006030643060653369,0.2809446269008448,-2.7616590044026537,0.4105270250153012,4.008164112411375
-0.013442387580372717,0.013665800804700251,-0.006030865004540209,-0.005663296751140155,0.26627390870779927,-2.682219013013985,0.8294066835142031,3.9254512204255767
-0.013490827038345836,0.013579682470325219,-0.005966046248043411,-0.005817933307681193,0.278688172174155,-2.736357841992188,0.7188795710537713,4.009983675934045
-0.013506227791760314,0.013584177554647935,-0.0059357096617905294,-0.005806570367997719,0.2722238315823255,-2.726814729297237,0.7049022766733994,3.9855759919513116
-0.013479563897172276,0.01359063157195155,-0.005984269081531326,-0.005799187962121169,0.2796414330228551,-2.7316619184419917,0.7398841605819145,4.005129704880056
-0.013494957233770704,0.013595138074168211,-0.005953920354859525,-0.005787958299545189,0.27117549205737806,-2.7222382371015317,0.7258168763769274,3.9808283004139686
-0.013468266409335265,0.013601545239737611,-0.006002439053934219,-0.005780379023593703,0.2799896090569331,-2.726867053588165,0.7608659126282363,4.000052362833318
-0.013483697261337772,0.013606088529950959,-0.005971986432500903,-0.005769235629010519,0.27003104244878934,-2.717496007633514,0.74670664237149,3.9758464642690936
-0.013456934686954743,0.013612423365294984,-0.006020571074459149,-0.005761490933446127,0.2788861858109141,-2.7219845731221137,0.78188849946889,3.994771660121808
-0.013472415657172143,0.013617041881879734,-0.005989959833489985,-0.005750387461126528,0.26916284962647663,-2.7125857792730774,0.7675882955910879,3.9706659754881923
-0.013461067847810307,0.013627983522329648,-0.006007923212965129,-0.005731447161878125,0.26865874018937014,-2.707526940501118,0.7884639336327028,3.9653620036858483
-0.013521943588014791,0.01358895561499302,-0.005905338434489808,-0.005795063779153274,0.2713071735113941,-2.7164970517665754,0.6843924204487858,3.961472746817028
-0.013555560396308473,0.013555354948428154,-0.005850610035262177,-0.005850933653518762,0.2737459652711285,-2.7292834670418045,0.6216503270608054,3.974993824820721
-0.013544521320456181,0.0135666809377257,-0.005868648813606208,-0.005832171190036761,0.27298213503604346,-2.7250270798655456,0.6424627115081031,3.970345675191932
-0.013533306854874414,0.013577916993848893,-0.0058868979736576696,-0.005813484549415455,0.27212050983116226,-2.7207412945535734,0.6634012929212361,3.965796216418078
-0.013655090845574334,0.013454144393178434,-0.005681970392805178,-0.00601250883235608,0.28010127973895216,-2.7588691916677024,0.43188931201565467,4.005153654632175
-0.013566581152219462,0.013544108709719123,-0.005832454462932352,-0.00586942487414506,0.27438271283444254,-2.7333091038785273,0.6008353355630489,3.979314066410964
-0.01357765636717699,0.013532952016960453,-0.005814050032208375,-0.005887608266769164,0.2750165899190851,-2.737061685786108,0.5799362947780063,3.9832076859041483
-0.013588718289394272,0.01352178048615063,-0.005795545522001455,-0.0059056917910879645,0.2756985843343396,-2.740653105459162,0.558992363857243,3.98690753186391
-0.013644120817057638,0.013465693627841986,-0.005701005234135505,-0.005994504267765623,0.27925463246784227,-2.756033810957579,0.45323117780244754,4.002185987367624
-0.013633063354305522,0.013477076561286118,-0.005720095131409842,-0.0059766991210176415,0.2784057108138626,-2.753185372908762,0.47454063725312395,3.9993275821657
-0.013621934910837881,0.01348828877803472,-0.005739215397525691,-0.005959095254617293,0.2776201921760931,-2.750319024792857,0.4957987981135828,3.996567720891179
-0.013610808042257658,0.01349941991810931,-0.0057582226006442005,-0.005941504532456829,0.27695581842589606,-2.7473301349465604,0.5169671347918182,3.9936903906857073
-0.01359974660590639,0.013510580919125888,-0.005776980901604711,-0.005923704768409996,0.2763504522005035,-2.7441040090245488,0.5380191615099491,3.9904602889164713
-0.01345400702278164,0.013654937106317317,-0.006012829932665082,-0.005682256750727941,0.26704170222235146,-2.687460521014501,0.8085858698401144,3.9308508501186963
-0.013465559997785433,0.01364395689515066,-0.005994819771370177,-0.005701311710338223,0.26785804314141726,-2.6926409978171075,0.7877466364812128,3.9362630797834828
-0.013708452243366427,0.013395400081817386,-0.005587702241774013,-0.006102873483924218,0.28395090304818543,-2.7718453452656036,0.3257929510762057,4.019675401402433
-0.013718980605949643,0.013383841235259366,-0.005568721149316316,-0.0061202475094112715,0.2845642214941206,-2.7738426774536715,0.3047446350257809,4.021794862463132
-0.013761280645591234,0.013337096734772798,-0.005491252629074205,-0.006189250810712873,0.287371067249997,-2.780261156522157,0.2195980464368049,4.028391540053312
-0.013729585382726542,0.013372304991601058,-0.005549477855678491,-0.006137414857505259,0.28522826386446537,-2.7755991695365765,0.2835820484593166,4.02355151278758
-0.013750749275916956,0.013348906178411684,-0.00551072110556441,-0.006171960936429102,0.2867216637294621,-2.7788206410606464,0.24097973834776262,4.026868670772366
-0.013740200316011001,0.013360670650220494,-0.005530098665560369,-0.006154622716183725,0.28597664643236126,-2.777236470701551,0.2623062076341483,4.025194953001189
-0.013822358432705554,0.013223286523398867,-0.005372071080813054,-0.0063704712658884536,0.30191113289658056,-2.81285655873875,0.053799582385734256,4.090994857768087
-0.013812213328629513,0.013235278896327097,-0.005392046823464186,-0.006353572709310223,0.30152786178754626,-2.812375013284592,0.07535434768001799,4.090584027566007
-0.013827870505802855,0.013238195488190241,-0.005363105888055061,-0.0063396750295615706,0.29433179279994287,-2.800884835291803,0.06518722037086598,4.063500718093942
-0.013838025435228362,0.01322619940474619,-0.005343169440513828,-0.006356415033712057,0.29505953816279423,-2.801149809623968,0.04370811094523593,4.063805334668159
-0.01383246580708731,0.013211262343301557,-0.005352027350216719,-0.006387319771697787,0.3029095733000704,-2.8131691176778357,0.032187462314684966,4.091264049457938
-0.013848147137016667,0.013214149450083494,-0.0053231709957745725,-0.0063731280426057935,0.2957406105915176,-2.8012879176447467,0.022204454080958058,4.063986909709642
-0.013842535352014636,0.013199206474818056,-0.005331930258539446,-0.006404105805900455,0.3038234561833262,-2.8133216095951874,0.010553777091802751,4.091391505447443
-0.01385822900519687,0.01320205709022533,-0.005303121991586924,-0.0063897979162109925,0.2964291240864783,-2.801294294367412,6.852655460753502E-4,4.064040422513319
-0.013852566968142575,0.013187119036995118,-0.005311785362309237,-0.006420824663058663,0.3046040478286577,-2.813328968761138,-0.011082942954832198,4.0913699283441325
-0.01386827529637164,0.013189927773233518,-0.005283014361437871,-0.006406413441401579,0.2972239373317847,-2.8011663880570414,-0.020841777746241612,4.063960243024913
-0.013862560556543106,0.013175000149139745,-0.005291598748337908,-0.0064374712797549615,0.3046218242265934,-2.813198398213471,-0.03271193421553743,4.091167950925841
-0.013878304644842415,0.013177772837759316,-0.005262817613675196,-0.006422943284567855,0.2981529372743137,-2.800895520302521,-0.04236357208179408,4.063705283361334
-0.013872516018706739,0.013162849930815514,-0.005271358781483905,-0.006454055219313019,0.3044354148931706,-2.8129096032838086,-0.054363582538541094,4.090778882919815
-0.013882433256544183,0.01315066850183889,-0.005251043403522539,-0.006470594484070331,0.3057326841229469,-2.812425518633216,-0.07608170770473863,4.090267126825787
-0.01388832395682673,0.013165587275773808,-0.0052425206477295415,-0.006439389811733791,0.2988750680010605,-2.800480940157034,-0.06388299198852056,4.063255368702449
-0.014020845287963062,0.013019027810075025,-0.004968351435291633,-0.0066170245273109015,0.30590892514390206,-2.769585740870674,-0.3355556246762632,4.018597871836625
-0.014011337955636569,0.013031598744903646,-0.004989101244652861,-0.006601459633661583,0.30524985316123837,-2.7717584943307756,-0.31430879113935967,4.020836796369938
-0.013921718017639338,0.013101633084380388,-0.005169308975196109,-0.0065360768748758775,0.30945900595149456,-2.809066846824773,-0.1627113851151732,4.087206346838063
-0.013937516930020218,0.013104078264875694,-0.00514081630694145,-0.006521064357126333,0.3023063455141466,-2.796501387442668,-0.171552007071472,4.059417051087592
-0.013911954649541829,0.013113938152874599,-0.005189789866144157,-0.006519826482649042,0.3103377320495922,-2.810044541785387,-0.1411576958045735,4.088231198374749
-0.013927761181040313,0.013116392266023708,-0.00516124068559974,-0.006504938709642499,0.30121901284810176,-2.7975969586126364,-0.1500853543770251,4.06050603161713
-0.013902152668993601,0.01312621249243652,-0.005210235510330288,-0.00650349899483539,0.31019685113335105,-2.810937285111921,-0.11954637287236959,4.089042355528529
-0.013917998064600458,0.013128711500287408,-0.0051815679403374275,-0.006488666554091423,0.30016386778137877,-2.7985274967827896,-0.12856577939818092,4.061370191200589
-0.013892312172387889,0.013138455982275529,-0.005230658676403624,-0.006487084077506334,0.30832004725699685,-2.811748897908412,-0.09783850797146915,4.089695371309203
-0.01390819020686306,0.013141040139670657,-0.0052018608061411,-0.006472265683079814,0.2994880879812067,-2.7993008026288595,-0.10699880402610538,4.062066463619678
-0.013898299341612732,0.013153344262021633,-0.005222178905386444,-0.006455819340972884,0.2991980516598292,-2.7999448817993238,-0.08542600578504862,4.062684185380321
-0.013953634948273466,0.013106778290553811,-0.005112363417121024,-0.006505910136070418,0.3010155188070715,-2.7815508114386023,-0.18638896309817762,4.030543218220493
-0.013963481544879702,0.013094459815559211,-0.005091742208758362,-0.006521662982111705,0.301722478339197,-2.7800835249383713,-0.20774029594505602,4.028920587734003
-0.014001816726655238,0.013044138240652174,-0.005009756741064193,-0.0065858146269238485,0.30462983936729354,-2.7737723241014867,-0.2930729964968824,4.02289261279502
-0.013973267861424533,0.01308199580930996,-0.005071084421337842,-0.006537571243949003,0.30251623918554676,-2.7785583099911952,-0.2291581792379258,4.027320432845655
-0.01399235945677616,0.013056733200094874,-0.005030202518002247,-0.006569880173214727,0.3040154756419278,-2.7755180385252287,-0.27184120521168426,4.0245418074891
-0.01398289256424827,0.013069390934623183,-0.005050567493241432,-0.006553696222680208,0.30331065150146186,-2.7770528947140627,-0.25054714795877503,4.025895643195583
-0.014042488018216163,0.012966291883075074,-0.004912380933795194,-0.0066945853279994786,0.31012749074654317,-2.775221791420378,-0.4073672638631099,4.037804759510234
-0.014035832164153966,0.01295161968125643,-0.004919308636958835,-0.00672625096645518,0.3164032979050882,-2.7860572097354246,-0.4215333826196542,4.063359119445831
-0.014030305761206936,0.013006427962266484,-0.004947566255716309,-0.006632528288542734,0.3065299292736707,-2.767281178916976,-0.3567855760854683,4.016230008223402
-0.014039792016991843,0.012993852772986113,-0.004926635091874471,-0.0066478209910618815,0.307101616990775,-2.7647564946212095,-0.37801023732233446,4.013556541777606
-0.014049337155659284,0.01298127133135111,-0.00490549216494749,-0.006662930222465674,0.30772270537042434,-2.761996631300659,-0.39928001149912357,4.010552638598832
-0.01413540329229132,0.012810416269897769,-0.004683988331382806,-0.006892191895076228,0.32307278764467084,-2.7471546001947993,-0.6565624191111654,4.02368686161624
-0.014151388908062794,0.012811789863176777,-0.004656634796702739,-0.006875112444239918,0.31793100696954874,-2.733000721744172,-0.6623983985930099,3.9947289729328364
-0.014144212153727343,0.012797410521339082,-0.004662320004349095,-0.0069068680028634205,0.3232365569802246,-2.742875767653777,-0.6777194625536734,4.0191056526056945
-0.014160252617206584,0.012798781235813038,-0.0046349558791531085,-0.006889589261939535,0.3184760894278122,-2.728566004918989,-0.6834009149873929,3.9901054701529937
-0.014152980117106464,0.012784377156011448,-0.004640588020285835,-0.006921487880038792,0.3242000120252245,-2.738364589756999,-0.6989242133566139,4.01437169988728
-0.01416906922353723,0.01278572575651143,-0.004613233601721713,-0.006904033329013181,0.31885187748796845,-2.72403195188994,-0.7043766832180283,3.9853718531543145
-0.014161707094251574,0.012771316304873211,-0.0046187992577812744,-0.006936046729842895,0.32559546593386357,-2.73361353819052,-0.7201724751127685,4.009512073012627
-0.014230036994013361,0.012665855778034214,-0.004443018395005402,-0.00704993884787693,0.3317662736593274,-2.690993896091154,-0.8886074623071417,3.9664760997051665
-0.014221641019906124,0.012679131780828632,-0.004465167445790416,-0.007035931456855537,0.32998633509786673,-2.6967748413604404,-0.8676703928058104,3.9723929877824964
-0.01423768881867505,0.012679909229680186,-0.004438323138875113,-0.007018165187851804,0.32314819435881864,-2.6830467935657434,-0.8716461631906752,3.94330934698258
-0.014287635004878955,0.012572194795293824,-0.004286965513537104,-0.0071459064088711145,0.3331723561001781,-2.6475471318060824,-1.0332521423883965,3.9215299343709358
-0.014303632731985193,0.012572697270402904,-0.004260764394502841,-0.007127403528666952,0.3279559001475873,-2.633151543201693,-1.036320513024329,3.89215483128265
-0.014295694626951433,0.012558712111977538,-0.004264490426914142,-0.007159341520786203,0.3335791342381615,-2.640769986452488,-1.0537809121193285,3.9144176254134533
-0.014279533055242138,0.012585652109060668,-0.004309379753824712,-0.007132411898138379,0.3336610862313527,-2.654103161722804,-1.0127474602496425,3.9284717143771384
-0.014295486445269708,0.012586152467522307,-0.004283164233174275,-0.0071141036288071835,0.3273485364695019,-2.6398530257145247,-1.015964285762548,3.899103338569486
-0.014271388858033657,0.01259908392005067,-0.004331749189942549,-0.0071188484339525055,0.3339529648477016,-2.6604938316138935,-0.9922181184106855,3.9352164705388066
-0.014287321817498448,0.012599587575602526,-0.004305490155995435,-0.007100698393174704,0.32660702349182363,-2.646438409745144,-0.9955316429367914,3.9058841924625978
-0.014263202493758266,0.012612490095141668,-0.004354075866994393,-0.007105214835148203,0.3341548405017982,-2.6667566047581475,-0.9716462686984709,3.941777865273043
-0.014279138063306579,0.012613001006877893,-0.004327740350439813,-0.007087193201167155,0.3258761174464509,-2.652896603369957,-0.9750357233795762,3.9125039932727828
-0.014254974043432976,0.012625870501321728,-0.004376357658932562,-0.007091512403010417,0.3345491866711013,-2.672920418661364,-0.9510227875632603,3.948167786342445
-0.014270933307194193,0.012626393375077148,-0.0043499178019560875,-0.007073589868858321,0.3250887177843343,-2.6592146430729535,-0.9544805083477083,3.9189583887653208
-0.014246703588587152,0.0126392250056941,-0.004398603472864202,-0.007077735569971075,0.33457139556048987,-2.6790160623184884,-0.9303183442186974,3.9543938306655932
-0.014262705341335313,0.012639779850123099,-0.004372035160733326,-0.007059866742347006,0.3242936943689972,-2.66538390077887,-0.9338518090731839,3.925237332362379
-0.014238391211262554,0.012652553475482135,-0.004420823963025112,-0.007063877598869054,0.3336424594779697,-2.685052029437293,-0.9095090907445945,3.9604833060497513
-0.014254437901684631,0.01265317040172069,-0.004394122329624185,-0.007046024643909518,0.32367259427438094,-2.6714050377937704,-0.9131507286417243,3.9313605768553885
-0.01424610453102526,0.012666556332739278,-0.0044162149336433275,-0.007032103877584143,0.32333050457176693,-2.67728792559183,-0.8924022617174331,3.9373715919969956
-0.014295311637335327,0.0126136401863403,-0.004301578277365699,-0.007069315869766662,0.32452075719290874,-2.635426749737423,-0.9838658649367468,3.881239781693514
0.015134353419441821,-0.010173808237079238,2.7289562926030667E-4,0.008057140308596791,0.2861423305732655,-0.21174705831079293,-3.105380426478924,1.31549484288813
0.015146747393299445,-0.0101496914854389,2.3390196614842335E-4,0.008035880935807567,0.2831187427704922,-0.18112040325775206,-3.0988080068078863,1.2749325886721472
0.015150567538809988,-0.010121995431222941,1.9042317005019558E-4,0.00803101909965206,0.2818045785522146,-0.14723939775144526,-3.1029033299354554,1.2383624593633058
0.015160473185976053,-0.010094221881227312,1.4655901449464563E-4,0.00801396158184362,0.27925829390991,-0.11285183542155865,-3.099306983417584,1.1961209675684392
0.015168792230156259,-0.010068390896058564,1.0611691540962869E-4,0.00799936961742985,0.27709948088991937,-0.08110324041283329,-3.0964640113403674,1.1577367916645678
0.015176236418910454,-0.010043321505075739,6.715648630957818E-5,0.007986007539423459,0.27503924386601586,-0.050514423898862564,-3.0939842123455192,1.121210267800279
0.015178823133817704,-0.010018954573554242,2.95528281030276E-5,0.007981495148344786,0.2740711883358673,-0.021046955703463918,-3.0966163030602467,1.0897196217980127
0.015184127390612985,-0.00999498527767249,-7.337234732450137E-6,0.007971404477632673,0.272583319238256,0.008021133622101115,-3.095503321626944,1.0563193785394167
0.015188359248854614,-0.009954869639947659,-6.884698338375335E-5,0.007962530001468125,0.27098782269971583,0.05640423867138269,-3.09829998947645,1.0043594623068441
0.015192947971236617,-0.009975911926959487,-3.6475061928921124E-5,0.007954375503059729,0.2703763880579588,0.031034313280157162,-3.088894939312356,1.026091519359832
0.015203928384362598,-0.009939176691079703,-9.222061410785931E-5,0.007932383104699327,0.2676882852175479,0.07494462675263167,-3.0825110083385314,0.9730881348985407
0.015124540703645757,-0.010384231281277433,6.026216840573274E-4,0.008036357579726094,0.29128130480874753,-0.46508286893618755,-3.030507496008671,1.568547819218049
0.015161177362927207,-0.010193911064049857,3.008833840536875E-4,0.008003226090987187,0.28102460440998517,-0.23260627201005366,-3.0673176789562966,1.3132079237891146
0.015154445130021565,-0.010219067879622444,3.40712016169748E-4,0.008012648382272447,0.2827787329946108,-0.2635580422555559,-3.0661471207794704,1.3490314275009736
0.015145620888042829,-0.010243171429106994,3.794242993163027E-4,0.008025820874041896,0.2850119512236135,-0.29370994751526475,-3.0673097133560816,1.3857991155488885
0.015148236108009482,-0.010265162603830267,4.130596398846112E-4,0.00801709322332442,0.28481452857060846,-0.31943786942366387,-3.0557849667498522,1.4085220320603078
0.015136061593661326,-0.010361778047101653,5.650068719863162E-4,0.008020029974221236,0.28857630013431396,-0.43595848595154196,-3.02823245746688,1.530892605661547
0.01514174683031768,-0.010340564743788784,5.309219518296514E-4,0.008014198957747755,0.2871417001091486,-0.40978571879991543,-3.0314768824561984,1.5010174712407103
0.015149571015959968,-0.010283735668608691,4.4153692007904856E-4,0.008011144824582088,0.2847689317623985,-0.3411944257375286,-3.046841330373575,1.4284239555594491
0.015149097734807045,-0.010302944263893658,4.712876297977979E-4,0.008008286469216466,0.28514048847526147,-0.363948375031921,-3.03946304844224,1.450759467623848
0.015145763035928428,-0.010321829285009776,5.011226199712195E-4,0.00801069914476924,0.2860653078282828,-0.3868756866368925,-3.035179303246608,1.4756268086104873
0.015104053196315323,-0.010624532658821358,9.780206970256414E-4,0.007993208666207749,0.2967928424712581,-0.7459007618972504,-2.9195616061148146,1.8487859096758366
0.015122878972974927,-0.010647966491727487,0.0010052630309223506,0.007948084634785383,0.2925710715284327,-0.7641246696527625,-2.8858482041003466,1.8489407660197397
0.015114001443368916,-0.010597107698030593,9.324054348701798E-4,0.007985842275168601,0.29462818255183404,-0.7116655220523974,-2.926266471144874,1.8085987221253175
0.015119870418259473,-0.010566453111738098,8.836446142667734E-4,0.007986812049195997,0.29339176633230224,-0.6753736283101193,-2.9384945247560075,1.7699896955527428
0.01513042065427077,-0.010536650887700888,8.345255061921003E-4,0.007978016550132095,0.2909989749895798,-0.6383242463223816,-2.9446585700508554,1.7265010985846934
0.015133709304546387,-0.010509951650055862,7.92825323975616E-4,0.007981183157117521,0.29024258690985266,-0.6071738265703726,-2.9560698403757826,1.6946390531306033
0.015134423528544595,-0.01047719116482361,7.426898877410329E-4,0.007990658163104727,0.2899602438000341,-0.5698222783167605,-2.9729579169373603,1.6590525250865222
0.015143315828391036,-0.010455808099889954,7.072965463182179E-4,0.007980550134648899,0.28788792755653575,-0.5427690288119451,-2.9745779207919845,1.6260043007901732
0.015139081057247906,-0.010430560517222274,6.699767233229692E-4,0.007996022450097019,0.28863283789046196,-0.5150658135507334,-2.9919340855999317,1.6034555060758948
0.0151490669752388,-0.01040503993163043,6.28143482959973E-4,0.007984251646608017,0.2863205492796961,-0.482984796480141,-2.9936029620825066,1.5645890450729096
0.01515351611475565,-0.00980687785307789,-3.00047116323294E-4,0.008016696379965256,0.2734881116789855,0.23933875049937825,-3.16018427602514,0.8477195687117097
0.015157390990415659,-0.009785645444873845,-3.323571486100875E-4,0.00800625273437347,0.27221063402418993,0.2650084556552503,-3.1570270000590797,0.8182055640721563
0.01517822101413689,-0.009899469226486018,-1.5448971909351762E-4,0.007978924546549969,0.27140277334722546,0.12386224276686415,-3.119449000598042,0.9446348254297648
0.015179209678523252,-0.009874313948687834,-1.9309698897742537E-4,0.007975034608533311,0.27065679781361607,0.15440049010336476,-3.1216707344102583,0.9128829225573928
0.015171633124520452,-0.009824590225859941,-2.7037747689154977E-4,0.00798426960923642,0.2709039302395229,0.21562417111957807,-3.1363436125908204,0.8567992718769747
0.015178663348783582,-0.009849347643307726,-2.3150627115061005E-4,0.007973666113524026,0.2699937422767203,0.1848383111766935,-3.125285030508565,0.882398133872848
0.01520539464258451,-0.00991540367357719,-1.2832656230382864E-4,0.007928363582179793,0.26703524136333673,0.10337468020835543,-3.0845791829957396,0.943247937345637
0.01517337016237167,-0.009767528772574566,-3.577873032488134E-4,0.007972918026763386,0.26895886286802506,0.2851285295898394,-3.1383953300704053,0.7842220182809837
0.015185957109449737,-0.009726137721058552,-4.187999646604481E-4,0.007941826319861423,0.2655956688659629,0.333408813006457,-3.124693871886722,0.7242683266678888
0.015189477294744215,-0.00974734296534692,-3.859242141999515E-4,0.007938961112571367,0.26544554795756836,0.3072705302541163,-3.1197426827973227,0.7483493429248401
0.015186539718865941,-0.009670210538788474,-5.035250018298035E-4,0.007929237931085962,0.2639099700067659,0.4008488015949114,-3.1242748662031246,0.6540242618736148
0.015192458456015323,-0.00961099313729025,-5.913673876657309E-4,0.007903722005095492,0.2613479627713764,0.47076257033338714,-3.1149812042034584,0.576462889240759
0.015195680441792063,-0.00963935955210265,-5.479339684041845E-4,0.00790481764667647,0.26140228227107737,0.43606697327332794,-3.112339597743517,0.6100085695458839
0.015210084424105841,-0.009711628807710765,-4.3613410601559596E-4,0.00789355664935463,0.2608708759795211,0.34673217812552465,-3.0957148070857503,0.6910981888003511
0.015207307198644753,-0.009688477619824266,-4.714838992230613E-4,0.007894092138537626,0.26088843223656183,0.3748737913908271,-3.0991819024885303,0.6642252230713677
0.015206383023571461,-0.009588374111536017,-6.214527806703674E-4,0.007871578272718035,0.2584655162571314,0.4943081840068211,-3.096593994798452,0.5406333522860609
0.015220334720958567,-0.00955821668233679,-6.621852745321287E-4,0.007837076299169366,0.25527656496297274,0.5262212318500917,-3.0772889906248726,0.4960845406968863
0.015229434785210081,-0.009522081329473138,-7.12500815432347E-4,0.007809303486868687,0.2529250915011892,0.5658716014965767,-3.0626390441120677,0.44721941234656276
0.015190700016368333,-0.009090382912117115,-0.0013450096664546132,0.007685484257799837,0.24853785216648552,1.069515597465407,-2.9974257146739056,-0.06571552688660796
0.015198655033198576,-0.009051750955165496,-0.0013931097076841667,0.007648596671852334,0.24648049262017488,1.1062944269965804,-2.9723400604467938,-0.1131021930479434
0.015204309129715985,-0.009005332602768899,-0.0014522754501238436,0.007610271392236397,0.24474714768940473,1.1518103399681994,-2.945728622724613,-0.16852043855268142
0.0152333021752398,-0.008968637291774707,-0.001482625582443407,0.007537160475418753,0.23997937921433984,1.1715237458003325,-2.896347242561004,-0.2139958617320553
0.015209689312589975,-0.009161696836423965,-0.0012358626313341626,0.007691611494798064,0.24726170091439664,0.9818873174689092,-3.00180942830717,0.015541602409630996
0.015224016202850667,-0.009119284894459791,-0.0012864373763552617,0.0076430825154676805,0.2441152056166306,1.0201508202528886,-2.9698432760624907,-0.03797486449032566
0.015252383777090893,-0.009187705825975327,-0.001177674050542891,0.007629581544033801,0.24148743141122378,0.9322895288867629,-2.9610691946095553,0.03631361293426555
0.015214691341713509,-0.009456082074174456,-8.138986251246882E-4,0.007814338224322858,0.2535510425611749,0.6471875341327671,-3.0713148851349934,0.372898761253253
0.015227170662188127,-0.009425419112367807,-8.538656032925966E-4,0.007780221732748441,0.2507532165563677,0.678263730471283,-3.0511074966798826,0.3299475160096008
0.015236956830297617,-0.009392289028592675,-8.977697734057896E-4,0.007749679849796143,0.2484133070457459,0.7125490011742796,-3.0331946776682326,0.2857179285752531
0.01525107713941913,-0.00922380826837754,-0.0011286425335196553,0.0076499338199842734,0.242462719356167,0.8939595593570847,-2.9739576270765906,0.07914330485183235
0.015245953626202234,-0.00926192180620696,-0.0010781887773139585,0.007677298668205421,0.24399809720503793,0.854706818097868,-2.9910848807499613,0.12574923199588875
0.015235670986823952,-0.00929228210588758,-0.0010403793361213319,0.0077097086581363865,0.24644957801350165,0.8254915305079988,-3.011421807186344,0.16533157718190508
0.015240704681804905,-0.009359015240999307,-9.437426951875489E-4,0.007729500563562314,0.24710730039678794,0.7487734251622234,-3.021755454263436,0.24402042932564258
0.015241139147210932,-0.009323063675814558,-9.94504725202055E-4,0.007713522956410959,0.24597729257264841,0.7889042749534235,-3.0128382997475724,0.2005381561604688
0.015242738757807156,-0.009485466887615033,-7.614857646472693E-4,0.007773006922688688,0.2498072289853792,0.6041972559655929,-3.0420970910759304,0.3963680994691802
0.018037973749361925,0.01823139892081489,0.0012885570095071176,-0.0012482505092624985,0.005196749655106977,-0.6207494122872604,-0.032999259362455506,0.6664673274878693
0.01801054170740349,0.01734402982623147,0.0014267739377572973,-0.0015905790503281806,0.022478032188693806,-0.6994238281679221,0.03243936638291695,0.7583357894376296
0.018761154100232096,0.01828822849150468,0.0010357313550107216,-0.001119030794977673,0.016543935923130946,-0.5581846931792669,0.015251692406557193,0.5953800750079195
0.01871225787460025,0.019003583156913546,9.528340513083602E-4,-9.075277299192423E-4,-0.0011941633845857383,-0.5085208175353447,-0.029037914888076496,0.538693209035401
0.017856817464093778,0.0166276387795678,0.00157306470935074,-0.0019283845557406267,0.03289529440819053,-0.7757881322528188,0.09281134012442561,0.8497269452914608
0.018458961382633844,0.01690193836160141,0.001294850441362914,-0.001672338813806501,0.0366529556692557,-0.6838710161973722,0.10739792353778406,0.7413421454449519
0.01791114778010777,0.01583309289187583,0.0016032117749356695,-0.0022817921890787595,0.045300699743822385,-0.8243040930532216,0.20126324267950174,0.9121554251752819
0.01729907169779767,0.014519359445860894,0.0019087604513722942,-0.0032022975191681306,0.059944640594904626,-1.0044564089340973,0.4155855693129054,1.1514886437688239
0.01724504134243333,0.014152175457016473,0.001901457996384727,-0.003443644360786792,0.06617099150375783,-1.0222242645239346,0.5075521422904525,1.1862746679958756
0.017427995474848048,0.013821466781781467,0.0017441630266171963,-0.003537575121149876,0.06856289405043296,-0.9697187839002809,0.596477069368761,1.1313083535744584
0.017685833798173622,0.014800546754654843,0.0017134612718607445,-0.002880738491805427,0.05723727664578852,-0.9112925331906183,0.36930190956697473,1.0306037133270627
0.0181325860143712,0.015197232089036386,0.001504949636031697,-0.0025087327522776166,0.05533442673847431,-0.8164941878125475,0.31294656079034505,0.9097383128885802
0.017688436555910254,0.01345324767212711,0.00153049083470884,-0.0035838705716600976,0.07077477340216586,-0.8832304421653546,0.6839767884435207,1.0366632203103368
0.01721468083924503,0.012377341434867576,0.0014226428168015645,-0.004459097138064649,0.08622192415999617,-0.8654384245492931,1.0523115192089147,1.093342910967973
0.017465870952036756,0.012897136982180786,0.0014923592619495972,-0.004009680440695399,0.0772780829910099,-0.8831566109336935,0.8558388837072989,1.0692521857780042
0.01779727616536399,0.013109821713646703,0.0013932656421415878,-0.003684171858234733,0.0720032447954569,-0.8239467043374537,0.7630172490168897,0.9782906161899919
0.01752861556048469,0.012531954367340614,0.0013355192747883137,-0.00414027198724412,0.07915133018225612,-0.8082227042939644,0.9516024955239698,0.9986383625203913
0.01692300660559233,0.010905666870624995,6.882067940853803E-4,-0.0053087394649661305,0.10481094580213478,-0.4471824729475698,1.5755121937517202,0.7621880187280147
0.017211727356798965,0.012052469405105829,0.0012743973607943625,-0.004614134537814855,0.08918648406558181,-0.7897958295392177,1.1555021070186944,1.028426739187112
0.017146806567583946,0.011816637926199504,0.0011817406873146003,-0.004774051098375239,0.09313239881994731,-0.7401727641726844,1.2443272904824898,0.9954232064697776
0.017215275706010433,0.011570760963653908,0.0010203312368535639,-0.004806501995822245,0.09088155018246086,-0.6472087511116832,1.295537300909088,0.8992479689723313
0.017213841873079238,0.011282548868894966,8.53497402925473E-4,-0.004903902712573929,0.09150241215638732,-0.5479552138453166,1.3710156270941842,0.8048424306250789
0.017126253603947577,0.011038886877031438,7.26927002482201E-4,-0.005060161751322511,0.09620983583651876,-0.4695316440039369,1.460312405130029,0.745476798472593
0.016543192883890806,0.00979241529901008,-1.6933013383997868E-4,-0.005861967152731078,0.12364129269319046,0.13381187693745458,1.926941546528728,0.2748033634445652
0.016717720262405263,0.010395660109684235,3.3803389717216307E-4,-0.005636196165617107,0.11394441821851199,-0.21875341082984798,1.7746313735354382,0.5833975194012043
0.016744726167741773,0.010155883393574183,1.4119507969418072E-4,-0.005622756524061201,0.11268678555702684,-0.08341122647443662,1.7893043320446103,0.4434741557196417
0.01675421662749871,0.009912164129961295,-5.625573495133746E-5,-0.00561181400785788,0.11177594771180317,0.0537096511932842,1.7994955644838477,0.30420900746432733
0.01691500408238497,0.010627357262024996,4.884539389565329E-4,-0.005375642014220258,0.10534144649509493,-0.3176720228194018,1.6365395749153016,0.6374905622171813
0.016328563328352,0.009192521117076432,-7.448088531677244E-4,-0.006019211921726972,0.1363506361755784,0.5474998365183074,2.0152372024645633,-0.09057581408035735
0.016490486520165732,0.00954010154869087,-3.9720763047116183E-4,-0.005896246890540497,0.12604344601823744,0.29573551918058777,1.9521726141267697,0.1227000746701893
0.01652782934666364,0.009297846077068638,-5.983165251354288E-4,-0.005799297921757749,0.1223017311148714,0.43655548791260107,1.9045931609995634,-0.03343999917272145
0.015680126975728827,0.00760343215704612,-0.0024375066272897777,-0.005819389065052753,0.19201884146206616,1.6968302927166377,1.706492966742885,-1.156925970860007
0.015813949594852824,0.007682326251861349,-0.002270260346268595,-0.005748649348490235,0.17983908626929557,1.5768554103213317,1.69888318809813,-1.0706402874699308
0.016288640010373744,0.00898962158243099,-9.387962922497441E-4,-0.006000326816202281,0.1380996450952006,0.6849897252383316,1.9987345104451497,-0.22485463470111003
0.016299371516193713,0.008783411558355552,-0.0011116071516937816,-0.005902334932762539,0.13635087193886386,0.8025536932165881,1.9368687267477214,-0.35589102888847607
0.016269198290593347,0.008617744389259706,-0.0012627088050962895,-0.005861116641262122,0.13805197825024765,0.9061890684130357,1.9030159546643162,-0.45973814940055874
0.01592387114058951,0.007811692510410962,-0.002094809034350112,-0.005737477665220418,0.16891328954743826,1.461147311243211,1.724762222158579,-0.9742805816999299
0.015986219431776114,0.007980564100694632,-0.001928890007342527,-0.005797005946294132,0.16212137142279823,1.3587332586637448,1.7849823458576985,-0.8736342322542577
0.0160088404860825,0.008132210767694789,-0.0018010697461539392,-0.005878609475391487,0.15968744124525963,1.2803784218836936,1.850039757105241,-0.7892976073761001
0.016102032641343172,0.008252339492493732,-0.001647254541186544,-0.0058511765453901,0.14968675649343874,1.1710795352960848,1.85567746912073,-0.7000088510935228
0.016106350966838042,0.008410704656321375,-0.0015194777518272847,-0.0059428854793372255,0.1507228883934364,1.0908357186687994,1.9214281407573897,-0.6088201369623237
0.016226856698455413,0.008482605875216485,-0.0013936507328396396,-0.005840997245597426,0.14137899584811023,0.9965812596770964,1.8801563846157585,-0.5453832904351134
0.015665414876180894,0.007447924354587235,-0.0025483774796705816,-0.0056933861181097,0.1953259846666022,1.7482596392731986,1.6116202394969135,-1.223356219202443
0.015612229222510137,0.007289828016788918,-0.002689526718892669,-0.005596491340597218,0.20145461238320225,1.8194984518817758,1.5261326888073592,-1.2998069423899243
0.015549487610449868,0.007143664608389966,-0.0028277283636596096,-0.005511858949407449,0.21029540105105302,1.8887621617477226,1.4463765707820944,-1.37037780219857
0.015494042567797637,0.006984564194452129,-0.002960147971670927,-0.005400597399107331,0.2182600423787224,1.9453048925021854,1.3528690697361274,-1.4334139144867797
0.015403421073689357,0.006827689250824576,-0.003121194290319072,-0.005312036044551043,0.22855604189672138,2.0182314407674564,1.2641430471872377,-1.5052185910562215
0.011995367534059128,0.0036544836392443923,-0.00624389029990022,-0.0017327927555194098,0.3213266300915398,1.5288876627849308,-0.9980625949069669,-1.2065423963436797
0.014586218916399527,0.00609612290015992,-0.004267289532563189,-0.004960156781302877,0.33680992491900946,2.533020569242053,0.7323473697666474,-1.930044014023036
0.015359519692384303,0.006615336149250324,-0.003247245224369418,-0.005121650909089406,0.23420691719961467,2.042668637142478,1.1292013867972284,-1.5512506716960723
0.014739333003897851,0.006157243687253278,-0.00406977439947333,-0.004966740573099815,0.3140300459111785,2.4322946800745715,0.8025066249892084,-1.8591030630184076
0.015217549438014963,0.006482212217738571,-0.0034422940269137558,-0.005073986241361719,0.2517355377326151,2.135711251193067,1.0509910849971973,-1.628456281546476
0.015043478842773989,0.006397830292151188,-0.0036605241649912273,-0.0050877165276515665,0.27302800537254607,2.256149845595667,0.9933890518441838,-1.7176540224810226
0.014887785812762674,0.006261014439925576,-0.0038733334381113953,-0.005016565001903724,0.2942078688859869,2.3472151203053113,0.8912199480855364,-1.7927024671380518
0.014541415817545852,0.00596441584675258,-0.0043337701067107095,-0.0048129073927500815,0.3402466613295047,2.50760721335018,0.6362243857495712,-1.9257201875881371
0.01447633925286107,0.005862156847527918,-0.004419255843518347,-0.004708217398045237,0.3457916472270293,2.5060060332137373,0.5571446001806655,-1.9335100992615666
0.014460537446157969,0.005741702680323639,-0.004439991066815148,-0.004564595762837228,0.3442386645981868,2.4574373077804563,0.483824366527514,-1.9099502153060264
0.014396563363130908,0.005590506856549642,-0.004513928726846264,-0.004398221342836667,0.34712709617412635,2.421551605328385,0.38522089349326466,-1.8945174904331126
0.014300855334853412,0.005435760954772113,-0.004618182205203565,-0.004232820630870603,0.3530420407878812,2.3956694453698453,0.28005715373757933,-1.8843814792186642
0.012176814184200718,0.0038204260910160237,-0.00620997488707418,-0.001965971633473032,0.3473234583216129,1.6704521402482142,-0.9609749503840026,-1.3166196721415233
0.012373740274736334,0.003942162770983273,-0.006124369817035632,-0.002178888739745241,0.36390814218913903,1.7863162572443685,-0.8917345012139445,-1.4106730159995886
0.012502948203695137,0.004073291059742081,-0.0060876723414000035,-0.0023617613749494708,0.38156562814317513,1.8887326931404154,-0.8491861156758113,-1.4899012493357315
0.01266898447133583,0.0041201213110596034,-0.005965593423621031,-0.0024902416187928683,0.38060458715897116,1.938948124164323,-0.7654043095781596,-1.5373033182900084
0.012838122037753542,0.004208527907954741,-0.005853510556758039,-0.002650776240847992,0.386328733932439,2.0065192663696014,-0.6828000924387584,-1.594058587509678
0.012999004497009007,0.004315336886522721,-0.005748347740965384,-0.0028200808258266596,0.39058602313565244,2.0760341835297678,-0.6015155293303102,-1.6499022644888852
0.01310391303316262,0.0044472260033931645,-0.005701440656849646,-0.0029908176092023927,0.40141718810735505,2.157446005441895,-0.545828258206475,-1.7101975636645057
0.013274334901182044,0.00449296450824256,-0.005544791619465937,-0.0030932621413712735,0.39059721931998453,2.1692560984314038,-0.448641587427468,-1.72766123040096
0.013601069687866547,0.004704122815382646,-0.005271174749736243,-0.00339200182184713,0.38333081348853154,2.2425998773774363,-0.2549055638258566,-1.7873755617708442
0.013435536275637358,0.004583454258118739,-0.005409131285919889,-0.003230026520222551,0.38728694652353374,2.2020559386473875,-0.35559025539250216,-1.7554662503545393
0.014195777884736041,0.005298430093252181,-0.0047273674914712445,-0.0040857754122088025,0.3586812968546306,2.3753062122174935,0.183301204395919,-1.8758483184467643
0.014067833068495182,0.005202846121305832,-0.004863236961372399,-0.003983994102245362,0.37082505198235644,2.382840180987043,0.09442461460547062,-1.8825452889518353
0.013719426144543592,0.004597420500480575,-0.005114324610015439,-0.003295864496201075,0.35770896524693296,2.1493698465276996,-0.2106802513278499,-1.7294700834500507
0.013774913209988965,0.004714009152353908,-0.005086414500783495,-0.0034262329797092182,0.365008772112085,2.2018304339530697,-0.1667796590850669,-1.7643346872656445
0.013803204782022049,0.004842562402022465,-0.005088427159151395,-0.0035689162224406346,0.3721652693617507,2.2694207475984123,-0.12842239869558267,-1.8097988703289172
0.014010812807338813,0.005063038939954675,-0.004903922382387112,-0.0038244637075039597,0.36684468881838206,2.3255965856723715,0.023964204496404084,-1.8463967805732506
0.013904211467608178,0.004946164758195814,-0.005000216779636416,-0.0036908949398167233,0.37158314557385874,2.297312308210401,-0.05650468360878153,-1.8280738214066863
0.01135658818078408,-0.0032035539642680045,-0.006338769879141353,0.0010519401896410547,0.24256509094591716,1.0783954718804118,1.0764944487517782,-0.8408665222251608
0.011994964419349247,0.0034118659682304034,-0.006109113077051539,-0.001573409635263003,0.28856060061517524,1.4131198605231168,-0.922588297293195,-1.1342226519588758
0.011568592621996622,0.0032035701368110943,-0.00623789496053962,-0.0011920128798542694,0.25221091595738226,1.1708742370959533,-1.0083458630803654,-0.9300373944338868
0.011784718147519987,0.0032962374345115865,-0.006173246439574666,-0.0013772065453223766,0.2701869391161029,1.2916600006756227,-0.9659477895067862,-1.0329159880506682
0.013287326811759079,-0.005057908790697685,-0.005758408563926496,0.003730264987739714,0.47213617681845477,2.593853427133658,0.3884044415982683,-1.9960034891552247
0.013391743773644152,-0.005089237219883951,-0.00564380966882939,0.0037942691903900478,0.46059117770642716,2.5870201454370676,0.31347867107936456,-1.996252878964944
0.013155368148594098,-0.004857323454568976,-0.005826600415410459,0.003452728533719376,0.4586187665869668,2.456375161405638,0.502071850107408,-1.902971936334305
0.013259835564191693,-0.004937427371239476,-0.005740483676680384,0.0035784823800267458,0.45843391552618923,2.4989492269010105,0.42498304502095313,-1.935680868919699
0.013048367077152337,-0.004737254142560422,-0.005891641153161098,0.0032782854547688503,0.4520319736317363,2.3755764021638925,0.5790817497894238,-1.8455735502234438
0.013174344319416043,-0.0047239047920034525,-0.005746326323434742,0.0033087482949014898,0.4355505014387967,2.3467516608642214,0.4978149202432308,-1.8356162629197397
0.011637881343453775,-0.0031843722590657268,-0.0061922175455218,0.0012257093306100918,0.25353012935390534,1.1914540760724541,0.9781659416287009,-0.9519461523189893
0.011768354274565499,-0.0033689215193720467,-0.006223164889493863,0.001408590510612208,0.27872125776583095,1.315692462616896,0.9976796760892696,-1.0446658371569406
0.012119121009416317,-0.003945288059008733,-0.006327965015677943,0.00202370883584254,0.36732048285336955,1.7262796772601325,1.025999684375975,-1.344218558881442
0.011875487677145788,-0.003558867854718952,-0.006267265467904045,0.0015925001863372008,0.30553195663801797,1.4412582138583188,1.0192972783149747,-1.136810909954588
0.012025649780671341,-0.003750589250886021,-0.006279507368749265,0.0018188636845452094,0.33553218960235537,1.5885011806022626,1.013909715395899,-1.2475102337453856
0.012326203423558932,-0.003998897091144022,-0.0061951833138641004,0.0021973420176609813,0.3735745987294283,1.8100144784682255,0.9297461948405273,-1.4216389281367707
0.012464096091614885,-0.0041329159968854804,-0.00615432058390832,0.0023919385361645027,0.3913057663629466,1.9205553903701371,0.8826203992040168,-1.5064028433183034
0.012575991462469379,-0.004277269767080788,-0.006134164858442848,0.0025849974996584872,0.41168878942041026,2.0318069247659376,0.8440138487340146,-1.5878448777007164
0.012670663514125526,-0.004411763418383747,-0.006118250893298286,0.002764474209542244,0.4304692395037401,2.136244849731295,0.8057850203028109,-1.662976156773439
0.012973962127432521,-0.00460198150035195,-0.005907152687915618,0.003101956234193901,0.4377446088383217,2.2772610570072325,0.6276163964527798,-1.777728263757855
0.012875415320647097,-0.004520699504386512,-0.005970017957955025,0.0029744692557917857,0.4326266190296891,2.221480803552012,0.6861792898993146,-1.7347294547146102
0.012842569628826423,-0.004393437973635467,-0.0059394412067442235,0.0028309680918789503,0.41461939254628805,2.129464513082004,0.6972952783377592,-1.6738783108522617
0.013486367059988607,-0.0052370157879200775,-0.005580782643573471,0.003996387427785708,0.4651647461617281,2.67724938148652,0.21526688422343673,-2.0553226297392775
0.013525004474728151,-0.00533714089277005,-0.005566131420589852,0.0041304270954658495,0.4717189599312793,2.748062902686588,0.16011176434657368,-2.09925332338173
0.013592203601064919,-0.005421775911412605,-0.005505636494026535,0.0042491238279903755,0.4698649871265008,2.7890911985953157,0.08622038396703002,-2.124918784431752
0.013648669079653558,-0.005481262213528067,-0.005448705573973209,0.004332334195785374,0.4660956678875352,2.8101960892832465,0.026156294679059323,-2.1380621555658323
0.013660358973002574,-0.005555211296992421,-0.005454142291238458,0.004432537445397649,0.4727135099429423,2.8705240102890888,-0.012816708685749212,-2.1726398946428787
0.01378663914631209,-0.0057945240496615836,-0.005337062791437531,0.00476429463761492,0.4717387099266648,2.9993784862911688,-0.2159962709794651,-2.2423152929156784
0.013887506323532197,-0.005968512146531455,-0.00522179667923554,0.005003922483498264,0.46458951771142054,3.069339373599845,-0.38733138693247865,-2.2735236798286516
0.013949516062713002,-0.005980923103316249,-0.005132815234137084,0.005010446388697179,0.4515683747924467,3.022878821698972,-0.4282873243162927,-2.244962223479291
0.013824621691697994,-0.005845685153205536,-0.005292727025123324,0.004834155595096322,0.4680030674452645,3.014754993852101,-0.269510914888688,-2.248985929010645
0.013859776461351095,-0.005907053211738961,-0.005252769806184766,0.004918510807727281,0.46553461055530754,3.03977002661092,-0.32960695470207985,-2.260236462717504
0.01378518231836032,-0.005741996220215671,-0.005327900251050189,0.004689877235231587,0.46692152263699205,2.9526939560655885,-0.18470718514650203,-2.2170969501490667
0.013690240710078017,-0.005635540606871895,-0.005434923930843795,0.004543642160657643,0.47525799413622233,2.924715727291406,-0.06962852384562834,-2.2033476081434973
0.013743714523257556,-0.0056945441024005075,-0.0053751969271981885,0.0046252435902702956,0.47068803302767126,2.9405126457411757,-0.13349882384010356,-2.2114315931032262
0.0140120082989975,-0.0059625361544136755,-0.005040932911480941,0.004970771844933119,0.43692230673199156,2.9503096777418327,-0.44552508890728104,-2.2030548913865693
0.014060659994889903,-0.006022465094490965,-0.004976366265267851,0.005044663131452091,0.4305724570773842,2.9524457254344636,-0.5102166592747408,-2.199292496962848
0.014087956706621704,-0.006085626458700074,-0.004940749135578689,0.005127837519805189,0.42854994430929105,2.974463125376754,-0.569354711507165,-2.2066795127137735
0.014103589648105872,-0.0061538207250156135,-0.004920399080262656,0.005221997740690332,0.42883992516989605,3.009846382073069,-0.6294738956517296,-2.220828088399298
0.013511309101082343,-0.005103236552242265,-0.005503358420509024,0.0038345266513900777,0.4434726369534919,2.5548235185716064,0.23291496792551314,-1.9819829976461478
0.014589424205715332,-0.0070160154362674644,-0.0040363598536210235,0.006205379113611604,0.3455407855021128,2.85783847622448,-1.5518961433946947,-1.967144079044404
0.014631713545541323,-0.007057131893691666,-0.0039578028272782345,0.006227167914718981,0.33747773758884136,2.810286110722657,-1.589638503512074,-1.9288710203077246
0.014673537510328911,-0.007099630926545075,-0.003879039167514468,0.00624947320801563,0.33004035549660243,2.7623378403880987,-1.6274982667682831,-1.8898262848992837
0.014605476031154457,-0.006944888621846202,-0.00404306240604449,0.006090515159928144,0.34327648429872465,2.8225227132702195,-1.472020784257676,-1.9663484094969468
0.014530631463872724,-0.0068304495013000914,-0.004192110882400732,0.005985530892294314,0.357207931081746,2.8858818283261045,-1.3564886914065577,-2.0310194393169936
0.014594864313147798,-0.006866896643438435,-0.00408778682482916,0.0059886529052298075,0.34455066323150035,2.816746212451377,-1.3909815532539158,-1.9823366747355617
0.014458326007296298,-0.006725026725886256,-0.004329156309234992,0.00588430933483356,0.3707780333457561,2.938238609575062,-1.2459423849611457,-2.085303983809048
0.014527308042648396,-0.006754979284454524,-0.004220949113356868,0.005879686689338492,0.35736844367393966,2.8647928805763567,-1.278097528542238,-2.035882306519051
0.014363082753556786,-0.006597063993259751,-0.004499570676972372,0.005757127779228391,0.3882733628739374,2.9976321460053037,-1.1064339518161364,-2.146424089052204
0.014414678542507532,-0.006626538536690101,-0.004417486087174968,0.00576899671285304,0.37864108089497955,2.949386989833714,-1.142009843688623,-2.1120943352076336
0.01445977162510782,-0.006661389435151566,-0.00434368389938579,0.005791017591472713,0.3697393163100901,2.9107531785504586,-1.1808465046022447,-2.0822509372935403
0.014188629680300463,-0.006240603801911719,-0.004796133512785823,0.00531841686200523,0.41516972640181266,2.9838028007449178,-0.7325073013850973,-2.1948080387042044
0.014172884685671891,-0.006172659458781333,-0.004820115163512376,0.005225901233271151,0.415007801592357,2.9531835874140313,-0.6707247927253025,-2.1844924170075566
0.01424945825638404,-0.006253475929533236,-0.0047077576976615925,0.005312896619206455,0.40257755453476574,2.9284217833253123,-0.7626599118182337,-2.159634652057765
0.01436918617741409,-0.006517987703736279,-0.004505317261473094,0.005637585214618004,0.38601256706177706,2.950196230906887,-1.0291058992196953,-2.1328521902198676
0.014342260006884967,-0.006445068521659932,-0.0045557303170691045,0.005546173372750302,0.38937817310693235,2.9420290346423665,-0.9554086445184059,-2.1402858870241173
0.014313779771661879,-0.006379951685321236,-0.00460496475619206,0.005466263105196566,0.3937512765299152,2.9368919045654582,-0.8898129055274707,-2.147295665919096
0.014286508186871456,-0.006307876447674546,-0.004651000657090616,0.005375135301072326,0.3966718887100212,2.923493898059007,-0.8192084149881779,-2.1494499339817708
0.01484467097860667,-0.0075589451712937275,-0.003369449250188152,0.0066922070042846485,0.29563346861150724,2.5178958744265327,-2.065592471668951,-1.5994998235578917
0.014949860872784994,-0.00784273036656714,-0.0030105972472845607,0.0069154455808103565,0.27607097466670655,2.2956730741100753,-2.298234104504371,-1.3643196111203046
0.014939175826708194,-0.0077966220288834195,-0.0030631546121787003,0.006873945466081918,0.2781304607993879,2.3276497303257444,-2.2587423922007583,-1.4017069326701037
0.01493178201082515,-0.007750487016144535,-0.0031108116044712146,0.006827354977154711,0.2798871920442188,2.3542585870976755,-2.216296521016286,-1.4361760097290295
0.014874688627716588,-0.0075985976255759985,-0.0033016113899617485,0.006707841434804227,0.2905754075954911,2.4709219222568133,-2.0917403620850306,-1.559716737028257
0.014898603697374904,-0.007651336093708273,-0.003231183905632338,0.006745791564966053,0.2861920071259694,2.4272918224605697,-2.133611333264931,-1.5158279742932417
0.014920483038070035,-0.007701738342597817,-0.0031642780572800626,0.006781680644466125,0.28214157199629236,2.3850183399708063,-2.173066680800973,-1.473143723526593
0.014940115525363402,-0.007944948380902444,-0.002929787018584958,0.0070496918187055654,0.27673736634763507,2.258808310876866,-2.4084454676573404,-1.2935347271832036
0.014962597477484239,-0.007894145147992079,-0.0029499259768557165,0.0069595272988094686,0.273979106941121,2.257646704610671,-2.3407341655871314,-1.3210983302001722
0.014998165836309344,-0.007852495620630267,-0.002945174729850506,0.006863946507991633,0.26937779127162964,2.23616121202108,-2.2744196907629406,-1.3333214456888396
0.014947849867692844,-0.00802888658464897,-0.002840490701130113,0.0071366868213910625,0.27512721324548967,2.204621856401842,-2.4858734911588596,-1.222496429688535
0.014971908863525035,-0.008069360960582568,-0.002773081556602851,0.007148596860742249,0.2712077170193538,2.1537000652437857,-2.505181244491638,-1.178293715543781
0.015020933422270073,-0.008238420873649732,-0.002544682397432337,0.0072607812549979585,0.2635959620753268,1.9907733686797024,-2.618379538089872,-1.0095683584981077
0.015050891312222455,-0.008268307291842884,-0.0024814690004790405,0.0072467006858346365,0.25921070074940616,1.9387700461708979,-2.6168546296872517,-0.9722161354318125
0.014990105451319728,-0.008112016231184568,-0.0027098918406111405,0.007170044309068165,0.26833675479331004,2.1075154274913603,-2.530252372503814,-1.1343901118607433
0.015004309470421157,-0.008161361192009489,-0.0026437274862519977,0.007203329527662268,0.2661418966615474,2.0606368016757686,-2.563765385904365,-1.0856417871681163
0.015028606368241668,-0.008198530675628701,-0.0025789268551828135,0.007207330732833693,0.26235271649361575,2.0102389306430664,-2.5758744256613966,-1.0436027517364779
0.014968474243722114,-0.007985054337330993,-0.002859018544470747,0.007057349010826935,0.2722469275283999,2.2051601757878125,-2.4261148784946474,-1.2489373900779996
0.015073209015987458,-0.008336303614290233,-0.002384682670288554,0.007281205267451457,0.25606712515061414,1.8668468954778579,-2.653064143789759,-0.9014270901745833
0.015076734391941474,-0.008294224563012521,-0.0024272619572640094,0.007234003372812622,0.2555791886087539,1.8942277149410593,-2.6149175783613927,-0.9401691868779393
0.015113354426732341,-0.00837321032102052,-0.002304796731006306,0.007255584029034907,0.25068420685940257,1.8003656813569753,-2.64477994932863,-0.8555457155083072
0.015146426926982296,-0.008554373488406534,-0.0020667067152373357,0.007369005552829134,0.24677134862895397,1.6242491735164553,-2.747570068981251,-0.6681770385517632
0.015139967115381613,-0.00850186750226576,-0.002133974652509677,0.007333069035470685,0.24734417325683733,1.6741499972650635,-2.716569167611062,-0.7230161077959291
0.015155262080784394,-0.008455116477605381,-0.002173926826349091,0.007267153151260923,0.24532315171120025,1.698485102534822,-2.667401266287697,-0.7664740084003195
0.015161528264101479,-0.00840581078649998,-0.002223474878165726,0.007212531384196777,0.24414943399698105,1.73133937856605,-2.6246644276308966,-0.8127155386144364
0.0151925034199087,-0.008763637258711857,-0.0017741094264186778,0.007463533753155913,0.2426276785052036,1.399479192901129,-2.8340077203993244,-0.4413610268832296
0.015197594542232924,-0.008830844372401746,-0.0016852860530538352,0.007504486141182304,0.24280458475004266,1.3315293206557837,-2.8664949390855408,-0.3670219712129907
0.015216933904766448,-0.008783480358690678,-0.0017310895205853987,0.007437787997695855,0.23957650635908828,1.3632315432241517,-2.819218121522809,-0.4193165298118978
0.015218976099258008,-0.008807219362119345,-0.001699832332385795,0.007451688780850019,0.23972905810983214,1.3393843629988211,-2.8302392034057933,-0.39347144578223275
0.015155478129769999,-0.008662014363921838,-0.0019292816509473359,0.007444955496952452,0.24652242648552888,1.5218395733505952,-2.8109093547790382,-0.5535296938465657
0.015157911369739508,-0.008705507776180357,-0.0018735161860588807,0.007475935471962799,0.24673830177763809,1.480176108486621,-2.835945447284479,-0.5064196535268369
0.01519712590417486,-0.008727170408748182,-0.0018159976181380281,0.007428140761622202,0.24153894278177904,1.4300241903245408,-2.8074635364925764,-0.4808001192086994
0.01517940164176953,-0.008628325061580473,-0.0019506795922679917,0.007378458352702537,0.2430902015608223,1.5330347182008512,-2.7640073637972336,-0.5872150138531828
0.015187712122751731,-0.008583818505852558,-0.0019967720844068847,0.007328233234141929,0.24178680764133745,1.5649648391109519,-2.7260335407258687,-0.6322575070451956
0.015206017080219092,-0.008862370847977231,-0.0016388931666171632,0.007512622982847149,0.2421328228957445,1.2950468228058296,-2.8741840100897815,-0.3320808175996794
0.01522979210558682,-0.008929901125983832,-0.0015354354092156645,0.00751810357170106,0.23995554056968746,1.2127290088504619,-2.881969284751524,-0.2576191114724215
0.015230885716936149,-0.008894052351237896,-0.0015810500728364533,0.007492395472313182,0.23901024178341954,1.2475198519692023,-2.863146486423836,-0.2978685958653264
0.014718763051658987,-0.007136465581429903,-0.0037983849494467943,0.006258844314386717,0.32111809981173395,2.7088605673909467,-1.656379366534962,-1.849288634994689
0.014839164140789557,-0.007421605233692657,-0.0034715903916421775,0.0065198342436843465,0.29839937976626413,2.5501229741398035,-1.9208332537037294,-1.6696636598773402
0.014864189410567141,-0.007506627087511624,-0.0033816190209275047,0.006602277684488845,0.29343065400489016,2.5052937512252798,-1.999554093799501,-1.6144218093991085
0.014879846701529168,-0.007449905461071345,-0.003400287226001024,0.006512031229323875,0.29144788645032693,2.4963636803985385,-1.9326135657004888,-1.6314502072832948
0.014818180086398947,-0.007342013803742201,-0.003549553145405651,0.006437685163393858,0.3029954828639543,2.584384132342237,-1.8448550688247856,-1.715937664286324
0.014843669843936267,-0.00737289659258304,-0.0034969320844329085,0.006451471934941349,0.29759185560942963,2.5504068762897094,-1.8674072124525722,-1.6872038961712625
0.014810270845246231,-0.007288217112384504,-0.0035922312621407895,0.006374674377077837,0.3045116996129859,2.5978223648552707,-1.7904823941933827,-1.7412126083830335
0.014780307823709298,-0.007182050429472006,-0.003691331285463145,0.006262761311145099,0.31086106124362517,2.6352704660907595,-1.6883153129432296,-1.7949008685133963
0.014818614610094533,-0.007227311895992314,-0.0036158795846849374,0.006285923855792852,0.3036395386279874,2.5894184137896543,-1.7240284103568293,-1.7558987632059213
0.023620601771727603,0.02246410404681427,1.0177413913549019E-5,-1.0049660318241824E-5,0.02883340045871294,-0.030872872127985684,0.012536082848837568,0.029705573576193384
0.02211145378239307,0.021855729268742026,9.041563029174642E-5,-9.502376140729742E-5,0.007933308887550698,-0.12153461174148229,0.005125019112693338,0.12355135319631459
0.025,0.02153459934225118,0,0,0.0960513982533399,0.0023690599933855307,0.0019372379595073567,-0.0012808508964550522
0.01469380121825123,-0.011935107729201228,0.0031165923715571957,0.007559892471046146,0.3278200194653728,-2.1286658246717587,-1.8920864176375465,3.313687767123557
0.014700647588726568,-0.011918028417213802,0.003089304669540508,0.007571456197416976,0.327978897653396,-2.1146832410385845,-1.9115858652689002,3.2994871530929126
0.014742051476160504,-0.011861379434648869,0.0029751972034597744,0.007580041682681954,0.32397389683595174,-2.0490473641790956,-1.9704959285247765,3.2162452201259053
0.014734692231593622,-0.01187627316960189,0.0030008125585564717,0.007572829721117302,0.3242216723708788,-2.0630661773686634,-1.954504402312817,3.2318654623997083
0.014726158959827368,-0.011890978530549932,0.003027634013122175,0.007567412814515731,0.32474189488708044,-2.0780018857974354,-1.938851104236764,3.249442447329669
0.014715928771662596,-0.011904724650073266,0.00305550646800105,0.00756551527211994,0.32573558863556556,-2.0940367363808154,-1.9245400965703376,3.26988183844353
0.014749302965045936,-0.011846729731110117,0.002949947876410026,0.007586931871978511,0.3237054127139054,-2.035122683679407,-1.9860714107794433,3.200686050741044
0.014777031000779638,-0.011710021962348487,0.002758151145770081,0.0077053061087151405,0.32953408714113186,-1.9361719519208898,-2.139013254520833,3.1195088771551736
0.014779534397738433,-0.011694861436041652,0.002737005180808039,0.007718658986825606,0.33031739925413717,-1.9249589662889122,-2.155832831963852,3.1105620993408816
0.01479038491390948,-0.011724508384272372,0.0027601606020550232,0.007667672309096345,0.3251277535320007,-1.9321962556248844,-2.1171350436894234,3.0993431722423552
0.014783360749459969,-0.011742015731099316,0.0027889548028884148,0.007658544440058568,0.3252543726792516,-1.9485691472755897,-2.0991901126672343,3.116686443998219
0.014773481793676758,-0.011761243302259966,0.002823025934821109,0.00765160461627635,0.325933176538389,-1.9683404293958682,-2.080026392810261,3.13935162267319
0.014742027347786622,-0.011814147121255315,0.0029217072570212723,0.007637381814552189,0.32853306554849865,-2.0258135124669905,-2.02700652212782,3.2081692978511893
0.01476705117080542,-0.01178251600184623,0.002855364719656155,0.007636602053421557,0.3255054056798798,-1.9857741076137823,-2.057049452709341,3.15593833225697
0.014757464945771966,-0.011799502268216792,0.002886363638182508,0.007631234376435752,0.3262017968444327,-2.003698039620374,-2.0398990995512194,3.1770356969133253
0.014756663624658077,-0.011831646146369954,0.002924040988926443,0.007593994762169365,0.3234105541695143,-2.0207574580350047,-2.0019813442772736,3.184679464402223
0.014829981619072603,-0.011620235882331666,0.00258977111605533,0.007720650075478001,0.32418712053626425,-1.833407689064291,-2.220885983087166,2.995460163492637
0.014789847513956485,-0.011680295149080788,0.002707657449310757,0.0077187365346229,0.3289565400951468,-1.9067767366619077,-2.16884215036039,3.087417591178659
0.014805807753046683,-0.011666055940649372,0.0026724654932690616,0.0077092120431989436,0.32633398854888734,-1.8836570951935776,-2.178904907466755,3.0542275243172994
0.01482258854642124,-0.011634731683170417,0.0026156568450907206,0.0077168258508565615,0.32482994288592876,-1.8491804485489027,-2.207683465135734,3.013750569031553
0.014815399358728417,-0.011650159261625428,0.0026424533727194867,0.007711462070234925,0.3252977050965262,-1.8652438275988519,-2.1931669576321298,3.031840924079104
0.014839501896279412,-0.011633444325247017,0.0025957218988320705,0.007691081578259472,0.32098360623887245,-1.8333483411901141,-2.2018117274871827,2.9834554418878376
0.015114288115946102,-0.010796233200937682,0.0012286978025192587,0.007892905367131537,0.293419982034084,-0.9247939278593186,-2.794901049070975,2.0010683230745774
0.01511648360334359,-0.010745651054846908,0.0011533458501409683,0.007914675021454773,0.2935035584689299,-0.8711699762228909,-2.828034960515504,1.9513679446514782
0.015133107075908618,-0.010768444736232891,0.0011784671346388215,0.007872919633987235,0.2896805313092073,-0.8872831422648751,-2.796729870524567,1.9513484892509056
0.015127466066614954,-0.010721153354909675,0.0011119112758731424,0.0079063953292826,0.2911845463535649,-0.8404923741430822,-2.83399321652302,1.9142342718673173
0.015130085967329565,-0.010695639941352132,0.0010729946504825813,0.007913513850309833,0.29090818949045594,-0.8123668225153148,-2.848211449439666,1.8865639865837565
0.01514618906453613,-0.010671748382894922,0.001030434504846674,0.00789464641487309,0.28762861584643323,-0.7800966054764438,-2.847883404265578,1.8434768145164475
0.015051716839028322,-0.010972401084069392,0.0015210541921147284,0.007902840264562158,0.30415211325475816,-1.1349636413395314,-2.716131389189906,2.2404051286300244
0.015044310619695599,-0.010992548762910637,0.001554871890744627,0.007902930140128992,0.30533420264552463,-1.1588495061146145,-2.705781470747174,2.2675494180569022
0.015033811637751145,-0.011014986812766142,0.0015941070163830934,0.007906711952637672,0.3071371204331684,-1.1868232810081933,-2.6957378222392703,2.301029607472246
0.015104371987306795,-0.010827525687941465,0.0012796676734320462,0.007894180475844224,0.29517158017273787,-0.9617197396457636,-2.781595958701445,2.04246794404401
0.015093691509925972,-0.010855146980070722,0.0013258282616998537,0.007898212651751243,0.297035746376938,-0.9952592200405971,-2.770979883338452,2.0814560282311034
0.015081965444867066,-0.010883824207123036,0.0013742781992630783,0.007902949348527063,0.29918539932654437,-1.0303514375513343,-2.7598844382470094,2.1226344716488446
0.015085180932305209,-0.010907807418127443,0.0014070772188458423,0.00788287697551077,0.29800363736061064,-1.0525314374853096,-2.738567478781181,2.1389493035709894
0.01507732332744868,-0.010927053260908455,0.0014395929139373969,0.007885354394178956,0.2994053309204097,-1.0759149374719292,-2.7304310426216696,2.1662572921174896
0.015070446794526668,-0.010956178931002678,0.0014857336923470442,0.007879551567976954,0.30032352095621073,-1.1083500155140593,-2.713248164709218,2.2003312812066036
0.014840128210749662,-0.01160555127300078,0.0025607018973065106,0.007720038026116914,0.3228625642454644,-1.8149954702321918,-2.2328840719290093,2.972115815357745
0.014857368286917872,-0.01157150227419292,0.0025000695526019466,0.007728041390738053,0.3213471428330042,-1.7775638993519922,-2.2628047791920087,2.928676751374946
0.014855947222591537,-0.01158844616401938,0.0025226956472849116,0.007712578890374176,0.32040592992819467,-1.7900144154746072,-2.244697364605678,2.937895947473017
0.01493299302527643,-0.011344916741018122,0.002132493520134886,0.007822368888018695,0.3175377012771399,-1.548683562774052,-2.46156979108633,2.688247663557606
0.014866281977590871,-0.011559200237392361,0.002475383395254303,0.007726302195126571,0.3200804163023175,-1.7616266128435518,-2.272065577029552,2.90817186717803
0.014909229749098227,-0.011405652073624137,0.002235139887038319,0.007806787503878578,0.31975970868886017,-1.6151110382239104,-2.4135915240545276,2.7617724218597126
0.014927526070147572,-0.011364637331163163,0.0021637892089218977,0.007813800311179403,0.3177493138807057,-1.5686181298599235,-2.44489549337246,2.7085957641040292
0.014922114767799838,-0.011389884267138582,0.0022022680109290327,0.007799734354281997,0.3175885255449913,-1.5926518325466856,-2.422237827321613,2.7316726980514865
0.014884473363587053,-0.01152215540166245,0.00241006527096508,0.00773436843702538,0.3183554117427449,-1.7207547092039805,-2.3033574986973595,2.8609449682984773
0.01487485745873219,-0.011541373231759768,0.002444135563715384,0.00773062214911902,0.31930190781976103,-1.7421825272762772,-2.2873491442425427,2.8858532932189624
0.01490719521069203,-0.01142405897406691,0.0022612768618569807,0.007792783953327025,0.31916491222285587,-1.6307683137692723,-2.395499979414818,2.7749203967734064
0.014903594370055444,-0.01144513252929943,0.002292248872897175,0.007778638579917503,0.3187629407920993,-1.6494895121598974,-2.3753608997052784,2.791813966838451
0.014893532564824147,-0.011506005456280938,0.002380461142764953,0.007735664097719969,0.31736992935927866,-1.7018450383757435,-2.3160451076144306,2.838223058688654
0.014891552369862083,-0.011485278999531865,0.002355917820975558,0.007759512634458184,0.3191034671036688,-1.6887591559716308,-2.3393261326282677,2.8319081921433837
0.014897452077083546,-0.011465198026607748,0.002324233359373673,0.007769430391695421,0.31897227045298626,-1.6692894137201362,-2.3575456467295997,2.8121650582472735
0.01498746562371672,-0.01114297674169743,0.0018094875605890752,0.007896470461584608,0.3137852570384869,-1.3362505892319059,-2.6194477379818655,2.4687936832394155
0.014977313353743351,-0.011154710648829277,0.001833866818506015,0.007905348657846568,0.3157511456408171,-1.3538676547623762,-2.616271856987299,2.4931141452029237
0.014975681661045657,-0.011169483659037603,0.0018558833395497067,0.007896619884427448,0.31545757299515786,-1.3682640813201568,-2.603688820900411,2.5061835735170903
0.014972932141831444,-0.011185345329344525,0.0018802394262827545,0.007888852319899083,0.315557467606374,-1.384321962612827,-2.5907752199723415,2.5216434721495697
0.014969372734315445,-0.01120152975203354,0.0019056382320138154,0.007882076023710397,0.3156977102890362,-1.4011198671807918,-2.5780154288320016,2.538447806564814
0.014965258794837927,-0.01121781414941512,0.001931575414465958,0.00787600706409569,0.31599155827429176,-1.4183123200940406,-2.565406490321555,2.55606744577222
0.014961690074478437,-0.011235463902105164,0.001958897038481375,0.00786765871324161,0.31606827719223446,-1.4361600255194407,-2.5509265555980645,2.573547057677288
0.014940110060539975,-0.011294606166191584,0.0020582686335171374,0.00785475033962803,0.31835231517305623,-1.5022327796839123,-2.5075996955667033,2.6463785170317236
0.014939493202723683,-0.011309771554704976,0.0020793898436663252,0.007842524331115723,0.31777855806033345,-1.515213221476656,-2.492829314483871,2.6566833649517108
0.014937444294946166,-0.011327066925172657,0.002104546140892776,0.007830734559225413,0.31740898621907915,-1.5308774187926169,-2.476777177922187,2.6704365432554678
0.014956976786787347,-0.011255051828188846,0.0019897677041064957,0.007859452062049887,0.31628490360281347,-1.4563560412291248,-2.535176882972515,2.5939214285673238
0.014952155366002466,-0.011278921700685523,0.0020264923463592824,0.007847489078341997,0.3162828932333009,-1.4800742606744934,-2.515043777964975,2.616960413475914
0.015012004470723683,-0.011143971343853467,0.0017920758671937113,0.00785240556726328,0.30810414135755687,-1.3205865474480774,-2.5998280686205266,2.431857189280486
0.015018837337830973,-0.011124913904738347,0.0017603462729876402,0.007854769331490128,0.3072080148026211,-1.2988998097787599,-2.6117728563895253,2.4077021231262323
0.015036206599522343,-0.011107456599337564,0.0017231255839836057,0.007837107076166033,0.3039152046704107,-1.271647883101446,-2.6138615489848402,2.3687282567202845
0.015046752078426437,-0.011044082710262165,0.001626627193007543,0.007863591584969595,0.3034949995693786,-1.206456574104055,-2.6603586486239954,2.30503829674613
0.015058890240506278,-0.01109275947200603,0.0016862727499697653,0.007807886320833214,0.2993069351945081,-1.2438643091168515,-2.609013971262116,2.3246047938683496
0.015068552730928964,-0.011069782826216389,0.0016475090548393391,0.007807164163020769,0.29787189169226763,-1.216866756805197,-2.621054157043867,2.2933439342155464
0.014453837255245638,-0.012394344947767911,0.003890750079206844,0.007237494395066752,0.3246104784466051,-2.4829888002315617,-1.3124619657960344,3.696543923306248
0.014521945135258304,-0.012266930757720501,0.003681014634888125,0.007342813865506447,0.3274131374901488,-2.3992251245490994,-1.4844549872700215,3.608869218659619
0.014515804267240603,-0.012282174983606177,0.00370349796988834,0.007328353021962467,0.326717317926493,-2.407884018690712,-1.46456108598262,3.616460751475891
0.014462588193022097,-0.012381591314185793,0.003867124209229057,0.0072462845509776936,0.3245681548464507,-2.473234513651881,-1.330447224861845,3.6849084192133574
0.01447058483043539,-0.01236769476023991,0.0038436560408248665,0.007257564404608859,0.32480581315886786,-2.464024655819546,-1.349564410269176,3.6749368534601268
0.014477674192889983,-0.012353186164831623,0.003820969288503264,0.007270718775921886,0.32531322953674696,-2.455525144287563,-1.3691587659721767,3.6666844800454474
0.014484103403667112,-0.012338642873615158,0.0037991434954803807,0.007284585816781847,0.3259232663992125,-2.447521835423369,-1.3886050994827437,3.6594672384714353
0.014508092728118198,-0.0122971871815558,0.0037279798838357153,0.0073160762362580985,0.32639879449086256,-2.4179350655587637,-1.4446503127119803,3.6268634392751906
0.01449981074728522,-0.012311348100506358,0.0037524861283776234,0.007305601016296644,0.32626715817550744,-2.428284548924479,-1.425604118798894,3.6383710200681976
0.014491405308492274,-0.012324820831724403,0.0037765231232913137,0.007296129021948744,0.3262384610342432,-2.438523561371292,-1.4072723021131275,3.650123148371136
0.014536322655579192,-0.012264363865334995,0.0036577642875892423,0.007327994344929931,0.32460226526127756,-2.384114594235386,-1.4894184973528564,3.5822646440156056
0.01454512792033727,-0.012252950664695866,0.003634820685523067,0.007333140393318896,0.32413308402401025,-2.3732069493891834,-1.5045910292075726,3.568434282078705
0.014582217885435253,-0.012182644633506419,0.003517370902522548,0.0073845689427284944,0.32487699323124763,-2.321228807713825,-1.5945823586264771,3.5126293265360857
0.014573049796035617,-0.012195967667891959,0.003542786289484807,0.007377988606045581,0.32519836954037756,-2.3335236251588687,-1.5776399724745975,3.527610130709325
0.01456303152112653,-0.012208806908981905,0.003568938161869705,0.007373045646157881,0.325914642695583,-2.3464515683618496,-1.5610762731174557,3.5441103462426304
0.014559060020141469,-0.012224651514950861,0.0035891787466704786,0.007355652511119567,0.3246679878732191,-2.3537525928460568,-1.5410551513717907,3.548454704149704
0.01455337797092788,-0.0122389579488165,0.003610334202006535,0.007342574861420636,0.324144876781423,-2.362284470890278,-1.5227860324221913,3.556097499552923
0.014593073371357772,-0.012149911781355972,0.0034710576672598173,0.007415790399904016,0.3264972844446174,-2.3022120269925317,-1.6355544136649365,3.4970165675527474
0.014591947841568451,-0.01216640284906509,0.00348838028372779,0.007394290042305907,0.32466658038768,-2.3075148934053975,-1.615018213057994,3.4968392130806163
0.014603256352527001,-0.012137112641947398,0.0034445682021314586,0.00741970781440235,0.3256861286662323,-2.2885724331569257,-1.6514822602006984,3.479435643269365
0.014620301373613993,-0.012125639539343428,0.0034099561811427137,0.007412221243094733,0.3232786308901416,-2.2682987863287156,-1.6654780017870958,3.4487347619762647
0.014631953769121908,-0.012110119327096137,0.0033788948817990018,0.007417420487959345,0.3225423387658963,-2.252222318767942,-1.6842658119833416,3.428423080659081
0.014676214869029912,-0.012010061338700556,0.0032188450044602387,0.007488704494442469,0.32383635076341794,-2.1754653566823747,-1.8033012027878728,3.349764043027776
0.014685056549001967,-0.01199491380515375,0.003191547523806591,0.007495740418822211,0.3234549336845427,-2.16114878791397,-1.8205929986341614,3.333099182591397
0.014642562892938067,-0.012089893748568151,0.003344584005695979,0.007430143933025038,0.3225332565041805,-2.235618160206243,-1.7086219234018643,3.4101743962439177
0.014656063120739225,-0.012054733871901362,0.0032912469889428164,0.007458381303082128,0.3234906631235177,-2.210991997519454,-1.7507934409769081,3.3867769385417303
0.01466138648456302,-0.012073838654350834,0.0033033782487821143,0.007425496311976227,0.3201405976134806,-2.2119295236905976,-1.7270494515931596,3.3761721097283144
0.014671435032932946,-0.012040722442488811,0.003256657241725755,0.007455273709397975,0.32157916562705974,-2.191050303271824,-1.766481176975191,3.358576987771707
0.014686500690905376,-0.012027162894258413,0.0032230561515385644,0.00745174507148283,0.31970958436115815,-2.171527303053287,-1.7812959899655338,3.3309143205009772
0.01470600169544,-0.011949791660542159,0.0031168909029741583,0.007523315566024427,0.32343126200561295,-2.1229211597184086,-1.8719902847896337,3.292240322363796
0.014699877254834138,-0.011964888346749941,0.003140801802532536,0.007512989853088234,0.32324281061723065,-2.134994554958441,-1.8547834380411417,3.3044793686737903
0.014692955524358238,-0.011980192023685172,0.0031658793627507872,0.007503379176829579,0.32322601076527796,-2.1477803740520796,-1.837332037127487,3.318000147603698
0.013719226219359807,-0.013341759466093658,0.00556951525062838,0.0061985930360119665,0.2947975828404619,-2.802913245298545,0.27013758540880983,4.080047407819566
0.013734836317805171,-0.013345207807337937,0.005540099900673545,0.006185329639873799,0.287786713146371,-2.791670515826578,0.25866151103216856,4.053586936921145
0.013708709395206254,-0.013353427294859523,0.005588938700140578,0.00618108568217962,0.2954050046498534,-2.801051397877378,0.2915862957705137,4.078170494920668
0.01372432542938004,-0.013356881101691592,0.005559473942227221,0.006167961842796401,0.2866962979526228,-2.7899996164506438,0.28007012330451575,4.05180443552013
0.013698155965600395,-0.013365062028268449,0.005608315556663396,0.006163509691915308,0.29530686362588615,-2.799092690134433,0.31305157180090487,4.076083227771149
0.013713807492395183,-0.013368546261960374,0.0055787407687236034,0.006150477196276087,0.2856259647195785,-2.788164221455243,0.30148699097388804,4.0498086257975165
0.013687566035138604,-0.013376663550976347,0.005627649297416837,0.00614586180939519,0.2944597668936029,-2.7970446049119757,0.3345610406927025,4.0738165174618075
0.013703258433675142,-0.01338020517737839,0.005597941687062579,0.006132883506465331,0.2847532720498585,-2.7861669271033143,0.3229111167702788,4.047637266229959
0.013750731512291448,-0.013348930433483694,0.005510752028359483,0.006171922864897042,0.28663691375007483,-2.778826509256882,0.24103488279973972,4.02688173061235
0.014461301688277556,-0.012407880558583393,0.0038901722821732534,0.007207865371159819,0.32116902522025553,-2.4761622360844306,-1.29754817879776,3.677186299982838
0.01445700373038551,-0.0124231832289466,0.003908776295872395,0.007189674179860306,0.3198079661744771,-2.4812425386155312,-1.2776033328699,3.679093085610497
0.014449154442035018,-0.012436812687021076,0.003931374935287079,0.007178128624291481,0.3195597945903014,-2.4896449890925116,-1.2587561793008701,3.6880583286869943
0.014440489185041996,-0.012447901002558909,0.003953209867498213,0.007171295998451134,0.3197824309146484,-2.4986637001589522,-1.242702371426965,3.6994435925369764
0.014438935668835768,-0.012464167124922838,0.003967948265772714,0.0071480465166019755,0.3177276528076142,-2.500486149270628,-1.2223180148184387,3.6951662632004085
0.01437730429466829,-0.012558778203431566,0.004132494644014974,0.007069622720956461,0.3163331667323508,-2.5593336186615554,-1.0861996638261027,3.7619257271983324
0.014386479822999633,-0.012548149921591454,0.004110627176480767,0.007076356912790518,0.31606819633567934,-2.550892096237607,-1.1025677053202554,3.7508176009808962
0.014375396212466548,-0.012574930032189579,0.004146498839588717,0.007046040509239978,0.3142482488492539,-2.5600543783471426,-1.0660138009939466,3.756494243474332
0.01442857330108529,-0.0124798569832904,0.003995695801175421,0.007135783866653635,0.31760574084334064,-2.5109434221893667,-1.2000165774801965,3.707232729657115
0.014418496930166804,-0.012493059802355221,0.0040210887976819465,0.007126832741983754,0.3177365710876849,-2.5209282229579304,-1.1807098158343317,3.7196634713487913
0.014409197173759563,-0.012503649979835448,0.004043327138046712,0.007120901241604439,0.31810474333830424,-2.5300414074761832,-1.1647072591725964,3.731739445423192
0.01439688523828519,-0.012535137017545932,0.004085127575231531,0.007085340919810675,0.31592062657039716,-2.5412327408204636,-1.1221537287820613,3.7385532047520447
0.014407306922989414,-0.012519868566147056,0.004057953775086335,0.007097647184797286,0.3160479851902713,-2.531473446963377,-1.1443450456039717,3.72717655889285
0.014364645236376261,-0.012591268645573757,0.004174533890661577,0.00703162772138663,0.31393762783673207,-2.569275300179363,-1.0420612616426486,3.766858547819929
0.014237531205513899,-0.012762827151819495,0.004485090702214359,0.006879165545294427,0.3112723302756095,-2.6640637559860316,-0.7759368372013656,3.8805263427903456
0.014230124146631794,-0.012777446759855766,0.004505172760842124,0.006861581323927332,0.3102222459850648,-2.6675048575745435,-0.7547587162698334,3.882325149921378
0.014353982917404211,-0.012605666902768263,0.004201051148774586,0.007019984337013611,0.31376792547430815,-2.578357878971025,-1.0203505374503583,3.7778769209817296
0.01434331184548003,-0.012615792603251788,0.004224761372203328,0.007015028197907362,0.3144220132247932,-2.587734946307652,-1.0035759123871948,3.791228462140905
0.014338942189172796,-0.012629776590046396,0.004240733804932899,0.006997065598856379,0.3130053714934553,-2.5903706992067606,-0.9849893879727131,3.790633726096115
0.014330592265792488,-0.012644926099581047,0.004263733267193371,0.006981265285503636,0.3123732513454502,-2.5965586278843955,-0.9632043218828507,3.7962872729897854
0.014321271271692576,-0.012657551881549572,0.004286646206210957,0.006970391313089492,0.3121406851979249,-2.6038453055287305,-0.9438702420702348,3.8050360077575127
0.014310212230545547,-0.012669444636586386,0.004311887922047697,0.006962326790692222,0.3125271117479733,-2.612769708978965,-0.9244417120028203,3.8171782389653615
0.014304391598086913,-0.01268461205954051,0.004330458006013193,0.0069434208386316325,0.31112423154388397,-2.6159556864264286,-0.9037419388624491,3.8175484184981667
0.014245868834856639,-0.01274893551995671,0.004463703601113699,0.006894498695176401,0.3119230481353916,-2.659373240515464,-0.7968686785705654,3.876270497010528
0.014253027104333979,-0.012735493805323418,0.004444417134297649,0.006910073634248178,0.3127994500973481,-2.6555319603132594,-0.8165417293216254,3.873554273952529
0.014297104049508907,-0.012698854353830924,0.004350737274521086,0.006927383676578451,0.31034670730882347,-2.620506372605494,-0.8833798195293322,3.82091579563675
0.014268239159494513,-0.012734835780017205,0.004418729962427437,0.006896411052287993,0.3100461350905385,-2.641141623993083,-0.8260358276502962,3.8469017212161845
0.014287966811452934,-0.012712442854647949,0.004373568525976386,0.006914111681609657,0.30989170106216823,-2.6267716181612033,-0.862765521010652,3.8277947665704937
0.01427781540662694,-0.012724909335521915,0.004397355999616979,0.006903518815866746,0.30982244294551403,-2.6340469332047127,-0.8428258905287848,3.8370406454484907
0.013761323086585607,-0.013337276503855947,0.005491174732382556,0.006188900092207904,0.2873515307446593,-2.7801233977879103,0.21970972095861105,4.028110925348087
0.013771887800321903,-0.013325518503888663,0.005471527349113685,0.006205940910091581,0.2881109852053629,-2.7813246822941085,0.19831419195518404,4.0292805409796975
0.013782397934592456,-0.013313660256904733,0.005451858510499779,0.006223050479207868,0.28889948054678277,-2.782443865327106,0.176884062067356,4.030420631212784
0.013823530901079378,-0.013265420061689168,0.005373588838663644,0.006292012113949855,0.29190892414712016,-2.7861956183694487,0.09133857534445554,4.034895158857002
0.013813287176905475,-0.013277460476106019,0.005393267743346273,0.006274996776029363,0.2912809992443817,-2.7855235296089162,0.11270984701360175,4.034109228170876
0.013803118831646055,-0.013289597252719327,0.005412691653995821,0.006257628752399707,0.2905531962937131,-2.784551299778848,0.13403919293512,4.032849414884752
0.013792830382358586,-0.013301689973707514,0.005432207493883275,0.006240262255805844,0.28972924595472455,-2.7835026568101564,0.15543786104970428,4.03157539157601
0.01383987063446245,-0.013268784371832884,0.005343896113650263,0.00627753710086204,0.2883752111032974,-2.773138900119058,0.07676373052917264,4.006907298447583
0.013850430460498282,-0.013256865952551973,0.005323602726319965,0.006293845242079391,0.2889991905944748,-2.773215113911825,0.05533368265858609,4.0066930918875565
0.013860527390092648,-0.01324462969634872,0.005304007886669117,0.00631083441678446,0.2897459889826408,-2.773618092756383,0.0341178640361769,4.0073146512255855
0.013911480302549543,-0.01318469153290991,0.0052035886788005066,0.0063911357965557,0.2930168337173902,-2.771839541469104,-0.07155515723233741,4.004637236328712
0.013870357743659472,-0.01323242555898918,0.005284780396467564,0.006327771328226644,0.2905359690523998,-2.7740089687983267,0.013186711280723197,4.008055468129862
0.013880492342793163,-0.013220577037216097,0.0052649229296254235,0.006343756338073949,0.2911931448300096,-2.773796331653717,-0.007772184854638234,4.007670446164625
0.013901223975028507,-0.013196872123491197,0.005224041096292484,0.006375050178140063,0.29237125883485654,-2.772498555884455,-0.050174442691984567,4.005511409014045
0.013890854669041825,-0.013208822010154294,0.005244554745814929,0.0063593014705129736,0.29177240567083906,-2.7731856272379876,-0.02888542847570359,4.006595862057538
0.013921590756263412,-0.013172292995203533,0.005183251253735703,0.006407556568877184,0.29370966984474517,-2.771224517375075,-0.09299165447003248,4.004006374503888
0.014211859798444014,-0.012805043051554707,0.004549929885908532,0.006831948041768188,0.3090375125617142,-2.6774715611349573,-0.7120364288260719,3.892555820246875
0.01420267694575132,-0.012818411207072056,0.0045720210424507746,0.006817660903175474,0.30848715609648547,-2.6823341638708054,-0.6910671601042883,3.8977366995688913
0.014111307581870515,-0.012948413245944942,0.004784880709637209,0.006672169758279312,0.30263849411814264,-2.7216537138136068,-0.4838493353501208,3.938898564962893
0.014120067203505485,-0.012934874926089369,0.004764512693489722,0.006688635249484873,0.3034560757078941,-2.719069435523943,-0.5049600618786766,3.9369803141086686
0.014128273072301087,-0.012921131437241877,0.004744898230670148,0.006705768213629115,0.3043690581892,-2.7168635005741346,-0.5258753959729968,3.935949003502469
0.014193252108453909,-0.012831529191091292,0.004594303207595968,0.006803855805384726,0.3079964509708107,-2.6873073456209187,-0.6701755312857075,3.9033068356435145
0.014183442489299869,-0.012844079663499479,0.004616884294261714,0.006791197477186316,0.30765614557158627,-2.6926209354916852,-0.6496019239667484,3.909787071936613
0.014173258324959814,-0.01285567849482772,0.004639595984417471,0.006780333811278002,0.3075237059807365,-2.6983991868816486,-0.6297490889498031,3.917511490863292
0.014164509014259646,-0.012868955721067455,0.004660525155253433,0.006765185743595986,0.3068540474743799,-2.702171980256695,-0.6089852025881285,3.921081066301747
0.014156146332925152,-0.012882535023667888,0.004680808363574822,0.006749040035706502,0.30604758018305667,-2.7053092863158787,-0.5881661466806901,3.9234782666914465
0.01414696459712367,-0.012895618011047263,0.004702173729204926,0.0067343005636446235,0.3054465707830032,-2.709167153121053,-0.5672866837054121,3.927483643981765
0.0141370189445609,-0.012907732520636768,0.004724359907175623,0.006721720575328958,0.305124962507755,-2.7138647453979186,-0.5468496027090789,3.933439257223521
0.013931487037450225,-0.013159647204598932,0.005163138907895534,0.006424409998143899,0.29446840060005774,-2.770719932389454,-0.11445200764050668,4.00375693451828
0.013950279682245296,-0.013134156161076998,0.0051243045433511875,0.0064586790518332575,0.2961782152627726,-2.7700274709392265,-0.15664217913759784,4.004322705513137
0.013940912878481966,-0.013146799720452981,0.005143712384677285,0.006441777805346661,0.29533841453922877,-2.770495721547579,-0.13565752101662062,4.00423019896871
0.014092536291377,-0.01297475330575138,0.0048271678098681025,0.006641076212171482,0.30128575214404124,-2.727638151535213,-0.4413977557425854,3.9448136745633913
0.013966550532333236,-0.01313683582948228,0.005095621653617315,0.0064434941083037255,0.29324855765836716,-2.756006945886883,-0.16983930722573679,3.975952957163966
0.013976937336359843,-0.013125442176862465,0.005074612470682285,0.006457188365725164,0.2936579793393444,-2.753815533436361,-0.19042468998593395,3.972672763454202
0.01398751435362417,-0.013113651145609494,0.005053088208866344,0.006471317032003252,0.2941006325705064,-2.7515019988592724,-0.21152599146220283,3.9693149840799946
0.013997794938119486,-0.013101371139977292,0.0050318837986230045,0.006486358140080567,0.29465713462715376,-2.7494831307374312,-0.23278942819647222,3.966724724681891
0.014007800437446219,-0.013088780409092811,0.00501098769593001,0.006501984581428622,0.29529851465908324,-2.7476500579222933,-0.25408300870211326,3.9646669647913195
0.01408254509437829,-0.012987067131375318,0.004848909127806341,0.006627266874300417,0.3008299226366821,-2.7312192385158514,-0.42053871479647403,3.9492544847265934
0.014072079815350781,-0.01299837652185642,0.004871059975019103,0.006615424837181587,0.30059971631592614,-2.735447229301641,-0.400270942147809,3.9552525279030504
0.014062810455576995,-0.013011040597237114,0.004891472308939499,0.0066001472662396,0.2999439772982437,-2.7379204050644255,-0.379552363088075,3.957705277300566
0.014053825731100695,-0.013023799110137659,0.004911304450012606,0.006584349572919775,0.29921029937236043,-2.7399299701875877,-0.3589867810280414,3.959357816304582
0.014044387520164634,-0.013035909567565396,0.004931629921836452,0.006569889886041263,0.2986453498328838,-2.7424305825412745,-0.33867840743369376,3.9621906762006547
0.014017689596390236,-0.013075915196889285,0.004990115580191155,0.006518027610859658,0.29599414607143565,-2.7458566711306935,-0.27552983677143367,3.962849324433002
0.014035714069983635,-0.013048664332031265,0.004950690008329224,0.0065536032782011954,0.2978638308868367,-2.7438368412114165,-0.31836871582890763,3.9628912599779933
0.01402745617173397,-0.01306253422056581,0.0049692036874114725,0.00653491917175882,0.29675025873169375,-2.7442148925954797,-0.29736702454644764,3.9615290051769727
0.014110460774817491,-0.0129785081327691,0.004797294875104796,0.0066205727952691334,0.2976054740738985,-2.7107599654544194,-0.4516742383724804,3.9115906066445647
0.014119884404591823,-0.012964963940432216,0.0047761141400093155,0.006636631770560452,0.29833499683668235,-2.707895190401325,-0.4730944857589478,3.9089437711138477
0.01423029962084619,-0.012807689390107768,0.004520161608047093,0.006810596934140835,0.3052068761217415,-2.6596256650080696,-0.7206947686062829,3.858245780262685
0.014239908434317024,-0.012793991030862657,0.004497207241394872,0.006824703703922631,0.30570521437548787,-2.654208498451775,-0.7419999972245609,3.8522579373400876
0.013126212492436515,-0.013902152668993594,0.006503501156204254,0.005210233177067493,0.2563924975948307,-2.529552839683267,1.3525407843852453,3.7949820488821557
0.013141084740672928,-0.013908155530881745,0.00647225579001639,0.005201878892962996,0.25138717349068557,-2.5229599870698896,1.3350925890024274,3.7741393360465403
0.013138455982275532,-0.01389231217238789,0.006487108268140508,0.005230629110578605,0.2565121093637204,-2.5382439203917118,1.3329597908430573,3.8037899586312203
0.013153376768379146,-0.013898321491726704,0.006455796844820875,0.005222094947226825,0.25199775875701297,-2.5313987757887495,1.3155096041398424,3.782818773913863
0.013150668501838894,-0.013882433256544183,0.006470638941367543,0.005250988941169565,0.25739179508616733,-2.546781242113385,1.3132508459015597,3.8124994510241166
0.013165636397903345,-0.013888434730133717,0.0064392851860782694,0.00524228255193308,0.25248264675872895,-2.5397372086938828,1.2958816516886376,3.791391577234498
0.013162849930815514,-0.01387251601870674,0.006454101297104139,0.005271302442830244,0.258480117704714,-2.555152400882348,1.2934281872583127,3.821116941089962
0.013177856141464902,-0.013878493442680087,0.006422734464975071,0.005262444523274967,0.2529322106780878,-2.5479785305644076,1.276211360817002,3.799869221207825
0.01317500014913975,-0.013862560556543104,0.0064374988975392485,0.005291565118405467,0.25968559361977095,-2.563359813682361,1.2735050792323246,3.8296432944720356
0.013190035094681224,-0.01386849664411713,0.006406146712602098,0.005282583186027694,0.2533742793783551,-2.5561203261249226,1.2564969487828999,3.8082542898317793
0.013187119036995118,-0.013852566968142578,0.006420834014808859,0.005311774151464023,0.26088521375813595,-2.5714111963684863,1.2534925410818474,3.8380746026064814
0.013294759514952837,-0.013760925383283714,0.006268127970370903,0.005491140421859443,0.2659460562895216,-2.638394618488495,1.0718062211380197,3.908217553111849
0.013282927950127593,-0.013771257625019939,0.006285340024013067,0.005471430799705249,0.2659836726256463,-2.631400175124995,1.0921467488985173,3.9010916281783508
0.013298014509630113,-0.013776563799723614,0.006254510625185033,0.005461920449943396,0.2595268916837741,-2.623787829227773,1.0763813720050897,3.878506198639641
0.013506158493464976,-0.013584149591103163,0.0059358410724512445,0.00580663374684232,0.27219360392918984,-2.7268365861914954,0.7049063323205252,3.985690238340293
0.013502055721075013,-0.013568698043612793,0.005947751247629447,0.005836635066357561,0.2788518887331546,-2.7408970419935006,0.6977807188694175,4.014846692122912
0.013546623651759673,-0.01352440926578893,0.005873930447047238,0.005910921872797999,0.2823596716763818,-2.7579015168948064,0.6132249892055867,4.032401984010871
0.01356203889276122,-0.013528698518666287,0.005843860894471094,0.005899037705408936,0.2761232632098052,-2.747629977993831,0.5995834100862546,4.007433450978033
0.01353553390593274,-0.013535533905932737,0.005892448299509211,0.005892461939524664,0.2832641079916823,-2.753830096190804,0.6343359268235607,4.028260547856253
0.013550942232911143,-0.013539833908562787,0.005862361327377239,0.0058807134249217385,0.2749441818150153,-2.7437553854231074,0.6206836229038614,4.0033732439905245
0.01352440926578893,-0.013546623651759673,0.005910934080257005,0.005873917744664037,0.28219233132959665,-2.749660440394466,0.6554879886731105,4.023897828715272
0.013539834846413972,-0.013550975768031015,0.005880752382812666,0.005862251915644031,0.27398095799767935,-2.7397107797429325,0.641782415842921,3.999088004958756
0.013517434402811104,-0.013573144137359036,0.005917503121662792,0.005825197928284928,0.2730894945500162,-2.7312488763918625,0.683901469556773,3.990259905044628
0.013513249833920797,-0.013557678400931637,0.005929380299387731,0.005855296754691698,0.2798009987263922,-2.7453605138069253,0.6766653516734215,4.019403761026839
0.013528672001840743,-0.01356209173660905,0.0058991181105122045,0.005843723614833863,0.2735258051757801,-2.735532473110396,0.6628608053166604,3.994695668401279
0.013577724854662021,-0.013533301857496259,0.0058138533178246216,0.005886941788888724,0.27479219020514756,-2.7367730456534605,0.5800291731780063,3.9826176172961936
0.0135889245849829,-0.013522227190888221,0.005795079910277023,0.0059048086172673285,0.27550284489801197,-2.7402246969844026,0.5589462355804516,3.9860245076788767
0.013600108258662076,-0.01351102462403965,0.00577623422556769,0.00592278233790431,0.2762840501956147,-2.7436027547010915,0.5377678890917222,3.989406473201788
0.013676939708806896,-0.013388231747947454,0.0056469355135479364,0.0061281459301500895,0.2932631503646213,-2.794894192529014,0.35610754272264383,4.071408065781545
0.013692661325687862,-0.013391845184868878,0.005617106605018817,0.006115209899840604,0.2840343704708852,-2.7840154967705213,0.34432670666615733,4.045324766547858
0.013666277091978747,-0.013399766504457605,0.005666170486027705,0.006110365386200763,0.29186028179923,-2.7926190859102538,0.3776676074162091,4.068878067393768
0.013682012746017708,-0.013403452404947636,0.005636241994453895,0.006097481830173396,0.2834049010740812,-2.781719004224431,0.36571740715163964,4.042887537355621
0.013606253564001669,-0.013483738271557492,0.005768987536833821,0.005971816817043341,0.2785884535394125,-2.7618275177888045,0.5149313983909812,4.022074134694541
0.013601545239737611,-0.01346826640933527,0.005780340855227234,0.00600247568482491,0.286739606826276,-2.775905925562863,0.5065270316484903,4.050903109097955
0.01361242336529498,-0.013456934686954742,0.005761445206986787,0.006020615043315909,0.2882056362977103,-2.779015508406711,0.4850486286772619,4.054281491576941
0.013617208417379132,-0.013472346835954122,0.005750153598818899,0.005989983275504637,0.27911051531610437,-2.765092649446149,0.4936532121254234,4.0254762099629815
0.013655578290412794,-0.013411267706097352,0.005685349002482535,0.006092524992337344,0.2904979285710224,-2.7901960630699723,0.39921073716001704,4.066236109259203
0.013671312168191804,-0.013415016305875169,0.005655349720291969,0.006079717752679347,0.2828270419415349,-2.7792888486071057,0.38707747361206785,4.04033875804837
0.013644843410250553,-0.013422735238775142,0.005704464054973442,0.006074631325000582,0.2895792543649822,-2.787612101240837,0.42071065578895245,4.06347848781953
0.013660563046646736,-0.013426533233669505,0.005674424774385193,0.006061921945638356,0.2822040973890116,-2.7767326979534297,0.4084096643451591,4.037678693418383
0.01363407255801407,-0.013434168988720427,0.005723512887268104,0.006056687023410903,0.28927367584213454,-2.784873931423295,0.44216292482073954,4.060582601745128
0.013649775767468219,-0.013438010879428136,0.005693448707236718,0.006044076152533649,0.28143807310437374,-2.7740454348809007,0.4297236166578627,4.034882283525559
0.013623265840603561,-0.013445568842486735,0.00574250287859127,0.006038685146758154,0.2890727748676184,-2.7820031069844497,0.4635960644292359,4.057518523611358
0.013638959432059112,-0.013449467395753536,0.005712403407016262,0.0060261446222687615,0.28055268776314884,-2.7712126106308976,0.4510328051890515,4.031913994580203
0.013628108800410904,-0.013460915836919414,0.005731295859827283,0.006008106233467128,0.2797370761063427,-2.768225552608646,0.4723458780760188,4.028766771476683
0.013611249442706974,-0.01349968425824013,0.005757363212309422,0.005940888180430569,0.27708274784288706,-2.7469253632180295,0.5165202842587405,3.992805724713547
0.013422735238775142,-0.01364484341025055,0.0060746177063175045,0.005704478457186632,0.27552251900865465,-2.706340554306711,0.8449317479011326,3.978384995776841
0.013438040508039574,-0.013649772988749526,0.00604407389912176,0.005693399745571456,0.26742105266980754,-2.6971095040330746,0.8301960652322132,3.954572721498645
0.013411267706097352,-0.013655578290412793,0.0060925132615900395,0.005685361505798718,0.2745283047738611,-2.7009418624210153,0.8658767522578849,3.972606488931723
0.01342658997065365,-0.013660573186975495,0.0060618679542990515,0.005674350590717311,0.26674281861496046,-2.6916565552240583,0.850896012230085,3.948893168167088
0.013399766504457605,-0.013666277091978747,0.006110357873971701,0.005666178401428974,0.27306798026626733,-2.6954062748920937,0.8867960293104488,3.9667051476182973
0.013415099728919279,-0.01367133501759446,0.006079613402454865,0.0056552514847367395,0.2661752215407653,-2.686071467921558,0.8715621666287475,3.94308741384187
0.013388231747947453,-0.013676939708806898,0.006128152596008525,0.005646927881015152,0.2710739382336939,-2.6897068780437645,0.9076824761741179,3.960704614677374
0.013403549558844359,-0.013682054653042746,0.006097347353966231,0.005636110939439655,0.2657643278216271,-2.6803692170068945,0.8922056130923011,3.9371861482551966
0.013376663550976343,-0.013687566035138602,0.006145892403851785,0.005627615385743456,0.2687555386956385,-2.683806840086295,0.9285020234620042,3.9546340028055273
0.01339192576752233,-0.013692717681195067,0.0061150990960045825,0.0056169548062383326,0.2654989279020601,-2.6745737317498572,0.9128254628958102,3.9312278599834314
0.01336506202826845,-0.013698155965600397,0.006163560648162464,0.005608259310341098,0.26690639520145104,-2.6776771326774393,0.9491844023513744,3.9485207144802543
0.013380234556997626,-0.013703299811620493,0.006132866780653729,0.005597824192881631,0.26526313391581874,-2.6687120444046752,0.9334050821866618,3.9252427396237777
0.013353427294859523,-0.013708709395206253,0.006181127434609409,0.005588892785731527,0.26757626854543753,-2.671335674219137,0.9696491726243344,3.9423580016124173
0.013368510582036778,-0.013713787785267814,0.0061505955042990565,0.00557873774443472,0.2646691157547927,-2.662786684919643,0.953927763596511,3.9192052071066343
0.013453622610879686,-0.01365505582125068,0.006013502092685838,0.00568208130279389,0.2670450196115919,-2.6874835901334566,0.8092216323367182,3.931038242998627
0.013510415888247015,-0.013599873357526146,0.005923986140961867,0.005776764118654589,0.2706137477951302,-2.7122582663755597,0.7055459796700795,3.957275361406101
0.013499144627252699,-0.013610970315712059,0.005941980314706605,0.005757956186557654,0.2699702818740759,-2.7075712479942236,0.726327406211312,3.952301502736073
0.013487838578201706,-0.013622082446391614,0.005959899412447144,0.00573899834123249,0.2692561880342926,-2.7027100314976633,0.7470903391372397,3.947113664886593
0.0134650443491357,-0.013644137697184236,0.00599571675626669,0.005701042644931597,0.267764975365488,-2.6926671471411754,0.78858628286493,3.936496803419957
0.013476461470017421,-0.013633147381062367,0.005977827616945006,0.00572001194460186,0.26850599259103364,-2.697738289720562,0.7678600651216626,3.941842482518983
0.013306558565652457,-0.013750556019033765,0.006250836830193093,0.005510815388713256,0.26658002491562655,-2.64522205723005,1.0513422571483695,3.9152361315255706
0.013309903000299704,-0.013766214249805833,0.006237233577785086,0.00548148697029249,0.2603030521711251,-2.6306011663901967,1.0561059818174103,3.8855248166218064
-0.005107082553678813,-0.008970748396413332,0.00171541632505041,-0.008154716650548103,0.4887069096572098,-1.0884677498259552,2.383564072765587,1.9959968918762012
-0.005095114846086348,-0.008960165663079741,0.0017243398791767662,-0.008133677904064218,0.48067149104894386,-1.1010191180536388,2.363307369717521,2.000412891507189
-0.0051038727033783145,-0.00898612747582548,0.0016898077212038683,-0.008160061588155016,0.4842924492538314,-1.0721060379797072,2.3899762353094536,1.9768714099375047
-0.005091847662932229,-0.008975569154822576,0.0016987902920376427,-0.00813907514531492,0.4779675764615124,-1.0846234357561906,2.369864517227605,1.981494181811535
-0.005100711207802961,-0.009001516484536435,0.001664152546783087,-0.008165332118442507,0.4812394018453838,-1.0556214209753476,2.3962951695078414,1.9576926503901266
-0.005088593724083465,-0.008990983033068748,0.0016732055485309198,-0.00814435124704592,0.475021494979382,-1.0682612963453106,2.376261780413157,1.9625689981409646
-0.00509759809889699,-0.009016915263030915,0.0016384507667673326,-0.008170528132457397,0.4796627542600749,-1.0389796676448377,2.4025432699480556,1.938526922773933
-0.005085392705769528,-0.009006425020161081,0.001647582569218023,-0.008149559609681672,0.47159538772777293,-1.0518942144704477,2.3825535246348646,1.9436229286991222
-0.005094533407963571,-0.009032323652033134,0.0016127323635233618,-0.008175643497032793,0.4781395203372772,-1.0222702552131615,2.408703788668283,1.9194380376457165
-0.005082288064430513,-0.009021896883200547,0.001621939989167107,-0.008154750503357865,0.4679402476602968,-1.0354709519955205,2.3888027015353006,1.9246553058318943
-0.0050915171656692355,-0.009047741492513604,0.0015870223176586463,-0.008180673274211328,0.4755993258159718,-1.0056186846990172,2.4147485354240117,1.900439904999122
-0.005079283535211182,-0.009037376409417347,0.0015963095618289032,-0.008159917334486776,0.4644162859815049,-1.0189809903230869,2.395010988313605,1.9056824729951458
-0.005267809151618199,-0.00825407496097093,0.002860909735494658,-0.00775513588909611,0.5454148520533084,-1.809739550927848,1.8995298322701863,2.8047300636321677
-0.005279380162632349,-0.008223963583082564,0.002910468787152613,-0.007736736338259842,0.5461327087625593,-1.838686251530585,1.8748481942364734,2.839004106006717
-0.005273435842444115,-0.00823895642598324,0.002885629296600929,-0.007745767099994002,0.5457340453265322,-1.8241984412441632,1.8870978207651348,2.8217319123153612
-0.005203402900177447,-0.008491167321392542,0.0024880419253978238,-0.007909897760967484,0.5411034870236632,-1.5845176203681783,2.090847426124132,2.552954544551476
-0.00520812432662555,-0.00847599292760712,0.002512952363060312,-0.007901762188248217,0.5422292968317035,-1.5998680023458887,2.080351452440943,2.5708826156501146
-0.005227880085416241,-0.008416126226401218,0.002611781718467495,-0.007869515689629137,0.5467103453045619,-1.660436469479268,2.038065597454192,2.6421164300812556
-0.005222996264747701,-0.008430991333331564,0.002587331126517715,-0.007877765804515794,0.5456227436601648,-1.6455075583749739,2.0488475619755637,2.6246188199037523
-0.005218023632261523,-0.008445885144582398,0.0025627130888204136,-0.007885795251209611,0.5444685527645953,-1.630434498482974,2.0594140209460643,2.606865915006803
-0.005213029383845596,-0.008460883158537413,0.0025378905778655893,-0.007893749624888468,0.5433297266761005,-1.6152020005219117,2.0698849979198215,2.588905091737949
-0.0052210510594558465,-0.008389077051127349,0.0026411389015087877,-0.007836064359629172,0.5404213564508572,-1.6789263458952075,2.005249982139409,2.651924416606548
-0.005216515686162965,-0.008404077649826588,0.002617075265712136,-0.007845079434579379,0.5397737578106622,-1.6643664408911076,2.0166505179700276,2.6352356416120464
-0.005249989292226603,-0.008256121305666166,0.002839971961392325,-0.007737188787352511,0.5377160212311703,-1.796795881080589,1.8890607280607379,2.7770573709974786
-0.005244716899945548,-0.008271317047985876,0.0028156079168090297,-0.007746823964735266,0.5374431560200734,-1.7825730558362671,1.9014642535282669,2.7605877779004846
-0.005225824261108403,-0.008373891118227587,0.002665610828471984,-0.00782699893352856,0.5410902556597695,-1.6936847209713968,1.993686184400037,2.6689414495009274
-0.005230974704960652,-0.00835864951841672,0.0026904602179607215,-0.007818162684709315,0.5418556570750864,-1.7086186581185363,1.982190233244321,2.686395851178976
-0.0052366022021925985,-0.008343648539614798,0.0027154104686160415,-0.0078099569632142105,0.5427882023223951,-1.72356377232207,1.971130336652532,2.704244810698588
-0.005242238617469019,-0.008328913155119284,0.0027399825100301064,-0.0078018757479932374,0.5436718494256277,-1.738245792916438,1.9601699594259643,2.721832480787469
-0.005239846461806146,-0.008286535571187028,0.0027915579464558977,-0.007756784595219346,0.5372662028172394,-1.7684907785026882,1.9140118799475518,2.744543708176369
-0.005235475640752343,-0.008301708763011659,0.0027679961761159495,-0.007767114961545527,0.5372229757370457,-1.7546493155413614,1.9267143400162359,2.729095150656148
-0.0052312594445998355,-0.008316494848619434,0.0027450051004634757,-0.00777708978282422,0.5371273617740105,-1.7410810684885527,1.9389763449061348,2.7139429014529557
-0.00518285262246336,-0.00850959110699693,0.002444681434927248,-0.007902357724902198,0.532030777804467,-1.5590444141546032,2.0905060481670295,2.5122035067917357
-0.005187176837540309,-0.008494315780163386,0.002469298232658581,-0.007893872809288245,0.5331192443473927,-1.574220547738365,2.0798802385209,2.529626654942319
-0.005110226039181238,-0.008825946633748798,0.0019363345444099844,-0.008065004408765964,0.4993762705193781,-1.2377250901571824,2.2873186537856167,2.148530756380928
-0.005113979065889128,-0.008810418129073993,0.0019619132621229505,-0.008058692639194828,0.5017369874389664,-1.2540106454402358,2.2795326752721974,2.167395933426508
-0.005177588412227368,-0.008524455004359574,0.0024197555537506387,-0.007909243946948688,0.5303640613634101,-1.5437294408871134,2.0997630290861324,2.493805321967097
-0.005172454070836708,-0.00853951674021537,0.0023946381012127423,-0.007916309288753172,0.5286650048915201,-1.5282637000991475,2.1091378266588845,2.4753488356115025
-0.005167993420043123,-0.008554837369185253,0.0023697017358858025,-0.007924234678731367,0.5272314866486781,-1.5128221623559854,2.119151587313821,2.457436767398025
-0.005163942982473144,-0.008570060791713885,0.0023451956743746082,-0.00793240735358758,0.525928181387274,-1.4975833633331588,2.129265852915339,2.4400062304127483
-0.005130013369375903,-0.008749406092716632,0.002062981153300694,-0.008033965157667885,0.511357437233562,-1.3181602162710584,2.2484148413194025,2.2423703797550623
-0.005117936997587486,-0.008794996748882776,0.001987440296696294,-0.008052549256422683,0.5041230538117598,-1.2702349320099515,2.271836455744737,2.1863225951785723
-0.005121998903501274,-0.00877972121898526,0.002012793865670798,-0.008046485211422419,0.5065531632767368,-1.2863290272646448,2.2641696922798076,2.2051727049925276
-0.0051260444845873014,-0.008764549004945027,0.002037953180299868,-0.008040331270732391,0.508984839415656,-1.3022898733825687,2.2563980835658963,2.2238568126391027
-0.005159792914719236,-0.0085850650785491,0.0023208567340959035,-0.00794013440342964,0.5244968667007295,-1.4824360814703172,2.138932342651923,2.422532246422499
-0.0051552547751361685,-0.008599971568676605,0.0022962875235839598,-0.007947184926581065,0.5227814995554373,-1.467166095144435,2.1479980016792877,2.404582998874871
-0.005150504394031371,-0.008615024069359531,0.0022713029493756074,-0.007953964799398179,0.5208923344802173,-1.451638910481668,2.15682871838175,2.38618433566485
-0.005145625626225668,-0.008630290866614142,0.00224588119229438,-0.00796062352188598,0.5188431581337271,-1.4358290916983618,2.165546260797782,2.3673794148574108
-0.005140932879477595,-0.00864580221013902,0.0022202294451414647,-0.007967547684057578,0.5168217342939067,-1.4198313693602531,2.174460387090127,2.348514635097621
-0.005136722005513694,-0.008661461208075946,0.002194709548433847,-0.007975001785827754,0.5149518750917541,-1.4038321105823706,2.1837521823701125,2.3299951136021915
-0.005132913049674784,-0.008677042759072369,0.002169564975482647,-0.00798271433324006,0.5132002184167356,-1.3879977184041687,2.193169041101687,2.3119116726842837
-0.005129444714955938,-0.008692485715987061,0.0021448270881706502,-0.007990569417211872,0.5115418798122199,-1.372357522658126,2.202612207111788,2.2942411749412233
-0.005118086760228427,-0.008738093366987288,0.0020706280774196524,-0.00801159344818944,0.5056256596636026,-1.3255186718113885,2.2284682072297906,2.2403335603188324
-0.005125856183816576,-0.00870779174188315,0.002120139045107984,-0.0079980313376731,0.5097507858941972,-1.3567506271495124,2.211666759927955,2.276467649330888
-0.005121945335109442,-0.00872298640446106,0.0020953209963630727,-0.008004885905957805,0.5077114319368022,-1.3411014696843013,2.220163030599426,2.2583653339917613
-0.0050828495767341235,-0.008949484588481089,0.0017331688452969969,-0.008112886183893372,0.47770715807259384,-1.1079412004832416,2.3454679466949737,1.9989423640954593
-0.005086153806349052,-0.008934034873780854,0.0017586220526623444,-0.0081072655867708,0.4806238192892978,-1.1242225578538274,2.3386646706726335,2.0177089831524255
-0.0050998821087773726,-0.008872390899108537,0.0018601904855205119,-0.008084037994668067,0.49181317268703406,-1.1891133759713475,2.3103861247463535,2.092649156992803
-0.005096451378630215,-0.008887759691237982,0.0018349128792067156,-0.00809003629187813,0.4890715822282092,-1.172964749927562,2.3176774409037395,2.0740289787974966
-0.005092977138301299,-0.008903143397149172,0.0018095509984041487,-0.00809584853512311,0.48628372837676764,-1.1567667120257712,2.324772310430737,2.0553012905279893
-0.0050895342041686956,-0.008918575723364628,0.0017841034182832615,-0.008101584104374613,0.48347282178788514,-1.1405097959442818,2.3317631585632417,2.0365109946087503
-0.005093596245293561,-0.008830177460108573,0.0019186777509699415,-0.008048277599800322,0.4907403499531601,-1.2296235365159525,2.274574577493855,2.1281336058965965
-0.005090340193775222,-0.008845914407566479,0.001893224328117394,-0.008055121404533294,0.48837786198613126,-1.2133751388278033,2.2827283593897207,2.1096859848795044
-0.005087280581711728,-0.008861467557055113,0.0018681267750812844,-0.008061923383291349,0.48604844761915317,-1.19731590182527,2.290770518505463,2.091537072810279
0.005344398584036612,-0.008063157136753036,-0.0031746636787872095,-0.007631694440005333,0.5454930591695403,-1.9890044233501671,-1.7328309144146095,3.0168305063229766
0.005338221249836405,-0.008077649641943718,-0.0031507867909132997,-0.007641534298269145,0.5458106373140169,-1.975721610503703,-1.7462777971232508,3.0010579195082063
0.005334276812548438,-0.008050586899458095,-0.0031774358473728895,-0.007606173302986119,0.5388015195882395,-1.9883304790850802,-1.7124151379647963,3.0046232700915083
0.005325076624280023,-0.00803954302447131,-0.0031793715805399072,-0.007583496869563865,0.532820748730012,-1.987444456999126,-1.6944819891857954,2.993580182192358
0.005324073921568501,-0.00802345028599446,-0.0031962981841436376,-0.00756381896996102,0.5290556916448249,-1.9955221891199528,-1.6752233987191103,2.997472882565689
0.0059951242597967485,-0.006722626637199692,-0.0050671243064702096,-0.006194567814083955,0.2679135983249186,-2.5668501783835818,-0.09445430899761285,3.5844714946315364
0.005987544623528026,-0.006691293770272051,-0.005060216903068327,-0.006139823580970048,0.2582276805557839,-2.54411186298591,-0.07641565584305976,3.5397367855539588
0.005974149809437848,-0.006742489693740282,-0.0050287668298842,-0.006217808096863869,0.2735668998005743,-2.5615308497754348,-0.126802957016249,3.5760741058481886
0.005959196463428162,-0.0067630225973162855,-0.0049998997292590745,-0.00624455185563867,0.27989470735712213,-2.5606819844237068,-0.15485320256104948,3.5763520529522084
0.005914299146689525,-0.006797833674905804,-0.00491854364004654,-0.006279552743867397,0.2894317531300108,-2.542647934602531,-0.21672704829646924,3.5466665096606986
0.005932516736101933,-0.006774609152774028,-0.004953739607978868,-0.0062507582676438736,0.2826668906935738,-2.545694925834288,-0.18434249655078028,3.5497197375698404
0.005690497435680061,-0.0071979328506872435,-0.004402153722029717,-0.006774313996182655,0.39806477944591917,-2.481632403792037,-0.7282073707985209,3.516657030635309
0.00574932743648604,-0.007016870426682449,-0.004581979398514808,-0.006534761184958133,0.34697286973776814,-2.4906191246711145,-0.5150159387562104,3.4876262570193446
0.005892766773692229,-0.006839899730005859,-0.004872449100159614,-0.006336625856930391,0.30161401724885684,-2.5448855213629833,-0.2677032245080118,3.5560137318448786
0.0058713456817249534,-0.0068597668807932645,-0.004832130016475537,-0.006357310748737137,0.30676938411102356,-2.5361639886740357,-0.29928415486040794,3.5427410395811623
0.005770279996591387,-0.006987126697973961,-0.004626976322844395,-0.00650135063107344,0.3396914172479465,-2.499402781980185,-0.47584054041536167,3.497510113691011
0.005784338306089559,-0.006954220677065008,-0.004661849128347707,-0.006458249163650853,0.3305588827383248,-2.5002508719593286,-0.4371891131830445,3.492865287265186
0.005847199720485265,-0.006879186908969536,-0.0047874495625646754,-0.006375327444911763,0.31155078994463165,-2.5243978387153585,-0.3319495406253879,3.524111188099336
0.005825021019980875,-0.006901855119364055,-0.004744759321599654,-0.006399086958951483,0.31714078977365423,-2.5151130593405764,-0.365803489490176,3.5107616652943787
0.005803490814369232,-0.006927520527579144,-0.0047018012254166274,-0.006427431839028081,0.3237397482166821,-2.5068446836707436,-0.40175463066462197,3.50005333387321
0.005886033634578569,-0.006806446488699875,-0.004870776224194947,-0.006279344859986777,0.2909735925065111,-2.52423634883213,-0.24341763262815724,3.5138424235194314
0.005691306715204565,-0.007171484512021096,-0.004417896985970956,-0.00673439659021442,0.38952452489739375,-2.477349588410028,-0.6989302513521779,3.501296417152774
0.0056965808193758,-0.00714719597589591,-0.004438854855631054,-0.0067009374081934215,0.3823652488521221,-2.477236367723982,-0.6709398830149644,3.494467854897509
0.005702078673459259,-0.007121015048433327,-0.004460671524705132,-0.006664607676869959,0.3746090570907485,-2.4764099434215527,-0.6411136258912875,3.4860829082750784
0.005705734053934424,-0.007088553992652328,-0.004482196198098577,-0.006617246646247985,0.364548012067177,-2.4719198248200684,-0.6059136506551716,3.46981297976724
0.005698944016016451,-0.0070511060838115616,-0.004489276106129003,-0.006555468852285911,0.3522003478137573,-2.4564557200706507,-0.5708020410614428,3.433291650690207
0.005716237509715376,-0.007016148078434068,-0.0045311801320245225,-0.0065129332420265805,0.3433147936855368,-2.461716095224578,-0.5292621048929734,3.43531966358124
0.00545291034240188,-0.007746140992094082,-0.003643986551181567,-0.007353508050715703,0.5098810900716256,-2.2233966662234645,-1.3931615922424772,3.2663384493545506
0.005443032169802167,-0.007778312859220746,-0.003600007529022045,-0.0073857409473426835,0.5153357617369133,-2.2040194773770874,-1.4302019047463204,3.2478424115859967
0.0054346785737637345,-0.007789757586544174,-0.003577957091708435,-0.007392167772747577,0.5154604930997692,-2.19260207514148,-1.441752203808541,3.2324092825734643
0.005443441209043308,-0.007761954933943146,-0.003616405527848567,-0.007364811638424325,0.5109305604258308,-2.209822782699336,-1.4100499090408778,3.2491910328454976
0.005484837056501889,-0.007692662876813423,-0.003736659588868671,-0.007313761259966994,0.5053685618930377,-2.268033384431068,-1.3343650231078963,3.322369599147843
0.0054862738318608405,-0.007676628712779923,-0.003753263161739184,-0.007293501007129331,0.5010357520892592,-2.2734451565957117,-1.3146251002930118,3.3238571931755745
0.005472945965458472,-0.0077059744784233174,-0.003708381617688431,-0.0073199850830405954,0.5051747329846196,-2.253457460053522,-1.348314680604023,3.301574647864115
0.005455509150031986,-0.007716520467931167,-0.0036753470302009436,-0.007316937833193587,0.5024820848920858,-2.234541643482249,-1.3572405745534757,3.2707804877248496
0.005443007684444066,-0.007730884457241599,-0.0036454007196510805,-0.0073236475872452056,0.5022891009315319,-2.2190809109443204,-1.3717249533505884,3.248909062036457
0.005485969069461704,-0.007646091862349762,-0.003780217991213497,-0.007251779288892921,0.49203751846827276,-2.2802796891385726,-1.276713088180206,3.3205164197471144
0.005498841066325165,-0.0076319355673401,-0.0038102530317279466,-0.007244695858977767,0.4918461294611755,-2.295277304320957,-1.2613209313620866,3.3419127274263007
0.005477265705302711,-0.007659604875850812,-0.003756408542608298,-0.007261791370974669,0.4932868340909286,-2.2691531095794866,-1.2918318965816604,3.30630098220627
0.005511612676823291,-0.007600735119729352,-0.0038548411413758268,-0.007213763825171381,0.4864093604840503,-2.3132561398907296,-1.2244525248776004,3.360338993334427
0.005493919612016549,-0.007613469025361018,-0.0038195383273546464,-0.0072147312739742975,0.484908879135256,-2.29429676698715,-1.2378814987646989,3.330523952482244
0.005655896841630484,-0.0072301486569854604,-0.004331145706176944,-0.0067975609746724385,0.402842398014479,-2.4544958791104423,-0.7739873912415868,3.47656199070147
0.005659729816027491,-0.007203488074597836,-0.004352223281735963,-0.006760128272160244,0.39476034373850183,-2.453954597641632,-0.7435813585292487,3.4676703167998695
0.005573876846240334,-0.007487740607880357,-0.0040349746144334895,-0.00711101128634562,0.4685304211746564,-2.3868683180851904,-1.0883523959519341,3.4465217397100276
0.005571243085181499,-0.007469328562889921,-0.004045316070371934,-0.007082127514014346,0.46184975732164996,-2.385441429012791,-1.065854780986289,3.4357472265490556
0.0055273314482225215,-0.007572788965389131,-0.0039003309122813616,-0.007189509538973749,0.48243209432287676,-2.332768025401258,-1.1915036031517194,3.3836797742035514
0.00552733633541032,-0.007557028519603697,-0.003913407586908391,-0.007167435860834423,0.47747834207211187,-2.335010360511977,-1.1720966499093581,3.380337684754111
0.0055086767493718195,-0.007582937574013802,-0.003865847546611761,-0.007186373510802926,0.48016718271481457,-2.3134494677798205,-1.2022442601464176,3.351856644924402
0.005555353462199296,-0.007501119851099203,-0.003997963287374358,-0.0071136731796987455,0.4678324222738251,-2.3679429650550072,-1.1047319413157,3.416764454168239
0.005530906456445,-0.00753179571520377,-0.003938939159644506,-0.007135223369775114,0.47092564126784564,-2.341498980311062,-1.1415066078978635,3.3808159901845682
0.005535681123369215,-0.007514804677333029,-0.003959231372540398,-0.007115532946778567,0.4668417803709527,-2.3478662481960018,-1.1210500327522466,3.3850817439898178
0.005518704806918127,-0.007542412453038741,-0.003913241716040958,-0.007139096929301221,0.47079615044150064,-2.328639707945465,-1.1537731891110574,3.361423371099057
0.00561087266718372,-0.007404430309941894,-0.004150975259818396,-0.007021774512603769,0.45050526785063033,-2.425300085384068,-0.9846032570970494,3.48351350184203
0.0055958402481768406,-0.007417778790132723,-0.004119301857485084,-0.007028556186720812,0.4513373367799936,-2.4107605758913437,-1.0021185660907153,3.461692376342618
0.005581689018611327,-0.007433141055086663,-0.004087476057858914,-0.007038822096979495,0.4529168532480839,-2.396873733293996,-1.0216407129477558,3.441978977347581
0.00556596814207238,-0.0074483563363066324,-0.004053486731530293,-0.007047283736076176,0.4539265289827265,-2.3812939573807412,-1.0407909879201862,3.419148080422613
0.0056040602438397445,-0.0073833277771325305,-0.004155819826962698,-0.006984943686651634,0.4422415942513423,-2.4183754653592278,-0.9602017311995104,3.462360517798157
0.005604344776277734,-0.007361342005559931,-0.004171379016425179,-0.006952805967797072,0.435183628319084,-2.4179965177338647,-0.9342979421101302,3.453406490585266
0.005642213287040709,-0.007276295851013569,-0.004282868499174704,-0.006856574942270587,0.41533219741605176,-2.4475644062685995,-0.8292538143123106,3.478398532524931
0.005631930275438149,-0.00724527640526501,-0.004286247476869841,-0.0068022409393779446,0.40335138597699555,-2.4342916665594134,-0.7968118975118204,3.4442139865439017
0.005618221808107928,-0.007295220002243974,-0.004235243836989477,-0.006866109191793322,0.4167643373701942,-2.4268789176086067,-0.8557481852360161,3.4466277889427475
0.0055863034532992115,-0.007340903969540059,-0.00415862381476999,-0.006908146575667062,0.424805209570605,-2.400058630690331,-0.9130648779617686,3.4129219017338817
0.005598726152471272,-0.007316902620120758,-0.004192582802322472,-0.006882816995340174,0.41968170498055885,-2.4103097969518,-0.8838502236154072,3.423482181753157
0.005425003597117198,-0.00780341531850053,-0.003552009858697715,-0.007399997098485474,0.515684733010393,-2.179173629725556,-1.4554182718665014,3.214411499864377
0.005372654220164447,-0.007922730412954469,-0.0033639285901457495,-0.007495472922804743,0.5261309915869152,-2.085061453399782,-1.58007688804384,3.106008760807756
0.005373226871888006,-0.007906199880876458,-0.0033820993394780142,-0.007475867455626341,0.5223491699336402,-2.093079766932446,-1.560478317480923,3.110496574088881
0.005360991896457048,-0.007951629226472435,-0.003318839364651793,-0.007518211739721889,0.528286981945969,-2.061749812838762,-1.6092901046169725,3.0794704273911497
0.0053626490100548005,-0.007935445208922408,-0.003338228106959725,-0.007500429187597614,0.5251433504343258,-2.0708730248708167,-1.5907623585280997,3.086231065653362
0.005332899082380727,-0.008006511523992914,-0.003225433050229754,-0.007553519739250209,0.5291357546099899,-2.0114413527725747,-1.6601514166053553,3.0173296066468205
0.005341767872727523,-0.007992175906761396,-0.0032516987537621945,-0.007546131067275752,0.5296212846490648,-2.0259114992688976,-1.6479104451882858,3.0362677416437083
0.005349943462449972,-0.00798074855087439,-0.0032739363866276737,-0.0075413094692847946,0.5304237309512265,-2.038295361208739,-1.6385390957910828,3.053140479173503
0.005350233804479782,-0.007965102180846072,-0.003291360675281608,-0.00752299603326484,0.5270052080279025,-2.0464192738263844,-1.6201490734730122,3.0579861005979576
0.005415551727461665,-0.007819303016343315,-0.003524109227870557,-0.007410744571543832,0.5164021253488734,-2.1650187757853145,-1.471678239814304,3.196442438700482
0.005399364378400777,-0.007831855642372623,-0.0034909963637230613,-0.007410231152230508,0.5138027471003643,-2.146212790961343,-1.4812227981447752,3.167096919076893
0.005371421702314302,-0.007875019588210108,-0.0034122712537839896,-0.007435655717419959,0.5142626246435517,-2.1051312126443946,-1.5224369434601133,3.1133475096987246
0.005379169340625336,-0.007860489640990547,-0.003436734392077895,-0.00742556559528447,0.5135890142789729,-2.1176416086061405,-1.50814044533268,3.1287603545555585
0.005388192697611112,-0.00784570184635004,-0.0034630005240506895,-0.007416297065984823,0.5132364768271717,-2.1312309059167727,-1.4938326993799045,3.1462137263168355
0.005362691519519053,-0.007888752613958069,-0.0033873759156335084,-0.007443606231572838,0.5143222447588425,-2.092014563814413,-1.5352218733032774,3.0962419237227774
0.005194171632003687,-0.008620139971822548,-0.002299704880759408,-0.008009582383327524,0.5462285569729431,-1.4618592668303405,-2.202435750823107,2.4316941301662247
0.005182883905040777,-0.008608802654933596,-0.0023065512849757322,-0.007986555762631756,0.5344534732849787,-1.472108003639083,-2.1795588713621274,2.431430275297806
0.0051813790074210645,-0.008665499445531182,-0.0022241215287648356,-0.008030899038868484,0.5401075338722308,-1.414010929993914,-2.2297179266636817,2.37580394980473
0.005165920123604159,-0.008669404264052194,-0.002206233791340224,-0.008015281620580931,0.5274514258501605,-1.4085847309496657,-2.216245116516335,2.3573882317248827
0.005185595749722576,-0.00865036608114991,-0.002249326169770057,-0.008023876075665045,0.5427432177798657,-1.4299095578956846,-2.220770977073051,2.3944566252779107
0.005170102590117865,-0.008654258433136823,-0.0022313243016351962,-0.008008251090113475,0.5291204404396761,-1.4245199924899794,-2.207291952692237,2.375939696443503
0.005189859973827203,-0.008635246202199699,-0.002274516973487868,-0.008016771591062122,0.5449758102699668,-1.4458574945036509,-2.211680579499301,2.413076764968717
0.005178564299494975,-0.008623963594495606,-0.002281460874595372,-0.007993870563540765,0.5324895070834744,-1.456290624127506,-2.1889221438946804,2.412949165026532
0.005174313027482319,-0.008639115922261473,-0.002256391276075551,-0.008001112722988576,0.5307451324534055,-1.4404226308934407,-2.198180242109075,2.394455410942499
0.005137541271923805,-0.008718739277230358,-0.0021131723622384844,-0.008020037399662443,0.5154508689658357,-1.3499201795958244,-2.231290069477712,2.279059832979169
0.005141844262353452,-0.008703592860023767,-0.002138339156269965,-0.008013629738243771,0.517653643251045,-1.365818572508684,-2.2230880588919146,2.2977515083483975
0.005150201605189903,-0.008673253852113696,-0.0021884434436395934,-0.008000054704480274,0.5218660896681149,-1.3974397668418008,-2.2059154386108744,2.334688933081917
0.0051460621984027125,-0.008688427362479092,-0.0021634347272909897,-0.00800696372144699,0.5198136765851299,-1.381664586841888,-2.214624458347988,2.316299634497199
0.005244717217658645,-0.00845491564632612,-0.002575126822855813,-0.00792532527576738,0.5595691691593928,-1.6348931714383126,-2.0924376123662287,2.634619391950125
0.005229021934125209,-0.008458110448784003,-0.0025562115788171362,-0.00790954271724432,0.5492868793105475,-1.627504809184564,-2.0795861662016253,2.6137809977915647
0.005249594624691071,-0.00843998436859241,-0.0025999727430256934,-0.00791720922256609,0.5623829576463347,-1.6501090158031486,-2.0817409571138192,2.6527081211259067
0.005233913486943528,-0.008443176153208472,-0.0025809873685287282,-0.007901473925695568,0.5499820999957946,-1.6427700883322327,-2.068957164672202,2.6317108593865637
0.005254518907788254,-0.00842506850832781,-0.0026247976009926414,-0.007909013669152972,0.5647326145957279,-1.6653415613495894,-2.0708855210785773,2.6706695094872512
0.005238801994443188,-0.008428245953987131,-0.0026057098599102176,-0.007893262095310142,0.550529278215062,-1.6580216596262318,-2.0581191161179437,2.649569821724082
0.005259490019987282,-0.008410168207199323,-0.0026496156171422064,-0.007900733832853946,0.5660653953004186,-1.680658459795022,-2.059847793134875,2.688559139866903
0.005243701719927625,-0.008413297898562102,-0.0026304172822754217,-0.007884904063544,0.5511634288380781,-1.673247978003501,-2.047077827448922,2.6673777107063295
0.0052486400488443025,-0.008398328492237175,-0.0026551360553428304,-0.00787642688696148,0.5520141632126854,-1.6884212695092347,-2.0358710176439754,2.685143594100763
0.00521291734175318,-0.008461188199939894,-0.0025373763244398357,-0.007893897059913571,0.5432794181730153,-1.6148094314316512,-2.0700974785235693,2.5885060232517065
0.0052078847720381785,-0.008476177098981427,-0.0025124865640093513,-0.007901649497679594,0.5420547140280697,-1.5994923746025955,-2.0803497973970306,2.5703938651241978
0.005198190914559662,-0.008506534614478102,-0.0024623896700081953,-0.007917482672175942,0.5397187580294015,-1.5685784101270477,-2.1009642084190863,2.5340976897677403
0.005202941902655083,-0.00849130321676868,-0.00248744801143398,-0.007909482152955187,0.540874110145298,-1.584055532782874,-2.0906218295714107,2.55220612601646
0.00518033148115225,-0.008567091100897309,-0.0023631636982634446,-0.007949018588088044,0.5340589670017096,-1.5069570193145816,-2.1411721234113608,2.462410666944638
0.005184825650358533,-0.008552056612838053,-0.0023879221550566648,-0.007941478092129195,0.5356906084313772,-1.5223832192443665,-2.13149777845839,2.48044154280726
0.00518923120617512,-0.008536972305878713,-0.0024126288592259434,-0.00793364666594489,0.5371888918707075,-1.5377463755643488,-2.121533351911508,2.4982998632058884
0.005193650159452428,-0.008521788379108197,-0.0024374343622358234,-0.007925598197180606,0.5385223905905406,-1.5531336594297287,-2.1113191357538175,2.51614623132574
0.005175743082054291,-0.008582168994380699,-0.002338224034982383,-0.007956340938006469,0.5324045215108005,-1.4913965237766964,-2.150628875030249,2.4441382890354784
0.005171207957940197,-0.008597355313557372,-0.0023131364435530744,-0.007963670139100673,0.530803996055578,-1.4757233366035927,-2.16004528652719,2.4257632609879276
0.005237241360716005,-0.008386295530114827,-0.002660275615932441,-0.007852018343219845,0.5484087040602229,-1.6898343053892575,-2.015602309138244,2.6762296263093286
0.005242226157300447,-0.008371170099851914,-0.002685003588689398,-0.007843200068677643,0.5490952661116434,-1.7047968427411926,-2.004124965111892,2.6936764242997686
0.005320102821566528,-0.008121490248985393,-0.003078846572413358,-0.007671048361477376,0.5465468846580318,-1.9353430222251256,-1.7862702045883483,2.953314033673358
0.005325940079642974,-0.008106901150692028,-0.0031026304212764424,-0.007661160111392736,0.5462818435645177,-1.9487380257475173,-1.7730149935148318,2.9690445763255853
0.005332040392832714,-0.008092263418808587,-0.0031267061424853477,-0.0076513624601346085,0.5460744252592784,-1.9622586378834825,-1.75969527348917,2.985070426207166
0.005303718285406024,-0.008123137212156321,-0.0030586716774384693,-0.00765479412766578,0.5399206057389704,-1.9222385096954342,-1.7780888988367083,2.9262642722509438
0.005297369686544058,-0.008137261221695375,-0.003034949583931237,-0.007663401648996188,0.5397344463379542,-1.9087971046506136,-1.790145528697377,2.9099417610899767
0.005275554385876765,-0.008197374875200086,-0.0029390570937659444,-0.007704293728465871,0.5403468202937707,-1.854290402021629,-1.843030915123151,2.847068683849297
0.005280887094324259,-0.008182460242050512,-0.0029628655921300835,-0.007694282215549456,0.5402669517241748,-1.8679312357796938,-1.8301006334851027,2.8628052383657985
0.005285618145675096,-0.008167270527582265,-0.002986285873671005,-0.007683159625309238,0.5398305245665805,-1.8812102086727582,-1.8163155278772705,2.8775623758179747
0.0052911137640371765,-0.008152094816286535,-0.0030104385156922036,-0.007672749130477841,0.539628979795639,-1.8948938393501809,-1.8028848344814505,2.893315957762557
0.005233610802197523,-0.00830019217692245,-0.002768046660052609,-0.007763489264041026,0.5363022193883825,-1.7545222895290316,-1.9238458099964266,2.7272009771174006
0.0052396002767769794,-0.008285233309594294,-0.0027929444644847635,-0.007755189613199436,0.5370757917035883,-1.769186514024318,-1.9125475702436059,2.7448306950550485
0.005246038369186907,-0.00827060899343394,-0.002817837026212239,-0.007747586178558391,0.5380140712840998,-1.783822399790808,-1.9017398151696199,2.762805270857365
0.005252855831805967,-0.00825654477302384,-0.002842389725260273,-0.007740841530516396,0.5391090416067225,-1.798247584340066,-1.8916071587157808,2.780926008853562
0.005258299856235144,-0.008241791549005425,-0.002866350375108902,-0.007731706110005044,0.5394436404426913,-1.812222648968256,-1.8795978370262019,2.797314893214811
0.005263229276940476,-0.008226557587016516,-0.0028903082678925617,-0.007721347178677726,0.5393898325095852,-1.8260868249295996,-1.8665518806021473,2.8130360162231116
0.005268937470474213,-0.008211464921072399,-0.0029148384539188876,-0.007711855810370062,0.5396351629219419,-1.8402631748738043,-1.8540285123757698,2.829689489612878
0.005230114643095671,-0.008358607987917861,-0.002689682301592232,-0.007817139031462294,0.5413917489711356,-1.7082000411809155,-1.9814355699582313,2.685224752793047
0.005222602419087303,-0.00833038746338302,-0.002718722429048613,-0.007781014185440354,0.5349562781301099,-1.7253601549788302,-1.9469050352014479,2.6928059000183207
0.0052173763261867045,-0.008345589907557632,-0.0026941195736682887,-0.007789970505027597,0.5342944808369331,-1.710747195086929,-1.958485275484298,2.675745829119713
0.005214828788098795,-0.008301739242402118,-0.0027473514022025927,-0.007743935993099488,0.5281120579292337,-1.7419911937570145,-1.911752463126372,2.6996074302052406
0.005209234085347886,-0.00831694633513832,-0.0027226478735968645,-0.0077527271885486386,0.5274119880438813,-1.7274895152367262,-1.9232391748096067,2.6824974594111715
-0.005366587735263325,-0.007892315264309335,0.0033884586046264817,-0.007451982992865183,0.5166815646313251,-2.0936365239401664,1.5411890948007523,3.102075625932517
-0.005363410599624887,-0.007910205087438837,0.0033658932696211705,-0.007470578726933334,0.5197118014156041,-2.0831257985033216,1.5610942396419942,3.093196374401679
-0.005347253584099708,-0.007938480888230152,0.0033164286932355334,-0.007488004439014716,0.5200658721138504,-2.0568810551173224,1.5873919332683541,3.059917605360726
-0.005346459615626554,-0.007917786272868816,0.0033373602031560785,-0.007462252009190027,0.5150911779522026,-2.0657836224435164,1.5626959626798003,3.0633488903089634
-0.005297385844805529,-0.008180576416205319,0.002982919339673691,-0.007710647944162172,0.5471765121266429,-1.880676859654369,1.8389007113315687,2.8894659894417067
-0.0052915542664295,-0.008194931501750184,0.0029591292467808917,-0.0077195629762712775,0.5469790999812932,-1.8669475193674068,1.8510564340151079,2.873090358678344
-0.005285505456963006,-0.00820929905448234,0.002935043996375794,-0.007728106684914668,0.5466018347553058,-1.8529845542039525,1.8629057914970983,2.856248718217252
-0.005286834017174508,-0.008168190715401922,0.0029864940971982214,-0.007685503575724902,0.5404326284120194,-1.881536852880085,1.8180600338257504,2.8791221148911172
-0.005309901252939072,-0.00806611491837733,0.0031318226074068104,-0.0075975386774266435,0.5317289734348382,-1.9609627216722816,1.7166471421922893,2.959538110028825
-0.00530468482787307,-0.0080811994275199,0.003108621812121217,-0.007608964588887359,0.5325593195370941,-1.9483366388236598,1.7308944419754597,2.9454126102969376
-0.005310070167407072,-0.00810843490862499,0.003083029859825427,-0.007645405198945789,0.5398253393428997,-1.9360255886226037,1.7651472474066943,2.9428150425191935
-0.005301755317725117,-0.008095163102118936,0.0030891986776946014,-0.007621472126993353,0.5339210456259418,-1.937923381983503,1.7450726232020788,2.935163126506024
-0.005302130472628441,-0.008122464742329758,0.003057704700415839,-0.007652301344542104,0.5389888467932127,-1.9215820259936207,1.776290482430649,2.9241688719620633
-0.00529606958807666,-0.008138071280418652,0.003032558479318638,-0.007662860073361981,0.5392396384571984,-1.9074398519672713,1.7901772343825664,2.9076636964249314
-0.005291232186536011,-0.008153435601052804,0.003008966022980252,-0.007674343502654933,0.5398309445072708,-1.8942021330505099,1.804389725377355,2.893002682903886
-0.005332696069719628,-0.007965843694419905,0.0032697107734694984,-0.0075054376460236315,0.5204897833078429,-2.0320143897726104,1.6126443537472637,3.028967877499475
-0.005331576725660636,-0.007946932984080664,0.003288671634061944,-0.007481809760846289,0.515884578432118,-2.040270413252704,1.5900840535985663,3.032090008163608
-0.005316357117400383,-0.007973863987531667,0.0032417808298313183,-0.007497822553713582,0.5158130912642402,-2.0151793534526465,1.6140485342490793,3.0002852417248747
-0.0053149604956575225,-0.007991669991386166,0.0032208137358612676,-0.007517203490737545,0.5190597831095217,-2.0051158359082284,1.633869085930246,2.992836173548406
-0.0053109710871333295,-0.008008220228593911,0.0031980197747525315,-0.00753225007049032,0.5208453130087528,-1.993444072287508,1.6508802834809924,2.9812904711846175
-0.00530631892833051,-0.008024820646201724,0.0031742715103974836,-0.007546500014190045,0.5223889281858054,-1.981066229685944,1.6674770000974475,2.9684264338158535
-0.005300209706774588,-0.008045264593572658,0.003144422676774505,-0.007563416840229266,0.5239735575197036,-1.9653121813441774,1.6875126008545271,2.951657034377488
-0.005425242447900615,-0.007717871977733762,0.0036342200772637692,-0.007289274344849461,0.49307421736302287,-2.206888497924735,1.3514535584061864,3.2178399932798896
-0.005467476596370721,-0.007620938714416695,0.0037770657286225347,-0.007200221881859321,0.4792047749361411,-2.26837491483725,1.243266467772611,3.2848910859892997
-0.005463679995867212,-0.007643466295394842,0.0037523570136232245,-0.007227112660419227,0.4845497446893964,-2.2602035643531226,1.2698407676725785,3.2806823430888707
-0.005455416330960748,-0.007665618588408001,0.0037216479923094406,-0.007249048324113271,0.4883774429513679,-2.247622273097539,1.2951034647700397,3.26810416533182
-0.005433933955191493,-0.0076962995725545135,0.0036654510253148814,-0.007269293694259874,0.4900256135872111,-2.2205339947986213,1.3276055933996427,3.2323832046741545
-0.005437958512898785,-0.007673962586672515,0.003690933576352665,-0.007243580399558318,0.485133030274756,-2.2298173755527073,1.301709762662856,3.2383547893973783
-0.005460783040401343,-0.007596957126123523,0.00378841195777728,-0.007161543615781847,0.47038574615160267,-2.2668395955260894,1.2135196940130093,3.2701758149510245
-0.005474427123393726,-0.007571690085989043,0.003828033452547903,-0.007139535459803601,0.4671344079653182,-2.2834379621983167,1.1852109515943388,3.289694841195866
-0.005466707070293781,-0.007547101230326765,0.003837510463872889,-0.0070989795135958265,0.4579106914126336,-2.280182069193193,1.1554181999066113,3.2723056072699097
-0.005464786581017015,-0.007525362698040586,0.0038522069967265316,-0.007067523812089164,0.45111199471892743,-2.2812501992449237,1.130023938990258,3.264854974026562
-0.0054132847791899755,-0.007748360840991952,0.003590154872173026,-0.007317329485842759,0.49716859302011424,-2.187267723060724,1.3849630385282106,3.196986802093367
-0.005405240355157933,-0.007726986142721699,0.003599728842706249,-0.007281840543394592,0.4890031249772198,-2.1866565219167278,1.3572941793976012,3.1837123216124144
-0.005355283919865274,-0.007879153617573239,0.0033881719596532385,-0.00742428093677989,0.5095070415718952,-2.0898996491848774,1.5209286556392276,3.0856193792679827
-0.005356623730905571,-0.00786255937000503,0.0034067273593089632,-0.0074052520707116485,0.5060899256539404,-2.0978599512959657,1.5019263020805909,3.0906407164177563
-0.0053644238630794336,-0.007842093853066015,0.003436983609584245,-0.007387791697003791,0.5040364874010165,-2.1124785445180247,1.4808151192838415,3.106636484733315
-0.00539748801665927,-0.007779514400944721,0.003540108163205316,-0.0073418735590875415,0.4999894627396116,-2.1634167732612153,1.4176659765823916,3.1686295285724877
-0.00539760519960247,-0.007761294206713957,0.0035577001802599454,-0.007318662215322231,0.4951462251572688,-2.169528257047003,1.3959728974846841,3.169876903551609
-0.005382500006761338,-0.007808903308883365,0.0034924958687872665,-0.007364319138552358,0.5022903203349863,-2.1402399428761587,1.4478794826739059,3.140849519760339
-0.00536703245922974,-0.00781994426633102,0.003462224819972464,-0.0073627968909950854,0.4994918664633804,-2.123076868285909,1.4556802085195917,3.113819388036629
-0.005382761688582909,-0.0077900478337852574,0.003511210733734215,-0.0073407428954242165,0.49739821386811345,-2.147149113796857,1.425599395466498,3.143035672283372
-0.005640533891048263,-0.007267344676300017,0.00428584086717243,-0.006841856998409979,0.4121135549032511,-2.4449452525008977,0.8194454394997478,3.470712782328168
-0.005649992383784767,-0.007243642684282895,0.004314323582324481,-0.006813453119748735,0.40600887456100904,-2.4508438371961563,0.7905725811975549,3.474071066648413
-0.005661971592619854,-0.007223198959612501,0.004344369622478666,-0.006791601428246149,0.40157255813691206,-2.459097883142373,0.7646405479199777,3.4829483527444007
-0.005677371392802798,-0.007203424023279843,0.004379029172082812,-0.00677301410348416,0.39778820923910274,-2.4702776422486354,0.7383232007233351,3.4975480257165765
-0.005687486998515487,-0.007182966444856373,0.004405819252844067,-0.006749196787825108,0.3927320980667402,-2.4759956315086957,0.7127725899878142,3.502151591990981
-0.005688689631376567,-0.00715651727260892,0.004421878752326938,-0.006709624357034976,0.3842370960929059,-2.471939961332201,0.6836026692153548,3.487297369055163
-0.005704274517648332,-0.007127899056343843,0.004460572448855068,-0.006676692806102279,0.3771544951293668,-2.480025986382477,0.6476259561913184,3.4944826651067413
-0.005733165279723328,-0.007081683541083878,0.00452780808209879,-0.006624979349126587,0.3660211874748622,-2.4947588142020187,0.5878797436275812,3.509827962241986
-0.005705221387712435,-0.007097485910638608,0.004477108371042649,-0.006630617354316678,0.3674238858711217,-2.47373365613977,0.6153780908768051,3.4754083679592225
-0.006031533092131968,-0.0065277344659038046,0.005151026309594755,-0.00589119365566585,0.21162624959865953,-2.4820334899190057,-0.07201897194548723,3.4180638417923963
-0.00600890815840514,-0.006592085968321594,0.00510876782016628,-0.005987033335652248,0.2294867220549622,-2.504085401473405,-0.011703290045037852,3.460388857874005
-0.006018758774907246,-0.006561481675591986,0.005127739131165702,-0.005941177561450726,0.22097020068274367,-2.4932304573463924,-0.040006566471042754,3.439395224307462
-0.005810287527119985,-0.006972010808667065,0.004696004070351304,-0.006501872507728187,0.33860733219319533,-2.5289572960485844,0.44043319939132203,3.548549732179611
-0.005973617778934269,-0.006628421431076544,0.0050473787916411085,-0.006032319060514649,0.23981007859092038,-2.5001170041854066,0.041590494830649416,3.454373494138447
-0.0059745854876312905,-0.006598316755174179,0.005052925320095208,-0.005984476901446554,0.23153935964820313,-2.4845565765011557,0.01991898369460239,3.4241958614408152
-0.00593234143553196,-0.006720127164982509,0.004965324422244568,-0.00616259445885624,0.26622120096107715,-2.5183900747935746,0.14070956287304043,3.4941996556039343
-0.0059105849631382055,-0.00674172692053609,0.004925832322425004,-0.006187416522681725,0.2721727265851021,-2.512722356652887,0.17336600764032944,3.4856906513707773
-0.005956064787584175,-0.006654302683459752,0.005015346034925903,-0.006066916653711359,0.24730883991586258,-2.5016701766218534,0.07352901652541256,3.4585869497968402
-0.005935826221992039,-0.006689022869575229,0.004976927767197639,-0.006114179311636763,0.25718387148776434,-2.505182722001425,0.11430363742953285,3.467320577796534
-0.0058161289450760914,-0.00694572534421506,0.004715184967358563,-0.006463614461997699,0.3306332352570874,-2.524389374761054,0.41188764511516845,3.5352863057751853
-0.005824425568084679,-0.006920300185199544,0.004737484860251065,-0.006428038107061444,0.32301021935525015,-2.5217923342650828,0.38322261018356313,3.526107322326945
-0.005840632097615047,-0.0069000521449492785,0.004770175664967292,-0.006404987024377184,0.3179072511154661,-2.527440236086635,0.3550358657427261,3.5330764063056734
-0.0058439449025910585,-0.006875144639757247,0.004783548503371808,-0.006367125387202489,0.3102472634169687,-2.5200774867105884,0.33031369538221517,3.515694878007231
-0.005853040766588819,-0.00684730589353842,0.004806592900760195,-0.0063276637110861655,0.30186973372874926,-2.5158393961104277,0.29999497729519803,3.503951212216386
-0.005872343463055482,-0.0068296937707537225,0.0048424854536486504,-0.006309610706236688,0.2976611954362249,-2.5237536080372673,0.2724415249541579,3.5160153751857526
-0.005900503606197601,-0.0067738717005775525,0.004902234017773426,-0.006234206901616682,0.2815659327119322,-2.5204156537214293,0.20643968374578356,3.503110686665877
-0.005893187605189591,-0.006800351451171155,0.004883860757335563,-0.006273130255778408,0.2895682090357659,-2.5270810980430873,0.2334967663577063,3.5183979348464507
-0.005870272817916713,-0.006807671230161687,0.004845273304894117,-0.006273391914500529,0.2904574421726439,-2.5124117054333928,0.2548333746844389,3.4924618436424004
-0.005777495339714657,-0.00700530914594454,0.004630868667304853,-0.006534334758234562,0.3461942931516104,-2.5115987892602125,0.49012536094919595,3.523484566605994
-0.005748460577128898,-0.007009031303577515,0.004583942520286362,-0.006522033171212066,0.34440045988226853,-2.4874297772655596,0.5077370389895807,3.4803198486491955
-0.005781521945928507,-0.006978272323289819,0.004648122914315386,-0.006494327361610717,0.3379004963339131,-2.506090498621646,0.46160508378173754,3.5080343312316766
-0.005736907768058773,-0.00702970801805577,0.004557176658702449,-0.0065468337053154095,0.34970143453844654,-2.4835804348744257,0.5334218054014305,3.4776810223976526
-0.005719728308187049,-0.007049090018132925,0.004522060793677518,-0.006565758606842063,0.3538479304721616,-2.4740172929444673,0.5602166543052912,3.4645898940520214
-0.005617329006192759,-0.007271668782712917,0.004248563100617659,-0.006830450142199974,0.4090379311568951,-2.4238251931493684,0.8293675639962664,3.4334077675315484
-0.0056030346195927805,-0.007289985452213725,0.004216053360888198,-0.006846530784418458,0.4120195026254284,-2.412332436331179,0.85265931043155,3.4182398170074575
-0.0054844487997579554,-0.0075047696184993296,0.0038954114162845807,-0.007056301942361635,0.45050022955988556,-2.3013333282833526,1.1072366349438,3.293525613892068
-0.0054972562721481285,-0.007477266714649122,0.003934309848354542,-0.007029123779104981,0.44569352495929754,-2.31544593303575,1.0757193549276585,3.3083801012457212
-0.005604635197607079,-0.0073350274605800654,0.0041894362741894025,-0.006914237380350694,0.4267236521277242,-2.4169575466650017,0.9036276777400492,3.4420227451599965
-0.005596877896431678,-0.007311684514809977,0.004193215211021974,-0.006873683181359028,0.41777915793938414,-2.4083028115850027,0.8782310427834193,3.4181010255043978
-0.00558131780458292,-0.00734996587278999,0.004145294542923704,-0.00691735702711838,0.42641941414667245,-2.39582329632542,0.9240715412715749,3.4083742255190104
-0.005565986051131038,-0.007367729691404759,0.004110988914009814,-0.006930761305831023,0.42868754596179354,-2.382070040855615,0.9462176649426616,3.3894013669304393
-0.005510994280654043,-0.007454056511646424,0.003970960877107754,-0.0070083139566161435,0.44221734321332334,-2.329595808186861,1.0488881656403526,3.3252581316610725
-0.005552589642189434,-0.007386035331298367,0.0040790356688379615,-0.006946240289444129,0.4313778810459727,-2.3698130784301537,0.9685266072288335,3.3735060581385015
-0.0055295381436408905,-0.007431649135119152,0.004013637497681722,-0.00699230722206253,0.4400256311948142,-2.347718443602338,1.0225362807125322,3.3499898262781462
-0.00553932579879719,-0.0074053288902083715,0.004046475756241701,-0.006962970458755613,0.43428171753725203,-2.3574128511348795,0.9917157367647841,3.357853505361668
0.008442200801821252,-0.004480807428683193,-0.007141138519847026,-0.001957287809927447,-0.018557742134701138,-0.8199737175236803,1.8430406261872636,1.3088280347974663
0.008351403723830078,-0.004479521205967303,-0.007071808899343971,-0.0020480261578817885,-0.0264465571060295,-0.8868217914495267,1.7950779966872399,1.3716172036727363
0.00818902942652856,-0.004417062016603601,-0.006892941231515226,-0.002152966063013359,-0.033259227665260245,-0.9864300967902507,1.6682783879999852,1.4452950138619969
0.008266788454193845,-0.004439043102638645,-0.00697234499220794,-0.0020985382668063453,-0.029879383638516197,-0.9390853960854937,1.724290524237727,1.4075430552613721
0.009041358817321864,-0.004145642682023005,-0.007197701883442049,-0.0011197362578197316,0.06216799651461213,-0.3232221499179792,1.8479920939780858,0.7263113293109759
0.009131966464785321,-0.004042432927528475,-0.007145116567234052,-9.792670911431976E-4,0.07404445249798607,-0.2514596805133658,1.8004638916941855,0.6274946554848054
0.009235148597269606,-0.003952391027459898,-0.007105532093028745,-8.372823472683619E-4,0.0864111914510002,-0.17215203530442183,1.7613229426713837,0.5260803278930751
0.009340495326636906,-0.0038911251513466267,-0.007086680040370036,-7.078210290894033E-4,0.09853230397289854,-0.09224300812182955,1.7382601691297592,0.4326248365577348
0.008499898281317595,-0.004395990091471435,-0.0071088613748144505,-0.0018374753370722335,-0.008537595255674818,-0.7649864993706927,1.8154925076021373,1.2285495633547763
0.008568268542527515,-0.004326142050617528,-0.007095158855876394,-0.0017205325533668524,0.0014872249767840038,-0.7051553486401058,1.8010988496443563,1.1491968879502474
0.008649213335983473,-0.004266110873098805,-0.00709533597122499,-0.0015995772412431472,0.012138255334809056,-0.6377800614576711,1.7961480931625886,1.0660696899642261
0.00873884327411603,-0.004209184256407748,-0.007099885570747154,-0.0014735840655089314,0.02384165089448848,-0.5646342689613083,1.7937512139276528,0.978591539952831
0.008850135942845967,-0.0041674706706748155,-0.007124839303674273,-0.0013349513400311675,0.037402078872212745,-0.47616284152428273,1.8055017753877285,0.8809462348349372
0.008938262068750355,-0.004110384950724643,-0.0071197661186350415,-0.0012138676250075015,0.04882480319785178,-0.40480643451782344,1.795281552405364,0.7955283372220239
0.00936935447617425,-0.0037939137263498846,-0.007014107358990275,-6.514045907536321E-4,0.09937452163621151,-0.07612066948574762,1.6782645683491204,0.39281194221919646
0.009750124386164228,-0.003597087934839223,-0.006926726212358396,-2.3885331137881065E-4,0.13639286974544837,0.189438023644287,1.579293000776192,0.08880576438383801
0.00948158951958955,-0.003747373101410502,-0.007003499479399781,-5.272677655688272E-4,0.1110460831342501,0.005977066378196157,1.6611236310859385,0.30122298165655464
0.009617268205088717,-0.0036604581210834194,-0.0069592919072408,-3.763165133362019E-4,0.12423941333261819,0.09916985380225975,1.6152467736988305,0.19065561067630102
0.010042055369739617,-0.0036121336561294763,-0.0069512679726290985,4.397977088923524E-5,0.17158861712389362,0.40603030491542874,1.579139748033869,-0.1191959212632941
0.010315336338709666,-0.003545401881906697,-0.00688052215098284,3.0177376028131655E-4,0.1960023386759622,0.5855254259729609,1.5072939941850736,-0.3068989418656943
0.01015855460221018,-0.0035407828016606555,-0.006891404459329889,1.5329333865680473E-4,0.1787740078088239,0.47464028419506954,1.5243192495352154,-0.20106374246956546
0.011044320790150795,-0.0031553598577960212,-0.006434048440583021,8.13632202966052E-4,0.219843364156525,0.9096017002411301,1.1450143595153968,-0.6880571992303209
0.01073074455243081,-0.003316538300417648,-0.006634238982942228,6.220146954884499E-4,0.21263512057353573,0.786701300681459,1.3006591922360877,-0.54434204371739
0.01047846034096422,-0.003402229055882215,-0.0067497656610556525,4.2764355131219507E-4,0.19934084456223153,0.6550704602449984,1.3977687560027576,-0.4019848430739205
0.009891607809822648,-0.003556418131473334,-0.006905452924716176,-1.0014929151984507E-4,0.14971651613688589,0.2861380653701984,1.5524398695464734,-0.014083599501265396
0.009772659310368435,-0.0034884734168695074,-0.006845687298114968,-2.0708594177989338E-4,0.13309261245215,0.19069427070240116,1.5124512896641202,0.06503170076357125
0.009566703586501062,0.0037400417037470454,-0.00701460609376084,4.4014474573170903E-4,0.121887171410916,0.06995366624050692,-1.6632519874451963,0.23709185878435884
0.0099474124669395,0.003583781867036718,-0.006928630248682553,4.777707547821254E-5,0.15910231230066138,0.33094104692363113,-1.5673928346917554,-0.05202646320927045
0.010051319480554738,0.003492756285447912,-0.0068590086664549075,-5.093976872896183E-5,0.1625005787063296,0.3890737234416658,-1.5050126389716363,-0.12829855066814883
0.009793211106665834,0.0035897640808098944,-0.006925130464276274,1.964441599998683E-4,0.1402447154039718,0.22031630360746127,-1.5745004361582813,0.05631037730103152
0.009659353469632197,0.003623328337872636,-0.006936195196988323,3.297699861828215E-4,0.12725080283414703,0.1257960994969767,-1.59361604469232,0.15589869044862006
0.011356894647882837,0.003129695871804122,-0.006295824585949186,-0.001019811832090753,0.23347061029904745,1.052499410197626,-1.0452942133393301,-0.8275896995204838
0.011147824481002539,0.0031149206641198483,-0.006372265718736407,-8.719761663400101E-4,0.2222729841202658,0.948473075647915,-1.0987219848802714,-0.7304832058982778
0.01098680252815016,0.0029841517367577898,-0.006351739110670967,-7.163788974762088E-4,0.19967454808913496,0.8286093269970299,-1.0814189179185567,-0.6330625216338811
0.010751758288248283,0.003116325394293082,-0.006498170822715946,-5.866666290043789E-4,0.19469236059124184,0.7403314948618781,-1.1944348377411742,-0.5321241804146055
0.010551280284148394,0.003260310267716942,-0.006637170095628001,-4.6284072623333335E-4,0.1927740081252556,0.6623192018322155,-1.3070263680180123,-0.43425479713090903
0.01033969416786239,0.003196766427068537,-0.006627929879541879,-2.8082264049267004E-4,0.16855152473590537,0.517032134851883,-1.305381369110997,-0.3051875633732472
0.010134381032145017,0.003307632316938301,-0.006721269377166884,-1.1873369248542466E-4,0.15836150465619067,0.4082022440564553,-1.3900978354387676,-0.1811664719040465
0.007650829200215439,-0.005007744135085829,-0.006844420147187865,-0.00318452327581092,-0.08683712981175962,-1.4849554618952434,1.640662202603469,2.118098676081424
0.007571300809846383,-0.004992960829690776,-0.006742993996492491,-0.0032287371622756324,-0.08255582896353064,-1.5213511565452966,1.5656539353644148,2.140778218971008
0.00767853626342218,-0.004932148757856782,-0.006816157928672397,-0.0030786494604758056,-0.08152245353799224,-1.4415770135033792,1.6208045836799905,2.047129184064493
0.007713239954034086,-0.004860753210765999,-0.006798381669046843,-0.0029743316887923953,-0.07641553949150039,-1.3971728367346403,1.6085161965574026,1.9783994291892468
0.007725869909131973,-0.004798197170302979,-0.006763913043654898,-0.002898850287160832,-0.07237509272525007,-1.3685426101162665,1.5839239505555356,1.9276661066209324
0.0077818661675820916,-0.004769318933192909,-0.006799260301126131,-0.002824456012300654,-0.07040875555091212,-1.328164348424494,1.6095010399755547,1.8810093752165322
0.007835560621283775,-0.004726271703578275,-0.006819756828822217,-0.0027373623832869912,-0.06712781171229809,-1.284015921786891,1.6240549134309208,1.8256239671095387
0.007525010618091514,-0.005050173678677528,-0.006732486080783528,-0.0033286321941748,-0.08459434434902922,-1.5677131240130335,1.55608238718302,2.2053232267526663
0.007468877784902868,-0.005093568034343801,-0.006698332391512618,-0.0034199088380762123,-0.08362285572981587,-1.6129019517216234,1.528894205687602,2.2621665381122305
0.007865017400087037,-0.004661793098366825,-0.006798675391848043,-0.002650333188749335,-0.06166388498502554,-1.2477478952113703,1.6084363206345975,1.7692178960339617
0.008113749378200787,-0.004405928683860036,-0.006823163820535874,-0.0022108187766494377,-0.03660553918387322,-1.0318084356921486,1.6195488554885888,1.4845015754457116
0.008038377790747757,-0.004464667562877723,-0.006805027288135116,-0.0023252841427694585,-0.043536917000061355,-1.091743495965793,1.6091419948640109,1.5587106539599433
0.007920915796128965,-0.004576523840944744,-0.006786048247233828,-0.002523897354729862,-0.05462097788385723,-1.1907170979756885,1.5985381846329023,1.6870744279712875
0.00795646447537679,-0.00449515804938493,-0.006756690406066976,-0.0024209293777518646,-0.04832733252433752,-1.1477943260665366,1.5764828956057972,1.620389793215249
0.006290360520670982,-0.006340906355534363,-0.005570974372203425,-0.005648179258834298,0.14890722410674792,-2.5040559991626172,0.4185196406859552,3.4770877094597687
0.006312369768661195,-0.006315467833408967,-0.005604403370533793,-0.005609097259773402,0.14048140027421574,-2.495876307212487,0.4524301458932806,3.4653171302664325
0.006255842480637711,-0.006349900411033598,-0.005514677034623278,-0.005657317599815171,0.15386263946789988,-2.49402261883747,0.37791059304675717,3.4542607444756004
0.006246703930568903,-0.006382631141819794,-0.0055024291034713214,-0.005709861072700177,0.1626437117073765,-2.512239079635154,0.35382594083733127,3.48658589794417
0.0062205011351522356,-0.006395732541551915,-0.0054599200575119735,-0.005726294178116153,0.1676306465123432,-2.5078639506515965,0.32072022972787745,3.4757335531323066
0.006202151266195881,-0.006413771608135301,-0.005430567817979639,-0.005752169466037325,0.17360321010173985,-2.5104426764877172,0.29345309942599646,3.4787402353665726
0.00617149976276553,-0.006419965307160488,-0.0053803602562841136,-0.005755335960416162,0.17729649143779685,-2.497867724676231,0.2597805951661132,3.4530286763988545
0.006017916990164217,-0.006618543666472581,-0.005120323897097684,-0.006033249492732427,0.23652878639532157,-2.525230211477973,0.0011813874953544867,3.5007243377266235
0.005978061253513109,-0.006657248373219864,-0.005050302362426043,-0.006080535287242462,0.2480006093596299,-2.518894275950417,-0.05861936282996993,3.4906354615694655
0.005984066063335468,-0.006625853850038322,-0.005064547666518859,-0.006032216540411456,0.23917042266527347,-2.506043329721987,-0.03146437519516892,3.4652230506878685
0.006120611339509782,-0.006469813924416361,-0.005297629602716879,-0.005823961980813766,0.19288736153661154,-2.501069463483127,0.1848721488408169,3.45571148149356
0.006140885770131006,-0.006442489730103827,-0.005330750404486768,-0.005784691215793118,0.18469591962654017,-2.495394137492927,0.21863307366171128,3.4463398170643873
0.006031072369848612,-0.006538357443605389,-0.005149495252309692,-0.0059080873122023285,0.21444795198308272,-2.4879076007728815,0.06495570404263833,3.429133750003005
0.006081573201352554,-0.0064737789544018366,-0.005234220175394418,-0.005819516929481237,0.1957369499193297,-2.480619005605583,0.14705400988489623,3.4161683324418712
0.006041923053827594,-0.006519301430695577,-0.005168289369896612,-0.0058809350071637794,0.20899975533789858,-2.4836464027942444,0.0858773748650583,3.421085740311002
0.006057986614278665,-0.00649751901270099,-0.005195331054728699,-0.005850861192362442,0.20282682652153097,-2.4806992128943364,0.11269732752587185,3.4157474362280844
0.006013763266582352,-0.006580901067825508,-0.005117792856034898,-0.005970699068038956,0.22629494326529095,-2.5010127174316614,0.02313581008665712,3.4543179341044454
0.006008960654955968,-0.006546047305298165,-0.005113402688914674,-0.005913078480006494,0.21705978157906916,-2.4781693988359303,0.04174870199952047,3.4109437328384193
0.006303207413934958,-0.006275765149047094,-0.005583664881463761,-0.005542329802639759,0.13246211258971033,-2.4633978136425907,0.4571444029751333,3.404936042361889
0.0063134432696047875,-0.006192802214959682,-0.00558700824499993,-0.005408890416407615,0.11390599490650054,-2.409663605905919,0.4955488691647445,3.309904284367544
0.006303956128085211,-0.006235335434190232,-0.0055787559913923835,-0.005476546975788372,0.12361881861403119,-2.4353978340558684,0.47206829421498414,3.354520645089466
0.006358206344928688,-0.006095362171689114,-0.005638879418647259,-0.00525641895857068,0.09102836758045975,-2.3580320795028613,0.5681013832900671,3.2255306506752777
0.006323767461099844,-0.006150975815510108,-0.005595842227285832,-0.005342897022582546,0.10495904908820856,-2.384546066009334,0.518251902280901,3.26683933736266
0.006289675873392851,-0.006161338847714481,-0.005543790576091688,-0.00535702275564951,0.10972926897106475,-2.37917541732794,0.4807543443740011,3.2523402105378794
0.006332241714479096,-0.006115279506990686,-0.005602252342270297,-0.0052869103002328496,0.09707920073112955,-2.363178148340881,0.5365139446338626,3.2304539851882597
0.006392821974039538,-0.006074039923282707,-0.005688492380533727,-0.00522326229172184,0.08370025785529112,-2.35383779251728,0.6087521070488906,3.224144257934124
0.006418288738247246,-0.006037355800843518,-0.005719287778993171,-0.005165329767715221,0.07465062580773413,-2.335483044977749,0.642547040769864,3.196568587811178
0.006445571398534431,-0.006005414688034945,-0.005753286043644639,-0.005114441456501265,0.06609482999732764,-2.320172741030507,0.6766723053201081,3.174948804896379
0.006531288696410829,-0.005964550035433475,-0.00587489454664394,-0.005044445561433534,0.049606623426247505,-2.3094356489599233,0.7745839741952419,3.174447438867585
0.00655569205052942,-0.0059435699436264,-0.005905974300830737,-0.005008989631839698,0.04340605265308484,-2.298726720216986,0.803078384913861,3.1612999147744127
0.006472032504285908,-0.005974546592104831,-0.005785519690110105,-0.005064879291734687,0.05832220673140869,-2.3047551432216973,0.709026479281714,3.153251221032017
0.006498773125772516,-0.00595086385934163,-0.005819706537048942,-0.005026060886541648,0.05170481363714856,-2.293854862831586,0.7401281976048906,3.1397673237541586
0.006575854384275923,-0.005907680966313052,-0.005924577790040177,-0.004950514690415734,0.036063617504199764,-2.2763071894070834,0.827107984952689,3.12653077650076
0.0073183899120332465,-0.005164362459441985,-0.006565350357199834,-0.0036054682880101506,-0.07703653241806208,-1.7095364078057897,1.4256996540386295,2.369578977023949
0.007258251572777978,-0.00518167882524092,-0.0065020592201688945,-0.003663418433048836,-0.07292321488718258,-1.7400882210654418,1.377424004388424,2.3990803533870317
0.0074050285179484525,-0.005086849849326475,-0.006617141400641388,-0.0034552934700500955,-0.07945900691752344,-1.6384795950306381,1.4685311638346297,2.2774169995474653
0.007337496499242042,-0.005098759413740105,-0.006544086277914402,-0.003513201183154555,-0.07559290654535644,-1.6712338002377878,1.414162178790165,2.3066549295705987
0.007104286356612197,-0.005355896993224069,-0.0064143768557189266,-0.003973490121977141,-0.062428074827398546,-1.8791920768386063,1.2963009107771148,2.5896577291972833
0.007190830604910884,-0.005272701405502478,-0.006475697269123293,-0.003817944916921543,-0.06983873721732843,-1.8089307061457978,1.350241711192587,2.4969833366343415
0.007140269800014011,-0.005305426462117734,-0.00643058691071417,-0.003888035202592582,-0.06518409484118314,-1.8415634384239234,1.3136292204587725,2.5356948009276157
0.007196104815077844,-0.005202617419561085,-0.006437455043237883,-0.003725303188203341,-0.06829217709521453,-1.7712536172896731,1.3280838910508483,2.430064892118971
0.006776042254605191,-0.0056539743852010195,-0.006118924371029355,-0.004524190285208059,-0.014688057130425711,-2.1128017993765495,1.0308190909670412,2.8932108847112215
0.0067271122974489495,-0.005676022853698419,-0.006057625854794594,-0.004570220903087515,-0.006804062614706656,-2.128453278986759,0.9815462393349969,2.9066441154838607
0.0067861134935466505,-0.005595462629366484,-0.006105321766549006,-0.0044364363988722184,-0.019381391521005573,-2.0748671480718133,1.0322238245414779,2.8296090117277735
0.006835689964153256,-0.005579807194736917,-0.00616859100698003,-0.004397908964869245,-0.02650640746363674,-2.0612633546838377,1.081424247066975,2.8205117686692276
0.006885749802477557,-0.005564742213065916,-0.006232415228088323,-0.00435862516868304,-0.03369860299751546,-2.0464714807399242,1.1314440809611075,2.810418988214783
0.006942144302710983,-0.005553121968636911,-0.0063067551050469345,-0.004320275296059841,-0.04109743321370208,-2.0310580399515046,1.1889214421568444,2.8024789203575007
0.006996198410630587,-0.005520941159779827,-0.006365250404372508,-0.004251817152973625,-0.048939229282643604,-2.0012259309591474,1.2382423625705308,2.768961570603629
0.007004901859487264,-0.005460065849213988,-0.006341752630066771,-0.0041626169379225956,-0.05105407446245575,-1.962759966900631,1.2290832830139935,2.702597484807301
0.007019536833553124,-0.005398784339121074,-0.006325977091024408,-0.004071988912430026,-0.052899373741573545,-1.9240791531446462,1.225218331684772,2.6385099717739275
0.0070452800248047825,-0.005345595009079171,-0.006329396769764726,-0.00398857091510576,-0.055787298796490935,-1.8886188111045639,1.2344318689958793,2.5842619448058444
0.006582264906222166,-0.00584733882000597,-0.005912230418541358,-0.004856858238303199,0.028000130426328013,-2.23541510320489,0.8356779687115486,3.056296542826462
0.006680051120136804,-0.005769152523882255,-0.006028932482089676,-0.004720010028307869,0.0071750731304491425,-2.1894713062701716,0.9393310791337991,3.0007669221745354
0.0065891172521906315,-0.005795678528018299,-0.005903172644952918,-0.004777796106758634,0.021229884602974453,-2.201309161237694,0.8431317213568398,2.99846998988024
0.006630389542332956,-0.005781314252434114,-0.005959375867374051,-0.004748688812110869,0.014546732324248779,-2.1951339803389627,0.8865762085551422,2.997689258609413
0.006678741241906579,-0.0056989356723342694,-0.005996859375106792,-0.004616008636290177,0.0013197518557791909,-2.143008848808614,0.9328792936107463,2.919121309921358
0.00907824671399152,0.0038557918557864217,-0.006968762504414348,9.617659237189036E-4,0.06574362481569541,-0.294358684002203,-1.665847967005794,0.620970372375438
0.00923713766547699,0.0037936967376117165,-0.006975129877860977,7.83091230459023E-4,0.08359953800026962,-0.17651334022294568,-1.6579473221185608,0.4906996262332866
0.00915228443576892,0.0037846016815523327,-0.006939430015919004,8.630606818707239E-4,0.07230664911387805,-0.2395364213805266,-1.6364351739697511,0.5502174753983916
0.009327279748658164,0.00374067035777993,-0.006959695795723101,6.786055456389541E-4,0.09237139437361962,-0.11112224815687947,-1.6381748568739292,0.4137228638616319
0.009430898902066172,0.003689783745295077,-0.0069460024122776475,5.640790320743348E-4,0.10198873981434078,-0.03629684437729885,-1.6186972623656743,0.3292425828967863
0.008977499490583884,0.0038149652167728215,-0.0068958008437037975,0.0010423954446713726,0.05493591508814094,-0.3670528266983681,-1.6158775754341257,0.6823629707348906
0.008474484514067439,0.004126639573558534,-0.0068711286397817725,0.0016813243361296156,8.386186009779541E-4,-0.7461139653043746,-1.6356390054028593,1.1305340163241528
0.008576876242501433,0.004026606955352409,-0.006857088735106793,0.0015250134644101156,0.013175296565028536,-0.6634675657089947,-1.6176936080222533,1.024329591631753
0.0088608064130795,0.0038027874957974016,-0.006835099504384155,0.0011457984260905875,0.042373323212953895,-0.44841382644699196,-1.5775426378301893,0.7593333563971578
0.00867467228809639,0.003941962743626673,-0.006847723458327734,0.0013869046046166998,0.023438539126045408,-0.5874578745907671,-1.6030521087017018,0.9288737059377076
0.008775476946075994,0.0038649592154722068,-0.0068415066915270455,0.001254013969042706,0.03419086277453448,-0.5115574734696297,-1.5900599867051417,0.8357049248109675
0.008214034270649699,0.004147670721706713,-0.00670738518057585,0.0019250145092687871,-0.01796051455979064,-0.9153801515517176,-1.5288039073648951,1.2993176410140024
0.008345038420337396,0.004021517438470272,-0.006707139443871861,0.0017266265169191234,-0.003953821828331826,-0.8128883882497145,-1.5198324313595784,1.168070083461522
0.00825660608100025,0.004068599565853797,-0.0066806814925008,0.0018329232557253688,-0.01143955167327182,-0.8749764476699958,-1.5057355444852316,1.2402728284773583
0.007917826044193919,0.004285229199400962,-0.006572601491935178,0.002270799515600479,-0.03707177071142904,-1.1137335948087073,-1.4452618025803374,1.525344393583221
0.007998703687319907,0.0042098453381984036,-0.006586811998333125,0.002146744971217659,-0.030567223389279998,-1.0518991161890912,-1.4518984121596887,1.446441605375882
0.008097882779356578,0.0041433338296492,-0.006617854407559355,0.0020167201500055497,-0.023556959024473943,-0.9819115377057777,-1.4692546259114523,1.3621831110226077
0.007593349524629387,0.004340064213990218,-0.00632339852999855,0.002548316845261234,-0.043043161596570984,-1.2812907468866557,-1.2814986676956888,1.6953767625337235
0.007655653948959552,0.004247006597063056,-0.0063224299895626055,0.0024241502404657115,-0.039211379076951235,-1.226780386300134,-1.2796378980084457,1.6201875939448194
0.007785324332782128,0.004234476965896116,-0.0064268380782779985,0.002325153685111194,-0.03675697390241248,-1.1656955719591242,-1.3473609354969927,1.5601662615310492
0.006691071448247369,0.00488953389257958,-0.005670841240623469,0.003568956817923199,-0.023413805407945992,-1.7177426658208967,-0.8473592461842329,2.2105780075436923
0.00656829587789715,0.004889442710398704,-0.0055316066217152285,0.003607177261734647,-0.015497852138080559,-1.725297755319876,-0.7668718187075626,2.2054947632603046
0.005573168329280428,0.0058541983398984485,-0.004525574326758948,0.004853471627272051,0.10953943156176492,-1.9656546380331676,-0.08626117076407769,2.512861343260418
0.005779724608176621,0.005709628595731167,-0.004775206571509591,0.004692612535939468,0.08492663387890796,-1.9765722441701652,-0.22876660522685946,2.534934059171615
0.005662362008354923,0.005758742477416511,-0.004632933216336874,0.004745128809034902,0.09514854526147608,-1.9600823787270716,-0.15602156992568572,2.5057038691091704
0.005816041175010378,0.00560259409151445,-0.004809961920242149,0.004561173455124807,0.07259740228808924,-1.9438914944508598,-0.2729237285051455,2.4846233867688574
0.005892228286376357,0.005529013771739974,-0.004894260551094984,0.004471113031475411,0.06156303017287568,-1.9325456649612087,-0.3280257077086181,2.470550779363144
0.005445499602349717,0.0058333863913641966,-0.0043707822319166015,0.004811652648530079,0.1108504843665848,-1.916887619369987,-0.03803173316253978,2.433319645336244
0.005328444954748091,0.005865781289102976,-0.0042315139859789635,0.004832778019000661,0.11583988341871035,-1.8879608493307387,0.015888889333045164,2.3878762151105426
0.006360795800231341,0.005220591159926492,-0.005400008667466093,0.004046442715881549,0.007652934978056129,-1.8678638952623003,-0.6479113983333726,2.4064078283975268
0.006270689402771383,0.0052485937295140405,-0.00529875832691085,0.004096204388963625,0.016304545376740847,-1.8734834918156025,-0.5879864223540048,2.4057938759839077
0.006393011160126272,0.005090329217127586,-0.005397930634141354,0.0038838997948114342,0.001306523452007056,-1.8118318304193541,-0.6666431538960432,2.3205181092908016
0.006395998514193,0.004962303996523927,-0.005360812029970817,0.003734762217709081,-0.0021135448259036772,-1.7581551211200395,-0.6645272214458131,2.2366089109580547
0.006452867580224084,0.0048724673972054015,-0.005395834848318157,0.0036195143178166865,-0.007526761579766166,-1.7217946568610039,-0.6939367041369353,2.1859116483946384
0.006021882440467999,0.005422516928235338,-0.005035665102807758,0.004335936627482482,0.04510006894721131,-1.9150060771561759,-0.4193062967760414,2.4500823069491293
0.006090234393267488,0.005327247044061012,-0.005099457037551532,0.004214630101724542,0.034250759592717124,-1.8860673487694941,-0.47007050653652055,2.4094084869863797
0.006164256508688681,0.00522901682327526,-0.005165645174586055,0.004088349854316581,0.023500858670575265,-1.854186072656309,-0.5217534155631435,2.3653509963642834
0.005906969972835843,0.0054201099114494335,-0.004895776694929557,0.004338587808411153,0.05225665170720478,-1.892633566803316,-0.35477077843798804,2.4077705937851657
0.005267590132805404,0.005945821104076647,-0.004155831460111725,0.004916185510503871,0.12572575143205134,-1.8889939380740446,0.06363653212602814,2.3905503520556586
0.005226700312391005,0.006065145724790327,-0.004097268001188628,0.005047959291856679,0.13902716466061474,-1.9049468071038598,0.12066672662471682,2.4179563464937743
0.005224177658115619,0.0058252052076006745,-0.00411310758643589,0.004769871833472414,0.1140591428827646,-1.8426774215839516,0.03801303503395683,2.316072931079608
0.006881360355589988,0.004773632156829504,-0.0058340843438023935,0.0033687484497481016,-0.0350634252317559,-1.645954187091755,-0.9559335230925351,2.126895753007847
0.006971571056103608,0.00468270261238783,-0.005889732087424563,0.0032316053401200626,-0.03859127447377881,-1.5933986970605256,-0.9962926180069678,2.058539463426842
0.0070744837725171305,0.004577594804961981,-0.005947089601037069,0.0030735396860868537,-0.04067807315097389,-1.5310736500422946,-1.0371486050873295,1.9775205407556695
0.00747013366618152,0.004342271301723051,-0.00621094447532446,0.0026274316963759083,-0.04308432360109655,-1.3294493356980175,-1.2085013166703051,1.7391799327860757
0.0073634980670679116,0.0043818720517071925,-0.006132673970145863,0.002727246745154969,-0.04237615432933545,-1.3790135580515035,-1.1590415871491604,1.7934155865112866
0.007160218117020223,0.004453705546300045,-0.00597205393457846,0.002905861920943078,-0.03992146448835787,-1.464518277316798,-1.0572388535805894,1.8864699705965646
0.007250194946457182,0.004350098991176085,-0.006007047066685168,0.0027585897989027713,-0.03888925882309282,-1.4036125708820835,-1.081010997776338,1.806279738045001
0.00675109335176996,0.004765318996231979,-0.00568682265349786,0.0034092722972324184,-0.027106571540603978,-1.6603379601017878,-0.8682035012277236,2.1278534693185485
0.0050833328327849064,0.00624416491251397,-0.0039046882265414092,0.00522206504378723,0.15869656189187253,-1.889746099544227,0.23459558201313743,2.4006927036184873
0.005094140406874855,0.00610441901213731,-0.003938614979520063,0.005063747848427291,0.14304821707663895,-1.8643863256791928,0.17446755063976882,2.3560762376929874
0.00496016454857234,0.006304616940464265,-0.0037521698383187487,0.005256565197302472,0.16265055459735264,-1.851332467539103,0.2889525031377645,2.3439675461541793
0.0048440098895519,0.006377998053588902,-0.0036062038374054584,0.005303616822494269,0.16644831517977252,-1.8160075764850632,0.3426607758779587,2.293486936365445
0.005064025718534267,-0.009202404931867792,-0.001329369705810219,-0.008226471235602951,0.43496987470798903,-0.8404077200233048,-2.4689099977370557,1.7104450014105759
0.005048886253954652,-0.009207838016094446,-0.001313665822579989,-0.008210581243598315,0.42682204712601296,-0.8376090555315735,-2.4555012353974686,1.697675456493055
0.005061544257832261,-0.00921791631991809,-0.001303484506932969,-0.00823061230549461,0.43243260078480944,-0.8236993444721673,-2.4737638639770303,1.6913099512169014
0.005066555924529231,-0.00918690126417368,-0.0013552030307429992,-0.008222255209740232,0.43931636959529613,-0.8569105988139226,-2.463995977987182,1.7295498339248352
0.00505148030345088,-0.009192304010370798,-0.0013394535285745982,-0.00820646876582985,0.43077615396790553,-0.8540249299511821,-2.4506080211319623,1.7164970607657792
0.005069134851839914,-0.009171405472706822,-0.0013809960911258048,-0.00821796246669617,0.4448219565927945,-0.87329887388956,-2.458986558730675,1.7485804098915014
0.005054110269752062,-0.009176796109219511,-0.0013651996174742739,-0.008202266838439243,0.4342132943561099,-0.8704789237154146,-2.445596933817567,1.7353257505151156
0.005071762475906215,-0.009155917713659414,-0.0014067860087420292,-0.008213586868713825,0.4494850060044618,-0.8897164961821789,-2.453840439084346,1.76756161703348
0.005056743136944076,-0.009161285314296653,-0.001390931651603993,-0.008197926940209902,0.43748506289241323,-0.8870114687092396,-2.440425369256928,1.7541924737754524
0.005074438771579875,-0.009140438143537983,-0.001432586166418141,-0.008209126119680669,0.45279464616359727,-0.9062065284364617,-2.4485602949251652,1.7865501314855692
0.00505939798776258,-0.009145767332055856,-0.0014166597415590516,-0.008193469214740458,0.4409833683705618,-0.9035798837789638,-2.435125148984453,1.7730966964495793
0.005077163713119264,-0.009124966919156605,-0.001458374343497373,-0.008204584055146503,0.45606969437680095,-0.9227122066499914,-2.4431801028188986,1.8055665408438448
0.005062109404446673,-0.009130256368914942,-0.0014423769048076925,-0.008188938770658209,0.4446253167421244,-0.9201267068620157,-2.4297381446989585,1.7920158424796047
0.00509453340796357,-0.009032323652033136,-0.0016127540588525557,-0.008175639346217635,0.47775698660474303,-1.022057333042919,-2.4087129768504085,1.9197865787970365
0.00509759809889699,-0.009016915263030919,-0.0016384521865213202,-0.008170527986303156,0.48007083413761603,-1.0386496971376273,-2.4025767050040945,1.9388639954406885
0.005082325659656577,-0.00902196745923199,-0.0016218548970752548,-0.008154831776406442,0.46781900215071476,-1.0355361639248912,-2.3888838901080724,1.9244541697476325
0.005100711207802963,-0.009001516484536435,-0.001664137651018887,-0.008165335265311328,0.4821800573495519,-1.055202474504865,-2.3963354696424806,1.957979762446314
0.005085427856123519,-0.009006515072328632,-0.0016474688163702672,-0.008149647247515034,0.47129602001254783,-1.0519663380034718,-2.3826375865684746,1.9434019850585795
0.005133311597709912,-0.008733964358415993,-0.0020879134166326557,-0.008026445729143688,0.5132873127597141,-1.3339442193481164,-2.239448081753799,2.260322025663712
0.0051292292944810445,-0.008749301091698048,-0.002062565984374616,-0.008032964375963009,0.5111256513722449,-1.3178861480780777,-2.24765280647296,2.241587020681116
0.005107224834213384,-0.008841679460812131,-0.00191091823187863,-0.008072191654973021,0.4970233317476596,-1.2213979853427925,-2.295768965788388,2.13019468712087
0.005125283334148927,-0.008764708814142421,-0.0020371770716740636,-0.00803954840621464,0.5089271690945883,-1.3017784001680097,-2.255860401385874,2.222874768182535
0.005110824688188495,-0.00882636467666856,-0.001936123173294224,-0.00806599521127198,0.49962309052024184,-1.237463460173518,-2.288170782698336,2.148774137943006
0.005114359086415926,-0.0088110189769167,-0.001961291689811084,-0.00805955595049463,0.502134411923833,-1.2535041089988719,-2.280324452657858,2.167253251986421
0.005117851319464563,-0.008795607880229487,-0.0019864865430248113,-0.008052876231900978,0.5044759761741372,-1.2695548801847094,-2.2722251193509018,2.1856797389416465
0.005121474241093503,-0.008780155403335323,-0.0020117906808800865,-0.00804617427687483,0.5067130449324063,-1.285652467087905,-2.264044218757728,2.2042127035174164
0.005120404840570064,-0.008909334570059206,-0.001817763854225795,-0.008132514221003409,0.5007497577267174,-1.1539855151309963,-2.356572144143579,2.0724661243646816
0.005108521392043853,-0.008898630711995953,-0.0018263097116890013,-0.00811110983882713,0.49211458559947635,-1.1666527390190604,-2.3357851500425864,2.0759236973271573
0.0051170019037825145,-0.008924672332571876,-0.001792188463255152,-0.008138188591329285,0.49834171569812663,-1.1375062790427215,-2.3634979121881368,2.0533531084852497
0.005105059306144193,-0.008914024608687145,-0.0018007852392011965,-0.008116845283831622,0.4891746559844627,-1.1503309917411124,-2.3427970979493673,2.057003245833449
0.005096386896641449,-0.008887811386020763,-0.0018347942171367578,-0.0080899927526693,0.48896957612825703,-1.1728403268322667,-2.3176625230098264,2.0739133860530665
0.0051000162287063834,-0.008872408019794208,-0.0018602515012376593,-0.008084206332769019,0.4917050725584023,-1.189080594527416,-2.3105289665350948,2.092765062086114
0.0051036305014883114,-0.008857025518840411,-0.0018856354561325522,-0.008078270992779345,0.49439242367225217,-1.205273428157933,-2.3032286684809655,2.111533871844987
-0.008888116901530784,-0.005096182137204706,0.008089968081021357,-0.0018341992168512142,0.002661425038074212,-0.4207046646199574,-2.5284216942040256,1.177769743954152
-0.008872625853225303,-0.005099541541947738,0.008083808764636456,-0.0018596097920930785,-0.0012369302738602797,-0.4369420751673356,-2.525527364241172,1.1949684204493634
-0.00890354966168994,-0.005092805133853828,0.00809592298440276,-0.00180882690726367,0.006616269328816851,-0.4045430560336571,-2.53116631555651,1.160646677531651
-0.00891894571857463,-0.005089443662180984,0.008101727948234548,-0.0017834841472390971,0.01059454751358833,-0.3884319292523491,-2.533800853408501,1.1435881075004668
-0.008934303030240771,-0.005086115873491242,0.008107404242480486,-0.001758187286964694,0.01461881298331824,-0.37236899057482714,-2.536342135869257,1.1265978279864977
-0.009016915263030919,-0.00509759809889699,0.008170524788389352,-0.0016384695577942893,0.03840413084004673,-0.28364086292370627,-2.5719023406361496,1.0462133833970197
-0.00902186971816507,-0.005082388774490608,0.008154866265007247,-0.0016219769964936073,0.034434909687312935,-0.27668757313369036,-2.562358451936577,1.0320523009166396
-0.009032323652033136,-0.00509453340796357,0.008175628992850983,-0.0016128070517998875,0.043431387784207805,-0.26752172938944907,-2.5739384929533324,1.0292057810918196
-0.009001516484536435,-0.005100711207802963,0.008165342335163668,-0.0016641037917103833,0.03259154903030533,-0.2997688224082256,-2.5698156306958935,1.0631435251637285
-0.009006449326795446,-0.00508551375850413,0.008149723986863408,-0.0016475606659604855,0.030518234790340045,-0.2928909414451661,-2.560249992821124,1.0490940756458753
-0.008986127475825481,-0.005103872703378313,0.008160074406121398,-0.00168974556438507,0.028056498456413215,-0.3159225653396042,-2.5676620804078145,1.0801112279447695
-0.008991030840588575,-0.005088644378286209,0.00814444939206327,-0.0016731147291697056,0.026571075932731825,-0.3090703995201162,-2.5580544125451037,1.0661117452881894
-0.00897074839641333,-0.005107082553678812,0.008154721335126148,-0.0017153930404506113,0.024795395571642804,-0.3320685307239386,-2.5654492813660266,1.0971620668917192
-0.008975612668464564,-0.0050918189622680575,0.00813908344845834,-0.0016986609312701908,0.02228248364406116,-0.32524037865684235,-2.5557888755074107,1.0831347397259556
-0.00896021192165204,-0.005095068365048922,0.008133670074926406,-0.0017241942312381745,0.017974734016332792,-0.3414027655152481,-2.5534795079125714,1.1002014136894012
-0.009037312105071929,-0.00507928415405548,0.008159903771997245,-0.0015963462023132178,0.03873510028243288,-0.26045415850227616,-2.564395520711757,1.0150147449663065
-0.009047741492513606,-0.005091517165669236,0.00818065854024613,-0.0015870977713270372,0.04702485538933351,-0.251363085643167,-2.575950068703424,1.0121029810083408
-0.009052791412230856,-0.005076241059374859,0.008164889636820152,-0.0015706689747142023,0.043405876793978664,-0.24420127171302222,-2.56638291859181,0.9980201951647419
-0.00906316862569595,-0.005088549402048354,0.008185611117560119,-0.0015613530929774872,0.049895918900529856,-0.235135990288187,-2.5779409342437805,0.9949872190304833
-0.009109504197630085,-0.005079937274184246,0.008199963185114451,-0.0014841367822477256,0.06406934405402265,-0.1863187223287106,-2.583548882488311,0.9442657223466814
-0.009094050136367162,-0.00508275942783113,0.0081952650813549,-0.0015098635941224118,0.058001825168337906,-0.2025706885695063,-2.5817594281942577,0.9610830716270317
-0.009099327585471946,-0.005067599337952102,0.008179596470256123,-0.0014935785362123564,0.05701605924288217,-0.195458624777366,-2.5721032226359917,0.9473052754506316
-0.009078604893063717,-0.005085630146507708,0.008190481609532372,-0.0015355995476783,0.05312502335909756,-0.2188550186696899,-2.5798871044745857,0.9779638773359244
-0.009083818055071325,-0.005070422486022429,0.008174772654709507,-0.0015192719892551407,0.052804001298477087,-0.21170493996258058,-2.570250400716388,0.9641979621840616
-0.009068300648473145,-0.005073288263014918,0.008169851202681907,-0.001544968492461997,0.04820978621806851,-0.22794852302863247,-2.5683351086850874,0.9810863793302634
-0.009026748608395724,-0.005066782345008553,0.008139381592664195,-0.0016056777858019006,0.03960009068780205,-0.27577082066819963,-2.5500347232409406,1.0248395272594848
-0.008949641325792899,-0.005082772271217808,0.008112906879087499,-0.0017328774516572729,0.01868910893758456,-0.35634320893300414,-2.538755309336704,1.109642396109648
-0.009202404931867789,0.005064025718534267,0.008226477941699761,0.0013293293770620755,0.09273606484802205,-0.0887219490355018,2.5930409444245703,0.8435179324166043
-0.009192290291728546,0.005051535941216852,0.008206535648615114,0.001339448887449602,0.0839645891504046,-0.09788157667460932,2.5820164672740713,0.8462976729759458
-0.009217916319918088,0.00506154425783226,0.00823061458862872,0.0013034721505530932,0.09716496493927518,-0.07243496475843011,2.594449905505068,0.8266940842855023
-0.00920782756252935,0.005048992058498908,0.008210707310847096,0.0013136741464454783,0.08870734479492622,-0.08152018002627014,2.5834767589542795,0.8294646310763182
-0.009233435272781454,0.00505911156582297,0.008234669485902674,0.0012776050701913016,0.10191238345978675,-0.0561214784965297,2.595831683941572,0.8098729203420723
-0.009223377361417436,0.005046504254565435,0.00821480801223346,0.001287882838425981,0.09347520340946959,-0.06514855818169919,2.584877176121994,0.8126697294019444
-0.009248961635249483,0.0050567276653341415,0.008238643911761143,0.001251719508502062,0.1064944163865759,-0.03977228206742069,2.5971787503328203,0.7930395991573866
-0.009238949532447008,0.005044063565017707,0.00821883142049368,0.0012620551977673355,0.09826418096840073,-0.048754795951774475,2.586217803090621,0.7958889604896355
-0.009264495252455318,0.005054392578627048,0.008242539538207073,0.0012258043121513471,0.11017501487838209,-0.023364024606298734,2.5984885485689944,0.776198972993078
-0.009254553205951576,0.005041674805390343,0.008222786035068678,0.0012361803470352305,0.10326571468538871,-0.032337383677401334,2.587508132590322,0.7791225200963088
-0.00928003596988042,0.005052106327402138,0.00824635385504621,0.001199876390060033,0.11380925190174278,-0.006898609487937166,2.599754174508731,0.7594290983733312
-0.009270184529209666,0.005039366270589352,0.008226701158790185,0.0012102761917376535,0.10848497168374116,-0.0159103521201909,2.588767834815726,0.7623969451026492
-0.00929558363336138,0.0050498689328047465,0.008250082747480193,0.001173964221861793,0.11891368655582003,0.009579992940140314,2.600956436129893,0.7427930648959554
-0.009285822595805994,0.005037145089758465,0.008230575780468145,0.0011843750457863312,0.11355545386096368,5.114867143621113E-4,2.589997426112189,0.7457153391139122
-0.009311138089096707,0.0050476804154309,0.008253727080650633,0.0011480622679841941,0.1250860842462184,0.02603551746603691,2.602078865604668,0.7262353708235757
-0.009301449366585298,0.005034973299219538,0.008234360470471961,0.001158486982021688,0.11827068648309812,0.01693210397539729,2.5911730325829843,0.729039601156244
-0.009326699183653656,0.005045540795333225,0.008257291388085003,0.0011221386199159588,0.1305182740734861,0.04248158799187549,2.6031277763677427,0.7096571996613713
-0.009317066341928693,0.005032819222605967,0.008238021119373095,0.0011325988292541537,0.122949483949793,0.03336672215211469,2.592282810878451,0.7123461488348993
-0.00934226676397499,0.005043450092026908,0.008260776500300169,0.0010961874806112524,0.1350182976215569,0.058944706303884896,2.6041235370249884,0.6930600943484279
-0.009332681432834092,0.005030701037264545,0.008241581497681854,0.0011067086890804883,0.12790918316857722,0.04981662546664247,2.593342192347397,0.6956639853332166
-0.009357840677385803,0.005041408324495789,0.008264178955457705,0.001070234778599039,0.14016847514054356,0.07541563709358481,2.605074906258913,0.6765086005740946
-0.009348294431621265,0.005028646287011003,0.008245072631145435,0.0010808268935367296,0.13294139859542956,0.06627476431017786,2.5943610820246334,0.6790189172926643
-0.009373420771600324,0.005039415511198499,0.00826749793058054,0.0010442866711229551,0.14620793517520522,0.0918758269651232,2.605974799968762,0.6599853649883044
-0.00936390507366898,0.005026639574383863,0.008248477681430779,0.0010549453577095526,0.13775400112595346,0.08274830822946828,2.595323802972286,0.6623844388776329
-0.009389006894728722,0.005037471670074725,0.008270736545210579,0.0010183184631821069,0.1516243724430572,0.10834066313325207,2.6068217588918294,0.6434159571961326
-0.00937951823027391,0.00502465520098779,0.008251769904092028,0.0010290481808927921,0.14253801267207303,0.09924790160458123,2.596219104897464,0.6457375031443852
-0.009404598895283897,0.0050355768185515425,0.008273895891708016,9.923212679415346E-4,0.15601662922587106,0.1248376464295088,2.6076269391858706,0.6268059883025593
-0.009395138569669517,0.00502270812271877,0.008254967377958488,0.0010031368197095363,0.14759672159712459,0.11576891864349655,2.597060990429103,0.6291052365688127
-0.00942019662218831,0.005033730973549848,0.008276973213401104,9.663178751913214E-4,0.16066944946458653,0.1413623418791504,2.608395243171087,0.6102325215559198
-0.009410765313653768,0.005020828602733583,0.00825810333576922,9.77222685075589E-4,0.1528091086333099,0.13230065748397116,2.5978640019093167,0.612515833293616
-0.008985027018017693,0.005058824476698162,0.00810584820909384,0.0016647921554581622,0.028781001309780754,-0.3217825409088458,2.530403343594109,1.0653568075340993
-0.009000507948731912,0.005055539370783727,0.008111028666252301,0.0016393556266580157,0.03291443277131512,-0.3056629961195496,2.5326173087856083,1.0483687392079368
-0.009015967525059359,0.005052326156122393,0.008116137879103634,0.0016139647427869943,0.037077396816169395,-0.2895610489913951,2.534780898627544,1.0314364351744787
-0.009031448651691996,0.005049192435166165,0.008121209607788808,0.0015885579603818615,0.041279585026662874,-0.27342963692039396,2.5369139717726523,1.0145178458853632
-0.008969476698946405,0.005062199895882436,0.008100588849442899,0.0016903586139251428,0.02466139394075947,-0.33796805026239274,2.5281388935689066,1.082455851237597
-0.008923085462867597,0.005073539560449198,0.008085529993757364,0.0017672501314475036,0.01254312325065996,-0.38610705459223643,2.521839899052168,1.1339436076735578
-0.00893835537013805,0.005069667917855368,0.008090467163543775,0.0017418782515272004,0.016492744429332202,-0.3702721128014967,2.523897826803228,1.116936742245542
-0.008953850594671508,0.0050657576036613325,0.008095353261430722,0.0017161215601744998,0.02055061294137596,-0.35421248862651916,2.5258991675358478,1.0997015023540924
-0.008865570195274742,0.0050689697082347334,0.008043108867400799,0.0018499278030451674,-1.4904597129827377E-4,-0.4484245173669614,2.496647459721638,1.191860701552413
-0.00888134373195336,0.00506600296692066,0.008049964851169218,0.00182467139894137,0.0036391340123598415,-0.43197040599870723,2.5001131078733896,1.1746802235384466
-0.008897031968392958,0.005063474717648107,0.00805713182516381,0.001799774424801751,0.007417369808229545,-0.41554432139325387,2.503803697326084,1.1577274545968903
-0.008912226026791559,0.005061063281870342,0.008063976228423878,0.001775633406179417,0.011130594200544526,-0.39962318430485627,2.507295508394055,1.1413140743695804
-0.009046984649846936,0.005046155875280989,0.008126282649722915,0.0015630932729106407,0.04552826357663547,-0.2572302149675996,2.539041335425992,0.9975837074791832
-0.00906260076769042,0.005043242937046665,0.008131400698182733,0.0015375448140859812,0.04983017906490833,-0.2409309339214553,2.5411923285226563,0.9806152905744775
-0.009078306899662826,0.005040498045796859,0.0081366197905015,0.0015119185084472308,0.05418842403422632,-0.2245123095340574,2.543406189399126,0.9636138066464196
-0.009094070483228538,0.0050379848864837195,0.008141996363498286,0.0014862937418717644,0.05859398726872756,-0.20799550018609095,2.5457251977110693,0.9466277885252995
-0.009135548137766797,0.00504673908042506,0.00817364027118213,0.0014263894046430137,0.07001098142459306,-0.16185843271944997,2.5638010541827083,0.9062820293088664
-0.009150993618790945,0.005044150208509093,0.00817823526396716,0.0014009574005490676,0.07463142551509083,-0.14565491444645448,2.565574942920735,0.8895769700185739
-0.009109790468220766,0.005035743536595293,0.008147524870280242,0.001460841306736646,0.06301635222026375,-0.19147802467348116,2.5481527691749144,0.9297679239736988
-0.009125331485441453,0.0050336596907164894,0.008153002937068733,0.0014357070347545042,0.06741793056737734,-0.17512266827787362,2.5505580508085974,0.9131383643800736
-0.009166469759390304,0.00504147570244883,0.008182602056640696,0.001375409405978591,0.0792852710997551,-0.12945172621123033,2.567188322753946,0.8728475879127026
-0.009181999336653953,0.005038792860887297,0.008186842000445378,0.0013497505117681479,0.08393255347474549,-0.11320627639862486,2.568708880369819,0.8560826905617752
-0.00715560611025464,-0.005719997190380645,0.006730558365697866,-0.004470554553998018,-0.06804122642582473,-2.0880391599161467,-1.5045329070486722,3.0101257483196053
-0.007196389942516564,-0.005706589135121972,0.006783850404255276,-0.004427759989193543,-0.07483887853978162,-2.0640513540259184,-1.5513174363357292,2.988368388999018
-0.007171729033004446,-0.005705327708454012,0.00674491790959639,-0.00443930617658161,-0.07098852796814961,-2.072348397115322,-1.518548465331142,2.989212546530812
-0.007205829450936807,-0.0056848595902737765,0.006782251229850332,-0.004389107047563083,-0.07655586171373047,-2.0458821577194843,-1.5525312293764753,2.958393430323209
-0.0072537181770114395,-0.005668211289203879,0.00684262649702042,-0.00433587250403777,-0.08404191838893406,-2.0152822485560438,-1.605418110402109,2.9291074473056753
-0.007226927288354919,-0.005671918716170633,0.006804746371733174,-0.004357308604770678,-0.07995660865899919,-2.0289595971233463,-1.5729827339963889,2.9384414917255266
-0.007379659688049319,-0.00560478809130439,0.006980182077617997,-0.004159464574558212,-0.10155067823808293,-1.915077014349775,-1.7271232931512486,2.817028656047615
-0.007395933009871414,-0.00558747505253988,0.006989569715371099,-0.0041226899034657325,-0.10320451232938309,-1.8961949078205933,-1.736089217443803,2.790466792671428
-0.007338291975161174,-0.005613765464357003,0.006926468219963375,-0.004200788858725335,-0.0959232418574837,-1.9418400634705686,-1.681122670896514,2.8403814109476575
-0.007355922483979905,-0.005597544141385112,0.006939292474796399,-0.004165060131097694,-0.09809655165986975,-1.9232172865451542,-1.693090462283488,2.8152677286194954
-0.007265202615549647,-0.005646999641055655,0.006843641568922307,-0.004296879290018836,-0.08565264886997315,-1.9967150379514644,-1.6083187774839611,2.8995314502442615
-0.0072832657209260234,-0.0056271084634179555,0.006855291852802435,-0.0042559702143512195,-0.08826455147992034,-1.9761728184454632,-1.6199769443132788,2.870516141001741
-0.007308914956386637,-0.0056108465254394585,0.006880646791359315,-0.004215616349185921,-0.0916729815224262,-1.9543296555179999,-1.6426810964297205,2.8442613182146514
-0.00707394689281929,-0.005762066948125109,0.006632250686202911,-0.004576550050092692,-0.053371463772954646,-2.142704677251477,-1.4155906105167986,3.069094533329572
-0.007094668641677387,-0.005751865070107191,0.006657860945741663,-0.004550805313027818,-0.05689456419079318,-2.1296356611846936,-1.4386442978338325,3.0554100591475324
-0.007111078327744612,-0.005734743636688943,0.006671760471807146,-0.004516113491479844,-0.06029595738839632,-2.11274089332461,-1.4528938008585857,3.0319872717038026
-0.007128676508300042,-0.005711851074583735,0.006683182755743061,-0.004471858935499894,-0.06380020276826183,-2.0914076784257074,-1.465704858681601,3.000702045823991
-0.0070496108888894555,-0.005751505745588112,0.006587181907639413,-0.004571112905079892,-0.04962651611096572,-2.1414868047809286,-1.3796596764680809,3.053715166834459
-0.006902652098152416,-0.00585632055906813,0.006417979873008634,-0.004794448299590768,-0.018694285498694698,-2.2450055012392482,-1.2201948902672273,3.178503620555892
-0.0069252672974570925,-0.005833558972400359,0.0064412189646141154,-0.0047502898235434665,-0.02429607278414894,-2.2251336969462687,-1.2440559545274423,3.151461146661315
-0.006948927679062654,-0.005812219210489498,0.006466407708054019,-0.0047078102747279416,-0.02984720523454959,-2.205849508265985,-1.2690321518815448,3.1261345897339265
-0.006979489454265485,-0.005791863418672524,0.0065025377788052036,-0.004663927816762441,-0.03616180683423898,-2.185771012918807,-1.302610122895411,3.1026981341668427
-0.00702232721086056,-0.0057460027317894615,0.006541167798639983,-0.0045744827872820975,-0.04569877314871029,-2.144056898339891,-1.342616650523212,3.044847386937014
-0.0069972852333195544,-0.005760195265779265,0.006511046964713468,-0.004607090584323654,-0.040800487554710836,-2.1594883911514025,-1.3154337236879174,3.0617703153111644
-0.00682596599728287,-0.005914889803747376,0.006325529094056623,-0.004912187514021625,-3.6349479762042133E-4,-2.295383855139274,-1.1315267883570022,3.239915196867885
-0.006848434136640086,-0.005895882807016612,0.006352103246562797,-0.00487506379295791,-0.006132374019131202,-2.2797094737912524,-1.1576152237712363,3.220023417400393
-0.0068433606976083675,-0.005866497910893662,0.006328463768207609,-0.00482922725543808,-0.008101282829277844,-2.2576951004364805,-1.1455596007339495,3.177335191462402
-0.006868639041671013,-0.005847020607155846,0.006358447569639222,-0.0047905142271721666,-0.014124302174165425,-2.241282303709488,-1.1740788402468747,3.157237862120024
-0.0065629140609251655,-0.006092318752771172,0.0059683492908422465,-0.0052476336363679365,0.06520743136134882,-2.4104831110177236,-0.8003408882442752,3.362944406679837
-0.00653080960197226,-0.006090101939755579,0.005914787210542815,-0.00524583050652737,0.06902346641839835,-2.401716559331543,-0.7616562531325274,3.3389564042269244
-0.0066335813041843075,-0.006007788193908498,0.006053898313549802,-0.005101935140637007,0.041360333643596627,-2.3575790537582364,-0.892702383006706,3.2872519677461156
-0.006588322545322449,-0.006064852468953627,0.006000869631143506,-0.005200355005020633,0.05668146111207672,-2.394325131000285,-0.8340895458624765,3.340614423579243
-0.0066069646409865805,-0.006026466068712708,0.006017588391250781,-0.005135597507301766,0.048125441763329946,-2.368017301716581,-0.8593638157385248,3.298386358862218
-0.0060500669656578685,-0.006492642082893067,0.005182871438130138,-0.005840666242223042,0.201732391652528,-2.472979117119175,-0.10888421688381276,3.4012315967134836
-0.0060777229321862915,-0.006459930797105754,0.005228401115201182,-0.005796166900498451,0.19216946636074714,-2.469948074368632,-0.15159223815601527,3.396278463216505
-0.006138972653222678,-0.006377124780950392,0.005326234578634384,-0.005678526162427819,0.16889653626608178,-2.452767346904498,-0.2502481571390369,3.3678981839186903
-0.006089883235492317,-0.006417182441188793,0.005248393773040677,-0.005731008768860311,0.18134867492585108,-2.450971182256034,-0.1855812530606519,3.3617256299532925
-0.006104450728732172,-0.006392015551668892,0.005271433242937122,-0.005694456721534419,0.17401228109353792,-2.4435758156020113,-0.21146401568854492,3.3489603604123013
-0.006102121460159272,-0.0063648650288369735,0.005267222117098436,-0.005650872667944749,0.1683115822431694,-2.4257122439825065,-0.22294018275630897,3.3162941932569483
-0.0062070952401358575,-0.006306864009718397,0.005431274693979575,-0.005578886226041211,0.14767245951143193,-2.44143597256366,-0.3469437669993248,3.3533605555692323
-0.0061618444684882435,-0.006341719989296807,0.005361272373044227,-0.0056265590432249745,0.15889060027651977,-2.4419411497367864,-0.2882659468059398,3.3500304668831933
-0.006178600131887092,-0.006313994743230798,0.005386239612373283,-0.005585383048562497,0.15121478225362656,-2.4323458012196544,-0.316450135828398,3.334196252449376
-0.006001978226343506,-0.006491171971280555,0.005106544086476023,-0.005823786600687779,0.20300084742915908,-2.4430583890539332,-0.06988946274829533,3.3449628070499418
-0.006305428498512958,-0.0062740598159319,0.005587069795584438,-0.005539834108794081,0.1318372613326552,-2.4632053025975185,-0.4602783064127652,3.4049231309720356
-0.006503546934676057,-0.006073978748713137,0.005865406003378795,-0.005220852777088439,0.06982634160554631,-2.3831934645339437,-0.7316631247283826,3.29909679635232
-0.006475193804016741,-0.006088230622820566,0.0058236991857758165,-0.005244912478512353,0.0757587706174135,-2.386668266227538,-0.6969389756120548,3.298918000242741
-0.006330376369644321,-0.006239151495634434,0.005622391404198121,-0.00548540378603866,0.12162911264931096,-2.448642289957744,-0.4989967602189714,3.3824348284524146
-0.0063616142403912735,-0.006202897917364357,0.005666749406425439,-0.005428771730053745,0.1108327885408853,-2.4346439046731976,-0.543955082465433,3.3624184435720457
-0.006381934508455093,-0.006167604560420599,0.0056924958746945135,-0.005372565881013122,0.10161051195824027,-2.4164401458091476,-0.5756308496113456,3.3334525905501353
-0.006382672827095557,-0.006139158646129407,0.005687456018956352,-0.005326700108108476,0.09631793829638913,-2.396308492355393,-0.5835327601522501,3.2975444120584774
-0.006403949840151379,-0.0061152421540096105,0.005716082752830916,-0.00528882246906126,0.08917074877162863,-2.3859848418259655,-0.6121137706427935,3.28309558367997
-0.0064362165310324695,-0.006089727579825473,0.005761378914793093,-0.005248045000260604,0.08123323894374436,-2.3771752016690235,-0.6526210398290669,3.273702934233067
-0.006261120260728322,-0.00627133519828704,0.0055145458558522676,-0.00552975866715589,0.13546530432352608,-2.4421369118550715,-0.41491842284188146,3.36082853310853
-0.006220487642726066,-0.006276569964784365,0.005449808258292845,-0.0055324218875913165,0.1398204745882474,-2.4276151717944887,-0.37235205102841423,3.3299106958224876
-0.006793771544401805,-0.005910537423328578,0.006271128943328868,-0.004913485959273399,0.004371967791314663,-2.2929471830436703,-1.0890037010076645,3.2229594850523924
-0.006682748152813322,-0.005985023316685201,0.006124847065880686,-0.00505753090072488,0.030793156005779133,-2.3456179845785776,-0.9537996936985073,3.280599166766475
-0.006707937138283187,-0.005965075230817948,0.006157314287146601,-0.005020622588200837,0.024354861419790378,-2.332309111840592,-0.9846559419371833,3.264617575805833
-0.006743022394821968,-0.00593496581926578,0.0062007209343620485,-0.004964783437370136,0.015241304498967045,-2.311035906119669,-1.0269891653105407,3.2377671850332628
-0.006711038638686726,-0.005932634815771556,0.0061481063932490865,-0.004967608519967889,0.019813153009187612,-2.3077809172593367,-0.986799512362751,3.2211733485883243
-0.006758175438944672,-0.005909694266043085,0.006213386374484321,-0.004920693283433432,0.009741590596059217,-2.2921709593492268,-1.043627442107039,3.208695843313766
-0.006643559515358084,-0.005977014054695904,0.006058024542317135,-0.005050685733335096,0.0356599946274789,-2.335441886450423,-0.9051950397252612,3.250209540409039
-0.008646693895613584,-0.005141916356512897,0.007969437598805312,-0.0022197535570521996,-0.05133569663383864,-0.6740988976925327,-2.4642784301924454,1.4429997709220703
-0.008661967004007563,-0.005137191166823458,0.0079759775845818,-0.0021943605247059,-0.048134906208357274,-0.6582189239812646,-2.4676060490216227,1.4254745004424967
-0.008677484282770638,-0.00513278295655235,0.007982930828678363,-0.002168834109411473,-0.044866569607274635,-0.64206941713522,-2.4712180514638464,1.4078496420423876
-0.008407556465194331,-0.005181789875700835,0.007808713701510115,-0.0025799381305562086,-0.08905022979254935,-0.9226234427081076,-2.3640313147549894,1.6997217828629996
-0.008436145280617322,-0.005187901204076781,0.00784214658887185,-0.0025480019472232537,-0.08688212535408968,-0.8935081667960666,-2.387737378061901,1.675299723710861
-0.008422590273272561,-0.005175297432160089,0.007815293710164263,-0.0025542541097008206,-0.08657030122543174,-0.9071238131302816,-2.3676861682391217,1.6817522040816038
-0.0084681419789561,-0.005179068159731278,0.00786112874772073,-0.0024973492305501374,-0.08198043063992096,-0.8603891971212049,-2.3993364857741493,1.6393723219319625
-0.008452128539330658,-0.0051827065075093475,0.007850812123832653,-0.002522021913206767,-0.08436208567145935,-0.8769657738138753,-2.392888952519749,1.65695904604815
-0.00852815853581038,-0.005162197379288274,0.007894653405718453,-0.0024013527943551427,-0.07195455219917934,-0.7981228051950041,-2.419205051674713,1.571617065402153
-0.008512894631194144,-0.005166609858831228,0.007886483250301056,-0.0024259570199976275,-0.07462761537860353,-0.8139666945689717,-2.4144622523027297,1.588925009093015
-0.008497738636716247,-0.0051707547272492336,0.007877952374937873,-0.0024501263380970997,-0.0771579308654103,-0.8296936630520199,-2.4094012265857487,1.6059812408966694
-0.008483130399421782,-0.00517546917939059,0.007870420550492434,-0.0024740078573425033,-0.07964970447845036,-0.8448394787265138,-2.4050561676968534,1.622768043491005
-0.00857273461165919,-0.005145441437909589,0.00791318793065626,-0.0023259706955867094,-0.06335535927674757,-0.7520405202417076,-2.428812308713114,1.5193541121918024
-0.008557336604027676,-0.005150446382393771,0.007906023960413304,-0.0023513700238970412,-0.06626657486544006,-0.767972203937851,-2.424902821214987,1.5370291426860376
-0.00854244752015895,-0.005156077007486821,0.00789986792672988,-0.0023765703563423542,-0.0691352723939991,-0.7833587114895431,-2.4217199331663015,1.5544955004011365
-0.00858842149500292,-0.005140788662744926,0.007920849059344462,-0.002300426070075985,-0.06039623377636131,-0.735793644542594,-2.4330692349096084,1.501550868685692
-0.008635439180080988,-0.005130041600043859,0.00794660733964915,-0.00222614828344622,-0.05156728664137138,-0.6868942629272871,-2.44790112124207,1.4495337082972253
-0.008620417656440185,-0.005133781243681983,0.007938881322300738,-0.0022501883417385816,-0.054496286517518054,-0.7025164146384074,-2.4435694245359296,1.4663060034090416
-0.008604491940168588,-0.005136514436086865,0.007929108966705062,-0.0022746113633834927,-0.057370391094404616,-0.7191241816174009,-2.437735914456439,1.4835261916340354
-0.007656870309213982,-0.005473808267248408,0.007254827491382757,-0.003754190837635392,-0.12641682033360005,-1.6704367474695936,-1.9607807478321504,2.540832423227838
-0.007687193178695215,-0.00546592368401608,0.00728802893567491,-0.003716271522055855,-0.1284581740013058,-1.6444781064573306,-1.9880569697468096,2.5146515711725557
-0.007669667617987495,-0.00546099132747721,0.007259810317660118,-0.003725512948426567,-0.12648344000528391,-1.6554805476010095,-1.9647179924787033,2.5199123109297847
-0.007642945702800305,-0.00548250878447215,0.00724424458488819,-0.003778307686568033,-0.12587130173130404,-1.684427924150764,-1.9521100189825107,2.558044079651783
-0.007629103402057357,-0.005490775359976552,0.007233214210963746,-0.003801705097908808,-0.1252134277827878,-1.6981353899127571,-1.9430185025607256,2.5746960019396727
-0.007521289374903913,-0.005570615270426559,0.007156350191697998,-0.004003844242168222,-0.1188812272414501,-1.811393380430504,-1.8779749638183536,2.7202298353489778
-0.0075324053495671285,-0.0055523183853858704,0.007155544597109945,-0.003968768031478344,-0.11904634449652614,-1.7945950670489703,-1.87766871284259,2.6935755905955556
-0.00754569649938739,-0.005540178636033745,0.007163287539475655,-0.003940776663203603,-0.11990143369633414,-1.7796122891557655,-1.8843738577483446,2.6731974379405004
-0.007588792603077032,-0.00552158624864477,0.007206540521219198,-0.0038788653105393434,-0.12343081765929077,-1.7410404964833612,-1.9208382995226183,2.630369106460599
-0.0076156072979716525,-0.0054997400722666175,0.007223170494249395,-0.003825703199804438,-0.12458209949052214,-1.7118789241201269,-1.9347055944648452,2.5918630221368564
-0.007601292162838114,-0.005509461895688056,0.007212555318756023,-0.0038514040652136206,-0.12386389793249104,-1.7265248402865,-1.9258748660349807,2.610257081329275
-0.007558920050295319,-0.005528545962420624,0.007171230600022353,-0.003913558775840799,-0.12057919295812762,-1.764927732385738,-1.8911881991845956,2.653422420987374
-0.007571334532376981,-0.005515328850700906,0.007176424537544361,-0.003884805162791914,-0.12107680661536509,-1.7500421196004863,-1.8956620235052812,2.6323056240154696
-0.00764024323981109,-0.0054636818361854305,0.007222803198704266,-0.0037551986569702403,-0.12402686555436328,-1.6779858936148973,-1.934265183710551,2.5394690777244295
-0.007497465424727215,-0.005566857680805903,0.007118760344566071,-0.004017320008685497,-0.11566053026828874,-1.8248053155823238,-1.8462763386376617,2.7265538303474623
-0.007473933972731244,-0.0055554248287387935,0.007074890827666966,-0.004019096169927031,-0.1119983582233721,-1.8332985105544586,-1.8095592192062107,2.7229827076969237
-0.007414403304021142,-0.005568191456124947,0.007000187191979561,-0.004081518837283963,-0.10498586489902438,-1.8750035776728853,-1.7460924391700703,2.7608058832775773
-0.00743885605575388,-0.0055649520786632085,0.007032742209308975,-0.004059067479593372,-0.10800790185842213,-1.8593026026983857,-1.773678676427082,2.748061218687876
-0.007451210567686863,-0.005547792067005813,0.007035746270338305,-0.00402528489065366,-0.10878600305881947,-1.8427004867243524,-1.776956356598488,2.723033010554295
-0.00812223070597065,-0.005319650183866456,0.007671396881205022,-0.0030774720784604733,-0.12679884908365582,-1.2205736882152516,-2.2820774667416184,2.0528378911057783
-0.008136967229171644,-0.005314101485813996,0.007681615967958169,-0.0030537703813630214,-0.12568225532119534,-1.2053191363638105,-2.289108156970998,2.0356222254102474
-0.008151424567471735,-0.005308567358497485,0.007691399221350217,-0.003030353260723613,-0.12449601663894481,-1.1903150273629957,-2.295768637707177,2.018628092400345
-0.008181374461536025,-0.005279376295940175,0.007691470987882553,-0.002962565490506095,-0.1190921451111724,-1.1569375446880041,-2.292409198431566,1.9712348150412462
-0.008167140378885357,-0.005285784232144686,0.007683234231013318,-0.0029866307353107907,-0.12054076223620085,-1.1717356321297399,-2.2870484374111064,1.988500755684884
-0.008153465543108297,-0.005292303109922015,0.007675590363658205,-0.0030101088212261574,-0.12192767514940674,-1.1860084615553423,-2.2821037230394805,2.0053438349706387
-0.00833180317566078,-0.005223230009942023,0.007783148822619733,-0.002717535911972792,-0.10196090534946688,-1.001489827103571,-2.351647916390663,1.795651928277205
-0.008315923304103964,-0.005229444139438253,0.007774500174614522,-0.0027439402723505577,-0.10412119531300197,-1.0179463980721704,-2.346351135974292,1.8144137761036039
-0.00830108723630303,-0.005236027783584364,0.007767146936562954,-0.0027693439938631854,-0.1061864247634904,-1.0333796930429102,-2.3419793973220373,1.832412111830614
-0.008286502851781627,-0.005241559257198987,0.00775871306850872,-0.002793336024079568,-0.10803492881232359,-1.0485010834548014,-2.336675909137784,1.8495589277972473
-0.008271316218008402,-0.005246039082314274,0.007748341456973237,-0.002816963731931849,-0.10968455894599181,-1.0641278488563746,-2.3298141170233326,1.8665977255322677
-0.008255968538539623,-0.005250861685074982,0.007738042706219142,-0.0028410680894266796,-0.11132261656403829,-1.0799151262771038,-2.3230032099667874,1.8839584685988964
-0.008240666366557759,-0.005256141297703206,0.007728152075683098,-0.002865514160421347,-0.11295943348446173,-1.0956788344009398,-2.3164947895940187,1.9015328819265627
-0.008225564867662809,-0.00526173041901259,0.007718664781571472,-0.002889969728844258,-0.1145673267776028,-1.1112586066661458,-2.310274015853098,1.9190951325415913
-0.008210678666162869,-0.005267497872939318,0.007709453199534756,-0.0029142900297092936,-0.1161258409232492,-1.1266332206808227,-2.3042363885720527,1.9365565511415876
-0.00819594009363993,-0.005273341219968316,0.007700335677369712,-0.0029384561288985887,-0.11762920299128575,-1.1418621893951804,-2.298238020944232,1.9539169344598009
-0.008109659926415394,-0.0053086773787619805,0.007645275527488255,-0.0030800516059771364,-0.1253242284890583,-1.2309896762885062,-2.261175334874497,2.0559829656082615
-0.008094208734809104,-0.005313326378365387,0.007633049626236027,-0.0031033098443394376,-0.12620412215415386,-1.246584162666997,-2.252434996502561,2.0729022842879226
-0.008080010348443698,-0.005301551488610442,0.0076042645899797165,-0.0031064721806768124,-0.12469475474479745,-1.2578253012758565,-2.229507427433894,2.0762723231960565
-0.00801980113699323,-0.005312103767909984,0.007546884524063662,-0.0031865312690438617,-0.1262994294682308,-1.3156982067461682,-2.1866700231813643,2.1346616828405547
-0.008004060481850468,-0.005310047202848036,0.0075264933117686365,-0.003201539220215912,-0.12599960831707963,-1.3294304567565574,-2.170815982174358,2.145729060850033
-0.008032273553755432,-0.005296004525703165,0.007544157250649191,-0.003154164589889994,-0.12417399717633913,-1.300763301581018,-2.1832600673046154,2.111842824126008
-0.008050240885669404,-0.005302130480071116,0.007571172962500524,-0.0031410190049913915,-0.12495083997215406,-1.2856393703460938,-2.204425993260432,2.1017906122076613
-0.008065083292767242,-0.0052910152474189105,0.007576108719285384,-0.0031116335615509537,-0.12339620242196862,-1.2696685408118855,-2.2072120952596865,2.08094275028799
-0.0077342763757778646,-0.005458803933583244,0.007343728952886383,-0.0036630548187040887,-0.1317581479931492,-1.6051682917448262,-2.0336178122534783,2.4778389806529773
-0.0077453473315522185,-0.005442367647363905,0.007342037306369792,-0.003630910135766757,-0.13086682986605605,-1.5900283983677836,-2.031708784785524,2.4541131443267186
-0.00785661447728773,-0.005380697552871745,0.00742233487274467,-0.003442591525084377,-0.13081821149677433,-1.4775159618162954,-2.093758653919858,2.3188134416267254
-0.007839644952260368,-0.005392473000361268,0.007413081246846123,-0.0034744954863025553,-0.13135183669387296,-1.495544286248723,-2.086987375052139,2.341773633759582
-0.007818663021724693,-0.005399132736222913,0.007393346960867553,-0.0035038954419549643,-0.13099287985102628,-1.5151490930674028,-2.0714844226509066,2.36274658172675
-0.007802396104752611,-0.0054055752588034415,0.00737915209362236,-0.0035281640041365595,-0.13076508227647712,-1.5306947804816424,-2.060353733441021,2.3800808606716157
-0.007757995604753511,-0.005430582221219392,0.007346888775808302,-0.003603455191831527,-0.13057566540323587,-1.5755181970811105,-2.03523680700407,2.434135727677791
-0.007787027614340743,-0.00541253626886409,0.0073664580558020646,-0.0035521074255762627,-0.13059527800494627,-1.545629128226386,-2.0504006961622134,2.397202921311649
-0.007772078129203968,-0.005420717569546407,0.0073553580298303676,-0.003577132960425705,-0.1305046388400685,-1.5606176180004165,-2.04174089111074,2.4151490907887943
-0.007955075778277625,-0.005338312125071706,0.007498562515095898,-0.003287993047423125,-0.1289409957811294,-1.3801805602172261,-2.1512411854873483,2.207671979548825
-0.007934141924989948,-0.005346137304456513,0.0074816640851611,-0.003319718622642846,-0.1293750037124419,-1.4006683178704709,-2.138553701972507,2.230469070726519
-0.007871533028256985,-0.005370597490375652,0.0074305399907026864,-0.003414841225440938,-0.13023401911672325,-1.4617484072851765,-2.0997319822610443,2.2988451263609626
-0.007855729692034283,-0.005362492086206744,0.007402778454750107,-0.0034208970243175115,-0.12859360308332707,-1.472409725338608,-2.0772272429802183,2.3028928052565143
-0.00791803657479985,-0.005354450313343891,0.007470847473430402,-0.0033467795734966423,-0.13004904647711268,-1.4170523140701958,-2.1306147253685244,2.2499466520192963
-0.007903350487080395,-0.005364711714813731,0.007463590746829019,-0.0033746788230813994,-0.13075194314924318,-1.4327231546164667,-2.1255635226264715,2.2699834507897942
-0.007885157341394219,-0.0053576381585276845,0.00743406596881505,-0.003384904775904547,-0.12928601036160814,-1.4462292436835924,-2.1017808825878137,2.277314106746075
-0.007977475464998583,-0.005307665489530933,0.007493039179152126,-0.00322771461107674,-0.1253468495953054,-1.3524746636877778,-2.1447428874274683,2.164785282402627
-0.00799084785141226,-0.005298337587672168,0.007498903226768068,-0.0032023850453913433,-0.12428466783751214,-1.338366198799292,-2.1486108532483854,2.146770868304665
-0.007955891629580441,-0.005309397600723616,0.007469507050155531,-0.0032528759047073283,-0.1253231509812768,-1.371824333974452,-2.1265780449320277,2.1829186830700746
-0.007715267146958823,-0.005452976189834752,0.007312828478109671,-0.003673175272727073,-0.12959744371565532,-1.6177079954758293,-2.00813202920622,2.484022970892655
-0.007698118026838761,-0.005449944873228283,0.007287142144391741,-0.003684985145090232,-0.12790227171043902,-1.6295901572764755,-1.9869720106299023,2.491510934609277
-0.008352159852604285,-0.005203853335879362,0.0077810797577662,-0.0026725720392887504,-0.09744297372351814,-0.9797576264771948,-2.3477218821745733,1.7650195851523052
-0.008335673016830846,-0.005202884822645672,0.007763990053704859,-0.002692692432551956,-0.09872869014165085,-0.9963005730061757,-2.3356113909912994,1.7800668874743164
-0.008366004635252864,-0.005195339528918347,0.007784785707803659,-0.0026465944144827397,-0.09502118678962156,-0.9653265594432073,-2.34922553282906,1.746997275733827
-0.008378997331278207,-0.005180199870132539,0.007780091082350227,-0.002615464062673534,-0.09161729874428091,-0.9514623495960647,-2.3440599541562785,1.7261338745826806
-0.00839360073124867,-0.005170243503697498,0.007782638816864514,-0.0025872667336991526,-0.08883278138333743,-0.936305344024211,-2.3445764262523543,1.7067600720570695
-0.008764872229150842,-0.005125869652033527,0.008040375898815346,-0.002037352963308177,-0.0269513562285548,-0.549529355039082,-2.504897299466018,1.3157430234874532
-0.008719384340781658,-0.0051374533957552135,0.008020437296959395,-0.0021121717653426564,-0.03739609971160377,-0.5971497703426926,-2.494898275140789,1.3670881114982887
-0.008749776691637347,-0.005129757879483498,0.008033953195101924,-0.002062254675427221,-0.030532515252021625,-0.5653150963691501,-2.5017349770399306,1.332779805810593
-0.00873462025504843,-0.005133586903516802,0.008027274453479281,-0.0020871624641744207,-0.034011057777118874,-0.5811875952359804,-2.4983760255773126,1.3498791871171731
-0.008768732960375088,-0.005109773136392636,0.008024211288705493,-0.00202008832992532,-0.02489386654799793,-0.5469281125630915,-2.4925700870859213,1.3054864071773553
-0.008783672576870146,-0.005105462772996564,0.008029839357289794,-0.0019952086482776074,-0.02140665369819013,-0.5314223792704357,-2.4951946398269436,1.2885423441289792
-0.008798891156928772,-0.00510121439559572,0.008035597549506295,-0.00196993954877547,-0.017819808865499876,-0.5156221287514596,-2.497885432339469,1.2713494285093583
-0.00881435943203868,-0.005097163483957776,0.008041618052546705,-0.0019444146183626842,-0.014151520964787065,-0.4995425098560478,-2.5007425768095826,1.2539870705384237
-0.008830029664757369,-0.005093305431053618,0.008047856592564531,-0.0019186936820905756,-0.010408519781783176,-0.4832330776673361,-2.5037367488162814,1.236500582430362
-0.008861787628422725,-0.0050863266477206796,0.008061030589082524,-0.0018670191232186431,-0.0027454872738501396,-0.4500969383040186,-2.5101772291031668,1.2013911717293
-0.00884588267010506,-0.005089638271041792,0.008054293210816186,-0.0018927964540910145,-0.006591634245063261,-0.4667123808618087,-2.5068531456407865,1.2189061504525
-0.00870842809527076,-0.005124944112417116,0.007997464799111563,-0.0021185393157880685,-0.03829416754277803,-0.6097982143385968,-2.4789016066488343,1.3731066413454693
-0.008693010252848453,-0.005128814767271422,0.007990256145364997,-0.002143595291234394,-0.04158272199203424,-0.6258780694161303,-2.4751030455308793,1.390400120627568
-0.005358790371731604,0.007051878380755633,0.004003099291885455,0.0063461050902503344,0.31060551287045557,-2.1880851332077604,-0.666504715927888,2.9630060571036365
-0.005322939819647358,0.007094633420987414,0.003934581769684761,0.0063813138156914246,0.3156298349045479,-2.166915764244474,-0.7083840367786539,2.9351897320267137
-0.005282303584568461,0.007145676409163895,0.003854976949349758,0.0064231606238502595,0.32093561347833477,-2.141957495561702,-0.7566865213817217,2.9028713369256214
-0.005243562653748741,0.0071971138028249565,0.003776965873047346,0.006465011993773101,0.32611170297117414,-2.116708865083826,-0.8039209058791458,2.870758168759311
-0.005173942500406226,0.007306816844239426,0.003624621219835911,0.006557657577574796,0.3370845790676287,-2.0674535951486575,-0.9000762797570337,2.811348457040571
-0.005196758679557233,0.007247999044778169,0.0036884729539170837,0.006499212364246952,0.32887128921780645,-2.084526497571936,-0.8495164549319832,2.826990333533748
-0.005112878253015302,0.0073241083147524,0.0035387556420066533,0.006537557622449348,0.329409517811144,-2.024880399638455,-0.9133451654241201,2.742629526490225
-0.004751198349638554,0.007618004134883916,0.0029319177148623005,0.006617954400818131,0.3042357239982992,-1.7601934072596863,-1.0987061584868056,2.366081901388394
-0.005055246288752145,0.007352189562526192,0.003451826578297873,0.006532447105524677,0.3241801713788612,-1.984826533989543,-0.9338209283466953,2.68114993100925
-0.005001036802337238,0.007391367105556597,0.0033630160625838386,0.006541846295826552,0.32118426167924613,-1.9463054572603065,-0.9617082199438974,2.6252635129827513
-0.004946221773854977,0.007432626916314639,0.003272958512551784,0.006551986993212859,0.31749976113714623,-1.9070651320859853,-0.989159374696131,2.5687550095120257
-0.004903062005571283,0.0074763909096861245,0.0031950339174392295,0.006571678280852804,0.3155733587315916,-1.8747813646314893,-1.0177855204445887,2.5245069835872127
-0.004803729315404471,0.007537187976002795,0.0030447535501694043,0.006569427951269534,0.3052531221393154,-1.8059700945008819,-1.0485923137392905,2.4230186414690884
-0.004847618623517516,0.007483549104462452,0.003128958679759844,0.006541583693232779,0.30640347729436596,-1.840764348664542,-1.0150491046730454,2.4683226431361973
-0.007381551226048637,0.005578709403174789,0.006961302533043638,0.00411996327782414,-0.10096210711480255,-1.8988535257912955,1.7128303437644417,2.784443246491667
-0.007385100081105565,0.00554775848084638,0.00694096430649531,0.004072749456893105,-0.10036351137116,-1.8792408755975283,1.6976421003383722,2.7461947386519934
-0.008023520586247456,0.0052908766070869405,0.007528734736534483,0.003158009262953338,-0.12345757569805586,-1.3074917067354377,2.1710112855726633,2.1148755859055424
-0.008001531567580893,0.0053177272341588385,0.007531652640304863,0.0032132453134475383,-0.12694957750545335,-1.3335310746427236,2.1753894946568693,2.153907530277866
-0.008006422838560517,0.0052925995031834205,0.007510913984431219,0.0031787809777049747,-0.1237253872156282,-1.323189855239807,2.157458156834847,2.12991214506197
-0.007933711768216415,0.005344067963562514,0.0074789968210919626,0.0033176843559814266,-0.1292309450971507,-1.400430106421367,2.1363563348243524,2.228976316535586
-0.007915346901141327,0.005345335882630979,0.007458175511201516,0.0033385734358268794,-0.1288464649273127,-1.4167352528899242,2.1200893234351965,2.2440326205587824
-0.00793769802242778,0.00532846415297451,0.007467616190849598,0.0032947822360178103,-0.1272619430257458,-1.3927188634202914,2.1264032310603262,2.2127482909651044
-0.007976344547295755,0.005317669485332127,0.0075021401764584494,0.0032406541602461804,-0.1266857032538142,-1.356009205318167,2.1525442013671525,2.173865971507043
-0.00795189672950368,0.005318858515749349,0.007474559958612398,0.0032682961493246255,-0.12641805203429413,-1.3777988730792516,2.1311827908686216,2.1938433718937804
-0.007893365232957437,0.005344511857693229,0.0074306871925416,0.0033604294641843687,-0.12803500453888653,-1.4352833250189456,2.098383845078118,2.2596740706813403
-0.007874369795852572,0.00533579738562238,0.007398752749804228,0.0033692645503297504,-0.12627820255750868,-1.4485555708069457,2.0727214334570685,2.2658395657463153
-0.007862503948894022,0.005352599722124136,0.007401150256321696,0.003401848240397723,-0.1277515239541631,-1.4636395746583217,2.075446174467954,2.289176577622514
-0.007841812751775633,0.005352207173383349,0.007375251438512917,0.003422137836343962,-0.12685843546713405,-1.480527816041713,2.0548556831456697,2.303415915634217
-0.007821107892781632,0.005356323789043489,0.007353668372426333,0.003447734988010594,-0.12625877215708717,-1.4986269211729752,2.037839517704811,2.321390123930637
-0.00778506406713517,0.0053769947630077815,0.007328800190826978,0.003508726116817694,-0.1265240672981485,-1.534431416384827,2.018717046144916,2.364660687868696
-0.0078011049012882226,0.005364095932360483,0.007336346941611918,0.0034769765177880686,-0.1261413540220108,-1.5172300650795398,2.024308691893205,2.3420065979873645
-0.007765904916448185,0.005371468352602144,0.007299152520605924,0.003520006436536805,-0.12491813772018182,-1.547335461551261,1.9946896754271957,2.371882426038351
-0.0077490955464816665,0.005382608370027005,0.007288520692664754,0.003550023245011038,-0.12489067085970718,-1.5643401631348075,1.98645506723523,2.393118343122286
-0.007734935801048108,0.0053956701621453934,0.007282931655867816,0.0035800064567856555,-0.12533101496378757,-1.5800809381475223,1.982259087292038,2.4145981692739866
-0.00771697132135403,0.005399317774723979,0.007263223858242375,0.003601312581926114,-0.12448386621226848,-1.5950050902691206,1.9663819270047214,2.4291829953424635
-0.007695642757474281,0.005407818218429525,0.007243581394184244,0.003631794715614324,-0.12367021673099886,-1.6141695738977468,1.9505989333115343,2.4503315007099604
-0.00765467412628548,0.005439212941041637,0.007219161750937452,0.0037097394617498776,-0.12316686224745026,-1.6570236028635719,1.9310483916347267,2.505860256727336
-0.007670909692849591,0.005418542754313608,0.007221270466464246,0.0036680139121469313,-0.12270850688559055,-1.6365633511669024,1.9325912094386999,2.4754658124873905
-0.007631308031690772,0.00543750245137798,0.007186406059565241,0.003727821557744816,-0.12094432175071478,-1.6727137918714465,1.9042069889320132,2.5169064762876974
-0.007435634993488319,0.005518865435637613,0.006989010905381637,0.003995621193978577,-0.10542291015640491,-1.835892995446555,1.7391767521248445,2.6952467515289733
-0.007456745710170779,0.005503926922018605,0.007006131514053931,0.0039590425643899205,-0.10726902428478037,-1.8159340311171575,1.7540557084549988,2.6702230371000972
-0.00738900186162756,0.005515152118004505,0.006919945905692002,0.004023533430106676,-0.09955627271647872,-1.8589433441342393,1.6820825096596577,2.7069100936496846
-0.007414485531787394,0.005507824007914018,0.006949958993079522,0.003995272727235084,-0.10227914309329837,-1.8414553895349255,1.7073080682643613,2.690007930696126
-0.007606710821185839,0.005440892068910917,0.0071565841465836945,0.003753353153608818,-0.11910432972308427,-1.691062924697431,1.8797669663834953,2.5334106838322956
-0.0075841253437717,0.005448195374647619,0.00713279040426601,0.0037821018469313163,-0.11751739730814482,-1.7094691468074064,1.8602019185796206,2.552526244354819
-0.007560717521821394,0.005455406931289962,0.007107530097728976,0.0038110973004099034,-0.11570909091884078,-1.728150148095336,1.8393169314629703,2.571666300546602
-0.007480113468911405,0.00548863032220857,0.0070257298592081565,0.003920135242166874,-0.1091333982009171,-1.794369343536628,1.7708738258383268,2.6437424523651303
-0.007504648964394649,0.005473532079769572,0.007046699310475941,0.0038804244204489508,-0.11095624343021442,-1.7720582927069934,1.7886845482691556,2.6167810501159754
-0.007532055591318214,0.005456635340216013,0.007069578203626666,0.0038357755995534456,-0.11288088715555153,-1.746911572340114,1.8079886945304275,2.5863356223001737
-0.007223211069330328,0.005682552806804926,0.0068070830061408485,0.004375671769535599,-0.07905717401896874,-2.0374570728398425,1.5736908995934402,2.9529191893849056
-0.007243746236277631,0.005666407335856379,0.00682611717903578,0.004339082123045567,-0.08247408404168331,-2.01842639984802,1.5915196308527653,2.928516967319293
-0.007351114610949977,0.00558582988958842,0.006922721621961519,0.004151123846225913,-0.09707596607110598,-1.9187201919201107,1.679941398414141,2.802246890302996
-0.007246888905943167,0.005633003739342968,0.006805490397772737,0.0042869012096981305,-0.08294084016308455,-1.9956197575128825,1.5776261653750294,2.88499592987039
-0.007268683489788066,0.00562090437525981,0.006828782754537777,0.004255718518876601,-0.08608822485136136,-1.9786804025463811,1.598333744954889,2.865594091989325
-0.007322251229459677,0.005599468920733056,0.006891317958406021,0.004190204212263521,-0.09334132315804576,-1.9410491454237653,1.6525772423081224,2.8267820479665398
-0.0072920887011089985,0.005608512709547295,0.00685392439894049,0.0042228315490516624,-0.08934591614733339,-1.9606048594869165,1.6205048040435301,2.8451659177301942
-0.007198925755566351,0.005686723806618495,0.0067730721453258275,0.0043958334470334095,-0.07547149168210411,-2.0498098471897896,1.544448881527264,2.961695181253052
-0.007123514149106725,0.005703036488393853,0.006669121750924178,0.004460887680886267,-0.0632049087364396,-2.087010813011988,1.455173000073975,2.9892063932287782
-0.007151150878653508,0.005691873944152267,0.006703694549341982,0.004429576467659454,-0.06787193831396769,-2.070424238793923,1.4855513464787629,2.972952454522209
-0.0071733389005132625,0.0056811485521174486,0.006729941781222446,0.004401386577874207,-0.07152868612076346,-2.0554967118626344,1.508911400606603,2.957051837718911
-0.007097141858775725,0.005681162435173777,0.006613938301220388,0.004440526962263002,-0.0596883022254323,-2.080066659947933,1.4125001595768607,2.9614018190911064
-0.007014119305723221,0.0057367193618280896,0.006522597110029097,0.0045635999773923795,-0.044630921704771086,-2.1392137440427277,1.3288834603548136,3.031665019400071
-0.007038230150069111,0.005720954233861786,0.006549861915877025,0.004528802156936198,-0.04910047380086191,-2.122740694209476,1.3538164961118448,3.0123250176165794
-0.007066599074070126,0.005696512423844707,0.006577576552769574,0.004478435405012368,-0.054602673986290505,-2.098876160579115,1.3803276009864633,2.9813661092558745
-0.006987868099592638,0.0057432864444927345,0.0064860299333957035,0.004584660605332293,-0.04033561649786772,-2.149256901558609,1.2978932511166532,3.0380887842660367
-0.006950903138180351,0.005781305792306165,0.006451278869472987,0.004658331512124792,-0.03216575690144321,-2.1830220296759744,1.2626203948362902,3.084318278662455
-0.006928789951106793,0.005796454923205856,0.006425402336943891,0.004690263870083006,-0.027484571566823456,-2.1972738587536553,1.2387552939219064,3.1011150815905104
-0.0069548344412519204,0.0057477827984701736,0.006437634851292208,0.004604684506499499,-0.0349113630145853,-2.158352516964051,1.2580858056109319,3.040214220217688
-0.006869819564128241,0.005803605385026218,0.006336866789821428,0.0047215620116683775,-0.017970545820011476,-2.209227292674481,1.166396629145604,3.0987183395500466
-0.006900815142307189,0.005795940561986662,0.006381195395285032,0.004699278871458151,-0.0232594238665003,-2.2004957642372633,1.2031800125515444,3.0951177912159498
-0.005689318490489448,0.006790984103326897,0.004571857745925951,0.006158094899257092,0.2768418324260698,-2.3685047190751294,-0.3432807335541593,3.232561659622242
-0.00571496949294098,0.006750189226834983,0.00462158283714165,0.006109656576249646,0.26753576150519226,-2.372359252291359,-0.29887149473959246,3.2345899787485553
-0.005704757306041503,0.006695590472078542,0.004620539387032488,0.006024144306574477,0.25283425536098664,-2.345130342207024,-0.26286124542025124,3.1808723693686094
-0.005749581833941868,0.006666122814532698,0.004693799719601093,0.005999745383062743,0.24761814976195914,-2.3641054317404238,-0.21756291826496857,3.211367235259934
-0.005755955923871504,0.006616609997194945,0.004713647407186924,0.005928729934900549,0.23486376837279438,-2.3481996711654607,-0.1793545570868494,3.1794313341860807
-0.005638146939950735,0.006797522714895663,0.0044946232016362655,0.006142681038894447,0.2755789446926922,-2.3336984535908685,-0.37224818988220815,3.1726801873240444
-0.005590816768910592,0.006804249837516838,0.004424119399513755,0.006129096260172454,0.27402549264507176,-2.302291728528237,-0.3974356248832559,3.1191063404821553
-0.005525551436486637,0.006870322945488727,0.004308695682182114,0.006189886755285162,0.28540187168942116,-2.2740256279836104,-0.47395635601794467,3.0795878641154926
-0.005559694179567549,0.006837180884281205,0.00436876295879124,0.006160524835843127,0.2798475961975877,-2.2895825816261497,-0.43548546750830736,3.1016981202421188
-0.005483815052588702,0.006863449001233229,0.004252878792793775,0.006158660586438445,0.2801695201832765,-2.243184434846644,-0.48214088401493826,3.025618709525275
-0.005444730479608247,0.0068853617125066964,0.004190837455796439,0.006168546290916683,0.28207618051508726,-2.2207661119152924,-0.5112728530264469,2.990821825943636
-0.005360960998831172,0.0069870555415497415,0.004035685201093263,0.006260675247351308,0.29640586887298487,-2.180955771528989,-0.6125619804396517,2.9391373966634786
-0.005402972799205013,0.006928472425224102,0.0041170052849615,0.006205038937565868,0.2877505937840863,-2.2003496990620146,-0.5564058666371169,2.9626995171850434
-0.006839097770712992,0.005815871159872612,0.00629524468067168,0.004750324348042831,-0.012063282152668386,-2.220504678747311,1.1307533468615387,3.1075005243717126
-0.005993725055171495,0.00647384836129217,0.005094695578259684,0.00579407792031273,0.19888088825021585,-2.4285523149649446,0.07350642891732785,3.318007757210076
-0.006007836218625643,0.00644396660187754,0.005118319506057987,0.005751425209209899,0.19108218729532836,-2.420125720351469,0.10180691210542817,3.3025950492607756
-0.006041020561603208,0.0064360929914853305,0.005170650503933058,0.005748211827301429,0.1876531339553531,-2.4346107476685783,0.13339516366666773,3.3298118634367104
-0.006076980303912924,0.006416024802657207,0.005227856345561115,0.005725889137596804,0.18123685288748748,-2.4430591037063345,0.17490717478850695,3.3465446872767894
-0.006110694812100039,0.00639326907135765,0.005281415874324034,0.005697899277575121,0.17409516046549575,-2.4477156949590544,0.21665577908849595,3.356757479691541
-0.006139969465647642,0.00636881923363998,0.005327525700524947,0.00566541522863999,0.1666343760458113,-2.447978336310634,0.2552474188284142,3.3591648629273863
-0.0060720149033176045,0.006371002085927943,0.005219958970454825,0.005653679765531362,0.17112653128866248,-2.413537511006073,0.19369313171887081,3.292496111520297
-0.006280921473993923,0.006262254361915812,0.00554541092408117,0.0055175679435502745,0.13155014668777518,-2.4444838361014245,0.43867182737620153,3.3676410140874835
-0.006170122675549969,0.006345305032774457,0.00537474725370675,0.005633932045229381,0.15918799096720207,-2.4484675137775227,0.29468540133136495,3.3624365119089563
-0.006221994239656739,0.006313617682367262,0.005455915870748752,0.005592254086965404,0.14820194756366264,-2.4529404059856144,0.358760771732938,3.375716495421703
-0.006188389228731335,0.006319621186373763,0.005402313748920839,0.005596133792959192,0.1517087883671127,-2.4408531455613462,0.3234327784277338,3.350381298638485
-0.006242294516917343,0.0062793420018680424,0.005485134344829585,0.005540042489781802,0.13850433587414715,-2.4392987997434594,0.39283380524811184,3.353344854028854
-0.006317293259891793,0.006210623972333656,0.005596267586961682,0.00543787106877023,0.11720725373422734,-2.423410983463482,0.4940491865216699,3.3350878057366464
-0.006282339537766419,0.006221727006261127,0.005541839765229936,0.005452385752287553,0.12281085503312218,-2.4172174774284954,0.45418400046642665,3.318930754556353
-0.005738743772655969,0.006570492885877991,0.004696856373769351,0.0058542164685937564,0.22421360318387648,-2.318029022992864,-0.15864419453314094,3.12332850951905
-0.005825984646314904,0.006557282027711982,0.004828416519483649,0.005866644475394734,0.22155073706651948,-2.3673883938015234,-0.09759148814687596,3.209427218086386
-0.00577708895071545,0.0065363302797971186,0.00475882247250541,0.005817986937766734,0.21664401489079763,-2.3273979311132904,-0.1144891216493698,3.1376897368138867
-0.0058636612820204,0.006526850770910569,0.00488945232276984,0.0058339504827927754,0.2140019620594795,-2.3766920545855297,-0.0536436432813343,3.2246062246279865
-0.005949657969369281,0.00647622687511632,0.005026045153364523,0.005784472739999075,0.20084380734566867,-2.4034507389056965,0.03818698018948546,3.27159878190112
-0.005904290053583081,0.006500524415895558,0.004954224217275848,0.00580744562371027,0.20724045475725794,-2.3886509958486646,-0.009397345121117827,3.245209176841993
-0.006630848405975474,0.005983420598224983,0.006040031487594661,0.005062815740887135,0.03830691338172403,-2.3387073002784473,0.8897095031936575,3.252345776182893
-0.006624047593766112,0.005945713332976584,0.006014542389607744,0.005003447938909587,0.0341805936040651,-2.309815394344439,0.881910943031763,3.1987075970763637
-0.00657268916154746,0.00606594610532387,0.005975543554694782,0.005203457484864691,0.059263580406243806,-2.3922027185119386,0.8147676999533385,3.3324851222341048
-0.0065804777574405525,0.006030700888175135,0.005976023936466746,0.005145249760930615,0.05244424626848553,-2.366842390372885,0.827056342886079,3.2889516301019763
-0.006595317502957841,0.005998759105682893,0.005988553938455279,0.005092033217337157,0.04548234020036442,-2.34520436186414,0.8465680421206906,3.254124494656103
-0.006804902156117625,0.005830146382203195,0.006248939017193487,0.004782560134633004,-0.005821953384449247,-2.232609846635825,1.091187515613684,3.116979347628446
-0.006714773984437866,0.005883950089881289,0.00613252456505503,0.004889314798059515,0.013382819365505904,-2.271724712746514,0.9880667367275177,3.157311474758432
-0.00673843053575047,0.00586587656852958,0.0061616466968702965,0.004855575409105593,0.007819566386916181,-2.259219650802098,1.0149257361851491,3.1423568748685557
-0.006770069065413821,0.005848216026304898,0.0062031127158330744,0.004820156605727533,0.0012595225491943867,-2.2465219259693203,1.0512609297058189,3.12999940253366
-0.00667931412005547,0.005888989217721295,0.006078865465515983,0.004904427321843881,0.019268919794782114,-2.2735024716278684,0.9458199342455308,3.1496175436459017
-0.006641366637593446,0.005914795702394712,0.006029769315360318,0.0049518262991210945,0.027768011924439093,-2.289116963460383,0.9020323530790694,3.1665340228922894
-0.006533273389021017,0.00606738443644159,0.00591161250924986,0.005208601065197113,0.06474600306418156,-2.385078837697863,0.7673422558753065,3.3095969040684206
-0.006501611086906783,0.006066820752361037,0.005860122210858851,0.005209374306238948,0.06882319898866586,-2.377421971275421,0.7303713842518335,3.2883310939290284
-0.006475708377655528,0.006084712764112077,0.005823530492436336,0.005239205497342642,0.07542409320495147,-2.3842239758131263,0.6978906527548984,3.294622588966075
-0.006439739657295417,0.006099006040065497,0.0057694687928754205,0.005262871198542067,0.0821633213801028,-2.3849564170745174,0.6548591849249611,3.2883295049854637
-0.006412079804531573,0.006119749472875011,0.0057302033517881166,0.005296181412745373,0.08928792528248236,-2.3917775558799383,0.6201056210521452,3.2950331979567538
-0.006378094781423243,0.006120355045265958,0.005675925822623441,0.005296510053104615,0.09334129252650586,-2.3815932379891698,0.5829567862114127,3.2706435227975477
-0.006319955536298676,0.006170498416907422,0.005593415506077632,0.005373712241019406,0.10887549057802413,-2.3965737150650734,0.5088250607599466,3.287616312955475
-0.006325618549619371,0.00613853261299672,0.0055964024276300844,0.00532327626966812,0.1024236789990058,-2.37671082516692,0.5236508516385376,3.2533187010818687
-0.006345033637832844,0.0061214859538059035,0.0056236784385462245,0.0052972077858527925,0.09688426420442794,-2.3716700252729566,0.5480698421388364,3.247470782674467
-0.0033030050943372038,0.010744895211345572,-6.294987947334159E-4,0.006620880864675391,-0.08816930150837955,0.3840428633542559,-1.366188661578363,-0.17065938602659317
-0.00337899107816866,0.010505985234826426,-4.471013386594872E-4,0.006727661976439074,-0.06463627681921597,0.23816074457996747,-1.435244466579876,-0.009259145986744174
-0.0035739833797570433,0.010192095446882614,-1.870598363210593E-4,0.006914460743106602,-0.02264058771625212,0.03927660928950397,-1.5642823961363244,0.2342782507944218
-0.003473325985243839,0.010324675766402005,-3.010236337280936E-4,0.006824652855456929,-0.04188784254575351,0.1254334206276955,-1.5011557387477492,0.12523183668613916
-0.0029940323197709573,0.010775565045565368,-5.725733988522606E-4,0.006417344668911023,-0.09379205996576821,0.35807038970551525,-1.1955980228345808,-0.1937058434847896
-0.003984892585023928,0.009309807792806409,7.684746078867954E-4,0.007157562301976957,0.12478031819889857,-0.6123073765191248,-1.691700331589612,1.0076430860936973
-0.003957906495554687,0.009560942313183544,4.879808319604569E-4,0.007197809634598737,0.09121174001831577,-0.42733792250108366,-1.7408433682455957,0.8100444287983194
-0.003963319614814567,0.009430595299805805,6.317698686641181E-4,0.007172883140509331,0.10818225463094701,-0.5228985386923323,-1.7123963312299455,0.9101018430919073
-0.003850140973300583,0.009639318163069854,3.839941846928614E-4,0.007118668320488782,0.06821055352517881,-0.36100105667734755,-1.6876056819111234,0.7132573158558103
-0.003546476317707486,0.010050890982743187,-5.098219282952109E-5,0.006899769119350155,-0.008677287450438751,-0.0602954152035994,-1.5430117593373924,0.33137119395792364
-0.003758922054782451,0.009729749015826815,2.769949901865846E-4,0.007054522066337921,0.04659905799304267,-0.2909249079491409,-1.6446300781774956,0.6175576261481422
-0.0036719869454227097,0.009828553012339047,1.6871860094706275E-4,0.006992862064407734,0.026721210539619,-0.21729327559200626,-1.6031219462338482,0.5210800961902042
-0.0035963698592413507,0.009940368659760458,5.511179467379465E-5,0.006938180983817548,0.007953469645119032,-0.1371472877941847,-1.5670435134560454,0.4213642487304596
-0.003998804481846415,0.008832189216203514,0.0012672023501144923,0.006975238762333166,0.16894072853522124,-0.9260956987617929,-1.5240552302906583,1.330555543463827
-0.004006493858185153,0.008742766701515936,0.0013580086512246887,0.006935183218187339,0.17581839869776628,-0.9799262522795772,-1.489327606421964,1.3868912163337108
-0.003995618072175323,0.009053227868869466,0.0010432358901305248,0.0070738412958771335,0.15207194277604638,-0.7879402648520878,-1.610775541970508,1.1900076436798992
-0.00400057722313185,0.008943927115015595,0.0011569894078220456,0.00703025081228332,0.16105991344739193,-0.858665266644829,-1.5710851813202522,1.2630762208983974
-0.00391295625452236,0.009110071470281169,9.521714387261562E-4,0.007027757810439938,0.13308046797766437,-0.7353397785717338,-1.5830709062055028,1.1138008105123471
-0.003879597931937092,0.00921656864792543,8.322045058924483E-4,0.007038417933295141,0.1181137986820928,-0.6597058402876459,-1.5984711521340043,1.0276199153188603
-0.004086787960706414,0.00866287366739587,0.001479437186397355,0.0069551064239859895,0.1940458180527129,-1.047173957136793,-1.4941795780158658,1.4771974152305158
-0.004162415617302065,0.008551289094397415,0.0016321131144316932,0.006948746325338317,0.21367615372509854,-1.1313188634296232,-1.4772406125235469,1.5828330440793101
-0.003951573111720753,0.0086557290071794,0.0014096979348818485,0.006844911327166123,0.1706917018415354,-1.0123693538579206,-1.4228324939442716,1.4044017534293927
-0.004299911159608847,0.008091191957229004,0.0021443414396418448,0.006725384371586024,0.24441363047783007,-1.3953522607884532,-1.280213345730201,1.8782784187955046
-0.004233083924296302,0.008164994420945485,0.0020302435872264703,0.006733757265081461,0.23261436342872474,-1.3390288740355512,-1.297539510377163,1.8041879090129498
-0.0041933083072085335,0.008253949308885697,0.0019244576927286631,0.006770630490877535,0.22499207995670317,-1.2864571010702663,-1.3316225994508943,1.7421921193269043
-0.004118304742301245,0.00842498058592873,0.0017210995839046538,0.00683267989815322,0.20856643834569036,-1.1812255544090149,-1.3908326914295743,1.618052962510174
-0.004106896474032682,0.008302721705810404,0.0018208955471628026,0.006741237339513577,0.2091785104353225,-1.2337646567830907,-1.3221280366555133,1.6660094410056734
-0.004268667315024562,0.007994558941753297,0.0021975719146472214,0.006624870911400362,0.23628877099933351,-1.4184001463491855,-1.2115103654628567,1.887843540151869
-0.004374577203203338,0.007929159516320654,0.0023378591070916835,0.006645145392455692,0.2536935944419377,-1.4858225797838156,-1.207333582691036,1.9844697384006225
-0.0044688420185571105,0.007877983705002844,0.0024609757479947653,0.00666775359215644,0.2698995314952363,-1.5450852238867345,-1.2048428833588558,2.0713224470062017
-0.004539308088646355,0.007828076846038047,0.002564533982393467,0.006673024686165348,0.28069196167167876,-1.594677503698182,-1.1932628022728504,2.1416020060592067
-0.004634842300054475,0.007581357108878069,0.0028390487363904033,0.0065006555321725145,0.2785014706393274,-1.7057645625380793,-1.047909367362793,2.265522906196921
-0.004573612952585343,0.007740204556500042,0.0026643895073113675,0.006614607564697452,0.2806954943218512,-1.6368846447266985,-1.1429566948455154,2.1889009528193086
-0.004575244289995351,0.007646134084146686,0.0027347108980180375,0.0065248236706771535,0.2738434410520013,-1.6610266122652735,-1.0792587655506007,2.206329247694926
0.004106243021331624,0.00742970399229901,-0.002437746149918362,0.006044496236217522,0.19035098983386886,-1.4971806330734132,0.8587137306056621,1.9013074951361235
0.004073446059392719,0.007277003960167546,-0.0024898244826200276,0.005893319485095584,0.18003443332336064,-1.5075458677775855,0.778511176425751,1.898328704785427
0.003987345345601247,0.007512122473627033,-0.0022896109556667815,0.006052149189775149,0.17982178940715624,-1.4369559376597765,0.8772183525888485,1.8189571562397735
0.003878822185593499,0.007907508314101785,-0.001957841861858583,0.006303810558654018,0.17368358930685804,-1.299329874146365,1.0415873106109679,1.6680828263952718
0.0035540735793917005,0.00831078575365698,-0.0014616395436633461,0.006374706277548144,0.12758095316355755,-1.0582366585461997,1.1074216457602928,1.3627170623300662
0.003693832997291873,0.008176106715692874,-0.0016432184326185767,0.00637761894353163,0.14796698684611,-1.1492504562022505,1.1030184611002907,1.4812540278694526
0.0036906355179604417,0.007999961097989167,-0.00176199286215647,0.006258647853676441,0.14966622178238967,-1.2085391308122295,1.0263741580629924,1.5398043235892651
0.0038697988900816952,0.0077426953650723725,-0.002057774779873199,0.0061736760420041574,0.17120938493814322,-1.3423487582121496,0.9608798007823766,1.7062220169127311
0.0038806525413809232,0.007599282356299095,-0.0021523940492992133,0.006066859077953728,0.16841759179509128,-1.379984202700763,0.8963708760016837,1.7432461744039145
0.0034320258598394583,0.008457053324958889,-0.0012894839538303774,0.006381870866333434,0.10834354057314406,-0.9682548179453109,1.115032668252673,1.248293095210416
0.0033259069564651475,0.008607477116810319,-0.0011293392863725956,0.006392740954801106,0.09020269309965957,-0.8798433192816998,1.1221433574656328,1.1384483589375156
0.0032970437324385295,0.00874955989741992,-0.0010133994732735851,0.006438946724164052,0.0798960045973292,-0.8099414648308481,1.1543989210813863,1.0604480331288693
0.0033550774770558563,0.008290851378230437,-0.0013614032456322348,0.006246391961692587,0.10566751296257136,-1.013974691114736,1.0269591248008825,1.2830613826604873
0.00310240162569771,0.00942689207836208,-4.4217569861164683E-4,0.006528736665392935,0.0180115981467294,-0.43481105772972467,1.221215236439553,0.6365116565776608
0.0031327621100793596,0.009173568749866747,-6.405675241796518E-4,0.006487301264610603,0.03960420990233319,-0.5731007223243841,1.1879091147318483,0.7864846315020918
0.003141174278589989,0.008896600702559487,-8.453295257173992E-4,0.006402839427188548,0.05826189450670822,-0.7115485412816475,1.1263771463774825,0.9339675183439685
0.0028992008114293094,0.009625951919442216,-2.6369603963457194E-4,0.006436045812103412,-0.008841514578969508,-0.3094167802352699,1.1461777381554565,0.47662100222720494
0.002795651418732014,0.009941505673173472,-3.658489603511177E-5,0.00639788567478283,-0.037102636328645744,-0.13308164530031485,1.119627332306356,0.2798975941090817
0.002754216136488489,0.010243916208334496,1.6666131822270475E-4,0.006365991659414968,-0.05903470300838542,0.03431819277007203,1.1049285584055684,0.10348263187996143
0.0025299737321281563,0.010383367871787326,2.3315088254620615E-4,0.006233991016843757,-0.07416973422362576,0.09737907869822142,0.9922746521616707,0.011738723600682678
0.0022782535494859897,0.01052863262355896,2.8093164003941843E-4,0.0060966873043116964,-0.0853510485452862,0.1586985996484387,0.8701101522077578,-0.07380812886557508
0.004747409671965306,0.006468922954169721,-0.003477703036325984,0.005372055894819563,0.17168575903537112,-1.7880966534669918,0.3975088851940169,2.2564398807779202
0.004537245023556984,0.0068175671011668215,-0.003141506876453496,0.00566282195371095,0.1918121877048434,-1.7229396046290117,0.579841296796361,2.181344967906121
0.004692487061265867,0.006598528505954326,-0.003381069396631509,0.005492757435978894,0.18243185639448536,-1.7777974088657336,0.46371809696148153,2.248715074816673
0.004596015322491711,0.006707173746371562,-0.003242924833366288,0.005571541108572804,0.18630927526881202,-1.7442773700281398,0.5233320380010303,2.205394416052109
0.004390494000487854,0.007002447897024984,-0.0029170994039814245,0.005785672705806212,0.19466133320111292,-1.6580543490021318,0.6718453875988438,2.0994613522101946
0.00439582733554012,0.006836501977869291,-0.0029908264265287054,0.00562341825494513,0.1828537295198542,-1.6648960591030526,0.5899685944219123,2.0950149731083054
0.004053585903089342,0.007120403925733136,-0.0025473290583338977,0.005744629898457434,0.1697981666194606,-1.518927895297647,0.7025351193296568,1.899244870547016
0.004206667998073024,0.007047915259697958,-0.0027201062047320767,0.005746600942660304,0.18114307236180086,-1.582157951267712,0.6828779858553737,1.9878032443591829
-0.008710023445099966,0.005108854456826323,0.007979835669064265,0.0021040935145965264,-0.035931029471477756,-0.6096166293759065,2.4653213097874302,1.3653116058866226
-0.008725502742656918,0.0051049437746201265,0.007986867026928314,0.002079014664597293,-0.032630233788382014,-0.5935524916743415,2.4690241121861263,1.3480448876495712
-0.008786741307105684,0.005087435555421093,0.008010853549652948,0.0019779483559594396,-0.0187054371741511,-0.530225939067802,2.48070716357844,1.2790165133222173
-0.008802893433773086,0.005083506042838412,0.008017600429202722,0.0019516970526688878,-0.014979478675375585,-0.5134727376977878,2.4840859772040953,1.261092424638364
-0.00884986309047559,0.005072304540844116,0.00803657931284272,0.001875283258438968,-0.003907404778848294,-0.46475887520758813,2.4934067769262582,1.2090961892201337
-0.008818634214080948,0.00507966605900261,0.008024009763857053,0.0019260675443598591,-0.011310572840512548,-0.49715268689724396,2.4872503737995877,1.2436289870524375
-0.008834232077892254,0.00507589646638708,0.008030253373951015,0.0019006581710470872,-0.007627289617509692,-0.4809820808481022,2.490302330688315,1.226345384277563
-0.008759500752972254,0.005081989385341423,0.007985026556938979,0.002013396720592353,-0.02356483540158812,-0.5596271206286914,2.4641941438928554,1.3047205502306254
-0.008772804218162737,0.005072767831382845,0.007983846001063095,0.001987664475688732,-0.019994326603440752,-0.5464383987974307,2.461997991762594,1.287778429772542
-0.008729790654756205,0.0050906517148877565,0.007973389781590404,0.002062272989812214,-0.030203618780246643,-0.5902377843139806,2.458448847538758,1.3381412373848152
-0.008743323553548838,0.005081906998429481,0.007973179155618203,0.002036514195358129,-0.02669645618761773,-0.5767130126572947,2.4569400630828575,1.32107505467963
-0.00850087521033269,0.005153375448818897,0.007860754002000606,0.0024306101482432156,-0.07437199170854732,-0.8265927071898428,2.3954675779331853,1.59434592829031
-0.008486031213351593,0.005160618651903127,0.007855956639521896,0.0024569119097487342,-0.07716643264413173,-0.8418851580489071,2.393252755151986,1.6124981956752484
-0.008679264385163438,0.0051170454463140376,0.00796591445473953,0.00215411680775132,-0.04244059035200107,-0.6415202039069864,2.4579841326615317,1.3998122395272679
-0.008694638011172387,0.005112844784589384,0.007972820963286277,0.002129053515790373,-0.03923076587977195,-0.6255886539032097,2.4616204332493883,1.3825329716370323
-0.008624042368387317,0.005118070032577944,0.007923596404669298,0.0022324779562529757,-0.051925896718130575,-0.6995362783269153,2.4314205180012363,1.4558727224892427
-0.008637885791605765,0.005116930889353671,0.007933341749575178,0.0022122699120651883,-0.04953020927050755,-0.6850997132155064,2.4374605053746685,1.4415155297176157
-0.008667508492934798,0.005106703905089399,0.00794478448186058,0.002162704195328662,-0.04328662956238719,-0.6546209875640239,2.4431321669540518,1.4074434218338001
-0.008650591811856317,0.005107036874201328,0.00793194448608469,0.002186685894851713,-0.04621583805204476,-0.6723469511328872,2.435076195369465,1.4245730210082148
-0.008608269174474452,0.005120989193120313,0.00791422773783971,0.0022567213192561946,-0.05479774520208502,-0.7158785218433606,2.425844237278732,1.4729020131618829
-0.008592043873538574,0.005124879050543674,0.007905455785678283,0.002282307199314757,-0.057794403135172055,-0.7326414616553283,2.4207565135310563,1.4907988097311156
-0.008575507264471495,0.005130073606301891,0.007897764995594045,0.002309338721087109,-0.060977562294569417,-0.7496746849654107,2.416525725112134,1.509584261412306
-0.008561841385271659,0.005137107130714971,0.007894431697117097,0.0023339475325275427,-0.06383957622196167,-0.7636796154488967,2.4153624655858694,1.52638317345889
-0.008544237121699015,0.00513720223001141,0.007879658405122886,0.002358035098320076,-0.06640179009979717,-0.7819670845705803,2.4056951911678177,1.543866482813465
-0.008523885805392484,0.005133726445457528,0.007858282202446295,0.0023825950284884594,-0.06872665645364162,-0.8030050051733194,2.3910806182675297,1.5621898278142374
-0.008504015956590463,0.005135131718885726,0.007842689324625353,0.0024104618332509435,-0.07150888592230344,-0.8233975413094557,2.38087653363788,1.582267622187737
-0.008454733554721044,0.005171535401394876,0.00784039683369734,0.00250842003258277,-0.08247118630621608,-0.8741792884505892,2.3842827396690613,1.648656338241628
-0.008440500211900572,0.005173237972116138,0.007829396318680593,0.0025288073894945778,-0.0843162655767168,-0.8888016359981942,2.377050042657268,1.6633751974860551
-0.0084675697426204,0.0051606254124374525,0.007839512294692643,0.002481545129139284,-0.07947342631591299,-0.8608843965588847,2.3821963816135105,1.630537755912805
-0.00839260718693487,0.005190150607668973,0.0078041832189999615,0.002607249049572356,-0.09170306391754227,-0.9381481434182481,2.3620051188246722,1.7186944388100447
-0.008374888788245192,0.005191616756082696,0.007789064044841886,0.0026315908808929385,-0.09362134337683574,-0.9561798102664819,2.3517238884006635,1.7364541816453625
-0.008423658221284843,0.0051755314128288715,0.007816546643495988,0.002553070494894623,-0.08647732828350842,-0.9060538023804732,2.368585835100036,1.6808685833825587
-0.008405360942835354,0.005179041745186255,0.007803554227696415,0.0025802379320335124,-0.08887871858058091,-0.9247745850976693,2.360125856540305,1.7003511305584775
-0.008333436066441772,0.005206585268997621,0.0077659700038299065,0.0026991508050835705,-0.09939438294622273,-0.9987938008802716,2.337454181412618,1.7843457922780896
-0.00835513202606776,0.005187425839823932,0.007765463391932859,0.002652943618287237,-0.09487458944711404,-0.9757969846006108,2.3347395986321176,1.7527467560467123
-0.008337421344022808,0.005188620011431047,0.007749716508037117,0.0026766143458487493,-0.09653720878220796,-0.9935447036256745,2.3238237991766497,1.7700315125649653
-0.008315458548664065,0.0052115612118253845,0.007753907709182079,0.002726834928387339,-0.10154025443985594,-1.017151984831937,2.3295472552742518,1.8041833956585602
-0.0082954428110944,0.005208140417849452,0.007730247280647722,0.0027485994043870174,-0.10260163515906988,-1.0367475520177922,2.3123317871240157,1.8207132908312824
-0.00827753680996491,0.0052096645037988,0.007714036900883584,0.0027724086195908253,-0.10401776931630981,-1.0545227573975653,2.3009151224274658,1.8381100190709632
-0.008260545107663976,0.005211818581288903,0.007699278648553566,0.002795554697990714,-0.10543681523826647,-1.0713887678992033,2.2905422767105126,1.8549641923658555
-0.008196449289604509,0.0052563109164611155,0.007682010622056453,0.002919767388002658,-0.11513689423374537,-1.139183810246072,2.2828848565788076,1.9419780014992702
-0.008176526554003456,0.0052527762424936335,0.0076569720199122044,0.0029399413866923376,-0.11549747590103553,-1.1579219815224127,2.264106490013697,1.957312517066702
-0.008159264205518863,0.005254728764211915,0.007640636938139815,0.002962542435881682,-0.11639218860366103,-1.1747302297022257,2.252226209335521,1.9738531358428772
-0.008142648279811383,0.005258891447194044,0.007627243572464291,0.002986610310871552,-0.11749926689185418,-1.1911694478367272,2.242688994414713,1.991245904360426
-0.008126890458514011,0.005264317667433728,0.007615988742772206,0.0030109380950479707,-0.11867852376742984,-1.2069499254179705,2.2348148851465512,2.0087156580835352
-0.00803705095774504,0.00528147826542468,0.007534264663657259,0.003132304686120417,-0.12225526477510922,-1.2932131398960438,2.174510803913172,2.096643872686777
-0.008110569044325019,0.005268510765516882,0.00760262738910785,0.0030344757229217923,-0.11966145567828017,-1.2230175552958704,2.22519237707759,2.02573462978299
-0.008092196407282625,0.005269874127065963,0.007583802706813706,0.003057108594850517,-0.12016645576815944,-1.240404063786009,2.21113343271394,2.042323258669253
-0.008054405683072013,0.005275052071585889,0.007547100496436817,0.0031056793762229665,-0.12127940443179797,-1.27612581772944,2.1837700681836143,2.077588763996079
-0.008073030091063667,0.00527111293368523,0.007563803432132739,0.0030802929994867903,-0.12059928038883945,-1.258321549656202,2.1961178816279445,2.0592676613538
-0.00823399732651695,0.0052273759569768374,0.007689309811208098,0.002843962546771108,-0.10920556170170344,-1.099004371877767,2.2850647370121524,1.8889640718284453
-0.008242382289854858,0.0052117141461087944,0.007680687476678156,0.0028176744448819725,-0.10649437467132038,-1.089066856489856,2.2770933182574535,1.871344204712394
-0.008205143584360603,0.0052387080869563465,0.0076717914916271035,0.0028907376031894042,-0.1122852728007648,-1.1284018214951732,2.273522866631986,1.9223436130001723
-0.008214726603843855,0.005224108772542145,0.007665788259889671,0.0028639546200064626,-0.1097220682309946,-1.1172754623185435,2.2675745583181075,1.9041299657962212
-0.012069436687914738,0.014634348255473068,-0.0074692173367064945,-0.003335212255023596,0.21374273388986406,-1.4463516501936824,2.597520649506539,2.613230111059656
-0.012090002305914418,0.014636939120341148,-0.007437839015547248,-0.0033522994147868247,0.21169821692445287,-1.462828820392808,2.570677821191565,2.6202252231823766
-0.012109509358359685,0.014631985983511784,-0.007418244568568727,-0.00337827232473305,0.2110564864777238,-1.4823605571268663,2.550873086196898,2.6368812245534268
-0.012129748317687433,0.014621929009698205,-0.0074044061579036455,-0.0034117326173630875,0.2112596333528807,-1.50523099665279,2.533852132991598,2.6607578819671756
-0.012150148288680974,0.014616463074914194,-0.007383797661827737,-0.0034388804481401097,0.2106063552222878,-1.5253545798802703,2.512895849071245,2.6779667467364594
-0.01216674822260038,0.014609612509250485,-0.007370087859918416,-0.0034641328611043263,0.21051450253759338,-1.5429877861847874,2.4974435697366975,2.6951520174023735
-0.012182288227937392,0.014603184473302763,-0.007357094584575363,-0.0034876883194722183,0.21043262016946027,-1.5593889333785118,2.482817667811499,2.7110991081748703
-0.012197890850305515,0.014595920337882526,-0.007344950465266947,-0.003512368026519447,0.2104624316117496,-1.5762389324089334,2.468537546016945,2.7281083219976168
-0.012213796169795689,0.014586958132728395,-0.007334427573926279,-0.003539625590609503,0.21077627654225725,-1.5942668720329685,2.454888601424406,2.747523298589831
-0.01223079878207631,0.014574115510308834,-0.007327194004844189,-0.0035733152797950566,0.21166562663715374,-1.6154707436103135,2.4423089195665866,2.772815589121386
-0.012251862165886206,0.014567476327241532,-0.007305796282143143,-0.003601740281565091,0.21114688772837312,-1.635715644109921,2.420045852068377,2.7904504048543113
-0.012283810525181979,0.014534262066691374,-0.007302376227577025,-0.0036779298634145303,0.21436136012382354,-1.681105264668169,2.4008343835601527,2.8506982084447547
-0.01226838356244042,0.014560449887224653,-0.007291171103324772,-0.0036264782592468456,0.21107491100046535,-1.6525856527144203,2.403623439580047,2.80670172521992
-0.01228328255260256,0.014553175438449325,-0.00727901251507999,-0.003650033473215061,0.21117362642990237,-1.6682867513373176,2.389267427636772,2.822561989775085
-0.01230022331136006,0.014525925152506681,-0.007289000570904174,-0.0037043858760636974,0.2144942783627823,-1.6986281545608024,2.384803287277372,2.8685761997054127
-0.012321113609108486,0.014525680358214308,-0.0072586706948344,-0.003722645075205792,0.21286356209112237,-1.713728158819558,2.3576925720138537,2.875558269055747
-0.012338313454904349,0.014521259314408006,-0.00723888914344059,-0.003743655871237125,0.21229987768928335,-1.7287518925831122,2.337919860173861,2.8873171383868637
-0.012354999098856437,0.014516811679200221,-0.007219761924353079,-0.0037640985602126905,0.21177902486755598,-1.7432471151503959,2.318706938516517,2.8987235924087535
-0.012376913974552631,0.014496644390073553,-0.007211873071147813,-0.0038120271942942,0.21348529367936073,-1.7719340839078026,2.301647239341717,2.934918410070995
-0.012372019401981384,0.014513802550987867,-0.007198253959051868,-0.0037825112091345874,0.2109835497922882,-1.7568061050151587,2.2981034017283792,2.907865453539548
-0.012393851854464946,0.014493226102276303,-0.0071906709978471475,-0.0038307996061795967,0.21275457194676275,-1.7854923553418642,2.281108495016039,2.944306066269407
-0.012482004062044564,0.01444936241617011,-0.007108594382312698,-0.0039652359649932625,0.21337948884429217,-1.871519978639389,2.186235381328722,3.0288361785234126
-0.012468458568775492,0.014457135802187146,-0.007120383404626785,-0.00394324448791088,0.21311846418011712,-1.8578504338689381,2.200616460515113,3.014676702121171
-0.012454759430115795,0.014464878979093756,-0.007132289101386295,-0.003921104314976922,0.2128815906599643,-1.8440053686745619,2.215084537507496,3.0003890800623583
-0.01241025091260828,0.014487904522899268,-0.00717244704463852,-0.003851819870961186,0.21240398148222314,-1.7998407809091643,2.262273188465461,2.956209777538349
-0.01244076794996662,0.014472935128723644,-0.0071441157880442205,-0.0038981834707609887,0.21259436810240165,-1.8296558558546636,2.2296338548967536,2.985423436773129
-0.01242597445866707,0.014480901652789098,-0.007157094195241181,-0.00387469264620278,0.21238267042979517,-1.8147664422382987,2.2451478817218824,2.9702789726185554
-0.012495319026135536,0.014441486115944898,-0.007097125458538697,-0.003987137174723917,0.21370314998492645,-1.8850301927234054,2.172078571758114,3.042976868225327
-0.012508820096153615,0.01443334679992538,-0.007085515881077095,-0.0040095022737432215,0.21400559284556556,-1.8987451495107968,2.1576572162029524,3.0574111840878904
-0.011934281179131555,0.014716830264090748,-0.0075271258218685385,-0.00308654506118014,0.20991634295988318,-1.2797994834700175,2.6860364205170346,2.42391322887952
-0.011955382733556497,0.014717414154420426,-0.0074996442637152725,-0.0031084069406898483,0.20826020726460856,-1.2994304997231432,2.661844448508002,2.4362023643309683
-0.011974315028018486,0.014713875375408908,-0.00748074970207824,-0.0031329290321978026,0.2074529970192748,-1.3187537927589796,2.6434928493060137,2.4522477513943426
-0.01199079536711914,0.014706705148861006,-0.007470014331271246,-0.003159357036827203,0.2074664760716922,-1.3374511840587617,2.6307911575439706,2.4713898691973917
-0.012003728472922828,0.01469832049288711,-0.007465379325114952,-0.0031835923758028683,0.20790015928326203,-1.3534659932638278,2.6229614118449804,2.4899816364395395
-0.012018926408706816,0.014698925894203263,-0.007444880505830226,-0.003198489691931991,0.20669692758457492,-1.3668681560123266,2.6049780280283064,2.497819881307364
-0.012061372994878236,0.014652508125877733,-0.007454567159615248,-0.003302714830389124,0.21123596152474197,-1.4292145462444823,2.592760238932789,2.583806335159473
-0.012052454673695263,0.014667707516339338,-0.007445080388930335,-0.0032735079785507853,0.20933037837120874,-1.4131018640421125,2.5911745341108943,2.558217549631728
-0.012045793341094815,0.01468305212331043,-0.00743229480032167,-0.003246562438978916,0.20735060801884805,-1.3990456694565772,2.5866831424076984,2.5338740692941495
-0.012035738860985306,0.014697597904269699,-0.007424962000644733,-0.003217380201997509,0.20563560402231723,-1.3825076027532779,2.5867017545516298,2.508946538892018
-0.011923430596111454,0.014734473180560615,-0.007514827940425941,-0.0030527488607046496,0.2078145332972217,-1.26117799130445,2.682719434153218,2.394219273614738
-0.011915702164331866,0.014762858368089292,-0.00748276715510419,-0.0030093645529295746,0.2036298092364209,-1.2406742692101835,2.666568781965117,2.3531164738089987
-0.011574683973903807,0.014877867031834587,-0.007691497123043762,-0.002482733304407632,0.208811567711515,-0.8470108455596485,2.8956832037250297,1.9625477398429518
-0.011643283676241147,0.014857865094995206,-0.007651223535194445,-0.002587927302221881,0.20736029474110468,-0.9278640881824576,2.8531958098356185,2.0418244042715603
-0.011660768802595907,0.014854840243755212,-0.007637162164752191,-0.0026122698004963922,0.20662178966460562,-0.9476211956910742,2.8397648195990137,2.0593450873430363
-0.011599762852529972,0.014876625358644072,-0.007667403201012988,-0.002514983470010251,0.20723748477366447,-0.875030947589542,2.8743287225891354,1.9850955392058047
-0.011626622165483816,0.014872245809431226,-0.007646127447888022,-0.0025523866740687615,0.20605929822900698,-0.9055444022069575,2.8542055776436706,2.0121539408821953
-0.011681160875176996,0.01484627537575181,-0.007628454938329336,-0.002646006362301668,0.20666539661271321,-0.972092238797706,2.8288822977033257,2.085267319819185
-0.01170714523669177,0.014846821336155365,-0.007599012047517016,-0.0026761912014478073,0.20465297065607405,-0.9992459655883329,2.8033821010801803,2.1048756844192074
-0.011730630911780648,0.014845885220369979,-0.007574402169796039,-0.002704707715376434,0.20310348952609755,-1.0239739095043436,2.7814563191706623,2.12387786262782
-0.011852014695725681,0.014799392645314331,-0.007505493829286564,-0.0028958797396076747,0.20226534942645397,-1.1636474840615936,2.7019981756389297,2.2660643649793326
-0.011878518965059693,0.014795061706424379,-0.007480412753957497,-0.0029301232715026296,0.20103491554494932,-1.1910231385289602,2.678092822523291,2.2890141929962016
-0.011902331212280183,0.01478675571789165,-0.007464042506835084,-0.002965907311199716,0.20070675364906435,-1.2172454442081972,2.660206708764924,2.314683289002136
-0.011814215033291732,0.014824043237600754,-0.007512799280091431,-0.002824976090723267,0.200840947584814,-1.116480940815432,2.718632311028663,2.2102904354303443
-0.011847892710423587,0.014829135484526607,-0.007466112258485354,-0.002856427889125008,0.1976381948133481,-1.1471909846276624,2.679750212471102,2.22729772320513
-0.011829048273283177,0.01483346877443632,-0.007481527311580752,-0.00283061129186561,0.19829409408747645,-1.1272057918038545,2.69505081000333,2.2093180544712907
-0.011754356507845677,0.014844455354558868,-0.00755005466686789,-0.0027337453326581654,0.20168187251705874,-1.0487728233541782,2.7595659024311323,2.1432439879026983
-0.011797595931522697,0.014831944656366142,-0.007520018409978252,-0.0027971946876503427,0.20071561248312378,-1.096910768614799,2.728204341671903,2.189188932487333
-0.011777155054066986,0.014839640070588783,-0.007531662471093257,-0.0027652580194457883,0.20084728040197078,-1.0735705189277238,2.741525616274403,2.1655076731847758
-0.011389545807525662,0.014981823365869559,-0.007699839217827152,-0.002147270125405174,0.2037865884374779,-0.616275252047993,2.93871594170885,1.6915657387701655
-0.011308636607392938,0.015031183482507605,-0.007687605074667724,-0.001999107827147912,0.20051624965311143,-0.5169820752334862,2.943725740814075,1.5701792306179543
-0.011289997640590965,0.015060001777296779,-0.007654747218277857,-0.0019509269979633014,0.19703295946744914,-0.4928721470186445,2.925131353260546,1.5273958673714672
-0.011367191438092457,0.014999817245108796,-0.007689763037930424,-0.0021023216996113175,0.2022718725581036,-0.5880574644543038,2.935979675401731,1.653876752979358
-0.011348674287531847,0.015011936749961603,-0.007685717598289189,-0.0020677127514833046,0.20119229158649937,-0.5652160820261181,2.936369838654003,1.6253630150434808
-0.011339120263339842,0.015033486393024285,-0.007657999157853562,-0.0020368197165000113,0.1983389997507782,-0.5517361213524069,2.9198784873859576,1.5969872388221846
-0.011387054874342077,0.015009651579355993,-0.007655898519826348,-0.0021192279712015246,0.19916138384734147,-0.6093987180909836,2.910675204268927,1.663259487846996
-0.011499772285355765,0.01492217070038701,-0.0076948188629876605,-0.0023442711198163823,0.20649908603759057,-0.7526121588030888,2.91442797536352,1.850593579367812
-0.01152853967966079,0.014922212660006097,-0.007666399017708123,-0.0023803543311477766,0.20445000744858968,-0.7847801062239133,2.8900967301381937,1.87579127271869
-0.011417329014897044,0.014972676767294718,-0.007689797363697713,-0.002191369125933212,0.20340617330273483,-0.6494798612357725,2.9272630112904228,1.7259285499572314
-0.011437414398736117,0.014961712494144401,-0.007689361557698412,-0.0022272352487986294,0.20404106996779245,-0.674204997229411,2.9232511226025073,1.754898332936754
-0.011488390516442924,0.014955211252702454,-0.007651869649306903,-0.002297940339937497,0.20170410131239194,-0.7329315387749565,2.8891244914125163,1.8070990826800462
-0.011460701836380031,0.01496274188403258,-0.007665857980393753,-0.0022558893090895288,0.20213868036806557,-0.7003953625586461,2.9036202622298544,1.7749593716623409
-0.011565625323100823,0.014899659216576584,-0.0076655951239326175,-0.0024491266220841527,0.2057654862976727,-0.8313583576659817,2.8812720811443318,1.9314041461750684
-0.011550786053077583,0.014918103040069967,-0.007650854943259103,-0.0024121067212111765,0.20362805104934095,-0.8103658313660705,2.8752731492923918,1.899255961381187
0.01575354817645496,0.01833883844172837,0.00218471894710134,-0.0014098251002561347,-0.018538302684400047,-0.7409430993441369,-0.3001978074477531,0.8178583815618251
0.01506684249406058,0.01853837393809453,0.0024135703955753545,-0.0013188044736280836,-0.024771929507705657,-0.7171556654511494,-0.4108108778714346,0.799416472335445
0.014447371955062977,0.018550413298744833,0.002674642191334908,-0.0012766849522791379,-0.025049207208776656,-0.699402364855722,-0.5163355761654902,0.7897432843859327
0.017685247399759824,0.018956388845668783,0.0012818039874599922,-0.0010401429980440551,-0.016460919923235565,-0.5784887862455242,-0.10268443744351953,0.6193391048076377
0.01693752762162158,0.018835794361012556,0.0015701156499071355,-0.001148582483931978,-0.02250794693313698,-0.6312233189174298,-0.16809267828216792,0.6818268346417599
0.01629819252056941,0.019084510111481528,0.0017399339451686098,-0.001093352257614045,-0.033282410302693945,-0.6264117449836987,-0.24554682452183815,0.6804403091586751
0.021054024805683115,0.022526671344100628,1.2698608177809628E-4,-9.217991107039292E-5,-0.04616377297682608,-0.1363130629853596,-0.037484060236266374,0.1382167041801969
0.0205962273588172,0.02102166824924202,3.058302644451349E-4,-2.816462235712373E-4,-0.012050783040994164,-0.2530637067728572,-0.017682268319240548,0.259926476590906
0.019716245102766705,0.019121419617268265,6.69604028801766E-4,-7.412786595156852E-4,0.017983405043539454,-0.4290630583957097,0.02065398337273786,0.45057353229179176
0.01939624718328735,0.01999797671431506,6.39111451061358E-4,-5.750043655143567E-4,-0.012361408482339823,-0.3908975986020295,-0.03507212948434794,0.4090036295817456
0.018211564140374985,0.019873415432146907,9.494017532288682E-4,-7.164448849677137E-4,-0.0329793209036908,-0.4677189879426426,-0.10078304315298282,0.4938105873717296
0.013222252200849414,0.01801841606254968,0.0034938080774239767,-0.0013202608489430946,-0.008942452952985834,-0.6880039820922007,-0.8101436691616989,0.8229043820646441
0.012731127308803944,0.01794912493039897,0.003751932002410258,-0.001218299337703761,-0.005319489917360246,-0.6173770471413337,-0.9326580307419484,0.7656110023865398
0.014001113080895753,0.01859335495799247,0.002842183037016011,-0.0012109230807935175,-0.024810061056647865,-0.666108041889766,-0.5950259415604229,0.7607961580547582
0.013548895057761391,0.01842765766339761,0.0031159238894980556,-0.0012114084800794827,-0.01943609482050712,-0.6540840910864446,-0.6939746574358197,0.7622134348649638
0.01234642111191672,0.018107819005387566,0.003791263875289432,-0.0010341138471501351,-0.005635333860711787,-0.5132856554255735,-0.9818744531440023,0.6567153210917289
0.011914623561739736,0.018104202970731682,0.0039393702279424195,-8.81721673338636E-4,-0.0022434291028525766,-0.4095675188386711,-1.0609286637361703,0.5590548324893674
0.011613242033853248,0.017805802574664346,0.004269189836316433,-8.477129072924694E-4,0.00557687122966767,-0.35615224902416903,-1.1943788527427028,0.5347094002147057
0.0112499969163325,0.017749730679881615,0.004415662271690566,-6.908590262781832E-4,0.010452595338057702,-0.24079989795100998,-1.2681149808604484,0.43005372590772495
0.01083629777196022,0.017844094693998495,0.004415212905099085,-4.6352700728268973E-4,0.012063775686438705,-0.09354784688042718,-1.2800719578518438,0.2782457107659502
0.010279347857379908,0.017532789000466432,0.004767662399169617,-1.8917644728475575E-4,0.02237181815215125,0.13381994702557207,-1.4233068874129904,0.08973986143345926
0.010441664566406156,0.01784492889206417,0.004462256092867885,-2.586589769962748E-4,0.013842530358332812,0.04915202252579471,-1.3012678626433047,0.13735412351374243
0.009310973122213436,0.017081923322366428,0.005170685436263994,4.6706463621127436E-4,0.03420529513215245,0.6399882128633685,-1.5421800804466943,-0.3507767018913746
0.00979212746328566,0.01734778185750328,0.004952999808693761,1.1313000786081626E-4,0.028263801261359824,0.3652616945615907,-1.4857950453392912,-0.11502627224117769
0.010010976549141196,0.017518738148566956,0.004788529862384657,-2.847438824055088E-5,0.022488323354433088,0.24702527919799028,-1.4265617814153013,-0.019668374605465687
0.009475171587689657,0.017393988674890358,0.004876133444762856,3.096738507133183E-4,0.025242153908343844,0.48684955580336936,-1.4351868377521688,-0.24497551187702582
0.008859829073215182,0.016982410764966125,0.005161281906707019,7.985729031925589E-4,0.032456933475429224,0.859499775541411,-1.4882728266001095,-0.5591359060263913
0.009044040189745478,0.01712365737587218,0.005067546390805001,6.368010206965844E-4,0.030263773207103283,0.7370554384139193,-1.4742186751191317,-0.4563480842535057
0.007723657752590486,0.01636456382859184,0.005229956732451315,0.0018329583137905343,0.016087868245040677,1.5214804452626731,-1.2794811654817657,-1.1456877290263794
0.007488198761873771,0.01630730477647911,0.005121050917436045,0.0020052461362434714,0.006898553674674191,1.5930940483306983,-1.1838883701580725,-1.2212380718487943
0.008606115815084456,0.017046680624873016,0.005010397421219914,9.407761242128587E-4,0.02556960773982916,0.9246398626266074,-1.3964477032483862,-0.6430074325177154
0.008342081023448567,0.017043371739057088,0.004910999018571201,0.001101566281933277,0.022447954387077015,1.0091255611863454,-1.323682512652283,-0.7315573422618464
0.00780342889743129,0.016602358775063115,0.0050562811423688694,0.0016371225131956207,0.016246930177460945,1.364428272628485,-1.2597896328895815,-1.0308773939161295
0.008145729856995788,0.016891891085209255,0.004967141792325778,0.001284340843599638,0.021016954730473467,1.1338919209500984,-1.3080233470386042,-0.8368269207747961
0.007903464494113445,0.01679804939257587,0.004931774734539569,0.001470210911704228,0.017526781652403494,1.23822938456705,-1.2508769972467855,-0.9338043291647569
-0.002870878352262118,0.011100745926798437,-7.530956182527491E-4,0.0062509330662728,-0.11440511577983568,0.5223411870029282,-1.0874921995993212,-0.37295412018389046
0.002921206489073379,0.011420513132395666,9.684154133579921E-4,0.006154484889403817,-0.13146653473536943,0.699878676223878,1.0492386474297588,-0.5403812599429657
0.0027069266462875405,0.011236421749077734,7.764285426369949E-4,0.006119162029218497,-0.12014871885249313,0.5647950173520496,0.9888762555547564,-0.43287296571992
0.0027186022910061112,0.011481761069620988,9.167976643562854E-4,0.006028584839575094,-0.13059910443217113,0.6874173688275088,0.9474211997054673,-0.5505446924849213
0.002474079698951163,0.01109172515760463,6.202175311162241E-4,0.0060573326970178995,-0.11269490085366042,0.4576437545822211,0.9075298986152042,-0.35137509362958874
0.002252011948946703,0.010885178921243258,4.5532275139542887E-4,0.006016667318932766,-0.10170195323193253,0.33149928229807163,0.8343663865393848,-0.2465664039638453
-0.003555213375262082,0.01153555512584958,-0.001352579156488901,0.0064652385275139794,-0.15156769243458937,0.9275816880958602,-1.3191031854113902,-0.6707522362786781
-0.003650610736547887,0.01171422101966518,-0.001538452535808193,0.006422422759285096,-0.16468364112659054,1.0586977643487268,-1.303722306304085,-0.7841140043610494
-0.003744666394931309,0.011888185801539606,-0.0017214869515657526,0.006369701892055505,-0.17853831689927444,1.1838393984759517,-1.2790621090468763,-0.8918942070978852
-0.003834763994721939,0.01204104591835362,-0.0018885668375875784,0.006317786954311867,-0.18864152833219758,1.2956516166778809,-1.252402602468618,-0.9873402335959539
-0.003934110972711341,0.012205052758066326,-0.00206993360781091,0.0062536225442757715,-0.20005350078068077,1.4128818837900958,-1.2173507292419752,-1.086110973904333
-0.0033380707313163693,0.011532984104426524,-0.0012358123218877916,0.006332970888265288,-0.14511062877148298,0.8609154888000937,-1.2132729951981231,-0.6411283734317897
-0.003129710096260956,0.011477053525528441,-0.0010968660050109304,0.006240689778958205,-0.13774235919954889,0.7768959581136584,-1.1301892591036102,-0.5894043912988137
-0.002943322548511414,0.011366837299256449,-9.45584080813523E-4,0.0061887694934615,-0.12936405823776648,0.6759989259523115,-1.070734861755322,-0.5149247783947796
0.004245900100564364,0.012990628026295813,0.002748425519786076,0.005724370122221237,-0.21704351946131353,1.8127928768689408,0.889809222163581,-1.44219293409507
0.003337758580577598,0.011698359797983436,0.0013453628062520566,0.006244421691648301,-0.1537842198295651,0.948036667768875,1.1623959914049775,-0.7275153723632893
0.0034445448941216603,0.011925552459747444,0.0015513973009061031,0.006169988673237644,-0.16759629362612283,1.0927911366050018,1.1312057108883027,-0.8543316031818095
0.0035834516554547804,0.012095415483896607,0.0017455592346844247,0.006134674820545333,-0.17745364808216757,1.2209268661127266,1.1231016933655982,-0.9578153560544481
0.0037164556271748472,0.012256635827260226,0.0019347978445205408,0.006091620312677068,-0.19026660409516574,1.3393055233866136,1.1067932606208581,-1.0551928815539322
0.0038581627378197884,0.012360966287224842,0.0021032412425176015,0.0060876910074630615,-0.19790976653718698,1.4426304611387988,1.1101645601489327,-1.1322940415116458
0.003909859740516274,0.012537319549282661,0.0022403249610698423,0.005971680505302148,-0.2046212357863495,1.5275606258536107,1.0415847114705559,-1.210294532478614
0.004060966016972979,0.012900021885119914,0.002539599904768019,0.005727588275870332,-0.20913723948864857,1.6980250461924893,0.8960778595737721,-1.360465300887421
0.004067799303863197,0.012699297900410156,0.0024572791800555028,0.0059109978159302265,-0.21087351404122565,1.6538418175049403,1.007083679307226,-1.3094673860599941
0.005100875886966779,0.014124580152086098,0.0038626835788256077,0.004779781495901628,-0.18078469749716833,2.247824582922662,0.2722972068300265,-1.7955605105940766
0.005159684899364971,0.014303733363029284,0.003913662372655917,0.004586697147954002,-0.16885384743314052,2.223534031546436,0.16856076857538074,-1.783846033630967
0.004880922792803851,0.01398958368822242,0.003619565663580296,0.004890384779020007,-0.19033782278298414,2.154822005409777,0.3647002973386616,-1.7321743597252726
0.004570050051571789,0.01351950758641051,0.0032325819087501736,0.005314685321460574,-0.21065293118951897,2.0337467724639744,0.6306773275003071,-1.6289262517797527
0.004618971433708982,0.013711829155149168,0.0033160228702301202,0.005126756241664456,-0.20129463207241124,2.0508566962603143,0.5219667516445304,-1.650938589867639
0.0046573083626924635,0.013930671621194796,0.003377898197033358,0.00490619935486051,-0.18811664055075802,2.0464618596265676,0.4023125688757722,-1.6575067620610724
0.0042710495317837775,0.013191564688949033,0.0028435676805002087,0.005540393004154325,-0.2117321763603032,1.854891989510343,0.7795950732204825,-1.4878369622741785
0.0043619676102726115,0.013400066836190886,0.002992194949086848,0.00536783007707762,-0.20704533212711998,1.9183711442311255,0.6763270968776639,-1.5452962329443134
0.0030838938949196816,0.011665881365918201,0.0011903581911471156,0.006123796792090827,-0.14519617068728133,0.860660603526373,1.0600749758538266,-0.6767183808001693
0.007250742907580719,0.01619368649494467,0.005044759047776729,0.0022123743312019366,-0.0022918901339354578,1.6873256674088581,-1.090941676872261,-1.3093397619660563
0.00701983462397261,0.016118563065777393,0.004924893248655798,0.002379740413574844,-0.012639196025009621,1.7433071033039922,-0.9924400440198544,-1.367215123993624
0.005733521229020465,0.01481281679090721,0.004439655372519036,0.004026932104489962,-0.12013728164422681,2.288028555088865,-0.20706370429493218,-1.822056321174591
0.0058019345551073775,0.01498327928615507,0.00444983157779287,0.003833005587523497,-0.10823492739632369,2.222952781211282,-0.29532698195133505,-1.775814028212567
0.005532190839674886,0.014701408002638382,0.004250572916173986,0.004160061752690001,-0.13561429498139568,2.2504805501361194,-0.10127895734677363,-1.8021289064374781
0.005306056873083445,0.014620937321417234,0.004022552186340303,0.004247190304299389,-0.14386067830414787,2.1811932820540805,-0.012423145565595033,-1.7578045967144569
0.00641375590692508,0.015435330824778763,0.004862112415882632,0.0032319011164325035,-0.05753773392512512,2.136102967661264,-0.6670397151592588,-1.6865951483295107
0.006416632569937518,0.015652423980994996,0.0047281424680379255,0.0030180844281071056,-0.049512216997476884,1.9923749664133352,-0.7027682251003181,-1.5859549766815697
0.006807165335817824,0.01616929717198926,0.004715523359722605,0.0024277805179065037,-0.021652489201387678,1.7085334572685944,-0.8983535008134523,-1.3608208656531726
0.006633402356158642,0.015959702954562827,0.004720124583202011,0.002667839785887173,-0.032724890053307594,1.8273435254080346,-0.8221764389133287,-1.4561178839030797
0.0064491495963311905,0.015839960589264054,0.0046382795248673505,0.0028352866027519393,-0.04198820785824851,1.880457742141197,-0.7380154220815872,-1.5040839075758166
0.006246612446194644,0.015336348385763393,0.0047501202179401755,0.003378561623135957,-0.0694874267251827,2.15873388634715,-0.5724767897634392,-1.7119865456565593
0.006071530207878775,0.015245540242295928,0.004617343181456585,0.003511871795622172,-0.08323861620066077,2.1641125642778936,-0.4771559882382408,-1.7247728384237508
0.005867212601176549,0.015176440628604092,0.004437448985698274,0.003619142874342066,-0.09339376592353442,2.137661077773036,-0.3815536388503267,-1.7145158264767664
0.00570537813928392,0.015128932658671818,0.0042895801601299625,0.003689857108159228,-0.10338734508558486,2.107867485255937,-0.3129191826056012,-1.699292246900022
0.0051172328133639545,0.014494920413667019,0.003842224848187968,0.004373794944938261,-0.15473890290103784,2.1386364889812106,0.08016514168738731,-1.7303384664525954
-0.004440322040996371,0.012714250577242927,-0.0028144510876659833,0.006089738418086068,-0.23561119501043074,1.8617380836866109,-1.1147789998317756,-1.4365664101789923
-0.004232454514727365,0.01237856124811297,-0.0024276855870022586,0.006286570341582983,-0.22242796257155553,1.6313527914499664,-1.246261103435928,-1.2430987055244656
-0.004303006871875513,0.012556851486321768,-0.0025975943609048047,0.0061652602084786914,-0.22810116469122974,1.73446814236657,-1.1665617315321921,-1.3357473814971002
-0.0043594824291151866,0.012855598826597973,-0.0028022414714219557,0.0059084965177436865,-0.22788856587247808,1.8485784932722205,-1.00014305359087,-1.4492032988050922
-0.004017534988370643,0.012378599663856502,-0.0022428471734408663,0.006161410478122547,-0.20744787078210594,1.5230101024892593,-1.161203599507562,-1.1821994198201162
-0.0054954904341512015,0.013730930130568732,-0.0043529275682359534,0.0053419325502411024,-0.21642978956465456,2.640883357065007,-0.5107922291944446,-2.0269449460030935
-0.0056117733719220145,0.013835093596225888,-0.0045065560760297885,0.005229973307618624,-0.20511286351566824,2.700170540030147,-0.4158619493571439,-2.069897078029816
-0.0055302336685738385,0.013803791733429303,-0.004398824534166441,0.005253938903401755,-0.2091581323677573,2.6447135934062844,-0.4494640674505074,-2.033901404888094
-0.005643324567916482,0.013926081985212647,-0.00454219581057291,0.0051141273099546735,-0.1957889553376392,2.687917923200022,-0.339227961079181,-2.066861319809561
-0.00569549729646612,0.01400740526829454,-0.00460223344700137,0.0050140331590242245,-0.18668491797715822,2.691530716849689,-0.26775585622557324,-2.0721555486186216
-0.005755567185797147,0.01407282823311024,-0.0046721571106617035,0.004934220998340632,-0.1776179851406842,2.705713152150386,-0.2066794293104393,-2.082890394069401
-0.005777714890772483,0.014155427832246903,-0.004685346024170984,0.0048268274317918814,-0.16948682740437934,2.6785897182624407,-0.1410731094261721,-2.06786416793572
-0.004446504997716201,0.013012859052396986,-0.0029551002715421846,0.005792451467402881,-0.22777382931705661,1.9287581426532945,-0.9238759422162831,-1.5175533716513447
-0.005400802219652814,0.013698595528316655,-0.0042279417624425985,0.0053590246199955345,-0.2192600388319322,2.573152704124943,-0.5409162568042326,-1.9831959350964052
-0.005283027530536494,0.013625608999332853,-0.004071726406557529,0.005418377731548038,-0.22498136180508868,2.4973230411959144,-0.599502524579953,-1.9311378980803675
-0.0051480205999125195,0.013564553312079869,-0.0038964820216820235,0.005451867410982999,-0.2270923455415508,2.4062006362603543,-0.6425748151638188,-1.8696161865257326
-0.005019267491368771,0.01346344429858045,-0.0037237592046973364,0.005530130061003931,-0.23216324711718858,2.3239258052149814,-0.7095130589036734,-1.8096748797786861
-0.004714413538562467,0.01318411047503253,-0.003300338094951525,0.0057300594830457735,-0.2354983527040378,2.1157924239356856,-0.8663405988187759,-1.6529021965462734
-0.004522864083195385,0.013173315499728413,-0.0030915196408129943,0.005660466766040301,-0.22656037691734052,1.9927979510320106,-0.8385238952796087,-1.5751383434296515
-0.004829362653797143,0.013379106139970641,-0.0034843735590027905,0.005558502555470436,-0.2294318950547481,2.1958483126800723,-0.7493330395449824,-1.7223298258718525
-0.006582837147199725,0.014566958283859684,-0.005610825639289259,0.004210987397221981,-0.07724167939817816,2.9393398448920234,0.46368180012271765,-2.202116256905823
-0.006660701436754512,0.014588139768645548,-0.0057043926682329655,0.004161707315570821,-0.06681429793855877,2.9672843984601562,0.5233437422980431,-2.2130605003719883
-0.006672629586492375,0.014675268075119605,-0.005661884808372837,0.0040398571821205044,-0.06253499244873989,2.8827906872608082,0.5738337339043874,-2.159336134023192
-0.006741414468655785,0.01476236967794368,-0.005691741376385533,0.0039029170144204975,-0.05164208472450928,2.8296938619798464,0.6558227259104585,-2.119661135969371
-0.006696846474649025,0.014738819821423752,-0.005650035215615765,0.003948219186094894,-0.05800934575879988,2.830606878639863,0.6173985145843321,-2.1244056148318498
-0.006768707431597118,0.014816973247892962,-0.005687249223936361,0.0038227340754133057,-0.04730608558204208,2.785919913713007,0.695123669059763,-2.089196383733675
-0.005843935003307695,0.014235811325079027,-0.004753593841577523,0.004725402054618071,-0.15936636532699366,2.6814940749193172,-0.06818894401106147,-2.070198067778975
-0.0065232993694326075,0.014606651596509198,-0.005505496060355737,0.004170926725764479,-0.08150192778861338,2.861690503788495,0.44943472102344517,-2.1581860629260814
-0.005965086478529834,0.014295229623275585,-0.004896986712159815,0.004649784648158601,-0.1478770532461441,2.7315144994972624,0.008491654695119448,-2.1005953232967793
-0.006072555989171683,0.014375127937370039,-0.005012786542929386,0.004541381833141035,-0.13493652354549454,2.7539522181715363,0.09850164363749081,-2.112730643358652
-0.006449578093482711,0.014591488993558697,-0.005415604674749678,0.004206966380178128,-0.08990193367676737,2.830133351878985,0.399938847860506,-2.1436014527895773
-0.006311611148210857,0.014472551128588366,-0.005292347884771651,0.004390016841997773,-0.10985516652979878,2.844665500945217,0.26262261541943444,-2.1602257768012176
-0.006374278358182975,0.014548028686205416,-0.0053385385129563106,0.00427905918999582,-0.09983971641425543,2.8211020510512967,0.33669077621911536,-2.1423301754961765
-0.006211819494737006,0.014472781621787252,-0.005158162206882041,0.004401232270778164,-0.11819461816212075,2.7762530531188037,0.21613933973073893,-2.1224630206532815
-0.006132588141819537,0.014449246507157697,-0.005063197652448256,0.004439609568748997,-0.12617456879219968,2.741317626283676,0.16825037670781468,-2.1031915045069085
-0.006811532387610542,0.014866544252470923,-0.005704677776234919,0.0037440382496466878,-0.04198346627467479,2.7538610379136714,0.7411196173038874,-2.0641703403306857
-0.006889948560062243,0.01488385961526898,-0.005790492218827054,0.0036914638590765585,-0.032204327316324256,2.7693322160187197,0.7998832594831901,-2.065844290100749
-0.007049280437734447,0.01484713226338532,-0.006025352683753985,0.003668930586166776,-0.013215888460745511,2.8791403666156072,0.9051821725765204,-2.1149514501010347
-0.006975070940360823,0.014869670642392389,-0.005910444525358646,0.0036735247141358395,-0.022266371251637124,2.821544068110175,0.8559431480948465,-2.0887476636989266
-0.007115124245074356,0.014880191426167588,-0.0060807104765796365,0.0035941793754559878,-0.003411376173326147,2.865702560775628,0.9650257815363725,-2.0976113152293334
-0.00792227010252722,0.015029773179420383,-0.006901524367026145,0.0028466159798184727,0.10308807062998951,2.812798299468429,1.6987506574770121,-1.8991569191423316
-0.008025816022296932,0.015079847879657562,-0.006948557764372658,0.002695654599311776,0.11193848533220895,2.729500133193773,1.7878501825780315,-1.8217957978509731
-0.008049756779698481,0.015126005005421628,-0.00691090282190107,0.0026238725267395996,0.10978408236575474,2.6590239368324053,1.7981127313952325,-1.7749866768622795
-0.00796480971049876,0.015088705399312804,-0.006870261511786663,0.0027425548391392333,0.10248608585200249,2.723195713810157,1.7275684076471316,-1.8361704210797896
-0.0071480901342442895,0.014944930984374697,-0.006062763691578313,0.003495472341686606,-9.357915395058026E-4,2.7993816266808107,1.0063321294367382,-2.0512917734434897
-0.0072283685332450625,0.014914967923736982,-0.006192161801777305,0.003490021709371479,0.010348190043445895,2.8629767536992197,1.0640847652329717,-2.0787237330207584
-0.007282383224318234,0.014955410414134729,-0.006220260172111573,0.003408547142581719,0.01646334593476524,2.828721975885649,1.115770379456728,-2.048815948961236
-0.007341967913533878,0.014984945532237958,-0.006264142690866638,0.0033365409520449835,0.02389700638948922,2.8073743430182017,1.16933382953062,-2.0257270755866315
-0.007406736684721953,0.015008153200775693,-0.006319015164087254,0.003267893128196271,0.031478826025901026,2.7929990032871372,1.2263182669946708,-2.0054334001170857
-0.00747261649130843,0.01502643087660553,-0.006378867764915073,0.003202718532056805,0.03976163382986613,2.7824683847880443,1.2840400199310442,-1.9867596318625171
-0.007552201279905652,0.015036523778950182,-0.006462662572610035,0.003135860322170849,0.04993311709797915,2.782508484193504,1.3535022552329627,-1.9711825906842042
-0.007747634780927739,0.015044037113515901,-0.006683081882243618,0.0029791648410872587,0.07678426317899874,2.7915827279150847,1.5304778112611446,-1.9328343786253424
-0.0076754929752138245,0.015052163144274816,-0.006589471153542013,0.003026479559034376,0.06601634156910673,2.775439990986741,1.463591075345155,-1.940287088029717
-0.007614523434473689,0.015074445490177375,-0.006492453956508265,0.003046386677793729,0.055953301746265074,2.7394304231468496,1.4079727980859147,-1.9322741380344675
-0.007858273858077245,0.01506184005956679,-0.0067871660598642,0.002866676682914518,0.0905009071509663,2.7678451380559745,1.6318669463430433,-1.8910468612877267
-0.007792572190627082,0.015088385680935311,-0.006679449851003644,0.0028919378060062342,0.07910433104527109,2.7302604331295353,1.5672032142219896,-1.8859378825884299
-0.008180023807810029,0.015142128754710882,-0.00702249837152756,0.0024803834484698243,0.12465775448898232,2.610476970944273,1.9144143567500238,-1.7073157888099573
-0.008098278690466839,0.01513991841224791,-0.0069422779268059915,0.00256311351112598,0.11434496484005609,2.6308478575094143,1.839100936207119,-1.7445726475265355
-0.008138133142611383,0.015161477763284891,-0.006952938223907801,0.0025023828228097045,0.11675977850579658,2.5923581208852573,1.868801036156346,-1.7108677533545182
-0.008216891802573446,0.015173023098751766,-0.007014937886737319,0.0024124931042123075,0.12491279878285282,2.556987881501492,1.9370015936644194,-1.6659074638012525
-0.008497981136040222,0.01518452877208477,-0.007259075817854296,0.002098827156373811,0.15566741025643627,2.440485633436183,2.186264382364961,-1.5005492449219082
-0.008456529667730495,0.01518889415645406,-0.007215772847641889,0.0021418644822062166,0.15058174190337714,2.4523474942576526,2.146915616183436,-1.5233332808219588
-0.008259998070673224,0.015206314889543606,-0.007008724601947429,0.0023364553303141943,0.12557428314290286,2.498222373390979,1.9628093642139925,-1.6195691371962313
-0.008307759316888829,0.015173317382584196,-0.007102276609877798,0.002318226144006719,0.13574419373232713,2.5297743499276657,2.02000771972709,-1.619805770656147
-0.00836079089163577,0.015188495334295416,-0.00712951122875776,0.002247423169637443,0.13989008702760874,2.4902383214477752,2.0611358889400146,-1.579676969692535
-0.008412589795168162,0.015189156481753965,-0.007175944117270009,0.0021904265423600346,0.14567655573181346,2.4698586622865046,2.1074360209805794,-1.5495175149332345
0.02057025886506782,0.023708721983447464,6.727461746956047E-5,-2.993877447952302E-5,-0.10291612028104803,-0.08274830659174076,-0.05851450758157293,0.08294163551733413
0.01983182837550245,0.025,0,0,-0.1875545657747967,-5.68468653776083E-4,-0.052316440611528923,0.0011086489296628639
-0.010428851522556327,0.015287005374430536,-0.007723122689500037,-6.267194738733234E-4,0.19985880879084694,0.5022374081805504,2.9989782504720073,0.47323909547924875
-0.010146822603404153,0.015247453783383907,-0.00784570632647774,-2.2001953689966978E-4,0.21544905320364963,0.864013477335062,3.0489575362770203,0.15740455064365624
-0.01024136750184255,0.015238670335023291,-0.00785060265188083,-3.620935737901822E-4,0.21495936435022725,0.7545117714345703,3.0642624481097127,0.26960339346054485
-0.010183508864402625,0.015252218299662052,-0.007833135974415774,-2.741559621877048E-4,0.21363644043033111,0.8165828457628951,3.045818320423011,0.19959300400123545
-0.010214253702812004,0.015256092736476809,-0.007822190490239769,-3.19315659137424E-4,0.21204610224282452,0.7770194727459524,3.042664640457857,0.23475703005998136
-0.01031327629422763,0.015254687976513585,-0.007808520238515937,-4.658898890758863E-4,0.20958914776338583,0.6576104152771415,3.0447065518302265,0.3499490943632476
-0.010276936758818725,0.015255693515090646,-0.007813359820233066,-4.121018839959006E-4,0.21048784970601117,0.7012041145269757,3.0441099794856044,0.30763393820955914
-0.010389153390570496,0.01528114255619062,-0.007743692150040413,-5.709261902094716E-4,0.20226985969416847,0.5524150626257746,3.009364638963905,0.43016041365413266
-0.010344824111635335,0.015274012027730592,-0.007766693463771649,-5.081658347528481E-4,0.20510561155106233,0.6092366396795134,3.0205789238018927,0.38158307072449876
-0.009859941147480532,0.015280478789671391,-0.007783684413121433,2.0538840933972133E-4,0.21175227858348422,1.176440259506946,2.9606780822968006,-0.175648652254644
-0.009830023443706787,0.015305994118402068,-0.007733785946971171,2.4645727418984623E-4,0.2062163493067053,1.1891294569819555,2.9239934960627925,-0.2079736473325077
-0.009902070794941306,0.015289390789360965,-0.007770720584583532,1.4283418726966754E-4,0.20960105273883897,1.1215245723909348,2.9610349993888967,-0.1276404457554401
-0.00995642438247102,0.015291028205496297,-0.007770452496451625,6.302797345972294E-5,0.20917457232812445,1.0580583330717876,2.9710107651362767,-0.06593226374016779
-0.009806154549755069,0.015325116339853218,-0.007696143954488378,2.786545832642494E-4,0.20259602406336863,1.199623886882097,2.8961428963122877,-0.23295517274422378
-0.00982695827006568,0.015337744694703748,-0.007675797469576773,2.4728125300785183E-4,0.1998767106734601,1.1666737926666975,2.888141759787593,-0.2091719459430847
-0.009781641993583903,0.015324185659902302,-0.007694529885020956,3.140492997272445E-4,0.20236974532377733,1.2269904769441813,2.8899173452521487,-0.2599182862763955
-0.009752618356019585,0.015337720685247061,-0.0076657063732379046,3.535606465164312E-4,0.19953578538148312,1.246866709961601,2.8661966072702705,-0.290306177647542
-0.01001295578408675,0.01531007017929092,-0.00773645281440448,-1.9874448386069657E-5,0.20451274569304773,0.9793233009491012,2.959570464741368,-0.002496486035114665
-0.010120476648681617,0.015280255687547957,-0.00778716983565867,-1.7834248329926815E-4,0.20918956003518888,0.8740835626401031,3.007925139183563,0.12270256999975075
-0.010053641602899722,0.0153398933673426,-0.007681715291170247,-7.825681738547078E-5,0.19844154889255838,0.9126301680157632,2.932047797044309,0.0414773271227148
-0.010090318466464927,0.015313314641981064,-0.007728482736265044,-1.3225823621852728E-4,0.2030916680114724,0.8878047099958134,2.966543474315993,0.08488810954701165
-0.009265887345809201,0.015324140408438325,-0.007540903677583589,0.0010367714239581823,0.18968030205781236,1.7382390001471524,2.6596198017593697,-0.7951945847985589
-0.009232697029403276,0.015309097779371776,-0.007551832672337032,0.0010885233167650132,0.191364163419707,1.7840876867254791,2.6538520065978095,-0.832886591427037
-0.009158547502092652,0.015303770761485341,-0.007524547588848997,0.0011906633113444014,0.1885710018374043,1.8531156520798735,2.6128845578951947,-0.9047678835452729
-0.009196551270033045,0.015312383651820582,-0.007528754973366574,0.001135576504869117,0.18867854929137243,1.8114084549644616,2.6289079563854205,-0.865781467693589
-0.009130737088732696,0.015333804239246126,-0.0074586768257452075,0.0012118543722502398,0.18136563567685757,1.8415950007473498,2.5689567100228516,-0.9173504334226943
-0.008887473887329333,0.015215754480995236,-0.007512930631487576,0.0015996431385198568,0.18731401719869267,2.1724108483325533,2.4939625561865886,-1.1906276455995715
-0.008964801449194827,0.01523836521957079,-0.007525530863271501,0.0014842556436267598,0.18900262414911498,2.086836946922098,2.5349809382349697,-1.1116448080771926
-0.008929140962845935,0.01523019756955927,-0.007516367553086391,0.001536023040133861,0.18776715405184866,2.123605533473803,2.514732588549679,-1.146964265570477
-0.009057215759595455,0.015262841013488918,-0.007539758588580892,0.001347747024279677,0.19048369162156467,1.9848395005966761,2.5810859943546913,-1.0168517907668984
-0.009080065740332021,0.015295930773698205,-0.007495983201388427,0.0012987694924626477,0.18544758835446762,1.9263325578205637,2.568339670236375,-0.9802485690292944
-0.009013458674331277,0.015274371120499104,-0.007494202500034872,0.0013984962902121552,0.1853111864317316,2.004497527481849,2.540594841715956,-1.050071145569267
-0.008975687981671832,0.015271031960527273,-0.0074768185221017166,0.0014495776582380408,0.18350536522789462,2.0369122114241622,2.5163605071281365,-1.0845700135254388
-0.00909472506068345,0.015335879310378026,-0.007436076265669056,0.0012577053493215765,0.17889757652226432,1.8680308372383292,2.54415040708847,-0.9487745434829958
-0.008804795459886846,0.015224620702121446,-0.007439938295864147,0.0016985974019903167,0.1787975699974033,2.216329425118659,2.4216528776314448,-1.2531786114128105
-0.008846745031465646,0.01524885397000821,-0.007429337025814606,0.0016287601077516472,0.1778799505524847,2.1564972820582473,2.4368639945675317,-1.2049755137531875
-0.00852451260322163,0.015225809244066685,-0.007217740990684579,0.002033087462986255,0.1519849110955246,2.3705963574617974,2.1864285751656176,-1.4543667801692723
-0.00855424553194472,0.015258746716184778,-0.0071915030964748135,0.001971839417567275,0.14962153778601847,2.3118151164702803,2.1928756927509583,-1.4126175272897845
-0.00867697665400694,0.015245057542024586,-0.007310948372464515,0.0018397478842695856,0.1637201112589827,2.266020920294986,2.30341615965289,-1.3373391692982273
-0.008630525026475535,0.01526738398135922,-0.007239279001601713,0.0018771149903283881,0.15561811181649143,2.261626876261315,2.2510310054568268,-1.355688657562489
-0.008585395663701175,0.01528574569006323,-0.007174919517840872,0.0019145659765838418,0.14836099829104452,2.2607746992816797,2.2029053341156715,-1.3742726247428445
-0.008760408012842802,0.015252080184024389,-0.0073624622327437385,0.0017336102992755508,0.16995136653475543,2.2076077996978714,2.3663866786859065,-1.2709777289566941
-0.008712762710256722,0.01527796066682763,-0.007285445998213585,0.0017720489538744953,0.16131351728521906,2.2020689435810827,2.3106959198491026,-1.2905947686234998
-0.009303324536458367,0.015341314722141633,-0.007527391794332911,9.786902694569226E-4,0.1882162551041661,1.6863765438490133,2.6648145123887237,-0.752884944237049
-0.009422400960151756,0.015342055369823462,-0.007572587348762437,8.160846956978751E-4,0.19233591450837184,1.5762558109378386,2.7268220902501414,-0.6352751163367527
-0.009340785498550577,0.015360499734517308,-0.007509495937465764,9.202599580061778E-4,0.18584340950021214,1.6326443968169,2.6672066089973856,-0.7100498118569502
-0.009382679818390135,0.01537668466463214,-0.007497610423574062,8.575420475007528E-4,0.184378980496704,1.578145911758921,2.673586088020478,-0.6641688442939047
-0.009469760931257757,0.015352406627932153,-0.0075705499474787155,7.47325632644197E-4,0.19178463785697833,1.5207909591724655,2.7395323860709664,-0.5845871565922965
-0.009522334017217257,0.01535011047671257,-0.007590992827149589,6.752782868637382E-4,0.19386763516667496,1.4720280748719239,2.7657412651609232,-0.5316644436864674
-0.00971307418809128,0.0153571353400251,-0.007624138649996518,4.063320536832052E-4,0.19577892726650867,1.2721472155455729,2.8326312882887055,-0.3304931731196434
-0.009673446556469458,0.015369564138125395,-0.007594329673238711,4.5962649537715676E-4,0.19243899716566745,1.3024136988171586,2.805962075081885,-0.3706056593075004
-0.009580452186369841,0.015367160793829744,-0.00757697148101148,5.898316559513791E-4,0.19130515016498353,1.3984879325458957,2.7730325760193995,-0.4679509254597494
-0.009628876600777533,0.015374155829879383,-0.007576489488522346,5.207912646721475E-4,0.19129435203457723,1.3437085206060784,2.7848243142013462,-0.4164765530208728
-0.009654491194909172,0.015407121568326868,-0.00752407659568657,4.780694832855994E-4,0.18544352700495315,1.2892375953424342,2.7606350074971235,-0.38419387856792037
-0.01104848445235642,0.01508285426552339,-0.007796749418583471,-0.0016080067096721044,0.20794015708594446,-0.20526347925240418,3.0450343846038694,1.2655214594612116
-0.011022835256659678,0.015092530209088925,-0.00779697720661469,-0.0015657202851673132,0.20747096434271242,-0.17459161799943645,3.047136425803148,1.2313833591649648
-0.011003316613169082,0.015120262425976779,-0.007760988822046845,-0.0015204217107743273,0.2038887882269526,-0.15332214080712345,3.0246033272735144,1.191299521109278
-0.010967906105643755,0.015130981593996264,-0.0077645273077074925,-0.0014643611931952688,0.2039036978388288,-0.1113783629726549,3.0291592095319264,1.1464517626176571
-0.010934099487191332,0.015134149036389792,-0.007779555810919781,-0.0014150946349043003,0.2052159224266429,-0.07042411991674542,3.0409236796585373,1.1080342484709222
-0.010900198061177329,0.01513349461942043,-0.0078007321520807095,-0.0013676587605068525,0.20721216410275353,-0.02853247545742411,3.056506513058998,1.0715618396664441
-0.0108811756800526,0.015163710169880178,-0.007757938840952613,-0.0013235766679541034,0.20280914070264636,-0.010282141775888196,3.0289490820622436,1.032411258231989
-0.01085793737963041,0.015194426085831355,-0.007716484935040824,-0.0012741638785334923,0.19846918358372914,0.012595129827795195,3.002546744436751,0.9892268768689253
-0.011074776760158235,0.015096009067431942,-0.007755680111475523,-0.0016353436956567362,0.20388621499344187,-0.2382255572969366,3.0156357930545057,1.2836526954531944
-0.011098902272563075,0.015099489827877458,-0.007732820941929659,-0.0016659498081878,0.20182652274606258,-0.2673632542374633,2.9984640765625286,1.3060372939687115
-0.011122869181259274,0.015083738064367838,-0.007742991294934642,-0.001709833872070852,0.20319219265891067,-0.2956931080699205,3.002902095418872,1.3425481588065138
-0.011115301217148665,0.015114596817879161,-0.007695231146815816,-0.0016775550131493335,0.19822341288665488,-0.28731040697035887,2.9722353726608146,1.3115297482951436
-0.011256896708725213,0.015072318939687435,-0.007660765296064097,-0.0018977359705045925,0.1969955407468198,-0.45389973849939397,2.9335828791544833,1.4853346737561928
-0.011157528427540203,0.015081896278939522,-0.007720817453472052,-0.0017581626061441878,0.201327096182627,-0.33708267671892905,2.984729517245606,1.3792624835355347
-0.011191481003085856,0.015080144229169047,-0.007698349968244545,-0.001805051507612409,0.19957077442220203,-0.3772969908520945,2.9662040488120525,1.4147556207305543
-0.011225021201643315,0.015077351221295138,-0.007677332788961203,-0.0018517878264685485,0.1980244729616216,-0.4166612383222526,2.9484626252315915,1.4501611253409175
-0.01083204283496555,0.015230289995416679,-0.007667180882844015,-0.0012193422703764623,0.1933327061979591,0.03695057927307665,2.970995341367624,0.9414139986397275
-0.010790048840045273,0.015226909463492365,-0.0076941986083172145,-0.001162689261948643,0.19613365176501538,0.0877282754414964,2.9895026629433903,0.8981578368835733
-0.010732720482580818,0.015205864907328183,-0.007758877760694894,-0.0010918791169423703,0.20261620312150444,0.16212299139941813,3.032382638209165,0.8463289467139242
-0.01070423850278678,0.015214155679287905,-0.007756936130633244,-0.0010475329571043178,0.20234512924536166,0.19464792585924923,3.031058473969699,0.810691738497869
-0.01075505984125472,0.015227542656102846,-0.007709895337904946,-0.0011133857436076,0.19761100753589708,0.1295995816553942,3.000138490244996,0.8598862207301403
-0.010684272376513886,0.015233826781427498,-0.007730470991002411,-0.001010549491213299,0.19957734016367978,0.2134650343832714,3.0136129479295946,0.7791709931933111
-0.010651637986559655,0.015235438665673819,-0.007741202465478591,-9.634251766764966E-4,0.2010445153247631,0.25252832142174825,3.0202077697057415,0.7422815581061027
-0.01051204938975382,0.015219792604992233,-0.007820744911980523,-7.672545684809301E-4,0.20949072981435127,0.42958858665144467,3.067504967995088,0.5904292267606873
-0.010543893501375329,0.015216684499510755,-0.007815728545626819,-8.149121030287542E-4,0.20913990174970026,0.39137096814409306,3.0657102385689257,0.6282328055451657
-0.010596725065682615,0.015219057201472022,-0.0077922893869336865,-8.909221546008424E-4,0.20652347337569418,0.3251047656988251,3.0523235113720717,0.687668252037181
-0.010567050326129469,0.015229526416584203,-0.007784226502706835,-8.440686768597796E-4,0.20530869360175882,0.35783318823381727,3.045991692322423,0.6497337231420295
-0.010619189630192073,0.015238682260978562,-0.0077482842135057715,-9.157735812632177E-4,0.20165129574717677,0.2909502636664703,3.024138574220841,0.7046516271447792
-0.010490499092452928,0.015257842028292171,-0.007758298619411587,-7.239013350534724E-4,0.20321960355620503,0.4403404890549934,3.025513009240925,0.5522821085669433
-0.010468323160278185,0.015293691554711313,-0.007700260632522083,-6.814465946792947E-4,0.19728493732444277,0.45224752919729644,2.9866515147511987,0.5153576316286363
-0.013119145450399217,0.013943640463682001,-0.00649003215508117,-0.0051331445947526136,0.2485976531678031,-2.4917820084846873,1.369955168388689,3.72874909004821
-0.013131482264113458,0.013933881304010241,-0.0064738973911361375,-0.005153388921436436,0.2491509260186047,-2.50044991772641,1.350686932299798,3.7376882810783507
-0.01320540602938859,0.013874280373489688,-0.006374907691157163,-0.005274289146160797,0.2529244008285143,-2.550037285818218,1.2330182200224635,3.7887049894578495
-0.013193103114995592,0.013884323788734582,-0.006391665272572082,-0.00525423812678004,0.25220898460752533,-2.5420822829686465,1.252857070844158,3.7805443541043506
-0.01318076313439774,0.013894254621515723,-0.006408413422182937,-0.005234266474775033,0.25158838458521554,-2.534061390014467,1.2726470536649666,3.7723734877570574
-0.013168468742498607,0.01390418479326052,-0.006424938089515259,-0.005214183981702109,0.251018219504578,-2.5258735602347637,1.292275051794742,3.763958128902486
-0.013156183577967174,0.013914138658208265,-0.006441289219811518,-0.005193943021131645,0.25040939034522697,-2.5175078598393665,1.3117885842667654,3.7552924634216533
-0.013143846476501264,0.013924052826507376,-0.006457614068999918,-0.005173648834857206,0.24976754048703853,-2.509020880660622,1.3312714264436183,3.746516947251827
-0.013122046934052882,0.013959689926608494,-0.006474464127853591,-0.0051048166301233995,0.24481354863129426,-2.477728277726305,1.367662132921879,3.700117885406874
-0.013109946030378105,0.013969544385369634,-0.006489800679905697,-0.005084419638627876,0.2441598412410022,-2.468855332103448,1.3862790498767616,3.6906883639141586
-0.012802720103416612,0.014193142470039293,-0.006853057243943999,-0.004580584309550662,0.23156712484883601,-2.221581571942697,1.8244884692478183,3.435027935280822
-0.01278927789956523,0.014202043178347114,-0.0068677553322548665,-0.004558716232605815,0.23115065161574358,-2.209706235646688,1.8422307145637726,3.422860209909595
-0.012790963445561515,0.014219080881368494,-0.006849114687220897,-0.004530695807950077,0.22817715727668555,-2.196017309798623,1.8356026880116965,3.3945083831598537
-0.01284112767640669,0.01416582765860841,-0.006811862084259309,-0.004645712127242696,0.23315648677456277,-2.256354636416623,1.7734165174699859,3.4719046474731994
-0.012828498081312254,0.01417477460584905,-0.006825593579047293,-0.00462444910962272,0.23263775888770935,-2.24507421555102,1.790349108223204,3.460009410580241
-0.012815776241763992,0.014183938282813167,-0.0068391368449047295,-0.004602678887958435,0.23209325645891618,-2.233458473595651,1.8072453171316951,3.4476022155372896
-0.01294774210703911,0.014112520454335087,-0.006672382769379682,-0.004782525821861484,0.23348444499838375,-2.3271488394451407,1.6237402119352957,3.528299570813335
-0.012934082244529028,0.014121044404995805,-0.0066892332137718025,-0.0047625161803346245,0.23315946383559652,-2.3171890283926384,1.642929027795043,3.5189850815992965
-0.012920442891500197,0.014128682123141514,-0.006706640033898553,-0.004743923538014875,0.23298568120777954,-2.30782448945053,1.6621009649292533,3.510907132696262
-0.012855625186292763,0.014173185571550883,-0.0067805063756026995,-0.0046397082379353105,0.23074075043923606,-2.2541510449866213,1.7506424899036699,3.4561270002019775
-0.01290762376379321,0.014137657187613076,-0.006721393234889023,-0.004723222106919847,0.23252158598665493,-2.2973327462546784,1.6798308184487831,3.500155429493049
-0.012895169928785878,0.014147430288794454,-0.006734697868338001,-0.004701193761306937,0.23188732338296994,-2.286115513289666,1.6967850281535883,3.487800059248277
-0.012882147268983074,0.014156801377893906,-0.006749163824343758,-0.004679525416668815,0.23135929552088386,-2.27497821871364,1.7144913392358825,3.476097649654431
-0.012868741059616842,0.01416533488471885,-0.006764855968925852,-0.0046590239154635366,0.23100665450284738,-2.264312257390245,1.7327704005352553,3.465686939238679
-0.013008907643733096,0.014047048400351434,-0.006615695340974326,-0.004918622919714851,0.23955679126331333,-2.393414494414701,1.5374927176591144,3.6125199224104176
-0.013097778046643372,0.013979491988026919,-0.00650505048402259,-0.0050637352598109095,0.24350906121158153,-2.4597538635751524,1.404895510819552,3.680946764069786
-0.013085381873597958,0.01398937158286971,-0.0065206069694950875,-0.005043011394306635,0.24287448021832025,-2.450555946677563,1.4237317663941182,3.671246535039756
-0.013022091014138086,0.014037827441464132,-0.006599154525777632,-0.004939074243175225,0.24000043300750332,-2.403027203471883,1.5181592401147543,3.621959244076963
-0.013035112810218795,0.014028256116120628,-0.0065830107685411485,-0.004959977764682863,0.2405131463258959,-2.4127643411476387,1.4989636666975004,3.6318435494230594
-0.013047784637454811,0.014018503511592674,-0.006567469058366054,-0.004980986772214768,0.24111887347246483,-2.4224721567460246,1.4801700141641227,3.64199528420971
-0.013072841689419709,0.013999127511013723,-0.006536357308797931,-0.0050223638413513716,0.24229655500874256,-2.441306708343669,1.442666100752393,3.6616281930792796
-0.013060290378194256,0.014008802464922657,-0.006552036843639906,-0.005001746788789184,0.2417053912511988,-2.4319740218224513,1.4615055252435492,3.651944972565883
-0.012961102491455578,0.01410318141346621,-0.006656560799229911,-0.004803718011832735,0.23397665657779107,-2.337592265487229,1.6049582858148177,3.538850014773067
-0.013010892268839239,0.014063381921186745,-0.006599994655412071,-0.004890429043171659,0.23656511231137675,-2.379474146427395,1.5340697024471803,3.5845838726824852
-0.012973996399559937,0.014093303897226912,-0.006641820262423561,-0.004825569199847265,0.23458242251518754,-2.348269202750224,1.5867794831903428,3.550260393245145
-0.012998226303475705,0.01407274078956187,-0.006615204496684715,-0.00486986056932237,0.23604362252816805,-2.369679454586913,1.5523428324221327,3.5744838040756304
-0.012986284378140901,0.014083093385638764,-0.006628236063379302,-0.004847692568842652,0.2353017995502886,-2.3589994507417296,1.5693761391998242,3.5622694727696262
-0.012657761846827173,0.014303936288387012,-0.006987889920641804,-0.004315088040499807,0.2243850266342978,-2.074488735034961,2.0031685062828593,3.269978613365499
-0.01264446127301311,0.014312537579143012,-0.007000771539715684,-0.004292826665954884,0.22395305243448413,-2.0615790130380094,2.0191086819158284,3.2564095656027443
-0.01264554577508702,0.014327831733669355,-0.006983148768066981,-0.004268607268482333,0.2212221558966359,-2.0498575228196336,2.012018447370292,3.2317747564605455
-0.012635696189255427,0.014340853542771032,-0.0069855406341097475,-0.00424139084255492,0.21971827256719487,-2.035003605802643,2.021144500852827,3.2110343049504655
-0.012683348565756265,0.0142863744755072,-0.00696368780068726,-0.004359336155902644,0.22533725847071753,-2.0998319264394314,1.9724293753266118,3.2972882989327914
-0.012670980060584536,0.014295246092135026,-0.006975075522840712,-0.004337356231498557,0.22477266958455513,-2.087336302541114,1.9872170732013827,3.2835525499054516
-0.012697137665995983,0.014292404122611143,-0.00693491947539542,-0.004357479055409866,0.2231507110382342,-2.1007322843690046,1.9506772152450758,3.2866539728616955
-0.012778676610649752,0.014241202593332876,-0.00684915527072053,-0.004487223260104083,0.22534581267310555,-2.173459404687851,1.8480840392701121,3.36042025424682
-0.01279174948884887,0.01423588006637811,-0.006832217705387872,-0.004502829590458099,0.22516566348174052,-2.1822603368038638,1.8305453477228426,3.3669308217476943
-0.012769689920671507,0.014254793224091813,-0.006851372069785499,-0.004459848987364148,0.22371005884073547,-2.1591120286781806,1.8576013253612955,3.3397099827543184
-0.012753716490856062,0.014265010022153947,-0.006868215338819531,-0.004434380170280177,0.22325537820915775,-2.145014352839983,1.8778005239514748,3.3253558302351256
-0.012738988386281168,0.014273545805829213,-0.006884411134275985,-0.004412234059696019,0.222970374987527,-2.132576234376611,1.8965184786189482,3.313321403149866
-0.01272449378098403,0.014281244051222624,-0.006900876124471405,-0.0043914735921588505,0.22282940148202954,-2.120755249731736,1.9150122265649354,3.3024035733715134
-0.012709971150058324,0.014287616400160259,-0.006918553847244882,-0.004372751232808788,0.22291903449900927,-2.109839769273282,1.933837652219833,3.293415339193246
-0.01253562421354576,0.014392438437036706,-0.00708955729728372,-0.004092490691352729,0.21890747972790256,-1.9444017259948176,2.1398560008147505,3.1243290877080363
-0.012525442054158955,0.014405668034263953,-0.007090786606067592,-0.004064499647426777,0.21739329333333662,-1.9287662651663184,2.1478833320571096,3.1024583113451
-0.012523257915482585,0.014425915480292522,-0.007071500122806739,-0.004031355158848885,0.21415892409716794,-1.912357302876785,2.1414657886991137,3.0707269193130853
-0.012551260426158166,0.014387274645248456,-0.00707058866746779,-0.0041115350221899785,0.2184914007873033,-1.95679306194187,2.120426401655313,3.1339014083760506
-0.012571304786908868,0.014387244110428245,-0.007038928272177724,-0.004125283748005887,0.2169130018319683,-1.9673409140738958,2.092605496889315,3.1355085595569316
-0.012588690314123583,0.014382882234137152,-0.007016136030027151,-0.0041438330844148,0.2163110035341622,-1.9795383841737966,2.070315046530681,3.1433990862136985
-0.012604687100009374,0.014375683055602323,-0.006998464549800145,-0.004165776545788921,0.21629876163148729,-1.9930075882000018,2.051049262352717,3.1554087261777113
-0.012619159543340384,0.014368057565172822,-0.006983513592826029,-0.004187269368082427,0.21643814472541054,-2.005903357464638,2.0339476481755443,3.16782282111577
-0.012633876637722787,0.01436060135756398,-0.006967843892303126,-0.004208527822536153,0.21655673829918268,-2.0186508529678595,2.016293730554963,3.179794126301027
-0.01325353121108202,0.013833564919167493,-0.0063087332263422205,-0.005354178802388175,0.25548833322210335,-2.580807756367301,1.1542412655546892,3.8208546206110126
-0.013241571150663078,0.013843688542575469,-0.006325388018346077,-0.005334489742245158,0.25492013882318226,-2.5733953178102413,1.1739670599103442,3.813170783871243
-0.013229616948130506,0.013853877090087216,-0.006341858392104986,-0.005314565858922585,0.2543309105570702,-2.5657666927123617,1.1936004631966968,3.8051685815250234
-0.013217579345164125,0.013864101176304778,-0.006358318962259993,-0.005294452574981533,0.25366238857643936,-2.5579570923168657,1.2132611269147189,3.7969594351950557
-0.013446944042956164,0.013682407333721544,-0.006016832585871704,-0.005632089362431341,0.26210934934645547,-2.6671690851989927,0.8309739768160899,3.894854474653197
-0.013435137794328025,0.013693084394279449,-0.006034953834994556,-0.005613427889754905,0.26146729333846674,-2.6619511456823433,0.8516596317241399,3.8896752489500757
-0.013411415272310148,0.0137138315858788,-0.006071230517026883,-0.005576841417819198,0.26028999880103715,-2.6515223481404147,0.8927493475675744,3.8796887897568433
-0.0134232583609056,0.013703545856251706,-0.0060531568783809666,-0.0055950392408674185,0.2608697301976219,-2.656756821141499,0.872293364695868,3.8846753276065904
-0.013399842460585175,0.013724275877629208,-0.006088618305878152,-0.0055582081999036225,0.2596329545771534,-2.6459110704532613,0.9128369530190067,3.8739739850425985
-0.01326895604694644,0.013839569337549805,-0.006277385968599507,-0.005344461551742708,0.25225319718600203,-2.5736711941859336,1.1339340164662575,3.799154514551766
-0.013281102545904167,0.01382959408964088,-0.0062602177358164176,-0.005363583772556556,0.252826459874933,-2.5805943757666374,1.1140304526417488,3.806029774013495
-0.013388470938714437,0.0137351306715979,-0.0061053413700103585,-0.005538686991319198,0.2588498930183391,-2.6397426973208025,0.9327244469929425,3.8672076838825444
-0.013293159400199686,0.013819282049941995,-0.006243246533367158,-0.005383194859191233,0.25346788762091294,-2.5876535812165926,1.094089446432102,3.8133054752375384
-0.01330500625953432,0.01380868266877408,-0.0062266589136964,-0.005403202128852271,0.254190547767922,-2.594828728561524,1.0742802132712646,3.8209993950803347
-0.013376752019533984,0.013745962620516845,-0.0061225721534371785,-0.005519102415333585,0.2581315750415059,-2.633517454810986,0.9530008941160456,3.860579181220561
-0.013364604652621627,0.0137563982194071,-0.006140616166017293,-0.005500133417886955,0.25753006329059397,-2.6275548492124083,0.9736571558610162,3.854739410674377
-0.01331682950139611,0.013798078942681842,-0.006209972573842729,-0.005423099166310871,0.25491807072413725,-2.6018516406090053,1.0544087599621366,3.8285066030341546
-0.013352506750104479,0.013766733869996927,-0.006158478538224224,-0.005481218125259667,0.25692751606320047,-2.6214883335812043,0.9941473516581912,3.8487857559344083
-0.013340635729916471,0.013777212459339841,-0.006175727761742277,-0.005461912478571294,0.25625006739657014,-2.6150803080115375,1.0142937370051968,3.842179812462525
-0.013328763797536202,0.01378765598214563,-0.006192857254059779,-0.005442548276759861,0.25557791516002976,-2.608535464642912,1.0343487198856172,3.835410932553501
-0.013760925383283714,0.013294759514952837,-0.005491203126361972,-0.006268072682035696,0.29590225755819943,-2.808807100793532,0.1836768857257138,4.085643535078446
-0.013766403785745602,0.013309909672559211,-0.00548119880805687,-0.00623709042963124,0.2903766024185694,-2.7958205430910943,0.19432904911234952,4.057797020932219
-0.013771257625019942,0.013282927950127593,-0.005471420375383809,-0.0062853483965093285,0.3005318706844777,-2.8096917491336986,0.16180813444611344,4.086854131910159
-0.013776887414224883,0.013298031819833864,-0.005461395549770068,-0.006254278714969415,0.2902585069100685,-2.7969807269400886,0.17281599655421911,4.058896776165846
-0.01377193545695296,0.013325316910181559,-0.005471436130220623,-0.006206289857114115,0.2880173904293341,-2.7814160395497756,0.19805906599274034,4.029468150362756
-0.01371411687800841,0.013410710304255502,-0.005576357112882639,-0.006072418844663912,0.27972683074337595,-2.757978076889238,0.3304458046506498,3.990933935475926
-0.013671907917916936,0.013458979839282402,-0.005650271017020603,-0.005998088386210268,0.276304635730094,-2.7466243668558907,0.4149116855823068,3.9771034272270462
-0.013703835565889201,0.013422609656193603,-0.005594552970945897,-0.006054243335187857,0.2788826341160296,-2.755379210696678,0.35119707453013654,3.987716874438354
-0.013693466245383068,0.01343478817658046,-0.005612755528148698,-0.006035458267972212,0.27797969961712043,-2.7524541094414245,0.37220130814669666,3.983988794090996
-0.013682851491715421,0.013447000098150237,-0.005631268068855452,-0.006016569472115061,0.2771034958700689,-2.7494602504684207,0.39346374790596766,3.9802947826669413
-0.013458712942430727,0.013671556242416378,-0.00599870683123331,-0.005650944828801712,0.2627825935347797,-2.672365347945387,0.8101980110165462,3.900112188923606
-0.013510590787032303,0.01359986671024052,-0.00592366334435322,-0.005776746535164141,0.2706354481478061,-2.7121738028633477,0.70525972975077,3.9570985058153103
-0.013499351942839771,0.013610792986936739,-0.005941644834283825,-0.00575825213208372,0.27004689329154724,-2.707619669419623,0.7259214710641436,3.952352548283996
-0.01348819116331175,0.01362180598598652,-0.005959326401330864,-0.005739458623514166,0.2694152625546307,-2.702795147242768,0.7464445764810179,3.947170523439898
-0.013476961277864331,0.013632885076129251,-0.005976981763931814,-0.005720428897551917,0.2686767786276553,-2.6977717231483536,0.7670142817164837,3.9417373459440923
-0.013526472960395086,0.013604925092618887,-0.005892853063597146,-0.005764605624582226,0.2672972332200116,-2.7021101317281375,0.6872257950437152,3.9321651954298855
-0.013538095278815781,0.013594170568489017,-0.005874045860254807,-0.005782395374150306,0.26789445513609117,-2.7060498351048143,0.6662639998386202,3.935816949329467
-0.013571404371756558,0.013559774177909725,-0.00582023225686269,-0.005839244228212324,0.2702801922154627,-2.7191170699875227,0.6039289532573262,3.9503324525912755
-0.013560653815770936,0.01357134134240759,-0.005837632659424961,-0.005820157607521171,0.2694150800227128,-2.7147053640366514,0.6243753701802586,3.9451704204976044
-0.013549640013104212,0.013582980920488182,-0.00585536336114549,-0.005800870813285493,0.26857472109260566,-2.7101812718866505,0.6451274133373136,3.9399765600685073
-0.013660843512215115,0.013470749118012,-0.005669385529506201,-0.005979899043003035,0.27555330972141906,-2.7438189528589194,0.43631583098199006,3.9741219386901037
-0.013582421465324035,0.013548642997698292,-0.005802112087110864,-0.005857339428500397,0.27101451139211447,-2.7229048431068374,0.5833278649599213,3.9543145372602555
-0.013593558050018375,0.01353761680401372,-0.005783624088785998,-0.00587508279048387,0.27168115179680047,-2.7263827370648195,0.5625913025662149,3.957772664422795
-0.013604576686969391,0.01352643929657086,-0.005765258327887254,-0.005893005165391632,0.2723885282038066,-2.7298536530143647,0.5418718531493029,3.9613614786616576
-0.013649631853623652,0.013482279434191216,-0.005688670717519676,-0.005962059449888468,0.2748641310014202,-2.741079961886618,0.45769629815108065,3.9714261552736487
-0.01363825376986065,0.013493494346228345,-0.005708181158700496,-0.005944713085643497,0.27425358377145637,-2.738472531620388,0.47903979671594615,3.9691489971998375
-0.013626819940431053,0.013504410725112123,-0.005727720036231239,-0.005927793525118355,0.2736918828282553,-2.735928948344157,0.5002355946991318,3.9671317883933086
-0.013615573989911747,0.013515309979988488,-0.005746798312145636,-0.005910713243413852,0.27309114482715485,-2.733125460620655,0.5211594894538768,3.9646785707876746
-0.013470490085814931,0.013660520848602224,-0.0059804906603802875,-0.0056700086378208975,0.26347763786634554,-2.6775312475080444,0.7892613015770876,3.9054156048601776
-0.013482059029731054,0.013649238649009703,-0.005962597470135028,-0.0056894244351574155,0.26422561455677146,-2.6827883016708793,0.768420954625035,3.911078106476641
-0.013724417374617819,0.01339911347417396,-0.005557979999142082,-0.006089902401464223,0.2805061089112781,-2.7601794365647128,0.30984775739491527,3.993477453880981
-0.013735008164757721,0.013387796964442275,-0.005538935492991806,-0.006106625396079649,0.2811683341508146,-2.761843455640237,0.28908149183727955,3.99502185808905
-0.013777406435466197,0.013340917161578434,-0.0054615550961699824,-0.006175116865622147,0.2840065352127134,-2.7677889487887373,0.20451871751673237,4.0010279520243595
-0.013766886826288313,0.013352786402385679,-0.005480933718166347,-0.006157893080607838,0.2832511421216139,-2.766425977458542,0.22573227744993862,3.9995703387962815
-0.013745785717818912,0.013376431041879628,-0.005519435068854276,-0.006123229160446484,0.28178630063220594,-2.763253970266149,0.26804328903226843,3.9961547059322875
-0.013756453136634606,0.013364732372652502,-0.005500029263311139,-0.006140352909969403,0.2824747192953237,-2.7647765396928343,0.24686412329599186,3.9976548709295305
-0.013802030595032834,0.013247239343570824,-0.0054119385565287404,-0.006336637777906977,0.3033297993280131,-2.8117600384293895,0.09683991105353595,4.089996701411084
-0.013817707845196162,0.013250140293243576,-0.005382938068258509,-0.006322889113051035,0.2931729098694385,-2.8004737647738795,0.08664983193427055,4.063024947300899
-0.013781552642028794,0.01327106398830183,-0.005451604344497392,-0.006302543900399937,0.30383346744264217,-2.8104179788948547,0.14000211413387798,4.088059315963565
-0.013787233649211946,0.013286061146047084,-0.005441712847610448,-0.006271557982669422,0.2900992898212922,-2.7980783350574048,0.15124744891668654,4.060064483923405
-0.01379181033250085,0.013259167746885668,-0.005431778159601742,-0.006319639327546291,0.30487073953767596,-2.811092979780066,0.11835060654208869,4.0891469868248
-0.013807576594727195,0.013262082424953796,-0.005402599570087127,-0.006305954554575533,0.29164509047223497,-2.7998694074485795,0.10813524117362232,4.0622594988540905
-0.013797446156735586,0.013274059935541626,-0.005422144429882786,-0.0062888234399537364,0.29051217334513707,-2.7990600898823605,0.1296708527993086,4.061226859996826
-0.013833502049355163,0.013253173098195627,-0.005354270297116524,-0.006309408731822863,0.29260301564845315,-2.7869847420994494,0.07011132371332142,4.036082698907925
-0.013843729046077712,0.013241288042025004,-0.0053343957417874436,-0.006325870697958732,0.29325441608665287,-2.7871990424390476,0.04884148938716013,4.0362160367794475
-0.01385391512997007,0.013229291738493515,-0.005314470408049055,-0.006342416849132191,0.2940012810651222,-2.787331238049806,0.027513431598055135,4.036317111824755
-0.013864063262523589,0.013217243771582126,-0.005294493061652907,-0.006358936281179366,0.29473115848252246,-2.78733920523976,0.006165879839379342,4.036303020775242
-0.013874167163430652,0.013205124544649227,-0.005274470187402471,-0.006375468803697473,0.295443673886743,-2.787237850831618,-0.015212128183984238,4.0362058630170035
-0.013884238953965318,0.013192963038856267,-0.0052543827458228,-0.006391953960993954,0.2961116762410492,-2.786999863219295,-0.03661151276620617,4.035971178598238
-0.0138943578520509,0.01318079285100702,-0.00523409314855235,-0.006408283378069397,0.2967740766468308,-2.786544171192105,-0.058081751363580715,4.035435514272563
-0.013904503126655034,0.013168543470897133,-0.005213628961625502,-0.006424595143748875,0.29753411123360834,-2.7859245691157875,-0.07965036762745457,4.03471015852055
-0.014037173630260337,0.01302155162228434,-0.004940064905692886,-0.006600581171730951,0.30225754601830973,-2.754926762842883,-0.346891270441997,3.9889793223438974
-0.014027713764128582,0.013034166845871336,-0.004960660097491332,-0.006585073295860067,0.30159510158397856,-2.7571261772801545,-0.3258558368877181,3.9912034633068134
-0.01401813220069339,0.013046643281400226,-0.00498132222474111,-0.006569754349563052,0.3009688722632263,-2.7593075492325068,-0.30484211510530196,3.9935375684170418
-0.01394383828785454,0.013119024409469694,-0.005132769328883738,-0.006490109353636809,0.30040999089131143,-2.78283383507426,-0.16514803448581925,4.031933078577264
-0.013934129185928706,0.013131318411017175,-0.00515291683309537,-0.006474022158365392,0.29982766200007877,-2.7838372487198773,-0.14395735217440453,4.032893335519817
-0.013924402228251523,0.013143713447453643,-0.005173001791125262,-0.00645762163926072,0.29917159268621946,-2.7846129279059113,-0.12267274387796405,4.0335264077997275
-0.013914539241008562,0.013156158837717808,-0.005193223408474252,-0.006441072261524958,0.2983818371161668,-2.785278556436474,-0.10122124515293486,4.034070433438855
-0.013970197738966886,0.01310990455541352,-0.005083232372883718,-0.006489432857327859,0.29739867209930654,-2.7670739606249133,-0.19879254437069496,4.0007179572382014
-0.013960188360576784,0.01312196047673214,-0.005103896371628835,-0.006474286856981434,0.29682470463096916,-2.768714136097437,-0.17775434728217301,4.002788077921842
-0.013980255097814377,0.013097585716895484,-0.005062318380083461,-0.006504871106782423,0.29799195971159503,-2.765346384094581,-0.22011319644014118,3.998632781195258
-0.014008727405111276,0.013059167783008453,-0.005001574573867757,-0.006554080151142623,0.30027517892522093,-2.7611397467742536,-0.28392173118283764,3.995294951688279
-0.013990139504583596,0.013084949054936422,-0.005041528675151084,-0.006520845781603013,0.29865822270101633,-2.76372947542208,-0.24157085957077792,3.9969400961166586
-0.013999566682281021,0.013072024493656293,-0.005021366207973194,-0.006537501500538755,0.29944851801106603,-2.7624345501454113,-0.2628930324018262,3.9960583971393926
-0.01408169626641203,0.012887863498982953,-0.004813037332730602,-0.006802700025834677,0.3206904566925842,-2.7701558826172827,-0.5289367099680827,4.0475660857797795
-0.014072603630183415,0.012900672279216817,-0.004834357835416945,-0.006787565250036191,0.3215432651450066,-2.773498014621312,-0.5076104410309741,4.0510557544627215
-0.014088540120147418,0.012902280658182672,-0.004806647151617938,-0.006771224124975823,0.31284652302721855,-2.7601805694605464,-0.5141396361647622,4.022519551239548
-0.014063470817168196,0.012913452405312715,-0.00485563365356224,-0.0067723613466959915,0.32211585841879287,-2.77675311371364,-0.4862343053854692,4.054336057148899
-0.014079432182341907,0.012915105368439045,-0.004827841515651034,-0.006756069126249831,0.3117798759182932,-2.7634849995519892,-0.4928476403263748,4.025852791456507
-0.014054297909219787,0.012926203763119731,-0.00487688744624042,-0.00675707199107222,0.32112783560045655,-2.7799580462971836,-0.464747927786673,4.057435868748864
-0.01407030388029921,0.012927943172375904,-0.004848969815199799,-0.006740762074290002,0.31094860484654,-2.7666224067343204,-0.4714875103263356,4.028981955937737
-0.014045084994930427,0.01293892622972893,-0.00489811861935755,-0.006741697420246197,0.3188532444439927,-2.7830836490962874,-0.4431581106016919,4.060427563510024
-0.014061113164080525,0.012940779001842713,-0.004870095383932151,-0.0067253625107785995,0.3105325493975298,-2.7696105264831465,-0.45009047128121243,4.031986491497598
-0.014051838117287585,0.01295357245250079,-0.004891240680664814,-0.006709955313665239,0.31035216356183376,-2.772471311701825,-0.42870780447713036,4.0349248656845385
-0.014058870041414524,0.0129685860405276,-0.004884230794056295,-0.006678081132002419,0.3084534993545909,-2.759108754340534,-0.42062012364647255,4.007437632586093
-0.014046605692419304,0.01300902288702825,-0.004919437159930918,-0.006615810205329684,0.3029086994108754,-2.752532361827109,-0.3678063020946117,3.986476285236017
-0.014056288507820841,0.012996642405696533,-0.004898310126661483,-0.006630440887262422,0.3034576410723094,-2.7496801002491726,-0.3887647110554741,3.98316625256713
-0.014066134551844368,0.012984102867546149,-0.004876742843091634,-0.006645076108056325,0.3039873635915307,-2.7465738477736115,-0.40999457319743554,3.9795100279010662
-0.014090748636029148,0.012875026190632995,-0.004791649574619086,-0.006817781687331497,0.32086659735188056,-2.7666625670920513,-0.5502774077628753,4.043901050907063
-0.014097646981875883,0.012889448619981604,-0.004785348775975384,-0.006786243963042094,0.31375949362456174,-2.756711797676736,-0.5353759894694922,4.018961032451171
-0.014104802753214343,0.012904031153168715,-0.004778927344480606,-0.006754942052463017,0.3117854013886722,-2.7439032577885976,-0.5267268798595911,3.9923094558336154
-0.014179037739678208,0.012745112669881743,-0.004575065734224355,-0.006964971413407058,0.329959297326015,-2.723506686917211,-0.762711316774254,3.9995578963480742
-0.014170392997494839,0.012758228099060336,-0.004596955397454803,-0.006950543304758403,0.3276122794895949,-2.728642883857693,-0.7414499264425759,4.004564175836317
-0.014186521654933093,0.012759433977948252,-0.00456969987996721,-0.006932927761966498,0.3192356468307202,-2.714643986411295,-0.7463401789069043,3.975632497066259
-0.014177829645295436,0.012772613071550075,-0.004591476884835916,-0.0069184702999291955,0.3190984786755013,-2.719395244908427,-0.7253481183180986,3.9805420076193836
-0.01409976064731136,0.012862160483752988,-0.004770191310226872,-0.006832812439299326,0.32233782658614324,-2.762986929090758,-0.5716458719380878,4.040120767372036
-0.014106732519845932,0.012876580486384556,-0.004763970201904406,-0.006801192113840685,0.31432880899124177,-2.753098591142264,-0.5565902143276181,4.015227147336689
-0.01410873220903958,0.012849266508138675,-0.004748681086326594,-0.006847779215202183,0.32424785925603433,-2.7591567753831696,-0.5929969299108323,4.0362560258409275
-0.01411575869578576,0.01286366309213057,-0.00474256867648666,-0.006816122800733696,0.31466471622176023,-2.749358998600646,-0.5778065385949848,4.011388656680769
-0.014117663230499854,0.012836344393790973,-0.004727146202970274,-0.0068626630362017505,0.3249430823818626,-2.7552338949096637,-0.6142635143060058,4.032266825719611
-0.014124707659743685,0.012850705455328383,-0.004721174976944944,-0.006831038117537006,0.3151292651521711,-2.7454946448853064,-0.5990263396661035,4.007478596623788
-0.014126553621484201,0.012823394270911453,-0.00470559048652386,-0.006877461378161927,0.3240220137167703,-2.7512480943521385,-0.6354319664551088,4.0280836165607905
-0.014142498825743975,0.012824766156717722,-0.004678244247558705,-0.006860560039489055,0.31707992353785025,-2.737318147886784,-0.6413462256688448,3.9991960748001794
-0.014133607086411051,0.012837734015883263,-0.004699753452295423,-0.006845872415618273,0.3160070362524086,-2.741486906789395,-0.6202198577096959,4.00344356993167
-0.014158786852813118,0.012826382899355159,-0.004650947294332818,-0.006843490338809123,0.31537826114354117,-2.7206655610597417,-0.652673692351596,3.9683996153344157
-0.014167788015969676,0.012813465223337176,-0.00462926516292539,-0.006857672265729962,0.31592933449870625,-2.7161336224242185,-0.6735531642769894,3.96355801658359
-0.014176753909078722,0.012800469282153686,-0.004607508121018364,-0.006871865937741184,0.31654996112709627,-2.71147825153036,-0.6944564054849995,3.958614506042258
-0.014185649150089236,0.012787375087801362,-0.0045857246489323725,-0.00688613749487415,0.3172126382031142,-2.706739539302456,-0.7153797016017002,3.953647913061326
-0.014543999019492741,0.012086162244613058,-0.0034768421255556396,-0.007573217473926888,0.3503652357525365,-2.33320826009087,-1.7191495423107765,3.5984281191704715
-0.014537422618955199,0.012100427570042292,-0.0035006282154338743,-0.007562251882017967,0.34956502462723343,-2.3443534845123706,-1.7006322355335124,3.6097260128659254
-0.014553489068829159,0.0120990489407043,-0.003476432310050085,-0.00754135767042452,0.339517395495903,-2.330445112145121,-1.6986176981646703,3.5807841086632664
-0.014530801440932151,0.012114672150203698,-0.003524402979856929,-0.007551200814711122,0.3475970416202163,-2.3554196328988377,-1.6820043459171463,3.6209648084281567
-0.01452413555302291,0.012128895840071584,-0.0035481386671119435,-0.007540077175412896,0.3458800528724099,-2.3663157105264636,-1.66332478553917,3.6321598087340887
-0.014540213776137808,0.012127674449538184,-0.0035237869194081756,-0.007519271845034031,0.3398021194387035,-2.3521320423481864,-1.6616530315869102,3.6031025113920596
-0.014546900966943041,0.012113373386641237,-0.0035000923707197234,-0.007530313489825416,0.33957135100779356,-2.3413393872543016,-1.6801495201771324,3.591962998354338
-0.014447879610072305,0.01228393672729852,-0.003806511852562184,-0.007412996744506891,0.34383157618339877,-2.477313204700014,-1.4538454237109688,3.746425019216469
-0.014440682552685621,0.012297898706704342,-0.003829780179614533,-0.007401002377695431,0.343752918514965,-2.4866946506570025,-1.4343957754276648,3.7561098847020027
-0.014456724443489959,0.012297303490352114,-0.0038047599591978687,-0.007381088424030458,0.33597008717514903,-2.472445208918735,-1.4344082937515183,3.7268628316800476
-0.014433441674724524,0.012311837995365548,-0.003853022890608238,-0.007388928623080124,0.3427221138505765,-2.4959337528970624,-1.4148772026066219,3.765657716734442
-0.01444946915721714,0.012311298793524996,-0.003827953400672044,-0.007369103557918431,0.3356952876252668,-2.4816804066821407,-1.4150497435693765,3.7363723672542224
-0.01418764123415389,0.012731970148814605,-0.00455314970894725,-0.0069793183201011045,0.33149995092233403,-2.7182843654759785,-0.7838854988317087,3.99447641795984
-0.01419513459484341,0.012746198385062064,-0.004547922676528895,-0.006947401138116288,0.31947519323673834,-2.709762870873226,-0.7673548342272941,3.9706530008969203
-0.014213203372519656,0.012692381351478463,-0.0044872474844673636,-0.007021870496267472,0.329616099026903,-2.7023496259153563,-0.8467568149752722,3.97820390400868
-0.014229206508693694,0.012693205309053551,-0.00446041014683344,-0.007004229342188567,0.32277779305980037,-2.6886842970064673,-0.8508992987108953,3.949157460633304
-0.014204724135944917,0.012705604357736414,-0.004509257138211486,-0.00700775700805905,0.33055900951925427,-2.7077433471610717,-0.825864215202374,3.9838403925053796
-0.014220698326428818,0.01270645497496005,-0.004482418352137964,-0.006990239034553799,0.3220003131072043,-2.6941875759916307,-0.8301285789334693,3.9548438633416665
-0.014196203394784798,0.012718800667499653,-0.004531216970804285,-0.006993577872703725,0.3315601944909982,-2.7130327090317023,-0.8049295128814253,3.9892582854550724
-0.014212191816008487,0.012719691838704585,-0.004504321747325391,-0.006976114633599212,0.3209820397671952,-2.6995406648834877,-0.809285854759091,3.960313255532006
-0.014203680561550774,0.012732940624504556,-0.004526141711437855,-0.0069618239192623865,0.3200587704044615,-2.70473283244241,-0.7883535352552699,3.965567821553577
-0.014245589252321654,0.012694169205223418,-0.0044335274825888235,-0.0069865515570671525,0.3212937601261372,-2.671158877091432,-0.8609791469317444,3.917688925901839
-0.014254145048647521,0.012680789655180767,-0.0044113609394743495,-0.0070003903389339395,0.321929351230917,-2.6653714793996914,-0.8816823384438269,3.911669394134552
-0.014311743084334564,0.012559197662640078,-0.0042383028832192965,-0.007140653611473704,0.32822518817021673,-2.626340921511778,-1.0566325276131747,3.8850694955141454
-0.0143037118419788,0.012545204192439473,-0.004241949925543309,-0.007172719824763904,0.33530760471370263,-2.633746816423384,-1.074354080511487,3.9071940988637976
-0.014327508257654867,0.012504530351169439,-0.004174121303701536,-0.0072124037847280985,0.3392131617965119,-2.6118016589406974,-1.1357978131824888,3.8850710921354543
-0.014319618735532863,0.012518113178479765,-0.0041967456622964295,-0.007199262483866512,0.3392471877083049,-2.6191846430892833,-1.1154255571855118,3.892551365891157
-0.014335648770906512,0.01251833105137635,-0.0041707837254312775,-0.00718050117913866,0.3287467041446935,-2.605204688271065,-1.117624829146633,3.863344451381298
-0.014311686570991885,0.012531671170102522,-0.0042193605244047975,-0.007186031417223699,0.33756604406012897,-2.6265227387293306,-1.09492701781575,3.8999055696566782
-0.014327756438012838,0.012531993266773775,-0.004193292310000833,-0.007167228308966854,0.32833381525328326,-2.6123782347402025,-1.0972995070839462,3.870662335384894
-0.014319790191934719,0.012545627105763601,-0.004215802349769689,-0.0071539255730675546,0.3282592228092818,-2.619419774420253,-1.076955217803482,3.877897853057458
-0.014319991184131353,0.012573458700615927,-0.004234677858052978,-0.007108645564803194,0.3258759915579708,-2.6153064638463372,-1.0444714487990747,3.8601743764960017
-0.014311723376506956,0.012586854398842736,-0.0042571360601182115,-0.00709573473998202,0.32539437837957164,-2.6222311389840773,-1.0243022443423808,3.86749898721251
-0.014303498490750683,0.01260024632336436,-0.0042794332292612,-0.007082625574009418,0.3249607780666732,-2.6289376714562365,-1.0041003593950613,3.874519564206239
-0.01428712553538873,0.012627003078823746,-0.004323608890090545,-0.007055900965753543,0.324076577620758,-2.641740345231025,-0.9636215638216231,3.8877493415681386
-0.014278959015606036,0.012640379776661298,-0.004345521567913241,-0.007042289107355176,0.3236295338648403,-2.6478523610481,-0.9433256068622241,3.8939823165879788
-0.014270788611130325,0.012653814174378046,-0.004367379408596276,-0.007028432942001485,0.32314440253541715,-2.653778058209637,-0.9229176818610637,3.8999510299450546
-0.014262539013062172,0.012667304146468916,-0.004389302083132669,-0.007014412078902746,0.32257638104548564,-2.659591754242775,-0.9023613540446896,3.905792794316922
-0.01430351942690745,0.01262775276173824,-0.004297106941235426,-0.007037505423698035,0.3202105160651836,-2.6255896657678313,-0.9705115202755629,3.8568279564811436
-0.014311702204587058,0.0126144603332261,-0.004275225159108164,-0.0070506504016273,0.32068696212693343,-2.6192313490232917,-0.9904468914842178,3.850217308853456
0.015168556645037476,-0.0101671964703567,2.587652467888213E-4,0.007992312973443506,0.2790741100550696,-0.19976641008033494,-3.0677617117035147,1.2749216579816594
0.01517677266327827,-0.010139590887621595,2.1542927194861798E-4,0.007979417847487744,0.27696246868484314,-0.1659681601268338,-3.0669695398848087,1.2349513383278803
0.01518364433193632,-0.010111339947177783,1.7146157720785796E-4,0.007968619288511681,0.27508499405282155,-0.13161928917425034,-3.0673842345867954,1.195486509907157
0.015185575846226674,-0.010087622008338544,1.3492623541165675E-4,0.007966445543380498,0.27429352434187015,-0.10319562005054198,-3.0717337784849006,1.1658387923009859
0.015202423977441433,-0.010065990659693134,1.0104751270088963E-4,0.007935534870938107,0.27076151299010903,-0.07639031417718888,-3.057741010232166,1.1255716144868728
0.015206148742878463,-0.010035463196746091,5.44494752882595E-5,0.007929397060009153,0.26930096220774097,-0.039988413584502995,-3.060735293195951,1.0863881607414163
0.015204187872157547,-0.010011703691336542,1.8281341306467037E-5,0.007933373122337748,0.2694094649056331,-0.011761624263604907,-3.068300635264064,1.0598137152782197
0.015213610544880471,-0.00999135867581294,-1.261942741971813E-5,0.007915511641458449,0.2670782893275769,0.012613337327780751,-3.0615208581358857,1.0279162208144845
0.015218953417417318,-0.009963038460062376,-5.5442891582409615E-5,0.007904899055320743,0.2656074616236129,0.04618735389192858,-3.0606288327391904,0.9899697547597838
0.015230935314524324,-0.009934661198316527,-9.78168395058397E-5,0.007881315699457991,0.26269825617563014,0.07943479049011247,-3.0514917818121066,0.9471614882880609
0.015157666575644616,-0.010379278136779484,5.865376818818042E-4,0.007974714734298316,0.28431602712209975,-0.45107005029112673,-2.9963688041590726,1.5269915023422485
0.01519106182055363,-0.01018781469916042,2.878017899991582E-4,0.007947218105890328,0.27519561224911543,-0.22144602127851512,-3.0352163852002114,1.2776686639844117
0.015184344795616688,-0.010214047909144028,3.287406051477733E-4,0.007956506057189722,0.2768332545255592,-0.25317651789223344,-3.03385691978916,1.3141107526998104
0.01517537782129833,-0.010238294760978782,3.6716827701868416E-4,0.007969912110310158,0.2790067044646494,-0.2830588829986161,-3.0352472199698615,1.3505392805350687
0.015167057851640745,-0.010256447632423548,3.9636724773565177E-4,0.007982753339519602,0.280903191204866,-0.30583616370294364,-3.0378328929526357,1.3795569984046443
0.015172419776357068,-0.010274346526510263,4.228785179237417E-4,0.007969462155301942,0.28014146226970843,-0.32588802317290405,-3.0248670909044493,1.3945154221123233
0.015166430720734543,-0.010354996968048345,5.47361484546256E-4,0.007964067386156182,0.28222400800335595,-0.4209358048803935,-2.997770412417092,1.4908992994355434
0.015163720924376522,-0.010334080164047146,5.160249522948206E-4,0.007973945250503852,0.28274501734625335,-0.3972917167779082,-3.0099167277959147,1.4705202517415454
0.015173968608565467,-0.010295009466459795,4.5418236296105853E-4,0.007962668189227877,0.28019756433314497,-0.34970151566204905,-3.0149137440764657,1.4162374017256918
0.015171817002276829,-0.010315168271398032,4.854018117385537E-4,0.007962686271915043,0.28069608275075836,-0.3735576868161052,-3.009018033285765,1.4409950935341642
0.01513386208839828,-0.010619789157457156,9.58468732301114E-4,0.007939558624685024,0.2903974130911992,-0.7290885609440352,-2.8922655820429957,1.8073624995050805
0.015149161611013406,-0.010642589703078667,9.860369948815836E-4,0.007901757413473338,0.28720253786909467,-0.7477380816140796,-2.863112371247359,1.811448911126543
0.015145081341136797,-0.010590436030324328,9.100664628879804E-4,0.007930481737411878,0.2879501424064645,-0.6927795903069557,-2.8985092326963535,1.7643767998994704
0.015153772534870736,-0.010560216778149304,8.615424716668444E-4,0.007925807015088175,0.2861841573048168,-0.6564513019427943,-2.9071193468729852,1.7234030348769622
0.015159973014891298,-0.010530133520045136,8.142422264559771E-4,0.007925076760828579,0.2848288753070372,-0.6211193261832902,-2.9175325459180113,1.6853362595977666
0.015162366873786894,-0.0105011939650237,7.699757494854924E-4,0.007930434809735444,0.28429803782738544,-0.5881781749068927,-2.9306749244697907,1.6525438899061358
0.01516357772340188,-0.010470968099785052,7.240707883669888E-4,0.007937845430688874,0.28365462001488556,-0.5538857422612793,-2.9452113627175014,1.6193550973578825
0.015162243536639716,-0.010447831628896908,6.895084157958677E-4,0.00794735244007942,0.2841697928317248,-0.5282125174058178,-2.9583301795498738,1.5962713803394313
0.015171500120114898,-0.010426780174824443,6.55015462106083E-4,0.007936056876348197,0.2819514918143253,-0.5017251708781901,-2.958891202007089,1.5635510614746673
0.015180883271624021,-0.010399188291822601,6.10811830135159E-4,0.007925957086436619,0.27992888515898007,-0.4679576399688576,-2.9619713087946065,1.523768385331412
0.015183796962694136,-0.009798476543183027,-3.0884639042874114E-4,0.007957688395707834,0.2678738400563525,0.24614998628001913,-3.1237224480617836,0.8156128186447706
0.015206821869775249,-0.00988666924715408,-1.718983015599498E-4,0.007923666845881581,0.2658207415674027,0.13768777185116698,-3.0869185873311875,0.9073947585917085
0.015202630468508041,-0.009861049782608381,-2.1122295359812874E-4,0.007929338226050556,0.2662563989754461,0.1686640268849741,-3.095043830905831,0.8793208446894878
0.015209523789999606,-0.009829641583961511,-2.581401443415919E-4,0.007912964335049663,0.2640973137513214,0.20575524633567216,-3.090093540804198,0.8360825852988408
0.015236544062801713,-0.009904508777119785,-1.4281280218990608E-4,0.007869089430907807,0.2612061867785705,0.1148269979108696,-3.049413783220754,0.9070492356932917
0.015205069517433995,-0.00976645205415355,-3.5436594134500925E-4,0.00791266166739668,0.26329035314549104,0.2820022159857041,-3.1000297693619205,0.7617361182315179
0.015212018139125812,-0.00973739127400857,-3.9703662022319385E-4,0.007894713010948474,0.2613229533656676,0.3156226905831803,-3.0928294871820037,0.7216289561840155
0.015218311268898239,-0.009666349541746309,-5.022385782945455E-4,0.007868694266144624,0.2584865450533526,0.3991709328030351,-3.08566797164686,0.6303005205479025
0.015222799014741401,-0.009615991408959244,-5.760677825068376E-4,0.007848306712464807,0.2564269554983229,0.45772006061547316,-3.078530974134097,0.5658679732596655
0.015229305423225637,-0.009643072027917865,-5.343307618474325E-4,0.007842862393637993,0.2559358818473523,0.424390542799447,-3.07185386704795,0.5954593362088761
0.015234073230754163,-0.009723160151198706,-4.14346468798214E-4,0.007850871404567552,0.2572904323670333,0.32907062095364065,-3.066708953527688,0.6903256079102024
0.015237092003648978,-0.009694762760554752,-4.559561384892313E-4,0.007839739578419234,0.2559740961315513,0.3620121904205353,-3.063380677693771,0.6539628519000705
0.015272899725472057,-0.009514614521615174,-7.097263563325586E-4,0.007727460946571321,0.2457551544489199,0.5618446032434067,-3.010275996730321,0.41794554763959507
0.015250257029564899,-0.009589401985287904,-6.080251402518425E-4,0.007790561335011369,0.25125475937903025,0.4820399142581269,-3.044019577836615,0.5189343831025462
0.015262434444096295,-0.009551406430409958,-6.598630082626553E-4,0.00775760334095272,0.2482646089735682,0.5227301539211248,-3.026482715902627,0.4669916323262034
0.015233508283184137,-0.009079193599881,-0.0013354745382905835,0.007603761642981973,0.24195302537467892,1.0575224676936308,-2.9434720637791307,-0.08683049806215883
0.015240891254721079,-0.009036786937016162,-0.0013879197386428988,0.007566088570256107,0.2401786669726673,1.0975636957947852,-2.9177545973048153,-0.13712460317401343
0.01524599733401993,-0.009001180299527014,-0.0014319664370545503,0.0075357556374485,0.2387324078627099,1.1309225228620483,-2.8967654488982943,-0.17841092867596853
0.01526836459839572,-0.008980360554855526,-0.0014453724360662247,0.007484794037499964,0.23551921875693246,1.1387537877837437,-2.8627619466275154,-0.20450306130947662
0.015270724181678033,-0.008947020906329563,-0.0014869005719915377,0.007459907997446255,0.23468082068065713,1.1704165804049163,-2.845056191318596,-0.24185132046801552
0.015260126231929471,-0.009148070192479932,-0.0012276671164187637,0.0075953693126659455,0.23953758579171128,0.9707824388165385,-2.9387091011229702,-0.011879755644313539
0.01526882361686876,-0.009109826241723058,-0.0012744737355001251,0.0075595952279198094,0.23762596622517096,1.006499412449063,-2.915049753352285,-0.0578567844431794
0.01528561699853318,-0.009174478547118132,-0.0011787237222504467,0.00756465801351394,0.2365867309072275,0.9302728313770843,-2.918802504792933,0.013200647506695895
0.01528979699981684,-0.009207519356139374,-0.0011319686804561703,0.007573874969605513,0.23646600951764593,0.8933843372238767,-2.9246308941443604,0.05033225566495347
0.015275031527884925,-0.009380200981485391,-8.999708829506896E-4,0.007676240053768491,0.24236008952633523,0.712106072653706,-2.985972298816431,0.25691015061011774
0.015256432533164051,-0.009450666188299942,-8.068944923531183E-4,0.007736086681960187,0.24683021963141652,0.6394710885549104,-3.0206356892383575,0.34839064402648473
0.015268258492006635,-0.009415954883768412,-8.520682065689464E-4,0.007702089470859627,0.24417331901207984,0.6746412358743168,-3.0007795259673418,0.30198555127066035
0.01528989114857075,-0.009248627966193482,-0.00107600052521533,0.0075933459259292764,0.2373488404587926,0.8495810836603434,-2.9367263492873836,0.09785466415847804
0.015280607845352775,-0.009296120355707685,-0.0010149200159024951,0.007631254937750181,0.23972821657506763,0.8023562714050139,-2.9601237782181267,0.15582647867540042
0.015280929748758172,-0.00934116464685512,-9.522575429897997E-4,0.0076499409048793,0.2408076864612485,0.753084399263723,-2.970649828343834,0.20857089619768002
0.015286292929166447,-0.009477699599279226,-7.581103478761044E-4,0.007691355116008464,0.24294882914487617,0.5994563638899556,-2.9898023387191945,0.36814476924471107
0.020421163444793177,0.019619850950503462,4.654441787501308E-4,-5.373867769834932E-4,0.02359087759116577,-0.3489345030816651,0.02783059333949441,0.36242041776981676
0.021363963201033762,0.01990600053129727,2.7973736520804177E-4,-3.7048625577140016E-4,0.044115220672102017,-0.2680355108246964,0.04857125830067091,0.2768744159075521
0.021957606182641757,0.02064287090266583,1.6238657094854025E-4,-2.126732754657562E-4,0.04085301536545622,-0.1915115595026601,0.0378658100636107,0.19551068538691238
0.020448572014766075,0.01870920976249621,5.351307037758982E-4,-7.259855489570778E-4,0.04719013484177778,-0.397424194893422,0.07383888946248103,0.4165961693524354
0.019529738877245153,0.018335371348456017,7.995850571195956E-4,-9.767361471062505E-4,0.03126859050184816,-0.493079637578878,0.05555874051657649,0.5216520766591088
0.01881532918173449,0.017600575139577208,0.001096541180782701,-0.001338174563045054,0.03047888225395687,-0.6021499265773079,0.06803891282223413,0.645222825456038
0.01855712356830419,0.016289489531081683,0.0012977636974139987,-0.0018926841421294143,0.046551917262039715,-0.7083332187831832,0.1798634908252048,0.7720519124879709
0.019140352113222528,0.016798448576027837,0.001048630805163294,-0.0015449915191497034,0.049897224044130016,-0.6143370191637049,0.154453796923417,0.6620626228422754
0.018678485166157627,0.015601303646887589,0.0012672614042101209,-0.002137553585658699,0.056129354654884715,-0.7189649686854304,0.27184535234109103,0.7895764549567038
0.017746673624004363,0.014245125322851908,0.001634708204530932,-0.003144403541859856,0.06281689826222157,-0.9024869468793908,0.49027575272249274,1.0322351521447528
0.01799936116859973,0.01377477246035789,0.0014409109573550252,-0.003249333599881915,0.0671465693640645,-0.8310272056488354,0.5917673979347763,0.9581847063157499
0.01830328319803228,0.014647666332111469,0.0014014148517725135,-0.002695084331102696,0.06088759299019884,-0.7926470993871021,0.4121591198598051,0.8896823001636219
0.018702404564613116,0.015031895679821227,0.0012483162151850885,-0.0023646753315080876,0.06233633739425452,-0.7245301847058079,0.35296352386839336,0.8032798198946122
0.018145205901958207,0.013361090318112234,0.0012950407875577075,-0.0033565387567237484,0.06871908209548817,-0.7699638402575353,0.6744327010530878,0.8972468526197394
0.01754456536954873,0.012174769694776816,0.001186882591049544,-0.00428389574566813,0.0804716939831681,-0.7322729445314393,1.0464498362291652,0.9292817381122455
0.0178987280187245,0.012727007465776806,0.0012381067764216192,-0.0037882960032875027,0.07279244640888453,-0.7496855314258585,0.8460140137402309,0.9044895134384953
0.018271863523264893,0.01296077758519664,0.0011495015517611143,-0.003447125096915787,0.07002843099852635,-0.7011977625367417,0.7483823980062438,0.8281047700903051
0.017929737108253033,0.012332963723966984,0.0010951163091883964,-0.00392546059614638,0.07381936588192582,-0.6761519344455794,0.9336182485540218,0.8356255607525723
0.01720053787424,0.010790648722447803,5.495587108473786E-4,-0.005039848588158673,0.0914284975005447,-0.3543537453104584,1.4798643304799428,0.6222937799141356
0.017475021663621946,0.011813204102722661,0.0010509149336985029,-0.004483658181630624,0.08223914902752479,-0.6587443822540376,1.1583309807327125,0.8714447513775132
0.017494436248774205,0.011387578408972865,8.288579285140391E-4,-0.004607875385999421,0.08473932787365852,-0.527430375080754,1.2543451914405095,0.7460486054362779
0.0174348116344067,0.011028573666586865,6.458169844896126E-4,-0.004757049166301948,0.08515559600237085,-0.4133369200092111,1.3478280318821887,0.6451701705810889
0.017724331533922083,0.011162968083576386,6.52791851429012E-4,-0.004458972316137698,0.07628962286655373,-0.41653256119799514,1.2276458623513553,0.6133301772794258
0.01675444029141327,0.009662822732590053,-2.5679037155127994E-4,-0.005592621106625214,0.11021576111264886,0.1937863180874919,1.7985630697538835,0.16152387520261183
0.017002701130150195,0.010307612679719958,2.4267730498433708E-4,-0.005317806678090754,0.09908331769121519,-0.15233106124219484,1.6400533323106827,0.4576764532535748
0.016973920652832666,0.010047172254621827,5.1726055862491315E-5,-0.0053607697471072325,0.10153020479279586,-0.021574681429028245,1.6750717908669888,0.3335097758507677
0.01696711181200577,0.009785143040704977,-1.432531769870386E-4,-0.005359448577844378,0.10123365173758124,0.11475159193223829,1.6858398509532544,0.1981159372330504
0.017099110862416354,0.009916267289688767,-4.115024233840562E-5,-0.005220740092712963,0.09307789933038733,0.04285272381983948,1.619019662583073,0.24676489837549123
0.017241295462304036,0.010454409084577626,3.226220710053804E-4,-0.005048023781601987,0.09160747460211853,-0.2021444368213384,1.513371394564787,0.46813225119958785
0.016519936836869805,0.009072629644058895,-7.878723404267039E-4,-0.0057453687953006,0.12203171815364684,0.5691816622136646,1.8723603859670845,-0.17027019427817056
0.016753820687674347,0.009417688261338946,-4.515391917680501E-4,-0.005556104161947608,0.1105187347741635,0.3307789184473831,1.7841049981923576,0.021853703374284803
0.01674315437117035,0.009183090936600113,-6.363609071215966E-4,-0.0055160295298776,0.11063389818149037,0.45890444920611767,1.763405170554971,-0.1082181733560592
0.015829658007474202,0.007502930377066968,-0.0023699474736172204,-0.005581315162702325,0.1797763693938025,1.6180901695477343,1.5858040059656782,-1.1357499174798498
0.016009413383464212,0.007619891164469939,-0.0021521670709203355,-0.005500492706000595,0.1637960833523109,1.469543242855472,1.5833754206600956,-1.0250635392900407
0.016508208430808777,0.008849760159045003,-9.713445848709891E-4,-0.005680898176155818,0.12298527736568078,0.6968355195783743,1.829836991303807,-0.30209777053068615
0.016471955661418663,0.008650794423432981,-0.0011412760141558643,-0.005640186765248432,0.12571837247706028,0.8130957537170408,1.7963655368403086,-0.41744702550616536
0.016392090819157965,0.008468432085050492,-0.0013179707357518602,-0.005643687854003606,0.1325631575564776,0.9345617210585359,1.782002830904432,-0.5274153638778785
0.01610997516928515,0.007821968375001745,-0.0019490408503856007,-0.00555090801639379,0.15459891015002983,1.3439451280569,1.6473705080319963,-0.908840121758088
0.016196032459216695,0.007664197559510669,-0.001985458910941335,-0.0053518358786262404,0.14833216985860057,1.34612759128966,1.5353892334126011,-0.9447438009936511
0.016186487786174722,0.008049541425415394,-0.0017421056907167636,-0.005626631654701139,0.14624333318363716,1.217272631642685,1.71981685294457,-0.7846947959726128
0.016272734637327042,0.008284471762491016,-0.0015197474422943588,-0.005677410776408119,0.1402689215251981,1.0733473577888002,1.7767843815837236,-0.6459815907130076
0.015804026511086353,0.007328148594667759,-0.00249274301243128,-0.005454120030396747,0.18388781495819526,1.6742076352175979,1.4903264431714585,-1.2048926801107018
0.01575232575562125,0.0071537602226608345,-0.002630726590127161,-0.005344153294801523,0.19013025677416187,1.7384981825945773,1.4000997972857816,-1.2759834148992535
0.015684200691418845,0.006990743181931732,-0.002772046682735278,-0.005250566934742281,0.19814564685686273,1.8038235347354112,1.318081192083369,-1.343309354926907
0.015616149297223495,0.0068268918992323395,-0.002907987040257485,-0.005147990284488309,0.20551472928031292,1.8603580932205992,1.2307726405568669,-1.4037449178979113
0.015534175869876094,0.00667794898866972,-0.0030462948263019446,-0.005062699244588766,0.2159014704449552,1.9179694190247343,1.1522105586937443,-1.46076171558532
0.012197241220504553,0.003557398617581359,-0.006050879586683068,-0.001787144592639015,0.30927744601715185,1.539581459321963,-0.8795663000191282,-1.2361842563120644
0.014700241451352281,0.005985857954820352,-0.004137879961142565,-0.004776546547633997,0.31625799962144163,2.3962924427712795,0.6865522771427965,-1.851394704536174
0.015555589392745928,0.00648944847720603,-0.003090221376204286,-0.0048619765192501945,0.21372755686928682,1.8955703662960854,1.040692468063254,-1.4675790901260022
0.015387104498944516,0.006389866991362573,-0.003289409839793741,-0.004869262366747634,0.23270535736005346,2.000902980687261,0.9902472501195346,-1.5483102942974558
0.014875073462057908,0.006065695417743645,-0.003921944499830798,-0.004793929155166551,0.2930677420361087,2.2962687071148413,0.7662198305318325,-1.7783237194041919
0.015209501797762629,0.006279104543875322,-0.0035056502166409416,-0.0048585860052032595,0.25199242066501654,2.108228755227801,0.924219867960626,-1.6321101171309802
0.015050305718529026,0.006179211197642931,-0.0037025065228118025,-0.004836263430599306,0.271007471990565,2.2003477180380666,0.8545875354662203,-1.704220630431571
0.014622951176499425,0.005811460518549237,-0.004242775345480259,-0.004597405192055479,0.32247699877087216,2.378395282026427,0.5678490083435696,-1.8531257943132258
0.01458143739660248,0.0056206676791925505,-0.004296475219059273,-0.004386402856238044,0.32145572424561003,2.3209676087413023,0.4584712752439157,-1.8266695066718623
0.01449408145478512,0.005429715471489027,-0.004393512733047219,-0.004188690204429378,0.32490343473666544,2.284033172195988,0.3453844968169337,-1.8111318549073143
0.014377058956898595,0.00524762218398424,-0.004514384732329515,-0.004004128883612565,0.33116516148912106,2.257488248749897,0.23373703856492134,-1.7994398389217736
0.012404375373660178,0.003703028631947951,-0.00597374817653068,-0.002006905551871906,0.32742615230575983,1.6614983215026704,-0.8221337419526894,-1.3350358334119747
0.012614778274026206,0.0038931546831693317,-0.005899613660786346,-0.002266416907668042,0.3499385037704191,1.7991111976398062,-0.7576471191933641,-1.4421382040286537
0.01284138436621165,0.0039905357737947305,-0.005749886628114088,-0.002453427519974087,0.35471126883844395,1.876451463957587,-0.6578313118707055,-1.5090384581675773
0.013034670736797977,0.0041044971931648855,-0.0056237546048433255,-0.0026327170688974118,0.35868913660586615,1.9473747611877366,-0.5703127983748645,-1.5682892907391632
0.01321293158053661,0.004273648936812079,-0.0055219328974361595,-0.0028541027657837978,0.3689465165162881,2.0398548112655512,-0.4847765905828006,-1.6387515553533736
0.013443852124297651,0.004372583756695355,-0.005328870562674593,-0.0030148541819668725,0.36136454797370116,2.07342733271915,-0.36633900118582186,-1.6697546416814226
0.013597495764085393,0.0045088606864000565,-0.005215654212716591,-0.003184790809134055,0.3622119196531885,2.125131557820067,-0.280678339099029,-1.7100096234477584
0.013757106894828336,0.0044836064253091735,-0.005045048936145509,-0.003183336575795033,0.34263619416258884,2.078297053024088,-0.2079790903677488,-1.6842987906100801
0.013865168837673886,0.004567743148066703,-0.004955231312893553,-0.0032813255542081285,0.3400680868044135,2.0974256279552197,-0.1486294999403943,-1.6986561227262282
0.014211700567538505,0.0050878303063376755,-0.0046815270116868845,-0.0038437994304952048,0.3427896033049885,2.2527392344935886,0.11734746909269722,-1.8000586407022205
0.013955411241822192,0.004750895914216397,-0.00490178868172833,-0.0034794824034286792,0.3468008051602749,2.1684509536378287,-0.07644093364528219,-1.7464325233815432
0.014098914866035518,0.004895553718110835,-0.004775436796605079,-0.003637286485532521,0.34210531683575357,2.1968919508108655,0.017353681977957253,-1.765581442022713
0.01128029189407566,-0.0028800822498616496,-0.006190704998744727,8.683983223777349E-4,0.20603934180709307,0.937244708713525,0.9651559911227707,-0.7495428843324784
0.01153135514287321,-0.002995353976389699,-0.006143789808340186,0.0010680536380196545,0.22935162494592465,1.0811656225698545,0.9414489625352704,-0.8721658988080485
0.011524532072332169,0.0029450883901527046,-0.006120943828521846,-0.0010407957103394196,0.2250481165871238,1.0609405278539699,-0.9255110660380427,-0.857572229934166
0.012213100316294254,0.003277680717074115,-0.005901027194011703,-0.001606187695160197,0.27609311543844894,1.4185481604218586,-0.7998738183161679,-1.1588234729088815
0.011996380173025943,0.0031416310341356546,-0.005970830740068076,-0.0014088694974875755,0.25840184411237915,1.3010862736686628,-0.840071210302035,-1.062550239941862
0.011772651319314967,0.0030408622654378237,-0.006046605913100088,-0.0012300990984544246,0.241714540576448,1.1881453919390508,-0.8839926652067608,-0.9676763767693511
0.013411694797129252,-0.004967919404946906,-0.005574140275960258,0.003653214880237715,0.4394183822683924,2.4810562484000065,0.32131144897955194,-1.9327869799532105
0.013320526031207331,-0.004794843075300368,-0.005612679555930421,0.0034317387328624198,0.4271369547349392,2.3716144769299707,0.40114717560624047,-1.8598377803356405
0.013120480610756208,-0.0045961971808353526,-0.005748878110093895,0.0031519571002725584,0.42154338815873166,2.2591747347775932,0.5352645243105901,-1.7766663459494916
0.01325720524113106,-0.004629981137691004,-0.005616925327963449,0.0032325018989341693,0.41310929597426,2.2651074603351993,0.45321081139428493,-1.7877825072809663
0.011792016858720125,-0.0029742768046183534,-0.006004204299781977,0.0012056314177961971,0.2352543136495994,1.1734045287545085,0.8554097867914191,-0.9615676405222108
0.011847895805277557,-0.003193831360495137,-0.006083095420862099,0.0013568213905845116,0.2589698037612139,1.2734667012701488,0.9087719590253813,-1.0291005415008645
0.012022208451857513,-0.00335212168061684,-0.006060750037400225,0.0015512518962800832,0.2825904427489792,1.3949599462122269,0.8936716996044088,-1.1254443746957516
0.012238147993447359,-0.0037741373671199598,-0.00613794376355065,0.001968234805049507,0.33989491857005977,1.660604631205601,0.9185874360248832,-1.3175319010719397
0.012140308656168332,-0.0035584478668447737,-0.006091468858607889,0.0017552396707188362,0.31035918513188343,1.5248964467503345,0.9050304745983243,-1.2203595640987712
0.012504186212091789,-0.003972048302171696,-0.006032582102228777,0.002276132137733555,0.3648725287800639,1.8279924455699779,0.828866977671942,-1.4509227347274096
0.012434813055351799,-0.003813304075075359,-0.00600668312624887,0.0021092607410566166,0.3422425832838863,1.7255603075104295,0.8314768547091574,-1.3783426924886955
0.01266257622194486,-0.004065424666706405,-0.0059438579601963715,0.0024380697595062645,0.3732988837563028,1.9052145720271179,0.7606747358163909,-1.5148364310699551
0.012765690224169679,-0.004246265197813784,-0.0059402377319640425,0.0026530135620310273,0.39589180453435574,2.0277072427104073,0.727816238290715,-1.6023299575357786
0.013021454813390305,-0.0044346053590787245,-0.005779804350000515,0.0029474861507037407,0.4064083336939079,2.1542147716126454,0.5931890433058972,-1.7028897582540294
0.012957668375033355,-0.004254161336711307,-0.005761225940811167,0.002744474300159555,0.3846148186193447,2.0376183779448636,0.6206456187299043,-1.6225269620466383
0.013594188421578075,-0.005226884158252656,-0.005442032626488707,0.003998848800955821,0.44622569415011953,2.6211101735140017,0.14918144241467737,-2.024803231712667
0.01362621298823313,-0.005339251222702626,-0.005436007611673268,0.004144737513032969,0.45413053273625625,2.6995724470901776,0.093670272802674,-2.07242495364195
0.013690846463463075,-0.005413498288137683,-0.005373843257816682,0.004245274304241978,0.45133006536089276,2.727722536965288,0.027756254865332116,-2.089756085874513
0.013727834042059945,-0.00549641808959367,-0.005347662638967721,0.004355402021059968,0.45325156092257307,2.7761656171440325,-0.029030557340942096,-2.118671142435638
0.013736312270852778,-0.005567880297184045,-0.005354421725801389,0.004451169501774717,0.4591890188915717,2.832817205921344,-0.06573147575362467,-2.1508486774086357
0.013852888579270603,-0.005767555378727509,-0.005237951360141471,0.004720361229450219,0.4548306433370123,2.9228101506104553,-0.2385080638190811,-2.1985886109010413
0.013947607703790034,-0.00591075264175953,-0.005126867524554571,0.0049097486949629164,0.4470849453616207,2.965463878981026,-0.3787140990601143,-2.2160423893891594
0.01390447174979106,-0.005839554645079565,-0.005177797773235072,0.004815504440541838,0.450174748075646,2.9426770647566225,-0.3101313386246352,-2.2068211377554703
0.01382663058023643,-0.005688051851284721,-0.005258751460279776,0.004612125212315822,0.45318787228813046,2.874464147986322,-0.17942368793909924,-2.173110058337897
0.01378412813877702,-0.005619551905329774,-0.00530190653091224,0.004520543224399869,0.4544604446877076,2.8458474515842256,-0.11915632344658846,-2.1577224366511345
0.013896741044495495,-0.005702971308438656,-0.005165588839828567,0.00462687365470128,0.4396962518329247,2.835712894352513,-0.22620945965138076,-2.149317365815873
0.014029368526723495,-0.005894140214973315,-0.005009645198084991,0.004870662352909124,0.42875181737266777,2.8822585737948336,-0.4076725502988435,-2.167027015691471
0.014098705581911553,-0.005934880555817939,-0.004916749543202749,0.004911903523310453,0.4171696435487212,2.8535268480212888,-0.4659118007216963,-2.146499341107637
0.014139271434034956,-0.006017635085161586,-0.004864914108901935,0.005016513345136621,0.41405481174558606,2.8768005097618246,-0.5401350809989135,-2.153774303690757
0.014162290038258168,-0.006093464910983574,-0.004834765104053236,0.005116381475167186,0.41351526287739837,2.9085175349169785,-0.6049434408837889,-2.165911659034135
0.013670791124503926,-0.005134535296824569,-0.0053200343786715875,0.003893874476515843,0.4227672683963066,2.5159016094055375,0.12966636245502636,-1.962339256089697
0.013594224996788537,-0.004977991117998354,-0.005363720369842139,0.0036986252255205646,0.415519147103756,2.4294590566112446,0.21058569704840455,-1.906809181661288
0.014654332137502392,-0.007000558534301662,-0.003951223538768335,0.006128076055857328,0.33400210590948115,2.7724788117234316,-1.5244168018353943,-1.9232007809994045
0.014697373252258165,-0.007041506942252966,-0.003873327655934854,0.006147738333498287,0.325857972079819,2.725549103030426,-1.5602216480928226,-1.8855201137240287
0.014746464571130404,-0.0070829244258912225,-0.0037870182922767515,0.006160668832869434,0.31740820106607287,2.670319516507569,-1.593329782940149,-1.8430341125127239
0.014673779145485198,-0.006948713885986262,-0.003946043278218041,0.006039855213741984,0.33045287509772997,2.7391436130132023,-1.467692833506821,-1.9175804690884592
0.014662196601581278,-0.006890725178251337,-0.003984957611909878,0.005969246761149988,0.33279684170698726,2.7412520929724233,-1.4095345164820168,-1.9327724828816812
0.01459558224813072,-0.006791797786022224,-0.004112806926308628,0.005882604160128911,0.3449834390386255,2.7945695643964825,-1.3142002988024097,-1.986624606950892
0.014648516754447762,-0.006833951290875663,-0.004024788519100153,0.005901668251636659,0.334920035491223,2.744104890298111,-1.353657971126983,-1.9474114212487823
0.014521135773335074,-0.0066758480146477854,-0.004252249318675593,0.005771352004257765,0.3582015480870194,2.8434990896738235,-1.1985098240250454,-2.039765947777134
0.014594286376734914,-0.006710668515324001,-0.004139972592508936,0.0057705576534284285,0.3448662391318251,2.7713527702873084,-1.2343083964412112,-1.9897881044955437
0.014431735749243975,-0.006560233475938785,-0.004407032686267374,0.005662709620375731,0.3742117346906184,2.8985514294143964,-1.0787918162344825,-2.0944033489653306
0.01443597406918637,-0.006502442519263867,-0.004412110871486203,0.005577797851345424,0.37186292299765245,2.8666192144547464,-1.0252875701026034,-2.0852296165006936
0.014487899174357922,-0.006598251176580497,-0.004318664650324649,0.005682867251610782,0.3633478869171411,2.8508707968774334,-1.1213129176786643,-2.0589901464881013
0.014248923335907273,-0.0061880926676610255,-0.004711376245557359,0.005220009507129853,0.40029269561763,2.887583367463449,-0.7088511805114934,-2.1427348846430267
0.014242183812244688,-0.006106819986365486,-0.004722662034470643,0.005108502270744921,0.3982321928371468,2.841789377830619,-0.6438077329510669,-2.1236258227969382
0.014326428580669235,-0.0062269653804808926,-0.004600546662735233,0.005243617350819428,0.3860806922007064,2.8349554665958814,-0.7632825640529491,-2.105776551154236
0.014409780155174542,-0.006449063129697506,-0.00445838121715609,0.005516409564002866,0.37646289155421436,2.86932777407315,-0.9719921680864793,-2.0957646057065453
0.014392656709553435,-0.0063833497161713895,-0.004492132444172784,0.005432394094145215,0.3779954800568788,2.853830816826956,-0.9103502032271481,-2.0963478185779336
0.014366631524843593,-0.006309639599353552,-0.004537308738871069,0.005341408791653824,0.3813487767055402,2.8411976314699436,-0.8414631516573646,-2.0990063495367077
0.014903928618095608,-0.007544183227495861,-0.0033044449280166463,0.006604839141682137,0.28680429797770207,2.4493749410931547,-2.0190891646692255,-1.5714493327656867
0.01499440795999294,-0.0078084291734016095,-0.0029873370294246013,0.006817284064052277,0.2696779723273539,2.259133192972889,-2.233729954853638,-1.365147187073891
0.01497673812104872,-0.007766059172026082,-0.00304376389452521,0.006789556078855251,0.2733010342578507,2.295816490933299,-2.203395655940961,-1.4018813106138364
0.014982591060569334,-0.007717725693017006,-0.003076079132263111,0.006724575086077219,0.2727862101115961,2.3069117216851907,-2.15143552175952,-1.4292003157790758
0.014950437489219702,-0.007592687015893511,-0.0032112238052209624,0.006611433578671293,0.27868538360608236,2.38238268565912,-2.044502554174659,-1.5186629316442402
0.014966616733932434,-0.007659248285900061,-0.003141255690586787,0.006673558176330912,0.2756619259616477,2.344419061445223,-2.1025652743026413,-1.4725264007734002
0.014998163536368413,-0.007939421459406423,-0.002867502545020509,0.006964379090091691,0.26832212124099725,2.1952731280293114,-2.3588859515008926,-1.2705707557574684
0.015028258577431492,-0.007888791911223469,-0.002878677502035963,0.006866475200972974,0.2641295608732705,2.1860287470861697,-2.288492371734595,-1.2932084737359597
0.015055454178252404,-0.00782798239086609,-0.002900281427416465,0.006762067521320316,0.26138185085755755,2.1830512896175787,-2.2120630404637516,-1.3217579361283887
0.015000133019850436,-0.00802917320698157,-0.0027807481576758377,0.007063488412315804,0.26729379788448426,2.145484574243049,-2.4435242386516656,-1.1997384892658969
0.015022982578979169,-0.008073615650885107,-0.0027120265573529197,0.007080714972395701,0.2636988625476924,2.0949585864586644,-2.4667203914599685,-1.153917754376469
0.015096091080408588,-0.0082602193601577,-0.0024443309470744746,0.007170970120077749,0.25303939827194194,1.8992531484640522,-2.568676657101369,-0.9657517012415638
0.015068312979488211,-0.0082179918204543,-0.0025170521688490564,0.007169060200158728,0.25691080878656475,1.9560330677758915,-2.557502702727365,-1.012765759391189
0.015041901213403111,-0.0081188139866415,-0.0026465459245284153,0.007102929704000408,0.2609164376021467,2.047465280050149,-2.492466892889928,-1.108613573809137
0.015058483881131802,-0.008165444579145793,-0.002581665193941304,0.007128670016455879,0.258132502109226,2.0006539856799956,-2.520125081189264,-1.062390422475736
0.015114362349845919,-0.008221250346324191,-0.002466732875101658,0.0071049237281019684,0.250423099418202,1.9077689648275764,-2.5199874082829186,-0.9945629928238511
0.015030571213612232,-0.00798375853626111,-0.0027897869795814674,0.006970610813191906,0.2631631083636004,2.1366493863917317,-2.3767322090643757,-1.2222405580514513
0.015121505856936349,-0.008307195274798418,-0.002369051492419509,0.0071795492717693496,0.24928747946674829,1.8414693765806012,-2.584462669498436,-0.9153662887187551
0.015172005617496051,-0.008351547706049331,-0.002273073483011345,0.007146352613782949,0.24298338647042364,1.7624752482811503,-2.573595089017355,-0.8609329330094398
0.015188974535763141,-0.008532349615894157,-0.002055736269556087,0.007282613798730109,0.24122046854092435,1.6071653176412717,-2.68961481166938,-0.6840852492792803
0.015184754304931871,-0.008487281332408291,-0.002111114391144724,0.00725008070075287,0.2415203578955151,1.647203119341516,-2.662137806910447,-0.7292098130794823
0.0152049751485877,-0.008447803335388976,-0.0021376823862578587,0.007184162592483262,0.23873414289925818,1.6610181852230086,-2.614710794593991,-0.7633803227147472
0.015217601106829182,-0.008394013849181918,-0.002185393953614301,0.007117088597560185,0.23702828468318124,1.690773373460545,-2.564093634053489,-0.81074018092007
0.015230759679491916,-0.008755527258412235,-0.001755601447822516,0.007394372586564324,0.2377333830273077,1.3794456965446245,-2.788669080764944,-0.44916543108952034
0.015237910626806503,-0.00883075692483257,-0.0016567311500108302,0.007436997661459335,0.23754631645482513,1.3038976595218774,-2.822686216509607,-0.3679205563668937
0.015252589430581326,-0.008793441532728116,-0.0016928432999675014,0.0073862468901714756,0.23494212396926956,1.3290316402397575,-2.7869964486858403,-0.40821911410833034
0.015207050788849649,-0.008675562805401268,-0.0018714222553601909,0.0073717621022567886,0.23979982729839874,1.4694246754659213,-2.765542823141847,-0.5351728803777585
0.015239402367707136,-0.008715471481129123,-0.0017980317246742196,0.007350256325366236,0.23579732677464219,1.4096930708833693,-2.7564548697989637,-0.4910721097667684
0.015227921632648465,-0.008622102526234746,-0.0019186709250963413,0.007295720299201939,0.2368519110405578,1.5001908311282686,-2.710680255372461,-0.5883941525883659
0.015237551074881471,-0.008568590044369792,-0.0019731599859246257,0.007237004952400358,0.23509947310492987,1.537477532242807,-2.66663701162777,-0.6406877339832926
0.015259534457286212,-0.008863270940206816,-0.0016008206287681777,0.007423575764560258,0.234898140409495,1.2584331657704289,-2.816428259282848,-0.33297430822963764
0.015270986058572628,-0.008909225995324172,-0.0015350223227095566,0.0074351243250309,0.23410359036789988,1.2071556369677026,-2.8269156493326104,-0.2834914580334758
0.014798178977113902,-0.007122952130090071,-0.003698114999123123,0.006167305503006012,0.3082941090453304,2.6113729372095977,-1.622715344059902,-1.7986802326693747
0.014889909727357343,-0.007389590056080905,-0.0034267184726969814,0.0064240181531154345,0.29079583707603535,2.492926258523252,-1.8658451619780327,-1.651133957427428
0.0149255190301818,-0.0074826496660140565,-0.003320340177227019,0.006503173117725814,0.28388485801591584,2.43631191159518,-1.9455381254237738,-1.5883474035920822
0.014941988965283627,-0.007418133890427459,-0.003342652104210924,0.006404580576644887,0.28230919308757113,2.4280565140416823,-1.8730746014438753,-1.6070395865318934
0.01487723825341644,-0.007324475922513919,-0.003483270834136077,0.006353776308536987,0.29339799694593566,2.514680950014417,-1.804145296337719,-1.6845833081815944
0.01487651479759872,-0.00725070202399042,-0.0035273453367817022,0.00625958823063305,0.29402456773183183,2.5200044164137094,-1.7296085124641107,-1.7106791086857809
0.014861094813191427,-0.007174349698313382,-0.0035891128080281815,0.006175963291758514,0.29720368944010206,2.5393965625845927,-1.6579064429602859,-1.743791749769388
0.023376935830595465,0.02072263084388668,4.477738663242358E-5,-8.448121247588146E-5,0.08468224605002786,-0.09941417892624313,0.05517283174625926,0.10066028782733194
0.025,0.019831828375502458,0,0,0.18507670840919163,-0.003340568766874417,0.054504959485334355,0.001763272354082254
0.014713585418447408,-0.011935418967009512,0.0030918449276823054,0.007530412813258267,0.3231747810147298,-2.109575534038433,-1.8879464531890326,3.2771580392952964
0.014724750621030885,-0.011921461909177571,0.0030627309407492993,0.0075315334900611245,0.3220238712497295,-2.092813996650498,-1.9025521494612188,3.2553686803648856
0.014761895874909477,-0.01186113733625527,0.0029508180966187586,0.007550554969175788,0.31952729525066315,-2.0300672345316957,-1.9657740050179646,3.1801644590470066
0.014755319051176413,-0.011875972108327085,0.0029752338189146434,0.007542383808768782,0.3195951047470751,-2.04323670684877,-1.949910859420828,3.194267910968007
0.014747316234372762,-0.011891832966220902,0.003002469970294471,0.007534893883714459,0.31987517802703375,-2.058097078617413,-1.933027319110573,3.21090782309463
0.014737155240825686,-0.011907211597355099,0.0030318066314828345,0.007530974181921546,0.32064883594134286,-2.074672580633555,-1.9170039387299693,3.231221288204399
0.014769547685918248,-0.01184736487781443,0.0029262497236913227,0.007555658242613753,0.319080680549406,-2.0162569641347896,-1.9799821314165682,3.164114201601191
0.014797531420003828,-0.01170332836841162,0.0027267667880762902,0.0076805251558368795,0.3252517754084459,-1.913436138226096,-2.139094348959997,3.0805188618610058
0.01481261863156884,-0.01172499226839295,0.0027354395787263434,0.0076323314318534835,0.3199169873895857,-1.9121257465344617,-2.1085173121540133,3.0597472409900557
0.014801516287477848,-0.011739914627620045,0.0027656201723244593,0.007632661763456715,0.3213071847655712,-1.9306562326823695,-2.095293260508573,3.083528808715072
0.014798919056413978,-0.011758690975085645,0.002790551880319762,0.007615143333824488,0.3201925503280192,-1.9433914078722887,-2.074482820887194,3.092966578179172
0.014790239363713662,-0.011779171449036641,0.0028243317334013637,0.007604808322239011,0.3204290158070257,-1.962413120953084,-2.053568433807922,3.1133635249516836
0.014767358333008683,-0.011816092615293702,0.002893586984276367,0.007596345117067064,0.3223766200035003,-2.0028769145809613,-2.0173401651211074,3.1623533664877783
0.01477983254110871,-0.011798535549839707,0.0028587727531527384,0.007598093718004711,0.32109411479522526,-1.9822203905695612,-2.0342443674633093,3.1362939574768376
0.014779916223638294,-0.011833187524166977,0.0028979797367143724,0.007556974363850962,0.3180548915819798,-1.999603839261009,-1.9937643461259296,3.142989257408099
0.014850563310639525,-0.011622807857964042,0.0025708088823952484,0.0076847901263230435,0.3191899334255195,-1.8168848197446763,-2.208891304150885,2.9602675715922895
0.014813894478317392,-0.011683781207029753,0.00268491428272969,0.007676611393198332,0.3229660277097767,-1.8870253845064904,-2.1552807035600967,3.045388474218434
0.014827651771859601,-0.01166560235835639,0.002647754517570857,0.00767492508997935,0.32119817979904014,-1.8637281384767694,-2.1704787177656297,3.0152389999734783
0.014836749071052861,-0.011647455856030685,0.00261579830439577,0.0076802944813034605,0.3205423319563499,-1.8445145805000607,-2.1872098964872753,2.9931618436886183
0.01485494006582864,-0.011641379977704166,0.002588748165997962,0.007657885191636432,0.3168686294102569,-1.824676623130819,-2.186282954188646,2.959294199593758
0.015139248795023916,-0.010823321706946257,0.0012547256067028166,0.007833325091635332,0.28787305945661057,-0.9402143008000389,-2.7528678331240712,1.9930920152081406
0.01515332175222097,-0.01079382422430078,0.001204947021913218,0.00782342151913594,0.285265292178444,-0.9036975459884075,-2.7606323545760034,1.9486954609666236
0.01517383711492983,-0.010653386530854063,9.915116446948173E-4,0.00785194000071276,0.2821537443158784,-0.7494845164262061,-2.8323278487191126,1.7923645324236552
0.015149897966689033,-0.01074107238143099,0.001130322332195544,0.007855866475873217,0.2865028646854892,-0.8513035380547613,-2.7994156655497204,1.9047155010884589
0.015162410234307592,-0.010765904092858696,0.0011601826442130807,0.007821097563209811,0.28363930170820667,-0.8711881064237079,-2.7712114415314977,1.9120216140408757
0.015160043681352575,-0.010707806257362479,0.0010771078983758528,0.007853072238783593,0.28456218489629753,-0.8123001169814793,-2.8115437939416923,1.86099582421129
0.015177996480485206,-0.010679644357030076,0.0010280353555582804,0.007833061619633047,0.28106192807605535,-0.7754467110553468,-2.8121367671909963,1.8125881683150014
0.015072084987048984,-0.010987854628684433,0.001529895017383216,0.007856252910510848,0.2992209690284365,-1.1379747238927405,-2.686256186451056,2.224020169364001
0.01506281700412245,-0.011015786829142614,0.0015756396450719767,0.007854295469125345,0.3006005301730919,-1.1700261831556216,-2.6709983158884048,2.2595871816937034
0.015127132201262513,-0.01085261000635897,0.001303398494685049,0.007839177640648452,0.2900380489002366,-0.9755581446357903,-2.742782442610927,2.034696169990236
0.015114710741229082,-0.010879824966630603,0.001349473409259603,0.007846131973646496,0.2922235142278515,-1.0089932622034683,-2.73378223089329,2.074798537386225
0.015103825364240436,-0.010900355451134883,0.001385252984787828,0.007853739853173171,0.2942341120078957,-1.0350985426305948,-2.727878799374268,2.1071262383841876
0.015104129678556837,-0.010922712330667883,0.001417046612490966,0.007839846534171772,0.293582632599286,-1.0568276484475643,-2.7105682879675417,2.125674024094032
0.01510014725029047,-0.010948440992585766,0.001456084339442356,0.007831227994166164,0.2941165221008979,-1.0839923219402126,-2.6940137663050874,2.152589884651175
0.015098224898474375,-0.01097770692850801,0.0014986911100426797,0.007816270498873136,0.2937915575874898,-1.1131554657454528,-2.6725291626872623,2.179225707443156
0.014865073398446269,-0.01160801593191036,0.0025372494257594465,0.00767723158956249,0.31696627860290305,-1.7947686520755466,-2.218838420838949,2.929606455174307
0.014874952282092988,-0.011577227649437753,0.0024888975038307878,0.007693540918816708,0.316938875394619,-1.7662256598384312,-2.2481252424850418,2.9006406518015555
0.014877207122230857,-0.011593969106504384,0.0025072488596513507,0.007672483700765525,0.3151008831878251,-1.7752412180196504,-2.2287392968537616,2.9034110793638384
0.014955137968274747,-0.011341197237691466,0.002107709511726096,0.0077879473897313695,0.3126901579506687,-1.5286329370305898,-2.451219128148685,2.649943756389576
0.01495088389192308,-0.011360792967074325,0.0021375020158884636,0.007777634466631063,0.3126533699185423,-1.5474154161978209,-2.4342247616072226,2.6681564617464755
0.014887779588567572,-0.011561247850177309,0.002455816213925714,0.007689240918853424,0.315031878544421,-1.744658672751968,-2.259366910182948,2.8721984222645855
0.014927614851779798,-0.011415548699842723,0.002230842693767617,0.007766519813960933,0.31503515572028307,-1.6079285969799118,-2.392430322991382,2.7364273534471466
0.014947126308059118,-0.011382676064427085,0.002169751674135337,0.007764140139934073,0.31242310655830274,-1.5673993874015573,-2.4144178163054133,2.6865793238598425
0.014943398739021094,-0.011402794416203184,0.002199507364322955,0.007751924319375637,0.3119947921032532,-1.5857377631506138,-2.3961868822332,2.7036539085770888
0.014906553764694165,-0.011520174768636073,0.002385424834201451,0.007700176702760227,0.3135127018036877,-1.7009150389052976,-2.2940718457944733,2.8226800165042216
0.014898893884841979,-0.011541158194913354,0.0024194504899213813,0.007691619103329679,0.31384497674337997,-1.7217152280520553,-2.2755328124564413,2.8448230179090888
0.014927782001004747,-0.0114399049408392,0.0022623315906194273,0.00774325391618464,0.3135318520217563,-1.6260318493978365,-2.367094373043112,2.7488140144536377
0.01492426811078228,-0.011464000967894426,0.002296704713462144,0.007726051213766975,0.3128758372281744,-1.646517736170687,-2.3439604859204377,2.766703824230658
0.014911069576823211,-0.01149973333589367,0.002355116147645607,0.007713028106283948,0.31363875487669607,-1.6828746543117477,-2.313451645586771,2.8057536679371364
0.014912373091506953,-0.011481181873338835,0.0023302136095648468,0.007729071708841307,0.3147204788897088,-1.6686192136093532,-2.332389480623303,2.7948425309530096
0.014924764460466203,-0.011513640794793894,0.0023591752863671668,0.007676927609480594,0.30985011442177707,-1.6813455191800586,-2.2915585585597875,2.789391491934711
0.014998098838780591,-0.011163616278561411,0.0018301115464028806,0.007861725044257764,0.3106155678302907,-1.3475314847669193,-2.5923538156727317,2.4671345021741424
0.014990597441574905,-0.011180738212364389,0.0018597752386599995,0.007861469619639022,0.3118089314191707,-1.367876783407413,-2.5820575335110854,2.490782307688414
0.014991363000384084,-0.011198067131486385,0.0018831510167370803,0.007846354136488846,0.31067396165730243,-1.3825641879178319,-2.5652945013819175,2.50158460646371
0.014982950578713888,-0.011213118966262548,0.001910656235125954,0.00784891964822357,0.3122539647171882,-1.4015762637583198,-2.55717956517229,2.5249574776139805
0.014982608718835035,-0.011230198322926944,0.0019343879252141365,0.007835587042462585,0.31145093366068805,-1.4165322173233388,-2.541199001078478,2.536915586020958
0.014979916235827631,-0.011249649397613961,0.0019631680152619635,0.007824195002119455,0.3113282408195159,-1.4350230470799066,-2.5244665751183857,2.5539060029028438
0.014957969878782444,-0.011302330865193971,0.00205318536620755,0.007817255548484751,0.3140130961280267,-1.4950846644568418,-2.488031976425915,2.622138156409972
0.014959016584957227,-0.011321973881943618,0.0020786478863406045,0.00779831784714565,0.3127061545653624,-1.5102775013656409,-2.4678809857170108,2.6323348028786735
0.014976826486896085,-0.011271194705498363,0.001995006158088113,0.007811484453106878,0.31110260127576567,-1.455380157447747,-2.5058121992225377,2.572628646921162
0.014973436816843988,-0.011290958835117302,0.0020245482527439258,0.007800518565239621,0.31084022789186855,-1.4742388261563388,-2.4888904164117367,2.5904017653627243
0.015029415970962821,-0.011166065109780196,0.001809314230883293,0.007805072215381077,0.3033871235382572,-1.3285259331336647,-2.566715872256577,2.4211859431000025
0.015040851062950817,-0.011140174568297983,0.0017650439340143077,0.007804752507660529,0.3017286441199722,-1.2980446964740129,-2.5813742519089096,2.3857057132216597
0.015066883164442308,-0.011116806952005271,0.0017137208291902707,0.0077766064080261,0.29681757446031276,-1.2604187989216513,-2.5820966363307867,2.3306942798310186
0.015082443131699048,-0.011042393243893441,0.0015997789227308447,0.007801600189193001,0.2956247150616816,-1.1831498604949073,-2.6329436355122353,2.2525370250836563
0.015085308255577334,-0.011093904057561867,0.0016690857529596224,0.007760935426851874,0.29358050017262877,-1.2283261897415079,-2.587545427644144,2.287430033560223
0.015100392037602052,-0.011069778357569993,0.001625440466458801,0.007751490246524071,0.2910931783111847,-1.197304633808981,-2.5960277804914096,2.24810546724057
0.01447183249620107,-0.012396469904303199,0.0038650999368106155,0.007212508599156123,0.3204581894260569,-2.4648454112027482,-1.314190513475448,3.6619266174549163
0.014535504660184231,-0.012280762563514612,0.0036734339962422253,0.007305190947774072,0.3226006840559335,-2.387608336977157,-1.468914464479068,3.5796303223902792
0.01452707548685117,-0.012297803370943794,0.0037005936666370566,0.007291049517277696,0.32216608095647475,-2.3986991926048025,-1.446656152782887,3.590872859528061
0.014480900653523096,-0.012383172760409714,0.0038407065685477602,0.007221604263719399,0.3204544453684204,-2.454758956425781,-1.3326639172658437,3.6499386399918587
0.014488746188693476,-0.012368087371803338,0.003816634009489624,0.007234699697042339,0.32087487152773947,-2.4456063552852965,-1.352969290355708,3.6406630179824577
0.014494708260045683,-0.012352539733221857,0.00379489008611894,0.007250629712539611,0.321699720108449,-2.4381327117007783,-1.373393880440304,3.6348228500600546
0.01449866662470938,-0.012337485927137546,0.0037764073843310963,0.00726816875072714,0.32300066583943665,-2.4325380075707304,-1.3928067789629515,3.6323271200169125
0.014518308132113996,-0.012312618139353781,0.00372622439885126,0.007280383592805689,0.3220939849305369,-2.4096190311626056,-1.4269899095689318,3.6031021429953216
0.014508686058023783,-0.012326009606353237,0.0037518430401447824,0.0072726953857585735,0.32231138128465014,-2.4210532975020844,-1.4088270092127966,3.617130697131525
0.014553090481420842,-0.012268733032995702,0.003637361189657753,0.007300075447960149,0.32031476650781104,-2.3679043702067073,-1.4858357296903764,3.5498138004307678
0.01460119149136134,-0.012184243344644083,0.0034922797188379428,0.007356984688373251,0.32047706786880253,-2.302508209742023,-1.5931949311161022,3.47691502478215
0.014565116353313695,-0.012253897518916033,0.0036069145323360846,0.0073058955905136655,0.31961116580480725,-2.3532121395415984,-1.5053192340118142,3.5308854268981023
0.014592115603247269,-0.012199193507413155,0.0035188929341085154,0.0073481247919858625,0.3205818103734375,-2.3150540707884204,-1.5744612116775782,3.4914031888639765
0.014580637039931638,-0.012217294914978142,0.0035517450569387205,0.00733775917982224,0.3208590258063702,-2.3304983648184927,-1.5515882953643243,3.5095422251967383
0.01457354411579815,-0.012238176501182398,0.0035807843370087747,0.007317404735952929,0.319782097337649,-2.341798979328924,-1.5253933679484633,3.5185969022668213
0.014609142929797697,-0.012155516034223704,0.0034540978159275475,0.007386238421058078,0.3221953020849961,-2.2874915962157285,-1.6286969554602442,3.466161069486144
0.014610797028348933,-0.012172073240468748,0.0034675014674948783,0.007361075725689373,0.3197832485489582,-2.2899600862841507,-1.608385610313712,3.4608524253173747
0.01462567421324771,-0.012143245723923743,0.003419593145843581,0.007380771170936526,0.3200618240703527,-2.267686654305542,-1.6437859600377396,3.436796236226287
0.014640659451906702,-0.01212825469140295,0.003384720719621323,0.007380864034220689,0.31856518998076866,-2.2487198663409456,-1.6618283106322174,3.4106881968518077
0.014654034456951771,-0.012111143418016276,0.003350036019559605,0.007385718126121147,0.3176228290736582,-2.230587497882176,-1.6821595716372115,3.3875022394009364
0.014697586304037408,-0.012012141718201808,0.0031932241986656067,0.007455512772549644,0.3187837729838589,-2.155287761881438,-1.7980757409619754,3.310451859444489
0.014705449413850064,-0.011995681791410681,0.003166039297462835,0.007465501339701729,0.31883385352137145,-2.141518211213499,-1.8168041251366507,3.295639780443422
0.01466986902548334,-0.012094867660174834,0.003312917055779047,0.007385746493292713,0.3160285247954732,-2.21010348817629,-1.701053525723465,3.359540546449526
0.014678855004288638,-0.012059130728187624,0.003265509014751394,0.007420603306593895,0.3179595569189337,-2.1899377881416844,-1.7434719363316182,3.344537801505758
0.014683778892975447,-0.012077981672648773,0.0032778318164420556,0.007388917122683079,0.3148413212398399,-2.191270514690179,-1.7203897913971917,3.33508440119538
0.014692796656879637,-0.01204435670128108,0.0032323454397648736,0.007420442648198774,0.3164365596386825,-2.171359676822561,-1.7599003971893183,3.3193977556367913
0.014709543966711348,-0.012034290559392515,0.003200416732656959,0.00740998632343825,0.3141036389708424,-2.151534371086061,-1.770186389142541,3.2889927979176186
0.014722224994804033,-0.011949302321690475,0.0030958371690366273,0.007500283432819378,0.3198546460661786,-2.1069746467337045,-1.869692059902603,3.26244296916945
0.014719502831691413,-0.011963685090427058,0.003114554452003662,0.007486066785844744,0.319010409409418,-2.115436125609697,-1.8529658177260468,3.2684063610263157
0.014713137060919488,-0.011979819387619677,0.0031396359617552245,0.007474758157121712,0.3187555575768917,-2.1279601385251055,-1.8346916753760951,3.2809201482723735
0.013740176338722909,-0.013360526256754672,0.005530144214321413,0.00615489861149781,0.285989116949875,-2.7773643503927414,0.2622459727935882,4.025447197227802
0.013729696098344199,-0.013372153097878049,0.005549278077314603,0.00613764967742817,0.285360871304229,-2.77565328927647,0.2833535099260957,4.023637371015233
0.013719242863807575,-0.01338384571261642,0.005568237691636089,0.006120134411887541,0.2846814766838826,-2.7736993638949023,0.3044316727623742,4.021470174632625
0.013708735727357285,-0.013395568680517582,0.005587170194774401,0.006102451045117912,0.28394265123163837,-2.771574871058453,0.3255513473664571,4.019098121049929
0.01375624745749482,-0.013364476018954304,0.00550041073240599,0.006140910494970799,0.2825759200634963,-2.7650901734772293,0.24689825776010507,3.998306236035512
0.013766995801743507,-0.013353104129304759,0.005480730806269777,0.006157260117883122,0.2831825049662837,-2.7661618494445506,0.22584232358857936,3.9990170343453895
0.014478073147974746,-0.012417622687898214,0.0038724218896943707,0.00717303407239274,0.3162541898072894,-2.4597892536459383,-1.2897237125703598,3.6422565498446278
0.01446918123302003,-0.012438521216529165,0.003902134264822787,0.00715190528622604,0.31510882980777705,-2.4695887676937303,-1.2620422496571584,3.6503285470492925
0.014456745312381792,-0.012453072489664173,0.003932212205837993,0.0071443209987574205,0.31563519974535703,-2.4824576358788266,-1.240972575635331,3.667153259740697
0.01444827410672158,-0.012482985646857157,0.003967616006282807,0.007108298371215824,0.3131032371082055,-2.4912799398294965,-1.2022608781639443,3.6696377260377555
0.014461943410376717,-0.012471304967939438,0.00393801126975779,0.007110437233656044,0.31202434790300565,-2.4775814288836178,-1.2204204213270609,3.6498152084337003
0.014384287536180533,-0.012594334635744315,0.004145322593073788,0.007005653641102653,0.30953936653455943,-2.5497218099702934,-1.0464851178074477,3.729554523584181
0.014393265645116754,-0.012564161904247863,0.00411091087353073,0.007043605791733917,0.31226507354702676,-2.5432084073041,-1.085900516704352,3.7298916373445876
0.014405458692501311,-0.012551272969878208,0.0040828970415104195,0.007050485743709616,0.3117475228226739,-2.531955744827186,-1.1058674241148145,3.7145793776620306
0.014398135750954215,-0.012581925949037407,0.0041152246812308215,0.0070103258131656585,0.30870184450282073,-2.537150497485453,-1.0667294265219185,3.7114755777035753
0.014437432234054347,-0.012496362278810437,0.003994136712659096,0.007100099697370329,0.31335704946353315,-2.5020244952644206,-1.182752860366752,3.6833662643478315
0.014425388518128142,-0.012509015283337714,0.004021965507357298,0.007094177177239275,0.3139456053300851,-2.513789492068345,-1.1636076301443905,3.6993853503389276
0.01441670277262842,-0.012538416156188545,0.004056371799226851,0.0070581492662195105,0.3114265955490841,-2.521451888968531,-1.1253161705550088,3.700726747435351
0.014430643686934771,-0.012526568077596289,0.004026351948816106,0.007061029858056486,0.31040820053963586,-2.5080894779409673,-1.144355769166603,3.68129204561054
0.014373280224332754,-0.012609012955993433,0.004172389536693987,0.006994112729055756,0.3094785589616582,-2.5591355030072838,-1.024569488779382,3.7410267372221866
0.014390955360871843,-0.012609615350990406,0.004144771571307701,0.006974382822376886,0.3061665916939221,-2.5417888863235873,-1.0313812524393025,3.7090141427157173
0.014254001102902545,-0.012762005079681346,0.004457103915405797,0.006864901947558619,0.30834128653490517,-2.648677192817396,-0.7866862850105534,3.852000431022753
0.01425103602191442,-0.01277880366162779,0.004470850181916112,0.006839696450094684,0.3061038132667641,-2.6475383934487127,-0.7658395864514836,3.844499408420394
0.014360002294267047,-0.012626323592610008,0.004204693202118075,0.006980519894697923,0.30944484253036375,-2.5702338061323293,-0.9984800113524247,3.754710960079066
0.014350163060766901,-0.01264679731719209,0.004233321360652339,0.006957961279369312,0.3082682003432365,-2.5772696734407994,-0.9700915397807607,3.7599076504718583
0.014339540798438969,-0.012663183568274429,0.004260486745614064,0.006942526543704033,0.3077529333387497,-2.585340740061964,-0.9459838549770826,3.7686803609117354
0.014327679973684646,-0.012680419242628825,0.004290039532515058,0.006926729518592633,0.3073558340733414,-2.594205127908523,-0.9202271916165401,3.778752897334665
0.014316580633981932,-0.012700434849597243,0.004319820836101101,0.0069053743573763175,0.3063636555019767,-2.6015493798344544,-0.891558138881907,3.785216724101
0.014265665313489533,-0.01275025271344198,0.004431414273164752,0.006873309613852504,0.30801653007932456,-2.640291975008967,-0.8068652331761924,3.840168026710199
0.014307037254532721,-0.012715154404253333,0.004343836378580642,0.00689084298197801,0.3058292080668059,-2.6080663278038667,-0.8696745385860867,3.792145582939504
0.014283679318380677,-0.012740981708245658,0.004396579984842527,0.006871288880289942,0.3061015417548157,-2.6252327983693817,-0.8275463207969739,3.815218749135854
0.01429638837746859,-0.012728515519887218,0.00436879317132281,0.006879428899528718,0.305698981197676,-2.6156796178811192,-0.848716224491875,3.8016805479009084
0.013777757803809215,-0.013341518812421545,0.0054609136514299,0.006173855075353765,0.2838191926941081,-2.7671855973535844,0.2045924258486723,3.999760512727953
0.013788436517691542,-0.01332973611195086,0.0054411317413801735,0.006190707373137836,0.28449474073822106,-2.76820764279857,0.1832644933683368,4.000643854913856
0.013799037683574024,-0.013317772502320045,0.005421368854761307,0.006207785165191348,0.2851986813012473,-2.769211929537526,0.1618586765775246,4.001634922065343
0.013829482414976398,-0.013280724021731583,0.005363763128929525,0.0062609586478839544,0.28768291641606464,-2.772745801612464,0.09802252038369409,4.006603211156246
0.013819527430101687,-0.013293066067970738,0.00538274147819356,0.006243289196070722,0.28682880265729427,-2.7716268132890534,0.11912320293759593,4.00491859230095
0.013809496787553166,-0.013305552726712197,0.005401734094872319,0.006225258421513648,0.2859567281959828,-2.7702869406145556,0.14038048819721768,4.002920729582215
0.013845758178917854,-0.013283931884820405,0.005334286019798924,0.00624692208321491,0.2848455218604606,-2.7597735383931057,0.08295229553198151,3.97929128834584
0.0138567728464886,-0.013272628017538915,0.005313403727299049,0.006261845868633774,0.2853204267117429,-2.7592328527496766,0.061742911979385466,3.977757706927463
0.013877053784471833,-0.013247567492546134,0.0052742606761432,0.006296622824118726,0.28693069396068577,-2.7602714756979676,0.019136855309946812,3.9795249653890497
0.013867922003855962,-0.013260544735197477,0.005292109057025427,0.006277960999266312,0.2858818569634567,-2.75888325277583,0.03976141681824447,3.976757586559516
0.013928901124946595,-0.013188764489924246,0.005172783280091978,0.006373467620805235,0.2897882397610612,-2.7566370257611834,-0.0854386148714995,3.973495665563908
0.013918540567387975,-0.013201070753854438,0.00519335018212294,0.006357399626026712,0.2891342113850773,-2.7574091704737125,-0.0640660007980005,3.974504468426502
0.013886536060888272,-0.013235607226054727,0.005255756657937629,0.0063131282406156805,0.2876621460615944,-2.760646710579312,-0.0010506353188832944,3.9803245422519864
0.013897119146917977,-0.013224541257423304,0.005235261985778291,0.00632727566919336,0.2880950289050823,-2.7595502767350766,-0.021598624333600065,3.9782016935083067
0.013907936348326535,-0.013213041599081711,0.005214196576062918,0.006341927724346208,0.28856508425776933,-2.758360925966539,-0.042741158238515514,3.97603258431876
0.01393910216578839,-0.013176114929860533,0.0051523307672978235,0.006390099814031388,0.29051257037592887,-2.7559853513443575,-0.10696535113559913,3.972887034863518
0.014221120219991978,-0.012821255104363669,0.004542225499768995,0.006796153597223363,0.3046507169086538,-2.664492200275292,-0.6997610895094789,3.8633482537340167
0.014211718713917047,-0.012834771497801448,0.004564535356974008,0.0067818315886765896,0.30412117734872157,-2.6693904227897716,-0.6787014341196796,3.8686316437897887
0.014129031625101514,-0.012951084593364762,0.004755165542982381,0.006653336253179788,0.2991428824331445,-2.7052058152128633,-0.49464580946674036,3.9068230159995436
0.014136890644983025,-0.012937131218339304,0.004736279942089603,0.006671064316515588,0.30012088111884644,-2.703480995348458,-0.5153036912757606,3.906672009540866
0.014142897067417826,-0.012921916994119115,0.004719940542439884,0.006692365695512717,0.3017486143250593,-2.7036382915357797,-0.5359686840765823,3.9105347640225063
0.01420168706513717,-0.012847950800578593,0.004587653440674782,0.006768472952332246,0.30375452441534273,-2.674772967731045,-0.6575545903818726,3.875030865313066
0.014190792434724462,-0.012859662492652666,0.004611484694140856,0.006758187807865898,0.30369791507613314,-2.6811923793284262,-0.6373754312627429,3.8839001112283777
0.014179253977660063,-0.01286982620822472,0.004635674668595324,0.006750931164335626,0.3041432557102999,-2.6885152874195053,-0.6183307985997781,3.8949881649994125
0.014173283286728733,-0.012884604382865497,0.004652326928440642,0.006730845349086706,0.3026373615805575,-2.6892055072227645,-0.5980598662061857,3.8923982268409945
0.014164746855486264,-0.012898628490609215,0.004672887101311912,0.006714122470481909,0.3018530728314866,-2.6922445726911484,-0.5768472827121388,3.894580401479185
0.014154670392089461,-0.01291155457746404,0.004695512186194773,0.006700419966498947,0.30136631141303477,-2.696833751770576,-0.5556955785416465,3.9000898470246135
0.013949057043631008,-0.01316288240131361,0.00513209251919684,0.0064077810734728706,0.29132547197702374,-2.7556421057930787,-0.12879219437455636,3.9730777124198666
0.0139573244994049,-0.013149186431471515,0.005114650888712855,0.0064272060991681845,0.2925090483668407,-2.756631421519294,-0.1494465340522851,3.976127783164248
0.014100449564506776,-0.012991521066666963,0.004819193837486114,0.006605734785156177,0.2970709474848281,-2.714147340997654,-0.43032958098215074,3.9154673141862726
0.013972544151504517,-0.013149906398191098,0.0050875796949209195,0.006416331545978485,0.2900215279521012,-2.7446153773544153,-0.16328528200480233,3.95200041381361
0.013982935419244103,-0.01314067147375575,0.00506717867117898,0.0064261650266961125,0.2900328493338109,-2.7413942643389073,-0.18166375239515267,3.946419445561847
0.013994601432317478,-0.013129884645841888,0.0050441325108870295,0.006437793404464873,0.2901000346323133,-2.737826342212598,-0.20261325192999594,3.9404161422444557
0.01400556435548614,-0.013117914525749516,0.005021996712885061,0.00645181202264417,0.2904875348595936,-2.735212875294415,-0.22398394209307734,3.9365596987046394
0.014025836723803314,-0.01309267747983199,0.004980042346238858,0.006482769160362793,0.29170798331382036,-2.7313557602476988,-0.26640232593868657,3.9320865999979233
0.014015881693360738,-0.01310543418928241,0.005000787825502544,0.006467000888860451,0.2910543962456153,-2.7331676416552093,-0.245226730846323,3.9340138051378752
0.014089570151085445,-0.013002985440707085,0.0048419878312294514,0.006594090271275082,0.29686193403183353,-2.718710980645153,-0.40984281327443167,3.9220307457699657
0.014077539643603285,-0.013012586971216617,0.004866127653264538,0.0065864045472823944,0.2973072680699649,-2.724851039737111,-0.39022231189807416,3.932094586256608
0.014071046277573097,-0.013026922588554085,0.004882027183535714,0.006566155738873866,0.29580797051955704,-2.724200295213699,-0.37030751103470333,3.9282558865356614
0.014061216770890042,-0.013039256712206196,0.004903011598217656,0.006551755638970938,0.2953333749561539,-2.726997788854499,-0.3496759014171897,3.9315804084456256
0.014050974154217893,-0.01304900966730784,0.0049238757202328684,0.0065420422474899275,0.29532028790949283,-2.7311152451756344,-0.33122820793737956,3.938004841916217
0.01403602921430745,-0.013079665732396344,0.004958697732922303,0.006498671851106038,0.29237411414954817,-2.7292866122757053,-0.28802932124275454,3.929813026014252
0.014047330801781418,-0.013064899331221791,0.004934801955185328,0.006516714020240183,0.2931268481513201,-2.7269243252801934,-0.312326170992374,3.9273512455978112
0.014119422961666442,-0.012996189362143695,0.004787954629686206,0.006583067958285915,0.29305814118794055,-2.696180540396472,-0.4403865037868961,3.8801158082092093
0.014128660472155663,-0.012982088455990462,0.004767130036101903,0.006600194761232871,0.2938930278680915,-2.6937973213673385,-0.462008021285865,3.8784282422826983
0.014138190094499565,-0.012968161373787729,0.004745734188769412,0.006616639522135494,0.29464249124737013,-2.690894157353117,-0.4836954705925169,3.8758413169874957
0.014239990297618762,-0.012824119797256688,0.0045119784164567335,0.006774269345343566,0.3007541786782029,-2.6463853719012866,-0.7084095206522275,3.82862484581052
0.014248661278243147,-0.012810566375693867,0.004490887221045777,0.006788975132891136,0.30139232837731855,-2.64193182546162,-0.7287546364296152,3.8243156112550776
0.014259003291430936,-0.012798144050230957,0.004467486779145372,0.006800106052797468,0.30153635632980885,-2.6354693397189872,-0.7488231347061894,3.816025265895925
0.013052107945002958,-0.01396038345265327,0.006600556768477828,0.0050867181509694995,0.2521486585170555,-2.475318859282316,1.4692502318242344,3.7386409972659744
0.013066931743815756,-0.013966726064748866,0.006569018599298351,0.00507888661948129,0.2475793033890659,-2.4693023086954518,1.4513631369363627,3.7185136035885686
0.013064534716697497,-0.013950775489717907,0.006584524822113761,0.005107453619028915,0.25385487673953366,-2.484668011292752,1.4498624797897621,3.748295108642498
0.013039651051762193,-0.01396995232761314,0.006616507351789737,0.005065953478963303,0.2515656088353533,-2.4658032216777093,1.4884845966549323,3.728951544677406
0.013054417078176048,-0.01397629344004244,0.006585042248682321,0.005058303898959432,0.2472122387129604,-2.459980827845607,1.4705041634933063,3.7089597331093636
0.013027164159111645,-0.01397948202078988,0.006632374718395964,0.005045162246285676,0.2522703291685337,-2.4561454744564486,1.507558630682766,3.7191719321044094
0.013041886862720129,-0.013985803193645195,0.00660098951317658,0.0050377032348127545,0.24651127811147247,-2.450561423348138,1.4895824414247227,3.6992874263307933
0.013014647389398242,-0.013988972438811073,0.006648170882082932,0.005024328845043063,0.2533091876519504,-2.446379800030657,1.5265246889880568,3.7092224505457474
0.013029359402256626,-0.01399529028441375,0.006616805774889681,0.005017029624388547,0.24553975027745248,-2.441009425597843,1.5085996046435615,3.689422899000594
0.013113938152874599,-0.01391195464954183,0.006519813454767429,0.005189806454705892,0.2574739824904765,-2.520743429727599,1.372007818439356,3.786037684984342
0.01312877817702846,-0.013917953175288362,0.0064886225212831055,0.005181607292920509,0.2504836261652397,-2.5143968966326438,1.3546252923869684,3.765302183021106
0.01310163308438039,-0.01392171801763934,0.006536059109825329,0.0051693315393548465,0.25869342883360996,-2.511857380301105,1.3914271416916166,3.7768837365120764
0.013116474713070758,-0.013927747627598103,0.006504846321058762,0.005161226688372049,0.24933913546733652,-2.5056692835674763,1.3741032100156865,3.7562322203311815
0.013089297407978533,-0.013931442677320518,0.006552260510323474,0.005148780051305632,0.25826411554119116,-2.502904089724441,1.4108788875345295,3.767489421287626
0.013104166919425562,-0.013937555004190865,0.0065209292670695565,0.005140711928604231,0.24837999501410524,-2.4967629370838194,1.393520604471635,3.746928105407807
0.013076931244923862,-0.013941128533048788,0.006568421038705916,0.005128147385929848,0.2561839873137223,-2.493853951496304,1.4303779778365897,3.7579259574482937
0.013091819309342478,-0.013947347024221806,0.0065369480029278506,0.005120107569503232,0.2479139111803401,-2.4877078930808625,1.4128722742662445,3.737491166623442
0.013079405844865631,-0.013957078364073151,0.006552975442011658,0.005099486439796953,0.24774997869003504,-2.478545827343298,1.4321542216693752,3.728013676000123
0.013143879624244738,-0.013924276051864836,0.0064574142945746675,0.0051732522520862865,0.24958312029640514,-2.5088271981500347,1.3312650946890658,3.746081831407809
0.013202178109976719,-0.013858443849448225,0.006389513229897102,0.00530270064044147,0.25384975588729924,-2.5641581252941754,1.2367301200533365,3.816543159868704
0.013199206474818056,-0.013842535352014634,0.006404107247001196,0.005331928798963767,0.26198637429941124,-2.5793156604667673,1.2333999736714603,3.846404689488333
0.013156272008474154,-0.013914561698668863,0.006440869766973161,0.005193192699310865,0.25014526090607264,-2.517138361881008,1.3117138273401203,3.7544965208820567
0.013168648214587584,-0.013904763221696542,0.006424266028372441,0.005213163982845734,0.2507807212641475,-2.5253621395258645,1.2920838379973854,3.7628505163538155
0.013180969989838755,-0.01389486775289968,0.00640767799491494,0.005233183877765848,0.2514466209189599,-2.5335113529343527,1.2724280084459065,3.771189138527998
0.013193229673414858,-0.013884887589075148,0.006391110516516036,0.005253230277783605,0.25212644123751726,-2.5415763445788415,1.252757245896252,3.7794965517287573
0.013205436999650275,-0.013874828559200475,0.006374541242020269,0.0052732951314054186,0.2528098854929501,-2.549552494079331,1.233057179176816,3.787756071448753
0.013211262343301559,-0.01383246580708731,0.006387315347610948,0.005352032968497496,0.2633058514244742,-2.5870811876961217,1.2132389601677467,3.854640033211963
0.013214293010120087,-0.013848334437585992,0.006372820049335239,0.0053227989152016255,0.25433314164983306,-2.572086330016847,1.2168953822882747,3.8247268983682043
0.013223286523398868,-0.01382235843270555,0.006370458343928753,0.005372086654116758,0.26495550395598305,-2.594716438156777,1.1930393524420786,3.8627852505054356
0.013226377082355136,-0.013838164890453718,0.006356073380087118,0.005342884122369956,0.2547608941001788,-2.579901813612078,1.1969810318905016,3.8328116796816194
0.01327106398830183,-0.013781552642028794,0.006302484242429167,0.00545167387997889,0.2661388582603176,-2.6242618497664227,1.1123848261769205,3.893803424552877
0.013286126661303304,-0.01378687137479788,0.006271669373943353,0.005442307089816831,0.25866793656161663,-2.6168516907659654,1.096589027369591,3.8713271573974404
0.013235278896327097,-0.013812213328629513,0.006353544237024908,0.005392080414808156,0.26630615689905845,-2.6022374862804707,1.1728470397806374,3.8708129210884574
0.013238414553031382,-0.013827939829252156,0.006339297947092739,0.00536294760790348,0.2552143698639639,-2.587597687739376,1.1769921253266773,3.840809509009588
0.013247239343570827,-0.013802030595032832,0.006336579640688119,0.005412006563961946,0.26679483615791266,-2.6096647861467246,1.1526889600097836,3.878674477219858
0.0132503960382375,-0.01381768140362299,0.006322498774855168,0.005382950510216335,0.2558611008679161,-2.5951544899364563,1.1569470554621069,3.848699389188423
0.013259167746885672,-0.01379181033250085,0.006319562230614137,0.005431867988299833,0.26655345787316437,-2.617008889575769,1.1325499784777495,3.886337580315621
0.013274235383854386,-0.013797148169704856,0.006288712169673653,0.005422628618538984,0.2577256976678642,-2.609779734551872,1.116744071155223,3.8639773290152433
0.013262330354022736,-0.013807414513627582,0.006305648351143159,0.005402849448779863,0.2567375403145728,-2.602550832530648,1.1368618949372242,3.8564336878785865
0.01331335885619664,-0.013782086920029699,0.0062237623687269985,0.005452411784758966,0.25865614883043136,-2.6161509346228864,1.0540774907472317,3.857381511627185
0.013301426587816701,-0.01379239187863085,0.006240967962986253,0.005432992829667708,0.2580344250004543,-2.6093971771651243,1.074240536327024,3.850461898435593
0.013521744418334451,-0.01358884965959721,0.005905734312228031,0.00579529688087737,0.27124728337440235,-2.716686950688469,0.6846552328056519,3.9618479080777953
0.013566579657051901,-0.0135443476156141,0.005832406548730019,0.005868982041887491,0.27418116906694273,-2.7331401697100826,0.6009756929879461,3.97896037120995
0.013555520877001572,-0.013555495720678249,0.0058506516038091165,0.005850681268233412,0.2735626816110746,-2.729211062921648,0.6218006965178694,3.97482437786266
0.013544417098019195,-0.013566715991127317,0.005868833116059881,0.005832127638184244,0.2728131190732496,-2.72506812348489,0.6426537606420669,3.9704050341837065
0.013533129889532793,-0.013577842004892149,0.0058872435067582945,0.005813658160339123,0.2719868838222132,-2.720900121258857,0.6636424740747758,3.966100844098158
0.013582449749936833,-0.013549184109509291,0.005801948926988175,0.005856329170143819,0.2709066757941601,-2.7224884128595748,0.5835927162680604,3.9534910663804284
0.013593775133067048,-0.01353842382854138,0.005783067071250674,0.005873531663045024,0.2714977816593897,-2.725679908816343,0.5627801446830437,3.9563399146383147
0.013605180685993127,-0.013527462080271127,0.0057639567616157095,0.0058909507666150855,0.2721030161088982,-2.7288088999642235,0.5417124527121039,3.95915944201746
0.013616530986243222,-0.013516219101408546,0.005744876272181915,0.005908766742830752,0.27276209854883654,-2.7319954125068566,0.5205061548002955,3.9622213730606233
0.013698139875633406,-0.013407271456643223,0.0056061411588698646,0.006084705919610601,0.2831748881086853,-2.7693342906768468,0.3467263168641095,4.016633081387133
0.01368745946055018,-0.013418920712417707,0.005625145269399234,0.006066957204045053,0.28238554228774526,-2.7669995199357307,0.3679299682947476,4.014115256534326
0.013622342397580397,-0.01348822612309721,0.005738470662321886,0.005959090996409758,0.27788402397638606,-2.750177798226273,0.49521954944857977,3.996196047447128
0.013633354384158082,-0.013476674467666165,0.005719610826639201,0.005977356059808013,0.27867701244957405,-2.753356323827791,0.4739192268262662,3.999579112602658
0.013676705953376465,-0.013430505264920041,0.005644163578878993,0.006049220407399529,0.2816027498394304,-2.7645718494172056,0.38914682521603217,4.011545671688065
0.013665903479473787,-0.013442033852018568,0.005663151891528598,0.006031469563486678,0.2808488710848151,-2.762032232518538,0.41035137899963864,4.008882508665267
0.013655086039051531,-0.013453543463134286,0.005682044196643435,0.006013624557688836,0.2801394829510777,-2.7593333532084334,0.43152419768320277,4.006030087914069
0.013644255128222914,-0.013465089588161233,0.005700830041706256,0.005995582156107499,0.279430008639931,-2.756432676219831,0.45269028181085885,4.002907373542874
0.013627827331443137,-0.013504739287775071,0.005725807125608441,0.0059268976612852275,0.2734666609588597,-2.7352036002360567,0.4991772667804182,3.9654563372299365
0.013341759466093658,-0.013719226219359807,0.006198588100030655,0.005569521153538509,0.271919892799644,-2.664877560521624,0.9899346427932496,3.936018114624449
0.013356812150893979,-0.013724233108018222,0.006168166525109218,0.00555959687478763,0.263109501688278,-2.656724039339808,0.9744084932193395,3.912946180128887
0.013330058657620065,-0.01372970633385655,0.006216014009783277,0.005550065187294503,0.274010590465593,-2.658399893962301,1.010264656742993,3.929299800335988
0.013345178848163863,-0.013734739578343357,0.006185467323393431,0.005540220410556607,0.26116321331325837,-2.6504236793279734,0.9948776256742494,3.906261253953158
0.013318324985389799,-0.013740149634885988,0.0062334507557496805,0.005530473642195103,0.2701985988720256,-2.651877628798194,1.0307777168015202,3.9222777819707986
0.013333536048225883,-0.013745302801007157,0.006202624774528599,0.005520629396318428,0.26042261571904946,-2.6439144011744804,1.0153328664031414,3.8993099634816883
0.01332176973965373,-0.013755806481747705,0.006219886701107387,0.005501032844994229,0.2605961986225882,-2.637300927063066,1.0357510581494773,3.892409243070169
0.013442204164435735,-0.013665922744514857,0.006031163304481034,0.005663088989128872,0.26633177693799137,-2.6821694049543314,0.8297614352216144,3.925428808966069
0.013430760776589846,-0.01367675699280068,0.0060487466151279414,0.00564403535555185,0.26560122391825475,-2.676719264983145,0.8502497138677151,3.9196693144031944
0.013419236240258469,-0.013687557224573937,0.006066355930769333,0.005624928051316715,0.2648348164262772,-2.6711509620760303,0.8707636725695013,3.9138165574829595
0.013407576311037256,-0.013698293281262602,0.006084102061234011,0.005605825401456459,0.26402855246019646,-2.6655033784554756,0.8913701499990644,3.9079682634507917
0.013395763828235416,-0.013708903892068991,0.006102040816797326,0.005586838357085336,0.26320129193054503,-2.659829501059976,0.912076343140059,3.902235194645263
0.013383847896646138,-0.013719310403973633,0.0061201160820896485,0.005568105247761693,0.2624269586761177,-2.654179471928412,0.9327929671917943,3.896694903381747
0.013371977475261927,-0.013729510660291622,0.006138060094005538,0.005549620923593124,0.26188924285050447,-2.6485165007624407,0.9533150335473831,3.8912150865680437
0.013458127254405162,-0.013671702870925598,0.005999741091918532,0.005650736598848043,0.2628237013097549,-2.672433116632806,0.8110076062213628,3.9004690137538556
0.013469520929182346,-0.013660784465417825,0.005982197266311211,0.005669637566824203,0.26354739146257855,-2.6776420704625505,0.7906364437766006,3.9059935133915844
0.01352613352857557,-0.01360486297592455,0.005893496834378716,0.005764780684899808,0.26736367539509986,-2.702297437307959,0.6876022752224474,3.932639576559215
0.01351491440241053,-0.013616010136920209,0.005911329143192459,0.005746056251010608,0.2665984531539402,-2.6977037929249033,0.7081885421115118,3.9277120513086072
0.013503744274849424,-0.013627343879823145,0.0059288833366900355,0.005726853054601956,0.2657907726910392,-2.6927715150709735,0.7287356008231923,3.922222039224408
0.013492409507755971,-0.013638630078019342,0.005946615784167144,0.005707638949793001,0.2650154715726518,-2.687764670507759,0.749406431547209,3.9167510956646248
0.01348096754753135,-0.013649778796917944,0.005964448461073858,0.005688568735968561,0.2642721178804703,-2.6827318265631774,0.7700856138790012,3.91137366071267
0.013325350087014758,-0.013771731045229404,0.006206335951965152,0.005471801540995935,0.25936210037158275,-2.6227696911387426,1.0337424179221333,3.86411421895443
0.012862160483752987,-0.014099760647311358,0.006832811427675906,0.004770192775774264,0.24675008854639988,-2.320388010453458,1.7500640048947218,3.5792296998605013
0.012849266508138673,-0.01410873220903958,0.006847775054572634,0.004748687143294844,0.24532779158793735,-2.309159218496279,1.7682900964790604,3.567593554289379
0.012863786691503523,-0.014115681117417045,0.00681602584619754,0.004742694477050834,0.2384586447262502,-2.3054214042188934,1.74972692672643,3.5493691674295214
0.012913452405312716,-0.014063470817168192,0.006772346442208689,0.0048556542312625465,0.24781217999646668,-2.3641768511219783,1.676790428816956,3.6245554813324943
0.012927935160477551,-0.014070171473183277,0.006740927723787996,0.00484913899181269,0.24133049481610938,-2.3599221295060633,1.658506261571169,3.605688651171407
0.012926203763119731,-0.014054297909219785,0.006757065180529122,0.004876896843286317,0.24779446705165223,-2.374893808529506,1.6582931790939404,3.6354892979482023
0.012900672279216817,-0.014072603630183415,0.00678755008827745,0.0048343788883459275,0.24867751992806872,-2.353363380979678,1.6951668192706826,3.613498348058444
0.012915147110046639,-0.014079311455593269,0.006756139722388637,0.004828009702918019,0.24054774855092506,-2.3492975159452985,1.6768932444559148,3.5947351960942022
0.012887863498982957,-0.014081696266412034,0.006802689247124113,0.004813052397172739,0.24927646110267423,-2.3424687303252867,1.7134774237867276,3.6022530207202528
0.0129023597058291,-0.014088438247610883,0.0067712164963209505,0.0048067969263288985,0.23965021082031143,-2.33852951203836,1.6952035277218547,3.5835895403399856
0.012875026190632998,-0.014090748636029148,0.0068177768792680215,0.004791656330402859,0.24858892448849543,-2.331485450529972,1.7317754423853886,3.590809246397107
0.012876703515784314,-0.014106649893976107,0.006801097911270172,0.004764103275220199,0.23863003994522283,-2.316567975647445,1.7316136254591614,3.5608425326702036
0.012889556082026285,-0.014097558231571878,0.0067861789468187965,0.00478548624487021,0.23895799382912242,-2.3276135619384495,1.7134400965896737,3.572269516302289
0.01294072087299175,-0.01406098800147122,0.006725608184889973,0.004870233683171576,0.24184023157089937,-2.3704309542784547,1.640036193408308,3.616498817534447
0.01293892622972893,-0.014045084994930427,0.006741705820957528,0.004898107266435357,0.24874805245576112,-2.3854901940410755,1.6396678067211756,3.6463471299108092
0.012953491443123487,-0.01405173733520951,0.006710219160270013,0.004891330567239025,0.24222029095923656,-2.3808491718911604,1.6214767942978836,3.627225387090846
0.012951619681256434,-0.014035832164153966,0.006726278995326356,0.004919270655190743,0.24973266677809877,-2.395952298490103,1.6209487172976882,3.6571128219429094
0.013002100865175385,-0.01399842348874068,0.0066639126380517435,0.005003431096776703,0.2533460379067597,-2.4365223394932305,1.5454578424575376,3.6990616793306828
0.013016825954432246,-0.014004777155855705,0.006632489682219724,0.004996245148408732,0.24463127264267062,-2.431302559768886,1.5275616934546263,3.679347969211823
0.012964283993995941,-0.01402653950718722,0.00671079030553049,0.004940379210967345,0.2502137451530014,-2.4062823404318068,1.602162535621072,3.6677538500936158
0.01296623543450734,-0.014042428460525865,0.0066947718455156015,0.004912411334840837,0.24269497427499598,-2.3911721744749985,1.6028349072293715,3.637869207124105
0.012989524709198896,-0.014007835078080092,0.006679603882866318,0.004982463714179688,0.25218111793930204,-2.4265632687393497,1.5643932221110763,3.688725520877257
0.013004256359787207,-0.01401425379635554,0.006648098224411872,0.00497536134396315,0.2440382249082442,-2.4214489525658744,1.546472659923382,3.669118348167277
0.01297691904442294,-0.014017207114769163,0.006695233181726733,0.004961441861616942,0.25086228530168253,-2.416485617510868,1.5833075996976718,3.678281861620965
0.012991629323866945,-0.014023692527454293,0.006663687168894933,0.0049544196533996025,0.24366318258108013,-2.4114712283403077,1.5653283384316714,3.6587976201902968
0.012978950150996265,-0.01403308085520647,0.006679256848361448,0.004933440744403327,0.24323502223332868,-2.401380689382297,1.5841181344526591,3.64839288006224
0.012836344393790975,-0.01411766323049986,0.006862655674542609,0.004727156803716412,0.2454122761171497,-2.297809194063634,1.7864046539346488,3.555904475067124
0.012850830423465251,-0.014124646050474504,0.006830927082417071,0.0047212763352248,0.23803668970991557,-2.2941803737888455,1.7677620950984314,3.537826351666005
0.01281041626989777,-0.01413540329229132,0.006892220884233754,0.004683945338068258,0.2445988809723774,-2.2747772213425868,1.8223808344169372,3.5321097619961663
0.012797410521339082,-0.014144212153727343,0.006906911484130351,0.004662255613773674,0.24315819960939422,-2.263070774803628,1.840271085741878,3.520039011614383
0.012811844269857315,-0.014151343916559861,0.006875100608438577,0.004656682409725857,0.2366387829553678,-2.2597512834826357,1.8213879326525448,3.502371666760173
0.012823394270911457,-0.014126553621484204,0.006877465707140362,0.004705583829306135,0.24569668125336083,-2.2863518949650854,1.8044216740097612,3.544086809730406
0.01283786511846452,-0.014133574234079897,0.00684572629250992,0.004699811273281048,0.2373549744322854,-2.282822509626658,1.7857060948768952,3.5261354327409573
0.01282488007073483,-0.014142481682316988,0.0068604268415438365,0.00467827053939605,0.23685233097236733,-2.2713389359166545,1.8035743859625522,3.514292051258326
-0.005033730973549848,-0.00942019662218831,9.662919402038936E-4,-0.008276976231841423,0.3819698203715047,-0.6074688801599385,2.52834053234258,1.4458701044929887
-0.0050319341514908815,-0.009435799924780783,9.402846449528807E-4,-0.008279971242127027,0.3779431437550235,-0.5908108763692261,2.5319251016279885,1.4272190953093002
-0.005018908224445476,-0.009426368235577642,9.513688384466238E-4,-0.008261032012174728,0.3689160974066259,-0.6057923622101463,2.5155112439164573,1.4352210318660346
-0.005064025718534267,-0.009202404931867789,0.0013292549020025295,-0.008226490100374129,0.4400006916744424,-0.8398880350766916,2.4690262430173187,1.7100170659862792
-0.0050514593158204595,-0.009192417303717601,0.0013392804855023746,-0.008206488492472436,0.4294761365414094,-0.8539515656329417,2.450617002205241,1.7165429050891874
-0.005066555924529232,-0.009186901264173677,0.001355095028453536,-0.008222272959532885,0.44348803574727275,-0.8565593929617372,2.4640323243885276,1.7289065508594728
-0.005053961833305787,-0.009176846789786926,0.0013650639316881714,-0.008202118362062085,0.4333491885108551,-0.8705551965585681,2.445440727268832,1.735472524646662
-0.005069134851839915,-0.009171405472706819,0.0013809482199297896,-0.008217970243237038,0.44590596960471124,-0.8733459452138109,2.458929996294717,1.7478917715816262
-0.005071762475906216,-0.009155917713659412,0.0014067988048615193,-0.00821358443981983,0.44792300134491336,-0.8901492150462472,2.4537373407920735,1.7669827457142102
-0.0050565526970422865,-0.00916125920028672,0.0013908867898677778,-0.008197699808595848,0.43741881602538113,-0.8871138538123217,2.4402023651032554,1.7544214460412977
-0.005074438771579878,-0.009140438143537986,0.0014326251440814695,-0.008209119210107432,0.4505237866041556,-0.9068695278636083,2.448466123788895,1.786143324511525
-0.00505924217754158,-0.009145678311399306,0.0014167198733968966,-0.00819325396504726,0.4414591500406419,-0.9036169160903657,2.4349195378088297,1.773364700520329
-0.005077163713119264,-0.009124966919156603,0.0014584178523458391,-0.00820457626603413,0.45402156757449147,-0.9234634406763251,2.443110862117358,1.8053142408292704
-0.005062010844011211,-0.009130125830600218,0.0014425238985991166,-0.008188768596274423,0.44525314234118035,-0.9200808722949759,2.429575231103969,1.7922842830798082
-0.005088549402048353,-0.009063168625695948,0.0015613267858107169,-0.008185616400021193,0.4716817001267582,-0.9890988579843185,2.4206590057087096,1.8814923909327517
-0.005076350793977272,-0.00905283763994232,0.0015707135546914306,-0.00816501555103412,0.4611974023088236,-1.0024545354186511,2.401133984691814,1.886731196829093
-0.005085630146507709,-0.009078604893063716,0.0015356327477549592,-0.008190475548366608,0.4669051717181297,-0.9726971163979431,2.426437172249071,1.8625340470508078
-0.005073451205382739,-0.009068274283055231,0.001545142138587339,-0.008169999521708477,0.45823167252861335,-0.9859334308050492,2.4071193457451305,1.8678151211502663
-0.005082759427831131,-0.009094050136367162,0.0015099206364067436,-0.008195254510424048,0.46221818614214777,-0.9563373801626328,2.4320995283405713,1.8435233029543099
-0.0050705610827133886,-0.009083702040846462,0.001519561989312913,-0.008174851013196536,0.45527526354895415,-0.9694418550474894,2.41293932193317,1.848926609975029
-0.005079937274184246,-0.009109504197630083,0.0014841820702657545,-0.008199954828412256,0.45796890023126546,-0.9399424559046471,2.4376570633749157,1.8244482386110208
-0.0050676830321853775,-0.009099142887432595,0.0014939435223022734,-0.008179583088211269,0.4521329670278063,-0.9529782675765793,2.418604507467325,1.8300516170221106
-0.005064829692127309,-0.009114614064465667,0.0014682676753686177,-0.008184217280938148,0.4487879028658835,-0.9365292429044082,2.4241426868227354,1.8111760818791376
-0.005063745218315636,-0.009042456563532463,0.0015798155658177384,-0.008144578498421083,0.4592532223198135,-1.0097756803852123,2.383749529308007,1.8859175054399893
-0.005079564755478983,-0.008964903053707979,0.0017077424948498423,-0.008118365601404423,0.47467388579157016,-1.091670215819834,2.3521108516042264,1.9801788318719102
-0.005067006549271127,-0.008954159198367744,0.001716413235226156,-0.008096995453334787,0.4695416745498835,-1.1006127677357223,2.3332699541973407,1.980301918251387
-0.005076192695029835,-0.008980308883389491,0.0016822541311274052,-0.008123590057123231,0.47153715956682957,-1.0753714190235522,2.3585068896098433,1.9613087158422429
-0.0050727955453275745,-0.008995774328877519,0.0016566341790893232,-0.008128676039301048,0.46842083919962857,-1.058996846432261,2.364753892463431,1.9423260698765041
-0.005069563038247416,-0.009011334909735496,0.001630937570596692,-0.008133867035916632,0.4653874648040359,-1.0425563213822269,2.371047295699014,1.9233682769546603
-0.005066566824948829,-0.009026926285950344,0.0016052977776938391,-0.008139209441263534,0.4623634798012954,-1.0261251465145727,2.3774152287071395,1.9045555675304904
-0.005255509461164883,-0.008240813880064531,0.0028646664245999803,-0.007727564833512126,0.538000258814627,-1.8111632041872292,1.8765393309008267,2.7938100884161527
-0.005268226876047894,-0.008210329261651267,0.0029154755105547177,-0.0077098626418596735,0.5390719537160712,-1.8406315272529248,1.8522389113489375,2.8293111782795504
-0.0052613490218912685,-0.008225202948850539,0.00289000588027444,-0.00771782581339473,0.5382663637580393,-1.8258526151320407,1.8637316252918656,2.811052801682651
-0.0052370312845084685,-0.008242859604082086,0.002843043812863726,-0.0077090810349606095,0.5302643787445639,-1.797713899314849,1.8659689369856325,2.7654023995646875
-0.005196504666260182,-0.00846362279329026,0.002519164290163663,-0.007877111717932402,0.5353978437416583,-1.6048043286912996,2.058542664336338,2.5651041227380578
-0.005191592318885116,-0.008478939305168071,0.0024940762014350327,-0.007885253007835187,0.5341721963533929,-1.5894508627616615,2.0690615049924728,2.547121253172987
-0.0052118807278268954,-0.008418878359997283,0.002593123606356214,-0.007853647522289326,0.5389793184090909,-1.6498364034270188,2.0276051407003095,2.6184245602470657
-0.00520687362417965,-0.008433572941404614,0.00256891638742118,-0.007861546114063622,0.5379089789313839,-1.635127082017091,2.037978708151403,2.6010687950306646
-0.005201709414757077,-0.008448477800145808,0.0025442403869687115,-0.007869315342344045,0.5367035069664787,-1.6201059293006443,2.048253866629383,2.583253731923073
-0.005208649513379814,-0.0083768005277063,0.0026453488984863115,-0.007810168088175691,0.5334695196155946,-1.6817135144639053,1.9831975615727704,2.6431892644426047
-0.00520447204582146,-0.008392104935968417,0.002621422740622909,-0.00781996439664213,0.5330404390993372,-1.667345172658525,1.9951773486696525,2.6270872919178108
-0.0052007264859991525,-0.00840690340523157,0.0025984940685902865,-0.007829632439774819,0.5326899467911791,-1.6535186663697392,2.0068417897467015,2.6117732912663563
-0.005231620377705202,-0.00825816698547602,0.0028186140530873124,-0.007718763009379473,0.5299818041620111,-1.7835822765355809,1.878372520347714,2.7490117214726606
-0.005226664263674492,-0.00827356671873928,0.0027944666641976337,-0.007728894316777385,0.5298219139052281,-1.7695761278886162,1.891022515329287,2.733077790215061
-0.005213383103841787,-0.008361241855520925,0.002670066943611937,-0.0078006116150708725,0.534044795081904,-1.6965021165826297,1.9712274001287218,2.660085121708482
-0.005218796392925831,-0.008345482747725374,0.002695638288374141,-0.007791476188528018,0.5347772268063102,-1.7117458805620573,1.9593927723147677,2.6779158789355217
-0.005225638866577878,-0.008330842085034249,0.0027211238230937774,-0.0077849006740548865,0.5362690946578045,-1.7269018923377033,1.949581539743612,2.696909750380318
-0.005222357544850435,-0.00828918140266075,0.0027706305220319555,-0.007739816189402163,0.5298837285379517,-1.7557116461432336,1.904197783922914,2.7177878244250766
-0.005219432911432267,-0.008304598242159523,0.0027483332319400973,-0.00775194025476601,0.5304553915125939,-1.7427180551055865,1.9180139518572432,2.704407183485831
-0.0052170214170429875,-0.008318437097623,0.002728440422293125,-0.0077629440719184884,0.5310027805420112,-1.7310663914305846,1.9304636424803863,2.692537402984709
-0.0051713314677333914,-0.008497566247224163,0.002450858054361979,-0.007878434576014127,0.5258616719420174,-1.5638342153540312,2.0696218609857446,2.506855194367843
-0.005166636920252859,-0.008512606134239176,0.0024263626117669176,-0.007886230230469858,0.5245281128595741,-1.5488189721976104,2.079584262438074,2.4893074394037646
-0.005174906072245249,-0.008482168963704502,0.002474787880587007,-0.007868885556282094,0.5265650224598254,-1.5785294459181107,2.0582315944736105,2.523119014137251
-0.005101261341867,-0.008798627354180275,0.0019703582151620897,-0.008035441715811262,0.4958047431179559,-1.2623833341876347,2.258784056305491,2.166048923437866
-0.005097177891946572,-0.008814338442539892,0.0019444578094662067,-0.008041595627863904,0.4931926031706437,-1.2460156399230256,2.26648439048985,2.146931868326798
-0.005159744068579784,-0.008526926162875587,0.002400903636581553,-0.007890722478855743,0.5220305830221177,-1.5333696641025012,2.0868756921978915,2.46953476959196
-0.005154908041591081,-0.008542641208657246,0.0023752995425111063,-0.007898651574180878,0.5205486094441606,-1.5176404352875095,2.0969726345707573,2.4511538438782523
-0.00515123382650937,-0.008558254933743806,0.002350770590846103,-0.007907682161815942,0.519469556181912,-1.5024514700829574,2.1077851767600646,2.4341659384556675
-0.005148054953157072,-0.008573372722941694,0.002327272358621476,-0.007916720328008565,0.5185336333987517,-1.4878289076583557,2.1184243348509497,2.418050299262345
-0.00511421369426535,-0.00875314618800638,0.0020459649614454224,-0.00801810233690105,0.5034557757422813,-1.3099491867341548,2.236548601634578,2.2222685191973377
-0.005105633405663547,-0.008783204376718217,0.0019960087640728454,-0.008029681625856074,0.49847526466055214,-1.278529269016622,2.251396317919575,2.185141100863257
-0.005110009173311778,-0.008768110187605187,0.0020211567030801857,-0.008024016153007865,0.5010476579676518,-1.294336600632166,2.2440843408176465,2.2038763159842873
-0.0051436271434701555,-0.0085879034966715,0.0023034850779790647,-0.00792368152495067,0.5169110075347677,-1.4731132083356882,2.1273181910395285,2.400793376945574
-0.0051385015566815994,-0.008602525020512584,0.002278964370400699,-0.007929774585328703,0.5148711486887755,-1.4580074703989567,2.135527407086158,2.3825988793510677
-0.0051331551002248635,-0.008617504325799216,0.002253740525127629,-0.007935763941602593,0.5127265150291428,-1.4424405837898508,2.143676766741352,2.36374985969119
-0.0051275378291553405,-0.008633096971154714,0.0022274220369926825,-0.00794178856778619,0.5103258558713425,-1.4262096531680415,2.1519386720357905,2.3440557697118813
-0.0051231854742039605,-0.00864936531153585,0.002201130579101093,-0.007949666120458177,0.5085006656684358,-1.4098237189320397,2.1616780720981073,2.325156857177246
-0.005119344275344182,-0.008665380964285955,0.0021755438029711183,-0.007957777477996315,0.5067880492362992,-1.3938036442402042,2.1714718901042698,2.306956541649326
-0.00511611849397021,-0.00868120504948816,0.002150645413614419,-0.007966301062469656,0.5052866422020482,-1.3781247622112949,2.181479586384148,2.289511303130593
-0.005113660882432951,-0.008696675707277458,0.0021267699098881337,-0.00797529880808776,0.5040553350132003,-1.3629721621521804,2.19172516949541,2.273110724572199
-0.005102421658386487,-0.008741784674597316,0.0020537476690684897,-0.007995937561948894,0.4981064293477569,-1.3170452174169878,2.2170042118591478,2.2202983917897416
-0.005105697679352342,-0.008726817267459806,0.002077681460830594,-0.007988698605519177,0.4999372377356344,-1.332173526341819,2.208367486096875,2.237405963867269
-0.005109829457172632,-0.008711813289860286,0.002102262588410354,-0.007982294724722326,0.5021054826382275,-1.3475761790773435,2.200312446365747,2.25538629667749
-0.005070207216614597,-0.008938713658963973,0.0017416679440969754,-0.008091303131552709,0.4723883185780302,-1.1167404141658286,2.326429111514605,1.998789073422217
-0.0050735814001856986,-0.008923183484289866,0.0017671232343051313,-0.008085618042189735,0.4752575993259432,-1.132966363903449,2.3195367197316377,2.0174723631654174
-0.005084060447270344,-0.008876825367787564,0.0018431684237138221,-0.008068259691286874,0.4835754589774745,-1.1813771695291218,2.2983588490132694,2.0733586105988455
-0.005080524893103317,-0.008892150057341326,0.0018180170047862635,-0.008074058127690591,0.48086413020204927,-1.1653772796790332,2.305457650082937,2.0548614724430823
-0.005077017511189447,-0.008907624805402805,0.0017926266381046677,-0.008079842249990336,0.47809231870535135,-1.1492164667578109,2.3125196814977826,2.0361994955282046
-0.0050797082797344965,-0.008818463978599004,0.0019263426910338616,-0.008023912107182644,0.4848756135451044,-1.2372621855304924,2.2533376736366377,2.1256090216384034
-0.005076577370756555,-0.008834640612986396,0.0019005193380417613,-0.008031300899783149,0.48260535292021395,-1.2208199184289077,2.261992595092926,2.1071334052052637
-0.005073929514073088,-0.008850573862801641,0.001875322235579671,-0.008038935681105447,0.48049072206601745,-1.2046915648543373,2.2707499575210837,2.0892788532794735
-0.005071573072688692,-0.008865967925947417,0.0018510538794345736,-0.008046403687773216,0.4784676009499256,-1.1891072659268949,2.2792385340751973,2.072135038419425
0.005327727221717452,-0.00806467281178366,-0.003153787734101691,-0.00761522267236923,0.5389132896386758,-1.9752273768796969,-1.7251415771012006,2.9887131851506106
0.0053216030285700286,-0.008079346553617769,-0.0031298955500631957,-0.007625265204119407,0.5392353516901265,-1.9620144566510012,-1.7386239850514629,2.9731256634434122
0.005317517722931065,-0.008051366180533133,-0.0031572992126326083,-0.007588937479841151,0.5320905682421783,-1.9750518931384924,-1.7039982927288364,2.977145014673699
0.005309225467292599,-0.008036265902038743,-0.0031648284208292965,-0.00756273992375464,0.5256535417403229,-1.9771968672560785,-1.682028719219929,2.9692865785091764
0.005313399159670863,-0.00800559437616961,-0.0032037262810107035,-0.007531769563699828,0.52115945267073,-1.996840675429546,-1.6489884831013055,2.9861758287592575
0.005302262134836918,-0.008019276121081637,-0.003175750636674268,-0.007535827275753777,0.5194908938132564,-1.981074899929091,-1.6588919741487083,2.963964210697666
0.005964481957980491,-0.006710828777370794,-0.0050191161544668045,-0.006161739213554139,0.263984307072012,-2.537499665046553,-0.10944288757041824,3.5287863073199968
0.005960502640904443,-0.006680434432666425,-0.005018138663030257,-0.006110787789049104,0.25482085642795316,-2.5186651860276705,-0.08928243851145849,3.4916427291545338
0.005939348223953271,-0.006735452744135927,-0.004973484002068508,-0.006190459577766932,0.27087704982308675,-2.5313700154658076,-0.147601790661446,3.5194809898665187
0.0058979110382329095,-0.00677499208945274,-0.004897809766108646,-0.006234762534906367,0.2819802851240519,-2.518938965959816,-0.20907386724538904,3.5005155350090225
0.005909918087293236,-0.006749362538630038,-0.004923068206000194,-0.00619934164824322,0.27417599379237056,-2.5159188839404476,-0.17989448027354465,3.492311418465607
0.005870129109860921,-0.006777222907413491,-0.004852961410752326,-0.006224929199475336,0.28150434819402625,-2.4984794605957195,-0.22963449430595867,3.4633648168825006
0.0056655964926008925,-0.007177106803760074,-0.004375695637459328,-0.006724470019394067,0.3872255291081448,-2.454742409465649,-0.7131643359764307,3.461576736237634
0.005641301243241369,-0.007184255523327636,-0.004335169852396021,-0.006717795874505173,0.3856507458418046,-2.4338603399496375,-0.7279797030989672,3.425544638283445
0.005732566800673169,-0.00698411480904253,-0.004569655828178299,-0.006473725402714047,0.3351761149513164,-2.466079964444422,-0.4911100863235381,3.43674885023276
0.005858777651382669,-0.00682699352740826,-0.0048216218003160095,-0.006298318629712835,0.2959065069801521,-2.5116873677008837,-0.27876613040447734,3.4935104403287127
0.0058427043203186195,-0.006850341202736317,-0.004789250656708892,-0.006327036609538134,0.3024770105927956,-2.508741849692191,-0.3090381863466509,3.4913354251649666
0.005749822314453329,-0.006952493665332882,-0.004608753209024193,-0.006435218648365579,0.3269910839262052,-2.4704863025226174,-0.45303231885356293,3.4387112742718915
0.005768555936983545,-0.0069214179176432,-0.004649331765954393,-0.006397882926062848,0.31912990777720956,-2.4754315898373966,-0.41488102835901425,3.4421641574151445
0.005813697977397382,-0.006862984828016635,-0.004739568758530543,-0.006331561437144208,0.3046008997056801,-2.490437709716946,-0.33761425809601187,3.4599642984744965
0.005789932928397023,-0.006892955382410664,-0.0046925595588008925,-0.00636555337892264,0.3121096464217113,-2.482650558152127,-0.377686290998056,3.4505052729925345
0.005849892429198905,-0.006797541194528283,-0.004815657406007755,-0.00624716492145913,0.28689904548164447,-2.4918354996875602,-0.25954315292206637,3.4536613833217378
0.005666765178813185,-0.007150650017357138,-0.004391620168137316,-0.00668522745887222,0.37891633969395855,-2.450810685808704,-0.6844976802937869,3.447201433499164
0.005678056003905402,-0.007128130039294978,-0.004420380180101033,-0.006658909570663611,0.3733979928752973,-2.4563168350938973,-0.6571432337124569,3.451390389842939
0.005674939504652758,-0.007101538327244384,-0.00442891794770282,-0.0066164168027846556,0.36469685931803714,-2.4477313713463604,-0.6306851909446333,3.42914864656248
0.005670338009682478,-0.007067288197825909,-0.004438366348105015,-0.006561547088455727,0.35359624596008565,-2.435708520772122,-0.5978988128381721,3.399565204934106
0.005668857415431363,-0.007038073412715756,-0.00444951710535483,-0.006516527831571193,0.34447705776034737,-2.427231966913969,-0.5697737088296311,3.3780094805801975
0.005697032697734627,-0.006983086331167604,-0.004515742574477645,-0.006450724061143856,0.331126091456226,-2.436016354192851,-0.5058073773222702,3.3825161324759203
0.005685299823072852,-0.007014332312540357,-0.004484811833459608,-0.006490940020656117,0.33927297012531166,-2.4349415825865077,-0.5403530275765124,3.3868023070156634
0.005432721543722823,-0.00774406779453142,-0.00361948521623898,-0.007330812777896794,0.5024781031160758,-2.2058604581948527,-1.3850947234261468,3.230766121217927
0.005426942155566964,-0.0077741994842558315,-0.0035831174442643274,-0.007364263964196723,0.5085734552323019,-2.191063106672057,-1.420206677433035,3.2197183115016195
0.0054152094588207815,-0.007788188555268447,-0.003554394368836818,-0.007370583681226906,0.5081679011565382,-2.1759639378485574,-1.4336076101230892,3.1985171276575364
0.005420339246463138,-0.007757345401127178,-0.00359076096542785,-0.007335886732872517,0.5018394973859093,-2.1906764450453284,-1.3977858413578819,3.2088771316937215
0.005468307024641145,-0.007687355615339605,-0.0037192987885407403,-0.007290525113437098,0.49839992189536936,-2.25413808109029,-1.32422333897001,3.2924007272125153
0.005467515702591177,-0.00767119881734435,-0.003732877929902563,-0.0072680783361162935,0.49345811935879,-2.257411571137356,-1.3042272080243706,3.2899091569967767
0.0054503513828775595,-0.007699270040860292,-0.003684450244102093,-0.007289034214615701,0.4960081260130483,-2.2345574528874814,-1.3349057229346286,3.2610839280961845
0.005431954484937344,-0.007713603301709209,-0.0036469713567887055,-0.007290159312490954,0.4939520993807725,-2.2140742252635612,-1.3479981929649167,3.229379139955384
0.005425358550629793,-0.007728687349936267,-0.003624325789983155,-0.007303523730443908,0.4959878710426554,-2.2038880574063486,-1.364516740665955,3.218072440798829
0.005469397272374378,-0.007645990506143012,-0.0037578444939743863,-0.007235911128564353,0.4870027767951595,-2.264893248115878,-1.273825187682594,3.2909463951731395
0.0054735180972867205,-0.007628840146832712,-0.003778421827396455,-0.007216575202781744,0.4832251865082809,-2.2723400244236314,-1.2536577290729378,3.2963537242153396
0.005457830317328678,-0.007657049950687326,-0.0037325035923532726,-0.007239848400822313,0.48655578415782036,-2.251785261176106,-1.2851951371418557,3.271576554110037
0.005488562448496828,-0.007595527079489762,-0.003827497545237223,-0.0071851303284864105,0.4780173726832226,-2.292554498993732,-1.2153659587114864,3.3182758216327106
0.005469320431028098,-0.0076089983020319295,-0.0037897934632737623,-0.007185732563945653,0.4763790052973664,-2.272381885606243,-1.2291165603544802,3.2865167127513395
0.00562611006310452,-0.007209715324981619,-0.004298230644871227,-0.006744841975697607,0.39118105080965415,-2.4241069366041796,-0.759346126239209,3.4149619344079776
0.005551870107859014,-0.007483575716732811,-0.0040066091469554066,-0.007085524549193618,0.4614599812340266,-2.365938482589366,-1.083441776721848,3.405270358701063
0.005551344917941766,-0.007463223896872259,-0.004021359382119793,-0.007055970004667471,0.45496920650139916,-2.366701730819863,-1.0590703206272787,3.3980667009384407
0.00550781079728113,-0.007563016517010875,-0.0038812208200763383,-0.007157926725609038,0.47395072120958887,-2.3156485158295754,-1.1779174087821096,3.3464402818627055
0.005484582630501864,-0.0075757912329816254,-0.0038385679820040937,-0.007154385881299287,0.47117979457271303,-2.2921806780455225,-1.1911535748088105,3.3080631817201778
0.005532103914280281,-0.007493817727276496,-0.003970605829603454,-0.007082671482776792,0.459589104327692,-2.3463699612628326,-1.0957709830508353,3.3730396818571733
0.005513943010293467,-0.007523515976542716,-0.003921740854769189,-0.007108376512891999,0.4639227486922349,-2.326477742294573,-1.130747012969155,3.348719482070694
0.005515952303156798,-0.007505892359939181,-0.00393845444670329,-0.007085457689085381,0.45898936254101647,-2.3301701726608766,-1.1098313179523256,3.347903216842237
0.005496103340763313,-0.007536362376068515,-0.0038866316450655246,-0.007110357528031685,0.46285259513869087,-2.3084062806594727,-1.145080004912671,3.3204854659526792
0.005587253635451328,-0.007397125741460827,-0.00412151442432484,-0.006991089128535959,0.4426766025586673,-2.4024650897086484,-0.9783754010569105,3.438113008004827
0.005577028446574819,-0.007413904571154931,-0.0040946695197185135,-0.007006908577353595,0.4458773289128115,-2.3926913701271544,-0.9990790126915539,3.4264787591824133
0.005560336195418665,-0.007425083966425333,-0.004062459332296305,-0.007008929606758454,0.4454287518136207,-2.3766232043379527,-1.0135122658788427,3.401049945599706
0.00554025837224891,-0.0074448422039189235,-0.004019227005706755,-0.007020167333409087,0.44667598972618733,-2.357083023074404,-1.0376932156398928,3.372613155977057
0.0055790727655350685,-0.007370327705633132,-0.004128218392985883,-0.006945229238534628,0.4325900211456667,-2.3942801810414056,-0.9479134452035004,3.4128566520238164
0.0055638127437207295,-0.00734619308734972,-0.004122360774189295,-0.006897814223835556,0.42164191575719984,-2.379458789016735,-0.92200860534975,3.3768880263134307
0.0056092990649036015,-0.007266506093463331,-0.004239814251377121,-0.00681664486303244,0.40601757447678694,-2.4158351091302595,-0.8253382474395196,3.4170686403633836
0.005599298336059464,-0.007233618363821429,-0.004244694870162657,-0.006760562774145655,0.39374794845157607,-2.403149784575019,-0.7913844440553267,3.383858826368131
0.005586211607322284,-0.00728932740456381,-0.004191732245328566,-0.006832543878966077,0.40861595757996355,-2.3967500860443285,-0.8550063843387389,3.3894546943069828
0.00556553188698767,-0.007316815700444919,-0.00414411843785853,-0.006856566915610213,0.4129474517441754,-2.3797595436723618,-0.888792003348084,3.367375040940466
0.005404851491736427,-0.007801614226482113,-0.003527995149446983,-0.007377393816811058,0.5080709315073074,-2.1621682904520685,-1.4465239542433788,3.1795770241479757
0.005355776493021109,-0.007918141583001921,-0.003348265199234681,-0.007472308598553094,0.5185472157852099,-2.073306729908259,-1.567123126611959,3.07877262026387
0.005350350305433647,-0.007901427822774245,-0.0033591663963984026,-0.007446420326439767,0.5126468415840667,-2.0763111090138433,-1.5450557722679263,3.0732369107277218
0.005344255463246491,-0.007946119317597228,-0.0033046775929012127,-0.007494032924267932,0.5204890924737916,-2.0508977323078024,-1.5949404814102002,3.053137022932885
0.005340376555097334,-0.007929320465100824,-0.0033178855416208896,-0.007469857352023156,0.5152089085486504,-2.05565534360662,-1.5734469746056072,3.050788604231162
0.005321972510214237,-0.007991057269516147,-0.003229675127600072,-0.007523863901254695,0.5214643499685137,-2.0110245647415,-1.6365738194512771,3.004465492226259
0.005333549607180498,-0.007976810277032,-0.0032588287605358306,-0.007519303417782844,0.523036398621374,-2.027310771121129,-1.625777559987004,3.0273727546548845
0.005327525285863809,-0.007959171269283735,-0.0032707652766198023,-0.007492131779424288,0.5168857914298206,-2.0312553010823584,-1.6023358310928615,3.022411481824456
0.005305327176509474,-0.00799109336824792,-0.003210213911179155,-0.007506445081888076,0.5151224336772393,-1.998026126387875,-1.628334605165913,2.9776674401971257
0.005391918203955093,-0.007814832652374582,-0.003498545865417334,-0.007381209482986906,0.506891556768965,-2.146152398108224,-1.4581002548622248,3.1561445526092213
0.005378044158944359,-0.007829262307953723,-0.0034667733703418256,-0.007385449791051434,0.5055933320513349,-2.128907232065522,-1.4705015835978852,3.1310527103307506
0.005355157953160749,-0.00787526974294146,-0.0033919967471317453,-0.007419384742938644,0.5084404413157078,-2.0914502743017214,-1.516284210866602,3.086101953558374
0.00535892048331859,-0.00786087467537703,-0.0034112688694016573,-0.007405488989810287,0.5064111495899266,-2.1004689859260393,-1.500820677225757,3.0947047753493284
0.0053668156890898785,-0.007844862368985786,-0.003437179661325573,-0.007393628153236599,0.5054295366297743,-2.1134219596458705,-1.4849219346418234,3.110208553123528
0.0053434577582709575,-0.007884889220478364,-0.0033678510472838767,-0.0074192637441281685,0.5064476280011291,-2.077757806126748,-1.522878666368342,3.065065547467922
0.00516684921086023,-0.008612608934770895,-0.0022880558643257544,-0.007971114096867947,0.5292165017606788,-1.46002967579584,-2.1694919940692894,2.407468895765476
0.005154357700751941,-0.008658125424745594,-0.002213359966181675,-0.007993055688256609,0.5238399731501403,-1.413129834011915,-2.197088679277636,2.352976462001958
0.0051585045202006295,-0.008643004310146552,-0.0022382171550926425,-0.007985907674536904,0.5257393854721313,-1.4287606434681719,-2.1880890792715397,2.3711638631948726
0.005162644020955018,-0.00862783826866456,-0.002263088484509625,-0.007978570990501527,0.5275381286142734,-1.4443787470783136,-2.1788742490428015,2.389295092026287
0.005120890441347849,-0.00872227384123747,-0.002095558082647466,-0.008003109829650835,0.5071546071582032,-1.3414685249569034,-2.2185935600200994,2.2578741172345818
0.005125606186811383,-0.008707246135627086,-0.0021207298895173786,-0.007997322688525717,0.5095951503457082,-1.3572084976268404,-2.2109729306185346,2.2766885953014953
0.005138374128684674,-0.008661907878024228,-0.002195369875204829,-0.00797729245402161,0.5157463332356872,-1.4040280391010553,-2.185614015402951,2.331486834444505
0.0051301062652468225,-0.008692197192557873,-0.0021457419144398156,-0.00799112483887497,0.5118451057183115,-1.3728758867040527,-2.2029673685628186,2.2952412058236997
0.005134226222208209,-0.008677001112253427,-0.0021706385291178497,-0.007984224418302358,0.5138240087432315,-1.3885150211946158,-2.1943211049690983,2.3134322166143773
0.0052179229501425105,-0.008446298814644187,-0.00256206494090824,-0.007886058179873865,0.544516622587656,-1.629970784990059,-2.059740616101678,2.6064115919839423
0.005222810476967345,-0.008431418824523524,-0.002586588001784074,-0.007877946883678906,0.5456932472854444,-1.6449912394842452,-2.049125312435509,2.624043086031589
0.0052276068605615275,-0.008416469750451464,-0.0026110697487420026,-0.007869521579847848,0.5467457888287012,-1.659939416373705,-2.0382014241236956,2.641481887804478
0.005232394164488248,-0.008401419946350004,-0.002635623150465573,-0.007860844784584388,0.5476485471096119,-1.674879877368917,-2.027003635630351,2.658852362939742
0.005201595362908524,-0.00844924981487537,-0.0025431007307763053,-0.00786989163589359,0.5366651207110186,-1.619436844485736,-2.0488878598255202,2.5825438785737584
0.005196247116433226,-0.008464037737300195,-0.0025183706696711087,-0.007877190073325732,0.5352687794704827,-1.6043611266874027,-2.0587077350005853,2.564466061503055
0.005190934189114027,-0.008479104937576481,-0.0024932607164233653,-0.007884638010508732,0.5338257252342281,-1.589018960921914,-2.0686437111252673,2.5461403363591315
0.0051813674509288725,-0.008510022201374578,-0.0024427922154851094,-0.007901011600713688,0.5312463591675992,-1.5580115883063375,-2.089607948293224,2.5099811429542243
0.005185881043309399,-0.008494471406032907,-0.002467938001472407,-0.00789250637498203,0.5324424917673557,-1.5734962345121224,-2.078900205474509,2.5278352048819386
0.005164020371923356,-0.008570625276056504,-0.002344475209761173,-0.00793297080139971,0.5259629325187873,-1.4971338863903743,-2.129834933243503,2.4396373061485126
0.005168727600223712,-0.008555688037897597,-0.0023691493033270745,-0.007925813629744746,0.5276022209029573,-1.5124167493256937,-2.1205559039324395,2.4576625346991468
0.005172997641035346,-0.008540699960292247,-0.0023934790782847676,-0.007917960990219637,0.5289284329359972,-1.5275020877942167,-2.110673786215258,2.475096705400276
0.005177152399585386,-0.008525498045893374,-0.002417950891730095,-0.007909645039067792,0.5301304614265302,-1.5426583957845006,-2.100327355306692,2.492449506878096
0.005159146263394852,-0.008585746356376175,-0.0023193694686368485,-0.007939944534070391,0.5241573095793254,-1.4815737108738964,-2.1389527658004557,2.4211801418527314
0.005154613368980374,-0.008601131716962038,-0.0022941398248624892,-0.00794738965700681,0.5224428119502708,-1.465875826743483,-2.1484238136694205,2.40283885532914
0.005220234075165157,-0.008389377821027345,-0.0026399672606825936,-0.00783541364667429,0.5400077920510734,-1.6782702443009498,-2.004874539458209,2.650599924842567
0.005225016646676372,-0.00837394064097676,-0.002664772055700622,-0.00782612167094521,0.5406634159166442,-1.6932291184849342,-1.9930667626523793,2.667792810662356
0.005309004998698105,-0.008108716870732996,-0.0030815121311494886,-0.007644552713678026,0.5395165119681073,-1.9350024263701273,-1.7648832740074647,2.9408950238271454
0.00531513989306407,-0.008094094025666682,-0.0031054744550899484,-0.007634872695140166,0.5393609983454234,-1.948381379498855,-1.7518209754498828,2.956773728960606
0.00529436924515703,-0.008111765788788692,-0.0030616442579256197,-0.007631937405877071,0.5339669741667848,-1.922419015836589,-1.759519670514281,2.916450381074951
0.005287074603154169,-0.008123412047170877,-0.003039948942041839,-0.007636856211522783,0.5329315308549213,-1.9100287999726155,-1.7682073723143714,2.900029806620363
0.005279530783114492,-0.008137972305821055,-0.0030145478213773904,-0.007644593609838843,0.5322821627912807,-1.895626635456794,-1.7798365153245819,2.8818780596741487
0.005257570012731254,-0.008197495706727445,-0.0029198225312982123,-0.007684470819976599,0.5325363432669294,-1.8420438183360497,-1.8312183998776794,2.8198566731608796
0.005266495304704688,-0.008185046107449339,-0.002944337434042251,-0.007681105008740708,0.5345299606056748,-1.856337901864936,-1.8235010154787084,2.8395693418653956
0.0052688335915484,-0.008169385072822803,-0.0029656491910227626,-0.0076669103716782636,0.5329309526616343,-1.8681793426956013,-1.8078377921677722,2.850817068673455
0.0052731043633365655,-0.008153677917356555,-0.0029889723397582353,-0.007654648440677467,0.5322178688970265,-1.881212247809797,-1.793240995175519,2.8647934419592826
0.005220922000757501,-0.008286582624002716,-0.0027724390030814685,-0.007735602580049625,0.5289621154206757,-1.7566841331509024,-1.9005000111071346,2.7172723521086444
0.005227570142582883,-0.008271518998511392,-0.002797928455469088,-0.0077278309161456565,0.5299998153034932,-1.7715849933346306,-1.889556522882543,2.7355643327698207
0.005235124486066327,-0.00825728505866234,-0.0028232838661888565,-0.007721763803177441,0.5313806150883519,-1.786406889773566,-1.8799317920728449,2.754590777499718
0.0052436039731383905,-0.008244380457161266,-0.002847942604976607,-0.0077179618788555,0.5334348005915509,-1.8008756304842035,-1.8721517963911516,2.774179346170621
0.0052456244452005136,-0.008229531292237377,-0.0028682983329765886,-0.007704835629528524,0.5320797482267222,-1.8124735630269624,-1.8577054636802346,2.7852899370392765
0.005251085666770874,-0.008212757046223434,-0.002894476174709124,-0.007693377887996817,0.5321167358247374,-1.8274833688282237,-1.8434051989711133,2.8022935273031417
0.005201358373473261,-0.00828787152247673,-0.0027512644350911743,-0.007715134747438047,0.5204654609447533,-1.7439228198698267,-1.8878555913415125,2.6890317861042536
0.005212151376670069,-0.008361028884327677,-0.0026691567298822087,-0.007799006759785531,0.5335772882490638,-1.6958714028499708,-1.9701288923243585,2.6584025269068436
0.005204027096496057,-0.008332162384050261,-0.0026982599791735454,-0.007761812695012491,0.5268020965573226,-1.7131324630030171,-1.9348462737328018,2.665797995263842
0.005198981290477031,-0.008347521589534815,-0.0026737882029940446,-0.0077710695408815455,0.5262000031906487,-1.6986799088525226,-1.9465460390023228,2.6491012874490862
0.005195275415229004,-0.00830318351941091,-0.002726163323131445,-0.007723585158137057,0.5196167663660297,-1.72930300163869,-1.8991063011583584,2.6715272397782015
0.005189919275674252,-0.008318481620990083,-0.002701746011169476,-0.007732677531669697,0.5189949601709584,-1.715049465222698,-1.9106883738118043,2.6549169116540305
-0.0053451031633327505,-0.007894127843657011,0.0033603466917312623,-0.007432184852531818,0.5091723634209196,-2.0751565772782303,1.5343362240617415,3.0660058221445534
-0.0053296087816949046,-0.00792498294630178,0.0033095343274957144,-0.00745356270417472,0.5103939448676424,-2.0489556910473747,1.5636486035621322,3.0342005812427586
-0.005329471880612418,-0.007907231573729254,0.003327885572321045,-0.007432101284355756,0.506261834061688,-2.056802326582615,1.543042560665629,3.0379179083172407
-0.005281358656519394,-0.008182613000792517,0.00296318537882335,-0.0076949695931421355,0.5404269075381624,-1.868217566945219,1.8305170103372699,2.863551836107017
-0.005274779174497874,-0.00819608453806171,0.00293980184035175,-0.007702056095094231,0.5396799331537706,-1.8547186948868382,1.841027491947319,2.8466801852698644
-0.00527302680287494,-0.008170145164688176,0.0029692461316401238,-0.007672345320120601,0.5348193068036126,-1.8706503751507522,1.8113061189511561,2.8569156912416713
-0.005275282095207931,-0.008156469564728246,0.002988013286012753,-0.0076600640072316635,0.5335262499734826,-1.8810211821013663,1.797644925545302,2.8668874191703733
-0.005290712376532531,-0.008066644098391682,0.0031095064125864426,-0.007577510405298926,0.5241862187825211,-1.9462809804781058,1.7064582908905634,2.9288891578049028
-0.005287880776288528,-0.008085886446177517,0.0030843716414713338,-0.007596074706730178,0.5265812928238148,-1.9331276102018544,1.726544188392048,2.917011844351208
-0.005289921432331805,-0.0081063491104246,0.0030630175947907426,-0.007621083100931821,0.5310522169171646,-1.9225244685254395,1.750726315254804,2.9118462550046336
-0.005282843987315423,-0.0081244873972898,0.0030340306248941833,-0.00763342858281674,0.5312991748188395,-1.9063953862270555,1.7667922885260516,2.8930550175428666
-0.0052781820518333425,-0.008140933030451184,0.0030095821977309356,-0.007646354010521494,0.5321611460465249,-1.8928787323370955,1.7822431438900779,2.8785180389627683
-0.005312893761286301,-0.007952806306642739,0.003260266743931198,-0.007469440541718403,0.5101510762095199,-2.0227269369530245,1.5881645768527592,3.0004501776787875
-0.0053151393743585355,-0.007935258466083199,0.0032814891607173954,-0.007450970707667981,0.5070345689795539,-2.0327242121998514,1.569078624968233,3.0084687371090286
-0.005299533922875238,-0.007962396925773626,0.0032343569272494333,-0.007466942786507264,0.5069831057956197,-2.0077132816163354,1.592893774978185,2.976683454109838
-0.005297818632452741,-0.00797958882373747,0.003213937550383015,-0.007485243591289509,0.5099807785263738,-1.9980034595394025,1.6115766424130766,2.969170411823147
-0.005298582898908319,-0.00799584979209954,0.0031972138039840945,-0.007504916425120041,0.5136003087878751,-1.9903772298322537,1.6304349323988319,2.9655122025433327
-0.0052909065812150845,-0.008009885814453792,0.003173031418023242,-0.007513090380739779,0.5132861913733745,-1.9773458487718145,1.6424255654790454,2.949083067321918
-0.00528315179586282,-0.008027759684701501,0.003144487950794281,-0.007525417514985541,0.5137478452645641,-1.9621117317533752,1.6585198076426904,2.931070803140822
-0.005270795289015654,-0.008049329655746099,0.0031065489972519995,-0.007536848256341476,0.5129084610733505,-1.941307535151811,1.6760746322755973,2.904430876765239
-0.005405220085551023,-0.007702187571501189,0.0036224597168687013,-0.0072496152444515545,0.4823797153625417,-2.1936577257664918,1.327923289428868,3.183702969194371
-0.005445182189255811,-0.007621409404515396,0.0037466003159981436,-0.00718021532797996,0.4726987294315937,-2.24815442390781,1.2402069005405914,3.246529733478091
-0.0054337495280651765,-0.007648801842770733,0.003707611285697965,-0.007206204058404609,0.47688004943602896,-2.2320831930545357,1.2707437879620838,3.2295591018796648
-0.005411701242227303,-0.00767182218608571,0.00365819342604615,-0.007216024341024573,0.4762540350594167,-2.2071763210114423,1.2935769613916166,3.193697586282013
-0.005428855712940005,-0.007596506565995018,0.0037457828750906276,-0.007131964876462984,0.46123246053777445,-2.2383185858838694,1.2087195088139646,3.216117942438519
-0.005441900588360255,-0.007565876290034389,0.0037885881551301156,-0.007102468197793652,0.4563688711210271,-2.255115035440928,1.174862180131268,3.233689657911338
-0.005442768814847155,-0.00753246175674045,0.003816583348038255,-0.007058000419942457,0.44755162680013255,-2.260646895460571,1.1366222382009321,3.229525802271118
-0.005451235936684143,-0.00750447839674295,0.0038499622702200587,-0.00702721661427775,0.44192524745515976,-2.271454287786326,1.1053902672642755,3.237935417673546
-0.005387358170752818,-0.007743720483724587,0.0035611161830366484,-0.007286176774471354,0.48742527408461106,-2.1661231451249594,1.3722953056824483,3.1532893392679817
-0.005375554488034103,-0.007716347490060486,0.0035712370509551955,-0.0072398191735335155,0.47679931904378314,-2.164085212983952,1.3371873369371496,3.1344034290466825
-0.005337184494710959,-0.007872098910993308,0.0033732345265491156,-0.0073973474879515414,0.5013844724720299,-2.0780008693390895,1.5054793948510292,3.0571833813735307
-0.005337793172349324,-0.007847425987186974,0.003398786121055406,-0.007367779405650474,0.49577791386553577,-2.0884297345089275,1.4771230224008418,3.0622419916530372
-0.005344691901149589,-0.007821604052954362,0.003432801343310695,-0.007342768436676929,0.4921129768451475,-2.1039155114315364,1.4497093924180577,3.076963746358645
-0.005374250963108314,-0.007768781452485288,0.003520802721682394,-0.007305456928836523,0.48947923789323905,-2.1469971806258545,1.3978733038257682,3.130271069185486
-0.005359590217186202,-0.007795383220952969,0.003476858012123516,-0.0073247118214976115,0.49102121992123327,-2.125679251841067,1.4243203171288845,3.1040668077013693
-0.005617270906603424,-0.007247011197495508,0.00426338054865798,-0.006793790220473953,0.40130993048017055,-2.421047129708628,0.8020232740900078,3.4205864236646373
-0.005633202853472419,-0.007220354764056347,0.00430274078278936,-0.006765935894512967,0.39545202625263504,-2.432142560280416,0.7690600647799122,3.4328548444725118
-0.005650604393721665,-0.007202234666660749,0.004339149351666118,-0.006751547957195206,0.39295306079760495,-2.4453342455355296,0.7447229110330502,3.4515924688407607
-0.005658847779778086,-0.007176133930983273,0.004366018916564748,-0.006718152149910526,0.3856416760985399,-2.4484800887361757,0.7140882493010291,3.449881465336667
-0.005657654698257252,-0.007148802751975843,0.004378817923011077,-0.006676056390109932,0.37700363871291503,-2.442281808177546,0.6855046494207981,3.431344156640963
-0.005671537322814556,-0.007128006287902968,0.004410562794077339,-0.006654235732955299,0.3724070641710395,-2.4505194507151518,0.6591425840569373,3.4408470047168827
-0.0056835439676227815,-0.007108108737624704,0.0044387649547547505,-0.006632215559511679,0.3678306200090754,-2.456835220504889,0.6343629323085541,3.4473280988433137
-0.005698784597210062,-0.007067829729977013,0.0044813426721611515,-0.006580905241723036,0.3571619327188625,-2.4605499064223646,0.5876144874535935,3.4444881912033165
-0.005681522973480132,-0.007087928731162055,0.004445525505492131,-0.006600165871860027,0.3612676188398873,-2.450332122460638,0.614476363202056,3.430710382618657
-0.005991484350714553,-0.006533123721605348,0.005086743938068812,-0.005886718596393483,0.21387288611335983,-2.4599991009072384,-0.03593543895197227,3.3768646167581946
-0.005981575034612961,-0.006567356700817258,0.005067664117487081,-0.005937671307526282,0.22313391045260889,-2.4723869409810146,-0.006178511817569065,3.4006162732501486
-0.005786394400344015,-0.006950451047347557,0.004666486995553409,-0.0064535643419636095,0.32958204027025,-2.5006335993932427,0.4324355455020548,3.492862075785282
-0.005938012837359019,-0.006616036704144725,0.004992420076108548,-0.0059988857155577465,0.23662832120722066,-2.4692323908167357,0.05998552064960038,3.3967216511110014
-0.005949895968527716,-0.006579665431270939,0.005016107173920758,-0.005945865356435126,0.22668233282154943,-2.4582465999838865,0.026445099636841767,3.375028102929128
-0.005874748289567006,-0.006748984315717173,0.004867144452339427,-0.006182383571052685,0.2732205923712501,-2.489074795787728,0.20375259339869542,3.4431912460169265
-0.005904305857190516,-0.006707769267293973,0.004923008089690811,-0.006130419817464431,0.26196997487601964,-2.4914842026290986,0.15120533504728162,3.4437059600751314
-0.005881743976943316,-0.006724910601280174,0.004883654314219498,-0.0061475317390490385,0.266339519065277,-2.483047544495595,0.1799835049318407,3.4298648079698806
-0.005915811053748799,-0.006651772593518886,0.004951698214557768,-0.006046612120662376,0.24641142559916585,-2.4720975070690128,0.10136977489495257,3.4040370836348077
-0.0058991792655625815,-0.006678654153782137,0.004920603664453642,-0.006082134097102006,0.2539225829603843,-2.473586539485392,0.1328742084880929,3.408696795354486
-0.0057944578411873015,-0.006919749059840604,0.00469035049174986,-0.0064100609366721855,0.32060230060362654,-2.496360693360875,0.39940811346891225,3.479685603215151
-0.00581226024240719,-0.006886159231737613,0.004729832458248511,-0.006367234673071673,0.3114926355792713,-2.498392995071898,0.358887595778901,3.4778825709027257
-0.005820794733674165,-0.006847717607218171,0.004755457309042242,-0.006311361900847035,0.30032587325012255,-2.49003044388075,0.3199020692117642,3.4569862119682946
-0.005841168459105854,-0.006813296806265524,0.0047975990912567925,-0.00626767878782089,0.2911306286757291,-2.4918190118343486,0.2780591434884783,3.4555681878558313
-0.005863249286410622,-0.006779616582161488,0.004841460144453192,-0.006225389356442947,0.2820239841207601,-2.494228008030831,0.23620896393485763,3.4559023703666414
-0.005751862409900425,-0.006984360987697927,0.0045993777703527685,-0.006485810565220373,0.33696657731167656,-2.4825784840585747,0.4821795462544583,3.466565785915313
-0.005731298206355926,-0.0069934298868688655,0.004563881224745666,-0.006487293521099833,0.33759739067294914,-2.467877870383975,0.5005530760280166,3.4418264487978716
-0.005725143701482684,-0.007010113523844078,0.004547426650795219,-0.0065091951251586705,0.34240492807702744,-2.467615006070951,0.5194234419803422,3.444697759666687
-0.005754311445641908,-0.006957738493530065,0.004613666275085248,-0.006445978374757335,0.3289925181618764,-2.475963406191141,0.455714046319223,3.4495394208026053
-0.005707650623851667,-0.007023268481215688,0.0045149465118541855,-0.006518448497440279,0.34450311706913544,-2.456314840544628,0.539937040518942,3.427100960515432
-0.005686070368442598,-0.007043258513954362,0.004473224277669985,-0.0065352685576921124,0.34827703675526583,-2.443177589778067,0.5683513554759916,3.4077638712337177
-0.005592954386208787,-0.0072640322381726935,0.004217218030790484,-0.0068005842741962015,0.40196816376013134,-2.4006529071101084,0.8258207902970888,3.3886480762693476
-0.0055789442443197985,-0.007279753074169938,0.0041870494977517755,-0.006812978363836412,0.40426609624130067,-2.389349012084354,0.8456536883799183,3.3729876499718783
-0.005577284727736265,-0.007298332929049387,0.004173015646557577,-0.006838829237048732,0.4095894783415735,-2.3892946211158246,0.8664581784780153,3.378827415421689
-0.0054645002083441785,-0.00747794197075875,0.003888387077245467,-0.00700213159918353,0.4377551084131938,-2.2858305562384946,1.075823374307442,3.2537811150800953
-0.005478989978418262,-0.0074518547967730156,0.003927855533951293,-0.006978259282406044,0.43389262310058435,-2.300710635731009,1.0465531216755484,3.2710162078434535
-0.0055712779896689045,-0.00732232669860331,0.004148899383787156,-0.006869087870492452,0.41583274612108945,-2.3852714134649915,0.8941247502503986,3.3794030150917567
-0.005550929452659828,-0.007342809232899832,0.004106007975760177,-0.006882647347453842,0.41768573201303133,-2.3675336082422755,0.9197078236560688,3.353919923806741
-0.005542146307209438,-0.007365315252475591,0.004078263920803643,-0.00690798957876859,0.4229690899314374,-2.36004178744993,0.9458870483638927,3.348032742087587
-0.005494486092092163,-0.0074275756438034165,0.003967147604463761,-0.006957301281916443,0.4305976760792017,-2.315895861963653,1.018978965073914,3.289715320085015
-0.005524689298287876,-0.00738082770117254,0.004042727663512365,-0.006916044181662408,0.4236025839326989,-2.344219115082644,0.9648649678391257,3.324572937567615
-0.005510034899988345,-0.007403554067427278,0.004006123661531759,-0.006936329888695002,0.42715689269700335,-2.330705898622924,0.9913005784798231,3.307981803934726
-0.0055876415445047355,-0.007244044714940239,0.00422140700575686,-0.006767256949944678,0.39502713211718116,-2.39375166258864,0.8052216036172795,3.3700562500718183
-0.0059672641890299635,-0.006508153059150564,0.0050507844980292515,-0.005839549504895428,0.20809439323324713,-2.431037518583763,-0.03219947566699411,3.322913823856392
-0.005963652159729799,-0.00647875775828563,0.005047493993858409,-0.005792650323165005,0.20127039116597456,-2.4129850236716166,-0.04718962882859978,3.2893900996659227
0.008404635253949895,-0.004375843585450544,-0.007024117153817661,-0.0019182931859495391,-0.015855492116489265,-0.8317817702706022,1.7562181567318957,1.2857956692294792
0.008321477090713804,-0.0043765723203039305,-0.006963373068786223,-0.001998810438045578,-0.02298468526849194,-0.889935912212436,1.7146345371280272,1.3411419173318875
0.008154959409146324,-0.0043295366577677675,-0.006797850549563024,-0.0021135013366346475,-0.03034554787574514,-0.989336212249471,1.5990480034850387,1.4211054457720016
0.008244598841914362,-0.0043327420855115255,-0.006870046911642897,-0.0020367273853194663,-0.0249406564358134,-0.9331981839778006,1.6483623656538031,1.3688207228325895
0.00899101862370314,-0.004011062920474416,-0.007059851197529201,-0.0011136262738426332,0.05592576852627899,-0.36219562188528237,1.744382762785403,0.726939988227274
0.009111640726866354,-0.0039058065677167997,-0.007022259361145241,-9.477174713649633E-4,0.07054030791133682,-0.26921183509515906,1.7054095229712283,0.6092490383855137
0.009241449740353097,-0.003795141037369328,-0.006977649486366179,-7.793445028089287E-4,0.0838193033850622,-0.17301650011136968,1.6594180013856141,0.48758869882847133
0.008465283212418143,-0.004292724986084174,-0.006997982098780441,-0.001800649370615176,-0.006741356489780283,-0.7761322113158923,1.7330219811688912,1.2069514601543399
0.00854311380221611,-0.004213402174363469,-0.006984597835139855,-0.001672396021974689,0.0036177691003347373,-0.7099952195842415,1.718076594465103,1.1200137518475881
0.008633347313758564,-0.0041433412520900485,-0.006983332925843828,-0.001541114747414594,0.014547654982409819,-0.6372340509227512,1.7110869273047207,1.0298911373631834
0.008740780297501109,-0.004078353098816056,-0.006991799612499516,-0.0013985139444359813,0.026835021640228777,-0.5530697121981625,1.7099833118783454,0.9303987103797965
0.00885883564657395,-0.0040372025596879385,-0.007019656886323731,-0.0012598461106545589,0.040430054160629676,-0.46275733161122506,1.7230242150233421,0.8316403446150469
0.009348970311748436,-0.003678915579211045,-0.006916906710696314,-6.408054095480127E-4,0.09332387193942997,-0.09813030932342198,1.6022568480378039,0.3873236047663773
0.009643372081815376,-0.0035219704527903006,-0.006856045444183115,-3.3061503027691615E-4,0.11995640277183454,0.10303596218462983,1.5299743608545333,0.15716578665167272
0.009499296941763262,-0.003585936164093797,-0.006880046413392645,-4.7636323546695083E-4,0.10725292417053321,0.0052919273162577475,1.560331131498611,0.2659154028761304
0.010966273593186311,-0.0027906657997043144,-0.006250813448764092,6.442093548338947E-4,0.1835131518323908,0.7659517477697427,0.9994786613583749,-0.5977133445582447
0.010038911977202983,-0.0034343049843574593,-0.006815491972785939,3.8609630010625485E-5,0.15815828208512106,0.3679868062644946,1.4710406306175532,-0.11805547033813575
0.01024007354511399,-0.0033490139002410606,-0.006743312473338792,2.129193942632742E-4,0.17175501626628573,0.48653325743306913,1.402779456183845,-0.2492688382387174
0.010717685869706867,-0.003001817826421695,-0.0064363120700329235,5.337703739667898E-4,0.18304594234543967,0.6912599079821384,1.1456378774860614,-0.5016762847998281
0.010466219632349649,-0.0031777348645250646,-0.006597305217543357,3.794050556643072E-4,0.1784677714213261,0.5902247220971645,1.278107096634331,-0.3791604133377097
0.009869562120656702,-0.003385153589763965,-0.006776238069706426,-1.1222175015392827E-4,0.1370219225223295,0.24304483396707752,1.4492971532203676,-0.006019863414191821
0.009706746942017267,-0.003383265490110422,-0.006761771557407879,-2.558859472575281E-4,0.12075728205214699,0.1318263800128059,1.4483350566561253,0.10223315886190425
0.009516078108773788,0.003559165582821648,-0.006862852511133818,4.5536472644705023E-4,0.10812118464240086,0.014385623531857742,-1.545088030213403,0.2514638839163114
0.009893327956051013,0.003395765178067728,-0.0067852149814843716,9.175239101001728E-5,0.13972673152453727,0.2612932752217721,-1.4551799978642603,-0.022595890657978925
0.00967985574832419,0.0034543103483352278,-0.006810369850756552,2.882810524865778E-4,0.12149331860839445,0.12094719936600166,-1.48982748393773,0.12589915847644761
0.011243836830402086,0.0028673315732501378,-0.006198083919730055,-8.413431802101798E-4,0.20481206740241273,0.9172374990889879,-0.9692744397835396,-0.7315005048835602
0.010763866312569002,0.0028602881719597562,-0.006343410509067892,-5.318345635928356E-4,0.17760118797331828,0.6812559454990706,-1.0695054780063382,-0.509463063843548
0.010986659651333447,0.0027708316744715655,-0.006234525625659038,-6.507182626950855E-4,0.18217940283343292,0.7713987720885722,-0.9860720970560097,-0.6062997769792982
0.010485955704906116,0.0029809003658089273,-0.006469912959721268,-3.6280666393576896E-4,0.16484879120691656,0.5564491109328461,-1.1725957735155756,-0.3751374393928745
0.010184270649728861,0.0030213418611845684,-0.00652846105768014,-1.4320501293277183E-4,0.14381927644371095,0.3870358917829748,-1.2275696594189196,-0.2073395301414013
0.009937036841246055,0.00311938701047869,-0.00659599924488921,4.614888616359681E-5,0.12861312233035682,0.24973034071253086,-1.2955534190210158,-0.059155262258257284
0.007607603303358136,-0.004936766022978711,-0.006741598539468675,-0.0031384880664548794,-0.079826291422281,-1.4809717007465364,1.5656388122405913,2.081872780770476
0.007548496998315247,-0.0049377952660492625,-0.006676598185699957,-0.003183251740127236,-0.0780820087736077,-1.5105194466355738,1.5180200353222637,2.1062375191729004
0.007505969203279269,-0.004973327523909885,-0.006654298986257302,-0.0032537117319060356,-0.07819631567905906,-1.544861737410911,1.5006328850212702,2.1498916768552583
0.0076348890352525844,-0.0048692685840045925,-0.006721076054810729,-0.0030441429800545845,-0.07576850734616251,-1.4417285957665154,1.5519788209485403,2.019630268002544
0.007709782066379393,-0.004737289793659155,-0.006702020572873284,-0.0028488908474243817,-0.0674229212588202,-1.3570213601405972,1.5398975550560825,1.893952428335669
0.007664171166497428,-0.004799020818639362,-0.00670027164899472,-0.0029473824340617537,-0.07120067515785089,-1.4016374189144194,1.537864777703675,1.9565301350219377
0.007773865382916864,-0.004673529439321693,-0.00671906911878751,-0.0027352396781256043,-0.06324575696216468,-1.3020278149982316,1.5518972554445924,1.8216567008551574
0.007690974466461978,-0.0046671330938129075,-0.006632402470462921,-0.0027925029462450616,-0.0632499116851985,-1.3425486755808733,1.491069010476726,1.854750113845553
0.007440137243236159,-0.005014587086163976,-0.006607785816523783,-0.0033465333390894315,-0.07737570139855625,-1.5918410009388035,1.4649988689257167,2.2058382430864785
0.0078210371899052,-0.00457470160340465,-0.0066917445701906155,-0.0026031195030028925,-0.05642273716272212,-1.2460603493568216,1.532441490993146,1.7364535172043472
0.008042160913242134,-0.004341171785426829,-0.006715633413289358,-0.0022184275261312833,-0.03614747793412106,-1.059552368005666,1.5436494995373065,1.4905928614982158
0.007947786577452131,-0.004408313789876811,-0.006685064446570742,-0.002352016864694394,-0.04276544452798928,-1.1301131141010676,1.5248781181073368,1.5767519278217466
0.007878254940490938,-0.004482412483565237,-0.006677357450140159,-0.0024729196939716207,-0.04950708565600553,-1.1884615281882283,1.5210876711934203,1.6536963094141655
0.006268328211348022,-0.00630246741303217,-0.005530081950069662,-0.0055813479615332414,0.14158762473657613,-2.4668073197782943,0.4103802993551061,3.406293049920716
0.0062244766684895645,-0.006312856343454898,-0.00545984799292788,-0.0055914276295846,0.1474971709242565,-2.4536013964114987,0.36158612029458675,3.3771722930757906
0.006212661827732236,-0.006355108968006284,-0.005444248626157327,-0.005657995336491342,0.15839384950748014,-2.4763446341846964,0.3314741871335332,3.4172438806521415
0.006189359564084673,-0.0063829302574480735,-0.005407999343285802,-0.00569875403283633,0.16694613782061873,-2.4829510049390446,0.29553828274735966,3.427143371238913
0.006155518181105124,-0.006383005733849187,-0.005353075749412678,-0.00569160203725191,0.16898377036570217,-2.4652145741039297,0.2628539494799793,3.391838723213405
0.006129994037889424,-0.006404131608188365,-0.005312536064817832,-0.005719850052332792,0.17599669654605388,-2.464973928004506,0.22846007656661968,3.3895840661425534
0.0059851927502397335,-0.006593931427069597,-0.005070424654775808,-0.005981358126003567,0.23026640525468603,-2.4892537830727304,-0.00870894236999307,3.432739506046562
0.005941706369824846,-0.006653397516470779,-0.004992526839887633,-0.006059663234680182,0.2469580585355077,-2.4910772982606466,-0.08368144967862924,3.438975718386805
0.005960821047238007,-0.006608309295605849,-0.00502969984865818,-0.0059952744698211465,0.2342441001521812,-2.4806577318750227,-0.03742678144911553,3.4173467452067725
0.005958042591517699,-0.006631736775259023,-0.005021955914453063,-0.006031584533639223,0.24097955101740162,-2.4911593749616827,-0.055908337430474186,3.4378914397529456
0.006095139547751703,-0.0064272826859484095,-0.005256763412328155,-0.005748451833750423,0.18329180316434626,-2.4600574953481065,0.1848016951782107,3.378641828208443
0.006057839332175534,-0.006436696884781453,-0.005197221107309611,-0.005753699544416152,0.18694468608659914,-2.444661066984815,0.14739465396882429,3.348793949302224
0.006010353249955178,-0.006513567467632323,-0.00511824015030261,-0.005861797702111174,0.2085479478091832,-2.460766950554244,0.0632306765192981,3.378080519528558
0.006040710466835762,-0.006461532836272203,-0.005169315987862627,-0.005788349179833637,0.1942090306651613,-2.4492667877355596,0.11902951561374055,3.3568843299444993
0.006023250348231191,-0.006487157510893487,-0.005140412414032868,-0.0058238718735487095,0.2010714893609267,-2.4536606974135116,0.0895972655741885,3.3648288861165825
0.005980696918392289,-0.006558753090925712,-0.00506716804055055,-0.005923681870221011,0.2209204601846448,-2.467026388546746,0.010947130153704493,3.390453223172113
0.005979120780756842,-0.006518562919331463,-0.005068485271914987,-0.005859680964544219,0.21040282738408853,-2.44418854351758,0.035368446054534604,3.3472431847463753
0.0062660027442274675,-0.006250390934304485,-0.005519703058621732,-0.005496559509810789,0.13021028666784507,-2.429984346637298,0.42774960588755745,3.339598974754996
0.006266379090992547,-0.00619674250926553,-0.005512650387568042,-0.005410975946977933,0.11936291201232253,-2.393959225398359,0.44643464952524947,3.2752644509800852
0.006258552704000863,-0.006152475857025793,-0.00549349278386555,-0.005340706452599022,0.1118805638511386,-2.3615878817704767,0.4525659200289497,3.2170257187410476
0.00634406423408694,-0.0060514385762190665,-0.005607115196514671,-0.0051876313026201,0.08491423614058148,-2.3240165194212,0.5634121144417414,3.1635083657427185
0.006321381835709886,-0.006082881197751624,-0.005578636360618437,-0.005235904991544349,0.09323972852485173,-2.337784622698982,0.5334029834933227,3.1840914160850664
0.006284224535936058,-0.006111411840838657,-0.0055264735481869364,-0.005278529623497868,0.10148165257219253,-2.344091915695419,0.4893921820056453,3.1896476124452104
0.006372867446416585,-0.00601943775654894,-0.00564414804511379,-0.005138229981367859,0.0767233788355529,-2.3109883571005305,0.5989916243837959,3.145504328034668
0.0064016928113522055,-0.005985763271967471,-0.0056799998300617735,-0.00508572697373033,0.0681386450752321,-2.296051810209596,0.6341064888625277,3.1244949141583036
0.006435550143461212,-0.005962933346321411,-0.005725739316857042,-0.005049170583165296,0.061260102870803815,-2.2888142867111747,0.6720944364846049,3.1181336791014367
0.006518257338031383,-0.005915598706676171,-0.005838327354116747,-0.0049697063746701265,0.04442820951686521,-2.2730691075577485,0.7641142161480888,3.1074566441303477
0.00645988036883824,-0.00592232197123202,-0.005751087986154093,-0.004985407393125133,0.05245953361221288,-2.2668084447145476,0.7022149038852356,3.0843943327851306
0.006530781836726667,-0.0058571120213905805,-0.005837641554365092,-0.004879026793398827,0.03545638003998075,-2.2353642448039164,0.780708386582782,3.044464328975003
0.007270802905235533,-0.005113922575411271,-0.0064730967172221395,-0.003572249854945791,-0.07138101596735659,-1.7030185721740827,1.3609826418182234,2.3360666484236012
0.007209189057681639,-0.005129252265345041,-0.006407365997830186,-0.0036264839479184002,-0.06711864568086573,-1.7310304330191733,1.3119854626908565,2.3621235681090997
0.007348551121448799,-0.0050163853707954655,-0.006501935785564828,-0.0034081177726791386,-0.07262195846178876,-1.6300869738481012,1.3877323317272714,2.234694515617655
0.00729040317921793,-0.005055577313652095,-0.006458820287962215,-0.003490154629430849,-0.06985995220854703,-1.6690265891024576,1.35433605498228,2.281909656309032
0.007078402226463514,-0.005288678400721732,-0.006339297253608526,-0.0038975748896945615,-0.05878199633795502,-1.8495795688685799,1.2477322725026785,2.5263396133464266
0.007024091396147691,-0.005297420236654073,-0.0062734742151606656,-0.003934946152467184,-0.053629953826126245,-1.8667698545389122,1.1991290739973102,2.5380567041645232
0.00712316720884055,-0.0052311130735439955,-0.0063624454747015224,-0.0038006158419111305,-0.06255536960105607,-1.8074641915723988,1.270596182982919,2.4670641051091082
0.007143495185331532,-0.005149883756298726,-0.006338852263785799,-0.0036876338798991844,-0.06200505587161904,-1.760799007770309,1.2608967605426402,2.39112802751673
0.006735248538260428,-0.005615072221260836,-0.006041605985688834,-0.004479640833538613,-0.011558925143183017,-2.089312630819512,0.9824139301025462,2.8406522576942597
0.006682740725393158,-0.0056358391851258835,-0.005975468187793327,-0.0045234675014253906,-0.003668419315023211,-2.1027514074696607,0.9311003329229212,2.8503632111918207
0.006746364747368754,-0.005556217614452868,-0.006030364023820962,-0.0043928047056450365,-0.01606082745734466,-2.0527101994533488,0.9859424726052376,2.7799598479833167
0.006800382009845541,-0.005534683037911239,-0.0060960925305592805,-0.004345660546722953,-0.023827240384436232,-2.0364869876883342,1.036536243085937,2.766613696832494
0.006848139496278713,-0.005531627653791562,-0.006161746179316363,-0.004325189574988377,-0.029635002555244972,-2.0302334187592916,1.0847500137793007,2.7697021359353324
0.006891216509157515,-0.005502563383347613,-0.006207098717165327,-0.004268583170461747,-0.03655728661412993,-2.0075449596974284,1.1226228335421373,2.7431396166266953
0.006947406563979237,-0.005481379171466253,-0.00627401683605944,-0.004216827584313839,-0.04366783329658357,-1.9862952782979113,1.175449194599232,2.7241408594877883
0.006957451190421338,-0.005413541735761099,-0.006250079160509947,-0.004119268628068337,-0.045867087450325285,-1.9447517657881637,1.1672748576464007,2.6538414546224782
0.00697887195900707,-0.0053394660514797685,-0.006237656357495546,-0.004010647884902016,-0.04827994143845626,-1.8991060053659263,1.168148997717948,2.5800741462221217
0.0069819221690526675,-0.0052733040652304525,-0.0062050280093675055,-0.003922627408720561,-0.04913554299221788,-1.8624334805796,1.1528386203775245,2.5166142903252586
0.006541653808538376,-0.005802149793220388,-0.005834732221188118,-0.004795107040458198,0.0283079895388071,-2.200443944465396,0.7937487664375239,2.98629815594893
0.006627376121424636,-0.0057196077610812066,-0.0059301444669755095,-0.004657762966928068,0.009011170365499581,-2.154365002670787,0.8806969413507115,2.9260445705570937
0.006560201144060177,-0.005761027838794797,-0.005847375155460893,-0.004731295790975777,0.02138565556319146,-2.175828076368912,0.813044293257801,2.94791113383919
0.006595148203014618,-0.005750534419219681,-0.005894880928611609,-0.004709695268509363,0.017035989124062928,-2.172231586973789,0.8485689204434514,2.94947744154177
0.006626543323487305,-0.005658193111374496,-0.005904102763751443,-0.004568870140835797,0.005221538192981798,-2.115341148176143,0.876239252202973,2.8586315651463887
0.009061594346859386,0.003722608192960782,-0.006858173582287047,9.268257138324949E-4,0.06298439767421499,-0.3048904766455634,-1.5789801782442998,0.5998738777529247
0.009201107880315704,0.0036722234786095223,-0.006868371896896887,7.789425786394344E-4,0.0767464425443923,-0.20611502011812605,-1.5749148961089898,0.49161305511360137
0.009338344706935646,0.0035871058913715254,-0.006843816156758809,6.264313900857962E-4,0.08945983712148096,-0.10990751881868203,-1.5436695796544262,0.3795694235182166
0.008915629222261832,0.0036626440252883873,-0.006754964909135582,0.0010347268544988774,0.04822056265825388,-0.4039016385022528,-1.5087040125658124,0.6844761831118047
0.008457231609898787,0.003951850943699721,-0.0067284345354361895,0.0015861987570102828,0.004870254372161744,-0.7320187606572298,-1.5276547394771347,1.072260404536031
0.008561954792953462,0.003869256797195268,-0.006730445271523398,0.0014467158033600969,0.015436641638393506,-0.6540616323907972,-1.52064151496577,0.9765123879942509
0.00877557756545468,0.003721451018364916,-0.006734818457604729,0.0011839280661088483,0.035692545533024055,-0.5006705561673767,-1.5054876948334754,0.792678633629135
0.008665645395547004,0.0037906250554678588,-0.006729998073138063,0.0013140415502763039,0.026141093558763675,-0.5783423095373598,-1.5115860941330228,0.8842896156375012
0.008787372551867522,0.003586081444088043,-0.0066443838476022265,0.0011108413663002102,0.037752916183999334,-0.4822501595419345,-1.4324164005175757,0.7464614283360399
0.008162052787638712,0.0040469449032751945,-0.006598175156979494,0.0018943900624188643,-0.015453388185897423,-0.9256228524892983,-1.4507595167668386,1.2841473368053835
0.008311188969923443,0.0038566602290660487,-0.006569376558425883,0.0016466698478059697,-1.6171993210235426E-4,-0.8047596729952247,-1.4177333585098002,1.1216759935443077
0.008225317173981376,0.003963848284747281,-0.006585512489460329,0.0017856713396530919,-0.00963184427317988,-0.872891234108563,-1.437044674726099,1.2129042589946877
0.007884044713907745,0.004153315435083695,-0.006456514088654366,0.0021872367474714623,-0.03086985318233965,-1.0967308518212262,-1.3639139543548329,1.474391699190684
0.007975786071569926,0.004082581905784629,-0.006483020875564692,0.002063916473167618,-0.024923570134586428,-1.0332393022766213,-1.3778278398334727,1.3961771384659878
0.008063450286078003,0.0040326043974493065,-0.00651642006366136,0.001960368217288406,-0.019656145589277425,-0.9758270623757543,-1.3966735753616306,1.3292761323721256
0.007688199172715686,0.004153624827755459,-0.006293990330100997,0.0023221784491397174,-0.033215296856951286,-1.1861605165941116,-1.2594001813478146,1.5590643279623455
0.007520615019612273,0.0042185777050989725,-0.006185981203473187,0.002484205887769047,-0.0372245081841173,-1.2719523332414326,-1.1924360254266624,1.654084138390843
0.007601127500432471,0.004146836925223749,-0.006215554367012384,0.0023718233894057133,-0.034777879233124954,-1.2195612109775715,-1.2094152856654827,1.588835761018975
0.007765397635689475,0.004093409205657081,-0.006322014128920744,0.0022209172874561606,-0.030725421110005303,-1.1359761389523688,-1.275406899912811,1.4967930302754942
0.0066195667575536495,0.004759778269933551,-0.005540290707757138,0.003447339375067729,-0.01859713689080755,-1.669980954402213,-0.7845346201333941,2.1247247940771175
0.006513013949251051,0.0047840259804998635,-0.005432372183107847,0.0035054516465963304,-0.01230953341787097,-1.6852541025011907,-0.7230293656507892,2.1359180403103615
0.0055095242783971,0.005702472735633883,-0.004446322602451855,0.004663292300297459,0.09472193852327604,-1.8951487533158478,-0.10254202420448544,2.3986013002964754
0.0056630416737285015,0.005600292425546687,-0.004624038619420516,0.004552933423396569,0.08048231359150847,-1.9034018967094055,-0.19638948176303378,2.4148039847726674
0.005759057597786554,0.005466916884291036,-0.004725807322890639,0.004396769101376205,0.0643915959987912,-1.8786401995705242,-0.2700198763072384,2.3798847243017
0.005327898788808504,0.00572641347471284,-0.004234941119940653,0.0046713563954469345,0.1036707437977221,-1.848467928102123,-0.025948535083792777,2.3243864599888515
0.006268327031859259,0.005130905716422433,-0.005263165724361812,0.00395605607553419,0.011429358046728911,-1.8225857941329306,-0.5880840190287708,2.3247863444379084
0.006295510043436385,0.004986734828431861,-0.0052536549891696255,0.0037841360129987705,0.005347157179497374,-1.7654092338001528,-0.6046312706412954,2.238243511975433
0.006335820083209401,0.004853403545052073,-0.005259660054188229,0.0036261996231447048,2.986364886949727E-4,-1.714376387839917,-0.6244633739516566,2.1628445163115795
0.006411930476544064,0.004745203650401065,-0.005309436047498458,0.003489974690741093,-0.006142691809527001,-1.6735298402270382,-0.6615013139349033,2.107332229292727
0.005958124276537479,0.005312204843659757,-0.00493851255425328,0.00420740845266651,0.04227297919190769,-1.8595047622642495,-0.39653268394424357,2.359332375006909
0.006025448989541493,0.0052079399691246225,-0.0049973353975473625,0.004079391530200893,0.031749167298662395,-1.8289461865955043,-0.44331211808500776,2.3161511899705896
0.0061017056540494125,0.00511078377409794,-0.005064297073078416,0.003958080832563129,0.022600026389014125,-1.800417606351101,-0.49169906361937626,2.277214998340242
0.005824122515878148,0.005307940740548491,-0.004781069405237642,0.004209431180962776,0.050090061231338766,-1.8345718366351755,-0.32738962185265713,2.314112537058365
0.005132194826283304,0.005946171549156434,-0.0039999144744892875,0.00489135078476411,0.1265117423168043,-1.8420231739930837,0.10579709917346894,2.317028175711775
0.0051054391862179645,0.005808438933641891,-0.003980762656051066,0.004732195907272106,0.1141095454166913,-1.801647864016322,0.06875330879071533,2.252235070478828
0.00515798422731438,0.005699224451515676,-0.00404467710084129,0.004619171427720884,0.1042669422861351,-1.7915420905439483,0.02131172875005806,2.2356163302884013
0.006823721529965308,0.004650775104837264,-0.005716999871562563,0.0032582165041276554,-0.0296471339855494,-1.6057267582861068,-0.8944672117994578,2.051960144056442
0.006909280965112598,0.00453800116672793,-0.005757481031922015,0.003105766494344127,-0.03200905513810201,-1.5494393976942034,-0.9247782365712528,1.9757639132627844
0.007003248507835228,0.004423698531564313,-0.00580117565902269,0.0029496849267760575,-0.03343151503613533,-1.4900638867634688,-0.9552791214833106,1.8965580948104332
0.00735918203316459,0.004234903411276925,-0.006048863979864066,0.002592040430862925,-0.036486387957318574,-1.3330878087327906,-1.1075094225623434,1.7144765693816946
0.007099035937596518,0.004317273035705615,-0.005845532302024124,0.00280184352806109,-0.03335338846875488,-1.4317951750320013,-0.9845571063376405,1.82016994880102
0.007207313528008819,0.004231678197908709,-0.005906886872694827,0.002668409588955269,-0.03360817965135397,-1.3762031157389105,-1.0219715138394534,1.7513889651282528
0.0066758737274666,0.004635950504842748,-0.005553678721201226,0.0032956542939004342,-0.02149711642233584,-1.617611824780836,-0.8023355544223171,2.0493849845730296
0.00495924755369599,0.006165690412424336,-0.0037767667685578887,0.005100121664718894,0.1474649209796138,-1.8263883249233956,0.23114404140253023,2.2995919977658
0.004969001132804763,0.00601655079599006,-0.0038094654265714363,0.004936834029303296,0.1327513854258022,-1.8017823808161515,0.17288801173234167,2.2569634263921117
0.004827606099144527,0.006235093749975773,-0.0036189250879158515,0.005141996723610591,0.15128303470232915,-1.789093928163009,0.28472392382808964,2.2455821978809687
0.0047054868494786585,0.006323654894575381,-0.0034685438185417146,0.005202724912849969,0.15571475659690323,-1.755703032065356,0.3396233673512365,2.1991766920077658
0.00504345009202691,-0.00934226676397499,-0.0010962225190694278,-0.008260772060150148,0.40176124297804244,-0.690276208944784,-2.509282096970746,1.540051069121336
0.005045540795333225,-0.009326699183653657,-0.0011221374543033352,-0.008257291637668475,0.40742525614086605,-0.70678342251874,-2.505203667731207,1.5588683642366776
0.005030667868346467,-0.009332669334452722,-0.0011067663551088726,-0.008241522363482778,0.39449422570945325,-0.7051257605527027,-2.4921575452042437,1.547134952726297
0.0050476804154309,-0.009311138089096707,-0.0011480722685093929,-0.008253725558117181,0.41127487032515603,-0.7233842086745826,-2.500997759683579,1.5776890007963171
0.005032764634813477,-0.009317064992224436,-0.0011326333167849768,-0.00823794001722774,0.39838222894092573,-0.7217123129636169,-2.487902474577819,1.5658759053785474
0.0050498689328047465,-0.00929558363336138,-0.0011740120597843818,-0.008250075871315897,0.41422603961167387,-0.7400250470040907,-2.496693667805022,1.5965592658835188
0.005034916007846502,-0.00930145620110937,-0.0011585048993131668,-0.008234278657345523,0.4026358980206677,-0.7382920010004096,-2.4835682968610295,1.5846523220967381
0.005052106327402137,-0.009280035969880421,-0.001199913653624937,-0.008246348658168916,0.4187075180633444,-0.7566235828648966,-2.4923213705364815,1.6154571228961279
0.00503714624506136,-0.00928585488687405,-0.0011843747270827755,-0.008230569067580336,0.4067641879281619,-0.7548381830577209,-2.4791730252250233,1.6034462834356742
0.005054392578627048,-0.00926449525245532,-0.0012257815983658033,-0.008242543234272332,0.42429368403461626,-0.773234672889256,-2.487858682901379,1.6343422254501039
0.00503941145503642,-0.009270263051088289,-0.0012102263566319208,-0.008226762420676452,0.4104184293625203,-0.7713945440812503,-2.4746553411161867,1.6222492739669008
0.00505672766533414,-0.009248961635249485,-0.0012516616695343549,-0.008238652761660857,0.4284599751015607,-0.7899749800102485,-2.483268469733673,1.653241739888714
0.005041677804829851,-0.009254662098234478,-0.0012360729088395416,-0.008222813662185373,0.41403407118421737,-0.7879959184750938,-2.4699770115132966,1.6410794270132405
0.00505911156582297,-0.009233435272781454,-0.001277570597769316,-0.008234674588171289,0.4307138051141996,-0.8068401710692085,-2.47855826594456,1.672224391248893
0.005043981917630945,-0.009239041222107914,-0.0012619409673589206,-0.008218759702635555,0.41808875936662065,-0.804602840234976,-2.4651858783126985,1.6599477354277148
0.005046378903749783,-0.009223421393915089,-0.0012878199359875363,-0.00821467092501637,0.42247427916667174,-0.821148651106348,-2.46035108214198,1.6788255363485882
0.005091517165669236,-0.009047741492513606,-0.0015870632650555022,-0.008180665348137012,0.47400504457253084,-1.0054882178064737,-2.4147205551229485,1.9007239614096945
0.005079301221748919,-0.00903741508379755,-0.0015962600359110976,-0.00815996055182609,0.46456349059997165,-1.0190869662160245,-2.3950569976932514,1.9055319252836416
0.005079937274184246,-0.009109504197630085,-0.0014841301423047636,-0.008199964259736629,0.4603796040372656,-0.9391985602840899,-2.4377138336182442,1.824584937107881
0.005064877073207735,-0.009114764109402653,-0.0014680681473813184,-0.008184340170461109,0.4480627201862431,-0.9366432521578677,-2.4242562087812747,1.8109298252179526
0.005088549402048354,-0.00906316862569595,-0.0015613558623075949,-0.008185610695359679,0.4702943978954128,-0.9889149001494252,-2.4206191969419386,1.8816522227998365
0.0050763148674085904,-0.009052861942942194,-0.0015706577092098899,-0.008164991140370668,0.461456080877147,-1.0026409377632135,-2.4011070364488973,1.8866172969833033
0.00508275942783113,-0.009094050136367162,-0.0015098685831466414,-0.008195264015446959,0.4647997677463069,-0.9557146409893438,-2.4321379842402577,1.8435865308154298
0.0050676713914554125,-0.009099285628604709,-0.0014937276847184825,-0.008179637890487078,0.45123819968934503,-0.9531588225508135,-2.4186376661004676,1.8298368386590103
0.005085630146507708,-0.009078604893063717,-0.001535615362049785,-0.008190478597641621,0.4677773728509032,-0.9723044013181107,-2.426432240315977,1.8625990394587177
0.005070488637224055,-0.009083806594566535,-0.0015193730214563131,-0.008174821392934808,0.4545307357717296,-0.9696821648709918,-2.4128803166382116,1.8487522674502566
0.005073366332164912,-0.00906832665623109,-0.0015450220201827652,-0.008169932736772882,0.45807349740455466,-0.9861815470370051,-2.4070335462117813,1.8676856230720291
0.005033230063658211,-0.009213173072750342,-0.0012981136342805734,-0.00819469654610304,0.4204492069187245,-0.829265442824772,-2.443731942798633,1.6794179567833287
0.005035951030326731,-0.009197587592224962,-0.001323915159460114,-0.008190762395977118,0.42413605607819566,-0.8457607132554336,-2.438947655192804,1.6983211498820256
0.005038756280926085,-0.009182107101968809,-0.0013495728837945814,-0.00818683389465573,0.4279031809220209,-0.862163200863712,-2.434142998789042,1.7171687589377178
0.005041446884288589,-0.009166604326882755,-0.0013751926809520163,-0.008182617251471075,0.43166886152347744,-0.8785744167797117,-2.4290746265948617,1.7359426323012335
0.005044030497723242,-0.00915104108643485,-0.0014008318484278967,-0.00817810165340334,0.4353177736460509,-0.8950204571834314,-2.4237301732718888,1.7546743626491637
0.005046691015816401,-0.009135474372353203,-0.001426486931163301,-0.008173531022520492,0.43885283141950454,-0.9114622473102855,-2.4183067447128312,1.773437843135408
0.005049477798128692,-0.00911995372900443,-0.001452106843258654,-0.00816898918057056,0.442355127395808,-0.9278656663992576,-2.412873457588699,1.7922258752581948
0.005103872703378313,-0.008986127475825481,-0.0016897803856020278,-0.008160067309942929,0.48570683109727014,-1.0716593823797453,-2.390010345091318,1.9770990400338253
0.005088610407249,-0.008991077832481629,-0.0016730763264495342,-0.0081444200988452,0.4745512409495665,-1.0683643274620682,-2.3763212503266744,1.96234983490284
0.005107082553678812,-0.00897074839641333,-0.0017153881946714966,-0.008154722571039935,0.49001736136826796,-1.0880649220497816,-2.383580811707552,1.9961753444830606
0.005091830293182355,-0.00897566443254687,-0.001698642612540579,-0.008139106656130284,0.4773987926282877,-1.084756371183581,-2.3698797608999005,1.9812751837236589
0.005110340726114829,-0.00895537940604795,-0.0017409892661491018,-0.008149295177613237,0.49358378865127,-1.1045029708276508,-2.3770165832892722,2.015216263711004
0.005095063721934671,-0.008960260034309544,-0.0017241747050224549,-0.00813367270030448,0.4801462400436847,-1.1011665056195306,-2.3632810123676893,2.0001919610346923
0.005113647187447097,-0.00894002066470317,-0.0017665932824525068,-0.008143783029028948,0.49610707038203894,-1.1209967531424008,-2.3703161729285376,2.0342666792941118
0.005098330615878389,-0.008944849822398637,-0.0017497031936718774,-0.008128132586441692,0.483078650907064,-1.1175818231638999,-2.3565485178360643,2.0191218811847844
0.005101659998894225,-0.008929434560946732,-0.0017752433083291343,-0.008122518876171788,0.48614572679514184,-1.13397428768648,-2.34971700624396,2.038064497320818
0.005066653194663685,-0.00902706436237805,-0.0016051333175413258,-0.008139389159462761,0.4623464757714992,-1.0259440113342635,-2.377586629837513,1.9044924039759454
0.005069697142416339,-0.009011555019900709,-0.0016306771319157048,-0.008134151336392267,0.4654443028422775,-1.042308785536937,-2.3713122511013913,1.9232709551070457
0.005072925919465114,-0.008996046350465392,-0.001656295519737238,-0.008128987662758462,0.4685236707757459,-1.0586995638134222,-2.365051539693935,1.942179106833929
0.005116475281426219,-0.008737587969140655,-0.0020701710871115983,-0.00800932126188105,0.5047812421752732,-1.3255302370725144,-2.2265453583813817,2.23907413317897
0.005112349655600162,-0.008753092622225274,-0.002044688387325072,-0.008015866743629335,0.5024723520438831,-1.3094696327029245,-2.2347409965872926,2.2203485770070297
0.005091376357764039,-0.008846036235276565,-0.0018937364643344132,-0.008056424694932828,0.4888311242705275,-1.2135138395800367,-2.2838019018812603,2.1105758847719773
0.005094958508765541,-0.008830752625342083,-0.0019187558649387938,-0.008050277325972155,0.49133249366354015,-1.2294101550859227,-2.2762804562507113,2.1289220974895406
0.0051084355019421195,-0.008768690126228442,-0.0020191859722299686,-0.008022579355962553,0.500185025937616,-1.293347976006438,-2.2430318672325353,2.2016939801959055
0.00509850757540613,-0.008815473858001183,-0.001943708858463339,-0.008043950841115019,0.4937408616380598,-1.245267622679972,-2.2685640600588193,2.1471765032589647
0.005101618364625236,-0.008800007883574289,-0.001968589903774685,-0.00803683288066351,0.4958550150563216,-1.2611598821499115,-2.2601313405938357,2.165104464120514
0.005104776434379562,-0.008784363018391096,-0.001993714212663637,-0.00802949628072566,0.4979359160806042,-1.2771903894741012,-2.2514442794670804,2.183165845148642
0.005089323911703406,-0.008918745848779925,-0.0017837177999961934,-0.008101441830183853,0.4834179736070161,-1.1402284952609711,-2.3316963633225463,2.036143299152944
0.005092814966563263,-0.008903256894346167,-0.0018092789583385035,-0.008095728591568695,0.4862110850308797,-1.156554356512445,-2.3247112436656825,2.0550324129816
0.005080323043996196,-0.008892337317964238,-0.0018176063101665617,-0.008073938120415035,0.4807007239004955,-1.1651731827058092,-2.3053827689691313,2.0544972396075027
0.005084105472486249,-0.00887687812827868,-0.0018431169310821319,-0.008068344582039894,0.4835350335397666,-1.1813529803279528,-2.2984312795802437,2.0733521219189117
0.005087865807658291,-0.008861459630419241,-0.001868522505199458,-0.008062606281565056,0.4862848184160585,-1.1974716873471458,-2.291321499771786,2.0921079692052285
-0.009435799924780781,-0.0050319341514908815,0.008279968892227966,-9.403034538072153E-4,0.1656351693475546,0.15781550630247862,-2.6091364690786145,0.5937384864044281
-0.009442043756131372,-0.005017239509104044,0.008264157304579718,-9.253589118460929E-4,0.16300633710662374,0.1655174278023761,-2.5993313217143714,0.5793130776386005
-0.009451408652823316,-0.0050301863683028455,0.008282881248584844,-9.142949236095625E-4,0.17115249798655852,0.17437444786096382,-2.6098075498387647,0.5772560906518964
-0.009420196622188313,-0.005033730973549848,0.008276972725714322,-9.66321432137692E-4,0.16117380478945326,0.14127526379018943,-2.6084208969341947,0.6102806095597738
-0.009426391393812931,-0.005018998901543333,0.00826115663852659,-9.513079205883715E-4,0.1578600899399082,0.14893583643423228,-2.598613087263906,0.5958819673160805
-0.009404598895283901,-0.0050355768185515425,0.008273895380479577,-9.92326003005267E-4,0.1565983249885715,0.1247755645735635,-2.607666625702821,0.6268396610474578
-0.009410752689282315,-0.005020827165668433,0.008258097828432093,-9.772405973866216E-4,0.1526109369253923,0.132370960734892,-2.5978553022151707,0.612477566468634
-0.009233435272781454,-0.00505911156582297,0.008234667100854302,-0.001277620005049608,0.10242731996081811,-0.05604289012721794,-2.5958728785875893,0.8097931010551629
-0.00921791631991809,-0.005061544257832261,0.008230611775459,-0.001303490396925648,0.09808154544327718,-0.07233011261388926,-2.5945113061870932,0.8266485813339228
-0.009223514164345034,-0.0050464849456650345,0.00821484373535779,-0.0012876662276639012,0.09336726955243879,-0.06504134319299382,-2.584869150165955,0.8125924065663029
-0.008893006417158022,-0.005080153366166007,0.00807419363275027,-0.0018165036295198554,0.00491317692225094,-0.41744634719791346,-2.516628930520867,1.1671343394877247
-0.008877505482650759,-0.0050832731899892085,0.008067796356289769,-0.0018416445614428886,0.0010882963055747535,-0.433648808070559,-2.5135302482729016,1.184158953243408
-0.0089084529863056,-0.005076842937701891,0.008080185077017509,-0.0017912812995898276,0.008803291259895997,-0.40133108264153927,-2.5194333639439184,1.1501081856146913
-0.00893911798782001,-0.005070283828603216,0.008091664567771164,-0.0017411111411127836,0.016644021849544874,-0.3693583548636012,-2.524690929595806,1.1163432688249282
-0.008923847762840187,-0.005073539772623647,0.008086007551353082,-0.001766104684686246,0.012714858576230323,-0.38527924028762944,-2.522117855982707,1.1331501472391976
-0.009140438143537983,-0.005074438771579875,0.008209127941777375,-0.001432575209061538,0.07268019384902784,-0.15379480817287877,-2.586961166043633,0.9104398411083943
-0.009124966919156605,-0.005077163713119264,0.008204583219921461,-0.001458379198663988,0.06916995686933777,-0.17007615902186643,-2.585274448237915,0.9273861207470301
-0.009130354907554586,-0.00506199236185085,0.008188871920836607,-0.0014421198350834342,0.06582953472282994,-0.16290052660251783,-2.575593249373132,0.9134685729855797
-0.009114833993585625,-0.005064781867834424,0.008184284915628734,-0.0014678648558064035,0.06121315533264415,-0.1791912137265997,-2.573878029756529,0.9303828120216623
-0.009155917713659414,-0.005071762475906215,0.008213592693571109,-0.0014067511252753029,0.07613451298672771,-0.13746738494514218,-2.5886092106153322,0.8935374689980796
-0.009145893285947133,-0.00505927896943134,0.008193412186793182,-0.0014163628269883279,0.07073827655699651,-0.14660485048404878,-2.5772722862862003,0.8966117867601663
-0.009202404931867792,-0.005064025718534267,0.008226479099920707,-0.001329323316049285,0.09262673587047972,-0.08857672176899128,-2.593128824469529,0.8434007032753738
-0.009207971070217256,-0.005049001805744504,0.008210780300155344,-0.0013134620865130084,0.08870602528774597,-0.08142141931149544,-2.5834828415908464,0.8294249548621674
-0.00918690126417368,-0.005066555924529231,0.00822226719461284,-0.0013551312120155818,0.08654482002847012,-0.10483378192502846,-2.5916986538717124,0.860074616056452
-0.009192459044168108,-0.005051538705297888,0.008206614507206516,-0.0013391985333208345,0.08433490648602752,-0.09775300803226665,-2.5820303767744583,0.8462454796062407
-0.009171405472706822,-0.005069134851839914,0.008217972592937084,-0.0013809354164878943,0.08079386080106792,-0.12113333331966407,-2.59019446329334,0.8767574004749292
-0.009161431251707023,-0.0050566525716797045,0.008197908915353035,-0.0013906224402473572,0.07552507091171913,-0.13032143796773965,-2.5789150101643012,0.8798139606381185
-0.009176952571396562,-0.005054083706017359,0.008202321670278083,-0.0013649068297821234,0.0800218118871479,-0.11404500962955254,-2.580505813766525,0.8630371902632544
-0.009011339129476055,-0.005070011185661666,0.0081344164573123,-0.001631176511839815,0.03527957056191794,-0.2918468429511985,-2.548015390336484,1.0417624715464466
-0.008995926069688074,-0.0050731254077431166,0.008129170993952646,-0.0016565862737475472,0.030986795168425858,-0.3079639049694319,-2.545793613982734,1.0586842923196833
-0.008980471649012715,-0.005076195653158575,0.0081237063062964,-0.0016820012238187609,0.026823833280207595,-0.32414143790368827,-2.543416727661634,1.0756521160051564
-0.008965023325689356,-0.0050794176465346836,0.008118280281123396,-0.0017074647544350983,0.02275801875296825,-0.3402860750147665,-2.5410690490731658,1.0926581994472588
-0.009042231962424018,-0.005063567877985093,0.008144261407376218,-0.0015800488407790227,0.04387029358320676,-0.2596261653668029,-2.5519865997016598,1.007862966815914
-0.009104645114989277,-0.005052103270945049,0.008164239989052144,-0.0014772817638503512,0.06132354184411376,-0.1942677099330972,-2.5601138607177822,0.9398578187294347
-0.009057820828231066,-0.0050604926398555945,0.008149219258788422,-0.0015543100038503813,0.04811005382407263,-0.2433455403117287,-2.5539877951515506,0.9908193736084928
-0.009089084164015722,-0.0050548936444897935,0.008159396115868552,-0.0015029125296626312,0.056795980769852226,-0.21057396188661312,-2.558181908858136,0.9567823785660564
-0.009073465977707404,-0.005057624555145033,0.008154306823840366,-0.0015285693575403487,0.052390089683142384,-0.22696062375243084,-2.556081412775398,0.97376891103636
-0.009016135263095387,-0.005054133616853275,0.008118372038293539,-0.0016147425652529425,0.03701097536934549,-0.2890923493001774,-2.5363472198865757,1.031806243216144
-0.00903148670410469,-0.005050603836212792,0.00812290045146393,-0.0015892930879708403,0.041194192741875586,-0.2731603593875835,-2.538104589864279,1.0148949938436198
-0.008954367749859015,-0.005066767577961862,0.008096859942382559,-0.001715957763027455,0.020614209676846115,-0.3535050509434907,-2.526934298050603,1.0994859635956118
-0.0089437762664493,-0.005054426224907263,0.008075824775202458,-0.001724347713829306,0.019118829002697776,-0.36680271890815724,-2.5128256201338464,1.1067363334643476
-0.009560809133749614,-0.005019326211946599,0.00830097679611345,-7.320122846018797E-4,0.20961441323518773,0.2907990912106331,-2.613164066737441,0.4617347425199438
-0.009567397606521389,-0.005004697128576248,0.008284916604881202,-7.174463422590032E-4,0.20382488078516903,0.29882212306233374,-2.603045793968347,0.4470523232890203
-0.009576455909857676,-0.005017971256234513,0.008303235383658061,-7.059303033971759E-4,0.21455245437186388,0.3074704098115504,-2.613452074334552,0.4451681701281313
-0.0095830793279752,-0.005003315338075863,0.008287100316728873,-6.914284270933057E-4,0.20928336270295086,0.3155919170810406,-2.603257531733331,0.43055452851483605
-0.009592106779443133,-0.00501666546169899,0.008305413896189768,-6.798190594778422E-4,0.21861970631104657,0.32420950482060307,-2.6137126579868215,0.42855971236577245
-0.009598777555829151,-0.0050020172551726244,0.00828924296431949,-6.653944160430462E-4,0.2148937146535526,0.3323751991342814,-2.60343961190444,0.4141038971634017
-0.009607761596875476,-0.005015408839722729,0.008307510691068514,-6.536976111962172E-4,0.22275466660818824,0.34101351591224266,-2.6139412028600812,0.4120021794683499
-0.009614484087381211,-0.005000806911474062,0.008291346080281118,-6.393556738404512E-4,0.22045636366752383,0.3491633219177741,-2.603596813227725,0.3976922988194793
-0.009623420217022645,-0.005014201401274545,0.008309524506717214,-6.275820473614021E-4,0.2274513777699191,0.35785368102263754,-2.61411853187686,0.39555743042493646
-0.009630192887707395,-0.0049996697412742815,0.008293391634152684,-6.133161797150496E-4,0.22584177900728705,0.3659635020419401,-2.6037240683582197,0.38129213841563275
-0.009639082495257915,-0.0050130431569171624,0.008311454518709358,-6.014843766275626E-4,0.23310800568396048,0.37469474864593916,-2.614228873675406,0.37923446510659325
-0.00951389482992714,0.005023685925945949,0.00829371610885721,8.101392078921325E-4,0.19170490243912966,0.24089276682165991,2.612094716789802,0.5109211417098575
-0.009529528446938641,0.005022183559254116,0.008296223457946483,7.840463773803192E-4,0.19524308698706652,0.2576237204237705,2.612540150163088,0.4944347701613881
-0.009520367476957161,0.0050090442567108885,0.008277772408427447,7.954588584700349E-4,0.1890542495331797,0.24861814596848578,2.602017578156669,0.4966684884999042
-0.009545166597241006,0.005020730317030955,0.0082986471465719,7.579662624489363E-4,0.1993645696655256,0.27437651945619634,2.612916549744313,0.47812626402087605
-0.009536061442885073,0.005007630515720249,0.008280335391526193,7.69456690076699E-4,0.19474523603342508,0.2652757968670791,2.6024776955173077,0.4802316587876976
-0.009498265893762122,0.00502523740399226,0.008291129450324598,8.361976974742656E-4,0.18649506647296085,0.22421319072191107,2.6115828399269625,0.5274383239102787
-0.009504675901617495,0.005010561612030567,0.008275184261704987,8.214732972816339E-4,0.18360202909242027,0.231952907341568,2.6015582229469882,0.513169291239774
-0.009197545971462294,0.005036147757116664,0.008190991872264334,0.0013240611075246956,0.0885730260866241,-0.09694209537643082,2.5701674100657033,0.839321764820861
-0.009213103280681029,0.005033566624221397,0.008195079548700121,0.0012983628410510172,0.09322663306274957,-0.0806562366506151,2.5715862293394487,0.8225712451563901
-0.009228697281968963,0.00503104006802111,0.008199105307767239,0.00127260974824884,0.09792900798761676,-0.064320206978133,2.572963478521503,0.805799765766139
-0.009244360586484101,0.005028549818089942,0.008203060697790367,0.0012467421041045116,0.1026569094280525,-0.047904753278459944,2.5742899505979433,0.7889730497038335
-0.009260120696438843,0.00502616082858804,0.008207032313776825,0.0012207446143654712,0.10736828569723002,-0.03136374251583122,2.575624625513853,0.7720752354315635
-0.009275932338837256,0.005023956513294932,0.008211097493672957,0.0011947216879454872,0.11209331431164919,-0.014720903115466281,2.5770248553013784,0.7551638080153832
-0.009291697364689239,0.005021872482917202,0.008215139359296254,0.0011687977294129231,0.11691424594262322,0.0019052201601503554,2.5784167800075095,0.7383267230531444
-0.009482641786463353,0.0050268379798275075,0.008288461192774634,8.622442890271141E-4,0.1812422537398298,0.20756374742783798,2.611016541011863,0.5439812113972788
-0.009488991489351057,0.005012133804457738,0.008272519165975082,8.474791391936885E-4,0.1784395673050687,0.2152938924457665,2.601060841847829,0.5296899127325415
-0.009435799924780783,0.0050319341514908815,0.008279966349588372,9.403265760108472E-4,0.16654073518717796,0.15788597891490783,2.6091187314451796,0.5937184965062761
-0.009426391781558494,0.005019012523509681,0.008261170998432944,9.513112576874598E-4,0.1578351106568574,0.1488435599083856,2.5986185845988774,0.5959524290755241
-0.009467022656507899,0.005028487639427606,0.00828570947742852,8.882976563705926E-4,0.17720764938346964,0.19095403490622476,2.6104181624060008,0.5605881248578131
-0.009473313644556986,0.005013757614079438,0.008269774315274451,8.734735156408754E-4,0.17310213799592963,0.19864608909062312,2.6005089110877395,0.5462180911096893
-0.009451408652823314,0.0050301863683028455,0.008282877371890995,9.14329419417786E-4,0.17260688301598268,0.1744037838082022,2.6097906654936316,0.5771890906379239
-0.009442017139440262,0.005017226171921722,0.008264133090616556,9.253926411075782E-4,0.16266241819206081,0.16541205830253183,2.59930350413368,0.5793747528183605
-0.009457653732946754,0.0050154615662113275,0.008266985336751341,8.994485413521885E-4,0.16770190768102636,0.18201504440015118,2.599923780224962,0.56278266271101
-0.009307390150779865,0.00501976040655311,0.008218973918520818,0.00114295183838373,0.12182542346868204,0.018445455559574973,2.5796761043085787,0.7215709701526446
-0.00932305848816716,0.005017610170407126,0.008222609492012136,0.001117107158845051,0.126727606374044,0.03494237136431316,2.580806074362347,0.7048528821800905
-0.009338721353706109,0.005015539138752708,0.008226192476155835,0.0010912816549094888,0.13158916095634846,0.051446309619220525,2.5819054167026265,0.6881707700024496
-0.009354364661500894,0.005013555352855453,0.008229727965937102,0.0010655000285223223,0.13649615049653904,0.0679494633878417,2.582978369679981,0.6715333405381515
-0.009369991251905125,0.005011545292360051,0.008233084038627358,0.0010397151920750862,0.1414849087172377,0.08442545405131135,2.583934416030551,0.6549196284620873
-0.009385621938191884,0.005009507044041157,0.008236265978820496,0.0010138956415854021,0.14647380377986563,0.10089165730467704,2.5847755858562476,0.6383132738982081
-0.00941691457995219,0.0050057490460897825,0.008242589224228596,9.622671994872087E-4,0.15637962285303045,0.1339302429457877,2.586442339509144,0.6051528280042695
-0.009401268897224079,0.005007558169557184,0.00823941645589958,9.880650907471277E-4,0.15141481200053988,0.11739291537035144,2.5855986704436713,0.6217183187285037
-0.008854012724613773,0.005054255165182076,0.008018235891978788,0.001857156064365148,-0.001354243300256794,-0.4624939335502873,2.4795659385347992,1.1986698770400095
-0.008974064551022991,0.0050446959232448635,0.008082684088212125,0.0016729797106986167,0.027230341450244614,-0.33585411842302587,2.5148754599774708,1.072599332057564
-0.008989591040370221,0.005041297255586633,0.008087855393081584,0.0016475805321731895,0.03130277515969795,-0.3197595290554789,2.517120574423292,1.0556016739018563
-0.009005037928829772,0.005037948990838439,0.00809289560366152,0.0016223036986060537,0.03539051656345441,-0.3037474041740425,2.5192788377260276,1.0387109973670705
-0.009020493374155671,0.005034681992701648,0.008097893421561668,0.0015970339443391504,0.039511450051318286,-0.2877183348385293,2.5214051113524856,1.0218452099211435
-0.009036020714947357,0.005031537451393221,0.008102932599776956,0.001571697224190427,0.04367866182590798,-0.271597441863115,2.523553109182092,1.004950561461994
-0.008958327566916153,0.005048164506654751,0.00807732308729192,0.001698708742699477,0.0231410757464306,-0.35216862985878145,2.512514390793582,1.0898453189606938
-0.008926863882169725,0.005056873539474208,0.008068243168280838,0.001751164562865219,0.014930292160032726,-0.38455048397033736,2.5089678098916917,1.124914746619542
-0.008942270767548303,0.005051975018016511,0.008072018883013192,0.0017250962722360978,0.01897516272402634,-0.3687803127100698,2.5102237045348836,1.1075362170212681
-0.008870012481181775,0.00505125906180883,0.00802530151702613,0.0018317419959776404,0.0024081826225201383,-0.4458797477793576,2.4832179138492907,1.181344919407824
-0.008886168851417001,0.005048905041014906,0.008033065273387123,0.0018064610435933883,0.006206728838603238,-0.42901399978549565,2.487353799227778,1.1640704802184363
-0.008902136915304249,0.005047669235919917,0.008041861853295916,0.0017821070053364635,0.0099300502741788,-0.41219539595425975,2.492243736347642,1.1473466444434421
-0.008915922460876715,0.0050470263585143385,0.008049832658270738,0.001761283583515471,0.013142739505614717,-0.39760147642389077,2.4967194791949834,1.1330278333239758
-0.009051666051063532,0.005028550476338851,0.008108078019938403,0.0015462400586372415,0.04790165728483336,-0.25532855517715936,2.5257646310910817,0.987988599069055
-0.009067466224865905,0.005025770944826253,0.008113405413200424,0.001520629076680364,0.05218805610674714,-0.23886181704150486,2.5280896485916418,0.9709333663427454
-0.009083424393047457,0.005023298799105344,0.008119030448750855,0.0014949064409934673,0.056536239206124446,-0.22217331657176134,2.5306082995347006,0.9538056437275397
-0.009099445555955822,0.005021286676948607,0.008125079858975535,0.0014692882849713757,0.060919159529047785,-0.2053334675831804,2.533415337952142,0.93673951543898
-0.009140691766312966,0.005031367146599873,0.00815800080538029,0.0014107103001562598,0.07180058652407662,-0.15899917472865813,2.552643610724083,0.8966425575354805
-0.009156029176900064,0.0050286713889727734,0.008162369747205203,0.0013855189402136976,0.07621776557995695,-0.1429795796728867,2.5542968074552133,0.8800716067843709
-0.00911527314253023,0.005019841246351798,0.008131547310593729,0.0014442114871236731,0.06526969199662114,-0.18859310301055723,2.5365249092441933,0.9200217355652259
-0.009130558694031432,0.005018566188779488,0.008137796339241582,0.0014200027797177577,0.06951633950932125,-0.17239408263688946,2.539521380531592,0.903901891217222
-0.009171537858413972,0.005025875273372918,0.008166561753050125,0.001359988823219246,0.08072431537953557,-0.126798977960366,2.555815004392818,0.8633070398434438
-0.009187084620021565,0.00502309007304203,0.008170641837282848,0.0013343832936429307,0.08526513472882082,-0.11058044778157798,2.5572558146029416,0.8465163717073468
-0.00714960670752737,-0.005693544040441405,0.006702516986487771,-0.0044329462375067045,-0.06756369268168803,-2.0720707157370097,-1.4843156920416936,2.9752637528801853
-0.00717764580441648,-0.0056807773684254895,0.006736244851100866,-0.004398484881848938,-0.07208560968360288,-2.0537647190840933,-1.5141395959096966,2.9562006500019784
-0.007199909544857228,-0.005662868803829787,0.006757046424262031,-0.004358989928674763,-0.0756617641809736,-2.0336991448522554,-1.5337233962866301,2.9304378510426243
-0.007238872301610634,-0.005645401368813244,0.006802832790027152,-0.00431023714714375,-0.0817341653095023,-2.0069229657872865,-1.5741098854302544,2.902280889273268
-0.007216166383036263,-0.005648475996560482,0.006770984150862981,-0.00432805576666582,-0.0783156542153711,-2.0180283703384023,-1.5470183286976082,2.909699788060061
-0.007372841984261532,-0.005579994270503398,0.006949678524110735,-0.004127857122237128,-0.09972976302451046,-1.9041487421262426,-1.702984264706018,2.7886882344953077
-0.00738950694490266,-0.005565405830677221,0.006961850098715321,-0.004095119388417805,-0.10167920733797711,-1.8869706579994592,-1.7141040434292196,2.765864036023146
-0.007328761637817871,-0.005589225162125241,0.006892732602930249,-0.004170914104255506,-0.09396837956524785,-1.9317772293907058,-1.6545147312627895,2.8125177672635697
-0.00735069115875818,-0.005574465496075222,0.0069129270059458,-0.004134831845706059,-0.09668062454997658,-1.9122722253619435,-1.6724604739197262,2.788576874837572
-0.0072494030123965315,-0.005618246374123183,0.006798094974076673,-0.004263420724578623,-0.08307316923780071,-1.9853438912237105,-1.572782267336638,2.866017175071223
-0.007276561865361689,-0.005597572287034223,0.006822563671363927,-0.004216356528695342,-0.08677889857767858,-1.9609187671852875,-1.5951073829589537,2.8350769087943455
-0.0073007452330300935,-0.005576767155137832,0.00684197746581726,-0.004170747166313445,-0.08993089740396622,-1.9374685613670464,-1.6130888445703009,2.8042473343065235
-0.007078009898934048,-0.005729558468002041,0.006616908200227646,-0.004523958210172871,-0.05525693079031874,-2.1187245458150223,-1.4078477476835227,3.0251377129635375
-0.007097560669011228,-0.0057038263125083,0.006629817605861079,-0.004474947555791305,-0.05916921455780073,-2.0954000547209692,-1.422402310710665,2.990957491144471
-0.007119837353168118,-0.005682486252038872,0.006649367093488442,-0.004431323597927695,-0.06325342662125265,-2.0742303592623768,-1.441595760717851,2.9624219936852114
-0.007034123046354447,-0.0057187273920508005,0.006542118401767814,-0.004527198406622667,-0.04852653282855717,-2.1222480649895807,-1.347875614756892,3.0093733882685596
-0.00688978776945367,-0.005823967398975575,0.0063794215105154465,-0.004747126004874637,-0.0193645802983638,-2.2222178582569936,-1.195981836737263,3.130735088363864
-0.006912740460833189,-0.005800591471481379,0.00640254270037983,-0.004702461732197904,-0.02486474362134339,-2.2024543795114337,-1.219471042404666,3.103801708905364
-0.006939430669936363,-0.005778459929536901,0.006431676815291218,-0.0046581755392408886,-0.030535340142992227,-2.1827452399650245,-1.2473974956536742,3.0787477027090024
-0.006961922805134663,-0.005756512485705283,0.006453797419406124,-0.00461547921913963,-0.035707129195992275,-2.1633759145411884,-1.269460592674842,3.052686049476988
-0.00700036032645894,-0.005727665269096617,0.006495757547611654,-0.004555411257996352,-0.04313529009305212,-2.1357858050616603,-1.3086078853178778,3.0187269127710317
-0.006976014248895797,-0.005736201127056544,0.006463448796252323,-0.004578507939409042,-0.03885170732544635,-2.1464491060362283,-1.2809557869238033,3.027514306429705
-0.007003036031436248,-0.005700818369280164,0.006483350522305228,-0.004513188552446432,-0.044471294921270825,-2.1166087188718783,-1.303144178198281,2.9841423024813163
-0.006810059580323007,-0.00588248095621134,0.006283357040719354,-0.004864118456486862,-0.0013787061131390762,-2.2713201969894707,-1.1056712026949462,3.1894033430102033
-0.0068346292497899865,-0.005836625834500254,0.006299006321706122,-0.004784309042639515,-0.009474476408453662,-2.2360422905078816,-1.1289356891918036,3.134162351959589
-0.006817302746445115,-0.005854464989474242,0.0062807461141924596,-0.0048174811602003445,-0.005244810236583659,-2.2501156539965512,-1.1104044497804846,3.1533950142567413
-0.006853973125805397,-0.005814609189720076,0.006317916889209094,-0.0047438287811086615,-0.01446183621115457,-2.218590696632813,-1.1487993481235128,3.109661202173166
-0.006820936768597895,-0.00580551701645309,0.006261560097715213,-0.004739547121350774,-0.010030623160623128,-2.2141296700398243,-1.1064664533527386,3.08928833134625
-0.006540229733762895,-0.006058725975329902,0.005920143244041762,-0.005194077225574227,0.06267240861334505,-2.380100422068312,-0.776479922955681,3.3023701403953387
-0.006503879625946439,-0.006043638958349836,0.005856713125046598,-0.005171961634992513,0.06504857342220466,-2.360920205799211,-0.7359151090689907,3.259368752552418
-0.006610061335523202,-0.00599130988890962,0.006009542477604769,-0.00507826726397717,0.04233799857482445,-2.3418117256543716,-0.8644591150976247,3.252110555332647
-0.0065665875456385366,-0.006027306629813975,0.005952350861459902,-0.0051410705738805405,0.05384611299944598,-2.3616787265900077,-0.8105659674963785,3.2760760173297316
-0.006583073328147383,-0.006001317149827941,0.005969799672794775,-0.00509751808281608,0.04752083713248122,-2.3451103542091256,-0.8317559284090275,3.2507608010803857
-0.006610877304554609,-0.005963099848495276,0.0060002291040278,-0.005032975706212567,0.03855556821790167,-2.320981386166235,-0.8660285150694269,3.2150001792096825
-0.0060272218491271715,-0.0064499829241538385,0.005148480369824983,-0.005766285293128735,0.19171667067553697,-2.434616455752687,-0.11423692350605803,3.3295952280034555
-0.006056215291055897,-0.006422354147500567,0.0051949188335986924,-0.005730595427953485,0.18400327534853703,-2.435128168393298,-0.15358384103977993,3.3313139661337723
-0.006121643081670373,-0.006336051526537579,0.005297122764340755,-0.00560953771481068,0.16036651056092585,-2.4181520137028643,-0.25415669146097836,3.303830137847965
-0.006067743382302047,-0.006382117899339175,0.005213318389762051,-0.005670126908737553,0.1738371211431707,-2.417795322450266,-0.1844546847930279,3.3000746911405616
-0.006077799448677828,-0.006337014616728295,0.005228438153135604,-0.005601904423775853,0.16329666322844935,-2.396472834810549,-0.21519705678668996,3.2620805347182507
-0.006181151129203122,-0.006282986700954187,0.005387789968737189,-0.005536526246861669,0.14502565197668052,-2.41366057491234,-0.331919753401976,3.3006874743663617
-0.006147913582759135,-0.00630322504653737,0.005336827325072439,-0.00556276036809701,0.1508720612658685,-2.4107324788926907,-0.292571788400136,3.2925759615643115
-0.006193081165040524,-0.006253143175960442,0.0054038730110564275,-0.005491189029144139,0.13675589899105026,-2.399932211058128,-0.35502023335963184,3.2773759015515536
-0.005982518319110487,-0.006447643947957556,0.005078738380525485,-0.005750017132330024,0.1930790420278591,-2.4073295113139666,-0.07981373462284423,3.2788265569702593
-0.006283173352664282,-0.0062326274582755236,0.005544825106915203,-0.005469998767614482,0.12494523130494557,-2.425016859230103,-0.4513192936495623,3.333009398441955
-0.006466159495747862,-0.006053641964048592,0.005799375922402991,-0.005189688620097353,0.07134209617551478,-2.359235107307645,-0.6918078863685286,3.2480483516744156
-0.006311618827477834,-0.006193553065035149,0.005584229155512031,-0.005409960424559574,0.1144138770239551,-2.409363866876428,-0.49330698817811774,3.309156378974835
-0.006345602952467342,-0.0061528192972101275,0.005630985033045414,-0.005347037826013778,0.10268410556685402,-2.3934712641800338,-0.5404610253779777,3.286220873911336
-0.006365223978365681,-0.006108016136965168,0.005652757908392578,-0.005276532136192617,0.09265039435590193,-2.369007927555431,-0.5722764981320347,3.2463265567348842
-0.006395592657656188,-0.006083634799043598,0.005695163218121128,-0.005238406991510011,0.08503405550894343,-2.3613679569377464,-0.6095898817162824,3.2381719418435004
-0.006411413260395838,-0.006046009625830357,0.00571072200741364,-0.0051790390652366874,0.07688395780181806,-2.339703169511415,-0.6337896372152083,3.2027548472269127
-0.006228631364412975,-0.006231893494064155,0.005457665831435509,-0.005462449527823774,0.1299689077842603,-2.4016913936176425,-0.3970989417337432,3.2843583280178907
-0.006186755298857698,-0.006223176282571772,0.005390833170567726,-0.005443315012206708,0.1319560859749664,-2.378064512824315,-0.36042736349976306,3.2378775039400063
-0.006769448250937522,-0.005880032538289767,0.006217337849665542,-0.004870619906453904,0.004799136852777439,-2.2699968321588453,-1.0543067495360903,3.1723439295580884
-0.006673395054665573,-0.005944636941984091,0.006092840324967931,-0.004993836662109044,0.026777489246865013,-2.314133412141492,-0.9410159193995498,3.220762705395988
-0.006722164600926742,-0.005906516446157188,0.006154321900977477,-0.004923545560497837,0.014892117166914978,-2.288720860622196,-0.9986361447826756,3.1903348739178554
-0.006687277669028093,-0.005908135914337115,0.006099582038315193,-0.004933121899760355,0.02032886127114951,-2.288094906825655,-0.9563835714773584,3.178217178753091
-0.0067344197694626795,-0.0058776280939315416,0.006160696330118189,-0.004875036853979873,0.009897310676782787,-2.26775240356011,-1.0110449940546553,3.1564744774620332
-0.006630143359672267,-0.005937840418892228,0.006021149611259964,-0.004990052802187786,0.032335292707438616,-2.3047891428708716,-0.8890712151552737,3.191340843916753
-0.008650255259112088,-0.00512473759291607,0.007952209346624483,-0.002201110384085475,-0.0484246388386968,-0.6716052192734175,-2.4506120879875684,1.4323297076089736
-0.00866595743601642,-0.005119286982861488,0.007958193281491228,-0.002174688586001144,-0.04506361000005061,-0.6554111119878798,-2.4535175645571665,1.4141956479409072
-0.008681921645103072,-0.005115754069476042,0.007966457940987062,-0.0021493519862774463,-0.04186137300739968,-0.6388120870836144,-2.458132228237856,1.3965960857491806
-0.00840856397288727,-0.005162673481940233,0.00778806082416988,-0.0025608617020416516,-0.08625781549485696,-0.9209247605272187,-2.347368597142768,1.6884069940103321
-0.00843838658400369,-0.005169141408581818,0.007822804490334278,-0.002527853894759132,-0.083991142627084,-0.8908634067951685,-2.371997622801905,1.6632370628383442
-0.00842383486808593,-0.005156337020995132,0.007795005452966662,-0.0025351856097522874,-0.08381712925743522,-0.90530069199512,-2.3513488511292704,1.6704555566985435
-0.008472871696586629,-0.005164904352222065,0.007849140929654623,-0.0024783192433745316,-0.07943001373923815,-0.855434078787151,-2.389282151067043,1.6275053807562183
-0.008456456760363863,-0.005163252694831748,0.007832510630201546,-0.0024986508673560635,-0.0811495373151625,-0.8722928853356412,-2.37781012830868,1.6426687659161792
-0.008529998719770391,-0.005144239116825123,0.007875563422163355,-0.002383374434335852,-0.06929218867465832,-0.7965641290008024,-2.4040098751745558,1.5612303767894125
-0.00851651752595446,-0.005152232985291617,0.007873091699329881,-0.002408527427479808,-0.07214190280250722,-0.8104110862700236,-2.4035048345156937,1.5783736440268687
-0.008500413164570312,-0.00515344206168192,0.00786042453774542,-0.002431286923335041,-0.07445890928475056,-0.8270508117054272,-2.3952573124506817,1.5948077804003447
-0.008485558553657494,-0.005158500692554291,0.007853115345654282,-0.0024556670972010666,-0.07700106495878532,-0.8423517429729612,-2.3910722341009456,1.6118708102007453
-0.008575660240522242,-0.005127193361795163,0.00789457728488105,-0.0023067331140458683,-0.06056324112280787,-0.7496117879564389,-2.414021971780482,1.5081187504736302
-0.008559914788347237,-0.005132052969528362,0.007887001016967559,-0.002332329584839735,-0.06348962712173799,-0.7658189539248886,-2.4097780750769946,1.5259481073928132
-0.00854442344347563,-0.005137647591873454,0.00788032870018949,-0.002358160963777757,-0.06640876509783279,-0.7817464118053349,-2.4062048030799272,1.543870904616085
-0.008591678832476825,-0.005122371846643547,0.007902267006351523,-0.00228074912793625,-0.05754311011016356,-0.7331184853799289,-2.418315225630931,1.4900346537614
-0.008625581107637906,-0.00511969681723357,0.007926710709629683,-0.002231642259706036,-0.051876917965762645,-0.6978271139847431,-2.4336463651557136,1.4550107827633618
-0.008638184793211118,-0.005113286721168479,0.007929362727709303,-0.002208955340543443,-0.04903294861543881,-0.6849730530520538,-2.4343738707087312,1.439637601697619
-0.008609462729082331,-0.005117422546723864,0.007911081319550274,-0.0022521738876350905,-0.05418989793760615,-0.7147957633513068,-2.423285779514201,1.4701411152836636
-0.007652440174699266,-0.00545332461965765,0.007229449321349286,-0.0037305630446561773,-0.12424754586534337,-1.6646890461401547,-1.9396598691570894,2.5217334264956315
-0.0076815377773134675,-0.005445145224159592,0.007260509909216349,-0.0036936874207015055,-0.12603763060075754,-1.639990889367679,-1.9650522937369905,2.4964887636533564
-0.007664166519444334,-0.005443032644291292,0.007235400448470129,-0.003706431458425406,-0.12444433316799967,-1.6517817020435142,-1.9444455538679892,2.5043749327807334
-0.007627405286697173,-0.005471699067985991,0.007212964266470307,-0.0037772175715476658,-0.123487490355193,-1.6907059218334088,-1.9261706800535705,2.555079571676418
-0.007613182103930508,-0.005478887943089681,0.0072003403001943056,-0.0037992496869730824,-0.12269226533625792,-1.7039828682821654,-1.9157316185251145,2.5704871317689926
-0.007513994397015008,-0.005547852341650932,0.0071253290163136055,-0.003977150945461674,-0.11657461958337463,-1.8042769030349077,-1.8523009387724347,2.696880101187207
-0.007528699444792912,-0.005529874534517989,0.007129965472290751,-0.003939990527996567,-0.1172649495135516,-1.7855491957433134,-1.8565888461987237,2.6693801059378752
-0.007543616252587868,-0.005522358419918063,0.00714412625415297,-0.003917403356058989,-0.1184644794544589,-1.7720375499006455,-1.868570804058756,2.6538244668141746
-0.007583533981272789,-0.005500502703531137,0.007179682538802229,-0.0038540523624919346,-0.12129000947544115,-1.7345845174162073,-1.898495442965963,2.6095956339921913
-0.0075980311270393095,-0.005487297879655632,0.00718743615172699,-0.003823658949671485,-0.12186125526066911,-1.7184025984088482,-1.9050233603737718,2.5876167740314178
-0.007553604639388123,-0.005507339016719271,0.007144448389969118,-0.0038883039787612,-0.11851798748152788,-1.7579981264413143,-1.869079043346044,2.6320751096540396
-0.0075653759185564514,-0.005495722601489904,0.007150219404037153,-0.003862538414725284,-0.1190885330419185,-1.7445360414733475,-1.8740297455057644,2.613433693183609
-0.007626548355421928,-0.0054560489629274615,0.007197211350255879,-0.0037568085102327913,-0.12204871664123844,-1.684272207402275,-1.913065587463756,2.5388880652990298
-0.007635613652524321,-0.0054451036494602865,0.007199213363312153,-0.003734267308681491,-0.12194901461423104,-1.6730438779422598,-1.9146693747032744,2.5224447243832055
-0.007491428187433942,-0.005540848219260874,0.007087025126065231,-0.003984872055782247,-0.11344040337187965,-1.8148029628785805,-1.82023460623484,2.698562653484991
-0.007467469882053489,-0.005532227469983687,0.007045488159852756,-0.003990937527955458,-0.11003762720294989,-1.8247517628099599,-1.785735231553504,2.6984869975971297
-0.007396990039156368,-0.005542314428618641,0.006953539960345684,-0.004056642985084887,-0.10163886557503214,-1.8699093598657959,-1.7084397638016122,2.7359398410439173
-0.007425914074822188,-0.005543086491906906,0.006995567288425796,-0.004037124585048817,-0.10528144726497557,-1.854579610738827,-1.7435184256284735,2.7269327427180534
-0.007442810248878773,-0.005523556618141717,0.00700312858207353,-0.003997007805870998,-0.10661668184307575,-1.8343979570401316,-1.7507840266817338,2.6980204997389183
-0.00812488419254636,-0.005302686310795179,0.007655625050819012,-0.003055479043991571,-0.12416088569986516,-1.215324500868696,-2.2683219007587527,2.0381930740771828
-0.008139354699869376,-0.005298024891012104,0.007666457116871933,-0.0030331956855260554,-0.12315624000370697,-1.2005950088874187,-2.275924902975247,2.022018043640287
-0.008182420577897455,-0.0052615093659230915,0.007672841841469709,-0.0029421916273409186,-0.11647826582496289,-1.1534644819793087,-2.2767299275868456,1.9580443652371347
-0.008167989633094784,-0.00526794811472366,0.007664473299657733,-0.002966374191317465,-0.11794753656509711,-1.1683365720749934,-2.2712442015881273,1.9753382180914396
-0.00815422306209683,-0.005275564857044061,0.007657975104440559,-0.0029910035122512643,-0.11949258720649747,-1.1827403774853604,-2.2672346007708684,1.992856721670479
-0.008142946573677734,-0.005283181779450687,0.0076540625272403405,-0.003012671808489257,-0.12090304523568492,-1.194767774421868,-2.2651215047040587,2.0082008899891597
-0.008317899016964827,-0.005210719533947847,0.007755368552047234,-0.0027229184860121415,-0.10123546146449729,-1.0146419323142088,-2.330492736002603,1.8013959007312088
-0.008301526656509165,-0.00521826187831121,0.00774760531943492,-0.002751046717598279,-0.10355905626321983,-1.0315672640980065,-2.3259089986922636,1.8212411269617867
-0.008289455815128875,-0.005227108534005095,0.0077454453669343944,-0.002775063800438711,-0.10567630267859211,-1.0443393935792493,-2.3254335701073545,1.837907509663682
-0.00827436120392572,-0.005228924893797269,0.00773225806225266,-0.0027957724640641384,-0.10702785097185075,-1.0595194807368016,-2.3162315199475585,1.8530614649149875
-0.008258188327523704,-0.005233244426884026,0.007720630524632764,-0.0028202577860401497,-0.10861648979497555,-1.0759405773522925,-2.3083851767226764,1.870695161592406
-0.008242319420094566,-0.005238167125358227,0.007709824533898574,-0.002844890773281372,-0.11026601563724715,-1.0920989959043677,-2.3011454120337977,1.8883947052987475
-0.00822679651229278,-0.005243664017962759,0.007699855267248927,-0.00286961607952179,-0.11189808795070753,-1.1079553024913409,-2.294534126189841,1.9061118641580348
-0.008211823944819074,-0.005249665483625584,0.007690865116310386,-0.002894134292062835,-0.11350283208115818,-1.123315554640807,-2.2886530193284393,1.9236350756703768
-0.008197077057004287,-0.005255640476128315,0.007681936047237089,-0.0029182993670001617,-0.11503464350451738,-1.138445752753941,-2.2827773878680993,1.9409245681654654
-0.008113383531049288,-0.005292925389916594,0.007632189627718637,-0.0030581696563209936,-0.12298820216179314,-1.2246854281415438,-2.249744680235676,2.0411348046679025
-0.008096687672006036,-0.005292538589102584,0.007613201063499873,-0.003077145666425481,-0.1232543365768848,-1.240454839066026,-2.2354055111516953,2.0552854573504997
-0.008079145291224719,-0.005281361872195408,0.007581570076896316,-0.003084804564365001,-0.12186639714981053,-1.2547371658313817,-2.210488352920232,2.061882003958359
-0.008011072801061007,-0.0052897517356221965,0.007513284530433472,-0.0031704189537968028,-0.12329065545940712,-1.3183981674174834,-2.15907113949174,2.1239823418823263
-0.008026539196304975,-0.005275846284107355,0.007516410158617632,-0.0031375323785784574,-0.12157147908234092,-1.3013841867894314,-2.160430775059933,2.100752805896831
-0.008047686902587853,-0.005277279134189177,0.007541876564316853,-0.0031157041440817252,-0.12161062588989602,-1.282709420620012,-2.1799658169508054,2.0847915091557714
-0.008064831105869726,-0.005273162220423429,0.0075568070753465775,-0.003091847306430115,-0.1209368648876499,-1.266238628393099,-2.1909910174227254,2.0675953438654804
-0.007728145272201618,-0.005436161601280827,0.007313374383941632,-0.003638994288547703,-0.12891706143601891,-1.6010771592187176,-2.0080884934919765,2.4589105742512056
-0.007740832246584885,-0.005421531933601124,0.007315653654019,-0.003607973532399594,-0.1283753803315111,-1.5855522490060958,-2.009519006612706,2.4362873510732634
-0.007839170608674858,-0.005367961022076005,0.007387743753191058,-0.003444315580634787,-0.12856359091215172,-1.4878387947383127,-2.065527729945691,2.31952001497722
-0.007819806067233525,-0.005376351571913376,0.007371941883195368,-0.003474042488812088,-0.128473460922647,-1.5064597822266121,-2.0532869607730952,2.3406805115954294
-0.007802210533141045,-0.00538504760256566,0.007358434324847812,-0.003502284084486902,-0.12847551359428924,-1.5236605156884357,-2.042811872879341,2.3607844187237816
-0.007786651734034383,-0.005392375385223567,0.007345956322180144,-0.0035267085951061843,-0.128383657068024,-1.538704090189979,-2.0330528444740383,2.378160546396941
-0.007755205006479645,-0.005409354894976982,0.007322361960007662,-0.003578609590335721,-0.1281506874093019,-1.5697290466928686,-2.014587207523029,2.415120162320824
-0.007770779835114895,-0.005399700326817616,0.007332911694389673,-0.0035513438678901675,-0.12818103837230502,-1.5539283511094233,-2.0227955550287446,2.395648869981717
-0.007917390407535713,-0.005336244147829896,0.007451293232677859,-0.0033254687099975853,-0.12772279224092506,-1.4124369790141516,-2.1140775131400678,2.234740780818835
-0.007930241396098055,-0.00532113547318732,0.007451184832482945,-0.003293902605824663,-0.12613448789687107,-1.3971653024137518,-2.1130492498333324,2.212220566824039
-0.007844008033182609,-0.005342924393440808,0.007368712627804112,-0.003408508922026137,-0.1259002551316615,-1.475668213656119,-2.0492424021517497,2.2934497357684003
-0.007866641870379948,-0.005350289126819788,0.007403905964222193,-0.0033948211129314755,-0.12767286375835932,-1.459470935330524,-2.077516050271523,2.2841508517843647
-0.007899168904722784,-0.00533974289243224,0.007432869831183346,-0.0033486456966165578,-0.1275447193633709,-1.4289961127737636,-2.099789413302567,2.2512939515515185
-0.007878043203588356,-0.00533965669353628,0.007407115975197995,-0.003370227702499988,-0.1269384615143553,-1.4466792405203703,-2.079502643143599,2.2665615700742183
-0.007971027782197644,-0.005290227315013757,0.007467474124923798,-0.00321429398247733,-0.1230298473961674,-1.3536869982113926,-2.123778753431949,2.1556409377646175
-0.00798772303350164,-0.005275430740580407,0.007471569594655325,-0.0031792876234265272,-0.12132836297565262,-1.335456547557911,-2.1259660131218667,2.1308987990741457
-0.00795047879222566,-0.005286395147575382,0.007439582034311565,-0.003231608429498832,-0.1223012265463099,-1.3703194256534874,-2.1019275793329673,2.168109619382562
-0.007932700354119573,-0.005295577385756453,0.0074280355443878945,-0.0032610187754612287,-0.12307487859486547,-1.3879132652088229,-2.0935061195885023,2.1889350240097794
-0.007710746122344793,-0.005430936803662157,0.007285455162589968,-0.003648285538497671,-0.12703052528974682,-1.6123020539931436,-1.9851658406148867,2.464454656804031
-0.007691871540040767,-0.0054309369557330334,0.007260617750513657,-0.003665530447962982,-0.12570985209377952,-1.6264116335620138,-1.9649248031083004,2.4758292014265524
-0.008319128829790254,-0.005191565235505993,0.007735182001877197,-0.0027025572197369604,-0.09841298539145112,-1.0119646392186477,-2.3139048603516943,1.78883936469222
-0.008348456079343631,-0.005187576419174556,0.007759208142834058,-0.0026615972325914135,-0.09543007662600739,-0.9825082921166014,-2.3303814133293765,1.759144658437515
-0.008332511105904173,-0.005184471410323331,0.0077403284813751,-0.0026787946668922432,-0.09639804574355643,-0.9981658757248265,-2.316710140462996,1.772225540179329
-0.00836211121839729,-0.005172570216698651,0.007755512059153688,-0.0026298431486368712,-0.09210579316389017,-0.9679638506614959,-2.3259586463111233,1.7377360332920009
-0.00837764729136658,-0.005158184610815307,0.007754177031040027,-0.0025964268856746606,-0.08869015147149802,-0.951654136359446,-2.323301798653597,1.7150649320943392
-0.00839438535552575,-0.005149914267422241,0.0077606148115564886,-0.0025672910133980836,-0.08597571636135422,-0.9345579974806145,-2.3267888077748435,1.6947962172999402
-0.008753902057923337,-0.005113797480092909,0.00801818713354613,-0.0020445747421287646,-0.02828119957541032,-0.5623562792365943,-2.489636831968252,1.3222231965417681
-0.008723757130555078,-0.005121135803311823,0.00800453325388002,-0.0020936128474339706,-0.034959566856886205,-0.5938075925216223,-2.4825933895656718,1.3559303730012597
-0.008738933845625177,-0.005117475118096667,0.008011517455783034,-0.002068970684486119,-0.03163037434092831,-0.5779702278089863,-2.4862274671151035,1.338973424786164
-0.008757802509498173,-0.005097974087058119,0.0080024569576074,-0.0020274116288979474,-0.025644284358061434,-0.5598862449230825,-2.477408199684302,1.3124253312212206
-0.008772071173018502,-0.005093172200543742,0.00800712341560557,-0.002003307803967321,-0.022283455693655748,-0.545202644293559,-2.4794301625605075,1.296071115850909
-0.008786930947470727,-0.005088280876602484,0.00801197693747918,-0.0019782705603160304,-0.018759250838892502,-0.5299181408629129,-2.481530811369248,1.2791057667474481
-0.00880230655798401,-0.00508374939486696,0.008017475341796204,-0.001952720504470932,-0.015131752930843944,-0.5140606405343274,-2.484058223522154,1.2617636627477067
-0.008818050628551469,-0.005079608630896371,0.00802353979226063,-0.001926879276133887,-0.011429044599543454,-0.4977762705171244,-2.4869664503463125,1.2441969590475075
-0.008834118120916893,-0.005075685983605514,0.008029927995066093,-0.001900681032627551,-0.007634802974151656,-0.48112690936613717,-2.4900783652984013,1.226383636234342
-0.008866988320882232,-0.005069444190147186,0.008044600420718083,-0.001848146871991521,1.0793167738907209E-4,-0.4468496036999272,-2.49760084997598,1.190558750018942
-0.008850620769078622,-0.005071922145497595,0.008036636740924698,-0.001873911730116869,-0.0037115884624090954,-0.46399747683295184,-2.4933771087532874,1.208184352184109
-0.00871292866289578,-0.005108342379743717,0.007981423794719231,-0.002099558016417431,-0.035394507389920775,-0.6065827442855033,-2.4662356988480414,1.362154678805788
-0.008697552636950427,-0.005111857567624827,0.007973889463563961,-0.0021241538547054073,-0.038589911149798976,-0.6225732483879162,-2.4621341097764997,1.3791635983910326
-0.005302122823039712,0.007027663352271349,0.0039394353974539454,0.006280906642227761,0.29834381624360423,-2.1458804550372617,-0.6561006104377717,2.886818646531474
-0.005168461158665931,0.007184806082460971,0.0036887147390424276,0.0064018078506249436,0.31188682250042093,-2.065249849932064,-0.7972753186851639,2.7803022440873915
-0.005253149603128494,0.007076558312832739,0.0038524930927639743,0.0063159102617905425,0.3022095832379399,-2.1172595748760603,-0.7022556523072114,2.847260400425466
-0.005210587754562682,0.00712937711702142,0.003771362685041815,0.006357972963831231,0.3072247432305127,-2.0918217633579874,-0.7493908213127539,2.814219894849471
-0.005295246007977041,0.006950519950413262,0.003964759281969733,0.006176276914436781,0.28163982155271533,-2.1316996557407784,-0.5970473036111805,2.850697915871672
-0.005115953770636286,0.007248430200818978,0.0035879041806805676,0.006447222830265336,0.31571464895646134,-2.029984168189721,-0.8504850023851481,2.7340326348391497
-0.00504799567537574,0.0072757422803839305,0.0034898482215464273,0.006436613487216046,0.3099450946465115,-1.9849559487365516,-0.8714894990430772,2.6641190988740395
-0.004710895067718949,0.00751414842020752,0.002962607876145947,0.006482441810216232,0.2858290688395262,-1.7591173281914934,-1.0152719116550164,2.3388601018855337
-0.004986832627101848,0.007308457942948099,0.003398232097876219,0.006435934244367651,0.30541031898481275,-1.9446360895897519,-0.8946154917990112,2.603473017401743
-0.004927046633839381,0.007352112140356942,0.003302720656949742,0.006447632058677954,0.3021404390263654,-1.9045365460771306,-0.9240901591337433,2.5456206493491855
-0.004861127263931967,0.007407613618950146,0.003193731574659672,0.00646705855892843,0.298767058385159,-1.8596226988435558,-0.9593653930358228,2.4822350146314776
-0.00477883420984555,0.007452412225099922,0.0030751814193692886,0.006461969146733402,0.2904211596700606,-1.806460952276635,-0.9819089248533999,2.403982079707412
-0.007355629686806573,0.0055564803719111155,0.00690560522645621,0.004105443692240511,-0.09675921795579813,-1.8993160651122671,1.6676071589131058,2.765510009822078
-0.007360570110386286,0.005523709753847104,0.006886457903318815,0.004055141458073108,-0.09623658036647587,-1.8781291823236195,1.6539071869700288,2.7255268785280222
-0.008016211613421479,0.005269375693178406,0.007497918722445743,0.0031414994206508495,-0.12060786002421488,-1.3090653100633987,2.145780662113942,2.1039284816003643
-0.007984282312550165,0.005296485155521727,0.0074893519443152675,0.003207335038242497,-0.12396846863672058,-1.3437243401856465,2.1411121798270893,2.1504667827968924
-0.007992075763357606,0.005272328366816538,0.00747337920322609,0.003171035906836425,-0.12092507513365285,-1.3309019262174713,2.1271384427731506,2.12508728466136
-0.007921540664423977,0.005327604175893165,0.00744741482356421,0.003310750857436482,-0.12678425843787275,-1.4064138488302216,2.110526040909416,2.224233368177678
-0.007904214217113861,0.005328617693114643,0.007427636243967947,0.00332999078604366,-0.1263814640056528,-1.4214091386009056,2.0950801002701733,2.2379311677167606
-0.007930818261040265,0.005311580465183224,0.007442091447922019,0.0032819307159498517,-0.12498205897602226,-1.3939712338246821,2.1054073245967087,2.2037238376934414
-0.00796184922949884,0.005297280016537082,0.007464018965209303,0.003232305704925819,-0.12379904384378915,-1.3634787953345555,2.1215483089249045,2.1684341105352405
-0.007943056326771968,0.005298806775599324,0.007443524424082725,0.0032539811415834437,-0.12370948708131627,-1.3800187368448265,2.1057314631825315,2.183913016224763
-0.00788867723447911,0.005321719468948901,0.007401929081939076,0.003337641149737083,-0.125045311496316,-1.4323900544275017,2.0744439678489646,2.243287729726626
-0.007870778158572322,0.005315961041159033,0.007374545400957942,0.0033488215781921093,-0.12376531326417409,-1.4453766377909707,2.05255126998263,2.2510523434125433
-0.007851309024976402,0.005326268415728213,0.0073611267822149135,0.0033808258251973315,-0.12414623864920359,-1.464441324964312,2.0424262757738885,2.2736671292378943
-0.007825108198220234,0.005331000303082342,0.007333680500183523,0.0034124774359153586,-0.1236033858344433,-1.4869130591737212,2.0208648762389205,2.295724273711677
-0.007801403186386506,0.005337995823945272,0.007311214106772973,0.00344412729235339,-0.12323323486908389,-1.507893891326604,2.003242343620567,2.317780363264221
-0.007776569114432577,0.005349253893403486,0.007291132490036773,0.0034819007935532474,-0.12307510593189742,-1.5310462682345476,1.9875720249180788,2.344199326791778
-0.007747042184213272,0.005353001678952786,0.007257558978992774,0.003514314775837646,-0.12184204873906526,-1.554700126012271,1.9608152120792632,2.3661799865678
-0.007724292153253452,0.005372029038560054,0.007246696412592838,0.0035594825588709804,-0.12220867657012056,-1.5788946679696882,1.9524842996680734,2.398217207267922
-0.007699251830153408,0.005379834586526864,0.007221894907047561,0.0035922420450326246,-0.12128147308871572,-1.6002391971705563,1.9326106243928776,2.4206074502351154
-0.007677091027793935,0.005390400874706887,0.007203072294726853,0.0036257113065093043,-0.1205864019040482,-1.6203888582905888,1.9175158345613796,2.4437197591860973
-0.00764113688331159,0.0054148769393316705,0.0071785932046889225,0.003689279725018343,-0.11995605375732286,-1.6559661529928713,1.897793690654489,2.488260087175884
-0.007656475285197234,0.005396251705143384,0.007181604045868003,0.0036514689786870482,-0.11952243297432019,-1.6373308697548823,1.900143294461278,2.4610743194584246
-0.007615369988730953,0.0054104283078245516,0.007140456253609014,0.00370542767828208,-0.11725290936082121,-1.671604771480911,1.8666514284644846,2.4973899469393674
-0.007431875480194576,0.0054901898200236735,0.006959795093938241,0.003958041909894926,-0.10359274426340137,-1.8225466996720214,1.7163183746668478,2.6639086758480737
-0.007455041617106994,0.005472786226835109,0.006977523569004984,0.0039169086435916845,-0.10525014679849266,-1.8005631990343025,1.7316582802029785,2.6359484689689467
-0.007367759196862909,0.0054902725400048,0.006870059052493423,0.0040030287232887775,-0.09607816954905705,-1.8557748564286747,1.64269962031998,2.684956479846352
-0.007400805732501126,0.005479948938806424,0.006908039883826695,0.003965841160402825,-0.09945745764842392,-1.8335021228253137,1.674373649569228,2.6630223364098558
-0.007585912359038187,0.005419722356783643,0.00710965052473229,0.0037423873284231804,-0.11544366692882961,-1.6952109105750843,1.8414602030061962,2.5218134751307595
-0.007566333799294139,0.00543310131224355,0.007095304057022511,0.003776364798274033,-0.1144030858246243,-1.7140231618801027,1.8295264373451556,2.5452937653872083
-0.007548175494799368,0.0054358566395256245,0.007073254795245365,0.0037947287339400388,-0.11296417067075401,-1.7268059501648416,1.8114271842078797,2.5567384072645667
-0.007479649128538858,0.005456158596102775,0.006997456094745272,0.0038756357741015,-0.10704163563747403,-1.7780288868807983,1.748661907367713,2.6080942224510504
-0.007505156832381421,0.0054391490562463,0.007017831838382828,0.0038329666071992455,-0.10873528684019275,-1.7546248512779454,1.7658949196116291,2.5792342170679903
-0.007529950207660334,0.005428445691458217,0.007042203044030346,0.0037991919779057554,-0.11045346101098577,-1.7345209674949449,1.7860813493477767,2.5571263554403427
-0.0072125565049034005,0.005660143788723806,0.0067741634699664465,0.0043477196139806,-0.07772486667466028,-2.0269907093515767,1.5485263487931158,2.9252023664663844
-0.00722567040368538,0.005640252033883169,0.006779150999958156,0.0043102220528966045,-0.0799267742326712,-2.008935846924237,1.5548175801849609,2.8977507954197357
-0.007324995580428172,0.005566015472148448,0.006868853897457425,0.004139518386260344,-0.0929602079597982,-1.9197816807665589,1.6363432769914998,2.7852851011469792
-0.007225600531176527,0.005611933153321869,0.006758072987946351,0.00426804804432267,-0.07972367854472974,-1.990961959899398,1.5401511964848444,2.8621209914268273
-0.00724807963058936,0.005607487275495297,0.006788039297299539,0.004248255147637763,-0.08281701089420473,-1.9791056526134585,1.5655224357973752,2.8528326298211275
-0.00726564546129653,0.005590967697370469,0.00680148180504839,0.004213320895780821,-0.08528617263165063,-1.9615243899524601,1.5782620835859442,2.8291376744735577
-0.007294362774619897,0.00557754765185097,0.006833263317090457,0.004175900677398159,-0.08899558812766063,-1.9408066769641195,1.6058197194486488,2.8066727048087254
-0.007184037781250791,0.0056579896694278695,0.0067294894175072605,0.004360418108106333,-0.0734136934049688,-2.0363179897100423,1.511270810757935,2.9258732010742095
-0.0071265352434637845,0.005669267155577125,0.00665046171353998,0.004407855366679758,-0.06446528420645614,-2.063252474032161,1.4442681430006485,2.9450125886276513
-0.007155154149085671,0.00566156623319426,0.006688402982963401,0.004381375239824897,-0.06899444629355422,-2.0488173394645064,1.476656636395677,2.9332169769746272
-0.0071005831386064255,0.005644491257853383,0.006594625495109959,0.004383522146853971,-0.06112194123120195,-2.054529958296993,1.401921699756474,2.9145089069336247
-0.007068195564498592,0.005656593434903452,0.006553998937972383,0.004417237477432446,-0.05603911148160288,-2.0714605839335714,1.3671624861531182,2.930245889191802
-0.007002345990687754,0.005709549822952968,0.006487661116851984,0.0045268024985721305,-0.044083504303692296,-2.122883806391787,1.305187015358711,2.995491669407978
-0.007028626287383354,0.005674103221589858,0.006505588150172798,0.0044616207203958536,-0.04978124286843869,-2.092890352787261,1.3254262576439493,2.951538436292514
-0.006964161005295153,0.005709812741388966,0.006429553452279393,0.0045427791784228505,-0.038363881037879966,-2.1303132829513767,1.258436539371974,2.992276586496128
-0.006919369367359052,0.005760508442418336,0.006390132961358409,0.004637583997432452,-0.028711258466883497,-2.1727296660087365,1.2175908851846262,3.051607846273655
-0.0069323395856706466,0.00572224508185266,0.006388275780528247,0.004573996334349392,-0.033065197625532554,-2.1440324339198447,1.223498342342634,3.0042337492264726
-0.00684475999507176,0.005782997864002197,0.006286911984632907,0.004697416403805138,-0.015623865852874652,-2.1964778971389913,1.1314376303612612,3.0659178763462926
-0.00687363634014299,0.005762112657330636,0.0063204082685741686,0.0046558857876583684,-0.02160115960131572,-2.1792111062119286,1.1620654504959325,3.04531238831051
-0.005658912745508883,0.006737750505968954,0.00454236680650874,0.00606540059296005,0.26155340680001443,-2.328613868360186,-0.3168379696878297,3.1564898255466214
-0.005658086264528727,0.006676627497299867,0.004557062494970345,0.005976307409283977,0.24728067972820994,-2.306739022780915,-0.27286207308751803,3.112293422207818
-0.005695246706725526,0.006623287110921435,0.004623168283117619,0.005914376782901022,0.2355063990212576,-2.311387496244133,-0.21711074889878157,3.1154805824519545
-0.005597519627342356,0.006756237703507465,0.004448469488350919,0.006063619723400013,0.26299038910716493,-2.2925449809547107,-0.3581852896956162,3.0961856743178164
-0.00554496868466902,0.006781707873189229,0.004366199028344381,0.006074833425865429,0.26590673937333303,-2.264086942506743,-0.3984499224063552,3.050553754841555
-0.0055063628042414684,0.00682310626462596,0.004298540536882362,0.006113972044414908,0.27252953007654046,-2.248893108857031,-0.4435132660247851,3.0297280678856633
-0.0054492575021619395,0.006828470636571516,0.004217852768705992,0.00609309355634055,0.2701253912257932,-2.2114860554880917,-0.46653830227585985,2.9672710000165097
-0.005393784432605771,0.006861886226032508,0.004130613201356292,0.006110486667007622,0.2726607122728928,-2.181792844675798,-0.5075292440382849,2.921852658033361
-0.0053433525249769655,0.006910672985559266,0.004044451135610704,0.006149494975310982,0.27842934595416785,-2.1573601077923983,-0.5566977301053851,2.887708055658162
-0.006808432956311539,0.005783984105187545,0.006231312340785575,0.004709815730322245,-0.009950319973988842,-2.1994049589377123,1.0877591647257032,3.058122976083333
-0.005976337353980819,0.006435238253013668,0.005069840716919418,0.005729059519272416,0.19005901420648705,-2.397049619936428,0.08197020743021703,3.259772163491212
-0.005938725285078621,0.006428575167302945,0.005012561401915732,0.005708240049767396,0.18989843159603628,-2.3721169816962973,0.057403609602533226,3.2140781871246444
-0.006005811126507568,0.006407318344874159,0.00511646990842709,0.005693894989288074,0.1825749772765923,-2.398323932565155,0.12002861384683781,3.26257615601144
-0.006039976848961986,0.006389694758261705,0.0051698678266938825,0.005675227158542088,0.17716680913511143,-2.407194284832324,0.15711531832472345,3.2796767587733284
-0.006136853652019162,0.006331867864220136,0.00532096700507808,0.005605964821753402,0.1584801143865611,-2.423273695463921,0.2698765547011722,3.314072414458507
-0.006101358286754002,0.006342119339604527,0.0052654081865671784,0.005614878287044085,0.16271129127544007,-2.4115752970351783,0.23325282851593188,3.2904828496622858
-0.006041448645099646,0.006352779606901814,0.005172277369770562,0.005618291324271108,0.168614069291341,-2.3868238825203467,0.17703060010959196,3.2428300841377142
-0.006062377464443984,0.006333952158870804,0.005204424811069272,0.005593818885966749,0.16358516723053224,-2.3867599136426265,0.20340795450336785,3.2436861659472944
-0.006246170132231825,0.0062346004876874,0.00548586201550557,0.005468874053752264,0.12890639561058007,-2.4109160409174524,0.4132933339257124,3.3030073755916587
-0.0061569636689591326,0.006305685467196878,0.005351259727973727,0.005568322784885435,0.1510428626245662,-2.4166978592190156,0.2998947203065634,3.303823639779828
-0.006190739517039862,0.00627900920957463,0.005402675575912669,0.005531740888221829,0.1429479113034081,-2.4155658006560476,0.34256300511716603,3.304998334539562
-0.0062133090621732286,0.006245961404235629,0.005435070988549178,0.005482696155432351,0.13397030633196286,-2.404231964745134,0.37697542277223334,3.2872335745822823
-0.00628617125033096,0.006180654462185515,0.005541463345126203,0.005387277475136755,0.11423623803375595,-2.390827768237831,0.471267421835222,3.272469008033372
-0.0062477886542265755,0.006191347457029907,0.005482491665349491,0.005400591007119774,0.11996010752846553,-2.382909159236698,0.4297586243525333,3.2533516132874643
-0.00568652584770335,0.006549300354218521,0.004625067690370437,0.0058042478253252545,0.21913590618403547,-2.277676166419136,-0.1732943713118126,3.051883155011802
-0.005727806269934146,0.006512558037289461,0.00469063495440885,0.005766071201050393,0.21081096780881323,-2.2879311693545787,-0.12815455763293773,3.067312828978378
-0.005814921040274467,0.00650038362834402,0.004819807150043918,0.005777878388721827,0.2084649889922849,-2.3345375259616734,-0.06888216114267831,3.148472536779224
-0.005765776903988235,0.006487701607799708,0.0047492977188307965,0.0057429284788118136,0.20603861856798647,-2.2998220880695355,-0.09137263342621386,3.086751120361513
-0.005854560653188956,0.006467019619934164,0.004882609025536119,0.005741031171253763,0.20032939503960476,-2.342536470235976,-0.023579042268563024,3.1616129613183914
-0.0059020190310888326,0.006445203774485957,0.004955761066842485,0.005722778034334978,0.19470234988482063,-2.3595501821027707,0.02147905681020196,3.191637348125815
-0.006596453012374289,0.005959009231923333,0.005975756495636208,0.005028351627756537,0.03991207023493454,-2.315965884820791,0.8492211282162428,3.2022068095522074
-0.006600778404840045,0.005922961934778242,0.005969122691203738,0.004970906980752208,0.034533019761105004,-2.290463601876087,0.8551048449051591,3.1579935077905326
-0.00654457216027078,0.0060315455197077344,0.005918250890034136,0.005149786110558813,0.0575860050622965,-2.360623929889013,0.7843680313325684,3.268585057343959
-0.006562178542525588,0.006004656365345842,0.0059374439543635905,0.005105027599171776,0.05082999011950674,-2.3440728133243414,0.8070983027835539,3.2434818361085944
-0.006563467167843003,0.005970990542638779,0.005927777440099188,0.005051278974031862,0.04604610515144008,-2.3196505576106703,0.8105450549530365,3.2002987202335795
-0.0067678101833972965,0.005805051119947037,0.006178947623813543,0.004753498442851185,-0.0021004582295578098,-2.215551435312204,1.0426977337791306,3.0734791976681755
-0.006702315446720279,0.005853581172759083,0.006099593484420477,0.004844378716048095,0.012379464508462027,-2.2492083364409776,0.9706730738123176,3.1131379568420896
-0.006730980337440739,0.005827082958298685,0.006132276885680777,0.004796739971652184,0.0051766061277114086,-2.2311620326141366,1.0019247986646123,3.089651529981286
-0.006666133498885186,0.005849786920334953,0.006041843458320446,0.004845897711911836,0.01682656186514612,-2.2446372594669985,0.9285636425162913,3.094462753331648
-0.006636386161014393,0.005870432263465082,0.006004267226308132,0.004883354212696413,0.0235307092568168,-2.2569524503685483,0.8954140895766951,3.1080335515224995
-0.006607162469553532,0.005890948610212939,0.00596695495938969,0.004920021195806662,0.029925375184346355,-2.26846681693155,0.8625986021559241,3.1207154358677505
-0.006510661584375985,0.006033889937218771,0.005864560215101975,0.005155954933619964,0.06248739008167858,-2.355297000094953,0.7447692422303275,3.2509299731423025
-0.006475380404415446,0.006044875462439874,0.005811545394347807,0.005175342009547785,0.0687501137481434,-2.355182814705195,0.7035379339459743,3.242837066883523
-0.006437700518587035,0.006057961983314049,0.005755321501865669,0.005197361609043777,0.07550784212396446,-2.354998042523281,0.6598948795288814,3.2347296532926246
-0.006397866693615516,0.006080603021241553,0.005698026452673414,0.005233624505119314,0.08398440844943221,-2.3598401815862338,0.6127610997737962,3.2356480455752683
-0.00635160785001218,0.006088605760908285,0.005627015440349375,0.005245642531530923,0.0905343857245729,-2.35140228342277,0.5628739520581566,3.2127815195699854
-0.006293061958588076,0.006140166272350264,0.005545408045328971,0.005323954683471645,0.10593657636525862,-2.36629294210625,0.4902963006269158,3.230028296137975
-0.006311401485608412,0.006103806408909211,0.005567306648133783,0.005268074350771811,0.0973598422280192,-2.348520529047462,0.5184275883393995,3.201387803698925
-0.006322053935116343,0.006061753051910354,0.005575323988361623,0.005203186738147009,0.0891015559446635,-2.324144331392125,0.5392985907331078,3.160348140671291
-0.004596535809904033,0.007486932233074174,0.0028634530779890785,0.006380821808374598,0.26342886346312094,-1.7038693218699983,-0.9767651454788172,2.2417601325845773
-0.0031333090950849633,0.010528172237812383,-4.199561862582588E-4,0.006557597890157898,-0.0713888304366722,0.22679491822426412,-1.29425395600067,-0.0390561465521648
-0.0032555230905348094,0.010324097934738083,-2.7436070678978005E-4,0.006669250482607639,-0.05065580809689308,0.10742145434163618,-1.3728208681136962,0.10184823561659719
-0.003395030792650789,0.010132900971596614,-1.2132741815384743E-4,0.006783571755020188,-0.026467238943763884,-0.009786913565412109,-1.4547357704114228,0.24810799618071447
-0.0026837498559948523,0.010830924882378773,-5.309454617838439E-4,0.006231534848419626,-0.09842538183044625,0.35085845789832276,-1.034881117887532,-0.2247082348623847
-0.002847303456842501,0.01054407168088712,-3.8101690629853375E-4,0.006381225112489061,-0.07889637666395537,0.2082725227291682,-1.1411776738424884,-0.06279791191197072
-0.0038432255811558357,0.009333280069977103,7.018043733962959E-4,0.007044639470984985,0.10151400839011192,-0.5760604607380048,-1.6111110583477461,0.9324018418453438
-0.0038117303563450222,0.009473262357652525,5.501920825823381E-4,0.007054412516340946,0.08193203730572358,-0.47643598003329973,-1.6280173667872844,0.8218671956798022
-0.003713642041282331,0.009599110432841522,4.032000465376908E-4,0.006998905272727284,0.05637593774971309,-0.3805541178221741,-1.59384708236637,0.6988298840234127
-0.003440097212331115,0.009941020369205415,5.0575118854402146E-5,0.006819004663158829,-0.0038649531650368865,-0.13715743327613283,-1.4720044513510608,0.3878489872540875
-0.00360073351115272,0.009690248445116928,2.972012545970842E-4,0.006922704926551684,0.0361849940310253,-0.31075552273696205,-1.540361779543234,0.6011240079818841
-0.00350964249186862,0.009794823592893312,1.8867868786338288E-4,0.006863489974130319,0.016704980883978062,-0.23641997733021194,-1.4995986540142565,0.5042896275769606
-0.0039044375479153,0.00877221709037058,0.0012771109747938172,0.006870455356720348,0.15603653646842278,-0.9370093122444089,-1.4491017678104454,1.3161063680804554
-0.003919444387666747,0.008875872556048726,0.0011861741662348385,0.006932874341416725,0.15300427773351138,-0.8811870116267218,-1.4992372354463481,1.2635439812798583
-0.0038763360689458115,0.008989762893913853,0.0010568087860014753,0.006949538376971416,0.13676592412986177,-0.8034303445857882,-1.5192719038162763,1.1734033576370688
-0.003797049917800773,0.009106442185538207,9.121839369503705E-4,0.006932878075177679,0.1161806195245542,-0.7160494693574155,-1.5158078718372785,1.0645140743726849
-0.00374030843852693,0.009226200659333411,7.771093463404636E-4,0.006929331152322812,0.09785955379188717,-0.6313267420574399,-1.520128044502946,0.9637522205313193
-0.0040008591694485635,0.008520343269837796,0.0015609790034834794,0.006803819172800053,0.18529390363111145,-1.0965818946477615,-1.3841681812781341,1.5016344900488707
-0.0038112481102241867,0.008705936045799048,0.001289589085736488,0.006766233958268472,0.1463187828194488,-0.9478070610426793,-1.375919549811294,1.3043384270011795
-0.0038398672641812123,0.00856907920790447,0.001424226589409569,0.0067134195340321666,0.15689422339156678,-1.024624532625837,-1.331979046249953,1.3886329667447
-0.004179783712485377,0.008069835505850559,0.002067192966445496,0.006622216263065722,0.22162077382854986,-1.3555027145725829,-1.223591120839352,1.8021010357335674
-0.004108632954978228,0.008173367988905764,0.0019302704252398485,0.00665004298872021,0.20991750033749937,-1.288672855938551,-1.2540914441308961,1.7186118256467806
-0.003986970936978747,0.00836068465854064,0.0016909324977919212,0.006692913088259179,0.18699673976021278,-1.167419313369737,-1.3006912607454977,1.567759674281055
-0.0040222747582360245,0.008250293742748297,0.0018059742762849547,0.006643740637125492,0.1951431443782887,-1.2265016861465596,-1.2606432408951707,1.6345878849458901
-0.004136290058605222,0.007960933210432517,0.0021171363234222906,0.006507276053630619,0.2125344817431624,-1.376868056399575,-1.1484368037787245,1.8082173510236024
-0.004241958414604356,0.007887777064690949,0.00225739423916084,0.006518514316483904,0.2283344285067612,-1.4428757712223543,-1.140465050351782,1.9001721808834418
-0.004348932455954877,0.007821112416867225,0.002398202894441776,0.006533668167635208,0.2444010693952071,-1.5086755164991723,-1.1328777755693837,1.9939625372616308
-0.004455761610777022,0.007772809375301432,0.0025296887494961795,0.006563237452125815,0.26149460977311284,-1.5708495611870783,-1.1325068783059,2.0858926664193955
-0.004529039612527102,0.0075695963109292715,0.002742425320519427,0.006419780752581741,0.2595844733344363,-1.654790872744109,-1.0184518975667567,2.178463168595712
-0.004479005813424344,0.0076633930520408,0.0026303370667979313,0.006477159704758637,0.2574903660475283,-1.610095309899901,-1.0678895589685362,2.1250167646756952
0.002024942897936813,0.01069384303875507,3.187914590878358E-4,0.0059660318785059235,-0.09455733739712359,0.22180736545523086,0.7512382017732127,-0.1561228188278422
0.003942135816315832,0.007362453439621925,-0.002332551649259495,0.005903290622830618,0.16918922364820702,-1.4467545119737604,0.7985104089841663,1.814958195609757
0.003899825470286368,0.0071970984430839435,-0.0023776370232791717,0.005743139095587295,0.15940964018919979,-1.4560221498117738,0.7179259338414453,1.8110432729492387
0.003916840287310619,0.007058585643365807,-0.002453808842053047,0.005631104160733507,0.15451555602273745,-1.476590564028586,0.6613357320431569,1.8303628902118845
0.0038143460026094198,0.007464567062655481,-0.0021737456579542912,0.005924862824986049,0.15960558997093313,-1.3840115013841177,0.8215718326277646,1.7316544629794943
0.003691991085525495,0.007820892349872134,-0.0018767491875620994,0.006133609874986636,0.15035228605251652,-1.2618655150567273,0.9490402822299994,1.5922528258710062
0.003496322742393106,0.008106013514693746,-0.001565478907988889,0.006216755105639586,0.12592181529206492,-1.1165752340970991,1.007190214045672,1.4117702996298838
0.003543414785513578,0.007913911371342055,-0.0017165304168094326,0.006117852577783025,0.13326537325335558,-1.1897693986994384,0.9460527394202526,1.4944351051410056
0.003703889418506705,0.007626854644544161,-0.0019991381930981045,0.00599631823469439,0.1500579400347364,-1.3140551652936183,0.8684641168739161,1.6443821532525893
0.0032256055723147116,0.008467324711774424,-0.0011767315163268863,0.0062662319920403385,0.08713009679346963,-0.9149539745063802,1.0381377827459675,1.1598412791919317
0.0031378455011370565,0.008647533366900474,-0.001016356353481077,0.0063007445676703175,0.07051664371671468,-0.822395745972789,1.0566619109002138,1.0508343006775223
0.0032507912036838257,0.008108801908896015,-0.0014154995221229325,0.006085986109606448,0.10111627449754458,-1.050422733272055,0.92825956072924,1.305570415903466
0.003165731920617501,0.008290696801786967,-0.001258622270128364,0.0061430988753400605,0.08659549264279855,-0.9692938822149767,0.9595494460429039,1.2086662031937168
0.002908897935902281,0.008722230823470197,-8.734745693809498E-4,0.006206448182810342,0.04813135881576754,-0.750326633961751,0.9838684515997681,0.9432401857352971
0.002886603584258303,0.009316887147503143,-4.768127279981238E-4,0.006376298206820387,0.012774293303692145,-0.47023425684696596,1.097184953835219,0.6442548514660481
0.0028882343900612207,0.009025333292558784,-6.727604889162899E-4,0.0063008549018255386,0.0300281940733727,-0.6127312827811306,1.0434893027322911,0.7942607379340242
0.0026888261764397795,0.009466975880108775,-3.403358457730923E-4,0.006295515459729122,-0.009152752918507374,-0.37918955705045987,1.02542448488465,0.5227281950037171
0.0025857950031685406,0.00973309651917013,-1.6166956157945777E-4,0.006273593546469392,-0.030841142810696064,-0.23912697544871817,1.0035439382952456,0.3653680518457803
0.002535516798678173,0.010058952459527069,3.896427216810346E-5,0.006258011665639163,-0.05317720148563811,-0.07173342526446634,0.9960202360586541,0.18572694237751877
0.0022762482605932395,0.01018323192442228,1.0024181238551691E-4,0.006130176621572232,-0.06666086706476977,-0.012965967556908214,0.8770010412399277,0.10002592239408827
0.002031138681384485,0.01032354972331961,1.52435573012843E-4,0.00601788587236924,-0.07751366797087911,0.04887800558984042,0.7673440171649045,0.017659133812917404
0.00459890196947166,0.006438265837660801,-0.0033278820866027687,0.005290817978627287,0.16101089235598656,-1.7276884586649268,0.39964543120219004,2.162662275862187
0.0044340302548748324,0.006700440120658656,-0.0030786940717427522,0.0055022780852719035,0.1742913514492284,-1.6789970719115848,0.5259130206164969,2.10581940043709
0.004506830768090736,0.00656460097497762,-0.0031967513611773604,0.005390625234204759,0.16726873679568544,-1.7014796846715592,0.4619153864148578,2.130870505957725
0.004231140956848372,0.006878207285230612,-0.002814222676914958,0.005596675905751749,0.17130584666229418,-1.600647969615767,0.6051559146400746,2.0010307316732185
0.004262999678198322,0.00671981225734863,-0.00290342296234767,0.005457180842150293,0.16360322423601717,-1.615213210193571,0.535699260966359,2.0113635295545502
0.004021529430461745,0.0069393934905983825,-0.002595759836913012,0.0055684920370153166,0.15865745655965843,-1.5221903392031686,0.6200548061666035,1.8884472444148135
0.0038545059789751785,0.006953250746552955,-0.002442895429678119,0.005514681440721338,0.1467470315745812,-1.4652684976224135,0.6124311976193596,1.805483768569749
-0.008698310864943255,0.005098173273988256,0.007958542370624353,0.0021126756099053103,-0.03685388861381527,-0.6228199937608131,2.450433361751049,1.3729271202735978
-0.008712387554904819,0.00508990907737691,0.007959568468994897,0.002086486994764349,-0.03337790999519461,-0.6086325469809477,2.449793876397076,1.3554323496577656
-0.008791057415550625,0.00506946944866797,0.00799292785104728,0.0019590361115725246,-0.016005262548307714,-0.5274819330788847,2.4669629213730357,1.2680581202346177
-0.008807020379664394,0.005065644040466988,0.007999610145733006,0.001933283369396294,-0.012362567322283843,-0.5109958051989235,2.470361105071271,1.2504666392727304
-0.008838181517769076,0.005057729312764954,0.008011687731793489,0.0018825942517449563,-0.00507731208775923,-0.47887220389736246,2.4762693364353656,1.2159877450545837
-0.008822501094933835,0.005061562943267938,0.008005510284490784,0.0019080159499104583,-0.008752768526951766,-0.4950510188375538,2.4732250201804376,1.2332811575514866
-0.008780452585361044,0.005055097534754858,0.00796879276522444,0.001964157983098603,-0.01668382561302179,-0.5400134276950131,2.450037682248523,1.2734779375906224
-0.00875421602025706,0.005066144419140581,0.007962827058923247,0.0020095170770057856,-0.022941026020420145,-0.5665846872304588,2.4481156329973977,1.3040467647041638
-0.008765668647046239,0.00505552579830179,0.007958789298442764,0.0019855704094312557,-0.019638646348506036,-0.555486762865894,2.443987592343801,1.288516284646337
-0.008723872241319944,0.005073704586899191,0.007949373492562424,0.0020581432113554736,-0.02945930642781942,-0.5978031453755016,2.4409776971588673,1.3374827610454727
-0.008736067943949056,0.00505998842261695,0.007942537666134937,0.002030802789431367,-0.02571723714809523,-0.58610211647783,2.4346388614928993,1.3199127178007226
-0.008481999057239667,0.005140568728672116,0.00782955115756472,0.0024445433814100008,-0.07498022900249042,-0.8459303956546493,2.3727892889519935,1.6063405550753984
-0.008681548678998688,0.005097605746241369,0.007945092080451297,0.002135917417109667,-0.03979928323971726,-0.6404785557357954,2.441939785073824,1.3895769572660217
-0.00861318708362007,0.005103629690797557,0.007898241068405976,0.002235885149365864,-0.05187579525007193,-0.711462124505999,2.4129959927015254,1.4603375628281816
-0.008630408309719513,0.005101613293726161,0.007909721786380657,0.002210482473119198,-0.04891315631223667,-0.6936683038551378,2.4200967698257787,1.4423783031045707
-0.00866132235833117,0.005089544952271425,0.007920168063496562,0.0021580297812761914,-0.04235910690906209,-0.662109502522108,2.4249946094740733,1.4064763894837506
-0.008640314248292645,0.005086609328572693,0.00790035993961819,0.002184892593249821,-0.04547191093739605,-0.6840844597116787,2.411917099675438,1.426095984918612
-0.008596398220166149,0.005106804535355819,0.007888265561779163,0.0022615258138901782,-0.054889854473635626,-0.7287595439438982,2.40699021788815,1.4783748412289128
-0.008579431749246469,0.005110558011336057,0.00787863752712681,0.0022878004038506747,-0.057890861132920364,-0.7461938196737029,2.401251854667849,1.496812336483001
-0.00855809636304317,0.005117535582833392,0.007868857360993957,0.002322618567565066,-0.06186587231596286,-0.7680334750871393,2.3958239156845287,1.520995006448695
-0.00853427808649273,0.005115738782253928,0.007846703013200786,0.002353240402098163,-0.06498162008170673,-0.7925073968400359,2.3809256768723035,1.54341445098021
-0.00851291055812646,0.005116505945441725,0.007829283047832024,0.002382465721968428,-0.06790136800863615,-0.8143010262871463,2.3694089776008913,1.5644935023521762
-0.008490916359660539,0.005118142469333061,0.0078120495718271695,0.0024130461762709794,-0.07091011341966769,-0.836644565941813,2.358037521939089,1.5864901782990641
-0.008447157092975194,0.005157094591895842,0.007817116238748293,0.002505356119101824,-0.08135988829372144,-0.8816488070769234,2.366555677515095,1.648441873449957
-0.008428823132501087,0.005158280662713013,0.007801768450689763,0.002530463388192026,-0.08356438846777402,-0.9002729313624548,2.3562262686665463,1.6666554817517094
-0.008456873255144505,0.005138941524643121,0.007805359855188061,0.0024762434176563795,-0.07777923519132728,-0.8714261712951653,2.356192952673656,1.6296963292040016
-0.00838397012242795,0.005174231842045957,0.007778078627202458,0.0026034258463289994,-0.09037115616683343,-0.9461449579845606,2.3419061242867145,1.7180502366468262
-0.00836288222697632,0.005171254979911082,0.007754779667597641,0.002627606703702677,-0.09189571504529792,-0.9670950472067229,2.3252851715385776,1.7362430485300837
-0.008411057567478645,0.00515951923187664,0.007786823584187447,0.0025547105539810732,-0.08561728808017549,-0.9182461208843086,2.3461018326328476,1.684253758597258
-0.0083927182316802,0.005158505263389953,0.00776865180526978,0.0025774309511483236,-0.08731235090023172,-0.9366246838908839,2.333404325926768,1.7010756100803146
-0.008320760844528456,0.005190899333279633,0.007736038227641223,0.0026998538438347502,-0.09823960852703005,-1.0102632178349313,2.3144247973822876,1.7868874812485422
-0.008341225028101732,0.005168990968433561,0.007731550291625579,0.002652863265322394,-0.09349307117934631,-0.9884309684741058,2.3086978254419406,1.7551160020146825
-0.008326615142077507,0.005174710506557756,0.007723776715133251,0.002676742149618339,-0.09538457919602743,-1.0032406885974499,2.30385639851682,1.7719283355250632
-0.008302800558480823,0.0051917498345993435,0.007719339787316545,0.0027231720250839708,-0.09969786569604128,-1.0280822363377966,2.3026534457559236,1.8040046336596476
-0.008280479005144467,0.005190084358487135,0.0076953697346256325,0.0027491821582555994,-0.10106224940725568,-1.0497730495344788,2.2853321485449665,1.8233777201232007
-0.008265419865689929,0.005196045320301088,0.00768684193862359,0.0027736543343684942,-0.10279200616654102,-1.0650107141516285,2.279844731186914,1.8406934102446253
-0.008249787062476838,0.005194508843165212,0.007669390406735807,0.00279117293925506,-0.1035987592802411,-1.0799793534668576,2.2670806214835717,1.8538023972693998
-0.008184137194896399,0.005236822868826861,0.0076476292245022,0.0029139378579863713,-0.11292249103359099,-1.1483505578860973,2.255570169538293,1.939726843196947
-0.00816393204013173,0.005235918004144073,0.007625218218101963,0.0029369152388777227,-0.11357577785216595,-1.1674239032323752,2.2389315353636614,1.9567820441303574
-0.008115387093185348,0.0052527570156827895,0.007590988167095361,0.003011649743380507,-0.11730431643496357,-1.2157109423249866,2.2150073142956788,2.0102578270363676
-0.008145263469204946,0.005238955551695215,0.007608530648460795,0.002962051536978349,-0.11460425929551431,-1.1854745631582781,2.226834652272458,1.9749987356320717
-0.008128509604609894,0.00524509510940814,0.007597051229895256,0.0029881532520569906,-0.11592886957097397,-1.2021601227107832,2.21884509841648,1.993639856989765
-0.008037443598448895,0.00525898564433681,0.007511138438892604,0.0031064453926598757,-0.11923534709390306,-1.2878947807803078,2.155110706666747,2.0790703619449116
-0.008098256444138875,0.005251240714430691,0.007570607945399126,0.003029629263595077,-0.1174500127673259,-1.231297306490439,2.1995401453495886,2.023594487146386
-0.00807882536138542,0.0052504956306118926,0.007548403348624174,0.0030508367565438895,-0.11771068305396597,-1.2489152711188176,2.1827247682055,2.0391553918734604
-0.008057565748941422,0.005252854876803723,0.007527274774588105,0.003077277240496484,-0.11828829548624943,-1.268589011408105,2.1669152972367454,2.0582500578926965
-0.008221952469101006,0.005209109254823839,0.007656889736563942,0.0028397412507694,-0.10718716026344909,-1.1084596558592974,2.2595141431812085,1.8879346379453263
-0.008232650654603851,0.00519553837826683,0.007653099433277312,0.0028129509185190822,-0.10467887901772385,-1.0965175295258436,2.255386353972577,1.8696852478198458
-0.008191889417250875,0.005220585527323842,0.0076381390941972415,0.0028876329713627136,-0.11024155240106424,-1.1386845041002482,2.246948909182388,1.9220099274980222
-0.0082048806240602,0.005206758601353643,0.0076367058472836934,0.0028577573430732077,-0.10779490739696478,-1.124417144021743,2.244557267988726,1.9014426866543548
-0.012083400196074439,0.01465340707874492,-0.007423864415595247,-0.003323582666431148,0.20941210816297787,-1.4479294515491423,2.56573288377289,2.5940377413482314
-0.012105198641646464,0.01465161545334017,-0.007397081045485753,-0.003347500065861594,0.20810172753631054,-1.46757285853817,2.5410181318551435,2.6074899031460688
-0.01212654187576402,0.014645939220304756,-0.0073760439732690085,-0.00337592705829055,0.20748524760612974,-1.4886948926324486,2.5196609856425733,2.625693501398977
-0.012147011603022508,0.014638640158124905,-0.007358134263210842,-0.003405491267192483,0.20718236754828764,-1.5097988020704367,2.5003246602215885,2.6454385515091694
-0.012165550804628722,0.014631030785032107,-0.007343018480065981,-0.003433471445206352,0.20706463505017011,-1.5293016605379315,2.4833279999693705,2.664450756837283
-0.012181624391731913,0.014623144328165716,-0.007331430458166089,-0.0034593923594719287,0.20720123363113993,-1.5468504443311273,2.4693239269019025,2.6825600590547842
-0.012197077634259727,0.014616619666103147,-0.007318699478345662,-0.0034827600272344934,0.2071230496432985,-1.5629967300159144,2.4549163109673136,2.6983394635404614
-0.012213907395640535,0.014610166132296418,-0.0073037885088776235,-0.003507184870998399,0.20692371491862546,-1.5800394899176453,2.4385998777754168,2.714400789599311
-0.01223202968304297,0.01460101891464607,-0.007290382955460118,-0.003536424536275867,0.20708502773102963,-1.5995811244322427,2.4223490539403283,2.734595249862523
-0.01226897340279126,0.014580857714745946,-0.007264176536846132,-0.0035978161700249214,0.20770938749536016,-1.63996225350019,2.3894196408612838,2.77733280471734
-0.01225096374017666,0.014590607123861005,-0.007277197363856513,-0.00356805444118057,0.20744269554533493,-1.62040302555516,2.405662245642603,2.7567258655691185
-0.012298740855100512,0.014547458362488346,-0.007263900820170477,-0.0036717194182015016,0.2109486218638679,-1.6832693796295815,2.373021147314089,2.836166678484751
-0.012284366970700716,0.014571659698307475,-0.007253932896237131,-0.00362440229451521,0.2080865186937879,-1.6571219463999725,2.375892143493822,2.7960268625998843
-0.012295871584371315,0.014563866152314333,-0.007247298651244021,-0.003645548577855788,0.2085355129349698,-1.6704832649221348,2.3662300747594474,2.8112437211024432
-0.01231696292529465,0.014544000944081183,-0.00724178523809534,-0.003692343559337299,0.21014445997321696,-1.6985799115771545,2.3516413997715477,2.8471405652649913
-0.012337928969203923,0.014540102061487101,-0.00721608735003445,-0.0037156962854736036,0.209176506012101,-1.7158326635232768,2.326906942468017,2.859306689992095
-0.012352006321656776,0.014532820100404588,-0.007204475866737843,-0.0037380571736809706,0.20947069377201108,-1.7303624733358576,2.313032738784325,2.874127018315802
-0.012367759804048703,0.014532459108073853,-0.007181797109216295,-0.0037515149280986496,0.2083051835444675,-1.7412575712475655,2.292736585912316,2.879082935928169
-0.012391654162048175,0.014512628833180047,-0.007170550723883409,-0.0038001035802144073,0.2097940588849608,-1.7705912971306195,2.272937449200798,2.9146724415410463
-0.012383703445676969,0.014528142358239782,-0.00716358757770502,-0.003770779031103412,0.20786687044459445,-1.7547320292446824,2.2745160094300165,2.8896795304381455
-0.012409654225929169,0.01450812933761099,-0.00714918456142023,-0.003821083470345384,0.20913389954953113,-1.7853181802577904,2.251794483272423,2.925724837246477
-0.012497205476424493,0.014460697812942819,-0.007072360426348067,-0.003959032980040485,0.21045602586912313,-1.8720647499768177,2.160088294664181,3.0139251149836253
-0.012484108901532578,0.014469002682543565,-0.007082849387309287,-0.0039367750271764165,0.21006287269656074,-1.858485268902329,2.1735473867613,2.9992788715786194
-0.012470379739628869,0.014476218745666958,-0.00709539911992951,-0.003915630957094445,0.2098862370104562,-1.8452283523924444,2.1882582421159236,2.986038196903228
-0.012457086522605168,0.014484143343785108,-0.007106324737444286,-0.0038936604650753187,0.20959530250466504,-1.8316045454357057,2.201914234007791,2.971653347176591
-0.012427013616120619,0.014501865985044946,-0.007130721599439238,-0.0038440052356182234,0.208942794755378,-1.8006381554791993,2.2323608421550674,2.9389777383995064
-0.012443069117200565,0.014493357252133169,-0.00711667587567705,-0.003869127984309341,0.20912431165138026,-1.8165522384045474,2.2156938290098616,2.955076592654335
-0.012509364899933723,0.014453268126454755,-0.007062167689460864,-0.003979207017202586,0.21067315596267291,-1.884400542551279,2.147316373626706,3.0269948901449966
-0.012522057789311498,0.014443026887891485,-0.007054174239967006,-0.0040040332280625954,0.21154542564001347,-1.8990072255776749,2.1350249254156504,3.0442876501062863
-0.011948908111172048,0.014738108515141471,-0.007477740462612961,-0.003075500495480377,0.20529981867650784,-1.2834215769672779,2.6514172540237335,2.405404309957571
-0.011971545650521059,0.014735754549569732,-0.007452754188123579,-0.0031023385398699817,0.20406366834874837,-1.305455636364156,2.6282518446700944,2.422119907709753
-0.011992846987722523,0.014729410150972379,-0.007434940335609653,-0.0031325479054283094,0.2034987197826343,-1.3279414026465408,2.60968723737089,2.4428560429965906
-0.012009511859336441,0.014715587865987893,-0.00743336253848744,-0.003167370536036621,0.20471777613914188,-1.3498935717543732,2.6021606293067454,2.4704868782789315
-0.012031912160563752,0.014717571083976417,-0.0074018233384802205,-0.003187690424546898,0.20267715328255487,-1.3687542282451812,2.5750418553874623,2.4804286822814423
-0.012075676426093763,0.01467020752532866,-0.0074108313880554754,-0.003293509234873669,0.2073054576308038,-1.4320277151422154,2.561762740083178,2.567085356329748
-0.0120633982196049,0.014684602713667064,-0.007407024659679437,-0.0032622432754664706,0.20566783086145884,-1.4136079855043706,2.564915464812067,2.541230131697989
-0.012056386226941954,0.01470645861910647,-0.007385745976471756,-0.003226685787542038,0.2028416614539757,-1.3958802597326971,2.5558059387411096,2.508300913221191
-0.011928716339542648,0.014786585400011378,-0.007432345292667979,-0.0029943320667005155,0.19884872273947696,-1.2419366445045705,2.632221173686147,2.3315521470534457
-0.011939897825480161,0.014762333462985057,-0.007453796709977531,-0.003035867750179743,0.20200899502787464,-1.2635788358538094,2.6406854424512662,2.3689147331049747
-0.01159102050929398,0.014900855103527696,-0.0076376593066535105,-0.0024791275884242406,0.2037105012394935,-0.85888029643931,2.8575619529065475,1.9515616329283307
-0.011652925989128066,0.014877575730146175,-0.00760971581299959,-0.0025784331151220527,0.20336856324471944,-0.9321360844582504,2.824598936217003,2.027534006880263
-0.01167629607391243,0.014875572527585455,-0.007587809005831773,-0.002608400758804335,0.20188410741846977,-0.957391103495632,2.8048034308269068,2.0482325961725976
-0.011616639457527925,0.014898941208657023,-0.0076141885706565255,-0.00251225352471934,0.20236115085579623,-0.8870858004267467,2.8365467084585094,1.9747939323410861
-0.01163973096794373,0.014895849224723423,-0.007594913700792525,-0.0025432728949320504,0.20115350165209475,-0.912612976870238,2.818694966968532,1.9968770793090282
-0.011700797611726382,0.014872830214683327,-0.0075655476977572805,-0.0026402192037088307,0.2007682687184368,-0.9838954759990827,2.7842921741800466,2.0703775174776626
-0.011691729964108274,0.014895090513041071,-0.007540857886317113,-0.0026055746294425647,0.19797637682877492,-0.9672583767609808,2.771404841858578,2.0386064233829377
-0.011721671013319446,0.01487047069805952,-0.0075463875330397225,-0.0026671177442968434,0.1997431878102152,-1.0062241862316144,2.766644759213875,2.0889719956944774
-0.011746939468503076,0.01487075641874134,-0.007518110799211324,-0.0026959145282024564,0.197960506264409,-1.031794592241457,2.742088980286081,2.107502257887349
-0.011872545974713962,0.014823961894074174,-0.007444911339577253,-0.002889388261558258,0.19684410666929897,-1.1728954434851895,2.6590060245655405,2.2499424806169226
-0.011899140346199223,0.014818455940866466,-0.007421567397188112,-0.0029245411376223034,0.19572797087675411,-1.2002243156707981,2.63621861226347,2.2738112853498165
-0.011919549879957223,0.014807770799359804,-0.00741273168210016,-0.0029590432851811475,0.19636515439966096,-1.223866387642649,2.6239367688848714,2.299727044985641
-0.01193804530836043,0.01480861750051233,-0.007389288827932805,-0.0029775280187338384,0.19469491132458427,-1.2403775606390244,2.603731181902573,2.310144315286016
-0.011864297323301624,0.014852656633627614,-0.007412395333663388,-0.002847011258960299,0.19290485953457379,-1.1529808230740848,2.642468434831946,2.210349176558998
-0.0118165429587409,0.01484581881186921,-0.007477459694654242,-0.0028025255919839486,0.19719235728787896,-1.1101009623231937,2.6965410247817285,2.1860959484501667
-0.01183867477332638,0.014852470359272417,-0.007442189089718017,-0.0028193358843032635,0.19464681592989333,-1.1287913916593506,2.668433887888234,2.1934720702923367
-0.011773369683687978,0.014867949967299135,-0.0074929967557780955,-0.0027290915240612383,0.1965353286616004,-1.0592212149664684,2.7190514834758446,2.1299379330254316
-0.011797761776876152,0.014858967408038791,-0.007479123605786898,-0.0027666202688937575,0.19641951840179386,-1.0866100784938586,2.7033382401754973,2.1576040573982813
-0.011280902759989768,0.015102522801769123,-0.007591276109775127,-0.0019049100139142039,0.1903755452104259,-0.4788870057934757,2.885482051550135,1.4830830585843693
-0.011410600991729507,0.015002635531182935,-0.007646455966982955,-0.0021555621428666506,0.19895706348059147,-0.6370941429642687,2.900487682040707,1.6913977784689573
-0.011327928383238196,0.015062574744620444,-0.007619158246944685,-0.001997871181334206,0.19408661242831904,-0.5357055210432417,2.896609071174223,1.5609169470816904
-0.011317781690154507,0.015096942559758462,-0.0075708252159641,-0.001956572099372569,0.1891495735353491,-0.5206935363940133,2.8671045221766303,1.5221872064726718
-0.011369195901660061,0.015029944978183909,-0.0076380088962682,-0.0020785629731321456,0.19692551773633268,-0.586324515167825,2.9021321846837007,1.62813273491
-0.011355482408693218,0.015057466005342107,-0.007604401495533308,-0.002037422755551039,0.19324769219410887,-0.5672374976152824,2.8828459724852236,1.590885783504019
-0.011399633659177242,0.015031623567677396,-0.007608633513530194,-0.0021158346367979534,0.1945816168413296,-0.6200947471503645,2.8782186084872836,1.6543471730216075
-0.011518829386200816,0.014949927540683547,-0.007631049981548219,-0.0023410315033487125,0.20049415240433574,-0.7678152532229473,2.869480187901743,1.8390388574284418
-0.011547328699626018,0.014941967510377366,-0.007615899210936478,-0.002384058226566985,0.1999861877656092,-0.800826935140286,2.8536952227697694,1.871546131851025
-0.011506683561777933,0.014981271742085682,-0.007592204906645234,-0.0022958126614674892,0.19607202603364415,-0.7474473470289786,2.847431881392293,1.7970109141156476
-0.011441820419556041,0.014988775297151417,-0.007640791532882741,-0.002207773254166571,0.1992028796386395,-0.6744601474025946,2.8911435348195456,1.7327469015764534
-0.011475521437042212,0.014986810040826052,-0.007612700333924384,-0.0022519116542054694,0.1971960610331075,-0.7121769382150885,2.8667305051715313,1.764492070734714
-0.011575142394602587,0.014928500261329605,-0.00760966364412241,-0.0024315753372762725,0.20035621848905988,-0.8343991797619933,2.8434842872687645,1.9089887761132989
-0.011568452852890584,0.014956598691318108,-0.007571608792649444,-0.002395353188074462,0.19608248925379151,-0.8199369468462283,2.8210599869861466,1.8741928573294921
0.014190524768914357,0.018931534146551094,0.002604515684666584,-0.0010979252023474613,-0.03283234639963482,-0.6256171412921959,-0.541786586530035,0.7071151886340978
0.015550347657011182,0.01913712863875825,0.0020011928185356266,-0.0010868400248337442,-0.03823720077142916,-0.632657795264827,-0.3377966619823465,0.6933720398321389
0.014737468250867908,0.01915062211095035,0.0023010143892224677,-0.0010577079803935172,-0.03901894833718017,-0.6185700920306836,-0.44899456865124965,0.6879466807359284
0.017009714806740635,0.019632432241946073,0.001351757351696055,-8.725446265161325E-4,-0.04229882376390715,-0.5438673691625927,-0.1870822521488152,0.5827577175339799
0.016131523176856,0.01980821292350734,0.0015826437170535915,-8.496088633185649E-4,-0.05401189810608442,-0.5463106815776205,-0.2747094277651771,0.5901140465817494
0.019685146570843488,0.022452275786257133,2.6423552716580497E-4,-1.4675791348664656E-4,-0.08601010869084941,-0.19965151735278452,-0.08799979502362504,0.20517673628543678
0.018707782940279603,0.02114872913116689,6.077913005606367E-4,-3.886927224875811E-4,-0.06414250243250195,-0.34091606403047503,-0.10912863303466626,0.35495315819905976
0.017513565339685604,0.020543095051690136,9.938597890437708E-4,-5.882512866539952E-4,-0.06345044784786781,-0.43745281741564324,-0.16899524308412028,0.46330374937040786
0.013064474542342204,0.018433749270642633,0.0033066428407086093,-0.00111089696267333,-0.017053751861063674,-0.5924505773941706,-0.7854142881681193,0.7066116371630216
0.012643131954594523,0.01849462241339711,0.0034234020803116977,-9.850694668964938E-4,-0.015181250925677158,-0.5152184936034004,-0.853469054735792,0.6317359385618273
0.013771219880733052,0.018953729282970153,0.002751584906696847,-0.0010403284245445942,-0.030871887245489744,-0.5915770912267809,-0.6074307072692968,0.6778821847693849
0.01334462063875942,0.01883711737291148,0.0029690317500668294,-0.0010166952713720578,-0.026644509678469642,-0.5664194736026614,-0.6878712076503873,0.6598765306303932
0.012223017449144412,0.018574161559742765,0.003506938099646643,-8.414689189372949E-4,-0.013238220594112346,-0.4257789329345332,-0.9076051886695101,0.5420730509924635
0.011774159712564685,0.01866711741005021,0.003564523683910277,-6.775115643740873E-4,-0.010658944354515065,-0.32072190450400995,-0.9498158206014731,0.4356620139735698
0.011452138764398882,0.018171019722505684,0.004014756784869785,-6.805119245614307E-4,9.51167085477105E-4,-0.27808365095349097,-1.1117253016806308,0.42826696325851593
0.011051418127886929,0.018212008309580557,0.004065009556574122,-5.026806767854867E-4,0.0026691323060606988,-0.15730364653986695,-1.1435319907017345,0.30720277377678795
0.01063224913194787,0.018173155378709487,0.004156621333565382,-3.2118268559528897E-4,0.0069813770747162935,-0.027532049247647957,-1.1840582541319913,0.18309978000668128
0.010082453182334859,0.01781647800460521,0.0045050422244107,-6.816241839322858E-5,0.016291233184231594,0.1826126633032605,-1.3132753573743587,0.007946512726633784
0.010224945710991848,0.018157648002621728,0.004199176704219294,-1.3214617740528697E-4,0.010389814864040425,0.10493128961484115,-1.1986104976718572,0.053232454070814235
0.009142949862136221,0.01737067139340409,0.004842548223230047,5.175105216007589E-4,0.024801099396690677,0.6212578323945389,-1.39611392045843,-0.3792508486928728
0.009704724368453701,0.017710014745118033,0.004593407259167612,1.4279945254409672E-4,0.019448807213143588,0.3367325572407286,-1.3352224364193204,-0.13400395321012323
0.00930371226880303,0.017685563363286323,0.004571734780010716,3.681516122315322E-4,0.021149293331653257,0.4838670954400635,-1.3054231048744607,-0.278786227179942
0.008807490882464533,0.017287866147410774,0.004839861133785618,7.398884316265227E-4,0.024578778101580455,0.7674282076198213,-1.3612644683253483,-0.5171754124013946
0.007561662772668116,0.016563445554454707,0.004942473025540379,0.0017936918696268456,0.008108198513043145,1.4286860296071657,-1.1714830396625027,-1.1005097231362269
0.007301277418880987,0.0164813594283977,0.004840196352320074,0.001978852296128267,-7.85870339926544E-5,1.5081349380597266,-1.0799929338399876,-1.1793962062194927
0.008403401101323009,0.01733924003770115,0.004660434874459239,9.528040978877611E-4,0.01975867887983768,0.8758498074256009,-1.2512042641480312,-0.6379990613329006
0.008155368852302215,0.01716945071216615,0.004715646568589111,0.0011530670326722436,0.0175902177732354,1.00744592541706,-1.2332709871070553,-0.7541343260746032
0.007667203987431819,0.01684163939934667,0.0047632457205581185,0.0015722484449171299,0.00937385441826241,1.2641916927494796,-1.1568376702551737,-0.9776416847256003
0.007862647882232558,0.017097938909666384,0.004644693562481913,0.0013388977874939732,0.012435623331791476,1.1062803719567074,-1.1643001941072166,-0.8512653565101883
-0.0026949790830542025,0.011379655345727763,-8.518832155289484E-4,0.006059163323617293,-0.12499585007977117,0.6356233778022404,-0.9578334509701604,-0.5018592212433254
-0.0024934991899238546,0.011144073878460692,-6.538303833842928E-4,0.006049882586222203,-0.11543538688249481,0.48533501283676544,-0.9085665096124828,-0.377538149982448
0.0028477015331060465,0.011668370024137167,0.0010749338760253932,0.006005264458242996,-0.14042241494798893,0.8027684020750886,0.959648338442674,-0.6486630167091313
0.0026318694592851596,0.01164404659340697,9.621588560966999E-4,0.005918464487440136,-0.13467409200245714,0.7464561328684918,0.8785712017728937,-0.6142908913690737
0.0024824813144660473,0.011439617621788519,7.991303007097593E-4,0.005940018644551091,-0.1262981519727944,0.6247451210348861,0.857603603960179,-0.5120520267571536
0.0022378627042175837,0.011230768576203936,6.139018526627311E-4,0.005913799227794763,-0.11582124804401923,0.49249812913857,0.7897332260673462,-0.40461919097789595
0.001973886162297655,0.0110345052845353,4.5267298790088517E-4,0.005871802582453401,-0.10835776292205702,0.374152071988193,0.7041547023659717,-0.309275416145184
0.001783579660891693,0.01079751322025965,3.157916756047391E-4,0.0058614052128291095,-0.09970398877339472,0.25214294811493476,0.6462295775643939,-0.2023754396865912
-0.0034247734951439396,0.011740613326670217,-0.001422246629863902,0.0062701553992182335,-0.15931542398966256,0.995247502669061,-1.187870712241079,-0.7616389370978124
-0.0035601520908320286,0.011881503131760156,-0.0015965086359508065,0.006263154715966311,-0.16897434240208883,1.1127601118489023,-1.1978245490247408,-0.854239441000446
-0.003620560842829311,0.012060449328060552,-0.0017493922803732687,0.006179461321478481,-0.18021484160252577,1.2172188709222056,-1.1528018173661794,-0.9489700704866975
-0.003749582644986544,0.012186285706079599,-0.0019183397603726245,0.0061617132151855734,-0.1884478367049854,1.3251383374315961,-1.1514462921072652,-1.0338626542718972
-0.0037760649581085647,0.012377674264800605,-0.0020478010475690656,0.006031178646522399,-0.19485704192557884,1.4122527387943953,-1.0726335385221903,-1.1170309020103237
-0.0031778982354295753,0.011746080339087642,-0.0012871140749958288,0.006130888825663593,-0.15118033567712155,0.9249202544136415,-1.0776125738315712,-0.7270798004191423
-0.002896996610044309,0.011640879842268574,-0.001083612856721564,0.006041974519821552,-0.14071726676628635,0.8028688626319528,-0.9871440565993287,-0.6429315177810794
-0.002639475072214879,0.011656824969998652,-9.716568698068279E-4,0.005916136875245181,-0.13697191001702697,0.7518192913512451,-0.8784459103591049,-0.6198985915143305
0.004072979389863218,0.0131231603788401,0.0026333608260176613,0.005527961644520012,-0.20426448039454734,1.744288015271387,0.7799555550948468,-1.4119539982714986
0.003902906229172314,0.013008070874099819,0.0024400212401018808,0.005564710372598307,-0.19898083143637438,1.6456772566893338,0.8025629123899561,-1.3375767673774637
0.0032036183391468006,0.0119385065198841,0.001412914247004157,0.006035229143591823,-0.1591069487506582,1.0213141806531691,1.0279881233136692,-0.8181584232129447
0.003338819630387229,0.012175907231453736,0.0016263745227898102,0.005954064548920981,-0.17113866772961928,1.1648872972644966,0.9975176724752227,-0.9411302233213253
0.0035322537771218052,0.012296801656252222,0.0018227220910723599,0.005966886866328977,-0.1800241486586536,1.2849022835062855,1.0196187346114145,-1.0283650343259951
0.0036556073388168894,0.012502455662462834,0.002019320626052912,0.005874509833078601,-0.18956014340427704,1.405373394355131,0.9743758794394191,-1.1311369946348868
0.0038306282858309756,0.012786044088563217,0.0022911721078685975,0.005725519128599165,-0.19676562810421522,1.5633268667510671,0.894113699331143,-1.263955793559919
0.0037176871886830005,0.01301042534455416,0.002281931992826412,0.00549058161323167,-0.18856374670353473,1.567616788086007,0.7603349555418757,-1.2846884634383828
0.004932429926622734,0.014304799077065495,0.0036663942940882983,0.004558415093371369,-0.1674959131678188,2.1083610360713183,0.1945495685726931,-1.7082191615946005
0.004678136170516354,0.014168564160215728,0.003406069883298627,0.004663815386086335,-0.17229516242539558,2.017893701181539,0.2804467761986688,-1.6437041881757353
0.004394215823076481,0.013653253036819352,0.003076320319112395,0.00512435584179633,-0.19627239748443534,1.9362736508448641,0.54140270159102,-1.5717109166066934
0.00448413896857449,0.013844407944328858,0.0031925143241726384,0.0049554055882376135,-0.18895667397377733,1.9679689422597526,0.4463072386930998,-1.601567568120903
0.004458021010790105,0.014052110426239911,0.0031817904392661685,0.004741623435841106,-0.1758262042462094,1.9345277336590152,0.34313463052523313,-1.5850010582058698
0.004089900327772602,0.013354244232139878,0.002717527866905796,0.005319324246648813,-0.1975273585961739,1.7794301447943006,0.6635425415532911,-1.4508136952507733
0.004144742318878313,0.013602748349213151,0.002824604107220532,0.005102578678822553,-0.18906305287997105,1.8167454664272302,0.5461524180252534,-1.4887087029346662
0.002938288709181354,0.01192527464876519,0.0012551549010256272,0.005915372905466042,-0.15135299546874917,0.940965463960577,0.9281169959722843,-0.7712174524622072
0.007003863511232698,0.016379040623676552,0.004709909914242398,0.0021862555292878265,-0.011927490767982229,1.585722470081011,-0.9694066869461195,-1.258942844746948
0.005576317158469071,0.01497139604161685,0.004213398158028076,0.003865950671343137,-0.11542932771186167,2.139858956103619,-0.2213246153285446,-1.7254100386593545
0.0053427040336419705,0.014862311611042456,0.004002415096793637,0.00399085086756874,-0.12668146407403313,2.0972246144510724,-0.120472400820565,-1.700390845824569
0.005125017277350271,0.01474299349210864,0.0038058000602675317,0.004113918076716415,-0.13740422791559279,2.05625580347848,-0.027885279443277188,-1.6750873416931105
0.006231728491118983,0.01557297289161922,0.004599550757818235,0.0031463621701899626,-0.06148165141605267,2.0052101114157357,-0.613320519001288,-1.6056979713164206
0.006250733558699435,0.015819833446061294,0.004473202417315282,0.002912110894308369,-0.05215537815380187,1.8635622073536702,-0.6559238297507237,-1.5044375004303712
0.006685603218207731,0.016411195622874943,0.004450832676157729,0.0022869775605013974,-0.020587058707651543,1.5743309825418523,-0.8470369405483282,-1.2696312919972845
0.0065880209756218975,0.01619756402993615,0.004520510717158064,0.0024863150944870235,-0.028527745398533512,1.6847960693059765,-0.810692772349096,-1.3568342088310894
0.006358167866276247,0.016064840450923105,0.004418170091509754,0.0026694278273807245,-0.0407991910245741,1.7413315208569087,-0.7185777262335533,-1.4104534151645416
0.006055218477706258,0.015480629325407561,0.004479119161096678,0.0032780374346553383,-0.07276300628940753,2.01847914688889,-0.5269229511742236,-1.623663488307667
0.005908263827221975,0.01534623144949838,0.004400991055330471,0.003439418760820892,-0.0840849908960019,2.055655639493666,-0.4431725540812387,-1.655713167995686
0.005710149003972985,0.01532820260681739,0.004212744163325962,0.003488482745485112,-0.09184771816416293,2.008074000476945,-0.37140041293960074,-1.630121292907814
0.005558004990683565,0.015184525564839204,0.0041186568205623195,0.0036489495256703934,-0.10142669314325845,2.031924110200314,-0.2868310370249394,-1.649735868444631
0.004902064900116329,0.014594803744862262,0.0036037088750964607,0.004254668177388932,-0.14690016499623712,2.0132189108761023,0.06791125676284358,-1.6463716273376507
-0.00423454660221309,0.012707839160358834,-0.002613219040858064,0.005987296809892174,-0.22235115569231403,1.7419221032920607,-1.0530137643941042,-1.3643215856922726
-0.004113529405564433,0.012558857501137501,-0.002426387346086634,0.006059339070657973,-0.21570678842273927,1.6340406831395986,-1.0986283909869428,-1.2774491772505705
-0.004271024246447309,0.012981957403316164,-0.0027691186705307985,0.00574409164524954,-0.21873663582692585,1.82379554266694,-0.9018470132323628,-1.4484856935725885
-0.004212068862725704,0.012862524374379875,-0.0026634693555872375,0.005831106636834436,-0.2190601480182926,1.7688327649814102,-0.9563308167636373,-1.4002506712793514
-0.0038743439105083533,0.012565242648707026,-0.0022252218397244383,0.005930732395281804,-0.20066975658300204,1.5209987043189568,-1.0155812059681606,-1.2098999773921149
-0.005437628805346227,0.013815886799292354,-0.004277813588947729,0.005216897404359652,-0.2086632290672001,2.5665126354594023,-0.44704444959196227,-1.9862224479883743
-0.0055201010708527945,0.01390259175897614,-0.004381727567106892,0.005122311339082641,-0.19977572048215747,2.5994041597484165,-0.3732965843537159,-2.011402949911887
-0.005577678496567514,0.014019184018390547,-0.004446448490502076,0.004981200438080907,-0.1877701365333673,2.595205569922833,-0.2789287042230381,-2.0136639959032574
-0.005661126525566578,0.014127335230086403,-0.0045386685626738815,0.004852532991971958,-0.17602786901682488,2.6064073774804624,-0.18778719942916217,-2.023500502409263
-0.00570651613952053,0.014258406471496595,-0.0045709405354441325,0.004688738915732856,-0.16400721760650458,2.5719830159172576,-0.09098514323669214,-2.004399809877354
-0.004330266706406157,0.013134075453444305,-0.002882847442496167,0.0056206167268546435,-0.21782241699954227,1.8791982716168334,-0.8251041448850146,-1.4988977392835106
-0.00531093452988881,0.01378005946635738,-0.00411665735491263,0.005231806052400375,-0.21152417033159063,2.4810262658240987,-0.48151235019780314,-1.931277619735148
-0.00436840885709714,0.013296548566804995,-0.0029711725239315798,0.005473731820249708,-0.21226646131468252,1.9168620383481105,-0.7364131335722236,-1.5366918773851312
-0.005162852519130994,0.013732977175026884,-0.003932246651466859,0.005251238695796236,-0.2139767370987328,2.3850500117096036,-0.5191136203267578,-1.868265242891302
-0.005015018563824448,0.013654027822561332,-0.0037488316326557817,0.0053035592589109086,-0.2166138563922436,2.297087726252212,-0.5732128251521975,-1.8077487084159547
-0.004883894173171248,0.013557232578635357,-0.003583209541989299,0.00537491960071332,-0.2209320788574634,2.2224647775700888,-0.6325041694822976,-1.7530292018423794
-0.004574990728220247,0.013383595568111549,-0.003206973633273318,0.005459772101915188,-0.2195492091421429,2.036366693058603,-0.7134164324065537,-1.6214870254038778
-0.004714747214644859,0.01355889290434984,-0.0033950821055934014,0.005318994252673153,-0.213476417945988,2.116811728785858,-0.6189454818932795,-1.6850835958932755
-0.0065860159095732715,0.014660838127286548,-0.005555647467561871,0.004083163902634891,-0.07267615015663483,2.846221440525343,0.5134172958869284,-2.1437735932743522
-0.006633601701444694,0.014747412496549412,-0.005561496967519313,0.003956049488361428,-0.06449581455587983,2.7877760762090524,0.5816682605017355,-2.102882533710233
-0.006690045349014614,0.01480969616531851,-0.005591585498260615,0.0038584402775472646,-0.05628708659564396,2.7544442558126403,0.6418382357141718,-2.0767908372106514
-0.006732348821970566,0.014888841330228627,-0.005588533325214526,0.003744313518794565,-0.049549164168232414,2.6955994065304423,0.6972262681271796,-2.0349410795492084
-0.005800563950574282,0.014383181998033226,-0.004658072703381221,0.004534763406597292,-0.15038076872709613,2.565050757852731,0.011546981752832138,-2.0003210143690886
-0.006488644526026341,0.014675971720370141,-0.0054178668563502055,0.004086943656373739,-0.08179093929957953,2.7757365214568037,0.4642046635451957,-2.10657330920063
-0.005952797657340052,0.01444360754069277,-0.004831940662874509,0.00445651653569066,-0.1371444731877286,2.6263869114671166,0.09680244119929955,-2.0365597605057566
-0.006061230404801004,0.014477280026183096,-0.004958708600686429,0.004407966057655112,-0.12852595687335835,2.674014433903727,0.1571951866736711,-2.063015979427598
-0.006379399619098393,0.014654635117046462,-0.005288052175403367,0.00413756560991033,-0.09260053063960015,2.7314881598419674,0.3957118451367103,-2.085589018824748
-0.006261924069138342,0.014587496269057438,-0.005170412539968601,0.004244255218408612,-0.10671827434516203,2.7168563990340973,0.30385565111885465,-2.082670229202486
-0.006131980847007626,0.01454850012362173,-0.005020507215191907,0.004310502884269506,-0.11863881604667527,2.6673249723191472,0.22507922030909053,-2.056396026010718
-0.0068125801409573946,0.014964462591944111,-0.005631247644889397,0.003621759840529894,-0.03972091662647736,2.653303191854851,0.7722556224538958,-1.999921176510325
-0.006922648468204732,0.014963102817318526,-0.005767280920710942,0.0035789826401169153,-0.02740880009302774,2.6971263680313062,0.8455795928887523,-2.016067888276059
-0.007045091451617703,0.014953338642884768,-0.005926903896031123,0.003536096213887906,-0.013981153420280073,2.7532187019407925,0.9298629591403805,-2.036791592637425
-0.00790477650636651,0.015105436955062598,-0.00678251876432794,0.0027778369594222345,0.09260678628218579,2.7034785277507623,1.6678633712886943,-1.8415192570452572
-0.008045172560528387,0.015176471847818196,-0.006837594738154331,0.002575715696028031,0.10292941876149218,2.5886965633901604,1.7795145591027488,-1.7369031566357445
-0.00800132946191153,0.01513969965958753,-0.006841317152563811,0.00265441266898637,0.10212371486695741,2.6460720901711317,1.7494844179108708,-1.7820212429999192
-0.007948908607331398,0.015146544192744547,-0.006776613672553963,0.0026945180647529364,0.09384943968786454,2.6424697282821694,1.6998542594617088,-1.7945093119340079
-0.007129534282438534,0.015027667563677292,-0.00596384840373517,0.0034033326721542023,-0.004641799741955521,2.696119168939098,1.0079868816794555,-1.9894873598408236
-0.007213030802560648,0.014997940733942944,-0.006093149088282703,0.0033952297352061876,0.006881920852037776,2.7558001130142595,1.067198476621536,-2.0144954779544957
-0.007287315301984451,0.01503630049703286,-0.00614593612991331,0.0033066915578481818,0.015226689606401942,2.729510164872728,1.1311318905088952,-1.9867630257658748
-0.007355873463277599,0.015044184426174416,-0.006220212629361452,0.0032562237678205887,0.023993431438142275,2.7359687120224128,1.1877126527184436,-1.9792159162982006
-0.00741322161851512,0.015084008258409127,-0.006246817841707473,0.00317331481486503,0.028674083787563445,2.6982521096423153,1.2373595935084152,-1.946023934715454
-0.007491265896664261,0.015099954544916097,-0.006320932054913069,0.0031034343993798217,0.0387277031753726,2.6911560093434415,1.3025183486805643,-1.92761149503186
-0.0075717091182137715,0.015116562728304075,-0.006395136212014914,0.0030288401677611957,0.04796200988498442,2.6801092656595107,1.3703788473304679,-1.9050871273546217
-0.00772101245589335,0.015108253402595818,-0.0065744506422993265,0.0029268864204182337,0.06779351340300105,2.7014971629928635,1.5004384249604943,-1.8860987394193742
-0.007645325425750963,0.015120288325368929,-0.006474640930663979,0.0029710345429336473,0.056970033550972736,2.6811853684370974,1.4332157029182058,-1.8906352632699155
-0.007844410556015573,0.015133422526179269,-0.0066805706279293225,0.002798888046477545,0.08208767780221991,2.6671289283782165,1.607850351523723,-1.8360820476330602
-0.007771968134669274,0.015161125077582672,-0.006567037198133106,0.002827912610232126,0.07024479043705421,2.6315183708394634,1.539461320092972,-1.8327769667404519
-0.008163804038268028,0.015195566253940971,-0.006930827886077289,0.0024432272919473513,0.11564514285093642,2.538656518935909,1.8805607303598144,-1.6730313998569226
-0.008102236036823819,0.015204756832684406,-0.006857006189502613,0.002493487510530913,0.10712429380834156,2.53931676903175,1.8223344365688465,-1.6923077379896068
-0.008203417172331239,0.015233275079908522,-0.006916397288798888,0.002367621769557982,0.11551081686944444,2.4770302054157267,1.9021359183448905,-1.62646491430953
-0.008480395912450499,0.015234973795302571,-0.007166015508970748,0.0020749085842445875,0.14593881812010465,2.3778840515479973,2.1433081293979055,-1.4757349254913867
-0.008248687670594427,0.015269905901778475,-0.0069074074875846115,0.0022882150274698807,0.11646842031753689,2.4153110440875127,1.9272537802627168,-1.5780129765669522
-0.008432665921422538,0.015240833218439656,-0.007115726335981215,0.0021224160069339484,0.14006947697360772,2.390018117082812,2.099007538610198,-1.5003941649898664
-0.008316252566844477,0.015243888754175094,-0.007006898926527221,0.002243482318971569,0.1266560601377789,2.4289586790177116,1.9965457582848545,-1.5630226806007934
-0.008379380917438,0.015246239946625058,-0.007060563925072256,0.002175026070241131,0.1334922983259874,2.403469206143994,2.050244814347677,-1.5271605885738462
0.019015113842684325,0.023742363053091742,1.5194746479405276E-4,-4.281096707705727E-5,-0.1613026874607684,-0.11857272353222013,-0.12042903393874536,0.12129277331979282
0.018261042029916928,0.025,0,0,-0.2576819544748192,-5.737452914466085E-4,-0.1316295101896254,0.002512205163482517
-0.010441871815568719,0.015321738997357486,-0.007657437894725244,-6.361201304888023E-4,0.19318995041526377,0.47192389886697034,2.957546261015045,0.4772570183311646
-0.010404588102391546,0.015325448750460345,-0.00766029419530079,-5.823439156856476E-4,0.19337397626122324,0.5139325116604382,2.956947524934123,0.43511269322902485
-0.010159676600874336,0.015287456948394978,-0.007770681199631196,-2.3530761475890194E-4,0.20708475457154338,0.8230883790706455,3.0028372031413095,0.1668298807931968
-0.010238045128474179,0.01527745357501864,-0.007779582303180792,-3.514213188056162E-4,0.20743077630724835,0.7357729513017225,3.0180720802273755,0.25835979741609916
-0.010199738330714412,0.01528854075153782,-0.007764377942110078,-2.9382904653904146E-4,0.20580155922945895,0.7749423258853746,3.003899408690588,0.21254649736122697
-0.010302263795698572,0.015288951157124005,-0.007747968590396747,-4.432575328249965E-4,0.2036494383200891,0.6525657132404986,3.0045809699942576,0.32954557554988884
-0.010266679851595205,0.015297364674864245,-0.0077388303503510445,-3.9010499006858555E-4,0.20241767889134238,0.6903974755962824,2.9951188423664536,0.2873280665383663
-0.01036333143021473,0.015318635640113156,-0.007681995814955681,-5.25218601316683E-4,0.19618406638334876,0.5654151780565898,2.9677761287015625,0.3911965885776805
-0.010325994886795812,0.01531488440798214,-0.007696503357797485,-4.7257904817367164E-4,0.1978120212943415,0.6111781169899686,2.97383327992927,0.3503461138054851
-0.009864595484290882,0.015331086308470094,-0.007691668613552276,1.9393416746339465E-4,0.20151834240403982,1.130672878458207,2.9052507936670935,-0.1682385952820531
-0.009917693525175145,0.015335980984223826,-0.007686708078482694,1.1724643480927418E-4,0.20020277500495934,1.068073162625194,2.9122182799848333,-0.1094048434511855
-0.00996755817645506,0.015349816223464697,-0.007663798530267056,4.5153057582357556E-5,0.19741924952546275,1.002460395610199,2.906991691761569,-0.05425643885394971
-0.009839041949557693,0.015363591387947097,-0.007630625006728994,2.2723232438624113E-4,0.1949973176240333,1.1332415271456249,2.8631003084950883,-0.19465137618332226
-0.009794973963714926,0.015362945480886047,-0.007626576609754616,2.897088128845278E-4,0.1952693018605083,1.1808715635272347,2.851813737868026,-0.2421663175722673
-0.009746520481157588,0.01537812903787271,-0.007592417034708365,3.5576811458642614E-4,0.1915320217989399,1.219564524036015,2.821334405810663,-0.2921659373881409
-0.010015055331582529,0.015368897670728517,-0.007630107704735714,-2.2753222788630183E-5,0.1931744597094135,0.9364650181636304,2.89396270114985,-0.0026335263896274425
-0.010053817509541079,0.015380218891975533,-0.007609368123369401,-7.746026555074686E-5,0.19073016466543302,0.8861565689637653,2.88693288562616,0.038945237556169514
-0.010132695464716526,0.015325517428662653,-0.007703638749290839,-1.928079064441777E-4,0.19995443441610705,0.8310480965202123,2.956804163395162,0.131342176325598
-0.010093950726732609,0.015365087449029464,-0.007634858097942072,-1.3485101526997418E-4,0.19323295266586754,0.8508316807485201,2.9085246869336925,0.08401288976737457
-0.0092682033797827,0.01536582952955505,-0.007469890774032498,0.0010151491018752605,0.18202920397663808,1.691210331825151,2.6226291831160427,-0.7776127606021098
-0.009224642667583879,0.015355458153422877,-0.0074679911621322375,0.0010776012338500776,0.18187546373725108,1.7395136385040204,2.607092598172128,-0.8221650123355142
-0.009168281590313136,0.015357018659132133,-0.007438268788871959,0.0011509485111143465,0.17884246208728177,1.7847545662480504,2.5721241637700083,-0.8733251994542721
-0.009119430508435883,0.015374784657200836,-0.007383589188921977,0.0012052769057439344,0.17306795096657177,1.8046159746088326,2.526982606892354,-0.909727818811035
-0.008892920641005133,0.0152695573353377,-0.007426170064598738,0.0015564754275684174,0.17744842360836943,2.0982177936078337,2.456424431826972,-1.155375798389633
-0.008940997250754796,0.015277136481256077,-0.007444744988440967,0.0014903648029076077,0.17988749272000512,2.0547176338775266,2.4860853107219962,-1.1112027618834068
-0.009031822859308567,0.015307592635609197,-0.0074487007034118756,0.0013550131577468162,0.1804133953219047,1.9499327619221944,2.5258562334595123,-1.0174360610068192
-0.009058183950955343,0.015337507724515937,-0.007413261183648401,0.0013040260732147264,0.1760733306737459,1.8945682712671368,2.5189732538612524,-0.9801001053115982
-0.008976801773684723,0.015314066485220157,-0.007405155132217665,0.0014217431736113977,0.17537827302058343,1.9832160093080964,2.4826199131150104,-1.0614968983002397
-0.009071177557460704,0.01537967878969495,-0.007349918149621464,0.0012642422091426794,0.16940557785658997,1.8364458648796733,2.492576040463515,-0.9495271957004512
-0.008802123780947267,0.015281224726439214,-0.0073448899072646665,0.0016615880091577025,0.16832626933484,2.143509904973364,2.378554812137983,-1.2213220090707841
-0.008850050160637706,0.015307811379797975,-0.00733442922925259,0.0015844375361554646,0.16745710816377857,2.0788199077055114,2.3956505557528107,-1.168507200505221
-0.00850881892087957,0.015278662681913559,-0.007123459292470248,0.0020063999821852536,0.14214008322117141,2.3064857332517494,2.1436025111896124,-1.428068255703155
-0.008543053488016714,0.015308786099280582,-0.007105650451333591,0.0019437574745919007,0.1408382321518377,2.2513096623984743,2.1550109575367036,-1.3865133950380544
-0.00857533605768566,0.015327535628035127,-0.0071027774299986645,0.0018928711471909551,0.14103335312522466,2.2118055568694426,2.1702822008843405,-1.353735844122513
-0.008663593339854695,0.015301784958699723,-0.007210729406533978,0.0018120665441080236,0.15303444786297973,2.198946594160326,2.256108821209565,-1.3108706833040882
-0.008616277530903611,0.015319610886832289,-0.007146797811395406,0.0018528670998826727,0.14601790530517744,2.2012837736629636,2.20751063101519,-1.3319634627809938
-0.008752644061292541,0.015311136866265375,-0.00726151867118341,0.0017002265743189281,0.1591610720763672,2.1359333736737725,2.3195408652051666,-1.241129887156623
-0.008699955691708618,0.015337381262754813,-0.007181942582245954,0.001743314215940698,0.15053437964850128,2.1336381096530244,2.2616727331982305,-1.263520764611062
-0.009297631243775738,0.015395014565719161,-0.0074325062609215875,9.637091613791429E-4,0.17781236077929694,1.6352363148998579,2.6124111271872756,-0.7394499970463272
-0.009429293005077423,0.01538902758485205,-0.007492931011158021,7.902377767612195E-4,0.18363424179024623,1.5231263527458692,2.684664093647525,-0.6149836472881144
-0.00933834844688621,0.015412671365379334,-0.007418820368449384,9.028889961948751E-4,0.17619605065392321,1.581884416034734,2.6175959493898833,-0.6953070284343226
-0.009384050189132792,0.015429707812457887,-0.0074069999723784365,8.362097506734533E-4,0.17467233754957798,1.5248835071757378,2.624694843182031,-0.6468650843800913
-0.009483164117285062,0.015397830051467776,-0.007495346287655706,7.14479323149328E-4,0.18335254986812502,1.4644019923325118,2.701002205479433,-0.5595889783929963
-0.009537748729457769,0.015413753847669555,-0.007483806665562463,6.358332431342634E-4,0.18197778939171497,1.397794330627795,2.7090030292898235,-0.5014055804763543
-0.009706589522749502,0.01541152948586403,-0.007526577393741045,4.0549316511706297E-4,0.18543005662799997,1.2331363617648206,2.7738459890570093,-0.3299576871181908
-0.009603477205041096,0.015426543579997558,-0.007478642371056306,5.433952446691382E-4,0.18068128911401576,1.3230743627888215,2.722395622173757,-0.43296177262561436
-0.009660066089508274,0.015453814807767972,-0.007443983474900999,4.607664461660833E-4,0.1765746816186056,1.2453477335093526,2.715799288858237,-0.37166270728648104
-0.011045470832705056,0.015119174355079482,-0.007735258284236797,-0.001579348445419853,0.2015283387690294,-0.20423964137862055,3.0045670173344097,1.2363629325385828
-0.011023206029999375,0.015150722678213917,-0.007695116762162678,-0.0015281861633480065,0.19736823815788268,-0.17978825632455947,2.9799684146617618,1.1913118247417347
-0.010990867338852323,0.015160039494770086,-0.0076994523322040835,-0.001478049911123734,0.19736457554423073,-0.14211184904928972,2.985007994056613,1.151435574149758
-0.010954424221667225,0.01516615699427093,-0.007711096716666596,-0.0014241756521396114,0.19837509741586704,-0.09923220692316219,2.994795944290143,1.10924938471945
-0.010917552015284132,0.015167552800716874,-0.007730420112654103,-0.0013722510281879033,0.20012717212555806,-0.05505817984100698,3.0093260668038737,1.0692256610534916
-0.010897771624715813,0.015201818003150505,-0.007681695733269589,-0.001325355052286827,0.19511595288033534,-0.03630466622083988,2.978332963237069,1.0273844567083072
-0.010874442113600072,0.015236603313862822,-0.007633966975073404,-0.0012743190446575638,0.1901896548888902,-0.014093694761225984,2.9481590388167676,0.9826554978237834
-0.011087299403124872,0.015130134368050085,-0.007688016830143224,-0.0016289292049536798,0.19710181205151528,-0.2546814497534205,2.970137312580001,1.2716756402144165
-0.011123399518224272,0.01514497422224502,-0.007637675327819012,-0.001667058688525295,0.19265226161840635,-0.2972782177333398,2.93407617689023,1.2973210526443848
-0.01114392680138259,0.015114507383658627,-0.007674952124268158,-0.0017160570549977145,0.19655717031005981,-0.3210506956864445,2.956142877727449,1.3404986660573857
-0.011245695053692962,0.01510799746487134,-0.007609801277682174,-0.0018551068697219336,0.1915956420847452,-0.43866735519617067,2.9021228325685935,1.4452149152655511
-0.011176682291827986,0.015116572984554542,-0.0076475636249241545,-0.0017581241197482517,0.1942355498623669,-0.3591915691614689,2.9348189100209434,1.3714757922019276
-0.011211511383070452,0.015114057601962749,-0.007625813483310311,-0.0018058675409236594,0.19258197227731177,-0.39937102585397616,2.9167191246303545,1.4074844113944647
-0.011268433492015166,0.01513849941782818,-0.007541656537803559,-0.0018607414858711907,0.1852072425996278,-0.4619307585729972,2.8554862205448335,1.442120265731335
-0.01080668742139599,0.015269805382723151,-0.00761109019787582,-0.0011646900112741207,0.18777898228583753,0.05945835654630486,2.9352528426005047,0.8933285545267674
-0.0108495119450926,0.015273334390372248,-0.0075835959711522205,-0.001221192605375354,0.18499719883411436,0.009160877974909512,2.9164545170621348,0.9362034889779977
-0.01076531023560102,0.015265357602169771,-0.00763859122975311,-0.0011099510772147774,0.19024334326044146,0.10894704579100696,2.953801118618019,0.8517040702826674
-0.010719789862186795,0.015252402887761973,-0.007682049841630186,-0.0010525498824364545,0.1947839415574908,0.16573918796890327,2.9821048669191033,0.8091775803230236
-0.01066925320122912,0.01526848868730513,-0.007675196535092643,-9.748488849967103E-4,0.1940760697128651,0.22162220562265178,2.977423197943242,0.7468992846715407
-0.010628598033866074,0.015270260188414382,-0.007688229270517621,-9.169317452720121E-4,0.19535670831179044,0.26957700901796056,2.9852227089426346,0.7015884773577509
-0.010537559317221893,0.015255889376951782,-0.007746764381482458,-7.923798709068712E-4,0.20180394428925588,0.38398743735972435,3.020281080701768,0.6061195785461034
-0.010586510031226484,0.015261107642395393,-0.007720316973276143,-8.606572826683271E-4,0.1987220251780229,0.3230196940282814,3.004908564197019,0.658789167615864
-0.01050805904797326,0.015300770052953024,-0.007675791565605965,-7.358431963790994E-4,0.1946012915674211,0.40227908143538293,2.9729607188514673,0.5570805149756516
-0.010477059405413512,0.015338100763065998,-0.007618738173481853,-6.811541279614728E-4,0.1889602989799883,0.42423867129567167,2.934836286588752,0.5108102785462014
-0.013134347302462178,0.013950040533407782,-0.006458494723124378,-0.005124777850654825,0.24539572892631326,-2.4862739067592,1.3486731538812424,3.708886710153829
-0.013146756470899641,0.013940318111725579,-0.006442236091693751,-0.005144778527236573,0.24596296314997465,-2.494725610880757,1.3294249290729434,3.7175027135972285
-0.013221207854713304,0.013880429133799587,-0.006342654210696359,-0.005265117677472353,0.2495671324264863,-2.543433148713044,1.2117257308170097,3.767319233469452
-0.013208848580544006,0.01389068770681882,-0.006359358556631047,-0.00524486416581671,0.24893697152218616,-2.535479948831991,1.2315520990887698,3.7590665359043705
-0.013196246579684932,0.013900542807973879,-0.006376590792748756,-0.00522518865716231,0.24839776502577202,-2.5277266842836235,1.2515656321500306,3.7514248910599792
-0.013183657726420535,0.013910214445637425,-0.006393768616350186,-0.005205722195175026,0.2478688472559845,-2.5199639301566994,1.27144344151756,3.7438566431910125
-0.013171498606617288,0.013920323289639124,-0.006409769203423662,-0.005185411730428508,0.2471975501558419,-2.5116381413563853,1.2906771413711413,3.7350670027092012
-0.01315920354261241,0.013930397515832195,-0.006425890622084454,-0.005165027775199268,0.24656809845665748,-2.503192399361263,1.3100003067456367,3.7262155655026654
-0.013137168968638433,0.013966014439775333,-0.0064432495548272725,-0.00509665776961674,0.24235288051693296,-2.4723561500226583,1.346097882109435,3.6809182503711853
-0.013113607230054653,0.013985969653881663,-0.006472428276011111,-0.0050558410741899755,0.24098445646071973,-2.4546326042294186,1.3820988335787823,3.66155055906384
-0.013125020986044853,0.013975631125071011,-0.00645880145474607,-0.005076864266412862,0.24180796181340983,-2.463862814673742,1.3646657142087981,3.672115569497316
-0.013139545637533084,0.013980160534175513,-0.0064299583265094275,-0.005071888980734653,0.23962364903554997,-2.4601129665014705,1.3441209936304785,3.6565012433865727
-0.012818306134136167,0.014200755065990502,-0.006819601737273682,-0.004575242473616285,0.22912764132345395,-2.220067017968457,1.799860391370082,3.41930346855828
-0.012805333179791156,0.014210701808061887,-0.006832540413323765,-0.0045520402485275955,0.2284377937298477,-2.2076860496804565,1.8166002232320253,3.4055905309690018
-0.012806993694333918,0.014228959811313642,-0.006813017529975718,-0.004522077757047564,0.22510799716834598,-2.192927869917629,1.8102017135104134,3.37545372001111
-0.012843083013822735,0.014181804263071229,-0.0067943701637131525,-0.004619233674513126,0.23032618906828176,-2.2433548842144613,1.7674427017497314,3.44497087828228
-0.01283127477948002,0.014191320928854523,-0.006806039200760461,-0.004597480887305346,0.22962541143790008,-2.231912392779561,1.782854366956064,3.4320287196363783
-0.012857095280497045,0.014187171079905142,-0.006765747492067625,-0.004616495650104751,0.2281841320246428,-2.2427109651895294,1.7460768399115392,3.432813209061151
-0.012964134711489987,0.014121933473415421,-0.0066364666194106145,-0.004772278076618776,0.23036060824817986,-2.32200305235803,1.599216174702339,3.507000912019121
-0.012949973156727463,0.014131026984747483,-0.006653674738425561,-0.0047513122879069385,0.23001252643004197,-2.311681690522876,1.6189394939232498,3.4971683749666513
-0.012935408940382179,0.014138312915497714,-0.0066728954037041386,-0.004733167336745516,0.229947505170947,-2.3026500066886797,1.6393129833169342,3.4901925164769954
-0.012921082103051663,0.014143634439905711,-0.006693212234349552,-0.0047183510960198205,0.23034843535245134,-2.2951490642013135,1.6595104857662526,3.4861093367683145
-0.01286973325394035,0.014181821540286452,-0.006748884073559212,-0.004631270430625157,0.22803365342631912,-2.2505860509588462,1.7286766726755978,3.4383874861130646
-0.012910622646053,0.014154837897241701,-0.006701902304845128,-0.004694855000398673,0.22920596018813702,-2.283333917315972,1.6733556986491898,3.471031637168526
-0.012897938299718484,0.014165467709088088,-0.006714715204466784,-0.004671376273869461,0.22847658202759671,-2.271404484398623,1.690322198813344,3.4574162112510485
-0.012883981549128653,0.014174564874135499,-0.006730832441365942,-0.004649881621080507,0.22807178362976055,-2.260334810394499,1.7092010339612702,3.446469100064347
-0.0130245080137993,0.014054863052408407,-0.006582348969932052,-0.004909702511685563,0.23687589731593553,-2.3884997739114717,1.5142946287902534,3.5926778635800254
-0.013088780573857017,0.014006051174052242,-0.006503192568100863,-0.00501410187220985,0.239710854971479,-2.4361922607825175,1.4195115957852897,3.6419124290484084
-0.013101158687444514,0.013996009979805634,-0.006487948918083938,-0.005035018287654124,0.2403933425212755,-2.4454776239040754,1.4009249892488338,3.65184125921223
-0.013051324352222228,0.014035371591822271,-0.0065491573187255745,-0.004952061561665041,0.2379534153763854,-2.4081002424786475,1.475106616348609,3.612397922306719
-0.013038450681181186,0.014045662799593081,-0.0065644924010699905,-0.004930139765313369,0.23724963769848903,-2.397969152062846,1.4939717120598823,3.601510249928005
-0.013063677065654753,0.014025499575701964,-0.006534287388523905,-0.00497298576490958,0.23855148001282436,-2.417692371260019,1.4568658875146905,3.6226672637704382
-0.0130758493780297,0.014015644407738205,-0.006519577603236384,-0.004993732132747398,0.23921943676640892,-2.4271001521461915,1.438803122096686,3.6327912695178526
-0.012977583614854918,0.014111921606286765,-0.006621057906131922,-0.004794446848873105,0.2309459064334062,-2.3328260814356265,1.5804702348638822,3.518373289017281
-0.013026086558158616,0.014071600448740645,-0.006567227387133318,-0.004880804785626446,0.23369552755019798,-2.37419339501467,1.5118604362914196,3.564521721747741
-0.013011737898873913,0.014077885407687618,-0.006587645844135332,-0.004865263771820236,0.23397245762679192,-2.367027413127632,1.5325045866947733,3.5603754753214156
-0.012990217525740838,0.014101272229300703,-0.006607389338882744,-0.004817329774790809,0.2317205337972081,-2.343923285643989,1.562803416207741,3.5308999153059433
-0.01300118168427014,0.014090113311211608,-0.00659684473783895,-0.004840453684137697,0.23266647003007504,-2.355095759404469,1.5474281488587518,3.544751613887152
-0.012671946559575866,0.014310367501694432,-0.006958105146215668,-0.004313155208933752,0.2221178604433097,-2.0755632001205933,1.9806798886716208,3.2590721591427245
-0.012661077346077104,0.014323041279229162,-0.006962870894669746,-0.0042859327598390035,0.22073750300632233,-2.0606562077278276,1.9917310384702327,3.239115659091275
-0.012655483496756501,0.0143416466190543,-0.00695280986781262,-0.004252403658820903,0.21805483767870856,-2.043388262237291,1.9930550675971814,3.2096333416559744
-0.01264752295717444,0.014355063434756827,-0.0069517577839489034,-0.004225925958376339,0.21634995233159576,-2.029257560302802,1.9993241268510533,3.1885579634909447
-0.012688072750777017,0.01430522577949327,-0.006936941663787664,-0.0043311444601614535,0.22162998514460577,-2.0865948514069568,1.9594604013499803,3.2665562238413095
-0.012708056035636989,0.014304492875200279,-0.006904986198748825,-0.004343956307384648,0.22014784355436148,-2.095388429197819,1.9313714171067524,3.266440962273235
-0.012790547376339641,0.014253174149532295,-0.006818165113990251,-0.004473332970719049,0.22221930934091763,-2.167518297875873,1.828246307466032,3.3391596827126917
-0.012807116031216323,0.014246959199137458,-0.006796313011116683,-0.004492024826122481,0.2219208593507482,-2.1779954623571123,1.8061089761254172,3.3463559974199586
-0.012787238517190406,0.014271575056254085,-0.006806508559429739,-0.004441132579340887,0.21935620947946946,-2.151307052468298,1.8284896046673238,3.310214054941254
-0.012769678394456765,0.014276732826459984,-0.006830650190962662,-0.004423476750460638,0.2199003362663761,-2.141063545395039,1.8520410602914088,3.304428484292948
-0.012754506106341343,0.014284287379226344,-0.006848463627834302,-0.00440294430231382,0.2198377396284634,-2.1295022989982577,1.8715247852095416,3.294271649702011
-0.01273998791826318,0.01429253033484041,-0.006864391006886925,-0.004381495449332285,0.21961952765188042,-2.11745948157662,1.8897668091665079,3.282726983523112
-0.012724706323880496,0.014299315059607819,-0.006882839228824663,-0.004361880925809549,0.2196865426575292,-2.1061452070934306,1.9093952468429496,3.2733691839237733
-0.012545567505001192,0.014406509284069294,-0.007058301961229267,-0.004077313351924707,0.2156907154276013,-1.9391008754478403,2.119761866262735,3.1032489735460884
-0.012537461210309523,0.014420730118805576,-0.007055200858231962,-0.0040494403571664245,0.21387482086218443,-1.9240279819150885,2.124444168237984,3.0803738806148164
-0.012538585848695993,0.014439487804426377,-0.007032626986627189,-0.004021144867375322,0.21080296810937868,-1.9106767063558807,2.1142741537607885,3.0516858641273927
-0.012566055657413448,0.014405811062967226,-0.007026952249364595,-0.004092488958906847,0.21421507060236158,-1.9504718195318127,2.091828757481812,3.106136746300774
-0.012586925005490456,0.014402640101787014,-0.00699764636830866,-0.004111498458315289,0.2132061701583515,-1.9635313773665555,2.064529907199935,3.112518394718354
-0.012606093361543154,0.014397143537290123,-0.00697339683944135,-0.004132751195838902,0.21263679063025334,-1.9771956167237412,2.0404821653269907,3.1220467486602743
-0.012620840622581012,0.014388438441464257,-0.006959358704508245,-0.004156002090523214,0.21295407632842991,-1.990960879550091,2.023664382461711,3.136083565260931
-0.012632813413219514,0.014377192995292793,-0.006952197751395006,-0.004181426191083181,0.21398838567213568,-2.005260995962566,2.0114665790132755,3.1538252121068857
-0.012649273890896979,0.014373213063739813,-0.006930187323088665,-0.004198043154735314,0.21330504618726823,-2.0159027923922714,1.990204565550046,3.1601804083329745
-0.01325695812350783,0.013849488897163692,-0.006294179195264518,-0.0053253320518119275,0.25165543957085834,-2.566611129150504,1.1535376725054016,3.792040366982942
-0.013245165904099328,0.013859658409764929,-0.006310331231318381,-0.00530564812836987,0.2509692426948013,-2.55915160708509,1.172819543792132,3.784151603741148
-0.013233283379319236,0.013870000010628847,-0.0063264139455044685,-0.005285530007262065,0.25027803469269555,-2.5513984488782575,1.1921754693143354,3.7758417781597777
-0.013463702792210902,0.013688733299176074,-0.005983828321782556,-0.005618770290982289,0.2592253002393377,-2.656775157074922,0.8109082598782772,3.8687895847333746
-0.013451781580579822,0.013699513662971183,-0.006002062404988008,-0.0056001283964989814,0.25857589721347973,-2.6516778944755743,0.8316218433227319,3.863756279356933
-0.013439678637202452,0.013709979283437741,-0.0060206097484227965,-0.005581946148223952,0.25799822285880963,-2.646713259370335,0.8523897885458617,3.8591471676570506
-0.013415478156934684,0.01372960880072773,-0.006057806538728811,-0.005547564019959105,0.2570585359055371,-2.637320024567469,0.8932521591271368,3.8512493851363785
-0.0134274048729531,0.013719976070680475,-0.0060395165363742245,-0.005564500078106619,0.257514029868225,-2.6420022497986486,0.8731493065845394,3.8551891766785675
-0.013404895882302127,0.01374046293628836,-0.006073044235663108,-0.005528196978479688,0.2562573393806453,-2.6311064326285805,0.9119343195222155,3.8439658617551564
-0.013272245213927641,0.013855392642865236,-0.006263262177290202,-0.005315883501592511,0.24916409018599542,-2.5596383589713887,1.1329595003404533,3.771099975627386
-0.01328462125722131,0.013846174202009578,-0.006245467027541362,-0.005333581095214877,0.2495851351581941,-2.5658785514689186,1.113131668869016,3.7766128263857976
-0.013297100069860124,0.01383620727216941,-0.006227739053508641,-0.005352518416588431,0.25012839751003396,-2.5725713681467948,1.0929131741474194,3.7830239129110055
-0.013393679582949918,0.013752100848227986,-0.006088992263843481,-0.005507316720449664,0.2553066400319026,-2.624270381054273,0.9316612578784055,3.835856113003904
-0.013309038255921052,0.013825514866253497,-0.00621121412207687,-0.005372620876619543,0.25086046437844484,-2.579794380489021,1.0731868477319353,3.7907895598276795
-0.013320461985296768,0.013814320140850553,-0.006195718099156798,-0.00539350327066582,0.2516985155469084,-2.5873714578947973,1.053942016722009,3.799551425878787
-0.013380963445490885,0.01376265304109958,-0.006107974693273981,-0.00548835068404473,0.25476126663367027,-2.618526047011621,0.9529751754216177,3.8305387340938863
-0.01336815153663956,0.013772420639203127,-0.006127331056086048,-0.005470678195441881,0.2543155730153202,-2.6132687002038253,0.9741046980312248,3.826289339249378
-0.01333241899563938,0.013803749130253173,-0.006178808277866131,-0.005413154960988999,0.2523618720701179,-2.594169878614563,1.0340191682637314,3.8066855008550537
-0.013356119634855302,0.013782823466702525,-0.006144864167671301,-0.005451699416403646,0.25369089270958295,-2.607125858514135,0.9943172549561275,3.8201369020202196
-0.013344614897661193,0.013793644723641993,-0.006161112816188832,-0.005431836591439001,0.25294352813682847,-2.600358210121541,1.0138375059991143,3.8126636753657848
-0.013237289837790718,0.013886387528770153,-0.006310175100765046,-0.005256226161108318,0.24709296235188957,-2.536858645151645,1.1896622551518998,3.746371096906038
-0.013782710638418877,0.013313467418267638,-0.005451278817120985,-0.006223258512014717,0.2888743643041018,-2.782349381441185,0.17631713810833746,4.030225257057489
-0.01379320435639395,0.013301349663144729,-0.005431509160254047,-0.006240707127647086,0.28988316855531054,-2.7834539955139737,0.15470318049935183,4.0314765673228825
-0.013788431906597641,0.013329264163936797,-0.005441131242319429,-0.006191573573208767,0.2846115117410403,-2.7685031017569686,0.18287415584699881,4.001251790693474
-0.01367835109602152,0.013476196553034241,-0.005636484269511198,-0.00596427349550174,0.27248719616615613,-2.7307683069046225,0.41834598027107145,3.9449132810903156
-0.013720595578037474,0.013426140425952915,-0.005563447104901205,-0.006041602722156761,0.27612781511017265,-2.7434887164579447,0.33360380917742694,3.9613055108787836
-0.013729998587517708,0.013414137723140231,-0.0055469203084711925,-0.0060601137886053015,0.27711113781967994,-2.7465117259287894,0.31400569050149546,3.965601946453461
-0.013689553356986834,0.013464112152592371,-0.005617224912556138,-0.0059827945416985545,0.2732717277848163,-2.7335766701871704,0.3967732234546278,3.9479784662795665
-0.013710261166263199,0.013438410185710643,-0.005581529337035297,-0.006022832055036557,0.2752981737327688,-2.740627913514666,0.3544593965131921,3.9576090450123718
-0.013700728247483494,0.01345162482383055,-0.005597915762667206,-0.006001923060359103,0.2740923148644723,-2.7364950398158565,0.3749142330174198,3.951385770490204
-0.013475649677381818,0.013677730663498075,-0.005965487072651112,-0.005637684313383048,0.2599072654291805,-2.6618661680881464,0.7899999916543731,3.8739043562925786
-0.013515082926686822,0.013615629342616266,-0.005911121143874518,-0.005746734280271033,0.26664532515255296,-2.6979406923273,0.7078129113644255,3.9281062289629953
-0.013504114327515554,0.013626627404050365,-0.005928402589284197,-0.005728123397190279,0.2658758881024155,-2.6932052341695343,0.7279364251632178,3.9229212359668177
-0.013493245385929697,0.013637871108160655,-0.005945294902533288,-0.005708924993019861,0.2650537422104895,-2.688073088011189,0.7479766979277686,3.9170394676109592
-0.013530750296406352,0.013620584802601752,-0.005880854777768465,-0.005734931982558935,0.2640136153439751,-2.688044467022415,0.6895463858281669,3.9040061866716793
-0.01354267517404137,0.013610649989623797,-0.005861463488072371,-0.005751108657177373,0.2644418281077732,-2.6912531946452702,0.6688267801922737,3.906178605962633
-0.013554914409273552,0.01359998179103934,-0.005841568348528719,-0.005768433750521774,0.2649706018292868,-2.694729260704619,0.6472959185189703,3.9088708410347657
-0.01358723365509665,0.013564099101681298,-0.005790072298567956,-0.005827655558121873,0.2676661812262007,-2.708893057935354,0.5859371558531364,3.9260735811149954
-0.013576589853736809,0.013575426694027632,-0.0058072851038755485,-0.005809172548838798,0.26689741572073006,-2.704771727821313,0.6059641993767148,3.9213431520557998
-0.01356681069292453,0.01358821604670842,-0.005822439007830014,-0.0057876999758156465,0.26569719884871285,-2.699005937172716,0.6255858775945574,3.9133098169052336
-0.01366699739913241,0.013488031707008317,-0.005655914811823101,-0.005946117472742944,0.2717575223388369,-2.7280302461840837,0.4398929662786976,3.9421377922679084
-0.013598535112862192,0.0135536095444981,-0.005771354372669773,-0.0058443191345168505,0.26821381016344303,-2.7119175402208135,0.5655088565160643,3.9286174428897964
-0.013609763915741665,0.013542593734481924,-0.005752757146281662,-0.005861837320020136,0.2688649851668012,-2.715198604457495,0.5448386147789205,3.9317841823877693
-0.013620383528861814,0.013531145160404502,-0.005735234327611051,-0.005880179215222902,0.2696396238127768,-2.718913258005126,0.5246253810653639,3.936053866671305
-0.013655310182292962,0.013499466036005027,-0.00567588034577646,-0.005928655423974822,0.27112514350653427,-2.725563462427632,0.46155316958074316,3.9400844242310646
-0.013643308246805602,0.013510312391548795,-0.005696388957304347,-0.005912216136138952,0.2706265433509473,-2.7234917805126106,0.4832075750057468,3.93899194904902
-0.013631390685233202,0.013520467988251357,-0.005716742876238714,-0.0058968729371284044,0.27024314216942735,-2.7217006789117186,0.5043265277339395,3.9385419296297246
-0.013487825195359114,0.013666385929337785,-0.005946696649145831,-0.005657063205104417,0.2605980087636884,-2.666972819618287,0.7685687561285671,3.879070080768775
-0.013499017954870804,0.013654349569272901,-0.005929774778919954,-0.005677710128571946,0.26155316326058253,-2.6727814834957204,0.7480568836419444,3.8860263611750834
-0.013740245342334768,0.013402942178013737,-0.005528677357690314,-0.0060767051083896045,0.2777633618891398,-2.748338328432677,0.29391641539953506,3.967507629363275
-0.013751332014831849,0.013392364499094813,-0.005508763827501449,-0.006091702537240485,0.2782134034964368,-2.7490842929470083,0.27328908669978574,3.967260387213915
-0.013793430247037696,0.013344886376583168,-0.005432227351572164,-0.006160702845887802,0.2811296091069045,-2.7551059230897894,0.18937843786786235,3.9738446266501994
-0.013782815536947957,0.013356504324870094,-0.005451710048391353,-0.006144157400691459,0.28046827070699537,-2.754094929241614,0.2103222845318186,3.973008677072307
-0.013772984097395318,0.013368949666548656,-0.005469635017553772,-0.006125626352556114,0.2795629924435645,-2.751876385927744,0.2309610365095538,3.9697909563584557
-0.01376249955774824,0.013381035358922334,-0.0054886253044650725,-0.00610790122482267,0.278778003870392,-2.7501144008181626,0.25202334177615177,3.9676880730427726
-0.013823348788106593,0.013265011916314887,-0.005373892103206385,-0.006292852806893985,0.29208188045768696,-2.786564946949339,0.09124231474837713,4.035665648870236
-0.013803413666683846,0.013289119511234819,-0.005412128005597237,-0.006258359983546311,0.29084388238785436,-2.784643766286709,0.13331106603480705,4.0330394715114
-0.013813422183598082,0.0132769951474761,-0.0053929928295174505,-0.006275782635463874,0.29154670358736134,-2.7857114240591154,0.11219940575258043,4.034499485480857
-0.01383907161028944,0.013267999332148296,-0.005345294550172303,-0.0062793833763964135,0.2886705972525822,-2.7741355231348908,0.0769096126652104,4.0090148133581
-0.01384955919426187,0.013256537499963611,-0.005325161704006044,-0.006294902511487811,0.28921266877680835,-2.7739918845845,0.05592630142781179,4.008336314134673
-0.013859859205998462,0.013244564714486632,-0.005305216438639398,-0.006311311508240749,0.28990684337363687,-2.774101486390324,0.03471457794930876,4.008336709233128
-0.01387002443448583,0.013232631474225738,-0.005285409250564071,-0.0063275774416082795,0.29056477973370254,-2.7740995626776876,0.013664506118260991,4.008249400158973
-0.01388025702242659,0.013220635039014031,-0.005265358651197597,-0.006343781427882499,0.29121821769228623,-2.7739088554990503,-0.007517456882633473,4.007909013989845
-0.013890345934506781,0.013208446570592952,-0.005245429383659018,-0.006360273224736175,0.2919290070056697,-2.77375185000902,-0.028731039771553713,4.007784626624642
-0.01390043536288621,0.013196315739989873,-0.005225390969260506,-0.006376517508596931,0.29262479088158777,-2.773379134156912,-0.04990789692091346,4.007352735411994
-0.013921164745368546,0.013171717056147317,-0.0051839241321763934,-0.006408854623305837,0.29389027328762435,-2.7718543420822734,-0.09313063700491218,4.005325115831957
-0.013910829681529222,0.01318420638525595,-0.00520469122811536,-0.006392399100019544,0.2932320653930414,-2.772583621939645,-0.07137873307972835,4.006189249340842
-0.014025037638314752,0.013061576432891056,-0.004973222450586064,-0.006538321493017027,0.29728696146919376,-2.746630713787814,-0.29618381973128405,3.9664023697475614
-0.014053476342525316,0.013024093452368261,-0.004912010211602164,-0.006584087895804488,0.2991972768267001,-2.7400903265523637,-0.35839714344987167,3.9596099273068206
-0.014044439631525874,0.01303695213536474,-0.004931847547266274,-0.006568011327394521,0.2984420561796676,-2.7419204728041833,-0.33768552244206845,3.9610122921201953
-0.014034783109693022,0.013049564907789015,-0.004952592786674725,-0.006552675815327163,0.29781323995596815,-2.7441912523502676,-0.31668641104361545,3.963435663484263
-0.013950487439997187,0.013134039944379228,-0.005123906177305849,-0.006458755674621597,0.2961751030573901,-2.7699215546913347,-0.15697537364475933,4.004111623017398
-0.01394095927157161,0.013146400409787602,-0.005143551259900493,-0.006442468285270785,0.29540869142188947,-2.7706687083393393,-0.1361068031538002,4.004605638641279
-0.013931187951606317,0.013158990059164564,-0.005163559347688439,-0.0064257803433756255,0.2946526553331808,-2.77129725110682,-0.11479884404920948,4.004974053766625
-0.01398738243907137,0.013113596352101194,-0.0050533111628732206,-0.006471500807134324,0.2941233934012128,-2.751624564461419,-0.21146081808858833,3.9695566095714123
-0.01397689367755754,0.013125523906453907,-0.0050747083507195175,-0.006457069382735929,0.293644098541149,-2.753795643904775,-0.1903137426591851,3.972618957996985
-0.013966663427221223,0.013136871081636046,-0.005095426362987108,-0.00644335742846966,0.2932132000537884,-2.755885530419793,-0.16992619635234996,3.975702904478062
-0.013997769172705135,0.013101146741883438,-0.005031875900800185,-0.0064867748311202315,0.29469906909827576,-2.7496094695009448,-0.23298498762690634,3.9669911114677787
-0.014016286265551483,0.01307429915916565,-0.004992179322027667,-0.006521871256738975,0.29648312635080654,-2.7477554163031273,-0.27584345087834367,3.9667953991119993
-0.014007840861388511,0.013088076205908012,-0.005010739216462422,-0.006503209608850972,0.29538867456608453,-2.7479570693817514,-0.25480172089645464,3.9653495172416355
-0.014095693124936618,0.012916842713870955,-0.00480003296026662,-0.006739980635637283,0.3112636171056424,-2.7472889172265305,-0.5056965829654918,3.9957832841326533
-0.014086650111009638,0.012929747667330564,-0.004820952114046055,-0.006724652791924136,0.3107045278388317,-2.7503918450657774,-0.48461099443923855,3.9988140680102333
-0.014077562080543478,0.012942753292005706,-0.004841877317933295,-0.006709036997857347,0.31002505895961646,-2.753306741366536,-0.4633782350930035,4.001581576397874
-0.014068301660107927,0.012955737705999533,-0.004862983635923575,-0.006693447062587274,0.30924891309442676,-2.756196389164003,-0.4420126039062799,4.004418635160764
-0.014075886260106847,0.01297124380045768,-0.004855130387037359,-0.0066601911446139755,0.3045705668788142,-2.7434941586328736,-0.43145045797188203,3.9760930695302528
-0.01406297881209159,0.013012107652663543,-0.0048915164498968605,-0.0065981420740687845,0.29971809365993024,-2.737310042445827,-0.3786296953329304,3.9563220955950094
-0.01407338247965975,0.013000276687060825,-0.0048694020182065145,-0.00661109982155357,0.3000540762229735,-2.7335376172962706,-0.39941127898048334,3.951189088408793
-0.014083707015561968,0.012987475268981604,-0.004847016002588595,-0.006625658165634312,0.30056331797438013,-2.730055807671446,-0.4210695463911253,3.946920362636064
-0.014113965641326507,0.012891210548770127,-0.0047576217972721034,-0.006769724989368645,0.3123808752941577,-2.7402905442836762,-0.5477842709833961,3.988516744215852
-0.014121446878019013,0.01290600704143304,-0.004750673201381609,-0.006737683911080739,0.3080428049578226,-2.7284678574375394,-0.5369409769754437,3.9617350212923372
-0.01411223235553135,0.012918694099910333,-0.004771824014808814,-0.006723195685157837,0.3074642212270268,-2.732066951201835,-0.5161842636360147,3.9656072994493
-0.014203135771853915,0.012760801083296934,-0.004542173894969984,-0.00691515681555617,0.31863362975804277,-2.6971242294311177,-0.7573247831249276,3.9438705013544495
-0.014194457868788278,0.012774157315654351,-0.004563925641307478,-0.006900545238201082,0.31791632054304664,-2.7019397515177377,-0.7363393959295211,3.9487042100197445
-0.014123100714632882,0.012878306767730894,-0.004736227383094412,-0.006784525114456094,0.3130684991712142,-2.7365536048134818,-0.568874888522616,3.9846143888512375
-0.014132089664858176,0.01286529806229351,-0.004714936614173096,-0.006799481251424064,0.31377886250734477,-2.732807540429637,-0.5899336065676707,3.980825833485946
-0.014140925498744262,0.012852243459072552,-0.004693782798991093,-0.006814499428449534,0.31440974707415054,-2.7290348063619514,-0.6109060816203123,3.9771080226345004
-0.014149802497696129,0.01283927231438767,-0.0046724893239635515,-0.006829188370257256,0.3149079674652491,-2.7250072480612584,-0.6318055310193159,3.9730029531218896
-0.014175538332335218,0.012828424544921863,-0.0046230970460976175,-0.006825018054985065,0.3116007037843,-2.7046995691075177,-0.6615653497619177,3.9370238530557926
-0.014166297681334872,0.012841074560035151,-0.004644871628018138,-0.00681152169719177,0.31114568289809924,-2.709402727622845,-0.6410297376800737,3.942369177981045
-0.014184752712204618,0.01281559989292419,-0.004601194385115644,-0.006838681634037874,0.31206977114224316,-2.6998954715928196,-0.6822309316010039,3.931643921778971
-0.014193863058286208,0.012802593477314354,-0.004579288271432947,-0.006852593685337387,0.3125720506804923,-2.695061216239782,-0.7029864746112571,3.9263693757728073
-0.014202868217940845,0.01278940847917292,-0.004557376015082577,-0.006866749938043099,0.31310518612841315,-2.6901938804291023,-0.7238345491491501,3.921196098782271
-0.014462141986151313,0.012255945233250496,-0.0037598379529325114,-0.007436778241835221,0.3453420030787692,-2.458057840082765,-1.4926308330103508,3.72667125722649
-0.014455032777517945,0.0122699521913998,-0.0037832032893005824,-0.0074249192242114214,0.34395047124716677,-2.4677746079275327,-1.4732486829499833,3.736596483357746
-0.014471120729968647,0.012269244283724742,-0.0037582346119097855,-0.007404816441561396,0.33658204106432205,-2.4536270621380325,-1.4729200645320457,3.7074361636188295
-0.014463940243196126,0.012283289983543244,-0.0037815259965653905,-0.007392988057472029,0.33638371399335826,-2.4630978562426002,-1.4536949220820092,3.7172236008318023
-0.014469207167595147,0.012241915987078055,-0.003736432825119302,-0.007448565162663636,0.34701377142882767,-2.448205875984115,-1.511954260901321,3.7166868314672663
-0.014478234617152162,0.012255152185114719,-0.0037349177326015865,-0.007416633275391015,0.33656866018584713,-2.44403336516855,-1.4921211715295912,3.6975506999317322
-0.014476228253964728,0.012227864587089588,-0.003713011051712158,-0.007460268373156105,0.34765422803198004,-2.4382910228271504,-1.531163554207791,3.706624243447179
-0.014485267111008273,0.012241031856124284,-0.00371161043282281,-0.0074284326607488285,0.3366946726670264,-2.4343176327491984,-1.5112940718695762,3.687593343706111
-0.014483205177866363,0.012213791167466397,-0.003689574673129406,-0.00747188695885181,0.3470888170797905,-2.4283417773434794,-1.5502459592885893,3.6964303143159807
-0.014492238496796211,0.012226913615465749,-0.0036883094925011135,-0.007440147090153812,0.33713781749619903,-2.424477534712245,-1.5303930189624035,3.6775356816942977
-0.01455053057554135,0.012071876318959047,-0.003453045550858916,-0.007584097299024032,0.3499520226677233,-2.32202262261003,-1.7375443385079852,3.587018774001924
-0.014560005549055122,0.012084729148587213,-0.003452795830483487,-0.00755233089840547,0.339813140441221,-2.3194434274035527,-1.7170061652742412,3.5695292469705113
-0.014569855515627573,0.012028896391215732,-0.0033814436760169204,-0.007616291217830747,0.34948144737511494,-2.2879221356744335,-1.7922624279621486,3.551935367165523
-0.014563458889128956,0.012043243247200373,-0.003405349608214124,-0.007605632641671428,0.3493597073051082,-2.299404895760376,-1.7740916123151578,3.563766081915331
-0.014579386965851962,0.012041715798988764,-0.0033816123494969804,-0.0075845755605496,0.34090443974041434,-2.285708525663406,-1.7715618059243006,3.5349198401331017
-0.01455701722069207,0.012057569938134772,-0.0034292196668745134,-0.007594900086218538,0.34930826396396886,-2.310769317915407,-1.7558485183389607,3.5754629790478787
-0.01457295300747701,0.012056083765395532,-0.0034054077800130117,-0.007573914220584864,0.3406742278342465,-2.297080457571022,-1.753454764300847,3.5466001752421126
-0.014566488278817792,0.012070415303319789,-0.0034291350092965707,-0.00756317995675117,0.3402967574044578,-2.3083252314885807,-1.735281210306839,3.558143738244936
-0.014490137873033796,0.012199695861056147,-0.0036661054606990083,-0.007483430054650723,0.34616433047382617,-2.418321518937627,-1.569238323603175,3.6860688348131236
-0.014499181248460525,0.012212806919053262,-0.003664978650582624,-0.007451722057423965,0.33778205609438744,-2.4145119732008813,-1.5493789835230773,3.6673317885314467
-0.014517425023423979,0.012143098494643411,-0.0035718060049177414,-0.007528894772842025,0.34603873443542693,-2.376986117035489,-1.6446404282575093,3.6432604766507954
-0.014533443295460378,0.012141929856917292,-0.003547476611519999,-0.007508239563609989,0.3397561465275272,-2.362821878753317,-1.643133646383059,3.6141736428529545
-0.014510669920930355,0.012157279968945644,-0.0035954168738648404,-0.007517648082782946,0.347280011439355,-2.3874785117512602,-1.6259204348045204,3.6541916449441394
-0.014526643675593018,0.012156149886015067,-0.003571099500687937,-0.007497129611839826,0.33924473820745443,-2.3733985963632453,-1.6245393052110038,3.6250916782454685
-0.014497026275438711,0.012185578797026963,-0.003642581155490539,-0.007494908641928026,0.34629235609843434,-2.4081685490289573,-1.5881910387614042,3.6755595110852823
-0.014506111017743411,0.012198692493669118,-0.0036415815009169434,-0.007463163494551867,0.3382934525753977,-2.4044173475684123,-1.5682555808389302,3.656953594320257
-0.014503870314936747,0.012171440118039544,-0.0036190081828515667,-0.007506319560071774,0.34731874926415346,-2.3978725341913565,-1.607102211463183,3.664940637686531
-0.014519841775358117,0.012170355550701133,-0.0035946364317717863,-0.007485879231013823,0.3387036781272699,-2.3838554037710478,-1.6058390049248439,3.6358251236232277
-0.014513005825840768,0.012184542944725986,-0.0036181246445594617,-0.007474537377362678,0.3384890042838888,-2.3941954990784144,-1.587066918861949,3.6464349203946704
-0.014549901264703118,0.01214085789567325,-0.003523058920419838,-0.007487463495994153,0.3377426632203689,-2.3437987079227938,-1.646548114292451,3.5811479923884235
-0.014569921104631336,0.012097673434701056,-0.0034520872117084146,-0.007520608073025321,0.33875248380944073,-2.3112756213269807,-1.701763385263649,3.547784294015019
-0.014563444591718976,0.012112084634686611,-0.0034755640911427253,-0.007509430687034277,0.3384631198420202,-2.322067559007934,-1.6834433349534847,3.558726019146149
-0.014556783416986657,0.012126513791284453,-0.003499236851900687,-0.007498318649039405,0.33808847159798955,-2.3329024561604226,-1.6649992223023558,3.569816847520992
-0.01433535505992158,0.012490922821849835,-0.004151471747412388,-0.0072254645864374455,0.33807316593876163,-2.604365919727746,-1.1560662197996774,3.877405383904702
-0.014343508392868501,0.012504671262134207,-0.004148234971489465,-0.007193651173592269,0.32955901444280894,-2.5978849523400345,-1.1378747821748896,3.8558708143510576
-0.014426157046052341,0.012325754459026414,-0.003876221581713555,-0.007376785095191528,0.3421184189809366,-2.505004344747835,-1.3953198360069525,3.77509166329169
-0.014442152391242585,0.012325263508320543,-0.0038511277349247658,-0.0073570784374564204,0.33551021014938315,-2.4908105297617955,-1.3956459857778079,3.7457945067789296
-0.014418828737030384,0.012339647963432628,-0.0038993653815370343,-0.0073645775715226415,0.34253966521560814,-2.5139048568948503,-1.3757387565715264,3.7843860357990713
-0.014434789322030342,0.012339189803521488,-0.003874255768949952,-0.00734500550035505,0.3350835563741184,-2.499823259419546,-1.3761942436163526,3.7550939630134903
-0.014411456818519202,0.0123535183743367,-0.003922468369117985,-0.007352298681942686,0.34279458871912816,-2.5226711128359636,-1.3561045065577673,3.7935080302890074
-0.01442740546290576,0.012353090014673008,-0.003897310907106112,-0.007332836337203773,0.3345007037544629,-2.5087088764837167,-1.3566709860292476,3.7642283942925956
-0.014404041361879703,0.012367365557503274,-0.0039455340010110555,-0.007339946590791721,0.3428026369600961,-2.5313286461056,-1.3364017031442674,3.802467395387666
-0.014419996588291779,0.012366971420611291,-0.003920304593707424,-0.0073205659465235,0.3339655413310019,-2.5174684874580717,-1.3370751441739817,3.7732143666431193
-0.014396582438974287,0.012381189378714531,-0.003968556982634387,-0.007327524102201358,0.3432124174557199,-2.539896677733395,-1.3166312619132958,3.811277205028641
-0.014412559155425745,0.012380831488500653,-0.0039432395309030475,-0.007308202582463758,0.33337347696774233,-2.526093599157615,-1.3174098612332388,3.7820526735719757
-0.014389080122167905,0.012394989703775476,-0.003991551431766146,-0.0073150235252401824,0.34314594764876144,-2.548402686148524,-1.2967699876373233,3.819938654725847
-0.01440510206237833,0.012394675994409335,-0.003966106083064719,-0.007295727865730544,0.3327432878321215,-2.5345711428273106,-1.2976673906186769,3.7907174743507457
-0.014381534484329045,0.012408766398519247,-0.00401453122767298,-0.007302437234455846,0.3416106384983117,-2.556838764518802,-1.2768047520601318,3.8284830936964025
-0.014397606266062226,0.01240851197761489,-0.003988936125878337,-0.007283155103396937,0.33239041589038854,-2.5429089069761344,-1.2778565001671083,3.799241176353068
-0.01437394559883068,0.01242251932881241,-0.0040374759199332715,-0.007289776387227886,0.33986620370223375,-2.5651398461600627,-1.2567803795836754,3.836952972820109
-0.014390031171201625,0.012422326570474781,-0.004011780379199375,-0.00727055041736573,0.33232058725841823,-2.5511292382821726,-1.2580110585851545,3.8076972975302295
-0.01436631353955115,0.012436248360560212,-0.004060357073953304,-0.0072770566774266006,0.33965967928515384,-2.573258692525387,-1.23674502235666,3.8453332176100172
-0.014382375834376222,0.012436104428475746,-0.004034631497501153,-0.0072579350646823975,0.33207496339168485,-2.5592371829103446,-1.2381386128625254,3.816081194497437
-0.014343159065406775,0.012477290724274193,-0.004128761348681564,-0.007238465531225599,0.3380896138493405,-2.596804453768652,-1.1763026130376135,3.8695736780531433
-0.014351367189706749,0.012491011620689206,-0.004125598918793184,-0.007206644994599518,0.3303206377675756,-2.5904113731765963,-1.1580278535269422,3.8481805366781665
-0.014358638380875009,0.012449953359711831,-0.004083184814556803,-0.007264272523965564,0.34019098740267184,-2.5812244263082427,-1.2166760526817686,3.853563593353248
-0.014374682278404773,0.012449856358924143,-0.004057435524101858,-0.007245243447272246,0.331471775848268,-2.5672184737909753,-1.2182015029886093,3.8243126802513587
-0.0143509201976938,0.012463634192265595,-0.004105988382348189,-0.007251407587938972,0.3394963990980519,-2.5890795156262074,-1.1965233112883393,3.8616291802206084
-0.0143669670181339,0.012463599659590366,-0.004080178228172734,-0.007232432379534877,0.33091899508510064,-2.57506835210131,-1.1981836227064433,3.8323705102463177
-0.014359199531954456,0.012477324463070176,-0.004102897006711175,-0.007219552259152135,0.3306665836618847,-2.582798878564118,-1.178119207749923,3.8403204828416775
-0.01447314531647028,0.01229682304560415,-0.0037797117813886953,-0.00736113580372163,0.334493582202519,-2.4537160915036424,-1.4396168516152406,3.694148824993094
-0.014465859008852201,0.012310865640884669,-0.0038028852041528155,-0.007349270437891911,0.3341481734241631,-2.463032880456637,-1.4204032230851038,3.703763541992721
-0.014458494742405154,0.012324892680928193,-0.0038260789067472577,-0.00733736313754122,0.3337538044177652,-2.4722645053407555,-1.401111117516148,3.713318126703149
-0.01421164749914564,0.012747365224095359,-0.004520555045188398,-0.006929907434411592,0.3192916211969359,-2.692308578951225,-0.7782561492625498,3.9391599976026446
-0.01423697526107739,0.012707424334409445,-0.004455623152534152,-0.006972821851458601,0.32075595955409225,-2.6768554615609386,-0.8403288805039216,3.9236763573024196
-0.014228452121334209,0.012720655952275972,-0.004477457744862357,-0.0069588865676211845,0.3203007230911774,-2.68228937798219,-0.819713069160731,3.929283778843901
-0.014220045034429878,0.012733962195763499,-0.004499039944074562,-0.006944559391430598,0.31983977530915686,-2.6874091076534956,-0.7990490497446222,3.9343881780561176
-0.014253611429824365,0.01270859080634338,-0.004428387187800263,-0.006954454587131953,0.316917497379786,-2.660718282832267,-0.8481369597243812,3.892462891120283
-0.014262504238117294,0.012695324727786965,-0.004405918973985483,-0.006967761085835536,0.31735342159837,-2.6547076069197684,-0.8687155236841023,3.8858984491964192
-0.014271065134614805,0.012681703850990537,-0.004383701804209854,-0.006981830611109981,0.3178927011315542,-2.648907022207448,-0.8894737172563646,3.879963578371276
-0.014328207087960794,0.01255993869340344,-0.004212131035792741,-0.0071216553177115465,0.3264521397899975,-2.608278449683484,-1.0646978882170404,3.852799810138258
-0.014351975687215461,0.012518619116895046,-0.00414481643199618,-0.007161926696032332,0.3280940561630556,-2.58712548766194,-1.125523776850011,3.8314035536370503
-0.014344195848901871,0.012532424300808068,-0.004167144765317044,-0.0071484510245642926,0.32764307075905214,-2.5942056822534014,-1.1053261300523636,3.838481123378122
-0.014336289161539941,0.012546237848617511,-0.004189584221342093,-0.007134944882626726,0.3270723660771388,-2.6012349715615337,-1.0850132734065685,3.84555858525902
-0.014336886908415523,0.012574640386094826,-0.0042080575611873105,-0.0070883749315013315,0.32186844574637546,-2.5984905385133423,-1.0501126954796627,3.8278136846216433
-0.01432831232404573,0.0125878784715752,-0.0042307991543882395,-0.007076209130784237,0.3215431107219931,-2.6057552710937486,-1.0302560496788553,3.8358591545905454
-0.014319870226266867,0.012601080426862837,-0.004253220317922801,-0.007063799708213842,0.321173328337129,-2.612726369654558,-1.0104258859584057,3.8434636679222165
-0.01429534734673551,0.012641011168797825,-0.004318858294352544,-0.007024252842886735,0.31971317174092495,-2.631772891089946,-0.9505647587055449,3.8632187016250614
-0.014287345602579335,0.01265442404902104,-0.004340330741130083,-0.007010418336953141,0.3191234099738727,-2.6375936399570583,-0.9304689753558398,3.8689639281605053
-0.014279289216576315,0.01266799601819492,-0.004361888861107451,-0.006996227945929513,0.3185206362635759,-2.6432689989155804,-0.9101144292267852,3.874473949354418
-0.014311682935639286,0.012641677769202053,-0.004292481981515114,-0.00700618266773322,0.3165134141974962,-2.615489220645452,-0.9579753323028474,3.8326530392892626
-0.014320203473647182,0.012628833936915293,-0.004270521163604635,-0.007018239226726067,0.31685951119660033,-2.608865174442163,-0.977379626500568,3.8253004639794423
-0.014328086246620207,0.012615389689184013,-0.004249131574283839,-0.007031792613013747,0.3174069919690751,-2.6027845466060326,-0.9971323419381056,3.81928181565022
0.015201195323849188,-0.010158307933054746,2.4171782950341042E-4,0.007931355755436903,0.2727470225199547,-0.1855351764903552,-3.0332028648056437,1.2342861838284371
0.015218799430838714,-0.010181419564690925,2.748336240398757E-4,0.007895782593515692,0.2697174329461847,-0.21055658458930204,-3.0060385084336314,1.2447894676638087
0.015209916287668226,-0.01012901292966173,1.9644715770936327E-4,0.00791758880075392,0.27036103931229033,-0.1502292123747542,-3.0320708858243033,1.192586535310874
0.015210747973689846,-0.010098220203226331,1.496419469991492E-4,0.007918213842558036,0.26997131809304026,-0.11398668602922833,-3.039724238352107,1.156149363424225
0.015232263627833743,-0.010079863319655573,1.2074725985576214E-4,0.00787881176918802,0.26556998823235256,-0.0909734601272451,-3.019938981060638,1.116385168008658
0.015260782111954984,-0.009927871723885987,-1.0649892666269891E-4,0.00782532405623054,0.25744333241122724,0.08641504306634258,-3.0179563954752777,0.9170780103299876
0.015236261040724265,-0.010051900669468383,7.856743587119279E-5,0.007872406621565478,0.2644374440556783,-0.05810559478885013,-3.022207806741601,1.08063692747739
0.015236457405640457,-0.010016981226977126,2.611686644337678E-5,0.007872663026944749,0.2635798186827347,-0.01732062092377851,-3.0297634276034637,1.0398433333970278
0.015241855816977271,-0.009986429431625402,-1.9719051618216753E-5,0.007862466933803242,0.2619209313976732,0.018386241760290325,-3.0297031044970972,0.9999568909952583
0.015261036641085343,-0.00995886165669492,-6.0441697234661126E-5,0.0078261409982488,0.25805251047658345,0.050470784016492645,-3.0126580088323154,0.9530235185984565
0.01518901891648538,-0.010370456270192584,5.654281662749359E-4,0.007917947515836668,0.27808171979049784,-0.4332799316149573,-2.966288306379585,1.484048006121854
0.015215983986589672,-0.010208150991053766,3.15494743597835E-4,0.00789775255155097,0.27075896581122977,-0.24190101208452855,-3.0003586230982933,1.2776369231746711
0.015245414758398397,-0.010195234753930029,2.923921327355146E-4,0.007844539528395146,0.26522169885390073,-0.22298931280801867,-2.9719257452881185,1.2360774642801113
0.015207956015110437,-0.010236943268458523,3.6009705092592795E-4,0.007908698409002386,0.27269454192575143,-0.276329098566744,-2.999248364044686,1.3175421581549818
0.015192787510654419,-0.01025999170751529,3.9743662228003195E-4,0.007933510487290683,0.2760592631281022,-0.30556099762279665,-3.007624707587666,1.3581242056680372
0.015200698271064537,-0.010285106036287869,4.340933795248378E-4,0.007914222168562808,0.2746260628433425,-0.3331664005537153,-2.989227616007906,1.3784390878814052
0.015192847032625124,-0.010337841551990799,5.153423593638952E-4,0.007918293596040014,0.2768791634010333,-0.39525695956542833,-2.976311182366726,1.4445212283871787
0.015199765159829624,-0.010308911095609798,4.7021128010522054E-4,0.007911405365749094,0.27527066946451845,-0.3607622791968535,-2.9807403229802745,1.405784507377321
0.015224169362731174,-0.010296228863873522,4.464299489684824E-4,0.007868339167931743,0.2704742215558605,-0.3414912387419711,-2.9592137578858546,1.3677586246935085
0.015168829599181394,-0.010620091793127739,9.446761778050554E-4,0.007874857320750843,0.28321962563227565,-0.7159577587684655,-2.857253893819714,1.765775615376946
0.015196895398358844,-0.010639553072248308,9.617520903612917E-4,0.007815710790719493,0.27750711792815846,-0.7259951569445394,-2.818069856745539,1.751794621994181
0.015179677530719856,-0.010585208761954965,8.889902147222037E-4,0.007868577366232319,0.28099030730623903,-0.674436941015136,-2.866726782274324,1.7184951678788825
0.015187612178529333,-0.0105524195506062,8.376602584795794E-4,0.007866064365048657,0.27946075209533433,-0.6361778825912136,-2.8771255536819957,1.6765112787534855
0.015191923893861578,-0.010521064409584245,7.897876373249784E-4,0.007869007717130325,0.2783107198368721,-0.6006279052165705,-2.889689990685399,1.639838873641471
0.015184765370119294,-0.010488714291725185,7.440206853121024E-4,0.007892821674568689,0.2800739173096626,-0.5672578130309377,-2.9139517177485788,1.6144209259606797
0.015193742954042862,-0.010455041252762823,6.910611649782243E-4,0.007886483259440052,0.2777153421246588,-0.5273338864139988,-2.921581896284682,1.569541658960025
0.015204144849257084,-0.01042438164277272,6.423803708670747E-4,0.00787591120702212,0.27556707102440203,-0.4904044249815223,-2.925438982652276,1.5261795303979795
0.01521438946122865,-0.010393177954771682,5.932132496653009E-4,0.00786512413913486,0.2732714104900769,-0.4529319163863357,-2.9289513375637313,1.4823063976311357
0.015227907834670104,-0.00979400213991026,-3.0949429613515833E-4,0.007873858238552163,0.26001408156796274,0.24616596055160364,-3.0710555930538894,0.7802823031700746
0.01523893365545851,-0.009865276489930762,-2.0140482864166497E-4,0.007861495903177926,0.25978517507983084,0.16084580724747063,-3.0515926731557426,0.8585967896594433
0.01525384355847431,-0.009826241628168128,-2.580528565413137E-4,0.007829634413390617,0.256232093727645,0.20532684830918937,-3.038031914942073,0.8018610455096277
0.015279375463670546,-0.009897871531187286,-1.4973078016502922E-4,0.007789103891753869,0.2535937860981697,0.12027622823762353,-3.000816439378976,0.8687927321910938
0.015243616977824287,-0.009754178719887159,-3.665484226886176E-4,0.007838512381478422,0.2561848805738361,0.2910456014087939,-3.0545124084934834,0.7220017755589561
0.01525261471087251,-0.009663935298767886,-4.982095216938062E-4,0.0078044432480353304,0.2528360728352456,0.3951023601414991,-3.0446468874472505,0.6076822191855359
0.015257146814759912,-0.009630264044440154,-5.465255843078379E-4,0.007788314736425705,0.25088029441069987,0.4331029552111842,-3.0381911349409445,0.5647005873369987
0.015285997452490305,-0.009611263227335132,-5.670336785801818E-4,0.007730839147032767,0.24625798356963866,0.44857778496550804,-3.0034021301068705,0.526740407460611
0.015264369409815345,-0.009720282247835235,-4.130036994862446E-4,0.007794179537382795,0.25214611841810625,0.3274477046264164,-3.03105979114962,0.6687034847096837
0.015272792776759117,-0.009689575458343046,-4.5633144582136076E-4,0.00777274291907164,0.24976449924618788,0.36149016916208304,-3.0213379851755224,0.627172936464539
0.01531020594621944,-0.009506102746424088,-7.102163681803762E-4,0.007657535155690431,0.24005404008837652,0.5606717199072767,-2.9659166505536456,0.39142655760780953
0.01530629149033292,-0.00954493013648959,-6.564332056512293E-4,0.007676201210243517,0.24136972004911197,0.5186015102663104,-2.974717173784944,0.4385196086903926
0.015295390291780042,-0.009579194039901732,-6.106527894772703E-4,0.007705434522310467,0.24388222652041178,0.4828383373329452,-2.9903582160192843,0.4840105320396439
0.015325268335211339,-0.009613299723336426,-5.543824347847246E-4,0.0076603165808373066,0.24019188756284135,0.4374547051673194,-2.958403470646583,0.5095974055579369
0.015277970146096272,-0.009067127277111332,-0.0013261179159623345,0.007519938937700852,0.23568469102058118,1.045697466730996,-2.8885582718312652,-0.1081043168043712
0.01528494702810476,-0.009016122597485007,-0.0013888732563849622,0.007478355165876605,0.2336323738416992,1.0933491149562442,-2.860095032277445,-0.1663705325959776
0.015307814057748049,-0.00897223359352255,-0.0014315674024092705,0.007413402938110789,0.2301187573134346,1.1235505182929535,-2.816559401820829,-0.2170354665246099
0.01531493879821121,-0.008931241405045217,-0.0014790278059105793,0.00737614990559017,0.22858210695909423,1.158830138068628,-2.79063925756382,-0.26188575974253814
0.015301438639443402,-0.009144047972429816,-0.0012113454593882095,0.007521577980296987,0.2338762180657449,0.9543477768549801,-2.890850217397333,-0.02494408021284436
0.0153158821977086,-0.009101233513976468,-0.0012601996528940921,0.007474078941091633,0.23096967355107104,0.990936011646811,-2.85981369575089,-0.07567775785200374
0.015325283974441337,-0.009182076078511497,-0.0011486332862655406,0.007499888320559597,0.23114231523898066,0.9035809796805827,-2.877038786305762,0.01316847019930653
0.015335420760376752,-0.009226977849712676,-0.0010839587031331276,0.007504044222582239,0.23072138206253048,0.852512137665255,-2.8794352292742804,0.06141272656173027
0.015309965376059732,-0.009368960131907652,-9.01923075034247E-4,0.007609661126643038,0.23702931983969475,0.7116399469918422,-2.9435867813922525,0.2315346580723369
0.015311227144510293,-0.00940388573787,-8.530064810263097E-4,0.007620768419061472,0.2376450815220634,0.6732040141918666,-2.948987848235261,0.2716160058574783
0.015300394463089062,-0.009442546260230784,-8.029200782949071E-4,0.007654032806108339,0.2400250410860645,0.6342554608102734,-2.9681341018912666,0.3208895266606721
0.015337029526842808,-0.009275838275914593,-0.0010177285031013562,0.007523442353486574,0.23132379256938143,0.8007288987068083,-2.891102754125886,0.11623926139519246
0.015335641968162401,-0.00932789944822352,-9.479127415814839E-4,0.007548042152338223,0.2327015056382544,0.746132186207283,-2.905521151314232,0.17594420215465914
0.01533140974106247,-0.009475054928786532,-7.46973768600138E-4,0.00760981165004185,0.2363951518009196,0.588909562839805,-2.937644243157783,0.3463640345991692
0.021376660735754522,0.019122236885999185,3.240194576935857E-4,-4.952665447544013E-4,0.06512173042176961,-0.3057164937506825,0.0840721863496783,0.3170412400691689
0.02233452560213578,0.01963563722845886,1.618626599225386E-4,-2.8487112460662506E-4,0.08418751501997461,-0.2112397640335051,0.08278214999321797,0.21622695079971796
0.02118011010093562,0.018291960091344452,4.047851541039393E-4,-6.845077917021587E-4,0.07795194120991078,-0.35723318337416543,0.12011921331962343,0.3736771009003486
0.02054595880665464,0.01777433140396793,5.739460582266826E-4,-9.282479646064852E-4,0.06803627991299184,-0.43400778226049036,0.1323377123916717,0.45762235158802317
0.019768582278528152,0.017304610306092115,8.133933649303349E-4,-0.0012285535858853997,0.05600073730666918,-0.5260986683762691,0.13784206366126472,0.5610004564123637
0.019300800559400824,0.01598521407811144,0.0010238334529422573,-0.0017885361654311732,0.06289524854481353,-0.6252093246025773,0.24286037371112776,0.6789248170540048
0.020010151075538114,0.016433254888198984,7.798209107377045E-4,-0.0014293754488844644,0.07285103840909185,-0.5319732945465266,0.21692784872806684,0.5705283399035385
0.019385713665146527,0.015200444488511286,9.907707595942815E-4,-0.0020399680184856987,0.06998605327405828,-0.6246763723398862,0.3346121102377756,0.6840642414126245
0.018441569449725675,0.014122485993879033,0.001290113632508235,-0.0028651206387565182,0.06579144584309403,-0.7563517466831334,0.5061666953620737,0.8563626595971795
0.01854628600515184,0.013645218673395618,0.0011787811121323287,-0.003012125735352004,0.06795645411986077,-0.7123751366150093,0.5901873441224814,0.8156330646957738
0.01903047985244566,0.014520028244339022,0.0010888655604359108,-0.002433747302102158,0.06827809686166762,-0.6684487734180634,0.4277001682616829,0.7436534219526382
0.018651919135283218,0.01321280107313557,0.0010595989064035203,-0.0031217820606631867,0.06897735117540628,-0.6565918822359921,0.6618916465802475,0.7609316735634667
0.01790760968888871,0.011940685134657233,9.547323888697755E-4,-0.004083227868322498,0.07439024643332441,-0.597800687867088,1.025838034052981,0.7660939445949038
0.018399035996535848,0.01252939179113033,9.867948554511932E-4,-0.0035257127002839466,0.0693668689288517,-0.6168723465312874,0.8181537816965541,0.741992119992017
0.018739209644024254,0.012824569220826162,9.456616795213219E-4,-0.0032078428236654816,0.06843967320032875,-0.5986051082083024,0.7211803921457047,0.7028570035845191
0.018299873214267775,0.012093974118253624,8.843274791253464E-4,-0.003738679292725444,0.06954199689229999,-0.5589797617701908,0.9172429232324287,0.6960397696891935
0.018613884140036157,0.012206062903198521,8.241124204402277E-4,-0.003485050389122314,0.06679299857742067,-0.5276910676331509,0.843836281217224,0.6442714716251148
0.01750992363808422,0.010645962205572493,4.089171859938361E-4,-0.004754536392087423,0.08196501995919116,-0.2595318806218567,1.3805871434322805,0.4849212655440755
0.01790484174589997,0.011493970425665592,7.656870775290319E-4,-0.004220735111565865,0.07443728926233217,-0.48596937050486455,1.116839383829274,0.6597744237833325
0.017765392002272402,0.010853903516494231,4.851114163693597E-4,-0.004483195636194212,0.07632648359746069,-0.3085796833558336,1.2624795914815465,0.5029401915268369
0.01805125918246329,0.011074336292896269,5.417035170582283E-4,-0.004194279410602368,0.06933065936443589,-0.3470828494131968,1.1449009001388586,0.5113835465035833
0.01701781856857127,0.009529418091536727,-3.2451483896980333E-4,-0.005276742013110409,0.09769243811337963,0.23933873543072628,1.6524805275136145,0.062380556397264385
0.017257203654092928,0.010075357031283415,6.949960784579638E-5,-0.0050538972277817396,0.08983436135904253,-0.031354118156766364,1.5380381202360665,0.2954232839663084
0.01725931956226707,0.009747700341173868,-1.486787614985457E-4,-0.005041774155971869,0.08835155701526344,0.11650057825174018,1.5432964820006687,0.14574085503733045
0.01756240239487192,0.010279516606417086,1.874589757185618E-4,-0.004739343272804252,0.07925211593678926,-0.11229271751593402,1.3966059246978757,0.3326773509001562
0.016735472958093887,0.008921931627124539,-8.351942127148754E-4,-0.0054477439970321275,0.11132940164063813,0.5954400365297579,1.7215000576123634,-0.2501288157544304
0.017004224187321292,0.009282539028174172,-5.02764285106993E-4,-0.005249148077979924,0.0968192121604876,0.36124374376135343,1.639082386694789,-0.061450756509034164
0.01692930331511433,0.00905090662592503,-6.841620927073368E-4,-0.00527438009776011,0.10120048360899699,0.4866757079506227,1.645766603219916,-0.17757212473878534
0.015999842943982094,0.0073902981041021895,-0.0022932334324145555,-0.005326805734504982,0.16606925615837478,1.5329776259798382,1.4639338522154188,-1.1084457247308708
0.01619205537889085,0.007469044513976039,-0.002100611637193404,-0.005212522059247753,0.15077249243848181,1.4014527949502005,1.442218071516512,-1.0146031865604
0.016329527275837894,0.0075898081918477885,-0.001934607468205681,-0.005173399596863602,0.1391394994758735,1.2962779526057382,1.4531462058842237,-0.9294831135055883
0.01671538931431611,0.008687132380798697,-0.0010124503696698258,-0.00538500035431528,0.11170246554297049,0.7127216177755717,1.679097770412174,-0.3714458157240848
0.016651292764328876,0.008452595087280763,-0.0012038306891095708,-0.005353321165968068,0.11449990060487845,0.8399811152226517,1.6465886687124554,-0.4952222840874923
0.016502642177574973,0.008285427328247875,-0.0013920534290540103,-0.00542803427333258,0.12524358693811757,0.9717402352476248,1.6628051503396644,-0.6003858548884524
0.01634179437032311,0.007801691149714062,-0.0018024727042638346,-0.005304755732613789,0.1387439195919509,1.2271192361602665,1.542433480385229,-0.849132070618931
0.01644768705711223,0.008063568573150824,-0.0015707170499537433,-0.0053620239660660506,0.12877420311507978,1.0834844434850688,1.6062147763705148,-0.711995718161428
0.01648850706998451,0.007619738052102764,-0.00181177461192683,-0.005047914446793262,0.12989055340747005,1.210567224354325,1.4109015432208114,-0.8721746726996866
0.015965529133000287,0.007184985056766409,-0.0024287722170124155,-0.005187949193539626,0.17092461487195873,1.592922539357312,1.3633761351601714,-1.1797917119303787
0.015905330410952066,0.006988348452680048,-0.0025730801794646087,-0.005069854774624279,0.176255700926271,1.6564946455244751,1.271083652437804,-1.24984463526428
0.01578949938031518,0.006847171964963844,-0.0027372832173493916,-0.005034593267675464,0.18939550584393738,1.74216540631488,1.2155999348697084,-1.324452097520502
0.01575246974555434,0.006640045102921967,-0.0028513623920978855,-0.0048720088326944565,0.19343234391201158,1.7732917568802176,1.1067523670465673,-1.3689988768648778
0.015784826798074768,0.006355560842451436,-0.0029150348794598165,-0.004590218332395282,0.1915750264578566,1.7460379521703493,0.958750588945086,-1.3793747477788318
0.012427520920313491,0.003425844347980955,-0.005823167219235165,-0.001813387558914386,0.2929787821842018,1.5333019418807134,-0.7509300782954641,-1.2517728665580086
0.012446205447129875,0.003145715519166747,-0.00568820843449495,-0.0016280210342065119,0.2628702275785895,1.4212351946396886,-0.6826473938840869,-1.1786715958396148
0.014831441899608475,0.005859928091756769,-0.003996943048353383,-0.004576534902354335,0.2947665969319711,2.2563656918649113,0.6415728826821868,-1.7682835253750933
0.0155517442674246,0.006246505535421906,-0.003164209847414203,-0.004627508866038904,0.21400831383474792,1.8770887962983427,0.9106651221727394,-1.4784567985521433
0.015370079509591352,0.0062097458455813714,-0.0033541047992353677,-0.004694859723600811,0.23401747388032962,1.9874113441239243,0.8893669224159673,-1.5564239862796485
0.015041332886197148,0.005950917135062964,-0.0037522272010248607,-0.004588562086285285,0.26930109818961373,2.146401448567232,0.7246027446625883,-1.6874648325814385
0.015236858776074187,0.006064396681742348,-0.00352354518217966,-0.004616048640469509,0.24717922257687983,2.045744482435506,0.8053682220104269,-1.6096806764796892
0.014774802410612178,0.005654952424523813,-0.004075637185466872,-0.00436618036260518,0.29621259181605736,2.216738689757183,0.5252000871207274,-1.7546445561069743
0.014705494536538211,0.005444139109628402,-0.0041579025385953235,-0.0041539386227854025,0.29813338383225124,2.174681475623214,0.4135757119198095,-1.7367010939072693
0.014602601721186152,0.005235734300988931,-0.0042659258855508595,-0.003951821525002079,0.3018828353084799,2.142643118535245,0.30351439121485285,-1.7229092037844682
0.014464656192661084,0.005040971152434741,-0.0044012634446960975,-0.0037665216508227413,0.30821681324281136,2.1217128279094486,0.19507915199783007,-1.7141185525491764
0.01263749412740276,0.0035766542922051974,-0.005734443186424207,-0.002022222846856148,0.30801096973491315,1.6399481977667634,-0.6925067406213173,-1.3378357584153802
0.012842300631710999,0.0037316062022298728,-0.005636989373958394,-0.0022320890548686175,0.3204445282471747,1.7396800828319028,-0.6259287718034391,-1.418499811998304
0.013062132640748443,0.0038575513370776617,-0.005500643480607544,-0.0024205522222830954,0.3265702640365436,1.815395686950991,-0.5395494133935004,-1.4816137474524467
0.013255534221605024,0.0039831429365433935,-0.00537458170515732,-0.0025934520875755523,0.33048599274670515,1.8775341436774708,-0.45883712910308366,-1.5319298002074582
0.01346050559837148,0.004124956287842226,-0.005232241541956165,-0.0027778320244571815,0.33167268370204456,1.9369170431255451,-0.36699186533429057,-1.5806094912962931
0.013680846658748975,0.0043020539332247155,-0.005072642966111989,-0.002991136783484745,0.3331365301027848,1.997982170517732,-0.2605126913412375,-1.6281647507420391
0.013890110320851518,0.0043807778008456266,-0.004886757105040668,-0.0030952563641245367,0.3223935421145993,1.997890526369962,-0.16448447334879876,-1.630983609474663
0.014051639656248898,0.004527227377107436,-0.004756678698565161,-0.0032520447222502895,0.31848213504641243,2.0282898707343375,-0.07895411603315317,-1.6536508770012706
0.014331696282776807,0.004852594923248693,-0.004521492852411715,-0.003581697057119836,0.3119080275470309,2.0902616268642844,0.09574403225937266,-1.6953939087024892
0.01419612005500712,0.00466626437787661,-0.004634858960993234,-0.0033950188500856287,0.31425968423277467,2.0515472634675125,0.002840496158722033,-1.6701066902885142
0.01122368422657864,-0.0025573508966587424,-0.0060526506193618055,7.17916509711714E-4,0.17995457206048923,0.826049312812264,0.8519868942685792,-0.6773690264806419
0.011596096646333116,-0.002701398592311325,-0.005971230718357216,9.699297411535836E-4,0.2068017078328252,1.0147759874258142,0.8191472417091259,-0.8392922776206707
0.011524680736583607,0.002625292782291998,-0.005967802262745069,-9.00224881637789E-4,0.19729726014610602,0.9656865754437972,-0.8098505287029013,-0.8007206393532081
0.011732477805890266,0.002804150170873111,-0.005954134996274802,-0.0010878995145741847,0.21995801061827386,1.0954443135774232,-0.8166756786312555,-0.9054509990023414
0.012216294306514112,0.002983623575188014,-0.005767181878432087,-0.0014221784802352464,0.2466727486436219,1.3060322750206848,-0.7230593627762102,-1.0849603278346736
0.011996552529163101,0.0028395162443719847,-0.00583263534459857,-0.001237362425689381,0.2278136774011371,1.1943581095011657,-0.7511555896945709,-0.9940900569801004
0.01245359585455156,0.0028994425499578686,-0.005586096553983042,-0.0014707133116762872,0.23968745252772744,1.3346173319325019,-0.6265257842014559,-1.1210454917982353
0.01351685926476013,-0.00481467395892438,-0.005399446515853568,0.0034987897676948547,0.40698270774217526,2.3371151392554483,0.28387290767787215,-1.8456636442346197
0.013431477680607113,-0.004651811972728329,-0.005437300492072834,0.003302015471198589,0.3952776702301051,2.2469959738601024,0.3519758846966243,-1.7838446006805915
0.013342738766660462,-0.004553209436250173,-0.005496372959829246,0.003174806170685124,0.3938022310673826,2.198657013262802,0.4073074756294048,-1.7499245343185752
0.013247550086014984,-0.004449456153326561,-0.005555573205496862,0.0030403219382001247,0.3881527065531782,2.144319268152449,0.46482244935752737,-1.7093919688915515
0.011983063167311616,-0.0027295337888408773,-0.005793758851909295,0.001171218361902884,0.2209990118000925,1.1553330070300152,0.724273088248717,-0.9665315044741568
0.01210157732051359,-0.003050250881814112,-0.005865853035900522,0.0014083038920732077,0.2513006841365521,1.2993403591967645,0.778673633173552,-1.071674557764756
0.012297831704778547,-0.003328577393536774,-0.005868918917919114,0.00168246516314705,0.2812771963016191,1.4621494682010303,0.7799101519158537,-1.1956723036671508
0.01238346911674529,-0.0035780462369141043,-0.005927510856658228,0.0019024526127435785,0.31157601661555084,1.5944923321296016,0.8030396185058971,-1.2882715035697412
0.012632453964267891,-0.0038430035642578685,-0.005860809832442346,0.002233180091952515,0.3432406101844366,1.773419635111282,0.7402659546798239,-1.4260552595370932
0.01257513298773765,-0.0036560867421450414,-0.005819047365937596,0.002055495822575529,0.3192326824777134,1.6688254428571043,0.7350649971043282,-1.3522189931423307
0.012810362844155519,-0.003895527982467206,-0.005734815296720114,0.002357281911530595,0.34307712600248536,1.8217072335197024,0.6621621185548606,-1.4704870092467388
0.012884672142618533,-0.004075534024364991,-0.0057493076502723684,0.0025476946764941707,0.36404949181827845,1.9275587806711607,0.6444015885894901,-1.54594603504934
0.013160551860189874,-0.004262338470409309,-0.00556863292060531,0.0028261472279268595,0.37104482051185467,2.036374592686109,0.5118279893296354,-1.6340777906037347
0.013065944751689576,-0.004112444003238948,-0.005598111250712243,0.002651464101284607,0.35713655400360006,1.9519657991329091,0.5548628036716288,-1.572523300168308
0.013731813855199775,-0.005285942980716708,-0.005287123873579247,0.0040846626560734406,0.42950695308791,2.6029289808306406,0.04887123412765787,-2.0161384140153213
0.01381326990144586,-0.005427365700731545,-0.005219197530152175,0.004265934745244833,0.43090109291688483,2.6698908326208977,-0.04898790733075504,-2.0563493074470234
0.01381767839493117,-0.005536035782301399,-0.0052381138842262295,0.004407589117110248,0.44030585021059104,2.753102538189926,-0.09861350793371038,-2.1046584262241677
0.013945933524000836,-0.005760104423206829,-0.005107760510657555,0.004699311466310008,0.43561555252968515,2.844630755139663,-0.2842457906350688,-2.1522056822253113
0.013995994270037273,-0.005828241534832713,-0.00504833845573141,0.004785452178682192,0.4305722381795812,2.858706528483797,-0.34951656193540065,-2.156962004049968
0.013894671598930547,-0.005616380250166634,-0.005152373250462277,0.0045103267433374275,0.4336889748918567,2.766803107391198,-0.17890843874070114,-2.110873599189983
0.013963476461129744,-0.005682861728464826,-0.0050721060996084585,0.004592376047114648,0.42695138383412806,2.7708149659262817,-0.249165135449695,-2.1110342690360824
0.014092105651201801,-0.005833898528084806,-0.004917572216871107,0.004775039396054638,0.4126572749112242,2.785544652782726,-0.3985379640611388,-2.1121436481178244
0.014163410871175074,-0.005871947433637196,-0.004824302319496269,0.00481036454278921,0.4009888390111741,2.7550743715202906,-0.4521569565295168,-2.0903219943925753
0.014194058828894343,-0.005941420229672755,-0.004786351474590305,0.004896258582835651,0.3993136685451217,2.776864955943355,-0.5095214683384014,-2.0985467480206235
0.0142278539428699,-0.006024227751877349,-0.004742391152438282,0.004999187269453112,0.39719940118871616,2.8018059685294934,-0.5786406465871923,-2.1069639394275854
0.01380684470983106,-0.005154353501438975,-0.005161793295143004,0.0039276096503775915,0.40366206094932666,2.4716747575287425,0.04905998329524027,-1.936886148352302
0.013756847850577856,-0.005000674957950504,-0.005181530028572597,0.003743771361357473,0.3960145677337317,2.386783394922464,0.11632740802193532,-1.8835290672568892
0.013697847842677725,-0.0048469065371015,-0.0052067221318888345,0.0035630818810217673,0.38705191092934443,2.30641649838391,0.18085956309736526,-1.830830217886475
0.014814788963678176,-0.0070533041684423285,-0.0037100764625229115,0.006060435715619248,0.3059549823260829,2.587331670862936,-1.5492602112273042,-1.8037283163184925
0.014721231998307275,-0.006979538986408698,-0.0038681803669581294,0.00604259689735259,0.3217673634396436,2.6875039153157307,-1.4923826260608257,-1.880057489685781
0.014756959750738702,-0.007029256886679472,-0.0037979515245895033,0.0060791063538047216,0.31554291359440406,2.652346986906222,-1.5362576574538287,-1.8471542444551834
0.014735965107378197,-0.00690893190924393,-0.0038776048197228905,0.005935186268559295,0.32045768341522884,2.658952132423135,-1.419600020574585,-1.8804377687099623
0.014717316399786108,-0.006836087344577103,-0.003930462763657944,0.005852036543677614,0.3233793311414583,2.665619989215879,-1.3507580301481914,-1.9007506688925735
0.01467788653793273,-0.00675384148074063,-0.004012087282190006,0.005770624296205572,0.3300532267713834,2.6897695599722717,-1.2749195635495856,-1.9323311796549694
0.014580746424808116,-0.006623706519648537,-0.0041827922604388106,0.005659513955644049,0.3468335385478174,2.7568254794979623,-1.1518565263521114,-1.997780042868851
0.014659749603592856,-0.006655146437158747,-0.0040667932031785555,0.005650252159905303,0.3324491982852212,2.6814029096800236,-1.1840322121858764,-1.9463639226403682
0.014497772974756302,-0.006520281229308918,-0.004321729284089843,0.005567381589745685,0.3608949355527569,2.806583737725933,-1.049647641317824,-2.046013244883579
0.014471395289342933,-0.006464647057637839,-0.004369134483676028,0.005504863921859232,0.36436225263717426,2.8100559397378455,-0.9963960141612184,-2.0571875604275194
0.01456610024600636,-0.00654420975772612,-0.004222255331901139,0.005559655434566377,0.34825809612863173,2.7422755957098874,-1.0783510492886739,-2.003029596009539
0.014324930103185852,-0.006123827559742337,-0.0046082319844286505,0.005102017635577401,0.3833094739074215,2.77520198939277,-0.6836437037279864,-2.0806117820931256
0.014316532391223291,-0.006038089519435034,-0.004622067547241457,0.004988941944509897,0.3809349947126903,2.7327846869735466,-0.6192684362427575,-2.0625809648128635
0.014392208956868689,-0.006164341144560893,-0.004514685740311791,0.005130539519968927,0.37142117071559083,2.7362400188134597,-0.7328408942913841,-2.051680390884132
0.014419450784675698,-0.006237638443684634,-0.004471611482739572,0.0052181755128735035,0.36917790814019735,2.750449550884388,-0.796067614488119,-2.052077301200175
0.014470766210869637,-0.006398874353071513,-0.004381151868189797,0.0054140242430941185,0.3638821789831248,2.7799313259840535,-0.9387740290530638,-2.0487890409004836
0.014452722587885998,-0.006317501007924595,-0.004417366188605749,0.0053115027864550765,0.36499009416237493,2.75854342433705,-0.8673124106953797,-2.04695313640071
0.014970296728894746,-0.007522271175691997,-0.0032374970870725464,0.006502290238943492,0.2766710582388585,2.3762238322211515,-1.964083629117001,-1.5428520518262225
0.015012551403862168,-0.007558620763878332,-0.003160562320147068,0.006498608418974079,0.26988902273637794,2.3198963349410464,-1.978742583795127,-1.5004970235028114
0.015037628349403942,-0.007756461096002182,-0.002980041689565716,0.00670226191155933,0.26450234188891014,2.230960687131948,-2.155491109149678,-1.3764439430488562
0.0150382152894177,-0.00768141667705162,-0.003038827797401885,0.0066141431725832605,0.2648633699918332,2.25640698298151,-2.0836420216898435,-1.4205585546360504
0.015026380376741833,-0.007614551361796435,-0.003103354968005276,0.006549358281681124,0.2676941529877892,2.289787387415362,-2.0256868205224343,-1.4639293400614088
0.015062477235454739,-0.00793436143976044,-0.002799510920956027,0.00687264818359775,0.2592058836492858,2.1271062059250245,-2.3069888853399174,-1.2446493071520244
0.015112719373576203,-0.007777603752347351,-0.0028774389367516684,0.006633657797855476,0.25371972063731757,2.1420313527415344,-2.1293454346892076,-1.3254204094901203
0.015093947963953573,-0.007883421347565261,-0.00280960917729549,0.00677498203436882,0.25531886977452173,2.1175275739019814,-2.2378758761639834,-1.2660861617602175
0.015131145723472449,-0.00783329344006954,-0.0028112595927681787,0.006672424934375813,0.25067674238203613,2.1002735153627943,-2.1680887459829434,-1.2815144782911927
0.015058510569430252,-0.008030305750396165,-0.0027150467990153322,0.0069837022118062345,0.2589876236905004,2.0814546831842624,-2.398323412229125,-1.1741260159641882
0.015078616998284422,-0.00807786859530985,-0.002647613707744897,0.007007130780458425,0.2558047105396399,2.0333534266666855,-2.425466379308625,-1.1281010320459997
0.015144739991646478,-0.008252347464366197,-0.002404279375778711,0.0070915560166188935,0.24649778790898,1.8574671963031733,-2.519412067263517,-0.9576546881516005
0.015108394948231206,-0.008175547912500662,-0.002519532873011512,0.007067117877100112,0.2513841629626205,1.9435930904562226,-2.486301679796862,-1.0361731259054834
0.01509599228418564,-0.008125350798373017,-0.0025826662150249253,0.00703286702297026,0.2531966644894829,1.9872106023696532,-2.453369942764942,-1.0826437341276323
0.015154272749455107,-0.008200145174142099,-0.002448364030470022,0.007026174081313673,0.24525996080259974,1.8826623386622832,-2.4686678100380655,-0.999495001867826
0.015095668678980989,-0.00798423497574007,-0.0027177351277988242,0.006883081556967196,0.25430264135079567,2.06689353658183,-2.3283981898954913,-1.1934195811151322
0.01518575360020335,-0.008292930053039755,-0.002322387374019475,0.007070780371673212,0.24096863086870954,1.7913038989702095,-2.5159774597782376,-0.9098230769271326
0.015232766739885065,-0.008336605342909238,-0.0022328479251380894,0.007042619051496376,0.2348922845408223,1.7185360995678447,-2.5082722385136127,-0.8584245268290546
0.01523766457216756,-0.00849802525671978,-0.0020532367583962143,0.007177772750310165,0.23436673937507568,1.5942366086516537,-2.6192006443607596,-0.7091648899483962
0.015257738289612317,-0.008439449183762058,-0.0021006865617776388,0.0070970796537107375,0.2319648438726458,1.6228220935083308,-2.5602532714053754,-0.760062442403801
0.015276592581292499,-0.00838286674048193,-0.0021448962130503177,0.007019810373758124,0.22948209909553044,1.6480109234073541,-2.5037068441046793,-0.8065509845424111
0.015285626879908238,-0.008742114502864806,-0.0017315503526153073,0.0072955184812397034,0.23058714112411563,1.3526947144457249,-2.724354307460366,-0.4610872129578674
0.015292209443503808,-0.00883000240648609,-0.0016199720039432417,0.007347006600370067,0.2305663538716989,1.2684466691833711,-2.764978604801486,-0.3691876738207182
0.015306566361017765,-0.008787717716006761,-0.001661590385756175,0.007294422525165704,0.2276530436572684,1.2975213371407004,-2.7280449424903903,-0.41315884524784235
0.015273550421903342,-0.008676325149516557,-0.0018189399508815826,0.0072657488064644254,0.23135911800192324,1.418818143885529,-2.698487319643657,-0.5288641951054059
0.015289878671525146,-0.008609639495841396,-0.001883928013116378,0.007188465404153771,0.22842600296689278,1.462902939249905,-2.6421797609123474,-0.5933585937940423
0.015296073179073132,-0.00854954709989596,-0.001947089662418104,0.007131090204178546,0.2275922266973582,1.5068607221721046,-2.5984503109741417,-0.6503277005548761
0.01532138786124875,-0.00887900949194971,-0.001539979190689839,0.007332100582204812,0.22695672175073694,1.2042001821545478,-2.7592707692851763,-0.31786937583217617
0.014879127981341899,-0.007095740416170289,-0.003606168598288471,0.006058133199984577,0.29571507779727785,2.517043477498621,-1.5763738033706785,-1.7524341697299313
0.014892829116894372,-0.0070295792957168896,-0.0036204238653035135,0.005961632477189622,0.29406887523818087,2.4983096462628698,-1.5104593689948782,-1.758051176104597
0.014950719436185717,-0.0073498607683554745,-0.003374841086127267,0.006310293675540352,0.2818082962034707,2.4271956288683403,-1.8020731621316861,-1.6292215109864383
0.014992863756720516,-0.00745477715388605,-0.0032559303228497385,0.006394970053033294,0.2746029023003771,2.3642208195123673,-1.8870687844611258,-1.5608719655619472
0.015013397937492297,-0.007384365913683857,-0.0032764534294375397,0.006287629621520174,0.27239016988864434,2.3529344452459244,-1.8108833831210716,-1.578153878539994
0.014951402727747393,-0.0072780516393711955,-0.0034168417253560034,0.00622012994919541,0.2825752209055156,2.433097396463453,-1.7317509721697923,-1.6545825570967738
0.014943612226573115,-0.007202808591869981,-0.0034687915253056993,0.0061338042171763816,0.28460087121863936,2.445861869819286,-1.6618236693470088,-1.6832025986246697
0.01493130727590852,-0.007138882400608597,-0.0035181631667354227,0.00606525144961223,0.2869006848525245,2.460326590692261,-1.6045586630324853,-1.7086550384491352
0.023611891648990493,0.019087835271368665,5.1274486990549345E-5,-1.6486040931809406E-4,0.15352068795845575,-0.12979186704456827,0.11618683895172184,0.13392984930052923
0.025,0.018261042029916935,0,0,0.25754612949394284,-0.0036076514050259975,0.13223357777987518,0.0043324986529462576
0.014734221114138663,-0.011938868626538021,0.003069637201616107,0.007495896154295548,0.31825292625718765,-2.0910679847508784,-1.8799375996272325,3.2397414456619615
0.014779159851140476,-0.011860866809014695,0.002929739187273022,0.007525075359521285,0.31576285592639425,-2.0136829841259494,-1.96168654733704,3.14919835490967
0.014748180007197959,-0.011925291057815736,0.003037723529789508,0.007492389911069844,0.3165344937962024,-2.0719616503038605,-1.8932890911046736,3.2132373060155053
0.014775993661839126,-0.011874525511904536,0.0029486024704386275,0.007513378774866673,0.31519742396249684,-2.0230432198185913,-1.9465685882296972,3.1569847412728778
0.014769978305331619,-0.01189157981429507,0.00297453653969209,0.0075016648934370786,0.3149295771293556,-2.0364936942125422,-1.928114399064074,3.170161721700197
0.014760561295914567,-0.011909056795336345,0.0030049867028300744,0.007494225456573145,0.3153576195618996,-2.0531641196881236,-1.9097821788400668,3.1892188199597182
0.014790372230410041,-0.011850629661797422,0.002905020533016624,0.007520546974105403,0.3142034222929557,-1.9983353715388237,-1.9706347352038607,3.127557806634997
0.014825672989044587,-0.01170503835302528,0.0026971710690003735,0.007634343001211853,0.31862626746839035,-1.8888447773734043,-2.1264694930557657,3.0309326517764457
0.014837997136680497,-0.011727977658754543,0.0027104009361730865,0.00758951875961882,0.3140172079569365,-1.890881456906792,-2.0958708433761406,3.016022014528922
0.014822473219255844,-0.01174909492965979,0.002752473228258011,0.0075897405712125185,0.31578699163781737,-1.9166247926014568,-2.077462916356598,3.048869827786109
0.014815420577451834,-0.011774743224986619,0.002790130114453353,0.007571307807501322,0.3152071842792073,-1.9368627654880566,-2.0505703479864756,3.067641586774919
0.014805011007584898,-0.011796902957587528,0.002827469438501918,0.007561601450966426,0.3156289201159787,-1.9580055051081977,-2.0284557506598353,3.091053216357387
0.014791935286383357,-0.011816916058151964,0.002865438310766161,0.007558051570849592,0.3168165779474656,-1.9802960738629733,-2.009270898953606,3.1184173566851556
0.014803981027632692,-0.011836315231308361,0.0028730295992608346,0.00751710037848196,0.31247346257325864,-1.9787951228603682,-1.9834078425680486,3.100967293813078
0.014873817466304146,-0.011628643079472588,0.0025531589572737883,0.007641445261825914,0.3135931622269808,-1.8002385973171762,-2.192214120082028,2.9222107724452875
0.014841173808030695,-0.011684814041440209,0.0026559467894516162,0.007632422055914191,0.31665549875600996,-1.863104129649894,-2.1433466828432763,2.997589977670083
0.01485198309412093,-0.011662492644619627,0.0026174274378817793,0.007639771257153386,0.31593983470109416,-1.8402055282777596,-2.1639745702266713,2.971622550702495
0.014877025556574964,-0.011653436102891032,0.0025796086946080865,0.007610002390234749,0.3110066539984287,-1.8127771206239292,-2.1635960298455834,2.9255581689844585
0.015162100000382386,-0.010850435265689675,0.0012810881759635975,0.0077778026741839494,0.2828530105973355,-0.955929912516213,-2.7132226444074896,1.9875073177528335
0.01517588202298783,-0.010819500987620549,0.0012299342212152228,0.007769726486812523,0.2803989595006377,-0.9186813465652858,-2.72257748248084,1.943070345020587
0.015186857352626116,-0.010783214231746857,0.0011728385051673132,0.007768645896262523,0.27864589322496847,-0.8774226735154226,-2.737268130175067,1.8972700907330868
0.015203950536003994,-0.01066669187674465,9.980905501880766E-4,0.0077916441738674,0.2760854736609574,-0.751603682984841,-2.7950600388207065,1.7694971201967373
0.015187586559676287,-0.010743314181169975,0.0011155612500387364,0.007786712609140123,0.27895375012704987,-0.8369558602739424,-2.7627553995234635,1.8603138086794837
0.015201279670819495,-0.010702420975270424,0.001050659753225391,0.007780906777721781,0.2762552888671505,-0.7894083211328803,-2.7758331745752565,1.806121776009025
0.015097745413287237,-0.011012360732542015,0.0015476384041821013,0.007794704098977445,0.29304032978204736,-1.146129736356542,-2.645144609042404,2.2075975709392
0.015148677498909012,-0.010879409142424532,0.0013295331628029887,0.007785641308151839,0.2851690989490463,-0.9910825312351729,-2.7042538903019993,2.0297714244805825
0.015133140024243992,-0.010907608333125457,0.0013783546088255295,0.007797064574047969,0.2878425179401694,-1.0265458680656219,-2.696941039374562,2.0740041643672864
0.015124695570315566,-0.010939054577888244,0.0014277560675294483,0.007793334378533927,0.2892294450753041,-1.061395429257057,-2.680389728452982,2.1114694882021268
0.015126143088286215,-0.010966978919465104,0.001466081646721816,0.007773639518231777,0.2879889552062879,-1.0872225592876354,-2.657681979447439,2.132386863702045
0.01512139928768196,-0.010993603168889251,0.0015061845491123106,0.0077652258561696965,0.28871029036456064,-1.1148749583639217,-2.6407977485464436,2.160146548937248
0.015180506275578352,-0.010876694815729091,0.0013079337185255906,0.007730821119764192,0.2788100162688926,-0.9724049759806522,-2.6784956557357753,1.9866177752136185
0.01488980592045755,-0.011610063679122354,0.0025137965908317624,0.007635520193240472,0.31120585009008606,-1.7747596579184581,-2.2054128965010222,2.888162484727878
0.014898396342959879,-0.011585444181549638,0.0024748203963641164,0.007647295631011888,0.3110609783032399,-1.751650807812341,-2.2280728107779435,2.8641131063189396
0.014979622500675225,-0.011337276923470268,0.0020809180615607523,0.007749896949203105,0.30718509346153827,-1.50708379490262,-2.4394172497144067,2.6084813741886683
0.01497088981684674,-0.0113552048672561,0.002112236621234504,0.007748830580714275,0.30836833339407665,-1.5278141505061555,-2.4272146142913478,2.6327785762507183
0.014971652159400592,-0.011376171024801837,0.002139030225546658,0.007728824473262691,0.30703141576804943,-1.5435839795925397,-2.4058500192730725,2.6434535522364633
0.014913281526269787,-0.01156303831874652,0.002432080649061129,0.007646233935165593,0.30919054279073727,-1.7243889308115368,-2.244964093485333,2.830019924408464
0.014954876494043463,-0.011429409335469569,0.002223322289638955,0.007708092453035547,0.3081254993446561,-1.5967099557431885,-2.362224532140321,2.698962429997756
0.014967187784745407,-0.011401788172816996,0.002176356457350904,0.007713091816134539,0.3067047480031369,-1.5665320606359912,-2.38290203387367,2.664616471585172
0.014926451877075864,-0.011537824444682102,0.0023876940922161814,0.007650267841354108,0.3078172692828755,-1.6965525512503272,-2.2651984085693813,2.7974061075426953
0.014949142968675465,-0.011461279138462156,0.0022694581272782693,0.007687612654666505,0.3075120059987724,-1.62456452728748,-2.332870073803743,2.7244559061240916
0.014937521036307196,-0.011491691421721146,0.0023191139476891344,0.007677524180559754,0.3082834130221148,-1.6555933552539694,-2.3078109570671406,2.7581599226208215
0.01494222604743058,-0.011518780003036482,0.0023484796658746476,0.0076435190006137,0.30560930159616534,-1.67066373270059,-2.277140254241664,2.76309293417775
0.015015221444775989,-0.011187116267751748,0.0018492014789201106,0.007813452281070188,0.3058183075310866,-1.3565812819694631,-2.5579740176469676,2.4573405759512847
0.015005708188362232,-0.011219387576280548,0.0019008646295978913,0.007804327182865007,0.3066562269180068,-1.3909639531811302,-2.534942890241036,2.493750858512264
0.014999776582704799,-0.01124201520182022,0.001936410485709353,0.007796206901710992,0.3071720761248043,-1.4143591413096237,-2.5178459087728937,2.51784487179089
0.015001610549128795,-0.011263981307668241,0.001964554369898793,0.0077749622268556895,0.30559359966833705,-1.4315221467429653,-2.4957220377859284,2.5292318979298254
0.014983964359942079,-0.011313678226861282,0.0020458886947831508,0.007763042691899666,0.30745147982628745,-1.4850016166336035,-2.4597047161350285,2.5875894145446665
0.014996267302544863,-0.011288667634961903,0.002002083015534237,0.007763439681467897,0.30578136395693584,-1.45570702061116,-2.4757470923901157,2.5530452646676873
0.015007752411761938,-0.011334608143709953,0.0020529796880372456,0.007704842361549458,0.30121703005073774,-1.4840622738329339,-2.4240850828341327,2.562809100815287
0.015048417763594073,-0.011192148370797052,0.0018302285674011967,0.007752135490708947,0.298223560332016,-1.338349952274205,-2.529288167312794,2.4107859154878395
0.015061902244951783,-0.011169363829419528,0.0017891037174165068,0.007746327342239391,0.2961953660230941,-1.3097551256834394,-2.539828418377098,2.3752369997408906
0.015080706422022052,-0.011144790713791364,0.0017418079267478466,0.007732246084366526,0.29297624681134904,-1.2761359994150032,-2.5474697555456776,2.3306497104840136
0.015100587783080563,-0.011119493108911698,0.0016931398991524825,0.007716330618916595,0.2896139919513912,-1.241380861972919,-2.554257205094928,2.284253721229796
0.01511578315247434,-0.011044861533711273,0.0015807466712338466,0.007741576773066178,0.2886508525362825,-1.165409662785233,-2.6043297273847394,2.207726124803045
0.015116607472694173,-0.011094764889042513,0.00164835333779933,0.007706150991022928,0.28705853660269925,-1.2096657990891237,-2.5628029459349104,2.2438515799844674
0.015125929014090092,-0.011070023708722248,0.001608350806423555,0.007707052249148971,0.285818525556158,-1.1820504856159255,-2.575935871113506,2.2127120499874566
0.014490887077726665,-0.01240038706477966,0.0038395063948661427,0.007183652638311901,0.31594847623367933,-2.445917873827064,-1.3137635011500655,3.6251272080135135
0.01455946989989718,-0.0122864025246392,0.003643653772349434,0.007266456575265632,0.3166886595700657,-2.3643471045466247,-1.4648730278742035,3.5336347508284143
0.014546892118108884,-0.012299681881355426,0.003673335611127227,0.007263209975239393,0.3176507897417995,-2.379001872344345,-1.4470113778286444,3.55349167843552
0.014537985600859763,-0.012314550092323177,0.0036990388193554567,0.00725280288568718,0.3175846206682747,-2.3900306205733397,-1.4275436193562905,3.5659156530497893
0.014500784797868234,-0.012384817833284921,0.0038122252836624505,0.007195005607455735,0.31601688110812093,-2.434854188838497,-1.3349373916934877,3.612461737008553
0.014508578087389222,-0.012367197474759707,0.00378631301440329,0.007211750941340633,0.3167877373845725,-2.425521676880987,-1.3580642388109532,3.604108487828199
0.014515701039738888,-0.012346326975775283,0.0037585357801905995,0.007233912185815551,0.31811077515618186,-2.4162935648585777,-1.3849532597513838,3.597725386265566
0.01452837773887308,-0.012329370882094657,0.0037256596336661296,0.007243141702790618,0.31767075249338356,-2.4015912883726944,-1.4078939107544224,3.5794320710207415
0.01457794231765011,-0.012273090390037409,0.003605559079323569,0.007261991981997893,0.31457613560945646,-2.3436420269064655,-1.4831755215708926,3.502746715655211
0.014609395419938349,-0.012198740347341027,0.0034943127149374294,0.007325889897826213,0.3171000055555533,-2.2975352680134473,-1.5758205684885607,3.4593182811299394
0.014620966645466518,-0.012186410184174972,0.003466834653268878,0.007327665716048677,0.31610300135064023,-2.2831472350390905,-1.591217646247397,3.439892365205766
0.014587771049018435,-0.012255905719222963,0.0035764372292634516,0.007273810231216856,0.31466614427141165,-2.330787105498708,-1.5049745958880278,3.488473406346357
0.014605648991515561,-0.01221608933522268,0.003515464017519457,0.00730661943193672,0.31583363292872185,-2.305088075910009,-1.554529411797584,3.4633170194190472
0.014597937861163687,-0.012237380342023237,0.0035455545274116072,0.007286817611314848,0.3147440753802249,-2.3171348705032604,-1.5282359348689967,3.4735676423659787
0.01463010877173633,-0.012164349968581265,0.0034335859919182457,0.007345853232945442,0.3167739818063637,-2.268720079249507,-1.618095750553122,3.426093918140143
0.014651025143668311,-0.012148780982615933,0.0033903305344808545,0.007338986557517317,0.31396684236176164,-2.244055347399883,-1.6367956700583124,3.3897225842557255
0.01466052865560661,-0.01213036265871839,0.0033599018460794814,0.007351019017030916,0.3141602760961155,-2.229697706221826,-1.6587052370390176,3.374170916284423
0.014677874079596753,-0.012118222367639963,0.0033250000865905315,0.007343709184173485,0.31178960471940537,-2.2092455431389664,-1.6726115831995128,3.3436968880133677
0.014720180682575478,-0.01201381387856534,0.0031658880126095254,0.0074212962330804525,0.3137726518815905,-2.133951375906196,-1.7931999042898255,3.269492812994574
0.014724369564388547,-0.011994937547537703,0.0031410901057166026,0.007439423831617202,0.314996986745231,-2.122887686236488,-1.815012304758498,3.261281330072264
0.014699578586150158,-0.012098127870960818,0.003276830164535171,0.007340681774893434,0.3093491593863101,-2.182173005834256,-1.69530148410216,3.3058995855752613
0.014709205364392073,-0.012063943449569755,0.0032306274509099372,0.0073720605705697665,0.3110175736457222,-2.161985892759614,-1.7350054831043875,3.2895757748503867
0.014734086415820295,-0.012040308564390634,0.0031749742943840468,0.007367890279481415,0.3081123972841067,-2.130123878921282,-1.7601327733646779,3.245386375010195
0.014739171502166653,-0.01195880703011118,0.003084630451765401,0.0074637720392158125,0.3153699399754833,-2.094536911632144,-1.8554056791499283,3.2324920360502287
0.014736667776394536,-0.011979531525907514,0.003109525936910824,0.007441338931022717,0.3136220397899682,-2.105158182483454,-1.8313708934370008,3.238409883654039
0.014503101936442782,-0.012421514498301468,0.003837860882445147,0.007137432535277531,0.31069114567313144,-2.43494391214176,-1.2911027420555732,3.5948739230978846
0.013714651731867332,-0.013411171783227288,0.0055753411825268115,0.00607136344132709,0.27954404211537565,-2.757368071885219,0.33013915260305565,3.9896192022653167
0.013745704401563877,-0.013375869313978777,0.0055196000669921605,0.006124297226187589,0.2819104475984891,-2.763701019080696,0.267717979101921,3.99705663079487
0.013735443762943193,-0.013387517015270009,0.005538144684769312,0.006106967067694562,0.2811371608407606,-2.7617946889849954,0.288370957300692,3.99485114858571
0.01372514464111555,-0.013399334469590537,0.005556628660872194,0.006089211401356761,0.28034861714360565,-2.759620572891636,0.3091561474332814,3.9922371315783525
0.01376161415936763,-0.013379691847268676,0.005490275275295966,0.006110726272694867,0.27911670384276016,-2.751555170058788,0.25205202819875444,3.9706623268389314
0.01377260555192183,-0.013369047732541647,0.0054703247973674875,0.006125605571222502,0.2795729225986643,-2.7520520569400264,0.23146088128212386,3.9701790041134424
0.013783765862502885,-0.013357873522072067,0.005449972097223546,0.006141238972869076,0.2800954635983555,-2.7526212883112513,0.21028428805510527,3.969944667560338
0.014492976156876619,-0.01244061135340506,0.003867797577757967,0.007120772016310582,0.3101417585592183,-2.4459163014725696,-1.2657056777443465,3.6059648559685162
0.0144811346084665,-0.012459824852239879,0.00390025023876417,0.007105642524945549,0.3098832995588949,-2.458280730055717,-1.2396189573829572,3.6197199397231152
0.014454642518911695,-0.012498688413480822,0.003969356167850894,0.007076935449860028,0.3097786947818983,-2.4848585428861796,-1.185478072341716,3.6509093623937163
0.014467553125005791,-0.01249003787851032,0.003943319185222269,0.007075438348280193,0.3084387662140496,-2.4721086871131153,-1.1997381730788115,3.6314404564985274
0.014479798405540107,-0.012479063190111155,0.003916643986595606,0.007078082381247281,0.30756251468815266,-2.4599677604430354,-1.2163208799411889,3.614151716341449
0.014403389726772247,-0.012599699497778227,0.004118734411604957,0.006976744482750335,0.30527202075503435,-2.5305786433371993,-1.0480590038805142,3.6923999737967788
0.01442306416879313,-0.012553707275023966,0.004057073267910493,0.007027296936272254,0.3081080337712869,-2.514425110505046,-1.1095199483008056,3.6814462381462905
0.014416829260960037,-0.012569929773509472,0.004077863849868679,0.007008843218664796,0.3069518165131709,-2.5196352763463215,-1.088104655701699,3.6842813922006448
0.014415645064244965,-0.012588512508347588,0.0040921715493181104,0.006981121553127965,0.3046256877134605,-2.5195549597726896,-1.0659270769843596,3.676694144546579
0.014449254160863935,-0.012514582995281838,0.00398909556627259,0.007058641610043554,0.3085496220990797,-2.4899848064833185,-1.1648588544704086,3.653331072751811
0.01443629481265641,-0.012544640327756746,0.004030282179126702,0.007026765637257632,0.30684729918409953,-2.5018362590726304,-1.1249565986454788,3.662227963786384
0.014448686621089415,-0.012533549524091522,0.0040034263000742875,0.007030122780271977,0.30605461278568735,-2.4901022966219584,-1.1422626738029231,3.6454790097099874
0.014385808000896623,-0.012626868608273865,0.00416398190790607,0.00695256031759641,0.30464564356070273,-2.5450762265563465,-1.009129214177771,3.708353351653052
0.014407119681865328,-0.012619078343285978,0.004125455955976412,0.0069423941017195566,0.30180437687934636,-2.525290362933296,-1.0270835400049867,3.675214408082335
0.01427029234839438,-0.012769111501861774,0.004433804674571425,0.006837649397868988,0.30409635896182313,-2.631781499561803,-0.7880371587317637,3.8182158157937542
0.014273535493499209,-0.01278711012513546,0.004437813905871957,0.006804859176243292,0.30066565014784774,-2.624619347044717,-0.7697195724412856,3.7992600629620874
0.014356870575738112,-0.01266514150690782,0.004233827548470802,0.006921643363327411,0.30428639042320654,-2.568380287137377,-0.9518954314585215,3.7367464093342244
0.014375390807283827,-0.012651651877788482,0.004196033928138305,0.006924120517257009,0.3027788278246852,-2.5523294935926777,-0.9759349756507137,3.712284020583908
0.014350255217542901,-0.012683230442633085,0.004255304459450938,0.00689937676543432,0.30277361215893,-2.5721255061476156,-0.927988863157844,3.7370831804182107
0.014323613319522775,-0.012717353982182884,0.0043181149211702925,0.006870923171260379,0.30246244248249593,-2.591944092771914,-0.8757566409228896,3.761599671318728
0.014339657608555632,-0.012706215055146977,0.0042858095630342605,0.006873044229995421,0.30125302561114803,-2.5786205188577553,-0.8965793419074342,3.7409157718402564
0.014287885890958354,-0.012758302143377299,0.004399050491528191,0.00683874801928912,0.30260027534490547,-2.6176454126576405,-0.8102136241908092,3.7954509330291875
0.014316588013002288,-0.012731485535959992,0.004337478968669365,0.006854871100266237,0.3015969074673264,-2.5960065000075567,-0.8560866293854685,3.764299625527293
0.014305243460815981,-0.012746119280694452,0.004364034494613644,0.006842039088418209,0.30136660776900387,-2.6038538322418856,-0.8335136507997883,3.7739240268027117
0.013794711131814817,-0.013346272575769388,0.005429904072512173,0.006157599164293199,0.2807116938066922,-2.7534196883500646,0.1890199312559568,3.9703237644819116
0.013805510104333424,-0.013334440222670113,0.005409985500849008,0.006174302249604024,0.2813768887595643,-2.7542749322077857,0.16772691397818715,3.970963862504695
0.013816301597207313,-0.013322305783823851,0.005389953178409249,0.0061914148696980585,0.28208437598540487,-2.7551430642120205,0.14618634455773202,3.9717637603580056
0.013835642377382261,-0.013295990394675215,0.00535347896113925,0.006230029976162684,0.284125556896541,-2.7590655016035104,0.1038192002742654,3.978362794549619
0.013826907812209749,-0.013309502733125486,0.005370104546668488,0.0062096875872188545,0.2828912022144228,-2.7563636567185408,0.12429407270905313,3.9734278969629346
0.013851136964938879,-0.013297264568512105,0.005325427530412451,0.006220031382613316,0.28168342665804413,-2.7479692529992747,0.08819767869080683,3.9549754958089594
0.013862063735791094,-0.013288321292442689,0.005305044783211126,0.006230709209598606,0.2817137462502215,-2.7461160732480625,0.0692378983825801,3.950731270753787
0.013874905709945212,-0.013277445193856298,0.0052809957611805675,0.006243748445018655,0.28183742485270735,-2.74396954449356,0.046726954547360776,3.9459646668049166
0.013946814429936326,-0.01319322958452504,0.0051413981586456515,0.006354812253279573,0.2862389571290996,-2.740958808498902,-0.09893297429134813,3.9415121331902934
0.01389217304142823,-0.013248824739981027,0.005247068611149464,0.006286171515187571,0.28446475470139865,-2.7489565719140376,0.0045627351082185505,3.9560911856500964
0.013888033311648213,-0.013264222276402638,0.00525613122965939,0.006260666868883159,0.28227592563949416,-2.7428067488494436,0.021988405399271795,3.9433792256436253
0.013936449908300138,-0.0132057148054557,0.005161900923549389,0.006338614229513384,0.28558087026118933,-2.7417442571006645,-0.07762501161353057,3.9424530951832737
0.013925739326717548,-0.01321781914743004,0.0051828531587143935,0.006323148313085329,0.2850228241991733,-2.742804964075034,-0.056317561983259205,3.9441064041855385
0.01390270000990811,-0.01324001104467193,0.005227104576791827,0.006296276292669183,0.2844891160385799,-2.746666294652566,-0.013785127397260259,3.9514469695788317
0.013914496255530382,-0.013229492754926207,0.005204598588306404,0.00630860126440769,0.2846005512329637,-2.7443026225975315,-0.03484154657319718,3.9468061827124292
0.013957332615703368,-0.013180351336297072,0.0051204365097075955,0.006371468939616198,0.28694845026867416,-2.7400822433226324,-0.12075063145272859,3.940547070661658
0.014230924777077198,-0.012837996886879345,0.004533773879085858,0.006759227137040531,0.30014844457458856,-2.6509341229616763,-0.6874247334241885,3.833121325610047
0.014221238457417405,-0.012852033016900646,0.004556573066322165,0.006744306748340198,0.29957705736290946,-2.6558106592307618,-0.6658325055619388,3.8382961320588973
0.014148280442190336,-0.012953126724724099,0.004722834793043334,0.006634374010439814,0.2954749603106646,-2.687721728038389,-0.5069373579063085,3.8731013758274826
0.01415852915269663,-0.012933022352867491,0.0046975263144062316,0.006660462509515395,0.2971451816403193,-2.685974621156046,-0.5356044226313742,3.8743614928373726
0.014209861565033208,-0.012865833611089377,0.0045820008659243,0.0067310851486762245,0.29932206744238427,-2.6620810368398917,-0.6433425371467298,3.8462655096976994
0.014194849941462693,-0.012880841749464328,0.004614019666151363,0.006718743672881137,0.29953065830272435,-2.671024287574415,-0.6170049708948208,3.8590690833945875
0.014184224795365609,-0.012900946532106872,0.0046406665599852855,0.006693722392975536,0.2980337615045863,-2.6741088717893358,-0.5880484522895043,3.8597347030729803
0.01417322277841702,-0.012916550085028492,0.004665843593353157,0.00667642828623713,0.2973389206285018,-2.6787005261883383,-0.5636335971601113,3.864536334470722
0.013968576508645653,-0.013165491436113654,0.005097688084774065,0.006391046501499624,0.287843515960935,-2.7395030740956168,-0.1450771345978492,3.940463211486851
0.01410823966714862,-0.013009723954139652,0.004811817884875935,0.006568242707622629,0.29259984316899784,-2.7002304036936127,-0.41781512942203575,3.885226155109265
0.013987266467407363,-0.013157449491798515,0.005062934036517148,0.006393636010341372,0.28635052598171207,-2.7295065446055884,-0.16999604212770306,3.921215815011949
0.01400132498224053,-0.013146981617060563,0.005035929645860069,0.0064031994132906144,0.28602003125036596,-2.7240675889801573,-0.19266977045793968,3.9114217702148797
0.014013443547707933,-0.013134807550878737,0.0050119295258487994,0.0064168167268675086,0.2862677559872269,-2.7207720200540546,-0.21505931562640437,3.9061853006913787
0.014024319172938364,-0.013122479107581799,0.00498999032992025,0.006431339532025306,0.2867312314869643,-2.71831664022493,-0.23642423822484085,3.9027585413503765
0.01404373958689592,-0.013096923786221902,0.004949669744424627,0.006463057381171936,0.28808950539949757,-2.7151097865666913,-0.27789790551683363,3.8997247255666667
0.014034319577673662,-0.013109654173106888,0.004969367222904479,0.006447156679327924,0.2873623040028304,-2.7165961829870695,-0.25746563871534983,3.900958661004448
0.014092783269651616,-0.013024533871620178,0.004843393365733924,0.006554199755292033,0.29265796479447514,-2.7070998736956793,-0.3904784296128368,3.895661694004876
0.01408086190051584,-0.01304359507556474,0.004870008221028645,0.006529865808596983,0.2912893423046996,-2.708903499049276,-0.36164060107887036,3.8958244354257716
0.014066470370576093,-0.013056386691885358,0.0048988632280868505,0.006517984667342062,0.2914644149335543,-2.7151416557729195,-0.33696751328766533,3.9057817460968196
0.014054551862380428,-0.013085302907079556,0.004927723007523887,0.006475912480038544,0.28837817994994963,-2.7118211448104135,-0.2984636861604219,3.8949411831489615
0.014068939359791248,-0.013075095503891288,0.004899866529785548,0.006483627368628731,0.2878351452893771,-2.704844232383571,-0.3206329315556373,3.8829164319902447
0.014129918272204,-0.013015070954603499,0.004776298560208118,0.006542616103298051,0.2882798340378541,-2.6798958266048953,-0.4294525030836865,3.8453812179554565
0.014138834763647,-0.013000293939934232,0.004756043989905045,0.006561089669121466,0.2892301725060525,-2.6781684045434524,-0.45123213892627395,3.844979552990599
0.01414526679460979,-0.012984478630387899,0.004739506855250682,0.006583131208790801,0.29089840672512185,-2.678719451266221,-0.47222092698754914,3.849255089988951
0.014158196787599055,-0.012973286423240082,0.00471341628780811,0.006592046252207758,0.29048631539504727,-2.67183671270099,-0.49337491675374207,3.8385744370489476
0.01425046350937647,-0.01284098029192454,0.004502614318808509,0.0067367772324328995,0.2963187164634116,-2.632294930582907,-0.6964836858931774,3.7975494110601953
0.01425898613219688,-0.01282650686077609,0.004481549182317687,0.006753106389409382,0.2971178560849364,-2.6283389394991654,-0.7175274184333943,3.794346965477169
0.014264280440719354,-0.012813064490290103,0.004466201291732015,0.006770536050511508,0.29829282361373916,-2.6269024525899125,-0.7354912386092377,3.7956343877383802
0.014277086514381148,-0.012805356133060218,0.004441232150273554,0.006771494976493695,0.29728419027281955,-2.6170118030557004,-0.7516146917909378,3.7796208874793042
0.013082107376208943,-0.013973454895164869,0.006537263371452689,0.0050707648963275445,0.24666030668205732,-2.464390807586023,1.4271826025029073,3.6998071958432583
0.013069504061173187,-0.013983018202518927,0.006553424450270144,0.005050361309260121,0.24599037068122634,-2.4552675160641875,1.4464167743040621,3.690516455360233
0.013056881441998403,-0.01399245029748565,0.006569567709279546,0.005030072060672189,0.2454167908022147,-2.446100947887345,1.465583008031981,3.68124536755885
0.01304430693540787,-0.014001845467991013,0.006585509135546361,0.005009746482285305,0.24494749203925917,-2.4368156983286853,1.4845756333861446,3.6718081941629
0.013031801226958873,-0.01401130680794122,0.006601138221852762,0.004989208990846451,0.2445050864309101,-2.4273287572956206,1.5033505732664436,3.6620310316307854
0.013131507279355067,-0.013933970239082017,0.006473795736786873,0.0051532334291878945,0.24911993643761912,-2.5003738095672685,1.3506866268325242,3.7374811797674714
0.01311923237367355,-0.013943810489711647,0.006489767706236416,0.005132855329487277,0.2486594581567699,-2.491635068876875,1.3698673806961137,3.728376510382128
0.013106999651277726,-0.013953796648031142,0.006505423990549126,0.005112112297773958,0.24807253193162868,-2.4826191926473897,1.388875052899187,3.7188074026208366
0.013094629388352647,-0.013963714115367778,0.006521222858234781,0.0050913530759426244,0.2473787041096627,-2.473508283618381,1.407969997287539,3.709224765222237
0.013159323065582961,-0.01393113410707793,0.0064252221522530725,0.005163719257815234,0.2464325079181742,-2.5025326928916383,1.3099093946418543,3.7249014202727646
0.013146764835661401,-0.013940517062648367,0.006442097668884247,0.005144422090150046,0.245951164053496,-2.4945353760275046,1.3294249758214962,3.717148940446416
0.013217611475518446,-0.01386468713648057,0.0063579354629309135,0.005293387978138001,0.25349550750843924,-2.557441655741242,1.213298741880276,3.795958951744271
0.013171895360008208,-0.013921575479392559,0.0064082959427803135,0.005183213457441542,0.2469397161397695,-2.5105176575534767,1.2902687555588797,3.7327184998335805
0.013184394532854039,-0.013911806656065053,0.006391492233391637,0.005202953210914084,0.24748659743668464,-2.518524697268971,1.270618060484433,3.740714564074684
0.01319678523508378,-0.013901873204033613,0.006374842660114664,0.00522285370564281,0.24807150224246918,-2.5265189412803384,1.251007967900521,3.7488410334851223
0.013209079266573802,-0.01389181742884501,0.006358297665147125,0.005242843343148497,0.2486853601326198,-2.5344653742315058,1.2314228709722703,3.757023081177921
0.01322131292086385,-0.013881654070967357,0.006341780596368093,0.005262902549151952,0.24932312635617393,-2.542349623958384,1.2118093485957269,3.765212543305996
0.013229768488848782,-0.013854450012826184,0.006341270976315838,0.005313535142571304,0.25420158105518964,-2.5652525911910176,1.1934586705897978,3.804112869473338
0.013241878959037145,-0.013844102400686072,0.006324606609411302,0.005333761056890723,0.254928552531045,-2.572999499517199,1.1735775918028664,3.8122592169392817
0.013289532047272254,-0.013802647457828629,0.006257990655377447,0.005413543606041528,0.25743747993836147,-2.6025154114497977,1.0942525601681448,3.8433761062320033
0.01325389459826905,-0.013833680532871616,0.006308009142137192,0.005353996569613092,0.25563442902359146,-2.5806587517850126,1.1537290050218427,3.8203770671512625
0.013265810743959841,-0.013823268094516545,0.006291444182469619,0.005374090106031414,0.2562737855965161,-2.58815963798895,1.1339316580782766,3.828337573985072
0.013277669066822533,-0.013812920973820248,0.0062748094691425236,0.005393943133035602,0.25686232665966285,-2.5954504132189027,1.114134333754157,3.836023763409307
0.0133288702034512,-0.013787761529124556,0.00619261195791847,0.005442354643492569,0.2555603291821171,-2.6084154453411803,1.0341971598808923,3.8351410643656862
0.013305017380177702,-0.0138083489893714,0.006226796146508725,0.0054038154779536005,0.254257448588334,-2.5951131215263863,1.0741420162785509,3.8215320942385165
0.013316908721305169,-0.013798127404799401,0.006209802346237628,0.005423012684780632,0.2548931340854422,-2.6017924671344446,1.054282801819291,3.8283587706358837
0.013537667629389237,-0.013593946232587422,0.0058748921106406395,0.005782891666808388,0.2680137060672709,-2.706407404109655,0.6666674552763486,3.936641882145001
0.013571493983253488,-0.013560142098264408,0.005819986142621111,0.005838542654829526,0.27020615296475087,-2.7188060106669485,0.6040071603532154,3.9496957218510116
0.013560667229960853,-0.013571521963305409,0.005837565680347728,0.005819820075107695,0.26938289686031736,-2.7145730454168695,0.6244330016316785,3.9449030890603054
0.013549355192957377,-0.01358290615594099,0.005855906836803899,0.005801066341098635,0.2686452908918371,-2.710369337519609,0.6454248288733817,3.940424050965858
0.013587301334940599,-0.013564780806554688,0.005789804987093818,0.005826382578045225,0.26748810863217476,-2.708349874019713,0.586248616753546,3.925024119143597
0.013598569299101262,-0.013554695989027888,0.005771077090962368,0.00584230718863831,0.26797691109244726,-2.7110837394415785,0.5660989788942312,3.9270197999786305
0.013610331717421632,-0.013544297157061944,0.005751396087909834,0.005858553859666487,0.26845749587843176,-2.71366149024708,0.5451249922248946,3.9286878758137473
0.013622013198983122,-0.013533335198714224,0.005731855924100973,0.005875713748922922,0.26904060543250247,-2.7165184755593526,0.523898476961563,3.9310287316355534
0.013633545677251167,-0.013521928124523082,0.005712544036497632,0.005893589275246354,0.2697130918697556,-2.719593284885892,0.5025566015420143,3.9339431213298144
0.013704020407785268,-0.013422940711652863,0.005594184497847353,0.00605356271727019,0.27879518168121,-2.7550624338725846,0.3512005800066962,3.987043833130618
0.013693274971570801,-0.013434623943767097,0.00561311807190138,0.0060358273986733406,0.27803503744453834,-2.752701182906465,0.37229518899083497,3.984500543589117
0.013639086706974038,-0.01349305643979891,0.0057067055665580395,0.005945276482714974,0.2742058656592978,-2.738396850765167,0.4777190861972667,3.968790366261129
0.013650130937768276,-0.013481199199716814,0.005687890726695407,0.005963904531432391,0.27499237021298845,-2.741640547715679,0.4563652146172969,3.9723952274534073
0.013682482636666306,-0.013446232917947673,0.005632018128393653,0.0060181125817455544,0.2773158867759235,-2.7502367079582175,0.3933607107665215,3.981886672998615
0.013671674544593782,-0.013457787790479373,0.005650827309344484,0.006000369026492764,0.27657046122613976,-2.747637609184116,0.4143689631021461,3.97913130060423
0.013660920710719558,-0.013469395966049312,0.005669402956347756,0.005982377489289688,0.27581714092715276,-2.7447909105492756,0.43530640533739823,3.9759981093282235
0.013645068871590003,-0.013510198661713206,0.0056931702969902865,0.005911918092702597,0.27043615963829076,-2.7227245726043523,0.48098537006630643,3.937085590852494
0.013360316891992532,-0.013739792001950876,0.0061554569619863145,0.005530851776902267,0.26158162554459574,-2.642560402749176,0.973492783081067,3.8851982839390824
0.013348914429791246,-0.013750490943526409,0.006172071079878157,0.0055111874971369365,0.26108524792948656,-2.636024511113152,0.9933289704462709,3.8780815268190874
0.013337318844792294,-0.013761255403811424,0.006188868128598847,0.005491288388590192,0.2602479551684253,-2.6293208972571613,1.0133462028893356,3.870825678123508
0.013446776917605327,-0.013682603013542976,0.006017075921709411,0.005631742003908788,0.26208889368316285,-2.66705523886413,0.8312401397362886,3.894706798758
0.013435365906162471,-0.013693508897626208,0.0060343845487101705,0.0056126211835726214,0.2613520305548904,-2.6615236798326474,0.8514819105650694,3.8887752615979383
0.013423748805519088,-0.013704379638510568,0.006051948334575847,0.005593460021793864,0.2606411065703533,-2.6559145018734065,0.8719133663367495,3.882878348336501
0.013411834506177542,-0.01371511309358739,0.006069973374971603,0.005574447150492896,0.2599900483502722,-2.6503330983125397,0.8926227613421819,3.8772572950521194
0.013399634968975177,-0.013725542888245875,0.006088505989649586,0.005555879282337229,0.2594338151225841,-2.644906133191354,0.9135405620864631,3.8721534192530584
0.013387324541627006,-0.01373547147385259,0.0061073139153618025,0.0055381033146288386,0.25896860777246916,-2.639744153773078,0.9343686017955318,3.8677085252275414
0.013375349502010145,-0.013744901561869737,0.006125588651797047,0.0055210978907199075,0.2585274841612591,-2.6347349142602394,0.954506826935531,3.86351556994491
0.013462981683719955,-0.013688761258296834,0.005985143455580118,0.005618791216684793,0.25925609787645537,-2.6569742221515735,0.811915621105631,3.8694447967199967
0.013474247327811153,-0.01367786401657359,0.00596801983222111,0.005637598286119872,0.2599804581129153,-2.662213500670015,0.791964458643789,3.8750856736725594
0.013485721774750367,-0.013666967771737058,0.005950379469978436,0.005656257799784973,0.26067302997992514,-2.667216494508441,0.7716661666790544,3.880300085076201
0.013541858217933264,-0.013610133190473321,0.0058630969512954165,0.005752209669159879,0.26457599208590143,-2.6919858343484537,0.6696479410796333,3.907843182788872
0.013530546591484074,-0.013620923816743588,0.005881139493153386,0.005734341547953569,0.2639187629099577,-2.687861799079308,0.690020802286023,3.9037358853403847
0.013519888272463388,-0.013632687391751717,0.005897586154210616,0.0057144502476074895,0.26301984045963517,-2.682555050590811,0.7099535571251082,3.8972634260943413
0.013508763383058531,-0.013644394435429906,0.005914759459217608,0.005694622773998958,0.26216129778366404,-2.6772996903126303,0.7303837183271423,3.891143851255771
0.013497270528947605,-0.013655831933259935,0.005932542549995343,0.005675222533650344,0.26139175396870545,-2.672215814767085,0.7510926624959691,3.8855803382719114
0.013341202984743956,-0.01377756958864076,0.006174527374768589,0.005461257011888731,0.256116035285187,-2.6146470120677416,1.0135682115001596,3.8411058556921334
0.012784377156011453,-0.014152980117106462,0.006921518840145428,0.004640542251282833,0.24324329029186678,-2.2512455460387777,1.8580538328586604,3.5079130155248346
0.012798761674132948,-0.014160144980685067,0.006889755934004648,0.004635071764588856,0.23627135730380824,-2.2480680797357437,1.839138618653182,3.490383445019718
0.012771316304873213,-0.014161707094251574,0.006936048821097734,0.004618796591153198,0.24414860521514228,-2.239328206018849,1.8757397295828317,3.495662054452474
0.012785666137452878,-0.014168912497736745,0.0069043133843874,0.004613407264158597,0.2355475678359172,-2.2362620508698687,1.8568015986961905,3.478239511171196
0.012758228099060338,-0.01417039299749484,0.006950522788399358,0.004596986599094707,0.24378518145699526,-2.22731796784363,1.8933824318771126,3.483218175680444
0.012772565945421083,-0.014177671733399741,0.006918736253271866,0.004591654330878301,0.23488043929733274,-2.2243176870001875,1.8743695212205136,3.46590902149863
0.01274511266988174,-0.01417903773967821,0.006964945055510809,0.004575105594080718,0.24201065886212736,-2.2151882345031892,1.9110006033766977,3.470626010339155
0.012759431452555646,-0.014186402580780869,0.00693308971860289,0.004569834163733223,0.23461677129450378,-2.212256833667151,1.891857772711875,3.4534716221644266
0.012731970148814605,-0.01418764123415389,0.006979300629416909,0.004553176278180457,0.24025496989372563,-2.2029200659588546,1.9285469110081956,3.457978679889092
0.012746241836768058,-0.014195066347083502,0.006947442180935591,0.004547999305273141,0.23457805055472417,-2.200111345867693,1.9092755457684618,3.4410024774504717
0.012718800667499655,-0.014196203394784794,0.006993574169103355,0.004531222217689649,0.23965869056538638,-2.190518944370404,1.9459536229037633,3.445314613217041
0.012733013837489758,-0.014203646684727282,0.006961782618003087,0.004526181965397113,0.23440660153847162,-2.1878981397522614,1.92661208486021,3.4285035664661696
0.012878643572379478,-0.014122870447917038,0.006784156118599575,0.0047367614377080034,0.23821017792187985,-2.3032793619749,1.7244026628577955,3.533930200411056
0.012865636151868661,-0.014131878777409455,0.006799096397472454,0.004715440056899185,0.23766306662722972,-2.292207304551202,1.742447000643504,3.522558964601022
0.012942626492644214,-0.014077171866124972,0.006709589720567865,0.004842507486764211,0.24059143484043322,-2.3568543866786382,1.63403656210315,3.589345305693825
0.012929784108274474,-0.014086228499685586,0.0067249467729861715,0.0048216980072652025,0.2401205797115046,-2.346483330615999,1.652437848909208,3.5787938974959688
0.012917024845965887,-0.014095328802007057,0.006739977659230056,0.00480073569188194,0.23971684107963911,-2.3359454751592104,1.6705917727823236,3.5679467651628287
0.01290431921150143,-0.014104515673339304,0.006754696355393477,0.0047795382735264175,0.23929714492839346,-2.325207845877813,1.6885247133687635,3.5567548408511525
0.01289154627084812,-0.014113722292333415,0.006769364852038068,0.004758176980469197,0.23879412063611563,-2.3143026925108074,1.7064241132846938,3.545368497066551
0.012944564265862485,-0.014093451405055649,0.006693198914668116,0.004814627346442952,0.23704638503604744,-2.3429988007488736,1.630207261871275,3.5610567304996015
0.012955498769633393,-0.01406800782605705,0.006694119414833155,0.00486340633233794,0.24113987443982007,-2.367176717199673,1.6154895396722966,3.599867133949449
0.012968357466773299,-0.014058690634440553,0.006678644275119297,0.00488445976356927,0.24170604240189494,-2.3774813292290884,1.5968635185708295,3.610449663697547
0.013019289367560069,-0.014020847332692892,0.006616575569325611,0.004968418916488799,0.2440013081326294,-2.4176246867761297,1.5220129777025235,3.6519312903622905
0.01298117655907862,-0.014049293468612412,0.006663150635961152,0.004905530049669752,0.2422523650081041,-2.3877005799815563,1.5781863004564143,3.6209818148840696
0.01300668053728647,-0.014030391359119876,0.006632034285967605,0.004947485167916345,0.24341278058974547,-2.407759219273038,1.5407016558412663,3.641673011849765
0.01299396071355005,-0.014039870459943487,0.006647589016128654,0.004926523435681157,0.24281232314828302,-2.3977857643239946,1.5594492109189046,3.6313690530173814
0.012852619366024077,-0.014140795141044611,0.006813982026918248,0.004694168036433708,0.2372226029072948,-2.2810662956542553,1.76040637137975,3.511146579712545
0.012813465913748061,-0.014167561963132312,0.006857893629635055,0.004629647214220674,0.235769562324092,-2.2467722218119355,1.8136714971711216,3.47579008339342
0.012826614245020867,-0.014158710992140527,0.006843178578899199,0.0046511799542186425,0.2362846966291909,-2.25830867488564,1.795881178484022,3.4876209773309945
0.012839641002564987,-0.014149745766593946,0.006828621166299661,0.004672749120950847,0.23679648243566384,-2.2697676075070006,1.7781746384158232,3.4994807824373955
0.012867650906211338,-0.014148263089553872,0.006781489571194421,0.004687939155447819,0.23400206276374289,-2.278572549734456,1.737282986552384,3.4942526162272434
-0.0050301863683028455,-0.009451408652823314,9.143017135794856E-4,-0.008282880744832997,0.37230822481453546,-0.574300632887529,2.5353983235859103,1.4086059345413726
-0.0050171795183086764,-0.00944202697879021,9.254168997755401E-4,-0.008264069929389868,0.3647047491187998,-0.5891778931596264,2.519162478206401,1.416595245578139
-0.005028487639427606,-0.009467022656507899,8.883213439449623E-4,-0.008285707285299045,0.3658346909672605,-0.5578858086400539,2.5387529389641745,1.3899628742617025
-0.005015460186975035,-0.00945767764146294,8.994628975415999E-4,-0.008266978309676383,0.36077402081954646,-0.5726001839420388,2.522689969331749,1.3980182443862121
-0.0050268379798275075,-0.009482641786463353,8.623041347032787E-4,-0.008288455133533759,0.36060802172491746,-0.541418082523186,2.542013865094069,1.371267828384236
-0.0050137310556944426,-0.009473335042458677,8.734825993858317E-4,-0.00826973921600121,0.35668032941449596,-0.5560944242811287,2.5260685206252016,1.3794807424166435
-0.005052106327402138,-0.00928003596988042,0.0011999611723943796,-0.008246341395330701,0.4164486469130664,-0.7574414484640487,2.4922668789326905,1.6152522865452006
-0.0050498689328047465,-0.00929558363336138,0.0011740118580510586,-0.008250075720333627,0.41392767705155725,-0.740684864886811,2.4966455199572257,1.596258411318402
-0.0050370083550599675,-0.009285760737095175,0.0011844662199220542,-0.0082303812106351,0.40714210910958565,-0.7547500603729395,2.4789925331817506,1.603626733146602
-0.0050476804154309,-0.009311138089096707,0.0011480559262789353,-0.008253727796267613,0.4112032402187875,-0.7238922495872019,2.50094311886098,1.5773535383399055
-0.005034782321391705,-0.009301399039846786,0.001158543631989452,-0.008234108607363762,0.40270575879512777,-0.7382019007245928,2.4834102615564544,1.5848029846393243
-0.005045540795333225,-0.009326699183653656,0.0011221070154238213,-0.008257295773474746,0.40783902843784,-0.7071515909247278,2.505153244961565,1.5585442543985988
-0.0050326481821825675,-0.009317027251409723,0.001132649782717234,-0.00823779533793649,0.39838283409553904,-0.7216167255350397,2.4877781638114147,1.5659961944924168
-0.005043450092026908,-0.00934226676397499,0.0010961738076470835,-0.008260778594377356,0.4033965796471944,-0.6905284031489206,2.5092596450514337,1.5398013476073726
-0.005030584892276857,-0.009332636927162017,0.0011067883712563857,-0.008241415967449732,0.3942675489413113,-0.7050100771967824,2.49207109184956,1.5472227108790555
-0.005041408324495789,-0.009357840677385803,0.001070252951736364,-0.008264176835816341,0.39766372604985295,-0.6740231261916584,2.5132452266549583,1.5210599304095502
-0.005028559439934477,-0.00934822446120802,0.0010809533628417282,-0.008244933131474662,0.3904393017191024,-0.6884217071975379,2.4962550671347006,1.528504008125507
-0.005039415511198499,-0.009373420771600324,0.0010443148524323814,-0.008267494426785565,0.39201357464972925,-0.6575314279183332,2.5171235419784352,1.5022636988302096
-0.005026537466727539,-0.009363800640562591,0.0010551189978597198,-0.008248312067898972,0.3867085249687415,-0.6718955864368653,2.5002935077631787,1.5098415378434458
-0.005037471670074725,-0.009389006894728722,0.0010183327732925039,-0.008270734725801815,0.38792028139467666,-0.6409317634256825,2.5209269764816153,1.4834239898080963
-0.005024523709787874,-0.009379395990470234,0.0010292428196559884,-0.00825156751735534,0.3826425206797868,-0.6554196482685152,2.5041927843186254,1.4912016243736312
-0.0050355768185515425,-0.009404598895283897,9.923156104264625E-4,-0.0082738965067874,0.3849905053716856,-0.6242131012607665,2.5246686997336734,1.464607179267114
-0.005020692385935585,-0.009410698170205872,9.773362060938858E-4,-0.008257914455930979,0.3734527139389808,-0.6223885718116452,2.511782475474376,1.4538816747233805
-0.005022563549804889,-0.009395032000303052,0.0010033067280443375,-0.008254756299642426,0.37812799199635777,-0.6389318392091168,2.508008365844773,1.4725494432520978
-0.005003770584228026,-0.009432557216301886,9.364111314587352E-4,-0.008245405553871439,0.36401965455793023,-0.5980011624692815,2.5040956172539697,1.418265589578071
-0.005005398132131296,-0.009416815843486121,9.623190179578626E-4,-0.008242127799759469,0.368274061083217,-0.614561125940836,2.5002256066747983,1.4367487592158443
-0.00506154425783226,-0.009217916319918088,0.0013034310739257688,-0.008230621315965213,0.43514843321651386,-0.8233747557343124,2.4738955768351008,1.6911671148748855
-0.005049013996908001,-0.009207955743933757,0.001313544806764028,-0.008210769868150308,0.42590770237870185,-0.8373390122469427,2.455691978791402,1.6976599407200454
-0.00505911156582297,-0.009233435272781454,0.0012776092450680896,-0.008234669043633938,0.42945582340139077,-0.806974570682566,2.4786391641107124,1.6722832086525035
-0.005046587021234731,-0.009223468298394637,0.0012878321412380623,-0.008214922602138644,0.42258163983084357,-0.8207608173525011,2.4606234266608387,1.6788339071938694
-0.0050567276653341415,-0.009248961635249483,0.0012517650135517265,-0.00823863714158213,0.42408083173757677,-0.7905768717100367,2.4832723793440796,1.653322221658449
-0.005044154726245164,-0.009238983679096271,0.0012620915655415536,-0.008218932158862097,0.4192162161167308,-0.8042358388472662,2.4653908775192934,1.660044497119712
-0.005054392578627048,-0.009264495252455318,0.0012258830557076285,-0.00824252787052053,0.4196840615042196,-0.7740807687381362,2.487810921726894,1.6342945824429644
-0.005039330956138806,-0.009270130937155133,0.0012103931731471016,-0.008226624397250923,0.41150001016464616,-0.7712595811379649,2.4745348744618254,1.6224510474501235
-0.005041725813531888,-0.009254534053066173,0.0012362799774363641,-0.008222820219055342,0.41554995967383584,-0.7877458017660554,2.4700144887382156,1.6412576795309468
-0.005036061942941068,-0.00919792748580674,0.001323435562629304,-0.00819105098398544,0.42443191756395965,-0.8454903087379922,2.4391955177922657,1.6980465415482489
-0.005038393504965568,-0.009182324978548933,0.0013490662721416735,-0.00818650726963041,0.4280598437246255,-0.8619410834005995,2.433903149902422,1.7166559272655209
-0.005040857974606313,-0.009166623877184294,0.00137488422435439,-0.008181929326606547,0.43159521128374667,-0.8785024785153212,2.4285351266032102,1.7354437656983646
-0.005043530530329487,-0.009150887641085646,0.001400828630446458,-0.008177434393596432,0.4351038200060487,-0.895125326382912,2.423188274548092,1.7544075148366627
-0.005046384179085663,-0.00913518649754844,0.0014267814602828292,-0.008173024315887232,0.43863350423660424,-0.9117383171739165,2.4178710952216633,1.7734594261834573
-0.005049301202046522,-0.009119558324366272,0.0014526290385137863,-0.0081685799747278,0.4421726221985334,-0.9282853807795092,2.4124936618735275,1.7924682221065196
-0.005060972201560256,-0.009057887085211325,0.0015544796516956318,-0.008149805829035328,0.45600746540445897,-0.9935173876796278,2.3899156980739917,1.8673806775106747
-0.005058123520480199,-0.009073246928701479,0.0015291811511334195,-0.00815476328296942,0.4526260647665387,-0.9772991511175508,2.395818647439881,1.8488137720003592
-0.005055188284814442,-0.00908860583065896,0.0015038113794084863,-0.008159476809476008,0.44917193993602517,-0.9610530768135667,2.4014898141913386,1.8301438831587904
-0.005052234014367222,-0.009104030340266333,0.0014783063317602167,-0.00816406053473691,0.44568617609666655,-0.9447257570372914,2.4070295442080467,1.8113638111815205
-0.005048111615121628,-0.00904754589097941,0.0015633162348079293,-0.008128887504138043,0.4509734490217036,-1.0028168442764003,2.371671086702815,1.8680670626756213
-0.005050531092356447,-0.009032071330927234,0.0015883614178136037,-0.008123121986908434,0.45388856956409357,-1.018960022176735,2.365022366861282,1.8861657967114311
-0.0050539870275757,-0.008943442743927868,0.0017245706768620132,-0.008075077951518671,0.46451533089377667,-1.1088417110230424,2.3142287278048883,1.9795641724563964
-0.005063681563719262,-0.008969518762306408,0.001691180912978195,-0.008102343764489818,0.4665756293126146,-1.0845295053370991,2.3397778414886443,1.9617462560976875
-0.005051280750712756,-0.008958732879960792,0.0016999792316195804,-0.008081208192985809,0.4619081025042551,-1.0930884134646865,2.32137211541207,1.961839605183833
-0.005059922665638205,-0.008984917797811898,0.0016656046955041074,-0.008107059176398186,0.4633183049049843,-1.0683219853820305,2.3457353167921737,1.9427391586617706
-0.005056248490754284,-0.0090005524709047,0.001639699916074611,-0.008111869357729508,0.4599984510829493,-1.051885588945282,2.351759127372421,1.9235450473296887
-0.005053170727331024,-0.009016361792164423,0.0016138481322238764,-0.008117339172428574,0.4568681569615625,-1.0353506241045676,2.3582914153235506,1.9046427789241827
-0.00502523740399226,-0.009498265893762122,8.362430637837001E-4,-0.008291124902405475,0.3570055123574918,-0.5248057208963053,2.545201641269785,1.352563365547014
-0.005012030932947171,-0.00948901440428987,8.474655769314926E-4,-0.00827239860531428,0.3520856683411982,-0.5396300898722913,2.5293375808653518,1.3609605012534611
-0.005023685925945949,-0.00951389482992714,8.101630240858424E-4,-0.008293713893896526,0.35370094702634364,-0.508078131152718,2.548314176354742,1.333903478097169
-0.0050104089025164505,-0.009504714763214206,8.214248349551722E-4,-0.008275010452231018,0.3471982256269301,-0.5231573112149586,2.5325559623301177,1.3424462323802944
-0.005022183559254116,-0.009529528446938641,7.840791137758448E-4,-0.008296220522932121,0.35018928696194324,-0.4912985647872648,2.551352038174568,1.3153164115148572
-0.005008876551267776,-0.009520420235280611,7.953857159136235E-4,-0.00827758378245,0.3423052571047789,-0.5066628400468253,2.53573660962026,1.323943029361142
-0.005020730317030955,-0.009545166597241006,7.579955534962414E-4,-0.008298644403458231,0.3465500055019643,-0.47452135415238406,2.554320480103248,1.2968137020309474
-0.0050074275631451955,-0.009536119831470393,7.69362567274649E-4,-0.008280109300015383,0.3374449919282862,-0.49014731668588,2.5388674868713004,1.3054580809215903
-0.0050193262119465985,-0.009560809133749612,7.319219861386346E-4,-0.008300984725953819,0.3422208094801935,-0.45780447576482547,2.5572107331768623,1.278386481390803
-0.005006054928950288,-0.00955180684282072,7.433632191874113E-4,-0.008282578532705117,0.33267682209039556,-0.47361282548956735,2.5419398441755092,1.2870036210231237
-0.005242571620111026,-0.008227185031749443,0.002867991843030887,-0.007699010167334105,0.5304722202377664,-1.812086187871678,1.8530928690991944,2.78203544318487
-0.005259549142320957,-0.00819750665702353,0.002921901184970645,-0.0076866701337508034,0.5333788094393102,-1.8434094230771998,1.832482449765731,2.8228464612684654
-0.005248240270405802,-0.008209446708126737,0.002895512067274082,-0.007686757419163514,0.5303123846917773,-1.8278302091367726,1.8379080645190802,2.7997795892799777
-0.0052180853186683624,-0.008244806430003108,0.0028212153281908844,-0.007690128425855915,0.5223978239297214,-1.784273875571855,1.8550779632309577,2.7369885988958127
-0.005223937501894787,-0.008229836705748303,0.0028454705617561443,-0.0076811958919330665,0.5228800597087239,-1.7982137100080975,1.8433563059257112,2.7535082698685467
-0.0051851677622296415,-0.008451068094753928,0.0025256640166165883,-0.007852638089058922,0.5291597423239391,-1.6094666613558137,2.037201308447376,2.5594863771021434
-0.005179000439795506,-0.008466061113572515,0.0025000626686569583,-0.007859145549813875,0.5273553981509087,-1.5939760613272342,2.0464363613599903,2.5404341963157457
-0.005196076364719575,-0.008421448842243181,0.00257498871609101,-0.007837891109547168,0.5318245164188548,-1.639310599871777,2.017389984671519,2.5952690398138496
-0.005190357851140848,-0.008435593900319506,0.002550983648617888,-0.007844421919900204,0.530314994562363,-1.6248314162338067,2.0265299292284653,2.57757220391997
-0.005195462018544991,-0.008364343972212888,0.002648836068029842,-0.007783299244817865,0.526325110436944,-1.6838735983061326,1.9606975135737856,2.6333813564461437
-0.005191287100218848,-0.008380046674231074,0.0026246046483424106,-0.0077935558562012225,0.5259682655402793,-1.66944366712581,1.9730627573451318,2.617335028228261
-0.005188421875576944,-0.008395660382920717,0.002601641684244685,-0.007805060949436496,0.526109325276863,-1.6557030499487475,1.9861892183410037,2.6029560843530173
-0.005186976384024286,-0.008409242075056528,0.0025825626273463667,-0.007816140576370988,0.5266477922850502,-1.6442150793188948,1.9983123461197412,2.5917010634214774
-0.005212731157390348,-0.008260187398723933,0.002796907481574419,-0.007699882764034126,0.5221088088221966,-1.7702824123510863,1.8674026685833407,2.7208259613296213
-0.005208202722223885,-0.008275964357390794,0.002772876520657382,-0.007710797342226052,0.5221271273882478,-1.7564211409234394,1.8805470573283507,2.705450492987375
-0.005200175749867766,-0.008348177381324519,0.002674102496575951,-0.00777304866652516,0.5267985209485749,-1.6988665161040755,1.9481070263425997,2.650317013226077
-0.005205723764923131,-0.008330230788774996,0.0027023698164163963,-0.00776183165815139,0.5273428776080759,-1.7155683245180848,1.9341553550060604,2.6693622823257463
-0.005204474939095729,-0.0082927255005897,0.0027483321399011575,-0.007723427727282843,0.5225333407778533,-1.7422274598951148,1.8951115246420007,2.6904489802754514
-0.005203012365848448,-0.008310062616344722,0.002725186147751312,-0.007738985221202831,0.523940433048013,-1.7288177379626364,1.911742109347945,2.678040013863891
-0.005157198214401042,-0.008500166662934554,0.002434905525004747,-0.007864475679230418,0.5194942898383121,-1.5548560028406313,2.0603400351040113,2.4870281954022286
-0.0051589975634859266,-0.0084863547564287,0.002455029878924156,-0.007854354260611882,0.5195224962985511,-1.5672348423638296,2.049091476692475,2.4996989172960116
-0.005146018026329215,-0.008512270317597203,0.0024088470914765798,-0.00786224629419651,0.5150686311314533,-1.5393805483234517,2.062180156809131,2.463841883856006
-0.005161141325317351,-0.008469643225869928,0.0024792392518026853,-0.007841922007283876,0.5194735997470783,-1.5820707341884062,2.0353138287286114,2.5148131261231153
-0.005088796191737598,-0.00878645249124961,0.0019793231184909374,-0.008012210346098794,0.49044180520669195,-1.2704969792362257,2.2383224126871,2.1648456496169115
-0.005083414737124174,-0.008802018993828386,0.0019529028656388948,-0.00801685149512127,0.48730513182535234,-1.2540748491087201,2.2448384650348108,2.1448290997882533
-0.005140566427768104,-0.008529964388997936,0.0023802558078860323,-0.007871288631682473,0.5134173424514472,-1.5219382577320963,2.0736002235592053,2.44351687901537
-0.005124257977975176,-0.008517532672149206,0.0023829620811358,-0.007842005201412169,0.5055559954057336,-1.5248459706682647,2.049132179179921,2.4332579795849836
-0.005137088665658735,-0.008546210743645477,0.0023552476074760946,-0.007881171424563243,0.5125150170892018,-1.5065386166969663,2.0851649061013586,2.4265881614278135
-0.005135140871901601,-0.008562293728533918,0.0023316690327556677,-0.007892516087661804,0.5121753100209968,-1.491861306334625,2.0977013297739293,2.4114827138142627
-0.005134343681608377,-0.008576493727279224,0.0023115283907020933,-0.007903470919337161,0.512292903261137,-1.4791970238714767,2.1094289511843813,2.399097191159277
-0.005098464791323998,-0.008756754130838637,0.002029269641473684,-0.008002241824269103,0.49589216834052235,-1.301646752651706,2.2248633682676586,2.2023810684030725
-0.005093377963537114,-0.008771020831801618,0.0020049671061908776,-0.008006581327687555,0.4930692742587568,-1.2865650110424862,2.2310111912321733,2.183927287877587
-0.005123297300687861,-0.00860518053444637,0.00226286138367708,-0.007914341889200338,0.507958931817393,-1.4493787356470422,2.1246784642308065,2.3625780335367184
-0.0051244394354557805,-0.008588953650618432,0.0022861905317769445,-0.007902371707432203,0.5081031050045476,-1.4640984449146097,2.111778984172565,2.3772401817568487
-0.0051128048828217075,-0.008618353671495708,0.0022361283726816737,-0.007912907303807218,0.5033903744401754,-1.4334789439142643,2.126822943733698,2.3395389794277883
-0.005108871458885316,-0.008636820933856192,0.0022073391989157437,-0.007923140627297862,0.5018403034910904,-1.4155426702352243,2.1388251996839345,2.3196019506463235
-0.005105060497985055,-0.008653342986462375,0.0021812788901318177,-0.007931783689127725,0.5001968681081131,-1.3993055827465766,2.1491183832724317,2.301312610450841
-0.0051015137581552775,-0.00866975280354773,0.0021555155079592716,-0.007940480233628552,0.4986040022136567,-1.3832041797377803,2.1593677088151906,2.283307628702112
-0.005099407317174375,-0.008685936677981008,0.0021311068834175746,-0.007950509986104845,0.4975331127805395,-1.367760223413338,2.17051900712822,2.2669628922277636
-0.005099350927793708,-0.008701269976313604,0.002109362780050312,-0.007962121700550788,0.4974482046031753,-1.3537103107690456,2.18264520543741,2.25343566012841
-0.005088543241591166,-0.008744996077017215,0.002038959315686271,-0.00798208875399937,0.4916577626863539,-1.309572201627162,2.206980455716766,2.20279565324032
-0.005089477391392634,-0.0087308661063745,0.0020598586690013395,-0.007972788937415034,0.4924188658483855,-1.3230261982872553,2.1969890428122203,2.216524586728506
-0.005092332178382578,-0.008715301483368411,0.0020841538701503863,-0.007964529836600264,0.4939674998596482,-1.3383705819555802,2.187459780220394,2.233456999282343
-0.005057180693831869,-0.008927838081396822,0.001749893224643206,-0.008069183942314928,0.4673125773254472,-1.124975363517989,2.307181654646634,1.9979802790483758
-0.005060956243982294,-0.008912218580428729,0.0017755686052775678,-0.008063818839979324,0.470291731753897,-1.1412294352285899,2.300501579069024,2.016897935497241
-0.005067972231103217,-0.008880968922948335,0.0018265006336989885,-0.008052008844984233,0.4758202650357722,-1.1735589452034467,2.2861458609448833,2.054108381382971
-0.005064067262438104,-0.008896361732543255,0.001801142262931812,-0.008057372292459853,0.47289569154910366,-1.15755606964621,2.2928857272917287,2.035405290800537
-0.005064915871451723,-0.008806324634232233,0.00193377951626697,-0.00799824537346312,0.4787099879009933,-1.2447059058994194,2.23117560029397,2.1223653422093096
-0.005061981588324842,-0.008823051452886178,0.001907497478235344,-0.008006340174542666,0.47656189695532875,-1.2279978498641084,2.240479267733356,2.1038467850902287
-0.0050593903948449506,-0.008839546472275,0.0018817186625089625,-0.00801451223056423,0.47450592381083717,-1.211548284773025,2.24975285087725,2.085787042346921
-0.005057943479937786,-0.008855853328569037,0.0018569072896385361,-0.008023733662392535,0.4728894182956393,-1.1955151355337306,2.2597646280651777,2.0689019948858287
-0.005057575365485242,-0.008870055365300276,0.0018358134069377985,-0.008032680661995343,0.47182865786323036,-1.181705655602358,2.2691659230491186,2.054938726708293
0.005310230645700535,-0.008065880025116337,-0.003132464564345208,-0.007597626510995832,0.5318729599507445,-1.9612936791817888,-1.7165915458529362,2.9600749896662637
0.005306171579508412,-0.00808148950004246,-0.00310996261013784,-0.007610901206420925,0.5332869750909132,-1.9492152312044773,-1.7320956281708704,2.9475671789114997
0.0052981654677750735,-0.008051038310216944,-0.003135591565483139,-0.00756780663164413,0.5240721259591269,-1.9606815828860074,-1.6928522451677386,2.946463868091912
0.005288256932364016,-0.008032921489934966,-0.003144583605568001,-0.007536672708301272,0.5167129769084763,-1.9631829773057408,-1.6670022646602598,2.937266594525561
0.005294585668704365,-0.008002147473812511,-0.003185727166945263,-0.007508024291799518,0.5132160311157935,-1.9841208501197125,-1.6355406443127636,2.9572419307152233
0.005285080513046614,-0.008015096021672597,-0.0031606356619667568,-0.007512973080652395,0.5119991639529374,-1.9702282385656917,-1.6453395178477195,2.938259312971753
0.005930713149584486,-0.006689427081193413,-0.004968665395810909,-0.006112625694086015,0.25719498002837593,-2.5016434650851616,-0.11841433625191525,3.4608669102504104
0.0059041437230178025,-0.006716868745315478,-0.004920872250913698,-0.00614480890342025,0.26473075371886795,-2.495723667407677,-0.15847286885911524,3.452250525509115
0.00587456915742778,-0.006744477170302666,-0.004867909388309027,-0.006175165128226178,0.27194550980523546,-2.486832784865792,-0.2002197509364889,3.4385552241262056
0.005842239289866438,-0.006762657594083889,-0.004812662852500452,-0.006188619431044629,0.2760517258305495,-2.4708586084586623,-0.23558054378716117,3.4114614341904215
0.005639054357922548,-0.007156341229245394,-0.004346879349594681,-0.006674386640418542,0.3766098266181676,-2.4270586512817514,-0.699059805255538,3.4055901992413733
0.005611162463145763,-0.007173463274977902,-0.004296179412067135,-0.006680272488163605,0.37724207624471884,-2.4053886460093064,-0.724733506487074,3.371075674632589
0.005712702920315417,-0.00694896098016954,-0.004553150169420228,-0.006408100677793756,0.32244927165393,-2.4387010693864917,-0.4671637426327358,3.38094899082802
0.005822307715945286,-0.006822613977821024,-0.004765290129945042,-0.006272721046128081,0.29285203979254354,-2.480936501212678,-0.29755816361837123,3.4370954689457887
0.005792654400288154,-0.006835169942427971,-0.004715324608163028,-0.006277070447863767,0.29467582000032827,-2.462854361975509,-0.3253318886739955,3.4060939209559487
0.005730973901535409,-0.006916121159632749,-0.00459333414202058,-0.006368439801807659,0.3142656262308458,-2.4430141735930637,-0.4287200875925236,3.3829432220438895
0.0057527773570567224,-0.006885196093838757,-0.004637638291768393,-0.0063331137454331115,0.3068314717737491,-2.4499083306358256,-0.3903069456786215,3.390271536058513
0.00577603233727603,-0.006858730297886668,-0.0046822363663261085,-0.006304841009268788,0.30083839867363654,-2.458745404115014,-0.3548569943874334,3.4020876112161353
0.005814272142234181,-0.006782323849250174,-0.004763955271026262,-0.006205854887431529,0.2807270634082775,-2.458112516037738,-0.2687298865065049,3.390724505632751
0.005646661715551752,-0.007120631597833893,-0.004376777596014903,-0.006626116395915044,0.366534865340387,-2.426966193148911,-0.6598349849183114,3.3963393756819196
0.005643614599768295,-0.007079860341605464,-0.004392265531665995,-0.006563034258872961,0.3540051858351738,-2.4156440122092993,-0.6199062952533856,3.366478412695233
0.005643436840432146,-0.007044960427887981,-0.004408294428484131,-0.006510803827485409,0.3435709269313634,-2.4074889632707492,-0.5858680169357179,3.344205501470132
0.005649500653254956,-0.007013338853319492,-0.004431413350929364,-0.006467393044336268,0.33514386868512336,-2.4047953882580493,-0.5535475100824153,3.3328347288031765
0.005674245713725216,-0.0069466936489269914,-0.004495919504237843,-0.006382407215006716,0.31836582116326057,-2.4067853203759326,-0.4820908883713005,3.3236559554830465
0.005660492489288352,-0.006981339656369242,-0.004461403839202193,-0.006426231720576038,0.3269310575529591,-2.4054092563917315,-0.5193854858228466,3.3276022332985877
0.0054116996707593255,-0.007738875436916076,-0.0035970248569786715,-0.007303496028775942,0.4941750255242762,-2.1887632652700355,-1.3731811867850976,3.1944623894610555
0.005403418925541599,-0.007771425882609236,-0.0035554810524244594,-0.007337362559256673,0.49977786976996796,-2.17124332515375,-1.4097983541720387,3.17915671383208
0.005397526276637352,-0.007786733645132719,-0.0035331769025742283,-0.007351123863158153,0.5018362199029327,-2.1609851553437243,-1.4262944487703468,3.1681598601677834
0.005396186778311173,-0.007754323394653269,-0.0035624782838904775,-0.007308330337550919,0.49308239466417986,-2.1704621823336425,-1.3872856510751435,3.16766589993663
0.0054479182085569325,-0.007678398765816329,-0.0037001854420309105,-0.007258950352713353,0.4894762606846582,-2.237699666651912,-1.3090481124398534,3.2557643792093254
0.0054252944981298965,-0.007694523933814425,-0.0036556792385994135,-0.007258686308444148,0.48676012916280215,-2.2133271616034733,-1.3235397862983602,3.2174879993655723
0.005408575985818472,-0.007715196110765561,-0.00361494400087805,-0.007269736161144221,0.4869165657528969,-2.1929646886686203,-1.3441737985642652,3.189407443170662
0.005452403172492073,-0.007638365694994451,-0.0037416398224885193,-0.007209671198159499,0.4797437693634871,-2.2511006122020984,-1.2616963521900129,3.260589038911228
0.005453396554792949,-0.0076211353639328416,-0.003757880874074445,-0.007187424113533886,0.47497051034006754,-2.2555559767207596,-1.2413191693198908,3.2605012280449044
0.005434958087280402,-0.007652795877421069,-0.0037057133921646647,-0.007212643978983669,0.47837911723679366,-2.232226632412877,-1.27580091541038,3.231874098516219
0.005463262591239349,-0.007591231222820846,-0.003796573263621389,-0.007156040302538343,0.4696081660049563,-2.2700944753753203,-1.2071169919061797,3.2735666312614735
0.005443820101355787,-0.007603817581776708,-0.0037597228959749492,-0.0071553266945359245,0.46751866014744786,-2.250255291009332,-1.2194257849639076,3.2420450562718774
0.005583367934346571,-0.007197706706748526,-0.004241885060817207,-0.006696244261006978,0.38025311102419795,-2.384433544348074,-0.757015910422215,3.3399566210827913
0.005527384882347023,-0.00747001666451301,-0.003982138587539561,-0.007044875352288373,0.451230314649612,-2.3436933823830954,-1.0675133250607,3.35791924912884
0.005477498720841633,-0.007552667575615882,-0.0038478067778095217,-0.007116228698056432,0.4624714838679988,-2.2891237467868932,-1.1629902128054506,3.2915813944579955
0.005461865770912581,-0.007569028494933131,-0.003813091192428103,-0.007124583823591812,0.4627394602564264,-2.272532676507929,-1.1807322252070676,3.2678149306751862
0.005506398603115345,-0.0074874983890703935,-0.003939293688546348,-0.007051312934545401,0.4510451574714837,-2.322970056981539,-1.0878634073338735,3.326552630723782
0.0054916507036725515,-0.007509828126484583,-0.0039014562235792057,-0.007069602549308518,0.45382988376598604,-2.3073743464075176,-1.1134836442509943,3.306865422248539
0.005468490378990011,-0.007526824439928482,-0.0038561264418473834,-0.0070727715215917406,0.4526179075949914,-2.284396758985769,-1.1319509888177777,3.2712410867841233
0.005559796342093922,-0.007397111086248779,-0.0040816714200012415,-0.00696814764436525,0.43652808689203904,-2.3764969562790275,-0.9808071266216903,3.389945847434315
0.005535253440306969,-0.00741776741253461,-0.004031794373904002,-0.006977334002525763,0.43717783862501397,-2.353449958508594,-1.0062768010210903,3.355171964465127
0.005515829751196531,-0.007440895873137352,-0.003987473302353332,-0.006993853661175428,0.43948742491621645,-2.3347803473171846,-1.0336135125856787,3.329573735741082
0.005548125733603566,-0.007365974848164794,-0.004086404419637076,-0.006913747431467761,0.4243894267580161,-2.365541964772847,-0.9461049599368355,3.358302796210354
0.005540027865559484,-0.007336942315000564,-0.004094195641470573,-0.006865598386383829,0.4137520812907159,-2.3576167520465603,-0.9143280126887908,3.333669128772874
0.005575925096734463,-0.0072561964733948115,-0.004197008307293098,-0.006776291716301689,0.39649175186646834,-2.3845841338358227,-0.8205643680721423,3.356937168715285
0.005569013211148709,-0.007226219466094573,-0.004204656934401676,-0.00672752040714864,0.386323517054519,-2.3753210493562156,-0.7900677135077728,3.331546326782327
0.005552023309651519,-0.007280529143545454,-0.004147482995808551,-0.006793635553585275,0.3992232065294034,-2.365319486399032,-0.8509962112539408,3.3295064402646553
0.005530540929405976,-0.007306418333413909,-0.004100363650681172,-0.006814498333705961,0.40279192798171354,-2.3477991019323485,-0.8821095278342809,3.3058958280957627
0.005383899686426473,-0.007797212171273087,-0.003505688522685423,-0.007350935481607796,0.4997603476555695,-2.1455811572975807,-1.4344384069700666,3.144212377682908
0.0053347321389054314,-0.007913933052411106,-0.003327247976960729,-0.0074455423095834425,0.5097841548699648,-2.058063348924265,-1.5530325353337806,3.044976070225293
0.005331581615621809,-0.007896840640745943,-0.0033411673924057866,-0.007421711549987825,0.5047773835414898,-2.063001808774445,-1.5319314710974519,3.0434310756754748
0.005321900019968897,-0.007942471764039076,-0.0032818972063170817,-0.0074664902543001505,0.5112910095762128,-2.0347282670429583,-1.580409153017526,3.0175416537972484
0.005321256523908955,-0.007924947007649657,-0.003299590894373725,-0.007444954586201138,0.5070824415154266,-2.042293240286237,-1.5599623551889055,3.020708581576501
0.005309484794907513,-0.007973520883959324,-0.0032340853007560423,-0.0074902686396120235,0.5131017840086707,-2.0100474185854242,-1.6102807687176333,2.9894005077173422
0.005308302696133591,-0.007953904183306909,-0.0032536880513246097,-0.007466000973070297,0.5084868928694286,-2.0186082469024487,-1.5873370327406997,2.9928412934209723
0.005289736823805365,-0.007983236066498207,-0.003200616047965225,-0.007481114478494388,0.5076408560979976,-1.989986597914556,-1.6117681778694202,2.955328844240677
0.005367944470430808,-0.007810920796330236,-0.0034722191629370527,-0.007352401428393531,0.4976668689320192,-2.1271347945647694,-1.4453622482156714,3.116252458842822
0.005354029514178481,-0.007827400541309072,-0.003438674989087741,-0.007359171938895285,0.4968353299432824,-2.109404317630377,-1.459852619242881,3.0913866932740675
0.005339298302380846,-0.007866812616683738,-0.00338117016550672,-0.007393016981587613,0.5009620946695036,-2.0818361703259893,-1.5002279643142211,3.0614684359340267
0.0053426492307684,-0.007845455212821826,-0.003406717049594322,-0.007370178587922459,0.4970620243694452,-2.093090172224373,-1.4767461063025162,3.070317520495179
0.005320845386973554,-0.007880843600361368,-0.00334454184009032,-0.007391552469919274,0.4974616953838666,-2.061037868885854,-1.5091757494213327,3.0291042396256813
0.005150478133576397,-0.00861653206965738,-0.002269168442762783,-0.007955162580359077,0.5208630262836348,-1.4502720167721408,-2.1580862112876815,2.3848690431326602
0.005142545256412155,-0.008646888485603221,-0.0022199739242041716,-0.007970303490021273,0.5176071242520864,-1.4194431206179585,-2.176820233593226,2.3494311970699946
0.005146522124889007,-0.008631784376016883,-0.002244500129868215,-0.007962877090647318,0.5192693075876679,-1.4348192009116973,-2.1676099052777924,2.367143439462392
0.005103308404168367,-0.008725468288305137,-0.002077838276725429,-0.00798489804500546,0.4989112488581335,-1.3325515923216864,-2.205210505186327,2.235947873106634
0.005108431440165361,-0.008710322011228762,-0.0021033383831662138,-0.007979534418623903,0.5015168598053337,-1.348398165859322,-2.1979317458582184,2.255089504789828
0.005114236221038898,-0.008695978969236658,-0.0021281968429060437,-0.007975437544716578,0.504363428439241,-1.3637277639277654,-2.1917300704866296,2.274228918226108
0.005126592520198957,-0.00865069875143279,-0.0022019437447490966,-0.007954689695661184,0.5101539015612858,-1.4098374064616939,-2.1658218185690603,2.3277574783498984
0.005122018484711637,-0.008665442082605508,-0.002177541923702003,-0.007960943359961689,0.5080807254264129,-1.3946636646606796,-2.173934362378534,2.3097871288106098
0.005118240756712471,-0.008680681369099547,-0.0021530211547547418,-0.00796837309053154,0.5063017051182528,-1.3792942964402737,-2.1829956349614306,2.292210198399103
0.005206674581521431,-0.008434551934891307,-0.0025674263055955357,-0.007862223259250496,0.5378538165137609,-1.63424858947176,-2.038754500593141,2.60010699018397
0.0052113318487210306,-0.008419719854496197,-0.002591494962627873,-0.007853802216321521,0.5387311576606054,-1.6488892559257804,-2.0279674498874622,2.617092395624667
0.005215765140256096,-0.008404677605615786,-0.0026155757911948446,-0.007844783064961199,0.5394277168342317,-1.663507831500669,-2.016620432633338,2.633799102327633
0.005190626068662646,-0.008437551836859907,-0.0025486312869845815,-0.00784653142904754,0.5306953341804347,-1.6232897253331535,-2.0286926032128796,2.576401108235423
0.005184780546722693,-0.008451778896061633,-0.0025243637195617387,-0.007852841607472431,0.529092229595613,-1.6086016637298484,-2.0376305774826005,2.558356330690344
0.005178822217156307,-0.008466565418161463,-0.0024992254485897195,-0.00785939454938976,0.5274156018270427,-1.5933642773923962,-2.0468326040666027,2.5396943273169534
0.005173120257516782,-0.008481860596601524,-0.0024736094306077507,-0.007866553932868217,0.5258135351845167,-1.5777951542434179,-2.0565378171483637,2.5209143723617253
0.00516449936484456,-0.00851394345271414,-0.0024226843770045405,-0.00788493300828945,0.5237125163665088,-1.5465936041564239,-2.079063459120745,2.4854752729997203
0.005167926251330387,-0.008497799528651664,-0.0024475405612313767,-0.00787471553240049,0.5243827224204541,-1.56188761351002,-2.0670685468543373,2.5022091428579203
0.0051470937614447486,-0.008573859906469613,-0.002325793336534461,-0.007916011103640071,0.5181748821647886,-1.4868792241887947,-2.1180820143931363,2.416339709840253
0.00515262594774707,-0.008559239747607509,-0.002350590890094992,-0.007910124685942934,0.5202278694205019,-1.5021059017913425,-2.1099004580139424,2.43491909921775
0.005157258180457981,-0.00854443809340937,-0.0023748487249149546,-0.007902905572475798,0.5217978725845182,-1.5170609015661343,-2.1006184012568947,2.4524852844908973
0.0051604737062738186,-0.008529548893601078,-0.0023979618284044467,-0.00789383187627909,0.5226067217282031,-1.531358247141483,-2.0899084250677302,2.4682395929986183
0.005137941698128761,-0.008605182738265696,-0.0022748103495654763,-0.007931300334213754,0.5148021030823587,-1.4553239279231371,-2.13735888211361,2.3795843759500745
0.0051416638809944374,-0.008589384103244847,-0.002299809642694654,-0.00792262840032079,0.5161264306816847,-1.4708817410578312,-2.1269586179197155,2.39709644605904
0.005202892396453374,-0.00839290814237441,-0.0026188789027262187,-0.007818923871955907,0.5325094445983157,-1.6657609028641522,-1.9947850626051766,2.624278640337957
0.005206891369650526,-0.008376930591060877,-0.0026435026281707743,-0.007808291344075191,0.5327861690232844,-1.6805338716987315,-1.982024772239604,2.64056964711922
0.0052947561522033405,-0.008094855556728951,-0.003081724940725832,-0.007613525197775544,0.5309513358722094,-1.9328939797134264,-1.7406219995332213,2.924142136185743
0.00527899076832174,-0.008107708204534577,-0.0030493286605308106,-0.0076107397892295064,0.526761676937499,-1.9138201188248358,-1.7457593767294675,2.8943294953587473
0.005268458265338609,-0.008122450544292139,-0.003020620349778043,-0.007615570892390468,0.524959589713629,-1.8974098633634109,-1.755825093402551,2.8718457479812547
0.005259990508998991,-0.008138655498594159,-0.0029924686355513232,-0.007624067144674594,0.5241659417606307,-1.8815192886248908,-1.7685131049958525,2.8517933370522304
0.005239329472926731,-0.008196876653802582,-0.002901327417485776,-0.007663756485644238,0.5246135228052148,-1.8303294324356385,-1.8184945362038574,2.7931261007211856
0.0052488142997006776,-0.008177812322651535,-0.00293417939109273,-0.007653970588566718,0.5257906824225776,-1.8490953947666102,-1.804135874940375,2.816635549629275
0.005253460605090734,-0.008156496120727696,-0.0029644388604159583,-0.007636245162521088,0.5243503743141217,-1.865853931647245,-1.783957741279421,2.8337594527248897
0.005208084978859008,-0.008272494655685823,-0.0027770461843337414,-0.007707178932142687,0.5215132492003987,-1.7589126292073558,-1.876806774425851,2.7073675882817785
0.005215447632569805,-0.008256672772158363,-0.0028039828523977414,-0.007699315785044202,0.5226966067579154,-1.7745338310886358,-1.8655462035332497,2.7267375704113683
0.005225579934011817,-0.008237118226343869,-0.0028382964896959,-0.007690503203739264,0.5244684356487458,-1.7943935846555275,-1.8520433088979291,2.751997722000851
0.005231823322352058,-0.008214616116484288,-0.002872092943233918,-0.0076740865407060556,0.5240501148323985,-1.8135991659783668,-1.8324670075349323,2.7729733147092936
0.005180897642327722,-0.008289194014199183,-0.0027293071942515253,-0.0076938877720579444,0.5118737179371778,-1.7306353914265775,-1.8748658913807106,2.659918584995925
0.005187759856637185,-0.008273644463436461,-0.0027552535524090287,-0.007685954832510285,0.5129503300707482,-1.7456376392098896,-1.8639034227307676,2.678275088613633
0.005193551078890865,-0.008363331922084305,-0.002648307649643529,-0.007780174815325135,0.5253789115177705,-1.6835828538362279,-1.9582332181238307,2.6314557019634734
0.005185267733262963,-0.008333672564924106,-0.002678090801104886,-0.007742301821312185,0.5186057917905432,-1.7012003951022263,-1.9225108688244064,2.639207165572746
0.0051808402008014405,-0.008349104678560365,-0.002654279450251051,-0.007752263692488535,0.5182153919370095,-1.6872049485920877,-1.934587885642039,2.623505398861511
0.005175055462480999,-0.00830462236063806,-0.0027044760814597525,-0.007702665741715925,0.5111042500549975,-1.7162575025641438,-1.8862345702959071,2.642917591277801
0.005170224545447691,-0.008320042344950722,-0.0026805879374457377,-0.007712398260081874,0.5107070292704683,-1.7023921729170761,-1.8981411782696007,2.6271579624138153
-0.005319709682771227,-0.007889044595726775,0.003334824965707609,-0.007400309812393508,0.498803051975635,-2.0567751461326065,1.5180376265976603,3.0258504999096743
-0.0053071463066926864,-0.007913858374929745,0.0032942889185902527,-0.00741737598865394,0.4997712898962244,-2.036043270092746,1.5410950920376092,3.0006130521943777
-0.005262149655580171,-0.008181537217634354,0.0029439233672516395,-0.007672567165737816,0.5319840051638466,-1.855717118805929,1.8167916500840329,2.8347739344671474
-0.005259187338120551,-0.008162158272459119,0.0029638907356650773,-0.0076485709218365805,0.5277591666336741,-1.8661713218611717,1.7937902624243696,2.8396897750516286
-0.005260428887934716,-0.0081449305484289,0.0029855798609911117,-0.007631344764186052,0.5254902662588324,-1.877865947236468,1.775729038109403,2.8495495967011415
-0.005270799855604781,-0.008072068559043383,0.0030810186186503463,-0.007562357587733039,0.5171195814204307,-1.9286042281308067,1.7014164896300896,2.895968523411788
-0.0052702382299207725,-0.008092386263696055,0.003057282937042633,-0.00758436626797148,0.5205362064096288,-1.9165095473917848,1.7236462943264528,2.887085811251582
-0.0052669143201237575,-0.008110823912363936,0.003032411698174271,-0.007601150885723418,0.5224725761263743,-1.9032408073395037,1.7421303966619697,2.8743832559338496
-0.005263157467897507,-0.008128218687725808,0.0030081094788025394,-0.007616144700097939,0.5238578928339361,-1.8900752201050892,1.7590572873646177,2.861162126241299
-0.005291950334455727,-0.007940499826803539,0.003248592172290079,-0.007433489770118222,0.4997242315377352,-2.012148199555078,1.5645738655393078,2.9703974260994337
-0.005278649768781037,-0.007965225684152715,0.0032070044550695314,-0.007448830510064695,0.4997777445025107,-1.9904045478509083,1.5861655418123606,2.943329895631528
-0.005275930661360432,-0.007990836035812635,0.0031765000491466577,-0.007475634732520269,0.5037712330880323,-1.9758389721034566,1.6134628677220364,2.9317515540832195
-0.0052704841156951,-0.008011828499313443,0.003147523183780291,-0.007494039067768193,0.5058263912406019,-1.9611021264786583,1.634126571959693,2.9168240915121304
-0.005254585448576901,-0.00806028587190985,0.003076158440152362,-0.007532080294203237,0.5085100284103344,-1.923558473802339,1.6793470002797364,2.875794763716708
-0.005258749717910729,-0.008028228751770663,0.003116302941244062,-0.007500455205390747,0.5042133148464014,-1.9438955539053906,1.6462997756943538,2.89352334536602
-0.005249575942860323,-0.008045392243366494,0.0030871016194701493,-0.007510210327006947,0.5038838565970891,-1.9280959291688489,1.6603232940708108,2.8737073167568306
-0.00537926360202307,-0.0076841140840249135,0.0036050281644847315,-0.007201795310039051,0.4698524565212679,-2.1759026331284157,1.3009305737577892,3.140359605453962
-0.005350399816501389,-0.007695486638314961,0.0035578654097575247,-0.007189659323544485,0.4637816359906486,-2.148590235431188,1.3072553266434905,3.094146747357535
-0.005416548261890409,-0.007621785882391563,0.0037080879937483996,-0.0071544742139695765,0.4644649358950135,-2.2225626703052153,1.2361719566064364,3.198293527303026
-0.005405552084024531,-0.007643486203677274,0.0036749410637823233,-0.007173085066109757,0.46711946435407514,-2.208332082145833,1.2593955526670249,3.181841094870028
-0.005382397060106378,-0.007654178217447756,0.0036353828401254787,-0.007165863007095651,0.46298414238750213,-2.1858312026489384,1.267334286392052,3.144446635887323
-0.005402477349582481,-0.007599845023789381,0.003707908238927795,-0.007112732686910231,0.4547906800594898,-2.2145804858070357,1.208810151585043,3.1730738450259297
-0.005406894181813899,-0.007573794014879397,0.003735226165242012,-0.0070821075016492254,0.4491935019726889,-2.223067864988401,1.1798489832149814,3.1772890282300756
-0.005412758911195338,-0.007542691932234788,0.0037680469019374385,-0.00704573968758306,0.4423595707716084,-2.232963333400679,1.145457869254338,3.1823604083685457
-0.005419203703813849,-0.00750928073822781,0.003802813851507544,-0.007006399347170463,0.43507670843990137,-2.2428984269266703,1.1087036180194472,3.187060574047042
-0.005430331013102977,-0.0074787919137835135,0.0038410343613132524,-0.006974537875490607,0.4295970521217392,-2.2557569287837165,1.0755193634525035,3.1987236866822624
-0.005355696812886378,-0.007742856130105835,0.0035215824023991024,-0.007254780639733814,0.47701352710973205,-2.1394787663294816,1.3624773188821095,3.101282336427811
-0.005345702573366101,-0.007719081380030221,0.003530705704593168,-0.007215272286861818,0.4682876739964554,-2.1381657494963773,1.332781832986534,3.08629960646291
-0.005308593299041609,-0.007860282051810812,0.003350405227420591,-0.0073545209245420564,0.4886364458878916,-2.0597471745286806,1.4808143223872625,3.0134787355853283
-0.005314001653087135,-0.007828307007828621,0.0033885056353640986,-0.007320966039813667,0.4833649124399773,-2.076324803383019,1.446653674036,3.026893004863636
-0.005324511946245078,-0.007797886375488189,0.003430806617807708,-0.007293772938258572,0.4799402702624311,-2.0957601343650336,1.415815093396455,3.0472245573014796
-0.0053391976145291285,-0.007768791428166929,0.0034766486335373772,-0.007271693615500591,0.47783822529185677,-2.1175921100787445,1.3873622703943462,3.07323631120852
-0.0056009753402028505,-0.007220137530317892,0.0042550001482527374,-0.006741932910203362,0.39002806968239306,-2.4028890132658245,0.7766126235684353,3.379570778003749
-0.005621628349935165,-0.007188061655371784,0.004303703401627504,-0.006709376758832786,0.38367245561472524,-2.4168227247328957,0.7374394695102017,3.3957591583911126
-0.005629124512470233,-0.007156076045080787,0.004332205583024818,-0.006667051150518871,0.3750252713569035,-2.4181118268870114,0.7018781225476132,3.3895690914638332
-0.005639945668037556,-0.007127335576931542,0.004363324086633174,-0.006631591659935757,0.3678636658863334,-2.422276244621503,0.6690033409077211,3.38974414352877
-0.005655163636458455,-0.0070992237020760405,0.004400202553798288,-0.006599697698527271,0.36148139564659265,-2.429770515138935,0.6353869843590418,3.396338147030082
-0.0056651664536372295,-0.0070678330926503,0.004430320017688315,-0.0065590105110859345,0.35313933493434574,-2.431331373235626,0.600529822535668,3.3919430536750568
-0.005945395346506922,-0.006540852113293543,0.005013509308296212,-0.005883381503334651,0.21702246838429096,-2.434745520615873,0.004843302751751836,3.330432409559894
-0.005758540616684467,-0.006925334594404719,0.004632365527464565,-0.0063982547786180025,0.3194778261322928,-2.468559032831862,0.42351775122003515,3.430390378874169
-0.0058897728422163285,-0.006615866550040222,0.0049168304703342,-0.005980055059962199,0.2368990263216737,-2.4365226298412126,0.09453013192442393,3.336928207644205
-0.005909868135296716,-0.00657569923776143,0.004953993484960875,-0.0059251755128243025,0.22593746119506583,-2.4298885844144302,0.053107372407269475,3.322798577096924
-0.005837117446129594,-0.00674377301335794,0.004809311418017854,-0.006156738445120092,0.2703939369972465,-2.4585558320109153,0.2237817410564575,3.387239702032866
-0.005855787202130195,-0.006722143253819446,0.004843470714913306,-0.006131504403436674,0.2651354710784178,-2.4625901423027656,0.19514068141980043,3.392444931639239
-0.005866159279974994,-0.006692173893607697,0.0048661106518420325,-0.006089241136422321,0.2570064640107195,-2.456384818596898,0.1655765152630726,3.3784838760079023
-0.005874015677928345,-0.006652568062836383,0.004886058022563856,-0.006030823131691398,0.24626173507735136,-2.443444072177471,0.13127313014880368,3.3519786424003963
-0.005768029754062976,-0.0068894342958719075,0.004659708859127135,-0.00634802465288773,0.3095095195817561,-2.4636453421470814,0.3862347997546069,3.4156133583728168
-0.005780617913202866,-0.0068517794109943546,0.004691533796843945,-0.006296535005168452,0.2990303864268402,-2.459686048927379,0.3464627545319244,3.402762622560541
-0.005793764160627338,-0.0068129910651335375,0.004723621688015629,-0.006243273776137756,0.2886202799428117,-2.454841801852346,0.3062092880752463,3.388734195774813
-0.005809542549839242,-0.006770489606779565,0.004759768882470024,-0.006185221148726052,0.2769000254622886,-2.449447160293517,0.2621400991546185,3.3737685978348244
-0.0058057999772720545,-0.0067329482771799065,0.004763465222096652,-0.006125563526937323,0.2667905590397172,-2.431074032533677,0.23482563038513052,3.3369221983973345
-0.005725699698866802,-0.0069707243828780255,0.004564462556824376,-0.006448999302734443,0.3303014969075997,-2.456099603663637,0.48163233798416655,3.4162584946844556
-0.0057053246444008264,-0.00699291923634678,0.004524286932498203,-0.0064706677647220785,0.33509191055724524,-2.445702799457905,0.5116655089441964,3.4018796737685872
-0.00572183759032079,-0.006937053828644444,0.0045716000035287896,-0.006395216147585917,0.31991604687290304,-2.4423667472522452,0.45217603653672717,3.385445669249043
-0.0056727289525380685,-0.007014521576960214,0.004465727480992735,-0.006483438548985392,0.33792781193893345,-2.4243990926846295,0.5456467975740714,3.3680853208160797
-0.0056467301863974174,-0.0070392923750537215,0.004415779575189418,-0.006504404838103072,0.3422712481559767,-2.4088615136326186,0.5791863205132035,3.345486465873663
-0.0055593130756489435,-0.007261289854132428,0.004169774763764541,-0.006771296813855124,0.39527268648641106,-2.3700772593874597,0.8292911498802924,3.3323831942118853
-0.005558357382666683,-0.007283844524176178,0.004154580707536418,-0.006803242237345392,0.40144874950624854,-2.370985339236316,0.8537500248556371,3.340952955315366
-0.005552433537596197,-0.007300029861078864,0.004135864627651771,-0.006822126474414032,0.4055443650179177,-2.3668105650411304,0.8722176381735519,3.3384259252476967
-0.005444658225281157,-0.007450579822599041,0.003881460012633705,-0.006947973247627152,0.42533253775798036,-2.270530449290037,1.0447792281970747,3.2150898547751585
-0.005460689900610866,-0.0074244789735869905,0.00392237381180003,-0.006925231604657114,0.4218532593090228,-2.2860989465614474,1.0160618398369659,3.2339337159216
-0.005535020301995985,-0.0073180384042051926,0.004099346549931294,-0.006834573630119284,0.4071948446548291,-2.3521130889059703,0.8943596887124873,3.3176082572051193
-0.005516863583495962,-0.007348968499722534,0.004053183066695088,-0.006864516621468787,0.41282090405407323,-2.3369117136975412,0.9301518317990984,3.3001428284416217
-0.005476669349240562,-0.007399860378267644,0.003961934049596105,-0.006904045401096736,0.4186018775184133,-2.3010802979147904,0.9885980682594139,3.2524398542114397
-0.005493290105601543,-0.00737519892171726,0.004002208531434557,-0.006882878567008519,0.41518678046028185,-2.316167090177712,0.9607040530231566,3.271314731240033
-0.005567694013859677,-0.007227752754582666,0.004201846038327537,-0.006728795315191947,0.3868278098841707,-2.3741858105006224,0.792165953365839,3.330052995771179
-0.005528701291941912,-0.007237990624071075,0.004139609015991943,-0.006715228839105297,0.38291047605303247,-2.341367051560765,0.8100994042712141,3.2739491781211254
-0.005930788518286669,-0.00649485267578714,0.00499538031870566,-0.005807263543626962,0.20542474169026284,-2.401797472211427,-0.013149672289354793,3.2690704985663612
-0.005935678321392006,-0.00645191739494688,0.005006396769860733,-0.005742939040214536,0.1951602215267594,-2.382661152670057,-0.04198514105262602,3.233615803627245
0.008348674587988297,-0.004273008651753221,-0.00690017879021561,-0.0018973076415898375,-0.015207944843995362,-0.8536277936078933,1.6655422381019418,1.2752418618745092
0.008021011961210356,-0.004235662847834878,-0.006622654195205181,-0.002149889757154176,-0.031085396727913446,-1.0459229752349966,1.4769182979662037,1.4479896932463976
0.00811463756649217,-0.00424428088081915,-0.006702773434240948,-0.0020807861870655478,-0.02737631592460248,-0.9948178570872663,1.5309256671283367,1.4018053956957655
0.008225126629387687,-0.0042376777651386924,-0.006782254767324416,-0.001982021986287403,-0.02144045896695784,-0.926757803760812,1.5841377141656647,1.335038112571521
0.008996723034768731,-0.0038655188872413885,-0.006943721972237506,-0.0010451873362813165,0.05615812061347878,-0.35433871828981056,1.6522257963372098,0.682369925192135
0.008881968881865368,-0.0039053983289985446,-0.006924399673797806,-0.0011736340847313216,0.04499193736097113,-0.4393525381607631,1.6464214350787822,0.7753321595118948
0.009084995613963793,-0.0037587711321914207,-0.006894761974696788,-9.183599538862907E-4,0.06545342359580758,-0.2882498359687185,1.6064943080173675,0.5918850170096303
0.009205076656179468,-0.003633694321999675,-0.006840326751632999,-7.630046219630975E-4,0.07665938377146621,-0.20337290233245656,1.552363896578423,0.48102078336031934
0.008427610639195506,-0.00417324637607256,-0.0068765541939710345,-0.0017551947381218996,-0.004551313589050807,-0.7844118854510089,1.6429801060693965,1.1803606775276931
0.008516510294599194,-0.004080392716168466,-0.006861883630125882,-0.0016133409435078723,0.006105987531435426,-0.7112967754580125,1.6257951780662125,1.084500145876536
0.008617921783668329,-0.003991905254890198,-0.0068543394660619955,-0.0014670308626257482,0.017611273773269185,-0.6315306977426546,1.6123412394335805,0.9840008129411416
0.008745684506638764,-0.003946717194954014,-0.006889373022053276,-0.001323408617113511,0.030340711874215245,-0.5390797412023972,1.6296437459713953,0.8830329636122126
0.009344886881809946,-0.0035234340349000535,-0.006797898515454701,-6.042721293859884E-4,0.0886407017140164,-0.10826310999355411,1.5061043000954788,0.3646310084650742
0.009515785281046574,-0.003414943413912638,-0.006756363772450454,-4.2845193395439976E-4,0.10268851836327245,0.003980850932000659,1.4580675791252722,0.23282033885188907
0.010883528484568783,-0.0024654301753279013,-0.006111467633798092,5.073602330736945E-4,0.15738731736354186,0.6543806930921936,0.8755188799672968,-0.5258528549742905
0.01064831908694337,-0.0026827432550547204,-0.006271713996415973,4.188811176892645E-4,0.15668317366857112,0.5823855132581502,1.0063974112231058,-0.4364534013221027
0.0100230537809606,-0.0032548836256312726,-0.006687478278716616,2.3127621622617503E-5,0.14427523232213357,0.32596803316224937,1.3677874874496416,-0.11053998790166962
0.010199978143400637,-0.003087760087724062,-0.0065692857406146775,1.5973280236340686E-4,0.14926154249980098,0.4084152672528349,1.2621259446334234,-0.2175607569412413
0.01041402678461989,-0.0028898527129393083,-0.006425812154632163,2.9802837167293824E-4,0.1536787199494223,0.4971167372648922,1.1363865719042023,-0.3306265345918922
0.009812076500921543,-0.0032320057397048642,-0.006665264012472555,-1.5225165234105913E-4,0.12244583391423021,0.18438628938016688,1.3614507029757188,0.023335297092928378
0.00962702635729496,-0.0032570463276212595,-0.006663483285872364,-3.08359649382756E-4,0.10757359208859539,0.06594652686260004,1.372356821292802,0.14356055412777322
0.009368258098367803,0.003441278600982715,-0.006743918355375325,5.631763410925245E-4,0.08944733443471292,-0.09639282759294572,-1.4595911276913547,0.33687365009202236
0.009510247562389258,0.003329500312399196,-0.006694804380351347,4.1772913644379917E-4,0.0980558157979783,-0.006537956193368047,-1.4072913869539763,0.2268256425304376
0.009710079016481759,0.00322272433742735,-0.006650219336478031,2.356992698344133E-4,0.11337712837637,0.1165041483726705,-1.3549482616806119,0.0880340882731625
0.01109484679179895,-0.002187289221290151,-0.005935278059860453,5.376585516891395E-4,0.1524993803422452,0.6937021342464912,0.7330986329692911,-0.5838511272521824
0.01058429502960774,0.0027137032992488705,-0.006300409750566577,-3.842871425051479E-4,0.15401006876642045,0.5557281471712493,-1.029036794068859,-0.4078384068116142
0.011179578282789116,0.0024996783814827945,-0.006041285625056936,-6.749218173131953E-4,0.1742528043655251,0.7932826393877381,-0.8376773674240771,-0.6520216393153918
0.011545911346479903,0.0022925302954564944,-0.005821419647032019,-7.737795307456117E-4,0.1764095694274651,0.8923479820319881,-0.6914867691148104,-0.7591065743077589
0.010829390427561477,0.002567615574314101,-0.006173736006562445,-5.018701924811517E-4,0.16043091911427096,0.6495282576438958,-0.9277577040410153,-0.5111126848943802
0.011245910738385326,0.0020358165384542866,-0.005833290297710639,-5.568906218488419E-4,0.1511154232226252,0.7270669056665297,-0.6541219595646917,-0.624169356851812
0.011604172926704018,0.0019815106029364713,-0.005689682297365621,-6.752328455389705E-4,0.16207543746179587,0.8489336723031267,-0.5800470407442443,-0.73576631714016
0.00973001011024075,0.0029540626757373557,-0.006479992198807107,1.9411692431018336E-4,0.10469325977839593,0.1042374883016924,-1.2080996282545515,0.05949153531477346
0.010286349515366083,0.0026768917833576247,-0.006320171716677472,-1.8897647458020973E-4,0.1320850268509187,0.3893568142828015,-1.0450140924987996,-0.2538374831217302
0.009967182149806538,0.002818180154824676,-0.006411424808806452,1.889294881966267E-5,0.11728375184947222,0.22962405871365713,-1.1354158349074994,-0.08088113823566918
0.007562918178815058,-0.004881935589183161,-0.006652183555304464,-0.003111027239807436,-0.07454789946820607,-1.4819276522570108,1.5017621659678786,2.05819094872226
0.007497658747990262,-0.004904755796446669,-0.006596346079604903,-0.0031822726360355032,-0.07391596128161627,-1.5208827488580985,1.4608639642348964,2.0993470717271765
0.007453271741665606,-0.004939715579110701,-0.006570781564443412,-0.0032517591242648457,-0.07400698730370225,-1.5544287388744653,1.441252785234969,2.1414546216096113
0.007582865345388611,-0.004804987104603536,-0.006618824492697728,-0.0030136835653946595,-0.06996191246501353,-1.4437570235156783,1.479475174704133,1.9944051388367365
0.0076223169352671516,-0.004715857582634376,-0.006597307135138924,-0.0028922272371135712,-0.06495286279379299,-1.3929769797938896,1.4658569454885877,1.9164336337832641
0.007635938861459472,-0.004631230025511524,-0.006552518990502699,-0.0027969829265064674,-0.06005264297985082,-1.3570515167320656,1.435303472591011,1.8542541244483897
0.0077129690862870115,-0.004577758627937788,-0.006590989620412013,-0.0026885280636187348,-0.05737309994790664,-1.3026610067770985,1.4621030764879117,1.787958905995845
0.007386464678496935,-0.0049417515915436885,-0.006496194943557063,-0.0032977827162819083,-0.0703842376523104,-1.5829460059106497,1.3871206217227456,2.1641875057196707
0.007320074500676381,-0.0049401653011942135,-0.006419268830998266,-0.0033372380120509125,-0.06726788648846309,-1.6071433776927635,1.332698096563017,2.18108985012674
0.007777855209234675,-0.004465457429776082,-0.006574051710948004,-0.002534742545787574,-0.04942930645746168,-1.2359337020300554,1.4499480669634799,1.6916788623583832
0.007934321412590588,-0.0042866237303692874,-0.00658739396668557,-0.002259271725545636,-0.036368164505803165,-1.105496092053688,1.455203571839675,1.5181095190033298
0.007850438420106574,-0.0043678446273231405,-0.0065718026942606644,-0.002392769754731384,-0.04274205537831378,-1.1709058968166033,1.4469360832491471,1.6022182149037463
0.006228167719514246,-0.006269126282855148,-0.005461287793385675,-0.0055216105486430396,0.13754491858774762,-2.426008445789437,0.3827795523587146,3.327827528560583
0.006188743086681287,-0.006316895427977764,-0.005402654869699272,-0.00559183504033681,0.15117299758596478,-2.4391262412676817,0.32488615158667455,3.3472191465660246
0.006194113120909582,-0.006284089929852771,-0.005408469632559614,-0.005540347251459889,0.14356232367554675,-2.4203607754936076,0.3438276091036167,3.313937167860015
0.006162674750523048,-0.006344688984472691,-0.0053627563042516835,-0.005631457738757067,0.15962831809111025,-2.4442413769153037,0.28765937476412035,3.354043696275043
0.006124062790262947,-0.006363312511976318,-0.005301962482248949,-0.005653198682931959,0.16610931323057535,-2.4363598449974355,0.24357355445891485,3.3368086904826826
0.006089175029068778,-0.006381531365804348,-0.005247072988244109,-0.005674224688074062,0.17249151009494226,-2.4290667475480485,0.20345989299852998,3.3214792147870997
0.005914251915410021,-0.006653282615317485,-0.004948972772494923,-0.006048356987974938,0.24694862625962494,-2.4717474272286344,-0.1037267525766857,3.4034460887703424
0.0059514475196274655,-0.006578550453169387,-0.005018665191670726,-0.005944666055606757,0.22646772838046922,-2.4585765419191685,-0.02461323558585656,3.3754803158652904
0.005925262392857291,-0.006613487014609719,-0.0049726923771408445,-0.005989968108585219,0.23604053861700566,-2.45926108193192,-0.06761690911569586,3.3781784639802623
0.00605213549095146,-0.006398497569681291,-0.005188822466051509,-0.005691991550227256,0.17826811426492092,-2.419031511230539,0.16293379469292657,3.3015605124032033
0.006019663293633671,-0.006422170790399736,-0.005137584940882972,-0.005720652620743129,0.18517399751687358,-2.4146103793291833,0.12359145225441394,3.2924604456942297
0.005983374175097254,-0.006477760455081712,-0.0050782717166123195,-0.00579707831214863,0.1997068813442219,-2.424452980008511,0.06326809782199526,3.3103604932063404
0.0060066546225438465,-0.00645589825857003,-0.00511590080408937,-0.005769769461775448,0.1940402652774259,-2.426109903605472,0.09426211967997926,3.3135079100428926
0.005945689058568875,-0.006534540766070371,-0.005014618313271094,-0.0058736428024395845,0.21503230250473052,-2.4317883624937924,-1.656306037480823E-4,3.3247625462036328
0.005944896907405177,-0.006482189838982573,-0.00501821726006882,-0.005792224766171204,0.202480661141317,-2.403749700835284,0.03100416363710037,3.2723295935504204
0.006226775935451459,-0.00622069831487514,-0.005453356596548872,-0.005444491978482714,0.12774185364985272,-2.3935608245929347,0.39933385108462544,3.2696424446591297
0.006224590285489915,-0.00617132824997287,-0.005443404395433814,-0.00536693972785906,0.11830719457460138,-2.3606989039984794,0.4139851771807522,3.211313392651603
0.006227842180814188,-0.006121425709122292,-0.005441152475780906,-0.005290194782276349,0.10875358520189966,-2.330464940669675,0.4331116906077483,3.158549650850023
0.006323405745413531,-0.006000846931556825,-0.005564219234593042,-0.005110070352856024,0.07936154283966647,-2.2849203759018835,0.5538559002899599,3.0923761151915587
0.0062867404666774405,-0.006041870733060769,-0.00551717262050025,-0.00517180092008272,0.08963526945317389,-2.3000860621833907,0.5098578467101723,3.113306774792979
0.006233594051314295,-0.006065047059533513,-0.005440813488377681,-0.005204744792524467,0.09830038612396702,-2.2971085292740407,0.45443872555028714,3.1012158042729787
0.006356630797311028,-0.0059666671718657605,-0.005606509837755518,-0.005057976319610012,0.07064258573323913,-2.2720607569023072,0.5925003034658473,3.075277014906577
0.006396298590226359,-0.005928322051556358,-0.005656504638992,-0.004998621244355968,0.06079498400614097,-2.257125929507439,0.6373306034112259,3.0560295417502
0.006307254425743422,-0.005947744606314861,-0.005528096443331223,-0.0050304930912957735,0.07306426238102094,-2.2469571201896676,0.5492196766718571,3.024515825378993
0.0064753947904572515,-0.005863298613623445,-0.005756309762518231,-0.004894793989733575,0.043203940484100534,-2.2306097437930323,0.7232663969406002,3.0247760072035867
0.0064176841278486,-0.0058667856366676225,-0.005671302896403507,-0.004905245081685339,0.05061817761355828,-2.2221106549019107,0.6657401791517991,2.9995033009537386
0.006491257808265633,-0.00580663183267384,-0.005761605240574625,-0.004808697866591743,0.03517052653065473,-2.196418707161101,0.7426932987821021,2.969001170970428
0.007226339335274392,-0.005057030910908032,-0.006383018606041651,-0.0035290928785815163,-0.065723292889101,-1.691369186641685,1.2996380696853305,2.2972328812370795
0.0071572637984507045,-0.005070233392302548,-0.006307908256052072,-0.003582807718561559,-0.06086642127548566,-1.7184144108645523,1.2452058145006408,2.32061544654363
0.0072635108255380346,-0.004980226112342583,-0.006379141003259559,-0.0034169944909094446,-0.06493054377888229,-1.6442916719693288,1.3020130273873571,2.226251956855877
0.007031718496098283,-0.005230913056222127,-0.006245426548470683,-0.0038454258020805612,-0.05359163151705858,-1.829939815040465,1.1863314268442122,2.475247475955508
0.007080312561786952,-0.005167800857216742,-0.0062707261547660705,-0.0037422078142343197,-0.05717085260510825,-1.7863706866964137,1.2105781049597013,2.4148258681668877
0.007085281161986718,-0.005094056250345205,-0.006234440072467234,-0.003648683257034389,-0.055653383042205136,-1.748882189231608,1.191593335729378,2.3506099613447766
0.006693117711199858,-0.005572916659720347,-0.005962936929854997,-0.004431362266390994,-0.008848014705270716,-2.0641179759743618,0.9355419158498529,2.7861397858050245
0.006639328771934687,-0.005588684423480115,-0.005893995539377194,-0.004467190368423238,-0.0018357750237281356,-2.073303777132349,0.8848815460018095,2.789297885185625
0.006709093688284984,-0.005523728864333069,-0.00596363656896756,-0.004358283746837585,-0.013396964385998012,-2.034353105855496,0.9455022938452051,2.7390125878168283
0.006754222086713388,-0.005495745192360372,-0.006013369762236777,-0.00430615573390718,-0.020103607553267816,-2.0161204972089877,0.9851077903663591,2.718861339301101
0.006826419541970698,-0.005474714963294521,-0.006102820526889921,-0.004253435399981628,-0.028984501487255947,-1.9984005256570525,1.0515725803804195,2.707598746850285
0.006892520593564415,-0.005437951145576172,-0.006174750917455687,-0.004178740887075823,-0.037635201187492605,-1.9691141596413624,1.1088880755457142,2.6760480238875037
0.006902903569858964,-0.005363052775780931,-0.006149436193186226,-0.004073607413416399,-0.04036724851596996,-1.9250090581234112,1.1017069855644743,2.602007847094947
0.006920918529210921,-0.005284564198731586,-0.0061319391399846475,-0.003963165683751986,-0.04252237141778117,-1.879411421453171,1.0995878590766381,2.5281786012081775
0.006955492713003909,-0.005214557575906165,-0.006139391900470648,-0.0038588282429825745,-0.04583946988901194,-1.8371262476705488,1.1134336690781466,2.4648280621469216
0.006513771357524448,-0.005752880325871533,-0.005776490476616921,-0.004726829995606987,0.02694347662792695,-2.1653559269421376,0.7670201149733541,2.9201672556454965
0.006561315099032808,-0.005703896127644084,-0.0058279397981691175,-0.004647837259616233,0.016395348316643032,-2.139640589592911,0.813773494146474,2.8857986825778004
0.0065697580211424855,-0.005602195512981406,-0.00580183596484151,-0.0045016958568523885,0.007703776730177145,-2.0784870012748264,0.8198976633269995,2.7834919331837082
0.009042335743512453,0.0035502815612459913,-0.006723584920980733,8.80160572776883E-4,0.060172429835463274,-0.31517413947819456,-1.4724834453740263,0.5738719022069924
0.009193346668666934,0.003450137477604138,-0.006703052279498438,7.164919473370343E-4,0.07119836539590914,-0.2127648580422671,-1.441110063825317,0.4526400142101477
0.008875878401672279,0.0034841628469246036,-0.006612927924985451,9.938704192506214E-4,0.044631493638007454,-0.41910461129744236,-1.3980285288925947,0.6643656306724748
0.008437668044007538,0.0037832943289094565,-0.006597486157385033,0.001500462615845261,0.009415755821612254,-0.719033826011878,-1.4280580056002707,1.0212638759472352
0.008554899834819425,0.003729559851783465,-0.006627302414024955,0.0013744928595046339,0.018143940284667717,-0.6415028680601746,-1.440622812259608,0.9337831776297781
0.008651345447570437,0.0036166373897135277,-0.006600280939770451,0.0012368939240147228,0.027255507133274372,-0.5699940111014997,-1.410142995246446,0.8390642757017197
0.008735491695532928,0.00347803686309138,-0.0065479688293163755,0.0011034933468073865,0.03472670186205337,-0.504496423369353,-1.3598499470379035,0.7477380106921774
0.008306402107942226,0.0036901552180935836,-0.006456797361417055,0.0015460611879118573,0.003429681503914556,-0.7794240142303721,-1.3319293097743554,1.0616611012452972
0.008096943981128096,0.003930678506038126,-0.00647351542049352,0.0018612599431590516,-0.013114262130654393,-0.9365629183038621,-1.3632228889458124,1.267152655465803
0.008205211472064529,0.0037556721235254644,-0.0064346190394791464,0.0016621649116916794,-0.0025040533548969586,-0.8456568843335275,-1.3243986273098056,1.1402396660183929
0.0081792637805457,0.0038578683542668116,-0.006483269413732067,0.0017490445547912413,-0.008850984319216337,-0.8778983557219207,-1.3636675921026182,1.1938839910104417
0.0078611108406532,0.004012532587971436,-0.006349220645243628,0.002091239416521034,-0.024807205464728258,-1.071674854104676,-1.2894814223426183,1.4166765524682676
0.007973767459677239,0.003940933516167452,-0.006390622512375079,0.0019578774968468035,-0.019850175713322663,-1.0010399067241786,-1.3113772742987095,1.3324383780357267
0.0076334924457148075,0.004046394444937292,-0.006185312561186728,0.0022668778711876707,-0.02988400763222283,-1.1785842275586231,-1.188234006944857,1.5261134576102044
0.007476680422264026,0.0040616165091479995,-0.006061058251320763,0.0023724538535295995,-0.030928493310448172,-1.2413293393496845,-1.1128813037928322,1.5889565941850299
0.00773493844817064,0.003946609959309071,-0.006210747864776658,0.002122544718358868,-0.024593180175960985,-1.1106041873587864,-1.1999273487678,1.4395598443014928
0.006520390660480665,0.004650330148782155,-0.005394008934319629,0.0033592091508503888,-0.012841526106008399,-1.6348028010946936,-0.714359547715546,2.057988759229723
0.005389129744502667,0.00559657335673262,-0.004304761162060321,0.004529569338802554,0.08942480419185873,-1.8287287300991921,-0.08227702834904557,2.2947572163639904
0.00550556224975839,0.0055477164164698615,-0.00443619362658625,0.004482468071602306,0.08445572797561499,-1.845153864402431,-0.13931311953544812,2.320463930433615
0.005580401171728835,0.0054294385319941,-0.004514603414922835,0.004350251116170535,0.0691716901161703,-1.8257675339077715,-0.19548411264054452,2.291894238005837
0.005664433360080276,0.005295417499857485,-0.00459697463123862,0.004198999796725527,0.057803274629839564,-1.7999517094908504,-0.25524993307240473,2.2544879770334387
0.005240531056231958,0.005562250891039852,-0.0041383781200964595,0.004477768918953118,0.09100099654186371,-1.7801830541533799,-0.04050296371360421,2.2174332811508966
0.006163577318413153,0.004993636093165907,-0.005106188999376698,0.0038157453014358426,0.01418966697556913,-1.760622089138627,-0.5295607258702327,2.2202943367637196
0.006202086589567879,0.00485614785573751,-0.005113346513741571,0.003656450851195239,0.008583585160054377,-1.7117447013074816,-0.5512415788039339,2.1482025299900163
0.006385913793761795,0.0046192079040699215,-0.005242191199535462,0.0033625154142406686,-0.005084633964671988,-1.62875395881941,-0.6390972314886971,2.035966927350265
0.006263577464286392,0.004691786443959783,-0.005134784697540049,0.003467203275687724,0.0019687948791649594,-1.6547608461029364,-0.5795672812355631,2.065902750272975
0.005880744463265764,0.005186110101762653,-0.0048266218117895285,0.004066533123945435,0.039845112199724746,-1.800261680067413,-0.3702918592472518,2.263763192714052
0.005956534872751229,0.005077760650524841,-0.0048923912868740005,0.003937480024133587,0.030358365707393375,-1.7714744000433107,-0.4173476970287266,2.223775893938217
0.006047046822464258,0.004998488125333525,-0.004976905105866802,0.0038382374409690273,0.021766599365686326,-1.7526492501909838,-0.46757087101564937,2.200372328355191
0.005731510423458692,0.005170362422843083,-0.004656415737034189,0.004057179430935661,0.04703073378086436,-1.7710820557527185,-0.30246944560275674,2.2130684797015747
0.004986574125448653,0.005868978470552241,-0.003845186421114328,0.0047784452486618195,0.11952295385578275,-1.7777662765711744,0.11920658809933256,2.21733388079689
0.005007042579042428,0.005717638007414113,-0.0038792992357453183,0.004618011807384917,0.10667223871578309,-1.7530348965066762,0.06797623995819824,2.177366984464069
0.005042391212858944,0.0055561595493067205,-0.00392449475986328,0.00445015913646002,0.09429678178765014,-1.7278213866168173,0.016201914168937414,2.1370717969196256
0.006750301223895177,0.00450613634788829,-0.005580459271207053,0.003134360396965272,-0.023792183232192208,-1.5614615388525837,-0.8255584291284294,1.9710632231103078
0.006836456942070331,0.004382536058958399,-0.005617434300003412,0.0029775465007951664,-0.025576405634903297,-1.5058044059928317,-0.8518349819562943,1.8953967647234407
0.006940015312694574,0.004273080576731911,-0.005672767706159505,0.002829351781572565,-0.027202127740783764,-1.4510373785184125,-0.8864391288373618,1.824460984030203
0.007253123795034853,0.004092832620784268,-0.005880889523725209,0.0025190337326157527,-0.03051776042681872,-1.3204043748937215,-1.006626654677426,1.6688797322400866
0.007065532188279537,0.00413959895219564,-0.005732635049110696,0.0026498310565259147,-0.02740128847078954,-1.381708665252262,-0.9218981168193714,1.733942050945426
0.006595413908235863,0.004494347392948768,-0.005417419665099934,0.0031743211172704333,-0.01591956109595009,-1.573622921076694,-0.7382584603708948,1.9714127806005128
0.004820581933423786,0.006079197927344421,-0.0036389088942657406,0.004971547160902107,0.13642640520282526,-1.7622577583781158,0.22639562624181728,2.199204866916201
0.004826412715993426,0.005915706710351756,-0.0036679565777022354,0.004798398612003819,0.12246391366850733,-1.7370129179564822,0.16936703390537935,2.1567693390957654
0.0046763339917521565,0.006158805563811757,-0.003472053785288634,0.005020629359148377,0.14005919222033017,-1.7249728197097618,0.27959918003193235,2.1462038695004373
0.004538659474986404,0.006262843208245341,-0.003308242004819641,0.0050915859506397146,0.14421021995299818,-1.6901284869472437,0.3358904557084463,2.0985481600644236
0.005041408324495789,-0.009357840677385803,-0.0010702913601498448,-0.008264171656071479,0.3962091870716969,-0.6737710908970441,-2.5132492156125106,1.5211872897627863
0.005028576511017403,-0.00934827358053091,-0.00108088208901597,-0.008244971940769555,0.3907610284971546,-0.6885892059148088,-2.4962744746224,1.528428594913441
0.0050319341514908815,-0.009435799924780781,-9.402998003756004E-4,-0.008279969499891935,0.3774800859148326,-0.5903297400597596,-2.5319263905428167,1.4273776675386018
0.005033730973549848,-0.009420196622188313,-9.662834670981936E-4,-0.008276977358662223,0.3827980001104844,-0.6069176010532247,-2.5283763663628602,1.4460176981514057
0.005018965017594044,-0.009426508487872425,-9.51168227456953E-4,-0.008261140280056457,0.3687147875457693,-0.6058782025079154,-2.515614420329484,1.4350289618854148
0.0050355768185515425,-0.009404598895283901,-9.922795475274995E-4,-0.00827390092540784,0.3870734988887056,-0.6236093915883382,-2.524721721647466,1.4646901703493693
0.005020738486068364,-0.00941087468052765,-9.770792469867872E-4,-0.008258022408734527,0.3728674883492811,-0.6224613625644831,-2.511871676819321,1.4536567709103851
0.005037471670074724,-0.009389006894728722,-0.001018296161363021,-0.008270739138684867,0.38996277906007526,-0.6403872606282569,-2.520969543370059,1.4834459800592736
0.005022562282809903,-0.009395219161942565,-0.0010030207012042076,-0.008254815458871174,0.37732834931938347,-0.6390510813540476,-2.5080375713309113,1.4723315589406019
0.005039415511198498,-0.009373420771600327,-0.0010443122561186408,-0.008267494514390064,0.3924344539345492,-0.6571440099995198,-2.517140419711468,1.5022954157343384
0.0050244773182239865,-0.00937955196286393,-0.0010289899307808555,-0.008251567781318123,0.382049572971308,-0.6556016657518037,-2.504160476974017,1.4910325390183419
0.005026495328523046,-0.009363898012454453,-0.0010549552836125037,-0.008248299785204015,0.386649912464863,-0.6721002626038004,-2.5002549196473853,1.5097341366946735
0.0050218115723706285,-0.00929170019677182,-0.001168776838054143,-0.008215051761532062,0.401250122727778,-0.7463816286928296,-2.4677310287492005,1.5856002125496766
0.005015486787402269,-0.009338661416662434,-0.0010913645577249281,-0.0082260913962831,0.3891622764080384,-0.6968452153988366,-2.4808166948923156,1.529670467533576
0.005017565141156547,-0.009323034913443268,-0.0011171351990678204,-0.008222530301283707,0.39332254145636797,-0.7133322954901927,-2.4765756564564794,1.548278722609024
0.005019611213651155,-0.009307371160559559,-0.0011429310592083782,-0.008218773239884234,0.3973167958402644,-0.7298488844801633,-2.4721536136790347,1.566890571176969
0.0050241024879478955,-0.009276064493128984,-0.0011945828006713515,-0.008211308607175229,0.40523989204829886,-0.762891978177441,-2.463261140617283,1.6043267362996383
0.005026292869899391,-0.009260416622746551,-0.0012203454738430857,-0.00820729823586993,0.40922336118785063,-0.7794097556024885,-2.4585471441578233,1.622986187484014
0.005028428361041611,-0.009244684011375669,-0.001246194008115272,-0.008203041511702036,0.41307540530439296,-0.7960023106953069,-2.4535999587226947,1.6416769202010542
0.00503071103316752,-0.00922889917629866,-0.0012721607955009028,-0.008198789216791035,0.41679210242737136,-0.8126528373498066,-2.448618344769251,1.6605027951495164
0.005011934116815129,-0.009654748287466774,-5.75450364798929E-4,-0.008313297293814201,0.30954458812882957,-0.3594329115835894,-2.5728756119416967,1.1685652954581764
0.004997370293180952,-0.009661584958172644,-5.612854504698453E-4,-0.0082970261171932,0.300540802091833,-0.3580454448761578,-2.560731514255622,1.1586745889948353
0.005010874290742818,-0.009670417450053835,-5.493113039406193E-4,-0.008315065285363835,0.30557929243502624,-0.34285824027241635,-2.5751986286180815,1.1502076803966068
0.0050130431569171624,-0.009639082495257915,-6.015615028616631E-4,-0.008311448831615182,0.31437501994253625,-0.3758803246548456,-2.570485833853747,1.186930859711673
0.004998505367662875,-0.009645885751012192,-5.87328993728045E-4,-0.008295255984310643,0.30554478853547945,-0.3744570611931665,-2.55831455171111,1.1768770939735187
0.005020730317030955,-0.009545166597241004,-7.580928062279201E-4,-0.008298635523380893,0.342821206145486,-0.4748945888300984,-2.5544000918199323,1.2974114313321998
0.005006103130135772,-0.009551736218315987,-7.434801675921918E-4,-0.008282621001250615,0.3338329118025411,-0.47352676109516917,-2.5419535209719,1.286904323376705
0.005019326211946599,-0.009560809133749614,-7.320128891061996E-4,-0.008300976485574964,0.33833175032402135,-0.45840627411585744,-2.557257309607011,1.2788545279905013
0.0050301863683028455,-0.009451408652823316,-9.143050006598579E-4,-0.00828288014296437,0.37216321737384467,-0.5737820035360819,-2.5353826738767067,1.4087283155340387
0.005017211923504051,-0.009442132997744815,-9.252617832885747E-4,-0.008264139393607128,0.36464542263876587,-0.5893310718743513,-2.5192338677496284,1.416445622541447
0.005028487639427607,-0.009467022656507902,-8.882816227976743E-4,-0.008285711256944137,0.3677828998375781,-0.5572061660618339,-2.538764317205283,1.390075928231905
0.005015480516802211,-0.009457772976913905,-8.993239029280089E-4,-0.008267028547184226,0.36036754603281457,-0.5728046931655578,-2.5227348657317346,1.397879017585181
0.005022183559254116,-0.00952952844693864,-7.841356717981409E-4,-0.008296215385301944,0.3485944671114803,-0.49127079113815797,-2.5514686052791276,1.315942863886315
0.005007595188123607,-0.009536074424767496,-7.694692796002953E-4,-0.008280289310209117,0.3383516808247617,-0.48998890772135556,-2.539009149032816,1.3053018190012649
0.005023685925945949,-0.00951389482992714,-8.101614568867312E-4,-0.008293714302093087,0.3546139354563649,-0.5076306620355338,-2.5484406589470407,1.3344334461493552
0.00500910680517343,-0.009520434671439202,-7.954185490388017E-4,-0.008277845941254159,0.34256926176878805,-0.5064939429090107,-2.5359553439267604,1.3237217926556906
0.005025237403992261,-0.009498265893762124,-8.361934644620887E-4,-0.008291130034331611,0.3597939990853203,-0.5240701577913045,-2.5453070156602284,1.3529231417315664
0.005010629116288685,-0.009504790446011336,-8.21365368945723E-4,-0.008275275149332026,0.3467926644632558,-0.523060182244827,-2.5327805795826275,1.3421958236515048
0.005026837979827507,-0.009482641786463353,-8.62237463426267E-4,-0.008288461960583573,0.36399717424810735,-0.5406119756517789,-2.5420763859702133,1.371464523204544
0.005012184234514375,-0.009489123198850731,-8.47342105478762E-4,-0.00827259667861154,0.35122066373886746,-0.5396621928320472,-2.5295038387511197,1.3607319540236746
0.005013798335940053,-0.00947344152886207,-8.733414761770887E-4,-0.00826984200292444,0.3558170128203062,-0.5562540429991912,-2.526151108926072,1.3793046064779448
0.00499257965790125,-0.009542590476169212,-7.548899956970541E-4,-0.008264524748154837,0.3327168834557675,-0.48232040711609386,-2.5276376730676215,1.2890948823759547
0.005063689696473401,-0.009042520962538736,-0.0015796850980025806,-0.00814454801440006,0.45913397706618736,-1.0096321554135537,-2.383749956824858,1.885801970227947
0.005052293841495103,-0.009104489284965496,-0.001477629234869631,-0.0081643677266902,0.44586427114442934,-0.9442116154925658,-2.407343511472178,1.8109550109085772
0.005060703694753516,-0.009057983544134712,-0.0015541863067405801,-0.008149540130416051,0.4558535048548085,-0.993296754057372,-2.389738810373799,1.867052466191527
0.0050550373643920244,-0.009089021571660383,-0.0015030928668886081,-0.008159516198785336,0.4492960532235233,-0.9605407718406304,-2.401591000764952,1.8296013661604686
0.0050577953761529945,-0.009073503062929578,-0.0015286135527630047,-0.008154511650085421,0.452593727435374,-0.9769105255663532,-2.3956724733507255,1.8482799689944311
0.0050168580168445795,-0.009218403657265626,-0.001282464951755387,-0.008177669121578223,0.41209203320255144,-0.8235411131429867,-2.4305827402971114,1.6627749629167325
0.0050197400251064455,-0.009202643014105288,-0.001308479455936088,-0.008173892411633204,0.41601688488967675,-0.8400860740128876,-2.4259058869743857,1.681798303417996
0.005022949829873996,-0.00918723297993009,-0.0013340827894344305,-0.00817052318830088,0.4199610314052748,-0.8562874755283207,-2.4215585739066565,1.7006668275833892
0.005025910786103393,-0.00917184614565919,-0.0013595204460935954,-0.008166730230858107,0.4237169747617915,-0.8724587032107206,-2.4168419038239413,1.7193325942791056
0.005028383134187286,-0.009156268291057559,-0.0013850008293219177,-0.008162124376498893,0.42721324189758275,-0.8887959409952534,-2.4114167993833573,1.7378326032453535
0.005030834899892646,-0.00914061383014035,-0.0014105610288897962,-0.008157311185602673,0.43065227711434845,-0.9052019184041126,-2.405783143383068,1.7563690781577141
0.005033606163442679,-0.009125005947606419,-0.0014361791438106638,-0.008152754572981964,0.4341720022672333,-0.9215786890640122,-2.400325999418374,1.7750673979697609
0.005036586806416099,-0.009109589525512208,-0.0014615826135904177,-0.008148400402244002,0.43769014539544987,-0.9377742513734778,-2.3950166905204013,1.7937016610597858
0.005076239459805237,-0.00898059968620313,-0.0016818407625075087,-0.008123816157782389,0.47164745533073277,-1.0750378665956442,-2.358743901401193,1.9610702905595654
0.005079488104593562,-0.008965184787778201,-0.0017072710827856156,-0.008118442961065673,0.4747465026790803,-1.0913160254472414,-2.3522334678936043,1.9798362698652332
0.005082680490627485,-0.008949742595055387,-0.0017326778246617835,-0.008112842586755391,0.47772392012815007,-1.1075856392133252,-2.3454938472333975,1.9985344438826524
0.00508593681969592,-0.00893425342722515,-0.0017581605653595796,-0.00810714354689624,0.4805950975136972,-1.1238917832903894,-2.3386232606381445,2.017290652594713
0.005060248160312395,-0.008985507081047945,-0.001664902797189239,-0.008107792143462552,0.46336893977670307,-1.0678057739850646,-2.3464054355726955,1.9424340933490354
0.005050647766638879,-0.009032217186056473,-0.0015882015479511838,-0.008123340986626456,0.45389836595219685,-1.018857339842356,-2.365218043372174,1.8861277140408996
0.005053447722642343,-0.009016701918877755,-0.0016134859956805794,-0.008117861101640618,0.4569164429809122,-1.035072218058499,-2.358757438111216,1.9045381837124127
0.005056642373481574,-0.009001031551892172,-0.0016391993426119265,-0.008112613768972697,0.46008853180881265,-1.0514858667272102,-2.3524223632668395,1.9234004017584516
0.005098821234118411,-0.008741071305900693,-0.0020521321177444873,-0.007991197825258674,0.4965230186418342,-1.3164693684495672,-2.2132412590252666,2.217026323398891
0.005094732508762366,-0.008756824184315865,-0.0020264666757348264,-0.00799792201636844,0.4942311465094023,-1.3003430961887528,-2.221570464551826,2.1983261957650098
0.005075517825924115,-0.008850309315131031,-0.001876769603582848,-0.008040621739419468,0.48124443314910553,-1.2052835890473999,-2.2720817322622295,2.090970420447414
0.005078694495461317,-0.008834923503673682,-0.0019015368799617024,-0.00803397652213964,0.48358467643174335,-1.2210364790406354,-2.264187197316216,2.108835923415701
0.005082641276435204,-0.008820025592857716,-0.00192607474552254,-0.008028427081263749,0.4861764119867556,-1.236497117121001,-2.257189971181661,2.1269386778466974
0.005090855297768082,-0.00877268877124719,-0.002000751084633747,-0.008004821461028879,0.4919519135362514,-1.2841398285403989,-2.230000794247401,2.17967372906692
0.005085903018871015,-0.008804726734891006,-0.0019506931447530608,-0.00802165921859062,0.4884100286431537,-1.252133275962276,-2.249118924902312,2.144695283869783
0.0050873978871471956,-0.008788840911871766,-0.0019748713060025644,-0.008012261910052753,0.4897533774742285,-1.2677492160173722,-2.2388497266249505,2.161110220354304
0.005073162607133446,-0.008923541121150727,-0.0017663258834587465,-0.008085346027488822,0.47497383710607194,-1.1325568897561684,-2.319360688131105,2.016748352698808
0.0050766979970173634,-0.00890791213119257,-0.0017919940528233463,-0.00807964557638993,0.477862497325308,-1.1488925154675886,-2.312395219076713,2.0356305273775397
0.005064067855766525,-0.008896944164733096,-0.0018002765008487632,-0.008057744482979594,0.47291788200253376,-1.156908573782838,-2.2933161334252525,2.034732368397826
0.005067514293925885,-0.00888114809031904,-0.001825935397864919,-0.008051584517940906,0.4756133552450868,-1.1732082230298373,-2.2858920508227176,2.053416189746185
0.005072162568833673,-0.008865921174007422,-0.0018515076222925598,-0.008047062313706596,0.4787561904830078,-1.189220244318608,-2.2797968249044325,2.0726340564373054
-0.009639082495257913,0.0050130431569171624,0.008311450093980004,6.015415775304825E-4,0.2349955515728562,0.37438783526956626,2.614007239758072,0.37936348398542535
-0.009654748287466774,0.005011934116815128,0.008313299041577436,5.754266797024881E-4,0.24010470692925537,0.39122258831620327,2.6141005563788986,0.36277935148256657
-0.009645732178114272,0.004998400110185419,0.008295110286504703,5.874980311574648E-4,0.23035357692888117,0.3827262197402834,2.6037405360841004,0.3647947493778773
-0.009670417450053835,0.005010874290742819,0.008315065732620764,5.493079628124897E-4,0.24525888353851502,0.4080817758479227,2.614134933571164,0.3462276409162832
-0.009661447459423702,0.004997292912771264,0.00829691618517822,5.614344670103625E-4,0.23574399875198357,0.399593988977127,2.603707311472322,0.3483946911450377
-0.009686089839949744,0.0050098636880925584,0.00831675039033079,5.231826994340875E-4,0.2503776527902755,0.4249700220792885,2.6141147675663117,0.32969868245469736
-0.009677165884515228,0.004996238653125567,0.008298642719372471,5.353645629547981E-4,0.24114104338424067,0.4164835205480805,2.6036256818792674,0.3319968324298685
-0.009701765314618097,0.0050089023178828546,0.008318352962924056,4.970521897150525E-4,0.2555091019913735,0.44188514395223416,2.6140415868970623,0.31319705352977584
-0.009692887235893335,0.004995239772474986,0.008300292475016728,5.092909403234683E-4,0.2465591007889221,0.4333963783174836,2.6034974810567992,0.31560126616517375
-0.010031415039578108,0.005000098691445171,0.008333025525632051,-5.2358735090967896E-5,0.3697486532520358,0.8033283681422348,2.599944460672893,-0.029642835683187152
-0.010023655892939402,0.004986173415372251,0.00831634930857057,-3.92634360220107E-5,0.3595554453540544,0.7945084463100157,2.5892285141739553,-0.028633513874815494
-0.010015707763366567,0.005000024673443877,0.008333148920656055,-2.61680918949865E-5,0.36580033489660635,0.7858449979117741,2.601181600030798,-0.013249850767252366
-0.010007899409292701,0.004986147227999386,0.008316458575960547,-1.3126947484995895E-5,0.35435731280719157,0.7770511981971722,2.5904912296917444,-0.01223816497324297
-0.01,0.005,0.008333189947478002,-8.47145318269036E-9,0.35828317928172043,0.7683897901991118,2.602335183976005,0.0030708056065385596
-0.009992144546745794,0.004986127738017879,0.00831643266412548,1.3003156220363159E-5,0.34887338187064504,0.7596052401554668,2.591649823458018,0.0041148487257443795
-0.009984292236633437,0.005000024673443877,0.008333148744506205,2.620072733382488E-5,0.35566959165794115,0.750971671334673,2.603467313047662,0.01947564651085572
-0.009976390135906876,0.004986219133853222,0.00831639582213633,3.913464708023567E-5,0.343369093411302,0.7421925857695414,2.592807874963459,0.02054538225975104
-0.009968584960421896,0.005000098691445171,0.008333025552354907,5.235485360258181E-5,0.34827447401795064,0.7336086104882509,2.6045225823709353,0.03576246113764272
-0.009960644393861755,0.004986314466967701,0.008316224296858065,6.52544324492779E-5,0.33837674895829095,0.7248096493744952,2.593875312047729,0.03694217145761975
-0.009952878302440085,0.00500022205036873,0.00833282000315797,7.852383075429994E-5,0.34262900957145526,0.7162556461505708,2.605528575874849,0.05201860067634955
-0.009944899331732098,0.004986451064454991,0.008315961321928649,9.136983608818657E-5,0.33292590871109945,0.7074639304040243,2.5948659883480456,0.05332869665082072
-0.009937172394430337,0.005000394746384635,0.008332532160102116,1.0470369328892196E-4,0.3376193892773737,0.6989293929884454,2.6064920620322063,0.06828640665049925
-0.009929151912710208,0.004986648125617959,0.008315627445268507,1.1748965203405087E-4,0.32758622567080803,0.6901426856258431,2.5958117196255106,0.0697410036359814
-0.009921467368795326,0.00500061677545759,0.008332162361108623,1.3086853341805297E-4,0.3315473487627535,0.681635410404844,2.6074009077825657,0.08450583463572425
-0.009913403814341151,0.004986880520047559,0.008315195130765644,1.4361037601417573E-4,0.32234937741540587,0.672849658028354,2.5966903645467685,0.0861518127978579
-0.009905763358590827,0.005000888133336492,0.008331710450938074,1.5703048647087767E-4,0.32575206166463067,0.6643613210820534,2.6082603525925236,0.10068723199508763
-0.009897650628640663,0.0049871523092076845,0.008314668740259275,1.6973826533669162E-4,0.31707091966356143,0.6555884425873213,2.5975058658369004,0.10256186730437013
-0.009890060497518439,0.0050012088155440915,0.00833117660489617,1.831814071686635E-4,0.31959839107790244,0.6470974113940721,2.609055877917938,0.11682741702750753
-0.009881888893170675,0.004987452150177229,0.008314035056282152,1.9587881211948575E-4,0.31197191750451386,0.6383653359637976,2.598263248892778,0.11895538268456556
-0.00987435891991841,0.005001578817366836,0.008330560887173148,2.0931742899772E-4,0.3123896944999186,0.6298105331387909,2.6097563723162476,0.1329377545551626
-0.009858658760762435,0.0050019981338448065,0.008329862308136775,2.3547601699729212E-4,0.3059724441295691,0.6124709898065288,2.6103619280717423,0.1491507300324057
-0.009866112871190632,0.0049877545427837846,0.00831326440004085,2.2203587571464892E-4,0.3068950832152515,0.6211813339620771,2.59894451303121,0.1352905603834493
-0.009842960155646504,0.0050024667597618295,0.008329079838060293,2.616904978570135E-4,0.30267397006575275,0.5951363999235743,2.6109201348203372,0.16560004106986337
-0.009850304525584054,0.0049880883123949,0.008312385877746664,2.482369551278299E-4,0.30122344284050856,0.6039942517725737,2.5995544938910045,0.1515983807608001
-0.009827263240783757,0.005002984689635677,0.00832821476011957,2.8791371344470007E-4,0.3001092549951648,0.5779175585799534,2.611461214776447,0.1821817130080284
-0.009834477730394841,0.0049885408855728135,0.008311498037941551,2.7447135526032814E-4,0.2950159797086456,0.5867807306551197,2.600149189038848,0.16796964881905385
-0.009717443732062377,0.005007990188766738,0.008319873423578742,4.7091657673392265E-4,0.26074556813150357,0.4588281120978664,2.613917610344086,0.29672351851665324
-0.009708609814944185,0.004994296207810286,0.008301866461825442,4.8321562074952177E-4,0.25196727188722584,0.4503322083539702,2.603322529894001,0.29920865003329816
-0.009733124950832917,0.005007127309040209,0.00832131197843109,4.4477247896003696E-4,0.26583615575279396,0.47579959308654035,2.6137396326666624,0.2802769300299755
-0.00972433508095427,0.004993407150299947,0.008303362743642432,4.571371200879671E-4,0.2574008750057252,0.4672906051414722,2.603100539740375,0.2828183022625101
-0.009748808830033833,0.00500631368665081,0.0083226686367959,4.186200217676219E-4,0.2707434390130029,0.49280251038783973,2.613506190183752,0.26387133094759946
-0.00974006261915965,0.004992577912941456,0.008304788651396168,4.310571118150176E-4,0.26288576258947144,0.4842696602397906,2.6028375365353784,0.2664358704349458
-0.009764495229330011,0.005005549329206298,0.008323942888258374,3.924700070813997E-4,0.2757905943111555,0.509826060178984,2.6132132994109867,0.2475371511145236
-0.009755791694727687,0.004991815834784926,0.008306150482143141,4.049774388752655E-4,0.26840763603891427,0.5012643451345059,2.6025414484240303,0.25006934546672327
-0.009811568152997375,0.005003551917708423,0.008327268973656637,3.1408717632372624E-4,0.29520928162571974,0.5608438919486308,2.6119756585075367,0.19867460829882663
-0.009818678943264303,0.004989127533210444,0.008310621279013329,3.0067232898356574E-4,0.28913764370325756,0.5695712626754764,2.600748798903286,0.18442293207930896
-0.009780184008954095,0.005004834243983439,0.008325133913305326,3.663405880559298E-4,0.28208411540497125,0.5268476293127303,2.612862326172962,0.23127719501196412
-0.009771518611172663,0.004991115488109882,0.008307443266014528,3.788994092651902E-4,0.2737335203569606,0.5182837450753744,2.60220337849633,0.23370175227097792
-0.009795875029713486,0.005004168437936931,0.008326242268173002,3.4022129244973043E-4,0.2889308626101884,0.5438457562178105,2.6124475670942946,0.21501983021352689
-0.009802934694903198,0.004989775834079495,0.008309679640058824,3.2678941465637967E-4,0.2838270154784797,0.5524150246430182,2.6013062876289474,0.2008831158945534
-0.009787228869488296,0.004990442128280541,0.00830862542518907,3.528426677857415E-4,0.27879244483596793,0.5353269130090572,2.6017950153340017,0.21731145561882934
-0.009457705444275403,-0.005015520467346669,0.008267066497544795,-8.993895401012798E-4,0.16794035292174622,0.18212260477520736,-2.5999894158854517,0.5627368158389866
-0.009467022656507902,-0.005028487639427607,0.008285710637668345,-8.88288367405298E-4,0.17717843316416906,0.1909386622940564,-2.610425577073496,0.5607816113261479
-0.009482641786463353,-0.005026837979827507,0.008288459568007943,-8.622607566562546E-4,0.18242807898985955,0.2075270282516697,-2.610994582242739,0.5442510919714924
-0.009473378414124815,-0.005013825236432055,0.00826986672891483,-8.733936096302852E-4,0.17293778083215974,0.19875777668024008,-2.6005804304742663,0.5461446659738681
-0.009545166597241004,-0.005020730317030955,0.008298638463269253,-7.580622556775778E-4,0.20344458060867865,0.27415919628648905,-2.612835574539627,0.478211523469426
-0.009551737699852868,-0.005006132354129161,0.008282660208964945,-7.434334582109677E-4,0.19870578535991126,0.28208733007614034,-2.602787726836649,0.4635692265676386
-0.009498265893762124,-0.005025237403992261,0.008291128141042834,-8.362110747606364E-4,0.18704804792683585,0.22415975803937646,-2.611524514678513,0.527683193250567
-0.009489064357060213,-0.005012173522917887,0.008272580562656789,-8.473767088610329E-4,0.17817358992963084,0.2154156023650118,-2.6011188766197084,0.5295684930047123
-0.00952952844693864,-0.005022183559254116,0.008296218372944563,-7.841034758591793E-4,0.19720428421983238,0.2575051785449769,-2.612453264352582,0.49465271445112863
-0.009536089640651705,-0.005007586985516316,0.008280291141085062,-7.693948499199483E-4,0.19378852546944525,0.26539770742229835,-2.6024618484907625,0.48006489427111093
-0.00951389482992714,-0.005023685925945949,0.008293714822808872,-8.101543630318124E-4,0.1918189566523217,0.24082923040206738,-2.612014154262691,0.5111378498314625
-0.00950475452511094,-0.005010586028438337,0.00827522838708711,-8.213579292082554E-4,0.1835014244928231,0.23207896917374862,-2.601614505225925,0.5130340985797321
-0.009520432320949348,-0.005009062781577566,0.008277805448537559,-7.953615959977741E-4,0.18874560364167237,0.2487366984917769,-2.602065613406966,0.49654100035996346
-0.00955825534621632,-0.004991102666948024,0.008266828081424149,-7.290138788183894E-4,0.20247856701339337,0.2837479280782779,-2.5913159759196236,0.4561754876754725
-0.009389006894728722,-0.005037471670074724,0.008270738980167162,-0.0010182992227438972,0.15083502480049268,0.10830383321007649,-2.606863805790023,0.6433509245963464
-0.009395131930223437,-0.005022717883865563,0.0082549756649357,-0.0010031510678420088,0.14759496410772607,0.11582858150380083,-2.5970609486093292,0.6291029945771315
-0.009357840677385803,-0.005041408324495789,0.00826417920505714,-0.0010702317325309285,0.13993180381374562,0.07533772610704263,-2.605083596136843,0.6764050800047868
-0.00934226676397499,-0.00504345009202691,0.008260773616149707,-0.001096208750261331,0.13604999861074737,0.05888494825279711,-2.604130342513472,0.6930359392007827
-0.009348277108584902,-0.005028587320303137,0.008244999627018771,-0.0010808307696209055,0.1327594144402814,0.0663213235853806,-2.594320438897382,0.6789727149659458
-0.009373420771600327,-0.005039415511198498,0.00826750142697983,-0.001044258425770678,0.14471293705659902,0.09182479470685549,-2.6060004728440616,0.6598428130558157
-0.009379520567423616,-0.00502463805736066,0.008251750981309725,-0.0010290408471961493,0.14283860892800013,0.09931481435488189,-2.596211144490995,0.6457261971299842
-0.009363902148573508,-0.005026582025593193,0.008248411867462757,-0.0010549300781869033,0.1379525268256648,0.08281766665489086,-2.595292378087031,0.662336562904276
-0.00944827041469914,-0.005002239642886364,0.008248656922627447,-9.10550371175313E-4,0.16647021170601592,0.16707305879187848,-2.5879578480627305,0.5720275467189343
-0.009401239349150815,-0.005007612307499883,0.008239469559236849,-9.881305953025334E-4,0.1514530442528235,0.1173512645672322,-2.585643398647173,0.6217788336132005
-0.009432568144336266,-0.005003924420752357,0.008245603613400765,-9.364333555855023E-4,0.16140377369871986,0.1504405224562,-2.5871892719981866,0.5886162659633857
-0.009416883627728028,-0.005005700960050052,0.008242521614443917,-9.622998716215856E-4,0.15642462152063533,0.1338558954485405,-2.586405124127691,0.6052044669040506
-0.009248961635249485,-0.00505672766533414,0.008238644206534916,-0.0012517168396568067,0.10603405238501144,-0.03968165716549567,-2.597222412706898,0.7928867873809456
-0.009239097490306165,-0.005044019597880758,0.008218842989599713,-0.0012618114739668875,0.09834881646084159,-0.04862773259481796,-2.58620170995956,0.795784617091584
-0.00926449525245532,-0.005054392578627048,0.008242540841819156,-0.0012257951142992396,0.109516812744147,-0.023248848634312636,-2.5985449987668034,0.776018865574728
-0.009254708765724536,-0.005041633747307311,0.008222803034700571,-0.0012359275946500286,0.1035169908617043,-0.03220855366899486,-2.5874929107937494,0.7790314161209545
-0.009326699183653657,-0.005045540795333225,0.008257289149676262,-0.0011221552977507445,0.13118039576037038,0.0424850347881749,-2.6031439786735913,0.7096352736882418
-0.009332667436238196,-0.005030673386410476,0.008241543756653027,-0.0011067190130184662,0.12763528605808952,0.04983457574992129,-2.5933150435034276,0.6956589831375021
-0.009311138089096707,-0.0050476804154309,0.008253726604382176,-0.0011480658184467398,0.12503649085554547,0.02609981563421999,-2.6021090216327565,0.7261570905289356
-0.009317084979066054,-0.005032808382079762,0.008238014012052505,-0.0011325666528290243,0.12288773636505894,0.033381238246485125,-2.592266388109398,0.7123625039331757
-0.00929558363336138,-0.0050498689328047465,0.008250082715709662,-0.0011739643029666019,0.11882417316925657,0.009681746403440055,-2.6010030962755666,0.7426675960704814
-0.009301513842666313,-0.0050349579925098266,0.008234366571806267,-0.0011583835608082354,0.11833868025113493,0.01696917049722381,-2.591154426108749,0.729040996356867
-0.009280035969880421,-0.005052106327402137,0.008246354324145127,-0.0011998729475682242,0.1135857663349692,-0.006778473426329856,-2.599812991457195,0.7592700921069565
-0.009285930804487785,-0.005037124725849851,0.008230594445248556,-0.001184203137758756,0.11365522548111774,5.823013030081756E-4,-2.5899778183764273,0.7456900015319654
-0.009270326386800856,-0.005039339246051534,0.008226727100737241,-0.001210050554344121,0.10868689736207715,-0.015804556797934893,-2.588752221601794,0.7623401632805528
-0.009213484906250421,-0.0050335462367183505,0.008195227986628318,-0.001297755591862935,0.09337078742882131,-0.08023807855453256,-2.571658789976208,0.8221603478186293
-0.009229078040776882,-0.005030926185857752,0.008199139079839081,-0.0012719603170259766,0.09807070680627843,-0.06392688798486472,-2.572957622590778,0.8053739230635498
-0.008897923348067271,-0.005064226194238245,0.008058586519756347,-0.0017989308778483648,0.007541929329201191,-0.4144805737549096,-2.504775658164218,1.157040430934073
-0.008882604458843273,-0.005066843384723021,0.008051771939219363,-0.0018233502918496602,0.0038433305872221106,-0.43050024500719747,-2.5013054510515684,1.173641752981623
-0.008913501667824186,-0.005060534574552526,0.008064160118193024,-0.0017733977544708262,0.011476651280913812,-0.3983244744231724,-2.5073076791637496,1.1398206878138797
-0.008928812134634515,-0.005057664246632664,0.008070385757969332,-0.001748746220226322,0.015291319177216196,-0.382354750333939,-2.5103389735271118,1.1231601583798396
-0.009135809643768327,-0.005046382225224878,0.008173349243454227,-0.001425802486937385,0.07031453759109296,-0.16168002685634922,-2.5635683666606823,0.9060057082945887
-0.009120201757409992,-0.005049210915205791,0.008168816568492722,-0.0014515777294810837,0.06585340464766021,-0.17800208447645782,-2.561857797495495,0.9229408288313027
-0.009109983520885412,-0.005036206249403462,0.00814817395171258,-0.0014607796019995248,0.06300453236695223,-0.19117055097031796,-2.5485957558999535,0.929670646823528
-0.009151441547863215,-0.005043731693418889,0.008177959328900572,-0.0014000541289574157,0.07477126277513137,-0.14529673574581145,-2.5653343884017583,0.8890932435129552
-0.009197995824233916,-0.0050361733821731244,0.008191229654793944,-0.001323370743802623,0.08865062699339661,-0.09644632852039725,-2.5702938036076333,0.838858531066247
-0.00918253736329319,-0.0050387224877154625,0.008187011887446539,-0.0013488792300013833,0.08394654182180482,-0.1126514525810162,-2.5687759011886064,0.8555307983378523
-0.009167028263880722,-0.00504121255868777,0.008182558569105379,-0.0013744131410463082,0.07930791857965148,-0.1289337855817915,-2.5671005995171297,0.8722625417605988
-0.009000858076154373,-0.005057371019359539,0.008113398209592115,-0.0016398884430489996,0.03290573565129274,-0.3050013601188252,-2.534270825247679,1.0485687733957392
-0.008985414254102672,-0.005060160449855278,0.008107655663003819,-0.0016649949941914927,0.028805234871966234,-0.3211654594918824,-2.531661949442626,1.0653768265607972
-0.008969820795835455,-0.0050631971395043085,0.008101972628250386,-0.0016904381796976741,0.024689184654963534,-0.3374493670406831,-2.529102062309939,1.0824160231372693
-0.009047080290107758,-0.005047201543346745,0.008127571687236398,-0.0015635248928714143,0.04547999606674848,-0.2569567868487373,-2.5399447220156186,0.997787806439146
-0.009094464149248872,-0.0050391177484137495,0.008143545711215207,-0.0014862809080329116,0.058633094298224615,-0.2073608515859556,-2.5467834226367345,0.9465190230391606
-0.009062906788785387,-0.005044120833946426,0.008132605071586417,-0.0015375528579840774,0.04985647411777568,-0.24045537454250224,-2.5420209156618268,0.9805476621821779
-0.009078783393375103,-0.005041554722021336,0.008138125432738482,-0.0015117502834961262,0.054258009222020266,-0.22381465963005295,-2.544431673479366,0.9634124846586444
-0.009005782137309161,-0.005041644809031342,0.008097676616096743,-0.001623309933919348,0.03529894242336246,-0.30233431689683266,-2.522619147711184,1.0389951911489967
-0.00903604366139041,-0.005033640487302785,0.008105421595610646,-0.0015728362795049686,0.04353126221558145,-0.2711989583590741,-2.5253206268547888,1.0054970087446302
-0.009020625095217364,-0.005037670599126183,0.008101487387853592,-0.001598530655698739,0.03932561131541334,-0.2870637162370983,-2.5239504666128316,1.0225398269957502
-0.009099896224540731,-0.005023352060612943,0.00812775112291407,-0.0014696707847434607,0.060934026980710154,-0.2044445269995172,-2.5352479730982354,0.9367921796620701
-0.00895884111517377,-0.00505003534602838,0.008079832740962009,-0.001699070532344777,0.023086673037185073,-0.35132889938581097,-2.5142769440606103,1.089876184440043
-0.008934293872885843,-0.0050439067269549085,0.008057627913956396,-0.0017320348754100109,0.017689287968596493,-0.3784378697052302,-2.500617999290568,1.1131927328644704
-0.008947240940255214,-0.005037719076538368,0.008058327698215585,-0.0017089479486521086,0.021215240102884298,-0.36550867639860013,-2.499920228463393,1.0979864723065225
-0.009645899186531056,-0.004998576184066195,0.008295346147912165,-5.872755971259145E-4,0.230932939518416,0.3827909161762683,-2.6038011290732617,0.3648690397626468
-0.009654748287466774,-0.005011934116815129,0.008313300705913297,-5.75406071962372E-4,0.23991412036948603,0.39151136118748003,-2.6142689864279536,0.3629732718385033
-0.009573933557616947,-0.004989570219618424,0.008268915229518474,-7.030997253210424E-4,0.2076483557819753,0.30039119390045615,-2.591475602937009,0.4397038662732062
-0.009589670319372252,-0.004988153306874775,0.008271010550593457,-6.771099072757718E-4,0.21277133967607817,0.3171303790328826,-2.5916400397259083,0.4231944389266511
-0.009605433694953685,-0.004986901268760583,0.00827316381242237,-6.511054432512103E-4,0.21789657907324836,0.33395219771227524,-2.59184551371901,0.406680230910014
-0.009621198610213192,-0.004985798315551884,0.008275350512438358,-6.251195256192461E-4,0.22306566028216235,0.35082927530302555,-2.5920780424901406,0.39018286151167664
-0.009636947828863547,-0.004984787230361265,0.008277499727682996,-5.991645694559433E-4,0.22831646830201202,0.3677268711949908,-2.592291289502082,0.373713571321358
-0.00987435891991841,-0.005001578817366835,0.008330557705909273,-2.0944491339015557E-4,0.31772308224851287,0.6297052309138481,-2.6095753442271192,0.13380096218244525
-0.009858658760762435,-0.005001998133844807,0.008329859580712017,-2.355838206254592E-4,0.3111362163398771,0.6125607632347745,-2.610244608127341,0.15018802143718682
-0.009866148082417201,-0.004987805667903222,0.008313316341111108,-2.2197848551670354E-4,0.30536004310799364,0.6211662309463133,-2.599046853138344,0.13503402259032218
-0.009661603484976957,-0.004997490504257441,0.008297171011130035,-5.612268245051229E-4,0.23582636377232835,0.39966003787449655,-2.6037996134657857,0.348396860992408
-0.009670417450053835,-0.005010874290742818,0.008315064956447352,-5.493205061058551E-4,0.2467044977527343,0.4083161341078783,-2.6142465870954816,0.3466507942988338
-0.009677316119333907,-0.004996410886315062,0.008298866821255746,-5.351577300246623E-4,0.24099144688469507,0.41657215470983683,-2.6037188191794294,0.33189494588625773
-0.009686089839949744,-0.0050098636880925584,0.008316749749706427,-5.231901038258395E-4,0.2515160213711483,0.42516629711944603,-2.6141773148057728,0.33019296038205087
-0.009693048665207716,-0.0049953932906327,0.008300497596741481,-5.09063539251749E-4,0.2467010509881101,0.4335111869678219,-2.603600363579871,0.3154297027460337
-0.009701765314618093,-0.0050089023178828546,0.00831835441752378,-4.970243797588594E-4,0.25487676232824064,0.44210465077829225,-2.614078365362358,0.31369455981443733
-0.009717443732062379,-0.005007990188766738,0.0083198757332043,-4.7087564566714203E-4,0.25960844426580043,0.45909949747143647,-2.613948472318344,0.2973120772138778
-0.009708793998365464,-0.004994483554975062,0.00830211198430887,-4.829600811723145E-4,0.25247695842995027,0.45045600876146125,-2.6034708143924754,0.2990339838906361
-0.009842960155646504,-0.0050024667597618295,0.00832907936340094,-2.6171604767229667E-4,0.3041222546239505,0.5954048962201556,-2.6108463811293143,0.16650458188564138
-0.009850412330139682,-0.004988276508885419,0.008312598247666324,-2.480826184753748E-4,0.30038792217641963,0.6039825864720151,-2.5997595740026824,0.15143163408250748
-0.009827263240783757,-0.005002984689635676,0.008328215880865106,-2.8788088661870203E-4,0.29889637453911816,0.5782306390983792,-2.6113943033997677,0.18289294791083718
-0.00983467199635073,-0.004988751038029962,0.008311746013589619,-2.7418779852884587E-4,0.29518619905186955,0.5868390121511923,-2.600379582853138,0.16777723285940874
-0.009811568152997375,-0.005003551917708423,0.00832726947873655,-3.140665437904712E-4,0.2949975395016052,0.5610933891098216,-2.611904181262631,0.19937287934447712
-0.009818917585059192,-0.004989282730742222,0.008310817049430971,-3.003130498921709E-4,0.28951590591373894,0.5697049491189716,-2.6009430310414086,0.18413066167683448
-0.009795875029713488,-0.0050041684379369305,0.00832624168987506,-3.402294704325066E-4,0.29000672214048023,0.5440284330392582,-2.612371525916978,0.21582486168944115
-0.009803161854975944,-0.004989906246955015,0.008309851475173614,-3.2644560893173687E-4,0.28385193696382033,0.5525748316734101,-2.601483265489897,0.20054228068556137
-0.009733124950832917,-0.005007127309040209,0.008321312835182424,-4.4475931027588954E-4,0.26625007783139054,0.47608610528712614,-2.6137605559425503,0.28105121044161846
-0.009724530343021476,-0.004993648410170164,0.008303668369250802,-4.5687115302231294E-4,0.2577769599855169,0.4674012532692337,-2.6033001784361116,0.28266120972802916
-0.009780184008954095,-0.005004834243983441,0.008325132662981245,-3.6636592235143054E-4,0.28378363793550704,0.527013623829706,-2.6127900093170924,0.23218370210998598
-0.00978741773731702,-0.0049905886282057225,0.008308814718761949,-3.525636193795093E-4,0.2785683431184917,0.5354659517855933,-2.601979106554443,0.21698573008219194
-0.009748808830033834,-0.005006313686650811,0.008322667725290413,-4.186405228061084E-4,0.2726169068501139,0.49305044650699076,-2.6134953052445278,0.2647958648009824
-0.009740250315160065,-0.004992833469561032,0.00830510581710755,-4.3080057332697065E-4,0.2628228523006942,0.48436379427624227,-2.6030571532431144,0.26625854890244444
-0.009764495229330011,-0.005005549329206298,0.0083239413074534,-3.925031483139866E-4,0.2780120953653737,0.5100217852337159,-2.613165112433134,0.24849826338719885
-0.00977168642857252,-0.004991296016406413,0.00830766953999905,-3.7865853628662425E-4,0.2733880428004895,0.5183934994546403,-2.60239935118371,0.23341578099979163
-0.009755965330607581,-0.004992041084364389,0.008306429795982116,-4.047343241036458E-4,0.2680606732900221,0.5013599641554619,-2.602752846958696,0.24983563507140152
-0.009890060497518439,-0.005001208815544092,0.008331174518039865,-1.832674143333507E-4,0.32247190285745986,0.64690372649979,-2.6088506328442773,0.11727277067675786
-0.009881903512662094,-0.004987344112520146,0.008313909339860233,-1.9584166807471828E-4,0.31065822785107633,0.6384088872500627,-2.598252883568058,0.11859727750501024
-0.009905763358590829,-0.005000888133336492,0.00833170966465353,-1.5706213242317347E-4,0.3261845544358922,0.6642009861918517,-2.608091355700389,0.10067931850288452
-0.009897686152290787,-0.004986943443429798,0.008314434629571125,-1.6966577938509463E-4,0.31639284824502045,0.6556921531132277,-2.59741410776973,0.1021835842793442
-0.009968584960421897,-0.005000098691445171,0.008333025702977247,-5.232928779524225E-5,0.3471246463383834,0.7337723784137432,-2.604581264635599,0.03506855299905169
-0.009952878302440087,-0.005000222050368731,0.00833282022504217,-7.85077990010336E-5,0.34167603106690875,0.7163699898403068,-2.605557051334754,0.051380614572567845
-0.009960746542808022,-0.004986127806513118,0.008316020912749722,-6.508841657770774E-5,0.3385601462036671,0.724868757888034,-2.5936935391257276,0.03687884112292802
-0.009937172394430333,-0.005000394746384633,0.008332532525556487,-1.0468115107001466E-4,0.3359401730444537,0.6989740465980042,-2.6064622434901876,0.06772575547157779
-0.009945000745833123,-0.00498625179893008,0.008315744248364008,-9.120390026107183E-5,0.3331856263766116,0.7075483538451709,-2.594701100466001,0.05321298181973267
-0.009921467368795327,-0.005000616775457591,0.008332162415518197,-1.30861847500531E-4,0.3305022288405763,0.6815755410250296,-2.6073008774556863,0.08414649236853154
-0.009929247582336882,-0.0049864188603398665,0.0083153770800649,-1.1732963513686552E-4,0.327804537323483,0.6902598811347667,-2.595653231023863,0.06952401488484285
-0.009913475397541343,-0.004986639045306007,0.008314929090297926,-1.4348377588358603E-4,0.3222171532568012,0.6729805263417784,-2.5965512052994497,0.08583220311709988
-0.009607761596875476,0.005015408839722729,0.008307503361486054,6.537887237389415E-4,0.22621993214845268,0.3408357158480541,2.6137042460096174,0.41268767146707136
-0.009623420217022645,0.005014201401274544,0.008309518333027637,6.276604655865493E-4,0.23022477999436583,0.3575826337617884,2.613864862706875,0.39599905016474435
-0.009614317423987188,0.005000786662160572,0.008291278452048077,6.396045064622963E-4,0.21941220021440186,0.3490240632338936,2.6036664964994554,0.397649923668462
-0.009630019625912431,0.004999560947171213,0.008293225873054035,6.135573470297983E-4,0.22494002447876424,0.3658694457892587,2.6037275958569697,0.3812107419823984
-0.00963656917552798,0.004984694284071902,0.00827731113419188,5.997590975086528E-4,0.22840599740982967,0.36727215257274454,2.5921745718217877,0.3741385748306895
-0.009560809133749612,0.0050193262119465985,0.008300981645961526,7.31960108322275E-4,0.20787316265745384,0.29106068267605173,2.6132173318445986,0.4620238642007553
-0.009551742295498421,0.005006302473157142,0.008282849733885116,7.434751580342392E-4,0.1997310984831209,0.28194004928593225,2.6029075001101876,0.46381105565740066
-0.009576455909857678,0.005017971256234513,0.008303232078345208,7.059729757001764E-4,0.21743134630599814,0.30763043092469483,2.6134230675179073,0.4458471388886623
-0.009567386803421195,0.0050049411660239755,0.008285180236066015,7.175228543991164E-4,0.2038150555228053,0.29864274186244666,2.603218190763013,0.4472891964227756
-0.009592106779443133,0.005016665461698991,0.008305406461064509,6.799107822047333E-4,0.22289513823385462,0.32418807063223193,2.613562605367326,0.42936379772251937
-0.009583003213752663,0.00500350674383569,0.008287288832967058,6.915864094063127E-4,0.20829590497184472,0.3153924084302672,2.603413491634486,0.4306931665518496
-0.009598640505692221,0.0050020990454895395,0.008289294614255595,6.65620130867739E-4,0.21374297367048098,0.3321917407182149,2.6035580977995365,0.4141362178736068
-0.009511084060826519,0.004995529629752265,0.008259479777409926,8.068578344481505E-4,0.18681673018063558,0.23363132280441753,2.590125952323859,0.5057273995625929
-0.009526867030082183,0.004994116418651021,0.00826216145737714,7.808470600020288E-4,0.19183655660278645,0.25042617702817355,2.5906595900082974,0.48913573929132775
-0.009542626609854164,0.004992985933079954,0.008265026344234741,7.54933175389939E-4,0.1969193978648429,0.26728462266825653,2.5913269753396606,0.47260948325175706
-0.009495336244277461,0.004997092943639276,0.008256840889195843,8.32839703758723E-4,0.18171080834879813,0.21691686849225045,2.589626754549325,0.5223153288868215
-0.009202577143125272,0.0050203173196744395,0.00817456883515104,0.0013088488392812775,0.08982610701025295,-0.09441905465411682,2.558599059216885,0.8297924598161069
-0.00921814703585188,0.005017653689715799,0.008178518413888053,0.0012832239897953544,0.09442705406263509,-0.0781564315116071,2.559953444611733,0.8130263463333768
-0.009233805680242686,0.005015013349892723,0.008182391673302225,0.0012574510101965519,0.09908160703243012,-0.06179740908459542,2.561250370800114,0.796185674153465
-0.00924967476804278,0.005012391232974128,0.008186233042302121,0.0012313359218673748,0.10382164753554059,-0.04521490548619062,2.5625112377481503,0.779146374521571
-0.009265797965667394,0.005010093906972903,0.00819041864389474,0.0012049390280655051,0.10868190117617442,-0.02829721073160968,2.5639886755352275,0.7619384668719943
-0.009281883043833901,0.005008238699254098,0.008194959923395596,0.001178760731036064,0.11355937943987436,-0.011328875635536384,2.5657105043647412,0.7448843484091934
-0.009297682727838418,0.005006368469724365,0.008199216623065102,0.001152996366044682,0.11836854856887576,0.00533103675978484,2.5672623374998444,0.7281250875658846
-0.009479593517205055,0.0049986685359532206,0.008254074674442781,8.58802109445341E-4,0.17661220436910793,0.20021240535321436,2.5890452395613806,0.538907939378086
-0.009432549047253993,0.005004013416900669,0.008245703123797314,9.364929907991999E-4,0.16144063260949967,0.15047686181906236,2.587252523280316,0.588616287323731
-0.009463858428382937,0.005000354231275302,0.008251297292754612,8.847699100972651E-4,0.1715829111124825,0.18355184526937388,2.5884570162020264,0.5555095892795062
-0.009448183625373209,0.005002200415176142,0.008248584344441347,9.106761755897902E-4,0.16654192469471793,0.16700011226791242,2.5879109279722035,0.572079314363039
-0.009423028739499349,0.004990469920949294,0.008226555683839605,9.473537313252368E-4,0.15735915243014856,0.1372443286584343,2.5753322851505622,0.5951734616853294
-0.009313353108138666,0.0050041782956943065,0.00820289684209369,0.0011272814526805492,0.12315167008972176,0.021781526279890787,2.5684368331485286,0.7114311586721249
-0.009329103041376165,0.005001965738705544,0.008206437077045525,0.0011014109845219682,0.12799601309524702,0.038308638757713516,2.569514672391497,0.6946608694394495
-0.009344865685897276,0.005000028211518807,0.008210162651675677,0.001075605360372359,0.132879579709247,0.054907638396170015,2.5707187784954737,0.6779495209339497
-0.00936050803777899,0.00499812736815904,0.008213742553588683,0.0010499825428559328,0.13774015310129625,0.07138746606486246,2.5718356184427305,0.6613744547626444
-0.009376083690651174,0.004995991707285376,0.00821687775635307,0.0010243605299641806,0.14258140070099248,0.08774362023327324,2.572662240453464,0.644820088731958
-0.009391711565599167,0.004993846824827254,0.00821987863403592,9.986367188766913E-4,0.14746517568759132,0.10415166437346236,2.573399895940249,0.6282185138174339
-0.009407390850460197,0.004992012958547474,0.008223123175215107,9.72923026234834E-4,0.15240472056187085,0.12068554785369508,2.574300707382324,0.6116405337752293
-0.008842104818097418,0.00503901336590065,0.007992576827753393,0.0018643204323869052,-0.002536438789125853,-0.4767704321345687,2.461832244481249,1.2054634997062303
-0.008858215851384391,0.005035777883944505,0.007999535720947483,0.001838789441104726,0.0011953006488584484,-0.46014201173471386,2.4654486311371344,1.1880379665019245
-0.008963006308220505,0.0050300758927299795,0.008058922430766308,0.0016808112627255576,0.02554374461175864,-0.3498001803692996,2.4988930773577955,1.0794714362337825
-0.00897855087946112,0.005026594589889708,0.00806410553920857,0.0016555136697903735,0.02954507865050533,-0.3337454695956564,2.501187726949063,1.0624892403465074
-0.008993964403365928,0.005023083457551119,0.00806903305544525,0.0016303685948360124,0.03355029959744091,-0.31784063702656556,2.5033107257334666,1.0456429212397769
-0.009009360522888615,0.005019610896023121,0.008073853927764217,0.001605247879291673,0.03758366990506438,-0.3019540930356608,2.505358351135781,1.028836435098662
-0.00902483316308292,0.005016271783556641,0.008078732813668367,0.0015800640593701658,0.041662153039070636,-0.28597081076372893,2.5074395912710656,1.0120012096770286
-0.009040457777648682,0.005013144119391333,0.008083801006898901,0.0015547434327320647,0.04580186170951173,-0.269796905975604,2.5096406339184285,0.995081363594342
-0.008946920832644395,0.005033389624345257,0.008053069077275266,0.0017067836839250443,0.021473932515656127,-0.36646004539740223,2.496166395745171,1.0969657621604492
-0.008929055592283006,0.005037417729243213,0.008046792535700049,0.0017358010533341693,0.016968277165364046,-0.3849196826928815,2.4932958069026463,1.1165124969700033
-0.00887470639279244,0.005033366871562185,0.008007543211080976,0.001813192045333959,0.004977527837987262,-0.4430160181651202,2.4697888747831684,1.1705072150946823
-0.008891766410385037,0.005031564822646925,0.008016462676334575,0.0017870840237758812,0.00890381135082722,-0.42520286387701217,2.474726671151523,1.1525897338759903
-0.008909329887835027,0.005032108006064011,0.008028259221311977,0.0017616319854259134,0.012810315994043016,-0.4065418616097391,2.481690031035116,1.1349081683633278
-0.009056294898624214,0.005010256138324324,0.008089120724446635,0.0015292037280406666,0.05001933503535883,-0.2533613208674789,2.5119994227873703,0.9780208159879634
-0.009072411930623836,0.005007683965558703,0.008094811865254724,0.0015033757656403553,0.05433180627959553,-0.2365767429077452,2.514593517620099,0.9607688468332202
-0.009088813730152382,0.0050056549261023485,0.00810113632184189,0.0014773609022059409,0.058736728381881535,-0.21939557970719983,2.517604318227679,0.9433789222930794
-0.009105306935252543,0.005004535056901624,0.008108416762245442,0.0014516256354714233,0.06317686029598735,-0.20195548445770659,2.5212700599203752,0.9261424417556071
-0.009145476936964079,0.005015919280930717,0.008142107560561496,0.0013956334916695754,0.07376926320914755,-0.15684206226554578,2.541199716209579,0.8878058814802198
-0.009160674486430724,0.005012732619580411,0.008145784796600428,0.0013705459143675582,0.07811595332461953,-0.14110530130105747,2.542422755002935,0.8713048256263196
-0.009121242065080762,0.0050048803354961644,0.008116976722581859,0.0014274212496162546,0.06746823070292252,-0.18484424418205148,2.5258644037689972,0.9098650134196505
-0.009135204558789302,0.005005310450374463,0.008124507863866587,0.001406205159643083,0.0712667492320816,-0.16980878679723865,2.5298932008522406,0.8956189775629776
-0.009176120185575197,0.005009711446960096,0.008149638716431507,0.0013451392021976098,0.08259196626336206,-0.1250708850980122,2.5437396803798324,0.8545954030051363
-0.009191664777137913,0.005006827501775344,0.008153559594415839,0.0013196259089877157,0.08707521047585919,-0.10891629348636551,2.5451037133019696,0.8378391170850356
-0.007145449020094347,-0.005664802854295852,0.006676009377572907,-0.004391360315514097,-0.06755628458698336,-2.054243286363352,-1.4659800396874239,2.938137240598102
-0.0071712124554875615,-0.005649975658957469,0.006704429820825266,-0.004355319829716795,-0.07165746392612414,-2.0356497924292136,-1.4914136286286386,2.9169049922369887
-0.007194204173393912,-0.00563578889265073,0.006728748282668519,-0.004321420816759229,-0.07514053546235709,-2.0181127845268,-1.5132568580929042,2.8963050671408896
-0.007218534126787239,-0.005626006635514941,0.0067579364171092395,-0.004293043013113294,-0.07870890027950916,-2.0026585989635666,-1.538505127246588,2.8807464977684716
-0.00722175675686553,-0.005601348011347413,0.006744606004614856,-0.00425462693326687,-0.07894974165310499,-1.9858081565979149,-1.5301833157657434,2.849582705185951
-0.0073653386200077135,-0.00555028701103855,0.0069146069526307636,-0.00408995718625001,-0.09783044395483066,-1.8908471719990643,-1.6755114233410546,2.7552169711916976
-0.007376187089216016,-0.005516970717758855,0.006903249074644956,-0.004034953454789496,-0.09815315508302373,-1.8664105329806555,-1.6682677846332237,2.7128456692617697
-0.0073283977274020175,-0.005553732436707384,0.006864106391095948,-0.004119528282542403,-0.09321315246650519,-1.9109380288546804,-1.6333259778535063,2.769637789376198
-0.007241622502091537,-0.005583284031192566,0.006760498827016765,-0.00421648405595922,-0.08176730228948446,-1.9667104844352556,-1.5451552566833324,2.824151554551321
-0.0072674403042322705,-0.00556174121403498,0.0067820635576592994,-0.004169573802375016,-0.08529084933916185,-1.94295227928462,-1.5649310934504859,2.793309785777467
-0.007294379591882562,-0.005547472928517853,0.00681019265301344,-0.004132276994080919,-0.0884284179062927,-1.9228222831440938,-1.589295516495417,2.7705703797523586
-0.007061495634473523,-0.005693664505848082,0.006567929930831162,-0.004476481913237056,-0.05389822336648078,-2.0982290749265293,-1.3729020624712762,2.9775726506492464
-0.007086242861040886,-0.005670516249365644,0.006590337311283459,-0.004429672315743985,-0.058347062586133015,-2.0759408381459927,-1.3946684215475067,2.9478638434129376
-0.007112565396045334,-0.005649458176509623,0.006615932580708461,-0.004385040670313005,-0.0627033214657833,-2.0543559382737384,-1.4185520947139179,2.920437510021628
-0.007024055648726397,-0.005681637029743203,0.0065033951192672865,-0.0044750385210997395,-0.04869687534179761,-2.098955817103125,-1.3224530645369788,2.9608650817571456
-0.006874100125381481,-0.005790411716017197,0.00633642697372123,-0.004699592574651398,-0.01939281775531979,-2.199330471060879,-1.1686704580083076,3.0822291207150063
-0.006898813724616246,-0.0057648353501808984,0.006360785821068293,-0.00465154553893548,-0.02523474818339132,-2.1784107450896077,-1.1932287898411502,3.0537019827371954
-0.0069271545853973075,-0.005742680860285134,0.006392023564309614,-0.004607232279388668,-0.030982722277723074,-2.1590090474891994,-1.2223582173009289,3.029629023170831
-0.00695216215869586,-0.005729674045516396,0.006422893730265486,-0.004577838560276943,-0.0354258895549525,-2.146070658217758,-1.2493669193812436,3.016283765444476
-0.006969409694380319,-0.005703977356195536,0.006434078340678987,-0.004531817965387916,-0.039397485588921734,-2.125345619475817,-1.2629781004204919,2.98533565240755
-0.006987246889758895,-0.005672044771244732,0.006441997510659605,-0.004476263884044935,-0.043543230632807774,-2.1003097877350254,-1.2748117592645265,2.946794576511723
-0.006781582634647957,-0.005852365896089749,0.0062232238138396475,-0.004823767671582663,3.461904244669045E-4,-2.249441255792035,-1.06564531235452,3.1392984733682385
-0.006803275084016125,-0.005832648203702522,0.006247630778462596,-0.0047869656892094254,-0.004949069642986499,-2.2345664064433173,-1.0893021810959114,3.119999609777181
-0.006794752057488449,-0.005802583009809291,0.006219426554249861,-0.004742449650556689,-0.006441886731658829,-2.2130811777318513,-1.0746480362417583,3.078184821572228
-0.006835745799938333,-0.0057841125652184945,0.006273551191772363,-0.0047019100154915274,-0.014088679135529166,-2.197929953549471,-1.1205695167743819,3.065276409208398
-0.006803122106620817,-0.005784240152769244,0.006223264707497082,-0.004711749475228593,-0.009195654816586714,-2.1997803037978425,-1.0816849269764075,3.0570548434299822
-0.0065254930966659784,-0.006018847375277664,0.005883512332345722,-0.005130893958747238,0.058090765459943385,-2.3474405011751145,-0.7634490664862464,3.2404044373130954
-0.006483968868879408,-0.006013000728379886,0.0058157616025638625,-0.005124366270126333,0.06262811125088898,-2.334486769603284,-0.7172890432490017,3.2081652016964726
-0.00658072888052563,-0.005970913351265541,0.005955133928992793,-0.005049196672026582,0.043793500984147825,-2.3223213847444804,-0.8303506332425977,3.209402105647118
-0.006550568727363492,-0.005990357635254735,0.0059140280238858915,-0.005083332509151151,0.05042419432275203,-2.3314423357476755,-0.7945756328330976,3.2180549777999548
-0.006589471976889305,-0.005935345066685653,0.005955991061029584,-0.00499192229996738,0.03779200442279237,-2.297869372561578,-0.842001706587653,3.168190235897988
-0.006013594704764316,-0.006397546748987352,0.005128787074134964,-0.005680813066119208,0.17995370482887463,-2.3972828509088093,-0.13157779465002584,3.26091486683539
-0.006102629422796501,-0.006293171158380672,0.005265404363580333,-0.005538767694766152,0.15230428198522103,-2.3826501922948093,-0.25659908623811845,3.238848107360939
-0.006030138807232538,-0.0063438467604633566,0.005154817756715307,-0.005601982407691024,0.1673758931896228,-2.375893904195402,-0.1721400152349277,3.222795486433593
-0.0060526169657906725,-0.006296976071229085,0.005188524112695633,-0.005534917390187199,0.15572289131944386,-2.3605840634464585,-0.21253753081126922,3.196382689712445
-0.0061480047574469215,-0.006247124500093034,0.005332781167225532,-0.005475001894366626,0.13932520505351917,-2.3759311921886876,-0.3157933363629561,3.230396459160686
-0.005944447705781876,-0.006399267837430611,0.005022860258621509,-0.005665339893516857,0.1832524727473068,-2.360115294712718,-0.07751506102605095,3.1922041750264545
-0.006259006599823479,-0.006188727017470138,0.005499802469863709,-0.005397607840926682,0.11842208755292327,-2.3856777523098915,-0.44162562420342105,3.2596784875201563
-0.00643327285701952,-0.006004027292085475,0.005733726437881949,-0.0051128132240720004,0.06749522821352676,-2.316280519866028,-0.6638907807821877,3.165747303057934
-0.00628993944987631,-0.006145095204256319,0.00554140766815649,-0.005331484197156059,0.1071818831790947,-2.3684355934068595,-0.4856611582280726,3.2333638594526595
-0.006321331266559014,-0.0061014588083795444,0.00558236243439045,-0.0052648389719473,0.09595525722904462,-2.350171407763916,-0.5289074533900581,3.2058582241251545
-0.0063598957458416375,-0.0060587514135195305,0.005633310103390126,-0.005199151563712974,0.08445715904454325,-2.333698678966028,-0.5778368500380678,3.1830459144237695
-0.006382628191502697,-0.006010965539245221,0.005657108529516369,-0.005125024568047174,0.0742803903853707,-2.3080495330016397,-0.6104216374722741,3.142102422230479
-0.006206181962577915,-0.006187050694295885,0.005416887434578631,-0.0053894714284595585,0.12284172432114056,-2.363404587729488,-0.3916229971940756,3.2139235767214642
-0.00615787724481015,-0.006196669548445342,0.0053433685000257,-0.005398467752710373,0.1285671640708318,-2.3495003571898683,-0.344281318263536,3.1845654915873207
-0.006748623016838979,-0.005848108864723867,0.006169413713558881,-0.004825305660996118,0.004678148377801777,-2.246460191832131,-1.0251890752571062,3.122761544728537
-0.006649860432721311,-0.005906823862941759,0.006039944488564192,-0.0049378526669344,0.025610882283236904,-2.284138262010844,-0.9118506771675766,3.160062572648649
-0.006699046395758485,-0.0058760361124124685,0.0061042905115605344,-0.004880156354784414,0.01492073178731129,-2.2652583901568053,-0.9684831826017842,3.1408062811959323
-0.006668160891409723,-0.005882167306755632,0.006058522542099286,-0.004895851885945429,0.01994639911780509,-2.267790443460809,-0.9324654435298461,3.136213301142143
-0.00670901803778856,-0.005845358321774685,0.006106381412688665,-0.0048301291405779745,0.010282704108139328,-2.2435816031697797,-0.9779744601162857,3.1050191472434743
-0.006607240086433844,-0.005900392928696297,0.0059706890068875,-0.004934719252932494,0.030942716454759333,-2.2751117327586745,-0.8628615307990567,3.13248377753959
-0.008687354642343267,-0.005100633094045097,0.007953047350109994,-0.002130050174288927,-0.0391064001879148,-0.6341697971119148,-2.447386471737764,1.3849638998794722
-0.00865333360676599,-0.005106110748544348,0.007933027886275978,-0.002182124284915503,-0.04563234799509778,-0.6695202313869997,-2.435620299500726,1.4214244259493027
-0.008670830099938914,-0.0050986938984622,0.007938087422617196,-0.0021518265696370306,-0.04179609480973738,-0.6516522142067697,-2.4376994810732913,1.400794309462989
-0.008409416143996373,-0.005142458791665604,0.007766207130871777,-0.0025410945004341306,-0.08341834553372379,-0.9192124625192802,-2.3297549743687345,1.6765842676728815
-0.008439027586757306,-0.00514913029577091,0.007800748258873552,-0.0025087962661591,-0.08114072785336564,-0.8897293305584942,-2.3543683016510895,1.6521164270961959
-0.008424982802184882,-0.005139257667816265,0.007776893096940232,-0.0025180782281456022,-0.08136100281378551,-0.9035275695227799,-2.336736755993831,1.6601952910025453
-0.008471061259742556,-0.0051478085412188426,0.007828058214763919,-0.0024654662146441336,-0.07724498914258197,-0.8571597799549239,-2.372750721973422,1.620604737428577
-0.008454156538989014,-0.005138525466251058,0.007802456878145622,-0.002479433012767602,-0.0780297819277767,-0.8741671262607539,-2.354178108079608,1.6321011064041515
-0.008530225236082722,-0.005124824913620651,0.007853575042795246,-0.002366433227407858,-0.06666531639784042,-0.7966048737311938,-2.38674597974059,1.5517611898326968
-0.008510611216249638,-0.005133855903830637,0.00784696902075323,-0.0024005311349315083,-0.07045369286328056,-0.8166647994673165,-2.383584429408767,1.5752564250932948
-0.008488133715270341,-0.005138520456536705,0.007832638148635376,-0.0024345928594187477,-0.0739657470061953,-0.8396556995653547,-2.374604244484051,1.5993908769432572
-0.008578402884773963,-0.005108946880468754,0.00787594632650286,-0.0022878718087993785,-0.05783392004300061,-0.7473089591886569,-2.3992848149371966,1.4971146606623567
-0.00856269884682412,-0.005113171347765975,0.007867728867058376,-0.002312725409308497,-0.06064765894073829,-0.7633954822403228,-2.394483933045876,1.5144828903586414
-0.008546549471745218,-0.00511813752221309,0.00785982878210386,-0.0023387511095127014,-0.0635614596836112,-0.7799173051930438,-2.3899653845014455,1.5326230501529583
-0.008593542294896199,-0.005103012498942662,0.007881598031459108,-0.0022623401829053413,-0.05480928574162341,-0.7318487621368871,-2.402141732974148,1.4795191330478759
-0.008624517594490946,-0.005102615108855615,0.007906170702042178,-0.0022194329049087104,-0.049931414586914115,-0.6997620195859637,-2.417979129757103,1.448690224552193
-0.00864002446112636,-0.005094336830281386,0.00790898836846471,-0.002191388271859112,-0.04646469905129624,-0.6840344382400468,-2.4185864655097777,1.4297249338998712
-0.008608643322570548,-0.005092967324475831,0.007882381558653263,-0.002233529737505475,-0.05128867982151689,-0.7165883083646584,-2.4012351153660094,1.4601581770579752
-0.007649343692476375,-0.005432504291914934,0.007205799659517041,-0.0037054999206072334,-0.12207592414093003,-1.6578565884231369,-1.9200050527633075,2.5018075961074513
-0.007670862443341058,-0.005422296096542462,0.007224732351117367,-0.0036730094665959967,-0.12296825979207214,-1.638177721625784,-1.9353922021044758,2.4792835335144843
-0.007612512817892308,-0.005459434680136777,0.007181404279894196,-0.003773415197907835,-0.12103211964106016,-1.6955762259999345,-1.900019369023698,2.5500017682318195
-0.007594455507558744,-0.005465939433502494,0.0071629040998490755,-0.0037975213350852463,-0.11977148167438752,-1.7109221208032983,-1.8847226757274094,2.5663688646155354
-0.007508591445733213,-0.005522188979922624,0.0070947959167664025,-0.003945121051137147,-0.1143688043178228,-1.794405915431181,-1.8272705971874659,2.669603991357326
-0.00753057174154973,-0.005505428820671732,0.0071106682961666196,-0.0039042525086303704,-0.11586416745274032,-1.7720125168554746,-1.840922755956114,2.64076577052151
-0.007573327906741436,-0.00547777290223751,0.007144855784872361,-0.003831280743995667,-0.11849783547902612,-1.730660513851776,-1.8697140263492018,2.589804927789172
-0.007549548389647983,-0.005485296093924886,0.007118962424200216,-0.0038610816490061996,-0.1165803019689855,-1.7498385351002674,-1.8482054218977717,2.609531239400164
-0.007617133926811673,-0.005441285923054882,0.007170922235698811,-0.0037450414376343703,-0.11997395659075473,-1.6841802918745568,-1.8914610751763925,2.5284099312151906
-0.007628018048123237,-0.00542405812781775,0.007169643137358393,-0.003712742749827979,-0.11949807335025564,-1.6690588579015964,-1.8904430597459247,2.504763323843555
-0.00748394941844087,-0.005514546109459935,0.007053437431670436,-0.003953457517789464,-0.11102380950314539,-1.8055790717756206,-1.7929825120003573,2.6714374709214077
-0.0074614397817727735,-0.005511023249005194,0.007018761899140658,-0.003965514322795998,-0.1082109290282944,-1.8170033843427134,-1.7643056686088265,2.676518216652567
-0.007411282714722691,-0.005511737963350568,0.006948675331880509,-0.004003066316648839,-0.10216670664847362,-1.845245110576711,-1.7061160897738985,2.6954641840973075
-0.007439901121401988,-0.005496608855569714,0.006976360455453114,-0.003961196986103275,-0.10493467313966733,-1.8215164979906469,-1.7296833279057389,2.668183035759119
-0.00812771818735585,-0.005282725851259265,0.0076368844329933305,-0.0030301272247547084,-0.12126704723926209,-1.2092999872264956,-2.252242937344967,2.0212515875739427
-0.008183124675907996,-0.005243528031743876,0.007653873221309335,-0.002922238785611254,-0.11385942688174289,-1.1502987787805534,-2.260832866027616,1.9451942205733912
-0.008168979133823343,-0.005249148898833347,0.007644962823241876,-0.0029450552427974877,-0.11520388137250169,-1.1646543537955785,-2.2548377296399695,1.9615067614584591
-0.008153800184329693,-0.005256305038456595,0.007636477280219016,-0.0029706941543274864,-0.11672387717641587,-1.1802075435748327,-2.2492819396194146,1.9797604553800567
-0.008139967921113728,-0.005267181469450897,0.007633339172519034,-0.002998753159811082,-0.11868504200593984,-1.1950870912948448,-2.2480494164593954,1.9994801130087836
-0.008302262617786958,-0.005198029731933959,0.007725773168834416,-0.0027300481851876973,-0.1005941696257795,-1.0291813519848632,-2.307962786825486,1.8083313606116833
-0.008282511167300584,-0.005208240705018972,0.007717447834495809,-0.002764809375520902,-0.10346374501136946,-1.0495530593363744,-2.303193535693119,1.832723562690253
-0.008260904380696701,-0.005213785243375214,0.007701813888404018,-0.0027971087718034336,-0.10561459034392472,-1.0712764816947882,-2.29257058185666,1.8559060424947946
-0.008244172127155117,-0.0052198226418532665,0.007691434207644975,-0.0028237808143198972,-0.10751240515896508,-1.0882774397210133,-2.285740237716336,1.87494511100785
-0.008227904053058776,-0.005224869537516149,0.007680266244606929,-0.0028487947702794773,-0.1091250552540179,-1.104676662949274,-2.2781852980810524,1.892875231747551
-0.00821228362415616,-0.005231061197410368,0.007670862354803278,-0.0028741337952890157,-0.11078633777347065,-1.120553714648473,-2.271992627782478,1.9109231473826684
-0.008198083052267654,-0.0052380728866514865,0.007663688192880336,-0.0028985713096556617,-0.11244244776204824,-1.1351610349525112,-2.2674802288803164,1.9282387077179857
-0.008109855733273207,-0.005275172263060194,0.0076090232056007364,-0.003042640814685995,-0.12053166074566789,-1.2249189863687653,-2.230625647832058,2.031247069669496
-0.008092770687819065,-0.005268753157930397,0.0075832393689213295,-0.0030552125789956902,-0.11996641081767827,-1.2396861284829506,-2.2106135498483503,2.0410560022621564
-0.008075488640442552,-0.0052611505296866826,0.0075559693051226355,-0.003066420636055663,-0.11916713489752175,-1.2540564825138223,-2.1893590208019638,2.049770529506325
-0.008007720154342788,-0.005262466585617961,0.007481103739087767,-0.0031428747162870955,-0.11971495698359681,-1.3148524111547497,-2.1323960562490787,2.105130750216238
-0.008032508455207818,-0.0052543395291664505,0.007500748001104736,-0.003106638044698459,-0.11871244817826927,-1.2912259501804855,-2.14684774639254,2.0794229833720785
-0.008055694143506454,-0.0052551926177811376,0.007527632158310152,-0.0030819741274140523,-0.11861225461361917,-1.2707496996568375,-2.167385116933645,2.0614878694927725
-0.00772182650631128,-0.005412978040631789,0.0072826233325146315,-0.0036145799774519385,-0.12614145331428564,-1.596756781842057,-1.9824592672581758,2.439686594764567
-0.007736473758211038,-0.005397747196133852,0.0072869173398925876,-0.003581252584372235,-0.12571678735757244,-1.5797026778072107,-1.9855795951571122,2.4156391132339974
-0.007819247821762972,-0.0053528354087448255,0.007347905091077877,-0.003445223102607188,-0.12584636792914639,-1.4988790767779971,-2.0331002147001587,2.319368126292089
-0.007798985104954724,-0.005362662203213688,0.007332275130639307,-0.0034772327993786265,-0.12589699457473458,-1.5183509975035168,-2.0210021227822454,2.34199637343642
-0.007786841021245947,-0.005373976259987786,0.00732808453603148,-0.003503197100826394,-0.12639708866555094,-1.5319258994624159,-2.018037842760207,2.3605968832132014
-0.00777064953607111,-0.00537735651563319,0.007310884259009402,-0.00352297090768364,-0.12589646358004883,-1.545799195534307,-2.004334139355583,2.374356401639695
-0.0077529989573060926,-0.005385859105839553,0.0072966497583019626,-0.0035505120108505635,-0.12560468054620585,-1.562561514844111,-1.9931267860193846,2.393752747051289
-0.007817335482371018,-0.005328419772307955,0.0073215870929811,-0.003416875467534632,-0.12289328493462835,-1.4922075215626218,-2.0111981160023276,2.298665823167008
-0.007903702306241172,-0.00532007492220884,0.007418348570516628,-0.0033202461557450386,-0.12538549111482497,-1.419357357558494,-2.0872937348199314,2.2309709384059446
-0.007912787371941914,-0.005302204826264216,0.0074111495507132655,-0.0032895247174108905,-0.12344326445404392,-1.4065332542954063,-2.080699973176462,2.2091396129324603
-0.007836130396581159,-0.005316704911848242,0.00733318613804611,-0.003384157573443095,-0.12248214005795453,-1.4734611053025113,-2.0199443232815537,2.275586984097883
-0.007858875492274996,-0.005329777067507979,0.007373845353467571,-0.0033775560880111716,-0.12489390496542226,-1.4593610108928272,-2.052709570970275,2.271419300041238
-0.007880781848322044,-0.005320372394351374,0.007391046252316386,-0.003344040549234401,-0.12476257371408787,-1.4385276282090909,-2.0658346563821692,2.247784339440253
-0.007981319428829662,-0.005247742461402222,0.00743594544757156,-0.0031543778442093347,-0.11765958608278647,-1.3340503204541758,-2.09670137592887,2.113922773634822
-0.007959220985937621,-0.0052648790581200965,0.00742790539416461,-0.0031973949788678324,-0.11959974264538022,-1.357238762011585,-2.0915049611955285,2.144150530525794
-0.00793355320929303,-0.005271894378262986,0.007405135100381966,-0.003232327514040821,-0.12013583702930707,-1.3806794944328293,-2.0742420166855204,2.168808812109806
-0.007910711355193464,-0.005279608827363869,0.007386034545893647,-0.003264890369947778,-0.1205476962190969,-1.4018018367791372,-2.059785766149169,2.191760146126723
-0.007698071888260047,-0.005406382550032459,0.007245383418658352,-0.0036277292411924064,-0.12372091291306332,-1.6118664062931596,-1.9520172748074365,2.4475274456686074
-0.008306520692874334,-0.005179884773588992,0.007709889557948225,-0.0027068701231494413,-0.09771106257471289,-1.023379481770239,-2.294551078829834,1.793417591873601
-0.008320115768874797,-0.005172413132418537,0.00771492709374698,-0.0026826394872908788,-0.095634305128443,-1.0094342762190782,-2.2972908091093074,1.776519932360097
-0.008342276647072325,-0.0051663392005819805,0.00772962151892879,-0.002648996146511773,-0.09298177074152167,-0.9872252106047832,-2.3070135154340368,1.7526128022814151
-0.00836011668371815,-0.005147968281198582,0.007726314567310959,-0.0026090210742412616,-0.08886961521719644,-0.9683613006470345,-2.302606745580072,1.725585638223538
-0.00837936223890787,-0.005134884592941091,0.007729956705469151,-0.0025724222720195622,-0.08535139263992365,-0.9485989259657641,-2.303660076827257,1.7004519562150209
-0.008397423247086385,-0.005131063439558474,0.007742492257096121,-0.002545946322194546,-0.0830218432483387,-0.9305984413959398,-2.311934959844689,1.6816223586377474
-0.008743309522271047,-0.005101409912184262,0.00799590091939339,-0.0020508217180447634,-0.028859147290207023,-0.5749637580488592,-2.4739898951446935,1.3285245546640374
-0.008728302626081737,-0.005104614673148989,0.007988564011808726,-0.002074757027680271,-0.03207086891610178,-0.5905967668738775,-2.4700231003285738,1.3450446379956171
-0.008748253612737046,-0.005087763353045853,0.007983588842645257,-0.0020337323671480575,-0.026366186343599152,-0.5709776886215621,-2.4642510067983636,1.3183059184552557
-0.008760551303759679,-0.005081741919065503,0.007985496604543603,-0.002011709637862408,-0.02333780089948664,-0.5585362776686303,-2.4644485183252556,1.3035590141529665
-0.008774639245946923,-0.0050755899862262085,0.007988435883561839,-0.0019870363076361012,-0.019907260291665146,-0.5442342947476922,-2.4652442452824044,1.28697625049384
-0.008789779454295136,-0.0050701219693547045,0.007992788706372546,-0.001961339042968409,-0.016314997171962557,-0.5287727128922938,-2.4669937747907116,1.2696052881635354
-0.00880552054205438,-0.00506549359628437,0.007998394507201178,-0.0019353501627531182,-0.012648906822528479,-0.5126048166902666,-2.46961636188759,1.2519497128430643
-0.008821645375208546,-0.0050614270145914525,0.008004765581439753,-0.0019091649948900383,-0.008910040443596424,-0.49597879340016515,-2.472765869358341,1.2341167250971277
-0.008838250280759062,-0.005057317049484419,0.008011252118108693,-0.0018822154289508703,-0.005017888325500563,-0.4788516160347605,-2.475949977141728,1.2157863190690312
-0.008872826602805601,-0.00505517042452037,0.008031711100926358,-0.0018301685725704013,0.0026940068864285097,-0.4424099434720695,-2.4876297783092665,1.1797895923567452
-0.008856591306290518,-0.005052356677180915,0.008017731975170451,-0.0018521236534677114,-6.416464952833243E-4,-0.4599891599678067,-2.478960347436042,1.1954046766239725
-0.00871811394432969,-0.005093664758495826,0.007968210583090695,-0.0020811600211251948,-0.03272972508960377,-0.6023070191374242,-2.4557321790930304,1.351131195179191
-0.008701703951737472,-0.005092613782915305,0.007954661228893932,-0.002103662302665628,-0.035638900381551486,-0.6196686800977886,-2.4471580777232664,1.3672810315072312
-0.005105968837343185,0.007171873937381491,0.003618559727105391,0.006347351182204858,0.30103000625081366,-2.024032501634312,-0.7894723824148976,2.7088395784359407
-0.00522931525700129,0.006992253070000617,0.003861493178379625,0.006194276911875758,0.2830973529602429,-2.093546411672088,-0.6397864497061763,2.793543009500467
-0.005136159923070066,0.007113072370827908,0.0036865420537991913,0.006293068910281048,0.2942362959383435,-2.0419496142979985,-0.7423984993847745,2.7280081515813497
-0.005180118745789203,0.0070551043875859325,0.003770022565371752,0.0062462888593211655,0.28911923376779725,-2.0671389192102905,-0.693942263995554,2.759906191508421
-0.005279676800254884,0.006877330231189341,0.0039743841345380474,0.0060731313596396825,0.26555768333444035,-2.1107877025272006,-0.5457705594738059,2.8053679673207443
-0.005241968023052966,0.006922871612950449,0.003907584314993259,0.006112433320381914,0.2709257038700283,-2.093519936115266,-0.5859365277981553,2.783070329586019
-0.005189529473904129,0.0069322608020655025,0.003837168034912228,0.0060970829098526734,0.26705556452455187,-2.0621394947072393,-0.6012034684577102,2.7323078113821397
-0.005041460083530865,0.007197399823604675,0.003526654900627772,0.006339051389639832,0.29585947089765247,-1.9831522749886472,-0.8104318173175374,2.6456257417567275
-0.004975465820413921,0.007224081742224897,0.0034339518784831237,0.00633045167998559,0.29043898274919616,-1.9420459046727274,-0.8299158646765924,2.5824971476597263
-0.004675754253219472,0.007416113193143099,0.0029893484656339543,0.006357842159643841,0.26876655353754875,-1.7558609850839957,-0.9415631610700747,2.312592725113655
-0.0049123705803007164,0.007257928213051831,0.0033420234919497266,0.006331125130027669,0.28635030288560115,-1.9030145214892915,-0.8527488477317328,2.5242927345418935
-0.004854690755509537,0.0073146790453203405,0.0032440220305413776,0.006359672173833808,0.28461988976329755,-1.8657962670413757,-0.8902045899833556,2.4736324980097266
-0.0047617175091086905,0.007338280897038419,0.003127962873839606,0.006328396308979022,0.273766185306847,-1.8114484888836917,-0.8983218813247885,2.3885697870074956
-0.0073296124590528375,0.005532409935819343,0.006849146292355388,0.00408809284421047,-0.09257669890361396,-1.898001362006499,1.622519109680798,2.744238604762535
-0.007336201769740793,0.0054990532237221244,0.006832539304592307,0.004036408026130052,-0.09250416955746567,-1.8757701022310231,1.611409946406561,2.7038150859634302
-0.008019197260494841,0.005241698867823677,0.007472716513895891,0.0031069320238007116,-0.11706328235843501,-1.2999323255245183,2.124571771363492,2.080132920066077
-0.007997814293693072,0.005247678956999856,0.007454662970846807,0.0031367237192133344,-0.1178288451174898,-1.3198837868207975,2.1111238265987047,2.1012890426122848
-0.007969354813641564,0.005274277525246966,0.00744918190741618,0.0031975642852767054,-0.12096870116481451,-1.351033728572842,2.108575883220364,2.1440664629642145
-0.007978225984325238,0.0052537568481336476,0.007438508441350624,0.0031645317912100375,-0.11845820613144711,-1.3381416587630837,2.0991023423933677,2.1209355275018886
-0.007907519313047128,0.00530756557849823,0.0074102787833834815,0.0033013438473221907,-0.12395365014027207,-1.4125071747291342,2.080261955251523,2.217526362820307
-0.007925240158834992,0.005288483041698394,0.007412063945464751,0.0032604111943524915,-0.1220172249971634,-1.3922109361508037,2.080622398272848,2.1885463158402447
-0.00794618773851693,0.00527758200443151,0.007425623876498298,0.0032258143486696565,-0.12112936719743687,-1.371602399592068,2.090549845707202,2.1641291450473044
-0.007857251766956976,0.0052977949434668565,0.007340268057444807,0.003340393326404171,-0.12118604455685351,-1.4505258608918874,2.024793663268412,2.244591058499766
-0.007882289026731134,0.005298217809503555,0.0073707616880875826,0.003315873714383293,-0.12200946674700432,-1.4305275564554067,2.048744529107371,2.227613440177717
-0.007831586381209362,0.005302424552736124,0.00731373020550901,0.003371211092685565,-0.12066477570723992,-1.4722592518106907,2.004059075199318,2.2659259464559516
-0.0078054070525347225,0.005308199253239924,0.0072873641420047,0.003403536621718144,-0.12023192608733836,-1.4944350096190167,1.983397715092513,2.288181451284501
-0.007780497722830001,0.0053166906524959165,0.0072648244503433585,0.003437646029682557,-0.11994443333521533,-1.5162803048530173,1.9657755198191078,2.3116756297455243
-0.007723391490224912,0.005344123039474699,0.0072192834177605926,0.0035248077685374906,-0.1195295576841503,-1.5686357950254852,1.9300201316035561,2.372013261194838
-0.007755899698531823,0.005323889705032516,0.007241102935379828,0.0034695601196843852,-0.11938632044498294,-1.5372420910884432,1.947061402044069,2.3335588677341508
-0.007734229833848345,0.005327622837638156,0.007217513211460555,0.003494154930316492,-0.11861638451932573,-1.5544599738798703,1.9283536766362608,2.3500895060583047
-0.00770202096687072,0.005349518334836302,0.007197190787615572,0.0035509139012454903,-0.11872150446612072,-1.5861011940999024,1.9123628051624137,2.3896518110937692
-0.007678714362321398,0.005359884579683768,0.007176963150321964,0.003584862277129183,-0.11789786675597626,-1.60666832945142,1.8962019479895742,2.4128392058142616
-0.007656705138398431,0.005371045107103654,0.007158808892290077,0.0036184733505352173,-0.11740008951889246,-1.6265392821798645,1.881599719511911,2.435916510028582
-0.007636375430087693,0.005386457307150934,0.007146376268583642,0.0036560360939818944,-0.11692083866819335,-1.646930689884009,1.8715204771510752,2.4620920154175896
-0.007612361509236472,0.005377825380263881,0.007107234404176478,0.0036650707153308157,-0.11441601214267302,-1.6591171639723814,1.839868070159384,2.4658701111564696
-0.00734423783720492,0.0054692013254184196,0.006820704949154743,0.003989298888277424,-0.09216183625276379,-1.8553046549738106,1.603896481875576,2.667931466738121
-0.0075865620262332446,0.00538815475465315,0.007082530707449829,0.003699992706124738,-0.11282350679730314,-1.6804325929748194,1.819726390853482,2.489114857878953
-0.007428546560271677,0.005457765518397472,0.0069284924418642965,0.003915434155303877,-0.10162634853286383,-1.8070825954648082,1.6922674817553263,2.628949836879306
-0.007453319850240639,0.005440035265712737,0.006947939663343366,0.0038731277421919824,-0.10355510772414699,-1.7844560763894963,1.7089730296846761,2.600623300309863
-0.007371705825763667,0.005453451788399451,0.006846578167252602,0.003949064431190432,-0.09530030630483112,-1.8336679920834154,1.62588457406891,2.64265597469656
-0.0074022202347537,0.005444778742600045,0.00688175700349101,0.0039161784009945026,-0.09802799432822175,-1.8138588924448222,1.6549867298448606,2.623592057997032
-0.007551820353989391,0.005405693919377082,0.007051827040636448,0.003751345519373599,-0.11103122230342966,-1.710306369963296,1.794515122526811,2.5234486230910673
-0.007479910922528386,0.005421859843253971,0.006969010412441909,0.003828716627672589,-0.10515200932336322,-1.760394709255931,1.7268939883703973,2.57083067466152
-0.007512542765813275,0.005404893501926064,0.006998668878848708,0.003781071634705041,-0.10751295705839982,-1.7333701543374167,1.7515577365115707,2.539736881485995
-0.007199582086504029,0.005629455283632902,0.006732188427405423,0.00430895374206162,-0.07579929814894844,-2.01207836906358,1.5167488193187053,2.8876899525198074
-0.007207019694885117,0.005596075088936246,0.006719060567770945,0.004255291300901892,-0.0769526580596748,-1.9880704112113858,1.5097095818875237,2.845186368515502
-0.007297188164909846,0.005542819387104002,0.006810683948185421,0.00412380576394339,-0.08864495057178588,-1.9188713329117064,1.5900111626059286,2.764477775931109
-0.007233579764742508,0.005580627412181373,0.006746777798150243,0.004217322849411378,-0.08048504412239754,-1.9682929385571308,1.534023500318828,2.8222909490458976
-0.007264062533932959,0.005557232689723142,0.006773786520356377,0.0041650887806856775,-0.0845023590391078,-1.9417235504053718,1.5584067982079162,2.7886968758744426
-0.007164637224309038,0.005627950777516145,0.00667898704962118,0.0043258787335066625,-0.07073184448300297,-2.0236360792437647,1.4730013188899156,2.8897569581910614
-0.007131661620277559,0.005633466930599885,0.006633643405430433,0.0043514143821967504,-0.06600064555580915,-2.0379740845660455,1.4352380097527926,2.8992477976359647
-0.007104322098711244,0.005608010689124908,0.0065759542715599015,0.004327463052073975,-0.062290734303187704,-2.0297337078423645,1.3916862823154081,2.869324966319152
-0.0070756404523579265,0.005618444905765948,0.006540408007850543,0.004356841909643542,-0.05808388954721999,-2.0444344152107194,1.3617468748001198,2.882986225741124
-0.007038505448095747,0.005623514418612933,0.006488689609672637,0.0043816085267332295,-0.05240525039485772,-2.057047470574299,1.31962907447209,2.8892382723940426
-0.006981071096063052,0.005672422934556378,0.006432919718492376,0.004479393405046019,-0.042571320235750144,-2.101688787510264,1.2675701661901602,2.9465864468323946
-0.007001978951041122,0.0056387564768948465,0.006443938106312774,0.004420297905074675,-0.04701437972574667,-2.075097485583729,1.2817100540571167,2.906556324638031
-0.0069308762475990306,0.005677963049052436,0.006360805439635493,0.004507578367279178,-0.03500688266642343,-2.1140130821384955,1.209609479826382,2.9485832820625655
-0.00689245686684807,0.005715158377933387,0.006323640259280396,0.004577712219846715,-0.027001821886538442,-2.144418488853947,1.1736965513308102,2.989107621981144
-0.006833412832300626,0.005750007828015213,0.00625236629900465,0.004650234743340737,-0.016002093054031132,-2.1740838406877483,1.1113678787552905,3.0211815637095154
-0.0068548235602959905,0.0057232740962338755,0.0062709783621343,0.004602773724998516,-0.0215874984424177,-2.153874318510116,1.1312160164549823,2.992314447604098
-0.0067999935272721355,0.005742633710768489,0.006197817859115078,0.004649096781167278,-0.011974981522532428,-2.170890507455045,1.0711576744489963,3.0040517566401346
-0.005606834034583522,0.006694476092704408,0.004478979768658659,0.0059797377575879955,0.2487565639378497,-2.2790538907354807,-0.3093007320855525,3.066309851075849
-0.005624611482867241,0.006632065870336715,0.004519755938419086,0.005898474826873486,0.2357325821482397,-2.269782771705922,-0.2578164302386355,3.0445402526966565
-0.005643611534015638,0.006579566667503402,0.0045580665489534725,0.005831413331963026,0.22397692677972109,-2.262879292098684,-0.2143229607213039,3.028649258531401
-0.005543779784430009,0.006716318590393903,0.004384082867333417,0.005982682131382296,0.2512804091836082,-2.2445546939236825,-0.3512331715921812,3.009696523461183
-0.005474895754544778,0.006757514027778149,0.004276544096714873,0.006008282713286051,0.2559056329893341,-2.2111785848729117,-0.40617011771424233,2.957943990868795
-0.005392707068259002,0.006783895982750492,0.004156833746641102,0.006005544542862991,0.2563843523406337,-2.164865535144537,-0.4509485868473507,2.883432603458281
-0.005330326894960367,0.00683096178493468,0.004057806194966348,0.006037874898127525,0.2609253237152495,-2.1348793253869256,-0.5010747814589719,2.839327046293701
-0.00525430470890249,0.006802379353338305,0.003969753400626747,0.0059644636673941995,0.2489786395016044,-2.0833961916890904,-0.49819953597210054,2.750285233076669
-0.006766645606047236,0.005759854827663831,0.006155601428612242,0.004684585017194502,-0.005685177497209475,-2.1839291560687353,1.035294371969764,3.016516023008997
-0.005910607974735518,0.006389996111076474,0.0049723760587224225,0.005642283484583331,0.18212522735473677,-2.3368708327761447,0.057938490499498514,3.1502258958090557
-0.005962273899477596,0.0063815026521679575,0.0050505766870131835,0.005643065050568372,0.17813731670466088,-2.3604658098990137,0.1002590692274019,3.1930055086035716
-0.0060074245449443,0.006357418983690799,0.0051199161921979056,0.005617522615079134,0.17141027644911064,-2.3715524987170506,0.14739841942391088,3.2140050631173405
-0.006115850261601043,0.00629759178090817,0.005286185386353251,0.005548091803219378,0.1523672779748733,-2.3917816892413923,0.2661866708109802,3.255913650401465
-0.00607521757241024,0.006299589137796404,0.005223281856580063,0.005543401502665937,0.15533666124535375,-2.373110001129491,0.23018960845411282,3.2198284011922325
-0.006026433519793116,0.006312798193372265,0.005148874356423126,0.0055536516449606966,0.16066268442877837,-2.3565227003916713,0.1841770803241088,3.187772761960969
-0.006210362339452108,0.006206966640267339,0.0054258589686271745,0.00542095304222091,0.1263630971153095,-2.37773438485187,0.38844692563779887,3.239740825072927
-0.006139825452447977,0.006260719778479341,0.0053211782756277795,0.005494828758174021,0.14276002287688594,-2.3805237085696063,0.3031286925560242,3.237692628742431
-0.006172399970515104,0.006228117741795803,0.005368997218097977,0.005449028253957399,0.1335449156796833,-2.374902552720812,0.345415781897535,3.2307098474300555
-0.006252493851638535,0.0061463057056456915,0.005483072142550485,0.005330581215703115,0.11096241405004285,-2.355369940056153,0.4487236492054018,3.205265504396371
-0.006209194813939606,0.006157830440132365,0.005417715272631594,0.005344526161266101,0.11702674403951084,-2.3461020209160357,0.40421828856103764,3.1837380370605692
-0.005627321477540583,0.00651603847547161,0.004547284237498715,0.005735979362071584,0.21099968410751574,-2.2299141960140427,-0.18282537274439653,2.968172174395064
-0.005686355703555189,0.006494023919066515,0.004634189597589738,0.005725372585716279,0.20668880193361652,-2.2561374504188527,-0.13911249411667487,3.0113512949584313
-0.0057239212237307595,0.006452180020868717,0.0046937613469560276,0.0056781071267311455,0.1980022365547979,-2.2609072159086043,-0.09435662202309224,3.0176120606245225
-0.0057901820565187485,0.006436870351452469,0.004790967143873482,0.005676758846599033,0.19416929205155745,-2.2917470153823563,-0.04699406358935669,3.0703948868996593
-0.005851847332880829,0.006396175225492239,0.004884827203015353,0.005635355658463196,0.1853896837237325,-2.3074645499180524,0.0146604443269944,3.0972199625310943
-0.005883218972590534,0.006352818497616173,0.004933684844908695,0.005579993589423249,0.17523384979330145,-2.303475440907362,0.058440763533390436,3.089876639882181
-0.006564259095852213,0.005932210103198176,0.005915357868833789,0.004990194846251811,0.04070347577935385,-2.292027306491209,0.8133835681806968,3.151540587943185
-0.006571381619900677,0.005895094627963712,0.005913103624893324,0.004931657333263335,0.03517352523872077,-2.2670514967747413,0.822715075493667,3.1092420254227235
-0.006526973619966872,0.005992255283930864,0.00587721010913584,0.005088494465896722,0.05404599120989238,-2.3284834728766977,0.7675251085603599,3.2070948461926756
-0.006534992777649612,0.005950938034756589,0.005876115313496044,0.005022754457453884,0.04708051839029736,-2.3005502539999014,0.7798906708294361,3.159617156299509
-0.0067256880790915645,0.005780265203515357,0.00610285183833787,0.00472615614879533,0.0017727824637109896,-2.1982485163224275,0.9910540630941433,3.029401288953403
-0.006681568714270993,0.005809507658736156,0.0060485109962707595,0.004780834385353449,0.010678946318494522,-2.217285330215187,0.9437477942941835,3.0502711454999023
-0.006631772524568387,0.005825889696628616,0.005979349750023893,0.00481576996578769,0.01889444927796555,-2.225495792543598,0.8893625083676991,3.0513144792096756
-0.006592144655105593,0.0058523894312036764,0.005929216250843279,0.004863011832563901,0.027216364423609033,-2.239999827571891,0.8463327303154874,3.066771644504289
-0.006545923786176862,0.005867873788783276,0.0058643908125368014,0.004893363494114217,0.03482722507901959,-2.244809724818934,0.7962956309730705,3.064409133232608
-0.006483112206786029,0.005999436987505939,0.0058102960548545085,0.005103055697577193,0.060619320853033475,-2.3246116419630547,0.7180819435205565,3.190424736988597
-0.006439966443341123,0.0060106584316981,0.005745963733253121,0.005122851569365007,0.06763758246425823,-2.3225034298536094,0.6699781952693825,3.1779100459185763
-0.006397541535199187,0.006027916180327188,0.005684434611836824,0.005150976503394064,0.07539895450382193,-2.3235015341657164,0.6226281456340418,3.1717098313177186
-0.006355196566476722,0.006043631084316726,0.005622547870684543,0.0051756352908444445,0.08257381667388598,-2.322163975286115,0.5762710866376494,3.1621121209841525
-0.006262731099972718,0.006101200079601211,0.005491450413783151,0.005261550292680971,0.10195204415031289,-2.3300260973080262,0.47168073131188976,3.162095312559146
-0.0063124367995342325,0.006020652141239176,0.005551899311269784,0.005140050722071034,0.08349125723273677,-2.294437249178571,0.5390487099919269,3.1071786328915496
-0.006281392748986237,0.006059456206893028,0.0055124505638434,0.005198468118189594,0.09304329741371843,-2.309547259059793,0.5004276550180861,3.128889026831599
-0.00455539926186067,0.007381479914634797,0.002887200591318175,0.00624964597228496,0.24728899989317946,-1.699666105874244,-0.9024980388381038,2.2153409863363236
-0.00447317384104447,0.007458802032175825,0.0027591363641942777,0.006277387932725427,0.24199370010548507,-1.6485955727953436,-0.938028489459401,2.1465967901466705
-0.002354057139799285,0.010872870519723112,-4.7367971696005146E-4,0.00606373501317288,-0.10167840921465073,0.33533256592104427,-0.8796803058400148,-0.24185289514696726
-0.003009140861450097,0.010290119269928486,-2.2146752670834923E-4,0.006512035575076709,-0.056425388913254555,0.07270790358664152,-1.2369708342997618,0.09818199821055072
-0.0031784412576722812,0.010144066872197127,-1.201173182870345E-4,0.006631978720900311,-0.03762644196229532,-0.009711810147759743,-1.3297102509361087,0.20952219058147112
-0.0032380386406164726,0.009950058369126097,3.8514515447482274E-5,0.006675229671791576,-0.016539955961181716,-0.12987699388764498,-1.3556605328495774,0.34346029329499256
-0.0027404441580149153,0.010300584321499722,-2.0312535575000947E-4,0.006353715346961142,-0.06410051726878267,0.06283553436291582,-1.0964561281785612,0.07088904246726029
-0.002868274319020885,0.010161622613851075,-1.1723064511668453E-4,0.0064365656606846285,-0.04981309096512182,-0.009603810192300123,-1.1632710371547055,0.16250953213804784
-0.0025391325172504395,0.01054854363861029,-3.3246501560901424E-4,0.006216083636912229,-0.08322262563059481,0.18636680999424507,-0.9899230648250633,-0.07619445363209972
-0.003675978125821657,0.0093538287053556,6.357179175834035E-4,0.0069158850406855635,0.07678574900713625,-0.5401894897798535,-1.5174489890343539,0.8546566297435297
-0.003590989930568383,0.009574217344529344,4.0676418007369456E-4,0.006897829765337678,0.0460995670058044,-0.387056074576027,-1.515235255753996,0.6783433392763191
-0.0036584257425888987,0.00948522462700751,5.047130194886691E-4,0.006933376606142759,0.06346867032280873,-0.45256770514584643,-1.5374307208529914,0.7606311140204669
-0.0033426097179335397,0.009775718237500945,1.919591099785724E-4,0.006739338644472146,0.006421774393018393,-0.24211846276550042,-1.4000109000965233,0.47812667584862817
-0.0034623797632214433,0.009625018010740309,3.390907191327731E-4,0.006808887104685592,0.029428956321698983,-0.34593090136374244,-1.4483319155415535,0.6076775501798634
-0.003785786393300433,0.008853854674701383,0.0011446073766581842,0.0068192709251354375,0.13372673320752926,-0.8623483014204362,-1.420739926730555,1.2112974894728252
-0.003722920234023194,0.008984944386942416,9.97735007208447E-4,0.00682853891789112,0.11543550306430593,-0.7742762794124327,-1.4348033518437566,1.1066025984700214
-0.0036486600960150373,0.009110577526472543,8.547865370207983E-4,0.0068202605405537345,0.09621414345491931,-0.687282585637604,-1.434948748413387,0.9998861478528859
-0.003580086961159077,0.009240281304209027,7.147045576347907E-4,0.006811008379543619,0.07657376144926124,-0.5984934622359391,-1.4339355645238585,0.8932159915356338
-0.0038600945529495088,0.008417766667518051,0.001563127333849919,0.0066390427279739124,0.16527801814692922,-1.1023883467271187,-1.273641996126955,1.4709629274542062
-0.0036977244591463367,0.008754604033176072,0.0011907730743671479,0.006707907298444412,0.12724401234585173,-0.894668694048932,-1.3400108304105702,1.2245439399726168
-0.0036880998850810833,0.00863013226146238,0.0012908045953396337,0.006638897227356983,0.1316477675627784,-0.9545883370658185,-1.2878783055184506,1.283202196808874
-0.003723266041944803,0.008491855062051402,0.0014225321047671633,0.006588162736246086,0.14311120357853413,-1.0288059240705338,-1.2476768011661596,1.3665132318940199
-0.004039789785544512,0.008040205128545749,0.00198354702132271,0.006504147989722729,0.19825728926072783,-1.3132588727654173,-1.1586732676808262,1.721925846952528
-0.003988609776920153,0.008148873097810417,0.0018631194087809402,0.0065493567270645285,0.1896644587608837,-1.2559555268471352,-1.1958276555375036,1.6535339156764413
-0.0038808884778616,0.008243975354079988,0.0017151931088141125,0.006542335245834038,0.17252229483303827,-1.1823556310902672,-1.2022665790722076,1.5552834110747347
-0.00398664507939102,0.007928551606261205,0.0020244124032550628,0.00638554045123355,0.1891592417865782,-1.3309470952461118,-1.0844446285132798,1.7241680153112042
-0.004104291662563659,0.007846994752418252,0.002173972125715983,0.006395538083035873,0.20512339398137855,-1.3999053486298363,-1.0769178023321635,1.8192670208845427
-0.0042188499686754005,0.007773941444790958,0.0023198538557051233,0.006407628592638214,0.22050413583760745,-1.4668813911270782,-1.0684883779052239,1.9128128025486966
-0.0043336131158483995,0.007685004819972174,0.002481624240775938,0.006402887367024019,0.23474227853642352,-1.5389774381912231,-1.046118030882292,2.0118705555928464
-0.004400712202394437,0.007558485498923419,0.002627167350435856,0.006328687172278629,0.23809841324310774,-1.5967546671212796,-0.9854167831724441,2.0810707044721615
-0.004190133041316554,0.0076639832681663685,0.0023692809616105846,0.006295686829984515,0.2121054472039324,-1.482461334725644,-0.9998606618558427,1.9164738060288797
0.0014732042205897523,0.010724771779105847,2.3382283029641765E-4,0.005782497108262415,-0.09693399612936549,0.20490347655548832,0.528294179910195,-0.17071643636998043
0.0017772992339362297,0.010495109265067804,1.9834593991759924E-4,0.005907896121301455,-0.08728430644761309,0.11788636241592894,0.6570837672934893,-0.06910733511417329
0.0037605963535937243,0.007283929276705253,-0.0022207816201605547,0.00575350143656102,0.14904672244127168,-1.397497720171601,0.7347639729570021,1.7316780365176607
0.0037521112834207077,0.0070818431287572635,-0.0023037758129590548,0.005583235941657273,0.14225478632805325,-1.4207491413296813,0.652321234784612,1.749005859054284
0.00361145833525053,0.007402759012220729,-0.0020455875654375455,0.005780755540605825,0.13764105243714286,-1.3316716508041193,0.7570524434454443,1.6436857762433654
0.0034936698454309354,0.00775307154871117,-0.0017760131229152024,0.005981864015124047,0.1291818222894422,-1.2194831956912864,0.8693819416444809,1.5151206088792692
0.003359356572680793,0.0079190002899527,-0.001592691417306712,0.006025235370711125,0.11410485277721762,-1.1376416243319445,0.8944928365681478,1.4114847667531665
0.00344515769961381,0.007539022894552309,-0.00185454076280806,0.005807338485089791,0.12330446830642501,-1.255862629079431,0.776131361459525,1.543611570786206
0.00315241889984771,0.007931945278480141,-0.0014565485152409849,0.005932490643274031,0.09592089881123012,-1.0809588569706492,0.8398488906653828,1.3245144554716328
0.0029765217751822844,0.008430506172015267,-0.00107956885109829,0.00611551638530936,0.06725936669516099,-0.8778274076098327,0.933972677127189,1.087902822539914
0.0029775259475790647,0.008116886983471808,-0.0012572034250706075,0.005956550459679599,0.07758316450007997,-0.9836030860161883,0.8452394635400158,1.20201261295494
0.0026892678778372286,0.008536615621275551,-8.925043595810665E-4,0.006023127498528714,0.042205109515582186,-0.7848200769125894,0.8564910475885931,0.9572311779814083
0.0026356365410616636,0.008855038019686668,-6.963669442429228E-4,0.006116752513392728,0.02386894167011253,-0.6537326573011645,0.9034033812940457,0.8097016927609396
0.002624331890475725,0.009187674312266468,-4.993963211865885E-4,0.00620612687907543,0.003988827965030805,-0.5080911437148723,0.9574437464379191,0.651446566881254
0.0023645893092279426,0.009442974514333645,-3.0308815379458343E-4,0.0061318624740784025,-0.021673058352682708,-0.3696035684040361,0.877175129820287,0.47903105626420406
0.0022811796094125156,0.009832723229910882,-8.541009198159759E-5,0.006133220911206186,-0.04680751641956676,-0.18307999753187001,0.8704956388102424,0.27542124163693105
0.00199976641481662,0.009985026874531237,-3.53918898804535E-6,0.006019763134931931,-0.06127214662118483,-0.10902982095900804,0.7527605953309894,0.17627120337285562
0.0017891751452722977,0.010188905629004767,7.855944974065072E-5,0.005938374963283884,-0.07370517540216752,-0.017944090863478153,0.6664361301705493,0.06937706163929899
0.004410926717898175,0.006393483319699845,-0.003147871942834705,0.0051863441093572445,0.1488241275474673,-1.656832592216217,0.3971808823918728,2.055248159692447
0.0043086629496788,0.006549689944888359,-0.0030030487836865123,0.005308081942551056,0.15470804360376642,-1.629146243466481,0.4636988242017948,2.0217646376734515
0.004071196460653902,0.006758475698317204,-0.002709123875946941,0.005422834733430409,0.15289683703543713,-1.5474350057159387,0.5480243865588587,1.9138032773485996
0.004114546982382973,0.006570759744120622,-0.002811260370905474,0.005263858816535933,0.14460299121879003,-1.564576713273128,0.47492833466275997,1.9281468029386637
0.0037025924819925997,0.006883269977073681,-0.002340298973824703,0.005398328041964106,0.13208172584745245,-1.425687093378509,0.5719955027313208,1.7418471650157217
0.00388053409438644,0.006803964416599782,-0.0025216009283370662,0.005394456350215492,0.1414425893716613,-1.4843979166627017,0.5560998618349587,1.8230071954071463
-0.008692877087890866,0.0050815763020702984,0.00793522498969039,0.0021077517174894742,-0.03595286624328942,-0.6296661751877339,2.4333271761911806,1.3716784955148762
-0.008705903159404551,0.005071049637965399,0.007932931001554776,0.002081508337051872,-0.03247364998415893,-0.6167725111031296,2.4303151744981024,1.354418387840679
-0.00879632968908649,0.005052151535871463,0.007976521269528592,0.001939330067110877,-0.013229697469790377,-0.5236038869140275,2.454272057690229,1.256386340411346
-0.008810521129622497,0.005047155954101237,0.007980567391662625,0.0019154627447042626,-0.009863136483487196,-0.5091715774483347,2.4559286267773897,1.240257868439467
-0.008826182784395028,0.005042748993741697,0.007986170424539273,0.0018898683043823883,-0.006208330027946938,-0.4931412795208278,2.4585981506329664,1.2228703893580446
-0.008784783137685792,0.005041008545892114,0.007955592183558298,0.001948060359267529,-0.014405940943253629,-0.5367621095645121,2.439763680591137,1.2639175820577657
-0.008769994013586505,0.005040317406117095,0.007944366588734606,0.0019685980069027212,-0.017226507534299804,-0.5522823509274216,2.432768893513929,1.278479804399361
-0.008750277320332152,0.005044180594100445,0.007934700971512975,0.00199925595869158,-0.021363286853989392,-0.5725171555077706,2.4273726220503042,1.2996254971574757
-0.008730933959001748,0.00504200068248735,0.007918168308297075,0.0020248801185818403,-0.02473461825174593,-0.5927471834300718,2.416738227808426,1.3179948039973803
-0.008713823107201946,0.005052202121462417,0.00791722506608787,0.0020563509422848905,-0.02891500158549284,-0.609844601955826,2.4176419265066884,1.3390507686997923
-0.008467796120608878,0.005117143056314142,0.0077906072843644284,0.002442535240921415,-0.07359058770755533,-0.8599548741639351,2.343391649187908,1.6080891023644703
-0.008602025140724952,0.005091147292345187,0.007874962569488752,0.002241109676966319,-0.05205218879088032,-0.7234685345528002,2.396131695372361,1.4658435595027823
-0.008672481908549185,0.005074798684052433,0.007911867315170283,0.0021310915619389913,-0.03872671540625184,-0.651352928602792,2.417553249714795,1.3892540904904076
-0.008617979288248038,0.0050831537976599225,0.007878691286647073,0.0022128723886442945,-0.04863983609316679,-0.7073168799038572,2.3974489371764167,1.446640187420695
-0.008650022981159178,0.005069466120595491,0.00788839860044724,0.002158060577854408,-0.04184632983147606,-0.6748478244570025,2.401802362604485,1.4092070996628052
-0.008631638697059272,0.005070141056896945,0.007874747299452159,0.0021838376462075862,-0.04490270605139365,-0.6937301588483874,2.393100053631044,1.4275481319610368
-0.008586220497381494,0.005090105640272902,0.007860924043659777,0.0022617679776014126,-0.05432206311624516,-0.7397416861025214,2.3868131985314918,1.4808529932390717
-0.008567189294192002,0.005092280367872731,0.007847734193719513,0.0022892884777411895,-0.05737665559644989,-0.7591699387506282,2.3784393185126813,1.5003861930248112
-0.008544825671808415,0.005093603039764701,0.007830581793189849,0.0023204060884621115,-0.060663107882210944,-0.7819454873450579,2.367262974534443,1.5226829840138876
-0.008521713762967089,0.005095858345779893,0.007813570873235658,0.0023530788671023623,-0.06409260582052641,-0.8053321596534292,2.356215582940965,1.5459756326673249
-0.00850265467033658,0.005100436212921074,0.007802361410196796,0.002382194825339652,-0.06715090046846049,-0.8245730510752562,2.349277229991748,1.5664397399960592
-0.008482252712171099,0.0050923596702635195,0.007775662023576922,0.002401921580997514,-0.06862035328500614,-0.844907716285209,2.330203901617313,1.5817973074395477
-0.008434572747867956,0.005139941424935801,0.007786381970094263,0.0025062630230619147,-0.08044082369288864,-0.8939326529385981,2.343353466119414,1.6514772167773726
-0.008416930580111654,0.005144317655591431,0.007775188494231452,0.002533117090564271,-0.08282602867301128,-0.9117702064842359,2.336186844676139,1.6705025719756486
-0.008442190398827928,0.005118273598838,0.00776905370687113,0.002476834791594903,-0.07664679489964811,-0.8856121281662702,2.3288005428586396,1.6328996702223197
-0.008370628869596473,0.005154706430999804,0.00774369752493314,0.0026020832320663707,-0.08884647064077567,-0.9584358424835754,2.315551039271671,1.7196795564077758
-0.008350530735087167,0.005151184092456246,0.007720766484248979,0.0026241304645964647,-0.09017176913128949,-0.9780112307286516,2.29905771375383,1.7362731469405228
-0.008400122139167847,0.00514168800276937,0.007756774831503807,0.002552309976506379,-0.08425661705241184,-0.9284583892401111,2.3231358187304045,1.6849261103502255
-0.008383641818243378,0.0051413807252153705,0.007741130338418875,0.0025730521807382227,-0.08581162141976784,-0.9447647367489982,2.3122316398998164,1.7001202088431753
-0.008309401553116949,0.0051719256648183045,0.007703944328797347,0.002695495510729444,-0.09639721819265647,-1.0199185299495586,2.2894353737705093,1.7860920093650623
-0.008325758646744768,0.005152448045296526,0.007698435541132887,0.0026562889698517164,-0.09238951492075377,-1.0022906221158865,2.2834120975275134,1.7596362282320561
-0.008287365760111515,0.005171109999414295,0.007681406603727657,0.00272189367292046,-0.09786454107348765,-1.0412476848424463,2.273256943773234,1.8055785697900661
-0.0082621813806957,0.005175858056453876,0.007661554513952839,0.002757356964286253,-0.10021380360326224,-1.06596260761895,2.259480297078662,1.8310298061408155
-0.00823636877972889,0.005176552708996283,0.007636335972568925,0.0027891929217453114,-0.10190909964004922,-1.0906029137543742,2.2412912188410705,1.8542482799166073
-0.00817103348490912,0.005216909750978306,0.0076122573489759105,0.002908416574262608,-0.1106362234761089,-1.1578390853479237,2.227514428396109,1.9376569845440337
-0.008148640398121756,0.005218844828042379,0.007590597136934197,0.002936612582811891,-0.11166990494365604,-1.1790224110852083,2.211646849441282,1.9581247142347984
-0.008110779494408023,0.005235910196803158,0.0075680095409047165,0.0029985832623739737,-0.11506039318490928,-1.2169262780064785,2.196289548939561,2.0020366535931724
-0.008127873100543897,0.005224999371916627,0.007574918219262153,0.0029671896610972974,-0.11316740720402374,-1.1992561114684221,2.200519283127287,1.9799590325416052
-0.008040287614901085,0.005233476193317939,0.007487868402325668,0.003074753594668989,-0.11589333264893954,-1.2796459104224926,2.1355612106846524,2.057391847821648
-0.008088660232507159,0.0052293427903566175,0.007536959391593081,0.003016503176504698,-0.11466347205997174,-1.2357769289483749,2.1724153148486525,2.015542979515324
-0.00806327381188778,0.005228532985796931,0.007508232369407015,0.0030439546322651753,-0.1150470414097368,-1.2583046355002898,2.150661323920566,2.0354682545016556
-0.008212762673853726,0.005185806938157829,0.007622246884245705,0.0028267836154202597,-0.10441806450907477,-1.1141215973849834,2.231900547432381,1.880831510449859
-0.008183071958247601,0.005194182513838363,0.0076005325727046425,0.00287047373355128,-0.10694449274206676,-1.1431001904578817,2.2167494218255794,1.9119391551401217
-0.012098465193569516,0.014672256776059092,-0.007377732392878692,-0.003313289698637825,0.20525307595223707,-1.4503620325255075,2.5332280702369556,2.57591229951578
-0.012144667083630897,0.014662351783205914,-0.007329355665654507,-0.0033711348014599254,0.20352700212637886,-1.4941849283887076,2.485734542143574,2.6116523576180906
-0.012122917190339436,0.014669071952928107,-0.007349463498796227,-0.003341297799023177,0.20403175981711238,-1.4725501736601385,2.5066706749623937,2.5922154068638625
-0.01216482617738914,0.014653991254357122,-0.007313314612578879,-0.003401474989447866,0.20345815076648086,-1.515246922745847,2.4676373254517077,2.632297853937119
-0.012182622315387573,0.014644274287428408,-0.007302012295917659,-0.0034313099869714148,0.20369286162041986,-1.5350626387374804,2.453086833012336,2.6535235550972787
-0.012195272118731431,0.014634116913924973,-0.007298097896743598,-0.0034569318320936833,0.20445219224723338,-1.5510294382134513,2.444850296854748,2.673034143027958
-0.012211491807801116,0.01463330905753787,-0.007276825858327146,-0.0034728965536562043,0.20339838664592177,-1.5640781605366412,2.425574297302498,2.680870751519406
-0.012231277691517958,0.014627458838833242,-0.007257097302976897,-0.0034988700782782292,0.20288965615285456,-1.5826846676159978,2.405373201690091,2.6969765296072583
-0.012251474623773092,0.014616882711492201,-0.007242654557114683,-0.0035315924358202675,0.2031341307087434,-1.6042996715920623,2.3875856557479014,2.7195734425551206
-0.012287237238564556,0.014591393427647724,-0.007224820109050004,-0.003598771291305433,0.2046933876487653,-1.646504650732988,2.359603913206065,2.768638280466668
-0.012271085712644424,0.014604119318465664,-0.007231489174872957,-0.0035667430655453402,0.20377381083568938,-1.6267127277949645,2.3716144453882464,2.7448188531426676
-0.012312338615400707,0.014563578205480399,-0.007223951952947308,-0.0036600698563013638,0.207387342408734,-1.6824264058514642,2.345349291755126,2.817081014925808
-0.012301503465930556,0.014579234821824973,-0.007219848852001657,-0.0036283556772818346,0.20556134149727515,-1.664551102604227,2.3493475507762756,2.7909367379750627
-0.012304807910475174,0.014597629319599301,-0.0071920583363172755,-0.0036050095071464222,0.20242310814787814,-1.6549857217412351,2.333613387292058,2.765677777613868
-0.012334166290371536,0.014561040640371774,-0.007195615507818974,-0.003682135721445131,0.20616844561408462,-1.6993307187385784,2.3189800216593484,2.82760142726435
-0.012358167344078014,0.014552883865170115,-0.007170868160484679,-0.0037138282768370287,0.2057875343126953,-1.721063115357879,2.2931144582111105,2.846483115567707
-0.012382990415547543,0.014547703918411335,-0.0071410041781937205,-0.003741519212650793,0.20475745705421175,-1.7409291854145617,2.2642469695948155,2.8607795341720674
-0.012403969301866108,0.014533989224906903,-0.007126729038041352,-0.003778324401321028,0.20548420200490417,-1.7637887546353856,2.2448909325478823,2.886102612277728
-0.012427128902551189,0.014525183228154551,-0.007103017381488494,-0.0038094215883874376,0.2051512851161669,-1.7843896422912515,2.2196610648491686,2.904406972892659
-0.012500743356888736,0.014481363588893435,-0.00704352517535907,-0.003930176385278605,0.20674006466965741,-1.8590361017205794,2.1453887171545483,2.9832942789845087
-0.012511772561061743,0.014469806035241348,-0.007039837698417911,-0.003955676164890128,0.2079331529145842,-1.8736112198483785,2.136250702179291,3.0022598890868797
-0.012485942769701506,0.014489351617228316,-0.007056792502821736,-0.0039073077056310445,0.20657686838232772,-1.8448260916230037,2.1610848560357945,2.968971554314329
-0.012471993695663163,0.01449291774019637,-0.007073705397720451,-0.0038916203150781313,0.20705186905748577,-1.8341752175853678,2.1776984695003865,2.961240068394126
-0.012461609027810511,0.014504665648880975,-0.007075714570049363,-0.0038662345437799213,0.20594208739691147,-1.8196811395691574,2.1854055503168026,2.941823073381958
-0.012446020875848845,0.014515753515864526,-0.007086068406881882,-0.003837909438676759,0.20528988510744775,-1.8025266933322854,2.200061296513414,2.9223371666850433
-0.012530860464262305,0.014463562921611668,-0.0070177285923800755,-0.003978757225839313,0.20746626928314196,-1.8886840076289366,2.113701797697903,3.0141973595599345
-0.011966098620088728,0.014760986316636672,-0.007423341257279742,-0.0030651146957231547,0.20028148197696205,-1.2882472299473553,2.6132063336067435,2.386512711644795
-0.01199172242809546,0.014754732766363824,-0.0074003321053621165,-0.003099490165949362,0.19955845971854672,-1.3143553648962154,2.5901500735909955,2.409513203172032
-0.012018861758983578,0.014742594425027192,-0.007383311280570492,-0.0031425279518281046,0.19963387658993811,-1.3444208927140342,2.569796663957289,2.4404891459328506
-0.012050141286139363,0.014737672267428387,-0.007350403306566645,-0.0031802526956684926,0.19811508480186832,-1.3740000135105195,2.538588684218364,2.463891554726224
-0.012086680430198692,0.014695587784250418,-0.007361239266779388,-0.0032709001972640555,0.20238461491997134,-1.4275559503411066,2.529211982929279,2.5384756915364384
-0.012078546390465563,0.014729255702232298,-0.007325564668387454,-0.003219118453067408,0.19750184249563865,-1.402491210305855,2.512912221719026,2.4897366711182216
-0.011956458552697164,0.01479099505681976,-0.007392230478434526,-0.003018140531321424,0.19630241530279882,-1.2652489233764144,2.598759988180069,2.3430286806741427
-0.011954748231837602,0.014819744492520088,-0.0073532830549244855,-0.0029815590980698287,0.19203475293945535,-1.2502339288166684,2.576870094823761,2.306556708000491
-0.011606877391326811,0.014926516585649677,-0.007580587417918053,-0.002472031405326132,0.19838469297006442,-0.8689509279811635,2.8176966019341623,1.9372826301135955
-0.011666668328995307,0.014908922054337876,-0.007546064005379252,-0.002561475614344617,0.19726905376769505,-0.9369390666958692,2.7812519848048294,2.003944129140072
-0.011635798898583535,0.01492156132104483,-0.0075586150679362975,-0.0025117317776225732,0.1972630144055341,-0.9009150377295349,2.796881670106146,1.9659179406543605
-0.011711574449675322,0.014896435782104171,-0.007517430498369705,-0.0026271787307859625,0.1962296063037233,-0.9870714784250438,2.7516291264057497,2.0522067176004914
-0.011696697177855228,0.014918934598313414,-0.007498796223992091,-0.002585902248968038,0.19357787548456687,-0.9643979178887826,2.7443291685385263,2.0161032032811548
-0.01173633280690952,0.014897245346123137,-0.007489366013404704,-0.002654736355260243,0.19441223330345914,-1.0117253889764724,2.727584732353194,2.069747667404989
-0.01176527322602481,0.014898536065010057,-0.007455793889010659,-0.0026861076660950455,0.19225345574335265,-1.0399071951746544,2.6989518847523084,2.08933600683809
-0.01189351556959738,0.01484904782128325,-0.0073837177940434965,-0.00288254505174091,0.19154762839919057,-1.1816689542177323,2.6159045956222218,2.2335459430294082
-0.011929516193403626,0.014838439437517193,-0.0073566905806444075,-0.0029329890348110265,0.19070635825170876,-1.2191034024777443,2.587830849190467,2.268671559381747
-0.01188176344815748,0.014880930266480998,-0.007351127448396917,-0.002833189020180446,0.18733556860581135,-1.157160511404389,2.600900914194522,2.188549265190726
-0.011851735806597125,0.01488011528225068,-0.007386572145501007,-0.0028019692210864322,0.18939802099604178,-1.1298019368469454,2.631338437080569,2.1699638491938114
-0.011822613176216912,0.01487353006387763,-0.007429288941322667,-0.002777713845435684,0.19237812306140614,-1.1049807037539203,2.6658058620954592,2.1580217976141873
-0.011798732068811157,0.014895344486856971,-0.00742364284126394,-0.002726933613425575,0.19044888813793243,-1.0735798987366112,2.669754053879425,2.1165634315014064
-0.011306839526483849,0.015139769571246277,-0.007509524886520543,-0.0019083593605053102,0.1828983879934156,-0.5041602846015283,2.829659401042927,1.476607970800664
-0.01142977316523443,0.015025114610246158,-0.007592445986976796,-0.002159575542969573,0.1937783813752718,-0.6545777326271627,2.8624976626308656,1.6874294848688371
-0.01135428230977659,0.01508805801188431,-0.007555282896598262,-0.0020101338894279465,0.18836530591747322,-0.5621313850650026,2.8516375466608506,1.5632553050386253
-0.011346737708100392,0.015128727620922669,-0.007495423671102682,-0.001967150280470392,0.18237911049601427,-0.5487238913659991,2.814787502325519,1.5217964574967604
-0.011387214473030339,0.015065633229421184,-0.0075639140331932985,-0.002070583574198249,0.19003431314610394,-0.6014222205034873,2.851694714185591,1.6125716936570476
-0.011417559276863606,0.015052290469205443,-0.007559180975478158,-0.002120159184937964,0.19034559690759767,-0.6367301812115537,2.8434536947691686,1.6517048720036147
-0.011542263179164078,0.01497673543756474,-0.007565254600892433,-0.0023437904652000435,0.19436349477844447,-0.7869453612405869,2.8228875025994165,1.831819731124948
-0.011521200269843098,0.015005820091674766,-0.007539142656952494,-0.0022902771663116345,0.19109348679725635,-0.7576433055845193,2.810999398867217,1.7853113601129251
-0.011494041016010688,0.015013491401049996,-0.00755240852975575,-0.0022498932890008907,0.19154318077714053,-0.7268921893634525,2.8248508680983586,1.754739597100734
-0.011461797873399925,0.015019998311949279,-0.007571710102706924,-0.0022041239760150154,0.1925427018547163,-0.6906587155889578,2.843334364602241,1.7205710802138239
-0.011576982196340924,0.014985543555722972,-0.007517461481764707,-0.002377090027016616,0.19073484247432212,-0.8214964327413906,2.7853867737641598,1.8517957073378064
-0.011595271479317253,0.01495610748555821,-0.007545646101831991,-0.002428144182187821,0.19436545759546922,-0.8485212823363996,2.798654721152943,1.8967846443757106
0.014090577841614608,0.019440182206845437,0.002403942688950274,-9.05356972952717E-4,-0.043770817535935806,-0.549012316934391,-0.5267551117383911,0.6165564381035255
0.015314511323258223,0.0199022143067874,0.0018123696586916547,-8.196748054621108E-4,-0.058419577929438506,-0.5350559201451067,-0.3607212016188062,0.584036479408632
0.014576332521631331,0.02001725273688455,0.0019968153916176128,-7.571039631284246E-4,-0.059948191049986076,-0.5015882616206939,-0.44001900895877455,0.5534534209934799
0.016615963742605964,0.020620892698075,0.0012056275961695093,-6.023075229484731E-4,-0.07461701293101485,-0.4530520381732938,-0.23952541068376607,0.48405846666607816
0.015813418641303808,0.020523449154785593,0.001451511746160018,-6.399120733241778E-4,-0.07604962304971015,-0.46934749628259154,-0.306917732943498,0.5055576068472817
0.018167145810255348,0.022565921427372102,4.360485985289042E-4,-1.7412738784322853E-4,-0.1295154316394761,-0.24096004745998742,-0.16144124081020825,0.2503345201316122
0.017343433844283235,0.021569103352143945,7.92204966150364E-4,-3.62621239300817E-4,-0.10246545942052214,-0.3503053785316474,-0.19790941399218223,0.36843339133808056
0.012964645923506001,0.018971227878640792,0.003023517502666387,-8.988333184599698E-4,-0.02664567256597492,-0.5003943728044252,-0.7318248291044518,0.5928782581511968
0.012528655878108474,0.01893194443972232,0.0031828086702857415,-8.160027796844278E-4,-0.02164334517556517,-0.4398724561475277,-0.8015738474363813,0.5370849654340982
0.013364460225394881,0.019380602344163885,0.0026696663319061395,-8.372224338547001E-4,-0.03788769168831226,-0.49593032434111384,-0.6289511313085817,0.5704829187003696
0.01213111247594234,0.019139263119167714,0.003159994170740976,-6.629269031708158E-4,-0.02205703243352598,-0.3510062012528831,-0.8181016802268227,0.4417494160535705
0.011628542566790072,0.019148076049088015,0.003265260468250346,-5.289435645336908E-4,-0.015416378816595072,-0.255083238218067,-0.8686410916357131,0.3486020275122512
0.011295491195909894,0.018657778719745416,0.0036739812387084243,-5.177864907810552E-4,-0.0061026081533182746,-0.20741928834799675,-1.0028393618330504,0.3253020929425054
0.010810330836811561,0.01859289600832397,0.003797362215504692,-3.483601051060511E-4,7.473907848249132E-4,-0.08241775410165704,-1.0549066453977822,0.20845074348776563
0.010417769385470711,0.018459651512083883,0.003938910527865834,-2.0290210082794802E-4,0.005639064279363224,0.0302151274746708,-1.1057155081345198,0.104556554770002
0.009832473435752118,0.018137486847540248,0.00421668436104495,5.4854277413421086E-5,0.013258808136335893,0.23307560993366397,-1.196499829939093,-0.07220213545404562
0.010054481119413176,0.01854539706832572,0.0038831031139936194,-4.912911943156231E-5,0.007360119337888569,0.12975785122480332,-1.082531835728524,5.36275719344819E-4
0.008946643366099558,0.017645173777441382,0.004541395201499783,5.699909053218567E-4,0.019808446012306257,0.6137860260467409,-1.267001242510692,-0.40742184813349036
0.00907232874274992,0.01789427397994236,0.00434574260572629,4.542966280891898E-4,0.01746078838256031,0.5153714829363377,-1.2072863706735626,-0.3344051054560914
0.009391925903837289,0.018083539846738824,0.00422994570360103,2.7003965263480836E-4,0.015226938492314561,0.38006694065725777,-1.184254752502427,-0.21565715477649222
0.008592777424986695,0.01768002147471162,0.0044198807934471805,7.444721026970062E-4,0.01777846502219739,0.7103586378231198,-1.1920111383642082,-0.5131798125349339
0.008296994034162121,0.017672490731789555,0.004334282957401645,8.907055987607458E-4,0.01602877298038957,0.7919585700695458,-1.1347771182964093,-0.5958185619895601
0.007386184922912872,0.01678345714399039,0.004647275265438746,0.0017433474873759785,0.0027156980616909452,1.3363105678436005,-1.0683998622746982,-1.0525577744736436
0.007112511431069677,0.016692006483250837,0.004546267662370012,0.001922873024628037,-0.0047034882527235275,1.4114698281515752,-0.9827486102580029,-1.1266228602815493
0.008022984397511158,0.017474811789196885,0.004397461448565103,0.0010934175397690066,0.015259187895178885,0.9228573490462669,-1.1211286046134188,-0.7094332694852871
0.007513642451030842,0.017092091972803952,0.0044716096534314674,0.00150893872510515,0.007704155073234998,1.1745876876505885,-1.0585892870646652,-0.9276643996863102
0.007630145856941328,0.017417650971662944,0.004273215982495456,0.0012956920645552678,0.01044975771627929,1.0233397642755986,-1.0316925043111944,-0.8117028578295838
-0.002354551714218043,0.011515477944431522,-7.84625583179657E-4,0.0058576915831999735,-0.12747323412450914,0.6372846936666017,-0.7934337469480316,-0.5351619377342569
-0.0021374796877057954,0.011172555749688604,-5.567595869505566E-4,0.005893485086776936,-0.11326901853080144,0.4527071720212072,-0.7559541016878509,-0.3739845549897394
-0.0020516637619996054,0.010858300792880252,-3.966727353323135E-4,0.005943175042300293,-0.10130422839731043,0.300719328840494,-0.7511040832759653,-0.23189751124772567
0.0026753187782838747,0.01188186239641033,0.001095737486463629,0.0058233344850097965,-0.14274409850045855,0.8581460097495218,0.8401917023668758,-0.7169617880954521
0.002424715014919421,0.011744180166824202,9.14980453079616E-4,0.00578804017591712,-0.13425451331403118,0.7488495637703126,0.7780063612644653,-0.6351730619454471
0.0022473752589053427,0.011524586058397901,7.461398862217592E-4,0.005813024070647779,-0.12665918238799112,0.62335482610769,0.7508132811457994,-0.5297621422182969
0.0019425913121943984,0.011447421380203694,6.032803610805599E-4,0.0057349075837895246,-0.11989370479529109,0.5513757139902689,0.6475373126342755,-0.4784664615376703
0.0016023230696606374,0.01115236607396409,3.966471645579913E-4,0.0057235023487150006,-0.11052910937185624,0.39214655621301436,0.5516226441253079,-0.3471124025436415
0.001184893527972239,0.010967599707614397,2.44194854795017E-4,0.005666798707101169,-0.10497208864426262,0.29034949777450647,0.4100008335824335,-0.2660914721148746
-0.0033601458139459607,0.01200404358183316,-0.00154518566429891,0.006075639943860492,-0.16672958916714184,1.1002992480582903,-1.0685163510491513,-0.8739346727134735
-0.003519952450550733,0.012278335670912735,-0.0018042720784643123,0.005973877323479788,-0.1798766023982519,1.270893617605857,-1.0240637640397094,-1.0187130089194811
-0.0036164133384351247,0.012546557144424484,-0.0020103737625687466,0.005821974581141947,-0.18788009317388424,1.4026572167613676,-0.9425753726477281,-1.1354951799011215
-0.003018034915475482,0.011960816323190444,-0.0013177953021493462,0.005932618508140587,-0.15379483659592677,0.9764505582438937,-0.9487684881167908,-0.7965941712032186
-0.0027335804843346074,0.011920926178680234,-0.0011439669453007933,0.005827626056275259,-0.14397996040271832,0.8882652109844448,-0.8522012775177102,-0.7407923514634219
-0.0024675224047887843,0.011818893129984968,-9.66790072493497E-4,0.00577045556063217,-0.137126847812834,0.7865017447140296,-0.7789561023901439,-0.6676148131967594
0.0038217562252028645,0.013234079341870045,0.002442255830370343,0.005336584500752062,-0.18785584604671607,1.6469415927652256,0.6786365424654041,-1.3542926796542278
0.0035369438079591504,0.013163860831536797,0.0021817279650094353,0.005299340692176317,-0.17912770694357769,1.5200495248342039,0.6585862122119601,-1.2664419190569962
0.0030784043256932812,0.012240063615436586,0.0014910246082666374,0.005793040773445454,-0.16099902153324716,1.1087574432020617,0.8833852527684628,-0.9157703141601496
0.003321360504110766,0.01249581070516139,0.0017697569648313966,0.005727813933613337,-0.17472366645573148,1.2759976510478557,0.8717824560890425,-1.0506187920191186
0.003499572182792179,0.012844717404012966,0.002045561730163284,0.005540807409568292,-0.18112930736120494,1.4416890599870695,0.7820564824566477,-1.1915734440263102
0.0046880924126058675,0.01445740904245033,0.003403961451227289,0.004373528893320996,-0.15492417448099247,1.9603877547440447,0.15083797489228076,-1.6102207560349375
0.004457734660005252,0.014319580505275133,0.0031848797846602823,0.004479867559056167,-0.15928186673036204,1.8946983930727044,0.22537182604857328,-1.562821415321242
0.004245652366123006,0.013876727348698749,0.0029610828039889586,0.004867528169716875,-0.17895079393352062,1.8559405909718927,0.4226328601909818,-1.526235778402697
0.004232957405403624,0.014179306264006958,0.0029698903350198866,0.004578320755290823,-0.16247455548566422,1.8250887409968308,0.2910087998884801,-1.512553603561069
0.003856365382206619,0.013530647620868938,0.0025462544750491727,0.005086207974931429,-0.18046019759968843,1.689851019065417,0.5502373233997854,-1.3994739439638277
0.003916926837306389,0.013800996005627517,0.0026469399227657888,0.004860987044209997,-0.1715619167522805,1.7218881665776926,0.440094232960151,-1.4310350663388647
0.002770973250668784,0.012196787209001936,0.0012869360816384337,0.005691825880816632,-0.15138565305008347,1.005144188526842,0.7931933314158329,-0.8474334259316422
0.006820532169403944,0.016654823642162846,0.004378251243625889,0.002063606007302456,-0.012289847297775406,1.447655631260015,-0.8834321602283289,-1.1711461871236695
0.006566455838902824,0.01663390510468425,0.004216571524387166,0.0021674909887707005,-0.020177745961919645,1.462921963699642,-0.7989820837341302,-1.197080116167017
0.005366500852814152,0.01512199911602164,0.003949732155219001,0.0037264662177078846,-0.11120171533628849,1.994973855385682,-0.215407479186264,-1.6302598841327782
0.005153203896731549,0.01501278070407784,0.003771196789428475,0.003843204703993347,-0.11963679510023013,1.968141217052316,-0.13102197358834378,-1.6141045070431133
0.004928841147164382,0.014872207157585039,0.003583990384803018,0.003980485644973175,-0.12920585380426622,1.9387557655558532,-0.04106469741138508,-1.595482031873422
0.006039520360558071,0.015719741038253094,0.004338418394951373,0.003055824280089836,-0.06262103112783936,1.8825473962864943,-0.564836872619912,-1.5276635434776369
0.006059499862977498,0.01599603661087339,0.004207341081383403,0.0028084879781686144,-0.05003272269352046,1.7435606312738285,-0.6076793235458352,-1.4243745131836754
0.0063770018185078945,0.01641327769278741,0.0042182529176002445,0.0023878637867066547,-0.029024217445838826,1.5640274561174488,-0.7380141519139757,-1.279480377887513
0.006132808523685393,0.016233220333028507,0.004135860178010979,0.002595706540233292,-0.040560455703796676,1.6356928146214027,-0.6516117176957325,-1.3426312121015556
0.0058058106609651244,0.015585295454082677,0.00418995583681182,0.0032276166646955126,-0.07522287636615933,1.9029358463302013,-0.4615027275468058,-1.5508819573553416
0.00562642053390783,0.015491188036392697,0.004064345137080972,0.0033438129268632696,-0.08353799616554118,1.9070505320872202,-0.38780301896779734,-1.5578580431460298
0.005432848437744695,0.015388187473200083,0.00392289063934251,0.003464282763328796,-0.0947482298401058,1.9012476418047028,-0.3067579427284584,-1.5617593569194992
0.004697582863902917,0.014745371778363695,0.0033820485175890392,0.004093822455947174,-0.13641964697936407,1.8927266989576579,0.03855493613945981,-1.565201563052449
-0.004192674649919991,0.013090705472363545,-0.0027345562198353903,0.0056063706649769045,-0.21072948004829112,1.7999844900402422,-0.8224645455592314,-1.4442980870951705
-0.004025654802003869,0.0127687221288975,-0.0024517383000375596,0.005829362275838553,-0.2079230122356115,1.6509570191812255,-0.9563997198532048,-1.3160402784909262
-0.0040997892006585926,0.012972438395848303,-0.0026038978722983572,0.005678224153177514,-0.2097526443858516,1.7322614361905206,-0.8658868866936734,-1.3899412993823719
-0.0037395440316228983,0.012774613003749694,-0.0022099704942032173,0.005695516683958245,-0.19358525940954593,1.5203098121432939,-0.8748627030075719,-1.2350459684407424
-0.005375439935691669,0.01391313602417754,-0.00419710663179338,0.00508030539789708,-0.20088791110822404,2.4874907663304064,-0.38119278000055923,-1.9420107401524846
-0.00546462864995181,0.014004968156104703,-0.004303839997690921,0.0049815798010777864,-0.190940615681089,2.518171213125499,-0.3069845566230775,-1.9651994272553357
-0.005483203874370825,0.014137869055060582,-0.004312880687817516,0.0048186723057735,-0.17958658379798922,2.4787463308615525,-0.21481091420025455,-1.9441585064297449
-0.005542365257764036,0.014260652634796213,-0.004366354802030935,0.004674050295817362,-0.16804762433105844,2.4636747713056164,-0.12638595660106453,-1.9368823955519956
-0.005604575467113153,0.01438425830944736,-0.0044164036858899665,0.0045279857799703635,-0.15588772203033294,2.4430664646889446,-0.04003028654859051,-1.9249176477679857
-0.0041919072721452065,0.013232781343282225,-0.0027797971600736385,0.005470507113653904,-0.20626826801967732,1.8180320987985985,-0.743157841093096,-1.4674695019847037
-0.004222902803430887,0.013378983784936932,-0.0028502496735018337,0.005341122902191525,-0.20275244676842735,1.8458196342318516,-0.6695557567953608,-1.495794308953731
-0.005211098867020496,0.013902773783269186,-0.0039964318273813795,0.005058504587203558,-0.20037999856593172,2.3769772407555707,-0.4004790357806685,-1.8716555958842689
-0.004358450246647225,0.013483609650525438,-0.0030083489125526807,0.005283282915173305,-0.2037944575288276,1.9188956398384514,-0.6295618030492411,-1.5507162112347734
-0.0050351013075289296,0.013841737406796133,-0.003787862845293384,0.005090467162672466,-0.20308208197793176,2.277833016441662,-0.44829794803916095,-1.8052327077062011
-0.004828787572116894,0.013740461609200203,-0.0035464219078861344,0.005152692230215456,-0.20548777850837907,2.167528609233947,-0.5116436205414511,-1.7289507464694311
-0.0045166598134718915,0.013610523835371416,-0.003193972021139613,0.005203374182885855,-0.20336197993335928,2.0011426105240293,-0.5736456343297737,-1.612956803046007
-0.004647298539714496,0.01372514630585267,-0.0033479131962335642,0.005120411731215195,-0.20106473540987874,2.0649505558094003,-0.5159776106682291,-1.660826521434189
-0.00566063944552839,0.01451248698503784,-0.004450955310117585,0.004375833035140163,-0.14465495742331883,2.4105455596223444,0.044825914882734914,-1.903952609130701
-0.006539985638818218,0.014765893764844227,-0.005428820791062029,0.0039582738762302255,-0.07341875833031102,2.720455134446048,0.5342394557923198,-2.067341862527613
-0.00660131881054636,0.01482032295312705,-0.005471595969772765,0.0038721196331296566,-0.0650611423581802,2.700697461077873,0.5919463157504847,-2.0499461947287285
-0.00663004848748507,0.014899988818732175,-0.00545390527811701,0.003764099099890908,-0.059322456069769165,2.6396966410037823,0.6391075755326056,-2.0078240769923785
-0.006681179135158655,0.014975382905013067,-0.005463772932487673,0.0036556926898762905,-0.05187412395322854,2.590692927479921,0.6941512607183798,-1.9718173816209779
-0.005819672495656988,0.014536927836213909,-0.004634628969398465,0.004344576232814374,-0.13706082150453816,2.488397867881052,0.10423661918121475,-1.9513990306028732
-0.005701188638927971,0.014621539227000074,-0.004466682281900955,0.0042471239955488935,-0.13569309468419194,2.3750349606974273,0.11081559632638623,-1.8804175340112548
-0.0064246246485982934,0.014770091043084408,-0.005280285428277493,0.0039808254106950625,-0.08282808360568096,2.6565187620747417,0.47340785485871767,-2.034484265446314
-0.00599767662530652,0.014593897823080773,-0.004832541464520085,0.004265052682008938,-0.12417419190240732,2.5542447323322333,0.1959458962642542,-1.989431680236073
-0.006285668006648315,0.014737224686493095,-0.005124739860279614,0.0040499835433016815,-0.09590096624208978,2.6104586131546177,0.3889638399807902,-2.0134082109457556
-0.006134737409145989,0.014683961939667596,-0.004963704388948852,0.004139396262679448,-0.11002226252892346,2.568821187928591,0.2955544473113964,-1.993791483637499
-0.006726002526095255,0.015060370686566607,-0.005455955734618563,0.003539048911066505,-0.04647788187004063,2.528946547388495,0.7454855425903159,-1.9272175173673995
-0.006843231929426007,0.015060324812918656,-0.005593980616549597,0.003494582606362292,-0.03499616966214058,2.5695212323059233,0.8175767258414036,-1.942541823024342
-0.006968209218091756,0.015048787217962508,-0.005751716585034639,0.003455238690896521,-0.022995021049790784,2.62246440698704,0.8976554488621319,-1.9630630542475174
-0.007052368106960062,0.015060683442109996,-0.005841808294200767,0.0034021542018246647,-0.012084179841524207,2.6366618728396305,0.9588122896830216,-1.9616113554074084
-0.007900613101537725,0.015178538721212116,-0.006683887298320827,0.002702631102962504,0.0850981561115919,2.602578314957029,1.6498223896663518,-1.7841325606020637
-0.008043942229015444,0.015232397484415518,-0.006761464866274293,0.0025200861944904146,0.09760656520970011,2.5126687359668542,1.7626783725882045,-1.69400892974239
-0.0079762378015252,0.015214535658899067,-0.006716357929602109,0.00259914987514592,0.09082631131185007,2.5465471584079826,1.7082304513284254,-1.7320490487533358
-0.007106687718580843,0.015113348023684813,-0.005859118678616484,0.003313375193186719,-0.007808342711667575,2.5954915517063637,1.0064628641694988,-1.9281331501348185
-0.007206806768066938,0.015106718107602127,-0.00598224382037156,0.0032684697983627253,0.003454756965707319,2.6273453420691317,1.0784085431598716,-1.9349582143876063
-0.007326133556664712,0.015124662464243016,-0.006103749916691928,0.0031794939701379516,0.017235794843013963,2.6326286510137433,1.1709578954039748,-1.9200145519738139
-0.007436170376264314,0.015174004260653459,-0.006178889183319374,0.0030549323211615568,0.028873832732735968,2.5923817581422193,1.2592878439731967,-1.8767259140874215
-0.007520580709865379,0.015165007945419676,-0.006283472595633085,0.0030094011957360178,0.03905722043050421,2.613403790105686,1.3272010393498304,-1.8740897470327933
-0.007598601064875439,0.015188748078099735,-0.006344152827679154,0.002928591441684687,0.047080519833135846,2.591140955248262,1.3897281773515344,-1.8458394761478745
-0.007690613505835709,0.015181557108761746,-0.006453614244948349,0.0028687280036953644,0.05889343780187067,2.6041539270417293,1.4675076326449579,-1.8345743746092398
-0.007831906686401041,0.015212349953363414,-0.006568704855503526,0.002724372601422819,0.07363056630414294,2.5628350425099953,1.5836482219453025,-1.7780396658412847
-0.007751293413242884,0.015242781793660468,-0.0064466612027521885,0.002756460786484441,0.061570384305409086,2.5272485828230153,1.5107923076453036,-1.775220593340303
-0.008144152212674071,0.015254499771568645,-0.006830053853857115,0.002404782229099008,0.10644984821475124,2.463290188994194,1.8428515802815315,-1.6371392435127932
-0.008082391722103444,0.015272597695870438,-0.00674575947075162,0.002445172986623192,0.0970936024406548,2.4525951228290612,1.7839069458116248,-1.6489790229231425
-0.00818881200245358,0.015297961662430942,-0.006812710885063792,0.0023208198404369006,0.10619329729011957,2.3953646971337537,1.8654210749880036,-1.5857896374648555
-0.008461867225408534,0.015291114698856684,-0.0070653982469809995,0.002047457377785835,0.13568176679811175,2.310705806817919,2.0978087980640976,-1.4482091190087092
-0.008239571841884919,0.015335646943902576,-0.006807212868416208,0.0022371664517214385,0.10737742108438199,2.3333284945029913,1.8932474790139597,-1.5358482420077453
-0.008290213181074887,0.015306451433812202,-0.006893593243640769,0.0022133600130801083,0.11566729363661343,2.3546282888174983,1.9472417778264994,-1.5313814227133105
-0.008407437565519213,0.015302742713593281,-0.007001863536938516,0.0020958106607167526,0.12849311126484972,2.3177115971453937,2.046631770783939,-1.4717804600264985
-0.008347246108673552,0.015312622980193119,-0.006935337010544543,0.002149958179936551,0.12153568370980329,2.327351855239655,1.991917748729419,-1.4978646001151095
0.017515232136564026,0.023805459766226705,2.491722754251499E-4,-4.776042798487499E-5,-0.2050084394059077,-0.13627537586926233,-0.19610264247987022,0.14213618174172174
0.016831295095168744,0.025,0,0,-0.29599734983418824,0.002487014731694013,-0.2224027711550587,0.002887536778315993
-0.010432812588092293,0.015369821670515427,-0.0075747551123103935,-6.109467747159009E-4,0.18455549535168253,0.4626799090903568,2.904304896611905,0.45325740167549083
-0.010380968800983017,0.015362611854058409,-0.0075997990826063505,-5.404438854451277E-4,0.18752414319382457,0.5250511375177497,2.9167056378900007,0.3990811765017088
-0.010176961949482845,0.015330656283565778,-0.007690377089745682,-2.561020933950289E-4,0.19827559563534006,0.7767009043137616,2.954066493303966,0.1803295641633715
-0.010229455981761849,0.0153275481519958,-0.007689703537154945,-3.3189654253834756E-4,0.1979272698932489,0.7175289406721106,2.9597469262510527,0.2395448446880024
-0.010285832754877518,0.015337176788639046,-0.0076637759696397125,-4.110692015843425E-4,0.19452117136846162,0.6469362445096234,2.949183340008499,0.300434709601419
-0.01033371598884603,0.015355665167649938,-0.007622032254434588,-4.755360481176519E-4,0.18985249258221326,0.5826807411575082,2.927159478150461,0.34909992424312725
-0.009877188770921046,0.01537928176155366,-0.00760609770132305,1.7188400021468121E-4,0.19212352200074093,1.0800170217469924,2.8556606274342733,-0.152539720354549
-0.009927967079772148,0.01539439167797921,-0.007582551770661664,9.952535074016874E-5,0.18892301383365426,1.014413973030578,2.8505399963748634,-0.09760482999691078
-0.00997836035734899,0.015405830855750164,-0.0075640637206912205,2.8579031269171838E-5,0.18674305655695492,0.9520860798961053,2.847675827225221,-0.04360975330322808
-0.009831493258795935,0.01540689869412195,-0.007552808211849325,2.3323857732004567E-4,0.1869261248268583,1.1079962237512648,2.81518620881538,-0.19987042789204243
-0.009775115074310906,0.015430612580949216,-0.007504161374149636,3.081997406277088E-4,0.1820075164741004,1.148381031544517,2.7750428185043963,-0.2571331441346172
-0.010074202613872034,0.015406351032068846,-0.0075623529036208505,-1.0525596848414238E-4,0.1857302453118022,0.8472108100635438,2.8607918737036067,0.059227836997577124
-0.01003233713787764,0.01542090559582394,-0.007537697076725449,-4.6645897934157244E-5,0.1835409468139613,0.8837360568997763,2.839773751581035,0.01360142088346407
-0.01014597807368129,0.015373950886063654,-0.00761557385650339,-2.0794970930003488E-4,0.1905467684161797,0.7868410749062696,2.9033029463967495,0.14015241588339247
-0.010113762755630293,0.0154143411162501,-0.007546315047901201,-1.5993632919698405E-4,0.18393185461003517,0.7989331752869675,2.856236805319483,0.1010978145011504
-0.009245071508426126,0.015415874122959817,-0.007374598756403687,0.0010235002578178837,0.17176498311963379,1.6584952216464208,2.5652276741277613,-0.7805402590549332
-0.009196246385844885,0.01540202760660023,-0.007375680809248835,0.0010929182263638283,0.17227229272746516,1.7131585518015684,2.549686543580003,-0.8298962139580169
-0.009151816153298251,0.015416901040225873,-0.007329539766668375,0.0011427314565134441,0.1671451383356564,1.7331643302490944,2.5111227726743053,-0.8634428044626935
-0.009099845600127061,0.015425425904527916,-0.007289362469639417,0.001204001269006953,0.16368800536168426,1.764084579401034,2.473114204870004,-0.9044285015982031
-0.008910397985890984,0.015331914897019721,-0.007334371096006722,0.0014941225070234398,0.16770037051628028,2.0086054332771526,2.421715930989157,-1.1071315844217862
-0.009010873936637312,0.015363990402878974,-0.007342306111413143,0.0013491623909688334,0.16901875880211983,1.8992776440220496,2.4660841235739217,-1.0080340549394042
-0.008954373727198308,0.015372427898750774,-0.007295216451005148,0.0014146722195058168,0.1633960631418423,1.9300800798637414,2.421554140000738,-1.0505074799810243
-0.00904080261552424,0.015429844566739473,-0.00725096891761961,0.0012751054573394564,0.159566797941998,1.8034234814105112,2.4333512204867236,-0.9520908894151926
-0.008798630895152218,0.015343987505308944,-0.00724116304780837,0.0016223241362771314,0.1573333087995141,2.0669771981487766,2.331594902555677,-1.1877195966349101
-0.008851651948260899,0.015375615136426192,-0.00722586953775827,0.0015377745103673029,0.15617083529500045,1.9952901071171028,2.3476646634633087,-1.1299431531840698
-0.008497807986239536,0.015334429020684654,-0.0070304426660997696,0.0019726735627193545,0.13291737057797692,2.239188149383653,2.1043028161724924,-1.3976503416232333
-0.008540957089806392,0.015357973551029407,-0.007029748655242499,0.0019069383557179622,0.1335397777339491,2.189953022334316,2.1257814168457787,-1.355999848590831
-0.008591773903580686,0.015365920347905798,-0.007057202753991388,0.0018448541320692585,0.13694936085292178,2.1556552866619385,2.160825652090556,-1.318982370073936
-0.008645561903710698,0.015357050886175802,-0.007111324853646353,0.0017912259578296826,0.14299642133008572,2.1390058048731295,2.207573740418464,-1.2891005717980553
-0.008742667001869221,0.015375568548870969,-0.007152622635856108,0.0016664646700314135,0.14800075390109588,2.0623113775140793,2.268851779077622,-1.2107052666240008
-0.008682827658031026,0.015401064812934712,-0.007070965215244536,0.0017169747034144146,0.1395278575751808,2.0655835440537493,2.2083847828132233,-1.2376453941581727
-0.009290105042016444,0.01544519308872117,-0.00734449596493108,9.527677500012738E-4,0.16861939031985648,1.5913163126677417,2.563448214032156,-0.7294078789670887
-0.009435123935458256,0.015444237069929354,-0.0073999881443989534,7.637704664125562E-4,0.17368028328185672,1.465409090908664,2.6352163818601295,-0.5941770664465545
-0.009334664504649022,0.015468402384186649,-0.007323254879294487,8.861488721668142E-4,0.16613865357981547,1.5308604205311138,2.5654338808734374,-0.6810124663864842
-0.009384176001644992,0.015487209881335152,-0.007309983645524044,8.154742413528482E-4,0.16473067310310716,1.4706975487229874,2.5724157171423907,-0.6298640148562109
-0.00948901342507504,0.015461340345984195,-0.007387869047929172,6.872176784915654E-4,0.1721258684910831,1.4007369419766669,2.64290721442462,-0.5380871338923345
-0.009548007906585148,0.015479586029484283,-0.007373477392760099,6.042165558039995E-4,0.17052531090079823,1.330420853344487,2.649670831947214,-0.47708695720724487
-0.009713155366831913,0.015477331192065433,-0.007413476134438018,3.849458534717505E-4,0.17349636923723058,1.1745225818382166,2.709562214070001,-0.3150456938222293
-0.009609728355528233,0.015500201697309693,-0.00735368310796622,5.178199182041414E-4,0.1677979395830074,1.255527801816509,2.652905779537994,-0.41324397525256523
-0.009665056219359917,0.015510309839034866,-0.00734832539672554,4.4278614980441076E-4,0.1673062702539779,1.195443529611744,2.6619694046946463,-0.35802538678398593
-0.011056147311237179,0.015162576616676318,-0.0076532629785740535,-0.0015651264780488134,0.19342979803108393,-0.2195110728508094,2.950130723250171,1.2170943094124596
-0.011020223941411278,0.01519156124723145,-0.007626730509328946,-0.001498175322344327,0.1904139705109426,-0.17936974052128354,2.9356339674815284,1.1609504704005271
-0.010976125649803069,0.015200552298926931,-0.007638441332180023,-0.0014331634646813389,0.1912653678345503,-0.12857951092953077,2.946106837534351,1.1098744224552248
-0.010937637595283593,0.015205994506920235,-0.007651775877935231,-0.0013776342051828908,0.19219980419304664,-0.08403797142581783,2.9569385362341483,1.0666607377216837
-0.010999471859088618,0.015224744470592591,-0.007582950770210079,-0.0014499066410730347,0.18608736642841175,-0.1578187452439327,2.9088311789430965,1.1185038901766116
-0.010917884964444059,0.015242621141691556,-0.007599866390106559,-0.0013300436742494377,0.18709914744148867,-0.0655371505044331,2.9242740116968613,1.024259653703439
-0.010895988580344804,0.01527787311903619,-0.007551505681415841,-0.001281378886665625,0.18220501644498044,-0.04498353953985997,2.8940384588562225,0.98155137135694
-0.011094525634017903,0.015175580084236612,-0.007605587362601544,-0.0016077331748624924,0.18900932078437108,-0.2645063823872898,2.915958364599055,1.246583986473097
-0.011133198290989181,0.01518654870149892,-0.007560792144790495,-0.0016511279274167162,0.18510059071150953,-0.3087039853815154,2.8835311329349342,1.2768937552862794
-0.011158470695048996,0.01515312303715604,-0.007599134709725228,-0.00170762994115199,0.18931631472048302,-0.33762337697016814,2.905580579894577,1.325922742591873
-0.01123302118834572,0.015146542074586761,-0.007555437042380929,-0.0018092859351773371,0.18614210683023888,-0.4219217498463675,2.868870621558482,1.4024476473797953
-0.011197167559826887,0.015155737637299667,-0.007566800208201039,-0.0017561689034253215,0.18642771390413915,-0.38135514289514166,2.880481420745827,1.3613359530814382
-0.011259209086205058,0.015169307875032272,-0.007498210635574268,-0.0018254469170935228,0.18095791362266356,-0.44961300804772397,2.8290086596744706,1.4094921157070301
-0.011284971432773997,0.015164934380770018,-0.00748565718135934,-0.0018612399622755936,0.18067129663716067,-0.47800202985654866,2.817618923878236,1.436550997264683
-0.01130747621400089,0.01517693052822419,-0.0074488273728372575,-0.0018800399862209187,0.17722633685108902,-0.5010956104041182,2.7912555784755986,1.447381393386232
-0.010781561280995392,0.015303287640258359,-0.0075652370355192445,-0.0011145202773701146,0.18331681951263198,0.0818422517294895,2.9061481042298842,0.8501847189570182
-0.010867744224919608,0.015309504832332899,-0.007512507010201011,-0.0012271784678115766,0.17858229989780172,-0.01741215109648501,2.8701374430296895,0.935576810874861
-0.010821653844048585,0.015319703134018153,-0.007518090532515718,-0.0011606691139474273,0.1786693656733844,0.032930560449146544,2.875109342987141,0.8834511037651939
-0.010738716399448367,0.015312223339878419,-0.007569199449230055,-0.0010522697658083412,0.18337987399951647,0.1290901948596146,2.90915932059142,0.8011907726828456
-0.010690221520707205,0.015304065001376155,-0.007604075287708782,-9.893350945944755E-4,0.18689700524087882,0.18735992220546896,2.931594234183647,0.7534536746676527
-0.01064341318925974,0.015308974097337136,-0.007614234367701097,-9.226978280764496E-4,0.18797381817956593,0.24047588954641144,2.9376243639125614,0.7013679594978183
-0.010601595213687039,0.015308842935982303,-0.007630114242539653,-8.646044244704645E-4,0.18954848698366336,0.28931595801416554,2.9469211691925383,0.656410858812518
-0.01055485875620292,0.01530548533475262,-0.007652341960360936,-8.003566555078605E-4,0.19196311038320843,0.34529780040041547,2.9598071955721292,0.6068556615814943
-0.010522795264129036,0.015350269792261336,-0.007583780395942901,-7.41212657145079E-4,0.18531675557390292,0.36688926224840496,2.9146634027168528,0.5562773703398419
-0.01048855358331028,0.015392276412932187,-0.007520666461623589,-6.817180078291103E-4,0.17929253980432736,0.3908015505600469,2.873051951329684,0.5061817474302998
-0.013149728285236334,0.013956893079459395,-0.006426514174731724,-0.005115535783952934,0.24281491672253222,-2.4802627253148786,1.3269067375125216,3.688463482054186
-0.013162132379082852,0.013946817659325619,-0.006410518350075291,-0.005135977602929129,0.24344478322856047,-2.488838872120287,1.3077447043410093,3.6974495789441533
-0.013199118493116462,0.013916527196078705,-0.006362103029895541,-0.005196692987282792,0.24533250631357828,-2.513687761782524,1.2499523301758015,3.7233986494284497
-0.013225364312736874,0.013897465117042972,-0.006325606647418225,-0.005234746171820703,0.2462291964994642,-2.5283603893929407,1.2088888214132931,3.73673225870763
-0.01321210974406415,0.013907395592527747,-0.006343930018476115,-0.005215049003481999,0.24573298573800592,-2.5207799367365644,1.2297127594959532,3.729625660405564
-0.01318665096580746,0.013926256625141364,-0.006378854915442731,-0.005177209656102102,0.24481152729358766,-2.5058789800753094,1.2694699129795686,3.7156328004835975
-0.013174986716903564,0.013936909625910153,-0.006393465822157429,-0.005156081330975289,0.24396665642225,-2.4971011431554744,1.287837319485794,3.7056707009435903
-0.013152344829187167,0.013973688500283757,-0.006411275335551498,-0.0050860349455523765,0.23956517168125324,-2.4657151970588402,1.3250826925963965,3.6596235321353077
-0.01311616399636198,0.014000967092429682,-0.006457969812377051,-0.0050297462118617155,0.23810454242193102,-2.441695194397178,1.3796007256083036,3.635668919231655
-0.0131315756334551,0.013994173352587116,-0.006435085366783085,-0.005045270656960668,0.23781149714730068,-2.447915442800133,1.3569129217543203,3.638245281122437
-0.01315234195115522,0.013991697436397117,-0.006399886507119199,-0.005054065052879624,0.23629786853718202,-2.450189195902441,1.327117955197228,3.6305790448994837
-0.012833505022752772,0.014206425518031692,-0.006788732476132602,-0.0045728949410873574,0.2268311864723011,-2.219840509093869,1.7766663662271114,3.4067985067586855
-0.012824046344384464,0.014220460815973002,-0.006792076271222599,-0.00454469326248006,0.22511765924444702,-2.205274179261131,1.787498507721555,3.3859358535481094
-0.012822945821488005,0.014240842792572067,-0.006775486653508985,-0.0045099984757209334,0.22168349424844067,-2.187962850386352,1.784895649981994,3.3532726337032592
-0.01284855724931841,0.014200237272837006,-0.006768750239866608,-0.004590401314233008,0.2265930483587178,-2.2293439844384415,1.756107205985826,3.4135069921139345
-0.012868477699110965,0.01419880675178015,-0.0067362737857309595,-0.004601868839272595,0.22512487870681544,-2.2359096117574837,1.7277526648108095,3.411073129849471
-0.012981438049908978,0.014131539846625582,-0.0065990914617370606,-0.00476196125274634,0.22716943505405987,-2.316686911404787,1.5737425597098527,3.4851584181491653
-0.012967154809225417,0.014141759577538616,-0.006615566038954254,-0.004739254256125411,0.22662481048406777,-2.305614502063992,1.5934151785007291,3.4738013477867535
-0.012951366948417474,0.014150730491458596,-0.006635441237396286,-0.004717984897237401,0.2264225111032879,-2.2951499932442285,1.6152114571950682,3.464731767892246
-0.012931823299293047,0.014159725363611046,-0.006661555633313511,-0.0046950204795569985,0.22657228698361226,-2.2836980573290417,1.6422707674119148,3.45654316707871
-0.012884852864415465,0.014193026801283105,-0.006713541555525585,-0.004618868861566283,0.22474242028406458,-2.244939174423315,1.70520904163879,3.416257570836579
-0.012915647823982837,0.014174495263890297,-0.006676928900436199,-0.004663324527938976,0.22536517038001946,-2.2677635083329615,1.6636972116385749,3.4376157189549104
-0.012900496419679872,0.014184984493435833,-0.006693868995788201,-0.004639201685659417,0.2248229069306605,-2.2554732468368024,1.6839948731175551,3.425019891952974
-0.013040767360382061,0.014063846535248706,-0.006547212751884878,-0.004898864846593171,0.23379838739871026,-2.3824590795329317,1.4907230285366084,3.5706666487675904
-0.013090650378536255,0.01402118177433392,-0.006489546651830649,-0.004987752455836654,0.2368607881334443,-2.423159197937578,1.4176469678476895,3.6161936788006193
-0.01310680143611396,0.014014971788552264,-0.0064652118567052755,-0.005002733253042602,0.2363936038372139,-2.4292819538470134,1.394064101708002,3.61792318928335
-0.013066105289440303,0.014040526622463434,-0.006519415648342066,-0.004947111914367301,0.2356480428620969,-2.4048421848455237,1.453817707409027,3.5968673547853536
-0.013057157816827713,0.014054100903483555,-0.006525509854486454,-0.00492074105712434,0.2339907996593033,-2.39239862979602,1.4670260544439724,3.5790090897704627
-0.013081089336448512,0.014034398746684048,-0.006497313858990308,-0.004961952524477199,0.23529824853087827,-2.4111882977241357,1.4320280709293256,3.5995073805507762
-0.012994796861262202,0.014120607833021388,-0.006584581737561786,-0.004785447569630526,0.2279099323359933,-2.328058884487319,1.5552898497289487,3.4977881000044353
-0.013041679598898629,0.014082890373412899,-0.006531737587153586,-0.004865914248841189,0.230342437415568,-2.3661919116271597,1.4894074438440512,3.539409228490541
-0.013023278775795653,0.014093159156174706,-0.006556121751434634,-0.004842354095769,0.23020052792173537,-2.355343519460448,1.5155646927287898,3.5307083812504425
-0.013007587667217472,0.014108791056144505,-0.006571541921972857,-0.004810170384864014,0.2288418936706376,-2.339961882964575,1.5375325462102927,3.511868574019502
-0.012999373612292843,0.014140856207134393,-0.006561135340970303,-0.004752286770187097,0.2241122254283345,-2.3115788943107813,1.547703597382233,3.4636444454562203
-0.012682518819771942,0.014324699961456532,-0.0069263672944362585,-0.004296132502057798,0.21876193157575632,-2.0686352628839546,1.9609150228800802,3.2357432976530673
-0.012675567800156613,0.014341430712359202,-0.00692066711016483,-0.00426493680377354,0.21648860995732888,-2.0523803547149098,1.9649885053597125,3.209517445822884
-0.012667490912788407,0.014361659011540205,-0.006913032830073543,-0.004227619512000464,0.21387699876959207,-2.032988374386901,1.9691953628863776,3.178017497392197
-0.01270390406923466,0.014322104077261468,-0.006894264480759943,-0.004312873361238502,0.21752070241377677,-2.0795800605284067,1.9316696641448734,3.238708178768485
-0.012724444919849877,0.01431916366900734,-0.00686382205005779,-0.004329365532863006,0.21638924522965222,-2.090104909366286,1.9037919156620493,3.241933992995922
-0.012821425634805626,0.014256906906901025,-0.006763444933618824,-0.004482540734869945,0.21918147027940899,-2.174288727531692,1.7835648674222404,3.3279464225051085
-0.012808756272962804,0.014268610357008825,-0.0067737193455870755,-0.0044569252659504574,0.2181855663606733,-2.1607641625949014,1.7988164656512462,3.311567417242954
-0.012799948369882807,0.014285329306326703,-0.006772810255273152,-0.004424980593500044,0.21620304052325778,-2.1443313722182245,1.8073084106986435,3.286620385028369
-0.012784434481307087,0.014291145487947783,-0.00679282757434934,-0.00440749324120335,0.21635294904038202,-2.1344756592601186,1.8275687676960934,3.2796786638984123
-0.01276852656074759,0.014293661410054961,-0.006816514359629555,-0.004395043195658817,0.217275067321768,-2.12692873284754,1.8492235568583955,3.2777324345473327
-0.012756171229649503,0.014304304782030378,-0.0068265779164553295,-0.00437103869252924,0.21636905145186555,-2.113937814631667,1.8636837749129425,3.262381008912446
-0.012741085334240572,0.014312552981720385,-0.006843215601637274,-0.004349380337848061,0.21625908573316813,-2.101750761914556,1.8824717896612817,3.2509188291333935
-0.012557561468421304,0.014427133406093856,-0.007016875662869475,-0.004053417132507682,0.21147267178689327,-1.9299751129057425,2.094098205660126,3.0725058338749784
-0.012554930624165744,0.014457142875458073,-0.006988010704844263,-0.004005325867041641,0.2066933819669792,-1.9061992269584975,2.0845185567739875,3.026590693852432
-0.012583696965475571,0.014424151811586464,-0.006979503608971642,-0.0040757319300943765,0.20991694116023005,-1.945600242950573,2.0599653902988155,3.079200539360164
-0.012605379561711318,0.014418692213688251,-0.006951593872996073,-0.0040985302072944416,0.20916651145366025,-1.9604119851552826,2.032834273743953,3.0888654240141205
-0.012624268714351334,0.01440976138349707,-0.006931533688102498,-0.0041246691893598595,0.20924908296025957,-1.9761931646880946,2.0107590709778393,3.103314173547796
-0.01264242581476921,0.014396883066454683,-0.006916492392899868,-0.004156346380568826,0.2099895267756449,-1.994462254432365,1.990935055958847,3.1235063955403244
-0.012666065874714178,0.014389823295250565,-0.006886520910744618,-0.004182048838756555,0.2092724639985897,-2.0104093940396983,1.9613412366119605,3.134467634730477
-0.01348085221586996,0.013695393895045696,-0.005950237370021253,-0.005604764527941745,0.25602189380040213,-2.6459233543200074,0.7911010730276874,3.841998874776848
-0.013260543068002045,0.013865237187158274,-0.00627938881823388,-0.005296984218495046,0.2485913860493735,-2.552613811341697,1.1519228586967458,3.763867961682855
-0.013249302024270347,0.013875825607191236,-0.006294149447076409,-0.005276671498319993,0.2477554497743931,-2.544766404149302,1.170280862719978,3.7549289372862957
-0.013275078532287599,0.01386926360325225,-0.006250956473397208,-0.005290982950287618,0.24634832633054055,-2.547412028369929,1.13234370416868,3.746819074518308
-0.013468967809645328,0.013706393946712865,-0.005968263070696706,-0.0055859213273377365,0.25535345382397606,-2.6408092617590264,0.8116736321125552,3.8368003092699277
-0.013419309135385823,0.013743593898229592,-0.006045468743243089,-0.0055217619445969545,0.25407940749205693,-2.6247489816389398,0.8935199566521339,3.8260993013194438
-0.013456787914022343,0.013717027852888414,-0.005986819525359625,-0.005567640579463107,0.2547706777569321,-2.6359048041405697,0.8324190041937446,3.832207802024769
-0.01344407772561728,0.013727175548330578,-0.006006390333258795,-0.0055501481928774445,0.2543178591054374,-2.6313681632596047,0.8536224399482545,3.8286166624385305
-0.013430928335931108,0.01373623726003085,-0.006027046846257233,-0.0055345166949853615,0.2541412327209707,-2.6276545000900327,0.8749411088392381,3.826852239415047
-0.013412987480450637,0.013758368466403893,-0.006051262040954407,-0.005495140209930881,0.25205113036054244,-2.6142215155833584,0.9077383096899084,3.8089702339698026
-0.013287389375142266,0.01386265572537559,-0.006232102993209517,-0.00530390894578011,0.24628140217052172,-2.5514354497745866,1.1134552017224448,3.7482529544227376
-0.01330103397316734,0.013853729391071892,-0.006211933878056338,-0.005320983180311101,0.246508428257695,-2.5570733592201615,1.0921052764540986,3.7521610303170974
-0.01331381595197098,0.013843142868146288,-0.006194020495595597,-0.005340856950819272,0.2471380289296818,-2.5640635357979007,1.0714602167216842,3.7591147575820965
-0.013398180147498598,0.01377017078424359,-0.006073482918781076,-0.005474200359479737,0.25153782222949433,-2.6081625285177163,0.9321669267115044,3.8037972877433117
-0.013324830877501035,0.01383162753823341,-0.006179603230337091,-0.0053622063879809065,0.24803641180350341,-2.5719644585725905,1.0529181353691077,3.7686881648306767
-0.013334739980598476,0.013818381229865166,-0.006167833964356116,-0.005386575142880218,0.24951031303411514,-2.581367679236524,1.035257971745932,3.781668510252831
-0.013384551250802252,0.013778989311256951,-0.006094640687891828,-0.005458468903017002,0.2513168575091331,-2.6040678148357745,0.9538587787688665,3.8019284425539333
-0.013370236349351717,0.013787004434189091,-0.00611729387206171,-0.0054440450828557,0.25148941459144125,-2.6005881942094455,0.9762215354684065,3.8016346409825466
-0.013349180839400905,0.013810507674031398,-0.006145220824466373,-0.005401195535642722,0.24932985942880256,-2.5852652706681565,1.012867703764831,3.7823624192595813
-0.013360642656190953,0.013800003653421778,-0.006129091605784263,-0.005420401095109501,0.2500451691268388,-2.591767821789705,0.9937338537428587,3.7893715236773304
-0.013252048804135202,0.013890574447910559,-0.006281237757090807,-0.005250306361971493,0.24483705431139394,-2.5318173793109806,1.1696362660572341,3.7292991425011066
-0.013244124774799812,0.013904864665655166,-0.006287704010431142,-0.0052237077844698296,0.24298435790462822,-2.520365594198094,1.183818860002552,3.7119687080832895
-0.013799820993400831,0.013317287780913532,-0.005419918948404617,-0.006208305831884146,0.2851719626824893,-2.7689985082203132,0.1605622413975394,4.0011404473186785
-0.013809420092344657,0.013304325750273857,-0.005401823064373829,-0.006227542655384042,0.2862561808368507,-2.77108416826888,0.1394341673873307,4.004574288248958
-0.013805595656300374,0.013334016642503594,-0.005409819649811721,-0.006175033339040815,0.281460057044222,-2.7544681740283337,0.16729901575258307,3.971347408896684
-0.013685272374305765,0.013494088583191061,-0.005621711163512865,-0.00592932421618867,0.268279972691114,-2.714321923132266,0.4217979858838818,3.9115933815657127
-0.013696586375484295,0.013481841262618114,-0.005602482979122925,-0.005948034734891612,0.2690676630178735,-2.717218687684582,0.40024262763434476,3.9147951915478134
-0.01374479370439704,0.013416170432790565,-0.005519726304899856,-0.006050730649673049,0.2747667722288875,-2.7366566497434204,0.29819723262365183,3.9437829309835264
-0.013726432304376205,0.013440266192690526,-0.005551780691342278,-0.006013606022516228,0.27281615023036604,-2.7303917882757465,0.3366777746583166,3.9346340792285646
-0.013739388518049706,0.013430786357859367,-0.005528775818825681,-0.006026119811661656,0.27279829436979286,-2.7297042998148062,0.31491391157235754,3.9310280491225487
-0.013708047894849924,0.013469562520841513,-0.005582848317763033,-0.005966610674124766,0.26984478077096385,-2.7198690957005662,0.37844188613041657,3.9176107083910554
-0.013721055720630836,0.01345620445799104,-0.00556034860733346,-0.005986461475485558,0.27056029126555153,-2.7222406609842973,0.35404450280379507,3.91971475282288
-0.013493073792026897,0.013684335645440771,-0.005931479512367654,-0.00562354231898416,0.256664457623801,-2.650795642879554,0.7699976812363181,3.8467241964373255
-0.01351944891016175,0.01363118023418978,-0.00589881242328484,-0.005717297945811138,0.26342089819001485,-2.683902900523842,0.7097591549853974,3.899960340435148
-0.013509717930768654,0.01364272973558849,-0.005913483915138486,-0.005697544278028678,0.2623963428058691,-2.678275797917198,0.7282817474052932,3.8926522137028887
-0.013534501999249654,0.01363425954235258,-0.005870317134846568,-0.005709171508873372,0.261066395811543,-2.6758418796636803,0.6916549073893399,3.879669949801028
-0.013546322970495274,0.013626907346184169,-0.005850604692735863,-0.005720603618830488,0.26100689350153844,-2.677096667978981,0.6725963744983384,3.8781868353676354
-0.013559564571722046,0.013617453314348646,-0.005828767539242145,-0.005735484185411013,0.26117339752169005,-2.679268366118627,0.6506434184138752,3.8780978722065775
-0.013572827298802147,0.013606592643941309,-0.005807135394254439,-0.005752762986364026,0.26160116688919915,-2.682318845474503,0.6279134243904171,3.8797928498297236
-0.013591809761431742,0.01357775556854458,-0.005778812923262734,-0.005801512616289529,0.26462258035374603,-2.696468084834765,0.5878787230011672,3.9010558379443565
-0.01360308997657303,0.013569603908279297,-0.00575982071241891,-0.005813853970037044,0.26474536866552123,-2.6977568311440216,0.5690126591000974,3.900296323363826
-0.01358639644860511,0.013593160285023491,-0.0057853949269657794,-0.005774500832326826,0.2624350793430769,-2.686998888241192,0.603358624378295,3.8846145866586808
-0.013673403501146717,0.013506057547255335,-0.0056418474117174615,-0.005911148964740987,0.2676043501128724,-2.7117146600100708,0.44379354847379543,3.9091930809858897
-0.013615424222918752,0.013559301708480782,-0.005739247493418781,-0.005829747843303941,0.2651400718688918,-2.700043592305736,0.547593993865713,3.9012557930014196
-0.013626238908037708,0.013547576226475106,-0.005721608125247525,-0.005848481270532682,0.2658780325399086,-2.703902935630813,0.5272077667206382,3.9057376512877835
-0.01363483470421245,0.013534586011442001,-0.005708101644767589,-0.005870006374664894,0.2672944201646121,-2.709557399793845,0.5087184052057078,3.9143470969583065
-0.013660817816875954,0.013517458224324626,-0.0056632402806719795,-0.00589406708896565,0.2671233447571733,-2.709675127052773,0.46626411292117315,3.9081777986147865
-0.013647520270544939,0.013528054687209523,-0.005685941167301999,-0.00587848455230244,0.2668059778925432,-2.7083598382256073,0.48909451476933485,3.9088630941998024
-0.013514397245293842,0.01365760164345251,-0.005900603877856177,-0.005669565472847946,0.2591472941988764,-2.6647583196905273,0.7294253680433697,3.8655200117442083
-0.01350733174832904,0.013672541695708055,-0.005909092814000317,-0.005643249859913006,0.25715588559287306,-2.6553701533387515,0.7458224159768407,3.85028093607611
-0.013756006347214545,0.013408095785543712,-0.0054996371378280605,-0.006061089934821315,0.27472235604500583,-2.735685521495767,0.27943620506374517,3.9401171952265197
-0.013768554866182602,0.013397977342234467,-0.005477136947535255,-0.006074499396404492,0.27485828911138693,-2.7351557342557267,0.25770803154095234,3.937245016413384
-0.013809469151367035,0.013349980505119069,-0.0054030919222734135,-0.006144224798069759,0.2779292143148288,-2.741758928197989,0.17557892013436982,3.9454993224411594
-0.01379695418179393,0.013358730647814957,-0.005425926912005834,-0.006133900458088123,0.2781539756010498,-2.7438938014617227,0.19618799912606077,3.951050636222404
-0.01378933709091857,0.013372868879317582,-0.005439780285927435,-0.006111499147894591,0.2765666576706938,-2.739344114005138,0.21550589362771802,3.9428428187177587
-0.013780072028236506,0.01338593320957067,-0.005456470905894303,-0.006091668312640733,0.2754995296829534,-2.736329178602105,0.2357415294406973,3.9380146423039437
-0.013828981041492302,0.013279739819998434,-0.005364615718800466,-0.006263013559675634,0.2879946645677908,-2.773659883066159,0.0977045569724244,4.008531125497954
-0.01381992873445508,0.013292006241697005,-0.005381950736550033,-0.006245031994887173,0.28696048320591044,-2.7719964552319056,0.11775383320167575,4.005667869842376
-0.01384398294274354,0.0132812205470555,-0.005337322488865903,-0.006252755032433663,0.28563246064623715,-2.7626302053877376,0.0825919418269541,3.9852145735891105
-0.013855055645777182,0.01327231311136172,-0.005316496577683472,-0.006263303757122702,0.2855850385962093,-2.76058995197995,0.06329280790132479,3.9805933649766234
-0.01386625985911741,0.013259954853040087,-0.00529506522364749,-0.006279909650178766,0.28625141309981544,-2.7603737941604507,0.04102011416333768,3.9798631228923154
-0.013875956927254678,0.01324788615579388,-0.005276279025129043,-0.006296634356428548,0.2869833670607995,-2.76084297330039,0.020531234866685007,3.9807165607629993
-0.013886420882976981,0.013236460689049767,-0.005256063124137163,-0.006311645470651717,0.28750948773625673,-2.7602213418961123,-1.9978304078626047E-4,3.9794386397452137
-0.013896822730321287,0.013224246172936696,-0.005235760755786319,-0.006327975089897808,0.28817156936298466,-2.7599254938031255,-0.021543582086640093,3.978980800872361
-0.013906496655469378,0.013211796809819024,-0.005216623410228903,-0.006344997859437644,0.2889781454662279,-2.760102051251914,-0.04236657052917329,3.9796412226439166
-0.013916704242126368,0.013200174371607316,-0.005196525171290062,-0.006360084063437543,0.28954332652832826,-2.759243139538622,-0.06302609862694315,3.978287196538529
-0.013938054690733517,0.01317455060603722,-0.00515394167521746,-0.0063935456099847845,0.29094255234716715,-2.757602319398447,-0.10735705709672093,3.9762553614321567
-0.01392818328292843,0.013188221994589605,-0.005173987635433038,-0.00637486799368242,0.2899321851585565,-2.7574554601672987,-0.08522723879956919,3.9751859970334738
-0.01403131928301884,0.01307481590717344,-0.004965704703160807,-0.0065104993009146945,0.2939616655801221,-2.7353552338091935,-0.28867696268803267,3.9423784032949776
-0.014041497624925856,0.013065193761012618,-0.004945141217651217,-0.006520319552187125,0.2939981806610085,-2.731551896663486,-0.30702033922214594,3.9363385388053014
-0.014068301290906542,0.01302560207350954,-0.004886420621674492,-0.0065704966870496154,0.2965686893884104,-2.7270484803407284,-0.3693547562241679,3.9340133468767418
-0.014061930277656712,0.01303925978836603,-0.004901762571876549,-0.006551231410534728,0.2951285324826163,-2.7264206290868973,-0.35026056363743213,3.930448194480743
-0.014052173607978398,0.013053008220328545,-0.004922923487470257,-0.0065341545002547,0.2944145003799088,-2.7283570109398436,-0.32826930207805277,3.931983231082699
-0.013957658216870499,0.013148944724017534,-0.005114004202786589,-0.006427428602614184,0.2924909776862872,-2.7564841757596956,-0.15000301822691683,3.9758518011825177
-0.013948308071961353,0.013161604804763272,-0.005133198626267176,-0.006410534788557042,0.2916375287966679,-2.756871211068456,-0.1292558371103122,3.9756496763871034
-0.013972016782155317,0.013149754356792866,-0.00508848777095221,-0.006416933966315953,0.29011310421875547,-2.745089242966134,-0.16293597804868573,3.952952389756289
-0.01400531539782198,0.013117835605809766,-0.00502241846774976,-0.006452115568895643,0.2905156411361917,-2.735444866306478,-0.2238290859487447,3.9370191514519637
-0.013994337239415067,0.013129948398903607,-0.005044614591298708,-0.0064378507655402225,0.2901061281960276,-2.7379962706150525,-0.20230723395595132,3.9407397529000963
-0.013982893304807507,0.01314108670055814,-0.005067339822928279,-0.0064254517722594435,0.2899382694578909,-2.7412105291032556,-0.1812318037345619,3.946007642895157
-0.014016194463716882,0.013105216629214607,-0.00500018071965528,-0.006467174888141633,0.29103611998062057,-2.733025411394028,-0.24571538410059998,3.9337492541509946
-0.014027470486345981,0.013091084836876472,-0.00497675350789261,-0.006484459294239276,0.29170644493012093,-2.7308096080465196,-0.2693888210864264,3.93120513892709
-0.014103260578046737,0.012931511556556625,-0.004792499878878581,-0.006708133695383097,0.3067979033669616,-2.7352226582866987,-0.4954446470611222,3.9687045375989176
-0.014094481744553675,0.012944720309584865,-0.004812876583800697,-0.006692086677390851,0.30600162348770293,-2.7378781970843757,-0.4744276068534523,3.9708571290008554
-0.014085407863772726,0.012958088917236134,-0.004833708708898956,-0.006675850251384918,0.30523199820226404,-2.740544016138951,-0.45300933842872304,3.97311433419827
-0.014093710842851334,0.012974194462605513,-0.004824921343265617,-0.006641136032478317,0.30119275406896756,-2.7268497782161236,-0.4429285192994293,3.9434020614710152
-0.014079984247527747,0.013017293737697742,-0.004863368858329122,-0.006576345994372725,0.29596396633524463,-2.7208228822991245,-0.38743269475279235,3.923444116160694
-0.014091574038759087,0.013004638538145617,-0.004839046420142025,-0.006589691156039212,0.29626304201520764,-2.7163374232182522,-0.40974627560556254,3.9171380717452684
-0.014102141936636515,0.012991130930495325,-0.004816122012053481,-0.006605109542415902,0.2968103053540994,-2.7128559541399606,-0.432062149840491,3.913061844073265
-0.014130742771857321,0.01289321575353722,-0.004729239509982573,-0.006752134918097793,0.30859826724513995,-2.724652291172859,-0.5578370373122062,3.9575847618602977
-0.0141384718324456,0.01290826746459559,-0.004722065071781461,-0.006719583779284056,0.304786757435724,-2.7123781933016846,-0.5473807779977999,3.930475666962011
-0.014129050927137912,0.012920861089876771,-0.004743441215432464,-0.006705595145911486,0.3042591983528558,-2.7162688372084323,-0.5267892118502849,3.934878005601575
-0.014119755007208433,0.012933143557635076,-0.004764384109020186,-0.006691894245354176,0.30376751785395123,-2.7199863414247623,-0.5065877974105885,3.939130386187378
-0.014220342622058478,0.01276224887677895,-0.0045137457229886555,-0.0068964339901501845,0.3143521298300201,-2.680619292439409,-0.7659873486174317,3.911735107376273
-0.014211762056964583,0.012775968747852745,-0.004535422386908078,-0.006881285562101117,0.3136846575070887,-2.6853156735149173,-0.7448641296236193,3.916192796396565
-0.014139960492256387,0.012880229944199672,-0.004707759434717519,-0.006766837116758074,0.30917687708531183,-2.7207932545001277,-0.5788532883955372,3.95351365280785
-0.014148706621731786,0.012866997963987074,-0.00468688183555334,-0.006782218962836875,0.309875959127539,-2.717263649640085,-0.5997716429700547,3.9502507278861914
-0.014157301821178477,0.012853851542498206,-0.004666190636777961,-0.006797437797337417,0.3105892505717391,-2.7136646681902667,-0.6204776977822036,3.946942042723165
-0.014173657430687076,0.012855452924721358,-0.004638810966727254,-0.006780369827367479,0.3074919075270031,-2.6980981506608717,-0.6302949588431681,3.9170033913965163
-0.014192886709059355,0.012831048335344123,-0.0045946966615618276,-0.006805000354431379,0.30813630143700627,-2.68777898342586,-0.6704965060400391,3.9043338653841473
-0.014183186837922137,0.012843421330597701,-0.004617016427716194,-0.006792547163596387,0.30780725601213416,-2.6930488779508424,-0.650180425076338,3.9107796861951267
-0.01420236930085097,0.012818258317244547,-0.004572467078238197,-0.0068181979909274154,0.30856056005848637,-2.68265752422538,-0.6910696321646944,3.898390042066659
-0.01421161130648801,0.012805190037307394,-0.004550420672593078,-0.006831926307306808,0.3090550573548954,-2.67765938921576,-0.7117432391416777,3.89286339639909
-0.014220759990313976,0.012791841029867955,-0.004528296468035236,-0.006846055921945993,0.3095970074539247,-2.672643329697284,-0.7326249070862693,3.8874912134229516
-0.014613365371455134,0.011927915960164922,-0.0032131622953838323,-0.007688799768828765,0.3498678278745942,-2.2043998694424065,-1.917244616330768,3.4659828934571073
-0.014607285815467807,0.011942399911086575,-0.003237291564787637,-0.007678671631908271,0.3500920905000347,-2.2165842245277507,-1.8996621435257086,3.478615620889221
-0.014623153971848046,0.011940535263435213,-0.003214075476989191,-0.007657174227513605,0.34239284419173815,-2.202880299380423,-1.8962600547050943,3.4499117543687796
-0.014619399384801345,0.011913413003953132,-0.0031889966361633147,-0.007698854043037323,0.34971356527832226,-2.1920840147623313,-1.9347525716340475,3.4532116644251665
-0.014635306861399404,0.01191148292073909,-0.0031658792090652724,-0.0076771170691529575,0.34278414633537996,-2.1782066422731354,-1.9310840481193041,3.4245417792264177
-0.01462538779552746,0.011898891187242081,-0.0031647956548382767,-0.007708833946705708,0.34961666392348456,-2.1796181400723147,-1.9521878186385573,3.4403016474378334
-0.01462924941830042,0.011926019493563379,-0.0031899985429704116,-0.007667188099951691,0.3426054329239662,-2.1905919204837194,-1.9137165132123395,3.437283704595379
-0.014576207035553427,0.012014529515234589,-0.003357507713644157,-0.007626873164223116,0.3490709415384187,-2.2763220574506104,-1.8103495546886952,3.5399604499668023
-0.014585784842316393,0.01202731839064776,-0.00335776214996482,-0.007595162151963426,0.34120137765917663,-2.2742184566212447,-1.7896033848151858,3.5231170328685733
-0.014582513384860307,0.01200014276429862,-0.003333523942424412,-0.0076373862734938425,0.34938351282037966,-2.2645729021365173,-1.8283808240290262,3.5278626330171448
-0.01459215394857885,0.012012902094939078,-0.0033338591111526064,-0.007605649133474707,0.3414647480099497,-2.2626141200440717,-1.8075552840936615,3.5111709508292672
-0.014601160777393509,0.011956864711873455,-0.0032613786753541464,-0.00766847207529014,0.3509363586209588,-2.2286605163596738,-1.8820066106179594,3.491107635753675
-0.014617026165305788,0.011955027846768754,-0.00323810091546328,-0.007647070555215805,0.34205743667039834,-2.2150604625478656,-1.8787115341110603,3.462413772450222
-0.014594990318363586,0.011971310217633166,-0.0032854376686364487,-0.0076581951194097456,0.3516556889416531,-2.240680154566858,-1.8642495802501766,3.503456184616357
-0.014610880673949049,0.01196950878840581,-0.003262067904993464,-0.007636841894712128,0.3415950807346962,-2.2271238622972795,-1.861047190283868,3.474763557052207
-0.014588774500088612,0.011985736283431544,-0.003309490408898485,-0.007647831347546658,0.3508600295026636,-2.2526697220671648,-1.8463636050201233,3.515692655018643
-0.014604709896092414,0.011983989498172982,-0.003285995736624517,-0.007626486191105398,0.3413397601646518,-2.2390676562948406,-1.8432712351302378,3.486972757201596
-0.014598472931664344,0.011998459742206586,-0.0033099244833746017,-0.007616074409688663,0.3414322071151104,-2.2508965023484646,-1.8254332453971622,3.49910403547359
-0.014487717833382664,0.012268604226451998,-0.0037330018017707705,-0.007384572080732344,0.33522119643894427,-2.4345680196580193,-1.477953058750989,3.674305533227734
-0.014480458719361553,0.012282764702224495,-0.003756402409355758,-0.007372825670941323,0.33482045121063736,-2.444201257232452,-1.4587722652719977,3.6842672155545846
-0.014494782300939466,0.01225435792626491,-0.0037097282013102066,-0.007396532230817432,0.3356544924309301,-2.4249686548956046,-1.497116997374656,3.6645325045608312
-0.014508540244320987,0.012225980264229218,-0.0036635737894176426,-0.007420278255507079,0.3362670752084431,-2.4056830840338286,-1.5349931882585686,3.6450196837093003
-0.01450167858687644,0.012240129855329678,-0.0036866325010815122,-0.007408521142687022,0.33601173021662545,-2.4153854183214123,-1.5161463631645573,3.654862988219765
-0.014576331426445495,0.012083332797678448,-0.0034286936750956803,-0.007531615313960113,0.3389374545610963,-2.3004115891190753,-1.7199043194770216,3.536751136888896
-0.014595593012846513,0.012040231893432743,-0.003357935246429307,-0.007563717113835573,0.3394929990033199,-2.2668195700190092,-1.773848122873179,3.502351311273792
-0.014589202170945755,0.012054664501440764,-0.0033816229042700004,-0.007553049767846191,0.339288265284532,-2.278160531181253,-1.7558835665944237,3.513960730144961
-0.0145827625247775,0.012069023746485911,-0.0034052269090209587,-0.007542386248629208,0.33909829017488596,-2.2893761552972443,-1.737912009806638,3.5254658442328295
-0.014515468884705429,0.012211892542373343,-0.0036403932305748023,-0.007431694979324646,0.33648100777508233,-2.39575454966193,-1.5536899025559372,3.6348141589887466
-0.014542960886953253,0.012155099253547791,-0.0035467889062657386,-0.0074766655924860285,0.3375161409786058,-2.354579155775253,-1.6281147664407174,3.5924043768397707
-0.01453613647437956,0.012169327653327415,-0.0035702666928616317,-0.0074655616646309335,0.33733476655672723,-2.3650728030871586,-1.6096067507185146,3.603224969668133
-0.014522451663989187,0.012197783762968076,-0.0036170366116220804,-0.007442907863991173,0.3367498725470787,-2.385604022639629,-1.5723294696731178,3.6242961995556144
-0.014529354557317386,0.012183581279722083,-0.0035936291687844956,-0.00745419902811751,0.33707092732441407,-2.3753609445524195,-1.590984551084466,3.613743560875442
-0.014586686318031068,0.012096268452880697,-0.0034273403518570544,-0.007499178097026825,0.33429843351654687,-2.2940294455889574,-1.7028390475862316,3.515569525998474
-0.014559709527802278,0.012154183288038979,-0.0035220741755066717,-0.007455167580870018,0.3333538553227848,-2.3374353212337486,-1.629480282383698,3.5601955721578364
-0.014567017304052588,0.012139928537200058,-0.0034979330005180213,-0.007465332763216995,0.333454062865202,-2.326300913925211,-1.647690460364707,3.5482279192332267
-0.014580446466826867,0.012110713039544497,-0.0034504040395077497,-0.007487775663089661,0.33397749966456,-2.3045919544099807,-1.6846797148882013,3.526067604797715
-0.01457399320877658,0.012125348942924115,-0.0034738708126909657,-0.007476238841744175,0.33364636244735935,-2.315267125734066,-1.6661964058437226,3.5367439566811574
-0.014359801516804384,0.012504901825891231,-0.004122382723947777,-0.007175051761221927,0.3284652849793212,-2.5798098332900596,-1.145582337018735,3.8239562830538536
-0.014451006459522754,0.012338831695195654,-0.0038493013810397005,-0.007325580450546799,0.33339279564380825,-2.4814547220044676,-1.3818171367664915,3.722928486441425
-0.014443561912064229,0.012352733376094134,-0.0038723441095928567,-0.0073136368050885706,0.33306945196594123,-2.490427736091256,-1.362499831300978,3.7322482010585536
-0.014436197030230644,0.012366648152758527,-0.003895192838148522,-0.0073014131307652394,0.332724690779866,-2.499146637095171,-1.34311099546089,3.74118674992302
-0.014428796627087513,0.012380538822644255,-0.003917990187283629,-0.007289109414784993,0.3323737432578207,-2.507731096359509,-1.3236693567553475,3.7499813583632213
-0.014421377892486001,0.012394404243268278,-0.0039407082261842296,-0.0072767071961758025,0.33204071179752964,-2.5161624351198415,-1.304182712741347,3.758598032322581
-0.014413978594063662,0.012408291719901364,-0.003963325267499034,-0.007264088912438643,0.33165301145239034,-2.5244002337800846,-1.2846091900370247,3.766942090317579
-0.01440649965548875,0.012422200246405668,-0.003985991820285423,-0.007251375117502445,0.3311527897579,-2.532550930037235,-1.2649205055886104,3.775205685333605
-0.014398826534671819,0.012436048035016689,-0.004008822601430143,-0.007238827241454499,0.33064972261638736,-2.540739527789564,-1.245168952852306,3.7836496368156562
-0.014391028530977458,0.012449818508183864,-0.004031701345673193,-0.0072263862561685625,0.3302464774195735,-2.5488929389883506,-1.225390559330778,3.7921490561273656
-0.014367727323719664,0.012491208831695787,-0.004099717368790481,-0.007187865395460788,0.3288865398179979,-2.5722117533979847,-1.1655876268792287,3.8160751719107666
-0.014383291590076007,0.012463607493847907,-0.004054410907921905,-0.0072136835832126425,0.32986795121446777,-2.556809466201631,-1.2055401953349418,3.8002976959186667
-0.014375583188512406,0.012477436491245981,-0.004077014817946333,-0.007200724748419168,0.32939237879042915,-2.5645188584403207,-1.1855898284409825,3.80814362120891
-0.014490035038591913,0.012296542054993592,-0.003754211616858301,-0.007340034230326717,0.3302537016707054,-2.436537932192192,-1.4424571362024474,3.6616978444791557
-0.014482632495621602,0.012310547990390212,-0.0037774116135161216,-0.007328524990033939,0.3299621015237038,-2.445971570542302,-1.4235051609721954,3.6715743567284487
-0.014475326549949652,0.012324687837268455,-0.00380050139162173,-0.007316527684762202,0.3295902004986977,-2.4551556309111344,-1.4043216754281491,3.6810012053751713
-0.014467593199953681,0.012338656531523657,-0.003824005736268779,-0.0073051595038216175,0.32934834899815685,-2.464595609873735,-1.3851873195246494,3.6910926063623104
-0.014228571089539543,0.012748498956488137,-0.004492533298165157,-0.006911814975665333,0.3151047564967961,-2.676077994170925,-0.7869068943861701,3.907693283062376
-0.014244897587423555,0.012721690975649222,-0.004450371513356037,-0.006941090497195713,0.3164433999929848,-2.6664132148788373,-0.8277928755076257,3.898593378887831
-0.014236638569238047,0.012734964538748643,-0.004471595120835327,-0.006926838252064763,0.31581721192528406,-2.6714559294082094,-0.8074604424134219,3.903533312948871
-0.014261379206703527,0.01272285809767379,-0.004423479489180356,-0.006923007734990944,0.31323613111574294,-2.6502005881079675,-0.8360132436354702,3.867880949219604
-0.014270800170534599,0.012710217395193206,-0.004400681993354023,-0.006934752619333178,0.3134998469902632,-2.6436819936226432,-0.8560016500459492,3.860080348693168
-0.014280264664826037,0.012696619738570128,-0.004377186679784561,-0.0069478741224633786,0.31388193529773334,-2.6371330829315816,-0.8770422557302915,3.852653967026225
-0.014288088227924715,0.012682312923148654,-0.0043558858785206905,-0.006963645200748769,0.31470335575403646,-2.6321173459676817,-0.8979615769355146,3.8484437908330693
-0.01434526350655841,0.012560992410505989,-0.00418527519868745,-0.007101256908334823,0.32227487122454623,-2.591290813351875,-1.070312543010157,3.820160935625708
-0.014368541326683748,0.012518901321142863,-0.004118524601592108,-0.007142832694045117,0.32400780477872,-2.5705736363897596,-1.1312266267974538,3.79995397954324
-0.01436103562847047,0.012532840402262305,-0.004140408247388857,-0.0071289952564932675,0.32339325631266663,-2.5774091334387568,-1.111182090761359,3.806497144348032
-0.014353369981560135,0.012546993799023807,-0.004162593684080993,-0.007114837803618121,0.3227789304355077,-2.58421364319727,-1.090766473984769,3.8129890246045384
-0.014354507990264076,0.01257631852241259,-0.004180796988170857,-0.007066517489182143,0.31821339956712613,-2.580638637342148,-1.055772235067801,3.794034694009278
-0.01434557420834579,0.012589666701947914,-0.004204066841216189,-0.007054717053734993,0.3179311998409768,-2.5882749772929796,-1.0358651153205651,3.802702717607222
-0.014336184930504486,0.01260198031783053,-0.004227320937593166,-0.007044909187502539,0.3178843028353699,-2.596308611635085,-1.0169055472332753,3.812614612747165
-0.01430365374950387,0.012654893314390604,-0.004313786980086938,-0.006992859344340727,0.3160323409997981,-2.621417142586249,-0.938304910008772,3.8386563000825844
-0.014296278176491059,0.012668516666024915,-0.004334169386726281,-0.006978050395208543,0.3152704154189787,-2.6264670393899636,-0.9184773151753006,3.842976489871535
-0.014318856805835414,0.012654101949852845,-0.004288460139836252,-0.006978490959313419,0.31317189143314833,-2.6066975813477944,-0.9467482381951081,3.811612227217874
-0.014328530674918067,0.012643493795703483,-0.004266184001122741,-0.006985724302503709,0.3129248495162075,-2.5987641439531424,-0.9639160752169883,3.800913565982546
-0.014337769056448563,0.012630273863730564,-0.004242939322387364,-0.006997491447706322,0.31313841574995255,-2.591459986067122,-0.9838631477973551,3.7924549074073197
-0.01434286443066174,0.012615763586999517,-0.0042254611675142635,-0.007015548998953057,0.3144763517350118,-2.5881835375243263,-1.0034044854604651,3.7920645968242352
-0.014778965067767894,0.011470201646392161,-0.002450335060208148,-0.007964791923862574,0.34873896777794505,-1.7722046606964372,-2.419697433763611,3.022322380990067
-0.014794714736792697,0.01146688707694718,-0.0024294644386271933,-0.007940941262750389,0.34272886480175385,-1.759273135075783,-2.4121912133639074,2.995091233358863
-0.014783560287475503,0.011455180736571003,-0.002425279655541686,-0.00797245693324427,0.3494458687549485,-1.7566191835873528,-2.434419928496117,3.0063626853511116
-0.014774322728061404,0.011485207893971856,-0.0024753454773825596,-0.00795705471623556,0.34890544602512796,-1.7875739894569465,-2.404919862428789,3.038171240797008
-0.014790037040380705,0.01148192258396564,-0.002454415083223471,-0.007933359094845993,0.343034472908408,-1.7745850577334428,-2.397587626751808,3.010824628418335
-0.014745481092211748,0.011574931491672196,-0.002624880153794523,-0.007908985942150278,0.34973522549967334,-1.8778595074910251,-2.314123439743612,3.1308128637598163
-0.014740509980012716,0.011589831792800676,-0.0026496906279287486,-0.007900708605561633,0.3509763856592512,-1.8924821150068754,-2.2986940576955837,3.1459511786136525
-0.014756231091830038,0.011586780587820882,-0.0026281802199873243,-0.00787763918928028,0.34346930109847257,-1.8795434259718657,-2.2922352568764635,3.118304151882206
-0.014735492086180694,0.01160471639292431,-0.0026744616573258603,-0.007892357830140348,0.3527552013690805,-1.9069964287175332,-2.2831794314129703,3.160915503737009
-0.014751218538813895,0.011601663942902768,-0.002652856300502619,-0.007869395774434658,0.34311591320162277,-1.8941556064468654,-2.2768262995695463,3.1332612018084163
-0.014730427458694158,0.011619585149978953,-0.002699220624555763,-0.007883924364363647,0.35369691523592645,-1.92150029771506,-2.267533790133202,3.175731617905129
-0.014746207500330002,0.011616544221941139,-0.0026774712606437907,-0.007860984953235851,0.342753667293949,-1.9086817900661204,-2.2612576330723813,3.148076202328324
-0.014810140026172798,0.011364753797800303,-0.002274589425668359,-0.00801675105027556,0.3480161835129428,-1.6614360722865655,-2.520639003350273,2.909437801324144
-0.014825734450902453,0.011361006013195755,-0.002254218393851704,-0.007992704832694058,0.34163861618404207,-1.649356874376224,-2.51232340734127,2.8827643458351724
-0.014814404250277425,0.011349633918850095,-0.0022493819596740685,-0.008023860149998738,0.3481163690339441,-1.6453464159453253,-2.5346263274355083,2.8929018310147394
-0.014818620992578935,0.01133450055446882,-0.0022241264777163386,-0.0080308973088361,0.34942635392674354,-1.6290644614634775,-2.5485541650272485,2.8763048609763504
-0.01483002979518643,0.011345829955804803,-0.0022290505634763908,-0.007999686953805372,0.3411559400587967,-1.6333122734025995,-2.52615295820902,2.8663105571939376
-0.014822790206067778,0.011319353867715836,-0.002198853657304005,-0.008037853905647757,0.35072198020306056,-1.612682502338477,-2.5623898465501775,2.8596978140668834
-0.014834232715567974,0.01133062469188939,-0.002203879681450641,-0.008006679453498743,0.34053053204285416,-1.6171700270112925,-2.539943067001914,2.849807361102451
-0.014882998096217483,0.011075327667428126,-0.0017922211807267921,-0.008138181317325048,0.3431094460936461,-1.3416739215292435,-2.7685157041355004,2.582937849729738
-0.014879595159429937,0.011090665429940796,-0.0018177833908393198,-0.008132509970452862,0.3435320834881293,-1.3591561306057418,-2.7564570883983968,2.600866327299369
-0.014894959302863033,0.011086027038978699,-0.001798800790479146,-0.008107448014312233,0.3370677508798981,-1.3480965134341483,-2.7461396858113356,2.5754833376962334
-0.014886352812552905,0.011059979335296836,-0.0017666138752157627,-0.008143778357519255,0.3439372719312755,-1.3239981361659423,-2.7804992965911617,2.5649342593015487
-0.014898399708200087,0.011070631842313392,-0.001773269167225936,-0.008112977933212891,0.3365492856483372,-1.330659904153151,-2.758053840666742,2.557660555865055
-0.014889659273885174,0.011044620593952056,-0.0017409844045734861,-0.00814929599425937,0.34512002268634184,-1.306189464714051,-2.7923936252165316,2.546912542982077
-0.014901757740675913,0.011055207688921364,-0.001747719188370896,-0.008118500400788887,0.3358218301201816,-1.3131394497357245,-2.76991149820309,2.5397828878977955
-0.014892917446321189,0.01102925160358667,-0.0017153604556437406,-0.008154728254216292,0.3452877708794271,-1.2883487839242362,-2.8041662749712137,2.5288801857199963
-0.014905021765269547,0.011039775713037594,-0.0017221864068019635,-0.008124021985274765,0.3352093258847786,-1.2955359942920388,-2.7817146851012704,2.52187909815464
-0.014930865148160088,0.010828594527293183,-0.001380987296229684,-0.008217963608128103,0.33806069097034447,-1.051985225041846,-2.946641715725763,2.288298790976286
-0.014928237524093783,0.010844082286340592,-0.001406823918392344,-0.008213580217372576,0.3373709058897491,-1.0705994865485302,-2.9363571530453734,2.3072414179442857
-0.014943414476313309,0.010838588378183267,-0.0013889614526651358,-0.008187587074070942,0.33109180209594474,-1.0605318987472911,-2.924412675634264,2.2830981171811993
-0.014935974281465732,0.010797595068132212,-0.0013292848319489817,-0.008226485114368562,0.33895814001309504,-1.0144788106291383,-2.966897450830968,2.2503854064292543
-0.01493344407547077,0.010813098735826325,-0.0013551305816298,-0.008222266970888984,0.33911426858916677,-1.0332436150052076,-2.956832164598021,2.2693448454666405
-0.014948596212244538,0.010807462424137682,-0.001337414946683343,-0.008196164823264568,0.3296300069704993,-1.023420970141058,-2.944686761218738,2.2454101344432558
-0.014946052235350678,0.010823026165763132,-0.001363178034280897,-0.00819187706692462,0.3302802412991492,-1.042012997868351,-2.9345792027610957,2.264262698279125
-0.014938455742167744,0.010782083680081914,-0.0013034469342555408,-0.00823061859734158,0.33782299917382624,-0.9957207120280315,-2.9768270554904057,2.2313792745336922
-0.014951081099754222,0.010791911911441812,-0.0013116735187540549,-0.00820037897197747,0.32930145246895726,-1.0047754368888777,-2.954684995532379,2.2265264368228217
-0.01494088843417703,0.01076656472721855,-0.0012775950898772216,-0.008234670968927582,0.3367749041011516,-0.9769200447960339,-2.986632908177206,2.21229371479464
-0.014953536989326199,0.010776367010325761,-0.0012859276192282963,-0.00820446832646232,0.3290720687760325,-0.9860893851924167,-2.9645374098747816,2.207584916680092
0.01524000576014312,-0.010156296759883474,2.3485463741956656E-4,0.007858836810776029,0.26562588757346933,-0.17900639889066833,-2.990026497250187,1.1971289392050093
0.015246799836551026,-0.01011049566221796,1.658343217686407E-4,0.007849932828631155,0.2634445909880761,-0.12561528243472433,-2.9954493596983522,1.139289745150348
0.01526494045914672,-0.0100747223367009,1.1158863000128294E-4,0.007818234246929505,0.2595466123348738,-0.08335115875099265,-2.9842757777646156,1.0836072470048288
0.015290803874274205,-0.009935574745586793,-9.366271455049767E-5,0.007770282247634771,0.25251338303185733,0.0765422716009942,-2.9825767116357524,0.904439103728702
0.015315942184013016,-0.009915627003688626,-1.2143564824364731E-4,0.007723254321146888,0.2478234417286095,0.09816740506223093,-2.956884479454115,0.8639850666246394
0.015273438559782047,-0.010041485109353565,6.210671654078381E-5,0.007803595627286149,0.2574013606401719,-0.044849510241110106,-2.9823900516944337,1.038889187660743
0.015278727184721903,-0.010002182273991956,4.034426436246489E-6,0.007794177857511339,0.2557457363176387,3.7940460690291764E-4,-2.984584561047401,0.9898012339588033
0.015299247372198971,-0.009965884500469478,-4.895369687553082E-5,0.007755899657547143,0.25142158341560444,0.04174307277374047,-2.968165117589245,0.9331455679570123
0.0152771393726686,-0.010181138503851007,2.67864594024453E-4,0.007787591220271818,0.258893583987367,-0.20344675066465553,-2.941487801862525,1.192668752290576
0.015272265562631244,-0.01021101534078794,3.1239777480412517E-4,0.0077929778302589115,0.26055093615398084,-0.237657413942918,-2.937352824578039,1.2297772765217732
0.015225177990371867,-0.010361504965027572,5.435079874387774E-4,0.007852789147110286,0.27086120789806145,-0.41494574587588057,-2.9314247376705733,1.4374939874572412
0.015248294437519034,-0.010233387363313064,3.4876596323465465E-4,0.007834099195041506,0.2649568565011124,-0.2661424692710295,-2.9560393711132447,1.2759206910648702
0.015230947538984494,-0.010267786878746198,4.0272200796509603E-4,0.007860830366310924,0.2687882033347926,-0.30798882717398085,-2.9626544980981,1.330005511869093
0.015234587830420764,-0.010324295570451097,4.8619752932390226E-4,0.007843493479314722,0.26868766336895944,-0.37118770163325804,-2.9368457891816298,1.388144331550725
0.015250546541955715,-0.010295679243955896,4.4069851432630605E-4,0.007819637234890856,0.26527787714469575,-0.3360751458261943,-2.9310357058273775,1.3420128522804162
0.015286240402896731,-0.010234984325365966,3.456259459305069E-4,0.007764105197372882,0.25812995039317566,-0.2624866893639807,-2.91434304136959,1.2434541036242803
0.01522827446180673,-0.010641035613967662,9.511539201566898E-4,0.007758418960888902,0.2715153219990458,-0.7155304219824021,-2.7871267526367536,1.7171709499901178
0.01520601886824839,-0.010611471815139469,9.173151622737932E-4,0.007810342029614566,0.2757858036757454,-0.6929374094885549,-2.8255492778717866,1.713994411547737
0.015216731009908604,-0.010577586258863575,8.640099302064395E-4,0.007803699209750548,0.27362245907846255,-0.6532542054060096,-2.834038987157587,1.6687153806164456
0.015223595086923912,-0.010540307575039973,8.072827333692709E-4,0.007804441559066601,0.27224003507390027,-0.611249159462843,-2.847357995299688,1.6241761468179774
0.01522993838871084,-0.01049277417400966,7.358115738985888E-4,0.00780843069616916,0.2709108723905897,-0.558157480954666,-2.865434945354366,1.5694601268786508
0.015234690475517634,-0.01045015495364287,6.71958204845895E-4,0.007812454647491138,0.2696993284576172,-0.5104734609433176,-2.8813782360998705,1.5208064907201326
0.015235759787341346,-0.010417993696161875,6.244172378448666E-4,0.007819328184336838,0.269544280803985,-0.4750268482379476,-2.895241592851439,1.4864087734204334
0.015252806090832297,-0.010390568643125528,5.798220425217308E-4,0.007795064676074587,0.265982231995747,-0.4405954204333485,-2.889810130173957,1.4404735987794057
0.015270529380541381,-0.009788326058922,-3.119626693718853E-4,0.007793860557513725,0.25270097736446745,0.24766446946547546,-3.0212557285153103,0.7458551566331336
0.015290053934196985,-0.009855601415826115,-2.1087937090807384E-4,0.0077659121355947444,0.2507987121699755,0.16823013319625044,-2.9933297639135446,0.8121677490322957
0.015292332633740241,-0.009817841894148052,-2.6584184571694624E-4,0.007757632488390268,0.2497748588594671,0.21123822438672774,-2.9940210464062726,0.7666965144555214
0.015322568394044165,-0.009880640568902603,-1.715956834327782E-4,0.007708746020676115,0.24617778369283275,0.1374478941673025,-2.9537895128984917,0.819490818225827
0.015289252328509252,-0.009751158725879108,-3.635365321623266E-4,0.007753803575738494,0.2487894792648129,0.2881383340384029,-3.0012229018888625,0.6902859689881901
0.015301324106543852,-0.009657984137564482,-4.961104478167148E-4,0.007713971585885721,0.24472710268637152,0.39213689446321554,-2.9876033625583913,0.5739644639058065
0.015304692597522297,-0.00971131594472159,-4.1858944758005556E-4,0.007718666857270683,0.24542396574840505,0.3312735532995141,-2.9842038910091158,0.6344622694099057
0.015355073026365343,-0.009646925496876912,-4.999859271859276E-4,0.007614814341951214,0.23633438933411213,0.3942015958275182,-2.9261337491983155,0.5333944261611538
0.015357177948257535,-0.00952221397257694,-6.734489844456899E-4,0.007578859475658168,0.23341119712640476,0.5300704236129686,-2.914641491377554,0.3900592958653239
0.015343381325335168,-0.009573702592080822,-6.055906613069902E-4,0.007617788780195909,0.23670833041512954,0.47719737542614565,-2.9350951668640257,0.4551557469160228
0.015370081948862949,-0.00961028319631588,-5.477217028480234E-4,0.007579691291500987,0.23324884761621775,0.43120248519375354,-2.907764994157589,0.4845496943608241
0.015328689992221145,-0.009055464404995923,-0.0013126539476547253,0.00742715144179179,0.22871311817702814,1.0300739699008579,-2.8286005261487617,-0.1282894203893655
0.015359479808569835,-0.009090133322568987,-0.0012511460153762292,0.007394419180051506,0.225068579911854,0.9798154180493409,-2.808542057675911,-0.09478759349198908
0.01534530711865797,-0.009009386577320021,-0.0013620652318104326,0.007373032118924524,0.22575896116571623,1.0662998056016504,-2.792314268843338,-0.1804361189171415
0.015358599506165506,-0.008961759988029547,-0.0014140014216007671,0.007322948605895155,0.22339432375019405,1.1045088250099813,-2.758365643832931,-0.23238935541142405
0.015360121123854296,-0.008918198455115765,-0.0014669926535495874,0.00729386812819747,0.22295408301781666,1.1444237639165327,-2.7376763762338503,-0.2781413479808291
0.015359152725544185,-0.009140106692028239,-0.0011867635510698414,0.007421086423742505,0.22614657422788526,0.9302553007166835,-2.826313083949997,-0.0401839558066056
0.015390206783153587,-0.009250599759420787,-0.0010277621839546566,0.007421035886041869,0.223812868115272,0.8049598699147866,-2.8261134576460787,0.07453340311619468
0.015380339659445004,-0.009197094486622589,-0.0011022189902020528,0.007413257198410419,0.2242659241358793,0.8633250626497301,-2.8215403938741352,0.018084287728217352
0.015351816753230406,-0.00938403837273565,-8.651455469199379E-4,0.007541892993248836,0.23149041157814762,0.6805557269628882,-2.899374980130346,0.23464662747273327
0.01534815226755537,-0.009431877770422342,-8.01020923923308E-4,0.007565635504300919,0.2330523121104723,0.6306599491792527,-2.9120984697501817,0.290273198560115
0.015391727691370219,-0.009304686914466103,-9.55910508244789E-4,0.0074415661105229,0.22465705270234662,0.7491447380015424,-2.838181361056541,0.13357512305711347
0.015394846157832534,-0.009357257143295052,-8.848911776061103E-4,0.0074571725104796704,0.22507359811062752,0.6935612788255586,-2.846524141257212,0.19091056223866956
0.015385251202713172,-0.00947014555484905,-7.362750335537452E-4,0.007513564791080843,0.22850106500969922,0.5780070355487603,-2.8769228876249673,0.3201334967110288
0.022297494955744263,0.018399988802902677,2.0630477840928067E-4,-4.545620923543191E-4,0.11584545659323664,-0.2609393899018215,0.13873909754605498,0.2706585139335578
0.021535268322900085,0.01745136150413686,3.664583395407688E-4,-7.788424760215179E-4,0.10506613629033977,-0.3561143800136514,0.1761870750882576,0.3738048034009791
0.020764552211248836,0.016950951869840004,5.558712403517323E-4,-0.001081310062991659,0.08700137915752491,-0.44152640972265766,0.19336380591681637,0.4682952337766868
0.020107909085145797,0.015670778637344267,7.597826626186164E-4,-0.0016303251463647237,0.08125643474491652,-0.5326770430218525,0.2881024259728097,0.5755940848561387
0.02086229898141245,0.016076834098721914,5.490333282124675E-4,-0.0012742612764372711,0.0986798413500712,-0.4476619543054338,0.25918085526444234,0.4788460450024217
0.019692301570606995,0.014624122888739034,8.617149028970698E-4,-0.0021165364527221354,0.07747477712368289,-0.5754919895067336,0.40248109270219157,0.6342651615362918
0.020187614857655717,0.014969768244336445,7.232882053388143E-4,-0.001811611695310836,0.08605674733361085,-0.519959672639256,0.35737573851259413,0.5667733070826352
0.019060931177081488,0.013921714389280422,0.0010196896234134364,-0.00264306930674797,0.07020822149977951,-0.6410567789056846,0.5174065933953321,0.7220635535164246
0.01897873449224234,0.0134784455668601,9.88160614482042E-4,-0.00284428957425453,0.07030114180467127,-0.6245562629564027,0.5911895419907046,0.7130268737221828
0.019630603376466986,0.01409806297045962,8.43397765018504E-4,-0.0023138956217964627,0.07631905781314126,-0.5655827198164514,0.46915460680865345,0.628771900097762
0.019155713650731807,0.013126676953950736,8.697430610809295E-4,-0.0028663517419691338,0.06915132368454696,-0.5658906565327985,0.6314304039494997,0.6507752542011954
0.018307681214856104,0.011694584791968735,7.404427864986376E-4,-0.003847939554419088,0.06768118301233012,-0.47318782563709,0.9854687052998331,0.6127463546112514
0.018844045105510573,0.012447067159250664,8.216321812656143E-4,-0.003262482088670974,0.06718441537572185,-0.5299441045037062,0.7704319594133827,0.6338532337397381
0.019112757762156776,0.012670677347364545,7.940904474192436E-4,-0.003030730452653769,0.06908476755265149,-0.5205276210102077,0.703142478442491,0.6110990888650776
0.0186467143378201,0.01185977425520049,7.094789564004541E-4,-0.003557702581106268,0.06565387628933389,-0.4585204083917344,0.8923070123957116,0.5764624945359712
0.018879834260423767,0.012100484521782064,7.201628356250519E-4,-0.003336154200025857,0.0653917479393542,-0.47032126793594253,0.816793009007682,0.5739575724762982
0.017864648852182245,0.010484401700898833,2.7889996400145314E-4,-0.0044409925797793855,0.07122706480330653,-0.17316823010812207,1.2698320208492957,0.35904746820449324
0.01836933006462282,0.011301989069129364,5.758341096408086E-4,-0.0038921289176644266,0.06578579164793935,-0.36966685090237145,1.0304122216999512,0.509045603002242
0.01816051112051171,0.010693765167935161,3.5025712315221675E-4,-0.004160616709485642,0.06591768934539292,-0.22177685795944516,1.15732730035572,0.3799399806284502
0.01838314862755075,0.010939421494576874,4.272147838848459E-4,-0.003945090574811111,0.06353533052404856,-0.2742890089036124,1.070826403588614,0.4145445644935172
0.01727800563066091,0.009392980594311703,-3.789575719292922E-4,-0.004981772826968576,0.08637883818152102,0.2743290681302872,1.5202975551297035,-0.01739174543043626
0.017590027657665173,0.009916344726875094,-2.754402349693482E-5,-0.0047181061960480325,0.07618838703575405,0.03323544802381501,1.4015055961399219,0.1837209975728639
0.01759751434007052,0.009556028844243988,-2.3761079740311944E-4,-0.004687612223725935,0.07525785387668582,0.17651671086983511,1.3945770130504662,0.03834402379254761
0.017928170016238847,0.010107846303345836,7.953332591421014E-5,-0.0044037452031012595,0.0679327244988248,-0.03936869750594293,1.2712090515077488,0.2197515970178928
0.016996440613207736,0.008770141741447444,-8.544459148388519E-4,-0.005118844760130202,0.0973341569327436,0.6007937596147735,1.5635647893658375,-0.308580389917585
0.01722396390431574,0.009051075207020698,-6.081184998999456E-4,-0.004968296142973882,0.088226540574027,0.42960297015119275,1.5085806162203075,-0.16924551647913594
0.01725187345184686,0.008796527171725235,-7.581774657525369E-4,-0.004872215197337032,0.08474934757867986,0.5256881512180006,1.458866770281683,-0.2764729107936162
0.016199281423918393,0.0072412469012488575,-0.002213736706659607,-0.005034067866534726,0.15163100738496207,1.4473853429261128,1.329592291558406,-1.078377647297671
0.0164301831013838,0.007393608807418693,-0.00196967735969629,-0.004948085516181784,0.1350019698312154,1.2935880432859312,1.334947216863418,-0.9589143353279228
0.016920765136440998,0.008462702836488476,-0.0010799135960218966,-0.005081426881492987,0.10242534618825773,0.7484658315822726,1.527378468477065,-0.451994938318141
0.016749405609948767,0.008158069133266282,-0.001347714880214249,-0.005111650333457072,0.11022878331544969,0.9230657694143041,1.51200426851223,-0.6089384555086769
0.01663305826335063,0.007802209713505176,-0.0016210590691071705,-0.0050283135057324355,0.11917514353835258,1.0891492464008807,1.4330509257435697,-0.7708626305276997
0.016704272158656976,0.007517205533354526,-0.0017296772254102447,-0.004794048107841959,0.11535241385982907,1.1381713647199068,1.3053809927096915,-0.843868258361485
0.015724738564262625,0.006081750828332531,-0.0030426603109709083,-0.004375549389750418,0.19609197506639198,1.7617000773035778,0.8322841404042336,-1.4111587369902283
0.016133286933553627,0.007008699955792875,-0.0023739040806182235,-0.004905867264078376,0.15957904513812918,1.520457556604364,1.232997005400195,-1.1564282568392619
0.016009257780741876,0.006760912580729822,-0.002578876510362835,-0.00479557574875832,0.17136925788651983,1.6140783527919071,1.1342180940467375,-1.2482401303734771
0.015948067701664327,0.006528824513844832,-0.00271560224910415,-0.004639332425420358,0.1764955873318681,1.6559994450222573,1.0301839403017332,-1.3008790112539232
0.015962303037718395,0.006144282263567887,-0.0028169298231018806,-0.004299441004640462,0.17603998259472656,1.6425212780598635,0.8554071477489248,-1.3201852206632358
0.016028198579562468,0.006345015278194398,-0.0027052529650415354,-0.004431105643048797,0.17029011573367278,1.6141034534071572,0.9389578303030106,-1.2869088112943812
0.012673185861377202,0.003291799136344279,-0.0055890094095305464,-0.0018238602217689642,0.2768508310907625,1.5218393546936453,-0.6286319819783205,-1.2602553915236003
0.012693562958158829,0.002995871347485903,-0.0054637242589339365,-0.0016238780646486148,0.24911267229994014,1.413717619134341,-0.569393283288565,-1.1871307736321015
0.01500433480421759,0.005715649567535535,-0.003820837434974623,-0.004350478156986901,0.2694582445592248,2.1010256883613168,0.6006310209926453,-1.6716536562714046
0.01548870641570756,0.006004422260250007,-0.0032820713995927006,-0.004427209836121381,0.21914923445831042,1.8828409688740033,0.789898696865329,-1.5015231519106853
0.015249982841333705,0.005820621998596381,-0.0035523245780735486,-0.0043582927882463715,0.24326520306308397,1.986047584257231,0.6849682435534751,-1.585744332360261
0.014939850052906612,0.005472559675681151,-0.003906723151623094,-0.004116364489492811,0.2705725534570953,2.060340599264592,0.4808528151037988,-1.6566426845823778
0.014849040296000449,0.005235468307783791,-0.004007199967876088,-0.0038964171914774655,0.2730385403740358,2.026734507079796,0.3696934382667459,-1.6425288876577417
0.01472534618690508,0.005016045686930213,-0.004129703430325708,-0.003699513922000602,0.2776964020736747,2.0034380230276416,0.2655105666632967,-1.6329778844570277
0.01458515697160408,0.004809935926013729,-0.004258771950747627,-0.0035136907867089587,0.28276280744981147,1.9813361924858623,0.16707337280146686,-1.6216726260869254
0.01288691724185545,0.0034498328928217244,-0.005489574716050347,-0.002023208268714565,0.2886917167351997,1.6160562785484809,-0.5715922169109672,-1.3351779454597688
0.013048326352539576,0.0036443370355154323,-0.005432559734792201,-0.0022347998413510166,0.30425458516918813,1.7136933832737555,-0.5279030487421418,-1.4110659296754784
0.013279862566942247,0.003702987911752449,-0.005258556196749181,-0.002354089150641193,0.2992966944476627,1.7462970505484738,-0.4377408389555271,-1.4425624577786846
0.013484548331294161,0.003827679338268098,-0.005119688910262723,-0.002512437013534881,0.3009519712519324,1.7957454785143179,-0.360113977298325,-1.4834853771453327
0.013685113525426024,0.003993213771916001,-0.004985731214196556,-0.0026998963129323534,0.30425907655090606,1.8520907273229994,-0.2778484276752046,-1.5279686718027812
0.013898991984647885,0.004122629098779951,-0.0048198460778534616,-0.0028486185585797612,0.2984255579993058,1.8793705478419886,-0.1872362815759119,-1.5513229627936491
0.014109073891762677,0.00426250729288512,-0.004650638201194389,-0.002996349747508882,0.2930546811346502,1.8988169198800897,-0.09614461938780887,-1.5669127590540917
0.014280207849892153,0.00442302993846912,-0.004513832278275942,-0.003153142786936115,0.288839783584093,1.9237175584826225,-0.013145332663190639,-1.5851739428076579
0.014442961164929151,0.0046115822257479155,-0.004380453744311903,-0.0033306859819906484,0.286042249160938,1.9522065381988754,0.07636162276871296,-1.6039147177093194
0.011521067949509023,-0.0023192393414571124,-0.005841511622325622,7.740042408124769E-4,0.17698090814265674,0.8890795131215047,0.7049560266604354,-0.7528360319675098
0.011841480008737549,-0.002450015582289882,-0.005753134920006168,9.68687713142902E-4,0.19596698322911518,1.0318717563315603,0.677737989135395,-0.8749157922081896
0.011443114189026802,-0.001955999401217363,-0.005740530180951136,6.071506503204185E-4,0.15587545653184146,0.7877663931878591,0.5973409381259391,-0.6832613340760431
0.011874432067597546,0.0025010360203683124,-0.005757045692412942,-0.0010073178706659983,0.20006718595511155,1.0564280592493656,-0.6849799693782089,-0.894500219527764
0.012282437663873397,0.0026421032097284324,-0.005594040949524529,-0.0012486479624257616,0.21953830586717452,1.212823237864584,-0.6180230650006061,-1.02688841816233
0.012682691594468352,0.0026801400969220547,-0.005364885171616962,-0.001413061391869996,0.22478857885321715,1.3105921162579495,-0.5161655558504573,-1.1132553984571218
0.011876126408977346,0.0021164961450019656,-0.005619613735398612,-8.288790847219451E-4,0.17750702534980414,0.9647367458696446,-0.5717969776995652,-0.8322730284516506
0.011428054388087897,0.0016164160310881519,-0.005644577846095295,-4.8676629754388024E-4,0.14112705156930058,0.728816527076092,-0.4890975909734516,-0.6451193435358694
0.011860048898686807,0.0017370638642841526,-0.005515490627513688,-6.5976860854855E-4,0.15862623385631067,0.8879673450863024,-0.46691313134149653,-0.7817272821840137
0.012218964641229799,-0.0024186541700230925,-0.005550905453950608,0.0011009471011282077,0.20096760522018547,1.1348176002380634,0.5796407554522424,-0.9711461529368866
0.013642102478331909,-0.004644061540090665,-0.005209144434376996,0.003333979988791238,0.37223651241742145,2.194927580019227,0.24170829460022653,-1.7580264842675815
0.013466270573520494,-0.004445466086813996,-0.005330550763290643,0.003093365882336489,0.3668950300997226,2.112820418659481,0.35008082735466967,-1.6982925309328998
0.013378070405156236,-0.004261317103600122,-0.005356344148648448,0.0028886748571203204,0.35359741801848316,2.0185195375179874,0.4023685418111013,-1.6317106892928137
0.012348294948657888,-0.002782573738231532,-0.005607359701498327,0.0013571246321585075,0.22994537663695283,1.2716885324233858,0.6323724607631886,-1.0706035054844782
0.012472161548871284,-0.003075087896057956,-0.005642635366870993,0.001591952496094024,0.25712996510956493,1.4007083743993316,0.6588625592821203,-1.1658025420285636
0.012609764483428413,-0.0034045276076416766,-0.005681737863450906,0.0018800834941083697,0.2888762857049881,1.5590492948585217,0.6733324122344929,-1.2822620349921834
0.012806834354561869,-0.0036435836618977746,-0.005629504154044409,0.0021460554242180136,0.3110305616830255,1.6935331034117687,0.6295671898549523,-1.3855185422460554
0.01293409371013437,-0.003778179067207642,-0.005579520293772696,0.00230634573162735,0.3234461517909931,1.7712891238368302,0.589487539645372,-1.4452844342561781
0.013058426046050927,-0.003908187055790416,-0.005523494915845981,0.0024636824364827566,0.3329282435371264,1.8408983346130037,0.5455181319013896,-1.497600363917331
0.013270069924797321,-0.004055721215598409,-0.005387153740195165,0.002663976888233977,0.3387159218596497,1.915488139317844,0.45412821735218156,-1.5581439063595914
0.013876605468271797,-0.005295641768056505,-0.005110067726397503,0.004100415835327259,0.4071104369738487,2.5373800626590497,-0.033987734142380537,-1.9774349933884607
0.013912762691262596,-0.0053906107716371054,-0.005085028628782667,0.004217728071532631,0.4089690358077568,2.5861625218700346,-0.08936389681956611,-2.0066093124863134
0.013949854417520871,-0.0054886184508027205,-0.005056812487633621,0.004339809597003293,0.4121543914799117,2.6351605378348855,-0.1483949050480888,-2.0343131779467174
0.014053703501943099,-0.005730346722498587,-0.004958212189663491,0.004643084278488973,0.4124542109783179,2.740355466039112,-0.31972718130363015,-2.090373978441006
0.014023097442007025,-0.005604185662558012,-0.004981545786325525,0.0044815981813760295,0.4086761463512842,2.6720235132508674,-0.23896722512038646,-2.0538139894476384
0.01419331540509101,-0.0057740344940967895,-0.004778289630660472,0.00467371393758876,0.390156388971234,2.6667951107361314,-0.4055637806589353,-2.041907776120633
0.014235312738496991,-0.005868508486851248,-0.004728355275082354,0.0047875681502413175,0.38821336485425617,2.6949914666305057,-0.4789722134711586,-2.053338598915542
0.01429969349763858,-0.005931402410115357,-0.004644870688787834,0.004852429377374498,0.37938524731212964,2.68235837669422,-0.5418469933650555,-2.0404107307781447
0.014377244698395679,-0.005974547732566771,-0.0045429718866319265,0.004884094485726947,0.36731804925737094,2.644046358988225,-0.5954740244849117,-2.012472982475737
0.013892530909847194,-0.005046424688754411,-0.005036017567747178,0.0038043411875459945,0.3812768421339262,2.364346471581283,0.03654852696119552,-1.8705180636897811
0.013964235885915714,-0.00517331018848418,-0.00497919467100174,0.0039527374967811045,0.38364334466500655,2.413731480574826,-0.03600743926753242,-1.9014797208456773
0.013814608621640976,-0.004726709534193066,-0.005046966099589414,0.0034438287603542846,0.3603830571687609,2.197988593948295,0.14516852001603053,-1.7631317343832862
0.013829813128800723,-0.004583270037530176,-0.004995573719650239,0.0032938800958985668,0.3453204354012952,2.113596230868203,0.1617516589168226,-1.7087832384198731
0.013899981262584946,-0.004880629592940488,-0.0049904508418082616,0.0036175576193964378,0.3657304874730184,2.2594921496840694,0.07377271358731809,-1.804299100823796
0.014812524512251679,-0.006963526912355716,-0.0037535244444411235,0.005944774512913701,0.3073212904856159,2.5804382628903864,-1.4620170387048608,-1.8218949383884164
0.014929752984745555,-0.006950462242387191,-0.0036094198735362793,0.005830684693558636,0.2887214817866333,2.4518584168210804,-1.431510205037737,-1.7491904969000416
0.014801219347298162,-0.006856852042004802,-0.003811688808908137,0.005814649405059152,0.3090490920293513,2.5768620129738555,-1.3633157041273938,-1.8436815403165487
0.01478154919043043,-0.006765595340713042,-0.0038706200769195397,0.005710734154869013,0.3126014370837526,2.5797990283034404,-1.2814124779855336,-1.8640503710749845
0.014747968116161076,-0.0066826604081528605,-0.0039416431580801695,0.005626529000775814,0.3179744406728849,2.595432228801966,-1.2084669432938953,-1.889163428782938
0.014655336437568256,-0.006558894712974037,-0.004098485481992941,0.005524560767597588,0.3332194968691398,2.6536899228930753,-1.098550992830205,-1.946314972552459
0.01471852423697003,-0.006608683812031728,-0.0040020448138758215,0.005549688445145342,0.32230942989101685,2.6051194216169193,-1.1438552393756556,-1.9079360810403831
0.014549408726361757,-0.006448830219146478,-0.00426490857411014,0.005439592044696616,0.3500149727989791,2.7214564891257313,-0.9931198788863795,-2.005413124045228
0.014650149305433235,-0.006473818819882818,-0.004125271041305304,0.005415207109461921,0.3327566220908709,2.629791811393385,-1.0258509768491544,-1.944736945298178
0.014427198655989716,-0.0060683004405900345,-0.004474023932782726,0.004988848349403111,0.36234763520938523,2.6532759531468315,-0.6733430100547397,-2.0096101273826736
0.014463164670110546,-0.006164830279482031,-0.004419837290800229,0.005101479881117475,0.3599702492189495,2.671307456439044,-0.7520486989154498,-2.011073250177716
0.014518871010832435,-0.006238841789603485,-0.00433827250845811,0.005174533695962015,0.3510983199377203,2.656918177265087,-0.8192981700074996,-1.99330767922142
0.014543465564429025,-0.0063339704954405605,-0.004292726353911802,0.005288532781976037,0.3494927591805839,2.677522137315187,-0.8979377722413527,-1.9944122453568303
0.015039948632625203,-0.007499771893041217,-0.003169002581247981,0.006397724142793707,0.26723054929783846,2.3034381427306876,-1.9089822945285924,-1.5134862544520669
0.015088388865940033,-0.007561797432722391,-0.0030689351443398327,0.006416640646133732,0.25943657213907256,2.2367289635276397,-1.943959582494214,-1.457113998418625
0.01511834779835748,-0.007707133779740649,-0.0029270172964982227,0.0065478589728985865,0.2539700164849062,2.1616695069790697,-2.061555410284878,-1.364354346990945
0.015102072478078966,-0.007633537995332697,-0.0030012181493610786,0.006483543280219258,0.25695685454475886,2.202261690105099,-2.003043965245036,-1.4131942849987722
0.015160981482423074,-0.007749475072683981,-0.002846592341857804,0.006543786440265942,0.24813097466062137,2.102775745601567,-2.075033416360083,-1.3186250227774265
0.015179762524591685,-0.007709935005034978,-0.002856804778328285,0.006478095134047776,0.2456164792715619,2.097283470488006,-2.0298261277695784,-1.3315726647745154
0.015131532363176409,-0.007935320041243796,-0.002723132034268609,0.0067827961711398295,0.2497160294965075,2.054033893295499,-2.2588108912463096,-1.213138013354354
0.015172723387057744,-0.007791359846165005,-0.002800318757777143,0.006575182292491843,0.24593011362782577,2.075016232287867,-2.104900472695553,-1.2881331677873942
0.0151654258915856,-0.007882975339323762,-0.0027322455608352974,0.006682966435165826,0.24596604790281887,2.0438031213741485,-2.1897629121932574,-1.2334286167191146
0.01518660282736691,-0.007836420754675688,-0.0027486229422603423,0.006606569946589108,0.2435780714179892,2.042794134791603,-2.135612281049837,-1.2538233978198539
0.015123090926874281,-0.008033183537199293,-0.002642951428671799,0.0068983913996342764,0.24984875032656043,2.0126892292561567,-2.3513414130438064,-1.1451732567632817
0.015129305840932493,-0.008085985744110484,-0.0025864119664821762,0.006945182910142102,0.24934830728138907,1.9768951973165325,-2.3924197331555206,-1.1018952745589827
0.015197424522728124,-0.008235429688561596,-0.002370430018002683,0.006998914282631355,0.2395788723126042,1.8191539338507783,-2.4608174824908535,-0.9558896740743171
0.015160872445241816,-0.008136940247497096,-0.0025046026078508784,0.006953523899649512,0.24458447834460983,1.9154355013350024,-2.410680458859994,-1.049422432356798
0.015200810648684993,-0.008183451760262125,-0.002419167425898012,0.00694372375463761,0.23933346417479537,1.8492091783309648,-2.4165614376453517,-0.9979215668086325
0.015165250704019228,-0.007988717524145183,-0.002639601761745526,0.006795097856893179,0.2449290439952347,1.9934501122129509,-2.2816254535413036,-1.1607868943018715
0.015246620574823948,-0.008275254529864143,-0.0022835114074735087,0.006966091208518499,0.23333084788299388,1.7481474273578694,-2.4504201028715844,-0.9074552595448057
0.01529832483257972,-0.008323561113759564,-0.0021873110107922546,0.006935908756965432,0.2271235949496686,1.670985385925423,-2.4427650199210693,-0.8522965874947737
0.015308131043772478,-0.008489565876332686,-0.00200349552362482,0.007063892423393691,0.2257586387942627,1.5439361144380521,-2.5483050345775022,-0.7041083719138362
0.015311052547438253,-0.008426463534253107,-0.002068971607986055,0.007006783910478697,0.22504653521893,1.5881819087116837,-2.5037062151643754,-0.7600567575386463
0.015343206129898583,-0.008378583308440473,-0.002091783001545427,0.006919333923734595,0.2216956329595456,1.5966244964329395,-2.443450922369798,-0.7945816194363552
0.015344754428225903,-0.008707621911881961,-0.0017293634774888796,0.007176742323936786,0.22227490590782772,1.3409954624530467,-2.6465712791165896,-0.49181751317018746
0.015350921132195645,-0.008757833334645785,-0.0016662470761305977,0.007202750650755582,0.22187756459625127,1.2937085821066934,-2.667823767221792,-0.44165447654592
0.015360240119065604,-0.008821870180289614,-0.00158384877454054,0.007231666132961582,0.22186671947364106,1.2316000968274565,-2.6916228507999764,-0.37715477674449854
0.015345901978334173,-0.00864994585006823,-0.0017949240241110773,0.00713253634806908,0.22184200490772402,1.3886342399721092,-2.6125576975433797,-0.5480948269000319
0.015357292864922085,-0.008591017775684289,-0.0018526574734946974,0.007070505574083514,0.2202468304783813,1.4279470722802623,-2.5671695341994436,-0.6024989558766277
0.015370229985798543,-0.008529048951343154,-0.0019106126621604525,0.007002948478568498,0.21849577065097167,1.4662846318092162,-2.517656738055928,-0.6573135591170641
0.015391677776667065,-0.008680502321602517,-0.0017266823176645553,0.007084504759494831,0.21700523909383773,1.3318559985564558,-2.5867865980642426,-0.5143899222468535
0.015391708858424722,-0.008879541848084578,-0.0014942873525751216,0.007218755134159629,0.21858181587329042,1.1607802093364095,-2.687944261548268,-0.3188059274649335
0.014961610262923704,-0.007079805330613499,-0.003510121931256806,0.00596415205571242,0.28330908754852663,2.4264003520928905,-1.54258689570036,-1.704032693654984
0.01499279359914942,-0.0070058859339608825,-0.00350689377828573,0.005846053117555965,0.2792759693893543,2.390600203853845,-1.469420033098377,-1.7005639055300465
0.015027789407271607,-0.007309333694329155,-0.0033048620835851475,0.006182212783591605,0.27152090970250115,2.346732952036994,-1.7348604211597618,-1.5976542648872911
0.015071800567416516,-0.007423532221025229,-0.003181797720556923,0.006273147261041477,0.2636746840511703,2.2837195177446685,-1.8239920953146231,-1.5283395549065324
0.015094835372930729,-0.007351292485378361,-0.0031999537577046856,0.006164451623004809,0.26133536790650314,2.270997876597892,-1.7492440181790598,-1.5433458456847255
0.015032542245438757,-0.007231128835168219,-0.0033440637220067365,0.006083225807743013,0.2716030376652557,2.3485259107076817,-1.661303963114266,-1.6206907631486984
0.015008594892267564,-0.007144029147448442,-0.0034198820341438015,0.00600038758570328,0.2751675664572601,2.377270832473039,-1.5892409620788188,-1.659704824058568
0.023662393505467432,0.017675884347544375,5.853533525393148E-5,-2.6723421257898863E-4,0.19462410034213218,-0.15390230731778923,0.18394783916645166,0.15992287586346746
0.025,0.016831295095168813,0,0,0.29724960365244724,-0.004169167249623865,0.22233024566974455,0.008615081303326671
0.014758189620507362,-0.011946142957096962,0.0030475777689351626,0.007452039501429139,0.31237490722256767,-2.0712528502381886,-1.8667920900055481,3.1974598112622252
0.014795485462173956,-0.011868878514300287,0.0029190565758615093,0.007491231739445833,0.3114539085055333,-2.0022521495360786,-1.9482024907542603,3.1216821531927645
0.014774176697548649,-0.011929067097890279,0.0030097997293618943,0.007449860444769346,0.31052461848133445,-2.049023536489567,-1.883488355009762,3.167445890253632
0.014794114278009267,-0.011888740920604853,0.0029423496502408403,0.007469529054937976,0.30993063050122527,-2.0126778378792616,-1.925641426755645,3.1271849085816483
0.014786543588916847,-0.011909403549031047,0.002973751207453561,0.0074557535609104655,0.309667034702096,-2.0289464396793098,-1.9035751930345988,3.1433306974271242
0.014814140509624615,-0.01185714510981846,0.002884107425025237,0.007477467942470835,0.3084461671496483,-1.979516141553151,-1.9567378835731508,3.0870969063537568
0.014854370782032783,-0.011708242868905623,0.0026691294555379256,0.007586008053119584,0.31192529653473006,-1.8650597006256089,-2.1119276625798964,2.9819525153479556
0.014864171279912894,-0.011732965904555958,0.0026871063620934736,0.007543595372103778,0.30781343651521903,-1.8703610627430856,-2.080754370199511,2.97239700613889
0.014848261051592038,-0.011747928282714263,0.0027220638946865434,0.007551384176989889,0.3101720975601761,-1.8927543488201024,-2.0697454268186775,3.0037553553392935
0.014842373365849641,-0.01176930476442764,0.0027532057235688076,0.0075363452483346504,0.3096862613199623,-1.9095950128737214,-2.0477439638434816,3.019432845908766
0.014833307381943585,-0.011794707566958905,0.002792361110929171,0.0075212126820982305,0.3095426178249771,-1.9310832753129723,-2.022079852147105,3.0411664066738258
0.01481933383550069,-0.01181730378045205,0.0028338712131625674,0.007516251263054669,0.31074020686000287,-1.955280319821094,-2.000727859060119,3.070345539970319
0.01483227422078832,-0.011840253511692196,0.002844351134505756,0.007470275060916379,0.3060131746334804,-1.9548466530359703,-1.9709227543331664,3.0526276524961866
0.014904162563742433,-0.011636557940110103,0.0025307394233882933,0.007585103110919116,0.3062920055834068,-1.7790944528264172,-2.1703654919696933,2.8738845548878724
0.014873469597154515,-0.011683727023368631,0.0026194332404113232,0.00758302302511734,0.3094951975500643,-1.8339927288847089,-2.131713448282651,2.9416736120494553
0.014903133678145832,-0.011667990522421975,0.002569126692517455,0.007553627023938033,0.30429137061446293,-1.7990022230664315,-2.136844651881837,2.8865852308556907
0.015201155386037496,-0.010851076077427517,0.0012609871105072592,0.007708366221779281,0.27500795011092055,-0.9374384068015752,-2.678566772066389,1.9388943027904288
0.015212616189332678,-0.010815138270590779,0.00120487650178782,0.007706894272585291,0.2732783788474446,-0.89715589155563,-2.6928997966341695,1.8939149030541775
0.01522200636507677,-0.010775039823186965,0.0011440626142097076,0.007710210131195394,0.2717574826550582,-0.853608723397752,-2.7108267978226626,1.8474773399443
0.015244799633378806,-0.010684318815175557,0.0010059404319492473,0.007710973716634656,0.26808036842180405,-0.7534773588184044,-2.7461527268121904,1.738948683621498
0.015234118051097577,-0.01073264757848466,0.0010788066130745075,0.007708662512889003,0.26986818604646506,-0.806292599387028,-2.7266867815158373,1.7952721453112093
0.015133249718261969,-0.011021124498229356,0.001536603086915738,0.00772679622519504,0.28555224172394245,-1.1334642472589855,-2.609398396384147,2.165462980771604
0.015174475750757754,-0.010909281467013391,0.0013567624455122418,0.0077230674770369994,0.27932177283671783,-1.0066139012579842,-2.660309774747589,2.021522391611374
0.01516031708952802,-0.010944727278225933,0.0014142661298589558,0.007727143809339588,0.2817676857863902,-1.0475582735621423,-2.6461073480727886,2.0689160741848016
0.01515163513706406,-0.010989842779105525,0.0014818814237881825,0.007714716474406749,0.2825007034568027,-1.0942557934028398,-2.619006704780236,2.116359392164293
0.015216395103600634,-0.010893448807181091,0.0013113070162458207,0.007658757571448496,0.27152176828835567,-0.9703833099785666,-2.63611407871478,1.9555749121997725
0.014920173025052597,-0.011607717250147668,0.002479536524254023,0.007589716177026892,0.30460516448145514,-1.7475441078787155,-2.194111787599255,2.836502973095261
0.014925574846161837,-0.011584845139497785,0.002446331094988123,0.007604474504339623,0.30519619611112137,-1.7283907150990436,-2.2158960031197346,2.8185758716396503
0.014997158128642949,-0.01136059797587818,0.002096085060011374,0.007699972458041498,0.30235248432537715,-1.5121643354532506,-2.4055566001221567,2.5942775202215382
0.014996668080003562,-0.011395968292533773,0.0021422018901524928,0.007669405146023579,0.30066838210874475,-1.539432444614368,-2.371207997387128,2.6146389487064745
0.014942592412652084,-0.011567709461505338,0.0024083605709121912,0.007594587864727898,0.30254427399444633,-1.7030946146179158,-2.2258754412651403,2.7836001456188053
0.014978405111504873,-0.011457940719707493,0.002237710646648534,0.007642769994719281,0.30122255745614873,-1.5990887022813205,-2.3199671585367927,2.6757595629391306
0.014993365738978453,-0.011432810086319627,0.002192147505423982,0.007641492821401835,0.29932339330932894,-1.5692544204660062,-2.3367037251824905,2.6393227616285153
0.014956849902832095,-0.01154026621114781,0.0023607166662539085,0.007598934422377142,0.30117080417117276,-1.6732765937776979,-2.247389249701671,2.7487375494830375
0.014970932625202597,-0.011484403221046281,0.0022779582653801203,0.007630062562455102,0.30150859239942535,-1.6237672277537027,-2.2972624376058306,2.700598821982965
0.014965116360669196,-0.011509716357843841,0.0023150235633981457,0.007615305748623705,0.3011236483265578,-1.6459659293869657,-2.274528147298603,2.7217729506311774
0.014994649017707574,-0.011477813178445432,0.002247426730146777,0.007597823628370834,0.296685235144957,-1.600527190553557,-2.2911227193473414,2.659938974903371
0.015030596065788387,-0.011357781244969507,0.0020633356059626875,0.007646780408134798,0.2952132946282526,-1.485249239728607,-2.3875230840924817,2.5410776303176967
0.015037926126591904,-0.011217666812671187,0.0018728544270244024,0.007750220638869469,0.29959678637432746,-1.3672418631697398,-2.5136331514086856,2.443668596362528
0.015029039221370305,-0.011246859404611407,0.00191913739530282,0.007742094265089364,0.3003524528785941,-1.3978709120159094,-2.4929603990288673,2.476186038459744
0.015024893427577056,-0.01128210057969327,0.0019694265848050944,0.007720302067795435,0.2998263769980507,-1.4296686506442933,-2.462895209850928,2.504742766466507
0.015016871644081685,-0.011310091354007172,0.002013060661148503,0.007710427567619892,0.30035220391753764,-1.4579585342625274,-2.4417066718189875,2.5341411798636995
0.015065221094900997,-0.011215713352510042,0.0018488437844057632,0.007705138837356758,0.293983308590687,-1.346945798758589,-2.4961898043691613,2.4017768923952545
0.015039454492647722,-0.01133397785366487,0.0020250836159342554,0.007652411217335254,0.29446086047365716,-1.46042161541565,-2.4045610678654374,2.513878208049064
0.015056842968256655,-0.011353708320726333,0.002035667542346647,0.007606906180422719,0.28988192709769184,-1.463076170238694,-2.375099425224681,2.499074098831398
0.015081214996413225,-0.01119736006537192,0.0018120714145635328,0.007692046976311473,0.29116241014598204,-1.320809911703817,-2.501211815846093,2.366133035117994
0.015098856353338184,-0.01117368996082193,0.0017672485003336553,0.007679829082436418,0.28833027113972304,-1.2892182914623602,-2.509237803800653,2.3246798899400356
0.015135728942668895,-0.011119131008302141,0.0016678127847178606,0.007656390931651187,0.2825396133659513,-1.2191745886564982,-2.5282947283694335,2.234905451040163
0.015118292441078625,-0.01114756103276703,0.001718167638603171,0.007665875363760707,0.28518453934286775,-1.2544950490646156,-2.517433538698219,2.2791391408232937
0.015148236951095179,-0.011053313707376642,0.0015707206374468905,0.007679782885679705,0.28192286112698667,-1.1539374114710024,-2.5719971795217123,2.1697898207787776
0.01514883971064238,-0.01108740771053404,0.001616304866625328,0.007655897942061903,0.28065774828930684,-1.183648682516935,-2.544304855511406,2.194152550998464
0.014513013975218132,-0.012403873020317284,0.0038092359787267574,0.0071519031029831015,0.31108156199896037,-2.4239936128765294,-1.3145637488954296,3.583268390882354
0.014577089549609588,-0.012292557887849942,0.0036237095011947733,0.007235285765723085,0.31240781102814724,-2.3476498000522885,-1.4595445273855008,3.499742683819645
0.014549396275742225,-0.012331255569002775,0.0036965555142233907,0.007214229139678899,0.3131655832714871,-2.380684461382621,-1.4090118193314984,3.5400961523949435
0.014567429117277412,-0.012303999323496753,0.003647388832791747,0.007231071702823525,0.3129312463476555,-2.3589950340806247,-1.4445370881050568,3.514500999922363
0.014558057570253293,-0.012317089775562734,0.0036720522234869606,0.007223961620328329,0.3131849122666766,-2.3702011038782262,-1.4274309296356906,3.5281976789978593
0.014522648936899465,-0.012386218754246722,0.003780888943245662,0.007166468761256028,0.31146399088013804,-2.4130655959214184,-1.3378435858013964,3.5718334154479585
0.014532584497074978,-0.01236713989692393,0.003750813784306728,0.007182507978241601,0.31188726680765383,-2.4014535270265305,-1.3627672825743462,3.5599795201608546
0.014541038613299695,-0.012347673905913766,0.003722423644809979,0.007200653813575888,0.3127948122829958,-2.3909803066592303,-1.3877760898327998,3.5505747507395484
0.014560327902403263,-0.012345229739421211,0.0036923521759992515,0.007180445900578208,0.3091862956471713,-2.371547094913954,-1.39389160067228,3.516307954599951
0.014594509443458754,-0.012291184361578384,0.003597736295671658,0.007215235518934657,0.30891334191469627,-2.330217730135249,-1.4630621994942967,3.468521270400602
0.014598646608253166,-0.01227390089366918,0.0035768913953127526,0.007234438826534585,0.31038862602636175,-2.323231127100856,-1.484181560689051,3.464873888463444
0.014626718632459191,-0.012207531778059529,0.0034783573525571545,0.00729087872438941,0.31238310436900935,-2.2823709227893594,-1.565806304353858,3.4263482310722453
0.01464400840404592,-0.012190803049097854,0.003439219097929505,0.007291126985341648,0.3106823468863013,-2.261544557337816,-1.5862661497045742,3.3975144152037626
0.01461264161342156,-0.012260224281619308,0.0035452219323195825,0.007235799579244437,0.30903584856760785,-2.3069796663463333,-1.501757248902419,3.4424431394654724
0.014627089392353224,-0.012236395121520994,0.003503947956505688,0.007250426076195846,0.3088635813904789,-2.2882005078764034,-1.5311390038889774,3.4209496024514823
0.014661222714927924,-0.012171428064858852,0.003397829226667391,0.007294682676811138,0.3092799672932325,-2.239943885151652,-1.6095220772089591,3.3689170717155634
0.01467949860974589,-0.012146923456903096,0.0033502525494889736,0.007303237049929697,0.3081494247712065,-2.215758613949131,-1.6383298463518803,3.338656743896844
0.01470373514364276,-0.012127909141066356,0.0033000574040966163,0.007295883241907423,0.30525881896449736,-2.1870638981777257,-1.6598059540340862,3.297116687213174
0.014746607717343752,-0.012005948655834217,0.003124273018933424,0.007393910366926508,0.3089987681531717,-2.105798322120083,-1.798703997646474,3.2221613211545597
0.014722203399854288,-0.01211349618931332,0.0032621020754326656,0.007289834441736215,0.30293545271700967,-2.165172232722862,-1.6755359997139068,3.2653830602962772
0.014730389141576157,-0.012090540454085637,0.0032293408539945593,0.007308476018360085,0.3037130400565052,-2.1503323269788837,-1.701658900477273,3.2517385948948427
0.014746229980838936,-0.01206540774026176,0.0031844243529029486,0.007319020219330868,0.3029744572387192,-2.1271133679513334,-1.7294045541308112,3.2242303944859567
0.014764523323202106,-0.012037899410585936,0.0031339925378542828,0.0073285794597456174,0.301991664005027,-2.1004777135648998,-1.7590077460314735,3.1920145113408256
0.014764222675463907,-0.01197531165900705,0.0030706711037465145,0.007407222834116037,0.3082005027936014,-2.077401600851563,-1.8315716658642507,3.1892870554451274
0.01451781522744206,-0.012443352583208238,0.0038327899984848452,0.007087574723410436,0.3049309896670818,-2.4215734216383833,-1.2685320660098975,3.560313074464999
0.014526420143354672,-0.012424338720298314,0.0038054073048461403,0.007105633326641561,0.3057337855590185,-2.412098690660329,-1.293037788144024,3.551863994952758
0.013721022306904767,-0.013426997857254881,0.005562603399980264,0.006039869163365568,0.2758970303262034,-2.7426569233276976,0.33370049898612114,3.959590926566373
0.013731608493735089,-0.01341505704532877,0.005543914560666478,0.006057812316809438,0.2767174796971094,-2.7449629661404207,0.3127760462042089,3.962275100210397
0.01375130507816173,-0.013391001503722801,0.00550885921081997,0.00609421172052252,0.27847824611639377,-2.7500306395426164,0.27235159601622255,3.969128433344403
0.013741856371362937,-0.013402983785781591,0.005525722366499362,0.006075996336197505,0.27750882784698144,-2.7473832664561613,0.29207574585881374,3.965354830284594
0.013766364643659684,-0.013393003354181606,0.005481266257605398,0.006084448383946785,0.2760748050777773,-2.739787158731072,0.2565138329327314,3.946700374164714
0.013777497506970451,-0.013384804696009247,0.005461172262190361,0.006094792111560966,0.2760445932835263,-2.738625326294329,0.2377857009499564,3.94289509121916
0.013789702480406474,-0.013374558432923398,0.005439103048834764,0.006108269678941983,0.27622839666256477,-2.738014540329612,0.21636144884551498,3.940165858757998
0.013801163864729375,-0.013363145944928304,0.0054183008558346644,0.006124025277455943,0.27672951450147415,-2.7384316483193842,0.19490173349273818,3.9397013629317743
0.014508705738423371,-0.01246299113339551,0.003861213945710601,0.0070689208713895476,0.30401044003689837,-2.4312649049778066,-1.243088792423839,3.5690357645156197
0.014495667474684282,-0.012477613763832062,0.003891632429448166,0.0070620514194695725,0.304680867318966,-2.444381903118922,-1.2223827659314184,3.5863592989126105
0.01447020714584655,-0.012509785476634352,0.003953613552493233,0.007042369415902265,0.3052621871402034,-2.4695099643949394,-1.1771165445876814,3.6180538389497
0.014490423122646895,-0.012498408915849349,0.003914778299439553,0.007036736175757661,0.30281930585542044,-2.4497982709639845,-1.1964446826852864,3.587066786769515
0.014424195946744971,-0.012604735802445845,0.004089520869619935,0.006946692773564126,0.30076812278932885,-2.510099379991082,-1.0503962141183572,3.653058126417242
0.014439247811218723,-0.0125643401092911,0.004039264008506123,0.00699308162256699,0.30369351836655545,-2.498117423084962,-1.1028757819430537,3.647303928326615
0.014435674709650995,-0.012586272606645965,0.004059557299750914,0.006963048952554043,0.30110587513831044,-2.5003606502456517,-1.076057071949711,3.64256290955707
0.014469092303326032,-0.012530785576688191,0.003970256271634476,0.007011647257584912,0.3026091393491312,-2.4703116941131493,-1.152081678347779,3.6105638901757717
0.014458148141665933,-0.012551170643134553,0.004001182607868514,0.006992619505642236,0.3017308647036297,-2.4803621676203202,-1.1247463079968567,3.6203891198253424
0.01443285692190308,-0.01262810975088195,0.00409113035379801,0.006901266380368383,0.29569295291821934,-2.499938915704727,-1.0268317769684672,3.6255938654719952
0.014407552429509016,-0.012646542380842491,0.0041421437472511065,0.006898921675544082,0.29790584511063817,-2.5221769137201977,-0.9956856767618463,3.6591320395792435
0.014293156274059762,-0.012776163654854542,0.004399871200210859,0.0068044497829093,0.29900863233665737,-2.6088555823263593,-0.7931869931864375,3.7734989875247638
0.014290638510814602,-0.012795081749177479,0.004413786548590093,0.006775823796685919,0.29645782089932593,-2.6069655267713747,-0.7708074274939806,3.7641735400711043
0.014372999355281635,-0.012679158508345376,0.004216557554400111,0.006882874559020703,0.2994185929843991,-2.5510553454768545,-0.9433702481193472,3.699982335275086
0.014394343528734699,-0.012670733451920328,0.004177733108779706,0.006874512792147491,0.2966616324636227,-2.5319262042395327,-0.9625015389620846,3.6680908506947096
0.014365711973985649,-0.012704867739188797,0.00424330811939981,0.0068492938760004755,0.2968662930135287,-2.5542594435891193,-0.9108223246200439,3.696775527987587
0.014337058755109253,-0.012729971096341153,0.0043035091470782555,0.006837344207335686,0.2983563002797682,-2.577009128126525,-0.8684376329402518,3.7298897625411516
0.014355875256510695,-0.01272369533888483,0.004269785833073093,0.006828980195929564,0.2958072871763072,-2.5604692848487667,-0.8849051928617229,3.7017238226429483
0.014311024672724621,-0.012765902537890157,0.004365293331340228,0.006804275182530565,0.297419216967991,-2.594421514689174,-0.8145499849693527,3.7501447015679488
0.014328335893540316,-0.012749598598400065,0.004328445048997085,0.006814136993568971,0.2967892430406109,-2.5815606128010233,-0.8419556831769074,3.7317523225456513
0.01381209026040106,-0.013351452600426568,0.005398358401552428,0.006140375548239936,0.27735039273638756,-2.739174732905117,0.17380996027246612,3.9400748969415633
0.013823038781446981,-0.01333969135879004,0.005378261723614403,0.0061566928596673955,0.27794826357862185,-2.739762825403496,0.15262486259421695,3.940265267489908
0.013834396784105875,-0.013327415607662617,0.005357290714845573,0.006173601408808148,0.2785980505722871,-2.740227359455836,0.13057689708789175,3.9403070024794773
0.013846480971688524,-0.013313019285523503,0.005334775633541359,0.006193828173555761,0.2794755569027985,-2.7413305088506634,0.10603514078669107,3.941736957569682
0.013866052549064254,-0.013305156553693694,0.0052990307483845875,0.006198359105994709,0.27806841855149034,-2.7332325641991164,0.07897114890359679,3.9243672297928174
0.013880809104389123,-0.013294530706288627,0.005271779571159211,0.006209995963458024,0.27787207371285,-2.7297650421693267,0.05489758713548392,3.9168178541534986
0.013893904456102266,-0.013284448179465894,0.005247495119320932,0.006221296643012857,0.27779564662324757,-2.7268710034350114,0.03304719476467433,3.910649011336653
0.013964704725698343,-0.013198126700370953,0.0051103767969591435,0.006335423881168925,0.2826532399680051,-2.725127807649704,-0.1116613130176815,3.9093942233737127
0.0139547328126852,-0.013210606789605568,0.00513007957185817,0.006319190936178879,0.281940591357793,-2.725733098700705,-0.09097626817945222,3.9098948442616277
0.013906501082665236,-0.013256760460047411,0.005222204388745759,0.006264140766885036,0.28088357106422107,-2.7343390646610484,-0.003159409976494776,3.925958040858268
0.013908946267563178,-0.013275002722378621,0.005219751746119979,0.006230242768598072,0.2773213711247528,-2.7220868660519595,0.0098230221636514,3.900751002569787
0.013944252679881025,-0.013223066420899115,0.005150565171937189,0.006303148805909383,0.28131941901810403,-2.726535553049135,-0.06982087876830713,3.910925586916432
0.013932908695430507,-0.01323468187362627,0.005172362958805833,0.0062889473503124835,0.28094533487848544,-2.7282340140540113,-0.04855677821669092,3.913938269467479
0.013920653477598535,-0.013247015449076062,0.0051957819156391504,0.006273806758346418,0.2805437762439183,-2.7299801029481006,-0.025733153242538626,3.9171781137593444
0.013976036545501003,-0.013186509239616196,0.00508830527977222,0.0063491611794128456,0.2829935407772697,-2.722872036294417,-0.13287804310593618,3.9056612953649683
0.013980276106909379,-0.013202868983282818,0.005083660257760451,0.0063177277897844535,0.27962998308954307,-2.711146000860114,-0.1221985635652411,3.881152696911959
0.014241428936116326,-0.01285516467795472,0.004524268297763367,0.006721232866679694,0.2956481980982036,-2.63661709023426,-0.6753948711307838,3.8016134621425794
0.014231949907917912,-0.012870626433780646,0.004547121454079073,0.006703782989117837,0.29480277126250704,-2.640768210723231,-0.6526429011506142,3.8051308256093717
0.014170866963053525,-0.012956125125114258,0.004685473098942104,0.006611100587904894,0.2912591096418477,-2.6671122720705234,-0.5203457798154081,3.833404153396718
0.014182609831175572,-0.012938001195553453,0.004658539973992332,0.006632272302687558,0.29228019026043106,-2.663203158487,-0.5476474661867887,3.8301959064276523
0.014220114697165505,-0.012887080765595148,0.00457420559356756,0.00668651718354648,0.29417252263188637,-2.646489980577958,-0.627256101336407,3.8114544208756542
0.01420727984785774,-0.012904711874516493,0.0046033189116959075,0.006667874830213179,0.29347423028601677,-2.65244842672779,-0.5998590469664801,3.818081754084243
0.014194705877159798,-0.012921612718681032,0.004631514106790517,0.006649968414629975,0.2928877891061534,-2.658090421847548,-0.5733555064987219,3.8244924842598835
0.013990592618551371,-0.013175942808421399,0.005060658933502462,0.006358882296775707,0.2826209331126221,-2.7174709391778618,-0.15611256499347978,3.8957234872220527
0.014117870583791674,-0.013030926410389186,0.004802120815534146,0.006524482406613839,0.2875740096090386,-2.683584654926626,-0.40413852697526936,3.849448493116903
0.014007625124258,-0.01316570321724863,0.005028703571126432,0.0063662482904668785,0.2818488263789866,-2.7098394520285183,-0.1811382538544695,3.8815229148957173
0.014022017828065773,-0.01315348371377971,0.005000959024240155,0.006378498764261858,0.28179493656511934,-2.7049606920956966,-0.2053908208027222,3.8731229189948437
0.014033392774371949,-0.01314011873307209,0.004978154548226171,0.006394480652275255,0.2823946144290377,-2.702725311890765,-0.22791791636163183,3.870189537805061
0.014058921866753874,-0.013100805295812382,0.004924175252575799,0.0064458789407536785,0.2851297357082742,-2.7012232950474915,-0.287295137337147,3.8721945841944176
0.014043327395519715,-0.013126957048621072,0.0049577908737382685,0.006410881558010767,0.2830943113038615,-2.701303176404902,-0.2489986045932863,3.8689567303548285
0.014052932624562857,-0.01311354204101689,0.004937817693491592,0.006427799906861304,0.28389163625235186,-2.7000768575543397,-0.2700065288815336,3.8682552017861638
0.01410423178531785,-0.013048030313578401,0.00483090791143058,0.0065051320968185404,0.28683521828253017,-2.6877869703790833,-0.37628246448864666,3.854449240700515
0.014089499236260121,-0.013066463861120318,0.004861784220467839,0.00648398723317975,0.28610532932000027,-2.6919759229442204,-0.3461891116672771,3.8594304462252724
0.014072468386530932,-0.013094496900750966,0.004899011405726967,0.006447485817850692,0.28410378716041795,-2.693299409453383,-0.3048778477778123,3.8577467735413467
0.014085651377554543,-0.013085316582041368,0.004873739301339864,0.006454163581924827,0.283626182810888,-2.686849338709276,-0.32471927686908786,3.846673314776706
0.014141949903153803,-0.013035220539850944,0.004762360585877725,0.006499188049331609,0.28312285348057514,-2.6619069594886935,-0.4186881427863954,3.8074740867412866
0.014153204386078509,-0.013018119434273376,0.004737631762919352,0.006519749978002787,0.2842037260906664,-2.659233305102194,-0.4442754670171522,3.8056389533900528
0.014164365963675159,-0.012998189145807339,0.004711880819937535,0.006544950170375172,0.28563703492265574,-2.6574245740900566,-0.4726144135406351,3.8061545266363614
0.0141822627703304,-0.012979634494858542,0.004674998731434379,0.006562268660402823,0.2857295719124649,-2.6490327484140717,-0.5044687280674758,3.794253813579719
0.014259326420218515,-0.012856576092873467,0.004495244825862016,0.006703073497745951,0.2925056911484831,-2.6201207319029334,-0.6850994934218342,3.7706258078238823
0.014272240467960952,-0.012845619137864823,0.0044688381413452785,0.006709651237274639,0.29177509152054487,-2.611411692943568,-0.7048131965983825,3.75756619053992
0.01427845395263853,-0.012824740452193477,0.004448576353285002,0.006738376479523551,0.2941975100778093,-2.611050592161732,-0.7311748684450429,3.7628712278868655
0.014298457216446068,-0.01281354901551704,0.004410325376613994,0.006738435874489384,0.2923678943263633,-2.5955173302846126,-0.7550411472923413,3.7375322015354784
0.013097736544165066,-0.01398067784378576,0.006504333420342343,0.0050615987514831505,0.24330316411562894,-2.458691633528313,1.4050365545735353,3.6789667476685
0.013085013192549887,-0.013990294691237443,0.006520639233861876,0.005041268989857374,0.24277353180147498,-2.449711753342676,1.4243220631546596,3.6698864373429205
0.013072223604447228,-0.013999629826982002,0.006537114248637601,0.005021308366120302,0.24229372154091303,-2.4408161976092804,1.4435917126997289,3.6611024548486824
0.01305948001696536,-0.014008766647668388,0.006553507542341858,0.005001594713985976,0.24183813960554423,-2.431936049559608,1.4626930619246556,3.6524138469075944
0.01304699844140675,-0.014018024085924695,0.006569212304087676,0.004981622319668061,0.24132494169157184,-2.4228141975709367,1.48131936603413,3.6431840380682092
0.013034657106470905,-0.01402758326237566,0.006584310749380572,0.004961042639114021,0.24071773449430264,-2.41329621626171,1.4996348230135756,3.633184583487576
0.013101000480988561,-0.013998222010205423,0.006486748293079078,0.005031041507722968,0.24001275115522172,-2.443556333220929,1.401289805944023,3.648311330123773
0.013134296439129549,-0.013950000390753968,0.006458614788672557,0.005124840068540777,0.24541711172301997,-2.4862862743768694,1.3487365556693065,3.7089591146518663
0.01312238375045757,-0.013960312191289242,0.006473459870450569,0.0051037689645109735,0.24466274468525004,-2.4771602497054928,1.367228780137146,3.698853433463611
0.013110291657866887,-0.013970692817170621,0.006488428147661312,0.0050824342077555665,0.24391805868491115,-2.4678325584647323,1.385867940256638,3.68854867923675
0.01314958207216843,-0.013956411078768547,0.006427081128738694,0.005116372150485188,0.24290458433193454,-2.480672608522912,1.3270697505819307,3.6893328714096056
0.013175244755561581,-0.013938792213111895,0.006391862795463604,0.0051527426403216005,0.2436354882941685,-2.4954587291466868,1.287727808509228,3.7024475993746093
0.01316229498211028,-0.013947750349424443,0.0064096525429891416,0.005134333296815649,0.24325565914362315,-2.4880238785548205,1.307617803381887,3.6958282501408415
0.013233537534812703,-0.013871367500852607,0.006325204528924281,0.005283066919249734,0.24997982505300112,-2.550180205767022,1.1920878706595985,3.7733977479811913
0.013188068907523769,-0.01392932479854978,0.006374479965238195,0.00517191468875875,0.2441086994295131,-2.503167515835928,1.2678777409227846,3.7097528645635998
0.013200690635454223,-0.013919505431071802,0.006357535211804772,0.0051915611426002215,0.24465951754780768,-2.511022063295559,1.2481844817437828,3.7175399990410525
0.013213125983170143,-0.013909462251127156,0.006340916607020064,0.005211461396034063,0.24526171323316479,-2.5189173573328527,1.2286337955782434,3.7255972690108385
0.013225426745698314,-0.013899270073956553,0.006324483405234262,0.005231493649406054,0.24589699991096517,-2.5267900273781643,1.2091574325900343,3.7337738950094383
0.013237675755056431,-0.01388894913628985,0.006308071710285632,0.0052516351577800305,0.24655454247988204,-2.534617976116238,1.1896359073721372,3.741982420694059
0.013245771606415014,-0.013860898013722643,0.006308564797428644,0.005303447135784387,0.2506640673136269,-2.558004387075051,1.1722171366518175,3.7816596957366513
0.01325781514379897,-0.013850175244997522,0.006292257384828483,0.005324153780207162,0.25140686575439225,-2.5659042025754917,1.1524630016754676,3.790258437088838
0.01329315331474504,-0.01381849910296118,0.006243640302128106,0.005384630426145947,0.25362327775884697,-2.588325104861483,1.0938636405088376,3.8145825444819685
0.013269703143839637,-0.01383944414194837,0.006276086763792268,0.00534474860910357,0.2521804427870446,-2.5736704205661454,1.1328271545821875,3.798776212882189
0.013281456741458723,-0.013828880082344341,0.006259928475249234,0.005364915096800027,0.2529153325206168,-2.581151046351101,1.1133270187283586,3.806910507970713
0.013344595789619551,-0.013793664889383285,0.0061611383944034205,0.005431798055940883,0.25290137148808434,-2.6003309103616385,1.0138640811686501,3.812627343467749
0.013332286264454318,-0.013803828738948523,0.006179013164000518,0.005413006372987168,0.2523373332892518,-2.5941131780278677,1.0342353561700486,3.8066538944382686
0.013308680893563933,-0.01382410753364724,0.0062125419604716,0.00537516932742354,0.2510921683834894,-2.5810390521862576,1.0732975043839035,3.793307787764275
0.013320620970206363,-0.013814438323864935,0.006195371393791318,0.005393293729493361,0.25162173969489526,-2.587235323560197,1.0537435335926775,3.7992302439189047
0.01355419118422057,-0.01359974438563725,0.005842954809344699,0.00576901111732818,0.265037695758987,-2.6952150227510625,0.6481276331499654,3.910029055044936
0.013577273262511293,-0.013576058969801278,0.005805886760142901,0.0058078578494092726,0.2666559867035732,-2.7039997470438273,0.6054569006069167,3.919675215631965
0.013566551358958812,-0.013588294203905484,0.0058228962513716355,0.005787609676378143,0.2656568592450741,-2.6990606843571645,0.6259829476354187,3.9135008338825847
0.013591729042198969,-0.01357844452771258,0.005778813518164373,0.0058002665667928,0.26444993815596457,-2.695983620278111,0.5883938729669269,3.900148627184835
0.013602781413144511,-0.013570660865706583,0.005760171151280743,0.005811988331923513,0.2645350685187102,-2.6970926633966616,0.5700306666165612,3.899108526674404
0.013615294957493689,-0.013561398235748215,0.005739084171161,0.005825939707331375,0.26469161400340807,-2.698520020788284,0.5490046239929108,3.898374684628504
0.01362757813097721,-0.013550968582888026,0.005718549780590898,0.005841927804209071,0.26509026556406257,-2.700743616373946,0.5275886372365638,3.8993423291209024
0.013639452391502008,-0.013539736915251422,0.005698793374681869,0.005859335957920982,0.2656757409178429,-2.703564400292835,0.5061824015177966,3.9016773762678993
0.013651037589333071,-0.013528002782321483,0.005679521303610764,0.00587759488735207,0.26637806939009107,-2.7067042323127217,0.4847900785526414,3.9048139090146026
0.013710347392856348,-0.013438810193225008,0.005581334988962885,0.006022064730053502,0.2751710770766614,-2.740306961077867,0.3546303046721067,3.9569599288632986
0.013699485928084268,-0.013450539204449975,0.0056002883110010905,0.0060043442532676,0.2744012437421195,-2.737943839176715,0.3756535314992335,3.9544516344520306
0.013656750881128263,-0.01349810678020343,0.005673421223993607,0.005930721619058257,0.2711718538121672,-2.7258503471530378,0.45894428994746855,3.940299302128126
0.013667413581674158,-0.01348555139560058,0.00565546102958998,0.0059505464103598435,0.2721496338002665,-2.7296289954099184,0.43780897248934864,3.9451389839683926
0.013688358484148634,-0.013462093310494916,0.00561962132240706,0.0059869014965929016,0.2737541466470525,-2.7356638033326273,0.39687470185119095,3.9522834702440277
0.01367786241727566,-0.01347371925901337,0.005637661205632589,0.005968981754983554,0.2729484452380895,-2.732821894964513,0.4173124573370855,3.9490003713902735
0.013662886154970263,-0.013516008157301918,0.00565967272609614,0.0058961094711057075,0.26708914729197014,-2.709715462788289,0.46287025517300684,3.9077591145526056
0.0137257664831722,-0.013441458924970728,0.005552903778972643,0.006011668352914291,0.27267303717505376,-2.7299436353970763,0.33829071774920544,3.933867218348863
0.013364089400759102,-0.01375522498546851,0.006142060782216455,0.005502305853947544,0.2578325077974482,-2.6286353676702556,0.9739272926313493,3.8570381044871715
0.013353514654885934,-0.013766982468063975,0.006156521390174702,0.005480756443243559,0.2567140654254725,-2.6210425295500035,0.9927752959018873,3.8474951259027583
0.013451852027216262,-0.013699798654383357,0.00600183527601195,0.005599596114349451,0.2584778166040922,-2.6514160058543497,0.8316701770782845,3.863244012930305
0.013378521518564297,-0.013758244158192665,0.00611427167095343,0.005496485274532154,0.25577315745669676,-2.6227825653784187,0.9548069053981081,3.839615169363255
0.013440482632244654,-0.013710885241195936,0.006018811333059576,0.005580216510174468,0.25770653818647954,-2.645728957166622,0.8516896402249111,3.856985603444921
0.013428611840791532,-0.01372188605285754,0.006036597599296859,0.005560911247258735,0.2569938720008596,-2.640089617073372,0.872277505078947,3.851111787035197
0.013416169345203849,-0.013732574508140255,0.0060554100323716685,0.0055420832263906325,0.2563877877776867,-2.6346876937209913,0.8934539000462282,3.846018624962898
0.013403231732714531,-0.01374260656048331,0.006075252477401693,0.005524339535039985,0.25595309569385444,-2.6297707445655103,0.9150047710286017,3.842152799295057
0.013390114785791829,-0.01375136066696711,0.006095818883689799,0.005508791391253261,0.2557860155463709,-2.625767691633589,0.9362960726953159,3.840197749207166
0.01346840272011806,-0.013706188336528579,0.0059693628062868695,0.005586348892247858,0.2554047990286083,-2.6411478303268097,0.8123434985065848,3.8376405488165646
0.013479170274346662,-0.013695158315718443,0.005953382965618973,0.005605375052274257,0.2562078278876758,-2.646657667281336,0.7932252424106253,3.8439877605573067
0.013490510503082883,-0.013684440231012044,0.005936124961705857,0.005623656665643518,0.25688045754619854,-2.6515741661523786,0.773415458543532,3.84909953258583
0.01350220773814422,-0.013673593799647396,0.00591812719368016,0.0056420054925313415,0.25751858172440706,-2.6563091603494673,0.7530149863966608,3.8538367200626378
0.013558044312599755,-0.01361703208837428,0.005831651572326145,0.005736539069426296,0.2613449308003994,-2.6802199222456067,0.6523831469327078,3.8803596875028847
0.013544657451278053,-0.01362444086320745,0.00585429066051874,0.005725417684279292,0.26166280288996874,-2.6796776201920274,0.6734937069966609,3.883600300000835
0.013535948549833888,-0.013637589732033877,0.005866771868911185,0.005702830406279499,0.2601794468270375,-2.6727013677482927,0.6914922817839261,3.8732363505380856
0.013525679156600459,-0.013650200682451248,0.005882084114626574,0.005681409597377641,0.25911294322026945,-2.666573961198715,0.7111109266184644,3.8650905367421644
0.013514018654688932,-0.013662180306905435,0.005899958616627724,0.005661245648027584,0.2582720650584713,-2.6612808960850547,0.7321396148520202,3.859082970149369
0.013357717728875715,-0.013784163882012118,0.006141359124110686,0.005449249815262974,0.2532978875773498,-2.6056447104944915,0.9925297581166174,3.8166408493649198
0.012800248849816146,-0.014176292540732138,0.006872683431426912,0.004608182535750829,0.23536476799167905,-2.2351736709321077,1.8314717325198997,3.4639813257084415
0.012787113550861151,-0.01418509635177765,0.006887114878514786,0.004586528261238773,0.2350092035251695,-2.2234019571873964,1.8489999244770845,3.4518503712700253
0.01242251932881241,-0.014373945598830679,0.00728980320034554,0.004037427664574777,0.2324395963618889,-1.8922708930717913,2.306471066548534,3.1390123456340664
0.01240876639851925,-0.014381534484329047,0.007302450792735043,0.004014507256883346,0.2322783061744326,-1.8775301655283763,2.321836784391424,3.1240256810253926
0.012422414771788673,-0.01438998537875501,0.007270510395737464,0.004011860605365365,0.22695911336369748,-1.8777478295004233,2.3015120996789338,3.1103863567273007
0.012774034026999071,-0.01419400745892644,0.006901197543706044,0.004564618464902551,0.23456454922292788,-2.2114274790111854,1.8662745612197462,3.439352516839206
0.012705604357736414,-0.014204724135944915,0.007007761215187564,0.004509250512669222,0.24048526484787422,-2.178013278781374,1.9631897464643597,3.432594611549586
0.012719782427812442,-0.014212159251094078,0.0069760409757062625,0.004504372279034676,0.23388260832451654,-2.175606795853351,1.9438509922337468,3.4159163273111246
0.01269238135147846,-0.014213203372519655,0.007021871056816887,0.004487246968763503,0.24184174881032275,-2.16543354117586,1.9802892637653784,3.41973155359697
0.012706568324033843,-0.01422064118999213,0.006990149943603694,0.004482521006419402,0.2330533977166437,-2.1632029748207313,1.960987774926344,3.4031622853265104
0.012760835541207239,-0.014202828865310402,0.0069154088959303564,0.004542701587359931,0.2340349440847658,-2.1993556206651284,1.8836134805309508,3.426841521569347
0.012747523465482677,-0.01421146478095415,0.00692983235429099,0.004520939468987475,0.23350690251214914,-2.1872608366592807,1.9010472424980136,3.41446567110053
0.012734204178035927,-0.014219933364004844,0.006944275189201657,0.004499353919391381,0.23307446339234486,-2.175164382215895,1.9184188023912798,3.4021790732153767
0.012679131780828632,-0.014221641019906124,0.007035918006529363,0.004465189254101894,0.24248479738032147,-2.152789647740649,1.997328062455469,3.4066598971001123
0.012693357837186644,-0.014229123997263303,0.0070041020176103775,0.0044605723645900685,0.23222135203593594,-2.1506520845357966,1.9780366695173692,3.390203635806509
0.012665855778034212,-0.014230036994013361,0.0070499096269346475,0.004443065273049509,0.24196992548176718,-2.1400681013942204,2.014369288098457,3.3933818707400913
0.012680114788407052,-0.014237611744419737,0.007017950427385504,0.004438502931161683,0.23164497376029716,-2.137941906972262,1.9950155240581715,3.3770656384476063
0.012652553475482133,-0.014238391211262554,0.007063846229762828,0.004420874194343751,0.24038053589754957,-2.1272410773033466,2.031430462854131,3.379949592902397
0.012666810123654596,-0.014246084306431378,0.007031760034308605,0.004416330058743416,0.23139591303944432,-2.125087036415621,2.0119282384305937,3.3638048715183175
0.0126392250056941,-0.014246703588587152,0.007077721832312736,0.004398625269499667,0.2382427181978282,-2.1142796717704213,2.0484773698207426,3.3664369191294745
0.01265343353320402,-0.01425450799951552,0.007045579071076996,0.00439410142055196,0.23141782756153217,-2.112121783806147,2.02877088967632,3.3504855440558186
0.01262587050132173,-0.014254974043432976,0.007091526643597758,0.004376334166287393,0.23631345242837953,-2.101167652565129,2.065440332628676,3.3529083082213424
0.012639996050903232,-0.014262851089878409,0.007059420586872963,0.0043718726576615205,0.2315447386300886,-2.0990847520346745,2.0455351039688145,3.3371524063788818
0.012612490095141666,-0.014263202493758264,0.007105250723294492,0.00435401715426642,0.23527334862593793,-2.0879098207109412,2.0822460448121443,3.3393944126901665
0.012626523855871064,-0.014271099140305785,0.007073257879565462,0.00434967987030922,0.23157664368959982,-2.0860008744805967,2.062212163052774,3.323810685592297
0.012599083920050673,-0.014271388858033656,0.007118887093135019,0.004331685892354087,0.23575213634366987,-2.0745320170115202,2.0988556478995273,3.3258719425645538
0.012613040285401568,-0.014279266610788646,0.007087041017633432,0.004327510943326597,0.23129988936538684,-2.072860992254299,2.0788031780320178,3.310413465461823
0.01258565210906067,-0.01427953305524214,0.007132441986177056,0.004309330398134797,0.23713142056680767,-2.0610641044399367,2.1152971991836487,3.3122503218333126
0.012599559885456427,-0.01428739670857865,0.007100704689972248,0.004305304584699105,0.23065247458690105,-2.05962409283358,2.0953088337174677,3.296869827168546
0.012572194795293822,-0.014287635004878955,0.007145931066765758,0.004286924881822727,0.23787534874671945,-2.047518646634309,2.1316426652110576,3.298444660331706
0.012586083675675715,-0.014295522364663487,0.007114213449970651,0.004283011977273411,0.22992811240569358,-2.0462585792831347,2.111723577521229,3.283131760739239
0.01255871211197754,-0.014295694626951438,0.007159361488795136,0.004264457340221605,0.23755382616934026,-2.0338889426823803,2.147943527761088,3.2844552514054484
0.012572595421698541,-0.01430363672280168,0.007127598740043549,0.004260637681714915,0.22943090140037228,-2.032765885182562,2.1280453528416143,3.269238759601251
0.012545204192439477,-0.0143037118419788,0.00717273015153717,0.004241932782941107,0.23661675538024474,-2.0201603973761286,2.16420352145472,3.2703357935949646
0.012559076749704799,-0.014311714798799292,0.007140914621263264,0.004238210520164241,0.22917194115173498,-2.019163419652586,2.1442751940041087,3.2552501733938937
0.012518113178479765,-0.014319618735532863,0.007199254824535937,0.004196758627506513,0.2349287645226211,-1.9923699697256307,2.196466889442372,3.2419002205107716
0.012531931071352241,-0.014327690419262273,0.0071674403931013654,0.0041932951093532145,0.22890344174876653,-1.9916969256768031,2.176466656696085,3.2271032902335075
0.012531671170102522,-0.014311686570991885,0.007186030669532818,0.004219361874092857,0.23552704673674388,-2.0063205580357155,2.1803923947859483,3.256139304341724
0.012545520087767268,-0.014319736478902183,0.0071541939516426385,0.0042157563291602305,0.22904265333957677,-2.0054691715184045,2.160415361294181,3.2412011748979204
0.0121146721502037,-0.01453080144093215,0.00755121000506808,0.003524383795624841,0.23100118353062793,-1.547983129367087,2.6211996865695006,2.787883368133304
0.012127677107558988,-0.01454005392975657,0.007519518020177813,0.003523949174375486,0.22383833353976249,-1.5509424038615391,2.6006587235425584,2.7768491669529607
0.012128895840071584,-0.01452413555302291,0.007540101865282617,0.0035480863418598757,0.23100515301696153,-1.5645515956938632,2.607951922840246,2.8047116473823888
0.012241915987078055,-0.014469207167595147,0.007448552433827162,0.003736458007499059,0.23180173023198236,-1.6940235365042653,2.498396223929677,2.9363789606564943
0.012227864587089588,-0.01447622825396473,0.007460264798504753,0.0037130177682717855,0.23051543769623142,-1.6781289465862852,2.5124651341474866,2.920177705725885
0.012241188231214152,-0.01448519939700888,0.007428336882233676,0.003711783905690741,0.22452459367794483,-1.6799631848764702,2.4917216481407727,2.908336873387763
0.012311837995365548,-0.014433441674724524,0.007388957613626731,0.0038529675460984326,0.23099331254617206,-1.7721335731239847,2.4267282460424138,3.0157936242810304
0.012325317602210908,-0.014442281216736755,0.007356881791681314,0.0038509272889587737,0.2254775249251004,-1.7730323081096044,2.4058889835411716,3.003300223908426
0.012325754459026412,-0.01442615704605234,0.0073768108995405784,0.003876172564074049,0.23150981446434904,-1.787490725683168,2.4119928864967948,3.031481282443132
0.012297898706704344,-0.01444068255268562,0.007401028835487974,0.003829729319943682,0.2305615512464441,-1.7566691859044872,2.4413212053215054,3.0000670243739798
0.01231132822496469,-0.014449536645258852,0.007369016971688193,0.0038278233222044894,0.22544412299542024,-1.7577390349025486,2.42043581178093,2.9877279380390687
0.01228393672729852,-0.014447879610072302,0.007413020346094211,0.0038064662310673784,0.23074641443986374,-1.7411135771510253,2.455764192612252,2.9843046199535936
0.01229732119187728,-0.01445673365969125,0.007381089661916816,0.0038047055805037057,0.22533636463639573,-1.7423745940041113,2.434898275770829,2.972083219696931
0.0122699521913998,-0.014455032777517944,0.007424930910236073,0.0037831808069401624,0.2318564034365865,-1.7254914509794617,2.470063563351418,2.9684757167596865
0.012283312621083897,-0.014463884201785545,0.0073930628169201025,0.0037815696112043005,0.22500170973163322,-1.726929977781016,2.449258142284307,2.956337062433676
0.012255945233250498,-0.014462141986151311,0.007436771598150839,0.003759851366030217,0.23261617959229183,-1.7098046777343832,2.4842595146268254,2.952506513411668
0.01226930603535722,-0.014471015909407787,0.007404897635072572,0.0037583793636824813,0.22454777343411783,-1.7113816296594326,2.4635015464341765,2.940443300727584
0.012255273520385758,-0.014478133023779425,0.007416628160148794,0.0037351075241619466,0.22436854871326836,-1.6957184449630776,2.4776474676971603,2.924416944319702
0.01233964796343263,-0.014418828737030386,0.007364587543273735,0.003899346399477579,0.2323584613707476,-1.8027381424896705,2.3971255196791716,3.0471422123847502
0.012339281610426025,-0.01443496791468695,0.007344694147453591,0.0038740105354597085,0.22548014518728987,-1.7882531380207782,2.3912600801526778,3.018801997700963
0.01289386495533591,-0.014130254614369253,0.0067514367855702586,0.004730363719703461,0.23490677398512294,-2.3005070027093155,1.7011887294727714,3.516648784704383
0.012880841950862124,-0.014139453990315234,0.006766226297433744,0.0047089029275035575,0.2344165413452892,-2.2894663153158223,1.719142077941464,3.505197306638139
0.012957572719918481,-0.014084647246645847,0.006677372643130842,0.004834860706064054,0.23744910616287632,-2.3529850428326733,1.611651554596536,3.5708897751173367
0.01293161691912806,-0.014102182758818586,0.006708837831732819,0.004794430352943816,0.23663138006476644,-2.3329357946800537,1.6485787351829828,3.5511231728837784
0.012919186255118181,-0.014111512214345796,0.006722945035670595,0.004773281271392007,0.2360421347152322,-2.3223152675284315,1.6660170919303796,3.539808730795187
0.012906638660306917,-0.01412085374637007,0.006737095618577472,0.00475196881424333,0.235472468973098,-2.311527558020142,1.6835029120140852,3.528332401489562
0.012946385077817445,-0.014109143440597563,0.006677450576665395,0.004787895519925132,0.234216453535137,-2.329799071576437,1.626026795888267,3.534352251737704
0.012959458237852708,-0.014101429086728798,0.006660810821993973,0.004806176743183844,0.23443536495444509,-2.3388228387490453,1.6074892125583615,3.5423585798738775
0.012970639048846516,-0.014075447605491507,0.006661613618032722,0.004855694896128695,0.23792015716304907,-2.3631718912736726,1.592933143929553,3.5811605999412746
0.012983605656861146,-0.014065947078438537,0.006646113740363034,0.004876910469885498,0.23846019020212814,-2.3734540771429447,1.5742628303241208,3.5917745349156296
0.01302211534613192,-0.014037256713332854,0.006599534625006945,0.004940095553733175,0.2401317258549133,-2.4035127557699707,1.518135111163735,3.6228935827640583
0.012996512556902927,-0.014056439445829731,0.006630572161269257,0.004898006720075691,0.23901556109630942,-2.383585727442328,1.555561795937895,3.6022267370129435
0.013009376108068384,-0.014046912059102709,0.00661497140478814,0.004919012171390815,0.2395480724086476,-2.393576450148963,1.5368113672150503,3.6125256805500854
0.012815143659704228,-0.014183944895744238,0.006840210760253626,0.004602363000142101,0.23219025101810878,-2.233271403692667,1.8081786292516515,3.4477468450488398
0.01285463736973442,-0.014157094798916303,0.006796279595626511,0.004666907034132652,0.2335496232514583,-2.267559916445134,1.755043628471111,3.4830253077405726
0.012828614098675322,-0.014175331031245289,0.006824895124936594,0.004623549426113024,0.23254654858825227,-2.2446445647728273,1.7900768082878955,3.459060991254003
0.012841767164767752,-0.014166258671638609,0.00681038140466888,0.004645265071707713,0.23301943963327523,-2.256168370500689,1.7724099872041936,3.471020272831687
0.012882961505527741,-0.014156254342784764,0.00674823111538518,0.004680814664785548,0.23142433629900946,-2.275650136609901,1.7133764749309248,3.476786272543514
0.012869600566026247,-0.014164383985407031,0.006764203699212614,0.004661033607130709,0.2311258071558213,-2.2653426272551047,1.7316730170234658,3.4670373626334983
0.011956864711873454,-0.014601160777393504,0.0076685109895025414,0.0032612865168839774,0.2269543145107055,-1.3607735774496523,2.7604731851772075,2.5969948747436757
0.011969469343524969,-0.014610998574525408,0.007636764469688835,0.00326182121239429,0.22493010831470198,-1.364999872533101,2.7392161280532648,2.5878492458020976
0.011971310217633164,-0.014594990318363584,0.007658213112550455,0.0032853947969178495,0.228342038938203,-1.3782870584923963,2.7483131243208963,2.614578214718433
0.011942399911086577,-0.014607285815467805,0.0076787109975621935,0.0032371985833323665,0.22782818165194937,-1.3432063006322672,2.7723814839413645,2.57955619702769
0.011954928654284292,-0.014617042302957179,0.0076472080664466415,0.0032379277487593447,0.22522623975708347,-1.347759754193782,2.7512693926853413,2.57047315413574
0.011984014858454585,-0.014604844201706857,0.007626304869923329,0.0032857877018759372,0.22433206138769599,-1.3822453202183593,2.7270859800270806,2.6052543808080695
0.011985736283431542,-0.014588774500088612,0.007647833912682739,0.0033094839752088197,0.23014964646331534,-1.39568208704464,2.7359738749770752,2.632253288728765
0.011998528370126577,-0.014598582961998681,0.007615870474536172,0.0033097881069419715,0.22375712068625672,-1.399477710248652,2.714888414716621,2.6226962659898465
0.012000142764298621,-0.014582513384860307,0.0076373814868881075,0.0033335348527327776,0.2318547445621335,-1.4129441065639956,2.7235284472392376,2.6499484567806433
0.012014529515234589,-0.014576207035553427,0.0076268615778924825,0.0033575343297430568,0.23306355794781228,-1.4300827088597117,2.711030380223274,2.667585669940474
0.012012988278692105,-0.014592233318935091,0.0076054634661312575,0.0033337789960362053,0.22330212888766302,-1.4166613322945667,2.7026202827436734,2.6401475678751853
0.012028896391215732,-0.014569855515627577,0.007616280689288729,0.003381467910642619,0.2326935662811708,-1.4471233346613384,2.6984942822509894,2.6850668196274925
0.012027392422409723,-0.014585820599335032,0.007595051672313308,0.003357727311540045,0.2231676263265718,-1.4337650627460015,2.6902728663402034,2.657573151277066
0.012043243247200375,-0.014563458889128956,0.0076056326303272125,0.0034053499223124276,0.23115094808609224,-1.4641038231497854,2.685882102691425,2.7023701328430776
0.012041766124716568,-0.014579386590821771,0.007584544901120586,0.0033816032412362224,0.22345274472408985,-1.4507661257011388,2.67781472784322,2.6748999363889685
0.011884350654762893,-0.014631330544227503,0.0077187474156103705,0.0031405394446604924,0.23168409899161002,-1.2728472959736805,2.8187094026072246,2.508135209972562
0.011869791551180904,-0.014637227572066366,0.007728576966738609,0.0031162720962565125,0.2321450917502135,-1.2550539296698686,2.8301799825260887,2.490027338606188
0.011882424880819184,-0.0146471964520437,0.007696815749613,0.0031176734189305917,0.22426324846942866,-1.2600777480544736,2.809459504387768,2.481265591017863
0.011604716392924312,-0.014735492086180694,0.007892355834378162,0.0026744671161805372,0.235254208997381,-0.9228478799316316,3.017219318431534,2.154160536629305
0.011616607971164527,-0.01474612066793992,0.007861087073850652,0.0026775820173512003,0.22793098236172152,-0.9300263818916853,2.9964004130547015,2.1477294614131566
0.011619585149978953,-0.014730427458694155,0.00788392423935327,0.002699220804573646,0.23343208648962924,-0.9418467368089073,3.0078288891612357,2.173163733729369
0.011589831792800681,-0.014740509980012716,0.007900714471432736,0.002649672415820574,0.23603495507300573,-0.9038069178043197,3.0264803639773077,2.1350315399033213
0.01160168600365623,-0.01475116812144295,0.007869483749211209,0.002652876263255164,0.22789227083511435,-0.9111189634431476,3.0057269379860645,2.1286395228242054
0.011574931491672198,-0.01474548109221175,0.007909002257119244,0.0026248304413112305,0.2356593976765973,-0.8847000955894252,3.0356426807782437,2.1157967680645524
0.011586754366590388,-0.014756184124617532,0.007877771108733595,0.0026281373259327387,0.22818087406387125,-0.8921503847702338,3.0149327374237522,2.1094852798884385
0.011560015631407593,-0.014750405375308931,0.007917210574858728,0.0025999670135421525,0.2358019483403798,-0.8655353133344263,3.044699706896585,2.0965390055710813
0.011571806087356558,-0.014761135473730355,0.007886009588164421,0.0026033918379748983,0.2285763805541343,-0.873134817307789,3.024036834631953,2.0903184772216137
-0.005023716349162424,-0.009275735227687756,0.0011949439652493333,-0.008210715076955304,0.4049908077733791,-0.7632637223209088,2.4627481556802278,1.6043965998129484
-0.005002144363339304,-0.009448247909696941,9.105646064462822E-4,-0.008248524584493643,0.3596179791426295,-0.5814886408181579,2.5078162867226657,1.3998246319350993
-0.00500036363663021,-0.009463919083300609,8.846848860638114E-4,-0.008251312463041867,0.3550988394206076,-0.56499281825699,2.5112601923591487,1.3813073535690206
-0.004998464508829833,-0.009479630120217157,8.586932677298712E-4,-0.008253830475789746,0.3505926426755736,-0.5484629299929108,2.5144791915521476,1.3626824559945945
-0.005021368162207392,-0.00929149979735733,0.0011689163665292745,-0.008214446391771083,0.4011110121952743,-0.7466220663786042,2.4672245940026056,1.585504233687584
-0.005019216375621568,-0.009307243722614841,0.0011429788608443294,-0.008218256179715945,0.39721893611885645,-0.7300210619786864,2.471727613229785,1.5667603767873057
-0.005017208118078645,-0.00932292977320721,0.0011171658522241515,-0.00822206812372396,0.3932631876705411,-0.713490498131036,2.47619490876043,1.548162153288261
-0.005015279515919534,-0.009338541711951925,0.0010914773006617232,-0.00822580195627183,0.3892054811818266,-0.6970373488033336,2.4805653019011795,1.5296791605258402
-0.005013312738774808,-0.009354083309077475,0.0010658650007139019,-0.008229321828767787,0.3850267116616494,-0.6806497670568273,2.484737389326465,1.5112316415996656
-0.005011224337207537,-0.009369627446732838,0.0010401868138555494,-0.008232558009113116,0.380787131575089,-0.6642555745874107,2.488664287896111,1.4926960940125886
-0.005009116505903453,-0.00938527533564783,0.0010143210762266414,-0.008235667121944524,0.37658579390890284,-0.6477612003259469,2.492475287402329,1.4740345180013763
-0.0050071596341215415,-0.009401032800150666,9.883168176955017E-4,-0.008238849851440425,0.3724367335100862,-0.6311680970047536,2.496326121988385,1.4553477260680658
-0.004988456366055434,-0.009438755043468012,9.214687970287018E-4,-0.008229300988681283,0.35617460585834476,-0.5925472763347259,2.4920810910959172,1.4032583034638473
-0.0049897584954478255,-0.009423008692331784,9.471507502521595E-4,-0.008225689762809423,0.3602475197328087,-0.6090550502611761,2.4879186422130535,1.4214443901227105
-0.004991207579553879,-0.009407097831570753,9.731175333507904E-4,-0.008222051655457953,0.36436903456655084,-0.6257293291772291,2.483699853967963,1.4398810015197079
-0.005033748529891901,-0.009213426383270175,0.0012979476850912745,-0.008195425174812298,0.42067417012236286,-0.8291368687153459,2.444309298300864,1.679532202798829
-0.005031334691767922,-0.00922887879306227,0.0012724634889548156,-0.008199518190150286,0.4167897878234877,-0.8128102740850135,2.449165440156298,1.660969481060172
-0.005028808185236823,-0.00924438573397016,0.001246823436065174,-0.00820336072253461,0.41284671182070953,-0.796410271976975,2.4537997944587056,1.6422496213999909
-0.005026236281192556,-0.009260011183920856,0.001220959242807365,-0.008207058260834179,0.40890290276429564,-0.7798833195753038,2.458301501128506,1.6233603497754305
-0.0050204943320403305,-0.009203389245301404,0.0013076597707520254,-0.008175133347258445,0.4162519960750845,-0.8393078190140796,2.426982192562779,1.6815022381843912
-0.005022474740236177,-0.0091878488000756,0.0013329023396351234,-0.008170251660126108,0.4196591313316396,-0.8555906487609476,2.42140572190522,1.6996554904593821
-0.005024622562111189,-0.009172059681188916,0.0013585764202728825,-0.008165305998699092,0.42312003709886,-0.8721301404070078,2.4157192649677985,1.7181633096966193
-0.005030058068633321,-0.009140132573443734,0.0014109232373235284,-0.008156149530282568,0.43040952724012765,-0.9056172601148864,2.4047963787679554,1.7562916561977502
-0.005027085428835855,-0.009156084727362469,0.0013846570747068068,-0.008160495431634452,0.42668669956457245,-0.8888710548961605,2.410088131613883,1.7370662819616058
-0.005033263192255509,-0.009124327217017782,0.001437056025988877,-0.008152003153184902,0.4341509240969032,-0.9222295752202195,2.3996485498600655,1.7755203971972884
-0.005036370519978221,-0.009108682600900813,0.001462871086820361,-0.008147675891399963,0.43774745937673426,-0.9386661582710932,2.3943336745909147,1.794485699035332
-0.005045525470977711,-0.009062797826018288,0.0015384823848971906,-0.008134190537807963,0.4479382988280641,-0.9868618563700392,2.377880505302279,1.8500225101205563
-0.005042549203039683,-0.009077951429919085,0.0015135587232913731,-0.008138839399775851,0.44466202813726935,-0.970953095420504,2.383509878540824,1.83173881413375
-0.005039445113575687,-0.009093217883319758,0.0014883702797093797,-0.00814325849772813,0.441247239416063,-0.9549118610799644,2.388931622711046,1.8132170899396074
-0.005032926250245457,-0.009052575754917138,0.001547252972317389,-0.008113710728089654,0.4435772732017728,-0.9956522788145964,2.3602289182276794,1.8506019667830387
-0.005034548293906884,-0.00903743226808393,0.0015712303042603546,-0.008107242089469809,0.44611426467481935,-1.011219785397576,2.35308787777721,1.8675538882257963
-0.005036434189309484,-0.009021683671347982,0.0015962220484556703,-0.008100605066865678,0.4487696624038305,-1.027398910611211,2.3456964851224416,1.8852774305117805
-0.0050401253643482255,-0.00893256979606481,0.0017322528081098797,-0.008052104775707107,0.45929028541350236,-1.1167416483830008,2.2944779467370213,1.9780388214049809
-0.0050378968991564715,-0.008948560079381624,0.0017070823885076516,-0.00805931124923997,0.45685632751666533,-1.1005589771046111,2.3025867227802626,1.9602707128000139
-0.005047381080736581,-0.008973793610529647,0.0016749816172350652,-0.00808565432893251,0.4587063589678558,-1.0773127512049052,2.327103865121759,1.9432483188094405
-0.0050371702410837455,-0.008962642001917116,0.0016856105232207507,-0.00806698081183897,0.4552249299535024,-1.0865107587827207,2.3107330872473715,1.9456351576877915
-0.005042298144058479,-0.00898927137473293,0.0016486461510930867,-0.008088816571579257,0.45485291200494915,-1.0609230203417417,2.3318411099760907,1.923231107033325
-0.005038941778582402,-0.009005576903822981,0.0016220588258086574,-0.008094346815459582,0.45166697246339416,-1.0440031181909646,2.3385168219732466,1.9038218420744626
-0.005017971256234513,-0.009576455909857678,7.05858737300335E-4,-0.008303241544880144,0.3368865083295229,-0.4411688886144733,2.560011305627469,1.259995617214775
-0.0050047371130587555,-0.009567474412057317,7.17392870122879E-4,-0.008284966519160324,0.32813464051749214,-0.45708350515296586,2.5449345639636025,1.2685988822292018
-0.005016665461698991,-0.009592106779443133,6.797827081934889E-4,-0.008305416910219948,0.3317243763393389,-0.4245604003779803,2.5627360522441838,1.2416097205540482
-0.005003447695096628,-0.009583130806599944,6.914339947936724E-4,-0.00828724580272479,0.3236797146431105,-0.4405844568281901,2.5478243577891373,1.2502433554230665
-0.005015408839722729,-0.009607761596875476,6.536787308977992E-4,-0.008307512120688887,0.32770007345145363,-0.40793439338936605,2.56541358172953,1.2232511411945461
-0.005002193688814296,-0.009598799111656797,6.654537778150439E-4,-0.008289429003099792,0.31898741520296287,-0.4240888554691801,2.5506128735511227,1.2319068052074236
-0.005014201401274544,-0.009623420217022645,6.27567000312071E-4,-0.008309525629181332,0.32403759689895817,-0.39135833851103835,2.5680530498594227,1.2049730425017455
-0.005001007357270549,-0.009614490661050952,6.39440393579025E-4,-0.008291554666641185,0.3140617306347075,-0.4075362803123725,2.5533328432402445,1.2135629028642934
-0.0050130431569171624,-0.009639082495257913,6.014904964966552E-4,-0.00831145421209358,0.3189407569363714,-0.37498271311453274,2.570620048041908,1.1867797956707653
-0.004999896969173063,-0.009630192663293848,6.134126785392705E-4,-0.00829362968926869,0.30924954070355776,-0.39090593975891513,2.5559968769322534,1.1952216464453593
-0.004996657410782198,-0.009495415827306957,8.32597909936245E-4,-0.008256335742636942,0.3461626562540903,-0.5318670762848058,2.517674128667774,1.344037420669891
-0.004995034332786184,-0.009511234981215226,8.064885356401222E-4,-0.0082589236377542,0.34175450244676564,-0.5152470862379551,2.520914208909708,1.3254667542655778
-0.004993570615892186,-0.009527039151544993,7.804322787547487E-4,-0.008261551095949074,0.33732403065583577,-0.4986518236044924,2.524162203363897,1.3070053705721063
-0.004991055139696651,-0.009558505854156815,7.286070977254843E-4,-0.008266823657375246,0.3283594124650589,-0.4656305085009955,2.5305976824219822,1.2704635319040152
-0.004992255623716166,-0.009542805400679333,7.544602952000713E-4,-0.008264199939775141,0.33287007379503764,-0.4821039757437227,2.527402053141559,1.2886683078315668
-0.0052289086404456574,-0.008214653877519244,0.002869017446533248,-0.007670930125568951,0.5229309627632777,-1.8116540288780334,1.830656177800311,2.768751880188733
-0.005244155868085426,-0.008189943999950438,0.002914731141369443,-0.00766173504226398,0.5257729953780612,-1.8380248863519404,1.8142847264434148,2.803693593031318
-0.0052315405051221306,-0.00819997931889502,0.0028894295881931272,-0.007658494758144343,0.5217928816891526,-1.8230957392549432,1.816816487191014,2.7801385380990946
-0.005198498064426475,-0.008246483113394149,0.0027992196420379392,-0.0076703555647221,0.5141901361486177,-1.7709355595003482,1.843464212542429,2.7084050438657585
-0.00520438625730729,-0.008231253336634508,0.002823667133155549,-0.00766125343502416,0.5146516977324948,-1.7848913791779075,1.831683267095012,2.72488455626489
-0.0052125067086042165,-0.0082181814816434,0.0028477670776632844,-0.007656664115871526,0.5164212597836298,-1.7987674556577637,1.8234495662056454,2.7432969588935867
-0.00517541840299407,-0.00843810638428542,0.002533947890936614,-0.007829655377485827,0.5237488501747471,-1.6149957361477874,2.0169973122532463,2.556113495352269
-0.005164508919396207,-0.00845080820714168,0.002507243552398171,-0.00782879903725507,0.5197119944542775,-1.5991121505323596,2.0203597709780468,2.5328388631318455
-0.005176821020463873,-0.008420802997010283,0.002557992809654941,-0.007815337884853689,0.5230068612587622,-1.6296014450863276,2.001530677183925,2.5701873435907365
-0.005181964184165158,-0.008352315791598263,0.0026512753501179193,-0.007756602971211759,0.5191575612133672,-1.6853382893769167,1.9386550706646535,2.6228701467030877
-0.005177169506856921,-0.008367450236545764,0.0026273918948482643,-0.007765697619065751,0.5185083859915457,-1.6712311237538346,1.9499847840479934,2.606672639147348
-0.005173506083014558,-0.008383911621565229,0.0026028084069502438,-0.007777169612440698,0.518395806487435,-1.656644888476608,1.9633010741242225,2.5909707361206435
-0.005172836173361883,-0.008401394747876883,0.00257959348732279,-0.007792805483607231,0.5196559247381405,-1.6427457758908723,1.9797480832658232,2.5783326470617696
-0.005193200373688812,-0.0082621182648573,0.002774818633700982,-0.0076803605986914434,0.5138932436594955,-1.7569479638921541,1.8559016781642346,2.692351039972706
-0.0051881436948422845,-0.008279041012732477,0.0027490101640102135,-0.00769176192455153,0.5137339145891017,-1.7421266144586298,1.8696516404051395,2.675779783177885
-0.005185283666567437,-0.008335298702400714,0.0026760515195492327,-0.007743897437825004,0.5188859483060985,-1.6999285353547275,1.9242002186779488,2.6381405387194152
-0.005185777762311366,-0.008316833757656414,0.0026997607803268295,-0.007726470819725385,0.5170791946959895,-1.7137682201460576,1.9060832759156108,2.650205221704003
-0.005185643400285211,-0.008297550311264694,0.0027236639626314293,-0.007707373186879632,0.5148610685759968,-1.7275677008650703,1.8866107780624242,2.661583347092904
-0.0051698996380716575,-0.008340654493094197,0.0026544418163595603,-0.007731967122302878,0.5127257076531956,-1.68718013253257,1.9182615188362226,2.6140560954980656
-0.0051430070942038155,-0.008492035859183535,0.0024333291315576755,-0.00784112661712835,0.5126794445699646,-1.5547463465231033,2.0413628685158134,2.475390323571889
-0.005144139974977765,-0.008474767386401091,0.00245728015736134,-0.007827155938822631,0.5121527425206374,-1.5694416531208109,2.026444217029912,2.489562363124034
-0.005125352370858989,-0.008499085516276218,0.002408501566516841,-0.007827272482244225,0.5051043313119735,-1.5405999309665261,2.0334822329303317,2.4484691770108067
-0.005145173523521471,-0.008457557549363004,0.002480917722724135,-0.007812965370003191,0.5115759659948708,-1.5838851224242818,2.0113556105428034,2.50335352318146
-0.0050783501741012834,-0.008774038962705113,0.0019898579517829895,-0.007991187984718503,0.48612256478840105,-1.2791448347246348,2.219675256378885,2.165732868008692
-0.005068182069805447,-0.008787692672662098,0.0019629760884730158,-0.007989029497556257,0.4809810522023037,-1.2632464512191106,2.2205988491341575,2.1428756484548814
-0.005121256305761444,-0.008534161272337934,0.0023580828769834065,-0.007852834314072856,0.5049209100446898,-1.5095875060662747,2.0614331974598454,2.4169212699823466
-0.0051053261072881275,-0.008505343725445648,0.002382852835690173,-0.0078101288509383445,0.4964338130603143,-1.526233206324554,2.0230044597333365,2.4197474021074226
-0.005104605392816768,-0.008522702556068238,0.0023592152495453575,-0.007824213439079809,0.4969108156562451,-1.5116962587776437,2.03774958352465,2.405921832065317
-0.005119345858989707,-0.008549923095551873,0.002335201948552442,-0.00786401397294348,0.50465056620603,-1.4954364145169754,2.0737090736045274,2.402394246507231
-0.005118691687223752,-0.008568877116115436,0.002308922547234185,-0.007879150002045395,0.5049939889949547,-1.4790108081479592,2.0896407421370076,2.386679015850127
-0.005078952196393938,-0.008757483984487823,0.0020140861748846124,-0.00798000522085455,0.48692682060280845,-1.2948585456162214,2.207849073246985,2.1814904301768934
-0.005107431770602937,-0.008598382961388061,0.0022593057750166195,-0.007890562048899695,0.5006586815299929,-1.448782375635847,2.105454510157596,2.3498350660489558
-0.0051029327033218636,-0.00857959521459911,0.0022812814866310514,-0.007870034155867794,0.498137755580838,-1.4631300437913117,2.085697790528806,2.3597956767293025
-0.005092361869926016,-0.008608104876797104,0.0022337696863360475,-0.007881217890492247,0.49396413965977676,-1.434253996338818,2.1008893060284772,2.32479233656346
-0.005093433968449571,-0.008625294095727832,0.0022110199751829043,-0.007896223949135242,0.49475045118620903,-1.419684972643459,2.116084876376575,2.3118838581476795
-0.005090804683517333,-0.008641178987667596,0.0021869908231788027,-0.007905805307526964,0.4936906850426704,-1.4046758281101173,2.126905399079689,2.295722118139221
-0.005086294154020535,-0.008657320989487897,0.0021610613887011244,-0.007913279772528842,0.49171637811939345,-1.3886655327742323,2.136152902934335,2.277168019291032
-0.005082761853805879,-0.008675243751498005,0.0021333509062346425,-0.007923089525161306,0.49010872261567967,-1.371371805033161,2.147490743953924,2.2580758304435555
-0.005080964614928844,-0.008696730129357537,0.0021018616998642148,-0.00793740398183884,0.4891555102734851,-1.3513961121404903,2.162930733063367,2.237625181569021
-0.005073297019138608,-0.008737956164058275,0.0020378535437054752,-0.00795924110163554,0.4849229285897188,-1.311153725522675,2.1880683031605197,2.1932419768844027
-0.005074553251577467,-0.008718320717692577,0.0020666129271447935,-0.007946201375101812,0.48588196931139255,-1.32957893320328,2.1741242868387975,2.211961665863352
-0.005044031066703994,-0.008916834423166159,0.0017580418909179253,-0.008046867450178517,0.4622779219214898,-1.1329888422451748,2.287908911605396,1.9969837181693066
-0.005049736081523266,-0.008901442891678043,0.0017844389990719107,-0.008043808027294699,0.46612434630951205,-1.1492962354528842,2.2830404807402425,2.0171956014230985
-0.005047957808453449,-0.008883732081966375,0.0018094265859018095,-0.008030353565010752,0.46655353879739014,-1.16611838050528,2.2696265644326163,2.032751208774109
-0.00504881309335238,-0.008795105238040416,0.0019387528456280914,-0.007971771429800897,0.47202267681966353,-1.2505997597918685,2.208703523586971,2.116834144911531
-0.005047105374564328,-0.008811459537689336,0.0019140690450170986,-0.007981116899115676,0.47050325620759725,-1.2347884278175412,2.218899578211691,2.1001230924869883
-0.00504397892324116,-0.008827813402894335,0.0018883401225065447,-0.00798866423499197,0.4682857225100589,-1.218529475427477,2.2276596669499553,2.0819490756993417
-0.005041740998201952,-0.00884536792942661,0.0018614060644508627,-0.007997885904700764,0.46630489677104264,-1.2013190639084577,2.2378823678872384,2.0634172354325404
-0.005042193609439404,-0.008863766687918008,0.0018349226149495656,-0.008010608846433608,0.46540181927967844,-1.183898769173451,2.2509223839063,2.0464815868869413
0.005288265623953532,-0.008071444149343372,-0.0031012976285023264,-0.007580288242748272,0.5239550652679353,-1.9418151370799384,-1.7104311404702346,2.923308062430422
0.0052754804680476405,-0.00804834374905141,-0.0031129256518358244,-0.007540678211043775,0.5145839770231638,-1.9453058717365608,-1.6774979039796418,2.9119913765676126
0.005266151667574025,-0.008022545666347367,-0.003130897344196088,-0.007501722637486877,0.5062180819184395,-1.9522325112046626,-1.64391147817752,2.906549341851925
0.005274146161753739,-0.007998589357186501,-0.0031660792805878134,-0.007482689847930254,0.5046914608091253,-1.9704759948408197,-1.6213577120493772,2.9264914679438356
0.005890555006242355,-0.0066757190979608505,-0.004907594663266609,-0.00607386065146854,0.25291264110514117,-2.4660726919624967,-0.13681590453380468,3.3946865223282976
0.00586162271159921,-0.006701252016864035,-0.004857144702470236,-0.006101429149294926,0.25934752159520597,-2.45744200089989,-0.17541182763627142,3.381145293545348
0.005832526999122397,-0.006726192644261067,-0.0048063313193763635,-0.006127290087685565,0.2654514438072943,-2.4476010426977854,-0.21318776285226662,3.3657338934269982
0.005812018181462178,-0.006748151690501249,-0.00476930122387589,-0.006151867404792031,0.27097236249273776,-2.442098440963599,-0.24283804549851373,3.3581116034515133
0.0055761103657665624,-0.0071606367409786376,-0.004251596397993637,-0.006636997037306244,0.3683525832651355,-2.372762681953212,-0.7207742278122183,3.309354761057129
0.005600959572858681,-0.007132080948438602,-0.00430302330416655,-0.0066121484501215294,0.36374005425979256,-2.389456829524978,-0.6853451973489595,3.3319928678151607
0.005691576093770748,-0.006911256266914483,-0.004535352459680422,-0.006338995776836195,0.3097804212747291,-2.4098917321331466,-0.4429184369703445,3.3230905129931974
0.005784726305742072,-0.00680327639081301,-0.004712476023532099,-0.006223719072311544,0.2848540552869124,-2.444135643834986,-0.3031042313887388,3.368220630641034
0.005766403941034553,-0.006828137210120879,-0.0046769524052260045,-0.00625271059592111,0.29142791031666826,-2.43969912515868,-0.33383526923072554,3.3635455300755432
0.005713221864126906,-0.0068760838678846295,-0.004580454141417175,-0.006297782837598467,0.3014981390343825,-2.415483600579566,-0.4021904318213922,3.327432031577621
0.005738028614885924,-0.006845111817324197,-0.004628316177597569,-0.006263953931383326,0.294315890784707,-2.4239738444381254,-0.36335220818500186,3.3379622897623307
0.005774874604976217,-0.006758992080055233,-0.004709518370926134,-0.006151080211848987,0.2727082426383079,-2.419082166930042,-0.2732059532737851,3.3182149738313744
0.0056077686382117265,-0.007090466010561711,-0.004333929577524571,-0.0065553763695357795,0.3523938120587646,-2.387354376818001,-0.6420642652725871,3.3184010193399076
0.005612313660425139,-0.007053754945951974,-0.004358102540418809,-0.006504175254128664,0.34226814001746986,-2.383521254828714,-0.6050781658542698,3.303446512467755
0.005615996704030639,-0.0070174468159092986,-0.004379927773877347,-0.0064529630420308215,0.3325949715402848,-2.3783005095887,-0.5695779553475787,3.2866274768972974
0.00562281706109933,-0.00698394049787814,-0.004404377724350754,-0.006407698929842086,0.32381843838410096,-2.375675920870741,-0.5362427492899916,3.2753704953229534
0.005649837258896534,-0.0069079328590281805,-0.004474290554727838,-0.0063108942690305375,0.3053937739959877,-2.3762845567979785,-0.4581126715574145,3.26307462528078
0.00563405898684313,-0.0069466462943828695,-0.0044361507934832685,-0.006359241996128984,0.3145972734802642,-2.3748622798617194,-0.4984429184013964,3.26712647284818
0.005388496725218276,-0.007732620084193242,-0.00357290841399411,-0.0072730258399089755,0.4849799381060285,-2.1705134649441113,-1.3595572914394258,3.1555874876750356
0.005380234787153716,-0.0077745056520177325,-0.003522935329439667,-0.007318547929753826,0.4928622673988085,-2.1502286572029514,-1.406429635062745,3.139848124042256
0.00537522920963091,-0.007749823471117076,-0.00353991790760727,-0.007282304216173427,0.48496589224559117,-2.1539493236005223,-1.3760513559177145,3.133064499329844
0.005416942673961242,-0.007671091939081852,-0.0036657288328168507,-0.007219970376466637,0.4778290492043273,-2.211903109632924,-1.2939090311455097,3.2024026583260237
0.005398533422661368,-0.0076896338734687986,-0.0036250910653581937,-0.007226950615752043,0.4770439274766421,-2.191141119505272,-1.311652951127848,3.172253918998699
0.005378694548393295,-0.0077084287953209036,-0.0035824643638225034,-0.007232604124564075,0.4757288326031854,-2.168976798400236,-1.3288204150015892,3.139589847617492
0.005428035718515862,-0.00762579522931701,-0.0037199232001197476,-0.007170305195456397,0.4690109462463345,-2.2319102146972885,-1.2427438334978795,3.2178252231110447
0.005406620308839301,-0.007646075624028153,-0.003674102132254367,-0.007177474613640752,0.4680253056553037,-2.2087614557640696,-1.2625861929681348,3.1838169261853655
0.005435814918264346,-0.00757709462836803,-0.0037712065961332053,-0.007112164469878711,0.4578823221324163,-2.2478640750475187,-1.187143484514188,3.225080248008432
0.005413091049439926,-0.00759865141993267,-0.0037229783784754468,-0.007120643798899359,0.4572735480204631,-2.224106571822586,-1.2089114875381115,3.1902930887903405
0.0055469397691755755,-0.007202832562128949,-0.004186086997793131,-0.006677796107116044,0.3760496605625528,-2.3533097597393895,-0.7704066584622474,3.2856382236972377
0.005554930549047459,-0.0071775808521635665,-0.004211661476426236,-0.006646938405575601,0.36968564713658747,-2.356956807934504,-0.7430068601225236,3.2854986923247282
0.005495684333143711,-0.0074619263915308145,-0.00394363610889058,-0.007006354034668921,0.44076894121923843,-2.3151760075004613,-1.0579976435568164,3.3015993307464053
0.005446847806927358,-0.007545550264197157,-0.0038116988591688707,-0.007079323305604964,0.4520980151165616,-2.262499549283578,-1.1519221460920146,3.238500372945325
0.005475615484072072,-0.007483509065065508,-0.0038995125471186255,-0.0070192677544100275,0.44190735867689934,-2.2953629834803864,-1.0823627432971505,3.273567039973972
0.005464515010774336,-0.007503407932023099,-0.0038689718045876397,-0.0070371692567236886,0.4448997570905492,-2.2834744095700197,-1.1047005086669803,3.2596741480293097
0.005443196931463133,-0.007513675358442784,-0.003831881219779383,-0.007032849927964155,0.44241819640786245,-2.263392588062919,-1.115227044111543,3.22671180385449
0.005418459551498014,-0.007552150890755142,-0.0037681374908292856,-0.007063353116258939,0.44641086853409256,-2.236607177861923,-1.1566117233600002,3.1930902747165826
0.005527213270255313,-0.007388103881434442,-0.0040412773289272945,-0.006928443925526155,0.4263136658416972,-2.346532869333254,-0.9728422287175239,3.3313377473272268
0.005505229288187161,-0.007410815317911542,-0.003994212013666182,-0.006942620437643197,0.4280395026161758,-2.3262713102978068,-0.999636487252403,3.302431574243888
0.005485538203498998,-0.007433805611754467,-0.0039501395022713106,-0.006958599108580202,0.4301762144089291,-2.307713750993061,-1.0260354382649384,3.276912174029953
0.005518037458736629,-0.007356910137233633,-0.004049529184650444,-0.006876725490607901,0.4151343431852524,-2.338275221861877,-0.9385925013764654,3.3051689425752486
0.005514118440902325,-0.007329341783396401,-0.004062202945374197,-0.006834515296163149,0.4062183990119498,-2.334194130139417,-0.9088506835718482,3.2886133283880157
0.005539561748686347,-0.007240887066120796,-0.004153473731512415,-0.0067272711532187215,0.38569965669670164,-2.3509313557259097,-0.8112238988621876,3.2919587314263903
0.005517577965435816,-0.007209182662444948,-0.004140391288677366,-0.006666127812579371,0.37293798466665307,-2.3289520418896457,-0.7826256528689681,3.2437295044749006
0.005496438391908013,-0.007305634906160783,-0.004052424025956298,-0.006787429578507698,0.3962711117802933,-2.3177135364367705,-0.8855325129709403,3.25144846149769
0.005514341452890901,-0.007273513490812009,-0.004097808217080806,-0.0067553435207009455,0.39038765325361924,-2.3315523570680834,-0.8494436805436977,3.266654405893359
0.005358792890337492,-0.007789088547938672,-0.0034819049233882336,-0.007316039432664023,0.48923740067769833,-2.1271613897003925,-1.4168199144328044,3.1033227054183534
0.005310837880285241,-0.007905330507372636,-0.0033074932476220764,-0.007410927818393814,0.49935124982328627,-2.0426340868076918,-1.53304365518513,3.008222087883524
0.005298445298930075,-0.007933675111875697,-0.0032633849842903977,-0.007432060415264905,0.500731412890223,-2.0203024240810525,-1.55983553148808,2.982196383263609
0.0052880576399038925,-0.007959886762369013,-0.0032236027222031093,-0.00745223954165855,0.5023495250546589,-2.000090736131046,-1.5846146687859444,2.9592574415963573
0.005266819501053212,-0.007974178553413978,-0.003183815182429436,-0.007447111903829102,0.49723844682717017,-1.9770919333705008,-1.5906731126628013,2.9225596956962185
0.005341292976827383,-0.007806552168636985,-0.0034432367393516035,-0.007320769751099736,0.4875868671125363,-2.106495981210319,-1.431267253774806,3.0731207235763907
0.005327428387006661,-0.007827347329708597,-0.003405884301029366,-0.0073328929171028135,0.48764273713358613,-2.0875634071076252,-1.4503301718035788,3.0483121868852696
0.005314743643242331,-0.00785365982125931,-0.003364444601021712,-0.007352554416853867,0.4892525132073388,-2.0672308165962225,-1.4756722211620872,3.0241780267503566
0.005293170194940474,-0.007878856398916228,-0.003313275675750018,-0.007361613086389212,0.4871232862543636,-2.040034155984193,-1.495752630147589,2.9859452531430644
0.005133914393355099,-0.008620660469328873,-0.0022499498267032803,-0.007939201997354874,0.5132150590603731,-1.4398356799601535,-2.147056164396045,2.361845183005327
0.005130526141635435,-0.008635822733069662,-0.0022259900870276756,-0.007947448476356388,0.5118563695678143,-1.424854233290975,-2.156874505743971,2.345053195369251
0.005084787375315647,-0.008728582404777358,-0.0020596483675923674,-0.007965647233642346,0.49031285880237635,-1.3235472759449676,-2.1910549235641876,2.21357775474324
0.005089928726502143,-0.008712737020214481,-0.002085995866927107,-0.00795981619481461,0.49295685999046585,-1.3398757856706798,-2.1833320623458903,2.2331249875020887
0.005116115491438233,-0.008640632342815372,-0.0022077721967671674,-0.007934545720338977,0.5052265932337151,-1.414924705649667,-2.1482766375259006,2.324544376842848
0.005096360505933261,-0.008698026231061638,-0.0021116926567493447,-0.007956187224596166,0.496051187296265,-1.3555902713411756,-2.1774618962702323,2.2530132474345415
0.005103976153501334,-0.00868461571728393,-0.0021364683540864263,-0.007954797673991102,0.4997319825408872,-1.3705636997124901,-2.1735016554379962,2.2730682112066507
0.005109790822277703,-0.008653518033546947,-0.0021847451693409905,-0.0079373946204767,0.5023606336534877,-1.4009217914978722,-2.1533999899462475,2.306439312766092
0.005104790438017391,-0.008668831756841393,-0.0021593492298438727,-0.00794356089745895,0.5000627773234991,-1.3852254983282484,-2.161509461161018,2.287706211331546
0.005195487078867963,-0.008423041129005516,-0.0025723388379671353,-0.00783869761150924,0.5317619159080333,-1.6376509844340978,-2.018519821197643,2.5932693187636136
0.005199001456468086,-0.008408191341570238,-0.0025951851956245546,-0.00782886821001087,0.532089514331238,-1.6514641737448847,-2.0067991038146755,2.6084252830919183
0.00518108021674718,-0.008427288019900251,-0.0025534063918750387,-0.007826168946644728,0.5255201786081644,-1.6266067488930518,-2.0111530495227843,2.571156922306833
0.005174116809353651,-0.008439387754944523,-0.002531066119803006,-0.00782934300674071,0.5232552504400828,-1.6132372319756245,-2.0172071762901465,2.5534358784638624
0.00516694091050654,-0.008453694062597713,-0.0025056275124487964,-0.007834178374399816,0.5210356269076087,-1.5979808850545754,-2.0250329491867363,2.5338573666263176
0.005160402514728762,-0.00846868615069713,-0.0024798511746068445,-0.007840220288167289,0.5190730475382194,-1.5824687505311845,-2.0338285703531187,2.5145557113444252
0.0051541688636267576,-0.00848445216917731,-0.002453295923383072,-0.007847149537558185,0.5172286375553661,-1.5664366805389138,-2.0434002534665647,2.495001619523015
0.005149141115289162,-0.008519198811435598,-0.0024022105249865444,-0.007871833948277613,0.5168937174559767,-1.5349652031767296,-2.07103085407868,2.462325695777866
0.005147339447996024,-0.008502274435831635,-0.002423434882396916,-0.007855038971585085,0.5150934802242993,-1.5483674312662339,-2.0541605271666614,2.473076085968548
0.005128815660731964,-0.008576719077081836,-0.00230661880996603,-0.007897286338562709,0.5097986235028803,-1.4765925424784934,-2.1049576376435883,2.3923139499329817
0.005136041062919574,-0.008561505968344513,-0.0023334986233014133,-0.00789288549005446,0.5126260744400463,-1.4928719631187806,-2.0977999616821763,2.4131133977249006
0.005142614709513047,-0.008549321203467453,-0.0023556985465431344,-0.007890161434582542,0.5152218817315816,-1.5062714134615747,-2.0925866467694476,2.4307297860531167
0.005140803510423226,-0.008533865464205157,-0.002375176387780752,-0.007874902233270779,0.5136754140358968,-1.518709577213379,-2.0772825027309225,2.440726987727477
0.005123204973157025,-0.008610108006342054,-0.0022559613280267402,-0.007918242767563574,0.5080580515296751,-1.444957752432958,-2.1288040834858104,2.3583501066050396
0.005121712468300076,-0.008593914888644427,-0.0022771192262251434,-0.007903307625312493,0.5069451090472202,-1.4586196765015202,-2.1137237120750716,2.370006979557014
0.005109889591081809,-0.008578387969528487,-0.002288659024773163,-0.007876972269597967,0.5012099335244583,-1.4671609479458778,-2.090446609108937,2.368891369569811
0.0051880065232704446,-0.008397378790924222,-0.002599012724399762,-0.007806205370995326,0.5261320144302075,-1.6540982769162766,-1.9875589572212387,2.6011832861275925
0.00518673883002056,-0.008380871541690562,-0.0026192271501736595,-0.00778919901157648,0.523971650367284,-1.666301219422685,-1.9703779522016573,2.610667611337718
0.005271363538313121,-0.008088618870502108,-0.003062836994589656,-0.0075813868920790615,0.5202082807589941,-1.919600511305395,-1.7200196767588738,2.8903990312920773
0.005257945336658164,-0.008105054947873122,-0.003029199739111464,-0.007585185473755683,0.5176453025981241,-1.9003900304610986,-1.7304015286235597,2.8632309237779974
0.005247250569695962,-0.008121753803894639,-0.0029982886901916313,-0.0075919871220369,0.516129739954803,-1.882953014245375,-1.7423512925790041,2.840065407153453
0.0052382866159916205,-0.008139480779927086,-0.002968053700130416,-0.007601553558073959,0.5153316195312482,-1.8660366002801296,-1.7561587997086605,2.8189326266744286
0.005221485352291714,-0.00819844475009744,-0.0028807481225827875,-0.007645934524431528,0.5172980896814895,-1.8175940426684805,-1.808551759821172,2.7663325483211514
0.00522507354195948,-0.008180167209441888,-0.0029062483331451644,-0.007630648025771875,0.5161198169951375,-1.8317258400435248,-1.7914973256843236,2.7805521854653112
0.0052309122051747495,-0.008159160362158033,-0.002937183193479929,-0.00761469535614901,0.5153702500654144,-1.8488838972925805,-1.7727644287596982,2.7990785070418895
0.0051940907683064915,-0.008257108408784804,-0.002781829200966593,-0.007676288912702591,0.5136239502475033,-1.760937844829759,-1.8513806869925455,2.696354054883139
0.005200233845601702,-0.008238316919522946,-0.0028108839465938638,-0.00766394233334607,0.5137967996588922,-1.7775200653444483,-1.836213460993968,2.7152042306010693
0.005207167056992259,-0.008213362483500488,-0.00284803902972577,-0.007645880200025531,0.513376700822235,-1.798547332015946,-1.8149124638173448,2.7381690394682185
0.005159654309848706,-0.008290520996470272,-0.0027067359845159354,-0.007671981934145772,0.5031436114516269,-1.7170871062679964,-1.8615601827742585,2.6303922207100343
0.005166195975026253,-0.008275233694493457,-0.0027318540937913017,-0.007664009162611848,0.5041227542949115,-1.7315070500200165,-1.8508331722053903,2.6478906499556483
0.005175844655031641,-0.008259868642121177,-0.002760133959361067,-0.007659181879092187,0.5064666378574856,-1.747810185086975,-1.8419269739094641,2.669577974644644
0.005175206848341795,-0.008364416619666725,-0.0026294011789935647,-0.007760615018011771,0.5173053002746365,-1.6725142525215164,-1.94548557238816,2.6061044509559514
0.005167284784908468,-0.008334554923479396,-0.0026595937157655185,-0.007723199485061594,0.5108990414113076,-1.6901765971276195,-1.9103569303135306,2.6143403148203976
0.005164554926771112,-0.008351056620884345,-0.0026362007720769002,-0.007736013261475552,0.5114464380970303,-1.676508204471228,-1.9245307482026184,2.6003998976398743
0.005154269599979958,-0.008306245157884107,-0.0026821676223559867,-0.007681490358802404,0.5025565591736331,-1.7029658767751832,-1.8733374536403293,2.6140685831420867
0.005149438487787061,-0.008322607343580627,-0.0026572803336467215,-0.007692066152784563,0.5021534823387811,-1.6886201019024243,-1.8859524467938031,2.5979526962341626
-0.005290903318185883,-0.007887495357839143,0.0033018622525357974,-0.007369686699598807,0.48825251729987634,-2.0346596511215433,1.5045074595025136,2.9807242129444025
-0.00527809424467558,-0.007864915449756763,0.0033091630391084105,-0.007330155968432291,0.4793167240896382,-2.033781664319406,1.474419109165221,2.9652552366514286
-0.005273239422461989,-0.00791249831277205,0.0032555516818231624,-0.007381743733069296,0.48718853996086237,-2.010298980573325,1.5251009912862232,2.9481467437181874
-0.005241922920763794,-0.008170091126084592,0.002936023636090347,-0.007638247302609328,0.5217289828539918,-1.8493511090847503,1.791474538366493,2.8101090059349616
-0.005242313666361759,-0.008149776013190453,0.002960368057835568,-0.007616954304441947,0.5187079893286457,-1.8623893589310059,1.7698096564231685,2.8202184828294574
-0.005244043974731886,-0.008132521832559358,0.002982347587427206,-0.007600227814907015,0.5166477380539424,-1.8741933159112298,1.752165555604371,2.830572965007311
-0.0052505857684539215,-0.008077878567094776,0.0030519940988071384,-0.007547411844848455,0.509906508861328,-1.9108822983572409,1.6964079216900492,2.863103224964542
-0.005248736793653443,-0.008097872055985446,0.003027301547172723,-0.007567489371376415,0.5127602518055704,-1.8981029575172472,1.7172118211051204,2.852352904751717
-0.00524653868236048,-0.008115634368007454,0.00300456761852081,-0.007584569677959704,0.5148178825996785,-1.886097014254666,1.7353068072069002,2.841645001050928
-0.005253070709160534,-0.007941070604569294,0.003202641098776267,-0.007394987197082576,0.4856441407150457,-1.9822788253791777,1.547894178800437,2.9106761348202044
-0.005248616346989148,-0.007973338494195683,0.0031638025242728906,-0.007427675244238026,0.49034936066009654,-1.9639061721789906,1.5811452573110498,2.8952540793581227
-0.0052452782686089475,-0.008001231493878817,0.0031303311213517556,-0.007456050778156058,0.49438179082234257,-1.947787262283356,1.6100043685464498,2.8819096823119597
-0.00523156750996265,-0.008058849870192142,0.003052198876201759,-0.0075064603615650535,0.49931335262428533,-1.9078813264992223,1.6653733926700056,2.841922139817858
-0.005233338443439741,-0.008031202701490903,0.0030845062005102537,-0.007477548211513336,0.49527552268120073,-1.9238006095241273,1.636518608670951,2.8543292837816225
-0.00532225880395311,-0.00770543235262898,0.0035133777695829055,-0.007176362460292651,0.4578053835623061,-2.1225870185772138,1.311483968783168,3.0497643811629334
-0.005328896601214376,-0.007683238477042876,0.0035413580512422397,-0.0071544021484911974,0.4544160159543825,-2.133886186209923,1.2884816095279366,3.0603329503565244
-0.0053491837226292745,-0.007665364598096276,0.00358279550180443,-0.007150053266660037,0.4562508452644409,-2.1551952531376304,1.2731138686295649,3.0919327294745043
-0.005383364327833388,-0.007620842889690608,0.0036651708456429057,-0.007123240641494875,0.45483732568454105,-2.193960519465796,1.2296018717988828,3.1439948052776967
-0.005357417822002144,-0.0076368388785927055,0.0036179055041674264,-0.0071207728688148005,0.45130058766556685,-2.168649110826577,1.2429575616514426,3.1039398171362476
-0.005376724263434706,-0.007586295765990323,0.003685176011092414,-0.007072112242032744,0.444252095948507,-2.1950552648820807,1.189814623259401,3.130583260975044
-0.005377896661537426,-0.007551665556460001,0.003714626604155141,-0.007027612136021127,0.43567960663474775,-2.2018252403524676,1.151666812012845,3.128470635180767
-0.005384052164957312,-0.007515974841773305,0.003750671481801376,-0.006985642579909757,0.4279964076054374,-2.2120476430215796,1.1132757494086662,3.1329502883743428
-0.005408292524679815,-0.007449205711445269,0.0038330488619495256,-0.006916335491564846,0.41643105318120194,-2.239355333502354,1.042453017947184,3.157716023497034
-0.0053940654441381325,-0.007481296575068356,0.003790302887071721,-0.006947789984248852,0.4215609023631259,-2.2244583825787014,1.0764050152391162,3.1423728681190592
-0.005320397624186552,-0.0077368016557863625,0.0034827596125463324,-0.007213968531571581,0.46463483939429656,-2.1120916386513553,1.3459368019740114,3.0456417692078257
-0.005281312706907839,-0.007837991343970601,0.0033394427779310713,-0.007301024855517957,0.4745400980985233,-2.0467304460757707,1.4457969329260256,2.9747000798776484
-0.005287063260951197,-0.007804713721228718,0.0033784132333040174,-0.007266289179086693,0.4692626776745025,-2.0633060589534633,1.4110669951731356,2.9881302935176
-0.005300679989995464,-0.007771120890476368,0.0034266739372080996,-0.00723806972731596,0.46624787760476344,-2.085409820527621,1.3783329612956405,3.0125564647943093
-0.0055784143726723264,-0.007193600095499301,0.004236943099390613,-0.006686726117378894,0.3785557462708999,-2.379418376771105,0.754126110622121,3.329964034956252
-0.0055905000945279115,-0.0071596521414740875,0.0042731841048764966,-0.006645506917801593,0.37020181727167195,-2.384952239715018,0.7161691516854263,3.3309125443490437
-0.005604512700570088,-0.0071279484947819535,0.0043104023266146525,-0.006608450708280095,0.36285570471338896,-2.391694574584213,0.6802333918670848,3.3350774851340304
-0.005621498633301493,-0.007103916906418613,0.004347615646176818,-0.006584290858762306,0.3583121831956826,-2.4017224921459848,0.6511478104536664,3.3472453250692764
-0.005622789414871558,-0.007071257296985345,0.004365370044230598,-0.0065367109039393394,0.3486658996601887,-2.396067420020183,0.6184011623236891,3.3295667287000543
-0.005883812269071739,-0.0065232460843576544,0.004920487395090081,-0.005835340433949981,0.21289042624367568,-2.387313806516254,0.03779128616033006,3.2435839425708406
-0.005725789176486858,-0.006896568240485627,0.004592393730121289,-0.006335727695747281,0.30832128290286503,-2.432338058268708,0.41392420196679464,3.360669518661743
-0.005849037998176069,-0.006622638609975554,0.004852827316242254,-0.0059745813921474765,0.23793950812129255,-2.4123857179044794,0.12666312331552182,3.2939296405229626
-0.005851892972614278,-0.006576482879007505,0.004864707275445021,-0.005905167149453134,0.22644261474963107,-2.392708876023679,0.09342053858999476,3.255672118662592
-0.005822307997855811,-0.006704080141055952,0.004795570601237223,-0.006088575248223654,0.25913935823741446,-2.430578720481638,0.20268732949461427,3.333139738927287
-0.005825892960718753,-0.006655060843090398,0.004811366709190127,-0.006014888387300057,0.2463487405853388,-2.411393130977347,0.1643810306401803,3.2944500103437884
-0.0057364881382878635,-0.006856905349830186,0.004622147275991765,-0.006281116413590117,0.2976940378455286,-2.4270375135999487,0.37417941193088805,3.345133495833206
-0.0057488808613168066,-0.006817402773924931,0.00465341975644891,-0.00622738847563014,0.2873157034173341,-2.4222360827617813,0.3345467390761532,3.3310844697266684
-0.005761566633003363,-0.006777270800658044,0.004684317222564074,-0.006172579104702886,0.27684930989525847,-2.416536149337333,0.2950647917797107,3.315854682225661
-0.005769444943469742,-0.006739603416319848,0.004706290178070214,-0.0061190440836720135,0.2670928131027926,-2.407401691989934,0.26116597601123676,3.2954189495004296
-0.005785377480299561,-0.006710700107195093,0.004737583008202759,-0.006082349850465473,0.2599364900452647,-2.407088893363485,0.22990672999678638,3.291868759636465
-0.005689286614188028,-0.006957660853609487,0.0045142420802226696,-0.006407623025810391,0.3227631881159487,-2.4222345851855134,0.48554225282644553,3.353217189482113
-0.005660724854732985,-0.006982471758262328,0.0044612843411438625,-0.006428041784536078,0.32729303785141445,-2.405953626531504,0.5202851292795528,3.328857874248294
-0.005677535488986282,-0.006914093388109883,0.004513212298569815,-0.006335433774578721,0.3095173054859603,-2.3996686960682285,0.4517036197582588,3.305493559826775
-0.005629969670474439,-0.007005887649882166,0.004405613527317478,-0.006444385496750699,0.33072062265036045,-2.386917983416111,0.5537350002157934,3.299569450833872
-0.0056041336500488054,-0.0070333367340928545,0.004355416301049515,-0.006468990031653416,0.3355229279225919,-2.3723548414107962,0.5884441578518008,3.279331139298773
-0.005524393815812192,-0.007280478442673487,0.004107828280510314,-0.0067727741062065545,0.39437471086910847,-2.3408564918852033,0.855315767871354,3.285431589098024
-0.005425106196501158,-0.007421250745941167,0.003875883474138696,-0.006892024455839461,0.4128839999383607,-2.2555036208182693,1.0126983458326517,3.1770909139206194
-0.005442438822378344,-0.007396463735658237,0.003916957788663209,-0.006871966329329077,0.41001818716338084,-2.2714388812159556,0.985878018500271,3.197381950313614
-0.0054965183921367716,-0.0073158908168035825,0.004046000269882697,-0.006801938699628176,0.39890160057764207,-2.3182877012692713,0.8962504647254362,3.2556198405873418
-0.0054754454331682875,-0.007344616280530115,0.003997758899473979,-0.0068260413417397985,0.40270995308516305,-2.3005744118434337,0.9287464645461795,3.23283010367297
-0.005458314112299621,-0.0073717596990322065,0.003955783386385767,-0.006850433836241524,0.4066807797767769,-2.2857117899504575,0.9588090705541852,3.214870826476029
-0.005487382100498785,-0.007246124007363817,0.004076171432172049,-0.006696911259386539,0.3776986994699969,-2.3067922235111467,0.8248992291753955,3.214292807137031
-0.0055374625165951165,-0.007201929804033776,0.004172953269448395,-0.0066698037056443435,0.3739011404809747,-2.3452340225391235,0.7713059991448151,3.2708785045950415
-0.005495962229236757,-0.007210368881640279,0.004109061183030463,-0.00665260445351805,0.3695448984711703,-2.3109882296768665,0.7875585420830994,3.212118729779373
-0.005888928823989581,-0.006466189644688572,0.0049342573679873455,-0.005750492050384121,0.19994159907788703,-2.3624984748025075,-2.882016902916094E-4,3.197199760328363
-0.005903720927517325,-0.006424774861524429,0.004959887318553046,-0.0056925242469958335,0.1894276098940557,-2.3503401978747673,-0.034090297431382574,3.1746410655942023
-0.005895402929845671,-0.006388958415714754,0.004949748973509589,-0.005636638428879284,0.1828079262394369,-2.3276945348152216,-0.04773253211032219,3.1335556581161406
0.007956463883133211,-0.004174974343151171,-0.006529253830798262,-0.002151173310611432,-0.029834210865077027,-1.0651529543090066,1.412506602990428,1.4498714813683076
0.008304117332276064,-0.004143704482711877,-0.006769010829214294,-0.0018452797242964616,-0.012098997855694614,-0.8595909900571806,1.5693544747931354,1.2448156485905224
0.008062387885889602,-0.004141825884821829,-0.00658968103780376,-0.002043628025430761,-0.024866935595661856,-1.001089674757699,1.4506280555184412,1.3803577783394285
0.008179444984822115,-0.004132137121936094,-0.006670845574540459,-0.0019423229237070857,-0.018763389591025994,-0.9327274565984748,1.503581343922593,1.312183964017054
0.008913991327445005,-0.0037465554868257615,-0.00681640833864028,-0.0010721133876569345,0.047126074889016434,-0.40879555409915114,1.5583958828458433,0.7068935407117501
0.00878935676272494,-0.0038228150648039303,-0.006816310005594293,-0.0012206170240568856,0.03620264395417063,-0.4990498469537187,1.568955190095341,0.813472109997208
0.009043593506661403,-0.003605486105558318,-0.006763934188299794,-8.992070745843004E-4,0.060871552645302425,-0.3154029893058794,1.5048179287227763,0.5854931107002574
0.009177304324658542,-0.003468662723320939,-0.0067110176568527516,-7.361740660060059E-4,0.07062928886736781,-0.22401300765083776,1.4493744953781584,0.4672982176091017
0.00838796462723103,-0.00403624525005285,-0.006746176961126221,-0.0016996294775119233,-0.0019700764931347985,-0.7885391997452836,1.5464838722386316,1.1483051776908282
0.008489103601525634,-0.003924215989541674,-0.006727660812961787,-0.0015419512139669743,0.00905319116835375,-0.7080153200750262,1.5247755013313007,1.0425186667037798
0.008630279154265414,-0.003816016094157013,-0.0067294921541890184,-0.001358074950896508,0.02196185967324995,-0.6041877837945181,1.5143568960894724,0.9153442420558465
0.010794475790773767,-0.0022018947568137126,-0.006016456576690129,4.008729229461569E-4,0.13980127353139218,0.5661752693240817,0.7797056907611082,-0.46389690855209087
0.0093228877754634,-0.003358452006862224,-0.006674626407345163,-5.81897493240299E-4,0.082182519739818,-0.12915977303850423,1.4062844618393606,0.3530235235857964
0.009465283252198853,-0.003273103383890057,-0.0066477950750246945,-4.444764645200697E-4,0.0927241258558259,-0.039038443292900266,1.3712473198848347,0.24997489419008462
0.010573325001317448,-0.0023721873368239043,-0.006131982688187826,3.198897870215377E-4,0.1353514484932078,0.48950643117336984,0.8770637191493417,-0.3786491859096884
0.010335074788260928,-0.002576505679111196,-0.00626266680770583,2.0986408317298159E-4,0.1308792629440347,0.40081477206075505,0.9934948759974472,-0.274888560993738
0.009944231579273339,-0.0030415728449405158,-0.0065460794706236535,-3.846314378772205E-5,0.12498203136962659,0.2443465332973033,1.2529008558780106,-0.06507452158891862
0.010115602717920317,-0.002811744283252489,-0.0064057258959979565,8.367571418017384E-5,0.1274692027122154,0.31432947198238187,1.124603772265386,-0.16431168370095486
0.009701836918257826,-0.00307011149183793,-0.006549344749265635,-2.264534154338409E-4,0.10619233809797794,0.09711589956479155,1.2696626624184935,0.08196633879845307
0.009530643205525473,-0.0031432068311864876,-0.006573321034774736,-3.6906457682822175E-4,0.0953270677250965,-0.00502490890412449,1.3030799183907318,0.19487286247976726
0.009277843956906824,0.0032188077267698532,-0.006569734888602942,5.83361999285666E-4,0.0752969687034427,-0.161662733138517,-1.3223218504436585,0.3613275676648851
0.009509370445481181,0.003080715278058381,-0.006529979420679688,3.750160711345413E-4,0.09101826926878699,-0.021849960513111413,-1.2679889677225438,0.20220468121172827
0.009526937734442494,0.0028494931138889983,-0.006393833850046549,3.252805715761289E-4,0.08563979151629583,-0.02224238237650755,-1.1463521208693839,0.16996725561386447
0.011119819246496118,-0.0018402809293055391,-0.005803694378209094,4.5065783952488454E-4,0.13653983304984868,0.6467467943875842,0.6023997467733114,-0.5609117597962249
0.011323590785003328,-0.001587719601131183,-0.0056701153761719685,4.4619032507859437E-4,0.1379591041921907,0.6881072497163779,0.4918367592921431,-0.6080366756273773
0.010856283056412468,-0.001923513509241354,-0.005896534488647556,3.684738151083886E-4,0.13114561170611472,0.5511127409944233,0.6633518833511475,-0.46902687525707826
0.01055570276486457,0.002417804171171345,-0.006156002676425028,-3.177458120431037E-4,0.13758498779462605,0.48839362176572126,-0.8990137119604515,-0.3727887370582772
0.010874424733958518,0.0022140624519321373,-0.006003370528328334,-4.4163396447098683E-4,0.14350956956995142,0.6033681906188207,-0.7745913362012121,-0.49881696713900575
0.010940943928413013,0.001747438530703545,-0.005818977454051452,-3.616262368143046E-4,0.12805961733687873,0.5633652377528734,-0.5889221473320899,-0.4887805236109995
0.01026543599774289,0.0023251223599828636,-0.006147105841714509,-1.4808960773297092E-4,0.11523871283187234,0.332103217946476,-0.8830374909943813,-0.2329292041058876
0.009704389611344072,0.002675851950716972,-0.006318545992457702,1.8663520438510074E-4,0.09409512426689663,0.06736138034853956,-1.0651747342246531,0.05963509717380421
0.009961604310905852,0.002461190271282121,-0.006221266583375588,1.8561482869707568E-5,0.10235417175100249,0.19020604483860518,-0.9604921680946487,-0.08508507082311843
0.011022982201535251,0.0012985241903382847,-0.005678624092550026,-2.8377622675307537E-4,0.11751565446194094,0.5460827398495992,-0.4234932098739062,-0.4919425800834691
0.007499768456710819,-0.0048261129451940945,-0.0065443761460920015,-0.003094443145310145,-0.06911571983522619,-1.4893701479868875,1.4259224482343968,2.0403710692151207
0.007431610139942053,-0.004873858682930157,-0.006501830107166596,-0.0031923089258191983,-0.0687742179058977,-1.5367674781397154,1.394186149213521,2.0980841395003833
0.007518469591960427,-0.0047323084892703995,-0.006500911142544588,-0.0029818991812651826,-0.06397985971368124,-1.4458340866016872,1.397874217293211,1.9672822447905058
0.007554198217805103,-0.004638603102911266,-0.006475428631002893,-0.002861274191401347,-0.059391382145555775,-1.3966200658940375,1.3818692755503115,1.8912296371610047
0.007608014620887719,-0.004552807543509406,-0.0064723310186264255,-0.002739294294108283,-0.05512616781289873,-1.3436579974010774,1.3810797073353973,1.8158726153930635
0.00766660376992923,-0.0044512133460236965,-0.00646147494157204,-0.0026017252628431887,-0.049298311128461274,-1.2845777490632002,1.3732770223179454,1.7311393186265025
0.007275328483932192,-0.004900662111498056,-0.006343515287678382,-0.0033186913324817933,-0.06218770051398044,-1.6055737670817298,1.2816806974819521,2.1612549194684965
0.007342426546310414,-0.004861958205157679,-0.006394906405099326,-0.003235279664956274,-0.06434381850847339,-1.5663149048850162,1.3192270372244892,2.1155177130312377
0.0077335642363846645,-0.004340394041855016,-0.006450192667479901,-0.002453846967991054,-0.0430678328848979,-1.2201325182960139,1.3649893439159408,1.6396487256066339
0.007831056555130623,-0.004223846636049567,-0.00645864992862486,-0.0022836370086949634,-0.03583423568915691,-1.1409121324971359,1.3677936871339658,1.5339919908270334
0.007885608102935324,-0.004102753397808541,-0.00642514908840503,-0.0021453171277133727,-0.028463434638623726,-1.082719969038488,1.341930579895236,1.4480686179669726
0.006190337097780216,-0.00624179456847463,-0.005398422787431917,-0.00547292486521041,0.1350554426260728,-2.3915280833948453,0.3568695979001268,3.262017249978625
0.006154376758759931,-0.006297434080216414,-0.005346586308996522,-0.005554800114394327,0.149528668869132,-2.4102806673341326,0.3010451830131942,3.2920471606523027
0.006159988387394789,-0.006261002604635314,-0.005352650666679912,-0.005498503924049995,0.1411606659339653,-2.390111595452787,0.32128107437154724,3.2565590191447376
0.006087317361402936,-0.00634325455875603,-0.005243423098711313,-0.005613673479820419,0.1640758339327252,-2.4051076337334774,0.22036691297232308,3.2780832153719652
0.006112157385929123,-0.006312389199897448,-0.00528115475125058,-0.005570462633433067,0.15543199113383221,-2.3990019784541636,0.25631586172895915,3.2686149638059243
0.0060462547117469635,-0.006352586458650299,-0.005179701186888166,-0.005619097501347135,0.16848497972065313,-2.3891553506553715,0.18090723736971975,3.2473745107147605
0.0058830226585411295,-0.006634382366352666,-0.004903266872298099,-0.006006153651688318,0.24128092089023742,-2.4410381985196214,-0.11196748229409549,3.346241465664402
0.005911022950468603,-0.006562281124735077,-0.00495751749593144,-0.005904748715164974,0.22245360497753655,-2.4239543560482812,-0.04334108352198816,3.3113731925856666
0.005877748319445627,-0.006589184120151419,-0.004902372811903269,-0.0059341656402167355,0.2294217645148555,-2.415589794391787,-0.08451031340344257,3.2975077380683087
0.006002031039479485,-0.006383965756380132,-0.005111265923191281,-0.005656910964091665,0.1775672426963305,-2.3832607128144634,0.12923528412039012,3.235292497302472
0.005966803631931635,-0.006431735996127933,-0.00505534287485252,-0.005720993620011907,0.18988762565827577,-2.3897827823397964,0.07641440630495479,3.246419682955561
0.005907411209380653,-0.006507853533224195,-0.004958240567284733,-0.005819684116807525,0.20925457248390922,-2.3942700861365407,-0.011839677904935788,3.255615203799008
0.005910208468733873,-0.006453335406157882,-0.004967496455018897,-0.00573752089839806,0.19626218812244947,-2.3684781744403627,0.02263353703405588,3.207687895377731
0.006185275624769002,-0.006194209715984249,-0.005385335368222139,-0.005398087514313132,0.12599590509841838,-2.3592372187486323,0.36960989532409866,3.204442176258095
0.006182680149670261,-0.006141837486242284,-0.005374980741461102,-0.005317384060843027,0.11629479604687641,-2.325908692331591,0.38548362920316487,3.14556197904609
0.0061833605522625765,-0.00608639138886116,-0.005368486207382123,-0.00523358099971741,0.10640686551430535,-2.292315139688356,0.40339043371967126,3.0872345437816406
0.006271651972844751,-0.005977464599677437,-0.005481551220691965,-0.005074686341147834,0.08086739319074032,-2.25515699183771,0.5105562286937951,3.033672786935078
0.0061847733255356455,-0.006027668830302352,-0.005361815509748472,-0.005146239297040935,0.09669640149727593,-2.257924890802028,0.42150556751359586,3.0280891335548668
0.006228861590585523,-0.006004004443667694,-0.005423104146697278,-0.005113132014755938,0.08913230167574644,-2.258174652361964,0.46596949932699766,3.033549989625594
0.006337732051806969,-0.005911953112723394,-0.005564905189903141,-0.004976719383663282,0.06541997187510974,-2.232616674762756,0.5839233101460025,3.0044080691909447
0.006366593540084224,-0.005875550987291485,-0.005598236497352721,-0.004921661443829833,0.056713853409500845,-2.2168221769648278,0.6161590388728635,2.98190533648468
0.006291225971482728,-0.005903114074093614,-0.005494449917662961,-0.00496499844838014,0.06852549628045077,-2.2155746965703518,0.5428905152185325,2.9688381494956233
0.006264740831306061,-0.0059290106069759966,-0.0054613338968130965,-0.005003225654258331,0.075270854786641,-2.2239495077351283,0.5146261182675567,2.9795619647037643
0.006434350713342658,-0.005811597812031846,-0.005679544046470107,-0.00482243751955972,0.042085482963999325,-2.1904290054746585,0.6870523369191104,2.9481724733789636
0.006372698798479862,-0.00582130519508985,-0.005592554220273675,-0.0048419999407251614,0.05019832512516049,-2.184758359121823,0.628542561573509,2.928388054739486
0.006451594343004394,-0.005752752429905248,-0.005686394862992327,-0.004735097170795881,0.03368473912897154,-2.156934530892142,0.7076972030663667,2.894173133461701
0.007178621737042604,-0.004986240694336175,-0.006283454159702196,-0.003471394831517633,-0.059919421075464774,-1.6733490866262384,1.2344927337200549,2.2478556523118645
0.007102103086423797,-0.005005873404251013,-0.006204610302564869,-0.0035343173288659795,-0.05527578062742502,-1.703008736431686,1.1787797088957463,2.2754475372041862
0.007205352326922907,-0.004905696962720068,-0.006266878310256294,-0.0033637157768089177,-0.058703937302288754,-1.6298721091700406,1.2282671587332379,2.180308601210403
0.007004529965008185,-0.005135844731960797,-0.006158538092043415,-0.0037384290714274175,-0.04958046236353509,-1.7875932206430412,1.1348802811180592,2.3933429183220176
0.0069257732793123585,-0.005148071686920674,-0.006067453878599916,-0.00378809602490569,-0.043536848449391444,-1.8080600921281236,1.0717898135090447,2.407000109478915
0.00702423903132192,-0.005035625793417785,-0.006128319097120638,-0.003607427242404034,-0.050215630458894704,-1.7349916695163363,1.1244084282980624,2.3080622827532356
0.006658406965608778,-0.005523245712945391,-0.005893370604856898,-0.004371419915610756,-0.0070159602262594946,-2.034722302210941,0.8972821155736209,2.727997501995707
0.006605405884776542,-0.0055397163587331604,-0.005827136177748208,-0.004407176100060512,-7.471841547543944E-4,-2.043325984945188,0.8496739115598192,2.7314779987798055
0.006693356930534138,-0.00547051914218637,-0.005918751879315689,-0.004289710956606989,-0.013961813969937384,-2.0039172017311557,0.9244279304215043,2.6833294131261276
0.006757724024271013,-0.0054278814756432555,-0.005986779606261647,-0.004212496225115367,-0.02269244537626561,-1.9767655183383914,0.9780093814420511,2.652338497095966
0.006829726185998733,-0.005392454843806611,-0.006066636549713777,-0.004140488672377881,-0.031803298782961224,-1.9506628575933995,1.0390951603857557,2.625917950573056
0.006839087124223246,-0.005307249292089051,-0.006037100998202237,-0.004024561442469834,-0.0340972669770942,-1.9027644827100472,1.0308256101635391,2.5464692341021102
0.006868777596736969,-0.005208631542748137,-0.006026595923824505,-0.00388689009180488,-0.03746889427972074,-1.8474310137545513,1.0368845935360207,2.4593939106967446
0.006871182318801651,-0.005121294612509651,-0.005986713308209923,-0.003777273328827809,-0.03843100322477236,-1.803293479523473,1.0206794680542834,2.38521616991019
0.006479062358186003,-0.005693781306912063,-0.005706584633987815,-0.0046470113842660065,0.025566561373881237,-2.1250824022235695,0.7360068627749762,2.844964599693966
0.006506862098758745,-0.005637625416557596,-0.005726660714615442,-0.004563283961315116,0.016647495858898683,-2.094627166693082,0.7622169489202778,2.7986892623136383
0.006502698577498469,-0.005562169143380846,-0.005694594321146292,-0.0044595637271197495,0.012782009356799325,-2.0504679918298017,0.758183680690398,2.724041197195866
0.006555520738701467,-0.0055260689681712665,-0.0057535886445645714,-0.004399746708313796,0.004663547972477166,-2.0334524434124366,0.8037206129802236,2.7050352457391367
0.009006440566116273,0.0033106073776269593,-0.006547554778518421,8.239600583311096E-4,0.05502328498957863,-0.3307436811931241,-1.3307794063984122,0.5445024169955853
0.008767789451589661,0.0033308932970367924,-0.006467613925235091,0.0010140422085614892,0.03761982473697576,-0.4748033470221455,-1.2903216092382601,0.6919432601147721
0.008451627954588896,0.003593672619959458,-0.006479545297976327,0.0013808804759273747,0.013743607642481283,-0.6843426483423957,-1.3349773620386425,0.9484006790863837
0.008589878414498577,0.0034192700348620623,-0.006441411582241051,0.0011865399866978342,0.02503891742037467,-0.5845121182263028,-1.289830034164394,0.8171193256942245
0.008271468136730912,0.0035162995358064566,-0.00632844775425969,0.001466644064016921,0.00626780026619433,-0.7694005225011312,-1.2366636634323782,1.0207201381691684
0.008156834993312212,0.0036281034238636323,-0.0063249443677448275,0.0016144253541379228,-0.0014881953371080373,-0.846105070581734,-1.2472562690064057,1.1176603341744185
0.008045285668951088,0.003775764291509945,-0.006339849562325543,0.0017896041632434136,-0.010924773401747813,-0.9308656012551008,-1.267931302901175,1.2285943569048545
0.007863082520907226,0.003847336635173039,-0.0062516972444749885,0.00196393828518935,-0.01850200704474714,-1.0309541488761915,-1.2196348350963306,1.3415127160438969
0.007587106343354713,0.0039055733782021877,-0.006069887524707113,0.0021792531303963963,-0.02424611011018987,-1.1578967064974386,-1.1133973146725291,1.4776407225890533
0.0073005115214517,0.003933067864794148,-0.005846013893088136,0.0023560209613483385,-0.02393874237038066,-1.2597407271050043,-0.9839649450649725,1.5800021770580537
0.007448207785516689,0.003874058853204169,-0.005940802297033058,0.002230909554513528,-0.024918046587742805,-1.1972326072828958,-1.0365784137062746,1.5094382450396915
0.007699440905661169,0.003774413503643471,-0.006087712212177968,0.002010791571270928,-0.018999624085264986,-1.08188498727464,-1.1170441343382356,1.378115790179848
0.0064485424157078785,0.004499798223835491,-0.005269320931355828,0.0032227711486774078,-0.009156724267603457,-1.5851201641133181,-0.6620971140354256,1.974819841080499
0.005377317377025569,0.005408489866895959,-0.004285802471783299,0.004318571051935804,0.0761692366388958,-1.772597499501169,-0.12116180921467315,2.2066524678117614
0.0055185007063377435,0.0052920587368609166,-0.004433788399763028,0.004195035137444223,0.06404212396479791,-1.7701629949200501,-0.19544651907269583,2.205074081595751
0.005571797625310275,0.005155739225747049,-0.004479288895987651,0.004045768062880214,0.05298284337416268,-1.7398968198511398,-0.2380024389985588,2.1607512097341606
0.0051440962251468846,0.005398089870405572,-0.004034166564581853,0.0042923930517710365,0.08296862631007201,-1.7170295633115291,-0.048669742271162574,2.120335407806405
0.006066787769101727,0.004878756258972173,-0.004971373132825291,0.003703728390776897,0.017090278001469648,-1.7121500885616416,-0.4819139144062233,2.1395981265848323
0.006097573062465243,0.004713133541679383,-0.004965165447337649,0.003521747508693572,0.0112192781909229,-1.6581289826787453,-0.49886735305220337,2.059791849567038
0.006285127951789975,0.00450892105337112,-0.005105676342437111,0.003272825623828584,-6.334680172024434E-4,-1.5934511690403388,-0.5824251459426439,1.974673020584852
0.006132281233860462,0.004544399935576529,-0.004959787053022232,0.003340964110252334,0.00668538649057429,-1.6045608847524353,-0.5127901887812952,1.98177136760993
0.005804335172491456,0.005041895578195616,-0.004717236503016114,0.003911275776520132,0.037291380632927966,-1.7402593638977282,-0.3486104172562476,2.1690970190450884
0.005910848101992327,0.004916462521381601,-0.004810611445877618,0.0037648682491727157,0.026258109496799582,-1.7114845851373615,-0.4059902802863066,2.130490614079511
0.00563925448890918,0.005023306902045257,-0.004536039700166961,0.003901118576661103,0.044577772723024066,-1.7115017159923502,-0.28084759263579256,2.119951741787496
0.004843372679930335,0.00575042983460359,-0.003703214011365612,0.004627413599507045,0.10998377138754074,-1.7129988190716394,0.11518435671077935,2.117270822970981
0.004904508165618816,0.005625651020624427,-0.0037762246415897023,0.004506094311393001,0.10002014668739903,-1.7061518129041402,0.06813767352553646,2.1057221184647106
0.004884036796483315,0.0055071068288183225,-0.003761052492612815,0.00438082782531175,0.09377400520023182,-1.6785364982069655,0.04335901133135032,2.063290996360261
0.004953097354011741,0.005388671132774561,-0.0038356200127321917,0.004266572781778977,0.08476047599267966,-1.6718178386320595,-1.9486964350714465E-4,2.052343358080366
0.006672547542726091,0.004349294471294538,-0.005442407675282088,0.0030037262875191977,-0.0182266189284896,-1.5165185327116453,-0.7593640325470532,1.8917547473927174
0.006766944678115447,0.004215659974219741,-0.00548416206711845,0.0028412418647462035,-0.019881728579447196,-1.4605266136081598,-0.7861707707300152,1.816306408796952
0.006892232573941464,0.004127564668690117,-0.005567440857120618,0.0027112112538085274,-0.022682127079155154,-1.4130810798481617,-0.8318450990038038,1.7582230026295442
0.007121417891484717,0.003949877719043928,-0.0056993140618049574,0.0024550395912592868,-0.023105329945500908,-1.3116999728356264,-0.9030814717737599,1.6319436134964322
0.006941097426724788,0.003976402675472821,-0.0055514292575296565,0.002554456363020785,-0.02060475759539074,-1.358247622746566,-0.824109323384424,1.6792688326614529
0.00651018219575657,0.004335519630547652,-0.005277801801189793,0.003040961958178948,-0.011066521321554073,-1.52725863180536,-0.6763769209814141,1.8923964721317466
0.004664806220591649,0.0059804916328453145,-0.00349019781919787,0.004832640088903089,0.12560717466471905,-1.697261733435596,0.21948215196862367,2.0993521552603487
0.004676499677303479,0.005791875302109739,-0.003526783498364094,0.0046417677429211246,0.11209519581944795,-1.6734749699906128,0.1596112941968668,2.0596621046061134
0.004501516477312694,0.006070904925399836,-0.003309111458766986,0.004887710253805099,0.12863724842519944,-1.6587359860802542,0.27203119347014737,2.0451534010876884
0.00434031737374832,0.006190538099732853,-0.003125954053321016,0.004966255031631887,0.13169784137355037,-1.6206702607073915,0.32821031979327026,1.9932040509094404
0.00499631548176483,-0.009677299600314855,-5.352237125465976E-4,-0.008298749152634897,0.295372270289124,-0.34161916502304196,-2.5631070959678035,1.1404849158442847
0.0050098636880925584,-0.009686089839949744,-5.2316080621335E-4,-0.00831675159425455,0.30188469469965273,-0.3261955189343282,-2.57746171580697,1.1318973561940313
0.004995347632435261,-0.009693026499577822,-5.091477421170263E-4,-0.008300432499228452,0.29018844263996685,-0.32515305981805115,-2.565445845424349,1.1223008624149904
0.0050089023178828546,-0.009701765314618093,-4.970139013432013E-4,-0.00831835524294805,0.2980043764416439,-0.30952198353061144,-2.5796692587854864,1.1136607863756502
0.004994457020672594,-0.00970876082027901,-4.830614840052985E-4,-0.008302065291861005,0.28514077882294103,-0.30864203007676555,-2.567736612244278,1.1041271511394701
0.005007990188766738,-0.009717443732062379,-4.708856847144345E-4,-0.008319875378194187,0.293223928922125,-0.2929283971583286,-2.581811464844695,1.0954987408493086
0.004993614205198325,-0.009724493196916246,-4.5697474427776314E-4,-0.008303613569278513,0.28037892776904844,-0.29211909152922977,-2.5699534986250696,1.08598586885935
0.005007127309040209,-0.009733124950832917,-4.447789461962852E-4,-0.00832131192974363,0.28711001626572935,-0.276458102435498,-2.583868398285284,1.0773731736201289
0.005003871454625774,-0.009432904217631032,-9.358865124832078E-4,-0.00824563642906849,0.3639749326620043,-0.5975648742605096,-2.504315675735184,1.4179429290331462
0.005013288718374853,-0.009354295016348628,-0.0010655199681113559,-0.008229370807858837,0.38493439028628046,-0.6803437233244559,-2.4848133808028394,1.5109689288263517
0.005005554205454356,-0.009417276451293,-9.61632540214471E-4,-0.008242465481554105,0.3683069388637874,-0.614011402036618,-2.500536725678513,1.436336473728552
0.005007248018118768,-0.009401569289079693,-9.87489777012144E-4,-0.008239137888333302,0.37254070493259706,-0.6305383777882542,-2.4966076434959414,1.4548123914278805
0.0050090575136835895,-0.009385788815197853,-0.0010134824282416832,-0.00823577752854396,0.3766684855845584,-0.6471458391839131,-2.4926215629250734,1.4734294335262417
0.005011089494585525,-0.009370004420050568,-0.001039539225415622,-0.00823253378207777,0.3807700802185288,-0.6637733722501885,-2.4886979328749206,1.492185673436554
0.004990089200280888,-0.009423822669763758,-9.459559754595098E-4,-0.008226350255470293,0.3601769754676573,-0.6082063488520926,-2.488508988775599,1.4207383271719312
0.0049999557366132204,-0.009344629691120083,-0.0010759502245710395,-0.008209967311539697,0.3812180211018954,-0.691174994486131,-2.468616040296204,1.5139815885623216
0.005008401181696587,-0.00928187321588607,-0.0011788429409024146,-0.0081951290874449,0.3970942394871479,-0.7569871676614818,-2.450917646890218,1.5881118531249838
0.005005944243664062,-0.009297589188430324,-0.0011529708854913674,-0.008198656355072288,0.3930513084168676,-0.7404998449436665,-2.4552426481312115,1.5693477634088258
0.005002209763507659,-0.009329067209832157,-0.001101558977358766,-0.008206692406296389,0.3853025097703388,-0.7074898738700397,-2.4645862351777925,1.5324794232197443
0.00500398377796802,-0.009313395324876838,-0.0011271350701171246,-0.008202663290960699,0.3891417669213351,-0.7239256197685443,-2.4599256173491084,1.5507911604954694
0.005010605815767203,-0.009266286517342374,-0.0012043863226135212,-0.0081912135338545,0.4009324041541716,-0.7733426596060408,-2.446264805062754,1.6065662826956582
0.005012395498433293,-0.009250497965230057,-0.0012300454430410038,-0.008186575351911592,0.40454188224551474,-0.7898968548529003,-2.4409856534504004,1.6249468110173664
0.0050143819114290104,-0.009234438073559456,-0.0012561824953322897,-0.008181902376519183,0.4082381938029431,-0.8067277564175436,-2.435621838924257,1.6437214168217193
0.004995019590602736,-0.009272150154595085,-0.0011885853541174964,-0.008175250401826558,0.3935024869658763,-0.7666891259195724,-2.4343417324763865,1.5899603310522357
0.004999637332130804,-0.009223645868764261,-0.0012665196336003066,-0.008159668835140242,0.40409105451506505,-0.8171012589811476,-2.416991657711131,1.645273145675674
0.005017971256234513,-0.009576455909857676,-7.059000354330209E-4,-0.00830323779840126,0.335093636060302,-0.4417954226760002,-2.560058416418097,1.2603343954161128
0.005004669485520312,-0.009567429374081468,-7.174461177396858E-4,-0.008284885685423638,0.32891582215510645,-0.45705770124327266,-2.544828576809733,1.2685034401882662
0.00501666546169899,-0.009592106779443133,-6.797834751503482E-4,-0.008305416891958965,0.33193815530944054,-0.4251565771035575,-2.5628020373226486,1.2419086089315963
0.005003331570699965,-0.009583139184365947,-6.913964690686581E-4,-0.008287121729826657,0.32380408671771804,-0.4405384036471625,-2.547670937113925,1.2500988651902671
0.005014201401274545,-0.009623420217022645,-6.276359427107336E-4,-0.008309520630802194,0.3205888380945637,-0.392235377225527,-2.568020769627158,1.2052671096769216
0.004999693334460975,-0.009630202827902735,-6.133502419681749E-4,-0.008293408713267727,0.31018689325204346,-0.3908932092644439,-2.555825872287621,1.1951064696144265
0.005015408839722729,-0.009607761596875476,-6.536967118953866E-4,-0.008307511027861099,0.3271156550426259,-0.4086242702494621,-2.5654627069573133,1.223574177549066
0.005002089054707008,-0.009598841994025184,-6.653645733034993E-4,-0.008289324360318163,0.3189170062933993,-0.4239667140989731,-2.550482976250897,1.2317157275829242
0.0050008917917143845,-0.009614526973552922,-6.393556956659033E-4,-0.008291436529559416,0.3144915570932541,-0.4073972075537606,-2.5532182310058986,1.2133819866219102
0.004982302526821453,-0.00966838250067301,-5.472421389378276E-4,-0.008280802522627763,0.29533547134008,-0.3505491493679309,-2.549227474012309,1.142924746627101
0.004983478017767833,-0.009652638297469969,-5.732410484632912E-4,-0.008279131895776976,0.30005340287140814,-0.3670168894964912,-2.546850529974616,1.1611413430656048
0.004984774335365188,-0.009636944234400566,-5.991751690150583E-4,-0.008277472079552413,0.304819338698426,-0.38344031065168876,-2.544471980879407,1.1793737082471794
0.0049909845158496524,-0.009558291366412933,-7.289370132666853E-4,-0.008266684928253094,0.3281361302905424,-0.46585136812026756,-2.530488569059308,1.270672119975366
0.005000415330941744,-0.00946420045208521,-8.842506003876055E-4,-0.008251458559617576,0.35523379989125053,-0.5646466524324388,-2.5114067628933703,1.381048746939709
0.0050021471383056145,-0.009448517890286355,-9.101327842562443E-4,-0.008248611905807625,0.3596036718133819,-0.5811362722166301,-2.5079203350713417,1.399535662921046
0.004994181746003425,-0.009526979432419045,-7.806899666078273E-4,-0.00826225507043051,0.33733337352467047,-0.4987088809260811,-2.5246924243629714,1.307431399864338
0.0049957080253363205,-0.009511382770486404,-8.064352772732352E-4,-0.008259759273629166,0.3419182138020309,-0.5150890579578621,-2.5215602988357086,1.3257138945596256
0.004997212956967243,-0.009495710937823192,-8.322819687835067E-4,-0.008257075686182254,0.34643081894426725,-0.5315475776178523,-2.51826364889907,1.344065066106601
0.004998768943255711,-0.009479957569611659,-8.582583112860788E-4,-0.008254285888837755,0.3508616005917408,-0.5480914009647927,-2.514860976973449,1.3625299911206616
0.004976971673563128,-0.009548999432083134,-7.404248659181353E-4,-0.008247750323558137,0.3251676631908636,-0.4772995987292385,-2.515333333190348,1.274585297698987
0.0049788673594268725,-0.009533424527522484,-7.661136031525463E-4,-0.008245893312495672,0.32979750282653736,-0.4935312684883734,-2.5126794001960597,1.292892942842997
0.005000888133336492,-0.009905763358590829,-1.5708454071657824E-4,-0.008331709327654674,0.22947474046852348,-0.09572424500412098,-2.601963864683312,0.8797804836001747
0.004986764626017826,-0.009913348535840317,-1.4374306846990685E-4,-0.008315059812220743,0.22002357680248094,-0.09474461115205753,-2.5905823218093147,0.8707851718810488
0.005000616775457591,-0.009921467368795327,-1.3089908714539506E-4,-0.008332161859232487,0.2247692353428513,-0.07930685855817263,-2.603215116706651,0.8619665999818289
0.005001208815544092,-0.009890060497518439,-1.8325716669800383E-4,-0.008331174818652542,0.2346043040861492,-0.11207729865945719,-2.6006517754464094,0.8976147334539214
0.004987090848517825,-0.00989760369432791,-1.6985755954336413E-4,-0.00831459188997411,0.2253146662678631,-0.11113336106443028,-2.5892534159618505,0.8885332455001514
0.004986505296951739,-0.00992910260404633,-1.1761452990105967E-4,-0.008315463767986917,0.21469315354845095,-0.07834345818730558,-2.5918652609792097,0.8530561279229852
0.005000394746384633,-0.009937172394430333,-1.0471457280860975E-4,-0.008332532117128979,0.21987920695825036,-0.0628614073994691,-2.6044048110701343,0.8441908203417984
0.005047673682969472,-0.009047580916493101,-0.0015630196839900303,-0.008128385936061203,0.45073110651686404,-1.002756361508563,-2.3712699606511296,1.8676907069876922
0.0050394039575559395,-0.009094259469258547,-0.001486744314977535,-0.008143756540077903,0.441049685244212,-0.953862795861819,-2.389447712191632,1.8120999849564583
0.0050445473842215295,-0.009063105920435145,-0.0015374788607818409,-0.008133197362462154,0.44740085530411866,-0.9864623545637198,-2.377113960193652,1.8489342181459778
0.005041868969738828,-0.009078761554720163,-0.0015119505423093237,-0.008138465257017101,0.44418979936166764,-0.9700775903192745,-2.383300552876961,1.8303695648196172
0.005023842243709844,-0.00909941999667037,-0.001470652622142279,-0.008128055900568096,0.43356097618250883,-0.946774938345902,-2.3776108509858047,1.7945701944392096
0.005002622220851151,-0.009207429360964995,-0.0012931462777496202,-0.008155851664560744,0.4080712524281888,-0.834011263016812,-2.4122176717061787,1.6646823690711103
0.005006217831569887,-0.009191817525430758,-0.001319099555758594,-0.008152883296878898,0.412147739620677,-0.8503466048493883,-2.4081442658776524,1.6838662404327474
0.0050103602501930695,-0.009176916944069038,-0.0013442043404804352,-0.008150756248676993,0.4162887795511412,-0.8660059110244477,-2.4047805862336387,1.7026885104998737
0.00501288470618661,-0.009161491398885712,-0.0013693471635665264,-0.008146334053349717,0.41977691332126715,-0.8820902535625175,-2.399521126583927,1.7209194223906688
0.005014635862077355,-0.009145782424073283,-0.0013945201506732569,-0.008140717966656942,0.4229278308869437,-0.8983789695649932,-2.3932458660064735,1.7388454140696332
0.005017097695066994,-0.009129924174719787,-0.001420235761018607,-0.008135719170423732,0.4263324730069256,-0.9148649752298831,-2.3874063234096314,1.7574080560474716
0.00502035264075999,-0.009114352445461655,-0.0014458832626767372,-0.008131654188457967,0.4299713882536739,-0.931131697356039,-2.3823022125646744,1.7762391319084596
0.0050637243620457436,-0.008970134856156239,-0.0016902753880417914,-0.00810276350923844,0.46649092450480545,-1.083942963891449,-2.3401975520580716,1.9611738517168968
0.005066804538906512,-0.008954746352066384,-0.0017154061497992956,-0.00809711319983822,0.4693374027090113,-1.1000151991378326,-2.333441299232962,1.9795459025586997
0.005069849471371891,-0.008939209220236242,-0.001740702990434916,-0.008091185433088918,0.47213335146809604,-1.1162073638899115,-2.3263977306249104,1.9979863500838488
0.005047941853088496,-0.008975056471867972,-0.0016734136981653286,-0.008087066775814585,0.45887013354864825,-1.076104459408296,-2.328429419705286,1.942380061827443
0.005043588089282638,-0.008990201665055061,-0.0016479973537731447,-0.00809088055660097,0.45539856132135537,-1.0601537870346187,-2.333631324751035,1.9232885944003641
0.0050347709667800215,-0.009037268612864172,-0.0015716013375111817,-0.008107410518286798,0.4462748027616387,-1.0113515959836124,-2.3532290644092075,1.8678008968429987
0.005037043957517649,-0.009022159800475018,-0.0015958430049248316,-0.008101592633881253,0.4490330956967204,-1.026958779085265,-2.34657131639726,1.8852041319511985
0.005039437204134915,-0.00900618172624051,-0.0016214284414560085,-0.008095277866619054,0.4518534325047519,-1.0434112826873838,-2.339366260001968,1.9035193860751127
0.0050804935382373585,-0.008744584307612732,-0.0020336729634457995,-0.007972421701219952,0.4879875684942449,-1.3073229759080711,-2.19947049192205,2.1947205695886614
0.005076528069032042,-0.008760535377904435,-0.0020079675262016056,-0.007979384262350606,0.48573282327959116,-1.2912094336130098,-2.207963246387316,2.176174609167378
0.005061342951416335,-0.008854783053746951,-0.0018607292244516107,-0.00802699321921741,0.47457886997152565,-1.1973343262335912,-2.2621723654608825,2.0730831369904283
0.005061565655727078,-0.008838717408914258,-0.0018843920276243144,-0.008016489532958936,0.47552617959956267,-1.2128547864339965,-2.251197965239498,2.0886094201281
0.005065888606811122,-0.008823710019819036,-0.0019092071008681751,-0.008011344785597252,0.4783321908950678,-1.2283727394368533,-2.244529917291754,2.1069771385590674
0.005071433180746291,-0.008810652621129959,-0.001932013569543916,-0.008008840148121829,0.4815170003453687,-1.2423639255900147,-2.2402168560316467,2.124692592881183
0.005072395547134198,-0.008776678686169383,-0.0019818223153017134,-0.007986134069019052,0.48332083449245894,-1.2748237888692033,-2.216275092382974,2.15720814470758
0.00506819397408269,-0.008794521319955034,-0.0019531342610836972,-0.007993835678086045,0.4806956997230537,-1.2567805693462268,-2.2255850021437564,2.136535241190856
0.0050564671645045725,-0.00892856171274043,-0.0017483691956535145,-0.008068794157946022,0.4669724661131795,-1.1240572697291427,-2.3070119583149578,1.9965369789453395
0.0050600662462463915,-0.008912612355150463,-0.0017744196714313384,-0.008063018630605307,0.46991147367712555,-1.1405732015069356,-2.299965631018537,2.015591158627878
0.00504962731535864,-0.008901692536172704,-0.0017840014203990382,-0.008043838157996773,0.4660857678440462,-1.1489915062614742,-2.2831325726780745,2.0168159470433653
0.005050053640556084,-0.008885931832985871,-0.0018075433488451856,-0.008034220909655073,0.46736865286639623,-1.1644208161036647,-2.2730532145737743,2.032515023644086
0.00505421024632256,-0.00886874948965178,-0.0018355194756786862,-0.008027885184619122,0.4704188033351436,-1.182058495980426,-2.265250453609205,2.0529487140154807
-0.009699613876173303,0.004980366235537224,0.008284172474327335,4.95698815243341E-4,0.24939631898482606,0.43482521407086633,2.591901668976659,0.3082272663740691
-0.009652254342847257,0.004983472578347854,0.008279060498622289,5.738551091168438E-4,0.23361637130144938,0.3840253106416915,2.5921286645474457,0.3577202333209368
-0.009668006359868002,0.004982347369384676,0.008280795491647475,5.478516514699465E-4,0.23884917365899283,0.4008901323812209,2.592071200620835,0.341240656136053
-0.009683818906144179,0.004981334127221757,0.008282529799778003,5.217614169964192E-4,0.24412851219648965,0.4178580422935787,2.5920164605213594,0.32472088771626045
-0.010109939502481563,0.005001208815544092,0.00833117467925723,-1.832537775673998E-4,0.3956899333455956,0.8911298088478664,2.592978275763288,-0.11182354019560618
-0.010125641080081594,0.005001578817366836,0.008330557797469534,-2.0943466704715039E-4,0.40066928383058514,0.9088570303551714,2.591430404296479,-0.12820327955233068
-0.01011811739713947,0.004987412031079466,0.008314014348097387,-1.9593550851285395E-4,0.3920481285435144,0.8998571078714456,2.580405674608038,-0.12680696988950724
-0.010047121697559922,0.005000222050368731,0.008332820145332173,-7.852250413044535E-5,0.375896961649963,0.8208296457262572,2.5986707763403514,-0.045976474238782115
-0.010039396738766452,0.004986277957564563,0.00831619081252617,-6.5370720033561E-5,0.36506726474889944,0.8119876291627132,2.5879361652721866,-0.04497972850428109
-0.01006282760556967,0.005000394746384635,0.008332532683022843,-1.0467216633807011E-4,0.3825808125823558,0.8383214935462976,2.597338462714971,-0.06232741506491521
-0.01005512386419282,0.0049864134611438665,0.008315929104185426,-9.145958361606175E-5,0.37007083106929745,0.8294864043519491,2.5865544090147625,-0.06134302656119136
-0.010094236641409177,0.005000888133336491,0.008331709812381675,-1.57049008917327E-4,0.3917520887621364,0.8734415598894628,2.5944771928266657,-0.0953241769799746
-0.010102360790655074,0.004987034769346112,0.00831455921092017,-1.698032634364733E-4,0.38645726817712583,0.8822391396989074,2.5819917897278124,-0.11049462746961965
-0.010078532631204678,0.005000616775457591,0.008332162633677337,-1.3084549046682995E-4,0.3879025682382446,0.8558405193637043,2.595935630143849,-0.07878658056850603
-0.010070852681354076,0.004986559131686136,0.008315542328701131,-1.1755001738372713E-4,0.37518744500402573,0.8470317745645891,2.5850799419563857,-0.07774325560683858
-0.010086598794620346,0.004986751204466671,0.00831506941908418,-1.4366455413567606E-4,0.3807158541964207,0.8646229368058592,2.583548674104374,-0.09414045827797957
-0.010031684790046666,0.004971999481622294,0.008299830978669943,-5.230680452641863E-5,0.36131752415701834,0.797060650684107,2.577130423689671,-0.036944241836889546
-0.01001589939450865,0.004971879966898724,0.008299901182757688,-2.6250963365134598E-5,0.35600335111696585,0.779584653393833,2.5783899815978315,-0.020574149781496413
-0.010000075562560435,0.00497190229178661,0.00829999519810075,-1.3244023499314223E-7,0.3506905917812561,0.7621256265697189,2.5796722613654164,-0.004146743413813345
-0.009984254924613169,0.004972033291112456,0.008300074844811255,2.5981520042449937E-5,0.34543088677378536,0.7447232680385917,2.5809323091193384,0.012270526990810174
-0.009968458844178322,0.004972175138673006,0.00830002508628448,5.205754103866332E-5,0.3400753281269799,0.7273527409482411,2.582105390841402,0.028666821370835868
-0.009952684825636984,0.004972229778719821,0.008299732206707352,7.80942276293003E-5,0.33469667619468346,0.7099835941997507,2.5831089359421164,0.045028133477888706
-0.009936898351086257,0.004972428744779631,0.008299466078025633,1.0415334890876041E-4,0.3293927272296066,0.6926595385635154,2.584129716684038,0.06141218537832133
-0.00992111030224537,0.004972640307630511,0.008299073355882437,1.3021405741821975E-4,0.3240346645211492,0.6753440859211325,2.58506414185744,0.07779823560838668
-0.00990532164782218,0.004972854827722409,0.008298542413853376,1.5627316621928157E-4,0.31866266130933507,0.6580339938171901,2.5859035685086504,0.09418634815670225
-0.009889511186819508,0.00497311969405517,0.008297926583816307,1.823672676823549E-4,0.31326032468221676,0.6407200961600239,2.586687327677948,0.1106075927766662
-0.009873679039133802,0.004973332454725994,0.00829710512647281,2.0848740773135E-4,0.30779780429652814,0.6233681543374465,2.5873362616212776,0.12705218608744098
-0.009857787916433927,0.004973430601394397,0.008296001569691043,2.3468561856326302E-4,0.30239325106043236,0.6059260880437668,2.5878018416878885,0.14354205544047363
-0.009825673044159652,0.004974118202088912,0.008293909172984807,2.8764477980064424E-4,0.2918866884490731,0.5709031731976122,2.5888324656524553,0.1768828757176866
-0.009841746625778539,0.00497358661505093,0.008294809486838276,2.611244823645266E-4,0.29713192130750793,0.5883611800440934,2.5882188459628224,0.1601795332218642
-0.009715421683442239,0.004979480990642217,0.008285770448958237,4.696201792471404E-4,0.2546955042598548,0.45183421703867027,2.59176316050411,0.2917397174403384
-0.009731213006417827,0.004978633043313378,0.008287267884573677,4.4356585191715486E-4,0.2599628392166555,0.4688426689690557,2.591557251691555,0.2752744451053259
-0.009746985544917918,0.004977849423575078,0.008288694870218966,4.175442222834554E-4,0.2652292109570448,0.48585596292825217,2.5913133880937536,0.2588421630043571
-0.009762758155721606,0.004977159947879913,0.00829009155640231,3.915270887726039E-4,0.27050329210772756,0.5029109316510932,2.591048340840748,0.24241620266266126
-0.009809822068307905,0.00497497524227153,0.008293266471519829,3.1383210882249567E-4,0.2866148986916421,0.5538005324826227,2.589606979172102,0.19339902395280686
-0.009778508704789742,0.004976537508139286,0.008291421566015379,3.6554509859749047E-4,0.27587571772947356,0.5199714032810978,2.5907461088279398,0.2260240206341908
-0.00979418539576587,0.004975848869768422,0.008292525069722409,3.3966819773709195E-4,0.2812604392773595,0.5369380226089938,2.5902941504559114,0.20969833681699626
-0.00946399487207429,-0.0050005388564179805,0.00825155540560935,-8.846088882147315E-4,0.1716027887748546,0.183725563917949,-2.5886253791699345,0.5554226289723695
-0.009479758722649336,-0.004998820440677507,0.008254301444613076,-8.585829193589141E-4,0.1767262848014903,0.20041204887447606,-2.5891928928474415,0.538788127640191
-0.009542634915592403,-0.004992635789204422,0.008264615018718753,-7.548244476946075E-4,0.19726318619204478,0.2671623725922366,-2.5910721757285557,0.47260058176861036
-0.009495545243183514,-0.004997160186622301,0.008256978520605337,-8.325237193731976E-4,0.18182160741098344,0.21713705644171802,-2.5897168216018653,0.5221485549998633
-0.009527007718868252,-0.00499410731922432,0.00826218716936974,-7.806168693953822E-4,0.1920646682948025,0.25054973145469245,-2.5906893074276094,0.48903472731637904
-0.009511309719055793,-0.004995590915821441,0.00825961295114906,-8.065121211384805E-4,0.18692205341486348,0.23386556207131617,-2.5902179951607267,0.5055494212811436
-0.009549049777732056,-0.004977264991831035,0.008248128784140584,-7.404200531625614E-4,0.19770445206932175,0.2706002911434104,-2.579704463663091,0.46244695877480063
-0.009564624597344328,-0.004975445226336379,0.008249935924029941,-7.147412274769095E-4,0.2027172157618928,0.287043792332778,-2.579682674702909,0.4460225152331349
-0.009338656106265468,-0.005015416733170353,0.008226022357855871,-0.0010913378972732778,0.13166641120237646,0.051334542883369645,-2.5818014217071936,0.6882266037889977
-0.009385628848670113,-0.005009572096657997,0.008236343894347062,-0.0010139076598932638,0.14643231440633955,0.10089051667290284,-2.584834132590284,0.6383402369703745
-0.009354326896670926,-0.005013360165560753,0.008229482657136742,-0.00106548660821152,0.13651528001227717,0.06783802034679066,-2.582820617026322,0.6715609791186408
-0.009370000613493827,-0.005011468359974307,0.008232995227271583,-0.0010396720009705305,0.1414250056943033,0.08438907639901767,-2.5838795097518505,0.6549241099587668
-0.009391700180919739,-0.004994172550513818,0.008220259618910833,-9.987689074214543E-4,0.14745892611208825,0.10423148975271047,-2.5736682065131418,0.6282871141333631
-0.009454452216572621,-0.004986983832437424,0.008232565826612408,-8.957889361860261E-4,0.1673055222949351,0.17045408714169571,-2.5768338937527306,0.5619953857859347
-0.009438717344825872,-0.004988549358966518,0.008229414102639367,-9.215597907525429E-4,0.16229648957510287,0.15379117050026206,-2.5759924587628995,0.5785586872141835
-0.009407279562252456,-0.004992025955206832,0.008223099985827438,-9.731053609460294E-4,0.15233981518852294,0.12058910995794943,-2.574305273651792,0.6117393047970948
-0.00942297837562391,-0.004990124311130845,0.008226128679894308,-9.473198574191551E-4,0.157295712545355,0.13713003268478016,-2.5750633479221356,0.5951310588635886
-0.009244778115513268,-0.0050284134318604986,0.008203079971676214,-0.0012460250488480842,0.1027494316910778,-0.04748060829288361,-2.5742716421386067,0.7885080810900821
-0.009260531074653267,-0.005026072481135807,0.00820710136173939,-0.001220060148113897,0.10743188992699519,-0.030936302548597163,-2.575641782587543,0.7716255005135162
-0.009323053294468952,-0.005017605184460427,0.008222600578088398,-0.0011171130576851584,0.1267819483928939,0.03493303163654937,-2.580808016819734,0.7048571936082467
-0.009307500473543702,-0.005019757035999804,0.008219013036760465,-0.0011427756718032937,0.12185550964299492,0.018565989995654484,-2.5797008163285686,0.7214505647141377
-0.009291921297506306,-0.005021831794376027,0.008215181737550094,-0.0011684273486661054,0.11696107005585858,0.002142364247489426,-2.5784322550122476,0.7380780967075226
-0.009276263736877548,-0.005023904323726893,0.008211172795617396,-0.001194177267060831,0.11215604079200538,-0.014368935489276808,-2.5770530669567147,0.7548002986967272
-0.0092034072388311,-0.0050204130208328646,0.008175064299004097,-0.0013075944480122927,0.09004192380897878,-0.09349352906387663,-2.5588748908522962,0.8289467960076858
-0.009218869958926377,-0.005017494692468947,0.008178656097987173,-0.0012820185685429276,0.09461362271611264,-0.0773978779092744,-2.5599908517675547,0.812228958077642
-0.009234603578982386,-0.0050147042828023606,0.0081823776015077,-0.0012560603214979104,0.09929463218975192,-0.060991139999744336,-2.5611775052267265,0.7952767380423554
-0.008903343536752671,-0.005049635645432085,0.008044928732806923,-0.0017815737317977115,0.010036181681895177,-0.4106469311994171,-2.494345649013444,1.1467444236312516
-0.008887444531824532,-0.005048030440733957,0.008032864644711686,-0.0018040164752811947,0.006554981332705089,-0.4277701287246335,-2.487084700278532,1.1624799261940748
-0.008918648006606886,-0.005041230028277805,0.008044757501229113,-0.001753605492990159,0.014227182172035958,-0.3954798698731343,-2.492786878120811,1.1283724834382953
-0.00914139644604491,-0.005030302715925927,0.008157089052488943,-0.0014090836973558363,0.07198607463557921,-0.15842830477763706,-2.551961986579522,0.8956108226626371
-0.009125612789534342,-0.005033066134529067,0.008152442854258186,-0.0014349674340149458,0.06745764683127052,-0.17491305945115257,-2.5501526920064106,0.9126620334158749
-0.009115156247202409,-0.005019674482051179,0.008131291260284024,-0.001444303903517883,0.06524223082223057,-0.18871836559195643,-2.5363626974307185,0.9200678633674695
-0.009157148847118084,-0.0050278572490230575,0.008161949451351501,-0.0013833783753140984,0.07653703994788187,-0.14191802445081347,-2.5539226161970245,0.8786832705639228
-0.00918811870019391,-0.005023084465870779,0.008171120075085447,-0.0013327664913779166,0.08555298810911242,-0.1094550062680721,-2.5575073685449783,0.845432688088735
-0.009172741668386454,-0.00502546024334177,0.008166644855602602,-0.001357913694247005,0.08105914172993735,-0.12557197120610028,-2.5557829867436115,0.8619409087464875
-0.008990651500339264,-0.005044376568546067,0.008092100905179022,-0.0016477852539845633,0.03131597668146734,-0.3181277471950687,-2.520061895419818,1.0554064577793678
-0.008974813778994183,-0.0050460625697345916,0.008084736649436155,-0.0016726669179092987,0.027277783433195837,-0.3348313181067178,-2.5162864145519706,1.0722263026758772
-0.009051931294785327,-0.0050300359383663,0.008109972714171389,-0.0015466513594962795,0.047860184855906374,-0.254769153818764,-2.527087711433772,0.988107072855123
-0.009084513321931994,-0.005025617547989093,0.008122341493424326,-0.001494467227734844,0.05668907480989185,-0.22056980398598472,-2.53284154592594,0.9532868459618534
-0.00906832333783966,-0.005026973006095985,0.008115284011460307,-0.001519968259979399,0.05232230616985347,-0.2377102848811746,-2.5293450380334757,0.9703573266318494
-0.008996823053065497,-0.005030403516214764,0.008079271143146083,-0.0016303301608741549,0.03378539904777131,-0.3136768933217709,-2.5103523916182757,1.0448934812715502
-0.0090096120715491,-0.005025324283239683,0.008080690948849013,-0.0016081421226478816,0.037291527865367054,-0.30080597632270406,-2.510201600900291,1.0302656436796378
-0.009040496500855012,-0.0050157705176045895,0.008086898447907082,-0.0015561401112300774,0.04566923635169185,-0.2693423478079154,-2.511831077281567,0.9958041251853499
-0.00902469125287801,-0.0050200715810375975,0.008083103242970041,-0.0015824193227666605,0.041405009065559724,-0.2855309028665099,-2.5105557784096892,1.0132594224329747
-0.009104309012455833,-0.0050068995493296325,0.00811067657793794,-0.0014543706979564528,0.0628235785303607,-0.2026075088176442,-2.522933900552552,0.927804619226477
-0.00909104785395587,-0.0050119886356994004,0.00810974442284321,-0.0014772817549960425,0.059064854552074074,-0.21591750508296506,-2.523439909730179,0.9428179775706023
-0.008963033883209811,-0.005031771733125379,0.008060920806539848,-0.001681789606271047,0.025427632007436838,-0.34953123809967196,-2.5003293321238207,1.0799700785148294
-0.008933498813331114,-0.005026565818490699,0.00803687239492759,-0.0017225116655504127,0.01884277056535544,-0.3816507884329938,-2.485720082788473,1.1085147229010053
-0.00894999048765556,-0.005018344684566902,0.008037381244283442,-0.0016930828388167154,0.023267216120285487,-0.3652710400152404,-2.4845919017545843,1.0891183424725988
-0.00965267256595074,-0.004983765852370417,0.008279489721128276,-5.732330514406571E-4,0.2336623369788733,0.3846014556124387,-2.592403455642088,0.35727225331450674
-0.009580387477256399,-0.004973755046010975,0.0082518011458277,-6.887852246017784E-4,0.20781799032988726,0.30372294748042233,-2.5796896370213678,0.429437189963844
-0.009596234803028429,-0.004972354925816204,0.008253885671003235,-6.627547392326153E-4,0.21298680165956982,0.32056789836856675,-2.5798413016681003,0.4128295103429478
-0.009612089330387572,-0.004971262703194172,0.008256191578046287,-6.367716475921986E-4,0.21819761139354008,0.33750277599936246,-2.580143744603076,0.3962798664207341
-0.009627911417250156,-0.00497040155163586,0.008258619644738287,-6.108758525943454E-4,0.22342737386891945,0.35446809478840996,-2.580531196556192,0.37981024959033505
-0.009643659624205088,-0.004969622443636218,0.00826098600696438,-5.850989664085184E-4,0.22864235039719905,0.3713822087297461,-2.580882159323306,0.36343117804042246
-0.00987366267707773,-0.004973176130084112,0.00829691929863459,-2.085013549827704E-4,0.3081608866164261,0.6233362917703779,-2.587218484305286,0.12707615063397334
-0.009857905060324449,-0.004973748652764684,0.008296384067408942,-2.3452157867051514E-4,0.30275533012856765,0.6062133038325889,-2.588052030361976,0.14346986489442712
-0.009668401236078103,-0.004982644926033222,0.00828122138302685,-5.472641389694181E-4,0.23902325222891174,0.40144924357992845,-2.5923456184014877,0.3408260915182928
-0.009684191667702497,-0.004981492090971326,0.008282784526087729,-5.211812129422328E-4,0.24427883175451096,0.4183487496641793,-2.5921744949413283,0.3243277783792211
-0.009700047563488162,-0.004980510326222315,0.008284417156040112,-4.950157818967123E-4,0.24945630524889384,0.4353737257250048,-2.5920486610325457,0.3077877684301789
-0.009715889810094929,-0.004979749416292902,0.008286163705612694,-4.689007250178727E-4,0.254707878654191,0.4524647625262464,-2.592002048503398,0.29128156133288724
-0.009842156763773249,-0.004974190630193427,0.008295555008434615,-2.6051166099737326E-4,0.29733428685000063,0.5890603774568751,-2.588687703586437,0.15984309937559413
-0.00982633872361771,-0.004974616093980921,0.008294558580204843,-2.866076833400123E-4,0.29201303641480464,0.5718379638584228,-2.589215521841469,0.1762798478172324
-0.009810472325525989,-0.004975218899165195,0.008293622765223317,-3.1279489372142724E-4,0.28675940122538734,0.5546349767324364,-2.5897886793293163,0.19277649359965857
-0.009794638345812245,-0.004975965146929902,0.008292715634743915,-3.3894110649613243E-4,0.28144795026766484,0.537519837072867,-2.5903816599999616,0.20925508353227637
-0.009731658057363337,-0.004979019625192393,0.008287792300105642,-4.4289964472767236E-4,0.2600684869650917,0.46949695320783996,-2.591883192297436,0.2748508194618052
-0.009778861042361713,-0.004976703616195275,0.00829166346698075,-3.6498964184068094E-4,0.2760740180038586,0.5204648944861195,-2.5908761788082058,0.2256801228788576
-0.009747382266900514,-0.004978214914494684,0.008289184416691851,-4.1694893920789363E-4,0.2654248581967862,0.4864621254848382,-2.5916130766347156,0.25846180920035505
-0.00976311293782837,-0.004977428156155689,0.008290456960676625,-3.909827034470521E-4,0.27073464355857085,0.5034415715946262,-2.5912664623099917,0.2420755390593492
-0.009984292236633437,-0.005000024673443877,0.008333148966295301,-2.614651320657307E-5,0.35243980808905007,0.7511947340650708,-2.603540082824721,0.01878343666256391
-0.009976492630606503,-0.004986054801416131,0.008316216428073307,-3.8972331652740914E-5,0.34398374162369455,0.7422269505194522,-2.592638692670333,0.020529390777609752
-0.01,-0.005,0.00833318999185388,3.4709803202029115E-8,0.35785722833496997,0.7686387846520754,-2.6024369000725605,0.002532490799042893
-0.009992240967246597,-0.004986037664342748,0.008316335741006488,-1.2852986089893368E-5,0.34939611623615535,0.7596190619659606,-2.59153760649739,0.004172937524624584
-0.010015707763366568,-0.005000024673443877,0.008333148808802223,2.6210543392930944E-5,0.3634648598833377,0.7860999953465261,-2.601270168062065,-0.013686981440673686
-0.010007991266828296,-0.0049860736591841376,0.00831637571772819,1.3269967271339474E-5,0.35475453835391013,0.7770432387444252,-2.590384462688551,-0.012191436709751343
-0.010031415039578107,-0.005000098691445171,0.008333025484226143,5.237754710708735E-5,0.3693404356178855,0.8035709018202087,-2.6000388587164704,-0.029886723250340013
-0.01002373815852538,-0.004986156655802636,0.008316329756203939,3.938907898080529E-5,0.36003723918480773,0.7944962177354312,-2.5891723743565187,-0.028564353999878233
-0.010062827605569672,-0.005000394746384635,0.008332532525072545,1.0468361343181382E-4,0.38221380597863625,0.8385086543734305,-2.597393852932,-0.06234502447706269
-0.010047121697559919,-0.00500022205036873,0.008332820081273307,7.853227503326706E-5,0.3756965079683583,0.8210398377664972,-2.5987463786753606,-0.04608804193960608
-0.010055195126834919,-0.004986419981594143,0.008315933360830226,9.157183497314128E-5,0.3702069124885628,0.8294841910246059,-2.586526236256756,-0.061348676945541476
-0.010039472099342948,-0.004986277302305959,0.008316187838393411,6.548902170779032E-5,0.365190615395454,0.8119737278274758,-2.587891819760762,-0.04494562949010817
-0.00988950973809276,-0.004972588236796851,0.008297300382868947,-1.823329502595073E-4,0.31346531440534525,0.6405515803933056,-2.586274902053495,0.11059438887453155
-0.009905432323060988,-0.004972154066029479,0.008297723103652678,-1.5605114581263726E-4,0.3187129650147629,0.6579081935309024,-2.5853528155722363,0.09404798668485843
-0.00996877301489115,-0.004971650891343206,0.008299414525571147,-5.1531987806617385E-5,0.3399891118340385,0.7275044959815601,-2.581674128794486,0.028280966073596942
-0.009952968180345021,-0.004971724933695196,0.008299145818733688,-7.761530701015262E-5,0.33466253726984013,0.7101064455038814,-2.5826972907478605,0.04468892738242746
-0.009937170187786242,-0.0049718156977897705,0.008298754786540482,-1.0368485886524905E-4,0.3293189552854408,0.6927287077633005,-2.5836361808127215,0.06109253898739663
-0.009921337638135045,-0.004971926185587265,0.008298243240325439,-1.2980757173761636E-4,0.3239897809177467,0.6753307476379301,-2.584495726676191,0.07753089439554887
-0.009605050376282372,0.004987201924180302,0.008273432093351454,6.517943200431508E-4,0.21806401521613375,0.33365576787519147,2.5920364507461175,0.4071120835168281
-0.009620817519808662,0.00498590937985853,0.008275398086770207,6.257606002446865E-4,0.22321917269398875,0.35045505816700745,2.5921218828981054,0.39061804448825704
-0.009627388213551833,0.004970964265470634,0.008259172773723568,6.118436019414684E-4,0.22332616254324913,0.3540141617407521,2.5809136166770537,0.38048261313531967
-0.009642808726854307,0.0049694539594903695,0.00826061245923569,5.864463438605104E-4,0.2283392511648442,0.3703862223789182,2.5806803981759514,0.36429162326627634
-0.00955835459354831,0.004991973607223357,0.008267878422224907,7.290771691870237E-4,0.2022795045322391,0.2841482317436798,2.5919961357270185,0.4561399051006631
-0.009573888897139539,0.004990404264893058,0.008269888058879129,7.033785895201936E-4,0.2077244750758259,0.3006420186106537,2.5921137880375515,0.4398034085935687
-0.009589396467699877,0.004988696202361822,0.008271587023329266,6.776824502563408E-4,0.21296929967411868,0.31704217513141403,2.5920321540866165,0.42351479938975417
-0.009549222237152799,0.004978698929944337,0.008249867745894866,7.405167885394161E-4,0.1979606175868904,0.27109527979826925,2.5808367156517877,0.4626140174719602
-0.009501634429972044,0.004981689280477471,0.008240445113259628,8.182311406939202E-4,0.18241253220328976,0.22025926241695346,2.5783089922653484,0.5122541884411561
-0.009517501038658676,0.004980048562358958,0.008242970122173477,7.921658347440429E-4,0.18751590811449137,0.23704535606630575,2.5787389958395326,0.4955679531386577
-0.009533479301712392,0.004979018760191589,0.008246102761030246,7.660711473475127E-4,0.19274042389419724,0.25410482300580844,2.579569928090699,0.47889881190548605
-0.009485885453437547,0.004983243268927817,0.008237706722194095,8.440678394253243E-4,0.1773584253136444,0.20357799098288595,2.577735661842871,0.5288100552466726
-0.009492180146703997,0.004967944522037504,0.008221483862299095,8.294669032902715E-4,0.17858576716727506,0.20665860029643304,2.566423109858823,0.5192913177472541
-0.00920739711816684,0.005004109467922015,0.008157619779015142,0.0012938788600019857,0.09167003327252611,-0.09252616667440451,2.54654341732012,0.8209349957356294
-0.009222959118570484,0.005001276352994659,0.008161321994958644,0.0012683254140000279,0.09621318059650631,-0.07635297804493103,2.547760304814043,0.8041967626823494
-0.009238653242868653,0.0049983783723597,0.00816486344428959,0.001242521787935675,0.10084678858260608,-0.06004981836783494,2.54885342025753,0.787311806143493
-0.009255063119986836,0.0049953343009338505,0.008168395364671581,0.0012155200991714535,0.10567732581268628,-0.0430168371394952,2.5498913044445293,0.7696721274910621
-0.00927198979010835,0.004993758649292319,0.008173718544429569,0.001188310277387926,0.11069806506391251,-0.02512375921179862,2.5521035990420873,0.7518501487229773
-0.009288129723353031,0.004992765937455446,0.008179240578468796,0.0011625333967927823,0.11551530688889489,-0.007945731331482062,2.5545121776560205,0.7349698558780923
-0.009303548391118162,0.004990821030759769,0.008183197906476094,0.001137464067431879,0.12016138800676147,0.008259588085300236,2.5559160483756185,0.7186147577102878
-0.009470023030423573,0.004984720360441424,0.008234699266665813,8.700481883777517E-4,0.172264601473717,0.1867574931564329,2.5769953333134663,0.5454718409464122
-0.009438635914713691,0.004988809117620273,0.008229696855503711,9.217734724079903E-4,0.16230226474905926,0.15374613858651506,2.5761720759256233,0.5787151236741644
-0.009454252161330832,0.004986706881823902,0.00823217701283386,8.960221072172557E-4,0.16724451502438853,0.17015640945291008,2.5765726665685382,0.5621554746684537
-0.009429023371660817,0.004975431414269986,0.008210762560515021,9.328068212122121E-4,0.15874621505709444,0.14019209134598706,2.564278265572564,0.5858882740132652
-0.00941357157293697,0.004976334733420184,0.008206691711372815,9.577414461370979E-4,0.1538921388559994,0.12371449391657484,2.5627906661520137,0.6020044950493039
-0.009319256317039852,0.004987973887753852,0.008186064673503973,0.0011115597454512173,0.12490567604139825,0.024577048044389208,2.5565636481033223,0.7017700159862232
-0.009335415106519753,0.004985807402550055,0.00818976267445271,0.0010851951820871621,0.12981494265452528,0.04152237708820756,2.557737384427637,0.6846249919252783
-0.009351206480380231,0.004984470980378861,0.008194151083945151,0.0010597006239364394,0.1346424159359044,0.05825620845348362,2.559406898529307,0.6680461590436148
-0.00936661475589236,0.0049825386240325625,0.008197551730672445,0.0010345636771905903,0.13937760020600073,0.07445001486723814,2.560440811100332,0.6517325953542469
-0.009382073503876686,0.004979804046897302,0.008199885520343666,0.001009042771280766,0.14412716027536973,0.09051404655991536,2.560758305976972,0.6352046636421117
-0.00939779640062855,0.0049776628642179055,0.008202871845167962,9.833038198799918E-4,0.14897840232303663,0.10699220958968482,2.5614964476481847,0.6185430335722354
-0.009044797270117576,0.004994140848614103,0.008064003704160634,0.0015377179657835485,0.04791232487884577,-0.2681549706139916,2.4952211621286806,0.9851561524568865
-0.008829877305504377,0.005023424195869001,0.007966370713478188,0.001871480809089985,-0.003644589148561548,-0.4912278414293239,2.443607113063053,1.2122881610891187
-0.00884606968614549,0.005019993341989968,0.007973258278823418,0.0018459091745858466,1.8720856026662136E-6,-0.47461852863147574,2.447221823339564,1.1948162732354854
-0.008862359491085377,0.005016783815988473,0.007980309192006936,0.00182029637405664,0.003749926204275548,-0.45787211649141774,2.450935585730924,1.177311404532045
-0.008952310469331178,0.005015283332863647,0.008035226582709332,0.0016877950946007079,0.024040220664833387,-0.36319933797945886,2.4828074659908546,1.08575945195217
-0.008967507584400139,0.005011700896541877,0.008040178300757268,0.0016631298220053721,0.027879812125744568,-0.34758780890763324,2.485012811285604,1.0691757778570823
-0.008982841858338607,0.005008030055662071,0.008044969921556061,0.0016381858160818025,0.03180406774118055,-0.33184664788806456,2.4870872760055405,1.0524324373898841
-0.008998133256365785,0.005004293635659503,0.008049520489529232,0.0016132463628548489,0.035748398035484276,-0.31616578868847994,2.488990832403512,1.0357222874524006
-0.009013470866329877,0.005000588913369234,0.008053995230371305,0.0015882372252686453,0.03973416298179996,-0.30043742010351776,2.4908361269210855,1.018985618577071
-0.009029003369993042,0.004997190786960895,0.008058796260835723,0.0015630897116033604,0.043782653254801844,-0.28446055392007175,2.4928961557499694,1.0021500203167433
-0.008936282920268074,0.005016933237956204,0.008027381275635355,0.0017124742832592486,0.02017101377443137,-0.3799567674251679,2.4785828631497817,1.1025866851168662
-0.008943478220098097,0.005002370228716578,0.008014893439877378,0.001692988989746042,0.022919229814894686,-0.3742391745725619,2.468897250317847,1.0906306583440317
-0.008918064122142823,0.005015074758446051,0.008013951143689716,0.0017381127905039151,0.016136356988139453,-0.39946323356488933,2.470491402650875,1.1204904568464393
-0.008879847989128166,0.0050135375096204,0.00798793374041405,0.0017928702437850009,0.0077647138768729895,-0.43987663933469817,2.454957726582117,1.1585947805635277
-0.008898567088754557,0.005012601496182316,0.007998825287150048,0.001765057956285159,0.011943406206407936,-0.4203090909312714,2.4612377957321283,1.1394001021991753
-0.009060921982902875,0.004991381360193792,0.008069581141421379,0.0015119750497808125,0.05214574298399142,-0.25145298241450215,2.497777663679781,0.967913104612183
-0.009077558693241212,0.004989126208405537,0.00807586540735606,0.0014856904103004382,0.0565270958520429,-0.23412339376933664,2.500786298000229,0.9502918730369218
-0.009094793012350316,0.0049875724772436,0.008083117222198883,0.0014588175861384662,0.06107944331295321,-0.21603631757956246,2.504419406530312,0.932252991294752
-0.009112375679475595,0.004987657479865724,0.008092287890631154,0.0014321865568446646,0.06571396327735383,-0.19728832353959078,2.50935954958345,0.9142963278781043
-0.009165282844066619,0.004998435188854606,0.008131169976223412,0.0013565140777458012,0.07981502770997533,-0.13881933648511827,2.531922920412853,0.862878086245067
-0.009148683672316039,0.004997136758978862,0.008121575739069116,0.0013814408146582216,0.07523781403760006,-0.15684195157050526,2.5266974808037905,0.8796052250684837
-0.009130048561414817,0.004989964858808844,0.008103927209924451,0.001406430440013086,0.0703618887205537,-0.178032970462113,2.5159987029372832,0.896821650798966
-0.009196611043273904,0.004992538890871251,0.00813902838295128,0.0013053099490958468,0.08877372920190958,-0.1063335815067209,2.53468044288032,0.8291509253914404
-0.009179743873482577,0.004990910913170101,0.008129226871459885,0.0013306173374888384,0.08403300007559779,-0.12471780406637888,2.5293511147328576,0.8460759524944133
-0.007141826403921211,-0.005632575629402255,0.00664821241112398,-0.0043448186240281975,-0.06755194377070296,-2.0342282510208354,-1.4471654190729148,2.8975671256543265
-0.007168610165930384,-0.005623404395809594,0.0066817129377278765,-0.004316976960013213,-0.07132280248415475,-2.019338770095103,-1.4758453259897912,2.883748911614525
-0.007190792364264784,-0.005604001865232115,0.006700826652438742,-0.004276075614828193,-0.0748087317246836,-1.9991430239245318,-1.4938391635912043,2.857234192539335
-0.007208498652775005,-0.005577084927049437,0.006707548913913344,-0.0042266085638254245,-0.07715595338596098,-1.975769136269957,-1.502379704120427,2.8221101420624226
-0.007385495082953527,-0.0054893199736277725,0.006894174456048291,-0.0039895768787068546,-0.09796117330532454,-1.8464029745663955,-1.6624253007807508,2.6784300851592686
-0.007342513981150388,-0.005518901538183002,0.006856955828698371,-0.004060349189868831,-0.09387082788787902,-1.8841091280406166,-1.629922396147218,2.724946727548371
-0.007357341111585494,-0.005488651076698235,0.006854163307091532,-0.004007761123574249,-0.0946986551554899,-1.8599625502532973,-1.6297653203809077,2.6862248353330322
-0.0073069494461354256,-0.005518789930836033,0.006806267959602828,-0.004083256119282745,-0.08937445038279009,-1.900447148993824,-1.5883542918494735,2.7339601146926005
-0.0072260591058206786,-0.005543698996598303,0.00670895393564129,-0.004168123983038543,-0.07910796506115204,-1.9486594982895638,-1.5067873210918383,2.7794341274222982
-0.007265273527207064,-0.0055216518857291105,0.006749039773643599,-0.004113233685894461,-0.08414031707903903,-1.9199806527152388,-1.541442075262538,2.746529945066736
-0.00704898168277414,-0.0056577215834185,0.006525887775064787,-0.004427845901067751,-0.05311640541244476,-2.077026382849899,-1.3442836740188258,2.931521447503353
-0.0070761802313471555,-0.005633526234945271,0.006551000427823234,-0.004378978234690843,-0.057782915165050346,-2.054054985558817,-1.3680748994077678,2.901456133307215
-0.0071069309037773785,-0.005612790187311803,0.0065829926023640425,-0.004333229900553078,-0.06263288305266897,-2.031999083341279,-1.3967420066332676,2.8750473708262274
-0.00700929832269831,-0.005645535487933138,0.00645893424712177,-0.004427254550067179,-0.04750743462877818,-2.078065014133902,-1.2925226154996763,2.915209732377878
-0.0068519050885332165,-0.005751323595395441,0.006281298634210751,-0.004646414467298584,-0.01878645616362687,-2.173565913336837,-1.1335346903840398,3.0269413091531097
-0.006887546950796469,-0.00572554223128798,0.0063218678938588456,-0.004595179304821028,-0.025872674375346374,-2.1521301427205923,-1.1702823511337241,3.0013419994903816
-0.006923051203204248,-0.0057010611194833515,0.006362111190379391,-0.004545291857061242,-0.03260145651611663,-2.1308192570925915,-1.206488019256146,2.9762620644123436
-0.006973693207837838,-0.005639906523020998,0.0064026442868294845,-0.004433886239279524,-0.04284236636382466,-2.08137786914279,-1.248955225850008,2.906174123506179
-0.006943997002212246,-0.005660376791690936,0.0063703944924459,-0.004476213230261951,-0.03745822427757294,-2.100097072267872,-1.220216267002215,2.928372605884868
-0.006766078942992174,-0.005812964831731984,0.006180046740141769,-0.004766207166183141,-0.001333430877773147,-2.221145318653491,-1.041924831069908,3.082970085999859
-0.006778208910164037,-0.005787982893637692,0.006186770545937883,-0.004724446987191356,-0.0052775205295311585,-2.2032563032828496,-1.0528826070279482,3.0548888191741876
-0.0068095641586818495,-0.005758122623452923,0.0062200723416074,-0.004669830844956119,-0.012451474023289158,-2.181113660632697,-1.0849054046207158,3.0255715872346225
-0.006779770506574453,-0.00576706761273384,0.006179030738671669,-0.004691998720411721,-0.007328586783509955,-2.1884739054046225,-1.0517861684595504,3.0288551704523523
-0.0068147953152866494,-0.005728945825644657,0.006213356326623868,-0.00462397131672697,-0.014993338930528396,-2.160702951756102,-1.0860109036233185,2.9906253314207554
-0.006507182841013317,-0.005979696839909979,0.005841983984485154,-0.005070360730807578,0.0549099023527664,-2.315707316643955,-0.7466477339530814,3.1800774365343867
-0.006465859726587102,-0.005977018884673195,0.005776662086943508,-0.0050691308213637876,0.0594072197016844,-2.3051980082358425,-0.7021204180149085,3.15287231542135
-0.006540320610675789,-0.005944050518420025,0.005882112799738804,-0.00501144458719716,0.045132988192798366,-2.296652755771474,-0.7861841313129981,3.154019969426876
-0.006560944164484394,-0.005899764120949076,0.00589870168977679,-0.004940268846485001,0.03696548851183037,-2.268816447109782,-0.8112647997983338,3.1099973887485306
-0.005973996045849761,-0.006347075187539036,0.005069254858662271,-0.0055938809221211154,0.170384110592653,-2.348300206535385,-0.12669161598387224,3.1713242589473425
-0.006079222510578839,-0.006249538773054995,0.005227148142579067,-0.005467466889394736,0.14481840072460495,-2.3459857352751374,-0.255361006866556,3.1718923213362693
-0.005998797421296557,-0.006296250265254201,0.00510687577846311,-0.005522766140759846,0.15869516912354506,-2.333417898025735,-0.17011357145394032,3.1455253424553242
-0.006028913002171397,-0.006260438127284334,0.005151447005765957,-0.005474864433143299,0.1497656745186574,-2.32832076346049,-0.2096886717007584,3.137907145680987
-0.006101905230567327,-0.0062043368469978976,0.005258650715720779,-0.005402423730284568,0.1341827974141985,-2.329747252238505,-0.2927440636077665,3.144884181840336
-0.006126435301669399,-0.006165685294273711,0.005292344746197414,-0.005347276193086032,0.12486309415396477,-2.3174237107766604,-0.3278488361315358,3.1254354156810575
-0.005916075748874595,-0.006347601335272371,0.004982497215599253,-0.005580539106454813,0.17289135952664003,-2.318075055552098,-0.08394612886415442,3.116192098179195
-0.006233335100726139,-0.006140808922375719,0.005452567440538223,-0.005320509354006215,0.11167755646362366,-2.3447094378860673,-0.43217995113460245,3.1841970378540734
-0.0064280906574827965,-0.005953482230387045,0.005711655798516537,-0.005035085171719897,0.060420716458011996,-2.280785501639762,-0.6656789345539557,3.102734395325864
-0.0063947865241998185,-0.00597407288893884,0.005666344356486687,-0.005068086461553963,0.06762079933693874,-2.2865412395754916,-0.6289714075577255,3.106770844962555
-0.00626614476964488,-0.006094390853159777,0.005495528141444169,-0.0052512712587787355,0.10039639886174719,-2.3268880453505534,-0.4766989862560979,3.1571977360540378
-0.0063008330344385835,-0.006049738957362392,0.005540260299838542,-0.005184204840976008,0.08942842771850253,-2.309654555208016,-0.5212702851690452,3.131957670836641
-0.006333070441028694,-0.006007114195614852,0.005580315141666187,-0.005119589604605888,0.07928206759147445,-2.2917431237985038,-0.5618869025467078,3.105665984965053
-0.006360043083612092,-0.005975450185107935,0.00561383039423757,-0.005071161885803262,0.07133687154770789,-2.2786134643337443,-0.5941151907658209,3.0872766083934455
-0.006171173864627355,-0.006140935009800322,0.005357369236015034,-0.0053148881887661184,0.11732595584816972,-2.320811417848788,-0.3753990727720199,3.1354337313179026
-0.00611967152715068,-0.006124763702768927,0.005277963506254643,-0.005285060509436076,0.11873716020048357,-2.2907017380496324,-0.3364647974666205,3.0783189463737246
-0.006724169938890261,-0.005809999381669662,0.006113987918902906,-0.004772023850574212,0.004526408574771264,-2.2188917469983136,-0.9925071730889022,3.065539897134881
-0.006632938024980728,-0.005867766088410171,0.005997877065761346,-0.004879838975641909,0.023076610283185375,-2.254644389743841,-0.8916762573341096,3.103124953302776
-0.0066687856443291005,-0.005849677221103547,0.0060458763905407754,-0.004845195027725063,0.016436244675726103,-2.2446862796955807,-0.9316107427247821,3.095241353643937
-0.006678978390496808,-0.005811056922736851,0.006045197039687054,-0.004783770385259009,0.011003936989329673,-2.218218147074582,-0.9411295645128169,3.0512354052920094
-0.006579008934236788,-0.005851856649200064,0.005908976717906377,-0.004864286873567267,0.02903338270128559,-2.238037711790143,-0.8320047895455326,3.0601986268843016
-0.008685163500443252,-0.0050833338699730795,0.007931378709449667,-0.002119915849362394,-0.03750454099157241,-0.6376225850914189,-2.4311751024344654,1.3801295848872537
-0.00865476033839379,-0.005086168945763349,0.007911179921810922,-0.002164533235470624,-0.04302397649827691,-0.6691277587718744,-2.4187891325825954,1.411606980517149
-0.008669153687288919,-0.005075413199441658,0.007910008898489416,-0.002136195997420953,-0.03936416777288863,-0.6547538896088229,-2.4164755832088933,1.3928020805143324
-0.00841515060434918,-0.005120235249873367,0.00774677127074186,-0.0025133855690402146,-0.0798432524568015,-0.9125273682936907,-2.313667910402003,1.6592271817467776
-0.00843630881103638,-0.00512820413156827,0.007774824176638501,-0.0024933890955237373,-0.078609372655687,-0.8917934988777857,-2.3339601242504995,1.6436115957810997
-0.00845043578583605,-0.005119299893194544,0.007777583805470209,-0.002467070519241392,-0.07594305047252772,-0.8773790133248076,-2.334770484632399,1.6256092305253165
-0.008532297652364238,-0.005103158759064037,0.007830787564579535,-0.0023452092899856614,-0.06362982301910876,-0.7945916693141609,-2.368677212410462,1.539301205286238
-0.008469198294304264,-0.005122306696567498,0.007797637526875559,-0.002445273096289747,-0.07408276229720612,-0.8586345853532381,-2.3488314011611213,1.6093685413823589
-0.008513235790629804,-0.005108736301485172,0.007820799447061188,-0.0023753492867198927,-0.06686784841126926,-0.8139524971265155,-2.362730495298011,1.5603860152171072
-0.008491959803097774,-0.005115208843367044,0.007809665328819372,-0.0024091089309745853,-0.0704073515508659,-0.835550966399664,-2.356079213990093,1.5840264533537758
-0.008580853869050612,-0.005093136421779291,0.007859968058733515,-0.0022715265391173465,-0.05550394523344758,-0.7451465673965413,-2.3866303428016447,1.4874575370240852
-0.008565954451322414,-0.005094690571302398,0.007849440030618647,-0.0022929488544927257,-0.0578884875244575,-0.7603692409345596,-2.3799194177785528,1.5026909663134755
-0.008549681539387998,-0.00509790473525379,0.007839513015948254,-0.0023175150233303754,-0.06057235576190039,-0.776925561800066,-2.3737854023975022,1.5199789945993631
-0.00864178074061107,-0.005076487950887212,0.007889950306457704,-0.0021749094060924475,-0.044056254565981924,-0.6830157097919701,-2.4037962044521444,1.4203048988960314
-0.00859218707003903,-0.005083131403055525,0.00785787935497873,-0.002247993373176069,-0.05258298135865604,-0.7337572553246937,-2.38390401209355,1.4718326035631604
-0.008625209153317418,-0.005077980413250559,0.007878563890314825,-0.0021988472994852923,-0.04689001585864872,-0.7000445797241951,-2.3966555852963443,1.4372563931186375
-0.008605832209922287,-0.005073988245666127,0.007858553950032111,-0.002222086975430745,-0.049481006252109654,-0.7200214070934099,-2.3831169350199484,1.4544198406808995
-0.007644975428005802,-0.0054073129725749035,0.00717669530841127,-0.0036759836210063413,-0.11951615193123699,-1.6500792243268096,-1.896198233912285,2.478545236724344
-0.007666069168834138,-0.005390798496495667,0.007189095124927305,-0.003635959977373464,-0.11976248418729372,-1.6283528748177736,-1.9062052493946096,2.450334684819713
-0.007596375121859715,-0.005442942313216855,0.007144551036563549,-0.0037648073562689924,-0.11817155713256823,-1.6989811276881917,-1.8697998304100463,2.5408981539913094
-0.007573312535781787,-0.005449374515111083,0.007119227578309532,-0.0037926193802419335,-0.11647101091878047,-1.7171856211387178,-1.8489334666973838,2.55918865457739
-0.00750290548516681,-0.005494583853974277,0.007062576565455561,-0.003910938365744079,-0.11203162459617345,-1.7838066132991546,-1.8012279005781393,2.640902020860796
-0.00752528465836922,-0.00547573325458408,0.007077050019852549,-0.0038673202945427644,-0.11333767928939921,-1.7605252775963838,-1.8136911407158511,2.6101743806340814
-0.007549037887332979,-0.005460277088447426,0.007095961492404399,-0.0038271840751640724,-0.11476553084234366,-1.7380300603165357,-1.829617595719293,2.5824994251024833
-0.007603751990922485,-0.0054202604548487755,0.0071339064905734636,-0.0037282645608311825,-0.11701378348602855,-1.6837411279549757,-1.8612447753538104,2.5134584655157783
-0.0076173368623662155,-0.0053982611474403435,0.007132063034624357,-0.0036877052235058457,-0.11637316006821434,-1.6648617734467195,-1.85989985262091,2.4839297356666226
-0.007471707318350271,-0.005486335955005188,0.007012077614434025,-0.003923303268210943,-0.10793056697622862,-1.798108766517206,-1.7596425563477551,2.6445501688692965
-0.007444859368187662,-0.005468819001628134,0.00696011584818876,-0.003918897936493601,-0.10395820378236145,-1.804019820586484,-1.717691369018624,2.63520185019373
-0.007411681346629982,-0.00547030865783037,0.006915359393503732,-0.003944790690588303,-0.1003822123934661,-1.8226543011233445,-1.680851565466643,2.6485783055228933
-0.00812383865206289,-0.005259651704707788,0.007607620061548209,-0.0030093972589190876,-0.11802877230305088,-1.2090788492872042,-2.228085807489553,2.0080587466925732
-0.008185497781599955,-0.005228579070356222,0.007640102012171464,-0.002903626119764118,-0.11161632043982614,-1.1459063815422024,-2.249162022627132,1.9329872494534368
-0.008171124019780596,-0.005229813484592165,0.0076262595346598405,-0.0029219528396454684,-0.11239524156882803,-1.1597197813985245,-2.23907298653563,1.9463677175858949
-0.008154285051353323,-0.005234704645489295,0.007613620659231435,-0.0029469516655490666,-0.11366996920303056,-1.1763392894837217,-2.230192919024009,1.9642948098702921
-0.008138212798560831,-0.005245828841402185,0.007608334113469522,-0.002977674980306095,-0.11571948429319533,-1.1932449398636968,-2.227316356197339,1.9858980537308415
-0.008285989343282587,-0.005179506265230732,0.007689232216494016,-0.002731889873066564,-0.09922824779292427,-1.0433880048635702,-2.279752421546608,1.8118912326823329
-0.008245940343262221,-0.005203086127686727,0.007674859879371003,-0.0028045516884932335,-0.10503109278383127,-1.0846846620092443,-2.271937620165049,1.8627020379151424
-0.008260180242697965,-0.00518926526067586,0.00767414967470443,-0.0027732390318015465,-0.10218758300883278,-1.069387620838464,-2.2699574987076043,1.8411921830225724
-0.008229700835767228,-0.005205653962142136,0.007661086816902051,-0.002826851275313328,-0.1062734114052926,-1.1006252374041063,-2.2622046158774154,1.878843156717046
-0.008212095656647574,-0.005210753993579908,0.007648506851271961,-0.002853277518458677,-0.10790934254175875,-1.1181132232459985,-2.2535505842032264,1.8977388364586647
-0.008196671419272144,-0.005219220901980671,0.0076416629870292374,-0.002880513677019039,-0.10979535541349113,-1.1339532831287291,-2.2493803561186,1.9169039579818408
-0.00810728669546178,-0.0052512360697404325,0.0075805052569984125,-0.0030192989875031,-0.11725100589789776,-1.2229728015224701,-2.206988665860313,2.0160192359760463
-0.008088519343579747,-0.005249735701819275,0.007558301947840215,-0.0030390435058995084,-0.11751603625904253,-1.2398883726649215,-2.1901788027560283,2.0305464672957787
-0.008071508370460166,-0.005238274958779203,0.007527475485165487,-0.003045552664649067,-0.11620360073970652,-1.2529935149489402,-2.1659690518239505,2.036026185242568
-0.008006258604047278,-0.005231092121404092,0.007447310753336614,-0.003108930501839388,-0.11572270832998263,-1.308637071099367,-2.104414090969008,2.082010450469103
-0.008041831517189532,-0.005226909618664963,0.0074828138349106715,-0.003065767184299769,-0.11493800676585507,-1.2768831229640885,-2.1312089498534994,2.0512806303574624
-0.0077147175824369765,-0.005385896489914606,0.007247541391809986,-0.0035860425649632973,-0.12292788847945464,-1.59139003937013,-1.9534444172006913,2.4174288947543676
-0.007732652805010214,-0.00537101523325708,0.007256415544746315,-0.0035505017491401793,-0.12268514840045165,-1.5723017224710458,-1.9603006364436302,2.3921911950818706
-0.007796181634161101,-0.005338693489517118,0.007305401496978136,-0.0034500126015781563,-0.1230026993928139,-1.512240042059589,-1.9986716934898288,2.3219127510599353
-0.0077757081980284705,-0.005352439593302822,0.007293121455486085,-0.003486714454069219,-0.1233776719449046,-1.532894535146186,-1.9892865311398913,2.347783716553336
-0.007752232802949645,-0.005359980468218604,0.00727077695205513,-0.0035183098333144355,-0.12280570006126003,-1.553468451373753,-1.9715869869159075,2.369631263744275
-0.007794752921028003,-0.00531415035083722,0.00727998598185543,-0.0034210169889460074,-0.12044863003391985,-1.5045891994703917,-1.9777918424194116,2.300348278395422
-0.007813867004524239,-0.005305233041818698,0.007294860424280194,-0.0033917882759349617,-0.12036511894759912,-1.486865756448916,-1.9893190350074235,2.2800101594505278
-0.00782939378790805,-0.005297131900813029,0.007305938881434204,-0.003366916272777879,-0.12015908138624218,-1.472124415633431,-1.9978145212453202,2.262652569883829
-0.007886571888387003,-0.005294621652523048,0.0073723159022889345,-0.003307250517845255,-0.1216864089691403,-1.4260036069311541,-2.049788127436308,2.2215706295945683
-0.007855189103023746,-0.005300199696503394,0.007340141211946092,-0.0033453360518149464,-0.12131787430711517,-1.4529494844755537,-2.024774468624781,2.248099021074474
-0.0079730251291353,-0.005218986925947546,0.007397602069776912,-0.0031304102494508408,-0.1142113490185384,-1.3335152736528342,-2.0657318229301347,2.09742994838787
-0.007953900647955068,-0.005233576116125945,0.0073903628126840695,-0.003166920417484422,-0.11588671209666836,-1.3532202646737872,-2.0609205003337085,2.1229162175607286
-0.007936205402053859,-0.005248596596369507,0.007384935254238936,-0.0032024931264987267,-0.11731679919019385,-1.3719375557154367,-2.0574734818744846,2.1478376231013434
-0.007911827302722966,-0.005252426423110736,0.007360396431116565,-0.0032318529355425504,-0.11752603675549254,-1.3928789307416827,-2.038644113053579,2.168320325526972
-0.007886471291081004,-0.0052603394552708784,0.007338423408315649,-0.003266674228243879,-0.11783621943697455,-1.4155473296222267,-2.021894984867757,2.1925260175580097
-0.007687451198853473,-0.005372752500441912,0.007200079832386152,-0.0035936829908493908,-0.11977393894660736,-1.605799929232712,-1.9149249863727185,2.4204633934681357
-0.008301701997971924,-0.005162740241911496,0.007686345972277715,-0.002696039428251926,-0.09571486123270796,-1.02653236211917,-2.2759290677593538,1.7875384943052215
-0.00828367784209845,-0.005155353855723286,0.007660629943133658,-0.002710875692315737,-0.09601226397062193,-1.0431135152392068,-2.256741134723331,1.7992126379672988
-0.008318576665636407,-0.005149930642015399,0.0076887539811008945,-0.0026627603284103715,-0.09263060359655656,-1.0090299714501259,-2.2762918742625864,1.76465565753073
-0.008338596512771466,-0.005135612192851088,0.007692326465268466,-0.0026242182835305556,-0.0891321086179699,-0.9884063476867105,-2.277289212275134,1.7381284731218274
-0.00836067672346232,-0.005120220498931103,0.007696396119994005,-0.002582192947747154,-0.08513276602430044,-0.9657881388366264,-2.2785271793024897,1.709259925189355
-0.0083878532544583,-0.005109245851980651,0.007709668392121215,-0.0025379430755702414,-0.08117852874685398,-0.9386354554902036,-2.2866860071515895,1.6783704762328353
-0.00873277265081366,-0.005085660067061641,0.007969790287063001,-0.0020543323534854842,-0.029122548395385448,-0.5875146226968061,-2.4554521880858338,1.3331902185749576
-0.008746818693677199,-0.0050720378056228815,0.007964284028485216,-0.0020243318008377822,-0.024958662939331997,-0.5738652993958503,-2.4499378968974206,1.3137636397507213
-0.008761328398850132,-0.005063279783800594,0.007964636982639989,-0.0019973119411499335,-0.021256125328352304,-0.55937174895359,-2.4487851366819657,1.295812033107065
-0.008776617973303756,-0.005056427729937273,0.007967618952193322,-0.0019705848361938894,-0.017572020010426858,-0.5439234890359445,-2.4495369323917036,1.2778405145068803
-0.008792475333703793,-0.005050970923921216,0.00797246695057388,-0.0019440378205745014,-0.01388092690880601,-0.5277738419486812,-2.4516332890656773,1.259848034338775
-0.008808667961195239,-0.005046696069322984,0.007978759049713917,-0.0019178127386940806,-0.010196226788694638,-0.5111708209560585,-2.4547710808775647,1.2419672021638364
-0.008825074791690299,-0.005043254020482908,0.007986001745208,-0.0018918102962114014,-0.006513309141038405,-0.49425854046827306,-2.4585895358763064,1.2241728699528132
-0.008841333068537896,-0.005038759629467481,0.00799176498758618,-0.0018652683286002755,-0.0026633061835604284,-0.47760577855127356,-2.461321150398758,1.2061490583710304
-0.008870512127955567,-0.005038967416001173,0.00801130969804779,-0.0018229656098325013,0.003599870063255408,-0.4468019772878251,-2.472952489399909,1.1766725912631195
-0.00885556947914185,-0.005033651471442581,0.007995322234688214,-0.0018412271975045008,7.713175526781011E-4,-0.4631648538149936,-2.4626142518139154,1.1899809715677538
-0.008715198402146473,-0.005076101037507133,0.007945694796161175,-0.002072189190180623,-0.0313226964695626,-0.60671190983731,-2.43905071182397,1.347137050601442
-0.008698948614707618,-0.005069769982463633,0.00792623151187015,-0.002090308688005039,-0.033549705413499054,-0.6241250192385809,-2.4259089431974665,1.360865502832281
-0.0050503197758072615,0.007102395204252817,0.003587298746655723,0.006230376030085129,0.28073123000833383,-1.988257278844296,-0.7387947230788606,2.63707151826099
-0.005150159242593961,0.006978755306670129,0.003767898991399258,0.0061343909133299325,0.2715606444527026,-2.042458860450424,-0.6401969614071029,2.7067382788077836
-0.005101503266252133,0.007034877496264813,0.0036822453392876928,0.0061771880131214615,0.27558207138090957,-2.0167119578529653,-0.6859597103529941,2.6729480155927785
-0.005199020746799845,0.0068627692469101975,0.0038771715955153137,0.006014444473242801,0.25532588673453754,-2.0593401981041173,-0.5506534166163483,2.7182522958501165
-0.005128726971724603,0.00690302143013366,0.003773639560514804,0.006029675584162979,0.25610577541819485,-2.0224635047310113,-0.5896141651633816,2.6635078926725737
-0.004968976808775735,0.007138007696955941,0.003472729643849934,0.006226128494584691,0.2760913837863868,-1.9402245275986727,-0.7666217899262912,2.56385178490566
-0.004896375668612409,0.007168782874648005,0.003372835872272561,0.0062200660583037045,0.27048716343458284,-1.897976845867756,-0.7880333579707424,2.4995574364188813
-0.004639731608577546,0.007313563211762475,0.0030131915322405838,0.0062294318969151816,0.25306914573429085,-1.7496060102024045,-0.8695487865578119,2.2843410655398877
-0.004808263656386539,0.007219587598003533,0.003246640561148164,0.006226446907210131,0.2655947382434538,-1.8464543624293697,-0.8202472486003085,2.424573991206803
-0.004700448695106231,0.007241251302564596,0.003117783112435141,0.006188205532664539,0.2538138215299191,-1.787554752975606,-0.8281122451696288,2.3332941814405954
-0.007303190849185295,0.005506080699076272,0.006791273596661293,0.00406758805111946,-0.08858229977792052,-1.8947608499687953,1.5771819665004518,2.720210077326335
-0.007313766299783749,0.0054693392193048045,0.006778334918892182,0.0040092407501973225,-0.08872015360568408,-1.869274153525214,1.5695230377155003,2.6761260365306785
-0.008020913492686518,0.005214517181344894,0.007446887306842988,0.0030746502844259875,-0.11354434709662985,-1.2920619477450368,2.1030521038774874,2.0580683924225127
-0.008002557113141774,0.005226177444444329,0.007438160384601894,0.00310735673119665,-0.11502834358314377,-1.3105374304579516,2.0971109943684607,2.0809805069913683
-0.007978261336224595,0.005226683322580298,0.007411228595375614,0.003133643306365223,-0.11509471770915426,-1.3312183028288704,2.0764746787464268,2.0996372860679897
-0.007953651369669362,0.005248018867474076,0.007404501855486146,0.0031837650703467483,-0.11746333320582301,-1.3574200759796715,2.0724859268419737,2.1347430043061597
-0.007952271404838451,0.005217625724079617,0.007372683980567075,0.0031503938067216158,-0.1139236243159288,-1.3502252059912156,2.04644875448131,2.111425004263295
-0.00789987355846323,0.005276737251419674,0.007370379044985917,0.003272542401319158,-0.11984888402464033,-1.409768804349059,2.047424313788049,2.1969891452758676
-0.007923985755170435,0.005258626175058399,0.007380719982452902,0.0032266968499701687,-0.11838925775731102,-1.3848435144337323,2.0546295209318335,2.1648398810825715
-0.007839772356427134,0.005272806411753561,0.007294991265002641,0.0033275053888752195,-0.11768231285675525,-1.4561069020752342,1.9883486558595436,2.2346223232093294
-0.007869634128868024,0.005269528573528632,0.007327455527067344,0.0032942968616862544,-0.11833829509395087,-1.4318182231275995,2.013600216369365,2.211896942142017
-0.007811210075982216,0.005277973495157281,0.007265538591965478,0.0033612014655908483,-0.11719578021072576,-1.4796400939404792,1.965355968506145,2.257666407661317
-0.007782637786332101,0.0052831104474700685,0.00723569800692113,0.0033943939338962645,-0.1166991195266525,-1.502725513749253,1.942000939848817,2.2801594559372518
-0.007761070042300235,0.005297694664637633,0.007222916305478731,0.0034323194178412066,-0.11690383074776493,-1.5238015834601548,1.9321673681786742,2.3064913543930934
-0.007709457009071744,0.005318576271579227,0.007178060460694976,0.0035051632857010526,-0.11603309915251381,-1.5686597321912679,1.8967597369711588,2.3561281230532933
-0.007735990872856549,0.0052990741312679765,0.007193208721940667,0.0034569561015489673,-0.11589784845013186,-1.5424317364230526,1.9086040139721538,2.322789035750344
-0.007679016194642119,0.00532627818167736,0.007146705809461959,0.003541750034888921,-0.1149981380396579,-1.592699682566197,1.871817021691708,2.3803157970975537
-0.007657908916139495,0.00534308275022938,0.007135007240793641,0.0035814580111836426,-0.11480467103437737,-1.6139276914125458,1.862412590308427,2.4078664695530643
-0.007629416687541256,0.005351005556569979,0.0071055017639192475,0.0036159135907864385,-0.11354215495989217,-1.6362191855765646,1.8386869114816289,2.430485778513107
-0.007594046076993159,0.0053530867777268586,0.007061579477544224,0.003648011215932587,-0.11093292672778611,-1.659759074856283,1.8034802808855142,2.450022701997193
-0.007333292461143087,0.005431344494663782,0.006776658833209173,0.003944104945162404,-0.08976352020005905,-1.8395784194700742,1.5710250062201916,2.6293139410242468
-0.007559189701633852,0.00536168265445303,0.007023595845358361,0.0036873474000248796,-0.10875516877566137,-1.6851349897449672,1.7727760305958042,2.4748727529498695
-0.007424618339346225,0.005422250704934784,0.00689434232711941,0.0038696022295429257,-0.09956483720308022,-1.7905513484220765,1.666385484332263,2.591695817704913
-0.007452152533651699,0.005409390704752311,0.006921217105968197,0.0038323738784860834,-0.10158071638313797,-1.7694863806135046,1.68863357288572,2.5683042219292815
-0.007384710445384132,0.005411445300002287,0.006831574062489582,0.003882731277119688,-0.0944637621850598,-1.8049807897648331,1.6162904810727574,2.5932418066262506
-0.007520839659702198,0.005371100950554031,0.006981192109987644,0.003729764226735183,-0.10602482229327755,-1.7122955251608454,1.7383748158582641,2.5012664356023673
-0.007476610356087017,0.005381490442589123,0.0069311947886217746,0.003776991697641968,-0.10252469661059818,-1.7422638112597257,1.6978473146383233,2.5298178745814357
-0.007178579878098272,0.005595642039553138,0.006676899849499796,0.00427048879501266,-0.07302199533486321,-1.998188052614797,1.475142186825989,2.8483798062438237
-0.0071982181803815215,0.00556527499813823,0.006684135020832163,0.004215220821562073,-0.0755346428160102,-1.972310484599834,1.484463850582433,2.809361562391366
-0.0072670371193752905,0.005517302782894109,0.006748348308511959,0.004105945275601541,-0.08431669767062798,-1.9166749561156546,1.5413223734413808,2.7410666020548042
-0.007226628121578695,0.005533977305350048,0.006702767533552917,0.004153806704863241,-0.07934719626497054,-1.9426560675856739,1.5028196231977728,2.767963054017407
-0.007138737867489195,0.005589515470333482,0.006614162645622076,0.004282763250506604,-0.06743127538765013,-2.0075175578213487,1.4249110928645725,2.844704374801378
-0.007105819843897479,0.005577639744434847,0.006558120923506182,0.004282181872380927,-0.06280284653236778,-2.0099843552617824,1.3814022393466452,2.8328514473274353
-0.007083582093685268,0.005584790520855393,0.0065303363279123955,0.004303564744307684,-0.05967521542531846,-2.0206925088038683,1.3582286750055597,2.842258883165656
-0.007058400025713424,0.005593341785374668,0.006498990078725791,0.004328061107602109,-0.05602705515079448,-2.032647452528185,1.3321600194785594,2.85293075544826
-0.007033397841280276,0.005585517744224966,0.006457590801653983,0.004328156225058049,-0.05255129145770619,-2.0335579605130936,1.3003771476869481,2.8433844794012053
-0.007001585650673165,0.00559841650958626,0.006419007954004124,0.004361031883611199,-0.04780135979313699,-2.0488784421051114,1.2681378300962642,2.8580389824948824
-0.006959098432581069,0.00562543750635313,0.006372630706569028,0.00441842719689231,-0.04106116965341183,-2.0744358169816355,1.2278284789222902,2.887562281786736
-0.0069106028421382654,0.005635631977688445,0.006306966812140812,0.004452306976262647,-0.034200369388988655,-2.0886514066977653,1.1755613380064105,2.894809717594987
-0.0068830185269768114,0.005663948300123227,0.006281660996710985,0.004504196160970223,-0.028917117813021257,-2.1108744773310053,1.1510423219239316,2.9247791743086355
-0.006856439238597531,0.005691342743421439,0.006256601494825739,0.004554182812048856,-0.02310027320881679,-2.1319769341206234,1.1265399734895212,2.9534210201945763
-0.006818830606812996,0.005705044541971403,0.006207373429746117,0.00458678205856742,-0.017375249237428534,-2.1441799144209512,1.0862656630859233,2.96242778458867
-0.006772645634888282,0.005714277251004454,0.0061428343321707525,0.004614286068024428,-0.010197331915943913,-2.1526892799067063,1.0359287915202273,2.962764665795422
-0.005553307822817138,0.006644235034032957,0.004416689067550757,0.00588637986139252,0.2359372230974012,-2.2287280546286348,-0.2976467950585551,2.975776659883056
-0.005584352155241489,0.006577141526568721,0.004475326095966432,0.0058054356832215525,0.22304714431748715,-2.22572101493308,-0.24094224373900833,2.9653836588335616
-0.00556352582474016,0.006520282867133903,0.004458136257189074,0.005719195991488771,0.2105684477699738,-2.1951784867386044,-0.2140931289003874,2.9087556878163188
-0.0054771774776378995,0.006657131233253855,0.004308747650952016,0.0058724985552637415,0.23550007939479034,-2.185869698412312,-0.3361390843596806,2.9048463089662544
-0.005182037058749935,0.006783747455361359,0.0038852068092431135,0.005907472580284652,0.2408966554845601,-2.037913319108213,-0.5010301470727452,2.674430502115945
-0.005400001873528416,0.006703523857485124,0.004191967184913167,0.005901795378779449,0.2402067256461645,-2.1508781074722916,-0.3933277687980103,2.8509688485532325
-0.005318008352375691,0.006749333982481482,0.004069942063701307,0.005925512608012419,0.24404207173565237,-2.1116094092197097,-0.44734310672923544,2.790798971556931
-0.005219483864726983,0.006717136129973912,0.003954594816881026,0.005840780035171896,0.23153827704858337,-2.0481561074150214,-0.45064648562681636,2.683970431891396
-0.006725876210290305,0.005729092276279608,0.006079911193642943,0.004648996663606116,-0.002727279619643315,-2.163375993362719,0.9861055716071309,2.9677238169676596
-0.00592313246473021,0.006333132761167832,0.0049934463929348465,0.005560778540081113,0.16963571120794918,-2.3144960392587923,0.09606055217326352,3.1101271218938815
-0.005973878546366143,0.0063188389440498255,0.00506941899524475,0.005551293551758309,0.16481902604617119,-2.3332196972008217,0.14058142632733303,3.144486143563443
-0.00608724070368445,0.006252243812729718,0.005239525346331976,0.005472984013567882,0.14474126978180069,-2.3512239147991187,0.26094971658543886,3.1817203241635883
-0.006034607671022337,0.006257018475026145,0.005159894453401804,0.005470787567375789,0.14879708603199246,-2.329273393322291,0.21591121168098396,3.1399324577749286
-0.005990080194265167,0.006269990047270054,0.005093506164108922,0.005481619099951019,0.15346533967343778,-2.315069373193109,0.17545775778266903,3.1128568230846727
-0.006164352834263825,0.006174994505867305,0.005350948771855629,0.005366006978458688,0.12392849871859292,-2.338747580257874,0.35766300309597776,3.1660863971387117
-0.006115758592888275,0.0062016706586708464,0.0052794496462000235,0.005400334082102165,0.13245859529523638,-2.334265474873772,0.3053722356829606,3.153867139023479
-0.006213813405023559,0.006106152464985134,0.0054174045139295975,0.005265798062126647,0.10733154815676338,-2.315599783929782,0.4246740992306206,3.130907463736165
-0.006164114169739793,0.006118469292424658,0.00534386360372183,0.00528015456201101,0.1135553107056244,-2.3044563322053744,0.3765846313907653,3.1062618585312545
-0.005583903016112538,0.006471762180474235,0.004494961828333362,0.005659729254789099,0.2008243238461132,-2.1900714236149468,-0.17626842817167418,2.8971137820835557
-0.005844137487763147,0.006339150262320707,0.0048773169032959056,0.005550032891096385,0.17298887727715226,-2.2765528846890954,0.03999394043191175,3.0414722530093887
-0.005649905772630163,0.006434761473140196,0.004591859517867488,0.005630103313814409,0.19503932383609013,-2.21259603175946,-0.12399020309346101,2.9338851274027933
-0.005723246304674615,0.006384422179286645,0.004700741784461538,0.005581824978633929,0.18472210906784856,-2.2324162433544537,-0.0572970360479192,2.965911903036434
-0.005793382861394209,0.006356394099682519,0.00480299452360651,0.005561558335500622,0.17835299254248407,-2.257720920260017,-0.0011866937800940043,3.0088606873472545
-0.005879700711885716,0.006299294068044237,0.004930727532725706,0.005500800968826079,0.1639535817040941,-2.275564571684264,0.08308416644626887,3.039832313966078
-0.006524180849871334,0.005907676268794423,0.005844820854406053,0.004956892045536697,0.042629898995336715,-2.2687695593448396,0.7709211948869304,3.1012747110922416
-0.006496118802922789,0.005951552217667074,0.005815794044199406,0.005027379943613824,0.05231401920991762,-2.2938606055636104,0.7373185043918822,3.13911667011123
-0.0066785105448072,0.005750582740508825,0.0060186577813139625,0.004692501546998864,0.0053767040980993224,-2.17695314965537,0.9364647687712232,2.9784187109437386
-0.006629566284896002,0.005773771714446914,0.005955122392881842,0.004737527672787307,0.014024329620223446,-2.189963584380384,0.8851142720565842,2.9885168738023338
-0.006584835833238163,0.005799450191584903,0.005898203185559025,0.004784168093813201,0.02236151285020754,-2.2033055896701335,0.8384443835126695,3.000968811352117
-0.006503926606380949,0.005856250916681306,0.00579689516712074,0.004881058955310407,0.038764646481942354,-2.2305554912518697,0.7528320997225735,3.0304602257670017
-0.006542893816036184,0.005824696572171909,0.005844587948311198,0.004828549592901992,0.03045308329678603,-2.215274961001994,0.7941895100372419,3.0123091030557307
-0.006446831232894436,0.005958837396564447,0.005741897184777428,0.005042203813350681,0.0592537869868315,-2.2886562298743214,0.6842631831799438,3.120039578381785
-0.006398493765544192,0.00597450512747395,0.005672112341301938,0.0050685848019414595,0.06714095528496987,-2.28788251577186,0.6324997770039423,3.109724169645998
-0.006353192420316098,0.00599555645123892,0.005608243819308385,0.005101838162575136,0.07549051771283098,-2.289910675024846,0.5837532498311352,3.1056125330847872
-0.006302191174413746,0.00596823280795755,0.005525072122816725,0.005061027119212708,0.07644361078041338,-2.258205789506515,0.5405830636512486,3.043089911261646
-0.006225813863176447,0.006054567194690343,0.0054273325427562245,0.005188569644866363,0.09750128572865584,-2.288028252581729,0.4501917153901465,3.0844839689605354
-0.006250281532044518,0.006001587504715829,0.005454490481259614,0.005110191593343592,0.08638596386405209,-2.2635365986317306,0.48568649787234813,3.0452401089049084
-0.004511182696730503,0.0072621935391341584,0.0029104554630525535,0.006104674630195755,0.2304531602543771,-1.693217577584431,-0.8238256457349559,2.1853144294057887
-0.004423218456178871,0.0073351804499364555,0.0027832408971057427,0.006128532161237667,0.2248975689262878,-1.6442818107620776,-0.8563589436994455,2.1185043992508317
-0.004334107685549549,0.007421110825425019,0.0026489952067188117,0.006160845925891916,0.21897193000530066,-1.5924071632446186,-0.8924130836180227,2.0492909116140408
-0.002183300380229275,0.010553579333624405,-2.798349746720123E-4,0.006052375058477787,-0.08666734057891874,0.16561325569057847,-0.8270347088744172,-0.08828320756848268
-0.001789912636847211,0.010629420769344452,-2.526858806990695E-4,0.005893031279710901,-0.09336820377485049,0.17791659112798577,-0.6571545988466995,-0.12918534415379382
-0.0029937245212218696,0.010023093673922864,-2.0571387949318056E-5,0.006516421628718441,-0.03558429278020444,-0.08752577908375246,-1.225445133775045,0.25993512166192106
-0.003106655146671378,0.009772289935851105,1.754259471800628E-4,0.006579003934426738,-0.009297996116744573,-0.2370044315760982,-1.2690694648492313,0.4313092535880125
-0.0027288173801301493,0.010034347124073896,-2.6090512124853483E-5,0.006360833193549097,-0.045705755344288106,-0.08187498782492948,-1.0890565078920933,0.21904384061861978
-0.002409263204172473,0.010186200995354496,-1.0900100996015538E-4,0.00619131194287162,-0.06463031263637974,-0.008320151622031665,-0.9378037292650127,0.1069960428190614
-0.0034966678735325767,0.009424969046212766,5.259766428089541E-4,0.0067973151734765855,0.052208614395233166,-0.47430935278200753,-1.431481808452537,0.7476555379144028
-0.003277145805601921,0.009562573711694968,3.6506278511852123E-4,0.006667693201798205,0.0207480358515055,-0.37012017671297376,-1.3353505934508758,0.598549022122422
-0.0036352016146424825,0.008861391720008147,0.0010705241293354096,0.006712066703764203,0.1122664381972822,-0.8238704682301435,-1.347509568524295,1.1384284297001577
-0.003589017282967204,0.008989206366190428,9.408511845696441E-4,0.00673169403868225,0.09745430000254503,-0.7459436534219873,-1.366284555485261,1.048068795925585
-0.003488724342777227,0.00909255851229095,8.15368904149793E-4,0.006697916408992573,0.0797049579914454,-0.6688464246716547,-1.3459590920015525,0.9496071125292972
-0.003430182890281034,0.009233553375588897,6.771706001329169E-4,0.006700870932666634,0.061660963931883674,-0.5796050593336874,-1.3517943002950519,0.8456035747284071
-0.0037247119162902935,0.00833821784499243,0.001543368901000548,0.0064988954388905335,0.14871313117476004,-1.0955508765979305,-1.1839675647382342,1.4343562007881638
-0.0035663209419155395,0.008723567737822102,0.0011539667017026526,0.00660157333407282,0.11218449393111767,-0.8798433115501547,-1.2666630937828358,1.181343436240727
-0.0035685893451523065,0.008556959057982021,0.0012873339873372056,0.006520404794563562,0.11985930197633854,-0.9585065366661033,-1.2070456589109464,1.2633643249598905
-0.003610931205583287,0.008419377382484617,0.0014151262370522507,0.006472905948267632,0.13099551224800784,-1.029459978992605,-1.1720128435796338,1.344362758510819
-0.0038735211379726155,0.008055668936643098,0.0018508630548971226,0.0064080743917338655,0.17339597153368771,-1.2495587696598298,-1.1107148255481178,1.619278659379606
-0.0037103851274049963,0.00817149912581397,0.0016571816165744555,0.006384876512699242,0.14993867579912237,-1.1562215080011453,-1.1069516842578213,1.4917947055291707
-0.0038299582020443835,0.007891388079272428,0.0019324478156470119,0.006262808301647758,0.16717084096348886,-1.2873647994991908,-1.0197020203031641,1.6455000066269923
-0.003958014545892787,0.007803146939305784,0.0020875763687147873,0.006271375186957716,0.18339278493802016,-1.3572867056823197,-1.0133022974456958,1.7413371009977
-0.004083999504149536,0.007727619673903762,0.00223821749108842,0.006285673339298028,0.19875842795768364,-1.4244887693118864,-1.008096503757759,1.8351306160593561
-0.004236348738771108,0.007535773965244851,0.0024909821294121126,0.006210165590839292,0.21205319775944248,-1.5298255953718554,-0.9389781383138149,1.9687590355539695
-0.004068053618044563,0.00759027314916784,0.002311531737368833,0.006161841373793502,0.19274638860903073,-1.4510494647369834,-0.9331548421085959,1.8530625918230885
0.001154593816097772,0.010512673455275465,1.2913657965508366E-4,0.005736444670837276,-0.09092844966802094,0.1050405712556234,0.4137583281089157,-0.08569676197960409
8.023967236151986E-4,0.010804977268221189,1.3702880362784673E-4,0.005631559913823456,-0.10043930123038085,0.2123607149030665,0.2787258360326969,-0.2010595092191493
0.0014925791960075441,0.01026151370232511,8.826653835137707E-5,0.00584209697074286,-0.08082663867951562,0.008076182138256732,0.5471179293502604,0.025406770348628437
0.003550217997387522,0.00719281757156413,-0.002093599315371925,0.00559150424759216,0.12889008949732658,-1.3465441036579948,0.6670564494460297,1.647038427222309
0.003511282357923761,0.006986155920581811,-0.002145761838172076,0.005413459762584263,0.12215173418087107,-1.3607153039423716,0.5883756449617837,1.653360606624002
0.0035405700481709506,0.006807309719413378,-0.0022331289289886894,0.0052795923988263665,0.11923397891225866,-1.384871409647288,0.5316003954990682,1.6790283401862187
0.003394542539792002,0.0073093626233030375,-0.0019245487354812442,0.005617603072511339,0.11909587162338768,-1.2838512530248363,0.6834148727632137,1.5644588327094378
0.0032195194214618764,0.007700259672958972,-0.001618887429714042,0.005817099150292126,0.104684604690467,-1.158336592304732,0.7807355547400965,1.4139686542330792
0.00324786843223325,0.007441828692661091,-0.0017603279515758358,0.005653640464050287,0.10831589633299152,-1.2199772807480744,0.7013596491500677,1.48255932528084
0.002954901353832992,0.007814777537121212,-0.0013971520877941715,0.005774261836267552,0.0839936635716446,-1.0659715801972398,0.7493428143154096,1.2873757825624372
0.002730777670888148,0.00823225489542745,-0.0010700391639246601,0.005904588898459045,0.05705638641943011,-0.8996248867315587,0.7970076018161443,1.0846572113553699
0.0025148179005730084,0.008355630420466465,-9.099555459181419E-4,0.005869956802588523,0.03883557584458349,-0.8218495821940712,0.7559911699305987,0.9811118258265248
0.0027711429128387264,0.007975746283804992,-0.0012163957911521578,0.005789192726418863,0.06526001817451647,-0.9832369218776863,0.7438111806402011,1.181222103874935
0.0023660997598844553,0.008623725351494645,-7.226272651561166E-4,0.0059168647517036975,0.01972536164068407,-0.7066056256191418,0.7579109990330603,0.8426635029612823
0.0023237901520126738,0.009031736681865788,-5.094929190179001E-4,0.0060275918487195206,-0.0012304824412469233,-0.5441029105445048,0.8090964711147958,0.6630714236012533
0.0020167662813606463,0.009215922843035181,-3.516534845253465E-4,0.005947280653220577,-0.021609210393211755,-0.44299182160510364,0.7101998554003108,0.530490464004849
0.001980921735279449,0.009612838698655937,-1.7091551338358112E-4,0.005993426830737665,-0.043278076668752406,-0.2746642038755302,0.7283577380959344,0.34832267467900113
0.0016207175277753922,0.009869990827750716,-4.399160854809092E-5,0.005886611027348132,-0.062249145055102165,-0.1570329260839808,0.5938055922135385,0.20219350978588294
0.0022954927781024662,0.008334583066452697,-8.24962375031368E-4,0.005775573978733354,0.02830224505775969,-0.7946258899879605,0.6795754234342137,0.9350541728010695
0.0041721877714131295,0.006354961852694098,-0.0029258530537036457,0.00507851960245035,0.13495312418929276,-1.5785106120001267,0.39470634585452175,1.9380826335479215
0.003902355008764012,0.006608699576071695,-0.0026061437055582976,0.005229212651774663,0.13396547004578738,-1.4987711104864614,0.4850329725654238,1.8331656518720756
0.003980616250837987,0.006439262898677087,-0.0027259664578341064,0.005100919291487761,0.1306992827277524,-1.5232230493769867,0.4276945813754035,1.8614165815588186
0.003676590691886522,0.006667123935843959,-0.0023918563366150535,0.005207584432473365,0.12393198526782202,-1.4318793538674763,0.4949017615958184,1.7393182754530712
-0.008686555805705187,0.005057856102018177,0.007903238974019134,0.0020985994775284743,-0.03432972748205294,-0.6377386971860947,2.4096206075389115,1.3683378437523948
-0.008797170039599326,0.005033322478979528,0.007955392103750854,0.0019250410150912763,-0.011185891189518982,-0.5244964185632303,2.438461631685683,1.248659018744395
-0.00881382658037058,0.005027406735610927,0.007960058373523872,0.001897177483183599,-0.007334453705801267,-0.5076369675472175,2.440404420823809,1.2298203102628344
-0.00877990673058206,0.005024310111145683,0.007933024658754805,0.001943271108421962,-0.013754730682082411,-0.5432393753373733,2.4233859354811482,1.2625351688768216
-0.008758783612220907,0.0050220785603081,0.00791555011703964,0.0019714480967111367,-0.017564109769872886,-0.5652788348484009,2.4122290068989773,1.2826174342965748
-0.008736219174173875,0.005023430980119012,0.0079008747606617,0.002003976915866479,-0.021922866436701754,-0.5884646855925673,2.403245037887956,1.3054097042417592
-0.008718668309452587,0.00503059043557969,0.007896186477416092,0.0020336340562374096,-0.02577779879862368,-0.606098783375175,2.401279505504596,1.3255298977486973
-0.008698508662388886,0.005029608130592799,0.007880141570896436,0.0020608156056643383,-0.029286338712570217,-0.6268729302708604,2.390977478996304,1.3449273416216234
-0.008454613703521498,0.005093216547425308,0.007752344818444925,0.002438471313283889,-0.07199528445521884,-0.8723558461333395,2.3143835667068533,1.6081478868443948
-0.008598489207433254,0.005074239278678362,0.007852922819010155,0.0022322500614980613,-0.0505465176468752,-0.7275538781667019,2.3794464458898017,1.4617157901145514
-0.008659914357546735,0.005051868327709205,0.00787607422940348,0.002130818287464127,-0.03821584314366228,-0.6654440691896747,2.3914403717988457,1.3920252076242228
-0.008614621904888256,0.005059859592341381,0.007849627436395416,0.0021988680861305013,-0.04633169348546796,-0.7114535895755928,2.3753798014432594,1.4396162057321555
-0.008635520857428747,0.005051627369573981,0.007856850593212535,0.002163979504699848,-0.04220175214947675,-0.6903916212623088,2.3790018484126034,1.4157087411887435
-0.008577942082782416,0.005070775052964919,0.007832324443830587,0.002257136548378686,-0.05320297543841598,-0.7485178939241931,2.365469192561901,1.480034967861351
-0.008556678478177135,0.005071094278957582,0.00781518537272972,0.0022858239366159213,-0.05627287360038793,-0.7700053475425697,2.354176172138254,1.500612213177165
-0.008530947540687905,0.005069085957053168,0.007791467789201436,0.0023182178104903454,-0.059623057298778696,-0.7958686095211105,2.3380886750849394,1.5242127882357477
-0.008505479958757707,0.005079314633787169,0.007781229890175469,0.002360332587557506,-0.0641015942177111,-0.8214489158692153,2.3324126146184025,1.553326919373655
-0.00848757863956486,0.005068549042501496,0.0077539362245260725,0.002374371982270169,-0.06505462913775724,-0.8389344251622999,2.3126498280595054,1.5647364891217548
-0.008467010092372461,0.005069352124365701,0.007736974469028581,0.0024015666329258,-0.06755827467380705,-0.859200610192775,2.3011753175395806,1.584257895169111
-0.008415498523103832,0.005122731182858904,0.007749853217271959,0.002515214212390902,-0.08007403400649567,-0.9123059636167883,2.316105303319214,1.6602730401275179
-0.00842817253422753,0.005095367616669307,0.00773114201365268,0.002474260325095477,-0.07521762143422482,-0.898438848462075,2.3000387000172657,1.6337801746592735
-0.008339943300876994,0.005131815736774252,0.00768947009814549,0.0026189320976501194,-0.08852666253550569,-0.9867380397821306,2.274903732710713,1.7346803654198895
-0.008364469425309629,0.005129241889233549,0.007709821092815943,0.0025859025085565985,-0.0859469850132409,-0.9627829108813081,2.2889399633687013,1.7109471509435397
-0.008389453908019118,0.005121710032711284,0.007724816425729656,0.0025474208069067553,-0.08262463794196641,-0.9378827851006423,2.2985900992080635,1.6838335707594965
-0.008297910691055729,0.0051482103504671105,0.007666825166391943,0.0026865051998032734,-0.0940846312868321,-1.028726526674154,2.260481095778081,1.7821676034650125
-0.008314684085243855,0.0051202989985696295,0.00765287730209027,0.002639025310025057,-0.08898762004346324,-1.0099376991511055,2.2477227576033303,1.7505981635168448
-0.008271421604058167,0.005148831313907699,0.007641511008637415,0.002719311608065918,-0.09600158829449333,-1.054000499144588,2.2423607049141103,1.805989893935646
-0.008245264628378058,0.005152381465831306,0.007619329974726508,0.002754237691279018,-0.09815419679167918,-1.0790789103550968,2.226652241249495,1.831064454224282
-0.008218870161492536,0.005156442555438061,0.0075970947797679685,0.002789628994702587,-0.10023687393714563,-1.1042521302671322,2.2108170669020843,1.8564172215559651
-0.00815461161638218,0.005195106380199256,0.007571699635187812,0.002904551551097309,-0.10827861526623052,-1.1695274334561778,2.1955454431002575,1.9366832066148814
-0.008129202218907682,0.005201180262527918,0.007551170870768296,0.0029401511008770864,-0.10995831965430815,-1.193769173767713,2.180801241680759,1.9620793604981017
-0.00810599049146296,0.005212026179024081,0.007537642510284061,0.0029781458209963752,-0.11203180825035887,-1.2167707005415638,2.171581571543579,1.9888590975538876
-0.008046544705239514,0.0052051595151468375,0.007465730657363352,0.003036573022674654,-0.11217536042656152,-1.2678727074638216,2.116773941708439,2.031306071932924
-0.008077386430997455,0.005199889377548402,0.007494041427449439,0.0029969757874055347,-0.11095603824832587,-1.2398608657997225,2.137813606174975,2.0032294336005703
-0.008191544069741997,0.005162064554387782,0.007575186922155604,0.0028273686440835884,-0.10232259301068587,-1.1303135907132005,2.195274750305371,1.8833411238463242
-0.008162867858652521,0.005166927533868937,0.007550672933080677,0.002865544476210915,-0.10421268505164838,-1.1572870871509744,2.177606283935918,1.910642463344649
-0.012163799372590291,0.014678610953128512,-0.00728190471263647,-0.003367323231418738,0.19957721894523317,-1.500091083969581,2.4512620735301014,2.598169504911253
-0.012116656744849776,0.014693672868136321,-0.007324388342316687,-0.003302567848221774,0.20045734225609588,-1.4535465182347969,2.4957497751512867,2.555901875617692
-0.012141445528651667,0.014687558871412843,-0.007299791776333198,-0.0033343421724247283,0.19966258452618704,-1.4771354667842564,2.471193711781055,2.5758782482671196
-0.012250630148303838,0.014646200781946006,-0.007206231900515003,-0.003490201673450675,0.19866843486327682,-1.5855582021391517,2.3693824163704327,2.678420692451567
-0.012184885088894757,0.014668945039718087,-0.007266336591918879,-0.0033998941979471284,0.19950949937259252,-1.5222791552576227,2.4329968619895634,2.620584035632623
-0.012203305829735937,0.014654360750969361,-0.007260500227333569,-0.0034365818432029924,0.20075129627271562,-1.545113865743444,2.4210667119727147,2.6483252836962587
-0.012228139207999918,0.01465718792868817,-0.007222937673937973,-0.0034551533328446016,0.19835284883802493,-1.5622331318946794,2.38928242887081,2.654595613725086
-0.012272896515485252,0.014631959670396584,-0.007193580434658149,-0.0035293831660035886,0.1992287310241568,-1.61052188229289,2.351474330210495,2.706354419441451
-0.012292638169552037,0.01461488239270818,-0.007187566817782628,-0.0035702800444180898,0.2006484262286722,-1.6353439990312866,2.3379880110499784,2.737140614488925
-0.012273586378255687,0.014664843370382439,-0.0071510398328354765,-0.0034846442942294176,0.19406293449539194,-1.5905086492330236,2.329731271444667,2.6611641240061648
-0.012324329053456647,0.0145873132957348,-0.007177168497787822,-0.0036361760600528282,0.2027469601718386,-1.6752577699882194,2.3154919131465523,2.786658406893177
-0.012318331624872073,0.014615322660080832,-0.007150908360993556,-0.0035914674059594706,0.19865919523728104,-1.6529423152026226,2.3060181363011645,2.745045082631325
-0.012352674190296845,0.014582315554067696,-0.007142800515687095,-0.0036668433818803294,0.20139433787097216,-1.6977261158289423,2.2828349885181445,2.802350762365382
-0.01237938063247188,0.01457447358994824,-0.007113942315222262,-0.0036997874989676484,0.20071730120969997,-1.7204891738120731,2.2536570777412446,2.821052306116339
-0.012404490985645274,0.014564360121359043,-0.007089755317201066,-0.003734368397699864,0.20050241254406934,-1.7433141340425735,2.2274990642979877,2.84204273947855
-0.012427405311950898,0.014552682164072383,-0.007070222739318095,-0.0037692178389336843,0.2007683558722976,-1.765527316896616,2.204617953737824,2.8643456921973356
-0.012448920888377098,0.014540687575681041,-0.00705272635015911,-0.003803247930419275,0.20113280724924062,-1.7868395286719496,2.183349108262426,2.8864210315331427
-0.012500995069923148,0.014497773022645478,-0.007024562042892707,-0.003905617492031157,0.20426260950691474,-1.8473426578725065,2.137113949549123,2.958857128272172
-0.012520755328167515,0.014490208265212785,-0.007003324621101975,-0.003931171741597281,0.2039700262723871,-1.8637509124288185,2.114772017716002,2.9730086057444995
-0.012485309181063211,0.014510684724709498,-0.007033383753494353,-0.003874844638057155,0.20331080923742204,-1.8292220168507352,2.151374926944282,2.9372023922751387
-0.012468383703033086,0.014528761405292481,-0.007037822285767748,-0.0038354598082577553,0.2016272540853857,-1.8066700602952628,2.1643646028175145,2.907669891791555
-0.0125485457768853,0.014486321525086221,-0.006965667398248846,-0.003956516883488936,0.20254851262581278,-1.8814230099172498,2.08009446839713,2.9823348785443424
-0.011986822468101383,0.014784130334138473,-0.0073647682545326726,-0.0030579423940903234,0.19525186449451593,-1.2956068618652792,2.571618807597151,2.369439544631198
-0.01201415908315549,0.014775520821838507,-0.007343023673109334,-0.003096423194403636,0.19473141045244266,-1.3237229406486308,2.5487613251202865,2.3957610413897545
-0.01204174591823136,0.014767669378758128,-0.007319444534722345,-0.00313388850463288,0.19409537970181676,-1.3513973521371208,2.5245519359183604,2.420870790646941
-0.01207045629541796,0.01476099374901002,-0.007292400291071847,-0.0031706221372566445,0.19316564739737271,-1.378973020994188,2.497877143935756,2.4445539358892217
-0.012108209564127427,0.014722162124321363,-0.007296823344776228,-0.0032571044240424715,0.1965716226698355,-1.430892868650709,2.4843449327284506,2.5139320908122578
-0.012099391960822659,0.0147526606369984,-0.007266891518577733,-0.0032092837371198563,0.19254267412601597,-1.407166179178647,2.471774526053785,2.4699046368230344
-0.011980858327604768,0.01481456288085718,-0.007329096148304696,-0.0030146394619408727,0.19103798891445625,-1.2757354074948364,2.5535154873072177,2.3282992266174474
-0.011968694520251826,0.01484613989406875,-0.007299236494050415,-0.0029642971554354296,0.18697451969956644,-1.2501759729580477,2.5411219588839806,2.2829374177751496
-0.011682010216376867,0.014941065020902703,-0.007480272809160815,-0.002545627600156744,0.19093656752433402,-0.9423833367574549,2.736783808330161,1.9809627633666278
-0.011627391608635585,0.014953134133780695,-0.007517885984732249,-0.0024693458223010237,0.19261230020640305,-0.8828447728365855,2.7737442684286626,1.9256666680529995
-0.011657128226682807,0.014946103487743313,-0.0074983442179991115,-0.00251147578669487,0.19182952687357327,-0.9155018071761355,2.754295785112624,1.9564060006150628
-0.011722218124133085,0.014924043322404544,-0.007463814430667411,-0.0026097574412573335,0.19107047375906158,-0.9883290429491,2.7160093722282244,2.0296364891625847
-0.011704936714689746,0.014948916639710694,-0.007444285426400468,-0.0025637363785918836,0.18833736811226498,-0.9628696580210097,2.7087001159809643,1.9898611313072763
-0.011751885072832766,0.014928210754153778,-0.007425702669556653,-0.002638826788618353,0.18847668098603265,-1.016135265818165,2.6846647226505715,2.0467716040045585
-0.011784368225290269,0.014931736491295085,-0.007385325365447947,-0.0026711185175414803,0.18600506920819523,-1.0461686863198978,2.651150831088619,2.0659336971667472
-0.01191497351397177,0.014879512256596195,-0.0073149488305785165,-0.0028697558085172847,0.18545654927864128,-1.1877292793087648,2.5688702425402377,2.2110585996578593
-0.011952060412378555,0.01487831990900816,-0.007273552646414931,-0.002909389545790633,0.1831424497260338,-1.2209144698464751,2.5323787430826097,2.234892211133673
-0.011898763681119287,0.014911668331300374,-0.007287595766364139,-0.002816057895746781,0.1817214628900955,-1.159410664596888,2.558553770897435,2.163924559905606
-0.011867462565734782,0.014912403347029935,-0.007321857006859197,-0.002782313862271696,0.18339148260428925,-1.1309698438906317,2.5885311140134406,2.143254847536486
-0.011835689715617607,0.014908620201464003,-0.007362915702375759,-0.0027525568234251976,0.1862851016872208,-1.1033421679688893,2.622467110038597,2.1266985556167586
-0.011814385799128305,0.014931400864127566,-0.0073530880499609015,-0.0027042982313572354,0.18387936357702206,-1.0745994902916154,2.6231393938796765,2.0869263564299794
-0.011337230332706519,0.015169765136406964,-0.007436996977288134,-0.0019223982826080544,0.17681677824837586,-0.5335831169481389,2.7795088665835874,1.479615606124647
-0.011373892364295576,0.015161497158781205,-0.007420763932891569,-0.0019739216304555615,0.17592884393694638,-0.5733244080792378,2.7637105676326246,1.5185414830164545
-0.01144722681209119,0.015055364453002578,-0.007527936715212963,-0.00215418757856844,0.1880143054967299,-0.6684544431977284,2.8182956421867424,1.6751004951860267
-0.011390399521667767,0.015116333056667354,-0.00747928617824224,-0.0020314528770805744,0.18182993591571914,-0.597312977073924,2.797690037700506,1.5710264441114268
-0.011423948274784821,0.015083716485679894,-0.0075029379959316396,-0.0021005978910053715,0.18506106060086536,-0.6384716831648488,2.8068455586579586,1.6291638707439786
-0.011554878632384432,0.015019388565576348,-0.007485686105658642,-0.002317955296982213,0.18706901017942054,-0.790067608081569,2.770249658240331,1.80011979285918
-0.011588342658976104,0.01501341742319621,-0.007462795285425335,-0.002363394310473264,0.1859069444703947,-0.826107621899323,2.7486760507288444,1.833105460187647
-0.011518344189500911,0.015039935242768705,-0.0074877602862528925,-0.0022548169752090036,0.18616614493724667,-0.747146751753649,2.7792225000076254,1.7501594010323516
-0.011482404504933067,0.015050433990276058,-0.007504149726994626,-0.0022016741169712116,0.1865942936786181,-0.7070249079587297,2.7966345002762125,1.709974425214263
-0.011410663335003943,0.015153634632541596,-0.007402978489486687,-0.002024962404486253,0.17508046936088656,-0.6128879903312331,2.7466261849718125,1.55686176084051
-0.011612684375313102,0.014991013731124226,-0.0074737226794765865,-0.0024139983528244685,0.18785426166640853,-0.8570866588633601,2.7498852808633463,1.8749971492458568
-0.011610315379611748,0.01502553441127853,-0.007422677833091046,-0.0023773185633139985,0.18255428614622446,-0.8451954391365033,2.718947119236883,1.8384700835500645
0.013876636344188292,0.020130982624922505,0.002150099388074381,-6.749111917682078E-4,-0.05835170505109604,-0.4509633612500399,-0.5107363212737496,0.5050444559886335
0.015075976731672495,0.02077602404483246,0.001560285644522569,-5.638804059026492E-4,-0.0830357916434974,-0.43360810833011415,-0.3697844664315604,0.47212334823676455
0.01436099438566435,0.02069664766870888,0.0017738753731890815,-5.581646075846236E-4,-0.0767928239574586,-0.4176656025140212,-0.43656701113364244,0.4597888895058067
0.0159171124708866,0.021506324414690834,0.0011091583483430053,-3.9850985622796187E-4,-0.11014158808198934,-0.37229086916624615,-0.29462195463644963,0.3978507864264822
0.01672602469580452,0.022676209538867353,6.165101922395896E-4,-1.8036542033703106E-4,-0.15622642170570475,-0.25615564224637905,-0.242362006352045,0.27009354053715756
0.012658676768508424,0.019485113652394068,0.0028159589676847183,-6.889409205403948E-4,-0.03276649204927461,-0.39954256977272695,-0.7065758627297737,0.47560805696055836
0.013169251577962041,0.020227648377545232,0.0022872689546887203,-5.776828242715037E-4,-0.05279421289175424,-0.3838078160749158,-0.5754959192843585,0.43886720998406387
0.012006839877401384,0.019649822273576412,0.0028705071405938296,-5.20471667256924E-4,-0.02704839444009211,-0.28857866263986853,-0.751213620497665,0.36297986019919587
0.011469278614122502,0.01960481568044785,0.002995016816771844,-4.078390786802547E-4,-0.01907191929707516,-0.2008542076734022,-0.7996510120256054,0.27750658825488944
0.011047583733777185,0.01916262956108175,0.003350020348804823,-3.581795665198177E-4,-0.008925538371026866,-0.1329829194805231,-0.9089959252078207,0.2272764125489805
0.010382367533547666,0.018922089123466147,0.0035842174946466537,-1.6278753929097555E-4,8.274291257613574E-4,0.023844830350121856,-0.9864555957387628,0.08276153949284935
0.010988865287087514,0.019657615465358633,0.00302461011015107,-2.837010600935333E-4,-0.01253840876322706,-0.10895815291583508,-0.8175469252087659,0.18450258075829568
0.009627396536581312,0.01852161492783496,0.003889980020252114,1.2726031452371198E-4,0.011279301477793957,0.2501740954817164,-1.0751207858990481,-0.11913676950474683
0.009882120654678823,0.018948822929188203,0.0035730764294238603,1.3748313837237424E-5,0.007431119326628355,0.1468293556430196,-0.9774390726392578,-0.04038178271984479
0.008764804479448376,0.01795584556896241,0.004229509357681964,5.898743367991883E-4,0.01783828775886551,0.5907641955401842,-1.1450223021377288,-0.4168890166597898
0.009028427666377483,0.01816103324870428,0.004112512632386112,4.276792020094E-4,0.01628511738694684,0.473482938385258,-1.1241633040305525,-0.3152149722491553
0.009178315632575934,0.018476507725036173,0.0038822162866281895,3.154884364195032E-4,0.014461253902402304,0.3776962654582871,-1.054819065492117,-0.2445001346203627
0.008392219281249922,0.018030071092605394,0.004073294827192819,7.378830353476934E-4,0.016527416788052765,0.6680621439743335,-1.0644458284242118,-0.5044901745069931
0.008079147721193919,0.01784478832304521,0.00412079480573698,9.296935723271539E-4,0.016647974013840466,0.7906919141056901,-1.048676436997892,-0.6139610216424668
0.007178265467148558,0.01702756995720037,0.004334370940223609,0.0016889314836888586,6.117142137178448E-6,1.247418201822961,-0.9640370093531043,-1.0037405679188138
0.006917267437803885,0.01690047832333194,0.004268854922615265,0.001867006743473633,-0.006182493843948279,1.3273485857455016,-0.8968391741417217,-1.077304072594305
0.007730571900976015,0.017816669570612283,0.004013051144162646,0.0010837650608868305,0.012889418380688576,0.8685893080068613,-0.9793637647214514,-0.695472252327157
0.007239840060298161,0.017371306063763508,0.004117034864155099,0.0014769707409721259,0.004607502058530895,1.1003467780239706,-0.9350281917643225,-0.8935682537298334
0.007370530228459938,0.01771607449846983,0.003934389924501972,0.0012627693963699813,0.011751515820148955,0.9611733116287736,-0.9168592743686511,-0.7826028164101452
-0.001436691921702649,0.010732072179302027,-2.2993333828841628E-4,0.005771520884678117,-0.09719930399352857,0.20598837325816652,-0.5144737105199394,-0.173503884538497
-0.001716158638454531,0.011081800171585296,-4.0354677293862176E-4,0.005775200837463724,-0.10925998770711841,0.37166878751734783,-0.5993768843791637,-0.3223006604140348
-0.0021727497638721846,0.011858244342506291,-8.471385996481291E-4,0.00564627215559875,-0.1309515261546239,0.7519909756798703,-0.6673625055500912,-0.6528401785782255
-0.0019091256321485896,0.011529246332178306,-6.209082022444082E-4,0.005695068000024898,-0.12289046723394569,0.5794583293306316,-0.6249407526172436,-0.5087395504523701
0.002437201650963495,0.01211492011727489,0.0010712149379567611,0.005612362951198811,-0.14159067075274534,0.899236747150797,0.7040114406946861,-0.772418540344547
0.002065697391211616,0.011868006800068918,8.024654970804807E-4,0.005607209504094744,-0.13154536004357179,0.7363932321228673,0.6295394274452314,-0.6461614929908729
0.001621778045738045,0.011655050659986677,5.547864227733351E-4,0.0055667468754782255,-0.12276720437427223,0.595715610156891,0.5101981878493748,-0.5375491943367395
0.0012513784199501702,0.011473997785279487,3.802100191516277E-4,0.005544273726326908,-0.11611677134105079,0.4945564914817737,0.4020900224039626,-0.4558283920137609
8.607959665505639E-4,0.011302155647009277,2.308112878827856E-4,0.005527720020246182,-0.1112658763966724,0.4062173300778646,0.2818536885015464,-0.3839845107159599
4.5295453362731116E-4,0.011120344714379136,1.0478557328251707E-4,0.005529046107889671,-0.10732528531133989,0.32512269215415496,0.15121241631409196,-0.31404196508281684
-0.0012033802817344639,0.011151909316875161,-2.920884691613419E-4,0.005627399480908304,-0.10959548124817475,0.36506568190269384,-0.4065101817246526,-0.3364912631976271
-0.0010706793969279382,0.010755152077549332,-1.737995572816296E-4,0.005684831136763596,-0.09857058925626287,0.2012565986884376,-0.37621170558913003,-0.182927530991583
-6.763147234510231E-4,0.011009118357856548,-1.4266390069976026E-4,0.005575655473695239,-0.10509545296405978,0.2879756547646571,-0.22927735339028926,-0.27637138844979475
1.9899424881762856E-4,0.01142769538889975,5.755742550625501E-5,0.005434986500118244,-0.11131728153380727,0.43383446848590523,0.06305472796468312,-0.41784348654175146
-5.815773326233058E-5,0.010972857948011916,-1.1817085754376443E-5,0.005544023908608928,-0.1048650408122085,0.264664427186005,-0.019650085532242182,-0.2606009002101788
-0.0031850171807070436,0.012257265912750542,-0.0015667664439684172,0.005829341966055986,-0.16625423974639505,1.1464744567414182,-0.9131902185292601,-0.9414657497505886
-0.0033222788269176838,0.01251011791773383,-0.0017766240535905615,0.005718022158187153,-0.1736551810446378,1.2816774579040866,-0.8661677334036454,-1.0557836309537303
-0.003466295852902516,0.012773359360643024,-0.0019923651572039385,0.005583050101678572,-0.18011721066635236,1.4119010160705898,-0.8025357593380736,-1.164700090024357
-0.0028372909209580625,0.012230605427360139,-0.0013398250409983683,0.005698452612981605,-0.1543010130582891,1.0342054202465405,-0.8050840006914087,-0.8696084203100901
-0.002437254989304208,0.012142992214308135,-0.0010820020356176114,0.005597725027080484,-0.14312403749914285,0.9085244115353391,-0.6977276555963899,-0.7821757871376667
-0.002113010069614103,0.01219594809361192,-9.335836415456072E-4,0.0054667743355885645,-0.13660682431249732,0.8643017088915885,-0.5858430987943037,-0.7586121811265752
0.003574447404250402,0.013447441910445572,0.0022859018138323053,0.005077337567220602,-0.1725423526107925,1.573746000000425,0.54935344130078,-1.3161219195436482
0.0033094448878119784,0.013353837580064448,0.0020502326429213693,0.005078151715447343,-0.16441824721986562,1.4711907191552598,0.5463493436245547,-1.2398548437640196
0.0032987549590144773,0.013092663408273596,0.0019729198151842197,0.005277441616700442,-0.16875775116175315,1.4242570611602823,0.6393689189266258,-1.1954113090754492
0.002936119794390105,0.012526049601863905,0.0015215915420573965,0.0055532861521037195,-0.16036747602405496,1.16322962744873,0.7472280981036264,-0.981813038041259
0.003131063627358195,0.012857030132612489,0.0017736507640886744,0.005396676430341308,-0.1661881725434847,1.3149951473457249,0.6877551183458716,-1.1087575923002229
0.004460607474278444,0.014611338534568712,0.0031726570411164073,0.004202881954790177,-0.14218142249502116,1.8404686992125259,0.11172714558576578,-1.5286197924207736
0.004230257995401927,0.014460078056390716,0.002968010301482848,0.004318210134185968,-0.1464400261272822,1.786139429329843,0.18296562648769907,-1.489829072050491
0.003966700305486919,0.014067743005052123,0.002720003527335964,0.0046324352508831735,-0.16050780292321568,1.733060480860625,0.33387095633882496,-1.4455124326710305
0.004041650597116175,0.014310660732723612,0.002798094675560863,0.004427745257992996,-0.15155173568029853,1.7391712212783665,0.24358048291110207,-1.4547760648140784
0.0035904191798291417,0.013744375885917452,0.0023555478816756647,0.0048332764496999,-0.16203551222909074,1.600389971282372,0.4368308956657683,-1.3445530589384032
0.0036976362562097377,0.013983704976622487,0.002477296091435616,0.004653766887363836,-0.15718403641218417,1.6388321779187238,0.35756635314189406,-1.37878480580882
0.002562311731705493,0.012495774521725789,0.0012781314337122777,0.005441970005486568,-0.1487602013340578,1.0546883338317325,0.6500431492386044,-0.9089438545885958
0.006637491579206863,0.01691231569515855,0.0040839688791217505,0.0019577692603711793,-0.012360262129360337,1.3373036166034566,-0.808993490611006,-1.1011925196966068
0.0063109568011260235,0.016778697271864193,0.003951362588216476,0.0021464120247442005,-0.020476352226314328,1.399448004894534,-0.7173599706488097,-1.1608274498868913
0.0051391622883866055,0.015285857751312262,0.0036821135946582613,0.0035834899636240404,-0.10345462749112715,1.8625401450797054,-0.209358105164858,-1.5385658796662953
0.004963340789906689,0.015102182836924084,0.003566884219875127,0.003760907094960215,-0.1150425915059506,1.8755150692966578,-0.12215748829609004,-1.5503501037285137
0.0047318372244922035,0.015035110386729722,0.0033663270719020526,0.003823506671037612,-0.11992278718849246,1.8243289409901713,-0.061264224527672696,-1.517955084695022
0.0057924169749031295,0.01588533794778272,0.0040361652966445045,0.002961842354784533,-0.06278691203792003,1.756113856956021,-0.5080878318816416,-1.4451363452192487
0.0058279319746064925,0.016216604293730175,0.0039034040719548324,0.002681362645673134,-0.04855399266884108,1.6131203617416823,-0.5560548093661754,-1.3386899417163576
0.005996999505735153,0.01657352103620074,0.003846856386540312,0.0023730233352334943,-0.03209295075661974,1.4758931841287861,-0.6253315387672648,-1.229949353805994
0.005512760310750072,0.01571048452949607,0.003870626792274162,0.0031614019655249286,-0.07621559912173186,1.7825243084244191,-0.39848503899701004,-1.4729467325677288
0.005117016040876208,0.015580923894596706,0.003571462723027084,0.0033196356940448234,-0.08712081619948696,1.7491762456608466,-0.2743346122283161,-1.457149629682032
0.0044803999266714205,0.014911258287625948,0.0031579355107610257,0.003928713352270249,-0.1242826813126477,1.781859615437998,0.009762548541622075,-1.4877306734476672
-0.0040285972553353745,0.013149388023667241,-0.002601390015751407,0.005486850866438693,-0.20030686275833062,1.7283208400141115,-0.7577076901183087,-1.4027572001191615
-0.0038695899543519986,0.012983002676096918,-0.0024017465237520714,0.005573388509188954,-0.19752632692478245,1.6256954160046317,-0.8073498956645483,-1.3223291783483795
-0.00358448137076979,0.013013405622592532,-0.0021729865951238534,0.0054385913841357445,-0.18222949988616222,1.5126480813171022,-0.7300132151908244,-1.2501298742780547
-0.0053160497004697636,0.014070350460713836,-0.004116273963467517,0.004877190951102429,-0.18645946246098571,2.3942311844670385,-0.28181094473670504,-1.888690826684801
-0.0053731077194496294,0.014237992551822197,-0.00416665954221412,0.004685103306383152,-0.1726474785490495,2.368896818311217,-0.1717188816173373,-1.8767642315270414
-0.0054311177863821435,0.014377706804168408,-0.004212276627202683,0.004526203520145328,-0.1603017971361176,2.3450014290318832,-0.08219862410751083,-1.8632556539268654
-0.005486250222909543,0.014513114963151887,-0.00424740898095257,0.00437237462472877,-0.1490004892710134,2.315574781068896,6.345802342719551E-4,-1.8444403000356966
-0.004041102517085604,0.013352566540343159,-0.00267168353533483,0.005304768014768362,-0.19499730383508174,1.7573227064266952,-0.6575451203786481,-1.434995682986975
-0.004153929406222494,0.013538276344590976,-0.002820765011716603,0.005166664947019906,-0.19228382116044582,1.8193252084312925,-0.5793275353531645,-1.4873428884444433
-0.005102430535386036,0.014041092863168188,-0.00386735762312742,0.00487513915781606,-0.18789214607424265,2.271254108696461,-0.32151696466156515,-1.80898394375232
-0.004313906530094254,0.013694473551762378,-0.00300367034502172,0.005061343353166144,-0.19080125354642116,1.895359836775688,-0.5144995701054221,-1.5460521561500968
-0.004890419787694706,0.013979091187551002,-0.0036297512692065738,0.004903758845155338,-0.19044216915032472,2.1632685858970153,-0.37011514780131577,-1.7364059178960607
-0.004686008115392626,0.013900756608571412,-0.0034059945548359683,0.00494409567077966,-0.19071211800366236,2.065617757671649,-0.4178300996020194,-1.6686218465635283
-0.004490572322148156,0.01381753950078917,-0.003196339661180183,0.0049840766548062,-0.1901053685122059,1.974922966151069,-0.4599522454090667,-1.6047653480346187
-0.005551511338699546,0.014635800375495785,-0.00429046984518085,0.004233430427482459,-0.13950310291276255,2.291932999850537,0.07633609652119684,-1.8282138987127834
-0.005649120669497666,0.014722902920211077,-0.004375069539565831,0.004132673902519816,-0.12852815532345402,2.2958270271105508,0.14190177619512961,-1.8295858675298209
-0.006511851981638263,0.014878872792167342,-0.00532238619620306,0.003824387771395683,-0.07093876703703954,2.604534753861348,0.564389050081603,-1.9942926656263433
-0.006577795936421074,0.014972083184748764,-0.005341987218058324,0.0036926567353631626,-0.06168797193956608,2.5513414760962543,0.632653817777675,-1.9549699061561086
-0.006608298384765407,0.015066550262905688,-0.005314240742930326,0.003571871644857143,-0.05608276037168181,2.4805067417349576,0.6794944264668817,-1.9054891255100461
-0.006659214003089841,0.015138027343592226,-0.005323099659767818,0.0034728578037102574,-0.049895691755787105,2.4362991398064686,0.7269258687257537,-1.8719571185837656
-0.005810847529666765,0.01472379584554954,-0.004559654757077599,0.0041232222954310305,-0.12475361207041971,2.3731603299146564,0.19281554229468736,-1.877168872624763
-0.006351548230568165,0.014884107702661046,-0.00512494168629135,0.0038571404235932766,-0.0834491279346934,2.5260631151561337,0.4825376286933291,-1.954387362668544
-0.005994161719671106,0.014791006116043299,-0.004746792147214607,0.004027848431639349,-0.1109674470922458,2.4227897263741838,0.2887781478330757,-1.9036973295939605
-0.006175648776636903,0.014852155621437888,-0.00493238262772543,0.003929621061122483,-0.09725732055864311,2.468281463606067,0.38828476610893153,-1.9260131226646087
-0.006749603715245792,0.015156094831002432,-0.005412768003166749,0.0034199899733849226,-0.04213668411675909,2.4494552652651964,0.7830871197960981,-1.8726788037518889
-0.006656890566700821,0.015221971336199137,-0.005261364849084002,0.0033795513357171153,-0.04760069721469736,2.364184652357947,0.7452302378317158,-1.8238999791713546
-0.006880347507961107,0.01516913073271774,-0.005551287693874928,0.0033532547982266527,-0.029878047616501518,2.475875352100582,0.8648095648685397,-1.8776022203577687
-0.007012317878960027,0.015160276245389195,-0.00570907351694678,0.0033048542470979175,-0.01780202984661844,2.5204801033501787,0.9487666284913158,-1.8919741485470871
-0.007897699382739688,0.015258702525202629,-0.006579441538795698,0.0026217250378384772,0.07743440246752921,2.498299857676646,1.6305173727158786,-1.7241887292754916
-0.008017827258244344,0.015287860425603723,-0.0066625959476499215,0.002488650603272083,0.08894289206261453,2.4453404135540175,1.7248508190259777,-1.6626837264455323
-0.00795446520068172,0.015295993548458904,-0.006589590633836096,0.002535937711061826,0.08004764612997477,2.4444729259523292,1.6697392009916754,-1.6785140670217014
-0.007132411556478656,0.01521139475964546,-0.005800467418101227,0.003187946718511973,-0.005643853531613334,2.4972442599833973,1.0372170613196448,-1.8620614818395056
-0.007252534172649255,0.015235713194037069,-0.005911793692823699,0.003096268559477028,0.006035159515999274,2.4943750394664623,1.1241837172987017,-1.8440121422655682
-0.00737665729209297,0.01525447623984497,-0.006030018978530032,0.003002913223630778,0.01912117126037038,2.4927097689681363,1.2157840171961245,-1.8241017774046975
-0.007512741280492555,0.015262457976548342,-0.0061696021579098394,0.0029072495647350376,0.03315873948812736,2.496930411050229,1.3186111546376151,-1.8038817563618201
-0.007654534508321263,0.01528359494871149,-0.006297440976751375,0.0027859243813835007,0.04857543313057736,2.477946301573868,1.4279708316081992,-1.7656369216006316
-0.007825544181256867,0.015300870052700404,-0.006453990814275689,0.002637723577913675,0.06619076623172564,2.451429111255855,1.562962466014758,-1.7132448939537175
-0.00774702500727672,0.015323279192882053,-0.006347454650516002,0.0026761766446142354,0.05578477746217085,2.4293346302975567,1.4962966593903613,-1.717068474877981
-0.008124462712378589,0.015322606199153467,-0.00671912073444625,0.0023584798342812865,0.09693166431487939,2.379881202716423,1.8031426810206315,-1.5959230389993377
-0.008061785273273036,0.015333388595647542,-0.006645694150565079,0.0024055517884770308,0.08808349801565706,2.380411478031248,1.7480415769116107,-1.61345225894908
-0.008176194354554417,0.015369002021049188,-0.006704530542346712,0.0022676459446994927,0.09695949827579341,2.309561872811823,1.8291336230506074,-1.5412081203605121
-0.00822927500109708,0.015394150197675073,-0.006717859317384294,0.002195096016520153,0.10029025178044251,2.2641327594311713,1.8621098265204847,-1.5002392925144297
-0.008444098971973483,0.015355050149373752,-0.006956063785851642,0.0020131324817671404,0.1251493256376958,2.2361689172606964,2.0504886246106424,-1.415694436679634
-0.008304248841535114,0.015376410446669576,-0.00680758569167395,0.0021378615098077013,0.10894491444877416,2.2622514297447442,1.9286753540146484,-1.4766236125109597
-0.008379369735189846,0.015370594697827505,-0.006879738756616388,0.0020673189592548256,0.11709852271153644,2.2423031731757774,1.9912268963619175,-1.4413111062678532
0.01609099810392349,0.02384825949996602,3.512853803724064E-4,-4.821844902516252E-5,-0.2231112622998013,-0.1383214374989693,-0.2782832602196305,0.14869787114753938
0.015454229691227304,0.025,0,0,-0.30105354320734096,0.00783989143147392,-0.3180963022844441,0.003218581278665974
-0.010449265279353024,0.015436513829133636,-0.007454854846234535,-6.165831972077067E-4,0.17317189546965703,0.41816200821133337,2.829546735714286,0.4521854898566709
-0.010347537927917644,0.015398342539158125,-0.0075440635589877,-4.863918090584521E-4,0.1819462253605675,0.547179150939888,2.8790109717795525,0.3543683235475432
-0.010389854738663445,0.01542571418914139,-0.007487544371961001,-5.386876834445191E-4,0.1766423403993718,0.4880068062728005,2.8465048802351,0.39290325835685375
-0.010194227245148652,0.015380923534739764,-0.007598542903302767,-2.7525911928270863E-4,0.18843316685187236,0.7285543442506403,2.898399559581914,0.19184424708445313
-0.010241807549281003,0.015386266530885286,-0.007583157952187047,-3.4134485697301316E-4,0.1865016039756792,0.6721016508993065,2.8940077884597524,0.2427471677909281
-0.010298630132287458,0.015402339775948737,-0.007546083767973368,-4.17980255854615E-4,0.18232757631327107,0.6000686901524243,2.876146804727742,0.3011753018564561
-0.00988233112394129,0.01544379734794763,-0.007492702011838929,1.5964248257530812E-4,0.18043718282535146,1.0279662587762928,2.7886601483333093,-0.14464251663243713
-0.009944665879108576,0.015451668662146688,-0.007482597159488176,7.380333080875354E-5,0.17859876604562752,0.9573308863830409,2.792969542903688,-0.07948397423390184
-0.009993396604276306,0.01545324931899004,-0.007481110816608047,7.0402833513338746E-6,0.1785028520434119,0.905080212806071,2.7996187108870694,-0.028733054995617964
-0.009822269704697852,0.015471937744236004,-0.00743822252224781,2.3880619788615176E-4,0.1750344357805981,1.06967055436526,2.7453552582256595,-0.20521002429266513
-0.009862150073904383,0.015501445843566952,-0.007391403102928631,1.8228232146734756E-4,0.16993605917470236,1.0089593656581466,2.724877667995801,-0.16324289696051944
-0.009764634036231862,0.01551120837973348,-0.007363595060345659,3.110050948312921E-4,0.16810859116082688,1.098562215710243,2.690856211455363,-0.2599027013394239
-0.010077144939578543,0.015451202107265194,-0.007483570107745123,-1.0765267703379928E-4,0.17801203180317118,0.8170626175164807,2.8130298926207886,0.05925047227039254
-0.010033829487220248,0.01548294445294982,-0.007429654491803377,-4.7973588651577816E-5,0.17291108340844816,0.8441342806306033,2.7744171994296543,0.012308618928029535
-0.010161367123490169,0.015428201425764372,-0.007518470689754899,-2.24837266824368E-4,0.18081070727777412,0.7389152506705042,2.844958533469571,0.15043455822008445
-0.010125040832846868,0.01547204695237872,-0.007444990291530315,-1.718427296139517E-4,0.17384127375929256,0.7539884914290118,2.7954841371027306,0.10757996319732933
-0.009245457186314022,0.015473936053482074,-0.00727790932998273,9.977367029283825E-4,0.16197882435294578,1.5998590921257607,2.5150737810785873,-0.7593668142815577
-0.009191422672579098,0.015464883033722152,-0.007268895574535936,0.0010699646253714851,0.16108836200861817,1.6521748987821019,2.4934937118042675,-0.8100043888236098
-0.009131428959358921,0.015464174215090765,-0.007241641892870999,0.0011452022130384635,0.15855439595347395,1.6992497148629249,2.46030078125955,-0.8613498317567851
-0.009084458326157188,0.015486754370887172,-0.007181678439426124,0.0011917399449721774,0.15229282048024725,1.7114604012994248,2.414882205282355,-0.8916616141127635
-0.00890767451697753,0.015407614857624369,-0.0072099550271733205,0.0014502636874005883,0.15475490376512993,1.921174457698456,2.3633293510928186,-1.0697592771293685
-0.008975175911311905,0.015435293567160153,-0.007205580209730862,0.0013523416360600503,0.1542834116762926,1.844375402226506,2.387297558996792,-1.0031747101377422
-0.0090248020435714,0.01549253838103036,-0.007141429212377023,0.0012608705297166803,0.14827231708933328,1.7484226535363894,2.3749279985187637,-0.9374209721402679
-0.008793275063078069,0.015414350804521507,-0.007126383425148742,0.001581319080144448,0.1458574300901119,1.9863273486069613,2.2794366499148206,-1.152461855919176
-0.008850961593890459,0.015451609583915102,-0.007105266689763574,0.0014902202086953325,0.14419754673877572,1.9083699014925377,2.293737547891308,-1.0903516087578053
-0.008492046509086307,0.015396423768243604,-0.0069342278314287525,0.0019291930677764614,0.12388182163063681,2.1647622569102705,2.06675017492061,-1.3610743221053625
-0.008553436494479438,0.015416686116060925,-0.006952033355297979,0.0018480367484093433,0.12647354957623672,2.112601204227325,2.102765145639852,-1.3116600883977434
-0.008619127035993417,0.015416680635650099,-0.007001180409942106,0.0017766026194724679,0.13219248182991797,2.0806526737048183,2.1518354621456695,-1.2705869884314416
-0.00872989044895147,0.015447353223566962,-0.007032942314971011,0.0016316965465306527,0.13647471826951932,1.9853289553374316,2.213073924686277,-1.1790692346405516
-0.008660128836507986,0.015472634823922077,-0.0069467796087909475,0.0016916184510486997,0.12778096261499602,1.9945095348882431,2.1481573116349924,-1.2114678125039833
-0.009279449921814663,0.015505200670544462,-0.007240500122140849,9.418874337622038E-4,0.1582742414677657,1.5416900627027088,2.5058177092752234,-0.7184111295411069
-0.009437115327430233,0.0155057647043731,-0.007296808211657347,7.410643325436081E-4,0.16329163641053793,1.40777487884446,2.5795073871828684,-0.5758042139056149
-0.009331500691604669,0.015529711522725883,-0.007220452706206227,8.670282652888216E-4,0.15601856263154354,1.4762833062206504,2.5103235537690023,-0.6645714299576194
-0.009382595875765903,0.015545424365133662,-0.0072130039629810265,7.972096282396262E-4,0.15536659225299929,1.4197978637338469,2.520248388364221,-0.6146616980906403
-0.009492904408819098,0.015526887035101862,-0.007278559822264907,6.628546899647205E-4,0.16127661641511956,1.3402228141394106,2.583652028519433,-0.5188055515333724
-0.009554620198981218,0.015549554341920124,-0.007257509238150133,5.774694603893041E-4,0.15904487755103383,1.2663917071367639,2.586744715341727,-0.45639917662592117
-0.009707252259547387,0.01554910007882899,-0.0072906348226327465,3.804231686241228E-4,0.1613412278858095,1.1261999499418478,2.6378909142909794,-0.31175578571761114
-0.009634144765223325,0.015572131690839715,-0.0072383507061345095,4.704099837100484E-4,0.15641278063682365,1.1770043022209953,2.5936313156212374,-0.37797623040037287
-0.011064265838681954,0.015208646729158587,-0.007569650263444792,-0.0015459422465862252,0.18537882142570886,-0.23093968666401787,2.8954112990928222,1.1937601955383268
-0.0110314832679324,0.015233646496280874,-0.00754824335205839,-0.0014868834080336787,0.18276804667862226,-0.19497721868293486,2.884204810804451,1.1448809402291635
-0.010966238925881928,0.015245358357571199,-0.007567644592050089,-0.0013933313479721665,0.18403646365167953,-0.12151680607159555,2.900924219547505,1.0719698206205974
-0.01100328751041441,0.015252603952952502,-0.007533493192002435,-0.0014381696992981793,0.1811813221448309,-0.1641186178047094,2.876678802410068,1.1045883002401715
-0.011026590457761574,0.01526789201923238,-0.007493792359586904,-0.00145947245372514,0.17772652252590126,-0.19137630218772103,2.849540640976619,1.118101858096877
-0.010940513626759865,0.015285786514319274,-0.007513777893697524,-0.001336219855174933,0.17905416269457541,-0.09648147494173477,2.8677646800870495,1.022162685411857
-0.010907239222722943,0.015324973681604258,-0.007465893039425456,-0.0012712425481948625,0.17436628142395968,-0.06374664925611472,2.838919542545917,0.9670181111239092
-0.011104729867720223,0.015221054962410907,-0.0075223838620950894,-0.0015907526998317299,0.1810316300639567,-0.2769963645317357,2.861513177553926,1.2251002593289764
-0.011141619654280652,0.015224145441898495,-0.007492520615596766,-0.0016363085846760519,0.17888137200980694,-0.31789753620824174,2.8389454723029863,1.2583410567788593
-0.011176428738421618,0.015200448341241997,-0.007507560410815234,-0.001697348171045127,0.1807613096730534,-0.3568988648138377,2.8448749719167266,1.3084120108123771
-0.011166411538233483,0.015244768964421108,-0.007441722213772856,-0.0016538274520839387,0.1743280974254892,-0.34464016738901443,2.8041558032784377,1.2671955358287084
-0.011230286222874974,0.015195035582940218,-0.007477708903390361,-0.001769742548360057,0.17864868205600862,-0.4163154846672325,2.819607139750972,1.3629042429945029
-0.011281405349432009,0.01520132234580691,-0.007429471023312777,-0.001829028730650275,0.17484118796723688,-0.47081475572995946,2.7827452356783655,1.4047337438464262
-0.011324339822793367,0.01520811879272109,-0.0073858261852842,-0.001876613952951446,0.17159079239293498,-0.5153359301959214,2.7495523707049467,1.4375726731164444
-0.010775439188401145,0.015349356550514927,-0.007489237663464464,-0.0010851738540957996,0.17615200856805693,0.07956002680851783,2.85760122610251,0.8217253987132153
-0.010737783871703186,0.01536160034595761,-0.007484943867283903,-0.0010296228434357672,0.1755759939412163,0.11915992479201229,2.8552863520224014,0.7776881080568218
-0.010861697356916436,0.015361395257314994,-0.007428173813320782,-0.0011931351854594732,0.1710346490891071,-0.01835622732942931,2.816773310177091,0.9027498496816618
-0.010809296573403827,0.015371233884135782,-0.007436787293272544,-0.0011199202388288646,0.1712884260402781,0.03779389672323666,2.823664952551563,0.8457220679988554
-0.010700908973327459,0.015349494912712657,-0.007521071851949049,-9.851805692104127E-4,0.1790948328201926,0.16355200982907023,2.878519458295749,0.7450707746544839
-0.01066160743260251,0.01533859853203585,-0.007555587472614018,-9.362267261121892E-4,0.18241224150373367,0.2111207934397909,2.900314698896046,0.7084965194269255
-0.01062304556745079,0.015352044912441656,-0.007546892453322885,-8.78460069595297E-4,0.1811788732662338,0.25142921704002846,2.8941236780514465,0.6623733475301914
-0.010573145704116224,0.015355185440552636,-0.007558959222839753,-8.09046690993687E-4,0.18275899409187513,0.3074668812749674,2.90058776800544,0.6083703629442897
-0.010713235823847277,0.01538911869011233,-0.007448472060009234,-9.854822690171352E-4,0.17198801514136533,0.14054880956124544,2.8322506678988937,0.7404042386658494
-0.010541884101422786,0.01540529152911733,-0.007482423273945005,-7.50294571725638E-4,0.17555378541254954,0.3264813112258768,2.850947631205584,0.558032032616481
-0.010507504861451022,0.015453660893499402,-0.0074099838861036715,-6.899391089113034E-4,0.16899515994002415,0.3484645208523156,2.8042363294383215,0.5071653287388119
-0.010465058137327461,0.015491500999398796,-0.007357420546339054,-6.236544109475545E-4,0.16396565982654474,0.3816744981209922,2.7698699740810646,0.4531083196558149
-0.013165697811207211,0.013964543576033267,-0.006393191349046025,-0.005104918913981206,0.2398649438549425,-2.473448402439399,1.3049075161019,3.666527942932134
-0.013176823788809045,0.013952221300032389,-0.0063808830428181505,-0.005128949984666649,0.24113029377640444,-2.4837913807038134,1.287385384226392,3.679673637922767
-0.013201617758456581,0.013930666280375422,-0.006349347382340174,-0.005171640083456328,0.24257038124403882,-2.5013451615060385,1.2487260326436251,3.6988917645480606
-0.01321442818426513,0.013924087424816397,-0.006330187631749262,-0.0051853384637126805,0.2424745553067912,-2.506242909574435,1.2294043576978633,3.7011503762411535
-0.0132286807710339,0.013915152095314305,-0.006309702595546443,-0.005203322737330479,0.2426959920971339,-2.51288047708859,1.207612637544363,3.706015740112647
-0.013193619095931117,0.013945449036308236,-0.006354940580942137,-0.0051439071423247116,0.2406200462377959,-2.4890128078607368,1.262465800606346,3.6801606795363204
-0.013245164709674339,0.013924738438984905,-0.0062748605114661135,-0.005188276761516682,0.23932885960522787,-2.5033309212972514,1.1863922662624262,3.679730366675773
-0.013169586321352717,0.013982821935861907,-0.006374947351917465,-0.0050731874454429315,0.23625837787152074,-2.4576558387913057,1.3016814832572754,3.6348409480858384
-0.013128369811525088,0.01401386605212913,-0.006427892385954246,-0.0050097442017011376,0.23460965461894204,-2.430903814042733,1.3632390489490211,3.6082610448723
-0.013148928597079482,0.01400917386480765,-0.006394751776465972,-0.005022524085979933,0.23353315727099136,-2.4352125543191945,1.33371619552595,3.604528110617642
-0.013168093233359377,0.01400209545798542,-0.006365548460725903,-0.005038903737125233,0.23302969489610567,-2.4412347501124443,1.3060482976825638,3.6050536752944464
-0.012845362642173376,0.014219356239897004,-0.0067572059033102995,-0.004556653237583467,0.2234947829286794,-2.2124028369726325,1.7572111743950465,3.383250077896751
-0.012840771636933958,0.014236868884389069,-0.006749304162131959,-0.004525161549013018,0.2209050595377864,-2.1965349215905063,1.7603623416136853,3.3561122271592523
-0.012837284538298544,0.01425488072789654,-0.006738986847397322,-0.004493547471125758,0.2182488664646521,-2.180705887636042,1.7616381767599123,3.3282063213191937
-0.012865480020570528,0.014216412590854518,-0.0067259865301184186,-0.0045708339086952925,0.22234776059662134,-2.2203734326372717,1.7290391205029272,3.3834118932156882
-0.012884493734795995,0.014212422583278431,-0.006697497338534101,-0.004585992379976415,0.2214720510020661,-2.228619256745898,1.702689894350975,3.3852102378124287
-0.012985689206817178,0.01415231434675119,-0.006575587788232459,-0.004727934012948197,0.22331690843045934,-2.2998124806912474,1.5663120953606358,3.450401843973697
-0.012970365581393762,0.014163135073256339,-0.006593131745741008,-0.004703957528512535,0.22276371682384719,-2.288143806030869,1.587114347669096,3.4385156036819864
-0.012953545399314079,0.014174063849437028,-0.006612927457006369,-0.004679078016111316,0.22231043190513108,-2.2758982080767924,1.609873693099532,3.42666585602993
-0.012935782429301596,0.014185871285847246,-0.006633380574678109,-0.0046521593298890366,0.22174942770926753,-2.262479504192496,1.6337252325879,3.413382329816423
-0.012901934529836963,0.014205560564782269,-0.006674032647890308,-0.004605049588031921,0.22125487191000417,-2.23856883842462,1.679040446303336,3.3916506297979727
-0.01291862981161142,0.014196804387487176,-0.006653281445575982,-0.00462676952569305,0.22134019717400674,-2.2496805370031123,1.6566296807160719,3.4009995771203934
-0.013056721493426932,0.014073961633853665,-0.006512045461362214,-0.004885914145375336,0.2305881743046719,-2.3753105787237985,1.4679172110153071,3.5471161165862797
-0.013102222162474524,0.014034538929623499,-0.006460063789838828,-0.004967147510593135,0.23338583931885867,-2.4122592618985284,1.401837598322614,3.588732426928605
-0.013123282624351945,0.014030945619034238,-0.006425550972677308,-0.0049785665357773715,0.23209153470786195,-2.416153551851059,1.3717348901233672,3.5836185345376834
-0.013077417747470592,0.01405337835213185,-0.006490533157495748,-0.004927658127799986,0.23233852434583133,-2.394620512707595,1.4380047460450884,3.570622934822007
-0.013071247607499342,0.014067781749381591,-0.006491166928924205,-0.004900819006418798,0.23028266638899653,-2.3818384322058357,1.4471429459493095,3.5503980287844867
-0.013097140370931995,0.014051437003635142,-0.006457421618569996,-0.004936281247847841,0.2308774740051748,-2.397541122278698,1.409873327872641,3.5641685583377227
-0.01301324866425114,0.014129651766105082,-0.00654596787683128,-0.004776162182145647,0.22479620435885064,-2.3230122025991133,1.528639655379297,3.4762073693754485
-0.013056913507991156,0.014090474609222206,-0.006499816318048508,-0.004857325388106864,0.2277739815402787,-2.3612555371581383,1.4676802008857714,3.520573464684174
-0.013045511143534236,0.014103606728006056,-0.0065099552281206894,-0.004831227131442379,0.2264974405802369,-2.3489660291880887,1.4837496899238138,3.5045749946219247
-0.013029179381965073,0.014117191072066599,-0.006528018479255804,-0.004802741032607139,0.22553143786435312,-2.335598783898256,1.5065706621312158,3.4897221903650144
-0.013005311446501267,0.014162002273928378,-0.006534755610229995,-0.004718379429126478,0.22008220970377665,-2.2947510245632703,1.5382219276915128,3.428170943202842
-0.01301578515291783,0.014149066166050678,-0.006526887545049135,-0.004743891671497612,0.22146914231006906,-2.3070571724968296,1.5242583872203703,3.444615539449624
-0.012699274821544614,0.014339705845959439,-0.00688421087340299,-0.004281727227143864,0.21503238265359492,-2.0636953746942583,1.932504640301575,3.2112518457266788
-0.012689118744747055,0.014357204177794416,-0.006882984105326206,-0.004247681640766578,0.21282384349338157,-2.0456920285434776,1.940894947980746,3.184406328445684
-0.012689051047192493,0.014379731726711613,-0.006860426658909058,-0.004211791937622714,0.20922407902723014,-2.0280427647119628,1.9334809490848477,3.1496052408486928
-0.01272105706799577,0.01433933633208626,-0.006849501889300262,-0.004294835490748001,0.21333498568210044,-2.0727142339526954,1.902405753086757,3.2105695374500463
-0.012742339824999234,0.01433425516022659,-0.006820176977391114,-0.004314926578812211,0.21258552830551083,-2.0848636273262358,1.8745307550338997,3.2168502822036733
-0.012830754417161068,0.014273079841824847,-0.006733389751454989,-0.004460363664757649,0.21583221851705667,-2.163887124270215,1.7670499225434473,3.3007584826653313
-0.012818186535128532,0.014290593893153678,-0.00673810577163868,-0.004425490402566634,0.21383451313038568,-2.145829489456037,1.7807546237814484,3.275503922789529
-0.012801016974253407,0.014304318060816217,-0.006753489887029235,-0.004394496956036382,0.21292439426937196,-2.1293038350475446,1.8013427477596935,3.2567409643985603
-0.01277831494314867,0.01431321867576774,-0.006782075306771206,-0.0043683068915799156,0.21323781562816538,-2.1145799005273926,1.8305058659645381,3.245873265859063
-0.012758861788801153,0.014325748884609767,-0.006801691600728255,-0.004337667915351136,0.21271074424749384,-2.0977023874800302,1.854071089972989,3.228530519352571
-0.012579020977991517,0.014449726320859831,-0.006959116161044588,-0.004033060309826443,0.20614907497975002,-1.924057987944428,2.0555637246616185,3.0400137467998554
-0.012574176113063577,0.014479218673687054,-0.006934606317578203,-0.0039847624731529025,0.20182118907179733,-1.8997540612273964,2.0496003689318676,2.995559319668614
-0.01260365566160041,0.014443257261832789,-0.006928129759128974,-0.004059320533914747,0.20532432475549475,-1.9410202931807123,2.0253714890240793,3.051518313705525
-0.012627637661806995,0.01443519918613605,-0.006899601645636944,-0.004087228146767784,0.20479536073224705,-1.9584276767815283,1.9965556704842242,3.0648648509323517
-0.01264164813218031,0.014421335085614575,-0.006892318703931551,-0.0041175969597257965,0.20609581337829258,-1.9753531375665563,1.983019579029456,3.0862242024683852
-0.012662072463558178,0.014418416747473062,-0.006863521873241085,-0.004134783787211022,0.20499922971081494,-1.9866818734190483,1.9566851684980577,3.091002611965003
-0.0126860811190798,0.014409036155584014,-0.006835583773512816,-0.004163916951852953,0.20479149970378965,-2.004116152528582,1.9277599788032627,3.1050887558900104
-0.013497712644557633,0.013702097904870252,-0.005917405641312435,-0.005590687932374632,0.2529141295742057,-2.6351028328820667,0.7720242434969188,3.8156550523880886
-0.013486481849275249,0.013713406070703581,-0.00593407969831489,-0.005571417684008693,0.2521062838825135,-2.6296970867989127,0.7916956258654806,3.8095588081352436
-0.013267727447200449,0.01388322119050471,-0.006256917657129316,-0.005265138561995112,0.24451399092186962,-2.536387961143013,1.1459569577715303,3.7298954980799377
-0.013287728607221784,0.013879910550982989,-0.006222671562961606,-0.0052728559982570915,0.24311328024973486,-2.5367363033552763,1.117258245225434,3.720688748067826
-0.013474543278724127,0.013724596043651402,-0.005951934867123453,-0.005552313697448518,0.25142796855019084,-2.624438938659154,0.8121733699749217,3.8040925959720435
-0.013432310221709758,0.01375337359123924,-0.0060180912401045705,-0.005503267588417653,0.25084028451568247,-2.6132477792928817,0.8798761837659743,3.7993705422177757
-0.013461847800459554,0.013734699894990439,-0.005971406534301167,-0.005535106490411684,0.25101419696372546,-2.6201005882149038,0.8331263291461667,3.800726875191421
-0.013447971104305049,0.013745446725719134,-0.005992665428384509,-0.005516668042176805,0.25056244463972116,-2.6153895449014937,0.855867055090567,3.7972314497371413
-0.013432030300752658,0.013771482429393661,-0.006011665637204921,-0.005470534753859269,0.24764327955060947,-2.5985554716699393,0.8871556121622574,3.7720852586332287
-0.013415837367417992,0.01377938199556093,-0.006037781169401405,-0.005456947407744182,0.24795200955992722,-2.596223059766238,0.9117311680696839,3.7742419098854043
-0.013304285304219473,0.01387222767068464,-0.00619685247777598,-0.005287887072917827,0.242859972581928,-2.54095166580975,1.092399556540083,3.720577778382331
-0.01331901318590612,0.013861984211520574,-0.006175488229948065,-0.0053071843617229,0.24320481754744763,-2.547351639517338,1.0694056119071556,3.72555244876085
-0.013331979474796711,0.013849846783460226,-0.006158049053117059,-0.0053296284583465615,0.2440916105442469,-2.555416672425918,1.0482358960149742,3.734557623857673
-0.013401081489672513,0.013789551190711152,-0.006060300656189353,-0.005439009072265869,0.24767494879563376,-2.5914543821324845,0.9352173021111613,3.7714259044994276
-0.013347482011198179,0.013832835821644532,-0.0061381151948569175,-0.005360785012425985,0.24557198499357932,-2.5668906900013764,1.0220456040750063,3.748861871583909
-0.013383039169268925,0.013801770369182204,-0.006087759683062821,-0.005417196292660266,0.24742027755713786,-2.58550291590336,0.9637681020657507,3.7679262138592255
-0.01336693137287854,0.01381876679498611,-0.0061094223041833874,-0.005386500421807109,0.2460285102957671,-2.5748153293905394,0.991166544770037,3.7550005306912566
-0.01326487673300731,0.013902375743926346,-0.006251848948368682,-0.005230465877441768,0.24137617849429008,-2.5204074358978095,1.1542701126899984,3.701559270080048
-0.013259487248506313,0.013917862881060221,-0.006253115789015812,-0.00520222324562585,0.23909077728763642,-2.5078408796036538,1.165051647090822,3.6808832979455737
-0.01382545558326428,0.013305855051808053,-0.005372573443583274,-0.0062170323189151356,0.2838145087867243,-2.759586468204158,0.12293102273733922,3.980070793169939
-0.013819772402003935,0.013321499733635273,-0.0053836036945979085,-0.00619124494882555,0.2817147803187275,-2.753386354963531,0.14174018594362556,3.9679323850627566
-0.013822731687352418,0.013341261841148663,-0.005378861699061466,-0.006153988469893027,0.27771945906739237,-2.7389492080035835,0.1542382537693667,3.9386615437953023
-0.013823221892114232,0.013357226609200423,-0.005378327048648511,-0.006124916458995803,0.2747570156917833,-2.7284794977563678,0.16618620037981494,3.9176875535050675
-0.013692769714818606,0.013512809962953655,-0.005605763926872134,-0.005892966860415044,0.2639185594747299,-2.697118570906499,0.4250148400282758,3.87685224167569
-0.013704412195462763,0.013500043981486859,-0.005586227416620349,-0.005912432787667821,0.2647352252691851,-2.7002478806116508,0.4030115131387351,3.880425822590699
-0.013714845227652582,0.013487437832614246,-0.005568712570851674,-0.005931861851945133,0.2656819714017889,-2.703695303505597,0.38248082798956945,3.8849830292019765
-0.01375848550702012,0.01342498386351796,-0.00549437181622721,-0.006029416144661562,0.2712697549647393,-2.722818831313567,0.2888624312968954,3.9144888059436407
-0.013741002526560206,0.013449796763241607,-0.005524592285261458,-0.005990968786473654,0.26908228492794906,-2.715736870616223,0.3264747602374804,3.9035096621062855
-0.01375846072845714,0.01344278398602635,-0.005493456724595124,-0.005997209151871282,0.26807040860226755,-2.710768726888253,0.30155303761543456,3.890949552120308
-0.013726382905591599,0.013476426771980557,-0.005548905230766023,-0.0059479017734087114,0.26619307941009246,-2.705266052596023,0.3616467787808511,3.885811311963107
-0.013741366323497572,0.013467775707663448,-0.005522575880717791,-0.005958318032903733,0.26582321233840717,-2.703163893599861,0.3384191864785322,3.879025507768888
-0.013509518562585178,0.013692104641050406,-0.005899145001207745,-0.005607383668945015,0.25342452659234743,-2.6391149021719134,0.752117437195988,3.8190296474290695
-0.013528345478291869,0.01364891678989534,-0.005877570548834273,-0.005683342461426794,0.25904069897533,-2.6665872697343773,0.7070135214870297,3.8642299224305208
-0.01354739011627906,0.01364430999566329,-0.005844085731484497,-0.005688648908489372,0.2576877485779108,-2.663104154367273,0.6801617773359235,3.85143039621034
-0.013563157024473374,0.01363602176663363,-0.005817564985164613,-0.005700969496556658,0.25737854507309027,-2.663476237386582,0.6558010471592818,3.847148581626455
-0.01357772917063611,0.01362584446403263,-0.005793620710332869,-0.005716728205630242,0.25752282626284756,-2.665541637773576,0.6320381069773977,3.8465898305335737
-0.01359154849965154,0.013614899962495314,-0.005771118729999137,-0.0057338314724515,0.2578878380605092,-2.6682698525923736,0.6088293203779821,3.8476536241768886
-0.013605738873147121,0.013586487853711185,-0.005751531780475169,-0.005782403523188952,0.26129391225897797,-2.6838058393092257,0.5753823881282164,3.873033093883947
-0.013620488534021442,0.013576886840063713,-0.005726624939598041,-0.005796434953441148,0.2612576061114639,-2.684551031089876,0.5515854485899173,3.870401281980478
-0.013607648969068527,0.013605539920947693,-0.005744022758164566,-0.005747379395108134,0.2576692016829066,-2.668613256029273,0.5836310646599522,3.8437034368804244
-0.013679960368103058,0.013525175909775878,-0.005627318066466575,-0.005874423417525019,0.263285358070024,-2.6946511434932994,0.4481121612837778,3.874934112447986
-0.013634513284153337,0.01356562498446865,-0.005703260132992607,-0.005813458791949717,0.261623222891306,-2.686633692226034,0.5277143573558304,3.8706429144141015
-0.01364904065740389,0.013548814009486362,-0.005679807528458155,-0.005840225914052312,0.26285803252160883,-2.692346272709137,0.49996914627968886,3.8778294461707756
-0.013665675380641996,0.013536777022267514,-0.0056515232410910545,-0.0058575098342739254,0.2629793135973065,-2.693229878407806,0.4724848527481634,3.8755007200314977
-0.013527719086434575,0.013669530551984527,-0.005872859316299435,-0.005645877992631204,0.25541824169338495,-2.6505982725351234,0.7179408574769165,3.8343639531860743
-0.013523111888799937,0.013684870629544984,-0.0058767163697075716,-0.005618708196593201,0.25312143988701147,-2.6401705892316594,0.731162287580972,3.816355298847752
-0.013773935091807974,0.013416041278451042,-0.005466776098939286,-0.006039570116291658,0.27081763343627907,-2.7199099027727325,0.2648961436530594,3.906504903001902
-0.013787484157256502,0.013404393921824216,-0.0054426526219395754,-0.006055159763405585,0.2711406648657663,-2.719692687903949,0.24117809440429072,3.9042394688759323
-0.013810901683775604,0.013370885272800451,-0.005400713191311594,-0.006105746757714705,0.2740283602870546,-2.7274002946947955,0.19015079235223867,3.9167239292602045
-0.013799614598811722,0.013390417095643854,-0.005421013704941345,-0.0060753473422046405,0.2720092848012902,-2.7216202444526867,0.2173198397381653,3.906536022113372
-0.013838948908332843,0.013295993890916645,-0.005347462276002023,-0.006228386562162471,0.28363331790759205,-2.756851691538418,0.10022675495210255,3.9736583814287916
-0.013857998667356403,0.013290050864076286,-0.005312517873123476,-0.006229641740514908,0.2819401472667758,-2.747802993412765,0.07501574369908087,3.954324787664062
-0.013881201136582116,0.013261205366407899,-0.005268142740789999,-0.006269736655425745,0.2838096140275843,-2.7493140411902868,0.02647589117467093,3.956858209753986
-0.013875927044830148,0.013277222270226784,-0.0052791339285497355,-0.006243619113253533,0.2816422071906666,-2.743413284490429,0.04550817354579668,3.9447956972994827
-0.013892076126682399,0.013252583502683308,-0.005247650002397537,-0.006279451229862916,0.2837584282471988,-2.7468278315397545,0.007907095391173376,3.951681171420759
-0.013903582268899324,0.01324096023748416,-0.00522563025158277,-0.0062940823568018575,0.28414861020999793,-2.745494404896473,-0.013835864344152694,3.949026464413261
-0.01391400887155742,0.013227377483227602,-0.005205197895312294,-0.006312672874037257,0.28499662147675964,-2.745850401934757,-0.036181219699300354,3.950020336286609
-0.0139208171428995,0.013214380360053313,-0.005191192782537544,-0.006332140800729078,0.286391749394953,-2.748277674915717,-0.054446549615037046,3.9553791907421756
-0.01393360519307125,0.013206297003522756,-0.005167077438911757,-0.00633923083874201,0.285859211461696,-2.743492365422073,-0.07430868832962194,3.945961124865454
-0.013954409987554418,0.01317571503698801,-0.00512483053579991,-0.006381521349446091,0.28822323515014603,-2.7447363733026604,-0.12218006658926805,3.950217115116652
-0.013948886699266371,0.013192599592194537,-0.005137592325722639,-0.006354699124567848,0.2859931965957398,-2.7397693595462695,-0.10149979380672758,3.93912594528468
-0.014046304399956128,0.013081925345921404,-0.004941248196039379,-0.00648755771655134,0.2902485492679396,-2.7199874499115,-0.2946829419205956,3.911329053104517
-0.014059489752897732,0.01307032719932687,-0.0049150132490293616,-0.006498610717687072,0.29013849033926836,-2.714613591307254,-0.31729321165057517,3.902587801885325
-0.014084272120525116,0.013037994804949663,-0.0048623773706687684,-0.006537107792202013,0.2916817140076204,-2.708486169798717,-0.3699971982877405,3.895945846906318
-0.014071766312005123,0.013056899614391628,-0.004889775368345287,-0.006513290432307435,0.29049658453209276,-2.710571259289994,-0.34088437387208187,3.8968501210468216
-0.013967619552767006,0.01316504362651709,-0.005099305381137541,-0.006392434834411964,0.28803698857591936,-2.740460735360259,-0.14459144457032716,3.942408234173921
-0.013987046561211792,0.013157855529549987,-0.005063403391196202,-0.0063930549522316195,0.2862869478615679,-2.7294705389233354,-0.1694047730453521,3.9211080279785335
-0.014023594951192235,0.013122466763171395,-0.004991258260542587,-0.006431840932746167,0.2868182728770145,-2.7188827914554565,-0.23576924477614433,3.903879509119665
-0.014012857937864803,0.01313484871059576,-0.005012968829121685,-0.00641712558373831,0.28632249809024696,-2.7212019808687136,-0.2144738117427342,3.9070344029019
-0.014000721525319705,0.013146901065876092,-0.005036976861313728,-0.006403727507712148,0.28608975822808214,-2.7245716930830812,-0.19217813777526202,3.9124304883806444
-0.01403543198456697,0.013110881232629552,-0.0049677151745438665,-0.006444255394859637,0.2869548645007349,-2.7151255504478162,-0.2572624922301945,3.897936109492717
-0.014050682013665482,0.013100486552321614,-0.004938446057707258,-0.0064520759218060246,0.28637940339010376,-2.7079135038266924,-0.2805126733371717,3.885232858144582
-0.014111451774239205,0.012946191724577099,-0.004783796318701846,-0.006675919777956743,0.3029911627440323,-2.722374205065566,-0.48630724618020565,3.9407640332884815
-0.014103367088471583,0.01296040210551327,-0.004803134671014884,-0.006657614951155369,0.3019122964650481,-2.723948436102695,-0.4650178833983882,3.940699755949973
-0.014112440542380362,0.012977397455992983,-0.004793471035227744,-0.006620951929228648,0.2974533992399579,-2.709488381995627,-0.4543718245475385,3.9093766661898965
-0.014120828864111624,0.012994749362366843,-0.004785037776742779,-0.0065844654032100785,0.29301458334073116,-2.695556509076767,-0.44292092856651416,3.8791913384552967
-0.014099461204517598,0.013023283108817646,-0.004831419370866458,-0.006551387805709809,0.29170522603698196,-2.702043883195325,-0.3970747731225921,3.8861619300139973
-0.014111024220002898,0.013008794587704493,-0.004806702107342012,-0.006567734754425275,0.2922506786722594,-2.6982613982735457,-0.42092856653163285,3.881617610403815
-0.014148071055031526,0.012895535222544557,-0.004700230696493929,-0.00673350819080511,0.3052800823024182,-2.7081965567948747,-0.5682173080064113,3.925660448171985
-0.014155688699830691,0.012910807795714989,-0.0046934567633171295,-0.006700851935829287,0.3013323887448769,-2.696170315320513,-0.5572412041908775,3.89899904981397
-0.014146179570071638,0.012923320201409757,-0.00471485146160614,-0.006687243020466769,0.3008798044215521,-2.7002383549241746,-0.5368998070582557,3.9037171870375684
-0.014136556846738138,0.012935859679912197,-0.0047363604003140165,-0.006673526262464736,0.3004074720699119,-2.7042180553868547,-0.5164308699189958,3.9083700652851276
-0.014126330368337981,0.012945856892476225,-0.004757857830382377,-0.006664539825311786,0.30048142090357427,-2.7094911483131834,-0.49812861736598446,3.9161753532890318
-0.014237937698297032,0.012763396733094288,-0.004484708177378393,-0.006877824305305106,0.3111063477030933,-2.6635406899475167,-0.7755528341266191,3.879358820813143
-0.01422993528688409,0.012777920536247924,-0.004505733697559292,-0.0068609614014439385,0.31018517693380027,-2.6675619184784907,-0.7541249765775845,3.882278842091608
-0.014157587684597295,0.01288229764715583,-0.004678228359131473,-0.006748214746634006,0.3058292846736734,-2.704078825937256,-0.5894944091815902,3.9212026629444607
-0.01416501289779121,0.012868313381110939,-0.004659377434268011,-0.006765851875136924,0.3069046246742418,-2.7019126188960914,-0.6100637658768905,3.920758617430636
-0.014180364561994624,0.012868152712783543,-0.004633040162211903,-0.006752820376719981,0.3041744364556816,-2.688032813415891,-0.6209519113620414,3.8945172179021634
-0.014210981800776686,0.012834241892756273,-0.004565527424348446,-0.0067833834526527395,0.304299242819465,-2.6702247641101127,-0.6788120273298262,3.8703366770246403
-0.014190159104849786,0.012858112301055808,-0.0046118595704902265,-0.0067613765988566365,0.3040953198353092,-2.6822409618903005,-0.6386577117541332,3.886288011161716
-0.014200729557912583,0.012846598153785856,-0.004588649231872709,-0.00677160929341223,0.3041015021093822,-2.6760480928006687,-0.6584174932986021,3.8777965392677025
-0.014220587289002697,0.012821333863064397,-0.0045431577499979664,-0.006796502456057992,0.3046962506614049,-2.6649734611469635,-0.6993349471709099,3.8642126245231947
-0.014229893941425958,0.012808277172652156,-0.004521130112078047,-0.006809981513891581,0.30515145891492335,-2.6598618887371543,-0.7197766366395898,3.858496354538041
-0.014239221481521997,0.012794788900249794,-0.0044987579886548515,-0.0068240047228807004,0.3056561181045096,-2.65466531238922,-0.7406651341613383,3.852853442912348
-0.014688233955621806,0.011737947748741227,-0.0028965745318152735,-0.007813571967895463,0.349686969314591,-2.0350345362832805,-2.1385759217559515,3.2917216708199306
-0.014682750970092102,0.011752667496161624,-0.0029211175101283723,-0.007804429868913551,0.3493824025436491,-2.048656478930784,-2.122086076445885,3.3058482149656925
-0.014698610607806759,0.011750189566933337,-0.002898739125316813,-0.007781957768491019,0.3439225641614394,-2.034994347689669,-2.1169981118400933,3.2775961620733036
-0.01472531614604481,0.011634437921711378,-0.0027239825950608875,-0.007875402945906003,0.35321647795373146,-1.9360319607037295,-2.25173767434445,3.1904683062806938
-0.014741168069913914,0.011631447258828134,-0.0027020853934309115,-0.007852427615349785,0.34268481582446775,-1.9231243175642003,-2.2455408690528333,3.1627964723569515
-0.014720158197241128,0.011649274565685586,-0.0027487408136422932,-0.007866795773707707,0.35165396182497294,-1.9505421033811625,-2.235812469195817,3.20518165923977
-0.014736058737167568,0.011646368088025145,-0.002726736029173844,-0.007843794067030637,0.3429747207919988,-1.9374712566890773,-2.229727139343232,3.177460634489424
-0.014714953661811803,0.011664094939289061,-0.0027734657646796067,-0.00785811308944773,0.3504365337339148,-1.9649275356709168,-2.219810476695275,3.2198710746954973
-0.014730854375390316,0.011661275467586657,-0.002751413887909636,-0.007835156340950132,0.3434104230707516,-1.9517106929201382,-2.213870224710135,3.192080499538996
-0.014709702589809144,0.011678898899739066,-0.002798130813079414,-0.007849364314443882,0.3509838148603657,-1.9791295083283285,-2.203765242680279,3.2344760526304994
-0.014725572593436926,0.011676143381936165,-0.002776071540162729,-0.007826513610730083,0.34356711307419113,-1.9658392301448517,-2.1979703776000226,3.206620563341684
-0.014704405031812397,0.011693686304088879,-0.0028227516353268194,-0.007840543941390481,0.3523462986213263,-1.9932025917019882,-2.18764466108834,3.248935846862301
-0.014720265044604332,0.01169097774258597,-0.002800660985504026,-0.007817778498565553,0.34331729774188635,-1.9798614542676898,-2.181967862820315,3.2210160014193066
-0.014699061038930981,0.011708457009234034,-0.002847366598760554,-0.007831638190085644,0.3524035482170136,-2.007229659018613,-2.17139696861008,3.2632609513326165
-0.014714951298270523,0.011705801408402204,-0.002825185342120078,-0.007808896789477168,0.34310530710636034,-1.993784939821505,-2.165829999212242,3.2352598785816284
-0.014693670662807697,0.011723210871918575,-0.0028719827379322283,-0.007822644435256982,0.3510393661121684,-2.021201818181776,-2.1550252273132644,3.2775135456824187
-0.014709591348942876,0.01172062199796402,-0.0028496953836353966,-0.007799923048721429,0.34328290036134973,-2.007615006889903,-2.149595209535064,3.249417909960868
-0.014704143401387565,0.011735425110771002,-0.0028742218549781258,-0.007790937461533779,0.3436698815229396,-2.0213525379005426,-2.1333134747708518,3.2635362794383167
-0.014677221759479867,0.011767369970506484,-0.002945604789801397,-0.007795220828290375,0.35033758081401284,-2.062064654980051,-2.1055585105825703,3.319831140063679
-0.014693027385739889,0.01176490700876598,-0.0029232002347981483,-0.007772939883694888,0.34384369873510606,-2.0485388349229496,-2.100622764620228,3.2915495353797346
-0.014671646377591765,0.01178205502797576,-0.0029700495147515324,-0.007785940029501428,0.3517834853066482,-2.0753260929690405,-2.0889603543157738,3.333633140975488
-0.01468742835158005,0.011779592172974444,-0.0029475826770260552,-0.007763814673657664,0.3434700174230812,-2.0619899679284206,-2.084138881808306,3.305359799732806
-0.014666024878782744,0.011796722524648843,-0.0029944701128814207,-0.007776580523439156,0.35274528795523313,-2.08852396192275,-2.072251808207763,3.3472673824255974
-0.01468182282430707,0.01179426935470175,-0.0029719021732486674,-0.007754541350024169,0.34304540304842823,-2.075350564064068,-2.0675160252129463,3.3190267076843445
-0.014660357317958712,0.01181137231649065,-0.0030188720080947733,-0.007767140197662624,0.3531134802416178,-2.1017034217316404,-2.055417422666611,3.360776960076206
-0.01467619474768652,0.01180895328913771,-0.0029961920468897433,-0.007745127768984554,0.3427405031822947,-2.0886150952081497,-2.0507580497067734,3.332574158949178
-0.014641321443405365,0.011896928897761692,-0.0031417277337381275,-0.0076869632939456775,0.34287322473986576,-2.1657353204514305,-1.9483578328167537,3.411695050425863
-0.014631330544227506,0.011884350654762893,-0.0031405552663349608,-0.007718741092250716,0.3498867942985231,-2.1669759458861524,-1.9695646199567787,3.4272600750915885
-0.014654643750579328,0.011826004259357795,-0.0030432530811253535,-0.007757619782987141,0.35311555817834755,-2.1148755853119052,-2.0384572240931553,3.37419907119738
-0.014670526267467775,0.011823649372414445,-0.0030204782850954616,-0.007735594435030225,0.3425446813305348,-2.1017735455490727,-2.0338763646241698,3.34601573477525
-0.014648884232660607,0.011840618209004684,-0.0030676148904620593,-0.0077480185550041535,0.3526537057888148,-2.128034380743731,-2.0213716109254034,3.387556054470622
-0.014664807533343677,0.011838357163312503,-0.0030447717108677964,-0.0077259561878199046,0.34245497079270887,-2.114817223850213,-2.0168828505499605,3.3593530831113445
-0.01464307882077749,0.011855214021089619,-0.003091958541201185,-0.0077383359812950815,0.35162405435148897,-2.1411461533631946,-2.004172579892591,3.400859553212357
-0.014659030893042853,0.011853060902229172,-0.003069063381177122,-0.007716243025668962,0.3425250717367993,-2.1277355315825983,-1.9998075166003348,3.3725868322689307
-0.014637227572066366,0.011869791551180904,-0.0031162752936937516,-0.0077285754973824726,0.3505471511782021,-2.154145687716113,-1.9868940237576975,3.414103308162359
-0.014653189344704852,0.011867730707717553,-0.003093328226677628,-0.007706501299664443,0.34270607560759486,-2.1405204811602885,-1.982693081073448,3.3857213180049626
-0.014647284148614348,0.011882350206301207,-0.0031175479283212224,-0.007696748472988777,0.3428442824963251,-2.1531791806515446,-1.9655516841576557,3.3987560663251615
-0.014633194876521127,0.011953281213868074,-0.0032148959907844347,-0.00762577096988386,0.3405045878094218,-2.1962537592386155,-1.879919543344543,3.429906344209962
-0.014639358277512275,0.01193877884897443,-0.00319093299466932,-0.007635692705520255,0.3406084094055048,-2.184065337099294,-1.8972472699427378,3.417326988252556
-0.014651599225936262,0.011909676100297249,-0.00314280711486587,-0.007655285747469842,0.34083204863174177,-2.1592907845576828,-1.9317058655245722,3.3917408498633947
-0.014645491173861764,0.011924236194938641,-0.003166897349707014,-0.007645543812358386,0.34072115830163296,-2.1717430622773737,-1.9145195384854865,3.4046081448850107
-0.014602020953864257,0.01202579120728399,-0.0033341152116323227,-0.007574175813252798,0.3396557960597417,-2.2552826683001777,-1.791719239367304,3.490464905485513
-0.014608480504660015,0.012011341732492138,-0.0033101718059138263,-0.007584433312005002,0.339846174254613,-2.2435592588178106,-1.8094909460358648,3.478316032815424
-0.014627028389997548,0.01196775824806026,-0.003238766753285796,-0.007615719218982436,0.34043401535649004,-2.2082846186642295,-1.8625144288599709,3.442290898485411
-0.014620920677233439,0.011982271923282793,-0.0032625278883886347,-0.007605366857085191,0.34033229553755356,-2.220113183792337,-1.844950926680932,3.4543575634766976
-0.014614790201111822,0.011996824575327898,-0.0032862865065770015,-0.007594829925488623,0.34010696525867373,-2.23182337986618,-1.8272443477148286,3.4662625640633493
-0.014643431998363718,0.011966089974676186,-0.003215303464979087,-0.0075938562248646785,0.33615705667782514,-2.1914424228678224,-1.8619907863844496,3.410758429328276
-0.014504944563538643,0.01226793204177328,-0.003706889367581277,-0.007363308313977496,0.33081876691850787,-2.416987984474964,-1.4808552495209513,3.6412721813386226
-0.0144976719926821,0.0122823984653911,-0.0037304640546934388,-0.007351282752936263,0.33048723128723806,-2.426682340659855,-1.4615259011175086,3.6511964103560577
-0.01451177222287355,0.012253426181162602,-0.00368384547756613,-0.007375801423518594,0.33125868753241905,-2.4075746516690057,-1.5000966167958456,3.6319951625360605
-0.014525045961790608,0.012225076612010291,-0.0036386460383587547,-0.007399835111644743,0.3320725157743842,-2.388760264012522,-1.5374695053936736,3.6133507733488517
-0.014518380071074387,0.012239139817922351,-0.00366123028977956,-0.007388097793115833,0.331693269624937,-2.398257735749432,-1.518959788040345,3.6228636192742685
-0.014592924711602675,0.012082003653185883,-0.0034043769546220613,-0.007510174039558924,0.3345979977032656,-2.283368703313119,-1.7206779897353546,3.5048519573768364
-0.014612025158569587,0.012038761180983635,-0.003334046838873135,-0.0075422618119531945,0.33526713919683,-2.2499364860692985,-1.7741552295638627,3.4707583367606243
-0.014605733950120893,0.012053295796627936,-0.0033575860318324296,-0.007531458548277407,0.3350216843701979,-2.261196426415102,-1.75627154631365,3.4821742167350895
-0.014599377941173795,0.012067753446138899,-0.0033810579014041113,-0.007520686968975151,0.33479746320453835,-2.2723411095000743,-1.7383931477706802,3.493512571196183
-0.01453211807854938,0.01221112704093111,-0.0036154976722216083,-0.007410711989037254,0.33230825431579497,-2.3787110705160757,-1.5557816240942737,3.6028160373388474
-0.014541529777681582,0.01222430158595379,-0.003614049207328668,-0.007379221020361024,0.32863396287359975,-2.3715334190127266,-1.5400779199122192,3.5817422540020547
-0.014552682068579376,0.012168307558290794,-0.0035456233599710355,-0.007444636679073825,0.33316486122517275,-2.348098231653211,-1.6113311419507461,3.5714381347275714
-0.014546090045621886,0.012182624776136054,-0.0035686603071692735,-0.007433076672297679,0.33281458972239236,-2.3582020096002885,-1.5928618770431624,3.5815917938890665
-0.01453931713563062,0.012197006696876254,-0.003591934236291733,-0.007421503868252496,0.3325011443755226,-2.3683443566798066,-1.5742179888632946,3.591869580870307
-0.014569237095389062,0.012167327123149234,-0.003521187347906305,-0.0074236336684180395,0.3296896236260116,-2.330749007854909,-1.613330341163745,3.539658945174596
-0.01460351847619789,0.012094831216894543,-0.003402657383804976,-0.007477692537909445,0.3308100249850025,-2.2763126983095696,-1.7042705518460497,3.483256802935196
-0.014597621439490368,0.012109136197936939,-0.0034249968937805453,-0.007466158235503953,0.3304166152870844,-2.286471442789139,-1.6865225271664703,3.493131004949376
-0.014577109219830547,0.012153680482302207,-0.003497027363259146,-0.007432201538748844,0.3296305480549166,-2.319344038674764,-1.6306866269497695,3.5267222006745063
-0.014585197162421461,0.012139106497082684,-0.0034716195502623552,-0.0074416009362744465,0.3296048511263619,-2.307346231668362,-1.649067181368508,3.51331875517289
-0.014591636443116437,0.012123865143627061,-0.0034477884230451343,-0.007454006788848228,0.3300406293877099,-2.29669654962969,-1.668141727914956,3.502935537115665
-0.014376441032542582,0.01250526917802028,-0.004096138097249297,-0.007155580206855872,0.3244421961881629,-2.563150888659425,-1.1509850434993796,3.7922703666619584
-0.014385072022440855,0.012519193281135777,-0.0040924770449741145,-0.007123740942915805,0.32069006582380893,-2.5537735759123392,-1.1371925950631594,3.768722140573686
-0.014459885011590833,0.01235247288118912,-0.003847265697852423,-0.007293824622368329,0.3290988890685511,-2.473836767219478,-1.3661531603021873,3.700979953157996
-0.014452578597352965,0.012366380359655678,-0.003869912426714243,-0.007281691164425758,0.3287069413163908,-2.482507626340434,-1.3470082954305875,3.7098404036565285
-0.014445298183707244,0.012380324662399063,-0.003892464193044768,-0.007269310788754331,0.32828542665364296,-2.490989209214796,-1.327748783888399,3.7184182427799555
-0.014437856702372166,0.012394190124691251,-0.00391511122409964,-0.007257089420962101,0.32789625934813116,-2.4994653884744835,-1.308474075046745,3.7271178064899773
-0.014407762068698584,0.012449887584839343,-0.004005508169308731,-0.007206645837051418,0.3261757554894824,-2.5320486021926794,-1.2302764153807317,3.760242982369396
-0.014430492634287334,0.012408033607767105,-0.003937534153237404,-0.007244650525209387,0.32746208663530657,-2.5076966263179252,-1.2891717331923773,3.7354603887279865
-0.014423324939588617,0.012422074387054276,-0.003959718628164444,-0.007231515232697386,0.3269379547052674,-2.515568523102532,-1.2696106571056622,3.7431221962167958
-0.014415807199829775,0.01243611953447909,-0.003982354352788548,-0.007218633599260467,0.3264864122199867,-2.52362679097939,-1.2498878973057164,3.7512277297825842
-0.014399813735455817,0.012463607229134553,-0.004028390815597111,-0.007194456658346143,0.32580927897827233,-2.540203662373987,-1.210672786737147,3.7688758304762895
-0.014384571710983238,0.0124915444582734,-0.0040732307456215165,-0.0071680523562339385,0.3248096584712514,-2.5553272135833267,-1.1708643736026518,3.783973169965248
-0.01439226821790223,0.012477553172069547,-0.004050722756462725,-0.007181282541219966,0.3252983994033813,-2.5477765854519165,-1.1908495215579296,3.776406523073415
-0.014476003465787639,0.012352186400493305,-0.003822649989809673,-0.007274290577763375,0.32579107492692255,-2.4571421124857324,-1.370086342079991,3.6702074264366984
-0.014507636479067637,0.012296751500923048,-0.0037282753399535268,-0.0073172988716825186,0.32654967373252636,-2.418333933705838,-1.445142852328907,3.6278427692710014
-0.014499442392842095,0.012310398299543543,-0.003752216129357436,-0.007307476534482445,0.3264664430385436,-2.4285403567400397,-1.4267345161294795,3.639357226709268
-0.014492596569562791,0.012324363206920966,-0.003774355804455358,-0.007295316424976856,0.32606641077479054,-2.4372526735096574,-1.4080623105923742,3.6480062938390714
-0.014485131485744901,0.01233901804266791,-0.0037979174852644476,-0.007282739734407095,0.3256171184789551,-2.446498794795557,-1.3883716271641868,3.657380674621024
-0.014245688504785472,0.01274940310536163,-0.004464256676859259,-0.006893889048191986,0.3118811127824918,-2.659439749409058,-0.7962472157244842,3.876237773857602
-0.014252943562068365,0.012735798115077156,-0.004444723410808422,-0.006909645824815835,0.31275364407828526,-2.655546549466503,-0.8161673405365181,3.87347677324938
-0.014278308967770464,0.012725441195892183,-0.004396837071327362,-0.006902155477547912,0.3095867314064114,-2.633477947215439,-0.8424622251229142,3.835783483004454
-0.014268006652000542,0.01273545182026755,-0.004419454580099658,-0.006895613742120658,0.30995921789500086,-2.6412414605242747,-0.8251778432184652,3.8468668196559754
-0.014289004886313718,0.01271251648300103,-0.004371901214751075,-0.006912964818814684,0.3096583791243263,-2.6257721920468935,-0.8631961508648773,3.825890022730388
-0.014303312595254396,0.012681711016463006,-0.00433050585548173,-0.006949259167776327,0.3118463865999414,-2.6174764886007376,-0.9065483125587337,3.8214210106910698
-0.014300353336532245,0.012697667087193363,-0.004344719602358871,-0.006926085624432995,0.3098217545549716,-2.617600887941513,-0.8864064373172627,3.8159147634511856
-0.014363064358186803,0.012562280156690739,-0.0041575829960450875,-0.007079666134104841,0.3186634914426094,-2.573264441103486,-1.076274276674356,3.786232400816201
-0.01437815575463261,0.012532862792530195,-0.004113137920159593,-0.007109834303417874,0.32005986727891195,-2.560073293689211,-1.1179104395257067,3.7743861306848885
-0.014371265224863788,0.012547638861916609,-0.004134424015503276,-0.00709399749049498,0.3192130979489447,-2.566105305547604,-1.097292439349677,3.779182588506386
-0.01437288890448594,0.012578297618470513,-0.004152750923918641,-0.007043404564323937,0.3142330209409014,-2.5622470818840566,-1.0609910983972208,3.7591934655042
-0.014363798341359852,0.012592326630094337,-0.004176586436249254,-0.007030845649159856,0.31391933362392094,-2.5700001546460562,-1.0404621260453917,3.7677932426112624
-0.01435394234909055,0.012605097550554518,-0.004200743467190363,-0.007020940781251661,0.31384892076266396,-2.578450082522508,-1.0210192832033858,3.7782855686053423
-0.014316103666957958,0.012669769369829732,-0.004302472237255452,-0.006955789193630753,0.31118371487851076,-2.6070234145056186,-0.9269652519098824,3.806373584106677
-0.014334888295655665,0.01266060540218944,-0.004266428690351125,-0.006951455915087528,0.3090409233745708,-2.5901938063021004,-0.9468383737983627,3.7786287872921593
-0.014347783482282286,0.0126454698523307,-0.004236320599187042,-0.006962560879294037,0.3089256439690493,-2.5797467403808905,-0.9705964242620251,3.7650086990518736
-0.014358455007763718,0.012626256712680016,-0.004207122158971272,-0.006982252392665742,0.30983206521464507,-2.5717241190806988,-0.997950796580186,3.7575372290937716
-0.014799324333770262,0.011451808289467116,-0.0024044740450188773,-0.007948506521928316,0.34229023402808595,-1.743873520612443,-2.4267434356731425,2.9792839139895206
-0.01478810837460224,0.011440145198604604,-0.002400193076604977,-0.007980045380990808,0.3503815255065505,-1.7408519506524829,-2.449073457831002,2.990331993618447
-0.014803857933822334,0.011436691612182278,-0.002379456718375529,-0.007956062993074288,0.3418135446740695,-1.7283700484966056,-2.4412510824008318,2.9634015495345785
-0.01479260927722873,0.011425095195354026,-0.0023750813956852574,-0.007987555379452607,0.35156109049320844,-1.7249629648355898,-2.46364648302775,2.9742700017657118
-0.014808308373241798,0.011421549554718871,-0.0023544340532258867,-0.007963611301874701,0.34134673257806253,-1.7127519726970755,-2.455709800569792,2.947452639295434
-0.01479706294397708,0.011410030890272255,-0.002349958955741887,-0.007994982703261119,0.3524931075667231,-1.7090381870475457,-2.4781125593711395,2.9581991647763153
-0.014805828367996314,0.011379860028177457,-0.0022997375824416904,-0.008009573326339439,0.3495789891260727,-1.6773383669497626,-2.5065879320457105,2.925841968185036
-0.01482138482146418,0.011376146982494999,-0.0022793439395646462,-0.007985672807986064,0.3417156083787882,-1.6653163259554502,-2.498411784254296,2.899126212963772
-0.014801469324203571,0.01139495244676372,-0.0023248475458002775,-0.008002321040483916,0.35176778131372216,-1.6931652908970658,-2.4924284917040724,2.942082478472844
-0.014817028896835427,0.011391271483032483,-0.002304408443503117,-0.007978493672442225,0.3414059778755137,-1.681206090746327,-2.48434585002161,2.9153561462250708
-0.014812683335401762,0.01140640383225651,-0.002329425004696586,-0.00797111902400306,0.34115655863507627,-1.69702442942213,-2.47009547046952,2.9314489954435747
-0.01483733905605624,0.011372536618561925,-0.0022590225651825334,-0.00796167266701431,0.33964666886368655,-1.6471351437605362,-2.4933599726068323,2.867340508830471
-0.014750405375308927,0.011560015631407591,-0.0026000145638330153,-0.007917194964835233,0.3498424004894882,-1.8630521574225636,-2.3294994851920423,3.1155370294089093
-0.014761236672261424,0.011571860509774781,-0.002603412721634571,-0.007885762323184288,0.3435081191814822,-1.8648320269239063,-2.3075236283767606,3.1031941701217227
-0.014769633284930958,0.01150019942916891,-0.00250030382743223,-0.007949247623665836,0.3504121249893876,-1.8027564289639635,-2.3900816171756296,3.053867974800203
-0.014785316996751459,0.011496919661018923,-0.0024793089763269836,-0.007925712839623204,0.34300216564949343,-1.7898210964345103,-2.382893700902637,3.0264614694107066
-0.014764896782867472,0.011515176111420448,-0.002525232610608755,-0.00794136364127603,0.35210397187366677,-1.81785727245651,-2.3751379372029247,3.069400923402467
-0.014780589779828037,0.01151190085653981,-0.0025041399799411806,-0.007917923567361845,0.34268327825099926,-1.8049879677504101,-2.36804951399867,3.041968662327193
-0.014760113266848321,0.011530137799930005,-0.002550164819142712,-0.007933392256962329,0.35224576985929396,-1.8329663358676225,-2.3600462146715877,3.0848182442188494
-0.014775856510208553,0.01152689100743591,-0.002528935193438029,-0.007909966285283824,0.3425135438642985,-1.8200830666763963,-2.35304101642361,3.0573560808011186
-0.01475528278234136,0.011545084353673888,-0.002575101320699046,-0.007925333078989846,0.3510069452203262,-1.8480627781700314,-2.3448181906854066,3.10019030484117
-0.014771071675536025,0.011541894185010435,-0.0025537426804697265,-0.00790191116341494,0.3427603951696749,-1.8350953534669576,-2.337921133974343,3.072679333607659
-0.014766196142336674,0.011556892746590967,-0.002578580856375194,-0.007893838354187728,0.3432045042456165,-1.8500145038289955,-2.322744041033138,3.0879682968316513
-0.014772358784518436,0.011583842098208666,-0.002606714188001794,-0.007854449074748636,0.34137424990449444,-1.860962664480229,-2.289319810264334,3.085961978136393
-0.014810955317502485,0.011463741117306048,-0.0024086745054710504,-0.007916737883731888,0.3405874250651799,-1.7408253835164784,-2.407770680298117,2.9627014821600057
-0.014806218130298107,0.011478826079740321,-0.002433617218665604,-0.007909335862263346,0.3406553787295348,-1.7562453258062682,-2.393321510822258,2.978572621597373
-0.014801398247528552,0.011493806291815435,-0.0024584567245981817,-0.00790200772008842,0.3407934912819765,-1.7715503110893869,-2.378889178092923,2.9943862902263407
-0.014767254715045605,0.01159867912847347,-0.0026312994325388144,-0.007846542683315383,0.34153883837811866,-1.8755686733729589,-2.2742295863406627,3.1010531687962737
-0.014762259260145261,0.011613504209420195,-0.0026556957399500904,-0.007838300516335267,0.34172545915085073,-1.8899347139466374,-2.2589778438703862,3.1157624166299254
-0.014757346468440171,0.011628405100182614,-0.0026800371767065983,-0.007829669518999662,0.3418368242009368,-1.9041330064034552,-2.243481681424735,3.1301607177918283
-0.014830985862161488,0.01128902117887793,-0.002148343300835835,-0.008051501580074281,0.34836461312613015,-1.579981531150162,-2.5896224690805068,2.8263154302357893
-0.014846475587909106,0.011285017200051614,-0.002128409846134187,-0.008027245845920091,0.34049328575649285,-1.568229918983237,-2.5807482997373152,2.7999613882275085
-0.014835012214331098,0.01127383550243706,-0.002123061121976587,-0.008058204840544538,0.3467645590206505,-1.5635753093311042,-2.603047019005456,2.8094176537832234
-0.014826911844453403,0.011304194021561008,-0.0021735943730942613,-0.008044721476519984,0.35035603614490674,-1.5963148302810426,-2.576083974194397,2.8430595810530868
-0.014838342752107646,0.011315412993418664,-0.0021787333007090583,-0.008013664254124917,0.3401649509771944,-1.6009316588486804,-2.5536810294999914,2.8332747709860313
-0.014842408357315517,0.011300211537797533,-0.002153590318318265,-0.008020545155091333,0.3402676509124823,-1.5846114814183263,-2.567302523711321,2.8166762882210397
-0.014841801844825385,0.011357361350861754,-0.002233877845929216,-0.007968410764652952,0.3394729616897672,-1.6310693681597035,-2.5070559361515943,2.8507670952940636
-0.014846136782994838,0.011342087340287799,-0.002208672182023527,-0.00797528932371244,0.33938756635165507,-1.6149314891758377,-2.52078310163304,2.8342156339933045
-0.014850254763152071,0.011326764161903818,-0.002183551519470592,-0.007982417139255517,0.3392938689011044,-1.5988299775099934,-2.534548538831004,2.817863962599254
-0.014858166927964265,0.011182461035313321,-0.0019707690123558024,-0.008096797124531107,0.3454919399617891,-1.462682454886475,-2.6817021883897376,2.7064737725362833
-0.014873606290656876,0.011178113500704426,-0.0019513230250780527,-0.008072083430049504,0.3387761796500324,-1.4513238926733123,-2.6720285551163268,2.680651122140118
-0.014861858424551648,0.01116719007004694,-0.0019453122143009494,-0.008102950795533557,0.345399907826169,-1.4456296423960027,-2.6944215878938613,2.6889951778285783
-0.014850534294291541,0.011269808987781708,-0.002103176063425007,-0.008033800000628246,0.34037900356746986,-1.5517910452947261,-2.594036140586954,2.783129017914213
-0.014838990856811767,0.011258637154898948,-0.0020977231832311296,-0.008064837741420857,0.34675590166123205,-1.546981377711025,-2.616403922827745,2.792388324194549
-0.014854427471532412,0.01119772030275495,-0.0019961752965172307,-0.008090571101505304,0.3469876858447389,-1.4795743854347672,-2.6689024322088355,2.7238358003748986
-0.01486983671964534,0.011193412682267328,-0.0019766988578104553,-0.00806598943655557,0.338946359415183,-1.4682541598610486,-2.65935601761386,2.6979575608844297
-0.014850640095209082,0.011212967710514188,-0.0020215512778039633,-0.00808426782475397,0.34896639656462575,-1.4964086724604906,-2.655985415018498,2.7410607148222197
-0.014866054828971008,0.011208700244843496,-0.0020020293915852115,-0.008059752169361929,0.33879355019542134,-1.4851278490444277,-2.6465258073588687,2.7151544526484415
-0.014846804839638697,0.011228203096582517,-0.002046936382013936,-0.008077877432440816,0.34937260288803945,-1.5132883568038462,-2.6429138528872396,2.758191041911451
-0.014862274633056088,0.011223991819888332,-0.0020273216555952794,-0.00805333680200985,0.33873848737302065,-1.501938031484898,-2.6335197999840614,2.732234059535972
-0.014842921746160495,0.01124342629880737,-0.002072337818893635,-0.00807139799420565,0.34804550427247527,-1.5301875089104169,-2.6297030254935994,2.7752948443238608
-0.014858452900537722,0.011239286562001835,-0.002052605913170595,-0.00804681956840582,0.3391642269379371,-1.5186589270260942,-2.620400208545792,2.7492401944324865
-0.014854539485135059,0.011254565575335844,-0.002077898502291803,-0.008040302202452361,0.3398544137941193,-1.53527484273749,-2.6072364784801696,2.7662103346633624
-0.014885640253719386,0.011189184577368028,-0.001957288926816208,-0.008041330229427457,0.33697536981090265,-1.4504968673440823,-2.652597723069104,2.6667005586429013
-0.014876144037403229,0.01110599246222428,-0.0018432980471319311,-0.008126764964001281,0.34532114082107473,-1.3764794725909304,-2.7443109417331804,2.6186654280332884
-0.014891475452992417,0.011101389174168847,-0.0018242826432185737,-0.008101843887483433,0.3372046133595577,-1.3654648992522793,-2.734120928802621,2.5932161049702214
-0.014872644766016243,0.011121308603469408,-0.0018687916659594162,-0.008120940391398792,0.3471670399350792,-1.393758077482915,-2.732040869334707,2.6363267751271495
-0.014887987073175195,0.01111673499495853,-0.0018497085973610717,-0.00809608536728664,0.33708136763517205,-1.382782781698473,-2.7219373577235864,2.610837089518651
-0.014869097381817619,0.011136613692675214,-0.0018942971969750897,-0.00811502866871989,0.3474071619077048,-1.4110780090814956,-2.7196202179480156,2.65390247753115
-0.014884494858020535,0.011132084077635718,-0.0018751022305767498,-0.008090159385882688,0.3371350239428339,-1.4000457824437527,-2.7095840411454355,2.628359368694184
-0.014865501922029584,0.011151907568655757,-0.0019198135459907153,-0.008109029919648843,0.3463298994789877,-1.4284036443820058,-2.7070674453827768,2.671455613231067
-0.014880953083729226,0.011147439649967748,-0.0019005001569830828,-0.008084143872843319,0.3376123116432849,-1.4172298455123842,-2.6971225476880445,2.6458277437120015
-0.014877322372524536,0.0111627882528672,-0.0019259146927604151,-0.008078116864684992,0.33826710492404527,-1.434321354984063,-2.6846037911279743,2.6632647324406302
-0.014907209201419825,0.011096847321465922,-0.0018053138546388033,-0.008076841382820736,0.3352314296091137,-1.3479557796128228,-2.726519010522553,2.5622264827175023
-0.014910807650406822,0.01108144931492116,-0.0017798339670466233,-0.008082139454368344,0.33490537626232575,-1.330501399567314,-2.7382987233900065,2.5442947751896785
-0.014896127296621684,0.01101387252417452,-0.0016897445634511139,-0.008160074668066508,0.34411289505522696,-1.2705214364883242,-2.815802157630253,2.510793171781215
-0.014908221741017599,0.011024352813960407,-0.0016966728673512338,-0.00812947798383676,0.33495399662120023,-1.2778629915480535,-2.7934181993574936,2.5039383869831187
-0.014914310764814545,0.011065953352246707,-0.0017542474811134358,-0.008087508745447959,0.33467006413504263,-1.3129364154348284,-2.7500830349916545,2.526314090516049
-0.014917630640579188,0.011050398268086598,-0.001728673046537342,-0.0080930802230806,0.33445518318763723,-1.295357732431144,-2.7619080692093267,2.508453852482616
-0.01492077115882586,0.011034872833811564,-0.0017032341138402982,-0.008098781165701986,0.3341708837624153,-1.2778395088670795,-2.7736956186611845,2.4907689401689583
-0.014908482834330765,0.010952258507486396,-0.0015871003302676521,-0.008180658123212213,0.3409745534992686,-1.1987864745954142,-2.861222022206025,2.437701046314894
-0.014905466592036428,0.010967676347966866,-0.0016127696661823916,-0.008175636330380966,0.3428071723125207,-1.216766207864599,-2.850061022198112,2.4560990588256164
-0.014920669205015781,0.010962591387627953,-0.0015944033187019254,-0.008150243153764008,0.33396655430614247,-1.20646587370142,-2.8389306294193593,2.4313997046017053
-0.014902401901103014,0.010983084736969085,-0.0016384401177720273,-0.008170530484850985,0.343406255403373,-1.2347260160978755,-2.838756418113492,2.4743917030433846
-0.014917624482611342,0.010978045395968207,-0.0016199983954139163,-0.008145182789413884,0.33407663691408557,-1.224420789053541,-2.827721731747244,2.4496281516439873
-0.014899288792197039,0.010998483515463568,-0.0016641077093415358,-0.008165341389559795,0.3432467189168424,-1.2526591722596498,-2.8273266803758115,2.4926236563253497
-0.01491454021493715,0.01099349614482077,-0.0016455791741619458,-0.008140021938728516,0.33448292469875945,-1.2423134505187552,-2.816395771699957,2.4677989929301734
-0.01491139684523316,0.011008932219202664,-0.001671143486933007,-0.008134803227351451,0.33483727656694806,-1.2601259954679926,-2.804974219001777,2.4859148093313994
-0.014968065848509118,0.010564200075219217,-9.40337087226605E-4,-0.008279964797327241,0.3303300404377889,-0.7272525812942044,-3.1037608210446592,1.9595255396552578
-0.014966269026450152,0.010579803377811692,-9.663626217687971E-4,-0.008276967840916003,0.3298917089030153,-0.7468074106985109,-3.095457495111516,1.9793373006843396
-0.014981075841295299,0.01057358900996422,-9.50069662054743E-4,-0.008250156381194577,0.3236376369622204,-0.7381241514475873,-3.0820093099835817,1.9565952193402956
-0.014971512360572392,0.010532977343492102,-8.882561119186314E-4,-0.008285713952780408,0.33157662855075254,-0.687840788860579,-3.1200621629000604,1.9198961532618781
-0.014969813631697155,0.010548591347176688,-9.142872758345783E-4,-0.008282881784788303,0.3316365786144051,-0.7075528315654508,-3.111973373055472,1.9397047130950782
-0.014984579639086984,0.010542245644521893,-8.981647206748678E-4,-0.008255978574795332,0.32195330142957373,-0.6991938539349304,-3.098349429800774,1.9172237900073903
-0.014982878139631487,0.01055792097235528,-9.241142945554279E-4,-0.008253059311460783,0.32274276119462647,-0.7186997950693232,-3.0902022847872286,1.9369170241328122
-0.014973162020172494,0.010517358213536653,-8.622438748907336E-4,-0.00828846129758137,0.32998675212416023,-0.6681696447061265,-3.128008818816086,1.9000551761281776
-0.014986221077800425,0.010526580119895662,-8.722302490859381E-4,-0.008258831491841007,0.3216109440742481,-0.6796322340020926,-3.1063962698730223,1.897506306286225
-0.014958591675504214,0.010642159322614201,-0.001070254844827134,-0.008264176014607291,0.3332742406194997,-0.8242663702927887,-3.0610572101543485,2.0577810684891573
-0.014956549907973092,0.010657733236025013,-0.0010962318978746846,-0.008260770437257498,0.3328024211903572,-0.8435558275407832,-3.0521575925664224,2.077320999889247
-0.014971439545911493,0.010651729614044479,-0.0010795023088955235,-0.00823424642336749,0.32581155994208344,-0.834587395267483,-3.039163511416994,2.054135384347298
-0.01496442318144846,0.010595401104716108,-9.923377171295958E-4,-0.008273893989276986,0.33151624725477985,-0.7661842353922251,-3.08706212706026,1.9990700847735168
-0.014979196527594505,0.010589232930568323,-9.76001219455852E-4,-0.00824723009919695,0.3241182528622395,-0.7574847069923556,-3.0737368179032765,1.9762269960811876
-0.014962528329925277,0.01061099310527128,-0.0010182878499005715,-0.008270740293486427,0.3338194189181662,-0.7854993649026839,-3.07853995664489,2.018689041027648
-0.014977300108223464,0.010604857005471422,-0.0010018926075562528,-0.008244166575416758,0.32416583470805943,-0.7768224651238859,-3.0653015798640624,1.9957805859708346
-0.014960584488801503,0.010626579228399678,-0.001044259357363462,-0.008267501104187959,0.33438074366518206,-0.8048715424607663,-3.0698645148653276,2.038237186248104
-0.014973470630773719,0.010636104014136024,-0.0010536213726023563,-0.008237583802138793,0.3249826596700774,-0.8154039691697869,-3.0479514056853216,2.034702207252106
-0.014975407547160138,0.010620477282326882,-0.0010277552668429642,-0.008240922278636091,0.3243251834159149,-0.796141049108465,-3.0566831139090413,2.0152583516983635
-0.014943272334665861,0.010751038364750519,-0.0012517157366526237,-0.008238644365761178,0.3364119876484813,-0.9580192390119815,-2.9963305166354086,2.193131213657507
-0.014955962213040968,0.01076081401608822,-0.001260159878100947,-0.008208443103570983,0.32870876174562896,-0.9673614947363954,-2.9742502103774817,2.18857807306728
-0.014945607421372955,0.010735504747544684,-0.001225810984057608,-0.008242538427652735,0.33665995838774193,-0.9390049411375837,-3.005928322177283,2.1739196179693994
-0.014958336131563115,0.01074524640816197,-0.0012343718393088724,-0.008212344636000991,0.3281594043468377,-0.9485794380885321,-2.9838526058143735,2.169514285493793
-0.014954459204666778,0.010673300816346347,-0.0011221650691932844,-0.008257287750295538,0.3340188184901847,-0.8626914997857185,-3.04316732053197,2.096795523826106
-0.014969330446419585,0.010667336259364842,-0.0011053683913266905,-0.008230886630221373,0.3263090203270302,-0.8537004826202903,-3.0302957250541724,2.073524774742419
-0.014952319584569098,0.010688861910903293,-0.0011480707719155455,-0.008253725808363428,0.33584469392408667,-0.8817465374514096,-3.0340567221701367,2.116163125007878
-0.014967192789802373,0.010682921381524256,-0.0011311943919932522,-0.008227413108927465,0.32645283634977224,-0.8727702026838021,-3.021287356339101,2.092835338718831
-0.014950131067195255,0.010704416366638627,-0.0011739770455476948,-0.008250080770368755,0.33691858637169564,-0.900813992831718,-3.024806431507722,2.135444596141908
-0.014965046556234323,0.010698499341178405,-0.0011569903597043673,-0.008223783365334416,0.3265876121600178,-0.891809317694631,-3.0121124100554924,2.1120718874373794
-0.01494789367259786,0.010719964030119582,-0.001199893303515724,-0.008246351256459073,0.3370215140002529,-0.9199153672218036,-3.015424235943065,2.154687987987154
-0.01496064031791758,0.010729666523307637,-0.0012085751707822366,-0.0082162061540148,0.32752556422673956,-0.9297290052397292,-2.993366869152147,2.150405604201268
-0.01496287202115715,0.010714081465829452,-0.0011827801361466862,-0.008220029695750806,0.32695444179387373,-0.9108028158370803,-3.0027938891529344,2.1312579380736696
-0.014974762596007742,0.010501734106237882,-8.362106400008545E-4,-0.008291128107750862,0.32913026022733494,-0.6484590404245402,-3.1358386379465384,1.8801527972450713
-0.014987844663504874,0.01051092028047882,-8.462924943549911E-4,-0.008261539838059967,0.3213697026588478,-0.6600440471926382,-3.114280130690961,1.8777315887717225
-0.014976314074054054,0.010486105170072865,-8.101471471483789E-4,-0.008293715373488329,0.3296467951344555,-0.6286578569017023,-3.143573193901784,1.8602181217577154
-0.014989428942261672,0.010495254857604802,-8.203443161793871E-4,-0.008264147961986483,0.32078853172394745,-0.6404188700531553,-3.1220229093233045,1.857904182369326
-0.014977816440745884,0.010470471553061363,-7.840887133359907E-4,-0.00829621958784834,0.3294575987409552,-0.6088371350295787,-3.151190544578171,1.8402721564660416
-0.014990936729754505,0.010479585958881097,-7.943993866805183E-4,-0.008266725890244853,0.32012113879630893,-0.6207321034954846,-3.129679147105374,1.838056363373919
-0.014979269682969046,0.010454833402759,-7.580461835881076E-4,-0.008298639709793842,0.327878955410678,-0.5890478914723553,-3.158667707925369,1.8202828185369537
-0.01499238837870689,0.010463920663152762,-7.684593167942212E-4,-0.008269233153716369,0.31978516683960406,-0.6009917768864926,-3.137230785983451,1.8181835443643255
-0.014993821450432578,0.01044825549964837,-7.425088217282685E-4,-0.008271599520057321,0.31957892446158215,-0.581225092938556,-3.1446251819614974,1.7982578262924787
-0.014980673788053402,0.010439190866250394,-7.319893844156955E-4,-0.00830097855875056,0.3266483126663651,-0.5692242798058972,-3.1660182440909908,1.8002180194643023
-0.014995225329419245,0.010432579935742842,-7.165377244488818E-4,-0.008273847707448025,0.31911805695689965,-0.561429070564094,-3.151871135163858,1.7782761373594729
-0.014982028743765486,0.010423544090142324,-7.059022331074586E-4,-0.008303237569159549,0.3266006991956644,-0.549296349226726,-3.1732644707369935,1.7800940929184879
-0.014996565926056743,0.01041688952695058,-6.905485383935599E-4,-0.008276043467467159,0.3184383913437228,-0.5415748661791814,-3.159015095924125,1.7582519861033334
-0.01498333453830101,0.01040789322055687,-6.798002195646742E-4,-0.008305415374695757,0.32698091525976924,-0.5292875949445992,-3.1804104727729112,1.7599517938966642
-0.01499783156493952,0.010401190680425788,-6.645518957632668E-4,-0.008278207549739042,0.31780466316026823,-0.5216457547024856,-3.1660741370636534,1.7381948704297485
-0.014984591160277273,0.010392238403124527,-6.537069363172218E-4,-0.008307510007197167,0.32677252065834195,-0.5092810059463836,-3.1874427127283465,1.73980885640068
-0.014911450597951648,0.010936831374304052,-0.0015613950563767287,-0.008185603066654607,0.34008007202266977,-1.1806884167935692,-2.8722749966023,2.419182729011809
-0.014923706435464375,0.010947128170731511,-0.0015687667997868365,-0.008155148103956787,0.333863882592582,-1.1884642135044656,-2.8499806541792183,2.413072631842301
-0.014914369853492293,0.010921395106936287,-0.0015356397705587799,-0.008190473789692494,0.3410232509827657,-1.1624082627660546,-2.8832529827367686,2.400600430548249
-0.01492670981247658,0.010931637831052879,-0.001543082561170762,-0.008159955488043236,0.3333233095319817,-1.1704002903105513,-2.8609051598790654,2.3946492615944837
-0.014925561228420123,0.010859561856462018,-0.0014326110866660852,-0.008209121874177758,0.3384911238818045,-1.0890267404428715,-2.92599135094281,2.3261066380688735
-0.014940696161662508,0.010854119971729248,-0.0014147179535555158,-0.00818328609700148,0.33160410552230873,-1.0789698148559967,-2.9141819586981224,2.3018784807630035
-0.014922836286880738,0.010875033080843397,-0.0014583599913659277,-0.008204586741850338,0.3406447449783026,-1.1073341221190114,-2.9155176949597963,2.3448371487687623
-0.014937950847411133,0.010869613878504818,-0.0014404077325532534,-0.008178880285132605,0.33167316682914244,-1.0973465749833073,-2.9038230385346577,2.3205566668662843
-0.014920062725815754,0.01089049580236992,-0.0014841042383357277,-0.008199968902870594,0.34216427259857535,-1.125644660576643,-2.904903018074845,2.363451329047931
-0.014935207748975004,0.010885096781181066,-0.001466051355818567,-0.008174301986379874,0.331641450467884,-1.1156896812384713,-2.893287848939503,2.3391406544034243
-0.01491724057216887,0.010905949863632839,-0.0015098654787123803,-0.008195264378246647,0.3422223149757528,-1.1440192490125878,-2.894140980440127,2.3820205962672136
-0.014932447529172136,0.010900597889824013,-0.0014916998992156505,-0.008169569794116746,0.3318796283963565,-1.133999088253911,-2.8825865176793033,2.3576707520340388
-0.01492962669873143,0.010916119624257621,-0.001517381071929335,-0.008164761455271128,0.3325076361380484,-1.1522456263323024,-2.871772741959528,2.3761726221628283
-0.014956300800040902,0.010848632984461606,-0.0013967208888523977,-0.008157288886679272,0.32954878494887613,-1.061957442785084,-2.9044216360866764,2.2714165064900897
-0.014959108192634617,0.010833004640844445,-0.0013709089231665284,-0.008161359451320986,0.32921428861261587,-1.0433993950052025,-2.9144713235638195,2.25244637025688
-0.014964165535067792,0.010801709316001528,-0.0013194644829109424,-0.008170041194289266,0.32853287032806167,-1.006347269785418,-2.934625294396255,2.2149608118135737
-0.01496171212869079,0.010817334418646504,-0.0013451238682119252,-0.008165660371673078,0.32891270382291,-1.0248454007575492,-2.924577200958744,2.2336304099854227
-0.014966592412108804,0.010786133391640647,-0.0012938652978513017,-0.008174265509407001,0.32807169552292775,-0.987830905136703,-2.9444968387307493,2.1962491957866757
-0.014969038209817433,0.01077056243182127,-0.0012682347214892826,-0.008178272965747217,0.32761040320308227,-0.9692282945445679,-2.9541793838162644,2.177391695855144
0.015282287462540197,-0.010143096181268763,2.1144032659906143E-4,0.007781848569613913,0.2576166544425278,-0.1599549651441751,-2.9470478955272554,1.1461207738381327
0.015291794603362871,-0.010104790297018034,1.545202248327466E-4,0.0077672121489833,0.25528061946778996,-0.11589597777514771,-2.9468662259381557,1.095574542987675
0.015305103617596835,-0.010069690733034337,1.0255674438559219E-4,0.007744599096094586,0.25255944882189496,-0.07555899304707225,-2.9407308204024787,1.0457557865837739
0.015328439467897345,-0.009947332058699406,-7.496316072564802E-5,0.007702091141264476,0.24646988704641823,0.06202544713874351,-2.9383562906217056,0.8913176633537363
0.015353330860676757,-0.00991359273436878,-1.2214985117275774E-4,0.007655447400346655,0.2419632500596429,0.09917458198876801,-2.915777004850329,0.8364644608148764
0.015319141638272122,-0.01003343344327333,4.948819355790216E-5,0.007719969501846241,0.24964477851047948,-0.03427906336446454,-2.93322891665253,0.9944673264348847
0.01532997818448947,-0.009991044106521171,-1.180000457902483E-5,0.007700374002886016,0.24670788724116646,0.013297008291232287,-2.9294653280436997,0.9391412111000209
0.015308077971579563,-0.010208867935487375,3.047083920574934E-4,0.007727818339274502,0.25419350846678507,-0.23030698051866857,-2.8995724444020126,1.1960369690220274
0.015314772705592837,-0.010172293883142239,2.5097628368773577E-4,0.007719809171952812,0.25262471977504236,-0.18913024174174478,-2.903489520377931,1.1508310206559447
0.015267317676396228,-0.01035498235668104,5.244021095341649E-4,0.007776824303244259,0.2632141498335882,-0.3982047913859162,-2.889725585860146,1.3888550540618538
0.01527851015283232,-0.010271573998149527,4.003330360107569E-4,0.007772565210543842,0.2603474571024221,-0.30425683940964815,-2.909911173771007,1.28979150750506
0.015279629777405731,-0.01031615305665452,4.652028346470399E-4,0.007762434885125429,0.2604655705055503,-0.35299405114851573,-2.8922335871403066,1.3360940448537886
0.015326361647862772,-0.010252192261197295,3.646571107650906E-4,0.00768877897132751,0.2516963631144284,-0.27515400159014614,-2.8662582772336522,1.2264472636775168
0.015269955022042273,-0.01064480880372394,9.398754005476272E-4,0.007682523389441428,0.26342456011926063,-0.7040859093531776,-2.7455305961754313,1.6744307502954185
0.015245724726981174,-0.010607989531179368,8.970215240866973E-4,0.00773999943522338,0.2683365539957001,-0.6749593152510313,-2.789158654488048,1.6661875044170602
0.015271765082449373,-0.010471708837536613,6.92615713496973E-4,0.007738856086010991,0.26323364013176387,-0.5235123897719111,-2.833585014964564,1.5047630708042918
0.015257763484045686,-0.010568608466060142,8.363078736069351E-4,0.007732817089919657,0.2655828449893347,-0.6299556962307714,-2.79881577761472,1.615175571089452
0.015257965033265208,-0.010533260782163392,7.855011847966057E-4,0.007744561921606494,0.26628596728979814,-0.5928569512235754,-2.816965738808448,1.5804404309186855
0.015276104585234202,-0.01050463071963039,7.386021818308894E-4,0.007721119257179053,0.26189281838284667,-0.557129294167601,-2.813385108706004,1.5331685179180654
0.01527458199456744,-0.010429841424821538,6.314027131207035E-4,0.007745423547448547,0.2623093532197545,-0.4778859183524634,-2.850039832105612,1.459392720649159
0.015295689095550166,-0.010388703965062807,5.667790972451568E-4,0.007717627488273427,0.25818609349817273,-0.428628697598796,-2.846379376584561,1.3966922195933005
0.015314697249107239,-0.009787009473098351,-3.077144399983587E-4,0.007712805387478553,0.24550452989186197,0.2439627702600549,-2.970515241335171,0.7168386539041217
0.0153325390463813,-0.00983203089472566,-2.4065704256494644E-4,0.007686051320106433,0.2434441496630994,0.19137182629669086,-2.9473786677899905,0.7576427243711849
0.015368450449665902,-0.009870283833049926,-1.8260714232112388E-4,0.007625187302558167,0.23898754230283817,0.14620213078704328,-2.9041885074604235,0.7784315981943727
0.015337608356244975,-0.009745839910810317,-3.633252688646015E-4,0.0076651316411165335,0.24092683053624916,0.28718012536027926,-2.9462478653301356,0.6560528349073543
0.015387516798587159,-0.009637386083357376,-5.060659802436881E-4,0.007555212413041081,0.2316081503750116,0.3981971069475569,-2.8898704211716266,0.5068961888704976
0.01535681070464577,-0.009697047593895152,-4.2907918159493236E-4,0.007622058545706868,0.23696386258953653,0.3384102645964187,-2.9252045031375937,0.5898067595207063
0.01538818638830319,-0.009663987466794187,-4.6902322372028985E-4,0.0075597754208830605,0.2320292193794701,0.36924030053766144,-2.8900878409484583,0.5364570199126925
0.015420637698885428,-0.00951645946709363,-6.627662653966681E-4,0.0074662921617851185,0.2242673504873384,0.5192856182476029,-2.844125383379438,0.358069979931024
0.015404104652162243,-0.00957347103013951,-5.899337311817814E-4,0.007510668374658484,0.22793672174079724,0.46303171375286223,-2.867568176055999,0.4279395653841153
0.01540483125340952,-0.009616524674601595,-5.308625217990653E-4,0.00752004107154722,0.22859915002291106,0.4168993726646006,-2.869680947239647,0.47553427662718206
0.015384437311107196,-0.009051964132104505,-0.0012862031333850477,0.007332188861112876,0.22183756790916334,1.004398064740171,-2.7679022367724966,-0.13929066510881669
0.015407990475583722,-0.009102896316019628,-0.0012093765018559115,0.007320324990690665,0.21922790512146248,0.9437818239719756,-2.7617830289303167,-0.08847863242599364
0.015407277425532691,-0.008998856402113018,-0.0013396358751259394,0.0072650464569503454,0.2180718836537543,1.0429322340226206,-2.7236699079613804,-0.19751642762802732
0.015412790048521873,-0.0089383181941999,-0.0014103673030365436,0.007220933241223619,0.21627552473840003,1.0955244739460641,-2.693054079614019,-0.2598428332161174
0.015427360347589049,-0.00916270632783568,-0.0011240009924568695,0.007318060662957578,0.21764140507731913,0.8762989106847829,-2.76116509057922,-0.027910328363190323
0.015459719537622374,-0.009117316821353824,-0.0011651573589279342,0.007242633891635283,0.2130834734428532,0.9051818184253818,-2.7134518065440445,-0.08041787736125647
0.015451595556827862,-0.009279452353572455,-9.640428630319358E-4,0.007329952171319959,0.2163715482905091,0.7515329865143077,-2.768512461466259,0.09129012034505823
0.015445124590381852,-0.009219450770968729,-0.0010435692556555536,0.007314903369888097,0.21593188807551292,0.8131592040753876,-2.759458103046063,0.028993598945305853
0.015408777883594474,-0.009415572920580297,-8.019690910818569E-4,0.007454571146393265,0.22399607528751717,0.6281016692424878,-2.8425440386941725,0.25112422680986995
0.01544120052519805,-0.009335292583722484,-8.959706208761699E-4,0.007369779147545008,0.21865519278570913,0.6995264261092832,-2.792364280733062,0.1538338810272126
0.015439912125439648,-0.009376052620042263,-8.431553619627386E-4,0.007387294900663949,0.21952972920952157,0.6587419180399695,-2.8019642652924204,0.19820291493382305
0.015482095143906284,-0.009321100960209699,-8.984761513932252E-4,0.0072957927669408795,0.21359306487551497,0.699082352794788,-2.7464200873727345,0.12803313104072384
0.015447464026626782,-0.009463357635320687,-7.255829573805764E-4,0.007404160173570955,0.2201024853004366,0.5670730217686292,-2.8084840592128195,0.29023540341727466
0.022664291304342388,0.01693314428243815,1.800429531918209E-4,-5.894926106736101E-4,0.15852464906372507,-0.2623270663492301,0.21964218083040762,0.275641502465914
0.021794480279519905,0.016451392038185905,3.351823590946768E-4,-9.111829877201683E-4,0.12664588314224787,-0.35155957290528544,0.2416117378788826,0.37225810322447367
0.02091776401153167,0.015330954870989517,5.328375466617011E-4,-0.0014441803203566618,0.10314113089038719,-0.4423959597291793,0.31900681238434375,0.4769592686597824
0.021588493842210225,0.015678980139371506,3.809459318051043E-4,-0.001133594088442976,0.12323480662235257,-0.37484210886782987,0.2914615037652024,0.40100023792133355
0.020316112593799437,0.01433613156763275,6.569090204781492E-4,-0.0019410958525766118,0.08807922729998872,-0.4883099528486012,0.41891489159460166,0.536876566656172
0.020982979932366683,0.014642174609771455,4.996843497577021E-4,-0.0015885503380657594,0.10409142970297085,-0.42382881343179984,0.3750180380533769,0.4609592808407205
0.019544494956077373,0.013489795708678276,8.036212589548006E-4,-0.002546286625290151,0.07447947116024274,-0.5402238442083208,0.55181649607727,0.6109938802551592
0.02035485976329663,0.013724559495737424,6.018814815604099E-4,-0.0020870540552977005,0.0856487615938879,-0.4545639359037869,0.47884005527182744,0.5053863420371565
0.019702888435087655,0.012743664694756601,6.473167363877363E-4,-0.002670853725464648,0.07072175615169692,-0.4522597011911547,0.6311573678598191,0.522031705876885
0.018718131004518947,0.011478653019380777,5.68784272477875E-4,-0.003594371901349773,0.06269585521324855,-0.37106887398926336,0.9302903803861168,0.48734171211782656
0.019291998219612666,0.012244497907087069,6.520339941633328E-4,-0.003036248164250306,0.0650837330167471,-0.43919314795050923,0.7380483497930459,0.5252555624066937
0.019073271320430844,0.011750250284471724,5.774724779468581E-4,-0.003290447955045995,0.06265755667592522,-0.38394894759867365,0.8312507668818551,0.48176658889472873
0.018262252579173712,0.010326881847676862,1.7414190750039964E-4,-0.004106399204200354,0.06115249167116308,-0.10452493042577639,1.1534834929274158,0.2552727938931146
0.018738558861252037,0.011044532662142888,4.148937062041608E-4,-0.0036557976461932535,0.05819264791564333,-0.27135750747215265,0.974397596079814,0.38760587786966133
0.018569526310784304,0.01062677717893932,2.7826868654162815E-4,-0.0038353472428750827,0.058396838031074795,-0.17713738525045844,1.04968047246848,0.3054781819120182
0.017580572853071432,0.009197318033894201,-4.4571428871958773E-4,-0.004652631276563756,0.07390677273905498,0.31703644327720787,1.3778950938191488,-0.10323272031994225
0.017955468479060165,0.009725290295266148,-1.1679483061400696E-4,-0.004371245647562306,0.06485862758740667,0.09358199585413336,1.2659261213236874,0.08320554900631401
0.01793458861565583,0.00936127340093544,-3.0395874608688103E-4,-0.0043559857380523,0.06356265305591012,0.2198732481366699,1.2613716100478232,-0.042541930266599935
0.01833432719093476,0.009914608616384442,-1.2489429236026348E-5,-0.00405345218825456,0.05676312889409719,0.022079389679505564,1.1452097998086466,0.12293696640102016
0.017278995220038694,0.008537530139320014,-9.005559545024117E-4,-0.004763808271545023,0.08398156371631303,0.6210459124514641,1.3986733115606143,-0.37854137101069496
0.017534903332621112,0.008822993033429347,-6.644203116321114E-4,-0.0046126420190114705,0.07539262239754983,0.4638247392215274,1.3515373593920803,-0.24822461302483914
0.017622393277210803,0.008503067778149496,-8.07520415809048E-4,-0.004443896133915167,0.07020380219882238,0.5544451885293231,1.2711244794161232,-0.3541602667041151
0.016402587691568108,0.0070941972657695895,-0.002130996096645798,-0.0047588224444016095,0.1378079543124748,1.3641978569421462,1.2142757695571642,-1.0443821178647907
0.016695050710829898,0.007224021193631296,-0.001873476503092654,-0.004617438871298233,0.11818606916183953,1.2054011050505664,1.1978353484324389,-0.9237836791533107
0.017133067296805807,0.008170748536817667,-0.0011618574469840187,-0.004756381425544416,0.09097286825255603,0.7885427172840221,1.369403750237505,-0.534498748169745
0.016971457204850493,0.007779929560570693,-0.0014455004653392196,-0.004713304227487309,0.10108197116694974,0.9633333633468169,1.3122160318621836,-0.6986448453267818
0.01697375881856063,0.007391648835966593,-0.0016301249552074105,-0.004499072717767927,0.10058239883472724,1.057876406224931,1.187779539913625,-0.8084475119307833
0.015725567091069582,0.005803061400507369,-0.0031012055927028413,-0.00412322052462644,0.19510328025382176,1.7295532146635508,0.7132825661920651,-1.4052342051711901
0.015904575194423547,0.005940964509893914,-0.0029156126712987793,-0.004155829834807211,0.18031718058156532,1.657914876589357,0.772279558760742,-1.3446056330954035
0.016318380026590355,0.0068027821277098395,-0.002314272057738889,-0.004605606332701341,0.14521911261570272,1.4425812241040212,1.10529746619052,-1.1287077916952077
0.016217770266563243,0.00651051594719535,-0.002497606952425482,-0.004446728966746452,0.15349711977090294,1.5137355926937428,0.9938321245164554,-1.2041741383257085
0.016098202251139525,0.005961582962702274,-0.0027481828826635976,-0.004072526563281742,0.16311341538708563,1.566135043700782,0.7807747491045587,-1.2789851620165984
0.01623539268193902,0.006178345496896934,-0.0025831065005353982,-0.004172136785973953,0.1529575536635874,1.509755733612428,0.8581966731873065,-1.2252587792543912
0.012953201536009179,0.003165393624564303,-0.005338665202624545,-0.0018309775993106592,0.2598005131369537,1.5109813837605124,-0.5096794801248165,-1.266703425279622
0.012941372696032048,0.00286634569917761,-0.005251654255471288,-0.0016151526424534773,0.23595489234739006,1.4078876713871218,-0.4726928818552441,-1.1932073920796855
0.01519007546936122,0.005536074908912549,-0.0036469957518164794,-0.004096136509333028,0.24453845640078797,1.9496651301144332,0.5524244288957023,-1.576054192403018
0.015475088839441719,0.005664762140972442,-0.003354972667221814,-0.004108446812360938,0.2165733605656773,1.8339245631607521,0.6401282103809188,-1.4881675760118
0.015120676450892587,0.0052477187939267535,-0.0037354565733482086,-0.003835177160200608,0.2442905751482448,1.9067645094651062,0.4321173895661788,-1.5572397051535594
0.01500097650822063,0.004993272370279449,-0.0038577111814433614,-0.0036202821501824067,0.2486750688132159,1.8849212907925832,0.3257272793276001,-1.549977669758223
0.014849645431758074,0.004780892064080636,-0.003999181120397533,-0.003446963528992805,0.25465397161024894,1.8770330646334934,0.23168772666958307,-1.549461106079096
0.014698100131772564,0.004556219944696717,-0.00413044418294552,-0.0032550552655886476,0.2587671137664688,1.8544137114407804,0.1388697948184614,-1.5369427630617112
0.01320880569673123,0.0033968790310454954,-0.005218849591460169,-0.0020835010535647717,0.27399792058783606,1.617777302859807,-0.4446546085654947,-1.3504999002429696
0.01347289647826292,0.003536666308585218,-0.005046597478555316,-0.0022614435130132687,0.27668782604895154,1.676334578716288,-0.3590193310426424,-1.3986692132057639
0.013713998428905382,0.0036904613508510617,-0.0048835610211411746,-0.002436873551373422,0.27620685640981796,1.7250664082192235,-0.27612277517064276,-1.4390557197859268
0.013934280612481916,0.0038342697739785995,-0.004725182573371668,-0.0025916613022931023,0.274024264714893,1.7586962704356583,-0.19512059634389375,-1.4665589716581822
0.014160007114858934,0.00398395440039141,-0.0045539666077469105,-0.002742475402360062,0.2693262502464457,1.781943728055672,-0.11002405561376004,-1.4866490648704322
0.01437348642407668,0.004137425141717174,-0.00438560822784837,-0.002886157614318027,0.263291765935385,1.7961464946041132,-0.02657329519199456,-1.4970734991117143
0.014554331887843226,0.00434146509494178,-0.004245089718760674,-0.0030671964655043624,0.26013537934864134,1.823533742236085,0.05765054493807947,-1.5163846446132043
0.01189617778927146,-0.0020761426364869604,-0.0055978744236840966,8.177876689130227E-4,0.17589141405613679,0.9621516571197358,0.5571359441792234,-0.8337341094598922
0.011749418495281006,-0.001592444519400481,-0.005523252140807442,5.708365533627712E-4,0.14899634140264784,0.8312976600860648,0.441036449014752,-0.7370098951841245
0.012967365943075881,0.002615221379722184,-0.00516171009903817,-0.0014537339928557466,0.21870591145596477,1.33735197573837,-0.4284947990866689,-1.142829944609687
0.01285366973474523,0.002422223411278035,-0.005182146089300621,-0.0013004645215668003,0.2063087971322341,1.2686066355235146,-0.42652441477747505,-1.0908818626039758
0.012238732074051097,0.0022197982388248313,-0.005476330666402453,-0.0010028984532415564,0.19007273549606726,1.0900897376929002,-0.5251439743806826,-0.9405422984029993
0.012589139361206694,0.0023201346484112394,-0.005313104005420336,-0.001166231080065643,0.1996120082257147,1.1949416031844144,-0.46917352830514286,-1.0301387145188736
0.012227688315451598,0.001831169985495527,-0.005373858115927561,-8.048161526733073E-4,0.1706439746784988,1.0078692636278637,-0.4321716103212678,-0.8832950637274287
0.01150637477287155,0.0011138285265910035,-0.005507000737657878,-3.434743180161652E-4,0.12925861123190552,0.6982035104852189,-0.32562189291935156,-0.63156251796457
0.011809993131500801,0.0013949042885536243,-0.005454370447250573,-5.091749661002196E-4,0.14525198738785247,0.8237634803005734,-0.377042409250785,-0.7361543933785594
0.01218590409002251,0.0014401354432432908,-0.005305693335462353,-6.121697428999904E-4,0.1541256433079574,0.935376485135421,-0.3435457526555772,-0.83131509779869
0.01255648574907884,-0.0025643864111457777,-0.005406078324185452,0.001300521038757875,0.2163672596870802,1.2540321098872806,0.5274066820296174,-1.0691563822494523
0.012593069454738105,-0.002257582139083315,-0.005293197576620186,0.0011308427762224545,0.19691151953083166,1.180360027879827,0.45664663005284106,-1.0200471078766011
0.012314279729145453,-0.0020702783880162104,-0.005393868112387308,9.486562150724671E-4,0.18318398823117615,1.076716796521963,0.4739351950628167,-0.9334653319902653
0.013732914863735816,-0.004435310529285026,-0.005056827514170286,0.0031311001485906293,0.34168063802198473,2.057256279607321,0.2251251330331497,-1.6683836326962724
0.013630865725442705,-0.004252738575712459,-0.005107669381652906,0.0029344038615352567,0.33221840573474504,1.9811217551510418,0.28628327513866697,-1.6146542601643985
0.013493121390837911,-0.0040970330691665925,-0.005192937732711063,0.002758943070995348,0.3264784860758173,1.9205079052622005,0.35341586467829467,-1.569008665476493
0.012838185743809055,-0.0030981003770396837,-0.00539929280849518,0.001745056855837926,0.2557616212364479,1.472180528845829,0.5382061566388626,-1.2344645236557996
0.01271297530193551,-0.002810987202690398,-0.005387856606220396,0.0015071178459241316,0.2339187265898672,1.3559798754712615,0.5302680928155544,-1.1481566194465807
0.012965260680876112,-0.00339324864314528,-0.005408474078837233,0.0020066234090803867,0.28160523036461643,1.6002230365924175,0.5340138847234791,-1.328249150189391
0.013083242161575501,-0.0036371071525529578,-0.005401248056202647,0.002240177361439753,0.30134080354724074,1.7126235242577847,0.5131483995711724,-1.4114967800953997
0.013259527186429993,-0.0038311827321895007,-0.005318616064633869,0.002458922477602068,0.31460145948024293,1.8043613209712466,0.4520164486702735,-1.4820076266381987
0.013472944849018913,-0.00388362146665935,-0.005146835852154302,0.002559332576188707,0.30663263854533657,1.8212003262880374,0.36436929984925553,-1.5010508416592214
0.014021292779207332,-0.0053480670144313005,-0.004943100734834886,0.004159812552583772,0.38838468350428507,2.497512787579694,-0.12522314050162772,-1.952148239114653
0.014108641618913396,-0.0054902524489923435,-0.00485715976357221,0.004326604320215681,0.38598633527427767,2.5399395980958492,-0.22471714146492075,-1.975431152998463
0.014162001760133986,-0.00562910068624614,-0.004806313056179686,0.004493197876767028,0.38650293399207264,2.5955698043797004,-0.3142613133889957,-2.004967539480974
0.014311360555899075,-0.005663741888844621,-0.004621391668445086,0.004506983434830283,0.36400440981242227,2.516099531901719,-0.39145501006800604,-1.952426900338187
0.014329207399479968,-0.005812847863678476,-0.004604648865329707,0.004690125205262178,0.36873805026018963,2.58932160808142,-0.4797501059059948,-1.9902739675953978
0.014385244004146931,-0.005909562123707803,-0.004533629464155657,0.004797332968979407,0.36369207747507437,2.601293495238339,-0.5568455882137812,-1.9907602657887247
0.014461891124089687,-0.005952760119264802,-0.004434528221355851,0.0048270725894546595,0.35273740079172783,2.5644668404150397,-0.6072631434365067,-1.9634097465625275
0.01453427929020014,-0.006011733846938391,-0.004339829977570563,0.00487495131875232,0.3422556692446434,2.5365168794587962,-0.6647632190554835,-1.940210955385815
0.014042916823028861,-0.005015363912356233,-0.004858619441649523,0.0037702446717853473,0.35808863839706523,2.283789177412991,-0.025451626166521902,-1.8205959842501915
0.014145458110528114,-0.0051797876375647475,-0.004769520756191171,0.003952476978486713,0.3578669170543931,2.332212073219173,-0.11956917103689214,-1.8502485377670916
0.013956228728586713,-0.004451363858521771,-0.004836849887403447,0.0031707580397574466,0.322040465597255,2.017512895060886,0.128500162618945,-1.645261780538554
0.014003592291837924,-0.004678285116244289,-0.004835991626867343,0.0034048608556555464,0.33481040722138034,2.1155389904824093,0.07039246215286216,-1.7117650103292807
0.0140932575996842,-0.004847533444282122,-0.0047733064975511,0.003585485021417986,0.3396872984058569,2.1737954442897314,-0.0034056903871030357,-1.750631692688998
0.015005200406748426,-0.006936738881287658,-0.003522546896485799,0.00575152620456715,0.2779503432508505,2.374736436619139,-1.4073205624774234,-1.7056885000107074
0.014894521865725891,-0.006873262866018835,-0.003685761494283072,0.005762317318074299,0.2946701988022868,2.4803657737292784,-1.3672120931742837,-1.782753709045729
0.014971802210802798,-0.006888715272857139,-0.003583503175000069,0.0057201057758895085,0.28340723333069917,2.4036697007115366,-1.371232544652102,-1.7331295071132868
0.01487838399732535,-0.006779551114301792,-0.003741817070965272,0.005656837946820797,0.29729301717976847,2.482284546719668,-1.287138499748431,-1.8022870026611246
0.01485256139468977,-0.0066855366767529095,-0.0038065240997681694,0.005557354242868945,0.30092230825643523,2.4898078100644834,-1.2088822627348719,-1.823696285594673
0.014788559258215922,-0.006611051601099906,-0.003910858247016937,0.0055064742935157516,0.3120396590464284,2.535310332352826,-1.1474231355845765,-1.8645609360654132
0.014758324152247832,-0.006518994594723173,-0.00397440209873811,0.0054083470874692185,0.3160614711556066,2.539582160213192,-1.0706486194106626,-1.881553044179753
0.014642715384636878,-0.006357290286177717,-0.004158485374308882,0.005267195020646724,0.3333031050978364,2.5924107968811927,-0.9314587090582774,-1.9380611561872845
0.014729010885778326,-0.006414693348549383,-0.004036209028645229,0.005293138159218956,0.31920489784372014,2.533287108940664,-0.9861520229867089,-1.8924955580960763
0.014558093942186196,-0.0061150295789711056,-0.004300994079215256,0.004996237484822984,0.34218332223888204,2.565453145162834,-0.7386461739261828,-1.9489299220222522
0.01462630946598745,-0.006242485316719578,-0.00419835297939579,0.005127792203753121,0.33355988437454237,2.5617410641177476,-0.8422204968005037,-1.932673135254652
0.01512159527178182,-0.0074705866688034115,-0.0030931177006734683,0.00627494193490465,0.25664329203679376,2.2225980415522577,-1.8457025503323157,-1.480562780420786
0.015165896333434573,-0.007524482934091168,-0.0030065177348345636,0.006288196341651955,0.2496275912149995,2.1656006636686387,-1.8736341034053516,-1.4327172185051795
0.015171854754359755,-0.007588852045540263,-0.002954912077173955,0.006353540306063375,0.2483967009765404,2.1430777025815577,-1.9273646569014617,-1.3992245104444339
0.015171897652817436,-0.007658330474151823,-0.002904338114960873,0.006430557617436197,0.24751915347318976,2.1222649226580983,-1.9884671297259189,-1.3636735893535625
0.015211419739750948,-0.007748415576703508,-0.002792742322263834,0.006482190821284833,0.24138453867981866,2.052157820221234,-2.045354796786905,-1.294473633468528
0.015237229599886316,-0.0076880940323208295,-0.0028112282536155403,0.0063872922886785005,0.23981938579491247,2.0479357366958157,-1.9794734126181643,-1.3153860329827596
0.015203234206208135,-0.007931351170545787,-0.002650760596248754,0.006685711436305392,0.24093922323877584,1.9842179383772025,-2.2061389741062496,-1.1846669780478292
0.015233470935123637,-0.007802951457982269,-0.0027261320259785817,0.00651356347107667,0.2377039829088344,2.0100961771799573,-2.0788279531817593,-1.25239305941986
0.01523024819959511,-0.007871523689837859,-0.0026735329975627084,0.00658922450983646,0.2379982137457677,1.9848738486729325,-2.1382181019710633,-1.212044672392352
0.015194079286602017,-0.008060047582758767,-0.0025444229003288815,0.006830083760953966,0.240882457319954,1.9275970155455153,-2.32097211620535,-1.0969791140151688
0.015252529112122985,-0.008208794265715146,-0.0023444930739279645,0.006895490156282669,0.23262856213541094,1.785602774525074,-2.3948922322844,-0.9604605884549712
0.015246348324188959,-0.008131275549225462,-0.0024254539785698408,0.006829814733666879,0.23360100423681332,1.8379977652339234,-2.3392107825038857,-1.0235636169515443
0.01524390456282111,-0.007988174512451884,-0.0025592646283442697,0.006691423135464897,0.23549657364229878,1.91757215670493,-2.22577162781416,-1.1289048622717288
0.015312975983703953,-0.008254333696054304,-0.0022437219037606277,0.006853077548410227,0.2253724336641361,1.703962519374718,-2.380879127255039,-0.9052230537804106
0.015377791348304788,-0.008313751489618836,-0.0021277814014773674,0.006814795892560373,0.21769486424417936,1.6118691916595933,-2.370906032001009,-0.8393136541034404
0.015378730335350229,-0.00844687028053266,-0.0019912714417274946,0.00692474571855888,0.2173290226844136,1.5206336957744322,-2.4584174438821402,-0.7283051135596936
0.015402145391993477,-0.00838081862322361,-0.0020400332545058948,0.0068370516366660595,0.21462184561942227,1.5481849699709926,-2.396281669039893,-0.778360526492106
0.01544341528528088,-0.008346154908871379,-0.0020406147467845717,0.006750604016396393,0.21049551312077353,1.5391069237218176,-2.3403945228935044,-0.7963450055690686
0.01540643644735609,-0.008726419379373776,-0.001664041119603901,0.007094199462422777,0.21540351036199465,1.2841879945523047,-2.597591920904104,-0.4695523842556391
0.01541963331024123,-0.00878056351971413,-0.0015928399223206317,0.0071105395527814195,0.2142087627114915,1.2302842126275806,-2.6128511632244145,-0.4167519552709246
0.015439253866827311,-0.008838422945140239,-0.0015129322228872803,0.007117552614542068,0.21230983446199894,1.1684642658087612,-2.6220814199895144,-0.3597797513690559
0.015410454124960485,-0.008634325926529489,-0.00176482935341961,0.007022507528130592,0.21439128551113498,1.3560679529443778,-2.5437877055562015,-0.5555025734595452
0.015448220834759746,-0.008505022818283737,-0.001875629765319349,0.006869926818907336,0.20972489261572333,1.4272969670167823,-2.4356126531604274,-0.6647237907759757
0.015431157165919829,-0.008573564547118348,-0.0018158896929225397,0.006946721565991778,0.21180797617406535,1.388593364617732,-2.490466253069998,-0.6077454123949256
0.015450354377223637,-0.00868379371566616,-0.0016815357761671105,0.006997585115424987,0.21005510082863865,1.2900675321491173,-2.5345640989730005,-0.5056606995949978
0.015465074415644557,-0.008897421684088667,-0.00142796597297756,0.007113469785935952,0.20983462353906504,1.102291703861499,-2.6239026957315557,-0.3021080324889082
0.01506500871198046,-0.007064714789775896,-0.003392135518161031,0.005854198377171307,0.2689745136111061,2.319232572197446,-1.5054555914944123,-1.6452741956467614
0.015075935178463222,-0.006962650394441568,-0.003426634859281428,0.005723915751365997,0.26832994586872033,2.307629424322491,-1.416896378579718,-1.6599276873935216
0.01512237701125973,-0.007266956441864207,-0.0032175916083428927,0.006038772838275196,0.2585087079593933,2.2525788036604086,-1.6655035616341622,-1.5566389388535085
0.015160306387912699,-0.007397171894430919,-0.0030961642223475204,0.0061502996584332425,0.2524507635545934,2.197094164093384,-1.7649660722471376,-1.4892921571588564
0.015169351301035049,-0.007320202473999469,-0.003132696359427313,0.006053732120751175,0.2517439951119256,2.2000151408999677,-1.6954182638163438,-1.512429934629658
0.015132889796763577,-0.007162600403619966,-0.0032626749771839827,0.00590795122453567,0.258401872023807,2.2499050914656364,-1.5720512794674877,-1.5816925565305837
0.023784163384948376,0.016234265890496827,5.3404229304445304E-5,-3.590409529535379E-4,0.22247204333448875,-0.15377728994202022,0.2631202784050117,0.16406797454730196
0.025,0.015454229691227492,0,0,0.3051240935940704,-0.003880478241092205,0.3178114954998588,0.014051098367507786
0.014787346801984104,-0.011953416012206959,0.003019393117374432,0.007401108413019172,0.3053487070064276,-2.046943287974763,-1.852607849158529,3.1470145263708136
0.014819298900832827,-0.011880958564372907,0.0029039659123448656,0.007441803186263834,0.30530736807520403,-1.9859462088655506,-1.928255666877669,3.082249237941553
0.014804214788544046,-0.011931176690367787,0.0029755892618375233,0.007403834409328606,0.3038850275538438,-2.021999577548477,-1.874630793288196,3.115354886285445
0.014816211196923714,-0.01190681597072494,0.002935398974377844,0.007415650338746985,0.3034600559835605,-2.0004123475149718,-1.89966864772167,3.091502153289968
0.01484342377930572,-0.011865806731917212,0.00285931962823294,0.007424141842670804,0.30144720922166685,-1.9569927016417472,-1.9390749868178163,3.0384312608875663
0.014883655624242487,-0.011715237650043774,0.0026452374639913605,0.007533064422840776,0.30501940910880926,-1.8433063404495165,-2.093116938237785,2.9342955579647882
0.01489056930991689,-0.01174335624193063,0.0026700099579177977,0.007491819894309121,0.3013567981821797,-1.8529516200620753,-2.059802807423503,2.930908232283727
0.014868270729405775,-0.011759737915475221,0.0027132597133425296,0.0075076579984784675,0.3048947036691225,-1.881423855434598,-2.0496182385135824,2.9728085151028725
0.014865203151035523,-0.011788957850930305,0.0027497156410345165,0.007479622438880558,0.3031098643003767,-1.899587918878291,-2.0182650847340367,2.985376117788601
0.014851037313762498,-0.011817038068645277,0.0027970872956950775,0.007469035485155827,0.3039087572649985,-1.9264581457435277,-1.9915127734088653,3.015745986307675
0.014864990704487038,-0.011844472024144922,0.0028113034449121378,0.007417003012557116,0.298756222949955,-1.927521190451255,-1.9568329049183053,2.9979884991564103
0.014926251744260524,-0.011656085780515527,0.0025308250446173935,0.007530157067465439,0.3001260708290778,-1.7722272881867867,-2.1398952885046247,2.8442172666326893
0.014938483759600657,-0.011631731216106568,0.0024894314438996274,0.007536265135207563,0.2992737547439472,-1.7471269789287514,-2.1604596396126214,2.815394640597184
0.014906819172749252,-0.011697381908261353,0.002599567531462767,0.007516654095560439,0.3013144873275642,-1.8130510329207148,-2.103563514814962,2.8900475032365716
0.0149310734343933,-0.011680754379385198,0.002554598976222421,0.0074969009672304415,0.2973814658979046,-1.7827678606193131,-2.111644958314813,2.844738730752356
0.015238599446287644,-0.010851969183623723,0.0012424827444912738,0.007642439046348059,0.26774700696955006,-0.9205375583391734,-2.645649088186195,1.8941355678300622
0.015251196927980102,-0.01081002953357206,0.0011784233947892018,0.007641856043537731,0.2658717918835631,-0.8747295213526786,-2.6623945431211293,1.8435669741773644
0.015298132642542418,-0.010681359174783385,9.795387139171496E-4,0.00761817456782303,0.25801289386523063,-0.7299818567049422,-2.698667720262232,1.6769979594446645
0.015308887106795219,-0.010644672804000114,9.244480400582396E-4,0.00761401072326692,0.2565116557922563,-0.6897440938172832,-2.70924425632864,1.6321181891526257
0.015267129489868119,-0.01076749348396877,0.0011121300149944055,0.007634535891087653,0.26332810522431793,-0.8267079261147775,-2.6753736798786174,1.7882206442174746
0.015282991488812346,-0.010723741875831328,0.001044551778421541,0.007626648258015341,0.260767584383831,-0.7775535269138998,-2.6877557828433827,1.7317047727117598
0.015174241932166765,-0.011026511314295167,0.0015175769441901996,0.0076524607163757285,0.2772714606290227,-1.114960332971348,-2.5726855755105813,2.114861376800135
0.015207615961514874,-0.010943328966876298,0.0013844507694314933,0.0076456982246634825,0.27223565146257794,-1.0213411919725335,-2.6079248704792364,2.007075254442188
0.01519446000928676,-0.010986111164428963,0.0014503647722460707,0.0076428867428564385,0.27404047881592125,-1.0673942006151442,-2.587224849424548,2.0575282585443535
0.01524535901764693,-0.010930182372782515,0.0013450488130129948,0.007588344863601224,0.26555430760358806,-0.9899134348984043,-2.5864054658683377,1.9498768946149885
0.015267416116197655,-0.010893239396393289,0.0012832587413792024,0.007570896237483987,0.26185302714461295,-0.9451423072578989,-2.593676241244282,1.893604081532141
0.01495343092387484,-0.01160031648553975,0.0024368550527927644,0.007544742628780666,0.298085189697555,-1.7152034042213056,-2.1866549290078603,2.7792128634542874
0.015026023426596175,-0.011385792110914122,0.0021031679573993082,0.007629970970918829,0.29477161361635873,-1.5098662093306976,-2.363447826179204,2.5637069695763253
0.015024621417294026,-0.011418650749667776,0.002146031792070634,0.007603177429821909,0.29352154143756376,-1.5352405691103608,-2.3325490903860193,2.583526561384122
0.014975486752703973,-0.011569950357398183,0.002378501685711236,0.007540160014087538,0.29531454858029244,-1.6778841073971191,-2.207614373286747,2.731696110671829
0.015007442106625996,-0.011461965950476662,0.0022158456940693243,0.0075918126414829664,0.29505560843025713,-1.5794389013976309,-2.2998602809720814,2.6321592857063014
0.015023661376278686,-0.011445347678217137,0.0021803330387792793,0.007580725031933492,0.2921801968145641,-1.5552288638614742,-2.307148841547117,2.598780260181085
0.014989225966460877,-0.01153761664242092,0.002326059823115276,0.007549824643096511,0.2943185092243387,-1.6456815856543285,-2.233742138113476,2.696101006567334
0.014998229573421734,-0.011504355922675987,0.0022768569052714935,0.007567144321227728,0.2944398883525779,-1.616136681968513,-2.262607610378426,2.666890605925854
0.015012898214577295,-0.011485841885464702,0.0022403664603027917,0.0075609467338217965,0.2921657752952975,-1.5920116252554686,-2.2732668025486635,2.6353937617384244
0.015056344966824878,-0.011378003064923582,0.0020669369834156828,0.0075869750319680915,0.28890326031660024,-1.481794356553898,-2.3525604054835836,2.5134563150759486
0.015062657425447388,-0.011242199972733171,0.0018860389956327041,0.0076887016151088025,0.293343044730799,-1.370663522326973,-2.474127450368272,2.422829572110824
0.015056673744514205,-0.011275487738829698,0.001934675487415941,0.007672107193441057,0.2932903214980382,-1.4018996060771443,-2.447819122056399,2.4527620591973087
0.015048897870016448,-0.011307515685151755,0.001982867657465835,0.007658853447652421,0.2935669605920573,-1.4329089656707537,-2.4233196812651325,2.483954027716258
0.015095889162458385,-0.01122919154097689,0.0018429097687439797,0.007642826026569175,0.2869602284879354,-1.3374983908855302,-2.4628473180999717,2.3658845986178716
0.015069661293041348,-0.011334044017224328,0.0019997839058227534,0.007602314489491421,0.28809382963759383,-1.438836883738144,-2.3854472013609977,2.4686631153091017
0.015082583176422913,-0.011361788642145912,0.002024165107908867,0.007557889919870226,0.2843610662574286,-1.4507039681359293,-2.3518917872015734,2.4655391756742335
0.015117003601504586,-0.011204053543885237,0.0017938574401508403,0.007626462995753302,0.28355412107235284,-1.3028824036888136,-2.4701296692991357,2.319352518501072
0.015137636564742176,-0.011178278524995092,0.0017447694347623736,0.007610862244971213,0.28032645518456006,-1.2682211632222946,-2.4775341047660127,2.273261940330981
0.01517558628953862,-0.01111570724912165,0.0016356810757061219,0.0075912114331547235,0.2746687993464793,-1.192155049997021,-2.5014147247816916,2.178444184819489
0.015158542290507232,-0.011149224653874495,0.0016916176321786593,0.0075965899426430955,0.2770374549754488,-1.2308582690655976,-2.4866950633913345,2.2247959300068225
0.015190949593767308,-0.011071505700639053,0.0015669804316527157,0.007594861775526423,0.2728820341318616,-1.1451897587168134,-2.524824352255717,2.126447142726205
0.014536079521454888,-0.012406880765517164,0.0037775241302707182,0.007119898651327895,0.30607952210892453,-2.40141215438477,-1.3158512599091605,3.5406245252930186
0.014587030454378133,-0.01230888987992332,0.003623515396142359,0.007199474852415713,0.3082573906702519,-2.340343752619346,-1.4410533153987937,3.4778288217328996
0.014570621042345003,-0.012333697915389364,0.003667913147294767,0.007184379182919196,0.30849652268898814,-2.359942553563292,-1.4092361711389467,3.50093060795292
0.014576066705848406,-0.012319471823511858,0.0036481434036564108,0.007198049845840422,0.3093907228150153,-2.3526638161298252,-1.42700798878728,3.4948878275121857
0.014547690314401791,-0.012388690647621195,0.0037460868775570674,0.0071326403268460485,0.3061217588708034,-2.3885196727004163,-1.339771851750904,3.52583826888501
0.014559869587980051,-0.012366745660125725,0.003710674449888023,0.007149837411549372,0.30652959832622856,-2.3744276860652067,-1.3680594717685837,3.5108271832907962
0.014579335444302403,-0.012352742225203987,0.0036711465850781367,0.007146290775607017,0.30443673425998746,-2.3537882901891147,-1.3877302431817764,3.4801443898236077
0.014605979135426415,-0.012309567395269424,0.0035972055743819847,0.007174836082819831,0.30449681401842776,-2.321879183750864,-1.4422939874480116,3.4437688949733802
0.014620368589864655,-0.012289099724429332,0.0035595189425566415,0.007185561020026849,0.3038733109770709,-2.3046042046875663,-1.467945871519403,3.4228488018116385
0.014671002751618908,-0.012198244616884067,0.003409344837143716,0.0072455208782123,0.3041749148567125,-2.237074039356072,-1.5776911353048346,3.3485031183393694
0.014651604607133509,-0.01221670189414144,0.0034524716815024924,0.007245750517174924,0.3060982868596391,-2.2600892148110563,-1.5555205742986606,3.3803271988254626
0.014643950353889585,-0.012268737558733141,0.003509129376744381,0.007184066211790558,0.30162173479082083,-2.278118510487768,-1.4937785889634354,3.385312324615192
0.014656126222558491,-0.012242590922469949,0.0034694438921657766,0.007204485336175468,0.3022040916566403,-2.2612064376457774,-1.5251542507800222,3.3684007624766217
0.01469054342978475,-0.012177112939373555,0.00336369802481924,0.007248231619954362,0.3026727390411344,-2.213049408400328,-1.6024593687126785,3.316428855149606
0.014712496599760719,-0.012156330499092675,0.0033153169641311256,0.007246739500951452,0.3003829141578768,-2.1865588643875813,-1.626197156495096,3.2798192763326397
0.014731047694649937,-0.012135454449776222,0.00327146286881333,0.007249366882426292,0.2989710062460929,-2.1631480246753694,-1.6495334234105556,3.2489427832931432
0.01478127706245063,-0.012008248333561716,0.0030832688681305567,0.007342228720867199,0.30144764516232675,-2.0740192704027005,-1.7907112290062697,3.161730805379411
0.014746266419932494,-0.012115449039544217,0.0032328223015086048,0.007254849604431728,0.29797887404300133,-2.142905395829557,-1.6715896282146565,3.223470099447589
0.014798238336055243,-0.012040071251916001,0.0030940805166782925,0.007279226977893564,0.2951005337866646,-2.069813537795571,-1.7520392453117177,3.1343280481603704
0.014762239095512147,-0.012093101072068912,0.003190990242322785,0.007261873670332694,0.2970733113330341,-2.120994418283025,-1.6959250894967466,3.1964598379035034
0.014780701842449928,-0.012067411923220415,0.0031427689185308133,0.007269213801757146,0.29592624222764025,-2.095423426492172,-1.7233057611815121,3.1648538235179964
0.014801444005304976,-0.011982255214745113,0.0030320008911750326,0.007345831128809447,0.2997783006346801,-2.0453382446435815,-1.8170218210784663,3.1252217236757662
0.014532942735474737,-0.012466198449562236,0.0038276241114263733,0.007036182995654152,0.2990350407328308,-2.4078666866737173,-1.245281640872925,3.52517817690785
0.014542342279587173,-0.012444659611778786,0.003797560612935414,0.007057004707455318,0.29993481456148346,-2.3977791777985336,-1.2726072121363092,3.5165513662500145
0.01454616835182781,-0.012425752170687887,0.0037774435109087456,0.007080251802719347,0.3017400060801711,-2.3929184905732237,-1.2956063149173582,3.516382066480214
0.014560585881508076,-0.012467257451408727,0.0037878528104887178,0.007002817487109923,0.2936709964911885,-2.3812728094305418,-1.2505147557735354,3.4768064119922326
0.013746962688943421,-0.013417287013272388,0.005515709780507192,0.006047856044926918,0.27428520183870225,-2.734651819988869,0.29650738101808416,3.939490701881912
0.013740207728128168,-0.01343257763965357,0.005527170236963245,0.006022547882512761,0.27232332354408495,-2.7280253417875184,0.31523538303771564,3.9275980023949724
0.013761076086078156,-0.013407749445487673,0.005490415851232264,0.006059713023115943,0.27406496580154455,-2.732974174364522,0.2733955133135008,3.934013107565136
0.013780330387720446,-0.01340176927841964,0.005455653460778094,0.0060628250920315005,0.2725506457748825,-2.7256745806951943,0.24725950364693458,3.9169548840589736
0.013795225925441738,-0.013392052477325861,0.005428912371481623,0.006074237110159571,0.2722802818838028,-2.7231986182503616,0.22342490998452988,3.91017909148307
0.013807991234473953,-0.01338047836172035,0.005405970971707449,0.006089698317664884,0.2726551280065031,-2.7229986313218,0.20064019751564957,3.9083181727091216
0.01381888338356556,-0.01336843639821309,0.005386295696867725,0.0061066467308583845,0.27333016421518647,-2.7240451544413147,0.17956032901096777,3.9092697846376088
0.01451840529491491,-0.012489999337690447,0.0038667500661227145,0.007017545081156582,0.2987066055359064,-2.4225966718415175,-1.2139526943932906,3.5414111569285605
0.014490272637659748,-0.012526210636630642,0.00393491821142894,0.00699498687759052,0.2991715978219316,-2.449901418445986,-1.1638712397080349,3.5753823567155583
0.01451103988681691,-0.012516157886843148,0.0038966132183521226,0.006986855791926244,0.2964534694576826,-2.429952664372365,-1.1816191331953476,3.5435988055834295
0.014452022560093147,-0.012608490935883504,0.004048956988597988,0.006911323586575625,0.2949705365878011,-2.4832323857601,-1.0564333259345302,3.602762313229316
0.01446610762695375,-0.012581626691678114,0.004009688559052717,0.006937389648220571,0.2962020470805225,-2.4714245939315496,-1.092147662010613,3.5917996271248134
0.014484419389845354,-0.012554608423426003,0.003963557966910142,0.006958543435114903,0.2962391393018424,-2.4550142357058995,-1.1291689369933622,3.572888803182135
0.014465037626628747,-0.01263443671844506,0.004045649644178689,0.006857896982591896,0.2890306050652293,-2.4691318834245077,-1.0317507095477498,3.5675067303535655
0.014441803807052775,-0.012656099182907747,0.004094837732012499,0.00684871512900215,0.29009842569993977,-2.4889978721863906,-0.9985477247926076,3.595415422776392
0.014420348982636638,-0.012676987207992598,0.004140805071628777,0.006838276268066569,0.2909959428124498,-2.5068462169586,-0.9663713735784594,3.620201356618175
0.014315185126252012,-0.012791628668485995,0.004372022112053171,0.006758591841197382,0.29291982227017227,-2.5851677556302834,-0.7883544821825178,3.72507442317595
0.014395426068962387,-0.012699327284632684,0.0041930558509217395,0.006828428947339411,0.29232880339368766,-2.527246676357985,-0.9306242889606013,3.6493901474491754
0.014379604818049252,-0.012728403769895575,0.004234720767362358,0.006798227289357817,0.2908574319313803,-2.5376581689730773,-0.8909371998197325,3.6584961224319614
0.01435734312685368,-0.012749019033851644,0.004281556343369606,0.006787109110029178,0.29181853206968844,-2.5547714422005856,-0.8573409247258902,3.682885243161095
0.014338388827539371,-0.01277344125469733,0.004325072813401657,0.0067661243656055,0.29149761975073973,-2.5676519123431096,-0.8207348550913297,3.6986309479155035
0.013829519514880526,-0.013357050463835082,0.005366974370424771,0.006122385324520881,0.2739078580303848,-2.7246527552283504,0.1592284275103558,3.9094963563425345
0.013840758969845726,-0.013345824261464639,0.005346469074840172,0.006137421489853784,0.2743564651184864,-2.72461330505794,0.13838462458253678,3.9085019932553995
0.013853240602945282,-0.013334448986914398,0.00532362905892966,0.00615198461368936,0.274666232799496,-2.723678925834564,0.11609675582216804,3.90576303430001
0.01386849240605361,-0.01332371459530431,0.0052957734622226605,0.006163869457290731,0.2744549620958863,-2.72034587299572,0.09142952563609454,3.8981961447802305
0.013888522870985898,-0.01331412159663714,0.00525943108717654,0.006171095515385487,0.273357236331313,-2.7129318859942626,0.06290312054632347,3.8824130457227857
0.013897567541054857,-0.013300603688238566,0.005242321827096034,0.006190586831893093,0.2745996777269766,-2.714890395305534,0.042625801585687975,3.886160805617603
0.013912531288926458,-0.013293902605259693,0.00521517275612601,0.006194760001526328,0.2736271270290645,-2.708712626484155,0.021910264904482068,3.873374521256619
0.01397315294799962,-0.013215297735296694,0.0050982453857029994,0.006300068123937841,0.27852816367305094,-2.7097847361223217,-0.10446490299681578,3.8776605741420127
0.01396311457879964,-0.01322829039956827,0.005117927985645344,0.006283021239152372,0.27774194329114626,-2.710083107102097,-0.08351687531166853,3.8775726569181113
0.01392576315177449,-0.013266292924492856,0.005188925463028945,0.0062367024332899805,0.2765268710417121,-2.715449685183581,-0.014385433218534452,3.8872464593675997
0.01392670911602409,-0.013284488180893072,0.005189179355637729,0.006203970784040439,0.27331651311830557,-2.7044787281346934,-3.069140689491487E-5,3.864728840525199
0.013952570757353107,-0.013241285509708845,0.0051383782423649466,0.006266117508034381,0.2770566870052615,-2.7105608032258934,-0.062057594054323435,3.8779814995179707
0.013941510712723,-0.0132548984365094,0.0051596943058437655,0.006248251168450187,0.2761790240800863,-2.7108613324735362,-0.03959874065857816,3.8781563979374414
0.013994819066839657,-0.013196341937372763,0.005056969731707759,0.0063204265778182556,0.27863093857372684,-2.7038320973907,-0.14161261054403587,3.867073635314418
0.013992108476639658,-0.013217138686335839,0.005065272264900985,0.006285633849394001,0.27547827539725556,-2.695061559261782,-0.12061574069309776,3.848253042421387
0.014254708972817555,-0.012872801075257996,0.004510306255076874,0.006680321710235942,0.290663312212278,-2.6198124995572347,-0.6648210444711443,3.765627763586268
0.014244732697598371,-0.012891255158613793,0.004535027012673901,0.006658420658374045,0.2894885076445737,-2.623412016942591,-0.6388639487500573,3.7674304604334696
0.014195322794329172,-0.012959679559441892,0.004645554115938197,0.006585402784584991,0.2867298456217911,-2.644844785588152,-0.5341644140277272,3.79077106939927
0.014203038202714707,-0.012941019271602638,0.004625319170114276,0.006610450510242223,0.28855540406230334,-2.6444485210053648,-0.558837829375749,3.7943265038814737
0.014232275044409866,-0.012909797429000107,0.004563689923013197,0.006638255991616041,0.2886802816231229,-2.6288664938603694,-0.6112069953449413,3.7728306017519166
0.014217875026270171,-0.01292845563472179,0.004595439414405995,0.006619226279224111,0.2879587983542023,-2.6356364495537057,-0.5820911546703283,3.7808615430545065
0.0140132474646929,-0.013186398636304856,0.005022910840500514,0.006326524829396875,0.27756550212598446,-2.695220372327208,-0.16744534165874844,3.8508742645729312
0.014130108955821306,-0.013053010445554873,0.004788103506386972,0.0064776734988500105,0.2822104532295278,-2.6645104130861395,-0.39194749907200516,3.809213604890506
0.014030728850808465,-0.013173771992551367,0.004989998495915852,0.006337589114157196,0.2772017252503293,-2.6884007601608997,-0.19456774704164667,3.83864932575204
0.014045591689007781,-0.01315951917186688,0.004961232220710764,0.006352835906628295,0.27733001014766717,-2.6840642629349554,-0.22069128760248322,3.831651511082598
0.014051664269036954,-0.013143473524977961,0.004947142551764792,0.006376682387910793,0.27919432314302767,-2.687049336031406,-0.240815832632646,3.8392727821372867
0.014072319485130472,-0.013113881557989975,0.004904296094550093,0.006414068532259734,0.28101674987611996,-2.684690024963919,-0.28624007358128595,3.8384100054955077
0.014064967835403503,-0.01313303038434912,0.004921703447406708,0.006385947313931562,0.27880063581009645,-2.681654565582147,-0.2620006482190449,3.8300703576248196
0.014116243853688818,-0.013071498759584542,0.004817300334730737,0.006456172755001777,0.2811778944155023,-2.6681443765241415,-0.36300474651628356,3.8130092829979105
0.014101930474098972,-0.013086042570261979,0.004845937235242753,0.006441467972797448,0.2811327091200338,-2.673467162807852,-0.33741121370003585,3.8208788618993195
0.014094327562644258,-0.013105799412110144,0.004864338906685678,0.006412895864564899,0.27895810206072014,-2.6709494728766408,-0.3122868355739647,3.81309505920978
0.014153071827704939,-0.013054602006886264,0.0047496517349220595,0.006458116974910532,0.2784004841483013,-2.645167016841122,-0.40807874859660254,3.772351039942955
0.014167529692895071,-0.0130396114362549,0.004720530016283918,0.006472648487987229,0.27845342798070954,-2.6391811465717114,-0.43360410844141045,3.763795627804663
0.014180050341019405,-0.013023930342226625,0.004694312822262638,0.0064895392738325884,0.27901679839883714,-2.634757264373182,-0.45833652711180756,3.7584772330594522
0.014210151625916524,-0.012984749616968367,0.004630184652738051,0.00653164765393542,0.2805535788262359,-2.623592807202248,-0.5190386775093968,3.745654119567313
0.014194958082686391,-0.0130056643557652,0.004663065549620481,0.0065086625162614565,0.27960694136973196,-2.6290165975861033,-0.4873114592052236,3.751388920321538
0.014280477551590141,-0.012870303371547074,0.004466805420027147,0.006661890827288642,0.2868111971086149,-2.597554854584004,-0.6833382350711598,3.725181360317815
0.01430048177578987,-0.01284394124062077,0.004421867369755142,0.006687130814113116,0.2874314348086822,-2.5864560276102107,-0.723242327948668,3.7120246124577716
0.014325477203650355,-0.012822246909190626,0.0043708644129613755,0.006699619095090936,0.28640478635575967,-2.5691552654187544,-0.7605858209645491,3.6865644171061143
0.013113903589369298,-0.013988421307495,0.006470285319331001,0.005051535913495505,0.24057283593043735,-2.4525078646184397,1.3818649740323863,3.65737365565294
0.013088005525927189,-0.014007508595578219,0.006503577635841956,0.00501131839714285,0.23954643015318133,-2.4348856252977575,1.4207229120303317,3.63992815825905
0.013074886844154152,-0.01401634279255555,0.006520802972725983,0.004992241538897563,0.23915989788847034,-2.4264350409015356,1.4402317630570804,3.6321352496930275
0.013062050374937045,-0.014024800496086905,0.0065376636799231455,0.004973782659064543,0.23882260225232424,-2.4181641513577947,1.4592435887592676,3.6246050456164167
0.013050196752704857,-0.014034270993883343,0.00655194048158475,0.0049536906193318195,0.2382507073056366,-2.4089406499654404,1.4767616301050401,3.61472709773944
0.013037969567798229,-0.014044135961342559,0.006566451533181452,0.004932694912079959,0.23757239030177837,-2.399227003178906,1.494691078539628,3.6042210267306847
0.013104287334429416,-0.014016136271452102,0.006468875417015018,0.005000068000846605,0.23648334836520232,-2.428174033195481,1.3977239110724609,3.6173519862356867
0.013117383049160857,-0.014006799707842708,0.006451954647295169,0.00501969598656481,0.2369246077878431,-2.4366903246839655,1.3782945226869268,3.625537995414426
0.013137496186555804,-0.013966236892635207,0.006442526509474483,0.005096327939224591,0.24231804759424405,-2.4721479434502363,1.345668704644231,3.6803501215461254
0.013126613241321262,-0.013977866574380262,0.00645451049618865,0.005073214327242912,0.2412438280678917,-2.461948097110932,1.3625569437350873,3.667563298497686
0.013191844597443443,-0.013947368563044014,0.0063569701662806585,0.0051401885365626445,0.2404712018224587,-2.4874346059097996,1.26528084836151,3.6781924113180686
0.013152388249926723,-0.013970477579667098,0.006413225044526389,0.005091767604051981,0.2401410121034419,-2.468472567061933,1.324644696640022,3.66477786399428
0.013164633271860019,-0.013963765149988162,0.006395573853075505,0.005106108066065988,0.24017252438240907,-2.4741269194536035,1.3063114129390445,3.6684030417083555
0.013178405390180057,-0.013956255613405707,0.00637560913124446,0.005122022524667004,0.24017694265146905,-2.4802733313226866,1.2856780458140138,3.672200478908622
0.013250018060891681,-0.01387845868887811,0.006291437970806124,0.005271976165319867,0.24723070338458122,-2.5424213483600187,1.1698501731721842,3.7501846604681615
0.01320486173077714,-0.013937775284095422,0.006339379472332038,0.005159408560922215,0.24093152557309624,-2.4950446293093407,1.2453067598912233,3.685356500313056
0.013217531899321004,-0.013927760457652164,0.006322518435507344,0.005179201368120991,0.24149585937647403,-2.5028681266192887,1.2256705600678564,3.6932002822238386
0.013229938129160157,-0.013917504503496101,0.00630612564401267,0.005199268433907779,0.24212552027303066,-2.510754607151282,1.2062742718904327,3.7013910180962104
0.013242174119656348,-0.01390711620165308,0.006289967956995269,0.0052194349780449395,0.24278900374882326,-2.518608530968219,1.1870002817249719,3.709697526050355
0.013254372967241418,-0.013896612116688396,0.006273794888312561,0.005239690980462875,0.24346842396224963,-2.526406182257784,1.1676607699223098,3.718004628148552
0.013262579324238162,-0.013867591784448826,0.006274458315798914,0.005292899681091967,0.24792639626461802,-2.550355521244613,1.149572478928784,3.758610704882647
0.013274060260582483,-0.013855939104572626,0.006259686397960834,0.005315039443634013,0.24891156479361085,-2.5589214008633943,1.1305428608281405,3.768864158827227
0.013296822550859795,-0.013834226217861097,0.006229221469935475,0.005356111026319573,0.2505137797162105,-2.5742836133333022,1.0928023420959516,3.786389871639482
0.013285982734021103,-0.013845109454099919,0.006243530321259685,0.005335613440531344,0.24960672064740833,-2.566585327356115,1.1109504765243725,3.7772804411243723
0.013311846256944102,-0.013838088161968968,0.006200036410290289,0.005349909947064957,0.24825100728366803,-2.568652951843135,1.0727648406282786,3.7686128068657743
0.013360801599336562,-0.013800407976830463,0.006128624934248319,0.005419666800045921,0.24992113112242056,-2.5913687288813736,0.9936482577888607,3.788564337779001
0.013346695956855566,-0.013808257620743274,0.006150746326451754,0.00540524324187024,0.2500839905550938,-2.587624994588436,1.015568633110627,3.7878892948188905
0.013336895510723519,-0.013821456160359484,0.0061625019538921666,0.005381057253984321,0.24862376243224515,-2.578391984002447,1.0331753761162152,3.7750946798297984
0.013324624888450593,-0.013831044405855858,0.006180251854221845,0.005363253594583183,0.24819031800685196,-2.5724917881778637,1.052986970231862,3.7697545451855494
0.013571799325063048,-0.013606502934906053,0.005809033674593547,0.0057531336738128784,0.2617229283247502,-2.6828282568569453,0.6291958533724626,3.8810524139367577
0.013586203624732103,-0.013593442117668173,0.005785683237222657,0.005774026101087453,0.2623566042271131,-2.6868792419584198,0.6037795163479079,3.8844295131028828
0.013605085575666332,-0.013587279878832166,0.00575255477027627,0.0057811070807165755,0.2612005167534152,-2.6835044106728176,0.5766390657149554,3.8726265413193492
0.013619630431342738,-0.013578920917935082,0.005727784044283684,0.005792937360734904,0.2609805584543081,-2.6834275441421673,0.5537988583471279,3.8684782635689454
0.013633083315252962,-0.013569152999093346,0.005705208703861108,0.005807404799234416,0.26113495893654187,-2.684687323897491,0.5315521935881248,3.867303684387474
0.013645586968005066,-0.013558177075833832,0.005684481409453061,0.005824134344179328,0.2616000551372968,-2.68707462490019,0.5097744206590824,3.8686503320314105
0.013657354737643916,-0.013546352613937482,0.005665112508673724,0.005842443485326758,0.26229269967130703,-2.6902349144219873,0.4883614908004015,3.8717752135141468
0.013668361706213522,-0.013534150185833524,0.005647045784869727,0.005861510172198706,0.2631344066116405,-2.693849304133119,0.46759121186945035,3.8760644042439414
0.013703764301799341,-0.013465111649704247,0.005591088289411938,0.00597618306485356,0.2712161944127302,-2.7253140968622294,0.38049382211942556,3.929016873337914
0.01371879563805868,-0.013456321954764325,0.0055644495454936155,0.005987038265441489,0.27079111104548503,-2.723412524260889,0.3567547246943382,3.9224048600306416
0.013682926859723842,-0.013488151467330598,0.005626701394428817,0.005940905024033254,0.2696676971918739,-2.7198009466585664,0.42073630432984793,3.922675357274353
0.013676587142017867,-0.0135031273110934,0.00563642222512422,0.005915524113195541,0.26768078485316066,-2.7122397106591682,0.43809870001362394,3.909469946347998
0.013696542970894576,-0.013479619308282113,0.005602796805191873,0.00595209841602685,0.2694168529911587,-2.7188419660882532,0.3988128581605189,3.9179194117233354
0.013679920558734605,-0.013522771243863585,0.005627723516790692,0.005878788563059682,0.2637666508150007,-2.696418573969442,0.4466034725468822,3.878337688249672
0.013739635630620911,-0.013452231406821842,0.0055268904364370154,0.005987050771877771,0.26886523844142135,-2.71485136555404,0.3297111221116335,3.9020158490099406
0.013372017718487464,-0.013773355752977143,0.006119865392037548,0.005468924541898346,0.2537188410156199,-2.6116038795020464,0.9690894148393883,3.821455603343971
0.013457687926232071,-0.013717544807757456,0.005984997615289746,0.005566618185192673,0.2545237697865747,-2.635209040726131,0.8314482398004897,3.8305531231404113
0.013390797049766841,-0.013768024570414067,0.006087800096148509,0.005478305312446465,0.25261819470677477,-2.6117051797158255,0.941451946559302,3.8135389376486466
0.013446165413361329,-0.013728977388621723,0.006001933220086645,0.0055467075811734745,0.253709210868344,-2.6292910372029348,0.8515738142675068,3.823902427487464
0.013433728235537972,-0.013740187439162907,0.00602046967428507,0.005527141108920369,0.2530296860326046,-2.623638661639309,0.8727564970046767,3.8182075019748996
0.013420317983613464,-0.013750814889162936,0.006040856115482444,0.005508545160334082,0.2525533400225089,-2.6185338500560835,0.8949589526580665,3.814038840056972
0.013406011484116,-0.013760304993616064,0.0060631921355446235,0.005491891692715036,0.2523771690564684,-2.614385412778642,0.9179087745124007,3.8121538711028506
0.01357550991951715,-0.013625817226944293,0.005797653287215098,0.00571720730531886,0.25776978949895796,-2.6664592101756175,0.6348274904347719,3.8489777276481747
0.013475308254968245,-0.013723876637001772,0.005950794379196103,0.005553542526372668,0.2514617348863473,-2.624786746738956,0.8107952373519466,3.8044404554471494
0.013484555683927918,-0.013712141667185141,0.005937987404730712,0.005573906663323847,0.2525718778627568,-2.631314714214474,0.7936054222212384,3.8132646338242
0.013495372671892936,-0.013701657308548866,0.005921788511925457,0.005591750810379422,0.2532519964827387,-2.63621435951797,0.7747981450057259,3.8185441579272967
0.013506732942366045,-0.013691753172923912,0.005904303684742345,0.005608367093378847,0.2537683852268792,-2.6403254530140057,0.7554975265799618,3.8222408034127437
0.013519133637927394,-0.013680542029699051,0.005885213905241716,0.005627094979646166,0.25439545654443113,-2.6449503273777926,0.7342100139666395,3.8266419182224887
0.013557994838946555,-0.013638514523980273,0.005826309733891471,0.005697361522028646,0.25753011116832275,-2.6635746258244875,0.6636244320840535,3.8489126753455447
0.013544355400374526,-0.013655786632546133,0.005846505916756269,0.005668280402339878,0.25598122345088276,-2.6553097783806123,0.6897394446188359,3.8377140866881767
0.013531237676651355,-0.013668711804525818,0.005866704035735858,0.0056468440689907045,0.2551414239035202,-2.649982779301308,0.7129231577780187,3.832012084241556
0.013374220290916736,-0.013793061044621661,0.00610745470204566,0.005433013515541033,0.24989861426351986,-2.5946410075541646,0.9728276446537943,3.788778534500075
0.012801841944219539,-0.014192599791821919,0.006855051628025727,0.004581078321269471,0.23178315366323096,-2.221767111947441,1.8259055027236057,3.4361279836076615
0.012788892473469515,-0.01420172258094051,0.006868708928700291,0.0045590688131296854,0.23125330496974913,-2.2098442411176453,1.8428814098816193,3.423468733834738
0.01281665668814169,-0.014200075842090211,0.006823016605809948,0.004575598075192667,0.2293451261289845,-2.2201406272221518,1.8024244645366527,3.4207897092937984
0.012436248360560212,-0.01436631353955115,0.007277071030935081,0.004060331051847525,0.23366239025189275,-1.9068995837583091,2.290943559705715,3.153997387580551
0.012436237981479902,-0.01438238472049525,0.007257763473110857,0.004034660841205278,0.22701020859413587,-1.892303903299848,2.2861847428155637,3.1252127414681046
0.012449953359711828,-0.014358638380875007,0.007264262145197359,0.004083203010934582,0.2354123461561107,-1.921397404787241,2.275305692375656,3.168972661869608
0.01245003436069504,-0.014374705387771485,0.007244988497172286,0.004057471172422657,0.22687825189853852,-1.9068037564464284,2.2707696603762026,3.1400035452274966
0.012394989703775477,-0.014389080122167905,0.007315010966670141,0.003991575285558292,0.23349708201201555,-1.8627109395847246,2.3370319103187374,3.1089886002823923
0.012408585259826613,-0.014397532532780697,0.007283170947459317,0.003989045853811198,0.22657526568778694,-1.8631141491245202,2.3167438363590613,3.0954626476613445
0.012381189378714533,-0.014396582438974286,0.007327493777869219,0.0039686135214282645,0.23518048769809674,-1.8478382782147884,2.3521066310539656,3.0937976335100927
0.012394763264011163,-0.014405067281104274,0.0072956782154725355,0.003966165696454153,0.2258871064108816,-1.8483645504396395,2.3318638612429834,3.080362664266375
0.012367365557503276,-0.014404041361879701,0.00733991787053791,0.0039455875264002025,0.23535707786053725,-1.832902954252253,2.3671377376700082,3.0783798616317557
0.012380945821845563,-0.01441261062057895,0.007308011596587015,0.003943190297991845,0.2253098298506611,-1.8334816013654631,2.3468593006062854,3.065070648099056
0.012353518374336696,-0.014411456818519205,0.0073522868494242275,0.003922490356769831,0.23388522848061977,-1.8178751900500199,2.3821560003837225,3.062790619523198
0.012367104337222446,-0.014420132698594006,0.00732024674156214,0.003920146106594496,0.22520083609668803,-1.8184847069586745,2.361745567740422,3.049671973278947
0.012353214743381748,-0.014427589062284606,0.007332471522330855,0.003897080220060908,0.2253696171575094,-1.803403689463859,2.3765450174127634,3.0342484281860274
0.012422401654186227,-0.014406333351264254,0.0072512787378155525,0.003986400174467362,0.22577592234774732,-1.8664789361805687,2.290711487464737,3.0856608036155593
0.01243634830326573,-0.014398843552720844,0.007238357399418514,0.004009019230350768,0.22599977974986654,-1.880957872983543,2.27525477469154,3.1003063964554407
0.01277586838138514,-0.01421095359402113,0.00688223237088243,0.0045367439213713666,0.23071429018557102,-2.197686790728391,1.8597987309133683,3.4104768580895892
0.012720971792883146,-0.014228335711175821,0.0069584851200031024,0.0044778248250705345,0.23276011428099522,-2.163021828991545,1.9355547608565222,3.389809644365848
0.012707835797082298,-0.014236797308644397,0.006972325160375367,0.004456149779338629,0.23249720533311577,-2.150741944313053,1.9523919792257096,3.3771612965866677
0.012762444360660588,-0.014219780623847303,0.0068966520300287855,0.00451480085045658,0.2302957820890881,-2.1856022686440215,1.8772642128179082,3.398049764807091
0.01274893283142084,-0.014228220797681107,0.006911432579029112,0.004493360999147663,0.22995469740221128,-2.173671420804157,1.8948313692619572,3.3860928328128597
0.01273555921615771,-0.014236389087549641,0.006926093841588986,0.0044723469733953065,0.2296446040783123,-2.1618764578446013,1.9121509261391234,3.3743777207862036
0.012694699406522654,-0.014245363137935065,0.006985910570787149,0.004434203611086176,0.23219932421923054,-2.138255805499527,1.9690507355280162,3.3641774231832255
0.012681466459267453,-0.01425400700117759,0.0069994231384791,0.00441197746395561,0.2318168136524104,-2.1255453326077856,1.9856774383745641,3.350906178204647
0.012504530351169442,-0.014327508257654869,0.007212396730848243,0.004174133289079919,0.23533801922156491,-1.9783265857068493,2.212397937991525,3.2276120489079414
0.012518326768805668,-0.014335581838113974,0.007180622750559429,0.004170828601460007,0.22857315829435518,-1.9778456731274348,2.19242269110643,3.2129319303243205
0.012490922821849835,-0.01433535505992158,0.00722545937774674,0.004151480869007683,0.2364070843946849,-1.9642114435608873,2.228198406384189,3.2132162382997165
0.012504720386920465,-0.014343437072932215,0.007193693245183639,0.004148324404504877,0.22799598782648586,-1.9638923437150757,2.208277984114258,3.1986298041045447
0.012463634192265599,-0.014350920197693798,0.007251386896697056,0.00410602502007047,0.23683793621969354,-1.935767060569401,2.2596194339375213,3.1838814365214496
0.012463781098723392,-0.01436694583641463,0.007232221221923051,0.004080279726231488,0.22676300073543945,-1.921240345473133,2.2552735216846718,3.154781224179027
0.012477290724274193,-0.014343159065406773,0.007238453027353295,0.004128783543836823,0.23716377748172857,-1.9500298020439304,2.2439212410766576,3.1986452057234644
0.012477468265427004,-0.014359127731440838,0.007219452605315321,0.0041030489649592425,0.2268918164071536,-1.9355859891463936,2.2396976972554863,3.169519770244665
0.01249110722024461,-0.014351284127989597,0.00720662902313468,0.004125737197774087,0.22734875879793856,-1.9498086978800526,2.2240348322629626,3.184154968062519
0.012668073552194068,-0.014262639878841377,0.00701305369422774,0.00438958190555972,0.2313528277239744,-2.1126504846960503,2.002400511780877,3.3374884071422337
0.012654519022200723,-0.014271140203853346,0.00702692613410007,0.004367214021558621,0.2308504166147146,-2.0996622922613395,2.0192736056499148,3.3241138027533883
0.012640882815129413,-0.014279445938839577,0.0070409739591057036,0.004345019809127258,0.23036232878612525,-2.0866589822528954,2.0362094947300835,3.3108728048992657
0.012627242403412812,-0.01428757314385487,0.007055057304071472,0.004323016636563009,0.229951036628212,-2.0736616729125408,2.0530928383549085,3.297738337461651
0.01261365184277108,-0.01429561826528812,0.007068990612087514,0.004301078289702306,0.22965991671267008,-2.060620983824451,2.069804048906857,3.2845579479034117
0.012600142220707586,-0.01430370870558243,0.007082589810694745,0.004279017824469469,0.22944314016193992,-2.047458181241098,2.086235508926361,3.2711348163173253
0.012586677432178672,-0.014311877831515586,0.007095876252647674,0.004256762277759767,0.22919955500025554,-2.0341380364331436,2.102416250129258,3.257424413490746
0.012573182302863436,-0.014320052295360404,0.007109048228171558,0.004234385465971124,0.22888735210243918,-2.0206828391816747,2.118485318232334,3.243543710433908
0.012559614389116193,-0.014328152663962078,0.0071222598767219855,0.00421198821822892,0.22853145487447088,-2.007129493894121,2.134544993164413,3.2296133148236223
0.012532325107028388,-0.014343981876753972,0.007148866513424143,0.004167409208405065,0.22785961351120232,-1.9798657518538645,2.1666373707609683,3.2018320604869515
0.012545980566786958,-0.014336133039523247,0.0071355513868730435,0.004189647256686808,0.22817205196522264,-1.9935135825846455,2.150613379413264,3.2157028391031033
0.012057569938134772,-0.014557017220692067,0.007594900113694693,0.0034292193052986755,0.23076046758689386,-1.4810386004101244,2.673145360513646,2.7195990775836303
0.012056137791960164,-0.014572950530974085,0.00757388093560049,0.003405405882082896,0.2237312698542766,-1.467661069046451,2.665217092691449,2.6920712096407224
0.012100427570042293,-0.014537422618955197,0.007562238082299847,0.003500658400048462,0.2317224723247173,-1.5313532879121918,2.6343240633609795,2.7709901800868946
0.012113399078748492,-0.0145467059126359,0.007530578041970533,0.0035003206948961483,0.22371202934831189,-1.5344574355541118,2.613795529093433,2.760071658791895
0.012086162244613063,-0.014543999019492741,0.007573191763753511,0.003476897951341193,0.2325192438574305,-1.5146669582030998,2.6473436576489213,2.7539805157164507
0.01209911897702678,-0.01455332869270983,0.007541517752485333,0.003476653037825727,0.22344388455361328,-1.5178830036028395,2.626807996006241,2.7431807948048967
0.012071876318959049,-0.014550530575541355,0.007584081150710661,0.00345308045615788,0.23193675968878355,-1.4979007377990323,2.6602867569731896,2.736825064536475
0.012084826715724568,-0.014559929466673532,0.007552340957137632,0.00345292963666705,0.22335356112432966,-1.501214739102519,2.6396995077031633,2.7261790648407858
0.012070500005140117,-0.014566476584006262,0.007563119154242994,0.0034291732061558027,0.22359713721244945,-1.4844709625045327,2.65249979677769,2.7091368145879877
0.012143098494643411,-0.014517425023423977,0.007528916890343684,0.003571759065102493,0.23113884869126045,-1.5810413271060906,2.5945852037575623,2.8214770933524798
0.012141949271659689,-0.014533352268921579,0.007508369571794495,0.0035475625484964967,0.22385539456029893,-1.5673560961193118,2.587407386137397,2.793553740967607
0.012157279968945646,-0.014510669920930357,0.007517656060814692,0.003595399775576495,0.23137514038158727,-1.5974425421915786,2.581112943395373,2.8381743570091906
0.012156209473976144,-0.01452659835070675,0.007497143551505305,0.0035711593269213936,0.22386736459659354,-1.5837040667819033,2.574043076931232,2.8101963899524143
0.012126519750340403,-0.014556250449698912,0.0074990668925666295,0.0034999840933878736,0.2231916318028526,-1.541215415744029,2.5879815231348364,2.754006240327412
0.012140858166109754,-0.014549591603835814,0.007487909417422111,0.003523489656768152,0.22322668156443268,-1.5575632671353,2.5747539297205897,2.7705941242542305
0.012213791167466397,-0.014483205177866363,0.007471893579015887,0.003689560958425778,0.23051601608572436,-1.6621398679034725,2.5264161376238343,2.9039713899817072
0.012227064583866224,-0.014492189570530232,0.007440035577708607,0.0036884551140210025,0.22459523560356567,-1.6641432229256587,2.505712193044369,2.892233793149376
0.012199695861056147,-0.014490137873033795,0.007483438852198169,0.0036660875353566416,0.23156685821256398,-1.6460830518119576,2.540226786630913,2.88771695943649
0.012212934627246251,-0.014499125694039466,0.0074516517657351325,0.0036651153170044293,0.22433233871927163,-1.6482528605080926,2.519588296192069,2.876050070344697
0.012171440118039542,-0.014503870314936747,0.007506319338990531,0.003619008525799245,0.23194070334621106,-1.6137491950403426,2.567553705284563,2.854803798948376
0.012170446860333741,-0.014519793601940329,0.007485853039451616,0.0035947274344146287,0.2238329991188203,-1.5999794786448314,2.5605694900561606,2.8267741329538723
0.012185578797026964,-0.01449702627543871,0.007494912119314419,0.00364257414801481,0.23222814366507846,-1.6299589482718488,2.553926779228131,2.871332949088513
0.012184645837970668,-0.014512936888112143,0.007474521379076963,0.0036182550362504396,0.2238054923894268,-1.616171772998878,2.5470014025563135,2.843292023630363
0.012198802477041594,-0.014506040758826435,0.007463137859052727,0.003641722155867533,0.2239699559913926,-1.6322659757344582,2.5333453112112916,2.8597315860075585
0.012254811978002468,-0.0144945012330335,0.0073962503224822085,0.0037105389951741763,0.22386431005253662,-1.685456769569498,2.465454000120563,2.9006505586804336
0.012240605188814294,-0.014501505792857644,0.007408070933463331,0.003687307231437975,0.22368352947624917,-1.6697651998525627,2.4795445235752616,2.884729041213324
0.012339085818742929,-0.014451595085972992,0.0073244813651222535,0.0038486139594282177,0.22462636806312683,-1.7773698099947293,2.3794641658556763,2.99417189408455
0.012325029158528294,-0.014458871287601427,0.0073367042456550765,0.0038256176942550626,0.2244245281450429,-1.7622146610095222,2.394119258125421,2.9787553073256294
0.012310948579260898,-0.014466044010877076,0.007348931700411528,0.003802670004244589,0.224249062677174,-1.747005556614482,2.4087217931952627,2.9633383558229505
0.0122968833629501,-0.014473120935710031,0.0073610968558424665,0.0037797923012612366,0.22413634046394312,-1.7317662729311774,2.423213989246154,2.9479226485786154
0.012282879070085647,-0.014480191716591451,0.007373019067036323,0.003756891088391018,0.22409410221847295,-1.7164749360857174,2.4374707179049167,2.932392156674691
0.012268896270368033,-0.014487346176070363,0.007384641480457682,0.00373380107822046,0.22402546147749516,-1.7010510709230877,2.4514764453853517,2.9166073304693376
0.012353107894268571,-0.014444225284783263,0.0073122655360788455,0.003871636281975128,0.2248637182141124,-1.7924561383093447,2.3647649307658516,3.009567701737684
0.012909112099630193,-0.014137350833793923,0.006719077695452657,0.004724358740127072,0.23253339122837016,-2.297922724025756,1.677685104644388,3.5001945946761377
0.012896676538979619,-0.014147475697297872,0.0067320632784579225,0.004701744910897376,0.23179518171660796,-2.286437145975883,1.6945611202342172,3.4872927756411323
0.012972888247554291,-0.014092753056876203,0.006644183303376274,0.004826142864440438,0.23479272956965705,-2.348576410008246,1.5884218658112192,3.5516107686838345
0.012933693323622694,-0.014118402785649962,0.006692057096133697,0.004766956057257079,0.23371882262250884,-2.3193657883388266,1.6437828612715621,3.5234593052265883
0.012921981253097006,-0.014127906908947574,0.006704615252297569,0.004745877770196153,0.23302701420699937,-2.308811303845975,1.6599328848455472,3.511682273069803
0.012947906993372676,-0.014123401231171007,0.006663368074134037,0.0047637128435457695,0.23155296330495304,-2.317820051102693,1.622604948029403,3.510357322532749
0.012960644072527502,-0.01411801606826613,0.00664560892687787,0.004777779184863009,0.23136577462972832,-2.324755105604151,1.6045664973006792,3.514669700980909
0.01297473016881557,-0.014110620051979222,0.0066270189987660206,0.004795692743847404,0.23143519450107217,-2.3334840203764387,1.5846884801899357,3.5215820326400222
0.012986265105016201,-0.01408318689684216,0.006628196746359684,0.004847523326930698,0.23530349407070913,-2.3589254625144647,1.569382735347257,3.562134637251766
0.012999105656738974,-0.01407321255617307,0.00661330353953844,0.004869324087108996,0.23593424615483613,-2.369394848342337,1.5510222169109156,3.5733410152892198
0.013025104462495506,-0.014053993484679762,0.006581942197332107,0.004911420262228644,0.2370225773684204,-2.3892950341487804,1.5134562490424697,3.593809645314796
0.013012297663515126,-0.014063931052270886,0.006597115077027887,0.004889912463255532,0.23637483514837695,-2.3791672173261893,1.5319920461784369,3.583058370286531
0.01304023538048037,-0.014059364609887732,0.006551404671740218,0.004906565631744452,0.2347271696145284,-2.3862675178483035,1.491434356995956,3.578200407265303
0.012830456974388742,-0.014192211485595588,0.00680663219840856,0.004595578100200986,0.22956946105347087,-2.2309320366991567,1.7838799435185593,3.4307766149124603
0.01285690264047661,-0.014173385165021674,0.00677814559413203,0.004639943625387098,0.2306546217681328,-2.2543233634888753,1.7487553642589553,3.455483993248208
0.01284453646978641,-0.014183559061626433,0.006790335140437133,0.004616907946329739,0.22989254399656098,-2.2423007268833577,1.7649890239518926,3.441776633528867
0.012898892100780976,-0.014165215929860033,0.006713296488949766,0.004672207901759664,0.2284612916770645,-2.2718222603157265,1.688999386936471,3.457530089789533
0.012884312103066125,-0.014172850481462749,0.006731735456922134,0.00465295011598208,0.22836195681987123,-2.261863347803224,1.708987619455659,3.4491720040924636
0.012871275342338548,-0.01417852965309424,0.0067491057226494984,0.004637565308482274,0.22850334790025856,-2.2537660592634725,1.726981354108112,3.4433696534719673
0.011927915960164924,-0.014613365371455135,0.007688806029408718,0.003213148262111798,0.2327420278233814,-1.3256699043952545,2.7840436718898034,2.562142183269965
0.011940426783449615,-0.014623036825046308,0.007657509659120419,0.0032140571098592187,0.2245690179012381,-1.3304655436897816,2.7631998393464765,2.552982223048607
0.011913413003953132,-0.014619399384801347,0.007698833253843643,0.0031890471261253692,0.23637332305087042,-1.3081596447983794,2.795586750949426,2.544419642953211
0.011925977748367655,-0.01462909812951211,0.007667487718455285,0.003190082341046717,0.2233344898654667,-1.3130267523409775,2.774936231942783,2.5351746188786355
0.011898891187242081,-0.014625387795527458,0.007708824111390859,0.0031648191085631564,0.2341288116759007,-1.2905656034828445,2.807146542823849,2.526312723361471
0.01189700592605862,-0.014641262767177152,0.007686982580149728,0.003141818374126072,0.22390499816077727,-1.2777891575710336,2.7980219522160223,2.4991875875792675
0.011911530073376192,-0.014635219363579826,0.007677214902622215,0.003165971910000851,0.22312944059756842,-1.2954477671055216,2.78650792588444,2.5171530764644454
0.011952941672021987,-0.014632982734112633,0.007626547924542162,0.0032148036393362836,0.22310679188392504,-1.3387787008254692,2.7381939118154257,2.548531114550121
0.011982253896613811,-0.014621346965005158,0.007604790824974817,0.003261932503125177,0.2230177624005867,-1.373131373536647,2.7133415602810467,2.58269188443032
0.011967543894034314,-0.014627272727467278,0.007615664148143826,0.0032382077976092004,0.22295182371149283,-1.3558960185670637,2.725813788613307,2.5654979967462874
0.011996958149198635,-0.014615175342851588,0.007594115928137955,0.0032859004501908716,0.22312683087702898,-1.3903929241654442,2.700935011857004,2.6000850417493457
0.012011588061395398,-0.01460880708721086,0.007583655015258989,0.003309978860412403,0.22322695946710577,-1.4075963092444097,2.688626507977802,2.61757198447391
0.012026090844729415,-0.014602277224176454,0.007573426523973525,0.003334070426512067,0.22328098032717267,-1.4246814671567225,2.676442885239554,2.6350795194000494
0.012040463955961811,-0.014595682955345772,0.007563294865920617,0.0033580445883119605,0.2232355907702006,-1.4416060295266517,2.6642976415149167,2.6524840352423085
0.012054816346851694,-0.014589180381576047,0.0075528930727174265,0.003381800915313531,0.22313205454851895,-1.4583887660357335,2.651923337564224,2.6696329547498965
0.011855214021089619,-0.014643078820777493,0.007738322893892053,0.0030919919110680896,0.23314196100100193,-1.2372087955290154,2.841520419709346,2.4718756995119557
0.011867833293687504,-0.014653085230765889,0.0077065627723595315,0.0030935021421365744,0.22416686910687514,-1.2423027449400985,2.8207626233065715,2.4632627918614456
0.011840618209004684,-0.014648884232660605,0.0077479974724539704,0.0030676682867180056,0.2333472642613379,-1.2192913839956485,2.852761798335942,2.4535958941200984
0.011853221654251908,-0.014658957935468508,0.0077161918904169865,0.0030692612413567785,0.22413853220619015,-1.2244341820831603,2.831943339943836,2.4451401893810227
0.011826004259357795,-0.014654643750579328,0.0077576051522641855,0.0030432899218774453,0.23236451452300863,-1.2012693635376661,2.8639340085545584,2.435196178168323
0.011838566502280793,-0.014664801436952165,0.007725750061173878,0.003044943548399674,0.22439899570521146,-1.2064706009765265,2.843024505083306,2.426929206177008
0.01181137231649065,-0.014660357317958707,0.007767140589622666,0.003018870285116557,0.23091186296213342,-1.1831292325401574,2.8750228849920845,2.4167587345086186
0.011823859179770512,-0.014670579868210657,0.007735300016912514,0.0030205831618216644,0.22493276291015887,-1.1884399418704683,2.8540260370716997,2.408695118721767
0.011796722524648843,-0.014666024878782739,0.007776593192051959,0.002994436671087916,0.23033276403471556,-1.1648966039897795,2.8859760775352004,2.3983705251754333
0.011809122347839566,-0.014676265535955172,0.007744855470147158,0.002996236621466496,0.2254596173613602,-1.1703807302964468,2.8649450288392013,2.390480207335356
0.011895263402802655,-0.01465744985200719,0.007665076738634514,0.0031191328746843143,0.2237763586346114,-1.2696015157004072,2.7835563610409078,2.4779103298406464
0.011880665723452541,-0.014663348863657397,0.007674846710027792,0.003095134102770868,0.22388513007603225,-1.2520525907423368,2.7948804074460383,2.460137103209538
0.011723210871918575,-0.014693670662807693,0.007822649346694311,0.002871969578972937,0.23354851913165983,-1.0731266701378552,2.938524569680853,2.305757714889334
0.011708457009234034,-0.014699061038930978,0.007831638124153769,0.0028473668821187,0.2330192732225714,-1.054559465157663,2.948759441865297,2.2869695816604625
0.01172070017203257,-0.014709472361003997,0.0078000470410767115,0.002849857605671312,0.2260829059284701,-1.060821466689818,2.927956276519151,2.2796572431675064
0.01163153070863831,-0.0147410654265963,0.007852533233807834,0.0027022368589561725,0.22793725886869556,-0.9488599903122473,2.986933521200156,2.1666921094770184
0.01163443792171138,-0.01472531614604481,0.007875407135109388,0.0027239702764334174,0.23269625369569844,-0.9608229490086901,2.998270582763674,2.192156263429268
0.011693686304088876,-0.014704405031812392,0.007840540384349049,0.0028227614846151466,0.23392649415812836,-1.0359437660457098,2.9588654288780027,2.2681892909374928
0.011705885742856718,-0.014714838080402531,0.007809007230803585,0.00282534912450328,0.2263095338025128,-1.042329245191789,2.938077739933363,2.261000930938724
0.011678898899739066,-0.014709702589809142,0.007849362097098451,0.0027981368937445203,0.2352776590144544,-1.0172940846992249,2.968843829045172,2.2493368400083114
0.01169107401570092,-0.014720170337946654,0.007817848539179202,0.002800818715239158,0.2262493344729368,-1.023776498323575,2.948060286287007,2.2422572619044394
0.011664094939289063,-0.014714953661811803,0.007858115114187492,0.002773459803856892,0.23525513613091567,-0.9985756129678168,2.9787334675587136,2.2303348194422554
0.01167624517304857,-0.014725492245705414,0.007826557298958247,0.0027762188706662665,0.22631625864043123,-1.005134290401985,2.957909927841191,2.2233944478272263
0.011649274565685588,-0.01472015819724113,0.007866800604344236,0.002748726722961057,0.23381204221837373,-0.9797487491469693,2.988554181534944,2.2112316856112315
0.011646457179341888,-0.014735966152095775,0.007843876284928481,0.0027268811944379415,0.2275098137845664,-0.967644955008007,2.977343019210636,2.1855750670724228
0.011661371255908257,-0.01473077369299943,0.007835209982201162,0.002751553088319746,0.22681010178916564,-0.9864096998461926,2.9676636840256543,2.204473426283434
0.011258637154898948,-0.014838990856811765,0.008064855300366124,0.0020976566415155822,0.24218643548488183,-0.4717132335331973,3.2018395517399956,1.7007897457903338
0.01124342629880737,-0.014842921746160493,0.008071401105302035,0.0020723269990343017,0.24348189948153146,-0.45150747926774715,3.208411119922,1.6807144563994345
0.011254522586482562,-0.01485439298455554,0.008040613144099025,0.0020779016094175074,0.23582472627288184,-0.4615824568769626,3.1880930152198186,1.6769199634438452
0.011628617200386637,-0.014757080072048546,0.007829883929917113,0.0026805905285568923,0.22675799992024911,-0.9420152157015904,2.9715120933915062,2.146810589619665
0.011545084353673888,-0.014755282782341356,0.007925337109104471,0.002575089136948264,0.23661647150292098,-0.8463261882777022,3.053636107394651,2.0772551608041736
0.011556842463011781,-0.014766032748067615,0.00789418183766981,0.0025786270055267895,0.2287946956400361,-0.8540644904386089,3.0330271877688806,2.0711060965947805
0.011530137799930005,-0.014760113266848314,0.007933386215937007,0.002550183469549108,0.23707278743493934,-0.8270681232051672,3.0624530486411143,2.05790091984664
0.011541866190544342,-0.014770894816411374,0.007902254840930977,0.0025538264993369944,0.22897737709611013,-0.8349328078406234,3.0418926403442756,2.051820851508858
0.011515176111420451,-0.014764896782867474,0.007941357423652819,0.0025252514764546453,0.23745418188212397,-0.8077579614084439,3.07115757487269,2.038481323719077
0.011526875292685979,-0.014775715127436325,0.007910240702561954,0.0025289963343123507,0.22924061097419227,-0.8157430519669244,3.0506418709165657,2.032482628735114
0.011613642734803682,-0.014762111612986474,0.007838406100228984,0.0026560248536014477,0.2271026177390271,-0.9232271972670235,2.980964005025544,2.1279230544592695
0.011598685825514918,-0.014767193876996085,0.007846653446429474,0.0026313654027865503,0.22739503549082163,-0.9043996334367749,2.9901575511956993,2.108907967781576
0.011583707441699334,-0.014772173413313744,0.007854920265358443,0.002606734814117363,0.227626394448016,-0.8855274669485688,2.9993014266222287,2.089904860607973
0.01156870669742268,-0.014777040686245385,0.007863224958258018,0.0025821407418053395,0.22788926742016044,-0.8666042205190035,3.0084123476160127,2.070914414374089
0.01150019942916891,-0.014769633284930958,0.00794924942217759,0.0025002972261545355,0.23812714923439737,-0.7883988695476738,3.0797534007897216,2.01899826339198
0.011511868282746857,-0.01478049206077054,0.007918143572898594,0.0025041359531476,0.22946460700108876,-0.7964940349004838,3.059272963283185,2.0130913459195536
0.011485207893971856,-0.0147743227280614,0.007957065234721006,0.002475311094755888,0.23835936992301346,-0.7689838167479642,3.088244887208314,1.999431769173592
0.011496846039219785,-0.014785232683048025,0.007925950924581664,0.0024792393269171833,0.22970636265776886,-0.7771859289009254,3.0677768542675854,1.9936379756283615
0.011470201646392163,-0.014778965067767892,0.007964804274278144,0.0024502949618410612,0.23821539738594266,-0.7495084340014583,3.0966309529472618,1.9798075586207275
0.011481808346401863,-0.014789925049590938,0.007933681912900009,0.002454319597628894,0.2300946160230761,-0.7578289107916433,3.076163421473019,1.9741500318698975
0.011455180736571001,-0.014783560287475501,0.007972461389093227,0.0024252655166242553,0.23878153018491025,-0.729988286865063,3.104901191438739,1.9601644018859172
0.011466757285099676,-0.01479455762792591,0.007941353515876035,0.002429390257312414,0.2304552209957947,-0.7384281635086078,3.084439309640216,1.9546411214717538
0.0114401451986046,-0.014788108374602238,0.007980037941026478,0.00240021822612303,0.2398022429976903,-0.7104326859423843,3.1130524098058623,1.9404673625670743
0.011451698124024768,-0.014799148445314618,0.007948931708331525,0.0024044386310646403,0.23062879578151976,-0.7189749301140759,3.0925857492060245,1.935074330936964
0.011425095195354023,-0.01479260927722873,0.007987541239988454,0.0023751287436757176,0.23974245580659426,-0.6908193873621084,3.1210971632867364,1.9206676390513955
0.011436627538949024,-0.014803712029691505,0.007956395719511204,0.0023794473428686218,0.23088633074021744,-0.6994625940709449,3.100596617097126,1.9154336685023112
0.011410030890272255,-0.014797062943977079,0.007994969748518032,0.00235000214182952,0.2389819988134554,-0.6711315903670365,3.129039237262196,1.900818941324108
0.011421534888927309,-0.01480822117972881,0.00796379998156878,0.0023544309988154442,0.231436694478762,-0.6799012186913317,3.108503146649157,1.8957704514258353
0.011273835502437058,-0.014835012214331098,0.008058228355633206,0.002122971623810968,0.240887560116074,-0.4919117309399413,3.1951049314424487,1.7208346841826445
0.011269782801193602,-0.01485046442825011,0.008033964402941915,0.0021031411346841954,0.23564313741556342,-0.4816327283457971,3.1814097591243686,1.6969901072512095
0.01130419402156101,-0.014826911844453403,0.00804471704399183,0.0021736094066889056,0.24167158667277067,-0.5322175619667594,3.1811522549295668,1.761103977773578
0.011289021178877924,-0.014830985862161488,0.008051515759923111,0.0021482887695864184,0.2405992427115852,-0.5120923231304293,3.188200194719405,1.7409253554377713
0.011300331839088332,-0.01484248387200444,0.00802033521491023,0.0021536209992009214,0.23462983124444722,-0.5216590996684372,3.1676562022844768,1.7369696951630347
0.011285056167756581,-0.014846504438387621,0.00802718564168984,0.002128377608688905,0.23530804905947192,-0.501654943820287,3.1745897489680277,1.716994717949797
0.011334500554468822,-0.014818620992578935,0.008030888933746783,0.002224157604397397,0.24259633728542077,-0.5721792459027168,3.1667743442380267,1.8014217535092385
0.011319353867715836,-0.014822790206067778,0.008037839569085332,0.0021989058671617384,0.24269369489572057,-0.5522472522787998,3.174002725900438,1.7813026715116334
0.011330800810805263,-0.014834174918767947,0.00800664364590349,0.002204096004000617,0.23320192254226293,-0.5615930872771192,3.153551542365762,1.7769830089334888
0.011315586436924235,-0.014838370668775752,0.008013487902506125,0.0021788708761926565,0.23380355584321064,-0.5416451467430581,3.160643552158079,1.7569681160436954
0.01139495244676372,-0.014801469324203571,0.008002315115466533,0.0023248667786203497,0.2392166400995439,-0.6513934018900688,3.136856171448819,1.8810023462283516
0.011406427733290076,-0.014812650736655658,0.007971179113749316,0.0023294224470117764,0.2319664120470721,-0.6603088547305137,3.116317604500058,1.876117308131849
0.011379860028177457,-0.014805828367996314,0.008009576710079364,0.0022997249932063613,0.2402884282176381,-0.6316345618556849,3.1445258975984185,1.861200791423238
0.011391325440847401,-0.014817020354661037,0.007978482857664755,0.0023044259208053045,0.23222631090178258,-0.6406885299588659,3.124012503371485,1.856435720387747
0.011364753797800305,-0.014810140026172798,0.00801675907515587,0.0022745612119040174,0.24117170958429787,-0.6118549833037381,3.1520542382686005,1.8413525171259773
0.011376226428081811,-0.01482135591307969,0.00798567024652924,0.0022794151498092435,0.23239809193075997,-0.6210209796206662,3.1315769070789545,1.8366842833610033
0.011349633918850096,-0.014814404250277427,0.008023863175859455,0.0022493720676314416,0.2418767990457211,-0.5920408800370506,3.1594634436024047,1.8214313357868377
0.011361113335774187,-0.014825660093353142,0.007992753150049726,0.0022543660823599395,0.2326293038039247,-0.6012871071717959,3.139022613765013,1.8168587371072655
0.011345973908377395,-0.014829932342459001,0.007999743628104211,0.002229263375723944,0.23287574052153978,-0.581477870574174,3.146349585996328,1.796958085785658
-0.005007303497258243,-0.009281313411422605,0.0011792729385126774,-0.00819359534487432,0.3967565086395646,-0.7575332246866773,2.4496448293395177,1.5880034774959066
-0.005009996091262156,-0.009265363020084405,0.0012055820463513194,-0.008190097438082987,0.400874453776315,-0.7742602591848938,2.44529321052849,1.607150148881564
-0.0049868301837653825,-0.009454361225547396,8.95884872946895E-4,-0.008232339604789347,0.351953806906575,-0.5762067887053668,2.4957653541942917,1.3850417055283877
-0.004984586677551402,-0.009469992765840865,8.700559834850667E-4,-0.008234513846484598,0.34742436246484276,-0.5598870399671952,2.4987596723132133,1.3664692167179329
-0.004982323774789247,-0.009485858339378326,8.438407074128931E-4,-0.008236593088610146,0.342768960380107,-0.543337575795153,2.501681154936966,1.3476389186427238
-0.004973375168031954,-0.00944478010817772,9.069830863862126E-4,-0.008213410420685139,0.34911341126177536,-0.5868110804091379,2.4804012495734504,1.3883661352250103
-0.005005079238878671,-0.009297283774947715,0.00115310608423049,-0.008197507730302143,0.3927748446389216,-0.7407935793054342,2.4542973628299802,1.569125094321806
-0.005003126148895944,-0.009313124643130387,0.0011272279119769974,-0.008201540913580925,0.38887314313166477,-0.7241890568698609,2.4590069289477534,1.5505441398983704
-0.005001376396550691,-0.009328831151376617,0.001101614488481194,-0.00820561584055751,0.38502627435651654,-0.70772199702027,2.4637110746268753,1.5322192018590817
-0.004999683785907973,-0.009344350715624382,0.0010762920867405867,-0.008209542683305246,0.38118899567555026,-0.691447479783258,2.468254268302576,1.514115898561078
-0.004997657719519624,-0.009359720925367824,0.00105105982505814,-0.00821287788483723,0.37718696544191044,-0.675336000237084,2.4722911625981214,1.495964008352025
-0.004995242348205997,-0.009375241975550822,0.0010254311819472292,-0.008215668609761173,0.372922275531217,-0.659083923340788,2.4758859537424662,1.4774146812433469
-0.0049929960961004275,-0.009391101487860182,9.993121925693784E-4,-0.008218638489403948,0.36859546814267213,-0.6424823216970642,2.479626808205474,1.4585937774507858
-0.004974126881805441,-0.009429346703817008,9.318620090301618E-4,-0.008209307841679983,0.3528998238145531,-0.6029203030893462,2.4758723546858157,1.4057782344350682
-0.004974909493448668,-0.009413383964065018,9.57558308744267E-4,-0.008204924692351345,0.3567611768096644,-0.6195687486981195,2.471056753147654,1.4237621452288565
-0.004976213025620826,-0.009397139629211536,9.838429013333506E-4,-0.008200910861363792,0.36081981300104626,-0.6364922555927026,2.4664752221576003,1.4423276160013454
-0.0049901902883081155,-0.009287078518863527,0.0011631271205681671,-0.008175745028092098,0.3886990004224547,-0.7511056874062373,2.436244115240943,1.5707694816400701
-0.005018310679123906,-0.009218704792120249,0.0012826447361055284,-0.008179529176187965,0.4127313339141225,-0.8232422907494455,2.4321141557021395,1.6634237105997423
-0.005015709540054975,-0.009234011761736364,0.0012574329653479903,-0.008183287640961252,0.40895982270588876,-0.8071704556848142,2.43670225381739,1.6450534816951168
-0.005012909611044368,-0.009249567186695838,0.001231727257540391,-0.008186779690690796,0.4049987194699431,-0.7908383248813512,2.4410729341221558,1.6262731591984847
-0.005005265862542648,-0.009208711843225088,0.0012923559165796512,-0.008159561566214531,0.4088999071524007,-0.8329302959282687,2.415246237662505,1.6652373776238163
-0.005006520271026401,-0.009193504257102745,0.0013166210329575321,-0.008154029557445498,0.41195359187444497,-0.8487077863284381,2.409197545039102,1.6823781664323605
-0.005008033763577148,-0.0091776812824544,0.0013419178500345393,-0.008148374821866087,0.4151511876479757,-0.8651111252623912,2.4029514545420567,1.7003090094856852
-0.005010008766921404,-0.009161506778196346,0.0013679343769531763,-0.00814294710682374,0.41852975222668237,-0.8818900467069678,2.3968117684923462,1.7188998321546085
-0.00501678672268033,-0.009128997152838101,0.0014215085799135078,-0.008134883911995154,0.4262935688537492,-0.9158309570297419,2.386602334034014,1.758220756597274
-0.005012530710548425,-0.009144926721732841,0.0013948049604182347,-0.008137809905041917,0.42210324960449713,-0.8991139432240681,2.3908177865037135,1.7382772023646098
-0.005023523341001591,-0.00909767253401412,0.0014731683560546428,-0.008126768356283452,0.43360572820348137,-0.9485729754642124,2.3763510296969312,1.7962366941802286
-0.005020018648822206,-0.00911301050376177,0.0014477763719794813,-0.008130571942443971,0.42993969213184285,-0.9325259537191816,2.3812594180053406,1.7774867039126876
-0.005030227654178075,-0.00906748054123963,0.0015230085351790547,-0.008118643125692123,0.44052042309681205,-0.9801476856576196,2.3660818971012465,1.8329735565818321
-0.005026562652148952,-0.009082203054165353,0.0014985030987436263,-0.008122206644803074,0.4369750788616989,-0.9647118790166739,2.3707966056092196,1.8147736875942455
-0.005019728258914142,-0.009056983881582449,0.0015333166975805375,-0.008100582322690996,0.43724455873078716,-0.9893594847305544,2.3504281651449452,1.835503133104225
-0.005019371081972209,-0.009043241164169383,0.0015539774171970508,-0.008092614410729447,0.4387559391556571,-1.0031253788900214,2.3423113345188677,1.8493012395745614
-0.0050249435606427514,-0.00892057635078763,0.0017405662683901268,-0.008026941264730204,0.4535622664136114,-1.1251738803643683,2.272907744440649,1.9762487854056483
-0.0050197759399417076,-0.009027494563967512,0.0015780194149905668,-0.00808430610876897,0.4407817506346689,-1.018952089194004,2.333625170949178,1.8656674174524748
-0.0050212751063300155,-0.009011198354273905,0.0016034325323974542,-0.0080768224121782,0.44326020197985505,-1.0354475131921477,2.3254741949362434,1.8833986281307007
-0.005022653982620844,-0.008938144594126736,0.0017132281831529269,-0.008035141485413844,0.4510654562571132,-1.107611551158232,2.2820503155096143,1.957120003309358
-0.0050220517772587795,-0.008955774707842564,0.0016867414288225587,-0.008045166222183167,0.4492371254522804,-1.090280111494265,2.292587974390733,1.9393139513529751
-0.005027240697554141,-0.008976348731870955,0.0016591839919764958,-0.00806352670052671,0.4495282367453694,-1.0710694412143484,2.310031911025934,1.9233916617952322
-0.005023677537895186,-0.008994420822699176,0.00163002438572067,-0.008069961298566438,0.4461195584518083,-1.0525328420402202,2.317703485693339,1.9022926564343774
-0.005007127309040209,-0.009733124950832917,4.447522917180045E-4,-0.008321313332282464,0.28818508891002154,-0.2765898038214241,2.5839076774716747,1.077126647251376
-0.004993591596737912,-0.009724549070808315,4.5688723565876654E-4,-0.008303597622107734,0.2801758565256278,-0.29198400831145793,2.5698993360582203,1.086026599572418
-0.005007990188766738,-0.009717443732062377,4.7087211891351705E-4,-0.00831987582965059,0.29380067217246114,-0.29310823939576935,2.581842947296507,1.0952143835421972
-0.00500631368665081,-0.009748808830033833,4.18658289190175E-4,-0.008322667043894774,0.2811419325159879,-0.26024578925985176,2.585883903043389,1.0590636520448777
-0.004992797323763769,-0.009740272462536335,4.3081141861695834E-4,-0.008305059826248419,0.2756388026950121,-0.2754318926195964,2.5720523064019374,1.0679005818967797
-0.005005549329206298,-0.009764495229330011,3.9254604142563047E-4,-0.008323939366410394,0.2746935881209816,-0.24394264273857313,2.587773207990144,1.0409711329381983
-0.004991990183707401,-0.009755992465903108,4.047324679339735E-4,-0.008306370675929549,0.27114937887529694,-0.2589513315275828,2.574073575824635,1.0498345335675026
-0.004994411652993517,-0.00970880772957134,4.8298299375035774E-4,-0.008302025294768643,0.2852066847874795,-0.30854756739388517,2.5676551193393973,1.1042042140770525
-0.0050089023178828546,-0.009701765314618097,4.970458330529967E-4,-0.00831835277696572,0.29707301403587866,-0.3098010038421825,2.579704672947824,1.1134132117345077
-0.005011934116815128,-0.009654748287466774,5.754750451580461E-4,-0.008313296026773772,0.30969205665572525,-0.358908150586378,2.573030243300424,1.1685692329996522
-0.004998812879205411,-0.009645895575010239,5.873702956509973E-4,-0.008295598358671418,0.30518473171144206,-0.374251400763681,2.5585820675737225,1.1769256884309431
-0.005010874290742819,-0.009670417450053835,5.494317207256378E-4,-0.008315057410789792,0.30061424088755667,-0.3428809997464127,2.575292578944049,1.1502172820366032
-0.004997651530811281,-0.009661594311808934,5.613105597514077E-4,-0.008297343232718543,0.30160480253928945,-0.3577347537348304,2.5609903041522517,1.158713014523286
-0.0050098636880925584,-0.009686089839949744,5.232639227897104E-4,-0.00831674466952513,0.2978608379330592,-0.3264958064860906,2.577509771563065,1.1317733532936782
-0.004996433201190048,-0.009677300896506938,5.352315312064926E-4,-0.008298887020500759,0.2968981151089501,-0.34140358828118983,2.5632031439454477,1.1405637321923818
-0.004995333540378674,-0.009693045702896924,5.091121913820251E-4,-0.008300425547094243,0.2909426666745048,-0.32504199037071896,2.565397007507267,1.1223984377934333
-0.0049855301600232335,-0.009636983465569708,5.992670675101761E-4,-0.008278373408387605,0.30518084632427867,-0.38343550506337204,2.545117864074321,1.1797270771804156
-0.004989871862639922,-0.009574141213891765,7.028477153155425E-4,-0.00826930951653078,0.32376913300839405,-0.449231655159521,2.533666873065212,1.2523381630615127
-0.004988658307255776,-0.009589776047565004,6.770683531038342E-4,-0.008271619049048903,0.31914806845015337,-0.4328465146218741,2.5365851748601567,1.234200940826553
-0.004987491011452021,-0.009605479688283316,6.511748558425857E-4,-0.008273858334022931,0.3145529355273932,-0.41640510314319146,2.53943659876831,1.21601699310573
-0.004986447878669943,-0.009621240463828779,6.252013434754774E-4,-0.008276115456465165,0.30994839369567545,-0.39991411898267665,2.542286039722965,1.197835544865333
-0.004980496575326836,-0.009501882085048314,8.174919017198645E-4,-0.008239088344952065,0.3381945779555892,-0.5266051798492507,2.5049128766178694,1.3288646221217137
-0.004978961461253306,-0.009517872938771632,7.912656241932072E-4,-0.00824177214303691,0.3336927276752299,-0.5098935210481715,2.5082683533835817,1.3102766791665237
-0.004975833778136739,-0.009565258044388321,7.138149977821704E-4,-0.008250538146675904,0.32059603515875845,-0.4602767998377963,2.518728158125239,1.2558760591432343
-0.004977692298098157,-0.009533802826239722,7.65192714664391E-4,-0.008244606641993285,0.32925589967491137,-0.4932297169599447,2.511717319119644,1.2918876462843973
-0.004976689698655472,-0.00954962701544766,7.39340123720842E-4,-0.008247582345525055,0.32489652625776405,-0.47665732398817023,2.515247542166302,1.2737423227552631
-0.005000394746384635,-0.009937172394430337,1.0470698021145679E-4,-0.008332532114256176,0.22025259913631012,-0.06276428310163645,2.6044191322372345,0.8440936701442497
-0.00500022205036873,-0.009952878302440085,7.852557724745662E-5,-0.008332820031342541,0.21535689467564847,-0.046413316147231015,2.6055814163579694,0.8264351952828161
-0.004986396668755453,-0.009944856487071349,9.148724931367485E-5,-0.008315894049424356,0.20941872985406432,-0.06176605409045733,2.5931636477776654,0.8353439289403163
-0.00500061677545759,-0.009921467368795326,1.3089108770055778E-4,-0.008332161947958206,0.22503371662041405,-0.07915543546118328,2.6032067258582776,0.8618204253760727
-0.004986586652468105,-0.009929101325688307,1.1761839606685052E-4,-0.008315551263773995,0.21472759134183136,-0.07822652142906811,2.5919383551560204,0.8530792349911033
-0.0050012088155440915,-0.009890060497518439,1.8323153399497178E-4,-0.008331175363046346,0.23567343677923347,-0.11193986845296139,2.6006150792624183,0.8974039609602599
-0.005000888133336492,-0.009905763358590827,1.570651872780522E-4,-0.008331709695953397,0.2302863276073992,-0.09554779651943583,2.6019422007871342,0.8795980093942314
-0.004987143160146381,-0.009897581503801616,1.69896859662957E-4,-0.008314646001574394,0.22510390743981815,-0.11110276738520379,2.5893080771382553,0.8886139574531936
-0.004986839969363432,-0.009913338016429123,1.4376284431628399E-4,-0.008315140060377367,0.21996967362378175,-0.09466964988769912,2.590657150884855,0.8708393531034399
-0.005004834243983439,-0.009780184008954095,3.663956426169749E-4,-0.00832513122518468,0.269728911014014,-0.2275462602018322,2.5895869337611406,1.0228546872119084
-0.004991191797466652,-0.009771718150014328,3.786432389566777E-4,-0.00830755376237134,0.266284734847253,-0.24254225582474606,2.575982340354186,1.0318191321027352
-0.005004168437936931,-0.009795875029713486,3.402189296067867E-4,-0.008326241954147736,0.2656129480012139,-0.2110210997520645,2.591333664360721,1.0047541748095448
-0.004990448634162504,-0.009787453392391595,3.5254279738686304E-4,-0.008308660102071536,0.26105792739167005,-0.2261599012719002,2.5778272283910373,1.0138342317353455
-0.005003551917708423,-0.009811568152997375,3.1403308439097556E-4,-0.008327270705927915,0.26171031142667334,-0.1944070783875648,2.593022647004843,0.9867096028660187
-0.004989787689606249,-0.009803197325083992,3.2643269813986453E-4,-0.00830971951864577,0.2556855836322094,-0.2097642140066853,2.5796358750219905,0.995862786820107
-0.005002984689635677,-0.009827263240783757,2.8785038832615485E-4,-0.008328216967273146,0.257713779897563,-0.17777384816078476,2.5946624740251796,0.9687476403360002
-0.00498921430700305,-0.009818944465272313,3.0032014275184737E-4,-0.00831073788951217,0.2503004654159642,-0.19333515784985725,2.5814099791343943,0.9779000218352306
-0.0050024667597618295,-0.009842960155646504,2.616840279852163E-4,-0.008329080324201463,0.25297735274607236,-0.16120189817858901,2.5962487906425724,0.9508694832690331
-0.004988721752910025,-0.009834684842955592,2.7421888750842066E-4,-0.00831170767796746,0.24502929495845052,-0.17687132491517213,2.5831418367602477,0.9599574735744648
-0.0050019981338448065,-0.009858658760762435,2.3553664199412925E-4,-0.00832986079582913,0.24715234571054814,-0.14473379964203614,2.5977693201834837,0.9330414466539393
-0.004988285657349135,-0.009850409014409412,2.481413601036901E-4,-0.00831260175043625,0.2400156997021535,-0.1603986601777647,2.584812639740527,0.942057761012499
-0.005001578817366836,-0.00987435891991841,2.0939018571755844E-4,-0.008330559015099867,0.24115585968170197,-0.12833176888609768,2.5992232219872875,0.9152228376626251
-0.004987876123423717,-0.009866121741342411,2.2207918300444217E-4,-0.00831338772691577,0.23515745478332506,-0.14395140662978315,2.586396633440801,0.9242109151073309
-0.004987490191409038,-0.009881841752869665,1.9600397118736936E-4,-0.008314063458339275,0.23019290094522746,-0.1275277987573162,2.5878896737100203,0.906402417534936
-0.005000888133336491,-0.010094236641409177,-1.5710480039860295E-4,-0.008331709016450587,0.16841567138406235,0.1011129048389906,2.6130037329022775,0.6682098026807081
-0.00498669831534463,-0.010086706896657903,-1.4377444841688215E-4,-0.008314999253003505,0.1615647565732419,0.08580034113726899,2.6014589804790145,0.6773175247227973
-0.005000616775457591,-0.010078532631204678,-1.3091873297239482E-4,-0.00833216157472319,0.17306274642899508,0.08459114645441544,2.612386771935625,0.6855827889071203
-0.005001208815544092,-0.010109939502481563,-1.832742017048927E-4,-0.008331174519500396,0.1632328188951913,0.11754156906679354,2.6135900233361355,0.6509200145007923
-0.004987053397978062,-0.01010244698346227,-1.6988459760403562E-4,-0.00831456657590991,0.15616522899477234,0.10225221707205105,2.6021368218357384,0.6598658711923272
-0.0052133047731250425,-0.008201817551135422,0.0028681971696863933,-0.007640573868051737,0.514346901781244,-1.8100553057625157,1.806818400353096,2.752848320565054
-0.005221532714319701,-0.008181102971938407,0.0029014103453573153,-0.007627808521368429,0.5148908501958777,-1.828758683653429,1.7902713331373672,2.774941174036097
-0.005180796379407276,-0.008248721792144392,0.0027786016581831806,-0.007653356310666682,0.5071284214844101,-1.7584366321641578,1.8339041228686603,2.682531443275755
-0.005181736190912123,-0.00823180589647099,0.002799903451235099,-0.007637254155364413,0.5052196152787923,-1.7703055950263156,1.8173239896887743,2.692883733573609
-0.0051912963696025115,-0.0082125504469415,0.002832656918295651,-0.007627890973911277,0.5068018014632365,-1.7889478585249812,1.8037951126008254,2.7161955269850577
-0.005159517970105072,-0.00842981436493562,0.002530289361176149,-0.00780403298047705,0.5159965512416783,-1.6133562438150175,1.9966093619361371,2.541344941133523
-0.005143756747110433,-0.008438768657309885,0.002504248257178522,-0.00779442975438903,0.5095987063009978,-1.5981726669103036,1.992734509089397,2.5149250600867212
-0.005156308139180333,-0.008409107987334729,0.0025542552838520994,-0.007781376928405412,0.5129323178693953,-1.6279336503526196,1.9744248970963143,2.551487428581685
-0.005162986873209845,-0.008353616339284834,0.002631470840438207,-0.007736713554484549,0.5109499704629715,-1.6737111851180437,1.9259255550008876,2.5967135395480345
-0.005157810781988124,-0.008370467020382301,0.0026052039359103665,-0.007746954690333927,0.5102822412308458,-1.6582693277992255,1.9384695656620448,2.5791056823208653
-0.005155309311149186,-0.00838940947713243,0.0025786838273479918,-0.0077619554628264335,0.5108338981015673,-1.6425783083291365,1.9548297770162382,2.5634375175794664
-0.0051708129605841395,-0.008262313760954874,0.002752145535967187,-0.007656164511538085,0.5044655009565436,-1.743127622168757,1.8409745587761817,2.6613852645738407
-0.005166524895966183,-0.008283574189036967,0.0027220008610445903,-0.007672622797143674,0.5052383406177999,-1.7260145506386857,1.8593053753332838,2.6436519686772635
-0.005167216010907761,-0.008324202261312443,0.0026724771830971892,-0.007713120956312811,0.5098968013331281,-1.6976713349693053,1.9000919389275783,2.6206227817421026
-0.005165650686033526,-0.008303585022422661,0.002696553455197471,-0.007691332625865097,0.5069187081540516,-1.7115043645573882,1.8786078381343685,2.630885567178652
-0.005152047455508082,-0.008337839370874726,0.00264083991676887,-0.0077095594027802245,0.5046912979869081,-1.679186446858138,1.9026549504719483,2.5922188200436582
-0.0051262033354491435,-0.00847945790686267,0.002435219141429791,-0.007811038333788325,0.5043579026357023,-1.5569866549416806,2.016420509005871,2.463978725933185
-0.005130317007888879,-0.00846355502069871,0.00245976287780087,-0.00780158247442643,0.5053309223269534,-1.5717584722595037,2.0051636389866205,2.480533102320007
-0.00510630774468763,-0.008485476670343625,0.0024098568242198293,-0.007793988930838603,0.4958895755456289,-1.5427220464195173,2.006099001214317,2.435470484185421
-0.005127141812025328,-0.008447763698968283,0.0024775521674736778,-0.007783911452553313,0.5028630819324144,-1.582777308550039,1.9881579911520488,2.4878514896663106
-0.005062129114189887,-0.008767118963324083,0.001988208983424271,-0.007967419415240857,0.47904156420480826,-1.280646367388849,2.2000716667070788,2.1555854185475956
-0.005046903276725316,-0.008777104642205236,0.0019631429129307767,-0.007956938471677137,0.47182864862047896,-1.2667778352867367,2.193940610965511,2.131320615436349
-0.005101673511360177,-0.00853863417761488,0.002335472150106939,-0.007834433357822633,0.49621987873350554,-1.4971987844620482,2.0493132847418916,2.390356962071319
-0.005085022833101276,-0.008493881238058259,0.0023803838255749706,-0.007777559299701809,0.4871341691645093,-1.525952883582905,1.9969941587595186,2.4040022021539555
-0.005086465839415368,-0.008513368745822583,0.002356078873556208,-0.0077958986211385225,0.4885978778195728,-1.5110299480802585,2.0151666365066725,2.391493854885574
-0.00508834685015672,-0.00852787544058489,0.0023385199153329755,-0.007810339436616927,0.4899910123234476,-1.5001035532596338,2.029272974906984,2.3829136476702404
-0.0050960148907164705,-0.008555729966551358,0.0023078044484926732,-0.007842392783340306,0.4943070903070397,-1.4804539542744501,2.05949960161774,2.370591640101761
-0.005057815144013963,-0.008746927043109991,0.002013838371126328,-0.00794790951437876,0.47769298013116623,-1.2979467795499529,2.1811889299224174,2.16933670411188
-0.005088127827598993,-0.008589383080850091,0.0022558534628291126,-0.007861222637005344,0.491698321733939,-1.4486637808600225,2.0816386019480864,2.3351071130971444
-0.0050842245843640155,-0.00857298858176144,0.0022748204585339516,-0.00784337389843252,0.48944729984994256,-1.4609379126203041,2.0645940984220954,2.34363859904664
-0.005075593589182376,-0.008600658880558396,0.002230394923935328,-0.007856164028588344,0.4862822586823333,-1.4339181198379019,2.0807084582049375,2.312020152341291
-0.005076654929757283,-0.008616418405865947,0.0022098032219021227,-0.007870016472168203,0.4870657679526303,-1.4208498377254373,2.094600559122195,2.300516613558518
-0.005078929637487887,-0.008630685574826644,0.0021920783417216914,-0.007883945571975947,0.4882403310686464,-1.4093663358752166,2.108217271852782,2.2913640153260815
-0.005072059218621294,-0.008643409649266458,0.0021691795781957246,-0.007886139935998758,0.48524746594222007,-1.3956419292756843,2.1127477588723216,2.27331988530852
-0.005065491044142652,-0.008660925317010052,0.0021399282105746607,-0.007892287696798743,0.4823150848044692,-1.3778439545999819,2.1212523345958947,2.251645428239868
-0.005060730865975692,-0.008681265663906002,0.00210811734005689,-0.007902461559804175,0.48009769190600887,-1.3581688603721027,2.1332911604915705,2.2294441537310807
-0.005057211979784062,-0.008703315384947617,0.0020747594505563798,-0.00791508463187488,0.47832663460606595,-1.3372780574518999,2.1474582729076555,2.2069013987883968
-0.005055654753362106,-0.008725491966894238,0.0020425230875571357,-0.007929766570562394,0.47722303540934924,-1.3167876922268817,2.1631127306678017,2.186050386807668
-0.005029142491413623,-0.008898870845710545,0.0017751149188880674,-0.00801815198059769,0.45716356962109117,-1.147081421129876,2.2625998740723765,2.000960147417254
-0.0050249031759763635,-0.008874675879617152,0.0018077275676093546,-0.007997683856418907,0.45699483210952957,-1.1692331218987022,2.2427175164790385,2.020152896204065
-0.005031245077086383,-0.008786638492986503,0.0019385771143930425,-0.007945640350417067,0.4645219829752489,-1.2533870553864335,2.1871044290810264,2.10740818618016
-0.005034429619354811,-0.008801349199077203,0.0019198309211552887,-0.007959520979256394,0.4652992980850848,-1.240695352280976,2.2004439324739504,2.097168053274316
-0.005028486073604033,-0.008815093427788204,0.0018960932113072772,-0.007962125885971748,0.4620135195242096,-1.2262548062048408,2.204930984055069,2.0789092671350846
-0.005023784311371848,-0.00883232989422567,0.0018681953339750466,-0.007968397940675968,0.459023560690801,-1.208899201177587,2.2128336471220322,2.0586401438734154
-0.00502292978777919,-0.00885297895374736,0.0018378838073555609,-0.0079811859377789,0.45747161588737967,-1.1892919797306307,2.226278965321647,2.0387018067137785
0.005261307717045524,-0.00806711213169231,-0.003076010228306869,-0.007546768467307852,0.5124059341355537,-1.924556578540907,-1.6905871347592971,2.8833234046301723
0.00525082391716513,-0.008044342510243682,-0.0030896555145689584,-0.007510333228839527,0.504245077843953,-1.929493381949696,-1.6599155061398732,2.8758455643833476
0.005238243671722336,-0.008020855323901805,-0.0031012413888383892,-0.0074709884346315985,0.4952090391891341,-1.9327511836528466,-1.6278145698376736,2.8651313659131303
0.005250924742189386,-0.007996330555877966,-0.00314199336425398,-0.007456249634076334,0.4955003419647883,-1.9544359301514052,-1.6073969754017898,2.8919507687812125
0.005849526567893196,-0.006658340343551505,-0.004847029438089342,-0.0060296772083930535,0.24733783240888077,-2.4291756173778363,-0.15149326322673348,3.3265836034850627
0.00581832993997057,-0.0066858034187461815,-0.004793474753999271,-0.006058746517036519,0.2539853271890182,-2.419669126426118,-0.19146852129281602,3.3118596671205247
0.005793724192154672,-0.006718323600205592,-0.004748476346294522,-0.006097708334654534,0.2621043875117575,-2.4161170945772437,-0.23072076088487117,3.308583378481209
0.005754640158807391,-0.006718271767675624,-0.004689227235946853,-0.006080076634754962,0.26086055505979894,-2.3883481042827155,-0.253137239640684,3.2591932389895577
0.005557012273031092,-0.007127431867150545,-0.004241307457954576,-0.006575818658342488,0.35605043669204206,-2.351382010322018,-0.69261457538588,3.2630244905361123
0.005544984001812518,-0.007152787475345056,-0.004210672837044437,-0.006604324639109746,0.3617010553353192,-2.345143849719523,-0.7204495146450186,3.2580574496722052
0.005568868387015243,-0.0070955535797849086,-0.00427453891612205,-0.006537461084257237,0.34854034384854243,-2.3558739392830277,-0.6583260646576762,3.263480696164379
0.005536425510148824,-0.007098511431581971,-0.004226276355579328,-0.006520679447806391,0.3451997054343977,-2.3298854973746446,-0.6698498798123343,3.2181811642223863
0.005670570376788412,-0.006868071323732846,-0.004519280435183897,-0.0062629920999575095,0.2961489232338063,-2.3801009865447544,-0.4150881694688798,3.263554628540645
0.005740462530096682,-0.00679827951012997,-0.004646323744416332,-0.006194122747322901,0.2816882022952219,-2.4087636387286686,-0.3233849272361482,3.3045836490395653
0.005699204078490827,-0.006830394295907396,-0.004574451563989356,-0.006221700194983964,0.2877720894677192,-2.389378650142262,-0.3704060966501385,3.2745271984597957
0.005724179094417344,-0.006744308703182925,-0.004636889298093839,-0.006105165070331692,0.2664415926849013,-2.3766894044302145,-0.28945842361223934,3.241443233229203
0.005572850025370075,-0.007060024049584768,-0.004297451563092378,-0.006488431961527131,0.3392682940507188,-2.3524517673616328,-0.623286426236263,3.2495739131028754
0.005587053894571871,-0.00702787191308726,-0.004332882803690469,-0.006450492031735172,0.33194179205865165,-2.3572309772725575,-0.5890281792451852,3.2514432614084177
0.005584483740388224,-0.0069938442352553845,-0.004344066622130851,-0.00639943042702652,0.3224814956447008,-2.3476819693220965,-0.5587089076523006,3.2278568602040223
0.005590938609967078,-0.006951553459146424,-0.004371049382347479,-0.006341764273329259,0.31172686992991866,-2.3426065863488947,-0.5189303012607178,3.2112606904508474
0.005622338160423397,-0.006864002003003147,-0.0044496803112939985,-0.006231536522898941,0.2914209532158667,-2.3426127078710803,-0.4323950100474196,3.197182736544159
0.005604695276449349,-0.00690801496487448,-0.004408024250621756,-0.006286174486740992,0.30142664324107077,-2.341792133059057,-0.476296773324871,3.2025502322887043
0.005361266231618948,-0.007728904317593673,-0.003541510652760796,-0.007242361391776027,0.47526680046380226,-2.148350426655915,-1.347965594142967,3.110833958321637
0.005349961525852436,-0.007758763907127464,-0.003499553093531039,-0.007269409353725476,0.47907595777285245,-2.129811252044822,-1.379024495372496,3.0912006807591825
0.005388365268648657,-0.007665158515596435,-0.003633570414250459,-0.0071856271410262506,0.46762340615109016,-2.188477329375558,-1.2810277435870006,3.1547071639814424
0.005373854842828879,-0.007683721350821238,-0.003598403692316683,-0.007196260931036769,0.4678168663541197,-2.171500358362261,-1.299169356145737,3.1316678886294644
0.005348260970999309,-0.007696182970332086,-0.0035545210490669182,-0.007188573182515564,0.46340220478005667,-2.146630304820253,-1.3073315109159165,3.090553300833861
0.005391960755410595,-0.007619725043133176,-0.003677386792781476,-0.00712949455928965,0.45681604405000525,-2.2016386143836395,-1.229705699019856,3.157816749316396
0.005379460004364857,-0.0076418878153624685,-0.003642169626881015,-0.007147192226148022,0.4590282119542842,-2.1862523057151746,-1.252592897320665,3.1391891815190855
0.0054000023209150065,-0.007572684246133107,-0.0037269703527326313,-0.007074562581523325,0.44679988277179766,-2.217289136499048,-1.177655317015253,3.1660173533145506
0.0053790272324412605,-0.007592931924696675,-0.0036827529613146664,-0.007082823820398608,0.44640364494964685,-2.1957793932117364,-1.1975285555091528,3.13482183548126
0.005520266337547252,-0.007172679035576302,-0.004164548027257262,-0.006615949027977961,0.36311493515950005,-2.3271499521281,-0.7455737642681842,3.23095693832833
0.005463384814058591,-0.007455808641003988,-0.00390333405552106,-0.006970695891481054,0.4312547698804376,-2.2866570784562295,-1.0507506017765549,3.2465712021822672
0.00541862973048864,-0.007525995673320401,-0.003789063235881841,-0.007028402400947281,0.4392880034434743,-2.2404228112314803,-1.1271851523524674,3.1891607728337537
0.005443240955494606,-0.0074815910191059565,-0.003856499440545773,-0.006989174861734753,0.4333460377078989,-2.266813008622248,-1.0790705497957307,3.2200812892178594
0.005419298706953195,-0.0075000968358554816,-0.003809987391118591,-0.0069940975764675355,0.43257622952680086,-2.2441288035251934,-1.0984412047849854,3.185603609439531
0.005391511294721277,-0.007538924138123389,-0.003742695141423291,-0.007022427313046913,0.4359732486628715,-2.2153155080415528,-1.139085618586652,3.1480774492631673
0.0054943368080815095,-0.007379301250369851,-0.0040008753896217395,-0.006889474601785245,0.4164097175004668,-2.3171723283902543,-0.9650477431162378,3.2744884269757715
0.005473203175948464,-0.007405017423792942,-0.003953503351709014,-0.006908428662361298,0.41916331474849855,-2.2979722223944044,-0.9943093191545974,3.2485381811039393
0.00545883090905467,-0.007428192351489796,-0.0039171507899025855,-0.006928855263497673,0.422389333445108,-2.2843943775473274,-1.02007723875652,3.232108183437024
0.005484399540563751,-0.007341795392625025,-0.00401213006888738,-0.006829040919613985,0.40405497814759617,-2.308225193367683,-0.9251755932837451,3.245741227493558
0.0054967788707120414,-0.007235254563150054,-0.004095822031950586,-0.0066882997133771846,0.37677118863576003,-2.313763225732005,-0.8126531637960399,3.2237186240770783
0.0054843378480905714,-0.007194261245897311,-0.004101768654991505,-0.006621778792830099,0.36315815601000784,-2.3000947292079252,-0.7735208090940849,3.188470295888824
0.0054645510306022575,-0.007310371437718991,-0.004004728723086404,-0.0067700136575988504,0.39147564733031753,-2.290508820117955,-0.8938358853951222,3.20391672051542
0.00547066598515462,-0.007272328905517527,-0.004036962605289671,-0.006721481052588496,0.3820135387051513,-2.294267052661375,-0.8539378379254119,3.1992817691115083
0.0053288434708517836,-0.007781711425313429,-0.003451550059704217,-0.007277896077978387,0.47756418032305187,-2.104905810934286,-1.3988000427134095,3.0557124077575573
0.0052768291326885835,-0.007907744319103174,-0.0032646346406183468,-0.007379723670728088,0.4874701942700464,-2.0151526734679734,-1.5213532395848368,2.9547385410369196
0.0052619331996213645,-0.007941441239289422,-0.0032125368358897725,-0.007404288830502961,0.4889962401700938,-1.988838159229935,-1.5522223676424003,2.9240048530176708
0.00523854201639796,-0.007967523261597201,-0.003158390083947174,-0.0074108704483014645,0.4855413606514181,-1.9593412978425462,-1.5700864266287893,2.881997882063549
0.005310719128159072,-0.007802844371221908,-0.0034090849242625616,-0.007286601196151022,0.4763184846667257,-2.0829326777980057,-1.4167988737595645,3.0249618537002427
0.0053013261365593145,-0.007828154082986347,-0.003373206037214578,-0.007308461200825461,0.47906492613512996,-2.066317332247646,-1.4419180939270795,3.007068292535078
0.00525727706836394,-0.00787741073122828,-0.0032720805646060743,-0.0073247045598891225,0.4745006358512258,-2.0128364971645105,-1.4800478488970983,2.9313922637658325
0.005278488058089197,-0.007848149414172603,-0.0033261305325439903,-0.007310480357744208,0.47574144947396785,-2.040668501807495,-1.456002143402129,2.968674297239119
0.0051144701169102205,-0.008624726599333271,-0.0022286267446322418,-0.007919951137854634,0.5042001544877835,-1.4285099926071163,-2.133581559936506,2.336129945530644
0.005065685874453089,-0.008732049900981058,-0.00204065051095794,-0.00794611515171849,0.48152556415629627,-1.3141443600466198,-2.176835837764347,2.190655045854241
0.0050702746142898885,-0.008715492097714878,-0.0020674240916469487,-0.007939159637972612,0.4839222934753768,-1.3307588822174468,-2.168167766917657,2.2100015862740126
0.005076410019140335,-0.008698531088199107,-0.0020958872972420745,-0.007933512592202869,0.48693741249714234,-1.3482301201023512,-2.160341720049431,2.2312611225229944
0.0050987134869365375,-0.008638460772036734,-0.00219700424155737,-0.00791274174119569,0.4972129834977781,-1.4101761029097928,-2.1314208730155353,2.306853648743639
0.0050854549371518905,-0.008679004661965636,-0.002130156522091004,-0.007929073534216652,0.491245505437671,-1.3690302100065261,-2.1527905840796673,2.2578178428219364
0.005090514512363457,-0.008657042495549879,-0.002164735348122972,-0.007917911938907085,0.4935565203035703,-1.3905410600132002,-2.139527196049439,2.2820793981977583
0.005179945961882037,-0.008411443886145759,-0.0025731343565529624,-0.007810206617870836,0.523617017300869,-1.6386727707744269,-1.9949442146549468,2.580788019489978
0.005164767450511662,-0.008424981378468631,-0.0025414155848737085,-0.007805531030485854,0.5179097393699584,-1.619955519761332,-1.9960865870158386,2.5515445532114316
0.005154597195487689,-0.008439835043334731,-0.0025126902161074025,-0.007807609700216946,0.5144486154349043,-1.6029032254204865,-2.0021770703524737,2.528018942315169
0.005147487935394759,-0.008454960041250044,-0.002486412782409967,-0.007813246867397807,0.5123352624228014,-1.5872099307226304,-2.0107219300628167,2.50821869474936
0.005141473831584546,-0.008470404133439248,-0.0024606825574653717,-0.00782025794783208,0.5105958009958642,-1.57178095244214,-2.020239638082293,2.4895185517737666
0.0051343393948034026,-0.008485701453580683,-0.0024341298157318993,-0.007825718430520233,0.5083437122676834,-1.5558735346759915,-2.0285369906330697,2.469440406897935
0.005131898067095449,-0.00851664259881503,-0.002390741901616603,-0.007849917112650805,0.5088372118521969,-1.5291819830850242,-2.0545335940474865,2.443264198960245
0.005123723791386751,-0.008500359319604975,-0.002405392905999839,-0.007826534281518775,0.504326029352042,-1.538828849181968,-2.03327939739566,2.445558010759115
0.005116493199651144,-0.008563261626259134,-0.0023147239650020547,-0.007871949809761804,0.5036829136006675,-1.4829517757664166,-2.0829252350787555,2.3886601351531276
0.0051258662659277145,-0.008547687248715857,-0.002343731121483863,-0.007869565326890012,0.5074262503293699,-1.5002915701135988,-2.0771223409431445,2.411981935653987
0.005117731719299653,-0.008530553340250243,-0.002359924926696544,-0.00784575261019912,0.5030548390403947,-1.511106076595954,-2.055320173288051,2.4155603814659954
0.005099444885341377,-0.008565848417670933,-0.00229702082025935,-0.007854701723690738,0.49619739283539,-1.4733793455669022,-2.0710031727097284,2.366635491335931
0.005105790150261684,-0.008607270221405098,-0.002245761810735315,-0.007895900025695462,0.5000267253839664,-1.4404450771622377,-2.111506793543713,2.340759296304905
0.005101890319916371,-0.008591745875517039,-0.002263868626009233,-0.007878812817464836,0.49783774464399355,-1.4523050646058624,-2.0951196703761004,2.3489090097664618
0.005089986177714008,-0.008579206278808716,-0.0022711562962213394,-0.007855002409832113,0.4923116364829318,-1.4580469757009167,-2.0745651705619914,2.3451916340324463
0.005171293453679057,-0.008393478108968611,-0.002588395645658973,-0.007783667881008643,0.5182396349050741,-1.648137500605318,-1.9708520016845037,2.5817166351127123
0.005168222475104795,-0.008377598885330195,-0.002605932813299778,-0.007765296091352418,0.5153371144546338,-1.6586368857263623,-1.9531309580509286,2.588211486323663
0.005246955476096358,-0.00808543687261167,-0.0030394561517760135,-0.007551921904499882,0.5099035265773534,-1.903945883306173,-1.7026643637657568,2.8545792245593318
0.005234828115625703,-0.00810375963649982,-0.003005391575022697,-0.00755918061443247,0.5081622249924429,-1.884902873218597,-1.715644838697523,2.829157081964533
0.005224013027555805,-0.008121078227948912,-0.0029739036767500227,-0.007566508660174227,0.5066928923765971,-1.8672834382986994,-1.727955475217062,2.8059628385820585
0.005214117517201931,-0.008139703507585637,-0.0029418965756898333,-0.0075759934796585824,0.5056497670727732,-1.8494538258855029,-1.741935071700772,2.7834640627479463
0.005204017220839965,-0.008187182126018301,-0.0028758784968721533,-0.007615310685715581,0.508575051393767,-1.8133979986644604,-1.785634503788627,2.7468223343510627
0.0052058695211267296,-0.00816148185271001,-0.0029079335746154695,-0.007590327611445044,0.5054866395982592,-1.8306886712580235,-1.7599132973769471,2.761710441558254
0.005177128406412486,-0.008241603334406898,-0.0027834810090220127,-0.007642205480397479,0.5046803925462636,-1.7608902495469196,-1.8243297814742137,2.6812727751055667
0.005181706682135111,-0.008219662705484928,-0.002814376167587926,-0.007624856283029721,0.5039389670512646,-1.778187055201632,-1.8050021712688042,2.699113538682068
0.0051867066742383415,-0.008198430583418195,-0.002844659129145768,-0.007608422362962594,0.5029674275650524,-1.79502188045216,-1.786426611244464,2.716808724937705
0.005138200889821157,-0.008290101783094398,-0.0026862495902872656,-0.0076483462029618325,0.4940478347894816,-1.7049566064897206,-1.8464662585626126,2.6022659520695153
0.005144043603185062,-0.008271935276105738,-0.0027139592151969997,-0.007636820604270717,0.49447662949992394,-1.7207145848757552,-1.8325995829599802,2.620168929673449
0.005154033810975999,-0.008251737335674676,-0.002748138470024571,-0.007627521315227161,0.49638176349238444,-1.7401685104573394,-1.819243589092451,2.644503985893668
0.005155078952402289,-0.008364443782825328,-0.002610264028005569,-0.00773822994650378,0.5085194531747548,-1.6612596208921737,-1.9306070872354077,2.579345504058893
0.005143632308721653,-0.008342663272730571,-0.0026267770033930357,-0.007704930967518565,0.5016776022105495,-1.6709515777523316,-1.9012723116440375,2.578124883388447
0.00513258654555165,-0.008307433150213251,-0.00265968925746591,-0.007659110291426006,0.493484751975318,-1.689758839498755,-1.8594777404891099,2.584927561531236
0.005128689576977968,-0.008324312952323776,-0.002635248093866407,-0.007671122530063081,0.49356011087070073,-1.6757796050104061,-1.8730254956970789,2.5699610093540177
-0.005251025216231989,-0.007854434642175041,0.003287279049210317,-0.007291514404383105,0.46795802574023043,-2.017089185329164,1.4528516374913576,2.9264749129632612
-0.005258636683010578,-0.007884373852988222,0.0032667438662752984,-0.007334239286525488,0.47654390308470956,-2.0109293152067873,1.488298515962245,2.9320458509777576
-0.005237850354346332,-0.00790849853443144,0.0032182466349422356,-0.007342167214627001,0.47425217065397723,-1.985173515367675,1.506063253697172,2.8959518457545923
-0.005222147667852432,-0.008155989042731316,0.0029315672492467543,-0.007601907135643018,0.5112679222693614,-1.8449372205982442,1.764008661373353,2.7877574664024554
-0.005227327698152134,-0.008138672695456404,0.002957213676234363,-0.007588955566431329,0.5107850529810862,-1.8590219633982088,1.7486923379473027,2.8031484597706893
-0.005225990187182443,-0.008121660451085932,0.0029753755772989558,-0.007569233218965631,0.5074494360835297,-1.8683488916490332,1.7296601813213515,2.8086726512042888
-0.0052275880913701415,-0.008085805280693787,0.0030177699080085264,-0.0075319645610367305,0.5023846200595394,-1.8901725736215675,1.6921650424493493,2.825768163611933
-0.0052305557432163795,-0.008104699991764368,0.002999667465594533,-0.007555691878024405,0.5066586424576938,-1.8813971934324942,1.71414807762728,2.8224763721520874
-0.005220724091581657,-0.007956648725016778,0.0031493905363014847,-0.00738071027352795,0.4773829000250869,-1.9512464938031544,1.550276223639692,2.8587334572628524
-0.00522046464550785,-0.007930784654612865,0.003175617526548157,-0.00735089389452513,0.4723344015092451,-1.9626444226010378,1.5226110625371785,2.86512202894482
-0.005199108880881371,-0.0080713211069978,0.0030028107331227676,-0.0074866103131122855,0.48919413066813167,-1.8783899352273539,1.6612763803786836,2.7901022788366427
-0.005218044582440758,-0.00798501842181033,0.0031167637801857366,-0.0074101859446210555,0.4813299520982311,-1.9359417233886786,1.579340885721426,2.8466817388193046
-0.005211245762331403,-0.008011499658144376,0.003081086113774095,-0.007433046300332659,0.48363888795028753,-1.9180761462214857,1.6042673455460432,2.828562866014671
-0.005204896886438922,-0.008039973940697187,0.003043412026642808,-0.007458192877208018,0.48604818081152557,-1.8990666799368785,1.6312500895382553,2.809806983233321
-0.005291004127562008,-0.007714393987184193,0.003466348028591936,-0.007159024842013113,0.4503869686754272,-2.0948375069208693,1.3132642108449797,3.0015426954746407
-0.005319113671355508,-0.007664225712571031,0.0035454852704737867,-0.007121504061332377,0.44723770914506406,-2.1306184837938096,1.265308912573368,3.0452002103882334
-0.005297152080888235,-0.007683591977415268,0.0035010939542314515,-0.007126199439465928,0.4452919755176569,-2.1079869124131,1.2814383924607995,3.0116988396243265
-0.005326796633786,-0.007639472670277606,0.0035763675957064494,-0.00709690341931326,0.44346938839112177,-2.1426943796774434,1.2398336030599266,3.056480021955832
-0.005345347016562709,-0.007604336880574894,0.0036295310361524964,-0.007068121973090672,0.44010633370185154,-2.1652799257903954,1.2049112812787064,3.0831074597049883
-0.005343929439724414,-0.007565374203572232,0.0036593052516403005,-0.007016466519354551,0.4302706203080559,-2.171252215170448,1.1624347681051406,3.077790448641151
-0.005343018798083752,-0.007525867398223406,0.0036890841131830207,-0.006964314125509888,0.4203726166034607,-2.1765635361920945,1.1199825929763367,3.0717599053963704
-0.0053554765853477265,-0.007485994732084528,0.0037356074930666905,-0.006922359191259122,0.41357132232727706,-2.191780725297967,1.0789384806686713,3.0845498652280674
-0.005386383658672794,-0.007416805945206668,0.0038267050007757884,-0.006855229716365774,0.4034307210775911,-2.223122013942557,1.007791225907704,3.1169746964425986
-0.005367036672927113,-0.007448531513095713,0.0037783548818781797,-0.006882179368828755,0.4068718860017872,-2.2049201034223707,1.0403074335680869,3.0949932178154573
-0.005277809673766253,-0.007743013409745844,0.00342437756646956,-0.007182264079007651,0.4529745960742952,-2.0760326799915263,1.3407551488669058,2.9800273509296384
-0.005245146590861538,-0.007818680294733513,0.0033146853173523336,-0.007243454149307675,0.45882328021677893,-2.0257548799014273,1.4121864240500897,2.923306405679114
-0.005255092530321205,-0.007775532773897498,0.003366988535590559,-0.0072009371055964935,0.4527718051299678,-2.0480891806891353,1.3691455526614595,2.9433705941864576
-0.005548395057221437,-0.007165335726448258,0.004208884417604823,-0.006624751164077613,0.3652751892237774,-2.349947642387147,0.731959358304107,3.2697379164561267
-0.005560925561405871,-0.007126890834565483,0.004247269670765146,-0.006577646695933424,0.3559976692402349,-2.354698355707575,0.6907875819101966,3.2687817685534735
-0.005585081733677463,-0.007093819464221217,0.0042989800341866604,-0.0065454678477867775,0.35036288045041625,-2.369064831183527,0.6520407076163818,3.286599826606203
-0.005581279848463816,-0.007061268584291758,0.0043091138070230515,-0.006495544303939055,0.3405592942549686,-2.359645351391434,0.6220200975456214,3.262740563691797
-0.0058377575571283155,-0.006474853678308243,0.0048567450172296266,-0.005747456243162914,0.20240316399868455,-2.3364613485608197,0.03932827514232808,3.1509205968447316
-0.005821074283983378,-0.006526648602399546,0.004825466879790174,-0.0058190519712268155,0.21459672711250802,-2.3503183421811875,0.08143055122065589,3.17755898534706
-0.005690715960010407,-0.006865981255780205,0.004550023313186344,-0.00627058859458163,0.2971425261387406,-2.3947166931447614,0.4042005851288623,3.2891953834365597
-0.0058096773113419315,-0.006606362295999698,0.004795828534727216,-0.005934439328832683,0.23334429677520085,-2.3788053355459415,0.14035220805782136,3.232711221801631
-0.005800009464916954,-0.006564917654402892,0.004788303624952949,-0.005868648374955634,0.22370331456482404,-2.354309322162672,0.11899431363968016,3.1867535751222302
-0.0057817249714650866,-0.006674827213957589,0.004740130745889022,-0.006026409499756761,0.25024810155208815,-2.389545549546337,0.2054785261807088,3.25713088814754
-0.0057783284652374554,-0.006632774954603096,0.004743777156953293,-0.005961745436760538,0.23943555028422142,-2.369559921489864,0.1773572027619088,3.2182556413543764
-0.005703271034687394,-0.006823252632032495,0.004582774643415172,-0.006213131490924663,0.2861846879800663,-2.3898986654497665,0.36255215378272604,3.2745621135072542
-0.0057173350128021895,-0.00678242753445834,0.004616113087072799,-0.00615897911205879,0.27592609130775975,-2.3858819509061537,0.3225579842192808,3.2621640720882312
-0.0057304322699648635,-0.0067407104073320375,0.0046471958745348185,-0.006102744847699859,0.26589031510923106,-2.379896711114883,0.28311419139053506,3.24667493524877
-0.005748190442034022,-0.0067019535296418435,0.004683560556225223,-0.006052677353932972,0.2557744091765444,-2.37741510330071,0.24429084034221224,3.2382910375590437
-0.005644912841180041,-0.006948051653397528,0.004451643902636052,-0.006367520665930194,0.3157697649120175,-2.3836726322620794,0.4955312681578558,3.2830427558480584
-0.005622126405616504,-0.006975789579377787,0.0044067477128725005,-0.006395273457434385,0.3218050164075094,-2.37302737929172,0.5291103468375231,3.2692412718945767
-0.0056298515110259975,-0.006913889227378911,0.004442559510430596,-0.006308609959148494,0.30561614260264564,-2.3625246821611463,0.47153927686314734,3.239990577043794
-0.005643226394159826,-0.006875097471868586,0.004476378416164074,-0.0062588512261633296,0.2957501937180869,-2.3614772418404915,0.43288107871738574,3.2319626902630922
-0.0055913761839132235,-0.006995690330920893,0.004353341279635656,-0.00640618381069611,0.32359826898768723,-2.3534365326745568,0.5582281186716257,3.238623186714294
-0.005560419630337175,-0.007029866884730274,0.004293375286187512,-0.006437075855843517,0.3297368574539925,-2.3363478394970714,0.59932848049033,3.2152582902258153
-0.005472098935604237,-0.007280771240386521,0.004033801158198471,-0.006734337275702475,0.3847608727535525,-2.2959191611143197,0.8624088059849236,3.2048191039498946
-0.005407105307426519,-0.007390489737247919,0.0038728967909672746,-0.006836015733412234,0.40084849951560436,-2.24171826046276,0.980325605732609,3.1417309381725063
-0.0054267480681913435,-0.007370942879873494,0.0039129055178945115,-0.006824704961457992,0.4001686223674591,-2.2587860190266493,0.9593900074301128,3.1660271648896527
-0.00545241074661084,-0.007312360935752916,0.003986629171874727,-0.0067636541288832895,0.38950748563211507,-2.2803899406980626,0.8969407661009444,3.18643304912645
-0.005435326400050747,-0.007343446808537363,0.003942983145760027,-0.006793616941601368,0.39428449641220137,-2.2663401211043888,0.9303159343236672,3.170810831381905
-0.005446206913980382,-0.0072493889316423915,0.004016777290232428,-0.006671932665505159,0.37163206537574833,-2.272824953111624,0.833769717856172,3.15485126816419
-0.005454923822932638,-0.007217790669082859,0.0040473206700396315,-0.0066342728587892585,0.3648258144667031,-2.2778719814415918,0.8014464837072585,3.1554031608330178
-0.00550488639790955,-0.007173148735860804,0.004142441911348515,-0.006606124520670941,0.3609352235757545,-2.314455468260318,0.7491043698462411,3.2087306046666897
-0.005462592374310769,-0.007184667658499818,0.00407666484048694,-0.006593458648865098,0.35726179025274085,-2.2812511524421137,0.7681065943270872,3.1530035500919187
-0.0058538075512638245,-0.006417275305729607,0.004886061829949007,-0.0056669682890738236,0.18933527716872492,-2.318451574101822,-0.004128529711876849,3.1173328045241884
-0.0058589585954936865,-0.006355872039022322,0.00489795392834503,-0.005578166173594203,0.17616975488188505,-2.292277871728292,-0.04073015483385572,3.070007694801184
0.007986020854963359,-0.004049411285726341,-0.0064691619620236345,-0.0020308999302199246,-0.023360414749341005,-1.0200841350374155,1.3675435969301952,1.375177470292738
0.008252845686365789,-0.004013615674697354,-0.006638966466984856,-0.0017978300745993372,-0.009480373399609223,-0.8666239503077495,1.4750216997300007,1.2185700039637306
0.00811755480852139,-0.004011718043427664,-0.006542043090943598,-0.0019036509041069464,-0.016462591085018713,-0.9425689949287482,1.4120800497931068,1.2917683550364798
0.008903322967927875,-0.003575140469887426,-0.006687195408586149,-0.0010088096908626404,0.047305665936265506,-0.4069522622076529,1.455707315897516,0.6700699660225988
0.008751361733833705,-0.0036452894991275426,-0.006668917701389993,-0.0011682718602174576,0.03451830560313913,-0.5099114894575499,1.4557322283021923,0.7853039814993219
0.008999511577565174,-0.0034212538075956917,-0.006618284338178229,-8.689547152516114E-4,0.05479683368157805,-0.3387139860493318,1.3900435858082203,0.5727270493602828
0.009151852770484924,-0.0032754775080420205,-0.006571818770888453,-6.982539948764639E-4,0.06690757706218046,-0.239920706368149,1.3362288417243657,0.4490363631917356
0.008341216128260835,-0.0038887320608243293,-0.006610499712644872,-0.0016432179925104553,3.6928018090777224E-5,-0.7927341653594576,1.4468357918946164,1.117060700264352
0.008448075668754098,-0.003762067795298611,-0.00658892177384638,-0.0014796804780559147,0.00996887829734869,-0.7101018890109873,1.4211793219964581,1.0076033100516308
0.00856474713344869,-0.0036158899941655595,-0.0065552563526217475,-0.001305614977172776,0.0208210439093547,-0.6220068653127376,1.3831732269467254,0.8905948127141418
0.010575381323249526,-0.0020610302070587757,-0.005999636066174826,2.7231589255540504E-4,0.12122273173800145,0.44671889934346937,0.7461131701646071,-0.36269721580029995
0.009331534245086663,-0.0031363117915313397,-0.006529645542026854,-5.216415928806476E-4,0.07769691903271046,-0.1292879861177876,1.2826583873657722,0.3163146585665557
0.010278767127689296,-0.002236082061224305,-0.006106014893322486,1.4804091696927078E-4,0.1135250730412851,0.32747453801582077,0.8430895474709815,-0.23672874378551614
0.010023994848462624,-0.002486483652496791,-0.006233730102382919,1.8385252502124428E-5,0.10740481774151563,0.22531294130081,0.9699006827821325,-0.11559315750837725
0.00977631016350449,-0.002788290722303058,-0.006386467398012103,-1.481150440406197E-4,0.10213380535188307,0.1170330270713614,1.1225105872757764,0.024044557977894895
0.009504116217430579,-0.002946549886942109,-0.006446789235053234,-3.56846474980058E-4,0.08700972817797115,-0.03153238070609555,1.1961322265622867,0.19148365199494674
0.009051104401432203,0.0030126000793748073,-0.00637897004663798,6.930409231794365E-4,0.056014331363903026,-0.29560242971160017,-1.1819195305083354,0.4631496179775798
0.009304253071313882,0.0029058015348457384,-0.006384499054663838,4.892817633701088E-4,0.07145985624000982,-0.1495914796558306,-1.1586606346069648,0.30287795138176987
0.009395506858171598,0.002623458327088331,-0.006249318564876386,3.728773918642568E-4,0.07171371448931695,-0.10260325030989803,-1.0265072677519316,0.2212149143588098
0.011467703842165972,-0.0011438510411272704,-0.00552495811233506,3.4552654673960555E-4,0.12880937450352395,0.6886294208049656,0.3380490878070707,-0.6234252424082384
0.011152160783590352,-0.0013527774459837817,-0.005659423743895286,3.316036115069515E-4,0.12250522276179794,0.5998510881746258,0.4312751399389958,-0.5385203030940138
0.010880442920503702,-0.0015482610940138744,-0.005773014155317413,2.974771654707837E-4,0.11973691531709754,0.5146881911318028,0.5218229115554457,-0.4536361778422528
0.010638355696768464,-0.001760208422347676,-0.0058819357414205894,2.520637910880823E-4,0.11483843087248904,0.43941121379737885,0.6201751937867591,-0.3727177753818437
0.010494392114308186,0.002009384785537069,-0.005990992736445869,-2.283093893399952E-4,0.1158238632981403,0.40315273162166154,-0.7314934322971068,-0.32592909852006074
0.0105493232875285,0.0014920817731825019,-0.005813821127915946,-1.8169616424410995E-4,0.10360785069910798,0.3764054050161619,-0.52486373370421,-0.3281538665806889
0.010030913699665253,0.0020580182156853906,-0.006042637532108133,-1.809085723775819E-5,0.09556210913158487,0.19193179548786432,-0.7775844446827717,-0.11932401327603993
0.009603781336765838,0.0022819176837599133,-0.006115911716877045,2.057835500285936E-4,0.07692854337335663,-0.005848453921198952,-0.8771722866496968,0.09115866312056962
0.010585913169667288,0.0010149166321019474,-0.005699278787055586,-1.2888113123966203E-4,0.09593301347920309,0.3586560587999603,-0.349362922037273,-0.3285385668894409
0.01108602743460134,8.084109160694728E-4,-0.00557454151305262,-1.8346517901288902E-4,0.1104669263257037,0.5330621377304628,-0.2570011609157572,-0.49188071715892917
0.007412443146354965,-0.004768406165029593,-0.006412102110194535,-0.0030894833049047304,-0.062235872499614556,-1.5025708256827843,1.3350253091902775,2.027290220674771
0.007447866947354046,-0.004650039729644467,-0.006374341120213058,-0.002942696926972971,-0.05743464740178816,-1.4441241117497876,1.3124422152304918,1.9349245699991238
0.007492874265170731,-0.004548972601256917,-0.006356689519846498,-0.002812084087659551,-0.05300096009256929,-1.3904026531024636,1.3028972461429904,1.8545676943372273
0.007561638580125595,-0.004468803049194313,-0.006373615144916331,-0.002689417827653287,-0.05003417438337119,-1.33526601189118,1.314818918828349,1.781317867417751
0.007580321210689889,-0.004346770244489005,-0.006315604623422747,-0.0025629739609775858,-0.04387599425320115,-1.2886028424508658,1.276484162088768,1.7040020137743463
0.00724859992142711,-0.004821419730786593,-0.006265878623774812,-0.0032450623124168003,-0.0574392034244915,-1.5809904455127117,1.2326555526945446,2.1083664160579296
0.007311095592813857,-0.004766468435652276,-0.006301638094688132,-0.00314898425977428,-0.05901170904804631,-1.5381909524749966,1.2595471439177222,2.0539028124370122
0.007682138851773611,-0.004210752235075771,-0.0063233404217392765,-0.0023751871337909874,-0.03684620183317797,-1.2049657014536101,1.2796973677744334,1.5907274702994096
0.007879286500801348,-0.003980043503351553,-0.006343327389132655,-0.002053519537289356,-0.02294755872076137,-1.0558714935258662,1.283976869687413,1.3946268030576905
0.0077750921071341106,-0.004083756504976118,-0.0063240198676660355,-0.0022064948926082376,-0.029740049212584333,-1.1292508612421066,1.276269078564251,1.4881328412031953
0.006147798470998681,-0.006221209969960537,-0.005330241976900542,-0.0054348513260983325,0.13414859507698573,-2.3598578732451796,0.32579629659046666,3.2020029267484205
0.006113316488525531,-0.006260484474672222,-0.005280091416165671,-0.005490058455448336,0.14484522282314446,-2.368128513563256,0.2797389962522585,3.213740230187317
0.006063350430751925,-0.006307534729499094,-0.00520529852227647,-0.005553278775378093,0.15796557131024677,-2.3718463483287633,0.21662201255143912,3.2171040246097546
0.006080474585911591,-0.006273336432276549,-0.005230284379161947,-0.005504061137775369,0.14913813918694782,-2.360263386987491,0.2462018751511888,3.197479184761153
0.006022361900462831,-0.006306446177528029,-0.005142606735525282,-0.005543142152425681,0.15961014090832154,-2.3508289572163465,0.18369585473311925,3.177543827365548
0.005991973742664792,-0.006334011815937901,-0.005096612578634443,-0.00557824511795492,0.16734996206890204,-2.3505681313626803,0.14662876934042626,3.175916189850993
0.005839936981842875,-0.006614595220584621,-0.004840281925242292,-0.005958698028107724,0.23593685418580587,-2.4024950430760423,-0.12698605700880314,3.2754627129774505
0.005867671087635969,-0.006537703963396349,-0.0048941728271220016,-0.005851789894197012,0.21672106312473402,-2.3843458190001616,-0.05799172488748223,3.238784201294106
0.0058395738453279,-0.006572655031230086,-0.004846595932482186,-0.005894811028190733,0.2256443600759169,-2.3830224356461103,-0.09894501637580687,3.238089036739821
0.0059467826111628515,-0.006368450125311046,-0.005027670097601516,-0.0056193550236642124,0.1760099795028042,-2.3451551543720317,0.09541280946210162,3.165162695913456
0.005913344034972432,-0.006405696319331191,-0.004975587184808091,-0.0056665519623297295,0.1854954745980742,-2.3460124868133287,0.05148980989202227,3.1666147178320987
0.005860500805077051,-0.006482766537874852,-0.00488979856946705,-0.0057664773776092935,0.20402889989334486,-2.353588629504296,-0.02899437621593232,3.181704132480697
0.005863128444528944,-0.006421196436223963,-0.0048995231053506815,-0.005675477841504438,0.19020903737684022,-2.325636399874686,0.00819309561710596,3.1301834464456166
0.006139512538155278,-0.00616797009087313,-0.005312376280651566,-0.005352324755048942,0.12470612964435542,-2.3242996054130676,0.33847320671938924,3.138600344691902
0.006133706475727306,-0.006050831266416148,-0.005289945697783237,-0.005176958389545224,0.10484897386981186,-2.253525681912446,0.3719430013476501,3.015424596935571
0.006135443961782169,-0.006109527775508407,-0.005299787540821991,-0.005263948510687477,0.11449710772140519,-2.2879505683422825,0.3548144883502538,3.074987309442042
0.006141057295378239,-0.006001035318996413,-0.005293811501598223,-0.00510481722272597,0.09681621520883762,-2.2277585626572347,0.39213438891153385,2.972245845475606
0.00621984889655809,-0.005942772372555187,-0.005398583025149122,-0.005023013990390959,0.08120891786816259,-2.219214812780613,0.47240067546350833,2.9660941087137114
0.006176707916268509,-0.005969250512986422,-0.005340625406734603,-0.005060343779363166,0.08867666070597209,-2.2213494687491786,0.4297385062174195,2.964904511694662
0.006309341874025148,-0.005851341416984621,-0.005508605091293966,-0.004889189819746704,0.06037176795656086,-2.1889833991117302,0.5674498072128348,2.9261102646050245
0.006237598837270346,-0.005879788957828691,-0.005411719775139865,-0.004932073929326121,0.07102305584081602,-2.18773705702132,0.5006903446915131,2.914699515969922
0.006385404675811176,-0.005758880003432661,-0.005593391542525483,-0.004751168181009257,0.04187805708366018,-2.1497914660125392,0.6465873675577977,2.871110091685424
0.006315965788657557,-0.005775989023995612,-0.0054994030230658365,-0.004781127345494644,0.050984470501881755,-2.14649105474589,0.583906882907812,2.8553525894524614
0.0064057567649916415,-0.005692677896225437,-0.005602791550167726,-0.004655374933608438,0.033465586251534056,-2.1143917082261634,0.6697896629342415,2.81473687776521
0.007119121224776689,-0.004907569298347068,-0.0061693629151267785,-0.0034111964354178563,-0.05345655921952925,-1.6545469550194483,1.161815490320923,2.196995328454842
0.007048094091319461,-0.004941511288419071,-0.006105968348969003,-0.0034853125852321626,-0.049297168728049685,-1.6866555576130462,1.1169420900072338,2.2323021911036993
0.007152351280801854,-0.004813383133385593,-0.0061544778476125125,-0.003288008581175707,-0.05196769572871108,-1.6055431889989504,1.157882877036012,2.1220661197230437
0.006928895037902465,-0.00505988419535865,-0.0060264438305080706,-0.003678945337113917,-0.04280532139315834,-1.764839745179577,1.0534123171820229,2.334112655718537
0.006976530845290896,-0.004976584890171969,-0.006040801061685206,-0.003559185939393579,-0.04473870843312816,-1.7175937902859406,1.070709109536762,2.2666397709877977
0.0069794259290790655,-0.004911278756930369,-0.006010880359029089,-0.003482038314678392,-0.043556966918746345,-1.6877161788056139,1.056336980951833,2.2167991428698266
0.00660302438979883,-0.005461345151685806,-0.005792924516815972,-0.004301267252102469,-0.004042244263971193,-1.9988793369945692,0.8420384537371896,2.6558574334408473
0.006683285977026374,-0.005391834069253675,-0.0058713698093145325,-0.004187121293759865,-0.015679917987416483,-1.9598054477593234,0.9060761154616087,2.6069284751918214
0.00675933300549792,-0.0053420189174426405,-0.005949443450102989,-0.004097846725841116,-0.025065592859123412,-1.9289211557023054,0.9660173772478383,2.571647400543552
0.0066118501677317355,-0.00535913188567436,-0.005764157750850158,-0.004163982508494524,-0.009364089905451171,-1.943715894394289,0.8421854260007171,2.5656481124077213
0.006772726673078169,-0.0052444760574745465,-0.005921988758560148,-0.003967513821204235,-0.02854183522241818,-1.8764777737957086,0.9622568727231803,2.485926890509523
0.006796204903841869,-0.005139704297689572,-0.005903231263132671,-0.00382820462182596,-0.03151426270800383,-1.8217613076710746,0.9634634664901743,2.3994835406634536
0.006836260776214591,-0.005050181339831221,-0.005910385378249038,-0.0037046039910370522,-0.034746434766194316,-1.7744754594596166,0.9785212881775375,2.3292447811895016
0.006437328490391031,-0.005618023472416765,-0.005623503504566598,-0.004547329498518747,0.023543962491456287,-2.075742341366485,0.7007735784377462,2.7550534986219684
0.006445414887522892,-0.005534403315906813,-0.005607473103600555,-0.004432219565553287,0.016485266083919856,-2.030271616807361,0.7101969101978103,2.6808688500464126
0.0065042131215631285,-0.005475131555488223,-0.005665982944443018,-0.004341844189797083,0.006500779773814241,-2.0028412861229463,0.7587214401107689,2.6445871919754143
0.008815393663101962,0.003111423203413708,-0.00635455192954931,8.90629815856116E-4,0.04142916440330081,-0.4322017858020137,-1.189628088686434,0.6154009529047585
0.008598987908335175,0.0032230691697188747,-0.006327669632901247,0.0010870194523322175,0.028522390492000144,-0.5598125762731958,-1.1949357842681054,0.7613398831161561
0.00839919212067645,0.003343636746269462,-0.006298656565413474,0.0012826425206001414,0.015935877046016764,-0.6783760085529258,-1.1968903920126268,0.8995262896316342
0.008124466909019907,0.0034726821453013356,-0.0062145474348061554,0.0015388067327753413,0.001266460112823052,-0.8345718057881651,-1.16533000131208,1.078402306850483
0.008206061135310303,0.0033639499964530977,-0.0062027762006196955,0.0014211336032023125,0.005693782465485251,-0.7771802953654184,-1.145490346017589,1.0018635022630693
0.00797584872566908,0.0035401261822254845,-0.006157198173056111,0.0016759641558977856,-0.006125001332914556,-0.913909720508031,-1.1393311539491435,1.1696446531616367
0.007837195654707271,0.003658088816732422,-0.006126301636569378,0.0018424572939775513,-0.012142181401045891,-0.9990301970776417,-1.1318105024277585,1.2751120880851687
0.00717300887333724,0.0037725571660977507,-0.00566701060290084,0.002281386298605304,-0.019234431749241512,-1.249317289686143,-0.8819574578494404,1.5414873144293153
0.00752987805280095,0.0037303469989711257,-0.005934702992878633,0.0020725442308999922,-0.018919052249446663,-1.132951133262649,-1.0263908143176381,1.420629777463942
0.007344521663945262,0.0037407623782306967,-0.005793114999005345,0.0021753743419855,-0.019992176129055794,-1.1940964472970013,-0.9485397020038375,1.4822603218345922
0.007639512412564233,0.003571486961337323,-0.005939210489395676,0.0018938275892431665,-0.013714516771365962,-1.056167838032305,-1.0187070956044388,1.3174869241324265
0.007222476090900792,0.0036190404227258335,-0.005642665332508111,0.0021350676748919674,-0.014955555701094168,-1.1966833337407659,-0.8630903695774492,1.4664488146037071
0.006334605258037439,0.004338053994021763,-0.005106235805343837,0.0030906029259183364,-0.003300026427661648,-1.5383817306649235,-0.5941311062759428,1.8955970473082762
0.005216363958083135,0.005247727994217454,-0.004106859795441293,0.00413863118653736,0.0703034447757229,-1.6969504911066486,-0.0997157360641345,2.090885848537679
0.005371024944830165,0.005167190660660258,-0.004265360946607303,0.0040582316325659005,0.06264582373838821,-1.7067846065212426,-0.1632434273263037,2.1071427224285717
0.005485901118653524,0.00502403102207833,-0.004373848377116496,0.00390712787440255,0.05121076025036888,-1.68842274922015,-0.222488006009461,2.0823516269147397
0.005020642521428337,0.005210541171331564,-0.003904681155352671,0.0040903330484662595,0.07372401425221643,-1.6497599337631608,-0.05244746082990996,2.018724732683685
0.005948395953374552,0.004732531948666566,-0.004813391063606411,0.003565108608514477,0.0197256391129942,-1.6559225373692674,-0.4307746806330753,2.0487119733732406
0.0059741859072069015,0.00457308764319803,-0.004806023071113667,0.003397619310734118,0.015053362646916979,-1.608873843582544,-0.4443409392115005,1.9795881635728472
0.006152488718540738,0.004353565072063414,-0.004932232078098466,0.0031468104247061846,0.0047046914238717775,-1.5470881575300748,-0.5152931787138689,1.8975772523867767
0.006020734298873519,0.004425905859187442,-0.004820205229717003,0.0032428617803091737,0.010636168388785248,-1.5668931535002488,-0.46317653652556895,1.9201639441982654
0.00570749033864449,0.004877405241909608,-0.004587637755099727,0.0037424498733867064,0.035858284165309,-1.6772597587349345,-0.32213938336322023,2.0707142087118604
0.005810807482233693,0.0047610311727499036,-0.004675977228753628,0.0036116116998063754,0.026353504191368678,-1.6534152589900852,-0.3711038016976431,2.0396901944946064
0.005527924339781845,0.004873196792895467,-0.00440069872822274,0.003749172619624309,0.042536088471942575,-1.6542448129236023,-0.25522654315114734,2.031944986456853
0.004735626519910797,0.005594292343918662,-0.003604874553449891,0.004450719188728529,0.0989925165672808,-1.6578321272808691,0.09570224811577026,2.033357710366712
0.004771972338298125,0.005408265801449667,-0.0036519775307788014,0.004268424653963852,0.08795069725512629,-1.6355673668819988,0.044164869828348934,1.9981998710665818
0.004853172429094652,0.005278371415313204,-0.003736505624500709,0.004146590576003726,0.07955344109538796,-1.629510002731133,5.229105510980238E-4,1.9888686517600074
0.006601169026018231,0.0041710758580110726,-0.0053107571871631115,0.002854949118125168,-0.013165126081699991,-1.4676400377551013,-0.6995206407270748,1.8101126307309665
0.006740238952710611,0.004015658402227928,-0.005385499785918388,0.002664719486084553,-0.015621413090000247,-1.4038873546133888,-0.7394236924960881,1.7263271484811393
0.006995233524603423,0.0037848070657802496,-0.005523054272539913,0.002366469265653561,-0.016750282996213783,-1.2934782479282994,-0.807120780074016,1.5862818518991892
0.006829253310309006,0.0038396575740265145,-0.005401342167781533,0.0024766453680338447,-0.014912120999828717,-1.339704319675541,-0.7474775515958136,1.6383049244763135
0.006408814197903764,0.0041605532019967795,-0.005125599607174719,0.0029008050267704736,-0.00574467647102263,-1.481230728840604,-0.611651829213317,1.8152773582646715
0.0044881409124349165,0.005866057013046381,-0.003328498620432109,0.004680869570039255,0.11453850528923541,-1.6318228059083941,0.2098313174031272,2.000205399519634
0.004499552265248014,0.005652475850137806,-0.003365471521843856,0.004473282802408461,0.1018360202913839,-1.6085210475942862,0.15013897358722353,1.962012052835669
0.004301653584363871,0.005966242941251719,-0.0031313401529992776,0.004740063157281502,0.11671860001432326,-1.5915564015337502,0.26029047721057225,1.9441272300308796
0.004117123863822101,0.006094699476516199,-0.0029331243812682245,0.004819805745233024,0.11888195196797556,-1.550829005766925,0.3123792361031806,1.8889361820600457
0.004992782565374795,-0.009740221783483894,-4.3088767281768565E-4,-0.008305036039309802,0.27580689376652695,-0.2756373457014958,-2.5720642277694075,1.0678941678235832
0.005006313686650811,-0.009748808830033834,-4.1866828528447597E-4,-0.008322666348128924,0.28068252903080604,-0.2600440978067139,-2.585836139553422,1.0592341698847694
0.0050041684379369305,-0.009795875029713488,-3.401816081765498E-4,-0.008326243653649342,0.26784102905534674,-0.21045540434318535,-2.5913759068712467,1.0049560833383773
0.005004834243983441,-0.009780184008954095,-3.663431692774828E-4,-0.00832513348574457,0.2723506826082206,-0.22699551421654476,-2.5895904198280997,1.0229790762913284
0.004990516439301652,-0.009787475773142314,-3.525184736984024E-4,-0.008308734737612606,0.2603527406297326,-0.22629959661497476,-2.5778933990483144,1.0137541704122486
0.005005549329206298,-0.009764495229330011,-3.92520170332794E-4,-0.008323940358090138,0.27582490176778973,-0.24356294049508606,-2.587737997332181,1.0410831851011078
0.004991190599308325,-0.00977171624165752,-3.7865090773182885E-4,-0.00830754927789277,0.2656962176858925,-0.24277646896957925,-2.5759917807460506,1.031789110337482
0.0049919587052983235,-0.00975596011373459,-4.0478186474775956E-4,-0.008306330026105079,0.27098967961702775,-0.25920761366530254,-2.574062757709553,1.0498370061515352
0.004981285670747029,-0.009684162174466503,-5.212061384998564E-4,-0.008282524577252716,0.2906204525597433,-0.33404967871469277,-2.5516313137102755,1.1247549593708577
0.004980416229322097,-0.009699966384040127,-4.951451249376724E-4,-0.008284281926177353,0.28586481533682134,-0.3175271177800912,-2.55404881245699,1.106632967453406
0.004979653671277008,-0.009715769925772813,-4.690909342048895E-4,-0.008286021723424632,0.28102174548231146,-0.3010035666031743,-2.5564400964641902,1.0885614980021268
0.004978899847584951,-0.009731538817700633,-4.430838674838699E-4,-0.008287622984376014,0.2760736477075065,-0.2845168095745892,-2.5587165891489643,1.0705323542015062
0.00498851982374281,-0.009439327132196794,-9.205713181750119E-4,-0.008229558842007796,0.35605510768701704,-0.591960410189791,-2.492337019979366,1.4026683366717203
0.004984589708276083,-0.009212137790308344,-0.0012776230649365397,-0.008136771888053161,0.399818444364974,-0.8280299491015729,-2.397762826179154,1.6473166720009147
0.0049974168933884094,-0.009360298701770076,-0.0010500521347517687,-0.00821280273664665,0.37692855662424046,-0.674760994640834,-2.472283621051965,1.495194196823258
0.0049915721039317735,-0.009408155784697168,-9.715499566733205E-4,-0.008222843468600556,0.36425840396525894,-0.6246291962286227,-2.484411832816559,1.4389301321217955
0.004993082004552005,-0.009392255778548473,-9.975008636003396E-4,-0.008219143643044808,0.368335782580207,-0.6412948744668335,-2.4801209957809838,1.4573808389406786
0.0049949877096056765,-0.009376222550759733,-0.0010237781929857512,-0.008215717463820804,0.3725654557519766,-0.6580885349310207,-2.4760095837637137,1.4761953737671714
0.004974653300570406,-0.009430409513400531,-9.303386686067145E-4,-0.008210276072284648,0.3529098427283932,-0.6017474837748362,-2.476726690055319,1.404827901825205
0.004975721404326384,-0.009415036173767532,-9.552005135008021E-4,-0.008206437548055114,0.3567607374130131,-0.6177695485478422,-2.4723856722646467,1.4223222773610262
0.004983847253419432,-0.009350330358692113,-0.0010608501652000638,-0.008193061929751605,0.373718890570827,-0.6851685591479767,-2.4560146195043573,1.497945452573625
0.004986873006313693,-0.009335078380396093,-0.0010861298295614344,-0.00819086656036488,0.37801899654143,-0.7010789449538269,-2.452832479802339,1.5164349402782074
0.004992019316992244,-0.009287516576084296,-0.0011631885753559704,-0.008178083786752437,0.38940532211611073,-0.7506395374417049,-2.438134628128077,1.5713783381873245
0.004989162074497125,-0.009303735515766192,-0.0011365005359341134,-0.00818129046493958,0.38513895108515556,-0.7337216076441933,-2.4422772705659406,1.5519691344614215
0.004988468265999271,-0.009319746397905693,-0.0011109750128924757,-0.008186816031646296,0.3817316741047205,-0.7170694036114004,-2.448176201087227,1.534137755698536
0.00499634295335992,-0.00925676230038401,-0.0012132904329503894,-0.008170290503249045,0.39687355535028607,-0.7827044843644754,-2.4288536932106832,1.6074638006913455
0.004997290458283042,-0.00924035036463172,-0.0012393926403838366,-0.00816429853863229,0.40019933066650354,-0.7997237813753669,-2.422421225321104,1.6257592681747168
0.004983289665606758,-0.009263615259085634,-0.001197005909925586,-0.008157827309329534,0.390336724481164,-0.7750763156686927,-2.4198206626063152,1.5915359322380431
0.004978802327728177,-0.009276916867617118,-0.0011743446263333852,-0.008158132912403505,0.3860724695344116,-0.7611958844598133,-2.421465568324086,1.5743668585276254
0.00498156443751589,-0.009229015438650956,-0.0012501102596176505,-0.008140791262635129,0.39572925141563675,-0.8105655174945438,-2.4027775665881195,1.6273583269287115
0.004989529852043954,-0.009574077523345005,-7.0287064476584E-4,-0.008268890021700453,0.3236091323129781,-0.4493064294219539,-2.5333597181624605,1.2522396095793573
0.0049883026171156026,-0.00958987779980822,-6.768224428450905E-4,-0.008271223379956559,0.31907506687318615,-0.4327520562936877,-2.536308085257693,1.233914086504914
0.004986068859698781,-0.009621288703111788,-6.250398118572898E-4,-0.008275677247771958,0.3096443031922989,-0.3998352724139511,-2.5419824981757038,1.1975741565608606
0.004987223803647746,-0.009605617587750808,-6.508907834198318E-4,-0.008273573900423811,0.3144309673712791,-0.4162572559430964,-2.5392476399144446,1.2157271328484918
0.004966604712432381,-0.009675124942991638,-5.332766605781228E-4,-0.008263543849359898,0.28784054411167176,-0.3458050966227923,-2.5368626506576297,1.1289539415038699
0.0049677812278798895,-0.009659299799312912,-5.592736028073084E-4,-0.008261916617029264,0.29263964419624616,-0.3622766737123074,-2.5344794653233573,1.1471455064166365
0.004969254065079553,-0.00964356671901691,-5.851732706069129E-4,-0.008260515307126216,0.29747363957607753,-0.37862990520378353,-2.532258779275575,1.1653747682922482
0.00497086584131282,-0.009627982154393465,-6.108580173125747E-4,-0.008259168286415137,0.3022699311330926,-0.39482655854791965,-2.5300749742627215,1.1835131900913287
0.004975199333588071,-0.009564826289686672,-7.143554273511978E-4,-0.008249677043945412,0.32046522862787846,-0.46080655448616376,-2.5180426548651624,1.2560681424023796
0.004984978267516311,-0.009470711047191863,-8.690221540928823E-4,-0.008235194981244776,0.34736182831822976,-0.5591169904869423,-2.4993458610478885,1.3658849538290472
0.004986694594309997,-0.009454903353855482,-8.949731057612821E-4,-0.008232347397917885,0.35174175609490294,-0.5756585570788061,-2.4958203845345017,1.3843748018682656
0.004980522054375843,-0.009518002025382688,-7.914848472138379E-4,-0.008243653660463252,0.33425082602484424,-0.509635853654573,-2.50972772919558,1.310920266494284
0.004981937865206689,-0.009502452536916476,-8.169830099849961E-4,-0.008240957097795954,0.33858364846568945,-0.5259008193625975,-2.5063973052181345,1.3289682772479414
0.0049834487014537,-0.009486640573008083,-8.429142523910059E-4,-0.008238155014666388,0.34298533240555,-0.5424429684933378,-2.5029469700021383,1.3473561338980569
0.004960557174460426,-0.009555242217891445,-7.261341755916488E-4,-0.008229975883953316,0.31788150153925626,-0.47190115772044955,-2.5024460008653158,1.2595589623808863
0.004962961634843859,-0.009539526101557077,-7.520452867686351E-4,-0.008228732824581197,0.322664429338091,-0.4881787092153917,-2.500206826110437,1.2781506913871719
0.004965443180351096,-0.009524434985242193,-7.769769666760748E-4,-0.008227609860890099,0.3272896480859177,-0.5038164650405931,-2.498095750186582,1.2961079949378178
0.005003551917708423,-0.009811568152997375,-3.140436508356299E-4,-0.008327270502343019,0.2617377557325176,-0.19400751121971282,-2.593077756773806,0.986981906431342
0.004989905792249932,-0.009803222133237904,-3.264051976265417E-4,-0.008309851151112357,0.2554061930792195,-0.20980752916221967,-2.5797460797831593,0.9957552453131111
0.005001578817366835,-0.00987435891991841,-2.0940613970933742E-4,-0.008330558609438344,0.24080827900044052,-0.12837396298432602,-2.599276913617504,0.91544280987145
0.004987470889267023,-0.009881873880481366,-1.9595040240654796E-4,-0.008314045887741135,0.23036346357173212,-0.12752793291492695,-2.5878628287136585,0.9063037699094519
0.005001998133844807,-0.009858658760762435,-2.355494035487255E-4,-0.008329860322095652,0.2471765229201703,-0.14469933701443807,-2.5978286034663416,0.9332623839166577
0.00498787333054305,-0.009866153868160516,-2.2202801068493168E-4,-0.008313387789449038,0.2351700565045247,-0.1439648907040069,-2.586378690543102,0.9241128678240728
0.0050024667597618295,-0.009842960155646504,-2.617154600409653E-4,-0.008329079189497709,0.2520604728119652,-0.16111924550785367,-2.5963013000564743,0.9511126502814383
0.004988291999650309,-0.009850430398790069,-2.481077694704199E-4,-0.008312611250123766,0.24012351354316563,-0.16044159636275954,-2.5848029290976857,0.9419709744643451
0.005002984689635676,-0.009827263240783757,-2.8789166233134014E-4,-0.008328215546621777,0.25624595345674217,-0.17757905792595244,-2.5947131698808072,0.9690262074971359
0.004988766231234702,-0.009834696470815198,-2.742019813535815E-4,-0.008311758795667134,0.24539779772533707,-0.176908339752438,-2.583176021226922,0.9598708050858064
0.004989316047728888,-0.009818958978019236,-3.003036344688994E-4,-0.0083108518559527,0.25057003451568294,-0.19334947345682577,-2.5815038934521564,0.977798374123395
0.004972134441362223,-0.009920933626440089,-1.3049202052073155E-4,-0.008298461850802444,0.2157083269822109,-0.08712902427998492,-2.579239289993581,0.8557489199787084
0.0049729665696004515,-0.00988937731342913,-1.8258549478633883E-4,-0.008297728180654109,0.22592351580679335,-0.11995627556503186,-2.5766516989067187,0.8913131650294243
0.004972495294409062,-0.009905134325900877,-1.5657079671927476E-4,-0.008298099829658736,0.22080648084060492,-0.1035649209855866,-2.577949491415112,0.8735262203705038
0.004986307206260479,-0.009944859954706429,-9.148049797081766E-5,-0.008315797323204364,0.20941044877354162,-0.06193307605752058,-2.5930975576437096,0.8353505201062942
0.005000222050368731,-0.009952878302440087,-7.853418914553508E-5,-0.008332820041459256,0.21476580206813445,-0.0464146005380277,-2.605534725129753,0.826454424353599
0.00497188982543333,-0.009936751437293466,-1.0438638753763856E-4,-0.008298818943167148,0.21058708881455432,-0.07067008761409453,-2.5805228830518714,0.8380069420038009
0.0050310500012995295,-0.009052387461489795,-0.0015465099061290016,-0.00811139140114373,0.4428190739146774,-0.9955125944515238,-2.358394126686779,1.8491811492082688
0.005026034079395698,-0.009084350635057591,-0.0014949329554187262,-0.008122722035925551,0.4365530316297659,-0.9624058056387857,-2.3714935683051013,1.8120285691277278
0.005027537104329372,-0.009068436404229167,-0.0015200970847393006,-0.008115983684870225,0.43926183994816365,-0.9787633470620428,-2.364124424794953,1.8297551681161413
0.005012443519426967,-0.009090644843125582,-0.0014781291549125024,-0.008110038613044011,0.4298375706269396,-0.9543307890104608,-2.362268775484444,1.7949555642893398
0.005007669445128927,-0.009103421784444432,-0.0014561184332154535,-0.008111091407758113,0.42604105526499786,-0.9408278148927703,-2.364714738408768,1.7780554075592068
0.004988228701236257,-0.009195798452555201,-0.0013045664017632566,-0.008133556091117313,0.4040193581556412,-0.844987825799146,-2.393403362807142,1.6671132522822474
0.0049929942185365055,-0.009180574931440262,-0.0013303122086853554,-0.008132034626399975,0.40841326569455944,-0.8609033250947747,-2.3904680347896883,1.686523457850609
0.0049990319894949965,-0.009166603494116741,-0.0013547549775138235,-0.008132477664852988,0.41317621159243717,-0.8756828811061638,-2.389187866894935,1.7055556935614629
0.004998588483304317,-0.009151313599024238,-0.0013781023160334522,-0.008124539789833797,0.41526349758523257,-0.8912404420088462,-2.3811521095493386,1.721323925871307
0.004999760980179105,-0.009134996921050844,-0.0014037468629158553,-0.008117852871429973,0.41821155776236374,-0.9079466806832556,-2.373935038181051,1.7392640320768302
0.005003017864852517,-0.009118701394291545,-0.0014303587085036555,-0.008113468320149116,0.4219278793417543,-0.9248243501632895,-2.3684899952741056,1.7586711509890607
0.0050513357017716145,-0.008959761365201597,-0.0016984680129546305,-0.008081894344028355,0.46188119116350174,-1.0920277430361869,-2.32208650506765,1.9607741239463798
0.005053475120148518,-0.008944510441619797,-0.0017226585512508461,-0.008075129063911073,0.4642369480604711,-1.1076165369252857,-2.314451428292634,1.9779436672518784
0.005037154345505319,-0.008965863276783847,-0.001680779099753059,-0.008068893629627412,0.4549891543988636,-1.0832367231017042,-2.312727152297305,1.9422968387793333
0.005031573606826854,-0.008978871923570525,-0.0016579700183480515,-0.008070091001424534,0.45121304546034774,-1.0693079193183361,-2.3155804362148373,1.9244945992470173
0.005025489276969312,-0.00899458295984303,-0.0016308335753761098,-0.008072174017664462,0.44692908683130433,-1.0526433903740458,-2.3194849260928136,1.9035990200746296
0.005018336040565039,-0.009041076932303037,-0.0015566796230166784,-0.008090196305607278,0.43861254933262156,-1.005078880879732,-2.340133359792199,1.8506033825455324
0.005023500605842604,-0.009028171236720157,-0.0015790879162488488,-0.008089053920916607,0.4423936422637115,-1.0187927769194123,-2.3374778125476197,1.8679390777029325
0.005020210269058994,-0.009012413423781044,-0.0016009935312614712,-0.008076266160469104,0.4426716632110601,-1.0340289734773178,-2.3252193821508484,1.8812530498959732
0.005062020751796554,-0.008748296431614283,-0.002014947851810746,-0.00795374295665281,0.4794705844486335,-1.298066683374466,-2.185894300263905,2.1724536727694406
0.0050581848558739146,-0.008764002236072528,-0.001989840711131674,-0.007960627357498909,0.47725514838166044,-1.2823864470217725,-2.1942257856599494,2.154480913697754
0.00504691038887638,-0.008736226941253566,-0.0020210218763075214,-0.00792760360451007,0.47306236545473473,-1.304216763318595,-2.1636367273400485,2.1677087162341144
0.005042766510142304,-0.008849947422466706,-0.001855431029134035,-0.008002125866388666,0.4664322309944709,-1.1972925757874655,-2.2419578363102874,2.0601418259719186
0.005046426374895192,-0.008827647031813846,-0.001890237612551579,-0.007991385052876235,0.4692640296121855,-1.2194077762827435,-2.229721898833103,2.0845145567225285
0.005054453430493736,-0.008810316220481201,-0.0019207750695124472,-0.007988841781213082,0.4737725817606741,-1.2379845153844788,-2.2246404085044342,2.1083975499304675
0.0050527171720052095,-0.008779386608790874,-0.001963996600875841,-0.007965249836482372,0.47427175933021143,-1.2664691715482919,-2.2007087213817917,2.1350906628434116
0.0050437643022077745,-0.00879487863348985,-0.001935561446731221,-0.007965780978075135,0.4696118282467756,-1.2494245537333049,-2.2040212747777965,2.1121523570971292
0.005041848488758624,-0.00893448969890736,-0.0017304621468157842,-0.008055307066130817,0.4599469829164165,-1.1151595670047423,-2.297288380742445,1.977598002150901
0.005040231576346813,-0.008917017542672087,-0.001755383848031901,-0.008042537881372156,0.4606115056721478,-1.131951557207383,-2.284547937692014,1.993341869644338
0.005030134685692736,-0.00889533513856954,-0.0017809291923942155,-0.008017046307598844,0.4577627331362963,-1.1507582544417172,-2.2611572388119403,2.0053033108764837
0.005034767446270154,-0.008871721578469072,-0.0018184448077138238,-0.008007186845547491,0.4614627308656613,-1.1745122314980863,-2.249589293421335,2.032081147678518
-0.009706277994785831,0.004965278860090423,0.00826751147495562,4.822418446832648E-4,0.24927206854048878,0.43834574552407296,2.5803694901786636,0.2980730328912915
-0.009690581065423833,0.004966402827576215,0.008266128245969543,5.080438343814745E-4,0.24410915210585515,0.42155993873021663,2.580656358434996,0.31446154623056227
-0.009658665914817137,0.004968323410809941,0.008262449536237547,5.604105200187584E-4,0.23355700488994605,0.3873417289283336,2.5806728843369733,0.34772141116477856
-0.009674465661831779,0.004967160805674636,0.008264093692015848,5.344514684969847E-4,0.23874715864080118,0.4042205294223044,2.580549085649761,0.33121677772900915
-0.009649245541189243,0.004956321127336226,0.008246425599544168,5.73334705034006E-4,0.22921055602811108,0.37388443535063504,2.5707467438628955,0.3552718733887814
-0.01021981599104591,0.005004834243983441,0.008325131695652412,-3.663829479243497E-4,0.43267434185117165,1.0152794759930834,2.5806340484221337,-0.22648246838241434
-0.010235504770669994,0.005005549329206298,0.00832393930702913,-3.9254585313121547E-4,0.4373165337203719,1.03323503956004,2.5786380124010444,-0.24288238085475658
-0.010228236033578718,0.004991185699151316,0.00830760908028296,-3.7857581311132087E-4,0.42889402172217084,1.0240537534872685,2.5673136145359856,-0.2414362864003721
-0.010204124970286513,0.0050041684379369305,0.008326243055378841,-3.4019113482633943E-4,0.42920443551555093,0.997378428111139,2.582585311596623,-0.20995597601411456
-0.010212474264450367,0.004990454258147374,0.008308726833922338,-3.524352735347501E-4,0.4232823848008261,1.0062165866780353,2.5693412508276925,-0.22509708163399353
-0.010141341239237565,0.005001998133844807,0.00832985945212591,-2.3558492812177727E-4,0.4068338043642869,0.9265661394522079,2.5898153938626414,-0.1444654278945456
-0.01013384714087706,0.004987853265226363,0.008313403112195817,-2.2202783905316144E-4,0.3973144772041044,0.9174732234854641,2.5787670737252957,-0.14310699354730036
-0.010157039844353498,0.0050024667597618295,0.00832907946395911,-2.617156658035151E-4,0.4136350659669175,0.9442328610834904,2.58811978923227,-0.1606899523112217
-0.010149550044268367,0.00498832230877599,0.008312686630726734,-2.48078535328774E-4,0.4022751982603963,0.9351110174288618,2.57704810652065,-0.15943745131776166
-0.010172736759216247,0.005002984689635676,0.008328217153701797,-2.8784982912935086E-4,0.4200306594343186,0.9618850063743124,2.5863414535126705,-0.17698713785508655
-0.010165247625558703,0.0049887979145384585,0.008311841196394026,-2.7411915453902E-4,0.4071460922791657,0.9528028572767065,2.5752317336510675,-0.17582645555191156
-0.010188431847002629,0.005003551917708424,0.008327271780616496,-3.1400682104885475E-4,0.42527419568225816,0.9795827712552437,2.5844915991271655,-0.1934193025815781
-0.010196709797787688,0.0049898272081718075,0.008309821475531004,-3.2629552913579924E-4,0.4176030133469677,0.9883787571135851,2.5713485690512066,-0.20870241586252944
-0.010180964251533897,0.004989288572029927,0.008310874458160119,-3.001861591957868E-4,0.4122031408715498,0.9705637044770662,2.573323524656178,-0.1922627820510854
-0.010126340904361562,0.004973297873859298,0.008297120429487588,-2.0853417297195023E-4,0.39275402090765343,0.9022437244902505,2.5679127099015457,-0.13519264212890528
-0.010329582549946167,0.005010874290742818,0.008315064067675583,-5.493328931492352E-4,0.4688132295256709,1.1412088074460003,2.5650802804899846,-0.3413203093351957
-0.010322652231205424,0.004996409711376608,0.008298942751182965,-5.35167095978855E-4,0.4598510851184376,1.1316295966087122,2.5535234358270356,-0.3397902027303563
-0.01031391016005026,0.005009863688092558,0.008316748761702688,-5.232057816632134E-4,0.4638056095567426,1.1230893556156176,2.567493893679035,-0.324933532019058
-0.010688861910903293,0.0050476804154309,0.008253724738105952,-0.00114807906062748,0.5823647922484197,1.563790567839946,2.48776559882572,-0.7196041041435985
-0.010704416366638627,0.0050498689328047465,0.008250076423503635,-0.0011740080919927429,0.586419667392836,1.5824454344732597,2.4833778304804897,-0.7360909566864408
-0.010698495305833161,0.005034902708430424,0.008234447890324863,-0.0011584502960106562,0.5743200788220774,1.5711047742195932,2.470781638262348,-0.7339578728004975
-0.010719964030119582,0.005052106327402137,0.008246345377000535,-0.0011999352832314865,0.5899237068519694,1.6011445440662466,2.478895930245411,-0.752580418480791
-0.01071409792005399,0.005037119421959116,0.00823072584569423,-0.0011843182088315115,0.5789624617242807,1.5897022713337543,2.4662795982044554,-0.7503943045649636
-0.010673300816346347,0.005045540795333225,0.00825728799387078,-0.0011221645029473818,0.576718637214531,1.5451389358466263,2.4920322532362404,-0.7031652688316701
-0.010682900410722932,0.00503274755734748,0.008238096319886644,-0.0011325957819167643,0.5699730379800614,1.5525490697118476,2.4752124305278436,-0.7175227173035729
-0.010439190866250394,0.005019326211946599,0.008300980899398496,-7.319652208158377E-4,0.5058791881860373,1.2681230885462265,2.545966983011654,-0.45629777180831105
-0.010454833402758998,0.005020730317030955,0.008298640354311377,-7.58040148865464E-4,0.5107193935793256,1.2864193823874779,2.5429507184833984,-0.47282329763691894
-0.01044816196274541,0.005006001753951994,0.008282636521372589,-7.433109668662004E-4,0.4993255489778696,1.2765254392264718,2.5309823433235157,-0.4710751472428463
-0.010470471553061363,0.005022183559254116,0.008296217298531241,-7.841137761686394E-4,0.5152734908690076,1.3047573427307029,2.539856016066663,-0.4893488247055009
-0.01046385585962085,0.005007429040009504,0.008280230051371273,-7.693348371013432E-4,0.5043082903139812,1.2947688721433277,2.5278180806559907,-0.4874884540427082
-0.010486105170072865,0.005023685925945949,0.008293711761853307,-8.101857834574298E-4,0.5194964025335057,1.3231436867746156,2.536683633478548,-0.5058559674272214
-0.010479551836344914,0.005008918021468827,0.008277753263731176,-7.953635529737889E-4,0.5093645533021959,1.3130398927889229,2.5245888706812996,-0.5039008425620201
-0.010501734106237882,0.00502523740399226,0.008291124926839482,-8.362440399338258E-4,0.5239980774303667,1.341569418867364,2.5334383048633478,-0.5223079537211492
-0.010495244772001604,0.005010478084957666,0.008275217550516583,-8.21392274367299E-4,0.5144188306531348,1.3313325428822902,2.521304665217809,-0.5203040709158281
-0.01051735821353665,0.005026837979827506,0.008288457620516823,-8.622804363127742E-4,0.5292189451421637,1.3600106542388726,2.530115984262358,-0.5386979860336911
-0.01051092775235745,0.005012100638391591,0.008272614803258041,-8.474095337971185E-4,0.5192946717630559,1.349642714706287,2.517954945572321,-0.5367069785416162
-0.01011056425688329,0.004972773249158573,0.008297564842334968,-1.8248676995393136E-4,0.3875364716419695,0.8845674033166794,2.569456970145602,-0.11882347809874959
-0.01004741282774351,0.004972168576114471,0.008299678981990695,-7.826935045262001E-5,0.36660752605745756,0.8145030676748103,2.5758155944496157,-0.05326335586733306
-0.010063122940908302,0.004972236771020049,0.008299269173601043,-1.0419910086066739E-4,0.37195540535897437,0.8318968252201769,2.574321086586727,-0.06957765561457445
-0.010094718194272267,0.004972396509674094,0.008298045104949222,-1.56333051706806E-4,0.38236890137369905,0.8668896864114747,2.571026096545378,-0.10238398489749843
-0.010078883370133395,0.004972243232995082,0.008298644085830779,-1.3020501876257956E-4,0.37720042282778105,0.8493228445179993,2.572669989519334,-0.0859478743298635
-0.010039759600322756,0.004957607917678751,0.008282746672327332,-6.530854366933257E-5,0.36027005018123587,0.8013952717641465,2.564760523387282,-0.04791982470956407
-0.010024035376879918,0.004957248347998375,0.008282603543353173,-3.9479519153201906E-5,0.35499845642157096,0.7839595456745935,2.5658996706175476,-0.03167235379574277
-0.01000813796546895,0.004957147263479529,0.008282624656819814,-1.3371964687788652E-5,0.34972117365933686,0.7664299700464478,2.567161404384953,-0.015212618645779703
-0.00999221032237608,0.004957416835202598,0.008282938225180463,1.2785710358910087E-5,0.344496629374571,0.7489966051589357,2.5686223181641576,0.0013329656167842486
-0.00997631974769263,0.004957773252612607,0.008283210099927794,3.8887955540212285E-5,0.339287956071668,0.7316408772437334,2.5700488396424497,0.017847640596823342
-0.009960513541141301,0.004957828208966167,0.008282985042208603,6.484938527498614E-5,0.3340293154914041,0.7142890464001513,2.571127865263002,0.034219916145189634
-0.009944720915575045,0.00495791095311351,0.008282650656689526,9.078730326553729E-5,0.328757746761504,0.6969724397300184,2.5721278016734073,0.0505753462931138
-0.00992887878167724,0.0049582320890773956,0.008282452923028157,1.1681260203837107E-4,0.32350991376182175,0.6796857726349189,2.5732225812622027,0.06701521517485337
-0.00991307945156798,0.0049583241609702,0.008281844681230333,1.4275585671322843E-4,0.3182125982372029,0.6623851730846059,2.5740352563279516,0.08336528842822483
-0.009897241622434152,0.004958537083079194,0.008281233705481518,1.687639895043942E-4,0.31291689562353914,0.645088646365207,2.5748491539383473,0.09977087787750788
-0.009881356825422802,0.004958857699109471,0.00828060251695805,1.9485084137564664E-4,0.307629993504083,0.6277784555974025,2.5756518902100507,0.11624124852752034
-0.00986548345435898,0.0049587382118883,0.008279309306840269,2.2087871784860137E-4,0.3022550196024083,0.6103562880819363,2.576004076783278,0.13261897616491206
-0.009849386132266023,0.004958298638342931,0.0082774761597272,2.472306567650844E-4,0.29672306935915277,0.5926094848101121,2.5760067130130433,0.14916269618422573
-0.009816293654544605,0.004959339928055342,0.00827553936634124,3.01543322815858E-4,0.28568650229892056,0.5567341594390743,2.577247673670044,0.18350039804539478
-0.009832675881705055,0.004958073326132976,0.008275690943873914,2.745857899611771E-4,0.2910055045747049,0.5742718874901479,2.5760896481474247,0.16636870301450804
-0.009722407944803875,0.004964753530710655,0.008269528532912391,4.5582486530006144E-4,0.25467605584781244,0.45577428574852036,2.5804684580788435,0.2813487803960075
-0.009737999193555195,0.004963590133449134,0.00827056333495589,4.301757543745173E-4,0.25979726672552883,0.4724458758637636,2.579962192449224,0.2650609559998665
-0.009754018803526937,0.004963171891077208,0.008272398588661021,4.0393121060864555E-4,0.26518481854002224,0.48980081621048527,2.579954342803795,0.2484655432706531
-0.009769656563062572,0.004962315352813326,0.00827352065807007,3.782373874324093E-4,0.27036929664852355,0.5066234043005418,2.579504623773284,0.23218152131487005
-0.009800692387216673,0.00496066234886235,0.00827538879743246,3.272355224227025E-4,0.2806214424045757,0.5400514464540951,2.5783579305108613,0.19985544348681958
-0.009785626789701834,0.00496218091424096,0.008275395356188793,3.520837111885686E-4,0.2757743479260055,0.5240219976304034,2.579525668644997,0.21568206978928525
-0.009470259525815953,-0.004985175006883217,0.008235308070554124,-8.698080321341751E-4,0.17233252850075928,0.18713962976672707,-2.577399311903933,0.5453097386656834
-0.009486194601715162,-0.004983413515661683,0.008237998793499452,-8.436219277027968E-4,0.17742862196368892,0.2039743607339957,-2.5779250824890627,0.5285097559355575
-0.00953357607382184,-0.004978843624070546,0.008245923263109566,-7.658649191865002E-4,0.19271234445762067,0.25420817380807215,-2.5794572651631573,0.47872140456206896
-0.009502134697450749,-0.004981795234330972,0.008240713447424502,-8.174558232044864E-4,0.18255409789705546,0.22085079596326687,-2.5784706083660347,0.5117399356133493
-0.00951795583463501,-0.004980245494717001,0.00824333006311115,-7.914856532122305E-4,0.187654100274798,0.23761841566483552,-2.578963578191956,0.49511047452044593
-0.009539973518617934,-0.004963669079083444,0.008229707609707869,-7.515157358585598E-4,0.19380635858063777,0.2573416620625529,-2.568155285209127,0.46919705786515103
-0.009555086025646484,-0.0049612304839821925,0.008230752779483005,-7.265589252984109E-4,0.19856729124333009,0.2730935908146603,-2.5676646217398473,0.45315789938214035
-0.00957081655350225,-0.0049589240276998,0.008231974298806568,-7.006461649104609E-4,0.20353880964045498,0.2895423005948843,-2.567245943125652,0.4365188489546184
-0.009328987195610214,-0.005001986861804328,0.008206417136182309,-0.0011016025628246768,0.127944957894041,0.038202992633921184,-2.569516203811435,0.6947730708854971
-0.009344679102330838,-0.004999610335006004,0.008209596979620913,-0.0010757436875112453,0.13278891903097775,0.054631180857366714,-2.5703606611480687,0.6780310449893506
-0.009376158827198661,-0.004996183247872227,0.00821713034224963,-0.0010243091874963877,0.1426094724259969,0.08788217018149301,-2.572838848672467,0.6447736938327445
-0.009360486755321593,-0.004997791008414871,0.008213335507887077,-0.0010498917516268665,0.1377092325047354,0.0713042836801646,-2.5715753679612323,0.6613072155997307
-0.009382341200401035,-0.004980892426191991,0.00820126395002718,-0.0010090040434479423,0.14422157977901925,0.0910610082502963,-2.5616723141550346,0.6351558317090508
-0.009397558668065005,-0.004978218850590067,0.008203444768593934,-9.838742114573595E-4,0.1489072143813525,0.10687715832151344,-2.56190872729243,0.6188970083956234
-0.00946051100788727,-0.004971606112447483,0.008216286578590038,-8.812840318479022E-4,0.16859256158149957,0.1733246853264254,-2.565472761514872,0.5526433434667384
-0.00944485854521883,-0.004973323988366355,0.008213394836793822,-9.068444450545122E-4,0.16366730546955324,0.15681500797345274,-2.5647869839547752,0.5691282928527713
-0.009429082033957713,-0.004974197382744831,0.008209324425626415,-9.323090775303755E-4,0.15869898726362844,0.13997848412625416,-2.5633217955416465,0.5855672384894111
-0.009413260154214575,-0.004975809202334682,0.00820596571919377,-9.580604947584899E-4,0.1537626043835281,0.12327101155780261,-2.5623381299552253,0.6022069558428146
-0.009250538745845305,-0.005012175632463351,0.008186350631650916,-0.0012298826693110524,0.10406597205657832,-0.04431946680625982,-2.562523848965989,0.7781947297336705
-0.009266520764201452,-0.005010074333625933,0.008190700692609925,-0.0012037914724188547,0.10888283905516528,-0.027512809908301076,-2.5641262037590025,0.7611806140434857
-0.009313519077216016,-0.005004298403584076,0.008203104776975912,-0.0011270655974619074,0.12320156695827912,0.021998792903411248,-2.5685711732232566,0.7112792982668105
-0.009298045381837207,-0.005006278615342378,0.00819925715703493,-0.0011523862634655305,0.11846532638153599,0.00571485544115933,-2.567268903910527,0.7277211569299066
-0.00928238487610417,-0.00500818415048405,0.008195102748171515,-0.001177946310555788,0.11369829071206443,-0.010787220163052948,-2.5657732613759787,0.7443442241880974
-0.009319403598386955,-0.004988777729678143,0.008187070881774295,-0.0011116419292420247,0.12494798364718386,0.024929948645252428,-2.557237909815182,0.7017813495487187
-0.009193507257139863,-0.005007535388992736,0.008155252592580873,-0.0013170908202307897,0.08756163186592027,-0.10677620938875539,-2.5461199692447973,0.8360980824379706
-0.00920846746601511,-0.005004057192144831,0.008158046371323288,-0.0012921872869843768,0.09194218072640455,-0.09136735338203715,-2.546756171740912,0.8198037408350539
-0.009224107435839606,-0.00500069336202725,0.008161147492735159,-0.0012662718300396026,0.09653466316437409,-0.0752153071337489,-2.5475501819372917,0.8028548623034691
-0.009240151196077075,-0.00499777676092103,0.008164809349879521,-0.0012399154286371963,0.10125569114686693,-0.058545745078611496,-2.548698928068316,0.7856116809090602
-0.008900958309469882,-0.005032341119950492,0.008023226335371204,-0.0017740929408842667,0.010933931367760994,-0.4153944640048122,-2.4788145937521198,1.1435218424216387
-0.008883979065491168,-0.005028636011658856,0.008008055881893995,-0.0017965909446917227,0.007386444222304724,-0.4337792374772526,-2.4693244657880964,1.159510571302342
-0.008916373055816565,-0.005016869479049382,0.008014972789645072,-0.00174171562907742,0.015637717575169574,-0.4010265323803725,-2.4714068600070322,1.1227954064759593
-0.009147227977405185,-0.005014319397303179,0.008141081285558011,-0.0013921347537294586,0.07428179458328112,-0.15525481678076056,-2.540348168229359,0.8855869443165764
-0.009131167844499808,-0.005016103894455884,0.008135196890944559,-0.0014178233058282565,0.06977721066741494,-0.1721766474228477,-2.5376693842938494,0.9026154629543738
-0.00912002866096733,-0.0050018870408542115,0.00811284542260266,-0.0014277599661663232,0.06725668323200652,-0.18666691663020887,-2.523085478929353,0.9103081559628231
-0.009163140259570523,-0.005011815880572261,0.008145894781566574,-0.0013662816379507363,0.07882520359621269,-0.1386158001362371,-2.542292129281158,0.8685192347195164
-0.009178567141061801,-0.005009756723643461,0.008150852801250143,-0.001341362208110481,0.08323807745355012,-0.1224221004896557,-2.5443806354372174,0.8520799472477892
-0.009184790985203174,-0.004996483497593121,0.00813815226620309,-0.001325446823640386,0.08533484850652796,-0.1182591094049518,-2.5350861507888895,0.842304199907255
-0.008981123310216712,-0.005026611336017989,0.008065640330092884,-0.0016516754522230858,0.030147840663139365,-0.33101166943436144,-2.5020609186181386,1.059869151569958
-0.009056814984082643,-0.005011901955754706,0.00809133172333601,-0.0015293122825207684,0.05007203041266462,-0.25254348175413105,-2.5135160193029615,0.9779600129158937
-0.00907503352945894,-0.005008156843049375,0.00809676683018489,-0.0014996461966290382,0.05498605394950045,-0.23370361700828182,-2.5157449014935658,0.9582159980162083
-0.00899694624591325,-0.005014060584238742,0.00806021534240354,-0.0016206670159291062,0.03485995140487138,-0.3160125228214859,-2.496761343674095,1.0398943823276177
-0.009012537259354346,-0.005006508687370402,0.008060359015791637,-0.0015930010798880189,0.03916002662777967,-0.3005623933941552,-2.495472261416215,1.0217175700904606
-0.009044756603003936,-0.004997498154632735,0.00806789231618966,-0.0015396251988154688,0.04772648795877884,-0.2676917033757212,-2.497996864354182,0.9861879517078697
-0.009028810143818641,-0.005001212172364991,0.008063371668821958,-0.0015656283571351905,0.04351516340300066,-0.2840699942185587,-2.4961809860440654,1.0035462797197054
-0.009108216635878463,-0.004988092278474378,0.008090665059006621,-0.0014387280173752996,0.06458580719616291,-0.20165714643352842,-2.508592536458742,0.918679424017859
-0.00909162746547898,-0.004995088681945435,0.00809024102600414,-0.0014675401912309406,0.05995305446358567,-0.2181647092590606,-2.5097184360856484,0.937576133087635
-0.008966193044584207,-0.0050117871678017805,0.008039493039874888,-0.0016651324463709714,0.02757970908572546,-0.3489907021238396,-2.484649893920573,1.0705662315983122
-0.008935727481231063,-0.005002024559990246,0.008009763607958563,-0.0017041528029614723,0.021123383320582827,-0.3824568254201057,-2.4658950593471576,1.0983676264745803
-0.008953537963167894,-0.005001104987984926,0.008019515252681065,-0.0016774302786081558,0.025311199960899013,-0.36379736329414275,-2.471364576780911,1.0800516787796595
-0.009659326477600217,-0.004968620255462758,0.00826293013181499,-5.593935675998987E-4,0.23379947866422277,0.3881561002742266,-2.5809579459888745,0.3470908039318346
-0.009586813264648346,-0.004957153620170028,0.008233748245587584,-6.74436444110861E-4,0.2086389071003035,0.3064136420998486,-2.567178096522472,0.4197157288201678
-0.009602840280559905,-0.004955958035875228,0.00823605942411382,-6.483047113878458E-4,0.21379971875376905,0.32346856804764634,-2.567469196252398,0.40299254180698746
-0.009618806101494098,-0.004955284791605791,0.008238825294580922,-6.223721895331108E-4,0.21899548954326642,0.3405997223549258,-2.5680697634629333,0.38642865232404994
-0.009634718912492587,-0.00495488207709202,0.008241752552282893,-5.965595069034202E-4,0.22421243928669687,0.35775279016092093,-2.5687812460897237,0.3699665881415098
-0.009650346059162653,-0.004954588347529673,0.008244605704696794,-5.712057173065469E-4,0.22936621704542007,0.3746355021507331,-2.569464077731288,0.3538144261722493
-0.009881147003097829,-0.0049579243891269996,0.008279488123230427,-1.9512745845212331E-4,0.3073336123701072,0.6272616158915928,-2.5749210725181424,0.11628962487254339
-0.009865367536086068,-0.004958836770909765,0.00827941776822893,-2.210751718989062E-4,0.3021855640512561,0.6102512197995927,-2.576095891785372,0.1327536191096792
-0.009849764333843231,-0.004959346389268272,0.008278744919294532,-2.467038442414649E-4,0.2970138880895499,0.5933193718450235,-2.576850775863006,0.14896162319020403
-0.009675064181218555,-0.004967235661147297,0.00826429415296828,-5.33490664403758E-4,0.2389353647936794,0.4049095668957934,-2.580645589000381,0.33060407112481777
-0.00972311401334304,-0.004964764535910306,0.008269653395775489,-4.546749472249927E-4,0.2549083128287206,0.4565538126049669,-2.5805157405541412,0.2806178661157153
-0.009691071708391154,-0.00496589885630555,0.00826561978081334,-5.071542226366082E-4,0.24418531191772488,0.42197014278179884,-2.5802934885927336,0.31385278000068156
-0.00970720729875983,-0.004965147694999357,0.008267511840810057,-4.8070486069138555E-4,0.24956546280670344,0.43933199446432797,-2.580312745013273,0.2970836723039864
-0.009833970142294658,-0.004959471501896574,0.008277461632257786,-2.7260418688341095E-4,0.29168419602218904,0.5760759992459138,-2.577205822871709,0.16529156922066238
-0.009817866891071825,-0.004959902316051385,0.008276364515969928,-2.990298601551907E-4,0.2862876922934671,0.5585949185398742,-2.577706763360147,0.1819898100816031
-0.009801806695370745,-0.004960835555654837,0.00827571729104659,-3.254336553771317E-4,0.28099340655224175,0.54131426133955,-2.5785064151906423,0.19873161514620272
-0.009785970860801544,-0.004961784036540338,0.00827496810720304,-3.514719742766437E-4,0.27578329614328,0.5242876741036739,-2.5792236970270213,0.21524452892437648
-0.009738792720994524,-0.004964093933367042,0.008271277049666742,-4.289562810137465E-4,0.26012132738597277,0.4734587333626941,-2.5803904730663767,0.26432836063134424
-0.009770220511945043,-0.004962469706705902,0.008273776706288831,-3.7733496610967366E-4,0.27054735270669755,0.507287074863025,-2.5796400672649082,0.23161806018373274
-0.009754478876141361,-0.004963187878380115,0.008272482891217363,-4.031811739940247E-4,0.26530953896588055,0.49031353373882874,-2.5799877481343523,0.24798514478964337
-0.010078532631204675,-0.00500061677545759,0.008332162486147952,1.308546197240677E-4,0.38768926363982353,0.8560156412492664,-2.595979672879297,-0.07872014946463704
-0.010070928627522248,-0.00498657870793164,0.00831555973635862,1.1766969418266743E-4,0.37531426887203606,0.8470456428908594,-2.5850701212110168,-0.07778346015428912
-0.010094236641409177,-0.005000888133336492,0.008331709766849634,1.5705193368993235E-4,0.3918076901643004,0.8736094543776688,-2.5945107990886997,-0.09519413625014823
-0.010086689649917891,-0.0049867813247295185,0.008315096860455909,1.4380862181747982E-4,0.3807742155207789,0.8646579295430162,-2.5835490501915275,-0.09421935050484644
-0.009984569344321197,-0.004971647235247749,0.008299623522068379,-2.5462098699253107E-5,0.34530008532501083,0.744925585393054,-2.5806089603751885,0.011889385476642401
-0.010000347706446283,-0.0049717280512982754,0.008299789552882313,5.790978652568952E-7,0.35061110261252165,0.7623663793504997,-2.5795143885292418,-0.004476950824522464
-0.01001613076539462,-0.004971857374788097,0.008299870851653915,2.662985768435762E-5,0.3559309129262704,0.779840453765284,-2.578361008987503,-0.02084689134981914
-0.010031905647773435,-0.004972017070820805,0.008299846295184939,5.266908074658185E-5,0.3612687918655229,0.7973257237267047,-2.5771337094422755,-0.03720826408572628
-0.01006334869739509,-0.0049722994207827996,0.0082993328106502,1.0457190948677516E-4,0.37196729552477187,0.8321846737340169,-2.5743555261710287,-0.06982972216030403
-0.010047634571638446,-0.004972186866356965,0.00829969316289207,7.863390461645584E-5,0.36662392267648003,0.8147716620200615,-2.575817401806992,-0.05352348431761234
-0.00997706050845951,-0.004956755842067882,0.008282020524244961,-3.765871734826532E-5,0.339299874186849,0.7321301662970187,-2.5691875273846905,0.01691084730126201
-0.00991340551855978,-0.004956755612353443,0.008280010216604086,-1.4213991348665462E-4,0.3179830096530982,0.6622592059686475,-2.5727763143888414,0.08274987297541338
-0.009897224343905912,-0.004957110024650411,0.008279549098628434,-1.6870404636101856E-4,0.312599682903893,0.6446307104714362,-2.573717401450393,0.09953456999418765
-0.009961121119596452,-0.004956803797210015,0.008281790635001821,-6.382909806599276E-5,0.3339942527063971,0.7146362589987821,-2.5702747827210497,0.033412569123334325
-0.00994524648927867,-0.004956833282105993,0.008281396132337427,-8.988982968869868E-5,0.32868763942292084,0.6972154167225918,-2.5712431310639023,0.04983939591960971
-0.009929411313527377,-0.0049567708968384335,0.008280751021139439,-1.1587768654136553E-4,0.3233701716159409,0.6798186996618587,-2.572036991278026,0.06620512470062068
-0.009595693688196485,0.004973575505792919,0.008255204454245999,6.639148660413123E-4,0.21294428506137306,0.3202511864151903,2.580735186918051,0.41367020061808707
-0.009611343469871126,0.004972001748737472,0.00825689963917012,6.38144226595358E-4,0.2180383910681508,0.33684321638337483,2.5806485355278137,0.3972288192106082
-0.009617978016318154,0.004958844371249995,0.008242838712356535,6.244868631571547E-4,0.21909100505333443,0.3406193530423818,2.570787081663097,0.3879414186596512
-0.009632698859210503,0.00495293139487927,0.008239031628786447,5.994147009470546E-4,0.22337874773492097,0.35504198149365745,2.567110936720423,0.3716824819351426
-0.009565106204519315,0.004977935928330828,0.008253001780458452,7.145884350725906E-4,0.2031619622550431,0.2881402481779171,2.5816683890013454,0.44608889625285536
-0.009579967214730445,0.004975220320956124,0.008253434405759104,6.898216118567693E-4,0.2078347048221454,0.3035903614315718,2.580793043902936,0.4302178929354809
-0.009555295373445594,0.0049659665726325365,0.008236390993928575,7.274340297843933E-4,0.19898612839991975,0.2744810870802452,2.5714012479577932,0.4538835796424575
-0.009540469668553929,0.004964303502851049,0.008230585519601897,7.508882309338071E-4,0.1940012168214786,0.25800705874093444,2.568702064512666,0.4688365853080865
-0.009507712153303711,0.004965782035298797,0.008223388848258436,8.039343727064156E-4,0.18347765567268448,0.22293040405461498,2.5664691709070144,0.5028612542139587
-0.009524166476092043,0.004963840663404215,0.008225667569303137,7.769775130412256E-4,0.1886655293782681,0.2402491550922217,2.5667016351925507,0.48553588181444424
-0.009476403021533382,0.004968737274047292,0.008217751361345062,8.549769648079839E-4,0.17355879589005566,0.18979718761154443,2.565180184358939,0.5356992003338547
-0.009497870911391076,0.004954638826444923,0.008207462630732819,8.165100058149177E-4,0.1796083828283694,0.20963238690939603,2.556596554171816,0.5107238548958722
-0.00948354605263639,0.004953443580820082,0.008201876842733236,8.39008631546503E-4,0.17497291707736284,0.19390080384884556,2.5539851258404096,0.5252005220223207
-0.009211573931525868,0.0049852043904698865,0.008137269500646803,0.0012787780812885136,0.09313736919838501,-0.09169220249372668,2.53221299090753,0.8119299973241646
-0.009227880813397387,0.004986812199089086,0.00814648326902074,0.0012542046234320949,0.09780427265787664,-0.07389551241353012,2.5371749815031865,0.7955682248216553
-0.009242305410137455,0.004978871646681765,0.00814350500006295,0.001228298968705534,0.10202632148724133,-0.05997649400716694,2.5339318004600035,0.7787932332300029
-0.009261817640586067,0.004978020653542908,0.008150899143617536,0.0011975782950274638,0.10770864400356038,-0.039221890338637176,2.5373827501372435,0.7585446728461233
-0.009279184144347755,0.00497780942617014,0.008157936013933427,0.0011703923408488074,0.11278930036964878,-0.020633423925284913,2.540759553371475,0.7406528722255539
-0.009294450938963037,0.004979432840378093,0.008166106891908451,0.001147168536809774,0.11736235386434565,-0.0039024616097758243,2.5450662923838254,0.7253358059311674
-0.009308376564785982,0.0049739640332431695,0.008165269561853624,0.0011231437887468648,0.12145040817729778,0.009929515479310293,2.5433599654094334,0.7097383726265553
-0.009459998815350097,0.004970042666471025,0.008214285309492251,8.816171478592004E-4,0.1683692120268583,0.17238757022023535,2.564165847575032,0.5528567544164184
-0.009444631599054065,0.004973643706202291,0.008213701432728497,9.073081855902283E-4,0.1636422730789667,0.15663724721412384,2.5649967891918473,0.569428042005763
-0.009434074272053537,0.004961965928803844,0.008196546289213695,9.203703781733394E-4,0.15977086909699417,0.1425539069409515,2.5543370696850185,0.5778360669714638
-0.009420081136668293,0.0049611468791936255,0.008190983528025634,9.423109100661302E-4,0.1553514674031494,0.127292401725321,2.5517165444034693,0.592048976931074
-0.009404082791207859,0.004961092330755785,0.008185522753560623,9.676318997305777E-4,0.1503711640008855,0.11005775786652462,2.5493192043780772,0.6084810391558934
-0.00932575801129604,0.004970749463424945,0.008168312402171541,0.0010946146067656072,0.1266560117627045,0.027928873110886574,2.5440085175264286,0.6911335261441575
-0.009342338297237084,0.004969383821076435,0.008173050254816329,0.001068034020774312,0.13163209887046987,0.045457051540731534,2.5458711777435385,0.6737811927981133
-0.00935752400417127,0.00497075782390564,0.008180336639791428,0.001044625316621439,0.1363106991591969,0.06208244248185073,2.5495672559894915,0.6584765909653255
-0.009372295085728089,0.004965919861003191,0.008180034941347796,0.0010195552935712334,0.14069179033305665,0.07692282436376417,2.5481752793009673,0.6422097564377568
-0.009387926069187695,0.004962635326507594,0.008181736145237943,9.93708662891853E-4,0.14543286785707074,0.09301584343918116,2.548063367621864,0.6254219516719944
-0.008818010494236733,0.005009115882512645,0.007941945594704321,0.001878761411914337,-0.004769768132718578,-0.504907507936792,2.426588123054037,1.2189657425499854
-0.009049049908311978,0.004974702822586034,0.00804376204653798,0.0015207058695109145,0.04996562251960835,-0.2666124277026665,2.4804561006752164,0.9751846078084409
-0.009033067474890565,0.004977584515487163,0.008038302377369409,0.0015461012771770288,0.04584797359357929,-0.28308130702943535,2.477927842994559,0.992244609780398
-0.008833034530072368,0.005002261424750657,0.00794423775584706,0.0018527549123978483,-0.0012116483069900801,-0.48990291936369684,2.4269615200504884,1.2015208151230057
-0.008850288958829644,0.005002777967012299,0.007956289515516335,0.0018284536688721402,0.002377778129015135,-0.4719013577498764,2.4343350684180933,1.184503822853631
-0.008865733810182045,0.00499449159591675,0.007956923394589544,0.0018008934417338871,0.006268997248448124,-0.4566194777218419,2.4334471316443076,1.1661601337095744
-0.008956393129294003,0.004996935058494339,0.008016408768595223,0.0016707205749074245,0.026286852943278514,-0.3613299558659841,2.4688539253675663,1.0758354063775346
-0.008971725897515617,0.004992990495327185,0.008020978543004991,0.0016457906697010646,0.03012858734166213,-0.3456889068131954,2.4708077290457564,1.0590847693843355
-0.00898701815827628,0.004989269441248107,0.008025644236365809,0.0016210336390248224,0.03400863667609095,-0.3300530478606478,2.472830460027987,1.0424400725460965
-0.009001863713406942,0.004984549856282113,0.008028760065853341,0.0015963457669544506,0.037850176994564284,-0.3150387410570248,2.473782875243415,1.0259596373176814
-0.009017292501250421,0.00498077130074069,0.008033162970725314,0.0015713253161592862,0.041805896233364254,-0.2992843345175767,2.4756076122956894,1.0091860315084782
-0.008927686314882177,0.004997830117386803,0.00799998180053063,0.00171334121975748,0.019616333697416274,-0.39143899875191285,2.4594889502987205,1.1051293080921187
-0.008943022106373499,0.004983853522420528,0.007993261921146548,0.0016824171440993176,0.024052671389079124,-0.37701593975005726,2.4532851461171306,1.0851262864799252
-0.008907481875694139,0.004993019040633007,0.0079818875100071,0.00173975034590947,0.015402493057002224,-0.4131945255704728,2.448094042390228,1.1238739046889206
-0.008885954745947904,0.004992416452548581,0.007967577338473012,0.0017704877008426437,0.010774292498216702,-0.43575333938027194,2.439505325453054,1.145237031871478
-0.009065482166964909,0.004972048438067453,0.008049576590033997,0.0014947248880432258,0.05421820860131588,-0.2496331963831179,2.4831950570276757,0.9577369373124821
-0.009083109121014975,0.004969531473845299,0.008056021456539405,0.001466983261127225,0.05881087021241218,-0.23136436473743913,2.486274908015283,0.9391150932848727
-0.009101754917652223,0.004968662850978631,0.008064722767129847,0.0014385064055911134,0.06365167882856694,-0.2117426935146917,2.490855760733582,0.9199132985163446
-0.009121228517028885,0.004970134677150279,0.008076362482187781,0.001409865530077298,0.06870251017050322,-0.19082885693280763,2.4974191356271533,0.9004874765877108
-0.009161010736071966,0.004981568949107,0.008109332620823898,0.0013549516118373849,0.07906953510151078,-0.1464473921130436,2.517135029001182,0.8628673154121896
-0.009141616529293038,0.004974592262214385,0.008091722151847974,0.001381154488728202,0.07397493596469613,-0.1683784864453923,2.5064810583995247,0.8808823291093796
-0.009192576685521424,0.004975570306433962,0.00811725911052198,0.0013036691968380191,0.08793947798056106,-0.11382733239294619,2.5199857502397798,0.8289873249660996
-0.009174740481235153,0.004971631340457566,0.008104290369982439,0.0013291787803817927,0.08306405998118731,-0.13357875350494822,2.512469123809465,0.8462243778195873
-0.007150238091379251,-0.005596327066359395,0.006635705853743865,-0.004286735191765347,-0.06880160233021453,-2.008234015916319,-1.4414564924533035,2.8521910289934738
-0.007174851466777178,-0.005568828266548965,0.006652672656278745,-0.004233302259808769,-0.07236198869888681,-1.9827123018926776,-1.458404443472823,2.816519650993538
-0.007194796948821129,-0.005551504408349747,0.0066694242762511385,-0.004197180380500347,-0.07527674671229129,-1.9650025193775214,-1.4738580038759574,2.793365096648363
-0.007197347154644149,-0.005527504813461562,0.006656207293715107,-0.004161248079561977,-0.07515135872875735,-1.949560581890487,-1.4657736514679454,2.7649435204823423
-0.007373576253173983,-0.005458297601528528,0.00685295748508128,-0.003954523478433396,-0.0952929357506551,-1.835436386656369,-1.6308219346312043,2.6475840062985405
-0.007320869892555662,-0.005484978056058956,0.006800150388214204,-0.004026565934890426,-0.09007086469563087,-1.8748611007072042,-1.5861031480572054,2.691895306330935
-0.007341241494385935,-0.005459253961067525,0.006808909248927049,-0.003977423884111486,-0.09184765674003359,-1.8512300994421718,-1.595131936668227,2.6578492474717748
-0.007283932235255448,-0.00548247869111243,0.006746445282900777,-0.004046367583627184,-0.08550445020710568,-1.889531016407301,-1.542832862079804,2.6979135314268485
-0.007217476250530879,-0.00550585711764583,0.006669625538090511,-0.004118985885789911,-0.0775355671414425,-1.9293318170895624,-1.4788365208463352,2.7369517017340144
-0.007242747598030175,-0.005477016416077371,0.006684708889602125,-0.004063612430483453,-0.08042400599128507,-1.9029024683251097,-1.4936649840130383,2.6999193419761807
-0.007034991620946715,-0.005617510986498872,0.006479767562467209,-0.004374343452854365,-0.052247555169255507,-2.0539481309303285,-1.3133735142103709,2.8818400178207004
-0.007066740693544435,-0.005592053800982066,0.006510393635452349,-0.004322245241044135,-0.057279614267962416,-2.029768093606419,-1.3413197098197491,2.851258096571232
-0.007102099099563424,-0.005570932672496781,0.006548312459901436,-0.004274274925407482,-0.062324888071540206,-2.006818218503197,-1.3743175844482591,2.824944309452356
-0.006986826312104973,-0.005604362316545359,0.00640098276651173,-0.004376056466185322,-0.045652581227586204,-2.0556510294325943,-1.2533243682176762,2.864264343011404
-0.006842768880611183,-0.0057072945176831905,0.00624445375516853,-0.004582589195836622,-0.020649363780020167,-2.1439721112156733,-1.114246798610999,2.970127704925108
-0.006875429976457857,-0.005681452888372642,0.006279768864242217,-0.0045329051950381205,-0.026941036766240354,-2.1234180876614492,-1.146274866640854,2.9446524562928347
-0.006904061830043437,-0.005660647715366503,0.006311093285182751,-0.004491727750236785,-0.032185375297612014,-2.106048188856437,-1.1741939953716667,2.9237769160417404
-0.006942199898950497,-0.005615737435924742,0.006342219972969624,-0.004410927053593972,-0.039323189347119474,-2.0709008801680358,-1.205992472344276,2.874450225514376
-0.006910694168819401,-0.005628988168333078,0.006303425682998185,-0.004442483838049614,-0.034389266956561686,-2.0842297390925495,-1.1739920614195076,2.8867882846268547
-0.00694755272854865,-0.005580750934786735,0.006330125141465767,-0.004357874500131819,-0.04088066442205966,-2.0476425103957236,-1.202445332295312,2.834421134599234
-0.006747321365346212,-0.005773059747798402,0.006132435429581255,-0.004709801422373733,-0.0021168338097277816,-2.1932568906654413,-1.015015920460607,3.0269507596940284
-0.006772046135137637,-0.005733045988955867,0.006150922559767736,-0.004642622182950729,-0.008664745628499072,-2.1654823231493925,-1.0377777990479151,2.985188031687787
-0.006797447246123757,-0.0056950098797627574,0.00617047231029545,-0.00457833755100005,-0.015014051619826357,-2.1388190960617455,-1.060502020136452,2.9458822528623574
-0.006476783408540474,-0.005934887332603587,0.005780796485982931,-0.005003277539879354,0.05255422009127507,-2.278624331563535,-0.718281870426816,3.108434828647575
-0.006511992053015326,-0.005896658793775893,0.005822506694710721,-0.004941365819974556,0.042812082655201776,-2.258989093842622,-0.7585105154252035,3.081640854767961
-0.006536760846629772,-0.00586756156063814,0.005850345036627041,-0.0048941012906851995,0.035918851479284815,-2.2431136995598546,-0.7862987284540235,3.059392311300765
-0.006535738319921591,-0.005833591498884895,0.005836965720180678,-0.004842935436181062,0.03291797686991333,-2.220288615753159,-0.7863904665366022,3.0194910080584
-0.005940665900895258,-0.006293455740568952,0.0050201544104499785,-0.005506104511758225,0.16119303829070877,-2.3030014947534796,-0.12785073655989854,3.0897967375398854
-0.006036777781817806,-0.006210598146226683,0.005161129002719033,-0.005401640865337419,0.14001566524218176,-2.304268242973301,-0.2369841292911061,3.0958888179244934
-0.005976079541791153,-0.0062379801521889894,0.0050721436181844605,-0.00543142533759642,0.14817209484823138,-2.29122663651183,-0.17890971353485097,3.0702394540142315
-0.006069986924863703,-0.006150806781039366,0.005206547779446443,-0.005317719123366079,0.12646698883665272,-2.2852649455175413,-0.28644048966867514,3.0650140535375
-0.005879578938693734,-0.006295691488416873,0.004930585828949674,-0.005495585092849197,0.16395167943702857,-2.273801705477388,-0.08431125360997,3.0371975529512354
-0.006426724209820473,-0.005913625480364978,0.005698262271659632,-0.004974652162669758,0.05568981634512545,-2.254150503474738,-0.6693699786561667,3.0563531585865835
-0.006206940479504025,-0.006088560480400132,0.005404356482057333,-0.0052386523519665626,0.10484667322911069,-2.3022687225176033,-0.42366944412762947,3.107035047821407
-0.006374530974538041,-0.005926867156785075,0.005623388764115688,-0.004997458955868014,0.06328077159912647,-2.250977703525537,-0.6160866077957979,3.041773817026477
-0.006242754464409059,-0.006040557827934667,0.005450423823121115,-0.005168303636052397,0.09347727118792533,-2.2850724453913696,-0.4692729958384266,3.081516446342136
-0.006281138625608812,-0.005996184380801645,0.005499553261250929,-0.005102725777289769,0.08272996004623491,-2.2695665391515405,-0.5150703538926353,3.0597907171130583
-0.0063207655948219815,-0.005958347091393369,0.005550625639208163,-0.005046112088874072,0.07304837639453032,-2.2571746285142216,-0.5597610196976753,3.044130004389901
-0.006147009129230717,-0.0060828056347396586,0.005313763400667518,-0.005225293549954092,0.10883295670853689,-2.2767778503927705,-0.3732730929245855,3.0566989507008415
-0.0060834927401521854,-0.00608347352098294,0.005220225493785184,-0.0052202372323751365,0.11428807889042415,-2.2532963174007032,-0.3209609697473759,3.0108901385858204
-0.006695569102209306,-0.005771584483481103,0.006053332021574956,-0.004720177190116349,0.005286449190807944,-2.191729618835662,-0.9566097389158684,3.009188093001427
-0.0066245721255403,-0.005815678574531478,0.0059643345650470326,-0.0048016106430570195,0.019056335058488628,-2.217880893336773,-0.8810077288135558,3.0361188856199237
-0.006651452682935507,-0.005775895458303287,0.005988788617568272,-0.004736305554692598,0.011470517280393309,-2.192793148041771,-0.90860627530814,2.9992394868214434
-0.006560971723240234,-0.005799412841297325,0.005862524796874266,-0.0047880719474003375,0.025941438513464306,-2.2008645991564912,-0.8133993392384345,2.9912613911600356
-0.008683597435945718,-0.005061805684256064,0.007905498409158038,-0.002105708893339806,-0.03532606366216601,-0.6405270093668026,-2.411646439266526,1.3728408273548924
-0.008653478683297496,-0.005065969303278832,0.007887103560920988,-0.0021505832959158935,-0.04090401897932478,-0.6714043884824871,-2.400496828753051,1.404277377406599
-0.008667199690278809,-0.005056308763049193,0.007886714364301358,-0.002124210096229491,-0.03758268485596205,-0.6577062580666129,-2.398906449127748,1.386696381020053
-0.008409151882624803,-0.005095925484312899,0.007714579045111325,-0.0024988992897389873,-0.07735889293018439,-0.9170533109001543,-2.288655726023836,1.6515811959230562
-0.008434099548101849,-0.005102776216503478,0.007744615829761124,-0.0024733384657214808,-0.07551891900243678,-0.8930115707138856,-2.310152152989722,1.6322570505942589
-0.008456131914582676,-0.005104202733269448,0.007765854065042708,-0.0024462472346556212,-0.07321007021009324,-0.8712296277280324,-2.324909460456684,1.6123989489882529
-0.008536028626999956,-0.005081766052386669,0.007809893200179473,-0.0023221701575676756,-0.06048924876253869,-0.7907944431140504,-2.3519741031267603,1.5254071391777464
-0.008517469809678713,-0.005085859627093976,0.007798759307822526,-0.0023501730470533375,-0.06343952254003832,-0.8095030671226074,-2.3450162756262585,1.5451128084736785
-0.008474580796899054,-0.005096229821477149,0.007773264349260781,-0.002415283481645457,-0.07008016667246651,-0.8526176208750814,-2.329018304285991,1.5909250958395769
-0.00849685102630574,-0.00508950976193469,0.007785150796779557,-0.002380387217048747,-0.06649384857627673,-0.8302471477425261,-2.3362741966320537,1.566524807837505
-0.00857400364373371,-0.005075205051509967,0.007834080952195238,-0.002266051385065337,-0.05437326354313881,-0.7524309639724523,-2.367205131191985,1.4858378264899974
-0.00855456018707205,-0.005076504158790567,0.00781949048127184,-0.0022931345752929913,-0.05726044154649989,-0.7720833513123552,-2.357707022428224,1.505128544488947
-0.008635431066920293,-0.005057984261861934,0.007863954092166718,-0.0021690894067792105,-0.042905827403368964,-0.6902455522842507,-2.3844663191531583,1.4185192388879946
-0.008590246640327056,-0.005060479229666572,0.007830764863983737,-0.0022322478877096837,-0.05018621436988812,-0.7361579827136245,-2.3631376042732737,1.463412024418843
-0.008612874863357383,-0.005055382857882147,0.007843194279546937,-0.0021976610680889785,-0.04621300028924218,-0.7133203467781416,-2.370623611253519,1.4392977400692961
-0.00763702147093224,-0.005377666743988811,0.007139261623996015,-0.003644019723261262,-0.11631599057688367,-1.6426926821988215,-1.8658173908631321,2.4529498634147386
-0.007658032583612207,-0.005358380115393462,0.007149003013284705,-0.0036009847855290327,-0.11626349198442885,-1.6202855355783756,-1.8736674293604787,2.4227078869449183
-0.007577092224700186,-0.005421422862149625,0.007099372634878418,-0.0037519099556382464,-0.11466304227119979,-1.7016997372179652,-1.8330118774165893,2.527892859283615
-0.007549552561019749,-0.00543055717474663,0.007070470211357398,-0.003786479396160471,-0.11271157253568313,-1.7234249314078196,-1.8092645707121744,2.550474190349634
-0.007497091037181587,-0.0054636542635031204,0.007027786224918709,-0.0038726652969692465,-0.10947344978478857,-1.7715951543271495,-1.773392973998228,2.6091183382560685
-0.007522545622626493,-0.005445163933657741,0.007046641102852277,-0.0038276467869297714,-0.11102331693127569,-1.7471157664833485,-1.7894208963231761,2.578175329711092
-0.007586560587996166,-0.005393630041160672,0.007087342471719097,-0.003707216731907352,-0.11335650367726256,-1.682861716957386,-1.8236410351962107,2.4945926342654015
-0.007603695519478955,-0.005366653069286863,0.007086016846298822,-0.0036577091194505587,-0.11273410269910218,-1.6597608265664154,-1.8229295790988564,2.4589329489106606
-0.007467099650317459,-0.0054511011002982765,0.0069759913111284546,-0.003878108977627174,-0.10564242637224043,-1.7824526241530434,-1.7314535236494637,2.6073463228373766
-0.007433907404238612,-0.0054397404394371214,0.00692115690328579,-0.003886824223040533,-0.10128265741229898,-1.7948571953770163,-1.687226415166173,2.6074897846888465
-0.007394985463519479,-0.005424579319126058,0.006855846356885986,-0.003893546187272092,-0.09624602646599578,-1.8068466539764498,-1.6351512201868394,2.604092502041689
-0.008119990576611943,-0.005235765733333755,0.007577853108855256,-0.0029878733578380828,-0.11485995293970581,-1.2084078126998392,-2.203663007956921,1.9941842078114569
-0.008178485740771383,-0.005212260046812914,0.007615101567337967,-0.00289476594801883,-0.10967047972043449,-1.1500935386560505,-2.2291982378572097,1.9280244558462964
-0.00815764209237437,-0.005212119457556064,0.007592978959390893,-0.002919008149401408,-0.11053715374390495,-1.1695098171041822,-2.212847928994629,1.9457762386903676
-0.008137865400660846,-0.005221954860248461,0.00758240610010658,-0.00295240953479405,-0.1124937159746423,-1.1894716532644745,-2.205861943849928,1.9693587625268911
-0.008264834794156071,-0.005163027670577765,0.007650295373177326,-0.002741341166413407,-0.09833072050253255,-1.0619336839676186,-2.2500853854299296,1.820638793776974
-0.008234627047560979,-0.005186506503630832,0.007645315778571578,-0.002801378179864321,-0.10340034343296674,-1.093493903971381,-2.2488058285292407,1.8621132885361227
-0.008244838786686252,-0.005169348746859106,0.007637112632442057,-0.0027717677020344406,-0.10041936882210327,-1.0816564030733717,-2.2411846833985933,1.8422071157627251
-0.008213412510311697,-0.005188779146857333,0.007626106985283662,-0.002829059586620737,-0.10488440799457731,-1.1138476159903588,-2.2350540506255014,1.8821270914690913
-0.008193269571127312,-0.005197096795104711,0.007614252256406592,-0.0028615138703963635,-0.106972025929213,-1.13395145193552,-2.2271751464007425,1.9050664825897525
-0.00809634183648895,-0.0052269511473472755,0.007542835480183662,-0.0030052334789390516,-0.11423426465706121,-1.2283822026361253,-2.1766482925950217,2.0075099142880544
-0.008068657635993287,-0.005209631136438539,0.007494577136979797,-0.003017247432318086,-0.1123544530280914,-1.2496109440083865,-2.1389207191163013,2.0173081031812767
-0.007991076950066693,-0.005201299170432549,0.007400283904225564,-0.003091593245802765,-0.11210543661756418,-1.3139727291688754,-2.0668057413700485,2.070406221842926
-0.008016186386768659,-0.005205818919353389,0.007432820289960609,-0.003070035523330874,-0.11244662754758235,-1.2940120332481149,-2.0919067648343517,2.0550904268644037
-0.008037340658261817,-0.005192367611622599,0.007442607793317822,-0.003032485852295507,-0.1107581328954614,-1.2728420496056279,-2.0985308620581455,2.028854113460252
-0.007707965955978211,-0.005355559100978471,0.007210377770380257,-0.003553286506271769,-0.11959976781879676,-1.5842563921008452,-1.9230282819502944,2.3919971583291013
-0.007729443462771713,-0.005341710328906138,0.007224677715264552,-0.0035162497041312,-0.11968114340128365,-1.563347517610655,-1.9342994981621666,2.3661807439894598
-0.007773267705749083,-0.005322863431874647,0.007261740251497444,-0.0034520966775371405,-0.12032568851812013,-1.5239366188250345,-1.9635128047869184,2.321875718755346
-0.0077518095230582965,-0.00533151392980024,0.007243194227344,-0.0034828773023128207,-0.11996632147306684,-1.5431032609491702,-1.9489176830765336,2.3431437443983256
-0.007774959549785513,-0.005300145884179864,0.007242316859435311,-0.003422446190137951,-0.11779237951755687,-1.5144892361719617,-1.9475470237757206,2.3001805904102954
-0.0077929061495770665,-0.00528954648532503,0.007254292824713235,-0.0033926035580618906,-0.11782217847969834,-1.4973939483376215,-1.956765411294425,2.2795133753940555
-0.007812810890346807,-0.005285435543424748,0.007274587400143534,-0.0033687124241083056,-0.1180016863207624,-1.480957797438884,-1.9726682153306492,2.2632021461473095
-0.007834909123980152,-0.00527373165270781,0.007290047105175781,-0.003333327806739545,-0.1177674801099199,-1.4601791889078395,-1.984506576936959,2.238658871631626
-0.007859667157245767,-0.005269055529729813,0.007315145137492564,-0.0033035736379987625,-0.1179717742812829,-1.4394420527746214,-2.004039238526411,2.2181782433179005
-0.007967586464737525,-0.00519389794352738,0.007366616283902676,-0.0031077566331274183,-0.11107378246600505,-1.3313719157708641,-2.040595235823009,2.081782763363691
-0.007979007750556466,-0.005180591798745511,0.007366309994968694,-0.0030810589898807444,-0.10964256624004991,-1.3185523344776913,-2.039737236510103,2.0632664713992837
-0.007948178670692207,-0.005202331876332421,0.007352995405632687,-0.0031372073471053366,-0.1120870991244992,-1.3493991829231302,-2.0305459555291168,2.1022749234695675
-0.007861238675872245,-0.005238229102838547,0.007287316439216236,-0.0032655419360512737,-0.11455242338940151,-1.4284848937226442,-1.9811397137028823,2.1910510815442916
-0.007922190707690764,-0.005219536784641959,0.007340146968353637,-0.0031832733434832743,-0.11370962386058038,-1.375081212385831,-2.021441465863641,2.1342601701465433
-0.00788881734059752,-0.005228092430016791,0.007309848276627172,-0.003226567896812936,-0.11408388098184001,-1.4039442749582982,-1.9983063620385904,2.164152544941619
-0.007679593355901515,-0.0053393201610964875,0.007159276357730066,-0.003557811113300715,-0.11606464044891769,-1.5976699615961854,-1.8818522363025576,2.392498861866723
-0.00827018079143424,-0.005138259335379782,0.0076289330848436756,-0.002710382144895732,-0.09469887980619661,-1.053988897175129,-2.232291057042825,1.8006360529512293
-0.008295186296862126,-0.0051399027408635415,0.007655175575705885,-0.002681738922734028,-0.0930679057571993,-1.030517232062036,-2.251279216146735,1.779628215643622
-0.008313573361423451,-0.005122875341524651,0.007654583263368928,-0.002642853886888455,-0.08946627303667905,-1.0112628450088634,-2.2491849130454287,1.7531232524971239
-0.008336358995316142,-0.005106339192854812,0.00765846185798113,-0.0025992173576408254,-0.08538491079405823,-0.9880006172848311,-2.2502843783930815,1.723201640085372
-0.00836074471065006,-0.0050896680037348825,0.007663349311491795,-0.002553603673934653,-0.08115207222861454,-0.9632869555662795,-2.252109499232024,1.6919112545493846
-0.008388075281972612,-0.005077883915171382,0.007675803982741702,-0.0025089109021938093,-0.07707193631930294,-0.9362326007683014,-2.259662171791511,1.660850431509532
-0.008731264892286266,-0.005062556045573534,0.007941972255020002,-0.002039472136218631,-0.026876542518716132,-0.5909209397400578,-2.4346716723483968,1.325714329845214
-0.00874674130361642,-0.005051225665190161,0.007940229348141254,-0.002009340045363541,-0.02279946576746116,-0.5756197960520381,-2.4318813129925623,1.3058281501297133
-0.008762540323083792,-0.0050427077393882585,0.007941806997671892,-0.0019808627156178292,-0.01892795927121615,-0.5598106328248126,-2.431572084609998,1.2867764145873446
-0.00877885924059489,-0.005035944488846451,0.007945612527297032,-0.0019529292759558035,-0.01510561508509132,-0.5433512923572144,-2.4328939170806465,1.2679195323041574
-0.00879533682272375,-0.005031062459929223,0.007951524959092024,-0.0019260857150599057,-0.011383916499102318,-0.526581395221274,-2.435776032906244,1.2496300751744247
-0.008811879930929046,-0.0050278300102990815,0.007959212749493768,-0.0019002492939363457,-0.007778725276503042,-0.509602505764664,-2.4399632124245403,1.2318913143182877
-0.008828618774463273,-0.005027359437759035,0.007970049235667966,-0.0018759415970715794,-0.004272447901200572,-0.4921402723659237,-2.4464435108460876,1.2149375853780056
-0.008843862478358777,-0.0050184871579937364,0.007970055978391316,-0.0018480855576854742,-3.283609086194984E-4,-0.47706020245302944,-2.445062130816435,1.1964738156086205
-0.00886666672744406,-0.005015915638139142,0.007982123469806023,-0.0018135042185295027,0.0047353099296575515,-0.4534513375541312,-2.4518912759264766,1.1726764361201703
-0.008715513382598983,-0.005053726507117823,0.007920217766926566,-0.002055113825342674,-0.028802589447659597,-0.6079463428914106,-2.419762307284866,1.3379348783354665
-0.008696532377412396,-0.005049953802607552,0.007901751914858065,-0.0020787792821784943,-0.03184869412981798,-0.6277952859979824,-2.407587147758503,1.3551712652412085
-0.004973080963969995,0.007062137013807719,0.0035154926146499016,0.00613960586914285,0.2648879582155385,-1.9418154184125238,-0.7132360592822315,2.554704267959141
-0.0050201730198853635,0.007010066180771191,0.003595713536220274,0.006103310287797023,0.2624461763599481,-1.9670385518100237,-0.674628032861272,2.588230173374629
-0.005072100210771835,0.006949825896572135,0.003684849409074365,0.0060581161635507585,0.2584355613018343,-1.993494408507498,-0.6286034237485331,2.622752666835868
-0.0051177557554743435,0.006816301277804395,0.0037939979131092704,0.005917967390767601,0.24085777359714888,-2.0057519378051754,-0.5338093918357121,2.626277155078427
-0.005048233728015164,0.006859130036899116,0.0036934345082356534,0.005937080347968791,0.24184115501525374,-1.9717466574383347,-0.5712750453631484,2.576318270003384
-0.0048998714139284055,0.007073461690284614,0.0034252390300997357,0.00611317418542734,0.25783607301286726,-1.9010116917975644,-0.7227183862258421,2.4899305326657646
-0.0048075181631317895,0.007095530377286347,0.003310323415065345,0.006088553101812035,0.2500560836829631,-1.8505565094208831,-0.7377438924482459,2.4124091960144955
-0.0045961664234578994,0.007197963655784914,0.003031377180553929,0.006085116602980189,0.23489414295361924,-1.7394322402714752,-0.7928734495281983,2.249584495670312
-0.004702081326341156,0.0071268711256568616,0.003179474914604205,0.006066760809749474,0.24074228579569032,-1.7955465043536523,-0.7549602448764045,2.328352649746083
-0.007290177497025246,0.005435058693888431,0.006720162746606111,0.003976593367181556,-0.08507745030456239,-1.8602073978902103,1.5257698435434772,2.6439841987282358
-0.007275497384403148,0.005475296879059805,0.006729302910801041,0.0040414931475925625,-0.0842081021759898,-1.8889593902838657,1.5295737160655847,2.691606853845711
-0.008022888661646339,0.005181950153806593,0.007416244991440044,0.0030364958977682124,-0.10961251799238943,-1.2826422482722537,2.0778881531636855,2.032056053390481
-0.007996601648895844,0.005200312037283516,0.007405472162493939,0.0030846854000701556,-0.11181808296186801,-1.3091289258454946,2.0706874616572684,2.065553290325337
-0.007966718622510876,0.0051932245793604405,0.007364977375290846,0.003107891132407051,-0.11112110825615333,-1.3318642232211075,2.0393803464691858,2.0818736259013453
-0.007926608006161602,0.005225844038551951,0.007351395913949063,0.0031860525732830512,-0.11449729910648876,-1.3733301636500477,2.030404839247509,2.136261071367189
-0.007936125730822141,0.0051943787851907895,0.007331567480111983,0.0031404558167200587,-0.11102360329487028,-1.3566898625495438,2.0138643421720235,2.104331719248734
-0.007891196728329237,0.005238187591288889,0.007322385649452175,0.0032359679613075264,-0.11530512263013512,-1.4051342368136814,2.0084555514485793,2.1708542658413266
-0.007820508284534613,0.005251847281935099,0.007251964245251871,0.003320950903045812,-0.1147768990443502,-1.4637592221520734,1.9540638267077592,2.2290236102625633
-0.007848444398370128,0.005237274690103848,0.007271321032611021,0.0032768451750770362,-0.11430964151521474,-1.4379058070251565,1.9687689456910726,2.198610760760974
-0.007788921536869437,0.005248415385128249,0.007210908827710452,0.003346548098179285,-0.11325513612843087,-1.4859372028479036,1.9217396940763078,2.245847992272066
-0.007678310907289266,0.005288193452422832,0.007111616903311055,0.003494496514145962,-0.111295345026911,-1.5778294900584742,1.8437739072471209,2.3449631155886768
-0.007750324130950692,0.005265708386921685,0.007180136785479533,0.0034029376307315316,-0.11317867619208287,-1.5197734001620733,1.8977891191016414,2.2841344567764144
-0.007709940099887959,0.005274942700702258,0.007138989082056061,0.0034504239680316034,-0.11214966809197079,-1.551255475969425,1.8653991247577821,2.3154524010985393
-0.007642408180532752,0.005309095800527557,0.007085015996824999,0.0035514137126931755,-0.11084015858193717,-1.6099538715780783,1.8226130826348348,2.3833338620749065
-0.007606155054089186,0.005316417534537364,0.00704531572890921,0.00359089526288012,-0.10889912290452698,-1.6360937997209037,1.790956796343563,2.4083595273716543
-0.007569873574684,0.005323010640799966,0.007004466436726788,0.003628675565703745,-0.10665877088437418,-1.6612282037427129,1.7582415259297635,2.4318212931036776
-0.007305284949093036,0.0053928774456937474,0.006709909930719551,0.003909587877547831,-0.08533755182813609,-1.8308423230688344,1.52070197469184,2.5953613679553094
-0.007271129796627838,0.0054051252393280584,0.006672429536448763,0.003947322859175731,-0.0818503931846405,-1.8512851317489993,1.4902005084235186,2.6159539450647795
-0.007348520267280445,0.005380231760185434,0.0067588431414727715,0.0038647619098594915,-0.08929803735749221,-1.8053740866187147,1.560312639175195,2.5709111494277965
-0.007531816901102967,0.0053289378645276705,0.006960313999308376,0.003666171685062397,-0.10390496959250572,-1.6862890695842438,1.7228926970747696,2.454453024160266
-0.007427386573405017,0.005379613239669007,0.006864038353143066,0.0038101980925690543,-0.0974688966043432,-1.7673452619105863,1.6440487119436187,2.545840255715438
-0.007386521352477158,0.005367030314557277,0.006799697742305584,0.0038217381103005715,-0.09283388611553425,-1.780941591642484,1.5935932753437065,2.5460838933704375
-0.007490507607715499,0.005337238248896595,0.006913413851257366,0.0037083009597398413,-0.10091306146993749,-1.7132781927787526,1.6852655278589894,2.479556786677159
-0.007452913808346088,0.005346320480275598,0.0068714546670845785,0.0037477902163095397,-0.09809389453875483,-1.7376212799439468,1.6515593072611814,2.5028112821487176
-0.00715975111758751,0.005557597225266419,0.006622990479622839,0.0042251847597907155,-0.0703328512306224,-1.9807750119749634,1.435886769313442,2.8047091037990577
-0.007183759664612712,0.005527690869940433,0.006636909900972983,0.004169083847395527,-0.07375750040034018,-1.9544107061702098,1.4504034155496848,2.7669667300922822
-0.007235681996512084,0.005488274735035742,0.006682845659999099,0.00408355220823211,-0.07983034816575675,-1.9121057342241212,1.4911941454304125,2.7138744134655677
-0.007204052765229218,0.005501371619769893,0.006647443757430922,0.004120290257128583,-0.07582371678531973,-1.9314450094546571,1.4615444218844278,2.733853583547214
-0.007177015271131633,0.005495094099041614,0.006604882052632986,0.004126466436089567,-0.07236766647083075,-1.937123005289814,1.4282513339015679,2.7305231809818085
-0.007121436108296992,0.005547281184147627,0.0065607166026423885,0.004230309306374876,-0.06529134403691521,-1.9863793396344736,1.387146184334478,2.7959185359365475
-0.007091191476357866,0.0055569829320816656,0.006523432166982623,0.00425946796525555,-0.06108760463560078,-2.000916471029076,1.3565244518399786,2.808824722227413
-0.007056616442328863,0.005556743542181744,0.0064733632683978285,0.0042757355417408,-0.05633806050060795,-2.0098497231024477,1.3168908760006701,2.8096021830083404
-0.007011880173244205,0.00555557424055859,0.006408209219184668,0.004294414199869471,-0.05060247128936823,-2.019515422924004,1.2666166284083715,2.8085163419312913
-0.006964052550680348,0.0055624249809295475,0.006343461512842792,0.0043247177735166765,-0.043922189414993755,-2.033146744157136,1.215595763998677,2.81446603460133
-0.006873900606895596,0.005615833778716062,0.006242508166266792,0.004436690709724272,-0.0298008553201219,-2.080264395632852,1.1299236663293561,2.8667792096603404
-0.006915321439902578,0.00558868843533016,0.006287956191007057,0.004381966465484736,-0.036560686926471235,-2.0576135068046035,1.1688881253590904,2.8406710851692654
-0.006831591989613636,0.005650842579016171,0.0061988041387615175,0.004502320716360394,-0.022183930120001357,-2.107215376521113,1.0906179053670384,2.900674025814066
-0.00678288554034269,0.005662961397156223,0.00613327124271416,0.00453531734655697,-0.014999276779862972,-2.11829284232539,1.0394576725327935,2.904981379773572
-0.006731917539833536,0.005675911218601584,0.006064610832457437,0.004568758755621454,-0.007359403618658854,-2.128288936140606,0.9865003903210613,2.9077339786420975
-0.00550500130311241,0.006562261581104372,0.004369655081761146,0.005754933181298021,0.21658617978408226,-2.174792727850175,-0.26453041568997854,2.8776114603003866
-0.005517051171693778,0.006474210572050584,0.0044038012354912365,0.005640531552077625,0.20120114580834256,-2.15394674705832,-0.2076561880713272,2.837157344675846
-0.005412932429094616,0.006606714936890384,0.00423586616388625,0.005778874736814966,0.22231618776226778,-2.1345967767278697,-0.3262225653466946,2.8145708684520128
-0.0051196202178460165,0.006720151268779984,0.0038300928789899396,0.0058014160537422565,0.22589895478947147,-1.9936947458674779,-0.47293991596092366,2.5964845723940546
-0.005162570984946954,0.006659522714614856,0.003901922227072317,0.005745265305167642,0.2184034609002751,-2.0069097637236744,-0.427793773933712,2.612264881930567
-0.0053112257038768875,0.006658106786406381,0.004089264897938928,0.005804717046019716,0.2268782995856467,-2.088740736476682,-0.3899375967117073,2.743928926346849
-0.005219631480489274,0.006637571955834819,0.003979175041662032,0.005741226082293271,0.2193860642123156,-2.0330602583966346,-0.40186360341733385,2.652673124972084
-0.006679526729781154,0.005693458349366413,0.0059956509067575145,0.004607777137816311,7.96506324279893E-4,-2.1394925638935356,0.9330593345701598,2.9132108443116596
-0.005935408603921722,0.006259918691727357,0.005012584199830228,0.005455588138106183,0.15504433147735183,-2.283168787821348,0.13958026404238755,3.05449470574896
-0.0060427013878514,0.006200755924756558,0.005169427302475597,0.005387932116957792,0.1378069766443767,-2.30151798652772,0.24574623507266866,3.091454224706087
-0.005988525952987063,0.006217023090686227,0.005089893674354738,0.005402843351693692,0.14401174048868326,-2.2858010646585387,0.1969809935138389,3.0612468342740047
-0.006114240721299062,0.006136904165127479,0.005271142356610505,0.005302506680683626,0.12108785965158231,-2.2956408650758715,0.32779736777367025,3.0865399710406654
-0.0060677134652769955,0.00615485718600052,0.005203543114465257,0.005323390314633505,0.12694391281704978,-2.2866696641562463,0.28321662536783,3.067358466346424
-0.006169106625361753,0.0060600904627446895,0.005343457568424637,0.005193269584188851,0.10327008942651994,-2.2715279974630125,0.39890243431296907,3.049891320313769
-0.006113975301113132,0.0060748430497852834,0.005263934492482628,0.005210512795957669,0.11030920076858676,-2.259803143021872,0.34811897006182585,3.024562909050466
-0.005557960868285724,0.006389122920135609,0.004472752346648039,0.005539342824168055,0.18565617862096676,-2.147301776603713,-0.14283130282487064,2.8214769067998424
-0.0058128065814910205,0.006286624389039618,0.004835075301504199,0.0054669336502308095,0.16414601683950766,-2.2364146168499652,0.04546547323980574,2.970924825357171
-0.005646631814511725,0.006335780616678046,0.00459955657658252,0.005492701985170726,0.17624297041227677,-2.1734477053016956,-0.07242737894631239,2.8632223142652404
-0.0057302943395558135,0.006286637035795018,0.0047191672444991525,0.005446938250433234,0.16656244537948786,-2.1953173689788614,-0.0032561507167568793,2.899591564409714
-0.005860961989022371,0.006208987695227544,0.004905543848629001,0.005367149122718325,0.14808782040909965,-2.223352871052253,0.11172085640831167,2.9484758309719514
-0.006463118870504696,0.005898056178694066,0.005748640494571384,0.0049482963779157755,0.04916119108528594,-2.251260391386054,0.7078114788694166,3.0581092576336277
-0.00662585656296653,0.005715964233895788,0.005926431041925212,0.0046527497676360835,0.009528437797331474,-2.151983700823068,0.8789432065234167,2.921563510431199
-0.006458795989654378,0.005841098699857397,0.005724597400296151,0.004863403097931816,0.04293882444629068,-2.2133955722700773,0.7085182195011108,2.991955431124303
-0.006574179130406924,0.0057404568791659324,0.005860274194748672,0.00469865822933356,0.017782168856969763,-2.163993738299046,0.8271116218749137,2.930406617175826
-0.006540006449371779,0.005777194604641335,0.0058234388161266274,0.004758397978296858,0.02612209605663589,-2.1840288618031765,0.7925637169307299,2.957610866533195
-0.006490534157297909,0.005795010719294959,0.0057567216730978745,0.004791626359781572,0.03341762733215952,-2.189085721132359,0.7426357794717572,2.956224723593652
-0.006401922872854045,0.0059142976367517865,0.0056611149151378215,0.0049771961985296985,0.05817753273679927,-2.2492102767161453,0.6447051011039723,3.0432550951265855
-0.006351508088660274,0.0059397646682632565,0.005592194693034083,0.00501762248517662,0.06711151376827422,-2.2534558447298703,0.5924246225414439,3.0422679816032026
-0.006303602419849131,0.005920232901675907,0.005516429939282315,0.004989866699597842,0.06999683763595216,-2.229087356275702,0.5508391640980737,2.9935414902701787
-0.006253779643824143,0.005934214511449195,0.00544635840647163,0.005010782114001771,0.07696012882913962,-2.2239697414630943,0.5035474789690997,2.978322042785155
-0.0061775431813022854,0.00599910690622133,0.005346666819797088,0.005103926493179852,0.09335194689835828,-2.2387770045976367,0.4230229834373142,2.9945387182742262
-0.0062037640441807195,0.005951186193371235,0.005376739311950217,0.005034956072548199,0.08349578070058085,-2.219334688831269,0.4567637872885588,2.964433158258025
-0.0044727002906486055,0.007136483201257086,0.0029365419506217957,0.005958323456359531,0.21421606191693413,-1.6860584837958148,-0.7482885118464702,2.1572888829271624
-0.0043795160108602085,0.007208009702253861,0.0028088319398099637,0.005981746178071068,0.20967713268595753,-1.6390190881224636,-0.7796829906312569,2.0930759596361788
-0.004285931241027825,0.007279486685995078,0.0026823546962265574,0.0060020211839490285,0.20370183927100208,-1.591525274575808,-0.8077364903623526,2.0282985740096646
-0.004185250321633253,0.007358926269457204,0.002547052682267483,0.0060229428051159885,0.19707164063534974,-1.5393615780872558,-0.8354682529927334,1.9578657071094125
-0.001957944461801769,0.010229687320376768,-1.0507869397211439E-4,0.005996549154467742,-0.07430774355845572,0.003151344253150047,-0.7367400015224917,0.0581798959245838
-8.007718262568825E-4,0.010554026248595144,-9.558751691592631E-5,0.005668553822479991,-0.09336221811460457,0.11383276703722563,-0.28313842735778394,-0.10439572020719376
-0.001539982341815089,0.010303973494487792,-1.0579974921846556E-4,0.005852713309659904,-0.08171786954034636,0.026923399277006047,-0.5654810733027177,0.009074032308750103
-0.0011479451699752603,0.010366391282073893,-9.279473237138379E-5,0.005749730173945858,-0.08610744577335137,0.04544535878540452,-0.4132481453021209,-0.026351146785623062
-0.002824636449418001,0.009777313906689768,1.5046723470450566E-4,0.006407211132932214,-0.023288160742802513,-0.2231859893502108,-1.1237778507733893,0.37785517776014294
-0.00300142866662877,0.009540020654989677,3.3958901550173824E-4,0.006485638300159582,0.003701601959843925,-0.3635475509218826,-1.186748343540189,0.5466443149464495
-0.0024983562785160962,0.009811332647371173,1.0822119877370325E-4,0.006234503048476252,-0.039103084930040416,-0.1985353982163618,-0.968104354603576,0.31197039624221357
-0.0021073024366901043,0.009861936446990583,6.341204242653801E-5,0.006059879965045151,-0.05247510202987684,-0.1664829940089666,-0.7948884389152707,0.2440568163763627
-0.0032298843709176765,0.009346029744221713,5.324380226702295E-4,0.006593633656547561,0.03327583330333686,-0.4925161798716643,-1.2713664941440237,0.7170032668054549
-0.0034495801273780814,0.008896559685238082,9.632743478907733E-4,0.0065981624590670885,0.08790961619394312,-0.7675049692889289,-1.2693954388039355,1.0435659703798603
-0.003303045479393151,0.009088036083964964,7.574455022199577E-4,0.006570051800824958,0.059814703155221804,-0.6427288890336847,-1.2507959853531279,0.8860777937300847
-0.0035622966277595656,0.008285326945898052,0.0014844193572681045,0.006364701351490536,0.1291178110411251,-1.070395189846706,-1.100324147555119,1.3762718499987028
-0.003369187701707613,0.00864829120199483,0.0011198857122615106,0.006438336151411852,0.09275905799757432,-0.8713489814105914,-1.1540656414586987,1.1363041076840454
-0.0034475304401916603,0.0084296598559321,0.0013173665103067987,0.006376635571736442,0.11122765037531133,-0.9827819189638412,-1.1105692854432372,1.2656546877530188
-0.0036800564925175425,0.008001090210298094,0.0017538634825519583,0.006253211489744223,0.14842044990787093,-1.2047870240683023,-1.0232256037411969,1.533903797435477
-0.003522601683853401,0.008108394529736702,0.0015802518042374832,0.006233127885183956,0.1283805885584379,-1.1230683571770805,-1.016799231179984,1.422456651842847
-0.003649115866842276,0.007831622085700563,0.0018396199131357315,0.006117891856565846,0.1452123336498274,-1.245519502870226,-0.9419226367773855,1.5683640628635296
-0.003786685904493582,0.007739150430277731,0.0019964110707695864,0.006124854834514499,0.16035815249864846,-1.3148189231615337,-0.9379566026155235,1.6620654219922917
-0.003924526610397413,0.007658100639452557,0.002152554336993418,0.006137638168212425,0.1760923578278213,-1.3823789722540807,-0.9340630902798334,1.7557730961699232
-0.004063140242074234,0.007446384174043611,0.002390936708854517,0.006036350937426191,0.18563129153302274,-1.4774304061297068,-0.8593819801036152,1.8729243738699315
-0.003900938937114683,0.0075073967629645045,0.0022208351766858027,0.006003240393907982,0.16952720035291677,-1.4063528590562813,-0.857664976160243,1.7710769890416718
-4.013324071174599E-4,0.010540952930266814,-4.642503334915301E-5,0.005626934802241606,-0.0928124405600058,0.10443415827725773,-0.1411231799691092,-0.10117087966573966
3.8209330744131114E-4,0.010646122538288536,5.232729254727721E-5,0.005612121277823602,-0.09597149475256599,0.14418789461232798,0.13286547354517972,-0.14098694441320392
9.492671577832086E-6,0.01045796875550371,8.753963121216574E-7,0.005621241357826942,-0.09116789250514051,0.06977250767227605,0.003597021343603103,-0.07019065640981807
7.903531146775541E-4,0.01027693812018955,4.818552010020918E-5,0.005692613240217259,-0.0847048400438024,0.0055200125044445915,0.2821338734895405,0.0036118937295298733
0.0011840157899896794,0.010040199478584753,1.2265037840747341E-5,0.005773125602964725,-0.07427229177884047,-0.08542096926527358,0.4272600373418092,0.10869748514166024
0.0034696182855802793,0.00667289602980047,-0.002218792752717916,0.005147906658130888,0.11252576563138214,-1.376353072819762,0.4828295977059575,1.6599906934741289
0.003343003929802121,0.007072444461491248,-0.001982294544716089,0.005420080533991226,0.11238263336748056,-1.3052532941586863,0.5954580765090367,1.578424262318429
0.003342933940098324,0.006827221371088365,-0.0020690732459237517,0.005231269700973749,0.1081708071174542,-1.3325703184118443,0.5182612625754698,1.6042138355331643
0.0031544389400274234,0.007226436247901411,-0.0017841427612499486,0.005465422753556077,0.10109869835896006,-1.2359901445628,0.6147348451601419,1.4870482305586536
0.0029585024566355336,0.007472186439726128,-0.0015516212695427622,0.005561270247689812,0.08694962153727773,-1.145954771130404,0.6502212142804525,1.373068821760015
0.0026502943914257313,0.007691643157439489,-0.0012721322984428887,0.0055830313366646124,0.06618057526586878,-1.0336088263152419,0.6394763733595803,1.2254035265027585
0.0024173984920481326,0.008045145430960902,-0.0010025398468423445,0.005688087168407224,0.0440472613214269,-0.9008228190615826,0.6583749898015036,1.060980976376727
0.0021049745029035312,0.00847149335580192,-6.919879810410407E-4,0.00576220035743644,0.014794060448327411,-0.7247536580085711,0.6417807528998379,0.8457320665568402
0.0019985324508590124,0.008780881381788466,-5.312518185585957E-4,0.005830532577245752,-0.002301287045696619,-0.6066495896015548,0.650986314009082,0.7080323821650243
0.0017928902894830128,0.009059398934934116,-3.671491084589776E-4,0.0058357662013287254,-0.022284368105223253,-0.491751321879518,0.6091804135497824,0.567169253232623
0.0016058981617602395,0.009349384605459709,-2.2667160286412989E-4,0.005833727717011793,-0.03915568197458159,-0.36749425020839116,0.5630984477992627,0.4244110816605379
0.0012625905096441137,0.009632851985078399,-9.853280286101855E-5,0.005776320074119187,-0.05662074218359285,-0.24668917720531397,0.44862587987021707,0.28012815850963435
0.002074173235103203,0.008176920773539556,-7.927055477761367E-4,0.005632161925752478,0.02524013662101818,-0.8116867264226605,0.5832592886615492,0.941198826099226
0.003940769761328846,0.006243573936692823,-0.0027391737857646614,0.004912754185358882,0.11927325533564116,-1.5092470000963987,0.36426152902662207,1.833734295867167
0.0037407095129582406,0.006408037673120403,-0.0025217102480714283,0.005004707988042835,0.1175170803796629,-1.4570614366165824,0.4145209299819995,1.765006644796943
0.0035027105479335935,0.006487482894340807,-0.002299359611548262,0.005006028247677079,0.10919910028061185,-1.3953827600141093,0.42949995223922727,1.6786746703655646
-0.008671593224444786,0.005028895511945067,0.007859070683386628,0.002097239229469127,-0.033778859702337675,-0.6544225280163273,2.377396903661211,1.3708987056321769
-0.008797620898786227,0.005008005849838963,0.007926739015677234,0.0019068999139043859,-0.008772623429599023,-0.5261736822243933,2.417101976377346,1.2388305108051705
-0.008771054154384372,0.0050012313878059255,0.00790056616035531,0.0019395186814960177,-0.013283292439498282,-0.5540635732824256,2.39990836575083,1.2624763356819813
-0.008745234711677805,0.004999030819123229,0.007879778298295668,0.0019738798648937885,-0.017871123508045844,-0.5806718621368451,2.3865643647191632,1.2869266475174583
-0.008715133213975382,0.005005462332170523,0.007865215548024412,0.002020072354355944,-0.02387819577921044,-0.6110526888158704,2.378220134997274,1.3188381828006257
-0.00868528244291394,0.005002582328338303,0.007839892217175267,0.0020587457625781285,-0.028743878681411098,-0.6414525355664061,2.3616207895541095,1.3465378988025682
-0.008440331180946323,0.005066679701415112,0.007710611613110706,0.0024332379261394724,-0.07029602690618737,-0.8851159629881282,2.282754735163026,1.6074156905753134
-0.008592146330574374,0.005050394296485856,0.007820999302646835,0.00222155857441577,-0.04869996992157247,-0.7344139245744246,2.3554067103615552,1.4570523375680615
-0.008643749513326362,0.0050274695231627125,0.007836114425616256,0.002134002586916106,-0.03818840351249339,-0.6827179670076576,2.3623699550310318,1.3972196436321134
-0.00861317769059269,0.005030959596738146,0.007816092820664889,0.002177883802091695,-0.04335793853167141,-0.7134608631873693,2.3497513756791126,1.42808981382475
-0.008568171143933576,0.005047681355561821,0.007798524117460375,0.002251292409711582,-0.05191449067291703,-0.7584933950495235,2.340197990047805,1.4786658528894667
-0.008548241178085897,0.005051119869600666,0.007785946828024354,0.0022804528797079346,-0.05498857958119328,-0.7784067322384048,2.3322107280017907,1.4991787213064405
-0.008531732824406262,0.005043134415774369,0.00776340168171942,0.002295451440136728,-0.056371260857297004,-0.7947215864612908,2.316101303258905,1.5109023509338928
-0.008507594616514985,0.005049601630606314,0.007750210256085853,0.002332260727254703,-0.060215053669697816,-0.8186889584990514,2.307935923653123,1.53661111463606
-0.008481228845384116,0.0050462727254260145,0.007724053649554557,0.002363359665712722,-0.06314398624580163,-0.844368268482469,2.289770501366054,1.559314447354782
-0.008458365803073936,0.005044917022743789,0.007702799051272707,0.0023912909372517,-0.06557079573583528,-0.8665175552221239,2.275012664954685,1.5795730428025145
-0.008439781117580777,0.005040467443504796,0.007681745891633035,0.002410829103745184,-0.06718380021926586,-0.8841773983111363,2.260016033884244,1.5941302047331871
-0.008400915590809254,0.005096776470852958,0.007708013229756272,0.002510067371232834,-0.0782216915008304,-0.925145131339243,2.2841365567203087,1.6596013116319377
-0.008415540224035237,0.005074429179533284,0.007696931026607232,0.0024714374356081025,-0.07392530107522018,-0.9095449579615067,2.2741028825680427,1.6341263653770883
-0.008344273611999546,0.005105905658315306,0.007665465011561128,0.0025890750278169017,-0.08468831810808795,-0.9803882136844662,2.255234391858395,1.7158845882971498
-0.008372943267422602,0.005097940740153824,0.007683593353205985,0.0025461522459675865,-0.08117924288092117,-0.9522476269055925,2.267197792065016,1.68561959777814
-0.008324351720020167,0.005085501766686075,0.0076248257412036766,0.0025941742880874643,-0.08376430496357173,-0.9972550441459395,2.224329738384775,1.7216057349495937
-0.008282289895487278,0.005121853725667953,0.007623245180773984,0.002679770517330584,-0.09160709853280101,-1.04067214693694,2.226642599846883,1.7799870132892976
-0.008294610473732637,0.005092571584355402,0.007604029035759155,0.0026366953295899474,-0.0868918538178614,-1.0257933229001919,2.2101042972094294,1.7516414891691008
-0.008253517336835157,0.005123574162704505,0.007596874087381065,0.0027158000576448,-0.09385918577468082,-1.0677042607816836,2.2077464465154875,1.8059174408440752
-0.008229228521100782,0.005133029972905983,0.00758273058653629,0.0027538739269661722,-0.09640025404376114,-1.0913846339562518,2.1982888058163135,1.8325851094807166
-0.008202211790330488,0.005130301987908727,0.007552692150534171,0.0027826326063752735,-0.09762429770766518,-1.115706028578397,2.1761214421820068,1.8536439576283887
-0.008132920317030548,0.00517259360461027,0.007525229223628751,0.0029056122587576946,-0.10608182435359252,-1.185262952787446,2.159158161423457,1.9391711771254514
-0.00810520495041372,0.005183511287293989,0.007507119890827863,0.002948387429361926,-0.10816662613688745,-1.2119713613931413,2.146448148667998,1.969217653449659
-0.00805451821931791,0.005172591199066263,0.007441364059150386,0.0029923492236000287,-0.1078820977158201,-1.2537678780284542,2.0963104310974288,2.0012058885972226
-0.00808134945247214,0.0051685754944954115,0.007466236511657826,0.002958802121103297,-0.10693127824937329,-1.229819237209396,2.11475724427485,1.9774844312944633
-0.008173816214767904,0.00513558478876919,0.007529297223297009,0.002820658544610041,-0.0996022745606283,-1.142126080841976,2.15934643915098,1.8805800775892265
-0.00814126250123475,0.005142033397770759,0.007502360121824029,0.0028642082765432553,-0.10178840738732205,-1.172172528844526,2.1399017192819874,1.91133628464679
-0.008030495334548414,0.005139821699498154,0.007382669605940513,0.0029825334944742063,-0.10441713994993783,-1.2661990116864448,2.05016204700136,1.9951999726831708
-0.012182706389550877,0.014692699935569032,-0.007237986675272636,-0.0033660049533325597,0.19606894945613054,-1.5066264598549068,2.4190780047038714,2.587399116007245
-0.012163346754239138,0.014705872992274566,-0.007246334345001709,-0.0033306032932820043,0.19527193658307754,-1.4840378389530953,2.4324558800160827,2.5612782232734355
-0.012137147654041757,0.014715754033951936,-0.007267675941012267,-0.003293048911429304,0.19555720330797624,-1.457787966760266,2.45573621262012,2.5362006104699
-0.01224640647279112,0.01467887217188341,-0.007170235413172889,-0.003441867230798854,0.19368988950909435,-1.5624568084078037,2.3531470027854233,2.631998689472787
-0.012211744640148688,0.014689602925010769,-0.0072031649017641605,-0.0033965555517835454,0.19445808451286323,-1.5305431654986732,2.3870198578888133,2.6038301505825814
-0.012302325910927196,0.014647161336220502,-0.007133663431112888,-0.0035335398620373474,0.1948523824200665,-1.6216308676189792,2.306168767507049,2.6954328663399534
-0.012271788509935875,0.014701364527694315,-0.007107499437174237,-0.003433559953762329,0.18893777672804646,-1.5670495999329626,2.308715966521827,2.6114839907573724
-0.012299338125971952,0.014687133179993173,-0.007088045247633761,-0.003476222402073494,0.1892386250976863,-1.5947709661247582,2.2850912225371656,2.640233337912687
-0.012333388004126254,0.01464445041604052,-0.007093928033942462,-0.0035632774913845846,0.19307825507654444,-1.6444357065279525,2.2701760736401915,2.709320383818279
-0.01234511348801614,0.014612858686168288,-0.007116195949514817,-0.0036171896048789553,0.1972086626434019,-1.6726363325500337,2.2743936018985718,2.75683942090845
-0.012374457314797152,0.014606276143036043,-0.00708264998950537,-0.0036503426143798053,0.19609465297432552,-1.6961365393327952,2.241873067429126,2.7745550730902
-0.01242844125787927,0.01458296556073439,-0.007033161827921046,-0.0037260966856025248,0.19596805785355062,-1.7454288711851367,2.1872951765439574,2.8211636515103113
-0.012402696108235153,0.01459572923053458,-0.0070550425225473215,-0.003687785220832931,0.1957886477125639,-1.7210209906058138,2.2126242307484394,2.796880072517423
-0.012451539034682059,0.014569575336016405,-0.007015375738221826,-0.0037630374302939002,0.19642863364214694,-1.7683486473990424,2.165218239404204,2.845298644480597
-0.012472930373751958,0.014556080163671756,-0.006999769238324779,-0.0037986680014532553,0.19700758561589346,-1.7901153554247677,2.144946681318085,2.868894887017769
-0.012512224713794776,0.014517256917183353,-0.006985806051821231,-0.003884548899429787,0.20031001941611318,-1.8396114508805625,2.113352654845684,2.931972069430745
-0.0125400913334826,0.014515337083131323,-0.0069463967631235345,-0.0039070746996714275,0.19862525598221895,-1.8559656924137367,2.0782434507785186,2.9387343296493675
-0.012496784117742606,0.014542550306771011,-0.0069801783147887325,-0.0038359772876988486,0.19738319640246957,-1.8131059638575662,2.1211747609920644,2.8926940988507757
-0.012570459518784577,0.01451246558477959,-0.0069041898947950426,-0.003932192123631162,0.1969794328561148,-1.8736823121779422,2.0403565791741385,2.946560849131636
-0.012011633521518572,0.014807978112384901,-0.007300827076515794,-0.0030537994306537746,0.1898123670206603,-1.3055125290936906,2.5259678297675205,2.353876885267874
-0.012034697181385274,0.014794522539826804,-0.0072910859797747475,-0.0030933911345629173,0.19058587291442175,-1.3317787881820375,2.511562739140784,2.3832449558156488
-0.012090713830726714,0.014784000582803415,-0.007235528944585151,-0.003161186556792496,0.18848779251193012,-1.3834831573377961,2.4583416354975243,2.425681543228084
-0.012062159908456412,0.0147947124642307,-0.007256718103809405,-0.0031201554601751097,0.1885607344334541,-1.35463312611777,2.4815830584775482,2.397668417047383
-0.012130670905789441,0.01474602546597325,-0.00723561359970207,-0.003247576784835966,0.19153421893693212,-1.4358957620261619,2.4413407082768415,2.493646812986812
-0.01211775477840886,0.014773526197650048,-0.007215411070411308,-0.003200173295837924,0.18818121194807017,-1.4106514255485434,2.436129462900125,2.452209560594869
-0.012004976801625907,0.014840505793858795,-0.0072636819650706,-0.003007656613622667,0.18555750329522058,-1.2839870543109067,2.5076803927588878,2.310448740340878
-0.011992040790158932,0.014876519168230186,-0.007229158132812275,-0.0029518391537375764,0.1810084248530909,-1.2558820823552417,2.4931269520748156,2.2600679459190505
-0.011680924399541943,0.014969256368804962,-0.00743826113251514,-0.002515154877316966,0.18689918143923578,-0.9324529867780953,2.7113046714218036,1.9502685242787396
-0.01165000423396969,0.014982687999887412,-0.007449226184226343,-0.0024658324652931207,0.18655890427639024,-0.8974066333403726,2.7257732107432235,1.912716556533055
-0.011735193713411451,0.014956930944346187,-0.007400340990562341,-0.002589511578310721,0.18529040693482188,-0.9899578139105963,2.6739388185322848,2.003608468236027
-0.011712579640256933,0.014983269723999658,-0.007384387055574614,-0.0025366270926647037,0.18272856871001106,-0.9591576581747291,2.670458491210235,1.9592374673420172
-0.011769529611003552,0.014962908768814698,-0.007355041774335112,-0.002621292365836603,0.18226064453945123,-1.0207613844198964,2.6372750906773583,2.021605358666046
-0.01180673969225472,0.014964494940406322,-0.007312904590511368,-0.0026601157398549527,0.17975156408053897,-1.0549380670364243,2.601651336856801,2.0454604793284505
-0.011934465491077009,0.014918493635063507,-0.0072373460277316065,-0.0028451010957980596,0.1786668218263183,-1.187763369039659,2.5178757205482474,2.1779554512045736
-0.01197587776220492,0.014912897501496778,-0.007197640026241361,-0.0028932794016957096,0.17676069223326227,-1.225461499744469,2.4813105630233,2.208567934134145
-0.011909723458191019,0.014939197934149415,-0.007236133929534828,-0.0027963680257174135,0.17695643074574832,-1.1573777851233509,2.525362489292234,2.1396344194905272
-0.011885364652894137,0.014938370545378908,-0.007264535952076859,-0.0027720971365130472,0.17882563639050705,-1.1363831129458495,2.5494095393761853,2.1254420562069845
-0.011851519252433336,0.01495465912799097,-0.00727858140867838,-0.0027185728701262027,0.17833336085708654,-1.0995308768935532,2.5681484183756322,2.0857139037371373
-0.011929875670788358,0.014954204277104042,-0.007192465365670714,-0.002800127132673565,0.1737043926802537,-1.1682361075000893,2.4940779044954744,2.134978391351125
-0.011364096276645454,0.015203547108081132,-0.007362005618105898,-0.0019283360376321104,0.17017582387878225,-0.5571957189689138,2.72877701087325,1.4757512826149604
-0.011405051622640255,0.015192638861411738,-0.007346286838052096,-0.001986139966117512,0.16961440548010195,-0.6008309369996838,2.712539271616819,1.5195601182815286
-0.01146475170640486,0.015089315906388685,-0.0074582610976255065,-0.0021454278489482664,0.18170960943472855,-0.6806921915775249,2.7713982768242507,1.6591738496040487
-0.011437966628146579,0.015125629975059979,-0.007424145789576594,-0.002081527864417967,0.17756339672332352,-0.6459345015101062,2.755132668780261,1.6040490882268579
-0.01158674339240857,0.015046552276894276,-0.007413002746050472,-0.0023296282901106844,0.18106915306406227,-0.8157997523354998,2.718464051981208,1.7992593292590477
-0.011550148783881609,0.015068112060343931,-0.007414111881768289,-0.0022664600734645973,0.17961751327479505,-0.7732912516835705,2.727129585584715,1.7492697477870733
-0.011508512108588961,0.015084141054867127,-0.007427295938396007,-0.0022025138565584922,0.17973193637746424,-0.7270593928294283,2.7438016090656308,1.700377629218974
-0.011445880656438387,0.015172187068046987,-0.007344472148020341,-0.0020515059353619874,0.17051316634213656,-0.6457782983376036,2.7044729690066664,1.570832444338029
-0.011640483070241344,0.015020671108741277,-0.007400549236599757,-0.0024169177548056006,0.18165397920072301,-0.8767889499039964,2.698340223256341,1.8667815336754232
-0.01162325580842284,0.015056795405931021,-0.0073622927513006245,-0.002361952161892585,0.17717033131088844,-0.8494257376676196,2.679329407692764,1.817804527771459
0.013698287407816614,0.02101436065753384,0.0017908374589104155,-4.449276036235968E-4,-0.07888536754728014,-0.35165448696533974,-0.47843260146225114,0.39223732836160236
0.014534610643321982,0.021640078499257635,0.0013511170693139437,-3.52410458728798E-4,-0.1086737391808277,-0.3345073631722637,-0.3933774776030538,0.36481929611973346
0.015322971199976429,0.02272848162320212,8.077655708091668E-4,-1.7540962105245606E-4,-0.15984811813615865,-0.24892257455122027,-0.3269174947675024,0.26803151505374645
0.012449269604458017,0.02028186246209347,0.002418231423830353,-4.711442863981245E-4,-0.044197329061510575,-0.30315887517622214,-0.6347998728546319,0.35919652645594485
0.012964751052786865,0.021055550009706665,0.0019190361129133165,-3.8050503201033395E-4,-0.06791337227270992,-0.2948298914576026,-0.5311441016460475,0.3372765451492054
0.011169281088267846,0.019990996657586815,0.002793312985458933,-2.883479783989995E-4,-0.01836354473975722,-0.13412227176117855,-0.7560575816041009,0.19962085584179495
0.011697327952633315,0.020244870235600683,0.00257094468146044,-3.5684046011003463E-4,-0.030358682989717497,-0.20624215354925043,-0.691723062800344,0.2651402451161648
0.010555993648456774,0.01948614503087824,0.003175532383317634,-1.843098915179734E-4,-0.003590105882942264,-0.02465509831808568,-0.8626018706458377,0.10849937158353955
0.010119077241763095,0.019333240072769493,0.0032976984726775264,-6.38035012126601E-5,0.0031607422782536317,0.07156877389540732,-0.89650912802246,0.017275942216070834
0.010720573088833944,0.020016176450309398,0.0028195897211658262,-1.8883458766359438E-4,-0.010274713304265505,-0.05777522485895271,-0.7670207306065119,0.12348259498079846
0.00942506247323054,0.018937935150180597,0.0035588980461618027,1.7441186615104454E-4,0.012439345602324325,0.25673626365479385,-0.9614789795948172,-0.14969443994006568
0.009684339336886442,0.0194326614475639,0.0032245766409123157,6.371122785250821E-5,0.008771106378314004,0.15786865087524757,-0.8687871829102595,-0.07319476550741101
0.008734763573275902,0.018394999122841618,0.0038713022022601115,5.080730417242415E-4,0.017262758963169225,0.5030975388598842,-1.0275735466502576,-0.36570506944343456
0.008989337930756498,0.018884451884278973,0.0035502454497972975,3.309910202213525E-4,0.016605389943764218,0.36351942445517554,-0.9428636201249193,-0.2541885627576949
0.00834341514428819,0.01845116137609455,0.0037405672729612623,6.45322351139393E-4,0.018783395368176827,0.581121538222407,-0.9625430475321732,-0.4484801370276152
0.007952968992070373,0.018229898431021917,0.0037900394503004755,8.518171521444208E-4,0.018564984409384807,0.7124458787462189,-0.9452879756912675,-0.5674229824281913
0.006839468946366867,0.017247039524229308,0.003986528194489274,0.0016886228575704386,-0.0014347652899473523,1.1894939611502797,-0.84065430967249,-0.9807180163037793
0.007401873188603806,0.018149926621056158,0.003650473276741958,0.0010714391723379672,0.017858905386837137,0.8272369125742073,-0.8574661556144569,-0.6819747399349977
0.0069618120119011,0.017669124218156727,0.0037743667363058435,0.0014258021572527704,0.008180760559134338,1.0283204167998805,-0.8277783048374426,-0.8529017761939116
0.007164441514922029,0.017897457657274792,0.003719343792050873,0.001253545414966551,0.011660151474812322,0.9330168502938884,-0.8438407779090983,-0.7747239846612085
-0.0014576370938797264,0.01155017661199721,-4.67592184998986E-4,0.005564326432093781,-0.11838477490450848,0.5400144408331201,-0.46507426092039666,-0.49148492459156096
-0.001745304391692708,0.012000649852629537,-7.027150361144837E-4,0.005457805021810585,-0.1287704784136294,0.7391738520604124,-0.5056929353823488,-0.6631429507176593
0.002108586958517166,0.012429679928182835,0.0010013778287750854,0.005343508193702197,-0.13740990514690632,0.9416510073582491,0.5397536942041369,-0.8294797259965662
0.0016936908401131406,0.012172097237022122,7.240331472597085E-4,0.005367262251196501,-0.12890728884959382,0.7923150721206887,0.46564139817035427,-0.7115550482159375
0.0013062394471642879,0.011966103520796075,5.073358723289618E-4,0.0053749754010017645,-0.12240434482696318,0.6791156347539004,0.3757782110660856,-0.6219656816751251
9.32240462615247E-4,0.011800711102306391,3.324258247214157E-4,0.005377320699240996,-0.1190997507826519,0.5918925942285113,0.27671115352676545,-0.5526382569626804
5.438674628461385E-4,0.011573210469023036,1.7130308998049464E-4,0.005411276149707409,-0.11446556794498179,0.4928937565994272,0.16848935679422913,-0.46891512625106485
-9.05921564611127E-4,0.011570260460994165,-2.8779315992421547E-4,0.005453772614204182,-0.11611267683588204,0.5069056355495886,-0.2826985350320012,-0.47686902350918553
-2.9807259942747605E-4,0.011597986595996852,-9.496025457335105E-5,0.0053871729076208005,-0.11446606073521659,0.4967047832332105,-0.09162705299610156,-0.475085388240927
2.036084245170375E-4,0.011866384552306883,7.360818350175614E-5,0.005291991393542989,-0.11628792188595934,0.5878380529813567,0.059095404356622354,-0.5553687472337404
-0.0030051952285448593,0.012542290235491818,-0.0015729893718011902,0.005568311853366782,-0.1629960316281048,1.187933279063639,-0.7614494531451171,-0.9996865857563622
-0.0032060193525630548,0.012742138270173476,-0.0017873667708387258,0.005505781459486061,-0.16902351823542058,1.3106531857454848,-0.7477661437827886,-1.096293367662801
-0.0032536563519295607,0.013004517910899752,-0.0019114775601671815,0.0053297204496606096,-0.16984538499402868,1.38968266268152,-0.6632055245614524,-1.1671758679584894
-0.002645581835744027,0.012559729514660079,-0.001350235613394979,0.005430482029720531,-0.15025977621184206,1.097365142143374,-0.656717195813545,-0.9410202734057417
-0.0022587054322355366,0.012500571234941395,-0.0011040249889233448,0.005346699024913541,-0.14031011965844242,0.9903904082704996,-0.565400934562808,-0.8667329391146413
-0.0018564695571215459,0.012451062745074432,-8.738467338308406E-4,0.005268653556858585,-0.13269720185040798,0.9046159351508464,-0.4670779325152102,-0.8056850060025106
0.003331692153338587,0.013657810323660003,0.002129979601492683,0.004843296550409806,-0.15653085058944624,1.5097952692100238,0.4428120774950406,-1.2788881544132555
0.0031100325732112593,0.013533477401570166,0.0019348281880905032,0.00488765753264358,-0.15432452443695,1.4290580616505941,0.4578166613386017,-1.2189331633863398
0.0029941197814010354,0.013215598787563705,0.0017787477444340173,0.005094644900372511,-0.1566206688717411,1.3497557819822126,0.5407845337177024,-1.1512628172798547
0.0027526053268041124,0.012870831427245238,0.0015167870891729643,0.00526506351384658,-0.15248636137914065,1.2095660571304307,0.595513692158966,-1.0372201719675649
0.003977512847390736,0.01459553784874128,0.002739478339320145,0.0041691779706502724,-0.13453596916933194,1.686399618441324,0.14905928494444884,-1.4195321949065736
0.0042095827269291895,0.014774342728055466,0.002931495997558301,0.004034372224039458,-0.1298572228922796,1.726763240779727,0.07877030485379012,-1.450170258787103
0.003768282749299806,0.014320751849216098,0.002559759320296557,0.004378371024288502,-0.14362421511920967,1.6493408501362636,0.24205946685877816,-1.3907607196745175
0.003563675462057098,0.014174221398535608,0.0023807250177034227,0.00446940689299213,-0.14286575644014804,1.5979411580445686,0.2855950415526663,-1.3494461000781277
0.0033471199634155326,0.014020656866223839,0.00219136232997752,0.004556469724312375,-0.14509711926227972,1.53145220150804,0.32496094648758994,-1.301890017419568
0.002357011561512504,0.012850308390188862,0.0012585114885317447,0.005167434719707486,-0.1418484106058764,1.1101797976465553,0.5110651793523173,-0.9679659548473795
0.006404088394498872,0.017190250059395444,0.00376802914348219,0.0018573376132671336,-0.007408725523530596,1.2375132252645038,-0.7301427251907948,-1.0339738630261908
0.005996506836820927,0.017022978721757485,0.003608281152091518,0.0020677717638095815,-0.01690577475469823,1.3037904797459603,-0.6315720665083782,-1.0987409274637887
0.004812792239529319,0.015349717604031424,0.003370158518836745,0.0035398103383598887,-0.10208363443508474,1.7527642266018988,-0.16112958795779364,-1.4655513136248695
0.004532544728439396,0.015185875039891588,0.0031597096950380333,0.0036867906825850645,-0.10850534254516406,1.7294255870350406,-0.07523805525064227,-1.4483588758206922
0.005508978679561512,0.01608386576026091,0.003710464198740226,0.0028478517300139354,-0.058265378976880396,1.6292530655043578,-0.45469397285655083,-1.3591736714750502
0.005583049691444868,0.016468389489113062,0.003597040593614264,0.002538587353505224,-0.04111410695523765,1.490530022108069,-0.5103735678673341,-1.2522117536937387
0.005636065548049828,0.016859309328348525,0.003453451366652908,0.002253658368902395,-0.02601329700318229,1.3536135273775838,-0.5422224774965804,-1.1471417124576055
0.0051641650613523105,0.01591687823248046,0.0034964922650459122,0.0030316072018723495,-0.07072294511288514,1.6384054157158292,-0.34755917382767926,-1.3741010000670657
0.004796739028155979,0.015739476995836606,0.003253061644217708,0.0032095903486070968,-0.07934321215293925,1.6322705990924533,-0.24235479369603055,-1.3745717977953866
0.004236119102666011,0.015140963657261542,0.0029128146921279627,0.0037193110562601718,-0.10992792466476754,1.6637826037902583,-0.026346531438058863,-1.4045179410351702
-0.003776286526604157,0.013264965525225315,-0.002411567687088404,0.005294531100696021,-0.18574852342675593,1.6315965643692327,-0.6570742980330936,-1.346439320852221
-0.0034037209606856086,0.013276537356754586,-0.002105705113637961,0.0051668501531844995,-0.17026318742642157,1.490555449311584,-0.5907722172097696,-1.2509412538786666
-0.005183637283189324,0.014223323076629962,-0.00394879094393778,0.004679917515461193,-0.1751538083777642,2.263391413929366,-0.207631959905034,-1.8080921876872047
-0.005282259364701681,0.01435803588754812,-0.0040445787703627945,0.00453750719634972,-0.16333160393264778,2.2702013495728637,-0.12072267835457565,-1.814836021380064
-0.005298142227197225,0.01451217768797021,-0.004035965661608103,0.004365949921322045,-0.15190364235750795,2.2202217771483586,-0.0393824139410723,-1.7829721312885398
-0.005371495563559203,0.014656233434501193,-0.004085437359203317,0.004210084464717515,-0.1402938063346066,2.196438778761675,0.042699747909760645,-1.7671199206793045
-0.0038877599852386573,0.013552099621476216,-0.002578542334842841,0.005076405267737043,-0.1810735254309592,1.7035427855046432,-0.5439252229922801,-1.4095442247184249
-0.004070939692319186,0.013777256259912435,-0.002784279847098048,0.004919921776100715,-0.17796769972070844,1.7834119505730393,-0.459864071060176,-1.473411686616709
-0.004964514951860616,0.014208583817237398,-0.0037068400346378307,0.00466612780265802,-0.17455417115306512,2.1493101452317904,-0.24013830960755253,-1.7333847364201398
-0.004279608521926197,0.013934785251975586,-0.00299963015498917,0.004819361528466424,-0.17690259339268447,1.866550431942912,-0.3969350534562998,-1.535558043169649
-0.004735734066870199,0.01414247346919052,-0.0034656541336522038,0.004700291380315343,-0.175931688940806,2.050129789473962,-0.2905891604160689,-1.665539393959848
-0.004501650161126706,0.01405152659350243,-0.003225073252816718,0.004750601010028321,-0.17646526388682585,1.9540794563553996,-0.34313646990800345,-1.5984528579437873
-0.005493565756154175,0.01482301869980441,-0.004172838080931975,0.004028124363085527,-0.12682455686923388,2.1758113121435056,0.14256155556495598,-1.751978347286577
-0.005682167854500649,0.014846648585185024,-0.004370468897047689,0.0039931139964367035,-0.1201028104811515,2.2469574083666375,0.20541033093312405,-1.7948159168456859
-0.006457598613515011,0.015039617815210954,-0.00515721569216883,0.0036476987809066943,-0.06940795715710306,2.445861282837407,0.590510358981685,-1.8942133077813106
-0.0065418451531864055,0.015183807522116032,-0.005159983418598743,0.00345980574052349,-0.058031610410852245,2.360083036636347,0.674646657243425,-1.83039804165406
-0.005835761607209559,0.014937336874871414,-0.004505477243259109,0.0038796165478906133,-0.10989490845177967,2.261716427272052,0.2898610876024523,-1.801318427297338
-0.006252471180332049,0.015027045203733547,-0.004929685804832725,0.003711993870233577,-0.08335075515827196,2.3751050589414393,0.48730699019018603,-1.8597036553284798
-0.006035306113455787,0.014989588080028754,-0.004704254735376095,0.003794579672306997,-0.09721880486266933,2.3130889363417073,0.38242927488092526,-1.8287906743053768
-0.0066035817347577935,0.015326893635659509,-0.005130346190525013,0.003284303823064125,-0.04852162308926484,2.263892708568068,0.7381186737499202,-1.7611643974800157
-0.006758628521057682,0.015293178041240427,-0.005320740270266153,0.00326461071844555,-0.03813615263061474,2.331182856342695,0.8155597457017236,-1.7932857153490356
-0.006915537295298597,0.015293624548155083,-0.005490553048725298,0.0031999021793051433,-0.026287251071752022,2.3689216552428096,0.9080195654625759,-1.8031643350081532
-0.007044532338291574,0.015314086293222895,-0.005613214518164301,0.0031185851540822315,-0.013892238367845937,2.3773457678515055,0.9910575356795205,-1.7946807536427045
-0.00789763791133114,0.015348955348612503,-0.006467399162414113,0.0025314759111238192,0.06989087072397533,2.38662894771385,1.611115908020697,-1.6578534743329782
-0.007993482755006021,0.015374198323732617,-0.006528438261119375,0.0024266084552498394,0.0785343258901927,2.3423765869553423,1.681370459424922,-1.6087900652668519
-0.007171411321260769,0.015343346003041262,-0.005723343428670782,0.0030235268233667176,-0.0033980687560271894,2.371146522089004,1.0754409681437942,-1.775113237634934
-0.007303964887528195,0.015373237699252824,-0.005835230476768974,0.0029189722178027937,0.008513296363008004,2.3577636443311047,1.1657710313303056,-1.7489250818368938
-0.007443272537730409,0.015389087701212967,-0.005964115636176995,0.0028187705658268346,0.021719500844761735,2.3531686354850336,1.2625802012723726,-1.7252720798118195
-0.00758585087653366,0.01540133607641426,-0.006096413891999014,0.0027130277492223606,0.03520242493345117,2.3442144267167397,1.3642084719644323,-1.6960430102100068
-0.007695616404398227,0.0153850044078885,-0.006224614537515431,0.0026521661687517652,0.04719272361530697,2.3602579124233274,1.4482066463885683,-1.6845647040712037
-0.007800285893536174,0.015408778505032682,-0.006300583411690664,0.0025502817522350947,0.05652471370585234,2.3269113596446593,1.5230763561937517,-1.6436854435478065
-0.008093496091499416,0.015408129460288685,-0.006577906300419796,0.002307715331978384,0.08560841349296246,2.282326373829522,1.7499076195421444,-1.5484934777853165
-0.008177423482848552,0.015445800878324228,-0.006603318851978199,0.0021983366274606086,0.08959581392997255,2.217109852631545,1.802022233053879,-1.4885965190511108
-0.008260514290478046,0.015454264007372716,-0.006663338714987365,0.0021136327435659803,0.09732246288205158,2.1828142501159644,1.862361990049325,-1.4456504147451126
-0.008426815759158145,0.01543030853303267,-0.0068334099615929315,0.0019698801294129042,0.11439243838962128,2.151575363409711,1.999786879973909,-1.3767633330142133
-0.008346371745444685,0.015446433265728652,-0.00674555308862891,0.0020374744576423863,0.10455410828868668,2.1636915017262592,1.9310416131050836,-1.4093854156496464
0.01469627359786145,0.02387940522515611,4.506027267197953E-4,-4.4339440724228004E-5,-0.21353303735009463,-0.12436929166993994,-0.3603084719829774,0.14035417688396598
0.014112023702453375,0.025,0,0,-0.27187004628057243,0.015317891374416156,-0.40976029145698384,0.003154615164943414
-0.010415040548171143,0.015486818217221724,-0.007377328457381981,-5.587950126018309E-4,0.16627873764920817,0.43657116990729533,2.7794933831557693,0.40389020051457525
-0.010335641707404135,0.015445460829908228,-0.007464505415788095,-4.610045741564482E-4,0.17507646295191073,0.5392469376258716,2.828228338865643,0.3316791261435887
-0.010367735453211424,0.0154804503358851,-0.007398302705752686,-4.973607825287697E-4,0.1681469209614479,0.48989901732655505,2.789519423071004,0.3570450563403472
-0.01021043713884109,0.015439834913693152,-0.0074932015843681655,-2.91087081247943E-4,0.1776554426590152,0.6790566562065048,2.834717024119469,0.2008943370873925
-0.010257468478347595,0.015435843507593592,-0.007494070700306091,-3.560501602162024E-4,0.17826517848530063,0.6295673341429244,2.8399054784155835,0.25123365698959027
-0.010291350184632102,0.01545723023317365,-0.007451908202092798,-3.989048221955959E-4,0.1731095923072739,0.5822745231449271,2.8168013906858507,0.28315131949857975
-0.010439912006487775,0.015551826281973368,-0.007262807156262069,-5.763492812323319E-4,0.15539733330880587,0.38761224556203805,2.7104597575840645,0.41222150131114205
-0.009910581071960512,0.015500968294714982,-0.007395725346499504,1.175099783042032E-4,0.1704835024925373,0.9601992886609495,2.7355605730873047,-0.11416249657658194
-0.009975359037352208,0.015511774477498108,-0.007379858547686079,3.0442661992564404E-5,0.1681750692056048,0.8872838961689434,2.7361351111544963,-0.048451577419228356
-0.009820554027433315,0.015539407440980736,-0.007322741694662,2.3371742790419587E-4,0.16361645136486222,1.024367746941283,2.6774527225736366,-0.20251746346221647
-0.009875014441488942,0.015551118389955421,-0.00730806254614677,1.611873923263892E-4,0.16184512445307522,0.9633593394849448,2.678122728325752,-0.14842192894855885
-0.00976717616870434,0.015595639497429472,-0.007222158001074882,2.960591547432788E-4,0.15455192911816704,1.0370894667768153,2.6101020891724693,-0.24933694858845884
-0.01008267711198056,0.015513321478552158,-0.007376334160129962,-1.1277436264567257E-4,0.167248424459105,0.7759045406341435,2.748662976188957,0.060409928291376765
-0.010032338548354967,0.015552274644206871,-0.007311488887018949,-4.527825872149227E-5,0.16148445961858324,0.8057462292624044,2.703354093169627,0.007460020078572702
-0.010178756694792814,0.015488111151460841,-0.007413093607104398,-2.4309097450258012E-4,0.17055582367780822,0.6883049620198128,2.7820577256307426,0.16147117916225895
-0.010137089736486258,0.015538009891485386,-0.007331516463468856,-1.8358973936884266E-4,0.16275664880179322,0.706597022434496,2.7280449567578327,0.11328055165549832
-0.009220011626686097,0.015529067931492847,-0.007176801566012965,0.0010058306493047487,0.1524669231997515,1.5665847638777974,2.4555389333233433,-0.7617249938182821
-0.009141694599705609,0.015533133875024375,-0.007135106521063058,0.0010996855142409968,0.14786692724256081,1.6224337314617432,2.410645762144258,-0.825693092510406
-0.00907002932821782,0.01555244418296819,-0.007069889650283531,0.0011761489297069817,0.14230390249896865,1.6556733220065476,2.3561767454482516,-0.8754364859906897
-0.00891283402356746,0.015490001767226237,-0.0070827076757934,0.0013948464371086563,0.14236780798395599,1.826780366138052,2.307334170319999,-1.0249340040976873
-0.008969127036039413,0.015509332442095009,-0.007084577700030029,0.001317815456442733,0.14302643267435067,1.7690726783462272,2.328572380827575,-0.9730382229542528
-0.009002401302687747,0.015559511698242672,-0.007024210942877868,0.0012518108086963006,0.13751895857138205,1.6953063435530389,2.312057192373867,-0.9248488700232603
-0.00878624213985044,0.015492465591588366,-0.007001256244753214,0.0015385043512328516,0.13400725873720684,1.9024133897848987,2.222799508695228,-1.1155674542874063
-0.008851939187423897,0.015534610336451237,-0.0069777408062950885,0.0014382749143095452,0.1325855248941953,1.8179458960691035,2.237834214124074,-1.047837582744003
-0.00849551087352463,0.015476290518449115,-0.006821303210993658,0.0018637755867557144,0.11345283899512192,2.0696798209888723,2.0278526935625085,-1.3097947960582605
-0.008581203554885182,0.01548682787508753,-0.0068697400061838694,0.001766316155424802,0.12033310676530716,2.01832444993784,2.083814946133408,-1.2531874728047405
-0.008714956257669524,0.01552857732515374,-0.006900626084893392,0.0015939295547277785,0.1245143901091673,1.9034356796537553,2.1522928880525396,-1.1446700565818484
-0.00863300337882665,0.01555547085598862,-0.006806321555701644,0.0016635435780821752,0.11533233907169223,1.9176292538591355,2.081437932304418,-1.1825012907639787
-0.009272532132700897,0.015575613272964757,-0.007123313915316455,9.223549162511224E-4,0.14702481173754767,1.48251289344609,2.443672803942835,-0.7011306139599595
-0.009438862895127393,0.015569475604321712,-0.007191996706891851,7.18695294996346E-4,0.1530376933952675,1.3515400207596715,2.523393190904009,-0.5579424496671544
-0.009335585713052534,0.015596418562190609,-0.007113676221083976,8.375654441640304E-4,0.14594529292275527,1.4142480974134533,2.455637116584739,-0.6411955747616646
-0.009388356153452954,0.015600820381033923,-0.007124839154694286,7.713329826195585E-4,0.14700738112492973,1.3676292085101918,2.475077536830955,-0.5943664286000606
-0.009489684376944618,0.015595758057803418,-0.007164087824182063,6.473124266839587E-4,0.15007214344186515,1.286425472320751,2.520650431781476,-0.5060010168361081
-0.009552478425559223,0.015630078892697546,-0.0071247970131883545,5.601515140839225E-4,0.14680997856285546,1.2056259421224544,2.513682598281337,-0.4422028357086765
-0.009697512348820951,0.015627550041070484,-0.007159051274468381,3.7955418234445143E-4,0.14948585962148067,1.0794031328378733,2.561681735447976,-0.31100980220796964
-0.009632039884638142,0.015649831768825034,-0.007110585618924413,4.5710687047791787E-4,0.14476781724966198,1.1217775018219809,2.522200740100218,-0.36706048359660615
-0.011067434213845307,0.01526351357844347,-0.007475825341461725,-0.001515121396524799,0.17656567857478694,-0.2364930953305171,2.8350085787011396,1.1605632663821173
-0.010992537377838035,0.015291401110199276,-0.00747475324600616,-0.0014011740644344591,0.17561414850075072,-0.15518675046153205,2.839725762583783,1.0703916116051142
-0.011038209918777731,0.015298294958285769,-0.007436274930994956,-0.0014560794891652126,0.1721767936864343,-0.2054770761381624,2.8123994270768806,1.1102313637310353
-0.01095453008014719,0.015337081503076186,-0.007420249339729315,-0.0013261780401881411,0.17069692049658844,-0.11699815566466513,2.807663748010148,1.0066322783398822
-0.010912739562431942,0.015368122577520687,-0.007391162936704285,-0.0012558016381917715,0.16746298886782318,-0.07462530805220398,2.7915061192399007,0.9491241667991936
-0.011127325595895103,0.015267915580170786,-0.007430055751002849,-0.0015888422764531915,0.17253779299281555,-0.30201382488937106,2.800729655640659,1.2147078673194873
-0.011207823241427873,0.015243833391919995,-0.007414473053104462,-0.001706456154150547,0.17243116780627846,-0.38932964781706897,2.7824158262580725,1.3062459416027214
-0.011178860461142168,0.01528750206687426,-0.0073639301332231845,-0.0016403448395508689,0.16752703364794871,-0.35672835643111894,2.75411811361742,1.2492115246226574
-0.011256735138937655,0.015248474810207803,-0.007372032758740419,-0.0017636874534119106,0.16913063492105304,-0.44083237049763574,2.7499253958062932,1.3471261140414779
-0.011305025266412395,0.015249058442547115,-0.007335554911035449,-0.0018220897849211203,0.16667848215468528,-0.49089807488801324,2.720968401139063,1.3892349324550377
-0.011349850695719671,0.015247553474676486,-0.00730397788357639,-0.0018769911566236654,0.1646380213019489,-0.5368446393154046,2.69503021756552,1.4289171030468373
-0.010886124508442376,0.015418364543248155,-0.0073219244953762605,-0.0011964628920209648,0.16105175090378163,-0.05165311919842747,2.7491649266509737,0.8973417790736047
-0.010760618973491688,0.015407808236569717,-0.007397186333940971,-0.0010399557071303874,0.16781410492519544,0.08443261632998432,2.7996146333563035,0.7802550454682349
-0.01082708356244578,0.01541786414834502,-0.0073508683941215245,-0.001121407723963181,0.16340834827606154,0.011199500943111637,2.7692147684618456,0.8407305201937602
-0.010662006007973082,0.015392595827898444,-0.007462765579808172,-9.15973519544651E-4,0.17361810208656575,0.1965152970129725,2.841044137393053,0.6866508060217661
-0.010598400042163248,0.015408017152776458,-0.0074593786356080575,-8.253607077704398E-4,0.17303998613882732,0.2628049671337549,2.8379576709433354,0.6156534336678953
-0.01070146277323763,0.015436693180128596,-0.007373188604726207,-9.509963398387633E-4,0.1655893227077986,0.14262772903079846,2.7851248399875175,0.7093489928520443
-0.010737073623855843,0.015466474829593579,-0.0073096188963509,-9.851299445469263E-4,0.15954703286441643,0.09899380010470339,2.7452674240184853,0.7312298331948696
-0.010564646871807998,0.015470221417453425,-0.007365054724990327,-7.604041258052094E-4,0.16453750580712925,0.2817027726394632,2.7781849753089918,0.5597467942495203
-0.010513568267543558,0.01552868583585112,-0.007282482988126968,-6.769768682059967E-4,0.15718584883257794,0.3185001310551347,2.725600816631013,0.49077071970235575
-0.013187957315167545,0.013968965933502102,-0.006350903488902013,-0.005101092298931382,0.23700007844959672,-2.469062016901679,1.27396921659956,3.6460116929964066
-0.013214080772992036,0.013942083050401524,-0.006320408612520259,-0.005153114934050753,0.23924708650023288,-2.490837880921479,1.2330599805428022,3.6725936890798887
-0.01323043373004198,0.013933865349696949,-0.006295988746082864,-0.0051700957401599424,0.23912397212145767,-2.496746837510098,1.208711015937685,3.6750479912560117
-0.013210546133691624,0.01396251406963533,-0.006314736811721758,-0.005116286558224242,0.23597113806421846,-2.4736154178515792,1.2413303574435586,3.642394572864957
-0.013246038653156303,0.01394153726219662,-0.0062639360172249674,-0.005158538217236532,0.23638262129077287,-2.489029258477374,1.1882892170263868,3.6526902035412787
-0.013262223080507736,0.013935148379986155,-0.006238816174451877,-0.005171839686465954,0.23597112813541296,-2.4929979328188288,1.164627963170523,3.6519258400766454
-0.013188070959690164,0.01399364778852237,-0.006335676882886894,-0.005057551315954881,0.23271564791560015,-2.4480602845229247,1.2771003554570137,3.606858668357528
-0.013146391716438294,0.014027628063287926,-0.0063872985090114845,-0.004989629123172836,0.23068825165645204,-2.419505004255198,1.338952008264311,3.5766625935911027
-0.013166497707197215,0.01402242935993876,-0.006355529019006228,-0.005002970775451541,0.229685340806606,-2.424049453586751,1.3103927862654998,3.5739547119210253
-0.013182920636594968,0.014012780033609442,-0.006332912178211671,-0.005023079854256239,0.23001876134115226,-2.4320301199955736,1.286574873852118,3.5798723665591097
-0.012863282275432143,0.014234686668949795,-0.006713672297435074,-0.004539247480395368,0.21955258642724043,-2.204635377809867,1.728905282091968,3.354783711805734
-0.012854028911956958,0.014250990336033274,-0.0067147009482775395,-0.004507875895396961,0.2175125647925112,-2.1886904846557216,1.7389165825568706,3.3310399193690885
-0.012853655327969105,0.014270463724510147,-0.006698062805345959,-0.004475550956568608,0.2143907527994373,-2.172649808001171,1.7357181653367555,3.3005761596318792
-0.01288270040966396,0.014232955672177834,-0.006682811270108482,-0.004550847666952712,0.21823460727474253,-2.2111622083441493,1.7018880113901906,3.3530961718895327
-0.01290297208022063,0.014226852110016959,-0.006654248396296847,-0.004569834716159756,0.2176888083513322,-2.2211633901977383,1.6744904022591955,3.3577348078932303
-0.012990508534048817,0.01417464461517439,-0.006549961598054786,-0.004691804050217915,0.2192607897576531,-2.281921851104674,1.5580295156850144,3.4135687336338094
-0.012974373229174652,0.01418689588066035,-0.006567487343205427,-0.004665275332229817,0.21852474288743115,-2.269007130507332,1.5795324859208721,3.399765033963821
-0.012956950454307692,0.014199463287977922,-0.00658667732320456,-0.004637568957863704,0.21784943010110505,-2.2553802367092746,1.6026023988504863,3.3855858163400483
-0.012938123473620633,0.014210629656482088,-0.006609101210778525,-0.004611467053022664,0.21750574181775936,-2.2423794292450423,1.627584720020679,3.373679861107398
-0.012919794193246611,0.014219285060485327,-0.006632553617291664,-0.004589538467694519,0.21757973077870937,-2.2312732564079236,1.6520514217396525,3.36519963919304
-0.01307314694181131,0.014085419558794244,-0.006475368439407333,-0.004870756476731901,0.2272213989843593,-2.3669861398693963,1.4446872715037034,3.5213617069973417
-0.013118989738085047,0.014048794440253016,-0.006421129818170273,-0.004946371047394475,0.229515800027315,-2.400824559492515,1.3789203605241946,3.5574633805854563
-0.013137510139806121,0.014044711045865845,-0.0063916295881876,-0.0049578554588719575,0.22841728146822166,-2.4048854181908057,1.3527478450024968,3.554470937505262
-0.01309179403796016,0.01407204829864464,-0.006452488428172581,-0.0048990302700712375,0.22790512128230528,-2.3796870393239122,1.4181669841008113,3.5339241566287245
-0.013111859968816133,0.014065469397350977,-0.006422247802787902,-0.004915646119260185,0.22720185312683466,-2.386397814456019,1.3898181634743232,3.5347064402050696
-0.013032808456297085,0.014141372166536418,-0.006503756532388932,-0.004762574789839032,0.2212410079420348,-2.3157439359439773,1.500800602698651,3.450213756724326
-0.013067508362284682,0.014106494752044167,-0.006470030773592285,-0.004832843317608221,0.22425652512899405,-2.3487175417043535,1.4528558880791662,3.4906262240193366
-0.013052641584694864,0.014126565559432808,-0.006480929864290829,-0.004794044087243335,0.22204189396728938,-2.330422664302615,1.4735325408786046,3.465455035545439
-0.013011872828011018,0.014185281375880848,-0.006505789819749995,-0.00468144518418748,0.21582307459986103,-2.2763758994608927,1.527807057136125,3.389654373120775
-0.013029411497048955,0.01416987134641318,-0.00648808663558493,-0.004713260225849934,0.2169322785422139,-2.2915650786817934,1.5044732931733331,3.4071440493145633
-0.012714100630903807,0.014363421306094516,-0.006836903912797678,-0.004252295533518691,0.21002175842218812,-2.050959565312814,1.9045929127218086,3.173661612714759
-0.012711812262227722,0.014396997920098907,-0.0068072925130496864,-0.004197859548926022,0.20478877100315981,-2.023866594274909,1.8971981822149828,3.122611833460894
-0.012742278141442435,0.014357367933968208,-0.006797895390627958,-0.004277818579781479,0.2087364754387034,-2.066535958009417,1.8680105781359588,3.1811819578652716
-0.012757932418639002,0.014346238703834478,-0.0067835814779356575,-0.004304193998324168,0.2095214292606486,-2.0810354079265867,1.8498153875513785,3.196931185631274
-0.01284517791288085,0.014296924751055758,-0.0066883535425975036,-0.004428265400186715,0.21084022548129683,-2.1487636489348905,1.7422069058068104,3.2611082138734386
-0.012823444847787132,0.014315259227419046,-0.0067070591419625125,-0.004387983731245343,0.2095299401211613,-2.1275539944038235,1.7680472556931142,3.2365128472918854
-0.012801812927533112,0.01433009584868275,-0.006728325670610164,-0.004353181891177418,0.2087312006886329,-2.108903825308268,1.7940936268581458,3.2168629591537523
-0.012777426523009847,0.01434309916016381,-0.0067553288739046,-0.0043196397252608315,0.20843695313586977,-2.0904138082765624,1.8240477804003297,3.1998481120814115
-0.012599323150151562,0.014471965668723717,-0.006904179162218037,-0.004012505580739425,0.20121158861604369,-1.9175253593693184,2.0195657226970085,3.008423521349274
-0.01259276800847336,0.014497715813252293,-0.006886610558223841,-0.003969219306083133,0.1977216580797069,-1.8954091612036685,2.0177210535006056,2.9701508314873655
-0.012625954935243142,0.014462865359221465,-0.006873187843477618,-0.004043610042463736,0.20063551645426633,-1.9368713743306836,1.9882074963202412,3.0235474657491612
-0.012651841679804907,0.014446409818620632,-0.006850594203248219,-0.004085135208814386,0.20141840817168277,-1.960912077680916,1.960303613503463,3.048899507476804
-0.012680472294395138,0.014439085207769606,-0.006813942592260939,-0.0041138851038561046,0.20046119234068802,-1.9787839528716236,1.9251124545969847,3.060145294347713
-0.012707393303813397,0.014430273641254189,-0.006781161649667455,-0.004143407259068203,0.19990024223472505,-1.996528864475725,1.8925725829241051,3.072988194725902
-0.013512169848014717,0.013707556164290412,-0.005889535089162778,-0.005579124874777882,0.25045990598253626,-2.6260153790926686,0.755650284346117,3.7936001288663865
-0.01350437178089126,0.013719895173141256,-0.005899649441934051,-0.0055577912588047835,0.24912560147290677,-2.61883350852862,0.7712137267577095,3.7828959816488195
-0.013492583034680365,0.013732146500476975,-0.005916818343756095,-0.005536975276321107,0.24824818593809714,-2.612874308171699,0.7917649108043542,3.7759518280273627
-0.013285537362613483,0.013898537917305933,-0.006216950921626096,-0.0052393207209222884,0.24006390525603458,-2.5212764295312056,1.124662188724382,3.6929798867127843
-0.0133059707360657,0.013891982397789208,-0.006183887246084887,-0.005252689066521089,0.23924966726823801,-2.524131197413411,1.0950166938520935,3.688535349102495
-0.01348060427463233,0.013743914300741067,-0.005934336002854767,-0.0055169230816351595,0.24747417997938062,-2.6071742315913258,0.8122987759715236,3.7696619388360264
-0.013450634973433285,0.013765112767658325,-0.005980578899823757,-0.005481004363773411,0.24689961508881977,-2.598756643043993,0.8600503373092895,3.7651994914849856
-0.013468081969078508,0.013756162855607497,-0.005952506412042358,-0.005495915342549577,0.2465415301550736,-2.60106632476618,0.8336354134547533,3.7629123112941003
-0.013447341188699505,0.013782228518454884,-0.005980032914475006,-0.005450475016129378,0.24424627082588451,-2.5858927756819674,0.8709653224710612,3.7425870400114234
-0.013433127604693182,0.013790523671369665,-0.006002270050133013,-0.0054362631113761386,0.24428239102515178,-2.582862552348484,0.8927191280864738,3.7424805615489802
-0.013417628092073789,0.013796204539249422,-0.006027795535876207,-0.005426610397989364,0.2448814856595581,-2.5820649377375133,0.9153291938924417,3.747183357423335
-0.013323972948433594,0.013882600835535589,-0.006156513796892763,-0.005270614305738404,0.23912074245002835,-2.5293483093945173,1.0680760142780261,3.6898458760269164
-0.013339001088842416,0.013870358532738223,-0.00613568827517439,-0.005293231506817837,0.2397869404165793,-2.537119173319468,1.0444033777185133,3.6974171253704022
-0.013354544484929572,0.01385715266313275,-0.00611420261077253,-0.005317396067666528,0.24052283912722336,-2.545361959044858,1.0196220902208601,3.7057605421492537
-0.013407252910973512,0.01381079014477382,-0.0060404087937867565,-0.005400699701418405,0.2434756402203088,-2.572626687214831,0.9342330367663639,3.733872739953583
-0.013371755929781315,0.01384319224529443,-0.006089862333350688,-0.005342739429594129,0.2412824898700263,-2.5536487460722666,0.9922370637805179,3.713605718235874
-0.013391039315086025,0.01382765016650017,-0.006062264509850185,-0.005370669541690694,0.24201319167591293,-2.5624570697806353,0.9614803967076803,3.7217267336937176
-0.013280334760788605,0.013919193361121487,-0.006215336204899362,-0.005202075112131012,0.2370527994279796,-2.5045369208294734,1.1364314713864314,3.664422165718889
-0.013839207779184869,0.01331544964251748,-0.005348055438666282,-0.0061929543196053245,0.2800524244696578,-2.744582919834521,0.11582412787982986,3.94876754328448
-0.013839059671613724,0.013333176662714252,-0.005349091584067555,-0.006160987823944663,0.2768492175742842,-2.73359754947694,0.1301690864315553,3.9266352409099086
-0.013839207249072122,0.013352403080416585,-0.005349448591350599,-0.006126316373224934,0.27347898379270585,-2.721464664621951,0.1451380174718632,3.9023195592980504
-0.013833075705646744,0.013372397874572966,-0.0053608438345109505,-0.006093227098637865,0.27077461260590446,-2.712749839333188,0.16714900956732517,3.88548382809352
-0.013700670984804814,0.013532583166489627,-0.005588930407511038,-0.005854894123518146,0.2595760095002157,-2.679094184700085,0.42812370747412737,3.8406595623595225
-0.013713650453262088,0.013519338240119047,-0.005567294517541998,-0.0058747142025445155,0.260304249407827,-2.681915811944865,0.40453506956754687,3.8433573130983043
-0.013724089838444274,0.01350493008207665,-0.005550184846140087,-0.0058972730767305635,0.26161208623041915,-2.6866241074088553,0.3831109384385561,3.8503175915818626
-0.013730340627969633,0.013491906773113394,-0.005540288749803434,-0.0059186292639670296,0.2630576486173182,-2.6924067759544297,0.367324548972125,3.8602548772053886
-0.013778333103055786,0.013436028018840212,-0.005458006472712656,-0.006001813053645528,0.2667955083209425,-2.7040327856092703,0.2743033348258059,3.874788420870221
-0.013759367887589009,0.013460970228008198,-0.005490661521294515,-0.005964108566082527,0.26484265722718975,-2.6979351517588337,0.3131481495557873,3.8658469820925982
-0.013774316214317012,0.013453330099740531,-0.005464320334418644,-0.005972287863771132,0.26416269860015734,-2.6947702429620386,0.29099696697886535,3.857366933306507
-0.01374316071756107,0.013485720798910037,-0.005517824855505795,-0.0059253901187232005,0.26256144520362185,-2.6898704228004173,0.34842716523651984,3.85302588386175
-0.013757228183052717,0.013477535225849241,-0.00549328528031762,-0.005935155860548165,0.26222797992294494,-2.6878883608385444,0.3269045625104401,3.8467824922137757
-0.013526403121213209,0.013701536263392648,-0.005865755017766275,-0.005588189368595787,0.24995674208000632,-2.62595903211299,0.7345848730008359,3.788645636407001
-0.013546545007610643,0.013663745108992827,-0.005840350257578516,-0.005653500611445709,0.25433146265107465,-2.648282814336719,0.6909048263467242,3.823808791318775
-0.013565456420243274,0.013656024602305967,-0.005808236647755952,-0.005664332363377579,0.2535987342894452,-2.6471728782885235,0.6630726120763165,3.8157581530814
-0.013582055148324168,0.013646039257530246,-0.00578084574958236,-0.005679379845948075,0.2534851386313506,-2.648394150499181,0.6371437962969096,3.8130133868708227
-0.013596549959625245,0.013635080056540745,-0.005757386764897689,-0.005696348896768094,0.25376911670967467,-2.650926427006579,0.6133794094496005,3.813525187717914
-0.013611287300553311,0.013625323803898887,-0.005733105038768616,-0.00571089965634134,0.2538148649968662,-2.652218165035642,0.5899395095247214,3.8117766787947978
-0.0136253386469443,0.013596186171135166,-0.005713993076168753,-0.005760312739769961,0.257229957315146,-2.668012071030997,0.5565856020424523,3.8377193148221393
-0.013637054204283997,0.013584265192039542,-0.005695177776479746,-0.0057790635632048925,0.2580195557619305,-2.6716829267125153,0.5355008363662639,3.841590269578467
-0.013628003326393136,0.013616207571431024,-0.005705052823779714,-0.0057236603458265195,0.2534989065534465,-2.6519791703978455,0.5644863339724714,3.806766108215553
-0.013686741426663892,0.013545520472369005,-0.005612159091200038,-0.0058357224005640305,0.2589774032272711,-2.676720280254235,0.45260428654087087,3.8391658602255103
-0.013656191226027469,0.013578262649829536,-0.005661790283567049,-0.005785108349821932,0.25679914251026065,-2.667455502764448,0.5087708037252546,3.8287238485659
-0.013672603055633049,0.013560027272125581,-0.005635357254017045,-0.005813581594376861,0.25808277220732695,-2.6730610706241804,0.4782460862454268,3.835430176746953
-0.01370868948922488,0.013552766922731748,-0.005571811349730393,-0.005816384348435879,0.2551035638200676,-2.6608803947407327,0.43136582112442007,3.804319654929106
-0.013543288733495333,0.013685415007091951,-0.005840128070569607,-0.005614871910928897,0.25095569232126724,-2.632634137000435,0.7055304295783714,3.7955292882065814
-0.01379472412621631,0.01342499462012027,-0.005429030847268299,-0.0060151691835409965,0.26653287337280585,-2.7018765489454357,0.24814737729084593,3.8683177747549427
-0.013807948154174316,0.013411735241388101,-0.00540569469951203,-0.006033555645110211,0.2672113798255226,-2.7027623204134694,0.22395390996130252,3.8683931300315435
-0.013823821345397043,0.013395194256726698,-0.005377500061622451,-0.006056471587721897,0.26800067026517443,-2.703897991351884,0.19440090390744613,3.86885344062063
-0.013844129913288003,0.013389062727797205,-0.005341278329795226,-0.0060585899247223894,0.2664019004168897,-2.6954087312271837,0.16799025728679817,3.8501698099302124
-0.013858495622226432,0.013307140748687444,-0.005312756810751495,-0.006198539476023995,0.2787812877679925,-2.737029438767532,0.08852109732240183,3.932396573401028
-0.013878371301628969,0.013297126458880745,-0.005276347510120177,-0.006206579472852217,0.27777802493199766,-2.72984189944598,0.05950659141514104,3.917027735650413
-0.013895403106222032,0.013269479340277167,-0.0052434091477313255,-0.0062473112131703245,0.28023317873695475,-2.7346410967130557,0.018932098292911672,3.926545720995661
-0.013894658810434293,0.013286078928753414,-0.005246289938542426,-0.006217990218888804,0.27739149107477423,-2.725403294151796,0.033611729983726,3.9076274930729853
-0.01390989243815927,0.01325950922708697,-0.005216441071895477,-0.006257385537380789,0.2798624029565444,-2.730390759436286,-0.004234206951128792,3.9178339989703086
-0.013922312294931306,0.013245624139985366,-0.005192652426348573,-0.006275372009019414,0.2805530824541597,-2.7296054584174247,-0.02859543342829003,3.9164327027107153
-0.01393406780238479,0.01322730830524567,-0.005169296790217486,-0.006301427982351211,0.28206727582796787,-2.7315286520923396,-0.05614671847252834,3.920842080057774
-0.013952971988822034,0.013215097397446088,-0.005133895229754378,-0.006312248706594492,0.2814246123896267,-2.7245964229250608,-0.08529819393235245,3.9073622971058826
-0.01396932740682978,0.013184838069131222,-0.005099892355772157,-0.00635619934387979,0.2842592370221118,-2.7287786315013167,-0.12805681465953145,3.9175686398409453
-0.013970844982517307,0.013204075568835006,-0.005100496466611953,-0.006321230980046795,0.2806889940962789,-2.717453442145103,-0.11220481762998454,3.893656784117916
-0.014109014581810263,0.01304424654304149,-0.0048215139878964195,-0.006508139332349431,0.2867900012297924,-2.6854045283739296,-0.3839307635992783,3.850577486027961
-0.014068124788671832,0.01309007340722588,-0.004905365018821926,-0.006458170131693698,0.2854140091893505,-2.6987711697884937,-0.3054473891184241,3.8689555383377754
-0.014077023720018683,0.013075396957556867,-0.004885911013278196,-0.00647739880113121,0.2865824847322699,-2.698166469360167,-0.3271114028529729,3.8699721386339596
-0.014095115304093362,0.013065774563925166,-0.004851890839166421,-0.006481154426214412,0.2853513651329416,-2.6876943336589787,-0.35150120130510004,3.851332742980642
-0.013988475555857919,0.013175306121625242,-0.005064272174167213,-0.006361317948675011,0.2830317940579987,-2.719412041082793,-0.1546943769739807,3.8996322558278975
-0.014039535194054148,0.01312671587139481,-0.004964344388151522,-0.006413823671508665,0.28372395051174837,-2.704384860787273,-0.24587916938716053,3.875008920096996
-0.01400634071121409,0.01316505191750631,-0.0050308282736655635,-0.006368202255366425,0.28213750635659207,-2.711148083092516,-0.1805467677458847,3.8841756377005123
-0.014032290512571917,0.013139356468999159,-0.00497990811220051,-0.006396531751227314,0.2826528633334889,-2.7039534067632656,-0.2276508617046704,3.8726854282464305
-0.014020853397404963,0.01315261513814276,-0.005002811565375292,-0.006380766635803669,0.2821191065411895,-2.7062838789499692,-0.2051404412356468,3.875821374780473
-0.014055179778460098,0.013119366910535052,-0.004935341485597077,-0.00641615970574782,0.2826358331885736,-2.695595875783434,-0.26645907437307964,3.8588088690019435
-0.014071974518263117,0.013109685216556836,-0.004903823653500409,-0.006421548845601929,0.2816704761637674,-2.686848465627508,-0.28996896768920516,3.843162281551542
-0.014123262523098094,0.012962098467117187,-0.004769224157177741,-0.006638909322315664,0.29821665091014493,-2.7060598058738767,-0.47868834053437437,3.9060296144529394
-0.014131786026929558,0.012982158233367689,-0.004761779971220278,-0.006597631340039235,0.2933230697905937,-2.691099357269001,-0.46431319983173575,3.8732523275827746
-0.01413678139927458,0.012997678782534779,-0.0047586517337440655,-0.0065671416676133035,0.2900525067682045,-2.6808837862763153,-0.45233410057428375,3.8506851682656977
-0.014130988391401948,0.013011534261108145,-0.00477328660319641,-0.00654785732099242,0.2887043836406098,-2.680368902116338,-0.433869441921427,3.8469772678130183
-0.014121338497837187,0.013027777460764877,-0.004795161127150365,-0.006527294857026695,0.2875785463766159,-2.6819565931788767,-0.41006440905928804,3.846942868900648
-0.014166299035432239,0.012898541948497799,-0.004670192866051478,-0.006712957862101131,0.30154406416764545,-2.690870190857439,-0.5780469152377692,3.8919852914793487
-0.014173490984269269,0.012914670837265583,-0.004664616136606104,-0.006679400156072276,0.2975076952650915,-2.679117809430419,-0.5657800674359256,3.865765657360295
-0.014161707894526247,0.012924546816001543,-0.0046887175123862335,-0.006672333372725474,0.29795256837851347,-2.6861393029875993,-0.5468472575001768,3.8766670638185916
-0.014155674557828495,0.0129396059968389,-0.004704986138346288,-0.006651534277719365,0.2964265402388026,-2.6861696365362238,-0.5265147891509653,3.8731831911268166
-0.014142399778821186,0.012952381446323893,-0.004732635368081614,-0.006640372134147483,0.29654521521052574,-2.693113609614293,-0.5033093055657831,3.883478451114667
-0.014253446005628553,0.01276293329522005,-0.004458519485153221,-0.006863882207245849,0.30825423525082335,-2.649003131600035,-0.7852867527475078,3.8522976874578427
-0.014250226910224203,0.01277964065925479,-0.00447263134187926,-0.00683906002256597,0.30606600498612885,-2.648116390883946,-0.7643913752122194,3.8453079021732743
-0.014177705774790099,0.012884283171156002,-0.004644640469390588,-0.006727607230738618,0.30189549348340844,-2.685318571749698,-0.6014931820727183,3.885114139933676
-0.014195271419645819,0.012874663935553206,-0.004610587065063769,-0.00672883897200346,0.30037291243399805,-2.6725570042737634,-0.6239709798325278,3.863582220101684
-0.014229621312413926,0.012837417353113091,-0.004535679766552799,-0.006761361779936648,0.30043804808689606,-2.652279451591989,-0.6872515541581193,3.8358048423697224
-0.014219716939914438,0.01285085647347013,-0.0045585829528347116,-0.0067476247013756804,0.2999939852697302,-2.657521155715646,-0.6661481053795651,3.841829755067895
-0.014208327728680145,0.012863476810885864,-0.004583522596617179,-0.006736393934381566,0.29992309360413727,-2.6641603035336776,-0.6448947389579621,3.8508073352729504
-0.014239221105020882,0.012824803701397528,-0.004513589613734545,-0.006773822954077761,0.3007814273482848,-2.646908609357066,-0.7071976116692981,3.8294082193485717
-0.014248298649209845,0.012812001918333695,-0.004492197427883254,-0.006786915678390852,0.3012163930903298,-2.641897794276066,-0.7269799599186113,3.823835613438343
-0.014256541247316325,0.012799275080186382,-0.004472142815099121,-0.0068005051403949,0.301834974351093,-2.637479482520975,-0.7461293054471173,3.819437505901575
-0.014709237971228736,0.01176257850186474,-0.0029008626007308667,-0.007750513195027688,0.3415412474041011,-2.0297818647484065,-2.0996094626979733,3.2589411665032197
-0.014714955041969598,0.011747848633555992,-0.0028763519222706866,-0.007759194912510994,0.3415791369290886,-2.0160904419703285,-2.115775087029777,3.2447020746435604
-0.014752391593291746,0.011643407789458486,-0.002704490290223006,-0.007820823070401413,0.3418277749403098,-1.918296511095405,-2.22776133524526,3.1444850414494394
-0.014747253621687516,0.011658454761851561,-0.0027291412821649793,-0.007812052486660303,0.34173604380761824,-1.9325317471243253,-2.211931056239946,3.158985367131112
-0.014741900659276204,0.011673434748347367,-0.002753892092863681,-0.0078035328380612395,0.3416833441538914,-1.9468105621036556,-2.196125006983877,3.173695192456161
-0.01473649329792665,0.011688311671156937,-0.0027785199391393953,-0.007795045968572279,0.3417410640549348,-1.9609563481272099,-2.1803217528615253,3.188302147964514
-0.014731202331924572,0.0117031692950477,-0.0028029309000735625,-0.007786222651082052,0.34182240525463764,-1.974842469119311,-2.1643705780796445,3.2024996149568383
-0.01472595555554279,0.011718077468281832,-0.0028272888210507,-0.007777098671973536,0.3418056612253583,-1.9885720576171584,-2.1482232606089195,3.2164369429924933
-0.014720555648048146,0.011732998612960387,-0.0028517763044551077,-0.007768031673418438,0.3416931511405863,-2.0023189156715797,-2.131989190125879,3.230478944877706
-0.014703521384207966,0.011777213497603268,-0.002925201643659753,-0.007741773642194667,0.3415894790123695,-2.043289449162902,-2.0834307235821643,3.2729792316708206
-0.014697890450060556,0.011791836531776893,-0.0029493633659751395,-0.0077327453432652115,0.3416593445140678,-2.056565854867902,-2.067123047017549,3.2866658717979624
-0.014692306641595774,0.011806511954832316,-0.002973465997340122,-0.007723411642889088,0.3416887296299819,-2.0696772929290677,-2.050626390362926,3.300082293692135
-0.014686695367345603,0.011821252688139943,-0.002997611811057423,-0.0077138716861071405,0.3416672380471091,-2.082702106511921,-2.033945481655987,3.313368560434092
-0.014657647952566596,0.011895097900912602,-0.0031187061046977177,-0.007664970625229671,0.34096513497292796,-2.1467468047894567,-1.9488102569057035,3.3787940874229183
-0.014681037855586984,0.011836055974948025,-0.0030218188214860987,-0.007704156565490804,0.34160051234084315,-2.095658191708035,-2.0170826667710586,3.3265573205177827
-0.01467532759775108,0.011850911996191977,-0.0030460818662829364,-0.007694286420805754,0.341480227981462,-2.1085475071258233,-2.000049337961723,3.3396572891895393
-0.014669532565183233,0.0118657476281369,-0.0030703567568062307,-0.007684400498341778,0.34130701345913184,-2.121369767961847,-1.9829390352758118,3.3527198675888994
-0.014663628634670202,0.011880473490911649,-0.003094573744609122,-0.007674647968216402,0.34112947859710485,-2.134111993508332,-1.9658650867724745,3.3657847395233005
-0.014649724600443245,0.011951680626586934,-0.003191462482663075,-0.0076034920730575,0.3362447227463135,-2.179344027616404,-1.879070621919187,3.3981481199307173
-0.014655914158289006,0.011937143922075141,-0.003167551681063917,-0.007613278748387985,0.33635234850875856,-2.1671541086641786,-1.8962101518023697,3.385537601603326
-0.014668344865798641,0.011908018339500129,-0.003119408159465722,-0.007632336294931863,0.33649093925446255,-2.1422712311128884,-1.9301997576550074,3.35963190123494
-0.014662125959910522,0.011922578476663559,-0.003143514009048739,-0.007622900844234857,0.3364414930548513,-2.15478585292576,-1.9132687329327844,3.3726879045358182
-0.01461865467518175,0.01202435623023246,-0.0033101113992596355,-0.0075522388112,0.33539410911380396,-2.238227792667128,-1.791739306630461,3.4584799979095
-0.014625321094733175,0.012009870708409164,-0.00328597490646688,-0.00756210196267654,0.33547957787736055,-2.226308572756349,-1.8093043368263786,3.445938074076189
-0.01463708953120192,0.011980484119244445,-0.003239127901172764,-0.007584146268738746,0.33604122027202105,-2.203442635866725,-1.8448231978500986,3.4232717917638813
-0.014631372976813793,0.011995168962461986,-0.0032623598719439192,-0.007572973987446575,0.3357265038356703,-2.2147818340482757,-1.8270987430104972,3.434385357344055
-0.014653519173683923,0.011978695031718951,-0.003215558618448647,-0.007562540323068142,0.3325442775317144,-2.1861273283542957,-1.8449579520902122,3.3916812897117867
-0.014628556424918756,0.012037257586759982,-0.0033101706205750183,-0.007520704852074384,0.3317610742183584,-2.23254293307379,-1.7748101060571766,3.438972412969251
-0.014660214533102171,0.011964694867209665,-0.0031918176466534803,-0.007571079541814668,0.3325067129638422,-2.1739515774599867,-1.8613729914554697,3.3785250038971957
-0.014697537773172101,0.011833642047063232,-0.002998501189864398,-0.007681827409611778,0.3371157191898529,-2.0786837861954055,-2.015477269577927,3.2949020388771753
-0.014522408842846685,0.012266839152922655,-0.003680254164027372,-0.00734234791133086,0.3273450248372916,-2.398724409909219,-1.4846532992782822,3.6079899009734864
-0.014516045915046903,0.01228208484295023,-0.0037030633374410134,-0.007328174015307468,0.32666911790693703,-2.4076099126016293,-1.4647359709129943,3.6160044775833042
-0.014529023722597435,0.012252195965154943,-0.003657508176925256,-0.007355150816926496,0.32776124210505936,-2.3894893486577575,-1.5038131325831172,3.5991006095255043
-0.014534646588443213,0.012238042454616115,-0.0036365480694405387,-0.0073683841587007795,0.3284004236504041,-2.3812038438430534,-1.5221584464025897,3.5917787284380434
-0.014609446512878327,0.01208088207574492,-0.003380550435981665,-0.007488542574389362,0.3310941318113585,-2.266065986746885,-1.7215201362864467,3.4730843947316345
-0.014621839053465124,0.012051696874775905,-0.003334072109100122,-0.0075107814904113585,0.33167645153325437,-2.244195406148522,-1.7572864806304604,3.451218187417087
-0.014616661361652008,0.012066716516109207,-0.003356401073957693,-0.007497726585308505,0.3310739030817796,-2.254307135289114,-1.738870918577647,3.4602798634047915
-0.014549604919582734,0.01223590128457671,-0.003612990193197747,-0.007351899930482674,0.32537752784433305,-2.365523433114707,-1.526276315224215,3.5638665887681222
-0.014549361265978467,0.012210768156465364,-0.0035903096708508535,-0.00738835010594916,0.32864912022361864,-2.3607911926599994,-1.5577151286699615,3.5696603744047652
-0.01455840185174507,0.01222489396712316,-0.003590339145192734,-0.007356167304215442,0.3248244950588109,-2.3544529647914074,-1.5407233704477539,3.5496278917650606
-0.014562845413407948,0.012181342618695534,-0.0035435428661407266,-0.007412383444222445,0.32938993023942426,-2.340587346017173,-1.5954565308769177,3.5495141595608657
-0.014557085473259368,0.01219624352840433,-0.0035657453426765247,-0.00739887128017292,0.32876508388976683,-2.349808017115041,-1.5764614409646234,3.557787549984805
-0.014617904386342848,0.012092566402571015,-0.003380687408606664,-0.00746076714714841,0.32779383622151825,-2.26109142436415,-1.706547976668015,3.4561561226391304
-0.014577772107285194,0.012178831216265748,-0.003520044019530531,-0.007395897073748289,0.32635354910332337,-2.3248023453175146,-1.5992233854477318,3.5215947980775617
-0.014586045246522194,0.012167646129079907,-0.003497824557648002,-0.007400498782127014,0.32587503282648284,-2.3137470704446788,-1.613406757718497,3.507725407384777
-0.014606887899961191,0.012121014644495108,-0.0034238850468215074,-0.007436973702884475,0.32691389978218655,-2.2804680003569184,-1.6714915641376131,3.4743486815013314
-0.014616719684592647,0.012108150619558477,-0.003397745882126146,-0.007441101453129498,0.3261791212160709,-2.2669080277812372,-1.6872243778834175,3.457087916096385
-0.014595875001430962,0.012153976447052559,-0.0034710511447785517,-0.007406322251733385,0.325367791977129,-2.3004106809167713,-1.63055570704424,3.491163499414425
-0.014605828003105652,0.012137904122427375,-0.0034417752368895893,-0.007415101892321751,0.3250489779015255,-2.2861796913729244,-1.6505124222331384,3.474479908751789
-0.014392784088571337,0.012531417169699102,-0.004088970806044074,-0.0070957784546088355,0.3173239174815188,-2.545478982579836,-1.1251794656854135,3.74803479310943
-0.0143936553821546,0.012506031292196379,-0.004069456691192031,-0.007134817271172448,0.32091477746306524,-2.545610669162567,-1.1564050987564067,3.7594673212357432
-0.014401798513944105,0.012520826773465676,-0.004067275175812323,-0.0071023394744223894,0.3170581072401882,-2.5369201580895333,-1.1412849413141675,3.7368407349503756
-0.014416406537979211,0.012463551554742857,-0.004002401209528484,-0.00717521273753289,0.3224898643238157,-2.5232094579172717,-1.2161975870692372,3.737465404914809
-0.014468691735550043,0.012366098765777545,-0.0038452047724104057,-0.007262304179593303,0.32541579353795175,-2.4658431352678423,-1.3511368058842737,3.6791220010618573
-0.014462043152818668,0.012380065691105282,-0.0038667127862381206,-0.007249267188424126,0.32487165249991706,-2.473698200801014,-1.3322161257813132,3.6865340360506864
-0.014454622471170036,0.01239420146023844,-0.0038894380871740742,-0.007236761915557011,0.3244576553447675,-2.4821849226587496,-1.3128392435709735,3.6951234673156788
-0.014446865121570856,0.0124077120634072,-0.0039120917162555,-0.007225459205726829,0.32418544323331105,-2.4908184997792073,-1.2940708289139609,3.704383797965328
-0.01442511587756217,0.012450319107492678,-0.003978816851788135,-0.0071855990431502976,0.3226195776907134,-2.5142566210851816,-1.2352188282125887,3.7271340841460643
-0.014439791978378141,0.012421591970849648,-0.003933906837707265,-0.007212615619117874,0.3237266213054148,-2.498615614599085,-1.2749470660450049,3.711994411001158
-0.014433660448450313,0.012436289581355365,-0.003954808415303948,-0.007197243739424771,0.32286826674749564,-2.50530284463206,-1.25505961135081,3.7172609658481313
-0.014408670275328467,0.012477305892135512,-0.004024788661546514,-0.007162718704176924,0.3220986880982361,-2.531017561727954,-1.1967571864522188,3.74551377132283
-0.014402291646782887,0.012491909409980429,-0.004045581323627365,-0.007147176667783525,0.32122765716171986,-2.5372583174372303,-1.1767090171864776,3.7503784491107734
-0.014482551912590031,0.012365464232096095,-0.003823775934602975,-0.007246234189529783,0.3225652282318975,-2.4516530627345317,-1.3549193331742477,3.65317916443488
-0.014493583972170144,0.012355310559983287,-0.0037988599572887174,-0.007247875377267009,0.3215901515015019,-2.439513406056038,-1.3697523749222256,3.6359496235550153
-0.014526567674575908,0.012297708528993699,-0.003701253530732029,-0.007291830148492494,0.3222955667920793,-2.399195087652394,-1.4467183238845995,3.591840121177649
-0.014516662077973199,0.012311745996778216,-0.0037279006935163265,-0.007283738875444925,0.3225446284487034,-2.411152153420644,-1.4278423525613777,3.6064104121791343
-0.014507577652764097,0.012322773796202667,-0.0037507340874738957,-0.0072788760455792505,0.32305888215476114,-2.421762163441535,-1.4126710934838194,3.6201623683314232
-0.01450570407314107,0.012338952192110886,-0.0037671754450014946,-0.007257227099829371,0.32120113335899486,-2.4255417631851626,-1.3922829334760867,3.6186131805490267
-0.014265027596111285,0.012750995024991102,-0.004432872295744398,-0.006872688991905595,0.3079562923554919,-2.6407429397038817,-0.8056308786355179,3.8407523584034493
-0.014296816883626828,0.012729240544485853,-0.004368493866432844,-0.006877822097112608,0.3055417029244651,-2.6151394956499234,-0.8481147194579951,3.800429553380044
-0.014283889776702488,0.012742362359895157,-0.004396988771437057,-0.006868808848277516,0.3058356952412264,-2.6247452291381137,-0.8261051966361049,3.8138508403988314
-0.014307580436610769,0.012715904988785706,-0.0043433760519076955,-0.006889078037230204,0.3056332423766425,-2.607420307737519,-0.8691198041659164,3.790695870668866
-0.014319052422466817,0.012688459860790917,-0.004308801069965646,-0.006922377153532684,0.3077423323091057,-2.601212482843293,-0.9066457536628026,3.7888375989524445
-0.014318509534099902,0.012704582703841142,-0.004319087437291581,-0.006896703330402617,0.3052954707444633,-2.5990165526756557,-0.8877863675737766,3.779093648381635
-0.014381679786070781,0.012563747003457576,-0.0041289475304863025,-0.007056939255645599,0.3146999021552798,-2.554645063027143,-1.0819509537070857,3.7511867177216938
-0.014390752213801213,0.012547332886475257,-0.00410330961165169,-0.007072923026221646,0.31533291891019605,-2.546683274769245,-1.1051832558507764,3.74340174966581
-0.014391485156163855,0.01258032108194488,-0.004124634901579675,-0.007020050354298202,0.31026564784371674,-2.5437904087229057,-1.0660076828176963,3.724337408993366
-0.014383067454452454,0.012594969042500582,-0.004147674261193537,-0.007005958176924873,0.3097215848292802,-2.5508457500803865,-1.0452938695230947,3.7314001687122498
-0.014372873759675435,0.01260966486623825,-0.004173458704001442,-0.006993504976940185,0.3095028611958486,-2.5594358684210268,-1.0237166621269946,3.7413743030018396
-0.014337552475657244,0.012677956020447382,-0.0042725994806752645,-0.00692071438992277,0.30591412190117556,-2.5850566274434565,-0.927982807417547,3.7627894803235296
-0.014355296570795914,0.0126643527117513,-0.004235871240713986,-0.006924514153926643,0.30468604509889413,-2.5699876912031283,-0.9521167387337374,3.740005611759049
-0.014369980724435094,0.012647686463740496,-0.004202181461880571,-0.00693601798186623,0.3044083011758632,-2.5580244204158835,-0.9780659146982941,3.7242013305802426
-0.01438294853949037,0.012630103094297981,-0.004170563012520743,-0.006950435203827787,0.30461454672821864,-2.5475290370754426,-1.004130958297143,3.711601650066065
-0.014815572623889014,0.011448560971048545,-0.0023836754209038513,-0.007924265771519064,0.3405412388011846,-1.725329648716718,-2.4222451391774054,2.9468415760731936
-0.014820057774931642,0.011433306652592337,-0.0023586560816011453,-0.007931918801011377,0.34050135287965494,-1.7097819990264267,-2.436728135462959,2.9310200281126275
-0.014824373467114635,0.011418024180458225,-0.0023337110784549774,-0.00793971515456172,0.3404263845522489,-1.6942444059555901,-2.451192987904895,2.9153204291869717
-0.014832887126103674,0.011387648665677411,-0.0022840257161598127,-0.007954801159124954,0.33993477394798993,-1.6630348433782973,-2.4795754449060237,2.8837073283860852
-0.014828583331802321,0.011402792087877705,-0.002308880890670603,-0.007947469192529345,0.3402376984800352,-1.6787112202850274,-2.465526973208318,2.8996620063985783
-0.014853876774797443,0.011369129081624565,-0.0022385366523982237,-0.00793622048637556,0.3352837583284432,-1.6312258279912315,-2.48640754859504,2.8365177042817944
-0.014849113218144146,0.011384153462406338,-0.002263577467211298,-0.007930099149939812,0.3355918917770713,-1.6472181220465354,-2.473123437853165,2.8533114476264356
-0.014777478132813215,0.011568901814882392,-0.002581928203115391,-0.007862270705883636,0.34130200467215105,-1.8461536545620654,-2.3043849388246067,3.070635676632022
-0.014796605193740443,0.011508725489901367,-0.0024831390616135564,-0.007894525201685638,0.34101853042552516,-1.7866688962421422,-2.3643715862319783,3.0099602103974994
-0.014791935922198908,0.011523683654450884,-0.0025076912807175424,-0.007886622660888042,0.3412258635892275,-1.801572805801878,-2.3496159556451555,3.0251508382867986
-0.014787294043095476,0.011538739808024542,-0.002532285178662753,-0.007878399785380076,0.34131453685940816,-1.8163848401557818,-2.3346083134526805,3.0401533610462192
-0.014782487413575603,0.011553845147748548,-0.0025570581406085644,-0.00787022727791241,0.3413075646630997,-1.8312524628088582,-2.3194915708716533,3.0553023338214556
-0.014783644015845874,0.011595866984301284,-0.0026096810837689197,-0.007822666971826016,0.3372206254349235,-1.8591785682659163,-2.2697700167166306,3.0699657366180415
-0.014789065236978071,0.01158111639979436,-0.0025849958174628675,-0.007829824292176919,0.33701886384622654,-1.844414975643714,-2.284391812073867,3.0543747541952513
-0.01482785356075965,0.011460796381656828,-0.002387598978351262,-0.007890979305776114,0.3360131533992434,-1.7245497035463728,-2.4012894502420696,2.931130097217641
-0.014812987912319069,0.011505765140501176,-0.0024621472782081024,-0.00787003907140948,0.33665609821741116,-1.7705574792691803,-2.35884691407073,2.979110258606227
-0.014823052186128628,0.011476007243867227,-0.0024126287666837373,-0.007883686431346923,0.33619266688035926,-1.7400299879810601,-2.3869547428123816,2.947111028126755
-0.014818046182613924,0.011491004346499885,-0.0024375379625262462,-0.007876783084866943,0.3364210727564229,-1.7554126066471405,-2.3728275435949837,2.9631964900586323
-0.014778457809470137,0.011610502979376344,-0.0026339168845691077,-0.007815078844044211,0.3373401260866817,-1.8735389215016232,-2.2550309202022185,3.084919230989149
-0.014773727649485863,0.011625265778067773,-0.00265775405977222,-0.00780643692080197,0.33730365356127284,-1.887445255744881,-2.239807227915485,3.0989042469516495
-0.014769100282238753,0.01164027625839629,-0.002681721624767174,-0.0077971861411233025,0.3372108043118845,-1.9012870781193862,-2.2241271777788376,3.112605868292027
-0.014862359277860851,0.011281120826230501,-0.0021085737749825567,-0.008002888149519992,0.3384294177143086,-1.550287608812421,-2.574809117715015,2.7684562817888607
-0.014858214545726419,0.011296286294751809,-0.002133644247240694,-0.007996476801199687,0.3387586028555405,-1.5666367582099727,-2.561656498649476,2.7852505776957646
-0.014854209725872524,0.011311482632124283,-0.002158586619577368,-0.007989616780632357,0.3390855101023917,-1.5827806962795863,-2.5482330573105503,2.801659123359465
-0.014858540141779902,0.011353858601977814,-0.0022132161130651445,-0.007942573846773646,0.3349900943140876,-1.615014527021829,-2.499863238865744,2.8196133262053897
-0.014862873204493204,0.011338356202743578,-0.002187843166253605,-0.007949542092449545,0.33477483354412646,-1.5987727103350624,-2.513627900981515,2.80299891264116
-0.014866641351612225,0.011322820617371958,-0.0021628948086662614,-0.007957350244790724,0.3346962821080151,-1.5828393870623663,-2.5276555991502545,2.7871845532921937
-0.014889514085497518,0.011173846503300361,-0.0019319104566686942,-0.008047143713093846,0.33670819936345436,-1.4334875325085183,-2.6650466640449184,2.6492145369233033
-0.014866518500694266,0.011265894017324434,-0.002083362886213709,-0.008009153776705365,0.33820883999468515,-1.5337727198405944,-2.5878625951041028,2.751451473264449
-0.014881764649492866,0.01120447544266575,-0.0019825629435541955,-0.008035382394877022,0.33733832485858123,-1.4673683391356478,-2.640039189877113,2.684015106806548
-0.014878022172400569,0.011219790404739171,-0.0020077171924217023,-0.008029000020974642,0.3377128355218168,-1.4840492676421209,-2.62720530162322,2.7009666396212864
-0.014874355646099522,0.011235166710968044,-0.0020328469520474904,-0.008022254026547592,0.3379581539912026,-1.500604926079677,-2.614113735721583,2.717666198577964
-0.014870546145057903,0.011250562493298763,-0.0020580783073567382,-0.00801556986585991,0.3380853575545226,-1.5171790563036236,-2.6009570638214536,2.7344656051651057
-0.014902007964505894,0.011185117346098575,-0.0019377651303695883,-0.008015278511911998,0.3326088661505568,-1.4351702316929182,-2.644071843807048,2.6366018122571617
-0.014897837909066243,0.011200344687063268,-0.0019630491928278875,-0.008010035140709111,0.33299409454388224,-1.4520966198300622,-2.631999402764088,2.6542805559425506
-0.0149036116826744,0.011112185466680032,-0.0018306709466688273,-0.008071410264411744,0.33565520011243155,-1.365259594322705,-2.714635701928873,2.579975329113084
-0.01490015452305409,0.011127548650600174,-0.0018559163205126574,-0.008065527944452465,0.33606351001724205,-1.3823788154772618,-2.7024629581522053,2.597362634717493
-0.014896783548689285,0.011142976560184066,-0.0018811438343161837,-0.008059262081674514,0.3363360129302078,-1.3993800365360134,-2.690015471618173,2.6144963515222415
-0.0148932566722736,0.011158431108073609,-0.0019064892383617493,-0.008053080537843699,0.3365184192963358,-1.4164172492343752,-2.6775098128967723,2.631758862282837
-0.014923506869360982,0.011092450297190297,-0.001786253169728127,-0.008050454282477942,0.3308851692507068,-1.3329372835237343,-2.717217685488031,2.5324861079215943
-0.014919598991151155,0.011107723823488784,-0.0018116086937111536,-0.008045760171436897,0.33131581732831034,-1.3502782771986566,-2.7058458909064567,2.5505969721645587
-0.014927314630658292,0.011076959736143357,-0.001760628444581481,-0.008055319890308778,0.3304657891896609,-1.3153714660200224,-2.7287095372856562,2.5142414706085905
-0.014923882410811535,0.011019418236296112,-0.0016778813724294614,-0.008104307045063165,0.33379626230134224,-1.260310848955281,-2.785287680734768,2.4730439565692275
-0.014930880557654484,0.01106123970786757,-0.0017348170473199997,-0.008060621110578842,0.33009539943882743,-1.29765745169264,-2.7404508432834542,2.4960749356916545
-0.0149340017293813,0.011045447999332101,-0.0017091907783530478,-0.00806661004539455,0.3298276407601964,-1.2800727127161275,-2.752471403008801,2.4784245196564387
-0.014936838451731285,0.01102986688001241,-0.0016840383295879584,-0.008072788359293011,0.3296316338245125,-1.2627804663436313,-2.7643864025281015,2.4612519535009407
-0.014936212517505952,0.010957494409073038,-0.0015760229924657394,-0.00812493156385447,0.3322896288402654,-1.1892327329513357,-2.8302552683922957,2.4008584112264195
-0.014933160421962058,0.01097297622282503,-0.0016015208810311223,-0.008119984509519071,0.33273375677181677,-1.207123460574371,-2.819224273489793,2.419062070560735
-0.014930162690171611,0.010988477745929474,-0.0016269757855706683,-0.008114745064321456,0.33309552969403594,-1.2249005158731296,-2.8079715119869895,2.4370570015016497
-0.01492705451370732,0.011003970780447257,-0.0016524581249090246,-0.008109539011401714,0.33341936039652365,-1.2426508471524789,-2.796663269351479,2.455085096488179
-0.014994382002539565,0.010583088576303065,-9.597374588756136E-4,-0.008220471350309773,0.3222201420904453,-0.7417884892299184,-3.0616905700671495,1.9473398491705105
-0.014996353986882894,0.010567368504844696,-9.337995133903025E-4,-0.008223136405696408,0.32180918994112545,-0.722346812160317,-3.069744794752172,1.9275494150361647
-0.014999685267484774,0.010535828023638437,-8.819485296490303E-4,-0.008229158384035361,0.32103513144028367,-0.6834412447409556,-3.0860520071391417,1.8883924368882858
-0.014998115893887621,0.010551585613497385,-9.078274115868907E-4,-0.008226055368317444,0.32146324425735523,-0.7028700274997784,-3.0778882045814187,1.9078803743468284
-0.01500126441274835,0.010520130983939363,-8.561407845207551E-4,-0.008232038677022971,0.32050647522040626,-0.664009962437606,-3.093996043753782,1.8688471246415246
-0.01498459282520763,0.01066136973483131,-0.00108859502010115,-0.008204446401743162,0.3245271751236822,-0.8375941989209625,-3.01895625417886,2.0442421818334364
-0.014986742686626885,0.010645710376839425,-0.001062777179995223,-0.008207639723589224,0.3241438742960105,-0.8184741207258298,-3.0276473385468177,2.0248104443514716
-0.014992331349940982,0.010598730403693558,-9.855682903720149E-4,-0.008217811778228827,0.3227779639395422,-0.7611187076712816,-3.053594422788993,1.967058063218959
-0.01499043785575914,0.01061435866845861,-0.0010112923710700443,-0.008214673642021468,0.32335790275106274,-0.7802929366394946,-3.0451678176246144,1.9864370042234654
-0.014988676658339745,0.010630021126785275,-0.0010369881706719893,-0.008211085193436066,0.3237994533136837,-0.799364230931724,-3.036410245811817,2.005547062060788
-0.014971465898261767,0.010754969289835064,-0.0012425531441180241,-0.00818214890660087,0.32719222908176326,-0.9505365364317261,-2.963728333765627,2.1584219730222673
-0.014973813952554748,0.010739351668242409,-0.001216849918975208,-0.00818601222286581,0.3268191472432101,-0.9317933397642788,-2.9732039484153234,2.139434041499507
-0.014982383766483092,0.010676964048178125,-0.0011143177484491075,-0.008201219579470618,0.32502336714010527,-0.8566092190974889,-3.010197339355692,2.0635876166801785
-0.014980243955513714,0.010692526720863814,-0.0011399355130161427,-0.008197696662626526,0.3255612604481533,-0.8754830656730505,-3.0012196186848565,2.0826907074222345
-0.014978165458171128,0.010708104826306677,-0.001165521779489517,-0.008193870667245147,0.32604136716562576,-0.8942633464307342,-2.9920030466061234,2.1016015640736323
-0.014976045476747177,0.010723720152756218,-0.0011911588586212831,-0.008189927641122675,0.3264498509094818,-0.9130267346631012,-2.9826372569656208,2.1204875871168665
-0.014997935129890913,0.01067104937261891,-0.0010974902414026893,-0.00817407092984439,0.32080194537141177,-0.8432768618353247,-2.9980153366351376,2.036082227790565
-0.014986956843082835,0.010360917504742087,-6.015639133375914E-4,-0.008311448513613142,0.3230867501409084,-0.46942310633269607,-3.201082300338688,1.699387339294332
-0.015001422716881152,0.010354104325124574,-5.86543905397638E-4,-0.008284030772503002,0.3171149707813605,-0.46163737433611857,-3.1864424147379355,1.677811251166134
-0.01498806588318487,0.010345251712533228,-5.754640206940884E-4,-0.00831329621872982,0.32198956826731223,-0.4494016857420962,-3.2076992452160464,1.679029690119462
-0.014985798598725458,0.01037657978297736,-6.27633900170768E-4,-0.008309520589546412,0.32526417010473424,-0.48933916549927253,-3.1943368149804097,1.7196382982648262
-0.015000234112369762,0.01036979752592719,-6.125522121362111E-4,-0.008282250971490821,0.31733043286564566,-0.48163855231566544,-3.1798231113735302,1.6979795630507166
-0.014999041969359521,0.010385491857319478,-6.385535239685139E-4,-0.008280300600398208,0.317439399922417,-0.5016534399740208,-3.173025590958735,1.7181062072704076
-0.015002918671822739,0.010504439086632789,-8.30295226691221E-4,-0.008234591014568972,0.32000215072239313,-0.6444921655511084,-3.1016788715033705,1.8491036371069798
-0.015004477767970452,0.010488722338581155,-8.044265886408311E-4,-0.00823715940480011,0.3195810031579629,-0.6249301450058243,-3.1093044211583205,1.8293624472230638
-0.015005875244124035,0.010473025060704825,-7.786262779967387E-4,-0.008239858027465031,0.31913187707265994,-0.6053965098369128,-3.116924970354967,1.809755075792
-0.015007275661859679,0.010457367104508323,-7.5286958974536E-4,-0.008242358435107518,0.318594879970991,-0.585844516037996,-3.1243477954486285,1.7900836693574156
-0.015008755782364935,0.010441704059824553,-7.270635556239016E-4,-0.008244525282495627,0.318057898227797,-0.566197708829831,-3.1315094398482812,1.7702035249134112
-0.015010197746382152,0.010425994581266099,-7.011812791852314E-4,-0.008246602763194192,0.31759995142387526,-0.5464595709108471,-3.1385631991268395,1.7502284054699075
-0.015011501695065542,0.01041024464916058,-6.752611841011371E-4,-0.008248784427334557,0.3171785408185864,-0.5266719801723417,-3.145619035144961,1.730290994223344
-0.015012669236675219,0.01039448718039246,-6.493520976755981E-4,-0.008251056595948644,0.31671197539784984,-0.5068651304392054,-3.1526587925958194,1.7104183926571583
-0.01493936036691263,0.010941981863938311,-0.0015503825585604827,-0.008129542692010397,0.33188705887203934,-1.171159504142562,-2.841064275026831,2.382345618446758
-0.014942414728141007,0.010926386338168573,-0.001524648528821266,-0.008134204710638011,0.3316031785209211,-1.152986332750501,-2.851857399242343,2.363787040582004
-0.014952175392030463,0.01095242228788267,-0.0015575374440544255,-0.008098577354826093,0.32797502990452504,-1.1746628459651183,-2.8201723479478633,2.3718759015883086
-0.014953425864914787,0.010864157216271228,-0.0014223876672330071,-0.008153229804414476,0.33000231524550805,-1.0803732458214281,-2.894347890766739,2.290278388514668
-0.014950651308200646,0.010879626994970514,-0.0014478825441442652,-0.008148837025208985,0.3305197289606973,-1.098587828907773,-2.884059127417544,2.308812741240946
-0.014947968642511666,0.010895139533004347,-0.0014733541495312878,-0.008144067197179706,0.33098960936180793,-1.1166974036151354,-2.8734903784607018,2.327110482888704
-0.014945260839273647,0.010910741874791782,-0.0014989429091927223,-0.008139109289335129,0.3313467446305669,-1.1348201940083191,-2.862710897909471,2.3453891396613127
-0.014969355130811823,0.010858716043182767,-0.0014042621839486956,-0.008126469505098046,0.3257162065607859,-1.0660545384309297,-2.883520239701999,2.2615600632198927
-0.014972614503119194,0.010843084356703865,-0.0013783532672895487,-0.008129749281012915,0.3251650043689114,-1.047442452300306,-2.8931216746161663,2.242132930794575
-0.014975478569054177,0.010827222757315976,-0.001352306045488503,-0.008133731585494961,0.32469473825650047,-1.028730486614528,-2.9031112607214493,2.222968520184915
-0.014980141153760453,0.010795814667645613,-0.0013012240280076209,-0.008142987819876176,0.3240065501540665,-0.991971625622771,-2.923381224289099,2.18613603869041
-0.014977861857620569,0.010811429609786339,-0.0013266149825710075,-0.008138402025937658,0.3243553788539852,-1.0102693797848437,-2.913345554571844,2.2044562660151708
-0.014982518310058202,0.010780260909143585,-0.0012758392072864408,-0.008147176270796919,0.3236393853345694,-0.9736117590187642,-2.9331094512645692,2.1676095139239924
-0.014984999830432269,0.01076465760016606,-0.0012502928387793293,-0.008151015955655976,0.32319760711181034,-0.955068434267126,-2.94260346756954,2.1487619959033197
-0.01124342629880737,0.0051570782538395065,0.00807139082277844,-0.002072367034531221,0.7168908494015248,2.2426999280045505,2.26647951960014,-1.3091130827995843
-0.011239274422206335,0.0051416209349898975,0.00805596028212791,-0.0020549138711545424,0.7063290383452582,2.226595028554985,2.2533419964912276,-1.303959648760894
-0.011228203096582519,0.005153195160361302,0.008077864463768835,-0.002046987834154344,0.7142121165296925,2.223852211077964,2.274546032306796,-1.2930738847006114
-0.011224011115151521,0.005137732867455451,0.008062407515812558,-0.002029606636377709,0.7031362088386199,2.2079095730769693,2.2613641015388875,-1.2879378133042554
-0.011212967710514188,0.005149359904790919,0.008084260491152656,-0.0020215803082833453,0.7119508645815528,2.205010635818681,2.2825174689730288,-1.2769790871192115
-0.011208726109767921,0.00513391611860302,0.00806880719657197,-0.0020042801595241857,0.6999515165906486,2.189207947628048,2.2693083404675662,-1.2718589944542176
-0.01119772030275495,0.005145572528467586,0.008090572493189998,-0.0019961699371543024,0.7089370007728797,2.1861827558420024,2.290363878071928,-1.2609077341157269
-0.01112130860346941,0.005127355233983758,0.008120937440665672,-0.001868803672402751,0.6927426907598072,2.0911663575885013,2.327723377468653,-1.1799791516934186
-0.011136613692675218,0.00513090261818238,0.008115011179696745,-0.0018943718415575994,0.6932727971896765,2.1101896185828464,2.3204138876231286,-1.1964848349463253
-0.011132029984350202,0.005115203073919557,0.008099268941222091,-0.001876989776921117,0.6838859910847926,2.0954507786865197,2.306971267770139,-1.1913689510236416
-0.01115190756865576,0.005134498077970416,0.008109009359544008,-0.0019199014924261668,0.6949235290525143,2.1292910819072044,2.3130353704010784,-1.2128218478393098
-0.011147444474974774,0.0051188631326171885,0.008093322887421081,-0.001902564850307149,0.6879511575637426,2.114278511309337,2.2996634375716742,-1.2074896078294897
-0.01116719007004694,0.005138141575448354,0.008102940089189086,-0.0019453587654510494,0.69919664799857,2.1483622863463294,2.3055998567338643,-1.2289267250296776
-0.01116281096452596,0.005122619354225269,0.008087370739520988,-0.0019281013177467542,0.691434507279654,2.133065089312055,2.2923159262635546,-1.2235594266082404
-0.011182461035313318,0.005141833072035735,0.008096797584308426,-0.001970768584011079,0.7044756622642393,2.167321592768502,2.2980571162550736,-1.2449079539557655
-0.01117813256594153,0.005126391927727057,0.008081321536263114,-0.001953555359482669,0.6942991641387811,2.1517978747219324,2.2848256235432625,-1.2396358173030906
-0.011193432901716859,0.005130149843083896,0.008075127711825274,-0.0019789379906116644,0.6970157929130593,2.1705050878783023,2.2771468360921463,-1.2557446769790903
-0.011364753797800303,0.005189859973827203,0.008016745908781995,-0.0022746079788125415,0.7381496900922894,2.3927461502355634,2.197597544723823,-1.4372890446666586
-0.011361006177289934,0.005174265822606233,0.008001258625513668,-0.0022565993815441723,0.7292553710267007,2.3753791988240103,2.184561239117325,-1.4310628853059406
-0.011349633918850095,0.005185595749722576,0.008023850926242202,-0.0022494153097317557,0.7348415820671671,2.3739356932056115,2.206577932218914,-1.4214871346646507
-0.011379860028177457,0.005194171632003687,0.008009569030270504,-0.0022997524551173296,0.7425119401382316,2.411449423177357,2.1885113945673793,-1.4529625850701864
-0.011376144020961139,0.005178634261199564,0.007994157428010603,-0.002281739800578038,0.7315747502703829,2.3938649602831252,2.17552542804542,-1.4467757827533563
-0.01139495244676372,0.005198530675796427,0.008002309506547007,-0.002324886722070075,0.7458615411977673,2.4300561857694136,2.1792665849343416,-1.4686338529311926
-0.011391276517647547,0.0051830028500833856,0.007986917818840452,-0.002306834631598412,0.733770159011513,2.412317775752692,2.166299387332678,-1.4625086215310832
-0.011410030890272255,0.005202937056022924,0.00799496489738028,-0.0023500192438934255,0.7480169552915447,2.448620532245858,2.1698680603258653,-1.4843273136038837
-0.011406401450317146,0.005187395051182535,0.007979568905445057,-0.002331894339176339,0.7362016469035679,2.4307479042342197,2.1569274145039947,-1.47822324953488
-0.011425095195354026,0.005207390722771273,0.007987541449237155,-0.002375128633845122,0.7502994825804467,2.467167259512063,2.1603507612132526,-1.4999945601986806
-0.011421508518366602,0.005191842394221948,0.00797215312833749,-0.0023569294199909693,0.73872204789989,2.449153852658238,2.1474536780136337,-1.4938855256517805
-0.0114401451986046,0.005211891625397759,0.007980042852674354,-0.0024002024436361835,0.7531401263873366,2.4856777710624978,2.15072294247768,-1.5156152695541907
-0.011436597002999377,0.005196342598168178,0.007964667773403288,-0.002381939640773698,0.741074023940088,2.4675240841033705,2.1378663562661124,-1.5094980462048648
-0.011455180736571003,0.005216439712524502,0.007972467999561094,-0.002425244410306008,0.7561663577735497,2.5041305101305578,2.140971806752879,-1.5312110794835794
-0.011451667973262523,0.005200877146072356,0.007957091866280396,-0.0024069124854173007,0.7432511724293804,2.485847993934165,2.128139696632147,-1.5250700196405125
-0.011470201646392161,0.005221034932232109,0.007964814570190267,-0.002450262127050714,0.7591953244512949,2.5225227342250203,2.1310868040051667,-1.5468141778007374
-0.01146671996749002,0.005205435156028815,0.00794941515925301,-0.00243183605101118,0.7453211208443816,2.504119659645626,2.11826293801313,-1.5405984269556312
-0.011485207893971856,0.0052256772719385955,0.007957077774844962,-0.002475271050962498,0.7615145660427692,2.540873806536429,2.1210533129454356,-1.5624543268468514
-0.011481761828603443,0.005210016943582099,0.007941631146298617,-0.0024567207906181047,0.7473960206306893,2.5223430613918407,2.10823083344367,-1.5560821588851812
-0.011500199429168908,0.0052303667150690415,0.007949254561554061,-0.0025002808292195955,0.7624536977613698,2.5592238134148517,2.110869102161299,-1.5781138204836758
-0.011515176111420448,0.005235103217132526,0.007941352562133465,-0.0025252670285655864,0.763258152487217,2.5775928481371135,2.1005706548400145,-1.5937037999866106
-0.011511845932848125,0.005219364307077683,0.007925838695861859,-0.0025065029672345866,0.7522509831984053,2.5587368445259604,2.0878359661696435,-1.5868991640150176
-0.011496806146744663,0.005214647004828322,0.007933756427918217,-0.0024816020505668084,0.7497174227068409,2.5405423702476564,2.098069777677958,-1.5715197197976754
-0.011708457009234034,0.005300938961069021,0.00783163803350946,-0.002847367394219521,0.7880980528673923,2.8120198660022897,1.95553499472114,-1.7908849675838965
-0.011705838350852331,0.005285156278929118,0.007816091229889527,-0.0028278757204301844,0.775689597734575,2.790808980652221,1.9436445903873116,-1.782352064372325
-0.011693686304088874,0.005295594968187607,0.007840542907940127,-0.0028227547038830627,0.7865636845013325,2.7943608188288622,1.9674602340733205,-1.7760759047766763
-0.011691009647435168,0.005279835729215921,0.007825025688914621,-0.0028033324673505454,0.774331812659628,2.773285824167228,1.9555248838683148,-1.7676055175684644
-0.011678898899739066,0.005290297410190857,0.007849364207907775,-0.0027981313843172023,0.7840493816909904,2.7766251481550284,1.979221661768132,-1.7612801462659131
-0.011676176730808771,0.005274533758144921,0.007833841378089247,-0.0027787496883212473,0.7730844214629168,2.755695559724049,1.9672378555651087,-1.7528115960231994
-0.011664094939289061,0.005285046338188198,0.00785810769295552,-0.0027734814532643843,0.781175392130466,2.758779139673449,1.9908363714999346,-1.7464529364718429
-0.011619585149978953,0.005269572541305844,0.007883912413359267,-0.00269925540681199,0.7781571948094473,2.7048981199384863,2.025077325610742,-1.701253578093528
-0.01161667445781171,0.005253763587115233,0.007868298965539429,-0.0026801204784919655,0.765908507406119,2.684746395501073,2.012754039997674,-1.6931963437708948
-0.01160471639292431,0.005264507913819306,0.007892350145718959,-0.002674484080982744,0.7757052045115239,2.686862108898897,2.036220953811016,-1.686064203495459
-0.011634437921711378,0.005274683853955189,0.007875388148099266,-0.0027240253851770362,0.7791012439162174,2.7228767206203486,2.0137784062749717,-1.7164189434475512
-0.01163157109791922,0.005258844456283134,0.007859758737290367,-0.002704776916119457,0.7676792739214237,2.7025196701564433,2.00151320754758,-1.7081727118290402
-0.011649274565685586,0.005279841802758872,0.007866782649341418,-0.0027487786385108656,0.7794948244981136,2.7408431790308385,2.0023510118128596,-1.7315076336625885
-0.011646464638035953,0.005264000987382174,0.007851160852298688,-0.002729447456098788,0.7697204355306004,2.720284874136255,1.9901769376791378,-1.7231067904264055
-0.011661333914076125,0.0052692439475921895,0.007842535607946637,-0.002754117262614687,0.7716206886168465,2.738024263150803,1.9787703395288805,-1.7379831747244696
0.015323189069966282,-0.010133117150242748,1.935714501357349E-4,0.007708045958806717,0.25057522030441787,-0.14498075858820195,-2.9052606761181203,1.1012789666068798
0.015328649446600149,-0.010098536790854129,1.4329573292973946E-4,0.007700443371563595,0.2490974678174239,-0.10642468645385532,-2.9081818396356622,1.0592970975155378
0.015351393921330489,-0.010069693972215327,1.0083215920384382E-4,0.007660716534696321,0.244883472289205,-0.07330134605622478,-2.8904181171086627,1.0103081198548323
0.015402751327322894,-0.009910734039204127,-1.2322537277571907E-4,0.007567103764822344,0.2340983723870159,0.1000430409070499,-2.862385979984994,0.8015353015105253
0.015381334331731654,-0.009962269261561593,-5.182780208323697E-5,0.007607456754818651,0.23846907613972362,0.0449172224994436,-2.878319011061706,0.8715574125816464
0.015376208361711972,-0.010026504464523632,3.886304401406605E-5,0.007617247523579652,0.24028099453105575,-0.025043936272465456,-2.872771088950333,0.9450675016337777
0.01534851182096508,-0.010201687016881199,2.8949575381907565E-4,0.00765572094069322,0.2469551176818355,-0.21747950307656402,-2.8589929906725398,1.1544023384978088
0.015350226552701664,-0.010161111657658997,2.3144890950197957E-4,0.007656923245254058,0.2465705372992743,-0.1734592699020881,-2.8687890768694224,1.1100017490637784
0.015314317067421904,-0.01034873914560482,5.052406170165323E-4,0.007693033612190398,0.2545410445767064,-0.38175099818206054,-2.8435713569350765,1.3381156060209467
0.015332499076607229,-0.010301648243494468,4.343925783007258E-4,0.007669586100698336,0.2507702935998562,-0.32768413829381693,-2.8425885274451015,1.272867657355855
0.015368700299396895,-0.01027277682640756,3.873665401414809E-4,0.007609894171409434,0.24466377365154335,-0.29080197881261455,-2.8154927091812714,1.211632900465311
0.015378975484217312,-0.010232355844616951,3.2904001619810607E-4,0.00759755191552764,0.24263440793697147,-0.24631736239093413,-2.8180293522777187,1.1612795223294545
0.015295605515835368,-0.010604426229321404,8.733677432156139E-4,0.007652529637140726,0.2589742826442098,-0.6540376703862835,-2.7434327586742477,1.6088332208410545
0.015333125841781625,-0.010626116337739704,8.896399044893077E-4,0.007578730229587436,0.2520387864209891,-0.6628784921471339,-2.696951697086111,1.5897816511953229
0.015305829818323836,-0.010459485765875099,6.654009281984469E-4,0.0076811666303957474,0.2569279738354281,-0.5013654609695668,-2.8050966646001627,1.4582976324422898
0.015309445232342275,-0.010493365987240126,7.123930973795631E-4,0.007664946121024829,0.25619958459272946,-0.5357311649711721,-2.785809029605659,1.4880395600159015
0.01530777390467573,-0.010545711754286556,7.86737273880061E-4,0.00765145150149899,0.25663192953280617,-0.590247180223893,-2.762074589580394,1.540424151594899
0.015345958753174238,-0.010385717119575092,5.508136869004391E-4,0.007628387207904797,0.2491780276663449,-0.4142111250816279,-2.796873641251367,1.3465106425377327
0.015325581336387858,-0.010426302652996289,6.130419721921287E-4,0.007654775784983831,0.25311863700943654,-0.4614116094386694,-2.800214376810495,1.4060185883368927
0.015365241382492607,-0.009785543477901747,-3.0283931675134526E-4,0.007621524084265168,0.2377604105780793,0.23962319849404598,-2.913930870566039,0.6854052157067808
0.015381931245959105,-0.009828054345088353,-2.4085311192365293E-4,0.007597023437062272,0.23575017598338857,0.19142229786917048,-2.8929663159651096,0.7231656387664931
0.015417569924448302,-0.009856460166471771,-1.9764079273795588E-4,0.00753681851544876,0.23113739835554134,0.1576161323619191,-2.8519377901736256,0.7332049844468491
0.01539482150122159,-0.00974303418474218,-3.580285324926505E-4,0.0075626255964898305,0.23258815460532248,0.2825057216795246,-2.8828508322045656,0.6211968698051397
0.015419411375994794,-0.009649209582198304,-4.82819580802989E-4,0.007501891370131735,0.22710787986853956,0.3789209237900594,-2.8552266283803807,0.505136483454021
0.015416013860916159,-0.009693870538024844,-4.222698718075813E-4,0.007516765818213638,0.22822528658651012,0.33222424755447105,-2.8599679399644544,0.5557374879575055
0.015472579675373094,-0.009510976782747087,-6.551036881032067E-4,0.007375728989456732,0.21737757578697886,0.5116299600305101,-2.7881369503757227,0.3326451398926679
0.015459767263864862,-0.009560415571534347,-5.930901558712328E-4,0.007411044671347094,0.22015129761186045,0.46401840921053195,-2.806682644368663,0.3906278494164854
0.015442970217748217,-0.009612186577796361,-5.278531814583731E-4,0.00745270075394345,0.2232015242488654,0.4136675096802713,-2.8283068354414005,0.45379102877929517
0.015457793123069686,-0.00905515060022653,-0.0012428187997840948,0.007213930277275515,0.2124106118912632,0.9641844300720451,-2.6939598796988684,-0.1441468530905099
0.015484696034063905,-0.008976611632405013,-0.0013230124484823742,0.007128311768873108,0.2082727342663932,1.0220387055345592,-2.637693734341435,-0.2251105110159264
0.01550556425458614,-0.009288694415845957,-9.303628856296174E-4,0.007244238716163226,0.20977118728507632,0.7221716450868302,-2.7148118324222845,0.08848490487823998
0.015508329616049716,-0.009102650685216299,-0.0011591254229347354,0.0071567940080767296,0.20682603063121147,0.8962496438672595,-2.6600163980425378,-0.1013746652236743
0.015499895985301373,-0.009168213484518259,-0.0010828846729774482,0.007201635816964493,0.20877441988792494,0.8393163470208344,-2.6885889005559562,-0.03425859771788086
0.015505249909198913,-0.00923634107037342,-9.96054646502287E-4,0.007223132743675223,0.20934352085495508,0.7727044478758399,-2.7021975466030956,0.03442203195928296
0.015474356534217084,-0.009415249908976107,-7.799028454926003E-4,0.007342848442737626,0.21577307207704563,0.6081689580526719,-2.772558905631494,0.2296311576973795
0.01548623807969202,-0.009362226560793156,-8.441963899245192E-4,0.0073043264270530395,0.2131044576549551,0.6570254360586157,-2.750586345646997,0.17023212200046037
0.015531027418945284,-0.009331181944680536,-8.671672764774995E-4,0.007218823028917171,0.20734323169502752,0.6721495192444565,-2.698371259600495,0.12634527327239062
0.015518265118853125,-0.009472740205289992,-6.915197914110024E-4,0.0072875831903399454,0.21110340791921495,0.5377253979344725,-2.735654693538802,0.2764408862207881
0.02257672790855058,0.015634389772651566,1.9938763553927733E-4,-8.131284256318524E-4,0.16211474345102642,-0.27894394875784223,0.2946492426875917,0.2975569085918975
0.02180152283977638,0.014989119193234084,3.304988630683736E-4,-0.001199519767000132,0.12969240860640244,-0.348291583212435,0.33822692257429,0.3748018863960745
0.021048316062403625,0.013958101196752521,4.531593617410511E-4,-0.001719128403217225,0.10164845379304045,-0.3925732148153416,0.42997139310111443,0.43189175646180794
0.0216674475199466,0.014285392980598492,3.394128651609542E-4,-0.0013891514492125352,0.12087278344210825,-0.34379396632610204,0.3887165720656658,0.37500726215388147
0.02037460003871583,0.013061249304752052,5.304526585889201E-4,-0.002238373479049542,0.08016329760948676,-0.4059519950153781,0.5426164462167024,0.4588000299712794
0.021074943841538574,0.013317011696854559,4.051594824471395E-4,-0.0018419373652559157,0.0947749249350366,-0.35551832452774307,0.4792302220000681,0.3964122749808809
0.019959466044069372,0.01212552668749588,4.816940520657255E-4,-0.0026633853693022714,0.06616034800790668,-0.3502892221367538,0.6682933888146836,0.41597004657720255
0.02043672450715789,0.012428394661187806,4.3773987485602126E-4,-0.0023384333179867684,0.07362249402043701,-0.3407781317226275,0.5936081576792397,0.395265779761937
0.019203161283215177,0.011225459529607717,4.0455741119428505E-4,-0.0032976708186446316,0.05622704867683128,-0.27251812306086015,0.8618766912898469,0.36648371723434275
0.019735888814905757,0.011627779424773839,4.2246133350285116E-4,-0.0028872526320778617,0.05904260723864153,-0.2997502636972093,0.7413630422438827,0.37261577994163403
0.018726382233283295,0.010158700646900687,8.739769091145545E-5,-0.003740340255998073,0.05041748515901986,-0.048042625074096644,1.0323448454602941,0.16756690912692465
0.019151134167188763,0.010607708984516635,2.2230534876114858E-4,-0.003403808144140628,0.049743624984738784,-0.1456052224441892,0.9158098831545259,0.24220612538110403
0.01791446129510449,0.008999557123424023,-4.871470037246455E-4,-0.004315119747775802,0.06173503648051324,0.34311907208376957,1.23933573077171,-0.16701439261514625
0.01834834129780772,0.009495589709640644,-1.967165233848138E-4,-0.004019974519944749,0.05200873258416875,0.1468608714353333,1.1358996523047817,-0.004572277894879881
0.01823555358795529,0.009158383719297955,-3.5867361368548676E-4,-0.004072524065860262,0.054181898395505204,0.2572704498926198,1.1523627225731952,-0.10719719331324325
0.018777318932278648,0.009651002395191446,-1.0426767458292939E-4,-0.0036936471544536096,0.04524424792242026,0.0849099316752958,1.0226451247159825,0.031106497070278127
0.017503643662311903,0.008225437223497266,-9.856653054890095E-4,-0.004452280506389771,0.0747350738276301,0.668179550663566,1.2570843527530997,-0.46024873117553966
0.017914316872771622,0.00865323334771758,-6.530969836754082E-4,-0.004237737253692554,0.06037511255165131,0.4532706391566535,1.1991468252367647,-0.2793889058421298
0.017880107298310695,0.008276145146783263,-8.339432146177644E-4,-0.004158692025446738,0.05936312290361979,0.5681139682629062,1.1526763988352329,-0.39663163324794043
0.0166393439717136,0.006894824645797543,-0.002047261954667696,-0.004440874377484537,0.12300639383144728,1.2827013190651113,1.0861378393138434,-1.0094148727819734
0.016959513882165104,0.007035392275166204,-0.0017868194085757028,-0.00430054998509657,0.10265888642636169,1.1297338027317723,1.074411347346888,-0.8912253090181163
0.017374136971976525,0.007860822303222747,-0.0012127946161922271,-0.00441317210164716,0.07932829800098128,0.806847285212017,1.2124947415684095,-0.5926260951673187
0.017231590148310633,0.00755759631830848,-0.0014182853863517148,-0.0043845943998480205,0.08725783284140287,0.9285737266334447,1.1714997708582173,-0.7043195942127612
0.017274628103217525,0.007216217595067347,-0.0015377202360181003,-0.00417525481113224,0.08529368326996302,0.986341882809807,1.0650334138684219,-0.7759606686481836
0.01573611064916608,0.005500073865273849,-0.0031421703563111656,-0.0038505049434940665,0.19112809088976576,1.6859218428855574,0.6008445497570428,-1.3870538127919376
0.01602549314453154,0.005697526162603186,-0.0028632967341067346,-0.0038913951426241583,0.16781857318449436,1.582628069253339,0.6837598654769438,-1.3028580269546126
0.01656085181848393,0.006581104287792951,-0.0022151449851207164,-0.004275794808739921,0.1292820337937578,1.349399043186953,0.9806779680692745,-1.0814717086705927
0.016461841628044878,0.006333359700067753,-0.0023657926746967163,-0.004157616453314647,0.13677237599599806,1.4064581113072672,0.9002586429993371,-1.13959253491474
0.016363433443064523,0.005846609287221501,-0.002564515190532068,-0.003845663044412517,0.14273849056816942,1.450225445649677,0.7349756738908574,-1.1985272527916633
0.01651599956748011,0.006107053039329382,-0.002388409813213802,-0.003959428954970054,0.13201751291520514,1.389780486609562,0.8166386124791958,-1.1407776294495202
0.013237174735861687,0.0030304677109811947,-0.005088986425195,-0.001811779473005499,0.24391939169378943,1.4897895866212183,-0.40277658941973904,-1.2603075513727362
0.01321279116794127,0.0027143523649502087,-0.005022495794974058,-0.0015810011547572132,0.22157129642935083,1.3929130438913608,-0.3769101420802607,-1.1905502888690096
0.015445200849791034,0.005280317969337354,-0.0034274541094962687,-0.003762906629798706,0.21363781197585646,1.7732238039413557,0.49399690021861986,-1.460024653888549
0.01576595804771222,0.0052269396087574775,-0.003150649094607501,-0.0036040828634955183,0.18364773269101387,1.6338253550418993,0.5145588232601414,-1.360654700069825
0.01530891393473517,0.004964211318797686,-0.003571522961437567,-0.0035169870267760116,0.2182107933683843,1.7594486161157181,0.376475189151582,-1.460127863127186
0.015152304045704057,0.004714854156474432,-0.003717845453637516,-0.0033291848321948983,0.22423425667322636,1.7548054867916874,0.28136410805050965,-1.4625910308023078
0.01494774855218773,0.004549678795013556,-0.0038997542165287316,-0.003216357965704819,0.23631493346471558,1.7764907065170195,0.1994599380680619,-1.4816118054954999
0.014853491346717275,0.004293377394249191,-0.003971222846343111,-0.0029990277115262867,0.23349294457798067,1.7333381796433283,0.1257480677690784,-1.4518986428618081
0.013527695287138139,0.003196693346690383,-0.004913397136391302,-0.002001225659028599,0.24620542534439768,1.5560440790060281,-0.3268556188223419,-1.3146336298339085
0.013723622349386417,0.003418015088352361,-0.004811193073924457,-0.002211050767060183,0.2557934441100528,1.6274532865165328,-0.2725285945275366,-1.370703355004406
0.01398172722514993,0.0035330119546265666,-0.004623611022813715,-0.0023402099005864515,0.2486426967052455,1.6493848948096541,-0.1923668215807465,-1.390416816064773
0.014165286301488642,0.0037276075046932403,-0.004505149502811615,-0.0025188055163090015,0.25381936851990483,1.6947113433641778,-0.12956550623702753,-1.4239379647301669
0.01443898376839836,0.0038045899117589974,-0.004283342985255199,-0.0025943153157072536,0.23738322472925014,1.6775402694481265,-0.045896432088880605,-1.4155503954351885
0.014672090036757124,0.004039673717688045,-0.004109665716043217,-0.0027912095203140555,0.23634282831914386,1.7032292702901228,0.04125099697243484,-1.432250691373664
0.012202187017348232,-0.0016954271937388808,-0.005353345473651802,7.332409490943471E-4,0.16396612270826702,0.9782201771048785,0.40417313408523997,-0.862471042799566
0.011635834309155603,5.9900909283692E-4,-0.005394961174524964,-1.9555527879341333E-4,0.12393052559151661,0.7030578668943096,-0.16802496139987855,-0.6450181848598787
0.011163854424716022,3.128397022055833E-4,-0.00550894930001404,-7.48452240671918E-5,0.10779337600743118,0.5409393011604048,-0.09750357149380577,-0.5052631009120044
0.011722882016239678,9.68311160907837E-5,-0.005338862587598115,-3.286446852555716E-5,0.1225528792031964,0.7145682657699602,-0.025634916059151497,-0.658240172071162
0.011223719549848389,-1.8257273759898085E-4,-0.005488695545439338,4.6159670126486104E-5,0.10909017188858773,0.5579737025947358,0.05591239317805014,-0.5205913849499783
0.011658533024936954,-3.675793085983147E-4,-0.005370242541365706,1.2115817608440828E-4,0.12280369101469531,0.7010035309215352,0.10230343255193301,-0.6442487394426543
0.011337889084721688,-7.031671181452199E-4,-0.005496802254753768,1.9299633596255844E-4,0.11656135628767152,0.613369048422138,0.21200175016154352,-0.5646231606624185
0.012018523361085751,-0.0012300551932723882,-0.005338879672018353,4.87272014652242E-4,0.14624730654013865,0.8645445062853913,0.3110827320658265,-0.7737587047407076
0.011884902294950343,-7.67294146464764E-4,-0.005324466071589554,2.8348342097045615E-4,0.1327348890148845,0.7858139250580085,0.20029255854397363,-0.7146935909417856
0.013146584566819757,0.0023931305739457167,-0.004988904255715416,-0.0013514665992423772,0.20411666236338075,1.3029694804036198,-0.3537990574514749,-1.1239349168463588
0.012901090456192268,0.0021273295098782024,-0.005079972346541347,-0.0011323356602983847,0.1907120956434912,1.2091605988293048,-0.3678135793138792,-1.0491200647206658
0.0125913248231246,0.0019393241855591389,-0.005212911166179356,-9.53023761073711E-4,0.18073428611853337,1.1128948685103255,-0.3925523707930742,-0.9713679164591608
0.012600881090213173,0.0015611520140595603,-0.005127780656516145,-7.546314709429696E-4,0.1655155178212192,1.0503819550555573,-0.3142787410792161,-0.9277984907677349
0.012053783943718092,9.711857190544345E-4,-0.005283570894547347,-3.8648875972589644E-4,0.13968525387881794,0.8482791944082988,-0.24102323440850298,-0.7652491708870428
0.012563029160564598,0.001145336788012445,-0.00507858034324457,-5.394193202962226E-4,0.15331277689796538,0.988725810809696,-0.23489258968469204,-0.881004897481608
0.01290769754415006,-0.0024819866685297466,-0.005164167272963024,0.001352157702762511,0.21052236944554276,1.292700583744601,0.4235167515933855,-1.1099107003882118
0.012886249211746737,-0.0021552735893046304,-0.005095310765668733,0.001145780321962407,0.1920433493086429,1.2122811253899501,0.3752251109603083,-1.0520239909664997
0.012674789166857813,-0.0018548605714121661,-0.005148389319228258,9.261700660588645E-4,0.1777946886147921,1.1139187551968908,0.36116200100003903,-0.9743222107821159
0.01387220854773236,-0.004234963077041092,-0.004870673593991543,0.0029516382867757172,0.31072613057976356,1.9338636887856848,0.1867823816353279,-1.5883605760220825
0.013740235638732556,-0.003995346050909714,-0.004936250514591331,0.0027104994974900295,0.3003452231465289,1.847557712186617,0.2563214093290827,-1.5256797629423013
0.013123998117476918,-0.0031680717226810298,-0.0052131392677122095,0.001883987144191699,0.2570285919803301,1.5275720731144418,0.45307471255658494,-1.2831798828114154
0.01311758721247785,-0.0028479064903138207,-0.005124293711536244,0.0016505216798495155,0.23204839867677673,1.4231850907483563,0.4184738315743918,-1.209846213428289
0.01327314228835806,-0.003370839333371463,-0.005160294883825667,0.002079809080040974,0.2695666937831747,1.611148593709786,0.4198244926882854,-1.347685149343273
0.013401863596787841,-0.0036280606371317846,-0.005132149147635684,0.002321606492974287,0.2874200963068457,1.7134146392349165,0.38694556875773506,-1.4238582545354317
0.013672851356527859,-0.0036943850949600968,-0.004920083295795948,0.002433428875047121,0.2789932790300722,1.7301266842037337,0.2903812415874429,-1.4417206860408764
0.014227451239016973,-0.005338502325454039,-0.004695148316524198,0.004128768178850807,0.35763605314586355,2.3818313327132734,-0.21147346628830957,-1.878784644207809
0.014281207505816695,-0.0055039878117181555,-0.004647493061768545,0.004317585590462335,0.3597648314981777,2.444427804417191,-0.3027164020635267,-1.9138914298779446
0.014444786536962628,-0.0055529544759233065,-0.0044553365483072154,0.004342640714428219,0.3377643445710348,2.3728807851491958,-0.38415954545301867,-1.8642498400637793
0.014463243187977754,-0.005706278347537125,-0.004436650313723776,0.004520944408355507,0.3423230322626912,2.4376964774638012,-0.4661717699803451,-1.8988424327460456
0.014469320546714067,-0.005838899417211233,-0.004428493442593072,0.004681627779848604,0.34746146484060275,2.5007173873289656,-0.5413636770313365,-1.931111690484993
0.014578059549091587,-0.00591351715457458,-0.004291538086926012,0.004736555225299908,0.33234934791326937,2.456482047402717,-0.6148836032605285,-1.8964577006829175
0.014653965953270912,-0.006019365307910734,-0.004190549402378293,0.004836385044855216,0.3234277346408993,2.445329538545819,-0.6976521219038814,-1.8804388620620152
0.014096333217331062,-0.004283459931334259,-0.004666669560985868,0.0030156740369387423,0.29470843548323344,1.9107627674212124,0.09757967539630491,-1.5746274898399135
0.014264969746295677,-0.004961119706758407,-0.004606235596619824,0.003701298659223171,0.32678776667894766,2.1662740901287774,-0.10027726474800648,-1.7449202252918037
0.014353519095585224,-0.005170385439827112,-0.004533707097419493,0.003921070751570588,0.3292543444920289,2.2307189135028014,-0.1986849411439984,-1.7846788680695893
0.01422122584502626,-0.004482712507244228,-0.004580631963574237,0.0032112205410222932,0.29895087693483985,1.9641737694923573,0.02315291684036802,-1.612158492382792
0.014257945361304987,-0.004697283501778493,-0.004576723546769916,0.003425403107250955,0.3108378703487644,2.0459926407401885,-0.032302099619415416,-1.6668989810798316
0.014443844181142,-0.004795373735928917,-0.004399965050668263,0.0035139751545456605,0.2962551988873105,2.026513793728253,-0.11892830672447215,-1.6525635694946914
0.015050771570594684,-0.006872518447218213,-0.003494988620729295,0.005637806254162645,0.27230180527903686,2.3257302422553234,-1.346884693134504,-1.6886241774099766
0.014976087856874355,-0.006808220518146541,-0.003610453645027135,0.005618490630289823,0.2834387449403584,2.3899513486042996,-1.3031446650139864,-1.740476929572942
0.014962268367668813,-0.006685903901823812,-0.0036710709036475524,0.005480309824309824,0.28582967287500066,2.385004761040277,-1.204074560431719,-1.758370901858444
0.014887630453982293,-0.006558695548920981,-0.0038016575669898305,0.005375883838728495,0.2964732275340421,2.4279230353159673,-1.1057524229535043,-1.805800066257218
0.014845197278291995,-0.006420346656040153,-0.003890013713314364,0.005232324479388122,0.3021742255585825,2.4293335057340193,-0.9991409483580741,-1.826434921573523
0.014764531548354025,-0.0062901557590298515,-0.004016574972937128,0.005117410680983313,0.31252556519890057,2.4583452909229178,-0.8976477253974809,-1.8610591601381334
0.014713602433041484,-0.0061419342543074,-0.004103144483287124,0.004960196283781062,0.317378944101344,2.4475982823120783,-0.7884595569818594,-1.870429570751899
0.015222480002140694,-0.007452513204378908,-0.002991341254024536,0.006147573597745169,0.24331809434357157,2.125050087004538,-1.7873195162990432,-1.4336196193481372
0.01524292747853588,-0.007535989565118909,-0.0029136348930679026,0.006217027646998898,0.2397639864501052,2.086431837660356,-1.8488579899093025,-1.3871285898592765
0.015251902055527287,-0.007617082315576538,-0.0028473641057811614,0.006294550552264639,0.23794294537564956,2.055991090610656,-1.9121270985076186,-1.344643111718593
0.015283468700177267,-0.007747069676579874,-0.0027177944326224994,0.006395476272442414,0.23260708193209664,1.9833951580278206,-2.003376124483244,-1.2614787230191846
0.015332099663725257,-0.007659420580830143,-0.0027327970687068266,0.006248961807694562,0.22751456378879362,1.9675776254180037,-1.907325578900888,-1.2847133260368773
0.015283048508660605,-0.007921401002649832,-0.002577647753347644,0.0065741452048908465,0.23064580425539363,1.9122431960606612,-2.1457059782166925,-1.1573098395411388
0.015313272435528425,-0.007836329377542623,-0.002617265980353462,0.006451216244171421,0.2284660180002476,1.9214408154991474,-2.0583881190990856,-1.1972124389335697
0.015289818983058761,-0.008056073649601272,-0.0024530389133167753,0.0066985555496077145,0.22919902446007442,1.8397689039285063,-2.2479896892910065,-1.0632490757515998
0.015314059079778335,-0.008179157696380265,-0.0023156305032684538,0.006782764218513488,0.2256251677440785,1.7492280908871607,-2.324577403032596,-0.9637939989627057
0.015322473198008297,-0.008116194573226041,-0.0023668437970897353,0.006712693010376416,0.2244998420496384,1.7780668278246154,-2.270797579141954,-1.008044077917034
0.015332599489397457,-0.007988868244657197,-0.002471048295451105,0.006578006472834915,0.2243271460112,1.834920503290818,-2.166533943107208,-1.0930058992014613
0.015387830445616047,-0.008230386364645383,-0.0022001810487989617,0.006728427841093916,0.21706078028573508,1.6561985389910696,-2.3053303669454697,-0.9019402964569351
0.015456642968618711,-0.008282432834768047,-0.0020913983445260027,0.0066795483695961735,0.20924057654491648,1.569602172473051,-2.2884287340092864,-0.8427130302956369
0.0154675838611329,-0.008418733128654694,-0.0019490137867893722,0.006775284689026905,0.2077908834812792,1.4732158752968292,-2.3669887759345554,-0.7327120101324844
0.015512281409208564,-0.008343887503051156,-0.001987096897236786,0.006654097445942918,0.2034217510307931,1.4897571005992563,-2.285822666431194,-0.7815824514658031
0.0155180400812007,-0.00848668101125015,-0.0018416970440352158,0.006756333314169407,0.20264685919483333,1.391521287535842,-2.366876545393941,-0.6673685317355
0.015480377680673724,-0.008741081582104189,-0.001597336643316256,0.006991128827322808,0.20662438318475476,1.224899056556451,-2.536686786249312,-0.45030964552387137
0.015480404535314598,-0.008797143932939434,-0.0015342500394538764,0.007027528175297682,0.2073603837021166,1.1791366677978414,-2.5639365072988873,-0.3982783047013642
0.0155139026762763,-0.008843472288685069,-0.0014607392326500615,0.007005143245837341,0.20380327808513912,1.1210783044836872,-2.554164458130184,-0.3538380225932824
0.015486324001542373,-0.008627119055374272,-0.001718237910236874,0.00690419698125183,0.2059737902187008,1.310549326705793,-2.4720484150891626,-0.5528759299725011
0.01551442118353575,-0.008554852755495152,-0.0017744641641699779,0.006811576534348526,0.20290963305001367,1.3459830618492001,-2.408514070138796,-0.6114534416766543
0.015526519525372188,-0.00869254012334547,-0.001620030994920246,0.006889821230652754,0.20158001668982675,1.2348300288409415,-2.470962748204668,-0.49074397806434816
0.015548095009753241,-0.008908163196017196,-0.0013669360674407238,0.006990929828502202,0.20104714009324856,1.0483809710460266,-2.5501811136642467,-0.29313682115128586
0.01517277190248907,-0.006886265447078536,-0.0033476693920536575,0.00555657972763863,0.2560230969704307,2.2136637978142093,-1.3399532725467092,-1.6176493896077824
0.015199038401088293,-0.0070244911559187205,-0.003256083284661113,0.005691310458210337,0.2519987352662109,2.1922966220388846,-1.4428714668412452,-1.5780945350834783
0.015217970986649336,-0.007252300613984245,-0.003117129725671719,0.005929907927806605,0.24738289062936267,2.1613632570064456,-1.621671904697555,-1.5083705611683447
0.015255214887809898,-0.007349335233251154,-0.003019621800696805,0.006000740591110215,0.24156501233146127,2.1130994316205065,-1.6886034792592535,-1.4561903089647232
0.015284919488272772,-0.0071531510454704616,-0.0030970002649554815,0.005758228656130314,0.23971604022538304,2.108604779384226,-1.5233249022382636,-1.5008125988130347
0.023801567591329856,0.014876652153950572,5.100854535239183E-5,-4.6688875484463644E-4,0.2183527862151731,-0.14911502606343444,0.34106229127076415,0.1643126436889356
0.025,0.014112023702453479,0,0,0.27954754413341437,-0.0034060396754490006,0.40888341579166126,0.02113787954327483
0.014821609783840636,-0.011957470322109852,0.002982094505944444,0.007347289675363112,0.29795862059209305,-2.0168994726571072,-1.8412303956635956,3.088510170381376
0.014852413900498435,-0.011898354196046203,0.0028837303850141765,0.007373150555431426,0.29690446081612804,-1.963778143080963,-1.9004158371623134,3.0287405670392435
0.01483940066205032,-0.01193088719024365,0.0029332646459263034,0.007353629982075625,0.2966505043424486,-1.9896354962589415,-1.867272904227333,3.0552671846648525
0.014877412672831271,-0.011873625102467757,0.00282852126848955,0.00736548794055466,0.2938225939265445,-1.9301980242670418,-1.9213172146685806,2.982901912627007
0.014888937982124819,-0.01190026611651574,0.0028435010848058195,0.0073183370810411515,0.28941726234179344,-1.9320728487858194,-1.8892558216480029,2.968675487625365
0.014912394141250965,-0.011726097914448666,0.0026266446849822485,0.007477333453990753,0.29812852572783605,-1.8245403197296077,-2.070449512029837,2.8896876945242878
0.0149158202181959,-0.011750222494696188,0.00265030981835776,0.007446103255494435,0.2954998223436936,-1.8347991381165705,-2.0432415754544015,2.891011830633973
0.014899046218127664,-0.011775914448292523,0.002697456166017815,0.0074432904947650475,0.2971517806306126,-1.8629601545866292,-2.0213643865832354,2.9254720107534133
0.014891114588819837,-0.011816533677693282,0.0027512257731348135,0.007410025572851252,0.29566177887800515,-1.89068405241791,-1.9797574299947773,2.948448949715901
0.014896765860561354,-0.011851398842222083,0.0027827520677207555,0.007362565300286351,0.2915832815185318,-1.9027506016140172,-1.9402025071279474,2.946820085925121
0.0149541458678564,-0.011661370116474246,0.002508108325947948,0.007481490792029549,0.2939836528269267,-1.7520456903073605,-2.1225592603979115,2.800810871815742
0.014975643833742476,-0.01163619499282125,0.0024568683612635756,0.0074739519436655966,0.2912115325511271,-1.7192269879320967,-2.139488574579982,2.757464381205933
0.01493727550869415,-0.011710549940393415,0.0025823643408497223,0.007456037278478266,0.29405753050882893,-1.7946233984708486,-2.077582264358273,2.8442963327610893
0.014963658176985759,-0.011693131714615777,0.002534870212992118,0.007434120768461665,0.2899114683937103,-1.7626186364199434,-2.0855281308553106,2.7963838404071613
0.015282816954577292,-0.01084888301657759,0.0012155089220226767,0.007567693062740585,0.25966712080933624,-0.8969648001893015,-2.6101144255675677,1.839280749581926
0.01529784684927878,-0.010804902163651634,0.0011486778612871463,0.007563621211479785,0.25747368388310005,-0.8491599497592883,-2.6253290202591764,1.7853446925844472
0.015347517922404345,-0.01066526712146813,9.376953244056251E-4,0.007538852304545331,0.24972178028607758,-0.6960072121976362,-2.663048206240578,1.6101531951299461
0.015336707911836073,-0.010716408871477352,0.0010114259834587498,0.007536689523208248,0.2513112332752873,-0.7492207165181514,-2.6442643702604305,1.6666051919953928
0.015317061204151078,-0.010760223331098245,0.001079275009866065,0.007551372766660136,0.2544532182064679,-0.7988245530293544,-2.635929163098226,1.7258093875497666
0.015224164536380286,-0.011030411386240275,0.0014913114604463223,0.007564922773770786,0.2674368665554778,-1.0907342197518837,-2.5307910292793747,2.05344890645705
0.015248785399066558,-0.010981845261830575,0.0014120810511612622,0.007552713266445729,0.2636342909895075,-1.0347341880673495,-2.5470777833802027,1.9860459275595248
0.015286582507854928,-0.010939049431631325,0.0013338174395111592,0.007513316748973151,0.257902834136053,-0.9774059169412928,-2.5471046289735253,1.9074262117664957
0.015314356143712776,-0.01089151944484915,0.0012561206503955364,0.007492076174341796,0.25364406419633334,-0.921481226087488,-2.556403631554146,1.83767342627261
0.014996356352701848,-0.011604551547815332,0.002399131913873739,0.007473401568004793,0.28885929164611496,-1.6830230337484344,-2.162549561754759,2.712823236393236
0.015056407011559199,-0.011410174184956498,0.002107312598512379,0.0075589699797803415,0.28725197005670206,-1.505469584871865,-2.32215727881748,2.530803578426724
0.01505160287034808,-0.01144181214506552,0.002150848356757704,0.007538793732827081,0.28682143796913667,-1.5317413445056454,-2.294786934594747,2.554443415484775
0.015013359781247316,-0.011569434158845135,0.0023410437641825823,0.0074811209639114,0.28767492748879403,-1.647315981262013,-2.189899435399457,2.672113281912217
0.015041673180709106,-0.011472042154705587,0.002196991155488688,0.007527510170334566,0.28719767949862157,-1.5603879389356916,-2.2711953725129805,2.58448686934473
0.015025959107437266,-0.01153276390039392,0.0022852403297552774,0.007496262963125122,0.2869492554167248,-1.6135752964899,-2.2200847431713004,2.6367949042112335
0.015028825721897324,-0.011502336273116826,0.0022457378294602225,0.007520183119698912,0.2885699817269902,-1.5909140646744273,-2.2485798686890917,2.618460340529635
0.015094489878600499,-0.011398130722141433,0.0020594552513632735,0.00750782852671742,0.2805026626792637,-1.4689448608956372,-2.311271630933835,2.4680152010210175
0.015091227489796516,-0.011269343278715767,0.0018989363096523213,0.007619207796523142,0.28635140464196235,-1.3731658792566028,-2.430276802017513,2.3981182217090082
0.015083327032877495,-0.011304907512072804,0.0019512002060448994,0.007603736965087989,0.2864162663059496,-1.4066458011557685,-2.403420350769824,2.4313082921777376
0.015119683884841268,-0.011259329420593505,0.0018636488083564932,0.00757976978378454,0.2812224565979217,-1.3458947426308216,-2.4202964909286853,2.3511246772926495
0.01513537359956831,-0.011235980571202448,0.001821509205495635,0.0075716784932473745,0.2787828939999742,-1.3168739940499048,-2.430043686536145,2.314326909515384
0.015104375368478582,-0.011336624000398516,0.001974345847637879,0.00754322471749077,0.2812466596051904,-1.4164137974207447,-2.361398493455018,2.4194566594909617
0.015113784583335519,-0.011370221727461292,0.0020086301967310923,0.0075002198270048975,0.2775445682233747,-1.4349618111799078,-2.325326440628044,2.4250595654396276
0.015156792800031222,-0.01121074515757078,0.0017729286070695058,0.007555041687027941,0.27548101228274074,-1.2827548642719913,-2.4368413449194204,2.2684754800108973
0.01518165760375661,-0.011182726530075938,0.0017187462456028076,0.0075341760049523815,0.2714692616562788,-1.2444682559530718,-2.4428017957636854,2.216433537269781
0.015220991206280569,-0.011116237230532493,0.0016056988949476891,0.007514847956229497,0.265922082083299,-1.166090545016319,-2.467763597082907,2.119623447046559
0.015202351901258446,-0.011151943577985136,0.0016645045248647394,0.00752152102207316,0.2684333147301663,-1.2066419484036055,-2.4530381068895024,2.1682735760222562
0.015246687220137728,-0.01107751821836585,0.0015387680849834864,0.007497420988403609,0.26197491207672924,-1.1187697635857916,-2.47855660338335,2.059505758591173
0.015260931442969389,-0.01111453658328485,0.0015771261065141268,0.007449936545226836,0.2590091099554862,-1.1413571103527924,-2.440339537184002,2.0674626209615314
0.014560564082381442,-0.012412432118535313,0.0037460865774678674,0.007082668283912207,0.30054734520928855,-2.3779649777575798,-1.314177703530796,3.495474033842623
0.014597195344988193,-0.012333682223187122,0.003629898077899225,0.0071515697368964275,0.303121487300313,-2.3339280405370677,-1.4127716703285722,3.453503386588465
0.014574406013912002,-0.012392735457839836,0.003710533897085796,0.007094703246212254,0.30035323919004014,-2.3628412318097816,-1.339815958236926,3.4773158116122347
0.014584223720444073,-0.01237420398223389,0.0036815882324031254,0.007109557852711447,0.3007875306384334,-2.3514507277491696,-1.3631779513855242,3.465518319917112
0.014602742521913115,-0.012365074522605018,0.003647779596634018,0.007100180538686132,0.29838324606041505,-2.332508738960317,-1.3767222970159798,3.4356851669069353
0.01463079184444234,-0.012324980787228957,0.003575305642824603,0.0071223840584019055,0.29776684023720307,-2.300183471065163,-1.4269468338420876,3.396785623198934
0.014650195258627324,-0.012302983031006562,0.0035298673846570314,0.0071289024550198,0.2965574083656615,-2.278066241405734,-1.4543497319196126,3.3678155275583177
0.014670182171790747,-0.012286564520973802,0.0034884514223516025,0.007126512143607894,0.2944460150617555,-2.25611776536522,-1.474824210429752,3.3364698627752105
0.014696733861232325,-0.012204073743646505,0.00338005957574112,0.007204123038140916,0.298484442509779,-2.213703380514614,-1.5710417266704786,3.3027954361864653
0.014681903492402197,-0.012229348010515369,0.0034226495184832293,0.007189359629597574,0.29865116267202035,-2.233600873435474,-1.5415361636516849,3.325334466584329
0.014676095448199755,-0.012261765235996947,0.003459030713677244,0.007152867112866765,0.2963664750001848,-2.245843211697404,-1.5037985918581163,3.3305662362460153
0.014723810164943653,-0.01218980103718371,0.0033312178425160513,0.007187793665002525,0.2949102237043694,-2.184438081459384,-1.5873522686933998,3.2574447291510715
0.014745373574168576,-0.01216130022774866,0.0032769576207860086,0.007196778123472642,0.2934383596991454,-2.15676237166315,-1.6192456050748547,3.222843679302912
0.014756211030540787,-0.012138241601892114,0.0032415318599330555,0.007212235339549462,0.2939023893870269,-2.140223936184264,-1.6448787488141228,3.2056299837581834
0.014818112228007057,-0.012013350177123927,0.003043111670922966,0.007284553846537097,0.29363479863816844,-2.0418802628770045,-1.7791074584434383,3.099364217656586
0.014775849776130166,-0.012122072606865984,0.003201264012165309,0.007206741336827266,0.29160840317098774,-2.1171638382743967,-1.661895068967036,3.172886393829206
0.014833463876406546,-0.012043553162415052,0.0030542546189025865,0.007226607530451478,0.2878710880176066,-2.038888193353141,-1.743060608508656,3.0757594999770337
0.014816136453917326,-0.01207044024205104,0.003101602607954961,0.007217225924501035,0.2887133226594049,-2.063833433666399,-1.7156239323912994,3.105477609005433
0.014796844973025747,-0.012097551826974001,0.0031515706825114534,0.007209553044601078,0.28993472652566266,-2.0902816868773146,-1.6875632663103204,3.1379730488045463
0.014839008085760781,-0.011987906545727742,0.0029922784913999985,0.00728621182594804,0.291766851226486,-2.0132181716997555,-1.80383267090882,3.0624111752925756
0.014550844133757982,-0.012491952832215323,0.0038202644285593675,0.006977831447711355,0.29238348369792133,-2.39150940575828,-1.2198109300676325,3.484540025999874
0.014570121337915682,-0.01244105829550732,0.003754281471827672,0.007029874207853059,0.295218908852827,-2.3707385742870506,-1.282762445522245,3.469381918160035
0.014577117693929206,-0.012488877187667488,0.0037797353786255977,0.006952531323358939,0.2880022249726412,-2.3664734665494085,-1.229633532834578,3.4410281165920926
0.0145898913662184,-0.012470752881854421,0.0037479948102189437,0.006964156445406672,0.2879288816036973,-2.3536137023440413,-1.2529364236083786,3.425693738097333
0.01376099746302659,-0.013427903468336557,0.005489673462677828,0.006023155694771545,0.2704231308543843,-2.719429797717606,0.2880991524018955,3.907468631551542
0.013759271777639397,-0.013445588815834984,0.005491821935660268,0.0059918432121990805,0.26749044842235753,-2.7084387132863728,0.30259112002493715,3.886281262141209
0.013780890500900868,-0.013419823367012836,0.005454074201176836,0.00602997741433173,0.2692525483958353,-2.7133485941767472,0.25981629751583507,3.8926612930802054
0.013799938355693389,-0.013411267973320021,0.005420062635521077,0.006037679989748319,0.26830018742291045,-2.707815457096279,0.2323770478338739,3.8793096918258634
0.013815895587385704,-0.013399436121562506,0.005391649504946022,0.006052252625763283,0.26833599272389247,-2.705975131856728,0.20614460840167634,3.8738195633555748
0.01382773694943295,-0.01338615538811383,0.005370502794666753,0.006070945406380563,0.269070635476258,-2.7072990966179926,0.1833589573505873,3.8751912443992667
0.013834798477475485,-0.013372335630254403,0.005357750625064326,0.006092571259089286,0.27063334448292586,-2.711701987568592,0.16525865961350739,3.8832627190037607
0.014538462322115787,-0.012519117046170765,0.00385800041411875,0.006951798556372954,0.2909941494444163,-2.4038143557949874,-1.1856174269255515,3.4952316080648047
0.014516453977476746,-0.012547517540342796,0.0039105367073342,0.0069340405489616026,0.29153245751473517,-2.4246125423628357,-1.1472020106204361,3.5210323326020374
0.014488142619768165,-0.012615765273440022,0.003998634312420646,0.006862030607762282,0.2873144453364577,-2.4488119481727804,-1.0609690945168764,3.5379367667376918
0.014506412491223468,-0.012590346721623537,0.0039545232923951035,0.006880881318030752,0.2876547214101524,-2.4329307361825916,-1.0957000656052953,3.519138351268403
0.014470449848812725,-0.012663911653879964,0.004055737406737814,0.006807363347016743,0.28427122668833577,-2.4615902962468716,-1.0010469760242737,3.543366108850299
0.01449832503423271,-0.012653751197029689,0.004007279354697433,0.0067941397116084695,0.28090213187866414,-2.4366982288241927,-1.0226133630308782,3.502438055845057
0.014454441918217676,-0.012686307410726664,0.004093735210655958,0.0067893935171044134,0.2838916254015993,-2.4741097163506325,-0.970153730168409,3.5580000398562164
0.014433115596711753,-0.012708357418687076,0.004139549694730322,0.006776788325340471,0.28449971149945835,-2.4911522320530395,-0.9370781677418559,3.5811047426956057
0.0143480564723178,-0.012803552418296412,0.004325245781257391,0.00670883002132152,0.2853717672503542,-2.5528317187461584,-0.7929046753812045,3.6623342535612227
0.014411143158071314,-0.012731947444670311,0.004187183841372322,0.006761801976950574,0.2849494188682815,-2.508093452888882,-0.9015460808088767,3.6037651469550656
0.014391879320362894,-0.012757660989747933,0.004231599759470538,0.006740198947593641,0.2845762933524543,-2.5216438847001927,-0.8645816913524084,3.619949168079296
0.014370556908260617,-0.012781247302482349,0.00427789022268175,0.006723271829185106,0.28476428293626665,-2.5368733465521984,-0.8285403024462014,3.640129718995095
0.01384761892227422,-0.013364645273794294,0.005334688572334336,0.006100541340550724,0.27014179476290373,-2.7085346457039434,0.14563015586515793,3.87588248966861
0.013856863277486805,-0.013351808758297704,0.005317811169058462,0.0061192076811071245,0.27130352361875726,-2.7106457459018576,0.12589289170572016,3.8794201229288467
0.013872607166933034,-0.013345039037436293,0.005289490967681409,0.006123848091695745,0.270303459209752,-2.7047165990109363,0.10402205656176065,3.8665774647937696
0.01389224510067518,-0.013333385363817058,0.005254040069905018,0.006135044005872476,0.26970262995912814,-2.699004297058916,0.0744966905763983,3.854190970057205
0.013911508148636434,-0.01331604307471767,0.005218814026910397,0.006156111438807261,0.2700384183902831,-2.6965410260814826,0.041049599126543636,3.848665097065982
0.01393390966563269,-0.01330208124721647,0.005178186401946759,0.006169173077167282,0.26931204414280535,-2.6895642704256884,0.007401860409109818,3.834354438722174
0.013983909313527176,-0.01323472509071354,0.005082369828666924,0.0062596869222668735,0.2737073482519747,-2.6917222106127228,-0.09758076454863118,3.840592501523299
0.013969874097887433,-0.013244674908339044,0.0051083871468488124,0.006250326974785786,0.2740668698131253,-2.696416128525739,-0.07572520659100461,3.8494641116694965
0.013946409192813267,-0.013279964253604013,0.005153990122991818,0.006201390008547655,0.27137683137284047,-2.6934927828999813,-0.02316972772860552,3.842482731481095
0.013963039292305007,-0.013260977392939665,0.005122549748047651,0.0062255892771610035,0.27221712904278195,-2.692398116505467,-0.055221667528584185,3.8407724007355157
0.014002777185954406,-0.013238352540551925,0.005050053685450906,0.006242408875124107,0.2704742234630985,-2.676230579580612,-0.1119481014042731,3.809709000150597
0.014016426111318007,-0.013214710116539984,0.005022514464423588,0.006275342060603406,0.27252609988417403,-2.6785253541577236,-0.14506140312490626,3.815779540638533
0.014270374011123603,-0.012892843262916155,0.00449346855607085,0.006633761685173778,0.2849928971668811,-2.600348703056824,-0.6533170201713997,3.7243805505703125
0.014258973552155794,-0.012914381985132714,0.004521498341906643,0.006608124953500564,0.28353468308842467,-2.6041644076006487,-0.623589883716845,3.725930959541199
0.014224702866834,-0.012957369019306404,0.004595608164976069,0.006565496670716106,0.2825756488336825,-2.620402495559166,-0.5568403901858988,3.74573505397154
0.01424524831864491,-0.012936223495224069,0.004553185168384312,0.006583640512060825,0.28243787805017656,-2.6094901222105453,-0.5921061869698937,3.730434630773025
0.014038508506229114,-0.013197718451328713,0.004981232928056883,0.006291273075824209,0.27209256805317866,-2.670768409557807,-0.1798888969990133,3.802006837414939
0.014147296353240017,-0.01307781356167904,0.004766435103950083,0.006423151944320611,0.27550311274259226,-2.640605211246102,-0.381116533285988,3.759704996474082
0.014056732946544312,-0.013179956209402046,0.004946332436647486,0.006310458967578478,0.27242326444631787,-2.665795073835176,-0.21178391438727692,3.7940489438645675
0.014070668258991146,-0.013157172565652546,0.004917482024781005,0.006340640691422426,0.2741626689053154,-2.666016787948555,-0.2444645621391424,3.796933681067237
0.014090393944110517,-0.013135611150141351,0.004878641295385775,0.006364533095113615,0.2747409166723512,-2.660723577339624,-0.28095718403527936,3.789410335616274
0.014124131419139346,-0.013100644805954274,0.004812123697324806,0.006400970709157031,0.2754147066958441,-2.6496251687065002,-0.3412087148333474,3.773148293917774
0.014113398246279028,-0.013124600484902374,0.004836703307125956,0.006367736102722661,0.27301743494397174,-2.6477498269485196,-0.31004220835315566,3.766131590739262
0.014239652669867707,-0.01299188097725422,0.004584020769840925,0.006496518913120814,0.2747412477937483,-2.5965160561277947,-0.531800994502616,3.6938346461121143
0.014178483135274348,-0.013067376646328234,0.004710969398876655,0.006418034189876326,0.2724728825839275,-2.6196708348570605,-0.41466870983484583,3.722151605943176
0.014174271570599088,-0.013093143437692727,0.004725717123495172,0.006378122780285806,0.26923566744941635,-2.6129302163375216,-0.3869761676473151,3.705235927291452
0.014190060671046712,-0.013046210075177653,0.004684955594049504,0.006444761226832643,0.27411589724875407,-2.618293182506219,-0.44364051234548246,3.723425662605824
0.014208465047130261,-0.013033615234587556,0.00465022835767261,0.0064518094550486795,0.27313446833205673,-2.6078820178635342,-0.46914035428413275,3.7064166149543207
0.014224452748046602,-0.013013867300142765,0.00461699395784513,0.0064722038210033314,0.2738173869676444,-2.6017041937958556,-0.4996838669805728,3.6988499578652707
0.014298207504801217,-0.012894642424113714,0.004448899465210619,0.006606859217348138,0.2801552347860716,-2.575490435019734,-0.6682779735306604,3.678262072553647
0.014314139898247813,-0.01287614709629646,0.004414824006905817,0.006622897650870522,0.28034131030000825,-2.566354820661069,-0.6969469955482822,3.666427524197647
0.014334799245393437,-0.012855549832196259,0.004372040208719474,0.00663773170707796,0.2799849265368366,-2.5532013664169337,-0.7302824954749285,3.648083802477045
0.01435591792999944,-0.012835206698381042,0.004328550887363096,0.006651202198503341,0.27949826128351146,-2.539135493038691,-0.7632391230710273,3.628261946924957
0.013130713995292791,-0.013996733753736383,0.006434954425375657,0.005040543438931073,0.23748779907630027,-2.445681251782013,1.35837162755238,3.6345642181137765
0.013090849669753966,-0.01402477219619033,0.006486742154637264,0.004981464170713712,0.23620577231746664,-2.42008046026649,1.417520017192197,3.6102632913900474
0.013076957484499607,-0.01403291809230191,0.0065056261060711116,0.004963466614943442,0.23601761129113816,-2.412211075095374,1.437872666612509,3.6039778167026335
0.013063971921061849,-0.014038712207970266,0.006524456691590769,0.00494972150781271,0.23621277326810652,-2.406255114095484,1.45680780079075,3.600859305219674
0.01305565790740441,-0.014052465908242292,0.006529309912385186,0.004923183554874159,0.23450141821485615,-2.3936854830731753,1.4691057086728014,3.5823643554326106
0.013107712013185908,-0.014034025510970417,0.006450784490629975,0.0049694155107495456,0.23295903715857832,-2.4129156592458467,1.3940234495224386,3.5867174836838225
0.013120849153893716,-0.014025615757996142,0.006433363365958219,0.00498734156836654,0.23325116610236982,-2.4205993044500196,1.3748377379272798,3.5933831850474536
0.01313369679329532,-0.014015901986279214,0.006417188246580624,0.005007365088349679,0.23373337502295347,-2.429235497327536,1.3558842151785573,3.6020835290777
0.013145094704513055,-0.013985063449570052,0.006416961982287361,0.005064328417440595,0.2381995899692418,-2.4558865598227,1.3366862110294808,3.645351881329581
0.013209209959045521,-0.013956669477398626,0.006320550271578043,0.005126434416811696,0.23713306598907827,-2.4786392647136597,1.2422674677437568,3.6524517933510556
0.013195532288002191,-0.013965872328117277,0.0063393420117998705,0.005107881473562967,0.23679722633129097,-2.471415074094963,1.2628635158306436,3.6463081290263273
0.013165135014536306,-0.01398091132737353,0.006384025757395414,0.005075714468259461,0.23699216807187798,-2.459343159781937,1.3077624740063711,3.6404806713703617
0.013180979293364274,-0.013974223068329662,0.0063600778712531265,0.005090533564710203,0.23669004387957662,-2.4647574313204523,1.2845187082393943,3.6418106632413156
0.013267008296502984,-0.013885995697978859,0.006256749388960228,0.005260076815274892,0.24412632227527345,-2.5340901317570474,1.1475902770499011,3.7259677141389105
0.013222228889429415,-0.013946716007953558,0.006303235635494995,0.005146076605780176,0.23764475486067502,-2.486360459192648,1.2224008350654898,3.659970312455634
0.013234807322059628,-0.01393630652875806,0.006286822353426866,0.005166341136772769,0.2382752361268952,-2.494332482572783,1.2029840504069205,3.6682772456274892
0.013247048826899789,-0.01392575220693409,0.0062709424956379906,0.0051867036203695135,0.23896937376103336,-2.502295412356656,1.183915112498534,3.676827204802527
0.013259090441500717,-0.013915166109813306,0.006255289782598777,0.005206987863693919,0.2396665344170026,-2.5101486896725635,1.165020886994834,3.6853575998050894
0.013270798549690058,-0.013904451133562055,0.006240155039309203,0.005227360934321071,0.24042738150008278,-2.5179945809110773,1.1464689954011211,3.6941227770252847
0.013289685656811684,-0.013860011633770309,0.006229295413180289,0.00530885916483645,0.24657256443655134,-2.553347409484605,1.1095635698232265,3.750703371566977
0.013281738250229099,-0.013874616906789844,0.006236175092803285,0.005281884685004088,0.24466359057846773,-2.5419888650159073,1.1243114106443353,3.7333883258611205
0.013304903051707704,-0.013852405783971336,0.006205597444694621,0.005323613962736955,0.24633985737998576,-2.5575994549538774,1.086336895258328,3.751271238182312
0.013325640540725613,-0.013848881704253033,0.006169910331069045,0.0053310774567687505,0.2448696710899727,-2.557281183115265,1.0566655983557833,3.7409321013610692
0.013374748831675127,-0.013809200670883082,0.006099520246126392,0.0054038011360582755,0.24690074105929885,-2.58109174506412,0.9774708056368977,3.7632952347242634
0.013359952122112183,-0.013822680974576956,0.006120257454686913,0.005379357470368331,0.2460748003543371,-2.5729312016755945,1.0019353857116116,3.754550206048557
0.013344275443210313,-0.01383929702487701,0.006140899435700504,0.0053490580072815645,0.24465926067489227,-2.5620672470325947,1.0283534777949581,3.7413321962475368
0.013590284173224571,-0.013614817154202227,0.005773428425455313,0.0057342393867323245,0.258030493376832,-2.6688536875120676,0.6103424597245964,3.8491143321471477
0.013606787065522994,-0.013606314844870909,0.005745412058485215,0.005746160661480304,0.2576222051022558,-2.6683940193855125,0.5850772634365766,3.843518663656026
0.01362352062872739,-0.013598070918917267,0.00571688947519483,0.005757324726412385,0.25715019115287335,-2.667401061384428,0.5598195517519989,3.837047489324583
0.013638528120522929,-0.01358807298657341,0.00569178660087214,0.005771827462741575,0.25717804043813586,-2.668224575245267,0.5357961817855722,3.8346486125968835
0.013651921508413925,-0.013577360490609458,0.005669636629306221,0.005787815456984297,0.2575175929312486,-2.6700701493435797,0.5133588384897414,3.8347487266589515
0.013664244208668935,-0.013565538345560298,0.00564949668223471,0.005805906731584556,0.2581389591867802,-2.673011655518264,0.4915410516867817,3.8373182660995435
0.013675562177046281,-0.013552592948660706,0.005631208998281032,0.005826144439781677,0.2590366755600546,-2.6770443248847453,0.47020894170577915,3.8423160848226527
0.013683549692768169,-0.013539262159413975,0.005618817668249672,0.005847909019868408,0.260514855691007,-2.682772480424585,0.4525205310461395,3.851419347896525
0.013717397687783435,-0.013476337636452961,0.005565185333611976,0.005951121082672538,0.2673900928328073,-2.710178237925875,0.3720145168481797,3.8970107828599194
0.013737480815947905,-0.013469145891337261,0.005529473882458123,0.005957216060205901,0.2661108815898075,-2.704377632327864,0.3438107989121661,3.882059661671256
0.013696468507996945,-0.013498847251119312,0.0056007633037551295,0.005917126151678721,0.2659998632757723,-2.7052117205532515,0.4115789920351646,3.8916321188415695
0.013693046794432595,-0.013514118818777648,0.005605094922704757,0.005890506463823157,0.26359578623363644,-2.696073512486209,0.42546795255273134,3.874794915966455
0.013715182635343201,-0.013493741744151508,0.005567436485325643,0.005920343190270354,0.26452239225840773,-2.699135123804915,0.3861676318469733,3.8761130144189075
0.013698176915000833,-0.013531371257136396,0.0055935745905078375,0.005857816834500092,0.2600653825877643,-2.681211339337587,0.43026234539424596,3.845230862791009
0.013758728839231987,-0.013463238730514922,0.005491650032279077,0.00596026834530071,0.2645579531345217,-2.6967846222565304,0.3154527739232294,3.863727265994935
0.013390431953647232,-0.013785851812918734,0.006081098363677676,0.005445904713948652,0.24943108875074624,-2.596990381884888,0.9482388371542009,3.7861932693250324
0.013464420944268645,-0.013736001536516005,0.0059662863400499234,0.0055325404564113495,0.2505193678894468,-2.618301435448025,0.8302065646020412,3.7963833938736102
0.013407708484190718,-0.013779141702628735,0.00605256608771319,0.0054576427886467846,0.24882236529461,-2.5984372297070326,0.9224871944196597,3.7816680963168428
0.01345242765733072,-0.013747926770752249,0.00598369218040587,0.0055118742753749025,0.24966279936201177,-2.612135430674583,0.8508946024160841,3.7894270822738165
0.013438961406879153,-0.013759503153603546,0.006003731777633157,0.005491796179271514,0.2490346043181205,-2.6064698437388176,0.8733154150167338,3.784080806869007
0.013423995853255696,-0.013770155621574085,0.006026684840268228,0.005473291932380561,0.24871444447204213,-2.6017311311557036,0.8973254122181081,3.7811823927619845
0.013592501067980024,-0.013631875443237726,0.005765437118907409,0.005702925620950122,0.2548406766205986,-2.6549891063314104,0.616650137189623,3.822338657956201
0.013582377999723736,-0.01364639420265274,0.005780171837723781,0.005678681935658149,0.25346450146986793,-2.647995032133947,0.6368790358839959,3.8121614777889845
0.01348289075694677,-0.013742649936079768,0.005930663275265741,0.005518991842999837,0.24737068000120768,-2.607497321964676,0.8087749214261283,3.7694393842348553
0.013494207282945224,-0.01372886077741523,0.005914991573573972,0.0055427242973330295,0.24866451227459133,-2.614964330847951,0.7882548247919053,3.7792793299668506
0.013499966886145662,-0.013716361343996777,0.005908728158652362,0.005564639146135354,0.25019785162690517,-2.6230453115914742,0.775344438179001,3.792311744486174
0.013512264545719715,-0.013709951262710332,0.005888610354113138,0.00557479050650024,0.24995719597762775,-2.6241145030128314,0.7565909405533038,3.790016093796051
0.01352560000325996,-0.013700623734208814,0.005867480298500352,0.005589931909890748,0.2501081473392502,-2.626969400092918,0.7352320325522156,3.7908108904526174
0.013535004812453854,-0.01368638935998294,0.005854768564741498,0.00561431056443692,0.2517122746548538,-2.634815328956032,0.716543968887746,3.802351722683318
0.01356731620554876,-0.013663167341060408,0.005803002383723929,0.005651134717904208,0.25210828044329586,-2.6409889592551905,0.6642755860652177,3.8035823020080843
0.013550263762290233,-0.013677705482502696,0.005829751989602881,0.0056277050843114886,0.2514371517835438,-2.6361108513888056,0.6929540138334306,3.7998157586539922
0.013389599297677166,-0.013805436723609288,0.0060743607791726014,0.005410529502945607,0.2460576819074689,-2.5809979886927636,0.9560722357780477,3.7567624433039
0.01280353212188355,-0.014208863178068897,0.006837274524315381,0.00455426569404549,0.22893114931191913,-2.2086366814758898,1.8196764615126766,3.4089505916163394
0.012791592144143002,-0.014219322347660978,0.006847831130460155,0.004530606367738429,0.2280835056343066,-2.1960162891290995,1.8346606654919724,3.394005221280612
0.012818144416921258,-0.01421428063583436,0.006807619325502098,0.0045522606999121645,0.22675141836145501,-2.2086727516574483,1.797280437222581,3.3972198723360245
0.012831133259651344,-0.014208709657572911,0.006790697062896845,0.004567906652544953,0.22660831261309297,-2.217244614860652,1.7796505925428274,3.4036079518199966
0.01245029992479992,-0.014391219576815592,0.007225427290951702,0.004031758940308129,0.22631786268389822,-1.8954189037863018,2.259725115614947,3.1149984058054723
0.012464177984258251,-0.014383417133539973,0.007212659829063378,0.004054631724510343,0.22667918105146503,-1.9098451016232383,2.244256108969775,3.1297892578413755
0.012408520946186158,-0.01441380711591903,0.0072639585265189535,0.003963764913378927,0.22566465896316998,-1.8519400067247955,2.305937181233817,3.0708950810448603
0.012394735218435107,-0.014421407624155462,0.007276180405598564,0.003940919468341532,0.22558661557693557,-1.8372665331068916,2.3207963527158957,3.055802992065672
0.01238096011998674,-0.014429108849558557,0.007288102236005972,0.003917843205453187,0.22541791381016255,-1.822431931067925,2.3354137002931394,3.040417099827991
0.01236708269921511,-0.014436740332258528,0.00730010149196825,0.0038947092558825063,0.22514758277265443,-1.807479593232932,2.350053261006105,3.0249699353026656
0.012422463843914771,-0.014422891894360461,0.007231447289209919,0.003960701204506654,0.22247336639020276,-1.8542698040854522,2.2817970793116786,3.0591237628019905
0.012436506189399793,-0.01441567538868653,0.007218206661109116,0.003982864131284992,0.2226011094072753,-1.8685137949997184,2.266260134293003,3.0732660232375095
0.012450693396404372,-0.014408276368590453,0.007204801347085936,0.004005325018436507,0.2227453887139987,-1.882858794110047,2.2504789622922985,3.087552955204913
0.012777918574392989,-0.014228636427954832,0.006862202869892865,0.004507926036493756,0.227616497229877,-2.1836555556275097,1.8522866991430889,3.3810714677262594
0.012722478035775137,-0.014244628575250329,0.006940050354294003,0.004451271033378091,0.22928201593696643,-2.1499964556800304,1.9289038407949588,3.362320838457634
0.012709589759821902,-0.014253204605903033,0.006953206914348015,0.004429643478426045,0.22882873208057045,-2.1377888924232944,1.9451459884244604,3.3495098440311715
0.012764091762710891,-0.014237192098622417,0.006877382699940073,0.004486334296358947,0.2272572440749626,-2.171727465337657,1.8701933194275424,3.3692055201527293
0.012750281722518358,-0.014245107773819174,0.006892993245504297,0.004465710624885109,0.22700778969099603,-2.1601858089488224,1.888128101832369,3.3581843955068265
0.012736915322693573,-0.014252497149067504,0.00690823048673523,0.004446093098045215,0.22681934260797512,-2.1490932406535674,1.9054635464204208,3.3477706075901534
0.01269656266265933,-0.014262021750535718,0.006966202293314106,0.004407445630001006,0.2283568800977195,-2.12520780138542,1.9613803710472502,3.336147234431889
0.012683280043052783,-0.01427102346374602,0.006979276974214951,0.004384703610929912,0.2278579583150424,-2.112252452345082,1.9777817827864475,3.322335249706432
0.012518703489442534,-0.014351763653190295,0.007162047107902623,0.004145208287459582,0.22763038039560715,-1.9661683595394328,2.18250618386803,3.18790531043602
0.012505138750832494,-0.014359593961841345,0.00717492754490109,0.004122877775630577,0.22745716955292636,-1.9523517054371873,2.1981235578449128,3.1737476260790527
0.01247793244122244,-0.01437547962248214,0.007200080461928766,0.004077536270672523,0.22701811933500646,-1.9241802990473487,2.228888662432048,3.1446074804073523
0.012491574443858853,-0.01436751309030763,0.007187549706204705,0.0041003166862909396,0.22727391758551505,-1.9383596174514075,2.213542068375016,3.1592961012301273
0.012669651028739667,-0.014279916562546693,0.006992869131272095,0.004361845979433291,0.22742429611340007,-2.099119212223554,1.9945721619347478,3.3085608936646054
0.012655728065596875,-0.014288398770771524,0.0070072003235910505,0.00433939249655014,0.22709001698748824,-2.0860617722132933,2.0117836345419366,3.295300968200357
0.012641792592933005,-0.014296522596968042,0.007021761803933615,0.004317416469781462,0.22682152405730313,-2.0731517445405125,2.02900321405436,3.2824450455021608
0.012627943004077243,-0.014304355330980944,0.00703633190114815,0.004295864498381108,0.22659331548709713,-2.0603758848474403,2.0460754861477795,3.2698758650157926
0.012614311911780458,-0.014312208108318103,0.0070503734256351916,0.004274312686751074,0.22633459095475048,-2.0475502962295873,2.0626972381492905,3.2570851010985327
0.01260091590143586,-0.014320391558864594,0.007063528621851387,0.004252273896590432,0.2259817275004292,-2.034450807803875,2.0787135090400657,3.243579500315534
0.01258754006169587,-0.014328754248731604,0.0070763016352439366,0.004229866055283951,0.2255989981453084,-2.021106555729082,2.0944829882501703,3.229620844191548
0.01257401152207122,-0.014337023928583463,0.007089262563136751,0.004207418961714847,0.2252524350964805,-2.007644590405668,2.1103639958244145,3.215648173577016
0.012560327454844181,-0.014345090069415709,0.007102537391542335,0.004185104489985753,0.22495446869814348,-1.9941442213924112,2.1264122826773986,3.201835216703016
0.01253282602882718,-0.014360436446121137,0.007129703713152378,0.004141360692090427,0.22451277987982435,-1.9673150320389112,2.158637892435507,3.17496724043834
0.012546554488481942,-0.01435288666530942,0.007116095421251985,0.00416306793516906,0.22471356480691615,-1.9806848484380686,2.1425676799817044,3.1882859136102826
0.012069228442128467,-0.014582756780315252,0.007542132832485833,0.00340543501945443,0.223103982579302,-1.4750991653090628,2.6392388899446835,2.68657598912559
0.01211220466147505,-0.014562866727874955,0.007510085263516095,0.0034764821923505425,0.22321500456613588,-1.524822999267615,2.601048147893455,2.7373565937284834
0.012097923597719482,-0.014569540030890974,0.0075208121641916715,0.003452858042815299,0.22324553155931245,-1.508342191145611,2.6138554543355004,2.720513398213193
0.012083620729762464,-0.014576222875298693,0.007531389891260845,0.0034291252020242327,0.22318287779917534,-1.4917610349202253,2.6265109782913356,2.7035269356574276
0.012125404458179445,-0.014572634889154891,0.007478058312868809,0.0034758346042628395,0.2199467415347047,-1.5303757846542885,2.5769778117808966,2.729155053542543
0.01216956141887851,-0.014536038047993312,0.007465381651490175,0.003570621991084124,0.2233664980518901,-1.5901444500670159,2.547960811922089,2.80371275018209
0.01215520966131259,-0.0145428476844178,0.007476684105998139,0.0035470488225383587,0.22328872993944252,-1.573881075769239,2.561413570047899,2.7871750585261865
0.01213980383423896,-0.014566139248760913,0.007466736545951465,0.0034990554143412267,0.21993601779297833,-1.5465638027543787,2.5637248924829277,2.7454337606026544
0.012154232334739674,-0.014559429335093901,0.0074555033786672525,0.0035225255086888305,0.21996323247061997,-1.5628098526653842,2.550436961783442,2.7619010376347326
0.012226391813947185,-0.014508381829264977,0.00741990668524825,0.003664174407728808,0.22359119220660886,-1.654046057632118,2.4935818351945165,2.868846213947028
0.012212243547873881,-0.014515272081014526,0.007431467320444321,0.003640996907654712,0.22357494735057612,-1.6382706947189887,2.5073635934695595,2.852824851360591
0.012183875264898567,-0.014529161216076307,0.007454057585713031,0.003594175664132043,0.2234646414593268,-1.6063222806372845,2.5344457186078526,2.820191403692863
0.012198100969967417,-0.01452222113150164,0.007442779048606932,0.003617658269948625,0.22354674924409626,-1.6223719475658165,2.520930189996759,2.836585119737226
0.01224007110626915,-0.014518009042360275,0.007387243974802021,0.003662623836441231,0.22041372496900138,-1.6584478173216493,2.4690954749773995,2.859210310574786
0.012268842032731776,-0.014504154740363468,0.007363010329496483,0.003708868331480552,0.22051830854581997,-1.689687328393968,2.4405346305233415,2.890615283093696
0.01225453183921968,-0.014511308161628197,0.007374803881848435,0.003685524945080544,0.22041850220349038,-1.6740310288430658,2.4546383216543197,2.874672912205876
0.012353220681076452,-0.01446150470582206,0.0072907029648899,0.003845437718679546,0.2212464591427263,-1.7802337383572004,2.3544400660016382,2.9822978009066827
0.012339084847021157,-0.014468841079517271,0.0073029756370395224,0.003822487780175145,0.22109379637762708,-1.7651959605387193,2.3691245252027375,2.9670198614915146
0.012324896577039864,-0.014476012248001715,0.0073153723026391435,0.0037996543244586535,0.22097671173246233,-1.7501283831032544,2.383828261758099,2.9518302345239262
0.012310694047740253,-0.014482964934652863,0.007327906118103554,0.003777046444597054,0.2209014846808756,-1.7350911141306786,2.3985377220436153,2.936818626086625
0.012296611465585383,-0.01448977199923867,0.007340288872478388,0.0037546694977852444,0.22083978322407524,-1.720129843174519,2.4130322165009876,2.921912140185842
0.012282754738941111,-0.014496801217931935,0.007351896391435453,0.003732073678616285,0.2207118755382069,-1.7050819251713605,2.4269324814580435,2.9065879016433542
0.012367315318276588,-0.01445402245544136,0.007278510632118331,0.0038684877083420845,0.2214221120727198,-1.7952386584946642,2.339745543709387,2.997639909698163
0.012923695027505153,-0.014142787893874674,0.006689412166788431,0.0047208511303416896,0.2302807401564843,-2.2964144532629236,1.6558329107523477,3.4866622357954595
0.012914533342647787,-0.014156413349272166,0.006693882475840387,0.004693749646495735,0.2286188744734479,-2.2828345000427794,1.6675318058382336,3.4672469384185627
0.012988810919209134,-0.014101423300540768,0.00660971519354881,0.0048165865458398216,0.23182724303655555,-2.3435818634672607,1.5648435014461162,3.531211278483156
0.012939588601318334,-0.014136527716177807,0.0066671435461650936,0.004737864840381281,0.22992367219749804,-2.3049858307140076,1.6334682880844933,3.4917020481807297
0.012959223891577415,-0.014134916145163573,0.006634623778700261,0.004748077216890414,0.22850041197853718,-2.3100455989520285,1.6053087185916468,3.4876402423635686
0.01297589601282277,-0.014129196458998466,0.0066104551359418085,0.004764013103642256,0.22807796029972885,-2.317789389194509,1.581802618192192,3.490966389037734
0.012990683522926991,-0.014120902340464968,0.006591441717919249,0.004783521204753071,0.2282649311651981,-2.3272011926536535,1.561128186999712,3.4988797743787967
0.01300274782988256,-0.014090661628691695,0.006593699921280353,0.004840019898608285,0.23242785000077726,-2.354829454171565,1.5451567601775424,3.543215391392598
0.0130133871651683,-0.01407937223460804,0.006583649168104368,0.004863197856216807,0.233578200939974,-2.365936236276096,1.530100900441959,3.5572283496575956
0.013030469836557881,-0.01407385059054384,0.006557904392015846,0.004878232753137272,0.23293792593494936,-2.3727429093915546,1.5054904534011975,3.558915285237646
0.013052014374675264,-0.014072411992310069,0.006521360048717627,0.0048872398056935265,0.23132107237730667,-2.3762092647458606,1.474632787550311,3.5517514882987853
0.012846774189750812,-0.014201752221559014,0.006770430265607162,0.004587013752498959,0.22652148074925957,-2.227573738902759,1.758418741918016,3.411464652678287
0.012914735309919859,-0.014175315825866695,0.00667779612226893,0.00466155248978306,0.22531929122573355,-2.266851461543651,1.6649469788513873,3.4365440687693236
0.012862818181840886,-0.014192514464399278,0.006751347262678259,0.0046099957779243495,0.22674822565196123,-2.239729109269405,1.7369165484135896,3.4226738451334353
0.012900223767768643,-0.014183013201594924,0.006695997986779777,0.004642432988632071,0.2252205565264469,-2.2570471260055194,1.6847067963046296,3.4282503183123585
0.012884057498101993,-0.014190199326549162,0.006717313474964304,0.004623313826225928,0.22529478302620945,-2.247118048368564,1.7067906231931265,3.4210235250545082
0.011938483325844929,-0.014638784264346104,0.007636947148792458,0.003191354328068981,0.22352704622267108,-1.321677513562672,2.7501508663878096,2.53141340921697
0.011924234133985639,-0.014645087304611976,0.00764616919440263,0.0031674109312603877,0.22384444776428972,-1.3044882929334785,2.7612083696184757,2.5136654335650266
0.011909880029044835,-0.014651454835439913,0.0076552606139181885,0.0031432085356163375,0.2238423028708245,-1.2871299323361605,2.772139748111534,2.4956927991947064
0.011950912351067317,-0.014648496488494762,0.007606329266506042,0.0031922444038132015,0.22042439707437625,-1.3289309092510384,2.7270333706093606,2.52561547864199
0.01199534252885631,-0.014632386690837171,0.007571292364279937,0.0032611980149985253,0.21971171646698215,-1.3796764537154973,2.688348610239339,2.574674322834678
0.011965411138960116,-0.014643591366461992,0.007594533862960805,0.0032143721108702007,0.2201413861967141,-1.3454171217959132,2.7142552179540336,2.541285271946912
0.011980332562095512,-0.014638267811795507,0.0075826456765432865,0.0032374136295884605,0.2198816725237059,-1.3624119364703347,2.7011932171261495,2.5576379117710126
0.012010275485007738,-0.01462610312857534,0.0075604553241853676,0.0032853549363919174,0.21963093209316753,-1.3969901022603386,2.6757739434069485,2.5920972684953614
0.012025072496376868,-0.014619502846037245,0.007550082619370943,0.0033097183557159516,0.21962218717574414,-1.4142640983003167,2.6634590088321493,2.609764039829853
0.0120395409564542,-0.014612568866633155,0.007540454481371262,0.0033341213940496594,0.21970728109022256,-1.431341192432465,2.6516443842570534,2.627601571305829
0.012053734836524554,-0.014605706687203445,0.007530922412998035,0.003358079840950414,0.21981902846501536,-1.4480602287508442,2.639929144408427,2.6450755951075116
0.01206805566680044,-0.014599320078039902,0.007520376449640073,0.00338145028438484,0.21980626612950546,-1.4645559221288031,2.627498156391241,2.6618181482977374
0.011737947748741229,-0.014688233955621804,0.00781358136054855,0.002896549495693289,0.23441179526059594,-1.091609893060367,2.9281971877498703,2.3245256971530366
0.011735501488103123,-0.01470403593796625,0.007791042562756818,0.002874369097447043,0.2256298492378281,-1.0792724644452694,2.9177256178239417,2.298296438826036
0.011782055027975764,-0.014671646377591769,0.007785957118257333,0.002970004552501978,0.23132369101414355,-1.1466199290763925,2.896747368257326,2.380040717663344
0.01179439404300732,-0.014681867773549769,0.007754358069299724,0.002971932509481481,0.22566354680732628,-1.1523069137424533,2.875754521057061,2.3722587915444415
0.011767369970506486,-0.014677221759479865,0.007795237139802434,0.002945561786098981,0.23312384703842637,-1.1283265312998951,2.907340397788429,2.361680558098487
0.011779689097113327,-0.014687428917871658,0.0077637285036820354,0.0029476357448334867,0.22551068779442082,-1.134187714812045,2.8864315262932965,2.353950706701337
0.011752667496161629,-0.014682750970092102,0.007804443311184753,0.0029210819069874026,0.23435770393679792,-1.1100015424306404,2.917806482586268,2.3431850191097636
0.011750265697654081,-0.01469852927232463,0.007782020355685954,0.0028988582757441196,0.22530688376020502,-1.0976684583107994,2.9074022762097083,2.3169288080499526
0.01176498916940028,-0.014692983699566132,0.007772937023191015,0.002923286173933661,0.22529309987603355,-1.115979613939178,2.896976039286885,2.335500818942508
0.01186607651950145,-0.014669283529838416,0.007684384786436504,0.003071031260232966,0.22406607286105437,-1.2344226900299293,2.8059940628626983,2.4422061396515855
0.011851419409454231,-0.01467525453649919,0.007693783218208316,0.003046739247503023,0.2241902851251484,-1.2166432374880978,2.8169738356383394,2.4240733705196758
0.011836636395571844,-0.014681176864140754,0.007703241358595589,0.003022299588749191,0.22423676035919682,-1.1986878625827355,2.8279662512910604,2.405805152061822
0.011821753421459072,-0.014686920338266579,0.007712924951489377,0.002997901458160231,0.2242576549035331,-1.180629301521311,2.8390720873045976,2.3875780028389744
0.011806891163642736,-0.014692454926849514,0.007722733852798564,0.0029737164568880915,0.22434876337128395,-1.1625982717214856,2.850190248058215,2.369510299829663
0.011908306865294935,-0.01466808927261225,0.0076323726862401855,0.003120059010029374,0.2202626854710725,-1.2775096632821594,2.7590202702534508,2.4717768294796247
0.01189364714068375,-0.014673856194230417,0.007642449638464374,0.003096354052307563,0.22040798316823393,-1.2601413766286884,2.7705718979110188,2.454348609961056
0.011879160051010161,-0.014679818612527859,0.007651848078984314,0.0030725239985517315,0.2204626218585697,-1.2427862774114475,2.7815751121647154,2.436658468827122
0.011718318635244288,-0.014725603112970687,0.007777393737073071,0.002827981656215873,0.22551647212754364,-1.053729411207098,2.912590191600458,2.2594319312446944
0.011733199276784607,-0.014720203459975531,0.007768370683290325,0.0028524210523808717,0.22536949578116627,-1.0721102797622934,2.902378580001137,2.277972211029336
0.011643643996824896,-0.014752115954309704,0.007821022385813102,0.0027050828806416383,0.22649081644433314,-0.9607879055817815,2.9617549639120138,2.165568787664323
0.011703469482205247,-0.014730924186434048,0.007786334553079157,0.002803609334916076,0.22576612557268286,-1.0353431880623043,2.922676445187127,2.240902370912227
0.011688651741888323,-0.0147363236190192,0.00779494347422482,0.0027791216303626643,0.22604360041175262,-1.0169102176033746,2.9324677686704885,2.2222065911949773
0.011673745692394972,-0.014741758998376271,0.007803424046380164,0.0027544246945529313,0.22624030007988294,-0.9983170851486584,2.942128921708846,2.2033051419910357
0.011658712846693097,-0.01474704885288086,0.007812109408174463,0.002729679905185346,0.22635157411348186,-0.9795718356344835,2.9518926453305876,2.1843747595175667
0.011716068609695781,-0.01474202043870194,0.007753899986208645,0.002805986940502356,0.22217039256529478,-1.0451317216499085,2.898500331005923,2.2367409045452793
0.011136613692675216,-0.014869097381817617,0.008115026479150054,0.0018943066105756793,0.2459773268677954,-0.309262070694293,3.2513019442771847,1.5379932430652101
0.01112130860346941,-0.014872644766016243,0.008120941279715448,0.0018687877900734045,0.245849610011745,-0.28871688210581176,3.256994764171966,1.5174948298351658
0.011132240768871966,-0.014884507125666977,0.008090036294353042,0.0018752456478314417,0.23917229634695866,-0.2995603236730621,3.236809586009145,1.514739432465183
0.01116719007004694,-0.014861858424551644,0.008102952312972377,0.0019453061154089265,0.24680533997928555,-0.3501703673030602,3.2395398320737425,1.5790738405060365
0.01115190756865576,-0.014865501922029584,0.00810902843350825,0.0019198201497996302,0.2466721634040603,-0.32975240845339054,3.245477411140799,1.558540719325172
0.01116295007694122,-0.014877296277764024,0.008078052392664585,0.0019260920980433396,0.23777897472773166,-0.3403459657071382,3.2253062309704803,1.5554315117857185
0.011147609964556356,-0.014880941061693078,0.008084050887467971,0.0019006784716768864,0.23845078258867328,-0.3199704109491765,3.2310978733287627,1.5350830681099146
0.011182461035313321,-0.014858166927964265,0.008096797854018544,0.0019707656164402424,0.24669256241543078,-0.3705252315904653,3.233501780949664,1.5995645652010777
0.011178258124187773,-0.014873590215696154,0.008072012835876718,0.0019514701047736672,0.23725276161979406,-0.3606771771754504,3.2194147641354003,1.5757631407993642
0.011197720302754953,-0.014854427471532412,0.008090564439925431,0.0019962014704396503,0.2466101884998477,-0.3908241402670574,3.227373871445824,1.6199999480491598
0.011193539852053043,-0.014869830519974182,0.008065914901678213,0.0019768141025139564,0.23676403613657873,-0.38096053648097933,3.2134084989985454,1.5960694059590674
0.011228203096582519,-0.014846804839638699,0.008077867058682901,0.002046977934641578,0.24477974879637196,-0.4312959049696859,3.214843193999944,1.6605744869392094
0.011239276587061857,-0.014858293439869176,0.008047125664191168,0.0020526597165707976,0.23599161347435807,-0.4414984699369247,3.194636182048908,1.6567911795153805
0.011212967710514192,-0.014850640095209082,0.008084254067940265,0.0020216058897726415,0.24601754159486014,-0.41107444104514546,3.2211579974206983,1.6403436546251005
0.011224039318645499,-0.01486216802570601,0.008053503516510007,0.002027407396518861,0.23613262284511125,-0.42137202251722655,3.2010335333625943,1.6366029220858096
0.011208798093344614,-0.014866018425372564,0.00805975491355393,0.0020021272593652895,0.236358653635551,-0.4011931121334689,3.2072854340278947,1.6163543680948338
0.011265735676323496,-0.014866145483110235,0.008009968281906685,0.002083460024524878,0.2345345581423798,-0.47706019163141855,3.1644345151542947,1.6795257144568752
0.011250460640888709,-0.014870034359487696,0.008016581846100497,0.0020583706378111584,0.23499547916442684,-0.4571007314082132,3.171084833257168,1.659589481103408
0.010952258507486398,-0.014908482834330765,0.008180673786511812,0.0015870197198303404,0.24991204451674465,-0.06064327590128301,3.31158494362599,1.2896955010979974
0.01096264409801394,-0.014920751318346463,0.008150075634915847,0.0015943639886256812,0.2447616345452143,-0.07282298864435534,3.29136889371378,1.2887709433739707
0.010967676347966868,-0.01490546659203643,0.008175646651663137,0.0016127166375946467,0.24941431862269128,-0.08157304923612173,3.3072509508282573,1.3103674816552555
0.01097811535527179,-0.01491775841056481,0.008144912100177627,0.0016199450891669174,0.24412366304831443,-0.09357331260648925,3.2869432501551485,1.3093763025791396
0.010983084736969087,-0.014902401901103013,0.00817053532131289,0.0016384155033466283,0.24968379238576163,-0.10248608330558706,3.3027653128422414,1.3311225793752643
0.0109935828737062,-0.01491468922503946,0.00813971338996264,0.001645536388679828,0.2434043956928413,-0.11430871085649162,3.2824300270192803,1.3299854277406737
0.010998483515463568,-0.014899288792197036,0.008165343265972784,0.0016640983342757645,0.24992154536735414,-0.12335398340513755,3.2981434128272427,1.3519211892140408
0.011013872524174524,-0.014896127296621688,0.008160072150358995,0.00168975667245606,0.2498124411480702,-0.1441739375649846,3.2933933452085866,1.372724121880103
0.011009034522882766,-0.014911548710435688,0.008134478602289724,0.0016711185974988632,0.24275616868048425,-0.13501643844147035,3.2778284400097877,1.3505895898176254
0.011029251603586674,-0.014892917446321189,0.00815472146469746,0.001715393010207663,0.24948243229913838,-0.16495599338631348,3.288515516482512,1.3935192781732113
0.011024471577991463,-0.01490834923250745,0.008129184733573692,0.0016966853240254181,0.24219591419988581,-0.15569108800706333,3.2731238025535743,1.3711735130210234
0.011044620593952054,-0.014889659273885168,0.0081492895359436,0.0017410154368992638,0.24930042512931724,-0.18570591370527875,3.283512553148816,1.4143181509888418
0.011039901338962287,-0.014905097244736156,0.008123815211169156,0.0017222419682042208,0.2416562163553951,-0.17633681132275295,3.268303187206205,1.3917328086838392
0.011105992462224282,-0.01487614403740323,0.008126768345347942,0.0018432834957558882,0.24739574350200022,-0.26816317959514785,3.262535535480609,1.49705144012116
0.011116866747384727,-0.014888005447796034,0.00809597052124252,0.0018498159750920545,0.23958346401492112,-0.27912864242391083,3.2424175136186224,1.494383601519406
0.011090665429940793,-0.014879595159429932,0.008132512315503755,0.0018177737228596868,0.24946251472950262,-0.24762008307182196,3.267927607873384,1.4765549874670416
0.011101505336447543,-0.014891481918469689,0.00810176008327358,0.0018243779916502585,0.2396396454406217,-0.2586673531413702,3.247868834179371,1.4739527922582596
0.011075327667428128,-0.014882998096217485,0.008138181169778698,0.001792222955248722,0.2501529489950025,-0.22705022993592197,3.27320554802284,1.455904131407862
0.011086140358476182,-0.014894959406645996,0.008107377320065891,0.0017988947493457347,0.2397972680442039,-0.23815151132912973,3.2531533570677564,1.453422490820526
0.011059979335296836,-0.014886352812552904,0.008143775292155632,0.0017666291200765308,0.24964833848812748,-0.20641188650836048,3.2784012156416438,1.4351276683960534
0.011070747918920447,-0.014898406989462236,0.00811289429145409,0.0017733590084482041,0.24033718508652277,-0.21757643224121373,3.258309530318655,1.4328469670660253
0.011055329227780105,-0.014901787403324679,0.008118375735142016,0.0017477998890297337,0.24103852733208245,-0.19696481678881972,3.2633621544159688,1.4122827544351166
0.010704416366638627,-0.014950131067195255,0.008250078462082533,0.0011739922322173055,0.25968165578531116,0.2770842530143972,3.364111305590273,0.9548987981408127
0.010714154926239767,-0.014962797333186076,0.008220143770722632,0.0011828590547172042,0.2521480634012423,0.2631334526314543,3.344835041071238,0.9550268370259029
0.010719964030119584,-0.014947893672597863,0.008246347755387058,0.0011999168285692886,0.25980678597456536,0.2557943745126991,3.361750397987455,0.9759787088940189
0.010729737091142076,-0.014960528738703975,0.008216389758481601,0.0012086681755537011,0.2514668776103288,0.24197138303690915,3.3424154838494995,0.9759996063742173
0.010735504747544684,-0.014945607421372954,0.008242535941196432,0.0012258280253101862,0.2599488054973072,0.23454029212359986,3.359277237123001,0.9970626761177251
0.010745311644955012,-0.014958193865600064,0.008212586621091303,0.0012344758267170658,0.2509640741031603,0.22082269893040066,3.339893744404391,0.9969964081322956
0.010751038364750519,-0.014943272334665861,0.008238646027463912,0.0012517052278654321,0.2589301682914301,0.2133241828423302,3.356684852702093,1.0180670223368449
0.010760875134667272,-0.01495582716379098,0.008208672491078171,0.0012602585432675755,0.2507279491852086,0.19970286119319614,3.3372383691099157,1.017964349428104
0.01076656472721855,-0.01494088843417703,0.008234676260250023,0.0012775602325232709,0.25719090734701966,0.1921119791641803,3.3539534996862357,1.0389963128267037
0.010776433291268693,-0.014953444561125066,0.008204615366694624,0.001286012420224432,0.2504145761756574,0.1786160194744478,3.334427355827191,1.038863386649421
0.010782083680081914,-0.014938455742167742,0.008230621823867735,0.0013034245302112853,0.25651427383856606,0.17088354434002273,3.35108067723506,1.0599553259165857
0.010791992094410322,-0.014951012265718128,0.008200474480207416,0.0013117628883602438,0.24974108004431192,0.15754907951211838,3.331489296087948,1.059734723347965
0.010797595068132215,-0.014935974281465736,0.00822648254726276,0.001329299153106208,0.2571607207594039,0.14966731551951531,3.348088288866082,1.0809944915225833
0.010828594527293183,-0.014930865148160086,0.008217969922309522,0.0013809516087067888,0.25586845006957004,0.10737855022894098,3.341785527191233,1.1229298727871084
0.010838660524188143,-0.014943305716629817,0.008187757538382752,0.0013890678767554839,0.24841418039899657,0.09440570352013228,3.32205116231454,1.122496442205826
0.01084408228634059,-0.014928237524093783,0.008213596512039872,0.0014067294585651225,0.25350503586198314,0.08624685881137677,3.338424704310499,1.1437400864794998
0.010813098735826325,-0.014933444075470769,0.008222263996486626,0.001355149177236472,0.25738961293407164,0.1285020843834229,3.3449944599176704,1.1020234608575634
0.01082310776552557,-0.014945908112736132,0.008192108629677062,0.001363312245743878,0.24850579420515836,0.11543188552694526,3.3253322838099826,1.101595168259184
0.01080755192056909,-0.014948494259077856,0.008196315598710294,0.0013375340019723908,0.24895800322219763,0.1364858665280758,3.3284617716622074,1.0806476979667379
0.01164070631099603,-0.014768576048866085,0.007797572251426633,0.002682847485155631,0.22326698422024996,-0.9520936927015843,2.9475788510180734,2.1428650195852392
0.011625629755837903,-0.01477339528464468,0.007806590738880327,0.0026585833513170644,0.22356941899821806,-0.9334548262084897,2.9573803279549598,2.1243735908692236
0.011553702426677226,-0.014781913746215354,0.007871352768523297,0.0025574778136391303,0.2281913433274669,-0.8476251610706305,3.017340628072825,2.051823054462363
0.01153869102287973,-0.014786786670197274,0.007879316295584684,0.0025327492150915465,0.2284871019997923,-0.82859178700976,3.026093975961167,2.0326390922948967
0.011523657264842717,-0.014791602649339305,0.007887225707889889,0.002507997062595161,0.22878903581942914,-0.8094979424905118,3.0347505224293894,2.0134100025913884
0.011610698142223194,-0.014778520684675387,0.007814777617056436,0.0026340974751102738,0.22378664818816443,-0.9148353880461233,2.966535137884066,2.105540698668445
0.011595726248919844,-0.014783644096254059,0.007822839593371227,0.002609506322697208,0.22401724585929902,-0.8961258664985544,2.9755519882078016,2.086588931575869
0.011580665615340555,-0.01478838287526603,0.007831460102301728,0.002585165212064752,0.22433293463041806,-0.8773689338816572,2.9848908515224437,2.067919216970502
0.011565612152712408,-0.01479311646723061,0.007839912139315954,0.0025607782526819336,0.22464767329465032,-0.8585595785151522,2.994056951912862,2.049159382941578
0.011508605387525796,-0.014796399189476164,0.007895013743338229,0.002483187216819931,0.22910604814208194,-0.7903418071116198,3.043263304208675,1.9940997201052308
0.011493538117962549,-0.014801174799847288,0.007902679391159802,0.002458325485483012,0.22940091590502099,-0.7711301296596434,3.0516302682518135,1.974715869853547
0.01147845414126285,-0.014805852892796447,0.007910352917762535,0.0024334897351879826,0.22968523395816456,-0.7518744643703058,3.0599415670024643,1.9553369712822748
0.011463380220793988,-0.014810455341373182,0.007917971120955354,0.0024086915758700206,0.23001851097261497,-0.7325999425078001,3.06814958364572,1.935961219887296
0.011418076775000995,-0.014824205186741426,0.007939965791591034,0.0023339341614910416,0.2309225536578441,-0.6744547002887584,3.0918068029112256,1.8773384107806503
0.011448325758805071,-0.014815094896359288,0.007925333843046676,0.0023838289445436175,0.23036769937485027,-0.7133032605974067,3.076113117781883,1.9164840407167887
0.011433231154591007,-0.014819729921203057,0.007932570713701308,0.002358866974308735,0.2306586308688843,-0.6939231465574239,3.083932200074194,1.8968976497321954
0.011281077028726142,-0.01486227188308007,0.008003094109463961,0.002108580243248732,0.23409193602397638,-0.49707710209930855,3.157530045312372,1.6994534724570176
0.011311906853736524,-0.01485437782444859,0.007988945565924213,0.002159006382384795,0.23344587089255378,-0.5371875842644479,3.1432310525700147,1.739363848862926
0.011296484411700265,-0.014858394557972311,0.007995992188622262,0.0021337450051349886,0.2337230227232572,-0.5171411494213601,3.1503937624239504,1.7193774780868913
0.011342519353563655,-0.0148458448652921,0.007975409120141075,0.002209524989704091,0.23282403953056052,-0.5769072072987688,3.12913749864537,1.7793389516427645
0.011327263283172821,-0.01485016171086568,0.007982131474619673,0.0021843112324931146,0.23316974312159847,-0.5571235324937276,3.136177317255161,1.759391278352753
0.01140294407491566,-0.014828535408384845,0.007947415593713673,0.00230912211660603,0.23125244999955874,-0.6549888948476559,3.099652076382799,1.857863330571117
0.011387871125835008,-0.014832850570674067,0.007954661758781829,0.002284353685334889,0.23164331755904646,-0.6355594567889478,3.107284223122051,1.8383835684752066
0.01137280465695688,-0.014837186935789087,0.007961693718230326,0.0022595235333090348,0.2320384959743,-0.6161021598168425,3.114705346101974,1.8188176135069363
0.011357693558914224,-0.014841517932473335,0.007968604976504088,0.002234589226748174,0.23243022268982863,-0.5965597809245967,3.1219863423733116,1.7991436982244762
-0.004992521916041814,-0.009270574751727665,0.0011900084789596024,-0.008171639653909378,0.39270158606706596,-0.7682890244523782,2.4313414762281327,1.5901163484887755
-0.004996627710876592,-0.009254688047732464,0.0012166583745456324,-0.00816973434364363,0.39729418623259954,-0.7849040086303364,2.428186405636776,1.609944345483114
-0.0049652171530098045,-0.00949221068010184,8.286214770337032E-4,-0.008218256014542053,0.33502664228659645,-0.5375656022966969,2.4882539423540724,1.331690936082585
-0.004971249019612744,-0.009460138542224368,8.817649248124646E-4,-0.008215728923774998,0.3447793712124705,-0.570824527798182,2.483532999847443,1.3702696088599575
-0.004967415713026029,-0.00947574523955274,8.556301851026827E-4,-0.008215973136724173,0.3397068531795913,-0.554669644984867,2.4850917732669715,1.351013701939906
-0.004959936033568721,-0.009449932741516795,8.945066137086786E-4,-0.008199209934260156,0.34296737628994123,-0.5818847070933719,2.4700114966141893,1.3754048046858662
-0.004959199074333602,-0.009436020085567803,9.163816257265104E-4,-0.008193897931579727,0.3458507200101888,-0.5963704423914339,2.4646813774470098,1.3902235331173356
-0.0049882647993502605,-0.009303192471475165,0.0011369975146393464,-0.008180014200005676,0.38484296186567685,-0.7343339358065131,2.4412043846816966,1.5520848769556146
-0.0049866259519148306,-0.009319103791386328,0.0011112700582979276,-0.00818439077716515,0.38107650224248596,-0.7177726413952322,2.446201084870878,1.5337797252331031
-0.004985395289569718,-0.00933480142358131,0.001086004288866279,-0.008189019279064067,0.3774482559032564,-0.7014279001111188,2.4513458794740397,1.515932469640003
-0.004984229375916751,-0.009349964954481958,0.0010615719375666845,-0.008193380108386645,0.3738977057789885,-0.6856252869843001,2.456203231814601,1.498675450781395
-0.0049814692424301095,-0.009364875712797854,0.001036926199755081,-0.008195632050097637,0.3697218241136592,-0.670081656843204,2.459371231634981,1.4807179304236964
-0.004978186145142495,-0.009380677898009109,0.001010678970323787,-0.00819745643496761,0.36509481976959596,-0.6536308319311748,2.462278121494982,1.4615012404286727
-0.004958558601220084,-0.009420045532749135,9.415042329380074E-4,-0.008187903289682162,0.349167769761665,-0.612968512677159,2.4586137904413143,1.407303345009787
-0.00495911133360179,-0.009403618162819769,9.676857720976648E-4,-0.008183009283947778,0.35295842614814865,-0.6299937802319836,2.4533183204645717,1.42550332037247
-0.0049602972144666925,-0.00938689775131613,9.945050343422859E-4,-0.008178600612438401,0.3569942575430245,-0.6473047193811973,2.4483405222106094,1.444354619377571
-0.004972767338403196,-0.009293124572166214,0.0011465343571104706,-0.008157704307384687,0.3806080814536885,-0.7443223475514383,2.422814507441343,1.5531548232129067
-0.0049744524373706986,-0.009276618146048578,0.0011730002940810054,-0.008152897626165723,0.384364487294248,-0.7613688406956567,2.4173518761665496,1.5719233112289734
-0.005002718828951161,-0.009223506224306687,0.0012681138371628787,-0.008163245006067204,0.40531374431930417,-0.8174818879817171,2.419760412386633,1.64760395893053
-0.0049994911963223984,-0.009238648205141796,0.0012430138450659127,-0.008166149386002033,0.4013079224619382,-0.8016515890803068,2.423679075349963,1.629148550287676
-0.004992137622997592,-0.009213399037313788,0.0012790888797394625,-0.008146218962667129,0.4026670381211451,-0.8272742406200353,2.405289026924277,1.6511917426771838
-0.004991146355394528,-0.009199624728527133,0.001299997588726237,-0.008138755729210813,0.4045486281098308,-0.8413265353733469,2.3978913812960276,1.6651290589351901
-0.004991338234384125,-0.009183639153352957,0.0013248048938311102,-0.008131535316031674,0.40722234564565013,-0.8576806277666318,2.3904020016432166,1.6821577773426861
-0.004992701212536789,-0.009167340773596952,0.0013505829038954892,-0.00812539186454086,0.41035512675342817,-0.8744110793833914,2.383686423445834,1.7002783583101697
-0.004994416031951156,-0.009150654460668015,0.0013770734848052655,-0.008119316758417717,0.4136272080303583,-0.8915413197292615,2.376944891904174,1.7190081003810944
-0.005005326272988107,-0.009117426269471223,0.0014334855928853113,-0.008115531218065422,0.4230675533696308,-0.9264059803666818,2.3699336735035046,1.7617610726608999
-0.004996199502312608,-0.009131793856457921,0.0014068761553740047,-0.008112072723494788,0.41714232548074465,-0.9108536853387557,2.3689862063667566,1.7400001347094691
-0.005012297626673427,-0.009086564431182576,0.0014842791759139137,-0.008107720413279073,0.43026149330994184,-0.958498876000277,2.3598995417612394,1.79913303224189
-0.00500445123595677,-0.00910062174642121,0.0014587256720995296,-0.00810586343046217,0.42499228349024726,-0.9433192390738209,2.3602303535746967,1.7785494206992978
-0.005011244045628953,-0.009070228479593882,0.001508594190685703,-0.00809778764557534,0.4319159054593983,-0.9748424749521664,2.349965003785679,1.815162580754269
-0.005004541310055598,-0.009051783502502337,0.0015329000785561096,-0.008079940566168663,0.43137651241492986,-0.9923522047172745,2.3335120941183525,1.8287187111417242
-0.005002799281220624,-0.00903446111847204,0.0015580281091824566,-0.008068345563663029,0.432669556723381,-1.0093114815122701,2.3220590970146353,1.8448428737530385
-0.005005838138361245,-0.008909599699142312,0.0017447049249106792,-0.007997941823776061,0.44606913014174143,-1.131518363074358,2.24863678389994,1.9699166335793326
-0.005008755941235944,-0.008927753799421637,0.0017199718079876642,-0.008012611667551921,0.4459262550314055,-1.1147399504997244,2.262888613817642,1.955067120867668
-0.005003353920060539,-0.009017362754601299,0.0015839818066160436,-0.008059389386524923,0.43485707220160846,-1.0263176831554233,2.3126675080163195,1.8624564857774892
-0.005005383009146275,-0.009000675653929428,0.0016100777936819395,-0.008052219792366285,0.43753781088309057,-1.0431058351340603,2.304691956274553,1.8807698169122335
-0.0050037620109030035,-0.008944202971392723,0.0016927642709760472,-0.008016908037015576,0.4422386558631836,-1.0978516597554162,2.268789188822326,1.9348788073487653
-0.005005207316703977,-0.008964532707900078,0.0016636596433526622,-0.008030826836115642,0.44106551112911024,-1.0784587266552175,2.2826923944660638,1.91632851798093
-0.005006625026871964,-0.008983508544604243,0.0016363645978532914,-0.00804369169402592,0.43985654064648033,-1.0601892645334032,2.295543278549607,1.898842918644185
-0.004979636929687473,-0.009715960150833284,4.6878239931139737E-4,-0.008286034302303682,0.28098676262261685,-0.30087249754069095,2.556440357558967,1.088336721348368
-0.00497894846051486,-0.009731726980082135,4.4278746259599627E-4,-0.008287710437518359,0.27606411208951404,-0.28439133741430744,2.558771071936961,1.0703453145902582
-0.004978142670072933,-0.009747464814419687,4.168124409705208E-4,-0.008289101900398763,0.27100974275246736,-0.2679471470099006,2.56088027125288,1.0523313783245447
-0.004977216338996048,-0.009763208918812794,3.90805690138377E-4,-0.008290211074105594,0.2659571095407442,-0.25151239238358575,2.5627736729746533,1.0342664608598071
-0.004980385840786627,-0.009700120973262512,4.948908563321752E-4,-0.00828427385862373,0.28570963439959435,-0.3174240318875419,2.554030499541057,1.1064312366287867
-0.004984531859669641,-0.00965273928739707,5.732804503249008E-4,-0.008280394132391641,0.300129478273969,-0.36692499269149353,2.547763518702418,1.1615448760479825
-0.00498299578603287,-0.00966844717707579,5.472633395244504E-4,-0.008281632847355204,0.2950415189290121,-0.35049892519355286,2.5498225757491864,1.1431687760964488
-0.0049814148612887755,-0.00968421680140397,5.211399787441727E-4,-0.008282688252054755,0.2902698877757686,-0.3340366394434005,2.551731606231337,1.124734078974818
-0.004971427657112283,-0.009643732337172445,5.853442269512119E-4,-0.0082631215654495,0.2981957135278778,-0.3781669615286763,2.5342125952378463,1.1661213332433695
-0.0049718400759454625,-0.009628077357013494,6.109102316192621E-4,-0.008260343484810561,0.3025768085555312,-0.3945788355564523,2.530953485502305,1.1838138690801199
-0.004974791864341711,-0.009580747548127625,6.884531843097622E-4,-0.00825309857632637,0.31621504506522685,-0.4440669037996881,2.52187834819121,1.2380749159781788
-0.004973626643031136,-0.009596357460138474,6.628516838803498E-4,-0.008255403317717907,0.311695296624321,-0.4277534792729433,2.5248235347905426,1.2200853684565025
-0.004972612481040751,-0.009612189943678342,6.369081787201552E-4,-0.008257796341124746,0.30712647326079834,-0.41120158342272645,2.527836194418516,1.2019223823547112
-0.004963536493075316,-0.009508505401857487,8.020264583595424E-4,-0.00822094502318924,0.3304986298106774,-0.5206244927434022,2.491687779492379,1.3128285926251093
-0.004960915029318847,-0.009571931863566608,6.993380349231974E-4,-0.008234576943566036,0.3137295498178327,-0.45447228246726973,2.507248829654056,1.2413121664591606
-0.004962210424442573,-0.009524707823084483,7.756611716441199E-4,-0.008223874180080937,0.32606947502756256,-0.5037687476707106,2.4952760559938216,1.2942498188206673
-0.004961021106195084,-0.009556699739426685,7.239082101191727E-4,-0.008230898050870794,0.3176543641535164,-0.47040079269011986,2.503237723380725,1.2582530755958585
-0.004961352089629653,-0.009540832786500343,7.495234296871022E-4,-0.008227183106692295,0.3217670370427616,-0.48696896033269327,2.499125061964612,1.2759856371171188
-0.005000098691445171,-0.009968584960421896,5.236179860330914E-5,-0.008333025601442369,0.20952974943270472,-0.03014908314023747,2.606682215913426,0.8088273374804947
-0.004986266217316934,-0.00996058876685587,6.539157572107923E-5,-0.00831616472769455,0.20425379743342162,-0.04530037901109112,2.594336673980532,0.8176555003423757
-0.005000024673443877,-0.009984292236633437,2.621211350365474E-5,-0.008333148922614303,0.2029095544717243,-0.013959799070525842,2.6077087087083965,0.7912219331584053
-0.004986169545641287,-0.009976301313077073,3.9325849193557745E-5,-0.008316335842473087,0.19931122382208846,-0.02886153807238301,2.59544188259188,0.8000295352365864
-0.0049720924369151065,-0.009952561174954697,7.830389051585615E-5,-0.008299558106267119,0.20545978881508134,-0.05425037887994486,2.5820600807066043,0.8204691332110242
-0.004972191832408031,-0.009936778308230412,1.0435274097201097E-4,-0.008299174040741908,0.21058632702462954,-0.07067017705160826,2.5807686020900302,0.8381044044898207
-0.0049724125013911906,-0.009920939054667658,1.3049528100007746E-4,-0.008298787974323464,0.21571143396131695,-0.0871437122094645,2.5794666104135953,0.8558572742736957
-0.004973065718093019,-0.009889300419015765,1.8271779915681057E-4,-0.008297839056384254,0.22597593023285675,-0.12006150996396552,2.576723807550245,0.8914378912078612
-0.004972722558496176,-0.009905102098118958,1.566356228969534E-4,-0.008298364249137111,0.22085105333935975,-0.10361700590998964,2.5781325812761398,0.8736544842774058
-0.0049763093436347074,-0.009778980713261637,3.647542907530019E-4,-0.008291205145856394,0.26098770594567217,-0.23506106554888287,2.564576241080527,1.0161962736044403
-0.004975528259018045,-0.009794783645522415,3.386644917823053E-4,-0.00829220926968005,0.25607121076225225,-0.21858264218274023,2.5663799816528474,0.9981636317004671
-0.004974908861464351,-0.009810602762284466,3.1256128220582717E-4,-0.008293262978591799,0.25116098965219896,-0.20208837831566354,2.5682122126760576,0.9801966196630932
-0.004974453242178136,-0.009826411337264689,2.8648503520234186E-4,-0.00829436544945872,0.24623062954398203,-0.1856034704806437,2.570069307408629,0.9623203665073109
-0.004974121688327566,-0.009842171287498005,2.604918409062203E-4,-0.008295466580144566,0.24124401322433608,-0.1691666813185322,2.5719126634688423,0.9445548087389551
-0.004973808790986757,-0.009857868684341391,2.3459517899459455E-4,-0.008296442728548225,0.23618359479893566,-0.1527986541942812,2.573654839740946,0.9268701116569922
-0.004973440943713588,-0.009873557060352704,2.087036520724574E-4,-0.008297213561902701,0.23108294273157184,-0.13645312490839376,2.575242640512277,0.9091808809621683
-0.005006313686650811,-0.010251191169966171,-4.186721364570659E-4,-0.0083226659448953,0.11345497719039731,0.2645199661149654,2.6161355367859533,0.4956863594814184
-0.005007127309040209,-0.010266875049167085,-4.4483235732859573E-4,-0.008321308929657172,0.10935192233504969,0.2811042270799571,2.6161628381532687,0.4785888478842575
-0.00499266693375902,-0.010259699858939422,-4.306970913743919E-4,-0.008304980468859658,0.10289289107288456,0.2660261510120938,2.605444016711194,0.48752892472489373
-0.005005549329206298,-0.010235504770669994,-3.924937496612571E-4,-0.008323941526017535,0.11725584400934423,0.24792315045190907,2.616089982236058,0.5128762654497956
-0.004991835467719458,-0.010243938983506602,-4.0455646187397644E-4,-0.008306265918328703,0.10867084832689879,0.2496130936963957,2.605319401282006,0.5046859460381916
-0.005004834243983441,-0.01021981599104591,-3.6632461582833024E-4,-0.008325134293887652,0.12196428158298112,0.23142055532595882,2.616013208470868,0.5301193327587577
-0.004991100183866347,-0.010228184023162619,-3.7843237588134157E-4,-0.008307518894988755,0.1143766487756961,0.2332653775032841,2.605166411606922,0.521834787511143
-0.0050041684379369305,-0.010204124970286513,-3.401654935204985E-4,-0.008326244236911093,0.12727830080873256,0.21502472122079072,2.6158779011544118,0.5473779098555605
-0.00499043944081131,-0.010212442306569066,-3.5233078502541044E-4,-0.008308713961912932,0.11987589013479183,0.21694259482513864,2.604973842173038,0.5389836318261491
-0.005003551917708424,-0.010188431847002629,-3.1400863530008934E-4,-0.008327271746745458,0.1327347102488372,0.19870778589284108,2.615668939412987,0.5646414418125892
-0.004989835196089399,-0.010196708225543484,-3.262401291382504E-4,-0.008309832017159097,0.125271475187677,0.2006112238460239,2.6047383342225188,0.5561539321930874
-0.005001578817366836,-0.010125641080081594,-2.0942038647529514E-4,-0.0083305583366986,0.15699383142722387,0.13384049833795703,2.614130201183949,0.6336803718018019
-0.004987457160100647,-0.010118157314288593,-1.9594960151871383E-4,-0.00831405307856987,0.151006155456212,0.11870845437418724,2.602754759498106,0.6424667967176632
-0.005001998133844807,-0.010141341239237565,-2.3555595670862959E-4,-0.008329860263070785,0.15026025070886564,0.15004368334914892,2.6146112865895588,0.6164428077492836
-0.004987881418301167,-0.010133846865756139,-2.2198090060232653E-4,-0.008313427675072272,0.14606235676377657,0.1351368356771712,2.6032961559577106,0.6251306426660069
-0.0050024667597618295,-0.010157039844353498,-2.6169920553429716E-4,-0.008329079839162184,0.14400988498259187,0.16622983884214595,2.6150303969430344,0.5991834670036417
-0.004988316272986546,-0.010149538395665084,-2.4801166938468486E-4,-0.008312677756061657,0.14107930864978802,0.15152686788529304,2.6037523909059783,0.6078454270443067
-0.005002984689635676,-0.010172736759216247,-2.878522851651592E-4,-0.00832821695611038,0.1382878435717414,0.18244710089878205,2.6153849852968545,0.581911320970802
-0.004988777849094348,-0.010165248879524432,-2.740690152901548E-4,-0.008311818916408741,0.13590920360692563,0.1678978154610398,2.6041349973236154,0.5905899025123098
-0.004989282301598531,-0.010180975916815164,-3.0015096050590713E-4,-0.008310868167119088,0.13061890359920644,0.18426149410369588,2.6044603633232377,0.5733570861877016
-0.004986409167181629,-0.010070940940708041,-1.1762561686291187E-4,-0.008315368964711864,0.16706020591878104,0.06936992548903075,2.60072820183489,0.6948043442195103
-0.005000394746384635,-0.01006282760556967,-1.0472510149467974E-4,-0.00833253191837473,0.17766017657269648,0.06802875336917259,2.611740578467067,0.7030443040353824
-0.005,-0.01,5.8245787818344344E-8,-0.008333190087239803,0.19637123485138433,0.0022319309636527024,2.6086533808224406,0.7735794206159919
-0.004986085847570896,-0.009992016881474703,1.3255159832189126E-5,-0.008316384682570342,0.1944159204502933,-0.012472191979814666,2.596463242841893,0.7824599182518385
-0.005000024673443877,-0.010015707763366567,-2.6116443546422442E-5,-0.008333149053270037,0.19068817721429046,0.018515786225627228,2.609518260495702,0.7558991595310841
-0.004986019419969597,-0.010007760023999281,-1.285737015100549E-5,-0.008316314891231781,0.18932647121846793,0.0038745664584784677,2.5974045814878184,0.7649228145840201
-0.005000098691445171,-0.010031415039578108,-5.231495567725114E-5,-0.008333025702983625,0.18610644060226422,0.03493513686385479,2.610314987493679,0.7382198669208972
-0.004985996737013881,-0.01002354041899073,-3.902601589851037E-5,-0.008316154415425351,0.1839155821778259,0.020210392859733337,2.598286114799931,0.7473907356623858
-0.005000222050368731,-0.010047121697559922,-7.852313005673908E-5,-0.008332819974296319,0.18201957880532663,0.051461196620718914,2.611053589619433,0.7205919306667612
-0.004986049422539658,-0.010039346022410555,-6.52332590631765E-5,-0.008315937659358551,0.17826778679036148,0.03656851346140044,2.599130608851351,0.7298522475323077
-0.004986190007730999,-0.010055152257471871,-9.144250475386915E-5,-0.00831567894260917,0.17261312930724024,0.05295839394218447,2.599948024435729,0.7123182537983559
-0.004972927259517319,-0.010110735307192408,-1.8276535225053616E-4,-0.008297725418294058,0.1532568530514438,0.11021987834674841,2.5908939735438623,0.6449439595760457
-0.00497198118171443,-0.010079205951311008,-1.3070747907840507E-4,-0.008298312183703797,0.1637023318460513,0.0774152910104504,2.589305016973478,0.6795585099065318
-0.004972408850488402,-0.010095014987510177,-1.5680625543355178E-4,-0.008298033936064708,0.1584917857711179,0.09386125870548777,2.590113965152707,0.6621831887746835
-0.005026837979827506,-0.01051735821353665,-8.622542738459263E-4,-0.008288460238268732,0.021965062134519795,0.5436853924324856,2.609829374836285,0.2086610491825723
-0.005028487639427607,-0.010532977343492103,-8.882903661990085E-4,-0.008285710451691653,0.01710547011564252,0.5601617737373497,2.609036291651821,0.1920028321004484
-0.005013783459838076,-0.010526608116810046,-8.733738549780114E-4,-0.008269939816688507,0.012872596361156225,0.5455148443055883,2.599225822154647,0.20026763916230375
-0.00502523740399226,-0.010501734106237882,-8.361996953112828E-4,-0.008291129302330485,0.026526537788024634,0.5271927676613709,2.6105908084222142,0.22537152262615348
-0.005012140647142269,-0.010510930052840267,-8.473722950545825E-4,-0.008272658466952578,0.018281559609722123,0.5290070958827688,2.6000011936699576,0.21698837634853216
-0.005019326211946599,-0.010439190866250394,-7.319863111791224E-4,-0.008300978960026678,0.04909530256254615,0.46157282316490394,2.6131609080264977,0.29238839340403017
-0.005020730317030955,-0.010454833402758998,-7.58044121570092E-4,-0.008298640015123628,0.04308524196210576,0.4779694127248367,2.612599173621918,0.27562874194254844
-0.005006149537040402,-0.010448217367662625,-7.433785367277754E-4,-0.008282788734746969,0.03921482279479251,0.4631695386763384,2.60261764268628,0.28400498352421927
-0.005022183559254116,-0.010470471553061363,-7.84093554589941E-4,-0.008296219265280772,0.037145626570495346,0.4943425249647649,2.6119847575032535,0.2588740452960991
-0.005007586298983455,-0.01046389024781711,-7.693744756971641E-4,-0.008280397452669739,0.03412165354440408,0.4796336280751507,2.602050282150934,0.2672159959985221
-0.005023685925945949,-0.010486105170072865,-8.10144946902353E-4,-0.008293715751652634,0.0316159434635997,0.5107425322161482,2.6113140266041444,0.24211735633783582
-0.0050090546953910865,-0.010479564238882771,-7.953660687824515E-4,-0.008277903073041116,0.028949434599052058,0.4960832395217705,2.6014201595596833,0.25045870512218876
-0.005010568273758934,-0.010495244856290479,-8.213651109457553E-4,-0.008275318339576105,0.02367510782827945,0.5125347710974076,2.6007353640711393,0.23371985964660877
-0.0051931098117359836,-0.008187399433736817,0.0028642695930367807,-0.0076038464981781516,0.5040681249880709,-1.8061934100027834,1.7789895084555736,2.731273957162124
-0.005197538182239341,-0.008162838603308848,0.0028975792216017894,-0.007582895517038305,0.5023080232505506,-1.8243911319782258,1.7561759280175477,2.7492329397550894
-0.0051597585292275025,-0.008241003015165154,0.0027667075786159657,-0.0076229095725981804,0.49747513385762915,-1.7507168826086426,1.8122771779589786,2.6580075309936952
-0.005168006417059464,-0.00821972399444203,0.002800337213381406,-0.007610236833842207,0.49831020898189904,-1.7695967068453924,1.7962233795823537,2.680247976234135
-0.005166027301249536,-0.008197671519614922,0.0028242754988263927,-0.007585626623063874,0.4945525008100918,-1.7824618363175746,1.7726156171000749,2.688648335084641
-0.005139579910864114,-0.008416469597979662,0.0025293536583430383,-0.00776943311681777,0.5061345579656162,-1.6135005545558856,1.9685911799079088,2.5250630513978063
-0.005126618346750399,-0.008430198525471057,0.0024998409105952903,-0.00776748915532091,0.5013574670290768,-1.5962305457354078,1.9715483653692165,2.499401380144471
-0.00513590328254188,-0.008396687900375144,0.0025513450503983274,-0.007747135697889229,0.5029370590765422,-1.6267460313104138,1.9471909538842151,2.5337004402696195
-0.005143288318440776,-0.008355615193847253,0.002610237545764624,-0.0077168571280805355,0.5026997036855905,-1.661363689193568,1.9135179470528427,2.569728041106391
-0.0051366455432823345,-0.00837473257787355,0.0025799114575007515,-0.007727532713247424,0.5014778854496712,-1.643618304263854,1.926951661477528,2.5489852048027655
-0.005142381336064152,-0.008266909860196788,0.0027183656866415174,-0.007630080220643376,0.4933176494896778,-1.7230981271911465,1.8265444518838017,2.620745317837024
-0.0051333671460101465,-0.008241956935743106,0.002739190437152474,-0.007595743783026037,0.4869178241328941,-1.7341332383572,1.7961995611325139,2.622237208508435
-0.005146517297987782,-0.008292045166650292,0.0026919995895446193,-0.007659221801662232,0.4977975773008045,-1.7083465208570932,1.8540428330115284,2.6120309726031907
-0.005140930419352826,-0.008315314337507478,0.0026580854370775423,-0.0076757575933547526,0.4977903710373584,-1.6889830062463376,1.8728641647680477,2.5911877284263602
-0.005129545416421584,-0.008338495908809253,0.0026185492231813362,-0.007685578525247982,0.49525840475896704,-1.6661760024622454,1.8872198532879139,2.5625339341474898
-0.00510940408647965,-0.00846145905403331,0.0024439326962408304,-0.007776327516375498,0.4959337759926074,-1.5632819071820678,1.9869113477658291,2.456399903316544
-0.005085099796531063,-0.008471732988574445,0.0024092267938747073,-0.0077584011454123894,0.4860954788261185,-1.5434144159406011,1.9775159655824608,2.4198649610240897
-0.005107260936724581,-0.00843590748059143,0.0024750317973962987,-0.0077511625015259196,0.493434060802363,-1.5820753272639354,1.9620606637376892,2.4715085483967862
-0.005041508156533801,-0.008755746068042889,0.00198960049161918,-0.00793553431008138,0.4701674812974214,-1.2847686899085888,2.1735004733407943,2.145076129967609
-0.005029484203976893,-0.00877027737751134,0.0019605161737579753,-0.007932119725113236,0.4642883921770905,-1.267826334191927,2.1737465263210285,2.1203097252899266
-0.00508060494188997,-0.00854141182500478,0.0023140397078632857,-0.007813069886133958,0.48707905197212203,-1.4855731210027887,2.0347774751175596,2.3637350326117823
-0.005062047923925192,-0.00848211539607092,0.002375801804117372,-0.0077420374999666265,0.476896681874648,-1.524481061311777,1.9691531409264247,2.3855908515155506
-0.005065058195758769,-0.008505232724519229,0.002348456995135999,-0.007765186548107554,0.47914301739571813,-1.5077605592805055,1.9914828505507052,2.372594296179633
-0.005070660382485058,-0.008525159096687954,0.002327146927216662,-0.007788299442331084,0.48228476276076887,-1.4943800882108527,2.012986749429812,2.3644745676612247
-0.0050701955415452995,-0.00855905984860117,0.0022819001995343998,-0.00781610597719666,0.48312303180827104,-1.4665040391888253,2.0414772330936937,2.3383906598693867
-0.005036319956172584,-0.008735514254877817,0.002014310130209833,-0.007914989456084745,0.46840566141843226,-1.3014477785294554,2.1539757873353813,2.1576556917258993
-0.005065480664798482,-0.008583336396146495,0.002245575024596941,-0.007830732540444146,0.48162380996125254,-1.4443827063284809,2.0580138721973174,2.31435321579742
-0.00505774402458868,-0.008606372125031845,0.0022083284401901992,-0.007840621017589526,0.4785408123355434,-1.4218998393574898,2.070733632122312,2.2877144568741965
-0.005061461396284811,-0.008626764570039169,0.002183625433699876,-0.007861024028874742,0.48050569904108764,-1.4060102879493892,2.090407594031177,2.275435355569105
-0.005049335640827313,-0.008643546929782765,0.002151244834435999,-0.007860488394409428,0.47520288919166637,-1.3869275944642216,2.0938789536692446,2.2487119867390084
-0.005041764531605202,-0.00866476491811918,0.0021163920960715113,-0.007868329885514067,0.4719200002627851,-1.3657864195265061,2.104367662717774,2.2232581415584374
-0.005036912706821907,-0.00868751182581025,0.002081446753281688,-0.007880123497622573,0.4696045225453637,-1.3442248697555579,2.1180082710812465,2.1992603906460837
-0.005034849512991036,-0.008711125038441174,0.0020472385257410664,-0.007895417653392965,0.4683484382978031,-1.322710889546145,2.1343491102897256,2.177167595557861
-0.005004309159306945,-0.008886336278478313,0.0017775316975199068,-0.007981439939881459,0.4471189295650402,-1.153262774959065,2.232092933440414,1.9905614453289926
-0.0050024515482507345,-0.008862516245511556,0.0018106888508169598,-0.007963906087786262,0.44792179648808045,-1.1751782863630764,2.214623963595233,2.0110837701060422
-0.005010989464028594,-0.008777091877511215,0.0019378939420029515,-0.007915835463884765,0.45598980911823134,-1.2560706516101592,2.1627044850783506,2.096268083196368
-0.00501649396515743,-0.008798445987011976,0.0019115747699774137,-0.007936955720414992,0.45758801818581335,-1.2382716141203554,2.1826805187417,2.0825718615973883
-0.005005694320574867,-0.0088164548560473,0.0018786428521311382,-0.007936946208506683,0.45193292681731306,-1.2186828612487322,2.1859884484265852,2.056150831667697
-0.005002505083434834,-0.00883921708578516,0.0018440961170305005,-0.007948605185718547,0.44938675020559954,-1.1968503830821142,2.1989035182555745,2.0325408400417047
0.005235007455019311,-0.008064392906142866,-0.003049848583953026,-0.007516162556502447,0.501700968473183,-1.9072645205920546,-1.6732426821163224,2.8448972277262503
0.005228739099789743,-0.008042778341776793,-0.003066746272032744,-0.007485714941172753,0.4955315265285982,-1.9145046257202794,-1.6466018740360684,2.8435827527427318
0.005211032480230236,-0.008024047229841832,-0.003067398554681269,-0.007446804253779569,0.48559225447614646,-1.9116883298612206,-1.6173940463451755,2.8241466251845355
0.005221645434635044,-0.00799429117282094,-0.0031110385378314187,-0.007424243704237937,0.4842175792451146,-1.934122109835563,-1.5909181089661137,2.8491547043111254
0.0058036862027584825,-0.006638282228010032,-0.004780867359140931,-0.005980261437192785,0.2414716318035798,-2.388794224998733,-0.16628612081206987,3.252754565723977
0.005768890699725047,-0.006672426717693739,-0.004721349402465135,-0.006017330631396581,0.24929370055390995,-2.379735097985304,-0.21119154695909595,3.239431797542029
0.005717555988637297,-0.006693957466400201,-0.0046398014748085525,-0.006027340969341034,0.25333859369873973,-2.3532197327721818,-0.25510480074635017,3.194786090782714
0.005514697562668401,-0.00712501897934007,-0.0041818591918033115,-0.0065443394108022825,0.34920109735117777,-2.3164203143258075,-0.7003809038164681,3.2004735282330268
0.0055381134702178385,-0.007064778164742074,-0.00424510354446284,-0.006473437871107852,0.3361331475360951,-2.325436960999472,-0.637701000988317,3.2029824414295915
0.005503435857811543,-0.0070797745668922584,-0.004188543470148691,-0.00647294918437698,0.3355735667198895,-2.300605312143791,-0.6606202764964763,3.162792675041026
0.005647358450733071,-0.006818693622762385,-0.004501429394134963,-0.006178127204371944,0.28141145614863866,-2.347116873767242,-0.38484669832282997,3.1986510149694323
0.005685927140148157,-0.006776777265782866,-0.004570995834712512,-0.006135334954677506,0.27294038266872006,-2.3609377323043277,-0.33403561686402367,3.217601997491173
0.005672019442340911,-0.006718103583586988,-0.004566759189977224,-0.006042651834492166,0.257608965072099,-2.3308312190092892,-0.2960371168628395,3.158226666883032
0.005545054048420491,-0.00701863511330764,-0.004276324623132867,-0.006411597867125473,0.3245709912772667,-2.3220987879945247,-0.5935883252555554,3.18781900193775
0.0055896795086442935,-0.006816377566057137,-0.00441854237211372,-0.006145950138552902,0.2772954586082513,-2.304949594061378,-0.40766603231402243,3.125350895542296
0.005545042124239935,-0.006963617612203551,-0.004300000863272735,-0.006332882355151501,0.3105188568338508,-2.3103348924385787,-0.5451072941771659,3.1571706939070228
0.0055541860248084695,-0.0069133103276491645,-0.004333196775310542,-0.006266152885227575,0.2984892225766627,-2.3053103735186724,-0.4993400628728963,3.1400600087337867
0.005571544634561498,-0.006864912463562512,-0.0043759660678741,-0.00620622871687702,0.28787218306633816,-2.3055164008831777,-0.4533376076839146,3.133067463620066
0.005330824798029445,-0.007725265059198332,-0.0035063189485717715,-0.007209203473142274,0.464912549069604,-2.124054175098672,-1.3356595448358834,3.0623321242093975
0.005313655835136155,-0.007751114015031321,-0.003461241283278666,-0.007225489548739523,0.4655477108635941,-2.1022889656660495,-1.3598200862517211,3.0341654191092697
0.0053166410922139955,-0.007698044629272867,-0.0035128638034694405,-0.007161925519590018,0.4545484453128036,-2.119989226954556,-1.3020156477164757,3.0412841018098278
0.0053552700756165405,-0.007659059684009176,-0.003596075349482311,-0.007147485827927833,0.4562796287296212,-2.1617758434303878,-1.2672480225495892,3.1012393667002485
0.005321099399013307,-0.00766975485009452,-0.0035432408601453087,-0.007130283383363534,0.4490655952128581,-2.1308941092723774,-1.2719833456337157,3.0483441591200626
0.005355329861477587,-0.0076186191109321524,-0.003630564144649274,-0.00709537122351718,0.4464137581768125,-2.170744299587866,-1.2223206013150463,3.099527706049653
0.005365026465411046,-0.007558413564007212,-0.003692363079772876,-0.00702542073410571,0.43389514427587234,-2.1898957606901743,-1.1575902518970818,3.109223410771093
0.005347438821140882,-0.0075848550074075925,-0.0036481840792821686,-0.007044741383542025,0.436080716795587,-2.1707643260829155,-1.1839654932349064,3.0848547873045535
0.005469936612653055,-0.007146427782630005,-0.0041076019778403155,-0.0065450124685406275,0.34829634817983246,-2.28324520371511,-0.7300990051243728,3.1471651920226513
0.005429919510976096,-0.007441332639074953,-0.0038680627734892494,-0.006923269973303043,0.4195985989545376,-2.258384523172768,-1.034422083113224,3.18944548508388
0.005392582979146002,-0.007505553131904064,-0.0037700083778889047,-0.006978946036315592,0.42744991057569254,-2.220588635719053,-1.1026323492098964,3.1444460717693548
0.0054068684561320406,-0.0074732994267465575,-0.00381343037373565,-0.006947617812942991,0.4224459811249403,-2.236051479444057,-1.0685068085303187,3.160516211447913
0.00535441572888182,-0.00751873543744104,-0.003709455428224297,-0.006964472425616103,0.42170066483478846,-2.18686157815385,-1.1136490056013857,3.087766689255701
0.005457917011077056,-0.00737315230648434,-0.00395429728311992,-0.006852047559451233,0.4070737944529697,-2.285208077007147,-0.9605034228253452,3.2144487752651396
0.005440378684787033,-0.007404776304225112,-0.003908350220307642,-0.006881759221791082,0.41209567471642633,-2.2692885390243425,-0.9949207617727601,3.1963253298115553
0.0054419235427105115,-0.007336680625691063,-0.003956458135247031,-0.006789316901567803,0.3941403295664235,-2.271768927592206,-0.9229879035914613,3.178395061839153
0.005454176312936608,-0.007221376949138509,-0.004044211652818193,-0.006638713663252675,0.36561095574547803,-2.27772858482168,-0.8048386234588935,3.155902265248424
0.005447290989258659,-0.007180646482444047,-0.004057622526381746,-0.006577500669353825,0.3535982842155906,-2.2688142048290443,-0.7665229232238027,3.129994629550898
0.005429313345159459,-0.007295398563794707,-0.00396544497067245,-0.0067231277196105185,0.3804939831495496,-2.2609989586960455,-0.881448457214737,3.1466507211911234
0.005419216598580033,-0.007249778945488477,-0.003979374944763578,-0.006653305190558363,0.3666521955862552,-2.25108203350565,-0.8370573239068131,3.116415633331073
0.005294546271809614,-0.007775910830692255,-0.003414654333644918,-0.007238175793201095,0.46533557772371076,-2.0789725676038864,-1.3816800730026177,3.0026110486364854
0.005240338954303859,-0.007909083469027172,-0.003220551803731773,-0.007345285267955759,0.4750781353936851,-1.9868878432965615,-1.5075742925845736,2.899437470891582
0.005223609181725319,-0.00793845503120475,-0.003171397357067229,-0.007362765161527722,0.47479175891553577,-1.9616279997563557,-1.5320343260407077,2.8676731657965715
0.005204837189127094,-0.007965759780725721,-0.0031219459215015917,-0.0073753080274987755,0.47330089155912386,-1.9355377500472823,-1.5526773119883563,2.8330454232558915
0.00527471810552521,-0.007808476862912839,-0.003359860988052511,-0.0072591124227378715,0.46599227719197206,-2.052329782084286,-1.4110832728149008,2.9688829229425058
0.005218558732341492,-0.007879067125906216,-0.003225089282955267,-0.007289316449515655,0.46205348771325866,-1.9828915032889902,-1.466844769881601,2.8739889765224778
0.005237339788670755,-0.007839755402533559,-0.0032852866780442203,-0.007261103048377722,0.4605386578771685,-2.012208263255726,-1.4320109662046472,2.908688607401229
0.005090743502945883,-0.008622118311066697,-0.002213242497907788,-0.007890615878709761,0.493414027509033,-1.4214512792904015,-2.1111180197593433,2.3114995935883584
0.005049522577718888,-0.008719136093856876,-0.002046920555151498,-0.007918051915570186,0.4745832034068112,-1.3204913556365174,-2.152964751690875,2.185273355904427
0.005054111769693547,-0.008700807987825314,-0.0020759353710830433,-0.007909659615924205,0.47692463295289417,-1.3384610562249677,-2.1428551798780506,2.2058198111263874
0.005060794621446876,-0.008681316720918477,-0.0021080940090850552,-0.00790256816694961,0.4801060713376901,-1.3581415859078694,-2.133392567088261,2.229455467727325
0.005077921900058489,-0.008640525747167888,-0.0021777512316370523,-0.007890557520843717,0.4878173909164905,-1.400402135649496,-2.115367981511383,2.2821152027261262
0.00506862145168209,-0.008660716754593628,-0.002142636962660196,-0.007895692751253324,0.4836894888924013,-1.3791931580114805,-2.123746029073359,2.2551900303445653
0.005156415673351765,-0.008407670096535797,-0.0025562117148957004,-0.007780166734509854,0.5127962216023839,-1.6291415223223928,-1.9731035291837846,2.5526213800899247
0.005142448846247646,-0.008424263469950725,-0.0025219086603589743,-0.007779765049231754,0.5079297688350302,-1.6089280703317257,-1.9781026000857096,2.5233528415445394
0.005134042160808455,-0.008440944289101094,-0.002492630354912474,-0.007785494986495756,0.5054138302747012,-1.591578367668493,-1.987193711781053,2.5011818253739992
0.005127470999252564,-0.008456196568330363,-0.0024668576685841844,-0.007791825791641698,0.5034834916246428,-1.576229486213525,-1.9961615103912391,2.482221846670535
0.005124895526400005,-0.008472397873764553,-0.0024433519136438228,-0.007803334562035619,0.5034079793859232,-1.5620626497776546,-2.0089374559410964,2.467478074080685
0.005113907539276652,-0.00848447296089627,-0.0024178186978813803,-0.007801619586979807,0.49922612856184895,-1.5470579106959048,-2.0112298379151228,2.445298621992796
0.005110146900962282,-0.008514984912901839,-0.0023742233489311483,-0.007823849082117218,0.4990653306213256,-1.5205145210019222,-2.03542226089143,2.418252499570277
0.0051047113981866924,-0.008498079555604394,-0.0023919115274571275,-0.007803157431104861,0.49580725571764733,-1.5317649394635953,-2.0161493457055677,2.4243148307672095
0.005101010695404478,-0.008548230206765806,-0.0023220546483280085,-0.007841766752193238,0.496297700391115,-1.488887032956974,-2.05712059066844,2.3821829626191757
0.005097487009468756,-0.008528296111396523,-0.002345717712807665,-0.007820960168919073,0.4939713005642939,-1.5038307727399172,-2.0369935209177927,2.393274986981001
0.005081214757712051,-0.00855958639159359,-0.002290315541271345,-0.007828916051225583,0.4879663558045169,-1.4708857545481635,-2.0507796791921282,2.3505868632722318
0.005082719520340527,-0.008601007647527088,-0.0022356685994174698,-0.007864518768725536,0.4895119097567081,-1.4365004903806355,-2.086851521806946,2.319631275522783
0.005066004724903993,-0.008578427933024458,-0.0022525772131238076,-0.007827322882110641,0.48172286246694224,-1.448761260767801,-2.054383062043254,2.318841136720519
0.00514843125844474,-0.008385905453185124,-0.0025767395142770803,-0.007751021553243031,0.507554454030743,-1.641549555298928,-1.9462855421159484,2.556782253799414
0.005221328936600208,-0.008083605460646104,-0.0030134079377490287,-0.007523010114679746,0.4994188794218755,-1.8870027187436038,-1.6863950176902522,2.817427763653687
0.005213432021425392,-0.008103272106141887,-0.0029827156048769154,-0.007536139051864286,0.4997783687254566,-1.8704179642365522,-1.7028755483285871,2.79805843376994
0.005198472333796325,-0.008117634458750342,-0.0029503886795284808,-0.007535929142754266,0.49605267606289166,-1.8519215082735172,-1.7095224783553291,2.770509650014239
0.005187285463836671,-0.008139419495503708,-0.002913725258425719,-0.0075473813821891325,0.4950117407843531,-1.8316737740193154,-1.725763174715403,2.745212639063356
0.0051778011784312655,-0.008171205876941787,-0.0028672347114464466,-0.007570738596999812,0.49581009107153173,-1.8063558128916368,-1.7528765702797118,2.7174734765136583
0.005156860676423972,-0.008222925994852845,-0.0027852557441556676,-0.007601609269069921,0.49407243364740455,-1.7607815378605773,-1.792261418349584,2.663513065277392
0.005161728692803671,-0.008197767483788516,-0.002819768046617301,-0.007581169095902926,0.492685013150627,-1.7797831621262585,-1.7700195453486225,2.682754226688761
0.005118520604112111,-0.008291811141917613,-0.0026650505426955543,-0.007628889244911706,0.48630210591261785,-1.6924499130596526,-1.8348846688651534,2.575713866956973
0.005120144910286627,-0.008272662324167717,-0.00268963751356816,-0.007611990539256887,0.4848911131022618,-1.7062142367446598,-1.8175338037492084,2.588483579278817
0.005126031723151624,-0.008251355522733903,-0.00272078811751184,-0.007597294440796101,0.48500516873427385,-1.7236775202034729,-1.8006866145190925,2.60765446877466
0.005134604657055568,-0.008232550635879032,-0.002751530037912754,-0.007587677054796106,0.4863028516211042,-1.7409946221380899,-1.7877394759266323,2.6288260347975996
0.005130656806787955,-0.008362869825026032,-0.0025892222345400002,-0.007709823244827948,0.4979173245696205,-1.6491257244609496,-1.9112893101265007,2.548790315847064
0.005115428573709733,-0.008338285118518437,-0.002605420312389776,-0.0076700593753318775,0.48936436516097087,-1.6585254398972251,-1.8771112799426104,2.5445537871235406
0.005106429000560532,-0.008309514992249245,-0.0026320079426148525,-0.007633006396813343,0.48305915969083507,-1.6735566174406888,-1.8436673930724798,2.5501406445472568
-0.005222786214951992,-0.007844728519582032,0.003263357985501322,-0.0072532186538304625,0.45669999660572885,-1.999340065876103,1.4320550241287076,2.8865927295684886
-0.005220169249383493,-0.007876174252865728,0.0032298049226530882,-0.007287498616851628,0.4621245931880224,-1.9852974798009306,1.464374826787511,2.8769338887679194
-0.005201847731032102,-0.007907780595312849,0.003177415678003419,-0.0073064384636781846,0.46185234768319466,-1.9588808493718803,1.4904302749561331,2.843712827762302
-0.005203395154132081,-0.008135389557473794,0.002935423247302455,-0.00756006026448503,0.5007348174566569,-1.8448846299892077,1.7309737171338946,2.7700203402698276
-0.005204984453755999,-0.008104203491002094,0.0029725428418200454,-0.007528314435409135,0.49649459100947974,-1.8640955089786007,1.699188233391711,2.7855737496292794
-0.005179322568405623,-0.008090790855630367,0.0029599072397845988,-0.007487329337214345,0.4846200692543291,-1.8542428904478765,1.670810965127251,2.7545030018619157
-0.005170312717063689,-0.008071802155335261,0.0029710991757546344,-0.007457714869874271,0.4784440215761805,-1.8584807003363217,1.6463963994929476,2.749306915252656
-0.005195409489622162,-0.007968195121874133,0.0031088198418728493,-0.007368766023592379,0.4705100290878105,-1.9276405458890562,1.5510977117762694,2.8190401009169905
-0.005188863014612187,-0.007940096827443373,0.0031301847485210726,-0.007330688722232872,0.4633306442122814,-1.93566497214376,1.5187377074031014,2.817341605953419
-0.005175101747109921,-0.008047817397061294,0.003002305529993116,-0.007436599718610452,0.47648048767611934,-1.874400077913484,1.6241412158509128,2.764819160661926
-0.005186574439541774,-0.007990863661176576,0.003075394590234882,-0.007385390438358979,0.47128415407543106,-1.9107072687129938,1.570681720878872,2.7997863367781224
-0.005179039819914398,-0.008019128441853665,0.003037297751681022,-0.007409167564242779,0.473260898627806,-1.8916683053626613,1.5964441042909965,2.7801917044813718
-0.00525974499217591,-0.007720794191440281,0.003422141392109078,-0.0071386163070964945,0.44296288386863447,-2.0684144142091063,1.3120699085619159,2.954895510444837
-0.005266099386653841,-0.00769781694992324,0.003450161153287895,-0.007116082719658362,0.43946082500911665,-2.0796367074822864,1.2893837500677225,2.9652810228322957
-0.005293370155396978,-0.007650156260676291,0.0035250289036127176,-0.007080934635979574,0.43680045793391953,-2.1131206824839235,1.244804404651652,3.006170205113104
-0.0052581954975188605,-0.007669838824238913,0.0034645060825502397,-0.007074588544332864,0.4315481050512436,-2.0806146507601215,1.2580686805728971,2.954484252836265
-0.005296347414769383,-0.007615913691154435,0.0035573696802095804,-0.0070403832968848,0.43001169540217893,-2.1230476834427603,1.2089491480678964,3.0097315730843186
-0.00530509940298837,-0.007577511006402547,0.0035996758148947434,-0.0069990765439319,0.4227251974879253,-2.1374859419974044,1.169769242235323,3.0204984415879435
-0.0053154889042936,-0.007546572557609129,0.0036373753555947698,-0.0069681698100365385,0.41850405287405945,-2.1509996852602833,1.1387332917066886,3.0330937287938187
-0.005307836807462949,-0.007522457253804118,0.0036461375020173993,-0.006930820208412437,0.4110314884415839,-2.148453154633096,1.1127651072369666,3.019408815846176
-0.005371922137617007,-0.007383568772398284,0.0038302811357606367,-0.006799516657580484,0.39185518573712386,-2.213095026159574,0.9733367980145051,3.0879632661411582
-0.005317458773944882,-0.007492797605592716,0.0036809038379642116,-0.0069003799092687305,0.4064819727398011,-2.160117272925518,1.0830570333810654,3.0296422342779024
-0.005324688841035985,-0.007453367436028014,0.0037191555773224447,-0.00685490982561588,0.3986159156839062,-2.170181620117946,1.0432679414906845,3.0340501424343773
-0.005338820520054028,-0.007407800264329141,0.003769799507060873,-0.006806211696889102,0.3906561747695503,-2.185093148454417,0.9977327024697739,3.0457549910473856
-0.005239939546071356,-0.007739454566446201,0.003381439948481175,-0.007143470641611033,0.44096163505549507,-2.047646523285344,1.3264800988651562,2.924802396847031
-0.005205157491346139,-0.00782218536266919,0.00326408401005837,-0.007210287991240784,0.446926315522755,-1.9943662693508581,1.402172356217086,2.865030039091533
-0.005215892430226209,-0.007790678325622373,0.0033061049162357854,-0.007183006718006619,0.4440534309803385,-2.013254266807552,1.3728543461520555,2.8848365141202943
-0.005219120210113493,-0.007761079015898238,0.003336954609478822,-0.007150703179940629,0.43920141116609396,-2.0251825344365675,1.34308112503321,2.8929064622473275
-0.005515926516906629,-0.007131662932681412,0.004180178971290717,-0.0065546470656671,0.35142118804999406,-2.3181510129722778,0.7065590648092214,3.205226188643817
-0.0055367082669440905,-0.007078326890817999,0.004236587888254668,-0.006491963369306566,0.3397421163221792,-2.3265812765229232,0.6509134066448281,3.208042947715547
-0.005799480465357023,-0.006437285746799252,0.004804476147596346,-0.0056802146698367835,0.19407745924058684,-2.2972478717953386,0.041388615442261106,3.080527326976974
-0.0057794419491043435,-0.006478476685874821,0.004770432194693064,-0.005734010396979795,0.20367559003431426,-2.3039823224452096,0.07749092414264482,3.093730284664059
-0.005764500230502359,-0.006528796048207697,0.0047415093225263065,-0.005802527510074081,0.21494747227014513,-2.3168325401339334,0.11713129147701475,3.11874729126264
-0.005655243542374199,-0.006830396060794668,0.004509207993540384,-0.006199330683035049,0.28500755896930835,-2.356610864538825,0.3907542383627489,3.2170242583587982
-0.005752902526142823,-0.006586298446400011,0.004714815268312426,-0.005882761072684263,0.22814781090671968,-2.3335793964585654,0.16111919740532632,3.15171772801003
-0.005729841011102852,-0.006648354127600533,0.004668438531184658,-0.005965179979664608,0.24249955036443469,-2.3436451301654597,0.21606346022861717,3.1740418566185515
-0.005669607714727722,-0.0067873697686979114,0.004543809954394657,-0.006143143790449974,0.27485556315548626,-2.352956025224776,0.3497952717173484,3.204993877620272
-0.005689495777415273,-0.006749158685666275,0.004584108633973338,-0.006096271686854831,0.26591971431447897,-2.353905523060186,0.31077253361560486,3.2021875163475606
-0.00569091531795328,-0.006699335992668844,0.004599266306776382,-0.006023611203805792,0.2537707650339906,-2.3369266324059947,0.2727765554179163,3.166969205920876
-0.0055899791437459025,-0.006944347861797999,0.00437252844533571,-0.00633072871252363,0.3098064952815252,-2.339966266692064,0.5131943862842113,3.2056343454973875
-0.00559360368705794,-0.006887855761720564,0.004399399340927729,-0.006250908720551508,0.2955159190588193,-2.3280070418188497,0.4637378512955321,3.175571790894498
-0.005605567265989766,-0.006839524940574527,0.004433716835279346,-0.0061872919355951015,0.2839970455266228,-2.3231063655672606,0.41949241561884465,3.1599379645653074
-0.005546752491742266,-0.006988802727476016,0.004291837973696772,-0.006369870302658826,0.31678087977489855,-2.317124235977486,0.5664416342422601,3.173668229195725
-0.005521383341186622,-0.007026602987289996,0.004238986468379137,-0.006408677366491977,0.32407411992857765,-2.305287071376741,0.6073138778627469,3.1600929005606626
-0.005427437774905288,-0.007279270812085139,0.003972855102380561,-0.006699623556403978,0.3760090854818395,-2.258742646371783,0.8656084281333198,3.138156618783837
-0.005391366872851685,-0.007350855670405225,0.0038782751650132115,-0.0067703820227419925,0.38760421071590795,-2.2298464567758,0.939843746373964,3.1077411540317246
-0.005407701157269011,-0.007310131624312803,0.003926679163518891,-0.006727373938658156,0.38030109772959375,-2.243257687547469,0.8980857262719654,3.1195545540479
-0.005422666540080109,-0.00722456927563174,0.003998891908325074,-0.00662117210018961,0.36091716287462144,-2.2523201731444886,0.8123454246222188,3.1121663104721957
-0.005412893731170527,-0.007248485766057108,0.003971502799152958,-0.0066470771183154646,0.36574213126125155,-2.245842583674735,0.8365539610742481,3.1069175510340146
-0.0054205904375587,-0.007192778990462109,0.0040140842110125636,-0.006576164820609684,0.3529737961382526,-2.2485135709435826,0.7821197377898307,3.0974325589403064
-0.005468979693186603,-0.0071449274118612835,0.004107049745363672,-0.0065422868301468476,0.3478978488109545,-2.282156930433761,0.7289880524630407,3.145045169809036
-0.005432509471660617,-0.0071616969291217235,0.00404753175526019,-0.006541415463379105,0.3464900577106285,-2.2551548023218384,0.7511736402110331,3.1017486870967548
-0.005788522213551951,-0.006372341527840134,0.004794808780795276,-0.005583126896689674,0.1817820014271512,-2.262020853572143,0.012599858785490841,3.0170941545202035
-0.005820364190732343,-0.006313364161160189,0.004844510763130701,-0.005506883152778758,0.16894234408243303,-2.252060738514682,-0.03701294716223158,2.9990699629648496
0.00801233983057591,-0.003883896072218094,-0.006383134239321388,-0.0018889340810482778,-0.015734698630120798,-0.969493164834483,1.3030366889693854,1.2892466285571162
0.007875165231469018,-0.003852948981015001,-0.006263931190228232,-0.0019600310555820087,-0.018715131574225045,-1.0267332863852539,1.227884352863472,1.3385689228954833
0.008187629545149675,-0.0038736246668309455,-0.006499135491625827,-0.001753436969490773,-0.008126257103841591,-0.8766617112629841,1.3751031084711312,1.1959739402924956
0.008810265046979305,-0.003456734678940651,-0.006566962892024045,-0.0010350941771559358,0.03981687833999282,-0.458443456475158,1.3667977242420921,0.6979327137620411
0.00866529664314357,-0.0034935765968363685,-0.006525323286522363,-0.0011654136567799181,0.029974322634726998,-0.5486885360839677,1.34830355288104,0.794781929153827
0.008863208924269048,-0.00330622651552387,-0.006491192408047924,-9.322221587300762E-4,0.04512281399572645,-0.4170690468149404,1.2993769940896152,0.6299849813787669
0.00898879125610714,-0.00323967219074427,-0.006495937777018053,-8.125231548131568E-4,0.05201603458946676,-0.3387298278784578,1.2894379669744245,0.5408073275055724
0.00907526934055879,-0.003078739827283696,-0.006425169378477722,-6.962722867263051E-4,0.05813516276273517,-0.2831644744465709,1.219826572429729,0.46126557082297465
0.008281677694785392,-0.003722623117034789,-0.0064621673726872955,-0.0015845440418607519,0.001312353637135846,-0.7982506962803401,1.3387836186990762,1.086969514630189
0.008395848786458281,-0.003576858288913088,-0.006437493981345911,-0.0014131122190823053,0.011489862079451666,-0.7129219493767839,1.3081855035687993,0.9741821535343947
0.008526077895611307,-0.0034374223124302087,-0.006420729761239834,-0.0012423826154253136,0.021033564430707693,-0.622622217884872,1.2802193549091436,0.8592778576721196
0.010282693397030538,-0.001784957463403067,-0.005931074762608097,1.163686881906614E-4,0.09998314113414296,0.2858760419407103,0.6534155014433048,-0.22838932709744708
0.009236864466533556,-0.00289466376484941,-0.006362128338639362,-5.326140013052013E-4,0.06695848876431622,-0.18806741329027668,1.1464880170445537,0.34018260310288895
0.009949308011953489,-0.0020988256354044954,-0.0060585831998900145,-2.0347074158297413E-5,0.09120064938991025,0.15566342818200515,0.7963573790237982,-0.08146925149315397
0.009688834216907811,-0.0024051501669314574,-0.006180496388002583,-1.7165912235404782E-4,0.08463110291161752,0.043383561956340966,0.935069524453849,0.05440095138962795
0.00945903123444121,-0.002668411527335428,-0.006283307755036924,-3.4155778060025385E-4,0.07688092223299466,-0.06777035068941689,1.052988463370929,0.19163213604890647
0.008821827577816103,0.0028409883217208006,-0.00620782403004991,7.862078014857181E-4,0.04242994845184068,-0.41187872674401665,-1.0615137279675897,0.5591746483991388
0.009081870020898072,0.0026872323336533215,-0.00621068732616134,5.785664918226402E-4,0.05399727882103855,-0.2697880342746824,-1.0274298274612244,0.3957564658247607
0.009151809374265222,0.002340453345665044,-0.006064511814345932,4.518864035851959E-4,0.055724847688280475,-0.22852222246491768,-0.8772390801194322,0.3201704446867146
0.010938608450339763,-0.0010480341359275687,-0.005645604507264466,2.094198871870282E-4,0.10933911325185688,0.4947298163596377,0.343907803600407,-0.45235761196062196
0.010552631316525285,-0.0014031964111169898,-0.005789619172890114,1.7179108812385646E-4,0.10088096288392014,0.37108913790982667,0.49100835213205635,-0.32703700048573364
0.010194879297258198,-0.0013983225534933406,-0.00582015370757297,6.251595777464706E-5,0.08783648531373546,0.2220103835253572,0.5042345740116065,-0.18693083797818236
0.010113373584510189,0.0016549040598126262,-0.005897267545795234,-4.4978351244231544E-5,0.08889778898581378,0.2014353883660477,-0.6079634359455454,-0.15518783144512482
0.010138213134227726,0.0012295551936051855,-0.005781028260886859,-3.948510883815141E-5,0.08264409332440209,0.1900097395073073,-0.4416353647848709,-0.16243316180016795
0.009669517379120461,0.0018132022821498424,-0.005938081169933135,1.3097777152388732E-4,0.07147838356106834,0.010096599171233886,-0.6760514615627601,0.04080247940115821
0.00926312932742281,0.0019433078462530074,-0.005929513158168919,3.165629592649907E-4,0.056529967926993545,-0.17305966947948626,-0.7156880767475035,0.2326017711966147
0.010117727762436392,7.495766972371746E-4,-0.0056936377757425835,-2.0538470218455507E-5,0.07599569903546873,0.16546777846438132,-0.26548345620876534,-0.1527364887667573
0.010601205197674525,5.113510221790653E-4,-0.00562791671403307,-6.564267805389953E-5,0.09085986081186816,0.3444851252054411,-0.17380013523902418,-0.3253796783936256
0.010639569065968456,-1.8454943021419E-5,-0.005599530670951764,2.657231430066038E-6,0.0903705521028537,0.35236239597199126,0.006132517477340679,-0.33579033914482337
0.010774836872676347,-5.248935550031909E-4,-0.005603497670806733,8.641532197644105E-5,0.09691506497284118,0.4090446151861215,0.1746918011997143,-0.38437815204376596
0.00733586476951911,-0.004668096633585617,-0.006269085936162288,-0.0030297191338801376,-0.05472543485646047,-1.4913691099674387,1.2409062635418613,1.9799245186624506
0.007375367651667221,-0.004542056605637496,-0.006235353157641975,-0.002877324012929064,-0.050276333756221044,-1.4314046966966671,1.222448424503705,1.8872267395428894
0.007455126215435894,-0.004420996488209764,-0.006242631548664874,-0.0027109774032906286,-0.045806650538872735,-1.3609684526603725,1.2289579455585837,1.7895755206968802
0.007465322644776175,-0.004296328208012595,-0.006180180972639962,-0.002587793100708865,-0.04048364324906589,-1.3163653423826047,1.1893220248569445,1.714920441152613
0.00754420976525767,-0.004203310090897058,-0.006198250567951033,-0.0024563250554396677,-0.037301179804841156,-1.2583212786600753,1.199971853589555,1.6378474174247921
0.007214536138280655,-0.004712165329147407,-0.006165935818472224,-0.0031446295469328553,-0.05173053317833732,-1.5467626892802837,1.1707761748676566,2.038603437747373
0.007628366790361937,-0.004058262440943237,-0.006187788322884254,-0.0022799235497811972,-0.030270317329394277,-1.18386235317345,1.1903114649892845,1.534248191305128
0.007740990664024224,-0.003903199626804066,-0.006190656694541437,-0.0020846116873536654,-0.02303473291486346,-1.0969765326554015,1.1857840561079145,1.4174010100408354
0.006098400846019103,-0.006201557536482614,-0.005253175169083587,-0.005397620242801622,0.13338422464991806,-2.326521536674813,0.2908831581986333,3.1390034966708105
0.006071044059370767,-0.006235343422081275,-0.005213921582976626,-0.005444525688455913,0.14288745618470836,-2.333772994547385,0.25455170457433884,3.149869465321847
0.006031480485161952,-0.006257200762850567,-0.005155185325668491,-0.0054704500845938284,0.148992743525687,-2.327675939438578,0.21311939723276607,3.1367881450522077
0.005978737157913073,-0.006280904114250252,-0.005076666279983579,-0.005495557656786373,0.15645551167524238,-2.3153316434282227,0.16195808693775116,3.112633653903686
0.0059311471983353676,-0.006309435596964227,-0.005005866721370472,-0.005527519642746072,0.16444809959046403,-2.3064938095694028,0.11349784438150333,3.0957380422346463
0.0057952423950369016,-0.006585074153509252,-0.00477785673242909,-0.005896986138184924,0.22842256276199732,-2.360172489460187,-0.13517447056642673,3.1983247643551924
0.0058093747436114476,-0.0065248323353317515,-0.0048082680557719045,-0.0058122622247990955,0.21397886400782754,-2.342278035132304,-0.08768402738264104,3.163208392444328
0.005881299013808145,-0.006353674388658629,-0.0049308225576988945,-0.005580682457199214,0.175292913142854,-2.302871297755726,0.05667459066161702,3.0887127830849788
0.005805189037028725,-0.0064517132535450925,-0.004811217035856235,-0.00570300875710266,0.19770136688110848,-2.307013732602082,-0.04628206768681762,3.0978772393763045
0.0058068652144239,-0.006382875782263313,-0.004820287495580471,-0.00560333906872298,0.1829161230975576,-2.2769878211560184,-0.006906404673476509,3.043096382347646
0.006093626412984495,-0.006006459645671532,-0.0052260503322409954,-0.005109539080309551,0.10116895740440292,-2.2144331210185277,0.3526775177676784,2.9452883698779924
0.006087467054649675,-0.006139228623873046,-0.005231471935375781,-0.005302761004329845,0.12355380853204413,-2.28599101143609,0.3047103025586399,3.067520118422593
0.00608591210512199,-0.006070875867840221,-0.005222436110579391,-0.005202054714845131,0.11153477345333286,-2.247293313368623,0.3271241590027927,3.0005270414739056
0.006047377845851184,-0.006029890468489775,-0.0051625091886573285,-0.005139268460692321,0.10774648803684188,-2.2104512171508017,0.3102836233149818,2.9350348742716714
0.006116472346375243,-0.00595096633960561,-0.005251227430853371,-0.005031560758299979,0.09103687279624072,-2.191845116097799,0.3863874967119933,2.908687279575314
0.006166950952596967,-0.005906152444757875,-0.005315878751153715,-0.004969414756466413,0.08065747735942137,-2.1827815161349453,0.4370489171566732,2.898465365216374
0.006243589139458051,-0.005799945656370977,-0.005403093680721262,-0.004818624521931921,0.060733701100481756,-2.143992337389822,0.5197532650798432,2.8419387611675506
0.006167494195465374,-0.0058261861330625615,-0.005302073405778696,-0.004856907119266813,0.07073357720541308,-2.139157122796021,0.45425469241165767,2.8256143172623
0.006330319634450462,-0.005702884688724839,-0.0055004345442094685,-0.00467758969626298,0.04210723977806175,-2.107764903040383,0.6043786515949309,2.792583840578279
0.006254454682075927,-0.0057216372674437225,-0.005400306844947157,-0.004709259189843495,0.05120816074255729,-2.1033182682401517,0.5402834307980897,2.7755998261229067
0.0063508799149782505,-0.005626922873844867,-0.00550773353940403,-0.004571019884934912,0.03294625128749205,-2.0690749892742883,0.6280160828836392,2.7311989549368376
0.007041675964347654,-0.004841476553970388,-0.006045864966477652,-0.003374036822940547,-0.04661833052645092,-1.6444408679354616,1.0845445788989385,2.158727424265635
0.0070842748790140445,-0.004714188361051418,-0.0060267462883394395,-0.003213365786858447,-0.04537387978063145,-1.581968471225441,1.080670716041339,2.0641629880659598
0.006899204351183696,-0.004947976657120809,-0.0059361946366964435,-0.0035588811603284717,-0.038581969021233155,-1.7182384909679131,1.0050807036261313,2.249594103283935
0.00693288749837962,-0.004837686897858183,-0.005921599549402146,-0.0034185472740367504,-0.039988045299559245,-1.6643481089839938,1.00586551157838,2.167276652950536
0.006800969114046821,-0.0049496837049411956,-0.005822816134100624,-0.003599405095370986,-0.031963283268464864,-1.7325439072637667,0.9336149711032711,2.253474353133146
0.006530108951858118,-0.005379206064718811,-0.005665557032947698,-0.004210208573806132,-9.293085617509031E-4,-1.953193226193551,0.7764319748861409,2.567220188102201
0.00667344804838998,-0.005288217766388704,-0.005814620123217702,-0.004055163255470655,-0.018337076768981053,-1.9054468402139373,0.8858813593484627,2.5134580681909817
0.006569983714395822,-0.005291248188144072,-0.005684027987865595,-0.004087669247903081,-0.008083529478473692,-1.9089550505066695,0.8031890759949905,2.5010211902876804
0.006698416298362461,-0.0051671586238680395,-0.005794856854044666,-0.003895310796322361,-0.022463853845669745,-1.8434408037114947,0.8906784153461896,2.4161290011284837
0.006729379135460345,-0.0050459754115277766,-0.005780726904959404,-0.003738178032776213,-0.02582871163882957,-1.7837862383623355,0.8968759937950903,2.323986803648882
0.006712781121436423,-0.004937933327199752,-0.005715663411904433,-0.003617106997549495,-0.025648842768196078,-1.7364066108074128,0.8693593827616775,2.244114959917729
0.006375352703795955,-0.005549059766358038,-0.00551806988138884,-0.004462793260860052,0.024302566855121718,-2.0305294632106836,0.6522420064372952,2.671052413068788
0.006407481544365878,-0.00546763264189019,-0.005535668926711073,-0.004349973237590696,0.016206616513489727,-1.9914192019039128,0.6803470108947698,2.6111485268437202
0.006443668682136898,-0.00538619018080291,-0.00555635494417906,-0.0042375800586179554,0.007502373474631619,-1.952413098874963,0.7085802926443067,2.5525868000285534
0.00858658603883883,0.002991193258822018,-0.0061935773698048565,9.911932802536365E-4,0.028200566651917367,-0.5428559082474953,-1.0838320294720327,0.7112535701729162
0.008435087761305566,0.0031419984779092027,-0.006203981298800499,0.0011562590780236888,0.020731875593270093,-0.6352186625564193,-1.1150793028133408,0.8264551685406853
0.008223517670042625,0.0031746796158849742,-0.006111517116881207,0.0013034519101092436,0.011213437201100058,-0.7396158786571619,-1.0702360138645128,0.9386355556263072
0.008011660840081628,0.0033124519390032624,-0.006059314282278932,0.0015095316152742445,0.001463771603752453,-0.8563300201085655,-1.0598305167949373,1.0759798131907734
0.00780000369449083,0.003439405326505273,-0.005986915940657485,0.001712686263172532,-0.0069265767880541534,-0.9665154524172818,-1.0340210095226823,1.206916364869038
0.008564350223814729,0.002769208611086511,-0.006072314303633399,9.097744361895959E-4,0.02913464523897318,-0.5324281580326233,-0.9812821137729413,0.6760415803112169
0.007053892547637556,0.0036077875460116494,-0.005503097674802505,0.0021968253733670954,-0.01355044356050183,-1.2349956389570662,-0.7919037920358668,1.5031915908553888
0.0073986023281482505,0.003526373614152644,-0.0057393948840260885,0.001982624316381389,-0.01373383303322129,-1.1254809714198626,-0.9077226751665669,1.3817421266474539
0.0075705079499685515,0.003344225967733785,-0.005784235461441917,0.0017672648362703836,-0.008176247262762558,-1.0301170823653842,-0.9167710142053594,1.260302505961584
0.007172182958817572,0.0034269754577065078,-0.0055267186276013935,0.002006991000145343,-0.010521747772528801,-1.1635239675368234,-0.7941946839861941,1.407961902172646
0.0062024760685257104,0.004169966782316125,-0.004933437491710606,0.002960002863128867,0.0019012775929909524,-1.494252459177112,-0.5264505593211016,1.8216480193227624
0.00516372968662191,0.005057091993873206,-0.004044717579822118,0.00394088685583344,0.06313371109246152,-1.6431343171122308,-0.11646794402047918,2.0100282591347693
0.005310496561110562,0.004913489853340719,-0.00418357239167054,0.0037965560715899948,0.051981642663821756,-1.6338172281535588,-0.1794261173529188,1.9975121804067675
0.004840190982944377,0.0051365233469135635,-0.003724753641547196,0.004005757659337292,0.07363853680602042,-1.6014006310616309,-0.02284435253371405,1.9467769262177765
0.004936303557728643,0.005008036364088517,-0.003817263493360473,0.0038851618560499577,0.06601567682928916,-1.5946926411370317,-0.06550983636074087,1.9369453571540023
0.0058151227979345195,0.004600626279312371,-0.004651112922043038,0.0034473962806932505,0.022906647115311405,-1.6076371167352157,-0.37945290252800096,1.9716843568097122
0.005857869451156946,0.004410185797954756,-0.004657272921053949,0.0032534660875027962,0.01783584762028342,-1.5580569545778926,-0.3997519004931939,1.9006461530503185
0.00598361603743211,0.004225282216139051,-0.004739819470190258,0.0030556511863334248,0.010513220252596102,-1.5116668244243139,-0.44430404807427815,1.8375677471224157
0.005616433000456322,0.004679144613738369,-0.004464595399843049,0.0035464222748263887,0.03333688128453807,-1.61284433740369,-0.3020211057495587,1.9732733423801536
0.00540797011294269,0.004721802836155498,-0.004262541116956566,0.003602173863371097,0.04180915347072235,-1.6014140989731263,-0.22981632546245648,1.9524915794693876
0.004553063697215926,0.005447980957048631,-0.0034347335833099083,0.004282283456802457,0.09103825059764885,-1.5933541413088672,0.0933461370027553,1.937461956993248
0.004653947165153481,0.0052256717899195095,-0.0035427955638621675,0.004078348909012947,0.07935769557600765,-1.5810308207024593,0.0304447808468784,1.917832056441986
0.006516619755043982,0.003979785140907046,-0.0051704851219758095,0.0027033988080937296,-0.00795398429421011,-1.4208430371397502,-0.6373374426201494,1.7329889543077872
0.006646453411575269,0.00379601484384166,-0.005227602165448343,0.002500905670638738,-0.009568574951578356,-1.3559886176694969,-0.6649137835418807,1.6465252079553778
0.006823243235930941,0.003625404882809914,-0.005320883469084241,0.002297131677671534,-0.01090969810447297,-1.2848899035001533,-0.7047731086959629,1.5550373039736836
0.006287835006539712,0.003968918454294848,-0.004959803480277664,0.002754336280665513,-7.38513317424075E-4,-1.436155895723428,-0.5449837207418399,1.7411222720173087
0.0042853054574110965,0.005734184295407543,-0.003150297469725128,0.004515915685710318,0.10373948782003252,-1.5660929327177244,0.19785641618005934,1.9023339006660684
0.004303159273780991,0.00550210915987084,-0.0031927889328175764,0.0043006591026322006,0.09273056100486211,-1.54633070264053,0.1404390291111892,1.8704373152963625
0.004078152619209748,0.0058408299721739955,-0.0029421896265878645,0.004576962367736713,0.10502088700809263,-1.525736659562518,0.24364472563762848,1.846630873256445
0.003869662072868695,0.005972050056551709,-0.002731814891463277,0.004653222452476136,0.10537300567059811,-1.4837037343150365,0.2887223633607641,1.789652209681215
0.004978051354093284,-0.009747297707081763,-4.1707166249497704E-4,-0.008288969163785305,0.27107851972244074,-0.268054201130421,-2.560795579304582,1.0524795039664043
0.004975873310555868,-0.009794860860339294,-3.3857735388210516E-4,-0.008292624550683749,0.256310955839354,-0.21843306856895142,-2.5667006898278566,0.9982460576602922
0.004976424956380099,-0.009779009464918694,-3.64722852257492E-4,-0.008291345026648534,0.2612529302245062,-0.23497200903855717,-2.564698347652912,1.0162350405215905
0.00497716289168258,-0.00976312244203502,-3.9094125826329845E-4,-0.008290135915038077,0.26613762733595686,-0.251542437707262,-2.5627356943887665,1.034351419021675
0.004965710252626393,-0.009691009355540478,-5.072254602630032E-4,-0.008265371598981159,0.28308056858570524,-0.3292475193090718,-2.539388054734317,1.1108249237005945
0.004965048010485965,-0.009706944914219518,-4.811178260797477E-4,-0.00826733742261176,0.2783443983555404,-0.31261499311856017,-2.5420084552300293,1.092740401937134
0.00496454434252318,-0.009722819292126176,-4.5512037903263296E-4,-0.008269334292029041,0.27364479749221543,-0.29603154561623096,-2.544635804201398,1.0747897793491583
0.004963878471214025,-0.009738538406892467,-4.2933740022449445E-4,-0.008270971029640854,0.2689031556555292,-0.2796401347880682,-2.546974433481699,1.0569480575302788
0.004973158263905806,-0.00944553205897063,-9.057128919288643E-4,-0.008213392501987016,0.34891247912749396,-0.5859827588742595,-2.4804646981500125,1.3873390979069697
0.004961477663450177,-0.00943710302338349,-9.153965770019297E-4,-0.008196926104624802,0.3465096678113827,-0.5951449766298599,-2.467096180246481,1.3902352685649484
0.004969093671319365,-0.009200037514971482,-0.0012892083376584275,-0.008113100030379435,0.39544538942044766,-0.8392889423393068,-2.377899357559862,1.649511693302825
0.0049660371762726,-0.00921684032836481,-0.0012619860809871325,-0.008117167959693155,0.3914492311266055,-0.8220329110860245,-2.3829929790624615,1.6298241848822903
0.004980669225477121,-0.009366222243432728,-0.0010345010334234786,-0.008195176522219875,0.3691900503801453,-0.6686104728281382,-2.45917133900593,1.4786813859757217
0.0049766857992576356,-0.009399261049818695,-9.806351827174925E-4,-0.008202201576183258,0.3606046680848252,-0.6342190852639905,-2.46768071062484,1.4401959228462304
0.004977844848847596,-0.009382767554632979,-0.0010072430815877564,-0.008197794740722438,0.3645993879757572,-0.6513896631597849,-2.4627514615346944,1.4589249820002728
0.00496284930936945,-0.009406815966094466,-9.639007460072342E-4,-0.008188492805029264,0.3537240263662528,-0.6265922090473937,-2.457832262605245,1.4240967059904255
0.004957742100814504,-0.009421998416079689,-9.381386329669088E-4,-0.008187590171728152,0.3484530691508088,-0.6109352378452325,-2.458560343100618,1.404688443539149
0.004966512556556239,-0.009355419369353737,-0.001046367276510028,-0.008174536276696768,0.365941050218254,-0.67985027595632,-2.4421675395984237,1.4820969515921305
0.004970847247125949,-0.009339957874274937,-0.001072327784499209,-0.008173839591674054,0.370753476243924,-0.6958786352906073,-2.440103129175562,1.5014297935289018
0.004975050165812884,-0.009326749202307295,-0.0010947158153627125,-0.008173724816006046,0.37505234724831255,-0.7096014589718879,-2.438696252051781,1.518279039222089
0.00497416098789064,-0.009292907791078829,-0.0011474387264981825,-0.008159252302390977,0.3812315466285834,-0.7445667452847742,-2.4240087876437424,1.5542485379479005
0.0049701116530401915,-0.009311285589156518,-0.0011170530474704664,-0.00816186626305921,0.37609179297209333,-0.725515796679762,-2.427930776001594,1.5319567795511995
0.004979018882226344,-0.00924768029832436,-0.0012200082209848698,-0.008145982000269487,0.3914200492794637,-0.7912950093417523,-2.4088666906059006,1.6058017973516523
0.004966714680686204,-0.009264655936658737,-0.0011883735476894827,-0.008138809133050927,0.38346537413075504,-0.7733241898081628,-2.4051322615250963,1.5797321801336308
0.004960192940718648,-0.009280852076718336,-0.001160505115684997,-0.008137937220139257,0.37791118178603206,-0.7564865301665621,-2.4062020590803166,1.558347641659399
0.0049618360694869725,-0.009233318007701469,-0.0012347412068883037,-0.008119590458823357,0.3870064632732348,-0.8050243056821919,-2.3867329038995275,1.6096857386415575
0.004973775186644739,-0.009580825574489901,-6.880840349769965E-4,-0.008251913652991915,0.31579555684070565,-0.44411276416073514,-2.520984818228214,1.2375345444348202
0.004972910634936906,-0.009596769902703356,-6.620180822479708E-4,-0.008254651679851096,0.3113040563974851,-0.42742995966265346,-2.524287984473583,1.2193267898140852
0.004972158858461054,-0.009612458390910477,-6.36371380248225E-4,-0.008257318640729372,0.30689021028261193,-0.41100896516328517,-2.5275030523114186,1.201451616964829
0.004950318749252045,-0.009681829161053316,-5.193835091642494E-4,-0.008245575942674643,0.28089775793984795,-0.34047379095306013,-2.524137860519718,1.1144095767546425
0.004951343666312671,-0.009665880611849099,-5.454117404978667E-4,-0.008243804177055931,0.28561475415371423,-0.3570231381986892,-2.521601752007871,1.1325593975523651
0.004952929750566566,-0.00965001994470736,-5.713990843779496E-4,-0.00824256574982264,0.29044567679013494,-0.373438317756156,-2.5194529215573014,1.1508681547605797
0.0049550511387063826,-0.009634400183457136,-5.97107439093903E-4,-0.008241864816134497,0.29535113817672953,-0.38956795949828965,-2.517708093179287,1.1691646257717743
0.004957150840476845,-0.009619256328947005,-6.220491007250122E-4,-0.008241102772423958,0.30009439135654103,-0.4052206461255022,-2.5159446003804784,1.1869435481243427
0.004958585559065249,-0.009571397747569191,-6.996267971870754E-4,-0.008231696011588992,0.3130988017414445,-0.45515192848119806,-2.505063816074799,1.2407076423495687
0.00496963003487547,-0.00947742176466062,-8.536130269398645E-4,-0.00821908863122327,0.34018288082379783,-0.5527845183810625,-2.4876116002788016,1.3502660746205661
0.004970499071638848,-0.009461228247886354,-8.797922225092044E-4,-0.008215180849603968,0.3442948678694253,-0.5696700093001917,-2.4832158499328263,1.3685890480930019
0.004966541164223824,-0.009509380794060255,-8.014659963240792E-4,-0.008224734542558057,0.33137810451765,-0.5195123880377843,-2.4946461102060575,1.3133367047445017
0.004967815091948596,-0.009493653326864122,-8.270656073960889E-4,-0.008221739004923652,0.3356452174117131,-0.5358898281148642,-2.491026932149135,1.331374230919031
0.004943218753732623,-0.009561392944747034,-7.118742561096181E-4,-0.008211133022802323,0.31038180502028684,-0.46668467409861364,-2.4887981178333036,1.2443847480916528
0.004945964920459567,-0.009545215275812239,-7.384624786404896E-4,-0.00821022001958417,0.31535194871835914,-0.48333737458554266,-2.486736800963691,1.2635151246291212
0.0049497298159953485,-0.009529816060003807,-7.640899624198309E-4,-0.008210564843801818,0.3204455634753822,-0.49913946443933804,-2.4856753214938827,1.2823149016111557
0.004953917080658812,-0.00951647530238742,-7.865704755818638E-4,-0.008211844355135686,0.32518346978153817,-0.5128007295434976,-2.4854891930623673,1.299098351650496
0.00497532582291311,-0.009810641839942473,-3.1253988040821267E-4,-0.008293757529560075,0.25126537116140435,-0.20197168741101645,-2.5685849651418473,0.98034237576193
0.004973487545431196,-0.009873659433777085,-2.0853925002545674E-4,-0.008297276248355136,0.23109146304699427,-0.13631087976680112,-2.5752960219146313,0.909089196394871
0.004973893984327095,-0.009857943928041275,-2.3447905827179768E-4,-0.008296549488325415,0.236224667565076,-0.1526797558376409,-2.5737414212513205,0.926826631648975
0.00497422733467573,-0.009842194127721042,-2.6046364731164645E-4,-0.008295593253818219,0.24123709165367715,-0.16909481862107326,-2.572014367773367,0.944577809514379
0.004974720553660415,-0.009826413363413776,-2.8650644740575113E-4,-0.008294679918931692,0.24621987593631858,-0.18553550116375597,-2.570307728355166,0.9624354599367778
0.004958707173743244,-0.009881125644650676,-1.9521760033245573E-4,-0.008280395826287902,0.2243452101035115,-0.13134653833033108,-2.5637587077680397,0.8958588672243889
0.004986162898498823,-0.009960621289546143,-6.533964121282609E-5,-0.008316052453236722,0.20415211699644412,-0.045517103059432455,-2.5942717435999287,0.8176693876572022
0.005000098691445171,-0.009968584960421897,-5.235676411303365E-5,-0.008333025670262515,0.2095500691928908,-0.02997933085544932,-2.606606342610153,0.8087547550858156
0.005000024673443877,-0.009984292236633437,-2.618334012251699E-5,-0.00833314901882814,0.2041008711412221,-0.013565454282185372,-2.6076152008739975,0.7910876093301428
0.004986068216015363,-0.009976387487957346,-3.919039518985056E-5,-0.008316224704593393,0.19891463220953878,-0.02909805299697027,-2.5953853037851187,0.8000142005600005
0.004956843255573135,-0.009928515484262565,-1.1735206131090213E-4,-0.008280787193638228,0.20891885074912783,-0.08230812620761106,-2.5672456470084684,0.8424886469038363
0.004957225450420286,-0.009912633247631046,-1.434323129313569E-4,-0.008280512497783945,0.2140487683542794,-0.0987715769214421,-2.5659794249708505,0.8602774818075724
0.004957863750297035,-0.009896814052362297,-1.6942369370980255E-4,-0.008280399966827376,0.21920353225988745,-0.11513760636272653,-2.564828585571966,0.8780974169819603
0.004971731200657449,-0.00995257881105769,-7.826599023099942E-5,-0.008299134775209884,0.2054359985607763,-0.05419917527513848,-2.5817734374590153,0.8202967283324883
0.004956650927628229,-0.009944415351297989,-9.124935578224052E-5,-0.008281142504511485,0.20381017840206386,-0.06580349002915707,-2.5685667183600196,0.8247553180904844
0.0050024667597618295,-0.010157039844353498,2.617233307393391E-4,-0.00832907921742483,0.14547522681479735,0.16669525215315859,-2.6150399753723983,0.5992869070899636
0.0050019981338448065,-0.010141341239237565,2.355906615817126E-4,-0.008329859278076477,0.15214157649164212,0.15051244990354617,-2.6146001355200554,0.6164878438996653
0.004988373781159559,-0.010149628088929316,2.4815663500210393E-4,-0.00831273421985971,0.140556229525327,0.15147082022100566,-2.603790033035622,0.6077318858714057
0.005001578817366836,-0.010125641080081592,2.0943614806590754E-4,-0.008330557750635447,0.15803156622912304,0.13419969733485335,-2.614110968268699,0.6337136157926874
0.004987893299913479,-0.0101339267697737,2.2210559082586753E-4,-0.008313436663444208,0.14555216367151533,0.13501022407760924,-2.6033080573381784,0.6250564102729615
0.0050012088155440915,-0.010109939502481563,1.8324837239815895E-4,-0.008331174830420084,0.16238481903983001,0.11776666702725458,-2.6135814479020825,0.6510138828784114
0.00498744545492879,-0.0101182055400521,1.9602398724270138E-4,-0.008314039858531816,0.1508786612536307,0.11854705524807423,-2.60275586022011,0.6424299792681718
0.005000888133336492,-0.010094236641409177,1.5705155034289014E-4,-0.008331709885759887,0.16645936103898262,0.10131814747242847,-2.6130210981125424,0.6684035293294276
0.004987073882699194,-0.010102457701224579,1.699043543787228E-4,-0.008314591598006528,0.15651151079911016,0.1021212183662019,-2.6021656297208007,0.6598388605360129
0.005,-0.01,-1.1111938334489124E-8,-0.008333190100462275,0.19844054214351914,0.0028362404416677842,-2.6085553849250287,0.7734431440719319
0.004986016502671439,-0.009992155842178678,-1.3037467803562318E-5,-0.008316306473147456,0.1937204028360335,-0.012686951439167487,-2.59643581266241,0.7823905569424566
0.005000024673443877,-0.010015707763366568,2.6171214349094983E-5,-0.00833314891581959,0.19319574457575459,0.019264369588999394,-2.6094331566868076,0.7558196121495687
0.004986003726020027,-0.010007925918203544,1.3117185175457096E-5,-0.008316293194991246,0.18848025149205494,0.0037061854381142643,-2.597420078771796,0.764799038694867
0.0049888652299746325,-0.01016533267769766,2.742107195161133E-4,-0.00831190711960639,0.13563225035270546,0.16790889744110118,-2.604186763692226,0.5904518086312914
0.005002984689635677,-0.010172736759216247,2.8784981118233193E-4,-0.00832821718247539,0.1386663669134339,0.18279451184376072,-2.615415136025195,0.5820765586757934
0.005004834243983439,-0.01021981599104591,3.663064762788422E-4,-0.008325135037914924,0.12150010851339522,0.2314171908482501,-2.616056802959294,0.5302622331889923
0.004991082555822872,-0.01022824186420164,3.785210931894485E-4,-0.008307494399215264,0.11435536404221948,0.23325189723890835,-2.6051291292762957,0.5217486027920827
0.005005549329206298,-0.010235504770669994,3.9248381323287736E-4,-0.008323942028597103,0.11717827672299978,0.24790672527887592,-2.616131724227508,0.5129928653474001
0.004989365417379737,-0.010181047394766577,3.002758484835257E-4,-0.008310952163714663,0.13067304823290324,0.18430781506756952,-2.6045057820538307,0.573218152150456
0.005003551917708423,-0.010188431847002627,3.1398059028581545E-4,-0.008327272848859778,0.13188671917311873,0.19888149712196204,-2.6157080333939584,0.5648356813773648
0.005004168437936931,-0.010204124970286515,3.401323035602544E-4,-0.008326245537524639,0.12607743929589954,0.21506590663710937,-2.615918342233606,0.5475562696760068
0.004990440973803533,-0.010212494949287557,3.5241516511166736E-4,-0.008308711230485733,0.1200501960031687,0.21694112744418423,-2.6049535543196445,0.5388899096976489
0.004989880335932722,-0.010196766450102096,3.26340377167581E-4,-0.008309876104105739,0.12553520361312387,0.20064429972782216,-2.6047547530341437,0.5560368129139613
0.004991810534530661,-0.010244003555421047,4.046554310727369E-4,-0.008306232124247359,0.1086806507916168,0.2495978773629258,-2.6052838711108914,0.5046033599237111
0.00500631368665081,-0.01025119116996617,4.186539466614625E-4,-0.008322666891488851,0.11268591901339924,0.26447724887296187,-2.6161539332300268,0.4957744778445414
0.005007127309040209,-0.010266875049167085,4.4482010797708193E-4,-0.0083213094778185,0.10845652107117824,0.28109037221903627,-2.6161430635677245,0.47862653354347556
0.004992617134683171,-0.010259769795865023,4.3080105253305795E-4,-0.00830491741881829,0.10302084628462405,0.26597910764363014,-2.605404022019229,0.48745712846124917
0.005007990188766738,-0.010282556267937625,4.709725966588007E-4,-0.008319870384006448,0.10416960087378994,0.2976805584248626,-2.6161125327288066,0.46156796898137314
0.004993505337347879,-0.010275528055398598,4.5693926789997435E-4,-0.008303556044065743,0.09734644312089474,0.2824043894077483,-2.6054848442256184,0.47031773085663214
0.0050089023178828546,-0.01029823468538191,4.970903225324933E-4,-0.00831835088560331,0.09846871730360068,0.31415213756853017,-2.6160514413105176,0.4445865909601216
0.004994466852440638,-0.0102912651867243,4.830502658864703E-4,-0.008302141476261156,0.09190429302612903,0.2988725271833426,-2.605524339196734,0.45320343607220076
0.0050355768185515425,-0.010595401104716106,9.922774982275887E-4,-0.0082739013471938,-0.006218641954339368,0.6258959595814276,-2.6053723904673745,0.1257279779641867
0.005022650990398405,-0.010604876074061909,0.0010031627553240359,-0.00825503183741033,-0.012494473442270324,0.6281777134200109,-2.594574256245121,0.1169722407819793
0.005037471670074725,-0.010610993105271284,0.0010182606356358588,-0.008270743714503825,-0.011590935145098092,0.6422806755944525,-2.604317531336408,0.1091269817698805
0.005024524710937332,-0.010620510240306242,0.001029069201085085,-0.008251752125618428,-0.017714957521784754,0.644667119331566,-2.5934715338151295,0.10042370810339964
0.005039415511198498,-0.010626579228399678,0.0010442493250200496,-0.008267502547049362,-0.016404711885339474,0.6587730317996622,-2.603187191445539,0.09252187554203384
0.0050193262119465985,-0.010439190866250392,7.320016239912675E-4,-0.008300977723125599,0.04963377680171204,0.4615737683156378,-2.6131331092576264,0.2923594273295452
0.005017971256234513,-0.010423544090142326,7.059084299024911E-4,-0.008303237185401631,0.0541802608377813,0.4450133795704401,-2.613668278770289,0.3091809129722771
0.005004664050455457,-0.01043260182420845,7.174471908389254E-4,-0.008284975901443016,0.044225407713656455,0.4466418708678606,-2.6030719207132993,0.3007941383485582
0.005016665461698991,-0.01040789322055687,6.797852032524426E-4,-0.008305416641460003,0.05768828326221989,0.42844359656971026,-2.6141702945704908,0.3260853085094146
0.0050033028086833254,-0.010416877483171277,6.9136814243408E-4,-0.008287188608067585,0.049927491446562,0.43018446140985417,-2.603524328702641,0.31766233434980923
0.005015408839722729,-0.010392238403124528,6.536719162503002E-4,-0.00830751279365501,0.06214974141809004,0.41200219135090493,-2.614631411581143,0.343036448805426
0.005002045563582444,-0.010401152777933449,6.653023653699505E-4,-0.008289377581731218,0.05568277256576488,0.41379809997713407,-2.603961115868216,0.33452208268252354
0.005020730317030955,-0.010454833402758998,7.580564802384548E-4,-0.008298639016243356,0.04347336759646767,0.47804262258471236,-2.612555321202964,0.275590083763512
0.00500609266374447,-0.010448304830792577,7.434998309323635E-4,-0.008282704517779035,0.03895025848741273,0.4631345475167253,-2.6025851732475576,0.2839493723807512
0.005022183559254116,-0.010470471553061363,7.841052478556163E-4,-0.008296218249597559,0.0374448321355428,0.4944754869005544,-2.61193064620858,0.2588302046117039
0.005007543192717269,-0.01046399412550243,7.695245790834505E-4,-0.008280322930653996,0.03390420424858823,0.4796110064179205,-2.6020301502106307,0.267141923259644
0.00502523740399226,-0.010501734106237882,8.36217993663035E-4,-0.00829112758761813,0.027643705376212923,0.5274083383278041,-2.6105560048747423,0.22538604901728934
0.005023685925945949,-0.010486105170072863,8.101662462897916E-4,-0.008293713757746735,0.032616836800126975,0.5109410354153401,-2.611265145833656,0.2420871507917489
0.005010562370020777,-0.010495372348911292,8.215612390974596E-4,-0.008275276029389754,0.023249537906186727,0.5125568732459186,-2.6007280205883956,0.2335936473623844
0.005009022326119054,-0.01047968570974068,7.955457783085073E-4,-0.00827783440001429,0.028647910349579978,0.4960746963475334,-2.6014026472267715,0.2503582185953555
0.005013076115607742,-0.009056841112278368,-0.0015299064383004883,-0.008092690391096209,0.43442204562104086,-0.9885114724813092,-2.3442071886990647,1.8303021583481787
0.005008399420460554,-0.009075171957222801,-0.001499559513838523,-0.008097094332855543,0.43006510703717804,-0.9694578103015806,-2.35007451126207,1.8078285553706839
0.004996272408439812,-0.009090859842232709,-0.0014693172475448285,-0.008091190277255356,0.4228482799931475,-0.9521458346645765,-2.347471414187659,1.7824063563241561
0.0049890975449845484,-0.00910639624766338,-0.0014420012660755494,-0.00809087000871653,0.41771717890743426,-0.9356750991259347,-2.3491994108806256,1.7610182798221456
0.004973763259491995,-0.009182780222862166,-0.001317861983447088,-0.008110538265540373,0.4001084450487906,-0.8571339750712702,-2.373894638792087,1.6707763833970726
0.004980332289254486,-0.009162720597164461,-0.0013517286048204942,-0.00810867686153082,0.4059472841170964,-0.8779965093220632,-2.370066638263282,1.6963104128166848
0.004981050023714511,-0.009141137942905728,-0.0013850636733904315,-0.008098987428513608,0.4094400227463812,-0.899839961763978,-2.3598747858223796,1.7192259302428214
0.004983998384907094,-0.00912308659479447,-0.0014140326605390932,-0.008093418003633814,0.4132606970050304,-0.9183218281196471,-2.3532892547703406,1.74003679359514
0.005034216210355375,-0.008950397294495396,-0.0017021042685897538,-0.00805611604170483,0.45505639881872095,-1.0979643201204663,-2.300358206643087,1.9551585544164656
0.00502050494593679,-0.008965381736421005,-0.0016715332972437387,-0.00804912782263686,0.44762452247917234,-1.0806025706123943,-2.2971334083093065,1.9285587153233041
0.00501234637940197,-0.00898226572611615,-0.0016415696237786902,-0.008049620218401011,0.4423616168978914,-1.0625180158697523,-2.3000124032746476,1.9049629360176425
0.0050057532603240956,-0.008997564630902264,-0.0016149304648436422,-0.008050854178212956,0.4379696396493326,-1.046306935898117,-2.303184204075498,1.884280301560448
0.004999721749844962,-0.009043766372703984,-0.001542332685823669,-0.008069906156765318,0.43018571197527006,-0.9996677254315888,-2.3245651959936047,1.8330966302425276
0.005007109331906074,-0.009027932250201015,-0.0015702437503402604,-0.008069725194538207,0.4352453039309125,-1.0165138678207297,-2.3222523395586325,1.8549665927134094
0.004996920774260194,-0.00901278661758049,-0.0015871663817007364,-0.008049303501311151,0.43249550229909056,-1.0298147477383894,-2.3041424443022023,1.8618825997334
0.005043703266610484,-0.008752260262247688,-0.001996105563263893,-0.00793554022027536,0.4711544037493067,-1.2886201823398162,-2.172826963418371,2.150335100896197
0.005041622108740016,-0.008766828370494518,-0.001974006440491873,-0.007943576630029902,0.46979417279329,-1.2746824497982254,-2.1817548866688843,2.135332577904693
0.0050289082058023946,-0.008724832733672173,-0.002023816062179886,-0.00789875664295283,0.46539056004325063,-1.3085570266448487,-2.1396310998865804,2.1593789224139344
0.005030014616655828,-0.008741635926077308,-0.0020011651576062146,-0.00791223586034222,0.46552106746315036,-1.293892215433982,-2.1531061851223634,2.145945754437855
0.005018708739431115,-0.008854286771983327,-0.0018332031644230533,-0.007977180438158869,0.4555006411966877,-1.187034947798887,-2.22341811628689,2.033618425573559
0.005022767636905419,-0.008832282379978055,-0.0018675777676124417,-0.007967193923567402,0.4584774638804264,-1.2087173165565905,-2.2119020583533424,2.0577638615372713
0.005030946266063598,-0.008810914824188998,-0.0019037538009747744,-0.007962094184188015,0.4632660641188851,-1.2308614639117463,-2.20414596421187,2.085097057161734
0.0050319324116190915,-0.008779375783012007,-0.0019493678085373254,-0.00794133391445026,0.4650705383386531,-1.2602295530685674,-2.1824499302738913,2.114530792384287
0.005023814247314956,-0.00879483210497227,-0.0019217716236887027,-0.007942823204890667,0.4607866458796218,-1.243667779619756,-2.1865093878667525,2.0928135735493676
0.005024402132732591,-0.008932112357819518,-0.0017232167262296472,-0.008033463144169655,0.45233827469374704,-1.11388600343025,-2.2798400730620885,1.964612967965169
0.005015798822040717,-0.008915022114633036,-0.0017430157532447568,-0.008012852982177894,0.44990427789257253,-1.1285870790986932,-2.2610632717637906,1.9735788649311352
0.00500339984917623,-0.008896325939492961,-0.001762469111433044,-0.007986750624147838,0.4459379400854295,-1.1435795087855747,-2.237835285833192,1.9803206584388668
0.005012273533040303,-0.00887563969872445,-0.0017981381620208522,-0.00798371845633603,0.45131094537570965,-1.1653005651806778,-2.232071168509283,2.0077789892974063
-0.009713416092669803,0.0049523313884003006,0.00825343214857714,4.68469228851238E-4,0.250153514070285,0.4425249052939367,2.5704410018481583,0.28845690891359926
-0.009681247202591635,0.004954114344578495,0.008249959074175365,5.210196362037345E-4,0.23962769131178505,0.40804646465015865,2.5706184084750245,0.32191143076122947
-0.009696209419770386,0.00494832942848424,0.008245814163622507,4.957213252315486E-4,0.24393416524401584,0.42272986796908507,2.566697169189108,0.30546660630603234
-0.00966430616767207,0.004950382120007634,0.008242391044697457,5.477771686987761E-4,0.2335778399580089,0.38864952154711263,2.5668935723521478,0.33868145101969793
-0.00964661290330495,0.004939921513333807,0.008226604047951584,5.742827190641169E-4,0.22663563487245994,0.36673194404432047,2.557727172998582,0.3549431857520488
-0.010967676347966866,0.00509453340796357,0.008175636564272988,-0.0016127686426711991,0.657052854146617,1.9027055301699634,2.3942952863091844,-1.0157802653472043
-0.010983084736969085,0.005097598098896989,0.00817053387457788,-0.0016384235908833615,0.6616382185730568,1.9214923613177881,2.388154791369006,-1.031983044101654
-0.01097805606121643,0.005082473603818732,0.008155199082957336,-0.0016220112664593253,0.648397263520971,1.9076615077008714,2.375189860202297,-1.0288658151716774
-0.010998483515463568,0.005100711207802963,0.008165351486793926,-0.001664058411322742,0.6666962117522303,1.9402505427859784,2.381898169837658,-1.0482550647691935
-0.010993446111390857,0.005085532135211647,0.008149999127976447,-0.0016475161675732887,0.6517413890105465,1.926414020798939,2.368882722334447,-1.0452116600412564
-0.010844082286340592,0.005071762475906215,0.008213579934262362,-0.0014068271344625854,0.6228240008417059,1.7516453290334084,2.439712615203704,-0.884840456705183
-0.010838757372201956,0.005056669209520699,0.008198019356030027,-0.001390994004786258,0.6137791575196174,1.7390276677993144,2.4268666567826287,-0.8816522284031434
-0.010828594527293182,0.005069134851839914,0.008217958319905959,-0.00138101982627138,0.6184222588270751,1.73274902466209,2.4449098994569707,-0.8684917246579192
-0.010823242201624705,0.0050539994372769724,0.008202316106763348,-0.001365243934930472,0.6095103868174724,1.7203681870445011,2.432048478728643,-0.8653384532857288
-0.010813098735826325,0.005066555924529232,0.008222259391217988,-0.0013551766109889407,0.614850784141444,1.7138235623950882,2.4500294560564653,-0.851995859421694
-0.010962663076529574,0.0050794389574773365,0.00816028833830817,-0.0015964865226857849,0.6449213906020742,1.8889342728604774,2.381354278460815,-1.0125341828566217
-0.010952258507486398,0.005091517165669236,0.008180657614725357,-0.0015871032165451378,0.6520786167285366,1.8838683310757325,2.4003070541985965,-0.999614505004711
-0.010947267860681115,0.005076419361801268,0.008165255815215032,-0.0015709414113776585,0.6415922959961985,1.8702470300117218,2.387375711719036,-0.9962442215739085
-0.01093683137430405,0.005088549402048354,0.008185597227007235,-0.0015614261001849405,0.6461038256392092,1.864922412558877,2.4061892569438545,-0.9834166645833228
-0.010251191169966171,0.005006313686650811,0.008322666803595448,-4.186623696057629E-4,0.44392754315157407,1.0511744237424696,2.5765784739410935,-0.2591574721559412
-0.01024398035367372,0.004991987385824699,0.008306431737915246,-4.046942505695922E-4,0.43404465985095814,1.0418958906201379,2.5652318321030876,-0.25776801757690454
-0.010266875049167085,0.005007127309040209,0.008321312871223945,-4.4476091064845095E-4,0.45106144789656016,1.0690770963843341,2.574427740330286,-0.27544827791387844
-0.010259711460187537,0.004992799837061887,0.008305129414871807,-4.307908785656683E-4,0.4387676461463152,1.0597713435577611,2.563043154752464,-0.2741572534430556
-0.010282556267937627,0.005007990188766738,0.008319875088861622,-4.7088741759691724E-4,0.4564328471252231,1.0869970476160258,2.572179003770946,-0.29188231117331837
-0.010275444043853782,0.004993603847934466,0.008303680421105726,-4.568819522032404E-4,0.4436050325790594,1.0776993038959122,2.5607376503167782,-0.2906094683066635
-0.01029823468538191,0.0050089023178828546,0.008318353064960544,-4.970472242999549E-4,0.46007630679186234,1.1049999784910187,2.569858963624797,-0.30842360257976376
-0.010291185624221192,0.004994446748527085,0.008302136193921146,-4.829814591608612E-4,0.44892817454818396,1.0956690418476052,2.5583627885537905,-0.30705825788589336
-0.010306927859442315,0.004995381396147927,0.008300555563051119,-5.090848149443302E-4,0.4544869644757808,1.1136521142803149,2.5559595580986616,-0.3234493763837997
-0.010236701793216424,0.004977227772354198,0.008290354255708619,-3.9067381208939466E-4,0.42904933825421826,1.0262316148803927,2.5543806172861885,-0.24981386739975475
-0.010220861609869498,0.004976320793816173,0.008291349800062181,-3.6451049577684944E-4,0.4239078674596268,1.0082622911546653,2.5563656099761745,-0.23336032204670878
-0.010204981029340624,0.004975609725056209,0.008292437034155728,-3.383007718091722E-4,0.418838528051404,0.9903517696178256,2.5584084283319153,-0.2168705449734443
-0.010142028105444864,0.004973854753947518,0.008296579490374543,-2.344370343906461E-4,0.3980232863616755,0.9198494802570415,2.566303729273864,-0.15147689902819772
-0.010157670836178712,0.004974332712159327,0.008295810147779352,-2.602592235598121E-4,0.4033113866351084,0.9373841839010563,2.5645342145479924,-0.16772592815524565
-0.010173351714714797,0.004974730008158149,0.008294803197896964,-2.8613241960047956E-4,0.40856529931040714,0.9549301421626764,2.5625899396713367,-0.1840183458608902
-0.010189126355817434,0.004975120836560886,0.008293638152548218,-3.1215064261733535E-4,0.4137476227608596,0.9725752010819192,2.560520072721077,-0.20040476179754765
-0.010118890175923264,0.004958152285470273,0.008279835671239522,-1.952232120719977E-4,0.38616394903514667,0.8888412270077154,2.556449836181948,-0.12997983734178017
-0.010134567016720287,0.0049589995239391425,0.008279706370677901,-2.2099779372681494E-4,0.39142419034088066,0.9064562953721494,2.5551016959074584,-0.1461505929099157
-0.010807690068779097,0.005051397208939681,0.008206563955695594,-0.0013394459171544278,0.6050601053172043,1.7016995664430146,2.4371656494389176,-0.8490068877075511
-0.010797595068132214,0.005064025718534266,0.00822648074208768,-0.0013293110173393894,0.6115639907443754,1.6949103388775786,2.455071103797424,-0.8353773951740407
-0.01040789322055687,0.00501666546169899,0.008305416407137672,-6.79790202185003E-4,0.49644711567356126,1.2316464335455453,2.551786134097802,-0.4232327815144652
-0.010423544090142324,0.005017971256234513,0.008303239491664637,-7.058829105924939E-4,0.5010741863682643,1.249863224402775,2.5489098889158304,-0.43976788251489657
-0.010416772293491389,0.005003307166127448,0.008287212627615864,-6.912606014242143E-4,0.48932875587874597,1.2401165309305398,2.5370840239369907,-0.4382568873406765
-0.010432468661152229,0.005004627507849769,0.00828496345245077,-7.172879700263877E-4,0.4943520822849055,1.2583095679118905,2.534070924882195,-0.45466669437508694
-0.010345251712533227,0.005011934116815129,0.008313299328873465,-5.754246557543204E-4,0.47512275224347117,1.1592989184005535,2.5625960887110213,-0.35760261317100744
-0.010338346233070419,0.004997494304120356,0.008297258313532063,-5.612051066299627E-4,0.46481733416915366,1.1496073396456954,2.5510201299903863,-0.3561260631874798
-0.010360917504742087,0.0050130431569171624,0.00831145316954502,-6.015026821986449E-4,0.48161468859388484,1.177347273349687,2.5600203340614995,-0.3738822620325482
-0.010354017575094285,0.0049985954552432205,0.00829545799133726,-5.872036764908123E-4,0.4695019417342516,1.167612234514186,2.5484144131888535,-0.3725039787812428
-0.01037657978297736,0.005014201401274545,0.008309523937845033,-6.275904600096214E-4,0.48717271997802714,1.1953939315082656,2.557349789433967,-0.390249176649114
-0.01036968863151622,0.004999705241154729,0.008293530259677719,-6.131940517318781E-4,0.47423421453673514,1.18567100021876,2.5457003534353984,-0.388934888815292
-0.010392238403124532,0.0050154088397227296,0.008307511429515644,-6.536899358503437E-4,0.4919145112249948,1.2134873334648235,2.554600233907766,-0.4067129675661569
-0.010385374379576652,0.005000847816102342,0.00829149926965275,-6.392022643943138E-4,0.47918387937448786,1.2037868985389493,2.5428987519587367,-0.4053888633537163
-0.010401072263272927,0.005002046268350169,0.008289390473106227,-6.652289521963335E-4,0.48425594417961104,1.2219411331683796,2.540025704325659,-0.42183314580797443
-0.010331462144715914,0.004982639352223089,0.008281390043192796,-5.470673505144713E-4,0.45964577295387343,1.1338931364645493,2.540149042445872,-0.3483763646295319
-0.010315729055757603,0.004981463958384827,0.008282909093819646,-5.210753041565243E-4,0.4546091353227549,1.1158729918428232,2.542564129169246,-0.3320057619998658
-0.010735504747544684,0.005054392578627049,0.00824253686669895,-0.0012258242698462737,0.5948649650721677,1.6198658894653286,2.474343044716302,-0.7690160657103567
-0.010729698615875373,0.0050394124926487925,0.008226949780880176,-0.0012101928880099266,0.5834454758162165,1.6083241458260407,2.4617120086456903,-0.7668151445607746
-0.010792103369060177,0.005048871509299889,0.008210771648576927,-0.0013136059015685126,0.6005027302914518,1.6830095681002708,2.442227280693652,-0.8326329849081677
-0.010782083680081916,0.005061544257832261,0.008230621358171477,-0.0013034288108554762,0.6086154296799803,1.6760525759027358,2.460039508549699,-0.8186893427742369
-0.010751038364750519,0.005056727665334141,0.008238650021323691,-0.0012516810559562463,0.6007720587430164,1.6385709018276995,2.46969657872778,-0.7854600964028031
-0.010745292107023956,0.0050417391931570675,0.008223074378404869,-0.0012360519773731372,0.5875016956736457,1.6269588435186602,2.457023751987481,-0.7832527853021666
-0.010766564727218549,0.005059111565822969,0.00823467884770798,-0.0012775451613696682,0.6054639165999621,1.6572800529726317,2.464925130009682,-0.8020184639699129
-0.010760888673721698,0.005044068632803171,0.008219061970578779,-0.001261896661179497,0.5915181186716535,1.6456166293270924,2.4521850894756834,-0.7997273284825684
-0.010776495960126519,0.0050464313819183005,0.008214943472259843,-0.00128774736575092,0.5958983105258294,1.6643060556745837,2.4472370450939427,-0.8162027516997404
-0.010692485897196465,0.0050195418716570414,0.008219071672611473,-0.001142727868437759,0.5689050629314208,1.5533888408224679,2.4598953662890213,-0.7254544160650637
-0.010708146873682873,0.0050216940445739966,0.008215306008900821,-0.0011685406681431942,0.573270256167547,1.571873396477159,2.4553422366911164,-0.7418647892979502
-0.010723831598097894,0.005024017088753188,0.008211587135736644,-0.0011944384536148444,0.5776092445008287,1.5904868637394218,2.450795485513391,-0.7583107043671183
-0.010642159322614201,0.005041408324495789,0.008264176839382053,-0.0010702497894369322,0.5678710821855746,1.5077796123556124,2.500301037188372,-0.6701170517583893
-0.010657733236025013,0.005043450092026908,0.008260770820969454,-0.00109623053363617,0.5713492723135177,1.5264548452246318,2.496197936986298,-0.6866984846558216
-0.010651673928737919,0.005028497067615675,0.008245054728828803,-0.0010807970394836651,0.5611451009587268,1.5154872811489801,2.4837201843921615,-0.684739143677744
-0.010667300879249999,0.0050306095648737295,0.008241626348605424,-0.001106721047668809,0.5657568405147998,1.5340208909901092,2.479524211646755,-0.7011227238925818
-0.010532977343492103,0.005028487639427607,0.008285708685670837,-8.88306497744369E-4,0.5344390988800598,1.3784571406951747,2.5267011962489345,-0.5550670042865767
-0.010526601973298655,0.005013764857289456,0.00826992132047444,-8.734119193882492E-4,0.5240097739910013,1.3679747731005056,2.5145184466834754,-0.5531295363590342
-0.010548591347176688,0.0050301863683028455,0.008282877148751349,-9.143318298471817E-4,0.5390542996222462,1.3969201959243212,2.523189781946179,-0.5714372557096956
-0.010542271743266857,0.005015469453366351,0.00826713464106534,-8.994043637156466E-4,0.5287700839802482,1.386334723475805,2.510996983537419,-0.5695700791787921
-0.010564200075219217,0.0050319341514908815,0.008279964612345633,-9.40342305419138E-4,0.5438683980784451,1.415396953074105,2.519596277501566,-0.587778775533422
-0.010557928734729292,0.005017228753389273,0.00826427336486507,-9.253774253652759E-4,0.5335580233905061,1.4047130738991174,2.5074057015669418,-0.5860038634573801
-0.010579803377811692,0.005033730973549848,0.0082769728547255,-9.663226191097882E-4,0.5497138971495049,1.4338555639001533,2.5159277743561796,-0.6040829510201919
-0.010573556664848308,0.005019034508470578,0.008261333550022567,-9.513049078642494E-4,0.5381109767174083,1.423094208217927,2.503731257631092,-0.6024258114309263
-0.010595401104716106,0.005035576818551542,0.008273900593402113,-9.922841002508432E-4,0.5559400798048686,1.4522784373669388,2.5121700255154424,-0.6204185425144849
-0.010589156860820145,0.005020856149410145,0.008258281739174672,-9.771804129965012E-4,0.5423769076242194,1.4414860251660186,2.499936095458661,-0.6188648619514378
-0.010626579228399678,0.005039415511198498,0.008267502970743376,-0.0010442453684149763,0.565084927148152,1.4891869157439792,2.504345401629098,-0.6534666776590528
-0.010636022575331574,0.005026465369297761,0.008248441479361325,-0.0010548472663157369,0.5561440201571952,1.4969418496756424,2.487858289371229,-0.6683182325814782
-0.010610993105271279,0.005037471670074724,0.008270744619462662,-0.0010182533309288258,0.5612588196853411,1.4707004302972375,2.508308170081656,-0.6368738403591135
-0.010604754475453233,0.005022681815246495,0.008255098083212752,-0.0010030371027547303,0.5466472157308156,1.4599187125105357,2.49600491000839,-0.6353433296276875
-0.010620375251799654,0.005024536874048549,0.008251802425505028,-0.001028919778332549,0.551218001633401,1.478408884765021,2.49196371310633,-0.651842534360056
-0.010676873687204306,0.005017419587890724,0.008222709881915929,-0.0011169831546111592,0.5644223763924713,1.5349637011177204,2.4643228379880413,-0.7090896301925068
-0.01044137871343815,0.004990866099922569,0.008266841056822736,-7.283988274085834E-4,0.49435683927614366,1.2599251974870846,2.5200703926278583,-0.4628946020970364
-0.010457133339243108,0.004992263595417924,0.008264443843579043,-7.543896993053996E-4,0.4992160919305803,1.2781133418647388,2.516899141272025,-0.47933207360138447
-0.01047289833826822,0.004993718487116235,0.008261968502381105,-7.80398382166471E-4,0.5040305095856055,1.296346110556078,2.513650943437495,-0.4957862655025344
-0.010488672265750398,0.004995261464738812,0.00825945081346185,-8.064308775272453E-4,0.5088096456421677,1.3146388802473343,2.5103519658789106,-0.5122557111633292
-0.01050443595900062,0.004996907662720669,0.008256913920657067,-8.32461882648899E-4,0.513589714203413,1.332981778450705,2.5070188172372636,-0.5287230557787274
-0.01052017963981095,0.004998605654080247,0.008254300365926512,-8.584620538113042E-4,0.5183897615317559,1.351335234496631,2.5036101508150534,-0.5451760516206708
-0.010102973118177823,0.004957482778684422,0.008280048729133965,-1.6907083060639283E-4,0.3808483959651236,0.87103938069354,2.557869562059501,-0.11354514405557202
-0.010055333443989694,0.004957748291058201,0.008282495803205865,-9.088732776003088E-5,0.36541737355304665,0.8186045562781868,2.5633559697147525,-0.06405491679856541
-0.010070994232183597,0.004957396798317066,0.008281523796386863,-1.165875321381214E-4,0.3704326730146734,0.8357475658090737,2.56143948666717,-0.08036180661522298
-0.010086924488342369,0.00495716573407405,0.008280539537983335,-1.4272273056125187E-4,0.37555972210711613,0.8532295636021662,2.55948930117483,-0.09693083580352645
-0.010047636928665936,0.004943341788602766,0.008265778958143405,-7.786258496958734E-5,0.3597004992746435,0.8051213730514465,2.5524608804696207,-0.05803466661689805
-0.010032362753368322,0.004942482190757017,0.008265110142712086,-5.288755543551803E-5,0.35455007647925973,0.7880585826544255,2.5532325411539802,-0.04234480946638386
-0.010016420536702436,0.004941861061557475,0.00826459455493271,-2.6836302194437627E-5,0.34922321757481867,0.770358564583958,2.554159463359353,-0.025940692443920766
-0.0100002688690354,0.004942071908540545,0.008264911564590353,-4.528388374838009E-7,0.34399271084775607,0.7527204311031968,2.555669089302494,-0.009210282914649176
-0.009984273969887016,0.004943125563575925,0.00826607174258901,2.5686635105977135E-5,0.338963448131141,0.7355370280813607,2.5577374942784847,0.00747760554315362
-0.00996824644030739,0.004943770883312145,0.008266606147771985,5.188979712830733E-5,0.3338216330205183,0.7181817714237756,2.55937367480573,0.02414024835554243
-0.00995267306213529,0.004942898292698153,0.008265223059415823,7.731777791749273E-5,0.3285100101278098,0.7008423595181251,2.5596686131796247,0.040102865203567116
-0.009936714514287659,0.004943579282850773,0.008265513461067053,1.0341236091282353E-4,0.3233674002755864,0.6835902220723936,2.5611284098649985,0.05669103323053187
-0.009920878908559017,0.00494402479794495,0.008265387582924147,1.2930182850195816E-4,0.3182024625108098,0.6663985788154535,2.5622906681625293,0.073116101550053
-0.009905136772908281,0.004943450583380656,0.008263925101500263,1.5498386633409285E-4,0.31287100271062235,0.6490001019662848,2.562541341909149,0.08928257731212212
-0.009889126430140548,0.004944278455378775,0.008263952212480684,1.811746328298925E-4,0.3076939314693475,0.6317526972680603,2.563818753674381,0.10594084975997244
-0.00987322140952407,0.004944711692565872,0.008263376490826188,2.0716912487068096E-4,0.30247225751113277,0.6144994512247955,2.564674912465,0.1224282804675907
-0.009857577393635773,0.004943236853437159,0.008260434478748168,2.3257761952591763E-4,0.2970259696601725,0.5969670163597692,2.5639143366667185,0.13833250894036808
-0.00984100835680069,0.004942005443419527,0.008257555810709057,2.5947632967282666E-4,0.29132666239865584,0.5785227143940245,2.563269818277402,0.15521403063303862
-0.009806742687998173,0.004946971305052635,0.00825994078360118,3.1581400125079925E-4,0.28065329974721337,0.5426388569694298,2.567538651681242,0.19133898862883827
-0.009821721546233833,0.004940184301307154,0.008253553227808031,2.9069965080726594E-4,0.28462344204174034,0.5569656724219293,2.5620851134513027,0.17478429220000646
-0.00974521342128724,0.00495061844758783,0.008256341649585606,4.1649595241717303E-4,0.2605666730169318,0.47664327953587354,2.5699198811778445,0.25539457420781275
-0.009728124529222186,0.004946504282300647,0.008248924026715674,4.436485838868585E-4,0.25432212787815406,0.4569052760034066,2.5662940245866745,0.27228094469308756
-0.009776682946825759,0.004949562918491709,0.008259406266404142,3.651113076574544E-4,0.2709607634828527,0.510619468169794,2.569527015283637,0.22277417881934541
-0.00976031054633297,0.004945259113354387,0.008252171913722331,3.9118468920234937E-4,0.26488067653542885,0.4915645816595244,2.565963259245575,0.23891072831389518
-0.009791081872710097,0.0049438991375691825,0.008254524529683888,3.4096551003859115E-4,0.2749556725395146,0.5246810021629694,2.5651351891390903,0.20696537476233517
-0.009476544219583723,-0.004969224592611387,0.008218368098820582,-8.548984254123024E-4,0.17360732408018265,0.19008395779985296,-2.5655918019232904,0.5356412839132244
-0.00949283587716002,-0.004967863242453636,0.008221579172131793,-8.28392730593965E-4,0.1787726564807999,0.2073679768054573,-2.5664475104303253,0.5185856716150555
-0.009524755825197585,-0.004964656985355711,0.008226791833103235,-7.762513384139907E-4,0.18891373379898288,0.2411123925742321,-2.567409404457276,0.48506914653802596
-0.009508923526497985,-0.004966196846616851,0.008224220415353414,-8.021068181560106E-4,0.18387702395972808,0.2243644341508224,-2.566939700607396,0.5016786460994141
-0.00953175354351449,-0.0049516596170901435,0.008213380859188867,-7.615132480378599E-4,0.1902869085088976,0.24551456980311687,-2.5578952954684038,0.4752702196826535
-0.009545160791349226,-0.004947729368970654,0.008212306263497835,-7.390126688788188E-4,0.19431580942937002,0.2590309589192769,-2.5561208511168623,0.46070916066705364
-0.009577004117946432,-0.004941362361306893,0.008212830650337235,-6.8642097351454E-4,0.20409258205718658,0.2918385436586676,-2.5539667194509064,0.42674618177032925
-0.009560710990579844,-0.004943930364916266,0.008211824605040384,-7.131470733356126E-4,0.1990426035582646,0.2748840468237517,-2.5545740087597397,0.44398432593029363
-0.009334727641046604,-0.00498562352695786,0.008189282493016368,-0.001086210933047448,0.12959405446478697,0.04076245904287068,-2.5574752482513663,0.6852745655546278
-0.009350977965077075,-0.004982893227994215,0.008192203623271539,-0.0010594729552144712,0.13453798555295002,0.057679126329880336,-2.558120005039313,0.6679211403179336
-0.009366989856873897,-0.004982314974092895,0.008197423394168945,-0.0010338871079765086,0.13947695071596608,0.07481402183996828,-2.5603351375010033,0.6512934302079211
-0.009374263486158413,-0.004968889762112895,0.008184234814961926,-0.0010175159723754183,0.1413833765752682,0.07970540342631914,-2.5508511839347103,0.6408317922432538
-0.00938756555556061,-0.00496485999337167,0.008184223635381445,-9.950598279681892E-4,0.14536834742927543,0.09313238551264348,-2.5497735948004134,0.6262696134305861
-0.009403203108780142,-0.004961208712838291,0.008185357542350183,-9.69063784488499E-4,0.15009434509876088,0.10914917489614473,-2.5492836717014273,0.6094022431658287
-0.009465786255093337,-0.004954718874792875,0.008198027765553713,-8.67668670542037E-4,0.1694014074697023,0.17506872552050387,-2.552821791325693,0.543706823348263
-0.009451138088123187,-0.00496008553727358,0.008199788585896572,-8.926398781718946E-4,0.165059778020788,0.16052383046572136,-2.555163308888982,0.5598882526950149
-0.009435223483884626,-0.004958375292385982,0.008192695154893256,-9.173816412371315E-4,0.1599509915147256,0.1429803198533426,-2.5516666923156994,0.5758889588357937
-0.009419420074337605,-0.0049587723763341385,0.008187971177888694,-9.425690532212061E-4,0.15504141243185385,0.1260554128707024,-2.5497481633971613,0.5922129400613213
-0.00925656855823738,-0.004995276943885002,0.008168972269909675,-0.0012131374074714945,0.1061018357557084,-0.04139181164285361,-2.5501620803888057,0.7680916604147364
-0.009272818473151177,-0.0049942837238817865,0.00817468497391026,-0.0011872298000362384,0.11091878273949911,-0.024104268503246654,-2.5526970679183845,0.7511019254547672
-0.009304263771211465,-0.004990821517670791,0.008183485253859923,-0.0011363367120188967,0.12035886907875526,0.009046949302218757,-2.5560616983657627,0.7178641447369615
-0.009288781394845092,-0.0049923161207227435,0.008178976980566547,-0.001161324302521625,0.11570004710887098,-0.007316347671972252,-2.5542845075996747,0.7341742099954232
-0.00932410170039976,-0.004972382208291635,0.008169588899810383,-0.0010978482657369195,0.12616627951953233,0.026501236992246578,-2.5450065120268097,0.6932023222456939
-0.009310875791462458,-0.004977382654634202,0.008170281379291745,-0.001120579965878393,0.12224938249317899,0.013338479935600204,-2.5465557811006025,0.7079512346401469
-0.009197715511789032,-0.004991373100865191,0.008138167737255115,-0.0013030611144621668,0.08909348144711783,-0.10537117712103765,-2.5340006101664176,0.827723133453857
-0.009229313051664514,-0.004983187981109187,0.00814285968580952,-0.0012503706653105957,0.09824540975833441,-0.07307449991734087,-2.534571310131801,0.7932146272295645
-0.0092131944998934,-0.004986580238024428,0.008139619202897672,-0.0012768913927289937,0.09357993613732672,-0.0896966231474549,-2.5336947342420295,0.8106160802427641
-0.009245721375286156,-0.004980197502113432,0.008146545714031268,-0.001223566481485401,0.10300914127031661,-0.05606753779839272,-2.535734351832622,0.775624803425342
-0.0088943136307618,-0.005007925443469517,0.00799072486545828,-0.001768279346939209,0.011356773942312244,-0.4253302727228299,-2.4557296472730763,1.1421315575457751
-0.008914973554808376,-0.004991350681241473,0.007984649324325624,-0.001727840996994405,0.017193549690705374,-0.40552769712841613,-2.4494687582578702,1.1157815691052273
-0.008931537044911387,-0.004980275384829241,0.007982159076086076,-0.0016969530593859028,0.021694222138184116,-0.38946027611106593,-2.4462050084930542,1.0954895801435762
-0.009153532931659374,-0.005000420306901376,0.008127805094260832,-0.0013755877007852674,0.07647052983418788,-0.15104775477942647,-2.5306030202093983,0.8754776934040682
-0.009137603791237358,-0.004997150426513676,0.008116116184804985,-0.0013984553705765714,0.07218257811583374,-0.16870477767160466,-2.523852455906485,0.8909981642031977
-0.00912373795833582,-0.004983184436011747,0.008092829536557275,-0.0014126399669744277,0.06892236362289562,-0.1859470809965085,-2.5087823953788018,0.9014656263003816
-0.009169643377789109,-0.004993062401838619,0.008126947858881224,-0.0013472132196972347,0.08113986524325821,-0.1351433014253902,-2.5286370138025447,0.8570119236518855
-0.00918489452805728,-0.004980005916150961,0.008118864499216059,-0.001317552248960301,0.08571139507264564,-0.12123018834742262,-2.5217467630528936,0.8380036783441183
-0.008982226422254555,-0.005002381077389146,0.00803804089117921,-0.0016357894247067128,0.03202958939190195,-0.3333128268406958,-2.482176243681461,1.0513465827945936
-0.009060442501061375,-0.004992657404444243,0.00807080815440443,-0.0015133862455212184,0.05197280803974169,-0.2517702563122645,-2.498700120365193,0.9687797748821317
-0.009076611828923761,-0.004983848288549878,0.008069214927905978,-0.0014843155448868597,0.05652109483352074,-0.2359862505238626,-2.4961780664622624,0.949778906348021
-0.009048374333010114,-0.004981588201815067,0.008051373439761497,-0.0015254746064982767,0.049438048552522124,-0.2662750080226154,-2.485937670087265,0.9778629167188224
-0.0089993183836057,-0.004992750117144128,0.00803679379082013,-0.001604829824058885,0.03673183750930209,-0.31657446050851995,-2.479782488709123,1.0310337946499641
-0.00901673926701526,-0.004985612700931553,0.008038455316385014,-0.0015748796019456875,0.041379029416093165,-0.2991684563163823,-2.4794564546532567,1.0111940399675559
-0.009033639979805282,-0.004981811392613072,0.008043514775575827,-0.0015475932512934165,0.04574210398284722,-0.2818455635713892,-2.4816090015287586,0.9929044348046955
-0.009112221520870987,-0.00497151678747052,0.008073400491943423,-0.0014241837491744231,0.06628200938927867,-0.2001565415485303,-2.49608423384395,0.9100316394135024
-0.009094624226987095,-0.004971003890949736,0.008063747522632279,-0.0014504507610134736,0.061702916801743876,-0.2189238426025612,-2.490773155071753,0.9278146497304343
-0.008967179558802088,-0.0049904628258152645,0.008015363286606686,-0.001650992102150504,0.029208890676551854,-0.3508037685591599,-2.4671715153858753,1.0628809641821368
-0.008948536484049125,-0.004982992601764248,0.007995604223516929,-0.0016738490320391197,0.025359525032723842,-0.3713250762855702,-2.4545079957425275,1.0792890960923265
-0.010642159322614201,-0.005041408324495789,0.008264183501882552,0.0010702005306220854,0.5702700375450086,1.5081426411354506,-2.5003417930106746,-0.6699223050391409
-0.010651752497367153,-0.005028534046332926,0.008245064225241823,0.0010809334822857323,0.5604007984244247,1.5154195870658531,-2.483709164522884,-0.6848422083425284
-0.010657733236025015,-0.005043450092026909,0.008260780320773218,0.0010961587665629874,0.5745294186441392,1.5266747386830672,-2.4962073181920985,-0.6864929631811449
-0.010766564727218552,-0.00505911156582297,0.008234673906473944,0.001277576479249686,0.6047864877685115,1.657774194808875,-2.464974832256199,-0.8017998768492921
-0.01077646818810419,-0.0050465766484247615,0.008215116507513985,0.0012877617934244961,0.5960519418827764,1.6641263213736404,-2.4474037536483766,-0.8161706109606196
-0.010782083680081916,-0.00506154425783226,0.008230619294903001,0.0013034422364982907,0.6087795510912801,1.6764510946091014,-2.4601181195499366,-0.8181862454989898
-0.010792011898298476,-0.005049026474692929,0.008210980880395844,0.001313529539470576,0.600332866990963,1.682805233954541,-2.44242946475153,-0.8326215435208774
-0.010797595068132215,-0.005064025718534267,0.00822648384494601,0.0013292933494426923,0.612843609778244,1.6951654033721055,-2.4551678356374373,-0.8346012097567269
-0.010807546350957369,-0.005051529359619616,0.008206768895446985,0.0013392843175338584,0.604400820620021,1.7014917784897425,-2.437359354488352,-0.8490510664497538
-0.010813098735826325,-0.005066555924529232,0.008222270652760176,0.0013551104331234124,0.6179903255474477,1.713890164115736,-2.450134504648115,-0.8510212167331083
-0.010823073665281216,-0.005054052067163818,0.008202442746934045,0.0013650154911355932,0.6081960018945276,1.7201841046372712,-2.432148729789137,-0.8654889566411067
-0.010828594527293183,-0.005069134851839915,0.008217977232414974,0.0013809084646400824,0.6234102719039588,1.7326094096434879,-2.444998269278473,-0.8675101398680266
-0.009665699692083208,-0.004953230343465479,0.008246012504550726,-5.460668454787238E-4,0.23432767535020402,0.39094414499953434,-2.5692056301926023,0.3377497676600429
-0.00959337120926485,-0.004939801960891966,0.008214884649653517,-6.598198691792277E-4,0.20925302918806388,0.30912549302136344,-2.5540580179299455,0.4096317725361354
-0.00960965560052086,-0.0049390485324711094,0.008217713902468381,-6.335230556941303E-4,0.21446758054804374,0.32653281847553434,-2.5546770261813516,0.39275725278477563
-0.009625967893996305,-0.0049387584851157,0.008220941281372367,-6.072582592838758E-4,0.21975322223463342,0.34409802821371843,-2.555561265041487,0.3759392950961875
-0.009642274676036724,-0.004939294282875668,0.008224984391382672,-5.81140629738769E-4,0.22511218110286105,0.3618784949888015,-2.556990833657657,0.35928067771750866
-0.00965673648624496,-0.004941378049923851,0.008230332501043323,-5.582587160499571E-4,0.2300965687593452,0.37808564282610163,-2.55943270009286,0.34479626806227937
-0.010172736759216247,-0.005002984689635677,0.00832821675707186,2.878579292757408E-4,0.4198079975197957,0.9620457641280574,-2.5863380513362664,-0.17691994476549547
-0.010181082053851856,-0.004989287230404041,0.008310862069502685,3.0037126805497824E-4,0.41235975470544267,0.9706287483012793,-2.573296830054734,-0.1924268540608525
-0.010188431847002627,-0.005003551917708423,0.00832727088081936,3.140289970785943E-4,0.42444819999914407,0.9797837438261224,-2.5844948976374074,-0.19337248974807128
-0.010266875049167085,-0.005007127309040209,0.008321314189705414,4.447339307354069E-4,0.45201813974193206,1.0691425139399027,-2.574377648969609,-0.27531298172584506
-0.01025119116996617,-0.00500631368665081,0.008322669022901593,4.186187212298063E-4,0.4458816045449383,1.0512772328344056,-2.576548529988344,-0.2588963592375855
-0.01025977888039203,-0.004992762608763212,0.00830507639670374,4.308948468469159E-4,0.4382852596430558,1.0597940101975718,-2.5629943302233724,-0.2743461086113339
-0.010235504770669994,-0.005005549329206298,0.008323940835314918,3.925172889109862E-4,0.43869267793101757,1.03341149546781,-2.5786319658876535,-0.24260585809694177
-0.010244055846909144,-0.004992008789489564,0.008306443613072511,4.048186138193277E-4,0.43355214407406134,1.0419024013451919,-2.565233675394891,-0.25790549808100693
-0.01021981599104591,-0.005004834243983439,0.008325131743022827,3.663862030027741E-4,0.43263726862236157,1.0155106646170422,-2.5806413436749587,-0.22629271665183262
-0.010228334462838063,-0.004991245836149831,0.008307663062222968,3.787382367693135E-4,0.42874143173629964,1.0240640234555016,-2.5673465118559986,-0.24153692490888054
-0.010204124970286515,-0.005004168437936931,0.00832624216907528,3.402143978318253E-4,0.4283239260082299,0.9976138105735527,-2.58259420618615,-0.20986538054039502
-0.010212594727116617,-0.0049905100808454545,0.00830877537553002,3.5262922454333377E-4,0.42346377464669027,1.0062482614610528,-2.5693663750312123,-0.22520313225702918
-0.010196836620589502,-0.0049898530646815395,0.008309837528392955,3.264960102681939E-4,0.4178779354598409,0.9884332179542845,-2.5713454861718072,-0.20883926327015115
-0.010109939502481563,-0.0050012088155440915,0.008331174751497021,1.832508897029931E-4,0.39591240951044426,0.8912906985788638,-2.5929978384306223,-0.11165843011791272
-0.010102464455565835,-0.004987067131083507,0.008314587719434689,1.699684548189134E-4,0.38645309768285335,0.8822896182653125,-2.5819941808121314,-0.11060636169749831
-0.010125641080081592,-0.005001578817366836,0.008330558014041535,2.094258914629121E-4,0.4011282935593153,0.9090066386251991,-2.5914367586112426,-0.12802561685366232
-0.010118221747487862,-0.004987439857887403,0.008314037123468896,1.9610237169503963E-4,0.3919785705358563,0.8999103672648033,-2.580405231107037,-0.1269364307065061
-0.010157039844353498,-0.0050024667597618295,0.008329079540702314,2.617102138827004E-4,0.4139705589178746,0.9443711714003306,-2.588113247215182,-0.1605713421235345
-0.01016535271077014,-0.004988788595173948,0.008311821384390699,2.742853872066577E-4,0.4071247204662353,0.9528664131578636,-2.5751995140199555,-0.17599784764794033
-0.010141341239237565,-0.0050019981338448065,0.008329859725980073,2.3557380546838065E-4,0.40740006461948153,0.9267038338811403,-2.5898123353270206,-0.14430288204105576
-0.010133946253808507,-0.004987868913100066,0.00831341221884583,2.2218672521608787E-4,0.3971795148855199,0.9175259280488107,-2.57875727193263,-0.14325117731578482
-0.010149648202566808,-0.004988322188513917,0.008312677890015866,2.4823543222010977E-4,0.40214515183412264,0.9351680460244384,-2.5770249802615797,-0.1595985626900012
-0.010173689812282635,-0.004974686657470212,0.008294718107399878,2.8668216558398784E-4,0.4086133638266423,0.9552927288141131,-2.5625039188496044,-0.18436356513735633
-0.009888511653198682,-0.004941757858848812,0.008260948550903145,-1.8201363848083737E-4,0.3070297205048491,0.6303368363144041,-2.561840301284707,0.10614392140423408
-0.009872465093407891,-0.0049432853587172655,0.00826164455600682,-2.0829688191512647E-4,0.30195667941173227,0.613280948878104,-2.563570517945706,0.12293825434190549
-0.009857218423203194,-0.004944664972902716,0.008262085319236655,-2.33279900764088E-4,0.2971071309822429,0.5970488721936796,-2.5650630621987243,0.13889036229077675
-0.009842038372753548,-0.004944336377474261,0.008260390219474204,-2.58011636283821E-4,0.2919922060603561,0.5803743192325426,-2.5651095851542247,0.154500353170228
-0.009681518009563475,-0.004950888866075257,0.00824621064533357,-5.199919856856885E-4,0.23933022150647495,0.407488695425725,-2.5681095939705147,0.3210383497228559
-0.009730367676098575,-0.004949964942013003,0.00825334465025241,-4.4054214985444996E-4,0.25548592176760576,0.4603263468082259,-2.569080337944141,0.27056155714169455
-0.009714815179007035,-0.004949808695429397,0.008250690716262441,-4.657843083539261E-4,0.2502770724302605,0.44336531718861893,-2.5685157676629427,0.2865601211819251
-0.009698247767943426,-0.004949434980337219,0.008247468224492642,-4.926077245104823E-4,0.2447115845429808,0.42526051076018495,-2.5676510530681385,0.3035549620774149
-0.009825664938646788,-0.004943752524533042,0.008258145108925629,-2.8464305506044433E-4,0.28642823880099094,0.5623405907819824,-2.5648803532922124,0.17128867524767022
-0.009808874326209785,-0.004944882744704262,0.008257717462504345,-3.121143784285366E-4,0.28101478816016345,0.5443691705373136,-2.5659012923766618,0.18878264307061213
-0.009792916361987607,-0.004946700340468393,0.00825803672292104,-3.38314077515284E-4,0.2759494595744976,0.5275064808391771,-2.5673564301963876,0.205535038935125
-0.009777287600499824,-0.004947539543683451,0.00825710161782667,-3.638680881720301E-4,0.2708416995900315,0.5107180365827172,-2.567945518566106,0.22178819716940845
-0.009745792714951735,-0.004948714008827711,0.008254185026101315,-4.1527634602944366E-4,0.2604739179651621,0.47676104252434653,-2.568444325163467,0.25444826000358794
-0.009761543333391373,-0.004947708875726005,0.008255222853578667,-3.8951504004003785E-4,0.26560237996125036,0.4936208610734339,-2.5679136621019167,0.2380443073610701
-0.010079127432950417,-0.004972363015431759,0.008298771740021678,1.3061051770098245E-4,0.37723730187767895,0.8496524347051942,-2.5727466213236077,-0.08620675820166324
-0.010094988722654763,-0.004972524103708161,0.008298178704482198,1.567832549204354E-4,0.38243440702184767,0.8672530660488961,-2.571104876306191,-0.10266461306621961
-0.01007153774849461,-0.004957782703976646,0.008281954262660091,1.174944414371068E-4,0.3707045108206575,0.836459241126608,-2.561698857010269,-0.08084522641236279
-0.00999294017264025,-0.004956855738957919,0.008282279243182844,-1.1586278261568593E-5,0.34461273641248585,0.7496145016725283,-2.568123532566488,4.898646473509646E-4
-0.010008745228779096,-0.004957066841703907,0.008282525820369141,1.4366904992906287E-5,0.3499037058981727,0.7670634369327188,-2.567054023975636,-0.01584369022476671
-0.01002451702577393,-0.004957339136229313,0.0082827025820532,4.026979021440221E-5,0.3551862254308485,0.7845081053054087,-2.5659368942879257,-0.0321419310315127
-0.010040216491505912,-0.004957687366536387,0.00828282878601888,6.605944643402759E-5,0.36043783128916823,0.8019106770225148,-2.5647855831807225,-0.04836349549877911
-0.010055847338292618,-0.004957907726722444,0.008282665783103438,9.173542319016867E-5,0.365616783947176,0.8192068983512409,-2.5634367177945196,-0.06454306748081075
-0.010063958152427386,-0.004943591991434068,0.008265559928818724,1.0453791526987583E-4,0.36498121219907526,0.8231653219592062,-2.550995280544788,-0.07493021662832072
-0.009985585847036767,-0.004941681654140245,0.008264384731675407,-2.3531297157185284E-5,0.33905025998584576,0.7365189854770993,-2.5564876666441596,0.005890545605351363
-0.009969542419654556,-0.004941504418535482,0.008263964300981287,-4.97312405294271E-5,0.3337415542529079,0.7188893549003649,-2.5574795692971937,0.02244223843902277
-0.009921802282795615,-0.004941067758297685,0.008261950668540968,-1.2765805174389625E-4,0.31793028846333765,0.6664968741524406,-2.559894105239571,0.07168862573699997
-0.009905278562960324,-0.004940678117941877,0.008260671713068267,-1.5459829070323399E-4,0.31238848667638686,0.6483166505544359,-2.5603330877136923,0.08867977557846672
-0.009953308628185005,-0.004941867409723005,0.008264026130674491,-7.625121088130454E-5,0.3284749179529687,0.7012253042285862,-2.558809220933703,0.039272079804511334
-0.009937650721787018,-0.004941404965052185,0.008262989207618964,-1.0180309012867949E-4,0.3232215563367938,0.6839435424778255,-2.559346321341551,0.05537378450003803
-0.010392238403124528,-0.005015408839722729,0.008307508739468169,6.537219241598285E-4,0.49066198186235366,1.2137974403860112,-2.5546146940470082,-0.4068521116925121
-0.010376579782977362,-0.005014201401274545,0.00830952299427123,6.276010208147865E-4,0.4868916455863102,1.195657815285299,-2.5573599188714797,-0.3903779436887869
-0.010385512212328606,-0.005000837957038502,0.00829146144505512,6.394170523192918E-4,0.4794343547637509,1.203828130622621,-2.542826946474916,-0.4055256844987912
-0.010532977343492103,-0.005028487639427606,0.008285713279238433,8.882613062268894E-4,0.5357011168640388,1.378415866788026,-2.526587702695129,-0.5548310478544796
-0.010517358213536655,-0.0050268379798275075,0.008288466254642095,8.621965340793592E-4,0.5326631625933929,1.3599752430176635,-2.53004626626392,-0.5381139109210857
-0.010526690357020523,-0.005013675075773518,0.00826979064526291,8.73528523113566E-4,0.5231967711371381,1.3680519371722017,-2.5144082702269652,-0.5535171970337305
-0.010501734106237882,-0.00502523740399226,0.0082911333747421,8.361620118530707E-4,0.5277999101134317,1.341632890005018,-2.5334188839973675,-0.5215238036390973
-0.010510984156588216,-0.00501211453062428,0.008272607994572091,8.475058522561565E-4,0.5181774990452798,1.349671019746882,-2.5179590022560094,-0.5370164037897186
-0.010486105170072863,-0.005023685925945949,0.008293715612308445,8.101494047106765E-4,0.5213559767932886,1.3233312671248487,-2.5366907260480023,-0.5051007835918055
-0.010495291243697006,-0.005010596301121115,0.008275331304326195,8.214971623140419E-4,0.5136405414244752,1.3313231481634455,-2.5214210673580584,-0.5205011205814434
-0.010470471553061363,-0.005022183559254116,0.008296216959471211,7.841193284016919E-4,0.5153899096373484,1.305029697523399,-2.5398767562999693,-0.48875206992092474
-0.010479605841763889,-0.00500907799965276,0.008277914664073951,7.954861050288054E-4,0.5091947221913192,1.3130118480005792,-2.524744521760749,-0.5040241086125387
-0.010454833402758998,-0.005020730317030955,0.008298638784751889,7.580576713014673E-4,0.5105882560676874,1.286739369167075,-2.542990604531577,-0.47239257691807346
-0.010463919222937497,-0.005007576620584635,0.008280378302804923,7.694666338717063E-4,0.5044378427315473,1.2947311843317788,-2.5279453306323068,-0.48758147089994536
-0.010439190866250392,-0.0050193262119465985,0.008300979204517127,7.319842488727195E-4,0.5058625094116147,1.2684825112972662,-2.546023228374129,-0.4560270579256683
-0.010448233359415806,-0.005006128441245608,0.008282761682777633,7.434498931885563E-4,0.49946565454541236,1.2764816589013976,-2.5310682909093845,-0.47114510967082684
-0.010423544090142326,-0.005017971256234513,0.008303236786917452,7.059144258961338E-4,0.5003352909855999,1.2502472601559556,-2.548961050800994,-0.439678389395113
-0.010432558018176703,-0.005004738267139271,0.008285068224709431,7.174507143265659E-4,0.4945798584218744,1.258275942420372,-2.534127064007761,-0.4547180703447495
-0.01040789322055687,-0.005016665461698991,0.008305412793674196,6.79833165604426E-4,0.49483895825864543,1.2320111469043065,-2.551815621736589,-0.42330421173222965
-0.010416890704884371,-0.0050033858463274785,0.008287276536833406,6.91461251689506E-4,0.4897806476968047,1.2401152416546652,-2.537102351742288,-0.4383229104410084
-0.010401211444965716,-0.0050020737186036645,0.008289393709265668,6.654520421924957E-4,0.48474467453143827,1.221972357291446,-2.539990754115934,-0.4219431834346095
-0.01029823468538191,-0.0050089023178828546,0.008318352139491381,4.970618372903915E-4,0.45928883172348894,1.1051394501910048,-2.5698259668203294,-0.3085250246947661
-0.010282556267937625,-0.005007990188766738,0.008319874956050726,4.708873630242213E-4,0.45614474881383743,1.087083385306901,-2.5721294309633826,-0.2918918885590707
-0.010291284361482718,-0.00499437905199921,0.008302044955208025,4.831257063362219E-4,0.4490125797102395,1.0957277918618222,-2.5582750822639677,-0.307249683011628
-0.010275521912092276,-0.004993533070633848,0.008303588708358178,4.569952140687597E-4,0.4434320677699513,1.0777441918870236,-2.5606566441702596,-0.2908175495490996
-0.010548591347176688,-0.0050301863683028455,0.008282877874943617,9.14323001261335E-4,0.5388244811839362,1.396958921509072,-2.5230708640066015,-0.571533881483379
-0.010542398441354515,-0.005015331856304273,0.00826694155201413,8.995631862778729E-4,0.5284768018211558,1.386444506624098,-2.5108248443190906,-0.5699510348170803
-0.01056420007521922,-0.0050319341514908815,0.008279962598536016,9.403579434334987E-4,0.5429948480090557,1.4155515472837037,-2.5194961069193185,-0.5881262642713025
-0.010558085851035603,-0.005017086354537846,0.008264067656468435,9.255790565139132E-4,0.5335808153155699,1.4048246997111618,-2.5072096519198652,-0.5863225373056706
-0.010626579228399678,-0.005039415511198498,0.008267501627931672,0.0010442587344788954,0.5647599161417722,1.4896732202667462,-2.504368825607123,-0.6535122902252856
-0.010636123708313338,-0.005026573365896844,0.008248523922230312,0.0010550383522503258,0.5559924233986284,1.4968670603263838,-2.487927797897669,-0.6683132427620877
-0.010610993105271284,-0.005037471670074725,0.00827073670439144,0.0010183188287652123,0.5585230549226368,1.4712048371006672,-2.5082860347549616,-0.6372224874778456
-0.01062052495943734,-0.005024634458640072,0.008251860271257823,0.001029177714687613,0.5518172537487037,1.478375026183848,-2.49202077631003,-0.6518182338199532
-0.010595401104716106,-0.0050355768185515425,0.008273891602121115,9.923581766687454E-4,0.5527083332632927,1.452696014515834,-2.5121075111472257,-0.6209468488296019
-0.010604942146649471,-0.005022700220132106,0.008255059278532912,0.0010033268952423131,0.547604852268949,1.459943071331663,-2.4959709726161137,-0.6353886805910519
-0.010579803377811692,-0.005033730973549848,0.008276967181408737,9.663692056683663E-4,0.5476704340554286,1.4341402431335488,-2.5158442102215752,-0.6045935554774836
-0.010573737854768174,-0.005018909290565029,0.008261140377154376,9.515464509414522E-4,0.5384360499247361,1.42318972231857,-2.5035383834971974,-0.602668322208908
-0.010589353148228146,-0.005020784381907366,0.008258142592767206,9.774580210728159E-4,0.5431327590376736,1.4415554303468232,-2.4997984360201855,-0.6190155966028031
-0.010645715462300353,-0.0050133205450861515,0.008229706957266271,0.0010655958938414476,0.5557102762109333,1.4983138867915808,-2.472867390750164,-0.6764798683683367
-0.010936831374304052,-0.005088549402048356,0.0081856051963916,0.0015613848657877799,0.6480527490194167,1.8649063963846875,-2.4062248728763307,-0.9831913786256993
-0.010921395106936292,-0.005085630146507709,0.008190472468189118,0.0015356486869306015,0.6448659796006939,1.8460094358688972,-2.412071623439088,-0.9668234898392196
-0.010931738018729513,-0.0050733390996684944,0.008170081653859506,0.0015451440255547114,0.6371212198924815,1.8513664672305234,-2.393148355646161,-0.9800540627209192
-0.010952258507486401,-0.005091517165669237,0.008180658905529218,0.0015870968429152702,0.6518330217528489,1.8838146865876608,-2.4002869632130897,-0.9995124438312056
-0.010947207656408183,-0.005076319019325511,0.008165174035578156,0.0015708032914919948,0.6411389917138767,1.8701368591352943,-2.3872220860357563,-0.9963944623405189
-0.010967676347966868,-0.00509453340796357,0.008175636832849817,0.0016127679289042664,0.6569733360639674,1.9026947065341584,-2.3942642327052526,-1.0157795204141742
-0.010962649374854387,-0.00507934913035039,0.00816019640564068,0.0015964214023160312,0.64479027155316,1.8888958683420822,-2.3811961648874505,-1.0127144927472533
-0.01121296771051419,-0.005149359904790919,0.008084255957879875,0.0020215989473852326,0.711167938225188,2.2051134008117774,-2.282464831146133,-1.2767695984647538
-0.011197720302754953,-0.005145572528467587,0.008090567805924402,0.001996188386189559,0.707922773191593,2.1861747026987093,-2.2902987936209125,-1.2605724590281895
-0.011208744644890413,-0.005133854041529149,0.008068726769344448,0.0020042627151391893,0.700012707275087,2.189155895163054,-2.2691890214150763,-1.2721527465520472
-0.010978078632748365,-0.005082391598932049,0.008155099209254432,0.0016220017433502788,0.6481884570481588,1.9076514201349066,-2.375017438847031,-1.0290528196383517
-0.010983084736969087,-0.0050975980988969905,0.008170534044179965,0.001638423345724683,0.6618502815836237,1.921534919560119,-2.3881226672325484,-1.0320792240583252
-0.010993515781111825,-0.005085451829412563,0.008149878453849195,0.0016475748236135321,0.6517311774895722,1.926428105003611,-2.3686910500143745,-1.04541049898804
-0.01099848351546357,-0.005100711207802962,0.008165346427377537,0.0016640835139331985,0.6655394422794991,1.9403776371138557,-2.3818463352131563,-1.0484683320077808
-0.011008961786442754,-0.005088561198979618,0.008144568172307501,0.0016731575039848564,0.6554838627493472,1.945226144686245,-2.3622553946176432,-1.0617529038290774
-0.011013872524174524,-0.0051038727033783145,0.00816007509430085,0.0016897425328427477,0.6686001643043215,1.9592629608096785,-2.3754504657191515,-1.064922368843285
-0.011024403311745729,-0.005091736494451788,0.008139193609235389,0.0016987397813267517,0.6592810880212111,1.964026068381252,-2.355732876797332,-1.0780548964367005
-0.011029251603586672,-0.005107082553678812,0.008154722598975917,0.0017153876050064775,0.6716753521406421,1.9781931124533143,-2.3689520596938656,-1.0813859121890639
-0.011039831061466469,-0.005094976806294561,0.008133758288145153,0.0017243083171798216,0.663023385984932,1.9828166030341876,-2.349124264946742,-1.0943175928081466
-0.011044620593952056,-0.005110340726114831,0.008149289991293678,0.0017410135181354675,0.6748809967552183,1.9971491317770627,-2.362355044006253,-1.0978190886486232
-0.01105524309221975,-0.005098277724926215,0.008128258208809086,0.0017498582345985938,0.6666987573800175,2.0015989541659223,-2.342424699286083,-1.1105527667610036
-0.011059979335296838,-0.005113647187447097,0.008143777371499981,0.0017666198145698169,0.6781736030913378,2.0161133723443383,-2.3556567452942425,-1.1142022232353843
-0.010838610390824089,-0.005056584768400096,0.008197984914409163,0.0013907411003230609,0.6120927845701921,1.7388967445319266,-2.426785168037202,-0.8819456519241825
-0.010844082286340592,-0.005071762475906216,0.008213597649655582,0.0014067224390948093,0.6273701809052425,1.7513616933885345,-2.439736390801863,-0.8841406297204949
-0.009585977999423758,0.004961701167869502,0.008238911469781266,6.768630497286539E-4,0.20877410411024874,0.30666449006971386,2.570668330155005,0.42143405398640016
-0.009600996164288405,0.004955407274958779,0.008234991726048418,6.511542430989524E-4,0.2131604445641899,0.32132883738203893,2.5668899435275203,0.4047741043906577
-0.00961533483038273,0.004942392884088577,0.008222901420957785,6.251396574960241E-4,0.21664880692411856,0.3335287740932666,2.5576980323452285,0.38755393610943717
-0.009627814478527041,0.004932091914187261,0.008213516382794913,6.028693616611613E-4,0.21970536104008573,0.3443762490272151,2.550427180961958,0.3727911228013205
-0.00956974003140371,0.004959008856488619,0.008231810671578528,7.024049398974949E-4,0.20318250391833775,0.2883941246979809,2.5672194920576366,0.437635965722298
-0.009551938725598225,0.00494988564554785,0.008216593283734683,7.287166010165484E-4,0.19666515064376403,0.26687602602718424,2.5584597222862047,0.45416998498589406
-0.00953293117078421,0.004947432936731659,0.008208728259762836,7.584998112590496E-4,0.19035420703372719,0.24574326737667643,2.5546876517605166,0.47322792530710883
-0.009512905523539346,0.004946458182993237,0.008202111140741835,7.90203829505143E-4,0.1838806832310462,0.22390128292291128,2.5518280297091436,0.49360892154177677
-0.009466716827261287,0.004952760407372515,0.008196012259466595,8.655890155346721E-4,0.16961637557669307,0.17560724384975576,2.5513800884446085,0.5423481348433489
-0.009492850891152578,0.004938749045139862,0.008187362441719059,8.199074099928084E-4,0.17704645773656624,0.2004818869991922,2.543485383871546,0.5126204381701931
-0.00947486357580403,0.004936352857851881,0.008179243749332252,8.47696370457296E-4,0.17128570810909347,0.18058641245995333,2.5394279335953933,0.5305653087038776
-0.009204800046233514,0.004962253246507602,0.008107331117291899,0.0012787719028816214,0.09156714622206084,-0.10325356357716538,2.5120768277307026,0.8131044280957788
-0.00922380055678233,0.004970082066579629,0.0081250464626174,0.0012530747767987448,0.09681102281394856,-0.08148193828737503,2.5227616119926872,0.7956113705516373
-0.009252137169567716,0.004961639416371987,0.00812757351178698,0.0012056095860978457,0.104965173820378,-0.052816640865909266,2.5221587935423133,0.7645135224590961
-0.00923617200658007,0.004960358788472818,0.008119152995340322,0.001229696862769193,0.10039375094377154,-0.07012461487900933,2.5176661448638744,0.7805443373094438
-0.009270201784224717,0.004960637172364799,0.008134061284490568,0.001177219117878568,0.11017111396760938,-0.03369150693466772,2.5251406350378605,0.7457666956815573
-0.009292303807992322,0.004959965445270487,0.008142391759240477,0.0011426175006866463,0.11658865069496135,-0.010180032547560077,2.529056336998884,0.7229667129971249
-0.009314940589057897,0.004954765964832379,0.008145350586688792,0.001105298447693663,0.12323284079838637,0.012994300484619114,2.529233971875437,0.698560676989591
-0.009447895991804942,0.004953420926480065,0.008190933775367377,8.956864014184174E-4,0.16372383144893524,0.15548955735578465,2.5494623308044413,0.5618200930352275
-0.009428739261079566,0.00494618671787325,0.008176281506135079,9.236760828361226E-4,0.1574174814356322,0.13325153032159257,2.541097902805992,0.5799431781923049
-0.009410851406770549,0.004944130988429407,0.008167928461325262,9.511888675181383E-4,0.15183114467669487,0.11358011884729895,2.5368706048411274,0.5978468272179386
-0.009394267266913532,0.004944603019724727,0.00816280523731748,9.77424914010863E-4,0.14679078500199647,0.09588406341909606,2.5347224931965973,0.6149535620807612
-0.009334221193135683,0.004952601671093776,0.008150286300731268,0.0010743844535234534,0.12890761398931036,0.033209188609394924,2.5310407711789082,0.678292812514295
-0.009355230934190635,0.004951096456604136,0.008156417899911866,0.001040966531449654,0.13516059200156302,0.05541072035904972,2.5335277609283797,0.6564155006565967
-0.009377036233470146,0.004946659612756359,0.008159146490248072,0.0010051901722557199,0.14163056915896677,0.07783892006360175,2.5336232737843236,0.6330781016707031
-0.00881569315645011,0.004984481206493675,0.00791235999502986,0.001865363081170492,-0.003110376716596839,-0.5093642729953901,2.404816454123864,1.2122230124975901
-0.009052967929008011,0.004954908899865548,0.008023041021322655,0.0015041205139024773,0.05187219390776978,-0.2653825903089284,2.465342960585066,0.9654112152655131
-0.009037154566194323,0.004957928104830249,0.008017879526944903,0.0015291736145111032,0.04783169295263573,-0.28159070609198616,2.4629781362670253,0.9822645562188309
-0.00902114412830623,0.004960453010966099,0.00801189370371484,0.001554209471170604,0.043820230516017945,-0.2980642477147662,2.4600355038554365,0.9991599632914591
-0.008844247276662944,0.004980359656415647,0.007926754482034356,0.0018222750606535986,0.0029982371502449592,-0.4802520477296945,2.4130333756013322,1.1825295910748739
-0.008869442494176039,0.004971655840873174,0.007933308651548664,0.0017808111264932156,0.008866260838720929,-0.45498819543362784,2.415725660902733,1.1544983621025755
-0.00896024050154617,0.0049753555377992816,0.007993840246792392,0.001652181872540291,0.028571880977954264,-0.360010092406668,2.4522082949150863,1.065081745049625
-0.008975895374942772,0.004976302690976447,0.008004182386847475,0.0016298315673293525,0.0321637960001538,-0.34347349095951146,2.458332153433076,1.0496332496487009
-0.00899000457240785,0.004968199939559468,0.008003082270669927,0.0016044149129267875,0.035956621302308985,-0.3297121362940081,2.4563372885902237,1.032888090040835
-0.009005197837127929,0.004963996478381009,0.00800696587222529,0.0015796870293351758,0.0398072467574779,-0.3143256027932373,2.4578439964935934,1.0162978172486132
-0.008947487629243314,0.004960231332656823,0.007968899453699316,0.001661678906011272,0.026634793680756327,-0.37516001405425353,2.4351796393370773,1.0730016152977446
-0.008922544728127937,0.004970071669965527,0.007964965016873297,0.0017037095999069358,0.02043542000049345,-0.40004191496374786,2.434435844125011,1.1011532853388022
-0.008894655217752484,0.004969193232065837,0.00794658673686127,0.0017432526918852362,0.014396631018857233,-0.4291116300822962,2.4233483807578255,1.12862710511327
-0.009070041895223644,0.004951057604337815,0.008027769347304524,0.0014767211359927755,0.05627346251146113,-0.24797375800820598,2.4672961402689206,0.9470499868827048
-0.009089220227764455,0.0049485288995302565,0.008034947218687331,0.0014468539675980179,0.06119692565030473,-0.22815330917465362,2.470812047760971,0.9269508807502892
-0.009109963501631442,0.004948408323190307,0.008045487046170864,0.0014158074781028087,0.06649426401732834,-0.20629253239599418,2.4765691479253564,0.9059353741858471
-0.009131719676096713,0.00495147358814154,0.008059971599262151,0.0013846881833742084,0.07205339288531311,-0.18280389208843204,2.4849998605703836,0.8847313854612274
-0.009157109426518617,0.004957210449732718,0.008079064042760918,0.0013491349361825329,0.07865127363311263,-0.1549202989864725,2.4963164075505158,0.8604646182263674
-0.009182489833474096,0.00495331189735184,0.00808661103535808,0.0013087221407637154,0.08560441247006255,-0.12863671582419786,2.499493078758786,0.8335881313186417
-0.0071363774075264355,-0.005549971784661663,0.006584050307150418,-0.004226503152580809,-0.06741471754122906,-1.9834937425954937,-1.4054727366078767,2.797847250152987
-0.0071684053358964635,-0.005534079547641434,0.006619316084925078,-0.004186620795448733,-0.07167328228893262,-1.9635112120323035,-1.4354383472993748,2.7762394727034803
-0.007177713807389641,-0.005501012831921777,0.006609912880807375,-0.004134447590066161,-0.07252741653439475,-1.9404819603852392,-1.4317955365854138,2.737212012718494
-0.0073482928088782085,-0.005421780550131393,0.006789947695341642,-0.003921221664109306,-0.09111259781031932,-1.827616073021533,-1.5822428253987888,2.614923252377816
-0.007304153163889496,-0.005442156131540775,0.006744684374627767,-0.003977619128672903,-0.08676792553470893,-1.8582127930274395,-1.5445027657714303,2.6483078170989365
-0.00726359978371487,-0.005450279726432337,0.006694544792624632,-0.004013892238896224,-0.08233791997259991,-1.8793711033027083,-1.5039290678617938,2.6661043453764637
-0.0071956666385080414,-0.00546412158813594,0.006609829548205423,-0.004072665624524799,-0.07422050915968603,-1.9127055004318636,-1.4353136933031718,2.693467226786747
-0.007228369899996152,-0.005435632746902438,0.006635439340053235,-0.004014503730022456,-0.07771522366387755,-1.884701481901997,-1.458218451762807,2.6570406255642056
-0.007021922483211283,-0.005571866495168901,0.006432575916499698,-0.004313485099027192,-0.051238748203436324,-2.0275332290753494,-1.2828201410128062,2.8272477240360487
-0.007058232077031906,-0.0055455079371552855,0.006468675924003947,-0.004258785413193574,-0.05674125573354515,-2.0025492115471084,-1.314639528232451,2.7967419369341333
-0.0070956110309279485,-0.005525128829148082,0.00650925063345936,-0.0042115504853631495,-0.0619434159675204,-1.9801937495342299,-1.3491462821164564,2.7719866730863942
-0.006976734515545188,-0.005555595400880641,0.006357732856006213,-0.004309630688018948,-0.04580820431634019,-2.0265605751116103,-1.2275214065290134,2.8073330611936016
-0.006827363225067248,-0.005662544240694463,0.006198536772987183,-0.004520950897204113,-0.02074933506561821,-2.115250013039713,-1.0880471261864468,2.9135590727891816
-0.006929628661653294,-0.005543650005374837,0.006283601083185589,-0.004311775594924869,-0.03983682268071237,-2.0273114947270945,-1.173103246749623,2.791441613466807
-0.006867136799523438,-0.005631359608952504,0.006240843296339023,-0.004461740124881309,-0.028309682635124764,-2.0912374128928817,-1.1257058711227304,2.8839475783237103
-0.006902634293972543,-0.005584860457506615,0.006267518345357202,-0.004381264038974834,-0.03483819654276827,-2.0571562251920015,-1.1540690421413557,2.8353257891972814
-0.006715401491356447,-0.00572879793138592,0.006064133574269718,-0.0046512453930546566,-9.176738816411538E-4,-2.1632279638602436,-0.9743955672492989,2.9645737979835425
-0.00678069695620641,-0.005652603603158132,0.006125090204656066,-0.004520818100047758,-0.015297211235414726,-2.1116381402723263,-1.0353626301211876,2.8928371719352253
-0.006740588628843061,-0.005680481898996802,0.0060794598186968704,-0.004573139778817084,-0.007928186141797354,-2.1310759056756656,-0.9962103925543115,2.9152381879914806
-0.006455805656998364,-0.005879806993263589,0.005732085989020173,-0.004921446288591553,0.04764128389246019,-2.2377458909757943,-0.7021846714701022,3.0334330442050965
-0.006496701364298085,-0.005850625839758335,0.005784182452652141,-0.00487342219415187,0.039148865246866636,-2.225775148290445,-0.7455052955304841,3.0208760529059835
-0.006505248731203077,-0.0057985006035306125,0.00577953894334995,-0.00479484123029569,0.0322842184826044,-2.193390294605601,-0.7572197951753745,2.966688261722014
-0.005899467708865749,-0.00623613601474224,0.004960464706012327,-0.00541369488625271,0.15154976378887652,-2.2544388663973045,-0.12556458694791559,3.0034426961778227
-0.005994543321512186,-0.006160460352793775,0.005096402766578425,-0.005321027854989883,0.13334697818825247,-2.2587385684590835,-0.22468070381944164,3.0144752028453006
-0.005931861753981929,-0.006182602092849892,0.005006592922118542,-0.005342735083916034,0.13998529422352313,-2.2426328648646776,-0.17086974368538102,2.9840223404111734
-0.0060114480008508385,-0.006093003211122299,0.005116619193298758,-0.0052258330216355805,0.12048042940681898,-2.2302136382767728,-0.2623154685418874,2.9661644979968638
-0.0058181595248812884,-0.0062404022769002995,0.0048444236356199955,-0.005402710584127889,0.1558788305234994,-2.2177076498102397,-0.0705385300489529,2.9381003235929377
-0.006398396019829836,-0.0058730849039824035,0.005644505939615013,-0.004916022927423086,0.05356368880364892,-2.2222639116737013,-0.6465296304014724,2.99645658123411
-0.006180497935159628,-0.006031708174458827,0.0053561611530552255,-0.005152009197235643,0.09785607329038552,-2.258780850630552,-0.4167065319213399,3.0292305359739564
-0.006333685670290249,-0.005870383994124333,0.00554865082434148,-0.00491578856245638,0.05970726468230595,-2.2063088528508796,-0.5865714215065769,2.9588954026393477
-0.006311904555482891,-0.0059133662083448515,0.005527071774104359,-0.004979556847038642,0.06844032920975077,-2.2272185224822643,-0.559661454687933,2.9914571874103504
-0.006220689647126209,-0.005982717734405461,0.005407217661508853,-0.005081491381338181,0.08683874144942073,-2.242970235117362,-0.46402094825248613,3.006668385089249
-0.006266554586903401,-0.005939574651870903,0.00546623339956711,-0.005018646177357338,0.07586906214011287,-2.2308207519933867,-0.5138776524169254,2.9916238290411745
-0.006113208497577557,-0.006025075966160215,0.005256721644758843,-0.005137855772654368,0.10256216304257636,-2.2316280667039883,-0.36280980707751626,2.9763052283751885
-0.006039074855510519,-0.006024078813790708,0.005150071291272109,-0.005130252772334808,0.1077387363904758,-2.2044375162722116,-0.30585704747084513,2.92408120195338
-0.006658651054560195,-0.00573159267340563,0.005981058641257261,-0.0046687587935542755,0.006676805320720502,-2.1637131571169754,-0.9138504132384426,2.950065663751623
-0.0065998734989438455,-0.005753881978312104,0.005903163828395287,-0.004713731559451596,0.015753826038033828,-2.174722070692294,-0.8534273852631749,2.9548769914734785
-0.006521388729514109,-0.005742967741363539,0.005784149506104009,-0.004711191411522076,0.02492936007115148,-2.1601844981788596,-0.7748622813855405,2.9128107796625193
-0.008677730604753648,-0.005037282530484061,0.007873189960482413,-0.0020952023873458524,-0.03364725381782074,-0.6477954646328997,-2.387617894505809,1.3684225067414049
-0.008652667844216864,-0.005043344906910181,0.007860846750805214,-0.002134167706506741,-0.03849025564143111,-0.6731420976880181,-2.3804967481884103,1.395402512636388
-0.008420578922723604,-0.005069493930692823,0.007696093055929375,-0.0024606774975088723,-0.07277404863580027,-0.90444999163831,-2.272982455779273,1.6269737471414205
-0.008452345147772154,-0.005080401038604569,0.007736227408081162,-0.002430063957817199,-0.07062570080667206,-0.8740520321434877,-2.301894388621207,1.603546340566771
-0.008540345881740177,-0.005062203487350582,0.007791686797143721,-0.0023000690345604162,-0.05740242194690035,-0.7864297716649615,-2.337376854980848,1.5120068129592577
-0.008521817736052522,-0.0050649042431554735,0.00777913080086557,-0.002326684347670517,-0.06020870923607679,-0.8049374038520555,-2.329275336416561,1.5308239297233792
-0.008504155924421785,-0.005070551289772161,0.00777037870990573,-0.00235456484199281,-0.06312740640720718,-0.8225742747391113,-2.324042702299258,1.5502004722834533
-0.00848099859532762,-0.005065749855115851,0.007745174810382277,-0.002380450348490539,-0.06555990148697656,-0.8453564835847074,-2.306384461413676,1.5694510371076498
-0.008562112823633032,-0.005047718489071882,0.0077936038704975105,-0.0022593479345567103,-0.05267297417165674,-0.764619752308286,-2.3369034144610956,1.4844898599186147
-0.008626596341768067,-0.005028777970911649,0.007824217966132899,-0.0021581588005333166,-0.04098635022603967,-0.7000789947524301,-2.3547677036572607,1.4143552156604822
-0.00859393332815541,-0.00503308737964334,0.007803148365788499,-0.0022052715095402793,-0.04643113654318249,-0.7328116172210274,-2.341444648303634,1.4474753150233504
-0.007625688304454691,-0.005344909560946567,0.007095289303029024,-0.0036112122709574747,-0.11269366801505776,-1.6360476311519478,-1.830556507174008,2.426423151635865
-0.0076490998449578835,-0.005324169944018222,0.007106840051153336,-0.0035648804484038244,-0.11263335685243984,-1.6119118117795501,-1.8399171198384277,2.394288489253127
-0.007553494776779675,-0.005396094601545172,0.007045729584725235,-0.003737237481059835,-0.11070290540945536,-1.704669190663813,-1.7899286669939782,2.5126664337355007
-0.007521824532187632,-0.005411014574243428,0.007016311475386067,-0.0037820992238282998,-0.10870881103018941,-1.730871580519459,-1.7656766790970144,2.542194986209869
-0.007492478497867205,-0.005429744186491608,0.006992642774881006,-0.0038299131298661633,-0.10697313501870587,-1.7572205676201558,-1.7458234645506057,2.574268575135519
-0.007563992153729476,-0.005359088111693253,0.0070276411377772005,-0.0036801425745547275,-0.1088157847290386,-1.681204775516397,-1.7760095639814535,2.4702983002437193
-0.007589352165613405,-0.00533233546053638,0.007037519749491672,-0.0036250224239337795,-0.1088317934022376,-1.6535937490144335,-1.78445509656529,2.432003695482786
-0.00745852771291439,-0.005415781055860161,0.006935056543959006,-0.003836364062841559,-0.10247676799945292,-1.7692962318552057,-1.6995426453200364,2.5727255998073164
-0.007426264981161872,-0.005407817726164343,0.00688500217895068,-0.0038488829426156093,-0.09891753538807714,-1.7822701764091011,-1.659534403489626,2.575835241099428
-0.007401132444054057,-0.005383198275417037,0.006831724053074368,-0.0038333451725287558,-0.09517592317817648,-1.782181303621844,-1.6180825454196686,2.558155916866936
-0.007371073994254265,-0.005392945676029497,0.00679884799670597,-0.003866927615888542,-0.09228832028552086,-1.8016282420626957,-1.5912430477486186,2.5776067693758136
-0.008117457367735916,-0.005208188453544279,0.007545966202241554,-0.0029610212660380196,-0.11119712018941731,-1.2056998503538008,-2.1774766019285594,1.9767077814304173
-0.008167143262108458,-0.0051867867019771965,0.007576049389775943,-0.00288132881313569,-0.1066431076819432,-1.156665153693558,-2.1980488680294816,1.9204814960349004
-0.008139604517328694,-0.005195122030165188,0.007555859237583618,-0.0029218249776852712,-0.10879941113540596,-1.1832360176386059,-2.183773443596795,1.9492184225190174
-0.008244597546656017,-0.0051461533779990415,0.0076120136442622615,-0.0027488154873536517,-0.09728876712247035,-1.0789596720958643,-2.2208009017641572,1.8278001124073777
-0.008219954302360225,-0.00516179092141203,0.007603884474148983,-0.0027937769252958052,-0.10084031852582843,-1.1040606671327946,-2.216288348527907,1.8590195934577127
-0.008192085801931802,-0.005171819502347793,0.007586068636456218,-0.0028367754309443533,-0.10353077354010769,-1.1313422797357207,-2.2041303785186552,1.8893755379784987
-0.008092284912336758,-0.005193128682216763,0.007503189785637752,-0.002973126372488227,-0.10979855477846039,-1.225353113939172,-2.1442031026745805,1.9864766140959011
-0.008062582194894113,-0.005175769796948934,0.00745332387887708,-0.002987061278984156,-0.10828757610473182,-1.2474928780251513,-2.1055895055000744,1.9972128561363787
-0.008004342719208522,-0.005177374259252516,0.007391237959893276,-0.0030510732099966005,-0.1090406900314599,-1.296967604044373,-2.0585792012069084,2.0423581748969526
-0.008030306686656538,-0.005158622313141998,0.0074010758809581285,-0.003003115516781342,-0.10658171643340442,-1.2708824337080982,-2.0650166239974506,2.0091462591328493
-0.0077029263645289475,-0.005322286225764414,0.007173255739469844,-0.003515646566533559,-0.11605520344339802,-1.5746794883759956,-1.8929037898842382,2.363286644870792
-0.007728086484735437,-0.0053097491668455095,0.007193243405713013,-0.003477387494613357,-0.11635379502140585,-1.5520925282288724,-1.908693969626454,2.3371487164502653
-0.007752118484115421,-0.005302340589653726,0.007216203995832517,-0.003446297252471531,-0.1170092262157938,-1.532059777682668,-1.9268415236911236,2.31613086333107
-0.007767371512682419,-0.005272591667829796,0.0072072642422068905,-0.003395744166908031,-0.11469233609005638,-1.5101194766314083,-1.919277975246626,2.280102871830191
-0.007802503182478797,-0.005260803560955875,0.007238814772543184,-0.0033487311210773853,-0.11500476640569203,-1.4803188820582374,-1.9438310639721945,2.2482033270132527
-0.007833636393041356,-0.005247206640241209,0.007263223119546841,-0.003302866827125778,-0.11473558851027534,-1.4524625715280346,-1.962593342002661,2.2167240240890895
-0.00797874922920872,-0.00516031740058002,0.0073461790622567245,-0.0030588155253305446,-0.10704759188092114,-1.3135232324440003,-2.0234032155831922,2.0480680084595044
-0.007953283389560873,-0.005170070219935094,0.007327331611799019,-0.0030956762990460365,-0.10834689440574387,-1.3364305405275883,-2.009445576254807,2.0734334383097166
-0.007921227643389204,-0.005180695593848835,0.007301473539593998,-0.0031399116831086027,-0.10923275334274891,-1.3645722061718824,-1.9900476638703555,2.1037964271345575
-0.007837449242019026,-0.0052189822925067,0.0072410984149557074,-0.003265872770122546,-0.11169868515508483,-1.4402530597514542,-1.944622150896268,2.1903077744161785
-0.007863591838966682,-0.005203189016981769,0.007256767565266878,-0.0032223103940852565,-0.11090753738744195,-1.415628871977727,-1.9563443160235277,2.160406509393775
-0.007891807974893963,-0.0051921856091188025,0.007278899317477237,-0.0031821196907958938,-0.11013051192625971,-1.3907710925061296,-1.9730792772002255,2.132878180158686
-0.007671951127522457,-0.005302734647898121,0.007116617723248126,-0.003518200883430127,-0.11221315010443074,-1.5879168292899746,-1.8477831742857231,2.361879174620938
-0.008248669497653863,-0.0051164507590098236,0.007584563223894918,-0.0027145147125513993,-0.09316799577059816,-1.0712560740087917,-2.198199308010682,1.8056338915756882
-0.008283407122608286,-0.005110257028626634,0.007611980172384162,-0.0026671616352912327,-0.08999980049582687,-1.0383294192987984,-2.217462060440388,1.7720354357368069
-0.0083100043512584,-0.0050973952102714905,0.0076238713806551905,-0.00262280470606833,-0.08642966938152716,-1.011997387717333,-2.2248155601793402,1.7412059467852523
-0.008390076638147574,-0.005046150809146772,0.0076435889108251,-0.002477633169566736,-0.0729313135419102,-0.9318695737200805,-2.2339681582322264,1.6415800915015744
-0.008415760639550079,-0.005036352880709311,0.007656124057112345,-0.0024371522456708926,-0.06930335363860046,-0.9067945971656052,-2.2417892487548983,1.613435284895307
-0.008326896992470497,-0.005072525412970065,0.007613441743301245,-0.0025788910792450665,-0.08181534478829404,-0.9935835058429856,-2.2150772336968783,1.7118810737314336
-0.008360045411585353,-0.0050568249888096216,0.007627589111831381,-0.0025241203183979624,-0.07707269742151977,-0.9610452383172526,-2.2236833128346274,1.6739676895648936
-0.00873013763031634,-0.005039007948967637,0.007914167458631936,-0.002023807705538039,-0.024611789590144605,-0.5937430060752985,-2.4138327333370153,1.3175688013311084
-0.0087475364789689,-0.005029066467270154,0.007915453710147914,-0.00199222626409709,-0.02039085402876634,-0.5764128263705605,-2.413193118362482,1.2964498776604512
-0.00876415854316865,-0.005020302301284922,0.007917346759317179,-0.0019626388072437433,-0.016369735816955635,-0.5598433723541452,-2.4130863615732747,1.2766089410894603
-0.008780908063740168,-0.00501482881165053,0.00792290912251048,-0.0019352180432721836,-0.012676229980927217,-0.542926539170801,-2.415739249102715,1.2579427194283916
-0.008799230406179361,-0.005010104455535083,0.007930239409391977,-0.0019060728434905237,-0.008618479081824039,-0.5243169812169773,-2.4195649986696757,1.2379937999294282
-0.008821756181043914,-0.00500590894427968,0.00794081710209662,-0.0018712636635609234,-0.0037744771776238644,-0.5013198983876449,-2.425436202639401,1.214086319678593
-0.00884535500731011,-0.004995763064619996,0.007945011490604408,-0.0018308730598324047,0.0019237678966464097,-0.47772749957151334,-2.4264708910496,1.1869564421800864
-0.008869765977785177,-0.00498705581108518,0.00795104094658962,-0.001790296042492568,0.007719567700166582,-0.4531818700987296,-2.4287812593860214,1.159563519110951
-0.008706320645163003,-0.00502756078061233,0.007883634490398106,-0.0020485105699702883,-0.02770695701896065,-0.6189874447483773,-2.3929649137246396,1.3364600935558248
-0.004926063801453211,0.006986754296774027,0.0034959449615814815,0.006027078445347827,0.24818177374927722,-1.913410053871466,-0.6645561023963703,2.498130547863403
-0.004983805928392612,0.006913102941425516,0.003595085308985308,0.005970027687201124,0.24403741771296258,-1.9407917694419812,-0.613035501537129,2.532997087274938
-0.005033265726576267,0.006762011371649806,0.003711783355040448,0.005814298674387015,0.22556585939328969,-1.9535690623087996,-0.5123345328538661,2.536205058597821
-0.004953747923856792,0.006810516972597786,0.0036005853272741764,0.005835917310166008,0.22563399165027695,-1.9172386062540046,-0.5516683261385983,2.483324166126998
-0.0048234307798880076,0.006985318893902023,0.0033798202198677472,0.005973855324616841,0.23752992879804727,-1.8588497070666923,-0.6676965146529191,2.411063489789995
-0.0047137345382954905,0.006998835706415024,0.0032530033729588795,0.005934558931550478,0.22689994915392717,-1.8041349449226936,-0.6774996897628062,2.325647165720959
-0.004563863085277165,0.007030448879916759,0.0030799153622008487,0.00589513924633019,0.21501245994540155,-1.7326898727190154,-0.6933438462909257,2.2174609786017023
-0.00444089758761274,0.007032503465192705,0.002953861412017845,0.005838719206221835,0.20305888606600558,-1.677952042778519,-0.690041566386154,2.133290780782213
-0.007243203426502309,0.005435575978698409,0.006655833110697588,0.004005745694016135,-0.07940636726728877,-1.8791318787785583,1.4744876760343193,2.654315656091518
-0.007988270667164968,0.005159319542164549,0.007355730353060704,0.0030478945906956853,-0.10702377959657314,-1.3054896277091028,2.0307078532395977,2.0403872040679896
-0.007948882525920287,0.005161385606816463,0.007314025549102758,0.0030904300577791533,-0.10740768200358951,-1.3374275584849864,1.9990411802398806,2.0697206125153484
-0.007902417463143956,0.005198229178217679,0.0072968339725524795,0.0031785945101871055,-0.11110381288740194,-1.3842818323841994,1.9872565088990284,2.1305307465069956
-0.007919856362357676,0.005169963584118586,0.007289655508086799,0.00312913547384793,-0.10811733996206181,-1.362473603567381,1.9807431905076114,2.0962739540380753
-0.007867413844746662,0.00520107353568477,0.007259199018638447,0.0032161472014843387,-0.11077258792804169,-1.4119988348517774,1.9582170780168704,2.1561488134556073
-0.007815105974779113,0.005223744268828284,0.007219208302979338,0.0032926497332752117,-0.11165829611482049,-1.458309482213476,1.927763691590236,2.2084346375801336
-0.007835479480342678,0.005203735218298162,0.007224541720420069,0.0032498739936329736,-0.11022788618385553,-1.4366681477325622,1.9314047917888395,2.178808006762137
-0.007788379318321561,0.005212014924549458,0.007176745699605094,0.003303616583731344,-0.10946076594516016,-1.4734899232148737,1.8942748902044564,2.2146288246321877
-0.007241326712050295,0.005393884037178586,0.006623991697307633,0.00394985745368423,-0.07823434300697449,-1.856453778951801,1.453101036201426,2.60995157887557
-0.007757509036852792,0.005220393665946865,0.007147583245307247,0.0033416862288289523,-0.10902728203087615,-1.4981712546224097,1.8715875510404967,2.240019384588352
-0.007646583308555688,0.005258808996751843,0.0070463577363966004,0.003484911848212343,-0.1068377042053734,-1.586454985210653,1.792277858758477,2.334216267930049
-0.007679775363836717,0.005241985068344432,0.007072637867975506,0.003436108348800398,-0.10721508026834815,-1.5584244494296542,1.812999872717793,2.3018299595649974
-0.007718021504310756,0.005228528685970987,0.007107343761235515,0.003386582158030838,-0.10809241447442341,-1.5281035995031063,1.8401414390766846,2.269404063026298
-0.0076456184239639905,0.005214760157313192,0.007007427925558645,0.003431555078068614,-0.10316745118808686,-1.569111514413789,1.762356572251761,2.2948610030665297
-0.0072698782739649085,0.005360679471970077,0.006639156189892381,0.0038881015841549273,-0.08048851609148962,-1.8276434655319422,1.467701383838707,2.5696522487789504
-0.007608904108852398,0.005273756387803674,0.007012184078790192,0.003534645120484258,-0.10569747862216063,-1.6161305427975596,1.765159605748195,2.366578317592737
-0.007581009988635165,0.0052896893938599475,0.006990497333872357,0.0035772463191240216,-0.10473872945745939,-1.6398144141735973,1.7477760907552706,2.394636161368988
-0.007546872936847766,0.005288195531131859,0.006945878357362612,0.0036022126673226312,-0.10215183022065379,-1.6591290766078417,1.7125272163779506,2.4084468912838912
-0.007319079656176075,0.005344643264945206,0.006693262259691715,0.0038362390844451995,-0.08514506651432686,-1.799217001467152,1.5112761945020858,2.5416824984004625
-0.007288871821532819,0.005318188608981011,0.006634448106222523,0.003820156176366865,-0.08052260065279743,-1.797899681674766,1.4673880207570944,2.522674606669034
-0.007361970776705408,0.005334497326384191,0.006742529870976235,0.0037950472499427013,-0.08893820372764887,-1.775428145477975,1.5504581077388517,2.5198873764440943
-0.007503416814699636,0.005292298413095813,0.00689373353416528,0.0036405526575393264,-0.0989756831674934,-1.6851083977270338,1.6713174916685993,2.430277469519254
-0.007411865557667048,0.005328442692300068,0.006803558901365672,0.0037533409943902485,-0.09325978840171575,-1.7492098667074516,1.5987591539614334,2.498664799631157
-0.007457435056987008,0.005303259202372263,0.0068433051570595685,0.0036883747135054816,-0.09602917308974007,-1.714269797886928,1.6312544145164003,2.4581578410941023
-0.0071430434385601985,0.005511975733884318,0.0065681468448032096,0.004168620497595569,-0.06800433329717402,-1.9582326275448525,1.3972465392322313,2.7533573725240363
-0.007197178772310978,0.005461821089481629,0.006610365267423158,0.004068590946233304,-0.0743940935601516,-1.9107923122540327,1.4360459407773478,2.690678898914796
-0.007157042389392946,0.005472592756018236,0.006561621528040287,0.004105648851394596,-0.06983448524733457,-1.930274171983492,1.3967983261242654,2.707645914906204
-0.007087778418347625,0.00551634701873999,0.006492453300300843,0.004202926384148722,-0.06100553701289178,-1.9769476385438869,1.3372198646239897,2.7624465208438855
-0.006834100164195318,0.005598126962893694,0.006175626168606793,0.0044247774081396145,-0.025088574077837794,-2.073069060332102,1.0832145731385612,2.8409133819061427
-0.007028416054299378,0.005506492677950826,0.006402234526555513,0.004217039600566442,-0.05327282166500425,-1.985659901951296,1.268654266551524,2.753294242817979
-0.006987212500203205,0.005523849988478198,0.006354200075579242,0.004259876141944392,-0.04761351681038868,-2.004772265072646,1.2295497208200479,2.7719998680413194
-0.006953930416950452,0.0055160169758994735,0.006302591377928908,0.004262787954649515,-0.04388908676473884,-2.0060898013748307,1.1915854426817503,2.761973890048854
-0.006916221551956884,0.00553349644940047,0.006258955503139742,0.004302565815396981,-0.03825111839408348,-2.0229078527405755,1.1560831519075612,2.778764790683978
-0.006865869093254937,0.005558547839338333,0.006200768157834146,0.004357001592309469,-0.031307318971889576,-2.0450490961236274,1.1087354688166517,2.801316551283793
-0.006792042583781824,0.005608473057949794,0.0061201458544440646,0.004453294886176192,-0.01931774927671868,-2.08276429933081,1.0404816840974112,2.845173405134496
-0.006741310606145274,0.005619716573127609,0.0060524458995811735,0.004484590951531291,-0.012155985822721725,-2.092114966316878,0.9892862487268147,2.8471542179389924
-0.006685983620402902,0.005633737161579145,0.005979228436879967,0.004519613800284692,-0.004273361371412306,-2.101528158835522,0.9343120369808294,2.849074148381933
-0.0054343877617252625,0.006503055163106281,0.004288214682064437,0.005650245962488115,0.2045537566872557,-2.117775126620938,-0.2568846355809176,2.7794770189584246
-0.005462074898218521,0.0064132356717833934,0.0043417877318560625,0.0055415860092886396,0.18902514165321652,-2.1058795289659478,-0.19626989009929927,2.7543894649539795
-0.005343815203678095,0.006543694191410246,0.004161370472770859,0.005670410136097987,0.20873973299089313,-2.0796697465623506,-0.31123812556725167,2.7200361646013165
-0.005027699381865208,0.006662397636155405,0.0037385020280500145,0.005693924358795458,0.2107044258924657,-1.9381346191386812,-0.4548892780151679,2.5024154412707884
-0.005101415530243076,0.006636741009297975,0.003834424692258938,0.005692819292079883,0.21134585444311385,-1.971790887851474,-0.42660561339511693,2.553461279955327
-0.005152703831429419,0.006586013209187589,0.0039112570055109324,0.005651321954887495,0.20702878691227558,-1.9889865797130157,-0.38731084022893997,2.5769912805757453
-0.005253176901946395,0.006565950594177148,0.004040840288685257,0.005664738841494478,0.20834922068269415,-2.0366220409468654,-0.35073981302650076,2.651807179135282
-0.006627756043971794,0.005654313677818989,0.005904311133730127,0.004563012027593825,0.004408787064968642,-2.11298313114685,0.8775394427995112,2.8549098470661938
-0.0059315803698409926,0.0061721642366275075,0.00500587556792978,0.005327688704713562,0.1382004253912539,-2.2374902915070805,0.17511722135357477,2.974563274300513
-0.006002341025477427,0.006139992122339703,0.005106622082482095,0.005292430057328597,0.12925867296348478,-2.251078930815393,0.2383426021104988,3.0014350382585664
-0.006059105880183182,0.006098085738579382,0.005186019884352863,0.005238852332864765,0.11835333505939212,-2.2516701791983493,0.2965554243583748,3.0062229422644644
-0.0061193793877687384,0.006007403651435312,0.005263298573413484,0.005112667161801165,0.09925827154457421,-2.2238219979740883,0.3728415413777357,2.963419082041836
-0.006057905022326253,0.006028104988400188,0.005177373861409866,0.005137607590775668,0.10679033126333694,-2.2134012572508968,0.31875509281143866,2.9406490499323286
-0.00547845438005043,0.006316822502082281,0.004377880954379435,0.005420711919978537,0.17359390147314588,-2.0835111681645473,-0.1402094612490881,2.7133538279443408
-0.005565298163140574,0.006275702840742759,0.004496610894143002,0.005390264921952422,0.16677649272537806,-2.111338221602417,-0.08226877894952479,2.757587032702118
-0.00577795457892621,0.006207297888321979,0.004789307996798554,0.005347860581601735,0.15118697285921154,-2.1840886989018,0.0612026931856502,2.8796151633478932
-0.005646833025864966,0.006236017851443772,0.004608818003218707,0.005357585923424454,0.15898214217380635,-2.1352447432621733,-0.024190681521146357,2.796353017801661
-0.005709975541967534,0.006197979582135004,0.004696427019964833,0.005320573237183614,0.15159306750004659,-2.149294507124102,0.026551764942192142,2.819396214962571
-0.005813685154951246,0.006145874164963507,0.004839709898755797,0.0052698802417848155,0.13928594107924805,-2.172951361811321,0.10843638282421256,2.861001130570392
-0.005871733143795717,0.006124271022006691,0.0049201095527781165,0.005249903438261671,0.13384185514246258,-2.1879267730040275,0.1536276360241917,2.8879715190724027
-0.006409977263355656,0.0058574500131778045,0.005657180026603829,0.004892011541092255,0.0502740518758178,-2.2146878384014994,0.6593706912574567,2.9853362695143315
-0.006565514896620951,0.005683075007590757,0.005826226061852304,0.0046170733743280895,0.014344470114344116,-2.127087154875977,0.8174835018751475,2.8654792040995827
-0.006426422083916707,0.005798723991466997,0.005664121546101437,0.004804482933292485,0.04155546801481102,-2.181277937279695,0.6809457711020941,2.9309916595329537
-0.006507589309879711,0.005726358660988964,0.005758434582773434,0.0046892397664599975,0.02524343310924556,-2.1481889797555636,0.761571879182232,2.889676434337431
-0.006449141176130877,0.005752373389950292,0.005682778067828175,0.004734843614505796,0.03396400010578502,-2.1563273700553216,0.7055132167664522,2.892633475753605
-0.0063399915032558915,0.0058729430172149875,0.005558470287392156,0.004919216553402695,0.05972994755462456,-2.2092057470989395,0.5917350247437653,2.9647518657278265
-0.006263628479920579,0.005872408811894425,0.005447541723389241,0.004921065479915658,0.06776635353052966,-2.1903267643454254,0.5241113752010139,2.922262370138784
-0.006198932867016043,0.005893955181907494,0.005359221110494208,0.004952448474225047,0.0760626705385309,-2.1851959166052155,0.4657821617566346,2.906052122428628
-0.0061372910144623614,0.005934800859965546,0.005278370160958257,0.005009427888876186,0.0872312407276372,-2.189548156215015,0.4065850185186796,2.9069494984858366
-0.004348213488936839,0.007085480118978558,0.0028380666727998998,0.005847375478671111,0.19736072611941188,-1.635894145135753,-0.7123642644591576,2.0743873789448934
-0.004250635699384026,0.007142849962602061,0.002717718097269614,0.005856003966243965,0.19114521514259333,-1.5916145799043073,-0.7331948925863808,2.0123385081873546
-0.004143894506142968,0.007207797230636144,0.002587498922235703,0.00586518395672772,0.18357069791938782,-1.5430778251678348,-0.7539004012645587,1.9447005923349578
-0.004025565826367622,0.007280120043295991,0.0024462104142615004,0.0058729488011037495,0.17506014876998757,-1.4892616603049065,-0.7729244161348499,1.8707276412879015
-0.0016899594681291598,0.009909631425609498,3.110500221888228E-5,0.005909122499628174,-0.0630641411808102,-0.14079302452691722,-0.6223510829172377,0.18907416512182965
-7.075874338127313E-4,0.010098516595229132,-1.6171884893846432E-5,0.005688796800242564,-0.0793396165978018,-0.06413532999279863,-0.2519296227238119,0.07250417081442952
-0.0012294860446408174,0.009949080863474988,1.1426573770464031E-5,0.005783272473926134,-0.06994501308624436,-0.12163215438605436,-0.4434154885800193,0.14758874815565612
-0.002940470478665611,0.009304852257178347,4.972990657010554E-4,0.006404647636896829,0.01489592282066895,-0.48277573185941813,-1.1200334375906946,0.6639617256653843
-0.0026620073759184362,0.009480039545629322,3.2792995481609844E-4,0.0062834225448877715,-0.011144287441880849,-0.3714157561879325,-1.014157338639339,0.5111416484748427
-0.0022338593222712005,0.009494717234481509,2.566225380361908E-4,0.006081290561780733,-0.029689861234310947,-0.33794756790212116,-0.8256248745049858,0.4347010209479844
-0.0018544318852499278,0.009540049058750073,1.8798928310277249E-4,0.005939311659605457,-0.042556856093208396,-0.3010637907681187,-0.6725237089068318,0.3672099005026452
-0.0030493357005530208,0.009087840392886013,6.788165986686269E-4,0.006411614653239692,0.03917623534971822,-0.6045981179696386,-1.1298225622540874,0.8086457602196547
-0.0031953847805948577,0.008872275810962442,8.825499150027757E-4,0.00642622248021442,0.06358914051788443,-0.733379557336328,-1.14426168431835,0.9638297670696864
-0.0031369826480663688,0.008635635666762023,0.0010237471250287066,0.006295020282068739,0.07083508354851224,-0.8280249768018478,-1.053251745538526,1.0558902439712392
-0.003357619217717446,0.00824481301935384,0.0013926515879267767,0.006221916099922509,0.10826682566066172,-1.0312663051110904,-1.0114423012767857,1.3012137079538144
-0.003216558543229742,0.008423191527879242,0.00120161572231214,0.006239110192418226,0.08711696459500472,-0.9309516210820327,-1.0201621825089422,1.1760181677713055
-0.003336147363495582,0.00803033392728528,0.0015131202487021214,0.006083485166488107,0.10994348038463665,-1.098174401223372,-0.9280941636598149,1.3676191597075105
-0.003488695809987269,0.007917797417662478,0.0016776162434264837,0.00609141498580548,0.12746599745045276,-1.173884109084186,-0.9313141769218277,1.4684573267899375
-0.0035002617190895285,0.0077706845667387696,0.0017707961756955944,0.0059974869996442595,0.1294040376745979,-1.2171560247751632,-0.877761870916188,1.5140256176752434
-0.0036090370729213502,0.007669621809953875,0.0019048208452942049,0.005980184794298327,0.14098911669046654,-1.2742105152524932,-0.8642633601335524,1.5892428230691442
-0.0037494626647482134,0.007581023767209798,0.0020595311084913755,0.005984413187900268,0.15391647891304439,-1.3396656702786383,-0.859146763776217,1.6774905443794175
-0.0038821369849088936,0.007350187410711795,0.002288519083606383,0.005864150164558717,0.162784875725373,-1.4276772876097785,-0.7828926876068518,1.7844691459823825
-0.0037183135025147833,0.007418411437201426,0.0021211228336168657,0.005842048750802475,0.1480023914295163,-1.3614233102384825,-0.7836462548336992,1.6907957799126552
-2.063196948038676E-4,0.010063494821304114,-3.1060313234758777E-6,0.005647533524747545,-0.07944654671370079,-0.07828840281722765,-0.07260243598609123,0.08022466117221434
3.3336104350169705E-4,0.010115415363571297,8.674724790548868E-6,0.00565276360546496,-0.08060185794981937,-0.05839227638097735,0.11806638021564077,0.06117950242306558
7.831138363666814E-4,0.009687179305222414,-5.073265619771575E-5,0.005690277854401702,-0.06403905034077971,-0.21980158018292736,0.274998631917615,0.23602154432692266
0.0032911492817477425,0.006579494534564825,-0.002103590185834666,0.005021672334002751,0.10155713586775529,-1.3402662292127647,0.44175747104781055,1.604090913681216
0.0031119397103347925,0.006954972450464713,-0.0018517832502692097,0.005254665404895457,0.09680588354493015,-1.264381337984226,0.5283367683336174,1.5116296358927424
0.003131132576833541,0.006723969988151057,-0.0019388341688351691,0.00508834715831316,0.09530430028720094,-1.292903707511268,0.4664176832204771,1.5430296433992943
0.0028707765713668395,0.007107822819762258,-0.0016292193526800597,0.0052873227658381955,0.08474159154107526,-1.1907787556067477,0.5338379417737465,1.4139415506533675
0.0026117178268580273,0.007322537123203188,-0.0013861990997561283,0.005347559005351035,0.06904806601591872,-1.1032779332648017,0.5407424811344669,1.300195092917896
0.0023087937717628697,0.007604714462738774,-0.0011112728354851391,0.005421549152694925,0.05096282609095016,-0.9938242739194464,0.5373552628615638,1.159214737319166
0.0020198994728881574,0.00783289054133974,-8.852564742936531E-4,0.005456537774179604,0.031805685065882515,-0.8978754423613652,0.5089200374210582,1.0357129977404131
0.0017905393504819324,0.008441337542840112,-5.867403011293798E-4,0.0056511719356892275,0.003579424277365025,-0.7019825211222727,0.5365142583243933,0.8010914578612826
0.001482565478251637,0.00884507915414218,-3.6255269476910426E-4,0.0056937989692724495,-0.0202428566379422,-0.5437832699385109,0.4794152141136311,0.6116086703967046
0.0010964626301304561,0.00920983698001171,-1.8249990529602058E-4,0.005686248357806094,-0.04222957218572934,-0.39921025442306096,0.37072376728709755,0.43772951503890295
0.001713756914198678,0.008059760806352581,-6.751837361364167E-4,0.005479074981144871,0.015474775214640852,-0.8037054011125281,0.46181787898084586,0.9137814759325688
0.003661706474318964,0.006113903473385389,-0.0025226778644526506,0.004731451416548593,0.10427547793724912,-1.4384922201235149,0.33000078189578425,1.7292734792075797
0.003510071844348795,0.006284900865996383,-0.0023567692955842726,0.004840205955768002,0.10328028321699863,-1.4028269693733115,0.37293348421120015,1.6835660167518323
0.003283819854534709,0.006330005613713721,-0.0021618047047228853,0.004822118684297196,0.09571076563977877,-1.3520818413607556,0.3755344971807509,1.6127530839342408
-0.008655924107792104,0.005000442726930744,0.00781534220859634,0.002096820553915142,-0.033381940213952556,-0.6710838893983385,2.345449017468336,1.3738050254468523
-0.008786413062436323,0.0049786135378198145,0.00788573715705234,0.0019023456747134725,-0.008333986898394735,-0.5398321627969603,2.3874815265798515,1.2387620079891704
-0.008758330495527522,0.00497534454678729,0.007862484954797641,0.0019389666040679377,-0.013290047850445385,-0.5686316012365672,2.372437567246903,1.264826933737764
-0.008729912173201156,0.004975639197127734,0.007842579281965599,0.001978167168409489,-0.01843714350621853,-0.5973908734132954,2.3598435852653776,1.2924074484324395
-0.008700505607465292,0.004975288185962924,0.007820806099169306,0.0020178769057704847,-0.02349639389180176,-0.6270285771342108,2.3458270035822584,1.3205189673518942
-0.008670202407779729,0.004973231864155407,0.007796043703268839,0.002057103289550758,-0.02833020442098286,-0.6573798070932795,2.329520591106206,1.348518479565108
-0.008418872246914831,0.005048939298809022,0.0076723803379838635,0.0024444709392763184,-0.07033328192835762,-0.9047571478853925,2.2543783057977858,1.617492994864311
-0.008581567661502712,0.005020832054259428,0.007779652693356719,0.0022118180549051962,-0.04694612737870552,-0.7451036786387163,2.3244047347999524,1.4534921447385083
-0.00862641328986579,0.004999288974539832,0.007791349925289612,0.002135389431715894,-0.03796254465261855,-0.7005958072261551,2.329589770103505,1.401357946632361
-0.00860120445054325,0.005003666512364742,0.007776409736084648,0.0021722222629918506,-0.04206358719793554,-0.7256008658776324,2.3202109784689933,1.427116354393765
-0.008550369830896947,0.0050253412965381985,0.007759260186574553,0.002256409042755057,-0.051794716751461696,-0.7760309313760311,2.3112764302812714,1.4849063480329063
-0.0085214941286777,0.005020534326170472,0.007730110495044669,0.002289866945849182,-0.0550835719914383,-0.8042329259385866,2.291077599355473,1.5093834005258466
-0.008494669983744086,0.005020340143291082,0.007707358909826565,0.0023240632193273097,-0.0584760109439737,-0.8302900401347341,2.275554695413343,1.533915444832953
-0.00847199201232637,0.005024911144716787,0.007692955468802222,0.0023567515006532066,-0.06158275856841518,-0.8523564435876922,2.2661447230530913,1.5568580241659795
-0.008453229567691692,0.005017870944163515,0.007669210133360654,0.0023742757093934102,-0.06303293458349778,-0.8699616450856048,2.249065102486119,1.570182527960993
-0.008428805978352901,0.005021975288774898,0.007652298809531764,0.0024082833184916434,-0.06610207323889149,-0.8933950270783236,2.2376998031341215,1.5941024806165596
-0.008389426861553728,0.005064350715174878,0.007662467255731236,0.002494910061673298,-0.07526035484268394,-0.9339406535443705,2.248968710448462,1.6521986789619947
-0.008357031810986031,0.0050733784199026655,0.007642441725642241,0.0025430681684779463,-0.07936061873114973,-0.9653375347134275,2.2357053759393555,1.68591416234671
-0.008305212813608033,0.00506112662564563,0.007581020243909398,0.0025941170620157566,-0.08217789836415666,-1.0122968495366356,2.1909516842873384,1.7237979693189114
-0.00833331420503389,0.005055539626786501,0.0076015000011178556,0.0025552789834880152,-0.07921855877439192,-0.985806096639721,2.205054474626808,1.6964711853759948
-0.008262423049572419,0.0050963227084869075,0.007576862920672758,0.002678559265801099,-0.08961524622787499,-1.055993892383935,2.190862118414349,1.7815212384287875
-0.00827829208103237,0.005069833228473307,0.007564494022636102,0.0026342568470026496,-0.08533241823503265,-1.0379442473492961,2.1798462942681303,1.751824722988967
-0.008226278688467665,0.005102449692647314,0.007547749543072428,0.0027268497647090673,-0.09274463251618086,-1.0896921304388465,2.17029278225271,1.8156919409477048
-0.008189092587959294,0.005103717570558831,0.007511899349163181,0.0027708732563141458,-0.09492759730528032,-1.1231024936695644,2.1442214303239697,1.8470402120605016
-0.008104380791611535,0.005146802805557854,0.00746858428145296,0.0029102896313551265,-0.10363364922901028,-1.2053811029411874,2.1150831823959177,1.943972487918089
-0.008069026062418477,0.005140151897477148,0.007424354162918957,0.0029418004722371396,-0.10386662629367126,-1.2340967358669557,2.0816783710661575,1.9665350819350025
-0.008155982105420267,0.00510848754083104,0.007483187861764604,0.00281310247124357,-0.0970460615817098,-1.153087652452369,2.1233801118257216,1.8768728653727467
-0.008125363720155012,0.005116708944701603,0.007460018173748961,0.0028556261279777777,-0.09932738908507743,-1.1811630909397015,2.106815481735564,1.9066071112751275
-0.00805386840244557,0.005111148145489053,0.0073794624350550534,0.0029271485942205695,-0.10031875734985493,-1.2402383304343125,2.046190746717539,1.9572632550125604
-0.008028214265923995,0.005101408256784169,0.007342662664172798,0.0029436891339736397,-0.09995044571365451,-1.2588482449001657,2.018030986448618,1.9690633196391514
-0.007996669996748718,0.0051121803873082385,0.007319197515979492,0.0029877809521590987,-0.1013699507075466,-1.286733440323263,2.0008014115272332,1.999374104413221
-0.00828215206218441,0.0050389337923370395,0.007536142779281226,0.0026002832833513716,-0.08127923219969829,-1.030413146897601,2.1569623572445433,1.7300402907165517
-0.012189700837093927,0.01472043154122116,-0.007192403576861818,-0.00333561201966818,0.19148642591456885,-1.4959592670249011,2.3918588412935136,2.5536555646610286
-0.01216255642659309,0.014739231881593266,-0.007203322159074721,-0.0032860976344354226,0.19010567465597547,-1.4645448426902614,2.410017076817383,2.517151311748808
-0.01224248494743626,0.014715154726444676,-0.007129273948969647,-0.003389694911532294,0.1889477934100867,-1.538023689670401,2.3341230926179968,2.5821921629900877
-0.012216304516612491,0.014729151245338527,-0.0071460482041364294,-0.0033480460226618493,0.18820539170783968,-1.510763817578463,2.3552524532560977,2.5533459161381833
-0.01232678547580686,0.014675636815823477,-0.0070648015135382726,-0.003514801536139764,0.18908758506104253,-1.6204254702878682,2.259421289260786,2.664857310154872
-0.012349321789540894,0.014665966711678486,-0.007045641940919003,-0.0035465559855408896,0.18920364792966413,-1.6412987525754992,2.2382091624549636,2.6849593718444367
-0.012270275792854385,0.014738403773473302,-0.007063093257823991,-0.0033828945735062377,0.18331463897038502,-1.5434963682522953,2.2876576635129204,2.5619205604031614
-0.012298560693100898,0.014723713702754172,-0.007043790808938288,-0.003426323738479599,0.18360609924864993,-1.5716345170717563,2.264086603663271,2.5912206750844544
-0.012325006585399699,0.014710678632483135,-0.007024344199146501,-0.0034657578973255987,0.18387255401955283,-1.5972216230043161,2.2411287427827973,2.6172739178115587
-0.012366988408148297,0.014642496113076236,-0.0070495154033052565,-0.003593376114530765,0.19128553950794294,-1.6677399324311,2.230406838739233,2.7221623405064532
-0.012370501775307017,0.014673850595001394,-0.007006974327784733,-0.0035527622924551527,0.1863729101648005,-1.6497812986609763,2.208522677741394,2.680504607734042
-0.01245508154379546,0.014600331687493215,-0.006974727423128191,-0.0037213854033510724,0.19177159617893313,-1.7495035166361788,2.1450516025204966,2.802709394691084
-0.012399896385193218,0.014629935958805873,-0.007018425731469731,-0.0036370819017623288,0.19095076011099765,-1.6966529946489304,2.197307681818239,2.74847677019077
-0.012429522444649186,0.014616474744024851,-0.006992418558238491,-0.0036790264425893247,0.1909316783229952,-1.7235808164104507,2.168236236883411,2.774461118279216
-0.012477430623735535,0.014585372840888967,-0.006959768613465038,-0.0037594553877626125,0.19228941506032193,-1.772532038534509,2.124788934207189,2.828280264608361
-0.012494537419510388,0.014569506764492486,-0.006952998201084334,-0.0037949178228319424,0.19372799744264294,-1.7930460146228966,2.1110822904353275,2.8538587796896415
-0.012529797287280157,0.014544516345843764,-0.006929371471923649,-0.003856637219281625,0.19495215843169308,-1.8297287998551492,2.0782069476750977,2.8951857243987296
-0.01255721799796427,0.01454178889273018,-0.006891973414662726,-0.0038796530738671024,0.1934793993239683,-1.8459180357359444,2.044650510978552,2.902818357839316
-0.012515610713437927,0.014566018270503734,-0.006926246793426123,-0.003815106824951251,0.1925077259714548,-1.8070232648324658,2.0862574759644956,2.862425624914294
-0.012599509881163012,0.014525876501415739,-0.006846497322264827,-0.003931536424906998,0.19312858570302108,-1.8781920318119283,1.997587684258318,2.9300370613020417
-0.012580907520459908,0.014541000604154303,-0.006857877124478535,-0.0038968290553041455,0.1919712330936142,-1.8582904613033044,2.0149583117093335,2.9065989131977235
-0.012117366767143218,0.014804344579951615,-0.007174801424389727,-0.003160936252863888,0.18357339074197818,-1.3938090129400857,2.414417229780863,2.4131981652171617
-0.012043787475564527,0.01482673192192178,-0.007235611983630297,-0.0030627154226389322,0.1850372149290918,-1.323155056485999,2.47722629162489,2.3482667251377856
-0.012083029228048811,0.014818796834156954,-0.007198170781376359,-0.0031104386439568363,0.18364325598755002,-1.3589617238997695,2.441221620159395,2.3782178295257292
-0.012110312126945397,0.014834574248510847,-0.007143398128929593,-0.0031167745289400624,0.17987914987984416,-1.3724097292171555,2.4005474456217333,2.3724410705826
-0.012150914746589175,0.014780709638626153,-0.007163703660472668,-0.003221980798958468,0.18510252938552854,-1.4325741823824438,2.394142927155009,2.4586234493106964
-0.012032843584728179,0.01487110549334171,-0.007188201600734884,-0.0029984806910959808,0.17930368394937043,-1.292240461345853,2.455323483824816,2.288831806304598
-0.012017785061236984,0.014910153464851611,-0.007152764430464191,-0.002937752589774667,0.17474483060075172,-1.2612436119872654,2.441484721763279,2.2349797103700113
-0.011682501159728636,0.01501251828175421,-0.0073710173971983034,-0.0024728887426917136,0.18017674817765933,-0.9205459106791591,2.670134971272607,1.9067398806898515
-0.011750023211095074,0.014994237023381391,-0.007329184651135676,-0.0025668839235512293,0.17888961425034386,-0.9912022229519569,2.6274702198137074,1.974526436074297
-0.011721898643074751,0.015017759086000485,-0.00732325727379309,-0.002511618367027522,0.17680662423150048,-0.9566299669905163,2.6315082768214353,1.9301330511673513
-0.011789903773568904,0.015002236400315934,-0.007275736082644276,-0.0026018783996621052,0.17517720134542744,-1.0254472905934053,2.5849111730507306,1.9937631369201043
-0.01183110695702901,0.015003631412448063,-0.007230193709188118,-0.0026442161122562525,0.17277568715929337,-1.0621037890988303,2.546605458387354,2.019683868832884
-0.011962392498396505,0.014950947776017035,-0.007160430517251155,-0.0028363822646096785,0.17226506296506153,-1.1970849735031803,2.4652032665890835,2.1577461349159486
-0.011996507987660372,0.01494296439769937,-0.007132633352061643,-0.0028791079230874954,0.1715343757882228,-1.228608316602064,2.4381519774140257,2.1858474365243503
-0.011900213172693474,0.014973156887612329,-0.007198785402885509,-0.0027489050378853254,0.17295403462639244,-1.1348537713369653,2.5073749675855184,2.0961887967602197
-0.011871228417989462,0.015005158519442924,-0.007185163677179926,-0.002684337503901408,0.16974425858932204,-1.0967352550705587,2.5087117465767648,2.0436757554070892
-0.011943022869716715,0.01498831501651341,-0.007130471775939892,-0.0027754007627310766,0.16839505257861478,-1.164591066897786,2.455250036873093,2.1052846625089656
-0.01139421282171734,0.015241709224489308,-0.0072785604726015,-0.0019339978893075213,0.16317188202303926,-0.5822377233712858,2.6726825269791434,1.4708017996321543
-0.011440093359853548,0.015225669662903972,-0.0072665394422415834,-0.002000491007639479,0.16308183196882428,-0.6303631315704163,2.6578470682242425,1.5214290651576476
-0.011492240853053358,0.015138091460907374,-0.007357727473601321,-0.0021353385448840832,0.17274625128195484,-0.6992209137070498,2.7040847484950135,1.6384018451645042
-0.011593519091174693,0.015096065795039625,-0.007330773391474749,-0.002290721590168819,0.17322090547930807,-0.8096235398040557,2.666943694225499,1.7571498806872605
-0.011543182613759962,0.015118957668518028,-0.007342014155787104,-0.0022117737550998626,0.1727754587151358,-0.7543411435674862,2.6843988878156293,1.6965339225870932
-0.011488354857059027,0.015199934922805509,-0.007265930762051914,-0.0020776875413711943,0.16417897413477614,-0.6825992995775828,2.648926327670559,1.581663216569052
-0.011663776515498785,0.015058365740259172,-0.0073205870541212595,-0.002406322453661448,0.1747055007709958,-0.8884006266990986,2.6445455757756666,1.8468272632461507
-0.011640684227916268,0.015097430386965947,-0.007284273989862158,-0.002342792744276775,0.17008698158748956,-0.854855500606747,2.6283928396867036,1.7917195427417287
0.013426960147219417,0.02188146684994024,0.0014494930088266298,-2.66463115181774E-4,-0.09925057612108905,-0.261775985622502,-0.45980504010354867,0.2941842223900008
0.013972807688060505,0.02282061256127476,9.584525025824836E-4,-1.4692945398791385E-4,-0.14590371013486528,-0.2096607964724165,-0.4049137842020061,0.2326382038763211
0.012202094090612193,0.02105795909142759,0.0020462202175914337,-3.053780871074591E-4,-0.05284959591881786,-0.22430212917636907,-0.5788702568675039,0.267737798638576
0.01263448336836626,0.021723077369352972,0.001645357314917858,-2.458845660785743E-4,-0.07698336708798255,-0.2209203197870659,-0.5115767452514883,0.25584285102215626
0.011052144487502608,0.020519850089364557,0.002487309174996255,-2.1206091304372065E-4,-0.019814691583634834,-0.10358866941721266,-0.6873178185749144,0.1581370805573726
0.011488658569553433,0.021124319679089384,0.0021017602552266482,-2.1527799718351276E-4,-0.03667819894419743,-0.14278771862785855,-0.6065232847410059,0.18638476099486992
0.010090566915341563,0.019876483122820525,0.002935152293267337,-4.90227398025222E-5,0.0022657174363102666,0.05650647913419565,-0.7954811695773882,0.013031935677337571
0.01046658710634737,0.02056596833584762,0.0024989619784375958,-1.0736752558223162E-4,-0.006531828621899302,-0.018032937165118137,-0.6931469984948784,0.07144073889986868
0.009197496264320376,0.01937020570102708,0.0032352989975708295,2.0923180328847221E-4,0.015773578870245445,0.2624202651922891,-0.859207185317539,-0.17579147566463693
0.009482155626294784,0.019913668576786454,0.0028997527433468027,9.583087385581061E-5,0.014333865098286122,0.16474688337148682,-0.7781132381536472,-0.09558391917321253
0.00853152472343587,0.018843173899986923,0.0035024850981055407,4.921442308111682E-4,0.02010995652622188,0.46799469274637623,-0.9056836897455608,-0.359087786678388
0.008763820240151812,0.01921517164088155,0.0032872387199159867,3.5515089863426497E-4,0.021954572521628496,0.36653750737647334,-0.8584629815466618,-0.2726178687930018
0.008081236980569832,0.018747465919799883,0.0034657861518465637,6.598981331220594E-4,0.023479977916772404,0.5719918192165682,-0.8688627515547633,-0.4582573245283621
0.0076560346888912365,0.018563039062423212,0.0034665925632145606,8.455756646919022E-4,0.02285410552238053,0.6848236069097074,-0.8376937322412664,-0.5642929614402067
0.007258572830433169,0.018472446039295348,0.003389169458147115,9.942997153049094E-4,0.0228755799978918,0.7651657595548924,-0.7860815534337039,-0.6419233106164614
0.007363667277540668,0.018796194213070324,0.0032260779417686604,8.545386063674683E-4,0.02934829726004846,0.6777019371970793,-0.7595032367407613,-0.5702579565621605
0.006538351430454123,0.01769119096577623,0.0035480341097340394,0.001540976221438733,0.005221195160116713,1.0585752801170214,-0.7292700015382653,-0.8945360021632941
0.006887534855761706,0.018142401409571657,0.0034444361621724894,0.0012305808085374445,0.01749700780656038,0.895277872850482,-0.7585994571167757,-0.7554746370876505
-0.0012085716398429567,0.012044024815268861,-4.8274436158345443E-4,0.005325296408296022,-0.12348827414074992,0.6950030152571074,-0.3394635110894182,-0.6394570719738731
-0.0014994431377091757,0.012378964987959366,-6.79120539535202E-4,0.005227668685433828,-0.12554785572102886,0.834838641819918,-0.3830147232345357,-0.7544601070041479
0.0019881541771688553,0.01285976556974749,0.0010405185551162922,0.005073716374052636,-0.13404146104590625,1.0398971693376704,0.42582806853974803,-0.9199893068741108
0.0016761839770624962,0.0126521913763965,8.247061451043693E-4,0.005123627112216553,-0.1293907074253866,0.9360647819630524,0.3894461307191419,-0.838880262311977
0.001365954227987001,0.012376441170982829,6.146395281299371E-4,0.00520437753215327,-0.12605304355760125,0.8173284329481557,0.3483395620388478,-0.7425658843312979
9.729754438939585E-4,0.01231344827314498,4.2351466995552275E-4,0.005173455764438077,-0.12128345055968183,0.7644031553884446,0.2511684083234412,-0.7022533292362255
6.113268945885061E-4,0.012104562790664734,2.4546547724945317E-4,0.005223892061972087,-0.11908891412824098,0.676123573213265,0.16772382378612305,-0.6316721134912898
-6.861681947232116E-4,0.012125904469001927,-2.784942250186725E-4,0.005222170708740633,-0.11853621385744695,0.6883116447334158,-0.18727980186934798,-0.6403642611727437
-1.6439176419281494E-4,0.012214461567905073,-6.846948282495394E-5,0.005155274779038106,-0.11820688735670183,0.6985478546522702,-0.04336041582053407,-0.6538200789227163
2.966545174383359E-4,0.012287132341758279,1.2640677748673767E-4,0.00512862782778667,-0.11774167701655577,0.7229511817815565,0.0767504859239856,-0.6740432085832045
-0.0029141748806443086,0.012898507332499615,-0.0016344824679535154,0.005295915457539131,-0.15774522464377325,1.2605075342739858,-0.6241671863126389,-1.0733360641488139
-0.003057002608271562,0.0132203484900982,-0.0018259431039380216,0.005108643282853421,-0.15881227962358443,1.367866897657464,-0.5503484393668135,-1.1643707307073787
-0.002458207525998311,0.012888036946356249,-0.0013312052845598878,0.005170613427902665,-0.14489852976975018,1.140304645441005,-0.5248197400737941,-0.9908838922509452
-0.0020241661102709902,0.012859050503426785,-0.001061324952202732,0.005082196321294751,-0.1346121640661723,1.0471074155740425,-0.4343666883710329,-0.9250771637994964
-0.0015745846765844165,0.012802091950741319,-7.975398954221993E-4,0.0050247883468222225,-0.1273846953893949,0.9627591856290537,-0.34382052441048616,-0.862882084351534
0.0030585834672164046,0.013847006109557199,0.0019461102357965778,0.004637799211336054,-0.14252151053303794,1.444356362156758,0.3565493846953172,-1.2359110653957508
0.0027987788400784287,0.01356705713445502,0.0017106372486364472,0.004792310607264993,-0.1425407264575669,1.3506233408543216,0.4061176696542758,-1.1622071824967144
0.0025581582555287996,0.013234294428724976,0.0014783384929467477,0.004970024584050033,-0.14333073221892031,1.239117246015285,0.4573942990335588,-1.0739668197608074
0.0037200906607263743,0.014635703728403462,0.0025208890947707864,0.004107953415839678,-0.12620777562667168,1.6096875868313993,0.14644851105597106,-1.364359828005108
0.0039054053987290513,0.014936625951864152,0.002658719432982639,0.0038747053937152826,-0.11612225719305659,1.6182154997699436,0.05522665547916828,-1.3717941352528733
0.003392817643323464,0.01441900853391009,0.002253799294885768,0.004245111972413528,-0.13014125235102794,1.537826363043305,0.20999013658829793,-1.3114034241154215
0.003022551598269858,0.014263411068703408,0.0019587399308539457,0.0043152711421391675,-0.12707473224442334,1.449156500884946,0.2404885720483205,-1.2454789582355963
0.002131664117356546,0.013230193674867573,0.0012006876976465358,0.004880025874479666,-0.13216155999325443,1.1499337174189608,0.3823086891556455,-1.0096092564471546
0.006107122678788327,0.017520696769107984,0.003411420294078899,0.0017433266261907623,-8.605207343282779E-4,1.1357018118730862,-0.6448589285853829,-0.967151931716158
0.005690000795879038,0.017312404217682483,0.0032739701476733264,0.0019555329710486146,-0.00894989830205085,1.2076830377039514,-0.5598672071517802,-1.033121996300352
0.005337388313321569,0.017098777652834306,0.0031522438591565405,0.0021520643210903687,-0.01795099078102141,1.267068159573688,-0.48526630551123767,-1.0870924329012823
0.004408905576448154,0.015518596322929002,0.002989853083962812,0.0034066005868473165,-0.09174142939404827,1.6145176839815503,-0.13544260051837378,-1.3675622874986872
0.005173548059311915,0.01630550007196427,0.003360050222433021,0.002725975827209277,-0.051945822134734594,1.505566532890881,-0.3996039086345826,-1.2741432035866698
0.005212448145097415,0.01667978485250308,0.0032420410173330592,0.0024500172301824834,-0.03519642231043138,1.3901387328687826,-0.4401647994528555,-1.184224939747641
0.0048745084970787935,0.016081882313082104,0.003210494420239354,0.002931126678108407,-0.06348898226734857,1.540140094465303,-0.31266820648365745,-1.3040482197777972
0.004471496509618962,0.016049131332008387,0.002912857329596365,0.002987353441294975,-0.0655171251975174,1.4910691701914776,-0.23741802381319047,-1.2742119196157418
0.003983826026525693,0.01537315378750894,0.002673016384177874,0.0035234983233110623,-0.09462244175448338,1.5611399263814703,-0.05369822045503053,-1.3304867904296014
-0.0035632009506081,0.013557259629608477,-0.002299718716432671,0.004983157984774556,-0.1676936361324094,1.579360964141136,-0.5048064742749964,-1.3240803645326145
-0.003212960423042129,0.013559347355246557,-0.0020186639343692573,0.004892611762543493,-0.15590079224339512,1.4638651965885823,-0.4618005430822882,-1.243395184729933
-0.005102732421062406,0.014433528338441498,-0.0038351628062713093,0.004438578381860319,-0.15871766617020974,2.152360193864171,-0.11083269201180544,-1.738321345998324
-0.005162490262498824,0.014642363243674078,-0.0038644997401050024,0.00421958987593598,-0.14460657954010522,2.108016153656657,-0.006989972062685712,-1.7100975749188516
-0.005253112172330205,0.014840987089223524,-0.00391505807548046,0.004014085689258577,-0.12981853644105715,2.0696688954644853,0.09106598475414623,-1.6836315049315098
-0.0037275676975597844,0.013868536426667868,-0.0024897265655248013,0.004758839388759231,-0.16242868418236342,1.6515796157738123,-0.40064888363641005,-1.3843210565122812
-0.004017475210628334,0.014069356420716978,-0.002766022817337739,0.004640646072932,-0.162079097593229,1.7528878281328246,-0.3351470972367508,-1.4593863982150437
-0.004820882017957315,0.01439455568781476,-0.0035426093965451482,0.004451438790957393,-0.15979352065324137,2.032881530012659,-0.16484116232132504,-1.6586032047772286
-0.004285404715698564,0.014211546829511394,-0.003020097380636051,0.004556621447143565,-0.16178601184687394,1.8416698702063865,-0.276538711583118,-1.5245119267133116
-0.004550929367189226,0.014320326920466126,-0.0032754654452294293,0.00449202421411866,-0.16120193493605847,1.932745583489506,-0.21953049415288653,-1.589278785275341
-0.005329055252316427,0.015043241520506146,-0.003936571778253228,0.003806736280349453,-0.11613120901137812,2.015713617645336,0.18069574393939444,-1.6449479479173308
-0.005621543709975078,0.015026188585488681,-0.004241416709280711,0.0038049592315801133,-0.11099389983235496,2.1290581718164847,0.2537702263731603,-1.7167477667236253
-0.006343752477384841,0.015193364777311077,-0.004936110078689353,0.00350557424553681,-0.07050210565663546,2.287458581995929,0.5799304047386437,-1.7943757433868122
-0.006447043921093648,0.015314755440811992,-0.0049725995827985025,0.003346818194274982,-0.0597154031842154,2.2304411220434974,0.657232553167544,-1.7492953553234063
-0.0058623356100893365,0.015155433240002916,-0.004441791677919536,0.003641721132050579,-0.09533125973861213,2.1481598034176588,0.37326601358980516,-1.7224486210683427
-0.006122306944321337,0.015195193998710346,-0.004696747115811882,0.0035544493298166045,-0.08231078824141845,2.2122558707900297,0.4833772299812775,-1.755739969398075
-0.006480021089673143,0.015456943478786402,-0.004915430342894818,0.0031898464787543566,-0.05320675270359657,2.137088911911658,0.7010117159414716,-1.6828748013522212
-0.00667169936049701,0.015444264534135712,-0.005118960791211117,0.0031379513500835858,-0.041316107029350284,2.1882438875817596,0.7935913638657003,-1.7040452272789286
-0.006817133157485846,0.015401112360597265,-0.005301158859345905,0.003126939982508411,-0.033064517517127946,2.2540087548847545,0.8655163888802082,-1.7357276512894326
-0.0069525032314108545,0.01543811947983527,-0.005412307459062816,0.003030573347690574,-0.02127115978742281,2.247585005137679,0.9465664817954672,-1.7192860071153915
-0.007082711968840115,0.015438353024024812,-0.00554612466193009,0.0029691095901387926,-0.010999280415087938,2.2679019272256173,1.0254998621982996,-1.7178607584995738
-0.007914350054766376,0.015455189136547788,-0.006353961063961993,0.002416359432208906,0.06354633936496301,2.261172204667036,1.5991093018681755,-1.5795284037563706
-0.008015306329404925,0.015489594063871218,-0.006403969213656837,0.0023018082254608013,0.07119907427077975,2.2050723019013976,1.6657129804700828,-1.5230036147385466
-0.007519209958570704,0.015522087617837103,-0.005903289044728473,0.002638030724334672,0.024424898442990232,2.2193277997389855,1.3061125263282245,-1.62815398747695
-0.007203605176428958,0.015498121449750608,-0.005615728452535975,0.002846880593947365,-0.00197471105865219,2.227880759614799,1.1016526159839264,-1.6773267165098618
-0.0073612109311643635,0.0155209305973803,-0.005750677446364624,0.002736003636475993,0.010841554390781829,2.217489501082152,1.201782686551011,-1.6504350901132405
-0.007690385736323313,0.015508033316402013,-0.006082222378640546,0.002535964969146775,0.03873487596474371,2.2279215241291648,1.4258623123821934,-1.6051339735407473
-0.007602519857428419,0.015641126277629935,-0.0058579604532671935,0.0024723027230286864,0.027279184999060815,2.101507757191854,1.347867146072231,-1.5389208013479891
-0.00783008502348795,0.015517113271793129,-0.006202645293775093,0.002424775388880027,0.053273982916649906,2.2051770504548136,1.524078500915933,-1.563538130120046
-0.008111395343120527,0.015518983013080384,-0.006451389927283445,0.002193935625908429,0.07712103292571727,2.1518002321039074,1.7274109399010824,-1.4683481279115924
-0.008213726913502757,0.01553653308880526,-0.006515000381176812,0.002088288976672055,0.0842992904522502,2.1048049711509944,1.7956827262519959,-1.4148111217677186
-0.008303706494673182,0.015510076150040734,-0.006623656364040718,0.0020266088094086318,0.0948042619855056,2.1047540871684003,1.87200413906958,-1.3889501767436558
-0.00840357535163378,0.015536945759428718,-0.006665928071384899,0.0019095418856067557,0.10058205254251293,2.0394736907725375,1.93171498475917,-1.3234054313069998
0.013358836497754706,0.023896392070440267,5.377305158268007E-4,-3.681674194798214E-5,-0.17672076855213392,-0.0964843672913953,-0.43121023836190525,0.11832600064249499
0.012795049137372533,0.025,0,0,-0.21041199943108102,0.023343141525824274,-0.4875028600686495,0.0031606824021265015
-0.010379389807525624,0.015535561395768878,-0.007302967397572731,-5.015890692850055E-4,0.15915601525513054,0.45639716063526664,2.731698472820916,0.35608888655460064
-0.010318750464292769,0.01550869704738529,-0.007359454087661316,-4.270499572166827E-4,0.1644544370723127,0.5306546133125706,2.7620172876526143,0.30087457997512107
-0.01024626014082856,0.0154938100050324,-0.007395722093089952,-3.329098465676916E-4,0.16853590154375328,0.6138275888691421,2.778077671809981,0.22993923852185746
-0.010388758053274494,0.015603143768552125,-0.007189347367119303,-5.000758539135749E-4,0.1491799120142637,0.4219592227232137,2.66303114667114,0.3508441067197828
-0.010485326069831321,0.015592024896638027,-0.007185830451819167,-6.24395871117486E-4,0.14879509570975963,0.32838866505688147,2.665551359263418,0.4458278229657447
-0.010440240615269557,0.015624554891460645,-0.007143662438904456,-5.602387053475019E-4,0.14509632132422032,0.36327864064109366,2.638113861918147,0.3951231940534741
-0.009748358432651958,0.015673774143876926,-0.007091790705803365,3.0900134596598946E-4,0.1431794974443413,1.0024443930665135,2.5330850850179782,-0.25880360807464853
-0.00992884118788117,0.015564056145049106,-0.0072896617745853215,9.000742712938233E-5,0.16018483222001875,0.9020693243813264,2.675739996993332,-0.09499081816278471
-0.009981405576602993,0.015579474502713958,-0.0072656019541428585,2.111881540363899E-5,0.15691925657872896,0.841120373508933,2.669202002654922,-0.04344540249806632
-0.009836572613022038,0.015605079848168005,-0.007214545827810107,2.062012944467315E-4,0.1534391537532778,0.9652889106851427,2.617587648598899,-0.18236674771420358
-0.009890566374596586,0.015607005438463498,-0.007215839665298212,1.3696153574061225E-4,0.1536106197588823,0.9129639377075218,2.62681641941664,-0.13101294950664608
-0.009805142988717413,0.015650507826556786,-0.007136664583330786,2.4126023266170054E-4,0.14729103670948177,0.9658117406188091,2.5679569346794677,-0.2086873462857461
-0.010090117448740499,0.01558361641135228,-0.007257505628630741,-1.197940119188177E-4,0.15626719140956113,0.7306639916079175,2.6783462266500773,0.06305420535859106
-0.010027261455562866,0.01562881871523628,-0.007184096469106246,-3.814192921184005E-5,0.15021550539679382,0.7685817550637231,2.6273092982351414,1.6239881369376735E-4
-0.010196353168008002,0.015558966995147337,-0.007291291054859772,-2.595134101729434E-4,0.15874896426923216,0.6355174744508664,2.709976649701355,0.17011990093734355
-0.010149076497052526,0.015612308035924928,-0.0072066307205468855,-1.9399072988030475E-4,0.15152805139524375,0.6576939129583655,2.654523410209127,0.11818917701584031
-0.009189513247002304,0.015621640683219262,-0.007016296852598241,0.0010030432624207853,0.1376361080599886,1.5045850762742368,2.366129530491984,-0.7544834396406479
-0.00910697965208783,0.015626382919376545,-0.006972227403819206,0.0010974183571764108,0.13262953139085124,1.5596240920584121,2.3205108639730727,-0.8175436731009621
-0.00904032539103426,0.015605165749651201,-0.006972952128384419,0.0011845431023943338,0.13333479309688806,1.6254865050008636,2.30015679185689,-0.8771803763009025
-0.008929413263700118,0.015571358055538541,-0.0069664188959485,0.0013293001755919148,0.1318932030972431,1.731957285281411,2.2605822214710494,-0.9746428971890976
-0.008986796440204111,0.015618532539986569,-0.006925315514944533,0.0012389665851438468,0.12794973271704727,1.6492003134036881,2.260756830021458,-0.9122398311813186
-0.008779547449679955,0.015581630183090658,-0.006863023114837253,0.0014899202681004269,0.12166617340439277,1.811621203867625,2.1612272745564813,-1.0744771892999194
-0.008852710871988058,0.015620676311328728,-0.006848610609506921,0.0013868656829678276,0.12116709620109202,1.7300194236120563,2.1815609012860406,-1.0059650843228891
-0.008526067401074061,0.015583219916803196,-0.00669230658001929,0.0017540420039975915,0.10487502258598139,1.938884751826311,1.993932618273393,-1.2307102934792884
-0.008702250044861392,0.015622769231692396,-0.006754595796845254,0.0015466039710383872,0.1122529456626895,1.8123380576957933,2.087533429722281,-1.1044199943102024
-0.008613476637507021,0.015638838966278733,-0.006674183317396121,0.0016277447819594763,0.10350599669354373,1.8414259910091555,2.021922977912539,-1.150527171997461
-0.009277548889300626,0.01566670115852169,-0.006980987710925015,8.812811774908842E-4,0.13390664688471063,1.399246465972876,2.372421071516516,-0.66812166052878
-0.009203612378913048,0.015703173389636345,-0.006895829466751872,9.52982892097756E-4,0.1269388953418324,1.4236166245634294,2.310273792482499,-0.7153028072783916
-0.009424776401252678,0.015633286059639956,-0.007084302264619692,7.163500664437826E-4,0.14337244165870613,1.3107020260470976,2.462552864240282,-0.5540876286821484
-0.009359929809139515,0.015659749886583973,-0.007021295195074803,7.860521074711783E-4,0.13806147651798284,1.3414201469311955,2.4138136956327894,-0.6022500490924158
-0.0094744639319281,0.01566526641313931,-0.007047817466407163,6.46556568474753E-4,0.1399053584673419,1.2447689941891709,2.4549893639283806,-0.5033403340442426
-0.009526312911872656,0.015698002542685184,-0.007009582854923228,5.753022366412075E-4,0.13635531469126522,1.1773276390912784,2.445277747651336,-0.45184051186628615
-0.009586022119017594,0.01570297379376763,-0.007015687704116136,5.022373384668588E-4,0.13723870958121173,1.123846912543591,2.4610101119868,-0.3990462899942971
-0.009669594013637262,0.015709112462725446,-0.007022547499963628,3.9980071136307E-4,0.1373765104356037,1.0483806904940207,2.4805559000882718,-0.3250283266256983
-0.011081903231167228,0.01531976568737875,-0.007374408557520379,-0.0014984882847113256,0.16769270633091668,-0.25354976877843477,2.769959598878583,1.1385693053002583
-0.011020192911974189,0.01535360205600963,-0.007356136472580219,-0.0014005957867940131,0.16506850481848725,-0.18906368822695807,2.763266571885492,1.0602172230177798
-0.01095360886473997,0.015402515662901992,-0.007313337440367761,-0.0012897262732654653,0.1610005616214584,-0.12142951209098785,2.740684012516511,0.969736249279779
-0.011138965321227531,0.015330288817544889,-0.007321455227279133,-0.0015628872280821964,0.16310473318749666,-0.31378739931825855,2.731704594206669,1.1844189598860366
-0.011230552578930053,0.01529866432112018,-0.0073106758053633715,-0.0016961014040838237,0.16356001023461222,-0.4100307280864442,2.7152121715329227,1.2878727030753578
-0.011195226727652477,0.015344630010705516,-0.007261933936150741,-0.0016221390960528962,0.15838963198020692,-0.37116038612363633,2.689250793079991,1.2252969583608262
-0.01128668448090197,0.015302487009326233,-0.007265001815070129,-0.0017608849740980597,0.15976778569169772,-0.4667339914713738,2.680128209705584,1.3339211492993304
-0.011331136110689703,0.015286394222544165,-0.007257565723915881,-0.001825463755651821,0.16044117675701744,-0.513054018204709,2.6694929454083396,1.383540966730666
-0.0113779310583327,0.0152958307857206,-0.007207780047462329,-0.0018730694902848084,0.15654927616791214,-0.5581648870487338,2.632285901729,1.4156203240452092
-0.010918836945524568,0.015457353678343753,-0.00724246465384522,-0.0012181823148853573,0.15452463969965918,-0.08980611294705547,2.698549628148507,0.9085216302764465
-0.010858322347530452,0.015481915953592383,-0.0072319184420849125,-0.0011312881289529204,0.1528346055992901,-0.030127348687504323,2.694576314889716,0.8401811633658128
-0.010787451782798822,0.015474590611609792,-0.007275312471491026,-0.001045761703975531,0.15665868145070297,0.04431356928861046,2.723147524203162,0.7765159472240827
-0.010638834730088389,0.015473752459631531,-0.007334607288541614,-8.558540278923107E-4,0.16168604337345302,0.20136273507964292,2.7605247289217667,0.6323375699328543
-0.01069700757599424,0.015490409049146892,-0.007285881102737747,-9.245835648851944E-4,0.15684968790881434,0.1364729305374229,2.7306886145403944,0.682535025176024
-0.010738827013756834,0.0155228730705129,-0.007216777118186204,-9.648924537679133E-4,0.15152287440419918,0.08642159986153647,2.6878590908392717,0.7101383064380854
-0.010590579373692016,0.01554154394097505,-0.007238629676317515,-7.715726408832874E-4,0.1532964202964837,0.23492979292936092,2.700626419089431,0.5618131329453021
-0.010541950552207309,0.015600022421019759,-0.007157834345856046,-6.93159373034352E-4,0.14646271388739474,0.26896023963939214,2.6503358986051,0.49757746214576953
-0.013207887828935658,0.013985709925810687,-0.006305672148477561,-0.005074958860375885,0.23224826040797394,-2.454115288980141,1.2484498646516469,3.607567019273253
-0.013233826688009005,0.013955932948084634,-0.006277391887012985,-0.005131417496002127,0.23495718849061126,-2.4778019084803637,1.2078101404039767,3.6380519583636977
-0.013225892657279272,0.013976958327548727,-0.006279227251572829,-0.005093216793104491,0.23216366960581328,-2.460606223326161,1.2222581530206267,3.6102654902903915
-0.01325842358763736,0.013958090336323224,-0.006232841106927712,-0.005130923034371048,0.23251785445846984,-2.4741252538479315,1.1743184476304374,3.618867452989278
-0.01328195251525905,0.013950904724350725,-0.006195490283031382,-0.005146321692492274,0.2314120404644273,-2.4779345941208066,1.1409822997912806,3.6145269536435927
-0.013204910912086214,0.014013018542700654,-0.006294441714213851,-0.005026724734202724,0.22807209621254995,-2.431294777912725,1.2562058659430668,3.566851808416426
-0.013162066674332798,0.014048413101816993,-0.006346647970757978,-0.004956906262230858,0.22585039975417937,-2.4021567183963604,1.318941229065685,3.5357626081266496
-0.013186925091735456,0.014032797057058545,-0.0063135049498969096,-0.004989043991163642,0.2263019542615428,-2.4151219405117703,1.283284034172449,3.546435857048777
-0.013209085965822168,0.014038060340135545,-0.006271981300018331,-0.004984139215711411,0.22344664229499006,-2.410310118602011,1.2538163857603863,3.5260582884944958
-0.012876215407411502,0.014257693049349708,-0.006672122988534297,-0.00450693858768856,0.21480728414126626,-2.1891668031870988,1.7067985939724044,3.315782949288052
-0.012874882789407328,0.01428760377899203,-0.006648214809768416,-0.004457280087921019,0.20995253349408352,-2.1644750542571956,1.703417989465209,3.269805760936698
-0.012903058117156672,0.0142498942607817,-0.006634525509074001,-0.0045316312117964115,0.21379618691428529,-2.2022314232482105,1.670973917566103,3.321733064311513
-0.012918783036324372,0.014239081983383126,-0.0066176526945390295,-0.0045561974932492935,0.2145122282286684,-2.214712037132169,1.6508443134331574,3.334561980127307
-0.012995438912395038,0.014198238740569238,-0.0065232356295635225,-0.004653966626817154,0.21500838444678613,-2.263136523872323,1.5495662252993034,3.375232912217237
-0.012979014838833475,0.014212500128875509,-0.006539371325784224,-0.004624168403948519,0.21399544253879435,-2.248632344411345,1.5709648459263177,3.358530634257335
-0.012959313873030483,0.014225671717986032,-0.006561528011754514,-0.00459477408416542,0.21342128266964397,-2.2342045733166067,1.596682671178087,3.3441977654059483
-0.012937910483221793,0.01423618404851022,-0.006588393021651398,-0.0045688595911049824,0.21335469488413603,-2.221278747883361,1.6248409198333131,3.334011816770212
-0.013092129315211493,0.014100533129409435,-0.006432041411062126,-0.004850032540303187,0.22306385886937477,-2.3557215542420344,1.4185114668073586,3.489085323444829
-0.013136819932282582,0.01406777400834327,-0.006377577696196784,-0.004917776852083376,0.22489659948681837,-2.3854656142810016,1.3552021647496146,3.5187641267078833
-0.013114548821958928,0.014087327862624226,-0.006402720913106633,-0.004878638339294582,0.22345467116229814,-2.368164171223834,1.3870188425770849,3.4992566867216763
-0.013165037951058603,0.014081404841455637,-0.006320220983102019,-0.004900876004079528,0.22005826562159211,-2.374675226479502,1.317818151254986,3.483481336056365
-0.01301422720821758,0.01420677603272474,-0.006485306894366131,-0.0046464038018674166,0.21212842247389835,-2.2589662894612013,1.5235091481300662,3.3558356802351206
-0.013056967577816686,0.014154874946886437,-0.006452839708991268,-0.0047473635502242074,0.21708506622529408,-2.3072548635004426,1.4671427841604052,3.4197193747563666
-0.013084275802688394,0.014132264969407761,-0.006423020093780112,-0.004793747174527065,0.21861907362624455,-2.328625859274718,1.4298847942307351,3.443301512125786
-0.013033908081438285,0.014200175529997725,-0.00645765313956411,-0.004664094527482861,0.21151017352003085,-2.267118460649009,1.4972451014572226,3.359054044544543
-0.013058074205160865,0.014187042185621258,-0.006427285272142237,-0.004693801674100529,0.21174386222202943,-2.2808368060598485,1.465151017706507,3.370175970704189
-0.012739388915169883,0.014384965248261675,-0.0067756943965426655,-0.004232432198221537,0.20471603648580936,-2.0438613605739007,1.863837941392511,3.139447482710301
-0.012735424519322776,0.01441909048149427,-0.0067486836124979075,-0.004176781413964488,0.19969901436106616,-2.0159786898869534,1.8591124867932758,3.088643634645201
-0.01276869190396291,0.014370697722547976,-0.006743087716517596,-0.004271007115057281,0.20483999779947487,-2.065638938758436,1.8285466799773533,3.158767433156897
-0.012869719445156103,0.0143172823144763,-0.006630546430315134,-0.004406815801534957,0.2056778786444687,-2.139249603257129,1.7050037398957902,3.2256411099943194
-0.012845592671017893,0.014324158062817218,-0.006663281765088872,-0.004384397529862169,0.2064002543256179,-2.126978801894383,1.7361742758699357,3.219380304561052
-0.012828735952764517,0.014343031065369303,-0.006673270828229833,-0.004345943461691481,0.20476329974081162,-2.1069932155360047,1.7548449674238193,3.1934286235703238
-0.012802213623801158,0.014360706326149247,-0.006699292373655327,-0.004304431898809403,0.20384153609184516,-2.0847766300235975,1.7862280104003234,3.1703437019869423
-0.012620370099818581,0.01449905889101852,-0.006843657305085695,-0.0039851671895365605,0.19568626279847567,-1.9075737584655246,1.9815147541240081,2.9703263753207634
-0.01262368364401012,0.014532552329381299,-0.0068035604483711095,-0.003937278225726099,0.19045312740401657,-1.884714369420465,1.9642558389199336,2.922461351314272
-0.012651134598776072,0.014482414561365951,-0.006814551213775547,-0.004029708794224159,0.195902633704109,-1.9337324860457341,1.9481035279828183,2.996028858508954
-0.012673500521332912,0.014466210849552148,-0.006797131486245467,-0.004068067231980078,0.197018657564546,-1.9554423595521833,1.9248920063033637,3.0202237932058043
-0.01270207603000382,0.014464167802464196,-0.006755589628703454,-0.004088198748550543,0.1952480637542853,-1.9688577984881677,1.888478852144473,3.0234519546315766
-0.01272849359785113,0.014453264280114161,-0.00672597554623616,-0.004120126493185035,0.19519950588459214,-1.9874116349502964,1.857822845358683,3.0388656016996287
-0.013523778573854277,0.013722231834357206,-0.0058640719762357825,-0.005551379645982905,0.2467237849206377,-2.6106963765010343,0.7474352119948148,3.761106063593631
-0.013513510710911853,0.013741928641516141,-0.005876098963600256,-0.005517333628186356,0.24420800465967066,-2.5986460865679857,0.7691731659377353,3.742225289627321
-0.013498236679853129,0.013750264110534169,-0.005900564377840622,-0.005503971670148045,0.24455479640047603,-2.596835615674325,0.7922237402282434,3.744165525590777
-0.013306591310107857,0.013914096216265071,-0.006171510273039297,-0.005213498345434212,0.2353772512724965,-2.5056395617383926,1.0995150550414559,3.6540345378682884
-0.013327311492524557,0.013904350238238659,-0.006139832667703064,-0.005232261357741901,0.23510740889641665,-2.510853030307294,1.069157995997296,3.6541502828574797
-0.013488334884076927,0.013765618546997547,-0.00591291804768422,-0.0054774415130913875,0.2428402052250862,-2.5876916035883393,0.8113080034987931,3.7307237741569375
-0.013468943952430163,0.013782348198124383,-0.005941420881621321,-0.005449034163469916,0.24209758468688955,-2.5799746942441506,0.8429183009972122,3.723480966444037
-0.013451993191284676,0.013801786448559424,-0.005964220228343884,-0.00541536942818177,0.24038733086978628,-2.569020064221421,0.8722364277694062,3.7096059926381044
-0.013430703373819573,0.013811310512853996,-0.005998320757730029,-0.005399226293798134,0.24099153314379576,-2.566709580827968,0.9034101411056293,3.7135242056936875
-0.013346452734138196,0.013893224952648215,-0.006111486690795449,-0.005253033680986571,0.23510577297012783,-2.517068258524237,1.0406058152943893,3.6570618544019537
-0.01335804086823961,0.013877360366796541,-0.0060985433232745795,-0.00528160698029818,0.23686624861911237,-2.528121392723289,1.0207403367996808,3.672377285789062
-0.013375920879241556,0.013868995589714274,-0.006070777816554972,-0.005296967909097547,0.2364232808804995,-2.531714932869009,0.9944968434834845,3.6713137913651672
-0.01342042685292603,0.013836708173092422,-0.006006140450367547,-0.005354360100638329,0.23758984174531905,-2.548671598222509,0.9257135474393898,3.6842864653788814
-0.013396830873914157,0.013854677595362781,-0.006040196685208239,-0.005322632274079231,0.23688216043437918,-2.539237354621051,0.9625077229438029,3.676447081267193
-0.013305655364622016,0.013940186887315784,-0.006159642064678664,-0.005167509646098274,0.23111295605075863,-2.4841670473450983,1.1067441629103314,3.6148873296908115
-0.013859248102264972,0.013325365606058827,-0.005312424953993925,-0.006165400257542887,0.2754582507083055,-2.725371051187683,0.10244623265926332,3.908802838427007
-0.013858586057408815,0.013345146946873228,-0.005314494820613151,-0.006130295471027032,0.27209970063317185,-2.7136549793183473,0.11885242141709677,3.885314554282267
-0.013857154045042806,0.013369626324677902,-0.00531781649338431,-0.006087322350240768,0.26811240658890995,-2.699466324268115,0.1394067815576487,3.857108975263608
-0.013722392574250427,0.013539961936024943,-0.005549095698311363,-0.005835114071438768,0.255723995473776,-2.6630794159351634,0.40754482789479063,3.805680313809223
-0.013737988482900748,0.013525893290298747,-0.005523008838474051,-0.005855293994286819,0.25624096757517445,-2.664956558382524,0.38073332880551863,3.8062120775807173
-0.013743660736443366,0.013504763011163722,-0.005515131264359437,-0.0058911201418907705,0.25926959232082164,-2.676540225090171,0.3604811385851728,3.8273290207676944
-0.013796835023139609,0.013452162873921859,-0.005424165638489292,-0.005965819282374919,0.2617578955706887,-2.6828185042600445,0.2651556719595832,3.830905465828871
-0.013778584329343507,0.013474705391906048,-0.005455357905386226,-0.005932531053905956,0.2601399304060094,-2.6781017728559595,0.3009634192368769,3.8244591135530253
-0.013763142421735666,0.013494889404629486,-0.005481305735479219,-0.005902092453736772,0.2585088215578837,-2.6729338186994975,0.33189489973975506,3.8170240576125596
-0.013545976107005087,0.013715688965359562,-0.005826431882948817,-0.005560260752698818,0.24539417847899547,-2.608292525700604,0.7164262189623479,3.7493427978626817
-0.013567062887933959,0.013678282833599847,-0.005799408255462797,-0.0056240188358870616,0.2495440554505812,-2.629505078033979,0.6721514917326418,3.7821913286716335
-0.013586528336838438,0.013667748651415951,-0.005767331512189896,-0.005639587299196049,0.24922510474819856,-2.6301822040973906,0.6426954254675971,3.777584123095616
-0.01360290265514279,0.013655525130836491,-0.005741103063248077,-0.005658435303315847,0.2495059843445068,-2.633002877617914,0.6162703351831086,3.778102966852849
-0.013613768989510163,0.013642855832983714,-0.005724671405805197,-0.00567895044064078,0.25056468102409685,-2.638102506259708,0.5963297341758086,3.7846039519699963
-0.013629877782850186,0.013637262723826584,-0.00569716917160289,-0.005685588490461858,0.24964506939696215,-2.635624042991878,0.5737438223473833,3.775572486830287
-0.013647572665850375,0.01360444605112769,-0.005672361775193105,-0.005740240376992418,0.25333056751995414,-2.652181780549388,0.5342157478239189,3.8020474733666636
-0.013646294593092127,0.013628486757650118,-0.005669806511792562,-0.005697626804144329,0.24931787494426327,-2.6351564536966285,0.5492445244002715,3.770415187704887
-0.013669832153713604,0.013600058609689115,-0.005633443835933685,-0.005742644582604403,0.2514452054210429,-2.645459300540241,0.5051875554561833,3.783923016008125
-0.01369587439596905,0.01356747314994234,-0.005592504197460112,-0.005793826802868745,0.2541324321968701,-2.6566754823002534,0.45530950147778076,3.7991047445385404
-0.013682720936017708,0.013584604686427372,-0.005613197445815847,-0.005766859219912997,0.2527121912119235,-2.6506735616330133,0.48096715920245264,3.79070746397873
-0.013729833720396163,0.013560261644557611,-0.005533235169887783,-0.00579683404878019,0.25142025214709346,-2.6452808279081825,0.4117250025811319,3.7704112602826467
-0.013716653519513936,0.013570813574513058,-0.005555084880638372,-0.005782011509853777,0.25115679782024447,-2.6443565700719334,0.4332483932201817,3.771345009594147
-0.013568684846348001,0.013704802562597722,-0.005789167516614145,-0.005576418498959872,0.24482597822103505,-2.6086493105477655,0.6829779374320594,3.7428616906212757
-0.013815066697472173,0.013434636882666738,-0.005392423551996087,-0.005989811336381041,0.26236714071202977,-2.6837497216580757,0.2327945135341152,3.830360453457763
-0.013825912223342736,0.013419384170279179,-0.005373513551297918,-0.006012479008729917,0.2637184698768817,-2.6871709628395966,0.2100273509377976,3.8358022761674944
-0.013843249699186273,0.013411914749022353,-0.00534285601380358,-0.006018430781488578,0.2626929982615533,-2.68155002467696,0.1859483492724914,3.822994289977497
-0.013863348771167162,0.013396180433986086,-0.005307304704818299,-0.006037507557609092,0.2627861904605298,-2.679160873962811,0.1530771147613336,3.8165033628062432
-0.013880083123307305,0.013316211623466754,-0.005274610451743835,-0.006171576456101015,0.2742147782606676,-2.717252471140782,0.07329672369624919,3.8914391955471825
-0.01390241118243204,0.013304379045465676,-0.005234011250427793,-0.006181396152628476,0.2731756200243823,-2.7094276598208817,0.040748393808275475,3.874960851035884
-0.013913901661002466,0.013282067026538311,-0.005211630784212999,-0.006215051747383107,0.27546832118421255,-2.7146028655880747,0.010721931669207317,3.885395578778849
-0.013973909930371488,0.013224178668719645,-0.005098297226192009,-0.006283992342768164,0.27691487883973437,-2.7044853107222675,-0.09740758910901627,3.8665964199696163
-0.013929369408164636,0.01326698169684988,-0.005182607812083634,-0.006233524822567032,0.27587759977574855,-2.7125416526893527,-0.017388700471275335,3.8813115836991012
-0.013943269634887187,0.013251833721756529,-0.005156200518984299,-0.0062526943818480216,0.2764724606821302,-2.7113059386877527,-0.043939814186460556,3.879133387771137
-0.013957983174064234,0.013236727173159187,-0.005128193441934839,-0.006271082489823756,0.2770009150169019,-2.709179237030955,-0.07125032636017947,3.875380892373101
-0.013992201424960632,0.0131946975256051,-0.005061270291333499,-0.006324903111086686,0.2792666949676756,-2.7065961754106933,-0.14067127064941246,3.872685432244218
-0.013988418287097364,0.013213144907263063,-0.005071075003487098,-0.00629481444273382,0.27663434403095327,-2.699787842085998,-0.12074751972021877,3.8579102295695877
-0.014132974613383417,0.013048786454811109,-0.0047819171107249606,-0.006482760921600499,0.28234794993737694,-2.6639233200835766,-0.39833282989376523,3.80887363470417
-0.014120784569491715,0.01306802810456559,-0.004808527950929335,-0.006458837638365688,0.2811412777340729,-2.665976335368846,-0.3699286766248982,3.809465157169861
-0.01409062244242537,0.013093910002914794,-0.004867519224845923,-0.006435881615363166,0.2815230383443396,-2.6791085031011432,-0.3205899365381089,3.8305025870681186
-0.014110602745108853,0.013085722672161848,-0.004831011051241674,-0.006435889916334684,0.2796571771254104,-2.6667207428389705,-0.3446821131999668,3.8080404121271725
-0.01401037342266449,0.01318533010078627,-0.0050277253712833,-0.006330167595577693,0.27818236845445243,-2.697862608433924,-0.16585326475323225,3.8561867952441067
-0.014051675988920778,0.0131395397862557,-0.0049462218003372685,-0.006383492359750053,0.27980742339635606,-2.688895032776726,-0.24451351919578054,3.8433097257223636
-0.01402810245886025,0.013172397364374228,-0.004994285013395708,-0.00634163512188344,0.2778232697445349,-2.691017489791069,-0.19354714404952175,3.843924536047951
-0.014042075634648508,0.013157001321821592,-0.004966779901949749,-0.006359465781127896,0.27833409453788066,-2.6879252281942,-0.21999735357657316,3.839457928087852
-0.014090949160445362,0.013118910445778434,-0.004873530541725796,-0.006392739249560517,0.27733221017153686,-2.6678228290209978,-0.2970551729361543,3.8052689848856267
-0.014075107584353973,0.01313536108166705,-0.004904786724552408,-0.006375179311465926,0.2770600331707176,-2.672715430206778,-0.2684469173573652,3.8125071920829297
-0.014147240052043217,0.012970798623853863,-0.004731190670358334,-0.006604954760505444,0.29267308285401533,-2.6821305946640694,-0.48777252661402226,3.8586002623383364
-0.014150353869821709,0.012990328111576355,-0.004732904485349542,-0.006569178095418365,0.28905594879117164,-2.6721865549192105,-0.47012387899412683,3.835690559702974
-0.014151446296125724,0.013010253509221878,-0.004737957064062098,-0.006534440560646446,0.2857383756987544,-2.6637411820760506,-0.45077497147518225,3.8157136037007278
-0.01414459790425103,0.013030181956435754,-0.004756232585829918,-0.006505768488613743,0.28349033155751213,-2.661751253113522,-0.4256780005247693,3.808131780156421
-0.014157635242051039,0.013052765694949758,-0.00474138223621511,-0.006457852298821863,0.27789220069902515,-2.642166195726377,-0.4133194877245944,3.766969257177006
-0.014185334309202453,0.012903695682332978,-0.004639936462192077,-0.006688118248284649,0.29735387900354254,-2.672239535946005,-0.5858244284058239,3.8555024507943982
-0.014188600474122876,0.012919532723584681,-0.00464096837856622,-0.006658562977283995,0.29426780977268774,-2.6641472412712246,-0.5712968071046565,3.8363894108369543
-0.014177948725567713,0.012934513614901364,-0.004665048425042811,-0.006642001180479154,0.2936046589365376,-2.6684639544265347,-0.54801971332627,3.8409188432063783
-0.014167846769478482,0.012957296037878763,-0.00469103788380965,-0.0066115376070910725,0.2915234069881871,-2.6693021050218695,-0.5170046257657529,3.837295772467879
-0.014268539154595835,0.012771314202177473,-0.004437862773254573,-0.006835663209302925,0.30410354924287925,-2.632927290419857,-0.7845386700990843,3.8196436946376395
-0.014266224614667939,0.012787988979445514,-0.004450350347586029,-0.006810231521977494,0.3017978471171239,-2.63121812229562,-0.7644846039338271,3.8112589320255226
-0.014199652507383073,0.012892579188636078,-0.004610987306204059,-0.006694782722506142,0.29669053113387417,-2.6630332929583607,-0.6076187937148476,3.8410153678134296
-0.014215301131820991,0.012881788128643155,-0.004579953284957525,-0.006699529252452772,0.2957903407797824,-2.6523782105382883,-0.6297352027171463,3.8238592731752816
-0.01424893834556202,0.012841228194251694,-0.004505260525236396,-0.006737730666711094,0.29651481967096055,-2.633625086181546,-0.6952467689625951,3.799963806473419
-0.014239841371537462,0.012855026264060286,-0.004526845782639375,-0.006722863156780376,0.2958864072213147,-2.638091741485812,-0.6745418225003866,3.8044130563232925
-0.014228723578617338,0.012868979592213267,-0.004551765867696023,-0.006709342650195133,0.2955675654138243,-2.6441373243342325,-0.6523317682602373,3.811874471826916
-0.014257980491155266,0.0128285901002447,-0.004484219433726629,-0.0067505659561263144,0.29694032129450926,-2.62871222602477,-0.7146324392944798,3.7944600942314763
-0.014267013260794261,0.01281636822552362,-0.004463314839586118,-0.006762578167106387,0.2972708045542583,-2.6235539222653235,-0.7335006345819202,3.788462839856382
-0.014277009847891181,0.012803445607891551,-0.004440394405394129,-0.006774713378239358,0.29758243018248803,-2.617515196303707,-0.7536803387796676,3.7811347306646037
-0.01426600004674868,0.012843679844492091,-0.004478183812809323,-0.006718424557970953,0.2933158049157302,-2.6175220861379946,-0.7030963681793332,3.769430794354986
-0.014726020879883651,0.011760493369818529,-0.0028782246362980064,-0.007726647404144576,0.3372507386236268,-2.0128982767576926,-2.0964453512226062,3.226934380473171
-0.014719969273040359,0.011775025155459036,-0.0029027118475465565,-0.007718693299660156,0.3373759012613156,-2.026607783145483,-2.0807328825974007,3.2415435246146735
-0.014731976657394013,0.01174568355027078,-0.0028534695112698402,-0.007734911448599141,0.33715122386818747,-1.9990020906730483,-2.112389754302935,3.2122705651015626
-0.014764241237095722,0.011655538876567858,-0.0027061940775150333,-0.007787859292744018,0.337130446220673,-1.9153652326540695,-2.2081295170654425,3.1266340939584434
-0.014758906691957672,0.011670792318124013,-0.0027311267471336696,-0.0077791377665703725,0.33717036908357784,-1.9297379455950618,-2.1922148681567877,3.1413552597005645
-0.01475318344910125,0.011685739456761962,-0.0027560678678505376,-0.007771215736067137,0.33730785723825735,-1.9441540142249474,-2.1766790296488754,3.1565268222485368
-0.0147478300562988,0.011700508392750643,-0.002780310359665375,-0.007762732618604682,0.33733536677872183,-1.9579925578650632,-2.161070128389239,3.1707809588784097
-0.014742877406704791,0.011715471407353328,-0.0028042616540704586,-0.007753214662372983,0.3372005454298008,-1.9714343720445167,-2.1449559552904236,3.1841528711979237
-0.014737657590019687,0.011730624164470502,-0.002828683888510933,-0.007743729921766899,0.33712065824820603,-1.9850960313678676,-2.128596776781007,3.197884731666504
-0.014714131805136435,0.011789459569521413,-0.002926774464390441,-0.007710352391890377,0.3374244171134087,-2.03993527409564,-2.064937919994966,3.255555386660524
-0.014708624135735345,0.011804027990346718,-0.0029505363458578273,-0.007701168906033887,0.33734726948750243,-2.052884616571575,-2.0487565660003484,3.2687868536792535
-0.014703104396544186,0.011818772464494566,-0.0029744520641708256,-0.007691623184517537,0.3372523983426403,-2.0658001769769285,-2.032246242340935,3.2818863234283238
-0.014674381745571773,0.011893434135674586,-0.0030954431273634534,-0.007641906843397369,0.3365915843299992,-2.129786169874398,-1.947077971936462,3.346733837063486
-0.014691942915460074,0.011848649867526333,-0.003022671372908629,-0.007671733842066235,0.33695993574591143,-2.091519215970196,-1.9984284278874327,3.3077968631559465
-0.014686290195553705,0.011863795499881709,-0.0030469952155179583,-0.0076613845404717796,0.3367711625814982,-2.104330011528663,-1.9811076609943594,3.3206197190115714
-0.01468042506953846,0.011878764926750265,-0.003071310347665887,-0.007651406425251617,0.3366523905955354,-2.117111803734765,-1.963946080649955,3.3336205738814395
-0.014666634575187064,0.0119502260691692,-0.00316787476789882,-0.007580467038890412,0.33257564950912993,-2.1617313424018967,-1.8782847493174508,3.3656916107173154
-0.014672555255776182,0.01193551925621276,-0.0031442532290221286,-0.007590730126448383,0.33274760855716656,-2.1497646251320908,-1.8954603941787465,3.3535927331738606
-0.014685487616998902,0.011906461098497455,-0.003095799865957939,-0.007608676923871855,0.33277587190885516,-2.1244701481419916,-1.928821434539513,3.3267707590168594
-0.014679264995444035,0.011921057575899313,-0.003119818590935118,-0.0075993402432812775,0.33268993630905963,-2.136962368272463,-1.9120843568138444,3.3398048412610954
-0.014635948972650283,0.01202323428975799,-0.0032857337937417974,-0.0075289370814515194,0.33166670118305497,-2.220217866533604,-1.7916329926989778,3.425243162345847
-0.014643029055596503,0.012008395250563011,-0.003260810455966786,-0.007538530425626467,0.3316893670777883,-2.207785780905961,-1.8093608359986166,3.4119380227747995
-0.014647361328820042,0.011993243274026032,-0.0032391162799972092,-0.0075523351329900715,0.3324028268479831,-2.197845568795781,-1.8276723973391993,3.403649896444216
-0.014662762510825465,0.011989772393051304,-0.0032151928031437862,-0.007534593412756846,0.32918733335326356,-2.18117113428916,-1.8299892997443514,3.3745119551530878
-0.014670324626973985,0.011977905654718525,-0.0031927533643041042,-0.007539120640726842,0.3287156555511385,-2.169118889116764,-1.843556941074126,3.35998847103019
-0.014637336478983758,0.012048622423145234,-0.003310049808198487,-0.007492969068527146,0.32844698504027364,-2.227577520796461,-1.759925268279026,3.421984243677202
-0.01464558867952997,0.01203688449337119,-0.0032869815027270865,-0.007496962718775522,0.32787353483895737,-2.2153407616842835,-1.7737342515514687,3.406787549350453
-0.014677814327579669,0.011963619638842854,-0.003167812100949945,-0.007546744340794303,0.3285390665715295,-2.1560907356606154,-1.8599734354643942,3.3453712979232155
-0.014714017602212134,0.011831072698091631,-0.00297521310514216,-0.007659718147953285,0.3336108078092856,-2.0612335410238836,-2.014353189766948,3.2632145202363945
-0.014708934164218248,0.01184608472289389,-0.0029986359841222138,-0.007648984170151509,0.33331796772690403,-2.0735289422420995,-1.9974081502464316,3.275132445394179
-0.014538633743121115,0.0122642069725182,-0.0036542675274822017,-0.007325237733419153,0.3241182328732845,-2.3817402727256116,-1.4898841016282514,3.577943727523329
-0.014537549168975823,0.012281086698134974,-0.0036707416902126977,-0.007302101799942938,0.32207354340288036,-2.3855888880421756,-1.4687768500581,3.575712559053169
-0.014548564054282283,0.012251510296308624,-0.0036285666759084748,-0.007330760572901622,0.32354817028234156,-2.369466103075197,-1.5067307414597582,3.5622961560147215
-0.014626628479466483,0.012081403818568311,-0.003357665651426586,-0.007463796613393205,0.32710364585137697,-2.2489103136808812,-1.719984555649556,3.440512737711973
-0.01463722474567494,0.012065249603847611,-0.003327096488679407,-0.007470784123313269,0.3265119769004241,-2.2331839730202354,-1.7393168405066848,3.4215145880965627
-0.01456591745122287,0.012240668962845548,-0.00359390544545824,-0.0073237746490415504,0.32112425982304643,-2.3499471447758324,-1.521720961743467,3.532264211213556
-0.01456791732923777,0.012211058974121128,-0.0035640588876563605,-0.007363373026033041,0.3244921352390145,-2.3419769516942206,-1.558592012008422,3.534469519087054
-0.01457747112055981,0.012226772811854348,-0.003564873673625815,-0.007328480775603822,0.3203738359270718,-2.3356026410323927,-1.5397221020369842,3.5135967382380042
-0.014577329156228303,0.012194696902700725,-0.003535545703686781,-0.007374090549105212,0.32443499324288405,-2.3288983926512508,-1.5794347560267143,3.5197498836312273
-0.014633797203060532,0.012097574695830143,-0.003364038355245232,-0.007431902320589197,0.32356040729727137,-2.2467069355181173,-1.6996186086198308,3.426036279107444
-0.014593529296227953,0.012183147696384415,-0.003501961901350151,-0.007368736395918721,0.32226020267833116,-2.3099311741342983,-1.594348740496924,3.4913412891783593
-0.014605385854398932,0.012169449118994043,-0.003472534220074632,-0.007371970772917563,0.32132715786216326,-2.2947515550819015,-1.6115007457030248,3.471298787480548
-0.014623508648756365,0.012126091880792758,-0.003406003380184697,-0.007407211529961413,0.32249940053873866,-2.2652406725068204,-1.6648514636187788,3.4427617294227453
-0.014638675621594955,0.012114613733510346,-0.003374165072069613,-0.007402081179400455,0.320496823001887,-2.2468474938489362,-1.678510799957017,3.415627326575962
-0.014615836450386612,0.012156106608731287,-0.003445410453636519,-0.007376382426364988,0.3206443924879298,-2.2809281982002996,-1.628005130725202,3.453631606590434
-0.014628830332020707,0.012143433488887708,-0.003415448745200549,-0.0073762340099589,0.3192927853166471,-2.264626020572951,-1.6435067246004553,3.431027889248566
-0.014408141938037893,0.012536870114888602,-0.0040686683631879356,-0.007070082888724114,0.3133789927734019,-2.5299728120786997,-1.124165159870232,3.7170705398246473
-0.014412186499994449,0.012507501325738591,-0.004041439083510048,-0.0071114880857728715,0.3169341335012765,-2.526958178369576,-1.1610588637839208,3.7243314761712507
-0.014420773543009786,0.012524077532397697,-0.004039917242577435,-0.007075953867046593,0.3127341317750188,-2.5179585379102103,-1.1439490525397966,3.7004824430246224
-0.014424200518533995,0.012475522958978202,-0.0039992575542798095,-0.007147552661312629,0.31915746268225725,-2.5153332169369786,-1.203970478492307,3.717349593644749
-0.014433254592140295,0.012464661576983756,-0.003977093162645814,-0.00715388565481146,0.3188439132927292,-2.5061876716488958,-1.2200539815139058,3.7054812238453008
-0.014478899952013928,0.012379011138774735,-0.0038403459854529777,-0.007230309083346049,0.3214391210239054,-2.4564660230025903,-1.3373687315231706,3.655188311481566
-0.014472253059400544,0.012394396893490665,-0.003862803237782233,-0.0072151377871717826,0.3207084801666507,-2.464279615350078,-1.3168661832634478,3.661921472411804
-0.014463527953502005,0.012408542978174343,-0.0038873131935547246,-0.007204182715929242,0.3205710807072639,-2.4739343622541363,-1.2973188789565688,3.672763981341657
-0.014454952810833218,0.012419723489224136,-0.00390919716191012,-0.00719739831614859,0.3207995856453564,-2.4831431495184395,-1.2813516073104445,3.68431330704531
-0.014443921800779934,0.012451441134418713,-0.0039506319619485655,-0.007161823052646544,0.3185607426756107,-2.495273252320373,-1.2393606920483273,3.6915200953923457
-0.014454128239514334,0.012436228069658207,-0.003923307770679701,-0.007173148765555804,0.31858873927357584,-2.4846016034633,-1.2608365124335263,3.6790377854602268
-0.014422667709192542,0.012491568628878217,-0.004013505211065322,-0.007124384701013816,0.31709418209828794,-2.5167686218541134,-1.1838953086405095,3.7126620906471994
-0.014495580437428384,0.012374714295451603,-0.003811810035830509,-0.007216424494363812,0.31853795320734996,-2.439271056703569,-1.3462230299931945,3.625623190100973
-0.014546393445480294,0.01230025580946375,-0.003674551483088495,-0.007263005598104136,0.3176904132994865,-2.379588609849911,-1.4462641703352632,3.554280055602922
-0.014512566617056256,0.012363906994586935,-0.0037776934373047392,-0.007211746458655937,0.3164565447369733,-2.4212118966783223,-1.3628876580513927,3.597839578911367
-0.014535480117513577,0.012314620806125337,-0.0037027544255641685,-0.007255843920279589,0.3181036775014289,-2.3925779542298677,-1.4271092156759477,3.5705833184589686
-0.0145235824154219,0.01232860696900382,-0.0037320569758016353,-0.007250239883078984,0.31880478753027536,-2.406320492446541,-1.408109502045576,3.5885692358551133
-0.01452909804534208,0.012349505034790964,-0.003741427296446189,-0.00721268270189767,0.3148728539297492,-2.403175221749351,-1.383484208348267,3.5720011583934217
-0.01428758844461074,0.012761635444899956,-0.004401321521465163,-0.0068335540272354165,0.3021582095652549,-2.6171922363527993,-0.806331073262421,3.7935417709016224
-0.014314011117093555,0.012730814028639636,-0.004341289457182654,-0.006858473838580169,0.3022407420645203,-2.598521054215465,-0.8555654176516118,3.769209779100938
-0.014308111946350847,0.012748400351750646,-0.004360598485014075,-0.0068355531956613615,0.30051276217895934,-2.6006921548797135,-0.8325250747548116,3.767350872449943
-0.01432691682347419,0.012720310350151452,-0.004314439743967329,-0.006862876680719444,0.30148252551583776,-2.5882297599788004,-0.8742154429630276,3.7538028041055225
-0.014338461653395727,0.012699072626531124,-0.0042835923947357165,-0.006885740983362345,0.30262623500511593,-2.5808926390698588,-0.9041821278211266,3.747602823734206
-0.014400959286788655,0.01256676606368738,-0.004100571438214979,-0.00703109671961999,0.3104178147986479,-2.535424960748479,-1.085786657038035,3.7145216354201893
-0.014413603555511106,0.012554191022086974,-0.0040721568294682835,-0.00703694332463639,0.30976444301421685,-2.5237163112551104,-1.1054821527625245,3.6982517795777086
-0.014407482941748977,0.012581963317351192,-0.004100574688787808,-0.007000164796889592,0.3069964259820122,-2.5279977211131883,-1.0703547185527398,3.6947122242006794
-0.014402935466250474,0.012596255634990788,-0.004117188657332149,-0.006982639818837253,0.3057766416193895,-2.5313447786082324,-1.0518178117968426,3.6951188813261635
-0.014394429178419405,0.012612987820931966,-0.0041414779943683465,-0.006965380107708585,0.30494898009424004,-2.5381418128431874,-1.0288567891428284,3.7009985004639674
-0.014361508699187479,0.012685476094851822,-0.00423862653818247,-0.006884422237421395,0.3003920280116344,-2.561115932767948,-0.9307611591143293,3.7161004364098282
-0.0143800657475577,0.012668922436947956,-0.004199189287685665,-0.00689192497682957,0.2994290579244275,-2.5457478271458154,-0.9581425144284247,3.693915192116321
-0.014395014524258978,0.012651061893217035,-0.004164637921961599,-0.00690479122964967,0.2993310474957242,-2.5336759094576617,-0.9851123340367466,3.678408442325789
-0.014406905653503756,0.012632971891141286,-0.004134643092658332,-0.006920852645064993,0.2997753522789139,-2.524240814452456,-1.010869529363957,3.6679613262195807
-0.014832460166191046,0.011445423009342655,-0.002362497966863175,-0.007898590737601885,0.33587449741927916,-1.708994356871042,-2.415773078474643,2.915252492223017
-0.014836848405042588,0.011429906671527277,-0.002337367454712923,-0.007906540078035937,0.3357799798650691,-1.6933925281391744,-2.430400312341797,2.8995225192848775
-0.014840806898086445,0.011414393393687959,-0.002312602974714764,-0.007915045621545741,0.33578173968414177,-1.6780264040132344,-2.4451418000917577,2.884381456907415
-0.014844690033492482,0.0113991414991919,-0.002288200343358918,-0.007923251537509337,0.33578027174483044,-1.6627991962608804,-2.4595122837484635,2.8693354397342214
-0.014871229912801426,0.01136601854561537,-0.0022178677486046554,-0.007909107272976564,0.3313020456495572,-1.6144441451475442,-2.4788773057568174,2.804427421321458
-0.01486591999220766,0.01138104948486019,-0.002243282742909232,-0.007904042864666004,0.33172433612844227,-1.6308037755752187,-2.4661268702260712,2.8220860458176964
-0.014860742811867327,0.011395504723224004,-0.0022677670813162514,-0.007899125532954307,0.33213744702163367,-1.6465131589401094,-2.453748075727582,2.8390680084457656
-0.014794403961075482,0.011566083685870662,-0.002559993876318774,-0.007837250419029542,0.3368365380100016,-1.8294206578608974,-2.299234100151372,3.038664533211335
-0.014808328276219881,0.011520497353709231,-0.002486258425287753,-0.007862486367153428,0.33676213839715624,-1.7852250237341523,-2.3445425982680628,2.994132761174693
-0.014804040024706672,0.011535527619307378,-0.0025103115488385353,-0.00785383183317157,0.3367131742847746,-1.7996570069329947,-2.329577661386829,3.008439951533076
-0.014799462755022362,0.01155082502770502,-0.0025349513935947958,-0.007845207441174553,0.3367198502395126,-1.8144020081039252,-2.3143304764632115,3.0232088375527044
-0.014794608565156298,0.01160765110884439,-0.002612556677984433,-0.007791776156710552,0.33372737953434806,-1.8568689043226854,-2.2511813346638427,3.0541578045043853
-0.014806573228857839,0.011578657804456376,-0.002562939007977905,-0.007803614852555758,0.33305353152297984,-1.8269044295253123,-2.279059993206211,3.0214199094467706
-0.014800589042466105,0.011593489885643134,-0.0025881892061148278,-0.00779742046647871,0.3333706299303871,-1.8421587078629396,-2.264813415944966,3.037989492723327
-0.014845469490040708,0.01145799239741683,-0.0023661775956616417,-0.007863899885644647,0.3320291284411993,-1.7072884178074046,-2.3945664945234806,2.8983421092682544
-0.014824568356603214,0.011517444056262198,-0.0024653378191519526,-0.00783847962630927,0.3330999899342409,-1.7686861697846243,-2.3396612498444154,2.963409494211337
-0.01484066482595549,0.01147345767421015,-0.002391392102018998,-0.007856485757471292,0.3321833202037779,-1.7228768537705312,-2.3801678724898543,2.914376496866366
-0.014829917235816741,0.011503331448011238,-0.0024414567084576305,-0.007844114341016874,0.33277811539112384,-1.7539242900728385,-2.3527094575326086,2.94748734819893
-0.014835487958424409,0.011488638018096619,-0.002416560408497362,-0.007849808451832986,0.33242650493435405,-1.7384597444522283,-2.3661390826184294,2.9307706925981907
-0.01478130982439898,0.011652216926303482,-0.0026828497923586437,-0.0077640056539203745,0.3334597691544374,-1.897408516384327,-2.2050793144380254,3.093964007526313
-0.014789776112780395,0.011622040364644405,-0.0026359143555595922,-0.007783844742033738,0.3338017699637535,-1.870585073230444,-2.2366319700991437,3.0681726711962405
-0.014785992254876422,0.011636826875295195,-0.002658546123385832,-0.007773611572901182,0.3335163901579609,-1.8834556102042235,-2.221079841238059,3.080228377062784
-0.01480420720850744,0.011617927391842562,-0.0026149208474229644,-0.00776488650071303,0.3306210280165537,-1.8548778867847067,-2.2350348353275313,3.040554107756687
-0.014878818034954578,0.011277421827286608,-0.00208861992857202,-0.007977093555564188,0.33406710998226513,-1.5346911219643988,-2.567018289335309,2.7380037932621857
-0.014874391009610738,0.011292486806665442,-0.0021136597689393635,-0.007971394542439746,0.33440721406868906,-1.5510744004424886,-2.5543712496794586,2.7551409292699205
-0.01487027155721725,0.011307524724791823,-0.002138345695419336,-0.007965005747306601,0.3346418376253218,-1.5670968523579398,-2.5413851564871908,2.7715873234963246
-0.014876117167644415,0.011350452050353878,-0.0021920906176753946,-0.007915224731230325,0.3309940772559468,-1.5979005166873332,-2.4922985095852694,2.787052415689431
-0.014880472918447477,0.011334363119848048,-0.002166049013879213,-0.007922562571917589,0.33078968455339414,-1.581249443755085,-2.506449042626228,2.770128092987711
-0.014883295996465843,0.011318445599208025,-0.0021415835157555445,-0.007932228752119656,0.33097324382549814,-1.5658340501806618,-2.5212700613774897,2.7557567535186203
-0.014906056353372268,0.011169690109039178,-0.001912262602384871,-0.008020729277998863,0.3322415602940851,-1.4180592253351276,-2.656271458394066,2.618849732254549
-0.014883154681807785,0.011262112284589933,-0.002063281998304484,-0.007982995035363283,0.3337361060642245,-1.5180707896176395,-2.579823010856561,2.7207248854447847
-0.014893700261460864,0.011215533752279114,-0.0019882187477638894,-0.008004589536229548,0.3333351037945321,-1.4688709248435983,-2.619779703573149,2.6717390930702467
-0.014890501473990155,0.011230967662755829,-0.0020128914167848867,-0.00799708261303462,0.33339716813686554,-1.485066920474824,-2.606464493137809,2.687632572362073
-0.014887137407715308,0.011246562173527755,-0.0020378754456033643,-0.0079895581154465,0.3334879708928978,-1.5014100192010333,-2.592971142590955,2.7037471789092247
-0.014919125999938143,0.011181277235404978,-0.0019181293104229434,-0.007987727186432987,0.3286763113681977,-1.419026547286559,-2.6349988646045532,2.60537392261508
-0.014914471326217838,0.011196529335698752,-0.001943694236418847,-0.00798344656668122,0.32915643175203174,-1.436235471244907,-2.6234559230569854,2.6237747287182245
-0.014909743857086185,0.011211282107896759,-0.001968590624283931,-0.007979536819686904,0.3296657688862801,-1.4529746398704404,-2.6122921443739497,2.6418332529765425
-0.014915732948040652,0.011122959152824416,-0.001836847182306643,-0.008040842964474054,0.33170408128033607,-1.3674667489110932,-2.6943127112434513,2.5684781874349962
-0.014912829504205747,0.011138450194678564,-0.0018616547463498176,-0.008033800005499895,0.3318119703920859,-1.3841325488051888,-2.6816067240740566,2.58483032701227
-0.014909754514610102,0.011154079675174573,-0.0018867449976336253,-0.008026782602766293,0.33195099556309854,-1.4009355136185737,-2.6687617386062477,2.601407406472489
-0.014940544939075305,0.011088283824055446,-0.0017671468685822478,-0.008022577733917895,0.3269669820780485,-1.3171328924898011,-2.7073337683959378,2.501661228639666
-0.014936164526610103,0.011103578375216203,-0.0017927372331567866,-0.00801883997810416,0.32749122076950427,-1.3347208172073992,-2.6965091841481876,2.520447609184299
-0.014931697866910953,0.011118404689460348,-0.0018176987287814729,-0.008015444717037962,0.32804237694073696,-1.3518563897975941,-2.6860244259787507,2.5389075471923217
-0.014944574091963808,0.011072535633302646,-0.00174114083045199,-0.008027116411053562,0.3265296516172321,-1.2992720522491945,-2.7186929348128714,2.482963326629992
-0.014939944220643457,0.01101448097846812,-0.0016589381508744958,-0.008078153307665746,0.32932247911390583,-1.2454105578890688,-2.7757397359613347,2.443666958295474
-0.014950425893125929,0.011040106621920115,-0.0016892839793417255,-0.008040356795997418,0.32614140686718424,-1.2638449730976422,-2.7435764608501283,2.447911674131342
-0.014948213447129722,0.011056270925426326,-0.0017146399297762029,-0.008032562700514613,0.3261545565771152,-1.2810869164175172,-2.7306726024932932,2.464343207622307
-0.014952750156259312,0.011024872592470774,-0.001665156184069948,-0.008047096435954812,0.3260105485696246,-1.247310929159733,-2.7554215450724233,2.4318835616112984
-0.0149489069395489,0.01096785375145376,-0.0015829588436139968,-0.008094186674968558,0.32839157070004554,-1.1925269405284462,-2.8095674277305895,2.390282006529126
-0.014946137073503235,0.010983363437680319,-0.001608123057760233,-0.008088637974706778,0.32865145126365714,-1.2100772614886015,-2.7982868243423007,2.407844616789109
-0.014943251685693562,0.010998977702546287,-0.001633483304655415,-0.00808305429963898,0.3289378837675289,-1.2277104079486616,-2.786860578002234,2.4255365457967106
-0.014964686120522888,0.01096274379739384,-0.0015645725476465203,-0.008068341482204791,0.32478693303351686,-1.1773903890232342,-2.8000716531949448,2.3613137547831715
-0.01499753324023817,0.010157039844353498,-2.6175338979205626E-4,-0.008329077914321937,0.31721784152188326,-0.20441439349907223,-3.2780969887545672,1.4330348266937571
-0.01501171083681211,0.010149622308772128,-2.4785783357737134E-4,-0.008301029710126244,0.31026842245375047,-0.1979846056004659,-3.262511630784434,1.412763160714011
-0.014998001866155191,0.010141341239237565,-2.3558226109848625E-4,-0.0083298591705696,0.3171521466763238,-0.18380396701202115,-3.2831801727665315,1.4123017989535347
-0.014998421182633165,0.010125641080081594,-2.094039828857741E-4,-0.008330558404068685,0.31725555376629777,-0.16311579981341948,-3.2881453821705957,1.391546584198097
-0.015012174147114551,0.010133855330118789,-2.2174393357610387E-4,-0.008301731186032888,0.30960376607978196,-0.17746391661540015,-3.2674999970429357,1.3921576773916922
-0.01499879118445591,0.010109939502481565,-1.8323217340638972E-4,-0.008331175173285145,0.3167725284679163,-0.14240555038093244,-3.2929834874261323,1.3707859038170433
-0.015012571892620641,0.010118075166058718,-1.9560954076629894E-4,-0.008302381784369818,0.30902514018540034,-0.15688182563606298,-3.272393951768096,1.3715130579158037
-0.014999111866663509,0.010094236641409177,-1.5705719475422777E-4,-0.008331709684269384,0.31632598966259456,-0.12167320615511538,-3.2977002818906285,1.350018641499939
-0.015012919736068686,0.01010229790676313,-1.6947941875955234E-4,-0.008302949496734676,0.30853997649050063,-0.13626432174583777,-3.2771673830040307,1.3508371602873739
-0.014999901308554829,0.009968584960421896,5.23834766400623E-5,-0.008333025115010547,0.313305533906442,0.04470279908224161,-3.331077440861821,1.1832965037342436
-0.015013845021026248,0.009960645349810277,6.514345822265746E-5,-0.008304307583496205,0.3039608797146072,0.050236023324143286,-3.314549773497616,1.1641353388959035
-0.01499977794963127,0.009952878302440085,7.857177113211414E-5,-0.008332819524917994,0.31353662055891224,0.06577070257100916,-3.3347163720516364,1.1623875603994531
-0.014999975326556125,0.009984292236633437,2.6172883308792093E-5,-0.008333148549190893,0.31236301791021814,0.02362043579072821,-3.3273348196524797,1.204245507685264
-0.01501398339863104,0.009976401326541979,3.904799270086734E-5,-0.008304401505311261,0.304694685267939,0.029392290568259417,-3.310821091290969,1.1849553237776707
-0.015,0.01,-3.788356425649594E-8,-0.008333189690200056,0.31156791061351635,0.002630001558569276,-3.3234886107032438,1.2252183709480815
-0.015014030403052847,0.009992161068009467,1.2949316514414503E-5,-0.008304494514001412,0.30554102235790753,0.008617310372740836,-3.307021827244487,1.2057633108770818
-0.014999975326556125,0.010015707763366568,-2.622741349600272E-5,-0.008333148568999839,0.31172773744012827,-0.018197444843922342,-3.319526106375813,1.2461663405770074
-0.015013986380723965,0.010007909835979866,-1.3132271507602727E-5,-0.008304585167737492,0.3062739109764427,-0.01209801014876627,-3.3031557562382265,1.2265488645307794
-0.014999901308554829,0.010031415039578105,-5.238611451038211E-5,-0.008333025324785954,0.31328218488045706,-0.038869918481916996,-3.3154325350044522,1.2670355266489712
-0.015013878353235728,0.01002363279593946,-3.917590539596046E-5,-0.008304621221843304,0.3066836293934549,-0.03278009189792699,-3.2991919513312333,1.2472978136327144
-0.014999777949631272,0.010047121697559922,-7.853070961237945E-5,-0.008332819970410925,0.3153522813035926,-0.05948749228378233,-3.311195392784569,1.287810167540773
-0.015013747148414512,0.010039333431851113,-6.518723333203597E-5,-0.00830452465601538,0.3067847589538792,-0.053468856577101424,-3.2950782372263094,1.268008657501757
-0.014999605253615366,0.010062827605569669,-1.0468983026579427E-4,-0.008332532283289182,0.31650957273733843,-0.08016042707106157,-3.306815277079337,1.3085322015935634
-0.01501361012387023,0.010055037037390366,-9.120334386471066E-5,-0.008304262626280097,0.30690969256791667,-0.07418697442280318,-3.2907918272843975,1.2887052144291253
-0.014999383224542409,0.010078532631204675,-1.3087129345861937E-4,-0.00833216212420723,0.316493491863122,-0.10090911823427602,-3.302310657214264,1.3292611253424782
-0.01501344411539359,0.010070767472559044,-1.1725949642052673E-4,-0.00830387917104987,0.30733186045392374,-0.09491379852806942,-3.286359151295336,1.309412605911235
-0.01501321594371177,0.010086525925272536,-1.4335843392956647E-4,-0.008303437827076229,0.30796282297741057,-0.11561172204970206,-3.281816115917252,1.3301309902120464
-0.014994450670793703,0.010235504770669994,-3.925028819336751E-4,-0.008323940992800465,0.3205541423681245,-0.306960230339739,-3.250828429190778,1.5357928653186848
-0.014993686313349191,0.010251191169966171,-4.1866842201604247E-4,-0.008322666122644734,0.32004896225180257,-0.32745152274785516,-3.2450312346121066,1.55635738002245
-0.01500809226052756,0.010243930325510292,-4.0405672145977367E-4,-0.008294747242216733,0.3131124125490122,-0.3204020396722264,-3.229851390163556,1.5355934367781128
-0.014914369853492293,0.009078604893063712,0.0015356499266927285,-0.008190472131364939,0.29797839668797405,1.2566498153721233,-3.3413393200641326,-0.01760208487991307
-0.014917240572168871,0.009094050136367162,0.0015098985826049332,-0.008195258222285394,0.2973603267502904,1.235378856228516,-3.344597768295001,0.0032372320441839404
-0.01492953852896703,0.009083752725507606,0.0015174396591303904,-0.008164274868935355,0.2892343616002812,1.235425031198779,-3.3245812191119826,-0.010304718785063222
-0.014920062725815756,0.009109504197630083,0.0014841103619661056,-0.008199967509134638,0.29567919868959974,1.2140649424264498,-3.3477628408376074,0.02414741100680214
-0.014932413056412094,0.00909925273895313,0.0014917607981477247,-0.008168982036216523,0.28954884014791543,1.2142403894458702,-3.327788173325757,0.010490433408681887
-0.014922836286880736,0.009124966919156603,0.0014583328265926516,-0.008204591327253707,0.29553640258858743,1.1928393289511368,-3.350813976131942,0.04509227689918365
-0.014935191469951757,0.009114774050544014,0.00146607978921058,-0.00817370449363154,0.2898441827280697,1.1931049516539873,-3.330923254454099,0.031303183393003337
-0.014925561228420125,0.00914043814353798,0.0014325714050449328,-0.00820912871887692,0.2969299341293809,1.171667346002447,-3.353722170413272,0.06602445871113452
-0.014937910948720344,0.009130297772179238,0.0014403964104463523,-0.008178361242789279,0.2896975052876624,1.1719596675894584,-3.3339380736834276,0.052123839168129064
-0.015013642181825123,0.009944899445916736,9.122737566230568E-5,-0.00830416166045801,0.30355826451073004,0.07113282866394587,-3.318175629438113,1.1433068087794742
-0.014999605253615367,0.009937172394430337,1.0472643906472762E-4,-0.008332531962542281,0.3122569693308889,0.08674076012228445,-3.338231613518774,1.1414902011944787
-0.01501341944741956,0.009929163581547057,1.1729658120394278E-4,-0.008303877703958363,0.30348130229594966,0.0920331388423012,-3.3216454229152084,1.1224664634548505
-0.014999383224542409,0.009921467368795326,1.3086799041472157E-4,-0.00833216229773217,0.3101836867839162,0.107642841040081,-3.3416050359498204,1.12054861984069
-0.01501319425677474,0.009913432101612015,1.4335382853783278E-4,-0.008303421280884597,0.30331428915790454,0.11289664511341461,-3.3249328778081764,1.1016108957088273
-0.01499911186666351,0.009905763358590827,1.5703469457403204E-4,-0.008331710019008787,0.30933767349112073,0.12861292489612575,-3.3448462889600656,1.0995363042157893
-0.015012927672872179,0.009897692790660276,1.6941860955524198E-4,-0.008302866295598831,0.3027166886609127,0.133757247355352,-3.328082790319462,1.0807358308212827
-0.014998791184455908,0.009890060497518439,1.832315112072124E-4,-0.008331174993762954,0.31015514326799953,0.14972453670700323,-3.3479777917811577,1.0784904308107208
-0.01501257316309835,0.00988193995331142,1.9550720707559382E-4,-0.008302302231657973,0.3019182341953077,0.15468381125697303,-3.3311569800527754,1.05983731986233
-0.014998421182633165,0.00987435891991841,2.0942311440164409E-4,-0.00833055787691877,0.3109242755344582,0.1708947873418992,-3.3510047689597635,1.0574658426060566
-0.01501213665449095,0.009866183479166292,2.2160806119365681E-4,-0.00830171870327292,0.3013829125087079,0.17568948517488894,-3.3341527865584353,1.0389176257487798
-0.014998001866155195,0.009858658760762437,2.355822365700686E-4,-0.008329859293007379,0.3101922615325892,0.19199859573916314,-3.3539132129698204,1.0364692570870073
-0.015011663097898635,0.009850435768867499,2.476964790696608E-4,-0.008301030022785082,0.3011987339083964,0.19672225567114712,-3.3370123711188597,1.0179829574214736
-0.01499753324023817,0.009842960155646504,2.61722941361665E-4,-0.00832907893654802,0.3085941554216527,0.21302162048281661,-3.356693946427764,1.0154615717690452
-0.015011174238063854,0.009834697569324159,2.7376450800540073E-4,-0.008300194456891173,0.3009968661645252,0.2177389338938933,-3.33970100577471,0.9970377500425457
-0.014997015310364325,0.009827263240783757,2.87875258152981E-4,-0.008328216001223465,0.30784129352793405,0.2340495871060203,-3.3593568096170885,0.9944176322474224
-0.015010644676334629,0.009818958752561568,2.9983014443610675E-4,-0.008299259874790391,0.30054783980244165,0.23876344875073027,-3.34224842396479,0.9760811271907482
-0.014996448082291579,0.009811568152997377,3.140353113955955E-4,-0.00832727064517487,0.30778864724681165,0.2551111193210935,-3.3619077628442504,0.9733525919803346
-0.015010056177192607,0.009803214296215853,3.2590657366320385E-4,-0.008298260564347596,0.3001384306451432,0.2598273976449556,-3.344686789769479,0.9551117664851639
-0.014995831562063067,0.009795875029713486,3.4017625259077136E-4,-0.008326243819565298,0.3068100401434013,0.27614616011366033,-3.3643294624389664,0.9522735046700427
-0.015007765257995277,0.010592672476610504,-9.693394038989244E-4,-0.008190407178301419,0.3186023924826675,-0.748252602224274,-3.040796026144914,1.9400676462078454
-0.015010186987127966,0.010577020083942769,-9.434958543060231E-4,-0.00819224194373258,0.31799369873372846,-0.7289111525541477,-3.0483223573250506,1.9199655634416362
-0.01501231647775506,0.010561087139233372,-9.173174690339044E-4,-0.00819457838317271,0.31743778307555454,-0.7093025403159628,-3.056164669764248,1.8998579579790278
-0.015015133827148976,0.010529272510851622,-8.65547906800385E-4,-0.00820148768654526,0.3166815882599335,-0.670490297686498,-3.072878636120984,1.8612760942914257
-0.015013881684371462,0.010545062709521094,-8.911993288950249E-4,-0.00819786487204188,0.3170143255185167,-0.6897360511363507,-3.0645062649627373,1.8802908000054614
-0.01501674139721084,0.010513647881071017,-8.400029025886416E-4,-0.008204175520292496,0.3162287215517652,-0.6512495351498235,-3.08058584442006,1.8418727528620489
-0.015000385734515632,0.010655437632049876,-0.0010717816932538388,-0.00817672925456686,0.3202631547996768,-0.8242663073304396,-3.006354620822058,2.016493727622404
-0.015002572660618892,0.010639637772685338,-0.001045882812782622,-0.008179805053675838,0.3197693935933,-0.805096060203003,-3.014926241739786,1.9969740675272618
-0.015005625505567747,0.01060824266046074,-9.949230117452577E-4,-0.008187880909569139,0.31910045734817,-0.7673361467501533,-3.0328370415557875,1.95961171013184
-0.01500411610311655,0.0106238758368999,-0.0010203096773155399,-0.008183927675245886,0.3194332142681822,-0.7861740680690725,-3.023985942859573,1.9782630545288253
-0.015020841075029137,0.010602099282726318,-9.7867230544605E-4,-0.008161075077895945,0.3156312296761586,-0.7538165373994462,-3.0206306810763546,1.9325457628720286
-0.014987440136951663,0.010749001197944521,-0.0012246600713418261,-0.008154785370534108,0.32277531422495004,-0.9364185630386078,-2.952006953515944,2.1298110862505273
-0.014989708709267293,0.010733316125406393,-0.0011990483818473997,-0.008158719695536864,0.32235082589345126,-0.917748141635089,-2.9614358727081087,2.1109616289312867
-0.014995613507808191,0.010686541288078234,-0.0011229326425561132,-0.008171044205951121,0.32127565271209807,-0.8620356784417983,-2.989449982365834,2.055268975593141
-0.014993660085294574,0.010702019716085245,-0.0011481507775264277,-0.008167140303281167,0.32164071261264304,-0.880546316988588,-2.980341553989526,2.0738164572371556
-0.014991786701579697,0.010717609169521636,-0.0011734716224639432,-0.00816285235945931,0.3219841740582477,-0.8990712150900491,-2.970908452343173,2.0922456813268417
-0.01501403409555039,0.01066534782150236,-0.0010809163821825058,-0.008145803877349951,0.3171130901586532,-0.8294138417013218,-2.985264204627855,2.00787140744302
-0.015010997647013599,0.010680613118314154,-0.0011061895330860534,-0.008144363064148825,0.31775732627846276,-0.848123680522875,-2.9777574486663068,2.027694858696219
-0.015002575352417365,0.010338394210593469,-5.605100979914411E-4,-0.00828570545191505,0.31650782373030567,-0.4416261052717907,-3.1929263505082583,1.6575995473133547
-0.014989125709257183,0.010329582549946167,-5.493276934813827E-4,-0.008315064072383279,0.3223438162776976,-0.42919449399320514,-3.214210181714781,1.6585964702253913
-0.015003651169928389,0.010322651208885958,-5.344320565267108E-4,-0.008287356492037953,0.3156580150759903,-0.4215470604731823,-3.199335868249619,1.6373371647188921
-0.014990136311907442,0.010313910160050259,-5.231759653254407E-4,-0.008316750533285063,0.3231505784006613,-0.40884530306756045,-3.2206193912370007,1.6381478927697817
-0.014991097682117146,0.01029823468538191,-4.970296677401693E-4,-0.008318354208797663,0.3236630967096619,-0.3884539371739561,-3.22692087166264,1.6177259599901006
-0.015004638126548772,0.010306886662758927,-5.083269235518325E-4,-0.00828900458838019,0.3148233309647541,-0.401380001075965,-3.205683301770659,1.6170294170186874
-0.01499287269095979,0.010266875049167085,-4.4479506349663823E-4,-0.00832131087881028,0.32132374032839806,-0.34780442280182533,-3.239129872264076,1.576878947982826
-0.015007266860821737,0.010259675118782334,-4.3013830025184465E-4,-0.008293504144957596,0.31367892283730386,-0.3406677190846139,-3.2240365912146136,1.5560178928772077
-0.014992009811233265,0.010282556267937627,-4.7090414222197293E-4,-0.008319874209415379,0.3230970108679004,-0.3681052981269965,-3.233096822358599,1.5973219523460915
-0.01500641312071472,0.010275400061574612,-4.5618718562151424E-4,-0.008292140941566571,0.3138920207389319,-0.3609088796808036,-3.218074211575047,1.5763798478226934
-0.015005547726014782,0.01029113102733355,-4.822390193045542E-4,-0.00829062150924567,0.3141927883779077,-0.3811526391527305,-3.2119437738019703,1.5967059869347489
-0.015016340146023188,0.010347331585067626,-5.716849063100454E-4,-0.008256426109149326,0.3150268936189528,-0.44716662461392415,-3.172463669700065,1.6501272603700337
-0.015015014358462725,0.010363033614278124,-5.975840925316099E-4,-0.008255022243224934,0.3155612406991875,-0.46713135454034543,-3.1661669625705,1.6704230602461703
-0.015013792561324166,0.010378744333825277,-6.234620712926332E-4,-0.008253231064904722,0.3161576933589147,-0.4870256583218439,-3.1595661762065093,1.6905134028001585
-0.015018606933770863,0.010497877746818651,-8.141151993398326E-4,-0.008206234558700953,0.31568681733228043,-0.6316962231012077,-3.0879135620608253,1.8218837390703528
-0.015020069263925863,0.010482022078779664,-7.882178401428572E-4,-0.008208931834351396,0.3152292890123356,-0.6121231283512955,-3.0955649728625327,1.8022199565975614
-0.015021183120481224,0.010466372510572192,-7.627482917643133E-4,-0.008212061236905722,0.31486992389829366,-0.5928496259868604,-3.1033190413419987,1.7831261309416229
-0.015022583073220548,0.010450865790704929,-7.373930232332824E-4,-0.008214406155883843,0.31441459533719124,-0.5735984052716047,-3.1104984037082395,1.763730998769973
-0.0150242426985596,0.010435236034674675,-7.117435614750878E-4,-0.008216105640887346,0.3138770500948231,-0.5540734015828832,-3.117273920105688,1.7437851272187412
-0.015025713530257606,0.010419447264647407,-6.858866204514837E-4,-0.008218046953017333,0.313367639665374,-0.5343653412846975,-3.1241740748541713,1.7238045790673924
-0.015026873040715682,0.010403602226291372,-6.60017124952307E-4,-0.00822043683657656,0.31292025172652455,-0.5146261421315078,-3.131287205524602,1.7040484138595084
-0.01502777585621791,0.010387786261094425,-6.342478714738034E-4,-0.008223142771129793,0.3125343561496044,-0.494935755295204,-3.1385099302717308,1.6845384627493143
-0.0149556303573751,0.010936822582366572,-0.0015317117531963248,-0.008102554711692635,0.3274804176153136,-1.1564370660707863,-2.8305833004131062,2.3529154860975106
-0.01495860625390759,0.010920997756345571,-0.0015058345100646409,-0.008107394693640241,0.32709044004573057,-1.1381858806942091,-2.84145243429456,2.3343735733761943
-0.014968847618169481,0.010947588452361927,-0.0015391177772770207,-0.008070775091056033,0.3241587660981815,-1.1593544834595375,-2.809465592901376,2.3418595239122237
-0.01496629371023981,0.010874123062340596,-0.0014296878381813776,-0.008122774121847545,0.3261862072115523,-1.0842500802142856,-2.8737380106890638,2.2803731571503927
-0.014963692396438683,0.010889540019515474,-0.0014548167467181008,-0.008118029765188085,0.32651091774009305,-1.102119035010593,-2.863346178066578,2.2983778089904168
-0.01496119557709955,0.010905164004787304,-0.0014801575166669028,-0.008112782373252232,0.3267998807882535,-1.1200604730446713,-2.8525247051426668,2.3162798084900182
-0.01498197313405031,0.010868706128593484,-0.0014117837497408623,-0.008096609540331395,0.32260798058241086,-1.0694409490883787,-2.8634871670761233,2.251764553828895
-0.014986038155020595,0.010853490377506528,-0.00138619570998158,-0.008098191520531553,0.32190049599997717,-1.050986141748128,-2.871998649172509,2.2317345646268016
-0.01499005768987126,0.010837314260069161,-0.0013591739496113993,-0.008100249929736852,0.3211992027011057,-1.0314922977675949,-2.8811276345783052,2.2107999860664194
-0.01499227895181113,0.010821019963429457,-0.001333007325863711,-0.008105572153466583,0.3209449098069736,-1.012789286186169,-2.891869283896765,2.1922801574021857
-0.01499617296639892,0.010789903228806835,-0.0012831166547634717,-0.008115867091315385,0.3204103045264257,-0.9769732337368818,-2.912270627342481,2.1570084395169995
-0.014994192200044942,0.0108053153134218,-0.0013078779059544877,-0.008110951462740575,0.3206645223939311,-0.9947722428594269,-2.9022993916945428,2.174606784301014
-0.0150013751884193,0.010758649343942862,-0.0012321581575038627,-0.0081230606341983,0.3195054945156546,-0.9400178729286015,-2.9308554248204213,2.119241013246434
-0.014998735512272723,0.010774370566363779,-0.0012578156297121624,-0.00811957343136807,0.3199465953093697,-0.958638778326793,-2.9216213007274594,2.138311523308316
-0.014797062943977079,0.008589969109727747,0.0023500177153058356,-0.00799496546968757,0.30573590919054233,1.9250359162052426,-3.1706014094911663,-0.6710259439300144
-0.014808219485133806,0.008578529764780496,0.002354098720979032,-0.007963021920296407,0.2984694880122358,1.9211152959879512,-3.1491072804797455,-0.6807115770033515
-0.014792609277228726,0.00857490480464598,0.0023750910854960514,-0.007987552682764779,0.3045661749946544,1.9453093119860103,-3.163257503145482,-0.6908563649817293
-0.014783560287475501,0.008544819263429001,0.0024252398089136627,-0.007972469069888206,0.30591320417750306,1.9858825807701666,-3.1480808090655388,-0.7304945904253777
-0.014794704181718278,0.008533245533439099,0.0024289720556520534,-0.007940250303952989,0.30008439549656035,1.981588925285873,-3.1264243077263827,-0.7396677857755444
-0.014778965067767892,0.00852979835360784,0.002450298659077171,-0.007964803114526802,0.3076104712922324,2.006254544968259,-3.1402675669176765,-0.7502434616457762
-0.014788108374602238,0.0085598548013954,0.0024001622060195065,-0.00798005476968116,0.3044470602609533,1.965557766884631,-3.1557529151972195,-0.7106860026488363
-0.014799272733758894,0.00854833124199162,0.00240401764183425,-0.007947897049570067,0.2998198788270812,1.961466906040142,-3.134088357187943,-0.7200513580318167
-0.014803762389737863,0.008563426920970682,0.0023790750245579633,-0.007955514525088005,0.29933919951877713,1.9413376610369217,-3.1416628143536927,-0.7004091739370092
-0.014790054171765673,0.008518176940453114,0.002453934868879164,-0.007932584904937855,0.3004632062241566,2.001723764957451,-3.118671301636193,-0.7592615632977372
-0.0147743227280614,0.008514792106028145,0.0024753204056625674,-0.007957062445597761,0.3086980335726085,2.026599804189937,-3.132337691314732,-0.7699200507462286
-0.011090665429940793,0.005120404840570064,0.008132524384416896,-0.0018177196600481164,0.6863172785967432,2.0533490761653805,2.3419368690015627,-1.1470478938105813
-0.01110599246222428,0.005123855962596771,0.008126775338230514,-0.0018432521100301402,0.6904287686321277,2.0722412680791593,2.3349054162363196,-1.1634754182034603
-0.011101204845011746,0.0051082404285289675,0.008111131990007974,-0.0018259615108383697,0.6765268961477958,2.057847494075651,2.3215227129354976,-1.1589764484116232
-0.011116604752688199,0.00511167836166751,0.008105230034823087,-0.0018514487325530066,0.6799494766962696,2.076631938299369,2.3142831346220167,-1.1751822984762095
-0.011319353867715836,0.005177209793932224,0.008037851085911082,-0.0021988636133038744,0.7331041623309359,2.336277131090869,2.224348531957769,-1.3892844508340092
-0.011334500554468822,0.005181379007421065,0.008030888470187299,-0.002224158439943694,0.7335711455791366,2.3550835122281555,2.2154994590366517,-1.4054670215851843
-0.011330622636054999,0.005165676001130481,0.008015272485366877,-0.002206171873958232,0.7231095900754675,2.3382680478409092,2.2022904735738504,-1.3995795703431269
-0.011345839459098443,0.00516992747592214,0.008008270699630718,-0.0022314066088548377,0.7263956963399111,2.356847398067472,2.1934516509544344,-1.415350278122891
-0.011258637154898948,0.005161009143188233,0.008064843858026183,-0.00209770134578523,0.720691230395316,2.26150618212181,2.258325829351504,-1.3250668960691545
-0.011254502523817647,0.005145564875583239,0.008049457209165452,-0.0020801747029019334,0.7092480170822296,2.2452430983474625,2.245222957225194,-1.3199307478807736
-0.01127383550243706,0.005164987785668902,0.008058221755775941,-0.0021229980665287635,0.7251266864185159,2.280233209053266,2.2500614534889847,-1.340989687478772
-0.011269702358259956,0.005149530981915302,0.008042856731084383,-0.0021053766919362604,0.7118254430037143,2.263851643310872,2.236955439887266,-1.3358811091805907
-0.011289021178877924,0.005169014137838514,0.008051518534247556,-0.002148279976554632,0.7290699073207768,2.2988964472821287,2.241651205722645,-1.3569762204285218
-0.011284901099393466,0.0051535020881030265,0.008036121929638968,-0.0021305449378206994,0.714283582981846,2.28244432673255,2.2285025194027384,-1.35183700287637
-0.011304194021561008,0.005173088155546601,0.00804472899369928,-0.0021735661759012715,0.7318029270312604,2.317556518272686,2.2330774999154075,-1.373083092688238
-0.011315371503134176,0.005161537674374313,0.008022282209355388,-0.002180931714648764,0.7198485926379597,2.319659196270461,2.211112733592923,-1.3837212697447046
-0.011300123114990119,0.005157492791506251,0.008029251926996701,-0.0021557210387367024,0.7169042895409744,2.3010459828452157,2.2198728211324057,-1.3677941698918346
-0.01125045395109195,0.005129747170631729,0.008034287681998395,-0.0020627278732803836,0.7028148961203936,2.2236697356849384,2.2349315121721562,-1.3096655823497778
-0.011235215215139843,0.005125747479259369,0.00804068213181075,-0.002037538201778129,0.6998405866086536,2.2051108493874145,2.2429297965387955,-1.2937987031368958
-0.011219900608770343,0.0051218670917268375,0.008047125669370362,-0.0020122867969476804,0.6968690094369752,2.1865525153373295,2.25092336976757,-1.2778724294726143
-0.011204559460733734,0.005118113399487397,0.008053590364012375,-0.0019870475885092067,0.6938199294360253,2.168040025098428,2.258885195462263,-1.261926821790819
-0.011127346414826903,0.005099124182121109,0.008083817819849966,-0.0018594271454169125,0.6776427662050796,2.074004813255938,2.2964197517363734,-1.1811544074485723
-0.011142966422424799,0.005102719986267719,0.008077710787433997,-0.0018851461034001926,0.6807660339976495,2.0928624316476854,2.2889509037624425,-1.1974627094267534
-0.011158497384717072,0.005106620729912518,0.008071870320781481,-0.001910900072915961,0.6839708851823524,2.111895102427951,2.2816388843213526,-1.213756284835197
-0.011173889693770757,0.0051105600725465635,0.008066022174092488,-0.0019364448189649914,0.6872994914060788,2.1308006088025624,2.274285395297452,-1.2299122361411088
-0.011189224067181895,0.005114388044445243,0.008059938767050773,-0.0019617981337215584,0.690626603067673,2.14949893665318,2.266709887441232,-1.245953673219707
-0.01160177538033691,0.005248714707306735,0.007876733426682513,-0.0026554404724523813,0.7642969209876916,2.666927892867813,2.023838751736975,-1.6781890294668587
-0.011589831792800676,0.005259490019987282,0.007900710143099999,-0.002649685647325735,0.7731835188890342,2.66873759862168,2.0472423835196243,-1.6708115726112578
-0.011357362184847624,0.005158199194005488,0.007985829036367019,-0.0022386569007477116,0.7221474043636212,2.35256969654083,2.1744798850105265,-1.4201628426053414
-0.011372526436977571,0.005162734902529889,0.007978954847118728,-0.0022638394666037944,0.7248551072428749,2.3711667890057697,2.1656475307278495,-1.4358966553788768
-0.011530137799930005,0.0052398867331516835,0.007933382627266556,-0.002550195479729347,0.7658050935560489,2.5959408718454022,2.0901887238722683,-1.6091648863793229
-0.011526865753819364,0.005224168309508503,0.007917888670233124,-0.0025314063611143653,0.7545246586829072,2.576907142207404,2.0775278720858084,-1.6022216753868899
-0.011545084353673888,0.005244717217658645,0.007925341458575746,-0.002575076705503184,0.7694185695850391,2.6142071337157375,2.079690108999122,-1.6245612052261726
-0.01154186988040632,0.005229006917071374,0.007909845726247687,-0.0025562757251788204,0.7562991343082643,2.5950147156157892,2.0670644388741954,-1.6175120335710476
-0.011560015631407591,0.005249594624691071,0.00791721499713984,-0.002599954188841624,0.7715925411630508,2.6323944627824676,2.069018040339961,-1.6399915339269044
-0.011556873556755628,0.0052338482422277025,0.007901663773270286,-0.0025811008997071827,0.7580238077199951,2.6130536608351638,2.0564066254625746,-1.6327792351404449
-0.011574931491672196,0.005254518907788254,0.007909000583698002,-0.002624835887191952,0.7721203495677317,2.650564490588688,2.0581818273513717,-1.655441087449934
-0.011571873882114827,0.005238728477258801,0.00789338541428136,-0.0026059058859185667,0.7601427650409399,2.631055219512664,2.0456207438139073,-1.647995486469578
-0.011586846795929548,0.005243689929406123,0.007885077031328699,-0.002630697154643766,0.7623926717471142,2.64902544364485,2.0347727443572095,-1.6631313173677462
-0.011387682258797382,0.0051671704335015615,0.007971826714180058,-0.002288892939187896,0.7275502603186412,2.3895763516119524,2.1565659645732596,-1.4515405881989587
-0.011402854641251903,0.005171533130239292,0.007964455793478367,-0.0023138692863053697,0.7301095861968786,2.407837980495341,2.1472429050433584,-1.4671158501919546
-0.011418004407696004,0.005175960068519292,0.007957031704968295,-0.0023388219970715356,0.7325514346463348,2.4260745062360733,2.137827099128599,-1.4826445752225217
-0.011433116937216945,0.00518048445594444,0.007949605574683341,-0.0023637595861892655,0.7349619645311471,2.444318194082886,2.1283535328806984,-1.498136030795355
-0.011448208895318198,0.005185027044134011,0.007942073287568704,-0.002388641042080692,0.737353353531402,2.4624898683820664,2.1187395040459407,-1.5135724712521708
-0.011463274647796501,0.005189550851684402,0.007934397330135916,-0.002413426498165418,0.7397013084001302,2.480535685031765,2.1089613571067503,-1.5289283547636403
-0.011523617496153792,0.005208046488613561,0.007902630799866805,-0.0025125516450491586,0.7482615440395947,2.5523857953874693,2.0684026345603463,-1.5900590525187743
-0.011478316817170946,0.00519406542401263,0.007926586513100818,-0.0024381252230336672,0.7419905668440362,2.49846344208928,2.099027804709366,-1.5442048968233875
-0.011493390412405565,0.005198580246762867,0.00791860406363624,-0.0024628191266764885,0.744156595520549,2.5163230075651377,2.088898900534394,-1.5594494063265814
-0.011508513268225528,0.0052032060944127954,0.007910559850923113,-0.002487627710766756,0.7462038011108332,2.5342682820101223,2.0786443456517354,-1.5747335002335914
-0.012504530351169442,0.005672491742345133,0.007212403195256671,-0.004174122652400522,0.795765309084446,3.658576023236643,1.092830067876009,-2.487730272975706
-0.012504845143613946,0.0056562413921916145,0.007196707861693709,-0.004150013420448121,0.7850601151825632,3.629441528047431,1.0885321057666,-2.473185232840649
-0.012490922821849835,0.0056646449400784196,0.007225478562531768,-0.0041514477913396535,0.7967532001771837,3.646725641173084,1.111365086709289,-2.4780863309782526
-0.012518113178479765,0.0056803812644671365,0.007199255128336417,-0.004196758911437283,0.794597553015155,3.6702656807222707,1.0742049505977642,-2.497245670597185
-0.012518485926631543,0.005664095664437377,0.007183534445204302,-0.004172521522785602,0.7839977492140537,3.640988492193094,1.0701595268640025,-2.4824138147931696
-0.012531671170102518,0.005688313429008118,0.007186033161407295,-0.004219358568285179,0.7931960632900174,3.681808229422117,1.0554820134428042,-2.50664005869381
-0.012532104743967314,0.005671991428473946,0.007170285840088559,-0.004194988109245097,0.782939576969654,3.6523942417088797,1.051683517487852,-2.4915185088628964
-0.012545204192439471,0.005696288158021204,0.0071727366590891095,-0.00424192259327374,0.7915322507508846,3.693219127881141,1.0366594990262696,-2.515910269217204
-0.012545703191596489,0.005679937324367507,0.007156967443404597,-0.004217426564926972,0.7819063627925522,3.663668812794924,1.0331098026350158,-2.500501186147375
-0.012558712111977538,0.005704305373048565,0.007159365530584238,-0.004264451017706957,0.789616852627984,3.704511869902712,1.0177418259086888,-2.5250423504578645
-0.012559279105890303,0.005687941708132493,0.007143589495907351,-0.004239847322737396,0.7809103441866442,3.6748223444508086,1.0144482800034436,-2.5093655693736867
-0.012572194795293824,0.005712364995121045,0.00714592058200571,-0.004286942401447727,0.7875018827098815,3.715695117648318,0.9987405617086605,-2.534012534926371
-0.012572826341957298,0.005696011259204013,0.007130166398041535,-0.004262255787477263,0.7799516561400938,3.6858643583358313,0.995712240431558,-2.5181172524950735
-0.012585652109060671,0.005720466944757863,0.007132404594100597,-0.004309392090754558,0.7853886716129918,3.726769531596173,0.9796752717900215,-2.542790685545483
-0.012586335611955874,0.005704149510278555,0.007116714357929141,-0.004284650994000035,0.7790032112579662,3.6968023251215283,0.9769157208583313,-2.5267629290026865
-0.01259908392005067,0.0057286111419663464,0.007118821864752214,-0.004331793021785785,0.7836295047409969,3.7377227815415046,0.960566243626945,-2.5513516193087193
-0.012599800163994765,0.005712354130764534,0.007103240652428054,-0.004307025896807342,0.7779844149157721,3.7076355046233016,0.9580635076480298,-2.5353081552640657
-0.012612490095141668,0.005736797506241737,0.007105174527103843,-0.004354141805037918,0.7823238820929013,3.748529622195505,0.9414193964203577,-2.5596894022406036
-0.01261322314668425,0.005720615658009468,0.007089731768245685,-0.004329370037107713,0.7768132880420701,3.718349577508814,0.9391425727792625,-2.543754306052907
-0.01262587050132173,0.005745025956567025,0.007091462218476774,-0.004376439215683854,0.781263434466648,3.759165517725206,0.9222271055982127,-2.5678171613354484
-0.012626613282621912,0.005728922956635642,0.007076165038092163,-0.004351673502964997,0.7754937991076306,3.7289263332812226,0.9201346001514707,-2.5520974000648073
-0.0126392250056941,0.005753296411412851,0.007077687030018571,-0.004398682058162606,0.7806373351305549,3.7696145889599086,0.9029858820292597,-2.575757809566272
-0.01263997155512774,0.005737264955451766,0.007062530175279964,-0.004373920763928906,0.7740275141344362,3.7393483767603937,0.9010344851672266,-2.5603252519692012
-0.012652553475482133,0.005761608788737447,0.0070638498430091795,-0.004420869057368875,0.7806663800188719,3.779855914551341,0.8836870570538525,-2.583550290850496
-0.012653295797046287,0.005745622130363494,0.007048814969439764,-0.004396081673009308,0.7723318739572546,3.749580202778823,0.8818377784263732,-2.568414263751139
-0.012665855778034214,0.0057699630059866395,0.007049942161506226,-0.0044430138593520765,0.7805333262798819,3.78987136853476,0.8642947922465095,-2.5912486316252914
-0.012666596401128874,0.005753976544763107,0.00703499026145525,-0.004418135840208055,0.7704680142510165,3.7595857683557976,0.8625270990818749,-2.576341742799848
-0.012745112669881743,0.005820962260321793,0.006964966879644786,-0.004575073145885749,0.7721574379585113,3.846438941993546,0.7456653711152987,-2.635469468554414
-0.012758228099060336,0.00582960700250516,0.006950556224724599,-0.004596936456042677,0.7699275299635792,3.8552819876427757,0.7255179884247244,-2.6424906748821866
-0.012759327727864325,0.005813471336196665,0.006935630614187613,-0.004571273672526638,0.7587193420339736,3.8249279826214173,0.7247777397002936,-2.627526868495062
-0.012731970148814607,0.005812358765846114,0.006979298493367949,-0.0045531803268036245,0.7734205623138249,3.837430718166177,0.7656784794141749,-2.628370314454904
-0.012746112031423137,0.005804856903419947,0.006950111838900251,-0.004549517808821307,0.7604248114476037,3.816117786998644,0.744729035199511,-2.6206804412259754
-0.012679131780828632,0.00577835898009388,0.007035954572980674,-0.004465131357723183,0.7793606231461297,3.799681071161462,0.8447740212550384,-2.5988841338629523
-0.012679887900932517,0.0057623392511333485,0.0070210447303895,-0.00444010735129289,0.7687028415343357,3.7693836652004094,0.8430981370095542,-2.584104674171933
-0.012692381351478463,0.005786796627480344,0.007021888782164116,-0.004487218742706488,0.7774247945273642,3.8093330881638026,0.8251281570258194,-2.606440891146131
-0.012693170713367355,0.005770742691945313,0.007007004482634451,-0.0044620435730207755,0.7671522483529096,3.779028904313846,0.823575733930583,-2.5917144629780178
-0.012705604357736414,0.005795275864055084,0.00700775400281137,-0.004509261489721083,0.7755334052287445,3.8188542440607502,0.8053876645340599,-2.613881279570883
-0.012706434483810843,0.00577920630963494,0.006992900113275645,-0.004483967527735296,0.7656771843722471,3.7885482635902945,0.80398501691296,-2.599180143644723
-0.012718800667499655,0.005803796605215205,0.006993557651183026,-0.0045312480426781595,0.7742481182500353,3.828230971781473,0.7855745279902769,-2.621185412790334
-0.012732895039550529,0.005796278808296309,0.006964481643969436,-0.004527722469634134,0.7622867683756261,3.807124433934647,0.7645819735388112,-2.613672573892991
-0.012719673598133337,0.0057877247317509005,0.0069787346723090326,-0.004505868646247999,0.764081786235184,3.7979264560280366,0.7843276095064596,-2.6065024788973976
-0.011913413003953132,0.005380600615198654,0.007698851635963196,-0.003189002595332103,0.801589514039565,3.052605005753609,1.775211156780558,-1.9916747783019255
-0.011911505223461174,0.005364655662393364,0.007683214280285567,-0.0031683719243162677,0.7922035412197523,3.0290284186271266,1.76463223684784,-1.9813991627112666
-0.01189889118724208,0.005374612204472542,0.007708837242454215,-0.003164787508558436,0.801198096323246,3.03582530925609,1.7889137524185068,-1.977777981836483
-0.011896935366467897,0.005358640998438396,0.0076931580867756,-0.003144215139570781,0.7910655293417186,3.012471585182123,1.7781671977066045,-1.967683753703309
-0.011884350654762893,0.005368669455772492,0.007718755140307326,-0.003140520714011451,0.8018479210017238,3.019001885311853,1.8025448767791257,-1.9637011216292517
-0.011869791551180904,0.005362772427933636,0.00772859517244059,-0.0031162269453115835,0.8025078133796323,3.0021750360087527,1.816062743015508,-1.9495219902633283
-0.011882321499360938,0.0053527124935761365,0.007703095137836169,-0.003120040926302957,0.7897578141247905,2.9958527289272805,1.7916527592038551,-1.9538778357850646
-0.011855214021089619,0.005356921179222511,0.007738346564057887,-0.003091932901011308,0.8016443938538206,2.985316604980165,1.8294105929909679,-1.9353428282730671
-0.011867684891770161,0.0053468740227270535,0.00771300790789757,-0.0030958747084560384,0.7886444363677193,2.979195292739531,1.805081100117613,-1.93997906673136
-0.011840618209004684,0.005351115767339394,0.007748011612803178,-0.0030676331464594016,0.7993316686625743,2.9683618443781206,1.8425795972899275,-1.9211928556271742
-0.011853050311077968,0.005341085903402301,0.007722828908883392,-0.003071702994063227,0.7879128029734043,2.962480252376047,1.8183811896596225,-1.9260010826308405
-0.011723210871918575,0.005306329337192306,0.007822650739226852,-0.0028719660551273954,0.7890843588629962,2.829638940808785,1.9434633284068135,-1.805686427225939
-0.011720653059939202,0.00529051931165149,0.007807073311514448,-0.002852388467173261,0.7771942090370133,2.8082720065137,1.931639973320985,-1.7970259217836102
-0.011737947748741227,0.005311766044378193,0.007813583548140605,-0.002896543625421606,0.789794190578751,2.8472274515725413,1.9312665330517518,-1.8204320948083474
-0.011735443501843565,0.005295939976416089,0.007797997609135834,-0.002876872793052956,0.7787585153460568,2.8256722162285914,1.9195374325996266,-1.8116159846736266
-0.011752667496161624,0.005317249029907896,0.007804440219488429,-0.00292108994524456,0.7905540207927132,2.8647751045537038,1.9189636622687052,-1.8350713079459753
-0.01175020488806496,0.005301426687096424,0.007788877420436519,-0.00290133192643648,0.7803214673718563,2.843013605554178,1.9073475078468676,-1.8261278627765642
-0.011767369970506484,0.005322778240520137,0.00779522604852248,-0.002945590957320061,0.7920976437420326,2.8822568152461563,1.9065659808618411,-1.8495794457183203
-0.011764939624193145,0.005306978071598464,0.0077797086340563515,-0.0029257695134813477,0.7817290838206365,2.860300708453538,1.8950579660307632,-1.8405768793462058
-0.01178205502797576,0.00532835362240823,0.007785940424592556,-0.0029700484109592986,0.7943219475117728,2.8996411646389517,1.8940527695762708,-1.8639914418035997
-0.011779659978241387,0.005312572880270085,0.0077704560095990275,-0.002950181055290217,0.78284369366974,2.8775224764932728,1.8826260385904334,-1.85497935186741
-0.011796722524648843,0.0053339751212172605,0.007776575355901067,-0.002994483361679287,0.7960057989449721,2.9169244837383794,1.8813862097905265,-1.8783700383757058
-0.011794377546964755,0.005318191180746476,0.00776108758489876,-0.0029745596178218296,0.7838378160931275,2.894666264475956,1.8700224339982128,-1.8693369811110572
-0.011811372316490652,0.005339642682041291,0.0077671273619652524,-0.003018904877422393,0.7966856072178613,2.934135278482953,1.8685626776569215,-1.892724182378547
-0.011809087264465746,0.005323843268478454,0.007751619792818898,-0.0029989063126256497,0.7849868797081591,2.9117376942095388,1.8572772579790329,-1.883629556191618
-0.011826004259357795,0.005345356249420673,0.007757603558157976,-0.00304329465270629,0.7974331365650985,2.9512900859281586,1.8556193159938303,-1.9070057590218294
-0.011823770799674732,0.005329550904234863,0.007742094524492365,-0.0030232208349622925,0.7862267546340508,2.928743050593278,1.844436665010195,-1.8978365586046915
-0.01183841971058043,0.005335308674277675,0.007732514003371069,-0.0030474900372581097,0.7872337533408196,2.945665335340873,1.8314915943042778,-1.9119558303729292
-0.011718227610604252,0.00527431544173131,0.007791640075395233,-0.0028328639931537013,0.7714142903161124,2.782086309627218,1.9235517530634574,-1.7839460544366734
-0.011703328841862285,0.00526902968583524,0.007800775472578787,-0.002808451018177563,0.7699531467368198,2.7648661840744118,1.9355270025648748,-1.7694128720397464
-0.011688437119455544,0.0052637585560807165,0.007809773273986885,-0.002784005547947914,0.768372190069951,2.7475470677803844,1.9473357534517313,-1.7548095855278698
-0.011673573566707084,0.005258413812461924,0.007818514208892973,-0.002759470830474863,0.7666916317380731,2.730025336428921,1.9588900357359302,-1.7401038034640022
-0.01161388491038619,0.005237617027787262,0.007852904527121523,-0.0026610841049025144,0.7599617341542214,2.659534644302015,2.004007973400066,-1.6807533852692813
-0.011628785963710392,0.005242642444906948,0.007844349990672588,-0.002685563431525253,0.7617490399503785,2.6770619021191773,1.9928788699438231,-1.6955783660387918
-0.011643745447708022,0.005247735288277779,0.007835669793500756,-0.002710131585051668,0.7633984973620901,2.6946135093788963,1.9815730099789308,-1.710415385894701
-0.01165869240283648,0.00525301999575731,0.00782707152068768,-0.0027348158005866276,0.7650161422035114,2.7123163819357914,1.9702482701535715,-1.7252853444923633
-0.012157279968945644,0.005489330079069643,0.007517630175821741,-0.003595454168663487,0.8073871101511242,3.322331785746068,1.5234268653773257,-2.2143930694881337
-0.012156261735043299,0.005473301879668908,0.007501985423772156,-0.003573515479564644,0.7991365323009302,3.2960851994857223,1.5149956768335373,-2.20216894523627
-0.012143098494643411,0.005482574976576021,0.007528895010912911,-0.003571805220524147,0.8079830020345863,3.307160900154637,1.5392130801764479,-2.202036850524585
-0.01217144011803954,0.005496129685063255,0.0075063031533280965,-0.003619042614042257,0.8080555959534902,3.337372429346685,1.5075889053570908,-2.226539322572426
-0.012170444439257631,0.005480156790344846,0.00749075035496282,-0.0035970784152877743,0.7991932614662844,3.3109366216969423,1.4993510959058807,-2.2143172151210746
-0.012185578797026963,0.005502973724561289,0.007494910841694103,-0.00364257720120236,0.8095789063555906,3.352237763590962,1.4916635082412932,-2.238542101767917
-0.012184601071841675,0.005487036038472517,0.007479425750382427,-0.0036205796370024066,0.798846511543491,3.3256546655848154,1.4835569741803802,-2.2263865948914643
-0.012199695861056147,0.005509862126966205,0.007483439511516279,-0.0036660862580172406,0.8103069931476273,3.3669239555564285,1.4755882757045453,-2.2504917143817185
-0.012198755905912531,0.005493919601486172,0.007467963117688061,-0.0036440165421328693,0.7983786586499138,3.3402210781611443,1.4675739447285745,-2.2383696214043134
-0.012213791167466397,0.005516794822133637,0.007471882541244926,-0.003689583200397605,0.8097276281355423,3.3814807448591977,1.459346724636981,-2.2624114595493974
-0.012212906816644957,0.0055008257883959535,0.007456384719591592,-0.0036674058152149206,0.7981319492392912,3.3546609449596745,1.4514412560972678,-2.2502483568798337
-0.012227864587089588,0.00552377174603527,0.007460245499307694,-0.003713056618208465,0.8085549753557667,3.3959551210767973,1.4429733760379262,-2.274251939462799
-0.012227036078799242,0.0055077873361101745,0.007444744846538132,-0.0036907699616444338,0.7981082003518738,3.3690064371784936,1.4352197279777885,-2.2620122201986894
-0.012241915987078057,0.005530792832404855,0.007448539829896346,-0.003736483479438465,0.8078637171138784,3.4103480210873127,1.4265150966864768,-2.285949272433862
-0.012241128567938783,0.005514818600275812,0.007433075449841159,-0.003714114319987248,0.7980781930095083,3.383265632493829,1.4189354308018949,-2.2736639784421637
-0.012771316304873213,0.005838292905748428,0.006936070985444559,-0.004618763374744627,0.7672904135663788,3.8639997428375703,0.7052605495385281,-2.649403568843819
-0.012772525855421919,0.005822142854267086,0.006921079177966224,-0.004593012039797283,0.7571891563140712,3.8335952996699034,0.7047633953578208,-2.634221233645157
-0.012784377156011448,0.00584701988289354,0.006921518202107111,-0.004640543205924218,0.764906725288761,3.8726014055831315,0.6849321872390343,-2.6561697013114984
-0.012785684365199295,0.005830873062385721,0.006906492480656391,-0.004614723675456842,0.755661848845904,3.842124496327075,0.6847145207093154,-2.640767490002619
-0.012797410521339082,0.005855787846272661,0.006906898109198506,-0.00466227554727025,0.7626872897772962,3.8810684324834788,0.6645526876158364,-2.6627668630113686
-0.01279879500898847,0.005839650328454128,0.006891874178793581,-0.004636387098401157,0.7540535426698537,3.8504976369952963,0.6646317577155222,-2.6471675813214386
-0.012810416269897772,0.00586459670770868,0.006892207543925836,-0.004683965079337626,0.7602986398977746,3.889387624891954,0.6441256486556268,-2.6691819425018886
-0.012811861464825755,0.005848472644019454,0.006877216989490125,-0.004658001723878549,0.7524251733265772,3.858716421526695,0.6445036430697026,-2.6534307934259598
-0.012823394270911455,0.0058734463785158,0.006877446516209996,-0.004705611821849647,0.7577102116113758,3.8975602739979944,0.6236588759783502,-2.6753967047368588
-0.01282488597168025,0.005857348810766896,0.006862524138297659,-0.004679582746401984,0.7508260152781997,3.866801891671582,0.6243269596063074,-2.659571117397839
-0.012836344393790973,0.005882336769500143,0.006862620641217588,-0.004727207665825907,0.7552740398653263,3.9055869177537748,0.6031731250725283,-2.6813887348607377
-0.0128378649563912,0.005866285287814573,0.006847805808271831,-0.004701139167873567,0.7492145882999193,3.874770096651924,0.6041065088182539,-2.6655994307437063
-0.012849266508138675,0.005891267790960423,0.006847739595359572,-0.004748738715202989,0.7537172877916042,3.9134501031585933,0.5826914807808727,-2.687152216099888
-0.012850795372630328,0.005875274720410582,0.00683306065368259,-0.004722659426482701,0.7474387916929506,3.882609564071973,0.5838391357391294,-2.671514840133764
-0.012862160483752988,0.00590023935268864,0.0068328070055005295,-0.004770199895435666,0.7534130229816904,3.921105508044466,0.5622040305967707,-2.692726862261439
-0.012863688335838236,0.005884291181123634,0.0068182516245400325,-0.004744109646892612,0.7453063500035025,3.8902649059861076,0.563496283115482,-2.677295860771349
-0.01297691904442294,0.0059827928852308355,0.006695228530263533,-0.004961448092622005,0.7352371094070905,3.9815652081489774,0.37432204979225664,-2.7372095635041234
-0.012989524709198898,0.00599216492191991,0.0066796011144739905,-0.004982467514018187,0.7324676283828943,3.9874347927658653,0.35313217296966853,-2.7414317105634485
-0.012991544106021312,0.005976252622466594,0.006665426255425996,-0.004955575359504276,0.7244869108080776,3.956567758433168,0.3561950854041816,-2.7264102287145118
-0.012964283993995938,0.005973460492812782,0.006710796180912121,-0.004940371233040244,0.7387214535038492,3.975583379113727,0.3954729722921839,-2.732817581114498
-0.01297887371095808,0.005966860881904366,0.006681019098559338,-0.004934615861966157,0.7263648769172156,3.9506821566688903,0.37716075589114784,-2.7221874099979746
-0.012951619681256434,0.005964167835846037,0.006726282244893785,-0.004919266515900911,0.7409340764824343,3.9694396891235773,0.41651432888282675,-2.7283106300175217
-0.012966161064772297,0.005957543768767968,0.006696590758892771,-0.004913658570290773,0.7283248382766604,3.9446971938602258,0.39811320273118606,-2.7178275929572013
-0.012875026190632997,0.005909251363970854,0.006817808607402133,-0.004791611736819533,0.7531552577760855,3.928509185779244,0.5416436172972628,-2.698191994015893
-0.012876572554249427,0.005893306656787468,0.006803314027055882,-0.004765459020971751,0.7428880607301348,3.8976676759014492,0.5430356306050111,-2.6829089066992116
-0.012887863498982957,0.00591830373358797,0.006802723887826375,-0.004813003366986111,0.7511810947400198,3.9356793474694762,0.5209405409132783,-2.703597990159046
-0.012889466990167143,0.005902327345169853,0.006788224449382004,-0.004786723157066591,0.7406318044723242,3.9048245683613985,0.5224539399636347,-2.6883403692581163
-0.012900672279216818,0.0059273963698165885,0.006787552704828126,-0.004834374786569416,0.7477110680940745,3.942698323323869,0.5001036940994062,-2.7089122552024207
-0.01290235527518041,0.005911398300430315,0.006773041803483524,-0.004807963302537409,0.7388134077795193,3.9118298671900607,0.5018053914241252,-2.6936108631861937
-0.012913452405312715,0.005936529182831806,0.006772313860006862,-0.004855699440268999,0.7443903957576272,3.949623427352838,0.4792072026555149,-2.7140578424558406
-0.012915203054391734,0.0059205517321922335,0.006757842385552044,-0.0048292162272724,0.7371882813555598,3.9187499015464637,0.4811450339213379,-2.698747220235808
-0.012926203763119731,0.005945702090780215,0.006757023536147197,-0.004876954770337075,0.7422823102772331,3.956432777383578,0.45831630354004577,-2.7189865478840516
-0.0129279902533846,0.005929773405666007,0.006742646503376362,-0.0048504530006606835,0.735376862399853,3.925559979732007,0.46048402776837877,-2.703755242969187
-0.01293892622972893,0.005954915005069574,0.00674168456190147,-0.0048981370029214065,0.7415270917938214,3.9630581615021345,0.437438701414451,-2.723715460240491
-0.012940725278380506,0.005939025576533992,0.0067274134862836685,-0.004871618546761519,0.7331786930932807,3.9321869833980565,0.4397881661978902,-2.708618830031456
-0.012953440462226828,0.00594827973156295,0.006712072633693539,-0.0048926802962112985,0.7306839839114586,3.938563390071309,0.4190037027300546,-2.7133122653993778
-0.013411267706097352,0.006344421709587206,0.006092505724116679,-0.005685370073447559,0.6440208685793117,4.079255902430678,-0.40650497718539885,-2.7890157157061175
-0.013415070123090995,0.006328860897289769,0.006080150919537667,-0.005656065293019632,0.6380028502928098,4.0498541468232565,-0.3962273820228284,-2.7753493085958225
-0.013399766504457605,0.006333722908021256,0.00611031878949678,-0.005666220911834846,0.6455132360116097,4.079601035945992,-0.3846503911169877,-2.7904674024803895
-0.013422735238775144,0.0063551565897494505,0.0060746483894588066,-0.005704446251179686,0.6434552233817848,4.078659718859431,-0.4283043298640408,-2.787410310740768
-0.013426548756400945,0.006339620235404533,0.006062393749525538,-0.005675139616363719,0.6348305092761616,4.049345147256601,-0.4179212494535176,-2.773948009257404
-0.013434168988720427,0.006365927441985931,0.006056719843031809,-0.0057234781692237805,0.6418695535012086,4.07776647904793,-0.4501546473668632,-2.785718421750449
-0.013438044504887415,0.0063503734300881355,0.00604447268891055,-0.005694081196599524,0.6315946384198097,4.048522711294904,-0.4396647211192695,-2.77233300134955
0.015447203067930893,-0.009895510810274396,-1.4143198886060028E-4,0.007488075510952588,0.22757517454327406,0.11418560027219513,-2.816704113427011,0.7578004993266023
0.015371449513140185,-0.010118646300322352,1.6942718692784664E-4,0.007622297535241214,0.24226207979216524,-0.1253868840303007,-2.8575737809697346,1.0479058282899587
0.015401453254219292,-0.010080662137886885,1.1439311309231655E-4,0.007571029758991641,0.2371665913151311,-0.0825648353791164,-2.8349067413024156,0.9851671446091056
0.015429443008654283,-0.010045788528294113,6.505045682583224E-5,0.007522812479981872,0.23216148856224356,-0.04443299388996327,-2.812846138212074,0.9285874022218985
0.015447625129631947,-0.009947990065724797,-6.943514800102347E-5,0.007490110300791698,0.22791851760189666,0.05899666750952603,-2.809973494281549,0.8132057171873194
0.01543267634249316,-0.009998981635220942,3.9256271414695245E-7,0.00751740395477189,0.2313226221130166,0.005205652008531243,-2.8179282263442396,0.876902185866448
0.015400434071185947,-0.010177744775749804,2.5008992580818776E-4,0.00756597910426258,0.2384633213975929,-0.185939673409282,-2.812014395517586,1.0877207521564791
0.015364808025397837,-0.010345230132160986,4.898512848572679E-4,0.007603712434347332,0.24613567333204575,-0.3677987685975823,-2.7937227015348878,1.2887188492076564
0.015388013963040873,-0.010307300535902973,4.324446654984465E-4,0.007569962014412718,0.24171675693384573,-0.3238158401379842,-2.784176055682529,1.2303088450334903
0.015414559249041655,-0.010270994732149897,3.777460277506828E-4,0.007529388261715199,0.23724390125020026,-0.2817548760078805,-2.769929673561626,1.1718601256125682
0.015439763671827672,-0.010227753307836972,3.1476746278417494E-4,0.007491481748048112,0.23312605899588498,-0.2335929931212953,-2.7580623981588293,1.108323199490936
0.015346769506107992,-0.010590102998020962,8.352242056436E-4,0.007567903525551013,0.25021949324919324,-0.6225791905172192,-2.703014931198656,1.5426170483571509
0.015366849157765204,-0.010626112535887904,8.772447859379751E-4,0.007520324501919054,0.2464419843762457,-0.6514054573191055,-2.6663389024068236,1.5554580152297512
0.015345934781541075,-0.01046716999390814,6.650846712966471E-4,0.007607842533360775,0.2499015514751182,-0.49871911207682057,-2.762359693948001,1.4269564089198656
0.01534769253536641,-0.010508020480928705,7.215022066363642E-4,0.007592938919813605,0.24978093278414323,-0.5397844817444822,-2.7421328655682005,1.4645758058339837
0.015373742547233582,-0.010544907228087612,7.642550904146177E-4,0.007536065341312986,0.24535535029706704,-0.5691099997341027,-2.700063790910558,1.4737630497256458
0.015390584582096287,-0.010379795896439068,5.325306791343703E-4,0.007551073015735726,0.2421163451527515,-0.39816667577919934,-2.755093572590873,1.3002012162102976
0.015385493550940805,-0.010426897631925638,5.98789096211183E-4,0.007548988552700669,0.24329707690773955,-0.44742259830176945,-2.7412678687985523,1.3506738557800537
0.015425855426807423,-0.009795953353292659,-2.80302697202822E-4,0.007515623376595516,0.2287685470128655,0.22163020303868855,-2.8472038847477985,0.6625651118950163
0.01547396507510744,-0.009850304501898456,-2.0081371977214495E-4,0.007437942675173072,0.22304568043998643,0.1600975074684916,-2.7929973688964114,0.6943109976425449
0.015456525379156927,-0.009733992360614233,-3.60498471907227E-4,0.007453237424766554,0.22348134517014454,0.28348982636883086,-2.816520388576763,0.5793521693814777
0.015473286333656243,-0.009668284769693869,-4.4594456929448117E-4,0.007412548699043744,0.2199339559174416,0.3494073730755463,-2.798351471427569,0.5008351357408963
0.015516764268635281,-0.009541911034496775,-6.025454990421145E-4,0.007309581424954518,0.21234488142560806,0.46932046641496933,-2.7452780018642966,0.3492471771713342
0.015501547082290396,-0.009607488569377364,-5.20582944808043E-4,0.0073513768064045895,0.21524678724892862,0.40652268935444885,-2.766274380669257,0.4241241596408542
0.015543020867835301,-0.009047238770795126,-0.0012081840707182225,0.0070739903545182165,0.20287222202084323,0.9306774034483613,-2.607565672236616,-0.15985033878892937
0.015585160793427802,-0.008978958264130874,-0.0012656838721736886,0.006973018498361536,0.19685024074064125,0.9695905266640317,-2.5433131354838108,-0.22774865924804324
0.01555794725497132,-0.009274768042949978,-9.268435706923079E-4,0.007153289599620847,0.2035077856312408,0.7165251378128579,-2.659133838681676,0.06313673864459135
0.015579326498730915,-0.009127531684211562,-0.0010953895124493527,0.007055897167777507,0.1990269193404574,0.8429329767658009,-2.5988179847972597,-0.08557301629393341
0.015574161397536802,-0.009211497031668306,-9.972529391341115E-4,0.007101301360710389,0.20089324494819225,0.7691070886787387,-2.62745845936432,-0.002874870491494099
0.015546886932262909,-0.009401869720015147,-7.726815364723949E-4,0.007217722852371393,0.20620636374528029,0.5989589393730155,-2.6958258204736487,0.19457018109504423
0.015599999253552993,-0.009334151212729437,-8.382254643301987E-4,0.007108059334311633,0.1996993037735502,0.6467847427654217,-2.630873148185595,0.11335142977311041
0.015578728599511663,-0.009525035737879245,-6.077946463954718E-4,0.007202204857600707,0.204281763472806,0.47118796996574003,-2.6807891261785097,0.3104147056400825
0.015603185332928647,-0.009461835667984142,-6.800491028551989E-4,0.007144597240120981,0.2006765424787881,0.5259408180053816,-2.6489893182331397,0.23912249840835573
0.02260243943551185,0.014277197241686747,1.8191727225477013E-4,-0.0010084657180833175,0.15356944461252522,-0.25772713330681535,0.3750856130279479,0.28131007637106126
0.021891603961158114,0.013651075901054292,2.7470756438672796E-4,-0.0014082100947797732,0.1189507796365523,-0.29948549465068885,0.4254302433500698,0.3299232853437197
0.021133688729136853,0.012664069571297645,3.393664847941252E-4,-0.0019337839361624096,0.08585793663017804,-0.3030367655193373,0.5235188169396886,0.3449887344943518
0.021727640976040817,0.012969871807166067,2.663611632208001E-4,-0.001593490494674378,0.10313902177732248,-0.2766025559938526,0.47346603852094926,0.31122031314654736
0.020456753762968072,0.011760351886559928,3.354955641431186E-4,-0.00243997540295298,0.06225657240831429,-0.2638630816830458,0.6414924341397138,0.3190106069639647
0.021157922894888753,0.012040357218143036,2.734024471401436E-4,-0.0020167096099429813,0.07334652539835729,-0.2466836243994394,0.5610988461460876,0.28927455984747313
0.019803989086434246,0.010845785410749414,2.3363559441792224E-4,-0.0029440909365641955,0.04702816887772026,-0.165918375918737,0.7834955729171639,0.23781269859962598
0.020419203893574153,0.011098909659164869,2.2894244961478477E-4,-0.002541896052848205,0.05010921598147599,-0.17766467837551578,0.6839732314010708,0.23389424669329237
0.01928463007381994,0.009887131073477586,-7.790248902016653E-6,-0.003331841813577549,0.03796692797774908,0.01593705852690899,0.9075785431503477,0.07445134428752605
0.019855893998794418,0.010199946640780194,7.512434222667297E-5,-0.002946410696321986,0.03622208297582999,-0.04699789903304103,0.7962104316806048,0.11802263318332755
0.018301512400493197,0.00881290091944218,-4.95734730103383E-4,-0.003959988081189588,0.048708301253514046,0.349753709234639,1.1043803640526815,-0.2061479861343902
0.018679672398161536,0.009123079629148722,-3.11427722885158E-4,-0.0037192816206491164,0.04117442973913454,0.22664817517741073,1.0281740568741677,-0.10741091879086075
0.019290654590029425,0.009326917575612484,-1.7860558625394177E-4,-0.0033010234542187327,0.029634238565421352,0.13789076629880784,0.897644043854959,-0.04853473724169229
0.01777972830234536,0.007901847671836968,-0.001029301365423291,-0.004107983910857938,0.06320558736953809,0.6894037784097843,1.1108016364051208,-0.5134390808325308
0.018310038502092285,0.00839534950880641,-6.62336423017698E-4,-0.0038587775331291184,0.04572764689934231,0.4589812481802516,1.054640524366425,-0.31980803398577956
0.01821434738588939,0.007981838724964016,-8.472364373509621E-4,-0.003811018503112298,0.046044545642634556,0.574889629936052,1.0187392190490325,-0.4329484942990926
0.01690671276715726,0.006669244717050135,-0.001952016388832737,-0.004108835692739691,0.10651611177666787,1.1992483951412496,0.963999515283814,-0.9684414438234658
0.017264134608976127,0.006817144448321369,-0.0016875244359685836,-0.003963411751090641,0.08536424464718605,1.0526731765574942,0.9540552487231674,-0.8536050543089312
0.017606904037053756,0.007500789910723379,-0.0012634309384192465,-0.004072019669257539,0.06910086828476447,0.826356013833153,1.0651277011419742,-0.6429056673346604
0.017608455975249283,0.0070018140372721345,-0.001443496906664766,-0.0038343963071484077,0.06714074654406753,0.9180070501171852,0.9451609520051693,-0.7451258006113514
0.0160335638498335,0.005352276957276605,-0.0029135013825472996,-0.0036061888956369277,0.16413077445997862,1.5472309765543528,0.5713617110528623,-1.2912793785000467
0.01633422141036228,0.005461378147595331,-0.00266150315037748,-0.0035665004934533513,0.14163378015367545,1.4436549615906487,0.6151762880258341,-1.2105797413813681
0.016609493100334376,0.005607431108536305,-0.0024327321826356843,-0.0035509184664395234,0.12318329458853902,1.3512038609825052,0.6581534870442715,-1.1346008686527354
0.016781050632025358,0.006286100330944342,-0.0021528426960345146,-0.003934255400516629,0.11408732780884748,1.2773439545569751,0.8554087564983164,-1.0495141100591647
0.01672937447314829,0.0059014141514715365,-0.0022862585118052993,-0.0036989107313513416,0.11635701076347162,1.310080127871575,0.7403497055450076,-1.0923887397647674
0.013579182031318242,0.0028431421994591687,-0.0047929127606133526,-0.0017457501241044413,0.2218762467206369,1.4520982116682435,-0.2925582121206715,-1.241113757222702
0.013526055219884979,0.0024698108244429642,-0.004753009731258004,-0.0014743854568173085,0.20156111807755425,1.3557874813984105,-0.27777645315614446,-1.169754096124996
0.015952942696297268,0.005070981043408616,-0.00301344329517571,-0.0034097328674032685,0.16622892013876492,1.5455411431202717,0.48523996235672306,-1.2974725143981636
0.015659222132907113,0.004929356358927658,-0.0032679640618721102,-0.0033874889590563536,0.18722615568579307,1.626725216403997,0.4165676156476979,-1.3626763153228794
0.015443827378480707,0.004637784485296554,-0.0034643898711387918,-0.003197765202923354,0.19824328407253297,1.6446294646440407,0.3130923718515857,-1.3822682692406085
0.01522042580726424,0.004361016604179955,-0.003655598217065779,-0.00300740971458039,0.20705190115792255,1.6512090714827679,0.21576808481257337,-1.3920972652474541
0.015012651789381763,0.003992914238740478,-0.0038172548064130452,-0.002725362314865813,0.20773447229611577,1.6185555270812337,0.11142859923849795,-1.3730930238746186
0.0139217943274757,0.003133242481008576,-0.004594928901357786,-0.002013432626990329,0.22773866606213236,1.532852157250048,-0.21391938800196833,-1.3052591628573305
0.01434302899514379,0.003403420819442515,-0.004307847078293125,-0.0022605151202395976,0.22379005000124705,1.5780505605825292,-0.10068851351623352,-1.3414021519315258
0.014781758177665557,0.0036248501502176397,-0.003979960778504006,-0.002439838492798645,0.20896520912800962,1.5755157760690004,0.01703240970968337,-1.341006952012542
0.01515626124932514,0.0036881676695492984,-0.0036858378294110337,-0.0024656835003551035,0.18760210899823784,1.5255107756640944,0.0972575809841692,-1.303611031929814
0.012559933562447913,-0.0013487818538450778,-0.005111126262224844,6.396812121755805E-4,0.15787575646697702,1.0117504928695764,0.2771098622437966,-0.8978887059828294
0.012155427941101658,3.4439114935020504E-4,-0.00518432947395791,-1.404050740541601E-4,0.1333267035064504,0.837930270459292,-0.08178474264534652,-0.7606452184303324
0.012199990098390486,-2.708010699527739E-4,-0.005163133761290646,1.1227409196711092E-4,0.13342318721109722,0.8476650114704356,0.06392612046919373,-0.7704180062984027
0.012416156088427265,-8.535524187256597E-4,-0.005111917424037832,3.829176518164049E-4,0.14339291947084284,0.9294495047842846,0.18596125386739784,-0.8354421934317652
0.01338329355048402,0.002014949358481632,-0.0047612270565114976,-0.0011538118706165602,0.18350710441509605,1.2492071226632184,-0.2604507094260742,-1.0876912984588387
0.013009813930141148,0.0017214513646870155,-0.004933782981692852,-9.165214430452152E-4,0.17269511252297962,1.14993094068869,-0.28219716429649216,-1.0093919043361803
0.01303565978315357,0.0012576634710976778,-0.004848538383636299,-6.60699328192227E-4,0.15845640303760722,1.0899851511129943,-0.20553667170615753,-0.9648576189895933
0.012604547158411526,6.081787732963718E-4,-0.005001437870427376,-2.856983654386282E-4,0.14272818101094742,0.9538745473503846,-0.1215804303072957,-0.8572431083853483
0.01295003456453862,8.654017143357027E-4,-0.004850792072296385,-4.421501246663803E-4,0.14912967855756504,1.0374255035374773,-0.14853458694770333,-0.9252954652980516
0.013335012981504602,-0.0025005021370132787,-0.00488895261747285,0.0014606868600706441,0.2077385355895096,1.3482976323678828,0.32349748516522064,-1.1600460629853335
0.013155518652687723,-0.0022249190515418265,-0.0049454693225116425,0.0012463435554455231,0.19363508084710856,1.2661344077653156,0.3296154139758723,-1.0969732965838714
0.0131247989334958,-0.001890634379765951,-0.004897476052899725,0.0010353320668291524,0.17968333219281304,1.1947977265930305,0.2899713748388211,-1.043425476522444
0.013031429623927039,-0.0014761460545735334,-0.004881366878830767,7.812286272829253E-4,0.16416920750771358,1.1164536639953146,0.24067482028378404,-0.9849337143257376
0.014091665580923049,-0.00403511201072828,-0.004624829939045747,0.002784478310311686,0.2781838432011887,1.8121582322921053,0.12754208697938843,-1.5068778510161127
0.01396685487766113,-0.003781541536438483,-0.004686076796546368,0.0025489127502382417,0.267837048716868,1.736769456681895,0.18720533152508276,-1.451942588842095
0.01342098543085005,-0.003083548305165483,-0.004966452468555236,0.0018929565678339445,0.24176587636032032,1.5174671640002222,0.3521157197237296,-1.2852772410260467
0.013485268983506712,-0.0027904715700603727,-0.004849064241796115,0.0016907177925793652,0.221184576911139,1.4331114283382114,0.31383171875694477,-1.2253912849058044
0.013650686573031352,-0.0033514782532692734,-0.004854315874813252,0.0021454926268636375,0.25350565634919664,1.6060238267442395,0.29419891638738044,-1.35329116240273
0.013882606298628024,-0.0035419976198428184,-0.004707800701296241,0.0023356247295416377,0.25675625492850507,1.6599829007309945,0.2227282696568588,-1.3967982620842618
0.014441270998906628,-0.005361603176499379,-0.004450251909428882,0.004122062108973676,0.32870371874564647,2.2799080911698755,-0.30028454160903983,-1.8111194277540028
0.014573961879736858,-0.00547597324065062,-0.004304387936623704,0.004222931799089189,0.3162549146412159,2.260292909115614,-0.3903853688619082,-1.7930317982960418
0.014602368398828728,-0.0056048896695175005,-0.004272555846153971,0.004362315634688405,0.3183302063762867,2.301319504320482,-0.4570364626701689,-1.8142918331231748
0.014624642001392477,-0.0057632566724488184,-0.0042429215765871905,0.0045398934786363,0.32029989472096615,2.3556433721081773,-0.5425904671205314,-1.8414564543366976
0.014724561503015396,-0.0058955638978282,-0.004117092183155529,0.0046597588766171165,0.310558311553706,2.3424598939500307,-0.6390413122801119,-1.8230027654352021
0.014811258485645571,-0.006018477895323083,-0.004002431669174799,0.004768021825055597,0.30126565056313087,2.3264821465124847,-0.7274135046943452,-1.8021118854780764
0.014335052789417088,-0.00398848392082593,-0.004398862901176411,0.0027527050377443825,0.25615794035142203,1.7548724979295673,0.05598936236191915,-1.4684298324788043
0.014373530271435992,-0.004198684328096079,-0.004394314791376545,0.002941725150192024,0.2675562542606435,1.8178860670952681,0.018119267571383654,-1.5125613600417167
0.014517847052796346,-0.005022110275571211,-0.004344106096878631,0.003739408721915098,0.30159629345830136,2.0917671238559143,-0.20642531295547953,-1.6936208080582025
0.014533187568004806,-0.005206844627874569,-0.004339552866652661,0.0039338730921509146,0.30892343009186735,2.163356273973529,-0.27208129450099466,-1.7373876386644196
0.014489655889927814,-0.0045161150888236344,-0.0043246844598530615,0.0032351907483110605,0.27484859592762345,1.9016766764661244,-0.07132236120902143,-1.570350167970749
0.014603395315812236,-0.004692038894034649,-0.004231746461864454,0.0033952899094114486,0.2752377026063673,1.9315906962885756,-0.14458714478291937,-1.5894571974069307
0.0147061089950284,-0.00484947953145971,-0.004141360835024493,0.0035365152768111995,0.2722913707041364,1.951647016604657,-0.21168367604023144,-1.6000117346635452
0.015098779129128576,-0.006749371506659449,-0.0034868668552344895,0.005456454664799014,0.266998632101131,2.2692780425364236,-1.2443943100843857,-1.6760349177370668
0.01527645875993075,-0.006765378043657847,-0.0032811447163915847,0.005342073447340293,0.2426237882618292,2.117004440330232,-1.23807319044699,-1.5777457920903804
0.015057717151529905,-0.0065690559534177006,-0.003595467270720212,0.005276376601560753,0.27102607359262526,2.2785202054403086,-1.1133937298791243,-1.709288461692692
0.014971527511044018,-0.006444952863999516,-0.003731983802168518,0.005186123894807855,0.28381524617389653,2.32590847471959,-1.0244019806464366,-1.7567014025706853
0.014959654376960127,-0.006299637662764413,-0.003780663550734587,0.005022638049582602,0.2840453110857499,2.3006882405767857,-0.9237374126818493,-1.7574483449269949
0.014891332920050983,-0.006154230787506556,-0.0038885497207861957,0.004889099404705416,0.29201537952395745,2.31185492417255,-0.8224158930990023,-1.7799969633747652
0.015306668579701472,-0.007479502472776551,-0.002882854583119038,0.006088456794906474,0.23430459487002103,2.0399962915864953,-1.7743141409129932,-1.379223175138248
0.015312747721594917,-0.007411961479404017,-0.00291923410313281,0.006010406438316243,0.2328097229671851,2.048980053993241,-1.717772024668509,-1.40314093137365
0.015348887047220101,-0.007556110650705114,-0.0027876900564881638,0.006123997879350884,0.22715655777129148,1.9820738565486968,-1.8171230935624452,-1.325123913777247
0.015370312139833732,-0.007749978608806497,-0.0026272481819864836,0.006297098666083015,0.2227669121379481,1.9025486252659836,-1.9585329230296484,-1.2205222475037127
0.015413788441027493,-0.007689146998453483,-0.00262900809158349,0.006187122746788601,0.2191923322476857,1.8856172272434812,-1.8891743862390924,-1.232467479441582
0.01541141164101692,-0.007626528531751874,-0.0026758167864662104,0.00612758821827228,0.21995027020352906,1.9077471717823582,-1.8425582494693902,-1.263791739370439
0.015375035827197405,-0.007912162853821866,-0.00249474369388266,0.006450788774431458,0.22077968008131085,1.833603312209415,-2.0802545278037594,-1.12547205495823
0.015417437205302142,-0.00782896021940519,-0.0025204452943840476,0.006319465650029471,0.2158823580777173,1.8309731214472966,-1.9926059296301066,-1.1566107649644586
0.015375543291917627,-0.008065766532528574,-0.0023628607738960046,0.0065958229181524225,0.21890751161524322,1.7582216540976816,-2.1956590833225715,-1.0246798483602682
0.015391231771046674,-0.008153760308558137,-0.0022689581804428006,0.006655667382276956,0.21693758104103902,1.6979702955114793,-2.24836246622117,-0.9578236319880279
0.015428692751354037,-0.007990861594044829,-0.002378420038123059,0.006458778528097405,0.213929684146859,1.751257702744135,-2.105210276498689,-1.0554526790456558
0.015474281522243819,-0.008198882162492711,-0.002154767975583626,0.0065852910753626355,0.20735355449861984,1.60500659901796,-2.22043117445223,-0.8991905242476453
0.01554233527231838,-0.008264892279881872,-0.0020373809519834765,0.006550362535832231,0.19996285169286523,1.5150639457208335,-2.2145440951177515,-0.8320785371673601
0.015589634416476556,-0.008338894303641688,-0.0019312223201174445,0.006545975978901886,0.19484338801245993,1.4369522125100205,-2.225503029989585,-0.7658607868201113
0.015571589620853643,-0.008424786099926876,-0.0018631029403782975,0.006635555857817213,0.19682507090493231,1.3952670829014642,-2.289020044865063,-0.7056150550433723
0.015587347627718982,-0.008522650427799204,-0.0017550213848733615,0.006685073400210152,0.1949791153142437,1.3199075119346093,-2.331478050037567,-0.6259880209887996
0.015552212276913552,-0.008772750204507126,-0.0015160686486558256,0.006903546087909098,0.20007740807483423,1.1567581883699762,-2.487108935206782,-0.41738837600607404
0.015596923624588628,-0.008845759335472462,-0.001408691528305193,0.006880975260404737,0.19515840498554282,1.0740601446502323,-2.47979278111826,-0.350255593084369
0.015584431433918158,-0.008620909895909383,-0.0016569019552314045,0.006757379839273258,0.19596715416863447,1.2526342561047172,-2.3851916180202473,-0.5460419869745973
0.015604610179209812,-0.008706034336837696,-0.0015546910727834836,0.006784247360052872,0.19391763732570866,1.1780316003884432,-2.4103680238619543,-0.4720661623613934
0.015634879622012123,-0.008915338657795242,-0.0013105075608872716,0.006863459384492396,0.19182676106413402,0.997984424654813,-2.4740642795554026,-0.28733366848734243
0.015668085049568993,-0.008858435723832927,-0.001354229550696807,0.006782834011948497,0.18786554831797966,1.0259460201175716,-2.4227604288628344,-0.33673738690863375
0.015333122943261758,-0.006906883935260816,-0.0031620050957220287,0.005450909089558303,0.2356133866084512,2.0747288864686637,-1.3295906463096847,-1.527835772332965
0.015380315393124852,-0.007046207126292976,-0.0030483354841837414,0.005559607034939928,0.22958877243195422,2.031888635311461,-1.4201143082634025,-1.4766830086541116
0.015345154204687066,-0.007258770868883261,-0.00297506219607384,0.005815888776587153,0.23045021015908876,2.0438504798796573,-1.5872370600189945,-1.4387816877258182
0.015358493610649513,-0.007352426097677268,-0.0029072453336747906,0.005901711202657997,0.2289784790893275,2.0173904191579455,-1.6551447351202455,-1.400984810821581
0.015433001307497817,-0.007177108249026818,-0.002927704563097423,0.0056494103055155925,0.2222293022863635,1.977728532444182,-1.501409967801057,-1.4176944435131942
0.023821637227828294,0.013544570872114482,4.303114632687108E-5,-5.602845952345116E-4,0.19035068968378846,-0.12773507819580446,0.41256249413431906,0.1484178899080432
0.025,0.012795049137372562,0,0,0.22213876285721412,-0.0026023189995761087,0.48646735436832816,0.02826057202271302
0.014860428242348268,-0.011961629321895416,0.0029401238626887614,0.007287438947679601,0.2897903384129253,-1.9835102329065777,-1.8286518516104746,3.024183146496073
0.014882212109420366,-0.011930119696081218,0.0028823191531673334,0.007293512925714534,0.2881109276620619,-1.9510344942833835,-1.8583410904846924,2.9843243913594653
0.014917939531549018,-0.011881442761134892,0.0027908229903248686,0.007298105565944907,0.2852112317125341,-1.898217304851396,-1.9018939923343317,2.918188559710186
0.014911985830602242,-0.01191321085486663,0.0028306570451443434,0.00727067394367612,0.28388769640851946,-1.9175192993719186,-1.8694581548077438,2.9334099663966238
0.014940072685988865,-0.011740200825235655,0.002612980698253546,0.007420335416349657,0.2914075394304811,-1.8086522136536478,-2.0451665259146448,2.84873430164529
0.014936483632063818,-0.011772185043322636,0.002652515494981666,0.007391398448209082,0.2898739352381576,-1.8287469859689176,-2.0126180312760424,2.863470007773143
0.014925353162611005,-0.011801267551656055,0.0026966207507162676,0.007376294346126746,0.2899225245628662,-1.853260000326499,-1.9854036329030518,2.8889213238300715
0.014934517593378672,-0.01183824212543148,0.0027265584058228268,0.007322256476916722,0.28533865266723596,-1.863753447721235,-1.9430779103923226,2.8828131639396863
0.014990064298840186,-0.011672757307564582,0.0024845114168243827,0.007414838205114652,0.28593573415962187,-1.7291548867117499,-2.095848785300855,2.747945260381302
0.015021325805877199,-0.011646528648284063,0.002423178325205323,0.00739352822484573,0.28152742448979534,-1.688468268426288,-2.109155393098723,2.6901368459220123
0.014970046101571918,-0.01172763607230671,0.002567239360394743,0.007388554116344877,0.2863319408226767,-1.7766191135455613,-2.047173071640714,2.79719322862116
0.014998719223565295,-0.011709041300645706,0.00251674118077443,0.007364766290227196,0.2818776847892202,-1.7426861910451683,-2.0553338184096854,2.746595055643469
0.015333170751253343,-0.010842515882007573,0.001181860427393529,0.007485141886730975,0.2507187783978814,-0.8685123857832915,-2.57212300666728,1.7769014921350441
0.01534201852403487,-0.010799186585577603,0.0011201213813506609,0.00749090201534378,0.2498627302636655,-0.8250012982881504,-2.591172832381761,1.7315104708131446
0.015403376949128576,-0.010654025797644531,9.012470881189367E-4,0.0074475628446755955,0.24061892632488338,-0.6653924340814193,-2.6193321038027992,1.5433488652280838
0.015388919245882421,-0.010711210084790842,9.828306270907746E-4,0.007449754235539396,0.2427261237601048,-0.7243396959514703,-2.601688739646882,1.6074100647403873
0.01537245645476458,-0.010763494655795739,0.001059010070962447,0.0074554927530736835,0.24514314048774163,-0.7792586660771493,-2.5864896235694173,1.6687990432916386
0.015290599098997097,-0.011038361817058098,0.001460893411438015,0.007448941597137866,0.25563173516237253,-1.061518496635723,-2.4745375045607383,1.9770911340882438
0.015317258319223889,-0.010986798906749702,0.0013788077950290243,0.007435094184390743,0.25160173795969815,-1.003677515006913,-2.4903855672918596,1.9074269958952448
0.015347129128040789,-0.010937732360089741,0.001299016637453132,0.007412767770438952,0.24728795945369705,-0.9466748088972347,-2.5000585388517407,1.8361192614324102
0.015371161016234642,-0.01088627556833265,0.001220120343796236,0.007399710210241589,0.24410169087405578,-0.8905822928989034,-2.513963356432272,1.7696518537088763
0.015039088878698752,-0.011605848586279943,0.0023589589832147865,0.007406105474656016,0.28043072735531926,-1.6498062602890398,-2.1416390727009307,2.647456879603699
0.015088665543733504,-0.011436818192452057,0.0021120405821854443,0.007483801884493618,0.2797909375207726,-1.5007105115548713,-2.2787460091241507,2.4966899738304886
0.01508013268515476,-0.011471784500818637,0.002162049364676465,0.0074665366863107705,0.27970084953601143,-1.53124478916356,-2.25063836025973,2.5266587188740233
0.015054090418429998,-0.01156607068440234,0.002298263245849729,0.007420893903002687,0.27978196261103183,-1.6132660449561895,-2.173542034819228,2.608460710851574
0.015069442549151843,-0.01151423183495619,0.002222680285305988,0.007445072932026086,0.27960424520038146,-1.5679301390639422,-2.215916842781109,2.5626391958930306
0.015128328822240336,-0.011431602661695336,0.0020715092016129586,0.007425309968153298,0.2723302974426987,-1.4686552042735779,-2.2612006726911704,2.436998667025962
0.015138660937090664,-0.011395715682064319,0.0020192781304234765,0.007439139622368936,0.27195829304232233,-1.4359108279021813,-2.2876826664638266,2.4034358226394725
0.015125579027942399,-0.011299228239803841,0.0019099887896581492,0.007538713042613226,0.278309826033215,-1.3732286882148645,-2.3813873087567288,2.3671928553047934
0.01515367947205693,-0.01127060338766632,0.0018517736869566234,0.007515067579801298,0.27398592417965834,-1.3324657003291052,-2.3881353152656675,2.3108330824282635
0.015172421019534667,-0.011244264825598912,0.0018041778084487044,0.007504361347749371,0.27121537758818487,-1.2996739850804282,-2.398060715953505,2.2687503526036203
0.015151317097309045,-0.011349553863486317,0.0019523275740370685,0.007456712838881676,0.2715882323654713,-1.39379230743075,-2.321057314234585,2.3604350082238192
0.015200963201233203,-0.011217122986257863,0.001748760574130965,0.00747762942739614,0.2668478842069952,-1.2602422371813373,-2.401409135266386,2.2131903351347355
0.015226712391027575,-0.011191268462935257,0.0016976932375070291,0.007454002177913353,0.26288871716918855,-1.2238529628169585,-2.404651790284696,2.1625654160169216
0.015255236859486558,-0.011154471942665866,0.0016315815958825464,0.007432744797684283,0.2586315742954212,-1.177252072067757,-2.413829631050009,2.1017274325618094
0.015292487561739251,-0.01109405668903246,0.0015308078060523086,0.007411372879143845,0.25397825835341403,-1.106802136303923,-2.4328915150093327,2.014309334959815
0.01528925436720284,-0.011130398835827586,0.0015787297017543262,0.007393293564326052,0.2534568899228525,-1.1381931510760952,-2.4083533092478633,2.0432246381555066
0.014588918954776486,-0.012419475374038466,0.0037105975841186622,0.00703898884566529,0.2943221997256961,-2.351169611096719,-1.3113210555230361,3.4438903213533507
0.014625461408011173,-0.012355174215456018,0.0036076412086969672,0.007086608682547824,0.2951321403227707,-2.3094558417147906,-1.3912590011788006,3.3988096837121087
0.014605175910514032,-0.012394869798063651,0.0036681394334086856,0.00705489211052899,0.2942780638296832,-2.333393266019845,-1.342486551293503,3.423198487623856
0.014624241509629227,-0.012379616272128916,0.0036290535801166866,0.007053691066822902,0.2923808632730416,-2.313582111120491,-1.36291850747605,3.394684724361325
0.0146487176886347,-0.012350945153654333,0.0035717096717061197,0.0070642610776257535,0.2912958626382452,-2.2866675664444935,-1.3988829473873887,3.3598344482355627
0.01466488305620176,-0.012333303268793153,0.0035349107013944894,0.007068942418993285,0.2903033332069524,-2.268774734267382,-1.420797669566505,3.336191823898247
0.014697584665267733,-0.012286241489949435,0.003450962307751732,0.007092695413579003,0.28951182668745107,-2.2300636342193374,-1.4767286888664646,3.2896617527837564
0.014683085132969348,-0.012313095289182927,0.0034932336398270404,0.0070742610289975935,0.28916154190553733,-2.2483802453439057,-1.4453811077134724,3.3093791142375495
0.014716409467412126,-0.012225862114275819,0.003373357952371824,0.007149698069910781,0.2925325528738081,-2.1999482141540363,-1.5461245394223797,3.266292511350335
0.014706828219526943,-0.012257107555051612,0.0034135315010901334,0.007120239739404024,0.29078924538681145,-2.2156826821643136,-1.5103125699846245,3.2784993882798275
0.014745086292716262,-0.012218560056678842,0.0033290881527171393,0.007122547509480362,0.2877247612030519,-2.1714386562603614,-1.5544060321472242,3.2187670036924034
0.01476239322140127,-0.012192705006849472,0.0032835017479133123,0.007133882446616786,0.2872359320267284,-2.1490869473379326,-1.5831753909076731,3.1921018035095563
0.014781720725144604,-0.012157561472531147,0.0032267749526122716,0.0071538220451515325,0.28695094048658737,-2.1219957636858164,-1.621600850266683,3.1620185014956257
0.014855242002064159,-0.012018066554377944,0.0030029113468580293,0.007227528392768819,0.28593306270863156,-2.0100620900007122,-1.767652745233301,3.038314514579277
0.014811816837061748,-0.012130530629909823,0.0031638402895334317,0.007148338597396528,0.2838191551033243,-2.086792191887563,-1.649377997991153,3.113252887913721
0.014863928867928583,-0.012045660634313234,0.003019470900488466,0.00718256255502662,0.2818736636996238,-2.01227858115589,-1.7360965469377434,3.0262105776008132
0.014853244286919857,-0.012072298801777282,0.0030579839074675818,0.007164856091514723,0.2814144830919117,-2.0310018290422094,-1.7086468527172993,3.0448951771117607
0.014834469103989154,-0.012101626122680616,0.003108725730462877,0.007154152931701597,0.2822592328485611,-2.0574318480960128,-1.678918756808363,3.0762112803040256
0.014877212264806832,-0.011994667693421217,0.002953597716815398,0.0072250348014595124,0.2837292250520734,-1.9816321540581254,-1.7892172541526958,3.000451773869568
0.01457611594710896,-0.012517929299939235,0.0038020589108201286,0.00691153791632578,0.2846179960882971,-2.368268193726244,-1.1966585788372477,3.4321452593513238
0.014605197987787073,-0.012449095527838364,0.0037098997995605315,0.006977588372561662,0.28779130900348093,-2.3378656411269874,-1.2805657676390203,3.4068951886797554
0.014602582307943549,-0.012498581792215576,0.0037500729662238406,0.006909804873126749,0.28224542886463605,-2.3430014903964147,-1.2243181138155028,3.3950809545759895
0.01462189820321749,-0.012479330516185584,0.0037085655190938842,0.006915422545667744,0.28117728945193293,-2.324112210339276,-1.2497941719221715,3.3695143365281766
0.013781116808711176,-0.01343794927377311,0.005452917108083198,0.005997285159543085,0.26616251501143506,-2.7011734286531843,0.27253610556009483,3.868822165805796
0.013775120117872509,-0.013457088394273703,0.0054626602689266555,0.0059652564589140495,0.263443048478664,-2.69181914089405,0.29268890381041957,3.8515284644458405
0.013801812319977833,-0.013432321182929854,0.005416100953356422,0.0059992322073066226,0.2644746689865873,-2.692963260028279,0.24552392484313892,3.849987942047274
0.013822446995339242,-0.013420566400118112,0.005379651610725019,0.006011805889442178,0.26390149997215734,-2.688492176608618,0.21453974477484752,3.8387505827234496
0.013838059935060728,-0.013405326597391139,0.005352090135631135,0.006032323443947478,0.2644998588289051,-2.6888724143156892,0.186561989548068,3.8378399992186227
0.013850878473615795,-0.013385997890562298,0.0053292541491987986,0.006061057347248363,0.2662065603476637,-2.693193416502293,0.15847145566980483,3.845166936771126
0.014558303399033894,-0.01255124646844524,0.0038512689608606212,0.006882643943874614,0.2835988560761304,-2.3851846914934125,-1.1548546762956724,3.4489818984939653
0.014543191315745212,-0.012582128648468261,0.00389437795209104,0.006853653998031656,0.282338042465085,-2.3988461065009896,-1.1161967830230284,3.4613132826807633
0.014518647322370529,-0.012626167827859908,0.00395949815580329,0.006814356460129234,0.2810847765449552,-2.4197535878787715,-1.0599291356719263,3.4821877963868073
0.014536645903645489,-0.01260875761970986,0.003921556261816766,0.006821291958742539,0.27996467314150636,-2.4040067414205857,-1.0848434199834998,3.460539080976967
0.014529801336396983,-0.01265206775131152,0.003959204114233163,0.006764246965845393,0.27592795435385276,-2.408130925930287,-1.0353224849995102,3.4522395960850902
0.014492640857931722,-0.01268896376029066,0.004037239960444209,0.006746879691137234,0.2772053735835885,-2.4388794156366305,-0.9821735691239242,3.4941094355190776
0.014525132412359231,-0.012677263412640338,0.003981565873312185,0.006731591423195804,0.2732819052660615,-2.41055820995186,-1.0065475435329916,3.4478045019611128
0.01446894099892978,-0.012715227651560688,0.004088555649327193,0.006730733378046705,0.2777261390809618,-2.4575885142165865,-0.944534701600979,3.5186643517273555
0.014448392453452717,-0.012740347512539517,0.004134261941446177,0.006712484311861174,0.27773200476474275,-2.4729772675328134,-0.9089419122406844,3.5379854551858334
0.014382829543546263,-0.01281756819961804,0.004277245651962081,0.006654523271910061,0.27778650543940636,-2.51884430090017,-0.795906887811815,3.596678562024913
0.014427681883845255,-0.012765931446926693,0.004180274651869526,0.006693021485953611,0.2775954565842713,-2.487867914746151,-0.8723723420951749,3.5565616762709653
0.01440585550643668,-0.012791031553140236,0.004227549305882826,0.006674695245373796,0.27772407022056034,-2.5032433612925655,-0.8354165090204636,3.576472685152947
0.013870090725435767,-0.013369086231878886,0.005294836893082542,0.006082352926344277,0.266532979407812,-2.691671313172911,0.12541322831340015,3.840689514738325
0.013894748719211118,-0.01335781978895619,0.005250883619548945,0.006090692868647523,0.26515510994189345,-2.682829998928422,0.09132370060901991,3.821704141714918
0.013917518165506597,-0.013343686410441332,0.005210145097574673,0.006104492015694151,0.2645144527214161,-2.676473018480294,0.05728182609824745,3.8081575365062528
0.013939492053921075,-0.01332679406269772,0.005170536346703042,0.006123023143579522,0.26442846530337966,-2.67175128108539,0.022078384531331898,3.7983034394946666
0.01395893969163887,-0.013306919694154276,0.005134890751898261,0.006147574415908325,0.2651029584674571,-2.6698966764860406,-0.01287800615338461,3.7946240786625616
0.01398673654745224,-0.0132580961487649,0.005080792310072266,0.00621731967414945,0.26944160783218946,-2.677264900424475,-0.08008003683280927,3.8107137862853087
0.013974992719594721,-0.013284091899022361,0.005104516965288584,0.0061786519477394835,0.2667752403149628,-2.671473791469033,-0.047080954476862946,3.798244065252262
0.014009666641433693,-0.01325997002139933,0.0050413456010765315,0.006201038875237177,0.266067917778461,-2.6600747283494477,-0.09964571672148569,3.776682140718159
0.014026461210955035,-0.013244856931979172,0.0050101640156268055,0.00621734483469187,0.2661347524704816,-2.655929436128165,-0.1277814548487314,3.7694236707730346
0.014046387599944055,-0.013225421808562746,0.004972751448962258,0.0062388524220824285,0.2665900988003933,-2.6513126352865832,-0.16234025164310653,3.7618367176662453
0.014285752530406126,-0.012916329982519731,0.004478552446943721,0.006582301310481964,0.27898595592391556,-2.5803732477413424,-0.638243389171901,3.6817044049611396
0.014307240318949973,-0.012916850228890709,0.004443997995506979,0.006563251654492441,0.2755670604659305,-2.5617177150177866,-0.6506976046994657,3.647509798905942
0.014276150335271262,-0.012940688710360929,0.004504361427505106,0.006550715928274754,0.27685047233897625,-2.581621055123902,-0.6073002684118505,3.678056443379622
0.014264391823551282,-0.0129705863349278,0.004535443149257382,0.006511605767479389,0.27406922812072887,-2.5825501429445583,-0.5695197776839455,3.6728124224987506
0.014265944714428661,-0.012999882270511715,0.004544004071813926,0.00646266866095223,0.2699556209429761,-2.571974921844775,-0.541391307217799,3.647067024085969
0.014067548470878115,-0.013206229884626728,0.004933069258197745,0.006258710603226805,0.2667286496633435,-2.6451809839719207,-0.19754932610375128,3.751632362464439
0.014156697194409543,-0.013109326515156032,0.0047596621546969935,0.006363536466770535,0.26931934022094706,-2.620294866991586,-0.3583843497145247,3.716445650200552
0.014087351927638948,-0.013185325017621789,0.004895154972517479,0.006281825319241594,0.2671023955635381,-2.640341579284954,-0.2329242034218494,3.7444262380916586
0.014097975201196,-0.013163292501208648,0.004872262593974411,0.006312369831624838,0.2693724787344104,-2.6424164958618084,-0.26170209819143764,3.7509421264888188
0.014119101198242306,-0.0131515002913189,0.004833751923389854,0.006318371176667891,0.2680432685822422,-2.6315561196187462,-0.28976424087956715,3.7317372558303394
0.014139037107258702,-0.013129446764987207,0.004794668982328343,0.006342041322378561,0.2686632437368919,-2.6257132601465916,-0.32589524025300826,3.723643823074585
0.014187400038577087,-0.01311733344101762,0.004710843895919264,0.006328703227398391,0.26368314956370015,-2.5930214171707053,-0.3739895182035114,3.6641663294522178
0.014254736462794994,-0.013021231520052245,0.004569956184900658,0.006436694850007749,0.2681904240727973,-2.574246125352422,-0.5130503813714863,3.646755087057677
0.014201481131494435,-0.013093867024282715,0.004680848257270394,0.006357423394485588,0.2651364384025437,-2.5910698496879725,-0.40634087734489416,3.664347306286714
0.014214986128008106,-0.013066529571821917,0.004650222319165694,0.006392596348421951,0.2674239540603543,-2.590598747698532,-0.44196963850035953,3.668198477523077
0.014237791292617935,-0.013044096041975319,0.004605486069886682,0.0064123463232515845,0.26733299615611544,-2.580254680421365,-0.47939921266438407,3.653282750791852
0.01432518974951119,-0.012905687568816021,0.0044103132454285454,0.006565875902051268,0.2744002055134831,-2.5492347020630883,-0.6726875567170496,3.6275958824356107
0.014348133892903138,-0.012889532054735265,0.004366533355645417,0.0065718137818426975,0.2730811808223243,-2.5334190714552203,-0.7023769595176043,3.603137120022788
0.014364644771770003,-0.012866224993953401,0.00432962067516697,0.0065942358367389,0.2738397681633445,-2.5245354618720905,-0.7355096757018965,3.5932913051684428
0.014379700956513426,-0.012846099127739841,0.004296272392499896,0.006612516173299779,0.2744075356109937,-2.5157570993880323,-0.7643578559220275,3.5830188267034444
0.01440089420695842,-0.012842820782027482,0.0042614981557694215,0.0065985287793323254,0.2713916019492152,-2.49786674181228,-0.7784989299809217,3.551689547682993
0.013148010142035147,-0.014006907867025312,0.006397826626565948,0.005026317197350764,0.23400704337512276,-2.4371150485268145,1.334807780561693,3.6086128588799187
0.013093991878739292,-0.014043054946842555,0.006468684430345511,0.0049501253080528945,0.23262365159293694,-2.404504859223295,1.4140014801517091,3.579137131826815
0.013076374269799601,-0.014050599481220729,0.006494306537960016,0.004932240674407889,0.23292208763371833,-2.3969305544872377,1.4393804941205044,3.57559833203736
0.013072079477584049,-0.014069361780498092,0.00648860150348031,0.004898307854491773,0.23003951020563604,-2.380549565580711,1.4460158406986334,3.547467948582678
0.013111924000507742,-0.014054837035935784,0.00642935336827595,0.004934116016023851,0.22902311509296222,-2.3953786883491586,1.3891809375362818,3.5514156867944418
0.013125187535836066,-0.01404483582325449,0.006412988478996871,0.004954756154882164,0.229610178231522,-2.4043909767116,1.3699652667636169,3.5605535738861245
0.013136834793730182,-0.01403600533213282,0.0063985262235968935,0.004972862970107402,0.22998328374932128,-2.412221403944656,1.3529915855256647,3.5684855816613736
0.013148427653514379,-0.014023407446748015,0.006386472684185835,0.004997453883785382,0.2312812365126721,-2.423089054943621,1.335710145937309,3.582199056267073
0.013227131172552378,-0.013966399696128335,0.006283185423822601,0.005111976388844156,0.233821860486743,-2.4693976500778305,1.2188228940119548,3.6259048314245317
0.013164884702596323,-0.013999807011523611,0.006372633542840153,0.0050422894301560784,0.2337009465445827,-2.4431823073266354,1.3102583074457514,3.6104491957515683
0.013213795756750657,-0.013976156980413818,0.0063009621237526065,0.005092727153932039,0.23339202795322603,-2.461889395619061,1.2388400406257611,3.6188913928276505
0.013199273531403504,-0.01398525190889842,0.006321089008828342,0.005074300444701966,0.2331170220213287,-2.4548124441673065,1.2603311547845701,3.6134022025683237
0.013182905481247113,-0.013993352895630024,0.006344943963830105,0.005057116370698215,0.23320114017128776,-2.448414683285778,1.284229402797287,3.6103014128579374
0.01328310876542595,-0.01389458817405094,0.006223353379770564,0.005246159401752148,0.24098650785771647,-2.5249032643703124,1.1271637755629795,3.700928588679447
0.013240073950927434,-0.013955798669381361,0.006266445832765405,0.005132524916002649,0.23444293081677992,-2.477467079332055,1.1991290152878988,3.634256164620816
0.013252219590646841,-0.01394461735374522,0.006251284664481876,0.005153874788404567,0.2352520802353558,-2.485921277501044,1.1803241344305448,3.643810243554063
0.013264244402905133,-0.013934032047318017,0.00623585260690828,0.005174049875320791,0.23594129515598342,-2.493744001638499,1.1616740626504116,3.652326736654724
0.013276087442966026,-0.01392323109592824,0.006220715239325277,0.0051944830801863425,0.23668341202014034,-2.5016100300589783,1.1431606046832983,3.6610994616596813
0.013285265648851389,-0.013911241103137805,0.006210784419688202,0.005216677058567809,0.2379559964787168,-2.5106286846936254,1.1279302849197717,3.67337563563171
0.013302215296792234,-0.013872148505481852,0.006200606795678998,0.005287887245230873,0.2430686286954453,-2.541311256957437,1.0952748963114745,3.7222337363757805
0.013296465102867455,-0.01388714824573111,0.006203313919948275,0.005260586863233467,0.24091915543382042,-2.5294768147651707,1.106932862966734,3.702985488957414
0.013323303537441392,-0.01386859625846843,0.006164570279513695,0.005295573596340212,0.24161077959386687,-2.5411387235983898,1.0652951609058032,3.712005456348877
0.013348330231752817,-0.013863040200230227,0.006122531502228494,0.005306676498899414,0.2401316830012638,-2.5416208245852254,1.0297301239628798,3.7015747830153676
0.013383597533606104,-0.013824996819311838,0.006076729223712502,0.005375410553131052,0.24330962144706292,-2.5662269849846076,0.9706099489239159,3.731870052907601
0.013371103536526867,-0.013848470296869276,0.006088647434827871,0.005333313250667943,0.2403890238894531,-2.5494449067231035,0.9947554402560926,3.70610115624413
0.013608759564550123,-0.013625652483445048,0.005737573236521784,0.005710834066451107,0.2540758270075902,-2.653033704663336,0.5931597526474718,3.814016380606017
0.013626783003777926,-0.013618871944533373,0.005706676125249059,0.00571914643665107,0.2531796981230205,-2.650533068403691,0.5673961182136975,3.8043764945775105
0.013644290469829927,-0.013609040835032142,0.005677331927596121,0.005732782615660368,0.2528590418635193,-2.650243775519902,0.5407427956847412,3.7992477458774716
0.013658697362539331,-0.013597477627697896,0.005653787829122704,0.005750011242662144,0.2532389813488249,-2.6523069260035013,0.5169125955253154,3.7995258885211567
0.013671397313859197,-0.013585732241081358,0.005633203316712829,0.0057677991360730796,0.2537844241575864,-2.6550498033522847,0.4949636571862632,3.801634800161402
0.013684070929559275,-0.013572724593990079,0.0056127420991059045,0.00578769055183643,0.254554239017139,-2.6585186248362374,0.4722758397154417,3.8052399324876593
0.013697972200531613,-0.01355582489391165,0.005590502455853638,0.005814021980468508,0.25587103429593144,-2.663944036830344,0.44571457860247277,3.8124161445168387
0.0137368020408117,-0.01348675254435499,0.00552915131813153,0.005925718295916801,0.26316603063687394,-2.692589760467406,0.35643722661897814,3.8593958340650585
0.013753387415322097,-0.013480057236101744,0.005499962841039816,0.005931996513158966,0.2621674524011644,-2.6882768990187382,0.332998781118758,3.8481763809414096
0.013714524645569588,-0.013514324857080609,0.00556632021601136,0.0058834465812012664,0.26109667595490155,-2.6850148019112368,0.4003068167471301,3.8490958248771827
0.013733053254376185,-0.013504275950502199,0.005534165156937474,0.005895508460525892,0.26050547951553077,-2.682451699198718,0.37235882187890423,3.840600469771135
0.01372006725638615,-0.01354192634125656,0.005552982747455608,0.005832315110135557,0.255627428532337,-2.662878873286989,0.4114311489176324,3.8057711652835082
0.013776609657418048,-0.013479424747845943,0.005458538225592406,0.005924846656523027,0.25958593644997086,-2.6759984224884126,0.30636708070430857,3.8206862010321205
0.013408146846010492,-0.013799589753116341,0.006043439531410952,0.00542076349873049,0.2451714627042971,-2.5815694933061875,0.9291553514663374,3.7501091875301262
0.013472200915570874,-0.013755281952434651,0.005945424230743245,0.0054971879352469265,0.2463203298167638,-2.600579544432158,0.8278952980817039,3.760498558794374
0.013493182075362771,-0.01376199496624419,0.005905545722973007,0.005483492297328568,0.2429466512034076,-2.589093029363539,0.8035543803162558,3.731626129796054
0.013426891549005712,-0.013791102959512793,0.006013219194183656,0.005435459386120087,0.24473841465921173,-2.5839520780997565,0.9011992183035201,3.746976505468354
0.013459308834149905,-0.01376802269717395,0.005963926560884966,0.005475237106223847,0.2454145424403796,-2.5940352358146512,0.8498119415885302,3.753152756330175
0.013444179872194954,-0.013780321307073509,0.0059864250641820166,0.005454049635450334,0.2448341274088626,-2.588237099003459,0.8743916668819053,3.748163255512147
0.013605353500585003,-0.013647432641569028,0.005738649682242306,0.005672434992974387,0.2506867964460355,-2.6381086105829854,0.6089955815836409,3.7869697386340184
0.013595560660741664,-0.013671663803883679,0.005750200728830596,0.005630987748898868,0.24752502733907722,-2.62376282395708,0.6335660296607978,3.7629519467981756
0.013508895537222761,-0.013748951908484488,0.005881993631629446,0.005505283616002689,0.2435716887013712,-2.5945841252025557,0.77801922560816,3.736289709012332
0.013513626578459996,-0.013729183171743417,0.005880027365611217,0.005540094701767611,0.24652041377436087,-2.608570407267367,0.7633991974905654,3.7606180523687285
0.01353247662949946,-0.013720115930563187,0.005849178444199341,0.005554096530361363,0.24604501004258994,-2.6094533370393314,0.7354026254003658,3.755926895103283
0.013550272914717125,-0.013703209730591016,0.005822446912256785,0.005581941898535061,0.2470809011658987,-2.6164285299869015,0.705186387088676,3.7630930110573746
0.013573397915841287,-0.013688960192694844,0.005785170702614289,0.0056039033178920455,0.2469782116247107,-2.619018275146002,0.669522148321405,3.7607089865736305
0.013405842930892435,-0.013822647336830036,0.006037958390132641,0.005379521391638462,0.24147451287159613,-2.563314335526018,0.9401530466299609,3.7172171569250914
0.012794114676174577,-0.01423814251696163,0.006826157947092193,0.0045002381577408665,0.22459312314816268,-2.181155561012044,1.8266393808313122,3.3628582495769686
0.012809521210430792,-0.014227917082233652,0.006809726925479668,0.004525077502401006,0.2250691192740974,-2.194599571096997,1.8068039657256487,3.3766798920333736
0.0128301624670711,-0.014226002961449963,0.006776800834269149,0.00453831170823251,0.2236305111363807,-2.202465268521525,1.7776449136501302,3.3757372909982792
0.012848062948385669,-0.014219822252121242,0.006752255118490035,0.004557128180266722,0.22322153940806763,-2.2127642443518827,1.753283164314537,3.3818982580100667
0.012464882930502498,-0.014400551517678736,0.007191614708129298,0.0040281994079924685,0.22294762091401257,-1.897323694601312,2.2347206205976655,3.1021891088149194
0.012478809847934487,-0.014392412983580863,0.007179155540266238,0.00405143396440135,0.2232427226967714,-1.9118219558904348,2.2193905304754664,3.1172817500629546
0.012408642773647114,-0.014430292773711571,0.007243970577091059,0.003938332621523207,0.22227950431007418,-1.8399146657845833,2.296782558975586,3.0445673280966763
0.012395054304126097,-0.014438240307768151,0.007255317642284451,0.003915221663509354,0.22195945645327275,-1.8252142283759716,2.3109850297971355,3.0290480183011037
0.012381339693880578,-0.014446309414672063,0.0072665441156694105,0.003891747265875122,0.22164100345262283,-1.8102532655680401,2.325129155019884,3.0131742640006425
0.012422519325534764,-0.014439155325735191,0.00721197033244782,0.003935623439318349,0.21977346951233326,-1.8425660549538,2.272600158543106,3.03374090012839
0.012436541672189994,-0.014432633584748606,0.007198092067547291,0.003956598121567686,0.21979736403368302,-1.8562106470445283,2.256889484364748,3.046741129817032
0.012450992101810249,-0.014425770526028316,0.0071838116572163204,0.003978325172338767,0.21985365489591288,-1.870239579303983,2.2406497254846554,3.060178510476595
0.012465593498094868,-0.014418377300095776,0.007169763779705895,0.004000881049929982,0.21999068659005674,-1.8846153065028142,2.224345520547441,3.074288117340659
0.012779845065628235,-0.014246880418407479,0.006841880753600152,0.0044783346221956,0.2242410463331046,-2.1691531607979275,1.8450414109012618,3.3510258055097677
0.012724308980291666,-0.01426079354327473,0.006921187052307452,0.0044252790230253,0.22644803927580923,-2.1374091282835184,1.9213311353334264,3.335606218055158
0.012712021559346401,-0.01426988958788348,0.0069326828071609265,0.004403230748106172,0.22584698116582638,-2.12510793801516,1.9363460903217489,3.321979995269643
0.012765520979850032,-0.01425491597252994,0.006858198780317639,0.004457451414199427,0.22402501098491598,-2.1575599333814437,1.863568119214441,3.3401335615217893
0.012750852410115853,-0.014261610433836903,0.006876227626806834,0.0044384853988117985,0.2240949781859943,-2.1467816125711656,1.882837651065371,3.3312431301177763
0.012738011571302717,-0.014266453480674228,0.00689289482738163,0.004423454382736732,0.22432292111413082,-2.138033165122111,1.899927876527378,3.3249261084598927
0.01269895261760457,-0.014279127631072926,0.006945175850580384,0.0043804286918084695,0.2253683651019371,-2.1122529403339727,1.9523184386035248,3.3080221254298174
0.01268571709325983,-0.014289121463238665,0.006957016493935185,0.004356199501137393,0.2246854605628986,-2.0986255514170353,1.9681128746399865,3.292717829152348
0.012519269236813018,-0.014368034903554127,0.007142833796799347,0.004119600764202442,0.22427666271032123,-1.9538785693139251,2.1743100872796948,3.1614140577771104
0.012505895126717898,-0.014375971203631266,0.0071551398725839864,0.004097343425301324,0.2239537303643109,-1.9401733898049465,2.1894221921288444,3.147173262357095
0.01249245088158858,-0.014384130888793966,0.007167144514832534,0.004074598382335744,0.22360708078017474,-1.9261529822250438,2.2043764874057916,3.1324137822100053
0.0126712245400215,-0.014297975028547258,0.0069718959322043325,0.0043330167925239175,0.22434061063936114,-2.0852518819683468,1.9859394844792597,3.2791491262284382
0.012656824913841527,-0.014306243032846444,0.006987050864149685,0.004310736455556147,0.2240500664698766,-2.072241210873885,2.0036932799826315,3.266319608221664
0.012642508460088226,-0.014313890400035549,0.007002552352904762,0.004289405090685626,0.22386924642730852,-2.059615612787674,2.02142085684348,3.2542890888031812
0.012628420464385448,-0.014320946574369086,0.007018153151999444,0.004269062266649277,0.22376680538282612,-2.0474132616974927,2.0389313768821875,3.2430083263161413
0.012615048418926788,-0.014328794100481901,0.0070316181020300085,0.00424777717244386,0.22349394065635772,-2.034784505422971,2.055000809317384,3.2302689430484235
0.012602068791670092,-0.014337628008271047,0.007043248151668009,0.004225059197332658,0.2230334526131819,-2.021464061221312,2.069969270875328,3.215798686276141
0.012533295340300107,-0.014376560292341982,0.007110949389076607,0.004115985425581489,0.2217921491775979,-1.9552556847973392,2.1503846106424507,3.1492630908509334
0.012588723537767814,-0.014346283314356431,0.007055496302941521,0.004202312599482471,0.2226116801413707,-2.008002535709308,2.0853732449745155,3.2014594225418525
0.012575024587787103,-0.014354585514243708,0.0070685328305476565,0.004179813159461659,0.2222770099074509,-1.9945214393491375,2.101280789192956,3.1875093035265536
0.012561090441752383,-0.014362457469111573,0.007082256009799241,0.004157750166498921,0.22202398882212315,-1.9811302883052593,2.117566193515886,3.174064747247273
0.01254704545183454,-0.014369767233446892,0.007096621880980188,0.004136406650137934,0.22187359007295207,-1.967983018836336,2.13412472524398,3.161330711285892
0.01208259042930603,-0.014592997865552898,0.007509283982396967,0.003404873454953879,0.2197499739658133,-1.4811134715291912,2.614590407007651,2.6784418217749004
0.01211101690680814,-0.01457907063303967,0.007489283716645143,0.003452628069979626,0.2199463811575162,-1.514140237738248,2.5901016881246544,2.71283203955112
0.01209690173124881,-0.014586140585170793,0.007499084120692954,0.003428735006581005,0.21981511225239683,-1.4976867977854467,2.602224815024019,2.6955882566467633
0.012124268103120422,-0.014588772815384683,0.007457415651743446,0.003452175315959597,0.21733874425392766,-1.5199711564952316,2.565846615180565,2.7053377280749937
0.01213868703572798,-0.014582854468467613,0.007445420864205801,0.0034744972571264907,0.21723822296369047,-1.5357307900108308,2.552292540834204,2.720710447162517
0.012183212089465148,-0.014545737106011035,0.00743273243294948,0.0035697272592298073,0.2200531921123863,-1.59529260651345,2.523414443224464,2.7948788181315614
0.012168712527578016,-0.01455261954735728,0.007444166357345901,0.0035461060875594196,0.22001401540272827,-1.5790684617976896,2.5369936593209825,2.7784029257371796
0.012153287663564391,-0.014576416623268425,0.007433725619438447,0.003497634975422549,0.21722363128314007,-1.5518466958573185,2.5387542370190705,2.736768887629182
0.012167694920371645,-0.014569317278072395,0.007423034454415439,0.00352143630032437,0.2173232736479713,-1.5681044350152866,2.525791009028653,2.753557575841304
0.012225829063767587,-0.014524672985414785,0.00739925436345812,0.0036398865964409354,0.22038033790810305,-1.6429499810946282,2.4831414116651644,2.84373095554654
0.012211784143023282,-0.014531643171717006,0.007410414783077316,0.0036168016423607165,0.2202600969770304,-1.6273157909759097,2.4965563602067147,2.8277240882691843
0.012197613587303162,-0.014538728122358248,0.007421440394386925,0.0035933572553805116,0.22015003899630495,-1.6114189936951944,2.509891325631733,2.8113605390982173
0.012239348850472558,-0.014534174827079735,0.007367132288583281,0.003638428431763038,0.21778407987990758,-1.6475266006017897,2.4587357081154697,2.834812740512581
0.012254002940563372,-0.014528354431630261,0.007353415542447586,0.003660114642808967,0.21765124489589452,-1.6625980010010901,2.4435971978577116,2.848969842343518
0.012367729725306358,-0.01447199031884854,0.007255811433744964,0.0038415690130713513,0.2184713474799953,-1.782992222872818,2.328341039030667,2.970111301892477
0.012283232671933339,-0.014513745186696158,0.0073294636978421335,0.003707464499535473,0.2179068308206413,-1.6942399922970581,2.414990500991332,2.8811761849515825
0.012269182688475473,-0.014521752046961304,0.007339793531779701,0.0036833061143367947,0.21759989734462018,-1.6784425897587507,2.428163882701886,2.8643026031924346
0.012353527887677844,-0.014479448872189679,0.007268033739830913,0.0038185906195618573,0.21829602803860793,-1.768045481910496,2.342999065832639,2.9548774807297153
0.012339235769414529,-0.014486724198802444,0.007280455635590689,0.003795724124177427,0.2181587492982706,-1.7530542206333586,2.3577365128247343,2.9397437066717598
0.012324818979621538,-0.014493666160215626,0.00729331937644163,0.003773159131144324,0.2180880600608894,-1.7380901059531857,2.372697036789869,2.9249212323914775
0.012310404261248927,-0.014500105583442448,0.007306656465371957,0.0037512470200002997,0.2180999392141819,-1.7233500851358798,2.387828213325459,2.910697914499495
0.012296445917963273,-0.014506256803204156,0.007319535083974075,0.0037300587568009466,0.21813155466869824,-1.7090161751903616,2.4024066818874643,2.896894155682507
0.012381951350189506,-0.014464353094543156,0.007243613570157119,0.0038647468961223847,0.21867595794328762,-1.7979709830270973,2.313608154866943,2.9854720629763656
0.012935243509790133,-0.014155270900690313,0.006659349795499232,0.004703985913758425,0.2270350876247815,-2.2881559665226416,1.6378813895782882,3.4626617698421716
0.012928816289722537,-0.014169907636467572,0.0066583183718440814,0.004676457728288074,0.2250123101779086,-2.274457709623972,1.6454667466700237,3.4410645562879045
0.013005585766438725,-0.014110472577438173,0.0065737217940434675,0.00480659901414125,0.228790144651445,-2.338261185505546,1.540295598156473,3.5099478280197682
0.01295544085410729,-0.01415302644534392,0.0066266281843234695,0.004715603189936573,0.22572389286404596,-2.2939823537383064,1.6091357933714512,3.459671507780712
0.012975559348235141,-0.014148832467937944,0.0065955955722595905,0.004730224945426505,0.2247758817730375,-2.3010868410650116,1.5808686701179135,3.459517770999279
0.01299192425758186,-0.014141337702331223,0.0065734929772596285,0.00474887410898047,0.2246786016757236,-2.3100467407592515,1.5582099114406252,3.465622220291023
0.013007376048825214,-0.01413272241043151,0.006553685346880001,0.004768934272719066,0.2248138083925281,-2.319606547070702,1.5368083956956988,3.4735761483666505
0.013023385995216847,-0.014096386836203774,0.0065535294919632624,0.0048367905543781125,0.22969392385102821,-2.3526028643884778,1.5153102473401197,3.525449063019035
0.013046863814353764,-0.014091493923846624,0.006516468825878975,0.004852561630499803,0.2284369804002214,-2.3594040352266687,1.4819676808072308,3.5233573088845644
0.013067443164025638,-0.014088461187260287,0.006483064623557686,0.004863877155559622,0.22721558337443448,-2.3639183360154843,1.4528396070025476,3.519107395205136
0.01286364257773429,-0.014213700846241947,0.006731445850955556,0.004574563449565639,0.22299251122492955,-2.222136111360015,1.7321465035038746,3.3881890356552264
0.01293070060333863,-0.014186679694135727,0.006641299947157997,0.0046487637877209035,0.22214416656173144,-2.260793176748994,1.6407316239430345,3.413670888738873
0.012915269402354573,-0.014190665277000506,0.006664074869635278,0.00463574707309548,0.2227506353440937,-2.2540938342664196,1.662137552665746,3.4117715880250046
0.012881853354140297,-0.01420869552822898,0.00670514190196094,0.004591101544561631,0.22234902771655787,-2.2310631499220404,1.7070143526523494,3.391813607937642
0.012904081035407132,-0.01420382903285711,0.0066718831385329785,0.0046088692646837695,0.2213761500034674,-2.240535210383253,1.6762122274605367,3.3938437724727097
0.011936602103438304,-0.014654286428565868,0.007616420650895066,0.00316908467201538,0.22053358201830067,-1.3120952526639293,2.738655604512036,2.508707251406623
0.01192322778485729,-0.014662042754336255,0.007622212878720406,0.0031443429251039705,0.22011920177988742,-1.2951866409347987,2.747258969488046,2.4896286815111335
0.011949428139101187,-0.014662265296593624,0.007587962826376636,0.0031726921118938782,0.21817057765121278,-1.3207596727440853,2.7165337810281835,2.5059966754252714
0.0119627578357148,-0.014659348556071223,0.007574900746521639,0.0031908795703275987,0.21764812177620338,-1.3350435218533068,2.7035234168401625,2.5181927941965383
0.012008883873505674,-0.014644127042756715,0.007536329470242273,0.003259872664225016,0.21673292721035167,-1.3862983159116629,2.6621132591540575,2.5663963785816892
0.011993510287445198,-0.014650181832781392,0.007547922298631052,0.003235686641786467,0.21685745165105375,-1.3688259621943792,2.6752316990803977,2.5491445333129534
0.011978000972623068,-0.014655437970324751,0.007560681243808916,0.0032123145787742763,0.21713573022692148,-1.351529853605111,2.689027785803278,2.5327543282210567
0.012066943394880748,-0.01461571941203265,0.007498773692933455,0.0033579213343278604,0.2171383593567797,-1.4544700671316617,2.6155007142680176,2.638043766255777
0.012024107482050813,-0.014637609802001935,0.007525423870415027,0.0032844312845305705,0.21669804334783974,-1.4037805038939213,2.6493917172995034,2.584060884596543
0.012039292401814623,-0.014630613469710702,0.007515072585363907,0.0033095126215007442,0.2167139321431932,-1.4213959239372975,2.6369359124130756,2.602234394194045
0.012053442510178201,-0.014622742725027565,0.007507169743938724,0.0033346457840249017,0.21699071055610467,-1.4384725178647093,2.6262603572756835,2.62094042376115
0.012081480540396585,-0.014610144540623845,0.007486774653517538,0.003380208689669813,0.2169826147514526,-1.470504357074238,2.6021514000291908,2.653525246401829
0.011748035779547973,-0.014714648586433461,0.00775947395774326,0.002876929125423019,0.2252611872950445,-1.0904304348978842,2.8922002962979327,2.2965572328480146
0.011792139296814436,-0.014697903748730095,0.007732372313573149,0.0029496949764758716,0.2245573785076356,-1.1446430026560044,2.8611011909092596,2.351516209061526
0.011777473993013604,-0.014703419961667233,0.0077416341873847465,0.002925624503711446,0.2248327831054812,-1.1266893314851811,2.871675278285027,2.333398027280175
0.01176279478838921,-0.014709024713501516,0.007750606594016037,0.0029013662489322466,0.22508605681596136,-1.1086325055935173,2.8819957843320547,2.3150658366583587
0.011864610051793121,-0.014685934248507351,0.007660925972630887,0.003048366720665843,0.22051500684382766,-1.2252318460052691,2.792333290350778,2.418611936548153
0.011849845457256827,-0.0146921591260595,0.007669934025490051,0.0030237670523232123,0.22054904030587516,-1.2073529214456917,2.8030494783243647,2.400172604403812
0.011834755086033287,-0.014698140538460339,0.00767954275808467,0.002999035368393443,0.22068181276431012,-1.1891840977425918,2.8141779850731647,2.3817253588572425
0.011819570431716669,-0.014703607935004623,0.007689881883806353,0.002974760012567327,0.2209161411134679,-1.1710633993059616,2.825722584468189,2.363769271388047
0.011804642945044894,-0.014708737426700027,0.007700258675559357,0.0029511206548690576,0.22118981683406672,-1.1532692513605713,2.8371394101759964,2.346312260503623
0.011921579585354706,-0.01467960965957038,0.007598190139304773,0.003119961285215155,0.2173675064760163,-1.2852599247523144,2.7332640458550093,2.465014889305449
0.0119064579131668,-0.014684436488292492,0.007610280215132583,0.003097141162624236,0.2176696961860944,-1.26809656303198,2.7461812659839713,2.448781501766016
0.011892312726829606,-0.014690408550316282,0.007619261663403363,0.0030738698724599232,0.2177432496633437,-1.2512734480168792,2.75680069664592,2.431532828860299
0.01187801204558245,-0.014696624739513955,0.00762791004161011,0.0030500584072587207,0.21774528632692738,-1.2341449786371774,2.767199023434706,2.413781539315383
0.011731073088809295,-0.014736842271940645,0.007744513674939218,0.0028301847588153694,0.22191640676058091,-1.06343465728683,2.8880831292871645,2.2549846075595785
0.011746061005460521,-0.014731267156801576,0.007735604559515931,0.00285476526138324,0.22173044782082685,-1.08179509035649,2.87790748544182,2.273601348331193
0.011655979165897702,-0.014763805891286598,0.007788083976741178,0.0027072325329054836,0.22292527197156908,-0.9708696427118088,2.9373559370595816,2.161349013401402
0.011701317351168769,-0.014747361397550953,0.007762563232283984,0.002781841573944926,0.22235962978962134,-1.026980874690336,2.9083160157587247,2.218382960312215
0.011686520334025412,-0.014753082342437983,0.007770500670039696,0.0027571421590256054,0.22245904376843775,-1.0085992397999226,2.9176103485313205,2.19942633832158
0.011671345753742943,-0.014758688202738367,0.007778878868752213,0.002732057968113825,0.22263493762776407,-0.9897908113638101,2.9272246938903366,2.180218578213274
0.011728801002238954,-0.014753752197173772,0.007720420195765632,0.002807627271421424,0.21922188690603694,-1.054975934727725,2.8733390306096336,2.232419247845762
0.011713881315871989,-0.014758275100064824,0.007730609508487606,0.0027844228970587068,0.21955759425790974,-1.037125523880862,2.8841843491553565,2.2151509121027773
0.011143428716531428,-0.014896767154286714,0.008058936039248324,0.0018817964315517995,0.2378663236164753,-0.3166638160165389,3.213067298785497,1.5186634367377143
0.011127962760375608,-0.014900243625768398,0.008065044596944558,0.001856434098131593,0.23826181669752589,-0.29626390246787954,3.218871166584542,1.498374517789692
0.011174242979128992,-0.014889402617040625,0.008047027914485515,0.001932557932084253,0.23715040364475734,-0.3572032350979371,3.2015036132987817,1.5592533041108683
0.011158867265936475,-0.014893137464927897,0.008052949959399898,0.0019072000458290417,0.23752437389588824,-0.336989261779072,3.2072911118205383,1.5389807790314105
0.01118956632290781,-0.014885605759901957,0.00804108392688503,0.0019578516527723176,0.23675377535916375,-0.3773263115900574,3.1956418780636855,1.5794600302714101
0.011204827551870513,-0.014881735774711143,0.008035147392699796,0.0019830775677545137,0.23635705987003133,-0.39734538968993055,3.189727882750407,1.5995995400944027
0.011235232367191489,-0.014873913140684694,0.008022997841896763,0.002033310065226595,0.23546530632640852,-0.4371786532731408,3.177526006627158,1.6396513242950885
0.011220033063552565,-0.014877816050059162,0.008029171965551205,0.002008226008709573,0.23593092082916148,-0.4172743433214679,3.18372869658362,1.6196643863956381
0.01127701625244325,-0.014878085029185532,0.007978763676763255,0.002088708166402091,0.23089356592959684,-0.49058821643228123,3.1417933221144914,1.679383415043329
0.011261717676140592,-0.014882032417088424,0.007985346296558364,0.0020637183392387104,0.2312719753568865,-0.4707872022078821,3.1484453319576846,1.659580108288577
0.011246508301788185,-0.014885877374525416,0.007991858501481817,0.002038897612928935,0.23167548152978257,-0.4510768208936707,3.1549704733886945,1.639898132608239
0.010859561856462023,-0.014925561228420127,0.008209135876609375,0.0014325290938637738,0.25278440359731025,0.06508691788964964,3.3348978564910987,1.1646142419376844
0.010854219435954151,-0.014940704876417195,0.00818322415064793,0.0014147985098681814,0.24816618283774608,0.0734076777322582,3.318594621438591,1.1433023545231296
0.010875033080843399,-0.014922836286880736,0.008204586928261525,0.0014583562765424418,0.25419925606034444,0.04395164131695677,3.3312363860957377,1.1856379144409366
0.010869787124735386,-0.014938053509681318,0.00817860190775266,0.001440536362400862,0.24735847271180608,0.05241646783908185,3.3150093270037178,1.1640753501121053
0.01093683137430405,-0.014911450597951645,0.008185614701233223,0.001561335761933475,0.2517349296330288,-0.03973913639240279,3.3157559230391165,1.2690905595029978
0.01094719089483505,-0.014923686286702724,0.008155157174948606,0.0015688104292017927,0.24509740702709334,-0.052066999994270606,3.295678184376555,1.2681495876562374
0.010921395106936288,-0.014914369853492293,0.008190472315190787,0.001535650001887548,0.25409302761332386,-0.01887516955714753,3.3197726546721653,1.248452873980553
0.01093176220545893,-0.014926601911522147,0.008160084035285098,0.0015432683429146591,0.24512729850559153,-0.03129095384723285,3.2998288423437967,1.2474609354355841
0.010905949863632842,-0.014917240572168871,0.008195252024177332,0.0015099336630163644,0.25559876115997837,0.0019870342462217153,3.3236695779305676,1.2276699538363094
0.010916332902163102,-0.014929522106457926,0.00816483020528354,0.0015176885276977665,0.24516532868571297,-0.010459389644509211,3.3038074284421852,1.2266698381765435
0.01089049580236992,-0.014920062725815756,0.008199957033229588,0.0014841686153770541,0.2556190695537946,0.022913488796546557,3.327486081420719,1.2067079260760336
0.010900866081337115,-0.014932433077287139,0.008169443534759,0.001492029251519246,0.24551943265381196,0.010450321512509507,3.3076375190407785,1.2057971018784792
0.010885345770379641,-0.014935293361112191,0.008174007627082121,0.001466294539862823,0.24630307078743427,0.03142230575437748,3.3113574439811644,1.1849077797401601
0.010957645081440362,-0.014936362656234818,0.008124554180806808,0.0015761356718509147,0.24315345996529678,-0.07028718702112217,3.2730475510474446,1.2729523300244094
0.010973155556951358,-0.01493355045252205,0.008119139952596352,0.001601507675353852,0.24266879746356929,-0.09101159025326166,3.2684396480025497,1.293389566363467
0.010988711740356793,-0.014930615809435983,0.008113745503632613,0.001626993536592271,0.24225106010353312,-0.11175833570286255,3.2637800378329627,1.3139148560659744
0.011004256296632896,-0.01492754376391016,0.00810843640270722,0.0016525204633346866,0.2418404253247771,-0.13245082885095485,3.2591171322222316,1.3344751845658562
0.011019767909129676,-0.014924364103952772,0.008103171651411152,0.0016780380629420751,0.24141135213408296,-0.15306969704056184,3.25442275829866,1.3550273020192423
0.011035259198617394,-0.014921107167900155,0.008097886047823797,0.001703544495780139,0.24097239489853708,-0.17363804475428046,3.249650064640886,1.37556328067174
0.011050755607644078,-0.014917782482402,0.008092543395308445,0.001729071003513628,0.2405499836215613,-0.19418956979321214,3.24477230345695,1.3961020052228699
0.011112543016405121,-0.014903666784259834,0.008071037126369003,0.0018311376582635412,0.23877569817961133,-0.27589335886702054,3.224526734008475,1.478114113207914
0.011097168812879499,-0.014907200106409656,0.008076617345443722,0.0018057795291136025,0.23932252611328206,-0.25557749688882486,3.229824497195217,1.457762463424052
0.011081756981482458,-0.014910820582722105,0.008081889931044391,0.0017802613776245798,0.23978066422549835,-0.2352149672942068,3.234843370588511,1.437255140246445
0.011066268776938684,-0.014914367074844649,0.008087176661600607,0.0017546528899335665,0.24016391995983008,-0.21473463246212887,3.2398117928500407,1.4166708207227574
0.010579803377811692,-0.014966269026450154,0.008276978893391735,9.662680251893379E-4,0.26195257862588067,0.447934713396594,3.37874677916086,0.7853225493592824
0.01058923432511153,-0.014979295289754202,0.008247049884212265,9.758988947736832E-4,0.2566118736936431,0.43317575775526446,3.359513907461032,0.7867579112489769
0.010595401104716106,-0.01496442318144846,0.008273901104065052,9.922759601927824E-4,0.2617926199607666,0.42642063680695536,3.3773042507068687,0.8064880929958234
0.010501734106237882,-0.01497476259600774,0.008291129663369324,8.36193816712575E-4,0.26627174437222734,0.5551151538891104,3.383724013444643,0.6797660592577076
0.010486105170072863,-0.014976314074054054,0.008293717392918258,8.101265081450693E-4,0.2658975564703864,0.5766486403815767,3.384372422652119,0.6585699762661879
0.010495352253957174,-0.014989438912938835,0.008264099772738702,8.204242050438964E-4,0.2592998765032735,0.5612342970482692,3.365545129253095,0.6603053846764899
0.01061099310527128,-0.014962528329925276,0.008270738780360816,0.0010182977477524822,0.26269243921301033,0.40491522805722463,3.375721854964391,0.827802122487823
0.010604902297163933,-0.014977467029921013,0.008243841354962306,0.001001822466545564,0.2558041583799067,0.41186809750008263,3.358049236534168,0.8077383540339668
0.010626579228399676,-0.0149605844888015,0.008267494119448177,0.0010443144329882648,0.26398035401972164,0.3834743604203315,3.374032601008602,0.8491987134020597
0.010620579859414551,-0.014975542381311465,0.00824063221235062,0.0010277793224187602,0.2548284919387109,0.39053995800646746,3.3565086859685036,0.8287734214167478
0.010642159322614203,-0.014958591675504214,0.008264170092854194,0.0010703022779590566,0.2645708505269777,0.3621275774365372,3.3722594367771634,0.8705595141141291
0.010636243379199425,-0.014973517614779235,0.008237439731083608,0.0010537381767897391,0.2539391864261362,0.369208614477253,3.3548960348812327,0.8498744730821227
0.010657733236025016,-0.014956549907973094,0.008260768119133208,0.0010962511167140535,0.26392949079656225,0.3408600086927762,3.3704023919554307,0.891788917012792
0.010651872851961093,-0.01497142065254853,0.008234221296253572,0.0010796582368619958,0.2533557206559782,0.3479029978474318,3.3531832648384103,0.87100445564609
0.010673300816346347,-0.014954459204666778,0.008257287206995,0.0011221695815711982,0.26235999548408406,0.3196241062003746,3.3684400908549623,0.9128730444978747
0.010667461718274639,-0.014969290078544023,0.008230908694462772,0.0011055114258259572,0.25307888000901,0.3266498453910163,3.3513321916985137,0.8921012876652735
0.010688861910903293,-0.014952319584569097,0.008253724884373908,0.0011480767612837167,0.26060702598581487,0.29837081816732514,3.366345852538322,0.9338773351770108
0.010698581145869282,-0.014964994653778381,0.008223850192447486,0.0011570726697057488,0.2526857140241259,0.2842924820205255,3.3471475819646828,0.9340836189878203
0.01068302258101312,-0.014967149113426094,0.00822745365064781,0.0011313035723171919,0.2529408149605859,0.30545439136027813,3.3493210186055777,0.9131252194257505
0.010708352269071084,-0.014978033250395992,0.008193998424213268,0.001165960534549992,0.25108707070407815,0.2641457283013681,3.3258348221971583,0.9410047490426194
0.010723954242237843,-0.014975849698450798,0.008190182734095672,0.0011916088906009363,0.25063321918872017,0.24310443637632465,3.3233948123782677,0.9617997002618973
0.010739574111307168,-0.014973509297122711,0.008186480129585725,0.0012173410943620343,0.2501836129557296,0.22209036178526306,3.320969664816951,0.982668375581799
0.010755171624720129,-0.014971083249907228,0.00818277374978109,0.0012430591101462286,0.2496608698805454,0.20112446396074476,3.318475387907983,1.0035313585123047
0.010770755034051734,-0.014968707121045512,0.008178800802080126,0.0012687012096935955,0.2490951775773423,0.18014743071395423,3.315727443984969,1.0243233124645739
0.010786348512296975,-0.014966382189283848,0.008174547267080496,0.0012943005144767825,0.248594092543315,0.15913627228398955,3.3127169147241404,1.0450611607021114
0.01080196166603488,-0.014963956251139656,0.008170297661196908,0.0013199567782031648,0.2481799313796996,0.13813523079885937,3.309644681280035,1.0658374719863002
0.010848807305189022,-0.014956152696524361,0.008157467469024115,0.0013970638178647686,0.246564716040812,0.07525395218218191,3.2999755468788226,1.1282878511230081
0.010833179664337113,-0.014958711525550223,0.008162011658794583,0.0013713983123811474,0.24717560766187027,0.096251669597071,3.303453489367666,1.1075123134791436
0.010817576935014379,-0.014961360526910661,0.008166190598396779,0.0013456855559214045,0.24773777010005835,0.11718225936334477,3.3066073700403575,1.0866800442658526
0.01165288115180748,-0.014780932627529475,0.007763890051750758,0.0026840977387179465,0.22020669384644861,-0.9621351161486443,2.9224849919348226,2.1384820260218604
0.011637491427475116,-0.014784944914553845,0.007774591215580963,0.0026605417441809913,0.2206556109308683,-0.9435900306984403,2.9334612520587453,2.120891046861607
0.011622653122064841,-0.01478976908567358,0.007783200242011539,0.0026366944552489845,0.22093250130851563,-0.9253467687205436,2.9428847809713776,2.10269475200122
0.01155060981963993,-0.014798110727320976,0.007847706000347197,0.0025361182463302418,0.2248879501533594,-0.8396943182809765,3.0027108212676037,2.0300514957924634
0.011535571983801956,-0.014802989481037405,0.007855557262231761,0.002511481140943225,0.22515549569189416,-0.8207708266018194,3.0113431002220494,2.0109567880576162
0.011520479187041183,-0.014807771246104134,0.007863456141225947,0.0024868211056657476,0.2254515162818664,-0.8017546747433711,3.0199550918941953,1.9918308820340584
0.01160789916432764,-0.014795504745892979,0.00779006276453191,0.0026118945541822383,0.22104264947552585,-0.9069010845765496,2.951081972885538,2.0834332854725894
0.011592736513314786,-0.014800519815945004,0.007798374701436429,0.002587319010276159,0.22129996278850214,-0.8881533737391137,2.960252908733033,2.0645743681717015
0.011577505338959211,-0.01480425285485151,0.007808698674098539,0.0025639780992884153,0.22179149945827845,-0.869606031743888,2.970687757270642,2.047017502703236
0.011562507042753592,-0.014809411056535764,0.007816259662905748,0.002539333024185152,0.22200765314779744,-0.850882585648257,2.979207562598581,2.027931905335004
0.01141469992747979,-0.01484047442093573,0.007915328099949178,0.0023133412266179237,0.227533755356132,-0.667456215330982,3.0761440790120247,1.8563258786068386
0.011505395653417535,-0.014812692775468738,0.00787093713510558,0.002461973407510821,0.22570463715466846,-0.7826745387742484,3.0282223130650294,1.9724700085924127
0.011490279978541136,-0.014817538438158936,0.007878404105119141,0.002437111030501633,0.22597743640067483,-0.7635343189159004,3.0364202138664353,1.9530846078390098
0.011475179603865111,-0.014822096797220165,0.007886167388331674,0.002412511474401403,0.2263073776884226,-0.744427015843678,3.0447445092327254,1.9339456759173885
0.011460205193919444,-0.014826699223466216,0.007893557139767584,0.002387981193037066,0.2266081495984645,-0.7254153576093546,3.0527301601645713,1.914787603470524
0.011429995695435508,-0.014836294943460372,0.007907413531979835,0.0023380328757221553,0.22712652305135106,-0.686902924729885,3.0679403229467272,1.8755745628687193
0.011445224703623885,-0.01483160056556374,0.007900272399589533,0.0023630924461640166,0.22682806962500798,-0.7063083300411811,3.0602015508080957,1.8952243432413713
0.01129254030152576,-0.014874526061307436,0.00797111971569116,0.002113613825708714,0.2303959264218067,-0.5106170519441245,3.134320892414987,1.6989649814786965
0.011323842151295642,-0.01486668023979896,0.007956354203973356,0.0021642688240899838,0.22949644946980338,-0.5509152475398521,3.1194938624727784,1.7388481750167089
0.011308213365282392,-0.014870864697339245,0.007963347076274918,0.002138760739987736,0.22989831552675496,-0.5307933832207113,3.126673582213989,1.7187113978181905
0.01135455614855625,-0.014857777916256795,0.00794326132826601,0.0022148890804553237,0.2288625697156014,-0.5904428074813429,3.105626660428211,1.7788994151760609
0.011339290431950958,-0.014862202000597582,0.00794985994177552,0.002189752209147549,0.22919239584825316,-0.570807641808787,3.1126140060359724,1.7590256526746553
0.011399616923865555,-0.01484458819287235,0.007922977664747484,0.0022889444044591825,0.22792259412751206,-0.6482304998414395,3.0840683838603926,1.837263285734131
0.011384667345940472,-0.014848932853998449,0.007929931756334505,0.0022644514627667574,0.22823916228823907,-0.6290961942219471,3.0914368844028988,1.818007544477983
0.011369666561547689,-0.014853360798360448,0.007936621204663765,0.002239762765000402,0.22856054856314914,-0.6098523215780598,3.0985725983087757,1.7985389163845327
0.011411254134935612,-0.01485644819770176,0.007891287151962549,0.002293109957279615,0.22491009121853586,-0.6608856409785058,3.060627262157645,1.8364043562212833
0.005138141575448354,-0.01116719007004694,0.001945283497625078,-0.008102957764273503,-0.18023233037948314,1.2464324578275503,-2.532102759330407,-0.47666056918089333
0.005134498077970416,-0.011151907568655757,0.001919788235244384,-0.00810903609724909,-0.17719592257848507,1.229314569913609,-2.5351066607810346,-0.4605907004946024
0.005122725067485639,-0.011162852094793252,0.0019281760576495357,-0.008087466503636885,-0.18223310407452661,1.2321396731136052,-2.5228063356537347,-0.4695595762276254
0.005141833072035735,-0.011182461035313321,0.001970759586661444,-0.008096799397150412,-0.18311081590664058,1.263604307460325,-2.529061336454704,-0.49267490688502497
0.005126409647372608,-0.011178190278220881,0.00195359453612323,-0.008081308054821929,-0.18667166337913277,1.249219415344191,-2.5197523263629926,-0.4856294865686304
0.005149359904790919,-0.01121296771051419,0.0020215785981163225,-0.008084261111499928,-0.19219870785241014,1.2977525229289524,-2.522903848809827,-0.5245758520316417
0.005145572528467587,-0.011197720302754953,0.001996191853251772,-0.008090567007299845,-0.1870590681717612,1.2807272266755265,-2.5260002439824563,-0.5086335326066928
0.005133976106062741,-0.01120874697174168,0.0020042932052591633,-0.008068864830672326,-0.19472962471461044,1.2834917033822604,-2.513485099429541,-0.5177069098005314
0.005130171842047737,-0.011193489092715163,0.0019789751321207237,-0.008075119908798493,-0.19089376792825544,1.266347700406827,-2.516649847074099,-0.5016858502388507
0.005153195160361302,-0.011228203096582517,0.0020469387823246993,-0.008077877092551944,-0.19771164584584847,1.3147240059961016,-2.519732853515023,-0.5405471033468942
0.005137791713065182,-0.011223985351978273,0.0020295566723538554,-0.008062495442488998,-0.19830474909590476,1.3006179810049538,-2.5102452434107607,-0.5336879342542077
0.005141615544456823,-0.011239227899026474,0.0020547936820783292,-0.008055992767728093,-0.20191368463339773,1.3177123551833152,-2.5069292006469794,-0.5496406245099483
0.005157078253839507,-0.011243426298807372,0.0020722962162311445,-0.00807140895186788,-0.20247399584912648,1.3317469971938418,-2.5164513384357554,-0.556565760125726
0.005181379007421065,-0.011334500554468824,0.0022241092426886397,-0.008030902458691822,-0.22419634129598306,1.435283279686083,-2.4952548365443046,-0.6523012952480473
0.005170040868800339,-0.011345781202052629,0.0022313563722660755,-0.00800844446214956,-0.22848774375538936,1.4380641176129754,-2.4820005844880346,-0.6613001686237626
0.005185595749722576,-0.011349633918850096,0.002249336757371546,-0.0080238730216624,-0.2275406166755333,1.4525385985171246,-2.4915029345812396,-0.6682377660984308
0.005202937056022924,-0.011410030890272257,0.0023499905350888774,-0.007994973603509195,-0.24156057802197242,1.5217390318358188,-2.475943393641818,-0.731728557687278
0.005191784115779931,-0.011421423637898288,0.002356717205482256,-0.007972163026307008,-0.24568265286603455,1.5245651702389085,-2.4620510069141344,-0.7406745709285306
0.005207390722771272,-0.011425095195354023,0.0023750623645316295,-0.007987561246451152,-0.24681695932609224,1.5388969397735215,-2.4718779957131627,-0.7476058654053924
0.005198530675796428,-0.011394952446763721,0.002324890241042718,-0.00800230861788826,-0.2368028883499805,1.5045342805189545,-2.479901182717035,-0.7158862155436404
0.005187369629159851,-0.011406339904514595,0.002331735315358566,-0.007979595684118506,-0.24272832050972962,1.5072548794424725,-2.466187149769308,-0.7248540632209551
0.005194171632003687,-0.011379860028177457,0.002299743548338295,-0.00800957148144479,-0.23318415765506373,1.4872316048557659,-2.4838052188474937,-0.700038466798906
0.005182960616636733,-0.01139123949499621,0.0023066934657394087,-0.007986906342089697,-0.23950502660127163,1.4899150705656792,-2.47024592387625,-0.7089930135744832
0.005174277171158955,-0.011360954400731075,0.0022564826193794863,-0.008001314823149952,-0.23223977313570873,1.4553039302672974,-2.47814720138066,-0.6772005508553293
0.005189859973827203,-0.011364753797800305,0.0022745545729234424,-0.008016760910409638,-0.23027940044138298,1.469875234170922,-2.4876768745402154,-0.684157165788183
0.005178587751800945,-0.01137611067220786,0.002281602239927173,-0.00799413701604851,-0.23596862655987563,1.4725893844023463,-2.474230994195184,-0.6931025419895412
0.005196199341167423,-0.011436511626723803,0.002381658585721947,-0.00796458665614346,-0.24869834474844968,1.5418206307215565,-2.4578370549584903,-0.7564646766650379
0.005211891625397759,-0.011440145198604604,0.0024001403756616657,-0.007980061230222173,-0.2508929009280603,1.5561599374508146,-2.467656657314866,-0.7635360636463773
0.005200661213036479,-0.011451624063320683,0.0024066210423020523,-0.007956899113269425,-0.2522132139218462,1.5590672483043673,-2.4535499246469583,-0.7722686847261278
0.005216439712524502,-0.011455180736571003,0.002425245870623403,-0.00797246703915414,-0.2522596227518085,1.573661239370594,-2.4632943926401203,-0.7794752035758821
0.0052052441208462865,-0.011466743771858376,0.002431646640268783,-0.007949194589962577,-0.256271990041373,1.5763956781324724,-2.449211033943779,-0.7881170139966301
0.005221034932232108,-0.011470201646392161,0.0024503436685294434,-0.007964789205278502,-0.2521747962917814,1.5913339540864488,-2.458874682955078,-0.7953359064218567
-0.004947405392610466,-0.009498824632381381,8.129070248098174E-4,-0.008199213366768337,0.32709038609281377,-0.5315256974907917,2.4743796153840107,1.3151926621261396
-0.004984859108839098,-0.009243300554595293,0.0012293541229876782,-0.008150943999583351,0.3945501857584047,-0.7961112734063753,2.4122734893324957,1.614375820812408
-0.004975977763820751,-0.009258007302614285,0.0012026354009888223,-0.008146849096303777,0.38835381465233126,-0.7805557370275088,2.410665457917385,1.592801868429356
-0.00494911807473065,-0.009482151919297126,8.399423818730329E-4,-0.008196357317346152,0.33163225434351146,-0.5487713030980715,2.4707347701512723,1.3343408837773671
-0.004951369668238416,-0.009463905487000468,8.696265335627842E-4,-0.008193491979032566,0.3366761772418378,-0.5676343876142912,2.466915847819602,1.355487487770915
-0.004944487237626889,-0.009444819484613612,8.97721490134254E-4,-0.008179450951041134,0.3385325257856496,-0.5875756750080682,2.4544709443162387,1.3725574256633397
-0.004942093036830723,-0.009427532966286413,9.242354925083428E-4,-0.008171063236919669,0.34148414230407137,-0.605477347132413,2.446443366535178,1.3899912206394236
-0.00497101421101487,-0.009309219003380229,0.0011206488430471303,-0.00816210960845593,0.37684717178487204,-0.7276885935869192,2.4278941950303263,1.5347597640323627
-0.0049698965585703156,-0.00932535529165619,0.0010949122057755773,-0.00816712729857992,0.3732596863747783,-0.7110158387497094,2.4334245454797743,1.5166876486044583
-0.004969936076076429,-0.009341139709959635,0.0010701245919462613,-0.008173220639913542,0.3701245233911871,-0.6947033825331248,2.439723069984376,1.499660481377287
-0.004970648605492334,-0.009354840706594592,0.0010488116733388963,-0.00817919058736306,0.367610354560073,-0.6805211498311482,2.445691522799233,1.485242342058946
-0.004962433295215051,-0.009368715481670191,0.0010239339763704251,-0.008174617823241,0.3616250243859443,-0.6661174986565747,2.443518823993061,1.4653177025580122
-0.004941698174629596,-0.009410390927257399,9.510888438060784E-4,-0.008164895857509057,0.3450635634580661,-0.6231513953771665,2.440090207131489,1.408301591924831
-0.004942715102702866,-0.009393836029445284,9.774417283137694E-4,-0.008160416090369195,0.3489677386278125,-0.6401865575010682,2.4350524818427797,1.4267300774895866
-0.004942828239222449,-0.009377371597685416,0.0010032919935318468,-0.008154755370086947,0.35245486931926656,-0.6571202112484088,2.4290899838646336,1.4445183866394193
-0.004957126437550838,-0.009283059200448487,0.0011558142328138383,-0.008135259659936554,0.3763652540504783,-0.7540361493520807,2.404353963897354,1.5539571178326625
-0.004954883539309174,-0.009298919744294568,0.0011302721018968346,-0.008139088082642324,0.3725428957822842,-0.7377437407450674,2.4090002181478556,1.5356802504630747
-0.0049574879911186585,-0.009267112703270543,0.0011806757165188644,-0.008129051602361917,0.3794122314915915,-0.7703312607943134,2.3978252797609145,1.5711053307527847
-0.004983988663981157,-0.009226678988845449,0.001254810665902003,-0.008142602795667765,0.39708085845660135,-0.8131311126858571,2.403937513510826,1.6315058936852371
-0.0049759523565498604,-0.009207841927739656,0.0012803353773093394,-0.00812469520657688,0.3970193789965988,-0.8318160140092233,2.387845431890707,1.64595335033699
-0.004974416123843309,-0.009190342029786903,0.001306564141202028,-0.008114839175328405,0.3992269906219014,-0.849472240297732,2.3781326082043712,1.6632543999347569
-0.004975023350521434,-0.009173286196243751,0.0013330105106277143,-0.00810752614285029,0.40216609724364144,-0.8667810136724476,2.3704206034947357,1.6814773895380084
-0.004977074384435043,-0.009157136829494407,0.0013586974768325863,-0.008102171911810478,0.4054798937364854,-0.8832734440375359,2.3643112367360524,1.6997234975724165
-0.0049776202582781605,-0.009141008361298587,0.0013835693256084123,-0.008094920395488897,0.40811432503011785,-0.8995789953657045,2.356688985762698,1.7168284367994133
-0.004989031717944193,-0.009112560442580608,0.001432600029575545,-0.008093956473148369,0.4169143468185775,-0.9294467330275705,2.3524190492884647,1.7545992656059635
-0.004974408402674894,-0.009123700245263,0.0014082687965201153,-0.008082548787091482,0.4092297438357945,-0.916601728794101,2.3448780836052516,1.7323055055343273
-0.004995590845943987,-0.009081974733055909,0.0014824296077237883,-0.008085719754944064,0.4237941542308555,-0.9609395682686336,2.3420449674807258,1.7909590689167807
-0.004985251058091965,-0.009095038608714315,0.001457230211575999,-0.008080505862536535,0.4176265509558405,-0.9465335699434811,2.3396656721951277,1.7697235409389964
-0.004988919930238117,-0.009062936776981676,0.0015076084528693413,-0.008067771652728031,0.4233072079283992,-0.9790137051482873,2.325474273224998,1.805163638093071
-0.004985180779315988,-0.009042970020878636,0.0015355220134172067,-0.008052546710557155,0.4241385504332324,-0.9981913534324028,2.3108816776147694,1.8223088362730018
-0.004984563329500522,-0.00902408756905316,0.0015633531226948705,-0.008041340810641161,0.42604329550668746,-1.0166407760889207,2.299527618271495,1.840635831790611
-0.004982753609356821,-0.00889887168671028,0.001745737176046542,-0.007964677009679906,0.43698466996591856,-1.1363356041088843,2.221302293294267,1.9597099432475977
-0.004986582013651874,-0.008926245381658782,0.0017085051064990953,-0.007986115761330586,0.4364360277701572,-1.111416136618651,2.242168418568586,1.93731796497091
-0.004986024822142131,-0.009006686908672177,0.0015900362522568033,-0.008033188705390373,0.42852706887281683,-1.033894934288586,2.2907160192591687,1.8590290554749938
-0.004991341641577819,-0.008990876538725764,0.0016165219826852317,-0.008030248285684546,0.4325160007632249,-1.0502369943018004,2.286134648191264,1.8789250967989155
-0.0049840844976625255,-0.008952359287711483,0.0016689128589921951,-0.007999127152221916,0.4330843677773468,-1.0860231632002597,2.2562513987973225,1.9102851430377414
-0.004986815695309884,-0.008974221057225014,0.0016384660105093379,-0.008015281057630554,0.43217465628127755,-1.0655629360998706,2.272049096926587,1.8914681316988478
-0.0049650942976157296,-0.009707407827440423,4.8037349877062E-4,-0.008267469561754504,0.2782458135219099,-0.3120876671298866,2.542119274217958,1.092218359351233
-0.004964674765137987,-0.009723245082970147,4.5444992796899987E-4,-0.008269557127564968,0.27357946357304014,-0.2955377419812781,2.5448097369150475,1.0743489594031763
-0.004964087837349061,-0.00973896698637192,4.2867117515391317E-4,-0.008271284226375448,0.2688603389766304,-0.27913448393104995,2.5472190076001833,1.0565380632157062
-0.004963010598165784,-0.00975467605115788,4.0283315128316575E-4,-0.008272288315204506,0.2639399591188191,-0.2628236253786054,2.549083822707987,1.038552486225958
-0.004961757650550558,-0.00977044111493267,3.7688040372932044E-4,-0.008272951255442773,0.258903308552181,-0.24649473390965584,2.5506903078788867,1.020449966845529
-0.0049657645817043974,-0.00969135365372783,5.066733350367965E-4,-0.008265495574359146,0.2830455477756899,-0.3288372939973306,2.539493897125301,1.1104352469563612
-0.0049706019954803,-0.00965977480080327,5.590462073211139E-4,-0.008265343191516367,0.29353335124770735,-0.36139391263280146,2.537058511439288,1.1477971409963013
-0.004967024805374222,-0.009675071682732243,5.334383128080868E-4,-0.008264030800361673,0.28806295573813273,-0.3457628815496166,2.5372209992963977,1.1291649413570086
-0.004958711195222326,-0.009649586547650565,5.732575392699221E-4,-0.00824929636007065,0.29237133676536936,-0.3733635488728451,2.524396466910229,1.1539793973223242
-0.004957341577502376,-0.009635232184773301,5.962388146077568E-4,-0.008244742436821014,0.2958253460173021,-0.3885336868288067,2.51989256210275,1.1693414040481853
-0.004957585662452381,-0.009619077402835272,6.224326445836288E-4,-0.008241579610420116,0.300253942791896,-0.40541846759868144,2.5162615501582626,1.1874056041625443
-0.00495943780434163,-0.009587059428391907,6.745795262628021E-4,-0.008236480516664856,0.30931251231096946,-0.43875605494517084,2.5098966740750552,1.2238152373745586
-0.004958562417893954,-0.009602896442654716,6.488052533283457E-4,-0.008239124517308181,0.3048507572419865,-0.4222649554979872,2.513147677071704,1.2058335346161526
-0.004948187966223859,-0.009577598804541725,6.871180771562201E-4,-0.008220972796391283,0.3079410465953755,-0.44950868568772206,2.49752083855235,1.2289625695955906
-0.004945819797172427,-0.009515307346055399,7.861929181920188E-4,-0.00820200631773624,0.3225950968360633,-0.5144772341076118,2.4779408006681773,1.2963159565439446
-0.004946092666529963,-0.009564247740624011,7.080230793348564E-4,-0.008215229115204488,0.3106214305838883,-0.4635618984711603,2.4920981313271366,1.2426722278084268
-0.004944837359469711,-0.00953187182703399,7.594930625556688E-4,-0.008205373494253737,0.3182332674387027,-0.49731645327212076,2.4819220347748643,1.2776499705825317
-0.004944796998739887,-0.009548373920672183,7.331096184049155E-4,-0.00820967304858851,0.314154111870925,-0.48016185127792127,2.486577722541877,1.2595043226891862
-0.004972040001399021,-0.009968261886631885,5.2388010391596485E-5,-0.008299853883648815,0.20028041337718425,-0.037912903722280455,2.5832804358989687,0.8029473231713569
-0.004971925464180949,-0.009983926593035375,2.6529128414358804E-5,-0.008299936213718806,0.1950328832023562,-0.02162018113544548,2.584347123094218,0.7854477436742825
-0.004957582902917418,-0.009960244822605746,6.528484245644802E-5,-0.0082826766908965,0.19900093371345348,-0.04913817059614601,2.5707051104135554,0.8074500641560229
-0.004957427425433005,-0.009944527392048874,9.108953071848406E-5,-0.008282060928831088,0.20399240551815281,-0.06550697581691546,2.56921955216438,0.8248593841176896
-0.0049574849489242125,-0.009928592902214232,1.1725099902859828E-4,-0.008281546160764987,0.20908141535706218,-0.0820731321488254,2.5677863799697493,0.8425889421072021
-0.0049578330968953034,-0.009912621429011293,1.43481936879145E-4,-0.008281227594188813,0.21422899276040094,-0.0986388193630308,2.5664843408331213,0.860469176902324
-0.0049586197221933685,-0.009880914768070157,1.9555751006397658E-4,-0.008280277951288885,0.22438295890169704,-0.1315468324562359,2.563657683635203,0.8960392673073777
-0.004958233031819998,-0.00989672858410488,1.69585459941417E-4,-0.008280829701346568,0.21933804781931157,-0.11512639377072163,2.5651266755649247,0.8782939297445127
-0.004960687189716765,-0.009786299421654838,3.508017216759482E-4,-0.00827369963525248,0.25385729047468636,-0.23005795965287668,2.552353982271271,1.0023300241191004
-0.004959904695385335,-0.009802220518074492,3.246539938871989E-4,-0.008274652000494933,0.24884727489241462,-0.21352627782914482,2.55416176566308,0.9842636055266049
-0.004959436810323024,-0.009818152763695553,2.985168388738683E-4,-0.008275832277328844,0.24389663361460603,-0.19694509965498294,2.556128807664336,0.966312743464563
-0.00495927764036406,-0.009834018581931054,2.725090554815761E-4,-0.00827722523271123,0.23902617133666268,-0.18039256997363504,2.5582380177280726,0.9485559558703464
-0.004959287721481566,-0.009849704668512389,2.467978860066838E-4,-0.00827865783908154,0.2342306947862027,-0.1640071270595379,2.5603551441647023,0.9310644736363113
-0.004959076489252643,-0.009865257879321488,2.2127457324023938E-4,-0.008279678094338714,0.22937830252939476,-0.147804474425298,2.562158291652899,0.9136473165506409
-0.005014201401274545,-0.01037657978297736,-6.276342350774415E-4,-0.008309520716103776,0.07045847625539567,0.3960179801829813,2.6149438573337243,0.35975399172777883
-0.004999725599242171,-0.010369790866315823,-6.133043986661836E-4,-0.008293533660188257,0.06551848332541867,0.38100611019134184,2.6047318559999337,0.3683006472636227
-0.0050130431569171624,-0.010360917504742087,-6.015542806608382E-4,-0.008311449342643279,0.07682355844989115,0.37965143532754203,2.6152487001407376,0.37659862929338267
-0.0050154088397227296,-0.010392238403124532,-6.537007219522481E-4,-0.00830751063636147,0.06350025872458358,0.41230984865530274,2.614574652739196,0.34290418251613924
-0.005000928429784861,-0.010385476559674917,-6.39326970731987E-4,-0.008291569890510449,0.06059049212451404,0.3974588706815752,2.604425251617497,0.3513851722457256
-0.00501666546169899,-0.01040789322055687,-6.797915100748535E-4,-0.008305416195366937,0.05809163228939949,0.42866298400812,2.6141461623231375,0.32603330853669155
-0.005002136259777473,-0.010401160394184381,-6.65334562517418E-4,-0.00828947465003693,0.055508008150509804,0.4138593312008197,2.604037085815406,0.3345159313022177
-0.005017971256234513,-0.010423544090142324,-7.058996130985831E-4,-0.008303237905938893,0.05399973968291299,0.44511631909702726,2.613674393328798,0.3091836747615777
-0.0050033959088270465,-0.010416849688395721,-6.913476413949506E-4,-0.008287297017892908,0.0499971244349031,0.43025413635665394,2.6035929953443104,0.31766781265844907
-0.005004742158739449,-0.010432538021883368,-7.173677450820994E-4,-0.008285076847934498,0.04444865613581087,0.4466962834712805,2.603123601911564,0.30082699710199073
-0.004998538168056289,-0.010354089177959542,-5.872513202783759E-4,-0.008295380800124779,0.0707679518406223,0.364529488649868,2.604971230190721,0.38526604199781217
-0.005011934116815129,-0.010345251712533227,-5.754357325750405E-4,-0.008313298304189587,0.08160011281634429,0.36316363335512086,2.6155086055971326,0.393494425614583
-0.005007990188766738,-0.010282556267937627,-4.709472079490443E-4,-0.00831987198845738,0.10328615006924112,0.2975452559028235,2.6161531516194607,0.46156889744671153
-0.0049935775895143366,-0.010275449271873982,-4.5682765028206147E-4,-0.008303647153896898,0.09746576627640396,0.28249764970382846,2.605535679449208,0.47038632666786523
-0.0050089023178828546,-0.01029823468538191,-4.970357140252804E-4,-0.008318354172883399,0.09593007810818747,0.3138512969746562,2.6160791502401333,0.4445587979655358
-0.0049945086328057175,-0.010291179865782886,-4.829268674681647E-4,-0.008302202724575143,0.09251933638371751,0.29895680359610083,2.6055597707829015,0.4532933350987798
-0.005009863688092558,-0.01031391016005026,-5.231454691133443E-4,-0.008316752725699761,0.08976550067501898,0.33017844972142646,2.6159360018868405,0.42751646578258234
-0.004995429040268108,-0.010306901930902276,-5.090011808712391E-4,-0.008300610574697642,0.08755484561634787,0.31534603217833185,2.6054895657753554,0.436260175787989
-0.004997411694565055,-0.0103383652040722,-5.611684777930286E-4,-0.008297162248096844,0.07639272010303365,0.34808415785727304,2.605170669660399,0.4022606892433728
-0.005010874290742818,-0.010329582549946167,-5.492888197583544E-4,-0.008315066815247869,0.08546282795251893,0.34663270704465193,2.61573970791845,0.4104745856012569
-0.004996378454263781,-0.010322630424903471,-5.350779057592363E-4,-0.008298910344489237,0.08212403028189595,0.33169796168815385,2.605346697364325,0.41925939758636704
-0.0049787013227075684,-0.01026826739371602,-4.4273953527696825E-4,-0.008287545182550536,0.10050770564379075,0.2741277467012679,2.5939226645284994,0.47280330147208494
-0.004977699301200847,-0.010252407686981992,-4.165401918825896E-4,-0.00828871726253369,0.10574961351557575,0.25758697140756265,2.593711892499915,0.48995647247258706
-0.00497624263284776,-0.010220721481752541,-3.6425871906449356E-4,-0.00829126828591998,0.11618884368208503,0.22459643760500567,2.5934335022718464,0.5244238279775989
-0.0049768946329799444,-0.010236542769204661,-3.9035674230651797E-4,-0.00828997765926666,0.1109517738072117,0.24106348935361413,2.5935608628677893,0.5071835705444084
-0.004975661394728831,-0.010204928611150538,-3.382079794279934E-4,-0.008292495972055754,0.12146232626040125,0.208161842640713,2.5932671342417777,0.5416684535291004
-0.004975129100189366,-0.010189137090276242,-3.121570802970719E-4,-0.008293638726008854,0.1267513992889426,0.19173355582691912,2.593045741714383,0.5589370080701079
-0.004973450759317436,-0.010126373257457444,-2.0858957062261873E-4,-0.008297288079285285,0.1479678056882481,0.12649249110480595,2.591579485594446,0.6278013798531598
-0.004973894784299924,-0.010141987478605263,-2.3436642419570513E-4,-0.008296620618780524,0.14264494880534428,0.14272970666025708,2.5921059832185773,0.6106642123966858
-0.00497427526604325,-0.010157643602240387,-2.6020160011181517E-4,-0.008295736473681684,0.1373354618608258,0.1589993703837336,2.592487781800607,0.5934687333616843
-0.00497466800394633,-0.010173364587638735,-2.861374016161744E-4,-0.008294720757336192,0.13204239989662434,0.17533523156677525,2.5927864323485914,0.5762158617038297
-0.004971665341232582,-0.010063326756452563,-1.0449925238166525E-4,-0.008298581949931593,0.168914498641783,0.06089967653107411,2.5884828774206157,0.6970611129460048
-0.004971743601993028,-0.009999647249142696,5.799021578240243E-7,-0.008299799971048764,0.18976107448234625,-0.005279511344816208,2.5852627003319104,0.7678704391790313
-0.004971556447116532,-0.010015484755224308,-2.5556864627830555E-5,-0.008299515796535624,0.18451348686087654,0.011175902740907141,2.5860792634826058,0.7501750913472495
-0.0049714325075291685,-0.010031417365179022,-5.1845939577507766E-5,-0.008299161582168995,0.17930653235904795,0.02772711575930976,2.5868505994969375,0.7324138404272799
-0.0049714664495449645,-0.010047385858636114,-7.819372609681076E-5,-0.008298847091631452,0.17411655320663622,0.04432318181010519,2.5876512025863474,0.7146858384572333
-0.004958646727662002,-0.010119033769608267,-1.9549145070023796E-4,-0.008280396502278124,0.14711309391769897,0.11564187354662703,2.579576067159463,0.6319749307287569
-0.004957796818487182,-0.010103466362172707,-1.6989411116692012E-4,-0.008280377902258088,0.15212386427157884,0.0993749461715262,2.5785480939546734,0.6489139743960942
-0.004956544295359806,-0.010071717264549496,-1.1773279550334201E-4,-0.008280476478866006,0.16238861712115824,0.06627471172574063,2.576538323931741,0.6836227458954766
-0.004957066216169643,-0.010087673246977624,-1.439394712450628E-4,-0.008280372261361595,0.1572177686072582,0.08289162499896073,2.577511693280808,0.6661439693887902
-0.005039415511198498,-0.010626579228399678,-0.00104431991546542,-0.008267493669709398,-0.013306017453699616,0.6592899104156932,2.6030238554816165,0.09231490917743242
-0.005024548219355756,-0.010620561245683667,-0.0010291504391671325,-0.00825175657530479,-0.018611985603132694,0.644555667220086,2.5935360124811413,0.10046259345330766
-0.005037471670074724,-0.010610993105271279,-0.0010183297070690727,-0.008270735045139505,-0.008792444872634239,0.6426289885643542,2.604140475844688,0.10882902681245891
-0.0050301863683028455,-0.010548591347176688,-9.142928994242596E-4,-0.00828288157508434,0.01096321927603213,0.5765608560452277,2.608194058060084,0.1753774851566344
-0.005015483381806937,-0.010542269741135419,-8.993535237694833E-4,-0.008267150756507828,0.007712641797487,0.5620460959859751,2.5984096453385486,0.1835737124286951
-0.0050319341514908815,-0.010564200075219217,-9.402792159085797E-4,-0.008279971762931389,0.004238913588676926,0.5929198355986592,2.6072782267018297,0.1587390506425329
-0.005017204343581934,-0.010557922121731714,-9.253108664807685E-4,-0.008264249733795435,0.0028305439090531015,0.5785608719398826,2.597537847367278,0.16691835030098348
-0.005033730973549848,-0.010579803377811692,-9.662835398093239E-4,-0.008276977145426979,-0.001203019381274768,0.6093628107377353,2.606285194794632,0.14207250618834902
-0.005018935152028584,-0.010573581380673262,-9.512639364195019E-4,-0.008261219440771404,-0.0021650760555637217,0.5950342003191981,2.596597421225408,0.150295229504415
-0.005035576818551542,-0.010595401104716106,-9.92309670505383E-4,-0.008273897166272628,-0.005096457084467795,0.6259529605961449,2.605231914103488,0.1254189153742973
-0.0050207148698745655,-0.010589251585627337,-9.772295953304094E-4,-0.008258100425910122,-0.007564160089800302,0.6114975084214159,2.595603196340757,0.13368339083999162
-0.005022585762584174,-0.010604918426352514,-0.0010032012784615201,-0.008254943424385154,-0.013161382723143754,0.628001288045228,2.594581827155949,0.1170690695234664
-0.005000403114497589,-0.010535926429083603,-8.844718668944013E-4,-0.008251652588959513,0.011160860322929192,0.5541720705901628,2.5871649801991388,0.18558159458725298
-0.00499866358672716,-0.01052020122069605,-8.585013586391467E-4,-0.008254355273600604,0.01632914751192968,0.5376249326487886,2.5879265001323737,0.20228967500526893
-0.004997047097345108,-0.010504436746587584,-8.324902128568562E-4,-0.008257070569846687,0.021482683101076358,0.5210634804371347,2.58869837717878,0.21907463978053252
-0.004991237054495918,-0.010441567774978469,-7.287847414527097E-4,-0.008267222397232337,0.04241792820731976,0.4551425665470877,2.591369646373432,0.2862398514570119
-0.004992693705179472,-0.010457260766717208,-7.54694551381827E-4,-0.008264908853592129,0.0371492604413221,0.4715923296132885,2.590844384651181,0.26947012510968676
-0.004994105978895793,-0.010472956641451514,-7.80583870857165E-4,-0.008262400911881027,0.03188905473719055,0.4880433450382658,2.5901923215660347,0.25268769690755594
-0.004995542779069626,-0.010488679493430885,-8.065078778592257E-4,-0.008259772213916812,0.026667835755786823,0.5045292876489037,2.589466090343731,0.23588767343555547
-0.005169052502631797,-0.008170694458803557,0.0028587436753201236,-0.007560997141184057,0.4922429107443969,-1.8010618100871483,1.7470628957064422,2.705739512532139
-0.005176032517255472,-0.008146484995097094,0.0028938100213269117,-0.007543044487669353,0.4916323533164705,-1.8200817721049276,1.7264909092982101,2.726426808891335
-0.005141216878593748,-0.00821558924678471,0.00277807958604831,-0.007577627372876374,0.48693871244998904,-1.755793494884514,1.7751108323821985,2.64620763420563
-0.005139639659256399,-0.008182692986572463,0.0028146270111707055,-0.00754256938382454,0.4823402503363928,-1.775172114038649,1.7414665156502025,2.660152177834775
-0.0051116340524439245,-0.008228351478069903,0.002733559997161863,-0.0075593499771622495,0.47687889648144416,-1.7297932285655622,1.7693034500284932,2.6008766712721685
-0.00511405053418995,-0.008409273591026886,0.0025152327246420604,-0.007734548353403182,0.49453983423311876,-1.6058166969800873,1.9426718583586882,2.4978214700890464
-0.0051135262565853695,-0.008381134170903604,0.0025503338519946572,-0.007708102592266793,0.49209771833076915,-1.6265141750338505,1.9161239788212476,2.5155175444753133
-0.005120705253591408,-0.00835854986704536,0.0025852800246499124,-0.007694886648428906,0.4933332630162744,-1.646850231671661,1.90003504441953,2.5388119725061142
-0.005108622232631325,-0.008342013075809441,0.002594403224950044,-0.007666222169218205,0.48688752787764955,-1.6521178166108608,1.8759526736254268,2.5337314183207105
-0.0051118449337214,-0.008257931078498973,0.0026990262532137935,-0.007588777094334804,0.48016446586551936,-1.7109868286671632,1.7979994434639013,2.5857153267321302
-0.005117439149690131,-0.008291093716962409,0.0026648695237030456,-0.007627040906345749,0.4856637301063532,-1.692310818069434,1.8335111892550875,2.574750040495893
-0.005111683234991891,-0.008321649429865246,0.0026222651178380335,-0.007650225506038759,0.4863995315193366,-1.6680841076084396,1.858792823155558,2.549745868325146
-0.005083497972050932,-0.008446319612194013,0.0024404917162459214,-0.007734268289129151,0.4840220755824521,-1.5622927271589875,1.9536313762144217,2.4355813307246126
-0.00506439000131937,-0.008461102977575725,0.0024047874432491937,-0.007726345678780491,0.4767491915726394,-1.541745245408018,1.9525433546476765,2.4029141456314087
-0.0050828817835491535,-0.008420479306773296,0.00247279826481776,-0.007710533176989941,0.48214542700975455,-1.5815095673082389,1.9299683581345004,2.452228280904906
-0.0050157112417734285,-0.008750533082747309,0.00197843934754752,-0.007902389150553295,0.45907198469362337,-1.281373072483108,2.1474802869050325,2.124061592162542
-0.005039740379532312,-0.008468053483689118,0.0023745104106010326,-0.0077055652495410685,0.4669134199774607,-1.5248251983819125,1.940300758214342,2.3696683032599526
-0.005057154707677462,-0.008542155130285741,0.0022934653819660137,-0.007787543037366898,0.477062477218694,-1.4747007946239847,2.016866498807232,2.336465906576428
-0.005039769948453808,-0.008495940316891246,0.00233892662256421,-0.007729518159347551,0.46817824505135014,-1.5035322492329863,1.9642554631553575,2.350372447871374
-0.005046564314601136,-0.00852092334595018,0.0023123866255279455,-0.007758085921368855,0.47190570693282824,-1.487050264690045,1.9906733788980164,2.340181517654754
-0.005045703093767302,-0.008564372123330102,0.002254699461435724,-0.0077931743396363285,0.47272034961435955,-1.4517581526480763,2.026450994347856,2.306966544094529
-0.005011878494655474,-0.00872120052130685,0.0020163951990676498,-0.007876841719806375,0.45822262752028403,-1.3060880166687878,2.1225736338066317,2.1453909674869247
-0.005037111858341155,-0.008590676157370787,0.002212832412896683,-0.007804963931176274,0.4695469386308156,-1.426610147992949,2.0412803721171,2.2774126053011936
-0.0050340449264264136,-0.008620154735461356,0.002170945489758079,-0.007825002003807292,0.4686240552981004,-1.4009102551526789,2.0626198221400105,2.251099754263564
-0.005022787682386038,-0.008645666086962803,0.002127779197801887,-0.00783231711795136,0.4638035843261625,-1.375089132733368,2.073713737028505,2.218835393913931
-0.0050152042942691825,-0.008669790553980029,0.0020892943218223307,-0.007842298252153665,0.46044207322677094,-1.3517801772487552,2.0863106417846926,2.191468553618557
-0.005011796735574398,-0.008695097906259787,0.0020522219875083424,-0.007857495719135245,0.4586714942374019,-1.3288093941769004,2.1028679589163386,2.167183313422395
-0.004987320826523749,-0.008763079134675463,0.0019408297995936882,-0.007879233089120202,0.44660607106215205,-1.2612251152525416,2.1326453787479447,2.08559286835524
-0.0049807659924828865,-0.008873483314178025,0.0017809086368388704,-0.007946235421730978,0.4379745419838473,-1.1595040835967094,2.202996054542432,1.981433973554026
-0.004979154231314916,-0.008848499547304309,0.001815444614685036,-0.00792814996171876,0.4388797069488744,-1.1820848826103874,2.1849840657264257,2.0027295026629783
-0.004988119236295893,-0.008794048068661433,0.00189822816743713,-0.007901686845626227,0.4456469244510477,-1.2339373055262246,2.1552555233217205,2.059489171301022
-0.004980905260515002,-0.00882258642899353,0.0018532400244589944,-0.007912919855454165,0.44113851768679074,-1.2061443978507045,2.1689047468161746,2.0275536888021084
0.005206504270174623,-0.008056067477758444,-0.0030276455417670126,-0.007477532929182996,0.48941669579408575,-1.8917863757521405,-1.6490409605065788,2.806364122880397
0.005186165625063729,-0.008031737089755606,-0.0030316736389266047,-0.007430165305942179,0.4779062996015854,-1.8902660316893694,-1.6130280941123458,2.7858767569851612
0.005184896779995942,-0.007998553973037411,-0.00306546397078239,-0.007392257602287664,0.47184337522732045,-1.905846618410863,-1.5777968614684024,2.7948795249920573
0.005750190632082306,-0.006613453513974895,-0.004705719016336265,-0.00592176443168007,0.2343480128899537,-2.3430656597518524,-0.1806757892831181,3.170196123825345
0.005719325163194951,-0.006648261792237204,-0.0046529761077766935,-0.005960684213312693,0.24223676408873757,-2.3367490661197414,-0.22161671124835497,3.16192461540422
0.005673199287204023,-0.00665813695598334,-0.0045833812746296256,-0.005955950480001492,0.24313541103699923,-2.310243868860048,-0.25245808553041543,3.1166540947680743
0.005468899864504444,-0.007097543388263242,-0.0041312723552437555,-0.0064760884203137956,0.3358107662502245,-2.2761395541694713,-0.684816708047402,3.1238922696803475
0.00549751312511251,-0.007029493208103775,-0.004203905015223574,-0.0063983567807367496,0.3220062176968817,-2.2873229281665974,-0.616747324637449,3.129449612584448
0.005464820366395609,-0.007057164455823073,-0.004145237828369969,-0.006417256578344051,0.3247825958145125,-2.2670733648405395,-0.649209150243866,3.0996842927219475
0.005617019973277966,-0.006755609148936243,-0.00447663990251755,-0.006071808250233646,0.2637029820806475,-2.305605067886129,-0.34948354089863815,3.1187815161411616
0.005614437918407851,-0.006677189936273202,-0.0044943175382132295,-0.00595839659991909,0.24550419291093736,-2.2783966514982654,-0.29347267678281536,3.063516208776954
0.0054955500590320935,-0.006981377507372544,-0.0042224178669265575,-0.006329586772254231,0.3097911706281696,-2.2768103500555963,-0.5752938582559873,3.102181722945828
0.005550893935459091,-0.006769415789741486,-0.004378389552330907,-0.006060391698431109,0.263407967141404,-2.2648228231092857,-0.38700054843671367,3.050488110547555
0.005531292204367158,-0.00681867815282611,-0.004334912397667075,-0.006120185368244519,0.27347150243723545,-2.264839201713236,-0.4316198239464824,3.056836517600369
0.005499957652847676,-0.006923001527003282,-0.004252710187789214,-0.006250226966865215,0.29591927323770734,-2.2679100039953837,-0.5250240667893101,3.0771677959510266
0.0055126514610528915,-0.00686870461090833,-0.004291185151923648,-0.0061809131170888106,0.2840621008218674,-2.2644314749220347,-0.4771683742022031,3.0630402983695757
0.005283428420284052,-0.0077469367860378,-0.0034277112923552003,-0.0071922556722566686,0.45558656277786663,-2.079306533705896,-1.346760740245063,2.988385321960948
0.005294067729544559,-0.007717944283016598,-0.0034669909871427344,-0.007166203052532501,0.4523363362647212,-2.096280229882477,-1.318152501528932,3.006185188920345
0.005288437753348674,-0.007680745009112121,-0.003492695792720261,-0.007114851979391498,0.44231435933100094,-2.1018181999169765,-1.2764305372854932,2.9988289290312173
0.0053179975447092236,-0.007632000977009638,-0.0035714630600341356,-0.007079622565170504,0.43943930219724264,-2.1370808391994642,-1.2301649241410484,3.042673097282052
0.005295205753776976,-0.007652597084588785,-0.0035252794159431064,-0.007085617568997673,0.4375172423840604,-2.1141226454287723,-1.2477025482272508,3.0090071120974695
0.005315655369306278,-0.007598360646955443,-0.0035962878139799794,-0.007034713097807794,0.4307037827184406,-2.1421465281671375,-1.1936031747607763,3.037533765272651
0.005322155177068237,-0.00755594979044648,-0.0036386123771571517,-0.006985818622896531,0.42231519788910404,-2.1549875890937895,-1.1495249750255228,3.043941696923813
0.005419593945044661,-0.00714652676795203,-0.004037897321178554,-0.00651212024736672,0.3412572866292331,-2.2436490740520063,-0.7391684956747065,3.0781064293263345
0.005434333909385282,-0.007110636334971485,-0.004076776022923295,-0.0064722841867894815,0.33386816904168887,-2.251019298234938,-0.7037658477491606,3.083021030487593
0.005408979995303808,-0.007409635206135211,-0.0038621664483313458,-0.006863425567326065,0.40651818578297017,-2.242357011911481,-1.0005018715495888,3.14927409926632
0.005387776304998336,-0.007436022404790005,-0.0038149854672017655,-0.006882066631082086,0.4085726462145955,-2.2229334138383314,-1.0281147337282144,3.123283188898407
0.005369247227226322,-0.007475195432816634,-0.003761802345526194,-0.006919325069269416,0.4143160526443728,-2.204196226575396,-1.0685804853716305,3.103165004488304
0.00531054604880147,-0.007509312554792265,-0.003659594124153716,-0.006916094468749267,0.40861892601103383,-2.1524924845060913,-1.099499343312611,3.0219831681055958
0.0053340467723853886,-0.007481309216275238,-0.0037109838112174567,-0.006898826698638122,0.40742190151277635,-2.1748610963752792,-1.072554518255183,3.0522390576487934
0.005413195574127676,-0.007371301376336247,-0.003894195763652775,-0.006814698942253186,0.39720496815437617,-2.2473880731692844,-0.9602315524039524,3.145527346943758
0.005396302440467186,-0.007324242651490732,-0.0039022073134566955,-0.0067380932851673824,0.38165188997757804,-2.2343225393753223,-0.9126411612725543,3.1076358544494416
0.0054067623328564315,-0.007195992712982311,-0.003993398645914629,-0.006571214943639401,0.3514336984558394,-2.2379421799427104,-0.787029097061075,3.0796977633841744
0.005383220473442151,-0.007278988816861447,-0.003912853357868429,-0.006667433374927443,0.367828166283954,-2.2233195509395265,-0.8687902726717427,3.0753139121128226
0.005371141288364282,-0.007232096475290171,-0.003924545883528044,-0.006595823650025563,0.35429857605440224,-2.2123198596999263,-0.8251006110635405,3.0438191007492548
0.005255792956183279,-0.007764318235370053,-0.0033781330921802237,-0.007188020906848496,0.4509019964276834,-2.052248923091842,-1.3573754603390626,2.9456591568444663
0.0052024609397099695,-0.007910117301636172,-0.0031758013520332726,-0.0073097031391320235,0.4625115799164821,-1.958354700792637,-1.493145779294039,2.844082474878046
0.0051922419634178535,-0.007937793483691495,-0.003136336628978856,-0.007331361474803097,0.4641171097925986,-1.9391224292064613,-1.5177949663299768,2.822780081746368
0.005168069961985994,-0.007957936691214995,-0.0030887091916351767,-0.007330567021497358,0.45952144634352626,-1.9129881449894086,-1.5282269222799807,2.7834822535752775
0.005230459958605074,-0.007797280027714598,-0.003317286120792549,-0.007204252778528065,0.449841190899023,-2.0219083665540265,-1.3845464304473751,2.90477850305768
0.005177955354766159,-0.007879699361840806,-0.0031776357151897844,-0.007251546851551868,0.4491353194317265,-1.95287918614704,-1.4519079198522962,2.8161098283508372
0.005196643882464299,-0.00784930429286374,-0.003228468871508327,-0.007234013102670518,0.4496038024633963,-1.978128924869303,-1.4274327830122513,2.8482548645020738
0.005205175892197241,-0.00781856845409996,-0.003267509616019365,-0.007206065264045922,0.44606900394488314,-1.9956141417995006,-1.39842879976883,2.8655138627512784
0.005065680777218895,-0.008622152212857295,-0.002193249303268283,-0.00786213956324753,0.48222462403416394,-1.4116034980784462,-2.090163105158734,2.2837487571286217
0.005031290617895835,-0.008705275405498801,-0.0020527087478102693,-0.007887039243620468,0.4668553271576366,-1.3266639435300238,-2.1268814941587952,2.1784765281893113
0.005036467988457604,-0.008684855671708994,-0.002084769211368243,-0.007877613525758847,0.4694023284328433,-1.3463896773123851,-2.115581699701955,2.2009992615681777
0.005043780688284844,-0.008663773630835741,-0.0021192965836898205,-0.007869843246205004,0.4727474462636046,-1.3673866072618421,-2.105266914223547,2.2261777613606575
0.005053293788663837,-0.008642549235253236,-0.0021556918604421662,-0.007864177642898583,0.4769137618141361,-1.3892896379590456,-2.0963540313482443,2.2537385470334397
0.005007329912431876,-0.008712096635134775,-0.0020256077478647797,-0.007865044988383698,0.45646943590257644,-1.3124744792668206,-2.1120031391817053,2.1484851784259367
0.005131163723124857,-0.008406178027563922,-0.0025348489283062853,-0.0077506233294119065,0.5016591061005524,-1.6170153170952568,-1.9525765447244832,2.5212985067594675
0.005118262137248514,-0.00842603452422995,-0.0024976368798513607,-0.00775443144878523,0.4974446389713196,-1.5951716320686113,-1.9613411807674408,2.491744664536722
0.005115314806963752,-0.008444003030988063,-0.002471821334742769,-0.007767347518098855,0.49754568274288813,-1.5797881249794097,-1.9755888850302405,2.4757451260692984
0.00510434926421543,-0.008462776197434466,-0.0024377458095709895,-0.007771857881016315,0.4938672564775691,-1.5596836176495097,-1.9842535785146198,2.4491938288184962
0.005090458997303429,-0.00848235380248749,-0.002400117043485466,-0.007773595821137125,0.48894590547154854,-1.5375890823450862,-1.9910580596098983,2.418615444086609
0.005084892598567196,-0.008508377716511284,-0.002361303561240699,-0.0077898773913631075,0.48767964678641806,-1.5143548620562701,-2.009583396630046,2.393299895540696
0.005078450343360765,-0.008535329221242586,-0.0023203006059072267,-0.007805561507382908,0.4858904080349267,-1.489688817893148,-2.027828700837252,2.3658876551761927
0.005052391719547683,-0.00855047629204904,-0.002278550486758397,-0.007789169159165076,0.4752282390105829,-1.46598515442883,-2.0200923149934362,2.324917231012353
0.005052018095993283,-0.008600181905790113,-0.00221207359847483,-0.007829233423843241,0.4760524851420624,-1.4248199792698364,-2.061026680120722,2.286323930083722
0.005037477690018445,-0.008576355855177414,-0.002232134526397313,-0.007793814220788634,0.46942755990970114,-1.4386270140850321,-2.0298353336855453,2.288879298978177
0.005116916060448063,-0.00838419565019742,-0.002549612831977866,-0.007714641833039214,0.4938298422657798,-1.6260362178219532,-1.9214440891195148,2.5177400344100476
0.005191278413579671,-0.008088647914611459,-0.0029751621531131827,-0.00749731339579278,0.4887571874479794,-1.863600918520449,-1.6750980001183233,2.7722391032770055
0.005170634636027698,-0.008114220006314683,-0.0029245787587355073,-0.007503378568447616,0.48473462985251387,-1.835485902383445,-1.6901278466340692,2.7330345785846712
0.005156304973912522,-0.008139797409231018,-0.002880733935434752,-0.007515515174955385,0.48287159488782033,-1.811462032758756,-1.708084244794062,2.7024434025694895
0.005136577260714018,-0.008167137858554177,-0.002829282896962964,-0.007523439502774331,0.4789665696808335,-1.7826937225154222,-1.7240864045559152,2.663371013930956
0.0051285019711454355,-0.008203861715938813,-0.002778898051400048,-0.0075524465498541535,0.4804342710067569,-1.755379687671322,-1.755619351237746,2.635171572359178
0.005095241674340591,-0.008279343459863451,-0.002657468538802363,-0.007592120242281672,0.4757493749498924,-1.6874831301660855,-1.8076665754256431,2.552995651697597
0.005099029125345193,-0.008251397997944747,-0.002694170039722715,-0.007568897854200477,0.47430458076834486,-1.707764991769584,-1.7834862014384385,2.5727383469471388
0.005110658379167777,-0.00822785379407903,-0.0027331632831187063,-0.007557832417222983,0.4763591106349608,-1.7296000225137924,-1.7680657997523728,2.599848090305958
0.005100252954826757,-0.008358500327234796,-0.00256620571718573,-0.007672635436992624,0.48480580242925647,-1.6358809167876533,-1.8855159886811996,2.5131313614787447
0.005085322804865623,-0.008330030115384872,-0.002587105914615822,-0.007629944832749124,0.47641709146404715,-1.6477790086878983,-1.848755027728256,2.5117903048169734
0.005069357427083276,-0.008295353560772352,-0.0026136223520862333,-0.007580270387251004,0.46723418431768143,-1.6623045491555108,-1.8059556291535315,2.5118134842298816
-0.0051925634910165,-0.007851747502577125,0.003221376913800296,-0.007233048727260101,0.4484814953239756,-1.974326592236329,1.4283573492816186,2.8421656864019518
-0.005174074984660588,-0.007828203351160053,0.003222217345157625,-0.00718866854887468,0.4386380242679044,-1.9694142397708685,1.3976995219402848,2.820526486444217
-0.005179014339799982,-0.007880563525498954,0.0031780272100956114,-0.007253531023775133,0.44948550021010275,-1.9534006745886205,1.453060537492543,2.8175113652219888
-0.005164724782542766,-0.007910565777024729,0.003132418918334079,-0.007274162139497051,0.45012789232120703,-1.931116408745311,1.4781880977259068,2.791061508523578
-0.00516979381047057,-0.008117860432898636,0.0029196044890243485,-0.0075063731922269325,0.48508911644058095,-1.8327035408117849,1.6934032993231496,2.730132399807176
-0.0051524129798564845,-0.008088767091918036,0.002933389808800237,-0.007457710194836625,0.4743485084300078,-1.8374419002476101,1.6542007550850377,2.718152978935413
-0.0051461098895125255,-0.008059801701906446,0.0029580888286945407,-0.007420438412487099,0.46781266057903764,-1.8486600438724026,1.6215577357588506,2.720564414130305
-0.005165490182041085,-0.007965960721368211,0.0030776521087012777,-0.007337003253867584,0.45982810334443674,-1.90757525406301,1.5352277245248358,2.77761432288522
-0.005154018210971863,-0.00793869282827508,0.003092449274741682,-0.007295567248286577,0.45134097326330014,-1.9116979311753433,1.5024071345970516,2.7693814093850926
-0.0051451643628810965,-0.008029283741708089,0.0029895780021524207,-0.007386625621320231,0.4629606948670752,-1.8635723242046394,1.5901688580178914,2.730062168844832
-0.005151239088230025,-0.007995343693572816,0.0030317088655406016,-0.00735558613859873,0.45942876897037593,-1.8841218065732115,1.5587018207670367,2.749351740098533
-0.005226395762304249,-0.0077010366953174335,0.0033988090844368044,-0.007084877626604301,0.42914951803860657,-2.0481352222019384,1.2828766976910069,2.9079215633015947
-0.005255732476916865,-0.007632636246604737,0.0034926965472802593,-0.007026408522162801,0.4226028070149474,-2.0874592353556802,1.2188054957991827,2.9512254663488497
-0.005218747987748698,-0.007657011093834479,0.0034269552323046466,-0.007024727860479971,0.41796369993229904,-2.0536158715693023,1.2359719362111388,2.899044198619903
-0.005251922935794743,-0.007591217239751308,0.003521630940201136,-0.006971652166694589,0.41272057012279106,-2.0930926073842033,1.1754396845247046,2.9447684949132165
-0.005277560073208522,-0.007541652926043342,0.003592765317522042,-0.006930529899919489,0.40813015575660977,-2.121648885251549,1.1288444648683453,2.977968756282863
-0.005285336932021089,-0.007505894735436435,0.003629821576378507,-0.0068913312310463866,0.401803440534562,-2.1330327417433628,1.0934934600667394,2.9856276777943704
-0.005335934329080013,-0.007351892244802468,0.0038036242101941796,-0.006730328129636248,0.37687702824676433,-2.1855362900128146,0.9420749632436075,3.029378814434359
-0.005277505592864516,-0.007466889290587628,0.0036484785222978826,-0.006835287800522991,0.39125134296242214,-2.1317955260470733,1.053485856191324,2.9697995229706526
-0.005287724879354835,-0.007420065846849871,0.003694762345970036,-0.006783062149511022,0.3828415882551535,-2.1442038374399144,1.0079955400514324,2.9768096230461754
-0.005298038375578087,-0.007380378847676926,0.003735147993163373,-0.006739477895013715,0.3755150787408122,-2.1548685127215323,0.9696631599577433,2.9836083543228296
-0.005201704235564202,-0.007735332901485234,0.003339131450861468,-0.007104367375024027,0.42898978106459923,-2.0198727462482364,1.3115000324696757,2.8707583474497813
-0.005175146380898534,-0.007799370048164206,0.003250189910209643,-0.007156160129552746,0.43367350426851375,-1.980233724786008,1.3686470218191042,2.826541231557527
-0.005183360896379019,-0.007765071731104538,0.003290946947605551,-0.0071233342556624,0.4292516982185311,-1.997308823173334,1.336429749467798,2.8422972497871526
-0.005183167064222411,-0.0077098597574479484,0.00333924403559826,-0.0070577586525500755,0.4190183254387387,-2.013475913582931,1.2806957563933952,2.84744827025036
-0.005475167875680421,-0.007100090039021027,0.004138746093403861,-0.006483617462478009,0.33726459276204923,-2.281354840509756,0.6858684420170773,3.133496441485539
-0.005478473195160691,-0.0070481499094847844,0.0041685282328393,-0.006413022394989434,0.3243088530428125,-2.2758750981151117,0.6381045079621298,3.113231308524593
-0.005746952757316605,-0.006426635078326193,0.00472979048678454,-0.005648881806618437,0.19291617513202605,-2.2629152653236493,0.06669099642801112,3.02016086898054
-0.00572503380790558,-0.006478322849962132,0.004691745719062979,-0.005715970642595584,0.20378236032106112,-2.272009165203519,0.10886655461936996,3.0380726256832022
-0.005704709759399515,-0.006532677726737733,0.0046541366591704575,-0.005787022165091176,0.21509585315089394,-2.282008245995034,0.1530674324613384,3.058380080738782
-0.005618901806926863,-0.006791269653141353,0.004468634746282296,-0.006124183497855388,0.2728121762407482,-2.3181097455798247,0.3757727811982226,3.1448115507318946
-0.005682846594890025,-0.006587561556755946,0.004612568523024357,-0.005857887396141444,0.22710592663813342,-2.2899458944609807,0.19972244410319315,3.075753702592582
-0.005658885643001577,-0.0066413272464122194,0.004566606291005803,-0.005925727528987766,0.23892047692445725,-2.294645219337998,0.24792954075559834,3.088260796585827
-0.0056373303565901145,-0.006737657279272707,0.004511060832565353,-0.006055334757369634,0.26037261358689595,-2.3137116922800254,0.32683171422185314,3.1307152687036437
-0.00563288385021758,-0.006684562638702161,0.004518805862179206,-0.005976869816939228,0.24817081553998438,-2.292833867306101,0.2905473745447819,3.0892789328789507
-0.005528300005853722,-0.0069489795110169355,0.0042821931407238095,-0.006302537494752314,0.3055328114954853,-2.2944086920366944,0.5380048753597767,3.1271653043651706
-0.005540886936582276,-0.006902879977326818,0.0043182313974840375,-0.006244096674148466,0.29430548232280157,-2.2929951265564177,0.495157418188537,3.1170865753596804
-0.005552057128640476,-0.0068511684414047196,0.004353036239267526,-0.006176554968957388,0.2828106852952312,-2.2879168796788156,0.4493846894660653,3.100742571256681
-0.0055656123819739405,-0.006803195964824777,0.004388497575347829,-0.006115235999107697,0.27205589835716154,-2.2843348983310414,0.4067862746811047,3.0881143607486656
-0.0054890425329933625,-0.006987272746402976,0.004210774887039206,-0.006334079709628676,0.3104765656993253,-2.2730238681997204,0.5823296556920811,3.096917518270924
-0.005384829268694181,-0.0072686339837368654,0.003921308849472698,-0.006654597749556652,0.36582440154011114,-2.224139234769803,0.8588023054945887,3.0741119158448336
-0.0053548358805013355,-0.007306221535359307,0.0038579623982407823,-0.006683566623653082,0.36911907874974803,-2.2010800102258776,0.8969818971398958,3.043748252544821
-0.005383328158192673,-0.007220565827189402,0.003947622343651849,-0.006588638192632988,0.35362443217222245,-2.221210396480896,0.8130446463743695,3.056552382925319
-0.005384956574164805,-0.007161650392775734,0.003982643756351365,-0.006510070866087498,0.3395919171699712,-2.2186029412200488,0.7582703126859077,3.038056561429623
-0.005425538111280411,-0.00712411167760455,0.004057740612770924,-0.0064851822985812465,0.3364548588682111,-2.245873884897266,0.7177052113855716,3.077039700857091
-0.0057035933014662555,-0.006363921583004278,0.0046753705900265405,-0.0055475246262142045,0.18110202661996563,-2.213759955574386,0.05719952967630731,2.9330161133458357
-0.005740476866341775,-0.006291506105731867,0.004732983687594662,-0.005456244448919004,0.16646514698551765,-2.202504498669984,-9.64509755515315E-5,2.91179180282279
-0.005741082063828921,-0.006215997229796256,0.004738069606946475,-0.005351917317564029,0.15411082399971265,-2.1710312139518706,-0.03566463302399905,2.857145176200946
0.007802769289191952,-0.003769966393122334,-0.006162795787328392,-0.0019448059930152466,-0.017113177298694514,-1.0383696128906528,1.1617684165431876,1.3336293719165258
0.007936282282150382,-0.0037226448036437113,-0.006232458732102192,-0.0018256374125561632,-0.012933363220457553,-0.9696534681753689,1.199331859908023,1.2570036966725242
0.00810371408869968,-0.0036987781245591727,-0.006332777803184233,-0.0016969830098150787,-0.005412699003795193,-0.8861705590684453,1.2573542167195066,1.169918330021761
0.008678919974287717,-0.0032988327086025857,-0.006408933567583575,-0.001065018562010072,0.03218413436117701,-0.5228977891522893,1.2524580411785637,0.7358089982949004
0.008838830508938215,-0.003114454263435973,-0.006365106869563041,-8.754794671322342E-4,0.043387156519029586,-0.4192575423814966,1.196023899752735,0.6031429481654821
0.00898304443839724,-0.002880763478246227,-0.006283339858962592,-6.973999726618266E-4,0.05036625080829166,-0.32782796532422803,1.1068300499885062,0.4778777628235697
0.008213581951389786,-0.0035356777657825876,-0.006305261889916814,-0.0015181507791536882,0.0031162009726358724,-0.8018001536224082,1.2252244585773946,1.0554465900431234
0.008347549835603586,-0.0033786747421071343,-0.006290981431691471,-0.0013367047169070038,0.013127090876702661,-0.7099877202330628,1.1978359204375337,0.9370950584773831
0.008495131142484227,-0.003277483412019171,-0.006309598488380979,-0.0011836176290626352,0.021086207098822484,-0.6200775282648174,1.1938971588723175,0.8304529665677413
0.009863550761729298,-0.0017109858414785107,-0.005914685597178032,-4.858271388329308E-5,0.07907617518546863,0.09427508499000359,0.6346335601387197,-0.04767154507978164
0.009108574546847908,-0.002623885179111853,-0.006185824182062011,-5.45615115697958E-4,0.05511536699242704,-0.2547404529617747,1.001032229495767,0.374100767184776
0.008867188758959968,-0.0027191043818089733,-0.00616135484110936,-7.163989234467429E-4,0.043792601650394176,-0.3820224517312362,1.0124818276223375,0.5145388562167517
0.0095835818233955,-0.0020346256594323247,-0.006010698353114202,-1.8875348426702305E-4,0.07198904292612608,-0.023228501737665098,0.7674087022362831,0.08895082661916133
0.00934166625673421,-0.002344095626099076,-0.00610522265307039,-3.53103798085129E-4,0.0652116461077754,-0.13466168203235393,0.8931358349947977,0.22600672158039728
0.00886890410870036,-0.0025367992776385677,-0.006074575492062376,-6.557355171874174E-4,0.042937585223393054,-0.3713959544613963,0.9313644634234528,0.48462717090475527
0.008754022307513489,0.0024924821382701877,-0.00601653055074606,7.022815070327743E-4,0.03784620386183938,-0.4242204916388558,-0.8957045656746612,0.5340097305480455
0.008846432599078803,0.0020803022876396842,-0.005879554311945138,5.274785216527743E-4,0.04039566469792764,-0.36096324015211106,-0.7375282538387246,0.43532429408081946
0.01031678389150282,-8.934056667296019E-4,-0.005705471001752637,6.258608408325989E-5,0.08476502188665826,0.24769139953719055,0.314101620989552,-0.22809745411332433
0.009995227559586012,-0.0011166901213661993,-0.005758876660095725,1.6615677513401692E-6,0.07576704756366272,0.1274243433938371,0.4017905010175145,-0.10513365769898483
0.009716226826794462,-0.001312654039345643,-0.005794184583339288,-7.845782262228283E-5,0.06712249368452582,0.01671739296810254,0.47701526719895243,0.00892136766601682
0.009696795920291872,0.0013921045800697836,-0.00581322329908593,8.950286152273962E-5,0.06738605198643048,0.010816902117366906,-0.5078975782944716,0.01861623595157477
0.00978700579459648,0.0010226343816947666,-0.005735532806146657,4.4651623510526735E-5,0.06698940763115342,0.04035326668555609,-0.36759813085878174,-0.024639038087034496
0.009309110408726656,0.0015489613166483087,-0.005810860280337954,2.3085739497200538E-4,0.055066308359402384,-0.1520203426746419,-0.5594228466442676,0.18840988829059077
0.008932607369269709,0.0017010740328509922,-0.005776973922223921,3.9063924660205206E-4,0.042289117269149516,-0.3113191585305169,-0.5971801465352627,0.3604028194678999
0.009626827964443188,6.658352586718548E-4,-0.005670303789638333,5.122784858652624E-5,0.059301594592870134,-0.028067665212133556,-0.2365504647371032,0.03429863845007678
0.010010374351595465,2.198194151173348E-4,-0.005648277528683225,-9.360445937727538E-7,0.06957229655843199,0.11586273532800873,-0.07755184242764591,-0.11306762234184022
0.010179769649695606,-3.775651115395522E-4,-0.0056531020313160645,1.5282652702609656E-5,0.07545282333479235,0.1824686213288773,0.13249101104740954,-0.17518646062427312
0.0072538791406439205,-0.004569443536402468,-0.006127776650365359,-0.0029738430995740173,-0.04743667860405724,-1.4805163085740747,1.1517125730790438,1.9361507759954868
0.007309123164217131,-0.004440817865872806,-0.006112368207565327,-0.0028147937751932407,-0.043992211502301114,-1.4173179594752694,1.1453138027698602,1.8435850362546862
0.007350389462690114,-0.004323180166128126,-0.006087959083917356,-0.0026788385362840647,-0.0398667791375047,-1.3642558844027766,1.1311363691415697,1.764685126836057
0.0073971636760823516,-0.004185971748214267,-0.006057353625780672,-0.002526508363833818,-0.03524454530293814,-1.30516199963204,1.112500669345055,1.6765332996530569
0.007478145264859021,-0.004041922484600158,-0.006051857175928622,-0.0023548198192746236,-0.029890291665413682,-1.2347768026051889,1.1068875577860713,1.5786414116544876
0.007125300264411316,-0.004590452977811254,-0.006006349847395078,-0.0030621646214106443,-0.04334726357573198,-1.5235893825103235,1.0734310908000648,1.9763392336313235
0.007570087908843257,-0.003891185431298001,-0.006048470272913182,-0.0021774748824133464,-0.02466606050930267,-1.1602350901028986,1.099961577670003,1.476337743244977
0.007670274959133233,-0.0037460734940871513,-0.006050570102111624,-0.002006326548956748,-0.01824576704670217,-1.0859213718028398,1.0937509592352896,1.3766474994330435
0.006031266464414689,-0.00618510863743547,-0.005151632149373781,-0.005362839393966999,0.13521148502931468,-2.2878043458211015,0.24314403801657616,3.066776589999489
0.005973126428189515,-0.006211733493061759,-0.005067166027339438,-0.0053922769137545465,0.1434142484250249,-2.276160722423296,0.18828261265615256,3.0435139943688596
0.005921946486153067,-0.006242725044015437,-0.004992947349069324,-0.005427743590403474,0.15172670672323782,-2.268263757458117,0.1380708755729765,3.0278961842747
0.005866144178310283,-0.006276848093612094,-0.0049117517218907605,-0.00546520030095454,0.16044258310202184,-2.2580190642090954,0.0845661341431927,3.0088514821585424
0.005746475398020053,-0.006554559434659632,-0.004710904802251169,-0.005833760428206703,0.22066127604115507,-2.3165460898490795,-0.1438913796003004,3.119635024950407
0.005748252551684477,-0.006485318038700449,-0.004724159204556217,-0.005733632354818908,0.2049652747671157,-2.288651856843266,-0.099982634242327,3.0670590826317397
0.005806631768211952,-0.006312530211096758,-0.004824912201646998,-0.005502232087328107,0.16903545811380802,-2.244829297002092,0.029126539697223685,2.9856925174941793
0.005743008822922753,-0.006413296340981247,-0.004725647229641875,-0.005628544904168343,0.19016820547751115,-2.255417944912813,-0.06168119381816895,3.0063660891902058
0.005741934200042879,-0.006344844063074191,-0.004730892551207216,-0.005531266150824878,0.1764614705674654,-2.225902955580412,-0.025658552477958733,2.9532925914045465
0.006035749831337863,-0.005962317441190872,-0.005138698119582196,-0.0050427561441853995,0.09898451715927449,-2.171120290808268,0.32188499631454753,2.8673448120431786
0.006017850879737104,-0.006089317427082414,-0.005125573960063227,-0.005221291773749767,0.11958810797347143,-2.2307187575220913,0.2684948675858118,2.9674238062160865
0.006000127079952452,-0.006021375180373037,-0.005094629199948472,-0.005122614585900226,0.11032247816832237,-2.1885872787668013,0.2780877995181182,2.894569005715118
0.0060848970431300045,-0.005871383644272474,-0.005195090184131759,-0.004918618379863025,0.0831196046228951,-2.13967913854952,0.3817542645778242,2.8189194100182315
0.005996041236421748,-0.0058837590535010895,-0.005074788386772365,-0.004931692656181821,0.0910625295621985,-2.118624717525908,0.31576270398309964,2.7774260856210002
0.006176777436352202,-0.005745300563346834,-0.005299034681215905,-0.004745266628044634,0.06062920405694778,-2.098689978811325,0.47637798530367664,2.759464777771241
0.006096805797833964,-0.005772221185498731,-0.005195437157799833,-0.004783091476613647,0.0703219808989579,-2.092442541654983,0.41248134166665856,2.7417688280022574
0.006269384777161879,-0.0056412495480880264,-0.005401110529934247,-0.004598644945818897,0.041953056532116645,-2.0631316131848614,0.5619173847061295,2.711112648606845
0.006190615502269907,-0.0056644844048173515,-0.00530071555149452,-0.004635420620266791,0.05100512496621281,-2.0599376119115447,0.4993871672507044,2.697219413791162
0.006287008807948669,-0.005556974978957457,-0.005402896039693117,-0.0044844478307063465,0.03357150873209519,-2.0223520682846914,0.5832101526294132,2.6464637404551983
0.006965137850325035,-0.004721762919603519,-0.005901457392558081,-0.0032764527177226777,-0.03915046141299435,-1.6103232706011845,1.0009529195882922,2.0849719791307852
0.0070066477759177515,-0.004605889252390346,-0.005890127903603282,-0.003134319000551894,-0.03841844418713089,-1.55640913408216,1.000962197931404,2.004949637529856
0.006843084120735292,-0.004844944137359412,-0.005823856691327549,-0.0034634847696790277,-0.03388487730685888,-1.68148906435291,0.9441385764898006,2.1776227418301803
0.006882450048967014,-0.004753267354779272,-0.005825985772601717,-0.003345785813004893,-0.0351432541378611,-1.637250559532346,0.9526482025784286,2.1129014705942093
0.00674949269945253,-0.004846508035444542,-0.005719121956353517,-0.003500150774752879,-0.027649806590091548,-1.6937587785015997,0.8802293682877839,2.1810070859700645
0.006478903236306798,-0.005300367657979165,-0.00557214921763248,-0.00412099465862395,0.0013078694900213999,-1.911404684185106,0.7336088070139465,2.49097644935959
0.006601045705348326,-0.005194000407244336,-0.005685522666511427,-0.003957594522686277,-0.013279303859149964,-1.8605175497910287,0.8187283876798804,2.427136914955751
0.0065152133075086285,-0.005225231974095324,-0.005591117148988466,-0.004018650300245332,-0.0054530600073715366,-1.8757880051718228,0.7572839080084994,2.438669313012598
0.006616925768977643,-0.005089726044075038,-0.005664133442334927,-0.0038260988950137866,-0.016601476240308097,-1.810844009699241,0.8200582765416385,2.3492996887606483
0.00663357616071959,-0.004979050686392907,-0.0056404642411446845,-0.0036902907927158987,-0.019101609820974225,-1.7602160084950966,0.819550030421181,2.270184792043223
0.006650421326995863,-0.004868442382961715,-0.005616352148686746,-0.0035582873757014637,-0.020867687577356926,-1.7120184258521476,0.8177681915027434,2.194937179183828
0.006397441355477471,-0.005313443305582005,-0.005474154551287992,-0.004154115150982171,0.008208603134219351,-1.9134567999942778,0.6739164419436218,2.483764202531419
0.006309518355866463,-0.005470614080388816,-0.005408885662413212,-0.00436877021944343,0.02530282105136122,-1.9819473005919364,0.605872640046386,2.5831993491936873
0.006345121039989729,-0.005380631085236034,-0.005428731070686184,-0.004248119403652458,0.016618945362291037,-1.941529827333907,0.6354314412581936,2.522157053791002
0.008309685683762003,0.002904433140344705,-0.0060214624862579,0.0011137702829504758,0.018206375017151555,-0.6645506385336996,-0.9812589677702447,0.8263222045966351
0.00797941847856997,0.002981607392370862,-0.005881737002591509,0.0013311962021116518,0.005900960804656683,-0.8136154115362694,-0.9238657240313214,0.9906866386902141
0.007771471902764216,0.003164533400927476,-0.005838122412693541,0.0015476539826100582,6.803140209372283E-5,-0.9246373881845064,-0.9261871580051485,1.1283914912469744
0.008358705889108644,0.002547379053540634,-0.005884841785649352,9.222526552812343E-4,0.02212500734070898,-0.6032834746106247,-0.8494719253339272,0.7257536657168341
0.0069198302900759755,0.0033918087690429457,-0.005319046319631485,0.002075645710533995,-0.007009268996654511,-1.2115208059216664,-0.69498114751114,1.453965987805333
0.0073111371680403955,0.003251777112363236,-0.005562193127434569,0.001819659401802809,-0.006513111766342322,-1.087871703833285,-0.7986735736945859,1.3090828375857269
0.007509114087955781,0.003116532581195355,-0.005646518143964354,0.001640013944633882,-0.004415412804081816,-1.0024935924923262,-0.8263719217285258,1.2062598528819448
0.007062894808136971,0.00318620915351641,-0.005357927804771332,0.001868890790236938,-0.005604904139137561,-1.1362882149715325,-0.699687763573596,1.354651194183048
0.006057363727360726,0.003983105910265954,-0.004754215910938228,0.002817538406622643,0.007401109574368624,-1.449775895089676,-0.46177006678690996,1.7505050559532795
0.005046348624706773,0.004839968698171251,-0.0039179396073380215,0.0037244766093079136,0.05708043108604289,-1.5793602817918106,-0.11560755618882769,1.9149597599085355
0.005188580955052126,0.004657962021778831,-0.004042845872479516,0.003547950683403606,0.04657996681941707,-1.5612809962999046,-0.17242443849145775,1.8905314986621382
0.004722795301332671,0.004991397506963344,-0.0036117821842264488,0.0038593928343185336,0.06882241636195384,-1.5569497462289357,-0.022918360516404186,1.8819617376701305
0.004798637339680798,0.004819496369335559,-0.0036811118224692675,0.0037003272694160305,0.06089567216288517,-1.5406008736206795,-0.06288338660061958,1.8583896141782283
0.00564750154153159,0.004435767995721663,-0.00445792612101033,0.0033042587047214353,0.025974151437259497,-1.5539911291796702,-0.3249874634547934,1.8877775608274836
0.005722682951415112,0.0042161715074164096,-0.004492659947889732,0.0030870343091458047,0.01992693709560855,-1.504953238117132,-0.3538186878329263,1.8190741726265005
0.005816713792365284,0.0040032217325216895,-0.004540469351590168,0.0028778526844101524,0.014591960403422562,-1.4569582421684286,-0.382387140157567,1.752954977363055
0.005396415708312595,0.004485220899024107,-0.004224153677018069,0.003373178396055314,0.03575111650570995,-1.5459191755179043,-0.2436212019519997,1.8711131781358215
0.004358322806249342,0.005269309348072069,-0.0032617714153094246,0.004090834105854845,0.0827010249899573,-1.5311503257433159,0.08552506213491819,1.8460072120874214
0.004442300865359333,0.005031619182012667,-0.0033494936865957558,0.0038790807379263247,0.0729739014787618,-1.5166109467408628,0.03187025459491146,1.823792265655073
0.0064023364499907615,0.0037721068248208326,-0.0050080508184585405,0.002550585624894786,-0.002643691397542666,-1.3773151256032516,-0.5682723545592417,1.6613538423145464
0.006549647215852512,0.003571387339530696,-0.005076533837828661,0.0023390164666901524,-0.0038521413032674774,-1.3129019371582429,-0.595339526690542,1.5754588368092224
0.006699791989032952,0.0034131062324550686,-0.005152214030469699,0.002164913697648668,-0.005459243133530316,-1.2543404486536633,-0.622754674743222,1.5006256284343975
0.006154271664810099,0.0037591484916193107,-0.0047885873602223844,0.0025984096429811534,0.00447532679043866,-1.3921895808773008,-0.47993653751582593,1.671145147946268
0.0040652165305471045,0.005583601494639521,-0.002965364320216959,0.004340425159777186,0.0936901260802908,-1.5041508806009138,0.1827216014217354,1.811470965934585
0.004079154673324257,0.005322267552887277,-0.0030038651448062617,0.004107214183536789,0.08365639144404345,-1.485263195324327,0.1275652122890438,1.7815046799842207
0.003830247577028337,0.005694010799084742,-0.002741793238200289,0.0044005150430938824,0.09412001168608487,-1.462920388269108,0.22303400092205236,1.7550673959488015
0.003595527281576392,0.005837569257355092,-0.002517513279704571,0.0044824222661052635,0.09341576970296216,-1.420610832417496,0.26304550095862184,1.698011610017099
0.004952284963649712,-0.009187225021558176,-0.0013010257668306007,-0.008087592074574034,0.3907289217443575,-0.8507850003222085,-2.3565625747586996,1.6512029127566625
0.004962807555592241,-0.009754298753763805,-4.034210220429076E-4,-0.008271994174932509,0.2639653791015903,-0.26327538783680543,-2.5488514815134433,1.0389078653636952
0.004960916905636807,-0.009802412437767869,-3.244529293071372E-4,-0.008275869150892477,0.2490980299968466,-0.21319667351554664,-2.5550667895443895,0.9844469651069673
0.0049611541839137754,-0.009786531165557171,-3.5048002762982103E-4,-0.00827428025745905,0.2539072553243486,-0.22977464150151852,-2.552797971244058,1.0022675778925
0.004961720990729031,-0.009770359301450685,-3.770104425304989E-4,-0.008272897217463009,0.2588880907959328,-0.24661499959491673,-2.550650277159074,1.0205430785061391
0.004949685236575286,-0.00969790287290632,-4.932100921530689E-4,-0.008247684866946171,0.27621934869138637,-0.3237618268578644,-2.5269178823443075,1.096293577254521
0.004949419246552789,-0.009714138534859425,-4.668180920509324E-4,-0.008250104848448998,0.27155513568137835,-0.3068443536109549,-2.5299235347267737,1.0781509182712705
0.004949600712912199,-0.009729946007587621,-4.411685066568393E-4,-0.008252833657924384,0.26710722919360985,-0.2903203957584541,-2.533108129090476,1.060660122414571
0.0049487097674409475,-0.009745280302070194,-4.161058475402103E-4,-0.00825408717614669,0.2624351167689108,-0.27441406532455326,-2.535163604819502,1.0432450830140862
0.004956772338108136,-0.009450319426378286,-8.92893610469579E-4,-0.008195608587926001,0.341765603660617,-0.5815486724256367,-2.4672988957838276,1.3732224710254755
0.004944947415096421,-0.009437304973627334,-9.097426478855188E-4,-0.008177580872501424,0.3403660328501907,-0.5953550458241025,-2.4523608019072705,1.3810138339250082
0.004949569605289096,-0.009205445076090675,-0.0012720012747137368,-0.008092825742208848,0.38673072425192895,-0.8322738007424998,-2.362770844290609,1.6304968156872184
0.0049493446178569015,-0.00922105976178941,-0.0012480326568972218,-0.008099602135474237,0.384114060488779,-0.8165619950983117,-2.369827956252106,1.614142456784824
0.004962599395188254,-0.009371935388172275,-0.0010189203103048558,-0.008175972186710933,0.3610325087123551,-0.6627586610434778,-2.4448842981445207,1.4618990254068562
0.0049585723553370615,-0.009390638189999686,-9.879986739781384E-4,-0.008177884046851979,0.35554417965728286,-0.6434278290500136,-2.4481542836652976,1.4392855404049365
0.004945468791956545,-0.009407164587215473,-9.574397847566477E-4,-0.0081682146758027,0.3471307031791094,-0.626476777731621,-2.442337161601755,1.4139695868514448
0.004934464580770737,-0.009422872995774101,-9.290553438637601E-4,-0.008160606385101937,0.3396811618698509,-0.6104281877204532,-2.4380302037934585,1.390872838404338
0.004948217008597883,-0.0093600645633733,-0.001032333853502829,-0.008154794412135806,0.35798021919279344,-0.674974163528984,-2.4274189369112595,1.4663287498495363
0.004952472005969737,-0.009343739404638023,-0.0010594546686807191,-0.008153708452039186,0.3628694885946162,-0.6917916178440316,-2.42493539506439,1.486371791334176
0.004958871494463578,-0.009327641363875585,-0.0010870652858270772,-0.008155069411594483,0.36853011146482273,-0.7084418753444761,-2.424352443974396,1.5075038064996835
0.004954459813503163,-0.00929716991047851,-0.0011328209304553598,-0.008137887430678987,0.37266232758710555,-0.7395871690040172,-2.4078894651044713,1.5373661198516728
0.0049469008538057324,-0.00931353316412358,-0.0011043899768894974,-0.008135571917081046,0.36661307566378176,-0.7226147982012529,-2.407818797699153,1.515251950820302
0.0049545712452320236,-0.009250338291856052,-0.0012053472806462327,-0.00811851362219089,0.3811396524105242,-0.7872964127918703,-2.3877918403809955,1.586969324560962
0.00494367433166419,-0.009268682301563433,-0.0011724589652599303,-0.00811359936152326,0.37363906341034975,-0.7680916303871327,-2.3860211186039746,1.560613624356609
0.004942793306868809,-0.009284666053412853,-0.0011474458150445845,-0.008119194708266976,0.3704549625155597,-0.7518504825319547,-2.392087486261154,1.5432435820406083
0.004940195489591549,-0.009234938674350603,-0.0012227545373628796,-0.008095104567521475,0.3781912195877264,-0.8019323830543178,-2.367944124704255,1.593590577591713
0.0049572394138331505,-0.009587963691321281,-6.72602713288476E-4,-0.008234100687977275,0.308360648968042,-0.4379401665874614,-2.5082108043607536,1.2217099521502812
0.004957371972694507,-0.009604119694194875,-6.465596349294949E-4,-0.008237996929069952,0.3041845019614348,-0.42104225929530753,-2.5124225336928574,1.203859322250089
0.004944830114146095,-0.0096117458435612,-6.31449536921982E-4,-0.008224946939344085,0.2980311031913474,-0.41412519962097355,-2.5033037222541257,1.189618811589832
0.004933637147781847,-0.00968846590115501,-5.056500196066873E-4,-0.008227163959435757,0.27386380845107844,-0.33529802130791514,-2.5111117241612955,1.0999492407932163
0.004934216223698988,-0.00967248940986789,-5.314960176801311E-4,-0.008224922184330836,0.2783961912619581,-0.35185338873216926,-2.508191920504565,1.1178282979983167
0.004935600540908904,-0.00965639602743457,-5.576692294127146E-4,-0.008223456554031172,0.28317781314808954,-0.36845731973155216,-2.5058216964711604,1.1361859281116782
0.004937961440744888,-0.009640396466055629,-5.838869118589912E-4,-0.008223008811936744,0.28821388822918087,-0.38488532768365463,-2.504199334899976,1.1548816787583756
0.004941519418651518,-0.009625049809039683,-6.09323191013763E-4,-0.008223961842732925,0.29343246214192303,-0.4005466063014556,-2.503658578573471,1.1734167399443027
0.004940962288098726,-0.009578014387119567,-6.847040686769138E-4,-0.008212578778062153,0.3054299022228506,-0.44955391207143863,-2.4912815672676394,1.2250166193993886
0.004955725483513842,-0.009484767158785512,-8.377332096059185E-4,-0.008204895128515643,0.33341243053588004,-0.5457459631918317,-2.4774574797980846,1.3349004349547675
0.004951535732103426,-0.009468542679509659,-8.623097628061537E-4,-0.008195103113568065,0.33564928899427615,-0.5627979107450046,-2.4685710589628322,1.3504956597406126
0.004949520142479853,-0.009501280652151424,-8.095975554996E-4,-0.008202398978959332,0.3272498315233557,-0.5288565181310717,-2.477021032306802,1.3135731103146533
0.004925272060128062,-0.009567322055061177,-6.979382147124063E-4,-0.008191579056210369,0.3028501750528196,-0.46170170690255746,-2.4746638421544493,1.2292729433413074
0.004927722635696105,-0.009550982563728758,-7.245465603986956E-4,-0.00819032604482658,0.30770430796161513,-0.47845212969563494,-2.472300641341341,1.248292786645001
0.0049315917801852445,-0.009534096794557901,-7.524043738867105E-4,-0.008190435268427084,0.3131410767093818,-0.4957086169968404,-2.4708983623319973,1.268626506959816
0.004937943997894624,-0.009517455666063854,-7.805876892172993E-4,-0.00819335999547229,0.31935212225949344,-0.5126196486962398,-2.471628542923568,1.2899799726439773
0.004960360435531386,-0.009818112295922022,-2.9867724015924494E-4,-0.008276917890334697,0.24419799156753672,-0.19686555719532087,-2.556922131746108,0.9667137006253416
0.00494601136324375,-0.00980994137897153,-3.104987323987312E-4,-0.008259144535637567,0.24268852567198665,-0.20733618902411546,-2.5435567066950893,0.9703446497386877
0.004959297921998636,-0.009865500420454698,-2.208937298292755E-4,-0.008279958385467757,0.22936213984239487,-0.14754599819774109,-2.5623779383356005,0.9134775978802318
0.004959389258099296,-0.009849808061430002,-2.466363132857189E-4,-0.008278786726471818,0.23422352348377842,-0.16391026690048768,-2.5604598888138743,0.9310051445073403
0.0049596179770266,-0.009833958659875247,-2.7263793507572356E-4,-0.0082776208844373,0.23915380976893888,-0.18042424127363785,-2.5585284653285334,0.9487617643563103
0.004944690760540963,-0.00987306024406155,-2.074282504866028E-4,-0.00826332344839713,0.22321119447478122,-0.14181301764093227,-2.5510563323308273,0.8997879108930694
0.00494324279606521,-0.00988838478333021,-1.823162074963062E-4,-0.00826266873650621,0.21811715870063916,-0.12608883905979176,-2.5516727776800896,0.8822724279941115
0.004971638366318481,-0.009968421741317256,-5.211972438145963E-5,-0.008299385474080559,0.20025734999460051,-0.03771145110471141,-2.5829740573098063,0.8026029520116177
0.0049716034314270414,-0.009984275098048436,-2.5955731347560177E-5,-0.008299561161405558,0.1950482844356692,-0.02121184495498166,-2.5841177580507373,0.7849275994317116
0.0049409164392943015,-0.009936111096891912,-1.042987964205606E-4,-0.008262342207288229,0.2026959163830652,-0.076880405244297,-2.5547816425585768,0.8286033439617534
0.004941207171884778,-0.009920133580226252,-1.3038794909499244E-4,-0.008262021931079853,0.20776121841103753,-0.0934160526011817,-2.553442396350038,0.8463867303489024
0.004941936390808748,-0.009904169505317256,-1.564774117743298E-4,-0.008262072633957937,0.2129046700278943,-0.10988182653976745,-2.552360609690251,0.8643191389387562
0.004956567499404578,-0.009960343383795712,-6.510127602047708E-5,-0.00828148254752687,0.1986934142768718,-0.049259721881257594,-2.569874930868338,0.8070367963097979
0.004940853714421972,-0.009952086786390342,-7.821831169986804E-5,-0.008262785076674585,0.19765865734522425,-0.060320034772467675,-2.556201635691179,0.8109090529002697
0.00500061677545759,-0.010078532631204675,1.30878810728546E-4,-0.008332162247844768,0.17198133268083318,0.08494169611549325,-2.612424591461523,0.6858381445789291
0.004986789234070729,-0.010086705378121912,1.4377968790924912E-4,-0.00831510173792316,0.1619948701794592,0.08574051747143417,-2.601538200871421,0.6772584623246614
0.005000394746384635,-0.010062827605569672,1.0472356379156719E-4,-0.00833253206584335,0.17838391335995438,0.0685984597328684,-2.611769675883054,0.7032750066535596
0.004986552278314081,-0.01007096564765496,1.1767286820411786E-4,-0.008315526040108797,0.1671217271816153,0.06935993284781106,-2.6008425584251103,0.6946897229786425
0.00500022205036873,-0.010047121697559919,7.855574465015588E-5,-0.008332819773872435,0.18403944765497804,0.05220042704435898,-2.611045253744209,0.7207284351069779
0.004986335217261054,-0.010055227002368375,9.156577938108125E-5,-0.008315834915747911,0.17220896588211473,0.052944512537996154,-2.600065889090694,0.7121586188316603
0.005000098691445171,-0.010031415039578107,5.2365996280924415E-5,-0.008333025444783305,0.18865837361817447,0.03573522166467675,-2.610262248899236,0.7382396346020365
0.004986155628057684,-0.010039471382681768,6.543281569072745E-5,-0.008316048649474305,0.17755190407581492,0.03651186157831071,-2.5992270504588344,0.7296769633965584
0.004986043554385778,-0.010023699839233116,3.927666344038263E-5,-0.008316199935092814,0.1830624455730452,0.02009724140780725,-2.5983454701706763,0.7472291116777513
0.0049744755732884375,-0.010157954727255886,2.6072839625247945E-4,-0.008295944075909655,0.13737507676388572,0.15937829853483046,-2.5926540162201586,0.5932007600094428
0.004973935685991883,-0.010142294738769774,2.3487122654467519E-4,-0.008296644882230276,0.1427220038247662,0.14308804807203088,-2.592144142462638,0.610349625301081
0.004973360871444627,-0.010126607002418317,2.0896403023690243E-4,-0.008297166962095403,0.14800558050404833,0.12676860285923494,-2.5915099367669465,0.6275189953922963
0.00497286601881899,-0.010110826627720837,1.8291009861722224E-4,-0.008297648275664265,0.15321129909962974,0.11036390970876642,-2.59084325496701,0.6448197587742328
0.004972572427358371,-0.01009499726560919,1.5678692808173357E-4,-0.008298226378923605,0.15841071622056815,0.0939246636409987,-2.5902406055368172,0.6622517684924011
0.004971601067356836,-0.01001598249549942,2.6373528188715882E-5,-0.008299562734423512,0.18460938763035883,0.011772854735712704,-2.586149259296817,0.7496356797006469
0.004971595142491284,-0.010000126077993634,2.0470092992057757E-7,-0.008299624930588263,0.18982152843633224,-0.0047178383635898035,-2.585179185414994,0.767274915974712
0.004974988601520811,-0.010173650363206678,2.866376388714E-4,-0.008295068127169044,0.13200882522444266,0.17570660997285079,-2.593045119129076,0.5760068214013083
0.004976782821551825,-0.010236711310842979,3.906171337325508E-4,-0.008289823586807585,0.11090752826334137,0.24125758985757326,-2.593466935027928,0.5069572543722775
0.004976169318115404,-0.010220869734742146,3.644916445262963E-4,-0.00829116341533022,0.11612984774168533,0.22477396082979603,-2.593370923048848,0.524231697317969
0.004975402826090342,-0.010189367988898253,3.12565532061081E-4,-0.0082939338786815,0.12665161406239314,0.1920457685245345,-2.5932624178600485,0.5587652520850686
0.00497573476022125,-0.010205093246305955,3.384861764661212E-4,-0.008292562209517506,0.12135697289098489,0.20837826435587373,-2.593322451543943,0.5415032419316601
0.005026464364242777,-0.010636147937596789,0.0010549845916230994,-0.008248404207283011,-0.02301517157614005,0.6611697908722101,-2.5923357080638216,0.08388229413190988
0.005041408324495789,-0.010642159322614201,0.0010702367341838062,-0.00826417857569988,-0.020936042520215376,0.6753688136243942,-2.601990880257391,0.07593565445936923
0.005052106327402138,-0.010719964030119584,0.001199876403737845,-0.008246354008876276,-0.047667145300463204,0.7583182681064669,-2.5954952043382984,-0.006404146102574227
0.005049868932804746,-0.010704416366638625,0.0011739904750530871,-0.00825007921193571,-0.041340384959511756,0.741839386105949,-2.5968975769740643,0.010070544679631734
0.005037163554168843,-0.010714182310337347,0.0011844142866318885,-0.008230745396277911,-0.048277217053603376,0.7441555622229177,-2.5860481830238347,0.0013618747076822374
0.005047680415430901,-0.010688861910903295,0.0011481100754509807,-0.008253720590551997,-0.034233077789703165,0.7253635025846362,-2.598223456991182,0.026496365569738698
0.005034965426716474,-0.010698587585956328,0.0011585619106016971,-0.008234484176568248,-0.043704977703337484,0.727552644108724,-2.5874273366930622,0.01780777834697575
0.005045540795333225,-0.010673300816346347,0.0011221904673896128,-0.008257284405916257,-0.028680130479224592,0.7087601369272067,-2.599498819721717,0.042917421176154685
0.005032757237341013,-0.01068300264580673,0.001132699954593164,-0.008238070389093166,-0.03903280595340081,0.7109089570844603,-2.588722774824714,0.03428926754701243
0.005043450092026909,-0.010657733236025015,0.0010962227957887624,-0.008260771765066637,-0.02484067829174473,0.6920544462345006,-2.6007532853853523,0.05939290230505728
0.00503057741832658,-0.01066740485412488,0.0011068130326061067,-0.008241555053817877,-0.03385435501787448,0.6942774044302363,-2.5899605452157295,0.050805521150709555
0.005028477485677331,-0.01065178343261864,0.0010809032357848877,-0.008244998553711443,-0.028401395414960024,0.6776999525118771,-2.5911648515756287,0.06734165998079154
0.0050098636880925584,-0.010313910160050264,5.23183281451089E-4,-0.008316750500524666,0.09155600812196922,0.3304933757634019,-2.6159413104544584,0.42763265836165304
0.004995459516534971,-0.010306981486197327,5.091281530831064E-4,-0.00830062769429418,0.08686895217177554,0.3153428626896169,-2.6054993925333956,0.43613325484496723
0.005014201401274545,-0.010376579782977362,6.275906158639922E-4,-0.008309523951585827,0.06853899369874229,0.3957178862264257,-2.6150284419499807,0.35996771333606975
0.005000870613693128,-0.010385450158909541,6.392754746200917E-4,-0.00829151355415244,0.06103681846244857,0.3974465793263016,-2.6043645156118393,0.35137088151052026
0.0050130431569171624,-0.010360917504742087,6.015172610251337E-4,-0.008311452044970228,0.0755112428242089,0.37947383816879404,-2.6153452045915215,0.3768574501064695
0.004999722493684612,-0.01036976892485325,6.132728054375826E-4,-0.008293536228844203,0.06599650757928348,0.38106071002974956,-2.6047018242265048,0.3682403196278851
0.005010874290742819,-0.010329582549946167,5.4929003704505E-4,-0.008315066914013066,0.08560833096799796,0.34680975625293814,-2.615783912013875,0.4106780686004576
0.00499645457002036,-0.01032269073732554,5.351863038359685E-4,-0.008298980825500056,0.08186118964043189,0.3317753447799681,-2.605384458567936,0.4191077729330281
0.005011934116815128,-0.010345251712533227,5.754140760491499E-4,-0.008313299906000405,0.0809910068749181,0.3631596817674712,-2.615589032463507,0.39374767567910424
0.004998580604171969,-0.010354090545018024,5.872648545443465E-4,-0.008295427832540751,0.07106318802688233,0.36462580505921943,-2.604969396702311,0.3851555098554864
0.004997482999030954,-0.01033839735887806,5.612345315338703E-4,-0.008297233779787576,0.07649218009749575,0.3481902879661614,-2.6051958242196744,0.4021152944378721
0.004987107089615846,-0.010394345226241958,6.508143370111947E-4,-0.00827362745246061,0.05798227447149692,0.4057289104215683,-2.5926031830837566,0.3367835928967083
0.004977550399261765,-0.01025258612627799,4.1681027135201544E-4,-0.008288516362939443,0.10566383148890761,0.25779165569768064,-2.5935893983244616,0.4897058306919863
0.004978454708280231,-0.010268467921612415,4.4302829027670967E-4,-0.008287224719101005,0.10042402542578864,0.27434355115790837,-2.5937237486058904,0.4725007695285635
0.004979518896781828,-0.010284312741086885,4.692057442581511E-4,-0.00828598245497014,0.0951704203953679,0.2908727297674452,-2.5938893476911455,0.45539359627901926
0.004980667886407477,-0.010300087706579784,4.952787927475368E-4,-0.008284707447011102,0.08984258938584692,0.307342623460507,-2.594029829229715,0.4383910351803028
0.0050268379798275075,-0.010517358213536655,8.622490448698834E-4,-0.008288460848664544,0.02174965831992705,0.5438427525325187,-2.609792842776138,0.2087148080262379
0.0050121576357991275,-0.010511039874470184,8.475484845187484E-4,-0.008272645296411944,0.0180532124123147,0.5290512538322186,-2.600013246234816,0.2168600933735488
0.005033730973549848,-0.010579803377811692,9.663075757739746E-4,-0.0082769746192194,2.5795612855165364E-4,0.6095842325924297,-2.6063537274021322,0.1423026552159562
0.00502082621239837,-0.010589247347432886,9.772609913899803E-4,-0.008258224660631384,-0.007501793542232099,0.6116775129309661,-2.5956322274420596,0.13354192106621368
0.0050319341514908815,-0.01056420007521922,9.403321764193366E-4,-0.008279965780984366,0.0069439478173204325,0.5932412051743324,-2.607270699340867,0.1588554779962013
0.005019017433235146,-0.010573621908376475,9.513500253314383E-4,-0.00826129609747407,-0.0027246080198017318,0.5951373956323495,-2.5966215233161822,0.15014892053912654
0.0050301863683028455,-0.010548591347176688,9.143203443506523E-4,-0.008282878369369332,0.012090693425726627,0.5767911876290809,-2.6081404732886475,0.1754292093107751
0.005017216218525638,-0.010557991894209591,9.254187037896641E-4,-0.008264240096917792,0.0022385508505361113,0.5785701302356593,-2.597538534797815,0.16679534435243937
0.005028487639427606,-0.010532977343492103,8.88281717490107E-4,-0.008285711256181785,0.016388565783375216,0.5602955625343109,-2.60898153513795,0.19205531350083382
0.005015463246279674,-0.010542348162652364,8.994679752197941E-4,-0.00826710404430233,0.0075919079817060855,0.5620300029996815,-2.5984090522966627,0.18346919004860263
0.005013785556354772,-0.010526695070420975,8.735107241776889E-4,-0.008269915887344438,0.012940144069170977,0.54553562094189,-2.5992403799168424,0.20015685823611049
0.005007509226593318,-0.010598760035693822,9.881334650883858E-4,-0.0082396070519231,-0.009585446932840648,0.6203830161081393,-2.583328005886614,0.11888919254576517
0.0050092237527492615,-0.010614432134949248,0.00101392225000037,-0.008236178910861279,-0.014678213497220456,0.6369077699462071,-2.582096023791977,0.10223942812883473
0.005011044004273233,-0.01063012856201463,0.0010397654242109801,-0.008232723317373127,-0.019717414509926718,0.653483042761786,-2.580853421020763,0.0855939125839059
0.004990997807208493,-0.010441789026740228,7.2908180971386E-4,-0.008266886373001449,0.04242165341997047,0.4553621619786595,-2.5911606274225103,0.2859251868225509
0.0049894991229490196,-0.010425979279602276,7.029634293153664E-4,-0.00826903955536075,0.04764160829140602,0.43879159856653377,-2.591574092258624,0.30281038519102754
0.004988195505646056,-0.010410134088469442,6.7682460967044E-4,-0.008271285611120248,0.05279260712499343,0.42221736371425794,-2.5920524496610775,0.3197918633872557
0.004992510752542294,-0.010457535313702,7.550902367192422E-4,-0.008264622372583304,0.03712517216234391,0.4718775448401962,-2.590673282436809,0.26911318017678004
0.004993951468285077,-0.010473286087345482,7.810737666976178E-4,-0.008262130219914733,0.03184716829385887,0.4883896205790557,-2.5900361980727205,0.25228111621856236
0.004997081711014796,-0.010504806202345951,8.330961998174232E-4,-0.008257003849901192,0.021445059337710976,0.5214744210926298,-2.5886791929232156,0.21868309418717471
0.004995446797786904,-0.010489066380970705,8.071052178487977E-4,-0.008259551300752841,0.02663968666819121,0.5049399957162509,-2.58934589925598,0.23543931716129474
0.005054392578627048,-0.010735504747544684,0.0012257887441698288,-0.00824254189614876,-0.05217725552843178,0.7749262318852215,-2.5940139894416863,-0.02290640933379294
0.005039378847685056,-0.010729799172667817,0.0012102825698756812,-0.008226877965807544,-0.05323990520569094,0.7607299687129317,-2.5845960050412824,-0.015069696831757864
0.0050567276653341415,-0.01075103836475052,0.0012517089241999325,-0.00823864547197407,-0.055777075203764216,0.7916615000901298,-2.5924722909442144,-0.039377315130790735
0.005041664039132175,-0.010745429954946513,0.0012361765894962262,-0.008222941966623818,-0.05856351764766684,0.7773308235329494,-2.58310154035841,-0.03151150890683702
0.005069134851839915,-0.010828594527293183,0.0013809783115129894,-0.008217965448264366,-0.0797373383860018,0.8752600524681359,-2.5842529979456614,-0.12094362765357947
0.005066555924529232,-0.010813098735826325,0.0013551669549719944,-0.008222261218846448,-0.0743178657682188,0.8586127734332316,-2.5859632062664026,-0.10469023055045201
0.0050541242223377525,-0.010823229227644804,0.0013652269073121325,-0.008202459395444063,-0.0835593021543952,0.8608125550411708,-2.5750192943578902,-0.11352871593137666
0.005064025718534267,-0.010797595068132215,0.0013293313072590058,-0.008226477682198648,-0.06946220306461871,0.8419163841114164,-2.587634011338932,-0.08842063279840663
0.0050515344806175795,-0.010807720268505997,0.0013394949877630136,-0.00820670329120362,-0.0787922507026866,0.8440872690817379,-2.5767441146669374,-0.09718163223820474
0.00506154425783226,-0.010782083680081916,0.001303479480853851,-0.008230613452733052,-0.06456297413984166,0.8251915494077234,-2.5892761376498075,-0.07212083645240507
0.005048989871143741,-0.010792190206480185,0.0013137290151697403,-0.008210868138421484,-0.07391510459396837,0.8273754409465944,-2.5784135725037953,-0.08080313741290344
0.00505911156582297,-0.010766564727218552,0.001277608667461615,-0.008234668888982194,-0.05978920892650647,0.8084380298161126,-2.590889968556982,-0.055779963412963575
0.005046490510532477,-0.010776635290256664,0.0012879229969074378,-0.008214955241193063,-0.06899455901185174,0.8106734652976794,-2.580023825117843,-0.06439528794629489
0.005044040585164443,-0.010761048714329653,0.0012620689531464516,-0.00821897132140504,-0.06389689402982496,0.7939842467050369,-2.581580460198353,-0.04796052271918667
0.005024045786912957,-0.010724043245317255,0.0011947738820197813,-0.008211524293729398,-0.04986793530684618,0.7531864746766527,-2.5731527311569433,-0.013473081422893907
0.005110340726114831,-0.011044620593952056,0.0017410292715916316,-0.008149286671016501,-0.14444102692935282,1.110733973275204,-2.55415275297447,-0.3479389455656848
0.005107082553678812,-0.011029251603586672,0.0017154170866950983,-0.00815471640764523,-0.14014221997983997,1.0937612278368545,-2.556632853303133,-0.33184359970489197
0.005095103625080958,-0.011039855924507846,0.0017243595151109862,-0.008133887043194031,-0.14861827402376895,1.0961490475756055,-2.5450612141452105,-0.34080138812602995
0.0051038727033783145,-0.011013872524174524,0.0016897778571022088,-0.008160067836258715,-0.136385899209549,1.0767681250395116,-2.559076526117382,-0.3157208802068526
0.005091826162178032,-0.01102445075048667,0.001698802216007552,-0.008139270013982262,-0.1440644575352665,1.079216869965894,-2.547550119510205,-0.3246486187385633
0.005085630146507709,-0.010921395106936292,0.001535577281592436,-0.008190485857179665,-0.11169554988182373,0.9751150495582982,-2.5728558378003075,-0.218472844900605
0.005073299187863346,-0.01093170807070659,0.00154502855991889,-0.008170059748306348,-0.11581049462887939,0.978127697434961,-2.5612610871962658,-0.22743306059264376
0.005088549402048356,-0.010936831374304052,0.0015613121876676156,-0.008185618950915038,-0.11622805713629673,0.9918574013601363,-2.570697139455074,-0.23476903966854112
0.005100711207802962,-0.01099848351546357,0.001664139086931779,-0.008165335183649673,-0.1314432053000143,1.0598135988757245,-2.561478746437972,-0.2995893817495017
0.005088613279261424,-0.011009032603490699,0.0016732329726556437,-0.00814459182949427,-0.1395608539586999,1.062323781077614,-2.549984339288319,-0.3084838882450169
0.005091517165669237,-0.010952258507486401,0.0015870580386627183,-0.008180666170224123,-0.11952763056078493,1.0087742105568864,-2.5684529112693575,-0.2510581035846442
0.005076196765101501,-0.010947206776120695,0.0015706856131385762,-0.008165046191371686,-0.12071112486856066,0.9948781393829494,-2.5590780947542373,-0.24364327264158694
0.0050975980988969905,-0.010983084736969087,0.001638487778384559,-0.008170521060173077,-0.12619482662550846,1.0428448671557482,-2.563835374854487,-0.2834586388677579
0.005085435993746023,-0.010993611165257655,0.0016476482527026757,-0.008149815296496934,-0.13525674704775412,1.04543420799075,-2.552342453787748,-0.29230396165879485
0.00509453340796357,-0.010967676347966868,0.0016127927981881048,-0.008175631669924839,-0.12237343413471341,1.025809021265433,-2.56615814577083,-0.2672927536551415
0.005079190186576389,-0.010962702811283349,0.0015963605319454426,-0.008159999087658165,-0.12579090319561115,1.0116781799653254,-2.5568665419230943,-0.25986961138135345
0.005082282165631076,-0.01097817370257616,0.0016220249441630935,-0.008154933946225048,-0.13073413650349422,1.0285399173305751,-2.554627183707767,-0.2760977947944094
0.005071762475906216,-0.010844082286340592,0.0014067704482041367,-0.00821358954232962,-0.08566148782890552,0.8918715222706641,-2.5824863671935154,-0.13720686296310988
0.005056744444079939,-0.010838726876594464,0.0013909329357074689,-0.008198116078696306,-0.08812867918006738,0.8775404538272831,-2.5732347266313433,-0.12984490543802127
0.005082759427831132,-0.010905949863632844,0.0015098578520271408,-0.008195266150471163,-0.1057445964210203,0.9585060336047583,-2.5749127891798156,-0.20221138735362668
0.005070464358249285,-0.010916219154929477,0.0015193877496540026,-0.008174996831863011,-0.11124794717167354,0.9613835377407228,-2.563402515068484,-0.21122511020009468
0.005079937274184245,-0.010890495802369919,0.0014841307622134802,-0.008199964209177908,-0.09948461064948337,0.9419068624995502,-2.5768810662684576,-0.18598621963289283
0.005067648995563509,-0.010900736988229895,0.0014937366976725166,-0.008179812269746128,-0.10693739455913896,0.9446021425103183,-2.5654816269705383,-0.1949931057304741
0.005077163713119264,-0.010875033080843399,0.0014583637831450012,-0.008204585922947502,-0.09469442120621525,0.9252269046977354,-2.5787901373268767,-0.16975502131080966
0.005064840313682155,-0.010885248546751554,0.0014680533207951528,-0.008184499191836912,-0.10245118174069597,0.9277897113265828,-2.5674937563523206,-0.17872679182524767
0.005074438771579878,-0.010859561856462025,0.001432565762905442,-0.008209129681528772,-0.09073518704578341,0.9085191810214095,-2.580660396284401,-0.15348769357234465
0.005062076905051737,-0.010869743133309821,0.0014423434337932951,-0.008189105092624951,-0.09758087342503807,0.9110012958218697,-2.56945842300434,-0.16243748788748613
0.005059386654069966,-0.01085423024611764,0.0014166328809568256,-0.00819365587187564,-0.09271790684514648,0.8942617219723711,-2.5713789991989633,-0.14614263879630052
0.005057758547096878,-0.010926572229028339,0.0015287809496626551,-0.008154838597135493,-0.11221579289968946,0.9704852713473823,-2.5495163574671316,-0.2259944618208848
0.00499331233915582,-0.00906018101044862,-0.0015141274246552594,-0.008071396173398108,0.42551210602523454,-0.9824122565835295,-2.327927447018366,1.811425809192709
0.004983005626786658,-0.009046554432139893,-0.0015289651177949587,-0.008051988032499237,0.422788688531554,-0.9943420958064058,-2.3109211298909176,1.8170229788227814
0.0049846425288558776,-0.009076185829496153,-0.0014853710222887749,-0.008069878583595631,0.4197965937373493,-0.9652815100834878,-2.32885174855873,1.7884654756327352
0.004975380648699061,-0.00909262510092937,-0.0014557308867430383,-0.008067755902265982,0.4138064644665879,-0.947709096281158,-2.3293572656314354,1.7647382453654112
0.004968232513896247,-0.009109679225680449,-0.0014263359060076647,-0.008068252460689276,0.40857084403096877,-0.9298654993603152,-2.3319520448047064,1.7420756531881028
0.004955563093024103,-0.009168118337995282,-0.0013316272397326358,-0.008082396941550623,0.3949862950473552,-0.8702233266184957,-2.3502338806817282,1.6731798750838347
0.004958748076266373,-0.009147607886175036,-0.0013642744920462828,-0.008076195065896435,0.3993074144670982,-0.8910361209719425,-2.3429079525139183,1.696488677865777
0.004962780936470311,-0.009127595077339498,-0.001396538598813944,-0.008070981395512324,0.40384635307163735,-0.9114099086721822,-2.336352528911512,1.719834912494327
0.005010791613827868,-0.008950666766975698,-0.0016874995559451598,-0.00802897623694767,0.4446921607645464,-1.0930776083498983,-2.2791569234846825,1.9346949241380198
0.004997423462729788,-0.00896881310674255,-0.0016527065576736118,-0.008024346686098907,0.43719850770783714,-1.0728145793207313,-2.2782849659666478,1.9055988539273374
0.004995252111350533,-0.00898489935183363,-0.0016276480150697633,-0.008031300380113385,0.4347502366416247,-1.0567836073247876,-2.286068949663506,1.8880480685933272
0.004985421893125182,-0.008997594853143808,-0.0016031574060906054,-0.00802727972654173,0.4292642602071565,-1.0426114754748619,-2.2848026915177773,1.8674415971194411
0.004983966551864649,-0.00902937891811737,-0.0015551363509416192,-0.008043608759438462,0.425189256214157,-1.011370136337815,-2.302022162001809,1.8349095010453171
0.004979060808986876,-0.009011753742806461,-0.001578562396120788,-0.008028015930368292,0.4250627211948569,-1.0277186647711052,-2.287427226136568,1.8483650815321755
0.005021572837591385,-0.008759116962349498,-0.0019706081344594965,-0.00791516623303279,0.46127295118376177,-1.2754789194881175,-2.1587515005259927,2.1222860549331704
0.005008882190740498,-0.008736117289876595,-0.0019935857762241435,-0.007884291654757729,0.45655209760804666,-1.2919667758158744,-2.1311369772448034,2.1297378525909614
0.0049983944111701515,-0.00885924346787788,-0.0018127271069149971,-0.007957116549350217,0.4464257020896035,-1.177199518949149,-2.2088741411120805,2.0104011548714746
0.004999061605985405,-0.008837580826764117,-0.0018441349845661188,-0.00794357968531931,0.44790723746603195,-1.1974514503565283,-2.1947968154828845,2.0308423127484088
0.005005564375808033,-0.008809154473825413,-0.0018889045976477478,-0.007931829612126925,0.4523365800048155,-1.2253348385494565,-2.1807898631531533,2.062570975845867
0.005008053736886076,-0.008781205477528958,-0.001930061208881924,-0.007915366818844125,0.4545377743915862,-1.2514055122215364,-2.163176626330902,2.089759342257361
0.005001798154407652,-0.00893435351524059,-0.0017060159538193024,-0.008008625008981236,0.44226057523191215,-1.1069706086270232,-2.2608005980149364,1.942709740492065
0.004994803593375181,-0.00891494873559912,-0.0017300197623125776,-0.007988567357253088,0.4407737909026335,-1.1239363392387745,-2.2422550926725147,1.9551302266776411
0.004979134190471973,-0.008900051959167524,-0.001741753346390908,-0.007961275644780804,0.43537837871672985,-1.1343396348619021,-2.2188893410806165,1.9553603259472896
0.004988228593199777,-0.008876910200231557,-0.0017807973193564675,-0.007956946719500911,0.44087918882586824,-1.1581534437743264,-2.2117635111710823,1.9849038243365686
-0.0050498689328047465,-0.010704416366638627,-0.0011740114966739173,-0.008250075854562678,-0.040230613650774114,0.7421018677039829,2.596821011636456,0.009998934102267517
-0.005052106327402137,-0.010719964030119582,-0.0011999267035820806,-0.008246346531635905,-0.04505548314589183,0.7586886400259455,2.5954440186382093,-0.006414326281694684
-0.005037227935404615,-0.010714160178877462,-0.0011844027730466278,-0.008230826054115348,-0.048763263141075784,0.7440853462718021,2.586109808639215,0.00137948578755442
-0.0050476804154309,-0.010688861910903293,-0.001148082104981832,-0.008253724144939894,-0.035448563321870144,0.7255139561887115,2.598157748788133,0.026445313240055567
-0.005035000093182145,-0.01069856393975154,-0.0011585387503094716,-0.008234532799836563,-0.04366441806698937,0.7274620313445358,2.5874893828829006,0.017853670547571174
-0.005041408324495789,-0.010642159322614201,-0.0010702761619435434,-0.00826417364046008,-0.01887682638461676,0.6758789786787821,2.601877544803114,0.07584720253225763
-0.005026573079247717,-0.010636171782762667,-0.0010550559306653354,-0.008248511498860895,-0.0237522562529747,0.6611361266579435,2.5924502901139745,0.08388574114332603
-0.005043450092026908,-0.010657733236025013,-0.0010962131785646736,-0.00826077317852489,-0.024844056793446118,0.6924140241652091,2.6006886282461696,0.05938566007591158
-0.005028629811771409,-0.010651762811773447,-0.0010809261429773256,-0.00824517101880405,-0.028655751888100458,0.6777144815192954,2.591306317920569,0.06734737354934633
-0.005045540795333225,-0.010673300816346347,-0.0011221476893871897,-0.008257290131568687,-0.03037666505376112,0.7089498432631901,2.5994489398508627,0.042914157293676335
-0.005032829655325408,-0.010682957577337067,-0.0011326610783755368,-0.008238167830281223,-0.03857379658172744,0.7108626213572292,2.588819392662659,0.03434171621440888
-0.005030710599196357,-0.010667354960454482,-0.0011067883303291215,-0.00824171933801919,-0.03355749173770136,0.6942843841222474,2.5900943601076736,0.05083774836609434
-0.005011355780303507,-0.010630257722131815,-0.0010400827723719664,-0.00823304290974896,-0.01954007469453821,0.6536796685167494,2.58107432483769,0.08553148705411907
-0.005064025718534266,-0.010797595068132214,-0.001329293634349956,-0.008226483691278229,-0.07079098582813366,0.8415671053908703,2.5878053960336143,-0.08828453194243752
-0.005066555924529232,-0.010813098735826325,-0.0013551195080952294,-0.008222268940394404,-0.0764551460198807,0.8581499976922823,2.586119788784993,-0.10460973347398135
-0.005051543410966765,-0.010807547143405094,-0.0013392408674213609,-0.00820679286430716,-0.07816109193223131,0.8440746283753268,2.5767225360874657,-0.09704497057436591
-0.005054392578627049,-0.010735504747544684,-0.0012258185517096563,-0.008242537506239914,-0.05051105212237957,0.7752432067702296,2.5940212093898336,-0.022802804193522597
-0.005039508914858261,-0.010729738882024232,-0.0012102412389558002,-0.008227045921203484,-0.05373513734902346,0.7607285298302185,2.5846833587792535,-0.015071629307590458
-0.005061544257832261,-0.010782083680081916,-0.0013034427312210585,-0.00823061914761047,-0.06585156520920059,0.8249592847975399,2.589431255950876,-0.07194463382720082
-0.00504903484940125,-0.01079200092386321,-0.0013134648524073206,-0.008211002645332236,-0.07337596515162637,0.8273710828719344,2.5784139145283267,-0.08068197513694185
-0.005056727665334141,-0.010751038364750519,-0.0012516950010855983,-0.008238647628352955,-0.05622652576511583,0.7917797763737798,2.592543337559987,-0.039187953259197855
-0.0050418259689847,-0.010745306003959733,-0.0012360562585416572,-0.008223171534357213,-0.058546744568636046,0.7773758165131704,2.583202091474362,-0.03149663547595957
-0.005059111565822969,-0.010766564727218549,-0.0012775710811751106,-0.008234674639970555,-0.06128345490034474,0.8083490958693825,2.591010832366956,-0.05557486263842349
-0.005044174753079452,-0.010760872290284837,-0.0012618608306591463,-0.008219193879854092,-0.06339952034003073,0.7940201280739373,2.581658242918318,-0.04790163230180502
-0.005046574037025521,-0.010776439996931888,-0.0012876657909103324,-0.008215132406442241,-0.06839762377244395,0.8106807113139006,2.5800588827668807,-0.06429673300706647
-0.005069134851839914,-0.010828594527293182,-0.0013809388649818745,-0.008217971868948704,-0.08193585270883955,0.8747616384186115,2.5843629291016357,-0.12094425845346361
-0.005054080282752621,-0.010823082389395685,-0.0013649890362775138,-0.008202479955022378,-0.08283531480842983,0.8607640527658079,2.574975526854971,-0.11337872711920997
-0.005071762475906215,-0.010844082286340592,-0.001406768859105681,-0.008213589615399645,-0.08603247405672887,0.8914759546881617,2.582546450619587,-0.13727996335714343
-0.005056654968258196,-0.010838616430804254,-0.0013907260539066876,-0.0081980702320006,-0.0877125058395815,0.877442930662082,2.573169706212228,-0.1296946909828864
-0.005074438771579878,-0.010859561856462023,-0.0014325880319409421,-0.008209125808455137,-0.08969714302373562,0.9082573438682707,2.580691105019276,-0.1535796921963297
-0.005059305390219582,-0.010854148232562465,-0.001416469268257027,-0.008193605905089328,-0.09282970287222257,0.8941560147568005,2.5713211006525154,-0.1460088122714754
-0.005077163713119264,-0.010875033080843395,-0.0014583622547316903,-0.008204586353147423,-0.09494670098003581,0.9249912087664772,2.5787928628392605,-0.16983966989616417
-0.005062036427850294,-0.010869667092566334,-0.0014422088458869546,-0.008189097465604082,-0.09773050694788689,0.9109224323874513,2.569440931673329,-0.16231680488176556
-0.005079937274184246,-0.010890495802369919,-0.0014841036461804528,-0.008199969124769025,-0.10134768963715972,0.9416715889873558,2.576822438556805,-0.18610747013566956
-0.005064799946317832,-0.010885174562156758,-0.001467924374300253,-0.008184491373715437,-0.10218572413999792,0.9276949116575505,2.5675089661215016,-0.17860041982421873
-0.005185595749722576,-0.011349633918850095,-0.00224939349206074,-0.008023857407898653,-0.22482809963083772,1.4529827230691608,2.491306914275037,-0.6683090930066037
-0.005170050196530012,-0.011345892681925323,-0.0022315106944063266,-0.008008367035705238,-0.22954018525362055,1.4380074098606437,2.4820534062101367,-0.6613880396415234
-0.005181379007421065,-0.011334500554468822,-0.0022241866740201443,-0.008030881042452937,-0.22072664553258667,1.4356147415636296,2.4950352055826053,-0.652471633457213
-0.005189859973827203,-0.011364753797800303,-0.002274560103516721,-0.00801675962266875,-0.2299263452483097,1.4702511272808756,2.4875317734672118,-0.6841549984485785
-0.005174348979904206,-0.01136101869609331,-0.002256624486947247,-0.00800134024736368,-0.2327910935170511,1.4553026292635882,2.4782518158784548,-0.6772940536992852
-0.005194171632003687,-0.011379860028177457,-0.002299719338669317,-0.008009578444706985,-0.23425214909682693,1.4875063585555852,2.4836788140286576,-0.7000279941906532
-0.0051786521595773615,-0.011376150463058935,-0.002281708980016528,-0.00799417325659056,-0.2359618027485895,1.4725819522103496,2.4743465495071466,-0.6931803842158814
-0.005198530675796427,-0.01139495244676372,-0.0023248813470332246,-0.008002310952081815,-0.23720506200670813,1.504821490461848,2.479745849803925,-0.71590585867815
-0.005182983981891994,-0.011391285197694702,-0.0023067756064826038,-0.0079868940942906,-0.23940358468599973,1.489855870935398,2.4703486751237995,-0.7090546116473608
-0.005202937056022924,-0.011410030890272255,-0.00235002324262003,-0.007994963727617647,-0.23996323284280419,1.5221664705034217,2.4757545840710207,-0.7317559810005044
-0.005187379241451474,-0.011406403196149557,-0.002331826053159128,-0.007979555537725653,-0.24301007680783618,1.5071595304277075,2.4662822751688456,-0.7249214256920613
-0.009710875655057122,0.00493566760206331,0.008233421240309695,4.6984057492335834E-4,0.24725990599815503,0.4352166912136523,2.557264608959592,0.2881032397874382
-0.009678737461973022,0.004937559462100541,0.008230030685682036,5.220483312642992E-4,0.23691482493363458,0.4008948231604423,2.557508556372356,0.32148686419362255
-0.009691454030745708,0.004926522314187431,0.008219377457492407,4.995799383992793E-4,0.23979480189907876,0.4117142404236876,2.5493596349040533,0.3064197221109783
-0.009658985249750607,0.004928644977295297,0.00821583385560422,5.521474160003086E-4,0.2294683700832391,0.37716408300247206,2.5495329691298667,0.34014698643114044
-0.009640323690943404,0.004919761289309452,0.008201698562947194,5.802622639680677E-4,0.22251611912538258,0.35469765346394727,2.5414906280002576,0.3576541327103931
-0.011059979335296835,0.005113647187447097,0.008143784624062757,-0.001766585932105522,0.6789164751469343,2.0155154382909144,2.355652701688312,-1.1141846310508356
-0.011075327667428126,0.0051170019037825145,0.008138192357319803,-0.0017921722740156306,0.682104882437253,2.034437612266266,2.348842861325874,-1.1306428534394484
-0.011070436033712749,0.005101450087308929,0.008122591142096486,-0.0017749841607466721,0.6698780552826039,2.020297875224308,2.3355662033384785,-1.1265940923054296
-0.011085823244519838,0.005104832944922534,0.008116916105329323,-0.0018004851111436792,0.6733053261607777,2.039075984296264,2.3286189231915433,-1.1427806254668769
-0.01097305875018723,0.005067196728666559,0.008140395591342648,-0.001605714335793198,0.6426489595387834,1.8887864673219787,2.3646090981934855,-1.0199015300031051
-0.011013872524174524,0.0051038727033783145,0.008160084812110035,-0.0016896953466273565,0.6705659435034069,1.9589976483526261,2.375510027279583,-1.0646409816840443
-0.011008831000747213,0.005088600337339588,0.008144676382657375,-0.0016729877016381054,0.6550782605729846,1.9451666215379928,2.3624224730568817,-1.0615535081129954
-0.01102925160358667,0.005107082553678812,0.008154733805750592,-0.001715333777138558,0.6736816669620357,1.9777798155349096,2.368997502484767,-1.0811240804314994
-0.011024227170208241,0.0050917088562283845,0.0081392531658245,-0.0016984667892836626,0.6586825637675923,1.9639395908902808,2.355846733947526,-1.0778707443445
-0.011044620593952052,0.0051103407261148285,0.008149299993203756,-0.001740965931261505,0.6765090532639725,1.9966220075053638,2.362375499024658,-1.0976593338401417
-0.011039632226552137,0.0050948800926909855,0.0081337542343606,-0.0017239641230322505,0.6623721742042966,1.9827252322278444,2.3491692893325786,-1.094152241650992
-0.011055036743088206,0.005098124037717182,0.008128195472635642,-0.0017494695636956698,0.6661530936195987,2.00150942392079,2.3424052677684855,-1.1103909271658312
-0.010988432443469165,0.005070289046763027,0.008135294843772399,-0.001631087280109923,0.6464464370437487,1.9073325648386976,2.358436565244453,-1.036022037595744
-0.011003768552749973,0.005073275034983873,0.008129952089593122,-0.0016563121133549435,0.6501481273329147,1.925713935878275,2.3520341842916035,-1.0520672784833207
-0.010931834263238125,0.005073390267706495,0.008170092287038038,-0.0015453106901806774,0.6379738176128759,1.851539128097799,2.3932333187279755,-0.9799935308372095
-0.010921395106936288,0.005085630146507708,0.008190464462046463,-0.00153568944241777,0.642310631672018,1.8458909722246883,2.412002685006165,-0.9670402033339051
-0.010859561856462023,0.005074438771579878,0.008209126058948515,-0.001432588526605831,0.6286891788111937,1.7704745918689853,2.434429237610731,-0.9010888392655675
-0.010854244210416393,0.005059381073232714,0.00819364213521058,-0.001416699901698731,0.6176522704692186,1.7576963004564725,2.421581242151692,-0.897986073672029
-0.010875033080843395,0.005077163713119264,0.008204592356071842,-0.001458329052359665,0.6348368184958437,1.7892383700106225,2.4290241533321253,-0.9173820809036309
-0.010869725722943856,0.005062092542148314,0.00818912763503367,-0.0014423771717444638,0.6211472517478479,1.7763940406011673,2.4161307017446023,-0.9143822852278659
-0.010890495802369919,0.005079937274184246,0.00819997057991333,-0.0014840946402960833,0.6389551730726672,1.8080117703562,2.4234661699542346,-0.9338519403233955
-0.010885233078575739,0.005064795311917604,0.008184452339865887,-0.0014680650334412142,0.6247864364243777,1.7951432888598708,2.4105015378652337,-0.9308438153355584
-0.010905949863632842,0.005082759427831132,0.008195258869074367,-0.0015098947268015776,0.6407970113074007,1.8268905682132486,2.417774607771874,-0.9504644597293171
-0.01090077849828251,0.00506754626315328,0.008179673052890973,-0.001493803879154831,0.6290061410052061,1.8139478830894304,2.4047635406716954,-0.9473096067473993
-0.010916330682658543,0.0050704098569771,0.008174876022152165,-0.001519577650041494,0.6336158025466312,1.8327659478511384,2.3990019208722373,-0.9637015697415009
-0.010849039270261221,0.005043921081213437,0.00817832109078658,-0.0014009742329881448,0.611213454727833,1.7395961258028045,2.4105778707621273,-0.8896956410118907
-0.010833569035324892,0.005041102817552832,0.008182510889749577,-0.001375369017677639,0.6070980206129882,1.7209564783953917,2.415729046542966,-0.8734250451484673
-0.010818009613251231,0.0050383606991829775,0.008186690397161337,-0.0013496402019792866,0.603011811502952,1.7022693540006502,2.420848886908505,-0.8570723754543713
-0.01095773622784712,0.005064190419003906,0.008145424479534792,-0.0015804404928876066,0.638825905284352,1.870328196615686,2.370687791101886,-1.0038245017794865
-0.010942416905095467,0.005061041513423821,0.00815014479298837,-0.0015550690775477966,0.634887635488364,1.8517288080813235,2.376496709740048,-0.9877087063596616
-0.010252483526068147,0.004978146035070964,0.008289237550589587,-4.1674051271137306E-4,0.43429572220096313,1.0441590075202056,2.5523046892114114,-0.26622074890263864
-0.010268256669359136,0.004978915128438324,0.008287805280940358,-4.427671641702734E-4,0.439539172925101,1.0620185670768219,2.5499958897849138,-0.28263121110131134
-0.010284068534765678,0.0049795975687080656,0.008286122785457732,-4.6883421579482125E-4,0.4446440574732689,1.0798789572028349,2.5474959905120964,-0.29908168156659815
-0.010299912209674333,0.004980420711355409,0.008284456190363042,-4.949632088808425E-4,0.44963247038218473,1.0978360859628136,2.544993128850262,-0.31555742094811806
-0.010245206598750839,0.004963080695266357,0.00827256824639117,-4.02674539801267E-4,0.4272931873258569,1.030345683348729,2.5410004287778842,-0.2607954641834951
-0.01022935207450435,0.004961826432084729,0.008273231755548999,-3.765751424132651E-4,0.4220398163867665,1.012304259580283,2.542789259927673,-0.2444253493637131
-0.010213293696041298,0.0049607598342480625,0.008273998224694388,-3.5016856653958075E-4,0.41674285579282316,0.9941271256695404,2.5446574557048334,-0.2278331857700631
-0.010197225380230972,0.004960297016658995,0.008275329550604128,-3.2381339584950904E-4,0.41158996969510886,0.9761846664996691,2.5469196241007857,-0.2111638413098648
-0.01011152113198204,0.004942226259501247,0.008261601253161792,-1.821285248971168E-4,0.3799635501484599,0.8748883543087048,2.5443773281471453,-0.12431908960066161
-0.010150082979448178,0.004959695831959435,0.008279273202638902,-2.465008901279668E-4,0.3965635704999646,0.9238521145654169,2.5535460934570398,-0.16218640727817224
-0.010165580679061962,0.0049599895171291136,0.008278230556523887,-2.7193724052318306E-4,0.40155509487904956,0.9410891699948554,2.5515543483263285,-0.17826926915939778
-0.010181280495691447,0.004960150038860192,0.008276872307402301,-2.976823682592176E-4,0.4065525327966138,0.9585023620976575,2.5493159442628044,-0.1945853171068924
-0.010127385137532221,0.0049435225906294495,0.008262051184526586,-2.080998418166384E-4,0.3853076454273526,0.892800817160767,2.543385580629803,-0.14059572395532968
-0.010142612718797581,0.004945053016001449,0.008262684467941967,-2.3306456160335267E-4,0.39050528489395914,0.9101195275747012,2.542568691148396,-0.1561986515486312
-0.01080235899354543,0.005035729682542809,0.008190899317632535,-0.0013237984433707827,0.5989152926087923,1.6835563331932748,2.4259672996712642,-0.8406400207459169
-0.01040986391623115,0.00498824635679322,0.00827141431456131,-6.76412056873797E-4,0.4845934287582106,1.2236470054591952,2.5261964666695174,-0.4300374851095361
-0.01042562597211099,0.004989523923369144,0.008269159909759542,-7.02411556812582E-4,0.48948129543970403,1.2417721069769831,2.5231658194656545,-0.4464665267428986
-0.010347109185340174,0.004983819621365521,0.008279752095928803,-5.729141625809676E-4,0.46473222035259915,1.1518321909799656,2.5376437382822803,-0.36466796838149734
-0.010362730158279921,0.004984917141327143,0.008277882380806857,-5.986944355704139E-4,0.46979668011383885,1.1697075316857781,2.5349628181803694,-0.38093853909346936
-0.010378390785080701,0.004985965978093125,0.008275807322871384,-6.245182370589906E-4,0.4747790263842269,1.1876017285171272,2.532118785873965,-0.3972506169971166
-0.010394108202928099,0.004987058179387222,0.008273629703894997,-6.504302598583064E-4,0.4796980168508586,1.2055780459433316,2.5291813732144814,-0.41362177683842977
-0.010324667411608247,0.004967190114675444,0.00826451156208942,-5.330753240125179E-4,0.45247782322952795,1.1199952708516745,2.528490623963854,-0.3432243422709325
-0.01034028832124837,0.004968656722806486,0.008263278095639605,-5.588034725022682E-4,0.457543078367701,1.1379213301568856,2.5262534499094866,-0.35938449945238965
-0.010308811314698862,0.00496584611931995,0.008265791499697674,-5.069849300983853E-4,0.4473425197321515,1.1018744954092616,2.530768945033783,-0.3268186534963244
-0.010739491611596978,0.005026420080090279,0.008207828905943034,-0.0012203103355055837,0.5820096529790507,1.609123065979528,2.446189841130053,-0.7747424359803822
-0.01078662908790033,0.005033231764660238,0.008195155931421063,-0.0012978691054592727,0.5948041492043713,1.6648423706659379,2.4310948928305023,-0.8241423655904506
-0.010755154084931703,0.005028712576318244,0.008203797058030149,-0.001246118958416729,0.5863998450510324,1.6276779324834563,2.441342973432661,-0.7911678594966616
-0.010770870541182755,0.005030916189273613,0.008199493284960675,-0.0012719500540610328,0.5906562271262339,1.6462098858407084,2.4362507043954635,-0.8076323742508399
-0.010733631423776176,0.00501068208484038,0.008191845190484643,-0.0012043768973891476,0.5738457313557067,1.5930090947932662,2.4344166386018915,-0.7685799664502229
-0.010686367121534854,0.005003873373739942,0.008203104302495238,-0.0011267948665992973,0.5607313327052555,1.5374644056713567,2.448215728760815,-0.7193185837116608
-0.010702032052749146,0.00500580132884373,0.00819913156065468,-0.00115239687741304,0.564977571151383,1.5556811463921543,2.4434834824780327,-0.7356402120637221
-0.010717869228574846,0.005008029576451741,0.0081952966539489,-0.0011783683180270255,0.5693577086551319,1.5742551448258222,2.4388130029846162,-0.7521421680165842
-0.010645499027753559,0.0050130493516522,0.008229468539516243,-0.0010651518662171677,0.5554391882620261,1.4978597291836386,2.472717513364078,-0.6762077787000426
-0.010661231897837813,0.005015210708510161,0.008226115651502426,-0.0010911396491191437,0.559895591196227,1.5164449040792876,2.468550812684485,-0.6926889926016057
-0.01053592367107875,0.00500032252354804,0.008251565657214155,-8.844544980283977E-4,0.5231623229952249,1.369700323354599,2.5000920280406937,-0.5616316445258849
-0.010551657869200719,0.0050021055091280355,0.008248767957950707,-9.104364209383993E-4,0.5278812188911667,1.3880898717559058,2.49650921702146,-0.5780777451358216
-0.010567324994250817,0.005003974398281747,0.008245949408259548,-9.363229365153602E-4,0.5325832318261982,1.4064547500081959,2.4928959947260054,-0.594459406492777
-0.010582903851589416,0.005005849354525935,0.008243025460325425,-9.620556006728268E-4,0.5373012951124595,1.4247271983000722,2.4891903550801042,-0.6107549814176861
-0.01059845162996007,0.005007637717830499,0.008239870304289075,-9.876941986281236E-4,0.5419888181981354,1.4429099931759461,2.485293426445406,-0.6270163085050989
-0.010629737626904901,0.005011104944868093,0.008232942254635169,-0.0010391786662568333,0.5510358945282201,1.4793802868297126,2.4769489949597268,-0.6597203090872988
-0.01061404717798163,0.005009349568149719,0.008236468552322568,-0.0010133641669719657,0.5465719980490843,1.461087280621719,2.4811850527927217,-0.6433199797064316
-0.01067081729655722,0.005001634058303453,0.008206523522099898,-0.0011012321169916219,0.5563243946031345,1.5191718985666516,2.4524854310727373,-0.7031130257342407
-0.010434407977183527,0.004975281444230946,0.00825028003514952,-7.131798877980804E-4,0.4865590174610697,1.2450815707851997,2.5084188999685786,-0.45716109814282646
-0.010450266328774464,0.004976718609838238,0.008247966284984613,-7.392190293917271E-4,0.491427484773354,1.2632981056536456,2.5052687919294914,-0.4736348498696746
-0.01046610814113822,0.004978138555426149,0.008245492126631532,-7.652133422357969E-4,0.49623471292592486,1.2814905942662038,2.5019837328462935,-0.49009958094130407
-0.01052951212514333,0.004984700445951095,0.008235174578108654,-8.693498385800024E-4,0.5153994716538585,1.3547452926552654,2.488352556443088,-0.5559977945459877
-0.010481967772203801,0.0049795939421314675,0.008242909910922342,-7.912306396863668E-4,0.5010322515655647,1.2997189328330097,2.498601324349055,-0.5065842132641442
-0.01049786608026576,0.004981220465506607,0.008240373145267361,-8.173431604776479E-4,0.5058494698308521,1.3180763704142324,2.4952300915311234,-0.52310535901918
-0.01051369508583716,0.004982966773297606,0.00823785169742852,-8.433645616242933E-4,0.5106560014433845,1.336419550623715,2.4918591143385402,-0.5395535235808658
-0.010095272235378481,0.004941411966833307,0.008261595159973921,-1.55569294387311E-4,0.3745982437997301,0.8567454618540634,2.5457030539234573,-0.10759693934864935
-0.010062795268558255,0.004942807533136393,0.008264682026479772,-1.0261058396406152E-4,0.3644926291303974,0.8215840041629328,2.550478417993365,-0.07380152339200534
-0.010078689843262835,0.004941244923252025,0.008262213660944887,-1.285009230009578E-4,0.3692439506830932,0.8384801286906524,2.5474826553273187,-0.09045626256513938
-0.010054338155456252,0.004930607184236332,0.00825064705556559,-8.842425838020878E-5,0.3590036620302817,0.8080652029089526,2.541477273405628,-0.06669464030723479
-0.010041048354715686,0.004928085457467899,0.008248045578003778,-6.674780019270522E-5,0.3541823995515933,0.7926557195119804,2.5407778322445966,-0.05330924214310783
-0.010025251195646174,0.004926248469298778,0.008246182811286105,-4.104425207922471E-5,0.34871487128280304,0.77475975914414,2.540792868545917,-0.03725339958795088
-0.010008508839902888,0.0049256623027665045,0.00824564747192069,-1.3842838412643421E-5,0.3432113624322746,0.7562690024822124,2.541795996905451,-0.020058518454031005
-0.0099921008925013,0.004926998090276687,0.00824720583256517,1.2814633042378166E-5,0.33817787932499727,0.7387905452551927,2.5442032470493516,-0.0029432316634597356
-0.009976519552454002,0.00493058779841894,0.008251265009885954,3.818548896414253E-5,0.33389460861371717,0.7229465232481832,2.5482402628005665,0.013651202021641473
-0.009961535561866347,0.004926924375833278,0.00824669837076414,6.248037210380557E-5,0.32826922208294557,0.7053885017111461,2.5463346907370537,0.028575428939234954
-0.00988115820540325,0.004931843605305605,0.008248821599777793,1.9333534618325493E-4,0.30290213066639315,0.6192550882475486,2.554210270652348,0.11218112639677888
-0.009944307399633995,0.004927376052113046,0.008246756841065508,9.048396492407144E-5,0.32274571944099634,0.6867355675386569,2.547764389171622,0.046401495088600496
-0.009928835679133625,0.004930974893523867,0.008250408586518314,1.1576753576393551E-4,0.3184057073876941,0.6709934514813359,2.5514882536485555,0.06289658419421139
-0.00991381549286363,0.004927410131618067,0.008245547581710132,1.4001581986217374E-4,0.3128051567982837,0.6534877211165274,2.549390098166698,0.07783834294956866
-0.009896743604045901,0.004928012425192168,0.008245323413379343,1.6777088623315582E-4,0.3073152247745799,0.6350677959962002,2.550603674074255,0.09551943940108382
-0.009865947434913454,0.004928276700700552,0.008243534141822538,2.177768369109622E-4,0.2972656387037882,0.6016027425730152,2.5518420154906374,0.12728354697250752
-0.009850476744272783,0.004927094648507426,0.008240890733767388,2.427717135518175E-4,0.29199879912012666,0.584415739241516,2.5512819315053377,0.14301722531585573
-0.009834171359604618,0.004924680892670277,0.008236589090633172,2.689678501826245E-4,0.28626174984536346,0.5659743547277191,2.5496651498757257,0.15939922685873242
-0.009803793169937467,0.004930453835697605,0.008240207915537362,3.1876671362421756E-4,0.2771770520571602,0.5346383396165334,2.5545144690510586,0.19161436352506886
-0.009817184575223795,0.00491876492107402,0.00822796653922072,2.9583922373992714E-4,0.2797643239935062,0.5457935751142772,2.5451829962990913,0.1758958357442666
-0.009743220697160385,0.004933803158007073,0.008236284361388653,4.172669738083447E-4,0.2576759091086043,0.46979255982828555,2.5566511501799116,0.254509766121017
-0.009723606446560541,0.004924693982243903,0.008222613523137497,4.4753304146391733E-4,0.25005653008163686,0.44601853915435524,2.549002419506578,0.27307167662229453
-0.009774176583423444,0.004932622006256765,0.008239173846120695,3.6700439412856375E-4,0.26772543143153454,0.5030780133719093,2.5561566743157855,0.22245458622097922
-0.00975630873888585,0.004923186445339224,0.008225712621409987,3.946103630324739E-4,0.26053630826265267,0.4810301768787438,2.5485052085038795,0.2392097268061009
-0.009786976934966963,0.004921980514104255,0.008228308356908144,3.4497176746376665E-4,0.2703954478623434,0.5139459916447087,2.5478207842009684,0.2074836612227903
-0.009483642940364556,-0.004952410895939576,0.008200691765327046,-8.385486550846123E-4,0.17493102474531366,0.19377293887804203,-2.553194784346173,0.5248828098685019
-0.009499542420342736,-0.004953976061733286,0.0082071636348661,-8.136513111394979E-4,0.18010967054481658,0.21129000744586685,-2.5562737233849773,0.5088642581762485
-0.009515929658464699,-0.004946846819841441,0.008203409227529587,-7.854877641782176E-4,0.18486973863749226,0.22726413292694353,-2.5524686291568233,0.490575536266968
-0.009532659322247962,-0.004935156087550633,0.008194255317913087,-7.556469957818317E-4,0.18941581575749547,0.24248110586530522,-2.544992501006124,0.47106000013659305
-0.009549491723027518,-0.004929030779266364,0.008191503430303365,-7.272576706938292E-4,0.19430930680031655,0.25912028392710296,-2.5418053660525737,0.4525822572118517
-0.009583519511068556,-0.004922791313677947,0.008192639619872072,-6.715567469060885E-4,0.20462367794568895,0.2942254469287206,-2.5398789628416316,0.4164810318237447
-0.009566472094097419,-0.004925038595166906,0.008191125431272208,-6.992357512375912E-4,0.19938966895599466,0.2764244754168947,-2.5402063244278454,0.43439115373527765
-0.009340292112801752,-0.004967766896263186,0.008170375522760134,-0.0010706403740499187,0.13099078807154382,0.042919452135905305,-2.544224162433983,0.6755129420734268
-0.009358739947536991,-0.004963988523203747,0.00817282677282162,-0.0010402141890086824,0.1365019234679128,0.061932680824139386,-2.5443947915490632,0.6557083472191868
-0.009375680870419532,-0.004952392893704168,0.008165374293724789,-0.0010093662424900552,0.1413829752219429,0.07762368048839463,-2.5379731198473503,0.6357372654574127
-0.009392352704623444,-0.0049468734524505875,0.00816479594748857,-9.812219062132774E-4,0.14627434395195368,0.09431366760470773,-2.5362403749798683,0.6174252644845971
-0.009471510887050026,-0.00493540851699255,0.008177127904741307,-8.527144653913238E-4,0.17019006537745351,0.17674427907068638,-2.538284373313996,0.5338247290568644
-0.009409054616943455,-0.004942604325487924,0.00816553344317232,-9.535007949112009E-4,0.1512434561902147,0.11130249952179723,-2.5353991187527423,0.5993682867512705
-0.009448742042056443,-0.00494075433177675,0.008176347728680906,-8.903447081357605E-4,0.16338280829558668,0.1535020004456061,-2.5395673392004716,0.5582871889238091
-0.009426684337662528,-0.004940346720298885,0.008168768977299727,-9.250034816589186E-4,0.1565459759581712,0.12972167863261844,-2.5361869088373834,0.5808126144535165
-0.00927949050178388,-0.004980658415515929,0.008161412212238614,-0.0011710954431067106,0.11289938569150346,-0.019721334820300297,-2.543101178347902,0.741010397937246
-0.00926362418265776,-0.004976827523934578,0.008150262281892369,-0.001194257260655246,0.10822427618744299,-0.037537031686089774,-2.536799397012303,0.7564178505582674
-0.009295701777356608,-0.004973607998275046,0.008159765367829518,-0.0011428492811480682,0.11767155706417312,-0.003758449719911832,-2.540649324575299,0.7226851261967165
-0.009328333251477038,-0.004953483006988195,0.008149059270233001,-0.0010839137452570977,0.12716342963226843,0.02707324626306964,-2.5306891434578738,0.6845387139147623
-0.009311256715752642,-0.004960300011170109,0.008150376859027511,-0.001113223344732386,0.12220517768706678,0.010189091585730281,-2.5329733791752638,0.7036151520306984
-0.009234451342925741,-0.004965698087367326,0.008124634651618669,-0.0012346946976646723,0.09987068711522788,-0.07095222067539787,-2.5216022503265,0.7836312608599477
-0.009201321838826916,-0.004972070802170029,0.008117202054779693,-0.001288606250577179,0.09044008661225994,-0.10514727658208013,-2.5192164733420976,0.8191515390765619
-0.009218241695225213,-0.004968098989830082,0.008120239813322746,-0.0012607577733214825,0.095248451167792,-0.08781880267552243,-2.5199090925732435,0.8008277796655657
-0.009250205749108389,-0.004962307921498218,0.008127523914043783,-0.0012088831317067273,0.10440182852484285,-0.054763085353914186,-2.522297263860645,0.7666623047624815
-0.008894126234420924,-0.004976150832516989,0.007954175025383299,-0.001748403990266649,0.013738588061356569,-0.4289470239810375,-2.428963165683634,1.1315165651570398
-0.008916954074487256,-0.004965570763997657,0.007956382625994992,-0.0017089876665067167,0.01948503753165604,-0.4063197821587404,-2.428621574361667,1.1051838523391206
-0.008938916360494402,-0.004961865913003652,0.007965593093487685,-0.0016750590023644346,0.024584689147275504,-0.3838931973494361,-2.433489331953617,1.0820748549475885
-0.00915315521528367,-0.004983040114444318,0.008107241262691288,-0.0013676901635419868,0.07689190075295715,-0.1545937079970042,-2.516347061299829,0.8713228051762617
-0.00913798022278066,-0.004977090575985252,0.008092836163954946,-0.0013879229509451343,0.07289324926121941,-0.17182089318828442,-2.5075741643752987,0.8852658895540475
-0.009126381230729022,-0.0049633051235616,0.008071017624294343,-0.0013986451878989106,0.07028841114225022,-0.18648105350744468,-2.4932163376945184,0.8933553601705796
-0.009169425981354085,-0.004969911213334487,0.00809975269846585,-0.0013364864571747649,0.08167665178100984,-0.13958240077109615,-2.509753300013682,0.8512341527520934
-0.009187458267759904,-0.004958174541696075,0.008094583296518335,-0.0013034206280219116,0.0868471053440812,-0.1224707946753436,-2.5046458454325946,0.829766245672028
-0.00898385256100665,-0.004978320884307809,0.00801115874002273,-0.001619326762901294,0.033883957890556364,-0.3348412878655334,-2.462699678515072,1.0422300903208797
-0.009061231455683,-0.004972654922069422,0.008047994278783568,-0.0015014065348116024,0.05311270603802127,-0.2540172176059386,-2.482439000206074,0.9622032368078092
-0.00907627780777829,-0.004964068273062547,0.008046089832436229,-0.0014743300960936051,0.057254799881579575,-0.2394141026407886,-2.479818564978676,0.9444668315215485
-0.009044210730269805,-0.004965675673677395,0.00803068099570515,-0.0015229718489099054,0.049160497028518164,-0.27303661108147154,-2.471550405840137,0.9774215724264845
-0.009003809807273597,-0.004969901707440907,0.008012968159037513,-0.0015850946666748215,0.03912044331869374,-0.314979529240827,-2.4622905446372436,1.0194965805222156
-0.00902429041826484,-0.004965272251648306,0.008019199219344943,-0.0015522590082445503,0.044303992301101706,-0.2940752356443488,-2.4650223512323177,0.9974283884560444
-0.009108111180935536,-0.00495242598991426,0.008049177910686241,-0.0014206309838870827,0.06586246916624983,-0.2076038367102199,-2.4793504450800974,0.9089238621896633
-0.009086171374085574,-0.004948238469341723,0.00803301998109406,-0.0014512449630907805,0.06040787772185972,-0.2313914710903473,-2.4697122614251583,0.9299300956298086
-0.008963428318117746,-0.004963259657420338,0.007981865392218958,-0.0016403562672730936,0.030073101076738273,-0.3581598535251813,-2.443258659687064,1.0580134228633125
-0.010673300816346347,-0.005045540795333225,0.008257292128341418,0.0011221318373605394,0.5777850323874983,1.545312725185642,-2.4919797155677945,-0.7031795673080848
-0.010667408840274941,-0.005030550608030921,0.008241518858401268,0.0011068697343639472,0.565105918355683,1.5340129147020702,-2.479401111003172,-0.7013562063927021
-0.010688861910903295,-0.005047680415430901,0.008253720572081534,0.001148106683019581,0.5805837299649059,1.564057213132623,-2.4876731266413636,-0.7198802274827759
-0.010683072712364997,-0.005032652576819494,0.008237926608898256,0.0011328270881360038,0.5700193378982651,1.552616341079023,-2.475040391325745,-0.7178157557905064
-0.010661444462033084,-0.005015163785435247,0.008225980687792995,0.001091462158191491,0.5601610151577674,1.5166942633509315,-2.4684233948714716,-0.6929300277895686
-0.01075103836475052,-0.0050567276653341415,0.008238644324159465,0.0012517175660214479,0.5996972275018062,1.6391181146597242,-2.469714820939971,-0.78549032077499
-0.010760930980109551,-0.005044185309056098,0.008219175861321178,0.0012620053029770376,0.5918845592438893,1.6454783869382241,-2.452293115913676,-0.7997062132713922
-0.010704416366638625,-0.005049868932804746,0.008250068690595207,0.0011740612529786473,0.5838781378776485,1.5828662359286207,-2.4832985482344436,-0.7364817492712706
-0.010698717762253401,-0.005034853456630861,0.008234311080319447,0.0011587714827641109,0.574937960720786,1.571206310719889,-2.470649913383405,-0.7342078133293316
-0.010719964030119584,-0.005052106327402138,0.008246338928758404,0.0011999790012822212,0.5883114005242182,1.601675144927948,-2.478856613297253,-0.7529243247247631
-0.010714323579806543,-0.005037138305128647,0.008230662886686045,0.001184668526152857,0.5796120348875949,1.5897730705411133,-2.466217011779935,-0.7505541221128899
-0.010735504747544684,-0.005054392578627048,0.00824253151461796,0.0012258594073973055,0.5938165877019692,1.6204302527609054,-2.474335575177831,-0.7692310562588539
-0.01074540867013684,-0.005041824572001343,0.008223125050433244,0.0012362614674509657,0.5879240966397309,1.6268807022369813,-2.4570668229013712,-0.7832726785926581
-0.010729882717235217,-0.005039472470763122,0.008226947096966431,0.001210495661069566,0.5839192824260798,1.6083227558395858,-2.46170256123662,-0.766895319394021
-0.010770877626748256,-0.005031303601519829,0.008199942424654515,0.0012721290896874282,0.5906858864550476,1.6465121472436317,-2.436573907126858,-0.8076757015952464
-0.01078642594998326,-0.0050336695309890255,0.008195758432883815,0.0012977438766637222,0.5948640861800573,1.6649562456584412,-2.4315646723908206,-0.8239675952555102
-0.010801981818982344,-0.005036146063225901,0.008191558579058513,0.0013233961021398108,0.5990328370129437,1.6834716217454193,-2.426509185726012,-0.8402765527942965
-0.010817505995144186,-0.0050386596490771506,0.008187274831337117,0.0013489922375466846,0.6032351941278172,1.701966939293641,-2.421357301047648,-0.8565578398437815
-0.010833036814719837,-0.005041098763310583,0.00818275882068508,0.001374539002056907,0.6073937486549452,1.7203959336509207,-2.415991717299154,-0.872831287303892
-0.009670949150181877,-0.004936374581587084,0.008227190956754683,-5.343845652448904E-4,0.2341939754782645,0.39215514160687365,-2.556220452288292,0.32926621193062516
-0.009600230720152756,-0.004921904309143081,0.008195501082475675,-6.447258660853169E-4,0.20987519438463456,0.31200622480684387,-2.5404872348656338,0.3991800634565678
-0.009616758253680534,-0.004921925475103197,0.008199224631142003,-6.183648195612613E-4,0.21515861610721657,0.3298287021817869,-2.5416912819094413,0.3822365943337349
-0.00963383003418825,-0.0049213778381421444,0.008202241283811642,-5.909780703959269E-4,0.22059600562572101,0.3481057316280396,-2.5423768481539484,0.3646225372266252
-0.009654465160059576,-0.004921976356431553,0.008207139160220254,-5.580869534804704E-4,0.22729193648264287,0.37052534670816634,-2.544053972054122,0.343569471119983
-0.010189479061884743,-0.004975105012717797,0.008293580776132762,3.1272558859721803E-4,0.4137497190159419,0.9729655511019278,-2.5604499154284515,-0.20076414693563135
-0.010268450161509063,-0.004978752146439186,0.00828758397119953,4.4305987402310654E-4,0.43963002624892894,1.0621718021811244,-2.549819813248853,-0.28283279055549354
-0.010252690892403058,-0.004978094808909344,0.008289147518113214,4.170730543111893E-4,0.43446111932125514,1.044385727748118,-2.5522186946315535,-0.2664406157223204
-0.010236976880951001,-0.0049772849827309255,0.00829038441899673,3.9113079073575585E-4,0.4291966409634152,1.0265834653341948,-2.5543746158370655,-0.2501025405773852
-0.01022119984836199,-0.004976411311260642,0.008291413290102691,3.6507332797332655E-4,0.4239706047929907,1.008694106902402,-2.5563794274616565,-0.23370973063634856
-0.010205340699307746,-0.004975665088034021,0.008292459224304214,3.3889390822434013E-4,0.4188426372842387,0.9907847537410169,-2.558392819875211,-0.217237448704412
-0.010110855899815486,-0.004972877584512457,0.008297667694866616,1.8297124099966928E-4,0.3876239345009274,0.8849465497417147,-2.569513400593518,-0.11912404916223303
-0.010126645704840505,-0.004973361323930114,0.008297172089537418,2.0903848240318913E-4,0.3928588163529248,0.9026214429324727,-2.567931770104693,-0.13550688101891797
-0.010157994041274149,-0.004974308818735201,0.008295752377220718,2.607874567352426E-4,0.4034038501437241,0.9377417019794194,-2.5644715189869243,-0.16805762802310628
-0.010142341445604339,-0.0049738664953667905,0.00829656735366588,2.3495214117566377E-4,0.39813447249951445,0.9202145043098806,-2.5662761072196036,-0.15180060693985475
-0.010182007458858786,-0.004959956797753209,0.008276568138780952,2.9885227885966475E-4,0.40670496769161707,0.9592105733040824,-2.5490408709318433,-0.19535281681255343
-0.010166290803338975,-0.004959864323277202,0.00827801456390781,2.730891602856492E-4,0.4017242928023234,0.9418047422266048,-2.5513420686070565,-0.17900968861032276
-0.009895804964759756,-0.004924409753162388,0.00824104343445515,-1.69077800383022E-4,0.3063664461162219,0.6329393967403137,-2.5477705957002477,0.09592208361275935
-0.009878931357807768,-0.004926574079504963,0.008242488658091936,-1.9658571479455104E-4,0.30122627955014813,0.6152351388990406,-2.5500999391007078,0.11363091661372204
-0.009863374165776253,-0.004929378938964604,0.00824462709328254,-2.2203765935161954E-4,0.29659466969285836,0.5991501930068504,-2.5527874176480725,0.1300929107344386
-0.009850079736354659,-0.004932217875601391,0.008246864835625135,-2.4385617322611415E-4,0.29268573612984683,0.5855284836243342,-2.5553552532314305,0.1442396530477927
-0.009835438015951348,-0.004926133925870439,0.008238410907308832,-2.670563460667663E-4,0.28688647463945355,0.5677792473280743,-2.5508107315450395,0.15833431556824706
-0.009687757815972009,-0.0049328098915854095,0.00822609112344271,-5.066461300322803E-4,0.23930949229382145,0.40940251169984193,-2.554165916733316,0.3113480169843081
-0.009722874188070215,-0.004937542989259291,0.008237566351616446,-4.5074929447703766E-4,0.251418641311622,0.44876046420999105,-2.5591072599240374,0.276081822165497
-0.009736656967308731,-0.0049344880344928945,0.008236111385161766,-4.2798449643359433E-4,0.2555745337980096,0.4628731360143892,-2.5570531474733316,0.26136816460559825
-0.009707056171762726,-0.004931792749469879,0.008228238188619825,-4.7536073985846977E-4,0.2455079365992767,0.4300284019893503,-2.554095248125456,0.29133438621351476
-0.009815770338210962,-0.004927545234140505,0.008238100217403862,-2.990517314453316E-4,0.2806527778245858,0.5468145723252663,-2.552157677420911,0.17880394201042285
-0.009799183782169337,-0.004930347996252209,0.008239558610497787,-3.262246543325835E-4,0.2756019638590846,0.5296045446646903,-2.5544514343549163,0.19633333685089852
-0.009784349387876513,-0.004934685133744284,0.008242879435059499,-3.5078256342399616E-4,0.27136626254464646,0.5147301881180372,-2.557849276421787,0.21232817152113093
-0.009768706736210872,-0.004931760589090707,0.008237446590881888,-3.757467628207229E-4,0.2657588938525215,0.49689766499360494,-2.55543200299164,0.22793165074301758
-0.00975276348067789,-0.004932397938213853,0.008236011817473307,-4.0162994322013457E-4,0.2606168210808651,0.47977115993586467,-2.55572226918224,0.24443827654786945
-0.010103520091052098,-0.004957784875652454,0.008280370991539181,1.6998505855272681E-4,0.38108881820163537,0.87173029701074,-2.558054134999072,-0.11405011216765691
-0.010087454543525784,-0.004957579026834957,0.00828099816588746,1.4361198087262363E-4,0.3758279764802792,0.8539383265835373,-2.55977009223434,-0.0973985833138355
-0.010079616561074332,-0.004942600897610473,0.008263762548578706,1.3007374685628417E-4,0.369794747750587,0.840015113150015,-2.5484830081642635,-0.09127431190833761
-0.010017262268341657,-0.0049423471186237815,0.008265155782707359,2.8214253828125945E-5,0.3495451642386597,0.771473843617101,-2.5544839798675905,-0.02677069226852125
-0.010001621151413806,-0.004941845559151765,0.008264643512364516,2.660445734745285E-6,0.3443243816027359,0.7541555304685138,-2.5553871201138914,-0.010667223723828287
-0.010033190570741531,-0.004942620527452752,0.008265256077343993,5.4241620509477044E-5,0.3547803401901753,0.7890495528031406,-2.553274683780211,-0.043215583519492916
-0.01004847112399459,-0.004943671513873966,0.00826614209296246,7.923400442156496E-5,0.35998568364409117,0.8061797798286677,-2.552648320910555,-0.05888272922603898
-0.010071032994928104,-0.00492837706078053,0.008247446302182175,1.154889408582464E-4,0.3637700697005159,0.8255733326804283,-2.5378944354170954,-0.08424832335468137
-0.01005724314778007,-0.004931212045640351,0.008251263517924445,9.31687827107331E-5,0.36002231779665594,0.8114770638818378,-2.5416716399559287,-0.06963355361689051
-0.009994503578309746,-0.004928638276204912,0.008249135416584178,-8.918125880718169E-6,0.33928278058567185,0.7419649604858896,-2.5453316946589912,-0.00519487505735806
-0.009961377358180135,-0.004928560164761035,0.008248609186926,-6.27744417978706E-5,0.32851992008362446,0.7057539103886781,-2.547650482839233,0.028968618718920525
-0.00997882348477923,-0.004923304323715045,0.008242759373826599,-3.43451620201851E-5,0.3331125212240584,0.723084690753759,-2.5422442810196713,0.010216838008753297
-0.00993029814806444,-0.004927840463991962,0.008246789558431222,-1.1326072671810023E-4,0.3182504641363894,0.6716036413051071,-2.548910776342818,0.060909265497071555
-0.009914826475797557,-0.004922467406197376,0.008239804077593576,-1.3812997570666481E-4,0.3122127408185867,0.653047196390017,-2.5454037272755063,0.07603906049277546
-0.009945982124054318,-0.004923555711310852,0.008242331079420608,-8.764263332777598E-5,0.3225343228644135,0.6873438503024635,-2.544611830801045,0.04410479119279092
-0.009902137281744793,-0.004906167323316061,0.008220080279945375,-1.5778118655752977E-4,0.30520241354776473,0.6341815557685692,-2.5329880277108434,0.08662878257783939
-0.010360917504742087,-0.0050130431569171624,0.008311452939088474,6.015051099072204E-4,0.4815729138185147,1.17759202025758,-2.560024258108207,-0.3739981135859376
-0.010369815617501017,-0.004999687872698107,0.008293486440971562,6.133909245343959E-4,0.47429734354854586,1.1857071177816267,-2.5456256677546203,-0.3890641913925001
-0.010345251712533227,-0.005011934116815128,0.008313298958702586,5.754300998346082E-4,0.4748520102547807,1.1595351382455314,-2.5625919877770147,-0.35772677387951024
-0.010354141632861842,-0.004998579661385764,0.008295417051280632,5.873959356993306E-4,0.469568533827911,1.1676470781547679,-2.548346962563983,-0.37262167894829873
-0.010329582549946167,-0.005010874290742819,0.008315063422600941,5.493430645654242E-4,0.46836641177864285,1.1414298416041553,-2.5650708941842653,-0.3414554216621368
-0.010338474095035896,-0.004997474593749199,0.008297213242104041,5.61402196128405E-4,0.464927933921594,1.1496501648020745,-2.5509527078267307,-0.3562475494697681
-0.010313910160050264,-0.0050098636880925584,0.008316747816669846,5.232210353701775E-4,0.4631079231356065,1.1232789246270845,-2.5674765430309736,-0.32506833922547673
-0.010322780035472967,-0.004996380082478986,0.008298887820646134,5.353622160342595E-4,0.45999702602588827,1.131683300623825,-2.5534510329568447,-0.3399269900532947
-0.010307045744998364,-0.004995333767530399,0.00830048328576606,5.092614296971984E-4,0.45465349159333784,1.113712733872836,-2.555878564431135,-0.32361134765278626
-0.010378802431193811,-0.004985925470546841,0.008275671560963885,6.251794564520948E-4,0.4748483664468112,1.1880540072664163,-2.531981428185603,-0.39768711727619044
-0.010394557071398131,-0.004987056750085193,0.008273527826233222,6.511594242631515E-4,0.47971654832662164,1.2060901183452408,-2.529063504677204,-0.41409429404866677
-0.010536188231947586,-0.005000054386909754,0.00825117017898775,8.848011710866616E-4,0.5233130276954937,1.3698553947371266,-2.499780418886321,-0.5618659333902855
-0.010520333886440275,-0.004998529677827364,0.008254165663277543,8.586903053176598E-4,0.5186838336844292,1.3514917313869121,-2.503495822668484,-0.5453130014508724
-0.010504527026143275,-0.004997114631028274,0.008257130581217693,8.326682443676954E-4,0.5139249170440082,1.3332331219315423,-2.5071631321054397,-0.528811506741658
-0.010488783021724887,-0.0049956298954606845,0.008259852063112638,8.067101914396715E-4,0.5090256343673848,1.3149966923405392,-2.5106267372271343,-0.5123706988483631
-0.010473054198663907,-0.00499405797816242,0.008262324614176577,7.807388860761764E-4,0.5041131569568869,1.29673013065802,-2.5138864633969367,-0.4959487382302575
-0.010457312567538917,-0.004992528187765236,0.008264707651685061,7.54746036165009E-4,0.4992575775589356,1.2784785900265268,-2.517062566860574,-0.47952249604549274
-0.01044159170101973,-0.0049911235550735384,0.008267089649235669,7.288063658514956E-4,0.49441229121181424,1.260320534941535,-2.5202187385682184,-0.4631235128044256
-0.010425928889877823,-0.004989769900319167,0.008269375123471914,7.029607189711347E-4,0.48951738081455326,1.242255161982072,-2.523284021945391,-0.4467875653319298
-0.010410277393014424,-0.004988380721483835,0.008271475691444805,6.771137782112332E-4,0.48459624702611265,1.224189762787723,-2.526197540437209,-0.4304712228586683
-0.010300219984978752,-0.004980272151815394,0.008284228719111686,4.954400166241665E-4,0.44962611749037285,1.0981120182023212,-2.544805718587033,-0.31587112547159873
-0.01028430902811212,-0.004979413252337474,0.00828586667216618,4.6919786562920474E-4,0.4446583836815345,1.0800662931863527,-2.547293373722279,-0.2993258796756073
-0.010552025179682149,-0.005001784284279108,0.008248275532762547,9.109276979492748E-4,0.5279288061760324,1.388316839765001,-2.49611614195655,-0.5784156433399392
-0.010567793923667855,-0.005003643604555544,0.008245410046684934,9.369693795909323E-4,0.5325789895440157,1.4067824687389203,-2.492453775515198,-0.5949099033578021
-0.010630093176239952,-0.005011496854191226,0.008233273756744696,0.0010398836508196832,0.5511605110251382,1.4800464629375278,-2.4771537679695506,-0.6601350972675366
-0.010614553355638578,-0.0050095820908044155,0.008236563398884957,0.0010142508003239514,0.5465241811637691,1.4618013669961964,-2.481199433225898,-0.6438657234549455
-0.010599038324408951,-0.005007576643858512,0.008239598505348176,9.886100122921482E-4,0.541870866964257,1.4435243789744943,-2.485029309413314,-0.6276177726607003
-0.010583466866739846,-0.005005576483798824,0.008242518798862843,9.628668104226384E-4,0.5372281555243927,1.4251888976568479,-2.4887579837866043,-0.6113138946134935
-0.010655331985347979,-0.004999457018937017,0.008209853376079395,0.001075780273675678,0.5519023614678312,1.500971149480418,-2.4566478522356445,-0.6869643398299501
-0.010639628951212133,-0.004997973349532967,0.008213936524890315,0.0010502145456997214,0.5476694495563162,1.4829437588469148,-2.461393505813273,-0.6705988410090855
-0.011425095195354023,-0.005207390722771272,0.007987559689779525,0.0023750677133685546,0.7532294701707903,2.4671721124408754,-2.160408965193935,-1.4994786477965478
-0.011436582134376297,-0.005196226468729574,0.007964547739501582,0.0023818317262655378,0.740054290388708,2.467378057047345,-2.137673003191629,-1.5097728854894195
-0.011440145198604604,-0.005211891625397759,0.007980058012724962,0.002400151419277988,0.7555027646575173,2.4856405754296436,-2.15072045519878,-1.515332299379623
-0.011410030890272257,-0.005202937056022924,0.007994973676601054,0.0023499900814749467,0.7493510110865654,2.4486693876278416,-2.1699273045250598,-1.4837155289182293
-0.011421465558727964,-0.0051918033724558735,0.007972139770971609,0.002356842730424658,0.7379228130308738,2.449041263815122,-2.14739185889526,-1.4941441892851814
-0.011394952446763721,-0.005198530675796428,0.008002312229855783,0.0023248773630323467,0.746158333851049,2.430115680319292,-2.1793151150598202,-1.4679713507569112
-0.011406345434498998,-0.00518738346084095,0.007979596941771095,0.002331807644795496,0.7358224131921252,2.430642918668399,-2.156923773872121,-1.47848264114898
-0.011379860028177457,-0.005194171632003687,0.008009577712918808,0.002299721565530667,0.7440388596818227,2.4115351639471236,-2.188591590914192,-1.4521900053569918
-0.011391216856338697,-0.005182988972277593,0.007986945844388018,0.0023067414381616118,0.7333666630927111,2.4121975923679764,-2.166290700379246,-1.4627909875232559
-0.011364753797800305,-0.005189859973827203,0.008016762860857785,0.0022745477882869687,0.7413808587755374,2.392931972765176,-2.1977354163352616,-1.436393538784155
-0.011376080236484051,-0.005178653427445771,0.007994223180727516,0.002281669566625496,0.7307844649119466,2.3937359506996465,-2.175546012550681,-1.4470588997777736
-0.011349633918850096,-0.005185595749722576,0.008023866575657202,0.0022493597575658337,0.7380137132768717,2.374290962388522,-2.2067390737880306,-1.4205985260110208
-0.011360936056457828,-0.005174364865109531,0.0080014165078114,0.0022565810065423545,0.7283415563817672,2.37525219955635,-2.184684032899234,-1.4312889797180401
-0.011334500554468824,-0.005181379007421065,0.008030894051020277,0.002224138967944839,0.7352549827777081,2.3556207660250488,-2.215624294055385,-1.4047745755890013
-0.011345781980946386,-0.005170106129291565,0.008008508506045448,0.0022314609314165314,0.7258319073814098,2.35672832852461,-2.1936776394195596,-1.4154893725261954
-0.011319353867715836,-0.005177209793932224,0.008037844151596316,0.0021988894868349633,0.7329083797883351,2.3369410665966406,-2.2243935795797096,-1.3889164170532229
-0.011330617894049098,-0.005165895938977666,0.008015519450170329,0.0022063248166422464,0.7230967968117153,2.338178340177904,-2.202545418912497,-1.3996566937001707
-0.010905949863632844,-0.005082759427831132,0.008195254400535071,0.001509921512561084,0.6401585101585188,1.8271098455696462,-2.417788328913992,-0.9504739448885893
-0.010916253221462946,-0.005070426776339722,0.008174932757628504,0.0015194690432465865,0.6332009372248923,1.8326103221830337,-2.399002796319508,-0.9636909839345641
-0.010854166246648108,-0.005059169212567826,0.00819343742497605,0.0014164915334044963,0.6164444070160765,1.7576386580735817,-2.4213216275566833,-0.8983842846199847
-0.010859561856462025,-0.005074438771579878,0.008209129970066235,0.0014325630053111588,0.6294613379594435,1.7702082927201384,-2.434357519432535,-0.9008758413206417
-0.010890495802369919,-0.005079937274184245,0.00819995420247725,0.001484185734675695,0.6347876327017632,1.8081567529407334,-2.4233807238791396,-0.9340981353219892
-0.010900769249023843,-0.005067543284994148,0.008179675860498599,0.001493782958092435,0.6295451985096135,1.813881518287009,-2.404735185969708,-0.9473582835894357
-0.010875033080843399,-0.005077163713119264,0.008204579585249387,0.0014583986398789977,0.6312331719213872,1.7891616604155167,-2.428897098489983,-0.9175710202239807
-0.010885268391242583,-0.005064671173869652,0.008184298624331164,0.0014680537982953183,0.6256236961583035,1.795152365023659,-2.410321811441833,-0.9310678403493462
-0.01086972903073515,-0.005061861775930178,0.008188867804783869,0.0014422749185602586,0.6211295323717517,1.7763995811601767,-2.4158289171388714,-0.9147600051065466
-0.01092669201451227,-0.00505773193390562,0.008154753036764939,0.0015289632146220247,0.6311116507408293,1.8325389954220894,-2.3822502328494086,-0.9711059077018914
-0.010942231492029495,-0.005060702751610947,0.008149848408242288,0.0015546018920762313,0.6349255244593163,1.8512371949490578,-2.376318269668373,-0.9874150222205006
-0.010957707750597595,-0.005063801170553244,0.008144983748217606,0.001580185029939097,0.6387474580171077,1.869949073215204,-2.37038518413255,-1.003672374047379
-0.010973113513409571,-0.005066874990635639,0.008139986947563923,0.0016056199600953801,0.6425875057421645,1.888543027404897,-2.3643167214090046,-1.0198442962151046
-0.011243426298807372,-0.005157078253839507,0.008071394695648609,0.002072351751066116,0.7178451602346444,2.242905975637028,-2.2664354096397936,-1.3090574947456493
-0.011228203096582517,-0.005153195160361302,0.00807786628400169,0.002046981294775168,0.7147536766816108,2.2240229852988387,-2.2745148660885466,-1.2929183038040395
-0.011239359665072687,-0.005141591453811987,0.008055869128553973,0.0020550156489596086,0.7059967989194754,2.2265732684741217,-2.253198955051259,-1.3042118708039956
-0.011224059879881803,-0.005137707337606433,0.008062346702737018,0.0020296575641053946,0.7030354268906244,2.2078782167507387,-2.2612624292795824,-1.288189158687013
-0.011182461035313321,-0.005141833072035735,0.008096803592137767,0.0019707423116350825,0.705299331630867,2.1672302152627836,-2.2980281110761362,-1.2442966878602872
-0.011193412968175871,-0.005130043532452933,0.008075022412701667,0.0019788390008463226,0.6967881561348469,2.170409814135144,-2.276993263695911,-1.2561006630615514
-0.01116719007004694,-0.005138141575448354,0.008102962473932098,0.0019452640222367282,0.7032847163770678,2.148317722799464,-2.3056589688883085,-1.2279499436637917
-0.011178071479043499,-0.005126299206305425,0.008081255011128654,0.00195341150330082,0.6933545121978658,2.151651966266383,-2.28470219240004,-1.2400228729209744
-0.011151907568655757,-0.005134498077970416,0.008109040189812105,0.001919771280109551,0.7012319738354961,2.129462546945308,-2.3131824888426493,-1.2115905723358518
-0.011162730487426845,-0.0051226428725594944,0.008087442807562214,0.0019280077660404095,0.6898144413239761,2.132899290985378,-2.292340046012747,-1.2239049473107475
-0.011070638856970872,-0.005101636001084307,0.008122690112720063,0.0017753870843564945,0.6703072448279714,2.020375273328682,-2.3356308078931067,-1.1267686336601888
-0.011075327667428128,-0.005117001903782517,0.008138184727273122,0.001792206701902062,0.6815139613718061,2.0350735647782034,-2.348853875159998,-1.1305260696722426
-0.011136613692675216,-0.00513090261818238,0.008115031173293746,0.0018942878227128758,0.6978255624395929,2.110644778447007,-2.3205713908040404,-1.1953047580177851
-0.011147395169642008,-0.005119071745334802,0.008093581214911676,0.001902630481231542,0.686453285315019,2.1141615048077083,-2.299907338288504,-1.2077388035602619
-0.01112130860346941,-0.005127355233983757,0.008120936387496456,0.0018688099842333952,0.693111951853279,2.091813845330711,-2.32781450134734,-1.1791206899441136
-0.011132062189328442,-0.0051155439118501815,0.008099627327355927,0.0018772467967878806,0.6834345882410676,2.095425302773435,-2.307356349455756,-1.1915416848799711
-0.01110599246222428,-0.005123855962596771,0.008126762476108928,0.001843309338768772,0.6886027111299811,2.0729379881060144,-2.3349324223212764,-1.1629730297022551
-0.011116725419124285,-0.005112022613288476,0.008105543824547272,0.0018518278813093381,0.6804822240537659,2.076674773715364,-2.3146350603203305,-1.1753447658138876
-0.011090665429940798,-0.005120404840570065,0.008132512500286451,0.0018177724386511287,0.6848927271467838,2.054019407269582,-2.341944952040453,-1.146783980863824
-0.01110137910477862,-0.005108515944091596,0.008111341750029229,0.001826374027846396,0.6772817221478925,2.057912873567922,-2.3217498501920697,-1.159157847282355
-0.011086017667475266,-0.005105049607334845,0.00811705217543159,0.0018008928516969772,0.673848377633341,2.0391462530194975,-2.3287407722468756,-1.1429691305451792
-0.011204534714838689,-0.0051178490262908825,0.008053299532894563,0.0019868272223114384,0.6937200797803298,2.1677464168493183,-2.258685566841613,-1.2617343042587879
-0.011219968441667954,-0.005121766179118017,0.008046960502589297,0.0020123146662143036,0.6968352585650895,2.186513250714127,-2.2507966359270735,-1.2778329408777143
-0.010988536153398142,-0.005069843455537085,0.008134715585539909,0.0016309934894572573,0.646340309615228,1.9070349466769498,-2.3579925400970967,-1.0359971275566406
-0.011004021898687823,-0.005072811726998137,0.008129264773850954,0.0016564313916574704,0.6499756134530895,1.92555339392316,-2.3514798054397983,-1.0521928521324886
-0.011019545757860655,-0.005075879765115281,0.008123764217530903,0.001681951421112559,0.6535439492926779,1.9441583490733159,-2.344878460109355,-1.0684295089717812
-0.01103506352749052,-0.005079065946690574,0.008118260585121299,0.0017074984910227548,0.6570885231704463,1.9628244277781162,-2.3382282363847113,-1.084670871073827
-0.011050551674141679,-0.005082353715480433,0.00811274851529749,0.001733029189846913,0.6606148257118103,1.981515925893854,-2.33152808369601,-1.1008913826144548
-0.011066006752412351,-0.005085725481331605,0.008107209930695128,0.00175852925405217,0.6641150721647735,2.0002147061360294,-2.324765321885827,-1.1170831295733483
-0.010848651030376232,-0.005043499561129871,0.008178014690782128,0.0014001690572177435,0.6114074023811474,1.738857481752733,-2.4104082934261615,-0.8891720062843875
-0.009583213088243041,0.00494505585531331,0.008218662329852968,6.773547127030005E-4,0.20642587337240578,0.2994769078106376,2.557382134862475,0.42107447815153537
-0.009595757781234055,0.004933796391631752,0.008208395875110373,6.546046225520827E-4,0.20950217813206115,0.31019252616330967,2.549512271457336,0.4060256327984671
-0.009608604217579498,0.0049227989397770885,0.008198442232145197,6.315730390347066E-4,0.21264210191195518,0.3212705851948965,2.541802568139548,0.3907490603927222
-0.009623009754707739,0.0049148609661772615,0.008192329046616827,6.068592522656567E-4,0.21646998822131008,0.33477286291074065,2.53653874279557,0.374489757616982
-0.009563851356394693,0.00493749010665107,0.008205054874202247,7.06513774022806E-4,0.19953915703225025,0.2766787409619264,2.5497874989082008,0.4395022199760165
-0.009544016449811897,0.004931790055308946,0.008193313456732089,7.366863417755074E-4,0.19276687396717818,0.25389886902150316,2.54345461756613,0.4587384700443291
-0.009524042193009423,0.0049279991018198405,0.008183553772289201,7.674070041320229E-4,0.18618423367753542,0.2314838379052281,2.5384531949967832,0.4784658760743365
-0.009504392311766918,0.004923918987353808,0.008173328274916382,7.973800303024376E-4,0.1797593781792495,0.20939641099191916,2.5330942178585327,0.4977715735570362
-0.009457591405280645,0.004934557199727319,0.008171867158595204,8.74434503950355E-4,0.1658188044829885,0.16161241510645827,2.535811012860823,0.5478963921067872
-0.009483526971777703,0.004917681835375241,0.008160019007552628,8.28470895913721E-4,0.17292546988770804,0.1855524818330749,2.5257227982652446,0.5178452022521948
-0.009466882876664086,0.004921295656123535,0.008159240483300615,8.557250085837076E-4,0.1680165488822016,0.16854546715825158,2.5265091753814444,0.5356149189158921
-0.00919837930780018,0.004942437117717079,0.008081357939153091,0.0012795107468981306,0.09012751811780248,-0.11367591716350656,2.4945095833010456,0.8145815609369812
-0.009259402658254071,0.004946751116979574,0.008113304887533918,0.0011880485974012282,0.10709985215956093,-0.047970959466973745,2.5117112536621033,0.7534822478146461
-0.009220024312071964,0.004946906800341393,0.008096341189220384,0.0012485325395051785,0.09602984988828375,-0.08989183993880626,2.5031822830176043,0.7937032089439747
-0.009242592584340887,0.004944294012389316,0.008103236041181587,0.0012128238615249614,0.1023430954824218,-0.06636452937462635,2.5061224327354457,0.770048459172063
-0.009276365284600381,0.004939636975853697,0.00811213650977053,0.0011589509841861436,0.1119272927558752,-0.03126279079986547,2.5095332869015086,0.7344351479957613
-0.009324285069221025,0.004937709721096375,0.008129081307181764,0.001084124894873938,0.125731511062223,0.01950210522177408,2.517325743871272,0.6850264635769605
-0.009303878094546848,0.004932637399012143,0.008115170739249973,0.0011136991384780926,0.11970160188868048,-0.0033149052665779615,2.5094169911612347,0.7046902240250095
-0.009439452835100073,0.004930723403994884,0.008161664369293373,9.017896714697675E-4,0.1600431744745163,0.14127283055246684,2.5303402433139124,0.565668338432228
-0.009385504780566057,0.0049304541805378094,0.008143221647898956,9.862026700326312E-4,0.1436800026237794,0.08343831258149,2.5220887052827106,0.6207954816900659
-0.00941902434066147,0.004926541746136041,0.008150118317912416,9.324705455442073E-4,0.15363808318923897,0.11845258442024521,2.524117576089612,0.5856738788320116
-0.009400622329715495,0.004926897979097331,0.008144324550165805,9.613658100489001E-4,0.14810457894893833,0.09883950395849661,2.5216344301114115,0.604560885743604
-0.00934265527774084,0.004931616753691131,0.00812899131701571,0.0010533059714452932,0.13100541326823326,0.03786716224879349,2.5157884681463156,0.6648563030139023
-0.009366993264234872,0.004925248832160694,0.008130558959463477,0.0010131699366170029,0.13802358776140766,0.06253115450647695,2.5149178702061037,0.6385567739632884
-0.00880180223624865,0.004953257270255704,0.007867836553450998,0.0018636240341670387,-0.0032513965851952774,-0.5257729253378024,2.3728294520645217,1.2141241348855119
-0.008826520594522342,0.004958843942642442,0.007890708170622304,0.0018329750844712643,0.0011639203266659932,-0.5001717839432225,2.387809189317158,1.1921002845333977
-0.0090551395602097,0.004933172156063595,0.00799927675958479,0.0014891802658799054,0.053323164051509546,-0.2661465914191596,2.4481789891132686,0.9567722793242727
-0.00904107238577485,0.004940447666254531,0.007999968937495532,0.0015138078716666638,0.049607641498606705,-0.27988140861744365,2.449823028888694,0.9730734694055867
-0.009025696953812666,0.004939395465360077,0.007990296445848914,0.0015357813967952474,0.04592020284877635,-0.2960986922852373,2.4441477553829323,0.9881686821382666
-0.0090084676883137,0.0049429503460710535,0.007984708531307795,0.0015629627756446592,0.0416966920686902,-0.31363379677178654,2.4415457339314823,1.0065149786140857
-0.008878149641740387,0.004943435598368971,0.007906987980213755,0.0017504014007765753,0.01276235302286805,-0.44852764162566866,2.395590932609258,1.135949523014501
-0.008849006717034062,0.004948012042673448,0.007893363703102034,0.0017943440725696673,0.006409573599352655,-0.477989521261507,2.3879222342061897,1.1661283667039146
-0.008970487744967939,0.004955698040948199,0.007977385291582555,0.0016256301676776665,0.03215072312629405,-0.35170196620942334,2.4394106546823546,1.04853281005369
-0.008990646709544371,0.004947144984860408,0.007979337830915504,0.0015913350321494046,0.03728138719938764,-0.33171449863673835,2.4391493726157147,1.0256654416809179
-0.008954376924782157,0.0049388355163363495,0.007948674759994926,0.0016389581556891513,0.029506690358645456,-0.3703884584100292,2.419867590987861,1.0591297502414965
-0.00893287564326536,0.004939563089885505,0.007936598345733443,0.0016702337495946337,0.02467209537450545,-0.3925552447585414,2.4128256364499845,1.0806744226081098
-0.008906269241165344,0.004942000295106002,0.007923035891055115,0.0017096707302307198,0.01881548057656764,-0.4197619913839294,2.4050877832875135,1.1077888492544676
-0.009074465384885828,0.0049280507879224875,0.008003712566311274,0.0014579988939193687,0.058265666755098096,-0.24663405847483588,2.4497775671665507,0.9358685606068581
-0.009056950398313075,0.004908113643324053,0.007971706121305355,0.0014730894019417205,0.05473649287598958,-0.2676101087322369,2.428227684728697,0.9474591860641307
-0.00909609568356326,0.004925389880883153,0.008011932584144786,0.0014246650815777499,0.06371798171636613,-0.22436354149029816,2.4538852743803443,0.913379321379594
-0.009119787144925822,0.004926249969570192,0.00802495494863012,0.0013899514843980446,0.06969921932988049,-0.19937524161644152,2.461222035103491,0.889794305030672
-0.009143028478816474,0.004931749261991614,0.008042783137003589,0.001357980814445954,0.07554322436012821,-0.1740612622358274,2.471953121838606,0.8678816053907558
-0.009165661098891914,0.00493595750905721,0.008058562998474609,0.0013260092292954205,0.0814445969282565,-0.14945681437478128,2.4812164154591585,0.8460972952985566
-0.009184228938394257,0.004928078455978871,0.00805821903417958,0.001294304172300906,0.0864709416713067,-0.1311647259855884,2.4794707173370134,0.825197733761149
-0.0071312176545628506,-0.005503435291347014,0.006545727898643112,-0.004162680259480921,-0.06646692928982556,-1.9567501004511347,-1.3805590871249411,2.7447945864921377
-0.007156151940921623,-0.0054710320223204465,0.0065593203222508115,-0.004103951593617357,-0.06968773184899282,-1.9298259402358837,-1.394861933813313,2.706259123943292
-0.007159539153066137,-0.005439898662389124,0.006543312758663838,-0.00405886877927551,-0.06938433098331219,-1.9105379978735961,-1.3858021666296874,2.671677356504922
-0.007343896938125203,-0.00538231761614435,0.006754197975969774,-0.0038706260616580947,-0.08903516123977957,-1.8084240784244578,-1.5564562170468397,2.5741371503241797
-0.007309157089986744,-0.00539292432737197,0.006715191567699689,-0.0039072039072359155,-0.08565642604648462,-1.8291779545265634,-1.524814132193577,2.5942514897478834
-0.007261188016317907,-0.005404151121447738,0.006658198151897499,-0.003951966699502874,-0.08079803949923016,-1.8547411333193795,-1.478922254108305,2.616981457780568
-0.007187607252453439,-0.005418240743045112,0.006567482394519275,-0.00401372098724006,-0.07289225102479446,-1.8890112081269257,-1.4068555378402612,2.6447154735306735
-0.007218025491256672,-0.005398810036411141,0.006595776891325375,-0.003970046987195097,-0.0757723987915608,-1.8676609223326945,-1.4307633910777189,2.619420526243786
-0.007007794597212364,-0.005515354188754446,0.006378361044883611,-0.004238822570549556,-0.05072474375908699,-1.9954585442838195,-1.2491298501623955,2.7629407538592523
-0.007055224557731987,-0.0054977116363814395,0.006434713212026822,-0.004192197489925087,-0.05689020092862875,-1.9738430161703022,-1.2948685346512707,2.742746210420819
-0.007091303880803394,-0.00548311938397125,0.006476336093455162,-0.004154251015355034,-0.061230988178925624,-1.9558766743743363,-1.3287363657979108,2.725060565106756
-0.007023359983706422,-0.0054718025867221505,0.006374351125836862,-0.004170645503713125,-0.052922073361464504,-1.9657963458299244,-1.2522254837039222,2.715380489479341
-0.006957518356867158,-0.0055031183465289535,0.006300344345082076,-0.0042431489287375725,-0.04429002251521937,-1.9977344244554442,-1.1918802963627089,2.748292710781833
-0.006800186109233137,-0.005605766725111188,0.0061305914767639325,-0.004446858118756184,-0.020154286374083178,-2.080515424725301,-1.0485643710894441,2.843735285326716
-0.006912435519770808,-0.005501501310806238,0.006236227810104063,-0.00425901500276646,-0.03901307589366123,-2.00385920748524,-1.1444068754663068,2.7438256179451526
-0.006878884738512534,-0.0055282224237592215,0.006203366786550265,-0.004309302954192504,-0.0339061648438786,-2.0245854043025875,-1.1157759653004813,2.7695797534183693
-0.006841444527468391,-0.005565674963109806,0.006169671818417159,-0.004375782518138901,-0.027603499409547805,-2.05188779601402,-1.0845282798976246,2.8059352348461903
-0.006678231907025742,-0.005683026943845582,0.005989261098333819,-0.004592892460676844,2.5931738697234318E-6,-2.132724632874392,-0.9309410407985191,2.9011329202682394
-0.006737899571764849,-0.005619215271225445,0.006047332751754938,-0.004484842075613425,-0.011906392718178437,-2.091806222255183,-0.9858402648860355,2.8457407997601343
-0.00669567941242447,-0.005638804470222679,0.005995408005377173,-0.004524418426293999,-0.0054159191607997875,-2.104629649201447,-0.9448556421499046,2.8569280825325456
-0.006744551205933228,-0.005572870476345922,0.006035492243345431,-0.004416840038842529,-0.015036971880018683,-2.0628100474855793,-0.9864552679470192,2.797011162275288
-0.0064351757074487285,-0.005822056785585594,0.005683923201737126,-0.004837669003126969,0.04306037770041571,-2.1972621521742894,-0.6870378351837491,2.959899412262996
-0.006452017746325939,-0.005763021571326774,0.005690252060154038,-0.004749832146172803,0.034807496886953164,-2.1633469285386417,-0.7073934386834706,2.9050597705438403
-0.005865371876906078,-0.006169085163453596,0.004911835756666789,-0.005311658899293962,0.14128844161652288,-2.2062010417932867,-0.1313292098546853,2.9190619202141352
-0.00592384632083448,-0.006109348781070867,0.004992812031795244,-0.005237138702761309,0.12860020278790574,-2.2026347957311674,-0.19370122261043973,2.9146884192690043
-0.005957743842231951,-0.006029851017056139,0.005035897784322965,-0.005129981732443504,0.11419843623391591,-2.1768982546528384,-0.24528117272486247,2.8726633994530903
-0.005778840625848391,-0.006158152289350023,0.004791654617124612,-0.005280290393607842,0.14267847584459967,-2.1633400871776267,-0.0825836832583859,2.843864429955739
-0.006358253817608407,-0.00582208816591255,0.005571887643053973,-0.004844191253073158,0.05173130597958586,-2.182426081197099,-0.6153396986000116,2.9220620807985154
-0.0063006421496532685,-0.005828070848147813,0.005490533931068945,-0.004856147012035074,0.05843715977010472,-2.1733349183804442,-0.5633219251565376,2.898700483067887
-0.006152065709269915,-0.005970431932254276,0.005305179807122331,-0.00506108615722002,0.09112743732226757,-2.2140138887286653,-0.40923255986651835,2.949981279427254
-0.006263985950860782,-0.005871658147550581,0.005447938850883683,-0.0049199877682946465,0.06772728508670468,-2.1898871016472623,-0.5244305008901212,2.9216889504767534
-0.006201126561406443,-0.005917849439112451,0.005366885505530391,-0.0049867321489868695,0.07943473494099801,-2.1992004967962626,-0.4622219561804694,2.930069360549926
-0.0060764670200409605,-0.005957636925095794,0.005195413383450414,-0.0050388881436155344,0.09520633755457451,-2.182343607519666,-0.35350508085966864,2.889547421384995
-0.005989451992227466,-0.005953988210160893,0.005073380994524688,-0.00502764743659996,0.10134458763169973,-2.1507807297111845,-0.2912223389205994,2.8304793275705404
-0.006617920709640582,-0.005686359457135045,0.005902999863703302,-0.004611353259960805,0.008224879617435515,-2.1326329509142288,-0.8694781263736963,2.886362307485473
-0.006562433541527763,-0.005698268701062249,0.005827453258459439,-0.0046395375699121,0.015518795015894163,-2.136211828840853,-0.8149895541038277,2.880442059656525
-0.006463800411717107,-0.005710763724040937,0.005690469927438739,-0.004673335606711487,0.028939167416083888,-2.133140177267697,-0.7209782015720901,2.8560049444536486
-0.006505254974383684,-0.005675806969529289,0.00573767043395241,-0.00461736866246809,0.02046503106070698,-2.117029368687368,-0.7602622009463865,2.8362565285447547
-0.008681149983435563,-0.005006018666326927,0.007840638061463139,-0.0020669429854961625,-0.02977257175877782,-0.6455570739520754,-2.362521850766129,1.3520020058545035
-0.008655055433775446,-0.005016146972971272,0.007832164097573832,-0.002109998932226673,-0.03510957740654363,-0.6716353344111976,-2.3583422199091406,1.3814768340653802
-0.008447769171048251,-0.005042413483826397,0.007690848466354956,-0.0024024928158453717,-0.06639376696668169,-0.876668534169937,-2.2665128563057126,1.587966232871879
-0.008530914741897088,-0.0050424344207126775,0.007761945732338888,-0.0022959348658713324,-0.05641214847270789,-0.7955275884568715,-2.315059516024467,1.5113316069089964
-0.008504796396225431,-0.005047962908032792,0.007746039953019395,-0.002334491555703675,-0.06037909925690033,-0.8213709425144987,-2.304953204134438,1.5383818453177989
-0.008481661543830597,-0.005028708731485897,0.007705349082750176,-0.002347749731132402,-0.060944236810731696,-0.8432943672260403,-2.275040041304445,1.5500901938791527
-0.008543317062041238,-0.005020620425782715,0.007748286906319807,-0.0022617138133023415,-0.05212733064692922,-0.782895928967468,-2.3033616419090706,1.489216682721563
-0.008633113312561077,-0.0049996058325596105,0.007796894495497542,-0.002126722399707705,-0.036921695154466194,-0.6938950596309305,-2.333247017655985,1.3951060267272684
-0.008569597401432085,-0.005011221338892563,0.00775943724319924,-0.0022197885523398274,-0.047568289048588015,-0.7568936998546559,-2.3097824092124046,1.4602385319649114
-0.008603189718355343,-0.004998509495205254,0.007772306337425121,-0.0021655296358376384,-0.0413675763651593,-0.7236779161989516,-2.3169089527255315,1.4229188831885575
-0.0076141136597439015,-0.005309724614514776,0.0070496628096136235,-0.0035758279121826894,-0.10895486059790625,-1.62829510949166,-1.7945013550669995,2.3981938002892877
-0.007637525321579218,-0.005287746009120127,0.007060161891746748,-0.003528608302566022,-0.10881040046922075,-1.6041702192373466,-1.803094704701668,2.3657349170533934
-0.007523389517216483,-0.005374018050742731,0.0069870193541967255,-0.0037316609567041334,-0.10628567525687536,-1.7123094369708858,-1.7429110986768863,2.5033054148499794
-0.007487781671675572,-0.00539174968139856,0.006954560988525503,-0.0037823389752764613,-0.10417892179569553,-1.7411537881701022,-1.716245448101369,2.5361448730886806
-0.0075289482476255404,-0.005340140370907321,0.006965916643950918,-0.0036829523794649913,-0.10438212483936757,-1.69306413395013,-1.727099772595865,2.46663439484428
-0.007551832702696699,-0.005318642536984544,0.00697757672929951,-0.003637332492980818,-0.10498619381839726,-1.6698916958191263,-1.736955705236911,2.4355306637062184
-0.007575957678184788,-0.005294841039123355,0.00698843848136252,-0.0035878254226608384,-0.1050516802390312,-1.645015266868718,-1.746132860821793,2.401754034438134
-0.0074436227266110235,-0.005374526636276585,0.006881650266242863,-0.0037918416204153304,-0.0987112604909376,-1.7564035715058421,-1.6584133509755234,2.534843893380341
-0.007408296988862506,-0.0053507509495476545,0.006816055027812132,-0.003785195495063895,-0.09388756918468473,-1.762203190486368,-1.6074208958600331,2.5225091401929065
-0.007368742372441313,-0.0053544746574210956,0.006766468949766532,-0.0038170079961369558,-0.09032922874940653,-1.7827787525992902,-1.5679485596210454,2.5384504230626916
-0.008167174570819509,-0.005154467082393707,0.00754211242004487,-0.002847694381752096,-0.10235817786256542,-1.151314276963709,-2.1702588949494928,1.8986955614360814
-0.008115553463079808,-0.0051769773453903606,0.007511393962665011,-0.0029298271158101786,-0.10706033222105864,-1.2015623028113713,-2.1491651738700814,1.9563096012023975
-0.008141740540406131,-0.005164621999460005,0.007526217492411647,-0.002887246988618156,-0.10464415050356146,-1.1759428653656692,-2.159285828648184,1.9264951188820538
-0.00821816754788299,-0.00512788489082498,0.007566240114331108,-0.0027616723784192275,-0.09647639786143702,-1.1008132312552965,-2.1858441868236542,1.8386753427448888
-0.008191560599581036,-0.005141996367882921,0.007554114154821624,-0.0028068332609882704,-0.0995756897090773,-1.1271888364210725,-2.1781037601835282,1.8701346718380165
-0.008167951002381654,-0.005129288485188749,0.0075167755597931275,-0.0028208917356797804,-0.09919837637215198,-1.1462135570302223,-2.1497168914003164,1.881114957805605
-0.008088218542272636,-0.005158746062843359,0.00746358930633536,-0.0029407546627109597,-0.10565184062165879,-1.2217549705059676,-2.1122203138715387,1.9650239934071247
-0.008056198586787383,-0.005139792225639916,0.007410289232449327,-0.0029552028132316583,-0.10389322346018078,-1.2449024542398517,-2.070899651828381,1.9760234358601159
-0.007997714770563961,-0.005142594447567657,0.00734976186734452,-0.0030197760854686288,-0.1050139873599319,-1.293634130303836,-2.025349892218257,2.0211072770234106
-0.00802207527951222,-0.005122129895701863,0.007356230284789367,-0.002972281882981605,-0.10233700404706436,-1.2688397972843093,-2.0292704999771707,1.9884655506330178
-0.007700483682502597,-0.005284635740593052,0.007136016594324157,-0.003470738035129375,-0.1125961334696426,-1.5615027097815,-1.8631206491522974,2.329587897837825
-0.007732075306216552,-0.005275861151874265,0.00716706485384602,-0.003431851942970417,-0.11330944276886536,-1.5363898047613798,-1.88757428657144,2.3038140681486787
-0.007743822995817222,-0.005245975182274763,0.007154236918426228,-0.0033848221152030017,-0.11094740203178861,-1.516960424520799,-1.8772509918143392,2.270251489718009
-0.007773392903195824,-0.005233442203607244,0.007178480152057953,-0.0033428854864846883,-0.11110045789665758,-1.4916988491843035,-1.8960695104394658,2.2420274313580397
-0.0078061213401297265,-0.005222412744599283,0.007207334223173108,-0.0032994770186237678,-0.11127533681284703,-1.4644044413448887,-1.9184055445865498,2.2128102558505804
-0.007959377885014362,-0.0051313552199646955,0.007296877326731926,-0.003046569059888166,-0.10391964871132889,-1.3209836644518,-1.98478422347195,2.0395526504449184
-0.007918839527016521,-0.00514129739554334,0.00726133953977446,-0.0030979229695927975,-0.10496990843280134,-1.3549656074092888,-1.9580249339279516,2.074581018288919
-0.007894972273452015,-0.005161343555599086,0.007253333694240724,-0.003143863528991664,-0.10676113892231634,-1.379014543578402,-1.9524663259546755,2.106144097225921
-0.007825622681829715,-0.005183258791128866,0.007194105697240937,-0.0032352979494958264,-0.10753454412297384,-1.4371645930168975,-1.907355521816095,2.1680401860767717
-0.007863539886908301,-0.005165629473789813,0.007221551331892335,-0.0031790786422534194,-0.10686767753963859,-1.4038158375463696,-1.9281204201885667,2.12994292812697
-0.007661973216784377,-0.005258219968399323,0.007064897529397415,-0.003471250896812745,-0.10768806064206958,-1.5763793569124274,-1.8069807043531207,2.325836044981886
-0.008219474038069621,-0.005093569331633092,0.007531794852215226,-0.0027259353092478184,-0.09206837909110425,-1.0944283203656198,-2.158017515615212,1.8156175527162939
-0.008426516520204012,-0.005012417314966074,0.007640127949156862,-0.002402723465375515,-0.0652436066981356,-0.8948675207956353,-2.228361629109957,1.5910302450864355
-0.008394275900067203,-0.0050144568680423485,0.007613775446215263,-0.0024440600528842817,-0.06888711092861542,-0.9251635903820586,-2.2100958692313237,1.6203721600404821
-0.008254749464913199,-0.005082404182849001,0.007554853295846903,-0.0026740112220783757,-0.08855351133595103,-1.061037256474217,-2.1738680527614895,1.7792920337402738
-0.008289785284473631,-0.005074979075381294,0.007580877398777718,-0.002625606281558895,-0.08514929328240516,-1.0281253484599535,-2.1919858199020577,1.745179787700991
-0.008301581569434564,-0.005047677207888083,0.007563546955684164,-0.0025857401064051906,-0.08090419920560722,-1.0139356984061687,-2.1773338638389523,1.7188302855876612
-0.008361723064063955,-0.005021896070088668,0.007592289198152279,-0.002490167596774985,-0.07283868123882171,-0.9559811257471972,-2.1956240438866703,1.6526508215471372
-0.008329758579816686,-0.005034794220036821,0.007576452943878607,-0.0025402801133409896,-0.07720830114674611,-0.9866972113607925,-2.1854890512447724,1.6873623300445841
-0.008730420261596893,-0.005014118789682385,0.007886119939044913,-0.002005281308494843,-0.02207763783551395,-0.5949930419859645,-2.3926718998129473,1.3074203385562873
-0.00875005798840111,-0.005008704973186636,0.007894143917198773,-0.0019741005614896333,-0.017932191071310027,-0.5751648245356598,-2.39695305472629,1.2860241123428262
-0.008765685610287966,-0.004997854984773783,0.007892971445660391,-0.0019446343570444556,-0.013999836191906702,-0.55979162786136,-2.39470717106812,1.266429203680307
-0.008783747318161736,-0.0049960414329006594,0.007903556067738605,-0.0019181355765867645,-0.010386513158826301,-0.541373137875058,-2.4010414831168476,1.24801030553148
-0.008801359273918319,-0.004984552573824654,0.007902698243692234,-0.0018855490332738854,-0.005961776852888224,-0.5240973343012368,-2.39889413784886,1.2263504404856886
-0.008821955479922311,-0.004976907172976535,0.007908007989141777,-0.0018514533164418793,-0.0012715142931114653,-0.5035058000082387,-2.4010676571725837,1.2032498150262245
-0.008845911176316341,-0.004967606687048644,0.007913404064939651,-0.001811527172986926,0.004300956414280439,-0.4796138260252368,-2.4030282525933697,1.1762768792744545
-0.008871070502142505,-0.00495776303781006,0.007918617525074478,-0.001769566502657845,0.010236298700774277,-0.45455908595138,-2.404758530618983,1.1479690739777917
-0.008708416444800969,-0.004994905322397703,0.007848458628075233,-0.002021540067706712,-0.02400826697323666,-0.6183634008822426,-2.366097595847284,1.321042281266932
-0.004864217207510496,0.00687258724646266,0.0034736398033009363,0.005866342147253396,0.22652487189506137,-1.8756286155191972,-0.5971456696172711,2.4243905661571996
-0.004932537352400079,0.00670357103766214,0.00361407803624312,0.005703038231337621,0.21001338887584362,-1.8960036765899677,-0.49235592979560433,2.4401417475734433
-0.004870235190146419,0.006757906344365092,0.00352413157437591,0.005738985395158709,0.21252360843173151,-1.8708042809598768,-0.5300375130297627,2.4057820593105133
-0.00472917955500865,0.006884744046189466,0.0033186655165223108,0.005817894864418874,0.2159602587982252,-1.8103013013911113,-0.610960860207414,2.322520819729728
-0.004593576669260021,0.006907155230710898,0.0031645240061348597,0.005780561346856723,0.20569972855549581,-1.7479260460529635,-0.6260884525285001,2.2279746039424375
-0.004462778704857793,0.006925282492645706,0.0030224059700531877,0.005740929621977736,0.19498434105996806,-1.6909910163192963,-0.6346585948504049,2.1421503878771926
-0.00434057353158837,0.006967037263805648,0.002883462167891988,0.005728508111022174,0.1875323712642957,-1.6393054880258215,-0.6519649451549866,2.0678197896936346
-0.007203966927507216,0.0054071998218236635,0.006582339995178471,0.0039894736138942136,-0.07418616169022609,-1.877287234270453,1.4193559236490847,2.6305682635595957
-0.007957450711899003,0.005123145659473583,0.0072869420649865685,0.0030394586820034586,-0.10293800141317837,-1.3203880464153335,1.9767558087530368,2.0348271644685245
-0.007919669265699966,0.005137360472741792,0.007258560696597422,0.003092727935578916,-0.10420097412123154,-1.3533045537929154,1.9556147950081113,2.0710999912875843
-0.007884493102533684,0.0051607843867735835,0.007240924997223597,0.0031534081167693536,-0.10639648774646292,-1.3868063606695233,1.942828516227603,2.112622516575835
-0.007888040576105555,0.0051200254604101695,0.007207091271239615,0.003104062177635219,-0.10228758869726537,-1.3716584468446817,1.9158719066206191,2.078114260373969
-0.007841432482009766,0.005170794158179278,0.007200946086102485,0.003206000052719825,-0.1068288389742766,-1.4216502961930166,1.912266390245675,2.148006647921892
-0.007808902830236257,0.005189178112954891,0.007180039851997107,0.0032577873520404266,-0.10764304857132041,-1.4510504374186708,1.8964378779566309,2.182994814326688
-0.007771741434711001,0.005181815559984896,0.00712978673282793,0.00328310121847528,-0.1057977631507475,-1.4745464815379672,1.857467408342001,2.1988408591451853
-0.007219028930658483,0.005360712266892693,0.006571108512809697,0.003918078704794512,-0.0749681656232958,-1.846439887626117,1.4151600981284245,2.5796774062360446
-0.007729375025724752,0.005182113945850217,0.007080005901002661,0.003321042863820276,-0.10423208824555776,-1.5030898580295962,1.8189692687511678,2.2227772398144974
-0.007610963858755357,0.005229584934876114,0.0069774304776791815,0.0034780473077177174,-0.10216647011732512,-1.596239823359898,1.7386926410024153,2.324894976773486
-0.007617560657440721,0.005197367297720324,0.006958647380775474,0.0034332675420771256,-0.10024435819188082,-1.5786975276913369,1.7247958526454135,2.2924975748631
-0.007680173183605612,0.005186763725991722,0.0070253542655736734,0.0033688196404907255,-0.10273463972041938,-1.53645553050069,1.7765993392001977,2.252699139374993
-0.00763805247501341,0.005181880064569428,0.006970583816252822,0.003397895025142357,-0.10026179734251665,-1.5602169027590391,1.7343092111312957,2.269131404423474
-0.007244682568302274,0.005308892185723875,0.006569937072674075,0.0038344862824003264,-0.07601161093938648,-1.8096655933456378,1.4186895162646171,2.5227879054403464
-0.007572435823362839,0.0052468807152344695,0.006944011524958172,0.0035301821308082984,-0.10112854718635657,-1.6261563176455593,1.7122228916881392,2.358256440088239
-0.0075224192411007815,0.0052481595416750595,0.0068823988715864814,0.00357028863474497,-0.09784528507957778,-1.6545358235356755,1.6642290518103138,2.380532591595944
-0.00728262877530365,0.005283361427252191,0.0066019578545525506,0.003778461791517137,-0.07893279161295093,-1.782283421912679,1.4451751314427304,2.4897394357631026
-0.00732808983391719,0.005293366695013705,0.00666807171036493,0.0037631671410811455,-0.08370256180141171,-1.7693028233683654,1.4950122984164695,2.488511690124064
-0.007377747992714532,0.005293269231303454,0.006732483180109344,0.0037306843358543415,-0.0881365076589974,-1.7475608565285294,1.5450891477725457,2.4743344724886365
-0.007468383280730468,0.0052450551029038775,0.006811890164248194,0.0036061587389140215,-0.09333815725838478,-1.6812623232312907,1.6092834841524346,2.3982413509119875
-0.007417500539032528,0.005270137584609184,0.006766394118254978,0.0036738713756865635,-0.09088105919678711,-1.7179212701429372,1.5727147859900763,2.439542468124779
-0.007114520814288182,0.005467222504723664,0.006498666273126033,0.004120368044883453,-0.0641707960751623,-1.940067273621646,1.3480063868548997,2.7060432024392505
-0.00715342907692553,0.00542629125076977,0.0065259102193425044,0.004043377555659728,-0.06882875994778176,-1.9047453939245924,1.3736127114533276,2.657930978645435
-0.007059630099332653,0.005460291225233559,0.006417862371388485,0.0041377577750238495,-0.05762578073480217,-1.9505108690845037,1.2866400069206365,2.70182579557109
-0.007016905235066753,0.005458962472345718,0.006357761516502117,0.004155748560946772,-0.052753686725190055,-1.9594744227487133,1.241444422423063,2.7013414081412375
-0.006807096547430594,0.0055569375594481055,0.006116435697531547,0.004374886333054276,-0.023735742482331696,-2.049549379019245,1.0475447627695245,2.791280088257135
-0.006977676888329159,0.005478790942843674,0.006314735794679007,0.004200567114278472,-0.047385054548904085,-1.9792897358175312,1.2062160068955328,2.722371216109006
-0.006924493254790335,0.005481544176766922,0.006242176292840338,0.004226363873768366,-0.04089704568008875,-1.9901220249414102,1.1518437326200595,2.7232268136802884
-0.006873664209424405,0.00549377886293476,0.006177961922468334,0.004262891047177823,-0.03426366867259844,-2.0044672159390555,1.10278259395334,2.7322446108112364
-0.006827084076160278,0.005513089000732906,0.006122833115649865,0.004306490941860179,-0.028131898514428787,-2.0210527880286278,1.0597205193670864,2.7473217732100466
-0.006755270655380386,0.005562253276707696,0.006045699815971853,0.004398659177773365,-0.017035299929641045,-2.0559149161557397,0.9957205495422583,2.7879451152149817
-0.006698460636730255,0.0055715165045662025,0.0059698288364160275,0.004427935334793755,-0.009563816449671102,-2.0631491072769115,0.9404481008221374,2.785894657951662
-0.006636876626824634,0.005587312394585247,0.005889978224457,0.004465848561733136,-0.0012459273002365838,-2.0722972497562107,0.8821318042172087,2.7871702020798885
-0.005364122295353001,0.0064384904972674736,0.004210392811788329,0.005542632067741177,0.1918163313087529,-2.0630521536403728,-0.24565730410598666,2.6855626261164542
-0.005407407724328503,0.006356982061061944,0.004280380302002753,0.005451894985411594,0.17920002836636398,-2.061364144976139,-0.18820051239853477,2.6788478748527007
-0.005264620266775415,0.00645885138231032,0.004080620054378529,0.005535093417645887,0.1922651744944378,-2.018523145907238,-0.28837962584026466,2.6149157321038987
-0.0049304607150411775,0.006595174448306792,0.0036459399149299143,0.005577692822216339,0.1959737108562848,-1.8821896559703044,-0.43399400120721326,2.409573163346032
-0.005050366681817167,0.006550608799014147,0.0037981333135874884,0.005570548669322707,0.1963164884548698,-1.9323671563393405,-0.3894618284245936,2.484458420438156
-0.005157021653869468,0.006491401060568963,0.003940967809635835,0.005537964192379494,0.19304155959509203,-1.9729809736253354,-0.334548419242135,2.544357294843969
-0.006572667772830147,0.005612092827816565,0.00580963715789275,0.0045149354953523705,0.007985468749316963,-2.0844646548214016,0.8226494753953543,2.7942011363766706
-0.005393889757241842,0.006259311383616385,0.004277464782759516,0.00532408185562152,0.16453137799873566,-2.0266837439972676,-0.14586218270297188,2.6178400042063434
-0.005930511503841659,0.00608279279777753,0.005000964753391123,0.005200657437410921,0.12321569728550841,-2.1925063130498033,0.208556020067189,2.8977105834186005
-0.005995808443862989,0.006053891253981876,0.005091246739830131,0.005168069539077583,0.11539773058407875,-2.2037335761942747,0.2643628700741965,2.919927222528233
-0.006059756659751102,0.005947201297468244,0.005170537999815413,0.005023066338172886,0.09507108686076614,-2.171192574151148,0.34373086039486084,2.869446232141724
-0.0060024835990365654,0.0059846392078782285,0.005094561608369832,0.0050712418409803485,0.1040438152667658,-2.1708978578706035,0.2916667826088045,2.864761020824894
-0.00557144542145353,0.006174972348876802,0.004513611710848432,0.005259593597094375,0.15114762187873854,-2.078598705437434,-0.03333227090707109,2.7003764836987894
-0.005483087220875719,0.006203574059149682,0.004397140708236941,0.005275986692366118,0.15639977560266374,-2.049199811275232,-0.08518689832772565,2.652872171603829
-0.005739855089966243,0.006117527291784225,0.004739245484999539,0.005217758421042134,0.1378245371566071,-2.1291799435464416,0.0769713339916407,2.784752981322956
-0.005654940675524442,0.006142417843330029,0.004625154295987034,0.005234571342383654,0.14390977579407918,-2.1030764979972782,0.021420440409586263,2.7408715318808348
-0.005809122874374667,0.006070139661535775,0.0048329065075244865,0.005165349982671753,0.1276451766175398,-2.1374271566912717,0.13545102282250954,2.800360025248725
-0.005871502791506176,0.0060466250451646835,0.004917372785653435,0.005142433198091565,0.12196814137254305,-2.1516683987690164,0.18260657728605817,2.8260885312904565
-0.006360852794508588,0.005802735433381375,0.005570439298601408,0.004816103854723462,0.04949887858427272,-2.1713414991010667,0.620053511260024,2.9036871299384654
-0.006505282464354034,0.005646192159076542,0.005727424098897416,0.004575534024764128,0.018047423707814425,-2.0994113537951393,0.7608292398210458,2.80640505162664
-0.006389231122552835,0.005743675693140146,0.00559448549829445,0.00472921307440543,0.039889304400628815,-2.1415798010913645,0.651291681890357,2.8578413873687434
-0.006434674848354265,0.005681516404863884,0.005639935247493371,0.004635947794561932,0.02872044599198775,-2.1120353731043644,0.6959003389933275,2.8153484523754284
-0.006288059726584286,0.005804259861083868,0.005466857750443584,0.004822852119045957,0.05675582040545921,-2.156771928436506,0.5562868093790413,2.868730951939625
-0.006196583170616604,0.005813235658443097,0.005340147577659813,0.004838546680179555,0.06652408957762201,-2.139778400488606,0.47952212338352845,2.8295731747080954
-0.006136926699402459,0.00586217104185577,0.00526594861362096,0.0049070055693798695,0.07809013021296493,-2.1500013455873828,0.42341494026889503,2.8405693093363134
-0.006067908435249421,0.005876065560728294,0.005172232456688636,0.004924513694706097,0.08511046751723474,-2.1369928657812056,0.368005767678849,2.8129949847229643
-0.004224253035540861,0.007006881456029877,0.002754606738628806,0.005715742917474959,0.17974142583968053,-1.5919872792684535,-0.6643268394343232,1.9988068951602715
-0.004124219987921339,0.007063508179706286,0.0026367925515925674,0.0057244220324542,0.17352012498916655,-1.5498161349448705,-0.6831798850713865,1.9401821010181786
-0.003996896421077863,0.007115825808472453,0.0024989360195000324,0.0057154699225739096,0.16463349240222724,-1.4987737071772054,-0.6943898409694772,1.868479507054271
-0.003853592646424434,0.007180579953848004,0.002345959548137178,0.005708756261815675,0.15418680876058669,-1.4423096211231776,-0.7047437550281748,1.7893138317931923
-4.796469712200764E-4,0.009572877187235613,4.2247513004163696E-5,0.005646507732669947,-0.061098577723584645,-0.25772669207156657,-0.1663755108686049,0.27180641421404483
-0.00144269999767093,0.00957615005906266,1.3120543617611952E-4,0.005816258941313087,-0.05200154500997125,-0.2723621977946698,-0.5141466845282289,0.3155392556945264
-9.537786472042431E-4,0.009597219233610019,8.043141120888421E-5,0.005710369316598512,-0.05940167189587548,-0.2553099547808743,-0.3345216274402749,0.27834255399618574
-0.0027354455738062135,0.009124108929643234,5.65840275895452E-4,0.006246720331844496,0.014927019367419343,-0.5480747735216552,-0.9959096084973692,0.7069064231513416
-0.0023784041300243487,0.009162061174903844,4.556000825517977E-4,0.006083166644385807,-0.005970931957582053,-0.49465534285780005,-0.8492117103645008,0.6138698660814802
-0.0019879568013935153,0.009139071343482796,3.789694093522996E-4,0.005920425516910443,-0.01927538317313882,-0.4731062357464135,-0.6907291718498518,0.5599730683337047
-0.001636959209519471,0.009277447677713439,2.567094151794108E-4,0.005831109053601917,-0.034439109079245904,-0.39625089275496583,-0.5699850042633701,0.457743741423598
-0.0028917835199406164,0.00879173953134538,8.234679689748429E-4,0.006223629478020429,0.04384227128658601,-0.7176785012699928,-0.9936970304309822,0.9061643909102218
-0.0029457582481104104,0.008474257491844325,0.0010395226094326512,0.006120086860809102,0.06280411687828526,-0.8545798448686516,-0.9347924521348551,1.0596895488744449
-0.0030751545863420956,0.008163329179742433,0.0012847886573022509,0.006028445812313426,0.08410081552801017,-0.9917982576676253,-0.8896075334082384,1.2210688694235332
-0.003156992122486496,0.007919430369629596,0.0014657506108969368,0.0059269904237936105,0.09762967042411906,-1.0845549113625161,-0.8381807299345614,1.3294899725841771
-0.0033314404036674963,0.007803249986092252,0.0016388823685454055,0.005936452389186503,0.1139786944463149,-1.16062066661442,-0.8451683051357229,1.4313526950260662
-0.003422788351259039,0.0076320983418752325,0.0017914628048788064,0.005863198767966941,0.12168306247758624,-1.2285260541622967,-0.8058895959807604,1.513205177862577
-0.0035534014746739766,0.00750369634488504,0.0019514745723778323,0.005830805088979982,0.13465994514144944,-1.2932864949727942,-0.785750664951545,1.5978497349819998
-0.003693880551108956,0.007247071718287661,0.0021839225209139414,0.005694446623042081,0.1416058676354891,-1.3819242638859282,-0.7092186934889125,1.704254711986221
-0.0035188249379485754,0.007323761608969112,0.0020118075110737784,0.005679880482059558,0.12843124727507013,-1.3168166397792611,-0.7103063670189353,1.6147852032057257
1.1998241943260242E-4,0.009481031856343794,-1.2900704101404653E-5,0.005618222768520051,-0.05932761188889703,-0.28904793643612603,0.04092220436377699,0.30146087346527445
5.928503125225778E-4,0.009076165452989041,-1.1320064171854315E-4,0.005587081738640109,-0.042204158013093566,-0.4315609297211345,0.19483780739228077,0.46171680349923977
0.0030146287748729758,0.006483928227964473,-0.0019156357154474853,0.0048764648882581646,0.08832837613551152,-1.2875535932467408,0.39554824957336715,1.5272087348854877
0.00289501117711387,0.0067742333566729145,-0.0017501734914059624,0.005059940419415669,0.08472831768588406,-1.2385363963608256,0.4523185077927467,1.4673224782994245
0.002584998515233844,0.006922210927840915,-0.001493037023921287,0.005080326842029122,0.07171229736775632,-1.1623240309381309,0.4444472469782534,1.364878335283925
0.002291774750013483,0.007139629720113446,-0.001244256699321768,0.005144567031515688,0.05762174461279762,-1.080770674756649,0.4415856738620963,1.2584620407189069
0.001905987199070427,0.007379789335396939,-9.557036451102844E-4,0.005190956019237645,0.04053492830978107,-0.982144800218241,0.4074218524408373,1.1288733802397333
0.001676807724415973,0.007699032874214855,-7.55627112484279E-4,0.005304722804978537,0.02444518259343556,-0.888810405909169,0.40262876998350505,1.0117334003841896
0.0013690823458205124,0.008313809535185126,-4.705138208223035E-4,0.0054998549262809055,-0.002028233544615617,-0.7015931176265623,0.3921065636874292,0.7855740509554411
9.919201437597362E-4,0.008640118407240226,-2.7666105248985246E-4,0.005535439010462512,-0.021467618348344097,-0.5831482996338718,0.30399167163933755,0.6400466280192844
0.0013499855198452523,0.007846478477018054,-5.694890698401555E-4,0.005306631290881062,0.012364977795845835,-0.8218732764614859,0.33927150304704695,0.9254744699168719
0.003348490761126493,0.006022723147706556,-0.0022793332446152275,0.004588448828918133,0.09178404222822034,-1.372738078716816,0.3046274397090736,1.6346392532148246
0.003035723644394259,0.00612414853660311,-0.002011533728030849,0.004605817956579787,0.08417949242873903,-1.3109891925240904,0.31623785786040615,1.5510396595998819
0.0028468457059334876,0.006288061632432878,-0.0018344692908504566,0.004691683337240963,0.07931554956551215,-1.2714355204251528,0.33748553595993747,1.4977253380493256
-0.008638292759125293,0.004970901185828886,0.007769315205123964,0.002097754191646534,-0.03313313911025576,-0.6890551887885383,2.311707346620032,1.3776069515107434
-0.008772788618658616,0.00494900845750459,0.007843223678491551,0.0019006982998795877,-0.008300303489507803,-0.5553642162533086,2.3567892702791533,1.2405205439736182
-0.008744580252806859,0.004948543881342447,0.007822970838044764,0.0019388633802690867,-0.013411139863821272,-0.583736141386804,2.3438574706574724,1.2673907072925237
-0.008716145558673389,0.0049475990713763116,0.007801618384706441,0.001976625803757712,-0.01825257478000422,-0.6122026330670945,2.3300163403702645,1.2941129029492773
-0.008686511357115694,0.004944686909199012,0.007776831697115463,0.0020141491502069057,-0.022964147632977026,-0.6416938454422753,2.3135974915255484,1.3209248050234699
-0.00878742942112737,0.004920708579870754,0.007821960260690819,0.0018612703541270213,-0.003310753049097065,-0.5420001120128702,2.3396855435990336,1.2154223522121634
-0.008654620179087196,0.00494116729160978,0.00774929230154709,0.002053701332141424,-0.027701913239637322,-0.6731093920858416,2.2951193817380973,1.3492396240197537
-0.008399353469748887,0.005025723653471938,0.007630204790506982,0.0024479132822427673,-0.06963364686450457,-0.9214048572634645,2.2226248551245487,1.6221302881241153
-0.008582410597991096,0.004993260504686808,0.0077500801305891405,0.002188618123193085,-0.04388203697951643,-0.744110842081738,2.301483960418698,1.4399547468710032
-0.008563084086871021,0.0050003428920222075,0.007742277638456049,0.0022194812898119354,-0.04708400826726836,-0.7631293537134886,2.2970534909090743,1.4611969076692102
-0.008602196920122974,0.004972686259112212,0.007743308821659681,0.0021465312347077365,-0.0386878653981213,-0.7245396607859772,2.2946683121941978,1.4120940147393315
-0.008538296807104023,0.004993744803734113,0.007714927769058026,0.0022461178766483452,-0.04985270285929238,-0.7871694479913108,2.277884010863754,1.480955532964323
-0.008506290486003659,0.004991050507381537,0.007685566253004552,0.002284692085624732,-0.05362913063309143,-0.8178882058477545,2.2576316367417344,1.5087576200806507
-0.00847217906837976,0.004995675317374963,0.00766177160301114,0.0023315100720271505,-0.058340436965340366,-0.850621384884301,2.241761249022783,1.5417229053080528
-0.008443431737472534,0.00499786210327198,0.0076394268285108246,0.0023691545332728014,-0.06178175155308818,-0.8778078825700046,2.226511428382378,1.5682887332537914
-0.008417216304412308,0.004990920920588695,0.007609291723287192,0.0023953100519853786,-0.06385795976333099,-0.9018175347723593,2.2048913539211132,1.5876565224418828
-0.008361331420959245,0.005033267243500455,0.007603860108170594,0.0025009902020812044,-0.07411662707219725,-0.9575615346043875,2.204771236499006,1.659495851397534
-0.008318556339644725,0.005024379755235458,0.007555236250382105,0.002543911786956519,-0.07687357566948873,-0.9957033710087029,2.1695191640440794,1.6908884758503715
-0.008288434538278006,0.0050080711192845,0.007510417281409632,0.0025639205133538047,-0.07721926295936904,-1.0205723697155185,2.136128767770586,1.7063782708431987
-0.008246474542317013,0.005059495839550661,0.007523118796471191,0.0026613833391817073,-0.08618695807081954,-1.06521597011736,2.1491171197245493,1.7720569634970607
-0.008203523309496374,0.0050678015766967436,0.007489563193594547,0.0027186265924676214,-0.08986954324101372,-1.1044544105170397,2.1252468588138007,1.8122201988772855
-0.008171677632085459,0.0050780762906871115,0.007468225447790135,0.0027647238280872175,-0.09251673082368261,-1.133918346484151,2.110288865652567,1.8442602057786002
-0.008089524863364473,0.005101966586010758,0.007407944842965585,0.002879401132356837,-0.09853152481073708,-1.208682876636167,2.0670402251068194,1.9241708874326837
-0.00813367041960081,0.00507491093331285,0.007426581050660824,0.0028035480567289023,-0.0939177051652015,-1.1659971119693076,2.0793347229297034,1.872051720548249
-0.008051760834912214,0.0050722574365739395,0.0073393399325766065,0.00288835337906599,-0.09604123567914478,-1.232942711673289,2.0142495985275306,1.9312806029088596
-0.008008269834300303,0.005071631924015511,0.007292869465845877,0.002932507017399654,-0.09690935047326776,-1.267128537948915,1.9793817624922163,1.9615625104215224
-0.00796679793779407,0.005077607671980962,0.007254149703141835,0.0029805976365828396,-0.09796432339244515,-1.3006119372795792,1.9504124331860468,1.9942733996686013
-0.00825658746785553,0.005015646566881294,0.007488078711170778,0.002607681337334596,-0.08041863405192523,-1.049718697052233,2.120531763820019,1.7368881653465886
-0.011530137799930005,-0.0052398867331516835,0.007933393038670317,0.002550162804347017,0.7671599914450171,2.5962516811230087,-2.0900864063129365,-1.609165646303978
-0.011515176111420451,-0.005235103217132527,0.007941366786046632,0.0025252230647636468,0.7656723029811703,2.5779739526420027,-2.1005293989426406,-1.5936184971806977
-0.011527007000445932,-0.005224169130341437,0.007917766718729893,0.0025315949786279203,0.7539267425803856,2.576838108836403,-2.077382664537492,-1.602424245957506
-0.012195835171424321,0.014759783403139548,-0.007133299028868805,-0.0032897165254172495,0.18521387547120474,-1.4780176119734494,2.3581843199612895,2.504957781252512
-0.012238365169516716,0.014753514237493964,-0.007085998000794277,-0.0033355075294775227,0.18322370195403725,-1.512254857032169,2.314459563379213,2.530210869594063
-0.012270864805276342,0.014776745686968846,-0.007014506050741962,-0.0033331939902024777,0.17814380269938143,-1.5214467728985592,2.263157454400586,2.5130774908054474
-0.012353520610149594,0.014698541571612714,-0.007000503162981577,-0.003505391406641322,0.18380928581745007,-1.6232986180273028,2.214735174046838,2.6423433932003824
-0.012299576572053366,0.014759920460113346,-0.00699782974457689,-0.0033792478119941288,0.17866201370347032,-1.5506831520349473,2.2410421778663494,2.544825762056641
-0.012325324457293637,0.014744741557983719,-0.006982420104922656,-0.0034205092509784728,0.17920759753480153,-1.5766808617305885,2.2207769133103183,2.5730104590683394
-0.012346166350890437,0.01473152117554907,-0.006970675411440763,-0.0034550349350582154,0.1797927447003037,-1.5981213106269272,2.204579162141193,2.5968130802719864
-0.012396243901294035,0.01466420051977834,-0.006982940186236069,-0.003586402180288725,0.18629891831662246,-1.6720466242325338,2.1831047255208307,2.7007028185212008
-0.012386434167402269,0.014698048058861197,-0.006956325085565621,-0.0035322411932816795,0.1818722680514215,-1.64422610990476,2.1764755807958456,2.652617555310417
-0.012482023375258437,0.014612257754895488,-0.006922602096774649,-0.0037242819001288173,0.1882905871253255,-1.75678096275931,2.1058402099944957,2.7916826207247385
-0.01246154667764694,0.014635424875204006,-0.006925237150210297,-0.003676369084541714,0.18611566547488204,-1.7295428878096806,2.1195382028615763,2.7554810601460678
-0.012429481945317093,0.014654515693600345,-0.00694813408499051,-0.0036255005090324254,0.18537661726317192,-1.6983612151113021,2.1484296496234143,2.722268783893407
-0.012575102944124067,0.014562855447444909,-0.006842866226846671,-0.0038608473089540665,0.18929480995444647,-1.8398285352874821,2.013140740096992,2.8749488439372644
-0.012510436130597841,0.014596563828579273,-0.0068996260213491645,-0.0037672218770194157,0.18860690700369218,-1.7830378394915305,2.0784256636452443,2.8186076128008075
-0.012546499265381532,0.014576953950776659,-0.006869230099544038,-0.003820837432832614,0.18910987138009744,-1.8155487922384685,2.0427072679263087,2.851507773739061
-0.012605587989598733,0.014559704553444503,-0.006801622840865696,-0.0038855911878865165,0.18766691858820586,-1.8568062952971514,1.9763519540813594,2.8826132743924826
-0.012143015246104087,0.014825393024283555,-0.007114990734376841,-0.0031584492719481656,0.17894998721982389,-1.402243602465018,2.3719671203989923,2.3990389012708273
-0.01208009653320424,0.014862004809241451,-0.007143727035538783,-0.0030548036514600166,0.17755358002604527,-1.3346900392166352,2.4128587413128173,2.324257577130185
-0.01212636949587944,0.014864393919848796,-0.0070843791934344065,-0.0030951210207503604,0.17447696970762386,-1.3690368890441968,2.362980788156861,2.343968734508357
-0.012184400808043004,0.014812121715366494,-0.007080367096257715,-0.003212577443601029,0.17829638640074363,-1.4402094561518146,2.3361394896063064,2.4338867061243827
-0.012031812434832782,0.014953057723195587,-0.007078548252907214,-0.0029016453318348625,0.16784104460664054,-1.2521786457109083,2.396215720838125,2.19358078632833
-0.012058360070445385,0.014910730127834164,-0.007104431441878068,-0.0029760649098453107,0.17233605214704953,-1.2933676990919094,2.4002063836146417,2.2557962299672916
-0.011708975456064112,0.015055626817772606,-0.007280089215998961,-0.0024592257960844885,0.17222737575820915,-0.9321157539958326,2.60913775818126,1.882487478144366
-0.011759035259310349,0.01504338155173449,-0.0072476690520422975,-0.0025260714921636397,0.171243106162513,-0.9825593320351975,2.576944755287411,1.9299399780281248
-0.011809960425326137,0.015047042844081064,-0.007190095205330266,-0.002576500228906282,0.16778721551583733,-1.0270782323737,2.5294949608248576,1.960467104076878
-0.011858553413479536,0.01504711387997159,-0.0071393922564687825,-0.0026268120193362558,0.16524387631249474,-1.0694152543465227,2.486369271323231,1.9916377469633109
-0.011994466076563714,0.014987994792329682,-0.0070737451393409955,-0.002826225941358013,0.16544065926385151,-1.2065148253628888,2.406767014598962,2.134610870468977
-0.01191209978658593,0.01503063752094101,-0.00710562472682625,-0.002698455500885028,0.16424633642486788,-1.1209722094854577,2.4511926015064134,2.0413436554719957
-0.011962250087467749,0.015028106122417149,-0.007054892982926467,-0.002750692705398439,0.16163352636327152,-1.1628945178489145,2.4072677612151847,2.073121058964574
-0.01203994093858959,0.015002712315924711,-0.007003110798275544,-0.0028530274644958035,0.16110597428679638,-1.2352922828598416,2.352709715225228,2.142894778123615
-0.01142813039006816,0.015284924384802417,-0.007185607864305804,-0.0019392789708317388,0.15579824974808257,-0.608543739317489,2.610975826591073,1.46468014922472
-0.011478929811198121,0.015262623515867888,-0.007178669762794652,-0.002014897685583852,0.15634522374349522,-0.6611911033142327,2.598137053265514,1.522596232090182
-0.011621885353283425,0.015130558324519334,-0.007252363245494988,-0.002290672605131345,0.16691967424434148,-0.8278697152759505,2.613474346190012,1.7467265565970167
-0.011653420178513235,0.015133412163678615,-0.007218708887183752,-0.0023229566888172473,0.16456984251813483,-0.8566241778696917,2.5863802148917205,1.7673158998844616
-0.01153832943425484,0.015177731506397434,-0.007256725848625298,-0.0021539662921165165,0.16471585524965024,-0.7359881163113634,2.6337906033756115,1.6402247408699913
-0.011586078527670669,0.015151714507767875,-0.007253487324835525,-0.0022311376941139788,0.16569823782327778,-0.7881278006611702,2.6219764787813915,1.7001058612475013
-0.011531162448996664,0.01523901866234362,-0.007170714750295583,-0.0020931921305779306,0.15700260852565207,-0.7154744442707658,2.5837657679205015,1.5824459624648792
-0.011688169808250631,0.01511040631266545,-0.007219632306292815,-0.0023828660897256683,0.1660169604198638,-0.8956275706049668,2.5786772433671,1.8139843952816597
-0.011677315267749337,0.015154852214961916,-0.007164799304619868,-0.002328924992272053,0.16060501964222207,-0.8722634702229397,2.5490705471011372,1.7642929839009966
0.012653254562514713,0.022695477764986018,0.001170238037540634,-1.2728967416526826E-4,-0.10458185207486956,-0.16141512568796215,-0.47212892482045327,0.18917958777556884
0.011897646242409573,0.021907015894453995,0.0016438004554633345,-1.7134754509258248E-4,-0.06048370405132796,-0.15134692782584624,-0.5342912979523361,0.18645296319491236
0.010849593884994117,0.02121257620987821,0.0021067469015856265,-1.2965776713485272E-4,-0.020445782984611336,-0.06633957065380586,-0.6165945041320953,0.10875048670919192
0.011236183871485847,0.021794824632400893,0.0017619572275964774,-1.2950051641188055E-4,-0.0371089487990228,-0.09565099709934995,-0.5622669064219874,0.13210481208448646
0.009861502941887711,0.020558478137703978,0.002514215190199475,-1.1830880168735616E-7,0.007502144571067197,0.07213662987763649,-0.6935039053229409,-0.018977905863659217
0.010223743024079208,0.021223017741112394,0.002127213254652699,-5.017747221148549E-5,-0.001165578054196613,0.009679912447720459,-0.6220139873482191,0.03360647582015952
0.008840261978602177,0.019837345506471038,0.002894895288462612,2.5330532352836496E-4,0.025268023959013085,0.28059434975781544,-0.7594541429531675,-0.2106129323652946
0.009245894404889198,0.02052391878060337,0.002514410439979369,1.1145618739674921E-4,0.022999274718226072,0.16401860557493253,-0.6837673315741141,-0.11033070529957358
0.008276214379523068,0.01935016266830481,0.00311504010117239,4.6841420334015093E-4,0.028043878685899998,0.43573418978471196,-0.7904601407264042,-0.35000345900845614
0.00772726395521026,0.01904736008096792,0.003178636201092254,6.838568298214325E-4,0.03108776353287998,0.5741882743786438,-0.7747743105180548,-0.4766842334950033
0.008294621648029457,0.019980053143102965,0.0027341602567008422,3.538262843252249E-4,0.03761966690560227,0.3516143685821522,-0.7026360659605909,-0.2850460490081301
0.006950170565213249,0.018703659514200416,0.0031390967623935004,9.92039506978735E-4,0.030325506516425512,0.7487136299751872,-0.7077014491387202,-0.639093619174504
0.007222714115038539,0.01919367544077255,0.0029492276948047537,7.663243621532366E-4,0.038386480266095306,0.6170979365267472,-0.691690867192931,-0.5279403739060641
0.006268782240955761,0.018071089566395027,0.003203265257129343,0.0014208625184420072,0.016370492351113593,0.968343655979182,-0.6472283852870987,-0.8312795747117273
0.006473266481301584,0.018611449234152387,0.0030070602145836766,0.0011376729228873919,0.03019128079153025,0.8185793782664098,-0.6411834728541664,-0.7083601318378193
-0.0010391615474266132,0.012617768830657291,-4.944096235896927E-4,0.005038957541821686,-0.12182208485056792,0.8570838661580121,-0.2418798138455374,-0.782499941656117
0.0016778362869491568,0.013119517868981414,9.082914965280838E-4,0.0048639873705293305,-0.12558693653936157,1.0523373939385026,0.3181587864834637,-0.9368593782692706
0.0011648013565634815,0.012822808277295995,5.840515707250463E-4,0.00495093141473791,-0.12041290655221684,0.9229354906690246,0.25055619950807767,-0.8359512739324019
6.25060230667371E-4,0.01257782502651441,2.9139162617269096E-4,0.0050165635516910305,-0.11997093469705634,0.8165603413972738,0.1475275511674307,-0.7542905175095101
-4.2764416111513764E-4,0.012676659593383679,-2.0390414483247214E-4,0.0049579643651228985,-0.11756381791390437,0.8368992838866628,-0.09627494781031164,-0.7705677627602293
1.342240233226211E-4,0.012703734937587335,6.454703005168962E-5,0.004935426496724065,-0.11534743756486761,0.8394864225681268,0.030827433774892696,-0.7720652830376259
-0.0026640171798452857,0.01323692255151355,-0.0015508038221492204,0.004993499733414504,-0.14639927830119495,1.2650769217184938,-0.4750410889317738,-1.0926364927743222
-0.0029058840691611717,0.013499091329012908,-0.0017760844417866195,0.004865229389909537,-0.14695253026606178,1.3693238142598,-0.4407087128668536,-1.174607281838487
-0.0022425997172497146,0.013273440541096072,-0.0012791635821434633,0.0048749536583153966,-0.13403484986820347,1.1796098445125862,-0.3929109037312865,-1.0324049881451567
-0.0017486460650783433,0.013255623195700044,-9.707588016627775E-4,0.004795584971850573,-0.12453167902109195,1.0902569007380924,-0.30950657660491626,-0.9678377013001155
-0.0012380053001628001,0.01320456844009011,-6.690126387486876E-4,0.004753717947735437,-0.11811641251717352,1.0174429737225663,-0.22487793462403913,-0.91432227044211
0.0026819696040877787,0.014007280354280503,0.0016862717164722056,0.004453298245627017,-0.12736471043008282,1.362900572570094,0.2815806530223717,-1.1798828625598177
0.0023606491946258027,0.01365367269556153,0.0014186804440978345,0.004646728333769275,-0.13014344929704477,1.2621426240254456,0.32799014165536006,-1.1011851113327336
0.003484841952901699,0.014873968515741458,0.002323477175901809,0.0038944618637474586,-0.11154330088497992,1.5271986634925148,0.09191591275405057,-1.305451254842456
0.0036702212378978355,0.015229118818662696,0.002443633177668638,0.0036278446264137836,-0.09869698527842069,1.5197771201172965,0.0034500881880369697,-1.3011752298542798
0.003043450376520358,0.014759343386905462,0.001988258238841568,0.0039441140340985845,-0.108469605672019,1.4424252801180064,0.12513090727367074,-1.2432561249312766
0.0026296826621328576,0.014516539736738164,0.0016821482154749134,0.004080813305314832,-0.10968255488825811,1.3708871665411457,0.1685039207963874,-1.1883407756443398
0.0018483673116111328,0.013657436389129574,0.0010846637296338998,0.00456335955140271,-0.11887063192317891,1.1746285409653072,0.26017441575451294,-1.0360617686210938
0.005747547812667975,0.017834637464687882,0.003059470795120037,0.0016503724551476635,0.008926198357693252,1.0568239358176867,-0.5618507339064073,-0.913663006005006
0.0049895832891647335,0.016952397080605516,0.0029872061636781622,0.0022986280317432717,-0.02535981247503367,1.29468278694255,-0.4123528979835506,-1.1148893092734
0.005315373654220433,0.01753802532537441,0.0029535961336132122,0.0018910588616401919,-6.52817036558366E-4,1.142642547776896,-0.48740865737585776,-0.9886985411843797
0.005036356362972441,0.01726503936670684,0.002898283618647939,0.002095265550259188,-0.011610858862067749,1.2114314271911129,-0.43318131120137665,-1.0477340503654817
0.004048705911298946,0.01584765580453102,0.0026415033866779374,0.003156859021900302,-0.07237438029471639,1.4759934333007367,-0.14823794703211532,-1.2653165465021614
0.004713415458891327,0.016558720006677557,0.0029382419185578915,0.002597452171235018,-0.04146597788726991,1.3832513855364292,-0.33601848986538496,-1.1872013813797644
0.004146521963289156,0.016349363443071283,0.0026011607343887533,0.002789148558335045,-0.04857642045699265,1.3803892578725838,-0.22758951591123402,-1.1897834363416544
0.0036256406795901752,0.015640437653939014,0.0023608979347990414,0.0033142792683004026,-0.07812701948868916,1.4493742169101298,-0.07030775665176509,-1.2474511885264545
-0.003347873785932476,0.013853654698356622,-0.0021722630865259247,0.004690696723140107,-0.15095176609382688,1.5258473626633107,-0.378790948338755,-1.2948862401359527
-0.0029469829424600006,0.013842551874054313,-0.0018608830760051848,0.00461990671928639,-0.13969340778782072,1.4152492572708846,-0.34736483628074016,-1.2142111375167106
-0.00491456797828405,0.014637902496602751,-0.0036098546640440893,0.004211978415619408,-0.14519471430036027,2.005143123698684,-0.04881109904896724,-1.6408143237368662
-0.005044998120470375,0.014799705047707746,-0.0037129403780111377,0.0040545781892105,-0.13321710422752625,2.0039959254457065,0.03435411398163837,-1.6400389808466063
-0.005052189969710354,0.015002852250539626,-0.0036752655713420744,0.0038543837809165006,-0.12069428349471027,1.9373173868959699,0.10720730519189643,-1.5934861197267154
-0.0034993071482299896,0.014114164088040476,-0.0023232576882463224,0.00450796653759526,-0.14561579223520124,1.5754368510680612,-0.30383314533188116,-1.33504997063275
-0.003761050203043559,0.014228931301122691,-0.002550103039504433,0.004455419271467782,-0.14794648408700561,1.6531223713162218,-0.2723829053384321,-1.393017619940536
-0.004045625758736645,0.014394489541246086,-0.002802486833505109,0.00435337001351301,-0.14634476820248551,1.73260901550136,-0.21324032915529575,-1.4509402382821446
-0.004623681217960292,0.01460564242686905,-0.0033275508876271166,0.004222464727092103,-0.14438862348512502,1.9004392463414896,-0.09831474002790809,-1.5700673933666758
-0.004338374234556622,0.014518218532050502,-0.0030649802992124757,0.00427711505377919,-0.14574527930161538,1.8152795663457215,-0.15521131188796508,-1.510230088143827
-0.005118388311685741,0.015246651339504851,-0.0036741990877630164,0.0036207138291649552,-0.1059848935187344,1.8706962270028755,0.1942814198594263,-1.5453355236257764
-0.005419626627826718,0.015297213048938918,-0.00394274706296164,0.0035517354295276104,-0.09956627830489667,1.936965655180936,0.28074681044842803,-1.5868010927622536
-0.005686455647829369,0.015335573651390646,-0.004186392788121778,0.003484352281831034,-0.09135567978014116,1.9977829274583545,0.367006648363771,-1.6230317727707406
-0.006266019150466063,0.015412767790186946,-0.0047260268688923066,0.003295304858928705,-0.0660229830411548,2.114564400675427,0.5972497180464122,-1.680305219080436
-0.00597395713419995,0.015392964900998833,-0.004443862458453061,0.003380657867171287,-0.07933699677461724,2.0487378838004555,0.4776477244660504,-1.6482032143302734
-0.006341920277067593,0.015606549935716705,-0.004685285381281395,0.00308394200726611,-0.05530470167462389,2.0082859193480886,0.6645375551652729,-1.6013274501288841
-0.006561760660526325,0.015609718989386548,-0.00489475772204298,0.0030122361486679895,-0.04411190256499201,2.047644172121601,0.7616967592454554,-1.615581871947134
-0.006812812633747664,0.015581400724610546,-0.005159191324187501,0.0029464299167406244,-0.030129666612244838,2.108371084202074,0.8827799242792153,-1.6379074040398416
-0.007042142741378619,0.015600216035197121,-0.005367692116071603,0.0028271556034494888,-0.014780160623289101,2.1227662625760875,1.0086747392081208,-1.626030927628804
-0.007932041812316186,0.015587479894742864,-0.006211750767966969,0.002283107438080794,0.055584329441421186,2.1166412872951823,1.578808868112527,-1.4885034940652782
-0.008037558568575427,0.015602880548267322,-0.006284096221468667,0.002184728409251765,0.06475882705420934,2.0795699149095217,1.6482128753433394,-1.4432807532088192
-0.0074350098225563765,0.015664771968172793,-0.005680717931735007,0.0025558273695030285,0.014077721793266227,2.085218197656203,1.239488633321755,-1.5535476579465033
-0.007252948096143289,0.015668229476039297,-0.005508878509808424,0.0026556921217883098,6.02626348167008E-4,2.0805862889690716,1.1297521327060187,-1.5746076221665266
-0.007526577259818527,0.015763463095334156,-0.005665551207406552,0.0024117320075884865,0.01681260148236179,1.9961200727908506,1.2838763311972154,-1.4833526899507548
-0.007640273246019107,0.015769892670323127,-0.005757340309284634,0.002334091473738588,0.02660289492704781,1.98133705081992,1.3508727500084035,-1.4575597608097615
-0.007785146629505834,0.015677325093268496,-0.005981255100798769,0.002314753798726713,0.04069448980017495,2.049119035582454,1.4599136755754765,-1.4757324797011453
-0.00816396491532905,0.015627787453252336,-0.006357596720334435,0.002057908882009513,0.07269168896503952,2.022416640895647,1.727164702569371,-1.3794395076012436
-0.008295986320060037,0.015635322585153065,-0.006451662735971599,0.0019351708397065104,0.08218007820873212,1.9738770142220825,1.8138610670597752,-1.3183473839531914
-0.008418868599481604,0.01567601522692866,-0.006489023727728049,0.001791795071869773,0.08726494578678999,1.8879722827322534,1.8776723581484822,-1.2358635631969614
0.012057174511762131,0.023861236872583406,6.280822610822234E-4,-2.7765696104316644E-5,-0.1175254425204401,-0.05984566075005492,-0.4837288817903724,0.08621264555132026
0.01149341090407286,0.025,0,0,-0.12321210981481762,0.030286888365104233,-0.543039334634087,0.0025842588773355483
-0.010329591335624283,0.015592795417985618,-0.007217220204453436,-4.2685503704108224E-4,0.15171479603134752,0.4855079804113947,2.6761050514347313,0.2956269067729749
-0.010266277934252315,0.015582709874099387,-0.007243497155020289,-3.47249514867452E-4,0.1541394219905093,0.5535726772123281,2.6872560384630755,0.23579867969804943
-0.01039961461968737,0.01565540882257352,-0.007102466590979658,-5.032520223055351E-4,0.1419864258526941,0.3934045053758326,2.6115763395704112,0.3503644452145817
-0.010357047067917728,0.015646122469352305,-0.007125439736329864,-4.52202936847664E-4,0.14416164781118818,0.4380520273193703,2.6228566720713635,0.312456322615643
-0.010494616313039617,0.01565584056172631,-0.007080603132172289,-6.200786029338954E-4,0.14043932203686302,0.3004828844514961,2.602480967660376,0.43836762037482285
-0.010438725361263935,0.01568916734041614,-0.007040494183377359,-5.442260705153914E-4,0.13685533328292035,0.3450408066895588,2.576581766967306,0.37914398697445945
-0.009758704069192013,0.015757832143482583,-0.006959105324127697,2.8500695200196383E-4,0.13207751101497553,0.9412301947285845,2.461037935505154,-0.24140000860850716
-0.009806308896041789,0.015703356993232727,-0.007051385715447592,2.3404850269185558E-4,0.13919795369503013,0.9324700984534244,2.5200905460089573,-0.20385602383182513
-0.009942812414512003,0.015637910336187773,-0.0071677299503092595,6.87939459742133E-5,0.14906082574571933,0.8446126256157278,2.6065923079676736,-0.08023176288926481
-0.009868448359151405,0.015673058125982815,-0.007106002622983581,1.6000815767669346E-4,0.14430596776723206,0.8936754943941921,2.5605760779092948,-0.1486254106492777
-0.00999615322085098,0.015692283701361484,-0.0070806501061288106,7.700677986688106E-7,0.14113515292791828,0.764840867464259,2.563201101666804,-0.030560386535796385
-0.01009554578060171,0.015661505252688664,-0.007129015105987868,-1.235876983828202E-4,0.14495247166207936,0.6861682829772963,2.6031118048464523,0.0634027968704095
-0.010050344734178929,0.015694928515281203,-0.007076207191516965,-6.632266094007587E-5,0.14080175618110774,0.7125738984994915,2.5671886054170243,0.019709586596708194
-0.01021644524425169,0.015640461541926515,-0.0071544987650585595,-2.7695246790197955E-4,0.14709664574077855,0.5784760136000329,2.6299152005460136,0.17983415483803336
-0.010158906312440097,0.015691287605141043,-0.007077269856210819,-2.00682106504194E-4,0.14011907988721375,0.6120574188054033,2.5790937134198004,0.12017515795971752
-0.009128721183035527,0.01570310822672972,-0.006864555547418059,0.001037985454486458,0.12424031918791308,1.4767071148040485,2.27446039246168,-0.7733322149435115
-0.009031836789025152,0.015685562887550016,-0.006846465220406441,0.0011549118860211293,0.12169827886179709,1.557461299718678,2.2380249668392764,-0.8516311969917744
-0.008933275034414939,0.01566539034069988,-0.006826649158133263,0.0012738562102207667,0.12034671307011134,1.6379056652639898,2.198692049414315,-0.9296002549633057
-0.008775999680613282,0.015676141103011725,-0.006722757828929824,0.001436825015259472,0.1095052665572644,1.7204988650574593,2.100869848963994,-1.031309711789124
-0.008857959543777995,0.015701544976341516,-0.006732823648387136,0.0013356907565069945,0.11174968612830397,1.6503194138250898,2.132609546504785,-0.9663646357411594
-0.008540622573984047,0.015712942941157312,-0.006523403429603118,0.0016505489687028633,0.09247346240504926,1.8010851028906705,1.9375253664711483,-1.1517703598437945
-0.008675486681045898,0.0157381682518764,-0.006574736217998375,0.0015023385406020304,0.09814958290224826,1.7139653196351572,2.0054240490725985,-1.0631219511770267
-0.009171214629485506,0.01576384812716929,-0.006790881093608812,9.649521478780111E-4,0.11847929677397613,1.3962175478359458,2.2507883035688816,-0.7197836366573568
-0.00924800753955571,0.01576438362457329,-0.006819968861938366,8.788812370200901E-4,0.12032547844249204,1.3421772987539684,2.284185129501403,-0.6620083167960215
-0.009329961871563637,0.015753018206943144,-0.00686620842902283,7.897278462398722E-4,0.12468480332787359,1.291049845168471,2.3272231412721696,-0.601513766184098
-0.009405049393211214,0.01571454078308146,-0.0069497528022374735,7.149953434897103E-4,0.13096363878986042,1.2624917286774078,2.3873473887155505,-0.5500244637135293
-0.009473376385661833,0.015725379225398815,-0.0069527002217147195,6.31203478329676E-4,0.13197998404533218,1.2008334739776851,2.4038296859354444,-0.4913649304483732
-0.009533203153714876,0.015766225303343477,-0.006904364529313604,5.50573812605609E-4,0.1267673158652992,1.1239150839701912,2.391051513197431,-0.43283794241983825
-0.009606384484272671,0.015759993653626007,-0.0069302871191627684,4.6577643471645705E-4,0.13030595826917338,1.0686036614152197,2.418833205200624,-0.37273244226081814
-0.009674503767584117,0.015803395221400677,-0.006875520987778524,3.7770621348529667E-4,0.12486238296831055,0.9848060301511197,2.4018521302556817,-0.3086761871110693
-0.009761409666720258,0.015845244149568553,-0.006823839503652825,2.707831301983895E-4,0.12064455811159426,0.8889113558604568,2.3874612486092985,-0.2317527191934816
-0.011093381136915197,0.015372048113548958,-0.007283023820510882,-0.0014807516320665256,0.15922036891094293,-0.26605005323213454,2.712129358788357,1.1166281434806289
-0.01101138824114985,0.015423471430117765,-0.0072482821528838115,-0.0013501683922809218,0.15502202705792334,-0.18265133810747694,2.696813084027995,1.0116529467382505
-0.011059677382990825,0.015412645598489256,-0.007238263530568401,-0.0014154084390292166,0.155274215515636,-0.23175688431517566,2.6871151576482357,1.0616902034839133
-0.010973876038025134,0.015469743082270624,-0.007194581647636846,-0.0012795003451140758,0.15061269389442644,-0.14701011143524167,2.6661179037764655,0.9527366253926938
-0.011156075796011031,0.015391364005305866,-0.007213663075986961,-0.0015448434967636985,0.1537923980035221,-0.3296965799412475,2.6634849900210416,1.1606289525706572
-0.01120843089188562,0.015395744950966836,-0.007173298066366024,-0.0016042896000999756,0.15098256409020092,-0.3814561955991447,2.633457416801302,1.2031178917145673
-0.011257985423518156,0.01536505863768726,-0.007187746952220401,-0.001683101449731416,0.1531555034014683,-0.43265579427263706,2.6365585616391347,1.2658382970071254
-0.011334955789388269,0.015345916478672115,-0.007163010412104416,-0.0017862027871517522,0.15225768575227952,-0.5097367552992172,2.6115736424385187,1.343386208689868
-0.01140464433152504,0.015343310648530976,-0.00711548546632327,-0.001867658017147508,0.14914153386213977,-0.5764803284749368,2.5729074183571705,1.401397967698079
-0.011244072129756148,0.015423208110335405,-0.00710766776784205,-0.0016279008172859668,0.1460921663945799,-0.41429232441208635,2.589726037348137,1.2153777177773872
-0.010922252968884914,0.015514229149705613,-0.007150069621602803,-0.001194422316257918,0.1466279919235212,-0.09806617713718145,2.6418870554650855,0.8834622362851049
-0.01086902925116874,0.015550279747790524,-0.007118007379797782,-0.0011132441934466426,0.14354223932374854,-0.04862832888997736,2.6245212482562423,0.8188933666912769
-0.010802785271537083,0.01555060744322608,-0.007146263372077342,-0.0010326452355979793,0.14592682772897983,0.017178662958528716,2.643748495589574,0.7585702046226509
-0.010668731096895158,0.01555296114755212,-0.007194091951653893,-8.661191530306744E-4,0.14927008369933784,0.1520401351648983,2.6740926661490154,0.6326419006060547
-0.010735700647751206,0.015589153411825447,-0.007111667753252677,-9.354846857461751E-4,0.14266821177353672,0.07816491779629235,2.623989229030333,0.6817260282506021
-0.010609862278644753,0.01562169717788479,-0.007103060566352708,-7.706478417747058E-4,0.14196766163691965,0.19618116672547267,2.6185828447729915,0.5543836532441954
-0.010556090963176537,0.015684282697426936,-0.007019534959441039,-6.87278451488456E-4,0.1351845153358525,0.23371087473174823,2.5678152247570813,0.4870158674840666
-0.013305642236372692,0.013970283274430284,-0.006143808335365215,-0.005115066645509868,0.2260731445152306,-2.459459082982486,1.1133901629085494,3.5696199678955334
-0.013229250535904805,0.014000109310368459,-0.006259805212795395,-0.005053275420381754,0.22798644446287522,-2.441070096819812,1.2211225200089013,3.5724100811445045
-0.013247949382066592,0.013980528491088863,-0.006238550750168762,-0.0050902159681986145,0.2296351792577274,-2.456213348962898,1.1926138350281963,3.590977447918547
-0.013278551206825485,0.013984490212232322,-0.006183074005887023,-0.005087375222750123,0.22624409183742913,-2.4505450248278122,1.1521543302265835,3.565798335692772
-0.013230235365920268,0.014028025343399525,-0.006241600985495272,-0.005005114573795831,0.22327496826200358,-2.4178657585103025,1.2240412178403546,3.5292865452137328
-0.013195284181811302,0.014062147336768978,-0.0062807974182076945,-0.004940148730746952,0.22056843541899473,-2.3906565432399893,1.2752342981017915,3.4970081719281336
-0.01322580424517715,0.014056696070935855,-0.006232009483389767,-0.004955217936250776,0.21889734728722335,-2.394483551549824,1.2339837211789921,3.488747103304133
-0.012901889450185508,0.014277260056101762,-0.0066130938208501895,-0.004486180474533925,0.20963140566693753,-2.17968183449404,1.6683543035517616,3.2798800991675527
-0.01289823022323282,0.014307745570423566,-0.0065928841451789065,-0.004435088757107325,0.2050922275537148,-2.154240445025294,1.6685092403051545,3.2344762217148637
-0.012929906168711383,0.014263174452725435,-0.006579163619988513,-0.00452112932125238,0.20971016085571698,-2.1975411169317005,1.6323744154632072,3.2946796641321656
-0.013002117209979682,0.014223016489825857,-0.006492768888630602,-0.004615201977757729,0.21048160259441215,-2.2438347519880817,1.5388448864333026,3.3351313316346274
-0.012984086219667124,0.01424077912907179,-0.006508488384517112,-0.004579287039946845,0.20901361546909178,-2.2263720160659157,1.5617338082673067,3.3138247897856203
-0.012959797768532177,0.014254474056998657,-0.006537342495545026,-0.0045474627569872745,0.2087026260952878,-2.210773999071733,1.5930756481745068,3.3000662609897184
-0.013114962712687623,0.01411828119474246,-0.006380777808810057,-0.004825919004008272,0.21823471998410707,-2.3423572141422646,1.3878040305710666,3.451242367628811
-0.013139687110075186,0.014099915702661243,-0.006351243663024887,-0.004863410149682804,0.21915098894014565,-2.358685431207396,1.35346944132632,3.4677157630253816
-0.013164577729050888,0.014109431096623347,-0.006302721772393612,-0.004853174923125685,0.21566030973522982,-2.3515971514275718,1.3205886442957755,3.441408350747975
-0.013190768429481125,0.014101263348732823,-0.006263768520841037,-0.004872755497221948,0.21487174928271716,-2.358597275255263,1.2851425182030292,3.440714501211095
-0.013027792730205968,0.014227163205129992,-0.006447218400479572,-0.004617405561321662,0.20792055423094383,-2.2443384379388696,1.5041629920654953,3.3205746885211753
-0.013085519101012386,0.014169854916389859,-0.0063940446776052,-0.004730858542336468,0.21227184080229558,-2.2976607186616516,1.428535378920447,3.3854546692183036
-0.013113745154241449,0.01415298472376164,-0.006358772769480991,-0.00476709681801404,0.21271902703929,-2.3136720380429705,1.3905467917359304,3.3991547824491453
-0.013056881775735822,0.014221553421496861,-0.006403634992975177,-0.004636338883568468,0.2064934653298454,-2.2526853678384176,1.4657663334941364,3.319043409260089
-0.013085700288791986,0.014205886144133937,-0.006367745923586282,-0.004671152826003533,0.20683904628359764,-2.26844633194666,1.42806013587475,3.331721328345274
-0.01276570296436326,0.014406999761027297,-0.00671318844505608,-0.004212306268625728,0.19940178048824966,-2.0363405568562865,1.8227054411607988,3.104742836405792
-0.012759777450026386,0.014442087426091951,-0.006688784351373155,-0.004154729940602512,0.19466450924202316,-2.0074340176137215,1.8206680933091626,3.0537999527313477
-0.012799971976170478,0.014395522835848419,-0.006670438557769533,-0.004248365269760176,0.19875189891441228,-2.0568984522903935,1.7806491039939052,3.1187849936108063
-0.012893786332387445,0.014339947822045312,-0.006572215843967505,-0.00438148320769733,0.20048126515810658,-2.1276067904919285,1.6690818187030523,3.1874887900808595
-0.012860646742010295,0.014347313901523908,-0.006618511778227069,-0.004354499653716357,0.20182751323107842,-2.1130191511656338,1.7113741282684767,3.182343969735882
-0.012838753527619946,0.014379819543255427,-0.006624002334935194,-0.004292531176710648,0.19834086873831658,-2.081234383415097,1.7335018733829501,3.1374570816414327
-0.012650220989526617,0.014520027334156789,-0.006777129109787758,-0.003972623856729308,0.1906684783460408,-1.9057785535385101,1.9354303453775774,2.941990582232314
-0.012642731548019778,0.014558082580033861,-0.006748897077051595,-0.003911691344122329,0.18539670171228143,-1.8748647365539994,1.9311200312207877,2.888017197071472
-0.01268495274827109,0.014499917740333613,-0.0067456555059606255,-0.004023911431509559,0.19128169922201274,-1.9353261047605363,1.8985304268202938,2.9718481152395975
-0.012725047577243076,0.014489375202502269,-0.006695779852839866,-0.004063249312638898,0.1898550902383489,-1.9590408934331187,1.851244881706208,2.9870398725623883
-0.012751191848336473,0.014469239402759121,-0.006675790520724437,-0.004108484968019999,0.19129916767913652,-1.9837873487508493,1.8240680221111745,3.0150626084780865
-0.013540777710277153,0.0137464327614766,-0.0058262170296070745,-0.005506319171817196,0.24073400934470388,-2.586344496494782,0.7368148129253095,3.710365345853474
-0.013515952367085105,0.013767870202340778,-0.005863128040914262,-0.005471034692869548,0.23976833304426345,-2.5776224298041073,0.7771305085977888,3.7025182383662245
-0.013329463437910711,0.013928600256898158,-0.006123905033861173,-0.005189778555071388,0.23078932140491273,-2.490579876911569,1.0722729569354768,3.615887004674312
-0.013351417788491277,0.013915596770295711,-0.006091921014590984,-0.005213977328522585,0.23095804462261912,-2.4979529394859896,1.0399371712755137,3.619768292195431
-0.013498190061382335,0.013793151614637391,-0.005885697041537277,-0.005427898591263253,0.23725069835480997,-2.5632040937855525,0.8098111499033253,3.6821154185992078
-0.0134780572740513,0.01381248982205125,-0.0059140494300951585,-0.0053951449265356366,0.23594610534057225,-2.553623768557674,0.8428423888021775,3.671655762671168
-0.013453795882124212,0.013831887480789128,-0.005949228506432919,-0.005362086806668756,0.23508924262485875,-2.5445847183057615,0.880911097826887,3.6639560524928934
-0.013442324844539466,0.013855275180846777,-0.0059598891383963425,-0.005321343463015276,0.23233383165510074,-2.5287600574220193,0.9037243248106561,3.6393410979222067
-0.013374270970992846,0.013897163179072105,-0.006060679681326735,-0.005247329440986081,0.23192091631109163,-2.5091128231069457,1.0048686956507762,3.630457948501409
-0.013400070604387413,0.013884543274303435,-0.006021268990370199,-0.005270119507887214,0.2314263952305293,-2.5144686755420143,0.9675894776249482,3.6296874037487448
-0.013421827253747333,0.013867036692605576,-0.005990840121227498,-0.005300943591967693,0.232340993531047,-2.523998700537245,0.9339818345996093,3.638496157886134
-0.013330079834277761,0.013958411706922358,-0.006107662257361124,-0.005137924853930346,0.22588032203524025,-2.46619255374331,1.078584888467928,3.5709975340321916
-0.013880056359848684,0.013335068012093786,-0.005275762731995241,-0.0061380022677606115,0.2710011982791473,-2.705939697016303,0.08846006800439427,3.8686466129765607
-0.013875996363194101,0.01335644296475593,-0.005283955538205528,-0.006102000982346932,0.2677989207670728,-2.695643791182806,0.10951617020775979,3.8482672235531483
-0.013882639193297634,0.013377564300983937,-0.005272940354871167,-0.006061607928253033,0.2634628780828341,-2.67858491952097,0.11891982274768555,3.813983923731812
-0.013823588680967405,0.013459578667255568,-0.005376473528405354,-0.005942313159806457,0.2571412290848563,-2.6627423906334005,0.24137398155167378,3.788561081192318
-0.013743625663881463,0.013548973162883777,-0.0055103029125307575,-0.0058125958384962215,0.25169214950916347,-2.646201302774287,0.3890406181999269,3.7694872171947185
-0.013758085255907729,0.013539570382510685,-0.005485879914362746,-0.005824632660515139,0.2515689665360631,-2.6452877893513134,0.3668173541346905,3.765102457773808
-0.013766351892030204,0.013520721417466918,-0.005473252199432787,-0.005855190800275862,0.2537553809246224,-2.6537804757852776,0.3454351337411233,3.7797932068991256
-0.013806791003190336,0.013481141236249933,-0.005405000489511443,-0.005910736683236525,0.2554982164810142,-2.658233676550859,0.27449501252527536,3.7820537102244107
-0.013788046908280088,0.013502381691765259,-0.005436577494562566,-0.005880099920460984,0.2541864754442651,-2.654510327379844,0.30934203980441527,3.7776643101259992
-0.013569803659332249,0.013734396902022753,-0.00577864642746671,-0.005523882055836419,0.23971606333141124,-2.585780193024131,0.6955291536504925,3.7002093418535105
-0.013590970988560205,0.013693207960376238,-0.0057527733027300755,-0.005593476899642204,0.2444064915031087,-2.6092483598546115,0.649924951644271,3.7372961779484117
-0.013610076589682243,0.013678566311191997,-0.005722675376414666,-0.0056160944239865606,0.24484185411226633,-2.6129175277199654,0.6193545386724781,3.7386370513784395
-0.013628057223503352,0.013661303641406603,-0.005694968069587755,-0.005643235615867838,0.2458244808023373,-2.6185843726649183,0.5887167875190594,3.7442285295607993
-0.013651556103160252,0.01364917734959916,-0.005656108536545219,-0.005659784731893748,0.24525020811167506,-2.6177796141120306,0.554204406539828,3.7365945072837605
-0.01366942265126885,0.013627683526569146,-0.005628951328205566,-0.005693723313883308,0.24694087058650085,-2.6256892359598756,0.5213344289012536,3.746881736161078
-0.013690912695383245,0.013610213024138946,-0.005594240112921611,-0.005719320160453314,0.24746069857169664,-2.6286136067949273,0.48635609435358135,3.747305273376616
-0.013748867456392325,0.013566965914394774,-0.005498815255671352,-0.005779313944142208,0.24819844835268584,-2.631293371550808,0.3944261209346418,3.7403057573794003
-0.013710912089379811,0.013591593412838714,-0.005562075998322181,-0.005746893614364457,0.2483087240429364,-2.6325345072401567,0.4523803680970308,3.7502365030384537
-0.013738773619113957,0.013582088356797365,-0.005514493960483813,-0.005755761747468544,0.24661320063485767,-2.6258690199157666,0.4150347548365117,3.7320177924743128
-0.013595004624096976,0.013721828207281586,-0.005737905773498944,-0.005542312816583969,0.23919665202421755,-2.586300309049633,0.6589622718725195,3.693663073576444
-0.01384069598692252,0.01343816062290629,-0.005347005357021892,-0.005973174886878152,0.25863868750515406,-2.666508021654367,0.20783746386328766,3.793876853988209
-0.01386501458507131,0.013424092767012681,-0.005304473086478805,-0.005987709179480646,0.2579243407188505,-2.6609135933117294,0.17209814300837242,3.7805802643201596
-0.013887161559181616,0.013406525918713951,-0.005265643025494046,-0.0060087877614504745,0.2580649017259388,-2.6582637276297594,0.1362925488850043,3.773620739189853
-0.013901699392614377,0.01332829512368735,-0.005237006199224862,-0.006139389529827958,0.26923467590214917,-2.695836209076315,0.06085940022794368,3.8475203143027303
-0.013920357322902217,0.01331913931132427,-0.0052034602147257285,-0.006146170477121303,0.268278683923856,-2.6888476599652775,0.034750965499763295,3.833016594649881
-0.013927624822807757,0.013301822872523697,-0.005189215034322226,-0.006172909247719081,0.27023559526766183,-2.693935251374904,0.013407422714094166,3.8432506298717075
-0.01393481025415354,0.013285156161916091,-0.0051749443886449555,-0.006198479717096694,0.27207622481320454,-2.6985184448676196,-0.007501894379498856,3.8526505606263526
-0.013995627627704989,0.013233186467857316,-0.005061683819104928,-0.006255554980030575,0.27233920379491056,-2.6840578890990656,-0.10993445295167499,3.825529022838811
-0.013977613522023011,0.013242840497757206,-0.005094565792037821,-0.006249122189235352,0.273370495294391,-2.691849957378679,-0.08467620057123249,3.840486833238708
-0.013949957000184428,0.013275452146927042,-0.005147246198398371,-0.006207388915130073,0.2716335761947178,-2.693512857281346,-0.030439669567921625,3.842680449760721
-0.013966074431718255,0.013259125671840838,-0.005116995183374537,-0.006227131766447469,0.27206394672958867,-2.6912506589119753,-0.05976604785741795,3.838593542111093
-0.014011870291890941,0.013210423309964709,-0.005029678778777879,-0.006285526845455955,0.2739465288536121,-2.684024858719049,-0.14478866472067362,3.826945160605262
-0.01414490849461233,0.013071981553786097,-0.004768740876703928,-0.006434719404904042,0.27677134412541554,-2.644845331750339,-0.3848872617208771,3.7686708680115903
-0.014132101697422277,0.013091661474508166,-0.004796115991107422,-0.006410588982311429,0.27554490867753056,-2.6470342315380404,-0.3560292311804856,3.7695997501225125
-0.014114565572901173,0.01311360898035299,-0.004831859174452636,-0.006385605676388934,0.27472037530780685,-2.6516016464084156,-0.3213057436741659,3.7749621954541643
-0.014035251451659953,0.013195809299090911,-0.0049864949799961235,-0.006296580237629835,0.272913347722747,-2.6741329740612403,-0.1787415044069427,3.808754041070815
-0.01406586722943601,0.013159437063116532,-0.004926231677447942,-0.006339873868562401,0.27448070927938545,-2.6686291915618905,-0.23831906248365334,3.8017501670622025
-0.01405316420453745,0.013178546543870177,-0.004952180558720835,-0.0063151438973293545,0.2731189957160954,-2.6691716140419093,-0.20996725370363303,3.800738792727213
-0.014102331318958864,0.013141774162737136,-0.004859796128986992,-0.006346036217050619,0.27194804761099495,-2.6487626120965504,-0.285075101845659,3.7657085853220456
-0.01408776054860615,0.013158809784723441,-0.00488861023072474,-0.0063266757919591965,0.27131827988525703,-2.6522221754249724,-0.2573415121177567,3.770199957386179
-0.014169742981283312,0.012980071072841302,-0.00469629564931818,-0.00657140831171098,0.2876370871002038,-2.6595084599563745,-0.4949761008075582,3.8139125491652135
-0.014187470345913951,0.01297051452615019,-0.004662850511775525,-0.006573484964627353,0.2862844196897312,-2.647797246247091,-0.5175450131887825,3.7939713261251926
-0.014172876299177913,0.013002043860678542,-0.004698853887581619,-0.006531841840898369,0.28361295798773595,-2.648849577665921,-0.4749965566830205,3.7892717947306305
-0.01417321999811736,0.013029973087207436,-0.004707799855065989,-0.0064845697987000244,0.2791458365056055,-2.638163523504438,-0.4473618507116863,3.763638401907744
-0.014166815594049132,0.013074853347899493,-0.004732747592407254,-0.006414030487339103,0.27315938957149966,-2.626099254302459,-0.3988068633752271,3.7328887147845444
-0.014183376844316945,0.01306072613856646,-0.0047007343147586235,-0.006425523349379884,0.2727050669923703,-2.6182562597590917,-0.4246907918743463,3.7206657228268374
-0.014203977890417711,0.012912515239602282,-0.004612138726881605,-0.006657537509861768,0.292847962656725,-2.6528753829756013,-0.589383882866014,3.8169763499671134
-0.01420223310957545,0.012932264551056874,-0.00462316572826548,-0.006625805684133839,0.2900479040483122,-2.6480379748895118,-0.5674418000979599,3.8031372534827725
-0.014194544837537777,0.012952600932997166,-0.004644128220652732,-0.006597925157403553,0.2880199835943981,-2.6479169857361478,-0.5409644495666703,3.798172707342058
-0.014288721356332287,0.012784691809253419,-0.0044115845502157155,-0.0067946383541445925,0.2984306511422207,-2.61106815456303,-0.7811915957896706,3.7749190150118714
-0.014221781298258102,0.01290211156234195,-0.004577908255783338,-0.006659946826139054,0.29152294256881156,-2.640424150529902,-0.6123982395705939,3.796318846190674
-0.014238000041382974,0.012888965439133732,-0.004545194508547214,-0.006667999213219435,0.2908966510728795,-2.630022158260063,-0.6369734147887002,3.7803336150545648
-0.01426088350406958,0.012857903725089178,-0.004493289112699633,-0.0066995053824693935,0.29191895271518714,-2.6183626071471173,-0.6846203746985475,3.767015844965066
-0.014251081868461206,0.012873853350405496,-0.004516778820555018,-0.006681741747097681,0.29108302208009795,-2.6227354133938294,-0.6614230683725156,3.7707925158386004
-0.014277786535013083,0.012834217938192397,-0.004454275213595336,-0.00672341113594472,0.2926151999395361,-2.609292355593628,-0.7204502440271496,3.756901638855338
-0.014284462794179876,0.012820678708293001,-0.004436726852487942,-0.006739575660717338,0.29372844376159835,-2.6065768834139185,-0.7390839806125817,3.755801978780166
-0.014298898110126747,0.012811378152905678,-0.004408518900750569,-0.006741569118809806,0.2926014917312583,-2.595644206596195,-0.7575754685486062,3.738384659251929
-0.014283977023061676,0.012856526086946164,-0.004454711543815042,-0.006681333139243477,0.2883188796581826,-2.5980606918164213,-0.7001102458123238,3.72988001991481
-0.014743582101682931,0.011758719852493457,-0.0028552191038090182,-0.007701210740860027,0.3333157158847724,-1.9950279194511806,-2.0929676396302486,3.193541312245229
-0.01473695981402285,0.011773286705109054,-0.002880283637077686,-0.0076942371165921895,0.3335540267492225,-2.0092484119051233,-2.0776076060330233,3.2091613243336448
-0.014730325570979738,0.01178722202026776,-0.0029045837909946024,-0.007687864403905116,0.3338436338776685,-2.023032623899956,-2.06285990493646,3.224512830418146
-0.014749812014869482,0.011743649138608129,-0.00282997742863499,-0.007709215537323329,0.33319649153245684,-1.980781628469282,-2.1089116940634445,3.178360954220969
-0.014776974127371834,0.011668118999264914,-0.002707317228515573,-0.007753090653434908,0.3331649057719284,-1.9111952009413764,-2.1882456649113036,3.1070213714748607
-0.014770588916467904,0.01168352736541673,-0.0027334254229390525,-0.007745844152388957,0.3334225465469743,-1.9264430071150038,-2.172657837868266,3.1234973050017327
-0.014764424178778567,0.011697910123416195,-0.002757990629638565,-0.007739232686255616,0.3336696185369971,-1.9407595573865055,-2.158028835714807,3.1390981652434804
-0.014759974409704724,0.011712512929824254,-0.0027807987432707216,-0.007729473482123258,0.3335020017142098,-1.9534859124655444,-2.1423653734279022,3.1514318829803787
-0.014755616714979158,0.011728081950434975,-0.002804585772911565,-0.007718288316752813,0.3331698412626576,-1.9665260215797613,-2.125447824662084,3.1636581473700915
-0.014724682177016687,0.011801466582422369,-0.002928011052957789,-0.007679417963380584,0.3338834913778173,-2.035916410596574,-2.0473053269688184,3.23791834447789
-0.014719844967289715,0.011816127021606407,-0.0029508798529746505,-0.007669060777273474,0.33361138177747546,-2.048085306335184,-2.0309330616404755,3.2496985701591243
-0.01473927228060289,0.011797935213762262,-0.0029063071400827656,-0.007661128465771524,0.33073253390049195,-2.0200992695306312,-2.04726855311259,3.210105421194297
-0.014691214797217635,0.011891986546769073,-0.0030724797325189734,-0.007618432862063839,0.332918342654053,-2.112363982177708,-1.945421344882975,3.3144793433253343
-0.01470040228689949,0.011903907279861625,-0.003074100623318271,-0.007589647219905177,0.3295517341083558,-2.1087202023476466,-1.9288677377782864,3.2985609354045353
-0.0147028922917658,0.011861488247389076,-0.0030236117498284912,-0.007639056961135919,0.3332612818141481,-2.086816215133187,-1.9800927945247564,3.2887289571653895
-0.014697956209063863,0.0118773358471337,-0.003047624851072617,-0.007626719677560535,0.33281261446567284,-2.0990505946694067,-1.961889560168127,3.3000737224468177
-0.014718729008593265,0.011857901241706822,-0.0029999231459678236,-0.007619503382661122,0.3298663084876801,-2.0697408607673746,-1.9805735076677518,3.258661030361032
-0.01468375161762438,0.011948749755412186,-0.003144196091991744,-0.007557215219960646,0.32868735625609413,-2.1442197261707636,-1.8772241437377113,3.3334350191241016
-0.014687753325311534,0.011933401206829683,-0.0031224515238831296,-0.007570986781639385,0.3294663052728707,-2.133891412196089,-1.8952954652012473,3.324871865437649
-0.014699430956964262,0.011920413900962906,-0.003093447911542012,-0.007570236072889356,0.3280010842764583,-2.1169106545191343,-1.9089364899120762,3.301995674375799
-0.014654727369630803,0.012022686240311232,-0.0032601909198661,-0.007502807511225603,0.3273837496237218,-2.201270889368318,-1.7903357284311243,3.3898414868153215
-0.01466358732921082,0.012006206336594424,-0.0032313699978194018,-0.007511849060404396,0.32714709337392806,-2.186512511522196,-1.8096039106162431,3.373219691098647
-0.014679020095438543,0.011992811668198582,-0.0031971798462172474,-0.007507152767236076,0.32503885009748196,-2.166289217723819,-1.823992781484712,3.344251307013525
-0.014688655719681185,0.011977851643467633,-0.003168947340572811,-0.007512610846907536,0.32445224826669955,-2.1510833371907254,-1.84082417237876,3.325873694441223
-0.014654164969085143,0.012052140774525762,-0.0032911432373740053,-0.007464502235247029,0.32414364146081165,-2.2120154578440125,-1.7541210570456072,3.3904004919976423
-0.014665103306982131,0.012037788310050207,-0.0032620133176997743,-0.007468091329099611,0.32329808713568126,-2.1963125810005937,-1.770668281626495,3.37039691445529
-0.014697368676036798,0.011962308433074931,-0.0031412621110298504,-0.007519935266328372,0.32410061447181304,-2.1363933775483392,-1.8583362543769126,3.3089584103076937
-0.014729247273258285,0.011827727277074065,-0.0029527510595965785,-0.007640496428295879,0.3303135826101318,-2.0448850704766866,-2.014289598521472,3.2342873836690105
-0.014728529472796322,0.011843752757764286,-0.00297187999474482,-0.0076220268501534716,0.3288734227891145,-2.0534890585081773,-1.9951619347765042,3.238323851063079
-0.014555680924976711,0.012269404821222681,-0.003634219931190687,-0.0072957783630740744,0.31966112226405347,-2.36540557467139,-1.485303476207594,3.5448345805677897
-0.014560277898495694,0.012287340430676166,-0.0036433045949886556,-0.007264077192251737,0.31639656251139264,-2.3636835782434056,-1.463836812836105,3.5319228196210637
-0.014571466012844007,0.012257686637099946,-0.003601206596502371,-0.0072922781073499,0.3177910880554278,-2.347484652449962,-1.501283144524562,3.518223825976429
-0.014647497720134713,0.012084806325090817,-0.0033328871077720865,-0.0074301395990102595,0.3219841611839449,-2.2291699748376406,-1.7145590725844009,3.401391927761989
-0.014661030005040718,0.012070215825129505,-0.0033002289796023585,-0.007430814303675588,0.32062039234250905,-2.211121676719887,-1.7314809443738766,3.3770166811536844
-0.014588176040928665,0.012243265903485302,-0.003564597596546816,-0.0072911730274789885,0.3160382986458874,-2.328068334077514,-1.520334299553298,3.490441139380248
-0.014587855107655607,0.012212978478178847,-0.0035375916122734933,-0.0073343548500955915,0.31985659702113445,-2.322297849666214,-1.5573357309582792,3.496870533278095
-0.014594706550368743,0.012228751510698257,-0.0035423119822518044,-0.007303163537208236,0.3165578967229611,-2.31869060275936,-1.5384569736848348,3.481264931856677
-0.014600620602478487,0.012199523014461262,-0.0035072805611579302,-0.007336395904506485,0.3187260859499757,-2.3065479961121844,-1.5744756056646911,3.4755042799843126
-0.014656156816710153,0.012103215930469442,-0.003339433428499203,-0.007393455952278777,0.31804520988120916,-2.2261671698765113,-1.6916600140612879,3.3842253810705407
-0.014617754436304137,0.012185281124609634,-0.0034702313078291912,-0.0073334915783546265,0.3167535396133512,-2.286168804692483,-1.5924311523446704,3.4461129295672426
-0.014623373939816046,0.012170745914676822,-0.0034488667681463548,-0.007346075974972955,0.3173932090385111,-2.277069574816772,-1.610206115867518,3.4377957336431235
-0.014644600512034135,0.012131440937639064,-0.00338244484635078,-0.0073711772948710326,0.3173976313009508,-2.2456825167514727,-1.6578588334133044,3.403157749062658
-0.014657330830382422,0.012119814716682283,-0.0033540317819203873,-0.0073695491500915585,0.3158442025544976,-2.229861075670801,-1.6715262035099294,3.380889877050651
-0.014635725571547362,0.012161130560349218,-0.003422852774922831,-0.007342729001281147,0.3158511201882869,-2.2623738757204026,-1.6219960779524423,3.4163122186803148
-0.014647375664538586,0.012148428561308402,-0.00339494363624323,-0.007344378682527078,0.31481200343772087,-2.247570073271272,-1.6372694607939582,3.3964693395099994
-0.014431924011556952,0.012541680869813283,-0.0040349854968918355,-0.007036182428913316,0.3079909267909962,-2.506289206165024,-1.1268848064790846,3.671584656122277
-0.014432108395965648,0.012510636103232409,-0.004012709287950847,-0.007084066820793507,0.3124214048671236,-2.507063042227338,-1.1639128637682987,3.686324537445803
-0.014438481898559657,0.012526950007247618,-0.004014491436896824,-0.007051676138253872,0.3089645999627043,-2.5003451693880616,-1.1465821042632056,3.6669617490297335
-0.014440003478029456,0.012480527142150668,-0.00397852542714541,-0.007121587413644072,0.31512371537724904,-2.4995134511647414,-1.2027467117465385,3.6858836649615694
-0.014453494408485224,0.012466930829769435,-0.003947656448662269,-0.007126901327463564,0.3143249741264808,-2.4859610220692976,-1.223221998716886,3.6671788798331373
-0.014491031668539963,0.012393847824521497,-0.003834071195127618,-0.007193287781208563,0.31682472750346397,-2.44531872250456,-1.321824955736416,3.6272499624436993
-0.01448204536610686,0.012410686329021777,-0.0038609691513699237,-0.007178758053434105,0.31634956450928015,-2.455406504569193,-1.2991805529096425,3.6375789284526623
-0.014470450761200753,0.01242454236403128,-0.003889373009042549,-0.007171619321489491,0.3168225067227377,-2.467751695357666,-1.2794051229365662,3.6536012925572545
-0.014463877238527252,0.01245421764125283,-0.003922202217345347,-0.007134243604876606,0.31401240062087593,-2.475350955825617,-1.2415543568050706,3.653562730775606
-0.014476501356628719,0.012441921805788311,-0.003893647161471347,-0.007138134605232659,0.3131622744756086,-2.4623721624657064,-1.2598550316518116,3.635486652608897
-0.014445474684851476,0.012497645262690354,-0.003982673686964513,-0.00708896044090476,0.31160522921446554,-2.4939834605954148,-1.1838299103487877,3.668056345744152
-0.014514000923777831,0.012390776815727006,-0.003797341714245062,-0.007170157920080801,0.3125317910160265,-2.422101756658886,-1.3305246854170643,3.586118523787732
-0.01456592032532359,0.012305615705711245,-0.0036509394677288506,-0.007230643536894427,0.3129947633870053,-2.3607668503560606,-1.442371700924185,3.516899929990896
-0.014552869813343937,0.012315765265907205,-0.003678429928201826,-0.007232371162318054,0.3143943711849269,-2.3752341558320587,-1.428272954921022,3.538110357913621
-0.014536827438587783,0.01237505059484309,-0.00375100647412362,-0.007165731954023397,0.3100127944790811,-2.3980324316808868,-1.3540327475511675,3.549823330721858
-0.01454700766810765,0.012334246733763737,-0.0037025316674385274,-0.007212844311467683,0.31319139585815564,-2.383482889300115,-1.404981701790901,3.543663163063609
-0.014548921676592955,0.012356416950688013,-0.003718136832208592,-0.00717821303731301,0.309979050981519,-2.3841486101632956,-1.3785690653439968,3.5337074011319096
-0.014311459309151623,0.012771739642471362,-0.004367687050124971,-0.006794370854262017,0.2964117102017752,-2.5928410316055115,-0.808222415807502,3.7453822168346718
-0.014330629495405148,0.012740213908024534,-0.004319575716442973,-0.006827076304105409,0.29783929412377863,-2.581207239315201,-0.8535751258467252,3.7341727629570087
-0.014328382347206526,0.012758965478663745,-0.00433345170416136,-0.006798962390744739,0.29526960753933884,-2.5797525008082807,-0.8314602145472072,3.725399705315831
-0.014349016430164847,0.012726681512033418,-0.0042824457806367585,-0.006830924590124846,0.2964883426763815,-2.56642380976785,-0.8780598123991744,3.71156062695665
-0.014368425570343242,0.012710064768950822,-0.0042419842671032985,-0.006838323794664647,0.2955154102506267,-2.5509251991795057,-0.9061566645427296,3.6888566593184535
-0.014420864219142958,0.012573082453067591,-0.004073705633240045,-0.00699953587007015,0.3057006980322718,-2.51552505934529,-1.0858752246639858,3.6754888233739926
-0.014437627706165274,0.012559968892991819,-0.004038785853776165,-0.007001597335252434,0.3043965828177555,-2.4999161519800706,-1.10736257481367,3.6523517248834687
-0.014423304859539778,0.01259333757769736,-0.004083427019617084,-0.006965376972600426,0.3024337628112989,-2.511845938411057,-1.063128220561454,3.660655072476613
-0.014417824612513378,0.012613976236042624,-0.004105443820027589,-0.006939064563251965,0.3004001500565487,-2.5155230091152183,-1.0371369416892613,3.659312065908247
-0.014389066214959646,0.012692481155017886,-0.004199044256894446,-0.006845575446511682,0.2943641357200594,-2.5341221512468195,-0.9354509440635049,3.664305660389688
-0.014406655727062633,0.012673161197339723,-0.004159875313160443,-0.006858157290585246,0.2939781896343956,-2.520085516580331,-0.9649385529240716,3.6456135023222864
-0.01441895128876037,0.012654392045118005,-0.004129205905001269,-0.006874888892209105,0.2944608836894959,-2.510615259111264,-0.991317031900217,3.635191950910904
-0.014432234151655312,0.012635317846967736,-0.004096659213677332,-0.006890756423175847,0.2947956721627259,-2.499905198772644,-1.018326955466838,3.6228029022427095
-0.014850070643056644,0.011442290584725992,-0.0023407990844915064,-0.00787171400355744,0.3319182677487615,-1.6915747361951212,-2.409193550110904,2.8823795727701316
-0.014889519016545066,0.01136319873286075,-0.0021969183872508243,-0.007880195564232069,0.32695541567631925,-1.597499480825305,-2.470296553167501,2.771518634467205
-0.014854386384157694,0.011426196030302533,-0.0023151199495289212,-0.007880216885437741,0.3318437454931413,-1.6756757194559668,-2.424266049266974,2.8665393754091943
-0.014857069219889638,0.011410339184021196,-0.002291275762263192,-0.00789109755232577,0.3321756504121085,-1.6611834599354565,-2.439902993355798,2.853492416511774
-0.014883901499631147,0.011378584515635845,-0.002222930248392803,-0.007875442929363005,0.32745137418226505,-1.6142763979110553,-2.457582479390737,2.7897875836358783
-0.014877184731672623,0.011393009431266332,-0.0022486768439296165,-0.007873299658507036,0.3282687335672904,-1.631095869310048,-2.446391257618966,2.8092738243716813
-0.014871203487332878,0.011405332891951697,-0.002270911521960692,-0.007871744122216038,0.329002355441643,-1.6456165888809653,-2.436829109318461,2.826267244866138
-0.014812157632265066,0.011563353669888768,-0.0025374791823842124,-0.00781079420877868,0.33284871752346096,-1.8115801949857377,-2.2938792774251127,3.0052289717065723
-0.01482087208102141,0.011531985075503516,-0.0024880107253879916,-0.007829483829639298,0.3330017683861397,-1.7822059664213172,-2.325145247805714,2.976417415651341
-0.014817261280974416,0.01154760692941406,-0.002511914028444882,-0.007819054891115675,0.3327410771789335,-1.7962592441855285,-2.3092815273891367,2.98954997955749
-0.014811222840373534,0.011606058122418189,-0.0025924520541043255,-0.007766401146762597,0.329823971856217,-1.8409017149914926,-2.2455098183784643,3.023590551926914
-0.014824984133632242,0.011576365482323816,-0.0025403349261906827,-0.007775824037540353,0.32872056269557537,-1.8090667920608035,-2.2729024550477717,2.9875715989617064
-0.014818699631087317,0.01159164211448011,-0.0025663022760409847,-0.007769769804732637,0.32909590624086643,-1.8247902042268904,-2.258525795082645,3.004756881778997
-0.014834819842078673,0.011527597177686496,-0.0024678149029604183,-0.007810851468532882,0.32989952037974934,-1.7669588640945082,-2.3229634800197676,2.949680614746724
-0.014863654862915639,0.01145525081228668,-0.002344479178651621,-0.007835881942347902,0.32772438023562606,-1.6899678900650172,-2.387254311960898,2.865228605214929
-0.01485901089232512,0.011471028556743174,-0.002369781786065806,-0.00782801943987074,0.32782941721262865,-1.7055691413773815,-2.3726465194757016,2.8810672877072463
-0.014841143618106867,0.01151571331386733,-0.0024459631556017244,-0.007812609392091033,0.32918095665893604,-1.7531051834273506,-2.3329589811817333,2.9332409629891036
-0.014853907579915388,0.01148662329607666,-0.0023952506476568017,-0.007820928096195709,0.3280370247300865,-1.721298472900768,-2.358345742673879,2.8974429914697546
-0.014847965293055558,0.011501701471452982,-0.0024208562052827048,-0.007815579588238253,0.3284687077212349,-1.7372529051174654,-2.344910839277753,2.914881095018426
-0.014796859727130416,0.011647601634874528,-0.0026598054048270372,-0.007744073802356301,0.33005232297985937,-1.8803477132553834,-2.2039424481152707,3.06418763818403
-0.014797787227360665,0.011664659789602856,-0.0026797009052538577,-0.007723590980960987,0.32837710095887646,-1.890068007343032,-2.183788300068318,3.068159390493435
-0.014805255546888286,0.011633548457971708,-0.002633176673109851,-0.00774605492569516,0.3290977121317656,-1.8639291359613421,-2.2165807767308725,3.0442365481287674
-0.014820669650133405,0.01162035654431048,-0.002600002856844452,-0.0077355561835559085,0.32639590579602684,-1.841761979425417,-2.2249068234250715,3.0120524992718285
-0.014896088734528794,0.011273996520263797,-0.002068511398293542,-0.007949658313966572,0.33009745292365933,-1.5182361699074265,-2.5586345855630324,2.7063141626226765
-0.014891137340271988,0.011289075652051991,-0.002093882939172898,-0.007944986358692578,0.3305467127530542,-1.5349494580129532,-2.546527881027998,2.7242589076429096
-0.014886257485396305,0.011303603011288278,-0.002118401695897686,-0.007940509605914853,0.3309956036296983,-1.5510597719164487,-2.5347791155595214,2.741616150844448
-0.014894638960097245,0.011347108318420876,-0.002170386237437511,-0.00788626796992868,0.32661367134254493,-1.5804488958128875,-2.483896877189299,2.753537458143757
-0.01489699660943108,0.011313272771384072,-0.0021220413355486785,-0.00791302193938987,0.32787271528781486,-1.5507613546895331,-2.517550689948409,2.7293493101016146
-0.014899710033736274,0.011329125307565406,-0.002141280524657657,-0.007893948100824564,0.3263442770986811,-1.5617769077429142,-2.499317277855224,2.734351589008299
-0.014923360131830335,0.011165605432701967,-0.0018922846432234718,-0.00799292368312176,0.3282943018837812,-1.4016566183834411,-2.6471000208803255,2.5872374993012888
-0.014900610540857848,0.011258394052964901,-0.0020427594743822643,-0.007955367746838457,0.3297614225142374,-1.5013152610682108,-2.5714087088266955,2.688625139285555
-0.014906156301280435,0.011226460513320949,-0.0019930990946279517,-0.007973067827416446,0.3298928935945486,-1.469164521318535,-2.5997098264893683,2.6581600550282487
-0.014904458883388762,0.011242279704634222,-0.002016833651253135,-0.007962526622065919,0.3295613847985687,-1.4843608359601872,-2.58501148503639,2.6715811940667895
-0.014920542859194457,0.0112207438067568,-0.0019728536483627364,-0.007952366418249162,0.3266113916625197,-1.4534041948119176,-2.594976052240656,2.6304399409201116
-0.014937063294709776,0.01117762914701658,-0.001898295448146242,-0.007958644290351842,0.32440370876504,-1.4028376489321295,-2.62499808048152,2.5735619478926037
-0.01493215278997089,0.01119319708057239,-0.001924346441058531,-0.007954673382939712,0.3249516999585727,-1.4203955963147534,-2.613547141865593,2.592482117036219
-0.014926160074637788,0.011207995430378273,-0.0019501955400891273,-0.007953077731535016,0.3257924946663642,-1.4379706123367468,-2.603474032998209,2.6125085791126725
-0.0149283703633992,0.011133660263734897,-0.001842364998476794,-0.008009481276836134,0.32831533836265225,-1.3685247425075955,-2.6740671291206817,2.5557250162009804
-0.014926943599402132,0.011149505240357458,-0.0018663142501630242,-0.007999449800874624,0.32803835012446486,-1.3842646493855997,-2.6599457861722695,2.569712623465581
-0.01494267045535419,0.011127706856915257,-0.0018225505487539414,-0.007988354978588645,0.3250287721630553,-1.352968658459588,-2.6685161389796512,2.528222232729516
-0.014958313453956353,0.011084357582958178,-0.0017480338298664136,-0.007993285743925107,0.3227340739449472,-1.3014478540716576,-2.696521802368279,2.470477853495636
-0.014953795364042106,0.011099928093400172,-0.0017739556929338653,-0.007989696827492213,0.32329390707576416,-1.3192621026367417,-2.6857554386022655,2.489566776233316
-0.014948085600897637,0.011114767165556181,-0.0017997271207719334,-0.007988637210160089,0.32417286458764366,-1.3371260985414033,-2.676444967708775,2.5098767828180937
-0.014962624634128464,0.01106820006440202,-0.0017213976113530406,-0.007997498699052736,0.3222334336331039,-1.2831269760975001,-2.7078195763821253,2.4511264713912984
-0.014956622271889403,0.011009730906832103,-0.0016400183241830387,-0.008050758500953733,0.3255146837113383,-1.2297834421150056,-2.765712841411487,2.4133758516993704
-0.014963856595774117,0.011034049230311146,-0.0016706771391332496,-0.008020146983559216,0.3230344078394199,-1.2491746444232368,-2.7377459168178087,2.4220030306309366
-0.014967110591248167,0.01105015577600423,-0.001691863393456347,-0.00800256944167281,0.3217190333987883,-1.2627862890934798,-2.7204917733797305,2.4298758421382725
-0.014969228251224275,0.01102096894984236,-0.0016476573866528734,-0.0080196567364154,0.32209655025453515,-1.2328963130628825,-2.7449011995556636,2.4030639058855345
-0.014962005002643275,0.010977936750175667,-0.0015890613132957837,-0.008062967122901265,0.32507634270875435,-1.1944855297114003,-2.789168693174435,2.378411485053394
-0.014960308712461632,0.010993765728157176,-0.0016137705448771944,-0.00805516384604333,0.32504547405946876,-1.211485125150264,-2.7767210111024814,2.394363050989068
-0.014975890260353236,0.010971691151181892,-0.0015703147238376968,-0.008041563012289853,0.32183912608672455,-1.1796121598721987,-2.78241615543774,2.351836566491971
-0.014980989778198672,0.010958792503157504,-0.0015477383133362073,-0.00804081834229608,0.3209098509139454,-1.1634783663069126,-2.7890255296038347,2.3331117467950917
-0.014997015310364323,0.010172736759216247,-2.8789863198192467E-4,-0.008328215293297407,0.3184608137888685,-0.2249086312379737,-3.2728998166902463,1.453698496609163
-0.015011186282548676,0.010165351621533565,-2.739138805229046E-4,-0.008300272236765353,0.310742504708403,-0.218433925494912,-3.257425328305827,1.4333071358219287
-0.014996448082291579,0.010188431847002629,-3.1402529830744407E-4,-0.008327271121666547,0.3204219299256427,-0.2453421417070031,-3.2675766598228826,1.4742630522311828
-0.015010632943659724,0.010181041796798082,-2.999079868183873E-4,-0.008299397468502149,0.31091574539731853,-0.23884576409202482,-3.252198014095215,1.453784593884236
-0.014995831562063067,0.010204124970286513,-3.401604353301722E-4,-0.00832624438545863,0.3217414778228757,-0.2658170841749516,-3.2621173866899653,1.494758858902596
-0.015010072179108725,0.010196722974256417,-3.258837676682567E-4,-0.00829836198470948,0.31104625054782226,-0.25926152930288876,-3.2467986950333874,1.4742266769394663
-0.014995165756016561,0.01021981599104591,-3.6632221273542664E-4,-0.008325134262941772,0.32166593297298374,-0.28637648008903016,-3.25652876992203,1.5152534794597905
-0.01500948747183752,0.010212429530708526,-3.518941558830154E-4,-0.00829719330303756,0.31145408443581046,-0.27968259929183126,-3.241243716247062,1.4946713956339226
-0.015008838028984192,0.010228171762775651,-3.779597344663621E-4,-0.008295967554595886,0.3122269156876827,-0.3000741206905712,-3.2355809931856325,1.5151317294968771
-0.015025711571613467,0.01015798509451069,-2.60057367959981E-4,-0.008272353125420183,0.30929222858894523,-0.20478718025758455,-3.2421606111791093,1.4067085275526832
-0.015026292921052937,0.010142192503348139,-2.3405247408440783E-4,-0.008272903363421897,0.3088348583048526,-0.1843444716687432,-3.2470401271994085,1.386101623159318
-0.015026751646709626,0.010126308131526025,-2.079063791200308E-4,-0.008273525182894528,0.3083956127619853,-0.1637718901618748,-3.2519193459135134,1.365438887144233
-0.01502811934265705,0.009952676936344577,7.786902430312395E-5,-0.008275655782449688,0.3033918545347572,0.06281873680755891,-3.2977314086507836,1.1386017292181017
-0.015027113962904771,0.010110410348186842,-1.817426074689939E-4,-0.008274156802294166,0.3079276503328194,-0.14316070185734867,-3.2567386358390036,1.344786489628946
-0.015027424504077335,0.010094532342431623,-1.5561124463144186E-4,-0.008274706842446232,0.30746267992018894,-0.1225490619606665,-3.261430123946417,1.3241402327943204
-0.015028408815984473,0.009968478207263175,5.185756728383012E-5,-0.008275539338183537,0.30379298941764393,0.04208366973566808,-3.2939528980779174,1.1591760008369294
-0.015028538866256436,0.009984304077165078,2.5812386062122517E-5,-0.008275560575389486,0.30413782965843433,0.02133739168931227,-3.290189177331927,1.179866422097504
-0.015028476373720658,0.010000116616006279,-2.087289172320631E-7,-0.008275785322665083,0.30449836981872475,6.180104143366349E-4,-3.286490177718847,1.200665809589928
-0.015028263169853062,0.010015864217269393,-2.6126694952664788E-5,-0.00827613094865791,0.3049400048784392,-0.020009205254853907,-3.2828147777009495,1.2214723692162872
-0.015028021133690393,0.010031532137057991,-5.1918938186535275E-5,-0.008276355950617967,0.30548584757773306,-0.04051257520725513,-3.2790134262893456,1.2421444780928936
-0.01502786881277436,0.010047175525554035,-7.767167050695601E-5,-0.008276223971530224,0.3060651439717827,-0.060942182193054244,-3.274924130751273,1.262624494429531
-0.01502778505444344,0.010062879159538046,-1.0351902519591779E-4,-0.008275774288715542,0.30658908662158196,-0.08140157042918118,-3.2705517587727555,1.2830351180317263
-0.015027656478876229,0.010078676988130385,-1.2951781551144827E-4,-0.008275229585554383,0.3070319787207778,-0.10194732344050332,-3.2660270259475754,1.3035334359163746
-0.015022113754709916,0.01025236218478783,-4.153604295172683E-4,-0.008265536961184027,0.3121877738332302,-0.32612499337910084,-3.2093776704570263,1.52830491238595
-0.015022970766063182,0.01023651027341964,-3.8925806237727307E-4,-0.008266630859458383,0.31176273494890777,-0.30579359224298797,-3.2150267901721707,1.5077999324189693
-0.014911450597951648,0.00906316862569595,0.0015613493042802376,-0.008185612073411461,0.29664152219704626,1.2777758466352824,-3.337973498860665,-0.03840456856175433
-0.014926603941863311,0.009068282227633907,0.0015430845628326094,-0.0081595213096953,0.2894095282271794,1.256621900012967,-3.3212715276202895,-0.031064567795569677
-0.014905466592036428,0.009032323652033132,0.0016127189357866072,-0.008175646227240907,0.2949081504755886,1.3199022088081918,-3.3308055821454468,-0.08008165325267377
-0.014917715526776147,0.009021887938749024,0.0016198412039708052,-0.008144371065042212,0.2901371031578697,1.3198218486330748,-3.3103863602118158,-0.09315430436460957
-0.014902401901103013,0.009016915263030915,0.0016384114182037294,-0.008170536084776227,0.2953808621086846,1.341066405656939,-3.326979680355201,-0.10093977847492519
-0.014908482834330765,0.009047741492513604,0.0015870304136051132,-0.008180671749768513,0.29520696808914004,1.298821378929368,-3.3344692433588565,-0.059227308302724956
-0.014920711138096884,0.009037361368704111,0.001594258383954796,-0.008149542954366014,0.2901389906540833,1.2988044086631734,-3.3141547065117174,-0.07247565020329018
-0.014923662272486352,0.009052824963412047,0.0015686821009346515,-0.00815461346176227,0.28987020072659225,1.277751912622965,-3.317796953048082,-0.05178409148119406
-0.014928237524093783,0.00915591771365941,0.0014067889003367298,-0.008213586237566432,0.2976980928232239,1.1504262156497627,-3.356489114535892,0.0869509992063952
-0.014940617143307197,0.00914581967740895,0.0014146900661478436,-0.008182864468494628,0.2894109707585965,1.1507536649314554,-3.3367878166878753,0.07295842971470022
-0.014930865148160086,0.00917140547270682,0.0013809678666873006,-0.008217966907244495,0.29711196957501856,1.1290974959454776,-3.3591378337484286,0.10790705894790302
-0.01494329790223775,0.009161348342778658,0.0013889599001844562,-0.008187241894084355,0.28942539630555647,1.1295198190159506,-3.3394922820519963,0.0938117200847236
-0.01493344407547077,0.009186901264173679,0.0013551310150854,-0.008222266896488112,0.2965215148000443,1.1077700778625115,-3.36167713946034,0.12889473463310774
-0.014945914102309743,0.00917688573831116,0.0013632269928185307,-0.008191567967932918,0.28967138530973435,1.1083128101896145,-3.342090779808816,0.11467642226069143
-0.014935974281465732,0.009202404931867789,0.0013293027217407083,-0.008226482154751998,0.29723388229811,1.0864938579425352,-3.364093951646143,0.14987861134129868
-0.014948460467012372,0.009192420270930556,0.0013375087830046694,-0.008195846358800314,0.28975159781093535,1.0871325009551631,-3.3445801631432217,0.13554178703188643
-0.014942143528101836,0.009073312301994737,0.0015250283877742776,-0.008133344885349602,0.28917492723417815,1.2420628320105545,-3.3020129845486488,-0.029995114078763988
-0.014945136470227535,0.009088842683961448,0.001499403758625325,-0.008137917273162253,0.28911267707870114,1.2209962889839938,-3.3051759525352042,-0.009381831962865725
-0.014947952697252258,0.009104464756670731,0.0014737249752051172,-0.008142706937330416,0.28899462870483333,1.1998915149595886,-3.308427248833303,0.011404231384568524
-0.014950626921993589,0.009120091234422664,0.0014480970357101895,-0.008147591375359893,0.2889786128879443,1.1788212671538527,-3.3116792032582727,0.032243337538511614
-0.014953328520191515,0.009135665555668077,0.0014224959532467124,-0.008152210226068983,0.2890752911571761,1.1577620071201788,-3.3146754936170093,0.052997066073880196
-0.014966269026450155,0.009420196622188312,9.663490754448341E-4,-0.00827696954133422,0.30019108613256423,0.787260917026147,-3.3848774907360277,0.44477889997705194
-0.014968065848509118,0.009435799924780781,9.403318270371448E-4,-0.008279965595914091,0.2998388773080848,0.7657365523401974,-3.3854626885147407,0.46593520538729233
-0.014981158094998392,0.009426383804625538,9.499612601418602E-4,-0.008249620520162376,0.29177222131931485,0.7682200124360904,-3.3666345848722545,0.45016736462706936
-0.01496442318144846,0.009404598895283897,9.923475755482408E-4,-0.008273892862459888,0.3002793906902698,0.8087595159300434,-3.384189747729723,0.423650045019122
-0.014979294254054129,0.009410731461508103,9.75897210369963E-4,-0.008246652706923242,0.2914289713262366,0.7895071980178842,-3.366068903037443,0.42913002282358365
-0.014962528329925274,0.009389006894728722,0.0010183221183257473,-0.008270736238379567,0.2997577124538298,0.8301875778596859,-3.383394543576667,0.4025422276289052
-0.014977376716938101,0.009395081998073006,0.0010018319779157498,-0.008243611035835952,0.29122547767781254,0.8108202289074896,-3.3653779460657707,0.40809071688061543
-0.014938455742167742,0.009217916319918088,0.0013034673107860557,-0.00823061521059496,0.29827235868721763,1.0652018060825534,-3.3663766628546092,0.17084507563819787
-0.01495097147646293,0.009207945024847074,0.0013117942616300458,-0.00820000890430146,0.2895796434855357,1.0659313238051642,-3.346920596786273,0.15640810733159619
-0.01494088843417703,0.009233435272781454,0.0012775946427492114,-0.008234670846857566,0.2978773974210715,1.043831298832648,-3.3685342064531265,0.19183040676125063
-0.014953460198106075,0.00922347583047492,0.0012860546203863914,-0.008204039776923062,0.2895708005147843,1.0446917308294725,-3.3491098797296117,0.17729336532282478
-0.014943272334665861,0.009248961635249483,0.001251696841690486,-0.008238647166938753,0.2968607224043446,1.0224470031929427,-3.370579910536677,0.2128607144831233
-0.014955890000835685,0.009239031353461782,0.0012602841597133833,-0.008208017637884056,0.2899024382248326,1.0234544044038092,-3.3511975480492375,0.1982110495917745
-0.014945607421372954,0.009264495252455318,0.0012258074011755968,-0.00824253906684631,0.29707672893048276,1.001132087583494,-3.372505708660206,0.23390720255628125
-0.01495823893974963,0.009254601741464405,0.001234507605146781,-0.00821197855263234,0.2901736820079757,1.0022433734058256,-3.353198003170459,0.21914596520890514
-0.014947893672597863,0.00928003596988042,0.0011999259815145924,-0.008246346639141892,0.29824104353463327,0.9798536147188369,-3.374293740717851,0.25493380972797636
-0.014960536529703283,0.009270167061696722,0.0012087369221298841,-0.00821585668615131,0.29013090804076325,0.9810253588713281,-3.3550690913245265,0.24008024704664907
-0.014958591675504214,0.009357840677385805,0.0010702302300745724,-0.008264179488291659,0.29784996673978,0.872873950350061,-3.3814195162482386,0.36030857039241465
-0.0149605844888015,0.009373420771600324,0.0010442772821037745,-0.00826749915801813,0.2986713622994532,0.8515398616215567,-3.3824756483206024,0.38143454815220884
-0.014973452702141352,0.009363798835299858,0.0010536521427631836,-0.008237170611230913,0.2912074456333938,0.8534103857961527,-3.3635505382221638,0.36603275720552136
-0.014975424838366483,0.009379438080750516,0.0010277526488590566,-0.008240459464125228,0.2911970466232207,0.8321312279921217,-3.364542919101321,0.38705714210291214
-0.014950131067195255,0.00929558363336138,0.001174028147995948,-0.008250073490473027,0.2989736771649158,0.9585267270327466,-3.375945864343312,0.2759479874055658
-0.014962812256364186,0.0092857298566428,0.0011829540288160517,-0.008219598221573352,0.29001807195044327,0.9597673311588016,-3.3567842960123913,0.2610231662438562
-0.014952319584569097,0.009311138089096707,0.0011481025399720309,-0.008253721217287948,0.2989234204740752,0.9371262081983461,-3.3774806104999233,0.2969820479305179
-0.014965059447177374,0.009301306145623042,0.0011571405916970918,-0.008223223793827885,0.2900915774576693,0.9384806600172598,-3.3583584092200094,0.281990398125536
-0.014954459204666778,0.009326699183653657,0.001122153862702746,-0.00825728910340441,0.2984578564128767,0.9156855197842049,-3.37890941188043,0.31805729549145273
-0.014967256433061883,0.00931690522484916,0.0011312939686464066,-0.008226778491859347,0.29034949513783953,0.9171917589253757,-3.3598130605299983,0.3029835793327526
-0.014956549907973094,0.009342266763974991,0.001096191817002493,-0.008260775799938249,0.29791051273443525,0.8942542319278979,-3.38022690015897,0.33917318178690997
-0.014969388061527526,0.009332526038918442,0.00110542243918837,-0.008230289929747782,0.2907065344746261,0.8959173373315058,-3.361162592415291,0.3239941796303368
-0.01497144921196679,0.009348160500122488,0.0010795394128908047,-0.008233763658378716,0.2910460407747046,0.8746623644832173,-3.3624133409083465,0.3450124622348101
-0.015027782982213078,0.009936906490344457,1.038344379809462E-4,-0.008275685421453084,0.3028894192120554,0.0835489120205943,-3.3013794466890833,1.1180360550008215
-0.015027545259572636,0.009921159394758185,1.2975567463597342E-4,-0.008275338108879303,0.3023425749408723,0.10428551493536627,-3.3047108360615547,1.0973357992389283
-0.01502739443750292,0.009905410988631671,1.5566804950344724E-4,-0.008274637152070415,0.30187852424075406,0.12504459260771275,-3.3077443700014233,1.0764941134203088
-0.015027140071085845,0.009889620221059036,1.8165087066186235E-4,-0.008273960303062362,0.30153283349834276,0.14586868142297557,-3.310734109642722,1.0556408740986665
-0.015026679302768008,0.00987379369600268,2.077062521822334E-4,-0.008273511918586744,0.30119078414417216,0.16675721392870035,-3.313813459553813,1.0348700672915514
-0.015026110519174596,0.009857973871381948,2.3375985286092953E-4,-0.008273097631621115,0.3007525595726213,0.18766629922833813,-3.316846545726753,1.014137110473958
-0.014969813631697157,0.009451408652823316,9.143011547588028E-4,-0.008282880353857665,0.2994272697318484,0.7442300991311964,-3.385938381285675,0.4871155928990049
-0.01498295730183489,0.00944203886574347,9.240280686060898E-4,-0.008252535311425528,0.292187577405498,0.746964407826762,-3.367089042326274,0.4712012477472256
-0.01497151236057239,0.009467022656507899,8.882605327225636E-4,-0.008285713390649126,0.29906873861421185,0.722771864889668,-3.3862931682798494,0.508314232910293
-0.014984687579844847,0.00945769937107188,8.980941315037985E-4,-0.008255406232549946,0.2926319364705489,0.7257325833607756,-3.3674424893023165,0.4922363829427577
-0.014973162020172496,0.009482641786463353,8.622118431860356E-4,-0.008288464503423491,0.2987775577937611,0.7013802743426973,-3.3865155452575273,0.529525144710725
-0.0149863483106144,0.009473367809839012,8.72154945736522E-4,-0.008258235131825853,0.2930801826756429,0.7045146670499359,-3.367701127696094,0.5132770428217411
-0.01497476259600774,0.009498265893762122,8.361592378745571E-4,-0.008291133314047499,0.29860340401790725,0.6800728635788943,-3.3865962261959086,0.5507377932825427
-0.014987939365113624,0.00948904265999896,8.462121837072211E-4,-0.00826102133014481,0.29352315160312464,0.6833067995333425,-3.3678689409070564,0.534322476251453
-0.014976314074054054,0.00951389482992714,8.101151330800428E-4,-0.00829371866991317,0.29908309357894036,0.658868930661541,-3.3865297302217265,0.5719257496596345
-0.01498946251319075,0.009504713210505313,8.202808470784772E-4,-0.008263757573472308,0.2938801875043517,0.6621115129440055,-3.367943646065316,0.5553641224205544
-0.015025598771033514,0.009842187988150656,2.597484885122061E-4,-0.008272390907515165,0.3002589749618389,0.20855680642631966,-3.3196129915177637,0.9933311555487726
-0.015009434894694874,0.009787465956887497,3.5198769503298695E-4,-0.008297145807775089,0.2999888220271576,0.2809030211514219,-3.3469907457773265,0.9341266298797964
-0.014995165756016561,0.009780184008954095,3.6630277947477644E-4,-0.00832513530821179,0.305027677745626,0.2971564101045597,-3.366602822762037,0.931149860373692
-0.015025150971035647,0.009826421768244328,2.8569048601413184E-4,-0.008271377996423787,0.2998125475006022,0.22943627192006602,-3.3221052881181543,0.9724372976812553
-0.015024623457431151,0.009810637450504613,3.1166468204624865E-4,-0.008270341211801742,0.29941436673979843,0.25035814387698124,-3.324516713042613,0.9515335788715865
-0.015024012735823327,0.00979484330345132,3.376593723625985E-4,-0.008269287411524336,0.298970542791603,0.2713205081693466,-3.3268530198695756,0.9306279863509231
-0.015008800429817401,0.009771706979139207,3.780778348793676E-4,-0.008295876036492874,0.2997806457524859,0.3019592140722387,-3.3491319221503777,0.9131139859745588
-0.014994450670793703,0.009764495229330011,3.9244781402348244E-4,-0.008323943672005592,0.3042878543110493,0.3182466346091813,-3.3687325011802876,0.9099672598523112
-0.01499368631334919,0.009748808830033833,4.1861828083555115E-4,-0.00832266852649118,0.3050808167630378,0.3394764739499185,-3.3707375315722765,0.888768256686642
-0.015008120945518346,0.009755931540834166,4.041895991867132E-4,-0.008294511279837371,0.29918301325058594,0.323021414853124,-3.3511447610154064,0.8920699807613107
-0.014992872690959788,0.009733124950832917,4.447845219575248E-4,-0.008321311238951965,0.30586133521033076,0.3607814133589174,-3.3726256755379915,0.8676038376699958
-0.0150073541873244,0.009740154436684316,4.303091707198408E-4,-0.008293135870746572,0.29839987898211434,0.3441261591366674,-3.3530832070564087,0.8710146609221633
-0.014992009811233265,0.009717443732062379,4.709267520699836E-4,-0.008319872799434136,0.30562511017295424,0.3820797472413185,-3.374391938060574,0.8464760933980043
-0.01500650374548936,0.009724398431836995,4.56402759513396E-4,-0.008291747458244752,0.2978157634579342,0.36526275775445805,-3.354945729182267,0.8499708974052024
-0.014977816440745884,0.009529528446938641,7.840890920155352E-4,-0.008296219751740646,0.3007412495103981,0.6377466184311453,-3.3863137848130425,0.5930522977396985
-0.014990935660710221,0.0095203637534268,7.943775880996181E-4,-0.008266404659141345,0.2939742306882041,0.6409177493686605,-3.3678988026118835,0.5763905625432447
-0.014979269682969046,0.009545166597241006,7.58067361379213E-4,-0.008298637944872515,0.30288619963213204,0.6166071702718053,-3.3859531504806486,0.6141086923893228
-0.014992393834195669,0.009535993329388696,7.684917340171114E-4,-0.00826889642589653,0.2937947319855623,0.6196899739887992,-3.367688746838219,0.597405777912483
-0.0149806737880534,0.009560809133749612,7.320207351462527E-4,-0.008300975902369199,0.3041319818514978,0.5953384411196826,-3.385467220646367,0.6351398242333768
-0.014993856621261131,0.009551626068075187,7.425820320494865E-4,-0.008271204348652568,0.2936461645898342,0.598403983366942,-3.3672924324489633,0.6184359284492245
-0.01498202874376549,0.009576455909857678,7.059311011002126E-4,-0.008303235103243744,0.30378064982524977,0.573913659842362,-3.384881848364928,0.6562163005092169
-0.014995304428216664,0.0095672927574714,7.166108380922584E-4,-0.0082733753400111,0.2938509620152831,0.5770830882170733,-3.366734548211809,0.6395031075818448
-0.01498333453830101,0.009592106779443133,6.79806465821485E-4,-0.008305414731145083,0.3022039596976089,0.5524205065728078,-3.384209609328185,0.6773801692961138
-0.014996690976373302,0.00958300408382855,6.905776059592841E-4,-0.008275500498699117,0.2944892189141866,0.5557845286680297,-3.3660665802071965,0.6606025068066184
-0.01498459116027727,0.009607761596875476,6.536830433348503E-4,-0.008307511745164638,0.30109736540478027,0.5310077773125336,-3.383440381791561,0.6986052745876735
-0.014997975109827373,0.00959874104571069,6.645222498200802E-4,-0.008277652162483164,0.2953029500813798,0.5345590423180765,-3.3653348961597787,0.6817070155085679
-0.014990136311907444,0.009686089839949744,5.231889992280348E-4,-0.008316749825204386,0.30501319475845245,0.4246905153882192,-3.3775643865511022,0.8042373775569441
-0.014991097682117146,0.009701765314618097,4.970566725289512E-4,-0.008318352593993735,0.3050807105380376,0.40337107906505376,-3.3760353825942437,0.8253570775862218
-0.01500465250287865,0.009692951040257544,5.084891903856673E-4,-0.008288738991347423,0.2970450841799177,0.4075303270479811,-3.358306774655444,0.8079129667763049
-0.015005600298235352,0.009708667918657408,4.8245754508356465E-4,-0.008290288008337164,0.29744195445614113,0.3863983561232274,-3.356691932300843,0.8289406741218572
-0.01498579859872546,0.009623420217022647,6.275919160224719E-4,-0.008309523732882629,0.3019397969840778,0.5097492831851997,-3.382545961292345,0.7198148390770508
-0.01499916416446595,0.009614468939944065,6.384920636158691E-4,-0.00827980526657805,0.2958130493225188,0.5134008118158615,-3.364527666809422,0.7027833096234658
-0.014989125709257183,0.009670417450053835,5.49320033889536E-4,-0.008315064774202633,0.30525634139054403,0.44603111891974195,-3.3789883890579575,0.7831312210962671
-0.015003646674461572,0.009677240278930741,5.345126072134704E-4,-0.008287125943801528,0.2965548544319864,0.42868166815715497,-3.359804385643122,0.7868818861562829
-0.014986956843082835,0.009639082495257915,6.015202755798105E-4,-0.008311451795040517,0.3038524364545748,0.488566696701578,-3.3815006656226365,0.7409563035221302
-0.01500031200837633,0.009630168594554029,6.124995238647525E-4,-0.008281851042427492,0.29587873167228335,0.49224998343622844,-3.363581903133696,0.7238185121135237
-0.014988065883184873,0.009654748287466776,5.754340346613741E-4,-0.008313298505698837,0.30508749338730456,0.46733876877322844,-3.3803066678846783,0.7620459187452912
-0.015001453747865023,0.00964585141245528,5.865196439515052E-4,-0.008283726303011567,0.29586752718077886,0.47106639475434403,-3.3624639649123362,0.7448328492390875
-0.01500257549886079,0.009661539036085432,5.605256901138601E-4,-0.008285464194224011,0.29610142118577404,0.4498654663333235,-3.3611943974449185,0.765852300325322
-0.015023904064300755,0.01058690787657631,-9.534551722972488E-4,-0.008161553858755215,0.3149152524570109,-0.7349152586487343,-3.027195795846762,1.91229451378827
-0.015026933512208906,0.010571060467702086,-9.272255769622327E-4,-0.00816219226925148,0.31420202541452597,-0.7152355489104392,-3.0340318824531445,1.8913191894599564
-0.01503056527510256,0.010522716376614024,-8.493358179264527E-4,-0.008173885830598691,0.31318312454916303,-0.6569918816224741,-3.0598632046619874,1.834015297663921
-0.015029190437781425,0.010554462212783335,-9.001213431802105E-4,-0.008164437041779958,0.31362211260933887,-0.6949365403360619,-3.041977767456278,1.8704580069975272
-0.015029770971147572,0.010538089171250174,-8.73997955969079E-4,-0.00816964847519904,0.31345408813426956,-0.6754658357606087,-3.051413738175747,1.8518978233492585
-0.015032973161158397,0.01050728773107282,-8.239692498621494E-4,-0.008174838620489082,0.3125598589111726,-0.6378251390035606,-3.066404040062732,1.813918197654367
-0.01501691286620857,0.010649513948220614,-0.0010548253780052273,-0.008147636770300393,0.3165053375741888,-0.8100823442147416,-2.993147182829841,1.9875920116530674
-0.01501913276016143,0.010633269214147286,-0.0010283819257763136,-0.008150737808754553,0.31600657419552386,-0.7905168928752976,-3.001808948306831,1.9676829950798627
-0.015018972481681813,0.010617586713519424,-0.0010038392691243713,-0.008157991185961706,0.3160904763350017,-0.7725309694550714,-3.012426549759392,1.9514399837399752
-0.015032631610603486,0.010610177358478953,-9.863027326984615E-4,-0.008134896726093662,0.3128738148768246,-0.7583818040450163,-3.0028399674744235,1.9255563883588915
-0.015036675980329936,0.0105969179920439,-9.63841681417647E-4,-0.008132745820532554,0.31192535780452446,-0.7414861282835358,-3.0071275537262054,1.9062680670224308
-0.01500378101053268,0.010742935540621197,-0.0012066137490723185,-0.00812680754022222,0.3190634047121877,-0.921428480842802,-2.94015681295544,2.1003714712031836
-0.015005741235202319,0.0107271797446403,-0.0011812081250663171,-0.008131248850741032,0.3187446254020625,-0.9029617668845847,-2.949758115710313,2.0819993103209593
-0.015008739336990219,0.010696021320019414,-0.0011313007012460805,-0.008141189633711106,0.318238225189919,-0.8665951252001021,-2.9691760822698234,2.0465064881208126
-0.015007707044510014,0.010711220300917456,-0.0011554502300117708,-0.008135603236279468,0.3183546345588301,-0.8841619730417428,-2.959350472777432,2.0632714901306852
-0.01503089847436378,0.010659758238004247,-0.0010643433315328037,-0.008116109310916697,0.3131385713762244,-0.8157066274077526,-2.971622192933537,1.9794001328583415
-0.01502720723099022,0.010675708843274302,-0.0010908194599964034,-0.008115690522738717,0.3139373312908162,-0.8353324979224562,-2.9644913652560834,2.0006624357004203
-0.015022493878323268,0.010689009093557317,-0.001113693739372915,-0.008118317302939227,0.315006230888963,-0.8524071970266112,-2.9600637237847978,2.0205531570126234
-0.015017603924824091,0.01033155333124026,-5.456705671602486E-4,-0.008257791142174791,0.314593522452155,-0.42708718017988506,-3.1786893850886284,1.629738501235957
-0.015018697614967958,0.010315668612516595,-5.195143435914458E-4,-0.008259335924449664,0.31419999226184886,-0.4068843221823411,-3.1849842623439577,1.6093478159087977
-0.015019610756102962,0.010299750799517015,-4.93332527605856E-4,-0.008261062167134304,0.3137807610013213,-0.3866436317559517,-3.191324499891966,1.5890455328995878
-0.015021203660607338,0.010268140162108886,-4.4134531852768334E-4,-0.008264380607553095,0.31272627152278987,-0.3463429671670322,-3.2036390718932206,1.5487066302961063
-0.01502039456846322,0.010283902785990999,-4.672779299322119E-4,-0.008262846080747078,0.3132894436045021,-0.366470707922917,-3.197605222847338,1.5688862719585506
-0.015031946064356537,0.010340688129449544,-5.570324549763731E-4,-0.008227204102883646,0.3109385907203286,-0.4356230945317096,-3.1572249424910503,1.6241085902479264
-0.015030244790840383,0.010356373137835658,-5.828332378709617E-4,-0.008226647032119035,0.31156386943862363,-0.45548955659599283,-3.151541781162672,1.6446826871157045
-0.015028752307741316,0.010372016960787912,-6.085132085673158E-4,-0.008225510108751775,0.3121231245770082,-0.47522434953367393,-3.145449621373109,1.6648911969726214
-0.015035273512917237,0.010491028110599569,-7.973209522636002E-4,-0.008176116771470862,0.31192053832914496,-0.6176762587030112,-3.07336435068215,1.7929634754400425
-0.015035902833832139,0.010474947754331656,-7.715171532977827E-4,-0.008180399445486744,0.31168880158669054,-0.5982548819085736,-3.0818880208040436,1.7742129617718982
-0.015036546408800734,0.010459783872108103,-7.471347682459069E-4,-0.00818417204904963,0.3113936872995595,-0.5798317458775056,-3.0897302107300226,1.7563420975781965
-0.015038564460426798,0.01044461164751763,-7.222744113368943E-4,-0.008185099920940813,0.31080486859480055,-0.5609191899064724,-3.0958674385063554,1.7366787125900236
-0.015040421994750955,0.010428861919337099,-6.9653994749902E-4,-0.008186350443367187,0.3102405180165091,-0.5413262451158086,-3.102326489969054,1.7164851154886265
-0.015041770827314192,0.0104128705347985,-6.705649130873903E-4,-0.008188487931392987,0.30976424112224854,-0.521547910571968,-3.1093114149726606,1.6965482994579837
-0.015042502388255538,0.010396908723193243,-6.447968444433127E-4,-0.008191643097308183,0.3094180151192392,-0.5019257416511634,-3.1168089379177633,1.677291386197205
-0.015042704706903555,0.01038111616309075,-6.194164815828319E-4,-0.008195609368578917,0.30916321399131813,-0.4825847894961192,-3.1246614490059446,1.658749830792203
-0.015036447905184241,0.010260801031089135,-4.2647125220290433E-4,-0.00823550884921418,0.30858823832855103,-0.33471254108429843,-3.188369300402852,1.5228872819614914
-0.014972877981814828,0.010931541925201854,-0.0015124069405809905,-0.00807386093925845,0.32355416200917914,-1.1404320555089613,-2.8195519648629603,2.3217362585410233
-0.014974624697708267,0.01091531475756291,-0.0014868776629652174,-0.00808112858538304,0.32352242760761835,-1.1226119940659913,-2.8316705995183185,2.3047974685869437
-0.014987091513500868,0.010943145300294334,-0.0015204384808774867,-0.008039893884809633,0.31981205260518003,-1.1439401667134492,-2.7969150324992005,2.310478950869133
-0.0149791824658994,0.010883852552706859,-0.0014364753802063271,-0.008092505680826282,0.32302991392907093,-1.0870474409802957,-2.8536668710467734,2.2697375662112296
-0.014977409876447521,0.010899194123717558,-0.0014607916096878706,-0.008086203712303753,0.32312424497098213,-1.1041640425629848,-2.8426108744953638,2.2862147079089508
-0.014998227884800363,0.010864508796266947,-0.0013955545842314749,-0.00806869880041485,0.3187223317326851,-1.055990096971299,-2.8516466865220873,2.22405011839519
-0.014992989262419824,0.010877447692195449,-0.0014182664148829139,-0.008070619847293433,0.3197803905389229,-1.0725113811481237,-2.846073162294754,2.2434933346827126
-0.015004256277254982,0.010848547144833945,-0.0013678396522838231,-0.008066959740619259,0.31756136129166895,-1.035843844913592,-2.8587142405399817,2.2006660788188834
-0.015010010254314914,0.010830440957353313,-0.0013370847280592842,-0.008066774971659816,0.3164280009266158,-1.013530660020497,-2.867503462173059,2.1756130114684584
-0.015006470664752664,0.01081430144528223,-0.0013146188433155847,-0.008082682815006657,0.3175738208646637,-0.9980995444649314,-2.8834476036687224,2.1655416993725543
-0.015009746008145922,0.010784054331199725,-0.001266643641906108,-0.008093422126243713,0.31718900526971966,-0.9636945752394734,-2.903454190989677,2.1320881119051855
-0.015012707676517356,0.010799304060935603,-0.0012882772953414763,-0.008079398201243268,0.3162274408225998,-0.9787233084651465,-2.888969255037655,2.1424749918069477
-0.015015643055872479,0.010752305457103286,-0.0012148136827328823,-0.008099348466374145,0.31613081335076293,-0.9260364100180183,-2.921390803053986,2.093024459934443
-0.015017807380105597,0.010768588926807779,-0.0012386161559013178,-0.008086593761742424,0.3153702736481088,-0.9428206658041656,-2.9071757445339017,2.105848088347131
-0.014899288792197036,0.009001516484536435,0.0016640998809262489,-0.008165342779532441,0.2962865065020162,1.3623148483609864,-3.323005371521942,-0.12177107442822516
-0.014914652953502376,0.009006413163998443,0.0016454345226329734,-0.008139144133237507,0.29000525708020236,1.3408351336545454,-3.3065192911169423,-0.11382689058346833
-0.014896127296621686,0.00898612747582548,0.001689779884944438,-0.008160067155280235,0.2977734257861749,1.3836301577618795,-3.318912978167601,-0.14254903426079135
-0.01491151249457575,0.008990948263505357,0.001671030630693407,-0.008133889891123014,0.2897740220039677,1.3618606822322696,-3.302561092489935,-0.13449258017795754
-0.014886352812552904,0.008940020664703167,0.0017665882732364197,-0.008143784324511712,0.2969357411187752,1.447138141522309,-3.30607070880933,-0.2045421431714416
-0.014889659273885168,0.008955379406047948,0.0017410301538780997,-0.00814928659275919,0.29871586712587733,1.426110638310116,-3.3104641514827384,-0.18390009023137507
-0.01490165005258731,0.008944697297907622,0.0017477180922301633,-0.008117978832562161,0.2900762350601886,1.4250539851188504,-3.2901059812505875,-0.1963333853227666
-0.014892917446321189,0.008970748396413332,0.0017154318912016035,-0.00815471327211189,0.2991138284950507,1.4049356661495545,-3.3147329239205505,-0.1632537126196563
-0.014904978836058196,0.008960094185298336,0.0017221885111122924,-0.00812336882541413,0.2895585946701688,1.4040030528327179,-3.29438547465942,-0.17575663186872462
-0.014908283360739077,0.008975506284055019,0.001696620641393016,-0.008128637868679534,0.2895146895758464,1.3829182423876911,-3.2985196948738182,-0.15514119614747404
-0.014879595159429932,0.008909334570059206,0.0018177408094824281,-0.008132519251175025,0.2977224982127788,1.489274259284049,-3.2968284723366366,-0.24586662814184798
-0.014882998096217483,0.008924672332571876,0.0017921535782424141,-0.008138196306825485,0.2963149667745178,1.4681561449579512,-3.301522260635115,-0.22521021425181262
-0.014894974382203432,0.008913873758598798,0.001798711712611654,-0.00810668236442745,0.2906693879134829,1.4669220138243262,-3.2810172210736934,-0.23742013144683952
-0.014898327930527757,0.008929291092591763,0.0017732166917319092,-0.00811239410178022,0.2906097968659476,1.4460155493026408,-3.2856384879314082,-0.21688308831159867
-0.014865501922029584,0.008848092431344245,0.0019198007199748327,-0.008109033228433243,0.2983375378235747,1.5733713907784075,-3.2770235753285246,-0.32786846480952564
-0.014869097381817617,0.008863386307324785,0.001894339797251804,-0.008115018937286056,0.2995037840283419,1.552503699434516,-3.28214274140643,-0.30741102230736417
-0.014880833032009634,0.008852470763676462,0.0019004807787041634,-0.008083595031733793,0.2912573873720871,1.5506338561877426,-3.261578402788054,-0.3192761308815832
-0.014872644766016243,0.008878691396530594,0.0018688508229574036,-0.00812092671949213,0.3000766882668995,1.531537198392775,-3.287132302276811,-0.2869554615843224
-0.014884429132750038,0.008867772516646262,0.00187511758613505,-0.008089482164130966,0.29069331586330965,1.5297550965290954,-3.266620212995442,-0.2988904792460083
-0.01487614403740323,0.008894007537775724,0.0018433167514493034,-0.008126760432719793,0.2994403393161288,1.5104406655782896,-3.2920243015166384,-0.2664528765044349
-0.014888007405966684,0.008883099747219134,0.0018496937646508653,-0.008095246604181842,0.29039328075652837,1.5088096031294083,-3.271518690279287,-0.27844420940642917
-0.014891534846266484,0.008898468999060319,0.0018242130232364142,-0.008100959620903668,0.2904436911686327,1.487848791566645,-3.276307023063643,-0.2579457664727664
-0.014801469324203573,0.008605047553236283,0.002324903548576534,-0.008002304479824557,0.30585383287447354,1.9046086955518529,-3.1778270989303574,-0.6511665253788875
-0.014812679957829254,0.008593643736026042,0.0023290508474617957,-0.00797036149252812,0.2975794923151271,1.9007614699346969,-3.1563895288911934,-0.660939957966992
-0.014838990856811767,0.008741362845101054,0.002097637869016263,-0.008064860016255091,0.2983687573929389,1.7188118049352532,-3.2377552988742333,-0.47029260959226565
-0.01485057901326225,0.008730286345915229,0.0021027412071241524,-0.008033052162259281,0.2944310498258597,1.71646979138624,-3.2163831367716575,-0.48129249602918595
-0.014835012214331098,0.008726164497562942,0.0021229818682018896,-0.008058225451592954,0.29916641170556685,1.739486063458805,-3.231581507086316,-0.49058755733033954
-0.014805828367996316,0.008620139971822548,0.002299732307979403,-0.008009574398363339,0.3042731869128136,1.8840387703001589,-3.18496678040407,-0.6312370380485586
-0.01481711848157991,0.008608775133771085,0.002303953485995363,-0.007977581541858571,0.2970989834529422,1.8803497143140129,-3.163527518608746,-0.6411130364671435
-0.014810140026172798,0.008635246202199697,0.002274530099985424,-0.008016767679115553,0.3024616020262456,1.8634571661619888,-3.192006974965574,-0.6112358157714818
-0.014821482019432357,0.008623924363496476,0.0022788584183269993,-0.007984773261400431,0.29694494670258104,1.8599702981966375,-3.1705620989772796,-0.6212633810062749
-0.014814404250277427,0.008650366081149908,0.002249332664056255,-0.008023874171265894,0.3021874487809908,1.8429514392539437,-3.1989083736626305,-0.5912044655505744
-0.014825755514499462,0.008639082757742113,0.002253787156464932,-0.007991955113312757,0.29665429623418854,1.8396244872078416,-3.1775033183171204,-0.6014009551784348
-0.014818620992578935,0.00866549944553118,0.0022241394175862767,-0.008030894083269027,0.30321693583959003,1.8224559389917403,-3.2056556789763966,-0.5711752219244429
-0.014829980654860192,0.008654243426439058,0.002228705226300153,-0.007999049558429916,0.2959651759071175,1.8192258419070988,-3.1843156454952477,-0.5815025586471837
-0.014822790206067778,0.008680646132284166,0.002198915969262637,-0.008037836966357738,0.30363311394645637,1.8018418517830777,-3.212276385751324,-0.5511304927535285
-0.014834200483299205,0.008669410846511566,0.0022035677665968386,-0.008005986363786024,0.2951695660000136,1.7987139322182844,-3.190967153373695,-0.5615420553978424
-0.014826911844453403,0.008695805978438997,0.002173640874188935,-0.0080447086218706,0.30259878278818775,1.7810828187873422,-3.218806819783311,-0.5310278890617391
-0.014838405117386913,0.008684596837751718,0.0021783731294460727,-0.008012792698217476,0.2946814622623219,1.7781278629468653,-3.1974705114607076,-0.5415203099701302
-0.014830985862161488,0.008710978821122078,0.002148322766088671,-0.008051506603935273,0.30081851024794154,1.760263662563819,-3.2252518647345294,-0.5108440342654145
-0.014842552371419017,0.008699808933081482,0.002153151906256558,-0.00801954833988596,0.2945355769002054,1.7575408749564687,-3.203860767958149,-0.5214581364072234
-0.014846612044447802,0.008715043255984224,0.002127934697795452,-0.008026302461035015,0.294523851672071,1.736989791751087,-3.2101629301230985,-0.5013779058469964
-0.014858166927964265,0.008817538964686684,0.001970732237346381,-0.008096805859551255,0.2992441932203379,1.6151715342128175,-3.2663480366293918,-0.36879667608866723
-0.014861858424551648,0.008832809929953063,0.001945261816620307,-0.008102962955893151,0.2980345395611895,1.5942397827743282,-3.2717537685898166,-0.3483433448522057
-0.014873574989564353,0.008821829879323452,0.0019511831000407923,-0.008071384383525759,0.2919766935551476,1.592215566543331,-3.251011340448938,-0.3599823766546893
-0.014877225312420412,0.008837161211963462,0.0019258218205815121,-0.008077547925833248,0.29178425544348857,1.5714377619233735,-3.256370388568655,-0.33962902000276346
-0.014785345256009113,0.008503128297362167,0.0024788798612675965,-0.007924865419810868,0.3010213181404126,2.0218387055869655,-3.110806219145058,-0.7788173169535232
-0.014769633284930958,0.008499800570831096,0.0025003076616130267,-0.007949246265511904,0.30939936186554007,2.0468866647427317,-3.1242982159890125,-0.789535220449849
-0.014824162360273674,0.008582141941666057,0.0023331753429732378,-0.007938577210728536,0.29778512594869694,1.9025706803246647,-3.1312998058442907,-0.6760736803778048
-0.014819699609961073,0.008566994286225106,0.0023580794651869553,-0.00793115403827923,0.2982129450429289,1.9226979184158015,-3.123911673448571,-0.695691223650798
-0.014806321799856005,0.008521501525483513,0.002432512772356145,-0.007907760623385737,0.3000448715374877,1.9826592867450312,-3.1005361208086413,-0.7543993662022553
-0.014810922758386566,0.00853666313696529,0.0024076150280001175,-0.007915482611804707,0.2993633984380358,1.9626113144449937,-3.1083383634586337,-0.734858409962518
-0.014815347072071168,0.008551835313585755,0.002382830442881828,-0.007923349339281112,0.2987242565382841,1.942652991554942,-3.1161803989569936,-0.7152835808775945
-0.014801588107755372,0.0085063766948719,0.00245744683369651,-0.00790013173034721,0.3007015636587453,2.0027314260688307,-3.092738397786406,-0.7738758541176239
-0.014637227572066362,0.008130208448819098,0.0031162128557384746,-0.007728600714947059,0.32824502619236684,2.534827503038144,-2.8849837024262226,-1.2627971361821781
-0.014647296933638374,0.008117696860850473,0.0031170161845046214,-0.007695828872187549,0.32463050352753126,2.5265884642246133,-2.8625878090755505,-1.2681903478200385
-0.014631330544227503,0.008115649345237107,0.0031404997770754857,-0.00771876359236789,0.330270560259043,2.55360171434694,-2.87374931065964,-1.2810286676881093
-0.014643078820777493,0.008144785978910383,0.0030919219272702195,-0.00773835078635545,0.3275878869263076,2.516115743731198,-2.8960209635482985,-1.2445095064692222
-0.014653126829599164,0.008132334893063423,0.0030928756474370763,-0.007705722517468628,0.323634627002555,2.5080197311489876,-2.873673188072045,-1.250153913080905
-0.014648884232660605,0.008159381790995318,0.003067621615488183,-0.007748016125533232,0.32783383449238157,2.4973857667586685,-2.90686389018367,-1.2261915953891724
-0.014658910466105258,0.008146971006292069,0.003068722766925417,-0.007715515705870206,0.32231370992166003,2.489360775870351,-2.8846438551317655,-1.232064237337483
-0.014654643750579328,0.008173995740642207,0.003043295283542065,-0.00775760346213293,0.32787653705128106,2.4785463767489513,-2.9175504749211303,-1.2078482240760016
-0.014664678431577023,0.00816160564777112,0.003044520497953909,-0.007725162583426246,0.3208885573013131,2.470570769003338,-2.8954814160775104,-1.2138960753241201
-0.014735492086180694,0.008395283607075692,0.0026744685114472966,-0.007892355089092645,0.3131799229924647,2.1869924217042493,-3.064947757310698,-0.9254086177811969
-0.014746138835851021,0.00838338294882627,0.002677254722752077,-0.00786013290524909,0.3069161631395518,2.181025968788503,-3.0432594305131535,-0.933399829648811
-0.014730427458694156,0.00838041485002105,0.0026992674282804462,-0.00788390803926424,0.3148528467400414,2.2068484903545813,-3.055957554140338,-0.9446456304287724
-0.014741023986750068,0.008368479680095632,0.0027019440506442227,-0.007851690318276858,0.3074809779906453,2.200713892667034,-3.0342579311662123,-0.9524993684064763
-0.01472531614604481,0.008365562078288622,0.002724034663629722,-0.00787538491481207,0.31641449653960485,2.2266711626768556,-3.046868808806968,-0.9638074099441507
-0.014735843798823783,0.008353599598958992,0.0027266212853693295,-0.007843207594948207,0.3082731470325398,2.220402449035721,-3.025142111654566,-0.9715570749883683
-0.01472015819724113,0.008350725434314416,0.002748753380482301,-0.007866791530322327,0.316855540848365,2.2463713699374033,-3.037700630306001,-0.9828968996556736
-0.014730631620367031,0.00833873863386341,0.0027512534362611565,-0.007834626229318868,0.30934542395815595,2.2400375005203315,-3.0158838884146224,-0.9905527528954735
-0.014714953661811804,0.00833590506071094,0.002773433340044798,-0.007858124584017344,0.31668188440137507,2.265930287785328,-3.0284437549050813,-1.001939289385458
-0.014725401498853668,0.008323889553698713,0.0027758306274516787,-0.00782591655184829,0.31042937163826584,2.259580979593629,-3.0064696897258116,-1.0094759857283382
-0.014709702589809142,0.008321101100260936,0.0027980916220459212,-0.007849378172280937,0.3170277174317442,2.285392820372456,-3.0190808244887077,-1.0209480605746473
-0.014720138851332403,0.008309051786870199,0.0028003700887672314,-0.007817101686780363,0.31144209136980416,2.279052424924472,-2.9969177995281835,-1.0283317874511704
-0.014704405031812397,0.008306313695911128,0.002822720498684865,-0.007840555061795696,0.3172898084160217,2.304758173346155,-3.0095988927900064,-1.039915872576144
-0.014714846791200142,0.008294226309186251,0.0028248677596612506,-0.007808177289653905,0.31259479796981354,2.298445833291827,-2.987241152183581,-1.0471185393742333
-0.014699061038930978,0.008291542990765967,0.0028473134413235968,-0.007831657563541886,0.31676612575955393,2.3240130887716415,-2.9999692561763793,-1.0588460128056716
-0.014709543684612497,0.008279410577591344,0.002849302094618596,-0.007799111634076844,0.31376843734734194,2.3177059745446367,-2.9774373091120334,-1.065824353886789
-0.014693670662807697,0.008276789128081427,0.0028718933889038817,-0.00782267730294657,0.3168594231523291,2.343247178658638,-2.990145477389848,-1.077752340771733
-0.014619399384801347,0.008086586996046871,0.003188997048460146,-0.00769885386711167,0.33535588542508293,2.591240974727463,-2.850871458143963,-1.317189993000866
-0.014625387795527457,0.00810110881275792,0.0031647667756353535,-0.007708845713419492,0.3328668978384037,2.5724280979307013,-2.8623595444003436,-1.2991667412725558
-0.014635371524041341,0.008088444620762582,0.0031653977985225934,-0.00767596515935231,0.3261774406295607,2.5637253973442315,-2.8401246791976287,-1.3042084984312767
-0.014641381305790896,0.008103061519644414,0.003141191328413666,-0.007685899250875331,0.32540158756772636,2.5451471936675953,-2.851404640847076,-1.286207944051727
-0.014557017220692069,0.00794243006186523,0.0034292175678068914,-0.007594901146402477,0.3470670047709626,2.7738615469595715,-2.7306905324218653,-1.4932692176574
-0.01456641075719108,0.007929559864468862,0.0034287492879618926,-0.007562283119572479,0.3408702479703209,2.7634688919397274,-2.7083302810186933,-1.497064283559986
-0.014550530575541353,0.007928123681040955,0.0034530314298539967,-0.007584103752489396,0.3472407742877015,2.791519356975812,-2.7181413485511263,-1.5105049735040124
-0.014559932958472148,0.00791523353018,0.003452411991197235,-0.007551407819832947,0.34265597498228445,2.781096131074424,-2.6956004461288594,-1.5140814036628631
-0.014543999019492741,0.00791383775538694,0.0034768130746454366,-0.00757323077550368,0.3470878720469039,2.8090430902321657,-2.7054337088217344,-1.5276963754759063
-0.014553445378328493,0.00790090781881259,0.003476007721757053,-0.007540382242552303,0.34433685615601,2.798557401605072,-2.682751989094971,-1.5309990022621458
-0.014537422618955197,0.00789957242995771,0.0035005836833429927,-0.007562272415503048,0.34792035632207335,2.8265374335662954,-2.692512200377861,-1.5448370604383694
-0.01449702627543871,0.007814421202973038,0.003642578401895548,-0.007494910300001799,0.361036416362213,2.931479145091887,-2.6122880335430136,-1.6454337144870645
-0.014506057979245897,0.007801284516794699,0.0036411288497643136,-0.007462227666183177,0.3541248755999135,2.9196184206612243,-2.590050070838965,-1.6478992498026483
-0.014490137873033795,0.007800304138943855,0.003666070906504277,-0.007483447120008402,0.36110953437128596,2.948425125953398,-2.5987181405202744,-1.6619345060263244
-0.014499167524742998,0.007787152004805633,0.003664485770945618,-0.0074507099762225115,0.3561523723325029,2.9365143561829274,-2.5763047169542976,-1.6641918814432552
-0.014483205177866363,0.007786208832533606,0.0036895329487939,-0.007471907445175222,0.3611169718515897,2.9652157256782377,-2.5850057173385412,-1.6783906738205807
-0.014492267761018356,0.0077730169760716035,0.003687773869214123,-0.007439038802172165,0.3580192879516388,2.953236731741407,-2.562433613711193,-1.6803751207208968
-0.01447622825396473,0.007772135412910414,0.0037129825130584933,-0.007460282334452113,0.36223999485058483,2.981950265648603,-2.571101465840582,-1.69478796954328
-0.014485324427426992,0.007758888060997436,0.003711033831004016,-0.007427271809306887,0.35953139787735694,2.9698366247720203,-2.5484618046458016,-1.6964765142700642
-0.014469207167595147,0.0077580840129219475,0.0037364204486687595,-0.007448571194976505,0.36469222570757537,2.998704820923471,-2.5569955527114225,-1.711096583274091
-0.014478301246336875,0.007744776534945748,0.0037343109408857138,-0.007415471661106073,0.3608584671548803,2.986394557963241,-2.5344086590304973,-1.7125295845962596
-0.014462141986151311,0.007744054766749506,0.0037598272641627324,-0.007436783607866187,0.36738516617088407,3.0154668529556425,-2.5427199091735253,-1.7272909934469576
-0.014366313539551149,0.007563751639439791,0.004060335706825865,-0.007277068608795965,0.3920353427705155,3.2248602916943763,-2.348334212130017,-1.9286818219981907
-0.014373945598830679,0.007577480671187592,0.0040374555233073815,-0.0072897877946916595,0.3899396730718279,3.2094394955316417,-2.363859403732663,-1.9137237288711557
-0.014382268205640118,0.007563859235494438,0.004034228447033557,-0.007257076482656025,0.3837492259637623,3.1945680407134502,-2.342149473260761,-1.9136157304299088
-0.014374602739821949,0.007550114205540841,0.0040569835151888604,-0.007244367271015806,0.3857248611419803,3.209851344010381,-2.326588604459506,-1.928370042457314
-0.01435863838087501,0.007550046640288171,0.004083163867009976,-0.007264284352990172,0.3933725037941873,3.240131526873551,-2.3327081118759496,-1.9435472544131425
-0.014366906362557476,0.007536378173970511,0.004079691507387893,-0.007231548233728753,0.3879356599568273,3.22501295933074,-2.310914519465141,-1.9430224305334332
-0.014350920197693798,0.007536365807734405,0.0041059444332407725,-0.007251432500780935,0.3939553358378925,3.2552362719491694,-2.316955139147509,-1.9583231732878392
-0.0143591944129572,0.007522642951266835,0.004102330139023599,-0.007218589797183139,0.39008317291857114,3.23999508327378,-2.2951249808208196,-1.9575614789809261
-0.014343159065406773,0.007522709275725809,0.0041287077614647035,-0.007238495852878991,0.3957164937128481,3.270274648798294,-2.30102519264244,-1.9730024719031192
-0.014335355059921579,0.007509077178150166,0.004151462606094975,-0.007225469335584377,0.39944795090773216,3.2853445509696173,-2.2849249372386793,-1.9875553024890964
-0.014351431296657058,0.007508919210814961,0.004124945532463842,-0.007205550794756849,0.391791329615011,3.2548523545209807,-2.279232965504018,-1.9720149700488838
-0.014327508257654869,0.007495469648830561,0.004174176355108311,-0.007212371554816411,0.4034284777872505,3.3004006602407436,-2.268735375108333,-2.0019604898740213
-0.014343571846068853,0.007495237476169707,0.004147591458421903,-0.007192529933045211,0.39324046458543943,3.2696991799100985,-2.2632597337278137,-1.986416443480431
-0.014319618735532863,0.007481886821520237,0.004196813737397244,-0.007199222889261209,0.4055807916715111,3.3152994149801116,-2.252526905121661,-2.016239340436495
-0.014335627740690823,0.007481619387981895,0.004170239847975432,-0.007179545946625465,0.3949849508710837,3.284552011024553,-2.2472118518267146,-2.0007480464689618
-0.014246703588587152,0.007360774994305903,0.004398626173752767,-0.007077721409486338,0.4226039176350322,3.4434987945662896,-2.1020070465490637,-2.1402758517652187
-0.01425435690755806,0.0073467660247189355,0.0043936846068360624,-0.00704516756270502,0.4165855828703497,3.425873156589916,-2.0812260385468355,-2.1377021022983596
-0.014238391211262554,0.007347446524517867,0.00442084953368212,-0.007063861614064196,0.42547894359055166,3.457180002497408,-2.0847729695310875,-2.1535260167044425
-0.014245990161348407,0.007333412591680477,0.004415812320543096,-0.007031339221754608,0.41859219575777135,3.4393558966293596,-2.0640829455660694,-2.150795933610128
-0.014230036994013361,0.007334144221965786,0.004443029419133744,-0.007049932065124433,0.42840980585037647,3.470769438248965,-2.0674474237004588,-2.1666544953033364
-0.013892312172387887,0.00686154401772447,0.00523065929231071,-0.00648708407699614,0.5193128613633037,3.8766330464822265,-1.3668006351494466,-2.565913809917075
-0.013898237257370391,0.006846680870301814,0.005221878495088913,-0.00645549714357103,0.5134299989141516,3.852721682960506,-1.349334226572697,-2.55733375160082
-0.013882433256544183,0.00684933149816111,0.005250992095397383,-0.006470636442094678,0.520670030608123,3.884719976790475,-1.3464947080096465,-2.5742072067167845
-0.013902152668993594,0.0068737875075634836,0.005210280083969302,-0.006503463471472913,0.5182115460884006,3.8683240073351945,-1.3870172506417784,-2.557501211450844
-0.01390809801100982,0.006858931322819293,0.005201609609548748,-0.006471855513488359,0.5103164000099554,3.84454272490532,-1.3694881956286615,-2.5490990399550437
-0.01391195464954183,0.006886061847125403,0.005189824278074561,-0.006519798831280254,0.5153828209325354,3.8597569828012332,-1.407225838775073,-2.5489787469388823
-0.013917962256771629,0.006871188822321594,0.005181219382381217,-0.006488082250510597,0.5073807890943408,3.8361120421708743,-1.3895892024260819,-2.540680215801601
-0.01392171801763934,0.006898366915619615,0.005169295200318405,-0.006536087441075218,0.5111981659509675,3.8510161324190286,-1.4274302548549607,-2.5403175332686705
-0.013927801518800338,0.006883493395695592,0.005160754400163464,-0.006504263512766658,0.50491373293438,3.8275421875908826,-1.4096394492259987,-2.5321113812263967
-0.013931442677320518,0.0069107025920214695,0.005148726406877741,-0.006552302694034542,0.507925690852542,3.842194881524309,-1.4475600733839944,-2.531497345415658
-0.013937575224992756,0.006895861215279676,0.0051402820772757825,-0.0065204545551888924,0.5025558490876909,3.818910423656549,-1.429630871179855,-2.5234317165415234
-0.013771257625019939,0.006717072049872407,0.005471442163992421,-0.006285329808522489,0.5517989238686322,3.963948746266526,-1.1188236350271394,-2.655688466190402
-0.013776782914302883,0.006701881526980279,0.005461317216418639,-0.006253972091860926,0.5459079195500393,3.938264402748007,-1.1028169903630793,-2.6450917919944437
-0.013760925383283714,0.006705240485047165,0.005491185687380089,-0.006268088322534765,0.5557841409314713,3.9702469885517275,-1.097636991574921,-2.6620963199997156
-0.013781552642028794,0.006728936011698173,0.005451641272867357,-0.006302511973541715,0.5476416628168563,3.9575562792520445,-1.1399324462188194,-2.649075639075663
-0.013787131501898553,0.006713783727829954,0.005441621127389326,-0.006271117562325829,0.5435269298137716,3.932017849086556,-1.123618283855584,-2.6385297559705276
-0.013791810332500848,0.006740832253114332,0.005431795283145095,-0.006319624307237324,0.543962153235486,3.9510876543687097,-1.1609112078938526,-2.642240567249685
-0.013797400228617189,0.006725739353359461,0.00542194710675547,-0.0062882584851686124,0.5411553873073532,3.9257010148803118,-1.1443695015181594,-2.631882518012801
-0.013802030595032832,0.006752760656429175,0.005411919951883387,-0.006336653430942144,0.5417923014527931,3.9445243643498897,-1.1817220478333756,-2.6351950201577363
-0.0138075930404769,0.006737734389076517,0.0054022862496692,-0.0063053700750724225,0.5385270043961238,3.9192839397453896,-1.1650780452848866,-2.62514455653312
-0.013812213328629511,0.006764721103672902,0.005392010235613608,-0.0063536038608361005,0.5406048812123739,3.9377831837825794,-1.2023945684921618,-2.6279782922706003
-0.013817748297903608,0.006749746935603442,0.00538256894838455,-0.006322396411061194,0.5355134928035267,3.912669393651298,-1.185759549474067,-2.61827244452433
-0.01382235843270555,0.006776713476601133,0.005372049199043486,-0.00637049012958344,0.5391231757543344,3.930797702586,-1.2229961678886583,-2.6206323369184594
-0.013827895595582026,0.006761762886145814,0.0053627449078288555,-0.006339296693063239,0.5323720503374226,3.905803364483123,-1.2064121812089523,-2.6112307140523865
-0.013888358232424208,0.0068344272488904635,0.005242062483808755,-0.006439004463629932,0.5162467053137131,3.8606552112107875,-1.3291227170741964,-2.565404395964356
-0.01387251601870674,0.006837150069184488,0.00527129943324177,-0.0064541035707675965,0.5235567267209449,3.8926826509584145,-1.3260371173496397,-2.5823399991113916
-0.01390446970445571,0.006831577743421431,0.0052129874200674,-0.006423969680011045,0.5124353541185119,3.8295581207213645,-1.3257446773626944,-2.5500850008300193
-0.01109634876227769,0.005092448169543575,0.008096033279715363,-0.001808570020136851,0.6710491828971551,2.0368767377858528,2.311162197820589,-1.1488375833941162
-0.011111793805377662,0.005095770317146535,0.008090014455614547,-0.001833926625556634,0.6744501084045362,2.0553993879994095,2.303894563929863,-1.1649539625518697
-0.011122420258520636,0.005082973271357698,0.008068212435746678,-0.0018415193591291284,0.6688694962668073,2.0546863181806274,2.2848470133278465,-1.1731671874588432
-0.0113267140028614,0.005149462390197692,0.007999777737966873,-0.002187987315946332,0.7169740372194454,2.31530694584665,2.1921615915493713,-1.3884487095362539
-0.011342098511111107,0.005153717902187325,0.007992699163815538,-0.002213340052464657,0.7195320287587713,2.3338928821138976,2.1832640064671778,-1.4043308106039938
-0.011265611850920967,0.005133770915311033,0.008027837080519266,-0.002087782479735984,0.7058142206193717,2.2421278348529885,2.2268499505950885,-1.3254383413293012
-0.011280756490931387,0.005137712056588231,0.008021158371204776,-0.002112721141302808,0.7087823011964751,2.26042912862265,2.218543327940169,-1.3411382832561223
-0.011295971891046247,0.005141575092257073,0.008014193532943878,-0.0021376644290030185,0.7116434053065664,2.278643967988911,2.2099518346932325,-1.356836149063036
-0.011311302544089116,0.005145452589988249,0.008007013348330152,-0.002162740521313215,0.7143725080441202,2.2969038012157195,2.201117535421934,-1.3726012424387897
-0.01124657761370794,0.0051134334151753235,0.008018183786054399,-0.0020452129832448968,0.6943188015994667,2.2036947303347607,2.2231359349966304,-1.3015077431397364
-0.011261657144580306,0.005117680985007172,0.008012099574643263,-0.0020701870508841327,0.6973845122963968,2.222119719955222,2.215400109416391,-1.3171361509505095
-0.011231278454679278,0.005109352186263482,0.008024478514462976,-0.002020008534635883,0.6912518913028295,2.1851890483083984,2.231021962130312,-1.2856964794766945
-0.01121587937202005,0.0051055628956423425,0.008031039242294842,-0.001994830556623729,0.6882540854005024,2.16683125786373,2.239080450024236,-1.269845820401143
-0.011200471073592642,0.005102015557963167,0.008037741548589328,-0.0019697685083910946,0.6853184670092989,2.1486446572960296,2.247202039455225,-1.2540197865059381
-0.01113835113006953,0.0050858952722066435,0.008061169878900544,-0.001867127922034113,0.6718991427300605,2.073059665348207,2.276630184172205,-1.1894915082743702
-0.011154293117143046,0.005090009002391221,0.008055354038852618,-0.0018934969757927278,0.675456904513152,2.092495963677677,2.269316708757693,-1.2060737811958313
-0.011169792726368357,0.005094285898933331,0.008049875243316571,-0.0019192940412567619,0.6789655224843187,2.1116183695305786,2.26228591202868,-1.2222466034580906
-0.011185115473323577,0.005098355399351727,0.008044129986902274,-0.0019446641411636969,0.6822761160350427,2.130337247338812,2.2550242232473448,-1.2381811357630144
-0.01159898307890594,0.005232535602615839,0.007861251336572046,-0.002636501162025184,0.7580867855518334,2.6418254787813193,2.0149247188774075,-1.6658269044773684
-0.011353917462990228,0.0051414178376205915,0.007969198433019478,-0.002220467773232247,0.7135192545951043,2.3312159442121754,2.16251417237719,-1.4113423305450832
-0.011369159473630748,0.005146309761284798,0.007962721989267675,-0.0022459077537944935,0.7164339514347661,2.350068810452911,2.1540401383671894,-1.4271072544445726
-0.011384267363229728,0.005151020012741198,0.00795599864104128,-0.002270981864737136,0.7191707936824958,2.368546996246732,2.1453454448758156,-1.442652998578941
-0.011538667097512752,0.005213016455314991,0.007894751927129915,-0.002537471914877095,0.7504186495254629,2.5705453881151716,2.058135732382801,-1.6053558728171005
-0.011553734304520454,0.005217863859121566,0.007886571465097072,-0.0025622598127515374,0.7525346514021481,2.5884688818680597,2.0475796841164073,-1.6205468633012134
-0.01156885941210471,0.005222592824585588,0.007878056551372692,-0.002586966967182341,0.7544490749818928,2.6061753719710485,2.03670378553994,-1.6356539144786943
-0.011583972798698154,0.00522747331831994,0.007869576342790426,-0.00261174381184043,0.7562539822916355,2.623966381641216,2.0257840136639875,-1.6507630596284033
-0.011399434318981152,0.005155363317546043,0.007948660354975599,-0.0022958045343684005,0.721643928122675,2.386591508296894,2.1361113966291665,-1.458075014527872
-0.011414640115629896,0.005159666381141023,0.007941098494421277,-0.002320603300373474,0.724041745514735,2.404544869909986,2.1266430690681677,-1.473470620021285
-0.011429750524586573,0.005164249747025047,0.007933792294093557,-0.002345456337649177,0.7265146169061482,2.4226640060466114,2.117330858357919,-1.48884493781154
-0.01144481815413675,0.005168911141107198,0.007926467844898902,-0.00237027422683537,0.7289559555264237,2.4407705957379444,2.1079506550352813,-1.5041735233351645
-0.011459905651352123,0.00517339562692141,0.007918780549386424,-0.0023949275121729653,0.7312256640831419,2.4586078573209105,2.0982283134807846,-1.5194024447738574
-0.011474908984786354,0.005177848533254759,0.007910985410607576,-0.0024193911012394837,0.733410217348952,2.476252486564615,2.0883864185441197,-1.5344919388330933
-0.011535506817027101,0.005196614797385398,0.0078789360477602,-0.002518391616960124,0.7419502185157384,2.547592538051046,2.0475826301492117,-1.595239126219431
-0.011520399578855431,0.005191319197082461,0.007886441475103657,-0.0024932346439903072,0.7396111883801031,2.5291717827804336,2.057506452668394,-1.579893871317459
-0.011489898442396396,0.005182197162554515,0.007902940554097503,-0.0024436959424832924,0.7354814288884447,2.493674357014626,2.078303184067709,-1.5494717621861207
-0.011505099994763698,0.005186505415814159,0.007894519694004556,-0.0024682023790960554,0.7374438437265437,2.5111200819014527,2.0678270932162,-1.5645564018762832
-0.012491175633497368,0.0056484198367499515,0.007209807522053714,-0.004127446362657535,0.7860952665117842,3.617740323883305,1.1068033340810386,-2.4638295388315186
-0.012477290724274193,0.0056568409345932255,0.007238483921684247,-0.004128729650386228,0.7977353727223125,3.6347129082825536,1.129822779087098,-2.4682985052036566
-0.012394989703775476,0.005610919877832094,0.007315005893454909,-0.003991584295629216,0.8031154301604766,3.560178943943898,1.2382517055976052,-2.40736497341936
-0.012408766398519249,0.0056184655156709526,0.007302445481988239,-0.004014517207140787,0.8038022700182013,3.5729742760220575,1.2205485702131977,-2.417653058345542
-0.012408476087325038,0.0056024517610580166,0.007287205628750774,-0.003991111673131236,0.7914196696578393,3.5445129968827174,1.2148303522070203,-2.404827142016867
-0.01242251932881241,0.00562605440116932,0.00728981131587408,-0.004037413701658004,0.8039956798833857,3.585568795725532,1.2027115565654396,-2.4278818003378495
-0.012422269045228092,0.00560999531338351,0.0072745436561417074,-0.004013883905023183,0.7902338193947425,3.5570510907073953,1.1971025336747125,-2.414993727547675
-0.012436248360560212,0.0056336864604488515,0.007277095065861196,-0.004060288737439451,0.8031051945663727,3.597999481468777,1.1847017771926593,-2.4380913885843674
-0.01243607804641348,0.005617562904779254,0.0072617388091023504,-0.004036621433907481,0.7892016514955164,3.569432574465344,1.1792125955680957,-2.425031769477736
-0.012449953359711831,0.005641361619124992,0.00726429681229009,-0.004083141944826979,0.801281532071831,3.6103215813423533,1.1665223214424472,-2.4482671348376535
-0.012449898559598634,0.005625183598743287,0.007248823132559389,-0.004059359028539729,0.7883998050916686,3.5816923881533147,1.1612000272239555,-2.4349382317524255
-0.012463634192265595,0.005649079802306202,0.007251423576493966,-0.0041059606413841945,0.7992140144516084,3.6225643123710918,1.148213619079165,-2.4583539025787244
-0.012463703645013091,0.005632873431750152,0.007235847727947316,-0.0040820967039462966,0.7877402082088444,3.5938435114571488,1.1431160469610113,-2.4447085296167597
-0.012477465166071974,0.005640626377755716,0.00722284585755792,-0.004104804450693737,0.7870139358605089,3.605870815044412,1.1249886843884502,-2.454339202602535
-0.012505401110739363,0.005639500981361365,0.0071808987682151215,-0.004125773537684333,0.7807166364616647,3.5960717995741818,1.0890681421196566,-2.4558350751721894
-0.012519106061761957,0.005647305317200062,0.007167676153811426,-0.004148128656080197,0.7796747547237547,3.6074532636975767,1.0708767157188526,-2.465034056386886
-0.01253278921863101,0.005655136503586854,0.007154365181362181,-0.004170419518060433,0.7785841736594766,3.618660656888357,1.052594693040238,-2.47409053485058
-0.01254646006199388,0.005663022253066304,0.007140976796376216,-0.004192694017726008,0.7774438033359296,3.629742558240732,1.0342096409045638,-2.483031329479438
-0.012560116760227396,0.005670986451633066,0.007127534543845632,-0.004214986285097858,0.7762556667528625,3.6407439301562348,1.0157217150042694,-2.4918788898912694
-0.01257374764490829,0.005679048651176625,0.007114072446627462,-0.004237317442913593,0.7750257214766937,3.651705707663435,0.9971425995925712,-2.5006512214352594
-0.012587331945494029,0.005687221267249486,0.007100631954988924,-0.004259692256887459,0.7737653582512632,3.6626600376810408,0.9784955552670578,-2.5093596018581312
-0.01260084973365753,0.005695503152355265,0.007087241714649632,-0.0042820967912658185,0.7724949139565687,3.6736143206685123,0.9598038286693028,-2.5180027888078045
-0.012614299153193946,0.005703875776215485,0.007073888159425931,-0.0043045042538112435,0.7712357702392078,3.6845357581209215,0.9410702421250953,-2.5265626558039718
-0.012773869085446804,0.00580547690063533,0.006906138751569277,-0.004566960484522299,0.7539304595999683,3.799574702968006,0.7101266442336894,-2.61656702813321
-0.012627691771387775,0.00571231438426157,0.007060532031942834,-0.0043268872623750745,0.7699900279487669,3.695372792297342,0.9222835741654337,-2.535013896517072
-0.012641027652137251,0.005720795824076073,0.00704715347689651,-0.0043492119674922725,0.7687465770555667,3.7060804288924634,0.903448726789773,-2.543332712068405
-0.012654295651689665,0.0057292785931119935,0.007033735441366494,-0.004371407840697791,0.7675137274544602,3.716583111425884,0.8845883121034824,-2.551478803055493
-0.012667519200750996,0.005737691251290489,0.007020183618281813,-0.004393379750092984,0.7662779287537971,3.7267307836907055,0.8656897955524606,-2.5593804320641174
-0.01268075925860862,0.0057460154796526094,0.007006389832584964,-0.004415137134538027,0.7649626793613634,3.7364546844883435,0.8466893556889151,-2.5670138176346584
-0.012760501267177357,0.005796865136090888,0.006920903309890228,-0.004545336363740529,0.7556839609457318,3.7911404685832353,0.73003452445644,-2.6099322096822206
-0.012747165781398014,0.005788327207175275,0.006935529959362928,-0.004523749027081717,0.7573335718891415,3.7825664834412183,0.7497897786452649,-2.603177608819587
-0.012694041210587571,0.005754339018297634,0.006992388336670131,-0.004436829206014902,0.7635257291351523,3.7459088920766317,0.8275406911747923,-2.574464423236026
-0.012707337962014875,0.005762748628008828,0.006978292138099804,-0.004458572028654695,0.7619961842723851,3.755271957429349,0.808257762783897,-2.5818212945838614
-0.012720619250028882,0.005771250186583606,0.006964152883072489,-0.004480356262133174,0.7604415675999957,3.7645714228177485,0.7888684771477412,-2.589094614371555
-0.012733884234852817,0.005779792402707962,0.0069499291480723735,-0.004502100923504444,0.7588959736092419,3.773707740862133,0.7693876631565021,-2.5962318915884857
-0.011927915960164922,0.005386634628544867,0.007688801022763436,-0.0032131596611312953,0.8032063627764355,3.0692768310062903,1.7614362138443809,-2.005393121165919
-0.011926031603712453,0.0053707240891638095,0.007673228345433473,-0.003192479967326189,0.7929750617719327,3.0454928226276734,1.7509994617716058,-1.9950398647617156
-0.011942399911086575,0.005392714184532193,0.007678678819120872,-0.0032372747273955328,0.8052034305063646,3.0858020217693656,1.74754870140258,-2.0190053772425722
-0.011940533524321449,0.005376812468102468,0.007663144852775815,-0.0032165244960498398,0.7934230734152253,3.0618452362825646,1.7372057859418977,-2.008619617508373
-0.011924296401245349,0.00535443540029371,0.007657782860886995,-0.003171892916646341,0.786863972595287,3.0172965593843664,1.7446106586202574,-1.980684053634457
-0.011909749401560999,0.005348269645753353,0.0076676213111954855,-0.0031477803705529665,0.786050879209522,3.000780753121639,1.7580446611334113,-1.9670203115131037
-0.011895090611827983,0.005342217092863228,0.0076775621821972015,-0.0031236048349096534,0.7852956443542422,2.984258112995555,1.7714961755762537,-1.9532809070497172
-0.01188035004336628,0.005336362898670256,0.007687663288785889,-0.0030994912073976475,0.7845343855720465,2.9678689214042735,1.7849836009094886,-1.9395421789965603
-0.011865620463619324,0.005330676694683537,0.007697788008857794,-0.003075511171442786,0.7836619038008431,2.9515993864398484,1.7983930128661936,-1.9258316677568246
-0.011850971894837617,0.005324976761657747,0.0077076621465424445,-0.003051550141855911,0.7826215632608648,2.9351981270411627,1.811538071560225,-1.9120610901914723
-0.011733092132224307,0.005279686465346665,0.007782487766008089,-0.002857262444240163,0.7727960007838376,2.7992823566430514,1.911500755708609,-1.7984239843120182
-0.011747898204333787,0.0052851712462278246,0.007773375617318821,-0.002881646880925941,0.7741315420224133,2.816485917570063,1.899417345675866,-1.8128516139828574
-0.011762644924402198,0.005290776745775862,0.0077643129615704515,-0.0029060266838785227,0.7754527329461055,2.833712943709548,1.8873055902428397,-1.8272374331817935
-0.011777368206817004,0.005296449717407022,0.007755203825157914,-0.0029303943203299195,0.7767932091216402,2.8509091132198274,1.8750880783818646,-1.8415745874303593
-0.01179212092183462,0.005302095889925171,0.007745888652781274,-0.0029547165811596872,0.7781079586531852,2.867959259030407,1.8626439845683522,-1.8558326302538644
-0.011806908603817121,0.005307712161209487,0.0077363568853146885,-0.0029789934323172017,0.7793147057123445,2.8848517166144974,1.8499742808279935,-1.8700038149135707
-0.011821673323479456,0.005313393977874035,0.007726774756612073,-0.0030032523102878957,0.7804170108161084,2.9016953140034727,1.8372035258084665,-1.8841115875793244
-0.011836355145654126,0.005319180092225248,0.007717250124063141,-0.003027463465339841,0.7815063840094023,2.9185215316095134,1.824418248736178,-1.8981476970063744
-0.01173094538597551,0.0052629358850656985,0.00776602012809706,-0.002837432533104726,0.7643075080809246,2.7741761121626354,1.9015025888942636,-1.7870755906079074
-0.01171594053003093,0.005257703764677174,0.007775413713892604,-0.0028131328987858564,0.7629567402215054,2.757268909182375,1.9136501959069732,-1.7727080028414905
-0.011700903833892717,0.005252623552065659,0.007784860898134867,-0.002788884111595723,0.7616200139738747,2.7404278549977437,1.925774227148559,-1.758321211661354
-0.011685974461277532,0.0052474185081200905,0.00779391392394044,-0.002764587921336635,0.7601489713825514,2.72335812116499,1.9375234846816498,-1.7438644795611402
-0.011611333077915705,0.005221133110427931,0.007836700708145584,-0.0026420754140021037,0.751480663384075,2.6360218184921957,1.993443994838662,-1.6703950776923693
-0.011671150186441569,0.005241857041119844,0.007802318065085071,-0.0027400228453170732,0.7584001654132945,2.705751899782701,1.9487203598687948,-1.7292160883969816
-0.011626082336999135,0.005226172593251313,0.007828360557618387,-0.0026662351013400625,0.7532582055858327,2.6532804696895913,1.9826158580973947,-1.6849632308771774
-0.01164106474422525,0.005231004803276328,0.00781941992145465,-0.0026904497385422644,0.7548303380899392,2.6703162444995403,1.9712274438445159,-1.6995375573887397
-0.011656197775048699,0.005236213677668144,0.007810610847568083,-0.002715166918951932,0.7565374361496184,2.687851256166517,1.959805513095642,-1.7143616013706249
-0.012381189378714531,0.005603417561025712,0.007327505870155462,-0.003968590618886651,0.8034769400748244,3.547212875278238,1.2558789564916633,-2.3969472305176396
-0.01239467822683013,0.005594913331917854,0.0072997352843023324,-0.00396826424331024,0.7924429650566274,3.53178171688825,1.2323969039892526,-2.394529201083586
-0.01233964796343263,0.005581171262969616,0.00736458013785524,-0.003899360940052622,0.8054795096992927,3.5075915880461124,1.308153605107955,-2.364958773868581
-0.012339206237330412,0.005565208572506656,0.00734921099885288,-0.0038764656539170377,0.795276103075225,3.479576789906059,1.30169840229044,-2.3521428769302895
-0.012325754459026414,0.005573842953947663,0.00737678269146928,-0.00387622644997253,0.8047405474062987,3.4940260354988957,1.3253298889654654,-2.354101329342058
-0.012353518374336696,0.0055885431814808,0.007352305816057061,-0.003922455173520774,0.8061699570106019,3.52095331972385,1.2908735051295153,-2.375699683752855
-0.012353092798867127,0.005572578762822336,0.007336980017513698,-0.0038994728832576664,0.7943225236047099,3.492817210246049,1.2845544721671285,-2.3629072665887185
-0.012367365557503274,0.0055959586381202995,0.007339945131520199,-0.003945536576249037,0.8051609684248208,3.5341385461677923,1.2734386073541706,-2.3863751792961336
-0.012366976509844856,0.005579962005351574,0.00732462149414248,-0.0039224180833813535,0.7935296616796403,3.5058966811720915,1.2672532325891879,-2.3735590995302385
-0.012380846307835825,0.005587403537441245,0.0073121930383032935,-0.003945350270789784,0.7930501592257614,3.5188854571567387,1.2498562493598036,-2.3841022270120544
-0.012142028512674713,0.005466501420577783,0.007513191109213138,-0.003549901091539183,0.7988246102367311,3.2811329383994248,1.530558851847393,-2.1899359854803024
-0.012128895840071582,0.005475864446977092,0.00754008974508637,-0.0035481120593636867,0.8088372818713175,3.2918960583061687,1.5549286460021818,-2.1894784585678337
-0.012014529515234585,0.005423792964446572,0.007626869475542982,-0.0033575163231944274,0.8068739263086799,3.1671118340473874,1.6759695992373709,-2.086195693468082
-0.012028896391215732,0.005430144484372425,0.007616285576058478,-0.0033814566065739626,0.8074278304670828,3.183117633097831,1.6613031967311505,-2.099305114574389
-0.012027331262983094,0.00541425602778781,0.007600812978063358,-0.0033602759773056043,0.7969538084513389,3.1582494684391045,1.6516391225485305,-2.0885336664530034
-0.01200014276429862,0.005417486615139693,0.007637380028800382,-0.0033335385888853277,0.8062970933458201,3.150993269203228,1.6905235510974375,-2.0729655774398
-0.01201291789827609,0.0054078801555134835,0.007611363643354776,-0.0033363792943172477,0.7965159304105427,3.1423947422416063,1.6661702069312787,-2.075422347183265
-0.011956864711873455,0.005398839222606494,0.0076684744116363385,-0.0032613730777569685,0.8062505834374282,3.1021958680911177,1.733504337625152,-2.0325855091843437
-0.011955029879536465,0.005382912401995783,0.007652936272734699,-0.003240515443977445,0.7938481448612463,3.0780899757727975,1.723229847495621,-2.022137164271221
-0.011971310217633166,0.005405009681636415,0.00765818510259714,-0.003285460924550746,0.8061414395523553,3.1185108991666994,1.719299311904196,-2.046138181831314
-0.011969524944387286,0.00538905153784965,0.007642627194951289,-0.003264485500026486,0.7945107989254963,3.094260081071578,1.7091107023150627,-2.035581319876723
-0.011985736283431544,0.00541122549991139,0.007647818201271955,-0.0033095210027614523,0.8059217974083306,3.134781582048302,1.7049651936163073,-2.0596118890091106
-0.011984009711079413,0.005395261855206261,0.007632259896510066,-0.003288460436783896,0.7953151324129699,3.1103792193122426,1.6948949104669282,-2.0489439940734635
-0.011998475111615906,0.005401544726346495,0.007621844549073915,-0.003312433518200488,0.7960017028590113,3.1264338652373307,1.680588034251775,-2.0622242395785224
-0.012325295790820326,0.005557843179892796,0.007361333226372966,-0.0038533697317807993,0.7959197646144486,3.466151184587797,1.3186915062369071,-2.3412656799163707
-0.012311837995365546,0.005566558325275475,0.007388927149660047,-0.003853025698612161,0.8054410293469919,3.4803053777792408,1.3424619924761891,-2.34304839313049
-0.012311334724432249,0.005550518445548619,0.0073734151667151195,-0.0038302088355013637,0.7961312803111849,3.452583894263897,1.3356000943976325,-2.3302788766594955
-0.012297898706704342,0.005559317447314377,0.007401011087869432,-0.0038297631357538213,0.8074109390039278,3.4665041019323497,1.3595489672542242,-2.331787738760074
-0.01228393672729852,0.0055521203899277,0.007413020205651326,-0.003806466170558425,0.8094017830742403,3.452656429641672,1.3765336255115297,-2.320389433714791
-0.012297320525286608,0.005543274609752829,0.007385499031041688,-0.003807030975552153,0.7961494454385728,3.4389325814666605,1.352475109177106,-2.319182869786765
-0.012255945233250496,0.00553785801384869,0.007436773737370693,-0.0037598474814844085,0.8085172778969111,3.424617852311209,1.4099883474579127,-2.297492516929204
-0.012255185577509724,0.005521904272836224,0.007421358750586881,-0.003737423753751686,0.7977486348686816,3.3974139620694808,1.402558674640243,-2.2852102810655617
-0.0122699521913998,0.005544967222482056,0.007424939878132167,-0.0037831632437936107,0.8097155794215508,3.438717720391915,1.393348559730302,-2.3089492394511275
-0.012269228551359446,0.005529008740213326,0.007409532923569215,-0.0037606741447548608,0.7970510791543397,3.411403313059022,1.386022788679125,-2.2966501420054617
-0.012283276057169806,0.005536118903619607,0.007397563330257674,-0.003783862988744067,0.7963921931335799,3.425222153267248,1.3693067421408844,-2.307975028952457
-0.012254571269012235,0.005505616511839472,0.007406126126680059,-0.00371509098784574,0.7925518264613203,3.3666414096637207,1.3998900307998143,-2.269125545656946
-0.012155463645031214,0.005456800808833232,0.007486246548271636,-0.0035516192222398266,0.7932015062261436,3.265592223111733,1.5108660134696825,-2.186456562591913
-0.012169663265449021,0.005463780991338732,0.007475193439009831,-0.0035752319971818314,0.7932296700249575,3.280600380969552,1.4954254485699041,-2.198685218306362
-0.012183791539745645,0.005470783171439159,0.007464107849486088,-0.003598733841161949,0.7933065033998999,3.295462325504397,1.4799201512239133,-2.210780375306619
-0.01219794689319884,0.005477697326899098,0.0074527515019663535,-0.0036220820223671958,0.7933578001420561,3.309989458748952,1.4641947095404453,-2.2226777898128507
-0.012212152399038357,0.0054845415243430715,0.007441112668803429,-0.0036453175010818938,0.7932798869242988,3.324205075784944,1.4482366369947064,-2.234392379069441
-0.012226356907495337,0.005491438772983861,0.007429382406290136,-0.0036685453809014545,0.7930684126130886,3.3383179954725857,1.4321524381066728,-2.246012270649468
-0.01224050540614597,0.005498468145909963,0.00741771281639302,-0.0036918162610275044,0.7927960814679019,3.3524695530396387,1.416029260613053,-2.2575948149025624
-0.013766370035096571,0.00669003771104295,0.005481008214649707,-0.006236822986819694,0.5483648482565134,3.94441895001658,-1.0819680867451529,-2.6515464854338364
-0.013750556019033765,0.006693441434347548,0.005510869911854407,-0.00625078921014871,0.5596695103184449,3.976438697003541,-1.0764080139516998,-2.6683279780074867
-0.013755902353939782,0.006678251975619324,0.005500678037696321,-0.006219665171975219,0.5508908875044418,3.9504652830219515,-1.0610685292743085,-2.65787283091313
-0.013740149634885991,0.0066816750146102034,0.005530492011993584,-0.0062334350850072355,0.5633711458979942,3.9825051890140313,-1.0551694403609777,-2.674414968126039
-0.013745387551612975,0.006666517738693136,0.0055203144264066245,-0.006202482690267872,0.5535651652956154,3.9563888057368355,-1.0401101535531383,-2.664051747295559
-0.01372970633385655,0.006669941342379938,0.005550044456862473,-0.006216032773508486,0.566377012777736,3.9883979692922167,-1.0339555380413048,-2.6803890837751787
-0.013734842538961194,0.006654817578190812,0.005539887933936016,-0.006185236253972045,0.5565204181946112,3.9621487430381,-1.0190899777605924,-2.6700593694711334
-0.013719226219359807,0.006658240533906344,0.00556952399830615,-0.006198585313013848,0.56818075764099,3.994051610215232,-1.0127780956479837,-2.6862715553757712
-0.013698155965600397,0.006634937971731549,0.005608328396781395,-0.0061634978597946135,0.5719921830862676,4.00466562627483,-0.9703590799126726,-2.697711880567598
-0.013703148439537289,0.006619780191538454,0.005597988388910013,-0.006132825016627794,0.5655113216836575,3.977988858756898,-0.9557579586942629,-2.6869363929448613
-0.013687566035138602,0.006623336449023658,0.005627668406123877,-0.006145844220052825,0.5753384643119105,4.009729853541905,-0.9490574072788286,-2.703211665927561
-0.013708709395206253,0.006646572705140477,0.005588945125400519,-0.006181079839045732,0.569518142833442,3.999452652428262,-0.9915986882769544,-2.6920565381988673
-0.01371373594625573,0.006631442302545081,0.005578703482796336,-0.006150388897845446,0.5627661039454744,3.9729299832477722,-0.9769083141153722,-2.681485564907495
-0.013724290781873151,0.006643127944642457,0.005559354396974373,-0.006167875040769203,0.5597070108559449,3.9676733650412035,-0.9980179107769213,-2.6758711963858364
-0.013692510645757093,0.006608157409201727,0.005617244186674261,-0.006115215893463571,0.5682628330004426,3.982916722928902,-0.934557909387444,-2.6922493340424816
-0.013676939708806898,0.006611768252052548,0.005646943960633745,-0.006128138163142615,0.5778715619350703,4.01460110624359,-0.9277345512000149,-2.708557388331752
-0.013681845088507524,0.006596565919013275,0.005636430153094763,-0.006097538083406951,0.5712409581542902,3.9876693171691486,-0.9133210079467985,-2.6974076620563996
-0.013666277091978747,0.006600233495542398,0.005666157736053882,-0.00611037716473628,0.5797520900319021,4.019253934617018,-0.9063852725342417,-2.7137527125280614
-0.013671165675005,0.00658499819192964,0.005655518228585391,-0.006079776005850267,0.5741556709602033,3.9921965222289093,-0.8920664748320754,-2.702396804047273
-0.013655578290412793,0.00658873229390265,0.00568532964428846,-0.006092542793365289,0.5825635121215381,4.023745597066971,-0.8849625556700024,-2.718781355955618
-0.013660446479643915,0.006573468066577777,0.005674554948454161,-0.006061964361107202,0.5767619653834384,3.996550305938493,-0.8707851200429201,-2.707238716569347
-0.01364484341025055,0.00657726476122486,0.005704460151157064,-0.006074634605137605,0.5865309185981582,4.028134936750916,-0.8634668600152636,-2.7236342413885115
-0.013649660685840587,0.0065619924086929805,0.005693593019336979,-0.00604414035732698,0.5792795041511932,4.000808453659918,-0.8494512173663588,-2.7119559327988045
-0.01363407255801407,0.006565831011279576,0.005723526010279514,-0.006056674372303737,0.5901894326927379,4.0323908089946245,-0.8419646599601105,-2.7283355204174904
-0.013638821949781733,0.006550564815130697,0.005712610755278054,-0.006026285329502474,0.5821206478572901,4.004960096141585,-0.8280589456131039,-2.716531836450639
-0.013623265840603558,0.006554431157513265,0.005742507993115299,-0.0060386802675973655,0.5920656367499099,4.036410895645407,-0.8205129260663219,-2.732923511446558
-0.013612423365294984,0.006543065313045259,0.005761417640665019,-0.006020641454097124,0.5926490252783192,4.040135798580032,-0.7990760676036693,-2.7374003256345874
-0.013617147429941386,0.0065277454662570076,0.005750275535257175,-0.0059902443415283954,0.5886265854589694,4.012520322281161,-0.785240480104596,-2.72510860090865
-0.013601545239737611,0.006531733590664734,0.005780287983673928,-0.006002526451416257,0.5942412931163051,4.043628647029209,-0.7775422435788267,-2.7417115948401185
-0.013627976186663573,0.006539156265801507,0.005731521778866847,-0.0060083335982751345,0.5853874217713163,4.008893916273585,-0.8066415056607955,-2.720921858855469
-0.01360629885661852,0.006516343047002199,0.005768935818133724,-0.005972049494261674,0.5913787826132771,4.01589533168267,-0.7638516403009198,-2.7291354649223902
-0.013590631571951553,0.006520436102827724,0.005799132361047875,-0.005984322314663622,0.5977939057328545,4.046997881807678,-0.7558429297280295,-2.745793155922565
-0.013595374756549183,0.00650497574663229,0.005787607906222862,-0.005953810299679066,0.5937393959080359,4.01914608584947,-0.7424331095481095,-2.733062925098563
-0.013579682470325219,0.006509172961654168,0.005817936548594791,-0.005966042536484896,0.6023018845439277,4.050295367415732,-0.7340073401692296,-2.7496240529045948
-0.013445568842486736,0.0063767341593964424,0.006038704702565519,-0.005742481927547764,0.6385166036456434,4.076627165300339,-0.47211422855291457,-2.7839516339889
-0.013449555272825008,0.006361149519617836,0.0060264037057082345,-0.0057129379784455194,0.6287227937309369,4.047447881228639,-0.46143858151734657,-2.7705064015559517
-0.013584356369857132,0.0064936640903723655,0.005806331566297313,-0.005935565130971702,0.5959940441071775,4.022333978291524,-0.7209534837386525,-2.7369085769127857
-0.013568698043612793,0.006497944278924987,0.005836684914842761,-0.005947702122012362,0.6070639061736468,4.053527501281683,-0.7121107698777142,-2.7532313176716836
-0.013557678400931637,0.006486750166079203,0.005855363507586924,-0.005929314720335914,0.611448380034618,4.056662060291707,-0.6902355824341582,-2.7566679539412475
-0.01357325704892933,0.006482424753635922,0.0058250880330367625,-0.005917338248392246,0.5983095930968044,4.025463541555481,-0.6994123454477116,-2.740652247314525
-0.013546623651759673,0.0064755907342110685,0.005873959042630877,-0.005910893569144193,0.6143074485719621,4.0596161678385245,-0.6684423736241681,-2.759991196414688
-0.013562108728821812,0.0064712621194344955,0.005843822685942732,-0.0058991283314190094,0.6009234089638352,4.028503108008214,-0.6778318862150358,-2.744256552880415
-0.013456934686954742,0.006387576634705021,0.006020607734705893,-0.005761452242350781,0.6340293417286169,4.0753359307693175,-0.49415620494349405,-2.7820637978465492
-0.013461043148904504,0.006371983186701406,0.006008265507368656,-0.005731772894722451,0.6262625354767545,4.0462238592526285,-0.48319656057594873,-2.768504793689845
-0.01346826640933527,0.00639845476026239,0.006002443549794528,-0.005780373689183277,0.6292616935510937,4.073959123123805,-0.5161974783987885,-2.779985074886769
-0.01347246304315512,0.00638288711177494,0.005990141003658249,-0.005750613520775687,0.6240380676404643,4.044922929382198,-0.5048961510296378,-2.7663742952424815
-0.01347956389717228,0.00640936842804845,0.005984233012648737,-0.005799224636635983,0.6253968798287156,4.072514517113404,-0.5381406315006593,-2.777661667720981
-0.013483786074283561,0.00639385477180533,0.005972077531761014,-0.0057694540389470585,0.6217895836412178,4.043570259877529,-0.5265251388173776,-2.7641500635516336
-0.013490827038345834,0.006420317529674784,0.005965991464187157,-0.005817989403103049,0.6234181461615496,4.070953027401194,-0.5599364405192988,-2.7750913355021347
-0.013495024361936427,0.006404865409095459,0.005954044542535743,-0.0057882597024846915,0.6191708122309642,4.042112058581675,-0.5481166179182183,-2.7618273105506113
-0.013502055721075013,0.006431301956387209,0.00594770838524029,-0.005836678977155976,0.6224106174731284,4.069172795881464,-0.5816322889004392,-2.772324012103756
-0.013506228508865972,0.0064158911151860855,0.005935943042228249,-0.005806975599709976,0.6160942615039788,4.040433113818126,-0.5697232412932508,-2.759359606015306
-0.013513249833920802,0.006442321599068367,0.005929360276690939,-0.005855317491803587,0.6205520979918663,4.067116420783963,-0.6033164273590153,-2.769413561624735
-0.013517434696385923,0.006426922009992457,0.005917708843061256,-0.005825576616411319,0.6129396154561898,4.038480977177969,-0.5913633404504939,-2.7567099899969794
-0.01352440926578893,0.006453376348240326,0.005910945265488891,-0.005873906924844471,0.6179188255643926,4.06482100264213,-0.6250192191924634,-2.7663801241986996
-0.013528632086564825,0.006437973397832176,0.005899368351756907,-0.005844089069494413,0.6100007126125271,4.036309193771452,-0.6130097758833525,-2.7538806864420575
-0.013535533905932737,0.006464466094067263,0.005892478962469247,-0.005892431539020821,0.6159058104523489,4.062329084897766,-0.6467220943006662,-2.7632320629952374
-0.013539800484294637,0.006449053490803631,0.005880959754995911,-0.005862531225378063,0.6070708819191993,4.033952192804699,-0.6346342551129355,-2.750876144324614
-0.013550952035054421,0.006460149364610449,0.005862457410368466,-0.0058808789107880005,0.6039497060638138,4.0313589532383896,-0.6562373164452673,-2.747673485616495
-0.013453737195337734,0.006345260339375824,0.006014231332561672,-0.005683387261200056,0.6277580827149764,4.017303860667152,-0.44445798676996,-2.75686641039507
-0.013064534716697501,0.006049224510282093,0.00658451971944225,-0.005107460681620479,0.7204694733159801,4.0189183578639875,0.225279580262739,-2.763402391948807
-0.01307693124492386,0.0060588714669512125,0.006568434670886122,-0.005128130126449172,0.7174514578887862,4.023496479790647,0.20381336161999522,-2.7665304169821447
-0.013079279968197521,0.006042983261171225,0.006554580388549427,-0.005100679380663557,0.7084707466527437,3.9926454561149476,0.20835371423307716,-2.7515843650307183
-0.013089297407978533,0.006068557322679483,0.006552278792094288,-0.0051487567250647695,0.713951774595207,4.027924744191461,0.18230372285680865,-2.769488667580394
-0.013091696036869167,0.006052669021294359,0.006538480658165741,-0.005121201438715004,0.7064107264612959,3.9970980632198185,0.18707523459897757,-2.7545603819354736
-0.013052107945002958,0.0060396165473467316,0.0066005225718593725,-0.005086762942262997,0.7218065679118256,4.014121458364314,0.246669967255408,-2.760140966718703
-0.013066831698187157,0.006033357491567863,0.006570632411016547,-0.0050801399379643486,0.7108551094327621,3.9880688368900947,0.2296017035833304,-2.7484684671132587
-0.013002100865175385,0.006001576511259319,0.006663923041581661,-0.005003417268988233,0.7310445273476934,3.9931539188322938,0.33193945802545793,-2.7454735744876686
-0.013004161720459343,0.005985689478702633,0.006649808726727019,-0.004976487225708689,0.7222902022335553,3.962292553438282,0.3352151150528946,-2.7304828925496882
-0.013014647389398245,0.006011027561188928,0.006648179708346057,-0.005024316899467944,0.7295668870712883,3.9986613157096613,0.3107070213191671,-2.749368835920794
-0.013016749168900677,0.005995139737469567,0.006634109526900446,-0.0049973076844115035,0.7198544813822951,3.967784909244966,0.3141823651449398,-2.734383997345557
-0.013027164159111645,0.006020517979210123,0.00663235610377642,-0.005045186339994522,0.7266461781817531,4.003961764809782,0.28939419674270866,-2.75313128688101
-0.013029324115967628,0.0060046152446996725,0.0066183089703171155,-0.0050180605434415665,0.7176005305989785,3.9730686609385795,0.2930822250893342,-2.738119385661197
-0.013039651051762191,0.006030047672386858,0.006616464008537506,-0.005066010054791767,0.7234398401460224,4.009113842885495,0.2680321837118659,-2.7567280953012894
-0.013041869984612847,0.006014152219623169,0.006602457230260186,-0.005038799391790958,0.715605026959529,3.9782300792069623,0.2719465796426079,-2.741717226536196
-0.013054367668504529,0.006023747271507891,0.006586582042171832,-0.005059514515559523,0.7134026008237174,3.9832636996878787,0.25079407887641847,-2.7451781374162745
-0.012787189807853922,0.005814204406729938,0.006891395415215101,-0.004588642389135758,0.752134762133724,3.807998514529681,0.6901491012737814,-2.6231364190051214
-0.01280041962997499,0.005823007033551551,0.006876712057678866,-0.004610294857054278,0.7503409104745254,3.816362632697771,0.6701666186878602,-2.629607343843898
-0.012813571770482167,0.005831852490391257,0.00686204293835212,-0.0046318755317681475,0.7485402243745501,3.8245994145656432,0.6501759611888948,-2.6359459877338094
-0.012826661737593859,0.005840759731631599,0.006847377746959197,-0.004653424969530172,0.7467129661771473,3.832737401614915,0.6301534059828374,-2.642168171345512
-0.012839683411881632,0.005849754576277428,0.006832746044394146,-0.004674983647901282,0.7448620575759128,3.840832638295828,0.610096058833972,-2.648300913947748
-0.012852616506983454,0.005858840259672488,0.006818183322345736,-0.004696549264062621,0.7430231606909025,3.8489085173778537,0.5900242973922327,-2.654352837252013
-0.012865458474403568,0.0058679752495799315,0.0068036633153052,-0.00471805573304327,0.7412508451671069,3.85688986652622,0.5699562285897871,-2.6602849034695577
-0.012878276782778683,0.005877063055933035,0.006789005453559608,-0.00473937850046613,0.7395343811225178,3.86454065772515,0.5498566610859928,-2.6659848755142233
-0.013006423811151782,0.005969480229481391,0.006635773404536942,-0.0049496131285069085,0.7192127125379669,3.929261901311922,0.3443500688004348,-2.7137240922764554
-0.01299375798173584,0.005959963050754716,0.006651297440235337,-0.004928652930158894,0.7213781392433005,3.9233619239555613,0.3651678007134152,-2.7095252056968033
-0.012980965344053325,0.0059505802107531055,0.006666983318091803,-0.004907767675848988,0.7236019115701756,3.917555534396189,0.385984750346349,-2.705302858520112
-0.012968142195084388,0.005941354657586801,0.0066826837785192465,-0.004887028644920897,0.7257330787968077,3.9117962388884604,0.4066888920028711,-2.701041792970123
-0.012891182390385912,0.005886037640991358,0.006773979886679166,-0.004760458352814828,0.7377353892407531,3.8716423290311712,0.5296357496174587,-2.6713542373033365
-0.01290418601067446,0.005895006567612763,0.0067586465182122,-0.0047814713364485026,0.7357559736457838,3.8783843546439525,0.5092385483711607,-2.676491756565824
-0.012917170344028783,0.005904136078472511,0.006743317122766973,-0.0048026363640289805,0.7336596852056368,3.8851744867214264,0.4887190895443903,-2.68159411787725
-0.012930030529662509,0.005913432145963828,0.006728169203962269,-0.0048239206039809015,0.7315783391396985,3.892112806486994,0.46818573986408724,-2.6867015080613617
-0.012942750689897036,0.005922794642662189,0.006713159264458319,-0.004845155714447103,0.7295968077685225,3.8990295643436723,0.4477038683050489,-2.6917249249789887
-0.01295541127701647,0.005932123213445322,0.006698084153412792,-0.004866210138900946,0.7276973314679845,3.905669774951406,0.4272390210262085,-2.696541406347759
-0.013101633084380386,0.006078281982360665,0.00653607533085342,-0.005169310896942334,0.7119467520641387,4.032218404256992,0.16081317376160403,-2.7722488748952334
-0.013104057059940293,0.006062417281197544,0.006522371587012163,-0.005141706514441906,0.704197621928977,4.001436624233812,0.16578918799107425,-2.7574049651361423
-0.013113938152874599,0.006088045350458172,0.006519823239389922,-0.005189794051197067,0.7110693334977395,4.036308725160214,0.13933476673755643,-2.7748418459840365
-0.013116375853570414,0.006072185713806444,0.0065062064984910475,-0.005162128851880214,0.7015630893845475,4.0055638731246885,0.14447207184839247,-2.7600875164538583
-0.013187119036995118,0.006147433031857422,0.0064208277005049314,-0.005311782104032765,0.6952880971925031,4.057026933165034,0.009190213150709977,-2.7874780178793723
-0.013189940666407135,0.006131685022569641,0.006407422105959075,-0.005283788670069015,0.6873391793717706,4.026456227854209,0.015598598720188568,-2.772758088878821
-0.013175000149139745,0.006137439443456894,0.006437460695153344,-0.0052916118302785255,0.6959517487712495,4.05393304403544,0.03086764430367439,-2.785866025201298
-0.01312621249243652,0.006097847331006404,0.006503502592648422,-0.005210231252487278,0.709700726004879,4.040146731399331,0.11779706411876655,-2.777325122399203
-0.013128688007441873,0.006081956023517995,0.006489916274896065,-0.005182445680318201,0.6987811098993424,4.009424586177253,0.12308110080212888,-2.7625820194314836
-0.013138455982275534,0.006107687827612112,0.006487096863032297,-0.005230643012279643,0.7068048791118863,4.043763096293282,0.09614033955598639,-2.7797215532447743
-0.013141012343011233,0.0060917544194725075,0.0064734851328207615,-0.0052027025428236714,0.6962388519954815,4.013057109737901,0.10160730475777065,-2.7648899748469984
-0.013162849930815514,0.0061274839812932615,0.006454051729051477,-0.0052713630324155185,0.6981131876528256,4.050634564695584,0.05258884767189151,-2.7840515981179177
-0.013177790415427918,0.006121623451338384,0.006423964885897803,-0.00526356327386463,0.6900729625659955,4.023323215464225,0.03710591364149595,-2.7709863493154097
-0.013150668501838894,0.006117566743455818,0.0064706058131625875,-0.005251029458205359,0.7023969743870625,4.04723737130064,0.07437487983795929,-2.781990002267831
-0.013153330733904012,0.006101622667781005,0.006456967200031877,-0.005222963645969401,0.6941182147801298,4.0165482149681475,0.08008960557978505,-2.7670382984585475
-0.013165597872066231,0.006111585338141064,0.006440451674645144,-0.0052432617069514,0.6922403526007916,4.01997735872292,0.058585161387162736,-2.769066888003984
-0.013199206474818056,0.006157464647985367,0.0064041236264817,-0.005331909187369134,0.693731686428087,4.059848622348247,-0.01253595650235819,-2.7889610606483344
-0.01320208860679519,0.006141741015290497,0.006390742137790755,-0.005303893706226598,0.6844464430523364,4.02929839110215,-0.005977438824887055,-2.7743426996610867
-0.013294759514952837,0.006239074616716287,0.006268109156806831,-0.005491161882845674,0.6728346471170304,4.075740761041331,-0.1870582917715574,-2.7952163522763294
-0.013306558565652453,0.006249443980966237,0.006250809286597479,-0.005510847075679795,0.6688379764646716,4.076878268650399,-0.20899223190828545,-2.795327189954969
-0.013309831927959426,0.0062337005901243435,0.006237999148596455,-0.005481998287142544,0.6614334233621646,4.046775385083683,-0.20069175953768184,-2.7813509056007764
-0.013211262343301557,0.00616753419291269,0.006387334187603938,-0.005352010226984239,0.6904759543838236,4.062442062079567,-0.03434972227932351,-2.790331551874866
-0.01321422693025739,0.006151810990750267,0.006373951214858064,-0.005323906842185595,0.6818886838478208,4.031909551656439,-0.027593496995988804,-2.775743390764664
-0.013223286523398867,0.006177641567294448,0.0063704720079997635,-0.005372070055729987,0.6867100214362566,4.064889528252675,-0.05620090684645504,-2.791545600307691
-0.013226317386741716,0.0061619278634283585,0.006357132296861253,-0.005343877630736591,0.6796465317156954,4.034386755722408,-0.04919527726353626,-2.776990651672835
-0.0132352788963271,0.006187786671370488,0.006353556803530118,-0.005392065248204116,0.6838608408325143,4.06721510821811,-0.07802030292117591,-2.7925602558579947
-0.01323833952332063,0.006172100439516391,0.006340323007116316,-0.005363820764539597,0.6773526621464625,4.036753796516759,-0.07076938482612526,-2.77810364075353
-0.013247239343570824,0.006197969404967168,0.006336593140728861,-0.005411990513223071,0.6819473124807579,4.069371565629121,-0.09979390964244306,-2.793374921913903
-0.01325031011603641,0.006182312419603867,0.00632348470496723,-0.005383713433073267,0.674778034864222,4.038956878096768,-0.09234953635459851,-2.7790741810904755
-0.013282927950127593,0.006228742374980061,0.006285342538287231,-0.005471427799044031,0.6765171281621002,4.074474207155179,-0.16515351835491798,-2.7949345586612466
-0.013297969893634534,0.006223333521052955,0.006255249466885015,-0.005462423032549942,0.6637190057084963,4.045555595353341,-0.17898320213869726,-2.7812284889531784
-0.013259167746885668,0.006208189667499153,0.0063195742495097155,-0.0054318538919390195,0.6802754881729814,4.071308213408126,-0.12155179872181761,-2.794019829678198
-0.013262251458191494,0.0061925446128170344,0.006306570181543785,-0.005403525911224536,0.6720091210175402,4.04094635745805,-0.11396275231842816,-2.7798846256370804
-0.01327106398830183,0.006218447357971208,0.006302494454680876,-0.005451662013570555,0.6787056599396908,4.073008962813335,-0.14332537648305885,-2.7945313139690384
-0.013274169634260459,0.006202786636106224,0.006289565917883347,-0.0054232392375965525,0.6691472250455699,4.042706479872308,-0.13560609665952417,-2.7805190661431882
-0.013286074170134131,0.006213040519178315,0.006272457653026233,-0.0054428561930492956,0.6662935327763022,4.044228598532992,-0.15727967980361288,-2.780963441647383
-0.013403567530468577,0.006318101311542,0.0060978161067079956,-0.005636873202999983,0.6407440797945089,4.050104419343257,-0.3745567043869161,-2.776579263694733
-0.013388231747947458,0.006323060291193107,0.006128097276375235,-0.005646988202971681,0.6486555506702716,4.079780939635319,-0.362683057561471,-2.791698243769672
-0.013419219113112451,0.006312965867249154,0.0060675752952595785,-0.005626761307967978,0.6354656804063356,4.0191760467758035,-0.38003329568508976,-2.7613328622153315
-0.013430637640563013,0.0063238193944746115,0.006050114759507466,-0.005645927659527504,0.6329082497723766,4.019092540763638,-0.401567301903836,-2.760176494949567
-0.013442120844147339,0.0063345651131461594,0.0060323682954465906,-0.00566477200115613,0.6303881166737736,4.018473274614158,-0.42300845720184005,-2.758691755052677
0.010470471553061363,-0.014977816440745884,0.008296220140246783,7.840835597471537E-4,0.2671582567240215,0.5981712603420676,3.3848920324390277,0.6374727924838397
0.010479667095806028,-0.014990926096370353,0.008266722760455479,7.944615161353822E-4,0.2598334386952124,0.5826337357855521,3.3661586408245086,0.6392407766836659
0.010454833402758998,-0.014979269682969046,0.008298639455455862,7.580495959788673E-4,0.26911208559984634,0.6196490200622469,3.38526445411672,0.6163957336323002
0.010464004086497378,-0.014992379853339186,0.008269224572815313,7.685243661198143E-4,0.2600029607567454,0.6040157044409291,3.366619348712742,0.6181606169626033
0.010157039844353498,-0.01499753324023817,0.008329078033672315,2.617524828121562E-4,0.2776371390266253,1.029249686587708,3.3687361067573662,0.2135929693113908
0.010165322486129521,-0.015011245801857786,0.00830015118476292,2.737918394086262E-4,0.2682636208932221,1.0115635415033217,3.351005735313374,0.2172954120783648
0.010172736759216247,-0.014997015310364325,0.008328214781894482,2.879132160536727E-4,0.2774696138221953,1.0077215148919203,3.3707589447461532,0.23480226572640048
0.010181066512923645,-0.015010669382340448,0.008299316916157552,2.998733372445174E-4,0.2678477336490955,0.9901088602116833,3.3529830537248593,0.2383708158195886
0.01018843184700263,-0.014996448082291579,0.008327269641906807,3.1406490447478296E-4,0.277114812313969,0.9862076343511452,3.372668791743966,0.2559639143843093
0.010204124970286515,-0.014995831562063067,0.00832624309014984,3.4019521807428704E-4,0.275748164597822,0.9646906313061804,3.3744425218304186,0.2770397137899216
0.010212520927125933,-0.015009408260655636,0.008297329528656359,3.519822022221095E-4,0.2675309332440658,0.9472256844866891,3.3565212271594134,0.2805150943893646
0.01021981599104591,-0.014995165756016561,0.008325134599739641,3.66317808370588E-4,0.2738848216139147,0.9431259947704073,3.3760587977985383,0.29807622737827205
0.010196800154464487,-0.015010047850932214,0.008298393576102417,3.259398192631936E-4,0.26759349402528954,0.9686599311803148,3.354830512184803,0.2594594429401267
0.015504793078368117,-0.009911782937107885,-1.1575066899435803E-4,0.007389610510946789,0.21949997931561188,0.0947269920419583,-2.755484531253011,0.7411693695295645
0.015433801062355467,-0.010131030788274327,1.824996489907418E-4,0.007511348394480013,0.2328340436576181,-0.13383316347847185,-2.7897552495166313,1.0142488151800426
0.015459403151725472,-0.010087003955006772,1.2070317841489401E-4,0.0074692356438713844,0.22831843741300187,-0.08630542105189143,-2.773583526441111,0.9506128301756904
0.01547943438328067,-0.010033733788887986,4.7781573607202225E-5,0.007436021906950754,0.22475930707823596,-0.030432639995885868,-2.763684626670401,0.882427853319629
0.015495458409990793,-0.0099802559653447,-2.429125804403448E-5,0.007408246404506692,0.22191857275665416,0.02479044477992844,-2.756129036092517,0.8172307568115941
0.015468935069833052,-0.01018302235122989,2.5057768363406736E-4,0.007445984040301897,0.2281732055196529,-0.1843723305792583,-2.7412570560258263,1.0412482932816969
0.015417570558960222,-0.01034915603292489,4.8471376800148343E-4,0.007510391350815353,0.2375238071044183,-0.36132676610252923,-2.7402220987302215,1.2467512448874032
0.015448635234283714,-0.010314530145959167,4.317029131659299E-4,0.0074630531317188996,0.23256810706968126,-0.3205521502340925,-2.722071684628894,1.187131166323227
0.01546326684192891,-0.010271251732301662,3.707503713452636E-4,0.007444865850667675,0.2295827897446358,-0.2747176478895684,-2.721724251113556,1.1332510582534046
0.015500468241676259,-0.010236374101070608,3.187481483857379E-4,0.007385968278092486,0.22418243402394697,-0.23455968412566872,-2.6958575038581327,1.0705962372832394
0.01540352006948556,-0.010593343901874946,8.201358854435412E-4,0.00746892951701448,0.2409069916214737,-0.6075780402345891,-2.649503983157668,1.4895010527702526
0.015453912523620512,-0.01064010715445756,8.645134924726638E-4,0.007367420299334264,0.23209481087399267,-0.6360010812057725,-2.5819449856893297,1.482721758467357
0.015401566211039372,-0.010488947441121091,6.795883513362051E-4,0.0075046451103074,0.2407232363546639,-0.5057592961016087,-2.6995830700225807,1.3951662733755135
0.015436919397433213,-0.010541755913165722,7.403837501523018E-4,0.007428567467558919,0.23514930234945694,-0.5479501621454376,-2.6435578509665025,1.4116282492067527
0.015437185180228553,-0.010394238686813217,5.420209525151361E-4,0.0074669786509836,0.23484885896120453,-0.402854001774725,-2.70464497782319,1.273732734333142
0.015450925484061497,-0.010444673039741278,6.067474577935117E-4,0.007431558559330719,0.23249453973852682,-0.44982104537183926,-2.67195563888366,1.3096392287155787
0.015498813537349013,-0.009788378721215244,-2.812671692848946E-4,0.007388345747763521,0.21846091576885804,0.2219598751792131,-2.7708621594567884,0.6157884962049404
0.015538263147251827,-0.009844432786839621,-2.0256951811141403E-4,0.00732752107293166,0.21392205982006066,0.16112291967769934,-2.727642702720006,0.6537860489649222
0.01552742957030948,-0.009725435022600168,-3.6045862667603243E-4,0.007330583716101002,0.21376624534355534,0.2824768042198924,-2.742761442290174,0.5363354874999898
0.01555343437576102,-0.009662235024271453,-4.381855555851809E-4,0.007275619749241632,0.20935491740559573,0.34192097062404464,-2.7153987044380536,0.45956342821182666
0.01556583776473228,-0.009598467281301051,-5.176158182833724E-4,0.007241560689970817,0.20692388438421336,0.4023351801520687,-2.699902695444385,0.3896355059982572
0.015627763678351933,-0.009047299299243654,-0.0011657911675194066,0.0069424849285982795,0.1934295457479143,0.8915403904690776,-2.528001656264814,-0.16631439925592292
0.015672322077755683,-0.008979128675856126,-0.0012202231181731723,0.0068410194705042235,0.18829594594857665,0.9283472491108932,-2.464353209528967,-0.2308915299373295
0.015666379140315767,-0.009104764647026323,-0.001081955280463285,0.006910481344940505,0.18946973680809692,0.826445741551038,-2.51049979395975,-0.1164912771000102
0.01563429129162047,-0.009267931591665635,-9.052995588629914E-4,0.007028884516883189,0.19473258777825975,0.6956477784271252,-2.5838243138721846,0.04197320062193268
0.01567130779473511,-0.00918753911027352,-9.847187037510423E-4,0.006938963285236203,0.19024180661271264,0.7534171786967071,-2.5292763520698665,-0.040138814439649395
0.015623797109020543,-0.00957345061701099,-5.358364959928911E-4,0.007140632962406366,0.20010214626723583,0.41516471657604714,-2.6407484596418924,0.34341285925821674
0.0156402688363181,-0.009397083289690073,-7.480557018553989E-4,0.00706505249969929,0.19566857532836665,0.5763703813628097,-2.6032845055848206,0.16543662972404216
0.01567959508903984,-0.009332831767210364,-8.117507413145549E-4,0.00698149543016894,0.1905396985160354,0.6227597661103209,-2.554615919461033,0.09513186662998091
0.015652321878722886,-0.00952067729501364,-5.93997620687364E-4,0.007081565226630511,0.19588271283244021,0.4587356052141383,-2.608409461654602,0.2824159705762155
0.015687182926933812,-0.009457272722324241,-6.612982757343414E-4,0.007008848640078059,0.19130917414004825,0.5087926052366493,-2.5676660835349243,0.211407640185341
0.022656568999993125,0.012959179818203739,1.4146631957137235E-4,-0.0011557889341040296,0.12777043979740635,-0.2056952288470715,0.44544740045030473,0.232955800726401
0.021937370861723808,0.01235280541549873,1.986134007165581E-4,-0.0015767114429098437,0.09245301514179845,-0.22102792995590068,0.4980757541542608,0.25428812227381176
0.021163598478157387,0.011371177177459857,1.9674985077430148E-4,-0.0020919720654602636,0.058138795884883694,-0.17749466647748005,0.5937901794798804,0.2208018562210687
0.021753611564165897,0.011695632876782075,1.7111928600898612E-4,-0.001743662206560433,0.07233586351783274,-0.17977160974171838,0.5378239384335195,0.2163026968388257
0.020491861110979347,0.010433914147217406,1.0402069356484126E-4,-0.002544197419623758,0.035348245099377625,-0.07847015491988235,0.6975874409123158,0.13342391812157092
0.021181044044518385,0.010730213109601996,1.1601751769122067E-4,-0.0021311527806406032,0.04077216468922807,-0.10382935908633407,0.6140024396519498,0.14737042446145135
0.01989371107729548,0.00956269101340552,-7.854473242213069E-5,-0.0029159000051539215,0.023411713324420685,0.06847852002806863,0.7914875782159795,0.0010686328281224102
0.020530723216440443,0.009817471910068359,-8.77921584507471E-6,-0.0025300036569261795,0.02069912815988452,0.01380512949785641,0.6993863141841302,0.04023134676874603
0.018755472753259114,0.008552155392074483,-5.037674474995857E-4,-0.003568487106378591,0.032953918163481755,0.3586237339196216,0.966452638484876,-0.2463154740971417
0.019863547188427737,0.008958253982317777,-2.237774182682153E-4,-0.0028912031139071317,0.012245390448187883,0.1782164063549806,0.7798913678324632,-0.10895469477909923
0.019245047870193214,0.00877934736013384,-3.4706382514506024E-4,-0.003269532496474397,0.023259957302591446,0.2585339559108151,0.8805290197070123,-0.16770994042282636
0.018099230458529885,0.007566052721831142,-0.0010364911424902126,-0.0037480404849803586,0.04746481946800119,0.6881571218601717,0.9717937395232951,-0.5433686591775967
0.01872200634525369,0.008053572878396717,-6.761080957014182E-4,-0.003476244249643523,0.02832479995238796,0.4709896566598117,0.9189037092830264,-0.3598441166598947
0.01850342313945809,0.007683046789451351,-8.572724160551069E-4,-0.0035148502594330245,0.03361959772769204,0.58284927013745,0.9115915053195254,-0.46149110034815566
0.017229698471605492,0.006389688685055173,-0.001838809874401468,-0.0037368264354042877,0.08693643624718171,1.1116280381127146,0.8397503871742237,-0.921003899839557
0.017596653385360046,0.006570186102693907,-0.0015824671982706052,-0.0036209203364325087,0.0671360289450388,0.9793610355633163,0.8417077993452758,-0.8136821667235495
0.018013357148251915,0.00714210012599456,-0.0012112970478773148,-0.0036348017058120477,0.049833710077086806,0.7866831903408126,0.9047869819283886,-0.64022025115796
0.017895058568636334,0.006764446040832251,-0.0013782546900869559,-0.003538773560983556,0.05280558045487042,0.8730080095116071,0.8453545357355606,-0.7244581530307755
0.016290780522242813,0.005065509355918694,-0.002751819504518843,-0.003285492715650062,0.14087735079201635,1.4308827069249046,0.5051514325154683,-1.2116613648589531
0.016670982619685693,0.005271506523068676,-0.00244797480607702,-0.003287536198297522,0.11681791665863288,1.3216485284702966,0.5687134619153674,-1.1225900422490829
0.01695882826303933,0.005569824224221893,-0.002201334833747374,-0.003364450523994564,0.09932628978336923,1.2344684711270757,0.6409704826314696,-1.0474745481850913
0.017147441832946038,0.005991466918575793,-0.001991284383390402,-0.003540705450028932,0.09095927676203107,1.1650047816134357,0.7396570363400025,-0.9782172776545525
0.013938469390565412,0.002647347678676003,-0.004496770819612225,-0.0016548077872554471,0.20124550911143405,1.4104992822852724,-0.19914643749690394,-1.2139643887956115
0.01389601061218116,0.002205942771145057,-0.004458069624843147,-0.0013446517410486633,0.18236363642172979,1.3198989865872355,-0.18583156327881253,-1.146759232630641
0.016015985633917186,0.004780333623229506,-0.002991278786477182,-0.0031596043064639656,0.15619878586648783,1.4887360647671837,0.41677385879645373,-1.2632372706058395
0.01576815877104234,0.004597966857148081,-0.0031988840082940464,-0.003085391595677018,0.1717639423995452,1.5388388145189218,0.3489612584970186,-1.3045537604402175
0.015634270604138006,0.004282606031153228,-0.0033164715460769303,-0.0028653766542616897,0.17359621923791033,1.527114767274288,0.2661010292674544,-1.2996599194139409
0.015391851521783656,0.003948381750371081,-0.0035084944494092776,-0.0026432505313916063,0.18103015796280017,1.5261204216259847,0.1734569574141854,-1.3030672468287874
0.01435401994534917,0.002883817876529059,-0.004228425930763627,-0.0018610687165216322,0.19634282587881138,1.4512820312493517,-0.11404645262476464,-1.2486885402514771
0.014729646906552572,0.0031157205668969606,-0.003973284711037735,-0.002043640289150775,0.18926197926809693,1.4702920702695703,-0.032145147731751395,-1.2646431107113036
0.015119643172406189,0.003329438741690746,-0.003694912937884286,-0.0021920596403267813,0.17682235130330368,1.4624447273704326,0.05365372008541158,-1.259231833103456
0.015475401585388526,0.0035452534667265493,-0.003435965158387727,-0.0023226724794058735,0.16352052955504207,1.4421493408321029,0.13095313328640326,-1.242326953644039
0.012987127633435545,-0.0010165350018072697,-0.004846310007916846,5.256264503876691E-4,0.1528187600401177,1.0571400556010173,0.17125332555421144,-0.940550014384688
0.012715530120694558,6.194326477549436E-5,-0.00492712521356499,-2.9649197099245762E-5,0.14047769853019254,0.960963910262299,-0.011716801691446342,-0.8653149027351238
0.012846459580253551,-4.8784724701168337E-4,-0.0048762223345654295,2.425362337767436E-4,0.14444539146925126,0.9971669359749983,0.08871259165059546,-0.8935450373061474
0.01386077658581864,0.0017945683047123264,-0.004426046803811609,-0.001072086850490966,0.16731386704107268,1.251464820531715,-0.1631069091734254,-1.0959297349407666
0.013546633877679251,0.0014282896490458812,-0.004576392681894906,-8.157199150826828E-4,0.161028194419194,1.1763595766928423,-0.16969802304890377,-1.035376642834988
0.0134095439329578,8.861954363377598E-4,-0.004603069485167518,-4.901876299922573E-4,0.14958073877014622,1.1065176885762205,-0.11626312767881798,-0.9836642437727656
0.013135268240461684,4.062224004637294E-4,-0.00472417552165904,-2.1322791372556206E-4,0.14499969929244452,1.0444231522306788,-0.06376706860403013,-0.9320963743515013
0.013742444614810863,-0.0025498746693428808,-0.004618719408564895,0.001562014447705134,0.20071671189647625,1.3847037839006446,0.23599106185032256,-1.1933571313037616
0.013551266185681123,-0.0020926558374732077,-0.004667857390227163,0.0012279694038531085,0.1842122119151717,1.2796104404212005,0.23835885551873975,-1.113615720676483
0.013495362683052509,-0.0012501328588065705,-0.0045868922206329515,7.054735351654345E-4,0.15651423156392583,1.1511320208253093,0.15573814499537908,-1.0168553604933532
0.013396953846339283,-0.0016787541473037523,-0.004698944051423554,9.492718714836691E-4,0.17150798757614752,1.195530796511785,0.21862037595046407,-1.0472842175145216
0.014294815735983507,-0.003764866485077288,-0.004400617667128831,0.0025572586515130286,0.24665680066803247,1.6877694794764155,0.08911392940284792,-1.42015232862316
0.014095863124525699,-0.003558411568796543,-0.004533971016499302,0.002371521148746386,0.24479134665313512,1.6478313150776542,0.15837364997675285,-1.3902648837552212
0.013810314677890194,-0.0029705262484664026,-0.004648647543346203,0.0018754769275265838,0.22258254348316855,1.490229704618526,0.23912132648535686,-1.2718680547604333
0.014013461540911825,-0.003302170845990274,-0.004554670308230868,0.0021557786221268744,0.2333633077299824,1.5775519686920119,0.18849499582999266,-1.3387390696462182
0.014104089396295785,-0.0027036529610691045,-0.00438654486983259,0.0017114370324001382,0.19822772657851806,1.4213600544097256,0.16566718016058002,-1.2241285109777762
0.014647548118148423,-0.0053339878295476,-0.004220224550557123,0.004048478706789773,0.3008174240591186,2.160851151908194,-0.35352816911113005,-1.7314308193335817
0.014720453590718406,-0.005484384810914592,-0.004141371263026247,0.0041938622968517615,0.29811695235414243,2.1828229611999945,-0.434902648622644,-1.740772445885083
0.014767354882887768,-0.0056412342847401015,-0.0040846146837556834,0.004353498921046659,0.29686963516886905,2.216611836707036,-0.5169412421614279,-1.7547400763217962
0.014785727917399486,-0.005779173668911049,-0.004055748481089152,0.00450235068960849,0.29921953702219184,2.256919611148602,-0.5903077607356289,-1.7741094260590144
0.014893715111292324,-0.005879592687800934,-0.003924397623610667,0.004573784936519564,0.2862681256983935,2.2218735036800052,-0.6636523534669151,-1.7433746164762491
0.014993969458964121,-0.006020080258720904,-0.00379352771558291,0.004686723476706005,0.27643860311514135,2.1975852656775063,-0.7564229535589141,-1.7159761460647716
0.014592537282793156,-0.003944520205428019,-0.0041689028089863835,0.002712195863322412,0.23662526520558952,1.691930637556345,-0.008914981187165853,-1.4251720532875345
0.01470999056633656,-0.004286174735087632,-0.004098631932302872,0.003006154271655185,0.2446669718352649,1.7674722755541772,-0.08973214677309164,-1.476786742715298
0.014748176233051302,-0.0051282095558938205,-0.00410993499049351,0.0038093580817358955,0.2799292352335811,2.0340120886560444,-0.30733043500304086,-1.651124233508728
0.014797439085256298,-0.004571860806245522,-0.004038865800989953,0.0032578549692268218,0.25054918095263395,1.8301103737598157,-0.1685061438400203,-1.519182451705788
0.01495804684352508,-0.004872682256608143,-0.003898416661157945,0.0035141955616722954,0.2481046921436598,1.8658480576708276,-0.2814577727745588,-1.5394450232049193
0.015454225323256195,-0.006787085997306059,-0.0030850770360311658,0.0052314053395111,0.22401167111853607,1.9800712715141218,-1.229989190905146,-1.4859216456755056
0.015227034191332573,-0.0065871293119363575,-0.003398894660006573,0.005182299951801746,0.250790103689218,2.141753670590632,-1.118596777008473,-1.6194659544296754
0.015379209089349581,-0.006656375489296486,-0.00321203800254692,0.005151107367322735,0.2324549716039849,2.0313014137492362,-1.1543173846233858,-1.5373908311908886
0.015136716938538878,-0.006383311087963282,-0.00355881283358006,0.005015215305760747,0.26150805002324023,2.1813439967794985,-0.9865682605838533,-1.6695167682271053
0.015082209500697925,-0.006182253025183924,-0.0036662038615163993,0.0048227993102960874,0.2674137408344867,2.1785425351121925,-0.859587507111235,-1.6888659875298535
0.015406300649015764,-0.0074409374642758095,-0.002803559180011519,0.005945620236076655,0.22184458042715935,1.958516248558304,-1.7046239958007894,-1.3448834885512417
0.015480062875681955,-0.007547632961244791,-0.0026614596755074322,0.005976045012164143,0.21335250058905292,1.8705691812729275,-1.7536072525162554,-1.267170247170849
0.01546394522378631,-0.007748287982760878,-0.002536948290396165,0.006188079532484892,0.2128712140964666,1.8219833939657881,-1.907546268143081,-1.1803774566229943
0.01549117353677525,-0.0076615192881180245,-0.0025733781077306906,0.006074493945767734,0.21082128103517617,1.8288742501706958,-1.8315222358183554,-1.2115159344940791
0.015475167041536059,-0.007906559228604467,-0.002404754106435507,0.006323997748381952,0.2098530101223557,1.749836381479829,-2.016548912928334,-1.0883482317278472
0.01550689144069925,-0.007820444175884974,-0.002442361997185979,0.006206934752424661,0.2068948077581616,1.7601124565947337,-1.9370315739395472,-1.1244390843890488
0.015488443558640548,-0.008088840825083966,-0.002240729969029888,0.006471743013338076,0.2068094381123206,1.6536655996529213,-2.1357707877763157,-0.9706350783466487
0.015522083125541592,-0.007985959425662121,-0.002297784031285156,0.006339139589272286,0.20384505529726119,1.6771908537940043,-2.044146669663789,-1.0236935747967986
0.01558403782662582,-0.008172491558392822,-0.0020866947206674546,0.0064210298558738605,0.1971127744297341,1.5362694709354896,-2.1273330402195927,-0.88445527300306
0.015649355037177407,-0.008275924970411958,-0.0019429777141347776,0.006419311010045794,0.18966980265755187,1.4331132263644948,-2.1458087153629073,-0.7960777603710971
0.015672610742824777,-0.008384980664936573,-0.0018263661806777363,0.006470225572190528,0.187435768698887,1.3539639204066987,-2.1913698636212504,-0.7141949039655783
0.015654114738302867,-0.008477959077431575,-0.001751804573322896,0.006561520276507164,0.18886606776905643,1.306462828753275,-2.2558486367838513,-0.6486088900699662
0.015680568807843725,-0.008571426276493288,-0.0016424055897867908,0.00658922015621975,0.18569209206085047,1.2282708877405792,-2.283559043393239,-0.5722998640401052
0.01566436195692416,-0.008776395590111443,-0.0014437854576156606,0.006740941169854867,0.18795272374596708,1.0908307764726362,-2.3918794480451884,-0.407461409081879
0.015686183265381303,-0.008667381913917298,-0.001543038901472952,0.006643312615851697,0.1855526729838535,1.1586442830323211,-2.325408885422775,-0.4953621822809014
0.015714470643749204,-0.008912124638928843,-0.0012714718651895916,0.006744062045237357,0.18453849219011006,0.9618763778523934,-2.4042578226386637,-0.2897542286301596
0.015729788369354188,-0.00884256032647949,-0.0013367779536667464,0.0066845051339828945,0.18161619205876647,1.007890545280175,-2.365284912524014,-0.3482324296373383
0.015517565938790891,-0.0069371365191347786,-0.00295797779560627,0.005333720896239438,0.21562617766802203,1.9301416309096415,-1.3175324106585118,-1.4313797793234702
0.015513558563162983,-0.007082846090466031,-0.0028940014240837956,0.00548283898232567,0.2150396169031294,1.922289324919427,-1.4151668316057917,-1.4021158162905083
0.015479503046098977,-0.007308872175553449,-0.0028084214894415695,0.005739978800679592,0.21641696557823592,1.9220427766024424,-1.5817392779242938,-1.3559694327034715
0.015594160915837919,-0.007199056467951157,-0.0027557747717721665,0.00552614091643338,0.20416777472134126,1.847379509209839,-1.471773337226382,-1.3341995558258868
0.023831634683068648,0.012230066222269178,3.101827195284369E-5,-6.35319677082767E-4,0.13933973774206798,-0.09279623932538993,0.4701661329365954,0.11832349283987197
0.025,0.011493410904072555,0,0,0.13824893568720828,-0.0014214014853170347,0.5421747559771194,0.033778241279123516
0.014903220982443352,-0.011968798921388751,0.0028973587036680796,0.007219180481300074,0.2809489139026209,-1.9484955554814947,-1.8118770604745256,2.955595878104972
0.014919869257090199,-0.011938758508085009,0.0028478721194528716,0.00723045815358034,0.28025703422318676,-1.9216762111337604,-1.840156050235341,2.9249018291502646
0.014964163241513277,-0.011878442576654302,0.00273631656843396,0.0072353846031152315,0.27668763503788046,-1.8572522433357503,-1.8922814414917817,2.8445956879937193
0.014951107003949311,-0.011915331370918374,0.0027887533279943094,0.007213016060419671,0.2761761009342396,-1.8847678710746192,-1.8573137979119312,2.8718770942081164
0.01497240315608161,-0.011763811769715887,0.0026049035862975053,0.007347012883148235,0.28332673734808583,-1.794101897409042,-2.0087917895216,2.804097883713222
0.014965603780665037,-0.011803462463540344,0.0026553587672513636,0.007314758404128546,0.28165672711258366,-1.8202205682021346,-1.969903897064229,2.8253661475833236
0.014981176344286548,-0.011844914019336574,0.002682755459789851,0.007247556979859124,0.2761386790817368,-1.8271776406454434,-1.9221464978549319,2.810913514504111
0.014996364471899901,-0.01187360468514384,0.0026962472443924305,0.00719494658047448,0.27120682725834716,-1.82800598314324,-1.8882142504739157,2.794078166396125
0.015026826828350123,-0.011690340742274272,0.002467306569620718,0.007341574181137441,0.2778328482124261,-1.7094520566693976,-2.062984910322753,2.69726373636427
0.015054417410064991,-0.011674050396088428,0.0024216816111784258,0.007316406187502603,0.27342804419922034,-1.6782550702418775,-2.0678075844073383,2.6500239103147205
0.015066773669247985,-0.011642079399449272,0.0023737042611216845,0.007328976278002643,0.27328086676635926,-1.649999406538775,-2.0938485649224536,2.6199600658903743
0.015008147858115823,-0.011749080883233818,0.002551379618843675,0.007309544401292411,0.27751617893730357,-1.756765110647045,-2.0110607551989195,2.7444143168800044
0.015030373043999939,-0.011725022627034686,0.002502240213933995,0.007301308516822326,0.27464303570989623,-1.7258563996187022,-2.0269335913100317,2.703280705533775
0.015390825019681698,-0.010824328513056803,0.001130394551224312,0.0073970982099154725,0.24154553950227634,-0.8271593582207276,-2.535736355396708,1.699380609504821
0.015442971657594826,-0.010702434564568875,9.497500382022081E-4,0.007362468025394833,0.2339285419667135,-0.6972146890979185,-2.5598309538796395,1.5463222987325596
0.01542833802534652,-0.010764868772449795,0.0010366494807993035,0.007361271239146843,0.2357778583141685,-0.7589930079507906,-2.5387769388581227,1.6125437090351917
0.01549331089878485,-0.010678494591650732,8.998177668568055E-4,0.007288139881809308,0.22680755081017825,-0.6575395941115659,-2.529713888374078,1.4779278943952407
0.015339358222674194,-0.011079774233753741,0.0014837381734865472,0.00734397353848576,0.2457851403685414,-1.0703720806004362,-2.409153703890276,1.9488527680048742
0.015355287458320939,-0.011033246989356739,0.0014159778820200689,0.007345865302030549,0.2443016282349423,-1.0237654874763582,-2.4299487388804084,1.8974893082621336
0.015382428748276408,-0.010986509211792726,0.0013418635773175581,0.0073282468782422385,0.24064730772112353,-0.9713978744717721,-2.441100653604068,1.833103390197804
0.015411099041721435,-0.01093608213279776,0.0012631453970380294,0.007308606540932569,0.23679938285562097,-0.915589406098246,-2.4516214446926523,1.7645465043467683
0.015438721591737547,-0.010880085920156667,0.0011788756817303601,0.007291706435063056,0.23311786593808162,-0.8558151323793229,-2.4643713989613736,1.6930783861404215
0.015082691524986524,-0.01160644671370089,0.0023180289148203945,0.007338902048615274,0.2720616985087774,-1.6164420406272868,-2.1211293610608126,2.582696510361101
0.015121038378948489,-0.01146739725781571,0.002120764169429326,0.007405941202017512,0.2718547117800348,-1.4985292928377874,-2.2325846288769324,2.465397290182255
0.015108412950991723,-0.011498361266710623,0.002168678857913329,0.007398429639831197,0.2731973105113782,-1.528493516358568,-2.21072497725641,2.4983888080129284
0.015096058063808943,-0.01156596470574833,0.0022590280188912264,0.0073562810132908754,0.27203955301383426,-1.5813635745264334,-2.153392095148886,2.5465322636106085
0.015117281331606232,-0.011532496245353213,0.0022008296147373483,0.0073541562257782005,0.2690720419218439,-1.5443682567143777,-2.1743354189906707,2.5012968212022173
0.015166500383645318,-0.01146072487302512,0.0020737785283335072,0.0073407640911825915,0.2637659803956072,-1.4618390668850108,-2.213848605284877,2.398122011859225
0.015167645244728373,-0.011423477929807184,0.002028641908515585,0.007370256107928972,0.265492639732362,-1.4355472490317698,-2.2462176625025903,2.377669605886873
0.015188417942749628,-0.01139112010328243,0.001972907828449458,0.007364161374983178,0.2626044641590762,-1.3986440207348776,-2.262644390748159,2.3320966940698553
0.015181312390574587,-0.011310174490104444,0.0018799651899003443,0.007439653622757356,0.266920610303373,-1.3444582134560565,-2.3365398739978462,2.2964786177877508
0.015207245524321823,-0.011249515229081165,0.0017849285951998931,0.007443705856595877,0.2642377695955536,-1.2815952515747402,-2.370684906419262,2.225222403167381
0.015187874296768517,-0.011274479998588605,0.001830544666969524,0.007456449984643851,0.26778318723060557,-1.313182628024323,-2.362515804869048,2.2664145463759198
0.01521048811248172,-0.011347844756438826,0.0019032558684528827,0.007363776165328941,0.2606647460651499,-1.3529590703911871,-2.2865996690183183,2.278574449206175
0.015241291186351725,-0.011235437161098758,0.0017425739648523654,0.007398983501897202,0.2590080330298268,-1.2494923567283533,-2.3596167149340093,2.1717446284156234
0.015278885245802093,-0.011206557389324238,0.0016804033626902622,0.0073588852097075065,0.2533986478682501,-1.2043440796827225,-2.357587909917115,2.105890450131012
0.015307531581172523,-0.011170361615363642,0.0016163908600727503,0.007337482103149835,0.24941029292998698,-1.1596119788678776,-2.3657508055920466,2.0472870574639757
0.015329337503972362,-0.011123969485153437,0.0015449249589004112,0.00733262293436282,0.24666560194988998,-1.1112042566400804,-2.384723340089074,1.9907772293350832
0.014623094804041802,-0.01242746391344877,0.0036680577221695873,0.006987516858989726,0.2871562775703765,-2.3193429898516844,-1.3082798883380864,3.3832932361544255
0.014649079535031946,-0.012376746330298111,0.0035919827186714007,0.007027949025030463,0.2883725626554256,-2.28964923859095,-1.3695105985589346,3.3530553681393367
0.01463864673391034,-0.012406158594685829,0.00362972176224846,0.006999253526613612,0.286700590312384,-2.3027099527221035,-1.3348646741528063,3.363073507635614
0.014676389626807201,-0.012364682742874021,0.003544581317836874,0.007011849366566067,0.28471226669248745,-2.2624770745692966,-1.3864457696439774,3.3101596384393654
0.014700118785729641,-0.01234313260881213,0.0034948131741183706,0.0070126170452688786,0.2828123881774243,-2.237339994964532,-1.412842937026636,3.2753244438829
0.014727098893477245,-0.01228252474328841,0.003408256951436096,0.007060875261807828,0.28441570051247383,-2.201846470333776,-1.4822709526834814,3.240952789324028
0.01472393792936723,-0.01231536103848153,0.0034399797673930715,0.00702098538145362,0.28137535542805375,-2.2108378228922714,-1.4454723207963647,3.2411414466482245
0.01474649336041659,-0.012255834556802946,0.0033598085058606187,0.007071877596398794,0.28355098520609906,-2.1785125917227224,-1.51253794138017,3.212362685479895
0.014776506558352892,-0.012230362236714707,0.003298625143769555,0.007067145917028475,0.2805070396850952,-2.1454498388464738,-1.5407478630490885,3.166046953725225
0.014801174162013384,-0.012200483891088324,0.003240726864186111,0.007073986760221155,0.2791384776499714,-2.1157050859259203,-1.5729477023027265,3.1280893200557713
0.014829144320895474,-0.012170056774497529,0.0031783178894559242,0.007076302640815863,0.27681833474055595,-2.0823540782314325,-1.6047053380803822,3.0842737358464443
0.014888864957833217,-0.01202929036579708,0.002973878421760192,0.007168170581157581,0.2786875930293151,-1.9842869651036474,-1.7497476554208558,2.984911706826308
0.014855215676711449,-0.012135808349832269,0.003114974526536631,0.007084775942042457,0.2753899569723139,-2.0492393407041276,-1.6396410031453532,3.043026085659602
0.014888829216419137,-0.012065094287198812,0.0030083517084917746,0.007125742760370896,0.27562103689414347,-1.99693522298182,-1.7114228576833492,2.9874898365804126
0.014876289742660661,-0.012101033367610823,0.0030572242944358857,0.007099359096854521,0.27476030825919734,-2.019839486148067,-1.674683184356274,3.008973198958451
0.014919438581817364,-0.012004251785326589,0.00291368410826145,0.0071557658800867245,0.27516409438491224,-1.9481689842149932,-1.7709060344104819,2.9340363107785232
0.014596713376788684,-0.012554340959035536,0.0037976450276279053,0.0068362299156724815,0.27655422850885175,-2.349737152700446,-1.1613695897626946,3.384826734231161
0.014610168852259403,-0.01252656253265296,0.003759096172608592,0.006861313387125273,0.27772705527718666,-2.336871631021362,-1.1950441159635197,3.3729537289670333
0.014640605996708599,-0.012458308649768384,0.0036666406693811695,0.006923765380220571,0.2803883704809778,-2.30539799340745,-1.276694453245485,3.345142298399559
0.014636359067370135,-0.01250990097989406,0.003710139005166226,0.006855896125724021,0.27510798222834826,-2.312234099325576,-1.2190883037508329,3.3360943797633102
0.014655797680392975,-0.012489743280935791,0.0036683888249604674,0.006862450690116941,0.27426067509831137,-2.293500666962831,-1.2448884495033015,3.3111278064072387
0.013799791521477547,-0.013459326168968815,0.005418556270430137,0.005951945234740126,0.26014622174833774,-2.676421768794792,0.2669028758338526,3.8180751046241963
0.01382665071448373,-0.013445131831312908,0.005371582055717302,0.005966565690473595,0.25914138499526174,-2.670282402768389,0.22780135869043308,3.802749522043513
0.013847487358935267,-0.013429199543860624,0.005335211946225542,0.00598613693100417,0.2592054585451722,-2.66819187455831,0.19419978799388812,3.7964030783217955
0.013863581951324835,-0.013410591977285856,0.00530699575019163,0.006012027060828308,0.2602697463584256,-2.670157874299138,0.16368046879781098,3.798736071649651
0.013874304674131721,-0.013392870202979808,0.005287953183921124,0.006038465425258957,0.26195008166099404,-2.674503835927377,0.13927283599799195,3.8064503347903247
0.014581215693456051,-0.012587051847424383,0.003842043014628191,0.006805692011953157,0.2752203221761467,-2.3638134335999545,-1.121619104620655,3.397319800179249
0.01456141817933205,-0.012608392952843068,0.003884861135740602,0.0067956505754908445,0.27600229641646007,-2.3813861352038344,-1.0927307644757596,3.420501857396841
0.014553560209556171,-0.012636751947754524,0.003914540814165233,0.006762298234958603,0.27370560498900515,-2.387435795427615,-1.0596235342496936,3.420964409652229
0.014617573658268497,-0.01259183432572372,0.003792881301236484,0.006760044159919953,0.2688835351409678,-2.330778313218461,-1.1261840833582142,3.337387316473889
0.014553286952907082,-0.01266966367572195,0.003935346262338896,0.006714234903800984,0.2698917344414414,-2.385755458626516,-1.0242924794873922,3.406646502588455
0.014548674714371913,-0.012692820266424609,0.003956064363351435,0.006684841817828656,0.26759725667289364,-2.388171291233397,-0.9981829603835497,3.4031289313533657
0.014504455449660381,-0.012723839525126816,0.004039860464329962,0.006682686933678829,0.2708058372625423,-2.424731838996669,-0.9492322674194554,3.45743249207507
0.014528047534967765,-0.012706343702865913,0.003994527707585863,0.006685450490578083,0.269140476956155,-2.4053937273601953,-0.9765971001626176,3.4289790008211614
0.014484401438530038,-0.012747289846447596,0.00408329719036427,0.006666975390053696,0.27095218528632414,-2.439893971236653,-0.9164734597394731,3.4767804536292926
0.014465531231550944,-0.012773941524914194,0.004126527053307489,0.0066446562529956,0.2704344629050119,-2.4529989255175226,-0.880557963036266,3.491781397623384
0.014418854964347548,-0.0128230633647933,0.0042237948024580405,0.006612846249359916,0.2713714259560685,-2.48595351003074,-0.8079180791296715,3.535970395760853
0.014443352546739409,-0.012800751181839749,0.0041746143009186555,0.006624570659007431,0.27039602338025454,-2.4683637823972577,-0.8426800418650736,3.5110900100176896
0.013895598792899743,-0.013384372555846414,0.005250389858147182,0.00604369574600011,0.26062479429851565,-2.6663987935292766,0.11097382875131322,3.789065804921228
0.013921085659384547,-0.013372163547619427,0.005205457952244642,0.006053056237751883,0.25940641204117937,-2.657557696948158,0.07602659052526829,3.770363480941466
0.01394596611113619,-0.013355990661416082,0.005161395827842555,0.006069045596915849,0.2588830494261412,-2.6509062470063873,0.0390245483673607,3.756462190412993
0.013969061325326581,-0.013336109860119967,0.005120027356849028,0.006091757367305109,0.25911991890606095,-2.6469502247225036,0.0011076900874506593,3.7484083129853984
0.013989174589134838,-0.013312919393617718,0.005083210839905789,0.006121167929828728,0.26011947931744467,-2.646192043023366,-0.036528843093782064,3.7471975126167396
0.01400285160287258,-0.013283860777574798,0.005056307227955154,0.006163727672402972,0.26311462875104225,-2.652323319139527,-0.07319386306827343,3.7602547961080117
0.014029489518418013,-0.013274682847248113,0.005009419625218219,0.006164509172486073,0.2609748562942929,-2.6386024145549634,-0.1050713228020659,3.733771194852712
0.014053218930301226,-0.013256781007530728,0.0049663335997668775,0.006181326961988916,0.2607594610186314,-2.6309144811680425,-0.14116585520380331,3.719910971366957
0.014076936293997457,-0.013237494573370503,0.004922921655598129,0.006199917492934761,0.2604947870711268,-2.623343927240889,-0.17815531205079368,3.706801457875653
0.014303569480161616,-0.012938573329358818,0.004459081271852182,0.006531347604799687,0.2729653596461539,-2.558849867296166,-0.6263714705012271,3.6369481298081054
0.014323563330698114,-0.012929169710347594,0.004423060928434005,0.0065296862535871745,0.27111532407837907,-2.5444616368992246,-0.6478186791388535,3.6130829120537213
0.014298493607143302,-0.012967939064530637,0.004479155639326261,0.00648824581466461,0.26957567720297565,-2.554668920100528,-0.5937209594888314,3.6224165695833563
0.014287531004392378,-0.012993274250555206,0.004506591762387605,0.006456252676963788,0.26744595730923576,-2.5561245064323566,-0.5618486234840598,3.619513829419246
0.014288520585859108,-0.013024801566952645,0.0045165664857217125,0.006404728925629501,0.26290440617057814,-2.545415147523539,-0.5316405903619167,3.5933015957968704
0.014100283807285181,-0.013215480813515383,0.004879455870445407,0.00622272969675738,0.2607700715930616,-2.616759904678402,-0.21694069407959607,3.6962289200424165
0.014171056526627914,-0.0131399665116864,0.004743998852872393,0.006302580772902512,0.2625161697174025,-2.596589160808398,-0.34080184281573067,3.667396311150634
0.0141223043381853,-0.013186472327677105,0.004836443830222743,0.006257476918512509,0.2622679854642665,-2.613671899067166,-0.2605873271436634,3.6934545250985202
0.014150413229981396,-0.013163585411503849,0.0047842125609975986,0.006277287285597615,0.26179540868963413,-2.6025071616777598,-0.3034015035254977,3.6752149560544667
0.014205742871411948,-0.013146634706391606,0.004688689743990678,0.0062678329717987405,0.25673478483387996,-2.5673410483216017,-0.3605053600751246,3.6119704994073527
0.014215170704974814,-0.013121032599867433,0.004666257075246367,0.006303106678248166,0.25935098075910756,-2.5700123699749295,-0.3907687029393342,3.620871309694574
0.014271315391888912,-0.013052368369914786,0.004553833936160718,0.006373553553134021,0.26138458333708003,-2.5503239470041623,-0.49394848174282574,3.5968112042431706
0.014236434485209405,-0.013103839258565744,0.004626637079223387,0.006315972817692707,0.2585892774540495,-2.5598941497862033,-0.42176496972553673,3.605043273318605
0.014253095744918468,-0.01307710646997564,0.004591378987124033,0.006347192911436248,0.260379285293195,-2.556381866345609,-0.4582929772951993,3.603272909949957
0.014351801309360705,-0.012926732496699466,0.004377116534939634,0.0065097324438318106,0.267530381432777,-2.521016348771212,-0.6665860076425686,3.571220422480743
0.0143790441240162,-0.012899655068856026,0.0043223557096388554,0.006529019200938233,0.2668074656821208,-2.5044307281339964,-0.7088865832791341,3.5481915519938636
0.01439594030362971,-0.012869418576276177,0.004281997169295808,0.0065614996295797695,0.26871275420942714,-2.496679234326608,-0.7485121706459824,3.5422183642322156
0.014427492148439981,-0.01285837291681154,0.004227830998346566,0.006550493276461128,0.2653780918992565,-2.4717546072702756,-0.7757132789377535,3.500837832013128
0.01316527933257688,-0.01402058724483563,0.006358821909845511,0.005005938530137085,0.2301922628388721,-2.4255777006230486,1.3118677843835693,3.577456735115399
0.013095588681618288,-0.014067087487514297,0.006449347322662681,0.0049086470590215606,0.22840129711762017,-2.3841180993648714,1.4127230126732384,3.5399809410038965
0.013085399453512763,-0.014085146961773185,0.006454405666692524,0.004874650489118026,0.22617493113855022,-2.368159313636547,1.4275764066298617,3.516246367000491
0.013117271737009606,-0.014074274079987042,0.006406920202036042,0.004901795257257212,0.2254057917969868,-2.379222595550432,1.3826989283737232,3.518252383288639
0.013131792156657288,-0.01406574436704591,0.0063876036793312566,0.004920073438256882,0.22546131498715802,-2.3869795073132156,1.362085393095201,3.524412175460681
0.013142014196420807,-0.01405278861610503,0.006378497033803757,0.004944880565037042,0.22691631405456122,-2.3981525769754963,1.347032905329874,3.5394228199571076
0.01316147437247756,-0.014043179660132759,0.006351027440274755,0.00496584120131173,0.2267209388715321,-2.4065408411936713,1.3193316020157548,3.54421917789784
0.013245433719849278,-0.013976513523104436,0.006245235012484507,0.0050968760865664495,0.23048453210420874,-2.4597413428250827,1.1953750698891437,3.5987861712775966
0.013232093982903726,-0.013986656713381528,0.006262715111405941,0.005077178942506046,0.22996580752461537,-2.452110060728579,1.2152527299811362,3.591391504585538
0.01318426418778664,-0.014014132712121133,0.006329730323484835,0.005020971155275464,0.2296218578984657,-2.430849194064688,1.2848156130333044,3.576942625076135
0.013219373652261699,-0.013996120954922774,0.0062793759890537254,0.005058638199309612,0.22952944813363316,-2.444846621601826,1.2341241490839003,3.584458432835604
0.013202870383104722,-0.014005800189646785,0.006302376849362292,0.005038934722095074,0.22934403364204073,-2.437391011779314,1.2581198450888695,3.5792120700622214
0.013300549316769933,-0.013905011869710146,0.00618687943024132,0.005229093299337017,0.23750794532512964,-2.513971052859009,1.1055212942005743,3.672265058112029
0.013258709319155338,-0.013964385484202965,0.006228837887310999,0.0051199088371935925,0.2312485699504412,-2.468844433111833,1.1751478977345788,3.6090275364245774
0.013267904458126588,-0.013951181096202884,0.006220005702677949,0.005144229752798311,0.23274328369243852,-2.4790392320178696,1.160097273882152,3.6233593997727134
0.01328311565729083,-0.013944244421284347,0.006197040661162883,0.005158142081118791,0.2324030727953402,-2.483323408739246,1.1380239188000758,3.6239353512987544
0.013297252447406637,-0.013929442875048015,0.006180024320425468,0.005185603678070112,0.23372095564497505,-2.494037719457919,1.115669876134876,3.636986339000455
0.013317240801837056,-0.013890119486180776,0.006164768971624371,0.005256807643118497,0.23851906917533364,-2.5240977420195327,1.0791477659562891,3.683203846199448
0.013341491301832925,-0.013884981870693352,0.006124236999878422,0.005267365010884566,0.23702381556590854,-2.524636778062824,1.045041116489502,3.67324016223457
0.013370103316977489,-0.013871088236187762,0.006080115907215058,0.005293110501017382,0.23670649194942933,-2.5310708592570053,1.0029045615000434,3.6726476745377306
0.013358964250745797,-0.013882151584483447,0.00609466261586145,0.005273168432937448,0.23574893667061395,-2.524002028366386,1.0208852387952665,3.6644036906230957
0.013398254767598816,-0.013846846457020582,0.006041093012338684,0.005336512411870117,0.23797929554904698,-2.545293848810355,0.958159349400967,3.6870438228442057
0.013389313748555563,-0.01386942525024221,0.006046933818737869,0.005296497778694378,0.23508327851060629,-2.5287727671953415,0.9769481470445393,3.6603250958736244
0.013627877404825128,-0.013642243543244226,0.005699620983556292,0.005677133247794087,0.24904471690991367,-2.6327758704556423,0.5788482155284717,3.7707715441674394
0.013649345722688555,-0.013632369363250544,0.005663572094137453,0.005690035201800278,0.24827652729085273,-2.63100371708496,0.5477466612238651,3.761850149559747
0.013668867980723427,-0.013619382169220354,0.005631541345442967,0.005708541647582808,0.24828893102353625,-2.631944201958941,0.5173848827558932,3.7587642303207436
0.013677278985379397,-0.01360472948361039,0.005619350915351507,0.0057324666334396075,0.24995542990883327,-2.6387247171699246,0.49912499903218543,3.769493174903849
0.013692170888594308,-0.013596562905020027,0.0055943852233035505,0.005743115714383442,0.24940494117759707,-2.637768651242599,0.4769442785335292,3.764244744018433
0.0137030870270202,-0.013580084561889829,0.005577715663746205,0.005769395035883136,0.25121307216567984,-2.644321617448539,0.4545273537650747,3.7741745020729
0.013722695433634887,-0.013570404405326543,0.005544445739781218,0.005780987642213602,0.25049896598274723,-2.6417201320256036,0.4260473827550301,3.7651047824307775
0.013757186672927572,-0.013501769764982444,0.005491296291158471,0.005891902079612474,0.25816919227558616,-2.671416558785446,0.34318980182225284,3.8150876762645405
0.013740599504040914,-0.013524891905871342,0.005518475811043442,0.005856234196510501,0.25607476703600757,-2.6642927891445765,0.3770395270202367,3.8044675003703206
0.013746436586551832,-0.013554740585992712,0.005504626496131174,0.0058015482079496585,0.25045438896059974,-2.6408466175883167,0.3894454442223556,3.758765446219703
0.013806015419659107,-0.013490008216059899,0.005405808922366474,0.005895405448899682,0.2542086073629963,-2.652901863797798,0.2812912556370733,3.771895846685432
0.01378420461652911,-0.013505103223101453,0.005443126187806186,0.005876651303098511,0.2543477114338628,-2.6547860769362286,0.3152813887716285,3.778777915433831
0.013513861302163558,-0.013770670208805624,0.005865873050023173,0.005466270295838497,0.23944907070053448,-2.576108799013759,0.7808700915332084,3.700461198416022
0.013528673811469532,-0.013763227325582137,0.005842196207140699,0.00547797503906083,0.23918512040271117,-2.577287983431681,0.7591442609299748,3.697669982485407
0.013428426346725395,-0.013814109412835266,0.006001250014745131,0.0053943039857807925,0.24058661455046645,-2.564984928045227,0.90745459388443,3.711268800704484
0.01348110584999629,-0.013775340764385061,0.005922326770347774,0.0054606832583050414,0.24197081580844407,-2.5820641226652907,0.8244840574421229,3.72295110321526
0.013500167082884519,-0.013779127748285406,0.005887165954925487,0.0054524997135053455,0.23936269473780375,-2.5736017594011433,0.8016284779637728,3.7005556165323683
0.013448908631166311,-0.01380334017414398,0.005969100823395552,0.005412743507905319,0.2404414681444891,-2.568536434446353,0.8768356908521281,3.709899698867261
0.013467083115886297,-0.013789980314703756,0.0059418978877825435,0.005435565341581932,0.24080535936979475,-2.5743809746384705,0.8482706000956225,3.7138713616499346
0.013625037546668389,-0.01366679298085867,0.005699026695759133,0.005634113304191745,0.2451609152253554,-2.615779260214414,0.5952734577229594,3.7398124731121682
0.013616649936191692,-0.013687984731895525,0.0057087001646873095,0.005598245394317803,0.2425301206019363,-2.6033765970245706,0.6161741274502393,3.719092206174109
0.013598792097808265,-0.013700913832001838,0.0057368895073649515,0.0055785355983489675,0.24231048378118158,-2.6005562589045614,0.6441812007597286,3.7188959925843226
0.013536138341261224,-0.01374615577933816,0.0058345128950121556,0.005507343812544669,0.24126024725077658,-2.588086827443313,0.7424161445357489,3.7151124165284335
0.013556986002908894,-0.01373157174360249,0.00580211768986262,0.005530588546101182,0.24149927352963826,-2.592322346326988,0.7099316231107177,3.7162445345742436
0.013578182245915935,-0.013717099660526921,0.005768858069587556,0.005553199221943242,0.24172795517762277,-2.5959281056378987,0.6770837828507799,3.716385623712526
0.013543886293268612,-0.013766733323101576,0.00581427178805941,0.0054701906732704825,0.23698347768457023,-2.569749463259197,0.7418524364281264,3.6788371477251474
0.013534194215809862,-0.013779310122064096,0.0058271738149725345,0.005449122525057709,0.23589289485739773,-2.563184185326774,0.759211209344936,3.669923229635217
0.013427024316414592,-0.013844972589714732,0.005991036246236662,0.005339676893283586,0.23558049556010882,-2.5404953318323966,0.9198649048291345,3.6666854861958416
0.012795772139302511,-0.01425697190839143,0.006805956110258843,0.00446967532803376,0.22116135871231304,-2.1660900127464284,1.8199378695608581,3.3322056601207843
0.012810333753128208,-0.014249377163727171,0.0067887361344838365,0.0044895934712986495,0.22127585836975042,-2.1770215334153042,1.8009658011523342,3.341908945505949
0.012827412519609425,-0.014243897899070919,0.006765273144876629,0.004507063409451413,0.22082291279126423,-2.1868045651921526,1.7778641829163906,3.3475381997071456
0.01284949667881162,-0.014239549810567667,0.0067323670403313845,0.004524780249591556,0.21975962347170694,-2.196825600048778,1.7474570419438404,3.3500492132823054
0.01286294514550897,-0.014230409285604742,0.006717986528036223,0.004546235187037712,0.220347398428625,-2.208074565245265,1.7301623088996803,3.3616543750123085
0.012480321882471982,-0.014410402163640377,0.007156028179434624,0.004024332272483957,0.22019142292437824,-1.899363451224487,2.2080177404253365,3.0891439397681713
0.012493851359318995,-0.01440122412518601,0.0071453747096899825,0.004048690305062928,0.22073646829741236,-1.914170832710888,2.193804996506104,3.1055363076726246
0.012409223183321319,-0.014446944278271274,0.007223074423644769,0.003913180125583636,0.2195094468293999,-1.8283595937657673,2.2864784859930087,3.01876230369932
0.012396214375430757,-0.014456222381251502,0.007231783510917837,0.0038886226164542305,0.2189296942075396,-1.8132176736304693,2.2989475575298726,3.0014470163619347
0.012422832242175096,-0.014453578506871966,0.007194314237638248,0.003913745825002439,0.21729304866142182,-1.8323644454544152,2.26424586874749,3.0114520880004054
0.012435984366936142,-0.014449145469924422,0.00717943730306922,0.003930760831180261,0.21701502564396005,-1.8438657549661002,2.2487717223319215,3.020984954067458
0.012450964411961482,-0.014443542322403328,0.007163029751859226,0.003950865106729026,0.2167850943470184,-1.857211229931046,2.2313529680884474,3.032506902808692
0.012465945825996562,-0.014436668025779462,0.007147966787012023,0.003972799257026566,0.2167852614331434,-1.8713315059400821,2.2144800320392126,3.0457978483570973
0.012481100038101002,-0.01442921626510679,0.007133146855313885,0.003995635752270251,0.2168774415802435,-1.885834605619238,2.197527056510268,3.0598184700532456
0.012781863013923441,-0.01426562807105002,0.0068209635878738436,0.004448199367072356,0.22082082666083477,-2.1543546821064115,1.8376025936604907,3.3205000665337217
0.012713925192914102,-0.014285096486866064,0.006914528759278312,0.004379155962771586,0.22308954696656516,-2.1134558780335517,1.9289741488784746,3.2971378545092556
0.012729139217472997,-0.014279318744407656,0.006895087305161884,0.004397244719734698,0.22279852646036444,-2.1241225170312537,1.9089525903158615,3.3050448310909344
0.012766237369160995,-0.014273123498484289,0.006839751256362073,0.004427620458951829,0.22078470516216933,-2.1428255726579035,1.8578733595343235,3.3106890756021454
0.012749162100906595,-0.014278235974583366,0.006863073303040528,0.004410031324164696,0.22131140919069384,-2.1325089466605394,1.8807667496567326,3.3046171494290006
0.012704122808659573,-0.014298924919451072,0.0069169552133631134,0.004350809527841667,0.221447084466273,-2.0982955297251844,1.9386853824609251,3.275627402843951
0.012687404753728015,-0.014308174588141783,0.006935070441089886,0.0043259300284372035,0.2212277347087046,-2.083929112594348,1.9594681016744604,3.2618561263979156
0.012520109663749869,-0.014384203664206598,0.007123292021971961,0.0040945166644176635,0.2215530535469117,-1.9420676483778314,2.1653389904054876,3.1357307390524376
0.012507386203275557,-0.014392756795654703,0.007133726408285447,0.004071862899831778,0.22106248993756103,-1.9283760351730963,2.1790531988391497,3.1206952708476563
0.012672430816681889,-0.014316588750518331,0.0069509890202840985,0.004303297228770884,0.22097140212631558,-2.0707920694723225,1.9778968762366687,3.2490884739072565
0.012657566066429024,-0.014324596500644118,0.006966977985607568,0.004281264535583247,0.2207996800426828,-2.057872032853376,1.9961710207267025,3.2367567949852085
0.012642645590610489,-0.01433096380093129,0.006984599955677205,0.004261725629623237,0.22085405419623913,-2.0460674800625145,2.014989029144496,3.2268348703498764
0.012628132142316239,-0.014335619001288866,0.0070032315165623514,0.004245075865005975,0.22132287001253031,-2.0356303739815873,2.0337878262883815,3.2194228935354774
0.012616530127124865,-0.014346162782554609,0.0070108514476160564,0.004220657308348451,0.22033314266823886,-2.0218081350659074,2.0461359401539116,3.2024718594110126
0.012533756177151042,-0.014390719222651754,0.007094419093349805,0.004093888790468565,0.2193278444189295,-1.9447058046234051,2.1432364583878862,3.1268791136602614
0.01260381037351003,-0.014355796815641968,0.007021056505385538,0.004196946167327771,0.21976756243109338,-2.008079496410208,2.0602269678449905,3.1868284404123615
0.012546955515434995,-0.014386368417391215,0.0070783957636123005,0.004109986438762737,0.21900597540525665,-1.955201231826017,2.1268254262737387,3.134998713515909
0.012590093586768316,-0.014364505898933622,0.0070336795063117965,0.004173993914788292,0.2193377025047725,-1.9944763120825717,2.0759387727550833,3.1724666118385447
0.012576090823213445,-0.014372684725014495,0.007047165801536223,0.004151607221144539,0.21904576170402654,-1.9810263167055087,2.0921240089948374,3.158772453343913
0.012561648423231646,-0.014380127996731608,0.007061993715658489,0.004129989701256942,0.21891485309571398,-1.9677910066339195,2.109098033866784,3.1460414793630185
0.012096544084342837,-0.0146038477348447,0.0074749075047142845,0.003403922683441439,0.21689044999380358,-1.4872978781859258,2.588580195622655,2.6701430770068857
0.012109854106178791,-0.014595429746957789,0.00746822969474454,0.0034287488030669525,0.21734101998322045,-1.503684964050269,2.578677754717344,2.688763835936527
0.01212355746580043,-0.014603243001935346,0.007438507198281363,0.0034314162606159946,0.21490399132583202,-1.5109080258945389,2.5556466574339605,2.684293472265444
0.012137117441819894,-0.014599458215891694,0.0074249187180705075,0.0034498495894364017,0.2145022689237757,-1.524588171451471,2.541705250987991,2.6961318111397894
0.012152308536552336,-0.014593832495905784,0.007411451106312376,0.003472314731678502,0.214308480149245,-1.5406036255749729,2.5270072631475298,2.7112103411778214
0.012197169009977627,-0.01455550978964585,0.007399679348037358,0.003568871437617436,0.2174330509575497,-1.6006447035943958,2.4982312498567167,2.786432550494846
0.012182548606766286,-0.014562703009127166,0.007410887825181955,0.0035448944407738855,0.2172936019794606,-1.5843532915477907,2.5117211075119266,2.769704022774597
0.012167069256146837,-0.01458706169977398,0.007399975524832341,0.0034958657941167007,0.21426313942168543,-1.5568321832570098,2.513540712892919,2.7275731473699065
0.01218036723639215,-0.014577771148839309,0.007393765069282908,0.003521509494052216,0.21492350431765878,-1.5733065645972553,2.5035691702220246,2.746797067556389
0.012225451171513874,-0.014540884608789975,0.0073784399262702555,0.0036160469162346692,0.21773889774941324,-1.6323608695233915,2.472137726898783,2.8194650225637896
0.012211778657885876,-0.014548410637346873,0.0073881877469391425,0.0035926212535066153,0.21747092558497413,-1.6167971743711338,2.4845038526060286,2.8029022063482962
0.012252405865426383,-0.014544986875503561,0.007334142489396192,0.003634547308959456,0.21487862237147184,-1.6505948788335718,2.434442285388109,2.8236663884009854
0.012238492178499967,-0.014548287159299286,0.0073499232533310475,0.0036172507468717184,0.2154253080421979,-1.6378013997698375,2.450159710100862,2.813571618662725
0.012268614291524295,-0.014540062457584631,0.007317034217298693,0.0036561178466977154,0.2145050270888629,-1.666012829151878,2.41676067019122,2.8368018235745116
0.012382492011680171,-0.014482948293877721,0.007220170895907861,0.0038370861158139352,0.2154020454108668,-1.7852323888559554,2.3021145933246796,2.957110420044845
0.012368307238759578,-0.014490536738771384,0.00723220745430287,0.0038141425791620408,0.21520964180863847,-1.7704266930038062,2.3166346936552245,2.9419355306443524
0.012296310772197398,-0.01452070770957865,0.007301355848854163,0.003708649227670312,0.2156669911438979,-1.6992635026873448,2.393266542845068,2.8751152375765545
0.012285998252768172,-0.014533051224347665,0.007300729680999471,0.0036816047883470528,0.2143323751820087,-1.6835130080490441,2.3987722996165473,2.853231057592524
0.012354003246734665,-0.014498044875251302,0.0072443565275452934,0.0037911355071227203,0.21503673045982,-1.755492349017567,2.331204926204879,2.926701150509331
0.012339424002288523,-0.014505232962295335,0.007257147220699042,0.003768285939692986,0.21493616638953392,-1.7404784218111373,2.346177685031486,2.9117169810482513
0.012324522042722658,-0.014511708583165299,0.0072711437691754905,0.003746121026670869,0.21498559245701188,-1.725603387058637,2.3618654595255966,2.8975437689999812
0.012309525366722706,-0.0145168030575245,0.00728686707665683,0.003725800065623244,0.21529411116899574,-1.7114612799932025,2.3784063346324262,2.8852385924905235
0.012397024296688335,-0.01447533406887691,0.007207476501831805,0.00386026118341043,0.2155878106922333,-1.800180900732151,2.286987814537698,2.9722582723568998
0.012949140643233485,-0.014172524688930394,0.006621640006408815,0.004679994798671178,0.22303151224190912,-2.2763756304673524,1.6162030955541336,3.430532029570082
0.013024797477875799,-0.014123594412646202,0.006530745330982009,0.004790344098851935,0.22487854455330838,-2.3296490657631974,1.5125765669821287,3.481313782673645
0.012973864933764954,-0.014169689018485422,0.006581998472119213,0.004694132071232152,0.2214348479661358,-2.2832749128962297,1.581675121998278,3.4269952376785926
0.012995229111073307,-0.01416361543454315,0.006550582021336799,0.004712125908164396,0.2206108991113159,-2.291860682427742,1.5522179696840412,3.429222716550052
0.01300722198123147,-0.014151906922549806,0.006539270495700125,0.004736163077755901,0.22171947596974678,-2.3034507139914853,1.5361224421332802,3.4433085595336337
0.01302404387659681,-0.014148120167389361,0.006513577031562095,0.004748251486080546,0.22086674871297873,-2.308954056863224,1.5128116588421916,3.442983467311763
0.01304521489944637,-0.014114646016335159,0.006502370172839928,0.00481215395217991,0.2246536934967189,-2.3396021564576874,1.4840351321559215,3.4871916554305016
0.013062752428239018,-0.014106058432097283,0.00647851709905532,0.004832195456360258,0.22464477938811317,-2.348601956363883,1.4595532754857667,3.493312428931629
0.01308485371622003,-0.014107626701987692,0.006439510953843359,0.004835874489033373,0.22253819572911995,-2.3491844956572687,1.428774281498278,3.48117626666767
0.01287940164677911,-0.014229011325538428,0.006691718458730535,0.004555965219521682,0.21921622245417824,-2.213593445133849,1.7071505095715487,3.360113494550532
0.012948397900604309,-0.01420022821544599,0.00660039797507832,0.004632965437048233,0.21841529311728017,-2.2530771633138973,1.6144684946913432,3.3869738110794585
0.012926606031920855,-0.014204485456589233,0.006633470638466703,0.0046171152098689995,0.2195192048374193,-2.245053551684965,1.6444319645743164,3.3866365316365825
0.01290024399432692,-0.014224970700022441,0.006660394528427594,0.004571801147305959,0.21827224164028367,-2.222091939674488,1.6785576177332648,3.3614087672150887
0.012918812150287019,-0.014220769372371773,0.006632951971283369,0.00458665061377197,0.21735550558183253,-2.229848775292044,1.6532539960366965,3.3631903813410426
0.011938897494676554,-0.014673926470953098,0.007584382292791415,0.0031461777478524818,0.21697338405254626,-1.304865205917053,2.7184247614536465,2.4836354813423505
0.011957973899170806,-0.014675317566879134,0.007557723754446702,0.00316500388576349,0.21518894695876303,-1.322482683541562,2.6952174467690706,2.4936054045989393
0.011974761000598638,-0.01467292936812737,0.0075394574047548055,0.0031860400105013756,0.2142982792368263,-1.3395717658762791,2.677820968706843,2.5070035442115675
0.012022941480451813,-0.014656368290515974,0.00750016451255192,0.003258297486692333,0.21346615662535587,-1.3927139895640195,2.6352490469511234,2.5574966332563256
0.012007349302752565,-0.01466286081090797,0.007511426990059273,0.0032335314784758223,0.21353745427845802,-1.375042548948567,2.6482480931104893,2.5397752406806986
0.01199125818853967,-0.014668587598229053,0.007524262181605532,0.003209155272098431,0.2137816670113287,-1.3572071653586752,2.6622947099387306,2.522659081238931
0.012079570893629439,-0.014626968188712657,0.007465844230600938,0.003355382315960977,0.21420518026500024,-1.459356209214001,2.591125557649562,2.6288091003436183
0.012066142520817879,-0.01463023449802911,0.007479438249551542,0.003337436528692517,0.21469528625100281,-1.4456947914632277,2.604803704854708,2.6172279515748937
0.012038486700484519,-0.01464968781217244,0.007489046885905695,0.0032831793312630875,0.2134469124088378,-1.4103543037398296,2.622276214878424,2.5753129749655304
0.012055349827697194,-0.014642061107496891,0.007477312154989929,0.0033105827174729385,0.21346408485956198,-1.4295918349102499,2.6083047518157767,2.5950009130078833
0.012095503721041958,-0.014622397321712515,0.00745055337292064,0.0033774974707071795,0.21378243083365553,-1.4758048593939088,2.575332124886959,2.643341727105261
0.011760863255991691,-0.014725426709253163,0.007727160261102216,0.00287937921989016,0.22162207117931096,-1.099998266419682,2.8680151688554627,2.2923136649428675
0.011790016037239621,-0.014713979425301235,0.007709932418194495,0.00292761992998979,0.22139845402300787,-1.1356658519556424,2.8479538996371954,2.3288058415302273
0.011775503072257651,-0.014719616743890766,0.007718689395014044,0.0029037073738046814,0.22151508531737582,-1.117960807024667,2.85808844841252,2.3107661848578407
0.011863538595300864,-0.01470310710533794,0.007636205452822827,0.003025666859883388,0.21776985334557128,-1.2166436102568454,2.7773857995263316,2.3954430289852975
0.011848451270967364,-0.014709992974660198,0.007644472044795229,0.003000025050819489,0.21769756113152747,-1.1983136961368206,2.78768795836729,2.3760884130645965
0.011832536991573724,-0.014715589434507863,0.007655535900660772,0.0029749692469323544,0.21795067879527408,-1.1796120632949074,2.7999236681860817,2.357694290311261
0.011817050335552694,-0.014720298323116457,0.007667259072154532,0.002951401561492033,0.21830133610038938,-1.1616259011890258,2.8123547334701873,2.3405965032673746
0.011802356048417955,-0.014724514791762561,0.007678619788183219,0.0029292583431405794,0.21869050475017285,-1.1445632668286636,2.8242413342950066,2.3245543851760826
0.01193406024308142,-0.014693160484229157,0.0075622040628086805,0.0031162856724058306,0.21395812253766058,-1.2908487366072292,2.70705963594864,2.454891293452563
0.011918584772075752,-0.01469608898023473,0.007577542110270897,0.0030956954539889275,0.21463523495525164,-1.2744763424180066,2.7220242289607217,2.4411797504149715
0.01190440132533268,-0.01469869035924374,0.007591609880257444,0.0030768186454956507,0.21532930900458358,-1.2593994420132302,2.7356851380926197,2.428572822712404
0.011927915636044542,-0.014707786338079832,0.007548448341742177,0.0030910669478333443,0.2119202297956627,-1.2779449367794862,2.7011644405426045,2.431712322829178
0.01187631655932784,-0.014711567324419705,0.007607518373830743,0.0030294888560656735,0.21524502099791967,-1.2256917642206062,2.7554206832391963,2.393086691290641
0.011892363724854608,-0.014709264106470929,0.0075909470059070585,0.0030502225857004313,0.21435616484081393,-1.242660647707007,2.7396642011492567,2.406788952850867
0.011744422173952917,-0.014748755758345002,0.007709994519284154,0.002832146076487553,0.21890270131445352,-1.0736680066447983,2.8620738772228784,2.2506839245540324
0.011759114660004403,-0.01474212387976392,0.007703053670881623,0.0028574232393953724,0.21897261240804847,-1.09188973291522,2.8532240203543218,2.2701387813035674
0.01166866277407228,-0.014776292223115715,0.007753595071950778,0.0027087594183336787,0.2198411997400002,-0.9812253867600483,2.911604618145081,2.1570100990030205
0.011699689476536511,-0.014764187413476362,0.007737590512662895,0.0027604282439482185,0.21962288536075056,-1.0195215437935128,2.892714119398803,2.196657915817291
0.011684666467257578,-0.014770830116935215,0.007744185640976386,0.002734545130928258,0.2195755972873805,-1.0007478092896553,2.9011606025874808,2.1765728634357497
0.011741879098639546,-0.014766725850663034,0.007684756285710979,0.0028080962837483702,0.21586747498558903,-1.064253975292057,2.8469898888849166,2.2265559385214595
0.011725735374192274,-0.014770223899498051,0.0076979909788849376,0.0027848224132330586,0.21648138296919495,-1.0457076907973368,2.860092730704475,2.2098477570009334
0.011711821785434706,-0.014772337151302101,0.007710695981284911,0.00276571104278126,0.21719930298544457,-1.0299351130760486,2.8721621347791317,2.196405398429109
0.011665294654626228,-0.014794368454926626,0.007728384591015575,0.0026843060066917023,0.2168062341541547,-0.9716277939673873,2.896436692914144,2.1327618261296197
0.011123759621683403,-0.014916199764067488,0.008039369255571792,0.0018376415618316913,0.23484056849831356,-0.29111987675839285,3.2018605238363995,1.4793375868713012
0.01115493912367828,-0.01490943385675858,0.008026674616140962,0.0018882426394651465,0.2338650868635436,-0.3318954281886937,3.189912736971906,1.5196524724918736
0.011139342783074657,-0.014913003675784459,0.008032776990354559,0.0018628063847633102,0.23431943859639034,-0.31152191288920444,3.195753505425985,1.4993600062611758
0.011185828840046028,-0.014901808553169846,0.008015057937410287,0.0019389489914536514,0.23308078960732273,-0.37217691519667584,3.178470305112858,1.560161699432637
0.011170413519663337,-0.014905622258429863,0.008020929211124033,0.0019136573040049655,0.23348236408741932,-0.35208339441204467,3.1842638230971656,1.5399673006253172
0.011201157246250787,-0.014897869632142508,0.008009306708377755,0.001964182374648576,0.23272536825110077,-0.39213604154758225,3.1727052753179668,1.5803159087526264
0.011216296101529537,-0.014893780902566935,0.008003807926858198,0.001989234323905149,0.23239022816842672,-0.4118335219322284,3.1670703034420353,1.6003465165328625
0.011231357494399763,-0.014889716920864438,0.007998157698393358,0.0020141195770345486,0.23206589245924683,-0.43141160974463055,3.161279369039503,1.6202122532638157
0.011288332023309313,-0.01489021270756249,0.007947288842361894,0.0020936796807480905,0.2277787382607462,-0.504310382501732,3.1187443877869936,1.6795910449448004
0.011272927973567897,-0.014893996707185204,0.007954302252387163,0.0020688722736472193,0.22820904643400505,-0.4845566887436515,3.125732673674719,1.6600205957165228
0.011257737253844581,-0.014898191280708531,0.00796023010628573,0.0020439536784183057,0.22853268220601206,-0.4650374504014388,3.131884129169951,1.6402289491687956
0.011242686573778075,-0.014901542453731978,0.007967358115002965,0.002019921878910265,0.22900258003499332,-0.4456981119020646,3.1387671057580175,1.621298162793346
0.010864508465902098,-0.014953654628830096,0.00815258496528394,0.0014227691168136533,0.24606270307829456,0.05414549660164198,3.2961913753605145,1.1490672142725276
0.010880249791935434,-0.014951017049625079,0.008147761325614343,0.0014485862942143761,0.24570176981130246,0.03303781752516446,3.2923835822646947,1.1699251766299683
0.010942221057538793,-0.014939154675908908,0.00812977247399971,0.0015508680737128823,0.24373598432057245,-0.049663474907993756,3.277450185962831,1.25258161612965
0.010926852653646879,-0.014942051928325407,0.008134582902778636,0.0015255773144092477,0.24435578434987493,-0.02913469043657806,3.2814993801320136,1.232163649450161
0.010911450102618493,-0.014945074402776747,0.008139005981776816,0.0015001203751635432,0.24491448198745847,-0.008593945198439363,3.2852116674696354,1.211588139027432
0.010895922854326084,-0.01494812112050699,0.008143285837290027,0.0014744301866156976,0.24535871072710894,0.012103188500578982,3.2887598394712643,1.1908153089165057
0.010952702647951696,-0.014952126795080846,0.00809848414023641,0.0015579924385158903,0.23980876912134583,-0.06593595821738445,3.25544204970632,1.2548314111443777
0.01099953540066395,-0.014944236493201597,0.008080841287524008,0.0016336176188853503,0.23810133023415905,-0.1279963593982366,3.240549507991352,1.315398604112948
0.010968187064228738,-0.01494971067738556,0.00809246615084065,0.0015829095763213036,0.2392093687635746,-0.08650997698595476,3.2504554383426494,1.2747734838124047
0.010983846995541918,-0.014947113919436107,0.008086491434136154,0.0016081668731105561,0.23862911840921677,-0.10726531184405276,3.245423754236223,1.2949913813068645
0.01101516850471366,-0.014941131046521075,0.008075473689616431,0.001659106907561188,0.23762485102009043,-0.14860733932523584,3.2358092686104016,1.3358663536504862
0.0110307366327528,-0.014937873896895064,0.00807025374226091,0.0016845711693381693,0.23718187907329555,-0.16910147065201853,3.2311100088875357,1.3563290917762627
0.011046284982836684,-0.014934518370444115,0.008065050497388171,0.001710041549135256,0.2367537458606321,-0.1895476692069625,3.226357361294689,1.3767975795338707
0.011061881395297207,-0.014931071837550625,0.0080597997239995,0.0017356140990654383,0.23632793135735763,-0.2100365877510666,3.2215017130756176,1.3973421588366417
0.01110840481444618,-0.014919598073718126,0.00804523969994692,0.0018126029444703996,0.2352796851863133,-0.27099709752207124,3.207382619925015,1.4593195306704654
0.01109309069262824,-0.014923512764159715,0.008049961682135754,0.0017871848426674697,0.23559110103545153,-0.250944324228003,3.212046494185374,1.4388466553672379
0.011077549646621955,-0.014927455230776267,0.008054626009315898,0.001761384616177416,0.23592102578532734,-0.23059200566786467,3.2166268206325026,1.418054293559875
0.01111959161468929,-0.014931870455244571,0.00801421480106673,0.00181928396955478,0.23210297885488065,-0.28652677251290054,3.1849966731198083,1.4614594592002563
0.010564200075219219,-0.014968065848509118,0.008279971561025957,9.402802247525959E-4,0.26338515614943914,0.46940688028935695,3.3800269765280366,0.7642882503719136
0.010573589807049316,-0.014981055715399713,0.008250199045776502,9.500152942180665E-4,0.25709965919236627,0.454466428651317,3.3608745803334688,0.7657872463896943
0.010517358213536655,-0.014973162020172496,0.008288459258375819,8.622616530492266E-4,0.26710996626732364,0.5336300681714587,3.3829693825628797,0.7010159270931383
0.01051104360968065,-0.014987873226826052,0.008261446113131655,8.464043253453194E-4,0.258478128139712,0.5398238675305745,3.364833631319884,0.6814059695550728
0.01054859134717669,-0.014969813631697157,0.00828288072994066,9.142994026674602E-4,0.26545867837461357,0.49082187474056765,3.38114315902135,0.7432878864250364
0.010557965629788224,-0.014982787163670177,0.008253218428852212,9.241505490430172E-4,0.25728099526167664,0.47576072521605356,3.362091748428423,0.7447699359694496
0.010532977343492103,-0.014971512360572392,0.00828570935646487,8.88299055880712E-4,0.26693708306052044,0.5122111730093097,3.3821145450013295,0.7222098314452093
0.010526711206510863,-0.01498622039296871,0.008258789181440617,8.723621062680624E-4,0.2577729421330348,0.5184323887265948,3.3640437915077435,0.7025451396402244
0.010542346528405792,-0.01498451277843018,0.008256071522197593,8.982743655939948E-4,0.2574066821765313,0.49707858840855534,3.363143126811433,0.7236814820222653
0.010583023978856307,-0.014994464858621754,0.008220332551863732,9.595857261729608E-4,0.25488439737324686,0.43319034898422465,3.340054238098766,0.773495492058157
0.010598750247155132,-0.014992817909059167,0.008216853555021905,9.85375143815681E-4,0.2544160324600983,0.41182907815901953,3.3383791070591964,0.794424666370163
0.010504756416939156,-0.01500297208083822,0.008234365332707187,8.307663057093477E-4,0.257441184168751,0.5390602889352668,3.3451140204989414,0.6689222221778061
0.010488980610716578,-0.015004430344592085,0.008237154208153226,8.0484080215762E-4,0.2578652906631826,0.5604681874630532,3.345904267750884,0.647893984903474
0.01061455105611067,-0.014991013918349545,0.008213467469665841,0.0010113247786412583,0.254030806617461,0.3904343781592719,3.3367073066970856,0.8154840812748044
0.010630364191271805,-0.014988984625919752,0.008210330768101464,0.0010373711127402586,0.2536721903492754,0.36912060085317244,3.3351435644694987,0.836627031759228
0.010646117404820259,-0.014986771533445346,0.008207393918849814,0.0010633872376041638,0.2532683197067734,0.3479584634376525,3.333650196130074,0.8577519053927171
0.010661767795477327,-0.01498450607222,0.008204424236816938,0.0010892473087680446,0.2527664655331892,0.3269401563716761,3.3320620394863636,0.8787516105810615
0.010677311799132018,-0.014982277724347721,0.008201253930754009,0.0011149022928919174,0.2521957957517535,0.3060304873008511,3.330264226753527,0.8995826914857812
0.010692812234550812,-0.014980132207232972,0.008197768579005657,0.0011404251046483185,0.25161436174863966,0.28512961530382186,3.328180526680192,0.9202960046828285
0.010702583549374464,-0.014993478706703688,0.008167200592382432,0.0011491208658717352,0.2474896621734359,0.2669518538814932,3.3073133327062307,0.9244206903507407
0.010718140931460294,-0.014991587561860366,0.00816295708580927,0.0011743995512129696,0.24692429681452552,0.2460456379613505,3.3045962129176805,0.944839227726587
0.010733822761370464,-0.014989367514372609,0.0081591051245658,0.0012000112860662958,0.24641865787687214,0.22508227480946888,3.30208703196115,0.965565841643588
0.010749461621751347,-0.014986791516174177,0.008155777945869788,0.0012257182689718543,0.24599990811540176,0.2042882004375395,3.299876810284555,0.9864226511673513
0.010765038718510422,-0.014984220560702465,0.008152294139874644,0.0012513047434020005,0.24558312642107774,0.18356199981754662,3.2974938420430715,1.0071748181247928
0.01078063125116796,-0.01498201691394087,0.008147923464612185,0.0012766871535512651,0.2450532328481055,0.16269442419553304,3.2944298690657656,1.0276803907609395
0.01085899924494433,-0.014969600790337568,0.00812583358999836,0.0014045433125961162,0.2425523202032722,0.05824357533024647,3.277961124192671,1.13095823669482
0.010796301054953127,-0.014979869516914714,0.00814322721033438,0.0013021241855150775,0.2444878359914274,0.14171497435629432,3.291074597404361,1.0481941378418134
0.010812021412846783,-0.01497735126942056,0.00813902980604664,0.0013278166923720769,0.24398995653399666,0.12077742302256624,3.2879982301356385,1.0689639929801513
0.010843252959076314,-0.01497187187093449,0.00813105483136227,0.0013790541751446041,0.2431283968521334,0.0792880797661172,3.2819460560300855,1.1104413593345566
0.01082767057563664,-0.01497454341009733,0.008135242182429584,0.001353540176982621,0.24356773695057307,0.100009812434724,3.2851419429426265,1.0898043605307295
0.011649166698787053,-0.01479793564972454,0.007740629869000057,0.0026605447660795647,0.21735309843839792,-0.9526449960164408,2.9085863695678538,2.1153376729679434
0.011633916875903486,-0.014799237377121955,0.007755404945520452,0.002640270657709517,0.21838734693348458,-0.935221298488225,2.9220639273945594,2.101132604478988
0.01162029246508255,-0.014807151770833952,0.007757547455724334,0.0026146559240309776,0.21791933088586798,-0.9175631014813278,2.926970508765631,2.0804921885075482
0.011547651073827658,-0.014814797814899376,0.007823117387950213,0.0025145780875105573,0.22217707796786304,-0.8322388871639216,2.987160610310484,2.0086441783889764
0.011532436429981294,-0.014819225770795122,0.007831773898766397,0.002490323096762988,0.2225107367546462,-0.8133591871329445,2.9963127907296507,1.9900203123029938
0.011517308408043164,-0.014824101994856174,0.007839421848021772,0.0024656523268257844,0.22279784530954236,-0.7944179743055698,3.00472340267933,1.9708793990574514
0.011605291297105608,-0.014813591538998881,0.007763404140898939,0.002588933451148231,0.2179578837024674,-0.8987853593100635,2.934532743196209,2.0603561387974056
0.011589308192575623,-0.014817943788429927,0.0077735403035886054,0.002564186046288903,0.21833775447773715,-0.8794382785334439,2.9450275746907413,2.041680392895854
0.01157376327790379,-0.01481908317503008,0.007788308355686023,0.002543340749209517,0.21941184231602237,-0.8613606560626266,2.9583508821252584,2.026888075146811
0.011559921648396601,-0.01482719494173185,0.007789655046394172,0.0025171588512463952,0.21891690807710198,-0.8433449783922463,2.962522440755802,2.0056237976704385
0.011426568193936107,-0.014853176504644702,0.007881932259623624,0.0023168040828554456,0.22436488457185336,-0.6800690206942984,3.051510512542413,1.8546126231303404
0.011502275801415385,-0.014829593543751976,0.007845765774814566,0.0024404204988301404,0.22295491622609612,-0.7754267499926301,3.012180668634603,1.951078765619383
0.011487025473736492,-0.014834324899297556,0.007853430672189188,0.002415640518329655,0.22324333586080128,-0.7563085241159334,3.0204849415935207,1.9318350528355992
0.011472075059780274,-0.014838341624580302,0.007861825917240987,0.0023919240208492183,0.22364581554809562,-0.7376341547854987,3.0291467370265184,1.913545710478543
0.01145773485814569,-0.014843600947027615,0.00786734398490823,0.0023677107788023463,0.22378818131654368,-0.719406113589245,3.0357178373642157,1.8944086205366564
0.011442548216631024,-0.014849167536049389,0.007873012951818699,0.0023420381355468436,0.22388731098357528,-0.7001069179427172,3.0424923212903,1.8741144453955025
0.011304198705943678,-0.0148875860851335,0.007937659394021997,0.0021180307429854166,0.22712217663044162,-0.5245097968296256,3.1098578116592805,1.6984306501771302
0.011336473637147439,-0.014879283548194316,0.00792270439774908,0.002170039022682734,0.22631491420989716,-0.5656473618586082,3.094696768911966,1.739293895624529
0.011320559009542297,-0.01488426430104839,0.007928626918388278,0.0021436122815451093,0.2265199926094079,-0.5453092111714107,3.101231157742074,1.7183281844897615
0.011366693233690014,-0.0148697081523187,0.007911122881423899,0.002220221769267269,0.2258389374868552,-0.6042522996368666,3.081866593066031,1.7790785436117182
0.01135174177596133,-0.014874393819884832,0.00791703064369889,0.0021954581984244934,0.22605099012728477,-0.5851806049928906,3.088363063266915,1.7594889241162959
0.011396430047155327,-0.014860527076260455,0.007898623899783923,0.0022692265956737972,0.2252975575713103,-0.6421173195562045,3.068249141153647,1.817735941468267
0.011381825199810547,-0.014865355006219836,0.00790429712854676,0.002244873738456239,0.22546245019299824,-0.623507289986705,3.0746530841963686,1.798473419419409
0.011422201599594417,-0.014869572868959518,0.007858251949203282,0.002294991181935362,0.22156727937201967,-0.6720537529406937,3.0366462606666556,1.8333331638292354
0.011408008117582472,-0.014870350122537812,0.007870646541478704,0.002275315046829004,0.22253017029148953,-0.6547625968725779,3.047517304369048,1.8188860913532365
0.005113647187447097,-0.011059979335296838,0.0017666049747447892,-0.008143780654439766,-0.14990986112350324,1.1276351099804618,-2.5516260349162745,-0.36402585822932587
0.005098428148186039,-0.01105524544981293,0.001749893158015166,-0.008128425291288337,-0.15285060008726511,1.1131152106156124,-2.5425147461439024,-0.35693805190840106
0.005117001903782517,-0.011075327667428128,0.0017921684260699896,-0.00813819314611285,-0.15506721595845474,1.1445185952083472,-2.549037117535979,-0.3801298661001266
0.0051017704775156315,-0.01107063109764627,0.0017754016296725563,-0.008122845962227246,-0.15692974262099357,1.1300795744580345,-2.5398906981911704,-0.3730553431027462
0.005120404840570065,-0.011090665429940798,0.0018177309650861128,-0.008132521650044907,-0.15932147447750572,1.161445652759826,-2.546381661110049,-0.3962435970296851
0.005105141581283757,-0.011086019587202707,0.0018008983721509427,-0.008117156409840948,-0.16116433789161436,1.1470425079158586,-2.5371912546323245,-0.38915890989607055
0.00513090261818238,-0.011136613692675216,0.001894296780190841,-0.008115028937203023,-0.172862441387971,1.2123072340176753,-2.538040865923918,-0.44450269090913025
0.0051191230357692154,-0.01114749741606299,0.0019027525377750259,-0.008093585046975263,-0.17793441678777333,1.2151067938383966,-2.525809465784374,-0.453494790144036
0.005123855962596771,-0.01110599246222428,0.0018432804698405379,-0.008126768831263028,-0.1633007942008838,1.178407996366843,-2.5436658437609987,-0.4123436112977976
0.005108566482180692,-0.011101407179657593,0.0018263932121233355,-0.008111386052636747,-0.16552696381836365,1.164030851108034,-2.534430642402041,-0.40525936286675707
0.005127355233983757,-0.01112130860346941,0.0018688015548460472,-0.008120938128122339,-0.16781342970637803,1.1953620367749667,-2.5408903571362553,-0.4284237681264222
0.005115572009440734,-0.011132142758754805,0.0018773255892283788,-0.008099618553324741,-0.17388292494412774,1.1980837453766728,-2.528747051812115,-0.43743114124550503
0.005112049240711413,-0.011116782859899609,0.0018518744705078793,-0.008105545776700392,-0.16980801428445289,1.181051728478753,-2.5316171207768323,-0.42135362290791495
0.005110584538043273,-0.011174015112034844,0.0019366309107204515,-0.008065954247586618,-0.1816120762645483,1.2415533051086107,-2.5071808327423337,-0.4844612965267849
0.005106977462217822,-0.011158559770292946,0.0019112156142603795,-0.008072233614224789,-0.17761223587454708,1.2244503401944191,-2.510358184935926,-0.468327888701252
0.005114375962914529,-0.011189407703531301,0.001962043851723432,-0.008059786178622538,-0.1855932259345496,1.2586518640837339,-2.504079615068331,-0.5005037029959382
0.005122145170964496,-0.011219878844517063,0.0020124363049837334,-0.008047451128480031,-0.19365046120477517,1.2926330555001153,-2.4978354785040495,-0.5322614602882071
0.005118264170571455,-0.011204687604077517,0.0019873245007445196,-0.008053663603311686,-0.18961252891376368,1.2756782026640219,-2.5009983427270908,-0.5164221917663009
0.005125936760624674,-0.01123506665025093,0.0020374430662632825,-0.008040995250935766,-0.19763594876651702,1.3095779756155812,-2.4944847646406707,-0.5481214465177627
0.005145474881997251,-0.011254486983839034,0.00208003860931368,-0.008049376891326775,-0.20578474173778316,1.3347960908872578,-2.503546416894195,-0.5655892437046618
0.005161009143188232,-0.011258637154898948,0.0020976618956784674,-0.008064853765533174,-0.20592517016310766,1.348909641370221,-2.5130527109607868,-0.5726098651879292
0.005129652633576013,-0.011250318520965927,0.002062448451866006,-0.008034263440021698,-0.20150235583298978,1.326576557266528,-2.4909276929035076,-0.5640639832919735
0.005149407871304014,-0.011269757675442964,0.00210531171789311,-0.0080426918630926,-0.2099460883767281,1.3519123795148744,-2.5001085208132174,-0.5815568966447883
0.005164987785668902,-0.011273835502437062,0.002123028253834486,-0.008058213364626558,-0.20821377629941437,1.3662234561404274,-2.5095669928578723,-0.5886318069224431
0.0051534394654937305,-0.011285015418496231,0.0021305991903941587,-0.008035982258731532,-0.21421480760385903,1.3690937745461953,-2.496624501264374,-0.5975425247078618
0.0051690141378385145,-0.01128902117887793,0.002148368246782913,-0.008051494787300443,-0.21041813705998222,1.383603144854429,-2.5060410906232833,-0.6045913235463459
0.0051730881555466,-0.011304194021561008,0.002173651861765727,-0.00804470604429294,-0.21423158112572457,1.40091275517001,-2.5024974559489523,-0.6204921129335674
0.005157557907254495,-0.011300236562596282,0.0021558631289710505,-0.008029252487936485,-0.21819264237659938,1.386339615806289,-2.493091846249159,-0.6135226510129415
0.005177209793932224,-0.011319353867715836,0.0021988863320686947,-0.008037845311589254,-0.21949494499961353,1.4181074989845392,-2.498914817811372,-0.6363825897898978
0.005165865515686162,-0.01133060316887415,0.00220622750009178,-0.008015502650550732,-0.22494815854983277,1.4208457362855178,-2.48578694142309,-0.6453978953301699
0.005161711725305162,-0.011315425265754802,0.002181072446157888,-0.00802244377712711,-0.2216553009373736,1.4036063633292846,-2.4894866963843127,-0.6294761776537375
0.005154134285781559,-0.011341942636572629,0.0022134244817705487,-0.007993287388931772,-0.22380110703031866,1.4295622591505375,-2.469061905583384,-0.6596567044155153
0.005158255282366579,-0.011357172512834045,0.0022384142265848453,-0.007986028584136586,-0.22732642213268103,1.4467329659403678,-2.4650622178500483,-0.67556250692426
0.00518029609493088,-0.011432849712864098,0.002363214684816282,-0.007949594765028321,-0.24466557458322782,1.5327727408042795,-2.44478840219562,-0.754555270823669
0.005175910404968628,-0.011417785124775088,0.0023384586146203493,-0.00795713865574909,-0.24123690164542855,1.515614029501769,-2.4490760769560898,-0.738809911210755
0.0051714133030468365,-0.011402714617048407,0.002313557334444719,-0.007964415727054086,-0.23773828259801874,1.498423640838135,-2.453141023970593,-0.7230764035328897
0.005166915239193448,-0.011387591700149946,0.002288541013311603,-0.007971589765485732,-0.23425215263659968,1.4811992886280863,-2.457106182183495,-0.7073008276493044
0.005162513448029533,-0.011372402932935198,0.002263470118771172,-0.007978782508720653,-0.2307901262363243,1.463957309212435,-2.461068701975607,-0.6914574856226133
0.005184596668075751,-0.011447972330536967,0.0023879309496237094,-0.007941761226801273,-0.24792077410007732,1.549961267819621,-2.440270747840067,-0.7703674911944213
0.005209961511023663,-0.01148181315496164,0.0024566765874920004,-0.007941534739758074,-0.2600577278077742,1.593840455453391,-2.44484037680551,-0.8039762599884334
0.005225677271938598,-0.011485207893971859,0.002475361995064193,-0.007957049707892249,-0.2548050595233092,1.6089224344808268,-2.454466205266336,-0.8110952858266045
0.005214720774817561,-0.011496821527457573,0.002481621757537991,-0.007933829560493494,-0.2629054855374094,1.6113206398900999,-2.4403983836656327,-0.8197961764514846
0.0052303667150690415,-0.011500199429168908,0.0025003022587166955,-0.007949248307944056,-0.26024028697149815,1.6263097091820604,-2.450053036975668,-0.8268357327608541
0.0051890092939628416,-0.011463220968510825,0.0024128671379262685,-0.007933804710054742,-0.25097557319515224,1.5673127009284284,-2.435664749800289,-0.7862957295844305
0.005193785391708051,-0.011478463516697077,0.0024380613519534365,-0.007926121999095525,-0.2540308565960976,1.5847954069808505,-2.4312664219382083,-0.8021898781243549
0.005219455950646341,-0.011511819303900885,0.002506489429449539,-0.007925966686426809,-0.265430403454522,1.6287551768154869,-2.4358315029100948,-0.8355708889264656
0.005235103217132527,-0.011515176111420451,0.0025252232040873486,-0.007941366806697473,-0.26499612058422156,1.6436130093723975,-2.445574395658432,-0.842623923301285
0.0052398867331516835,-0.011530137799930005,0.0025501406705149858,-0.00793340022768022,-0.2687681808977275,1.6609330708955365,-2.4409869674521443,-0.8584497402230413
0.005228965051094463,-0.011541849039682054,0.00255615812783691,-0.007909828860240992,-0.27110199019465875,1.663538062958539,-2.4264022734340602,-0.8670486036703949
0.005244717217658646,-0.011545084353673888,0.0025750503230948588,-0.007925349855011449,-0.27202732954254233,1.6783205758963515,-2.4362666918123437,-0.8742902094795305
0.005224194417601993,-0.011526831707267982,0.002531331653474939,-0.007917953498426373,-0.2681945615274211,1.6461547371245537,-2.4311560852825114,-0.8513174804043498
0.005285046338188198,-0.011664094939289063,0.0027734183835988343,-0.007858129955019631,-0.2933380103351394,1.8186367911953323,-2.3956628836455973,-1.0000846163283001
0.00527442724592625,-0.011676187641334027,0.002778605612635355,-0.007833724677884927,-0.2963411890362044,1.8207143235882393,-2.3802684236782725,-1.0082414620228926
0.005290297410190857,-0.011678898899739068,0.002798100596198464,-0.007849375043961689,-0.29561156043638714,1.8362246447847255,-2.3901745940313344,-1.015776486750149
0.005279841802758873,-0.011649274565685588,0.0027487108575000954,-0.007866806566759787,-0.29110716117958363,1.8011042504974055,-2.401034343553025,-0.984370724888686
0.005269207051258454,-0.01166131356963549,0.002754001581862908,-0.007842522380221166,-0.293662239884584,1.8032453115501064,-2.385726033991419,-0.9926243530043033
0.005274683853955189,-0.011634437921711378,0.00272399271796102,-0.007875399841478418,-0.288086294785914,1.7836445667150513,-2.406281952554229,-0.9686561820839019
0.005264049459005823,-0.011646430249152616,0.002729392806683394,-0.007851252344547708,-0.2910154145250336,1.785790954566181,-2.3911163598575733,-0.977003382608001
0.005233784875883502,-0.011556864724339215,0.002580975019643857,-0.00790161528927018,-0.27416476562905917,1.6809195352013606,-2.421578944427294,-0.8827790455738239
0.005249594624691072,-0.011560015631407596,0.0025999549880713064,-0.007917214605941048,-0.2743098819637618,1.6958256775045626,-2.4314146909698726,-0.8901239158253388
0.005238681016308376,-0.011571874632516509,0.002605802250408813,-0.007893345136822537,-0.2774074709103798,1.6983338717491645,-2.4166913606365417,-0.8985243577604966
0.005254518907788254,-0.011574931491672196,0.002624847188153921,-0.007908996806741602,-0.27582144346866616,1.7134475393273554,-2.426465012271442,-0.9059188197045843
0.005269572541305845,-0.011619585149978953,0.0026992700502817047,-0.007883907744669643,-0.283836865803451,1.7662213646383558,-2.411410273192382,-0.9529722593732627
0.005258937281361786,-0.011631554845379144,0.0027047834164777578,-0.00785988117959892,-0.2886130912020803,1.7683348248382844,-2.39642197436616,-0.9613757559631338
0.005264507913819307,-0.011604716392924314,0.0026745179324397512,-0.007892338845106877,-0.27975483467864254,1.7487310017485147,-2.416455731973795,-0.9373182731350092
0.0052538343273157715,-0.011616689535207779,0.002680143585462997,-0.007868368912122324,-0.2863358196529843,1.7508455253989965,-2.401620885269342,-0.9457243329563924
0.005259490019987283,-0.011589831792800683,0.0026497089240377675,-0.007900702381717315,-0.2772491657540398,1.731118471374785,-2.421468301018441,-0.9216486166847591
0.00524873243270868,-0.011601802744939842,0.002655429092457327,-0.007876735745896602,-0.2837439679851788,1.7333221933417577,-2.406718923499255,-0.9300265094891437
0.005243667891303949,-0.01158686265123531,0.002630634486354894,-0.007885048640272592,-0.28068650428764214,1.7158048442518103,-2.4117387942290756,-0.9142830570576078
0.005436541110871047,-0.012043243247200375,0.0034053557106589003,-0.007605629804567196,-0.34094877976012755,2.2764681658227772,-2.2245770938054856,-1.4011635051590643
0.0054301444843724254,-0.012028896391215734,0.0033814097968861367,-0.007616306229712456,-0.3414607317371179,2.258821863515335,-2.232425554015319,-1.3860090290777836
0.00542053418037286,-0.012041850781411588,0.0033840432481612695,-0.00758990167182793,-0.34330073670035993,2.2585340332745614,-2.2147889678120545,-1.392505787989327
0.005423792964446574,-0.012014529515234592,0.0033574527979537126,-0.007626897583139061,-0.34071138303136744,2.2412830167748194,-2.24014213596376,-1.370798178689931
0.005414162516011028,-0.012027411039160269,0.00336019180506896,-0.007600630753991128,-0.341734213645643,2.2411217935296386,-2.2225721707369064,-1.3774145117611842
0.005442982779307932,-0.012057569938134772,0.0034292586748998054,-0.007594882456162389,-0.34078420759929284,2.2941380360371904,-2.2166644621609124,-1.4162406021472804
0.0054269998239200035,-0.012056252518473328,0.0034078988326432733,-0.007579166966500898,-0.3449010504429549,2.2759898234013005,-2.2069267737668032,-1.4075928354060248
0.005462577381044804,-0.012100427570042293,0.0035006265109988853,-0.007562253131294224,-0.34660037227528134,2.3465267286233975,-2.1926946699064045,-1.461261229610506
0.005453229361384642,-0.012113430386558613,0.0035026658054788076,-0.007535663486965011,-0.34820378334953966,2.3456600007407356,-2.1744391852644824,-1.4674457264309682
0.005469198559067851,-0.012114672150203704,0.003524346975809879,-0.007551227347444863,-0.3486201285557096,2.3638369059162314,-2.1844841933514396,-1.4762747403868148
0.00544946942445865,-0.012071876318959049,0.0034530999755986534,-0.007584072668731041,-0.3418868637740289,2.3117261806014198,-2.2087281634905325,-1.4312599512587918
0.005433534448211725,-0.012070597970830118,0.0034317136971962793,-0.007568423020101598,-0.34617066070455316,2.2934719881913073,-2.1989755838490344,-1.4226486085813608
0.0054560009805072595,-0.012086162244613062,0.003476883938272632,-0.0075731986174334505,-0.3440397186438749,2.3291821378695015,-2.200755936155377,-1.4462576682084725
0.005440097038451722,-0.01208489559252658,0.0034554489780688736,-0.0075576196209366725,-0.3470350380101148,2.3109322046154825,-2.190914541467016,-1.4376457921712211
0.005446662024423721,-0.012099165501615163,0.0034790928006182245,-0.007546708518738002,-0.34763445297407086,2.3283322365867334,-2.182735090530725,-1.4525743159686895
0.005459824054221327,-0.012127701846813194,0.0035262081754958504,-0.007524494828047388,-0.3489719996597323,2.3629344321239305,-2.166037407625044,-1.4822839699591357
0.005475864446977091,-0.012128895840071584,0.0035480551327341007,-0.007540116610096928,-0.349518042802239,2.38119253496237,-2.176092496244754,-1.4912756191872232
0.005466477323529724,-0.012141970671479159,0.0035497479539251015,-0.00751324348624693,-0.34995427176759225,2.3801885564996272,-2.1575495525498414,-1.4971068043257694
0.00548257497657602,-0.012143098494643411,0.0035717449838836173,-0.007528923570501881,-0.3496269312058869,2.398626722133043,-2.1675237572896764,-1.5062334763912266
0.005443468052448158,-0.012126612496412238,0.003504476434310197,-0.007509093054169593,-0.3451056790959565,2.3488597902973205,-2.151133360579225,-1.477570191230589
0.0060782819823606655,-0.01310163308438039,0.00516927640130401,-0.006536102319499161,-0.27986362962764355,3.5242924842031393,-1.2635405480040118,-2.4321152398701944
0.006068557322679483,-0.013089297407978533,0.005148702368367648,-0.006552321586995314,-0.28309357773845206,3.511627113061811,-1.2800423267316778,-2.422104007916402
0.006062460914683906,-0.013104214486729495,0.005141739278552125,-0.006522132956810713,-0.2831427756539315,3.4971323020610137,-1.2598581968905356,-2.417891075791322
0.006088045350458172,-0.013113938152874599,0.005189807377411114,-0.0065198122213925855,-0.2761862963860274,3.5369133828359387,-1.2469007399908534,-2.4419704166196046
0.006072225513685851,-0.013116614735568266,0.005162169958457467,-0.0065058292487175234,-0.2810493436784591,3.5095896256797716,-1.2434168534494316,-2.4277113240842145
0.006097847331006404,-0.01312621249243652,0.00521027928176133,-0.006503463916392719,-0.2730061629997055,3.5494533195143725,-1.230172752033046,-2.4516861100030125
0.006082054532061114,-0.013128955616110202,0.0051825864261649335,-0.006489523230882511,-0.2788781075209539,3.52198870222645,-1.2268951650337545,-2.437455524165301
-0.004931038662035536,-0.009489045392803257,8.236845136489478E-4,-0.008177202154420983,0.3236673930791349,-0.5422805866752355,2.4568421687263124,1.3173567953779584
-0.0049288513629582534,-0.00950538895059074,7.971955257640473E-4,-0.008179345102940695,0.31907196508156166,-0.5254948506607356,2.459948938386638,1.298472516539559
-0.004968079775138506,-0.009238243769941621,0.0012298752820071466,-0.008129054038159375,0.38870961702551304,-0.8003329837896317,2.394662475929115,1.6085740081682658
-0.004953880457815838,-0.009249690990492304,0.001206046352273378,-0.008117432169373802,0.3810299184234296,-0.7878752107325361,2.386896823782186,1.5871555322797415
-0.004931567796312128,-0.009472842384299728,8.494452495785961E-4,-0.008173010065649381,0.3275858037458607,-0.5589857487560995,2.4521781314172184,1.3352240196124647
-0.0049285779217696,-0.009455139983319922,8.764339608520285E-4,-0.008164090075411495,0.3304934501076595,-0.5773141669343625,2.4437516914147785,1.3528011921825585
-0.004924814626427183,-0.009436284687752832,9.048608466080851E-4,-0.008153721867903668,0.33331184854166057,-0.5967489709760456,2.4340780851402983,1.371082830790571
-0.004923406606554339,-0.009417667168865645,9.335481958365937E-4,-0.008145981692082973,0.3368375066958004,-0.6158361456470322,2.4263789772748545,1.3902880713600139
-0.004952976177290181,-0.009315501808672426,0.001103715881819148,-0.008143446591511729,0.3686658313073036,-0.7207169955916696,2.414108941350049,1.516826108950152
-0.004952821721283643,-0.009332403572372146,0.0010773014709368365,-0.008149819356944475,0.36530548554463843,-0.7033922744935063,2.4207726567426118,1.4986705896360248
-0.004955081140349734,-0.009349536974613732,0.0010513585984364734,-0.008158941619591327,0.3627810495800324,-0.6858283622248881,2.4295455576652984,1.4816514371183598
-0.004940191842255629,-0.009359721416508936,0.0010299287403106826,-0.008145293958130592,0.355038554549346,-0.6752169922062903,2.4200545654373378,1.4619123708776158
-0.0049242898802122894,-0.009399646648832886,9.619898504007563E-4,-0.0081409188926186,0.3409563426680485,-0.6342607831855144,2.4207400870882902,1.4100630138143524
-0.004927991149381751,-0.009385089886650612,9.85976801400886E-4,-0.00814017252350837,0.34536742396104925,-0.6491424581873568,2.4187098965393705,1.4277116960829277
-0.00492316203294849,-0.009369984497023236,0.0010077668269052752,-0.008129178851356571,0.3466318603666885,-0.6645230694488903,2.408776645805519,1.441032021807688
-0.004943855788208211,-0.009274410059268183,0.0011637044272214973,-0.008116200749210527,0.3727409052160304,-0.7622767339657389,2.3886689975061355,1.554689927350875
-0.004939129462326895,-0.00928791630018825,0.0011409311815196077,-0.008116256523784662,0.36845545816185027,-0.7483730772619456,2.390175655449763,1.537481917514449
-0.004935616527498567,-0.009304535938310921,0.0011138628344016643,-0.008118862153574406,0.364008255414538,-0.7313749883146993,2.3939845431129636,1.5177841933866476
-0.004939225568032603,-0.009260228913520095,0.0011835831797037987,-0.0081048682050631,0.3734679094225746,-0.7764018256693719,2.37835108695548,1.5666169782413115
-0.004961987250848585,-0.009218642304581576,0.0012573951034616229,-0.008113251948873803,0.3895551329262095,-0.8198791704065377,2.380149435658023,1.6251300431148337
-0.004957257005815152,-0.009198542910741424,0.0012860604709421513,-0.008098612876888523,0.390919121024623,-0.8398339012701116,2.3664506156121874,1.642894646675422
-0.004955829624561817,-0.009179212322794329,0.0013148863330104163,-0.008087961255255816,0.39339066255656435,-0.8591343283951919,2.355888934031283,1.6619233174572108
-0.004958737676466799,-0.009162039106562853,0.0013423820046498313,-0.008083175538638925,0.3971915804896153,-0.8766089165068102,2.3500891468780307,1.6816502406610703
-0.004963864262146833,-0.009148414127374951,0.0013655516909939127,-0.008082534496135803,0.4013233645520062,-0.8907586043327891,2.3479290514247637,1.6993121965607567
-0.0049596607093426665,-0.009134243024681923,0.0013849425984140756,-0.008070675791327609,0.40161814064455276,-0.9044576109468635,2.3369448047402592,1.7108004749203747
-0.004956319375223716,-0.009118406428571514,0.0014071453342099965,-0.00805887540171222,0.402453237460933,-0.9197685731377898,2.3257857132745605,1.7244498698819892
-0.004966625996133913,-0.009102429415940265,0.0014364346742878,-0.008062673478392542,0.4088531627175049,-0.9368840742203429,2.3266526266489045,1.7482326539835094
-0.004958474808936476,-0.008886013146545793,0.00174879839926633,-0.007928923394932954,0.4278433871805393,-1.1423680163605177,2.191948801423863,1.950254314911348
-0.004970958283796762,-0.009077683596618749,0.0014758642471251857,-0.008054781338253518,0.41392838892106504,-0.9619193616507362,2.3172821727031345,1.7764660662939724
-0.004966004351499495,-0.009053050737940401,0.0015100049777760337,-0.008035847613388677,0.4148918212698525,-0.9853614665395635,2.2992606503486157,1.7972537158839426
-0.004964256473381572,-0.009031500420322199,0.0015410281615310026,-0.008022006979172188,0.4166458506046678,-1.006059088892633,2.2855502445142672,1.8171621206209616
-0.004965761941209764,-0.009011598406023448,0.0015712589521338393,-0.008012591347881777,0.41949565024360885,-1.0255734217035426,2.2754401949121354,1.8378366396306565
-0.004959571522194735,-0.008912788804787556,0.0017112512855054773,-0.007946945796203477,0.4261781788562706,-1.1178956674936662,2.2100179695172497,1.9266065757885713
-0.0049599116799179215,-0.008938897258493969,0.0016738974120047302,-0.007963320412977594,0.42420212593421974,-1.0935946499792075,2.226668280597735,1.9025701040836738
-0.0049692855288706525,-0.008989555144687338,0.0016056934893853574,-0.008004035657216397,0.4233042386169536,-1.0474470648241816,2.2656316415556024,1.862113837468215
-0.004963304981128569,-0.008964486898807647,0.0016388325466838896,-0.007982510697988346,0.4232732390040507,-1.070172486903678,2.2453165437537668,1.8812267228314052
-0.004949905854454128,-0.009698932329921606,4.915795541673371E-4,-0.008248122307289356,0.2759412945762399,-0.3226966875793465,2.5272974768826715,1.09528808030136
-0.004949640140599205,-0.009714949123118037,4.6554061921302457E-4,-0.008250497807407442,0.2713538910426823,-0.30600701590862345,2.530248710593647,1.0773860697813278
-0.004950019028548913,-0.009730603792623823,4.4016679463770636E-4,-0.008253429117790487,0.26700456280915535,-0.2896194743779577,2.5335699686897986,1.0601470084940525
-0.0049490967402528166,-0.00974618575081533,4.146915977939197E-4,-0.008254676048854987,0.2622419915985242,-0.27345651108789615,2.535641526665863,1.0424419616548632
-0.004947080450210767,-0.00976181353102752,3.889881753688554E-4,-0.008254502157055097,0.2571182674355119,-0.257391285214496,2.5366770035515063,1.0242595809850867
-0.004945375826695377,-0.009777674883341452,3.6296140065099407E-4,-0.008254586330755142,0.25199564816621095,-0.24106325372255347,2.537908419901358,1.0059651096435143
-0.004950280682072369,-0.009682445669266147,5.183756075389694E-4,-0.008245643989875144,0.2806490844714653,-0.33987256373065405,2.5242242894372624,1.1137613589985855
-0.004950787969317633,-0.00966422445115716,5.479832153218739E-4,-0.008242835281318079,0.2858215569648213,-0.35885718919004683,2.5207538254071555,1.134219647375036
-0.004943033529778189,-0.00964491355839806,5.776478855571001E-4,-0.008229896268773533,0.2886145760796334,-0.379746629738921,2.5096602352316686,1.1521891886705253
-0.0049406342497719125,-0.00962597172111696,6.07650642798616E-4,-0.008223124189718947,0.29284579501897684,-0.3996934509667626,2.503107427614733,1.1720366210740556
-0.004944514093729473,-0.009610096387947574,6.340308525150173E-4,-0.008224211682133033,0.29834235286381666,-0.41590965172154826,2.5026092854524893,1.1913399693668618
-0.004940504911049123,-0.009592851675009395,6.608147736617086E-4,-0.0082155688574327,0.30145596676893577,-0.43418936972543853,2.4947511614242726,1.2084994593528509
-0.004932033383131293,-0.009574252651411642,6.885536843912195E-4,-0.008201200587840456,0.30341462989125917,-0.45407285291609734,2.4824490740178518,1.2248943478591814
-0.00492726646765783,-0.009522400729563804,7.698054946109852E-4,-0.008182222432525985,0.3145036002657569,-0.5079994175880441,2.463650942252556,1.279168700815408
-0.004928203437052393,-0.009557041161434148,7.150337119427908E-4,-0.008192439106326608,0.3064090775997194,-0.47213858941274905,2.4743941008157777,1.241870513879741
-0.00492688326245198,-0.009539646416854872,7.423429185592434E-4,-0.00818640062760135,0.31022003014938376,-0.49020162455250077,2.4683309667265014,1.2601994731559223
-0.00495762820191566,-0.009975798196427419,3.9741416525266485E-5,-0.008283018837192938,0.19401226578234132,-0.03296845680459223,2.5719836005137715,0.7901954957842113
-0.004957311862768462,-0.009991350842608219,1.4194919251083993E-5,-0.008282796767740621,0.1889085623933916,-0.016876466765619522,2.5728616956285424,0.7728375618618556
-0.004942586614495461,-0.009952429736524545,7.77053414415776E-5,-0.008264831771564488,0.1979102477381914,-0.05971934368278026,2.557655218527392,0.8111473840465201
-0.004943345851411238,-0.009967765915539871,5.26653729104728E-5,-0.008266079978140719,0.1932302482825535,-0.043688103835482245,2.559586712740027,0.794428691912538
-0.004942118260778841,-0.009936450820041203,1.0378765768150141E-4,-0.00826376747069084,0.20282964798831501,-0.07637163799400694,2.5558015556850173,0.8286739484376557
-0.0049422653147011796,-0.009920143228753935,1.3042051505582757E-4,-0.008263265941575913,0.20796599691653203,-0.09327419312617331,2.5543136995895357,0.846778490700984
-0.004943117063214832,-0.00990411350625125,1.5663350938041498E-4,-0.008263457384791674,0.21317349123042914,-0.1097928491645238,2.55332780509498,0.8648330763999182
-0.00494396707176663,-0.009872384437812623,2.084786587813461E-4,-0.008262422484701623,0.22319000908268508,-0.14264759031255966,2.5503583957766978,0.9003134924341442
-0.00494328104920153,-0.009888224617866327,1.8258017052456146E-4,-0.008262703400680837,0.21812375115583185,-0.12628285828665883,2.5516798814711,0.8825088562139659
-0.00494419771684429,-0.009793732538562507,3.3668960849052456E-4,-0.008255170258935228,0.2469439076188009,-0.22448151539076236,2.539506468069771,0.9876782587254508
-0.004943542682954475,-0.009809852659388095,3.103761360820255E-4,-0.008256229760150065,0.2419850916317122,-0.20778111939016689,2.541443008730807,0.9695384069314515
-0.004943473586163549,-0.009825960586199367,2.841351574746813E-4,-0.00825782913488065,0.2371523777582714,-0.19102413973793866,2.5437578226909063,0.9516419945917342
-0.0049440047756948045,-0.009841853083373672,2.582844031830032E-4,-0.008259966747440041,0.23250551993166027,-0.17441130886142264,2.546432736927965,0.9342079415101133
-0.0049447460039621265,-0.009857151262722233,2.3339624674674465E-4,-0.008262158128863118,0.22805606850404445,-0.15838466430746098,2.5490913881490402,0.9175025818737373
-0.004984842324005423,-0.010363027842048659,-5.991523908656218E-4,-0.008277727119456653,0.0687139087730914,0.37299236870249364,2.5933412022614832,0.3704875471137265
-0.00498614157484344,-0.010378716476154614,-6.250744893518194E-4,-0.008275936648996366,0.06337951256105784,0.38940361132762774,2.593146622477441,0.3536514197100462
-0.004987319690316024,-0.010394394718288234,-6.509427058828277E-4,-0.008273865708081354,0.05803361625307694,0.405791213486797,2.5927665985619464,0.33679551424828386
-0.004988460144008698,-0.010410109072153312,-6.768470932836278E-4,-0.008271601851308067,0.05279054604328424,0.4222072512048976,2.592262446277036,0.31990048476521454
-0.004989770317759718,-0.010425848837644303,-7.02819214637764E-4,-0.008269388995435665,0.04762501025440374,0.4386718283003335,2.591798531245676,0.3030354917871003
-0.004983550011248345,-0.010347274778022096,-5.731198467242162E-4,-0.008279396890364355,0.07396030003581903,0.3565235643087348,2.5934536078288524,0.387395031488247
-0.004979755832120336,-0.010284065083966024,-4.688417578385333E-4,-0.008286300560155904,0.09514682885315652,0.2906167370523826,2.5940816706726904,0.45573406951021317
-0.004980660975576555,-0.010299821109509158,-4.948441487728105E-4,-0.008284745471701471,0.08972158972607043,0.30704669694731784,2.5940312685124556,0.4386684241852323
-0.004981468277771159,-0.010315609752255228,-5.208710809514624E-4,-0.008282928235027333,0.08437632254224924,0.3234930365381244,2.5938092857956083,0.4215495616621672
-0.00498240203005395,-0.010331449027796993,-5.469909154551029E-4,-0.008281107284479332,0.07915004083246052,0.3400023676842319,2.59359228941345,0.40442781757816393
-0.004964522382815351,-0.010276888434800567,-4.546630762796204E-4,-0.008269546813669046,0.09486147601519983,0.279586923348321,2.58240496703506,0.4600544311378582
-0.004963131562559915,-0.010260964192741763,-4.2843570066403424E-4,-0.008270347512123855,0.10004040524303116,0.26290086284951647,2.581915468352579,0.47714781493643793
-0.004962100685371801,-0.010244892924965455,-4.0202182847576354E-4,-0.008271446607445554,0.1053283036519279,0.24614034729208703,2.5816211547031513,0.4944985240008118
-0.00496105789469327,-0.010213116295720548,-3.4991138373414115E-4,-0.008274357547840568,0.11591932504999942,0.21319999083790783,2.581544679082135,0.529092101416968
-0.004961510577202132,-0.01022893447530178,-3.7584816926418E-4,-0.008272902177566753,0.11064630281557286,0.2295863996934772,2.5815778823308695,0.5118486730095221
-0.004960552549515562,-0.010197253428636439,-3.2388527240384025E-4,-0.008275613195415242,0.12119218550066012,0.19675055706935382,2.581374958427702,0.5463827285065596
-0.004960083232170217,-0.01018136004611847,-2.9780441425417814E-4,-0.008276770956676243,0.12646718337410978,0.18027091780504054,2.581137122302643,0.5637267067592732
-0.004959300966642605,-0.010134464254292631,-2.2085426604341225E-4,-0.00828005653873254,0.1420906622220541,0.13171966550680805,2.580346455687326,0.6151406536176819
-0.0049595742667216,-0.010149920606465202,-2.462267374370713E-4,-0.008279130363077357,0.13695925998015626,0.14773529913774788,2.5807146901526608,0.5981849488344149
-0.0049597674286256995,-0.010165553206280922,-2.7187230323658503E-4,-0.00827795698997348,0.13173940000149123,0.1639056829207435,2.58092514769989,0.581028238383381
-0.004944745601667691,-0.010127135940595791,-2.0778282066789619E-4,-0.008263488955834846,0.14182456079315256,0.12141208848158637,2.568535384894688,0.6190479719551498
-0.004956194649382791,-0.010055625150803304,-9.131261583846378E-5,-0.008280642520269521,0.16761901731824325,0.04954496467475799,2.5755976998756616,0.7013112251253045
-0.004956762308111589,-0.01000706755331156,-1.1614425432472033E-5,-0.008282161270137117,0.18367268155820451,-6.693356849649261E-4,2.573459680832221,0.7552403392969914
-0.004956226679413013,-0.010023101749570535,-3.793315449676494E-5,-0.008281397884792251,0.17830705295017615,0.015855940729461688,2.573985237340962,0.7373119190367569
-0.004956020562888166,-0.010039375453787436,-6.464010142710575E-5,-0.008280871217155865,0.1729229030102084,0.03268060789526086,2.5746896323106925,0.7192350752417512
-0.004940315978385582,-0.010064175624812282,-1.0477121859895062E-4,-0.008261686877686247,0.161584899227647,0.05559909851071906,2.5630825039145986,0.6870299852897398
-0.00494321421084977,-0.01011204789745429,-1.8304973686619137E-4,-0.008262711722235335,0.14650860142758385,0.1055545486519518,2.566997716105183,0.6352010625016346
-0.004941818287893601,-0.010096382515993764,-1.5739979035449777E-4,-0.008261994818880502,0.15138220342391936,0.08912854437950456,2.565457632443642,0.6520257352937345
-0.004940889620269289,-0.010080376205310689,-1.3123218474815808E-4,-0.008261701927283224,0.15642986781211954,0.07243456339247922,2.56418211641451,0.6693648235094772
-0.005009236665591784,-0.010614607964568895,-0.0010142049859045413,-0.008236133198990539,-0.01449072759713301,0.6371095948660952,2.5820724614544197,0.102043186701521
-0.005002195610325339,-0.010551612100684437,-9.10380893010475E-4,-0.008248880990024186,0.0059317318176994975,0.5707003431183536,2.5863580591112387,0.1689270637226574
-0.00500388227008789,-0.010567315455858156,-9.362681212472596E-4,-0.00824583754909272,6.980033698015952E-4,0.5872398775755775,2.5853722961438357,0.1522259423378031
-0.0050054912440385055,-0.010583074833730928,-9.621996632332082E-4,-0.008242542297656615,-0.004441484123497333,0.6038272579862504,2.5842248399459513,0.13545075671298482
-0.005007255528128531,-0.01059886302496263,-9.8820857141999E-4,-0.008239275324524018,-0.009478397087229336,0.6204712404829694,2.5831045987619663,0.11869312437316544
-0.004986821345808737,-0.010545293312787536,-8.953823177035962E-4,-0.008232806552336623,0.006655545556296335,0.5601572865881997,2.575310633649995,0.17282422521085875
-0.0049848005073589415,-0.010529585224571765,-8.694954034321293E-4,-0.008235257661747555,0.011726261396727678,0.543574884164692,2.575903286492094,0.18942350558755683
-0.004983012936614783,-0.010513724151031733,-8.434217780964613E-4,-0.008237884813778433,0.016879892177506402,0.5268959542086527,2.576607904117463,0.20623981398966998
-0.004981527113517645,-0.010497824124066003,-8.173590921909088E-4,-0.008240732728313856,0.022080904640173846,0.5102502463710631,2.5774614120524073,0.22316871357961274
-0.0049758957409109655,-0.010434906961802293,-7.141356683784034E-4,-0.008250866040869739,0.04270781326414219,0.4444298388274835,2.580104423181854,0.2902841556791959
-0.004977550116344572,-0.010450590095677772,-7.39951827429875E-4,-0.00824884850493214,0.037590920979258285,0.46089710153692326,2.5797804941588605,0.27359984043532576
-0.004978863989496449,-0.010466266816797071,-7.656583533625247E-4,-0.008246290575494796,0.032437839337855,0.47727721562250963,2.5790996643196777,0.25685305200241276
-0.004980144814154121,-0.01048200045458801,-7.914313895337504E-4,-0.00824353606268974,0.027270258333652136,0.49370595391292893,2.5782929219224857,0.24004532187256222
-0.004962265576507893,-0.010443931494985357,-7.253003602799532E-4,-0.00823260007862687,0.038483290606074194,0.4507210328817975,2.568490296370585,0.27733743543146266
-0.00514246845941642,-0.008147353150086677,0.0028577886998112654,-0.0075090998368045146,0.47864758941677177,-1.7980292920560283,1.7077784642330374,2.680170811020496
-0.005108989406051386,-0.008167124756300556,0.0028010923543983104,-0.0074950420567391094,0.4686650647663882,-1.7654513071415534,1.708102123113109,2.6269928228579
-0.00511008659188361,-0.008197724940611481,0.002767408907091937,-0.00752712991554873,0.47272885654915564,-1.7478557225938964,1.7385399012060059,2.6140391409438943
-0.0050887703612363016,-0.00821449148357796,0.0027268959304011615,-0.00752187153206429,0.4664830708131425,-1.7248242752768292,1.7419276559428447,2.5785132329061002
-0.005084594452040266,-0.008242446255107814,0.0026904926874378736,-0.007545100006916859,0.4679691392324878,-1.7050284604576385,1.765982250326285,2.559136007709489
-0.005086251625934842,-0.008390666642333844,0.0025133076501033997,-0.007687185507873452,0.48154558288345967,-1.6052412067591535,1.9053076490522705,2.475695453092096
-0.005092603754187063,-0.00835930827502907,0.00255809241274874,-0.00766513892653098,0.48180692423476945,-1.6311540451847502,1.8809735360520192,2.503149385745012
-0.005092437934508156,-0.00833417951048595,0.002588756382598637,-0.007641447523177716,0.47967304823296797,-1.648680108261545,1.85755400266657,2.5181341583636967
-0.005083672856662899,-0.00827363542822014,0.002653053800078032,-0.0075744588757854356,0.4706829267199118,-1.6845394110827012,1.7948660120724107,2.5414830627506304
-0.005082512451954573,-0.008309388779962875,0.0026093730618283115,-0.007607458900277011,0.47369716679790524,-1.6602085797408717,1.8276661880507064,2.5201697231410165
-0.0050522892350138675,-0.008437576166373707,0.002423992548137834,-0.007692536522136867,0.47065943910791835,-1.5536323476762228,1.922928046110188,2.404625245466758
-0.005053940397380746,-0.00840313234811989,0.0024685160327749503,-0.007663644625803052,0.46924571129574283,-1.5796500467427477,1.893622791215744,2.428936509374646
-0.005017183692773198,-0.008448506259875675,0.002379575855918478,-0.007664359998596289,0.45708672490787466,-1.5285871195334255,1.9072163746102302,2.3569821246885287
-0.0049862869911387765,-0.008733797419551024,0.001980497726754854,-0.007857234095854676,0.4471019166647761,-1.2865998898922246,2.1105824767588133,2.1095071858216277
-0.005013032753592754,-0.008483908247008481,0.002331523008914743,-0.0076903182318620355,0.4568980695864722,-1.5004168563275426,1.9342929880470947,2.328628607529206
-0.0050294732928571565,-0.008542027450183723,0.0022706768225795562,-0.007756888477395596,0.46540346441302055,-1.462836467888197,1.9952405686959314,2.305699770730398
-0.005017331715211038,-0.00851503056952627,0.002295488967692704,-0.007721200441314062,0.4597248995855909,-1.4786479268416122,1.9635494200765222,2.3117319219300048
-0.0050149475858864544,-0.008568985518461959,0.0022235982311459364,-0.007762985584492806,0.45993381590552646,-1.4351808933943178,2.006200530545996,2.269924145230544
-0.0049851347253169614,-0.008704615621308608,0.002019526353347055,-0.007834734804212764,0.447380600742402,-1.3113753443925056,2.088149105145897,2.1326386700254365
-0.0050048017440138684,-0.0086008360710004,0.0021736088501455885,-0.007777329067085983,0.45601518492624266,-1.4053712174541866,2.0239371013275096,2.2351088040473868
-0.005005093497217868,-0.008626537136373333,0.0021397282817779023,-0.0077978209258857305,0.45650134523638475,-1.3843705085509213,2.04450609237537,2.2155408393023888
-0.00499117324482334,-0.008649412180963111,0.0020984704966039557,-0.0078000706649323315,0.45050799506188105,-1.3601026203125015,2.0512749681538196,2.183223078520094
-0.004986768903583831,-0.008676358820850107,0.0020589788255450403,-0.007815587273153499,0.4485692294998143,-1.3359394899525778,2.068299310245045,2.1572676110411986
-0.004957908240395602,-0.008746955359585838,0.0019422467574216182,-0.007834996253351302,0.43494695146075996,-1.2660206765983038,2.096782292033188,2.0712038333103044
-0.0049576788835055926,-0.008776134037382007,0.0019020990917560231,-0.007855160464391603,0.43378214146947786,-1.2406558786577333,2.117215715346728,2.046408481163421
-0.004954214634837096,-0.008861257336319282,0.0017811377605815738,-0.007908263799580985,0.42780816968226426,-1.1638825724010446,2.17218024848988,1.9688891917907323
-0.004953467115419375,-0.008832535386629333,0.0018209899885133082,-0.007888628456875988,0.4292149022429584,-1.1895107996775136,2.152470835281846,1.9936940287763611
-0.004956465587552834,-0.008804794627659483,0.0018616476318730473,-0.007873418224596999,0.43197166739979304,-1.2150368754152259,2.1361234058980223,2.0206322039318376
0.00517172724925,-0.008055545552215824,-0.0029902948765612104,-0.007441567458893226,0.4764171248105961,-1.868064728065982,-1.6304024698953328,2.7572522249489064
0.00515672428035038,-0.008023901044657814,-0.003007814177806214,-0.00739218602486853,0.46603223764066476,-1.8740919257325042,-1.590430051494783,2.7477504200006524
0.005136647636798324,-0.007985826427964431,-0.0030255037830514355,-0.0073309770426348364,0.4532370830113551,-1.8785461674959971,-1.5424810133111284,2.73242378205893
0.005690296045214432,-0.006597585095194072,-0.0046212966925603,-0.005875154355526996,0.22937544217937483,-2.298493052924322,-0.20242638586519998,3.0911637576771542
0.00563890258416265,-0.006624922143825752,-0.004541683828854083,-0.0058941083801323894,0.23392546948982051,-2.276256847219004,-0.24605676651739294,3.0549939668578934
0.005593137760416644,-0.006620217275679953,-0.004478010501528962,-0.00586905752188318,0.23204027324133308,-2.245779637529889,-0.2642809081501797,3.0026010839965287
0.005427437147423784,-0.007067451876636984,-0.004088609687889425,-0.006408606638089248,0.3230230059209822,-2.240187122909738,-0.6665751170185129,3.0551880974365635
0.005438269596580365,-0.007011831667480449,-0.004129446584339489,-0.006338637263357676,0.3107533974996057,-2.23992046614096,-0.6161443892072521,3.0441717744321406
0.005557635629130411,-0.006712079504702128,-0.004404717417675275,-0.00598289880419726,0.25040793506833353,-2.2522884783766166,-0.34253390274185685,3.022526733793264
0.005518857806981801,-0.006737100186092786,-0.0043434054763424376,-0.006000363897260534,0.2538143433711251,-2.234309876103026,-0.37543236355303594,2.994633148195498
0.005549150736451502,-0.006651260810493827,-0.004409106297171557,-0.005894352084402133,0.2371847890997458,-2.2282203790738766,-0.3042255627633393,2.9758195737282445
0.005441917003656788,-0.00693843659424067,-0.004166020792002508,-0.006239862284624003,0.2941091723631055,-2.229631265612731,-0.554225493933357,3.014149557964752
0.005494736205277379,-0.00677350001559278,-0.004298802647753452,-0.006039577922549238,0.2607490296928133,-2.228234117857724,-0.41055499787352373,2.9886086117366975
0.005467904024740568,-0.006819149253093073,-0.004246726101709235,-0.006089499196969908,0.2686921840909611,-2.221783011542018,-0.45342981229904256,2.9833920474614732
0.0054506999466777785,-0.0068731615939295184,-0.004203655744329612,-0.0061549879682501136,0.2797099718914726,-2.2224507771542332,-0.4999736168618634,2.9919484582491216
0.005259038761619957,-0.007725372969346083,-0.0034172266653673187,-0.007143594497648917,0.44347761978683836,-2.066547930745181,-1.3167114254425094,2.9534914597792277
0.005266441138894625,-0.007698127802500801,-0.0034503101570993767,-0.007116783018844964,0.4395439049220141,-2.079839166293252,-1.289708045967227,2.965645845827573
0.0052310010223977224,-0.007733916440968649,-0.0033755632751737404,-0.007128768428716599,0.43712500480606054,-2.042413459204925,-1.318098171748435,2.9121725138301553
0.005256462110822104,-0.0076745272107235675,-0.0034584006728637278,-0.007078854862143234,0.43160186733443445,-2.0781939569552126,-1.2623551507686999,2.951816580669926
0.005269145787718149,-0.007654218461464335,-0.003491331434698053,-0.007064814746367337,0.4311399101204113,-2.0930012122906567,-1.2439386386788074,2.9704568936645708
0.005274616499853765,-0.007620022609903599,-0.003526643020386362,-0.0070268660132436905,0.4248524231564733,-2.1050196713996265,-1.2092052420503168,2.9780817640916806
0.005277173475802646,-0.0075788571562994435,-0.003563147922353975,-0.006977285801407828,0.4164967061322175,-2.1151165387611006,-1.166887661973507,2.980116769113936
0.005283493283815269,-0.007536723575189615,-0.0036040890720629984,-0.0069291313547366435,0.40812643624060013,-2.127104425606851,-1.1245568681467242,2.9860512368619387
0.0053797089548772966,-0.007153072585113024,-0.003980150901243609,-0.006495094291024743,0.3369089271995595,-2.213741066694172,-0.7512698612713917,3.0276527905896975
0.005385027274301073,-0.007104554746718956,-0.004012532346034884,-0.006432893817643588,0.32586322149740016,-2.21308661657783,-0.7071100513050956,3.0159821224630474
0.0053740190704151,-0.007395708536151386,-0.0038247942098519135,-0.006817326650953117,0.3952386216869988,-2.214322669728567,-0.9857588073873146,3.094019013859732
0.005269207347896104,-0.0074983445532032875,-0.00361487240296141,-0.006868820337158854,0.39619085838493656,-2.1216723499120658,-1.0839021306094823,2.96219072259987
0.005339793121814346,-0.00743625297974289,-0.003751152786367681,-0.006844372277853146,0.3975247264402006,-2.18395098069683,-1.0263716986818574,3.052834663360738
0.005299957982761998,-0.007464812756197932,-0.003678801032482555,-0.006850229963590866,0.39559103994383266,-2.149673412220526,-1.053028995191298,3.0009829372820973
0.005362345289832001,-0.0073544921097078485,-0.003836927595668494,-0.006753433907037055,0.38235411397239866,-2.2064423055908517,-0.94409936214678,3.067080747506235
0.005347802070016373,-0.0073085756217472295,-0.0038471043153017596,-0.006681631158719029,0.3686224611961933,-2.1956323175390455,-0.8994982485675945,3.0346876883824065
0.005352797001292281,-0.007185182852800082,-0.003926588250306201,-0.006520577968396499,0.3402930641910377,-2.195708036372959,-0.7838497922992705,3.0037618042498764
0.005335688291285936,-0.0072631543625951344,-0.003858882411789572,-0.006612784682422095,0.35573475412939787,-2.1859453798409443,-0.8571188085598677,3.005649546452842
0.005329163027554937,-0.007219481140019473,-0.003875835568327865,-0.006550488246792478,0.3446275107690865,-2.1797499637606035,-0.8172487234050891,2.9840749030788327
0.005214129036529615,-0.007761003270869134,-0.003331065695613499,-0.007146092183664607,0.43777528272037886,-2.0214300279284068,-1.3415093028770075,2.885626977883813
0.005162041866308595,-0.007916598331886467,-0.0031234255225523794,-0.007278423486710781,0.45040033939864765,-1.92662373995392,-1.483374667862177,2.785816526353258
0.005127754336268154,-0.007943088149984455,-0.0030588920929163882,-0.007275489611364546,0.4435167310391909,-1.8916661179133634,-1.495757573304758,2.732798654118326
0.005190489892729315,-0.00778877614520226,-0.003277841746058618,-0.007157626794356289,0.4360285704302845,-1.994982103043143,-1.3628114399753735,2.849136685875815
0.005134953957023125,-0.00787540759237255,-0.003132915896266768,-0.007206656089878521,0.43456398097669807,-1.9243608888124097,-1.4309738941831602,2.7586162244288452
0.0051530727507494755,-0.007847701526379695,-0.0031797785594741457,-0.00719184548780413,0.43532229331786026,-1.9475013577799645,-1.4099120550382291,2.78846494669757
0.005170834707588667,-0.007817655617553172,-0.0032283147042174282,-0.007173487485897359,0.4353992217456462,-1.9709390073397586,-1.3857527529648512,2.817836636714554
0.005037832062086905,-0.008622494430547108,-0.002170779289040458,-0.007831073011662608,0.4701286946058008,-1.4004360908426967,-2.0675778671540894,2.253308231154953
0.005011444043089606,-0.008689814602528897,-0.0020591825308036034,-0.007853156291568924,0.45864726368428527,-1.3332221945538925,-2.0985914139641504,2.1711881224341787
0.005017436625051342,-0.008668011986328647,-0.002093405237706777,-0.007843445673511295,0.46139916378640417,-1.3540996917802717,-2.0867947679745265,2.1952212631118457
0.005026107713143656,-0.008645088241067375,-0.002131130684044323,-0.007835580512113275,0.4651799249115043,-1.3768335189227463,-2.0759967280135565,2.2228057430711172
0.004985315916343502,-0.008695524721628664,-0.0020319985037084817,-0.007828232617555192,0.44755901176405594,-1.319200446670588,-2.0814848919757414,2.1402204055844063
0.00497897867997954,-0.008722627896553335,-0.001990511671660368,-0.007841007660529422,0.44431824940620684,-1.2938331556952647,-2.096387831633113,2.111660553244904
0.005102598192792269,-0.008406636163138066,-0.002508137394971952,-0.007719550909352044,0.48946680252271885,-1.601873207744066,-1.931798418580368,2.485329169861538
0.005092449473293797,-0.00843406357584444,-0.0024641223180787678,-0.007733173750239681,0.48703279432891744,-1.576090402626305,-1.9493109972214335,2.454703552738645
0.0050769788016311185,-0.008457454535309999,-0.002420483625633513,-0.007736931879336647,0.48183390606351545,-1.5506658870830028,-1.9587190275212925,2.4202804947765837
0.0050564536591783575,-0.008482971977668452,-0.002369875647588854,-0.007736646758649253,0.47447331147393973,-1.5212398973697001,-1.965653890803971,2.3785014048258084
0.005054119800746352,-0.008516645731371742,-0.0023243216620992967,-0.007762809381048826,0.4749190388225651,-1.4938179251166621,-1.992813694884149,2.351798910384845
0.005019775249916842,-0.008552287229525874,-0.0022493370728613425,-0.007754690614535654,0.4616847581520687,-1.4504782657180846,-1.9963445805623359,2.287513960773612
0.0050287339417580445,-0.008527877840236427,-0.0022884454861953826,-0.007744344746474567,0.4647765982866658,-1.4736155558586845,-1.9829437810894206,2.3151305531402993
0.005022398846185089,-0.008600634551646853,-0.0021878178091822337,-0.007796595178280301,0.46347365664024803,-1.4125471511978438,-2.0376300921297292,2.253913346750251
0.00501218367088142,-0.008576360652469282,-0.0022116993761468902,-0.00776591224471008,0.4589586862010614,-1.4280871753212299,-2.010128417129281,2.2614577947680496
0.005085149763984715,-0.008381754844713925,-0.0025233987171557333,-0.007677822176047727,0.48038648846576476,-1.6111539133680906,-1.8963498739523226,2.4799858884524695
0.005153822211556933,-0.008083129365232464,-0.0029410589739075773,-0.0074531247032080875,0.4739482111078995,-1.8413720141532057,-1.6492523468654807,2.7221757276294576
0.005137705553001076,-0.008111532999791208,-0.0028928226250226918,-0.007466839588998101,0.4719525466447107,-1.8152899531854327,-1.6692148917648788,2.689010032535752
0.005129134198313769,-0.008136009175614292,-0.002856693960010153,-0.007483663049245819,0.47241888314462444,-1.796036011253075,-1.6888723820112497,2.6672622663691397
0.005109472094393173,-0.008149177713038502,-0.0028217216167809554,-0.00747720578338674,0.4666149312386606,-1.7760705532400443,-1.6908215252153291,2.6355524823616316
0.0051027314070448224,-0.00817611470925265,-0.0027846092930693396,-0.0074977559540221434,0.46751810219261497,-1.7562480629060195,-1.7131979992548165,2.614607278641849
0.00509774873396791,-0.008203228906243315,-0.002748732369486649,-0.007519908765276165,0.4688483029771944,-1.7369919231068949,-1.7364575498999852,2.5953296988716623
0.005064053105086026,-0.008255154017365242,-0.002655740100048806,-0.007536191082216413,0.46137951651412834,-1.6852219917732307,-1.765174297946791,2.5268793727910897
0.005078892094334393,-0.00822226495450171,-0.0027081981680742826,-0.007519379620117722,0.4637192884161962,-1.714190887742321,-1.7433543221006913,2.5620544609958724
0.00506803455059759,-0.008353857709276886,-0.0025419815135259392,-0.007633764658439024,0.4714941139176054,-1.6219502761567741,-1.8589493769412666,2.476380063848261
0.0050421507650192845,-0.008275254794979411,-0.0026113683343355542,-0.007532885321110387,0.4548518073701683,-1.6602953704651493,-1.7701414023623894,2.4897214309375366
0.005052015921395794,-0.008323469987047182,-0.0025637775817259167,-0.007588587396728456,0.462772415925579,-1.634138950138991,-1.8204762887190284,2.474823656106654
0.005038355782453961,-0.008298101401021735,-0.0025810565156202912,-0.0075505793283732305,0.4555403013939886,-1.643522655961092,-1.7885904267671477,2.47278249478678
-0.00514123056824112,-0.007816845967465532,0.003194921895358891,-0.007145774859477449,0.42655087339284625,-1.950036166382534,1.3752089624887553,2.778149227768822
-0.00515586857248058,-0.007850488353721345,0.0031803237069111,-0.007197586779328414,0.4369836316835434,-1.9482299568612103,1.4139462603962885,2.7916285702204804
-0.00513807539366622,-0.007881678576315386,0.003130443685753839,-0.007216606022267162,0.43671697699698836,-1.9238719033099414,1.4386443259373218,2.7613461451570966
-0.00512663776512812,-0.00791687982195029,0.0030835277594485865,-0.007245396004058077,0.43912268950112837,-1.9018349010926234,1.4692719850090945,2.737953232516217
-0.005130010919470826,-0.008112002978686169,0.0028842245487869216,-0.007459528792897183,0.46938798769836504,-1.8100508151658865,1.66548021551231,2.678528685594198
-0.005119473326520556,-0.008080115568539567,0.002907899253543433,-0.007415449788746672,0.4612112806827941,-1.8204821230064596,1.6281845085251654,2.677207033214094
-0.005112696782742589,-0.00804675201374893,0.00293630103621784,-0.007373418663866433,0.4541295787120639,-1.8332529381611942,1.5917450125476942,2.68059516364723
-0.0051243753105351605,-0.007959960993588791,0.00303830818064572,-0.007290870052343988,0.445149158048573,-1.8819525088967626,1.511080051572686,2.7235803065151276
-0.00510678474966026,-0.008006869846795925,0.002971510456111759,-0.007325006888120073,0.44641820471455956,-1.8487769845822766,1.5495381267313724,2.686236056052493
-0.005183856646274764,-0.007678279762874653,0.003366949047400878,-0.007020638309459342,0.412615906134057,-2.0223932156150113,1.2491826609494743,2.8503282408693624
-0.005212836080683497,-0.007620538850341248,0.0034497389925833995,-0.00697519173703597,0.4086915671371531,-2.057423291677337,1.1978607990246255,2.8911617369389906
-0.005184595290371324,-0.007644988795501864,0.0033955302411494415,-0.006981245304431628,0.4061226462998283,-2.030995827949616,1.2162964314669107,2.8526378680006617
-0.0053008818918683755,-0.007300155229223761,0.0037905588351074848,-0.006637068186210466,0.35791986430230155,-2.1595608701522973,0.8932866230295321,2.9692411375170376
-0.005203666526911146,-0.007586102022293504,0.0034660086811469657,-0.006925458239542913,0.39928398214104344,-2.05754151931031,1.1620103723208102,2.8782685216821418
-0.005219994948202859,-0.007546714553671371,0.0035167514842596487,-0.0068901316407316655,0.39501727571146167,-2.076869216434122,1.1257045745483751,2.8986944325322956
-0.005246318343134194,-0.007505679549861766,0.0035805149922279243,-0.006859923591020132,0.39244253226550535,-2.1029963756683205,1.0887020329987571,2.9312997655440385
-0.005229482464598164,-0.007468805291059052,0.003586259164533306,-0.006800443242823731,0.3812148275116275,-2.0949761590422216,1.0512301181423984,2.9047803692940874
-0.005277103119354647,-0.0073391767079470736,0.003735067192510336,-0.00667078942693032,0.3622756929572845,-2.140592215983432,0.9302396797546749,2.946730762254159
-0.005236683219896117,-0.0074290022806924455,0.0036234301976962795,-0.006755835691011686,0.37397231999913655,-2.104629786550396,1.0135518251413063,2.909315640165055
-0.005250609030046912,-0.007382959174456076,0.0036724168105073886,-0.006707749371405044,0.3668120423114836,-2.118612436309553,0.9707960409054995,2.9204395021607286
-0.005158603731792235,-0.007735602572477089,0.0032878751091456504,-0.007066858799340467,0.41688880526701205,-1.988199453821667,1.2997081944571853,2.8118703906211633
-0.005131161914538131,-0.007773235550963546,0.0032228232160986356,-0.0070866691052572225,0.41573844540541266,-1.9571738294144863,1.3287404813520272,2.7709800023388884
-0.005107136780664311,-0.0078059161820418594,0.0031659885679796917,-0.007102962083450956,0.4147487517308612,-1.929841146271454,1.3529786525139669,2.7349140556773945
-0.005145384827812462,-0.007699087211319216,0.003303706038297038,-0.007012583463128004,0.4065975330949016,-1.9889152833507395,1.2602165413897504,2.7974774954167594
-0.005423815133651535,-0.007070903745786867,0.004081985289103144,-0.006411094943678594,0.3232069409819595,-2.2379631470234496,0.6704603863095668,3.0522303545611553
-0.005425728673699203,-0.007011569132844917,0.004112354701808249,-0.00633095168956439,0.3094326956099755,-2.230763861580643,0.6188701901659921,3.0285686002411647
-0.005674868863095895,-0.006428648275383726,0.004627493651673433,-0.00562947027703163,0.19399359416343975,-2.223996751578681,0.10773175945325573,2.953019324391727
-0.005668536113709581,-0.006485383859134138,0.004610337277567011,-0.005707105422705331,0.20493552627460074,-2.242270933309781,0.1437080839790598,2.987355620504744
-0.005634439278856235,-0.006529703590112704,0.004554821154205697,-0.005757626070465583,0.2136381613634297,-2.23908171975322,0.18733425423926328,2.9844586897985725
-0.005576059880015946,-0.006753991381286369,0.0044186180760927216,-0.006050403258467791,0.2612882410701007,-2.2771587083598277,0.3654725172457108,3.069710659906874
-0.005613682705787295,-0.006587453489927665,0.004514176592805302,-0.005831109219377674,0.22549756819718678,-2.2473416948276257,0.23358205740022805,3.0026347312267627
-0.005595154947788988,-0.006643629109853236,0.004475318798402903,-0.005902790950394809,0.23720210257508026,-2.2548552437885587,0.2792787094077421,3.020232660400831
-0.005579734185160317,-0.006702198055237772,0.00443850903199513,-0.005978805828631927,0.2497210083363999,-2.2636340743257395,0.32665789166257314,3.0409482161719015
-0.005485120444810729,-0.006922232459948629,0.004232277917170338,-0.006241042875932609,0.29442565022397743,-2.257136260452825,0.5288605599550578,3.0585234569593305
-0.0054941979401324425,-0.006865104369868344,0.004266702846867689,-0.006166333632994982,0.281692505032419,-2.2506671181993396,0.48039525757508633,3.0389305268899225
-0.005510757810549189,-0.006812397771650562,0.004308298313066338,-0.0061012554217959045,0.2707643995278017,-2.2490386613408435,0.4341569709695506,3.029017429737554
-0.00553034324790338,-0.006770926007209808,0.004349111815872273,-0.006052786568832079,0.2623576272484729,-2.2511997544165445,0.39602287143847753,3.0275853400110746
-0.005428654942296701,-0.006947574070525184,0.004144068112448908,-0.006245064916348548,0.29459844728859497,-2.2218618584643086,0.5651124286551078,3.002369542233389
-0.005623029790356882,-0.006375164895431853,0.004562827604500926,-0.005539860351145892,0.18349202430070655,-2.1761592475998195,0.10482829491871916,2.869645457447929
-0.005326826471289117,-0.007250167620197838,0.00385489274880314,-0.006589474402914934,0.3511610301976638,-2.179017676998519,0.8455659316059102,2.990306472344689
-0.005329491297620111,-0.007195978368607645,0.0038895687846319748,-0.006519606160893871,0.33903426827326305,-2.1791588229268233,0.7959062754927223,2.977635706838429
-0.005327328500664368,-0.007140312664487715,0.003916907070177903,-0.006444485608526046,0.3260675019609593,-2.173995504361683,0.7467768124071706,2.9565198765746312
-0.0053715650294180435,-0.007101598460890576,0.003995863803065423,-0.0064205246708848715,0.3234889802817948,-2.202883572467354,0.7068316012402516,2.9980536510619906
-0.005647310487838442,-0.00630369483381196,0.004603787795169483,-0.0054492162380851425,0.17070499991236943,-2.161394992204435,0.05617264199356876,2.842065085138101
-0.005575389456912404,-0.0063179470606757535,0.004505417212526006,-0.0054490887029875895,0.17364568574022582,-2.131023155796913,0.09840582147990433,2.7917438699471964
-0.0056634459980826795,-0.00623012209651805,0.0046316053763394835,-0.005353653221732395,0.15815761191552033,-2.1405165065861596,0.013068364211963307,2.805272006292744
-0.0056889518544556966,-0.006149755786026385,0.004670142166937271,-0.005251270727660536,0.14474823258893385,-2.120290937361176,-0.035713458304816675,2.7701923112473303
0.007791527600336362,-0.0036244614650740546,-0.006075754599831124,-0.0018460175522800688,-0.012203892352403255,-1.0105470454464112,1.0998168622821058,1.2808498281898062
0.007988789543620905,-0.0035123767711777018,-0.006150405162717586,-0.0016497016235592983,-0.004670278094015444,-0.9034802088127789,1.132893222570097,1.15446866470233
0.008572889234131595,-0.0031001469516409932,-0.006246133730834287,-0.0010481645696664677,0.02769167669402738,-0.5608472860835975,1.1303815442937288,0.7446344753248472
0.008709690394815969,-0.0028967981720101695,-0.006194694610379759,-8.759735915025846E-4,0.034606215825096764,-0.4727558086657487,1.0668309346330398,0.6269600733326522
0.008665730306038356,-0.0026572758020380494,-0.0060596292087374435,-8.092611252076138E-4,0.03434402084312249,-0.4755313902798474,0.9523674963301455,0.6055510152728069
0.008147859972739169,-0.0033274592053118154,-0.00614891586277811,-0.0014365658371658988,0.006135972156736973,-0.7989692689200828,1.1111488711491182,1.0207347873406658
0.00833007064291409,-0.0031398483742729973,-0.006149936793216077,-0.0012206045780807264,0.015505596768369028,-0.6842095502807931,1.0859842906986614,0.8748594363710127
0.009454592782471833,-0.0016363926395889664,-0.005857605969971132,-1.9359321708902497E-4,0.06068941826594187,-0.08902180315463765,0.5991670864104518,0.12908204410744265
0.009003322564220085,-0.0023233582014719903,-0.006019607979816295,-5.228982381217259E-4,0.048318220041788075,-0.29864681866726167,0.8547943534444856,0.39053868247200124
0.009201520078118374,-0.001999968808800879,-0.005937893324666414,-3.5405645705442816E-4,0.0541736484582353,-0.20069054951491674,0.7351353501071775,0.2653212954423639
0.008712079098628287,-0.002374786463761856,-0.005951792177506792,-6.829214755314715E-4,0.035021272319968454,-0.43481572186324735,0.8403973466364988,0.5334268375469202
0.00845548716603357,0.0021820079191528143,-0.005783179948508007,7.277890321309249E-4,0.027877161995610383,-0.5322216064050526,-0.7268748379106139,0.622538378395375
0.008521540049968033,0.0018224884436460578,-0.005689297448608749,5.705560712979016E-4,0.02985232771148105,-0.4819127584384317,-0.6033549025791657,0.5463187918879218
0.009772957880983302,-8.032529774335145E-4,-0.005697958959306774,-3.722139156758152E-5,0.06447317071672844,0.03075870250835919,0.28712836216412657,-0.021824817964204275
0.009321189995025675,-0.001155080767041937,-0.005716039515178916,-1.6568686591907097E-4,0.05272819936362196,-0.1466480590071965,0.4103948714073669,0.1671659984944642
0.009313720145733694,0.001075192819469719,-0.005698922886493257,1.5549115760159815E-4,0.051279849834059095,-0.14967914091881915,-0.3811399982757758,0.16631191897014877
0.008978892310521373,0.0013688863390965075,-0.00569881922640353,2.9584199995234746E-4,0.04303366134054168,-0.2847262988579351,-0.47574859246977946,0.3181800967461454
0.00862084220377108,0.0014501525720856479,-0.005621704223361602,4.172444359527723E-4,0.032724987424006174,-0.4250719055532542,-0.4803749685168773,0.4683919758282497
0.009174432084807577,6.768428476056278E-4,-0.005614437804464411,1.1597181187091147E-4,0.04684483690661459,-0.20172655463158268,-0.23484685008014847,0.21196247082429404
0.009357707647489518,2.5094539090650674E-4,-0.00560765069225249,3.320073331247003E-5,0.05005384204540029,-0.13224117847186626,-0.08766338017771234,0.13367818833912726
0.009564101165707958,-2.4520547139439777E-4,-0.005630320475187343,-2.2017701302435144E-5,0.05638275272886157,-0.05458677037708753,0.08643848784145912,0.0552704676603536
0.0071671082741036375,-0.004461025592457135,-0.005982641279067428,-0.0029095928321653066,-0.040477549705196104,-1.4650964041769763,1.0636724386788827,1.8888617546076267
0.007211255492289082,-0.004331987222716493,-0.0059603383551888765,-0.0027611753509939187,-0.037135520143528916,-1.4085242741862665,1.052759798456486,1.8052201040179783
0.007259377848675144,-0.0041855731056163895,-0.005932053621378268,-0.002599626280953442,-0.033099904329538715,-1.3471455686090321,1.0369900186374938,1.714316693379663
0.007322194729033178,-0.004037322775266859,-0.005914876257349057,-0.0024350038517649453,-0.02887170077027754,-1.2834265123322997,1.0258956820750689,1.6231326038328404
0.007407182354682049,-0.0038748343197573102,-0.005907314946798539,-0.0022531297002686052,-0.02410801023010038,-1.2110551476593734,1.0173007806355734,1.5224461056323193
0.007033433274221606,-0.00448242785849023,-0.005858876592080027,-0.0029949434595291946,-0.03639823543066611,-1.504669636577576,0.9876027041813923,1.9260413478470182
0.006939757378219129,-0.004516069254978462,-0.005779047195894489,-0.003070346341684094,-0.032914310109538256,-1.535769187834332,0.9387989214434427,1.9593790022123834
0.007501576974952298,-0.003710880947608485,-0.005903235362121882,-0.0020723894274579237,-0.018541964879596504,-1.1374113380225606,1.0077692284796729,1.4215825875152843
0.0076169387291719,-0.003548811760274086,-0.005911719099299805,-0.0018895108478611188,-0.012811895812090498,-1.0590829873378629,1.0021494484417277,1.3177196524297623
0.005963246780186664,-0.00613374009812495,-0.005049936677207624,-0.005277637783968808,0.13003032760666652,-2.231289677738659,0.21217084360541597,2.9655178510736024
0.0059120808004544355,-0.0061707225793902875,-0.004978003431119219,-0.005322240915124932,0.13931230078084925,-2.2278637675606414,0.16194082341588611,2.957452811554599
0.005854349425954818,-0.00620514006047102,-0.00489617780190063,-0.005360378297488689,0.1478733541725068,-2.2183477068824637,0.10906256284691813,2.939579009113476
0.0057966423828259665,-0.006236422734068736,-0.004814301067976063,-0.005392342557410368,0.15556042670896783,-2.2056919710632736,0.05899653951823491,2.9173551166699343
0.005685496020490753,-0.006521093471247366,-0.0046284792716341965,-0.005763595669810376,0.21265433078708704,-2.266237895279031,-0.15599077251972002,3.030022001828541
0.005692352732268781,-0.006451962891887289,-0.004648941160552068,-0.0056677687017196885,0.19763898972643532,-2.2431970579129286,-0.11121448714093692,2.9868100908165425
0.005737787453733864,-0.006272651165194758,-0.004730511955443919,-0.005429327783190542,0.16373202118687835,-2.193123972667397,0.007489295965025607,2.8959636338656094
0.005665478144342822,-0.006378606360024138,-0.004620730564702496,-0.00555701359464337,0.18419220484100093,-2.199362834037238,-0.0853045538034767,2.90910274655273
0.005688898521009945,-0.00630843923670742,-0.00466029565782291,-0.005466570410518975,0.1710286696168262,-2.183739029195728,-0.03693824747241958,2.880624850013353
0.005953037058876731,-0.005975054283066041,-0.005025038131083994,-0.005053452290649039,0.1062475122433081,-2.148763968933538,0.26009752816358106,2.824892128557638
0.005951160450616746,-0.006051617029613886,-0.005028136118520421,-0.005159576737184263,0.11811535018779955,-2.1852238785470934,0.23336607858602856,2.886240386681344
0.006014773944043008,-0.005798152443349468,-0.005089066178950027,-0.004816906361297577,0.07934965797862668,-2.0825500967100505,0.3495213763837366,2.7193356419018873
0.0059142432805767125,-0.005898338670662584,-0.004965779699315865,-0.004945830932975328,0.0983890228665787,-2.098619032830509,0.25759253113821884,2.7397667674983155
0.005948417804700259,-0.005824972567535372,-0.005004033222027315,-0.004850065650664569,0.08691862833512243,-2.075573771721804,0.29927909230612737,2.703777946984624
0.006107714303174127,-0.005687398263946557,-0.005194851643099058,-0.00466938767179067,0.06059925690205991,-2.0529807371147726,0.4359790340860214,2.6779162037532553
0.006029231877823914,-0.005705323251367853,-0.005094413022937571,-0.004694055924508423,0.06845192863572629,-2.042196752083726,0.3789650487138909,2.654456062209357
0.006201612623526025,-0.005574905699314791,-0.005295082790158369,-0.004516054881100246,0.04252612331819194,-2.0168895781587497,0.51834244570131,2.628319943087987
0.006132689136143319,-0.005619588651748453,-0.005214590843698579,-0.004579061697186072,0.05199533410465308,-2.025288092235649,0.4641979232853505,2.6351539255033245
0.006215304472363441,-0.005479097905750204,-0.005289828884744494,-0.004390894157467265,0.03434705396894578,-1.9727857086160447,0.5375368309198915,2.5581055078665753
0.006875879250980768,-0.004630324012640941,-0.005763519150719339,-0.003215908573716209,-0.03269956482418685,-1.5900295115538015,0.9234223453194474,2.0350814618995092
0.006793433841875099,-0.0047345357592818585,-0.005720243499689282,-0.0033600722762705195,-0.029007269885088286,-1.6427150429888873,0.8904505079683914,2.106154548142944
0.006683761693592837,-0.0047423147904614125,-0.005603742082324339,-0.0034073312150882475,-0.022975928610288337,-1.6579107278217207,0.8222563929125074,2.1141332449427472
0.006417003549936551,-0.005206886093051992,-0.005464210825406463,-0.004018396944836543,0.003129619857843102,-1.8644082378792501,0.6859579154568849,2.4075973905358627
0.006509130331555642,-0.005133657524057057,-0.005550954079887801,-0.003908318069889207,-0.0065344140696634604,-1.832881490161378,0.7469350322030249,2.3693687019518896
0.006526763251800492,-0.0050141866030934575,-0.005529140588038012,-0.0037620306946472737,-0.01055512149982861,-1.7795753860226882,0.7505898174463742,2.2862141327310863
0.006546274233489469,-0.00488718397354708,-0.005505833683623076,-0.003610854123259344,-0.013644738427532032,-1.7254205287477777,0.7528198770904152,2.2021154824517413
0.006574566674941667,-0.004760849024325668,-0.005491445014877729,-0.0034623123745026823,-0.015769889459789993,-1.6734300356601144,0.7574559230289787,2.1240843847889397
0.006320004208172684,-0.005275033884626873,-0.005366454405049595,-0.004120456864923182,0.01388773048161812,-1.889636549966115,0.6200768515256955,2.4362153183179753
0.0062534234740851714,-0.005371726851393616,-0.005310735823749622,-0.004250576059348484,0.02394818163441631,-1.9274102229990093,0.5715667533947527,2.489026509061714
0.008008313692821645,0.002656891268257829,-0.005760331958279123,0.0011397043946968603,0.012590758937676022,-0.7564994235174863,-0.8144605758530076,0.8988619888366883
0.007649282857446394,0.0028284775388982843,-0.005623580298313196,0.0013953679260170525,0.0031048088456689204,-0.9075281122027602,-0.7800558260651939,1.075783276528033
0.008060376260706418,0.002279251244131757,-0.005646923405337972,9.294216004553433E-4,0.016911761951176548,-0.6912443194404939,-0.6950715082003015,0.8001974040897263
0.006745484392698399,0.003160746629782304,-0.005112869180488213,0.0019546612290398655,-0.0016921900302946861,-1.1935865972847355,-0.5934995845744636,1.413346554830632
0.007269095352686866,0.0029322230765282025,-0.005416755503148802,0.0016138150116978551,-8.912762462510664E-4,-1.0361932894619768,-0.7020410930256267,1.2240721453829992
0.006959638686502609,0.002953723875675259,-0.005209068638310662,0.0017359703282718987,-0.0011229344059041628,-1.1122760701318657,-0.6172230670800215,1.309348964939503
0.005899269794491436,0.0037720977847047047,-0.004568983545176456,0.0026591159433907827,0.012005640137878705,-1.4055934478580179,-0.40017482406811616,1.681633385729847
0.005082455998937161,0.00441433643708659,-0.003923334302761546,0.00332237565515662,0.04369858231178079,-1.503483746003522,-0.16656665871632612,1.806319425155612
0.0048803436480465996,0.004583735586610677,-0.00374828587661509,0.003481972726027533,0.0520728765541003,-1.5117045520505346,-0.10676036584210714,1.8164934776758734
0.004552679115609736,0.004828673843476512,-0.003453411662936562,0.0036996286211615366,0.06506046913620644,-1.5064722797813064,-0.016172968902069273,1.808551311411889
0.004655610024384436,0.0046682427452664895,-0.0035453888887884465,0.003556858344676573,0.05811431076861956,-1.4977399224485899,-0.054164817924632,1.7958719131812242
0.005475316067605281,0.0042240907251940955,-0.0042644826170900275,0.003122187125052486,0.02867870802819048,-1.4954675144367506,-0.2788283830202815,1.8000933404114667
0.005555080818399465,0.003998480576967207,-0.004304301168459281,0.0029088743925550155,0.02291504598535748,-1.4516734668399438,-0.30478289634308053,1.7388118883106445
0.005702945222478758,0.003821613236391703,-0.004406757570069475,0.0027332084094883868,0.01758654731909825,-1.417279275999538,-0.34463759092881335,1.693981491918557
0.005218365107154464,0.004223129187384496,-0.00402961246259213,0.0031413359108371504,0.03517177241005756,-1.479056296736145,-0.21123970304753684,1.7730393305509917
0.004991395361571452,0.00420707271015681,-0.003824255053004404,0.0031383225114057036,0.04081205501755502,-1.46009934691361,-0.16088738888387064,1.7437201355214307
0.004115466778957476,0.005048366217652336,-0.0030543013156892128,0.0038673994068320187,0.07460988380021845,-1.4662015689003807,0.07604679065103558,1.7521235580910346
0.004250594024853296,0.004826296385992236,-0.0031819103148420665,0.00368115010565151,0.06729038335222483,-1.463383201066886,0.027703213140523344,1.7477989834007424
0.0062775040989930505,0.0035280310816027255,-0.0048380306587976025,0.0023737019669071986,0.003017462165832842,-1.3317032360066232,-0.49915647406740776,1.5886220798511923
0.006453749065918177,0.0033046573081457298,-0.004925553205562969,0.0021480678909362627,4.2625821717751864E-4,-1.2655344591727842,-0.5272498163424154,1.5010316373127928
0.006001625369326651,0.003531226880006728,-0.004607983303022094,0.0024344196259496165,0.008724762220301845,-1.3509863268515814,-0.41644600445788077,1.6068763860547148
0.0038172272146790157,0.005406778509210369,-0.0027653287746061098,0.004148185909645461,0.08415627841259556,-1.444706663139726,0.16428076909264533,1.7255396242089827
0.0038315544039237773,0.00511442303383368,-0.0028029672565481572,0.0038978445405153223,0.07565503183754525,-1.428198926242459,0.1123350047835505,1.7000315121366005
0.003556114228963006,0.0055235067635196694,-0.0025292878617862087,0.004211083214520132,0.0837664405164521,-1.4049833011763628,0.19860523265837762,1.6714466983474592
0.0032977520912661836,0.005680607161374678,-0.0022950483523574393,0.004301044165693733,0.0825355220944027,-1.3640657998519428,0.23287230753810625,1.6169401453609848
0.004931590826540145,-0.00919276578689745,-0.0012830292069718845,-0.00806618698616911,0.3816600399275701,-0.8433906426207757,-2.340671060560107,1.6312690361362214
0.004933490648078292,-0.009174353098842713,-0.0013117264548570494,-0.008059795366431326,0.3852130605215403,-0.8618347933231884,-2.333501179376676,1.6513480327262566
0.004946711337062371,-0.00976112777165942,-3.900525339129857E-4,-0.00825397352187246,0.25726697863227727,-0.2581224977860354,-2.5362567750287774,1.024832803641228
0.004945804233044872,-0.009794566150826666,-3.355211876368461E-4,-0.008257160139749862,0.24720807774405903,-0.22338875762177,-2.5410119988574205,0.9873469312445086
0.004945416368560025,-0.009778012532511832,-3.6241778402244275E-4,-0.00825467762347227,0.25195603122459825,-0.240683409651802,-2.5380091059489533,1.0055708757429718
0.004933347342524891,-0.009704979127985347,-4.7896999347127697E-4,-0.008229690053063609,0.26922233088816044,-0.3181555504658849,-2.514267423768024,1.0815940218598206
0.004933763085045958,-0.00972223350480827,-4.511835947666948E-4,-0.008233006618562187,0.2645022360938536,-0.30016997289267766,-2.5180373742599076,1.062708518688946
0.004936933260157584,-0.009736675664827181,-4.2831957170219706E-4,-0.008238964401053704,0.2614270539586913,-0.2847855421100822,-2.5234937790888803,1.0480335752605947
0.0049321314132869075,-0.009751088193720567,-4.0429840321061413E-4,-0.008235438775828495,0.25587967404151035,-0.2703524032845475,-2.5220355827092096,1.0301574951011536
0.004936928711912552,-0.009452873163165966,-8.826144840068201E-4,-0.00817313908745527,0.3339911200218851,-0.5794627630603029,-2.450442183297844,1.3597842440624293
0.004922299095522421,-0.009438662816982472,-9.003216600150764E-4,-0.00815155191984557,0.3318757182206575,-0.5943896263958203,-2.432654955063638,1.3672024946127477
0.0049290312555198505,-0.009214750283656354,-0.0012485597957116541,-0.00807322557699733,0.3771501197266671,-0.8212926573773068,-2.348724283566437,1.6070118556896564
0.0049431645863222224,-0.00937614888191466,-0.0010053253924310701,-0.008154709055357702,0.3527977174199482,-0.6584223910643668,-2.428950558314933,1.4460988728752329
0.004935274129728927,-0.00939224707414965,-9.773451536626376E-4,-0.008151167649617111,0.3464788694027601,-0.6418836809914286,-2.427820159751183,1.4242665952835363
0.0049228675216335255,-0.00940887496461184,-9.471015214619175E-4,-0.008142403848182704,0.33851780853606367,-0.6248741216974572,-2.4227755591645597,1.3994368202297685
0.004913863172041091,-0.009424847595980777,-9.191826422059086E-4,-0.00813725090724391,0.3317744603293398,-0.6085964368292804,-2.420445334730798,1.377375865033914
0.0049319750428865,-0.009364318557779801,-0.0010197617217302724,-0.008137385755143616,0.3510344470670028,-0.6704484181500051,-2.4144775627477935,1.4522410572546633
0.0049324575259260635,-0.009348733902269776,-0.0010441777475936357,-0.00813221032807328,0.35426015841631314,-0.6863526614508563,-2.4089147572187044,1.4691090742597137
0.004937847041026975,-0.009330582948753167,-0.0010743974989005994,-0.008131629565000837,0.35992213831247294,-0.7049667849760555,-2.406573339876197,1.4916027887334078
0.004933573028673471,-0.009298414702829112,-0.0011224935363170127,-0.008114038626401901,0.3643934227072301,-0.7374977466694047,-2.389615383819741,1.5229600659503186
0.004927027144809323,-0.00931558169559386,-0.0010934268233145103,-0.00811323444303709,0.35861314346692746,-0.7198676448589394,-2.3908703596373146,1.5008806156882177
0.004930482129973956,-0.009254237635310894,-0.0011890495922844428,-0.008092172513980535,0.37111115049033966,-0.7818923044101792,-2.367889700358958,1.5671754819948853
0.004923090389876557,-0.009277681249847684,-0.0011500845564081112,-0.00809343970120336,0.36413400017085856,-0.757912764170892,-2.371528383631183,1.5380850249663862
0.004915847173036516,-0.00923593518466493,-0.00121060472219182,-0.008067369255865665,0.36857967465224656,-0.7991623292053047,-2.346727561676039,1.576556625152205
0.004939403832168279,-0.009596594767309102,-6.545571848922347E-4,-0.008215139247659724,0.30014012216289804,-0.4303481490630751,-2.4947470379226373,1.203831429080582
0.004928654438163199,-0.009613609996781477,-6.24873767145108E-4,-0.00820637882723546,0.29223343063199825,-0.41351109475820086,-2.4896535372623103,1.1801724724383311
0.004917209162600045,-0.009694275877294996,-4.934104930231311E-4,-0.008208946058774562,0.2672397618853802,-0.3309269517976821,-2.4981917380089933,1.0865936379315448
0.004916679674653853,-0.009679286436424277,-5.173310319291671E-4,-0.00820564280362386,0.2711144614751422,-0.34649242339931524,-2.4945438783724234,1.1028074309323017
0.004917307816530354,-0.009663011688463908,-5.434947431278116E-4,-0.008203317567466483,0.2756572604700764,-0.3632773805240896,-2.4914941331759977,1.120916411147011
0.004919370390534824,-0.009646412931935303,-5.704464846554781E-4,-0.008202452812984047,0.2806927269839086,-0.3802785537554418,-2.489481321363865,1.1400128850994722
0.004923072403686335,-0.009630011110840667,-5.97435454374077E-4,-0.00820339062712122,0.2861627485116522,-0.39695598042950136,-2.488808696959209,1.1596457210516251
0.004921803053674618,-0.009583354856557475,-6.715809355136767E-4,-0.008191415212552814,0.29770612529614476,-0.4453461768216724,-2.475926286903982,1.2101111775023579
0.004908870754534443,-0.009572273003938009,-6.860500557644753E-4,-0.008173649276555787,0.29618873751769215,-0.45757820208298305,-2.461692519386574,1.2160230201755995
0.004938495575683926,-0.009485184905738693,-8.319852298539265E-4,-0.008184795770428918,0.3271824193217416,-0.5460310549555442,-2.46225986486828,1.325494895202909
0.004931597249306576,-0.00946837688707741,-8.565042099915002E-4,-0.008171690635691722,0.3285303224883588,-0.5636085801669521,-2.4507805188199545,1.3401257825942121
0.004926134986667515,-0.009501959846855578,-8.018474591694546E-4,-0.008175196284514128,0.31891007053331655,-0.5291756096755834,-2.4565166821181528,1.3008553597416512
0.004908967060777209,-0.009557767820209532,-7.090140902479086E-4,-0.008170158561179823,0.29976293920153324,-0.47249396717794134,-2.4577916051617343,1.2317914007692743
0.004911890097981302,-0.00953971648306767,-7.382852227526437E-4,-0.008168911605783967,0.3050921978212469,-0.49090855680638074,-2.4552323169160766,1.2527664246754868
0.004916881396312423,-0.009521040327206286,-7.6911665263252E-4,-0.008169720256807225,0.3112256843052,-0.5098962024395391,-2.454138131265044,1.275473668852964
0.004944698209881968,-0.009825485667966555,-2.850293744219782E-4,-0.008259222610691003,0.2376722300528478,-0.1913227925937738,-2.5447345873339002,0.9525873955632614
0.004933306499033828,-0.009802770915323772,-3.2074619917675154E-4,-0.008243417685230545,0.2412652956871474,-0.2164876311436638,-2.5316999125709145,0.973467121138887
0.004930167785772895,-0.009816410263292384,-2.982896892368406E-4,-0.008241221473124801,0.23636696024569445,-0.20273541959786837,-2.5311356120850927,0.9572024896437287
0.004944957016231495,-0.00985759686288857,-2.326856812712937E-4,-0.008262443408193815,0.22802255010475184,-0.15786758244447283,-2.5493340298469893,0.9170485058617212
0.004943715011357539,-0.009841835542978952,-2.582856101796679E-4,-0.00825962465684779,0.23247013720445178,-0.17444103072289605,-2.5461957042323164,0.9340773762088811
0.0049321592582177495,-0.009866165781176033,-2.177191942896863E-4,-0.00824808431948848,0.22203495201838774,-0.15080484486359483,-2.5397020746892447,0.9029385455646356
0.00492937510797304,-0.009879724797083173,-1.9549185171731384E-4,-0.008245805776080141,0.21718780844450106,-0.13714273902593885,-2.539065540969055,0.8869655416968506
0.004926542929533667,-0.0098954220981744,-1.6982650853538346E-4,-0.008243498229645005,0.2116852927675372,-0.12128873843954002,-2.5385652837426593,0.8686458173234718
0.004956571570563156,-0.00997632233952562,-3.8868714309330775E-5,-0.008281781478540732,0.19355552375158405,-0.032656103516966434,-2.571152851121734,0.7892994035367065
0.004956671219391271,-0.009992301257536381,-1.2634517765694198E-5,-0.008282046963444938,0.18841756886445907,-0.016043028376813023,-2.5724022423706754,0.7716009596278824
0.0049246067531391905,-0.009943707686129292,-9.13670882147069E-5,-0.008243468166982149,0.1963713945481176,-0.07159440540550265,-2.5420177702724307,0.8147591817144958
0.004924577309952515,-0.009927713855963327,-1.1732281209639882E-4,-0.00824283898462408,0.20130159980385207,-0.08814827713415525,-2.5404276226686373,0.8323693659851706
0.004925099766645587,-0.009911581845256095,-1.4352359574857783E-4,-0.008242703807387992,0.20638473452115916,-0.10476741262261614,-2.5391708259229446,0.8503263051581377
0.0049408705636960525,-0.009968165234498207,-5.1968462006783126E-5,-0.008263177975855402,0.19257646015318022,-0.043648679322249535,-2.5575873810021172,0.7931362230772202
0.004924698592124621,-0.009959639729279962,-6.550727063215043E-5,-0.008244023441857084,0.19144876838732186,-0.055100597456096835,-2.543544930641176,0.7972431581785259
0.004972394851189742,-0.010079206469140114,1.3072942785223322E-4,-0.008298796671691257,0.16367888090664848,0.07752430643016488,-2.5896338055023516,0.6796971060935753
0.004972174145252997,-0.01006345581390908,1.0473199507359181E-4,-0.008299173503805242,0.16898519391410483,0.06114866847567595,-2.588895501146759,0.6970988927235747
0.004971900057325184,-0.010047682227456702,7.869348083896492E-5,-0.008299347180416727,0.17423781928905946,0.044738723826861775,-2.5880152142661963,0.7145166961328234
0.004971686614322558,-0.010031847845916464,5.255745459682673E-5,-0.008299451081564624,0.17942847252682484,0.02826938465034189,-2.5870818965245364,0.7320302616810271
0.004960307545414028,-0.010166270822596421,2.730983104528599E-4,-0.008278525618765476,0.13159185603158316,0.16474151297221484,-2.5813591275675285,0.580395606094001
0.004959724816344412,-0.010150689288690564,2.474975105871404E-4,-0.008279242623246376,0.13671364648429696,0.1485401511179467,-2.5808369821199633,0.5973920741242927
0.0049578382375360655,-0.010087528970424522,1.437436825508172E-4,-0.008281286627965354,0.15743172885045517,0.0828830817208066,-2.5781382291475072,0.6665266479404516
0.004959028591115904,-0.010135165291226607,2.219805702466135E-4,-0.008279682428788668,0.14177746857384368,0.13236651043720835,-2.5801285753865115,0.6143037007761823
0.004958204740404765,-0.010119446316962964,1.9613676467121607E-4,-0.008279847303984315,0.14686086294639997,0.11595911215963507,-2.5792208257087634,0.6314020672283048
0.004957784629050706,-0.010103463143314994,1.6988873017543808E-4,-0.008280361844160684,0.1521133479376514,0.09935357905116265,-2.578537319945793,0.6489157497130958
0.0049566987763834626,-0.010024248770555237,3.981999824639425E-5,-0.008281939443557776,0.17801887305580855,0.017111297775718234,-2.574439864259808,0.7361950641784146
0.0049566958743627685,-0.010008254688964222,1.355971195415322E-5,-0.008282078533840049,0.18324502900341086,5.208495556792669E-4,-2.5734817635571705,0.7539171121328724
0.004960861986014451,-0.010181980625833476,2.989018818852771E-4,-0.008277622821705717,0.12640713336801992,0.18106152712121285,-2.581760277137919,0.5632594021534844
0.004961785528202174,-0.010245269230353246,4.02592585395738E-4,-0.008271022301220026,0.10513928677640468,0.24644265474173502,-2.5813601292641533,0.4940138456533834
0.004961157183724367,-0.010229259971113106,3.763343895618627E-4,-0.0082724430252588,0.11045761562726826,0.2298297543627502,-2.5812895509335227,0.5114077091029839
0.004960862002134144,-0.010213353893411855,3.5027683564958816E-4,-0.008274097141520304,0.11579693344970134,0.21339012905162616,-2.581386674080285,0.5287853274153967
0.004960966422462893,-0.010197652539755329,3.2458572795320256E-4,-0.0082760543673156,0.12113292878350797,0.1972382771175818,-2.5817042238970758,0.5460572216187752
0.005012990289881582,-0.010645837518513543,0.0010656534023725866,-0.008229267685712678,-0.02472487384893732,0.6700985049891792,-2.579617584376099,0.0689705881489076
0.0050219492041886265,-0.010708385783957336,0.0011690112857478127,-0.008215499348024844,-0.04483443666787724,0.7365461695084347,-2.5747289283966186,0.0030683736345398648
0.00501970542104558,-0.010692796105119877,0.001143272654670998,-0.00821913240183906,-0.03972085181177732,0.7199590834678595,-2.576079988250642,0.01950201407259686
0.005017344192476966,-0.0106772040482384,0.0011174651075850136,-0.008222486724160793,-0.034662957923333966,0.7033674096700661,-2.577243930491728,0.03590161048230101
0.0050150775910750844,-0.01066154441516274,0.0010915712447619353,-0.00822583485144913,-0.029691059280728394,0.6867388610156752,-2.5784019337617523,0.05238873765774373
0.004981722091150282,-0.010315825967764192,5.212691190937843E-4,-0.008283185818140429,0.08445484350167726,0.32376429399083845,-2.594003948108544,0.42140343275103337
0.004986077354354911,-0.010378645684200207,6.249467153149301E-4,-0.00827587622293065,0.06328336502613273,0.3893367015033821,-2.59310130810606,0.3537074481780622
0.004984939304941467,-0.010362991617305051,5.991156142641699E-4,-0.008277847628315071,0.068623574865833,0.37297858882510737,-2.593420081316681,0.3705578687757658
0.004982684143045128,-0.010331573083754377,5.472475706223773E-4,-0.008281413702013076,0.07913076761297393,0.340179116430188,-2.5938123516538116,0.4043882756152401
0.004983746216262841,-0.010347309721002012,5.732176241681218E-4,-0.008279619388704723,0.07389189837778719,0.35659442977086325,-2.593607991507415,0.3874230965755155
0.004972012799128894,-0.010387491844111193,6.362935624058659E-4,-0.008257421009310985,0.05833352699108963,0.3948827454538004,-2.5814156240791952,0.34103335510753174
0.004972712351164692,-0.01040323524924308,6.6201543642034E-4,-0.00825469365112119,0.05307174721807326,0.4111938523297171,-2.5806110656363574,0.32404428813091163
0.00496264343878833,-0.010261318722067796,4.2894107228372145E-4,-0.008269719312863764,0.09983864294136131,0.26314407378901367,-2.5815159145407947,0.4766431825390525
0.0049637363451974816,-0.010277393202422111,4.55360974584396E-4,-0.00826854167495381,0.09455638918829151,0.2799197366713269,-2.5817603483268576,0.45931288245476803
0.004966684689254257,-0.010309055727049389,5.075284722754226E-4,-0.008266723394489922,0.08426662928107241,0.3131336759238843,-2.582584419763118,0.4253902033342572
0.004965217618430536,-0.010293330897522336,4.81618957285479E-4,-0.008267695353853972,0.0893769774006191,0.2966379263007986,-2.5822207936115436,0.4422352444834275
0.004998743527013915,-0.01052048333442667,8.589796773684306E-4,-0.008254363600177964,0.016234929853290368,0.5379546216030623,-2.587952045338757,0.202004793761933
0.005005803322117395,-0.010583117333874993,9.623729934901453E-4,-0.008242893157096845,-0.004402070400787563,0.6038981138342835,-2.584471105839803,0.13551250037179094
0.005003980976828364,-0.01056749229290519,9.365831786014737E-4,-0.008245895653085153,8.160633268667869E-4,0.5874226304997919,-2.5854279467181702,0.15208713294039233
0.005002106847215615,-0.01055184664451251,9.107282731895639E-4,-0.00824870264300605,0.005962689433405159,0.5709317228276062,-2.5862558075977353,0.16866607846972628
0.00500037121727025,-0.01053616205224842,8.848403299958645E-4,-0.008251541688268742,0.01107112628174481,0.5544317769775765,-2.587107521943721,0.18532163470617077
0.004992189341873199,-0.01059267159773103,9.731438128787227E-4,-0.008223692071605448,-0.008648269351538986,0.610009178491053,-2.57239418347573,0.12263296315917903
0.0049935640739734955,-0.010608333550750167,9.986734502825392E-4,-0.008219923086435675,-0.013713956127170418,0.6263898396286081,-2.5709290466748818,0.10597065844706834
0.00499508613132546,-0.010624094454041813,0.001024385110935996,-0.008216149873442656,-0.018790594798651528,0.6429077110204493,-2.56946809677477,0.08923850594089905
0.004996855862603006,-0.01063989218650554,0.0010502187528751833,-0.008212510380660705,-0.023848794338778404,0.6595274177442736,-2.5681011132018963,0.07252118014781495
0.004977082641139471,-0.010451124431928263,7.406945024791245E-4,-0.008248161360178292,0.037349190977005294,0.461316501584728,-2.5793611760175885,0.2729312680861548
0.004975278692549018,-0.010435289573800695,7.146001976624507E-4,-0.008250045590041014,0.04249218375013322,0.4446570250430342,-2.5795846882445033,0.28974722665315494
0.004973713297081812,-0.01041924127797078,6.882126088067403E-4,-0.008252116463527382,0.047752716188965864,0.4278385597263789,-2.579925169232402,0.3068509440615737
0.004978537660157888,-0.01046686204590064,7.665319356107107E-4,-0.008245747931135848,0.03220010014002544,0.477796297590445,-2.578782353451512,0.25614659959812186
0.0049633539246421885,-0.010460412142213315,7.521134276481568E-4,-0.00822962758828548,0.033143922168860196,0.46788103136488973,-2.567580276754612,0.2596643703961254
0.004983321580418777,-0.01051442409322795,8.446397328784706E-4,-0.00823804114447555,0.01667495299524066,0.5276844807610673,-2.576763353851879,0.20554886652365445
0.004979794416978181,-0.010482765672565323,7.925687875545638E-4,-0.008242913057246419,0.026969742548797995,0.4943964293318979,-2.577933857151574,0.2391468466682782
0.0049814240356956885,-0.010498709433330691,8.187568378079238E-4,-0.008240359377914785,0.021763016602836468,0.511124641664762,-2.577275993157499,0.22219260380936534
0.005041444779667237,-0.010833491534454724,0.0013753996326321882,-0.008182937588192342,-0.08389547938794921,0.8702018699756859,-2.561728299995226,-0.12841267103595513
0.005026172410130679,-0.01073978810033832,0.0012206610673821219,-0.00820740450563813,-0.054773724431488695,0.7699257293086924,-2.5714891329098286,-0.03009533773224393
0.0050284771822326066,-0.0107555714997915,0.0012466601598800989,-0.008203331793653157,-0.05962597258057454,0.7867408481469357,-2.569866574153735,-0.04671142775901376
0.005038772891907166,-0.010818023799333575,0.001349841574133642,-0.008187156425453453,-0.07906780220305858,0.8535911505586785,-2.563453666198893,-0.11220588801668259
0.005036125720535308,-0.01080251101346847,0.0013242023534844926,-0.008191283635707954,-0.07423891264371844,0.8369528075839884,-2.5651162660111257,-0.09595177730223185
0.005033529540331069,-0.010786939634935745,0.0012984732589862628,-0.008195355212616101,-0.0693781331190005,0.8202741808979656,-2.5667396351430827,-0.07962699415377429
0.005030963292590204,-0.010771300525148998,0.0012726301542786607,-0.008199349084633432,-0.06449462847671959,0.8035412940870362,-2.568307824241918,-0.06322575524886907
0.005008527575150928,-0.010718231685419357,0.0011791432817753135,-0.008195715786198434,-0.048568784184109544,0.7427655036615747,-2.5622284998458347,-0.009794876760676863
0.005010291513726874,-0.010734012143882261,0.0012048091723593864,-0.00819120864611969,-0.05352084727088358,0.7593886423653896,-2.5602939694622475,-0.02647908610067243
0.005082906554434936,-0.011050567588879193,0.0017333735462986561,-0.008113373538554213,-0.14790179694857397,1.105567361592395,-2.530520898881256,-0.3555379539684264
0.0050761563497555015,-0.011019730732765328,0.0016823788670657124,-0.00812396886429534,-0.1391414309787101,1.0717861651428537,-2.5354383585649454,-0.323381074061917
0.005079472866986247,-0.011035170130190489,0.0017078872659362788,-0.008118662164707005,-0.14352004927638237,1.0886774327214475,-2.5329738975862788,-0.3394886119989801
0.00506047860061684,-0.010942136521871001,0.001554320581406853,-0.008149628661538415,-0.11675843346735824,0.9873039972955407,-2.54712026730456,-0.24232863639228866
0.00507293317867722,-0.011004288335472614,0.001656891357452936,-0.00812924310897425,-0.134675398786009,1.0549210597720313,-2.5378798028922103,-0.3072558125140587
0.005063347297115185,-0.010957744827861484,0.001579976593460931,-0.008144424163834312,-0.12121211305241907,1.0042080424367048,-2.5447351062468413,-0.25867761252803007
0.005069670701715971,-0.010988849837953335,0.0016313581736879907,-0.008134326428226606,-0.13014410024292314,1.0380629525110905,-2.540185541515507,-0.2911482172878462
0.005066425196701296,-0.010973339052471944,0.0016056974801812553,-0.008139326696210814,-0.1256505240226078,1.0211523413177428,-2.542427931498158,-0.27497034349831145
0.005044067274854907,-0.010848967058236722,0.0014009219683515156,-0.008178516182526826,-0.08870939762206377,0.886824836407167,-2.5598672206979294,-0.14464459224820383
0.005055059632639465,-0.010911060781632481,0.0015033011957979981,-0.008159901475905116,-0.10754649568892762,0.9537363418792113,-2.5518149456333243,-0.20971250572698022
0.005052249212477052,-0.010895573670540512,0.0014777704760910446,-0.00816467851099493,-0.10280744592850279,0.9370052811196398,-2.5539148576303528,-0.193484895213933
0.0050493897054553665,-0.010880056676577918,0.0014521420764033758,-0.008169270484826114,-0.09810748244311106,0.9202557257720451,-2.5558840344622804,-0.1772463786933363
0.0050466663800805625,-0.010864498997917431,0.001426494396751343,-0.008173898488345462,-0.09344116530832187,0.9035101260802066,-2.5578773262447885,-0.16094397150182085
0.00504207875623425,-0.010921440227220131,0.0015124975077584655,-0.008139208140180822,-0.11040507228414857,0.9602074703666509,-2.538477310591604,-0.22263582690796455
0.005044442297782932,-0.010937003253071778,0.0015377173817079468,-0.008133632062781634,-0.11495385487399233,0.9768367919234086,-2.5358067694115523,-0.23896610048942876
0.004972055538300226,-0.009059312228663885,-0.0015039419953963384,-0.008046231202042424,0.41668212901122575,-0.9801429952981183,-2.308177899714558,1.7957113843924366
0.004965973208038487,-0.009040131533389128,-0.0015291855233870633,-0.008028752048923248,0.4163847672474547,-0.997933631340313,-2.2920150257460006,1.8100097497600116
0.004961033739685591,-0.009077023565726398,-0.0014716029693671517,-0.008042940786736076,0.40988244456787637,-0.9611310822409324,-2.3080259264145773,1.7695457147756837
0.0049527848699971585,-0.009095330443548608,-0.0014399363660957537,-0.0080429904234849,0.40417425695528325,-0.9420252181100627,-2.3105018566831634,1.7450297982434264
0.004945352698319305,-0.009113041889807369,-0.0014096401982921375,-0.0080434878173126,0.3987998286504966,-0.9236617415190803,-2.3131887812694956,1.7217661278862144
0.004934754461680634,-0.009154024397095235,-0.001342935893697054,-0.008051553190410524,0.388798167492657,-0.8820775787927041,-2.324621894682341,1.6728650916897838
0.004938007653454196,-0.00913205096455001,-0.0013775007303788896,-0.008044548175317868,0.39318461799505783,-0.9040660664981267,-2.3164495784339487,1.6973175997246626
0.0049863575769405356,-0.008953135046099318,-0.0016691403354834125,-0.008002206625493129,0.4339861831037593,-1.085692421010448,-2.2587427233282042,1.911379041039794
0.004976646782504045,-0.008977222911377203,-0.0016280781270935193,-0.008005317075895689,0.4276074963341489,-1.0606599841225597,-2.2648063751048304,1.8800500437509293
0.004965385673400275,-0.008999104871596856,-0.0015894279758037044,-0.008005044181245674,0.4206475061078863,-1.0375205280806463,-2.2678430284058955,1.8496749438290034
0.0049636111836716965,-0.009019898996613767,-0.0015578072313189696,-0.008014794014222075,0.41773486513957137,-1.0171923810673695,-2.278347096243633,1.828032294600037
0.004947771467337335,-0.009031144007219499,-0.001532419956229393,-0.008002863186476163,0.4099631887400969,-1.0036020733354807,-2.270745701076156,1.8045080446708393
0.004986488891981965,-0.00875639358547248,-0.0019495005864379226,-0.0078735741046254,0.44648705348218426,-1.2668670011491514,-2.1271449052150344,2.090496442073396
0.004973699584194156,-0.008851799841685949,-0.0018071807924324396,-0.007924125171125241,0.4364769957983866,-1.1776093607421523,-2.1825491459954773,1.9947992137504866
0.004975232578585891,-0.008818713220953973,-0.001854876240542018,-0.007903904346352712,0.43898562851701467,-1.2080256677699435,-2.161453346441155,2.025726193064431
0.004979073247266928,-0.008788545172640357,-0.0018996882102248096,-0.007887689685288012,0.4420130740409487,-1.236154161006031,-2.1437669210372348,2.055748442718272
0.004973880924977231,-0.00892897865356603,-0.0016967384592706286,-0.007973229427681578,0.43084388103979254,-1.106022725700307,-2.232669616454416,1.923755966993815
0.004952019337291232,-0.008904742444512741,-0.0017180607425032423,-0.00793337213533156,0.4237113075146178,-1.1236111294847102,-2.198433750027512,1.9275796905736586
0.004962467681328191,-0.008878395490160484,-0.001762166498665207,-0.007928590296579342,0.4299826601524915,-1.1503851974754598,-2.1904457013999217,1.9607101249887047
-0.00502431060322735,-0.010723986925695199,-0.0011947933799388475,-0.008211859628853185,-0.04971168006544436,0.7531477819162005,2.5733734485492996,-0.013321728619835287
-0.005022017638603421,-0.01070836152486108,-0.00116899885762303,-0.008215590705099187,-0.04475236664075157,0.7365214614183145,2.5747804670570744,0.0031264501991390315
-0.005019812139444353,-0.010692694258973881,-0.001143153172683605,-0.008219298019373931,-0.039778052455670905,0.7198771124668567,2.5761733037152124,0.019639481591465568
-0.005013507349095842,-0.010645833072132913,-0.0010658384013794789,-0.008229875475759504,-0.024629422952063194,0.6701885344142351,2.5800232577654203,0.06910534891680109
-0.005015607374879158,-0.010661405657732494,-0.0010915532814836056,-0.008226507880554334,-0.02971828026061724,0.6866946845326014,2.578839719520427,0.052667667804219546
-0.00501768360383342,-0.010677027578052977,-0.0011173179663734123,-0.008222952284690383,-0.0347700913577518,0.7032547330781992,2.577535661653032,0.03617087175008848
-0.004995589848457287,-0.01062451043055767,-0.0010252263648425494,-0.008216595057135173,-0.018912115081319996,0.6434604070493034,2.569785108019477,0.08888439602863359
-0.0049980193240811285,-0.01064005032131818,-0.00105089693454971,-0.008213821507654201,-0.02384806177343544,0.6599921453508953,2.568985019236432,0.07256854482025728
-0.0050387591921646135,-0.010817553102898786,-0.0013491000803719686,-0.00818736229261083,-0.07909821464835497,0.8530832812323325,2.5635560568275864,-0.11170735774656602
-0.005036227064405443,-0.010801985657293865,-0.0013234272961628391,-0.008191645283492597,-0.07423231872338104,0.8363997167315521,2.565323244437327,-0.09535831867648513
-0.005026655136055066,-0.010739572076707907,-0.0012205252622352104,-0.008208062777111823,-0.05468064574475501,0.7697547960021716,2.571923365932044,-0.029718418854335068
-0.00503372286643324,-0.010786386576754008,-0.0012976938621464516,-0.008195832131781976,-0.06937580313154722,0.8197048582976888,2.567024868517396,-0.07897465002008737
-0.005028977864249824,-0.010755156779745869,-0.0012462253253967773,-0.008204098440967157,-0.059632909665145395,0.7863689827672009,2.570362745186031,-0.04612254934151925
-0.005031306674403604,-0.010770765949920798,-0.0012719430595994638,-0.00819998827183808,-0.06452688550167048,0.8030181731067149,2.568707242984203,-0.0625521574977541
-0.005011195274727828,-0.01073387678157005,-0.0012049764840452134,-0.008192328849350368,-0.053463631067186206,0.7594959561639255,2.561025237232738,-0.026175960132631543
-0.005113647187447097,-0.011059979335296835,-0.0017665788800340927,-0.008143786370629144,-0.1512255448886661,1.1269261596304132,2.551883668007013,-0.3640259502051329
-0.0051170019037825145,-0.011075327667428126,-0.0017921352419378084,-0.008138200577187664,-0.15699700114675066,1.1437589650096778,2.5492666865733535,-0.3801589853212586
-0.00510164332467715,-0.01107056382252439,-0.0017752303539924034,-0.008122748615664421,-0.1564963562832136,1.1301056035811443,2.53974222505348,-0.37297490268209993
-0.005082759427831132,-0.010905949863632842,-0.0015098578929247694,-0.008195265889358375,-0.10642537913535895,0.9584343154631955,2.5747621794766933,-0.20240997587154877
-0.005067568309755828,-0.01090068787133749,-0.0014936238665156244,-0.008179748138627931,-0.10665292411950907,0.9444302569628586,2.5655016240237916,-0.19485915300440312
-0.0051103407261148285,-0.011044620593952052,-0.0017409930444098512,-0.008149294345594043,-0.1461574323130673,1.110081045713343,2.554413827184999,-0.3479134124069813
-0.005098326794620398,-0.01105518320337101,-0.0017497453782422117,-0.00812835329203422,-0.15242433908249528,1.1131656502713412,2.5423680709696814,-0.3568745119073439
-0.005107082553678812,-0.01102925160358667,-0.0017153631022845926,-0.008154727640487783,-0.14258257424350482,1.0932037727354804,2.556886787949606,-0.33177354797752556
-0.005095039172332199,-0.011039783600824095,-0.0017242198254006972,-0.008133860870133848,-0.1479812486545624,1.0962156024934613,2.54494220070297,-0.34074310979407985
-0.005085630146507708,-0.010921395106936288,-0.0015356371858746144,-0.008190474342713312,-0.10939711018873173,0.9753674811343603,2.57263207034689,-0.21870466099599864
-0.005070382962090809,-0.010916211970682285,-0.0015193322318873333,-0.008174909769869435,-0.11159795302464103,0.9611601292548134,2.5634319615184036,-0.21111485726987486
-0.005088549402048354,-0.01093683137430405,-0.0015614040058576268,-0.008185601412464799,-0.11210263777980284,0.9923927759916831,2.5704708907006495,-0.2349319660597611
-0.0050732994221825015,-0.010931723718589408,-0.001545045274307446,-0.00817004931932322,-0.11682019582363,0.977946784451066,2.5613320786270855,-0.2273789782023576
-0.005091517165669236,-0.010952258507486398,-0.0015871219169656255,-0.008180654021772317,-0.1163904606880775,1.0093625933721149,2.5683016999401347,-0.25108514866363313
-0.005076316026270872,-0.010947200911313916,-0.0015707341675010574,-0.008165177420584584,-0.12176459322123452,0.9948101854393511,2.5592045779048394,-0.24364131216499504
-0.00509453340796357,-0.010967676347966866,-0.0016127955474032412,-0.008175631397621482,-0.12194042927335026,1.0262093418344147,2.566123179537346,-0.2672024929580606
-0.005079383665856436,-0.010962651325592293,-0.0015963871648577751,-0.008160236843935112,-0.12623073890102002,1.0117206368789997,2.557016929608483,-0.2598893960380045
-0.005097598098896989,-0.010983084736969085,-0.001638447670967245,-0.008170529205189172,-0.1275473971903342,1.04296135883053,2.5639165979122294,-0.2833179119663911
-0.005082467104004821,-0.01097808965062753,-0.0016220050172067754,-0.008155181677686892,-0.13048378239985617,1.0286366966549243,2.5547438817985326,-0.2761113731628575
-0.005100711207802963,-0.010998483515463568,-0.001664085908114306,-0.008165345973683805,-0.13321260053192957,1.0596656386645704,2.561651757990394,-0.2994488970121496
-0.005085564359652745,-0.010993516947506011,-0.0016475853324198007,-0.008150008888655929,-0.13470115843252575,1.0455395395004778,2.55239176002158,-0.2922975037340436
-0.0051038727033783145,-0.011013872524174524,-0.0016897201214822126,-0.008160079682445621,-0.13859643942661137,1.076388552379086,2.5593062296212574,-0.31560598521965666
-0.005088678285829598,-0.011008937969711212,-0.0016731351247998235,-0.008144718233607849,-0.13890582367760929,1.0624247402596907,2.54997015465166,-0.3084535493444363
-0.0050918240481624905,-0.01102436231190395,-0.001698675594468337,-0.008139320633471158,-0.14332330795596926,1.0793039563119342,2.5474810902747955,-0.32459829127127016
-0.005041260698686391,-0.010833119592413308,-0.0013747308826162037,-0.008182901393140945,-0.08390332975298263,0.8697715079658943,2.561669120065399,-0.12806415223472942
-0.005043803834763707,-0.010848706086990385,-0.0014003859739988456,-0.008178337140515352,-0.0886046483862713,0.8864952291463527,2.55971479890626,-0.14443178063937798
-0.005046522268887375,-0.010864282818797857,-0.0014260862599653125,-0.008173839002360782,-0.09328497918130126,0.9032545695523814,2.5578085466500204,-0.1607529434051804
-0.005049330803632534,-0.010879820872083541,-0.0014517469677351178,-0.008169321513235047,-0.09804348773649868,0.9200117895394245,2.555888922150661,-0.17702312357472041
-0.005052042583919133,-0.010895368942009829,-0.001477347220206872,-0.00816454243243446,-0.10282331060337853,0.9367778668046113,2.5537898335337825,-0.1933330947442492
-0.005120404840570064,-0.011090665429940793,-0.0018176958385425792,-0.008132529571189949,-0.1615664204676797,1.1606927803339284,2.5465418178074564,-0.39633195799171284
-0.005104975646719154,-0.011085955452608836,-0.0018007075666087423,-0.008117014211594232,-0.16063625937204684,1.1470179631651851,2.5370475673294517,-0.3890579625808577
-0.005089160996858421,-0.011081190279845684,-0.0017836152588275504,-0.008101760288941494,-0.1566771692927603,1.1390475849255004,2.5248458389829547,-0.38760999286056674
-0.005123855962596771,-0.01110599246222428,-0.001843263964513272,-0.00812677252066624,-0.1648963756652994,1.1777769055716423,2.543716201069233,-0.41250775301191767
-0.005108361142647194,-0.011101374033256712,-0.0018262212916105912,-0.008111180585362261,-0.16510844862695026,1.1639440260342786,2.5342952542490056,-0.4051540067271627
-0.005127355233983758,-0.01112130860346941,-0.001868824524803415,-0.00812093269843655,-0.16780204567781246,1.1949793793230172,2.540817132885903,-0.4286408844967598
-0.005111830566862395,-0.011116800017938263,-0.0018517628751770511,-0.00810529303425961,-0.16974345750403663,1.1809162638121522,2.5315011689596107,-0.4212714178791405
-0.00513090261818238,-0.011136613692675218,-0.001894367416292283,-0.00811501237183112,-0.17047535973545366,1.2122519750100749,2.5378804883109325,-0.44470820696868363
-0.005115387628871233,-0.011132200002635506,-0.0018772877044255906,-0.008099376671121645,-0.17438710883619465,1.1979342935825352,2.5286656466824167,-0.4373945130848696
-0.005134498077970416,-0.01115190756865576,-0.0019198766981417831,-0.008109015325462047,-0.17350097194156403,1.2295227030501508,2.534935997887172,-0.4607079707233936
-0.005119029319934367,-0.011147549784014402,-0.0019027612414019653,-0.008093444487701891,-0.17894569295432597,1.2149958717389564,2.5257857792295013,-0.4535018610323447
-0.005138141575448354,-0.01116719007004694,-0.0019453345217124694,-0.008102945897784349,-0.17803481728916723,1.2466961295986916,2.531988894736167,-0.47666480474740985
-0.005122738743279215,-0.011162851291908587,-0.0019281790631384087,-0.008087477804983334,-0.18315930035323771,1.2321020286910533,2.5228526470604353,-0.46958209814791935
-0.005165776910931757,-0.011330750202610136,-0.0022063573144206635,-0.008015293651096114,-0.2258748462711424,1.4207256754658866,2.4857703408343785,-0.6454571877114511
-0.005177209793932224,-0.011319353867715836,-0.002198928874056117,-0.008037833450116627,-0.21797116209334114,1.418163584723467,2.498744415993504,-0.6366051169403514
-0.005161564723456291,-0.011315565384218457,-0.0021811550315057383,-0.008022178229803875,-0.2219066078594518,1.40347892497186,2.4894260739534477,-0.629499000244369
-0.005173088155546601,-0.011304194021561008,-0.0021736376860952322,-0.008044709662150797,-0.2154329374262263,1.400712200708486,2.502434297260964,-0.6206894030486947
-0.005157424941744987,-0.011300333604258474,-0.0021559029186581156,-0.008029035694289787,-0.21788270770842286,1.386262234151726,2.4930257594241847,-0.6135191666522597
-0.005169014137838514,-0.011289021178877924,-0.0021483258012867,-0.008051506108034304,-0.21257181595189723,1.3833113687658356,2.506082842553335,-0.6047235293200015
-0.005141833072035735,-0.011182461035313318,-0.001970753732296438,-0.008096801148057543,-0.18355238258724257,1.2637491565308125,2.529020920610041,-0.4926201898539979
-0.00512647559858918,-0.011178133080849514,-0.0019535566818886002,-0.008081414371591726,-0.18693391134581863,1.249231168296112,2.5198376526051836,-0.48563759956185576
-0.005145572528467586,-0.01119772030275495,-0.0019961630591454685,-0.008090574218843112,-0.18838794285362767,1.2807480239710622,2.526011246068498,-0.5085937277197073
-0.005130218234738614,-0.011193417300138985,-0.001978907431551007,-0.008075216226884223,-0.19062948832165238,1.2663565468940476,2.5167203948972383,-0.5016726864595126
-0.005149359904790919,-0.011212967710514188,-0.0020215604590514474,-0.008084265649958563,-0.19277681497484686,1.297726418162682,2.5229452752732877,-0.5245751756213811
-0.0051339853180215325,-0.011208698050039032,-0.0020042328074588067,-0.008068907619267958,-0.19447316242678084,1.2834817983000575,2.5135169283738787,-0.517685898096778
-0.005153195160361302,-0.011228203096582519,-0.0020469295970434575,-0.008077879480677584,-0.19786770264734044,1.314674660059227,2.519799801825701,-0.5405673654803601
-0.005137786772867977,-0.01122396192664653,-0.0020295214210428805,-0.008062507698921065,-0.19823592604402362,1.3006084556699793,2.510250192858836,-0.5336708275233181
-0.005153354938080522,-0.011285065173619291,-0.0021306117267713507,-0.008035854394477447,-0.2138264863211158,1.3690703954380379,2.4965696334759184,-0.5975294009329518
-0.005164987785668902,-0.01127383550243706,-0.0021229911763673706,-0.008058223294887033,-0.20972952406734394,1.3659763548063253,2.509665608588885,-0.5887090494507073
-0.0051570782538395065,-0.01124342629880737,-0.002072281710551081,-0.008071412824033423,-0.20299297654538254,1.3316474072457776,2.516542927047481,-0.5565946228734296
-0.005141606981819037,-0.011239216616657841,-0.002054773019596954,-0.008055993540269937,-0.20184689769628847,1.3177144847780349,2.506919620590571,-0.5496280212446915
-0.005161009143188233,-0.011258637154898948,-0.002097637363556962,-0.008064860340402274,-0.20685010039027843,1.3487402782006945,2.5131603135673237,-0.5726548879246842
-0.005149361791563685,-0.011269775008996265,-0.0021053066977654213,-0.008042630575992589,-0.20968788481945763,1.3519141737708258,2.500066288660649,-0.5815443397985333
-0.005145452866633777,-0.011254485636054967,-0.0020800234185559363,-0.008049355885920815,-0.2056209489026589,1.3348031437339676,2.5035205771408795,-0.5655779352534792
-0.005154061929400143,-0.011342353689102877,-0.0022139499595936105,-0.007992881654992028,-0.2235963239014747,1.4299869671005538,2.4688010891352152,-0.6601129635230318
-0.005158473653484172,-0.011357448365317086,-0.00223897800350922,-0.007986060843078097,-0.2272466667437851,1.4471171778522463,2.4651281074652016,-0.6758400054814072
-0.005162810096528141,-0.011372556113324099,-0.002263925708963794,-0.00797899950924935,-0.23088601465460132,1.4642512312330087,2.4612613455379275,-0.6916013883852058
-0.005167095981642634,-0.011387708989853355,-0.0022888537801358977,-0.007971700357138784,-0.2344054784984646,1.4814223803956799,2.4572065754915964,-0.7074210142579987
-0.005249594624691071,-0.011560015631407591,-0.0026000021142711226,-0.00791719946054043,-0.27159502458048435,1.69640488581902,2.431313704268932,-0.8899655699366201
-0.005233905515414336,-0.011556882313335666,-0.0025811000931268836,-0.007901728231689742,-0.2750727963348169,1.6808881651285759,2.4216978878419053,-0.8829042687939451
-0.005244717217658645,-0.011545084353673888,-0.002575125945843338,-0.007925325414799466,-0.2685173631023521,1.6788947219117576,2.436057935261871,-0.8742409765377278
-0.005228999383361903,-0.011541917392715642,-0.002556270999865149,-0.00790980594018473,-0.272085130681098,1.6634208291488368,2.4264830583204957,-0.8671489182208351
-0.0052398867331516835,-0.011530137799930005,-0.002550210516765778,-0.007933377696145607,-0.2658618350698462,1.6613324313657698,2.440769523510264,-0.8584959880756219
-0.005207390722771273,-0.011425095195354026,-0.0023751224350778526,-0.00798754338228947,-0.24369019408788117,1.5394681130181362,2.471715159796179,-0.747578512483042
-0.005191836931030191,-0.01142148811607782,-0.0023568404758035244,-0.00797216947419904,-0.2464313123889205,1.5244979612802778,2.462155218664385,-0.7407720230729303
-0.005211891625397759,-0.0114401451986046,-0.002400181782258046,-0.007980049124400352,-0.24821263478296673,1.5567115602406856,2.46760828725921,-0.7634052432885787
-0.0051963281358631845,-0.011436544836514573,-0.0023818031357137307,-0.007964701236888928,-0.24953966648240053,1.541841604652588,2.457956867862166,-0.7565941981060349
-0.0051714566951389165,-0.011402868363083166,-0.002313807841835581,-0.007964337963989257,-0.23779471602250854,1.4986306644932805,2.4530971266210817,-0.7232416559610272
-0.005175943438025904,-0.01141796746869872,-0.00233873859380378,-0.007957025406241653,-0.24114471642148402,1.5158306432416893,2.4490136982905266,-0.7389918332764633
-0.005235103217132526,-0.011515176111420448,-0.0025252617958294848,-0.007941354252251521,-0.263367562357377,1.6437557328377308,2.445444129774847,-0.8427194832735584
-0.005224142802328618,-0.011526921301672375,-0.0025313992065937314,-0.007917822497556624,-0.26895014675260653,1.6459747010262287,2.4311859342955793,-0.8513706452944273
-0.005216439712524502,-0.011455180736571003,-0.0024252198036696705,-0.007972475449888158,-0.25257545974074924,1.5739540143469666,2.463400557304176,-0.7792627046401613
-0.0052008356468297365,-0.011451595459795684,-0.002406727936119801,-0.007957114783185308,-0.2525237679108791,1.5591662460598548,2.4536760394699786,-0.7723891476943675
-0.005221034932232109,-0.011470201646392161,-0.002450249575557391,-0.00796481836558997,-0.25618059566499,1.5912655850780733,2.4590698948777887,-0.7951491510290829
-0.005205369879430982,-0.0114666587766878,-0.0024316460795684603,-0.007949405493314724,-0.2556087055157344,1.5764778049498593,2.4493137825079505,-0.7881723594560947
-0.0052256772719385955,-0.011485207893971856,-0.0024752726202593753,-0.007957077303489888,-0.2589196871377102,1.608682082728742,2.454618138011066,-0.8110390187386999
-0.005209954641756907,-0.01148173920881077,-0.002456582075566677,-0.007941594456906986,-0.25887569632093976,1.5938006725072391,2.4448775526226743,-0.8039622552971183
-0.0052303667150690415,-0.011500199429168908,-0.0025002806456299424,-0.007949254714869446,-0.26112414767827774,1.6261926742361614,2.450067247949301,-0.8269013669153152
-0.005214610388377154,-0.011496823925331847,-0.0024815363672515468,-0.00793371356468557,-0.26228046782763764,1.6111568653450006,2.4403754537499194,-0.8197660856368884
-0.005219342833325573,-0.011511889728515407,-0.002506484309737399,-0.007925788377529846,-0.26567826359691726,1.628551104213061,2.4358131522403927,-0.8355736936311947
-0.011560015631407596,-0.005249594624691072,0.00791720483036799,0.002599984919845127,0.7699161031382059,2.6327983949940137,-2.0688209017939743,-1.6402059053207634
-0.011545084353673888,-0.005244717217658646,0.007925337088655948,0.0025750895714136057,0.7682742001204371,2.614530797301382,-2.0795062415294874,-1.6247162847471486
-0.01155703758185956,-0.005233826138756823,0.007901498631843825,0.0025812935563209074,0.7583732576785747,2.6129819738867273,-2.056249276483604,-1.6329627525478874
-0.011542038584056807,-0.0052289642526514996,0.007909653500117046,0.0025564605845617865,0.7561885114789292,2.5949365619811537,-2.06685760354077,-1.6177351234754467
-0.011664094939289063,-0.005285046338188198,0.007858121142854443,0.0027734432534496432,0.7835977653907605,2.7591210436767413,-1.99095285203198,-1.7458548198175123
-0.01167611214584958,-0.0052745756183665326,0.00783394572944958,0.002778709594652992,0.772540650809156,2.755558025270783,-1.967299217668396,-1.7530219534983684
-0.011678898899739068,-0.005290297410190857,0.007849371080479273,0.0027981117349651697,0.7851512182985502,2.7768636514744576,-1.9793167044658293,-1.760690702456561
-0.011690950366392892,-0.005279857633035636,0.007825104439019223,0.002803279056366743,0.7740290442256509,2.773168551768848,-1.955557873250967,-1.767843125743996
-0.011693686304088879,-0.005295594968187609,0.007840545814409664,0.002822746406794178,0.7871188898833713,2.7945631802184594,-1.9675431551164653,-1.7755135115514529
-0.011574931491672196,-0.005254518907788254,0.007908995048434979,0.0026248524681066316,0.7716577159070696,2.6510263076142686,-2.058027808525314,-1.6556154858343437
-0.011572003092142147,-0.005238740772048841,0.007893287376355555,0.0026060820854379788,0.760415747959344,2.6309632367804814,-2.045535946073331,-1.648121552307596
-0.011589831792800683,-0.005259490019987283,0.007900705243123923,0.0026496997812945618,0.7730394298979327,2.669208571814971,-2.0471173422025624,-1.670938756546189
-0.011586944290581323,-0.00524370750379143,0.007885011408623315,0.0026308376446588545,0.7624474542688905,2.6488964222354454,-2.034710025057775,-1.6632304724354332
-0.011649274565685588,-0.005279841802758873,0.007866790457667304,0.0027487567208442625,0.7813630213582355,2.7413205826819698,-2.0024338120232064,-1.7310181327766265
-0.011661272914333354,-0.005269344929253488,0.007842700438354737,0.0027541359885053917,0.7710298575425879,2.7379059826628716,-1.9789091327081623,-1.7381429057978204
-0.011634437921711378,-0.005274683853955189,0.007875379369721418,0.002724051195124502,0.7784748062947454,2.7234278430380097,-2.0137638572312984,-1.716162994790623
-0.011646439905456538,-0.0052641516916653655,0.007851347503746128,0.0027295541025842214,0.7696414574445568,2.7202153166638308,-1.9903653276052402,-1.7232261205132484
-0.011619585149978953,-0.005269572541305845,0.007883893913372679,0.002699309246290438,0.7759663372401745,2.7054303675954805,-2.024976381788709,-1.7012252851898977
-0.011631605563975604,-0.0052589783159065545,0.007859874737915743,0.002704940004186716,0.7681899168612681,2.7024685451188994,-2.0016452868962955,-1.7082842486870806
-0.011604716392924314,-0.005264507913819307,0.007892336796825349,0.002674522803255171,0.7742815334818772,2.6873477971002084,-2.036095252056169,-1.6861516733409652
-0.011616750605694151,-0.005253832663389603,0.007868307651332696,0.0026802778648312223,0.7664693898463891,2.684658846554512,-2.0127710877924447,-1.6933110798539779
-0.011601862599283625,-0.005248737391171004,0.007876681848234202,0.0026555718443962845,0.7645036465049316,2.6667962284068754,-2.023785621132134,-1.6782943307248999
-0.011811372316490652,-0.005339642682041292,0.007767117811633973,0.0030189287894148167,0.7954863828995126,2.934345830894801,-1.868430001477251,-1.8928147531570028
-0.011796722524648846,-0.00533397512121726,0.00777657828919305,0.002994475116927932,0.7962030269392361,2.9170655354839603,-1.8813091115484337,-1.8783088274501984
-0.011809164260475574,-0.005323756611702428,0.00775144940636137,0.0029989094175529637,0.784937118796231,2.9115754967288727,-1.8570504999568695,-1.8838260112734917
-0.011782055027975764,-0.005328353622408232,0.007785954172725222,0.0029700121783880124,0.7960338402422069,2.8997770267862584,-1.894048228369196,-1.86374748270154
-0.011794434544157129,-0.005318109158791845,0.007760940288848433,0.002974546550867235,0.7833602821923712,2.8945092639178003,-1.869807338396228,-1.86956812312613
-0.011705782874741945,-0.005285175317448197,0.007816163360907166,0.0028278244193647266,0.7753300158488502,2.7907060066580347,-1.9436657886184776,-1.782596496787873
-0.011708457009234034,-0.005300938961069022,0.007831643582426544,0.002847351969746347,0.789314343280218,2.8122094058153393,-1.9556234210024208,-1.790342824560878
-0.011767369970506486,-0.005322778240520137,0.0077952392032004615,0.0029455564669047425,0.7939086877119808,2.882427762417502,-1.9066034250439783,-1.8492121431607913
-0.011779687102436544,-0.00531253514182102,0.007770385162849321,0.002950178089448211,0.7821574149995013,2.877401520407043,-1.882487038103654,-1.8552247030967484
-0.01172061082075824,-0.005290521025681134,0.007807113582107834,0.0028523376751232728,0.7767256162007051,2.808159284847813,-1.9316197243930724,-1.7972769443911696
-0.011723210871918579,-0.0053063293371923064,0.007822654935698777,0.00287195436947818,0.7900672582896666,2.8298125186062904,-1.9435342955281747,-1.805196692602636
-0.011737947748741233,-0.0053117660443781954,0.007813582865688692,0.0028965454259333415,0.789766807155496,2.8474026020312326,-1.931306477208673,-1.8200037624203802
-0.011735421167740623,-0.005295931677065688,0.007798008115431057,0.002876836137997296,0.7784731573222775,2.825561650568545,-1.919486757720423,-1.8118714579559352
-0.011752667496161629,-0.005317249029907897,0.007804443534445909,0.0029210814474347423,0.7909949280385892,2.8649628376801317,-1.9189999895518135,-1.8346673604879336
-0.011764942533231187,-0.005306982658347629,0.007779707721007706,0.0029257777431429227,0.7812715790615288,2.8602168933096475,-1.8949982002351629,-1.8408230140171848
-0.011750195414394727,-0.005301432794826564,0.0077888911896154015,0.002901324746692278,0.7801453254284799,2.8429277497214227,-1.9073055883637517,-1.82637832981456
-0.009704089049072289,0.004914914235852302,0.008207978656739343,4.7728917997721384E-4,0.24251216211301582,0.4222549173190964,2.5406819451302884,0.2913738982607395
-0.009671533866793501,0.00491684282525658,0.008204423882675447,5.297734818168298E-4,0.23223639200651133,0.3876140301007463,2.540860946677521,0.32511116945928853
-0.009684692303057728,0.004905465690929189,0.008193561991713715,5.066562752423743E-4,0.23517620949814752,0.3987979684981057,2.5324785950687283,0.3095677547489617
-0.009651680849671258,0.0049075512023273584,0.00818973773112928,5.596734183432599E-4,0.22488612426915955,0.3637708611920753,2.5325142931613516,0.3437624891216256
-0.009630919396222527,0.004900393297392738,0.008177146490894295,5.912047143152838E-4,0.21758710527052605,0.33957765296950143,2.5256374772178956,0.36369891587316866
-0.011065456423386988,0.005085638504663739,0.008107444809503967,-0.001757646910094894,0.664121459996453,1.9995552569764994,2.325063371125516,-1.1165039546623268
-0.011080914209950485,0.005089048413247666,0.0081018096094408,-0.001783144208765224,0.6675948466722864,2.0182502622320535,2.3181930177470473,-1.1326902125441103
-0.010983389320261229,0.0050548007073210775,0.008120057836219751,-0.001614535375459277,0.6382068333360248,1.8897612304740774,2.3471023433982947,-1.028968090926133
-0.010968130311266817,0.0050517986789166,0.008125146519031913,-0.0015895123286258034,0.6345491935142088,1.8715766840678227,2.35325401468514,-1.0130887719801516
-0.011019085383948087,0.005076137401820487,0.00812433495087095,-0.0016814021634241336,0.6537119929397684,1.9439249584893694,2.3453848904520225,-1.0680440445291082
-0.011034492343509679,0.005079140219057505,0.008118687039010154,-0.0017066777175047839,0.6571912566204704,1.9623088819050285,2.3386484273162638,-1.0841257923294483
-0.01104997385654854,0.005082332499913353,0.008113071357205784,-0.0017321436601343179,0.6606883434564884,1.9808979585575381,2.3318853944710374,-1.1003067164346954
-0.011013815953367876,0.005060446044590363,0.008109096418426899,-0.0016641425631173884,0.6451045087913098,1.9256683699765509,2.3340824816393115,-1.0605515487792738
-0.010998872482448924,0.005058336513402123,0.008115325314996645,-0.00164017807838875,0.6420559081739682,1.9086000486163641,2.3411604007977114,-1.045151273980087
-0.01092696009062018,0.0050577760869899265,0.008154662215154205,-0.0015294013165221357,0.6309810058968149,1.8328783169118112,2.3821260293426048,-0.9714307702046844
-0.010864461017753109,0.005046684706340543,0.008173949935358702,-0.0014264564282411697,0.6153669297716354,1.7581311238092614,2.4052578630805432,-0.9059064526318482
-0.010879943449404697,0.005049292450517979,0.008169224731036219,-0.0014519316164884409,0.6194601808964451,1.776587798425922,2.3996224471708376,-0.9221443633234928
-0.010895577177896193,0.005051884326921298,0.008164260306065306,-0.001477604102644346,0.6233987452023743,1.7951558354448025,2.3937493515730566,-0.9385108056560799
-0.01091130480070511,0.005054688606847473,0.008159349647531853,-0.0015034988672674946,0.6272008194799704,1.813953547345218,2.387868615511327,-0.9549865990131288
-0.010844062869050543,0.005027896572843017,0.008161965278051948,-0.0013853908768748794,0.6031070350129178,1.7231808115080687,2.398347121465914,-0.8836870349682844
-0.010859335044334265,0.005030905328460276,0.008158005079561879,-0.0014106310273118816,0.6072108099705725,1.741559991452348,2.393364463434535,-0.8996373562142138
-0.010828591094025966,0.005024899776740671,0.008165897037217174,-0.0013598293154080978,0.598911896889653,1.7045889765927507,2.403295906390055,-0.8675348125634673
-0.010812933322415034,0.005022070772315684,0.00816997179894773,-0.0013340394285756097,0.5947022245022399,1.685905721266274,2.4083445627119535,-0.8512035054353132
-0.010952941534772465,0.005049078797362434,0.0081303855128537,-0.0015647255799378734,0.6310136098361014,1.8536359790088006,2.3594751315099587,-0.9972902794057469
-0.010937945668087428,0.005045088434785167,0.008133896400953576,-0.0015395178997390255,0.6268503159135205,1.8348991810424977,2.3642814462207706,-0.9815325597625099
-0.010260950617230204,0.004964003161246517,0.00827138732918932,-4.285468546292685E-4,0.4323705364970259,1.0481442912319745,2.538838728473318,-0.2771022909168015
-0.010276791908500003,0.004964367197888585,0.008269391873623964,-4.544849477290981E-4,0.4372673568438155,1.0658280924865977,2.5360733983020993,-0.29358323284173043
-0.010292796524086554,0.004964832683418193,0.008267343693410546,-4.8068793166444913E-4,0.4422297585188552,1.083729471126646,2.533247335902263,-0.31022296571450236
-0.010253587396010004,0.004949109908069959,0.008254969631452948,-4.1436178300040873E-4,0.4259153420715696,1.0338735069169067,2.527789470524515,-0.27092368701453157
-0.01023803985457382,0.004947341995573003,0.008255065538817207,-3.888233978442761E-4,0.42070497012628255,1.016029407579335,2.5291914607442147,-0.2549510572822265
-0.010221910737406173,0.004945499817615406,0.008255010215946433,-3.6234136948561096E-4,0.41528888744948006,0.9975362859366129,2.530527496445645,-0.2383992969809552
-0.010205291103984581,0.00494426691786948,0.008255579254563779,-3.3514661483047265E-4,0.4098582333608363,0.9787657113371754,2.532336254881692,-0.22129142363799173
-0.01018914554505405,0.0049451570985106505,0.008258431193582187,-3.0895403596796706E-4,0.40511675392235774,0.9613604388424059,2.5357042786839945,-0.20445368203800393
-0.010104153247551444,0.004925452680692882,0.008242391767610937,-1.691204393480375E-4,0.3735900696326835,0.8607632377826328,2.531628608198439,-0.11882709646236551
-0.010120466904235997,0.004926968914094377,0.008243132961096565,-1.9568412266497391E-4,0.3790653506932405,0.8791611347097988,2.5307765700715557,-0.13549163170456205
-0.010157946642400297,0.004945670801981709,0.008262104979600463,-2.581373552530413E-4,0.3954978998073794,0.9272292670110133,2.5408908770204044,-0.1720333918154361
-0.010173004692381695,0.00494500950639227,0.008259915847869516,-2.82633355146766E-4,0.4000417804848708,0.9435405717475032,2.538098669854286,-0.1877261577147831
-0.010136234618170486,0.004929563441607957,0.008245027521268914,-2.2146225983117238E-4,0.3846289068506123,0.8973769031989892,2.5307702398541427,-0.15147481638946744
-0.010149455710836395,0.0049328478234476674,0.00824780659892323,-2.4319781544846842E-4,0.3895823117808632,0.9130861350827726,2.531594789221594,-0.16475838986123678
-0.010797098804680742,0.005019400095373349,0.008174169417133538,-0.0013080256086395088,0.5904714255975735,1.6671296834466338,2.4134783267628954,-0.8346981066618255
-0.01040276890067563,0.004972811534383706,0.00825493119646112,-6.612856544207173E-4,0.4768685549554313,1.2089330793587223,2.514680986040996,-0.42428249755062514
-0.010418590927004229,0.00497398609950309,0.00825260577028923,-6.872293581827874E-4,0.48172024272092345,1.2269801509968152,2.5115587096957395,-0.4407253150819721
-0.01035576115661298,0.004969928950093478,0.008261706241289178,-5.842498848916906E-4,0.462462873247041,1.155609066598647,2.5237700370968263,-0.3754206124342195
-0.010371271057502253,0.004970854343147481,0.008259581183627447,-6.096771137672961E-4,0.46723692291379476,1.173190100426664,2.520866019972125,-0.3915381829566679
-0.010386951512508909,0.004971748475015228,0.008257243167248138,-6.353595449533487E-4,0.4720292860505367,1.1909465219258932,2.517777822489673,-0.40784276573061357
-0.010317990072381867,0.004950949694400351,0.008246664545115835,-5.192512020288752E-4,0.4456269589958341,1.105544786325465,2.5162494545205036,-0.3376555489222026
-0.010333778015839743,0.004952888626186553,0.008246012232525468,-5.452006208349604E-4,0.4508123074934111,1.1237668785976453,2.5143811418240927,-0.3539019286493659
-0.010348949706220563,0.004954957982604512,0.008245493113026083,-5.701843958490048E-4,0.45584510832436825,1.141386492105078,2.5126526340322157,-0.36951275471435446
-0.010301838443944082,0.004949410251319891,0.008247705825557006,-4.927883154597113E-4,0.4404292324190134,1.0871113766172622,2.5184172559662183,-0.3210119491376477
-0.010749283492630013,0.005013113579589629,0.008188036768314975,-0.0012301012732656112,0.578150167040068,1.6115001265345723,2.4297253495925655,-0.7849035293212356
-0.0107810858588005,0.005016968548670282,0.008178580708349717,-0.0012818159925817993,0.5862515199157433,1.648308530900416,2.4187685514354396,-0.8180174064759838
-0.01076507360809304,0.005015007571262006,0.008183392947414143,-0.0012557863377035195,0.5821838189154831,1.6297778758482828,2.4243398140349934,-0.8013507368553793
-0.010743323289304175,0.004997503304681068,0.008172298682889182,-0.0012140454185448485,0.570647364270104,1.5949563484793747,2.4183833527861682,-0.7779724407086365
-0.010727852671124137,0.004994247310704857,0.008175010509741844,-0.0011883890537489582,0.5660788019620466,1.5762692070807267,2.4222292074359966,-0.7618890121815992
-0.010680284570454113,0.004988289182156441,0.008187216255047508,-0.0011110648826568063,0.5533316511429539,1.5213297357078124,2.4368214322124295,-0.7126144065729197
-0.010695609390785368,0.004990011679234863,0.008183198197971758,-0.0011359235514798345,0.557416419842785,1.5389342503132293,2.43208242502659,-0.7284957246545548
-0.010711645452619364,0.0049911700306577355,0.008178092439295096,-0.001161644034288179,0.5613758165353294,1.5569136852382337,2.426411589713663,-0.7450679290046137
-0.010639105463722246,0.004997032609964516,0.008213020850912437,-0.0010490372656943357,0.547141416628814,1.4818395308486905,2.460746115311,-0.6700795974774755
-0.010655066216763312,0.004999139563866383,0.008209578042730536,-0.0010752367956289536,0.5517091121812626,1.5005059177535627,2.456470096844239,-0.6867029519908908
-0.010545376741499706,0.004986446077262501,0.008232351858580943,-8.954003616303578E-4,0.5201218199559675,1.3731285695477118,2.484714506718637,-0.5724961727812882
-0.010561172222988207,0.004988410989210306,0.008229663393477913,-9.213942114192812E-4,0.5248714531970976,1.391552490994089,2.4811645392336423,-0.5889199300120289
-0.010576738342732268,0.00499051009882705,0.008227064204123752,-9.470521369717313E-4,0.529567061526735,1.409800822999701,2.477682006074385,-0.6051092445328538
-0.01059213189420323,0.004992402493929891,0.008224140410409782,-9.72353345199148E-4,0.5340898927802354,1.427750267675947,2.473948057296433,-0.6211346498188942
-0.010607560817040241,0.0049939162893746425,0.008220621664428494,-9.975645583975925E-4,0.5384130595116873,1.4455236409018273,2.469735410103263,-0.6372117746452454
-0.010623210125404086,0.004995383748620041,0.008216830802906567,-0.0010230859373956231,0.542738352835519,1.4635006881222823,2.4652718435378413,-0.6535190962717613
-0.010664919665922907,0.004985129756030405,0.008189431805090316,-0.0010855707656044202,0.5486418771151563,1.5028118835850923,2.440175227233244,-0.6966655553050627
-0.010443169901293072,0.004960790461301,0.008231080615798534,-7.237043807092259E-4,0.4841991007235345,1.247686175184941,2.493535140810014,-0.4670801781326341
-0.010427320139602158,0.004959497094244849,0.008233495550889874,-6.978477689572213E-4,0.4794250445449732,1.229669562309385,2.49678651755333,-0.45068479117216403
-0.010459318665288668,0.004962671944109406,0.008229133232457041,-7.501804594108058E-4,0.4892078849992327,1.2663357735494911,2.4905878307800395,-0.48377071484518214
-0.010475011834581029,0.004963575292963406,0.008226012170911562,-7.756519937333886E-4,0.4937242599002423,1.2839852887976944,2.4867987927329023,-0.5000292921292201
-0.010538952800660898,0.00497024919406538,0.008215339730905628,-8.800845994564166E-4,0.512705735060924,1.357418652002379,2.4726842009800727,-0.5662065017464127
-0.010522976993689865,0.0049688634644104454,0.008218557195391466,-8.540987900408464E-4,0.5081248945084806,1.3392217831034154,2.476651363361692,-0.5496561653080838
-0.010491211230847413,0.004965342209760012,0.008223620359614173,-8.021528904576422E-4,0.49861818703196564,1.3026362325029293,2.4834865698523974,-0.5167884445878076
-0.01050716605766575,0.004966737807704467,0.008220712524870935,-8.281417339441808E-4,0.5032877475593446,1.320809836903092,2.4797900095855545,-0.5333010556138066
-0.010087416873859117,0.004924415784242318,0.00824208109214337,-1.419132955856226E-4,0.368085034596632,0.8420902738618753,2.532810815950668,-0.10167683677310231
-0.010068757010138965,0.004923889190323021,0.008242283297468319,-1.1161722121048706E-4,0.36205394063464585,0.8215063935760394,2.5345047939997625,-0.08248453223998808
-0.010051453215202419,0.004914911951651585,0.008232367070051023,-8.328155039715022E-5,0.354565714008604,0.7995011491790257,2.529084367074956,-0.06581120861708468
-0.010035213350638403,0.00491069643931346,0.008227832656712888,-5.6925791688609785E-5,0.34851622148801703,0.7803550001816477,2.527306816005258,-0.04963602460291778
-0.010017970644061123,0.004908448518956283,0.008225457143479406,-2.9046249674027556E-5,0.34258600747157936,0.7608155109827198,2.5271044065296766,-0.03218227663886817
-0.009999055524940811,0.0049082591022851785,0.008225314212300104,1.4916073059577293E-6,0.3365541097822118,0.7401649030222915,2.5285818229784547,-0.012737298303957728
-0.009976504711301922,0.004911318263564359,0.008228713981590743,3.7939871001947884E-5,0.33000199018647464,0.7166387395040458,2.532793100528394,0.0108947393993581
-0.00995270089921388,0.004908803536313026,0.008225281555727557,7.633598937037085E-5,0.3218969507236748,0.6899376065250924,2.532395758426738,0.0350255049164843
-0.009881206323390903,0.0049128235978651595,0.008226552596007235,1.9195902144684957E-4,0.2996192579285722,0.6135205376794026,2.539101148249349,0.109140845072916
-0.009928720653600263,0.004911704999461446,0.008227845927219755,1.1516089086655216E-4,0.3147519084535176,0.6647964437831063,2.536120459127313,0.06011212613885391
-0.009905309199492283,0.004909705398736512,0.008224388895944191,1.5286405091436846E-4,0.30684152541993776,0.6387354878497806,2.5356654876153892,0.08388611648695155
-0.009860007541133184,0.004911033269730645,0.008222886047828984,2.2602946622874828E-4,0.2924406859460112,0.5899716856005729,2.5383117802334336,0.13064535335768343
-0.009844132729017843,0.00491316754961124,0.008224034373044822,2.518112737872138E-4,0.2876704834923711,0.5733904322784715,2.5403620490935026,0.14729259468776193
-0.009830412713890466,0.004906123551143688,0.008214527503747578,2.7324976815052256E-4,0.28211446018712666,0.5564268228166894,2.53500877787571,0.16025881536569583
-0.009798581441933456,0.004909627880060094,0.008215239371932673,3.24810051881987E-4,0.27237005499936334,0.5229827627795753,2.5380499993984267,0.19349718230287238
-0.009814438507865567,0.004901158897518182,0.00820711227497653,2.9840160171058344E-4,0.27618893433926067,0.5376851366365187,2.5312562580383826,0.1758491942360587
-0.009736533685936305,0.004913113315729876,0.008211061205948668,4.249624216818519E-4,0.25277113745834906,0.45682550580616527,2.5401857888490884,0.25777414708378105
-0.009717009826551106,0.004903606825982344,0.008196916667668011,4.547429310108538E-4,0.2452884808594984,0.43314364344446116,2.53217677619083,0.27613373223639887
-0.009768673690131032,0.004911629924973131,0.008213875355141662,3.731357879710653E-4,0.2629693912549509,0.4911757196275321,2.5395255149548963,0.22453702081915242
-0.009749705375486447,0.004901861298647643,0.008199863125760473,4.0220390958177043E-4,0.25553351430961374,0.46794308972423354,2.5315528380775993,0.2423287784458725
-0.009782011283071707,0.004900451015485342,0.00820254389949328,3.503019097178266E-4,0.2656912321886847,0.5024313677668443,2.5307738704039946,0.2089785429019312
-0.009590689531974318,-0.004903469317201702,0.008171790033783667,-6.556192182075746E-4,0.20521566380078524,0.2971403384861664,-2.5252151623377226,0.4054165804500203
-0.009495622523374811,-0.004933252145869714,0.008181729884002025,-8.139230786870275E-4,0.1775922769867176,0.2021595831838632,-2.5394882352358574,0.5086632604136659
-0.009517068636273468,-0.00492194122466947,0.008174565467295931,-7.767884480864997E-4,0.183595735663196,0.22254260926290828,-2.5329412818956807,0.4843914699888537
-0.009536203847251226,-0.00491354013879713,0.008169941059057028,-7.442737678394407E-4,0.18897660795897284,0.24109168003750706,-2.528288701620402,0.4631189994489499
-0.00955476066959769,-0.004908055382743983,0.008168367123054236,-7.13538162654332E-4,0.19435385046241369,0.2596911855492788,-2.5257477181695545,0.44305033923170606
-0.009572967943710554,-0.0049048081653189106,0.008169119008021338,-6.839627571910998E-4,0.19977915213049854,0.2784431297512913,-2.5248115094219776,0.4237970462486252
-0.009344897418023907,-0.004948129256020349,0.00814909645899172,-0.001056019165665645,0.13201385125174106,0.04370284732603524,-2.529373452940503,0.6663392028209717
-0.009333280127834605,-0.0049364621274454335,0.008131083341282154,-0.0010696900790731667,0.12834801643061686,0.028859020900460376,-2.5179805704734033,0.675545086650781
-0.00936158205103384,-0.004940054010026824,0.008145843465557363,-0.0010269803987399781,0.13680921785129796,0.05986797926905311,-2.525809306611705,0.6474263586057711
-0.009380675800137095,-0.004930016625736904,0.008141007415986458,-9.935802989489118E-4,0.14222303408238157,0.07816723921873735,-2.520975312655899,0.6256470274788084
-0.009397936275899828,-0.00493015816356457,0.008147199943733772,-9.6668379120619E-4,0.14742786369165886,0.09665885363023265,-2.5238167629296817,0.6080389015301895
-0.00947859623382319,-0.0049132003661983715,0.008153339240756013,-8.348894607236149E-4,0.17115934685946074,0.1792439504710098,-2.521584417181782,0.5219520163523529
-0.0094560260251154,-0.0049171929576495715,0.008151120294449275,-8.715039370917132E-4,0.1644580182120324,0.15597897991955345,-2.5218656712412906,0.5458563684332248
-0.009414147278288699,-0.004921668540714182,0.008142814196944364,-9.384731785451842E-4,0.1519730677472466,0.11216067117075836,-2.5195388045772305,0.5896050311105793
-0.009434705594110242,-0.004919193465536657,0.008146693802836278,-9.05524145259335E-4,0.1580853274210893,0.1336047670184803,-2.5205480759665715,0.5680695603418998
-0.009279528847512571,-0.004963055504813307,0.00814077144335404,-0.0011637470051256704,0.11289518150566114,-0.023244399365490012,-2.528993189737531,0.7368023947996701
-0.009264388739722695,-0.004956966347093147,0.008127326575206505,-0.001184674480688493,0.10844824838175986,-0.04064553815810107,-2.52099519916905,0.7508457114942828
-0.009296289735216005,-0.004949644399137201,0.008131940150151366,-0.0011322508095285252,0.11770459039225313,-0.00800493642911264,-2.521566234557153,0.7164545294364949
-0.009316192695646567,-0.004935860557565723,0.008123780385743358,-0.0010959414715162677,0.12333891346291312,0.010490290356899181,-2.5143525882359827,0.6928595728364374
-0.009239755816773661,-0.004950412534878345,0.008109121946709442,-0.0012198373509256016,0.10150021828613073,-0.06819561198943133,-2.5104228696317707,0.7744200963411098
-0.009224530387979145,-0.004949084020363731,0.008100877630188297,-0.0012426057385825457,0.09720580053461618,-0.08467329825891083,-2.5059602460499675,0.7896359027602324
-0.009206154865463173,-0.004951242623834555,0.008095128414946381,-0.001271682374739516,0.09210526317658345,-0.10382930033693864,-2.5034772552203415,0.8089185108085989
-0.009253567832694666,-0.00494299387334901,0.008106448947339336,-0.001195421631670663,0.10542727904169065,-0.054880870349328335,-2.507445290684562,0.7584855346170548
-0.008948551567903218,-0.004942552268711762,0.007949417497331128,-0.0016495511811119887,0.027973271053719696,-0.37599162990168367,-2.42090747187527,1.066094568714805
-0.008897663482819748,-0.004947253959636537,0.007923601662534066,-0.00172517804908656,0.016567723774343193,-0.4281312752569173,-2.406216051649405,1.1180760888746104
-0.0089244855295807,-0.004936549650482619,0.0079280877032942,-0.0016803826106999782,0.02300377536820795,-0.4015260360163039,-2.4073060396504595,1.0879517886197918
-0.009150744986881424,-0.004960605762092497,0.008079917286813754,-0.0013604343942683823,0.07681159981866105,-0.161089628630511,-2.4974558433309775,0.8678364970963675
-0.009128027737658298,-0.0049390771192690894,0.008043818083828069,-0.0013840660413715553,0.07143960184281166,-0.18868877273221282,-2.473933048741618,0.885043820531337
-0.009171056697143907,-0.004944527120174757,0.008071032777888927,-0.0013219333324841097,0.08264983012319559,-0.14227480668095624,-2.489551236167983,0.8428857979198031
-0.009192177092420005,-0.004933894357035994,0.008068615247328817,-0.0012849895367520057,0.08851322840282537,-0.12173442015814052,-2.4861266872489973,0.8186449412273084
-0.008987383013667785,-0.004952447628038221,0.007983512892397028,-0.001599147291989543,0.03623191183878104,-0.3344563838961776,-2.4424356435162804,1.0305830567126293
-0.009061661245755165,-0.004949102914084685,0.008021043940343657,-0.0014881108425251475,0.05426110923966625,-0.25706973121337245,-2.463208834239856,0.9549268859029008
-0.00903606764035242,-0.004943625575215022,0.008000862580329338,-0.0015229036542913435,0.04820842083891638,-0.2846933715743641,-2.4508815706720353,0.9790551743108072
-0.009011275200081341,-0.004945006662575423,0.00798864155160067,-0.0015600188897154125,0.042221623704515154,-0.31044252993633464,-2.444147687608601,1.0043374097345537
-0.009100965229949624,-0.004923853084587836,0.00801266995811292,-0.001416673905876733,0.0650111315218994,-0.21949952950431875,-2.4540276765894187,0.9080621593688205
-0.009075388571916138,-0.00492899027283296,0.008005270870143891,-0.0014571347923059007,0.05849907103638833,-0.24553782884815495,-2.450807822668658,0.9352225874019131
-0.008968231609715408,-0.004934769449462599,0.007952239443618359,-0.0016166174937052309,0.03280734084906861,-0.35645739031756896,-2.421345333599346,1.044008947909621
-0.010677261750731309,-0.00501713256310164,0.00822222324860192,0.00111749171342986,0.5645359536662108,1.5352368878233615,-2.4639171670339013,-0.7094778506931815
-0.01069308922902036,-0.005019299538112694,0.00821854833606483,0.001143590689054655,0.5688805651770518,1.5539101779204991,-2.4594406072074797,-0.7260537663840106
-0.010671292676272544,-0.005001095310280352,0.008205708731708486,0.00110178286613507,0.5562078770372089,1.5193533305188465,-2.4518035323253944,-0.7035933200171326
-0.010755383464948594,-0.005028989467427555,0.008204021582072054,0.0012465980015628371,0.5864175751993456,1.6281428483218214,-2.4414683856819095,-0.7914347973163504
-0.01070882709602225,-0.005021673373874919,0.008215005998510189,0.0011696090857747695,0.5732424515421832,1.5726190383381713,-2.455041778203576,-0.7425596955051462
-0.010724428363804724,-0.005024154471795022,0.008211501240275204,0.0011954374267422836,0.577638837794005,1.5912506027919653,-2.450655252309799,-0.7589400996254754
-0.010739923727237567,-0.005026616554781915,0.008207876378769645,0.001221073970946675,0.5820476455578799,1.6097518906863544,-2.4461610438379893,-0.77521248637278
-0.010765341461254465,-0.005015831521281538,0.008184240772150143,0.0012565655335196521,0.5826184249577375,1.630570950182353,-2.424975590029693,-0.8016226927615225
-0.010780835644968208,-0.0050179514156018625,0.00817984516494417,0.001281860009299312,0.5866527998315951,1.6486576862890303,-2.4197925313594024,-0.8177642839824576
-0.010796433050746875,-0.005020314000705411,0.008175546101883322,0.0013073984195022112,0.5907621929322514,1.6669998661628156,-2.4146414827871308,-0.8340208897758883
-0.010811962280625703,-0.005022922625696917,0.00817142496160238,0.0013329192773354674,0.5949061753075292,1.6854222414812376,-2.4096014159266343,-0.850219919890554
-0.01082738546517178,-0.00502540728481591,0.008167067110410925,0.0013581930518379523,0.598910811855263,1.7036344245476747,-2.404355350806217,-0.8663028319515519
-0.01084290391132318,-0.005027522493053774,0.008162089108063292,0.001383409985796844,0.6027042922231011,1.7216677189885565,-2.3985808647666507,-0.8824525773752203
-0.009674917996911829,-0.004915953094205796,0.008204015659821593,-5.241927812317369E-4,0.23324034699574128,0.39101443264390584,-2.5403306321072345,0.3214985460364826
-0.009607234999876023,-0.0049041143307681865,0.00817632824419545,-6.295650848258534E-4,0.21046513476333106,0.31507463106533656,-2.5269764430870847,0.3886175968819308
-0.009623671429008685,-0.004906080397439047,0.008182226883117056,-6.039190219343527E-4,0.21585114119809795,0.3332400452275106,-2.5296624083715264,0.37217208611661756
-0.00963996427948692,-0.004899902473425843,0.008178456657489288,-5.76753855004523E-4,0.220376790667135,0.34918688261921127,-2.5258179471972824,0.3543430422517098
-0.009660471315738885,-0.004895653694079839,0.008177605868924387,-5.433627416186528E-4,0.22639602944240825,0.3701323837826295,-2.523607982203707,0.33259270782913225
-0.010197958657432749,-0.004960238349788559,0.008275176639107687,3.250052855284748E-4,0.411790747923861,0.9769507879023261,-2.5467533146781314,-0.21191977003101278
-0.010277226770827843,-0.0049640532858502414,0.008268953208666234,4.5514656927437067E-4,0.43728655083512064,1.0661616274193708,-2.535716022327015,-0.29406333358645
-0.010261380653986954,-0.004963701980356963,0.008270969235286531,4.292060984649559E-4,0.4323823555378458,1.0484811449416067,-2.5384956815035706,-0.27757752416890674
-0.010245774470086058,-0.004962986785837051,0.008272379082007448,4.035901245425943E-4,0.42741409358984334,1.0309208064300603,-2.5408129835764695,-0.2613900864366254
-0.01023005988013665,-0.004961842034631501,0.008273158167144875,3.7773369332190563E-4,0.4222437710795183,1.0130776253826068,-2.54267732359165,-0.2451514678593972
-0.010214049271721226,-0.0049608335454847515,0.008273992537624198,3.5141160800886915E-4,0.41698564322056025,0.9949725793411944,-2.5445937911945653,-0.22859822140963051
-0.010119482914861805,-0.0049583578347936344,0.008280036346585877,1.9620874425254213E-4,0.3863940564364418,0.8895504825051059,-2.5565454174328752,-0.13054934504408042
-0.010135248565755728,-0.00495898685467818,0.008279638407730881,2.2211459278759856E-4,0.3916162156043789,0.9071855159748594,-2.554999392353704,-0.14684586132278613
-0.010150790337350777,-0.004959572486460826,0.008279066445197497,2.47650342108636E-4,0.39673309667178547,0.9245677852022246,-2.5533418271108714,-0.1629244032731063
-0.010159033242613526,-0.004945293336628646,0.008261562303643675,2.598766108165644E-4,0.3956791185267971,0.9283124675930722,-2.540421499010136,-0.17323398586095465
-0.010190313736704468,-0.004944420942915049,0.008257439803204926,3.107773901690238E-4,0.40520539265613104,0.9623915794179592,-2.534911486512776,-0.20577724096501213
-0.010174357255967376,-0.004944733007187394,0.00825945638566669,2.848110247982699E-4,0.40032726674783464,0.9449593403844735,-2.5376665740581177,-0.1891931534994451
-0.009885063676670221,-0.00490863663311945,0.008221919072051546,-1.8545352626209646E-4,0.3001413401364446,0.6164171724795886,-2.535629922435908,0.10454565459440306
-0.009868216666235927,-0.004911826857716439,0.008224453058111108,-2.12850219196677E-4,0.2952382676616745,0.599106519605959,-2.5387164847153,0.12235011682527729
-0.009852163103008398,-0.004916613090763253,0.00822876152509157,-2.3915000091428857E-4,0.29082898875245294,0.5831182252039467,-2.542936402556783,0.13960718555389431
-0.009821801805631523,-0.0049086469258368,0.008216614701568781,-2.8735393223757507E-4,0.27972589926429753,0.5478257122453761,-2.537128964318418,0.16952532436218995
-0.009839092622917048,-0.004903606734147229,0.00821241142217751,-2.5905864923118026E-4,0.28449465655765965,0.5650742482666465,-2.532875068616494,0.15096072696485743
-0.009693585167303353,-0.004912263594480625,0.008203073136348998,-4.936553426748044E-4,0.23882702848886614,0.4101804732826477,-2.5382131319480252,0.30169475749401364
-0.009725338334589925,-0.004921041103452418,0.008218609301767524,-4.441699969208246E-4,0.25016526949625956,0.4468867263317415,-2.5461733392510553,0.27066211308648075
-0.009742805409464048,-0.004917267225191092,0.008216850295192731,-4.155056936985075E-4,0.2553488673929604,0.4647481993064262,-2.543598383167804,0.25207135198453484
-0.00971194965100975,-0.0049077144570496625,0.008200881474823856,-4.635020670183218E-4,0.24418048553099317,0.4287803733526911,-2.53526895448756,0.2820580730732339
-0.009803656230837622,-0.0049114935944626495,0.008217994442521913,-3.168607419045708E-4,0.27429073174382457,0.528989643935025,-2.5395234843157373,0.1886276812750883
-0.009782962911207019,-0.004915230500719479,0.008219915302345905,-3.5061391663270913E-4,0.268113813196176,0.5076479220497684,-2.542481745690114,0.21049322242075544
-0.009760902896411608,-0.004914293007440174,0.008215941674809822,-3.859861390215474E-4,0.26084201940140145,0.483509986507128,-2.5415440583936153,0.23297645487125593
-0.009890336649940082,-0.004889355194089322,0.008199786822501694,-1.7573644364261452E-4,0.2985003247468796,0.6162247279963813,-2.520065897032119,0.09618937939395457
-0.010112356078821163,-0.004943044406795666,0.008262507233684298,1.8354252107382967E-4,0.38036673807355403,0.8761377136698448,-2.5449377098175314,-0.12511831115172353
-0.010096138606567748,-0.004941956669275485,0.00826218618776623,1.570124674961463E-4,0.37492944666718403,0.8579302093679697,-2.5460450383199027,-0.10846243547534173
-0.01008776667560394,-0.004926073891265501,0.008244002367058413,1.425624993594037E-4,0.3685531563408205,0.8430577328209691,-2.5341175085520002,-0.10182138195334177
-0.010025886207431979,-0.00492960223854999,0.00825010109041833,4.212191324428161E-5,0.34960998570310214,0.7766023048206431,-2.5434398904686017,-0.037457313377884625
-0.010010885118693654,-0.004924357473578028,0.00824410555088829,1.769384668020557E-5,0.3436593819185259,0.7584299426651546,-2.540547640076593,-0.022695657491742707
-0.010042806104033332,-0.0049250283685290715,0.008244423130855686,6.953120147702023E-5,0.3540358118429064,0.7935366951139529,-2.5381425575549037,-0.05554504677874195
-0.010078321798710129,-0.0049106351689347846,0.00822639746322279,1.2655226623950724E-4,0.36204295081643606,0.8272514722291122,-2.5226840367174312,-0.09400918548290949
-0.01006048123972785,-0.004914603628920926,0.008231723917033874,9.787557703665156E-5,0.3573400424638962,0.8092120627025136,-2.527888048348098,-0.07513240424034266
-0.009996407893321417,-0.004911518079933461,0.00822911193548778,-5.7758495098641826E-6,0.3363915697013656,0.7383605539698667,-2.531436097400356,-0.009549325131738168
-0.009962668100918774,-0.004910682686822334,0.008227720583672583,-6.028497384592763E-5,0.3254451449947519,0.7013736391654328,-2.533260563485285,0.025056300724172673
-0.009981907498787477,-0.004900313623381102,0.008215939557797992,-2.908838755621626E-5,0.3295160015965694,0.7188944800578801,-2.5235686777214053,0.0038127595005108274
-0.009931257415740365,-0.00491057058826736,0.008226620303987449,-1.110162574939893E-4,0.31535442932941077,0.6671831163667826,-2.535077978935425,0.05735334558117009
-0.009917576789243562,-0.0049025536493597175,0.00821666570623749,-1.3272435385508496E-4,0.3094688286168841,0.6498052109044741,-2.5293877237995304,0.07022914278012991
-0.009948195986901416,-0.004900071473255984,0.008214962270119357,-8.334274859861565E-5,0.31875889821536063,0.68223547832019,-2.5256979051016124,0.038409241412572466
-0.009908992652432001,-0.004886661695068309,0.008197732186301258,-1.457106143970902E-4,0.3039063786905416,0.6355563692203373,-2.517112678733404,0.07666906818404383
-0.01036311313682886,-0.004984895639437134,0.008277778480261275,5.993136293173176E-4,0.46988394755795,1.1701377211384585,-2.5348530160302367,-0.3813453891522149
-0.010347487570788337,-0.0049837974597269855,0.008279651700199899,5.735260391793963E-4,0.4648029793804513,1.1522552475960406,-2.5375385222873947,-0.3650675863509591
-0.010331835445829851,-0.004982596021617839,0.00828126893538811,5.476671853038535E-4,0.4596951942779262,1.1342970280636477,-2.540030245233987,-0.34876638925973924
-0.01031608385697988,-0.004981372125077105,0.008282737374771117,5.216369256663928E-4,0.4546278663588282,1.1162297705380608,-2.542412030805499,-0.3323719456526802
-0.010545960564758238,-0.004985929656806813,0.008231562455492116,8.961806383943526E-4,0.5200708725779847,1.3734820224596194,-2.48405675694732,-0.5731249436395691
-0.01037210599821319,-0.004970792151687796,0.008259331199690656,6.110215138723272E-4,0.46745019570874957,1.1740722443256668,-2.520601678482837,-0.392409193542771
-0.01040379059472607,-0.004972795969585009,0.00825467744535413,6.629386447299959E-4,0.47715911418923834,1.2100361500100183,-2.514398594917729,-0.4253380641659432
-0.0103879093659329,-0.0049715683629378594,0.008256819541378748,6.368752493226352E-4,0.4722321862045428,1.1919080460040556,-2.5173755268574527,-0.40885000186903936
-0.01052983564189934,-0.004984267728330758,0.008234568753573633,8.697431265577775E-4,0.5153079438227898,1.3548599784635504,-2.4878594114584955,-0.5563507875817634
-0.010513768954365852,-0.004983090771350321,0.008237977535236777,8.435227004187491E-4,0.5107036324943484,1.3365470397849208,-2.4919391293214015,-0.5396142419770052
-0.010497946239029055,-0.004981860689664866,0.008241104487815197,8.17654927426165E-4,0.5061090097328576,1.3184653959409942,-2.4957670713197238,-0.5231346492026789
-0.010482227580737935,-0.004980215226112116,0.008243569629202642,7.918197188320278E-4,0.5013364190968989,1.300287257378465,-2.4990708423181727,-0.5067943911552915
-0.010466443282398588,-0.004978444718839935,0.00824576287421014,7.658337695952577E-4,0.4964490858036787,1.2819807492190576,-2.502158767856114,-0.490403688517905
-0.01045061471695024,-0.00497696504416166,0.008248166323311224,7.39843004482384E-4,0.4916128859685687,1.263773787598996,-2.505387225717833,-0.47395721577064637
-0.01043493031174122,-0.004975749801825909,0.008250700735717086,7.141390080295311E-4,0.4868780482290073,1.2458554646898845,-2.50868203890426,-0.4576495220658412
-0.010419421803405611,-0.004974378306590194,0.008252867775801273,6.886677971594911E-4,0.48209906704531574,1.2280593059631835,-2.511674359066189,-0.44154438288271597
-0.01030950296546819,-0.004965656900612034,0.008265446659039952,5.080789546968917E-4,0.4474752445308883,1.1025461278310413,-2.530458428460036,-0.32755556560399146
-0.010293359776073197,-0.004964562656789535,0.00826693111280725,4.815620915877479E-4,0.4423015908425225,1.0842240676594255,-2.5328994053604794,-0.31083341867987174
-0.010561937926881386,-0.004987913128711603,0.008228831653052259,9.224646964629894E-4,0.5248757689843067,1.3921133683553029,-2.480457534288378,-0.589736704980859
-0.010577753771029501,-0.004989920320247328,0.0082260351439589,9.484846100811622E-4,0.5295890299632332,1.410581752598196,-2.476801826960592,-0.6061858984998341
-0.010624133601082664,-0.00499631744221397,0.00821759907403004,0.0010248896502528875,0.5433628727350212,1.465029100778308,-2.46577068064585,-0.6544505895738406
-0.010608793626043488,-0.004994231758769411,0.0082205629697069,9.996409611471363E-4,0.5388700667082694,1.4470349188258036,-2.4695735492014825,-0.6384779183242263
-0.010593394086610005,-0.004992010039913111,0.008223250367784365,9.742381609813381E-4,0.5342575294358342,1.4289033996806062,-2.4731516014541803,-0.6224554125986664
-0.010664995124219983,-0.00498476775312164,0.008188981087238255,0.0010855545212317544,0.5484592828897009,1.5027502483529924,-2.439806527489008,-0.6968168593374812
-0.010648982470211224,-0.004983782582144183,0.008193847118040025,0.0010598450083168325,0.5444068308081452,1.4848362292838777,-2.4452103189713346,-0.6802466774429573
-0.010633584237006779,-0.004983028514063308,0.00819861235403324,0.0010351524438511142,0.5405304326611199,1.4676908677593845,-2.4504459329647754,-0.6642967830467564
-0.011500199429168908,-0.0052303667150690415,0.007949252240999884,0.0025002896573246554,0.7624376482295889,2.559650805293209,-2.1107956278900804,-1.578131737092835
-0.011511963536575957,-0.005219432371572963,0.007925812144122248,0.002506715057460982,0.7519133751844774,2.5587097883028496,-2.0878037945516987,-1.5870490514307514
-0.011485207893971859,-0.005225677271938598,0.007957056212224005,0.002475341177530677,0.7582957538432323,2.541217579134008,-2.1209022164602147,-1.5626519045662672
-0.011496925553437955,-0.0052147091071536415,0.007933725922142325,0.0024818069290550517,0.7501955476244958,2.540542572607461,-2.098047303216625,-1.571654067160129
-0.011470201646392161,-0.005221034932232108,0.007964793101342672,0.002450331365545768,0.7558251138105695,2.5226839300906105,-2.1309164608537245,-1.5470393403389935
-0.011481881408856857,-0.005209976572000033,0.007941491092480548,0.002456840222575906,0.7482418593957698,2.5223061190397957,-2.1080796280253113,-1.5562593526536868
-0.011451699574101288,-0.005200698598823693,0.00795686849044755,0.002406813099385702,0.74268882915809,2.4856891530198735,-2.127838760888283,-1.5253435374364062
-0.011455180736571003,-0.005216439712524502,0.007972465001980775,0.002425253044130349,0.7556338431947126,2.5041367183387875,-2.140869823060474,-1.5312339744785042
-0.011466806386291856,-0.005205283316676297,0.007949179479514625,0.0024318246280123014,0.7456352388816155,2.5040063077201515,-2.1179764261559986,-1.5408356203228983
-0.011304194021561008,-0.0051730881555466,0.008044711521381009,0.002173630815211318,0.7297504676301406,2.3182387814021364,-2.2330268376555096,-1.37305456241661
-0.011315450976212338,-0.0051617484995529345,0.008022460313884913,0.002181191653611306,0.7203710535594191,2.3196275810433558,-2.2113070760802382,-1.3837937863428131
-0.01128902117887793,-0.0051690141378385145,0.00805149688465165,0.0021483603318784793,0.7259101057913022,2.2994783294367225,-2.2415265506496587,-1.3571800038370216
-0.011300285218588745,-0.005157643506154706,0.008029306399773924,0.002156051297330859,0.7177985948725493,2.3010770467963138,-2.219937405536172,-1.3679208768134083
-0.011273835502437062,-0.005164987785668902,0.008058205700045756,0.0021230576747585743,0.7225564867993867,2.2806494838037628,-2.2499217688565536,-1.3412336565616592
-0.011285107375231777,-0.005153560612494713,0.008036044546868001,0.00213087244832902,0.7151599358322426,2.2825054172641397,-2.228413385723657,-1.3520468830345074
-0.011258637154898948,-0.005161009143188232,0.008064839745106061,0.002097716018633588,0.7201428009439356,2.2617814216222967,-2.258229644263406,-1.3251812103513982
-0.011269895867229153,-0.005149510602193604,0.008042701137762981,0.0021056341754169612,0.7122262010496377,2.263894586866702,-2.2367598387406904,-1.3361509682217934
-0.01125464273445998,-0.005145519177009874,0.008049310038817814,0.0020803426132898132,0.7090831612527738,2.2452462114268577,-2.2450199176664323,-1.3202062323160204
-0.011448200235709234,-0.005184624693774109,0.007941618838729772,0.0023882917763912736,0.7374439976397813,2.461998461474178,-2.1184305051203314,-1.5133234597903586
-0.011433003017069995,-0.005180333579487321,0.007949527387078631,0.0023634771838737935,0.7351668096342,2.4440566146876272,-2.1283378662149643,-1.497917165830766
-0.01141783314617209,-0.005175956227227523,0.007957168349098778,0.0023385798520490545,0.7326836309450132,2.4259409844701914,-2.137982883642167,-1.482436316039289
-0.011402664226880507,-0.005171503155212758,0.00796457619931737,0.002313577114607342,0.7301607241907097,2.407655458228579,-2.1473911748431664,-1.4668733469242572
-0.011387487209414656,-0.005167136083794571,0.007971944056536848,0.002288591008340886,0.7276775249386646,2.389392026302352,-2.1567040416608703,-1.4512991775667887
-0.011372313497091746,-0.0051628631946465,0.007979272426112101,0.002263642250031159,0.7251452726134894,2.3711674884095424,-2.165923403478544,-1.4357243816032932
-0.011357148820149104,-0.0051585723116762,0.00798642840783289,0.0022386492525528945,0.7225025031833567,2.3528561445771015,-2.1749521057707266,-1.4201048936562015
-0.01134198662956796,-0.005154285441164647,0.00799344299056977,0.0022136220451498736,0.719832918991499,2.334483426421168,-2.1838125616225295,-1.4044488703469324
-0.011326828045913749,-0.005150107407611755,0.008000436410866037,0.002188644332440197,0.7171650933280295,2.3161713362520637,-2.192594666069528,-1.3888013550126868
-0.01091118073195097,-0.005054822162480981,0.00815957004720422,0.0015033731145115085,0.6271823133043046,1.8138914889274156,-2.388075730166809,-0.954819374707352
-0.010864361237172262,-0.005046036634717148,0.008173238020573917,0.0014259839605147914,0.6152894230073355,1.7574950061919576,-2.4047524038722816,-0.9056184896673303
-0.010895679006361833,-0.005051829580981936,0.008164141683385055,0.0014777300163175166,0.6231464416418476,1.7951657268245838,-2.393675629143839,-0.9385160166464396
-0.010880074898565439,-0.0050488337519703375,0.008168618352578524,0.0014519041623230972,0.6191650863652995,1.7763163391449786,-2.399174290174226,-0.9221057723779836
-0.010921693859073928,-0.005041712663829751,0.008138663149656658,0.0015126963578057583,0.6227031772436066,1.8153251579481073,-2.3702022780656478,-0.9645743169607712
-0.010953008341160286,-0.005047651898537794,0.008128679752993811,0.0015640460006122736,0.6303706962677889,1.8526013634677623,-2.358137374206503,-0.9971808553378293
-0.010937340757048115,-0.005044500448532795,0.008133537117976326,0.001538271414884952,0.6264772970205278,1.8338258659654143,-2.364085583292868,-0.9808505897070156
-0.01096835027200225,-0.005051020673430904,0.008124112578602629,0.0015894168607637276,0.6342546613994074,1.871190464273291,-2.352422949131256,-1.0132033028230636
-0.010983575585680425,-0.005054004896058156,0.008119021118130567,0.0016143703326973187,0.6378638467284535,1.889332041475318,-2.3462714571389895,-1.0290511557856463
-0.011250745398160946,-0.005129659113904918,0.008033974884010016,0.0020630895978661517,0.7029164958186974,2.2238628455169365,-2.2346342167903104,-1.3098705815408354
-0.011235368787889164,-0.0051257096162219224,0.00804052888461342,0.0020377359384862108,0.699921233076039,2.2052244014326674,-2.2427869028741405,-1.2938791047014677
-0.011189082474374694,-0.005114018231515523,0.008059605128744747,0.0019613374558349714,0.6906251307146096,2.1490029878699595,-2.266493301167689,-1.2456214966285426
-0.011173643195285264,-0.005110329392962121,0.008065920744236088,0.0019359279959215946,0.6875595812396563,2.1303691771194297,-2.2742463918619404,-1.2295444444814254
-0.011158239266245332,-0.005106813569344385,0.008072268336660535,0.001910649566443852,0.6844773690952982,2.111892177847326,-2.281960247642591,-1.213531386630317
-0.011081430801373438,-0.005089172171824668,0.008101633508019975,0.0017839972863937903,0.6675831804950082,2.018914837689404,-2.317931682778425,-1.1332447738073144
-0.01114287216104172,-0.00510338046528784,0.00807854303973691,0.0018854414476897543,0.681271590910102,2.0934768147933713,-2.289560157942225,-1.1975489318928092
-0.011127528251630145,-0.005099874922089701,0.008084574453290144,0.0018601829579017114,0.6779000220066776,2.0749595661741442,-2.2969214861392193,-1.181536461075412
-0.01111218703605773,-0.005096279981685583,0.00809035669932419,0.001834837526097222,0.674457074937962,2.056313861650684,-2.304042814347362,-1.1654757629483365
-0.011096824622064079,-0.005092692813075741,0.00809601819744389,0.0018094350430103163,0.6710218145301448,2.0376168350340964,-2.311026319622791,-1.1493764014220054
-0.011200276270415664,-0.0051012175129648545,0.008036948028962994,0.0019689284765421837,0.6849284793469286,2.1476474720571286,-2.2466225191788283,-1.253621488517101
-0.01121589969939932,-0.0051052005486133265,0.00803060275659251,0.0019946055226965835,0.6880970232951203,2.166466379281342,-2.2387375623173322,-1.2697716769262986
-0.011231452454020336,-0.005109308571919448,0.008024303380951446,0.0020202326104377965,0.6912494003927959,2.185289530318983,-2.230845211171545,-1.285859764785589
-0.010999010573098628,-0.00505667267960705,0.008113299397359837,0.0016394309564014156,0.6412950940049206,1.9074010712273477,-2.339555893967434,-1.0450528749633063
-0.011014621518620787,-0.005059457883491909,0.008107469017560246,0.001664788320127453,0.6447511886581846,1.9257051435634815,-2.3326891475868874,-1.0612300130462404
-0.011030278645613468,-0.005062469780587319,0.008101730232036405,0.0016903105751433433,0.6482575520131317,1.9442029429273748,-2.3258456555372358,-1.077469178791335
-0.011045901884389314,-0.005065688762807503,0.008096106956718094,0.0017158695282605758,0.6517909940776296,1.9628010784748875,-2.319054863750136,-1.0936895496045584
-0.011061457242805522,-0.0050690692811897475,0.00809056731362383,0.0017413908290561076,0.6553282349517423,1.9814308573926265,-2.3122968512770536,-1.109852007009196
-0.011076941988423477,-0.0050725704884271765,0.008085066722861902,0.0017668487871264937,0.6588515497405983,2.0000578831063067,-2.30553732681331,-1.125948779763709
-0.010858729714771559,-0.005029650775406224,0.008156831502741485,0.0014090747633305966,0.6065127837414984,1.7400038463972247,-2.392520403777335,-0.8989041188397743
-0.0095758381337805,0.004924769520178744,0.008193108142512291,6.842641928494763E-4,0.20233314563247703,0.28645033549811755,2.5408020728940035,0.42472962161115957
-0.00958992026670008,0.004912478724379193,0.008182109937085078,6.589470012768934E-4,0.20575988357812738,0.29855209030662944,2.532260928373225,0.4079316137002302
-0.009607408634384125,0.004899261348193343,0.00817072047499757,6.282032459940247E-4,0.21010296238287965,0.3140348043791657,2.5231553754033205,0.3875256569793338
-0.00955533223933086,0.0049170444652603075,0.00817899204656977,7.14919826561364E-4,0.1952334090987403,0.262485536458779,2.532890975308872,0.4442341847862545
-0.009534891795946895,0.004911717392526687,0.008167468549696811,7.458627422085442E-4,0.18843508520815166,0.2392411601097977,2.526708576170553,0.4641056989155327
-0.009515115906207265,0.004906677056004707,0.0081562382155129,7.756488287624272E-4,0.1819616661782502,0.216837208641651,2.520643472421858,0.4833115310422145
-0.009497912482029542,0.0049059461693980195,0.008150543341557088,8.024614642261048E-4,0.17668500595953104,0.198250731301817,2.51813106654381,0.5007313182973425
-0.009484897214564978,0.004898368476091339,0.008137968633782333,8.206371877084895E-4,0.17222176370894698,0.1825830136515409,2.5105971688862003,0.5124611558858922
-0.009450286859820644,0.004914241458504655,0.008145892726814314,8.795706778015889E-4,0.16260088234803335,0.14917010675818906,2.5187552657202286,0.5511001612683245
-0.009468145581233774,0.004903644938479179,0.008139091370516964,8.48380440052466E-4,0.16745474038359429,0.1658845630753989,2.5127046553820658,0.5306392252081372
-0.009207252886580084,0.004920560436587339,0.008060113627981933,0.0012561031881966123,0.09277142022375007,-0.10812421747769493,2.478938119305828,0.7999131305084445
-0.009256858441015576,0.004928345887220227,0.008090850608773632,0.0011841410199670379,0.10635544438109433,-0.05416366093460324,2.496383420141329,0.7515471967914705
-0.009232582774205137,0.0049231864001459125,0.00807441542814181,0.0012189041492987084,0.09964794002097647,-0.0808463404811718,2.486889923711846,0.7748979988487604
-0.009279380451705375,0.004911634256540911,0.008080934338362393,0.0011427805142809318,0.11264702496565258,-0.033406038110294016,2.4876919229576617,0.7245597295083855
-0.009325598769158524,0.004916720441712732,0.00810520326166399,0.001073998355232298,0.1258176273731011,0.016653159041090385,2.500799542650062,0.6788135185469956
-0.009305973314207346,0.004906002231016364,0.00808515313388309,0.0010999129621843717,0.11999915268072861,-0.006290227965519981,2.488483459686387,0.6962259395154673
-0.009430679928600335,0.0049080509841274746,0.008132438314434018,9.081980389165573E-4,0.156397195603279,0.12683577960178918,2.511129258494025,0.5697964260132595
-0.009386673915557232,0.004912448552934701,0.008122693605883422,9.780690607075397E-4,0.1435174118111193,0.08083199402520225,2.507951608228323,0.6156211054595007
-0.009407327930654266,0.004906362416405639,0.008122741343043543,9.439368821540472E-4,0.14935577363823782,0.10155838930695836,2.506342466485862,0.5932276303427235
-0.009349504845852277,0.004906235725812637,0.00810210079818992,0.0010332444091332542,0.13245520259641608,0.03996957154172139,2.4967561736967947,0.652057871080126
-0.009370225612882161,0.004901936038827152,0.008104687179813563,9.997673645624617E-4,0.13834123803639642,0.06111834982321919,2.496878640862241,0.6300153064181495
-0.008821515528323961,0.004926432253628214,0.007851186564148004,0.0018183858620728628,0.0026992022590918005,-0.5074337214997677,2.3588289408234,1.1848925259521461
-0.008995713106146459,0.004927234900924173,0.007959579144692567,0.0015725807124291305,0.039521051717575625,-0.32882110243622154,2.4243994232255517,1.0142931574447691
-0.009035371872078446,0.004916429707211667,0.007969473631396285,0.00150900647153001,0.04926759565162075,-0.28896889212091165,2.428358358778745,0.9714714874318843
-0.009012401454055035,0.004919512489770394,0.007960252685611862,0.001544057375082927,0.04374927313495292,-0.31242434074636677,2.4235410448263277,0.9952647965341256
-0.008890946281555635,0.0049127320292240515,0.00788064822327221,0.0017130641513204415,0.01750871275174043,-0.4380156045337596,2.3751144330670733,1.1126180614788987
-0.008858973552823775,0.004914940128331228,0.007862864173062,0.0017590385132913707,0.010842065803281335,-0.4703093971147096,2.364511565836589,1.1444589798790037
-0.00897399641722828,0.004924798290170574,0.007944308728108342,0.0016024952733598645,0.034682650376634656,-0.3516344454560554,2.4150765114921,1.0350963505157724
-0.008947034174344892,0.0049138915351401415,0.007916149451780067,0.0016346282177496301,0.02931186552279912,-0.3805523595506642,2.3967215460438536,1.058115507976532
-0.00891953803997548,0.0049123453417745004,0.007897860839548125,0.001672641143839858,0.023507095782870854,-0.408848177003779,2.385510513907168,1.0845361998337504
-0.009040277263647922,0.004885240450667098,0.007936902630748454,0.0014849361767866737,0.05176209309470369,-0.2877802308462561,2.4044253367007475,0.9570778876850924
-0.009079369701483538,0.004902032470508265,0.007976645370543036,0.0014371613443342763,0.06040997952712074,-0.24508476908436294,2.429979952337628,0.9232831042031799
-0.009060967386101945,0.004884000825045692,0.007946583258540856,0.001454426603710704,0.056625789163223875,-0.2665778554815813,2.409789737790151,0.936250129588742
-0.009106041749629314,0.004898154970574283,0.007985952499968939,0.0013960999992157772,0.06697035647191758,-0.21785812805946156,2.434539699312074,0.8955501190368419
-0.009134434318267557,0.004901439004966909,0.008003849651548501,0.0013559186523044284,0.07406252380791628,-0.1877506998206824,2.4450510929107363,0.868091790654887
-0.009164085853593285,0.004908934362245732,0.00802674158063059,0.001315508004004541,0.08150979619879019,-0.15552830987110114,2.458920784533134,0.8403922276886738
-0.009187565653264873,0.004907243817782469,0.008035809435731811,0.001279627717841737,0.08769423830772806,-0.13111627726966976,2.463427072119692,0.8162881526582033
-0.0071166103670939765,-0.005446659389212064,0.006488342656770659,-0.0040907146056646,-0.06465649827685889,-1.9273196900928338,-1.3423501728592515,2.6833032590624657
-0.007141659566353609,-0.005399439569232059,0.006492355509476738,-0.004012919290556046,-0.06688662114774753,-1.8928970087574015,-1.3508865958069276,2.630799713571994
-0.007322282379125282,-0.005349481551352907,0.006701032785574996,-0.00384065003819534,-0.08538801521745891,-1.8005682385044306,-1.5169474068792173,2.54603358739781
-0.007275899766123527,-0.005353567038974515,0.006642203014906273,-0.00387492094788133,-0.08065393869837008,-1.8215514134398807,-1.4706877195938015,2.561197874357856
-0.007228378408146399,-0.005360116238361717,0.006583241058685096,-0.003911879891122002,-0.07593850071285074,-1.842765407826856,-1.424418444317208,2.577412372722771
-0.0071823706815525475,-0.005371509506603649,0.006529172175359345,-0.003953152268776399,-0.07126661315974812,-1.8646314064696783,-1.3817584006028645,2.5966610034686037
-0.006983128984418683,-0.0054658886515163985,0.006314934128670517,-0.004180276443642394,-0.04834979173847243,-1.9706319811181496,-1.2082183410902088,2.7089517839559947
-0.0070578557937002115,-0.00544266177376765,0.006404623336795776,-0.004114162817406956,-0.0576423247779616,-1.940562826919661,-1.279005677670226,2.6830762354818796
-0.0070115594074135704,-0.0054378059942601625,0.006337961268417134,-0.004128900001003517,-0.051930658178479736,-1.9483145913680116,-1.2293297921599904,2.679308027926732
-0.0069267023194547,-0.005451089977361499,0.006228673956304275,-0.0041833888157112335,-0.04143031431521147,-1.9716069687107518,-1.1464875736613658,2.6912288568732374
-0.006781119151619587,-0.00554119687966246,0.0060722047383004974,-0.004361053586748028,-0.021364610536886767,-2.0415717926970873,-1.0185185957074945,2.7700070394883984
-0.006869532301271214,-0.005472302738101497,0.006161081168907331,-0.004234682482254919,-0.03446119840508439,-1.992054800719427,-1.0938735721173087,2.709229198477912
-0.0068212106538140275,-0.005501956261398882,0.006109158092775423,-0.004292966214795489,-0.027868399394089468,-2.0147819578350106,-1.051719700960284,2.734708530909849
-0.006873736049928105,-0.005418878115457404,0.006139240088961618,-0.004159987472085932,-0.03579787918917859,-1.9604874480965973,-1.0863432941381745,2.655198679016387
-0.006641150145329686,-0.005632125231927421,0.005914412466901841,-0.004528302512602576,0.0012432941700781833,-2.0997634156744813,-0.8894279667717725,2.835049645484471
-0.006685250746740224,-0.005580258484502911,0.005955046280425812,-0.00444380136595294,-0.007505011083378003,-2.0686656265359566,-0.9281762519963525,2.7919961018837336
-0.00672105314253349,-0.00552462312652186,0.005980636735847478,-0.004356089384904792,-0.014486289982273795,-2.03466600911652,-0.956759113055046,2.7424393272741696
-0.006379806615877396,-0.0057672694213248875,0.005587781882368462,-0.004763681244607797,0.043440822870529,-2.1537994361699426,-0.640556902164915,2.876945197699761
-0.006404257739370244,-0.005711115182880427,0.005606187826172033,-0.00468145290418842,0.035153287420708605,-2.1248459634649337,-0.6670488313108685,2.832174743288483
-0.005826289287041822,-0.00609402058314226,0.004856775313310941,-0.005200657673653598,0.13098069242194907,-2.155176181814019,-0.1365339565407532,2.830879812507223
-0.005869692092491726,-0.006031979429142088,0.004914330883181223,-0.005122127833579997,0.1191975776314662,-2.14435918377604,-0.18651053696619382,2.8139323253685125
-0.005904863898661791,-0.0059613250598162006,0.004958150703734899,-0.0050299228050135905,0.10721840293602401,-2.1246685842453554,-0.23243182025551443,2.7825371452308474
-0.005730320547568388,-0.006076503195295589,0.004726993333335402,-0.005161161927675067,0.13248634766724046,-2.108151381582171,-0.08765448480144956,2.7497858403011346
-0.006305502970860299,-0.005774858305463528,0.005484345304095664,-0.004780231290744023,0.05192442181798839,-2.1435561982877984,-0.5750006822943766,2.849201797363612
-0.006241782338646605,-0.005801365627688071,0.005400947215989137,-0.0048207224189561896,0.06056570848774683,-2.1441739884797943,-0.5186014809925243,2.84220445580647
-0.006120940847209337,-0.005891905892518881,0.005248563882985308,-0.004948223785912681,0.08240086280126403,-2.161239960146043,-0.4041743305178496,2.857997668012471
-0.0061762486674271835,-0.005839195741240696,0.005316820948498196,-0.004875011117672515,0.07131890414431724,-2.14848741908262,-0.4586045203808538,2.8419971302028197
-0.006176528697545236,-0.005775393286721347,0.005304767591193601,-0.004786511620232411,0.06443737831738039,-2.1143234794666124,-0.4708251048522861,2.785096469024698
-0.006033172628910678,-0.00587768671177951,0.005124763066047366,-0.004925382623466424,0.08778330022051105,-2.12708099478277,-0.34286133955198345,2.79398138055819
-0.005925361428328273,-0.005873320275029369,0.004978326595808343,-0.004913164229793806,0.09485141577368549,-2.0908529937946376,-0.2715996546310437,2.72730476929544
-0.006564097993789953,-0.0056353973064845325,0.005806353282922393,-0.004549537984592174,0.010727049795717371,-2.09791202082214,-0.8151160813707278,2.8152595116750807
-0.006436274195635918,-0.005649804850033694,0.005632177032721628,-0.0045914315940447275,0.02617797019316437,-2.0939274277414133,-0.6988485988698783,2.785502741836795
-0.006494684697557216,-0.005620755813753644,0.005703826045336352,-0.004541835580644177,0.01790446103139311,-2.083615011526944,-0.7512956200942824,2.778122711146408
-0.008681847059429463,-0.00497444896634779,0.007806087713841903,-0.002042410170001095,-0.026588800263562057,-0.6457439746515262,-2.3362222113208624,1.3379669258590494
-0.008655048987107105,-0.00498688816527502,0.007799670070380499,-0.0020876832929824503,-0.03212481719873006,-0.6722210317016623,-2.3335399023035435,1.368740858883086
-0.008456537392039354,-0.005004063963438793,0.007657326685629199,-0.0023582264685946125,-0.061056943008480934,-0.8659342346356916,-2.239521120871523,1.559972967928129
-0.008513802119021889,-0.005012899905755973,0.007715393607077717,-0.0022933777400708857,-0.05519518758794289,-0.8115409337109191,-2.280238847566247,1.5127622520493824
-0.008484898690763784,-0.004997029727343261,0.007674009942889175,-0.0023167110808994715,-0.05703958601883776,-0.8385714303600109,-2.2503585715646652,1.5309940277318599
-0.00854189163207667,-0.0049906724238328,0.007714553159137341,-0.002238994421634045,-0.04908091226297684,-0.783565343295069,-2.277382383741952,1.4761484809793364
-0.008626331217995425,-0.004974058065524502,0.007763573707895126,-0.002115960079094118,-0.035253889481541296,-0.7008351707083748,-2.308331892995596,1.3902272189607114
-0.008573166726734615,-0.004976734671725351,0.007724742312864147,-0.00218744021783071,-0.043272454241972395,-0.752886884318111,-2.2827468970174203,1.4408033276073366
-0.008599619323019522,-0.004966096417827861,0.007734142159221831,-0.002144726762324193,-0.038455520658756764,-0.7269625913063101,-2.287861685743211,1.4114619017558467
-0.007601700840330526,-0.005273342200937313,0.007002793363882255,-0.0035399947292345173,-0.10514549969194288,-1.6202128713989843,-1.7578703642903226,2.36945844199097
-0.007626313240136162,-0.005258284678953002,0.007020722561235847,-0.0035010873268615434,-0.10575720300532956,-1.598828299589852,-1.7721770101293468,2.343722207409706
-0.007631925905219531,-0.0052319150014130495,0.007005203352530234,-0.003463859481903037,-0.10353048393965128,-1.584524298662097,-1.7603123661598734,2.316974375325656
-0.007486847043256695,-0.005345413584776856,0.00691526082562186,-0.003721753987868333,-0.10129545122803861,-1.7191721464186502,-1.6864262698361063,2.4891044328446843
-0.00751317276555283,-0.005306942360862538,0.006918139383786719,-0.003652025977430897,-0.10083688894613922,-1.6865296101488225,-1.6901969891208617,2.4405930437663823
-0.007535588331749665,-0.005278646558270846,0.006923715511135666,-0.0035987910667177997,-0.10062081106369314,-1.6611090211295736,-1.6954479496997827,2.404061519480004
-0.007562025669739582,-0.005256407014875342,0.006938844167410159,-0.003550272787845267,-0.10101953326210618,-1.636299187714606,-1.70788554474852,2.371801636386237
-0.0074365733626038915,-0.005326851030317775,0.006834653329159799,-0.003733969967797989,-0.09541302973839415,-1.736362501165137,-1.6233734554156218,2.4889246688612534
-0.007391445519653421,-0.005314713045201891,0.006766357423371362,-0.0037493882139010572,-0.09057807710516098,-1.7521259235074342,-1.5703198262705669,2.491534377894409
-0.007343139527530497,-0.0053079407590663754,0.006698226682035621,-0.003772532160174966,-0.0856329075243998,-1.770245221537366,-1.5175205693769394,2.49873505063193
-0.008143844136679209,-0.005132994335380401,0.0074957562144796356,-0.0028519326620596243,-0.10063108925805098,-1.168213109364726,-2.1344171817653748,1.9030874739419816
-0.008114014898398714,-0.005142056844112575,0.007473912985307841,-0.002894639699271504,-0.10288351647512113,-1.195991656860658,-2.118821540344669,1.9330070047361605
-0.008184749302977168,-0.005107348587012974,0.007511255567213505,-0.0027794804599106204,-0.09557894721693115,-1.1275741074775885,-2.144004176270364,1.8529304891206286
-0.008154428878829037,-0.005110810745703186,0.007483966418186777,-0.0028172272609319157,-0.09748675304495322,-1.154800391327553,-2.124161614955797,1.87957667595176
-0.008085641927605105,-0.0051221360196190505,0.007423956417990382,-0.00290475718255696,-0.10108755986762132,-1.2162649465263689,-2.0801252013875775,1.941148497384934
-0.008048345795606107,-0.005101319695311859,0.007363972669913516,-0.0029225483166692764,-0.09947461045333768,-1.242513614942734,-2.0340992935421505,1.9543366970036722
-0.007988750134911496,-0.005106248127258722,0.007304937251829838,-0.002989461060463945,-0.10090143609083892,-1.2913310264729978,-1.989880224110611,2.0004556212697264
-0.008011135702547835,-0.005084202565291031,0.007307895752524757,-0.0029429613589571062,-0.09823506686624849,-1.2680668159755204,-1.9912158455728706,1.9686523737451986
-0.007705948280746383,-0.005240069196285493,0.00710291785977822,-0.0034111781894856077,-0.10861904163961644,-1.5405219070280245,-1.8368644973458326,2.286215773147395
-0.007740326976244931,-0.0052079116917770184,0.007115854948690094,-0.00334211727532055,-0.10711409935173637,-1.505305524269896,-1.84689835456754,2.2389708538940902
-0.007780353054611157,-0.005190908217854458,0.0071480997073580755,-0.0032859997879099534,-0.10709377787768289,-1.4717844928866326,-1.8717781585667679,2.2015383283123544
-0.007793237474427753,-0.005145833336095475,0.007122706830529508,-0.003221744901082079,-0.10321433804310216,-1.4471377993095629,-1.8516995128619123,2.156250939569657
-0.007955668589867805,-0.005093885239215969,0.007257358118664419,-0.0030092827754449065,-0.09985298116307861,-1.3135420312153654,-1.9534239723423237,2.01389170168706
-0.007922639561648778,-0.005105074350038802,0.007231665377768612,-0.0030540033645354257,-0.1008895905302399,-1.3416411104220443,-1.9342477303122017,2.044271025530978
-0.007879930554003975,-0.005126722042460305,0.0072041760000588215,-0.003119312762286487,-0.10296175102675821,-1.3795729879874692,-1.9138914005601464,2.088400420029948
-0.007835103944323995,-0.005135842918244247,0.007161782238754446,-0.0031718832338558274,-0.10323086338903519,-1.4145388499234695,-1.8816441659654182,2.1232250259434724
-0.007659769045119137,-0.0052119007027636695,0.007022213015454572,-0.003416323878492056,-0.10346732696444005,-1.559221497902378,-1.7738637461960927,2.285235327248309
-0.008186649222441094,-0.005070074989737775,0.007475113423182497,-0.0027399284328250405,-0.09091496530459975,-1.1196661750293693,-2.1147752789718997,1.8273186516822066
-0.00822324168933242,-0.005057048440936471,0.007497994206131834,-0.002685668032687541,-0.08726677193728506,-1.0854476504786719,-2.130601384832566,1.789516948964892
-0.008432540028634703,-0.004974725272368859,0.007605650331769759,-0.002362524925677872,-0.060525629823987355,-0.8862575330956678,-2.2009057601934416,1.5656414210835223
-0.008403670251123693,-0.004986623507554592,0.007592907390967371,-0.002408002142380066,-0.06466754012023729,-0.9139547050053982,-2.193016379134966,1.597043896155883
-0.008367907883707002,-0.004983303263492288,0.00755772515514507,-0.0024479702100912086,-0.06785515618206085,-0.9464018543806656,-2.167925771868068,1.6259125713314435
-0.00826391915734136,-0.005042120461506691,0.007522050338806806,-0.002624500156677974,-0.08308544869021241,-1.0472321347254006,-2.146993432722295,1.7470689913134938
-0.008295851893320773,-0.005014007150371942,0.007523414269308341,-0.002560862958323734,-0.07725042146327948,-1.0148701087974221,-2.1458996879781185,1.7038564032703294
-0.008328672120890807,-0.004998004423239439,0.007537357939532614,-0.0025076853920726395,-0.07278448375386125,-0.9835000569477576,-2.1546242124034443,1.667293345896297
-0.008335189184926392,-0.004967690401156607,0.007512301798748543,-0.0024724721315832706,-0.0688542190912253,-0.9738037150155245,-2.134545037491777,1.644335315776416
-0.008739930066172952,-0.0049855278870128555,0.007860816226054149,-0.001971539870842281,-0.017561718786359145,-0.5868415614934296,-2.3727417773539394,1.2867469452428715
-0.008771553236682867,-0.004972866338719243,0.007868978811199663,-0.0019189801119710288,-0.01062051918033917,-0.5553811916876735,-2.376227635034024,1.2510800097351262
-0.00879651415472565,-0.004959284124889831,0.00787097899676968,-0.001875058006718536,-0.004658198299704414,-0.5308080743302468,-2.3756136012724114,1.221593364649796
-0.008820837086219547,-0.0049483276431964,0.007875128667931797,-0.0018338933541006198,8.488631939470409E-4,-0.5067677713692871,-2.376701109982427,1.1938046184091153
-0.008846483003772826,-0.004939823384161959,0.00788253205952656,-0.0017925376801594618,0.006548597649890012,-0.48123880910894085,-2.3800988131315948,1.1656800745376577
-0.00887239591970984,-0.0049285406721238005,0.007886607066967206,-0.001749017253258076,0.012654566907234375,-0.4556718721992968,-2.3810043934442695,1.1363216377206333
-0.00871077772245977,-0.004961773992554557,0.007813359908615898,-0.0019941328693669855,-0.020416734711228197,-0.6171670797917704,-2.339365101547257,1.30509969684379
-0.004763712259234425,0.006770113754371166,0.0034008149841549015,0.005707497746290238,0.20531813114817934,-1.8214168424583714,-0.5451355926661239,2.328728138591018
-0.004831557486345596,0.006661028118643943,0.003513533560909728,0.005614064836390958,0.19810862177076868,-1.843717293454892,-0.4817571552865528,2.3550227766637417
-0.004237034978407601,0.006906611747975755,0.0028085915075635823,0.005626011765877618,0.17339547207588696,-1.6018269969181596,-0.6181113484891566,2.0050798601628586
-0.004624057104357156,0.006776430313361996,0.0032477615058145947,0.005655998471337937,0.19516615588136357,-1.7589859523709468,-0.5565265052958356,2.2331330923379547
-0.0044766530013062465,0.006797230952225211,0.0030870499234343465,0.005617014319691668,0.1852753635940743,-1.6973883414069346,-0.5708237717853005,2.140837219603053
-0.004330905169063165,0.006828941312746795,0.0029296166643100596,0.005589430999821847,0.1768276863567386,-1.6391592667088453,-0.5855115042179505,2.05579823249585
-0.0071700134100408765,0.005364877381514182,0.0065081603053298255,0.003951026215723306,-0.06962201436907652,-1.8649695750270163,1.3665374841375486,2.5915032445083503
-0.007918667618126094,0.0050891257653910785,0.007212527844828896,0.0030403321702801617,-0.09934641601679843,-1.3399143153429072,1.9192470935983459,2.034613687136027
-0.007850360710107328,0.005128285410403435,0.00717225045723783,0.0031490480240747958,-0.10249744301608954,-1.4015082766682776,1.8894076442395777,2.108202086042962
-0.007867012184060695,0.005084571266740954,0.007151390456230187,0.0030844675768798607,-0.09862055770731393,-1.3757026953201226,1.8728516084033233,2.0634985595669737
-0.0078016835564575695,0.005142048151582152,0.0071290759592718194,0.003209715488144287,-0.1028950064873421,-1.4401589759676494,1.856545036275904,2.1484134454542403
-0.00774997403817547,0.005139228691155241,0.007066763846412863,0.0032526571778695476,-0.10136217962201778,-1.4738076047629962,1.8088165643707084,2.175280072575298
-0.007189796560366694,0.005311875563105566,0.006499778860449266,0.0038697475083297552,-0.07076105276298116,-1.8299095677206585,1.3652125401777158,2.535264669173188
-0.007211852145654685,0.00527230453980611,0.006502672582304915,0.00380569143152939,-0.0720211178662984,-1.8017129621471213,1.3709415830738791,2.492887965976875
-0.007698915907219756,0.0051357811451382684,0.007004190391935339,0.0032925564319231525,-0.09896176455701668,-1.505180857900587,1.760580642073546,2.1994861291853915
-0.007583172506589724,0.005196794947961641,0.006916224043351724,0.0034599075338989124,-0.09808035778650025,-1.598380178553475,1.6917966814266745,2.307608567549457
-0.00760917697775556,0.005163685403380705,0.006920810301141409,0.003399224259601902,-0.09710115881156638,-1.569753202118947,1.6960649762020223,2.2666767402443124
-0.0076488476977202985,0.0051476594451551295,0.00695504564255045,0.0033481301928492547,-0.09775750454994953,-1.5402248555246911,1.7225868940082611,2.2344100083798506
-0.007251151004576979,0.005255111843158113,0.006542002300339639,0.003760783098877851,-0.07530444896254436,-1.7792358081743844,1.4019881146620075,2.468862852150664
-0.0075392400069816505,0.005201380695403576,0.006866000352286214,0.0034993482357212878,-0.09582043045025807,-1.6246601354065706,1.6526935705760983,2.3304987738697203
-0.007500361723368174,0.005211831067263555,0.006826130787643994,0.0035413152431707077,-0.09344904587168723,-1.6497025477848921,1.6215467149631084,2.3553601524455616
-0.007466863905600892,0.005198041379279941,0.006773910578737287,0.0035484109087628667,-0.09024114558207641,-1.660366522255292,1.5817328509931055,2.3552198582761035
-0.007301158113824902,0.00524209219488387,0.006597182836988573,0.0037139635801467486,-0.07925126562136788,-1.7541607501378322,1.444569355324287,2.445568515958714
-0.007365356813412688,0.0052378797338526175,0.006675989514319706,0.0036677687029495446,-0.08430947959336474,-1.7259315696929889,1.5046352470398219,2.4248939718759766
-0.007424211411358222,0.005212914973023755,0.0067319223975636855,0.003596781139423135,-0.08768616943221656,-1.6876590553360662,1.5487914740527975,2.383561555479179
-0.007086098117884648,0.005417135857806519,0.006427734086048756,0.0040654046262157085,-0.060761600275023954,-1.9186750214651378,1.2995287590046962,2.654433267354815
-0.007114362746379591,0.005369383096606266,0.006436269165522792,0.003986434894694177,-0.06379158208015855,-1.8839968160197638,1.3113241027463414,2.6025808358269455
-0.0070289558248181755,0.00541494712413106,0.006348338273940288,0.004089661602680175,-0.05431470673777299,-1.931201639501186,1.2399885795709553,2.6548067225250986
-0.0069898420579647125,0.005434302846042705,0.006306072806862054,0.00413375708349761,-0.04936982932316156,-1.9505460093889258,1.206100096076361,2.675281909332683
-0.006775915819095587,0.005505932273392607,0.006048113953565952,0.004313495837549403,-0.02192823647414227,-2.0208671584156854,1.0075403996642278,2.7327578098697405
-0.006942831240753925,0.0054308182496238125,0.006239682311076093,0.004148970533704045,-0.043770945385782044,-1.957257884952061,1.1572691585142192,2.671032019718847
-0.006882643336322772,0.005436391580406211,0.006160410186168899,0.0041804150577984785,-0.03678298914942466,-1.9695470253681708,1.098920640234739,2.673711196130102
-0.006817876966916519,0.005455936203381293,0.006081796836995075,0.004230642548113406,-0.028751232412516155,-1.9882379552449483,1.0397491359894049,2.6876010804720596
-0.006718431409355646,0.005508809625842099,0.005969890017531491,0.004334973491816702,-0.015089723246890133,-2.02530175881239,0.9524304468254137,2.7257918842027853
-0.006652951782072554,0.005517223166075401,0.005883342860392988,0.004364517654649905,-0.007038622681599682,-2.0311109238627907,0.8916453837903465,2.7205957883864933
-0.006583435444636638,0.005534819308141252,0.005795005378311028,0.004405468698215322,0.0017568121675634407,-2.0398574648567123,0.8293230031426672,2.7209917992248713
-0.005299871805687699,0.0063379343642583075,0.004148033837993657,0.0053959417608946255,0.17466862596827465,-2.005529433766449,-0.21589630757522077,2.5871256917385814
-0.005170373533124769,0.00637266956316707,0.003983443689409099,0.005399124796540905,0.17669640779946186,-1.954662882556286,-0.27066187040632755,2.5080030987492457
-0.004811084730967269,0.00652963431389999,0.0035306517195535063,0.005460339856793994,0.18115751692317417,-1.8216499993411546,-0.4174586730164274,2.3107154475216167
-0.004929518656851743,0.006463806784465128,0.0036810675425788153,0.005427502578412788,0.17962681070481942,-1.8639008363720142,-0.36764655057168977,2.3718085052921016
-0.005050113962473201,0.006412923765753104,0.0038322893722218983,0.005408715622415897,0.17840086159321863,-1.9086395742443136,-0.31942294767074864,2.4381514287657655
-0.005297009094496349,0.0061987405482709194,0.004165606479434119,0.005224065845889951,0.15535788452997712,-1.9678945288547138,-0.1526433194357085,2.5214112013972936
-0.006513389856398068,0.0055612050751023484,0.005708834869838955,0.004456215459633001,0.011060436375567707,-2.05097393925989,0.7678510156163348,2.726592648028788
-0.005394664618440497,0.006140893549585832,0.00429212129809252,0.0051764399246949444,0.14774774619720135,-1.9922254457322752,-0.09305691366300851,2.5583699302010348
-0.005922503632312838,0.005989732668916225,0.004984260755617511,0.005070539074831644,0.11018916307628537,-2.1443581335401674,0.23482724022633222,2.815872256796619
-0.005975998726278957,0.00590407201462964,0.005049772978748374,0.004958085592740608,0.09536358778186727,-2.1218795265323807,0.29608641368079974,2.7817260444259273
-0.005588803842977143,0.006086508193188135,0.0045412773120046546,0.005148590821677568,0.13784941611420073,-2.054218571518874,0.011301142198905679,2.6590046809656323
-0.005498874401903497,0.006087111267646836,0.004426652591196012,0.0051316818290339785,0.13974040418686318,-2.0177045539542373,-0.029091927817954246,2.5986650800517253
-0.005744817309693994,0.006022048031545458,0.00474609095077839,0.005091113174783933,0.12357142422418502,-2.091763310676754,0.11639456602484206,2.722086238524824
-0.005658099448170522,0.006031573434332932,0.004632459883597651,0.005089939873077791,0.12859758951294184,-2.061446938712994,0.06627091683378951,2.6711465807003054
-0.005813454449199172,0.00596987246012829,0.004835795909088113,0.0050311828553347366,0.1139644484665473,-2.095432233554454,0.1733367945177662,2.730076448613938
-0.006311433556187925,0.0057393574433052645,0.005483695545460018,0.00473000678932458,0.04739928879314953,-2.1246620259366047,0.5845594843925975,2.818214461530235
-0.006443837474806899,0.005592332201621382,0.005624207990644428,0.004510963527352377,0.021021852123173732,-2.062102371501694,0.7073209975262155,2.733613455182892
-0.006340504843550126,0.0056767497499557555,0.005507451215739814,0.00464049582602875,0.038894619507055285,-2.0949045382474147,0.6153164987730729,2.772497732379842
-0.006379426619284051,0.005614740847403666,0.005543189318119609,0.004550884172368023,0.028781446756232253,-2.066512859597623,0.6520401067283375,2.73113547495653
-0.006230287716464952,0.005738337343134756,0.005370903877845931,0.004733633083350526,0.05564828672243872,-2.1070400634461195,0.5184678566439597,2.77925616820824
-0.006160899495903516,0.0057368794837625425,0.005275759769125707,0.004734331389347653,0.061054896243773873,-2.090350510796715,0.465851368062829,2.7441337455401227
-0.006097347209024382,0.005784637885462822,0.005198280957148642,0.004799884869976747,0.07179583297123325,-2.098833528261754,0.40984938472639737,2.75232357189508
-0.006000370030266457,0.005796077920322298,0.0050695155847381435,0.004813731677141085,0.08049614947390547,-2.0775044232353674,0.3403147961940574,2.710131293405538
-0.004120689722339422,0.006915684912868255,0.002695727944702199,0.005586893805243603,0.164980840990726,-1.5585986579096467,-0.6161244915603089,1.9408343999770061
-0.003985366873322927,0.006964696657468847,0.0025532254870567358,0.0055765371859466265,0.15649465008657334,-1.507885530275278,-0.6282349507267558,1.869678600035009
-0.003835597267370819,0.0070195613081316145,0.0024000597803916584,0.005564319188811447,0.14751021147631901,-1.4541445693497854,-0.636628448313695,1.7934254097220645
-0.0036874788277124464,0.007070713434188518,0.002254964686989737,0.005548321366713178,0.13675828655534764,-1.4023990029967444,-0.6399849543698748,1.7201867261172226
-3.195790855324158E-4,0.009040806606856988,6.289974494611727E-5,0.005558474153706617,-0.04264671556939482,-0.43848166954718343,-0.10383124158990996,0.46617200672488884
-8.012587737737165E-4,0.009130918328209581,1.4487815720043169E-4,0.005622577141716663,-0.042129429722316,-0.41736438259391256,-0.266069397780421,0.4503466799878994
-0.0012658536736158193,0.009179944419140372,2.203432715704257E-4,0.005716440217357435,-0.038362272211081405,-0.41605125773443546,-0.428736901219759,0.46215085303990705
-0.0025218044711402313,0.008821772225057102,6.770937364866081E-4,0.006052300577404614,0.018229443969414314,-0.6528010348668164,-0.8513200693342725,0.7962607971733299
-0.0022238185942468507,0.00888576208994822,5.524712472746472E-4,0.005945688905925658,0.001881247903275409,-0.5918496884495498,-0.7488675874039123,0.7073647606600774
-0.0019806167213292994,0.008768764498083295,5.305744352784317E-4,0.005820752161646649,-0.001990297040500016,-0.6091604392294508,-0.6435738281226507,0.7102694123132164
-0.0016086573844316218,0.008844398829597193,3.9646186343761516E-4,0.005727101607178279,-0.017890605823588774,-0.5538928262053756,-0.521678993139338,0.6272315334409376
-0.0026426325128433067,0.008517571573322181,8.833659527832347E-4,0.005993880119376689,0.03952953284521754,-0.7864617285205305,-0.8346472786201043,0.9534879303527134
-0.002791684598129239,0.00818673390121663,0.0011232478794800345,0.005908406731215226,0.06251197069162105,-0.9243464901006507,-0.8059263040859649,1.1180667966101456
-0.002907267756686798,0.00786152090966449,0.0013467991261724304,0.005781674322393445,0.07868150366194775,-1.0435448259299738,-0.7501659148515419,1.2582174888651576
-0.003126196428294075,0.0077463365506936525,0.0015361090977994763,0.005805413913184819,0.09384924306182474,-1.1234885246117747,-0.7725504684986043,1.3664304967918748
-0.0032382516434834425,0.007622942420018007,0.001669175729989365,0.005773987598425128,0.10874623664708974,-1.1808644083162452,-0.7592327659898358,1.4401960358322363
-0.0033043377937184404,0.00742239492356345,0.00180899123227035,0.005663059748752913,0.11102150845205316,-1.2403004573365222,-0.7055235981531324,1.5083724524792843
-0.0035018315128165097,0.007129944580933457,0.0020820044463166296,0.005523298487312723,0.12501345107803044,-1.3399241015881564,-0.6377176240501047,1.633956521626471
-0.0033481178219830197,0.007235063789547543,0.0019217134941769943,0.005544093746549946,0.11463788145054714,-1.2834496069565393,-0.6506564320818551,1.558226693925527
1.3609749519362047E-4,0.00881128425722709,-3.294971773138835E-5,0.0055009980254702,-0.03405674515270201,-0.5083590965670748,0.042550615406447355,0.5445018021454953
5.112574749080942E-4,0.008468956092618727,-1.5685571809249E-4,0.005426021975029907,-0.02052705321023474,-0.6154859500952226,0.15026512239097653,0.6687764091996673
0.002623251272837627,0.006484907050180251,-0.001629125005951125,0.00478742863506451,0.07342102502652446,-1.2167178265544714,0.3580992240624839,1.4272209766912085
0.002241351228639362,0.00669760230958685,-0.0013214810022491414,0.004851707250267407,0.060650799425534356,-1.1351217283085633,0.3517791388488567,1.3192012655726006
0.0019820213452709542,0.006974090860099938,-0.0010967105206045723,0.0049728052057772,0.04893788010473021,-1.0621539238448903,0.357468858917375,1.2261118925221564
0.0016680772564264378,0.007035862372215242,-8.985239449111202E-4,0.004949239388593925,0.03980568081140395,-1.0169652436797834,0.31145566561783794,1.1627802678057506
0.0013945360727151122,0.007372304517056559,-6.851350970146653E-4,0.005085918324948467,0.02671720851969225,-0.9282686459049057,0.29815955406466393,1.0521679679923315
8.85494522644981E-4,0.008044571679605466,-3.396741190287153E-4,0.005316067489011158,-0.00204391390603575,-0.7430643450826929,0.23433351654635046,0.8222023750188836
0.0010602355392762574,0.0075893914496937345,-4.8340436007168335E-4,0.00514238207307246,0.014946982427388577,-0.8586537498430952,0.24517902182317602,0.9632100720051214
0.002652893535053563,0.006057427051886298,-0.001735126164766853,0.004484069114804195,0.07231554287356755,-1.2521190286703476,0.2807203509155652,1.467596242732527
0.0030073618509435704,0.005837247367708118,-0.0020401489651756823,0.00437796858986099,0.07891696466012367,-1.3155877047631457,0.2583425481990221,1.5512142295978564
-0.008620381429192811,0.00493835110970375,0.007720258461518414,0.002096255282584366,-0.03266532424629987,-0.7064263706158069,2.2755699582807654,1.379624285687916
-0.008758014655425209,0.004917592876164261,0.007798320546487125,0.0018989914130111967,-0.008435143260055039,-0.571501775510297,2.324223237745796,1.2422177573434958
-0.008730721530055231,0.004924669489714025,0.007786902186521149,0.0019406517523443416,-0.013662696829322802,-0.598354895586067,2.317728419461568,1.2708871729814324
-0.008704642431396096,0.004916766764911725,0.0077596296015169305,0.00196973879787559,-0.017447222854659054,-0.624310374734624,2.2991201424982592,1.2921858375793924
-0.008672938633066745,0.004913481771421173,0.007732970019338832,0.0020090949930573108,-0.022197194760913693,-0.6553286616009704,2.281268159526299,1.3202416329174216
-0.008802775764723419,0.0048889554351450445,0.007797452458960561,0.0018190607104580823,0.002035768701752181,-0.5281922161007343,2.3200739832021857,1.1885951731641138
-0.008767679723384372,0.004889005186526716,0.007773790274094235,0.0018663022775774008,-0.0043129877182436225,-0.5629712652608219,2.3049604578144343,1.2218007972447704
-0.008639394488242904,0.0049063509093504555,0.00770036834660785,0.0020473766123131503,-0.026758756518819118,-0.6877276972051706,2.258930179387484,1.3479283801319524
-0.008383158881138329,0.004991853548808196,0.007580198399500987,0.002437369532865819,-0.06729745010086739,-0.9332983791767396,2.1845525784598654,1.6175562654430922
-0.008562775536860325,0.004968535800892489,0.007707568025192646,0.0021942627309970643,-0.0439169412307055,-0.7627441143439223,2.2702743264562772,1.4464271014706591
-0.008583876391936607,0.004934680132327749,0.007688006451687286,0.0021403961611925603,-0.037598711968229746,-0.7415202716258325,2.2535872382309634,1.4112748264642059
-0.008524202909769874,0.004958848418983464,0.007665965606029042,0.0022354722353400695,-0.04802431101227574,-0.7992930795588272,2.241059324439686,1.4766415654406801
-0.008486898583895756,0.004957161029401067,0.007633357986270698,0.0022807156898637733,-0.052432762707606446,-0.8344222689112463,2.218527814181629,1.509023474983403
-0.00844572776852601,0.0049628680454578316,0.00760457052001892,0.0023362305097422574,-0.057691580637927134,-0.87316745998449,2.1991155732480654,1.5480219517520095
-0.008405789660214854,0.004957957461549736,0.007564997916662742,0.0023803466243374153,-0.06133935935894714,-0.9093295953811215,2.1710643821295643,1.5797296826550637
-0.008346128474431218,0.004988135428947595,0.007543095566261701,0.0024781391856334833,-0.07027736855932697,-0.9665652312026046,2.1579454380390897,1.6469243197887542
-0.00831127386769384,0.004981575887550083,0.007504613792960072,0.002512923298420102,-0.07247556325933631,-0.9968403685899762,2.1299614172235874,1.6720812784812573
-0.008273602954011519,0.004979819594418627,0.007467977105393544,0.002554542161505234,-0.07509986114173321,-1.029518047447869,2.1035638301128685,1.7015815315457952
-0.008216061902638752,0.005025473978911612,0.007459060485204195,0.002663019982769483,-0.0839798268271673,-1.0865345144182876,2.1001171405222485,1.7754793319992241
-0.00816844536175973,0.005037891367050319,0.007424720116434954,0.0027281488411395457,-0.08794241167952131,-1.129421663630521,2.075780682282888,1.8207260019199543
-0.008092201628288767,0.005052433736353809,0.007362056072237252,0.0028252523791553216,-0.0926592880156377,-1.1956279139909942,2.0302447114513655,1.8878951365768095
-0.008125646978289047,0.005032556765316043,0.007376675235831525,0.0027693395976953875,-0.08948046175037618,-1.1640002309585706,2.0400759643011757,1.8496885593689267
-0.008060958910772418,0.005030345920264846,0.007308682532192764,0.0028352880063767932,-0.09116019196756571,-1.2156477845838367,1.989540418422936,1.895373614310707
-0.008024486119898536,0.005033895934028044,0.007274259058409594,0.002876330447678321,-0.09247383638561929,-1.2450133679797866,1.963977793969354,1.9234377262243834
-0.007981687903625544,0.005032441280730091,0.007228002491380972,0.0029176701375004175,-0.09303914536278783,-1.277179024150957,1.9293015517051941,1.9514294589535053
-0.007936043425029096,0.005036476991091298,0.007183171067948573,0.0029664967452448427,-0.09379633866669013,-1.3119362473336569,1.8957356511668373,1.984110317357619
-0.00823279753784859,0.00498208008160015,0.007431819809911859,0.0026026298917406106,-0.07810899942224216,-1.0649085709508872,2.0775678235609583,1.7352956160883937
-0.011539122854737535,-0.005212818875565707,0.007894116010532038,0.002537910232096492,0.7504564319261612,2.57067422207067,-2.0575394451818636,-1.6056296311933387
-0.011523951300089272,-0.0052081255258050714,0.007902423600142573,0.002513074161905091,0.748458092720571,2.5527850051670247,-2.0681429849530026,-1.5903816953438124
-0.012234280680090968,0.014801705970938602,-0.007030335377903388,-0.003269706747695913,0.17654810836845572,-1.4818003771998518,2.2882064476419663,2.4675859969159113
-0.012300675453570461,0.014791360950423965,-0.006957845505930383,-0.003339198124522881,0.17417147829983542,-1.5326470323117525,2.2214273853491733,2.505380598064721
-0.012280732153740205,0.014814144917168164,-0.006955534273855095,-0.0032933356086067224,0.1721774443756687,-1.5061782945423239,2.2298962226618744,2.4698075332299503
-0.01237250147686071,0.014731903604242709,-0.006934978685010079,-0.003475546028660098,0.17796987276957876,-1.6143882332903574,2.1741751492656647,2.6043224286513085
-0.012329143106147968,0.014782827406164427,-0.006931274076468229,-0.003373561496877292,0.1734742637167621,-1.5560331902452236,2.194804206449391,2.5257048320821514
-0.012353479376362587,0.014759778671467676,-0.006927041684270287,-0.003423377695076098,0.17536063250820152,-1.5853691914111858,2.1804701950613317,2.562758692221759
-0.012423026360102845,0.014696237001367832,-0.006908515214256775,-0.003563005533051521,0.1798805645838154,-1.667382894949274,2.1345816970221025,2.664793626412072
-0.012406897558229484,0.014734305750360622,-0.006886038583885365,-0.0034991120413914024,0.1755064340334698,-1.6336360994439971,2.1335442230613277,2.610925945560289
-0.012506508482996014,0.014644114702663016,-0.006852117855396503,-0.003696847729281273,0.182036181130738,-1.748580502318282,2.0612632400533824,2.752798185199365
-0.012466662273865446,0.014684854668547104,-0.006861722828165433,-0.0036112706800373318,0.17864723947529804,-1.6997023282340409,2.0892099760469063,2.690174956802125
-0.012585302930579597,0.014594824650368375,-0.006793749167633839,-0.003821240188358332,0.18415714081033954,-1.822402741637591,1.9873682161718123,2.831884286358061
-0.012550443033865056,0.014621722515834545,-0.006814649142778801,-0.0037591991436648586,0.18231353462389974,-1.7866226038069242,2.0183659835157814,2.7904817897088976
-0.01263187778570266,0.014602738077479166,-0.006718353734277123,-0.0038400339357951554,0.1799557790936827,-1.8384905832564846,1.9276498674903437,2.8259888229948507
-0.012168792666949141,0.014856643527512155,-0.00704246976395106,-0.003143115242068416,0.17301397500849644,-1.4045696946413992,2.323537402111924,2.3726412050041894
-0.012106230555614052,0.014908400907759465,-0.007050906959357633,-0.0030235895238203236,0.16954592946937994,-1.3312518043376953,2.353351035002792,2.282344008944705
-0.012149784661539927,0.014899366689895489,-0.007010559236560084,-0.0030740440667588044,0.16842118952916532,-1.3680809429258713,2.3149750482893094,2.3132430227933853
-0.012213566337100329,0.014848494727698957,-0.006997405560713849,-0.003192719698844332,0.17162450835020263,-1.4409534367125796,2.281210554941762,2.4015946747380936
-0.012083840433866802,0.014963823610955745,-0.007004432235844458,-0.0029380711440776973,0.16385710591630973,-1.287016081493584,2.3374929360171026,2.208155420915228
-0.01208335047390527,0.015017703347692242,-0.006934695597994998,-0.0028762718309293983,0.15687331280765987,-1.2607451414428306,2.3010431899649912,2.1484350413316666
-0.011739178647298579,0.015101126503014867,-0.00718357829042575,-0.0024469345909196518,0.16422167963198853,-0.9450465860991627,2.5447735504355617,1.858658782161499
-0.011788947183468027,0.015094311031827871,-0.007143926656636914,-0.0025063313681635926,0.16253728463831374,-0.9915664399554608,2.508801518107727,1.8989250493513
-0.011835880054743763,0.015092928470342678,-0.00709842939212687,-0.00255624769289392,0.1600823653545398,-1.0325132373857293,2.4699872497493907,1.9306086382741003
-0.011891576333856464,0.015104060087827215,-0.007025916588589096,-0.0026008705612411537,0.1560284455037392,-1.0746471072127657,2.4132442002054297,1.953716707492866
-0.012005813349332166,0.015047294466489487,-0.006981621014359291,-0.002771622954625032,0.15741020078859772,-1.1889371773838933,2.3529029510632493,2.0769458179850933
-0.011953277602710685,0.015085692208481405,-0.006986540923569873,-0.0026802580744389216,0.15505119820155874,-1.131637167792283,2.3726657268226625,2.0082489921826436
-0.012055099905869622,0.015058375477313172,-0.006913126005806236,-0.00280533344314,0.15327391461769832,-1.221021631906391,2.2998619851821225,2.0907849361578936
-0.011466063442993368,0.015325947654466073,-0.007094224347612736,-0.0019498131723681034,0.14864084619870058,-0.6367950142012487,2.550238048887737,1.4623774758755401
-0.011519500454267365,0.015302147405876869,-0.007086711832342989,-0.0020278934297128033,0.14938200484816191,-0.6908000406949424,2.536254160226146,1.5217593200646118
-0.011635703181608578,0.015174143821001058,-0.007175019537190122,-0.0022658423130318592,0.16017059329347336,-0.8287655582815441,2.564639102567839,1.7167590251095672
-0.011583851491942507,0.015212829931131764,-0.007164314232325786,-0.0021742288436451492,0.15763870299619276,-0.7707684095365198,2.56950933097569,1.6444852346350627
-0.0115770343340759,0.015278252520174071,-0.007073978264128168,-0.0021104489099421993,0.1497040765453752,-0.748577153820237,2.517682348920196,1.5840316641961
-0.011720378818399074,0.015155185229977431,-0.007123644817681481,-0.0023746568429024763,0.1584587290266666,-0.910946350290418,2.514820797085046,1.79429677572554
-0.011688841381410728,0.01520113258820874,-0.007087035137579874,-0.0022982850957468967,0.1540932422245147,-0.8690821188536407,2.5014799163643118,1.7305987989046858
0.011310162812416506,0.022687936223651305,0.001285301479005474,-7.408574927811081E-5,-0.05326638720035208,-0.07672856736448663,-0.5164724080424863,0.1070410010164994
0.010584681658972757,0.021979227517755846,0.0016996557235239922,-6.45104129427013E-5,-0.016795834909337018,-0.03034383485436316,-0.5612446478453679,0.0653928380702643
0.009607224998268713,0.021238242188104328,0.0021187650457031213,2.8793700834500775E-5,0.017049019308986266,0.08382679718232976,-0.6158793464830121,-0.041897441417084146
0.009953235100384553,0.02177832477779879,0.0018223661935724924,-1.356624628383224E-5,0.007922257158847658,0.033013152231077134,-0.5760472482097958,0.0038934101456091163
0.00862873797449014,0.02050564761099262,0.002473509286584137,2.2133638551447663E-4,0.03746758403668359,0.2522801116353787,-0.659406827150292,-0.19869025211504557
0.008984808013843293,0.021205973967012782,0.0021107972858684303,1.0937060849138025E-4,0.03700456203044706,0.15915425902789568,-0.6034639211137734,-0.11643242031448194
0.00771192238740272,0.019754422522202036,0.0027555051036890392,5.166887435214673E-4,0.04387355988882334,0.46163361931607577,-0.6799371151818195,-0.3904699158329263
0.008015971520129181,0.02045268740754433,0.00242199801819031,3.3119427081921546E-4,0.05188044991703291,0.33608838677387015,-0.6279398347278944,-0.2818774776177308
0.006709784194731403,0.019188401294997624,0.0027904433723435905,8.766505197385973E-4,0.04457176026294613,0.6751572347815274,-0.6255113971683747,-0.5873614372874346
0.007039723294697495,0.019773860938871925,0.0025826965022053314,6.405079644061939E-4,0.0559305240630855,0.539475732635652,-0.6103656333843372,-0.46960067608699063
0.005848614948535309,0.018500571078305616,0.0027965722291368347,0.0013084049868161572,0.031153865215392214,0.8880838633164618,-0.5512186166241174,-0.7770829983977995
0.0061747120826120775,0.019062572541443973,0.002664344960501427,0.0010207594705889961,0.0467016728022755,0.7466240493306032,-0.5645352328375517,-0.6566651437542371
-6.847897516471732E-4,0.013173320432280984,-3.631246953060717E-4,0.004720158987469588,-0.1130610801519938,0.9688000536705655,-0.12529894615468207,-0.8778408556291538
0.0012660159684158223,0.013487341830275881,7.131790176835634E-4,0.00459461683848674,-0.11411513454676715,1.0743466530924566,0.19927653265692283,-0.9603683309291985
5.695833609685624E-4,0.013232892394775937,3.046054322165532E-4,0.0046809916300536705,-0.1119331120875704,0.9759491629661731,0.10209633992999259,-0.883972081979951
-9.282722493466012E-5,0.01323254933336095,-4.9405595849126304E-5,0.004666675108407473,-0.11089268128757057,0.9613211004860268,-0.015768669409007896,-0.8742842329942068
-0.0025427217548904344,0.013672147058117682,-0.0015461025124138257,0.00466675806684727,-0.13296916538063142,1.3027552959808089,-0.3467560168783988,-1.1298830253937382
-0.001969960199673154,0.013703771924102798,-0.001167648775902084,0.004551166942276762,-0.12055717833377134,1.1980120968056995,-0.26796286338444614,-1.0545454036887885
-0.0014471573972425857,0.013705189297497533,-8.411580602942621E-4,0.004484172353180812,-0.11167964867574254,1.1286745651822156,-0.19899613623395165,-1.0026571079809978
-9.260232681279941E-4,0.01367811675237081,-5.294806960474528E-4,0.004453656922933236,-0.10672481848625594,1.0762256778130255,-0.13049549051392376,-0.9635891299103717
0.0021489020885328155,0.014214988069061902,0.0013323432377769175,0.004236818879123249,-0.1096232193327633,1.2782185127846055,0.197290021279098,-1.117683766173153
0.0022376374572846717,0.014709022806262895,0.0014135901603861206,0.003909835885406178,-0.09655834087725472,1.3064662679237136,0.12207542711544253,-1.1412262648536378
0.0031891515655976654,0.01531584077379741,0.002073414523679994,0.0035419677178441236,-0.08690896271617644,1.4237658486581546,0.013636160053228359,-1.2290667676611864
0.0025692135557941523,0.015083537226281914,0.001641531830005746,0.003674924480242674,-0.08682163446146185,1.3460578139042456,0.06747934484789327,-1.1709627664636582
0.001504828333151531,0.014111965354352461,9.06436949929333E-4,0.004237867459068834,-0.102859991557342,1.1830555482051757,0.15683361832756046,-1.0465599238103656
0.005221292627048056,0.018114395312490705,0.0026656196848585468,0.0015952116102518807,0.020588260871019743,0.9998379406063237,-0.4667797582191055,-0.8781508181246442
0.004622874834728005,0.01713399305318379,0.002690137620786032,0.0022281430009081743,-0.015203765338528604,1.2294586329720707,-0.36023508071932203,-1.0671174509215098
0.004859656425002516,0.01760289767393833,0.0026680027497934483,0.001920419527877541,0.001987402084959442,1.1226337544887601,-0.41104882530788606,-0.9812021419044283
0.0046950790283564504,0.018034604380202185,0.0024251996591921955,0.0017057409149419597,0.02125966284863866,1.0246173741201394,-0.3912199565828899,-0.9027143113452049
0.0036799459223818987,0.016147902934147963,0.0023176127852807048,0.002948731064299962,-0.05492083760226509,1.3683603845431966,-0.14849993406914727,-1.1842812543874166
0.004176536949987938,0.016903830744478605,0.0024774521632755374,0.0024158095730862812,-0.025613615938920826,1.2563384485219744,-0.2803450912470906,-1.095287905962515
0.0037890310275558677,0.016588939836584184,0.0023026419487708408,0.002645238056835261,-0.035496287189146866,1.2947350705087004,-0.20686957614122128,-1.1262874498244597
0.0031819934138390114,0.01592895380498604,0.002005609368846219,0.0031057931565195915,-0.06002947610839456,1.3450150816037487,-0.07779783176383441,-1.1691914951222648
-0.0026863322101205473,0.014130837606740507,-0.001700181924784797,0.004364951112473867,-0.12472178752404761,1.3695604152209073,-0.2536615857774281,-1.1866501960621127
-0.003135156804470428,0.014188973659498958,-0.0020394480598194885,0.004388960151191983,-0.13177715698083559,1.4768101773579079,-0.2657151422155875,-1.2641619931992032
-0.0047937478012897265,0.014896753497056046,-0.0034495891083185302,0.003953739875110615,-0.1279501284914428,1.884106508684782,0.027255361227850636,-1.5587893636937873
-0.0048400048533289225,0.01517071358225627,-0.0034369072784779385,0.0036994101720712502,-0.11204555864472886,1.8170810470037662,0.11857772562900055,-1.510812602907322
-0.0034671095704833723,0.014426416187664829,-0.0023137056135367168,0.004249082951217751,-0.1310801292646309,1.5580918636382004,-0.20891866525291633,-1.3250150999243988
-0.003773364274641307,0.01460027363584625,-0.002565812014121798,0.00414295546965538,-0.13022887012344916,1.6265811093681417,-0.15464988911523256,-1.3769422587299245
-0.0040980859138514915,0.014738610528228701,-0.002836763678323466,0.004056472506502456,-0.129176233166018,1.701344728398326,-0.09803962514603232,-1.4311297670638636
-0.0044329701791197785,0.014841539134457998,-0.003123795744553865,0.00398924970664644,-0.12799455511432187,1.7824207099880922,-0.03742567638814779,-1.4887960001060494
-0.004901885393874907,0.015461743976973065,-0.0034192536230363176,0.0034379999193337694,-0.09481075008930012,1.740442317124866,0.20477274579230628,-1.454020939297459
-0.005191907358755817,0.015571988772697276,-0.003639683861116226,0.003320688280547358,-0.08741435869729218,1.76822276464705,0.2902153331228456,-1.4701179491865373
-0.005519780329321253,0.015593087284695096,-0.003924380256186888,0.0032648377879799296,-0.08165690274836034,1.8343048490473215,0.3777917611382811,-1.5102159823213013
-0.0058296385130119695,0.015625925758073256,-0.004192955417602461,0.0031852358304593317,-0.07304405257667522,1.8884068783614314,0.47740518493641787,-1.5397726402396528
-0.006096856889524818,0.015616891216875473,-0.00444644945037664,0.003137775850278689,-0.06496936243083819,1.9508522285917664,0.5688296606015211,-1.5731859804451809
-0.0062327769478432125,0.015765688989880365,-0.0044886061306040285,0.0029658286303079185,-0.055011345429117585,1.8914105405833617,0.6423369445167678,-1.5244453666358289
-0.006415950967906172,0.015778338739144845,-0.0046477749631979376,0.0029012219875094703,-0.04545976080485751,1.913281350295929,0.717315065200755,-1.5303305008820323
-0.00664815963426637,0.0157908165239251,-0.004851076094745174,0.002812125315960303,-0.036183046689159115,1.9370720114013482,0.8191294288443717,-1.53186014614216
-0.0071286056908094015,0.01583888963365821,-0.005245960310595553,0.0025645993796490243,-0.008270934693437725,1.939680955307601,1.0557375014285098,-1.4933807004994948
-0.006888958544246701,0.01581613017949357,-0.005050602542486091,0.002694297063265067,-0.022543855367149288,1.9431399383294259,0.9343605865555257,-1.5179758561615533
-0.007956811256958988,0.015714375317478265,-0.006084459697897998,0.0021560632770077086,0.05091539025089358,1.9862679915129486,1.5621739909421193,-1.4045218601078806
-0.008081183642320772,0.015699974496024026,-0.0062021438455569415,0.002069254157896991,0.06207730485726132,1.9715267521585393,1.6475009237597515,-1.3689404413078896
-0.00738237759237745,0.015849465933795794,-0.005457873058057604,0.002422047892560631,0.006228748289756259,1.9307989435134405,1.1915223048288592,-1.4593855173085661
-0.007572705780711288,0.015892058626749132,-0.0055771573414359794,0.002274187484779796,0.018155627537654772,1.8837979000917502,1.2925594421692024,-1.4036736664449094
-0.00774515767259886,0.01586205557743439,-0.005748536542906023,0.0021877085491662468,0.028637024695699304,1.8884895430543163,1.3968365423884406,-1.3814262971397133
-0.007881949009829265,0.015822617185149268,-0.005901068595235445,0.002124136142047499,0.040669175008271885,1.9007539992738134,1.4880545648871102,-1.3651439939897125
-0.008194414726119734,0.015765891862754105,-0.0062095342336656026,0.0019249001751376219,0.06393067123167386,1.878469238754905,1.6973515699519794,-1.2881082335897085
-0.008445470831586015,0.015806155547837385,-0.006336539005418325,0.0016774752017743603,0.0782821596879857,1.7543016288542541,1.8345763805337,-1.1539888933230669
-0.008324550680110548,0.015786338736164644,-0.006278855781743176,0.0017986381774035833,0.07260246444354158,1.8172805768478053,1.7703303434519884,-1.2211519757294154
0.01075064309223425,0.023854888286953875,6.766455935446372E-4,-1.2994320857385951E-5,-0.04336097529225253,-0.0107250690472361,-0.5140278708762346,0.04000963189734255
0.010198846337795699,0.025,0,0,-0.018842906266110314,0.03461131354951943,-0.5706068683828536,0.001618586131529774
-0.010296686914238407,0.01566819812322184,-0.007099514884424186,-3.736730652253747E-4,0.14170468111666937,0.489091320034435,2.603518233369137,0.25156691943004766
-0.01037206845648657,0.01570869367556473,-0.00702262966646887,-4.5948432670900763E-4,0.13534745275129437,0.40266035764121805,2.5628083878469687,0.314202063960388
-0.010493782925499155,0.01573764930666201,-0.006951885909695424,-5.993131467471863E-4,0.12947685635749406,0.2795706009744225,2.526006644989032,0.41719781052518284
-0.010427291681415785,0.015742244914500814,-0.006959282443836092,-5.194081767471158E-4,0.13048136383463718,0.34002137004859484,2.5278783260476034,0.35740185630334664
-0.009858870817162788,0.01577393831850161,-0.006944353041985005,1.6375318323823013E-4,0.1296040735121171,0.8452617469008297,2.467694992540482,-0.15325139833752285
-0.009938864410007214,0.015733608120769325,-0.007012920370523856,6.979101399127942E-5,0.13600957382929613,0.7956501340064955,2.51736134914757,-0.08296406227126918
-0.010020648991807796,0.01576179606039486,-0.006969960520484669,-2.941764479080889E-5,0.1305369525831992,0.708617506111985,2.5028902037268206,-0.010504846187503322
-0.010096942105523062,0.015737055774954316,-0.007007559055820011,-1.2236297382049721E-4,0.13541127061026267,0.6497744418182089,2.53279060210458,0.059967103638577164
-0.01023136677721399,0.01572929711381418,-0.007010060450928712,-2.8600429042167767E-4,0.13490157949524986,0.5281486785591906,2.5462984666695507,0.1827359880543911
-0.010164061469997597,0.015767097911537624,-0.006956413271024131,-2.0143846465874878E-4,0.1296583908176515,0.5755110954150108,2.5095810961399474,0.11807315981448223
-0.009087912228741932,0.015799969421685472,-0.0067024348794091715,0.0010409165819247046,0.11138208984957373,1.4224294039089078,2.1866854560975355,-0.7683240066178698
-0.008938847593657474,0.015780391014720743,-0.006661340833785062,0.0012088150696726151,0.10677951991113807,1.5319465247927997,2.1262298181103105,-0.8786360635386512
-0.008807758808377577,0.015785630092867074,-0.006585097442778712,0.0013416649157102928,0.10027183213293915,1.602139288276171,2.0534194563310173,-0.960948145217854
-0.008579240917155903,0.01584295868890755,-0.006373814287579531,0.0015309111684014382,0.08243147300079091,1.6644304701535366,1.894780346026127,-1.066931473347099
-0.008476767919451931,0.015907686263707643,-0.006226400186501733,0.001583880485717277,0.07148942728413113,1.6529627664971467,1.8065954158316866,-1.0894439469349344
-0.00871060657255166,0.01589002053323707,-0.0063880417980556855,0.0013796667789647866,0.0850091207652132,1.5633241315856272,1.9419416772423883,-0.9736281003888675
-0.009186434280254348,0.015848598380113574,-0.006671479682809906,9.148421673308584E-4,0.10894631251559843,1.3191628844933925,2.196947903694579,-0.6814464464778799
-0.00929566451173151,0.015860325450910213,-0.006693561362741602,7.921945933428103E-4,0.11100393322715045,1.236022972858011,2.233059593241169,-0.5981783908686836
-0.009430101609590895,0.0158229898152504,-0.006790691803152552,6.542602020329273E-4,0.11862920638394138,1.1650470336351806,2.310952681598448,-0.5050743804422653
-0.009570105415959889,0.015858266915929856,-0.006771779843399396,4.8731564615469214E-4,0.11644513721049529,1.0345289199477372,2.327967399234378,-0.38693332256262397
-0.009679078366795841,0.015887970469716378,-0.006747220043580577,3.5856281024320357E-4,0.11461423121113723,0.9309871456446185,2.3333227036096194,-0.29460606205515216
-0.009834768404569462,0.015902424478677193,-0.006744728920379314,1.8104225289896584E-4,0.11440615186998788,0.7976417695034557,2.354328360282443,-0.1656993091675233
-0.009732278005138496,0.01594124067318943,-0.006675311916320348,2.9138033588491417E-4,0.11034634586985888,0.8591338367722635,2.302870081252338,-0.2449736506050947
-0.01111232131896711,0.015437338400800594,-0.007168412674221414,-0.001464447120585915,0.14963179300199017,-0.28498716054379153,2.6399765282122325,1.0941220096238082
-0.011049583998646603,0.015478861023127328,-0.007139521809246943,-0.0013658040837023818,0.14642966762934514,-0.22298803780908655,2.62754801517557,1.015346671197342
-0.010987584807330412,0.015542029603869295,-0.007074069727622287,-0.001258714335811946,0.1408697066862269,-0.16405150423870585,2.5923090025059206,0.9278235837267922
-0.01118880115405011,0.015454471082293994,-0.007095248568997979,-0.0015438812475929305,0.1440921745121911,-0.3591581232688536,2.5884132884485047,1.1494066647839258
-0.011302208252661467,0.015419642056336468,-0.007074045506651549,-0.0016967928148872373,0.14417938487336904,-0.47003088518590935,2.5624738290502465,1.2655630367014865
-0.011372207322489891,0.015412708961599526,-0.007035463154496001,-0.0017803539081215952,0.14213033223318242,-0.5361878410804444,2.5300277382161522,1.3261540918787917
-0.01144857798587785,0.015394535625925129,-0.007006349999360842,-0.0018778745243388767,0.14116223712956535,-0.6083421940009192,2.5014478579209953,1.39748797927308
-0.011262934926665392,0.015481123824392446,-0.007007733816515719,-0.0016115508564899393,0.13826158933647448,-0.42719191102331217,2.52823334314084,1.193786257749559
-0.010915378958455471,0.015586389286585482,-0.007040377946484787,-0.0011519963017444978,0.13775257003576916,-0.09694095748183466,2.5758326640262514,0.8436761103390099
-0.01084402742599136,0.01561587348168515,-0.007026302602135004,-0.0010546558143181355,0.1359624314442575,-0.03092053373920192,2.570114000724938,0.7680891705985363
-0.010786247254893943,0.015619562542361165,-0.007044211427851265,-9.846470635797814E-4,0.13732252679223675,0.024218586439088526,2.582453643625328,0.7154119196313364
-0.010684266626248343,0.01564604490418392,-0.007040294751419083,-8.528406357837351E-4,0.13660194067251205,0.11856995098528146,2.581079040952965,0.6142521772064112
-0.010743713212886731,0.015651798613548713,-0.007010175894824932,-9.216951536311786E-4,0.1339318477982713,0.06054960690125718,2.5626443729585517,0.6651726064513113
-0.010562362328295279,0.015782681374403803,-0.006865329772510843,-6.683772488301185E-4,0.12355221167370674,0.20520335608692997,2.4766562032680994,0.46627531851781384
-0.010631573131588877,0.015710077408655796,-0.006957412425270189,-7.695699972473232E-4,0.13059913936459264,0.15650282459087453,2.5318646617931186,0.5470840508216166
-0.013328293212267379,0.013985020293226619,-0.006096971262439319,-0.0050918842619233585,0.22164603842170366,-2.444865537078031,1.086938702137868,3.533011537757961
-0.013309320131727849,0.01400269082119746,-0.006120133177364964,-0.005059624133657132,0.22038772230551731,-2.4327108051902964,1.1152798034957774,3.519255881389917
-0.013258626153948641,0.014016416397824753,-0.006199516215020774,-0.005029543134898429,0.22257207916221924,-2.425833303524747,1.1844015075758152,3.5300512602454512
-0.013286978231022336,0.014014580718968595,-0.006151889070403303,-0.005036588020816593,0.2203237023714884,-2.425153195931309,1.146833521899813,3.515633813573973
-0.013303336933561654,0.014026126010831105,-0.006117594672839876,-0.005018939152116683,0.21746595723289702,-2.4143774515435377,1.1274580980305056,3.488676974734942
-0.013253351156180935,0.01404911763398522,-0.006189585322358287,-0.0049727827722494825,0.21784610952307468,-2.3994337222071835,1.1965745647199546,3.484478379895085
-0.013221701198149314,0.014089024724448238,-0.006219252218734165,-0.004899621107399394,0.2140262380438341,-2.36822101094558,1.2431964357935874,3.442909911001037
-0.013245545608379875,0.014074692538586984,-0.006187698046256453,-0.0049281363514539975,0.21452953605688657,-2.3790378749121426,1.2103352375478762,3.451133433137831
-0.012929042485177821,0.014297449674637912,-0.0065518777195125765,-0.004465002151410658,0.2043968034245459,-2.1697178849789083,1.6289508271294355,3.2431640003456486
-0.01291981066889841,0.014326588430298371,-0.006542146690843869,-0.004414251390829692,0.20066090513723087,-2.1444603184397333,1.637044309734404,3.202040868075971
-0.012924289796976213,0.014357870104036021,-0.006508503803342843,-0.004366520727753569,0.19573397415402913,-2.1209239710939474,1.6262313652788656,3.1554255444377586
-0.012958861840381336,0.014287877088664663,-0.0065116078991205835,-0.004492687165856088,0.20354632472995404,-2.183686457696849,1.590536976468235,3.250207435490721
-0.013012141416123774,0.014252640178393533,-0.006453198241900907,-0.004570158970837463,0.20507548259358724,-2.2214375130439894,1.5233616035580406,3.2875829599662936
-0.012988088605411164,0.014272638771266138,-0.0064765688383889965,-0.004528747900575502,0.20389922290093512,-2.2013830477660474,1.5534823362345396,3.2649879845981076
-0.01314532720322259,0.01413673806820688,-0.006316976603691473,-0.004802584334635541,0.21276331337733173,-2.3286558676644336,1.347858215217608,3.4095317983402613
-0.013180014162676043,0.014134055434626359,-0.0062606978656873065,-0.004815346073096431,0.21046502392413635,-2.3318862638927094,1.30202454262775,3.3975229213963893
-0.013217995354140605,0.014131516658474367,-0.006199053618659306,-0.004827769626307112,0.2081142534420615,-2.3340720249791396,1.2524308809677382,3.382800727713332
-0.013047480689740657,0.014258817578341246,-0.006390969663041179,-0.0045724155755953256,0.20169237065736145,-2.221580750396931,1.4764925890724252,3.267298233958713
-0.01311443707517019,0.014189121255079769,-0.006332323752434566,-0.004707191800631245,0.20713822270593454,-2.284416408416412,1.390228890062989,3.3452150794964193
-0.013137894294066022,0.014171714968018579,-0.00630560563617579,-0.004742372509897467,0.2081875483147039,-2.299912422904773,1.359136807886455,3.3610592997855306
-0.013082890924453826,0.014242723999708077,-0.006345494361190252,-0.004610031366507619,0.20141826331245924,-2.2385699597729656,1.4311566706185397,3.278710892178282
-0.013114178596225746,0.014225378769603836,-0.006307114031729345,-0.0046476574722656054,0.20171160237913296,-2.2552689439745497,1.3909434646201688,3.2923515307134
-0.012793894915702451,0.014433185320339588,-0.006644689894568249,-0.00418668948582012,0.193584100312626,-2.025997284708342,1.779082725756165,3.0644875227420343
-0.01278396450937041,0.014470775878584972,-0.006624520872590124,-0.004123948773633962,0.18885111783610006,-1.9942223086984854,1.782012114106834,3.011461001764342
-0.012830596289094456,0.014421831678932217,-0.006598535697182865,-0.004222980200850394,0.19284600043104283,-2.0463391139474965,1.7347112732819874,3.0774477245420653
-0.01288714307563536,0.014379015767258526,-0.006548720174715054,-0.00431674055705224,0.19521644896623866,-2.095303029307459,1.6707299174171415,3.1314692847338117
-0.012864538666574396,0.01441106072821308,-0.006555712158505364,-0.004256205914090684,0.19199339683202793,-2.064465113184962,1.6935681381978136,3.088791654987224
-0.012923888865280586,0.014390327114163418,-0.0064815606408823515,-0.004315481049919987,0.19130388722123215,-2.0956744052276064,1.6216944306802639,3.1090199471960256
-0.0126784954784143,0.014548026354642515,-0.006706640669181818,-0.00394847516076131,0.18466293920792645,-1.8974130076004005,1.8904418864794341,2.9038970433267184
-0.012666524711097952,0.014585440561514505,-0.006686150050614244,-0.0038865724992852005,0.18020278217467803,-1.8656588457314807,1.892115661218357,2.8519901894242796
-0.01271991141653234,0.01453591747341524,-0.006657629534368297,-0.003990768284686544,0.18360180066163775,-1.922796172817083,1.8431934249482465,2.9217586468460435
-0.012762638620527107,0.014511896395836672,-0.006617496759969935,-0.0040505119648093085,0.18439285905296043,-1.9562120766041473,1.7974948018601644,2.954616962798735
-0.01356997165929867,0.013765882561168525,-0.0057688731677705074,-0.005468649750834212,0.2345720668671678,-2.5619306250391776,0.7095051684660468,3.656344542215494
-0.013545712039036525,0.013777480209534222,-0.005807595240092046,-0.005451156448381113,0.23519624819805585,-2.560991821998466,0.7441692236784972,3.66218813362005
-0.013531991228777027,0.013805503574114602,-0.005822169653175252,-0.005403562715507897,0.23173857212328167,-2.5437888183539843,0.772737740188439,3.6350854657621845
-0.01335487100014369,0.013944763042312514,-0.006071615007585064,-0.005163408159959564,0.22562587834102057,-2.4737848148196306,1.0429763852582559,3.574147689931546
-0.013374238699385706,0.013926684104808448,-0.006046814401622888,-0.0051958511310128686,0.22702026692202798,-2.4852592876237343,1.013198204717155,3.586952524227139
-0.013506906638338742,0.013825853079432024,-0.00585860741961262,-0.005370037852520208,0.23100839772786855,-2.5353378378618063,0.8117324085051353,3.6280596919018913
-0.013486144599577017,0.013844195621496302,-0.00588785464687793,-0.005339273198684782,0.2300889311179475,-2.5266878705078253,0.8444014276550594,3.6194831679634683
-0.013466921751980682,0.013861454391544577,-0.005914490514354464,-0.005309999521543468,0.22897394457924838,-2.5180312331191765,0.8746152593037159,3.6105965592577784
-0.013448767431327006,0.013879574700696456,-0.005938580798776138,-0.005278915948889411,0.22791022660227836,-2.5080783040430146,0.9035905803343834,3.5991798603966223
-0.013403050413736486,0.013920832504221117,-0.005999658216196857,-0.005207089890994241,0.22532737088870852,-2.4848910152990986,0.9743672699023349,3.5745863064753176
-0.013428583885787394,0.013898646930660763,-0.005965414063695281,-0.005245919175456215,0.22661426751499178,-2.4974306386306293,0.9352316076857748,3.5874356281555024
-0.013356224761305708,0.013982034956384526,-0.006050661095042,-0.005099401988662614,0.2197964764546472,-2.4436786132709725,1.0501598268329664,3.5189374877918067
-0.013901546160372563,0.013354809239150799,-0.005238794239944959,-0.0060927423663314035,0.26486889169495614,-2.680237734564488,0.08202815547391305,3.8162426918171275
-0.013909342877174456,0.01338628836217386,-0.005226473204266877,-0.006033998437477415,0.25857362381081744,-2.6566464253985713,0.09859143715778927,3.7690897551847757
-0.013846300775171391,0.013464553617746084,-0.005336453069784537,-0.0059246399509614005,0.25363796253817206,-2.6465690283265895,0.22074364035442554,3.7546087753733715
-0.013835680402204342,0.013486770238175343,-0.005354064619615017,-0.005890004951889523,0.25131820583020287,-2.6384943175527553,0.2474023331001677,3.7402856500069244
-0.013766242413098678,0.01355919145372247,-0.005469326240368954,-0.005787581369706244,0.24731005065475006,-2.6278959450857378,0.370180642563418,3.7306987706617227
-0.013776217827627547,0.01354307258818151,-0.005453638568670299,-0.0058126203849956535,0.2490293475107362,-2.6336220247834454,0.34897749219427276,3.7397989524105646
-0.01379545664130748,0.01353160018967266,-0.005421114460286377,-0.005826260475911431,0.2486132550024481,-2.6312355481798235,0.3204426084189827,3.732110337199632
-0.013817955162073355,0.013511232510666509,-0.005383499693446773,-0.005853917179469572,0.24931233139332906,-2.6325528954001154,0.2827753555340775,3.731256124233638
-0.013597079603264294,0.013753173084705889,-0.005725421947363492,-0.005487219150173327,0.23406017442019686,-2.5621936423877556,0.6711030036045114,3.6487510634331017
-0.013618467921765473,0.013708020824706738,-0.0057004275081915905,-0.005562690661657353,0.23892480295036753,-2.5878638603069124,0.624074784525409,3.689894329451954
-0.013632876649318707,0.013687761503719623,-0.005680199039989566,-0.005595634713040704,0.24098100887279625,-2.597173727774544,0.5967330911033788,3.7032101073127435
-0.01365534175762765,0.013677976762293001,-0.005643105779432494,-0.005608349735698106,0.2400939260244969,-2.5952942714388496,0.5650786736935091,3.6938704205025314
-0.013679672212060562,0.013660876901894001,-0.005604268071906087,-0.005633033633167492,0.24031791815736914,-2.5974438512167466,0.5276680403194304,3.6918434802579276
-0.013700118135621787,0.013640525991884984,-0.005572559243232907,-0.005663801910742165,0.24155324207247134,-2.602995906449138,0.4929580350441303,3.69742330726701
-0.013720249912426806,0.013621619828890727,-0.0055407746441329805,-0.005691713761449508,0.24239638606521832,-2.607178273357729,0.45923243643945133,3.700817113713993
-0.013765668476797773,0.013584267518163233,-0.005467227839460271,-0.0057440194202642665,0.24354455423691063,-2.611235154144375,0.3863184273890959,3.69941357336078
-0.013742285985020398,0.013605636522635823,-0.005504917507399925,-0.005713606564365186,0.24258470905662044,-2.6079547000936714,0.4250524252356089,3.6977385227545767
-0.01362502072531163,0.01373736790928016,-0.005681287111915754,-0.005510419340975496,0.23364544515538563,-2.563825741398443,0.630513972688011,3.643897870005754
-0.013866730070573124,0.013453798312185088,-0.005301127911750809,-0.005935133745291212,0.25287017581216253,-2.641498563507193,0.1918062602245412,3.742656747277467
-0.013890956881884879,0.013438779379378237,-0.0052592452760113545,-0.005951049138775136,0.2523378937621399,-2.6364405237581234,0.15623961157064906,3.730701468451105
-0.013914780383042218,0.013420134925913383,-0.005217927110219011,-0.0059728660584447155,0.2523971956104118,-2.6332671251445188,0.11869739997288829,3.722848510730444
-0.01401937884477854,0.013241832136163388,-0.0050218805390504,-0.006226696406952081,0.2675936659868267,-2.662583270806499,-0.12397634057229838,3.782578695442743
-0.013925713237709197,0.01334018001322513,-0.005195584102307467,-0.006106578754619892,0.2640714111495708,-2.6731473813228477,0.04631439556924923,3.8013088682613687
-0.013942842872863313,0.01332160849009375,-0.005164276129342623,-0.0061303607965588,0.2647867117134713,-2.672479403169165,0.014622217693922218,3.799740748616371
-0.013951385323207883,0.013298606148812168,-0.005147225374475753,-0.006166067437712153,0.26766158949549496,-2.679654511611012,-0.012493975277747761,3.8143449694825704
-0.013994048856976804,0.01326182977821793,-0.005068609259007018,-0.006206697401835455,0.26792554353856396,-2.670159496529526,-0.08372743701418874,3.7964229167424444
-0.013973574402173866,0.013286070713227136,-0.005107208797976454,-0.006175981406422706,0.2665685004309575,-2.671395655000404,-0.0441473068551973,3.7980300626658017
-0.014042019116589262,0.013223344137694173,-0.004979873387724008,-0.006245042836763352,0.2674367785945942,-2.6555415413354093,-0.16028885740937757,3.7701469986347624
-0.014159139251276395,0.013095794245982458,-0.004751758866393171,-0.0063844681170018855,0.2709513792829383,-2.6238808724271614,-0.37304022257609654,3.7252533510737647
-0.014145267399231214,0.01311981446405386,-0.004781664738027256,-0.006353918141250913,0.2692776839957607,-2.624908533253827,-0.3397900733151915,3.7235022233975
-0.014129559230360017,0.013144178154370273,-0.004814341691462541,-0.006323709334389621,0.26771541391499104,-2.6267229042771016,-0.3048120344009029,3.723476661406758
-0.01406473909066451,0.013204422946012543,-0.004937514173625642,-0.006263529758981509,0.26722769427076537,-2.648118891752201,-0.19671239602369706,3.7573891575140226
-0.01408161770962229,0.01318173791723595,-0.0049041335424507655,-0.006291584856760852,0.26854488506555024,-2.646289618421695,-0.23128689822021123,3.7561468123988466
-0.0141121898003572,0.013171995072891546,-0.004850192382389256,-0.006288375862535901,0.26586312107072857,-2.6277453324078173,-0.26546017848836184,3.721863165921483
-0.014209670410547206,0.01297152242036948,-0.004626050165689102,-0.006554066963625185,0.2825809669094506,-2.6285609785563007,-0.5320753323632995,3.757740276783531
-0.01419292273552145,0.012988832575925863,-0.004660451295420017,-0.006538411619412057,0.28258907759987745,-2.6367415797982847,-0.5027844319626086,3.769294632350871
-0.014199293554278557,0.01301410444099911,-0.00465878128261005,-0.0064912299140202,0.27756676238700156,-2.6224148318633493,-0.4819431814394907,3.7372955784539292
-0.014204857210505904,0.013043099701921818,-0.00465935650580666,-0.006438821575419356,0.2723264461948122,-2.6073514262021256,-0.4573452049194225,3.703598184194392
-0.014189667421258798,0.013092468703639887,-0.004699951143603643,-0.006368213387319208,0.26705186706010053,-2.601008751245263,-0.39904459027837186,3.683076865928963
-0.014208273725656168,0.013070742138489858,-0.004662596942176143,-0.006390606040229898,0.2678068841301553,-2.594426714918797,-0.4330891815480137,3.674590527779133
-0.014226224373217921,0.012924929536076404,-0.004580067648596625,-0.006618164732318298,0.2873129001246653,-2.629493908083875,-0.5913487943087662,3.770286878977356
-0.014222090269772987,0.01294949856319095,-0.004596860310765335,-0.00658070758805153,0.2840664849265704,-2.6252686890214796,-0.5630987732096453,3.7565754861932414
-0.014317869818129788,0.012796855542029082,-0.004370354189787794,-0.006747620177345149,0.2915537606919942,-2.5815890428286967,-0.7840762223317733,3.716929245502611
-0.014247505724109384,0.012911919530081115,-0.004539350221100282,-0.006621866129352639,0.285745318427117,-2.614900428332717,-0.61888281847224,3.746414223307878
-0.014263593270281816,0.01289515043225372,-0.00450561409927111,-0.006635797915124528,0.28572058015476026,-2.6056767495570425,-0.6466777274478637,3.733607974469773
-0.014275409946912523,0.012877132298940178,-0.004478203421315912,-0.00665514595535855,0.2865679590399201,-2.6002368524308537,-0.6729871176981854,3.728303386582393
-0.014295437830969687,0.012878566636285541,-0.004446183499640028,-0.006635338472407439,0.2830124016454549,-2.5821605229853426,-0.683470141860236,3.6946631228334907
-0.01430136351234788,0.012837820310429524,-0.004417492357243299,-0.006696287629913712,0.28816076838107835,-2.587189060776652,-0.7303269816760187,3.7151187202533658
-0.014323269772419298,0.01282408712859564,-0.0043753321335092965,-0.006698668748773185,0.2865319334022649,-2.5707566460747127,-0.7574338282112064,3.6889783488899597
-0.014310892218796183,0.012866344110713461,-0.004415539445481473,-0.006641570884695021,0.2823154391726371,-2.571660385387038,-0.705448943652412,3.678748337817624
-0.014761985904902297,0.011757169154840173,-0.002831694250886942,-0.007674268925587265,0.3290315972558393,-1.976833511778134,-2.0886896193068965,3.159301969497808
-0.014755059871883547,0.011772157561725921,-0.00285745126206877,-0.007667400087794036,0.3293260226501042,-1.9914937101441408,-2.0731710454194503,3.175503438158238
-0.014746938076059219,0.011786158895332416,-0.0028834451957575617,-0.007663370134807698,0.3299804610884262,-2.0066373946430875,-2.0590451719541245,3.1935145905001967
-0.01476853783065169,0.011741753033688051,-0.0028058275326460313,-0.007682032535597373,0.328857760467364,-1.9621594327908414,-2.1046883194964754,3.1434996466259375
-0.01478938779769852,0.011682003484823648,-0.0027102498720740667,-0.00771754235755203,0.32900773314031856,-1.9082350382315145,-2.16703108600885,3.088796184352242
-0.014781382864086177,0.011696649188905391,-0.00273706441318556,-0.007713680742509656,0.3296924287124318,-1.9242983545819856,-2.1530507904026965,3.107709537272807
-0.014774348908193144,0.01170858324481464,-0.002759496385960852,-0.007711201044153441,0.33037992625052404,-1.9377956993930106,-2.141703495842572,3.123959421412828
-0.014775408620445796,0.011724564108759591,-0.0027774302971918176,-0.007691145689924636,0.3287133609070583,-1.946049600665104,-2.122503755779952,3.1264561263704107
-0.01473956836594438,0.01181367385754799,-0.0029241240637188394,-0.007641722657756319,0.3291342620803573,-2.0279312409302324,-2.028287358392602,3.212643088235548
-0.014755431692012641,0.011801099765964475,-0.0028906229862232925,-0.0076324532966685074,0.3265807601843403,-2.0064454945559067,-2.0386413915254837,3.1810977630316177
-0.014809507142868475,0.011682295043799322,-0.0026880188045082572,-0.00768522305162788,0.32414920867046254,-1.8901433557298446,-2.158693196051949,3.0528149876936888
-0.014708804919322093,0.011892087221557822,-0.0030504786245568656,-0.007591943521802507,0.328754806614394,-2.0952508423528506,-1.9414398012731497,3.281616134906944
-0.014716188776726499,0.011908521368923957,-0.003059340761270494,-0.007560375265420749,0.32535400143880494,-2.0954696715210996,-1.919928387238917,3.2698505659312325
-0.014718280978673554,0.011875961317425214,-0.0030207383744516514,-0.007597829714790525,0.32810366464245183,-2.078691256786819,-1.958813532396888,3.262032987770319
-0.014735596625343243,0.01186227383095571,-0.002984092181104649,-0.007588658173874303,0.3254344564574336,-2.055638885236608,-1.9710942394825188,3.2282422839678553
-0.014705783091585307,0.011943097756661972,-0.0031099841766537403,-0.0075321297743879126,0.324199391137645,-2.120357902411359,-1.8801613510626218,3.292160420142758
-0.014721945255932845,0.011926825238368133,-0.0030720484422436076,-0.0075289433983038,0.3221513547603179,-2.0978442134030697,-1.8967039769339322,3.2610948240170785
-0.014675189080964178,0.012023625033869246,-0.0032342116865170345,-0.007472417370172647,0.32259055566304456,-2.1813803765139146,-1.7868713195505455,3.3517816133439093
-0.014687293147177302,0.01200956818191925,-0.003203901361528485,-0.007473513486912686,0.321391667541672,-2.1643865056327214,-1.8025211080538506,3.329286762930112
-0.014701198808928667,0.011993375568297387,-0.003169098704116438,-0.007474549263570615,0.31997158833739686,-2.1447630547989736,-1.82021481085742,3.3033334438830146
-0.014706207783129454,0.011977088897673533,-0.0031456057598566226,-0.007488227420735722,0.32069346991157255,-2.1336265296791517,-1.8390595476963187,3.2934786520242176
-0.014677439021744447,0.012053284051494835,-0.0032614902107017778,-0.007430281977626413,0.31882751605327386,-2.189390583217342,-1.7506774768257498,3.3473321613741085
-0.014683510720938235,0.012038109266728981,-0.003238139053420687,-0.0074416687088247864,0.3193016945013557,-2.178268962170843,-1.7684084550262593,3.3363977293991893
-0.014718923512694514,0.011964000885871112,-0.0031156190974229673,-0.0074865009800277925,0.3191278551427617,-2.1161080306737006,-1.8527327753732534,3.269495785544372
-0.014745919597256409,0.0118323578369108,-0.0029377966033384026,-0.0076094559611812615,0.3259522868381575,-2.0313002982171624,-2.004149620009233,3.2044527884697556
-0.014747271430469173,0.011848851062277524,-0.0029547974054115493,-0.0075874272652586075,0.3239605732046832,-2.038077608023377,-1.98414145180287,3.204791550332721
-0.014578604846022532,0.012274487320280443,-0.003605835277451374,-0.007259153771838291,0.3142827238019752,-2.343240725432631,-1.4815255937528746,3.501259808144884
-0.014577938416027187,0.012293305317766593,-0.003623142371110262,-0.0072331445714533555,0.31201735641969613,-2.3469735719560507,-1.4587104632388537,3.4980969450143404
-0.014594973048422433,0.012261592612690013,-0.0035712813478818574,-0.007256509175652991,0.31244959716932486,-2.324703616918655,-1.498693477132467,3.4742167277195395
-0.014670129386678455,0.012091175984486635,-0.0033089346174171503,-0.007390301959093346,0.31639745244742307,-2.2087249435670517,-1.7054725586760442,3.3593008902452692
-0.014686604613307503,0.012074115743198948,-0.0032702730019593157,-0.007390089235616818,0.3146834554224251,-2.1872426342566715,-1.7248266665016534,3.330057035099309
-0.014610356923133058,0.012242929077584603,-0.0035330925494166244,-0.007262951149783487,0.3115337767304415,-2.3059949587405426,-1.5223492669275525,3.4500492558031253
-0.014609103327713173,0.012219129272507486,-0.0035134009316656095,-0.007297843616087767,0.31466938566599745,-2.3023317034092368,-1.5510218438593848,3.4565588231567186
-0.014625705255083644,0.012204083297160726,-0.0034766024307683343,-0.007296970747366356,0.3129614143749295,-2.2825891997838537,-1.5699175530013596,3.4287348909139586
-0.014674017358399164,0.01211425977678298,-0.003326308265696769,-0.007354241662613705,0.313042125729263,-2.211887574679576,-1.6775088494033579,3.3509605492760826
-0.014640311440104253,0.012183403209311537,-0.003437431241226499,-0.007306137743534246,0.31232957546103074,-2.263375385266357,-1.595141327188416,3.4051672495278984
-0.014669484451980528,0.012140876353328563,-0.0033579251919226252,-0.007324793287823824,0.31101704873082486,-2.2238598529666453,-1.6458454996403746,3.357120252570133
-0.014658215474219242,0.012165204190168366,-0.0033960838559632905,-0.007307110545530712,0.3105831240871577,-2.241290778843627,-1.6169833829700522,3.375014637726732
-0.014453889445791266,0.01254173631492094,-0.004001156607472016,-0.007011778209560144,0.3038366521348049,-2.484853282490157,-1.1343094858668008,3.6324289975793
-0.014453332955075445,0.012517756098363586,-0.003985098207555961,-0.007049182135893444,0.3073393702381013,-2.4859427961106966,-1.1624061982551994,3.644590543019658
-0.014463301042435709,0.012483590198183053,-0.003945063963679788,-0.007090129817077201,0.31001672580082357,-2.4763478848789835,-1.2061029891630224,3.6420265238285894
-0.014471012519495905,0.012469112112670936,-0.003922566392379671,-0.007103297353196543,0.31062230883066866,-2.468543338929873,-1.2256436063883243,3.634269709809856
-0.014503047819009999,0.012412885949643659,-0.003831186961268249,-0.007150381985761311,0.3117646911664665,-2.434532382570929,-1.3014165309015808,3.5982010641770183
-0.014491846836401347,0.012429794220989894,-0.0038611536294373802,-0.007138347599839554,0.31181321109377264,-2.446568043739834,-1.2784123290413751,3.6122227767731494
-0.01448337540634672,0.0124597732362201,-0.0038968302616078933,-0.007103114107410811,0.3094240543774072,-2.456079779542805,-1.2402762907658822,3.6157395973560678
-0.014495268091373265,0.01244702058682801,-0.003869258629110009,-0.007108458165926536,0.3088002565160493,-2.4439382046179188,-1.2586145552077783,3.599405905607836
-0.014471003325792917,0.0125032605305528,-0.00394769718921757,-0.007051390779689645,0.3059153240130534,-2.468752418480964,-1.1850696835432275,3.6195094478044534
-0.01452231390072342,0.012413625308837899,-0.003803123486932307,-0.007126344188903866,0.30798369251206276,-2.4154612263151147,-1.304910923558333,3.5630650475530947
-0.01453650522498727,0.012401345663121118,-0.0037725260663130995,-0.007127522658410826,0.30672184131026103,-2.4005728319273314,-1.3225545088379496,3.541778917638324
-0.014554226042921715,0.012391879569497175,-0.003739094481479187,-0.0071201357669129495,0.30439125785917004,-2.3823959833462864,-1.3372378684013126,3.51323011769061
-0.01458804281911377,0.0123112726666229,-0.003624093654842003,-0.007194817646143843,0.30777020864415433,-2.3397214748114,-1.4383199287517063,3.4754775424781665
-0.014570138792332437,0.012326275723879792,-0.0036623803630358056,-0.007195656446581412,0.3096302800236806,-2.359477385190442,-1.4180572872584623,3.503857941171422
-0.01456242292620196,0.012373498754683998,-0.003712447541288122,-0.007136948919209101,0.30524221893690623,-2.3726179686905877,-1.360526758960396,3.5043115185859928
-0.014569253916514306,0.012349923196358215,-0.0036833377709960253,-0.007162697182245809,0.30670314977715174,-2.363335251932447,-1.3896351531200608,3.4989602450170136
-0.014337560699038403,0.012779318190734662,-0.004329508021324604,-0.006757464205510968,0.2906956372336569,-2.5672547820927694,-0.8138360149197471,3.6960714918735955
-0.014353615004864359,0.012754655704094392,-0.00429058880553481,-0.006781700587036033,0.2916235401846717,-2.557234615676118,-0.8491968575362472,3.6855322517709856
-0.014376050033506421,0.012735771714448167,-0.0042444793234101075,-0.006790035950327463,0.29044732210073804,-2.539803087648451,-0.8810629024553803,3.6599364977508517
-0.01439826456124134,0.012717413187790606,-0.004199062624294294,-0.006797195032022551,0.2892336156710745,-2.5220761440453856,-0.9117707661915534,3.633874909534963
-0.01444398857230436,0.012582709806367269,-0.004044341129563219,-0.006959585110520237,0.2999879759088124,-2.4925819664797486,-1.0831354433723694,3.6298099005105704
-0.014461492511334433,0.012566415614400079,-0.004006493846450114,-0.00696562773789592,0.29899515457618975,-2.476567634293018,-1.1081094872792046,3.607247754181247
-0.014474762460466601,0.01255152704232933,-0.003976068846015451,-0.006973817732109602,0.2986157608729252,-2.4643282268834183,-1.1297199934006483,3.5910965298270567
-0.014446981220979227,0.012612301743312097,-0.004059181369811209,-0.0069108030337988935,0.2953374467132896,-2.4877917654962967,-1.0501812533140813,3.6095179670217954
-0.014418936255099716,0.012700161086681122,-0.004156770888809908,-0.006803627468414617,0.2880201489933363,-2.505288483927428,-0.9400680426678555,3.6093881305023934
-0.014432359931743721,0.01267700423512868,-0.004122174921663162,-0.006826062883997549,0.2889457920622518,-2.495601101656763,-0.9714679633874744,3.5999161686008203
-0.01444053558340097,0.012656836271973967,-0.004097241966089496,-0.006848889549307677,0.29037108170532605,-2.4900822117703556,-0.9972987129949589,3.597144457926158
-0.014458522585171513,0.012643739834454722,-0.004061458247079169,-0.006850446044021429,0.2890004979419836,-2.474411121277223,-1.0189822363587082,3.5736325052546536
-0.014868474079719899,0.011439164652238223,-0.002318540019395576,-0.00784356618317354,0.32758583852505896,-1.6738612874617351,-2.401950291357996,2.8487521941088296
-0.014908232293917962,0.011360661478128314,-0.0021761702551313477,-0.007850404640588546,0.322502224544536,-1.5806895424001277,-2.461069091733464,2.738553402703612
-0.014903272686420263,0.011376465124240778,-0.0022019471385036986,-0.00784425633054085,0.32283667670091715,-1.5971562531980072,-2.447726083220244,2.7558243956870316
-0.014873630630375563,0.011421166846730236,-0.0022896810677339257,-0.00785233475605833,0.3274245760969234,-1.6558888521014237,-2.4183440562898295,2.8305137496718182
-0.014896540518615322,0.01139186089937235,-0.002228809845950744,-0.007841322443672116,0.3235622385309415,-1.6146184434172375,-2.435730985743294,2.7757101265013646
-0.014887390042859244,0.011406644274516714,-0.002257162257042374,-0.007842887893685995,0.32491251745854743,-1.6334923565969375,-2.425644730804827,2.7992699497639424
-0.014830809171981598,0.01156071311586424,-0.0025143425368941495,-0.0077828405873540145,0.328479157040767,-1.7933767818252093,-2.287763198304395,2.9708833578157123
-0.014836645951456602,0.011543334217541142,-0.002486090601166667,-0.007791447263218724,0.3283076150912965,-1.7763654434259428,-2.304391207580959,2.953268555351908
-0.014843749244052296,0.01157417499899107,-0.002517706369252842,-0.007747444936884312,0.32433857379769643,-1.791217519803898,-2.266344722930405,2.953628165647809
-0.014830776453335987,0.011605597900210615,-0.00257077563568024,-0.007735128820959405,0.3250944074938093,-1.8232872271385812,-2.2371017140208918,2.9886862373329453
-0.014838163050662758,0.011589703981591417,-0.002543073501098641,-0.007740116640769267,0.3245211044219278,-1.8064008924671822,-2.2515952618101127,2.969584851944779
-0.01485086920320527,0.01152950922525829,-0.00245367608052652,-0.0077822674401698206,0.325808126142656,-1.7545078239580343,-2.3125648527359766,2.922359849962028
-0.014881762527510759,0.011452725496647248,-0.002323354036368254,-0.00780787998877109,0.32346667840756155,-1.6730985148767556,-2.3796629092450625,2.8328274159893847
-0.014877707013135691,0.011468466043431965,-0.0023478666215140044,-0.007799204114268674,0.3234416824067463,-1.6880937112174343,-2.3649915714432974,2.847564743588217
-0.014873214525676392,0.011484594284642055,-0.002373247918781744,-0.007790696126639864,0.3234714052224908,-1.7036041548967724,-2.350007746692356,2.863058903795954
-0.014860119880741894,0.011515577655736553,-0.0024263613398610314,-0.007781224143392682,0.32454217148481757,-1.7368194884241763,-2.3231462786399244,2.900047021685392
-0.014867524692547191,0.011500509541142562,-0.0023994952555145307,-0.007784205848708428,0.3237841114795641,-1.7198390844971636,-2.3357492869875895,2.8803379853598696
-0.01481419550284016,0.01165070474192968,-0.002644444061233728,-0.007712788423134112,0.32556533653685804,-1.8666753253466257,-2.1930435527792684,3.0342045833230995
-0.014821327752925755,0.011668107575011352,-0.0026577502017913865,-0.007682211283108754,0.32250276703318254,-1.8709225159388014,-2.17019930513176,3.027268851173677
-0.014828829068669978,0.011636348963631539,-0.0026108463163670996,-0.00770503916164421,0.32323026645941494,-1.8446289451718734,-2.203149678191897,3.0032780673959767
-0.014842029341880805,0.01162084454151531,-0.0025775458635271422,-0.0077005927299456526,0.3213087053466744,-1.8231360289391738,-2.2148756132727,2.9744961148853544
-0.01491431611467487,0.011270789408160684,-0.002048067031010683,-0.007920441323859662,0.3257544633539828,-1.5016066301157405,-2.549225314818829,2.6737842215625682
-0.014909053717203241,0.011286294229519822,-0.0020741301244755345,-0.007916053177212988,0.3262747460295012,-1.5188009694763585,-2.537112109337038,2.6923978967722806
-0.014902687210722826,0.011300799248044158,-0.002099781333081976,-0.00791429676576927,0.32711813044437205,-1.5359183166601034,-2.5265970921207237,2.7121073406197436
-0.014914068375302217,0.011344949839248072,-0.0021496796652125654,-0.007854773092737055,0.32196322237589725,-1.5634888103203615,-2.4735958551744646,2.719699689458569
-0.01491314118399545,0.011314504507970058,-0.002109216458737784,-0.007883858644399942,0.32379918445077976,-1.5393215995562757,-2.5055035580683174,2.7031031341014153
-0.014922836141253077,0.011329748156189598,-0.0021212245259201244,-0.007853439106684741,0.32065153431197674,-1.544335229926585,-2.483525790046288,2.696149168966986
-0.014941638460881937,0.011161588494101017,-0.0018718232469245918,-0.007963405948712733,0.32395528562450004,-1.3850015782299254,-2.636982847338612,2.5547116849866343
-0.014919096111199516,0.011254687705271748,-0.0020215691442798662,-0.007926003757359653,0.3253800210812139,-1.484168942271717,-2.5621034656501176,2.6554414292897186
-0.014923677505315465,0.011236636561330497,-0.0019924841331693706,-0.007933376180390979,0.3250828154124375,-1.4650784926991454,-2.5768875506839897,2.635976660914118
-0.014936976557652415,0.011221344420857518,-0.001959909089281939,-0.007922796062299215,0.32249681853723505,-1.4419384355665803,-2.5824036617022874,2.604032308483321
-0.014955410007710218,0.011174236465868466,-0.001878699492351332,-0.007928736686613572,0.3200571873630003,-1.386822912125645,-2.6143788204079246,2.5417465834508874
-0.014950812960627976,0.011189907922022381,-0.001904461203451587,-0.007924239799112569,0.32051594467252303,-1.4041267715034829,-2.602802045113471,2.560109485530479
-0.014945294509556723,0.011205848739407248,-0.0019313328077224107,-0.007920962803146268,0.32116009646837346,-1.4222452682520752,-2.591466521400562,2.5800096995816832
-0.014946031453556911,0.01114374468517081,-0.0018428942998386497,-0.00796972179122215,0.32356308229239633,-1.3655416702577143,-2.650643724354318,2.5346939047522175
-0.014959197961211486,0.011128004526761277,-0.001810120444780194,-0.007958416648287371,0.32091753429455233,-1.3419234116410366,-2.655224497134402,2.502198518760711
-0.014975861244169884,0.01108094333787281,-0.0017300226671177678,-0.007964121957143577,0.3185618023661823,-1.2866342280957601,-2.68537897934494,2.4405178595166035
-0.014972623873620285,0.011096295404785907,-0.0017544949415797078,-0.007958497204022625,0.3188110260536488,-1.3032585712106297,-2.6739778947440382,2.4573065491988633
-0.01496715786867976,0.011112345302396506,-0.0017816221260875517,-0.007956171153883735,0.31955903714383477,-1.3219503749878871,-2.663542534868913,2.477980901160899
-0.014981798127073481,0.011064966521238586,-0.0017026395686187358,-0.00796515507377023,0.31764504212101147,-1.2675485640239337,-2.694989238128351,2.4189254794071933
-0.014974737615989844,0.011005263486344381,-0.0016207034045607534,-0.008020609881201084,0.32121779768893427,-1.2139146135869587,-2.7540960739020046,2.381709747897099
-0.014980392533070923,0.011034096071233016,-0.001658913949745565,-0.007989957613599686,0.31894166830762233,-1.2386945319465044,-2.7237745387752352,2.3965964198755114
-0.014990477064327809,0.011049406901111974,-0.001673905525824552,-0.007960728992300497,0.31605437146497284,-1.2470343753023492,-2.7017747644783294,2.393364904859309
-0.014988231471466,0.011017610780814785,-0.0016293606285948219,-0.007987331161441501,0.31753113676423167,-1.2176855294419713,-2.7317137183726676,2.371334391260936
-0.014979372787578533,0.010987291288947144,-0.0015910237531299497,-0.00802452666914717,0.32054840387679323,-1.1931599641402253,-2.7658193293844,2.359696189094038
-0.014992397612822806,0.010971691416235295,-0.0015591902780576422,-0.008011182356582323,0.3177684425380624,-1.1696379878045697,-2.7679217613613614,2.3269567989981543
-0.014999960209014347,0.010955694208642702,-0.0015305741513143992,-0.008007930316757788,0.3163649327139762,-1.149059220312347,-2.774874077089761,2.3021164145168345
-0.015025094915108228,0.010173653249024917,-2.8586027310142643E-4,-0.008271707808437364,0.3098286095980083,-0.2250453113263228,-3.2371872691118555,1.4271259668727712
-0.015024554903929704,0.010189261251721071,-3.115513235210275E-4,-0.008270739897991682,0.3104129412701689,-0.24517264839254935,-3.231964198253644,1.4473051426774928
-0.015024097435614427,0.010204907919627072,-3.372862949123429E-4,-0.008269425104960542,0.3109530618072042,-0.2652828107935508,-3.226450482862895,1.4673521883805571
-0.01502361727601822,0.01022066027041291,-3.6318530699442877E-4,-0.008267960773839317,0.31139270440508865,-0.2854797410565628,-3.220747078274113,1.487463752399145
-0.015039869322892403,0.01016638123040342,-2.721461705918393E-4,-0.008243153763101613,0.3058756454123616,-0.21436035625542613,-3.2215727765825553,1.402591516509348
-0.01504073323855893,0.010150703374937918,-2.464642821282461E-4,-0.008243210593825377,0.3053137265740126,-0.19421778377756815,-3.226093897253229,1.3820361657403988
-0.01504139701381268,0.01013472372987272,-2.2031346404584461E-4,-0.008243517728177678,0.3047831064087007,-0.1736846031400255,-3.2307835631612924,1.3612455726279153
-0.01504177192291003,0.010118637812534593,-1.9401419651955936E-4,-0.008244224906069133,0.3043155703935209,-0.15300844249048404,-3.2356822830302563,1.3405447240549824
-0.015042621673011658,0.009944690844063657,9.04222875104104E-5,-0.008246333275150211,0.2993904592205264,0.07238497070876689,-3.280650963817909,1.11519230855174
-0.015043264622073812,0.009960507670372704,6.454163285040533E-5,-0.008245605387313617,0.29970852641408735,0.05174986900614408,-3.2765507704547905,1.1353485233674416
-0.015042078276949979,0.01010260128072031,-1.677960628488973E-4,-0.008244878187129339,0.30386694918234475,-0.13236351390854129,-3.240465898839694,1.3198976286407833
-0.01504230611483118,0.010086604776366378,-1.4164391034660726E-4,-0.00824550024500864,0.30340430436471766,-0.11174307876406116,-3.2451478626213057,1.2993054810834064
-0.015043638703088247,0.009976410822899828,3.853627118210028E-5,-0.008245235118244402,0.3000944202197853,0.031043667190286072,-3.272598881590939,1.1557885396233027
-0.015043620034871372,0.009992335159275051,1.2505840467299775E-5,-0.008245467306348911,0.30056530625931077,0.010342990156431614,-3.268964445375012,1.1765524131502014
-0.015043232558762583,0.010008170507302327,-1.338230405186821E-5,-0.008246254323178272,0.3011088145630481,-0.010222241463913782,-3.265637497913691,1.197488091352634
-0.015042657602660216,0.01002381326022747,-3.8967271787103106E-5,-0.008247238553529589,0.30167965869517865,-0.030527238403774703,-3.262411185670843,1.2183011280237377
-0.015042312711182892,0.01003929596234133,-6.429552833035278E-5,-0.00824759118940673,0.3021809743673481,-0.050606445929126664,-3.2587505329167707,1.2386333774882756
-0.015042334934285357,0.010054842019434428,-8.971869612227932E-5,-0.008247034038534799,0.30257450310042605,-0.07072720384068419,-3.2544292450377523,1.2586201696829218
-0.015042375444019632,0.010070637996993322,-1.155426776945666E-4,-0.00824625288319984,0.30298685451004137,-0.0911395032180785,-3.2498352982153507,1.2788378338068174
-0.015037608077553596,0.010244888357843727,-4.003887429147697E-4,-0.008236089017893635,0.3080150325907765,-0.31443526977021774,-3.1937042492965872,1.502172869867205
-0.015038371873062423,0.010228821695385361,-3.741203935849005E-4,-0.008237298675819828,0.3075124582733624,-0.29399767255817677,-3.199394455848114,1.4816352915306419
-0.014939162798900637,0.009057859426274524,0.0015504958341204733,-0.008128620711750396,0.28912118352938426,1.2630060823536382,-3.298675013885544,-0.05052281769338183
-0.014930494824075873,0.009011303498449924,0.0016267844494799088,-0.008112717591941291,0.28921186115045966,1.3257124698239817,-3.287025325335627,-0.11249348275506561
-0.014933443143144156,0.009026870140528746,0.0016012812410932766,-0.008118118698583475,0.2890944316510658,1.3047543644944548,-3.2910462369621807,-0.09178937550080392
-0.014936296907726307,0.00904239451318553,0.0015758675557676278,-0.008123490839290745,0.2890595306966736,1.283866557264662,-3.294980348557019,-0.07111320933797782
-0.014956087168718227,0.009151222243381172,0.0013968538735561805,-0.008156527822803501,0.28915342888497286,1.1366685335176772,-3.3173914342656308,0.07369142194276933
-0.014958780511509775,0.009166799740877753,0.0013711905071891444,-0.008160803090545114,0.2891544331388494,1.1155644981663249,-3.3200112542124387,0.09442018322170442
-0.01496132979307545,0.009182371469546506,0.0013455930338771278,-0.008165173008776313,0.2891658472665824,1.0945166400332382,-3.3226335182273234,0.11518302113714363
-0.01496382583647244,0.009197883739689825,0.0013200880052817868,-0.008169432153056417,0.2892700750292638,1.0735395466598325,-3.3251142363119155,0.13587407515768188
-0.014955029171163302,0.009062689556330194,0.0015324678112353487,-0.00810158063820326,0.28593404938332756,1.2459172794870554,-3.2799050477279237,-0.047713208981401765
-0.014958314488121726,0.00907812047590056,0.001506984876033514,-0.00810560192177627,0.2858055469860397,1.224958411660267,-3.282736680740381,-0.027477053798008105
-0.014961342254121273,0.00909394314141284,0.0014810528439771818,-0.008110191315376181,0.2857691511501548,1.2036690693331942,-3.2859016477610177,-0.006650111256810248
-0.014963868464097646,0.009109843920652269,0.0014552930573497652,-0.008115606803468742,0.2858343532288475,1.1825713442414107,-3.2895750965924804,0.014425545412169715
-0.014966361750007045,0.00912551567831744,0.0014298619112913663,-0.008120758062924149,0.2858923810521062,1.1617257578554103,-3.2929960039239616,0.03520485672041824
-0.014969199754608399,0.009141048171390451,0.0014043913687358412,-0.008124980181205279,0.2858642462922305,1.140797598166184,-3.295701115588734,0.05567988867684313
-0.014996607834004678,0.009432556583358587,9.336930282146564E-4,-0.008221862707070355,0.2915678522174679,0.7562856196590363,-3.346300532410878,0.44859274812307165
-0.01499471820120237,0.009416843097667701,9.59580572905524E-4,-0.00821902203852039,0.29138766699250723,0.7774956257538898,-3.3458121892806587,0.42768523664538477
-0.014992746265012341,0.00940112504461593,9.854914718554892E-4,-0.008216159712775126,0.2911906768910499,0.7987324522079025,-3.3452426752513307,0.4067842906219519
-0.014990723475251834,0.009385411771549909,0.0010113976624111169,-0.008213217258397612,0.2909587016078004,0.8199763309888816,-3.344549915108494,0.3858828275247071
-0.014966380089894761,0.009213368643817872,0.0012945620160690183,-0.008173384478174216,0.2893975315734874,1.0525449719920008,-3.3273132971799515,0.15648546890545315
-0.014968906044851904,0.009228928990997894,0.0012689084081565652,-0.008177255045654716,0.2894556304020055,1.0314554406201835,-3.3293873369673226,0.17718963608660074
-0.014971261890447578,0.009244563186614417,0.0012432082555290946,-0.008181316583234741,0.2894904794368008,1.0103361993432687,-3.331528363527704,0.1980492892706912
-0.014973499440982065,0.009260177726837274,0.0012175742274239886,-0.008185417702948089,0.28960974894010344,0.989270747240219,-3.3336318539996825,0.21892017181512655
-0.014975767276855878,0.009275741816854338,0.001191973484611472,-0.008189254020223179,0.2898019095722366,0.9682317692000099,-3.335485718398972,0.23969093053975568
-0.01498672457376603,0.009354006870478588,0.0010630884420248737,-0.008206704387053466,0.2904809865582884,0.8623967346008213,-3.342525280095018,0.3439906942565633
-0.014988708260285366,0.009369711275029668,0.0010372591009248132,-0.008210083420364807,0.29070437500925145,0.8411958643736245,-3.3436562361278477,0.3649612875299515
-0.014978092864120404,0.009291298363697107,0.0011663279660695536,-0.008192794753544307,0.2899796184428984,0.9471616667811179,-3.337066652380177,0.260400192645563
-0.014980391089175845,0.009306900820846372,0.0011406010334503458,-0.008196232178172473,0.29011318187492513,0.9260335727060708,-3.338506478214407,0.2811583378230014
-0.01498260110689392,0.009322570482875887,0.0011147900764511699,-0.008199694996150744,0.2902201104855164,0.9048408860410694,-3.3398936815824674,0.3020290157442688
-0.014984709242078445,0.0093382858249654,0.0010889338119319106,-0.008203198091382166,0.29032796034216185,0.8836141592024528,-3.341241168276109,0.3229916609235619
-0.01504208889811008,0.009928929844084666,1.1621458417610587E-4,-0.008246662083434997,0.299048007886809,0.09297849508713522,-3.284417101710352,1.0949328154798408
-0.015042061780328636,0.00991321881668626,1.418962789691614E-4,-0.008245803636812507,0.2985730351425137,0.11350428120351878,-3.287333350293665,1.0742241973583788
-0.015042155899981298,0.009897445709923128,1.6766096086781582E-4,-0.008244520939473846,0.29805634023843175,0.13410844397620367,-3.2899151339364736,1.0532835989406204
-0.015041791568741525,0.009881526042738897,1.936911942210134E-4,-0.008243962858603883,0.29762496392058363,0.15494785062935332,-3.292929538610341,1.03249651362192
-0.01504100556387416,0.009865598545530435,2.1977159881649496E-4,-0.0082440635214475,0.2972958752751444,0.17585570501516204,-3.296310458210057,1.0119967077205398
-0.015040200224686044,0.009849715297308607,2.4578557411839767E-4,-0.008244023301496014,0.2969746616943634,0.196736902990811,-3.2995268286595016,0.991501116844562
-0.01499840049453459,0.00944827164224866,9.078237818180311E-4,-0.008224713709447407,0.29174853281168617,0.7350970139699643,-3.3467296778378333,0.46952660047736366
-0.015000091648027318,0.009463998821253847,8.819560759167308E-4,-0.008227588461697017,0.29193909611360586,0.7139167686970863,-3.347107633552372,0.49050621834319674
-0.015001672777925643,0.009479741656512199,8.560856003909017E-4,-0.00823050517975602,0.2921429744588672,0.6927430394966488,-3.347446260693077,0.5115434399766815
-0.015003128386273738,0.00949547996128578,8.302480730594167E-4,-0.008233487209536644,0.2923719815650827,0.6716061977567539,-3.3477637685381922,0.5326221126611426
-0.015004476275776694,0.009511166008623721,8.045108750920144E-4,-0.008236483216179341,0.2926680489521749,0.6505611239900245,-3.348030443293012,0.5536676880328649
-0.015039848430675616,0.009833941864024285,2.7156707966166774E-4,-0.00824290727449647,0.2965358172545551,0.21744604225365807,-3.3019482577835078,0.9707119608193845
-0.015023449456975868,0.009779034307632344,3.6366154717429105E-4,-0.008267954444107809,0.2984831526682765,0.2923203494918773,-3.3289405777673537,0.9096047571896498
-0.01503958858257444,0.009818152318173326,2.9735282920315863E-4,-0.008241426185176341,0.2960677024066489,0.23816635577158848,-3.304063108140111,0.9497853292849384
-0.015038947263031887,0.009802278938323456,3.233162196988007E-4,-0.008240514287874047,0.2956748817752229,0.259055904438376,-3.306499746572531,0.9290037090998128
-0.015038309343864081,0.009786482233102006,3.491470664503412E-4,-0.008239424410886027,0.29529465673043337,0.2798611919995713,-3.308740050631315,0.908264739991273
-0.015022932550248627,0.009763154405329967,3.8975902183462937E-4,-0.008266334870227347,0.2980655746154705,0.3134205639749637,-3.330780721329917,0.8883983352957588
-0.015022306176671893,0.00974721265528126,4.159633790265155E-4,-0.008264739695185293,0.2977551475107369,0.3346160521254787,-3.3325769498051296,0.8671562256895612
-0.015021488238136586,0.009731303440344103,4.4213976846201915E-4,-0.008263348673656717,0.2974576612377872,0.3557964498261481,-3.3344350934653946,0.8460680965936705
-0.015020558357994686,0.009715482219907794,4.681859634166877E-4,-0.00826201479637044,0.29710419085418566,0.3768869083988364,-3.3362489421783246,0.8251384490658916
-0.015005817977647481,0.0095267717775809,7.788819588399766E-4,-0.008239284485624538,0.2930589874920761,0.6296169677349263,-3.348106799890602,0.5745753928138185
-0.015007272877727086,0.009542339514780264,7.532550991962947E-4,-0.008241670737181973,0.2934877480586681,0.6086952516149228,-3.347837431292501,0.595317228331854
-0.015008836310058211,0.009557960096981266,7.274920928758494E-4,-0.008243680670655116,0.2938655864191873,0.5876873171682849,-3.3472383668734724,0.616012251987118
-0.015010392606751627,0.00957369835405937,7.015308415727274E-4,-0.008245561531512681,0.2941275497209613,0.5665380952387711,-3.3464697086595803,0.6368228897132123
-0.015011794668712034,0.009589539580303874,6.754404989770744E-4,-0.008247598004853073,0.2943018261776913,0.5452910622072428,-3.345727479006167,0.6578367548131977
-0.015012963009839965,0.009605391222231974,6.493889521960199E-4,-0.008249918975159004,0.29451994739429127,0.5240719573662221,-3.345111804054922,0.6789947866316614
-0.015018587040483046,0.009683971675378747,5.200585487554992E-4,-0.008259052001714657,0.2963888068883062,0.41893949356051,-3.3394545899137715,0.7833965809680303
-0.01501959507700721,0.009699719084865279,4.941352088709914E-4,-0.008260577416666401,0.29672886607879984,0.397917800621059,-3.3379163673695316,0.8042623669774471
-0.015014012977012664,0.009621161307829388,6.234849117400587E-4,-0.00825227020193143,0.2948752547448053,0.5029729814564748,-3.344459720522639,0.7000949700187257
-0.015017497754992786,0.009668230325364652,5.45980783313795E-4,-0.008257509434914129,0.2960715908649934,0.4399713949699011,-3.340913712175024,0.7625539799786987
-0.015015126180563282,0.009636847251828251,5.97681727322275E-4,-0.00825429217017201,0.29531695791383256,0.4819718841583857,-3.3435294855329976,0.7209961802597481
-0.015016322310183274,0.009652518945021319,5.718658960615028E-4,-0.008255965452899153,0.29572642124502607,0.4609874533452037,-3.3423005454452688,0.741767498921951
-0.01504132642291448,0.01058172622139253,-9.381392902440546E-4,-0.008130087258838382,0.31082685456022197,-0.7221200505583719,-3.011839649818459,1.8841165986381283
-0.015045036546708454,0.01056519871142315,-9.107622043564516E-4,-0.008129595181329384,0.30994537401681305,-0.7015534655022931,-3.0181965535621136,1.8616990078120377
-0.015046712736099085,0.01051721182467134,-8.347024977739783E-4,-0.008144592559151849,0.30941566322776376,-0.6448227640855669,-3.0454175915831976,1.8075765530872927
-0.015042707371413078,0.010530688273819911,-8.574221275618988E-4,-0.008147374619862573,0.3104184729271906,-0.6620758582978131,-3.041771587373254,1.8273410400274925
-0.015047589743437024,0.010546282166383423,-8.801033522366013E-4,-0.00813204694617325,0.30931116954256005,-0.6785999639325261,-3.02704516910999,1.8381008163994432
-0.015050653408339455,0.010501119517181383,-8.079159500934385E-4,-0.00814272390697091,0.30843811490890255,-0.6245144892136727,-3.0504967982082865,1.7850007544871398
-0.015034635176959918,0.010643630371210777,-0.001037583245473802,-0.00811633206188316,0.31233115021895647,-0.7958256883588284,-2.9786262549616054,1.9578178162022983
-0.015037780434070926,0.010625373344825637,-0.0010077850407555706,-0.008118426838427365,0.3116121211497358,-0.7737231352891057,-2.987451568723064,1.9347154799486572
-0.015048872694561663,0.010608966628976485,-9.774827686368625E-4,-0.00810427201286344,0.30903410048038205,-0.7505098477714762,-2.986475119136649,1.9031417873066891
-0.015055175623572337,0.010593074697307386,-9.50155083586996E-4,-0.008098868669920685,0.30759453323487246,-0.7298533657621705,-2.9899548889214405,1.8783476379264787
-0.015019886285951103,0.010720356427599819,-0.001163451931553322,-0.008107782524641144,0.315424235345336,-0.888666657121934,-2.940438398821942,2.0556091783758226
-0.01502291309825441,0.010737126302456802,-0.0011877181287308469,-0.008093482656931985,0.3144838577968964,-0.9058130703130853,-2.92528492369281,2.0680443198544984
-0.015026437350833834,0.010704135459818551,-0.0011351606061601354,-0.008103417515072417,0.3139210847663056,-0.8675646667134355,-2.9453924167250967,2.030432036314922
-0.015049195281709017,0.010654830007152774,-0.0010483287100086847,-0.00808350001812592,0.30888782591875424,-0.8023384965803942,-2.9560552633702106,1.9501090523132476
-0.015045364500541692,0.010671129173053509,-0.0010752086700795379,-0.008083273696845387,0.30967301955465915,-0.8222517342800898,-2.9490049551342516,1.9717368654042609
-0.015039454790148593,0.01068839561521423,-0.0011045815031273316,-0.008086333790160329,0.31097478976586374,-0.8441420864383465,-2.943193422765504,1.9970581151696827
-0.015033340548049503,0.010324719407567092,-5.308466714317294E-4,-0.00822825472696156,0.31036488532094175,-0.4154409010514352,-3.1632229235389633,1.6034828269805892
-0.015034407468955471,0.010308537999326312,-5.043848498359819E-4,-0.008229815864923959,0.30985667864695027,-0.3950235370481438,-3.1695255892019976,1.5828997603420296
-0.015035072470820305,0.01029237936447102,-4.7803283409295804E-4,-0.00823197841550679,0.3094377729903655,-0.37466761263651777,-3.176113720963098,1.562711659994039
-0.015035570229044476,0.010276510923354661,-4.52167184561509E-4,-0.008234226076682187,0.30907079095618495,-0.35465159920249906,-3.1825936090034923,1.5429647157563278
-0.015048434045542366,0.010334164711099223,-5.425420686391119E-4,-0.008196275993316142,0.3072577324948384,-0.423446622901217,-3.1410330930387595,1.5970367198143034
-0.015046438303977361,0.010350119305444593,-5.686704727369537E-4,-0.008196324407958032,0.307923552160068,-0.44357754130155197,-3.135712337432556,1.6181269606872035
-0.015043752446073007,0.010365431788418925,-5.939549814631691E-4,-0.008197711017973772,0.3087242932806044,-0.46307573219190773,-3.1313171105563,1.6392150831095051
-0.015049022179560162,0.01046753045499113,-7.55361334366967E-4,-0.008157328826460815,0.3086003075413499,-0.5851646881163501,-3.0714227607495044,1.7497140604363537
-0.015053978247076808,0.010482789872691575,-7.778445253631175E-4,-0.008142614998708025,0.3075440596420404,-0.601743603962449,-3.057320545727206,1.7606477523791748
-0.015052835060587902,0.010454233240926905,-7.330487797430576E-4,-0.00815423274839337,0.30760751201489595,-0.5681034787038848,-3.0745339109643197,1.7301681995478762
-0.015055549693817345,0.010438610049175914,-7.074253003093245E-4,-0.008153861051524882,0.3068576434596951,-0.5485975355827444,-3.0799839313375403,1.7093121839733738
-0.015057243953174095,0.010422446717447409,-6.812630524819604E-4,-0.008155457000139506,0.3063276588897505,-0.5287058846907035,-3.08668740779645,1.688989596155748
-0.015058339302624499,0.0104060353177856,-6.548710905543818E-4,-0.008158102952580204,0.305913353990072,-0.5086300883232601,-3.094014800751289,1.6689971572270432
-0.015057874303682911,0.010390099204659983,-6.296429096616877E-4,-0.008163472220116964,0.3057997576115519,-0.4894921752405857,-3.102699833022731,1.6512788876308715
-0.01505591525848218,0.010374565475711618,-6.053958245594664E-4,-0.00817148158218568,0.3061428743871122,-0.4711339725765683,-3.11273321693379,1.6356341744315688
-0.015050624207767998,0.010269148145261493,-4.3731317413076893E-4,-0.008205882980068536,0.3057049635125421,-0.3423053876433734,-3.167817290511263,1.5170050950350034
-0.015052419554709706,0.010253536066727234,-4.117708877771019E-4,-0.00820523453025634,0.30503969826080984,-0.3224479913380316,-3.172298127737553,1.4961460119840595
-0.014989500616773331,0.010908486938828265,-0.0014671201615594476,-0.008057771180357545,0.3200311938770084,-1.1068957585947667,-2.823783825740386,2.276505742425588
-0.014992956193949244,0.010925153850566546,-0.0014898350531833708,-0.008040720536572772,0.3187618010575193,-1.1221041577462136,-2.806766901931321,2.286077205728765
-0.015006983641063214,0.010940096884693773,-0.0015029663712271414,-0.008005201211095115,0.3150665049486763,-1.1291696666602784,-2.781737888537334,2.2783433191521962
-0.014996552517170143,0.01089260550722259,-0.001438872922930314,-0.008054615649105009,0.31859020183337444,-1.0863819642610488,-2.8304014249937626,2.2519271507869765
-0.015017513516748527,0.010860388733271501,-0.001377803673619331,-0.00803520606964977,0.3141548214870266,-1.04117304784501,-2.8369011542193583,2.192474664471509
-0.015009969787763698,0.010877174571743906,-0.0014074921629681646,-0.008039141455265181,0.31563572238521265,-1.0628264942522287,-2.8305320864005066,2.218523807806186
-0.015023727569821753,0.01084512534889742,-0.0013512524988862223,-0.008032631405727868,0.3129627781501308,-1.0217899126061223,-2.8430882459240663,2.1696312100107775
-0.015032926831714836,0.010830394160221711,-0.0013238443068599385,-0.008024015204361716,0.3110447523494985,-1.0013728116344065,-2.8458596943488974,2.1430083815215677
-0.015023220744135616,0.010815407514004498,-0.0013067985790711776,-0.008050632242980823,0.31354416408290525,-0.9905852240337262,-2.866562051919534,2.142828326735069
-0.01502739917002699,0.010784999371563747,-0.0012584325039990748,-0.008059663541250097,0.3129776429310598,-0.9558498129806673,-2.8855738208083737,2.1082398588754256
-0.015032666452365884,0.010800879468491018,-0.0012795856163694526,-0.008041085813705804,0.3114289547756865,-0.9702065055129075,-2.8685782600782637,2.1159076314000855
-0.015033474817924204,0.010753679799018147,-0.0012075590378294483,-0.008064945009469809,0.311892639002835,-0.9188808664202631,-2.90279655331622,2.06968164696196
-0.015041732722274026,0.010769702569700777,-0.001227546176185729,-0.008041000780619452,0.3098006640576623,-0.9321972101774466,-2.88299967021037,2.073707006799139
-0.014927420001068191,0.008995728613479933,0.0016523507646909429,-0.008107370504714296,0.2893834051629583,1.3467191270477274,-3.2829773354109304,-0.13317045923348844
-0.014913964858110489,0.008933839591931397,0.0017544926301962718,-0.008086661261242113,0.2899212553841281,1.430628695176093,-3.2666110854566077,-0.21505116364111254
-0.014924202872761952,0.008980172950418527,0.0016779540513778026,-0.008102126131080257,0.2895993558286141,1.3677509699414359,-3.2789374013592565,-0.15378090399280195
-0.0149173430710792,0.008949256802790866,0.0017290818703909162,-0.008092041266170594,0.28989287397969304,1.40975652412021,-3.2709484608324018,-0.19464805914650019
-0.014920818208298943,0.00896467697348569,0.00170355706154783,-0.008097060955978792,0.2897973948166201,1.3887828418572619,-3.2749597460728626,-0.17427106541300552
-0.014907364098950495,0.008902798091602574,0.0018053735393070002,-0.00807491270530917,0.2903052210897407,1.4723569660751243,-3.2570213742257823,-0.25614556730137344
-0.014910706166061745,0.008918342901467285,0.001779887088128554,-0.008080817148462925,0.29003883993544927,1.451463358437125,-3.261871337540231,-0.23558165609153314
-0.014892853195870302,0.00884141590818995,0.0019066706406523006,-0.008052267733996372,0.2911561970993865,1.5553766634195954,-3.2377030366365926,-0.3370708870771117
-0.014896440891571093,0.008856694388777812,0.0018815358665173409,-0.008058216646730261,0.2910190024008443,1.5347929036682053,-3.242835808639725,-0.3169242734986319
-0.0149001176993777,0.008871965950730075,0.0018562973249238643,-0.008063817339162482,0.29085826650489116,1.5141071975631284,-3.247652001492306,-0.29679946317630185
-0.014903807306406487,0.00888731932788186,0.0018308923601243119,-0.008069281263937038,0.29061662997353155,1.4932779314931912,-3.25230675768136,-0.2765696064905608
-0.014842921746160493,0.008756573701192634,0.0020723022015690686,-0.008071407440623622,0.2989187170574788,1.6982310338827364,-3.2437487417715793,-0.45000206063404685
-0.014854473474033738,0.00874552337664837,0.002077570829689613,-0.00803974958872968,0.2940591663091077,1.6959398232359482,-3.2225036752779137,-0.46119737745368106
-0.0148468048396387,0.008771796903417485,0.0020469647079516097,-0.008077870456281687,0.3002667109381945,1.6776498536063766,-3.249569417408441,-0.42973693706787036
-0.014858334875243464,0.008760749053963712,0.0020523953761934703,-0.008046321718452492,0.2933728521406292,1.6753371177563512,-3.2284886400242585,-0.44107063471859537
-0.014850640095209082,0.008787032289485812,0.002021599253279174,-0.008084255731271556,0.3011267458008367,1.6569567782720398,-3.2552537381063473,-0.40947748256868716
-0.014862192008945431,0.008775972477097679,0.0020271801095410606,-0.008052726138442086,0.2926196112771557,1.6546297963939416,-3.2343137611202866,-0.420889720079956
-0.014854427471532412,0.008802279697245051,0.0019961871677969217,-0.00809056787660965,0.3007194300036152,1.6361124646203509,-3.260841526472388,-0.3891770216826778
-0.014866039421570288,0.008791216182457283,0.0020019025594119957,-0.008058990978908784,0.29210926799699455,1.633840866926257,-3.239988354453327,-0.4006428962385769
-0.01486984534243365,0.008806503241134347,0.0019765592706109856,-0.008065190996024277,0.2919570951607198,1.6130193723836113,-3.245545353653924,-0.38033195903750716
-0.014866452172204723,0.00873441875619954,0.0020825524354950806,-0.008008016539277378,0.2931005058206421,1.6990340412234277,-3.1980579534000584,-0.47767344427468367
-0.014828727620018925,0.00859730320011697,0.002308098252530672,-0.007945654640964856,0.2973090008751323,1.8822668283518864,-3.138369618672293,-0.6564124721008717
-0.01486265973767945,0.008719130520267054,0.002107510444254702,-0.008001024488426467,0.293504389301408,1.7193518470689229,-3.1916443706351543,-0.49769955313382
-0.014833215638551814,0.008612502810608038,0.002282997951867046,-0.007952728259987524,0.2967306344273611,1.8619376561961387,-3.145369921304211,-0.6366884657998187
-0.01483749781169092,0.008627720357427605,0.0022580264702528273,-0.00796000864124007,0.2961500512830458,1.8417162848963946,-3.152453716230689,-0.6169228383610812
-0.014841655303111642,0.008642916489755135,0.0022331531856793277,-0.007967315483286027,0.2956910716544903,1.8215572960782238,-3.1594904041979475,-0.5971542946564837
-0.014845889278336624,0.00865808927008963,0.0022081855228244726,-0.007974287495489547,0.29533249102751663,1.8012801176416475,-3.16621849332855,-0.5773874251731536
-0.014850231114991543,0.008673273785877194,0.002183050325729547,-0.00798089957918329,0.29495769421982904,1.780832292252433,-3.172619838222546,-0.557588903740618
-0.014854540382319358,0.008688512799380285,0.002157825909901803,-0.007987442469348847,0.2944996130052806,1.7603019068331196,-3.178906071563642,-0.5377084565856901
-0.01485869798359625,0.00870381151207154,0.0021326156051544175,-0.00799413573736884,0.2939921556341818,1.7397838608107816,-3.1852372587781996,-0.5177317229709679
-0.014840573611705153,0.008585731969731966,0.002311893992972437,-0.007913065329835154,0.29443524027739204,1.8814987495333562,-3.114243477344852,-0.6697474430265514
-0.014885663026318498,0.008810631441738688,0.001957146278187306,-0.008039676989976556,0.29171065685142356,1.596649735047068,-3.226731455231089,-0.377626202603081
-0.014889309808262785,0.008826056554162286,0.0019318406803374704,-0.008045993179108308,0.29137409704902234,1.5759659068142466,-3.232266865310329,-0.3573204943614146
-0.014905236237176184,0.00883026321793595,0.0019124501856489973,-0.008020021656388099,0.28822793257052254,1.557150581141107,-3.2145114067055616,-0.35282133318766595
-0.014764896782867474,0.008484823888579553,0.002525269026126712,-0.007941351948048805,0.3101729653450976,2.067118963499056,-3.1161493338731177,-0.8090977322460645
-0.014780590286406584,0.008488096368913923,0.0025037970866676946,-0.00791706720071222,0.30164570847390837,2.041912121373741,-3.1028129044976684,-0.7983274943188428
-0.014760113266848318,0.008469862200069999,0.0025502053741318894,-0.00793337927313613,0.31101605838341345,2.0872932092980703,-3.107894851962474,-0.8286055477655297
-0.014775787876741941,0.008473079526173415,0.002528689944404055,-0.00790919115130226,0.3022712608167904,2.0619481829887536,-3.0946897063094174,-0.8177933372425009
-0.01479678118957982,0.008491286260648162,0.0024823593154070854,-0.007892489142905386,0.3013459816204633,2.0227691435583037,-3.0848673845109116,-0.7932861624104465
-0.014835864250181593,0.008570591614375945,0.0023368953488887676,-0.007906210349807046,0.29503391220387093,1.9017165470648834,-3.1072957556681455,-0.6892131958369195
-0.014831658579043346,0.008555393665635902,0.002361411524291094,-0.007898231115784712,0.2955292040946091,1.921390201108494,-3.0994853155781743,-0.708671661301421
-0.014818520017614892,0.008509522456493524,0.0024355031900428325,-0.007873880329776204,0.297136587699336,1.980706808342341,-3.0753127859331073,-0.7671882999222149
-0.014823236155036274,0.008524784064454814,0.00241055488928099,-0.007881553909971762,0.29652476979124115,1.9606847784374268,-3.083127958052154,-0.7477130408328616
-0.014827619206379284,0.008540105748930776,0.0023858157744318363,-0.007889695102168916,0.2959931624824477,1.9408828653042949,-3.0912071249166355,-0.7281731341344714
-0.014813631832548009,0.008494355152383963,0.002460455257553154,-0.007866426475591937,0.29779852124424755,2.0007501146884725,-3.067595481826869,-0.7865429613030388
-0.014704206396560532,0.008264598986829196,0.0028737035391467615,-0.007789935310031003,0.31461730315511943,2.3368503544853705,-2.967523472711456,-1.0844666809711665
-0.014688233955621806,0.008262052251258773,0.0028964753891680306,-0.007813608640500782,0.31848431108542236,2.3625723409852206,-2.9801059500573075,-1.096620443216697
-0.014698787690064663,0.008249790113865103,0.0028981306710889857,-0.007780720616443651,0.3151676152653695,2.3559659756059936,-2.957526994606383,-1.1030868499455455
-0.014682750970092102,0.008247332503838375,0.002921048380055914,-0.007804455482425378,0.3209746354500974,2.382010660519418,-2.9698761383215966,-1.1154109691859053
-0.01466035731795871,0.00818862768350935,0.0030189427639735135,-0.00776711289614197,0.3280614118528656,2.4595676576119354,-2.9281213912537996,-1.1894841249270147
-0.014670431734452557,0.008176241115374018,0.0030202679004320957,-0.007734664316163727,0.3194726090821312,2.451666155154109,-2.9061766544393635,-1.1956429812669025
-0.014666024878782739,0.008203277475351158,0.002994556780495606,-0.00777654720115534,0.3282637750329291,2.4404101000450096,-2.9386174423031277,-1.1710962181307305
-0.014676178921593987,0.00819088113191241,0.002995951532930433,-0.007744012546978529,0.3180096054525319,2.4326362297036854,-2.916709774829432,-1.177292395704382
-0.014671646377591765,0.008217944972024238,0.0029701104288707585,-0.007785916604359046,0.32691431204821514,2.421038225411361,-2.949078700753192,-1.152647732280215
-0.014681926755948435,0.008205538644007864,0.0029715513453728057,-0.007753211933972226,0.3167714033590672,2.4134823445715607,-2.9270732718186188,-1.1588376008692665
-0.014677221759479862,0.008232630029493518,0.002945599491860159,-0.00779522250376066,0.3239865443731627,2.401526989030234,-2.959512182690584,-1.1340914864453278
-0.014687638987853769,0.008220239263237016,0.002947085528038324,-0.007762348436582218,0.31603922817259295,2.394281140006377,-2.937306658509818,-1.1402968263703415
-0.014693265762056767,0.008234995446917083,0.0029225989594077943,-0.007771514598612137,0.31560302332058665,2.3751047631019637,-2.9474546003913784,-1.1217024932591253
-0.014657845811305489,0.00810495474244109,0.003117558420021975,-0.007662753755762085,0.3242112156711318,2.52262467589884,-2.83514628766175,-1.2784269024663883
-0.01466360532331913,0.00811971827137191,0.003093567698335196,-0.007672958883761524,0.3230055134370093,2.5042577228727683,-2.8465591686655762,-1.2604543607810206
-0.014669266440619716,0.008134435377345947,0.0030696814736425296,-0.007683088542811939,0.3219203203584225,2.4859325843943147,-2.85784081766902,-1.2424940420064736
-0.014674978606921392,0.008149101350054802,0.003045713221708896,-0.007692902286224191,0.32091800292244727,2.467465051561513,-2.8688226705639575,-1.2245005741508654
-0.014680742240324703,0.008163729747807007,0.0030216513941204973,-0.0077024159456947705,0.3199485614130703,2.448854169870071,-2.8795157843681753,-1.2064678603737489
-0.014740509980012716,0.008410168207199323,0.0026496589411115815,-0.007900718938667506,0.31245080128449054,2.1671595098103484,-3.0738045681407193,-0.9061206808891559
-0.014751177788521364,0.008398300725959458,0.0026525730463538085,-0.007868543713498216,0.3062768066486559,2.161340713788871,-3.0521520945384064,-0.9142698908649897
-0.014745481092211748,0.00842506850832781,0.0026248380820757533,-0.007908999854187604,0.31243184764617593,2.147316694638233,-3.082511771534149,-0.8868029039054556
-0.014756163495702192,0.008413223599067397,0.0026278835128801456,-0.007876876183834853,0.3054213611331978,2.1416093026458785,-3.0609196142292148,-0.8950999996137702
-0.014750405375308931,0.008439984368592408,0.0025999911238989044,-0.007917202804714035,0.3122110833261725,2.1274007155216683,-3.091082893370041,-0.8674523059147341
-0.014761119505109874,0.008428154714308198,0.0026031570182405536,-0.007885095245932427,0.304510327786837,2.1217949844891053,-3.0695531146556028,-0.8758716733001294
-0.014755282782341356,0.008454915646326116,0.002575113005940625,-0.007925329462358865,0.31168291044633195,2.1073909778808475,-3.099539793411594,-0.8480559705659245
-0.014766046471602984,0.00844310520475367,0.002578380725117797,-0.007893211232728544,0.3036896484284257,2.1019039404609257,-3.078058966826422,-0.856575462872562
-0.014770937731507,0.00845808091706676,0.0025535553767288867,-0.007901241116731033,0.30294472781123843,2.081950183173276,-3.0864386837433604,-0.8372126548797061
-0.01476217441482408,0.008386320122995672,0.0026553693606973794,-0.007836433943773811,0.3062059376992657,2.161133364493782,-3.0261334230538828,-0.9274829245634882
-0.014757124381872494,0.008371352129123337,0.002679935410379527,-0.007827937707577386,0.3070458445081408,2.1806432697916924,-3.0171317013764534,-0.9464757945875245
-0.014751909114669752,0.008356417172133947,0.002704589839033294,-0.007819583083016252,0.30789217316658485,2.2002183627935263,-3.0081693845055852,-0.9654201667929482
-0.014746606005798038,0.008341525438885564,0.002729233617400176,-0.007811249863534772,0.3086805395530821,2.2197684092171834,-2.9991590894257314,-0.9842939537424816
-0.01474134275149191,0.008326645317861576,0.002753757036361855,-0.00780268817822645,0.3094446521489485,2.2391738828642,-2.9899171088273953,-1.003104468023457
-0.014736120503000221,0.00831176524851405,0.0027781704475528814,-0.007793884362246667,0.3102438295684053,2.2584374911104743,-2.980432867563606,-1.021858645510082
-0.014720498941111602,0.008267133266463863,0.002850955184107735,-0.00776637021231275,0.31271559789970765,2.3156103539120756,-2.9507735086650766,-1.0777989759983306
-0.014730860281379488,0.008296891369088837,0.002802558004282193,-0.007784977247946029,0.3110576865690518,2.277647987237595,-2.9708046639201524,-1.040566960747312
-0.01472563597256151,0.008282018836177686,0.002826835691785133,-0.007775839139945741,0.3118577208116671,2.296725133562401,-2.9609414883651453,-1.0592158644800647
-0.014594990318363584,0.008028689782366835,0.003285432014684671,-0.0076581976517266755,0.3379330096782966,2.665130480088444,-2.8042802650343464,-1.388413887960177
-0.014601160777393506,0.008043135288126547,0.0032613884003400827,-0.0076684680743783415,0.33830519801244524,2.6469048836584546,-2.8160733135744382,-1.3706856369673381
-0.01461083842731549,0.008030397800923243,0.0032617307510521315,-0.007635817878467926,0.3314027124873595,2.6375396590592355,-2.7938954927235957,-1.3754366677718115
-0.014607285815467807,0.008057600088913425,0.003237308495073097,-0.007678664629329892,0.3381988176006885,2.6285254242568876,-2.827736948614779,-1.3529231860973174
-0.014616996313788162,0.00804485662558824,0.0032377746872622776,-0.007646001451666795,0.32975648636024685,2.6192526909227016,-2.805638389467179,-1.3577907801382514
-0.014613365371455134,0.008072084039835076,0.0032131789868169824,-0.007688792886145925,0.3372091690414914,2.6099612302296595,-2.8393273176214238,-1.3351013398867437
-0.01462315124103506,0.008059340045483341,0.003213727043841846,-0.00765605418647997,0.3283056809489126,2.6008252770861944,-2.8172513987428878,-1.3400299055092904
-0.014629285233358878,0.008073867415968654,0.003189592051899535,-0.0076660266732380385,0.3271159802619847,2.5823000946631645,-2.8287433890541096,-1.3221610190882382
-0.014645735615964805,0.008075434519715296,0.0031660882311313715,-0.007642756856857623,0.3267664583548406,2.559772799177575,-2.8123972831942106,-1.3143832595920817
-0.01465188667860627,0.00809017046871646,0.003141759220035716,-0.007652661568586569,0.3254861427548204,2.5411485074241003,-2.823736363690452,-1.2964265414996907
-0.014588774500088612,0.008014263716568458,0.003309465614762951,-0.007647842073499958,0.33847636319611407,2.6833111967614873,-2.792303029440283,-1.4061106898634614
-0.014604676358927026,0.008015938592115683,0.003285619112071278,-0.007625473482242469,0.3329858872326242,2.655667011745266,-2.782013488708806,-1.3929837117482942
-0.014546912737785139,0.007886580989641866,0.003499584385131265,-0.007529253517355308,0.3456230093390405,2.815900576204782,-2.669801033129172,-1.5478505593244467
-0.014530801440932151,0.0078853278497963,0.0035243537824474883,-0.007551223629443329,0.3505050376681637,2.8441107380558805,-2.6793645653138616,-1.561897702546761
-0.014563458889128956,0.007956756752799629,0.0034053687179320807,-0.007605624220824424,0.3468391485793931,2.7560430093060657,-2.7431327222639035,-1.4759922618492416
-0.014572877740359947,0.007943892850291142,0.0034050185530951197,-0.007573017390935925,0.33913542265110236,2.745699257987639,-2.7209321237615494,-1.4799404280207427
-0.014569855515627577,0.007971103608784268,0.0033814772817515166,-0.0076162762997675675,0.34642093586363637,2.73804020815841,-2.755509772001979,-1.4586690486238687
-0.014579336384669609,0.007958238095249726,0.0033812124597048967,-0.007583614382190501,0.3374115153642068,2.7277891070256426,-2.7333894452332017,-1.462701568094311
-0.014576207035553426,0.007985470484765412,0.003357520154805433,-0.007626867520971028,0.34435396915998134,2.7198436261244203,-2.767851703428588,-1.4412647827977902
-0.014585784494114613,0.007972605865458298,0.003357326502287886,-0.007594090373229529,0.33595505066783743,2.7097580128468404,-2.7456963440265696,-1.445352995505357
-0.014582513384860307,0.007999857235701381,0.003333503004539867,-0.007637395254189016,0.3409642549808245,2.7015547255112264,-2.780139524028881,-1.4237426939768552
-0.01459217883370669,0.007987016066317968,0.003333401326834039,-0.007604532764414841,0.33499566323705454,2.6917019892154523,-2.757889028574279,-1.4279299781819192
-0.014598473204242438,0.008001470288944238,0.0033094944169946776,-0.007615010822238261,0.33417175952922923,2.6736874456327873,-2.7700004653125365,-1.410471091562022
-0.014582527337455116,0.007930893542495718,0.0034047169478823385,-0.007540617140678041,0.3394373243974589,2.7398396558716516,-2.693831719965525,-1.4880022750061366
-0.014576069187230594,0.007916565106537437,0.003428233136965417,-0.007529850359053183,0.3407139923434532,2.757272175625207,-2.6812467364781605,-1.5048986928424133
-0.01456967264052813,0.0079022104983214,0.003451608534982021,-0.007518789801333227,0.3420119542171669,2.77450272206906,-2.6683839965363485,-1.5217058810939041
-0.01456333770131447,0.007887810112407759,0.003474858117696652,-0.007507409699388334,0.34340255515230056,2.791531506260928,-2.655224970085413,-1.5384324639787599
-0.014471195508301069,0.007730688024116206,0.0037576067443645775,-0.007403648896306751,0.36224702154568167,3.002927892918351,-2.520269206830447,-1.7285386527557633
-0.014455032777517944,0.007730047808600201,0.0037831921677408116,-0.007424924906481383,0.3698408763546294,3.0321980473910792,-2.5283110529907287,-1.743367224560788
-0.014503870314936747,0.00782855988196046,0.003619046439049379,-0.007506301359795166,0.36072103895645186,2.9143384165793242,-2.625769400905201,-1.6288933268190948
-0.014512944902001682,0.007815416844863178,0.0036176961242670963,-0.007473586451586301,0.35213292072315877,2.90256103670443,-2.603656297794211,-1.6314880914047272
-0.014510669920930357,0.007842720031054358,0.003595465284398922,-0.007517624905266036,0.3598953046330744,2.896987850653913,-2.6392091081802924,-1.6123054363475502
-0.014519829876793185,0.007829561248726169,0.0035941770910807584,-0.00748480086381808,0.35023378211116457,2.885348160973189,-2.617115799754066,-1.6149467495381062
-0.014517425023423979,0.00785690150535659,0.0035718182649300254,-0.007528888732057058,0.3576057346938984,2.8794363500012707,-2.6526385916720128,-1.5956341191709489
-0.014526707259169035,0.007843738496341747,0.003570562991873039,-0.007495907312894001,0.34863406707315425,2.8680034248147197,-2.6304342521394983,-1.598275604507082
-0.01452413555302291,0.007871104159928416,0.003548107109437118,-0.007540091794827006,0.35408718568107056,2.8617704539104607,-2.6660451778801613,-1.5788368649022704
-0.014533540582868572,0.00785797155670818,0.003546885673269081,-0.007506986790348645,0.3474778585386842,2.8506062948098116,-2.6436417405355708,-1.5815049002936974
-0.014540283470411546,0.007872260975060457,0.0035232084599222256,-0.007518103273020635,0.3465754973447019,2.8332320106855966,-2.6567626892133003,-1.5646836456382405
-0.014522232458465347,0.007802147833800096,0.003616431596002213,-0.007441110704628368,0.3527031996497228,2.894905521794168,-2.576372242002662,-1.6379452451469836
-0.01451531887503006,0.007788029895907055,0.0036396929493277834,-0.007429792683500036,0.35414124962075993,2.9116587565227756,-2.5628576092388786,-1.6541260404938984
-0.01450850249035923,0.00777386194048011,0.0036627718993484035,-0.007418100993524531,0.35561333738565826,2.92814117857983,-2.5490100730668193,-1.6701969988910534
-0.014501764845568645,0.007759645876274862,0.003685689244582867,-0.00740606653924166,0.3571752012095011,2.9443722349156687,-2.53485634853765,-1.6861597823705348
-0.014494915483265166,0.007745419384051689,0.003708694878663425,-0.00739400643751588,0.3588591223960123,2.9606259903087193,-2.5206114924937686,-1.7020954583379597
-0.014487882256429057,0.007731208433134741,0.0037318765234202324,-0.007382054506838708,0.36059837854544724,2.9770066028981947,-2.506366817379948,-1.7180315550808307
-0.014447879610072302,0.007716063272701483,0.0038065179157033106,-0.007412993693403418,0.372440249212134,3.0488828937688983,-2.5137984892098864,-1.7593305046975807
-0.014464018673586938,0.007716623054297531,0.0037809043564246167,-0.007391789034012824,0.3636994957723156,3.0194172598833293,-2.5060261770203947,-1.744491230035834
-0.01442615704605234,0.007674245540973592,0.0038761905793546804,-0.007376801721535059,0.37707575281252764,3.0981937703627387,-2.4698751387118274,-1.8066085634220415
-0.014433441674724524,0.007688162004634455,0.003853023145656954,-0.007388928899448159,0.3766709097448557,3.0819386495902434,-2.484584723319731,-1.7909338172335392
-0.014442151355225355,0.007674642866025921,0.003850624225578612,-0.007355979356692458,0.36877882478680246,3.0685197742854027,-2.462663007074376,-1.7918490684267476
-0.014440682552685625,0.007702101293295659,0.0038298000378110216,-0.00740099234265064,0.3750773398031284,3.0654889122572535,-2.499216196548623,-1.7751826533414032
-0.014456774363053234,0.007702588476236884,0.003804193556486249,-0.007379897503511393,0.36515975201356715,3.035860166296637,-2.491674324986418,-1.7603755637887797
-0.01444947412727419,0.007688597053717751,0.0038274484370251203,-0.007367978015469672,0.3667931857264252,3.052248093646393,-2.47722181631832,-1.776171184686081
-0.014418828737030386,0.007660352036567375,0.0038993331708415836,-0.007364594688939577,0.37809889859377804,3.114331997912071,-2.455029237550943,-1.8222161225005438
-0.014434826000885954,0.007660698665676194,0.003873710175067949,-0.007343836782167106,0.37085432614874575,3.084611790177904,-2.4479748203208462,-1.8074016603742862
-0.014411456818519202,0.007646481625663306,0.003922466967640808,-0.007352299273878992,0.3808473425687489,3.130451184452484,-2.4400323412223517,-1.8377295625111596
-0.014427469455507368,0.007646756093978538,0.003896753275686196,-0.00733157454933378,0.3725909303223886,3.1005581366425967,-2.433157011222477,-1.8228577551540257
-0.0144040413618797,0.007632634442496726,0.003945569833328563,-0.00733992717087617,0.384085749033887,3.146540395096276,-2.4249312659208924,-1.8531192533531222
-0.01442004105534795,0.007632843168985053,0.003919794069058785,-0.007319285271488834,0.37405396063924706,3.116450802793221,-2.4182409775691887,-1.838244957576242
-0.014381534484329049,0.007591233601480754,0.004014541449566949,-0.0073024318660901075,0.38832721901346506,3.1939234745012595,-2.37927117057975,-1.8986818298219565
-0.014389880659121087,0.007577619150073659,0.0040114564753225565,-0.007269711774049863,0.38183181692796864,3.1792056820191203,-2.3575996413489833,-1.8987723284362488
-0.014389080122167905,0.007605010296224523,0.003991599191912364,-0.0073149976758313745,0.38739698481187085,3.1782984266227374,-2.394566423721546,-1.8835704936263766
-0.0143974509710596,0.007591390549181988,0.0039886514304869015,-0.0072822561506233315,0.37975628329098493,3.163729160978925,-2.3729334081429574,-1.8838261570835704
-0.014396582438974287,0.0076188106212854685,0.003968614428490957,-0.007327493004424676,0.3862878302816682,3.1625094042272592,-2.4097750349985594,-1.8683900127614244
-0.014405003110092842,0.007605174589118025,0.003965776039995895,-0.007294682608531976,0.3776136996451999,3.148095182273048,-2.388146492080843,-1.8687546448777699
-0.014412541286840802,0.007618984997348695,0.003942816033405704,-0.00730700523852786,0.3756631503225776,3.1323152664387846,-2.4032431027611625,-1.8535540749604873
-0.014390852431480134,0.0075500574446352555,0.004030993406296237,-0.007224488388525726,0.3838970554765331,3.1831602687835545,-2.3147941758206088,-1.9167285461534542
-0.014398486347519113,0.007563810484426725,0.004008387168183659,-0.007237091326728962,0.3820072728465291,3.1680601356504674,-2.3301700092054705,-1.9020998707678738
-0.014383141118692563,0.0075363111467390284,0.004053628231770082,-0.007211828975700124,0.3857636084226719,3.1982206379193747,-2.299308129873658,-1.931297760671707
-0.01437547033413359,0.007522523908262391,0.004076135025455416,-0.0071988926858931055,0.38761098509100655,3.2130498725367773,-2.2835638987417064,-1.9457464378599238
-0.014311686570991885,0.007468328829897485,0.0042193787591016585,-0.007186021161952344,0.40597245571109314,3.329959588764597,-2.2362850934329566,-2.030436602469568
-0.014327655823584284,0.007468048120289515,0.004192813199520658,-0.007166507712767558,0.39728160528346335,3.2993030549842097,-2.231068897994285,-2.0149558458103525
-0.0143037118419788,0.00745479580756053,0.004241905812378482,-0.007172746370214423,0.406564735489031,3.344436420215036,-2.2199333061417788,-2.044569578951492
-0.014319691754358134,0.007454487477392011,0.004215275396479575,-0.007153319869898239,0.3997868510314955,3.313842574763889,-2.2148080842742206,-2.02900780930519
-0.014311716903969618,0.007440923099603722,0.0042376611249316945,-0.007139981763707109,0.40204183800302534,3.328175880067598,-2.198431541942455,-2.042923997127964
-0.014295694626951435,0.0074412878880224615,0.004264416117904963,-0.007159385984567726,0.40850322375462694,3.358830875108614,-2.203413861559342,-2.05861371855937
-0.014367844827736035,0.007508679061800538,0.004098514243954444,-0.0071856491010526,0.3895552429849513,3.2276297225622206,-2.2675441092779267,-1.960071421950717
-0.01436007990576161,0.007494840955054768,0.004121018220950714,-0.0071724236798830845,0.391654996043239,3.2422536704634832,-2.2514678019992655,-1.9743684286936987
-0.014352067479232775,0.007481126475835604,0.004143744836360854,-0.0071595302452268665,0.39379118644487243,3.2570975544281366,-2.2355684312255444,-1.9886584716403244
-0.014343946770251116,0.007467562419177841,0.0041664541181296285,-0.007146844417311406,0.39580769310514136,3.2719376303716357,-2.2197890436370318,-2.0028308068574607
-0.01410873220903958,0.007150733491861329,0.004748725724062303,-0.006847748338902819,0.46147290545129166,3.64658393085735,-1.8155079753093906,-2.3382749627113126
-0.014115713348424548,0.007136309677563458,0.004742084359527491,-0.006815417314394106,0.4532914541699187,3.6263211083601976,-1.7958236267553127,-2.333090702658467
-0.01409976064731136,0.007137839516247013,0.004770217456003881,-0.006832794476975959,0.46428175789705506,3.658283328056363,-1.7968102082020936,-2.3495596649807124
-0.014106653750873591,0.007123425138053245,0.004763537780909642,-0.006800579319464759,0.4558289389400089,3.637841317631596,-1.7772684101898364,-2.3443258557133455
-0.014090748636029146,0.007124973809367005,0.004791645364608198,-0.0068177848505324755,0.4660807964024012,3.669786020937773,-1.7780879343057183,-2.3607435782652426
-0.014097574791864374,0.007110556703648616,0.004784914422557215,-0.006785634629551117,0.4585552751561303,3.649185847509482,-1.7586087328124123,-2.35540879022474
-0.01408169626641203,0.007112136501017045,0.004813023231851459,-0.006802709904823294,0.4676795095372333,3.6810912711892088,-1.759317985549438,-2.3718341541960926
-0.014088478514177197,0.007097702046662368,0.0048062092066916496,-0.006770579249049114,0.461194726717673,3.6603352246646446,-1.7398517438414205,-2.366335509462964
-0.014072603630183415,0.0070993277207831865,0.0048343630789360595,-0.00678756122620109,0.46999804126549377,3.692238526596796,-1.7404734584871244,-2.3828200046748385
-0.014303691192150901,0.0074273666469614474,0.004260026328023647,-0.007126555886493221,0.4039941279748524,3.3423844925923167,-2.181956489896159,-2.0567470859152013
-0.014287635004878955,0.0074278052047061765,0.004286904480310639,-0.007145942957572174,0.41137586673138865,3.3731915296248123,-2.1867278984262586,-2.0725340849193605
-0.014254974043432976,0.007374129498678273,0.004376379478477698,-0.007091498945372286,0.420973540561822,3.4297489494105355,-2.119112467023446,-2.1269197918794407
-0.014262659779084372,0.007360146154546253,0.004371548747675949,-0.007058950252501999,0.4144282922556444,3.412308181795509,-2.0982713722107342,-2.124514379349552
-0.014263202493758266,0.0073875099048583345,0.004354102060456908,-0.00710519881611144,0.4200901754268169,3.4158631263448114,-2.1361021832000766,-2.1134805018296694
-0.014270927942746418,0.007373534185550895,0.004349366320070234,-0.007072627685586116,0.411983515176054,3.398583794583758,-2.1152064808506217,-2.1112050202879087
-0.014271388858033656,0.007400916079949334,0.0043317644999101125,-0.007118839046125231,0.4180872053637649,3.4017733213752623,-2.1530292096100974,-2.0999544494514883
-0.014279187157059045,0.00738692782384176,0.004327099111927445,-0.007086168357717504,0.40958989152359665,3.384665067726401,-2.132025301758295,-2.0977533531345665
-0.01427953305524214,0.007414347890939332,0.004309359116079876,-0.007132424205221832,0.4147556032805246,3.387519599829948,-2.169915555942691,-2.0863132132770383
-0.014295593131927633,0.007413837136530897,0.004282395311977562,-0.007113095023017099,0.40579937019369,3.3565257854120536,-2.1653926200576854,-2.0704991014152285
-0.014287420292009788,0.007400354634143296,0.004304761657571343,-0.007099633260699317,0.40758002890740513,3.3706217745675997,-2.1487475768227937,-2.08417481367546
-0.01411766323049986,0.007163655606209029,0.004727174411951581,-0.006862643396208162,0.45811200524869716,3.634744582143103,-1.8341681711807505,-2.3268699661012824
-0.014124731472023056,0.007149228360319944,0.004720586317077527,-0.006830197780506662,0.4510089938120652,3.614685968873507,-1.81428317723963,-2.3217256139013673
-0.014126553621484204,0.007176605729088547,0.004705575070419681,-0.006877471597357961,0.4548838368089714,3.622813618295712,-1.852755381776818,-2.315328220981523
-0.01413369105505885,0.007162191179890132,0.004699067553865697,-0.006844953443557293,0.44882225039558193,3.602966742787942,-1.832657625497222,-2.3102499118067317
-0.01413540329229132,0.00718958373010223,0.004683933407998132,-0.006892228984947772,0.45200345831528677,3.610800839276141,-1.8712401800466065,-2.3036421305223738
-0.014142590021581613,0.007175195177588279,0.004677530963967883,-0.006859681813952283,0.44660346148820457,3.5911560399736424,-1.8509530703746961,-2.2986708939933744
-0.014144212153727343,0.0072025894786609205,0.00466224811517051,-0.006906916456617017,0.449299916787486,3.5986939773024083,-1.8896107300163714,-2.2918094144442387
-0.014151434815310053,0.007188235691272078,0.00465596655572337,-0.006874369322565791,0.4443389928651165,3.5792351547495898,-1.869174820423827,-2.286986989782251
-0.014152980117106462,0.007215622843988552,0.004640517262635835,-0.006921535371302881,0.4465633035848266,3.5864854906077155,-1.9078633574203956,-2.2798291810191342
-0.01416022932880366,0.007201311544974991,0.004634368130049072,-0.00688901030506741,0.44208034115243283,3.5671976176110642,-1.8873265431657467,-2.2751974772846997
-0.014161707094251574,0.00722868369512679,0.004618746263676009,-0.0069360821772124345,0.4440860280795123,3.574182766766848,-1.9259872956016253,-2.267706740039424
-0.014168969510492131,0.007214419588192934,0.004612743941876916,-0.0069036033930294045,0.43982203666905323,3.5550512375840384,-1.9054057455226825,-2.2633071925230897
-0.014237565546468342,0.00732009371403996,0.00443792017203162,-0.007017470294964678,0.42078097681608506,3.4527659404723727,-2.046843618938069,-2.1637920650495563
-0.014221641019906124,0.007320868219171371,0.004465148897666532,-0.0070359433704668475,0.43032618673425116,3.4841970628370778,-2.0500618805970974,-2.1796691278509917
-0.014213203372519655,0.007307618648521538,0.004487216380468176,-0.007021890235685228,0.4316958137512141,3.4974447857237556,-2.032602937815484,-2.192583360826996
-0.014229110943789534,0.007306798009608924,0.0044599681568450724,-0.007003513776455565,0.42321668444052746,3.466042146347153,-2.0294992580235065,-2.1766650423980103
-0.014204724135944917,0.007294395642263587,0.00450925072011647,-0.007007760682700645,0.4337641953135812,3.5105635715894787,-2.015039992798301,-2.205393244679856
-0.014220636107344793,0.007293515399892216,0.0044819429457842695,-0.006989444669526457,0.4256266575299417,3.479143671918624,-2.0120464402874902,-2.189403878003175
-0.01417039299749484,0.007241771900939665,0.004596942654376816,-0.006950551929697554,0.44237593808005543,3.561778674512086,-1.9439739929620259,-2.2554594256439873
-0.014177656698248164,0.007227549270530925,0.004591095743254669,-0.006918130428599172,0.4374374439265984,3.542784027036871,-1.9234030905131674,-2.2513128894257854
-0.014179037739678208,0.00725488733011826,0.004575100512806889,-0.00696494860651944,0.44103593905178357,3.5492275417886456,-1.9618439019501466,-2.2431064023573786
-0.014186309622100482,0.007240689835448234,0.004569396595433382,-0.006932556572636779,0.43488460214786523,3.530351671060377,-1.9413093444092373,-2.2391937705549636
-0.014196203394784794,0.007281199332500348,0.004531251851211431,-0.006993554751475134,0.43653302973941693,3.5235876184744512,-1.9973749474298883,-2.218084109278094
-0.014212122269625553,0.007280254662163285,0.004503869983022165,-0.006975296939690582,0.4278460221267962,3.4921060639047075,-1.9944947393048233,-2.202023702026063
-0.01418764123415389,0.007268029851185396,0.004553205061669499,-0.006979281924896322,0.4391456663251738,3.5364915635753325,-1.9796375146756082,-2.230651723017359
-0.014203555313137625,0.007267029797430719,0.004525767333536533,-0.0069611071421173615,0.4300247876171941,3.504972563967834,-1.9768531031296217,-2.2145366294384754
-0.014194944699721,0.0072538447987891925,0.004547618722705828,-0.006946871829788357,0.43235701556658723,3.5177355711373424,-1.959124659323712,-2.2269327856724863
-0.014270631511101833,0.00734597894802038,0.004366671250191276,-0.007026503235714452,0.41449178933527425,3.397682511647574,-2.0713242819537476,-2.124711965795296
-0.014262311491843862,0.007332552613641248,0.004388670891168953,-0.007012669565109638,0.41671084349967796,3.4109983849130177,-2.0542653889544202,-2.137699381270131
-0.014253848216590806,0.007319182521292514,0.004410782124420982,-0.006998925263954303,0.41895917951969236,3.4243729208041827,-2.0372083541662467,-2.1506475088586625
-0.01407934970849952,0.0070848745574366295,0.004827443592286282,-0.006755449006940893,0.46374128805304266,3.6713312109172693,-1.7210150018191388,-2.3771222181085254
-0.014063470817168192,0.007086547594687285,0.004855654596031906,-0.006772346120912768,0.4722125741044077,3.7032193007455656,-1.721552983595067,-2.3936864963287245
-0.014070191771064318,0.007072074672673301,0.004848612593136493,-0.00674024109696833,0.46642641890429776,3.6821746453552424,-1.7021077622723675,-2.387772399485415
-0.014054297909219785,0.007073796236880271,0.004876892578709037,-0.006757068245185998,0.47371615022201974,3.7140096843786607,-1.7025426833082353,-2.404427776065979
-0.01406101578298001,0.0070592908374103765,0.0048696987055748065,-0.006724927588273518,0.46910835338055495,3.692819593293376,-1.683131046110644,-2.3982780040541165
-0.014045084994930427,0.007061073770271072,0.0048980965293218435,-0.0067417134936483105,0.4759643871729395,3.7246690496791928,-1.6833968529322003,-2.4150334822463417
-0.014051795493138682,0.007046526449591562,0.004890744220441099,-0.006709536488867644,0.47147254586578863,3.703303675451632,-1.6640809777748042,-2.408661337905213
-0.014035832164153965,0.00704838031874357,0.004919273845292877,-0.006726276431988694,0.47966553740612444,3.7352738923718416,-1.664107829857569,-2.4254851016701378
-0.014042494755933874,0.007033798745804422,0.004911808674184178,-0.006694124870653899,0.4736492871526619,3.7137195087388917,-1.644947510435063,-2.418955618487416
-0.01402653950718722,0.007035716006004064,0.004940403423494713,-0.00671077238795412,0.4835561576707296,3.74580858582433,-1.644737608521804,-2.4357805353889974
-0.014033119939436178,0.007021118512938223,0.004932881018157079,-0.006678704143162948,0.47600212460581165,3.724081734384923,-1.6257248467264598,-2.429152266747827
-0.014017207114769167,0.00702308095557706,0.004961463790392875,-0.00669521713317871,0.48641987803838577,3.7561893446165144,-1.6253539755139375,-2.4459441640789565
-0.014023708832907893,0.007008479121050959,0.004953898559457766,-0.006663232978858783,0.4787147008688688,3.734321788897525,-1.6064185116287166,-2.4392100936213583
-0.014007835078080092,0.007010475290801107,0.004982451496582296,-0.006679613324705382,0.4879204439595224,3.7663380166597165,-1.6059694093091779,-2.4560034999324953
-0.013998423488740683,0.006997899134824615,0.005003383648314358,-0.006663948367144016,0.48888712675294776,3.7762469045055447,-1.5865305096411204,-2.465962068637126
-0.014004884273736631,0.006983248973638023,0.004995595737599195,-0.006631937235017091,0.48456785201950175,3.7541274379900678,-1.5676002999066696,-2.458803974460874
-0.013988972438811073,0.006985352610601758,0.005024284037312019,-0.006648204468031498,0.49077261657018073,3.7859904479108395,-1.56695957999863,-2.4757933389610045
-0.014014295616289349,0.006995860327709331,0.004974805752453398,-0.006647651698225321,0.4816865222912133,3.744350144968685,-1.5870392836401626,-2.4490944637344167
-0.013995441667867916,0.00697065103531195,0.00501632253824997,-0.006616125238669896,0.48711149016390093,3.763708875500202,-1.5481047643877828,-2.4683755326646657
-0.01397948202078988,0.006972835840888359,0.005045159162466591,-0.006632376615405351,0.4940088400287658,3.7956519646763645,-1.547223557121595,-2.485462751782768
-0.013985927267643826,0.006958079525321777,0.005037055280926755,-0.006600266471233337,0.4893969406376178,3.77318524427606,-1.5285369825646116,-2.477852722075919
-0.013969952327613142,0.006960348948237811,0.005065997253508725,-0.006616473579043939,0.49799941178230994,3.805259496814291,-1.5273572591697178,-2.494954128890342
-0.013941128533048788,0.006923068755076141,0.00512813314015288,-0.006568432620105996,0.5063748211883623,3.8332694064265076,-1.467571560415866,-2.5225359938991914
-0.013947286077722802,0.006908259824536183,0.005119800277916295,-0.006536598545263423,0.4998367135007044,3.8101553043180787,-1.4495450855337983,-2.514632984781549
-0.013950775489717909,0.006935465283302504,0.005107493381870658,-0.0065844944696861795,0.504919404334428,3.824142454086187,-1.4875063826946262,-2.5134626021667916
-0.013956974554123884,0.006920659879062134,0.005099242819356642,-0.006552617451890384,0.49684161088122086,3.8011726169635867,-1.4693808452225126,-2.5056736890768927
-0.013960383452653272,0.006947892054997046,0.005086781094103266,-0.006600508416922921,0.5019937438730718,3.8147828401172528,-1.5074324151698792,-2.504277868342573
-0.013966663043089985,0.006933078249250368,0.005078569438850835,-0.006568524396610491,0.494042250278756,3.791958840062214,-1.4891580383983494,-2.4965359617763165
-0.013976327498414572,0.0069455495420138805,0.005057816996950302,-0.00658439475842277,0.4916271989475592,3.782605358731083,-1.5088833418544907,-2.4872478814331043
-0.013953736610407164,0.006893180020987428,0.005111409388026047,-0.0065047523237023895,0.49923764693691347,3.7879647670482135,-1.4251973553665704,-2.5082879418575286
-0.013914266443896107,0.006843864545446666,0.005193013014654863,-0.006440389186110315,0.5098848286151042,3.821802276573463,-1.3457960522120418,-2.5421288892571603
-0.013924160206328034,0.0068560660335580245,0.005172758378207549,-0.006456449307925564,0.5073353971511699,3.8135618966509663,-1.3656213385842408,-2.5338954603905504
-0.013934129706109804,0.0068683021383163225,0.00515224586195243,-0.0064723775835321615,0.5046643214855862,3.804974431136045,-1.3853902222098944,-2.5254213702466437
-0.01394401192389419,0.006880695840788838,0.005131750359271138,-0.006488502633991097,0.5019111043362292,3.7964201244733604,-1.4052802143857883,-2.516867485915346
-0.01383246580708731,0.0067887376566984434,0.005352033138267968,-0.006387315380076342,0.5374870474803686,3.9235697977643276,-1.2435714509523739,-2.6131884253477073
-0.013838033616928466,0.00677378422086742,0.005342819364765886,-0.00635607312887074,0.5292742888469477,3.8987051352761743,-1.2270177774030075,-2.6040093797698294
-0.013842535352014634,0.006800793525181945,0.00533195642175538,-0.006404084244613002,0.5355769679620818,3.9161057349884936,-1.264158167239908,-2.6056637020673796
-0.013848165561184103,0.006785818425552697,0.0053227873352778045,-0.0063727365945594056,0.5262002949409476,3.8913743334021222,-1.2475671119901455,-2.596594631584296
-0.01385256696814258,0.006812880963004882,0.005311803363719916,-0.006420809622987949,0.5322372358751787,3.908419087113034,-1.2847902476519921,-2.5980436075658897
-0.013858295012994501,0.006797881761091037,0.0053026423523245955,-0.006389312835094532,0.5233635836965985,3.8838268089958987,-1.2680585886852367,-2.588986068239727
-0.013862560556543104,0.006824999850860254,0.005291576624016633,-0.006437489125792564,0.5277360875113442,3.900584971385778,-1.3054436716979791,-2.5902827959683403
-0.013868392622697836,0.006810002405490144,0.00528243496920109,-0.006405866321324429,0.5209390361162352,3.8761570254226974,-1.288487051126651,-2.5812249159135514
-0.013878417767254897,0.006822191050450951,0.005262234704976335,-0.006422439228603467,0.5186824568499327,3.868439351194915,-1.308843169519191,-2.573359438411359
-0.01378268459821331,0.006686330907149221,0.005450942555040924,-0.00622242463605372,0.5450779699764458,3.9122191917538625,-1.080489966999499,-2.6355456486477613
-0.013793129621831322,0.006698261193122702,0.005431239872713407,-0.006239517205214431,0.5422199016336013,3.9060575654694945,-1.1012298676257817,-2.6291439768930895
-0.01380342756440419,0.006710297247823558,0.00541168373283156,-0.006256736813452918,0.5393733410931764,3.8999956964525175,-1.1220015230926672,-2.622714150680905
-0.013813543616979349,0.0067224145536309505,0.005392336933123362,-0.0062740601597369655,0.536601768060311,3.89407174551846,-1.142765660280361,-2.6162799931411915
-0.013823570674524034,0.006734544330128656,0.005373029908400204,-0.006291317624401744,0.5339538528013613,3.8880573375402037,-1.1634511357586115,-2.6097380375076944
-0.013833655546030124,0.0067466182392340555,0.005353496723697947,-0.006308307079636107,0.5313661600886616,3.881633649431721,-1.183986101162638,-2.6029401181857312
-0.013843793269700881,0.006758644655834485,0.005333749089204851,-0.006325042685133155,0.5287770479084268,3.874821317126301,-1.2043698089046186,-2.595896747886662
-0.01392074719997114,0.006828596532237334,0.005183646199047288,-0.006408351111127169,0.5068903469959961,3.797758021009615,-1.3244602027224524,-2.5343920820214425
-0.01389463496613988,0.006819230484135578,0.0052329215830193105,-0.00640732312239796,0.5151150042964052,3.837083110539694,-1.305504369118686,-2.557887279928322
-0.01391118722375978,0.006816161131839477,0.005203029400058064,-0.006391563924356009,0.5093986307633366,3.8047154058707178,-1.3044160959233873,-2.541904175995395
-0.01109138556190449,0.005076507880748767,0.008080589039120996,-0.0017909960191602292,0.6624058052564649,2.0180077374553953,2.2996920687323255,-1.1410889512706734
-0.011106850494814864,0.005079717441237376,0.008074479752057044,-0.0018161853952508194,0.6656510056308972,2.036281707021852,2.2923656691140444,-1.157071403628857
-0.011117343957016402,0.005069585700732619,0.008055933885162483,-0.0018252845376720375,0.6622259056162733,2.037477594526737,2.27626871785008,-1.1651056993439304
-0.011132869793695009,0.005067582150708263,0.008043507270986227,-0.001846966691115091,0.6629297624887799,2.050826390140187,2.2640202378008607,-1.1797795405454858
-0.011322653413400182,0.005132752218345004,0.007983608965037988,-0.0021692488200123097,0.7079955415318563,2.2938652082825235,2.1805576539866895,-1.3793804659603432
-0.011338378864347172,0.0051367702690574,0.007976043219122942,-0.00219476760327929,0.7106387160719533,2.3123147290256796,2.1712702441683622,-1.3953593665653974
-0.011276630072319355,0.0051217771357035,0.008005778657467521,-0.002094864441879309,0.7002947083937717,2.240245134635188,2.207446887237262,-1.3325951468006674
-0.011291703707678949,0.005125469861030218,0.007998775773595332,-0.0021193496704467758,0.7029275798937756,2.2579866334590726,2.1988907210585946,-1.3479945511169056
-0.011307030141241963,0.005129077269024456,0.007991340501252013,-0.0021440869605546587,0.7054807604852308,2.2757948741628162,2.1898963401565514,-1.3635612378699575
-0.011242911333495786,0.005096462028720681,0.008001205112267117,-0.0020276272280690647,0.6860568585944385,2.1831309161730914,2.2109650794489553,-1.2929446083233798
-0.011258083124668106,0.005101074799949815,0.007995519691910138,-0.0020528632207792983,0.6892809441969218,2.2018177096802067,2.203546537039504,-1.3086365022261306
-0.01127262529791929,0.005105882688743103,0.007990382938130874,-0.002077314009980333,0.6925054756933148,2.2200947671809677,2.1966181352953993,-1.3237847935543579
-0.01122741253921383,0.005092408836717106,0.008007628013001254,-0.002002291942490778,0.6830024833912806,2.1646575945906448,2.2189525239433157,-1.2770888782082086
-0.011211890002487334,0.005089001821418515,0.008014667313334762,-0.001977340791080093,0.6801808400450003,2.1467416531812162,2.227359128660711,-1.2613632552231968
-0.011196365582966855,0.005086108407322989,0.008022154605621308,-0.0019526958211520259,0.677511336057932,2.129246445145446,2.2360634794798755,-1.2457301691737823
-0.011150305562260382,0.005072651003756707,0.008037866649879016,-0.0018760195542601426,0.6670482631532596,2.0723807318668013,2.25660583587441,-1.1978940781160292
-0.01116599328991369,0.005077428622370145,0.008032884743044004,-0.00190228594648348,0.6707544418217156,2.091951607779798,2.249948979926044,-1.214240676451477
-0.011181131377714142,0.005082260531423709,0.0080281926049516,-0.0019277678646790286,0.67439028820825,2.1110301910702574,2.2435524607307644,-1.2300717899034208
-0.011596431079381913,0.005215831384283602,0.007844746780320861,-0.002617419806211885,0.7495047015446393,2.6182133921098125,2.004046499594892,-1.6555083769283565
-0.01135069952512377,0.005123682151214649,0.00795134680250035,-0.0022019529205076454,0.7049541789629504,2.308896715637175,2.149982118185187,-1.4019094640688285
-0.011366219989516995,0.005129098187765772,0.0079452934692257,-0.0022280513961554457,0.7080939582393464,2.3283568411086732,2.141808708945416,-1.417978676268163
-0.011381129906013627,0.0051346887599233604,0.007939780491759404,-0.0022534131269934168,0.7112239329028959,2.3474458189460203,2.134109861130644,-1.4335456392977504
-0.011396052733629043,0.005139255054579254,0.007932944536125438,-0.002277944148324488,0.7138229920421427,2.3653686160015783,2.1253703940982738,-1.4487153966564492
-0.011550548833646092,0.005201680937983487,0.007871082320569324,-0.002543213324426225,0.7440835738101014,2.5655938988884803,2.0373532747729537,-1.6103720098423207
-0.011565784527591367,0.005206164416735669,0.007862243175225254,-0.0025677141029010913,0.7458295380505788,2.582903357101376,2.026290976940405,-1.625327296150498
-0.011581175071125438,0.005210706578813413,0.007853177888818326,-0.0025924144799924667,0.7475508923368929,2.6002841160056067,2.014959118743246,-1.6403622935766162
-0.011411400650933783,0.00514302516157176,0.007924708726315134,-0.0023023741309590473,0.715975226265322,2.38266146103958,2.1154356079672243,-1.4638956409597907
-0.011426607371446592,0.0051474258140351776,0.007917163687485565,-0.002327073040337238,0.7183825577490364,2.40046142475244,2.1059886424228704,-1.4791431427476616
-0.011441464741017307,0.0051526434011658195,0.007910699168886192,-0.0023519325143622765,0.7210844270614843,2.418845324413892,2.0973556790830568,-1.494376498366947
-0.011456545151402715,0.005157311379036146,0.0079032791439426,-0.002376603121617873,0.723451235515627,2.436729730869684,2.0879075839132746,-1.5095498285949047
-0.011471719724451603,0.005161317116886479,0.00789488138936162,-0.002400790697620164,0.7254556530873782,2.453804304758568,2.077659546833402,-1.5244566961194546
-0.01148635982238872,0.00516590485477397,0.00788746474595303,-0.0024246974868098632,0.727664349313037,2.4710542124310675,2.068210095990075,-1.5391010987012361
-0.01154728539841121,0.005185442593891321,0.007855645693111675,-0.002524118164185563,0.7363378860602091,2.5425390833810813,2.027551207127868,-1.5997176245414602
-0.01153261212604959,0.005179504315685409,0.007862129228467499,-0.002499140194050986,0.7337659710985583,2.523915606273778,2.0366191711391815,-1.5846084578645938
-0.011517109295433066,0.005173579895069365,0.007869224123859543,-0.002473035292531675,0.7311326054884186,2.5046218093485173,2.0462855696666815,-1.568783868640985
-0.01150132984445175,0.005169524892379246,0.007878526613128378,-0.00244816130241653,0.7293472769757613,2.487325018645788,2.057517246087153,-1.5535479951027436
-0.012491649298910097,0.005631696521082949,0.007194044729561489,-0.004103295279718373,0.7817258021892736,3.584472946180354,1.1071984288250436,-2.446466160148295
-0.012408255617251672,0.005586132014374648,0.007272303093885793,-0.0039677208741815745,0.7870906928079076,3.512690601697733,1.2144688265646186,-2.3879912241110897
-0.012422035479122009,0.005593654672946843,0.007259728764237263,-0.003990326594505122,0.7864452948463914,3.525104512417101,1.1970610171701939,-2.398048604379481
-0.012435893073350643,0.005601095429654265,0.007246822133795996,-0.0040127995436619246,0.7856844666380746,3.5371300342891696,1.1794182712348145,-2.4078814220188565
-0.01244985371069885,0.005608558832875695,0.0072336434313511515,-0.004035304320278672,0.7847785249130527,3.548951573177238,1.161520302564914,-2.4175903992499967
-0.012463861495360579,0.0056161510424588175,0.007220369946465245,-0.00405794423321655,0.7837680984279709,3.560776633687538,1.1434405863765995,-2.4272693494974416
-0.012477810616256248,0.0056238906735168945,0.007207170164767364,-0.004080659842759905,0.7827376849822881,3.572664005133053,1.1253133078000854,-2.4369230608341383
-0.01250625765290117,0.005622146265173618,0.007163934816788141,-0.004100910846617272,0.773423149242272,3.56306447460462,1.0870561659712443,-2.4394834983114495
-0.012520035026419823,0.005629904872516492,0.007150658515951344,-0.004123120428479687,0.7723804824847242,3.574271440819738,1.0690438968282938,-2.4485788090731084
-0.012533781835450203,0.005637643624471022,0.007137265905575499,-0.004145188595754052,0.771280628715063,3.585218526315193,1.0509530755355885,-2.4574863785670433
-0.012547527482335868,0.005645425468742451,0.007123770349824278,-0.004167229838160397,0.7701389593602612,3.5960154627471197,1.0327483465561424,-2.4662688402389903
-0.012561276530845248,0.005653302976239925,0.007110210960690076,-0.004189325165872796,0.7689731772216536,3.6067587599629047,1.0144237586364555,-2.474975860597942
-0.01257501574085673,0.005661317923327909,0.00709664277969302,-0.004211527625031406,0.7678023734515677,3.6175304951363123,0.9959940682755167,-2.4836456714710593
-0.012588714415024958,0.00566950053998362,0.007083136560540695,-0.00423386200511397,0.7666469317779675,3.628398337156088,0.9774947274243372,-2.4923056074271575
-0.0126023342811082,0.005677861582196482,0.007069757899123132,-0.004256320444580702,0.765522035972854,3.6393983311157565,0.9589697452332077,-2.5009658743951753
-0.012615851604238065,0.005686381963806356,0.007056525418288895,-0.004278861887235194,0.7644257459060367,3.6505068761222006,0.9404450933121448,-2.509610072593354
-0.012629260022657423,0.0056950188389525355,0.007043411767814411,-0.0043014214734179235,0.7633421037628408,3.6616489880670713,0.9219279148070197,-2.518199499193487
-0.012775263691636307,0.005788143851068544,0.006890429299276493,-0.004539913586454826,0.7474328667586622,3.765534395051695,0.7131354643206106,-2.599564458761037
-0.012788881639396529,0.005796805288726851,0.006875272444685666,-0.0045615345081242995,0.745630700947462,3.773647344974243,0.6930850804908654,-2.6060241806119655
-0.012642549478372685,0.0057037317849880295,0.0070303982276622564,-0.004323934753666616,0.7622594126096506,3.6727553529933146,0.903432809219491,-2.5266974181104973
-0.012655711690477911,0.005712471354982265,0.007017457115887663,-0.004346323960854128,0.7611643455353657,3.683737885991,0.8849754653931395,-2.5350578117293634
-0.01266873956228152,0.005721116414356794,0.007004501129328193,-0.004368399289022857,0.7600172646532778,3.6943715806724637,0.8665842245881273,-2.5431651020597137
-0.012681777869154422,0.005729451100987979,0.006991131534298583,-0.004389918891071598,0.7587109026386952,3.704178522838298,0.8481144885635433,-2.5508050898087427
-0.012694981160135609,0.005737597245637623,0.0069772106383476085,-0.004411164568075541,0.7572098332828269,3.71330589463671,0.8293661106125109,-2.558082206916914
-0.012748241216006102,0.005771361191539658,0.006920389876910183,-0.004497340543129281,0.7510141236891344,3.7494160237291605,0.7525664932065577,-2.5865658754549217
-0.012761658085796693,0.0057797445702560445,0.006905625531506285,-0.004518611323098314,0.7492932899977277,3.757648040460768,0.7330135751145747,-2.593165238089874
-0.012708298980366161,0.0057458730688412125,0.006963078777674952,-0.004432591811205117,0.7556992017233283,3.7223846750122855,0.8103464163978774,-2.5653081090858016
-0.012721635028272317,0.005754335654111288,0.006948928716448858,-0.004454229968465382,0.7541635178897054,3.7315662285787137,0.7911668119899512,-2.572538269683795
-0.012734936394196025,0.0057628819326508846,0.00693475975247976,-0.00447588425302898,0.752645094509039,3.7406819957983184,0.7719099319335626,-2.5796762354639857
-0.011938770910249521,0.005360613769493303,0.007647894231454775,-0.003195877789970955,0.787722191129705,3.03366170341005,1.7310949921845122,-1.9942180623333237
-0.011953247129758093,0.005366716951963095,0.007637777087784833,-0.0032197193025154907,0.788531067172599,3.0497582253171838,1.7173682455147075,-2.0075926691305845
-0.011922831190873402,0.005337602513851652,0.007641255194584252,-0.003151029613101274,0.7787791028097703,2.9901492468719333,1.7360567955838018,-1.9679925310599595
-0.011937210881301168,0.005344052468329072,0.007631830479363964,-0.0031750786780557912,0.7797862919949899,3.006731923496597,1.7230142870931504,-1.9815203659247012
-0.011908200452432594,0.005331265407898511,0.007650941293647655,-0.0031267628597320516,0.777786392844887,2.973500140150133,1.7492844536587253,-1.9542994456196026
-0.011893322479420668,0.005325182017486319,0.007661032298842585,-0.003102432442443197,0.7768747814150118,2.956995523961728,1.7627792788129784,-1.9405338185661154
-0.011878333515684451,0.005319600278298177,0.007671642347063644,-0.003078462280614904,0.7761562428102883,2.941068655496849,1.776545204636758,-1.9269435397962857
-0.011863553500126163,0.005314263283994894,0.007682139751149723,-0.0030549384922839064,0.7754849642632952,2.9254634495842393,1.7900664607038912,-1.9135501696430446
-0.011849061256752646,0.005308576449572777,0.007691794940138086,-0.003031310377917573,0.7745123826910966,2.909319883376033,1.8028738765251617,-1.9000120727605214
-0.011745833550234641,0.005268374957025513,0.0077568287870025095,-0.002861736862757038,0.765698980102047,2.791181798247034,1.8894591757928823,-1.8013981340738054
-0.011760581830171687,0.005274034402744842,0.007747880520558657,-0.0028860378644207374,0.767139569532838,2.808300754845707,1.8775523789301685,-1.8156731948691125
-0.011775217016486006,0.005279925673191154,0.007739162093690429,-0.0029103888750079687,0.7686301599636539,2.825575344998573,1.8657563854720414,-1.8299343552166933
-0.01178983039928312,0.005285932604188745,0.007730450503207258,-0.0029347868434075326,0.770101824758641,2.84289979491519,1.853886751732434,-1.8441822886548866
-0.011804785872803827,0.0052913231385812685,0.0077205519354102544,-0.0029589012033393275,0.771151185629016,2.859388354431036,1.8410419436273973,-1.8582041908774911
-0.01181973446501595,0.005296828571962713,0.007710638484261469,-0.002983064217366476,0.772195034678878,2.875899841848762,1.8281147969050788,-1.8721993832106227
-0.011834522954227211,0.005302629619754425,0.007701073861949127,-0.003007287640517366,0.7733415015705952,2.892629774908544,1.815393209533316,-1.8861849254857752
-0.011744034186527868,0.0052510612136103295,0.007739508832006618,-0.0028417422632694487,0.7576259393897323,2.765380627171248,1.8792869775397405,-1.7895339249781175
-0.011728934835247612,0.005245765976054486,0.007749017841018925,-0.002817460854293487,0.7562941590938088,2.748633933655778,1.8914946120743215,-1.7752863239293981
-0.011713563522013378,0.0052408041650672645,0.007759021135034486,-0.00279311058606261,0.755060697686562,2.7320523106150856,1.9040511362034784,-1.7609477317207174
-0.011698320728086511,0.005236296863610439,0.007769249285259961,-0.0027693040932113915,0.7539744160868874,2.7160365239471553,1.9166391073295974,-1.7468708399878545
-0.01168363866965877,0.005230997202044706,0.007777894868693001,-0.0027453594605932954,0.7523991186884459,2.699150210751347,1.9279155219109858,-1.732664788136278
-0.011609327353890619,0.00520414750913836,0.007819478065141043,-0.002623413981785363,0.7434139833023993,2.612207572560795,1.982399426020706,-1.659828658113269
-0.01162356945751481,0.0052099116554602115,0.007812479314091031,-0.0026474622037336777,0.7455759532417958,2.62986925969305,1.9727523464475,-1.674235240346752
-0.011669056867938413,0.005224617673615349,0.00778509922784158,-0.002720439478041048,0.7502652176005197,2.680780991199391,1.9381284562640408,-1.7178751129523275
-0.011638096713428843,0.00521419824746596,0.007803421725941091,-0.002670434711651837,0.7469578640002791,2.6457127766405732,1.9615420549713158,-1.6880386522856747
-0.01165371304849455,0.005218564852144275,0.007793264266716587,-0.0026948277566180364,0.7482173657917616,2.662265622683233,1.9491648067084737,-1.7026338145255406
-0.012338973906244314,0.005548902233554319,0.007333912359101225,-0.0038537092572928856,0.7900693464706715,3.4482044605082436,1.3000212432110898,-2.3357212386984343
-0.012394467973788624,0.005578529997935827,0.007284669037800365,-0.003944917468814872,0.787742019521758,3.499913901932445,1.231741507787195,-2.3777030250479476
-0.012352809409802828,0.00555631483636313,0.007321877857022852,-0.003876601682544743,0.7896431163286053,3.4614597699047036,1.2832020671873339,-2.3464411238077716
-0.01236667533687215,0.005563626504542003,0.007309558726931881,-0.003899305233665573,0.7891241900105629,3.4743159725726938,1.2661917298170347,-2.356920754600111
-0.012380593755374312,0.005570992830839747,0.007297073838199018,-0.0039220515773143935,0.7884535688453971,3.487058089144174,1.248993176114612,-2.3673102447851044
-0.012100427570042292,0.005462577381044803,0.0075622569811190435,-0.003500617521025704,0.810783146404341,3.2611918932452633,1.5860565966370628,-2.163914945578955
-0.012114672150203702,0.005469198559067849,0.00755121064328872,-0.0035243823265570743,0.8097136571770308,3.2765641000699026,1.5705488248980348,-2.1767566669941862
-0.012113426641007737,0.00545309993686547,0.007535530777856969,-0.0035025700395484483,0.7980303483835355,3.250945793445228,1.5614930803891607,-2.1651858560295487
-0.012127745518785399,0.005459765263487219,0.007524376424905415,-0.0035262454825260446,0.7984590005180471,3.26608493655494,1.5460605311088778,-2.17760981504995
-0.01214114063443341,0.0054499230445384855,0.007497414553403679,-0.003527941532979888,0.7931927320331539,3.250568621578639,1.5263364493614973,-2.174141691364752
-0.01204324324720037,0.005436541110871044,0.007605631807610799,-0.0034053518076959852,0.8085001726808495,3.1989960332058165,1.6465352329679497,-2.112298377634496
-0.01204170822514322,0.00542066678458146,0.007590195313838726,-0.0033841098290456266,0.7972567579878241,3.1739913502634347,1.6369949772785055,-2.101550970935755
-0.012057569938134772,0.005442982779307931,0.007594907804960238,-0.0034292028910841064,0.8100306163767921,3.2147266037548277,1.631653460982814,-2.1252129049173205
-0.012056057268235049,0.005427097999070162,0.007579486600794736,-0.0034078742752095266,0.7973244189852079,3.189605554166414,1.6222072814781605,-2.1144738596143067
-0.012071876318959047,0.005449469424458649,0.007584106984802263,-0.0034530244410332,0.8111798530301232,3.2303105807953556,1.6166234853908936,-2.1381071726731564
-0.012070396560455455,0.00543353946880636,0.007568656133671686,-0.0034315764214233797,0.7972817889312015,3.20508723033436,1.6072463671285415,-2.1273026366103664
-0.012086162244613058,0.005456000980507259,0.007573223768959021,-0.0034768285530666753,0.8114449843009027,3.245783653621677,1.6014233912898046,-2.151013224158153
-0.012084739011249008,0.005440003285584961,0.007557701563359297,-0.003455241676769725,0.7973409902430952,3.220455344448611,1.592117733312677,-2.14003322287287
-0.012099086029951538,0.005446515259277327,0.007546647486315865,-0.0034789003259677064,0.7976041947135065,3.2357351472399674,1.576852919715382,-2.1526612341591362
-0.012040281300032091,0.005404516971568951,0.00757506242080537,-0.003363009854085616,0.7917376867394762,3.1450529875445703,1.6319548641229618,-2.0865777040308022
-0.01202587534364396,0.0053980479284864704,0.0075855837075963954,-0.0033392009526768338,0.7912718616597002,3.129320556614584,1.6464034001170906,-2.07360754312537
-0.012011394005472192,0.005391614622973842,0.007596085796691714,-0.003315286956976997,0.7907767625641314,3.1134629460679863,1.6607949491938847,-2.0605143628820506
-0.011967767553351959,0.005372773205857796,0.007627413070286061,-0.0032434945210053213,0.7891910880569277,3.0656388804019206,1.7034044030136422,-2.020845978384432
-0.011982322105349228,0.005378917300568863,0.007616957157466276,-0.0032673446776991136,0.7897334132252305,3.0815162895842367,1.6892860962753853,-2.034075317692803
-0.011996872536411568,0.005385216743686413,0.0076065255936623955,-0.0032913063892248923,0.7902500425185172,3.09749159109584,1.675083377300081,-2.0473175775414756
-0.012325059202789465,0.0055414335592325345,0.007345856206186927,-0.003830593619738688,0.790545855170144,3.4346470650595116,1.3167847746068102,-2.3247841651445076
-0.012311005749434443,0.005534052978077753,0.007357929908284226,-0.003807396157652167,0.7911065533299677,3.421056981393687,1.3335910601480474,-2.313752227115423
-0.012296844922699265,0.005526874183265505,0.007370200835334192,-0.0037842946826930827,0.7916707812129843,3.4076354889595817,1.3504282669912058,-2.3027358196346204
-0.01226859719529296,0.005512785244096062,0.0073944670256927,-0.0037382829541177678,0.7923614157195545,3.380658220023498,1.3836521539233386,-2.280528954368109
-0.012282679181817741,0.005519852103976197,0.0073824856504102684,-0.0037613187155301395,0.7921087332043285,3.3942916937812986,1.3671684378653544,-2.2917151126796687
-0.01225420381641365,0.0054888716161699,0.00738992996427714,-0.0036924138052042478,0.7851632073732243,3.336571541701408,1.3950024801025842,-2.254400089776573
-0.012268113892833119,0.005496249137642325,0.007378710261868677,-0.0037156421032651823,0.78508145596952,3.3508340892966864,1.3792218386336843,-2.265850550206267
-0.012154965808211212,0.0054396518550818744,0.007469291208883078,-0.0035292351089588393,0.7853485745576249,3.235753217538679,1.5043129253314476,-2.172096825800329
-0.012169243891947082,0.005446813400747934,0.0074583945484608125,-0.0035530211424155034,0.7855700188164535,3.250940675755043,1.4890949046305177,-2.1843822867185856
-0.01218327095832551,0.005454131648296109,0.00744783234895909,-0.00357669039096443,0.7858436401249699,3.2661871558769384,1.474088755537193,-2.1965734365315392
-0.012197291949564327,0.005461261071919846,0.0074369415966403256,-0.003600049588396276,0.7859601632564001,3.280937150144179,1.4588511979267968,-2.208487527085311
-0.012211521895839171,0.0054680006569330815,0.007425240502560447,-0.0036230438253437593,0.7857779474567517,3.2948443721867373,1.4430494917439753,-2.220025529758763
-0.01222584354270253,0.005474690619529596,0.007413224128469203,-0.003645985539316957,0.7854939356777534,3.3084796469390665,1.4269712573303204,-2.2314211760360525
-0.012240104125688262,0.005481636522375359,0.007401398998943491,-0.003669123841678374,0.7852806048118067,3.322368537488672,1.4109132032244653,-2.2428796033952847
-0.013772139609018767,0.0066745065403005415,0.005470707216622202,-0.006205433767488409,0.5479333173724753,3.918397558617302,-1.0597927753231762,-2.641878624133069
-0.013761517232822762,0.006662779521366181,0.005490494670557399,-0.006188516430917918,0.5507722882722633,3.9245452085515997,-1.0391297739973522,-2.648122779545156
-0.0137508378646836,0.0066511297827453455,0.005510268941040944,-0.006171624907235578,0.5535548024024534,3.9306080125600746,-1.0184727945057859,-2.6542554465741652
-0.01374015479808302,0.006639498528613866,0.00552993085614925,-0.006154627030111535,0.5562541226211994,3.9364342449809406,-0.997751073828072,-2.660209229816576
-0.013708379324924615,0.006604380486367298,0.005587668765166993,-0.006102279876031523,0.5644244148113966,3.951608892559797,-0.9349178109392698,-2.676592825757919
-0.013719003812875436,0.006616077075879503,0.005568485552034514,-0.006119833778942422,0.5616376884809454,3.9467523681890424,-0.955927703362735,-2.671293337189035
-0.013729550904394802,0.006627811319949097,0.0055493233451383165,-0.006137353176834683,0.5589175051073644,3.9418010469683407,-0.9768959529433356,-2.66588189172998
-0.01369767125274291,0.0065927434313585685,0.005606885957221426,-0.006084731727302177,0.5671751968547322,3.9564089396701427,-0.9138847926686281,-2.681795540767029
-0.013686992328516952,0.006581111626897145,0.005625924457169479,-0.006067047205431021,0.569875181408566,3.9609016732321645,-0.8927996717071817,-2.68678057769818
-0.013676342161171709,0.006569482490073285,0.005644784081554831,-0.006049225012666622,0.5726231579217157,3.9650764028422425,-0.8716738935928948,-2.6915418354223064
-0.013665601914598554,0.006557925450566584,0.005663691291801339,-0.006031435592674655,0.5754581340754531,3.9692138019648557,-0.8505536430747506,-2.696214347982705
-0.013654719411070682,0.006546479788021074,0.0056827488618717,-0.006013765268241065,0.5782810873141565,3.9734496614964248,-0.8294565445104903,-2.7008625633853924
-0.013643792104739363,0.0065350898697507055,0.005701771665870187,-0.005996075945442394,0.580975767673971,3.9775583969853288,-0.8083399180546689,-2.705377544235944
-0.013622252511509671,0.006512121175314754,0.00573882900908243,-0.005959857158948911,0.5861964277824133,3.9842178556173242,-0.7658179725714169,-2.713447325417214
-0.013632967662360697,0.0065236475723587165,0.005720471513088553,-0.0059781244572760656,0.5835631933398755,3.9811660692546442,-0.7871329100186112,-2.709580921168435
-0.013611479650247872,0.0065005851095739945,0.005757161506348655,-0.005941463011429141,0.5889804318986184,3.987080033936643,-0.7444213328779586,-2.717154944908671
-0.01360051840188794,0.0064891122773811415,0.005775722163521297,-0.0059231096270329535,0.5918769795645797,3.9900558833128668,-0.7229682662811311,-2.7208511640569983
-0.013465410500732548,0.006356032509146081,0.00599588303116927,-0.00570200711407549,0.6249725723429654,4.015881803421081,-0.4659995363659099,-2.7548416360928183
-0.013566710979997504,0.006455466276920231,0.005832478087773888,-0.005868907283757074,0.600523463706483,3.9998039629379707,-0.658816670934387,-2.7319027597486163
-0.013589361613951344,0.006477740056031856,0.005794532095565471,-0.005904861221239978,0.5948143664452519,3.9931992999930404,-0.7014967591471603,-2.7245605582341685
-0.013578056259189994,0.006466519334163461,0.005813515744065967,-0.005886793544903739,0.5977229466212771,3.996497963947442,-0.6800886717341789,-2.7282707058874247
-0.013477003733478822,0.006366942520288348,0.005977591311385669,-0.0057207564763096215,0.6220938160348269,4.0144953367320815,-0.4876111021333287,-2.7527602105657034
-0.013488412514453924,0.006377981012938725,0.005959542989937613,-0.00573963519998899,0.61921481287557,4.01328865315275,-0.5092190938044584,-2.7506970832247863
-0.013499621660429992,0.006389104563475635,0.005941752152474985,-0.005758573006955147,0.6164360919860369,4.012226938316622,-0.5307719590569936,-2.7486375926294193
-0.013510734032384232,0.006400232027141868,0.005924007586258912,-0.005777411369299741,0.6138034476718924,4.0110415202445395,-0.5522453988028557,-2.7464509641367822
-0.01352188326885552,0.00641129931090421,0.005906048344440456,-0.005796011228393529,0.6112264391920784,4.009440432100063,-0.5736406444771681,-2.7439935648105203
-0.013533092719310481,0.0064223370762254775,0.005887841253151498,-0.005814420775556142,0.608581534702609,4.007433924164928,-0.5949970173676679,-2.7412674483581196
-0.013544283986893023,0.006433406186285189,0.005869546567479949,-0.005832763278102234,0.6058839265560517,4.005226821490648,-0.61633636536463,-2.7383731165227263
-0.013555455471185881,0.006444464895405836,0.005851158983966368,-0.005850961995456861,0.6032128554603631,4.00275975100613,-0.6376099016462603,-2.7352885527576345
-0.013458038557801998,0.006329093524380199,0.006001559640914328,-0.005653343784314527,0.6234390081241089,3.9868230164311576,-0.429907955191224,-2.74323897895442
-0.013469995073874487,0.006339650157958239,0.0059827877683493085,-0.0056714573717889455,0.6205524664484744,3.9848234586118534,-0.4511968787338058,-2.7409993184143655
-0.013081778363249703,0.006026718282370357,0.006540862414640134,-0.005073156832688903,0.7059930102907995,3.959765855208125,0.21897785087303737,-2.7350871864265254
-0.013094266513468074,0.006036366833298304,0.0065247446111157984,-0.005093533217850082,0.7036507713968759,3.9641557332257418,0.19793550127741957,-2.7380698147979228
-0.013106662195602138,0.006046172669574181,0.006508740422425593,-0.0051140472302270215,0.7012880167998211,3.9686548498817174,0.17683612942467206,-2.7410381971758047
-0.01306930158378814,0.006017142741224928,0.006556864922235772,-0.005052800212094601,0.7082129291575954,3.9552229754952606,0.2399210418562627,-2.7319633120062012
-0.013019006007689807,0.00597898911607514,0.006620245763765961,-0.004970424988139165,0.7171272093788152,3.934952717856394,0.323571378973245,-2.7177488717456737
-0.013031617937978695,0.005988430845408028,0.006604484402084303,-0.004991027223709772,0.7149784015447381,3.9402164720894803,0.30275303651696667,-2.721497515976484
-0.013044264152050082,0.005997905093428374,0.006588545109087309,-0.005011588310802058,0.7126975948361068,3.945232310988415,0.2818300377999385,-2.7250613129513677
-0.013056830462189762,0.006007511046021485,0.006572684834821559,-0.00503224061656906,0.7104090726534604,3.9502947519291047,0.2608578813714057,-2.728580976892051
-0.013021490702078394,0.0059625736519341695,0.006605642161230753,-0.0049432005610922265,0.7117326098902853,3.902260946588538,0.33039276168249443,-2.7017222521604265
-0.012802310808884422,0.00580569041027468,0.006860445133692776,-0.004583304703816668,0.7439037878471689,3.7820410086643936,0.6731193502050382,-2.612537657885831
-0.01281559083331117,0.005814587051226858,0.006845721802625258,-0.004604911437459718,0.7421748525967526,3.7902917187291787,0.6532518155847479,-2.6188959963297385
-0.012828785333233556,0.0058235254558524656,0.006831024269849883,-0.004626440675113711,0.7404352169827265,3.7984194330172607,0.633393907671043,-2.625121079950518
-0.012841890487068727,0.005832579232933485,0.0068164143064504,-0.004648012385805835,0.7387135573232424,3.8065695738428906,0.613523055982883,-2.631287421423156
-0.01285485727077669,0.005841792597774044,0.006802004175373061,-0.004669678124111624,0.7370392542676797,3.814863954702601,0.5936778692657395,-2.637450566501895
-0.012867631122893268,0.005851148984945317,0.006787870715696206,-0.0046913905374938725,0.7354191071572203,3.823314697512419,0.5739234207529388,-2.6436095351504
-0.012880233845219706,0.0058604841382021424,0.006773860588843064,-0.0047128968767920325,0.7337954374772204,3.83160038065256,0.5542922585972466,-2.649605073475439
-0.012892965160939856,0.005869423579908475,0.006759215333776747,-0.004733721558208851,0.7319606372743096,3.8387862947457307,0.5345800334966619,-2.655004718140012
-0.013008999671284322,0.005952820319323904,0.006620735178066912,-0.004922115761882177,0.7137107103752925,3.8959800928843262,0.35091904133531,-2.6973951935558955
-0.01299618447575663,0.005943119018275889,0.0066362701890734935,-0.004900900907114306,0.7157652005551812,3.8898274660735495,0.37172565081584996,-2.6930376896221486
-0.01298309860518333,0.005933893868711317,0.006652430532171659,-0.004880281671944135,0.7180001628372547,3.884529944903092,0.39252214952661807,-2.6890199927453655
-0.012970163727780279,0.005924950650400139,0.006668382308030693,-0.004860083177773272,0.7202427056727067,3.8793480281520956,0.41293490534064486,-2.6850164848703297
-0.012906089540185338,0.0058780873870223765,0.0067435856291556484,-0.004754172198471016,0.7298425044045196,3.8448822692570777,0.5144411158306573,-2.659847823143648
-0.012919357301618917,0.0058870858270353025,0.006727813932896789,-0.004775131472259621,0.7277529337031029,3.851226633411971,0.49391640718755253,-2.6647783154547855
-0.012932414617628741,0.0058965008990670975,0.00671253920998516,-0.004796582033731417,0.7258139581279356,3.858256528436374,0.47338337131458225,-2.6699700613176565
-0.012945154336044656,0.005906089925017254,0.0066977703023368565,-0.004818086414889996,0.72398185587454,3.8656118220708087,0.4530709221296507,-2.675227291927363
-0.012957626715318806,0.005915673905132303,0.006683303404314701,-0.004839376810171671,0.7221888775476955,3.8729246378284192,0.43300010259101535,-2.6803719597709503
-0.013365062028268449,0.006301844034399601,0.006163503959734228,-0.0056083216319770994,0.6569439358141401,4.079812037521051,-0.31855670870489744,-2.7934670030923403
-0.013376663550976347,0.0063124339648614,0.006145830344720107,-0.0056276834178853085,0.6527103623866564,4.079847522507458,-0.3406292209260491,-2.792689056927762
-0.013380342417968387,0.006296685180035711,0.006133169423998028,-0.0055983195329451915,0.6453959427006274,4.05018824472642,-0.33111559313932437,-2.7786815112700207
-0.013391995747615763,0.006307367919845147,0.006115478353723217,-0.005617611004341091,0.6431291878402793,4.05019764688113,-0.3528614532932106,-2.7776852770261957
-0.013205176404867658,0.006125755500116543,0.006377469309825925,-0.005276006467379013,0.6821713244891187,3.9973181713467874,0.006544576253910012,-2.7587355240771427
-0.013118950959041377,0.00605602203358329,0.006492808670010519,-0.005134501541392133,0.6990234576164874,3.9730722231761946,0.1557722433002973,-2.743896043777464
-0.01313124428977837,0.006065785105178241,0.00647668202175337,-0.00515469922714295,0.6968050210727269,3.977053067599394,0.1347315518181059,-2.7464712051821514
-0.013193002636307434,0.006115628051600593,0.006394020640190636,-0.005255867477909553,0.6844988707500645,3.9942405950913984,0.02795157546135404,-2.7570142063799032
-0.013143626809914946,0.006075496671715811,0.006460233326418786,-0.005174717131146286,0.6945048345476378,3.9805644140887817,0.11361194779193266,-2.7487502052948547
-0.01315609071703106,0.0060852874324277524,0.006443547767666139,-0.005194776358763462,0.6920481740812328,3.983842825700545,0.09232487374441913,-2.750850024277027
-0.01318083193409015,0.006105411639513743,0.006410380458789153,-0.005235460892822965,0.6869030765949883,3.99072074934919,0.0494024310741859,-2.7550042699596173
-0.013168533815334406,0.006095254484060317,0.0064268556747032165,-0.005215023544646005,0.6894590010102326,3.9871717659041086,0.0708881572523249,-2.7529080580314336
-0.013318324985389799,0.006259850365114011,0.006233466631919707,-0.005530456490540431,0.66636179290422,4.077898193873057,-0.2308840478602686,-2.795237207671724
-0.01332163417983673,0.00624413398171269,0.006220746976285192,-0.005501569119550454,0.658990967494039,4.047890523203223,-0.22238154869793755,-2.7813435055402635
-0.013330058657620061,0.006270293666143451,0.006216080145382358,-0.0055499914348158775,0.6650418417569781,4.078727087299817,-0.25273133540967807,-2.794971639156866
-0.013333389375035193,0.006254589162437857,0.006203451180300706,-0.005521060443154009,0.6561385163230601,4.048801540276639,-0.24406552424389316,-2.781177156108645
-0.013341759466093658,0.006280773780640196,0.006198630945000364,-0.005569473163725366,0.663359514772507,4.0793057240166535,-0.27459574874250187,-2.7945784494944292
-0.013345131665431215,0.006265047340802069,0.006186045688626948,-0.005540439911585242,0.6531378302242704,4.049447539638173,-0.2657787992680109,-2.7808229355834406
-0.013353427294859525,0.006291290604793747,0.006181106316891197,-0.00558891577637962,0.6606589547176058,4.079649156215373,-0.2965333338771723,-2.7940818550212785
-0.01335687967344322,0.006275531347218226,0.006168508478100424,-0.005559745537149914,0.6503031590282462,4.04985629829553,-0.28753851769962063,-2.7802773805183816
-0.013368626022309156,0.006286071742953294,0.006150864649776009,-0.0055790291679528444,0.6477368380337619,4.050084397045359,-0.3093295986747831,-2.7795545346169805
-0.013217408137791459,0.006135812499728588,0.006360640755037199,-0.005295915420762867,0.6797515834238351,3.9999210408434975,-0.014870908882264422,-2.760152514987922
-0.013325125620267357,0.006228048512591614,0.006208115355430004,-0.00547261776874422,0.6568382212450122,4.01657679104136,-0.20737672346504699,-2.766448457664435
-0.013313267949304994,0.006217567812547335,0.006225302102740002,-0.005453046582106979,0.6595139859920364,4.015321717633648,-0.18584002576092648,-2.766318823826307
-0.013229610746356223,0.006145917524534397,0.006343750454471174,-0.005315786830793282,0.6771993828477266,4.002358962421128,-0.0363070217428863,-2.7614170215650193
-0.01324166642481236,0.0061561360929789375,0.006327040296249889,-0.005335722572153006,0.6746258394596164,4.004889808493863,-0.05771744154926244,-2.762655912516727
-0.013253597549255328,0.006166421465292309,0.006310447680508489,-0.005355648079182648,0.6721211863673272,4.007409847088097,-0.07909300652580388,-2.763820155069004
-0.013265518841736072,0.0061766830511333975,0.006293725138624292,-0.0053754178670512775,0.6696549473901584,4.009623217787811,-0.10045597208554634,-2.764766648846504
-0.013301302105518593,0.006207266586877457,0.006242624864355143,-0.005433672604332398,0.6621863385309403,4.014223384761503,-0.1643934742744804,-2.7661951422220095
-0.01327744031209438,0.006186900633451287,0.006276846756043502,-0.005394994700823081,0.6672002158562722,4.011483314449184,-0.12178637384380626,-2.7654716302387246
-0.013289348887652595,0.006197085771799164,0.006259843312940981,-0.00541439523474646,0.6647396374574304,4.013026328681447,-0.14307445240730587,-2.7659524491318006
-0.013407722555159573,0.006302070419729549,0.006085029737602399,-0.005607404333266996,0.6381522650183684,4.019029995714234,-0.3583847050829268,-2.7623106235720285
-0.013423898840606657,0.006296583450001202,0.006053680621180964,-0.005596561842396032,0.6311919340881341,3.987357649635054,-0.3663469035819349,-2.7469073332500247
-0.013435160293175409,0.006307717325721393,0.0060367493062412755,-0.005616156562788345,0.6287294177251771,3.988079511212249,-0.38776814896868167,-2.7461737045616963
-0.01344640881817842,0.006318577326576886,0.006019620343232202,-0.005635139822759801,0.6262015193798066,3.9881268387497273,-0.40888495264394903,-2.7450614741484554
0.007112136501017047,-0.014081696266412034,0.006802733375116555,-0.004812990541050253,0.011009908906547348,4.071971352538866,0.5372033447205511,-2.7948262470854157
0.007110455773660474,-0.014097640626882521,0.006785313481340621,-0.0047848597310094715,0.0044182234232069155,4.042376446751093,0.5459792853347301,-2.779411783644653
0.007124973809367007,-0.014090748636029146,0.006817798064326558,-0.004791627109741822,0.012873155856528623,4.070418096793375,0.5585223579554631,-2.7921625799727265
0.007099327720783186,-0.014072603630183415,0.006787583548330746,-0.00483433200596426,0.007629274770017243,4.073301821453061,0.5157710128049782,-2.797458430777816
0.007097549535583908,-0.014088579796867388,0.006770136821523289,-0.004806111622447064,9.543697012550258E-4,4.043819520925715,0.5246678448118858,-2.782071659896071
0.007086547594687288,-0.014063470817168196,0.006772353151939449,-0.004855644815623617,0.0034077716234150283,4.074485769400326,0.4942497542576456,-2.800027922295389
0.007084650410641658,-0.014079471805075731,0.0067548648086058665,-0.004827333344757111,-0.0021860302245653826,4.0450827168793,0.5033539415799444,-2.7845446599592054
0.007800304138943856,-0.014490137873033796,0.007483423534609301,-0.0036661184694615494,0.1554709678196696,3.7728426665668757,1.5936204306288262,-2.463735036301725
0.007786208832533607,-0.014483205177866363,0.007471862012030113,-0.0036896249331944708,0.15230895853606266,3.782792520955173,1.5741109068580494,-2.473780436820122
0.007787146422421887,-0.014499306627234287,0.007450438426884163,-0.0036643232754763138,0.1476977974854429,3.7514927379861587,1.573588437497697,-2.4576256387314372
0.007387509904858339,-0.014263202493758268,0.007105188157306989,-0.004354119071651531,0.07308148437203853,4.001318951593813,0.9835376261651531,-2.705109886602887
0.007386790691887346,-0.014279280666033659,0.007085759009309356,-0.004327061705629599,0.07011208026245964,3.970281152095891,0.9883936326789161,-2.6885478491658
0.007400916079949335,-0.014271388858033657,0.0071188414518636904,-0.004331760427945859,0.07669356544421592,3.99595881808248,1.004578471150701,-2.699139250848631
0.007374129498678275,-0.014254974043432978,0.00709147020496954,-0.004376425802495884,0.06992247789264659,4.006517172437873,0.962526425724236,-2.7108433176659115
0.007373387228575696,-0.014271001547248328,0.007072226752507478,-0.004349361497157567,0.06733921954944176,3.9754810120006776,0.9676129499859206,-2.694386250441807
0.007400253588257112,-0.014287511127996928,0.007099282045657408,-0.004304709848570966,0.0728276641851129,3.964952339295532,1.0091743227546426,-2.6825913003910666
0.007414347890939334,-0.01427953305524214,0.007132424454180434,-0.004309358922293571,0.08025590119471161,3.9904478696296244,1.0256234504271744,-2.692950508692366
0.007413770473312379,-0.014295692949153638,0.007112786996468273,-0.0042823082042299536,0.0755368895387276,3.959482734653893,1.0299555112083159,-2.6765069286984153
0.007427805204706179,-0.014287635004878957,0.007145937334344492,-0.00428691418228364,0.08391204140246279,3.9848004373945014,1.046655427572359,-2.6865652792277186
0.007441287888022464,-0.014295694626951438,0.007159380311059431,-0.004264425845097947,0.08779702954470477,3.9790363972612526,1.0676551895715645,-2.6800083032757964
0.007427334671178531,-0.014303821156329105,0.007126268667247062,-0.004259868341270962,0.07818866034583484,3.953867920419041,1.0507340185766934,-2.670286550710024
0.00745479580756053,-0.014303711841978798,0.007172748970945042,-0.004241901354108563,0.09140202141754034,3.973156923256717,1.0885929624273885,-2.673315458087649
0.007440932719983543,-0.014311883010251289,0.007139720187047754,-0.004237418300713307,0.08084172742507834,3.9481213293122615,1.0714984623907162,-2.6639288548174602
0.0075090771781501685,-0.014335355059921583,0.007225470843198832,-0.0041514608273142285,0.10215675071842768,3.9481700891948406,1.1715787251268366,-2.6455779557620303
0.0074954696488305625,-0.01432750825765487,0.007212404955193698,-0.004174119168671105,0.1002266454360015,3.954682287428865,1.1509511193330426,-2.652641155075284
0.0074954003826896735,-0.014343533550875247,0.007192741842010665,-0.004147577202663839,0.09231445507579789,3.9236181163776602,1.154049503210665,-2.6370066890391697
0.00748188682152024,-0.014319618735532866,0.0071992607402561444,-0.00419674878376659,0.09748696844241722,3.960993860013081,1.1302401258474684,-2.6596218377572804
0.007481773374910714,-0.014335693442045681,0.0071796241741834835,-0.004170069396719458,0.08932264309608096,3.9299890685850696,1.1334976868816102,-2.643971805261503
0.007468328829897486,-0.014311686570991885,0.007186041558069532,-0.0042193437875270206,0.09449988413913478,3.9671462414633503,1.1094530555700948,-2.6665162716761572
0.0074681554617233616,-0.01432781138784961,0.00716641154449361,-0.004192528623497449,0.08645614153355051,3.9361937863374243,1.112889432322732,-2.650778438433019
0.0074545433278441564,-0.014319876600382616,0.007153110379350544,-0.004214974229758271,0.08361068887157265,3.9422372649879303,1.092223379610375,-2.657429332373587
0.00712334057950145,-0.014106685383357484,0.00680031808112938,-0.004763536866593789,0.008191901188884592,4.0406840002273805,0.567244209127786,-2.776552179131262
0.007137839516247016,-0.014099760647311362,0.006832788437196156,-0.004770226546680147,0.013847185808954212,4.068583164018396,0.579775001892147,-2.7894299446386186
0.007176605729088549,-0.014126553621484204,0.006877453505916863,-0.004705601441981637,0.02385994125634656,4.061778906445512,0.643873854412721,-2.779949927897544
0.007175024709844109,-0.014142714400516697,0.006859183888720998,-0.004677415863653763,0.02083457013523382,4.031663837138932,0.6519055762209894,-2.7635876001470425
0.00718958373010223,-0.01413540329229132,0.0068922198935169555,-0.004683946830920345,0.028165073520854397,4.0592277205339755,0.6653441698641975,-2.7762892068027845
0.00716365560620903,-0.014117663230499858,0.006862617565179563,-0.0047272118848508075,0.019377936553195182,4.064201349118083,0.6224289800472133,-2.7833748831178435
0.007162025339974019,-0.014133784387971318,0.00684449487382319,-0.004699001000103595,0.018031393376573376,4.034113898774085,0.6307444321685328,-2.7669909934838546
0.007150733491861331,-0.01410873220903958,0.00684772547506276,-0.004748758890679962,0.015737977289512633,4.066486540531201,0.601057157802259,-2.7865294811014913
0.007149088815087971,-0.014124784482106486,0.00682982333058092,-0.004720575060445612,0.015152637401569873,4.036475454524521,0.6095967633115932,-2.7702999251998626
0.007136206421871565,-0.014115738409404695,0.006815130874090711,-0.0047421039249542045,0.01189426181764938,4.038699517997563,0.5884430922568532,-2.7735016445949445
0.007188071808836985,-0.014151573465117001,0.006873866863015293,-0.004655826350765696,0.02371579160402451,4.029110128534215,0.673069993736476,-2.760075790307743
0.007202589478660923,-0.014144212153727341,0.006906913160795875,-0.004662253186937749,0.03214906551218542,4.0565412753872,0.686812512332752,-2.7724303524626035
0.007201154198274985,-0.014160368435548772,0.006888516818595008,-0.004634226154560506,0.02665512521629521,4.026426622256063,0.6942245030011501,-2.75643813729377
0.007215622843988555,-0.014152980117106462,0.006921535237365335,-0.004640517714812883,0.03601276212502468,4.0537171699776975,0.7082720988801202,-2.7683973534267245
0.007214270548211287,-0.014169105455160666,0.006903126220530195,-0.0046126054070028955,0.029607930821769223,4.023599062549748,0.7153695938996086,-2.75266109635408
0.007228683695126791,-0.014161707094251578,0.006936087757150742,-0.004618738097478105,0.03989665784956024,4.050759469092339,0.7297171215041137,-2.7642101555830823
0.00722742243096258,-0.014177786900457139,0.006917695976131397,-0.004590958987432497,0.03256267576529548,4.020623130235628,0.7365122013301449,-2.7487332148434294
0.0072417719009396685,-0.014170392997494846,0.006950569383713874,-0.0045969164691529694,0.04375853418026913,4.047670003892422,0.7511307602875802,-2.7598960937017822
0.00724060707911092,-0.014186414688997862,0.006932220340043461,-0.004569284176194067,0.03558438037755871,4.017496550688391,0.7576557888308203,-2.7446430653766467
0.007254887330118262,-0.01417903773967821,0.0069649747137557625,-0.004575061125040741,0.047134500158833574,4.044428104676264,0.7724837439449285,-2.7554914067153042
0.007253814290883769,-0.014195001976408501,0.006946670204646091,-0.00454756299035839,0.038812808478036774,4.0141967953974715,0.778793468320426,-2.740376220596067
0.007268029851185399,-0.01418764123415389,0.00697930006253013,-0.004553177806196585,0.04947089692963,4.040986616515194,0.793754727804505,-2.751022148649701
0.007267030511325795,-0.014203573802069396,0.00696099784073887,-0.004525761052466369,0.042243218344705215,4.010672018524455,0.7999048763824533,-2.735919116198803
0.00728119933250035,-0.014196203394784796,0.006993553375400041,-0.004531254481377236,0.051298143128775446,4.037316220918877,0.8149636045092601,-2.7464717887708794
0.010345251712533227,-0.014988065883184869,0.008313301829220441,5.753840709089584E-4,0.27091375484448105,0.7704982679898095,3.384472798407143,0.46786287883919214
0.01035406504698524,-0.01500139458024675,0.008284092312368584,5.86425604711241E-4,0.2635416870301151,0.754124504646985,3.36614470633111,0.4702669692350481
0.01036091750474209,-0.014986956843082835,0.008311453263526372,6.014963218302315E-4,0.27062972651428246,0.7488974863801853,3.384958468978542,0.48903474959763815
0.01037657978297736,-0.014985798598725458,0.008309522317449079,6.276082777607595E-4,0.27055789027226945,0.7272985108190247,3.3853127681948596,0.510253007954024
0.01036979250135348,-0.015000279530967713,0.00828216504480811,6.12467650489995E-4,0.2629602622752924,0.7326667227288478,3.3665558112271285,0.49136371313693666
0.010439190866250392,-0.0149806737880534,0.00830097830945139,7.319928186101417E-4,0.2701058489259665,0.6411104205740685,3.3854970777822513,0.5952384151989673
0.010448346455261645,-0.014993824545983872,0.008271565564376469,7.425813142482909E-4,0.2601836420202482,0.6254058730966171,3.3669090064070493,0.5970312487276218
0.010423544090142324,-0.014982028743765486,0.008303237287605611,7.059061999147839E-4,0.2699960474810744,0.6626040292507269,3.385614484574114,0.5739944038359511
0.01043266853097661,-0.01499523858765175,0.008273795289087407,7.166023154045325E-4,0.26065837594275537,0.6468286097570376,3.3670604643301396,0.5758742561569673
0.01040789322055687,-0.01498333453830101,0.008305414807561234,6.798072533369948E-4,0.2697954085584636,0.6841447090509035,3.38562979955876,0.5527277481006707
0.010416964846374,-0.014996590455389138,0.008275974859918418,6.905883845504786E-4,0.26131363937687047,0.668279968438097,3.3671056046430015,0.5547276549619173
0.010392238403124528,-0.014984591160277273,0.008307509686067326,6.537096198142295E-4,0.270124156902156,0.7057142521549761,3.385534421656107,0.5314828646683092
0.01038552251109511,-0.014999102597161569,0.008280177287499692,6.385169163709554E-4,0.2624129754885614,0.7112033670528574,3.366860290725532,0.5124814564420054
0.01040124705198608,-0.01499787403284168,0.008278111543937197,6.645576842443417E-4,0.2619097163110491,0.6897411090371109,3.3670441769211537,0.5336018862088033
0.010473273462203518,-0.015005799100674561,0.00823991481556872,7.79035930896065E-4,0.25840117738338964,0.5818157594773582,3.3466117455238016,0.6269613096842339
0.010457628876119123,-0.015007229964733674,0.008242353947855564,7.532905128480829E-4,0.2589794822888902,0.6030166633388009,3.347034656248525,0.6060719926207931
0.010482598382275153,-0.01501960050948504,0.00820963729359729,7.892991848645831E-4,0.254151700190039,0.5617674079926455,3.3265877408892393,0.6327767312845335
0.010141341239237567,-0.014998001866155195,0.008329858986852358,2.3559403901940627E-4,0.27820918610778295,1.050778020650727,3.366604529039622,0.19237055554656338
0.01014958124425262,-0.015011770218440947,0.008300907935486273,2.477162918457687E-4,0.26863320127722373,1.0330031564975248,3.3488983012755185,0.19625392152178947
0.010125641080081592,-0.014998421182633165,0.008330557826735108,2.0943035430400143E-4,0.27863935728868955,1.0722996607511084,3.364355775182794,0.17112577343006877
0.010133846928318566,-0.015012253211895407,0.008301566509501644,2.2165138175730983E-4,0.26894949467073737,1.0544200703719342,3.3466461529849894,0.17523706890220594
0.010109939502481563,-0.014998791184455908,0.008331174704701148,1.8325410588382966E-4,0.278534472325804,1.0938280951172263,3.3619892380042713,0.14985798061747874
0.010118111690741003,-0.015012691977524256,0.008302133553210021,1.9558505136537527E-4,0.26937171077372485,1.0758277979423545,3.3442575270478785,0.15423784939279492
0.010228240976726947,-0.015008759097779609,0.00829610632909347,3.780144283241468E-4,0.26733035018959456,0.9257966956636566,3.3580421448583677,0.30151466894056966
0.010235504770669994,-0.014994450670793703,0.008323942865161603,3.924625411178349E-4,0.27314530572360574,0.9214940123827436,3.3775219774527336,0.31919999735523524
0.010157818452675453,-0.01502591119953197,0.008271956132452242,2.5974757586023147E-4,0.26718913742174094,1.0085878102504517,3.3304126877019065,0.20685837706272078
0.010173613751087796,-0.01502533429643617,0.008271218801270791,2.857517155500158E-4,0.266810833788467,0.9872961437215729,3.3324673756625427,0.2278024149379998
0.010220913720823309,-0.01502335160627439,0.008268433398025228,3.636253023988631E-4,0.26545545368134976,0.9234343522318685,3.337814972173043,0.2906183923342025
0.010189416480344746,-0.015024665178000754,0.008270482780791665,3.117757475855333E-4,0.2664177667965117,0.9660181772540327,3.3344541023231264,0.24877701559875356
0.010205180304484108,-0.015023970611804984,0.008269621204111134,3.3773502261577165E-4,0.26595493451399693,0.9447598341571076,3.3362813117086305,0.2697181110415406
0.01024397682210924,-0.015008064169294073,0.00829479035948142,4.0406673521084036E-4,0.2667170624408495,0.9043538525327746,3.359433745620617,0.3225035555911446
0.010251191169966168,-0.01499368631334919,0.008322667584291132,4.1863409674129773E-4,0.2739366763548025,0.8998328436499302,3.3788550841647287,0.34048027850776386
0.01025973320324264,-0.015007280257024158,0.008293463762311375,4.301573403945827E-4,0.26587618341125974,0.8828833573415417,3.3607486723587887,0.3435522732215785
0.010266875049167084,-0.014992872690959788,0.00832130998219368,4.4480525561914715E-4,0.27493296766755776,0.8782030662433126,3.380075358716327,0.3618505872856462
0.010329582549946167,-0.014989125709257183,0.008315067212277162,5.492839795994838E-4,0.27208032175517405,0.792069880071394,3.3838524070262803,0.44675038752962043
0.01033835211506841,-0.015002452498690677,0.008285947467581418,5.604072100431502E-4,0.2639547547572179,0.7755673074919525,3.3656171460734803,0.44918970310926726
0.010313910160050264,-0.014990136311907444,0.008316749999528488,5.231880782620512E-4,0.2735961642517221,0.813599013510784,3.383091834404263,0.4256407545027013
0.010322653590449642,-0.015003478457755076,0.008287683262245686,5.344051684186501E-4,0.26415670770451155,0.7969991039290604,3.364941037471531,0.4281001583517247
0.010282556267937627,-0.014992009811233265,0.008319871164629587,4.709540253212238E-4,0.2751205243401741,0.85663233250077,3.3811896060504893,0.3831985063358261
0.010275493964644578,-0.015006405368113804,0.008292133241578195,4.562648062869106E-4,0.26516508623624846,0.8613921996164112,3.361988120965649,0.3646746014076412
0.01029823468538191,-0.014991097682117146,0.008318351216384582,4.970801847617156E-4,0.2746328054571481,0.8351078860613116,3.3821984904217346,0.4044651438839955
0.010306954334286142,-0.015004486236233877,0.008289277466853191,5.083937103645288E-4,0.2643549305163356,0.8184395305542118,3.364103398213228,0.40697718990704196
0.010291237080580481,-0.015005466790070273,0.008290750949361157,4.823496590043833E-4,0.26468165800702176,0.8399044306801299,3.3631150660303093,0.3858288520172673
0.009937172394430335,-0.014999605253615366,0.008332531877376245,-1.0471482314526967E-4,0.2819216374294452,1.330320739658384,3.3275888321169096,-0.08086457863823361
0.009921467368795327,-0.01499938322454241,0.008332161902338037,-1.3088821218642228E-4,0.28217509574275357,1.3517258953155695,3.3236820208154474,-0.10174247277566217
0.009929132558209798,-0.015013389199928928,0.008303922795398698,-1.1741366094182256E-4,0.27373116195915065,1.3323682296399326,3.3067983103766534,-0.09666281016166424
0.01,-0.015,0.008333189995420667,-6.161108732220771E-8,0.2774548949566397,1.244678999824393,3.342001700941782,0.0024330281377091803
0.010007871118746922,-0.015013949071986762,0.008304646366653316,1.3008938885239106E-5,0.27287203009985533,1.2256273476313275,3.3245738690962896,0.007792173607659956
0.010015707763366568,-0.014999975326556125,0.008333148913795444,2.61306583484621E-5,0.2790679777221314,1.2231710592638754,3.345275479951145,0.023262111550762785
0.009984292236633436,-0.014999975326556125,0.008333148905660438,-2.6184568975213124E-5,0.28176349743810264,1.2661152984676902,3.3386182245084055,-0.018253577550765333
0.009992132964454585,-0.015013865550405556,0.008304804498979928,-1.3058945020985884E-5,0.2729678492584282,1.247020897218187,3.3213667625906838,-0.013072960637065261
0.009968584960421897,-0.01499990130855483,0.008333025422337572,-5.235533533789938E-5,0.2815522425657328,1.2875050512183581,3.3350552810513796,-0.03908866007040033
0.00997639430617651,-0.01501382580371422,0.00830469564558456,-3.913349532415247E-5,0.2727020044404837,1.2683559082036149,3.3178998819325396,-0.03402035042011356
0.009952878302440087,-0.014999777949631272,0.00833281974050748,-7.853441354267647E-5,0.28185309690233246,1.3089078833901324,3.3313790862582855,-0.059967561680217336
0.0099448873940713,-0.015013589985526538,0.008304251399379722,-9.131875517556319E-5,0.2734075681944644,1.3110522140804877,3.310621889095071,-0.0758224012224355
0.009960645422056304,-0.015013734468015136,0.008304511314048786,-6.52184924852646E-5,0.2731220022612017,1.289711734683227,3.3143259499155264,-0.0549367343654338
0.010023621746309079,-0.015013941447932265,0.008304490983930761,3.9094591659879546E-5,0.27242906848110077,1.2042603315796025,3.327723248536587,0.028700703079956924
0.010031415039578107,-0.014999901308554829,0.008333025805055114,5.229180154270498E-5,0.2769244174138513,1.2016263053390734,3.3483825246832013,0.04411469197803904
0.010094236641409177,-0.01499911186666351,0.008331709419535848,1.5707228771317088E-4,0.278409116637385,1.1153672927973004,3.3595108929036415,0.12860367411408088
0.01010237601872046,-0.015013071142721678,0.008302638796940822,1.6952007887215129E-4,0.26988438959029665,1.0972304249376963,3.341753958140341,0.13326828144093097
0.010078532631204675,-0.014999383224542409,0.008332161846514084,1.308885472803E-4,0.27845052218199146,1.1369088439456363,3.3569179800865583,0.10738885754841236
0.01008664574035256,-0.015013387483171554,0.008303088183369117,1.4346571090146441E-4,0.2703742663444924,1.1186202127583484,3.339138609335548,0.11233095876023756
0.010062827605569672,-0.014999605253615367,0.00833253206016876,1.046950825182058E-4,0.2783452258041534,1.158459502940649,3.354201014919895,0.08620999007608533
0.01007091088833941,-0.015013644165486983,0.008303476394958619,1.1740491609309426E-4,0.2708487698353896,1.140009762045444,3.3364092100004226,0.09140570724246579
0.010047121697559919,-0.01499977794963127,0.008332820198468874,7.848257407722827E-5,0.27700601508658346,1.1800384866353588,3.3513518766354236,0.06508602487117421
0.010039387711217058,-0.015013920267164728,0.008304180457364715,6.520481231126581E-5,0.27228294397849845,1.1828391738731383,3.330710027099299,0.049594213437040076
0.010055156640087187,-0.015013832821426239,0.008303819376902345,9.131586324402057E-5,0.2715377937093737,1.1614133044654678,3.3335840061729987,0.07048468038782242
0.009827263240783757,-0.014997015310364325,0.008328215542235715,-2.878876747087863E-4,0.2841739771236761,1.4797878485987292,3.2976500410551846,-0.22684015554005876
0.009811568152997377,-0.014996448082291579,0.008327270130954327,-3.1404645647464195E-4,0.28425054728121024,1.5010615304293584,3.2928634065289972,-0.24760320931305055
0.009818935017329774,-0.015010664433255159,0.008299200210689852,-2.9993306534754357E-4,0.27531497895293183,1.4809432074321534,3.276343154505471,-0.24175653608567851
0.009795875029713488,-0.014995831562063067,0.008326242230597795,-3.40212132567948E-4,0.28367983425265764,1.5223272254709517,3.287946589869288,-0.2683475937237919
0.009803195551689058,-0.015010078133140233,0.008298196616008682,-3.2600014479756094E-4,0.275680012799221,1.5020858768311953,3.2714912364640747,-0.26238306322460453
0.009842960155646504,-0.01499753324023817,0.008329078250230534,-2.617415831994141E-4,0.282997490885657,1.4584801388203115,3.302289765720506,-0.20609022778201722
0.009834673704769327,-0.015011198921092934,0.008300126627476832,-2.7386570181233116E-4,0.2752180816674649,1.4597849402033771,3.281084951472747,-0.22109708663736624
0.009905763358590825,-0.014999111866663509,0.008331709935571037,-1.5704702811330574E-4,0.28312351899116284,1.373097910698944,3.3196557844912173,-0.12259071396634504
0.009913391411761516,-0.015013138563514517,0.008303513260511318,-1.4348731189337265E-4,0.27391780390522596,1.3536498444958005,3.3028461233992386,-0.11746133265781437
0.009890060497518439,-0.01499879118445591,0.008331175713055637,-1.832056134107456E-4,0.28405739451342044,1.394433832395204,3.315499478013345,-0.14345807017317422
0.009897659717181274,-0.01501285805708596,0.008302984333200966,-1.69545386992317E-4,0.2739663744666628,1.374898600972838,3.2987374160875693,-0.1382432417301048
0.009874358919918412,-0.014998421182633167,0.00833055872792888,-2.0938659081030692E-4,0.28365104932609303,1.4157690823442302,3.3112093040147825,-0.16437837364940275
0.009881922036933765,-0.015012547773447849,0.008302335280923044,-1.9561027108111074E-4,0.27418827527566897,1.3961295591786635,3.2944762434198993,-0.15901496289190384
0.009858658760762435,-0.014998001866155191,0.00832985927442637,-2.3557635807697986E-4,0.2826708181975488,1.4371275658325937,3.3068026450419694,-0.18528203351829894
0.00986617132796727,-0.015012170690959429,0.008301636915164038,-2.2169457284682212E-4,0.2747097565734801,1.4173619170818144,3.2901148057373777,-0.17974801088060235
0.009850418162098659,-0.015011709368839693,0.008300922942044155,-2.477861280634933E-4,0.2751352711201087,1.4385890936570442,3.285668631733547,-0.200431703053448
0.009717443732062379,-0.014992009811233263,0.008319871021172761,-4.709555950081624E-4,0.2835672302452515,1.6283476746885326,3.2615027683873663,-0.3717043222047703
0.009724503398986657,-0.015006379815086623,0.008291989966239484,-4.56329590926418E-4,0.2769292430657446,1.6074905761090756,3.2453519660597325,-0.36510622464954956
0.009733124950832917,-0.01499287269095979,0.008321309775627696,-4.448085387642728E-4,0.28376088078664824,1.6071407687566195,3.2670281522911977,-0.351119042365685
0.009780184008954095,-0.014995165756016561,0.008325133094824667,-3.663530530045255E-4,0.2844148256871192,1.5435649747398805,3.2829179499895065,-0.28901847907981953
0.009787458773680003,-0.015009421935992027,0.008297150517327932,-3.5206551830427573E-4,0.27594065432211345,1.5232178273814954,3.266542100342559,-0.2829686617768688
0.009764495229330011,-0.014994450670793703,0.00832394217421111,-3.924810873138977E-4,0.2857140350964816,1.5647538832101517,3.277758550966953,-0.3096783564412648
0.009771727733323844,-0.015008731252007822,0.008295993740314254,-3.7812170291735354E-4,0.2758703907699119,1.5443155428454727,3.261438922341743,-0.3035425104917675
0.009748808830033834,-0.014993686313349191,0.00832266759584965,-4.1863578654635706E-4,0.28528418319944093,1.585932337221881,3.272453478015715,-0.3304031596409108
0.00975599205058285,-0.01500802324407774,0.008294691460210918,-4.0417999276000675E-4,0.27593833121924677,1.5653796228620818,3.256164996920891,-0.32411359961420133
0.009740246255910096,-0.01500725064930551,0.008293334422106774,-4.302534375012026E-4,0.27644220035417794,1.5864380732121157,3.250789279960743,-0.3446427140613237
0.009498265893762124,-0.014974762596007742,0.008291124929589016,-8.362410880545281E-4,0.284311776587448,1.921026534308085,3.17054786344012,-0.6565654644816301
0.009482641786463353,-0.014973162020172494,0.00828845684950247,-8.622861191682048E-4,0.284172228864804,1.9417354891578917,3.163127512491354,-0.6765852182654942
0.009489028513220985,-0.014987877341341568,0.00826110665779143,-8.463182823193104E-4,0.277783133562816,1.9191426430701408,3.148046771512277,-0.6682955038311092
0.00956080913374961,-0.0149806737880534,0.008300979013724012,-7.319868528333969E-4,0.28530999462842144,1.8381186220900065,3.199092424356563,-0.5758453796789557
0.009567423919993162,-0.014995262348842409,0.008273474316344434,-7.164876456361344E-4,0.2777665980775162,1.8160902840670368,3.183654982615544,-0.568103800166014
0.00957645590985768,-0.014982028743765488,0.00830323486507787,-7.05935788459751E-4,0.2839542857491245,1.8172631607946623,3.2058670203331534,-0.5557036458120848
0.009545166597241007,-0.014979269682969048,0.008298642033528727,-7.580218327753484E-4,0.28698440973288225,1.8588684481384743,3.1921681375387894,-0.5959580409333628
0.009551755540371411,-0.014993865608697891,0.008271204328143648,-7.424460816638929E-4,0.27735995638280114,1.8367579771752849,3.176806979415774,-0.5882018891580608
0.00952952844693864,-0.014977816440745884,0.008296220361758887,-7.840798268167612E-4,0.2870472602446295,1.8795689812936878,3.185084544822786,-0.6161521374307125
0.009536082988524252,-0.014992469171039342,0.008268755418520688,-7.683952402630843E-4,0.27708113946885365,1.8573792255617885,3.1697672638913157,-0.6083046412778144
0.00951389482992714,-0.014976314074054054,0.008293713656307327,-8.101634906563015E-4,0.2856082058181651,1.9002865184063935,3.1778677307562,-0.6363949031481201
0.009504705895541503,-0.014989497390373354,0.008263659985512485,-8.203429968233284E-4,0.2775982719587215,1.8985782257080495,3.155358704061143,-0.6483673954505463
0.009520397129100794,-0.014991028440479484,0.008266210558776499,-7.943597170813943E-4,0.27723876962117733,1.8779823806943707,3.162598449626753,-0.6283705222486167
0.009583105419982432,-0.014996647634116551,0.008275591871304203,-6.905005114019078E-4,0.2778361436110605,1.7953670637556094,3.190324625800845,-0.5480111875100584
0.009592106779443133,-0.014983334538301009,0.008305411877254719,-6.798415257302853E-4,0.2842036981260895,1.7963138800044727,3.212520317283989,-0.5354017552651308
0.009701765314618095,-0.014991097682117146,0.008318351686900932,-4.970711779230915E-4,0.28468074097240953,1.649495284485182,3.255853202553831,-0.39216933607221094
0.009708773901819234,-0.015005445319014337,0.008290592341465348,-4.823896907227136E-4,0.2770061780312341,1.6285075007496246,3.239803770981743,-0.38553559237863005
0.009686089839949742,-0.014990136311907442,0.00831675019247604,-5.231834709794369E-4,0.2853357501819588,1.6705744799615898,3.2500527273464033,-0.41260136327791574
0.009693054698676913,-0.01500448592970875,0.00828906599404486,-5.084302207971142E-4,0.27692814225248513,1.6494774646338388,3.2341000801696054,-0.4059589829784494
0.009670417450053835,-0.014989125709257181,0.008315066351757053,-5.492967616256216E-4,0.28544632461535896,1.6916044340288456,3.244111936032501,-0.43301897210196344
0.00967734366754022,-0.015003493256845914,0.008287427520421125,-5.344535135626262E-4,0.27698591943447853,1.6704121650164747,3.228259044496675,-0.426359681576498
0.009654748287466774,-0.01498806588318487,0.008313301498855093,-5.753909373843823E-4,0.28633393548098585,1.7125814206263101,3.238050838282184,-0.45340545155486695
0.0096616426252087,-0.015002454049042714,0.008285703404079232,-5.604602759978831E-4,0.27698718806748684,1.6913168543374264,3.2222916731733977,-0.4467233748218801
0.009607761596875476,-0.01498459116027727,0.008307509375610185,-6.537108583050628E-4,0.2858579633162896,1.7753381065365021,3.219074793925843,-0.5149139699719925
0.009598810482949216,-0.014997972415048563,0.008277653596466088,-6.644827785347189E-4,0.27747019470498596,1.7745968664264666,3.1968843376558347,-0.5278837336858818
0.009639082495257915,-0.014986956843082835,0.008311455157941086,-6.014722534796385E-4,0.2877143085828894,1.7334998057806745,3.231861834992779,-0.4738192555982607
0.009645947161404968,-0.015001390344690745,0.00828385044338893,-5.864539247267686E-4,0.2767436154569883,1.712180439365467,3.216157183491531,-0.46706812708513984
0.009623420217022645,-0.014985798598725458,0.00830952466603958,-6.275764879579665E-4,0.28762235904276395,1.7543998617489531,3.225530837075501,-0.49433807783242895
0.009630245627169074,-0.015000317482171321,0.008281836631015603,-6.124465083571562E-4,0.2765964500469462,1.7330006072905622,3.2098361136762357,-0.48739950686958083
0.009614530431903866,-0.014999195274331453,0.008279737438996402,-6.38456096754122E-4,0.2769095139480883,1.7538014647776847,3.2033889498161003,-0.5076821364470704
0.015581959074517144,-0.009897787522955035,-1.2944484200002365E-4,0.007258338952507698,0.2090832096224661,0.10565279384431193,-2.679646473313586,0.6843066134545946
0.015564324046558631,-0.009963127661047629,-4.530931081921302E-5,0.007290910968409931,0.21213475136026763,0.041378231355140786,-2.689726503070952,0.7591679132399749
0.015500300680731221,-0.01013596960016893,1.8458348777033125E-4,0.007396030010199756,0.22304691538729762,-0.13377991688825877,-2.721808535611597,0.9718478234320228
0.015526295538043485,-0.010082205712403815,1.1156092157944314E-4,0.007354605194760618,0.21871660194688633,-0.07795790577300375,-2.707758488019777,0.9008863329051934
0.015545471216874746,-0.010024267654824852,3.459279819560853E-5,0.007323391700510297,0.2155185188011531,-0.01947748688464802,-2.6993611540749076,0.8312064167791086
0.015538842691221749,-0.010189261534278703,2.520882719640809E-4,0.007326139759128239,0.2181187274226102,-0.18342961787319503,-2.671574310827483,0.9973542678185531
0.015478072401398278,-0.01035658358299235,4.8282483796250356E-4,0.007404784009170508,0.22832544954444797,-0.35733062705816604,-2.6794364600743115,1.2037462111182684
0.015512907812815255,-0.010306606374491668,4.101791988883378E-4,0.00735463765318367,0.22266379828249835,-0.3021201288111706,-2.6629851069240007,1.1285585557992786
0.01557043338545102,-0.010246689218960922,3.234859214726376E-4,0.007266782574371934,0.21454419147357143,-0.23562146662942315,-2.626770838782577,1.0298666026835337
0.015473617036109024,-0.010587259629336276,7.888688311383001E-4,0.007352351340874111,0.2293897902553732,-0.580430531762441,-2.589913677775513,1.4184051741317176
0.015513932532323103,-0.010629979696843534,8.306432931092339E-4,0.007271312833930244,0.22367069534173747,-0.6070720538548563,-2.535517995093993,1.418391900672155
0.015476050688137972,-0.0104949379781668,6.670047754266092E-4,0.007375803224415628,0.22910381465288407,-0.49240602881039125,-2.628182897681606,1.3339610929836818
0.015492679873640749,-0.010540992898945382,7.226780690328093E-4,0.00733481201976123,0.22621577362821932,-0.5316681626244668,-2.5937330576056783,1.360715309364229
0.0155034890336559,-0.010407971674873624,5.456871283932016E-4,0.007351030266143847,0.22472411537083933,-0.4024855085870212,-2.637215618344053,1.2312474223518033
0.015508083847569354,-0.010456258667021847,6.079316103152636E-4,0.007331992851304267,0.22399513988319525,-0.4475181641134838,-2.614815777212848,1.2715750936595573
0.015572520913881036,-0.009780369097914961,-2.8233957817972187E-4,0.007262826928628817,0.20900760402941868,0.22189516052199496,-2.6962936888183298,0.5715923441732357
0.015597838355357848,-0.009837911261463078,-2.05342726930937E-4,0.007227155097126259,0.20620318944436072,0.16336618840239914,-2.6686933955884453,0.6168203939379497
0.015608593378999534,-0.009719345898621702,-3.5530832139427933E-4,0.007194222583273248,0.20337727168949019,0.27744194414900236,-2.661448877846603,0.4940011206863049
0.015633037781355417,-0.00964063787649936,-4.5002451436825886E-4,0.00714011949954743,0.19934118016158567,0.34948304219468856,-2.635773652375786,0.40625616799765124
0.015720308660115773,-0.009046185955455515,-0.0011227982104269729,0.006802111669907685,0.1846928385514092,0.8527859622329563,-2.4445557094500283,-0.17333799321236684
0.01575133626249118,-0.008974867679985347,-0.0011853054162744767,0.0067221276905721885,0.17966198733925667,0.896157214696759,-2.395075294763429,-0.23615037970254268
0.015757294793275034,-0.0091279936523334,-0.0010157638840858254,0.006783566449830838,0.1807395921416686,0.7711487175127382,-2.436406969120842,-0.10370201188385504
0.01572273695988675,-0.009266802385162195,-8.73244166460312E-4,0.006891056096257376,0.18597571189625228,0.6668393703554932,-2.5014227323318727,0.025768550478441923
0.01576519439024137,-0.009205800393122736,-9.261709207592315E-4,0.006803464139691295,0.18082775666748338,0.7041154409395654,-2.4494215249787903,-0.035477234018999035
0.015689332672728037,-0.00958311193460188,-5.090011372670344E-4,0.007037386764789939,0.19266946239719615,0.39314772377187984,-2.578724125745293,0.3309646261496724
0.01572515399892116,-0.009394843957154727,-7.23964585817876E-4,0.006930821150167893,0.1869554006309919,0.55450957822093,-2.5234806567514294,0.14364193897275468
0.015754108593649438,-0.009333530250079072,-7.855491991584083E-4,0.0068664900567832875,0.1823362122691267,0.599868778360584,-2.4866811356051572,0.08125827225072009
0.01573696531645044,-0.009524963443731372,-5.67549006634611E-4,0.006948578303459589,0.18693484667280813,0.43614211289497234,-2.5292124116028525,0.26156067846886794
0.015761125501373378,-0.009455202642957577,-6.429334123588991E-4,0.006892827159811729,0.18266832668738306,0.4920363467137272,-2.4994101396875426,0.1911464912101252
0.022669397409840544,0.01165845825650545,9.047418415361536E-5,-0.0012719268808602244,0.08509993467369704,-0.1324744209839119,0.4985339503471594,0.1624266322476096
0.021956688725304888,0.01107361648477323,1.0446991848177488E-4,-0.0016867088708935232,0.05402356509952467,-0.11676252966455548,0.5469249109028468,0.1516122816922282
0.021198325550874014,0.010095591316718937,3.342976484813124E-5,-0.002142864203124106,0.0229835368577113,-0.026906061774091484,0.6230920298238881,0.07016871979603577
0.021800468903867793,0.010397055804428396,5.3820591784498314E-5,-0.0018024352603856388,0.03095907405335315,-0.055960262591458955,0.5708825304437122,0.09263512450199171
0.02053681994194647,0.009186425246285249,-1.219632387483839E-4,-0.002502787512059575,0.004863947944832061,0.10824388005363735,0.690928647997418,-0.05488342414130742
0.021220015867289204,0.009461038356665622,-4.8620081257092796E-5,-0.0021246814850099,0.0026081572261754562,0.05058077283725932,0.6204593265956465,-0.007962479158503614
0.01633470098220862,0.004681991961751805,-0.002760537980799021,-0.0029877470788748305,0.13336164336145392,1.3865553361073903,0.4177706187071418,-1.185329632727511
0.020514589257541026,0.008545711464990134,-2.3533468030806254E-4,-0.0024585338527629837,-0.01071297000414217,0.20183113564680213,0.6714687157191306,-0.14869680905007113
0.019219895699107713,0.008161655537922037,-5.265046937875342E-4,-0.0031747466776180905,0.015369999046825485,0.3829094553249321,0.8367037169538286,-0.29251748413362894
0.019824836964559327,0.008338508550784333,-3.701596856218684E-4,-0.002832992732375734,0.0012070865714061514,0.28698256594361776,0.7522230671651734,-0.21775193268755413
0.018499596601165912,0.007234996208371699,-9.9202633648612E-4,-0.003364178743491686,0.029565747311197915,0.6631759501752769,0.8412074323631661,-0.5445192344551839
0.019015611353496067,0.007549401513882864,-7.402583997143506E-4,-0.0031491809017292144,0.013174293568992869,0.5181550814320645,0.8033434050833137,-0.4232541192140594
0.017602204951951323,0.00609649895663623,-0.0017016164966608736,-0.003362974037036781,0.0641933962903865,1.0215991021931188,0.7299259739375925,-0.8661852824247186
0.01800005879847106,0.006353241157504741,-0.0014361381565650454,-0.0032821335919065164,0.045328997191826294,0.893354931301333,0.7459381438540892,-0.7580609358286442
0.01833483336679917,0.006750265989236262,-0.001186726473909973,-0.003273430523769019,0.032363282964561736,0.7685357682087447,0.7819034147841749,-0.6466250334950105
0.01669306646339514,0.0048400972351003175,-0.0024913367456519367,-0.0029815090824313263,0.10975004813330642,1.2957002282377854,0.46878554724517185,-1.113418155642132
0.017087013388832503,0.0050988512205454055,-0.0021977336870794427,-0.0030066761473320157,0.08813961538197063,1.1963273268347532,0.5298552827730668,-1.0300137313813673
0.01750934396538138,0.0055225982213340154,-0.0018723729027695579,-0.0030857037359037706,0.06618219886854958,1.0771700118779888,0.6092222485739418,-0.9267711171726355
0.014365098466665364,0.0023981705408074885,-0.004161526286847472,-0.0015130913329093546,0.17651912612154308,1.3570542218563721,-0.11152954140303505,-1.1781038288377463
0.01431577232478487,0.0019120533376468568,-0.00414354457520779,-0.0011812836798841782,0.16128155504480288,1.2823120967918158,-0.10743070174555568,-1.121674338024296
0.01608748810576867,0.004359753787133456,-0.002965855454918737,-0.002820385133050294,0.14332302099362296,1.419582024926056,0.33274191695359473,-1.2175309738689764
0.015867066367082537,0.00382680036336193,-0.003146805462792845,-0.002473991416591211,0.14621715059634702,1.4066191221046582,0.21900140316667874,-1.2135078638884365
0.014810349154049128,0.002633722106119758,-0.0038711253121043875,-0.0016909285252948694,0.16791151272646246,1.3766153777419066,-0.03819782460659237,-1.1934861261185281
0.015099647150909352,0.0029508086614846935,-0.0036865653286152723,-0.0019128252593638155,0.1654979573597118,1.401278330826601,0.021072025083238004,-1.2132934168778127
0.01547514049488687,0.0030517703655051544,-0.0034214960755355075,-0.0019625097984326823,0.14823846773590035,1.3695984439118718,0.08094080606734223,-1.189580953572823
0.015856227459038252,0.003285198805015595,-0.003156418518930799,-0.002087427627270872,0.13414623768805997,1.3415821034403959,0.14890752644358687,-1.167283992113691
0.01345883985841398,-6.907950549668278E-4,-0.004561995415414918,3.8347715462740524E-4,0.1465520379307639,1.1014954179981447,0.08865806200387721,-0.9782121831023324
0.013348014604409273,-1.153723031028032E-4,-0.004602950604504248,6.284778763100072E-5,0.14255467365381805,1.0681382480848784,0.015841675146704093,-0.953010048915165
0.014162172563963897,0.0014116064072422062,-0.004197096027528242,-8.513590158726589E-4,0.15298930470257124,1.2180540118323753,-0.10083230906726466,-1.0701913932769231
0.0139094982509746,9.906930915596567E-4,-0.0043200201370376685,-5.808560940121923E-4,0.1476399123972542,1.166213075511744,-0.0921082340239923,-1.0293909729594424
0.01388513895771435,3.874726508267568E-4,-0.004305642225427598,-2.2424494904113706E-4,0.14082343221224872,1.1317356019570257,-0.03768511157071941,-1.00410923352875
0.013986363777695913,-9.717215043068318E-4,-0.004272224717922524,5.727840793569948E-4,0.14716764682463657,1.168158681353349,0.08462572855781957,-1.0315265028936995
0.014168558171201984,-0.0022412213809918377,-0.0042785649441826725,0.0013924379364620783,0.17701107932872087,1.3318167192494672,0.1412816962813855,-1.1576886113447251
0.013965058984262924,-0.0016315790947875664,-0.004341425763133549,9.774526711916634E-4,0.1606935536945899,1.2341002250075965,0.13771860992253424,-1.082973752818259
0.014595760262365707,-0.003667952827886697,-0.004135723862013144,0.0024794090979634257,0.22196511287435844,1.6155948048718187,0.019942441621869516,-1.3705161928658514
0.014385976234198723,-0.0033780433254370595,-0.004269960622369604,0.0022417895723312966,0.21953672597482046,1.5665619787707892,0.09133351390262019,-1.3336187753783617
0.014255215625118466,-0.003012418656756952,-0.0043202618877645595,0.0019512504397480523,0.20774854911162,1.4861954594896531,0.133468170347276,-1.273384700012184
0.014482514562830439,-0.00264768409973379,-0.004106633292708394,0.0016943132224865904,0.18119349234529022,1.3985952694373955,0.09247717619119537,-1.2100872354971937
0.014869628535311008,-0.005343311491894727,-0.003984763447991675,0.004002259688893928,0.27521870881061544,2.053467228843448,-0.41444921891663195,-1.6574339976810404
0.014867952420765934,-0.00552335131078464,-0.003980165641307201,0.0041927286076021576,0.27988863048793455,2.115430621411899,-0.4874411542124878,-1.6923800000654012
0.014948872110475369,-0.005694036729287686,-0.0038821358122378235,0.004348222850740102,0.2759210452361913,2.1265142687198497,-0.5797696137864398,-1.6906767421166935
0.015083610956147674,-0.0058617613057883565,-0.003719003540416051,0.004474015636332753,0.2625769309194789,2.0944155893650955,-0.6842210936522212,-1.658152626624014
0.015201689779950234,-0.006024165850722575,-0.0035680021022328613,0.004591252520625457,0.250888599058791,2.060421063077541,-0.7812958553925659,-1.6226915620656384
0.014903903586186346,-0.003772542433618511,-0.003892862981958161,0.0025533626494959323,0.20668093199824586,1.589123191517812,-0.059923531394116714,-1.3513536545744922
0.014897768545197835,-0.004072267965095896,-0.003918678299175456,0.002803260034638045,0.21980718586626186,1.6627276166108593,-0.09959840380082177,-1.4031168547759054
0.015065825487762759,-0.0043341720687823946,-0.0037876118517790533,0.0030082116247711825,0.21819522772160396,1.6866995306128167,-0.18022261041029083,-1.4185311050477274
0.015042609875828979,-0.005171303682940519,-0.003814721775465182,0.0037823862640123875,0.25047860981299125,1.921066077547789,-0.39099836870306365,-1.5702357937641749
0.015172571873231419,-0.0046471159577100565,-0.00369992906649767,0.003264350664101191,0.22075158376485657,1.7322093602792317,-0.26903844387076153,-1.447255908010041
0.01525371249782569,-0.00495040636380413,-0.003622480291124983,0.0035187552857650485,0.22316254612331035,1.776419081676792,-0.36289369154171425,-1.4732614398981159
0.01564619711227167,-0.00682778621563321,-0.002878711985885985,0.005125845732953344,0.20275944305287472,1.8397370116920848,-1.227436738550445,-1.3902665537847427
0.01555888440050171,-0.006629456941161975,-0.003039488183692842,0.004997408928140767,0.21279920253648224,1.9001003088593496,-1.1210360627233948,-1.4546984086637378
0.015401382130238157,-0.006448650453636059,-0.0032573112199861943,0.004920769791457928,0.23079049557038817,1.9968029796085724,-1.0251253655895187,-1.5401894471679631
0.015307906686610032,-0.006216208494057591,-0.0034164468058255518,0.0047361867822179405,0.23990580198682984,2.028559740614553,-0.8913827962067663,-1.5847954034571632
0.015563137231896923,-0.007436876399147377,-0.0026510139837257964,0.005784014836252112,0.205713557475756,1.8299481959183588,-1.641884162767506,-1.2731242093966857
0.015576927455858444,-0.007624708970048734,-0.0025176029418492196,0.005947286161011856,0.20203165480640856,1.7691433414665407,-1.7663241744097768,-1.1903480348652915
0.01561197252119214,-0.007540234151914002,-0.0025404978647183118,0.005832243485359817,0.19876852063504177,1.766264735541484,-1.6934881617780744,-1.2113757435387076
0.015585875811735954,-0.00774364875156904,-0.00242645148864688,0.006046964560870573,0.19948565492031417,1.7242361128272843,-1.8431307263452512,-1.1315814356270595
0.015600861899121925,-0.007900967102807842,-0.0022961305090317967,0.006170181116790783,0.197607460418423,1.6532421447618901,-1.9410784089773876,-1.0444554262420291
0.01561699515432108,-0.008042490239709491,-0.0021697381845356706,0.006272175858431774,0.19462285291765943,1.578603601095388,-2.0238335477538363,-0.9572628151180743
0.015735470883512688,-0.008164257445407,-0.0019736857177989502,0.006225229456308415,0.18194823160238174,1.433834547159993,-2.0251924662504908,-0.8454147949739558
0.015772018014077006,-0.008330011718433563,-0.0018045547624792792,0.006301992336828688,0.17778029769699547,1.3214333964804295,-2.0936335667762074,-0.7292012188197515
0.01575658949634345,-0.008474467707872583,-0.0016845694824399132,0.006421823448571311,0.17960349312034962,1.2457942906593422,-2.1784989192889324,-0.6326414969142826
0.015792111671001446,-0.008622181264478737,-0.001521945135475834,0.0064692376131677875,0.17557120169025334,1.130869934710221,-2.2226044017864797,-0.5183710966725351
0.01578848286247188,-0.008763548973501048,-0.0013851965158908975,0.006557455236263901,0.1768216872220568,1.0357366702609472,-2.2861409696739137,-0.40942657382096176
0.01581354133405669,-0.008902296706023194,-0.001230634808633155,0.006596466139953309,0.17458840856858632,0.9234649912196494,-2.31835556529103,-0.29705118291044813
0.01568618424441032,-0.0070376325293805215,-0.0027483628387544403,0.005292951566623656,0.19765404549608198,1.7987987184607717,-1.3460507302433042,-1.3325199023350878
0.01566364588033568,-0.007333151847658379,-0.0026170454440348928,0.005589121664682219,0.19659649183270508,1.7730364259656965,-1.5387594623924177,-1.263347069352698
0.015741749077497782,-0.007218645504560714,-0.0026076175809209867,0.005412315085255488,0.192143663612632,1.73698853184234,-1.442750580838982,-1.264055880890312
0.023842204460749906,0.010929728345346277,1.5586840987993403E-5,-6.793961209926072E-4,0.07074726944537059,-0.04678164271668193,0.5070825641272466,0.07555426008460993
0.024999999999999998,0.01019884633779643,0,0,0.03595615897868403,-5.880831373480805E-5,0.5700667179687857,0.03619862263204653
0.01495082035903572,-0.01196633169717008,0.002840413105568149,0.007156089305619314,0.2725927116642603,-1.9063090342949758,-1.804243942538237,2.88045474245844
0.014994008986424176,-0.011903887462691208,0.0027297790186546233,0.0071654273322274585,0.2698707588008517,-1.8436168489732607,-1.8579654117770728,2.8038521344224603
0.014988503924553224,-0.0119390646554383,0.0027712297172107297,0.0071345059445226,0.26753104782056014,-1.863296450687534,-1.8235292315568858,2.8185774936241197
0.015013072187173376,-0.011785173789389754,0.002585428665929479,0.007264855084580169,0.27424029698276137,-1.7715593733454795,-1.972718465730279,2.747136448065177
0.015006554536804242,-0.011822167987575849,0.0026316568667475045,0.0072354054304805794,0.27267507522722884,-1.7951864062038745,-1.9375082146010567,2.7665904132090984
0.015019854441458164,-0.011853564277673628,0.0026503725459964965,0.0071831256392986065,0.2684058876893118,-1.7994424912130247,-1.9016187494268026,2.754183857911459
0.015022554149732012,-0.011887136171244065,0.002681967289095423,0.007143539052260351,0.2652977237068838,-1.812648254789195,-1.8671598558389058,2.757704355995987
0.015066014615873693,-0.011714668613973375,0.002455128583676531,0.007259045174935184,0.2689817586703423,-1.6918132983109986,-2.0232878133861614,2.6464871109993804
0.015090167633902024,-0.011678862275957854,0.0023921444099200416,0.00725842698953848,0.2665577391084484,-1.653182838022438,-2.04824492068469,2.5990540132567976
0.01511340804788808,-0.011645582107418593,0.0023330690144275565,0.007255717637921328,0.2644146617340471,-1.6163620456340377,-2.070093768771891,2.553355660346011
0.01505115839488245,-0.011762879440811435,0.0025222616586710414,0.007232394745873753,0.26875323180988103,-1.7292713643123034,-1.981590206446052,2.6834964025307784
0.015470663932920348,-0.010816575174216907,0.0010841259176198757,0.007269141748343969,0.22886918115551944,-0.7879560696208067,-2.475697733938253,1.6113943820467271
0.015504534073678595,-0.010743340796355045,9.777308067139953E-4,0.00724488787056002,0.22415415990396964,-0.7114611695048054,-2.487715372486073,1.5205249254151825
0.01556039796201122,-0.010681784067674093,8.796839895249637E-4,0.00717766515082196,0.21670373190775027,-0.6388139738561106,-2.472676710857852,1.4201477926703545
0.015386672376273428,-0.011071366388709643,0.0014448877555367898,0.007272908040733096,0.23894653508827787,-1.0386508889442576,-2.3814075530720844,1.8885593975689645
0.01538237928862321,-0.011114284021471412,0.0014999370108385688,0.007253900979548059,0.23832376066761674,-1.074744462208374,-2.3550246755657245,1.9224059026006926
0.015415655036920639,-0.011036281888866406,0.0013850475946516339,0.0072469107550224765,0.234767366963724,-0.9959978063184524,-2.3842235002662204,1.8321044854980089
0.015448268582457632,-0.010988713182093076,0.001308849178151364,0.007221055736399323,0.2303263187917943,-0.9420838423359829,-2.3909987161453246,1.7634473087439961
0.015481088451805855,-0.010934976391480193,0.001226150318865868,0.007196499621646121,0.22600810710770872,-0.8834156597708279,-2.399554159380106,1.6905900348716332
0.01551379010815015,-0.010875258876061875,0.0011373888254270802,0.007173106723200889,0.22199308896724865,-0.8203021819184045,-2.409516529768428,1.6138619065004527
0.015135625795360614,-0.01160563700505663,0.00226780092437899,0.007259733669935062,0.2622149077631673,-1.5761681027882126,-2.0975537600256224,2.5062370787279975
0.015154189887925305,-0.011505092052192498,0.002136263125765731,0.007321635024977257,0.2641463887211399,-1.4998701558598582,-2.180620669111772,2.4364761601968437
0.015149460532355174,-0.011562311361997018,0.002206269286841482,0.007278243096887959,0.26228573978909014,-1.5395477069594898,-2.1310362411903943,2.468708461608473
0.01521097384423227,-0.01149142588146255,0.002071843259693347,0.007246476892352276,0.25489760268217493,-1.4508963122086946,-2.163440688061758,2.3523175611626255
0.015216318137915921,-0.011438226328968707,0.002005918854084175,0.0072824216879341114,0.2561467878247608,-1.4121936210057566,-2.2065412680794165,2.3192550150015276
0.015244141564561546,-0.011391634934058176,0.0019290633908357615,0.007276798696159603,0.25314819876077527,-1.3618655035629457,-2.230374058611957,2.2585564181838227
0.015236634907005862,-0.01129194087846595,0.0018154396446641591,0.007365020693111657,0.2578047913038564,-1.2951008179315575,-2.3170271609989803,2.2119382599213595
0.015261104772689667,-0.011352644269235643,0.0018699437290838645,0.0072806925689546205,0.2516960149824531,-1.32365933558162,-2.252770215769356,2.215599258301411
0.015297305848719793,-0.011256218020528072,0.0017280575374134875,0.007294874217738592,0.24893202050319854,-1.2311222734690297,-2.3072835290669396,2.1138856720558152
0.015339847336391025,-0.011216798025377795,0.0016512434943395896,0.007255100767452202,0.24278284050697033,-1.176945502418844,-2.3096849802735417,2.0380888210565646
0.0153775502590605,-0.011169151542367108,0.0015692675776174847,0.00722712682533702,0.23771813618533957,-1.1197441810540683,-2.3196620548118703,1.9637818133567893
0.014660245005002114,-0.01243510294754028,0.003621767955137262,0.006933572093209057,0.2796273062340751,-2.2853317945245375,-1.3056940204100413,3.319448677587348
0.014681020243199042,-0.012403901002989536,0.0035691390154077548,0.006952451254385974,0.27945505832675493,-2.262991487817128,-1.3432020642280844,3.293383980535098
0.014713838962705145,-0.012379187308753965,0.003505087223975975,0.006947354297315931,0.2763467118836705,-2.2298291209268437,-1.3741264885789237,3.245613480830906
0.014738641034370276,-0.012353069699022431,0.0034510540438666523,0.006952814838424491,0.27487396996629704,-2.2034805616866553,-1.4048473438617004,3.210755244059012
0.014762098528951648,-0.012297274041298212,0.0033744451358394306,0.006998088048005742,0.2766075235494984,-2.172616179843787,-1.4670256278380494,3.1817860556117057
0.014759343070790524,-0.012331774737117933,0.0034064404347427363,0.006956110474502614,0.27329358903605605,-2.181195158354763,-1.429371390839346,3.1810793203269734
0.014811499215796187,-0.012237154303958046,0.0032596761562722564,0.007014279969754017,0.273787820485167,-2.1151895787953983,-1.5328330142217972,3.1089810088497454
0.014794499687176277,-0.01227561244109807,0.0033142014378824175,0.006986261541649525,0.2730169295034482,-2.138900150041684,-1.4913806877465456,3.1324495419207605
0.014846934654703537,-0.012218029865346421,0.0031985112858690418,0.006993733989011692,0.26967106098667143,-2.0788833863968423,-1.5522680848691839,3.054083263182366
0.014878136688922315,-0.012178168490130146,0.003125066358354157,0.007003297833407991,0.2677614783774111,-2.0409560498094126,-1.5926425240671547,3.0066608734382343
0.014928538814236489,-0.012048001239216559,0.002945322280453173,0.007092666513166236,0.2701799247560884,-1.956383654913554,-1.7232473558229524,2.924105200021018
0.014903576786877395,-0.012137289469775844,0.003057701141363917,0.007020034043490724,0.26701601273142944,-2.0070725430476255,-1.6332563238624844,2.967257322450419
0.014922486812867397,-0.012094243717190914,0.002995846026815019,0.00704652205188819,0.2671218967372784,-1.97731308449167,-1.6758996689223327,2.9366351661964907
0.014968003444323953,-0.012018351382575676,0.002871652599225048,0.007073737088604106,0.2655635195295949,-1.9118794221306576,-1.7469085531116837,2.8608383387026914
0.014639073562085698,-0.012552059632180385,0.0037356838709401807,0.006793382198333809,0.2699750219007209,-2.311145185357286,-1.1739644629064323,3.317717883252622
0.01467740229981014,-0.012469115712661523,0.0036233222334288756,0.006866715413463567,0.2728889534455838,-2.2724559178412096,-1.2710866882948257,3.282418806724547
0.014669329870168816,-0.012524442296205736,0.0036741812763261424,0.00679897184772038,0.267888971016875,-2.2830602902165276,-1.209924802727781,3.2790354632521637
0.014684904039570632,-0.012499171529758765,0.003634720823061334,0.006816741404618613,0.2682979689025684,-2.2677473562154558,-1.2398511356046444,3.262050654371251
0.014661275313197835,-0.012599087574720065,0.003735848375279125,0.006703436534865741,0.2611424782804144,-2.291790545344579,-1.1292526535310736,3.2667211551584816
0.013831136769197547,-0.013473986500273436,0.005362596218795371,0.005914063249156536,0.25385509150446933,-2.649264937890379,0.24331334901879711,3.7615860530612415
0.013856104814189016,-0.013456982097636891,0.005319562490664355,0.005933917402952513,0.253632445008431,-2.6457336577969546,0.2050964674536889,3.751940354151589
0.013878021671921934,-0.013436629399756364,0.005281711988763867,0.005960288433861291,0.25417956137647574,-2.6454894030971174,0.16784353233087826,3.749369930394199
0.013891548669425208,-0.013411317906612333,0.005258052477044987,0.0059984943261107634,0.256841631925338,-2.6527229929507006,0.13544403045935507,3.7624234295077525
0.014594209073677318,-0.012627530248819472,0.0038495245911133557,0.006733426249171692,0.268563976897126,-2.351060370507508,-1.0818124119872863,3.3601788389059797
0.014583934984233556,-0.012665228326986706,0.003887913040513649,0.006689498568038905,0.2655625998860404,-2.358568592901864,-1.038854787510836,3.3603964111321063
0.014640170387693045,-0.012632985214263925,0.003787328933277053,0.006677835951244301,0.2605506528714549,-2.3101759467852396,-1.0885420746012302,3.2868112712116555
0.014514639420263502,-0.012751916611790712,0.004040469666407875,0.006630783062781748,0.2657252230777117,-2.4125275383383693,-0.9236550588495179,3.427039704554646
0.014574839122861475,-0.012693738623153298,0.003918320951422728,0.006657277022898352,0.2635138133588206,-2.3648765467757507,-1.0060010199761449,3.361934969687408
0.01455990636394749,-0.012717868095932179,0.003954269364374322,0.00663689120790258,0.26289815956117596,-2.3761314900911805,-0.9758503135323536,3.3738665830776067
0.014537472404311316,-0.012737312136414594,0.0039983855931674354,0.006630297027455546,0.2639986084914678,-2.3940042051863393,-0.9475957107158326,3.3990447962279853
0.014504449077322895,-0.012778466252753655,0.004070217905101932,0.0066008741888121366,0.2640543276292475,-2.418168627803866,-0.8920173933030014,3.428825384367842
0.014485280252082178,-0.012811446104741333,0.0041164012190453994,0.006569302632621145,0.26255312766939826,-2.4300957524403812,-0.8501596738555594,3.440194787302911
0.014456920896619143,-0.01283910840272924,0.004173341037707352,0.006553436971045798,0.2635168343825711,-2.4499980924380584,-0.809331322578997,3.4675497869613916
0.01392167049287613,-0.013403176258642433,0.005205626039365806,0.005999031701160604,0.2543401691700046,-2.6390515690914995,0.09915390999573072,3.7338425365275785
0.013950780601933308,-0.01338821298341426,0.005154923872355866,0.006011185636744197,0.25315057572565397,-2.629485235856237,0.05941287796109785,3.7138856821880935
0.013977775012555144,-0.013369141230514893,0.005107607888394253,0.006030699894485171,0.25275879429161874,-2.62294528107074,0.01899960647589242,3.7005019042160128
0.014002927310726809,-0.013345115837434881,0.005062840016501106,0.0060588886968227194,0.25337886675681603,-2.6196271979945895,-0.02329857995388118,3.6940572809672614
0.014026633993410392,-0.013312646758128283,0.005019185560946428,0.00610146767735057,0.2554858499498647,-2.6209451795950436,-0.07095700852209981,3.6974624051278506
0.014058363281608761,-0.013290816361496226,0.004962705847325495,0.006120791395697636,0.25462572803354266,-2.6103465932568777,-0.11686063321385483,3.677909821083643
0.014084016071827181,-0.013271011522026241,0.004916637945622858,0.006139323262401397,0.2543778062553212,-2.6021316673956503,-0.15543831532105715,3.663418985198484
0.014110846879249435,-0.013251069726682973,0.0048684552013040705,0.006156706034951634,0.25391355269266364,-2.5925593682421852,-0.19477746822652106,3.6467820611066952
0.014330216758500915,-0.012960462279503296,0.0044254048973232304,0.00647426394083332,0.26591590188985853,-2.5302180225456286,-0.6203932174432661,3.5797700465706237
0.014365327908355893,-0.012960872719319144,0.004370126851575362,0.006444677619691837,0.2607671385903026,-2.5008341945151535,-0.6402117591033699,3.5268807036916408
0.01432030422234746,-0.013003161984671633,0.004457832109341823,0.00641436233014757,0.26130739106222206,-2.526148647488766,-0.5724636257781283,3.5629107534451103
0.014297786134645964,-0.01305773848273121,0.004513200238826357,0.006344909394420907,0.256945759203004,-2.527393603846245,-0.5060333664780544,3.554083703694637
0.014322026159076719,-0.013045954085034788,0.004470640162538792,0.006345142174831185,0.25522549848031956,-2.5117704726049683,-0.5324908400964999,3.528216138114718
0.014137509085640083,-0.013227066814494858,0.004819648631668013,0.006180218729159514,0.2540693108928819,-2.5843040128114576,-0.23699853597025533,3.6334720109059115
0.014187048718128814,-0.013173472231062086,0.0047261165458674795,0.006236568410147171,0.25550591932073957,-2.570697563505561,-0.3225040975592783,3.6144169256617746
0.014163928901435877,-0.013200633899153574,0.004770444469654766,0.006207100546305505,0.2544727191158285,-2.5765196712037213,-0.28084983099121114,3.6218219961195364
0.014225681871906596,-0.013179033264169799,0.004664649698309716,0.006201682657545068,0.2497224263231063,-2.5394081492913965,-0.34610494980686995,3.555959234110667
0.014244676680955507,-0.013143329647448732,0.004624634343548165,0.006246276708355112,0.252308914471072,-2.5388322952999816,-0.39146305188295066,3.560054094914668
0.014287297464555185,-0.013082947153200965,0.004538252785429401,0.006312533479559418,0.25489303830985893,-2.527343287397834,-0.4756250132310232,3.549257923592492
0.0142707496605605,-0.013112858348686642,0.004573995037843567,0.00627677203082675,0.25297816739668155,-2.529912929038511,-0.43701280456525354,3.5486834461362444
0.014391242593529387,-0.012939567993675898,0.0043207710793793834,0.0064563248130379775,0.25993607823417686,-2.4845931103761925,-0.6755333074766857,3.5028955647330657
0.014424547165722472,-0.01290205987534936,0.004252797253741793,0.006485849457003436,0.2599298465160948,-2.4652809359870713,-0.730111589409115,3.4778044666582426
0.01446207539773668,-0.012881499806896405,0.004185991561317795,0.006484409164312757,0.2571132576722761,-2.437914381246202,-0.7688593889916383,3.4346870544766435
0.013184150267291646,-0.014037572799239798,0.00631532576265456,0.004980228310320364,0.22570758694784307,-2.4111876653641264,1.2876667856745565,3.540646674952715
0.013107032228115817,-0.01409319765160557,0.006411588870153474,0.004866618922668588,0.2230373525177352,-2.362773642038938,1.3977011712000869,3.4935400156539274
0.013106270500523601,-0.014116330841017839,0.006396888964802753,0.004826916200421839,0.21934763096540616,-2.3434333425637814,1.3996203029442118,3.4582090190129384
0.013131819183874524,-0.014088278424403761,0.006372467479732934,0.004881347146388575,0.22170853261950266,-2.36808495093323,1.3634484769014363,3.489420327915988
0.013154805970304535,-0.014074221694747164,0.006342407901259705,0.004910860883624684,0.22210918244769,-2.3804807000422876,1.3311432656900994,3.499688344581759
0.013181449635192619,-0.014064118391912423,0.0063032440091065345,0.004933978163466934,0.22150937502843596,-2.3890969054174036,1.294131330615958,3.501387278959598
0.013264960846672875,-0.013986600092252145,0.006205486914391757,0.005081970545887063,0.22709747871709465,-2.449904079186076,1.1707273820036592,3.5711494875682743
0.013249633046883905,-0.01399924048328029,0.006224912128665368,0.005057893114299382,0.22619303927135379,-2.4405626611513367,1.1935524899242447,3.5614406541540435
0.013235583287720782,-0.014004752507182023,0.006246085653984599,0.00504621050202841,0.22667233555505342,-2.436827693410123,1.2133949659920895,3.561513227612111
0.013205688586869652,-0.01402857183998137,0.006283641069444116,0.004999890954293811,0.22527910772211088,-2.4182725851419957,1.2572722052409337,3.542482958770631
0.013225716859059728,-0.014017370826326975,0.006255747439998858,0.005022752917953962,0.2253285510623774,-2.4268484124343654,1.2286413164981254,3.5480915794121057
0.013319573232875644,-0.013919492556836803,0.006145861997572184,0.00520502074188628,0.23324600733913528,-2.4994189561409974,1.0833059124011122,3.636605941498806
0.013281452388925436,-0.01396874565362641,0.006186687346395054,0.005115082571533745,0.22848475399752502,-2.463194966587982,1.1452493002913966,3.5876754106385813
0.013298027969224751,-0.01395412211040296,0.006165644924559949,0.005142407744535298,0.22949753000776657,-2.47350466830679,1.1200812231485542,3.5988750361870765
0.013318147863867908,-0.013948756968035806,0.006133365611462616,0.005153667284361217,0.2284626087595993,-2.4755565609467554,1.0920612440670825,3.5934383270395998
0.013340712579207154,-0.013909123931671158,0.006113861544353383,0.005224701472094198,0.23295530159504244,-2.5048838399324382,1.0524211229594111,3.6371804796877245
0.013357236595097027,-0.013898584158721982,0.006089914031368847,0.005244128488399527,0.23329884945077337,-2.510839795298869,1.0277327621239887,3.6409373190964245
0.013377656354730719,-0.013893063560243899,0.006056654562433515,0.00525463583136161,0.23223470586876865,-2.511817739773489,0.9992264606875734,3.63404545420715
0.01341264653959732,-0.013870566449155393,0.006005404814355988,0.005294751761578317,0.2327172544558547,-2.5231073553959877,0.9468593212928856,3.6404850412550886
0.013400467245950273,-0.013889996278768088,0.0060181335326576655,0.005260595067048874,0.23050863564075846,-2.510007970925804,0.9686243782979418,3.6214079871868483
0.013435437787115156,-0.013873155538140624,0.0059644512339573795,0.005290199045718389,0.23007522401724384,-2.5161361845257013,0.918398748493976,3.6188483545438914
0.013651954842393038,-0.0136625103064298,0.0056524979676664065,0.0056361985789038374,0.2430182906367957,-2.607928407357645,0.5608742509469763,3.7181243694703037
0.013675627213688422,-0.01364489791096722,0.005614600069612453,0.00566193667604322,0.24337877035028654,-2.6106129337616655,0.5235665160119422,3.7172742047959617
0.013695317668921266,-0.013623380278587144,0.005584124291112628,0.005695007376197845,0.24484346923713599,-2.6172833388755072,0.4887069720244822,3.7250942221691554
0.013720150032035916,-0.01360243625886503,0.005544095126487293,0.005725299655228846,0.24554072208869002,-2.6206404387657685,0.44820607897941056,3.7259330023432153
0.01374845993010409,-0.013587413836539606,0.005496784034908109,0.005743622692141692,0.244758328763601,-2.617539520181019,0.40741015370350425,3.7144329566140146
0.01377350143275611,-0.013532708323555047,0.005459462275286938,0.00583168337571202,0.250891155683641,-2.6419960657225197,0.34525769905819154,3.7560728776747547
0.013775514179159183,-0.013570617118706241,0.005451791041364792,0.005764742397973748,0.24449196778846427,-2.615592831982271,0.36722361098543166,3.7058285613261064
0.01383518227282989,-0.013505589368552279,0.005353890621545891,0.005857439497849282,0.24809136124752929,-2.6268131809062116,0.2609077175946452,3.7180375580651064
0.013807582265878646,-0.013521892287445157,0.0054007656404456575,0.005839011411200332,0.24870867766986046,-2.6312385596025956,0.3011253371101746,3.730258328644324
0.013518177063905915,-0.013790290418964922,0.0058515515071390625,0.005431334541082393,0.23566934520849744,-2.5596019004428423,0.7836392989599972,3.6686517483405225
0.013452581532948255,-0.013829327735569852,0.005952383452748692,0.00536662694520983,0.23566915317746687,-2.5468826156494018,0.8814532250274284,3.6686270802687546
0.013494741880466714,-0.013797745685208333,0.0058901156336178045,0.005420048097175249,0.2368312364853433,-2.560598067322976,0.815928728363656,3.6784872628335807
0.013474289370237253,-0.0138151993151687,0.005919657014572322,0.005390566690680246,0.2359310516463052,-2.5524911422734315,0.8485422713294476,3.670909663611902
0.013639078402646658,-0.013691193076212596,0.005668495617738891,0.005588437451914407,0.23973109883518504,-2.5922238556411172,0.5910938996602156,3.6923825943017223
0.013663478880057848,-0.013689937085288408,0.005626190224392754,0.0055858269845334005,0.23728242568370464,-2.5833842034173338,0.56188829409829,3.6698030840692484
0.013625392374601851,-0.013713239530555386,0.005686962760034056,0.005552360894538828,0.23739768891547539,-2.5814024537792934,0.6183751416903839,3.6760806507869526
0.013605763803584352,-0.013731143289544877,0.005716489083397725,0.0055243243264467765,0.23662767687036593,-2.5754777818526553,0.6504442620928931,3.670630172408392
0.013560812478452243,-0.013757786063304665,0.005787388188257234,0.005483930422417682,0.23678259793289438,-2.571080932944103,0.7170718434494573,3.67590032920234
0.013583880740635672,-0.01374679917472645,0.005750299591757309,0.005500169853455947,0.2361350661551236,-2.571567668823477,0.6840608792798734,3.669794397306396
0.01355672353917467,-0.013782749529350722,0.005786671603519589,0.005440774512956634,0.2330737701014398,-2.5535276324400153,0.7330146026455409,3.645018512865541
0.013542707952078589,-0.013800477760743265,0.005805232640502812,0.005411339870496687,0.23165864209730955,-2.54442118467437,0.7575207711956667,3.6328096327300217
0.013455899393567328,-0.013859004768711516,0.005934654960132898,0.005314539181682485,0.23052944194824398,-2.5226425083805943,0.88764797475194,3.623020484612985
0.012809666840380795,-0.01426573970837108,0.006774850520594565,0.0044621219320122125,0.21866207169291677,-2.1633809764599676,1.798204318386795,3.315964837817762
0.012798854951537384,-0.014276110030871841,0.006783139945643077,0.004439582212770952,0.21775770914261625,-2.151451317168877,1.8110188583025126,3.3012796895841743
0.01282567104419633,-0.014263683296261445,0.006750269787221835,0.004473388493893057,0.21773544375343537,-2.1700275154879005,1.7760994048752508,3.3164389213973737
0.012846730171675596,-0.014259231890956079,0.006719458353255104,0.004490818058112719,0.21686531162283362,-2.1798783759931566,1.7474832206630264,3.319507337308888
0.012870638706647154,-0.014250113325625043,0.006687942827462142,0.004516948289956621,0.21644309464400657,-2.1939315061690574,1.7158263767519182,3.32887099711358
0.012508317446642709,-0.014408115402022637,0.0071148518240285565,0.004048410432350298,0.21837281833272965,-1.9173250785516138,2.1703948289322113,3.096611023897221
0.01249815201234404,-0.014421194279242062,0.0071158585191798485,0.0040206241106403315,0.21688230496313807,-1.901718903032892,2.178096354954283,3.0748030356001514
0.012412963629761721,-0.014466576225694479,0.007193846010699467,0.0038861873079746737,0.21582184239552762,-1.8167347149573432,2.2704424161156918,2.9893027532935266
0.012433413466511273,-0.014466133819856165,0.007163294234561776,0.003902837043105092,0.21427599027210742,-1.829985507648562,2.24314983688001,2.994328729934805
0.012450221633068161,-0.014461718746335835,0.0071428925245588136,0.003922467382713848,0.21373753951278643,-1.8435455104539493,2.2228465768383145,3.0043851873008633
0.01246617338023351,-0.01445550889298577,0.00712576064551343,0.003944018405432569,0.21356008201808518,-1.8576858827957354,2.2045400843711955,3.0167901474636163
0.01248102439894983,-0.014447942201529009,0.007111727450017146,0.00396669219627037,0.21369926159363403,-1.8720012872656444,2.188281842308388,3.030880640981467
0.012495792023007012,-0.014441082931305287,0.007096853175444056,0.003988102169657139,0.21373406710113993,-1.8856241357074166,2.171629392082469,3.043697700983225
0.012784947578061485,-0.01428576659761515,0.006797023138546187,0.004416583851807277,0.21724652044650505,-2.1389895652015087,1.8282036520763985,3.288059519860336
0.012725389761486981,-0.01429822155151518,0.006882789774925972,0.004364053037348793,0.219814094351603,-2.1072914222437302,1.9087825436230508,3.2750554890173795
0.01274582935046896,-0.014295825194354218,0.006851626677697751,0.004379291266661467,0.21860175426916648,-2.116976632334962,1.8805832273878804,3.276880202989918
0.012765647431053177,-0.014292098027666594,0.006822714418094507,0.004396075865571599,0.21767547415748642,-2.1271833392734014,1.853687455027577,3.2805613771174262
0.012720653230922552,-0.014315733876159864,0.0068733488587477765,0.004332797121125241,0.21723555921404272,-2.0913427849973005,1.9101765070099155,3.2476124345311193
0.012703045987539763,-0.014319800783149319,0.006897951290977548,0.00431611491195459,0.21795927728351863,-2.0810411183233164,1.9336631321815323,3.2423796939013187
0.012688113369582331,-0.014326941423732286,0.006915038509870968,0.004295808641598164,0.21793973160315858,-2.0691719788878338,1.952337340434698,3.231876836178579
0.012524164261036771,-0.014403207249111979,0.007095546548590273,0.004067451317715681,0.21790243498022696,-1.9299347876473905,2.1507849835415023,3.1061942774608053
0.012673641343194049,-0.0143358854570043,0.006929408082459587,0.004272726240468095,0.21756851305878813,-2.0559156849765188,1.96962553581366,3.218299846593123
0.012657410004159368,-0.014344137415833891,0.00694714499184631,0.004249573715698697,0.21746199902913085,-2.0422850748819137,1.989467347518999,3.205654333009956
0.012638409716104785,-0.014352869185828628,0.006968648679148642,0.004223763025079216,0.2175093510224588,-2.0268173838653247,2.012856975382253,3.1920020214128537
0.012620161624183834,-0.014365910205717978,0.006984177244457959,0.0041913371286660785,0.21675360658121398,-2.008077961712192,2.0333343380009516,3.1712356992559108
0.012544585815151162,-0.014403552088466713,0.0070631133537319415,0.004081266738909489,0.21623585858077207,-1.9408372411680734,2.1224277812453356,3.10779892974298
0.012605407114308687,-0.014374625314276815,0.006998445849037392,0.004167925723360509,0.21641040168661227,-1.9941800647605314,2.0504589927369032,3.1570973015347565
0.012561587382880657,-0.014398305549895045,0.007042177265602964,0.00410123243441174,0.215819583592301,-1.9538355510928407,2.101284605779556,3.1174746325272316
0.012591614817909741,-0.014383379217892142,0.007010969418278776,0.004144981864490429,0.21599423491178268,-1.9806134417514851,2.066057505495326,3.142770957112761
0.01257706392845294,-0.014391354842342817,0.007025365456832265,0.004122672309418734,0.2157980710509926,-1.9671437339722624,2.082881561329448,3.1294524686120475
0.012113074434586953,-0.014616175208089444,0.007435144395017788,0.003403349980030606,0.2134604781493634,-1.4944657197498474,2.558653885805135,2.660822357957842
0.012133473243296089,-0.014616379023353115,0.007406863300716326,0.0034229554853133126,0.21183369070876437,-1.5115553638846064,2.5334808837106433,2.6703223370595306
0.012150427790458414,-0.01461169972248568,0.0073898555846544514,0.0034457196773037906,0.21134246873732085,-1.528380193422208,2.5161021491770623,2.6848226679558618
0.01216729580480821,-0.014605564697669016,0.007374762482273316,0.003470268904633828,0.21111514664988482,-1.5458527026231241,2.499725701140203,2.7011477685902103
0.012210880284093222,-0.014563634707938028,0.007369321639175376,0.0035700110561517158,0.21497163468270145,-1.6065051425698111,2.4749274887790453,2.780164474628252
0.012198183751446299,-0.014575356331847509,0.007371818175561763,0.003541597312978228,0.21385388208958106,-1.589129139445857,2.482781009104908,2.75786543096748
0.012187162756580227,-0.014596247332322839,0.007359534443274287,0.0035019296039507718,0.21119990564898752,-1.5674986463694276,2.481751993184465,2.7231019381596444
0.012227863385149022,-0.014560172432850679,0.007349627334003419,0.003590530322613823,0.21417426834029737,-1.6219956649456562,2.4556406387048475,2.791978418678593
0.012266750882310655,-0.01455840915164277,0.007296136858025166,0.003627967946975036,0.21153934411343434,-1.6526806564633991,2.4070616786295678,2.809098544307018
0.012248522040969802,-0.01456218324349875,0.0073174281696168466,0.0036063225720320466,0.21224149631990838,-1.636581970034323,2.4278521396343318,2.7969388684798613
0.012283386740207344,-0.014553871498093422,0.007277972144310685,0.0036491145769259165,0.2110098187267311,-1.6679228396208818,2.3886569321096562,2.821590487311285
0.012396973116043507,-0.014494183132415142,0.007184840842209549,0.003831860336166801,0.21237020952321975,-1.7868474897779814,2.276423422270216,2.9436062008114248
0.012383243417511429,-0.01450183345317841,0.007196119050234006,0.003809404750657334,0.2121221186209388,-1.7725234534339516,2.2902563317906126,2.928709893205649
0.012369130121728286,-0.014509594746513907,0.007207673328521327,0.0037863970993823703,0.21191475022589348,-1.757769270026732,2.304381869271588,2.9134055266009207
0.012306323750846409,-0.014533705185996592,0.007270233779408054,0.003698259891420748,0.21263449753086736,-1.6978406010191043,2.3719236925193794,2.8589839280643137
0.012301143344484207,-0.014550723224655946,0.007256289434160027,0.0036690540954593047,0.2102069214659444,-1.6828847078596436,2.367804467236749,2.8321985617846086
0.012354617950809076,-0.014517320737261585,0.007219696054508346,0.0037630315421780408,0.21170804436259424,-1.7426673595720918,2.3188940543763086,2.897895506981481
0.012339460918914668,-0.014524269523644247,0.0072334605760900625,0.00374018369862274,0.21170213342032626,-1.727539061837166,2.3345582891229264,2.883200019618983
0.012323490951221601,-0.014530336349632092,0.007249352803353786,0.0037178324921831193,0.21188614403441666,-1.7122983559147757,2.351678783629428,2.8693847883515677
0.012411772191228286,-0.01448809755523943,0.007169927215555869,0.003852727573761302,0.21226426194495973,-1.8006734173774797,2.260125224196162,2.9562493644429577
0.012409169792329686,-0.014504135377887795,0.00715467206353103,0.003826656581584229,0.20991073642264713,-1.7877849114753885,2.2546482632115836,2.9315646728869598
0.01297206934432798,-0.01419361274135885,0.0065660081866813075,0.004653132652686984,0.21760289593824989,-2.263010820791999,1.5821796725152437,3.3899980710833995
0.013044813109388079,-0.01414038700741573,0.0064840808212066605,0.004768088543496095,0.220498226893268,-2.3179551154408085,1.484214827069091,3.4469868047834367
0.01299574604074123,-0.014186513256323459,0.0065318792532336285,0.004673706699232131,0.2168477776208373,-2.2728685911091433,1.5500050848385143,3.393258308001595
0.013018116085810326,-0.014173688160968173,0.00650419200202284,0.004703050229709078,0.21711391965881946,-2.2868343475990787,1.5199660213314468,3.405327646740012
0.01304193855644997,-0.014166422090324746,0.0064696014584088675,0.004723165662284968,0.2163445210201864,-2.2959336155151084,1.4876263956715376,3.4077511277886345
0.013068770948339407,-0.014129950715333626,0.00645099550926981,0.004793151718212644,0.22012915779838196,-2.3291555474557453,1.4512156215530807,3.4534365733691597
0.013095797441508497,-0.014133639653991607,0.006402539119539187,0.004794692593836212,0.21732427678649344,-2.328349892443796,1.4142983407783891,3.4362515746683076
0.01289708491098195,-0.014246647359664983,0.006647159992416808,0.004534417316558407,0.2148911910266362,-2.2034546330267664,1.6797154673535826,3.328225630637895
0.012969496140629942,-0.014219326933449234,0.006549738566596133,0.004609230999539099,0.21363028161822428,-2.241295023221238,1.5835032042434831,3.3509550098317322
0.01294237391764673,-0.01422473815004275,0.006590416592037732,0.004589647618322974,0.21490162633988547,-2.2315943352615117,1.6201184900680605,3.3504740855453035
0.012919990960280401,-0.01424039227435528,0.00661455015218716,0.004554526366985084,0.21408427676274625,-2.2139390136179617,1.6489768035554455,3.3322693451930863
0.011951736513478507,-0.014692279747053947,0.007540924876792038,0.003136488921665108,0.21272356476099682,-1.308196224984339,2.6876533041679926,2.4670756631337007
0.011970258646131104,-0.01469119647056217,0.007518743331267091,0.0031576505440826974,0.21152338117464373,-1.326211691567033,2.6673715047837265,2.479804522318425
0.011988306570442817,-0.01468786798766916,0.0075002878448977295,0.0031809967512384375,0.2107435640290086,-1.3446688512171814,2.6494264974027684,2.49497352733102
0.012037092718644482,-0.014668639338470874,0.007464048666243755,0.003256652596939243,0.21033440815245205,-1.3989589048467004,2.608498604308204,2.5485951193695318
0.01202198601043522,-0.014675803483183108,0.007473734684263129,0.0032317349840323664,0.21025748825687715,-1.3816241093698276,2.620356756152079,2.5305131327741677
0.012005634718436483,-0.014682563659208517,0.0074854320027281165,0.0032059838181185333,0.21034436874214482,-1.3632840484120956,2.63381229673536,2.5121374055199515
0.012092880955058628,-0.014640686762750002,0.007428755229682387,0.0033500925826142653,0.21080924895394484,-1.4631609270192245,2.5643053692135136,2.6164167088680403
0.012075405977703806,-0.014643681056875791,0.007448125771430356,0.003328648150777602,0.21161612994653603,-1.4463634941564694,2.58296463805444,2.6033279335364523
0.012052425236874468,-0.014663265118806173,0.007451360647494667,0.0032793572662659282,0.2100809720755826,-1.4154665723197228,2.5947413990016437,2.5642424892438878
0.012069945414043133,-0.014660997588507385,0.007431263258957634,0.003300018428634508,0.2091452998878686,-1.4320915289047809,2.5757656642207833,2.57664602677623
0.012109635707256232,-0.014636753542560265,0.0074115127411216244,0.003371921874410384,0.21021894422894505,-1.4797211003136495,2.547077135912513,2.630248915093936
0.01210571708351709,-0.014652706905288564,0.007394882107773783,0.0033465402180527367,0.20794017243256632,-1.4674197783909018,2.5395318656287085,2.606264181229951
0.011774031101108065,-0.014736256900664988,0.007694470598797665,0.002882007844311608,0.21880981867332724,-1.1100383986086946,2.8431925276578003,2.28874819721266
0.011788102046568188,-0.014729874061608713,0.00768753141857464,0.0029061674543602854,0.21887195516617944,-1.1274174876729857,2.834400546495529,2.307258225799313
0.011864223555699927,-0.014722747342297527,0.007605662355287606,0.003002088368866796,0.2141697212046938,-1.2086225489112727,2.758540825046993,2.370406076078922
0.01184599120187498,-0.01472859874574254,0.007619214495537436,0.00297434427694144,0.21456185997368363,-1.1877280800338264,2.77308159758705,2.3503662666530434
0.01182952485992799,-0.014733204083399981,0.007632292736805762,0.002950004996753027,0.21501981021982394,-1.1690351588343748,2.7866554349627646,2.332971981355565
0.011813751757592889,-0.014736315080969124,0.007646649760489235,0.0029281557472627877,0.21569316466399455,-1.1515579343849234,2.800719260235463,2.3178033959424673
0.011800591019139058,-0.014737920401075959,0.007660049050740106,0.0029110241260214133,0.2164426543555039,-1.1372674964539102,2.8132926716625524,2.306259956950642
0.011943837994573528,-0.014710468929622513,0.007524376856587543,0.003104859855671865,0.2103207254533778,-1.2918935641907972,2.6808349992082565,2.438175612395131
0.011912532742813087,-0.014714379042435735,0.007558072400356038,0.0030660159029708817,0.21194352141691966,-1.2600095222706622,2.7126083993347403,2.4132777967584436
0.011930562399752804,-0.014724834244628844,0.007520066392931978,0.0030724822582765235,0.20881766253260733,-1.2724689193264165,2.6832382945416136,2.411179753356039
0.011883514620878773,-0.014726188764538198,0.007576653520287497,0.0030193533307444026,0.21213789023298377,-1.226240753520434,2.7342059954894293,2.378959191007375
0.011899519944222222,-0.014727084686679607,0.007555473449248611,0.0030358982162792653,0.2106852951181843,-1.241523979241004,2.715742449187996,2.3883775336931485
0.011874307950404185,-0.014739165418204442,0.007568588122071845,0.0029931468651737793,0.2105535126294292,-1.2113954002810958,2.7325478177073754,2.356185658243036
0.011772220590690444,-0.014751339002094846,0.007673139038739845,0.002861940946289864,0.21628041697622216,-1.1022372184675495,2.8304455474421673,2.2685076222492544
0.011759859390000375,-0.014762112406590411,0.00767094601290045,0.002834722156218626,0.2152602261625076,-1.0850571555569812,2.8329008504094686,2.245873905487222
0.011681860625546556,-0.014789628755713704,0.007717348667033971,0.0027098144677572393,0.21639014316037816,-0.9913788069138976,2.8848661495489694,2.1517899342234834
0.01170003774890328,-0.014783470483210735,0.007706538892859419,0.0027387843313925555,0.21608532146307513,-1.0132766826006383,2.872909854667632,2.173655058663632
0.011754225189590649,-0.014780974609714632,0.007648160506813995,0.002806090174005874,0.21239175986537265,-1.0720050712627007,2.8204124836532833,2.2185458335635704
0.011738281141610199,-0.014784597648434265,0.0076609525432268085,0.0027831344239142544,0.2129404628412432,-1.053838360455412,2.8331739682397488,2.2020403822337378
0.011720654325824698,-0.014786778445947502,0.00767777774189958,0.0027597159754083507,0.21387621263520615,-1.0343155125996246,2.848875426609062,2.1858475776596507
0.011677989242658643,-0.014808335642163037,0.00769192356147303,0.0026841377253252023,0.21330155747777488,-0.9809358574869806,2.869824921340699,2.1265363505744728
0.01166119203486633,-0.014813124858149253,0.007702957545898671,0.002658435513275568,0.2137132670189618,-0.9610815526452727,2.8813722579875667,2.1073875412009646
0.01113507512498213,-0.014929382510966963,0.008006541956552517,0.0018436065893770604,0.23148168623827847,-0.30668174570944323,3.178194094993025,1.4806506631486587
0.011166776165392854,-0.014922135992994981,0.007994184709553523,0.001894955469222666,0.23064300818960523,-0.3477274714770608,3.166350915662058,1.5215243318080025
0.011151273132930918,-0.014926550354709744,0.00799875236300551,0.001869168270405849,0.2308711048862677,-0.3276980772003572,3.171171241334187,1.5008221167206253
0.011197591625377574,-0.014914326370096292,0.007982836201422235,0.001945327092861252,0.22990192152700215,-0.38753576988384636,3.155033044120376,1.5616898034643147
0.011182221501707069,-0.01491831836052176,0.007988411034547326,0.0019201412777641589,0.23022998682831042,-0.36770364389083926,3.160648409936225,1.5416128782462215
0.011213106148631179,-0.014910241355759293,0.007977127933014437,0.0019707574611598495,0.22951020450174733,-0.40756181530292585,3.1492384812052805,1.5819707024395762
0.011227727327445819,-0.014905644275448913,0.007972911841020856,0.0019953271583461577,0.229355746718905,-0.4264125908971645,3.1445103344024026,1.601692620908885
0.011239408787685585,-0.01491548634252215,0.007945492663432906,0.0020033468638656128,0.22654120017873983,-0.4409685113261121,3.1244516923116072,1.6049528924813443
0.01129960209880652,-0.014903638228730993,0.00791372315042667,0.0020972888356985703,0.22430659447609794,-0.5173968047077878,3.0945059986998884,1.678242115822911
0.011283617367593854,-0.01490415413307771,0.007927010917188487,0.002074762767953684,0.22547420869655782,-0.497363056039533,3.1058077152546253,1.6614098292182953
0.011269301267842929,-0.014911635581537137,0.007926460224463383,0.0020483463831787695,0.2250076514306307,-0.47889124746140155,3.107524745665233,1.6396076820010925
0.011253641143381302,-0.014914464370054994,0.007935073169916632,0.002024109144625275,0.225659451749461,-0.45901911867516754,3.115507805920137,1.6207510250995796
0.01089110404458677,-0.014964479342934572,0.008115564258795623,0.00145669332133839,0.2414305925405639,0.015507147649145889,3.269885883970765,1.1729521121682975
0.010875052505029325,-0.0149673320151369,0.008120241006230064,0.0014304576124267462,0.2419335045380209,0.036799687164579535,3.2736418845617123,1.1517803988778657
0.010937415042346155,-0.01495473350810543,0.008103844360802116,0.0015331990020391558,0.2403286384130681,-0.045638751262254244,3.259898647061867,1.2349136515420014
0.010922232885965987,-0.014957847376330003,0.008108016029743184,0.001508194122390282,0.24071292041880507,-0.025570438644914827,3.263463412827107,1.21469442368034
0.010906858889470905,-0.014961198027190724,0.008111693943206598,0.0014827211125345826,0.2410568290718429,-0.005292770685152826,3.266632550025839,1.1940396722381739
0.010947834230548409,-0.014967435181265578,0.008073242123921688,0.0015404273966044474,0.23703679913005696,-0.062144415533547236,3.23824870172225,1.2379574551655486
0.01101066316467743,-0.0149586695922762,0.008046337041181982,0.0016399499386173415,0.23449528836633426,-0.144966759670315,3.2160473739316937,1.3172012101180905
0.01096307412726649,-0.014965842084832327,0.008065979597623923,0.001564287397702698,0.23631312365408608,-0.08237720976629903,3.232452599879321,1.25689623218177
0.010994821003844765,-0.014961582819539403,0.008052082641138152,0.0016144494637588354,0.235001266008551,-0.12423682428325429,3.2210308261998075,1.2967985230692056
0.010978890599579077,-0.01496401737070046,0.008058593444744279,0.0015891035574540928,0.23560372145305422,-0.10329617427082062,3.226478044723948,1.2765916533926986
0.011026358715480489,-0.014955443419314797,0.00804109083551821,0.0016654149397671125,0.2340525722923509,-0.16544489804173132,3.2113503694463517,1.3376203413826675
0.011041949474152333,-0.014952035781435669,0.008036073570772602,0.0016908203279969141,0.23364385858956918,-0.185751424494459,3.2067522307523966,1.358010414158118
0.011057547230526349,-0.01494852914438066,0.008031053284614715,0.0017162743635263896,0.23324715436040608,-0.20604744842823872,3.202085811493754,1.3784372275782497
0.011073320869972028,-0.014944934715689258,0.00802588202655795,0.001742016737277589,0.2328514966989447,-0.22655773328709147,3.197235724479596,1.3990821543236012
0.011104580597747656,-0.014935659727486995,0.008018995994012035,0.0017945831713118982,0.23245632296700403,-0.26702439415721674,3.1897146390643463,1.4416164553451516
0.011089385508671251,-0.014940969724625192,0.008020980533913894,0.0017684279046047107,0.23247423069446602,-0.2474093051880084,3.1924755122001973,1.4202996991484123
0.011130040498002033,-0.01494512507177601,0.007982122343245178,0.001823986065059888,0.22868096602105978,-0.3006803542312541,3.162114322725182,1.461682196107752
0.011115876662467356,-0.014945487935523707,0.007992480733289373,0.001803333825550674,0.22964978108748751,-0.28231570001274936,3.17056346411691,1.4458655747966882
0.01056738207429793,-0.014996078233385257,0.008223663371718648,9.339177949277515E-4,0.2554457017819045,0.4544414679368271,3.3415651979319807,0.7526596593051789
0.01052052191963513,-0.015001329751650421,0.008231759578685561,8.567237387390026E-4,0.2570575120075284,0.5177518018178412,3.344382789873793,0.6899815298897596
0.010551796155085691,-0.014997779630700791,0.008226622915703223,9.082789309586477E-4,0.25604656791625807,0.4755522356191366,3.342754347623502,0.7318385838261204
0.010536200462722798,-0.014999563564548303,0.00822924778747889,8.825722378672528E-4,0.25660164731265717,0.4966061190353411,3.3436436246661607,0.7109620106684043
0.010576769976358156,-0.015009770985602966,0.008193145049951119,9.43267597158892E-4,0.25129419647978857,0.4353559340194408,3.321087029824177,0.757538098337199
0.010592478130688879,-0.015008504065211684,0.00818904504726589,9.687157524004166E-4,0.2506732991017662,0.4140446584835826,3.3190041224648468,0.778076428897389
0.0106084064776649,-0.015007044318942389,0.0081850484307652,9.945609852270037E-4,0.25007191852204863,0.39251255392031276,3.3169335720456243,0.7989501203408428
0.010514442545749703,-0.01501701316428635,0.008203341558830358,8.411662187983942E-4,0.25303859510003934,0.5187387065640578,3.324495343607538,0.674715120913809
0.010498459992765935,-0.01501851140443717,0.00820620145205127,8.150752302856875E-4,0.2535596423229097,0.540237450308649,3.3253739910126154,0.6535946831785088
0.010624480448445701,-0.015005216564818387,0.008181519010324599,0.0010207670679192348,0.2495370029792369,0.3709304657826826,3.315123020734077,0.8201620240176045
0.010640489917973823,-0.015002849923668115,0.008178874161809334,0.0010470916646062864,0.24912478147821063,0.3496452581856424,3.3138541387088947,0.8415517481558253
0.0106562942618543,-0.01500024432852669,0.008176597901359313,0.0010731899934708492,0.24878354777505382,0.32871190839036585,3.312769308391218,0.8628008726237949
0.01067183691853985,-0.014997727841500566,0.008174089687815675,0.0010988232547836532,0.2484194210524324,0.30808205662003224,3.3114508199330293,0.8836553923378315
0.010687191694883932,-0.014995418816186446,0.008171095258988475,0.0011240458425687014,0.248010634880937,0.2876149701075387,3.3097263096814333,0.9041365556405324
0.010696908307845357,-0.01500859078765345,0.00814102841150431,0.001132754876460755,0.2445792409728801,0.26922661866244835,3.289133188913276,0.9089757963023531
0.010712183110694934,-0.015007479647148193,0.008135545845524351,0.0011570583192963212,0.24389300696974778,0.24860058785536274,3.2855853207881736,0.9284732237871998
0.010728008970400424,-0.015005813683278533,0.00813067767798538,0.0011824543442927194,0.24328374468017547,0.2274319034708541,3.2824026402891007,0.9489066721478602
0.010743817775861683,-0.015003226386057696,0.008127396522603398,0.0012082674783658231,0.2428709919700874,0.20659863970152884,3.280243937147642,0.9698096315970881
0.010759331249217562,-0.014999914216631651,0.008125469084389369,0.001233992061522481,0.24260547327360807,0.18638170095355847,3.2789502128273997,0.9907606530742711
0.010774813252968252,-0.01499741160009986,0.008121841121274084,0.0012592195892304453,0.24216210996585782,0.1659215840022579,3.2764194820178942,1.011178465940274
0.010790450457539543,-0.014996123251962847,0.008115651827343187,0.001283983800985792,0.24145441415927957,0.14490254906942843,3.272065522647616,1.0309886219606017
0.010869177421294613,-0.014984121624316624,0.008092287646633443,0.0014111851979948505,0.23887961204097083,0.04077724937948834,3.2545047987536937,1.133454925189277
0.0108530484015759,-0.014985401165158984,0.008099654786445446,0.0013859060656560632,0.2396660619135114,0.06238909639869989,3.2600100942301427,1.1133335623115774
0.010806386548317969,-0.014993968197144237,0.008110764482850079,0.0013096449849119265,0.24089670090439488,0.12374992993641439,3.2685388344724173,1.0516376212986127
0.010822425627972131,-0.01499106744835004,0.008107044269966801,0.0013358556010686377,0.24047040941020378,0.10266422289681854,3.2657425184943345,1.0728393729455101
0.010837881843470757,-0.014987668467618264,0.008104416958498875,0.0013614476018378766,0.24018778820508227,0.08248645287825059,3.263639684825663,1.0936375243955412
0.011639877217593401,-0.014817437231005696,0.007719514505364115,0.0026276191809459165,0.21459359406984685,-0.9363027486776031,2.897550825371834,2.0849326092585017
0.011619908338829763,-0.014827256735569914,0.007725434851095932,0.0025923206523529255,0.21432290444085167,-0.9112262467146638,2.9064497596085643,2.0570612141436
0.011544884006739812,-0.014831948394748993,0.007797620418256304,0.002492985978867626,0.21918327417413888,-0.8248000828753387,2.971184356482043,1.9870232576102251
0.0115287503951905,-0.014833848351465112,0.0078112925977989025,0.002470317288200235,0.22018673716359133,-0.8056050791704742,2.9837452191542817,1.9704897095977354
0.011514545933620038,-0.014841603296624381,0.007813071462466821,0.0024439903672097067,0.21972886910563252,-0.7872323015856262,2.988070583018804,1.9491572971549374
0.011601603108503274,-0.014833172377321515,0.00773556059620789,0.0025632466532768826,0.21465115482480482,-0.8890709777556632,2.917526686406509,2.034896003290188
0.011579602338932267,-0.014837463735218177,0.007752005878235101,0.00253117011893735,0.21555960091762968,-0.8631041836644567,2.9334746501987294,2.011238867614038
0.01155774669772051,-0.014846477106060239,0.007760245324843334,0.0024941502238539502,0.21557148385114597,-0.8359261501719321,2.9439410332370834,1.9822332923586818
0.011438814318436201,-0.014867259585950691,0.007845985728620759,0.0023192727809216505,0.2207781834364695,-0.6924000453438942,3.0253452456355068,1.8515378750747014
0.011499191914255733,-0.014847535697378086,0.007818877656264033,0.0024180490658797546,0.21988930563034428,-0.7679261973188964,2.9951911863121947,1.9287355440954992
0.011483361787432972,-0.014851230621283441,0.007828729243707628,0.0023937081197619677,0.22037397599454775,-0.7484920800013356,3.0049924799232985,1.9102024127419186
0.011469532083975706,-0.014852898660559263,0.00783982335963208,0.002373941681314089,0.2211339344554358,-0.7317519303223164,3.0151441951630864,1.895577220409768
0.011457152030608271,-0.014863347235314007,0.007834539814724054,0.0023472877368469827,0.22010636760129937,-0.7150058980413585,3.0141693107042924,1.8729049416358505
0.011315786260160521,-0.014902270151446781,0.007901597221655886,0.00212073941839767,0.22341951529234325,-0.5376286945729002,3.083891045850774,1.6959365794590633
0.011348761144441036,-0.014889416635632832,0.007893786568120056,0.0021774520119083,0.22340702770214352,-0.5797307108183002,3.0733340606773285,1.7415417722748963
0.011335176151962646,-0.014899605991685813,0.007888638254859297,0.0021496224252286512,0.22243392908912887,-0.5618581810716309,3.072136954628163,1.7179711230067807
0.011378053246910347,-0.01487968271005559,0.007883210496157839,0.0022261960493161538,0.22305936430058848,-0.6169106464529617,3.061272927646262,1.7802085892207067
0.01136535056033102,-0.014888861588975105,0.00787934280841727,0.002200440967990002,0.22221207718588715,-0.6001634540284738,3.0609075102142875,1.758503763605207
0.011395472445844369,-0.014879934689797751,0.007866268550142124,0.002249363940056572,0.22161998178734318,-0.6380940281514608,3.0469111556409487,1.7969323823308194
0.011433711139879494,-0.014885043701675739,0.0078208832989834,0.0022952277241275842,0.21783849865576346,-0.6831579585739282,3.0098078803281,1.8282406195249779
0.011415379507160246,-0.01488590538935541,0.007837080483593996,0.0022701825850491796,0.21900990037646248,-0.6611673924869916,3.023943361932297,1.8099955211088277
0.005086296626460926,-0.011065964316056102,0.0017588028441587915,-0.008107891611641646,-0.15231232460483102,1.1224652492874652,-2.5279291857810917,-0.3716065920631264
0.005089622897266239,-0.011081388590200213,0.0017842022217808703,-0.008102175045311058,-0.1566549149782758,1.1393892684999767,-2.5251680263381897,-0.38772275606911993
0.005092994993903374,-0.011096837246901222,0.0018096325541411724,-0.00809635234674515,-0.160905671849259,1.156362355225825,-2.5223311227317056,-0.40386276275067795
0.0051034956941473945,-0.011143116813659808,0.001885865192186457,-0.008078504990260657,-0.1735164405307674,1.207399838566111,-2.513529696769178,-0.4521881681175008
0.005096463751553759,-0.01111228801134813,0.0018350936911403707,-0.008090496122138758,-0.16511682673144057,1.1733754054444991,-2.519469183435555,-0.41999436166195586
0.005099994673466143,-0.011127707384217825,0.0018605142640442417,-0.008084587135457628,-0.16932930148389347,1.1903886611736298,-2.516563934983461,-0.4360903104808265
0.00509102984553813,-0.011154242495330488,0.0018940971076016626,-0.008056555739599671,-0.17553305656227278,1.2139994397625564,-2.498864582539927,-0.4651875543437773
0.005098078797908432,-0.011185486970638111,0.0019450122917774838,-0.00804352935411441,-0.18368841089136298,1.24833785782804,-2.4921177146929505,-0.4977171679305366
0.005094313955044931,-0.011169885595512645,0.0019194423328382137,-0.008049822790112493,-0.1796141082725301,1.2311007026087417,-2.4953376140973966,-0.4814991624679043
0.005102152639024467,-0.011200869861124623,0.0019704403460160318,-0.00803759888968863,-0.18768712145135094,1.2654790407473921,-2.4891409198633467,-0.5136784947131209
0.005110250038057153,-0.01123097884349389,0.002020208133873137,-0.00802571107801277,-0.19540183367637606,1.2991121805884476,-2.48310393054313,-0.5449345419138463
0.005106244243676182,-0.011215988388131745,0.001995463602106635,-0.008031729833334536,-0.1915827553401547,1.282371284639188,-2.486184317107329,-0.5293668672926395
0.005113723452792367,-0.011246128641408814,0.0020447649569149376,-0.008018820539194116,-0.19916340893071752,1.3158142760789857,-2.4793924515188817,-0.5607193428768172
0.0051334274053575,-0.011265652748528582,0.0020875736131634056,-0.008027396171045259,-0.20524787908445638,1.3436840939370789,-2.487273217531573,-0.5800869203904329
0.0051171110107268575,-0.011261449523417061,0.002069460448117576,-0.008011564604705729,-0.2029247171435883,1.3326541054849723,-2.4754167291377183,-0.5766889809944017
0.0051373766576087495,-0.011281035572472885,0.0021128563238534963,-0.00802054977842203,-0.20892100519957188,1.3609003323572626,-2.4836372294006632,-0.5961392122927592
0.005141541840234162,-0.011296371206771865,0.002138193862718379,-0.008013841919561402,-0.21260738147598937,1.3781452971282075,-2.48009792395828,-0.6121198303867971
0.005145830185693486,-0.011311592121525438,0.0021634233473729093,-0.008007216500389018,-0.21636921408793783,1.3953299186830919,-2.4766032659155814,-0.6279766692500796
0.005150041680038001,-0.01132675299386253,0.0021884702572436865,-0.008000403402514648,-0.220140616527726,1.4124464284748741,-2.4729510626087112,-0.6437917895754056
0.005137978632225359,-0.011338140708262343,0.002195358390464905,-0.00797759756692031,-0.22144680429852434,1.4185884690841029,-2.4571386926088636,-0.6563652967600428
0.005141815050566641,-0.011353369613525672,0.0022199938044333077,-0.007970061658206164,-0.22495650214131777,1.4355380523256975,-2.45289272297108,-0.6722134557971011
0.005145852481302562,-0.011368708541533351,0.0022448952623146863,-0.007962526353481214,-0.22846669981986875,1.4526804738094732,-2.448645179372473,-0.6881619926583146
0.005168418190362376,-0.011444230850104167,0.002369033870362162,-0.007926365088482906,-0.24530756126693146,1.5383337926332297,-2.428301767055114,-0.7666149383688833
0.005164250535265761,-0.011429224068835704,0.002344715977460578,-0.007934201016591735,-0.24209549681890288,1.521448541864168,-2.432863242835556,-0.7510067017738912
0.005159617941399029,-0.011414254241243845,0.002320014882934055,-0.007941330572758096,-0.23879375957073481,1.5043882684643786,-2.4368744960636395,-0.7354530107651519
0.005154830238787319,-0.011399214877969402,0.0022950504899974973,-0.007948195921511947,-0.23540589165942127,1.4871977511504395,-2.4406675506739615,-0.7198401900469927
0.005150203206606459,-0.011384019790695012,0.0022699628376460774,-0.007955228229017244,-0.231956724988605,1.4699330079004866,-2.4445647479987778,-0.7040658639815623
0.005172415813977148,-0.01145942053805986,0.0023934074554073366,-0.007918037748361998,-0.24848713394595387,1.5553094547843243,-2.423364038737999,-0.782407560510202
0.005295594968187609,-0.011693686304088879,0.002822758583523484,-0.007840541350137792,-0.2977664056678984,1.8538694585839481,-2.3845745838432726,-1.031442242643749
0.005279705171763563,-0.011691044650708993,0.0028031910891009476,-0.00782486079751227,-0.29895313808500856,1.838191862630522,-2.3747417236353416,-1.0238521473917859
0.005317249029907897,-0.011752667496161629,0.002921067109873101,-0.007804449024336039,-0.30654289480442254,1.9246698364079233,-2.361458192794479,-1.09375787270352
0.0053117660443781954,-0.011737947748741233,0.002896563813689876,-0.007813576398779179,-0.30272672519031407,1.9070670413310105,-2.367320914805185,-1.0782118930861302
0.005301462536434841,-0.011750210780202752,0.002901312454292587,-0.007788912793586144,-0.3089324228229872,1.9083107686075598,-2.3518864302067466,-1.0861818588801861
0.0053063293371923064,-0.011723210871918579,0.002872010188760104,-0.00782263468349689,-0.3002493055108203,1.8893610837914085,-2.3731203955504063,-1.0626627917304001
0.005295942320043729,-0.011735461061887819,0.0028768301814466944,-0.0077979875999236925,-0.3068942836317525,1.890743342165248,-2.3577252462538563,-1.070628273805042
0.005300938961069022,-0.011708457009234034,0.0028473994006054954,-0.007831626329459164,-0.29916487015953647,1.871592919341104,-2.378878706307311,-1.0470753374362984
0.005290455299712512,-0.011720690275100996,0.002852304976023719,-0.007806975311648663,-0.30436941434997156,1.8731888514986854,-2.3634681253758134,-1.0550506978744203
0.005285042493552484,-0.01170588209743368,0.002827755980275048,-0.007815935269771203,-0.3016164083771706,1.8556769139970866,-2.3691404321568883,-1.0394559601101954
0.005198784995657726,-0.01149349871436365,0.0024631241936068395,-0.007918725497371425,-0.2572386570553103,1.602172062249977,-2.427063373911679,-0.817864808693732
0.0052035897966712435,-0.01150845442610967,0.002487866258873891,-0.00791103142103103,-0.2605251631315116,1.6194100562277516,-2.422597693734016,-0.8334868203721132
0.00517672684529192,-0.011475120864354198,0.002418695436191646,-0.007909485573549875,-0.2517639452512938,1.5729327126298738,-2.418286511337324,-0.7987191457809605
0.005182238960905358,-0.011490417962333556,0.002444425647629022,-0.007902501733943983,-0.25502784846744575,1.590734419336451,-2.4143625680289484,-0.8145948773908301
0.005208238388832793,-0.011523492354122039,0.0025125356754856338,-0.007902941833130284,-0.26369867114600526,1.6366719250833215,-2.4178067964969254,-0.8492082814742262
0.0052175851956623035,-0.011553686093388279,0.0025619218190842796,-0.007886277982813257,-0.26964465112346975,1.6713471218909104,-2.407809035513052,-0.8807737894604388
0.005212901073292728,-0.01153857683767571,0.0025372291448985643,-0.007894681627127248,-0.26672301907318025,1.653991675479099,-2.4128709145105423,-0.8649795087647137
0.005263307888072943,-0.011688497623404194,0.002783613099729135,-0.007809184373353748,-0.29396305320076377,1.827985559373351,-2.360268634638191,-1.021606792352622
0.005258072497608256,-0.011673550496383791,0.0027590839280995957,-0.007818130847273149,-0.29149449890654505,1.8105377379421121,-2.3659363434254455,-1.0059931866180072
0.005252942934250379,-0.011658592736903532,0.0027345900515936138,-0.007827059842016482,-0.28899021952000975,1.7931309994973665,-2.3715717168938606,-0.9903666162805961
0.005247902211269757,-0.011643668659456105,0.0027101710900398093,-0.007835910171387512,-0.2863921704993521,1.7757975562385508,-2.377129795343869,-0.9747708447052011
0.00522236891866923,-0.011568825099034253,0.00258669216189943,-0.00787781349761822,-0.2724702361432501,1.6887736079283948,-2.402690154908012,-0.8965909896873364
0.005227318419160367,-0.011583967906650568,0.0026115689382156296,-0.00786938570687737,-0.2752353671891417,1.706274003797098,-2.3975913199362786,-0.9124034480130366
0.005242845506629769,-0.011628817510391019,0.002685777626430508,-0.007844527570550784,-0.2836466978434076,1.7585241379716514,-2.382486484609181,-0.959246791201072
0.0052376715195164535,-0.011613984366310155,0.002661244613353488,-0.007852851527916207,-0.28081456030552854,1.7412158115687204,-2.3875839441252107,-0.9437452180386215
0.005232443787646702,-0.011599045834672079,0.002636474341953031,-0.007861069140521633,-0.2780006203227305,1.7237877610963162,-2.3925632156462417,-0.9281442476315352
0.005351115767339395,-0.011840618209004684,0.0030676393226710514,-0.007748008981850611,-0.31926879653299284,2.030427761150045,-2.324417000936302,-1.1867903469767855
0.005345356249420673,-0.011826004259357795,0.0030432844005814203,-0.007757607568278054,-0.3173326204371047,2.0128357595035378,-2.3307991504105554,-1.1713145605150455
0.005335329020211519,-0.011838413550025956,0.0030474439268701413,-0.007732549347127307,-0.3213031364836565,2.013535472678644,-2.3147595924268507,-1.1790316346324083
0.005339642682041292,-0.011811372316490652,0.0030189125242705713,-0.007767124484991172,-0.3145692083201314,1.9952556184642471,-2.3370855297493747,-1.1558370912992393
0.005329584882486943,-0.011823756617573768,0.0030231779227845976,-0.007742151853409716,-0.31942893212480744,1.9960018622510274,-2.321191013604217,-1.1636158111424877
0.00533397512121726,-0.011796722524648846,0.0029945091605456907,-0.007776565394561297,-0.31178428522685303,1.9776341873002456,-2.3432878506637893,-1.1403610972978209
0.005323870003610044,-0.011809096465087652,0.0029988808069007296,-0.007751645388041464,-0.31763022629012333,1.9784521081106534,-2.3275112648660627,-1.1481765288424617
0.005328353622408232,-0.011782055027975764,0.0029700532746256337,-0.007785938409616729,-0.31032249539011525,1.959946235604068,-2.349426993478432,-1.124859859291048
0.005318179702329607,-0.011794420594061444,0.002974535675597314,-0.007761037949572106,-0.31557870307771335,1.960890703031893,-2.333725665198189,-1.1327095674112586
0.005322778240520137,-0.011767369970506486,0.0029455608973537185,-0.007795237383201151,-0.30927273543155454,1.9422702517121204,-2.355493765084973,-1.1093168590499782
0.005312546655319424,-0.011779708493308108,0.00295015262185934,-0.0077703838490254815,-0.31317174626079214,1.9433552752909318,-2.339861619031384,-1.1172198714194206
0.005306986924057336,-0.011764962847583922,0.002925747571470853,-0.007779697634846694,-0.3108720833139473,1.9258443984855111,-2.3459259273251853,-1.1017113074754399
0.005380600615198654,-0.01191341300395313,0.0031889044955373566,-0.007698892292940875,-0.33127246307610464,2.117965237111993,-2.2912120229773194,-1.2639443491521574
0.005370652037028598,-0.011926056475053758,0.003192370436280499,-0.0076731338034934675,-0.3313676004797257,2.1186742127724822,-2.274111109705863,-1.271025191396614
0.005386634628544867,-0.011927915960164924,0.0032130946980680874,-0.007688827886633863,-0.33228741846745835,2.1355324092837753,-2.2841511003252477,-1.2793662283067069
0.005392714184532195,-0.011942399911086579,0.0032372771887871654,-0.007678677474161893,-0.3319525260658182,2.1532451464376208,-2.2769496229533095,-1.2947288729544277
0.005376691762302596,-0.011940656518597062,0.0032164653746112096,-0.007662892648579232,-0.33338460226797123,2.1361474757564647,-2.267008050498619,-1.2863128314114967
0.005417486615139694,-0.012000142764298623,0.003333497570410462,-0.007637398330446511,-0.33818372107045075,2.223830895510282,-2.2476861206570478,-1.35557968485275
0.005407866154544042,-0.01201297244446999,0.0033363611112189437,-0.007611290604672075,-0.34053293242258004,2.2237218591767696,-2.2302587337887227,-1.3623282348576469
0.00541122549991139,-0.011985736283431544,0.0033095257604411617,-0.007647816633089291,-0.3349642217498941,2.2063551366928564,-2.2550804358842527,-1.3403865124124879
0.005401598931219065,-0.01199855786649512,0.003312522322690997,-0.007621809539912463,-0.3396370660792925,2.206283323119713,-2.2378255542022587,-1.3472284751172827
0.005405009681636416,-0.011971310217633164,0.003285507093729382,-0.007658165624157998,-0.3325335941756435,2.1887568195624003,-2.262392500830994,-1.3252089522492798
0.005395329097208749,-0.01198415214562229,0.0032886258396231664,-0.007632173380814777,-0.33867600737412856,2.188780469613825,-2.245268296624284,-1.3320833892666553
0.005398839222606494,-0.011956864711873457,0.003261422997679845,-0.007668453158105551,-0.33162527650730494,2.171026418704533,-2.269680031629795,-1.3100046605786424
0.0053890623915824895,-0.011969717130048097,0.0032646403789965066,-0.007642430413337487,-0.3373225936347894,2.171229203419616,-2.2525987579879874,-1.3168740660410714
0.005382835194118393,-0.011955219947525934,0.0032405724719419787,-0.007652653834766322,-0.3354934517328303,2.153670429769299,-2.2598384209289963,-1.3016069878395946
0.0053978692552016936,-0.01202600820041265,0.0033391049254249,-0.007585200117331323,-0.3374658109764232,2.228227038616446,-2.207620482829689,-1.3734439837038452
0.005530792832404855,-0.012241915987078057,0.0037364278387741873,-0.007448567619768579,-0.3541541510994766,2.5203477378073402,-2.104935336213093,-1.6096228885883488
0.005523771746035269,-0.01222786458708959,0.0037130042970065316,-0.0074602718199487375,-0.35384630845133164,2.5031354894965565,-2.114199104734482,-1.5949156304863965
0.005514767596350028,-0.012241143937662876,0.0037140003379549677,-0.0074330099189567475,-0.35438448660183797,2.500925565987055,-2.0953925941417193,-1.600127455918017
0.005537858013848691,-0.012255945233250498,0.0037598403755181088,-0.00743677693717753,-0.35314037359478045,2.537653183090594,-2.095501802680275,-1.6242660732814216
0.005521793110911587,-0.012255255574161879,0.0037372805796755675,-0.007421166573784436,-0.35504991881079545,2.517995125850314,-2.0860546973637555,-1.6146703900851278
0.005544967222482057,-0.012269952191399801,0.00378321753631736,-0.007424911936132955,-0.3517949176136577,2.555013812463012,-2.085957901538321,-1.6388242498347774
0.005528906069275516,-0.01226932900159542,0.0037605633102311153,-0.0074093112583056625,-0.35586918820493746,2.5350780178583183,-2.076639538914496,-1.6291977653489431
0.005552120389927701,-0.012283936727298522,0.0038065328411482414,-0.007412986070614721,-0.3516092941266041,2.572328079360204,-2.076355983933567,-1.653311461249922
0.005536100642209535,-0.012283346185006734,0.003783828033300738,-0.007397461622545981,-0.35648765920065134,2.552185477143858,-2.067145892250745,-1.6436944732010197
0.0055959586381203,-0.012367365557503278,0.003945476456688908,-0.007339977468521912,-0.3572192789851066,2.6743138324736635,-2.0170732553677064,-1.7397255298275454
0.005587283850368569,-0.01238089598208162,0.003945165602042237,-0.007312021380247815,-0.3559189041630242,2.6707188329119167,-1.9972418636499454,-1.743578902299489
0.005603417561025714,-0.012381189378714536,0.003968533755266165,-0.007327536479091393,-0.356452321955383,2.6911797767751513,-2.0066551737237086,-1.7540125093117742
0.0055885431814808,-0.012353518374336698,0.003922411671774132,-0.007352329112559183,-0.35628169474795235,2.6575213440292798,-2.0272673369856817,-1.7253827923646738
0.005579907248902488,-0.012366987024420005,0.0039222899958383595,-0.007324560805465127,-0.3559471102831706,2.654000241713923,-2.007575002776475,-1.729480018106954
0.005581171262969614,-0.012339647963432628,0.003899326441863056,-0.007364598489668319,-0.35444468939431073,2.6406923867155934,-2.037273409985047,-1.711014699721311
0.005572561574357897,-0.012353076115027355,0.0038993712273216728,-0.007336988646046203,-0.35632516436435385,2.637195855163625,-2.0178099726913845,-1.7153357462517993
0.005573842953947663,-0.012325754459026414,0.003876191552824144,-0.007376801184274765,-0.35353300758994816,2.6237310797821287,-2.047163743631303,-1.6966241851196624
0.005565214774570705,-0.012339161730886774,0.0038763682577071545,-0.007349277140961826,-0.3566653556687578,2.6202855716942874,-2.0279269591227345,-1.7011253103558277
0.005566558325275477,-0.012311837995365551,0.003853005423416112,-0.007388938037552137,-0.3534110335316207,2.6066599073637455,-2.0569746828913194,-1.6822046735704337
0.005557886058333173,-0.012325232010312452,0.003853300827997254,-0.0073614589154767695,-0.3566928210900087,2.6033205498615826,-2.037924722802835,-1.6868542289733313
0.0055593174473143785,-0.012297898706704346,0.003829787245371938,-0.007400998969595161,-0.35267237499079124,2.5895330656997464,-2.0667028355889854,-1.6677645233600937
0.005543340524782641,-0.012297321886098176,0.003807043193782059,-0.0073855648029527215,-0.3566641550349256,2.569284673277014,-2.0575436507801608,-1.6581420017564668
0.005550598638484564,-0.012311282653187672,0.003830195698983388,-0.007373561858555589,-0.356635042335574,2.5863287704568485,-2.0478022149911834,-1.6725283481506066
0.00576996300598664,-0.012665855778034214,0.00444300964246218,-0.007049944377900429,-0.3412947120826144,3.036105545623402,-1.7629048914612502,-2.039797502904298
0.005761608788737448,-0.012652553475482135,0.00442080982673919,-0.007063886531584307,-0.3438887280832656,3.020253353679467,-1.775731299767558,-2.0268144419662253
0.005753923438306109,-0.012666733315891037,0.004418070198545083,-0.007034743930978062,-0.3439538093784619,3.012756568260594,-1.7552731925926415,-2.0278796277694457
0.005803796605215207,-0.012718800667499657,0.004531265701643217,-0.0069935460769148874,-0.33542828236186145,3.099039337353005,-1.7107948032108968,-2.0907846715733807
0.005795275864055084,-0.012705604357736414,0.004509292799233207,-0.007007733889695676,-0.3356258767213764,3.0834940423384123,-1.7239162170486946,-2.078118599074821
0.005787875592947384,-0.012719772378584482,0.004506082258073824,-0.006978705292215892,-0.33979263928906284,3.0749958938073814,-1.703684690640024,-2.0788843041563676
0.005786796627480345,-0.012692381351478463,0.004487266700193249,-0.007021858136311284,-0.33629135940648985,3.067809477993892,-1.736958537293937,-2.065418987621248
0.005779339143013962,-0.01270658887440472,0.004484185341491888,-0.006992774200629833,-0.341316243641769,3.059539532546107,-1.716738787862946,-2.0662693461465884
0.00577835898009388,-0.012679131780828632,0.00446517095162545,-0.0070359292096522615,-0.3382681071123577,3.0519887245391537,-1.749958181131894,-2.0526588506673016
0.005770815440927584,-0.01269337212380166,0.00446219893880826,-0.007006762195900692,-0.3425257086019808,3.0439824897866203,-1.7296728590239054,-2.053549942296716
0.005762330545470267,-0.012680088754673233,0.004440142742962828,-0.00702073917755307,-0.3433286204003702,3.0283725537991546,-1.7425125293277726,-2.0407421779029726
0.0057204669447578635,-0.012585652109060671,0.004309353165437,-0.007132427860864644,-0.3463505767075519,2.940277243186001,-1.8375464800597376,-1.9608948316593384
0.0057123649951210465,-0.012572194795293826,0.004286894971915586,-0.0071459487243705514,-0.34872065369898114,2.92400569126094,-1.849669754275425,-1.947511413723704
0.005704439143808228,-0.012586222245149756,0.004284922168220947,-0.0071171301520685905,-0.34992427306157253,2.91757754527151,-1.8294981026893051,-1.9494368245890783
0.005704305373048565,-0.012558712111977541,0.0042644097356222925,-0.007159389872893662,-0.35009091573345036,2.9077744025180805,-1.8616495353529523,-1.9340312746483697
0.005696348343799479,-0.012572674175116256,0.004262568049738444,-0.007130681880849123,-0.3503913707754518,2.901527327856735,-1.841493148860687,-1.936124391862764
0.005753296411412851,-0.0126392250056941,0.004398597437426473,-0.007077739514286496,-0.34464468046495106,3.004453797004363,-1.788365739295278,-2.013729923308891
0.005745605817775293,-0.012653338520847887,0.004396015614589653,-0.007048737243603648,-0.3448255217570157,2.9971289011130025,-1.7679430007755152,-2.0149843947598884
0.005745025956567025,-0.012625870501321728,0.004376367587051166,-0.0070915065360506145,-0.34407955058319767,2.988621695959306,-1.8008032300177994,-2.000584803634387
0.005737342975519296,-0.012639944631730024,0.004373950361403728,-0.00706263208697725,-0.3461009574888738,2.9814257063473595,-1.7804958865824012,-2.002043922858974
0.005736797506241737,-0.01261249009514167,0.004354094590204406,-0.007105203565190405,-0.34370351747035616,2.972654828409128,-1.8131070497494763,-1.987404042850506
0.005729092259254759,-0.01262655936156057,0.004351817196101663,-0.007076383047364168,-0.3474959882006185,2.965597330783551,-1.7929213268961026,-1.9890268244780085
0.0057286111419663464,-0.012599083920050672,0.004331758150409913,-0.00711884301195275,-0.34440163055415374,2.9565239417279847,-1.8253468300762627,-1.9741830870633688
0.005720842040304369,-0.012613160513517374,0.004329587694467428,-0.007090012704354018,-0.34866728778728057,2.94964966499268,-1.8052233077783306,-1.9759132084409152
0.00571261220265043,-0.012599720562554683,0.0043072754793657166,-0.007103576760442705,-0.3494545473923589,2.9336253984482497,-1.8174104506201196,-1.9627081671864077
0.005656840934593226,-0.012477290724274195,0.004128732949192599,-0.007238481818633319,-0.3523851202137093,2.809241354866088,-1.9306603583600122,-1.8519692577988114
0.005649079802306204,-0.0124636341922656,0.004105983325298283,-0.007251410759948674,-0.35240779708971903,2.792635447000326,-1.9417701997449732,-1.8380817843700237
0.0056408906442644525,-0.0124773455358358,0.004105013685548435,-0.007223257235708938,-0.35492108049052984,2.7874264958928046,-1.9222926958181412,-1.8413417665132055
0.005664644940078422,-0.012490922821849838,0.00415145665835951,-0.007225473059942302,-0.35169404245863883,2.8258227609919384,-1.9194112648125914,-1.8658023397602246
0.005648686900142838,-0.012491052946795372,0.004127660551733789,-0.007210226011215299,-0.3544432723359667,2.80387991098948,-1.911083290398276,-1.855061957779889
0.0056962881580212045,-0.012545204192439475,0.004241907749668719,-0.007172745257635373,-0.3500300063195712,2.891562110007513,-1.8734458650569994,-1.9204808891986636
0.005688330197688493,-0.012559108813242239,0.004240218845999478,-0.007144177446431474,-0.35113908196022514,2.885444754290086,-1.8533807961049547,-1.9227774831141353
0.005672491742345133,-0.012504530351169442,0.004174146861789004,-0.007212388741499059,-0.35053695086176484,2.8423835716874244,-1.908047722801042,-1.8795640235359514
0.005656536742267176,-0.01250474011725585,0.004150283729704306,-0.007197126583707444,-0.3540562578298658,2.820295895937005,-1.8997554269976469,-1.8687376784831888
0.005680381264467138,-0.012518113178479767,0.004196789962257096,-0.007199236681862893,-0.3495548565905282,2.8588897842828884,-1.8966008287453373,-1.893253945540768
0.005664441117218318,-0.012518385832012298,0.004172869647852489,-0.0071839896091364505,-0.3536467960076506,2.836679948658898,-1.88832183786195,-1.8823587055683355
0.0056883134290081185,-0.012531671170102522,0.004219374800353514,-0.007186023411736614,-0.34946450145474567,2.8752868618841436,-1.8850784333496404,-1.9068872801098558
0.0056723862992870714,-0.012531982925084886,0.004195394785627638,-0.007170813665440299,-0.35302082405993346,2.853019112054985,-1.8767880776262513,-1.895909078227316
0.005680350919199737,-0.0125455483004443,0.004217840960264741,-0.007157556863349574,-0.35211497474783376,2.8692817173878726,-1.8651451208323806,-1.9093797934798953
0.0055947399103401544,-0.012394791506754701,0.003968055561001321,-0.007299429121813608,-0.3561783629826494,2.6874194631100132,-1.9868304414831013,-1.7576640327820734
0.005610919877832095,-0.012394989703775481,0.00399156939812019,-0.007315013599068563,-0.3548560242192534,2.7081427269980884,-1.9960414514918157,-1.768209650300942
0.005641361619124992,-0.012449953359711831,0.004083210296669981,-0.007264258535006988,-0.35153644370397186,2.7759718402280513,-1.9527442486978464,-1.8241681613848009
0.005633134566540454,-0.012463635478381986,0.004082336758421485,-0.0072361846829948505,-0.3555591190801423,2.7709148042563854,-1.9333730865132066,-1.8275707785794453
0.005633686460448853,-0.012436248360560216,0.004060398788206716,-0.007277033662220944,-0.3504837941407544,2.7591836733525343,-1.963625603389738,-1.8102490190982026
0.005625391840731649,-0.012449930313870027,0.004059599309495607,-0.007248974900580762,-0.35631168013197106,2.754307113802662,-1.9443106034665865,-1.8137263373190782
0.00560229162444681,-0.012408656172647437,0.003990970216465384,-0.007286821449232741,-0.35651091305120747,2.7041338786037805,-1.9763401852065405,-1.7717425758683947
0.005618465515670955,-0.012408766398519252,0.004014569887499315,-0.007302416035845011,-0.3528568923883743,2.725179209596194,-1.985291443666739,-1.7823051690635108
0.005626054401169323,-0.012422519328812413,0.004037520067498177,-0.007289752113675927,-0.35093137488026854,2.7422300818921044,-1.9744707927143141,-1.7963084372462659
0.005617648576922205,-0.012436219001963058,0.0040367772892315225,-0.007261630877297107,-0.3568198861057705,2.7376034824987925,-1.955099932510662,-1.7997971501326477
0.005609934245589562,-0.012422468557629247,0.004013887834828246,-0.007274223375751488,-0.35681303197375236,2.7208639689243506,-1.9657663085704364,-1.7857953461091138
0.0056246868165125965,-0.012477503200859136,0.004081526638259951,-0.007208300971856288,-0.35114340501082086,2.769695975305773,-1.9078681005271616,-1.8340230381749871
0.005410568162472334,-0.012055117079111133,0.0033866841728660206,-0.007563397965368896,-0.3396778969289093,2.262918388387806,-2.19163074073917,-1.4035710201966163
0.005404119801459773,-0.012040566745608251,0.003362814296721573,-0.00757426340418067,-0.33861654315524164,2.2455219737843097,-2.199606991738779,-1.3885056242003861
0.0054171897683509005,-0.012069562930352181,0.0034105846608154925,-0.00755269308178247,-0.3407677151262296,2.280324389288513,-2.1837578790619987,-1.4185541688174987
0.005437003616769009,-0.012112342440279636,0.003481230044043221,-0.0075203290157233775,-0.34415411910901433,2.3318569542618444,-2.1596423193567813,-1.462870576323855
0.0054238522958856275,-0.012083894529259315,0.0034343476223586997,-0.007542022842295646,-0.3419112869326164,2.2976366229340885,-2.1758699151151224,-1.4334237547378044
0.00543047104623474,-0.012098131759446221,0.0034578902074070494,-0.007531276617468414,-0.3430691585969445,2.3148079546458895,-2.167865442871094,-1.4481801628806428
0.005426898175392041,-0.012125642137823708,0.0034826015032554006,-0.007493160023763553,-0.3429414432836438,2.333016355146303,-2.1378306404957086,-1.4716420855633012
0.005473206025440328,-0.012156221795793115,0.003573291366425481,-0.007501943840004219,-0.35102223412052025,2.3974445887930753,-2.1489848576658677,-1.5119204376183035
0.005489330079069643,-0.012157279968945644,0.0035954077852836035,-0.0075176522285011265,-0.3493242371414838,2.41613883819257,-2.158804995771415,-1.5211312215609667
0.005449976693250118,-0.012140943801254876,0.00352776915764888,-0.007497681419564,-0.345914135115712,2.365904231178505,-2.142440928524205,-1.492303168414586
0.0054566136864053205,-0.012155283980589078,0.003551159556516683,-0.007486245250688683,-0.346629122135469,2.383017810172649,-2.133695099000072,-1.5070437656557558
0.005433070709501182,-0.012140013217621341,0.0035053808846655303,-0.007481423343757308,-0.3437668522515996,2.349597129298885,-2.128877859135574,-1.486169994184866
0.005796429343421104,-0.012732951835251622,0.004527911629965568,-0.00696451580506855,-0.33825426989168283,3.0903379092360024,-1.6904923926424062,-2.0914012712764536
0.0058123587658461115,-0.012731970148814607,0.004553203984365985,-0.006979282792780849,-0.3345103275593193,3.114494347042173,-1.6975585211344857,-2.103414654833319
0.005805025301000524,-0.012746128458937677,0.004549710924014516,-0.006950222782600762,-0.3368641931197953,3.105598446415406,-1.6771631592827425,-2.1038382445031814
0.005820962260321794,-0.012745112669881743,0.004575104155532775,-0.006964946321579745,-0.332998383403646,3.1298730524532075,-1.6842115102936817,-2.1159899289897997
0.005813671111943578,-0.01275928881936105,0.004571485543775364,-0.006935851196721034,-0.33539781479299324,3.120804316418354,-1.6637094287175527,-2.1162025043692854
0.005829607002505161,-0.01275822809906034,0.004596947222627444,-0.006950549074332,-0.3322723556520317,3.1451181006081286,-1.6707731138604227,-2.1285006576297474
0.0058223393179958815,-0.012772432786899462,0.004593192765383212,-0.006921379946758409,-0.33364722910578837,3.135916063467429,-1.6501378446520703,-2.128480950893857
0.005838292905748426,-0.012771316304873213,0.004618735946646107,-0.006936089196258596,-0.3323815847505094,3.1602036222601497,-1.657213389545874,-2.1409457694999467
0.005831012355227631,-0.012785570152793906,0.004614806501313323,-0.006906782044495242,-0.33189454362810067,3.150880397871882,-1.6364544974873458,-2.14066538440189
0.005847019882893541,-0.01278437715601145,0.00464049805316582,-0.006921548213875319,-0.331508656051369,3.175215227172417,-1.6434595733082389,-2.1533089576955335
0.005909251363970855,-0.012875026190633,0.0047916156960547285,-0.00681780555980276,-0.31750428686020865,3.2793018941633902,-1.543705549077855,-2.237018558546284
0.005900239352688642,-0.01286216048375299,0.004770175941167408,-0.006832823505412525,-0.3192998912448306,3.2647687008475885,-1.5582171942491427,-2.2252625522409857
0.005893367215703029,-0.01287659503784328,0.004765489566290501,-0.006803322847608608,-0.32109707861649467,3.253899581670105,-1.537876156405334,-2.224113224106647
0.0059273963698165885,-0.012900672279216817,0.004834362351929537,-0.006787561772272366,-0.31346790150334086,3.3081168932808964,-1.514348535031669,-2.2602470487599753
0.00591830373358797,-0.012887863498982957,0.004813015902132575,-0.006802714996297965,-0.3152968415662752,3.2937619736223094,-1.5290747007176948,-2.2486804539769985
0.005911521117148967,-0.01290237528666218,0.004808089094346976,-0.0067730990566834135,-0.3176029086512738,3.2825113893380062,-1.508641936602512,-2.2471385694460975
0.005902420240429206,-0.012889503929481481,0.004786809044478895,-0.006788234730652266,-0.31937217384154143,3.2682412623130817,-1.5233114270137695,-2.2356666111421037
0.005982792885230836,-0.012976919044422943,0.004961405484483952,-0.006695260457614976,-0.303692182161828,3.3920858789217974,-1.4238042134779836,-2.327747941827653
0.005976201699826611,-0.012991583560953368,0.0049554282715238394,-0.00666533327882021,-0.3030933034406314,3.3795708605412176,-1.4030046963837162,-2.3247649505727135
0.005992164921919909,-0.012989524709198895,0.004982408030421593,-0.006679645521767548,-0.3020904162573023,3.4056403672458306,-1.40828660470021,-2.3386952500086746
0.005985564538424262,-0.013004254713360247,0.004976233489062266,-0.006649581988953363,-0.3010703139027506,3.3929469424299916,-1.3875049020370833,-2.335460018474864
0.00600157651125932,-0.013002100865175389,0.005003386416898969,-0.006663945979528137,-0.29915955080759793,3.4191728042172413,-1.3925514546319941,-2.3495042695590307
0.006011027561188928,-0.013014647389398245,0.005024331432970504,-0.006648168543873623,-0.295266101781018,3.432717740922884,-1.3766356901284957,-2.360156533169694
0.005995007635063867,-0.01301690259498465,0.004997055720401545,-0.006633780494717848,-0.29930334829466304,3.406262834269817,-1.3719125240704277,-2.3461051556662986
0.006020517979210123,-0.013027164159111647,0.005045226372748869,-0.006632325708065147,-0.2911018856087906,3.446258344168092,-1.3606159454275215,-2.3706648912617116
0.00600454385377595,-0.0130295021154177,0.005017910848239489,-0.0066179766790385565,-0.297641831171188,3.419556075003019,-1.3562262003455128,-2.356702827686426
0.006058871466951213,-0.013076931244923862,0.005128103444193109,-0.0065684558871016265,-0.2847626893126608,3.498909747009282,-1.2963584237664587,-2.4119531474223606
0.006052768400157233,-0.013091782058593028,0.005121311356087254,-0.006538393633205919,-0.28547476777594366,3.4846043849891175,-1.2762039317483793,-2.4080025530039397
0.006049224510282092,-0.013064534716697497,0.005107475583956123,-0.006584508571711546,-0.285300948114136,3.4860616045580266,-1.312501963012217,-2.401707255425588
0.006043119860492776,-0.013079353312069797,0.00510084692963307,-0.006554536659742012,-0.2881726063458446,3.4719377658418167,-1.2924348829503638,-2.398021119962513
0.006039616547346734,-0.01305210794500296,0.005086797799608486,-0.006600496024480221,-0.28602791850157033,3.4730023172095357,-1.328547696032024,-2.3914075813448643
0.006033475307744299,-0.013066935414696836,0.005080282513591265,-0.006570528100053044,-0.290989474523113,3.4590779109906644,-1.3085483689266797,-2.3879089257821846
0.006030047672386859,-0.013039651051762193,0.005066051008942975,-0.006616432880474411,-0.28784638469691576,3.459717150670082,-1.3445747477745973,-2.381067372964287
0.006023817392562165,-0.013054506087972402,0.005059586084851624,-0.006586394095222028,-0.29360120749904084,3.446026194044044,-1.3245497983933563,-2.3776431620633747
0.006014160390211812,-0.013042035593269254,0.0050387754770399125,-0.006602190825126807,-0.2958189794659815,3.4328282033057103,-1.3404411136900423,-2.367229539119761
0.006127483981293262,-0.013162849930815514,0.0052713354990787204,-0.0064540745182780366,-0.265380776912731,3.5863551656541923,-1.1796103803546272,-2.4802119718870936
0.00611756674345582,-0.013150668501838896,0.005251045483187244,-0.006470593224093647,-0.2673943176628155,3.574203900314755,-1.19652285677158,-2.4707922955223207
0.00611177483632469,-0.013165657455178219,0.005243509690949984,-0.006440451322784195,-0.27151208881967887,3.5585751537091626,-1.1768054222993598,-2.4660329756898993
0.006107687827612113,-0.013138455982275535,0.005230691896336361,-0.006487057617503404,-0.2701091708904537,3.5618899718142454,-1.213377075519856,-2.4612874436101606
0.006101835972325389,-0.01315346920009954,0.0052232656271094585,-0.00645685049072284,-0.2741081425239215,3.5464941496764983,-1.1935932600929071,-2.456627788456979
0.00609192744287819,-0.013141237817922714,0.005202955599672894,-0.006473202689134587,-0.27654164433430456,3.5342964108730612,-1.2102892821164362,-2.447099441942399
0.0060463925884878,-0.013106969750423338,0.005114438505594846,-0.006508263057990986,-0.28184374625322134,3.4716233833016896,-1.2493643742307496,-2.405482142283031
0.006056092943135455,-0.013119523768499014,0.005134694613934967,-0.00649178074657386,-0.2793676465626431,3.4838281910282123,-1.2328259585981847,-2.4151621976143685
0.006065947718034581,-0.013131989714223238,0.0051550853068338025,-0.006475400099417244,-0.27685375637060655,3.496108411313813,-1.2163195694946787,-2.424818333526208
0.00607588264411413,-0.013144344799371823,0.005175478585712781,-0.006459118115608525,-0.2743685984312784,3.5083569469902858,-1.1998540084261713,-2.4343908104608887
0.006365927441985931,-0.013434168988720427,0.005723501554974936,-0.006056697480370354,-0.20103186136381831,3.8292351245184375,-0.7642034611889242,-2.664613699363503
0.006361203450653809,-0.013449440642560104,0.0057129567423756045,-0.0060266356131387635,-0.2028759369710916,3.808761626949702,-0.7463495620693296,-2.65620545769862
0.006376734159396443,-0.013445568842486738,0.005742505331698171,-0.0060386823568639725,-0.19756241163297183,3.8380976630410224,-0.7451127023085845,-2.6711427758634905
0.006372053522740864,-0.013460873104225673,0.005731826376747114,-0.006008601499825951,-0.19998354746725355,3.8174221750943267,-0.7273792223746195,-2.6625647530295957
0.006387576634705021,-0.013456934686954743,0.005761461913489164,-0.006020598700403087,-0.19350216036034631,3.8468621573845936,-0.7259123296339126,-2.677512970838048
0.00639845476026239,-0.013468266409335267,0.005780354804998815,-0.006002462140341534,-0.18991013904043988,3.8554983078068914,-0.7066575008902559,-2.6837425113251143
0.006382965477491446,-0.013472259453263705,0.005750688002664692,-0.005990535841207993,-0.1970601893016627,3.8259884745425974,-0.7083231993159572,-2.6688159986323368
0.006355156589749451,-0.013422735238775145,0.00570446383516618,-0.006074631628091615,-0.20299218185493695,3.8202493333647074,-0.7831554337670692,-2.6579414755990247
0.006350410873599845,-0.013437980188923322,0.0056940670670639175,-0.0060446070061079766,-0.20603981162114923,3.7999733755953806,-0.7652363935430523,-2.6497317781127467
0.0063444217095872096,-0.013411267706097348,0.00568537865314329,-0.006092497555112086,-0.20439697373121393,3.811060924251913,-0.8020182968712571,-2.6511717347848944
0.006339638578704086,-0.013426516551811261,0.0056750882827322985,-0.006062462378403413,-0.20951312859391033,3.7909727329213383,-0.7840434311153485,-2.643106252358035
0.006333722908021256,-0.013399766504457605,0.005666216098114175,-0.006110323129649198,-0.20733650820567126,3.8016330768299276,-0.8208780925097003,-2.6443305728422715
0.006328856770665363,-0.013415046498887995,0.005655970812235172,-0.006080196811124293,-0.2128444030330758,3.781733187985459,-0.8027741979604693,-2.6363039847210032
0.006345405895098392,-0.013453480303801625,0.005683590128499786,-0.006014676253183509,-0.20272757892191498,3.7798782566409215,-0.7407942755248457,-2.64150898447959
0.006323060291193107,-0.013388231747947458,0.005646969451620598,-0.00612811441095253,-0.21194229648597399,3.7920375008665173,-0.839754859936733,-2.637391413582143
0.006318083239205914,-0.013403529819096023,0.005636752247407913,-0.006097883986714969,-0.21568366523295115,3.772337331232172,-0.8214335794680371,-2.629345566817356
0.006312433964861401,-0.013376663550976347,0.0056276577279343876,-0.00614585371791141,-0.21679613918206067,3.782371756330182,-0.8585843313240064,-2.6303019527535816
0.00630736339305927,-0.013391938603836341,0.005617514526731651,-0.006115587164990276,-0.21821359891700667,3.7628736098948,-0.840017217040918,-2.622274202045428
0.006301844034399604,-0.013365062028268452,0.005608302204150724,-0.006163521540788403,-0.22078373512701885,3.7726706869516966,-0.8772784767759738,-2.623025784528796
0.006296728057280332,-0.013380283878660928,0.00559830877855829,-0.006133298421591261,-0.22077572855471803,3.7533648125496186,-0.8585136125438736,-2.6151223833291746
0.0062912906047937495,-0.013353427294859525,0.005588914538656598,-0.006181107361132736,-0.2232659517542457,3.762898514384064,-0.895789356970576,-2.615564818633652
0.006286171621721918,-0.013368591319997729,0.005579120550036203,-0.006150972745485288,-0.22362617304239188,3.7437716555550655,-0.8769266113916762,-2.607890809883808
0.006280773780640197,-0.01334175946609366,0.005569484855267384,-0.006198620257559778,-0.22500963915055996,3.752973064969687,-0.9141457551877644,-2.6079524926218123
0.006275656426597782,-0.013356883356755668,0.0055598812066816475,-0.006168558816651979,-0.22679403640066467,3.7340156440238945,-0.8952667651253002,-2.6005488183675927
0.006270293666143453,-0.013330058657620065,0.0055499932309832105,-0.006216078265720498,-0.22747552106953783,3.742845482289758,-0.9324093857614993,-2.600218660985402
0.0062651560739515715,-0.01334516536331382,0.0055405465522234765,-0.0061860368217029164,-0.22996260641798774,3.7240652986601703,-0.9135332787785891,-2.5930727670750167
0.006259850365114014,-0.013318324985389799,0.005530439623045807,-0.006233481481157845,-0.2304830176162058,3.7325464636355736,-0.9505964040190773,-2.5923702616759425
0.00625468323527953,-0.013333425018643374,0.005521141876461542,-0.006203431722194479,-0.23292198489348007,3.7139665112471865,-0.9317167674732464,-2.5854687894718675
0.006197969404967169,-0.013247239343570829,0.005411947397135672,-0.0063366297236776255,-0.24896212229661088,3.6674880644628605,-1.058344419734021,-2.543251997644712
0.006187786671370488,-0.0132352788963271,0.005392000698216067,-0.006353611776585434,-0.2523373237285229,3.6563097821715878,-1.076045605565733,-2.534604357688218
0.006182207083307638,-0.013250362105620257,0.005383454992409811,-0.006323350360445638,-0.25220176299295977,3.6392646278946152,-1.056486633981671,-2.5284859771680375
0.006208189667499154,-0.013259167746885668,0.005431860885326936,-0.006319567842180365,-0.24424574320330017,3.678651948457208,-1.040482396548839,-2.5517203662162316
0.00619242629570977,-0.013262389808972373,0.005403247687888875,-0.0063062834773236764,-0.24986253507751255,3.650236413580197,-1.0389175907331925,-2.536967693716956
0.006249443980966241,-0.013306558565652458,0.005510838623353334,-0.0062508169657062235,-0.23290650800103127,3.722111860407876,-0.9686842967311421,-2.5844116900207053
0.006244256320267313,-0.013321658813589985,0.0055016995380731265,-0.006220757102286017,-0.23586433725259312,3.703747335361052,-0.9498065558813035,-2.577744691741803
0.006239074616716288,-0.013294759514952837,0.00549119260658769,-0.0062680826284625115,-0.2347145684401977,3.71152000659838,-0.9866761788420623,-2.576360657389385
0.00623386451693407,-0.013309876851661321,0.0054821999017398175,-0.0062379923999424615,-0.23896651091519508,3.693373311137505,-0.9677993584036289,-2.5698868508314976
0.006228742374980063,-0.013282927950127598,0.0054714885777513815,-0.00628528980783414,-0.23681578711374487,3.7007341164062697,-1.004617104098883,-2.5682351301283854
0.006223482035050722,-0.01329807891358434,0.005462598439095808,-0.0062551279747559115,-0.24209603218573209,3.6828073468211815,-0.9857024961247802,-2.5618738698977204
0.0062184473579712084,-0.013271063988301829,0.0054517127922441245,-0.00630245033971056,-0.2399208177677263,3.68976006849889,-1.0225521433951934,-2.56003243587034
0.0062130990664892236,-0.013286245984363803,0.005442878802612312,-0.006272191389714652,-0.24501625523759052,3.6720582174480403,-1.0035237784071525,-2.553699365865729
0.006202733730664514,-0.01327435432245737,0.005423072384782909,-0.006289229647892059,-0.24758563940346442,3.661176977766915,-1.021263052529504,-2.5453829822641105
0.006137439443456895,-0.013175000149139748,0.005291568905618461,-0.006437495886099406,-0.2638601624014506,3.5983306558586237,-1.162609842912766,-2.489547320698507
0.006121732550139655,-0.013177821373815927,0.00526367159447791,-0.006423967727343897,-0.26870044014111233,3.5705113867686875,-1.159917724755718,-2.4753079858218405
-0.0049169585012431285,-0.009480522763226189,8.329743312650896E-4,-0.008158257070278565,0.32066382564468454,-0.5515508190964785,2.4417170384139744,1.3192810044906835
-0.004911990976234412,-0.009494383288910786,8.097353130387969E-4,-0.00815652829848944,0.31576047811907454,-0.5374760731924244,2.4417084529944098,1.3017573207406203
-0.004909269011279539,-0.009512293420097354,7.808025202836589E-4,-0.008158439229660289,0.310683793871869,-0.51919909487637,2.4448203133359354,1.2810675631795672
-0.004946703469800876,-0.009230784233397588,0.001231969391490702,-0.008100844591943138,0.38143625025328737,-0.8065711256847257,2.3719068937449586,1.6022412858687158
-0.0049358081789836385,-0.0092437690202097,0.0012073440142085822,-0.008093857316473578,0.37491679194201594,-0.7927604302337774,2.368010962263461,1.5815570761740547
-0.004912104699658351,-0.00946614800559216,8.540720820949076E-4,-0.008148283604618785,0.32219092523624976,-0.5664193771672617,2.4328123409054085,1.3322025710995218
-0.004906542360212676,-0.00944655443125106,8.829722066070918E-4,-0.008135739541341011,0.32453996856917106,-0.5865222509634748,2.4214283292661296,1.350204417136167
-0.004903780595568873,-0.00942599409218034,9.14091503012063E-4,-0.008125922492200476,0.3279701819904211,-0.607466955225398,2.411955758774194,1.3705923351135818
-0.004903760911214784,-0.009406153848459787,9.448731892998252E-4,-0.008119292367170546,0.33214249107707294,-0.6276156852427475,2.4049228447848034,1.3916287005459689
-0.004933338954909084,-0.009322380271572743,0.001085375767691108,-0.008123221490394584,0.3597622770156479,-0.7131723254619554,2.3992275426674916,1.4975252561017045
-0.0049340330272279204,-0.009340793768318329,0.001057098237440493,-0.008131072778567769,0.3564840556282383,-0.6944682833465664,2.4071869657819858,1.4784481119580837
-0.004920239023537588,-0.009352754279919821,0.0010334102258610417,-0.008119494933781073,0.3489838306042686,-0.681965188610688,2.399597167484518,1.4575661345845115
-0.00490649493515257,-0.00938473013438522,9.789855501599115E-4,-0.008115077791711374,0.33757203015962384,-0.6493761286059369,2.399523769687644,1.4158517002623088
-0.004901227008140957,-0.00936023966698942,0.0010148798882469428,-0.008100220666886303,0.3404977833323252,-0.673976883906417,2.3856657216888384,1.4385539158901148
-0.00491679459506947,-0.009310806254464149,0.0010967571946848972,-0.00809949887238079,0.3557940002391071,-0.7243286372334088,2.3798002588354294,1.4996543236548447
-0.004926033472725342,-0.00927313067583574,0.0011582666710851037,-0.008094969863320471,0.36610194636964605,-0.7626936268676198,2.372169292257677,1.5447373640307946
-0.004916576436086596,-0.009291691250673383,0.0011259811389199847,-0.008091623336453304,0.3590900280606304,-0.7435194390692001,2.3716823809322976,1.5194478660765764
-0.00491793380050278,-0.00925258899411642,0.0011862160251440333,-0.00807695954884937,0.3664970968393599,-0.782779879824416,2.3560142286603583,1.5608575591683145
-0.004939916423738193,-0.00920969464694561,0.001261145970534404,-0.00808355438307279,0.382216004378594,-0.8272617452110053,2.3560973806214727,1.6195919879778857
-0.00493634157590737,-0.009187276886306073,0.0012935344537511179,-0.00806914094169142,0.3844189681790549,-0.8492877444457525,2.342310062720792,1.6401766037719856
-0.004936762978907102,-0.009165910114470944,0.001326011951115545,-0.00805957371469592,0.3877910811821393,-0.8705249669010836,2.332321272607589,1.66225451729928
-0.004946153787372619,-0.009146951770520153,0.0013591150022613933,-0.008061284518786155,0.3943989074763432,-0.8903194484611993,2.3312661285050846,1.6881480788165566
-0.004939543305629655,-0.009126851221279788,0.0013860547439276411,-0.008043738615075199,0.39458680795840917,-0.9093690856249806,2.3151754773683098,1.703702191304633
-0.0049413557392285,-0.009104854751374554,0.0014198402587927495,-0.008034714251514453,0.3982551615586188,-0.9311197732114102,2.305365223619234,1.7270078980961825
-0.0049490540679528764,-0.009084860054620471,0.001453613526263878,-0.00803324064480971,0.40411541056587125,-0.9517357384430298,2.30156462793886,1.7526614211606035
-0.004930982473914945,-0.008878417838470397,0.0017421078587315597,-0.007893142292452084,0.41715040180171264,-1.1423981821389544,2.1638124667817498,1.9332993266454874
-0.004937781247533071,-0.008901014108347675,0.0017144955752101403,-0.00791497503954573,0.41832838523818416,-1.1235567567868898,2.183946537852632,1.9187648227758891
-0.004945262033136049,-0.009063554592945056,0.0014832435547160368,-0.008017613476886428,0.4051218585096131,-0.9719318884099054,2.2866225582167545,1.7708930697569762
-0.004941411617019192,-0.00904051936179661,0.001515143517218982,-0.00800073541512174,0.40631349435624625,-0.9935021596402116,2.2704552710955883,1.7904446374063083
-0.004942598234129328,-0.009017991852203226,0.001548838147811066,-0.007989624182980675,0.40933635153280684,-1.0152571109590076,2.2587167837737705,1.8131674399240858
-0.004947843259234381,-0.008999768541202583,0.0015784280143812518,-0.007985322805439897,0.4134467664071867,-1.0335909364490954,2.2527688679201514,1.8348758779176992
-0.0049319257789016985,-0.008925691250945916,0.0016758465573069568,-0.007923573615473939,0.4138452031352808,-1.0996071218530397,2.1944349494397044,1.8913531185866344
-0.0049363812837522015,-0.00895298168757389,0.0016394982262244826,-0.007945032462569652,0.41332869520661436,-1.0753703504754866,2.214970765765637,1.8698420030143807
-0.004942809857440954,-0.008979335205173647,0.001605249194964222,-0.007967821507296758,0.4134289726608613,-1.0520015305257393,2.2363246520884963,1.8503072640153049
-0.004934502675795162,-0.009690717971198725,5.021735118207904E-4,-0.008228580457302237,0.27348055531987997,-0.3328770067104608,2.51230832485432,1.097831218757693
-0.004933861808524609,-0.009706790629579297,4.7613557634935147E-4,-0.008230599161426334,0.2688412001755783,-0.3162291904558581,2.515050510401267,1.0798105569285088
-0.004934014263643414,-0.009722797691517935,4.5031380568075294E-4,-0.008233391576874608,0.26439437345615896,-0.29957064493712093,2.5183397157097698,1.0621947387290975
-0.004937206980512954,-0.009737897761128718,4.263844231013537E-4,-0.008239470590995628,0.2611188676628386,-0.2835023376788942,2.5239346650119807,1.046809200588272
-0.004927922047246076,-0.009785003397585104,3.488890756156392E-4,-0.008235003105719202,0.24489503331097603,-0.23563361638913785,2.524287221697134,0.9910274465085617
-0.004932968913437772,-0.009753158235576823,4.0107107582102434E-4,-0.008236715875538522,0.25548922223765086,-0.2681127663024178,2.5231026678996913,1.0282062060463117
-0.004929814198975801,-0.009768713590251535,3.7547747092523965E-4,-0.008235142112178536,0.2501436165745894,-0.25232085639209595,2.52314964687405,1.009758991978493
-0.004933453798356846,-0.009674423798852973,5.282373869909027E-4,-0.008224391454841183,0.27761475664631763,-0.34993338074831315,2.507938137401015,1.1153736200864481
-0.004921089905323798,-0.009683748650164036,5.109823879901666E-4,-0.00821161474611135,0.27127598705739375,-0.3414329226684389,2.4992762044442305,1.0997582955269047
-0.004929160158345973,-0.009656256230887613,5.566262378569373E-4,-0.00821588099751904,0.2811565517768262,-0.36922932290179383,2.5001964602978526,1.1335275691455635
-0.004924328316016136,-0.00963546172502556,5.889797765050029E-4,-0.008206010912621754,0.28513583318788877,-0.39121648119818403,2.4911913068338873,1.154222659664885
-0.004924340509028676,-0.009610490766551655,6.289018884149374E-4,-0.008200642724673085,0.29165908087659026,-0.41707928512893705,2.4851209358421573,1.18159109146148
-0.004916302849701823,-0.009587750604704012,6.632871229230772E-4,-0.008186037254958976,0.29481295634953986,-0.44114928078713017,2.472286115189954,1.2026798376000711
-0.004910927934645607,-0.00956756020558677,6.940155018740241E-4,-0.008174893915057784,0.29802809883936415,-0.4623006339127455,2.46218433444124,1.2220833292818833
-0.004907595129958427,-0.009529961200146054,7.525324664527335E-4,-0.008161321933309942,0.30597299464479183,-0.5011336194273309,2.4486180637908155,1.261164068322099
-0.00490817038066886,-0.009548429200738688,7.235623682910831E-4,-0.008166851143134033,0.3017622148530153,-0.4821338552414968,2.45444769198251,1.2414835237792703
-0.0049418587794946844,-0.009998212748154893,2.9039131254452208E-6,-0.008264640284903063,0.18316555416727007,-0.012374413445602398,2.5606690378922914,0.7602818192836525
-0.004943304769059114,-0.009983141885854979,2.753632486211867E-5,-0.008266253077434393,0.188320886085232,-0.027748515562090185,2.5607610044785933,0.7774020700364263
-0.0049266057016055355,-0.009944755594726172,8.97291872588267E-5,-0.008245844861721155,0.1965034010675917,-0.07020614963608805,2.5437661494684396,0.8142790393691094
-0.004928153002920159,-0.009960687042296574,6.388575551575436E-5,-0.008248096637144963,0.1918923980985083,-0.05348015870144524,2.5464806923892485,0.7972405231770477
-0.004930732837323859,-0.009974245744212379,4.188479786562974E-5,-0.008251380200662352,0.18824422683046502,-0.039039889451778456,2.5497396577088383,0.7831484400400724
-0.004925985147486399,-0.009928128993606986,1.1670669446483304E-4,-0.008244506215755445,0.2015044507395289,-0.08750857950748205,2.541634131764949,0.8323918231989292
-0.00492667757439181,-0.009910892521720817,1.4472325171097544E-4,-0.008244517826622876,0.20694939364645215,-0.10524898378268523,2.540404371007192,0.8516319317030315
-0.004930072153015649,-0.009896017411416966,1.6907024004103504E-4,-0.008247672586903494,0.21238715181995887,-0.12016125544492115,2.5415641680966616,0.8692322354542672
-0.004932170138038164,-0.009863784124253483,2.2159044774864214E-4,-0.008247912828606848,0.22271973190029265,-0.1532980147441865,2.5394079334580035,0.9056015463708638
-0.004925294737805285,-0.009879178605713785,1.9609594795046346E-4,-0.008240985221424017,0.21626260743809217,-0.13831687143944002,2.5355977189878183,0.8861323575906026
-0.004926817300490163,-0.009801377459120493,3.2226955092827807E-4,-0.008235646518972588,0.2398244183563716,-0.2187772015985836,2.525988206541875,0.9725272691275272
-0.004926530988450318,-0.009817807202162547,2.9564729880420584E-4,-0.008237102755609257,0.23492923395794466,-0.20176853871455555,2.5282700700012524,0.9542881289914149
-0.004927305057116408,-0.009834251747126968,2.690896550932743E-4,-0.008239649695137366,0.23027738636940168,-0.18460839811478105,2.531325061009109,0.9364308007470153
-0.004929506859103752,-0.009850142983013694,2.4352113526177323E-4,-0.008243669355842238,0.22612206544969468,-0.16782411163791608,2.5353788362716467,0.9197000550040918
-0.004970972517755428,-0.010372011271451079,-6.109031131485343E-4,-0.008259551267468303,0.063451972003274,0.3787682362371673,2.581831268600062,0.35765952838145104
-0.0049693607324759375,-0.01035635090133059,-5.850923131515899E-4,-0.008260906279679696,0.0685536173853875,0.3623237948639564,2.58172426278276,0.37436471226303664
-0.004972324158713483,-0.01038758635966654,-6.365151080927686E-4,-0.008257767539001544,0.058347348868667805,0.39506548224688975,2.581648555911372,0.3409908667873038
-0.004973184991013931,-0.010403258752889735,-6.621627151967335E-4,-0.008255245179583664,0.05313456112203462,0.4113448442602455,2.580978169295784,0.3241127279363644
-0.004974241500938464,-0.010419092830500845,-6.880999265013475E-4,-0.0082527735885285,0.047880966565342124,0.4278291980471552,2.5803522033290505,0.3071159708582945
-0.004957330956770724,-0.010380791324791078,-6.222175702736637E-4,-0.008241646344772447,0.05902391476734322,0.38489273712246325,2.5704152132756026,0.3448175088242937
-0.004967878230964067,-0.0103404709359505,-5.5894891782706E-4,-0.008262314743804332,0.07375240574550633,0.345683498568824,2.581644337111442,0.3913445081480331
-0.004965615736339299,-0.01029261199630861,-4.8051447316437983E-4,-0.008268283526247979,0.08970442063823715,0.2959999777981306,2.582572288383576,0.44311119386086784
-0.004966148976773113,-0.010308403435896367,-5.063717739495489E-4,-0.008266207674900801,0.0844232070791816,0.31235342171176383,2.5821961651397807,0.4259652720951053
-0.004966750069408326,-0.010324415074066609,-5.325824014027473E-4,-0.008264028495752673,0.07906147568805043,0.32894011680112284,2.581762531725506,0.4086091969943109
-0.0049505527801706655,-0.010285380179999665,-4.6626149268749496E-4,-0.008251777008091763,0.09009632322714461,0.28549810792467056,2.5709911142291855,0.4471772425546563
-0.004948500701017944,-0.0102697977240886,-4.4062165836363307E-4,-0.008251827647427446,0.09501825669878777,0.26906420634087386,2.570003676889817,0.46367568914227997
-0.004946509138135297,-0.01025334859158685,-4.135966068653987E-4,-0.008251934905976964,0.10021223736354591,0.2517580481106146,2.5689968048799545,0.4811329460285343
-0.004946184271165426,-0.010236996554595368,-3.8696849825191776E-4,-0.008253829767703712,0.10561336884231469,0.23488183295249465,2.5692042929134,0.49892525274320126
-0.004946007648308714,-0.010205580878172254,-3.358199656796844E-4,-0.008257568985124046,0.11603128063524977,0.20251992077874767,2.569678059171976,0.5332747479813279
-0.004945940140791374,-0.010221151666994112,-3.611600385907678E-4,-0.008255604222108267,0.11084086967385866,0.21853128278355663,2.5693679525558015,0.516205571255175
-0.00494493305750328,-0.010173382391167777,-2.8324265804285145E-4,-0.008259769518839825,0.1265471208276527,0.16914637458906767,2.5690568025068896,0.5682893694359588
-0.004945082183420499,-0.01018930417620012,-3.092038804719546E-4,-0.008258306796458155,0.12128107033206069,0.1855769506957532,2.569111225706934,0.5508686237580944
-0.004945214577422893,-0.010142277002623873,-2.3253279244159363E-4,-0.008262883984487311,0.1369030881187088,0.13712590970344077,2.569125442231861,0.602531185033154
-0.004944715536563921,-0.010157469374546356,-2.572760049003283E-4,-0.008261007395362252,0.13177469191925528,0.1526991007027215,2.5688517082359037,0.585702646748926
-0.004932581118257377,-0.010134142991621908,-2.182970060704942E-4,-0.008248701182040628,0.13725788782669146,0.12636711207270465,2.5588697585255606,0.6078786282458823
-0.004929448444749551,-0.010120866446370991,-1.965017718205536E-4,-0.008245987877024711,0.14100063030826715,0.11211325315874353,2.5561051223475455,0.6215336993210984
-0.0049399012395086195,-0.010047735498935407,-7.79294350765457E-5,-0.008261715410249096,0.16682749473690392,0.03853737608303188,2.5619950635721724,0.7050160678882986
-0.004941094615621299,-0.010014269646089658,-2.3318542644394936E-5,-0.008263691815590586,0.1778605880868068,0.0041270101446337715,2.5610999137028228,0.7422989387922101
-0.004939719322130899,-0.010030827823721852,-5.033219254724728E-5,-0.00826187162825623,0.17222952024172325,0.02102464214729984,2.560960832742293,0.7235990792219574
-0.004923443276572424,-0.010056577138007816,-9.18371133019957E-5,-0.008242162952673146,0.16053762068878283,0.04478620076140278,2.5490415972680758,0.6902684591234616
-0.004923932768900824,-0.010073013325761238,-1.1852127454533408E-4,-0.008242140397471287,0.1553808288718749,0.061816509147046374,2.5501637519494866,0.6723821892122587
-0.004926546089318889,-0.01010543784968563,-1.712682838813865E-4,-0.008243573775131704,0.14545746208490076,0.09569305268587532,2.5533880568497325,0.6376023389471942
-0.0049248209996821035,-0.010089353249743556,-1.450726131751649E-4,-0.008242435725945003,0.15030989214660204,0.0788127106742489,2.551496340129574,0.6547276628752493
-0.00499330117896705,-0.010608736472556042,-9.99222443514577E-4,-0.008219474753133537,-0.013875488772887199,0.6267319443761729,2.5706465382387815,0.1054804972169691
-0.0049886410597568915,-0.010560964996845506,-9.211352678469663E-4,-0.008229987171721199,0.0015966455811392652,0.5766571588077319,2.5744738560440226,0.15622395900908767
-0.004989955167640632,-0.010576785555460303,-9.469434423130678E-4,-0.008226382319588546,-0.0035500186213551816,0.5931851799637627,2.573124091778037,0.13936400503907317
-0.004991342874636556,-0.010592769816962173,-9.730115473742584E-4,-0.008222663954160733,-0.008738510342374807,0.6098952552829574,2.5717079867962167,0.1223526633486025
-0.004973392239499468,-0.01055453116598652,-9.059688002478524E-4,-0.0082141410621092,0.0028764659686144997,0.5665647587217971,2.5634457282450342,0.15993622627241308
-0.004970840912976786,-0.010539125420763983,-8.805414204846457E-4,-0.008215961441381548,0.0077545734456072385,0.5501945652765832,2.5636393801791164,0.1760607182667294
-0.004968515415485578,-0.010523240949728856,-8.544156340487727E-4,-0.008218051941708842,0.012804517843250067,0.533394072662645,2.5639850707666465,0.19274904791046987
-0.0049668420467609215,-0.010507047773197388,-8.279799359076353E-4,-0.008220850442637267,0.017996725189567565,0.5164288141201235,2.564786436726893,0.2099157833451387
-0.004965849365656945,-0.010491023795694901,-8.019913857108745E-4,-0.008224248596033141,0.02319467360807159,0.49978748129748846,2.5660021272683484,0.22705827303402407
-0.004959781046747094,-0.010428352447125666,-6.995776205468381E-4,-0.008233558841372652,0.043427095904263587,0.4342050437624239,2.568111911040003,0.2936841963364331
-0.004963735407083388,-0.010459488574119621,-7.507288379152632E-4,-0.008230317595874075,0.03344885015344182,0.4669961102895584,2.5679849247659923,0.26078277101153097
-0.00496427667782848,-0.010475181120851553,-7.761108843803009E-4,-0.008226770547167313,0.028299686679942055,0.4831974889050388,2.5666443113359017,0.2438866135393649
-0.004950147900022842,-0.010451935437116925,-7.350699605412924E-4,-0.008216365604920362,0.03474826356332857,0.4562316241866265,2.558131752136922,0.2659209530981152
-0.004946077725999257,-0.010438222893776583,-7.120613335738832E-4,-0.008215080042069197,0.03886770357065023,0.4412997206441998,2.5563609631899946,0.2798504493883019
-0.005103790241267503,-0.008134600909969092,0.0028320771674687274,-0.007456477965230514,0.46269152359592053,-1.780798705560769,1.673367596325764,2.6344822418521603
-0.005081260278661873,-0.008154640781642858,0.0027868970074088656,-0.007454228879669079,0.456949269657769,-1.7555568631565823,1.6802214915058549,2.5968181821412992
-0.005076742171007045,-0.008185718006041096,0.0027476275951084273,-0.007480929953035473,0.4590514656346144,-1.7349150735492633,1.7073373247358814,2.5770123823454507
-0.0050609369088579345,-0.008218125112301073,0.0026952952033223,-0.007496936117525666,0.4564876260108907,-1.7063215264883802,1.7286322510741925,2.54180774622967
-0.005053389877334602,-0.008252707217166881,0.0026482887383763635,-0.007522855886666705,0.457086904691046,-1.6807533683813263,1.7562955271677414,2.515112573162598
-0.005059019622355416,-0.008370568803318797,0.002513273943089265,-0.007639542271907776,0.4691136539251179,-1.6054628410796628,1.8679296236119871,2.4553191948336934
-0.005067902174316658,-0.00833913234607103,0.0025597559966158076,-0.007619954548692105,0.47025251271144036,-1.6319827381422092,1.8453777804428928,2.48490705202448
-0.005052111591299993,-0.008288220527592151,0.0026056657936295324,-0.007555518420167474,0.45989734229575013,-1.657480068550683,1.7882260920603936,2.494701797233074
-0.005050750246262184,-0.008317446253460092,0.002569789643901064,-0.007581636257587276,0.46188258887351774,-1.6374905917701958,1.8141357634186126,2.4767645985535816
-0.005018492865822815,-0.008416258745838949,0.0024207135115390526,-0.007637530531088128,0.45594886908067594,-1.5525963659588575,1.8802704276405862,2.3793309856473983
-0.005023054308094442,-0.008381460890726935,0.0024673446186722573,-0.007611326076322742,0.4556369249887862,-1.5793396072893893,1.8530457801032583,2.4062029292655214
-0.00498331221012758,-0.008433304108594924,0.002369008651602661,-0.007615300073032024,0.44316629467366236,-1.523477952083068,1.870625792636318,2.3290814288534425
-0.004981903167505506,-0.008469463986408781,0.002323188650095297,-0.00764481319956162,0.4441383525041182,-1.4968137454353554,1.8999297839001927,2.3040906186245906
-0.004957080091861528,-0.00871555142606972,0.0019842635638247347,-0.007811618526105812,0.435643271663168,-1.2926075825236365,2.0734673183199805,2.096367785706566
-0.004982267618080665,-0.008506454865659806,0.0022771645730133364,-0.007676282926559333,0.44540577543739207,-1.4696617017538813,1.93072261887122,2.2795757835986445
-0.004995189229433829,-0.008540698038755531,0.0022442009804506773,-0.007718424075275257,0.4514344887175689,-1.4491039240059205,1.9681922025377327,2.2693218795123467
-0.004977711633511091,-0.008575303421375849,0.0021854590866392954,-0.007727469471249968,0.4448980531069515,-1.4147695189939171,1.9828947883456112,2.2257654852420763
-0.004956331619102843,-0.00868594854375472,0.0020234800852567945,-0.007789157799198837,0.4358771510176101,-1.3171958161330097,2.0511604736459166,2.119517049235533
-0.004972587523501284,-0.008616580517056927,0.0021276366739528853,-0.007754397561260546,0.4432399113225132,-1.3799537127804962,2.0113226296215427,2.1896950294464648
-0.004960950104700301,-0.008653286148731378,0.0020703563598035535,-0.0077698137341842355,0.43826669460500184,-1.3457959324748927,2.030371000468417,2.1497825629870575
-0.004932787125865429,-0.008731595038375456,0.0019452346930831927,-0.007796391046306428,0.4254395639366594,-1.270965990799316,2.0656735764010326,2.0602064614740514
-0.004924749886215035,-0.008759985343724996,0.00190130308344851,-0.007807513810686479,0.4211282199458534,-1.244395270261766,2.0792415397935033,2.029469948284906
-0.0049324459599961274,-0.008788627971981612,0.0018676151005852753,-0.00783570395795765,0.42307230038670285,-1.2221116399153058,2.1052720430295597,2.012540149513535
-0.0049224431869539795,-0.008848594784787831,0.001778284049208793,-0.007864484152027658,0.41579894191943934,-1.166811710812558,2.1373073260433526,1.9521854715644245
-0.004926177069585021,-0.008814835872308982,0.0018274201601969555,-0.00784642679075645,0.4190963895591335,-1.1975150949414253,2.117964753037942,1.9846434190587126
0.005135865131109995,-0.008049784301630088,-0.0029578206834309736,-0.007399484694646337,0.4627784241043171,-1.8469895350568348,-1.6062670054678876,2.7103099914331543
0.00512333689596489,-0.008018454787332726,-0.0029773450510668705,-0.007353504466705933,0.4536467881784355,-1.8541799327781205,-1.5688693985743407,2.704323442476623
0.0050948958863270295,-0.00799545568629696,-0.0029704074175758853,-0.0073013493690065765,0.4408297717513748,-1.846225927184838,-1.5329236575149967,2.6743024450300745
0.005100837520091435,-0.007963389592439111,-0.003009158819448684,-0.007272315636429412,0.4377055737897145,-1.864623691780278,-1.5042197717868868,2.6916062880441443
0.005618361027357758,-0.0065628384679999405,-0.004525802242986476,-0.005798258716832213,0.2199177592498105,-2.24148405385035,-0.21565682609085807,2.9906836716467495
0.005544836535703462,-0.006584875019807039,-0.004418973888429317,-0.005800906620972733,0.22345855460203126,-2.2049280933972035,-0.262761493384371,2.9306246701506002
0.0053747301756358196,-0.007031243146752328,-0.004034133471412858,-0.006327829937091287,0.3081736224387017,-2.1969451897186385,-0.6462038411836687,2.9742280588499788
0.005378092056366381,-0.006957289053572604,-0.004071528983874217,-0.0062303841100597515,0.2914739698182396,-2.1884195864015985,-0.5850045865512444,2.9469030551673137
0.005502076102877955,-0.0066848566711719855,-0.004335271132156455,-0.005920811488839147,0.2418525725715787,-2.208850855799724,-0.345577383976402,2.9462490505702834
0.005479497164306905,-0.006731121960152235,-0.004290945780735539,-0.005974301639440449,0.25131714895680585,-2.2071962223685317,-0.3857019785943354,2.94829349465978
0.005482336543289279,-0.006625455148153398,-0.004324000924464377,-0.005831607179925932,0.22936789185101683,-2.1798583459981518,-0.31367776913876727,2.891990258974507
0.005387343903949082,-0.006885226549692304,-0.004113119996533286,-0.0061385956133783405,0.2770109038856059,-2.18191816846222,-0.5267209022826874,2.9250997997139083
0.0054370103558078,-0.006758008957325303,-0.004224891670460227,-0.005991401182959515,0.2537369087167965,-2.1867175822911133,-0.41925995877710115,2.917061383333778
0.005403150365202732,-0.006818152493028859,-0.004159096950594884,-0.006056453768892173,0.2642145692801456,-2.178739437230448,-0.47245295545765487,2.9106969251563917
0.005227402086464937,-0.007695258589734246,-0.003405016761847234,-0.007078765837282397,0.42828270949951086,-2.0504538514210497,-1.2770431324563762,2.9094383754649895
0.005198642271190822,-0.007723629139523733,-0.003345763452162511,-0.007087681776778155,0.42557340847611086,-2.02119299972651,-1.2986398946978597,2.867677220076436
0.005231006820789226,-0.007643200392993596,-0.003453434223356466,-0.00701831585477196,0.41835575636964023,-2.0661415947380637,-1.2245801675783203,2.9162195744280517
0.005235980023604162,-0.007591038831433955,-0.0035019497194894683,-0.006958179157981032,0.40854731467903244,-2.0809124210553986,-1.1724869875147579,2.9225233652187756
0.005199008560713588,-0.007600916561109304,-0.0034486244820498466,-0.006939752426595181,0.4010872951007974,-2.051174314891319,-1.1755881213000101,2.872265576186816
0.0052383859778128376,-0.007541148930541844,-0.003543850113534,-0.006898061414246487,0.3981155576731564,-2.091735572161669,-1.1227253825292662,2.9233686438311133
0.005227376821619861,-0.007484851971463081,-0.003572024720169728,-0.006818932495949671,0.3838975201426949,-2.0915319972336515,-1.0664227159499708,2.9038054530295825
0.00533438687461098,-0.007133143290283445,-0.003930005830402494,-0.006439423347170312,0.3256112679544794,-2.178728303358554,-0.7396484533526287,2.962964666436036
0.005318411067674477,-0.007069595265674036,-0.003940923456222315,-0.00634557223390701,0.3091960186371457,-2.1615700896095302,-0.687896492210954,2.921247791446179
0.005325120895359181,-0.007384231188941291,-0.003767883795657269,-0.006764782110957977,0.38214415036772803,-2.17570829766778,-0.9737898959238169,3.0215641223376557
0.005259324774926428,-0.0074451883601354815,-0.003640777032140353,-0.006793516482246889,0.38232855273804894,-2.120180773561241,-1.0307664470418503,2.94194290115099
0.00528875995769913,-0.007415846152575626,-0.003699002112396786,-0.00677837899385061,0.3817902906207092,-2.1452363083109636,-1.0038339036666561,2.9772891701602373
0.005313301909739738,-0.0073370616028830635,-0.0037834845587552987,-0.006694213172551082,0.368614800961226,-2.168374718729145,-0.9279336398968049,2.994745958092499
0.0053010231331127,-0.007288761746789508,-0.003797765325807938,-0.006622290716590605,0.3557110673297845,-2.1598096322554183,-0.8827820918656072,2.966787483673643
0.005295619529489759,-0.007177310913112068,-0.0038553173070044566,-0.006472930031584308,0.32956103331002423,-2.1534175995413825,-0.7824484203281664,2.928962361633355
0.005289184034225915,-0.007237774847507098,-0.0038127367470860173,-0.0065476510068019,0.3421968104350667,-2.1505496814202014,-0.8367022749192913,2.937927351732722
0.0052206217765826575,-0.0074372978234407095,-0.0035974274984003026,-0.006754186885470093,0.3725719940727531,-2.0920372469377075,-1.0204182051168544,2.8896729045675995
0.005172634974539146,-0.007754124225037665,-0.0032880640987724666,-0.007100923639994859,0.4242812598190406,-1.9929894261156278,-1.3220888535466637,2.8289551120257914
0.0051089772727405235,-0.00790473875142901,-0.003075692088277703,-0.007215486687502804,0.43123445545262956,-1.8947619935878153,-1.4499939349801723,2.717413846332596
0.005085395168537971,-0.007928577576577538,-0.003026626497709245,-0.007219943652438728,0.42772774030452426,-1.8691283784721848,-1.4637644464596076,2.6808330222480703
0.005100080065270461,-0.00787161465728317,-0.0030974262205925706,-0.007170533644370451,0.42339556297220166,-1.9015977844644376,-1.4143661852029386,2.7135002161032244
0.005146774298381393,-0.007781814431523016,-0.0032331637090026455,-0.007110348846245236,0.4217531519229954,-1.96560928296783,-1.3419983492383747,2.7906772823586987
0.005111023304063364,-0.0078461252854658,-0.003133539799875702,-0.007151873447634824,0.42256560465838006,-1.9185339315732926,-1.3934071254170677,2.7328725551507875
0.005125464540048099,-0.007813656575309018,-0.003179835167152832,-0.007128006058209297,0.4211902207863178,-1.939961640299625,-1.3665881951046697,2.757585032619384
0.005007502513953745,-0.008624334399235233,-0.00214455125623093,-0.0077987668240406816,0.4573376435726069,-1.3871089368182241,-2.044694020536008,2.219755629286008
0.004990842591508931,-0.008673073810109585,-0.002066461016699772,-0.007817638341583317,0.45023917598608215,-1.3402050898598927,-2.069047801134953,2.164005907148436
0.004996800600821263,-0.008649365764204286,-0.0021028383982342152,-0.007806259966732672,0.45289834070857155,-1.362262692361251,-2.05568934616247,2.1889966008873425
0.004969467955656742,-0.008679461747686459,-0.0020418902999771466,-0.007798785450623838,0.4413657722587293,-1.3271866464076465,-2.056753513651265,2.137510546413013
0.004958579067718159,-0.008698284705755484,-0.002008607825286635,-0.007800684753594522,0.4366752465954285,-1.3075919329722387,-2.06207019163975,2.1117258835835973
0.004958205526026658,-0.008740505656580385,-0.0019512422256840391,-0.007830745284602394,0.43529236883574357,-1.2716957764359464,-2.0924120840226217,2.07686420928314
0.004948707106899557,-0.008719535843738803,-0.00197285709050288,-0.007805249832953541,0.4319338481276075,-1.2863580283633473,-2.0697096583981924,2.0850246027942196
0.0050505123644953125,-0.008454158992961256,-0.002401486657822603,-0.007705168384570087,0.47077751544002205,-1.5403283335560762,-1.9361903505097473,2.3914118527591355
0.00507114817061487,-0.008407051230222735,-0.0024791218558823176,-0.007685692861331674,0.47639670998884903,-1.5855290313361177,-1.9093366121704227,2.4468951710506848
0.005059356192801265,-0.008432705088481512,-0.002436376958146244,-0.007695866167264359,0.4731053589463539,-1.5606799494715278,-1.9237488232675608,2.416088786260906
0.00502620841385197,-0.00846302995609245,-0.002369167504940093,-0.007686610919660722,0.4612237316822054,-1.5221948068045625,-1.9260537233793087,2.357546709989444
0.005020937239359734,-0.008495428314548501,-0.002323602233023816,-0.007708613208565896,0.4604488943876288,-1.495327831690734,-1.9497679529361103,2.3294602904319848
0.00499139412209636,-0.008558327442423502,-0.002218391172061108,-0.007728666399187775,0.4501935163143798,-1.4337081421851376,-1.9796278640169291,2.252487098216545
0.0049964425174074375,-0.008524677774411755,-0.002265769484217877,-0.007706607769793044,0.45143000991402016,-1.4620751217052168,-1.955999609535294,2.28213836611759
0.004970307993965287,-0.008538679978842037,-0.0022264846348325116,-0.007689992336450983,0.44155630350846387,-1.440081812148867,-1.9480919823627947,2.244350429509725
0.004988749999630243,-0.00859350283207237,-0.0021705368858235207,-0.00775393819771099,0.4496755951879039,-1.4048031794439049,-2.0057001620624146,2.2237297387117754
0.005051173267744237,-0.008379430918927492,-0.0024952470418801212,-0.007639260291722866,0.46659719420995044,-1.5951921044378166,-1.8704884576902738,2.440526251690562
0.005115719840432619,-0.0080790414418118,-0.0029051037304019442,-0.0074105752310219255,0.4596455183020862,-1.8186041310238885,-1.6251563544889718,2.672621519783647
0.005100616599247886,-0.008116999158447455,-0.0028481668659087293,-0.007435128652887598,0.4593746285982886,-1.7885922852320884,-1.6544112093807715,2.6377365626803893
0.005079127904984944,-0.008149476138394908,-0.0027904548657442813,-0.007446844793655603,0.45561718755174513,-1.7572788769609495,-1.6740340864701313,2.5964479669855254
0.00502463981581318,-0.008247962139532465,-0.0026261045793330006,-0.0074889444668835075,0.4459847714305342,-1.6675184013176576,-1.7345539404747223,2.4828385639997648
0.005064339812518061,-0.008184745294699345,-0.0027363566034460307,-0.007467393738833489,0.454249837085651,-1.7281895928957298,-1.6992090187433762,2.5619934608014994
0.005041113975571105,-0.008216930204167444,-0.0026772578371444655,-0.007475636683455432,0.4491200150933223,-1.6956473591508001,-1.7158370158577114,2.5181499309697775
0.0050325788514383706,-0.008348333683234224,-0.0025159984811958546,-0.007591228428844472,0.4571240666030661,-1.6070887221405823,-1.8300316377598904,2.437266292755703
0.005014521973014926,-0.008280473598721413,-0.0025791834379539787,-0.007509521965766438,0.4450666470029116,-1.6418350074092671,-1.7577779704619971,2.454040349083105
0.005018446111935948,-0.008315143452593026,-0.0025424131200660794,-0.007545934210965939,0.4493787013249522,-1.6217840416724165,-1.791213022536198,2.439792781267945
-0.005110252657499072,-0.007843891199311013,0.003134737467329982,-0.007148667977214432,0.42209219097788203,-1.9188053274525692,1.3911015614666074,2.732290397048686
-0.005079061374101431,-0.007818414693284145,0.0031230360055832587,-0.007092361165959106,0.40852444792714887,-1.9064330802833271,1.3558310429436382,2.6970019224225914
-0.005093815569001272,-0.0078849891403557,0.0030778208581555967,-0.00717972746610783,0.4235989794388944,-1.8922381249372469,1.4249897185269413,2.7024362307699508
-0.005082926828342682,-0.00792825632926687,0.003024279948131169,-0.007217339460394626,0.4269270156918051,-1.867662967442483,1.4625445783840367,2.6779792283681587
-0.005092130004001067,-0.008103319219428785,0.0028542580297490155,-0.007412511812567967,0.45457079298709585,-1.7906463073256946,1.636604815777001,2.6323455147365045
-0.00508347938353984,-0.008070050405549041,0.002880873079748127,-0.007369381621105593,0.4472086720287031,-1.80266172595058,1.5999248181533596,2.634192814669266
-0.005074942811836378,-0.00803731322285537,0.0029061955092376263,-0.007326757271526116,0.439895130068025,-1.8134445982741652,1.564175818779215,2.6349092500071087
-0.005074594146420943,-0.00797212154336639,0.0029720903299942755,-0.007257081864719254,0.4309259128132417,-1.8434374538954141,1.501319270868697,2.6552750062542145
-0.005064479161377579,-0.008007315294966327,0.0029258962111688505,-0.007285092483922774,0.4325570020854811,-1.8208633157766176,1.530589499038427,2.631548266446677
-0.005145171089096898,-0.007657818727109151,0.0033378665439200567,-0.006963685521738469,0.39883350523600575,-1.9991797446668753,1.2201445589227722,2.799693864435229
-0.005162548575922989,-0.007611377231771193,0.0033961236062249674,-0.006922568410949063,0.39437203657169506,-2.022043782314736,1.179097161591909,2.8235157642449997
-0.005270968195021199,-0.007258683072905775,0.003776828672401031,-0.006562480212390529,0.34392985376882096,-2.137495264782747,0.8563880422818478,2.9204398292902867
-0.005239623355963942,-0.007294790194130108,0.0037148078033956687,-0.0065874139923232855,0.34573116109699426,-2.1142907265096595,0.8896343979576827,2.8893655611519162
-0.005170568619929617,-0.007562579632351333,0.003443923015681401,-0.00687011177390598,0.387069505664601,-2.037494798750826,1.1337286019924304,2.833734127748371
-0.005188030047910009,-0.007504120502372775,0.003509152595552816,-0.006812308197469564,0.37896035878426815,-2.0595827733878163,1.080771376094425,2.853532683489786
-0.00518527005289437,-0.007446316807984973,0.0035471176344510223,-0.006738898857157266,0.36693585506729404,-2.065125849028417,1.0262224876671546,2.8453063813529256
-0.0052118065561442516,-0.007343899942013785,0.003648757249518043,-0.006630307155188745,0.35128921278633746,-2.092489688960054,0.9336245787027991,2.8641405684198653
-0.005185129872138785,-0.0073903893998481214,0.0035850480014629526,-0.006669432323699972,0.35550126786996356,-2.0702976319508166,0.9746872715350798,2.838089014189723
-0.005107152059383512,-0.007731129641807377,0.003231877415973795,-0.007017378633372422,0.4020572703987027,-1.953012081048685,1.281122785570456,2.7450074659146826
-0.005073977388941797,-0.007777193499185054,0.003154098615812288,-0.007041581834730732,0.40048130234287205,-1.9165393904942518,1.3151278742178742,2.6973888354533493
-0.0050945205906765606,-0.007681904286912684,0.003258689823833197,-0.006949940470372962,0.3901553589392152,-1.9576351867880446,1.2313370558011139,2.733746831593088
-0.005365466846920477,-0.007040794238716341,0.004017248719777536,-0.006335204043243894,0.30888273276602946,-2.1915551418557366,0.655900436172335,2.966793272087435
-0.005365907899198707,-0.006974143276994373,0.0040479296471461,-0.006246201062330577,0.29407572941957194,-2.1824980338898414,0.6012647905087777,2.939788115267763
-0.0056036288592906805,-0.006457566853474392,0.004524379095102141,-0.005646795071514611,0.19879119113508883,-2.1955852571310905,0.15958130751055258,2.9061607252806096
-0.0055699595709078585,-0.006527086517391648,0.004465647868389041,-0.005730899944623905,0.21234674964771036,-2.2006396699664776,0.21591687340286217,2.919007578074455
-0.00552367858691158,-0.00672145060778595,0.0043546812832756425,-0.005980796354000085,0.25122140923056446,-2.2327872545963383,0.36291563592495457,2.990646286487014
-0.0055408101992790865,-0.006595412919040242,0.004411069821588252,-0.005813904048065179,0.22508316290186411,-2.2057728217870145,0.2711392389046931,2.9328922542017946
-0.0055206023151432295,-0.006657353192277009,0.004368046198439807,-0.005890938929826172,0.23753822737315053,-2.2124887383707077,0.31968607455756987,2.9494921429080665
-0.00550418346970664,-0.006543709488292975,0.004372632450140459,-0.005729542185794857,0.21344801331947072,-2.1685120340095154,0.2536598169831939,2.866538727196254
-0.005429640311005861,-0.0068815840845515225,0.004171672667542256,-0.0061555796696031026,0.28004371645207243,-2.2096790188768014,0.5125900829373443,2.971639338248124
-0.005446727499516513,-0.006820380999691182,0.004217281361671551,-0.006080814383435675,0.26779918058562074,-2.207924494183795,0.46103389317430693,2.960305707284281
-0.005475617037679926,-0.006763666348236104,0.004275671506509018,-0.006017050411442951,0.2572725523848188,-2.213121454112528,0.4100562846060698,2.9621739142480443
-0.0053684691160989185,-0.006905129375383189,0.004080025094902292,-0.006155352993012967,0.2794652494102519,-2.1728277658212494,0.546681364070443,2.912799006112166
-0.005533387773537613,-0.0063792107662410035,0.004441444876515848,-0.005518693000937394,0.18404295022890202,-2.1310840469265178,0.14852297259803174,2.7943256128928113
-0.005275141995080647,-0.0072123614444179925,0.0038091544143417284,-0.006505280221565748,0.3338610216437084,-2.1398197118380264,0.8147265303425089,2.913443661779771
-0.005287236458530138,-0.0071684305695166725,0.0038492027183101617,-0.006455964967721177,0.3264973454277101,-2.1466686868701856,0.775682673496794,2.9157131398204403
-0.00527804210117284,-0.007129809523627785,0.00385775013563074,-0.006399902583233155,0.3169121449304758,-2.1380393226199694,0.7436448034290366,2.892967740929264
-0.005302892724085249,-0.007080338090000324,0.003915248574075366,-0.006350432354836289,0.3096715319070606,-2.151624222945873,0.6991314649571628,2.9063061438282074
-0.00557694017629025,-0.006244307191053128,0.004515100206488368,-0.005351755925879677,0.16167984093393709,-2.105558063573828,0.062150488949710266,2.746772574539392
-0.005494342291498119,-0.0062883028721319265,0.004402264719204887,-0.00538801367532425,0.16881543176070485,-2.0820274846472167,0.11962680915305904,2.709485753035677
-0.005588683811092505,-0.006153756399313359,0.0045375102764923896,-0.005235765712633542,0.14765691482889767,-2.078459747050205,0.01620603531561436,2.6996866304887193
-0.005625590279569701,-0.006060978940404745,0.004589756483387295,-0.005122457569251348,0.13297054202051276,-2.0596769582587737,-0.03916173209328432,2.6678046257980417
0.008469376526536917,-0.002525711488784687,-0.005922924920997333,-8.5912260340984E-4,0.028026510808668564,-0.5533142224540785,0.862338620674271,0.671474041007097
0.007767868758208206,-0.003395280601114827,-0.005943516706070643,-0.0017003301851069672,-0.0065019311232418645,-0.9699708300400222,1.0062907105252332,1.2041307467228328
0.00794907739717108,-0.003284725980392842,-0.00600662844271734,-0.0015282296734638547,-3.012046651582102E-5,-0.8774992521756134,1.0281974252048924,1.0952673007919358
0.008374395911870022,-0.0028260954106802036,-0.006015160692396418,-0.0010406213962641869,0.021183230724728996,-0.6268753388511605,0.9639148447722857,0.7785572788844127
0.00805809046573557,-0.003113451598137628,-0.005987786652348386,-0.0013648587334802176,0.005599918685713558,-0.8024111253649012,0.9967846373125369,0.9938345473565854
0.008192906951348881,-0.0029902176428046297,-0.006003080393671197,-0.0012220663871737537,0.014057199226750026,-0.726845321761911,0.9858101019305385,0.9032813193002563
0.009036038136688327,-0.0015892020650430851,-0.0057689464577972485,-3.286904833543684E-4,0.04523215346270945,-0.26596293325898973,0.5614739493297027,0.30694700990080476
0.008754469995899253,-0.0020279531865254625,-0.005832730596714354,-5.504262983044893E-4,0.03739449349685816,-0.39847976113036915,0.7067519201275861,0.47073800102016083
0.008397963326753846,-0.002248120510499657,-0.005784264530222595,-7.783929203252776E-4,0.02607113014767669,-0.5601644528570664,0.742897233205071,0.6569584971645299
0.008142929322391466,0.0019088266116634282,-0.005567398265631802,7.328437617646387E-4,0.021991452698702618,-0.62747358218286,-0.5845415762997089,0.7091277529376302
0.008298248677663616,0.0015946320633636922,-0.005545801783989298,5.583910564051757E-4,0.025313247215160123,-0.5494714980867281,-0.5001665765029701,0.6090428014082183
0.008890607175254655,-0.0011623144737051133,-0.005632683394822833,-2.694321686731235E-4,0.03978466808716539,-0.3142358986859594,0.39677452823810727,0.34062539806744013
0.009099995584307411,-6.510896132506342E-4,-0.005597753801243143,-1.2140448235739824E-4,0.04332239569075734,-0.23036220936642554,0.2243380677193665,0.23870503358297365
0.008633970235093717,-8.487038911297539E-4,-0.005512051792756692,-2.3672875970743543E-4,0.0342800866281963,-0.40210696086095543,0.27654053231126297,0.42655429805918593
0.008765499125802335,9.873981313241284E-4,-0.005569216796701894,2.515741272272442E-4,0.035494146348523166,-0.3582343187889862,-0.329514522307955,0.38080103581513897
0.008258864511554938,0.001220499241944817,-0.0054502605934288436,4.2892875811126286E-4,0.02643276606699897,-0.5437825576069487,-0.37518899236205977,0.5899292686953962
0.008810416718374564,4.0494640967636574E-4,-0.005513078557876749,9.828901647716046E-5,0.0363638384407133,-0.3334405660927831,-0.13478192269651193,0.34425285236960584
0.008963802768553238,-1.1009035370443996E-4,-0.005535072522153415,-2.3512670596840594E-5,0.03959337182075912,-0.2771836481295773,0.0371382149882778,0.28292186671299424
0.007069638646298886,-0.004350963660193808,-0.005832823323239255,-0.002847948854434366,-0.03322867644751814,-1.4502400480892705,0.9762435453885224,1.8450181812910744
0.007322472637719196,-0.0036940800356803794,-0.005754391404553295,-0.002148795514878545,-0.018071081480302672,-1.1886345035302595,0.9254100610646027,1.4696487758449281
0.007110116165881056,-0.004198283435575535,-0.005800329229621382,-0.0026839327891008177,-0.030308034130985203,-1.3900883757077318,0.9599690125677723,1.7550348981488082
0.007164859466285333,-0.004035457395013197,-0.005775533152203748,-0.002510516815720749,-0.026341152678313506,-1.3261259049401881,0.9462626273905205,1.6620978632237648
0.007238332175085559,-0.0038698329400353847,-0.005764106092829264,-0.0023327653972382728,-0.02273619035343287,-1.2590781726905653,0.9369118308909293,1.5676042076508045
0.006938367813778679,-0.004397955774475414,-0.005725200474790713,-0.0029517663605277927,-0.03032229484737047,-1.4933321608196477,0.9121956078811974,1.891540736350312
0.006824273603670683,-0.004482705348576232,-0.005646636647831532,-0.003082959251093082,-0.02674486814512797,-1.5424252666651903,0.8639149665789404,1.9517203780441295
0.007422470139806522,-0.003510036874850265,-0.005750206358688656,-0.001958878135842792,-0.01313403623052242,-1.1137470491458432,0.9124733914813118,1.367838401712371
0.007547909514406473,-0.0033060604329589564,-0.005751726365826672,-0.0017518232346894886,-0.0068271140539049565,-1.0292669839820847,0.8971295118882184,1.254513249642079
0.005893995657707492,-0.006093941422165892,-0.004950401379491188,-0.005210998365577722,0.12698081842403616,-2.1829780904698954,0.17987009299517884,2.879989629977462
0.00585395244577076,-0.006143349436342964,-0.004895604483913555,-0.005273535392752717,0.13754100076310813,-2.189360607114801,0.1348722054376288,2.8896629782612555
0.005789059283530587,-0.006157842662953251,-0.004805657978412895,-0.005281770287281637,0.14265946410796107,-2.1674867609731634,0.08848450362645567,2.851437588238444
0.00572588208738578,-0.006193524167037365,-0.004718221016410681,-0.005317874865417397,0.1507743523936784,-2.1544555584901333,0.03682468490565042,2.828769297834913
0.005619528121903099,-0.006461500248483243,-0.004545681747770223,-0.005657460822116509,0.20039554607259283,-2.205711048939183,-0.1540907438618432,2.9237192299485057
0.005590872631893282,-0.0063808317736337074,-0.004518313085087125,-0.005538065409420688,0.18483461474056095,-2.16145748183761,-0.12335207332217482,2.844982322805328
0.005666735762926664,-0.006240146579184074,-0.004635398185249109,-0.005367885794332031,0.15967008245328582,-2.14599756365363,-0.015914195664979012,2.8147231597054883
0.005609879411568446,-0.006301465723861284,-0.004553454209574621,-0.0054363062762401515,0.17051394372808962,-2.1422272240283124,-0.0734737389075234,2.809469467226063
0.005875464418423342,-0.0059935714887218985,-0.004920277287941582,-0.005070493080480008,0.11385717079778311,-2.1287765082711494,0.2032110873725323,2.788272550703311
0.005839915457215154,-0.005896670624691965,-0.0048668254616454215,-0.004937153315235242,0.102571579749375,-2.072810707241587,0.21232566027321537,2.6936033475689425
0.005945269621842543,-0.005739284557281295,-0.0049895423063498765,-0.004737290554658224,0.07795648599247451,-2.0355010453818854,0.31763976803003596,2.6381208522778192
0.005870636853376964,-0.005808343225411662,-0.004900030080747036,-0.004823799705328094,0.09022515177187719,-2.0442521349959026,0.2554104850445113,2.6479488826005437
0.006051437729600222,-0.005612677772431544,-0.005107705187114117,-0.004573345468288741,0.05805224945470345,-2.0045476271097242,0.41035827261087615,2.595100558445249
0.005957067390986714,-0.00563773740618438,-0.004990867994406372,-0.004606735324394769,0.06701246867461103,-1.993676641184809,0.346317642845068,2.5712714209066516
0.006107596777631032,-0.005519606846697083,-0.005161678963787666,-0.004451514346200219,0.04566442476235349,-1.973308134770955,0.46045590611050485,2.5492506343200816
0.006132648326166688,-0.005380737447932088,-0.00516295680560861,-0.0042757647077713845,0.03451721464846081,-1.9154146567234065,0.49145227639366657,2.459282653191884
0.006722571882818678,-0.00459601854184317,-0.005587441771570564,-0.0032373907526126325,-0.023461871166698144,-1.5975591808900975,0.8237204286830646,2.024068719416569
0.006612081482725759,-0.004647534804798171,-0.005490381194098492,-0.0033286483085619477,-0.018178112781290914,-1.6273039520940933,0.7665771168683907,2.0564396993937613
0.006699037845835526,-0.0044388362122034074,-0.0055022570628555385,-0.003083918623556567,-0.020446480670840532,-1.5437864023381251,0.7864461972905362,1.9373463818321295
0.006311519074364895,-0.005134256183991417,-0.00531518628824116,-0.00395223419562601,0.00851460093478283,-1.826508366928785,0.6157033810552175,2.335243755129937
0.006417893665286738,-0.005062750078595472,-0.005418399947926173,-0.0038458097483057706,-0.0017831038218718896,-1.800352968301129,0.6817291950115759,2.305508733920021
0.006429523185238703,-0.0049207048386962346,-0.0053853668333589755,-0.0036795462080071867,-0.005693038282194202,-1.7415835072561079,0.6829271450214282,2.2136928877287825
0.006464031456196413,-0.004777019098727066,-0.005376275661532211,-0.003511083778271169,-0.009045038364417772,-1.684442548011858,0.6934732426604673,2.129232122235082
0.006503083890990561,-0.004637799047463195,-0.005371391762785081,-0.003350862892024804,-0.011795605887545012,-1.6310226616294246,0.7034782764163867,2.0506313081623
0.006197944441952028,-0.005244246704427677,-0.005209676314311498,-0.0041019019508084335,0.02167630630413159,-1.8645316671820926,0.5415877222911645,2.3842816860359437
0.006193322156917135,-0.00510263336231908,-0.005168032644092745,-0.003935440953841838,0.016099791337679772,-1.805715026306834,0.5444350643380307,2.292079336457721
0.007698726691699464,0.0024000258004921635,-0.005501873126138619,0.0011282718010336547,0.009675728768237052,-0.8277741016351697,-0.6612710508426737,0.9573129060113829
0.007371099131954134,0.002539488742208878,-0.0053552628770542655,0.0013249927851057405,0.004980106012372373,-0.9436863429054551,-0.6266012110801386,1.0940859652261643
0.007750661234348333,0.001997853056081432,-0.005409645034562678,8.995047651778721E-4,0.01386442147159,-0.7642992796838158,-0.5517981961732938,0.8649749866763387
0.00640608446408705,0.002989119904654683,-0.004811464957550234,0.0019151473748110109,0.004889144598763575,-1.2111036206981163,-0.4704370647192753,1.420987853286528
0.006704010825303645,0.0028127702462010123,-0.004987840199337259,0.0017103618728518397,0.002809039666999463,-1.134835238114399,-0.5200221010993409,1.3250683899482363
0.007016709111060247,0.002676638508581718,-0.005167956069987044,0.0015269244747998752,0.0033059930403708192,-1.0514946999880375,-0.5725504149737559,1.2246533239672208
0.0057203335093946005,0.003600171014820323,-0.004383638542080074,0.0025400860175188136,0.01628104642107972,-1.3744240014631093,-0.3426572979374867,1.632025680586355
0.004819635243623575,0.004328898228471443,-0.0036796052114074704,0.0032515499716870536,0.04675116202387758,-1.4647210388687106,-0.1176827294465584,1.7494611976737227
0.004622881255961666,0.004460601754616325,-0.003510381901986909,0.003369608524588717,0.053749079433150417,-1.4637924433867153,-0.0706369204493247,1.7479144936036028
0.004425899365927949,0.0046230852274324104,-0.0033386436075934015,0.0035095852735504067,0.05992774714003645,-1.4628089143461604,-0.02187968282593923,1.7457822000534409
0.005311355357110183,0.0039879967405757905,-0.0040861382178862165,0.00292416126175898,0.02972990170238259,-1.441494252797807,-0.24229399817445776,1.7210164162830175
0.005459042995053521,0.003721040085526967,-0.004179872873580622,0.002676928927075419,0.022820549691141053,-1.396990132668382,-0.279699740884972,1.6600954738287597
0.00505325214939011,0.004020057612269586,-0.003862774151990433,0.0029703113003935262,0.036130590026709486,-1.4335175573006131,-0.18303083356251595,1.7071016535318997
0.00481095033204047,0.004080577953215376,-0.0036565048324286166,0.003033497022817674,0.042204189379544614,-1.4275110886831912,-0.13290465213739977,1.6969548150530898
0.003916735062849756,0.004766449101279757,-0.0028942361053376224,0.0036076286243282843,0.06670029486566735,-1.41387390825958,0.05524372825304748,1.6781841809954192
0.004182610884094723,0.004584742452766978,-0.0031259853994367497,0.0034667092488998427,0.06175795830140536,-1.4301055530145574,0.005439395029432704,1.6995115534884602
0.006103394828060106,0.0032296596454930546,-0.00462896736730721,0.0021680515335779915,0.008316408303888176,-1.2859042781343513,-0.4188947739621565,1.517184216824859
0.005813022227012979,0.0033773677138120954,-0.004422226297794211,0.0023400542170604935,0.014050093093798299,-1.3302642421179895,-0.3558168430757435,1.5715914538479612
0.003544857307436777,0.005205006055019494,-0.0025534681738163295,0.003943391819307265,0.07585726680271306,-1.390338741700876,0.14410589497656393,1.6481567805122685
0.0035824543547128074,0.004889504306708297,-0.0026078676823248197,0.0036853539042919045,0.06888819725365342,-1.3804767878294568,0.09617841467507991,1.6321883526394159
0.0032518038664939783,0.005317432500420141,-0.00230254341151661,0.0040008645744607635,0.07516534310533733,-1.3517357075628043,0.17054626850911095,1.595573977263219
0.003027845343072367,0.005545080736595371,-0.002098230365805775,0.004152673922788519,0.07427928751452145,-1.3217480173793874,0.20715608183241868,1.5571833318562596
0.0036394187012739527,0.004554631700010319,-0.0026699152489983043,0.003413500341155938,0.06257271372831497,-1.3674791703837765,0.0527016805209262,1.6127747324803234
0.0049127300678761966,-0.009199200666940426,-0.0012646769721204488,-0.008047406903310421,0.37338283969302866,-0.8352526853333039,-2.327040261228018,1.6119375938092335
0.004911820246017663,-0.009181816402427413,-0.0012903550001890694,-0.008038351643851164,0.37564483450226893,-0.8522442690056272,-2.3179655586523675,1.628862038939323
0.004914936014854435,-0.00916350371323008,-0.0013192227349148765,-0.008033302447656593,0.3796693695666141,-0.8704971310072219,-2.3118095498810325,1.6493801088483502
0.004929256672700633,-0.009767690838042433,-3.7705566023406696E-4,-0.008234352369020913,0.25030745693058126,-0.25344976209164466,-2.522512886582774,1.0106771509394763
0.004927609399577948,-0.009787760261144722,-3.443906105128203E-4,-0.008234974414617539,0.24402117508166393,-0.23281927790792345,-2.5244845772723274,0.9878783720208206
0.004916166755446554,-0.009712853596208087,-4.634387564027868E-4,-0.008210875347406409,0.2618604808589233,-0.3117938621276785,-2.501101620633946,1.065758935904736
0.004916966858317672,-0.009734808931049712,-4.283129472566279E-4,-0.008215279462233743,0.2559945079629458,-0.2889907492218415,-2.5060842475773604,1.0419991325984332
0.004913518655538618,-0.009755104641228116,-3.9519461579775504E-4,-0.008214207640425143,0.24931946951354142,-0.26836784144510945,-2.506911772480628,1.0183249321852006
0.0049016762314568986,-0.009701556220039018,-4.7908759901367753E-4,-0.008192069446909638,0.2605932962642852,-0.3248973776309245,-2.486414072848786,1.0720552194806006
0.004915951959158792,-0.009457080087737829,-8.694599477150029E-4,-0.008149969263582017,0.32555339487092755,-0.5756178318826516,-2.433214137411825,1.343974970382802
0.004899989126642738,-0.00943907488569686,-8.925307250685128E-4,-0.008125760623945539,0.32394742996553944,-0.5941762102107516,-2.4131353242271416,1.354590582954504
0.004901542226566952,-0.009216079362390437,-0.0012342624014207886,-0.008042172733053667,0.3663928680081651,-0.8176057682972907,-2.3250658250492098,1.5873628526738006
0.004922216886718981,-0.009377613493867778,-9.955720688516127E-4,-0.008130808609148209,0.34475665864981364,-0.6567694107497658,-2.4107928819928914,1.432394902653045
0.004913990587589069,-0.009394156119819978,-9.669911477208518E-4,-0.00812705169931145,0.3382551096492223,-0.6398463821514319,-2.409628120747892,1.4101120504118758
0.004894122437463251,-0.009411940650855294,-9.326709836610944E-4,-0.008110089401682367,0.32758884425616136,-0.6216747249079909,-2.3985481480668205,1.3800907386360082
0.004913421984063272,-0.009358698706927853,-0.0010217082324807238,-0.008113772574929644,0.34528811019484035,-0.6758268261483983,-2.395839886929702,1.4472906422166896
0.004911859483142558,-0.009332311121790634,-0.0010618001115198356,-0.008102110294098368,0.3498806289797293,-0.7024343124363343,-2.384142224418522,1.4740947960226036
0.004907203450952784,-0.009301832831707685,-0.0011067118007630943,-0.00808485958672227,0.3538322366555113,-0.732830890145496,-2.3676487136588764,1.5030304399923922
0.004905542053896806,-0.009257863884436906,-0.0011729469726647075,-0.008064905897090613,0.3609796215156615,-0.7766002426768283,-2.3474019156600217,1.5473899023055913
0.00489836927056448,-0.009278068024776796,-0.001139323313144834,-0.008065071996798895,0.3547955347233752,-0.7560189356807723,-2.3498521283492146,1.522073968043855
0.00488829831670478,-0.009237759450966184,-0.001195894200194147,-0.008036522209997394,0.3579217967964881,-0.7951318558278876,-2.323347706158669,1.5567424101892036
0.004915612687192854,-0.009600179037696888,-6.433674861544256E-4,-0.008188108100954177,0.2914026446475692,-0.42838060174446785,-2.4749050762056477,1.1888400581126193
0.004907488173134112,-0.009618079412241324,-6.131019270490485E-4,-0.008182625290464941,0.2842566451768136,-0.4104756802118326,-2.4723813919402975,1.1655835732992532
0.004899240397956576,-0.009687064947544038,-5.017549752780295E-4,-0.008186701336092181,0.26374025489348885,-0.3400484073841155,-2.4812629417826737,1.0868087381559344
0.004898249578425784,-0.009670380612362426,-5.281156334332065E-4,-0.008182486628457442,0.2678613812449791,-0.357311032928423,-2.4767542778781952,1.104537473567053
0.004899524055597971,-0.009653048681753576,-5.559012786852703E-4,-0.008180623332330177,0.27277469916349406,-0.3750505152108108,-2.473903614614454,1.1239484912701638
0.00490267309092049,-0.009635581317037607,-5.842802975578715E-4,-0.008180743645138726,0.27826802671664924,-0.3927936411638608,-2.4724972327955252,1.1443530468033491
0.004900638063323631,-0.009585733673640701,-6.627860786450151E-4,-0.008167299308553767,0.2902105321908413,-0.44422140973222085,-2.4581501424751004,1.1975167810935743
0.004892247876095781,-0.009567339695684051,-6.897526715980385E-4,-0.008153106823090011,0.2919564219307773,-0.46350390249947354,-2.4459279633362576,1.2133496816995208
0.004913023942751852,-0.009481673715911241,-8.300008730781681E-4,-0.008154014403939315,0.31900295293269926,-0.550497026542883,-2.4386203285321604,1.3159983556128623
0.004901028324982258,-0.009505070595275052,-7.89833311970422E-4,-0.008146829974487929,0.3095404577592891,-0.5268738552266702,-2.4354311501769192,1.28465324055864
0.004891917023455541,-0.00954741937548035,-7.20957130046847E-4,-0.008147694967151934,0.29665783033444054,-0.48389459777418237,-2.440053155292595,1.2346092571679124
0.004894525182400108,-0.0095268496879243,-7.539042707693823E-4,-0.008145292062073798,0.30232080246934473,-0.5048185079640112,-2.4363340006503873,1.2579866134399447
0.004871969965770372,-0.009557278923354116,-7.004484031112318E-4,-0.008127119714454721,0.28788579568778067,-0.47461810238395913,-2.425598063933952,1.2142678524749855
0.004927554666838074,-0.009832777035426708,-2.715010673823306E-4,-0.008239801500675716,0.23081275851776936,-0.1861035908200903,-2.5313327198426605,0.9381550043230545
0.004916916533245866,-0.009805177462313793,-3.1501434822713887E-4,-0.008224480193770653,0.23599067413391298,-0.21611038526808493,-2.518240227415467,0.9645970176949853
0.0049122937470286445,-0.009822340508647267,-2.8685681740099053E-4,-0.00822090512942029,0.2297270255366837,-0.19894460291077032,-2.516981233467486,0.9439930388210594
0.004925791294602651,-0.009851426116629416,-2.4112130507743503E-4,-0.008239422373640441,0.22476404437560357,-0.16700912869240653,-2.532440916577094,0.9169281427305204
0.004915982111740598,-0.00986902088521747,-2.1186433249649432E-4,-0.008229346432539185,0.2169404907661798,-0.15015385426742575,-2.5265497150382363,0.8940085175195137
0.0049108952897284905,-0.009885875659357174,-1.8429156350504365E-4,-0.008224584501310543,0.21059011550607173,-0.13343895331258573,-2.5244114604984813,0.8736688355279751
0.0049084731367292035,-0.009902755663904021,-1.56913215428999E-4,-0.008222780624792198,0.20492295418550086,-0.116348130505862,-2.524386343167936,0.8542874796574891
0.0049410518453967,-0.009984424878477128,-2.54213314011994E-5,-0.008263618306306118,0.18744511466795724,-0.0267701512110614,-2.559011797305084,0.7752247013166099
0.004941558856393667,-0.010000490058125412,8.134153422069181E-7,-0.008264290331665909,0.18242765524823734,-0.010044634041851819,-2.5605781025151066,0.7576386297312113
0.004908641675004184,-0.009951097274699337,-7.891800552582415E-5,-0.008225019225043402,0.1903063637052478,-0.06643580198988898,-2.529536688607348,0.8013152021292492
0.004907752017248941,-0.009935435383927542,-1.0416361042775954E-4,-0.00822346432434413,0.19486313908860262,-0.0827264673131355,-2.5272892792868404,0.8181915851627352
0.004907557172939873,-0.009919249853827338,-1.3026368942634035E-4,-0.008222556955931173,0.1997320798834286,-0.09945540158030391,-2.525452372658474,0.8358757437506127
0.004924672933389519,-0.009976014361202197,-3.892238008397396E-5,-0.008244303088689122,0.1863303438946318,-0.03817490785318517,-2.5449021183302816,0.7792076313694193
0.00490833334389719,-0.00996659898974427,-5.388726624418767E-5,-0.008225032204037232,0.1854836060165537,-0.05049321269313173,-2.5306736744023675,0.7842085376419176
0.004957837050666916,-0.010071772615074822,1.1787924216187603E-4,-0.008281995608067865,0.16265031308878267,0.06657454579741444,-2.5775993403806026,0.6839413182923836
0.004957445523026857,-0.01005607447462698,9.209142211737976E-5,-0.008282101731471009,0.16773757769489958,0.05023912040622985,-2.576644094696167,0.7011896835060271
0.004956945473179282,-0.010040248218753494,6.609320739833878E-5,-0.0082819417128218,0.17283309490790313,0.03374432516425934,-2.5754944349054942,0.7185539638215466
0.004943441582280039,-0.010080070317216387,1.3085099620818223E-4,-0.008264712037927028,0.15705731469043716,0.07260088920020781,-2.5662374151298217,0.6704297935358278
0.004946130404378704,-0.010174493374299385,2.851717455924579E-4,-0.008261065696533931,0.12639898571373798,0.17053973323188557,-2.570013462740422,0.5673733603053385
0.004945147100298644,-0.010158935411332377,2.5970445425710294E-4,-0.008261382523733228,0.13139635735893138,0.15431132745994347,-2.569199035307747,0.5841813236797563
0.0049448392492194865,-0.010143689677591727,2.34805724790634E-4,-0.008262328371873138,0.13639480398894258,0.1385293740810234,-2.5688331333423142,0.6008424916154668
0.0049425536953902555,-0.01009582562589434,1.5653246128505204E-4,-0.008262886919276362,0.15172675513348857,0.08871839438719341,-2.566034144109381,0.6528127513273915
0.004943455522634326,-0.010128475732914194,2.0987473379147117E-4,-0.008261876123777318,0.14117724627335937,0.12257531692903846,-2.5675133475381227,0.6171699532778514
0.0049421204832959835,-0.010112347821903888,1.8346970883186846E-4,-0.008261406763680007,0.1462243997602866,0.10569366941220666,-2.5661187668289007,0.634509259254684
0.004941416714335048,-0.010032805006748628,5.358964098639966E-5,-0.008263831945285119,0.17200638492538736,0.02337552804243523,-2.562451332211094,0.7219233052142973
0.004941197604947881,-0.010016542354998733,2.702850991965746E-5,-0.008263795175216469,0.17719717876698224,0.006515766826443015,-2.5613222758797227,0.7397938879804133
0.0049468443999025205,-0.010190327516993256,3.110622277028397E-4,-0.008260264424975154,0.12125752499140387,0.18699906951473474,-2.5705099336305905,0.5501903813226203
0.004946084244894511,-0.010254003745871746,4.1459946400812677E-4,-0.008251340675581309,0.0999688234759593,0.2523814457694473,-2.5686370985370712,0.48026411831609384
0.004945335364726052,-0.010237759259074655,3.8809402350238386E-4,-0.008252729962395886,0.10525943403130363,0.23553223442809637,-2.5685116381719797,0.49782704131727834
0.004945011110125766,-0.010221554754790078,3.616997145771673E-4,-0.008254462089002929,0.11059089881169458,0.2188000736713708,-2.5686223594067616,0.5154713255997337
0.004945447027280703,-0.010205630283482495,3.35835773901846E-4,-0.008256904291315698,0.11594705624260206,0.20249347440605428,-2.5692336784246717,0.5330297604147827
0.004998846468023109,-0.010655715095023952,0.00107615155481869,-0.008208976270671109,-0.028891964117629506,0.6762327084114147,-2.566810047084614,0.0558239387107333
0.005006466496003846,-0.010702692837547113,0.0011537077278197883,-0.008199631453108135,-0.043696042331860245,0.7263098451547317,-2.5637789453648936,0.006580802512218113
0.005003792859268826,-0.010687220358230927,0.0011281119495435618,-0.008202659966135666,-0.03884953134765871,0.7097650689278653,-2.5647385248790115,0.022771405866848168
0.005001102829138481,-0.010671552693136742,0.0011021894848948705,-0.008205603344868492,-0.033916708888061524,0.6930260755342984,-2.565633222208241,0.03916516822985771
0.004967610715564746,-0.010324767629604438,5.333161472603373E-4,-0.008264975871108936,0.07906491020988683,0.32948903579256367,-2.582425138331162,0.40843705127060487
0.004971067897131239,-0.010371959724695833,6.108416679775282E-4,-0.008259673124601461,0.06348055126342765,0.3787268574782113,-2.581916172775465,0.35774683490458914
0.004969639983019118,-0.010356405455365357,5.852404313179403E-4,-0.008261223034906638,0.0685701980440422,0.36243614983980194,-2.581947813070528,0.37437791324742725
0.00496838378959252,-0.01034061860497607,5.592891043435349E-4,-0.008262880739440578,0.07377474311553894,0.3459443592801588,-2.582040990033507,0.39130894742341527
0.004957182388244224,-0.010380832316707944,6.222529989419446E-4,-0.008241461612496346,0.059007353833409874,0.38493631490055996,-2.570295656406588,0.3446980447901713
0.004957225251680151,-0.010396108291798758,6.469501430782666E-4,-0.008238132148926242,0.05392004044613318,0.4006218534324045,-2.5690630903546214,0.3280862565830815
0.004957450129867258,-0.010412123445174578,6.728503541768432E-4,-0.008234709819117586,0.048623994129260335,0.41709453300385846,-2.5678169897913246,0.3107310088691621
0.004952699610437389,-0.010318063784099968,5.196873017761458E-4,-0.008248687374014891,0.07947281710871047,0.319545830198627,-2.571046760441192,0.41200584035952864
0.004947069914962691,-0.010270303498905025,4.4122248937137986E-4,-0.008250070171839957,0.09468374922173851,0.2693293561753103,-2.5688484325878176,0.4627124517417392
0.00494846597998072,-0.010286798022745902,4.6822254676893256E-4,-0.008249097563920635,0.0893689190836393,0.2865566017217575,-2.5692745038994467,0.44506137936094864
0.004951397517166669,-0.01030257061649481,4.943158866860035E-4,-0.008249894482229658,0.08449497848770969,0.3033563700890241,-2.570844729858884,0.4285909950622185
0.004984948673294683,-0.010530042992606766,8.702759506230458E-4,-0.00823529159770966,0.01159538680789489,0.5440822728907592,-2.575960761321809,0.18895604777059735
0.004969705044666432,-0.010523987744761494,8.559664867630507E-4,-0.008219221994179694,0.012662866610095023,0.5344549384662397,-2.564814076364278,0.192164189498893
0.004990578979177055,-0.010577090970153837,9.476396687398595E-4,-0.00822701495218408,-0.0036227688748136752,0.5936523940521741,-2.5735670396460173,0.139166281268672
0.004988453246161492,-0.010561524296123696,9.219719898055463E-4,-0.008229586743168154,0.001378880731932708,0.5771834495971753,-2.574242490076189,0.15558315744484694
0.004986450386552706,-0.010545810903551098,8.960970825916025E-4,-0.008232207843512002,0.006454415194471563,0.560599658010085,-2.574947625476653,0.17218468812123475
0.0049771728897566245,-0.010586743185050708,9.586094288310481E-4,-0.008208069684685132,-0.007371116994746285,0.6004618759661903,-2.561528833729403,0.12587242176262559
0.004977899842792497,-0.010602164448768969,9.834122050951142E-4,-0.008203681564575412,-0.012320244112483504,0.6164296126879694,-2.5596232586431245,0.10936051989564265
0.004978760418617587,-0.01061798903062199,0.0010088646247396209,-0.008199170442361648,-0.01736424762315297,0.6328366319624833,-2.5576606018138395,0.09245251604495462
0.004980145813338516,-0.010633912924856243,0.0010346252488275295,-0.008195093534456672,-0.022398854534107112,0.649466783619543,-2.555995704508852,0.07555372980371668
0.004981929975876665,-0.010649844498516732,0.001060514884852983,-0.008191334142940586,-0.027403817929392,0.6661991739895532,-2.5545462887976425,0.05873426989012751
0.0049612177018329455,-0.010444944107179154,7.266641648197813E-4,-0.008231114492873197,0.038092186549405875,0.45155231840548193,-2.5675568571351746,0.27596767927510063
0.004958574547456609,-0.010428709297523167,6.998565363119362E-4,-0.008232056427174535,0.04322597053764827,0.4343384776486085,-2.5671245556119806,0.2929800133513592
0.004963905425980618,-0.010476174259416847,7.7760482698943E-4,-0.008226065445417012,0.02797823212409306,0.48415993126101453,-2.56623606791379,0.24269064116295058
0.00494872760481017,-0.010468859025948863,7.617918968700358E-4,-0.00821026907729693,0.029102732995374348,0.4732529846619266,-2.5551604211286825,0.24726142010904484
0.004950416373347701,-0.010454553458358346,7.393335101187295E-4,-0.008216003658922597,0.03393601205383533,0.4589951240370869,-2.5580611612830784,0.26311873239447
0.004967425225913462,-0.010508717636680423,8.308255372424241E-4,-0.008221049834236745,0.017529528419468376,0.5182900148031364,-2.565025035363597,0.2082074055274283
0.004964855517037938,-0.010492657101067587,8.043328333879754E-4,-0.008222625511334167,0.022615641975710685,0.5012599023550539,-2.5650209646159916,0.22503770247882796
0.005070728905027433,-0.011061312918875531,0.0017421867451679087,-0.008092574372911915,-0.15043442759438944,1.1122417652173466,-2.516860809817356,-0.36840064583775267
0.005028602595984588,-0.010843805854484129,0.001385331038148852,-0.008162899616705568,-0.08725848765188499,0.8768366147784049,-2.5489508553273876,-0.14144169940053244
0.005025846582739178,-0.01082846795847686,0.0013600847430056317,-0.008167049246876662,-0.08261474809340229,0.8603528910748376,-2.550659964597127,-0.12541362210036303
0.005012280108451116,-0.010750044608775449,0.0012309352318919666,-0.008186712137435645,-0.058528498649479906,0.7763293763504665,-2.5583829991025184,-0.04338664436136778
0.005014749929683115,-0.010766084523093434,0.0012572535375284645,-0.008182627252950258,-0.06350609285275503,0.7934125983909972,-2.5567527319522,-0.06021341918965057
0.005022981983161167,-0.010813069594187562,0.0013346720205622638,-0.00817096066473437,-0.07792530688640918,0.8437835564272352,-2.5522053232245265,-0.10933941089583356
0.00502023263889402,-0.01079752553518692,0.0013090664172359415,-0.008174934015342398,-0.07317336929073016,0.8271040594403013,-2.5537837495088755,-0.09309031130116374
0.005017502254859652,-0.010781894502052356,0.0012833144626193506,-0.008178826126398057,-0.06837347416413664,0.8103480471389659,-2.555303461855203,-0.07674464491338433
0.004993228665591022,-0.01071255017077098,0.001163903417879182,-0.008180109111597196,-0.04690653964879508,0.7331645850707832,-2.551284560750514,-0.006624480253730279
0.004994370655725253,-0.01072797361446426,0.0011886267469887418,-0.008175079940878321,-0.051683866498010815,0.7492434203623327,-2.5489554253315743,-0.02301314091340685
0.004995608010487107,-0.010744143413459284,0.0012145184699899985,-0.008169706421911197,-0.05665363776198786,0.766103705906036,-2.5464409446957994,-0.040175156678093495
0.005066930563165361,-0.011046035674650026,0.001716815806444193,-0.008097457354637615,-0.14615629830590662,1.095382734484014,-2.5190740411026034,-0.3525553125464614
0.005060050645461737,-0.011015090604434901,0.0016658384811775503,-0.008107867682155151,-0.13743449715702336,1.0615337049402662,-2.5239266365230892,-0.3203690034815457
0.005063237021090658,-0.01103063206243627,0.001691294066213948,-0.008102397125498881,-0.14181695948124415,1.0784429088838088,-2.5213208634603848,-0.3365683710518634
0.00504698431099805,-0.01095272800390463,0.0015632433872036988,-0.008128032793356168,-0.11952965758527868,0.9936871170770872,-2.5331280035497645,-0.25543936913210313
0.0050567838490702425,-0.010999702324921165,0.001640538641573264,-0.008113010981366943,-0.13306828692595654,1.0447595056639278,-2.526311990652203,-0.30434365520927337
0.005049877751445673,-0.010968541225446785,0.0015890627579768137,-0.00812264909864444,-0.1241114086379927,1.0107409289086473,-2.5306043086276646,-0.2719545891296887
0.005053232913648487,-0.010984251492713669,0.0016149544808628999,-0.008117714910270702,-0.1286447505036715,1.0278439020848722,-2.5283864999100447,-0.2882974357753128
0.005031022673647607,-0.010859272144357496,0.0014105881812230805,-0.008158153909905208,-0.09191473589775252,0.893359459503614,-2.546844958428753,-0.1576613654020745
0.005015710534259655,-0.010854005123954222,0.001394872975486426,-0.008142824578165515,-0.08990278255914592,0.8838199515486668,-2.5359313137597144,-0.15461991430690494
0.005039489093959149,-0.010906000052954496,0.001487310739815513,-0.00814431128800857,-0.10586704110743538,0.9436388581922047,-2.5408265751129857,-0.2064699457815413
0.005036405622409025,-0.010890559666963754,0.0014618383375631404,-0.008148693843844314,-0.10128628751501977,0.926932554798172,-2.5426807686849586,-0.19038442461871566
0.005033450130401679,-0.010874937081084265,0.0014361267794194695,-0.008153176136892084,-0.09661606127746668,0.9100887386714959,-2.544594357644218,-0.1740883152096314
0.005030291191041825,-0.010947533800201881,0.0015461563479961771,-0.008111376159523844,-0.11716601548980432,0.9835719178029025,-2.5211270693262926,-0.2524666305323546
0.005026709924659342,-0.010916431946354567,0.0014966597101158873,-0.008123886782087886,-0.10828297171753691,0.950749869097648,-2.5274786162322838,-0.21973893223845506
0.005028415489830233,-0.010931745326978682,0.0015210237967248185,-0.00811773066257765,-0.11267670497656614,0.9668965925898522,-2.524357550554982,-0.23586660362354592
0.004945429665716315,-0.009054498982137964,-0.0014967216895503484,-0.008012935756409946,0.40631478743088506,-0.9807253525114553,-2.281771110073246,1.7798983934265993
0.00493534113024801,-0.009078217937615162,-0.0014562864604328466,-0.008013994797096404,0.39926879181701697,-0.9562356397695214,-2.285837465843255,1.748944174684307
0.004931619182835428,-0.009098070883632136,-0.0014249373041229586,-0.008020048825355067,0.395256637207338,-0.9364740982031126,-2.293139122326699,1.7266020848772896
0.004918861852251718,-0.009115240010745115,-0.0013929818558260062,-0.008014165434722586,0.3879778712678364,-0.9180407491487753,-2.2909002765020965,1.7002479071794847
0.004907821419482274,-0.009141733484382136,-0.0013482214971534431,-0.008014664753782071,0.3799599112190923,-0.8909267677657429,-2.294764212570214,1.6661486737355102
0.0049584380291823145,-0.008954766528554215,-0.0016500562032755687,-0.007971166179403397,0.42211810005632094,-1.0784058717617837,-2.2351426623096984,1.8864312641223069
0.004948065019138417,-0.008980275581913924,-0.001606940344832251,-0.007974349839802919,0.41539586028941905,-1.0522142077894356,-2.2414560127330536,1.8537207869496923
0.004939509392402554,-0.009007880906553295,-0.0015618622716547649,-0.007980411237905537,0.4090849144105367,-1.024419637132702,-2.250158409469177,1.820483048758552
0.004924806681453266,-0.009032869708072653,-0.0015172342261067064,-0.007977582930159014,0.40047156188444394,-0.9980382325285583,-2.2516390258402175,1.785030997659559
0.004948149484976778,-0.008857556030707533,-0.0017824195815161834,-0.0078990348783502,0.425503257469708,-1.1656718205934504,-2.1646122921957325,1.966847844523064
0.004951193935993762,-0.008766721357049109,-0.001910528571350454,-0.00784140087550282,0.43138218021271074,-1.2468541318875668,-2.1053419878656734,2.048335401349745
0.004948691009881441,-0.00883128324019007,-0.001819575242840053,-0.007882448021907589,0.4272936686946615,-1.1894173887451533,-2.1476063184935974,1.9905818293189983
0.0049479059643458365,-0.008799082921012205,-0.0018637557144667867,-0.007859989331575652,0.42867805095722605,-1.2176587507207655,-2.1251187539006655,2.01779047428804
0.004939447251831473,-0.00893094646515675,-0.0016729103831892905,-0.007935255344954914,0.4164304198366296,-1.0964929283184495,-2.204094946705375,1.892794594343209
0.004920014732681263,-0.00890462417140897,-0.0016983650485615242,-0.007897253712027577,0.4107666471395484,-1.1160434953699563,-2.171216734475429,1.9004499207743948
0.004933757553481686,-0.008877904643064979,-0.0017445831399669073,-0.007895919108151355,0.4183060563062679,-1.143587723628323,-2.165746108665147,1.9361008966735878
-0.005008722883020842,-0.01071828690229175,-0.0011793101646726857,-0.008195923408490525,-0.04859341816999339,0.7428783978946347,2.5623568101046987,-0.00982798262456301
-0.005006459327299988,-0.010702559318878473,-0.0011534928796430475,-0.00819967629344564,-0.043653066839907446,0.7261812444406032,2.5637890804512655,0.006707372819534602
-0.005004289579597702,-0.010686764171302881,-0.0011275853761569608,-0.00820342193107782,-0.03866794564945517,0.7094425455571182,2.565215039132888,0.023337247422724614
-0.005000255523885084,-0.010655479913087186,-0.0010763086361390806,-0.008210721208971865,-0.028743204248156216,0.676366873985425,2.5679634466025676,0.056334989440770304
-0.005002225834688601,-0.010671031627036413,-0.0011017963823206458,-0.008207122852694116,-0.0336891083540009,0.6927996309111814,2.5666176260850744,0.03992218246279932
-0.004979049942805342,-0.010618966817187228,-0.0010105171269352198,-0.008199165380995597,-0.017676020482883633,0.6338698998012998,2.557719949804831,0.09149791737617734
-0.004981932614828308,-0.010634668144041902,-0.0010364696314104074,-0.008196914244501897,-0.022594264098432352,0.6506314316781006,2.557269271805034,0.07514018280771141
-0.004984893689203342,-0.01064971168443668,-0.0010614069327105596,-0.008194856089805929,-0.027293796312263714,0.666749588436935,2.5569079567350124,0.05950324976066589
-0.005025735713716075,-0.010827584377417933,-0.0013586534936461008,-0.008167340433395258,-0.08233972240432191,0.859407296792171,2.55078823200542,-0.1244791162294382
-0.005023168765980356,-0.01081203003568569,-0.0013331356087106403,-0.008171666027559364,-0.07760976363753506,0.8427656180052701,2.5526032357255732,-0.10818876921772658
-0.005020563493677497,-0.010796426655687183,-0.0013074989880089993,-0.008175826179867875,-0.07283660008382963,0.8260705828550964,2.554303692195123,-0.09185376654550188
-0.005013626145591455,-0.010749420640278557,-0.0012305335744821138,-0.008188562674328747,-0.05829739489297941,0.7760618592834555,2.559578614786442,-0.04248205820832932
-0.005018069171779584,-0.010780730592808757,-0.0012817450633442523,-0.00818001464260724,-0.06800357170754871,0.8093180231041398,2.556019252698398,-0.07540029570096414
-0.00501580726578706,-0.010765040613686215,-0.001256079593533815,-0.008184328503614892,-0.06315301052328193,0.7926424915501897,2.5578234976387795,-0.05891312198290664
-0.0049952718050668725,-0.010728386738797434,-0.0011896515712630507,-0.008175963892208886,-0.05181828127505523,0.7498650603553916,2.5495767090422206,-0.023256927967733435
-0.004998258274223702,-0.010743705973551142,-0.001214963570805687,-0.008172995816617977,-0.056530305948583,0.7663072979994042,2.5486346675208895,-0.039186214426273264
-0.005085920455698337,-0.011065781977809297,-0.0017582963390649893,-0.008107565666170545,-0.15232589658571793,1.122150086752571,2.5276738518872737,-0.3714898701750191
-0.00505471061342,-0.01091099006776678,-0.001503007276772555,-0.008159530639227842,-0.10748381162319913,0.9536193417562124,2.551535555516084,-0.20973098054888803
-0.005082606728019542,-0.011050388081966721,-0.0017329200573126572,-0.008113133413066005,-0.14796188283876302,1.1052691463180357,2.5303295236198955,-0.35540823879080463
-0.005079360899728331,-0.011034927380545364,-0.0017074525176106919,-0.008118676676545799,-0.1436472981259516,1.0883583606151968,2.532961639739622,-0.3392552197995174
-0.005057559035738092,-0.01092663937402584,-0.0015287750696238768,-0.008154570037113883,-0.1120043241161121,0.9705310584166239,2.5493237334512213,-0.22611684736542623
-0.005060660984879553,-0.010942211341722142,-0.0015545325780338612,-0.008149802073803487,-0.11650735671815378,0.9874222044332769,2.5472470083591587,-0.24236690873202457
-0.005063873990718199,-0.010957692263837068,-0.0015801869944709155,-0.008145068979498708,-0.12109422886445816,1.0042563021184303,2.5451907844642174,-0.25850473865479767
-0.0050670361557176085,-0.010973142378229836,-0.0016057417718864635,-0.008140150298293217,-0.12572399218999694,1.0210645384778256,2.5430007553519656,-0.2746310465904072
-0.005070138234750168,-0.01098857620055634,-0.001631210120040604,-0.00813502778159709,-0.13031603917800968,1.0378586248918837,2.540663704028003,-0.2907611181007779
-0.005073224510387809,-0.011003995502040636,-0.0016566166705401602,-0.008129752252243423,-0.13485126710909676,1.0546503319645526,2.538217398422333,-0.3068865084670965
-0.005076274126771426,-0.0110194418986903,-0.0016820106248223038,-0.00812427584795486,-0.13930306779180482,1.0714748189225427,2.5356317087430202,-0.32305237132304865
-0.005027994791730807,-0.010843201530768976,-0.001384093785684234,-0.00816248130595258,-0.08708136641340697,0.8760307182094563,2.548614691380303,-0.14088679754313527
-0.005030485958409958,-0.010858884295491795,-0.0014097189280572054,-0.00815771834579773,-0.09181941154593075,0.8927882652238374,2.546510645418653,-0.15732145793490016
-0.005033471170647689,-0.010874464803547151,-0.001435404346577996,-0.008153440332920368,-0.09649910266795074,0.9095936615788974,2.5447341767608154,-0.17356962005019683
-0.005036270132710475,-0.010889935518540667,-0.0014608019136959952,-0.00814885575757234,-0.10110220611154895,0.9262446869677946,2.542743398398992,-0.1897352219199281
-0.0050386230743994015,-0.010905602806999733,-0.0014862430115306165,-0.00814350374888559,-0.10573457698752502,0.9429720071272135,2.5402381328455483,-0.20618289282196392
-0.005092401851300945,-0.011096708338229363,-0.00180906244269779,-0.008095741979885761,-0.1609285780961316,1.1560717949703851,2.5218698469566796,-0.40385227594016676
-0.005073028861512417,-0.011076342988666476,-0.0017662292513569244,-0.008085954273911693,-0.15453331657255645,1.1283464852728693,2.5133982372627948,-0.38416578971982585
-0.005075957640515737,-0.011091882745176017,-0.0017913831918769888,-0.008079610500553799,-0.15875639789470522,1.1451904856993274,2.5101680088589657,-0.40040053393896197
-0.005095783135050417,-0.01111230327898753,-0.0018346766696110091,-0.008089691943292654,-0.1650902193067111,1.1732212517759562,2.518876733739448,-0.4201541343952309
-0.005099333530644134,-0.011127870135656802,-0.001860322180803965,-0.00808370981558846,-0.16920372593940838,1.1903932964224762,2.5159323318340037,-0.436397528618545
-0.005103038114101737,-0.011143331398604434,-0.0018858780974804774,-0.008077829798805695,-0.17328372039079384,1.2075022781143756,2.513055359029724,-0.45250275805901036
-0.0051068717595212695,-0.01115867214854746,-0.0019113100547014565,-0.008072034728545882,-0.17737515372548376,1.2245288786137805,2.510230500255588,-0.46846318719881114
-0.005110737787399664,-0.011173944101103705,-0.0019366318447107177,-0.008066179548328787,-0.18152740796741396,1.2415090461182068,2.507352276980102,-0.48435771277608036
-0.005149677463058528,-0.01132720056565699,-0.0021888235959025486,-0.007999635667849177,-0.21999135075908846,1.4128206873855518,2.4724091625073883,-0.6443332820412807
-0.005145401992789319,-0.011311945487251717,-0.002163599310086781,-0.0080064496239156,-0.21638326345058187,1.3955931835907658,2.4760484911867895,-0.628438666406097
-0.005141237578605758,-0.011296595121139875,-0.0021382849857001676,-0.00801331873527128,-0.21272891314633904,1.378308762540321,2.4797173075170615,-0.6124314338272604
-0.005114534372503539,-0.011189215926209374,-0.001961873635441348,-0.008060100657943027,-0.18567947425157058,1.2584890884197488,2.5043035922323633,-0.500276923614127
-0.005118279899334628,-0.011204507335361746,-0.0019870734155051015,-0.008053806053214952,-0.18973424649531265,1.275489345320221,2.501091537597958,-0.5162336495571117
-0.005122049825253648,-0.011219780023297243,-0.002012225695578794,-0.00804740951614096,-0.19371038586207015,1.2924917935666398,2.4977977248686796,-0.5321748510459655
-0.005125816867000788,-0.011235023580334983,-0.0020372949431986583,-0.008040886823716295,-0.19766280558917534,1.3094824462437034,2.4944030798873023,-0.5480960707776333
-0.005137180737115473,-0.011281171086823728,-0.0021129059459458464,-0.008020220608621183,-0.2090443015871629,1.3609904461606381,2.4834001748455186,-0.5963348703428877
-0.005129528413873557,-0.01125031498139114,-0.0020623532746755525,-0.00803412191070963,-0.20155215687848257,1.3265225633557114,2.490826234261608,-0.5640843625072925
-0.005133276091405472,-0.011265714925760591,-0.0020875525541029956,-0.008027174706597527,-0.2053347936384404,1.3436975999047343,2.4871156792044826,-0.5801881863614783
-0.005137443544928777,-0.011339149029009924,-0.0021963707116884235,-0.007976191722569316,-0.2216207636868084,1.4193829417402357,2.4561878540884585,-0.6574647967450568
-0.005142127922101576,-0.011354170964159785,-0.00222137476344363,-0.007969789705017773,-0.225173324760886,1.4364888412951193,2.452773545737472,-0.6730492872634234
-0.005146676211369951,-0.011369135092705778,-0.002246156104345824,-0.00796313439295921,-0.22864719728020014,1.4534881655746263,2.449157651925846,-0.6885874918267794
-0.005150894605200415,-0.011384235346087223,-0.002270825920727306,-0.00795584801975962,-0.232069990421873,1.4704833890061224,2.4450692284446247,-0.7042870015812942
-0.00515509667813652,-0.011399452099460168,-0.0022956008803503105,-0.007948305425350024,-0.23547573524473078,1.4875836938771334,2.4407853567178903,-0.7201051755927543
-0.005279841802758872,-0.011649274565685586,-0.002748769213545318,-0.007866786210664438,-0.2881636777208809,1.8014336560206556,2.400957199941209,-0.9843350256887256
-0.0052640480406169485,-0.011646493856269069,-0.0027294663394429393,-0.007851191678301861,-0.2918028066272907,1.7856860715737117,2.3911361469429475,-0.9770771921705629
-0.005274683853955189,-0.011634437921711378,-0.00272403497517178,-0.007875384903308757,-0.2859818651762295,1.7838245926139098,2.406209468411913,-0.9686838427668181
-0.005254518907788254,-0.011574931491672196,-0.002624832413328556,-0.007909002082608758,-0.2757240411269137,1.7138233836364625,2.426516564844081,-0.9056890571504014
-0.005238847368282511,-0.011571825165384755,-0.002605887243059085,-0.007893566878225384,-0.27778982020916326,1.6983690601161026,2.416826549306737,-0.8986334250069091
-0.005259490019987282,-0.011589831792800676,-0.0026496334987870973,-0.007900727798206645,-0.28029415547988257,1.7311855946640868,2.4216199908857226,-0.9214375787312697
-0.0052437992740241674,-0.01158676402790927,-0.002630631755106024,-0.007885278118464607,-0.280229630534969,1.7158345304353715,2.4118584763758713,-0.9143367014577882
-0.005264507913819306,-0.01160471639292431,-0.002674438198195192,-0.0078923655779703,-0.28339685345677357,1.7486151718814205,2.4165874400020955,-0.9372128705385193
-0.0052487572976923046,-0.011601713979965506,-0.0026553450876263753,-0.0078768436789691,-0.282774691186334,1.733262609194105,2.4067869373273507,-0.9300220888874788
-0.005258863583330276,-0.011631602271791906,-0.0027047723801331375,-0.007859759467107411,-0.28886510424156914,1.7681598038574329,2.3964144955824183,-0.9613947339903044
-0.005269572541305844,-0.011619585149978953,-0.0026992487866444276,-0.007883914531117255,-0.2847943165450798,1.7661813338506265,2.4114331368934905,-0.9529754275873007
-0.005253764871816963,-0.01161666834321528,-0.002680055668549931,-0.00786831514378153,-0.28572847664174944,1.7506874403246442,2.4016310429069314,-0.9457054229310867
-0.005222833487235133,-0.011568806173127852,-0.002587095897612268,-0.007878358463083357,-0.2724162850267768,1.688983671589211,2.4031576689851275,-0.8965434836026437
-0.0052178147460670565,-0.011553868807724847,-0.0025623743723736567,-0.00788637355928812,-0.26945196099001517,1.6716567358374863,2.407931543841763,-0.8809422382726629
-0.005212832597499779,-0.011538878970687784,-0.0025375706165517084,-0.007894332886108276,-0.2664783332187742,1.6542984495695905,2.4126399841334703,-0.8652904444940922
-0.005180479417782766,-0.011432992173779103,-0.0023635651519026287,-0.00794968691458381,-0.24451516271734045,1.5329866594605563,2.4448925196549003,-0.7546692346761531
-0.005184964713035082,-0.011448002564976497,-0.0023882864400657853,-0.00794215897744137,-0.24787152333539605,1.5501232520123753,2.440608493304705,-0.7703459930345994
-0.005159594566812986,-0.011414615456397133,-0.002320498631833775,-0.007941002767594437,-0.23886128075075594,1.504761744698775,2.4366675105087974,-0.7358532002715541
-0.005164314663516862,-0.011429582241480963,-0.002345266537095317,-0.00793397485425987,-0.2421865180710975,1.5218503693321763,2.4327322371175515,-0.751391223416113
-0.005207913173546846,-0.01152381580540606,-0.0025126793774289326,-0.007902283808148744,-0.2634788059373101,1.6368967948454027,2.417321352118751,-0.8495630011537664
-0.005189396538524319,-0.011463068752387727,-0.002412993270409839,-0.007934378841997719,-0.25115357806426714,1.5673065218356135,2.4361179121086636,-0.7860930351036844
-0.005193845283389978,-0.011478223666114146,-0.002437787702503021,-0.007926397146166676,-0.25432994438652917,1.5845924211201579,2.431465201819901,-0.8019353223100371
-0.005198388592213357,-0.011493446581695384,-0.0024627069570050367,-0.007918318107944479,-0.2574220618843201,1.6019899043361028,2.4267308848682734,-0.8178452034906648
-0.005203082846534708,-0.011508665783717925,-0.002487703909484163,-0.007910266749610905,-0.2604617609785694,1.6194483396508461,2.4220077077602844,-0.8337430430320448
-0.005285046338188198,-0.011664094939289061,-0.002773443090988702,-0.007858121496100578,-0.29195198188797705,1.8189305324140153,2.3956687311219182,-0.9999637717549592
-0.005269280679419741,-0.011661341880858406,-0.0027541032070329545,-0.007842573692632512,-0.2943011644273032,1.803233260296999,2.38578026594664,-0.9927301366295197
-0.005253144357471929,-0.011658738737426233,-0.002734974286912613,-0.00782714582146945,-0.28880720302887714,1.7933914926115648,2.3716815991786926,-0.9905050207101306
-0.005290297410190857,-0.011678898899739066,-0.002798079327014056,-0.007849382877870245,-0.29639108929679825,1.8363483686081548,2.390290506273943,-1.0156153187985462
-0.005274519040460301,-0.011676170255705937,-0.002778671883277506,-0.007833838450512077,-0.2964104849728815,1.8207509837845188,2.38032556685364,-1.0083427667638778
-0.005295594968187607,-0.011693686304088874,-0.002822712942199693,-0.007840557919488166,-0.29950873054865185,1.8538121205430051,2.384770404319106,-1.0312996697663261
-0.00527975678374941,-0.011691008076969009,-0.0028031985865608687,-0.007824951123314687,-0.2985815572463811,1.8382165930114638,2.3747615355712637,-1.0239269537237103
-0.005300938961069021,-0.011708457009234034,-0.002847346634711548,-0.007831645550303844,-0.3011911367856954,1.8713924887271958,2.379101347521707,-1.0469810710892797
-0.005285036375077181,-0.01170585998775657,-0.0028277271557222545,-0.007815951294265341,-0.3011144756338671,1.8556682445711503,2.3691092411737347,-1.039507088543344
-0.005306329337192306,-0.011723210871918575,-0.002871959469041853,-0.00782265320351269,-0.3026516377200222,1.8890657960682307,2.3733075125140015,-1.0626234282383142
-0.0052903930111293735,-0.011720705935574746,-0.002852267948947091,-0.007806895207503031,-0.3038049143712484,1.8731462293136119,2.3633943349254634,-1.0550937922120316
-0.005311766044378193,-0.011737947748741227,-0.0028965438858831807,-0.007813583529564063,-0.3041350227414815,1.9068023971374535,2.367414989708806,-1.0782174022020765
-0.0052958249540596795,-0.011735526523570253,-0.002876797287886717,-0.00779779975715872,-0.30642750679883296,1.8906501706279852,2.3576164199557392,-1.0706794652145006
-0.005317249029907896,-0.011752667496161624,-0.0029211025562230195,-0.007804435541273129,-0.3051976062390268,1.9245931781960202,2.361452168009897,-1.0937631175433358
-0.005301325073462913,-0.011750310747274425,-0.002901295444055789,-0.007788668585167546,-0.3090232722738104,1.9081701445621528,2.3517655152899626,-1.0862520219358778
-0.005322778240520137,-0.011767369970506484,-0.0029456232150519746,-0.007795213910917912,-0.3063197862197778,1.9423919018097486,2.355450941865256,-1.1092616841615919
-0.0053068970980849,-0.011765046646912013,-0.002925752831859301,-0.007779518558743215,-0.3115964034010472,1.925711868615237,2.3458418060145103,-1.1017990939786164
-0.00532835362240823,-0.01178205502797576,-0.0029700847250368353,-0.007785926727192616,-0.3088560966175553,1.9601043030725698,2.349422957065089,-1.1247313084694703
-0.005312532033898123,-0.011779735040047234,-0.0029501646315746363,-0.007770339957059097,-0.31387550710488216,1.9432838903708267,2.3398407366590814,-1.1173141847567047
-0.0053339751212172605,-0.011796722524648843,-0.00299449475327564,-0.007776571204237668,-0.3126645892504151,1.9776938827297146,2.343341559950313,-1.140208559983049
-0.005318193738490661,-0.011794405465212557,-0.002974531480962986,-0.007761065509257652,-0.31568279694253093,1.9608664063936525,2.333734514727744,-1.1328013274712052
-0.005339642682041291,-0.011811372316490652,-0.00301888805685197,-0.007767134050591494,-0.3157998258795041,1.9952398613475024,2.337165409030852,-1.1557102412768037
-0.005323856647072255,-0.011809086045857543,-0.0029988576447875642,-0.007751640006206924,-0.3173460755298048,1.9784177147410726,2.3274982342254353,-1.1482618334767738
-0.005345356249420673,-0.011826004259357795,-0.0030432784300567822,-0.007757609881528186,-0.317436357957317,2.012825862763081,2.3308800786991317,-1.171213078659722
-0.00532954160069076,-0.011823771846640312,-0.0030231536148082713,-0.007742089773370532,-0.31927358107828496,1.9959354708204622,2.3211439580481747,-1.1636962325811393
-0.005351115767339394,-0.011840618209004684,-0.003067643287240829,-0.007748007483576348,-0.31876342482149883,2.030434888295471,2.3245033305312637,-1.1866866605488018
-0.005335284541435393,-0.011838438758118304,-0.003047427868592817,-0.007732476611108158,-0.3214011188919134,2.0134584339216928,2.3147023513735117,-1.179110756140912
-0.011826004259357795,-0.005345356249420673,0.007757586864505841,0.003043336716061568,0.7957577491721067,2.9516010966372073,-1.8554742526502175,-1.9071531887073723
-0.011823846333778617,-0.005329498266671874,0.0077419636139131965,0.0030232549240766693,0.7864897041867643,2.9285971843562577,-1.8442643344567544,-1.8979871836657816
-0.011840618209004684,-0.005351115767339395,0.007747991514163947,0.003067683609000908,0.7975840115549037,2.968760860837548,-1.842459033318689,-1.9212902227590998
-0.011838473061209283,-0.005335303990829428,0.007732457495853968,0.003047546305917102,0.7876292001889471,2.9455385380433046,-1.8314075042473414,-1.912067157019717
-0.011855214021089622,-0.0053569211792225116,0.0077383257972077355,0.003091984891315081,0.7998222048869921,2.985775666777163,-1.8293455832714536,-1.9352871270749852
-0.011853068845172616,-0.005341134046694211,0.007722863975849919,0.0030717725491839275,0.7883968727488223,2.962381240772203,-1.8184005727710562,-1.9260967810270244
-0.011867661252212112,-0.005346979894674962,0.007713146408450659,0.0030959561273114344,0.7890503253598405,2.9791407878022693,-1.8052054183601844,-1.9400903086268217
-0.011869791551180906,-0.0053627724279336365,0.00772858379226807,0.0031162555938016034,0.8018157632350126,3.00265560873819,-1.8160933385061682,-1.9492273735242227
-0.011882258389058492,-0.005352846728263356,0.007703302964628665,0.0031201096866880235,0.7896882586642899,2.9958188782067237,-1.7918245381097007,-1.9540314305136055
-0.011884350654762897,-0.005368669455772496,0.007718762214497681,0.003140503867092996,0.8034530220285837,3.019433553884357,-1.8026812478056786,-1.9631696536335979
-0.011896856751368083,-0.005358742434173565,0.007693346678242555,0.003144234988922206,0.7904383377758646,3.0124078638995937,-1.7782835404627344,-1.9678947931560025
-0.011898891187242081,-0.005374612204472543,0.007708856138762446,0.0031647416642989284,0.8040257106887704,3.036141126272794,-1.7890980231711928,-1.9771315875785784
-0.0115692734020866,-0.005222583343997648,0.007877664084084498,0.002587511024610361,0.7543522687495647,2.6064999957273494,-2.0362855632609027,-1.6359763687205902
-0.011554241156444949,-0.0052176557990846854,0.00788587257904866,0.0025627520328887665,0.7524067061071005,2.588608812188392,-2.046924583153544,-1.6208445700289065
-0.011673367260191088,-0.005258565431002809,0.007818887806804136,0.002759354389467852,0.7669465647020278,2.730141142897214,-1.9591971506594603,-1.7400148263015451
-0.011688235372961884,-0.00526380030113411,0.007810019908511418,0.002783788996705883,0.7685226503311916,2.7475043910724986,-1.947571461241904,-1.7546445091401994
-0.011703109682837401,-0.005269103056475946,0.00780107621330046,0.002808244890563621,0.7700852033859206,2.7648536715238077,-1.93581276285466,-1.7692464009653295
-0.011584259619923815,-0.005227551275781811,0.00786939801431009,0.0026121970245658395,0.7562547739415252,2.6243136726790657,-2.0255461671175863,-1.6510317215898092
-0.011599223218317814,-0.005232585405268148,0.007861082237820933,0.002636865340373364,0.7580965076407108,2.6420994191795537,-2.014706915603465,-1.6660407704233007
-0.011658532268665792,-0.005253393186257306,0.007827648294750113,0.0027349708112357836,0.7652931322690044,2.712773814078115,-1.9706634480542646,-1.7253719573654307
-0.011643748971750092,-0.005248191671768094,0.007836181196248937,0.0027105748202436706,0.7635243738387008,2.6952887057890926,-1.981887785936591,-1.7106753972807185
-0.011628977440958916,-0.005242941684386173,0.007844504527121404,0.002686099151778604,0.7617064294622801,2.6776407227490933,-1.9928947393610874,-1.695889744750611
-0.011614141709330778,-0.005237718300696795,0.007852775352985853,0.0026615178295224273,0.7598987310427656,2.659886868182037,-2.0038127316927423,-1.681004539501296
-0.011821861385089422,-0.005313215934913833,0.007726375943535521,0.0030032913657344843,0.780322051636266,2.901534047288998,-1.8369002669020895,-1.884067449958849
-0.011807051692891445,-0.005307492664463825,0.007735961574016708,0.002978937008637441,0.7793190693066697,2.8846118986726537,-1.8496945567897314,-1.869902111987247
-0.011792192348279577,-0.005301958037866748,0.007745660788661014,0.002954661174056728,0.778247640615689,2.867813290043351,-1.8624925058234914,-1.8557425728684047
-0.011718005760383773,-0.005274400676088677,0.007791958645353661,0.0028326682033856312,0.7715886934465953,2.7820893427313376,-1.9238539255062805,-1.7837823623139408
-0.011777371312523264,-0.005296468331859847,0.007755221629066929,0.00293041857683973,0.776987407945719,2.850963549141866,-1.8751116892395832,-1.8415436749473582
-0.011732936780838756,-0.005279725499877962,0.007782688962448829,0.002857105945587827,0.7729350690664464,2.7992605576020555,-1.9117074130052478,-1.7982776711676915
-0.01174782224942606,-0.005285220607383331,0.007773508153815331,0.0028816020410188004,0.7742133393664562,2.816529915815092,-1.8995523077067304,-1.8127708739414878
-0.011762606456812192,-0.005290870427903524,0.00776445679783089,0.0029060757170190836,0.7755824370841352,2.8338510707254536,-1.887429031560402,-1.8272203660046389
-0.00969689603246153,0.004893528999707637,0.008181815169498079,4.85113904246751E-4,0.2377183550823169,0.40875662066337615,2.523543940249692,0.2949546350828544
-0.009663645431769927,0.004895314942064467,0.008177824862750038,5.382595633429448E-4,0.22740814931685496,0.3734556727819116,2.523489463740955,0.32928797414009425
-0.009680477164135271,0.004885916520461854,0.00817005308192767,5.098126541589131E-4,0.23161766797933278,0.38907522099789577,2.516858588097471,0.3103971673730146
-0.009644677462547576,0.004884349882645612,0.008161346298930831,5.661201750599031E-4,0.2202977874264748,0.3502355802283877,2.5137995452765334,0.3466822201299849
-0.009620039936214584,0.004877858063279603,0.008148661581840307,6.035699635751407E-4,0.21202642224628274,0.3221959560416235,2.507123945461544,0.3706172740134544
-0.011060432661193872,0.005069748415039761,0.008091988323063596,-0.001740265921875106,0.6555169758873586,1.980976501678381,2.313567731669537,-1.1089460444214294
-0.011075889179878144,0.005072938891284284,0.008086151851607132,-0.001765499348713062,0.6589151164758609,1.999312586932504,2.3065526155524787,-1.1249606156561895
-0.0109931012054337,0.005044165054182859,0.00810209656583707,-0.0016232501216356583,0.6349188278374318,1.89112756753341,2.331760988008645,-1.0370726884088985
-0.010963050488760744,0.005038414164452851,0.008112337196009924,-0.0015742930935316167,0.6278900936468713,1.8556903846551207,2.3440700022757937,-1.005983348700498
-0.010978740728761531,0.005037018221995295,0.008101930636685248,-0.0015973890442075084,0.6295894740123092,1.8707056433336329,2.333763562421811,-1.0215543756638212
-0.011029221505255787,0.005063289273175359,0.008103317037677249,-0.0016891972134128366,0.648490457203636,1.9437984201639367,2.327242772110852,-1.0765325238785481
-0.011044714359425037,0.005066250384121188,0.008097479640971498,-0.0017144165648510462,0.6519053550607529,1.9620492977817874,2.3203096371107783,-1.0925784932867477
-0.011023310017915008,0.005049399099889022,0.008090620590922156,-0.0016720171509862856,0.6415124128309586,1.926158089116838,2.318318536720009,-1.068160686660155
-0.011008637777889489,0.005042238944271313,0.008090885313545633,-0.0016456637456291163,0.6362232226937881,1.9053888775251067,2.3207624810359753,-1.0523089626418278
-0.010922240663966869,0.005041428120443197,0.008138037283130839,-0.001513388502912472,0.6226629397486848,1.8156717477572333,2.3696330493458855,-0.9650974384540872
-0.01087459551677643,0.005033511273365515,0.008153440268387822,-0.0014356326147924184,0.61106857755632,1.759622785393205,2.3878749107376085,-0.915541124911169
-0.01089021172409132,0.00503574815394803,0.008148121152385128,-0.001460969093421272,0.6147472933831878,1.7777603215931241,2.381716642280686,-0.9317627436754389
-0.010906222111190514,0.005038279556075087,0.00814279575865653,-0.0014870280070515146,0.618586965425632,1.7964933737703184,2.375470357451437,-0.9483988130243182
-0.01083940458764242,0.005011107112382871,0.008144574743528534,-0.0013700301163914847,0.5952012821030599,1.7063397697455966,2.3855530826561524,-0.8773905382253576
-0.010854644482627565,0.005014576050444604,0.008141211775332112,-0.0013953082818386248,0.5994522243546389,1.7248576834971348,2.381023635966557,-0.8932533368453894
-0.010869377892796357,0.005017930098082532,0.008137830585496969,-0.00141973800823191,0.6035247290658668,1.7427609689989263,2.3765144490742434,-0.9085951574217476
-0.010823819806999825,0.005007983023514919,0.008148366984552041,-0.001344372276597561,0.5909876521729088,1.6876964052101986,2.3904216920942667,-0.8612111300552101
-0.010807996345506908,0.005005087764320008,0.008152394741887907,-0.001318434839510956,0.5867698336291096,1.6689495641716505,2.395465999527215,-0.8448081368643497
-0.010949983678379863,0.005032808375722266,0.008112998861771357,-0.00155127193272599,0.6233789936259858,1.8378281956863993,2.3464513275503602,-0.9920161686832013
-0.010933712778890632,0.005028208640192444,0.008116458926703223,-0.001523924525998338,0.6188289346448211,1.8174704123233327,2.35140191914279,-0.9749884068256814
-0.010269238095850364,0.004949551704441908,0.008253164088715653,-4.3987603315824667E-4,0.4307626899525587,1.0512978653202547,2.5251543650563666,-0.28714497704967396
-0.010285378569780542,0.004948529376379837,0.00824942070211475,-4.659329550455213E-4,0.4352930683643313,1.068629885912918,2.5210823413913324,-0.30400023284492356
-0.010260969311387886,0.00493672864792156,0.008239381795106622,-4.2453188502252035E-4,0.4246354902682071,1.0369126631130348,2.516056598367196,-0.27980332489153287
-0.010247067907319718,0.00493343650953683,0.00823753146826081,-4.015581289221162E-4,0.4195458992752897,1.020329629706316,2.515964505409158,-0.2657286436088339
-0.010231044569958077,0.004930371152476639,0.00823611690319531,-3.7521690317951793E-4,0.41389610221789663,1.0015448442823063,2.516364847142667,-0.2494547277219337
-0.010214357281141827,0.0049279190725849,0.008235355018694173,-3.4791188677171645E-4,0.4082065458318111,0.9823062991548642,2.517279645685695,-0.23245203915831922
-0.010096978976031122,0.004908266774368066,0.008222720810621602,-1.5654390134646446E-4,0.3672898055949278,0.8467796236521575,2.5185391163267776,-0.11355944663671931
-0.010180184617829529,0.004931633728675279,0.008243519059513356,-2.9296993541771775E-4,0.3987869241620101,0.9463187905282602,2.5259755483841997,-0.196700561201525
-0.010195662922772932,0.004925494329676297,0.008234690634123036,-3.17389954639998E-4,0.4018788092183887,0.9609058502837168,2.518432811411928,-0.21338959281114736
-0.010113269893919242,0.0049093004243836134,0.008222964459050379,-1.828788764640739E-4,0.3725684993065285,0.8648900985572032,2.5173165434363294,-0.13020946565528455
-0.010130237209640515,0.004911738092337519,0.00822464557327301,-2.1041649836473818E-4,0.3783803687586493,0.8842663030043342,2.517035111964059,-0.14740196017671803
-0.01016366542078906,0.004927144362931632,0.008239872375558894,-2.657496373503786E-4,0.39251378350786226,0.9265189347358673,2.5248316350173856,-0.18012900841820015
-0.010146819154024553,0.004916807494715592,0.00822926813678583,-2.3758430638495264E-4,0.38473176576822204,0.9042321572268861,2.518845058664406,-0.1639150102472938
-0.01079184106899145,0.005002316407534546,0.008156571512709541,-0.0012920174107516017,0.5824833763978963,1.6499229299692717,2.4006318485903297,-0.8280742207820465
-0.010395458772360446,0.004957147089406574,0.008238206541567199,-6.458851676328896E-4,0.4697953983496898,1.193553749598233,2.503162037254562,-0.4177147444456337
-0.010411355502580174,0.0049581073817368355,0.008235679606411306,-6.717688712632879E-4,0.47455368406406945,1.2114647634035085,2.499858107706073,-0.43417073016545954
-0.010364153585860524,0.00495605135366591,0.008243691107719185,-5.950270644771437E-4,0.4605620352390007,1.1586186664612794,2.509984652449282,-0.38524479921770943
-0.010379511548879247,0.004956239513659893,0.008240660639673417,-6.199134045601851E-4,0.46500013210034036,1.1755930599069562,2.506397042911932,-0.4011948684860917
-0.010311346808415158,0.00493381314558916,0.008227790276898921,-5.054476263880777E-4,0.43857762109044146,1.090888879531536,2.503295825165979,-0.3322358685286559
-0.010327575708005122,0.004936069098946959,0.008227484119469509,-5.320163207129342E-4,0.44393162334301906,1.1096212963964058,2.5016077807269075,-0.34884711614385694
-0.010343226020276288,0.004939218171669604,0.008228185080329157,-5.578391556708536E-4,0.44936637265839696,1.1281313764790466,2.5006870822848017,-0.36480486309419025
-0.010356485967745051,0.004942948007205619,0.008229912479920722,-5.799542019303027E-4,0.4543055521548415,1.144310922588015,2.500718414251612,-0.37826235616240506
-0.010294778676829446,0.004931944379624471,0.00822845553593439,-4.7840987406312885E-4,0.43322009148789403,1.0719661654100003,2.5052623915382806,-0.31525415280083374
-0.010758885927030818,0.0049994999221240665,0.00816793425005703,-0.00123929395422823,0.5746919042666052,1.6129273647048652,2.413238985179037,-0.7940940417562631
-0.010775168755304813,0.00499999420804787,0.008161350359906656,-0.0012649705812040268,0.5782001742152927,1.6306297382813815,2.4062859720359473,-0.8108365971869703
-0.010738298953492195,0.004981120717848644,0.008155300878840822,-0.0011992364075567574,0.5630341255086339,1.5791322521771123,2.4060150629653134,-0.7720584489189037
-0.01075177589843142,0.00498570913011845,0.008154906470705934,-0.001222216268515136,0.5676732759089126,1.5964057222829422,2.404128534182054,-0.7860763868999878
-0.010722163331613794,0.004976367168032721,0.008156498293616464,-0.0011720593730796848,0.557777182469712,1.558964837623215,2.4088048110365743,-0.7553409666806327
-0.010688645473452945,0.004976785055164628,0.008170498683633273,-0.001119728101309623,0.5507188304158356,1.5233702460034304,2.4232280545742113,-0.7209602717835365
-0.010675328742663765,0.004972208069995816,0.008170347327705175,-0.0010970263237017061,0.5459824566125691,1.5063330630183691,2.4246058654773175,-0.707164222101508
-0.010704304094565596,0.004972328344878076,0.008159071627803815,-0.0011424982230108262,0.5523535839187766,1.5374230496637902,2.4128084424013605,-0.736906979522079
-0.010632358925202185,0.004981012693391287,0.008196693722396382,-0.0010324804908846078,0.5395558198970659,1.4651304121640882,2.449139453963451,-0.6629510279566729
-0.010648650101830746,0.004982040658787675,0.008191929023063503,-0.001058671914958686,0.5437317291235625,1.4833744774284148,2.443814710983057,-0.67980133736862
-0.01058597641851406,0.004977192961963168,0.0082083704551616,-9.57394255059804E-4,0.5269757779506534,1.4125162529856397,2.462739439223972,-0.6148906128879813
-0.010555094861050371,0.004972197199036543,0.008212580942043577,-9.064907738496972E-4,0.5174866761126017,1.376090901015955,2.469019916121846,-0.5829172771589364
-0.010570875070842466,0.004974624640506073,0.008210351317464384,-9.324624201104932E-4,0.5223045577397817,1.3946302167888713,2.465762967249376,-0.5992510756417007
-0.010600984125794296,0.004978573219240452,0.008204898250918406,-9.817676243792095E-4,0.5311451741895289,1.4296444317845156,2.4585899185893614,-0.6304525781183373
-0.010616359825264982,0.004979503146608402,0.008200637262194147,-0.0010065427668800126,0.5351918653352065,1.4468845461473983,2.453787949878041,-0.6463776059551388
-0.010659276577450737,0.0049671304371605276,0.008170543519452837,-0.0010698631065003726,0.5404479819338608,1.486106886467711,2.4265359941938267,-0.6905772840218871
-0.01054892678498831,0.004955225856252045,0.008194677351081698,-8.913214253296198E-4,0.5098505885026138,1.3603305777345993,2.4563212528379172,-0.5769008473368292
-0.010420056910461457,0.0049456803121930935,0.008219073030926704,-6.828307788920138E-4,0.47291204725235947,1.2151511475967396,2.486934832252185,-0.4439629917149472
-0.01045191681031218,0.004948464085318963,0.008214423945095715,-7.346100793817115E-4,0.482453131026921,1.2512882185206944,2.48049407895194,-0.47680797937436753
-0.010435757253884867,0.004942095541003473,0.008211063720532595,-7.071258294187979E-4,0.47597296160984653,1.2305836928164846,2.4795945346142325,-0.4604106117238459
-0.010484053032882756,0.0049510909516887296,0.008208933356111494,-7.867274675927774E-4,0.49185253190979683,1.2876458993621889,2.473340048486378,-0.5099611841930836
-0.010467388112878676,0.004944601282015101,0.008205865530897095,-7.583466709383646E-4,0.48523511473202463,1.266264779572938,2.472718205240167,-0.4929969901995487
-0.010531860724394012,0.004953613788240861,0.008198050064483502,-8.636939178128859E-4,0.5049757278985282,1.3409609713632749,2.460555761450846,-0.5593134688333655
-0.010516681195020104,0.004954412328791626,0.008203516585902343,-8.39755769460641E-4,0.5014336170009389,1.3248853540814496,2.466122772522524,-0.5436107076605896
-0.010500533767483966,0.0049471164469407,0.008199674553648771,-8.119091436131815E-4,0.4947361361946544,1.3035816969925886,2.4648927421116533,-0.527153490989197
-0.010080665811275018,0.004906057074401991,0.008220955687819047,-1.301306454594435E-4,0.3617218528944963,0.8282323743418142,2.5186971840190746,-0.09703706575364511
-0.01009100804515224,0.004893134230928878,0.008205412154788937,-1.4614297773250575E-4,0.36196453919801896,0.8348461005578016,2.506974422647073,-0.1092219326646994
-0.010063604573742455,0.004900656487884297,0.008215347806677493,-1.0243290463861087E-4,0.35517995172783046,0.8077689787324925,2.51624669191142,-0.08015407469643315
-0.010046040307758278,0.004895212946241945,0.008209542688063011,-7.402371790836549E-5,0.34853739113538634,0.786800992017251,2.513716190779478,-0.06278380344399632
-0.010029479713694146,0.004891317622527292,0.008205352405185053,-4.7352554867512814E-5,0.3425756241188726,0.7675012479239025,2.512217065154139,-0.04627729904732918
-0.010010275366561376,0.004888354071139533,0.008202106497009072,-1.652112940750584E-5,0.33597340077402765,0.7456872315848525,2.511604606861054,-0.026952763066120763
-0.009987948417057054,0.004887459900667691,0.00820103685283327,1.9263645265453827E-5,0.3288367183476581,0.7212176930372979,2.5127600592331443,-0.004171325060505708
-0.009964734240720358,0.004887508946960716,0.008200761786542209,5.646519840843677E-5,0.32158763656710554,0.6961053051149722,2.5145314652759776,0.019647228363311717
-0.009941655436270954,0.00488779581173112,0.008200462940641732,9.345274455791702E-5,0.31440918879780333,0.6712312922518312,2.516266168825933,0.0433505382667031
-0.009871313227297339,0.004891716761576567,0.008201232072244812,2.0637023762685262E-4,0.2928703528969924,0.5963782352747157,2.5226212777790633,0.11604557210060597
-0.009894539515543446,0.00488939659237259,0.008200095480134924,1.6900672219498348E-4,0.2998230252329282,0.6207823137633381,2.5199321251375655,0.0918834905305313
-0.009918370203510845,0.004888130647089414,0.008199907558191978,1.3076853114956914E-4,0.3071282321266405,0.6461492371252322,2.5178266337857518,0.06727389638964452
-0.009847056624789078,0.004893088266708824,0.008200869704418063,2.4533627851018613E-4,0.2853795182014949,0.570567680781218,2.5243589375092728,0.1411202169752612
-0.009862081038649325,0.0048748599022798,0.00818094231530561,2.1982493187901512E-4,0.2872080230844785,0.5813154111717238,2.5094804930640486,0.1229380507810097
-0.00982561279646892,0.004885528967507818,0.008190067167438564,2.789128886012768E-4,0.2773900438711215,0.5451788758370254,2.518733321838235,0.161898998529446
-0.009800497289221563,0.004885544566480292,0.008187400992707143,3.1898047095133903E-4,0.2694488322906927,0.518117244081656,2.518973592531644,0.18759512836207845
-0.009729351030973499,0.004891528184159066,0.00818480215311579,4.3315129285584325E-4,0.24774245355009325,0.4431471802078764,2.522970952615467,0.2614058320037967
-0.009712697844191938,0.004884743071449906,0.008174267258177392,4.585360466260754E-4,0.24160694140668051,0.42338898876259445,2.517139999539925,0.27726048815116255
-0.009762863224951783,0.004889678270005554,0.008187510816459768,3.7949613683903376E-4,0.2581286679820725,0.47873758378071907,2.522103101738553,0.22679059465341236
-0.009745087847593188,0.004882513869652693,0.008176689413336428,4.067710853122403E-4,0.25148564153548236,0.45760541077753814,2.5161746870033324,0.24377270815593327
-0.009778476143764644,0.004879407969002605,0.008177626378797223,3.5329850207182464E-4,0.26159825309750584,0.49265749745298704,2.5140959868106374,0.20911899725423305
-0.009599263154335945,-0.004883412542988031,0.00815047422095267,-6.374655223187294E-4,0.20610711303889492,0.3013632904280395,-2.5100292409342315,0.39283430349584947
-0.009580681382598415,-0.004883658814573063,0.00814641935774444,-6.667108989202616E-4,0.20040392346086452,0.28153905431552934,-2.5087468973812594,0.41183093588321057
-0.00950024035935852,-0.00490574148970025,0.0081509722533296,-7.987501957604091E-4,0.17732997841103207,0.2007072944938975,-2.5182547515135365,0.4982971197550799
-0.009521386341516986,-0.00489694279472269,0.008146652323827526,-7.631292072995398E-4,0.1832367501198303,0.22128556400924262,-2.5136298123426397,0.474925701485676
-0.009541640084899649,-0.004890027747732129,0.008144039930468604,-7.295354685779103E-4,0.18894350868177426,0.24131864718585797,-2.5102361352820046,0.4528824849585032
-0.009561402691603275,-0.004885701206555693,0.008144075192198516,-6.974524342026799E-4,0.19465927203686498,0.261416596350672,-2.5086855736793336,0.43188108899523575
-0.009347163445958302,-0.00492699314881968,0.008125300649703656,-0.0010445833153357419,0.13223700151335807,0.041734330627679624,-2.5128995945142756,0.6591889079790777
-0.009330496110877282,-0.004919589074758669,0.008110407221991939,-0.0010675523365911213,0.12723089845557692,0.022475859299923403,-2.5039934000233157,0.6744627695495827
-0.009366686481919904,-0.004916078715358781,0.008119794700416795,-0.0010103311888715234,0.13769465684816964,0.060302028935075545,-2.507561526478628,0.636785705226199
-0.009392906796832756,-0.004909447300264176,0.00812138238030363,-9.673620579178818E-4,0.1451999621636719,0.08685372888672312,-2.5065745524427214,0.6085881091226398
-0.009482878954703894,-0.004889430876181345,0.008127021404529824,-8.211561179878585E-4,0.17106780525496365,0.17842479508619133,-2.503278323938742,0.5126393643389023
-0.009464543081316822,-0.004897841618768703,0.008131263286238819,-8.522346067274537E-4,0.16606951993239222,0.16074826406795284,-2.5076321239383454,0.5330821127628177
-0.009443264963185614,-0.004895601481990929,0.008122046598057391,-8.846314006087024E-4,0.15954531134165817,0.13755067678139243,-2.503018156346275,0.5542864330649894
-0.00941909088185418,-0.004899712495188662,0.008118971329230796,-9.234716369253699E-4,0.15258118232086237,0.1126821782271241,-2.502834996263994,0.5797833631640573
-0.009277678148338474,-0.0049406283449239434,0.00811383227565148,-0.001157337239185891,0.11224849347975988,-0.02965890922773085,-2.5106134792919548,0.7333195765148426
-0.00929883719548808,-0.004923231212328735,0.00810224009053027,-0.001117703182453641,0.11818985819216139,-0.010499408520770656,-2.5008955641542556,0.7075611307971347
-0.009315987090536281,-0.004914566153554673,0.008098983600044315,-0.0010879372296847157,0.12298120810984865,0.006034038723765279,-2.497259515659966,0.6880596681228763
-0.009236023772569357,-0.004931978773238394,0.008086085758914273,-0.001217510726156159,0.10053545259183784,-0.07560565279936758,-2.4947512431328334,0.7736309606609524
-0.009213378368203705,-0.004928105168110493,0.008071578046244872,-0.0012502298212405507,0.09432281105968786,-0.10030089759730583,-2.4864729261611735,0.7956358810161338
-0.0092556254363184,-0.00491852639073324,0.008078968190984852,-0.001181852118096633,0.10601092601204999,-0.05728654518684149,-2.4882271506599305,0.750351442498069
-0.009324985704763486,-0.004902634182229543,0.008088678560292266,-0.001069519920339301,0.12536001402520938,0.013241561456391238,-2.489398325949788,0.6761021230029891
-0.008946859541529371,-0.004917160497114159,0.007919720786605465,-0.0016368222970447324,0.029144684307129343,-0.3804242260313269,-2.3993522589242797,1.0593945605982984
-0.008898788488527782,-0.004915344498411738,0.007888449354879645,-0.001703693542411729,0.018994336965092343,-0.42983064729304754,-2.3802413428024267,1.1058977450009781
-0.008923664333983625,-0.004906100460700152,0.007893380915213253,-0.0016630232910297457,0.024725572100456002,-0.40525471554710446,-2.3818858646683982,1.0784326354910874
-0.009151100144741237,-0.004928520144067511,0.00804299326495074,-0.0013443189632770492,0.07770957401104583,-0.1660551064249944,-2.47144742482794,0.8588246567127865
-0.009128152852634118,-0.004911600202919648,0.008012348053933104,-0.001370230237345754,0.07222335318666225,-0.19283907681366266,-2.451600539883857,0.8772907849060178
-0.009174498442329952,-0.004916483609802967,0.00804032093233653,-0.0013035089731850231,0.08411473979060154,-0.14336746180051116,-2.4676578363208432,0.8319492866256466
-0.009199672387544783,-0.004907498964454449,0.008041655108791011,-0.0012615932711997708,0.09088755896118338,-0.11835442449710239,-2.4665768764276184,0.8041675197715329
-0.008993597454976807,-0.004923313047736058,0.007953926582254732,-0.0015734009923374,0.039237092797598856,-0.3314897474654834,-2.4205101904932906,1.015154754036866
-0.009052282822331533,-0.004920528743648753,0.007983308192224732,-0.0014865648369065956,0.053170844112230393,-0.2708704283067111,-2.436962146667891,0.9558812601271566
-0.009022742684049883,-0.004916672471366918,0.00796279287344468,-0.0015274794443433067,0.04624294591261513,-0.30207402005718703,-2.4245730209196608,0.984130022871229
-0.009104659446296024,-0.004893086005680205,0.007979497209620183,-0.0013955664049828994,0.06686397544088833,-0.22003669484054847,-2.430057623978229,0.8954925500984062
-0.009075862187458796,-0.0049032281525017984,0.007976167033765172,-0.0014429134201565995,0.05948236975536258,-0.2486004770278394,-2.42997305852827,0.9271579671245957
-0.008970173301650631,-0.004901718969707148,0.007916085507246326,-0.0015945532010732163,0.035141208795832414,-0.35805016342800267,-2.394827222374987,1.0313519180972615
-0.010703479746127115,-0.005005505290831768,0.008198198540444237,0.0011545692142669215,0.5651949329400149,1.557047003857553,-2.442608097021525,-0.7371225328363183
-0.01068742371040768,-0.005003044784333263,0.008201714055162195,0.0011281462759454295,0.5606299909038038,1.5380909451920706,-2.4470314484307067,-0.7203954467431886
-0.010681400275229376,-0.004986204920230947,0.008184342466464175,0.0011120157891851238,0.5527168985158345,1.5213311828590468,-2.4345055466812506,-0.7137871756409894
-0.010749997696186902,-0.005013630049074264,0.008188334509129163,0.0012314453787488479,0.5785328206667594,1.6125749361633581,-2.4298794359024654,-0.785630181225316
-0.010719261704862107,-0.005008266776223767,0.008194999647393,0.0011806646241632158,0.569779941153726,1.5758907197196843,-2.4384329180125763,-0.753573833472101
-0.010734716998450843,-0.005011041752301102,0.008191809246502755,0.0012062386829153513,0.5742395663723903,1.5943871993633147,-2.4342688802017673,-0.7696922089306993
-0.010759898860447958,-0.005000622929902481,0.008168805229436188,0.0012413654062675926,0.5752703763401148,1.6147710519078722,-2.413771000650264,-0.7952407716058764
-0.010775118989424801,-0.005002067573690414,0.008163795710663285,0.0012658103802002804,0.578959085832722,1.6319870878045297,-2.4081431204159034,-0.8109676193078129
-0.010790838538772296,-0.0050039939853707095,0.008158987470003693,0.001291213518390362,0.5828868338840385,1.6500250490571615,-2.402579207799444,-0.8272218237306231
-0.01080655097017476,-0.005006641815032647,0.008154880510375663,0.0013169052616299815,0.5870539581176106,1.6685164692599503,-2.397520756294796,-0.8435076123228945
-0.010821887200834367,-0.005009803127076723,0.008151407171323254,0.0013422327199647344,0.5913155421249946,1.6869526360093612,-2.392958342840917,-0.8594497208080375
-0.01083695557510106,-0.005011828976896339,0.008146597679659669,0.001366585789636065,0.5950068374262295,1.7043118383078433,-2.3873787829629864,-0.8750261618646525
-0.010852573037285805,-0.005012948728762169,0.008140326954976324,0.0013913111747186813,0.5983535404546783,1.7215629558493515,-2.380576148862135,-0.8910525507346084
-0.00968064554596423,-0.004892825865704524,0.008178109099227041,-5.108081665216235E-4,0.2324591301677921,0.39108475705383,-2.5223351678714514,0.3114512085900623
-0.009620569577811698,-0.004883081869755866,0.008154826850010082,-6.038679994884827E-4,0.21266165506848506,0.3240996544108961,-2.5113024277805494,0.37103358360116573
-0.009668115660208839,-0.004872313072700198,0.008151986998972417,-5.268124207664155E-4,0.2262839534370679,0.372272599625727,-2.505541317945123,0.32056610362600974
-0.009644566503873514,-0.004870863926642271,0.008145701953010781,-5.635661321646859E-4,0.21886010422991384,0.3466908145645261,-2.50314664332867,0.3443071460309492
-0.010206599050501412,-0.004944610964737036,0.008255829084024275,3.373145378259454E-4,0.41028510783245714,0.9803812553085091,-2.5324044372342382,-0.2226490432130058
-0.010286152205832356,-0.0049483990570829,0.008249141590242618,4.671682790886949E-4,0.435433460759505,1.069465569215532,-2.520811002185317,-0.30485561528112576
-0.01026994108763347,-0.004948558466863022,0.008251890786995753,4.4086768946028206E-4,0.43063416939779037,1.0516942834655583,-2.5241802107053783,-0.28800743294185743
-0.010254480876673302,-0.004948706321858342,0.008254367565144844,4.1575779507762326E-4,0.42602248525296943,1.034734033647165,-2.5272790216149263,-0.27193407015527216
-0.010239307119728269,-0.004947269560631663,0.008254809077485874,3.908751003372771E-4,0.42101544841963184,1.0174371474406714,-2.5288962176857166,-0.2563173042935141
-0.010223223050399832,-0.00494532456854213,0.008254638831191123,3.644539576630963E-4,0.41556176411609597,0.9989548583287636,-2.530153415950146,-0.23982216872225984
-0.010128441861066031,-0.004943670942678895,0.008262147725513811,2.0983511623618088E-4,0.3856106309204421,0.8940572154402116,-2.5433675098540545,-0.14171188211771793
-0.010144018377905257,-0.00494450775147649,0.008261928769610615,2.3531435477557866E-4,0.39075380673210075,0.9114939402663608,-2.54192395794974,-0.1577549666111542
-0.010152533059507514,-0.004932805179320802,0.008247492692304934,2.4819411880990975E-4,0.39047145496100294,0.9164689218320132,-2.531116722442787,-0.16797056709777455
-0.010166255155568373,-0.004930019317551585,0.00824299380373597,2.702175562834906E-4,0.3940125570281848,0.9304520746248691,-2.5267996074889645,-0.1824849074229106
-0.010198692356254204,-0.0049281122907137926,0.008237412328774967,3.2258490106542014E-4,0.40346383814785586,0.9652347843363653,-2.5200876418277596,-0.2162365881694097
-0.010182290764802085,-0.00492845929995181,0.008239586794075278,2.960594719520096E-4,0.3985467608201772,0.9474135257864195,-2.5230330919953405,-0.1992395015768211
-0.009872864061972568,-0.004891981193821441,0.008201653810056936,-2.0390393323660642E-4,0.29338217899993096,0.5981317333731075,-2.5227838591023026,0.11450120454185088
-0.009855670348685853,-0.004896790026932964,0.008205914911842119,-2.318438807448039E-4,0.2887211959347486,0.5809913790349283,-2.5270997737401557,0.13287087639184517
-0.00981021793922152,-0.0048946875006576195,0.008199116593117345,-3.0447366707040617E-4,0.27389082904357553,0.5312381220835304,-2.526166211371874,0.1791332732658994
-0.009826500503760487,-0.004888351147173786,0.00819343642336942,-2.777758886541186E-4,0.27807123176780085,0.5469712734635795,-2.5209701438336296,0.16143159424284717
-0.00984232469726968,-0.004885403868527068,0.008191509876690274,-2.522185851106891E-4,0.28262944671176465,0.5631706115455998,-2.5183529944182235,0.14477204088731604
-0.00969954626632026,-0.004889494858047435,0.008177578770146602,-4.8020822739411236E-4,0.23802865271329862,0.41052656193352116,-2.520456344348888,0.2915304988226349
-0.009731719075330825,-0.004901147652166454,0.0081963649792202,-4.3085375669161364E-4,0.24968712769914495,0.44832330304828877,-2.530629162977014,0.2606508116112867
-0.009748823649497858,-0.004900534790919149,0.008198188558551587,-4.034242960480264E-4,0.2550703384089055,0.46660456358537916,-2.5304904948161853,0.24302537918444306
-0.00971894396308938,-0.004884640468059586,0.008175157498820348,-4.4860895768096125E-4,0.243549458167881,0.430079503416906,-2.5172468379831447,0.270849299702143
-0.009792000120282153,-0.004892501126972016,0.008194499746318864,-3.333563728867366E-4,0.26773184100667263,0.5109525610770107,-2.5245076059239953,0.19742757817617587
-0.00976718764784749,-0.0048906154001201185,0.00818917911007592,-3.727277064978224E-4,0.2595821331725175,0.48365752831444897,-2.5228999523515445,0.22251890101395672
-0.009878376266777443,-0.0048747096066892185,0.008181980595174571,-1.9386580190646662E-4,0.2922436028531849,0.5988393774151369,-2.508839292046373,0.10623006877896837
-0.009894830085032412,-0.004868180199564067,0.008175487144100964,-1.6725815037623882E-4,0.2962347542359509,0.6145653957075536,-2.5030031984389534,0.0884384236813976
-0.010121372846364912,-0.004930599110617574,0.008247319959084072,1.9740249632275525E-4,0.38020192889881843,0.8814882330391424,-2.5336165286428884,-0.13599222156766322
-0.01010637641744086,-0.0049243393593826484,0.00824095558811151,1.7266016665329573E-4,0.37399216304385774,0.8627867598409439,-2.53044513222517,-0.12125613040991566
-0.010095191189365334,-0.004908465283762826,0.008223046527071213,1.5367175164669974E-4,0.3667998432820086,0.8448626235658114,-2.518922441472396,-0.11165855216730601
-0.010027851589144864,-0.004912133664767369,0.008229635693936201,4.505240714531056E-5,0.34651151632723415,0.7728027011627598,-2.52917888942576,-0.04184132911228546
-0.01001282426363135,-0.00490432051971372,0.008220679895943312,2.071028840959709E-5,0.3400639294351423,0.7538095171492576,-2.524254180557309,-0.02741908181111207
-0.010046624935509363,-0.004901018574027346,0.008216286001692871,7.511128248739312E-5,0.34996945210180547,0.7894213515424146,-2.5183585132873527,-0.06262664740755465
-0.010086426773787793,-0.00489525439998069,0.008208102607167719,1.3889514677099436E-4,0.3610110624295886,0.830635409949245,-2.509248181047481,-0.10426865228821469
-0.010069047421740324,-0.004891022967328979,0.008203933209189766,1.1082198900795961E-4,0.35469260722174584,0.8102788209259969,-2.5078540590927196,-0.08692606896498341
-0.010002027660558717,-0.004887961927118809,0.008201669664369728,3.29723701354117E-6,0.33330998646512006,0.7366232530156991,-2.5120211940021355,-0.018537680634517047
-0.009968397420565012,-0.0048888822787222595,0.008202429832770974,-5.06217509820958E-5,0.32300876943193296,0.7005174606164898,-2.5153860829513,0.016088379907307354
-0.00998452804377582,-0.004880633076587636,0.008193074043101658,-2.4679341668967385E-5,0.3263677715531716,0.7152575210714928,-2.5075575010581916,-0.0015697171698901898
-0.009930670120503103,-0.004886901233949483,0.008199014309826972,-1.1101417393061492E-4,0.3107797009985796,0.6590519202713835,-2.5161920780795195,0.054497930950300484
-0.009952749294771843,-0.004879722699576377,0.00819142396847032,-7.545211674865513E-5,0.3163368079413196,0.6806144371405428,-2.509104465047784,0.030870037283241038
-0.009916902969823345,-0.004863191007731477,0.008170909817735732,-1.3192142029293125E-4,0.30219701494773527,0.6367567370889037,-2.4979891616041097,0.06517838813463252
-0.010556218057672574,-0.004971575835106124,0.008211495812942718,9.080893651606509E-4,0.517494593959062,1.3770354183001345,-2.4680748170750615,-0.5841585551238923
-0.010356561370642305,-0.004969907567557993,0.008261519022805709,5.855480020285033E-4,0.46267742891626146,1.1564729185785245,-2.5235564421024788,-0.37625312866378874
-0.010341101912945634,-0.004968598154532408,0.008263051680185136,5.601168858099273E-4,0.45775027900042137,1.138784572885326,-2.5260134858941865,-0.36023544969330495
-0.010325445378752645,-0.0049671185181592225,0.00826428321249048,5.34329088747596E-4,0.4526726037671384,1.1208141241318599,-2.528256402864173,-0.34403956487632775
-0.010365467757178474,-0.004956002775511527,0.00824336099887994,5.971448188757665E-4,0.46087000597399413,1.1600738833932172,-2.509621038873925,-0.38664729733245196
-0.010539782531507155,-0.004969078532999048,0.008213713044502628,8.810538240458214E-4,0.5124366568909737,1.357766397699898,-2.4713706305110335,-0.5671675270288271
-0.010380977491408209,-0.004955954909748424,0.008240009691951563,6.222220500730591E-4,0.4652721428726854,1.1771161966565709,-2.505788675246795,-0.40277858859705923
-0.010413330853126736,-0.004958452729243238,0.008235620087111787,6.750354150675981E-4,0.4751533017314948,1.2138332447658071,-2.499628610805312,-0.43624016525493575
-0.01039737368002246,-0.0049563377628704984,0.008236824901624406,6.487943223284996E-4,0.4700023213721201,1.1953138483931687,-2.5019786833539723,-0.41979235053891156
-0.010522990901312401,-0.004968195887492622,0.008217772335703507,8.539248598308391E-4,0.5078456432680484,1.3389570116269798,-2.4760438430250384,-0.5497685430210906
-0.010506940039270994,-0.004967916344169213,0.008222161174228972,8.281223617451829E-4,0.5035791090917888,1.3212445878189276,-2.480866085977358,-0.53310462891132
-0.010491385597146291,-0.004966562789371167,0.008225003345235305,8.027749010079927E-4,0.49902055418747976,1.3034999528777786,-2.4844726692690386,-0.516984091337947
-0.010475715849742323,-0.004964061448455531,0.008226392018401871,7.769137857728145E-4,0.49399730617612864,1.285055157980028,-2.487004112085214,-0.500798717329345
-0.010459705365140522,-0.004962106106471092,0.008228369125358586,7.506522606120831E-4,0.4890444998927088,1.266523116947221,-2.48998455450852,-0.48424823138072354
-0.010443723206006313,-0.004961058887588336,0.008231255997174359,7.24660984474236E-4,0.4843652533772031,1.2484710766599065,-2.493610894493387,-0.46768892868414685
-0.010428380587332073,-0.004960435110659424,0.008234336512611013,6.997836937859113E-4,0.47996099019170074,1.2313186225487298,-2.497298995506554,-0.4517712627857425
-0.010319151421311706,-0.004951246245514096,0.008246801364258032,5.211876772416202E-4,0.4460046473047882,1.1069838694036938,-2.5162376996958535,-0.3388737307336637
-0.010302945032245462,-0.004948805711124256,0.008246806142461274,4.944799215128721E-4,0.44050723338150516,1.088108687777246,-2.517672510101345,-0.32225346947444816
-0.010295236839170581,-0.004931501881676866,0.008227861807644739,4.790752219592073E-4,0.4331946282362285,1.072284162423687,-2.504794339831373,-0.3157720364498393
-0.010572170142482582,-0.004973867462080864,0.008209041155044882,9.342822538786838E-4,0.5222781304350406,1.3956911798387885,-2.4646392640844854,-0.6006714448626851
-0.010587894248340661,-0.004976176665081852,0.008206536138146104,9.601082923768671E-4,0.527007417015375,1.4140937643043852,-2.461160271763059,-0.6169459893126875
-0.010618234045786712,-0.004981332765803202,0.008202119528162091,0.0010101637835291213,0.5362541839774138,1.4500246557667449,-2.4547010220399343,-0.6483794337322203
-0.010603522689234153,-0.0049783444138272485,0.00820375622908913,9.857260738372316E-4,0.5315833941346501,1.432334041590539,-2.457469566865108,-0.6331408374991856
-0.010628368836800104,-0.004969910455723704,0.00818515109284316,0.0010221615519966619,0.5343615791050254,1.4544850791588515,-2.4408807725320836,-0.6588324876126987
-0.010674792164768755,-0.004969205607816689,0.008167055625422916,0.001095027300449921,0.5446890374949888,1.5039857829203847,-2.4221759588384675,-0.7065631563466613
-0.010658220124224004,-0.004968410873024877,0.008172436449878757,0.001068685090173688,0.540669296901349,1.4857452642975149,-2.428069774400516,-0.6895326970925241
-0.010642158184194459,-0.004968820135422808,0.008178876823775121,0.0010435384942649832,0.5371535047194483,1.4687196866822703,-2.434675231133158,-0.6730251274266954
-0.011508817429437644,-0.0052034688889285126,0.007910591773300349,0.002488270804066231,0.7462994158050185,2.534868673240601,-2.0785715000307246,-1.5751147618294652
-0.011493738691864435,-0.005198671380408867,0.007918403697388407,0.0024633716450207003,0.7439831607700197,2.5167211499423705,-2.0886666173063264,-1.5597591780975504
-0.011478628323332823,-0.005193779593638953,0.007925989233646137,0.0024383044802724347,0.7416940031025399,2.4983496512728327,-2.098536731755019,-1.5442800506688386
-0.011463429585685156,-0.005189053805600269,0.007933694490109949,0.0024132163368810397,0.7395524971452937,2.4800429830033646,-2.1084386265909756,-1.5287659852159214
-0.011311685511069655,-0.0051460183536461,0.008007376648962781,0.0021637172248869306,0.7144238303509316,2.2979049640774516,-2.2012760229539414,-1.3731613962225044
-0.011296552367995665,-0.005141909692030236,0.008014144029879615,0.0021387493900141886,0.711574085949786,2.2795581701961845,-2.2097701485305516,-1.3574804224801884
-0.011281372292541348,-0.00513776460479987,0.008020761492777294,0.002113649453441106,0.7086881528119638,2.261066677339579,-2.2181043630367427,-1.3417045835024484
-0.011266094781963054,-0.005133665666047232,0.008027360864787406,0.0020884066167404427,0.7058160659563467,2.242477945022486,-2.226385515502979,-1.3258216852471254
-0.011459979170663338,-0.005172337094318636,0.007917505173803832,0.002394126587537699,0.7306993228890944,2.457384769112963,-2.097267273674996,-1.519022928332067
-0.011444622392268601,-0.005168410576312207,0.007926060242868916,0.0023695843354952398,0.7287069049368241,2.4399971159889415,-2.1076951760427236,-1.5037940273477879
-0.011429389233468557,-0.005164332327667169,0.007934189550763,0.0023450264356481734,0.7265769713722466,2.422431932146454,-2.117723604569235,-1.4885487273457352
-0.011414202475331293,-0.005159763503541182,0.007941571578408226,0.0023200743386655527,0.7241206810291939,2.404252476729738,-2.1271191341478555,-1.4731018915695755
-0.011398972288262916,-0.005155207661882299,0.007948858527129078,0.002295030808456298,0.7215860146010683,2.3859797869268555,-2.1363894036676103,-1.4575791762038264
-0.011383721807925908,-0.005150999564716334,0.00795641633113441,0.002270199649919494,0.7191586920997778,2.368011819870985,-2.1458014160931485,-1.4421269440093043
-0.011368539704208418,-0.005146810387274933,0.007963795235301436,0.002245434151715666,0.71668168600422,2.3500449017491043,-2.1550047676129664,-1.4266966796856977
-0.011353431421772925,-0.005142377506573418,0.007970691087883936,0.0022205367044090003,0.714004223563344,2.3318048827196733,-2.1637650949077814,-1.4112088118729493
-0.011338320275084864,-0.005138059500321346,0.007977579205618444,0.0021956873202070865,0.7113110098621651,2.313630803093769,-2.1724611735122488,-1.3957260548081027
-0.011323194065400258,-0.005134070219064421,0.007984716142159494,0.00217103184951991,0.708717626143539,2.295734941437599,-2.1812927106563182,-1.3803041549949986
-0.010906271391462191,-0.005038739584620811,0.00814330853704147,0.0014873408940882548,0.6188337802879916,1.7968904326757043,-2.3758781136707885,-0.948495360819617
-0.010874792338089224,-0.005032236001011795,0.008151842309652428,0.0014352972331398862,0.6105208449157055,1.7588871652815883,-2.386607330548181,-0.915620895583502
-0.010890726066159567,-0.005035394687193076,0.008147439895441614,0.001461581415082192,0.6147026428773401,1.7780307816407313,-2.3811299477259684,-0.9322490424844504
-0.01091673564311542,-0.005025787860271433,0.00812267687628105,0.0014966425735039467,0.6149546110597184,1.7980729769154056,-2.358505880449116,-0.9575895786457184
-0.010932176833163035,-0.0050279339495000325,0.00811696556681919,0.0015214297756568267,0.6184031740903518,1.8157191200180913,-2.351972140938216,-0.9734680720833282
-0.01096417506255304,-0.005034664203116578,0.00810734049891647,0.001573927863969759,0.6263615501104268,1.8539298914163742,-2.3400136087962706,-1.0066240396150308
-0.010948496042201897,-0.005030528103548745,0.008111155677027594,0.0015477592324340355,0.6221010896424207,1.8345709999799154,-2.3452011943351345,-0.9902667149776051
-0.010978810373481368,-0.005038352501186314,0.008103446927295614,0.0015982502523874086,0.6301818897332484,1.8718776105918504,-2.3348844459666327,-1.021880862054893
-0.01099384108784879,-0.0050404517279717675,0.008097346981151122,0.001622249132754569,0.6333076549777359,1.888919902974257,-2.327954446419673,-1.0372694022840483
-0.011262389372114446,-0.005117402207182513,0.008011238854231167,0.00207104446871819,0.6972775669534478,2.2224926520505766,-2.2145741483495134,-1.3177521642471672
-0.011246935746474727,-0.005113349903226402,0.008017827978797977,0.0020456748330868503,0.6943026233277821,2.2039286507842353,-2.222777234007132,-1.301834724727506
-0.011184671035999584,-0.0050974289659356095,0.008043357530855734,0.0019433771641074197,0.6817798195402784,2.1289824409308173,-2.2544993753333613,-1.2375106907337934
-0.011169127238016099,-0.005093927465129136,0.00804991098656792,0.0019180735150501024,0.6787044009313066,2.1105993724161496,-2.262426231743952,-1.2215027199753161
-0.011153667918997431,-0.0050906880619648615,0.008056566021221657,0.0018930286245122544,0.6757051734425864,2.0924913362533375,-2.2703697174163477,-1.2056103534742937
-0.0110923714186549,-0.005076176662001099,0.008079578708355227,0.001792259353397557,0.6623569361320306,2.0186864221401972,-2.2987526965528775,-1.1419941425932334
-0.011138318836391742,-0.005087380030394097,0.008062922581730922,0.0018680579556669813,0.6726250322640269,2.0743704588132483,-2.278015929655997,-1.1897801150973912
-0.011123048019301857,-0.005083722852891914,0.008068677927984906,0.0018429373456814487,0.6693119048508619,2.0559580235146693,-2.285129514061087,-1.173926854644776
-0.011107746919370318,-0.005079902140782828,0.00807412027477643,0.0018176365859232876,0.6658485091955307,2.037332764868871,-2.291953703851575,-1.1579943010087865
-0.011195866162322632,-0.005083991381110477,0.008020051398395253,0.0019505024481976405,0.6764462947180868,2.1267781716177905,-2.2345029217310635,-1.2447425349472325
-0.011211717960439878,-0.005087964024853333,0.008013587290313524,0.001976363391073,0.679615124861123,2.145612216274642,-2.2265236469879177,-1.2609713041014479
-0.011227623559609858,-0.005092219183772027,0.00800725749087622,0.002002465286112424,0.6828480999462808,2.164718272707534,-2.2185781716393227,-1.2773015682797675
-0.011243169714634663,-0.0050967584855348596,0.008001360695950822,0.002028216489527112,0.6861347230164284,2.183725844188444,-2.210971719304666,-1.2933525246283162
-0.011009519565771808,-0.0050426546963318365,0.008090856663094873,0.0016472414282937208,0.6365164048377357,1.906651627749197,-2.320588510426514,-1.0532903479796951
-0.011025381737579611,-0.005045279653751119,0.008084602824380704,0.0016727091096679929,0.6398701346100517,1.9248621220438553,-2.3133369886135626,-1.0695351523234298
-0.011041222792506187,-0.005048274868324749,0.00807864242100704,0.001698321689883157,0.6433158451823666,1.9433112397286691,-2.3062723031569647,-1.0857989202976535
-0.011056970593986337,-0.005051591721085122,0.00807296295262396,0.0017239505614613671,0.6468288036190812,1.96189684570847,-2.2993946652904746,-1.1020096481011483
-0.011072576837797186,-0.005055154549765279,0.00806750842926261,0.0017494853168769466,0.6503718675105122,1.9805157508228366,-2.2926684265328636,-1.1181117550116582
-0.01108804348130174,-0.00505888054655105,0.00806218484229347,0.0017748840669430082,0.6539108031446631,1.9991051999862102,-2.2860206535086562,-1.1340952722495492
-0.010869011264610012,-0.0050149030783062775,0.008134477850059772,0.001417662793440509,0.6021353149774297,1.7402203972484063,-2.373959838734556,-0.9079640962461356
-0.009566954070780273,0.00490275157783683,0.008165250862168426,6.929586934615464E-4,0.19777730407565722,0.27148205279405513,2.5226565209181113,0.4295491247596089
-0.00958483401441017,0.00489252209128588,0.008157688233015721,6.622894827753424E-4,0.2024424824983197,0.28815065253948235,2.5160922512712216,0.40930508478601546
-0.009594551196517958,0.004873916743485126,0.008138402099719848,6.426798146014525E-4,0.20385236684052635,0.2939557062190557,2.502157721534422,0.39585472717900755
-0.009546442080870562,0.004893707322135283,0.008149555044451496,7.229582606611589E-4,0.1906703601166451,0.24730633454882137,2.513609637122211,0.4487347572307064
-0.009525414234321211,0.004892005268481096,0.008142019442864298,7.554786527715889E-4,0.18417568942724877,0.22442743006760746,2.510132923651261,0.4698300426314724
-0.009474940833607252,0.004882901810882405,0.008117117370501114,8.315587863122979E-4,0.1683689755687128,0.16846791290850224,2.4970974686447125,0.5193841132362333
-0.00950220271911743,0.004883532559972529,0.00812578086020767,7.893712290404763E-4,0.17655268365331425,0.19765840423368022,2.500887078320778,0.4917782203094832
-0.009483887135447207,0.004863604838466669,0.008097524736987917,8.12007937931187E-4,0.16989323557057656,0.17371303510153535,2.482909620773108,0.5062440084075662
-0.009448338730967976,0.004887380393897896,0.008114141011032519,8.741710059131291E-4,0.16071428547527147,0.14113172943337257,2.497176030183295,0.5473823447249556
-0.00920296915350723,0.004896592685728726,0.008030656507444375,0.0012517005958010627,0.09180144675326211,-0.1166684117663529,2.458564075502299,0.7979356439715574
-0.009225038597051127,0.004899473968465536,0.008043810011598618,0.0012198881098924787,0.09769979862439572,-0.09298269648475983,2.4660699980496728,0.7764649825916329
-0.009250826892987608,0.004904572561411947,0.008060844278472703,0.00118320103106174,0.1046764015675401,-0.06488930138072514,2.475949059092962,0.7517120299683024
-0.009267854407428704,0.004887140257580931,0.008048002283006044,0.001150137499158922,0.10929814499772869,-0.050034553871954504,2.4655955897435735,0.7301264228823406
-0.009293713242344475,0.004882898238211188,0.008053700371036733,0.0011093511028555066,0.11626397091934036,-0.023555218651099035,2.4675433029022,0.7029846913841196
-0.009327296013281519,0.0048861208196048465,0.008070547803616317,0.0010596626412271027,0.12572426736472608,0.012466586086865876,2.4766466060686203,0.6698690797536676
-0.009419731040840703,0.004883048487426813,0.008099929940214816,9.169735577820191E-4,0.1520833038845237,0.10978724552122264,2.489657225425756,0.5755055697293566
-0.009388855395469178,0.004884865631808576,0.008091565245338469,9.650810390146738E-4,0.14319148552387315,0.0773939927782004,2.4863339492818057,0.6072351715314298
-0.009359100643297251,0.004880881451419151,0.008076394802658792,0.0010092225623756048,0.13455163211597385,0.04508383952620216,2.478177752462497,0.6364623196939164
-0.008837340991083235,0.004882412178379895,0.007813017347426456,0.0017678231182124214,0.008885605650734334,-0.49409928122702057,2.3290859452438046,1.1532602731299368
-0.008992944465098674,0.004901978612553259,0.00792946593308909,0.0015621842475036735,0.040219368964302844,-0.3345964966965294,2.402780307867228,1.0090162001172198
-0.009016214638880268,0.004889085906502138,0.007928043182364885,0.0015216038933057124,0.0460548526069574,-0.31211092562671633,2.3999110883859323,0.9820096323044559
-0.008905861707040382,0.004887039389172538,0.007861319316254507,0.0016763424854755022,0.022196293065634778,-0.4248877378710841,2.3596883824231822,1.0890881040370979
-0.008876882157205375,0.00487661666771279,0.007831850722675773,0.001709986339194634,0.016962370574352067,-0.4548891986750919,2.3401110533472207,1.1133549497691224
-0.008966771795713462,0.00488880444043148,0.007899650114111928,0.0015918759233408961,0.03501268913521339,-0.3628157771187585,2.3831054056468286,1.0304378746338776
-0.008934241020174594,0.004878842593290224,0.007869402734715017,0.0016317815550707846,0.028533217281590577,-0.3968402515958496,2.363453261848759,1.0587778034111153
-0.009024093291662283,0.00485983355249108,0.00789966585613655,0.0014942568042879453,0.04902344110931822,-0.30720550000742536,2.3786323085459276,0.9649870624003513
-0.009052226296919255,0.0048590337167181965,0.007913942842954144,0.001453741795396464,0.055430947631244405,-0.2785265533983065,2.3868445322983423,0.9371914125819466
-0.009084142245745361,0.004867672654864088,0.007940324733623856,0.0014124104512093,0.06266177147002917,-0.2447372265389396,2.403457007018936,0.9084443681951291
-0.009122428201062073,0.004866138250814849,0.00795792737424929,0.0013561353559225482,0.07191138187290712,-0.20537018571281854,2.413161311123534,0.870101007895913
-0.00915326411277916,0.0048761408861405465,0.007984227252599988,0.0013158942567097715,0.07930596900156074,-0.1718692609491175,2.4295784531651976,0.8421993885614755
-0.009181711801835074,0.004881387297579239,0.008003578387030363,0.001276382817581811,0.08646724146735438,-0.1413888675258469,2.4411050652524655,0.8152000517847567
-0.00707733247669588,-0.005384301368868592,0.006395609932490309,-0.004025067905975334,-0.05938237607039266,-1.9022961487780203,-1.2789359565731322,2.621060895849744
-0.0071260587372895,-0.005334884289463581,0.006430306504106788,-0.003934316781480805,-0.06475401919728598,-1.8616186786128197,-1.3104486719771096,2.5665477996618526
-0.007292877887352858,-0.005305668806202529,0.006630870776301457,-0.0038012673990264717,-0.08078909190341112,-1.7897142681570009,-1.4656538732903879,2.5091507068610217
-0.0072415665956290344,-0.0053090738708626226,0.006565976082605759,-0.003836523337424892,-0.07584518707779996,-1.8106902860694631,-1.415628868397109,2.523367285292421
-0.0071914628226331725,-0.005317220570820132,0.006505495960962158,-0.0038758185699114163,-0.07112507223454266,-1.8321247074430242,-1.3689160193748753,2.5402220887427016
-0.006971589087886686,-0.005413522343728792,0.0062693626118374216,-0.00411326272673418,-0.04774617083998383,-1.9419815498611517,-1.1816320721521965,2.653786298830368
-0.007022064292623592,-0.0053930877996390455,0.006326077684564444,-0.0040631311873013725,-0.053359162380442034,-1.9203717993433849,-1.2259148516457683,2.6326822895472355
-0.006914588521786398,-0.005382719676431134,0.006175479634401807,-0.004095337117481981,-0.04122265599322238,-1.9340787329214562,-1.1175359808623329,2.6213146797298776
-0.006758165195569851,-0.0054764462821477134,0.0060098470759639725,-0.004278453316303434,-0.020838855322883234,-2.004644742678213,-0.9856451991085775,2.7001439681835504
-0.006812216866472575,-0.005430155990651574,0.006061485169288041,-0.004197492569927223,-0.028820384454579177,-1.9739151828705226,-1.0292374933485802,2.6612452887847753
-0.006849107272753715,-0.005367005435022484,0.006079887486017844,-0.004099520393676246,-0.03414366461801365,-1.9344662883711627,-1.0519919225597905,2.6033903992442635
-0.00660095824174901,-0.00557089126404861,0.005833232687190658,-0.004451357126981098,0.0023222444203804976,-2.061543976577216,-0.8470638887816674,2.761203998268012
-0.006639852489247446,-0.0055121901818772695,0.0058633305323319606,-0.004361012504051315,-0.005707579720262997,-2.028160458180037,-0.8790027143873181,2.7129037206685194
-0.006682179608012035,-0.00545788267660353,0.005898134537631424,-0.0042757864421076935,-0.013034480589789716,-1.9967911030920915,-0.912458275180804,2.6690117335903882
-0.006323634013159617,-0.005709580804067132,0.005492918309834293,-0.004687519236524336,0.04345554002492199,-2.1102851190181595,-0.5981958877104937,2.795925438121071
-0.006355539092134488,-0.0056477635553653874,0.005520076310815076,-0.004598974054706562,0.034134754885157374,-2.081249584119433,-0.6303723446078124,2.7521512802679737
-0.006388094315036496,-0.005597557304878574,0.0055498662435695635,-0.004526365216373031,0.026865321199016863,-2.0582131473693384,-0.6605059220436238,2.71871291196351
-0.0057813627697197115,-0.006010239660831362,0.0047944749625070055,-0.005080673934437179,0.119932323313494,-2.1004868185226804,-0.14077707221291336,2.737855453039568
-0.005852880502847614,-0.005913143590867849,0.004885067712496039,-0.00496011848797074,0.10280785589359057,-2.084581674099834,-0.21510835286788527,2.713577471777909
-0.005834051704549997,-0.005965654358995815,0.0048630094820657195,-0.005028052439538636,0.11259483982914849,-2.101128632844419,-0.1870876233102386,2.7401665171967196
-0.005838884097806481,-0.00585405029090049,0.0048623883016412715,-0.00488112718568304,0.0982851714539269,-2.053958019036899,-0.22354044246816623,2.662657925151982
-0.0056794425697792,-0.005985859110107117,0.004660306995553795,-0.0050340993627341684,0.12133787354416638,-2.052028801351422,-0.09392744001417001,2.6552486633064216
-0.005561272800500731,-0.005965571712914197,0.004510110707844891,-0.004990176447819646,0.12278352674027011,-2.000324058324921,-0.04355111525460739,2.5695324104687205
-0.006231667845193804,-0.005720406077399031,0.005368757824884199,-0.00470895487215667,0.053031589102583924,-2.097755648015872,-0.5224083768111417,2.7636708117931663
-0.006098247903553499,-0.005802038408326217,0.00520245289879808,-0.004823598136234133,0.07355581389537828,-2.1078152266143104,-0.40678525773078167,2.7672895866209326
-0.006133641265360059,-0.0057121185583687865,0.005234208881274515,-0.00470162433187668,0.061383981586342375,-2.0715756015027504,-0.44984932498343305,2.711021980628988
-0.005982194620572349,-0.00578965315703536,0.005044553212853287,-0.004804672069066242,0.08115776785022895,-2.069320824337961,-0.3297828850589837,2.6953164665713563
-0.005877730920637439,-0.0057828564396067384,0.0049068197867995255,-0.004791157417339153,0.08675961073395638,-2.03531176983974,-0.26607514108785435,2.6338483940812343
-0.006522202777765367,-0.00556569283479478,0.005722504970140027,-0.0044607252594387635,0.010332928141712492,-2.0542169589601085,-0.7756076278007774,2.73357224880603
-0.006445995149458077,-0.005576120247133337,0.005621904958833977,-0.004488519854513983,0.019216097243068084,-2.053312422512096,-0.7099382218880089,2.7193018779096825
-0.006382333487731599,-0.005537875034522651,0.005524084902680416,-0.004446835206620494,0.023141139555449528,-2.025379641875846,-0.657999958898435,2.6634720332293784
-0.0086835526116499,-0.004945671640239232,0.007775734994709757,-0.0020188117615526106,-0.023543863956906257,-0.6446247795710595,-2.313003144077394,1.3241547897686836
-0.008652136607123462,-0.004951436011293307,0.00775858895105233,-0.0020647001884431786,-0.029007344939193328,-0.6755376541207986,-2.3024419203540663,1.3560909862148731
-0.008465838117785824,-0.00496908999116446,0.00762822130659501,-0.0023168203059632567,-0.056158384524258136,-0.8548435681092706,-2.2160909338006793,1.5335831228327519
-0.008506654281141255,-0.004970386044871188,0.007663800073240106,-0.0022670585686055855,-0.051375791133903434,-0.8165290393652481,-2.2407246884860723,1.4980727449025633
-0.008544833420990036,-0.0049521848653565825,0.007675641406031969,-0.0022040012745735207,-0.0446258833780149,-0.779392199192118,-2.247001787292033,1.4548573574020474
-0.008614646606459211,-0.004942480178044742,0.007720292392527167,-0.0021068707005134145,-0.03394132745015104,-0.7120708911295544,-2.2760530240883416,1.3868068181487694
-0.008579897233528373,-0.004941744186924923,0.007692438626621906,-0.0021510342932755874,-0.03892111177657075,-0.7454958480900937,-2.2573062416314866,1.4181467703746515
-0.007594846381156909,-0.005232837648219489,0.006960228904647105,-0.003495007897688591,-0.10150190770693156,-1.60714392121878,-1.7251554429199223,2.3353499282593297
-0.007616740949129793,-0.005198318490270563,0.006958437454925202,-0.003435093475970591,-0.1001717833553213,-1.5797371950342376,-1.724586251822479,2.2940070245255253
-0.007467295015279762,-0.005294278701214267,0.006848942760220876,-0.003669706014053332,-0.09624808085993584,-1.7050209221544967,-1.6360561010858252,2.445877775570466
-0.007497124650432532,-0.005263931678054944,0.006863067261342196,-0.0036090813455215676,-0.09694474452096101,-1.6752477973565087,-1.6483535842205754,2.4054372977407206
-0.007524811941542579,-0.005235054537712721,0.006874929680884468,-0.0035520661733846534,-0.09683756081465916,-1.6473189780872157,-1.6585783159147407,2.3672255585143707
-0.007554708127223826,-0.005220382908523489,0.006900343509939041,-0.0035110379117403454,-0.09809750739895703,-1.6245313522781397,-1.6787746703176694,2.341399256501374
-0.007418568707195145,-0.005277784514792191,0.006773525701419736,-0.0036829996642097286,-0.09103709309918777,-1.7211836288941333,-1.577837172971197,2.4466371264104514
-0.007368839968220444,-0.0052655870286710755,0.0067005764221965206,-0.0037009096107287072,-0.08601808679398108,-1.7378699286805734,-1.5219663321779093,2.4501629184400397
-0.00731470081820673,-0.005257733147301149,0.006625431441537662,-0.003725604111163136,-0.08091782376540946,-1.756656751990229,-1.465007341097788,2.457284096015666
-0.008121178552527612,-0.005103656444713521,0.007442528523159549,-0.0028467400772995,-0.09772704486283931,-1.1823067257983648,-2.0928764064121315,1.9010419522855617
-0.00815541533339889,-0.005081454367426912,0.007455229377896583,-0.00278623814949451,-0.09366741353468405,-1.148751310484789,-2.1009359045419047,1.859527786415102
-0.008078239761067509,-0.005078716165972295,0.007373264236001793,-0.0028672249008192814,-0.09613729538404535,-1.2129068751814975,-2.0399452167740253,1.9164177866619088
-0.008036353861058686,-0.005060072106874736,0.0073114898918550586,-0.002891565586365799,-0.0951349226461618,-1.2421817250537208,-1.9929157660763506,1.9335844973017433
-0.007973964531784119,-0.005069929939513759,0.007254657211749929,-0.0029652296788700862,-0.0970765271585602,-1.293099064998203,-1.9505720377127205,1.9838326532879764
-0.00799662590063203,-0.005045568210282907,0.007255986135367798,-0.0029166674187624778,-0.09428013966505328,-1.2693593732638577,-1.950741067258772,1.9508145209502146
-0.007697412243348276,-0.005183414525895808,0.0070431161731671086,-0.003350215878454924,-0.10319201659141876,-1.524324098848185,-1.7902884363214817,2.24095002245671
-0.0077434739752859265,-0.005152564698261272,0.007070801790925189,-0.0032738969144238896,-0.10236875994104812,-1.4830239232001237,-1.8117021681532288,2.190050222460519
-0.0077711505637312024,-0.00510717432699984,0.007063321833794986,-0.003197049220207368,-0.09858501242330729,-1.4486959680585396,-1.8057040340908956,2.1375221215717066
-0.0078084246343761415,-0.005109254448248385,0.007107635574102445,-0.0031661135850416695,-0.0998974357796022,-1.4243776272135857,-1.8396881785779535,2.117871618543697
-0.007934381133908099,-0.005065472600737471,0.007207874819272895,-0.0029993451473736767,-0.09684671547695849,-1.3214609854699217,-1.915102960946988,2.006639857266831
-0.007887666626490129,-0.005071639029796078,0.007162557490702402,-0.0030507672837605114,-0.09747365580100088,-1.357123578607881,-1.8808447752872632,2.040899050600847
-0.007842599428771324,-0.00509004533846469,0.007129111308291408,-0.003113233653313573,-0.09855072183930258,-1.3945411307273423,-1.8557769681547924,2.0824675555290497
-0.007644651821182232,-0.005159111844537193,0.006959540644595196,-0.0033652234416999523,-0.09827078048693648,-1.5472949370163396,-1.7258860103504257,2.246307753954262
-0.008158122683631384,-0.005040864278686924,0.007417392774677495,-0.0027424536748875093,-0.08900472591225182,-1.1385756942328598,-2.070576236044127,1.8304684681145138
-0.00819315562204471,-0.00503794715677088,0.007449180588058611,-0.0027008434740571218,-0.08670926875069263,-1.1083427624290971,-2.0937026394250884,1.8014230936708455
-0.00821842020636193,-0.005014376846922401,0.007450214450107781,-0.002649648149775551,-0.08257108712310811,-1.0826337764001428,-2.0930106335456737,1.7666387081511008
-0.008437138783449849,-0.004937002759624908,0.007570374536843079,-0.002324587171910183,-0.055772318491216756,-0.87901335906686,-2.172997686848559,1.5419689302188255
-0.008397110796439356,-0.004948215623445533,0.007547406004184028,-0.002382214468437342,-0.061004654091336555,-0.9163462813014059,-2.157842346461256,1.581942979526769
-0.00835471386843761,-0.0049462359509188335,0.007508025202547146,-0.0024304570654596863,-0.06495260417811453,-0.9539199577008107,-2.129875049047122,1.616159970861059
-0.008254188895533322,-0.004991634883211368,0.007461603901001479,-0.002587673480225029,-0.07773755085483332,-1.0481723258980242,-2.099773311507531,1.7242702016283398
-0.008296023620513144,-0.0049671255799795715,0.007476007927921906,-0.0025172019036328874,-0.07229037705596698,-1.0082578295058766,-2.1085272051406765,1.676079294106847
-0.00832264882493351,-0.004943792507971919,0.007476831918516074,-0.0024653942112919185,-0.06734167639379278,-0.9818090993609813,-2.1074866163549264,1.641068881880615
-0.0087420919236255,-0.004948694649941989,0.007821380013921622,-0.0019423480503473311,-0.013938733675231236,-0.5862574874575176,-2.3428713256426996,1.269839963419974
-0.00877062328035482,-0.0049435386188449995,0.007835651322497203,-0.0018998801869155595,-0.008201614352332404,-0.5578529481080291,-2.3512799605854253,1.2405065621268803
-0.008793315647504622,-0.004925883165318702,0.007831663855196002,-0.0018567556876435826,-0.00266026761058159,-0.5358784791781367,-2.3464989613958305,1.2118125566602966
-0.008821041702585599,-0.004920053926761229,0.007843798712071358,-0.0018148120942622548,0.0030925074623333678,-0.5083066730007432,-2.3533348542579655,1.182958309855928
-0.008848004894829509,-0.004914433637157456,0.007855224722216617,-0.0017739196061907635,0.008713242156519554,-0.4814752330204743,-2.359685744724098,1.1549114683335702
-0.008870476775232958,-0.004895312602620512,0.007848428211186352,-0.0017305991264030846,0.014522026564762166,-0.46007688461457424,-2.352893093646463,1.1262396420201102
-0.00870677563349358,-0.004921856152358066,0.007766700938333858,-0.0019705949650819237,-0.017417774614245235,-0.6221746557055633,-2.3043088044820395,1.2923293970368352
-0.004681923519656947,0.006619530190792464,0.0033630542898969583,0.005511486670700894,0.1833080492969287,-1.7754141334114517,-0.4746841415543225,2.2458593852640756
-0.004172704997847684,0.006764743966866796,0.0028014094070378244,0.005466218070099207,0.16005624888998413,-1.5824018984794996,-0.553639701652405,1.9655084219847385
-0.004507641401257171,0.006648890185499817,0.003170861955553561,0.005477485974553193,0.17497289210599007,-1.706116422738371,-0.49965886981222457,2.142676323797533
-0.004337602653663089,0.0066869478379177885,0.002987295195813576,0.005452765142787075,0.16635737278774368,-1.6423126358573448,-0.5213717192156627,2.049547786769416
-0.007137598463331485,0.005312741300597606,0.006431629706126415,0.0038990435835074056,-0.0652964537394176,-1.8463067614135082,1.3138144982406386,2.543288701508933
-0.007885245764292595,0.005039583379937906,0.007131154581341296,0.00301801867426162,-0.09416496665782557,-1.349056165587976,1.8565608266948954,2.018142680005305
-0.007817543668079812,0.0050892513896799345,0.007100290555502548,0.0031352351643341996,-0.0983118240965531,-1.4114309066435442,1.834023743182582,2.0966111480134875
-0.007834916934934334,0.005043491088872435,0.0070795218896279625,0.0030685658244291353,-0.09410568633757786,-1.3847376084702647,1.8176678968268372,2.0509853270644576
-0.007769355263638695,0.005091537330455346,0.007047770722145929,0.003180786897119124,-0.09757412871408921,-1.4442440459493564,1.79389241509743,2.1256734487643842
-0.007728773612321782,0.005102060657962307,0.007010317255664445,0.003228015897149792,-0.09699055445841441,-1.473924102134706,1.765301447319112,2.1559918730110574
-0.007697252404792762,0.005089583201876803,0.006963523514250178,0.0032402509337688045,-0.09492646560907554,-1.4888484496701553,1.7295724321092631,2.1620700608881034
-0.007166658880452203,0.005262060428710573,0.006437568656876807,0.003817472893599277,-0.06720709138283153,-1.8108278763853878,1.3231285691416386,2.490352302863141
-0.007207429580485811,0.005224506601829646,0.006465883280775006,0.0037467668001229947,-0.07001689027302681,-1.7787059230403839,1.347331855048621,2.448437455893805
-0.0076579972055522425,0.005102881937450468,0.006928958703876722,0.0032879593244422634,-0.09416734659235627,-1.5173595937715378,1.7030444841186798,2.1923182867322573
-0.007558814953041596,0.005144090878238542,0.006844526565203992,0.0034147816856918453,-0.09240127327328986,-1.589516552871133,1.6377481964939198,2.271456338574549
-0.007608438754586649,0.005114219859257428,0.00687996810799271,0.0033408538208405717,-0.09301506754508075,-1.5501263953002054,1.6654745758180745,2.2246069880122827
-0.007259416651151992,0.0051967391574884335,0.006513505605311034,0.0036816335894759244,-0.07370427905723292,-1.7471242932064295,1.3848461584661997,2.4127119848924323
-0.007499046788099357,0.00516086964449036,0.006785126354527772,0.003479527031469331,-0.0901027481302852,-1.6277808537804488,1.5917953181204019,2.30988110670333
-0.007442316324448233,0.005159536108718157,0.0067147471808785344,0.0035181410268299708,-0.0862482547820746,-1.6545539117007466,1.5385048865110436,2.328852944801301
-0.0073210110792574406,0.005178905094749464,0.006578583982226553,0.0036218932916375966,-0.07821499828344526,-1.7154126097628002,1.434716303319225,2.382023009121553
-0.007384846980659482,0.005166839014398948,0.006649321153984697,0.003565973172679525,-0.0824755867492331,-1.6835939989342654,1.4886859208837462,2.3535692982953296
-0.007045744286919094,0.005364895273588841,0.006341394598936261,0.004014145141994155,-0.05589114046452517,-1.898993237735114,1.2408177417955188,2.6030184847645526
-0.00707614325229065,0.005310670570776233,0.006349473037274073,0.003927501334460258,-0.05890341333140341,-1.8617979205656476,1.2529128683227304,2.54739973802322
-0.0069785860843638485,0.00537794235373986,0.006258771243817471,0.004062111553544656,-0.04854663599683347,-1.920613350866157,1.1783980494542934,2.6179733096180473
-0.006747608069905232,0.005449795861355792,0.00598314404868574,0.004245416193837542,-0.020788483493299734,-1.989825519926269,0.9720830404113422,2.672117382348891
-0.00690374582275273,0.0053759375979435,0.006157312702795299,0.004090514715303416,-0.04018342633945766,-1.9321315223605653,1.1055709646813348,2.614676855890344
-0.006836679751486971,0.005388565973844011,0.006074007411413253,0.004132800054756699,-0.032488725978223644,-1.9477590549758277,1.044851070354105,2.6228817469334893
-0.00678154350602038,0.005403999871002771,0.006007639220309616,0.004172674531225426,-0.02625641179894293,-1.9615480347550593,0.9963936654735942,2.632288094134276
-0.006680414401211229,0.005446140303451175,0.00589069312603022,0.004260456356137057,-0.013210152467883943,-1.9902435466146893,0.9098342537993499,2.6572797727625006
-0.0066001681163915405,0.005454741635958302,0.0057864837983095,0.004293107970632069,-0.004313214666875362,-1.9952937787500267,0.839285644421838,2.64947956554871
-0.006524573623955654,0.005476283448949256,0.00569354569125476,0.004339151089346422,0.00486867182324897,-2.0044704617385634,0.7755028363178279,2.6510289877080044
-0.005186157045116449,0.006248301297968963,0.00402481365501757,0.0052549369048114246,0.16083996518115995,-1.9334802001173406,-0.20870710242398002,2.468833568713517
-0.005062274328959215,0.006279512126508682,0.0038739544133357244,0.005257242294474839,0.1622039599839413,-1.8883415663522538,-0.25510606229164084,2.3996823542463797
-0.004693672119101508,0.006464122875651394,0.0034211372709874836,0.005349047699542641,0.16825112185000304,-1.7666093309475748,-0.40118238180262245,2.2231517812817194
-0.004800661470577364,0.006373604567413652,0.0035596203597387673,0.0052853547789410175,0.16454099715916914,-1.7979580709981058,-0.34743931427616176,2.2661517665747204
-0.004931128920216839,0.006319544260794632,0.003716339083097642,0.005264942342388023,0.16329856616119984,-1.8420313918607043,-0.3011343946217036,2.3305908474461483
-0.0052976789126376956,0.006071824570781054,0.004180806998076571,0.005070997637640336,0.14005180330068476,-1.9334950076262294,-0.10048511996975533,2.463593410076793
-0.005209792427853902,0.0061341781234149784,0.004069391084811437,0.005125434556979197,0.14661336489746754,-1.9156046420497657,-0.15318637115947167,2.436777632843353
-0.006450528572206305,0.005505442899837034,0.005604810928727961,0.004392463179604604,0.014137118699759687,-2.015001834761542,0.7142165469217852,2.6564756702905012
-0.005397446580314096,0.006024799445106392,0.0043050674075306794,0.005034489225672797,0.13322226412741645,-1.9582514663964048,-0.04655169355168829,2.501783829481536
-0.005867782687680544,0.005887075948956263,0.004903016428672567,0.0049269430443413436,0.10005973152652846,-2.078001997555814,0.23182950962029605,2.7033619659245285
-0.005919869036664893,0.005814592771496073,0.004965098681156482,0.004834873568979305,0.08729076951264206,-2.0621678682188564,0.28376924397726944,2.6800822824486334
-0.005560647692796989,0.005996667446169323,0.004508632865139333,0.0050290800124247114,0.12637975151302114,-2.010921632117107,0.03270024263410024,2.586934597806444
-0.005477092892960887,0.005980024551218646,0.004405064668581403,0.0049942259301169745,0.1265702318040554,-1.9743312005322675,0.0020909857194132534,2.5267546635801152
-0.005702019452127878,0.005922067077909994,0.004688546313353363,0.004954914216822461,0.11235524894362822,-2.0351817003780344,0.1268591044069992,2.6283790069183723
-0.005615612074106976,0.005933778156403365,0.004578702011210299,0.004958318462797281,0.11662344725787108,-2.008903004976654,0.08035330661751693,2.583655568373044
-0.005772454911859197,0.005850472628079471,0.004776222718582138,0.004870662931392235,0.09983135330238997,-2.0306815356445678,0.18760518636462734,2.6221646100174607
-0.005697975043605315,0.005829478490395149,0.004680385497288074,0.004836664307708614,0.1014075490448509,-1.9982642333974177,0.15402460892685643,2.5675547668815053
-0.0062596651334667665,0.005670386579135692,0.0053951570712633306,0.004638923301783642,0.045850777145233286,-2.0768689025226394,0.5507403103337191,2.7325698765366497
-0.006375276095978634,0.005541119915611876,0.005515665225952677,0.004452151474994062,0.02405297174445045,-2.026109905952996,0.6525027752232092,2.663820993872807
-0.006294018562052297,0.005587689954050163,0.005420406457432305,0.004524428047263337,0.03494146990049046,-2.0392282839874873,0.586064754575944,2.674659612176605
-0.006177331647657686,0.005676221557379044,0.0052854573647195405,0.0046518793914098215,0.053340779092836514,-2.063121312581819,0.48793092002308613,2.700800197480087
-0.006101573119610994,0.005691436747372626,0.005187518452057235,0.004674814990267111,0.0610878836503723,-2.05375593598024,0.43122814191353415,2.6786381044591376
-0.0060177392835389885,0.005708881347415698,0.005079942607120588,0.004698738790167862,0.06934489168449465,-2.0411467783124646,0.370969577721353,2.6516033014274645
-0.005924053425674681,0.005714323867090809,0.004958967875453809,0.004704432415052918,0.07657001689333927,-2.0186117454080335,0.3105241236672904,2.609120452604659
-0.0039792392811287955,0.006786162327544314,0.0026156408020225302,0.005414342222833497,0.1482979217988318,-1.516099504513372,-0.5552575713171128,1.8696716601871264
-0.0038542256164602897,0.006879637490330721,0.002471027004816045,0.005450811917163043,0.141897175047255,-1.4714429713079396,-0.583397565342391,1.8092858687282145
-0.003698474825772992,0.006888070085088138,0.0023350412645374613,0.005401012219147989,0.13188262179608487,-1.4238787644832887,-0.5728672842720285,1.7390407129768077
-0.003501683763395229,0.0069406214232633524,0.0021550817000535946,0.005373803381032737,0.12006786039221527,-1.3625663069728733,-0.5718557183902776,1.6539087147738083
-2.4308873261297254E-4,0.008601449291086428,6.838834968939716E-5,0.00544911914786236,-0.026566512987007584,-0.5717420146856284,-0.07344552669530623,0.6173567219411233
-6.46578207925666E-4,0.008638626671575006,1.786396015199911E-4,0.0054885189631815315,-0.025801683687796256,-0.569988923483785,-0.19729551130613784,0.6184207968115691
-0.0011177030401100328,0.008707953794937625,2.987100186001732E-4,0.005576380272501164,-0.02193234512587879,-0.5674420264667309,-0.348210975914512,0.626133971489531
-0.0022481570431346935,0.00853239817815757,7.204429535097529E-4,0.005836738178033352,0.01855561389320441,-0.7229300428161886,-0.7002762609333412,0.8525912027799788
-0.0018371999242374206,0.008445067370374305,6.023288110475702E-4,0.005666270036488862,0.005401780276777817,-0.7045120555069543,-0.5514885823298911,0.8069852928189795
-0.0014398930685671244,0.008351061303431022,4.8661965638287143E-4,0.005528755976568287,-0.0015258620518896354,-0.6968171256268231,-0.41738861127550003,0.7825222726134986
-0.0024319338677908004,0.00817010717131562,9.563598987446226E-4,0.005753248272968188,0.0408963753598588,-0.8667067347292593,-0.6899200249338042,1.0244371297705213
-0.0026472756475425414,0.007940526895107776,0.0011654812651708671,0.00572053520478965,0.05947573485169309,-0.9710703499081041,-0.6994559873336071,1.1549129237839129
-0.0027099954526376424,0.00770867847146754,0.0013003317609153377,0.005614734085366046,0.06863805485217678,-1.0419978591585626,-0.6580371273334792,1.2388396883172246
-0.0029970302151461417,0.007524539068063919,0.0015548136857207184,0.005609900496487141,0.09018250429853508,-1.1431067670207185,-0.6743240885087203,1.374633238715006
-0.0031620806597297676,0.007268975462485847,0.0017725854592951233,0.0054985617938774,0.10242414590308616,-1.2309399622592876,-0.6292183145941883,1.4819284412946334
-0.0032535142057018036,0.007030242371785844,0.0019307993762049788,0.005356953735865756,0.10526425471805889,-1.28858956714585,-0.5692390716670856,1.5503334797421962
4.63041328784583E-5,0.008322814665585482,-1.519065151153985E-5,0.005358949839438736,-0.01729591189966043,-0.6490793962713076,0.012795367405615321,0.7053487827441957
3.3669193500111E-4,0.007922859117904734,-1.3432740860339296E-4,0.005220222312801227,-0.0027716392718037763,-0.7530826747404743,0.08543775188331054,0.829018176869233
0.0021966292633339443,0.00625646601169705,-0.001376867751227981,0.004547877724586257,0.06100270580731499,-1.1756695770508079,0.2747925937326779,1.3650695747289598
0.001753719220746285,0.0065917708993228135,-0.0010299993963593967,0.004696590602091183,0.048314191620566015,-1.088987113190757,0.2678011885900479,1.2518852720474116
0.0013074827642562121,0.006860357322776171,-7.210832993819835E-4,0.004793668779174687,0.03575735166967104,-1.0100586533308584,0.22854962822014843,1.149156342323007
9.625815231685067E-4,0.007151503669500262,-4.93635566361443E-4,0.004912505823304074,0.02375932685225016,-0.9388260270395666,0.189799107834464,1.0575082925633834
6.416486712361838E-4,0.007552535667392628,-2.9292649079944725E-4,0.005080009663092934,0.009870157234051581,-0.846171858950232,0.1461842978983633,0.9412662593904059
0.002240512230545373,0.005735906237663989,-0.001484153102925276,0.004189664907337191,0.062158990082086814,-1.2159292930851313,0.20473508346866634,1.4139707190456188
0.002681465730748557,0.005593497572082697,-0.0018257025573452333,0.0041427171429134005,0.06948994378039129,-1.2740111426157583,0.20660303574935882,1.491452598289954
-0.008603761280523481,0.004902513457315655,0.007669234643313244,0.002090098934347123,-0.03157439171261817,-0.7217278893822697,2.2377135794729592,1.378517304348862
-0.008730460200979747,0.004889769490273664,0.00774878975772604,0.0019163349147224133,-0.010792255452086548,-0.5995218721554477,2.2889109168188253,1.256937022028749
-0.00869391255867929,0.004888981088486588,0.00772191525222171,0.0019638208015717693,-0.016782023325101703,-0.6349806899261794,2.2712893341240328,1.2903236469019699
-0.008659996097590628,0.004873680377081752,0.00768091322918388,0.001996607497707747,-0.02073520879601835,-0.6676293449283514,2.2425528701970863,1.3148312052930893
-0.00877983278264272,0.004860800180403015,0.007751524862112271,0.001830948644948051,-1.590706832434401E-5,-0.5518585264959176,2.2872902489404425,1.199220556637264
-0.00881103193248957,0.004844347890479533,0.0077545249832277775,0.0017784929028113459,0.0066220962848353455,-0.5218343305413676,2.287263380086191,1.163654134191617
-0.008747180663830107,0.004855955513815996,0.007724079104727762,0.0018707719502993221,-0.0053737270421895115,-0.5837520717344863,2.268998756527751,1.2275477393686198
-0.008624992529374395,0.004868229505504276,0.0076491806818390065,0.0020371689128963234,-0.025450454580619054,-0.7007413204711145,2.2208180784141,1.3439380985753673
-0.008370748172728384,0.004953761699092491,0.007529911400326001,0.0024183258944052415,-0.06420867157891363,-0.9405386729705917,2.1459429728270885,1.6070302771071063
-0.00854409282460372,0.004924647786279917,0.0076458409661523605,0.0021828082511835757,-0.04182945221847493,-0.7790044034674234,2.2239932535889295,1.4423248759116571
-0.008570151147587026,0.004901047580640588,0.007641644329376136,0.002131424219973434,-0.036184489258090986,-0.7534293904542402,2.2189317376603976,1.407894184471949
-0.008506862981076642,0.004917950751989315,0.007608735028067945,0.002223669280664333,-0.04592383070060419,-0.8134715549870947,2.1979513370143375,1.471924178111742
-0.008392176612136551,0.00492642143749876,0.007520852659685351,0.0023690978139607193,-0.059241250121710144,-0.9184049325063282,2.1374384809869573,1.5741805101691768
-0.00846551254361742,0.004917004882075845,0.0075736429984989565,0.002273426230841372,-0.05054917440468342,-0.8514314969129356,2.173605799786795,1.5072269600809494
-0.008424549816418488,0.004920537208655547,0.007542717091206547,0.0023256438759605915,-0.0554593534837537,-0.8888677322261501,2.1523217852224117,1.5439256384856925
-0.00825322671913016,0.004939632767964284,0.0074091307649491985,0.002540032038675356,-0.07209708321837649,-1.0406629527355475,2.0585941666660936,1.6937149547501973
-0.008334781736306404,0.004945571345427742,0.007489533519039959,0.0024530217263580255,-0.06650149109929104,-0.9714466795709055,2.116619508379134,1.632166029125892
-0.008295365076285855,0.004939784542487494,0.00744806602710829,0.0024929014215620666,-0.06914640730121517,-1.004875697252076,2.0866020719304426,1.6606591363922067
-0.00818826908814152,0.004989286115491381,0.007396199182729497,0.0026587208927588354,-0.08152374464712782,-1.1036681856123396,2.0520425210313076,1.7742413438431353
-0.008142147160654745,0.004994736976282246,0.007356367655354892,0.002713932154005649,-0.08442894032042188,-1.1427478176295693,2.0231061899546052,1.8125188693775522
-0.008091580187477625,0.005002662150825881,0.007313499163358169,0.0027752602204240456,-0.08732820146948196,-1.1850573342545891,1.9918858860728297,1.8546231934357889
-0.008044568161458269,0.004991800695085276,0.007255547830069799,0.0028125674942779916,-0.08756365818158858,-1.2190977041738413,1.9485095946471918,1.8802637302452327
-0.008001154628398163,0.004987767864496375,0.007207235269477704,0.0028517955608928377,-0.08806996327790495,-1.2508767929546953,1.9123245181887596,1.9068673311402329
-0.007953375019774203,0.00498726715351237,0.007157077510238635,0.0028977356557941467,-0.08866951493939307,-1.28560093487955,1.8749437892188714,1.937530256119594
-0.007903012802294556,0.004989821278684812,0.007106215753890706,0.0029479856761674924,-0.08921651329175255,-1.321742444806789,1.8369723386653056,1.9705891184837763
-0.008209037007406036,0.004942620276487254,0.00737061402051993,0.0025913885477718136,-0.07523956581395684,-1.0779334368138347,2.0308539914796904,1.7294017073760646
-0.008231647568044552,0.004897537964733909,0.007348314362690392,0.0025247009806403185,-0.0691809010239839,-1.0512949720786262,2.0122339855681712,1.6849454483845356
-0.011520888049866384,-0.005191887697008033,0.00788665610943849,0.0024944016469375663,0.7399124913728582,2.5302512953090095,-2.057518439676055,-1.5805705275832782
-0.011551669113573372,-0.005200962478411676,0.007869246808626407,0.0025440639563677615,0.7436956116520886,2.56551165761913,-2.0356993671983443,-1.6109603907110912
-0.011536269666722691,-0.005196261340099478,0.007877848674699687,0.0025191026874845078,0.7417557788740342,2.5477234155348545,-2.046570529740998,-1.5957160142496847
-0.012259974271193215,0.014846572849844754,-0.006941798147530391,-0.0032348713943399564,0.16895099183797724,-1.4737795424631897,2.2327654814083573,2.4222735116343785
-0.012321294360855687,0.01482272409849387,-0.0068932635387600185,-0.0033157452890381295,0.16889746994429783,-1.5274408391093603,2.1806101118056795,2.4734031705233384
-0.012297303351454568,0.01484575994633894,-0.00689585494157121,-0.003266927432022283,0.1669378613062197,-1.4987151066004396,2.193250051566241,2.4369464370454756
-0.012386695241318427,0.014770357466322137,-0.006870691671950902,-0.003435583025160112,0.17217486168865606,-1.599127555788689,2.137287396132635,2.5591390858299614
-0.012360999072371386,0.014797274569322503,-0.006872556636146267,-0.003380256346163475,0.1696430869532395,-1.5672029020625258,2.1514158678457886,2.5176623739972803
-0.012420842814325473,0.014766808473854795,-0.006829725029233377,-0.0034664199357905398,0.1701881674277047,-1.6213109246885984,2.1008947187760016,2.573014715343709
-0.012452438314508733,0.014741497317059388,-0.0068166261271423185,-0.0035237592443146193,0.17209826534995604,-1.6551657279411136,2.077912390198076,2.6131314941785466
-0.012447422820820637,0.0147832027804803,-0.006775839708977024,-0.0034646291971189022,0.16707744978091582,-1.6261362947117957,2.062887496452971,2.5590951454936786
-0.01251975898981521,0.014693397155237292,-0.006779021276166814,-0.0036376190292617024,0.17430063128415882,-1.7225592788591728,2.023224677919973,2.6897107059210144
-0.01255504358088859,0.014666439076220799,-0.006759582123947711,-0.0036993294391540273,0.17594996290951848,-1.7584088393513972,1.9937393622192656,2.731208398763267
-0.012497373938999155,0.014731438519331612,-0.0067674115367126,-0.0035698838270151897,0.17057583738456475,-1.6860123831716203,2.0314048384075973,2.636014642978989
-0.012532488648910248,0.014728362718686572,-0.0067232490380084555,-0.0035986785231233317,0.1690391377396291,-1.7060866695686745,1.9928986058175837,2.6467730451682567
-0.012602320196375248,0.01464466086654755,-0.0067165306128364535,-0.003761345357531628,0.1760096847948958,-1.7959198260460956,1.9467922150594796,2.766574269592773
-0.012674761630441615,0.014626368511085496,-0.006632783395888172,-0.0038328161715411734,0.17436812780261338,-1.8403375523839764,1.867868467555293,2.7975336643437854
-0.012645915493805698,0.014650084819359883,-0.006649429200184226,-0.0037814794618126236,0.17238051537052773,-1.8116895459327478,1.893365233852407,2.7638998023251196
-0.01219627114918974,0.014893343972640347,-0.0069619903119740355,-0.0031224729544655984,0.1665768555016307,-1.4044430816292248,2.270790795101505,2.340705026814765
-0.012138958098114667,0.014950118659202885,-0.006958121415977313,-0.003004028535149642,0.1622409187335849,-1.334246850477309,2.2922253672027035,2.2498160043992006
-0.012178470385097721,0.014929669216939834,-0.006937471621628522,-0.0030631832705598906,0.16307026670383873,-1.3727408957964302,2.2658469440368934,2.290776543881818
-0.012243532916832662,0.014889271689026068,-0.006909344567119437,-0.0031680067324691866,0.16457108923898758,-1.4390056080648173,2.2241109482809063,2.364821284618225
-0.012128363010968627,0.015004157486092927,-0.00690114143465535,-0.0029320688112281627,0.15654509949673875,-1.2998622673961187,2.2669811436923344,2.184828936375293
-0.012110075130501274,0.015060145331788767,-0.00685026249085094,-0.002852878428062965,0.1501224700068784,-1.2595990188684942,2.24821343140334,2.115642012632574
-0.011774071492040857,0.015150059871973346,-0.007079383593889412,-0.0024357713604324124,0.15583818190596302,-0.9593109960238647,2.4759240445357182,1.8350127711186328
-0.011850608926630712,0.015133896801018199,-0.007026423305806094,-0.0025297360465931355,0.15404226657068962,-1.0296451150244073,2.4253748703184983,1.8995267040608528
-0.01181555722208846,0.015131326949820782,-0.007064994107524296,-0.0024968857659896037,0.15683858636041045,-1.0012689472335596,2.4567105276829904,1.8799737954952707
-0.011880107421535283,0.015157422826169928,-0.0069645390612451865,-0.002535431843446583,0.15028758336572437,-1.044788578007743,2.3826416316186068,1.8942399180520368
-0.011929564419308944,0.01515194972397397,-0.006922026723825587,-0.002588767348531196,0.14835109122197707,-1.085987146008276,2.345123974191583,1.9285185732696668
-0.012025877147859415,0.015109779407517735,-0.006877652761914768,-0.002723043309616108,0.1487901469345211,-1.176444024510291,2.291421243684844,2.0226761438930905
-0.011982826441701207,0.015147882782092031,-0.006872826463405615,-0.002643261943587687,0.14582953550178582,-1.1282720407351772,2.3025666757424563,1.962002439331966
-0.012086223984757739,0.015124540072159487,-0.006794280358079331,-0.0027616802544166747,0.14396662207142755,-1.213204727486121,2.228070547465365,2.0379873020272714
-0.011516299815816347,0.015369096267172378,-0.0069913577939728225,-0.001970790450989753,0.1409675593429002,-0.6736518764512097,2.4814405349221222,1.4667914325054705
-0.01156420503780661,0.01533514062612209,-0.007002027068057315,-0.0020493280899098703,0.14320486058038806,-0.7234999690634367,2.478690548247055,1.5282096619292485
-0.011643029805551671,0.015252374145307853,-0.0070545152637558695,-0.002203538804052572,0.14992112642779884,-0.8140595946134856,2.4926671189307705,1.6531490730334846
-0.011703066358380754,0.015253327749219392,-0.006999644554617992,-0.002265669463174358,0.14639446203734827,-0.8656066143360868,2.4479978923418484,1.6934404315977276
-0.011620441137895073,0.015327992083021418,-0.0069656174215304975,-0.002114620853105331,0.1411521458694023,-0.7740110694461869,2.4467930194319933,1.5736259340631706
-0.011753542262662054,0.015216916176929133,-0.007004636554157091,-0.002351033187647206,0.1492643041086312,-0.9200101576672434,2.4387488490698916,1.759784086709262
-0.011740766114474471,0.015278740233721607,-0.006929999204898623,-0.002281276246129322,0.14169415011554387,-0.8894670322597914,2.40001443480805,1.6959834383381593
-0.01151031050007539,0.015443503971782613,-0.006888931720492794,-0.0019070385275127544,0.13323706075636357,-0.6536150310286558,2.4235186396679036,1.4079677647790156
0.01001247970445497,0.022692012508638833,0.0013274199875658505,-1.1968331068654617E-5,0.005389493740073337,0.01823598100225937,-0.5294050392070576,0.012818960838237721
0.009312306581097404,0.02198272303512781,0.0017032455915051354,4.041196689944171E-5,0.032171009190328274,0.09095041980687203,-0.5550601891372041,-0.05653960921521448
0.008386041202484065,0.021190796114098187,0.002069785087652609,1.8464675921363454E-4,0.05471170288656546,0.22711517293741543,-0.5810318541000462,-0.18543726772669913
0.008703852754711356,0.021818170218594283,0.0017623051366141018,9.982761400049527E-5,0.05479258617954267,0.15541421444862216,-0.5496406102205919,-0.11957881157048304
0.007398448996134811,0.020450765522817764,0.002313775570563359,4.271115098459367E-4,0.06554745542201551,0.4069944440330852,-0.5818472896507157,-0.3536345719983997
0.007736641720062704,0.021162965334895433,0.002005460234987981,2.6368698742543103E-4,0.07455935865057599,0.2966463517235422,-0.549079795840207,-0.2544985773308686
0.006436683738555114,0.019715949043147253,0.002440146711620442,7.569669699497624E-4,0.0637426731028141,0.606630107117137,-0.5498452165323927,-0.5368227314735319
0.006770421620670302,0.020415328647594867,0.0021952859488044963,5.21582235921092E-4,0.0789606176941281,0.47294584673502943,-0.5323561143969794,-0.4194976196822999
0.005348617841794064,0.018733717624506183,0.0024742712305231116,0.001285103600903197,0.04412414490114796,0.8625206191622098,-0.46920826875705,-0.7635426221852384
0.005698428492532404,0.019059742596610803,0.002482671631417459,0.001098846501365153,0.051100177978585334,0.7793893327124415,-0.5014817723344969,-0.6909034239160711
0.005852727137222428,0.01962853883078935,0.00229254804828609,8.690108422237665E-4,0.06972186109725131,0.6665382526769842,-0.49046206167779466,-0.5955234796503063
-3.724149325463088E-4,0.013724001085870114,-2.1246725117116038E-4,0.004399992102792734,-0.10251286156801935,1.056360686235062,-0.05095712246811964,-0.9488054173108912
8.396884881925063E-4,0.013970611500612498,4.928516740710836E-4,0.004275740990661941,-0.09975635695346291,1.1126755588572268,0.09906316874125526,-0.992531623662909
1.8666587374143665E-4,0.01381332613134467,1.0685972367794368E-4,0.004344934369000694,-0.09966493325219916,1.0673578084445212,0.024227775152204974,-0.9569957078807855
-0.0021754441064488705,0.014138963284754833,-0.001344767090100764,0.004291304110194005,-0.11283728248555842,1.2766933513038243,-0.2116584667919714,-1.1163616161436112
-6.899926407524226E-4,0.014084308164454332,-4.077779281350582E-4,0.004200586190257998,-0.09528937230146538,1.1169283685516929,-0.07513942463442802,-0.9958568201462944
-0.0016633762449736356,0.014177883134055488,-0.001011214034889246,0.004210562405679343,-0.10288076862505634,1.2077832495981662,-0.16235193847647544,-1.0649176503838114
-0.0011228910766857894,0.014175021774004593,-6.726550326101905E-4,0.004169232386978667,-0.09692195163137975,1.153944813731527,-0.11238865341810271,-1.0240923962763409
0.0017678949682359188,0.014668689637865094,0.0010991253951691624,0.0039010510980522334,-0.09053291875378722,1.2468236819271779,0.10706503671077057,-1.095599636435271
0.0020595476368561816,0.015052160621342944,0.0012948377370981723,0.003666122577894746,-0.08057472798029691,1.27995636972364,0.06939113860599827,-1.121973647376767
0.0026850169483752647,0.015709915622102964,0.0016884545569379498,0.003248611011737479,-0.06395736531734512,1.3139315733849803,-0.022419340522047,-1.1465388735679845
0.0021400082437920656,0.01552193763682356,0.00133595246991209,0.0033584451888376454,-0.06454807582857018,1.271807637608301,0.014566963726082948,-1.113294853651093
0.0011581011739209902,0.014672724699169797,7.094081745165555E-4,0.003862401368588264,-0.08315920981294932,1.192352388018013,0.07470287695453524,-1.0534401662808763
0.004729858742583949,0.018627598270889896,0.002235909644231402,0.0014104882895788183,0.04417892286677908,0.9017490727521594,-0.391345320519942,-0.8040231410397841
0.004279804650348371,0.01756744006099926,0.0023494953578967258,0.0020050240522464734,0.004097145349511424,1.1197615828607057,-0.32656014900033353,-0.9843381867218686
0.004286445165436052,0.01816963986818402,0.0021701364481943523,0.0016791209970031039,0.029852638399915032,0.996362186897392,-0.33829894051972387,-0.884536996951341
0.003288474423425729,0.01654729026308475,0.001983774920615935,0.0026910214983246624,-0.03418409763618088,1.2607824088202824,-0.1517505923841738,-1.103089878104135
0.003580850639195908,0.017156424405100602,0.0020460050785180476,0.0022985216527975946,-0.008809769430627,1.17394785295756,-0.22457875111685446,-1.0323074138055308
0.0027482385529164956,0.016341590805746625,0.0016659823483124476,0.002832395561849895,-0.03758737851016028,1.2472128048257902,-0.09164841424131297,-1.0937254730786616
-0.0024601295567744444,0.014475262924067773,-0.0015606257884147525,0.004092026694495895,-0.10709904425836511,1.3389345330703821,-0.16993770903529928,-1.1646628469445874
-0.002835353983055608,0.014553985173838494,-0.0018319337133188404,0.004075619072348398,-0.11236184978001006,1.4077171874143668,-0.16652621014431937,-1.2167401923276417
-0.0031941033120019774,0.014599070710137363,-0.0021018952883836923,0.004080806111525228,-0.11825994058393396,1.482799735761687,-0.16185834939455424,-1.2719755096750438
-0.004522514176294235,0.015137359601645903,-0.0031595860063138026,0.003728960776392273,-0.11258037996591998,1.73753715330869,0.06086584498059911,-1.4559585464851887
-0.004676388680468048,0.015356854763770487,-0.0032496169080127963,0.0035371320950246784,-0.10084369351976516,1.7168116506064677,0.13943892500308666,-1.440017358069251
-0.0034529784069114514,0.01482819569932013,-0.0023004917461590274,0.003927822687394563,-0.11324890664730235,1.5231560208735908,-0.10402920854669519,-1.3031992512431787
-0.003815342910283315,0.014985001759052844,-0.0025812077300673107,0.0038290617778540155,-0.11227523145526642,1.5888064646605216,-0.049060387319554956,-1.3510246371283243
-0.004186230098521372,0.01509371356007167,-0.002876913901411197,0.0037576278012827554,-0.11175191652427163,1.660026747043645,0.00901137160367254,-1.4020359245173557
-0.004659935730056693,0.015593920646182183,-0.003179150402939029,0.003336963257984718,-0.087821215344747,1.647645396429978,0.1895956348069931,-1.3883019544866317
-0.004877637687972725,0.015815733989932586,-0.003296315024836967,0.003141569279930215,-0.07648603672215444,1.6217810641792512,0.27089646514756494,-1.3664994675867495
-0.005288499714229212,0.015885794865651726,-0.0036101995916856615,0.0030418266781928028,-0.0704016490137364,1.6713177926618228,0.3712038421917556,-1.3957401715793958
-0.005658425278228248,0.01588933369385047,-0.003919539863303325,0.0029831374552932474,-0.06492072817497659,1.7323503326263587,0.46866737876671216,-1.4318000641139532
-0.006015495997851145,0.015876887334225032,-0.004233423248866104,0.0029212210118693344,-0.05696177045723726,1.7963968443526708,0.5790399694231937,-1.4655861815340037
-0.006283412933670164,0.01597150159982301,-0.00441178460739445,0.0027699235589295867,-0.045106298160733437,1.783901112654933,0.6839506649488305,-1.444823409633418
-0.00650273849521164,0.015931298509232084,-0.004626232363217973,0.0027374664992794546,-0.03823599226860318,1.8317481929388528,0.7667789318701419,-1.4661565375749428
-0.006708600547493887,0.016029061591643367,-0.004735771969416185,0.002581179399177265,-0.02776115523160304,1.789896651075429,0.8562941283562718,-1.4242588457025807
-0.0072283053874391935,0.016045823990519927,-0.005153388371436019,0.0023399450814664256,-0.0030973452197079923,1.7885130907152422,1.0942331528182832,-1.3800673334548792
-0.006976901783271151,0.01605347218690356,-0.0049413139244732516,0.0024515536382230647,-0.015636774046257077,1.7850217960011074,0.9746497235961228,-1.4012591143151913
-0.00804904463772829,0.015856925175695563,-0.005991997388540706,0.0019731503902906344,0.049792655253960275,1.8354255711698124,1.5779883573396452,-1.293876523927535
-0.007457895939187848,0.016032661673549768,-0.005349511585661494,0.0022283054587482268,0.008755771837253928,1.7860332832804209,1.210998932406862,-1.353109096350269
-0.007361539722906877,0.016187380468187174,-0.005134684174170285,0.002160626336424244,0.001754502636185477,1.6848577503177171,1.1428273290478335,-1.2958579236704848
-0.007662899366561956,0.016033001829484556,-0.005509157212914798,0.002106256475762831,0.02100245251000084,1.762815074436631,1.317654281230646,-1.3116316296342772
-0.007877115299096708,0.01600217114966143,-0.005702454811323095,0.0019895231275002044,0.03192171443608982,1.7510691340463038,1.439320479078887,-1.2725891072930746
-0.008217436703943695,0.01590718989631071,-0.0060551801252756035,0.0018037629237872379,0.056637728246649345,1.745370541570767,1.659529813025445,-1.2051424139279823
-0.008357827679323302,0.015912884082734596,-0.006143535425029705,0.0016834428877430853,0.06480739857333685,1.6935702280503253,1.737475729792411,-1.1424957477930209
0.009459089484218478,0.023848805020781245,6.901308802522746E-4,3.5163123133635307E-6,0.03842807603127995,0.04066382584519072,-0.5175770900461415,-0.010999482243056495
0.008904526525625851,0.025,0,0,0.091926215169762,0.035183064140634,-0.5672103604839932,4.4545952399360615E-4
-0.01030282983548593,0.015775040889041886,-0.006929360535092522,-3.659554999896814E-4,0.12809051623318266,0.4447634052669432,2.5035080961872427,0.2407426070182104
-0.010382283715396836,0.01578467316984659,-0.006901851897113112,-4.581551956973899E-4,0.1253960369895051,0.3694813068385417,2.492009845191931,0.30852947751664656
-0.010462094702848685,0.015825550058175198,-0.006823749803242949,-5.429009054049246E-4,0.1198168280295583,0.28564374831393063,2.450112562854198,0.37006412357939344
-0.009949632303696866,0.015860527003869293,-0.006815384037578378,5.2300009743598795E-5,0.12047111820893243,0.7225606894165296,2.407496569302372,-0.07163173693605028
-0.01010282232035408,0.015847581561329118,-0.006834945696064535,-1.2489129137001754E-4,0.12088599979007085,0.5967889776990051,2.43414487798503,0.058335338588006116
-0.010224853603387958,0.01583030842678549,-0.006853063469953566,-2.6800601776398467E-4,0.12270131152553744,0.49602361572321657,2.454335131952235,0.16456318231033665
-0.008436309328289588,0.016009732347643045,-0.00607399943466699,0.0015558052880482451,0.06258486983847013,1.5854746009977068,1.7399052906809493,-1.0602544018565747
-0.009110405082272016,0.015915723804292167,-0.006544933875301239,9.686939700762339E-4,0.09936920321803244,1.3185618102420147,2.1187450985391316,-0.7137330102022158
-0.008999229725908109,0.015915554491848442,-0.006498068428827848,0.00108280645603836,0.09566225438301369,1.3863952980725924,2.0693170223421564,-0.7880727611753694
-0.008856421982528334,0.015910191570109675,-0.006437989568495367,0.0012277223915408376,0.08996111626832191,1.4719685195954322,2.004898886158727,-0.8801225749694851
-0.00858402372888541,0.016004019318944154,-0.006168185203409711,0.0014315578229142784,0.07049114053082771,1.5294929867114126,1.8186226930064746,-0.9921874653304776
-0.008760769408260037,0.01603949645349532,-0.0062174972480762225,0.0012534312613663582,0.07534623234126203,1.4213277305987864,1.8873487584054478,-0.8847229555837682
-0.00920540168973942,0.015987339852050992,-0.006479503151855534,8.440245098692256E-4,0.09472946990537089,1.2072043696596284,2.1092942676544673,-0.6273029777235536
-0.009354748439363837,0.015964911825097215,-0.006559834543510297,6.956915307732456E-4,0.10151048049553378,1.1231108557566694,2.179300233747988,-0.5279805550225384
-0.00929773241916769,0.01605076670943686,-0.006421034050294122,7.289903656125475E-4,0.09088680467844333,1.1084894628343924,2.1005749931695696,-0.5499872664544159
-0.009489070317316195,0.015967587146655516,-0.006591581413024795,5.521439124579864E-4,0.10415062831097498,1.0271056925453979,2.2203563282513925,-0.42860015408779223
-0.009631554573550635,0.01596294058237028,-0.0066278348851054,3.988234541684727E-4,0.10715443015543658,0.9251500685314976,2.262940677062952,-0.3214841283246545
-0.0099098682837009,0.016016679452372062,-0.0065804186025257795,9.012678689320545E-5,0.10219797644744245,0.6843754939575537,2.2744617454246883,-0.10095998831848503
-0.009791992228977468,0.016000139015004102,-0.0065954776284608664,2.1897600481503984E-4,0.10472336347960756,0.7828772340258175,2.2685193733396263,-0.19309954454424147
-0.00969486479021732,0.016048725343800082,-0.006513249016074136,3.1719583757705956E-4,0.09769976976072554,0.8326547847612318,2.2124116244078356,-0.2636246579313353
-0.011128342966013345,0.01551549730112658,-0.007038326230041164,-0.0014373342188889213,0.13929315134963408,-0.29900465322258724,2.560251345806183,1.0626622841155575
-0.010978684984484751,0.015631029009091132,-0.006941995431737279,-0.0012043346150206892,0.13034424978048972,-0.15942655035416445,2.5137242785311877,0.8770587363793957
-0.011061769593003444,0.015576007428531664,-0.006983280900189132,-0.0013272980805504205,0.13428461593001384,-0.23577527381219224,2.5328003461317574,0.9740691103115714
-0.01121066864561894,0.015538274941570037,-0.006955129491401458,-0.0015171539939403966,0.1332148194052736,-0.37470174652978366,2.5027454838291767,1.1169478533832706
-0.01133947660305607,0.01548603405582858,-0.006949771554057912,-0.0016932218953145128,0.1345442305156002,-0.4964376170685492,2.4846741855966807,1.250884318781795
-0.011426726661525787,0.015487902504201656,-0.006886587022695193,-0.001786115889307034,0.1307359248043728,-0.5733086325987141,2.435648233112715,1.3156061701966735
-0.011292902435957215,0.015550618651641967,-0.006885717745290153,-0.0016000182531117366,0.12877918350923542,-0.4475660006841479,2.4531833704037207,1.1742408410529401
-0.010893339854213518,0.015664292085814446,-0.00693070796698901,-0.001091321473735411,0.12886568905703275,-0.0819971397037214,2.511043946929311,0.7899460935046339
-0.010943802826648735,0.015705768237426743,-0.00684586227709128,-0.0011300942785179083,0.12283513911556514,-0.13067443796263079,2.459435518935341,0.8147640816497324
-0.011013968843353324,0.015716118180641163,-0.006798044062095043,-0.0012030073731417997,0.11994823319180638,-0.19368822682058637,2.427510982382844,0.8672305293946118
-0.01080562278095628,0.01569025229504912,-0.006927407972443517,-9.79603491205768E-4,0.1288484080594607,-0.0029817080957710946,2.511994396538864,0.7045837873195842
-0.010718568395827396,0.015720692793677663,-0.0069128356262218174,-8.675897193718002E-4,0.1266796438603859,0.07344052879943508,2.505100082784488,0.6195453654851998
-0.010568715248094673,0.015890153985407454,-0.006702264820924549,-6.479274359469842E-4,0.11098226242304236,0.17795913917228742,2.383279250327132,0.4442274073004903
-0.010658288207161571,0.015805065554319722,-0.00680421375201237,-7.715349162251013E-4,0.11916861323957191,0.11435663301520706,2.4419275917179735,0.541680051357679
-0.013340198562614283,0.014011681907004879,-0.006062724553976933,-0.0050475137069146735,0.21654277918129874,-2.4220774192462176,1.0772438399708164,3.486636699612529
-0.01336347901135384,0.014016593168958027,-0.006020795664818428,-0.005041331901139373,0.21390031742009055,-2.415304083557245,1.0488477160257674,3.464727962854604
-0.013322240126151724,0.014026654070346142,-0.006085219280007186,-0.005020262732529821,0.21576480389317293,-2.4121366814180596,1.103212083204837,3.476347018491942
-0.013285056570995053,0.014043180475834688,-0.006139136213794089,-0.0049875916778517266,0.21611570057467794,-2.4021871225074665,1.154160376881938,3.4747593257586926
-0.013313089607911303,0.014043523967808627,-0.006091544325685401,-0.004990658857029765,0.21374586148926994,-2.3996139567221437,1.118191806843678,3.4577212361486587
-0.013274838992664623,0.014075694977329514,-0.006137768403144298,-0.004931225173039224,0.21217539645439068,-2.3767906263641057,1.1724182826717016,3.4334579540117507
-0.01325504271188592,0.014107823087175203,-0.006151946335294923,-0.004874214034625014,0.20861690009869105,-2.3521409845777623,1.202262616588477,3.3980063143305874
-0.012953158922117465,0.01432935038059853,-0.006486648862752632,-0.004423843344307273,0.19808261945171127,-2.1496356575339686,1.5929225398157334,3.1906122704996283
-0.012954924099194264,0.014374137765453172,-0.006446753826172029,-0.004353927359215901,0.1913324085559631,-2.1150567592113387,1.5847417627188358,3.1258944082596845
-0.01299100028784421,0.014312076576939673,-0.0064403742297849675,-0.004466357929798377,0.19769616020547812,-2.1705452513661907,1.545843830370558,3.206370813950542
-0.013019475088586247,0.014289306859241895,-0.006412745694180087,-0.004513436005250182,0.19923158841852304,-2.1932762158528187,1.510975683396076,3.2314918755049935
-0.013166393140386631,0.01417080307074419,-0.006259085463967779,-0.004751119218630892,0.2060153340800133,-2.3019297755682513,1.3219462667566446,3.350036995379823
-0.013197530181685003,0.014167814311052625,-0.006209747690556781,-0.004763371480682511,0.20411682713866167,-2.3050330447250817,1.2817230396889852,3.3402804452208272
-0.013228179286847589,0.014168639501817981,-0.006158938187882903,-0.004768645256820403,0.2015638075598872,-2.304480924427169,1.2430192145977692,3.324819249463544
-0.013253110398092467,0.01415193554318568,-0.006128454615649558,-0.004800933352243811,0.20247886522150668,-2.3172604701359254,1.2099926823634914,3.336330969678778
-0.013051551374586662,0.014296755632223549,-0.006355627692512205,-0.004512759795998166,0.19585228982520558,-2.1921189056184263,1.4692355777690969,3.211349504460924
-0.013081303647727409,0.01428175856152974,-0.006319313481059757,-0.004546585361913608,0.19599434337248603,-2.2076141801103666,1.432037531325365,3.2233612810586045
-0.013149568897309243,0.014208927722300415,-0.006260901794347448,-0.004684269438309323,0.20151785218343735,-2.270760069639333,1.3451631688005783,3.3021227118407017
-0.013111245612808074,0.014262925319555989,-0.006285044527847013,-0.004586064603273374,0.19658138958054192,-2.2254133790160817,1.3945194775662626,3.2398527272683935
-0.013136979950470574,0.014244756530900548,-0.006256516512155683,-0.0046227431736666135,0.1974305305416879,-2.2417024128244636,1.3619615893464478,3.256120889686733
-0.012823516726313523,0.01446262500173288,-0.006572022287041999,-0.004156878491970634,0.18745201987167256,-2.013184169342198,1.7342324229327424,3.0201057721324562
-0.012812767495316521,0.014505621724749637,-0.006548533865350551,-0.00408656895204289,0.18205763938241407,-1.97771297600556,1.7372938155359068,2.9610225555757617
-0.01286296853030063,0.014449333587492508,-0.006523979490019711,-0.004196599553392731,0.18676950226355019,-2.0348589806960917,1.6876934339630434,3.0347167597386733
-0.0129032330199471,0.014425312045299036,-0.006483465111853056,-0.004252179413977917,0.18746233242658075,-2.0637840237376,1.6419269976313802,3.0628589660842245
-0.012948918542393974,0.014417657597923494,-0.006419763667991328,-0.004283957896108814,0.1854748394508197,-2.080348280913586,1.5864131710112452,3.0659196521906336
-0.012706640173812674,0.014588724494310791,-0.006624777803568746,-0.0039058292327158956,0.17745589526587385,-1.8797186941099377,1.842489214347044,2.849449106180256
-0.012709909738234687,0.014637811523638498,-0.006571414183543098,-0.003837499072750285,0.170623871643948,-1.846447816091058,1.82276775869198,2.7843784422965694
-0.012756154449092956,0.01456813105968185,-0.006573017808166323,-0.003963967650540488,0.17712679983848265,-1.9129869809261886,1.7892898992033557,2.8778127075598294
-0.012801235365639891,0.014552445205333837,-0.006521993684936702,-0.00401124952012978,0.1765116385129988,-1.9397687162311656,1.7393208429446518,2.8979285348845774
-0.013532699103616007,0.013841396615915061,-0.005808354617230473,-0.005341380581040898,0.2262348947345023,-2.5162444459218887,0.7860633438835988,3.584826529697469
-0.013593362465767436,0.013783128699836878,-0.005723021160897295,-0.005435818711263377,0.22941689801108928,-2.5412292609448897,0.6891610732271165,3.6115411387811642
-0.013569542876544332,0.013802443644474591,-0.005758096006686287,-0.005405250857097804,0.22879152967385702,-2.5345958144284295,0.725890847712998,3.6065247424547637
-0.013555218241644457,0.013830127313771149,-0.005773572608460312,-0.0053589695339950885,0.22578915568798236,-2.5182110872407253,0.7544115310127945,3.5812544698273014
-0.013387802225602591,0.013957263670708837,-0.006008826128892719,-0.005143806601976798,0.22101530545560438,-2.458625789781333,1.0037648060837316,3.5330641769937694
-0.013514358275938014,0.013858389013298389,-0.005833694116025825,-0.005313313603311017,0.22523758445753025,-2.5083686500814477,0.8148316978530366,3.57656878093035
-0.013418463560521045,0.013950672255462263,-0.005959524781487588,-0.005156337934588302,0.219241419388052,-2.458515198688779,0.9633715833427783,3.5208525836213473
-0.01349682777502915,0.013875099941862446,-0.005857446197476807,-0.005285409088603238,0.22405551386246772,-2.5001224856499196,0.8422922919485313,3.567571398045217
-0.013473585144154678,0.01388731392343914,-0.005892524803016644,-0.005265136411594683,0.2244577611944733,-2.4963506376782103,0.8751588234465164,3.5688685918520866
-0.013459912778556704,0.013909130610889745,-0.005906973144679661,-0.005227873913680388,0.22207635841631115,-2.4825695247989343,0.8992980296321768,3.5488165304551313
-0.013438003770804693,0.013930945140138812,-0.005935052190165046,-0.005190457065460807,0.22079001151894376,-2.470208375945372,0.93325731314423,3.5345456352274565
-0.013539094409271597,0.013871530128666265,-0.005786514493437927,-0.005289385875984709,0.22103548267951062,-2.4916994846861833,0.7898485264210922,3.5383589827611686
-0.013388856985566815,0.014000546891974169,-0.005986031277004194,-0.005070285571772404,0.21427188133586236,-2.424369722348271,1.0133088802274635,3.470847146076316
-0.013932299760043306,0.013368496897001996,-0.005185808937554911,-0.006054050259089449,0.2585893226205087,-2.6525033943279044,0.06207859762262358,3.7599645023158126
-0.013937593787953693,0.013400255857776613,-0.00517809414439303,-0.005996709192853086,0.25282047628631604,-2.6308293141834564,0.08142255202379668,3.7169273713409967
-0.013864808735189567,0.013484460248208123,-0.00530359918034985,-0.005882755484207001,0.24813720049549373,-2.623611740034681,0.2154775714609666,3.708402708482241
-0.01385461114262499,0.013519647530649466,-0.005319500477766915,-0.005825984507534869,0.2436627527327717,-2.6072658525482484,0.25012535870022345,3.678344920623264
-0.013793725906954492,0.013563876167428617,-0.005420926274781006,-0.005770684493382651,0.2436291409739202,-2.610853240371512,0.3431118434789799,3.6938099692545725
-0.013826236041959315,0.01354559698936177,-0.005366492362421814,-0.0057914345168356895,0.242683390598088,-2.605968647437953,0.29685008902698645,3.6796517934288224
-0.013625973531570749,0.013779423410071757,-0.005668033643448181,-0.005437779019955935,0.22706487762830907,-2.5327756825519274,0.6490711034185551,3.5869107510854192
-0.013652439754014806,0.013712939978999767,-0.005639964503657975,-0.005548008610599837,0.23490614482049696,-2.5712017423661453,0.5864782769195998,3.6501213038232945
-0.013685369044845684,0.0136954915475438,-0.0055870042721539595,-0.005571675558846627,0.23419244641892686,-2.5704899712936835,0.5396580371431033,3.640674317626113
-0.013727606069224763,0.013647055946316483,-0.0055235947054362985,-0.005645637867011442,0.2375942306931702,-2.586257911959772,0.4655367590953176,3.6603429616602474
-0.01371508688899933,0.013674088155154585,-0.005540175565293349,-0.005602007580631997,0.2344933863317595,-2.573020257100254,0.49461001985241987,3.6385160325868133
-0.013795188599775826,0.0135955746709634,-0.0054147751032384926,-0.005715522616109286,0.23832481708502828,-2.5892496682992574,0.3614097649267513,3.653072074257935
-0.013749664499930841,0.013634694075529391,-0.005487594467624119,-0.005661241530989423,0.23717990562859945,-2.584715910250052,0.43399799604356065,3.6529473227348164
-0.013774595119122802,0.01361653950645901,-0.00544742088071632,-0.005685583600774278,0.23720667150186606,-2.5853040274011145,0.39619801192094334,3.649304586063057
-0.013658996027108742,0.013755317095721097,-0.005618044042567019,-0.005473853359357225,0.22752082460282566,-2.5382076073480153,0.5997344189591987,3.5880903492328327
-0.013892560544771332,0.013472712548215124,-0.005256118299966619,-0.005891866593307552,0.24672969392690255,-2.61493095348025,0.17902375812952956,3.6890253400957174
-0.013944132976563961,0.013433548233272771,-0.0051678723951874275,-0.005936748667689004,0.24679899025401705,-2.6075899859860283,0.09997536260101632,3.671267940352172
-0.013919494215494687,0.013455411804164872,-0.005210141816075076,-0.0059102312672798885,0.24627687489027852,-2.6095533547862573,0.13985616441483228,3.676535834389179
-0.014047772003058926,0.01325381873135214,-0.0049751248447239445,-0.006189541861899181,0.2617708270460342,-2.636223503920267,-0.13888585986326749,3.7303617691245843
-0.014024768670571104,0.01327411647981702,-0.005017406312455785,-0.006168148085287774,0.26158559488104793,-2.642144127435883,-0.10124889625627427,3.7406551418776517
-0.013955527552323991,0.013348735235772333,-0.0051443748160012745,-0.00607683493704927,0.2588021453953662,-2.6487441671400584,0.024006803483425657,3.7520077936312615
-0.013976448978228846,0.013321167358904923,-0.005105946532868306,-0.0061136874097329425,0.2605887787514483,-2.6502326178578124,-0.017962668097340016,3.755015543076297
-0.014000924158998233,0.01329766406961387,-0.005061309679383949,-0.006141054130631047,0.26106862537170566,-2.6463381206835055,-0.059861170346027726,3.747850902217902
-0.014074699760280016,0.013234030131568451,-0.00492607482625635,-0.00620712015147564,0.2613118621573464,-2.6266145399945526,-0.17924828663997916,3.7133345190842495
-0.014073531850108574,0.013264512579803085,-0.004933218260530731,-0.006156367337886656,0.25677458087446653,-2.6127606927718277,-0.15210272569472422,3.684341948347985
-0.014176269821446895,0.01312361829719863,-0.004730986406854656,-0.006326075451340758,0.2643523675236455,-2.5992026010551186,-0.359902618436547,3.6747728015837127
-0.014160153653803588,0.013148736782206802,-0.004764344453942758,-0.006295438144122703,0.26270521296493365,-2.6013481941505527,-0.32451216863936155,3.6751250392964443
-0.014142838713688313,0.013168970601091479,-0.004798110526113194,-0.006273332839296719,0.2621491569657798,-2.6059499476703736,-0.2926899088679808,3.681071141292807
-0.01410213795540772,0.013211922800781154,-0.004875630873817414,-0.00622754792432289,0.26097360206967135,-2.6170663037314985,-0.2215921581927767,3.6971278747079106
-0.014139103931281387,0.013196445064275685,-0.004810580713461182,-0.006230023302593067,0.2583840257897599,-2.596820163271635,-0.2650952178789352,3.6604460530224983
-0.014239152320636165,0.012972119349414238,-0.004577408184230973,-0.006529443971782585,0.2779411668936383,-2.603340622182198,-0.5514286221786606,3.7107548532702395
-0.014221839158188835,0.012995569854615233,-0.0046147540655253,-0.006504465549528072,0.276857536796239,-2.6100948899394045,-0.5161973581784959,3.71819561594651
-0.014230043128447806,0.013025108845722543,-0.004611707015565312,-0.006449371633983832,0.27124634676243575,-2.5931745006002695,-0.49252772764430847,3.680821147857262
-0.014234273223608915,0.013059078175945024,-0.004616187261920261,-0.006390486839002482,0.2656362650120783,-2.577819506448239,-0.46263251176082826,3.646024352239374
-0.014204514129014223,0.013123404841140746,-0.004684355747955711,-0.0063067130363189654,0.26047961818946413,-2.577362086826381,-0.3809106023265725,3.6340997632675367
-0.014229282583051818,0.013098141916201577,-0.004636550203351106,-0.006330386936312501,0.26054736100318315,-2.5676559315804304,-0.4221218708555775,3.620270594090315
-0.014253114079533225,0.012943235512493632,-0.004543074229782136,-0.006565595161937223,0.2801371010898129,-2.6005694318869463,-0.5900465980371937,3.7122460190325524
-0.014266976460460004,0.012971801232892141,-0.004531692298176701,-0.0065075420206423835,0.27371589214454184,-2.579967250464653,-0.5699961939861123,3.6678251324210356
-0.014347602037148733,0.012810426845322255,-0.00432946603975179,-0.006698276587133685,0.2845208605010577,-2.5518237783736377,-0.78530664472813,3.658443637106927
-0.01427624549016585,0.012921752393571689,-0.00449633933094462,-0.006581484624296218,0.2795056635973281,-2.5870357446498997,-0.6268127207326758,3.6925182279530304
-0.01429080454857856,0.012899135265696138,-0.004462895812251264,-0.006605936628126907,0.28076680569868606,-2.580730838201752,-0.6591309351266291,3.686634833911637
-0.014316105417499496,0.01289369541913176,-0.004419581719264504,-0.00659293121715,0.2775159678471402,-2.560165613018809,-0.6798740194615801,3.6505560002886432
-0.01433019220365549,0.012851495884971927,-0.00437749033628719,-0.00664834002325814,0.28132441467790903,-2.558185313702566,-0.7321045434818864,3.658272106994542
-0.014344026867934932,0.012836368077557867,-0.0043480583889576605,-0.006660121045130888,0.28136383905980555,-2.5493734987254384,-0.7556950991864044,3.646512807435446
-0.01433825091930653,0.012879955009549948,-0.004377887996777372,-0.006595680423892734,0.27606874996178554,-2.5443418701131097,-0.7067405597186301,3.62541436521536
-0.014363449146050705,0.012834569994528209,-0.004316286231798717,-0.00664538799189514,0.27840754702616494,-2.5325127019743023,-0.767966575988557,3.616485589684612
-0.014780657818308078,0.01175577140827932,-0.0028082601033094863,-0.0076468245050121736,0.3247263915878864,-1.9586948536249966,-2.084024429590583,3.1250825114576943
-0.014774365156188957,0.01177100804485674,-0.0028333963932833457,-0.007638818424339601,0.32485476327877066,-1.972814995921473,-2.068253100827923,3.140105573807007
-0.014766379216147525,0.011786648839294428,-0.0028609441467502047,-0.007632760202224143,0.32532972612822153,-1.9886024266561158,-2.0523931142914003,3.1581085935552924
-0.014787917516019235,0.011741331079137156,-0.0027828968747782945,-0.007652218889740908,0.32427376578740824,-1.943985100309652,-2.098397721494411,3.1083311705417853
-0.014800329247353035,0.011696799191340184,-0.002715775002157913,-0.007683481414651544,0.3250965434227771,-1.9070950088223597,-2.145553043794315,3.07366034130906
-0.014790812433933272,0.011711269093019512,-0.002743898442580378,-0.007682108062357488,0.3261505846287727,-1.9242229644341984,-2.132386488590582,3.09493912409245
-0.014798728060249981,0.011727699498891256,-0.0027544152821569585,-0.007650954121137979,0.3228931272668658,-1.9263675926701949,-2.1104062959948315,3.0852913501679367
-0.014762490963945852,0.011818976330116469,-0.0029026704721889715,-0.007600320119260542,0.323299388254415,-2.0089076703970328,-2.01539139241863,3.171761486940462
-0.01477794124937598,0.01180320545973329,-0.00286634049422929,-0.007595480981666223,0.3211807465159527,-1.9863935607397762,-2.029383554977566,3.1407144837073306
-0.01481804004606572,0.011696591673201138,-0.0026956424337655008,-0.0076557701068767515,0.32107083903754774,-1.8908435676501862,-2.139002350576653,3.041974233933384
-0.014830170785807164,0.011685608548816754,-0.0026690296283981736,-0.007648870207129525,0.3191622040441708,-1.8734327627239618,-2.146792647512744,3.0171873944630714
-0.01472908634254458,0.011894927865315527,-0.0030283526840699736,-0.0075581537863342345,0.3237486393711624,-2.076968029803481,-1.9334706575329947,3.244579767043359
-0.014737462898695722,0.011912966707477728,-0.00303768095242488,-0.007523387889660573,0.32008488561097076,-2.076918339356213,-1.910087433835251,3.2313490784065215
-0.01474200318491064,0.011880492995997811,-0.002996502286242686,-0.007556712295750338,0.32218892460606435,-2.057989726224949,-1.9477629525531615,3.219070345691621
-0.014757475003692015,0.011862868274254527,-0.0029580912428931734,-0.007555078100272915,0.3203744407977726,-2.0350562083218553,-1.9648869041671218,3.188423975034926
-0.014731552858894959,0.011946178731847529,-0.0030807851918187453,-0.007490630309091817,0.31811445253965465,-2.0966780517287398,-1.8717676212986187,3.2452342520179482
-0.014741536331492507,0.011930079618095356,-0.0030511025390260755,-0.007496169128655738,0.31753094812900556,-2.0803882092961836,-1.8889375380376419,3.225758484538919
-0.014696930364464096,0.012027395720260453,-0.003209729224330805,-0.00743668170418257,0.3174296150634801,-2.1613671539279675,-1.7798754921200313,3.311813066258995
-0.014711964112197806,0.012010426403230426,-0.0031729309566168704,-0.0074372816972861555,0.31595993029264213,-2.1406393559282573,-1.7983157499025026,3.2842100923801527
-0.014724928666870425,0.011987917238635877,-0.0031330932113145813,-0.007447534847860702,0.31542231266001836,-2.1197008552183583,-1.8232555923433276,3.2599714006377587
-0.014701579608547372,0.01205109146489591,-0.0032276932002795874,-0.007399369416485944,0.31391348254361634,-2.16510458251658,-1.750980014151175,3.303429336253839
-0.014743257205724239,0.011967574742702661,-0.0030887355752102132,-0.007446895442430304,0.3134571656682367,-2.0942044973532163,-1.8443128971736924,3.2258817681485685
-0.014768410077124436,0.011841165736684457,-0.0029206697767927,-0.007564803766261558,0.3199320994679154,-2.0143445505619337,-1.9875785431505886,3.1651287479160004
-0.01460093120309686,0.012287202716470222,-0.003585217188066225,-0.007212755722809717,0.308179442994307,-2.3232885261397676,-1.4684448424779646,3.4579451708927214
-0.01461917514405889,0.012267553394360281,-0.0035425193744493544,-0.007217206182974187,0.306737700371495,-2.3019790392945114,-1.4934589142774815,3.4294056593850257
-0.014631620645391946,0.012251354889999774,-0.0035109572673323155,-0.007223851068752438,0.3061578065326932,-2.286741086888678,-1.5135572492565073,3.410230824646722
-0.014712829092949914,0.012077559385502184,-0.0032393862596151054,-0.007349358402952988,0.30867793055909093,-2.163030530405458,-1.7184650753117008,3.282987370136663
-0.014696620564884105,0.012101367747684614,-0.0032838711844163865,-0.00734046221976596,0.30959068522502653,-2.1860993908690975,-1.691564947875115,3.3110726654857214
-0.014634741770182477,0.012228859554394626,-0.0034866019288508523,-0.007250946879665661,0.30819089120676474,-2.2791490793544384,-1.540499624062043,3.4085359096673105
-0.014651699036386141,0.012208309759991065,-0.0034447438042969833,-0.007257092559681272,0.3070049012145813,-2.258096985393136,-1.5655224615595638,3.381339789907994
-0.01469432143758782,0.012128727686060806,-0.003313260786521517,-0.00730749791919972,0.30709812743418347,-2.1963917279732637,-1.659297802640111,3.31368709499973
-0.014695553417221119,0.01215022277343117,-0.003331986033949861,-0.007277366708743622,0.3044589741365078,-2.2011573348595745,-1.6339212195718367,3.3099164607368956
-0.014669707232157896,0.012189070276543751,-0.0034026904234645172,-0.007259613983064972,0.305558418350011,-2.236064676635493,-1.5885575584329652,3.3517398704117265
-0.014684459618488403,0.012168908594597202,-0.0033642358100630892,-0.0072672319004351655,0.3047132549970098,-2.2168068210091563,-1.6121977644563652,3.3278684351260277
-0.014478913252041446,0.01252936606157171,-0.003954321190582404,-0.007002867057804362,0.3008654175688779,-2.460839743837527,-1.1567717329942988,3.5939163917838144
-0.014492358300900348,0.012549977066129859,-0.003948360607925901,-0.0069568293790322495,0.2955177443829822,-2.447493867608296,-1.137010630758959,3.561211757367258
-0.014615701441894058,0.012314791963215086,-0.003587919484162863,-0.007155354768187765,0.3018407207363257,-2.313171228520283,-1.437241885133262,3.42529695015117
-0.01448654416308188,0.012481776825959797,-0.0039084565439662855,-0.007066238813218396,0.3058546365946931,-2.4534063938099426,-1.2149756064628587,3.6009654585607587
-0.014517052022872514,0.012438575733424152,-0.003830272061052391,-0.007095563441678388,0.30566550427685574,-2.4221132109282046,-1.2740036983663205,3.563492074996738
-0.01450662701234292,0.012464390111849858,-0.003865370603369844,-0.007069236735479343,0.30421440848237186,-2.433351448603777,-1.2408973175643316,3.5722354904354456
-0.01449845385727154,0.01250942873654831,-0.00391064793813477,-0.007011071829145188,0.2997709335602225,-2.4420408454686133,-1.1858084461016178,3.568252327865135
-0.014576034522333373,0.012395612987722236,-0.003710455263233723,-0.007088602593679658,0.29967861656025163,-2.361492275681263,-1.3367819009854116,3.47351859267463
-0.014540775207333176,0.012425947601988,-0.003785503595301346,-0.007086317116946535,0.3026853948797033,-2.3981838504485524,-1.2942354517897459,3.525839262785366
-0.014559357442866978,0.012414127288347346,-0.0037491591456758895,-0.007081630175376218,0.3005837493370959,-2.3792231389182663,-1.3119684119078572,3.4969501659107856
-0.014597742608555328,0.012340966286021337,-0.0036351596510403555,-0.007140550781247328,0.3023106035525312,-2.3343501965338267,-1.4042441140135988,3.4506264527237787
-0.01458927453955384,0.01237223505327907,-0.0036727674504040656,-0.007106272266559519,0.3000241076055537,-2.3463024760053344,-1.3663591568943396,3.457127532244016
-0.014627157567087382,0.012339594684147241,-0.003592499600529437,-0.007106390859560971,0.29682597126185234,-2.3057219122656005,-1.4095788663302118,3.3995840490370837
-0.014400661437071461,0.012743089750386637,-0.004209797024074671,-0.006754593259142884,0.2852022426932089,-2.516007340499617,-0.8846501496658326,3.6144493518741627
-0.01436731299488607,0.01278546250250614,-0.0042852472776513766,-0.006719647351551184,0.28472686463022234,-2.539006734429101,-0.8224041856974457,3.6426968624256255
-0.014386341026658731,0.01276269997836866,-0.0042430483183802286,-0.0067375754325839044,0.2848097349166527,-2.5258358393269518,-0.8565166233183231,3.625937028452023
-0.01442731157099061,0.012732661133875169,-0.004162441097327976,-0.006744894101548534,0.28236738176005943,-2.4931527308308183,-0.9081507975413103,3.576676983742487
-0.014471523950218989,0.012592413913235219,-0.004008604769455572,-0.006915115683657636,0.2934987972269964,-2.465723581176602,-1.0816618921111933,3.5772787012822342
-0.014487158585921069,0.012570140330474025,-0.0039699911159216195,-0.006932062500933397,0.29373909926168024,-2.4518807131045786,-1.1122471034352728,3.5610148867080977
-0.014481469815451257,0.012624616988419738,-0.004014401951475433,-0.006855643072244218,0.2876277910363976,-2.454365221049088,-1.0488836840401385,3.5446473399715814
-0.014448461572515631,0.012703751427438218,-0.004113221265359881,-0.006768617401004858,0.282502505838226,-2.4775996765732553,-0.9486559879631974,3.558310923081663
-0.014460609959673949,0.01267372739820069,-0.004076721395014144,-0.006802423897298967,0.28478038672455813,-2.4697201579156274,-0.9864686197500371,3.554469114111757
-0.014487632305050359,0.012660652719862041,-0.0040276589512471435,-0.006794707619258668,0.2818081429125487,-2.4460257258412152,-1.0111563986061876,3.5166585001891435
-0.014887812339302973,0.011437445468321894,-0.0022974482231717403,-0.00781257252140295,0.32295527158668375,-1.6566732612888713,-2.392561142181568,2.814728104131692
-0.014897289102453712,0.011450792255355828,-0.0023057070107543784,-0.007783723451303413,0.3199681615555806,-1.6588640666475427,-2.3729299640408756,2.805385101244579
-0.014924815462044473,0.011357853871944726,-0.002157213617179597,-0.007824615218634126,0.3188132695399693,-1.565398948886769,-2.4535222390491325,2.7092854450867985
-0.01492314981941754,0.011374417992784798,-0.0021808171844716006,-0.007812280843116249,0.3182532338993193,-1.5797882292598369,-2.437551086452545,2.721430643005396
-0.01491834864111262,0.011390087279813903,-0.0022060389201445916,-0.007805927303213765,0.318507234628751,-1.5958059958128599,-2.424301589277157,2.7380965281527736
-0.014897417200961377,0.011422234204907447,-0.0022682106855965323,-0.007811005896069887,0.3215541954969349,-1.6373042214418436,-2.403131927989405,2.7904802625673457
-0.014909145509996035,0.011406374770760515,-0.002236176168803694,-0.007806248455536014,0.31973221392752776,-1.615721045762904,-2.412881397355399,2.7623138066680166
-0.014850328943915003,0.011559500134591885,-0.002492333461651112,-0.0077520674305563775,0.32382678237776735,-1.7756179593089374,-2.279516168079255,2.9361011913338046
-0.014860210352719101,0.011545137406553312,-0.002463929337115031,-0.007750767438089044,0.3224742971033583,-1.7572960268154973,-2.2905397776903214,2.9128226592255175
-0.014860014624958765,0.011572217038079195,-0.0024981992804460596,-0.0077229905412473585,0.32070001526157876,-1.7757675458891284,-2.26074518137752,2.92442308853975
-0.014858263712560067,0.011586550508333975,-0.002517902603959918,-0.0077108247793847414,0.320078361776544,-1.7867696842866003,-2.2457146486314277,2.933177457603503
-0.014852505129308649,0.01160389288520891,-0.0025454720656001625,-0.007701820485896015,0.3201534360675207,-1.8030756516109638,-2.229120263027243,2.949885968005401
-0.014872428665559892,0.011531012390136335,-0.002433502525573798,-0.007745184750351409,0.3206224527744277,-1.7371240679071802,-2.299874480979298,2.885566462061273
-0.014895842321041481,0.01146526184550398,-0.0023258915661646886,-0.00777205667076226,0.31939051115897094,-1.6707111447521612,-2.358349544017354,2.815021266623963
-0.01489303496936556,0.011481997113879455,-0.002350236321394306,-0.007760297461711116,0.3190087612566715,-1.6851832356567622,-2.3420240784277233,2.8278802148279802
-0.014888335883552546,0.011499026537859674,-0.0023767356762723637,-0.0077511993252471914,0.3190356610956367,-1.701285284024386,-2.3262746113844552,2.8438900641895244
-0.014881661082020124,0.011515554884030364,-0.002404512131154409,-0.0077456537129240105,0.3194441707382691,-1.7185476258038268,-2.3119414929405404,2.8628489562558403
-0.014838004051155788,0.011652605957129443,-0.00262068283519379,-0.0076726882977061405,0.31991835404930274,-1.8465525483267455,-2.1808841583409255,2.9927143557746523
-0.01484172402256596,0.01167163476649858,-0.002639580770245047,-0.007646019783814675,0.31755479330297587,-1.8548171650132854,-2.1579446993681075,2.9925522115089724
-0.014853022162893366,0.011638626321436649,-0.0025874708267705905,-0.007663895260727958,0.31748540913404694,-1.824624144542183,-2.1902030343554557,2.961653603046122
-0.014866144530104305,0.011620144798142551,-0.0025509604535854393,-0.007662685745038772,0.31590334979328905,-1.801561592907871,-2.2049844077870184,2.9323065470397194
-0.014932995346928407,0.011267744168181291,-0.0020276665497943945,-0.007890406615452506,0.32132021135026184,-1.4850207062758454,-2.5392670864397693,2.6411174955633556
-0.014928390243594181,0.011283661148297854,-0.00205354065675636,-0.00788463127076308,0.321653562911921,-1.501945895977529,-2.526505551643685,2.6587851329771275
-0.014921964209131992,0.011299552317315506,-0.0020809475995520045,-0.007881850491749593,0.3224078595415412,-1.5201340179828005,-2.5148258223787354,2.679291188739922
-0.014934253391136241,0.011345228580081529,-0.0021317795872317358,-0.007819934777515485,0.31722951071416866,-1.5479643079784322,-2.4604447284320945,2.686399424773206
-0.014934652899697448,0.011314529247321618,-0.0020900986535796607,-0.007846661697130511,0.31869936533433035,-1.5227995830226633,-2.4912308306510673,2.667509330016417
-0.014941375286573154,0.01133042292297218,-0.0021055584262584174,-0.007821012572919553,0.316348274055934,-1.53058722651228,-2.4708543695386607,2.6660494242150814
-0.014961202166815216,0.011158869346820805,-0.0018523993111900234,-0.007930679520941867,0.31927108693967693,-1.3688608023261495,-2.624588931279359,2.5215529042282196
-0.014971669405030027,0.011171448693601099,-0.0018618133181423839,-0.007902155024067877,0.31636833603678993,-1.372880146262813,-2.604806879468322,2.5139570739993813
-0.014938843318164462,0.01125228071602632,-0.0020013257098785587,-0.007893430016408175,0.3206460917532605,-1.4674446898506597,-2.5505439637482348,2.621547047910443
-0.01494815112343238,0.011236630750922476,-0.0019718181462716213,-0.007890355618894396,0.3191183091401332,-1.447080471274864,-2.559363363737061,2.5961187088643274
-0.014958140940989665,0.011220198743902206,-0.0019407396213515545,-0.007886517378308618,0.3174957112871297,-1.4255457200733137,-2.568205358093269,2.5690694733629704
-0.014970073758196381,0.011185975191648916,-0.001883409169027088,-0.00789338638270745,0.31613484000482067,-1.3869490365795638,-2.5922638702735727,2.5266643044623276
-0.014965442491101405,0.011202949724910512,-0.0019108017159902978,-0.007887830796934949,0.316535395756808,-1.4052201142027052,-2.579501130937839,2.5457218697376987
-0.014970414589672815,0.011143104249076972,-0.0018228773991423323,-0.007926650944217378,0.3176549835150025,-1.3481027621958426,-2.63235881182634,2.495565765147584
-0.014980838502151997,0.011126370010105044,-0.0017911414621486627,-0.007920993951855136,0.31581545642994996,-1.3256451845761317,-2.639842229595843,2.4669934865091947
-0.014991932272539654,0.011076589110570701,-0.0017119334961730522,-0.007938410060604494,0.3149392698961663,-1.2719194566189624,-2.6763288577328965,2.4123241285192614
-0.014992200977530037,0.011091452949368391,-0.0017329692868871458,-0.007926983805435139,0.3143944628583854,-1.2856961303459096,-2.662737494166518,2.4232778679602216
-0.01498844758240469,0.01110876476853078,-0.0017604012987736566,-0.00792077461844574,0.31467463527300127,-1.3042850792918268,-2.6500225302555447,2.4421132755719754
-0.015000705952962191,0.011064443717771048,-0.0016881676614848905,-0.007931481163564754,0.31328384480135835,-1.2547131956740236,-2.6800711140648446,2.3894959457392164
-0.015008437927099796,0.011050536463977861,-0.001662705888363847,-0.007927554316799161,0.3119211643581024,-1.2365554710557052,-2.686061290339187,2.3669373362673456
-0.014994865724169902,0.011002181491631383,-0.0016022424514978843,-0.007985949452092878,0.316387711501038,-1.1984082933589504,-2.7395204975877676,2.348654426167021
-0.015004408440683032,0.01103224173519362,-0.0016392434594735949,-0.007947740579587243,0.3133413177006667,-1.2216509321027758,-2.7053552496452373,2.3585500048171935
-0.015006612603411658,0.011015095692928705,-0.0016129207132335825,-0.007955697102982804,0.31336981275045594,-1.2036888561999917,-2.718394157839427,2.3414500198142303
-0.015003254981644827,0.010986136266295196,-0.0015730813002181442,-0.007981589388803806,0.31481607547608664,-1.1774093521247535,-2.746140527601895,2.322762560848687
-0.015015639816040514,0.010967915621949724,-0.001538181578257072,-0.00797116919730185,0.31237838384639577,-1.1518681156428536,-2.750898714956751,2.2891474622767833
-0.01501732002434219,0.010952645686572412,-0.0015147256647917088,-0.007978112110528221,0.31244719563925777,-1.1356704957376695,-2.7621926515373962,2.273803605722073
-0.015039156206752136,0.010181832514437031,-2.9744209281399914E-4,-0.00824264876484279,0.3063760271006313,-0.2341717154021498,-3.2167664313989737,1.422640252586336
-0.015038852881549747,0.010197262545507653,-3.2264377355615084E-4,-0.008241158689887977,0.30676436130735246,-0.25386967150537193,-3.2112885150393855,1.4421492159590377
-0.015038687507021899,0.010212893773206512,-3.481380643301205E-4,-0.008239191653429684,0.3071221952498744,-0.2737589233175494,-3.205394755793343,1.4616729064560177
-0.015053684109716496,0.010174635523473466,-2.838932914787817E-4,-0.008214713018127186,0.3031485278708384,-0.22294012684795664,-3.20162498655911,1.3981431385203331
-0.01505518546605065,0.010159457110802813,-2.591085433872611E-4,-0.008213532892069358,0.3024927419272975,-0.20350653100938645,-3.2052323173468014,1.3777318422371165
-0.01505642352532094,0.010143496567477055,-2.331003547581899E-4,-0.0082127885421513,0.3018686395092918,-0.1831058337726845,-3.2092535184158444,1.3565764708041448
-0.015057010048807641,0.010127045968317703,-2.063698938881856E-4,-0.008213196970209558,0.3013613852344181,-0.16213516441056283,-3.214044501550223,1.3354165853346112
-0.01505693733738407,0.010110765796383139,-1.7996555426451027E-4,-0.008214705249965164,0.300995248845719,-0.14140651251098693,-3.219398904881546,1.3150548425775097
-0.015056849733247892,0.009936748602571934,1.0274248273055612E-4,-0.008217612364613035,0.2963096667143336,0.08242568795856763,-3.2639537687348166,1.0919120831180285
-0.015058300334231925,0.009952458714750551,7.716791076935966E-5,-0.008215372247922716,0.2964879354363486,0.062067735045686766,-3.2589940567508564,1.1110816180924221
-0.015059298533035078,0.009968403560574495,5.125146356536366E-5,-0.008213860556853218,0.296736000484166,0.041467579112724355,-3.2543906205414745,1.1308705098437795
-0.015057579079470957,0.010094624241876142,-1.53725387340974E-4,-0.008214597003127074,0.3004386277847076,-0.12074395674996874,-3.223636979536326,1.2940564367407346
-0.015057461384322079,0.010078410991929777,-1.2741322564981765E-4,-0.008215814464646002,0.30009391983756634,-0.10004324521520629,-3.2286497872261326,1.273679000694294
-0.015059526695901077,0.009984511476416755,2.5100119561098818E-5,-0.008213699737831108,0.29714480282402284,0.020697223326800598,-3.25054820445397,1.15149574037374
-0.015059060780969616,0.010000569856424356,-9.666449858352783E-7,-0.008214732715934847,0.2976798052022867,5.336702022104835E-6,-3.2474067727065594,1.1726366312343017
-0.015057956230738669,0.01001638020565139,-2.6648549589442115E-5,-0.008216853318733683,0.29833037673916896,-0.020375054073328982,-3.2449393843050838,1.194010911489107
-0.015056698506878281,0.010031605426545841,-5.140639299291785E-5,-0.008219112589785693,0.29899992871183617,-0.04001509924499941,-3.242627405644662,1.2147506031917688
-0.01505700160521426,0.01004660980769779,-7.578015027472281E-5,-0.00821811082977563,0.29936322327044523,-0.059304432687200904,-3.238237488810259,1.233668825600006
-0.015057359661354247,0.0100622245837666,-1.0113346973285207E-4,-0.008216810392532595,0.2996634484913616,-0.07930921426283837,-3.2334582896556223,1.2532148915105414
-0.015053727561500476,0.010220768996082204,-3.585938941969707E-4,-0.008208163391721632,0.3041549054038642,-0.2811542867459727,-3.1840491301997793,1.454874436380371
-0.015054121368988994,0.010237006538252552,-3.847770795358369E-4,-0.008204749774339238,0.3043493469906953,-0.3014508774881625,-3.1770749745339955,1.4742270746296635
-0.014952130502548032,0.009047392506572665,0.0015574583707419,-0.008096734314675487,0.28598872848444673,1.2664245775771237,-3.2764321350550776,-0.06788307359056057
-0.014943970617111703,0.009000508499608461,0.0016333072508383836,-0.008079431947293549,0.2860152145929568,1.3284809495457193,-3.2636586745620506,-0.12984181900656352
-0.01494688254558831,0.009016235094444896,0.0016077867146860956,-0.008085082760426745,0.28597058189871033,1.307591986934269,-3.2679059532610037,-0.10910764116589124
-0.014949563249776124,0.009031899925532192,0.0015824769251739873,-0.008090948795381123,0.2859715589466126,1.2868916482005555,-3.2722331641979387,-0.08839711573343412
-0.01497212660662318,0.009156631280126752,0.001378761296019241,-0.008128881823932217,0.2858344863421009,1.1197295870684718,-3.2981173128656507,0.07617665333358013
-0.014974757275226422,0.009172279354517332,0.0013531836925724532,-0.008133212733146973,0.28588163729883004,1.098735753650163,-3.3007664007000943,0.09684551552307953
-0.014977120310578915,0.009187799969758442,0.0013279292852024108,-0.008137806219892912,0.28597578149616926,1.0780257379257188,-3.3035354101464356,0.11742426293375062
-0.014979630831730512,0.009203119756065133,0.0013028674227784432,-0.00814182266848794,0.2860298334241466,1.0574456445890057,-3.3058435025205957,0.13766790549778982
-0.014967823329125008,0.009052197284684415,0.0015395970329290043,-0.008070164277837305,0.2834989174631651,1.2501630787355138,-3.2578768245781755,-0.06542591930830287
-0.014971476570098561,0.00906696190096567,0.001515050683865857,-0.008073119763307114,0.28333155687813666,1.2299473020230263,-3.2600200330397135,-0.04633705741277491
-0.014975529399216807,0.009082831465242351,0.0014885695386296941,-0.008075870433876373,0.2830642502696534,1.2081558684090081,-3.2619713083621282,-0.025904011683019635
-0.01497797437925223,0.009099526114228616,0.001461870466730233,-0.008082021766409984,0.2831560684652294,1.1863622770154552,-3.266209285068617,-0.003920217812881454
-0.014979603309025967,0.009115531839615876,0.0014366766389764956,-0.00808909852646251,0.28333947514856744,1.1658490814716955,-3.2710186185587737,0.01738647858339874
-0.014982153584194578,0.009130923662974655,0.0014117812617982335,-0.00809385320233011,0.2833687706310872,1.1454534836247632,-3.274155977978318,0.03760362839583913
-0.014985774296040128,0.00914632545310679,0.0013861844420391173,-0.008096389773014833,0.28322940210167546,1.1243870332627182,-3.2756863812034127,0.057471934924807795
-0.015012801362052007,0.009438701013719346,9.172827535028029E-4,-0.008192424539797861,0.28806775154898595,0.7413530734289263,-3.3256321612968933,0.44875452267177657
-0.015010882127174587,0.009422918916517265,9.431238732316903E-4,-0.008189713876832675,0.2878675412853504,0.7624926707692311,-3.3252400652274257,0.4279533079420846
-0.01500882991541315,0.009407121183958875,9.690283067826485E-4,-0.008187075633543248,0.28769404453277375,0.7837005647301707,-3.3248340272477273,0.407166886345897
-0.015006676067239348,0.00939130246396594,9.949932551569687E-4,-0.00818444452820976,0.2875415845399416,0.8049715295957734,-3.32436932979897,0.38636976196116707
-0.015004478016412713,0.009375528538142875,0.0010208901689057251,-0.008181735914943979,0.2874023062649403,0.826196558347782,-3.323781338233163,0.36562285135711226
-0.014982388233988855,0.009218553323989222,0.001277462763976549,-0.008145250626189092,0.2860284682354328,1.0365647192098104,-3.307675069266082,0.15795476505703324
-0.01498485913654403,0.009234309983624352,0.0012516954882542954,-0.008149235295511497,0.2861195178395463,1.0154223741634227,-3.3098177221997545,0.17877369775072818
-0.01498687513872708,0.009250091383906632,0.0012261092991590128,-0.00815393509602607,0.28630554278353554,0.9944678763222753,-3.312388353778973,0.19979427838461697
-0.01498891139758963,0.009265680421892271,0.0012007757335899618,-0.00815831338407822,0.2864657511086696,0.9737085239674209,-3.3146765372118323,0.22053711494886
-0.014991309234002796,0.009281131459267228,0.0011754366506585097,-0.008161737967514014,0.28654622025793014,0.9529068689906371,-3.3162428924670837,0.24092411221596444
-0.015000444173359892,0.009344015649251483,0.0010723999561284654,-0.00817507646220253,0.28704206747713074,0.8683959984665514,-3.3215442669934494,0.3239184492250288
-0.015002427717101967,0.009359793161063182,0.00104663954071817,-0.008178572065663865,0.2872411194705959,0.8472948187616441,-3.322810562180635,0.34482689933787786
-0.014993802779896391,0.009296649880055496,0.0011499219699174059,-0.008164833228060898,0.2866223755685467,0.9319555865470782,-3.317513618545481,0.2613380547982134
-0.014996155282536783,0.009312342978766514,0.0011241851972573302,-0.00816811183345805,0.2867213087966638,0.91084105404458,-3.3188353684940846,0.2820257888821496
-0.014998361641803931,0.009328162774831597,0.0010983008730767517,-0.008171556635084983,0.2868777768288779,0.8896193382661103,-3.3201990218325563,0.3029322183083576
-0.01505639157788326,0.009921075388395349,1.2822531285192038E-4,-0.008217703343912754,0.2959343037607723,0.10275915749976984,-3.267463071776706,1.0718181650224337
-0.015057449637629157,0.009905523191787856,1.5340805648169492E-4,-0.008214610944868085,0.295263078415692,0.1228730461267105,-3.2688271275516434,1.050518775194772
-0.015057598132941677,0.009889478733552731,1.7942817573818518E-4,-0.008213116236276364,0.29474606147192967,0.14366159114451535,-3.271251740077677,1.0293312776471595
-0.015056684740129785,0.009873297046100541,2.0575294130698992E-4,-0.00821353605590828,0.2944482663047678,0.16471071602595297,-3.274871659636812,1.0088111138124447
-0.015055060758004253,0.009857367895131185,2.317494269345026E-4,-0.008215206770704484,0.2942725137056508,0.1855267289373477,-3.2791890089015863,0.9891394972373985
-0.015054102327704318,0.009841414100264994,2.577309868708203E-4,-0.008215368235861484,0.29396651834975657,0.20636745026590123,-3.2824691473149463,0.9687938946357469
-0.015014573871237785,0.009454497094775612,8.91460527451278E-4,-0.00819524767127526,0.28829654620312684,0.720247026489128,-3.326034454557824,0.4696211721962859
-0.015016180118898373,0.009470329084304554,8.65626223880615E-4,-0.008198230573632748,0.28855876628395905,0.6991504864695087,-3.326476281406078,0.4905974201265652
-0.015019641046337436,0.009517597941904066,7.888399763825337E-4,-0.008208695176931414,0.28960917502159095,0.636559895889623,-3.3284548959989864,0.5538412524583051
-0.015017565768431844,0.009486184318346885,8.398157787259355E-4,-0.008201475768168043,0.2888669004530533,0.6780946146543969,-3.3270278382621643,0.5117016277426778
-0.015018682090304823,0.009501982999690408,8.141678883314658E-4,-0.008205051529363934,0.2892263520472515,0.6571920839315991,-3.32774260436662,0.5328600882294676
-0.015054917960898051,0.009825928021193137,2.8273451328404486E-4,-0.008211878505064642,0.29331348516254413,0.22642384042695632,-3.2832132737976516,0.9475824962857752
-0.015038017721891556,0.009770604396314712,3.750424046952004E-4,-0.008237448839911815,0.2948187895889957,0.300730191360961,-3.3103413600924685,0.8870927007605397
-0.01505446372958555,0.009809742335560393,3.090081452404132E-4,-0.008210646752525029,0.2928782293047058,0.24751992656818586,-3.2854898461393387,0.9264346079535807
-0.015053196817762864,0.009793843146154634,3.349293632108537E-4,-0.008210883323108624,0.2926261905286964,0.26836530092277755,-3.2886027808804417,0.9062476949324246
-0.01505279284892516,0.009778315531342646,3.601165903201274E-4,-0.008209281846822923,0.29219481654127843,0.2886486154118053,-3.2903811522609065,0.8858072861765428
-0.015037787943393758,0.009754445541216657,4.0136500466856083E-4,-0.008235118714130232,0.294308317724927,0.32195306042977223,-3.3116858376012934,0.8654579134861272
-0.015037117387078401,0.009738198756612663,4.2789231026843993E-4,-0.00823346361551898,0.29387859753787104,0.3433650109263379,-3.313419471088307,0.844001801057903
-0.015036088307946222,0.009722174835229047,4.5411669640713195E-4,-0.008232377345682934,0.29355311146615065,0.3645626251191439,-3.315425017092483,0.8230652785924546
-0.015035036840604149,0.009706355821915619,4.8000593931122004E-4,-0.008231192549102718,0.29321594224692576,0.3855129945694884,-3.31726526076358,0.8023652382597201
-0.015020862641663487,0.00953301833107536,7.637050993415465E-4,-0.008211577412819042,0.2899247920178876,0.616070561787999,-3.328603305646918,0.5743779290378881
-0.015022538351405887,0.00954843975745043,7.383972648538924E-4,-0.008213386197526458,0.2901271286514477,0.5954272165178011,-3.327957233584595,0.5946009868512356
-0.0150281503345774,0.009612096075173266,6.342291785117953E-4,-0.008221601636658473,0.2913069518809584,0.5106322022800905,-3.3251507044358664,0.6784747529726031
-0.01502432824312082,0.009564117798353889,7.126325090851649E-4,-0.00821487438685399,0.2903277239405008,0.5744155079240786,-3.3269991079091104,0.615063254198735
-0.0150260603169894,0.009580064097589214,6.864491731161053E-4,-0.008216378579430866,0.290551583920416,0.5530791924629231,-3.325955650454944,0.6358818405948979
-0.01502737672915725,0.00959614095557912,6.601717932340569E-4,-0.008218561197268813,0.29087828205188515,0.5317040961984235,-3.3252907028016794,0.6570992936090577
-0.01503285864517435,0.009674822813336674,5.316086409298719E-4,-0.00822845293982778,0.29255525481070066,0.42731803144020714,-3.3204822359992936,0.7610164144474113
-0.015033994202461936,0.009690586099196498,5.058065642395505E-4,-0.008229819568332396,0.29289035527321156,0.40640627174711813,-3.3189061588624873,0.781676836177149
-0.015028988093312426,0.009627798562962185,6.086511752541383E-4,-0.008224263602236102,0.29169032544126067,0.4898596508687452,-3.3247191753425853,0.6994355196082181
-0.015031618279957991,0.009659040560793477,5.574588548780377E-4,-0.008227110178278561,0.292256487776641,0.44828447276200506,-3.322011303625788,0.740358614651032
-0.015030243963715911,0.009643372654335038,5.831502892566619E-4,-0.008225881764599145,0.2919775147018883,0.46914349710910425,-3.323534756902492,0.7198985674774708
-0.015029830290619212,0.009444820938273717,9.007496426054095E-4,-0.008161411842210628,0.28526134233545036,0.7270891421130844,-3.303879497765658,0.44787047430502464
-0.015060331940537491,0.010577236729155415,-9.234505180146026E-4,-0.008095447329606027,0.3064207411291618,-0.7097238887366853,-2.9943970785813008,1.8550698087998498
-0.015064979906210862,0.010560445244597417,-8.955181751440075E-4,-0.00809318136931908,0.3053411385894966,-0.6886879342350624,-2.9997495517544195,1.8313881535354979
-0.01506515588309425,0.010512252292129522,-8.202726878981374E-4,-0.008110797093807446,0.3051163111863419,-0.6327626556777722,-3.0281746889993513,1.7793622921746917
-0.015059601777848708,0.010529003524655833,-8.485054207010865E-4,-0.00811540758432873,0.30645433263268673,-0.6541994273161188,-3.024403532229224,1.804388850523014
-0.015071822945825278,0.010543189394288005,-8.66080571261728E-4,-0.008086680145351034,0.303742292748366,-0.666302663127952,-3.002817286089081,1.804416866680601
-0.015070026932128383,0.010496118998047815,-7.933143192063451E-4,-0.008107077969089606,0.30393531991803774,-0.6122549065702686,-3.032112754633388,1.755778868794197
-0.0150538993949975,0.010639038355447758,-0.001021862315036162,-0.008081641551685103,0.30784991096218,-0.7825804336765402,-2.9616681181446425,1.9277592525238487
-0.015061264691272974,0.010623059138018873,-9.93997835988846E-4,-0.008074615248791285,0.30618879176595337,-0.7614948145569963,-2.964435660027043,1.9016966799413761
-0.015069425268527609,0.010606239106223743,-9.646086982889372E-4,-0.008066239539310587,0.30438428177663596,-0.7392013316382265,-2.9666887660781707,1.8738036048580435
-0.0150750557071423,0.010589349643665993,-9.362615850760702E-4,-0.008062490767602916,0.30314838145528605,-0.717876723493395,-2.971375211206413,1.849092658025118
-0.015037539185944526,0.010721347620845357,-0.0011560981317156837,-0.00807382013776057,0.31121696197531573,-0.8815330456309384,-2.922029864350673,2.0324812527253244
-0.01504615331793756,0.010737232792612076,-0.0011759873079968434,-0.008049567038505026,0.30911455156375456,-0.8948871926395796,-2.9021457274717304,2.0363248334951645
-0.015049235841009008,0.010702609979412548,-0.0011216662932420388,-0.00806096331031103,0.3086258979325877,-0.8554879790931835,-2.9234537936470164,1.998106023737621
-0.015065170305340053,0.010650572428197915,-0.0010345771392589777,-0.008055126501328858,0.3053196886503353,-0.7907667676909039,-2.9425028652104213,1.9248121605852362
-0.01506519701890422,0.010664859519466267,-0.0010564363697400988,-0.00804861374818644,0.30521293051038695,-0.8066536225253121,-2.933021507956504,1.939216268781334
-0.015059062510761492,0.010684094865791326,-0.0010886769267587145,-0.008051268387651344,0.3065058154446611,-0.8306317258384919,-2.926292464124874,1.9665754577089578
-0.015049881280494726,0.010317764558353584,-5.158301776762432E-4,-0.008197222417102175,0.3067032052444562,-0.40286336861770083,-3.147013440310277,1.5759778770549966
-0.015050847173655632,0.010300958825710296,-4.88565902512626E-4,-0.00819900981128138,0.30620344569865116,-0.3818455602342312,-3.1535484267434093,1.5549003985448555
-0.015050514075809665,0.010284569898380098,-4.622204293580864E-4,-0.008203070875110864,0.3060191581261878,-0.361565298355542,-3.1612347308693214,1.5356855872929198
-0.015065705217367694,0.010327550357962524,-5.279112827811196E-4,-0.008163951347516235,0.3032572373701041,-0.41138233330822477,-3.1239877894764176,1.5696150987135127
-0.015063846206965466,0.010344189356736032,-5.549073390617239E-4,-0.008163661009795516,0.3039202549362207,-0.43215218961522456,-3.1183501381074006,1.591191611043011
-0.01506089275988641,0.010360141004578008,-5.810896844246381E-4,-0.008165482892639865,0.30474904093888683,-0.45231206224566317,-3.114104286789827,1.6131415442901254
-0.015066113815034454,0.010465811028543591,-7.470545068343685E-4,-0.008124768116071518,0.3046239494613597,-0.577816549251772,-3.053374501103464,1.7271069223266693
-0.015078087120591381,0.010480060687074976,-7.65469048760006E-4,-0.008097010390893902,0.3020364447707969,-0.5908036868085148,-3.0323133181367656,1.7283911497772408
-0.01507171196636504,0.010448936805161171,-7.187213468427062E-4,-0.008119329834716542,0.3032181628389589,-0.5561408512909222,-3.0563439757132094,1.7016437426168645
-0.01507309349908602,0.010432317603400118,-6.921353027790534E-4,-0.00812175564421736,0.30279525820004793,-0.5360015617832504,-3.063647489941697,1.6814089256265856
-0.015074709178649384,0.01041580869363131,-6.656405777244663E-4,-0.008123499823481595,0.30226053152778093,-0.5158462790186508,-3.0704461786373902,1.660895172945583
-0.015076113840706094,0.010398101883511942,-6.373033107037748E-4,-0.00812579340231708,0.30177491059902156,-0.49427476528436737,-3.077908198486236,1.6391897851836463
-0.015075141761815753,0.010376397014754183,-6.032495573782859E-4,-0.008133533074227735,0.301777634212884,-0.46847314444136495,-3.089822414967469,1.615556397149712
-0.015062798796889265,0.010276558285582044,-4.468927173059391E-4,-0.008180480663927622,0.30313644011023916,-0.34917401505139484,-3.150180321368804,1.512450199343608
-0.0150662878644461,0.01026285903063015,-4.242485709025522E-4,-0.008176226587153971,0.30210774089512543,-0.33154612402573086,-3.1518772051687267,1.492237861955556
-0.015069845894789172,0.010246376288956652,-3.971756445936007E-4,-0.008172187103487641,0.3010380425118922,-0.31047997255314064,-3.1544716452284955,1.4686091174419718
-0.015007514509587035,0.01090900047212428,-0.0014565258697003284,-0.008024037926992938,0.3156142616000395,-1.0971529707368364,-2.806968575934793,2.2504785177819966
-0.01501689200146598,0.010924547664544374,-0.0014736578529346773,-0.00799694073745595,0.3130658071044734,-1.107632604367489,-2.7857793506794724,2.2503334717433314
-0.015027492756560961,0.010940035042530388,-0.0014896852863590284,-0.007967654091328937,0.3103936360378194,-1.1170544247304282,-2.763708984487863,2.2481546570775417
-0.015020823757663978,0.010892096972086226,-0.0014231325196191367,-0.008009925357050848,0.31280098052032024,-1.0722318829076238,-2.8085782691842014,2.2161376180949905
-0.015034612501100861,0.0108564764456127,-0.0013618572691500663,-0.008005792998380072,0.31032983417921106,-1.0277489478680508,-2.824106368751752,2.164410021765014
-0.015034855119752694,0.010873078224321495,-0.0013864024556542642,-0.00799552221828586,0.3099274439695498,-1.044826606278049,-2.810889962582863,2.1790069712684965
-0.015043010262830505,0.010844704338470616,-0.0013394427708552043,-0.007997099201938378,0.3085864595194687,-1.010981171173681,-2.8254270412696165,2.141838807906582
-0.01505021515049539,0.010832098221690541,-0.0013165576351172178,-0.007990979604800314,0.3071468538759938,-0.9940313743497434,-2.8283572160858,2.120246894164319
-0.015047377008690823,0.010814588580913866,-0.001292021468749091,-0.00800607417816321,0.30805326484967716,-0.9771310450431107,-2.844239931446119,2.1080430070184515
-0.015052760117510569,0.01079005883050531,-0.0012523244282283982,-0.008009516957522445,0.30713242065322904,-0.9484785059493018,-2.8573685666652624,2.077738268693793
-0.015055782859909656,0.010751782086796845,-0.001193108104262974,-0.00802406565633808,0.3068481397178798,-0.9060673839302066,-2.8822866743825526,2.0373096822795915
-0.015063171988167135,0.010769106403512826,-0.001215349353124369,-0.008001283612544666,0.30494284206106814,-0.9210934906807282,-2.8626596588410727,2.0438392453773444
-0.014926698891925834,0.008922784284061205,0.001760988376242989,-0.008054237319589,0.2868762667946303,1.4332377774912575,-3.2435898017476776,-0.2317506169196348
-0.014940836401359257,0.008984780207605299,0.0016589486501433495,-0.00807401868784125,0.28610317190999707,1.3494875408437663,-3.259509868419508,-0.15052666051311514
-0.014929924261611422,0.00893822436220758,0.0017358509984168318,-0.008059991245940206,0.2867292554349295,1.4126646785085477,-3.248236105121616,-0.21146372035760566
-0.014937448722679436,0.008969076937024537,0.0016847006771493862,-0.008068919019616835,0.2862432464315214,1.3706094696583577,-3.2555151150115154,-0.17112577013194166
-0.014933681121559817,0.008953555527367357,0.001710433916171734,-0.008064485322862575,0.2864735233327102,1.3917665008167168,-3.2519260890898436,-0.19141477670312124
-0.014920193783080946,0.008891312147176004,0.0018120376281279278,-0.008041835618523079,0.2871394486700823,1.4749338913938657,-3.233432225978469,-0.2730588188524395
-0.014923676714621331,0.008907055948835797,0.0017863449377059446,-0.008047702564410513,0.2869655371304531,1.4539246185323818,-3.238312748807981,-0.252437110027147
-0.014908599606934402,0.008845547515750278,0.0018876811733458572,-0.008026455934303928,0.2880138543817741,1.5369581039277016,-3.2200313712547444,-0.3328192429195416
-0.014912356065907522,0.008860628925977665,0.0018628385093312253,-0.008031821058234178,0.287728176821553,1.5166106441067375,-3.224720275199832,-0.3131152606415468
-0.014916308032455907,0.00887581502079454,0.0018376528038851587,-0.008036732222698366,0.2874191728142119,1.495942038473994,-3.2290331353686104,-0.2932956933117747
-0.014920794937043567,0.008834507547335496,0.0018934708904867956,-0.007994806781493337,0.2857833536406255,1.5394404210793926,-3.1970831855707633,-0.34875059385042834
-0.014870186990012661,0.00874964581738943,0.0020576805932810186,-0.008014883734772838,0.2928151313338123,1.6787681054309689,-3.2043112837584213,-0.45769908261114395
-0.014873996504968462,0.008764816438336815,0.0020327722164641088,-0.008021390068922914,0.2926075650133135,1.6584434218073396,-3.2102341033965467,-0.43778596329591696
-0.014877906833610559,0.008779986955443225,0.0020077303858087626,-0.008027536481284176,0.2923851086864479,1.6379871419654126,-3.2158305981478423,-0.4178730840093779
-0.01488183623725997,0.008795248282404536,0.0019825015788432067,-0.008033549363856668,0.29208118290693746,1.6173708030489313,-3.2212692421039875,-0.39783981279134234
-0.0148824683230857,0.008738562961260054,0.002062309437210171,-0.007982522135987713,0.29007960159917867,1.679306671664959,-3.180771548190327,-0.4722825828173059
-0.014879073717061724,0.008723290153750658,0.0020867451083657913,-0.007974939482730162,0.2903312381025694,1.699065056875871,-3.1739786401902026,-0.49212012684874357
-0.01484537965253864,0.008600945878738796,0.0022866519660421987,-0.007919641839909787,0.29384301264514856,1.8610439169811313,-3.1209385753408623,-0.6501638196991694
-0.014875427687577422,0.008707870720503115,0.002111555758756144,-0.00796750886839978,0.2906299567633522,1.7191387250568575,-3.167210114637745,-0.5121101175702605
-0.014849807584080575,0.008616271516416389,0.0022615861255274976,-0.00792682037953653,0.2933466525208499,1.8407962410571226,-3.1279999430752223,-0.6304489760046104
-0.014853767251121015,0.008631571591830504,0.0022369582184424974,-0.007934632904772794,0.2929404118995596,1.8209699997656748,-3.1354316303083416,-0.6107639573324612
-0.014857790893823197,0.008646753592731414,0.002212372940255654,-0.007942044284147841,0.29252218353181103,1.8011163296987476,-3.14250209575639,-0.5911825297878027
-0.014862291378319311,0.008661860029525367,0.002187384688534952,-0.0079483533054504,0.2920029998939601,1.7808013608076807,-3.148721663820408,-0.5716528179398673
-0.014866955164087385,0.00867705240838232,0.002162083382736298,-0.007954270519664353,0.2914724424178186,1.7601820662399816,-3.154608582005027,-0.551997512648941
-0.014871386602646232,0.008692417968643286,0.002136721776492438,-0.007960586878386168,0.2910076812667273,1.7395507724344643,-3.160726417217679,-0.5321162154158987
-0.014857818600536643,0.008588914705683993,0.002290508346622855,-0.007885721838709921,0.2916646789832724,1.860796152262824,-3.095654827687508,-0.664319627500347
-0.01485227286642899,0.00857399317503628,0.0023158996979583553,-0.007880679656565191,0.292383870007451,1.8814693579132615,-3.0900209286089733,-0.683416367890387
-0.014898151961609199,0.008799116845529491,0.0019629698812484507,-0.00800680168056453,0.2886866755173087,1.598296874286744,-3.2029794117132595,-0.39349082984164035
-0.014901906644630354,0.008814721760514831,0.0019375095557700092,-0.008013135911685938,0.28841866499265745,1.577537634397325,-3.2085886452434518,-0.3731423749211917
-0.014918277587185938,0.008819117345219193,0.0019174988031711634,-0.007986669918179813,0.28586046814291777,1.5588398818930553,-3.1903253626207477,-0.3687824848562364
-0.014791919005611753,0.00847621266454818,0.0025072545323432064,-0.00788478323439244,0.30200912872704594,2.042768371615224,-3.076884811296352,-0.8126487180685279
-0.01478699817463427,0.008461153780088682,0.0025321392872929807,-0.007877017443192276,0.3026913599446622,2.0627336098072253,-3.068792718589154,-0.8319662646577844
-0.01480866771526771,0.008479229318600416,0.0024853818269726055,-0.007858969655449506,0.29848279193429833,2.020761569080691,-3.059812340968085,-0.805828424397745
-0.014847648103570168,0.008559133746803924,0.0023402518939037993,-0.007873902552385093,0.29293402676059893,1.9010996123229618,-3.0831264021894067,-0.702343475889255
-0.014844601837484104,0.008543747081372231,0.002363646142248455,-0.007863658243631425,0.29324419102187077,1.9195282957412958,-3.0736934246575665,-0.721694197028892
-0.014831197089308341,0.008497277236050324,0.002438176459265799,-0.007839025583269073,0.29495357749444523,1.9789804887039832,-3.0491409848055873,-0.7803356873996696
-0.014836206962097377,0.008512585504994166,0.0024130698253484995,-0.007846286571766286,0.2942834037332518,1.9588506526792353,-3.056712027888739,-0.7609734144657779
-0.014840790647751451,0.008528138552866564,0.002388031447163806,-0.007854359740403988,0.2936905796349047,1.938857899319496,-3.064812087885432,-0.7413406190016074
-0.014826057538329123,0.008482148150382023,0.0024631383127494133,-0.007831996376051446,0.29565519931030654,1.9990060476187133,-3.0416903998699616,-0.7994732240476582
-0.014715291525315295,0.00825222120775168,0.0028751203711320597,-0.00775681420628438,0.3137039616717506,2.3344962022862004,-2.9404718797902465,-1.0963668510743212
-0.014709881582713255,0.008237293603582085,0.002899480803315952,-0.007747398387727519,0.3147918433826105,2.353533265560418,-2.9301987172976323,-1.1149459907996724
-0.014686526640565243,0.00817834214415414,0.002997514334343522,-0.007711704926163098,0.31901798846059265,2.4301264974408046,-2.8899764873733402,-1.1883889124804181
-0.014692415695452621,0.008192947819662661,0.002973188804802866,-0.0077206456395615955,0.3180864179903766,2.4111700092732034,-2.9001201604604794,-1.1702297457497968
-0.014698386829164231,0.008207605087475686,0.002948640240484688,-0.0077293441203457975,0.3170582134648607,2.391973716543685,-2.9100339218792435,-1.1519419944373739
-0.014704246575369236,0.008222395390934849,0.0029240160806873953,-0.007738210678592789,0.3159310859690892,2.372711985079117,-2.920025548860632,-1.1334971051371898
-0.014669062002806725,0.00809185804394214,0.0031173637775962627,-0.007628074623371916,0.32164615930220086,2.515759847082681,-2.808576162219049,-1.286826822219697
-0.01467476921252856,0.008106882345200602,0.003093359215271196,-0.00763872900032755,0.3205715567766054,2.4975789751247413,-2.820359402577805,-1.2688482868126325
-0.014680123672217603,0.00812179351734029,0.0030698561528155967,-0.007649620160546916,0.31957297967457016,2.4798288867209024,-2.832188920341579,-1.2510560998415068
-0.014685568386177761,0.008136540913106099,0.003046339294087555,-0.00765999267098249,0.3185694610191318,2.461936373867673,-2.843560135755421,-1.2333113133168148
-0.014691331411006746,0.008151136001319031,0.0030225115328008805,-0.007669499592889148,0.3174976692891001,2.443601798483505,-2.8542422104639518,-1.2155274840248256
-0.014697088756986512,0.008165678958314304,0.0029986825809194197,-0.007678780724490623,0.31644501542368836,2.425198753535821,-2.8646877999814553,-1.1977380206017825
-0.014767120236884437,0.008401269384565558,0.002630884092037857,-0.007844912089440255,0.3054446366763352,2.141662135374196,-3.0350536764312595,-0.9084853389749091
-0.014772080055083167,0.008416187041558082,0.002606362432626738,-0.007853158142612547,0.30474520383846154,2.122113200011235,-3.043737188201909,-0.8894779572375856
-0.014777067488275194,0.00843112496721926,0.002581726304182438,-0.007861205708790361,0.3040630343609761,2.102431656314037,-3.0522166278813017,-0.8704017784760394
-0.014782041049013275,0.008446118899790219,0.0025569777644863334,-0.007869163199702966,0.303377749468233,2.082633681656698,-3.060572673137439,-0.8512253319365753
-0.014778442353786366,0.008389235090154561,0.0026333195115805052,-0.007812100823772319,0.30285895596098905,2.138897506027718,-3.0103051394859563,-0.9199520304273349
-0.014773642794886932,0.00837420783603042,0.0026575414011743297,-0.007803243269448701,0.30356845508946545,2.158017978395278,-3.001085185237591,-0.938798263241912
-0.014768499809770809,0.008359158188911494,0.0026821186543455337,-0.00779476769842817,0.30435492758384863,2.1774702567142374,-2.992052324966395,-0.9577034809295591
-0.014763003801384114,0.008344241812511506,0.0027068779049961964,-0.00778686246476868,0.30523169344393813,2.1971416013115994,-2.9833666759087234,-0.97650182112631
-0.014757474150605923,0.008329373549229418,0.002731562469672075,-0.007778891472789789,0.3061291230193202,2.2167286402671302,-2.974574738500428,-0.9952174851623353
-0.014752300059642351,0.008314458336956201,0.0027558317042404384,-0.0077700966962519534,0.3069516435955622,2.235827799157429,-2.96514033702028,-1.0138439250175748
-0.01474714639825996,0.00829954659776002,0.002780009213606736,-0.0077610997583882095,0.30778832603986195,2.254791924599537,-2.955502887213204,-1.0324016647219774
-0.014732211009059177,0.008254691092277876,0.0028516405050031386,-0.007732075691280492,0.31025039113795755,2.310479385762488,-2.9247585918338785,-1.0877005205490622
-0.014736908490588336,0.008269708557911511,0.002828095576103534,-0.007742459674052308,0.3094795731184122,2.2923336227091595,-2.9355702212704604,-1.0693506179504102
-0.01474181748455749,0.008284645362435707,0.0028043161691414776,-0.0077522329990947466,0.3086743907515235,2.2738639081192162,-2.9458837192506113,-1.0509484347781894
-0.014620785439089151,0.008017505739330024,0.0032620713618727788,-0.00760328736335415,0.3314603186710276,2.6328850432814317,-2.7667160598704004,-1.3846607120340997
-0.014626908775718173,0.008031931425879789,0.0032383952757806434,-0.007613510025169433,0.33033587303596046,2.614971208936522,-2.7784693182256635,-1.3672969980151946
-0.01463314591790589,0.008046344972569973,0.003214506915143677,-0.007623373767345537,0.3292035492455309,2.5967952428921333,-2.7899045587342113,-1.349827501004562
-0.014639452559943143,0.008060824774782283,0.0031903858322397277,-0.007633047745528482,0.3280132210515824,2.5783696910580876,-2.8011563571847566,-1.3321987884112791
-0.014656487771773412,0.008061899396457508,0.0031665687423524454,-0.007608157698436135,0.32406535235988615,2.5533012297805553,-2.7857147747647737,-1.3229886032375253
-0.014662972098552655,0.008076782115990574,0.0031418473937320952,-0.007617773659913201,0.32281149395572073,2.5343795063222,-2.796930530939848,-1.304950895181143
-0.014614724567245286,0.008003009268617786,0.003285661272328167,-0.0075927070659564866,0.33268100630941416,2.650632287590391,-2.754631209187463,-1.4019886539217101
-0.014556893052777964,0.007873371535691887,0.00349821750310474,-0.007495968598460463,0.34494687401781426,2.8085959814640025,-2.6419448355753268,-1.555155900561729
-0.014589000082580466,0.007945230106087914,0.003381095268517048,-0.0075512056541588565,0.33818115605271704,2.722255730576551,-2.7062244709076384,-1.4710133877594063
-0.014595552050291586,0.007959575622992734,0.003357280195230438,-0.007561520014152694,0.33690962923961737,2.7044256427566045,-2.7183620946321096,-1.4539005237509424
-0.014602141731356376,0.007973962198655229,0.0033332996777648547,-0.007571663643746818,0.33552360502411593,2.6863983816485315,-2.73032332521576,-1.4366637455183346
-0.014608557967269455,0.00798845814248855,0.0033093750983470005,-0.007582044845597074,0.33406443725500173,2.6684250761443136,-2.742407736084736,-1.4193347303928767
-0.01459886194514932,0.007932083663071252,0.003380576234283603,-0.007518210602538694,0.335768221379422,2.7145343601663847,-2.6806261251617722,-1.4777639298220338
-0.01459243450788319,0.007917795006796452,0.003403890089068645,-0.00750759772524795,0.3371238145243826,2.731773076467429,-2.6682436093494353,-1.4944654473893062
-0.014585974879338888,0.007903500719649757,0.0034271776574285977,-0.007496858547174914,0.3385057212529297,2.7489263172697083,-2.6557044091159123,-1.5111078325489737
-0.014579891733729276,0.00788907713160618,0.0034499765200379368,-0.007485225413800463,0.33980467278551446,2.7654366996760626,-2.6424841849674263,-1.527567430191386
-0.014573926296604638,0.00787451376888085,0.0034726550753224907,-0.007473064194937886,0.3410869494574968,2.7816811184549093,-2.6288147791873686,-1.5439783850459936
-0.014480702960901468,0.007717026915320572,0.003755167543252087,-0.0073701770810821925,0.3623477981821963,2.9934501797680184,-2.492106086248499,-1.7339356721646466
-0.014529173705853346,0.007816257114131033,0.0035930572442769274,-0.007452210721600142,0.3512788029818165,2.877974485202934,-2.5896652620594733,-1.6216675057288372
-0.014536199249046587,0.00783038419355804,0.0035694655483537556,-0.007463050437107315,0.34981545512506745,2.860768698168435,-2.602722447066139,-1.605241040920539
-0.014543267741402915,0.007844589701722892,0.003545662568238328,-0.007473773245426279,0.3482451154872861,2.8433253924151067,-2.6156594516123666,-1.5886430701009255
-0.014550203768476782,0.007858934907267497,0.0035218445912846377,-0.007484714205330767,0.3465950057891814,2.8258733206314908,-2.6287184352970026,-1.571916297165578
-0.014538678670217103,0.007802848968392918,0.0035915316495741547,-0.00741915670555219,0.3488190229500983,2.8685383903136312,-2.563998256281936,-1.6268737750029716
-0.014531746980721197,0.007788797803318103,0.003614643029036384,-0.007408110518874103,0.35037566113182345,2.885182582836006,-2.550775412774456,-1.6428813867081014
-0.014524808988372035,0.007774686369342564,0.00363773839059222,-0.007396819546059316,0.3519494237587073,2.901710981423761,-2.537301380634895,-1.6588494466350525
-0.01451829511934939,0.007760427532841434,0.003660249923152483,-0.00738456355172612,0.35342347194521834,2.917469727832495,-2.5231135045301625,-1.6745659372717572
-0.014511954549927033,0.007746042812992233,0.0036825218845020435,-0.0073717261526587445,0.35486908770068354,2.932828454513144,-2.50846256573292,-1.6901518382229257
-0.014505181980353395,0.0077316339466333775,0.003705367409070733,-0.007359282062819903,0.3564152376159679,2.9487169943845797,-2.493952244460505,-1.70592746661761
-0.014498078380466933,0.007717266154404979,0.003728584630077429,-0.007347182183125421,0.3580494186814343,2.9649612658039293,-2.479581052367624,-1.7217857115691506
-0.014473403193803072,0.007702875646694601,0.0037785305949358046,-0.007358338794752113,0.36412215122702357,3.00991356206457,-2.4778076676339045,-1.7497911197281473
-0.014451109209269801,0.007660854939538068,0.0038483539065425685,-0.007322998509158615,0.3692867864249832,3.0588469972438346,-2.4347575939553323,-1.7966852505715674
-0.014458502240062461,0.007674807495078057,0.003825268220403927,-0.00733491327085032,0.36762708647346765,3.042766745349722,-2.4492405512237627,-1.7812188643004279
-0.014465980127766983,0.007688791308568805,0.0038019411633975803,-0.00734659753582921,0.3659041128575616,3.026389424337592,-2.4635224070841732,-1.7655736680365208
-0.014443801458155983,0.007646845608079815,0.003871266528757028,-0.007310720382809909,0.3710042273982905,3.0746448887882387,-2.4199561435145287,-1.8120279892779154
-0.014436415330980203,0.007632819922890666,0.0038942251075582608,-0.0072983546653666515,0.37286152460717353,3.090402023045361,-2.405025016121473,-1.8273219906908713
-0.014460366239241617,0.0076467989534978395,0.003845574020593001,-0.0072891461071892955,0.366880366082603,3.0469750770529243,-2.4086062666248136,-1.8000412313583596
-0.014428868018777486,0.007618881139939353,0.003917278025580991,-0.007286166639773917,0.3747740900552741,3.1062286230168183,-2.390172780114724,-1.8425557490875395
-0.014406038290797325,0.00757757274760316,0.00398581482888974,-0.00724964946698787,0.3801684808221623,3.152923657207165,-2.3454485817403383,-1.8874118735572372
-0.014413604951398857,0.007591316855315426,0.003963143834344135,-0.007261999808252372,0.3783935592523279,3.137596979310389,-2.3605236103550884,-1.8726130995255523
-0.014421231560968662,0.007605062786600963,0.003940289658917052,-0.007274115177332269,0.37661869654967034,3.1220081796662975,-2.3753872471022093,-1.8576635197966354
-0.01439970293567492,0.007536112883065234,0.004027180697847448,-0.007191279353038212,0.3815274732980308,3.169760857444096,-2.289307824835158,-1.9184912823683928
-0.01440744204844594,0.007549795574588576,0.00400465540978221,-0.007203642522005379,0.3796268743474138,3.1547680942041545,-2.3044725699038016,-1.904059435801175
-0.014414904995001634,0.007563568700760678,0.003982413442661769,-0.007216330898480064,0.3778119856762793,3.140056521006262,-2.319780418975045,-1.8896651114614549
-0.014391931284117686,0.007522409268182403,0.004049684183360519,-0.007178761006441895,0.38345188262460134,3.1846435500701085,-2.27396557691424,-1.932851910648626
-0.01438449555752006,0.007508480856284323,0.00407171618666644,-0.007165315857535254,0.3852925368161764,3.1987987724626774,-2.257933437746654,-1.946967986423472
-0.014335932498172145,0.007454026691311588,0.004188878885409443,-0.007133917703634717,0.3977047384710711,3.2864227779881965,-2.2038166684528346,-2.016788886795816
-0.014328043796248038,0.007440430333429314,0.004211042800218982,-0.007120587054281829,0.3996160166262621,3.3005175449394373,-2.1875148765136925,-2.0305584208532426
-0.014320137212307628,0.007426787557104183,0.004233168830467194,-0.007107043220534223,0.40165075078782936,3.3144579497867457,-2.170997668887788,-2.044236875289958
-0.014377096032294007,0.00749437362018094,0.0040937166465294895,-0.007151383614362861,0.38712265275229557,3.212713616110691,-2.241471140636307,-1.9610233825950767
-0.014369188457063928,0.0074803173292355835,0.004116402448183818,-0.007137979663517722,0.38907669945758444,3.227302499617069,-2.2252174738724158,-1.9753139329217813
-0.014360746769352622,0.00746666553382962,0.0041395832265116355,-0.00712569540538241,0.3911788205078794,3.242607176986535,-2.209687399301034,-1.989681304173575
-0.014352366997134524,0.007453330051260715,0.004162362548716633,-0.007113685234757687,0.39329769462973196,3.257625264245599,-2.194421066320761,-2.003717500928883
-0.014132116459204253,0.007134527050385555,0.004713934897982983,-0.006797667782175192,0.4513373473577778,3.5963855425830324,-1.7879886468377209,-2.318860706605903
-0.01412294537376173,0.007121658617147683,0.004735496488177747,-0.006783139759191822,0.45378788315821156,3.6080302332105956,-1.7697722979064594,-2.3300945649146723
-0.014113754579801257,0.0071088155173854506,0.004756979107058642,-0.006768518338517506,0.4561817705361407,3.6195035160971827,-1.751456594204468,-2.3411911253335425
-0.014104608700931375,0.007095945265657038,0.004778287646137531,-0.006753655796182353,0.45856943023562174,3.630665220637752,-1.7329491861156272,-2.3520985809019614
-0.014095482678712941,0.00708307332464811,0.004799454718672577,-0.006738621238742518,0.4610000824753338,3.641566859454905,-1.7143029449402036,-2.3628307417327536
-0.01431210862023669,0.007413144551774035,0.0042553984462334925,-0.007093480068839106,0.4037933075901769,3.3284172592580243,-2.154395546727917,-2.057880097809447
-0.014278873729888219,0.007359398875242015,0.004344707359434903,-0.00704025318167806,0.4123823999366422,3.384302911600837,-2.0882622354354923,-2.111655553915636
-0.01428718855719042,0.007372750101684657,0.004322564664593889,-0.007053651716340007,0.41032537318942536,3.3705980948590315,-2.1049053746160133,-2.0984374182767103
-0.01429558904177905,0.007386092712917149,0.004300189073192194,-0.007066781862599036,0.40819902187334417,3.3565590400995373,-2.1213291644876744,-2.0850275308922437
-0.014303926047112859,0.00739955574001578,0.0042777520294781934,-0.007080020832733629,0.4059967850919577,3.3424493656870955,-2.1378051910807003,-2.0714872019599198
-0.014141206133790813,0.007147468761259636,0.004692383184116537,-0.006812242537489668,0.4488530273355748,3.584696003507547,-1.806200019424664,-2.3075338231395914
-0.014150196180299302,0.007160486887536516,0.0046708700455447205,-0.006826887635178666,0.4463876085675837,3.572992832998304,-1.824421199920872,-2.296126298225054
-0.014159093630231023,0.007173569633979893,0.0046493859045422204,-0.006841577326843513,0.44396340309013477,3.5612594175050485,-1.8426332279553146,-2.28463236045271
-0.014167908358368635,0.007186708819763942,0.0046279152198614735,-0.006856289096280056,0.44157075089953585,3.549476896020358,-1.86081934986222,-2.2730442840821143
-0.014176634262060813,0.007199895883114917,0.004606471181202491,-0.006871014893241864,0.439199022988209,3.5376542094306047,-1.8789677904517978,-2.261369106898174
-0.014185264395693198,0.00721310858679348,0.004585075349315155,-0.00688572430061894,0.4368729136565261,3.5257972966749747,-1.8970483034466359,-2.2496190650745596
-0.014245314169001511,0.0073058615845765715,0.004432887616093673,-0.006985179285128178,0.4211565501236553,3.437682441717152,-2.02010175869,-2.1635013871998656
-0.01423680405964071,0.007292535966658869,0.004454855439245324,-0.006971241668203068,0.4233311187221414,3.450751203567451,-2.002821323313689,-2.176200148600785
-0.014228305207654758,0.007279200202454946,0.004476708212102072,-0.0069571181150507476,0.42555967011297663,3.463593785450749,-1.9853711107179148,-2.1887514785744986
-0.014193844421596364,0.007226307667073065,0.004563667128691696,-0.0069003065099198175,0.4346189791982828,3.5138150205469274,-1.9149858773598443,-2.2377666868645956
-0.01420246198228607,0.007239472374596811,0.004542106069859348,-0.006914639811433867,0.432393490607813,3.5015498768600613,-1.932712932221741,-2.225745564245157
-0.014219750688177114,0.007265893128484424,0.004498539309587432,-0.006942944177653655,0.42785275113212057,3.476332138595154,-1.967843508871576,-2.2011962433229684
-0.014211122294222575,0.007252648922657729,0.004520363083230506,-0.0069287962766499825,0.43014477800248013,3.4890070617329827,-1.9502952310799186,-2.213539373444339
-0.01428712037691652,0.007345105395516149,0.004339381203744642,-0.007007237297194696,0.4098900271702313,3.3680810660129445,-2.0633893764861857,-2.1109082230906697
-0.014279033046028575,0.007331580244610979,0.00436095151417011,-0.006993156473294072,0.4119630318066383,3.3808951220453083,-2.046310460855219,-2.123647357751016
-0.014270626148203994,0.00731809020975303,0.004382939589294685,-0.006979321686222373,0.41412692994754713,3.394077734915743,-2.029272511254906,-2.1365028607841245
-0.01426191740573622,0.0073047724108647365,0.004405242643165872,-0.006965937690480486,0.4163874214480395,3.4076248175971267,-2.0124629888930987,-2.149412456386482
-0.01408632734692043,0.007070242341428011,0.004820551002984908,-0.0067235332466400585,0.46343749156770037,3.652317653580727,-1.6955952929620726,-2.373424944674993
-0.014077190089966315,0.007057415503610782,0.004841504530080137,-0.006708287449702516,0.465851347569409,3.6628171956753364,-1.676759858896114,-2.3838433542023387
-0.014068077804028314,0.00704456108427504,0.004862312156702294,-0.006692823966111005,0.4683209210067019,3.6730313119640887,-1.6577541050806823,-2.3940794465247976
-0.014058862500237732,0.007031724727455929,0.004883186406527358,-0.006677329819284942,0.4709073680015532,3.683206648088279,-1.6386750808117696,-2.4042417303746917
-0.014049468263346666,0.007018963431905677,0.004904246349131432,-0.006661964860128689,0.47353328699396097,3.693509718613106,-1.6196148458275992,-2.4143963359995477
-0.014039958572901162,0.007006291876764852,0.004925376198121694,-0.006646700231489291,0.4760944767380125,3.703837250089397,-1.6005767380165767,-2.424486385232423
-0.014030453930307446,0.006993665698585636,0.004946373966051188,-0.0066313604114354345,0.47855829115755105,3.7139521911012356,-1.5814728494707921,-2.4344058138312437
-0.014011712418251788,0.006968327249465454,0.004987575785143163,-0.0065998751641431425,0.4834814130051784,3.7329597970434456,-1.5427344321672356,-2.4535024318405543
-0.014021048165961317,0.006981015258871836,0.0049670895848721724,-0.006615751040703103,0.4809856286615016,3.723647849870676,-1.5621928938672196,-2.4440713704144432
-0.014002310820708104,0.006955638078143527,0.0050080659019777546,-0.006583902487355895,0.4860970660058554,3.742151183820273,-1.5231698913575962,-2.462821157248188
-0.013992739995859869,0.0069429813927375725,0.005028739023348012,-0.006567967487375879,0.4887982513534461,3.7514265587871667,-1.5035528035814083,-2.47212290114853
-0.013963410206159418,0.0069056125502312965,0.005091056623581394,-0.0065207990235584936,0.49669716675340464,3.7793156969950332,-1.4449320754486108,-2.499575702487252
-0.013973169269814088,0.006917982499454484,0.0050704480108420555,-0.006536527409287546,0.4941585444758325,3.770229476333668,-1.4644602114175553,-2.4906091628386684
-0.01398299402363469,0.006930413705964436,0.005049594204408676,-0.0065521713573830674,0.4915154112553836,3.760831499579671,-1.4839619077053348,-2.4814138940215678
-0.013970134978449083,0.006890361562410446,0.005082153826941101,-0.006488404272974683,0.49372651840313736,3.756091982301696,-1.4228603581814891,-2.4926396493724945
-0.0139606189311404,0.0068777347271182475,0.005102076360895624,-0.00647194257303016,0.4962395490418669,3.7640587477765535,-1.4030140953576284,-2.5009847229264
-0.01393046629960495,0.006840735507482366,0.005163903114589828,-0.0064243618611733505,0.5043056086807911,3.790026948828173,-1.3440063730251894,-2.5265169727340644
-0.013940627360883341,0.0068527103944035885,0.005143270602439933,-0.0064396474821333954,0.5015502377079648,3.781138162301463,-1.3632662058694132,-2.5180449244357983
-0.013950820062452664,0.006865035363089824,0.005122408656191727,-0.006455398536101767,0.49882557504502856,3.7722275858949033,-1.3829373652606243,-2.5094061273533192
-0.013936765316966186,0.006825527174965404,0.005154985717784514,-0.006392694711168829,0.5019419821823431,3.7669023446325647,-1.3223993878434772,-2.5191293395809145
-0.013853943350711878,0.006770659862575381,0.005313861538435791,-0.00634161008738533,0.5261834084017224,3.8677252701717832,-1.2246414082156656,-2.5886559044379704
-0.013864170047022199,0.006782663124254435,0.0052937177774003375,-0.006357969771245301,0.5235353053990787,3.860230733320457,-1.244808746578511,-2.5811606555274387
-0.013874456112654482,0.0067947129128678495,0.0052733447492271,-0.006374234785888821,0.5207650748088454,3.852419481154407,-1.2649507452640931,-2.5734400025151882
-0.013884642521722666,0.00680690920151622,0.005253022010188159,-0.006390678963496383,0.517920851830964,3.8446554431398554,-1.2851941861628637,-2.565655964038001
-0.013789017990787798,0.006670344263277383,0.005439569992208348,-0.006189889568442849,0.5414306325594035,3.88463254437356,-1.0605412077182403,-2.6252187550302732
-0.013799643630922134,0.006682256455900005,0.005419714745468636,-0.0062067969640763054,0.5386529000499903,3.8783808418993844,-1.081115968110849,-2.6188363274649515
-0.013810055385647743,0.006694370672245278,0.005400126513747391,-0.006224037634154539,0.5359539437145501,3.872446659068848,-1.1018176269749722,-2.6125164361935727
-0.013820129906811383,0.006706676046794815,0.005381026692097579,-0.00624166079977687,0.5333714632996984,3.867028341564002,-1.1226037038657821,-2.6063640512753974
-0.013829824510180375,0.0067190805620265205,0.005362493270388132,-0.006259530548302128,0.5309030345341709,3.862106296579714,-1.1433497488253395,-2.6003907244945292
-0.013839630790623171,0.006731328263408033,0.005343637630422436,-0.006276928221078719,0.5283756633583822,3.8565749730474006,-1.1638527320358756,-2.594083136318577
-0.01384977760090871,0.006743345660166873,0.0053240493773031505,-0.006293589387511233,0.525694088018202,3.8499661564923167,-1.1840410873599314,-2.587223059373207
-0.013859882462885663,0.006755347434405992,0.005304421695509503,-0.0063101062912932935,0.5230285509745983,3.8431607054082093,-1.2041103111881915,-2.5802161989928343
-0.013927868402564256,0.006813144446330368,0.005173099119586559,-0.006375779293152681,0.5042392282157507,3.772754416089388,-1.302794112382478,-2.526012356918707
-0.013901400011810337,0.006803618517324388,0.005222722061335541,-0.006374585724624446,0.5119594730163796,3.8117338539162087,-1.284090827345654,-2.5494276380004095
-0.013918582518801596,0.006800319078738216,0.005191863262402064,-0.006358179849857899,0.5066390870876756,3.778684728527955,-1.2824169812155712,-2.5330175246838595
-0.011085800017357374,0.005062147038284096,0.008067387284961381,-0.0017735917503472784,0.6552313763601959,1.999721298562551,2.29042113233865,-1.1325330952866595
-0.011101817671922221,0.005060896998620861,0.00805581105057407,-0.0017966554085137915,0.6564723008742003,2.014450215198164,2.278826203177197,-1.1479964458998058
-0.011147763227343795,0.005054663483507465,0.008018783044512688,-0.0018603535916072703,0.6585141685710941,2.0535167667605467,2.2424492431014467,-1.1911308073303954
-0.011118995127368294,0.005052966142753376,0.008035623262637452,-0.0018169927542622526,0.6547620907212236,2.02422963234728,2.260404093976231,-1.1629810465061583
-0.011133793263388737,0.005046141300856112,0.00801815458432701,-0.0018343055130347777,0.6531484303736613,2.032417249175309,2.2444437901116703,-1.175689341873124
-0.01131809692852425,0.005115949647393835,0.007967757834637873,-0.0021498460279436335,0.6998560768477954,2.271761510622199,2.169691934059335,-1.3693520498357914
-0.011334440107570919,0.005118828010423159,0.007958467014705083,-0.0021752236656238447,0.701968831454089,2.2893455097455973,2.1590500708716296,-1.3853437715570756
-0.011287422179822029,0.005109854512592303,0.007983961695675444,-0.0021014880826242064,0.6952950968985484,2.2377140374135855,2.188611634508057,-1.3388922938160543
-0.011302394020633289,0.005112507603634122,0.007975753246442348,-0.0021248776918351806,0.6973936190920211,2.254024648531759,2.179178313398284,-1.3536694429062113
-0.011282132831276328,0.0050955170986062455,0.007971421801135107,-0.0020832448325047645,0.6882091641962317,2.218183868986856,2.1802966178676093,-1.3293820540308565
-0.011239283486036894,0.005078733013033078,0.007983412800069022,-0.002009662165051908,0.6774737777456455,2.1622713007961285,2.1982180541794887,-1.2843347257983124
-0.011254934188360759,0.005083451277947787,0.00797754432608743,-0.0020355146478662493,0.680772121661044,2.181296483871993,2.190603841270758,-1.300362326137452
-0.011269828239737581,0.005089373758742771,0.007973462441210272,-0.0020611437203582376,0.6845296408710805,2.2008000191542685,2.1844357761031183,-1.3160356917094973
-0.011223412987626224,0.005074927413062029,0.007990334606136506,-0.001984112355205785,0.6745307608933172,2.1438829830583224,2.2066189645738743,-1.2683360835530129
-0.011207942174380807,0.005072675825475595,0.007998611797737918,-0.0019601844533585436,0.6721873373529554,2.1272971470421633,2.2159126571594325,-1.2531121563234313
-0.011191704637573796,0.005072179882802138,0.008009296263005169,-0.0019362789333860792,0.6706869033062604,2.1115563745008963,2.227132696361207,-1.237564507935182
-0.01116262782271235,0.005060129795721101,0.008015177314409568,-0.0018857204777396345,0.6624695428058903,2.07272376453744,2.2370231425276166,-1.2067120090711274
-0.01117786641295151,0.005065066245029478,0.008010570462506106,-0.001911274867226455,0.6660901311703874,2.091772308091553,2.23071364084189,-1.2225081847484975
-0.011347672241219279,0.005104744142175994,0.007932078479825482,-0.002182882912793367,0.6958215065773709,2.285980680249343,2.1363540892930577,-1.3924504828307713
-0.011594111285375,0.005198355510008884,0.00782722065425518,-0.002598030573136817,0.7412177128889107,2.5937429597357258,1.9928061885523896,-1.6445832300884689
-0.011363947228488857,0.0051106921372889285,0.007926077529760179,-0.0022102902728999576,0.6992641279601064,2.3064251795859545,2.1281119427303072,-1.4092166782935431
-0.011378804589151834,0.005117379695036857,0.00792188523970847,-0.0022362967412704643,0.7028879844622641,2.326418899196836,2.12146965812582,-1.424970258725513
-0.01139239085852344,0.0051248983727581205,0.007919528307943347,-0.0022612144451807595,0.7069307467745825,2.3462564742162932,2.1164047032372877,-1.4399255339551704
-0.01140719200331504,0.0051257182985019025,0.007908441361773192,-0.002282374953758839,0.7075671490649561,2.3596682202224906,2.104595942935363,-1.4533631160573286
-0.011562333231429184,0.005190211004597667,0.007847360632350678,-0.002548502857151826,0.7382877772410651,2.5599096483248,2.017031235831976,-1.6145312545560537
-0.011578170466106479,0.005193165360622828,0.00783615851274671,-0.0025722073382569224,0.7392440657355052,2.5754269824773,2.004188105486502,-1.628996479601138
-0.01142388614257185,0.005129765529721547,0.00789932841386992,-0.0023086905864310504,0.7099110806279206,2.378132062335744,2.093703298472405,-1.4696394501595877
-0.011438468651190633,0.005134943087413109,0.007893088730721481,-0.0023329938518515283,0.7125354128797579,2.3960344075628304,2.085371613267888,-1.4844686566826724
-0.011452610091122093,0.005142965034435323,0.007890311464912704,-0.0023590673401411777,0.7166007861266982,2.416800200280263,2.079583109287383,-1.5000769768906657
-0.011468831909360227,0.0051441790559114305,0.007877920729393008,-0.002382196139531906,0.7171710301936901,2.4313364058746867,2.0662593553863284,-1.5145892371309702
-0.011483763507638793,0.005148926433359594,0.0078704808088146,-0.0024064985556687853,0.7195030344266452,2.4488111653270415,2.0567845197323376,-1.5294072362109985
-0.011496531921781909,0.005155267522608389,0.007866583811322814,-0.002429230470155219,0.7225250625705365,2.466414733319341,2.050384838656435,-1.5430601581301577
-0.011557530393992075,0.005175359262675798,0.007835015267417554,-0.0025286160941416004,0.7312774494085731,2.5377067309621624,2.0099403852467708,-1.603334794621437
-0.011545132976101987,0.005168870190768168,0.007838917420073062,-0.0025063150887630896,0.7284128817701389,2.520374560368724,2.016490671210272,-1.5900182044313913
-0.011530249215641044,0.00516095664720771,0.00784333266071971,-0.0024794381775983232,0.724887744771655,2.4994207789474276,2.024078483160387,-1.5739800806414126
-0.01151297836953482,0.005153455248172602,0.007850164488175831,-0.0024497432076873867,0.7214888618250265,2.4771040809396587,2.0339787751996856,-1.5561317381226354
-0.01249238247432235,0.00561430936327061,0.007177138743646811,-0.004078422293454203,0.7744001870400473,3.5515043267737725,1.1050714956820755,-2.430136186309996
-0.012408176872480947,0.005569448019657815,0.007256673363192697,-0.003943966481004784,0.780119317928777,3.481611265764815,1.2119659855503413,-2.372523545552266
-0.012421818310865603,0.0055771525643997935,0.00724455474198171,-0.003966587443239797,0.7795210074731398,3.4943054010953882,1.1950187423787921,-2.382660327942462
-0.01243561732802022,0.0055843953914114465,0.007231637257758538,-0.003988606586509736,0.7786165468576874,3.5059033413427616,1.1776674401919356,-2.392246810418428
-0.012449668534464607,0.005591533363810222,0.007218119900319969,-0.004010597054768154,0.7775601172084542,3.5170408243766462,1.1598522813582914,-2.401623813936599
-0.012463978942834,0.005598841636637251,0.007204242292857664,-0.004032950764388443,0.7764207891628673,3.5282187342432425,1.1415950130666281,-2.411041040170282
-0.012478300557980396,0.0056064291280676255,0.007190457263710432,-0.004055617774280688,0.7753529779206502,3.539678867361397,1.1232287636467067,-2.4205524688825517
-0.012507416919943377,0.00560417304879634,0.007146066962198259,-0.004075549895543617,0.7665826827878238,3.529141252444885,1.0850385789957449,-2.4224483994529664
-0.012521266478016579,0.005611920495742541,0.007132770045583406,-0.0040976588935046675,0.7655674952282414,3.540233199650395,1.0672169496195103,-2.4314820221236264
-0.012535067808734921,0.005619543023885281,0.007119290766805883,-0.004119458299665254,0.7644648113173446,3.5508772745812336,1.049341639674391,-2.4402276827557903
-0.012548882532743668,0.005627164473131153,0.007105650379708364,-0.004141174620241431,0.7633011796375263,3.561286292530268,1.0313401376658844,-2.4488083981763045
-0.012562727524201081,0.005634886753748451,0.007091912949865542,-0.004162969292722985,0.7621071260249795,3.5716426958335448,1.013191517292018,-2.457320893465901
-0.012576594784864815,0.005642785172971898,0.007078153645863298,-0.004184948051026516,0.7609091002957665,3.5820865012286247,0.994901476017847,-2.4658345872232066
-0.012590453941590177,0.0056509157692623685,0.007064462971389328,-0.004207174106229735,0.7597329677976362,3.592730183807356,0.9765005306013294,-2.4744001702250795
-0.012604252717517585,0.005659318343865293,0.007050949993891882,-0.00422967361991427,0.7586061377315286,3.6036660941270395,0.9580444154526484,-2.4830538062108043
-0.012617928763771262,0.005667999440058348,0.007037711329064546,-0.004252418904024463,0.7575495902656578,3.6149323978845245,0.9396012675327053,-2.4918024235788834
-0.012631415177844144,0.005676908735438379,0.007024804268255661,-0.0042752955357130045,0.756569480687507,3.626467853404098,0.9212504599063399,-2.5006016511040112
-0.012644624966130317,0.00568598144116991,0.007012307417479596,-0.004298154814849412,0.7556718994914221,3.638196463154799,0.9031039116898506,-2.509395845625139
-0.012804429316467523,0.005787625740899672,0.006843326018891534,-0.004555428863146727,0.7379664322551988,3.7465234322517786,0.6764309067046826,-2.5946227176232415
-0.01277637008014365,0.005770330117494244,0.006874876368585443,-0.0045121248334750045,0.7418040217847016,3.731074293647147,0.7170032389255708,-2.5820352510422233
-0.012790639633487734,0.0057784020849061014,0.0068583520949521614,-0.004533051196234918,0.7396406296059307,3.737711301039577,0.6966365114682108,-2.5878357829567484
-0.01265764607974273,0.005695098192718834,0.0069999891054522085,-0.004320883250983634,0.7547854136332294,3.6498669183013805,0.8850595966170937,-2.5180752342311687
-0.01267053485855421,0.005704181475938971,0.006987701387980125,-0.004343404067501341,0.7538645343069329,3.6613171752143217,0.867054382744371,-2.5265688025654547
-0.012682976362794154,0.005713039678587239,0.006975778803179508,-0.0043652169008527785,0.7529676549988397,3.672337226651139,0.8495313622279824,-2.534707345474274
-0.012695914511231638,0.005720718220884608,0.006961991074738193,-0.004385450700217568,0.7514909087451471,3.6806953622139216,0.8314609400074876,-2.5415294450847434
-0.012709236802460777,0.005728687366050839,0.006947710444936383,-0.00440628604101603,0.7499177177826689,3.6891693264585714,0.8127965554099276,-2.5484298334935875
-0.01274928586177154,0.005754394356123772,0.006905356974389696,-0.004471089576010618,0.7455045206266457,3.716540462764175,0.7556907161736036,-2.569855372982324
-0.012762674554126567,0.00576236704216048,0.006890429248921121,-0.004491579809321512,0.7437019862906716,3.7240200299432025,0.7365922137691155,-2.576051796425689
-0.012722652786757552,0.005737141109826795,0.0069335384922945414,-0.004427840526600956,0.7484620150226743,3.6982898019937536,0.7937929616160516,-2.5556341536969067
-0.012736046008656935,0.005745651266271418,0.006919304230092121,-0.00444937420730657,0.7469283269380512,3.7072619855881412,0.7747399738552193,-2.5627020746583207
-0.01195150265901335,0.005350444559355417,0.007622300386970704,-0.0031989082099495403,0.78069804974408,3.023051331526411,1.7098695588675545,-1.9948624925336687
-0.011965991702395111,0.0053563047615164125,0.0076118285891322865,-0.0032222921179120186,0.7812373477981072,3.038457440051715,1.6960185692652683,-2.007839105398108
-0.011921721407461096,0.005320042269393994,0.007623621250415797,-0.003129879124048461,0.7708217081061229,2.962147615136102,1.727087811043461,-1.9547412919006384
-0.01193611085587457,0.005326919991997511,0.007614699173968825,-0.0031542799961726364,0.7720270449944676,2.979207759323803,1.7144589776939803,-1.9684449336594143
-0.011949906003547547,0.005333963395699688,0.007606490019822411,-0.0031781458014857405,0.7733308378495227,2.996166239735199,1.702434754125466,-1.9818388106903717
-0.01190682972384532,0.005313528756157901,0.007633352203746335,-0.0031052571405582046,0.7697817829041839,2.945298057921384,1.7403258723418211,-1.9409010683403023
-0.01189140154196684,0.005307359138640298,0.007643897907281503,-0.0030803319393804037,0.7688640736094011,2.928580806063859,1.7541973358775247,-1.926867293156694
-0.011875916975579007,0.005302923006942994,0.007656221414373694,-0.003057176316980787,0.7687239396420812,2.9143167577695457,1.7690080888598452,-1.9138850237533795
-0.011861557761222262,0.005298006209732961,0.007666642091306239,-0.0030347381616883298,0.768113726928788,2.8996872812391694,1.7821323616613418,-1.9011626614149388
-0.01184761405611083,0.005291768832369325,0.007675044204967671,-0.0030112971929151986,0.7667847826487187,2.8831645920652655,1.7938066695914543,-1.8877467770743923
-0.011758882641541972,0.005256668725085016,0.00773045433809241,-0.0028659717518310815,0.7590386570567684,2.7822951154676923,1.8673935520425784,-1.8037076245440342
-0.011773390988137386,0.005262720145188198,0.007722095396946849,-0.002890188506964178,0.7606292840518803,2.7995266768152867,1.8559980731664119,-1.8178354386673752
-0.011787601323952351,0.0052694888055575565,0.007714695368130957,-0.0029147490326358674,0.7624983558385661,2.8175258783399006,1.8452309851754707,-1.8321409307079024
-0.011802485986765926,0.005275110787248574,0.007705187920568807,-0.002938892457045648,0.7637093226905104,2.834167597258814,1.832789676104303,-1.8461431442280622
-0.011817793133394289,0.005279927980642682,0.007694204353581408,-0.002962630265345652,0.7644352687802628,2.8497082147622455,1.8191908693972445,-1.859814221910787
-0.01183295418205763,0.005285524164081135,0.007684075887864703,-0.0029869455294438065,0.7654686655114561,2.866153907524733,1.806102325803699,-1.8737797820371795
-0.011757465814365946,0.005238788658798188,0.007712294227349067,-0.002845853399621637,0.7507105693818285,2.7563121821237613,1.85663411468365,-1.7918529822717206
-0.011742465980623095,0.005233317164907508,0.00772159799914682,-0.0028217223915917365,0.7493416296854368,2.739682592725204,1.8686249951082863,-1.7777936138422887
-0.011726834428291694,0.005228018140556914,0.007731581842190446,-0.0027969194631981384,0.7480556212335697,2.722781850301739,1.8812283136924475,-1.7632944911917268
-0.011710148249267428,0.005223271327064584,0.007743068243427564,-0.0027712794402472637,0.7469124795898782,2.7058298096874185,1.8951221418563666,-1.748244081960884
-0.011695317691790153,0.0052218618864562005,0.007756234840604778,-0.002751180371513784,0.7473846615036981,2.6944046564697994,1.9093284245904651,-1.7363538321407188
-0.011682012886051571,0.005213720900493133,0.00776033163017716,-0.0027263101614467236,0.7442591144353999,2.674790581389219,1.9170159873753,-1.7217365139374212
-0.011608014129648748,0.005186109350487309,0.007800542755687226,-0.002604779892520479,0.7347893654002062,2.5880928907028657,1.9699318832264938,-1.6495139714296132
-0.011622724688891807,0.005193186012507657,0.007794597610583195,-0.0026305233172630635,0.7375734375848327,2.6075424207109212,1.9609336858499808,-1.6648082585801303
-0.011633979694570926,0.005200403842679834,0.0077919604175369596,-0.0026519282442803893,0.7405382815615744,2.6247463687945127,1.9552824926318855,-1.6774435401979695
-0.01166771692849995,0.0052061809415527285,0.007765936348882357,-0.002700775359457678,0.7415460523903104,2.655312979243177,1.9259474165635686,-1.706703578913119
-0.011650253182637207,0.005198962781067841,0.007774801759499488,-0.00267149195376086,0.7390147955955146,2.6340638647018335,1.9380769773654996,-1.6893741472462924
-0.012352784155911836,0.005539752239623928,0.007305950506004689,-0.003853575413410169,0.7825462860578591,3.4309662191209616,1.2796349260610362,-2.3313845789737084
-0.01233910378934911,0.005532124086336076,0.007317482003091844,-0.0038306570810152656,0.78286545054146,3.4174148259353356,1.2959421990990714,-2.320600800348988
-0.012394410084697922,0.005561591553434462,0.007268682490088429,-0.0039209502558039755,0.780607719788679,3.468448247272144,1.2289092957958727,-2.362074234012565
-0.012366448258127098,0.005547013649047931,0.007293947710507987,-0.003875900159228084,0.782012289953515,3.4436500082018995,1.2631293443447837,-2.341691180711134
-0.012380386895310217,0.005554096427954258,0.007281249788101518,-0.0038981415618972504,0.7812526889465153,3.4557772486134826,1.2461035221380377,-2.3517563520672216
-0.01236634447266081,0.005530620570262933,0.007278441654591712,-0.0038530539390343294,0.7755509614375934,3.4135988753242077,1.2602594393261155,-2.326559621474751
-0.012112233341496794,0.005436551113859769,0.007520031236020525,-0.0034805837677474726,0.7931534492082188,3.220604328986068,1.5572587507828202,-2.149355694214392
-0.012126717377944988,0.0054431602432723205,0.007508679536747608,-0.0035042343920591037,0.7931745889548013,3.2355492195544646,1.5418121971481373,-2.161758246598747
-0.012140462199970265,0.005432678682623492,0.007480518279258364,-0.0035053892289488744,0.7851889650318774,3.2206716507016897,1.5197293332367783,-2.1597448083412867
-0.01205461585542196,0.005410988283543754,0.00756448342439649,-0.0033866789851681556,0.7921919548841839,3.160604579240259,1.6174294801632616,-2.0993997864100753
-0.01206894323661735,0.005417387537408937,0.007553692467349867,-0.003410187873335565,0.7926016251025789,3.1758647008542855,1.6027176108181216,-2.112043084918493
-0.01208331063514508,0.005423734815739833,0.007542653231341001,-0.003433608444195754,0.792910198753617,3.1908735473313894,1.5877788513629365,-2.124541645035294
-0.012097744289640507,0.005430100880653789,0.007531406098965652,-0.003457051433042381,0.7930894406641461,3.2057513130257793,1.5726144640169315,-2.1369624715145936
-0.012053296928555902,0.005394663600764186,0.0075489129531932314,-0.0033653825490878825,0.7845739470429929,3.1329186414952535,1.610796131067571,-2.0860532514740147
-0.012039012336423292,0.005387985537126137,0.007559145646536793,-0.003341648485454276,0.7840131450205949,3.1171881301551156,1.6249455299846522,-2.073213122559372
-0.012024499929456782,0.005381444995471819,0.007569651343479097,-0.0033177678570655415,0.7834922757829185,3.1014557634100295,1.639274721440082,-2.0602505170351932
-0.012009929154302339,0.005374936115160393,0.007580112196472206,-0.0032937965839666774,0.7829319185910714,3.0855967149046695,1.6535248471981714,-2.0471711153133927
-0.011980610781445624,0.005362196654349677,0.00760109518505354,-0.003245791297446727,0.7817368667646704,3.0538024873495857,1.681875173246601,-2.0208049076756573
-0.011995303115417287,0.005368444673429483,0.007590509060723299,-0.0032697212547420367,0.7822955575596692,3.069590460580043,1.667678707057098,-2.0339676312806456
-0.012325130615325358,0.005524447918491004,0.007329225540147141,-0.003807337636184472,0.7831623540778939,3.403591141683289,1.3124686243015218,-2.309553753067965
-0.012154744766101379,0.005421784025800651,0.007451343557227695,-0.003506364295799039,0.777721117783366,3.2049448870982498,1.4975856238704408,-2.1570420456623194
-0.012310834399461892,0.005517017147562094,0.007341501695562128,-0.0037839823081345226,0.7835731926157038,3.390020046021491,1.3293224736130285,-2.298491677631116
-0.01229635971263638,0.005510156612980579,0.007354428914285042,-0.0037611505711346613,0.7842153463530369,3.377275140689545,1.346411867866976,-2.287739212094943
-0.012282067981127505,0.005503430483739104,0.00736709368936126,-0.0037385818812097683,0.7848276660639737,3.364561121584741,1.3631705373865175,-2.277012698656017
-0.012254153367933418,0.005471535438967398,0.007372806901324735,-0.0036693984550338165,0.7779740515094836,3.305723685207505,1.3898865717420839,-2.239130692195762
-0.012268021196185261,0.0054792624756480135,0.007362059742355462,-0.0036929111075313524,0.7780705714750938,3.3204590416599586,1.3744979323765234,-2.2507706170856365
-0.012281412078829311,0.005486997508401492,0.007351813781749078,-0.003715924048179359,0.7782222193300236,3.3350170698013124,1.3595569594911476,-2.262141829368335
-0.012169275067646916,0.00542907687606574,0.007440328705053547,-0.0035304247581048657,0.7779591356406496,3.220244456261749,1.4823316758743648,-2.169431247313089
-0.012183331865337377,0.005436777276894488,0.007430178775984022,-0.0035544637424295045,0.7784060808658383,3.235985445930521,1.4676523752259545,-2.1818422193468017
-0.01219677469054557,0.005444838936455856,0.007421037168502687,-0.0035783028249321536,0.7790604331056002,3.2521030326719056,1.4536943412422547,-2.194203964486249
-0.012210845410703953,0.005451626609871962,0.0074096651126548665,-0.0036010739705211567,0.778985561055761,3.2659750483406036,1.438330835458598,-2.2056413330235145
-0.012225391293851405,0.005457682205472555,0.00739680206377158,-0.0036232834590239744,0.7784556545553327,3.2784266158502695,1.421987749098377,-2.2164901939488106
-0.012239884811601582,0.005464297250498166,0.007384420840305001,-0.003646080404163131,0.778095344403206,3.2916380329829695,1.4057709675981453,-2.2276507955819684
-0.013778253663035256,0.006658608785927185,0.005459559823550516,-0.006173228157640209,0.5442572807557609,3.8910500740094043,-1.0400767323872346,-2.6315919861633117
-0.013767379634503361,0.006647034037781759,0.005479635460306387,-0.006156766917724768,0.547122954834856,3.8975697383286096,-1.0197067094507888,-2.6379283475053685
-0.013756429247166883,0.006635588231050688,0.005499738456357053,-0.006140430095925665,0.5500231725749857,3.9041023603968266,-0.9993947209517225,-2.6441907126059525
-0.013745570338039826,0.006624072082896333,0.0055195561577670365,-0.006123778209000849,0.5528806549169483,3.910144685779055,-0.9789330254019638,-2.6501638052085776
-0.0137137820285378,0.006588770746270035,0.005576802804951251,-0.006071284180756323,0.561007076732476,3.9244936630052725,-0.9164504222957705,-2.665953387458526
-0.013724607626611192,0.0066004329161356845,0.005557415727439879,-0.006088631475560134,0.5582235706280586,3.919471356414782,-0.9372981810894604,-2.660643315961494
-0.013735070527415884,0.00661228978572281,0.00553858335983578,-0.00610634671618089,0.5555686609687774,3.9150151206664145,-0.9581828807692522,-2.655532052931061
-0.013702831856685785,0.006577245066541121,0.005596305728516944,-0.006054096475575885,0.5638454720643679,3.929616231970933,-0.8956536495005,-2.6712336994466184
-0.013692435526491067,0.006565372185582097,0.005614635989387016,-0.006035930029516035,0.5664325512035021,3.933136347885936,-0.8745978232222492,-2.6756949066853455
-0.013681936920009172,0.0065536040543740124,0.005633035785874805,-0.0060178684646042735,0.5690442487892801,3.93668190072446,-0.8535917378830157,-2.6800885227856868
-0.01367108600144943,0.006542073871353007,0.005651982213022855,-0.006000237994291397,0.5717772069971693,3.940830826363324,-0.8326711727834191,-2.684693006537424
-0.013659938799867058,0.006530794748576765,0.0056713796307203265,-0.005983031387227225,0.5746353992032459,3.945510586188257,-0.8118597858840993,-2.689472380060334
-0.013648813447170092,0.006519553737932834,0.005690620061344562,-0.00596574753088682,0.577491671466314,3.949934436042206,-0.7910376086784879,-2.6940596045416303
-0.013627972019395767,0.006496075314301487,0.00572598990439262,-0.0059285328856577965,0.5825189691167201,3.954411839850127,-0.7487539534725661,-2.700974331764252
-0.013638353076315805,0.006507884513853575,0.005708453356954634,-0.005947339533384575,0.5800398812683908,3.952462451155226,-0.7699739491543092,-2.697684923434618
-0.013617245905078153,0.006484335822812988,0.005744039692215825,-0.005909834078891721,0.5850975680969414,3.956732987034703,-0.7273963508439375,-2.704384724222208
-0.01360615318761992,0.006472717829802387,0.0057626520941649806,-0.005891331847340663,0.5877976423519576,3.959525563773696,-0.7059364592512388,-2.7079593882246047
-0.01348192376097228,0.006350503151873934,0.005964024716999348,-0.005689976572341847,0.6177060600754586,3.983023006908688,-0.472757065196459,-2.73876712824056
-0.01357140324581814,0.006439417363851425,0.0058207086317202915,-0.0058382236578745994,0.5965358853921775,3.970650975435586,-0.6422611525875035,-2.719497225094299
-0.013583001511653462,0.006450169682155292,0.005801388261630094,-0.005855425436380316,0.5935802709765988,3.966728296370832,-0.6631261501724158,-2.715654812340395
-0.01359471053578118,0.006461262994696027,0.005781806174738443,-0.005873084970696641,0.590626378858831,3.96281478556789,-0.6844192989649337,-2.711704550443953
-0.013493571263468113,0.006361613222343029,0.005945716886334611,-0.005708864867082445,0.6149816606991699,3.9817373982548507,-0.49436203347915536,-2.736705562719387
-0.013504826455510622,0.006372912024018782,0.005928044669501496,-0.005728025017367185,0.6124000298126867,3.9810346993825036,-0.5158691988534811,-2.7348560785113505
-0.01351573882259654,0.006384282766704271,0.005910884928168579,-0.005747250275223292,0.609921709863249,3.9806749428627284,-0.5371997931687577,-2.7331098679542194
-0.013526633835451926,0.006395496863752869,0.0058935854352158415,-0.005766077244623471,0.6073980755060263,3.9798433646995055,-0.5583273814606836,-2.7310800814241407
-0.013537802778586813,0.006406483358427691,0.005875598854218449,-0.005784320263937638,0.6047110724094885,3.9779967790860646,-0.5793539826800399,-2.7285012053430777
-0.01354906937004152,0.006417491228828391,0.005857310642875001,-0.00580245797049114,0.6019815971461916,3.9757584183994514,-0.6004378013294706,-2.7256611864317306
-0.013560189466704646,0.006428562073887187,0.005839179587537818,-0.005820612689278955,0.5993013590927506,3.973560819459823,-0.6214654861619205,-2.7227753974659095
-0.013462087958150667,0.0063130582675350105,0.005989392866594378,-0.005623760290213918,0.6199978878251428,3.957225151797179,-0.41515307915072003,-2.7298637267382087
-0.01347448673862029,0.0063228681870811715,0.005969759995563962,-0.005640399489902379,0.6169267117395499,3.9536900138364968,-0.43571113732215155,-2.7269635577864224
-0.013487062068906321,0.006333511645953228,0.005949929558073397,-0.005658382049420375,0.6138940939213057,3.9508360014718558,-0.4572646940486525,-2.7242615936822854
-0.013121748697867341,0.006039514106014734,0.006478639104564127,-0.005106361860717167,0.6939877375533802,3.940457758452243,0.1645632700177648,-2.728102806099596
-0.01308440163382211,0.006010101071548303,0.006526537933943835,-0.005045093813663412,0.7007202238322425,3.9269050712752667,0.22717992639576487,-2.7190878848685958
-0.013096988584875803,0.006019535855181747,0.006510256655127999,-0.005065022890073265,0.698355874735308,3.9308844846440194,0.20645659589237741,-2.7218994294163608
-0.013109537013386123,0.006029378460532143,0.006494141498037155,-0.005085535545698529,0.6960949926025938,3.935365517435091,0.1854551103657558,-2.7248932744406713
-0.013072031732102253,0.00600055352719005,0.006542241042921373,-0.005024924355278709,0.702917389642042,3.9222265282532827,0.24770345391685492,-2.7158818469337622
-0.01303398374040087,0.005972035282857333,0.006590222754260913,-0.0049636880972012,0.7096330838016672,3.907736860499351,0.3099753348812684,-2.7055847356900595
-0.013046782135550557,0.005981247834897479,0.006573988112904849,-0.004983745228992181,0.7073026218915995,3.9121890997150146,0.28931786022192263,-2.708900851962557
-0.013059581140484416,0.005990758193813191,0.00655779821578209,-0.005004198949839652,0.7050360679516671,3.916911113042257,0.26843033694618085,-2.7122894247421443
-0.01303635996020358,0.0059557673694127095,0.006576062426492058,-0.004936750237668892,0.7049994814358153,3.875770349511274,0.31740605230644586,-2.689716503677493
-0.01302449122615027,0.0059458076991627945,0.006589990980279772,-0.004915743821862866,0.7067164067570418,3.8687658229611714,0.3371224955308651,-2.6851192922435376
-0.01281786285769995,0.005796655936487441,0.0068285736677940875,-0.004577200779206166,0.7362717606323277,3.754925702271174,0.6566359325085588,-2.6010851950139755
-0.012831204280580334,0.005805609745403728,0.006813767163897151,-0.004598700244783185,0.7345367112534548,3.762983624949119,0.6368961893398207,-2.607300703195506
-0.012844465755616527,0.005814687610810341,0.006799037590049207,-0.004620258123923398,0.7328136839659348,3.7710665413034374,0.6171282092919119,-2.613461535356885
-0.01285755045838774,0.005824012077721334,0.006784630614931433,-0.004642028515697428,0.7311660562725412,3.7794726342781977,0.5973988384527434,-2.619707201909503
-0.012870350580506257,0.005833632797791355,0.006770755956445809,-0.004664048739793237,0.7296476334140632,3.788377681790886,0.5778076680975154,-2.6261135396039137
-0.012882742814709127,0.00584347621878512,0.006757561968458594,-0.004686153036608732,0.7282713610260004,3.7977453086728263,0.5585191989249437,-2.6326461947787005
-0.012894753997430418,0.005852930216358716,0.0067445754820475564,-0.004707363036258252,0.7268737561726791,3.806441092854857,0.5397493730153046,-2.638731047619421
-0.012907664353594014,0.005860943983576605,0.006728965833271607,-0.004726538423248715,0.724761390465602,3.8115472882491055,0.5204234279091482,-2.643047996062668
-0.013011995000471987,0.005935461418336139,0.006604597864294743,-0.004893775784692188,0.7085199486181079,3.861386701715471,0.35770414736296247,-2.6802165449266617
-0.012984906188314013,0.005916773008045817,0.006638188313184767,-0.0048521241838475485,0.7131849633825053,3.85130787922223,0.3999496587527917,-2.6723907915108884
-0.012998667852146178,0.005925320734552751,0.006620586136425687,-0.004871753777684244,0.7105711959843094,3.8548498428039415,0.3790471291952891,-2.675597477264009
-0.012972211361764173,0.005908602490459734,0.006654114956708206,-0.004833418856050024,0.7154267664103124,3.847264771888885,0.41940168142915807,-2.668977243096144
-0.012921582359721665,0.005869177180978048,0.006711717638788961,-0.004746415162460838,0.7222873850762465,3.816023781475632,0.49977458711101225,-2.6471101301012863
-0.012935138647367507,0.005878811385017706,0.006695892488059491,-0.00476832127274062,0.7203005959549462,3.823087797882525,0.47884940101351875,-2.652389782348681
-0.012948091497581422,0.005888721867490659,0.00668110557793901,-0.004790321439637317,0.7185107085613823,3.830867591304885,0.4584290031690536,-2.6579017494224435
-0.012960418623636569,0.005898816569242682,0.006667336993767194,-0.004812276270931459,0.716937256388226,3.8392430205037775,0.4385691972808255,-2.663586931281866
-0.013384224995024896,0.006280488995453463,0.006120524466394624,-0.00556872698817045,0.6437540091878048,4.018933489357625,-0.31490410912843964,-2.764151860056781
-0.013396058771850662,0.00629121924082597,0.006102668744972266,-0.005588015081147704,0.6409367467560018,4.018910490722765,-0.3366491936462659,-2.7632325881841946
-0.013220755988200482,0.006119506074341872,0.006346696562031215,-0.005267429734736869,0.674857282510354,3.9677854611581727,-0.004599222427033104,-2.7448464297096105
-0.013208493488053518,0.0061095257528459715,0.006363479070385159,-0.005247750955586973,0.6773602434645785,3.965251271307888,0.01650722433448111,-2.743427575603601
-0.01313386009908874,0.006049455199121592,0.006463062885673637,-0.005126723388132683,0.6918135826068714,3.945041156971932,0.1438666456382598,-2.730989990638197
-0.013146203472353115,0.00605901260766795,0.006446732970133679,-0.005146364769065082,0.689413265455843,3.948412835286122,0.12316475486612578,-2.7332290724759916
-0.013196443228565018,0.006099175809205074,0.006379562054139365,-0.0052273431652399205,0.6796461379675276,3.961542435087001,0.03767690277839098,-2.74137623383703
-0.013158800766589457,0.006068569078974565,0.006429825142970151,-0.0051659453436988904,0.686901790868968,3.951224992784154,0.10216804130110392,-2.7351410478722245
-0.013171581401552753,0.0060783783227075705,0.006412595427458337,-0.005185885784778543,0.684336003631686,3.9539944436420176,0.0807627951749683,-2.7369722745119263
-0.013184226428955448,0.006088594013567564,0.0063956784167736565,-0.005206389851182532,0.681897460161025,3.957345405696596,0.0591630320433924,-2.73901175766582
-0.013336865198864067,0.006238582187189613,0.006191028792543885,-0.005492162234099076,0.6542710529554318,4.017795081840341,-0.2288746951815712,-2.7664923529896783
-0.013348599050028172,0.006249039219436002,0.006173787727828007,-0.005511450973014167,0.6517659103069899,4.0186180403571745,-0.25029035990065146,-2.7662771414335414
-0.01336040782260739,0.006259448661691528,0.006156259232348994,-0.005530534571576349,0.6492075358433526,4.018983163264186,-0.2717099697093546,-2.7657693199060045
-0.013372302325660099,0.006269911050450886,0.0061384625616469,-0.005549589692938177,0.6465351510500521,4.019031140981327,-0.2932408022465507,-2.765033450766985
-0.013340564676660796,0.006222228061733743,0.0061778635094957976,-0.005462671245677179,0.6498671299638605,3.986347284512295,-0.21619545923426756,-2.751945838812002
-0.013233178192462572,0.006129502027371237,0.00632950278708701,-0.0052870403799622654,0.6722836774968525,3.969874789422079,-0.025890550791210724,-2.745985809107299
-0.013328886744566261,0.00621143351465215,0.006194585829181952,-0.005442751829924903,0.6522920457764254,3.9844845501012522,-0.19477164735385424,-2.751555423415559
-0.01331683336910768,0.006200943778314931,0.00621197290012926,-0.005423247759567414,0.654879411494806,3.983336089057161,-0.17331396928360976,-2.751432534938711
-0.013245395135202022,0.006139770724936455,0.006312668606012958,-0.005306985242573344,0.6698221045677132,3.9723991639105947,-0.04722005569526671,-2.7472620899404725
-0.013257199973368218,0.006150255760580575,0.006296532470817566,-0.005327149755366834,0.6675118091925704,3.975522612106421,-0.06835241196207688,-2.748751628783511
-0.013268967395129,0.006160660291554828,0.006280289719754647,-0.005347060066551334,0.6651704280368609,3.9782874398125148,-0.089415039817007,-2.7499987317367243
-0.013280920293743158,0.006170826884183806,0.006263472531053319,-0.005366454665413496,0.6626644501863465,3.9801386671262162,-0.1104596853299975,-2.750740404096159
-0.013304691558952898,0.0061909183731848685,0.0062295810074346715,-0.00540444934092451,0.6575789850181679,3.9827866415213014,-0.15221710792531726,-2.75151811708886
-0.01329278575858286,0.006180927515913811,0.006246650917969759,-0.005385607517492948,0.6601505502774327,3.981715065413122,-0.13136675468525416,-2.7512833002207855
-0.013412337190035506,0.006285439462568716,0.006071017161158547,-0.005576851446553086,0.6337278346862857,3.9867660858517087,-0.3446725195569172,-2.7476411654337127
-0.013429187232092988,0.006279529743655574,0.006038492180903931,-0.0055653255937476295,0.6270245821489121,3.954042383486915,-0.35223946940646383,-2.731571593690411
-0.01344040234480142,0.006291154114099001,0.006021952531340523,-0.005585702811037812,0.6246710559549139,3.9556889824007517,-0.37387253599869985,-2.7313209782633554
-0.013450937825238186,0.006302707530184825,0.006006480038378622,-0.005605897282813522,0.6225173595862126,3.957913090436574,-0.3949137566510597,-2.7313060698495257
0.00929558363336138,-0.014950131067195256,0.008250077868404877,-0.0011739959199550528,0.28485145850080834,2.1860509622531588,3.0640183764180224,-0.9132656956024053
0.009280035969880423,-0.014947893672597865,0.008246345822664454,-0.0011999300040861044,0.2834154847440865,2.206120849038257,3.0549203075409204,-0.9327778201465534
0.009285854110099523,-0.014962821254276351,0.008219609207498932,-0.0011828280581821253,0.27537193192607545,2.1822336034786995,3.040989467287606,-0.9237804795953951
0.009311138089096707,-0.014952319584569098,0.008253726454658307,-0.0011480647514552893,0.2855543210619753,2.165966342163449,3.07299273028644,-0.8937194843485473
0.009301454541702016,-0.014965021083417103,0.008223335190034266,-0.0011570032066181527,0.2753824349170571,2.162291300311244,3.049997064104215,-0.9044207647086303
0.00920240493186779,-0.014935974281465732,0.008226486467995672,-0.0013292751776195222,0.28326525032022715,2.305444806867756,3.007644966954583,-1.0293754392745094
0.00918690126417368,-0.014933444075470769,0.008222264441149802,-0.0013551452269337995,0.281523338892499,2.3252320649460874,2.9977950512815283,-1.0487120436963344
0.00919243754622879,-0.0149486098259885,0.008195535991063799,-0.0013374641706955755,0.273440721040663,2.3007452124222407,2.984298962221958,-1.0387838365352264
0.009171405472706824,-0.014930865148160086,0.008217961725232432,-0.0013809984310002275,0.28011991113520995,2.3450129331231846,2.9878426697348295,-1.0679321034153657
0.00917685796681895,-0.014946040151614666,0.008191277423384359,-0.0013632606599464532,0.27343421776530913,2.320344071106804,2.974438734512298,-1.0577417503594442
0.009155917713659414,-0.014928237524093786,0.008213579983388807,-0.001406825211796725,0.27923532860032557,2.3647401166324418,2.9777863615160296,-1.0869823067361157
0.009161305142023284,-0.01494339087769364,0.008187005051708274,-0.0013890334807754332,0.2733067967226854,2.339883576495715,2.9645078404982477,-1.076620870803158
0.009140438143537983,-0.014925561228420123,0.008209120857206448,-0.0014326166341137793,0.27916181455804184,2.3843679252843613,2.967622453664871,-1.1058509667481964
0.00914578374114888,-0.01494067806294687,0.008182691254912063,-0.0014147681442545498,0.2729877005720529,2.3593581783096114,2.9544885393066704,-1.0954387817888527
0.008802279697245053,-0.014854427471532412,0.008090560696382901,-0.001996216878764466,0.264628384550018,2.797624358736145,2.712580032272452,-1.5065119253548964
0.008806543382774831,-0.014869912512298057,0.008065056417503212,-0.001976507148539419,0.2594823168017745,2.770464635770398,2.7017680017172663,-1.4939437613701385
0.008817538964686684,-0.014858166927964265,0.008096793042781558,-0.0019707852139703164,0.2653397477459223,2.77950393643428,2.7253986082891095,-1.4891026178265026
0.008848092431344247,-0.014865501922029584,0.008109031510340772,-0.0019198071663480449,0.26934876616830755,2.74301255468522,2.750787890387643,-1.4536730438786398
0.008832809929953066,-0.01486185842455165,0.008102951286240797,-0.0019453100865737445,0.26712294860531244,2.7612801927730324,2.7381387511394286,-1.471474445165815
0.008837223753402098,-0.014877422803082607,0.008077193391534572,-0.0019256364799607167,0.2605493019685002,2.7344750416192842,2.727008249178293,-1.4591847113759704
0.008821858885050994,-0.014873703394888365,0.00807112920693686,-0.001951097630563943,0.26012396564069623,2.752513684784351,2.7144164994574322,-1.4766111270263387
0.008605047553236286,-0.014801469324203571,0.008002303401875932,-0.0023249071872196623,0.2531876319780338,3.0237384617294008,2.5352446949270835,-1.7253727046539045
0.008589969109727749,-0.01479706294397708,0.007994964629025393,-0.002350020186340583,0.2527801055969624,3.0404914027320635,2.520837935660804,-1.7415394572611016
0.0085936162222488,-0.014812588089144036,0.007970438638491563,-0.002329232227467773,0.24513079915207678,3.0121597829324993,2.5118038954437796,-1.728616452131364
0.008608728565523584,-0.014817009728096665,0.007977671172157383,-0.0023041765325744995,0.24644434037978158,2.9954858146700922,2.5260697978662843,-1.7124219317382732
0.008620139971822548,-0.014805828367996316,0.008009566065480568,-0.0022997613302845033,0.253686588549332,3.0068365505161716,2.5495438759763656,-1.70907457095497
0.008650366081149911,-0.014814404250277427,0.008023874663891584,-0.0022493299261440347,0.25843295983086284,2.9727748917641357,2.5779224752652845,-1.6759334526717609
0.008635246202199699,-0.014810140026172798,0.008016757536900633,-0.002274565288402695,0.2554790623927261,2.9898259879959723,2.563767795685731,-1.6925883516056963
0.008639026713070756,-0.014825722138803052,0.007991906150430632,-0.002253949409661952,0.2482261668221111,2.961809707416869,2.5542696741492037,-1.6797894809589262
0.008623863888415276,-0.014821400913099893,0.007984802835082358,-0.002279071738115989,0.24752921088027155,2.978688760107202,2.540210178334758,-1.6961482584999745
0.007073796236880273,-0.014054297909219788,0.006757050237708774,-0.0048769174838574824,-9.799371038916606E-4,4.075559095998538,0.47269389933635436,-2.8024755564357364
0.007071791163537153,-0.014070305565848701,0.006739562617757802,-0.004848532428838762,-0.005178002785544569,4.046203899982999,0.4820739775213346,-2.786849861630211
0.007061073770271073,-0.014045084994930429,0.006741679412106187,-0.004898143498999801,-0.005282014658825156,4.076519310041213,0.4511521284464018,-2.8047459396338446
0.007058991417360765,-0.014061083297192729,0.006724261108342283,-0.004869699342786999,-0.008139731946882238,4.0471965707928055,0.4608407827291203,-2.78900786029782
0.00704838031874357,-0.014035832164153966,0.006726243331737555,-0.004919319227317752,-0.00941975168018637,4.0773495297837234,0.4296596204871745,-2.8067974302585594
0.007046257774330339,-0.014051807902343954,0.0067089683697574435,-0.004890828093167169,-0.011121797330201494,4.048068883917581,0.4396486825430291,-2.791038826261993
0.0070357160060040645,-0.01402653950718722,0.006710746557482006,-0.004940438586465468,-0.01322191052266635,4.078030659641992,0.4082431276712318,-2.8086042258000083
0.007033588896010564,-0.01404248057537473,0.00669368034149614,-0.004911918312110943,-0.014166162286973203,4.0488258427856705,0.4184834403525954,-2.7929584648564796
0.007023080955577062,-0.014017207114769168,0.006695198002268354,-0.0049614896842303125,-0.016088497809864922,4.0785374079074295,0.38692108866647096,-2.810166656092571
0.007020977285423466,-0.014033107107120947,0.006678378517769046,-0.0049329639262418136,-0.017387762104698477,4.049455328378247,0.39732649260240566,-2.794769303939775
0.007010475290801107,-0.014007835078080092,0.006679602120981921,-0.004982466700292342,-0.017580541028362765,4.078823116537389,0.36567516592909016,-2.8115324570405402
0.007008401308433199,-0.014023707998044603,0.006663008433014321,-0.004953937779135214,-0.02096911380958925,4.049899635475871,0.3761524216657364,-2.7964467070160786
0.006997899134824618,-0.013998423488740684,0.0066639443562510935,-0.005003389269680851,-0.018887629616602085,4.078836929307977,0.3444250752284044,-2.812790008186859
0.006995824415041866,-0.014014310060528409,0.006647486791274876,-0.0049748041183888545,-0.02484439024574994,4.050074461592284,0.3549371495531268,-2.7979451323618645
0.00698535261060176,-0.013988972438811073,0.0066482022387926954,-0.005024287270215232,-0.02185758209671602,4.078591381007511,0.3230855735064854,-2.8140017837253986
0.006983224656234181,-0.014004910460963265,0.00663178077615706,-0.00499557103198688,-0.028552741827626568,4.049968895226801,0.3336824744745277,-2.7992394907720843
0.00697283584088836,-0.013979482020789882,0.006632373324873534,-0.00504516369493492,-0.02634292078833318,4.078173285909698,0.30165147930291325,-2.815151376996934
0.0069706195731815135,-0.013995468334100624,0.006615953904929914,-0.005016301536574283,-0.03180612288906327,4.049671562133288,0.312420040314706,-2.8003471341882427
0.006960348948237813,-0.013969952327613146,0.0066164714192648195,-0.005066000121154026,-0.031009935901767708,4.07765360222632,0.2801826222276951,-2.8161752088433176
0.00695804478813743,-0.013985952263561646,0.006600091014360271,-0.005037040820461493,-0.034811358980899716,4.049256723615399,0.29118265476948196,-2.80129883562473
0.0069478920549970475,-0.013960383452653272,0.00660050538824997,-0.005086784841190888,-0.03541375964214885,4.077037061467411,0.25873692469966164,-2.8170141930960626
0.006945522329760707,-0.013976364058104184,0.006584227143878302,-0.005057781535939801,-0.037814711438815755,4.048732709346432,0.2699857150688893,-2.802115055355632
0.006935465283302505,-0.01395077548971791,0.006584480167832599,-0.0051075115192312165,-0.0394763102148823,4.076299916111645,0.23735401367838138,-2.8176301356537032
0.006933058314121595,-0.013966713517124559,0.006568364065546351,-0.005078506229383031,-0.04087477105214024,4.048093819163795,0.2488256350690463,-2.8028114607274746
0.0069230687550761415,-0.01394112853304879,0.006568404161556715,-0.005128169487327323,-0.04261023856147545,4.075412788151392,0.21606082804227925,-2.818014768247107
0.006920650780224352,-0.013957011428430885,0.006552489296882613,-0.005099197924897377,-0.04409342247889567,4.0473274026094614,0.22768928293497906,-2.8033938970862455
0.0070694896310693305,-0.014086708316040074,0.006721760018294084,-0.00482008808343681,-0.003786100779560382,4.013802766894165,0.49693128827382577,-2.7695212155183833
0.00710858096443655,-0.014113884909584979,0.0067678808564249565,-0.004756783068287743,0.005797942894137543,4.010291762196181,0.5602200838832633,-2.762179515675117
0.0070955918153400984,-0.014104888512669765,0.006752677462378203,-0.004777870324673204,0.0027221534559272874,4.011680499431126,0.539204492634295,-2.7647934101842933
0.0070825254961875556,-0.014095847113378591,0.006737225262801236,-0.004798955099458991,-4.8752985756277166E-4,4.012779785376616,0.5180922127634483,-2.767206127398326
0.008217944972024238,-0.014671646377591765,0.007785951649916751,-0.002970018802334094,0.2179746786802558,3.4246654743917255,2.1254917112755902,-2.116343597329595
0.008203277475351161,-0.01466602487878274,0.007776588528037135,-0.002994448964599168,0.2168684546707035,3.4384346287587313,2.1083929564845807,-2.129943030987508
0.008205737646175553,-0.014681854074541473,0.007753497849712371,-0.002971473355784436,0.2070103289541725,3.4082583683658796,2.1029972801190664,-2.115622822730362
0.008188627683509354,-0.014660357317958712,0.007767140734280778,-0.0030188700565816485,0.2147689774251279,3.45209253636466,2.091152925658634,-2.143527156366111
0.008191035806401275,-0.014676249072840201,0.007744022337042348,-0.002995749350807712,0.20515871255660675,3.421886916062744,2.0858759297441,-2.1290889045288544
0.008173995740642209,-0.01465464375057933,0.007757608027356471,-0.00304328245297884,0.2116341543505893,3.4656847918707285,2.0737827637329747,-2.157060486199277
0.008176322420426447,-0.014670580268375517,0.0077344638341208536,-0.003020047455017674,0.20357281590192064,3.4354211224247204,2.0686525794423694,-2.1424431774459975
0.008159381790995322,-0.014648884232660607,0.007747998444713911,-0.0030676655322448274,0.20847218641939105,3.479220576287101,2.0563292072187496,-2.1704531485033582
0.008161626309750415,-0.014664825312973329,0.0077248915110659086,-0.0030443630389585456,0.20215196369722768,3.448882121355189,2.0513828229369806,-2.1556809070574023
0.008232630029493522,-0.014677221759479867,0.007795235285359294,-0.0029455663369448476,0.2186360300428111,3.4107408297121986,2.1424702506318822,-2.102701645720432
0.008220423998205231,-0.014687423547269854,0.007762841333143435,-0.002947191612046323,0.2090258991794496,3.3945043532011994,2.119979408289016,-2.102047740081296
0.008247332503838377,-0.014682750970092102,0.007804445559737504,-0.002921075612895231,0.21976940634499378,3.3966526762618128,2.159362743630621,-2.088961541749482
0.0082351139391221,-0.014692974177073272,0.0077720491131907455,-0.0029228649190419886,0.21098522723187,3.3805973409101853,2.136822054966979,-2.0883587148765064
0.008249832273603376,-0.014698498479661995,0.007781162086787184,-0.0028984743618704033,0.21274418663827524,3.3665419463860418,2.1535589152756605,-2.074548770858885
0.008262052251258777,-0.014688233955621808,0.007813582087430436,-0.002896547637233833,0.22141943921316046,3.3824177576874193,2.176176185992338,-2.0750981846853467
0.008264585110336588,-0.014703983857112983,0.007790207253079909,-0.002874026713890633,0.2144612584573444,3.352361464705005,2.1702137686095333,-2.060621079095403
0.00827678912808143,-0.014693670662807697,0.007822639182862273,-0.002871997538108805,0.22257597926161063,3.3680295807436393,2.192887161465937,-2.0611231266867307
0.008279362216813274,-0.014709440377976175,0.007799155779974712,-0.0028495217822636742,0.21628421817638557,3.3380461443996814,2.1867675081083315,-2.0465862341414844
0.008291542990765968,-0.014699061038930978,0.007831618133836264,-0.002847421644612408,0.22328759512073804,3.3534670575513394,2.209495921286695,-2.047017376836693
0.008410168207199323,-0.014740509980012716,0.00790071364366436,-0.0026496743207361207,0.23726523043176032,3.2332538874029093,2.3390933277336186,-1.9294771827708435
0.008395283607075693,-0.014735492086180697,0.007892341691886422,-0.0026745082121615916,0.2345607040508141,3.2487048749442367,2.323225126204589,-1.9445925431535036
0.008398317793825771,-0.014751292438754398,0.007868308511554819,-0.0026524790277028935,0.22826651275415213,3.2193901246669534,2.3158951165258803,-1.9306271741506542
0.00802868978236684,-0.014594990318363588,0.007658164118094471,-0.003285509973189113,0.189780939171979,3.5950264474670743,1.8954542376874104,-2.2854150239528193
0.008030378200098639,-0.014611004695785834,0.007635476682461436,-0.0032615750661061775,0.1854434997957981,3.5640022895887253,1.8921116449306992,-2.2694528032795964
0.008043135288126549,-0.014601160777393509,0.007668452548057269,-0.003261424208294084,0.19215548024373288,3.582599597784848,1.9136487003772602,-2.273200633876253
0.00801426371656846,-0.014588774500088612,0.007647806561991435,-0.0033095483474372585,0.18797450877697988,3.6072877843681748,1.8772205173692733,-2.297403520428702
0.008015932161356985,-0.01460474086705993,0.0076253002070914766,-0.0032855800656542704,0.1834890651115095,3.5762139306220466,1.8740776624822428,-2.2815315301187096
0.007814421202973041,-0.014497026275438715,0.007494913695522511,-0.003642570746859263,0.15883225263758816,3.762775804675164,1.6130850725302432,-2.453497131180262
0.007801298832909029,-0.01450626918821036,0.007461885603793028,-0.003640851694732026,0.14980074184271866,3.7415621263047787,1.5928952393834137,-2.447578473322021
0.007828559881960462,-0.014503870314936745,0.007506323807195489,-0.0036189994329908375,0.1614075047388481,3.7525803819793477,1.6324689574751539,-2.4431154042057965
0.007815479759284927,-0.0145131575587392,0.00747330927374995,-0.003617379933068928,0.15199393793102234,3.731537950236835,1.6121609283035703,-2.4374212292161173
0.007605010296224526,-0.01438908012216791,0.007314992997749607,-0.0039916072780947194,0.11940415274403891,3.8974574334476446,1.314815139879887,-2.592082342761035
0.007591233601480755,-0.01438153448432905,0.0073024141881297645,-0.004014573524070858,0.11659142173029706,3.90524265065237,1.2944831593111985,-2.6001754356490614
0.007591412585210158,-0.014397578108138694,0.0072820543363385564,-0.003988473855778065,0.11224747830802721,3.873902508413359,1.2964763866931988,-2.5839934265063786
0.0076188106212854685,-0.014396582438974287,0.0073275111676191105,-0.003968580460309309,0.12335132111442156,3.889558023650304,1.3351483679404945,-2.5837743497983383
0.007605229752672689,-0.014405159458907307,0.0072944923327297045,-0.0039655335683317335,0.1146976576273369,3.8661013767133645,1.316609030305024,-2.575848675957936
0.007632634442496729,-0.014404041361879703,0.007339955867088191,-0.003945516622051533,0.12742876376977863,3.881576651016069,1.3554322181350091,-2.5753125637814036
0.007619093353183969,-0.014412663084475209,0.007306935464128798,-0.0039425893664059705,0.11697114661302653,3.8582015740439783,1.3367300168343432,-2.5675812635941297
0.007646481625663307,-0.014411456818519203,0.0073523113587937484,-0.003922445017967771,0.12994429815181183,3.873464225562485,1.37559940513721,-2.566785709890376
0.007632983914700222,-0.014420079601729223,0.007319367975001603,-0.003919667539846391,0.11944503078771919,3.850224317642932,1.3568274410831245,-2.559186828832328
0.007646873939897156,-0.014427449324590766,0.007331698360590297,-0.0038967278175388764,0.12238424142708637,3.8421045870834916,1.3768521816197115,-2.550646637998042
0.0076603520365673755,-0.014418828737030386,0.007364577946962647,-0.003899365302592521,0.1306242336978454,3.8651278416877397,1.3956407602940673,-2.5582170100181885
0.007660758618886827,-0.01443482571452105,0.007343850313630544,-0.003873696907795377,0.12548610750710001,3.8337464297117365,1.3967615253273584,-2.541946290574455
0.007674245540973594,-0.01442615704605234,0.007376775165510915,-0.003876240897309917,0.1315119898244212,3.856533124762271,1.415629495353689,-2.5495205294103114
0.0076746661029694066,-0.014442211741305264,0.007355859713231413,-0.003850551392641908,0.12823192140351336,3.8251454055860656,1.4165722155813094,-2.5330982829539455
0.007688162004634456,-0.014433441674724526,0.00738891717881435,-0.0038530448474211267,0.13407220554076998,3.8477292584341396,1.43563703573546,-2.5405874994339297
0.007688629443679537,-0.014449566579148247,0.0073678268815194695,-0.0038273255299095393,0.13051852274984266,3.816376023372911,1.4363432593070489,-2.524127023623739
0.00770210129329566,-0.014440682552685625,0.007401001176409642,-0.0038297821962411938,0.13801307690598294,3.838794266643049,1.4556684376763478,-2.5313851026301846
0.007716063272701485,-0.014447879610072302,0.007413015623942423,-0.003806474842364489,0.14239070923345168,3.8297856150952487,1.4756759782288411,-2.5219677083244925
0.007702658157233183,-0.014456848565669369,0.007379820431793464,-0.003804070822936649,0.13256316972459545,3.8075048611626534,1.4561184750611884,-2.515041995402454
0.007772135412910415,-0.014476228253964732,0.007460240094791866,-0.0037130680946694454,0.15058042684458584,3.792589005466253,1.5545895158251766,-2.483609219628294
0.00777303879379859,-0.014492283493795532,0.007438971470511508,-0.0036877629668950296,0.14534414626429862,3.7613047031842726,1.5542455261074586,-2.46755644124166
0.007758084012921949,-0.014469207167595149,0.007448554843791293,-0.003736454100209853,0.1497666134331983,3.802171147182919,1.5350321776888627,-2.4932739252831895
0.007758967323265181,-0.014485242191208137,0.007427415102175139,-0.003711118656985616,0.1425983952140912,3.7709225971208333,1.5348289332222915,-2.4773505809723617
0.007744054766749509,-0.014462141986151311,0.007436793848795827,-0.003759807793676191,0.14848180867984556,3.8115279180461425,1.5153798066623538,-2.502864548407475
0.007744903253351063,-0.014478202943031591,0.007415701864743016,-0.0037343850757228588,0.13973089501155453,3.7803141092484585,1.5152974772096517,-2.4869954230033895
0.007730047808600203,-0.014455032777517945,0.0074249482939458275,-0.0037831464735218535,0.14606520421637698,3.8207107286668833,1.4955940633899314,-2.512434351464976
0.0077308251173756936,-0.01447114625834152,0.007403827892783142,-0.003757606075125552,0.13704380971434918,3.7895099954950524,1.4956442340498306,-2.4964893225019615
0.007716734597012211,-0.014464038122008084,0.0073918414918112815,-0.003780827596011395,0.1346637779775832,3.798557482137062,1.4758994732902415,-2.505834719703675
0.00778801865643804,-0.014515898041785191,0.007428869174040074,-0.00363880947808634,0.14695779600789452,3.7154476297268286,1.578180574281875,-2.4373852785688577
0.007773859791227304,-0.014508777749762385,0.007417616032832387,-0.0036623275531341283,0.144531845513204,3.725518995988947,1.55899120290797,-2.447475107848101
0.007522709275725813,-0.014343159065406777,0.007238464674952313,-0.0041287629080125204,0.10371310710944028,3.941430265116086,1.192149245735599,-2.638400111241299
0.00750903485349768,-0.014351354941960333,0.007205734713078458,-0.004125017501820982,0.09544707844184853,3.917044421318123,1.1745334869101571,-2.629878146975226
0.007495274739601275,-0.01435984471009464,0.0071733004331316205,-0.004121053818015811,0.09300179525775532,3.889180134831817,1.162913298876495,-2.6176665145933886
0.007280254645085728,-0.014212140109189711,0.006975189303593089,-0.00450386490915121,0.045580296657588615,4.006894847100426,0.8209753942456256,-2.7312741003084997
0.007294395642263589,-0.014204724135944919,0.007007748072172777,-0.004509270517967971,0.053985277419031176,4.033444584383498,0.836157159563363,-2.74178804365058
0.007307618648521541,-0.014213203372519658,0.007021883437260319,-0.004487226937285182,0.05752519685949412,4.029414069991545,0.8573434779491147,-2.736944432274781
0.007293503331690813,-0.014220678246916705,0.006989293534601114,-0.004481904729532141,0.04863267986705453,4.002913228967479,0.8420189325775743,-2.7264631090010947
0.007360774994305904,-0.014246703588587152,0.007077692621490978,-0.00439867263405474,0.06767636132799877,4.011525895509467,0.9415521431885211,-2.7163488286186044
0.007360035709163212,-0.01426268347255562,0.00705866218596653,-0.004371599745536982,0.06434752516510377,3.9805320691253177,0.9468131142254491,-2.700103799638987
0.007347446524517869,-0.014238391211262554,0.007063850960012619,-0.004420866884696713,0.06580973725228412,4.016311787195962,0.9205802735202112,-2.7216746406929917
0.007346711835321983,-0.014254342869344036,0.007045008481594333,-0.004393764994490775,0.0611218631870331,3.985389679894444,0.9259600434753089,-2.7056847157451203
0.0073208682191713715,-0.014221641019906126,0.007035947973955506,-0.004465141570456974,0.06079107809325887,4.025229324029649,0.8784872410154329,-2.7319633586576972
0.00730678471976216,-0.014229163333322395,0.007003350012323414,-0.004459915922334049,0.051601927392609805,3.998782337132423,0.8630524977249073,-2.7215023352931333
0.007334144221965789,-0.014230036994013363,0.007049936999213388,-0.004443021759230297,0.0635290132761812,4.020870920631784,0.8995656290374191,-2.7268720560544892
0.007333396401026654,-0.014245984012902432,0.00703123145873645,-0.004415860202478136,0.05785908623225117,3.9900383650207196,0.905040010245047,-2.7111148614360423
0.007320086252502054,-0.01423759508597997,0.007017339164010455,-0.004437904557738481,0.05468021357558648,3.9944975694136926,0.8840658441273032,-2.7163881329961943
0.007385781970627267,-0.014295808128306704,0.00706590805575247,-0.004299970241568093,0.06995703536851243,3.935491412828241,0.9984521024766103,-2.669430969584988
0.007372339724928233,-0.014287436410973034,0.007052581576831381,-0.004322351703678485,0.06697827765930188,3.9409967262362646,0.9777703816596842,-2.675471128596739
0.0073590252302931335,-0.014279004034485336,0.007039375165168762,-0.0043446630983588865,0.06404184210939028,3.946464172730319,0.9571562335073519,-2.681411008924682
0.007399344501549848,-0.01430410727904304,0.007079354390448899,-0.004277539615890943,0.07293888815745027,3.9299612517820264,1.019187016594717,-2.6632990102375422
0.007426750616808132,-0.014320490727813674,0.007106468845112728,-0.004232564140903921,0.07890281369888165,3.918738326034933,1.060722916595729,-2.650732500190856
0.0074130071932631825,-0.01431234378954552,0.007092875291446741,-0.004255052779952946,0.07592207503457633,3.924365208914367,1.0399570019936137,-2.657057840376775
0.00744052043361073,-0.014328517028022814,0.007120081563488416,-0.004210158123668554,0.0818396853838552,3.913101000804517,1.0814072019744634,-2.6443481737474848
0.007481627923898907,-0.014352098493117577,0.007160201899407558,-0.004143305039404695,0.0903030250490982,3.895417133986168,1.1426928603353537,-2.6245393276123674
0.00746795180993409,-0.014344317238076198,0.007146938090246204,-0.004165538618290006,0.08752971705810858,3.9014386139988253,1.1223801682181689,-2.6312522179132114
0.0074542554825041156,-0.014336452111364315,0.00713358097251966,-0.004187826697289523,0.08471093322569732,3.9073488137887664,1.1019562838306476,-2.6378622977699213
0.007121433419570072,-0.014122953857336022,0.00678262578086383,-0.004735514563929409,0.00879882191224894,4.008340977372281,0.581182462135184,-2.7592233452117365
0.0071731341974201335,-0.014159376886216322,0.006840436671971219,-0.004649032625711231,0.02157827721158165,3.997866539967948,0.6653952539820431,-2.7453381028050603
0.007160054941390423,-0.014150416319857138,0.006825812887443731,-0.004670619164498892,0.018330969241871966,4.000458073308695,0.644328666552544,-2.7489017790021504
0.007147077031165026,-0.014141324501772171,0.006811333118569777,-0.004692286933912251,0.01506490785411139,4.0031282627457285,0.62324315534203,-2.7524373396596986
0.00713422221995568,-0.014132133939290714,0.006797004112382556,-0.004713973830744806,0.011864889910880997,4.005843272492249,0.6021816582380292,-2.7559225464433434
0.007186273238449281,-0.014168222645330892,0.006855118034422583,-0.004627514124852675,0.02478474789805478,3.9952766665063435,0.6864189799183512,-2.7417122538792085
0.007199453970038375,-0.014176976583437868,0.006869805172023202,-0.004606030507768002,0.027963857262737066,3.992626047278435,0.7074012895810027,-2.737995045582352
0.00721268340980942,-0.014185648259596804,0.006884502513110949,-0.004584560877685773,0.031128604421152308,3.9899041852070067,0.7283571497475617,-2.734181344313875
0.0072259671191,-0.014194232654715824,0.0068992258192575985,-0.004563109851487033,0.03427398625694208,3.987125721464747,0.7492896524594695,-2.730279262393888
0.007239290066955995,-0.014202735830204751,0.006913944055539606,-0.004541672690986158,0.03736381586522009,3.984263082349003,0.7701922010548222,-2.726275879795223
0.007252607957227888,-0.014211224014296116,0.006928514911980759,-0.004520157085947171,0.040368401861745645,3.981146135364892,0.79107331267549,-2.722083688527857
0.007265883771976199,-0.014219784488678467,0.006942785430707796,-0.004498434743719444,0.04333342267504937,3.977572987282921,0.8119535563595724,-2.717597523537305
0.010347165313017383,-0.01501614059092897,0.008256851287666312,5.714507007472596E-4,0.2620896295114244,0.7525857971437325,3.3462423395343497,0.458670176328511
0.010362955615126805,-0.015015126763988222,0.008254810084622864,5.974140878075757E-4,0.26164277693459265,0.7311288941527135,3.346581042203258,0.4796966356617702
0.01037878958695354,-0.015014003305098904,0.008252792374728972,6.234621702947569E-4,0.26121473925511923,0.7096532459966464,3.34687224493431,0.500800208514725
0.010441969767450146,-0.015008730016824012,0.008244483414665953,7.274828291448232E-4,0.25948436955701343,0.6241639221993024,3.3471760495559972,0.5851344255953511
0.010426236927128775,-0.015010192986228308,0.008246529079987424,7.0155495253973E-4,0.25990761941105234,0.6454016885982855,3.347186671502428,0.5641073785380891
0.010410441202049795,-0.015011540656570404,0.008248640038014477,6.755479837565579E-4,0.2603208982565545,0.6667702830837016,3.347168248815359,0.5430207627613505
0.010394621918243493,-0.015012796309886592,0.008250757428121156,6.495160657979314E-4,0.26076696069107513,0.6882018839707258,3.347083640770131,0.5219174888518596
0.010466972012246558,-0.015020793074755436,0.008212612178646576,7.638376978650886E-4,0.25467261179037637,0.5829054352533309,3.3274321402587455,0.6121866194281735
0.010451456064125923,-0.015022390995117435,0.008214579421652322,7.38399173305282E-4,0.25506750767830483,0.603647843584298,3.3275248342074772,0.5915527286745706
0.010476213225603265,-0.015034361577569965,0.008182958880559041,7.740529589429318E-4,0.2511131465099552,0.5627024749372959,3.3078023234356793,0.6187061512541314
0.010491834446099664,-0.015034075692591152,0.008178149862497756,7.990182583102259E-4,0.25039310556286426,0.5412585032284766,3.3056540807319394,0.638757679367003
0.010142064805530196,-0.0150264410915573,0.008272601896806573,2.3381292580382674E-4,0.26758249638405746,1.0298128134992883,3.328233222564322,0.18597971859440507
0.010126320816199423,-0.0150269699127974,0.00827306875535509,2.0789042132505394E-4,0.2679488030235657,1.0509736291862157,3.325866158802048,0.16512190999820786
0.010110554886426027,-0.01502743734965469,0.008273479758171292,1.8193511025759349E-4,0.2682819456147984,1.0721636655357305,3.323389419309322,0.1442505044033124
0.010236670935635217,-0.015022781445942985,0.008266965090146546,3.895350224355006E-4,0.2650238540697296,0.9019994081870141,3.3390929125574274,0.31154124179465376
0.01015020801927428,-0.015041003658680661,0.008242698308248371,2.4562398259230867E-4,0.2629441374697769,1.0075230671038213,3.3095225407063666,0.19360742096527528
0.010229249332991302,-0.015037777431705819,0.00823838298955152,3.7490954061242097E-4,0.2610928692443526,0.9017616729000962,3.31873523693149,0.2977067984971388
0.010165997229476769,-0.015040550873196112,0.008241815894401865,2.7143653533671583E-4,0.2625571492841488,0.9863400641738823,3.311486925426607,0.2143595568618862
0.010181948050677653,-0.01503989779697571,0.00824113144834175,2.975315079533044E-4,0.2621963973122919,0.9650475329491456,3.313540689761792,0.23536280119257305
0.010213562965979153,-0.015038202003839707,0.008240027784551617,3.492986714851713E-4,0.261558492245116,0.9229991362192443,3.31757770495379,0.2770943043909384
0.010197844896031349,-0.01503900386614944,0.008240749367415647,3.2356835845752033E-4,0.2618898526907297,0.9439609093073233,3.315720904165105,0.2563518206864656
0.010252495223116083,-0.015022114677816023,0.008265497077216808,4.1555896741368395E-4,0.2646947663961144,0.8805139796158795,3.3403110983589994,0.33255995986290815
0.010268369598506145,-0.015021261002681802,0.008264208962955552,4.4168961919436846E-4,0.26438267452912867,0.8590633752257545,3.3415893811032764,0.3536732204166601
0.010331445225290536,-0.015017121691796339,0.008258759747601653,5.455944237454192E-4,0.262588198328301,0.7739371491866701,3.345752202794429,0.43773374412371197
0.010315753890538513,-0.015018158111052367,0.008260372945738862,5.197578967037702E-4,0.2630965048024984,0.7951743361470108,3.3449954948075047,0.41681734521850194
0.010284228806950206,-0.015020271361512412,0.008263010356543777,4.6781517917315066E-4,0.2640109868189095,0.8376909153556901,3.342857595274871,0.3747934652150404
0.010300025689323453,-0.015019226733319178,0.00826175111594768,4.938437401341629E-4,0.26357615519647437,0.8163992296331631,3.3440060696062814,0.39584584838155473
0.010015753722919928,-0.01502827287416278,0.00827609183849474,2.5931498927692695E-5,0.270168466087828,1.2002213966982058,3.307103147573144,0.01910204385683625
0.00992103968972305,-0.015027471632365367,0.008275454420773464,-1.299690989348276E-4,0.27215373559975004,1.3276363058441325,3.286112691482035,-0.10529432379445584
0.00993683172740998,-0.015027715009495223,0.008275793903577447,-1.0397441670371197E-4,0.27187594054966485,1.3064436102222723,3.2899468246333092,-0.08460142389489633
0.009999996210323213,-0.015028121807630204,0.008276473069906304,-2.979917580589995E-9,0.2705175788344936,1.221589726809088,3.3041159853287794,-0.001641067928957389
0.009984253192771646,-0.015028030386534169,0.008276555814492182,-2.59182695373923E-5,0.27096091778361414,1.242830996647591,3.3008527736017546,-0.02236158356335455
0.00996847856009417,-0.015027978721927336,0.008276377319814133,-5.1884903665829544E-5,0.27134545805995686,1.2640070454336294,3.2973466853395337,-0.04308585984346209
0.009952660227911728,-0.01502788058929744,0.008276109109489773,-7.79214007256033E-5,0.2715982654517344,1.2852169610195385,3.2936999276193215,-0.06384618903036222
0.010031564982228977,-0.01502837911911805,0.00827561817468483,5.195054768129209E-5,0.26980242196327314,1.178765926497521,3.309973153870216,0.03993639943909153
0.010094800763912108,-0.015027811015527517,0.008273896555719472,1.5600501960407736E-4,0.2686089780743772,1.0933657636257534,3.3208491983571666,0.1234117665201163
0.010079061055845918,-0.015028128606316778,0.008274244291652069,1.3010024630271303E-4,0.2689344408605355,1.1145428241222797,3.3181944812887845,0.10260694133741195
0.010063272276380004,-0.015028386660460644,0.008274533247869871,1.0411687831975027E-4,0.26921843289947217,1.1357851820381235,3.3154211192461034,0.08175365630095587
0.010047419300651757,-0.015028530188714818,0.008274872501050514,7.803242260154111E-5,0.2694437144292648,1.157164295717104,3.31259849623982,0.060834545782934214
0.009826349439028015,-0.015025119731039002,0.00827140166632507,-2.858264497872652E-4,0.2736242857297379,1.4542132280821445,3.260283589483731,-0.2289566997702419
0.009810569381354488,-0.015024667070985485,0.0082702142998919,-3.117839171235355E-4,0.2737942479903483,1.4751212816021402,3.255394440601973,-0.2494764722638572
0.009794782373650978,-0.015024060563868928,0.008269151974750208,-3.377649591276215E-4,0.27394260020179845,1.496131303959732,3.2505109613876235,-0.26999302581140755
0.009842129044245466,-0.015025651489448887,0.00827224966276051,-2.598523883224722E-4,0.27335638344259255,1.4331427771565137,3.2648811408853553,-0.20839588271101864
0.009905295102971796,-0.015027192693450833,0.00827500805334182,-1.5588594509035667E-4,0.2724723386659523,1.3487388616704907,3.28214613992342,-0.12590881224474706
0.009889554439853692,-0.015026961202744124,0.008274286838587252,-1.8178910403167947E-4,0.27276088218253974,1.3697183129577892,3.2779286576403623,-0.14649083901722146
0.009873763878887656,-0.01502670163268445,0.008273436992577267,-2.077696223669115E-4,0.2729459598562525,1.3907175574480297,3.273545397207748,-0.1671097778169904
0.009857937680349765,-0.015026259279607941,0.008272767794916808,-2.3381854124500279E-4,0.273108333717476,1.4118855115615465,3.269199409084042,-0.18776596029620138
0.009912917528752467,-0.015041810174713066,0.00824625042698818,-1.4240578828845997E-4,0.2679026138166151,1.3247754343473168,3.26511475076799,-0.11651844990142977
0.009715755497766512,-0.015020176046021355,0.008262801625901846,-4.678353511472734E-4,0.27466810813257064,1.6010990649515013,3.224280624852103,-0.3723367030272801
0.009731576532003095,-0.015021196506590097,0.008263952065729179,-4.417691028898314E-4,0.27454761301882225,1.579963150079667,3.2296050700424206,-0.3518726759242234
0.009779025772212359,-0.015023366269846074,0.008268088937483526,-3.637021706069491E-4,0.2741630036501068,1.5171290629341,3.2455585740311164,-0.29045709162417505
0.009763270978402723,-0.01502273787906974,0.008266713686279964,-3.896180756505015E-4,0.27438794565878366,1.537972198821523,3.240331985609737,-0.3108750948250089
0.009747443931556885,-0.015022070402729168,0.008265221928178398,-4.156475511414188E-4,0.27449989453755247,1.5588652710769642,3.2349400037720986,-0.33134915858050684
0.009467022656507902,-0.014971512360572394,0.008285709854277049,-8.882949995843468E-4,0.28530037527603735,1.9623576543333308,3.155588590674261,-0.6964761402012439
0.009473374495916977,-0.014986203184113762,0.008258486453746723,-8.72261365027001E-4,0.27761094921206914,1.9396513634860268,3.1406175010009876,-0.6881805166331342
0.009451408652823318,-0.014969813631697155,0.008282881308672801,-9.14293067895782E-4,0.2864656740895046,1.982886345233701,3.1479049816744804,-0.7163425738643144
0.009457733549967207,-0.014984512911010146,0.008255723629615816,-8.981741772836183E-4,0.2771925405854265,1.9600970369507722,3.133016962421689,-0.7080528112231215
0.009435799924780783,-0.014968065848509118,0.008279967946669214,-9.403101382309126E-4,0.28606302649581267,2.0033698422174764,3.1400685032199416,-0.7362557802737134
0.00944208939289838,-0.014982808462777539,0.00825280972324348,-9.240776363390286E-4,0.27695175475867434,1.9804934942838084,3.125244977535648,-0.7279099903027629
0.009420196622188312,-0.014966269026450152,0.008276971083828721,-9.663340675671165E-4,0.2849351501937782,2.0238498256920834,3.1321079417112614,-0.7561602310123736
0.009426439621569135,-0.014981047013166942,0.00824982601504276,-9.49989640822379E-4,0.27704886893427844,2.0008686306287498,3.1173630207521317,-0.7477170891998446
0.009479706610832058,-0.015001293892423473,0.008231198572109867,-8.562950341848937E-4,0.27521151934092164,1.910575158686817,3.1267690147792258,-0.673661910761269
0.009574008750157003,-0.015010267254067922,0.00824586707712673,-7.010829865193639E-4,0.27531269638272676,1.7875982387458376,3.1690425690631105,-0.5540956326462102
0.009495403561534867,-0.015003066114486702,0.008233539797443302,-8.30403962006318E-4,0.2752573513805332,1.8899752891960862,3.1339409839742642,-0.6537882192598051
0.009558346724695865,-0.015008784251115287,0.008243868058683731,-7.26898563388545E-4,0.27543521682446404,1.808258442500198,3.162477981522333,-0.5740824369810492
0.009542683841486337,-0.015007439045715614,0.008241415068189347,-7.526578407775886E-4,0.2755412410753008,1.8286465695454586,3.1555602292732465,-0.5939775410100032
0.009526956088003564,-0.015006150402146234,0.008238647715500076,-7.784833903674767E-4,0.27551875665649733,1.8489314209582715,3.1483558389306405,-0.6138737407987062
0.009511171375061618,-0.015004711610587425,0.008235976798967972,-8.044301689757834E-4,0.27538723386536074,1.8693740616713328,3.141115090618919,-0.6338301141122559
0.009589734755662348,-0.015011753408704786,0.008247699177523255,-6.751526909216794E-4,0.27529618302928366,1.766775880128452,3.175448487135235,-0.5339908971416262
0.00969999354743916,-0.015019167094995947,0.008261458793478879,-4.937962267695541E-4,0.27485716636151086,1.6220730112960509,3.2187741752966903,-0.3926931290959265
0.00968425501411366,-0.015018188323593364,0.008259879531620657,-5.197035107623312E-4,0.27501048356812136,1.642900161582607,3.2130529562296295,-0.41297412316094145
0.009668533325305186,-0.01501715559976721,0.008258230898231418,-5.455846668444038E-4,0.2751284271169126,1.6636860312104773,3.207221348405518,-0.43320400612090104
0.00965283615794252,-0.015016094301442058,0.008256465054683594,-5.714214050282604E-4,0.27528487057043766,1.6843919826660534,3.2012490646827856,-0.45337067646999146
0.009605537746521208,-0.015013088568256635,0.008249673393859465,-6.491309372588091E-4,0.2753817399447617,1.7459737259093622,3.18188759307898,-0.5138006956002686
0.009637130373412288,-0.0150151236227542,0.008254336548869071,-5.972362028431429E-4,0.2754344400380027,1.7049066714866548,3.1949720555720766,-0.4734818876796911
0.009621361721060338,-0.01501418900903609,0.008251938663900775,-6.231258503248564E-4,0.27546669605961377,1.725353370266452,3.1884344961894446,-0.49361012342413707
0.009706852262165007,-0.015034181391991334,0.00823295266994979,-4.7938338327309805E-4,0.27033740321739613,1.5967738389246995,3.202737351619285,-0.3822612272757316
0.009326699183653659,-0.014954459204666776,0.008257290229435929,-0.0011221463235164364,0.2849471208669792,2.1458389036615495,3.0818211213668856,-0.874201708638242
0.009317057542451112,-0.01496716022739718,0.008227000638780214,-0.0011311764804448376,0.27569901625973037,2.1423098776475733,3.0589032670969822,-0.8849910330347539
0.00934226676397499,-0.014956549907973092,0.008260772472492016,-0.0010962171001329302,0.2843871611715447,2.125637692006323,3.0905145150803257,-0.8546735733258166
0.009332661642987274,-0.014969274433516401,0.008230537130069911,-0.0011053346330930204,0.27615272660530327,2.12226319727869,3.067652985599793,-0.8655159326271215
0.009404598895283897,-0.014964423181448458,0.008273894241654442,-9.923340633579344E-4,0.2848242520128347,2.044307685479667,3.124045256436464,-0.7759757599512542
0.009410797143165272,-0.014979207041375087,0.008246817857186615,-9.759007985639603E-4,0.27709273829558295,2.021217041106705,3.1093955807328073,-0.7674561764012876
0.009389006894728722,-0.014962528329925276,0.0082707369616982,-0.0010183139265446618,0.2851962717524026,2.0647082860165353,3.1158621661321213,-0.7957150985869736
0.009395167459103343,-0.014977315053096648,0.008243736229356903,-0.0010017940540936918,0.2768841006813289,2.041509665610914,3.1013036819645605,-0.7871449819686972
0.009357840677385803,-0.014958591675504214,0.00826417504515119,-0.0010702633135882852,0.2845171747568014,2.105368926269429,3.0990877993280486,-0.835081067059764
0.009348276505735859,-0.014971362372624026,0.008233950527100216,-0.0010794658959227441,0.27644931470614337,2.1021457829057018,3.0762462415979672,-0.8459974679815349
0.009373420771600327,-0.014960584488801502,0.008267497095797658,-0.0010442913473888526,0.28498804019617596,2.085056203365249,3.1075406219453057,-0.8154194001668144
0.00937953917185309,-0.014975385366522482,0.008240549152886663,-0.0010276802737206525,0.27667593842742866,2.0617537528786123,3.093069480503249,-0.8068028726721276
0.009363905634804067,-0.014973403312746979,0.008237281747253583,-0.0010535747487281713,0.2765771443699397,2.08196927276385,3.0847135138334454,-0.8264253191402827
0.015647598349850585,-0.009871964256558128,-1.5779100173637722E-4,0.007148151569602821,0.20058151892926393,0.12712673543574546,-2.618242214286149,0.6256177565380505
0.015634168998999654,-0.00994099519582979,-7.13457673634319E-5,0.007174165130306723,0.20293809972225454,0.06174262565328018,-2.62455611251959,0.6989274542874556
0.015613922220327632,-0.010006656498444103,1.1753906516831531E-5,0.007209029335931123,0.20616204661660079,-0.0013958287616276349,-2.6355632423614357,0.7734552236191797
0.01557626951909982,-0.010138449465521539,1.8267650689740737E-4,0.007267510037887784,0.21269999682784027,-0.13037103072866738,-2.6477115044494917,0.92316055244231
0.015596894276548982,-0.010073809810012824,9.814655217881944E-5,0.007236380249182228,0.20905045002136843,-0.06686302748356644,-2.6409367962052497,0.8483962980831766
0.01561667297676408,-0.01019505199189367,2.5206821974585025E-4,0.007195977471652224,0.2080222334242892,-0.1812544090985616,-2.5970672012863862,0.9502464783902393
0.015549118525143603,-0.01036711159891937,4.8286499474541007E-4,0.007283082244675687,0.21817074377284693,-0.3544926720398332,-2.6096063017303166,1.1574420016992342
0.015602060849996675,-0.010312306464866292,4.0319422654674957E-4,0.0072051205151183835,0.21045271517447858,-0.29336016080113986,-2.579000620031474,1.0679226460813036
0.015650634986518492,-0.01025729438889948,3.2687462186308636E-4,0.007133629785445158,0.20377263308614194,-0.23564546068295258,-2.5507750906880706,0.9849913088106886
0.015534002975969397,-0.01057345874650114,7.520440232533699E-4,0.007256510684197452,0.2211388667160856,-0.5496284957111605,-2.5437882882275216,1.3524592640242081
0.015569068945075327,-0.010620196263630182,8.000150282144039E-4,0.007184609206742286,0.21537730395271043,-0.5821477945564102,-2.4935840842349926,1.3622597829110732
0.01554280927055414,-0.010507552227556966,6.653584509282125E-4,0.007260982596860291,0.219540275450909,-0.4871050820527377,-2.563510247599709,1.2881241846037172
0.015560286837568476,-0.010437111057272918,5.707204604197346E-4,0.007249742779245249,0.2167331738619169,-0.4179551293619203,-2.575096777544779,1.2118925038307564
0.015653147640750223,-0.009792613182038551,-2.5686661902638025E-4,0.007131420980285608,0.198989807586496,0.20198220899743863,-2.6172513667085724,0.5465320054584146
0.015689434618537296,-0.009711702424827542,-3.520113496273873E-4,0.007061639224687422,0.19396153568043606,0.2739563669038998,-2.5836186059450625,0.45389090973620944
0.015713534089506737,-0.009644333748075742,-4.298187564552852E-4,0.00701151058333867,0.18999101139201585,0.3325680532048837,-2.559421462453527,0.3810841373101206
0.01583603859677856,-0.009034602423663062,-0.001082119322219171,0.006627451765968255,0.1728733192815575,0.8143360709386196,-2.343024150340121,-0.1884081184396342
0.015851346141080927,-0.009166948740327075,-9.350591474045065E-4,0.006660773640303417,0.1719645570951246,0.7056472289580196,-2.366155415809494,-0.07831744204106761
0.015823286262229033,-0.009279718077517488,-8.226489314538623E-4,0.006743726659085006,0.17567522341457248,0.6237243103393736,-2.4150274975104113,0.021701247751395127
0.0157744461477543,-0.009597545750095433,-4.7347868658760084E-4,0.006906665275242022,0.18358737322349053,0.3635950330116114,-2.500775743696265,0.3178469191747255
0.015819770658170407,-0.009393455063350587,-6.968067445692753E-4,0.00678565895483796,0.1772529232736775,0.5304747626402274,-2.4383566723179406,0.1219457434071087
0.01583655460639108,-0.00950547802822696,-5.657059114484042E-4,0.006790635554882476,0.176551639985328,0.4323203939439785,-2.438213346392073,0.21720251841745017
0.022690124233634354,0.010363357509345302,2.888540910439791E-5,-0.0013227559741451295,0.030787682357831837,-0.04185376329181967,0.5261062986171262,0.07292977114535502
0.021965113302535998,0.009776782134523005,-2.5466548670214896E-6,-0.0017202793336603408,0.0066962803377799375,0.005535194410343867,0.5637639319685466,0.029747527545947394
0.021203344945883808,0.008775531918310587,-1.3644644692304214E-4,-0.0020969216138618067,-0.018141464670906965,0.13385477755987688,0.6083258096903711,-0.09153193234906483
0.021745400236076913,0.009117169948150743,-6.690917606356388E-5,-0.0018230189390955024,-0.015368284758226353,0.0753598065651368,0.5726293913933986,-0.038838293983180255
0.016593332709723314,0.004358615786126653,-0.0026062810017695687,-0.002684032815214736,0.10989353405744105,1.293578869209055,0.36954590914142854,-1.1197553378822886
0.02119875338010618,0.008128847429976422,-2.1481246329764988E-4,-0.002036627305198475,-0.039319919435946975,0.2079448701896532,0.5849210373282171,-0.166225590688203
0.02047158661620159,0.007891690788695734,-3.4882472128056134E-4,-0.002391154734590489,-0.026098469077699447,0.2932484014349804,0.6409829453211492,-0.24007663681638478
0.01975639890788487,0.007696947532259988,-5.20170583318453E-4,-0.0027508420947321486,-0.00933431283771624,0.39325713338652374,0.7115775076925029,-0.3238776293808477
0.018938422010071957,0.006853108803440672,-9.322896303512344E-4,-0.002973009234154725,0.007571919469272951,0.6343003786895965,0.7212510726470825,-0.5394547191939734
0.019629677028148905,0.007033697879721027,-6.812077057886562E-4,-0.0026562040522387174,-0.016383480215664905,0.5002863149568944,0.6611877222545669,-0.4283824267859578
0.018091355688778153,0.0057809088765618565,-0.001513538633163567,-0.0029560906003893907,0.036775108601272415,0.9194411250518203,0.6273993339786482,-0.7953348884063712
0.018662367864052117,0.006153129648583387,-0.0011829626884032537,-0.002850057479984614,0.01162714956914694,0.7645175186527994,0.6444451787920334,-0.663540050462692
0.017096257202628435,0.004554276489508454,-0.0022595060457370753,-0.002660114074752395,0.08179862394618996,1.1824390060500038,0.4230601678516241,-1.0286622258651066
0.017593601818865035,0.004834804630039082,-0.0019292465413030034,-0.0026576985820420643,0.05502802241331938,1.0692127647851324,0.4746863706508108,-0.9348425962586243
0.018112076327500375,0.005140630380699972,-0.0016085431214101652,-0.002625999817136636,0.028891272694231442,0.9464729577012384,0.5143799694387728,-0.8310681845429692
0.014875969373062438,0.0021061394747281977,-0.0037859730466102983,-0.0013269106443712117,0.14911412986082795,1.2978798245723897,-0.0386234385878818,-1.1347372762294077
0.014773107656585495,0.0015329402546401677,-0.0038170703030502395,-9.495128443673043E-4,0.13827230800411494,1.238328818807702,-0.0468951713980686,-1.0887673630766586
0.016437774828807337,0.0038928099272695256,-0.0027412913207961413,-0.0024060997136665994,0.11298308077743198,1.2937327487443648,0.28158936000560214,-1.123749069752799
0.016226686862197,0.003475104123061537,-0.002898898353812545,-0.002163129581174433,0.11621317234971015,1.2979151084629896,0.20745361007946653,-1.131883842391081
0.015364908713197317,0.0025484556001304,-0.0034784799507888184,-0.0016177420124932668,0.14070659819735806,1.3169480705525733,0.03315500111363129,-1.1499925011283627
0.015855492171148428,0.0027634502469148143,-0.003151273425052326,-0.0017293033955809343,0.12263991555386479,1.2862175026375355,0.09959153434451572,-1.1245140922033967
0.0163061952863174,0.003022330956752543,-0.0028524753563025636,-0.0018485419780791535,0.10348236691956654,1.2459638132636757,0.16271756670073742,-1.0932069213126498
0.014092739603710623,-2.997420636284031E-4,-0.004182128303657031,1.7685220694238594E-4,0.13782489040797816,1.1453057484843565,0.024245850829495715,-1.0148048380339552
0.014485280205158319,-7.404523821932484E-4,-0.003958466982942219,4.4807855850816927E-4,0.13304092301165743,1.178999582688281,0.03963071167973268,-1.0429834081659177
0.014542358339473968,8.435747956843274E-4,-0.003927439501812547,-5.124244862986178E-4,0.1334112184168504,1.1858902604307293,-0.04134396338552939,-1.048568643230313
0.014518771842434514,1.7427212627022377E-4,-0.003925741678154232,-1.0500834195304864E-4,0.13000667172726185,1.163942978042063,-0.009214441261980332,-1.0294480762586125
0.014677532309690343,-0.002287866410061158,-0.003934757155153269,0.0014478845321140728,0.16127668000511614,1.3301020450743806,0.06345920664842318,-1.1585593560323344
0.014518534698463162,-0.0012340353600678968,-0.003961061739683094,7.542122339672857E-4,0.14004846666764584,1.2117804904675664,0.05957678606826743,-1.0677541853271502
0.014595087516989465,-0.0017910184523355233,-0.003949753570842864,0.0011129278060657821,0.15039589344226034,1.2672755442742012,0.06945950485652806,-1.1101512708420043
0.014831597638547137,-0.003409605418654085,-0.003921791958029017,0.0022673940304223056,0.19626595655425227,1.519720290116059,-0.008526886367965815,-1.301089892847199
0.01470138124137814,-0.003012627679115554,-0.003984809322279503,0.001966136451454638,0.1866013730035282,1.453304268815298,0.04181631465966452,-1.2514233560938168
0.014987916140226319,-0.0026276968822661934,-0.003745111070973299,0.001684987038083781,0.16029085484726704,1.3616929652746592,0.012011164279592321,-1.1833808119288276
0.015243963765205232,-0.0035646947773404305,-0.00361206034964259,0.002361837335784825,0.1778317601563216,1.4861570472011485,-0.0975984652634504,-1.275237325246663
0.015089800564789336,-0.0054692078342058114,-0.0037531184760319354,0.004064319345343174,0.2534099930628945,1.98284956142948,-0.5087298082423577,-1.6020490615162455
0.015151114823217255,-0.005705612318850351,-0.003668296451678251,0.004282556700664923,0.2525079891368956,2.0126723758989455,-0.62012541860429,-1.6118110094253812
0.015312304426429208,-0.005847080033025351,-0.0034849802454860533,0.004357305810626585,0.23603103250485627,1.9558368881280863,-0.7033460473924201,-1.5623287447195013
0.015437550430744598,-0.006038080895118441,-0.003324978137957599,0.00448637218215071,0.22460051864044814,1.918028274702298,-0.8039383016498743,-1.523693429168725
0.015261794023009005,-0.003976213407305941,-0.0036131349114796245,0.0026831359837378123,0.19097763624406316,1.5608988085961653,-0.15605334242441435,-1.3292082217056376
0.015436735133912513,-0.004410940082592565,-0.003474664081132873,0.0030092101709092295,0.19142291731472685,1.6027406689670942,-0.26310815017278616,-1.3554989160793098
0.015336860707907147,-0.005262538594172477,-0.0035288117025069243,0.0037825150237668537,0.22268199705944317,1.8163948911677892,-0.4737773501468406,-1.4921509603006415
0.01552624200015673,-0.004746698771341224,-0.0033910309818318703,0.0032700543195062627,0.19428948653511277,1.6399461307552772,-0.3525287189716893,-1.3767065425213454
0.015502773672906154,-0.0050525977092996666,-0.0033940215744772935,0.0035406804037647712,0.2028374977397188,1.7046921360002307,-0.4316743723997779,-1.4170763212680015
0.0158602905393394,-0.00687490380649737,-0.0026619343437817166,0.005005282928127914,0.18266954509538483,1.6960728792660837,-1.2178934495120062,-1.2901318939919415
0.015781965538999933,-0.00665298176536559,-0.0028194613459916694,0.004863168319872878,0.19113434862949996,1.7538247624997163,-1.1102536498739768,-1.3545829005569539
0.015660741490287018,-0.006438734294035667,-0.003004570170618692,0.004745288717206974,0.20284769113580373,1.8243813240867321,-1.007492903961914,-1.4248823474683918
0.015558673760384454,-0.0062269001991491985,-0.0031623356660339767,0.004604725529312224,0.2137897925826253,1.8703773398353525,-0.9004700113448388,-1.4754129656405561
0.01571404131810236,-0.0074670383294995184,-0.002492598590325048,0.005663108943425151,0.19014669689182254,1.707615267023978,-1.60661231911416,-1.1954413102733021
0.015715552533906926,-0.007630509697397806,-0.002388401972833996,0.005806593434364569,0.1884470066203452,1.6625678322919055,-1.7090945112995333,-1.1308706703004476
0.015745410005011347,-0.00781943602262703,-0.00223315994299547,0.005936512926682239,0.18379696338287022,1.5774797962446494,-1.813384193210467,-1.0334686216428588
0.015747425416098193,-0.007987927748109748,-0.002106136545246485,0.006072369339944358,0.18195436157060138,1.5090408651653426,-1.915025091773334,-0.9453294625120744
0.015880732919961008,-0.008093354806400955,-0.0019217463835813269,0.005998557770519371,0.1696706947109873,1.3737623036354776,-1.9002009018057506,-0.8452758083807517
0.01589029870646556,-0.008251770148451146,-0.001788062258387526,0.006100459004160115,0.16848086044333718,1.2909875877508366,-1.977749450236953,-0.7504435766865876
0.0159060568120757,-0.008411265311399588,-0.001642844089155331,0.006187899977420987,0.16628326024680562,1.1963709374705935,-2.0458843914421334,-0.646788656361322
0.01590292074077861,-0.008549777488037326,-0.0015220244824505175,0.006278589720693541,0.16601561131065892,1.1166979701390092,-2.111306375928967,-0.5542092434049158
0.015905612379419933,-0.008704338999630556,-0.0013773885337519656,0.006364691831595873,0.16632092882828597,1.0180448191396752,-2.1736520568021547,-0.4444348051516405
0.015916956404782304,-0.00883561017792832,-0.0012451412939939767,0.0064190994786423325,0.164909334894117,0.9244785375322108,-2.2143948836444047,-0.3456234259655098
0.01593876935547778,-0.008971576947581394,-0.001100456841108797,0.006454316550247703,0.16358154842836578,0.8199272486291013,-2.242328573911188,-0.24030995379262685
0.015929767563971593,-0.007123053101420392,-0.002489656301848738,0.005165797005434778,0.17449337353802405,1.6262206268944674,-1.338895620374636,-1.2100850369234972
0.015851179091111445,-0.0073500105142998325,-0.0024396642191321424,0.005429923328765009,0.17870660333290275,1.6365732519560503,-1.4882530336097055,-1.1781296269900274
0.023862007604494074,0.009634212681484733,-1.1525579105144537E-6,-6.829503468482066E-4,-0.009468930519380685,0.004196270804201295,0.5190464927812518,0.025548167259561872
0.025,0.008904526525626398,0,0,-0.07495357361039343,9.8494092893742E-4,0.5670862906832516,0.034872687159622086
0.015005753576653838,-0.011979658830138504,0.0027920648529467175,0.007066058897393688,0.2619398036629526,-1.8654163126635994,-1.7783001691913227,2.7990070280005113
0.015041287798650459,-0.011929698428047508,0.0027045064089460526,0.007071972908459361,0.25917519247791,-1.8158613703641626,-1.8195649210894103,2.7382428406767256
0.01505083529748082,-0.011819459023073636,0.002582467609939971,0.00717482799514447,0.2650964390084299,-1.7579929932466851,-1.925831499727348,2.6996461775538125
0.0150594089332301,-0.011876251926722056,0.002631875913254166,0.007103598230946125,0.2599783413782342,-1.7778572905408303,-1.8671847876986345,2.7008986921371094
0.015093710466966684,-0.011751557681835103,0.0024674556390174374,0.00718203080304977,0.26188167397351714,-1.6898363851512428,-1.977082284487873,2.617980105761312
0.015115409012212791,-0.01171997780791225,0.0024124230363405347,0.007181526557985158,0.2598302151166442,-1.6562827482477884,-1.9989948076535045,2.5767350382987306
0.0151331879016736,-0.011685010354815555,0.002357633619963987,0.007189171131961307,0.2586370091275191,-1.6238282370010082,-2.024694960799627,2.5397651705437125
0.015171560922216387,-0.0116580288697791,0.0022924543416362256,0.007158277577486479,0.2538760606842004,-1.5799870622647372,-2.0336535570469603,2.4763919235147935
0.015095908722687398,-0.011795217907084899,0.002511237423156814,0.007135317596127934,0.25869713946977474,-1.7104502056141266,-1.9342527883501273,2.6276506085733935
0.015549380110698266,-0.010810841964804174,0.0010429228713932858,0.007144957136156407,0.21766983481627591,-0.7527042112733615,-2.4173011715827877,1.5313527152979642
0.015590118942122404,-0.010749779333877593,9.521446558143572E-4,0.007104955796235507,0.21232041500774734,-0.6869108561641121,-2.4162796586112933,1.4473986138979222
0.015624242687027745,-0.010642811868924943,8.099956463670329E-4,0.007088817636462815,0.2087245156545073,-0.5851382470122112,-2.438464107042181,1.3336077692593407
0.015625407357895256,-0.01070046573096078,8.79498282618149E-4,0.00706738393402538,0.2074624986070508,-0.6338368167297062,-2.411678103332336,1.3784090125031934
0.015440703809555886,-0.011093202532882412,0.0014395678136147846,0.007174513361909392,0.22947581036644385,-1.0286423654752843,-2.3290235109630637,1.8436653674119319
0.015425525692494321,-0.011142213125959564,0.0015070409922033625,0.007168892833781288,0.23121002192901502,-1.0738603242639129,-2.306396546794475,1.8923225000585204
0.015480677709248443,-0.01104446901207105,0.0013586007981866053,0.007139623981526763,0.22457001356712256,-0.9713629378671712,-2.332748757283842,1.76820778742938
0.015518668803543615,-0.01099395116179589,0.0012781556805978797,0.007107250906355468,0.2198134559877081,-0.9141272718184726,-2.336977959417943,1.6944724296984133
0.015555982583224763,-0.010935767075975883,0.0011904109841613787,0.007078070158049663,0.21529045184120385,-0.851921930451101,-2.3440632987422636,1.6168295993688975
0.015589553701025285,-0.010872076576617838,0.001099242691278743,0.007055165790055904,0.21130446966786778,-0.7876297790823169,-2.354606023435481,1.5396078449234463
0.01519410774017061,-0.011601205722314512,0.0022099244796994905,0.007176621530497337,0.25245445449463677,-1.5307783264543744,-2.0748342495975116,2.423396201502669
0.015205685650324114,-0.011545173447192289,0.0021373706903337667,0.007208605186484884,0.25330440562035855,-1.4887269408351542,-2.118930464987168,2.384022206263079
0.015259751628004822,-0.011522895774587582,0.002066525475178257,0.007146705407644873,0.2453631405203077,-1.4374506475570816,-2.1116753613305197,2.302799040944844
0.015256775974530984,-0.011475775126790938,0.0020160241707233052,0.007190029908689622,0.2480442188112329,-1.4095326880710695,-2.152922673031015,2.2845221988727715
0.015280754499075318,-0.011435292032962598,0.0019507330088012742,0.007186245425152427,0.2455233722868351,-1.3671424059012038,-2.1737674066537718,2.233632556637556
0.015301584746160429,-0.01138523257108958,0.0018771270355649667,0.007193420445041268,0.2439241623305375,-1.320280253941973,-2.202755241765409,2.1814849356414943
0.015317794471250177,-0.011320468083716813,0.0017897424685938445,0.0072167828034654675,0.24336475755268652,-1.2655122424377707,-2.2444421292999404,2.1260889882491623
0.015367688308541093,-0.011269788074679009,0.0016950373668372604,0.007175631240967247,0.23658000941338211,-1.1999461799224127,-2.2525110033223545,2.0369566520042923
0.015410122775050156,-0.011228711510004694,0.0016186015021625187,0.007137853593648046,0.23141760073623804,-1.146093158233291,-2.2559544960237052,1.963302210324523
0.015438454793248879,-0.011184329033011257,0.0015486612853282732,0.007122747837188917,0.22755185071629808,-1.0986304732336674,-2.268843521442115,1.9046340196062175
0.014700699931615385,-0.012445669819922013,0.003573944906323436,0.006872336305179915,0.27148254401839406,-2.249299276143504,-1.3000637290869614,3.2513512409272214
0.014730363334211913,-0.012418219282098825,0.0035130221905638466,0.006875310893592057,0.26946579804209664,-2.2195951729473076,-1.33349781577053,3.210708744934687
0.01476076047758607,-0.01239030305778858,0.0034510208035388244,0.00687708712199899,0.2670392061835561,-2.1887927423792246,-1.3664412833646866,3.1685614322745477
0.01477391858078371,-0.012357565958252508,0.0034079629288593775,0.006904708278447212,0.26872124189570884,-2.172242928297516,-1.4023557481061484,3.153731380516189
0.01480001578262315,-0.012329271609695453,0.003351332542762466,0.006910280134292278,0.26686390321183556,-2.144204364691522,-1.4338975589282124,3.1171684938144315
0.014838248495138916,-0.012266049389957281,0.0032504240814266766,0.006944377312063305,0.2667002179513808,-2.0977900369702756,-1.5014721774103137,3.064504867140794
0.014830575495399269,-0.012304390834265187,0.003291938665001941,0.006905229046287485,0.263970657445322,-2.1125228534367015,-1.4609176855288066,3.0727755632738423
0.014874514007584097,-0.012257252870823836,0.0031977166421555308,0.00691060967781844,0.2613974779878002,-2.064105515222562,-1.509751060805297,3.0093601893877717
0.014900069393621044,-0.012224171453403699,0.0031383212254753466,0.006919494525916428,0.2600240968248932,-2.034025356897601,-1.5430262384970794,2.9721342738902234
0.014933944696130214,-0.012183790735111071,0.0030627002114796166,0.006925617238106364,0.2576635243316681,-1.994421036048214,-1.5819601381456498,2.921910434492418
0.01497953457360429,-0.012077627243148035,0.0029142561829739147,0.0069909016137390655,0.2589757871316109,-1.9233398436190758,-1.6842657110855923,2.849393350616839
0.014958151743406407,-0.012136416696195397,0.0029923438319257793,0.006950692362234987,0.2576998835813585,-1.960131167368299,-1.6276834421312738,2.8847235570947216
0.015023325663214683,-0.0120331113384926,0.0028235549449878074,0.006983337095372621,0.2548664605708631,-1.87139817646519,-1.7210103671038384,2.780551494413316
0.015044740724923213,-0.012086012641210484,0.0028484224799641025,0.006896618644329089,0.2475456217616331,-1.8723278574214126,-1.6649725811581895,2.755317035147506
0.014687307876712758,-0.012567709225701265,0.0036788602993848706,0.0067193560447169065,0.26045968303174044,-2.268300973812291,-1.167933279609023,3.2371753525600186
0.014712587381246573,-0.01248581143371074,0.003587153627774661,0.0068040877285218205,0.2653492725907109,-2.241973905488838,-1.258728669906751,3.222213439591662
0.01470925469880284,-0.012527039665461636,0.0036209030120705047,0.0067514930154112885,0.26137378806353806,-2.2474914985896963,-1.2146298929544912,3.2159242958281875
0.014676832297627118,-0.012636072495582407,0.0037378256630399365,0.00663554479216895,0.25469790606382825,-2.278164042063316,-1.0945762735121431,3.2300809587186388
0.014706772501180963,-0.012613747284476607,0.003682223772023797,0.006635278094839239,0.25248475934708664,-2.2523411501665653,-1.1244069285147196,3.193014459640605
0.013863031664885764,-0.013486951333083095,0.00530656723502636,0.005879137215636058,0.2479086215150638,-2.6230309941986896,0.21906659991449215,3.707500618002683
0.01389030070570986,-0.013469993977534931,0.005260055575383533,0.005897459287783537,0.2473084277375743,-2.6178714939100094,0.17935804095392807,3.6949035587005503
0.013916396458290861,-0.013440938719398492,0.005215395812635881,0.0059363620991723575,0.24895833495653832,-2.61997297277054,0.1324243490853395,3.6968753252518485
0.0146262707250654,-0.012670697568292623,0.003830453830436751,0.006638582275604874,0.2579404016343132,-2.3212247380329134,-1.0455312149014342,3.2932402393635587
0.014603655957920243,-0.012693905776076798,0.0038767297437741224,0.00662818580247433,0.2591235988002757,-2.3397571433718305,-1.0148731756497176,3.31790957333921
0.014664871070339753,-0.012672681796918073,0.0037771707201217143,0.00659668174371088,0.25237192461777264,-2.287766783903265,-1.0541541268953394,3.2344613647178435
0.014542534530022206,-0.012773289088161853,0.004010850812378056,0.006572347282164651,0.25900680098640444,-2.3857375357445165,-0.912434210911138,3.3734777327999232
0.014596277366105196,-0.012723929397176119,0.003904936899424474,0.006592268442806164,0.2564824676846745,-2.3441503178220824,-0.9817057294480147,3.3159659765464435
0.014574127041067288,-0.012753064449558543,0.0039534950093447685,0.006571647779303844,0.2565776084282679,-2.3606748052680397,-0.9445300346437272,3.335826508706212
0.014536954343332305,-0.01281688696762829,0.004042162917883212,0.006513312828910551,0.25426378385098986,-2.3849964955147165,-0.8660878097199837,3.3594212805827826
0.014504473416928365,-0.01285952229858285,0.004111710059268119,0.00647970757251398,0.25390389251854023,-2.4060109598695996,-0.8099258532639695,3.3844048313196535
0.013953205755848101,-0.013423872166963632,0.005152166671391213,0.005949114906020105,0.24719256292014083,-2.6076059237288756,0.08405382957955392,3.6708593611993456
0.013984359133782674,-0.01340584421293784,0.005098606387011086,0.005965144999428122,0.2462777744777677,-2.598410881636074,0.04109974097671589,3.651979955704818
0.01401350906376537,-0.013383725404666315,0.0050480989643649455,0.005988217463267636,0.24615667060013302,-2.5919892940874334,-0.0026151636695360115,3.6391857272628942
0.01404141279331598,-0.013356188454443297,0.004998942128191138,0.006020182678955776,0.24690699426806353,-2.588402565730954,-0.04908471490593382,3.6326252213249366
0.014069066324048682,-0.013328296954663428,0.004949684773857252,0.006052007714052162,0.2476078832001822,-2.584200585537177,-0.09552399497606191,3.6255523784925523
0.014087754851647078,-0.013301479079380576,0.0049149876979937045,0.006086300347007805,0.24956966857128463,-2.584710980182371,-0.13329242382021417,3.6280361097796776
0.014117022100127984,-0.013288468666979879,0.004864510911824899,0.0060910403105575,0.2478360878523073,-2.570661330412125,-0.16855155159781118,3.602228699198363
0.014149448962258166,-0.013267001229465544,0.004807560325910628,0.006107140265036091,0.24697611458890614,-2.557814713884127,-0.21254208656531923,3.5798152857327685
0.014356964307408702,-0.012995689695820848,0.004397093458597499,0.006396898493067003,0.2571239812504827,-2.49834757955059,-0.6014429283076104,3.5145047599098476
0.01439641423861527,-0.012981910338467744,0.004330243361826697,0.006386422919631855,0.25359092211926654,-2.4698148111744964,-0.6369706816070821,3.466672773514268
0.014354547464444485,-0.013036679424521476,0.004416197084661657,0.006334620218461671,0.25205116754871676,-2.4885755960147615,-0.5608967698332389,3.4884022032007636
0.014323033454273557,-0.013083137530455952,0.0044816383572352245,0.006285704298783044,0.2502241168738922,-2.4992023606982943,-0.4983166972397152,3.49851540482573
0.014347965092889735,-0.013070205520875816,0.004438239091150733,0.006287263456780044,0.24836119459090628,-2.483719706003904,-0.5256219025922355,3.473233532451249
0.014180387044246841,-0.013242292378387588,0.004752366070400595,0.0061284914144775484,0.24648153631568004,-2.5466039992406095,-0.25747361513683537,3.5613691359066313
0.014205910992432833,-0.013210914231795951,0.004704216899379383,0.0061631880458244345,0.24782574515549635,-2.5412339245169764,-0.30360220566436985,3.5550833502173904
0.014242619467675074,-0.013211933338087544,0.0046454310716534854,0.0061376407248535,0.24299207320443467,-2.5139793184651613,-0.32925709447784035,3.5049814300094497
0.014267709409713492,-0.013187292643253808,0.004599465093765474,0.006160201150661129,0.24303706786602655,-2.504993373438299,-0.36817924344904923,3.4919507756955137
0.014291247762911812,-0.0131526167112061,0.004552903262030241,0.0061989928165439795,0.2448929967851454,-2.500086079123656,-0.414741074299352,3.488242877875433
0.014311745818145366,-0.013117310840910038,0.004510229045395786,0.006240161546237633,0.24694263935397123,-2.4967301425018484,-0.4598133533290982,3.4879486766838528
0.01443240327508498,-0.01295708593259854,0.0042647809996518024,0.006394853599007161,0.2518819403651289,-2.44645556377801,-0.6800424952926304,3.431061495239789
0.014467867375788557,-0.012927893540655372,0.004198388328944389,0.006409206466187124,0.25040005718756414,-2.423644494679225,-0.7260415948653308,3.3978835408144676
0.014495569926944667,-0.01290116637835394,0.004144740387068451,0.006425430184273747,0.2500504229306869,-2.40603328567368,-0.7649270519444981,3.3736506355034948
0.013206745488846518,-0.014054846946455465,0.006265713669538284,0.004954876336768777,0.2208420798212329,-2.3964669124469977,1.2590730015299891,3.501895285655858
0.013206453479157063,-0.014084029498707901,0.006248120745972943,0.004905120010212053,0.2162258670764328,-2.3725228199112043,1.2627038595603144,3.45825782958778
0.013126771634643944,-0.014113919943473614,0.006363727860530153,0.004836392850399797,0.21809731438026062,-2.346578546770203,1.3716395915236583,3.4525201086394035
0.013116897482129703,-0.014133270254030711,0.006367165242383755,0.004801080824854161,0.21557338791930544,-2.3300970212851477,1.3857282108677147,3.427636969193242
0.013153241376515962,-0.014108312809563288,0.006322634735544014,0.004852412080800062,0.21671620380157128,-2.352233723622962,1.3356251328252702,3.4485458933771294
0.013180297660136822,-0.014096230181090949,0.006284705156257908,0.004879026137284882,0.21645712390475733,-2.3626144580209076,1.2986347106215204,3.4534301750951912
0.013287186639810886,-0.01400134809306754,0.006158864816298203,0.005059325427167815,0.22250059878394904,-2.4359008172501615,1.1439817140815796,3.5350801134265715
0.013267310990018868,-0.014008925325890782,0.006188837863646792,0.005043680830069032,0.22322869921258387,-2.4313180959266187,1.1716327053145,3.535998961978654
0.013250459665407402,-0.0140234909719229,0.0062094899544955515,0.005016153111033504,0.22214045569078694,-2.4205160968742025,1.196390201759128,3.5242773021480605
0.013230415500418929,-0.014042704911029711,0.006232553712923091,0.004979933655409635,0.22083346560390393,-2.405738134319858,1.2258687728919566,3.5070463126449103
0.01334137160129374,-0.013937965774735961,0.00609841270331462,0.005174299714084213,0.22821822955913543,-2.481245860289651,1.0588437407067817,3.5935638864148687
0.013310261370852694,-0.013979337670883418,0.006131015270856301,0.005099881139807133,0.22420697440690326,-2.4515482680428096,1.1092415642820017,3.5530963671452978
0.013338008475123632,-0.013968580498963663,0.006088761183310559,0.005121021668135624,0.22342010916370003,-2.4569090872053336,1.0706557983270006,3.5506548739025505
0.013312462857369178,-0.014014962640361098,0.006108142206081696,0.005039014631853461,0.21830986023304275,-2.4224615017281343,1.1135600488667095,3.4992370151807357
0.013367358488968539,-0.013923599846518062,0.006060231965112998,0.005200867268023831,0.22813302303144953,-2.4889047204950407,1.0211571609927843,3.5964288923720074
0.013397524670168824,-0.013916542722582387,0.0060111767212138794,0.005214342768266763,0.22653231492023987,-2.489305815421272,0.9802078246934175,3.584788071073375
0.013425194848921374,-0.013900383421676949,0.005970514816062206,0.005242879803859977,0.226585128231174,-2.4967500621753973,0.9401032260581006,3.58742683658414
0.013456432059483044,-0.013890874619017122,0.005920606718426108,0.005259277274876962,0.2251985791239959,-2.4975319439411714,0.8978384425759637,3.577175485133171
0.01368298381419113,-0.013674514069920103,0.005595646200171083,0.005608535382799355,0.2378795894785153,-2.5863651869432633,0.5312192778729256,3.6705392565636434
0.013705282451077872,-0.01365742133550764,0.005560366526233253,0.005633133101589816,0.23808905041326242,-2.5888742658529043,0.49650959249862775,3.670036461786492
0.013727966441010504,-0.013638430173907463,0.005524484088173637,0.005660469501468462,0.23874501387385208,-2.592042356967255,0.46028995689133995,3.67098628554139
0.013751352906769576,-0.013620777658533943,0.005486866264125993,0.005684814972982928,0.23910280004335652,-2.5933807467012744,0.42406221274302497,3.6687567825938623
0.013777591244344158,-0.013605889223523564,0.005443718503277913,0.0057030453212553655,0.23862250090919399,-2.5909634251587033,0.386512953540091,3.659358447479097
0.013805693273102812,-0.013555581651700503,0.005401048019571218,0.005781135345021962,0.24348498924130638,-2.6102047231294123,0.3250427997796829,3.69070758586941
0.013804874162706841,-0.01359073369505646,0.005398711409049607,0.005720829992363681,0.2380925787647369,-2.587582466181789,0.3479667796840972,3.6484122667288155
0.013862442626449926,-0.013518363174839843,0.005306114196816276,0.005825281565102094,0.24304922550179736,-2.6037767322640546,0.24111290833364457,3.6708414823731053
0.013840902097085031,-0.013542376769827225,0.00534150877316894,0.0057918651843689726,0.2416132192208485,-2.6002711650343824,0.27927761989514593,3.666869636611952
0.013523632197686916,-0.013814713338618757,0.0058335026016754,0.005388222592526446,0.2311721589238824,-2.539210063332813,0.786659230226249,3.629497248424818
0.013479929356820153,-0.013845398951717743,0.005898201349552323,0.005337443566825888,0.2303579337086958,-2.5273765497712186,0.8525853539295817,3.6229296669828135
0.01350284681763015,-0.013829961763410366,0.005864165070817111,0.005363128686466407,0.2306386817852428,-2.533311363916134,0.8182867607172345,3.625739113699518
0.013685923537942804,-0.013706137193134389,0.005583678095122112,0.005553203093524201,0.2324492733056922,-2.5627248866525263,0.544578831260043,3.6262958679444037
0.013657372017859467,-0.013721172013730543,0.0056294125827743065,0.005532839168419285,0.23300625742941986,-2.56333111703281,0.5848686267945612,3.634410990827818
0.013634374470663886,-0.01374546666500935,0.0056629312679971205,0.005494883236668323,0.23146126768410688,-2.554442864046734,0.6234266958654708,3.6241692661001648
0.013613440613306702,-0.013764003633841403,0.005693972279102539,0.005466103830369196,0.2305741546180513,-2.5484324407391665,0.6567051575286315,3.6189132128044164
0.013587962795009567,-0.013782512603708717,0.005732538404909758,0.00543754792981059,0.23016474326741657,-2.5434804478045514,0.6951928370570111,3.6171726392111805
0.013570349013471697,-0.013808630976141323,0.005754704443529554,0.005394493312912813,0.22767072207308356,-2.5296797140876977,0.7274248752206747,3.5973747338777042
0.01355317167857523,-0.013827172173434571,0.005778093416961114,0.005364224481975026,0.22631200911959506,-2.5210158804341165,0.7556841027116944,3.58694312137504
0.013483178133663907,-0.013876203046116429,0.0058804802800844205,0.005283990661238019,0.2251803518677545,-2.502634836903305,0.8595401990810788,3.5768101696765413
0.012818727925652069,-0.014282141554837868,0.006744929385821643,0.00443959973483491,0.2153261370427609,-2.1528542204461734,1.7818344088624958,3.288613403002137
0.012804062603205489,-0.01429664124623012,0.0067556259928358425,0.004408550707830278,0.21400261731173878,-2.136503963154374,1.7988953708075874,3.268275994264467
0.012841547508873424,-0.014281912570163974,0.006707725486504703,0.004451039859968565,0.21348618629202185,-2.1598784031554032,1.7502554641149237,3.285022042626259
0.012865614571915637,-0.01427623444404745,0.0066733309103183674,0.004471621942022864,0.2125350417638203,-2.171228667607195,1.7182291946503732,3.2892379193948487
0.012892714821133947,-0.014271298477443727,0.00663321328313896,0.004491920134498075,0.21125790850387935,-2.1822467026219345,1.6819043258282493,3.2910743040953876
0.012518225489499548,-0.014422355365542552,0.0070833151600101394,0.004033305665603593,0.21515728361694975,-1.9122310414101327,2.150023873059933,3.0756382789399477
0.012509707074460608,-0.014436256897519123,0.0070808527135011986,0.004005639844176407,0.21339862711550167,-1.8971251362961479,2.155044328361196,3.0530957873921114
0.012429552171879174,-0.014484684440300889,0.00714721580647231,0.003871761022944183,0.21148586310795373,-1.8143478943900122,2.2382671429917136,2.965318333306781
0.012448583322385786,-0.014481475040739556,0.007122271334317201,0.003891233182146446,0.2106033833432883,-1.8283808864981423,2.214619361512199,2.9740599390584848
0.012466305061156093,-0.014475709913306404,0.007102160872065306,0.003913352181415592,0.2102487025489808,-1.8431838579447215,2.193970616373777,2.986099998729834
0.012482628783908501,-0.014467529740179078,0.007086788262493424,0.003937923775539728,0.21036750432569654,-1.85869790896036,2.1762793537932086,3.0012856093567986
0.012494619991641755,-0.014457824038834522,0.00707957907436173,0.00396154220298409,0.21115467987128728,-1.8726853299442319,2.164971983032387,3.01791382712737
0.012510628644441264,-0.014454656977411058,0.007058658417115172,0.003977986605741563,0.2104054589534374,-1.8841095373366132,2.1449327343283886,3.0250797967228675
0.01278470395702622,-0.014306727238676691,0.006777790357754607,0.004382196270919388,0.21390729598764327,-2.1219937903081667,1.8232680514859043,3.255223477764393
0.012742632443784103,-0.014314159974361713,0.006839140632899465,0.004347616781984879,0.21591304820670984,-2.101039341757207,1.8798299242742011,3.248238329064511
0.01276300423069482,-0.014312909662285857,0.00680723089360239,0.004360698811129243,0.21450179014545015,-2.1094977147752796,1.8517696303625584,3.24815307768507
0.012732843596315,-0.01433009271092649,0.0068395431348030385,0.004316369982351613,0.21396453244899116,-2.0846282549355126,1.888844601473442,3.2241763044584006
0.012716592011675486,-0.014333716160391738,0.006862230081304282,0.004301356603019231,0.21467540982797753,-2.0754229347782913,1.9103046140585282,3.219660161221116
0.012701453901735401,-0.014335398019697045,0.006884994611491291,0.004289938231546083,0.21553126714683488,-2.0679865427040833,1.9308816201140715,3.2179021584042693
0.012690773562187868,-0.014345902739397237,0.006891684519141264,0.004266776210702456,0.21462924834725752,-2.0552700591744837,1.9423138343224673,3.201937964454325
0.012539008925736499,-0.014421647897974921,0.007051768527454566,0.004049094455879763,0.2136376602603756,-1.9242027330788807,2.12187267025119,3.079122813733765
0.012675615675085988,-0.014357289431304165,0.006904491209945052,0.0042395060111478445,0.2139088313314814,-2.0399018127854536,1.9594928747143074,3.1846543689901927
0.012657925015776669,-0.014368367206728998,0.006921414278949192,0.004211088589292952,0.21341698569835474,-2.023518328625149,1.9800646031915752,3.167674341774298
0.012619165377516913,-0.014384047706688918,0.006966633076064446,0.004161871736358373,0.21376000673581838,-1.9935120170521414,2.027724049596924,3.142810907180264
0.012637699762007543,-0.014382088335855542,0.006939340276640101,0.004176739599115689,0.21266178487579124,-2.0037184351051525,2.0029275007015332,3.1462769126551278
0.012560619625024933,-0.014417965542503365,0.007022163791121825,0.004069776998198261,0.21265596079162882,-1.938444378046918,2.094009081735401,3.0868830794674973
0.012607633468068006,-0.0143942207123271,0.006974077507224375,0.004138355648664022,0.21298321354547448,-1.9801587479238363,2.0395612844452438,3.126608173686454
0.012578108288842397,-0.014410622085124353,0.007002844587413993,0.004093097200597453,0.2125335607314096,-1.9530012555265606,2.0732777369792443,3.099587400338199
0.012593251979438632,-0.014403034575709078,0.0069872882872251555,0.004115070332095337,0.2126356110223587,-1.9663727541939349,2.0557064754753607,3.1122638818519515
0.01280678014136031,-0.014321496927209503,0.00672826775562215,0.004369569987707798,0.20971803341366216,-2.1173387216152837,1.7894260089440317,3.229356151743964
0.012128459661437177,-0.014634730506101916,0.007388703213482319,0.003392997032455359,0.2091612590369755,-1.4967435747960123,2.5257593398833778,2.642198689940134
0.012148518079709703,-0.014631968685109584,0.007365082912217386,0.0034160329703694704,0.20808919737368772,-1.5149420488384757,2.503406607939428,2.6554586531950553
0.012163853636564262,-0.01462299521698487,0.007356118608398886,0.003442914580103576,0.20859717862170038,-1.5326913742757677,2.4912320812951676,2.6749690349484743
0.01218296126520687,-0.014621566517765456,0.007331679827407618,0.003462815392079294,0.207351148514798,-1.5489254535718577,2.4687404647746534,2.685416016449963
0.012219406616007287,-0.014578724347999226,0.007337318441225277,0.0035564017471626454,0.21172832256598714,-1.6037357979533429,2.453589902979268,2.7616357145418324
0.012208176363384171,-0.014592985197514374,0.0073343981410213584,0.0035259817419657654,0.2100928343048535,-1.5861274719386997,2.4577725261310563,2.7365712145252656
0.012206096599309144,-0.014613437910105283,0.007310366653564593,0.0034954802985502375,0.20707087964255086,-1.572061133433057,2.4459256282496415,2.706658571369786
0.012241673653593169,-0.014580624809232298,0.007303267147813112,0.003573885218839775,0.2097370093867866,-1.6197086258414084,2.4240612701464426,2.767591671488923
0.012280701807293046,-0.014569140539132469,0.007262383774050971,0.003624815039351883,0.2087923615039064,-1.656119375704885,2.3821443365160198,2.798456383773682
0.012266849968503158,-0.014580179337282083,0.00726806425694107,0.003596909563350347,0.20796298673955554,-1.6388669552151431,2.3925210133246395,2.777582348174636
0.012296733337955518,-0.01456808146035018,0.007240733748159187,0.0036402268797791353,0.20776410804453135,-1.6684181560988696,2.3623988875146718,2.8054696297292705
0.01239824313828365,-0.014512958960414523,0.00716037247822312,0.003804868463136228,0.2092692543267021,-1.7746460192231928,2.264086894415898,2.9158086122446387
0.012384459265000973,-0.014521095466041169,0.007170987887872225,0.0037817861469213354,0.20894156778186143,-1.7600805952644263,2.2775127914323616,2.9002949950062145
0.012370269639002502,-0.014529037565937855,0.007182274381333643,0.003758592565487559,0.2087189403948528,-1.7452658016601015,2.2914528646624572,2.884811472389497
0.012321317197089055,-0.014550515557816064,0.007227305044239401,0.003686572600761754,0.2088077949565564,-1.697375961499075,2.3419267333842844,2.838997081319993
0.012312894638925483,-0.014564898604331725,0.007221498640511107,0.0036586343398873843,0.20705033963382932,-1.681983281179089,2.343821856185244,2.8153965279358
0.012355448065189635,-0.014537820059943021,0.007193287345785194,0.0037335691403112717,0.20837613538820535,-1.729374611120852,2.3055434250029525,2.8677837594227675
0.012339537358903384,-0.014545370450212184,0.0072072150471935255,0.0037093558873243127,0.2082352469999158,-1.7134618513002524,2.321590384397481,2.852094618222466
0.01242501251008199,-0.014503777922965429,0.007131444032050133,0.0038395916294335004,0.20879361474103542,-1.7980568782507922,2.233958116812437,2.9357029904732275
0.012414588222563097,-0.014521774033573092,0.007125608228280545,0.003804699027906274,0.20657685510217316,-1.7789569928621314,2.237879821934339,2.906666786607193
0.01299576739499034,-0.01421338740452947,0.006510818969050925,0.004628858681752115,0.2125336810253227,-2.250715497522846,1.5481418183712952,3.35187116559281
0.013064116204033771,-0.01415958536925675,0.006437347479743674,0.004741638818895375,0.21573281807749298,-2.304058431302522,1.4574872789516011,3.4096360602636886
0.013019429374480466,-0.014205086778055693,0.006477968903312843,0.0046510097668604365,0.21190691059067676,-2.2611437482994563,1.516582853175729,3.3567004569397114
0.013042536772415665,-0.014194138022107948,0.006447864854586381,0.004676994714349351,0.21189552407279796,-2.273202721591755,1.4858696596272323,3.3652038699487377
0.01305968141025656,-0.014182056279057881,0.006428290150887683,0.0047026316796837326,0.21250669055123445,-2.285101951156115,1.4631237266642223,3.377161625485077
0.013087595120165836,-0.014155753360149171,0.006400662694412374,0.004755089196080622,0.2144060724261059,-2.309424825769088,1.4256203782747747,3.4059449802825505
0.013115567444866449,-0.01415391982749592,0.006355068377565768,0.004766034156620854,0.2125580179505925,-2.3130489580937894,1.38803040115435,3.3969890965572955
0.012917667363584377,-0.014267519122093675,0.006595565282718653,0.004508887733658298,0.20988121270202162,-2.191270125664143,1.648446861933471,3.29108582937468
0.012989342342475056,-0.014236765311873307,0.006503021648319571,0.004587858185571841,0.20933404386108417,-2.2305694902791213,1.5550034622318394,3.3183698557252654
0.012969025943735236,-0.014247229777445046,0.006528065942829065,0.0045629538569534915,0.20916507207721388,-2.218431654285881,1.5813792970033587,3.308474012906863
0.012943763417833968,-0.014257708932648832,0.006560985174068665,0.004535767682440946,0.209482422135119,-2.2049170147705417,1.6143709471320762,3.2994522806342004
0.011964313537640252,-0.014710477187480551,0.0074983839995359175,0.0031266882122340457,0.2087270658127411,-1.3111631096595833,2.6576772067003493,2.450726106582573
0.011984460355455615,-0.014708306966162862,0.0074758245030731455,0.0031506824556676604,0.20767074894430362,-1.3308790408782851,2.636640568484363,2.4655938220498417
0.012003462748171356,-0.014703664371811614,0.007458096130424879,0.003176428116146508,0.20702456624128127,-1.350543638059838,2.618813780653236,2.48276780406932
0.01204931205684797,-0.0146790268453458,0.0074333277614141964,0.0032554050966606247,0.20772287256807695,-1.4042969508832002,2.585769369342255,2.541208833635028
0.012037522942756227,-0.014687904655618913,0.007436287269464273,0.003231818273407392,0.2071350419889935,-1.3891919593018793,2.5923838345975194,2.522857622511546
0.01202143232271969,-0.014696772290379067,0.007444689728409858,0.0032038491633193627,0.2068575693185247,-1.3702458856474793,2.6038238764659436,2.502100533639965
0.012091452347203241,-0.014661613561350201,0.007401731965971394,0.0033205822194133723,0.2075006364778136,-1.4503329285578772,2.5497093785539255,2.5869018560746966
0.012064474999069784,-0.01467930914341106,0.0074129768003066985,0.003270287295930686,0.20657733491247873,-1.417423325259498,2.56776378586826,2.5489294048361955
0.012081557246967384,-0.014678466316025335,0.0073915973312638425,0.003288402120361131,0.2054505429449888,-1.4326085905310795,2.5483908356953924,2.5589870925603253
0.012122207667247498,-0.0146538601432077,0.007371103042341151,0.003361041130231891,0.20663363381952268,-1.4806302974156653,2.5188793751970096,2.6127526259009692
0.012110685013692925,-0.014666610412061567,0.007369175036609813,0.0033327449874010597,0.2051896609651148,-1.4638094966629387,2.523069545333058,2.5897173796103767
0.01178850215649036,-0.014749260389218198,0.007657013599285374,0.0028834150323560907,0.21531998501692157,-1.1201186654221755,2.815287280561295,2.283149496333245
0.011858964902898924,-0.01474273574869086,0.007581997032264163,0.00297167493900016,0.21116165810681123,-1.1946292002836136,2.745973605744341,2.3412615260212033
0.011842273222967173,-0.01474739339956777,0.007595255632524607,0.002947255037047097,0.21157686621318586,-1.1759378477275808,2.7597026265570928,2.32388867859426
0.011825563500636092,-0.014751065484692264,0.007609855955210513,0.0029238848643888156,0.21221345002695544,-1.1575178502083334,2.774200963215726,2.30758068119875
0.011808174508327359,-0.014752398066005748,0.0076286885194072,0.0029024013045515803,0.21325488617872576,-1.1392132567283344,2.791464301400676,2.2935274007015245
0.011953647279386997,-0.014734511936076927,0.007477024833264094,0.003085033852911069,0.20566924536708522,-1.2896095725810246,2.649156951318698,2.412963998976982
0.01191365461319912,-0.01473712204885424,0.007523086545995087,0.0030388758859901752,0.2081121315848097,-1.2505774497297149,2.6911853113447575,2.3845453339186373
0.011931786127845186,-0.014744737171162446,0.007489424014490263,0.0030489802216607897,0.2054678854023416,-1.2643163762045708,2.6645739207098873,2.386350781899651
0.011892280254156427,-0.014746763022005926,0.007535213161302146,0.003003651055648301,0.20798021734789687,-1.22563789236379,2.706062944017653,2.3584351121772653
0.011872556418386878,-0.014757392213489701,0.007543488503481692,0.00296895421884942,0.20772526048377707,-1.2017322111758897,2.7179050656610326,2.331957299019677
0.011779650837928202,-0.014766978687864524,0.0076401211188075815,0.0028521357950334965,0.21291214267797323,-1.1039147480955895,2.807610631668471,2.2546261635695486
0.011769501807548622,-0.014779222391912858,0.007633100275714793,0.0028259758471095636,0.21147359274220454,-1.0886556721970402,2.8063813194403906,2.2321254634119767
0.011694521241458165,-0.014804630618397117,0.00767927850950195,0.0027082062440377144,0.2127157180927796,-1.0000711594800114,2.8572414604017435,2.144073391856011
0.01171300625975942,-0.014803863361714817,0.007659634387564076,0.002731165000812629,0.21147609696749434,-1.0201768180927313,2.839632684276491,2.1595126228846735
0.01175019822837952,-0.014796919111826925,0.007628047492094707,0.00278296038667505,0.21000784918821275,-1.0619450205398213,2.809000860856178,2.19629985249913
0.011766380273539432,-0.014796611721091889,0.007609869542832665,0.0028021571945235006,0.20886506977144717,-1.0789123683084876,2.7928126198895526,2.2087769352103486
0.011735040146091861,-0.014806185984560257,0.007630990012028176,0.002754584463523815,0.20949023817252857,-1.0427032211134433,2.81530709980029,2.1737448440784477
0.011689254267182142,-0.014820288638890724,0.007660444427441187,0.0026843752577362353,0.21050635374354387,-0.9892491131344381,2.846770948936627,2.1216245466024977
0.011675742824882063,-0.014827857613252136,0.007663463026059,0.0026597660282912804,0.2101696026809768,-0.9722662978999573,2.8523509620665846,2.102115576757395
0.01165724556399571,-0.014835721240317503,0.007671297688356415,0.002628806513982882,0.21015691726367494,-0.9497859751800609,2.8622386256388634,2.0782128615445914
0.011146730360613847,-0.014943916893150421,0.007971166723227611,0.0018488332169158508,0.22772422378319832,-0.32218325346070736,3.1529477903618424,1.4808459283461064
0.011178471496634031,-0.014932957594327025,0.007965298915916604,0.0019028316315928041,0.2276018354014923,-0.36286876051261824,3.1454357948768825,1.5245948594021719
0.011165096657174904,-0.014941795536266702,0.007960325555181577,0.001876689757443036,0.2267716517195359,-0.3457554665465091,3.1435995981696787,1.5024926174111943
0.011209204457670348,-0.014924917974797568,0.007954290532616958,0.0019529402390759047,0.2269448852395935,-0.40226116571161075,3.134284844276566,1.5645167810667762
0.011194782636815462,-0.014933560945505981,0.007950879241805873,0.00192543193065029,0.2262264668538399,-0.3837339901595751,3.1337570337103213,1.541468708020149
0.011226775548898687,-0.01492495697536879,0.007939480176700433,0.0019776045511013256,0.22557301919625034,-0.4246053257154952,3.122062784525155,1.5830222958679545
0.011308674824224504,-0.014919981761680792,0.007877226932564887,0.0020951710194753244,0.22052512348880207,-0.5271871100274613,3.068725019603239,1.671765909208627
0.011246264706704406,-0.01493085156082432,0.007912577181844306,0.001999800150511691,0.22300568227175896,-0.448919671003885,3.1013929372001576,1.5979658930957241
0.011287784685284194,-0.014921963600668936,0.007892233933103362,0.0020648290440301973,0.22170388322308862,-0.5012355827142865,3.081895048135006,1.648804490893575
0.011266523438989685,-0.014929100178819092,0.00789828181441424,0.0020293491552022505,0.22186175475071304,-0.47434245142193504,3.0889985543826803,1.6204659157587196
0.0109024801480835,-0.014977862139932852,0.008083281278810202,0.0014654629073274819,0.2380104522272756,-0.0029292613591322472,3.247170981656847,1.1772218440501228
0.010886238895912947,-0.014981993484447577,0.008085755463783898,0.001438335883848213,0.23819177868071975,0.018143111892746075,3.2494677235533147,1.1551673972780918
0.010932932961679982,-0.01497026043410622,0.008077830196953491,0.001516208636084211,0.23750275055379963,-0.042557067517461376,3.2421270145109458,1.2184502934196393
0.010918237571128682,-0.014974285640212389,0.008079882557545852,0.001491494264142945,0.23763947883754058,-0.02350622885741184,3.244193956612527,1.198323180990684
0.010943732532323117,-0.014980868465989838,0.008051030792466312,0.001525404488055018,0.23451751959276743,-0.058926522764676546,3.223241918889122,1.2233897583988365
0.010957322963082317,-0.014980998127402407,0.00804178862279496,0.0015455511458155689,0.23354400654907934,-0.07707587326052721,3.2162172988794775,1.2390320138541269
0.011022144409444002,-0.0149737872142994,0.008010495974473009,0.001646152724411408,0.23053345402182698,-0.1618828644495848,3.190781144469096,1.3185071738359098
0.011006217036356321,-0.014976926778330027,0.008015940542105278,0.0016205817945143738,0.23099388048847871,-0.14127840037619588,3.195602644242363,1.2980596475002313
0.010973580351740562,-0.014981025915424958,0.00803082329506829,0.0015696417630660382,0.23240318801462476,-0.09867766294109857,3.2078150816816646,1.257724427139608
0.010989987348801142,-0.014979453350857666,0.008022535609901153,0.001594947089888773,0.23159359758675377,-0.12017901110218672,3.2011611184796913,1.277674414700311
0.011037798984756845,-0.014970295751085515,0.008005706660232268,0.001671537486558308,0.23015748548854978,-0.18207848341586394,3.1863597998331765,1.3388675384348743
0.011053320490301536,-0.014966640641717101,0.008001132778603858,0.0016968151852264056,0.22981423122413966,-0.2020772901773226,3.1820296973880495,1.3591607635004779
0.011068916780546301,-0.014962956673209758,0.007996378240961154,0.0017221933630958803,0.22946090762897378,-0.22216686945895422,3.1775046534262166,1.3795155079136372
0.011085038755872315,-0.01495944190538006,0.007990743710242136,0.0017481746926139394,0.2290433640316306,-0.2429480253160846,3.172268602522452,1.400268679004471
0.011103023007591445,-0.01495534557956613,0.00798455277982305,0.001777240486248345,0.22857428454467227,-0.266094335206081,3.166410917035911,1.423484361241178
0.011141534037033694,-0.014961476316206507,0.007943830811207768,0.0018276243590981268,0.2245883398381218,-0.31588936323024347,3.135020251074352,1.4602579967547094
0.011123459820276566,-0.014960957714872256,0.007958786144520046,0.0018022694992118231,0.22594690366856604,-0.29272455858479723,3.146973606864291,1.4411483597294097
0.010561236879119166,-0.015011215916304358,0.008196652499237629,9.179926459670786E-4,0.2518361126944874,0.4563401160429495,3.3227011787018377,0.7370971301460675
0.010530245032681946,-0.015015097171808175,0.008201181012700258,8.671072693601883E-4,0.25263939529121554,0.4976772065266532,3.3240206102893963,0.6957736599842425
0.010545785669772247,-0.01501306892358769,0.008199158343820586,8.926616636250646E-4,0.25225456995415807,0.47700253615698607,3.3235614099729784,0.7165399765967903
0.010570555915185622,-0.015024648094464634,0.008166808199938244,9.273520736780308E-4,0.24833308257463185,0.43705286188465214,3.3026347002237118,0.7427497122494372
0.010601987990117216,-0.015023413587547886,0.008156141478434712,9.773986162293193E-4,0.24686857647057056,0.3941908606125015,3.2967595835595573,0.7829174376181846
0.010585989739881957,-0.01502415259116114,0.008161441457411956,9.519037473639352E-4,0.2475895010967157,0.41594631775908036,3.2996954210329226,0.7624494093636912
0.010618330172437719,-0.015022120895284036,0.00815158186256941,0.0010036267781469135,0.24624607444970079,0.37221037679333935,3.294273776287048,0.8040359454322824
0.010524548265373372,-0.01503124965452262,0.008171861559864777,8.519841637799246E-4,0.24936937600025608,0.49750967526878975,3.303516004995052,0.6815279630746619
0.010508326061240894,-0.015033460486705548,0.008173500420044904,8.254392444486447E-4,0.24968006264929435,0.5187978223657862,3.3036017572532805,0.6599974815325766
0.01065100952565028,-0.015016485211739957,0.008147763557254455,0.0010573587466000762,0.2456248390970995,0.329484596630248,3.292720616319649,0.8477032999601005
0.010635010904551377,-0.015020191673142965,0.008147907981635512,0.0010306303005624372,0.2457055966684958,0.35002849910087325,3.2923333539522086,0.8258520466439349
0.010666930780505261,-0.015013816186594859,0.008145469909240284,0.0010834887968020205,0.2452261185974611,0.3085738086287501,3.2915686543286635,0.8689411273359183
0.010681845477331284,-0.015010630221144114,0.008144467689825413,0.001108288784582896,0.24506693158287676,0.28923961222259204,3.2912164969413342,0.8891731569079527
0.01069203037991349,-0.015021807968183056,0.008118151620617674,0.0011187092744777273,0.24195865759612722,0.2712115057196371,3.2733598478827353,0.8956248717340219
0.010705684489993374,-0.01502283322952116,0.00810950116643832,0.0011393314844213868,0.24089507123112827,0.25222281979356426,3.2676489279331804,0.9118106913834528
0.010721794681787777,-0.015022726149978391,0.008101651027403,0.0011642360407615978,0.2399264058383074,0.23033200601559387,3.262459141782783,0.9315581684917539
0.010738314138632072,-0.0150207727933995,0.008096920173934397,0.001190647196641933,0.23935062666915632,0.20851698174856656,3.2593359069980123,0.9527962198820471
0.01075397331653674,-0.015016948195418179,0.008095992648468548,0.0012166865591650654,0.23917470417096345,0.18844730181473388,3.258744119554063,0.9740523182043049
0.010768879183116559,-0.015011052610615874,0.00809920253806026,0.001242696050807318,0.23961085372487795,0.16996898996506624,3.260910363605208,0.9956538305978817
0.010800286993990563,-0.015011238578862315,0.008081611754124836,0.0012905947072781006,0.23755339048519053,0.12733808219006948,3.2486349291043553,1.0334067185788613
0.01078424049707602,-0.015012500690280107,0.00808811527184908,0.001265416454577691,0.238242597188027,0.14870157349836524,3.2532407715812233,1.013333727375483
0.010879792622286045,-0.015000060644531018,0.008055988032870873,0.0014174660369143022,0.234786254252404,0.023011291614480987,3.2293081933322862,1.1351552095606119
0.010861810931100674,-0.015000828944519637,0.008065460802584848,0.0013899152713851596,0.23574907343262022,0.046967885456291915,3.23634558726738,1.1134457252145038
0.010847266574048643,-0.014998717025357829,0.008078093978900228,0.0013691837390212755,0.2372402771027827,0.06705818537147284,3.245371115339533,1.0975855885865224
0.01081682664853028,-0.015008389493933042,0.008077633506574153,0.0013173670666890922,0.23711558377125286,0.10574585501386351,3.2456809870411063,1.0550165594007337
0.01083385834931798,-0.015004790649864784,0.00807457919366243,0.001345290190640565,0.23672313881064574,0.08368187654240165,3.243275741780162,1.0776455230610458
0.01163678007945764,-0.014843706545957895,0.0076807883538282445,0.0025952654171032714,0.2102591746294775,-0.9250555598685416,2.873578383715538,2.0524285676699905
0.011616397625959932,-0.014850176515278713,0.0076922968727113185,0.0025633664589795892,0.21062535508187505,-0.9007983773679472,2.886057224587781,2.028292566488322
0.011534993088729307,-0.014853661542290396,0.007772038010990738,0.002457808204344354,0.21599514297481678,-0.8081113425009143,2.9567828006500463,1.954297208968192
0.011512930937776616,-0.014862152208078202,0.007780576296217094,0.002420910424965978,0.21611202395875093,-0.7807093004623434,2.967186775440235,1.9253939154239024
0.011596000807491553,-0.014856054711594182,0.007704480435094869,0.002531963614069038,0.21113028445508988,-0.876557454937983,2.898880748562581,2.0046055568729257
0.011574412783756125,-0.014863764350480051,0.007714642942556484,0.002497041350199664,0.2113243919592069,-0.8504034474021852,2.910563911986664,1.9777087216365354
0.011552032612052211,-0.01487328169996423,0.0077223135347447985,0.0024591759809335285,0.21129287142900335,-0.8228415892684268,2.9206882202233797,1.9480260377502565
0.01145070472996789,-0.014883249669060778,0.007807380518493293,0.0023192651928408588,0.21688991772191465,-0.7036206053829837,2.997617737306236,1.8460399029484111
0.011495081745315182,-0.014866433003035815,0.007791514615115964,0.0023936068859107206,0.2166458861982907,-0.7590018543670393,2.9781710013652063,1.9046231391000956
0.011477427324954229,-0.014868080987829579,0.007806442516027481,0.0023690816175791773,0.21766304500518227,-0.7380250750009308,2.99161393957994,1.8867238639139552
0.011468812030909251,-0.014884809263405503,0.0077870109224842795,0.002341320435247409,0.21526208211007533,-0.724625043121495,2.980644964123752,1.8612210919465755
0.011326316445871605,-0.014918836350845935,0.007863439488327002,0.002120179315249999,0.21946639792329292,-0.5489607591310756,3.056772359718557,1.690512884272648
0.011355389322072135,-0.01490546992403983,0.007860017368588025,0.002171623062108417,0.219857097953817,-0.5859307303330445,3.0497707126819535,1.7322664233310217
0.011344822366298607,-0.014921002696904018,0.007843008702551066,0.0021432140260816868,0.2177161678550645,-0.5713054153675231,3.0401935850182316,1.7067655779196524
0.011384671886717003,-0.014896351187172434,0.007848428127735922,0.0022193977127278903,0.21940192434259667,-0.6226307338564273,3.0370450000170597,1.7698944474437879
0.01137249369077427,-0.014907485784474867,0.00784077575220161,0.0021927233902948747,0.21812615445257721,-0.6064158037301225,3.0340984770671873,1.7470193071296791
0.011444854864521622,-0.014898271689902366,0.007787852949633936,0.0022970339466752408,0.21466795951111636,-0.6940767942185616,2.9859224011697383,1.8251787730866085
0.011405535675711205,-0.014902209019691396,0.007818808859459967,0.002241624304796758,0.2167750532830672,-0.6468706618412621,3.0136685919852435,1.7841052472547965
0.011429655695783766,-0.014905905147587906,0.007789644097809011,0.0022698451441464586,0.214353416995478,-0.674887993403069,2.990002801860785,1.8032125741450036
0.005073915809829786,-0.011076769503304827,0.0017674235653447987,-0.008086724655574957,-0.1546788214637271,1.1290855510693154,-2.5139778940031903,-0.38451580897077303
0.005077145292257459,-0.011092250254016783,0.001792686426012616,-0.008080764904937634,-0.15891323686569417,1.1459730852139212,-2.511013666624638,-0.40065241463527473
0.005080522751067001,-0.011107827650746119,0.0018181509347263874,-0.00807477121010912,-0.16314249157038233,1.1630152299720027,-2.508029856686322,-0.4168753256563527
0.005087698730309771,-0.011138780929545856,0.0018689465106470698,-0.008062966061238637,-0.17146289478751095,1.1970668550778052,-2.5021671806061825,-0.44907132519610465
0.005084080620813769,-0.011123368354321645,0.0018436414592296064,-0.008068864787354994,-0.167340937776843,1.1800901616828805,-2.5051021273835854,-0.4330421712580969
0.005075320968404301,-0.01114986894587097,0.0018771435733856638,-0.008041220475722836,-0.17294886087450448,1.2041870757770818,-2.4874041012688966,-0.46231199241832327
0.005077850841064607,-0.01116549126683796,0.0019018244614755623,-0.008033681307216782,-0.17690120606050372,1.2209366663921066,-2.4832569016927484,-0.47862736970913294
0.005085592651937511,-0.011197338332518271,0.0019537479678343878,-0.008020849877119986,-0.18506469910762183,1.2559836907900923,-2.476607569829669,-0.5116067710132683
0.0050808956428397304,-0.011181751981618715,0.0019277331953639332,-0.008026155833049274,-0.18101315482468658,1.2385046793970351,-2.4791606420378396,-0.49555568148187884
0.005098205299882066,-0.011241934641285665,0.002027463550759494,-0.008003886303744967,-0.19646381101474839,1.3058000207940645,-2.468010115499176,-0.5576763066504706
0.0050898862402990385,-0.011212617545810525,0.001979010320382566,-0.00801514418700809,-0.18902471487385916,1.2730308875466765,-2.4737461324091075,-0.5273876950257281
0.00509453440283386,-0.011227025278030298,0.002003234597892027,-0.008010325016990257,-0.19274045589654662,1.289331478568702,-2.4714476348659584,-0.5422159818283787
0.005084673583417064,-0.011238317130839722,0.0020125153153096238,-0.007990885122245871,-0.19427388716704436,1.2969783324989608,-2.458187144129767,-0.554915225274557
0.005100821202875233,-0.011257027557349072,0.0020511482847623812,-0.007995960628655886,-0.2000508916109637,1.3220465002551738,-2.463485516130323,-0.5734103443906937
0.005120749164982444,-0.011276984301188933,0.0020946007195741033,-0.008004297035049552,-0.20671594366780302,1.3498065454372752,-2.471440790117852,-0.5928607020868507
0.005103756517885992,-0.011272651466723462,0.0020757701296124655,-0.007987874650610667,-0.20372998634247433,1.3389344681930695,-2.458873787089491,-0.5896639193037961
0.005124781228702417,-0.011292620144426188,0.002120134728534669,-0.007997261736649573,-0.21052226074804734,1.3672218413275468,-2.4676379093751724,-0.6091096691557883
0.005129264368148866,-0.011308067108680979,0.002145699608607002,-0.00799074041274181,-0.2142828872044368,1.384640452046282,-2.464193319398779,-0.6251347172576484
0.005133852450987678,-0.011323132236031203,0.0021707655735490727,-0.007984484962424267,-0.21791521415866752,1.4017343927581534,-2.460907742138602,-0.6407619034377933
0.005121918527603354,-0.011334555268117863,0.002177766343791168,-0.007961887767086381,-0.21865640489291902,1.4084438251183486,-2.4450020660509346,-0.6536022587952361
0.005125217623744388,-0.011349466767591384,0.002201406076788246,-0.007954036532575233,-0.2220074274590523,1.4247635315696974,-2.440452819287049,-0.6690770888866503
0.005128713465078407,-0.011364929212581558,0.0022259201554577297,-0.007945837746414657,-0.22543765549403758,1.4417044400413273,-2.435676836247193,-0.6851083235436589
0.005132793050122833,-0.011380458632752785,0.002250937224760797,-0.007938107564757144,-0.2289044202049095,1.4589520823998505,-2.431246740812767,-0.7011744388204494
0.005155826298188007,-0.011455366518337584,0.002373709861444506,-0.007902540209568805,-0.24540419518322662,1.5436554412250911,-2.4110330024268536,-0.778559639087451
0.005152678938438468,-0.011440550263758769,0.002350688938116234,-0.007911461756849926,-0.24244912697903356,1.5275471030861345,-2.416496134686209,-0.7632237007607983
0.005148060905515717,-0.011425709748592078,0.0023263467325447718,-0.0079185896793056,-0.23919847535296837,1.5107177175763946,-2.4205666489225925,-0.7478768233630411
0.005142586905188553,-0.011410970705768166,0.0023014026607381765,-0.007924516810610361,-0.23581594974699951,1.4936210167902255,-2.423725807848015,-0.7326720884700548
0.005137423545890554,-0.0113958583906322,0.0022761706976588865,-0.007930963765551647,-0.2323746006507712,1.476308694992664,-2.4272388659446853,-0.7170808185371317
0.00515950205919661,-0.011470612703727867,0.0023977030171477664,-0.00789371765180768,-0.2484646347475932,1.5604137610178572,-2.4056734886800037,-0.7943162057522755
0.00526863280623257,-0.011703423598128412,0.002808149272259383,-0.0078002121984694405,-0.2963818898230132,1.8454542981357605,-2.3545601019576554,-1.0371959658765968
0.005290909566513871,-0.011762644430078711,0.0029061406504001974,-0.007764435311389988,-0.3058030232707299,1.9153190583264423,-2.33158161714432,-1.099065658416922
0.005285325121083699,-0.011747886176952334,0.002881765450009592,-0.007773534465241253,-0.3034294849912591,1.8978929412910832,-2.3374942243311057,-1.0836435006537162
0.005279652569182943,-0.011733143029198785,0.002857265747966319,-0.0077823740951871315,-0.30104783743799096,1.8804323958252784,-2.343166729827072,-1.0682346233138489
0.005274065198914516,-0.011718321007169977,0.002832702874458672,-0.0077912420062605505,-0.29872378756455403,1.8629424856077623,-2.3488335777046667,-1.0527527084637092
0.005187632629655516,-0.011505057725003784,0.002469122083842194,-0.00789581062919467,-0.258147504147785,1.6078679662201127,-2.41060876150345,-0.8298153966492318
0.005192078353475057,-0.011520054525066168,0.002493429609650389,-0.007887580675363569,-0.261131159398674,1.6248682152179612,-2.4056851464496165,-0.8454005127643937
0.0051629394213931834,-0.011488593527482474,0.002425138204718375,-0.007882109635068883,-0.2518955248068934,1.5797311563576797,-2.398410425605221,-0.8128917896732544
0.005172936684865128,-0.011501779361768692,0.002451740491940637,-0.007881956841289343,-0.2554350316591061,1.59751946533552,-2.3995257784982233,-0.8264926204913683
0.00519664802182749,-0.011535242236215203,0.0025180525007144337,-0.007879176094017755,-0.26411775270067456,1.6421098330605781,-2.400624630615986,-0.8611783321247982
0.005205550188379789,-0.01156570346462149,0.0025670245472907698,-0.007861581399891892,-0.2699321889737138,1.6765229520113543,-2.3898378334849517,-0.8927974225854863
0.005201083267586992,-0.011550416829842952,0.00254247861080116,-0.007870484945033042,-0.2670427349789212,1.659260607072709,-2.39531869794188,-0.8769351479149216
0.005251547593315329,-0.011701088977451276,0.002788022549110683,-0.007783428943390705,-0.29395654466541826,1.8325806843001773,-2.341035921252278,-1.0332938671127196
0.005246270626704114,-0.011686048830038756,0.002763526710975732,-0.007792511824628752,-0.2914873103538635,1.8151866728632469,-2.3468555049964017,-1.017699849726984
0.005241158564727286,-0.011670974331999547,0.0027390927609506747,-0.007801665798681583,-0.28897622838084264,1.7978466637390331,-2.352707231160316,-1.0020755597595565
0.005236253112352168,-0.011655917206611693,0.0027148244743428643,-0.007810887930073116,-0.28643695643799444,1.7806287836693764,-2.3585933175624336,-0.9864718640616793
0.005231463834905414,-0.011641016770149613,0.002690812312940299,-0.007819943712251672,-0.28388285758784315,1.7636085865143467,-2.364339518738792,-0.9710211440017241
0.005210319336377882,-0.011581071989739575,0.002591898986203126,-0.007852796405371438,-0.27282151015650347,1.6940142744310662,-2.384439101703373,-0.9087426499312051
0.005215427402855869,-0.011596439904323706,0.002617033182174265,-0.007844244633481672,-0.27570187458591144,1.711682104288432,-2.379206890466318,-0.9246930396828813
0.005226392805709031,-0.011626334668867795,0.002666758506836797,-0.007828329744954269,-0.28127421097292443,1.746622006944843,-2.3695539890974726,-0.9557683097729672
0.005220888681165363,-0.011611576977161355,0.0026421461938434545,-0.00783615714871415,-0.2785436367351331,1.7293200359322574,-2.3743026925832145,-0.940420960251065
0.0053569211792225116,-0.011855214021089622,0.003091969017783683,-0.007738331990219925,-0.32091974282704944,2.048027283766364,-2.31795099956478,-1.2022459918913333
0.005341124006991822,-0.011853062237338651,0.003071695172440526,-0.0077228655128221205,-0.32326399075915097,2.0310782881508778,-2.308226747306758,-1.1944322420786582
0.0053627724279336365,-0.011869791551180906,0.0031162611076040896,-0.007728581529614981,-0.32283270669316205,2.0655937563205184,-2.3114173037362766,-1.2176750868000124
0.005346972619505019,-0.011867690517504977,0.0030959218540123332,-0.007713115557571826,-0.3251517323666078,2.0486376427859114,-2.301597683669655,-1.2098142248572328
0.005368669455772496,-0.011884350654762897,0.0031405079526663853,-0.007718760704956139,-0.32542996209901115,2.083088760502797,-2.304810157012329,-1.2330893873342406
0.005352861329400098,-0.01188229114228881,0.003120101772835501,-0.007703293124272933,-0.3268473851697374,2.0661974329793504,-2.2948740027222385,-1.2251636987559016
0.005358770999190278,-0.011896872977471043,0.003144223927206834,-0.007693369277108627,-0.32830311138668655,2.0837320183316552,-2.2880541054494583,-1.2404736713976827
0.005374612204472543,-0.011898891187242081,0.0031647149051681387,-0.007708867380100486,-0.32863091019179647,2.100518302001919,-2.2980920851647912,-1.2485099909679087
0.005364693191886768,-0.01191145723048482,0.0031683009125792606,-0.007683312713267964,-0.32970264400551286,2.1012189074527754,-2.2811321091959122,-1.2557525752062633
0.005354351590286878,-0.011924193627478938,0.0031716504971293458,-0.007657778846712981,-0.3272789991728881,2.1065807568579404,-2.2593910341101604,-1.2675867523506434
0.005319265733949687,-0.011836285206230424,0.0030274467061794136,-0.0077173928220796014,-0.3163325041326161,2.0023755462624764,-2.3003916303044494,-1.1759518564765392
0.005325025540152455,-0.011850979573501648,0.0030515875570459503,-0.007707679710623025,-0.3182632381504404,2.01976712813232,-2.2938219330677074,-1.1912813883458038
0.0053135511346053,-0.011821610028143094,0.003003318340919546,-0.007726988959518041,-0.31429616023530443,1.9850111461993365,-2.306839862521379,-1.1606353613762785
0.005307787000750239,-0.011806953374876769,0.0029791023430577926,-0.0077363653433138975,-0.3121820397593336,1.9676194878869282,-2.3130775808900896,-1.145324881306932
0.005302024338931027,-0.011792254074212352,0.002954780700638695,-0.00774564303452161,-0.310098972510761,1.9501855152190146,-2.319204497794646,-1.129972939744187
0.0052964130544602625,-0.011777461455518341,0.0029304483329899863,-0.007755039787838842,-0.30801907638821063,1.932742137426451,-2.3254040786220638,-1.114533946890097
0.005360234676140257,-0.011938952275789944,0.0031956238784202405,-0.007647246810985817,-0.32877698418005313,2.1239967448998502,-2.251958047763296,-1.2829152714200047
0.005366328843671869,-0.011953716554320508,0.0032197787004174514,-0.007636787246453675,-0.3301843872826717,2.141528987511965,-2.2445663556299102,-1.2982556622812538
0.00539168009234046,-0.012011554096284295,0.003315514738202474,-0.007595931233655893,-0.3361327820124375,2.211026994720651,-2.2154382102014645,-1.3584634573293528
0.005385406613182482,-0.011997203093212961,0.003291871965198105,-0.007606306121150405,-0.3346450218606894,2.193822938691436,-2.2229233643386768,-1.3435429271335926
0.005379032759448939,-0.011982843748894967,0.0032680386321501547,-0.007616439084824443,-0.3331026982468291,2.176518942729817,-2.230161569155196,-1.3285838635537692
0.00537263415426844,-0.011968363412243893,0.0032439793388983015,-0.007626540629129039,-0.33160920524803045,2.1590750800143117,-2.23732410983458,-1.313497457034911
0.00538136130175569,-0.012024655307116841,0.0033178116738968276,-0.007569318301692363,-0.33520796449822393,2.2132798353150025,-2.1944016730258067,-1.368060136409025
0.005387288617744801,-0.01203929093747974,0.0033410863398608014,-0.007558014333668448,-0.3364137384872437,2.2301935552152745,-2.1860811811543956,-1.382985587935395
0.005516794822133637,-0.012213791167466397,0.0036895780977877165,-0.007471885526373204,-0.3518553926050729,2.485964128722215,-2.1232769852143707,-1.5801852626019766
0.005507800743142311,-0.012227020076009796,0.0036907068045013533,-0.007444781231061991,-0.3540740499523392,2.483823470267049,-2.1046369842642876,-1.5855609438650522
0.0055098621269662066,-0.01219969586105615,0.003666128984725056,-0.00748341888069275,-0.3492148124355741,2.4687086135952803,-2.132220032289767,-1.5654613140815838
0.005500843767358978,-0.01221289985818907,0.0036673528983606116,-0.00745641467809813,-0.3540634606115565,2.466630369079675,-2.113759492271488,-1.57094262052834
0.00548001679234427,-0.012170447009412421,0.0035968400177150855,-0.007490612310894088,-0.35212154988733063,2.414716728028988,-2.140334500802694,-1.5267251097607029
0.005496129685063255,-0.01217144011803954,0.003619037843647517,-0.007506305261496918,-0.34858316113109034,2.433711435109675,-2.1499813648237756,-1.5359635057642202
0.00550297372456129,-0.012185578797026964,0.003642618827518948,-0.0074948905868797355,-0.3480522471767778,2.4512749634116884,-2.1411094163863122,-1.5507328028207865
0.00548691172893823,-0.012184635474544162,0.003620388388267451,-0.007479264437160341,-0.3531790803316052,2.4320176348032234,-2.1315891544234886,-1.5415107528281682
0.005493870559192156,-0.012198780251682343,0.0036439073322938136,-0.007467888843725068,-0.3538895809811293,2.4493404147328266,-2.1227390129392467,-1.5562565983904648
0.005498450959823638,-0.012240445298585952,0.003691698837234795,-0.007417733544554286,-0.35059245143420864,2.485762007018749,-2.080484299562326,-1.5946247859704343
0.005505351265077659,-0.01225466617477954,0.003714792096575888,-0.007405692664062022,-0.3509672983227141,2.502660105443472,-2.070925378124835,-1.609097482569554
0.0055124073184782294,-0.012268864654192033,0.0037379932447255022,-0.007393690868274475,-0.35122366952365697,2.5196243709725006,-2.061367729567884,-1.6235577090643096
0.005519665393219716,-0.012282949181854698,0.003761281497591858,-0.007381895168944948,-0.35147656498103946,2.5366370453441793,-2.051951007398039,-1.6379504422601754
0.005527036115568414,-0.012296909086334564,0.0037845316658559375,-0.0073702312372700965,-0.35179820322390865,2.5536148988147356,-2.0426036023870875,-1.6522452150716844
0.005578132435662263,-0.012394671902562977,0.00394449119019924,-0.007283957239610395,-0.35260891385989185,2.6702460810886604,-1.971810418054677,-1.7509758004613045
0.0055708430818230195,-0.012380651742985423,0.003921851282566548,-0.007296802655144333,-0.35281028491001726,2.653767329105902,-1.9825186702681685,-1.7369853469943528
0.005563622830208301,-0.012366656220799757,0.0038992440823424138,-0.007309534925626302,-0.35284070751323093,2.637297008362706,-1.9930870481183554,-1.7229825980197442
0.005556319377414662,-0.012352710587160386,0.0038764809949077025,-0.007321973288265349,-0.35271321200821254,2.620701931245599,-2.003350484533824,-1.708931269968698
0.005548946163539047,-0.012338782028493938,0.0038535564448180792,-0.007334175232132498,-0.35254634002383645,2.603986077933079,-2.013354631838887,-1.694820544773312
0.005541622623301532,-0.012324826029096235,0.0038305982160468165,-0.007346317269288379,-0.352380122462637,2.58724161800551,-2.0232569164774614,-1.6806652142258114
0.005534356100291169,-0.01231085370204304,0.003807626257704409,-0.007358391896656783,-0.35213391507715475,2.5704772080114773,-2.033055600215022,-1.6664747032240805
0.005737592806506989,-0.01266777503743926,0.004393342018054913,-0.0070196470784973835,-0.34098672831447047,2.9925996190946424,-1.7411994235557826,-2.0190863273944686
0.0057459246830253085,-0.012681291837621192,0.00441528493718947,-0.007005427189540684,-0.3397552600535731,3.008020976699212,-1.7282700324791243,-2.03183438670623
0.005780252620317976,-0.012734091160251893,0.004502902015412781,-0.006949912555455123,-0.3351071924714731,3.069421862958228,-1.6772652423459682,-2.0819198969112933
0.005771708420183091,-0.012720968875092062,0.004481241104183585,-0.0069639147372403615,-0.3362471678008942,3.0543161673506476,-1.6901991217360604,-2.069582047652524
0.005763094783579556,-0.012707869443139763,0.004459394284002899,-0.006977682664016763,-0.3373445215504485,3.0390112575027355,-1.7028785208278456,-2.0571334166019715
0.005754458910521543,-0.012694673375306815,0.004437363628085854,-0.0069914405170847455,-0.3385063198616043,3.0235369069527587,-1.7154985592629206,-2.044543140503004
0.005680069001968044,-0.01257327343617729,0.004238455020122319,-0.0071156325917810575,-0.3472689564285863,2.882586414740681,-1.8271988010855285,-1.928128158414139
0.005696230941951201,-0.012600598544223332,0.004282970684781261,-0.007088203500732527,-0.3454826039410088,2.91434270135923,-1.8028795103812012,-1.954536498735387
0.0056880642938948525,-0.012586959626662633,0.004260645661490939,-0.007101880306804109,-0.3464126588694947,2.898426203036367,-1.8150287628668986,-1.9413397935086343
0.0057294028016649035,-0.012654271342066542,0.0043715326897528035,-0.007033821386746824,-0.34206372611155417,2.977240309824024,-1.7540428926948828,-2.006340057202746
0.005721193676223217,-0.01264086896532615,0.00434966685088617,-0.007047680563415807,-0.3429579128778916,2.961778319054693,-1.7665635523071017,-1.9935562505598414
0.00571289661581769,-0.012627514441716572,0.00432760695345077,-0.007061248474615337,-0.3437631714391696,2.946121804887667,-1.7787773927222872,-1.9806746794737327
0.005704546193007802,-0.012614111145139344,0.004305343581357747,-0.007074700607221865,-0.34458793459335085,2.930282636957155,-1.790833409396938,-1.9676638409140708
0.0056402811778136115,-0.012505082791777193,0.004126624793921188,-0.0071820257050212175,-0.35023138913496327,2.8022524358572762,-1.8852396718851006,-1.8612659660758395
0.00563245350098436,-0.012491281075155937,0.004104064863317971,-0.007195225745544979,-0.35074145862018485,2.785979058499987,-1.8966304974813404,-1.8476536053524846
0.005672151864430906,-0.012559641992463686,0.004216330687924178,-0.007129226983230358,-0.3479691377495518,2.8667576007800375,-1.839185476632313,-1.9149158784299665
0.005648195982557204,-0.012518847719581663,0.004149197602666687,-0.007168812127491636,-0.3496675549262553,2.818514700210508,-1.873790703441111,-1.8748319276582508
0.005656191504645354,-0.012532510774953022,0.004171725726496842,-0.007155675145183158,-0.3490953863066762,2.834727218569593,-1.8623599243140283,-1.8883045328408168
0.005664200607268272,-0.012546079258891727,0.004194116677330635,-0.007142544732933785,-0.3485488077858767,2.8508221981602513,-1.850880798193618,-1.9016591735792814
0.005663621780143122,-0.012573934921648154,0.004214132534498448,-0.007100193709171744,-0.34615768872814107,2.8621837893469206,-1.815029742853967,-1.9192014764081764
0.0055856067986630835,-0.012408672513736417,0.0039672903974011025,-0.0072711693148979845,-0.35232562259933853,2.6868277983065165,-1.961113554985454,-1.764970405719943
0.005616943837929231,-0.012463758569825947,0.004058963954056812,-0.007221204494319038,-0.3514095671507484,2.7533712466978675,-1.9189090739146357,-1.8203663630406106
0.005609095934130219,-0.012450076261763315,0.004036217967031376,-0.007233775713975714,-0.3515728377579819,2.736884042596401,-1.9296087246045401,-1.806649706512749
0.00559327897279584,-0.012422606836836936,0.003990231439428744,-0.007258515054400631,-0.3520197928780137,2.703498893932083,-1.9504933890862526,-1.7789432431397645
0.005601141539544,-0.012436405612604616,0.004013250613285966,-0.0072460847781998525,-0.35175287800419114,2.72021467887247,-1.940024038607416,-1.792845996678616
0.0056083039718685425,-0.012477740778450513,0.0040578345649515644,-0.007192906478907837,-0.3498719010814733,2.750426569699934,-1.8954304154513093,-1.8258155121454125
0.005615974484200213,-0.012491562128121208,0.004080144500133536,-0.007179768452845017,-0.3494791437606732,2.7664403936558895,-1.8841848572175086,-1.8392904850051668
0.005400256894745868,-0.012068834365134486,0.0033890568772632023,-0.007535808338223564,-0.3388226373285836,2.2650221839230107,-2.1696954922100535,-1.413258295326856
0.005393512604005366,-0.012054146317371997,0.003364882874191205,-0.007546611889229609,-0.3376105382157355,2.247479175107608,-2.1776601816305265,-1.3981470591407967
0.00540719491575908,-0.012083244681190881,0.003413104191995008,-0.007525396381131908,-0.3399785013404782,2.2824774294575096,-2.162007989442046,-1.4281485159639677
0.005420593131884762,-0.01211152025996242,0.0034598413054424695,-0.007504306743815804,-0.34204661529081304,2.316449725071735,-2.1462657522963666,-1.4572538395588739
0.005413975358830055,-0.01209747562325877,0.0034367038916598177,-0.00751489273335204,-0.3410600373090644,2.2996264131736086,-2.154195449561968,-1.442819054632152
0.005410662209193738,-0.01212468688602742,0.0034612794569167534,-0.007477626113508644,-0.34038865219974274,2.3180793094265315,-2.124525233783849,-1.4661315732134208
0.0054160363708510165,-0.012138982724536763,0.003482855996355326,-0.007465240924102502,-0.3411043928440842,2.333748455971055,-2.1150178969368754,-1.480234070227833
0.0054633922803689955,-0.012169598799891919,0.0035746313753311433,-0.007474840234205291,-0.34728915943545274,2.400184139984803,-2.124943082861297,-1.5217664665136688
0.0054394656727334316,-0.012154482394602059,0.0035284634873757876,-0.007469648653759558,-0.34456604963807885,2.3663911692604773,-2.119861268763625,-1.5008074027254812
0.005446126500081065,-0.0121689274067258,0.0035517814974403224,-0.0074580317828671526,-0.3453423276070848,2.3833531654727405,-2.11093757550414,-1.5154665687114945
0.005421848360248741,-0.012153710176836684,0.0035053372949380864,-0.007452624361671672,-0.34182111173561514,2.350050586590242,-2.1053071097288836,-1.4947834026747897
0.006611768252052548,-0.013676939708806896,0.006128127224798624,-0.005646955862763386,-0.1281087394834695,3.989248629723289,-0.32872766480864046,-2.776322817187126
0.006608141160677255,-0.01369248091515519,0.00611510750490346,-0.005617309507518594,-0.1321407776369881,3.9648576704606957,-0.3135675806617267,-2.764941584610625
0.006623336449023661,-0.013687566035138606,0.006145827555986429,-0.005627686812767904,-0.1253735787074072,3.994666444589214,-0.30828828296401717,-2.779828931242824
0.006600233495542399,-0.013666277091978747,0.006110351364950449,-0.005666185546235201,-0.13205249930481466,3.983630060109109,-0.3491544713563519,-2.7726934098462954
0.006596542327268716,-0.01368180576858614,0.006097419925517818,-0.005636510197717039,-0.13547880653913205,3.959398725693926,-0.3338762814941068,-2.761479614560184
0.006588732293902653,-0.013655578290412796,0.006092516448701457,-0.005685358082478186,-0.13577529332635568,3.9778698796436633,-0.36952438260939885,-2.768917500268311
0.006584992147105256,-0.01367108838907899,0.006079702686639825,-0.00565566601408564,-0.13865507986364256,3.9538171869389447,-0.35411762577042966,-2.757882551877032
0.0064533763482403275,-0.01352440926578893,0.0058738897188024665,-0.0059109619875326305,-0.17622781493463754,3.8960669730876094,-0.6097101624020451,-2.713150057316018
0.006448987070346143,-0.013539798484955845,0.005862327463168172,-0.00588096154061974,-0.17758424158415784,3.874081600786919,-0.5925258522256973,-2.703325595545324
0.006464466094067266,-0.01353553390593274,0.005892439499500639,-0.005892470484428259,-0.17249902926477947,3.9036981942674163,-0.5900385293358547,-2.718612419518274
0.006442321599068367,-0.013513249833920802,0.0058552948367664665,-0.005929382412416377,-0.17901743707578122,3.888314109100588,-0.6292555370663837,-2.70752331314166
0.006437919867683679,-0.013528605946657125,0.005843913632101545,-0.0058994129354326,-0.1807426915932351,3.8665040566405593,-0.6119807909451777,-2.6979314109374912
0.006431301956387211,-0.013502055721075015,0.005836650246237029,-0.0059477363984382844,-0.1813633185907951,3.880392584350402,-0.6486908670418414,-2.701752460054676
0.006426891924143452,-0.013517393736227163,0.005825445116074974,-0.005917781961411712,-0.18409590458057712,3.8587569997877265,-0.6313698606602579,-2.692405433280921
0.006420317529674785,-0.013490827038345834,0.005817945981279284,-0.005966033786860826,-0.18403686876240774,3.872275032533581,-0.6680560601129913,-2.6958595598982407
0.006415883216403012,-0.013506162202008185,0.005806887307896822,-0.005936063374929668,-0.1874531110104796,3.8508199881077974,-0.6507012521413583,-2.68673281304136
0.006409368428048451,-0.013479563897172281,0.005799180992706716,-0.005984275575618328,-0.18691385697001908,3.8639728012924786,-0.6873741120911251,-2.6898551469436165
0.006404891403729237,-0.013494899561909197,0.005788239130503157,-0.005954276514772222,-0.19072289527554606,3.8427097376809596,-0.6699750716762624,-2.680911344776628
0.006393917621698472,-0.013483599402155719,0.005769503735037506,-0.005972432664517608,-0.1939487707291148,3.834430345617388,-0.6891856038312195,-2.6749380337620425
0.006433223049919198,-0.01354421563883093,0.005832347410248121,-0.005869563777846593,-0.17798196412276493,3.844430105965207,-0.5885013364565017,-2.6882855919919453
0.005839724266085194,-0.01279869757801287,0.004636375309020208,-0.006892088611878336,-0.33051065152214726,3.1657295018054694,-1.6226734572677366,-2.1527805340628787
0.00585578784627266,-0.012797410521339082,0.0046622454952864375,-0.006906917999910968,-0.3288446106793284,3.1902577790264375,-1.629483840245925,-2.165556681651233
0.005891267790960424,-0.012849266508138675,0.004748707832592525,-0.006847761040984803,-0.3199913640665166,3.2501538051312218,-1.572595046224223,-2.2134350864680097
0.005884360420735136,-0.012863666264403035,0.00474413414587225,-0.006818335115146303,-0.322989745641943,3.239469967874023,-1.5523232423479492,-2.212476829422575
0.005848522683704217,-0.01281179443909794,0.004657965045899003,-0.006877365738338818,-0.32944709563581037,3.180544749360706,-1.60880488673983,-2.164858970556382
0.005864596707708681,-0.012810416269897774,0.004683962290665141,-0.006892209161445743,-0.32518647241863946,3.2053541400157983,-1.6153399657494616,-2.1776683587084014
0.005882336769500145,-0.012836344393790973,0.0047272000377300205,-0.006862626057057452,-0.32017087551894685,3.2353935019454707,-1.58687365493289,-2.2015669550760277
0.005875373094215034,-0.01285073615303141,0.004722708751660632,-0.006833224114379445,-0.3250861298925157,3.2248994076322073,-1.5666364791577638,-2.200733225174425
0.0058734463785158,-0.012823394270911457,0.004705621277279117,-0.006877440048705355,-0.3218014995817302,3.220439104579644,-1.6011167110458115,-2.189657885758131
0.005866384483241849,-0.012837803377257158,0.004701183534684892,-0.00684797676177054,-0.3270108806043099,3.2101741575770055,-1.5808057690732455,-2.188867852202279
0.005857418620731793,-0.012824832935267164,0.004679582732665978,-0.006862663652560572,-0.32840659688378965,3.1953653890081735,-1.5948517099261956,-2.1768984535073663
0.005877245853103044,-0.01287828280652402,0.004739624001039967,-0.006789066593309404,-0.31864521602121915,3.2312365894210657,-1.5255941623180564,-2.2134824619237516
0.005788790805693791,-0.012747270293528132,0.004524494526132437,-0.006935674156927332,-0.33385603433929706,3.084413020392741,-1.6640743367683022,-2.094197485174305
0.005797419544978707,-0.012760459874792143,0.004546143141788584,-0.006921348663801179,-0.3325298167523723,3.099402392967676,-1.6507529095561022,-2.1064494650655905
0.0058061137506995875,-0.012773631268840265,0.004567790760681814,-0.006906960112824681,-0.3312126273270972,3.1143534306992318,-1.6373185420437775,-2.1186463212781903
0.005814752922647037,-0.012786822348971001,0.0045892633158623195,-0.006892353959369061,-0.3298671439511974,3.1291113963972097,-1.6236408570737046,-2.1307247151786277
0.00582333199393447,-0.012800062283403128,0.004610564829192977,-0.006877481060450973,-0.32837790341025,3.1436655530060027,-1.609684046281959,-2.1426873582116026
0.005936529182831808,-0.012913452405312716,0.0048556531887891,-0.006772347173437031,-0.31226452804700305,3.3223435071554026,-1.4995207979178309,-2.2717270272682155
0.005920654403338006,-0.01291520881657276,0.004829305221692317,-0.006757905892699254,-0.3156336646326392,3.29668841543106,-1.493871128439744,-2.2585169101947375
0.00588628362073345,-0.012891277616941579,0.004760848316344623,-0.006773936877912876,-0.3168897364101219,3.2454001401463093,-1.5110625225510645,-2.2249447565329503
0.00590455156760965,-0.012917135926285286,0.004803249376490776,-0.006743605004501795,-0.31325952985134214,3.273547187198918,-1.481789040812515,-2.2476367309292375
0.0058953962932863715,-0.012904243021939453,0.004782080917247838,-0.006758767054544773,-0.3150723115936809,3.259518950005113,-1.4964461755484681,-2.2363416690054403
0.0059734604928127835,-0.012964283993995938,0.004940374650716293,-0.006710794001482847,-0.3040546335652869,3.3784337976902328,-1.4391258459022147,-2.3167040785624367
0.00596688729762981,-0.01297891259364961,0.00493459498379347,-0.00668097726702493,-0.30545429341356006,3.3660737660173754,-1.4184046869819238,-2.3139923328032057
0.005964167835846038,-0.012951619681256434,0.004919287668816654,-0.0067262667598796426,-0.30492771892169435,3.364597162231742,-1.4543306631538595,-2.3055938997042285
0.005957581824179059,-0.012966249529164323,0.0049136737302106085,-0.0066964764612345165,-0.3079248341642125,3.352401735432472,-1.433691898802287,-2.3031065448301784
0.005954915005069574,-0.012938926229728932,0.004898124435231283,-0.006741693425398769,-0.3076104542059098,3.3505801150379653,-1.4694827819359952,-2.294407164010409
0.00594827896470656,-0.012953563954997511,0.004892646861576985,-0.006711875168709163,-0.3100245496248129,3.3385812239597112,-1.4488764380315862,-2.292098013620599
0.005945702090780216,-0.012926203763119731,0.0048769047610723185,-0.006757059495697197,-0.31057878780170484,3.3364806427289726,-1.4845635326543558,-2.2831185231022055
0.005939015015434402,-0.012940818476270195,0.004871560360200841,-0.006727256989864358,-0.31175547074110593,3.324690712447843,-1.4639783051576547,-2.2809887873480132
0.00592981279836912,-0.012928022983085744,0.004850452500898904,-0.006742621327329457,-0.31358618639114894,3.3107428394329106,-1.4789847992813314,-2.269796937881558
0.00595995142353599,-0.012993810299458461,0.00492858425662076,-0.006651136839229168,-0.3017334570280956,3.3551515047750793,-1.3915739905852529,-2.313183277386915
0.005969177875934526,-0.013006581989045127,0.004949084551521959,-0.006635244654237599,-0.2996521139329163,3.368184271903425,-1.3759600116012063,-2.3236893586530947
0.005978526405753825,-0.013019379161563427,0.0049696912246916395,-0.006619249073073568,-0.29742242385333606,3.3812282406702834,-1.3602020673039277,-2.334168319046805
0.005988055587985042,-0.013032139683564403,0.004990484301719466,-0.006603290239268631,-0.29510925018102646,3.394374158343601,-1.3444182719426003,-2.3446500227594793
0.005997782098257926,-0.013044791643582401,0.005011472450806457,-0.006587497855973856,-0.29279855439244656,3.4076558689657275,-1.3287189903094312,-2.3551347743294557
0.006036806761473094,-0.013094442680544492,0.005094274739683289,-0.0065246267877656665,-0.28417130269219,3.459403508835081,-1.2657477453427068,-2.3957598355089083
0.006027192900233452,-0.013082029026620761,0.005073981062347852,-0.006540640666419905,-0.28633803764719984,3.4469384253015356,-1.281793636888392,-2.3859007700740644
0.0060174666233026,-0.013069681750835288,0.005053402949899286,-0.006556335334281907,-0.28843683284807464,3.434119000551506,-1.2975351548792657,-2.375839195728163
0.006007633646518331,-0.013057294143118925,0.005032523227662739,-0.0065718949061448215,-0.2905691818365077,3.420976831201571,-1.3131289545113003,-2.3655652243395875
0.006105843079603341,-0.013180899227953326,0.005236159494446142,-0.006410419167522247,-0.26703295232742813,3.5443807611854443,-1.1503490601144186,-2.4623806654092806
0.006095849407117507,-0.013168785174084414,0.005216045026631372,-0.006426662088430311,-0.269456070125124,3.5325242838254662,-1.1668962694778562,-2.4531842019844152
0.0060858516310804646,-0.013156612032986346,0.005195801320972408,-0.006442869094329341,-0.2719074979492231,3.520497081838062,-1.1833763743263062,-2.4438472553761845
0.006030195234484017,-0.013109803400454872,0.005086932614179117,-0.006494032815234668,-0.28243871921153935,3.4453924271431196,-1.241222659527234,-2.392742711756439
0.006039618661055426,-0.013122625307943114,0.005106670680170476,-0.006477056546701513,-0.28009538430774233,3.4569607224005527,-1.2244388136860487,-2.4021408633959243
0.006049453793315354,-0.013135342553534117,0.005126980856388095,-0.00646035825700153,-0.27771906967936927,3.469001172646427,-1.2077722143699623,-2.411711857296041
0.006059511690748483,-0.01314779978259696,0.0051475038148290275,-0.006444097326972786,-0.27531112569884403,3.4812770897604453,-1.191395469849349,-2.4212965286395307
0.006069565924822987,-0.013160147414937741,0.005167884037601273,-0.006427885626382343,-0.2729111136948501,3.4934011062839665,-1.1750227113617164,-2.4307373267606818
0.006356192598536147,-0.013465014060299435,0.005702252940689787,-0.005996589110236739,-0.19964154987477126,3.788299938292161,-0.7219022393667144,-2.6477381651960066
0.006367113288537184,-0.013476501763209822,0.005721040043023616,-0.005978494533252225,-0.19649664136949055,3.796742371245991,-0.7029509860719578,-2.6539241422423063
0.006378140515353675,-0.013487902460262264,0.005739907506375256,-0.005960456832254287,-0.19338200133235714,3.805193987487056,-0.6839975649207236,-2.660054775626581
0.006334668363956355,-0.013441986538085383,0.005664886881231978,-0.006032575694896496,-0.20567073825740698,3.771274995323959,-0.7595076146192131,-2.635142563926197
0.006323834876231153,-0.013430581041791277,0.005645875500219993,-0.006050153854745347,-0.20853844242672018,3.762225439025197,-0.7779701693884203,-2.6285070523862095
0.006312893291617622,-0.013419156003566433,0.005626546235597587,-0.006067599197404995,-0.21148188243489283,3.7527962232537333,-0.7963333139325047,-2.6216218407879612
0.0063399990651827115,-0.013469326543379881,0.005672043557258464,-0.005983993488546522,-0.20173489353242133,3.758477102760945,-0.7186030280914437,-2.632888684215439
0.006329432631179505,-0.013457682456755575,0.005653877314162206,-0.00600219383722641,-0.204705670666428,3.750556451703702,-0.7373637333509797,-2.626910354731869
0.006177641567294451,-0.01322328652339887,0.005372031900416317,-0.006370504686655183,-0.25370330087432885,3.6450596559740216,-1.0935503342612454,-2.5258031156104663
0.00617206044817252,-0.013238308342354455,0.005363666854331717,-0.0063403616013670725,-0.2549830694537522,3.628194519614858,-1.0739644640501262,-2.519925066823919
0.006167534192912692,-0.01321126234330156,0.005352015777418864,-0.006387329877760997,-0.2548448049069918,3.6336240261990844,-1.1109196530998913,-2.5168948351895404
0.006161938667878578,-0.013226262187768534,0.0053438042090047586,-0.006357238220190236,-0.25809047744468,3.616930620710121,-1.09134100605125,-2.5112434484239756
0.006157464647985368,-0.013199206474818058,0.005331923198273632,-0.006404111839872661,-0.2577492293473241,3.62197105038349,-1.1282315327953107,-2.50789413857755
0.006151820273025008,-0.013214212805324291,0.0053238328812635375,-0.006373987286980096,-0.2609631025992511,3.605472939204038,-1.1086193421696937,-2.502423662301952
0.006147433031857423,-0.013187119036995123,0.005311764793732154,-0.00642084167933332,-0.261423060839176,3.610186697029912,-1.145480358353695,-2.498780975056584
0.006141734670420423,-0.01320212034955146,0.005303800961550187,-0.006390689769567162,-0.26342154150187097,3.5939112406701317,-1.1258135836269043,-2.493487733583328
0.0061317104053186,-0.013189979522735559,0.0052837548174487015,-0.006407369577227051,-0.2659147500428399,3.582277419438005,-1.1429194858143523,-2.4844535268019885
0.006166164605494056,-0.0132536402179788,0.005355114856491694,-0.006310183438981195,-0.2516222987183295,3.612047756661348,-1.0478934740614088,-2.5149198856105346
0.00630198977661037,-0.013407572119870115,0.005607175851338186,-0.006085210076896212,-0.2145587479632636,3.7433195604133083,-0.8147987464796218,-2.6146409502970727
0.006291248524659814,-0.013395839154875114,0.005587986799733383,-0.0061030118658079524,-0.21768432904287602,3.7339812492131386,-0.8333567510202772,-2.607663336073582
0.006280687224994123,-0.013384036745731484,0.005569003699329494,-0.006120869977305069,-0.22074359788869224,3.7247534593704974,-0.8518959436003865,-2.600685883159976
0.006270226295396454,-0.013372235418565769,0.005550077420605436,-0.006138631373814479,-0.22366655273041672,3.7154625983213916,-0.8703122600056918,-2.5936271583802504
0.0062597584080353414,-0.013360480043292914,0.005531012955850401,-0.0061561759568115595,-0.22649440214310293,3.705912721989043,-0.8885287391837283,-2.586391302232666
0.006249272870433754,-0.013348740708149136,0.00551179410051077,-0.006173552391176761,-0.22932429923358652,3.6961128453625176,-0.9065823236704899,-2.5789790920458766
0.006238845621080896,-0.013336972319137615,0.005492560250680476,-0.006190870846438205,-0.23216730366781127,3.6862137872277008,-0.9245440093239622,-2.5714641262701883
0.006176286833013025,-0.013265830991295179,0.0053746585346025645,-0.006292916856407674,-0.24882510920642895,3.6227082815055742,-1.0302138704282024,-2.5232166321419176
0.006186610851312931,-0.01327795311390025,0.005394436796760532,-0.00627572938192805,-0.245927406117712,3.6335124746948364,-1.012534922692769,-2.531530438909305
0.0062284844114649665,-0.013325201094029416,0.005473326541108689,-0.006208088392593684,-0.23494581523559374,3.6762098586830585,-0.9423792033052302,-2.5638498139047403
0.006218100375522056,-0.013313467992503637,0.005453934980031533,-0.0062250957793400065,-0.23764340204889925,3.6659376025620616,-0.9600193770131124,-2.556058934030386
0.006207635878606903,-0.013301731829564152,0.005434281936861273,-0.006241941233074907,-0.24032502460572777,3.6553325316946714,-0.9775166637671973,-2.548050720479399
0.006197107638101311,-0.01328991361703262,0.005414393942169461,-0.006258770097991427,-0.2430738814324955,3.644464237079451,-0.9949872977457314,-2.539847059831804
0.0061157918429915305,-0.013193050399451657,0.005256089864579513,-0.006393951131462885,-0.26458126477208355,3.555967728380456,-1.1335811928869373,-2.4714066685208187
-0.004887074229540856,-0.009518962251994232,7.642187068689068E-4,-0.008134517223249085,0.3017375177407284,-0.5131015315951601,2.4275038615682756,1.2626915009697843
-0.004897345142577909,-0.0094796966554111,8.284475766708207E-4,-0.00813521513774699,0.3141140943935521,-0.5528542217464566,2.4242589119873297,1.3099050526423515
-0.004888467831637756,-0.009499344141884985,7.952202734209463E-4,-0.008130645048715057,0.30665691889357444,-0.5330301551340778,2.422729580241892,1.2843422555890383
-0.004922708267914338,-0.00922549403448914,0.001229447581160526,-0.008070710753993522,0.37296112999017345,-0.8101213385372342,2.3480646884977303,1.5918290691874522
-0.004887489700875271,-0.009459272884934427,8.572496545542589E-4,-0.008117634731386174,0.31522229211966074,-0.5737304893733147,2.4090185688419363,1.3264204554937455
-0.004882491447595833,-0.009436611336455299,8.907507813249294E-4,-0.00810474220053914,0.3184229934640354,-0.5966267194288716,2.397023595909067,1.3476441069322291
-0.004881877735364809,-0.009414704140063944,9.243222826857284E-4,-0.00809687729202123,0.32279052663674784,-0.6186751054743814,2.3888384443968396,1.370315494052977
-0.00488531101776096,-0.0093966861698433,9.531977906015393E-4,-0.00809474445714418,0.3276651984859041,-0.636844841038789,2.385356560275071,1.3911286016475906
-0.004907068615393424,-0.009331617043626499,0.0010610418529444744,-0.008096303283872503,0.34821234341875196,-0.7029748851726236,2.3796244194498057,1.4719631881974369
-0.004875520365573795,-0.009375810504142,9.817744076481042E-4,-0.008076199955810008,0.3283897479381159,-0.6575688529728546,2.3690917880824194,1.40733290238798
-0.004876411093213729,-0.009349299107085441,0.0010225163418949997,-0.00806762984269001,0.3338798688935299,-0.6840212972963169,2.3597375210453255,1.435301818287123
-0.004891360304585902,-0.009303415228408623,0.0010980100985008014,-0.008067241581880838,0.3477570137098981,-0.7304359030041264,2.354383347488746,1.4916842539792317
-0.004897888869691284,-0.009271552168426546,0.0011490004284222643,-0.008061838461881016,0.35582268694423513,-0.7624831334263346,2.3466301558641263,1.5284742102902646
-0.004892879059471368,-0.009241072424501747,0.0011928976457315874,-0.008043205649193808,0.3591704536579774,-0.7921751878513784,2.328863568187025,1.5563050168718868
-0.004914557835563726,-0.009197587971279056,0.0012679395060418792,-0.00804877676074403,0.37429390579829963,-0.8370126604326397,2.327898511378926,1.6148149596050525
-0.004913723427189554,-0.009172754016633864,0.0013048179152331616,-0.008036295543692347,0.3777425912060175,-0.8613546022752977,2.315253577214634,1.639314764814231
-0.004918430259219524,-0.009144472692436371,0.0013493201309140261,-0.008028152390374311,0.3837687113140263,-0.8895582235165581,2.30543122687931,1.6709355588898427
-0.004905476075114462,-0.00887275124832975,0.0017338602190670176,-0.007861105885591177,0.40743676398477546,-1.1408965928699457,2.138934924591971,1.9163852287996086
-0.00489219807273032,-0.00885415749221084,0.0017511004149257082,-0.00783457939560774,0.40345931627610865,-1.1537878364694627,2.116117124195646,1.9212143930865917
-0.004916024045984032,-0.009114365719394925,0.0013928511674045159,-0.00801048316537978,0.3869570725582619,-0.9184705693953462,2.2879812641046473,1.6990635783951016
-0.004920583272407492,-0.009082275331131163,0.0014425697453444495,-0.007999241756839874,0.3929941466009245,-0.95009437996133,2.275081179962726,1.7339335950197072
-0.0049079516537175,-0.008902159500988716,0.001694383359725153,-0.007882262673644684,0.4062238264011272,-1.1153640525105162,2.1595855965290727,1.8925691668471036
-0.004914717139613491,-0.009053376108535039,0.001481832818484949,-0.007977261644593434,0.39423340559771886,-0.976803368414194,2.2542896339442637,1.757573441979406
-0.004915305705963288,-0.009024615322322365,0.0015240090307987485,-0.007962244854436494,0.39757787205918144,-1.0040991946611724,2.2387805694147684,1.7855254729088756
-0.004925398395566223,-0.008998749979119825,0.001567126467046924,-0.007959187763140611,0.40450008109342156,-1.0303138709848072,2.232662232144632,1.817954205887461
-0.004906999009454773,-0.008938410377929716,0.001642741085795392,-0.007903251985330284,0.4028788593150177,-1.0823767917920206,2.181129966851984,1.859163876939806
-0.004913336395669292,-0.008971069134092449,0.0016000168229088443,-0.0079296428815038,0.4023932252172245,-1.0537902137872788,2.2060887274285643,1.8343344988586388
-0.004918351585979886,-0.00969799643620599,4.876442417664363E-4,-0.008210928523327913,0.2665652161705152,-0.32693229463693646,2.4999285647071012,1.0829383174108675
-0.0049095496074096625,-0.009792646342884808,3.343443901326167E-4,-0.008214424734838353,0.23755509109957787,-0.22995645696407865,2.509994788800041,0.9754885573109379
-0.004916890534989377,-0.009715898098790423,4.5867414243635184E-4,-0.008212220134282312,0.261230620567185,-0.3085409386697177,2.502313880404817,1.0626691924854168
-0.0049182139455656556,-0.009737228456235736,4.246134293040349E-4,-0.008217103689383066,0.2557109007167566,-0.2863176435467341,2.507584431436628,1.0397889571930798
-0.004911348052698611,-0.009775901148144429,3.614836058891406E-4,-0.008214459240595414,0.24282471051638918,-0.24706035507204013,2.5087117426061027,0.9945680763406816
-0.004913919664183016,-0.009758699741681812,3.8947472386931595E-4,-0.008215175439923941,0.2484159709822261,-0.26456272102335077,2.5078779277790626,1.0144711132366433
-0.0049042290091136755,-0.009686155664665175,5.04097674362419E-4,-0.008192353145798298,0.2654912200549955,-0.3405113594816717,2.4853452229709956,1.0899036169966527
-0.004914837305365354,-0.009669164794683943,5.331818069603042E-4,-0.008201607568405468,0.2732756814055565,-0.3571228185061162,2.490724974480994,1.1130599843407707
-0.004906790808661854,-0.00964928932237122,5.633271381913253E-4,-0.008188347078134652,0.2760004064999269,-0.37833524222379356,2.47928972674081,1.1312421579889136
-0.004901899840116163,-0.009625973231161792,5.993669208845865E-4,-0.008177823820013806,0.2805226896444086,-0.4027304143635133,2.469505561986406,1.1544211966609357
-0.004897327592109622,-0.009602225085453586,6.359604683902257E-4,-0.008167274422425277,0.28503644348866747,-0.4274716249361587,2.4595868130658647,1.1780873651178079
-0.004892160745959093,-0.009579731861214016,6.702344426017631E-4,-0.008156023126302661,0.28894455177986583,-0.45083590254170286,2.449201013600162,1.199957425415249
-0.004888379250504323,-0.00955852226497626,7.026381402092469E-4,-0.008146426033290029,0.292854780824321,-0.4727082951071147,2.440108240635874,1.2209598796330907
-0.004886650478512815,-0.009538223317480924,7.339970488106927E-4,-0.008139198866065601,0.29710783651437206,-0.4934910601794819,2.432823015522095,1.241878548616051
-0.0049280342328910775,-0.010004833385233261,-7.879623056323721E-6,-0.008248414313981343,0.17797354421939884,-0.007850977150386044,2.5498017122763708,0.7485784946320451
-0.004909422657701618,-0.009936959329431198,1.01764758520136E-4,-0.00822547217577309,0.1948085197814826,-0.0808848111468765,2.5288174023011845,0.8170540243613603
-0.004924553386337538,-0.009988566498483602,1.8539493174300964E-5,-0.008244297149978326,0.1823284353531993,-0.025237043176345626,2.5457871049296625,0.7653661724062991
-0.004911279397019841,-0.00995382426531823,7.458621622199382E-5,-0.00822817589647336,0.19008777753875927,-0.06319023040901851,2.5319571464655373,0.7991624082388277
-0.004914307176891243,-0.009971067378886873,4.677614770152352E-5,-0.008232095178714538,0.18546845866310993,-0.04492967893902761,2.5359717990870365,0.7812468987627056
-0.004908680057279422,-0.009919496391956441,1.2991764181377832E-4,-0.008223880279306673,0.1999264484891519,-0.09901906144819962,2.526405651756324,0.8359594391849249
-0.004909858532665025,-0.009897441932705264,1.6556438725749537E-4,-0.008224094839993862,0.20688240930365745,-0.12161688026013627,2.524925682391379,0.8605665214801367
-0.004915753852437444,-0.00986116364391618,2.245405444116313E-4,-0.008228472212013395,0.21923189507175952,-0.15828968302695123,2.5253358750006414,0.9025341440240667
-0.004901809821473476,-0.009875340365936361,2.0063847733888736E-4,-0.008213255886180547,0.21143574757595732,-0.14553746585120417,2.5155261239687463,0.8819336901978477
-0.004908601018674646,-0.009809304817560744,3.074518144318367E-4,-0.008215214380282549,0.23250612091131553,-0.21285153699041218,2.511859149055017,0.9568458584483396
-0.004909081645769858,-0.009826183545209482,2.8034665812339633E-4,-0.008217537555536567,0.2277551699886076,-0.19534565453898287,2.514834146598627,0.9385054456217733
-0.004911156923328203,-0.009843591039800061,2.5250604542459355E-4,-0.00822160948622083,0.22320499907622784,-0.17708173197163288,2.5190907861588503,0.9201648062665048
-0.004955180443701876,-0.010365574134989973,-5.971440680894534E-4,-0.00824235694516427,0.06386735490261174,0.36881903742751504,2.569895941010706,0.3608666494240725
-0.004953042946782707,-0.01034981521931262,-5.712049643176879E-4,-0.008243057663492835,0.06888198242677664,0.35219745207680275,2.5693364690117533,0.3775076124079478
-0.004958033147958023,-0.010396099109605417,-6.471172966116927E-4,-0.008239083210976572,0.05398711975983172,0.4007526307668902,2.5697004384974895,0.32832606962108984
-0.004957783131182103,-0.010412018803866638,-6.727601938720293E-4,-0.008235126163684159,0.04865332340233496,0.41702533658183044,2.568092668928077,0.31096341890150536
-0.004944986084196508,-0.010388297604566605,-6.316254243812825E-4,-0.008225540416390542,0.05517872167809025,0.38993597928321,2.56009253044229,0.333742596466019
-0.004941599054125817,-0.010374997329000529,-6.094881894433611E-4,-0.00822446459031817,0.05919342371148733,0.37558584025965674,2.5584885566737636,0.3473797134820114
-0.004951348351085054,-0.01033361408685157,-5.446429309015889E-4,-0.008244219720785732,0.07408424821900995,0.335215730320297,2.5690601324016673,0.3947418823235345
-0.004951032082098673,-0.010300826912481261,-4.914241719832309E-4,-0.00824976455304337,0.08499216077037208,0.30147596737527765,2.570647424697771,0.4304245484960117
-0.004950350581145128,-0.01031697436483667,-5.174964884387658E-4,-0.008246128284065584,0.07950043219455127,0.3179245716317522,2.5692573382543897,0.4126344896413063
-0.004938374650611456,-0.010292790946137435,-4.7627105986789814E-4,-0.008236286552875198,0.08594809607563099,0.29062024975904044,2.5610201343973302,0.4360050847648422
-0.0049347537821060085,-0.010279171142225214,-4.5366798603713843E-4,-0.008234259902503129,0.08994438765483108,0.2759103561242406,2.5587425929880108,0.44992140160317323
-0.004930974066221263,-0.010262827930238786,-4.266811820221762E-4,-0.008232350337898424,0.09479413000406957,0.25838356666215084,2.5563563413169614,0.4667535587767731
-0.004932996339674853,-0.010229042458287162,-3.723172338486419E-4,-0.008239426422040601,0.10620060681065775,0.22409316800401288,2.558901755945201,0.5041341319139775
-0.004927729395936324,-0.010244448928023984,-3.9652718801977936E-4,-0.008231198427094405,0.10033818408049243,0.23887946425401935,2.5543436196251696,0.48593570708736766
-0.004932193928538735,-0.01019768340527083,-3.2140833182975554E-4,-0.008242278809655059,0.11637946365185844,0.1917040098755843,2.5587486022575927,0.5381836642681234
-0.0049276417442628215,-0.010213111914046256,-3.4586340161818404E-4,-0.00823515702181714,0.11057858281882418,0.2066837829119261,2.5549322354293245,0.5200950717472361
-0.004931658193461771,-0.010164950286994708,-2.6825503844726356E-4,-0.008245012898249594,0.12701960653014796,0.1579234669145412,2.558420445972539,0.5738548848059908
-0.004926701419918621,-0.010180549470947296,-2.9305878778650754E-4,-0.008237685989525461,0.12105838118258118,0.1730349044631103,2.554466783681914,0.5554126770098563
-0.004927043078479161,-0.010148644034884453,-2.4139366086905142E-4,-0.00824105683030952,0.13152202209504238,0.14027445125849033,2.5546128454973,0.5904123128378801
-0.004916453888967591,-0.010131791533634435,-2.132753939242565E-4,-0.008230009961140412,0.1350847352337844,0.12100948605234559,2.54585846866874,0.60581932999508
-0.004911447885610043,-0.010115188036523164,-1.861112909592277E-4,-0.008225319040021446,0.1394797133093395,0.10304307147177348,2.5414638413294095,0.6225095208310765
-0.004922707756987347,-0.010039724578671593,-6.44769884490667E-5,-0.008241753184095583,0.16575521334180723,0.027278714015921014,2.547587989268621,0.7085432383860623
-0.004921623192100443,-0.010020613129921457,-3.345879548971554E-5,-0.008240800462865768,0.17157871156634089,0.007376902865052415,2.5455938506597593,0.7291935572395714
-0.004906496697163904,-0.010049220694137601,-7.943872218880521E-5,-0.008222574831034855,0.15940390675993088,0.034352358226039666,2.5349004839772853,0.6931163180521372
-0.0049064721952205995,-0.010065361738827524,-1.0546984858955037E-4,-0.008222032608135185,0.15431996949845841,0.05095111921595686,2.53567074940347,0.6754644082015789
-0.004906846252702196,-0.010082048951197511,-1.3239442167234315E-4,-0.008221782656810563,0.14913074896888176,0.06817263090671348,2.5366809639986765,0.6573462211392664
-0.0049083403259506525,-0.010098785243172212,-1.594600321120573E-4,-0.008222678243546229,0.14411958929765148,0.08563553194205233,2.5384846214222914,0.6395119242214213
-0.004976560442801713,-0.010602860979522705,-9.84056389408635E-4,-0.008201873475115723,-0.012609291782140751,0.6167952075636965,2.558454776425965,0.10837139371688008
-0.004974880726178068,-0.010570193846794005,-9.314586731522099E-4,-0.0082108536556644,-0.002143474051845867,0.5829584946059948,2.5622898075213913,0.14330706634625415
-0.004974692519711523,-0.01058639084505814,-9.57215254827632E-4,-0.008205281821931124,-0.007395522716374807,0.599496705658778,2.559637807404575,0.12576949117644579
-0.00495737628639034,-0.010548921598643285,-8.919846721977598E-4,-0.008197165272775605,0.0037299604192777215,0.5570779312791175,2.5516792015582586,0.16264197361570595
-0.004961439071944225,-0.01056261897647037,-9.150481282655807E-4,-0.008197571369381184,-4.4306872295433845E-4,0.5720302007213717,2.552866821835702,0.14871079061811884
-0.004953793204921509,-0.010533151573017511,-8.657990864617307E-4,-0.008197842702077683,0.008595787816783593,0.5401293915728426,2.551081918600658,0.17890377360489307
-0.004951462315395164,-0.01051680581926652,-8.390838957446962E-4,-0.008200008951948291,0.013717855134367128,0.5228870002318619,2.551449450849224,0.19605094843299178
-0.004950270556342839,-0.010499655951118425,-8.114053431632651E-4,-0.008203580694122881,0.019172742374849092,0.5050857855156575,2.5527100440693364,0.21431469111149212
-0.004951637049191751,-0.010484409165036138,-7.874453527937888E-4,-0.008209449396836575,0.024260705215849044,0.48980455211951546,2.5556375892179575,0.2310931075644061
-0.004942084476326017,-0.010421900648734403,-6.849251419489638E-4,-0.008214405814523672,0.04384216490824467,0.4237232570408998,2.554826221512321,0.29661675952124583
-0.004945035630738966,-0.01046784112025058,-7.591827087522772E-4,-0.00820622715603942,0.029097216884317743,0.471372114210678,2.5523772471213593,0.2475565732978376
-0.0049330038663257594,-0.010450043922863488,-7.276497503243879E-4,-0.008196835236753979,0.03384609648056373,0.45051581918186995,2.5448541246887806,0.26410831509039445
-0.004927290045323592,-0.010432981538437795,-6.990362238709261E-4,-0.00819445713295505,0.03882719229156945,0.43183562177783535,2.5420995943194487,0.2812469176401682
-0.005049996572758761,-0.00815799979824922,0.0027517169300315977,-0.007426333081772082,0.44601731877532097,-1.7349503465819345,1.665887575785791,2.556264480384783
-0.005066783002224667,-0.008127760437654322,0.0028017154693408385,-0.007412469007837388,0.4485732642539893,-1.7617055698003707,1.6465246277924208,2.590034397368609
-0.005037032094434659,-0.008190768644837317,0.002702599565730853,-0.007445912169986877,0.4450250727715854,-1.7085438188771322,1.6892198308679125,2.525417456069914
-0.005018151463789992,-0.008163505013746283,0.0027140243312109022,-0.007400319149449425,0.4357836678362042,-1.7129585617658596,1.6537172437216654,2.5149617428628646
-0.0050239660439359984,-0.00822640940082592,0.0026499307029481532,-0.007467550112856931,0.4436559044730432,-1.68017347902868,1.7144218445600432,2.492733197262505
-0.005015054956029247,-0.008267403176653275,0.002594735036619944,-0.007497734175516304,0.444250396484792,-1.6502884020273956,1.7462756391699994,2.461465332429022
-0.005029501080988727,-0.008343611880088392,0.0025188441091959185,-0.0075836776388595924,0.45559244584821496,-1.6086424347977866,1.8237994703913465,2.4363776694936625
-0.005021723932750969,-0.008306877733586014,0.0025551788816438607,-0.007541628745283088,0.4499303355746314,-1.6288181426659758,1.7860379578344523,2.4482131376724148
-0.004996087992158857,-0.008361561730028083,0.002467008283896763,-0.007565244482534798,0.4442128265642219,-1.5793455771317992,1.817710486751169,2.387300539562072
-0.004981177351547059,-0.008393572701342568,0.002415383052807207,-0.007578329001275191,0.44028717974081644,-1.5502112654916556,1.8354301117259815,2.3514477888343017
-0.004949065631136762,-0.00841853856330436,0.002357326043608128,-0.007566884582332165,0.42955181598418385,-1.5176543328014633,1.8349712022383855,2.3010156270373723
-0.0049478883933874,-0.008454403337763193,0.002312891664142152,-0.00759632381524544,0.43049729372728374,-1.4919977441239392,1.8638238290134195,2.277170456686562
-0.004923423005377437,-0.00843549173139771,0.002315022738492159,-0.007554997772413157,0.42094224425054205,-1.4940309264645215,1.8319019978721947,2.2633036941555065
-0.004947582486527672,-0.008490511149680422,0.00226826525571931,-0.0076262977264066195,0.43167511674715825,-1.4660123965526857,1.892980908665134,2.2533433998421053
-0.00492243422538447,-0.008702326082152944,0.0019769002816357128,-0.007764104392412417,0.42218178012411134,-1.2918551719431182,2.0365607398974768,2.0738889253040753
-0.004950671442105222,-0.008536301178717039,0.0022135606880304345,-0.00766711209842809,0.4338975648908802,-1.4335142469659592,1.9319001046331756,2.2254256835504926
-0.004937455620150676,-0.008583419443888308,0.0021431651270730555,-0.007690602623341079,0.4291936094538992,-1.3922072491177973,1.9591286248170656,2.1785053493948325
-0.0049254826524933615,-0.008663567786160706,0.002030238571324026,-0.007738984354136933,0.4241840244698629,-1.3244292525288497,2.010672060697725,2.106954917456893
-0.004929691906644843,-0.008624816529769892,0.0020838903994375682,-0.007714325928401864,0.42617843483062673,-1.3568604497444203,1.9849629656856713,2.1403667026672366
-0.004904239659910502,-0.008732066706534663,0.0019243985336829025,-0.0077655749675596035,0.4142369024431725,-1.2611979049665913,2.043552012882929,2.033284760517336
-0.0048863606681103,-0.008709612010075238,0.001941378046976735,-0.007730350138011832,0.4082493447247055,-1.2734643704553141,2.013976233361134,2.034375022147082
-0.004890222072194447,-0.008755705913057053,0.0018831408617256888,-0.007766868365922644,0.4079232808901495,-1.2370101156856834,2.049041404088282,2.001486111091741
-0.0048979690448059865,-0.008788813423502458,0.0018439798090674445,-0.007797914172994982,0.40943776095134427,-1.2116630146304714,2.0776831185949507,1.9813980090027987
-0.004894629549063279,-0.008826146569037841,0.0017910495702773354,-0.007819102581319133,0.40617975338578644,-1.1787862126643616,2.099855366525899,1.9472371595815634
-0.004864491526728173,-0.008843190772712853,0.0017483072838326682,-0.00779719285503202,0.3937220854284967,-1.1555836597137457,2.0869488008417103,1.9069068977600552
0.005093368929976141,-0.008037510822702218,-0.0029254631326364544,-0.007344758721869022,0.4463004181339741,-1.8252123510108296,-1.573203908171994,2.658474755887918
0.0050639446805597135,-0.008005626611073277,-0.0029270441723914034,-0.007282818870824935,0.43211368809302864,-1.8214048893795927,-1.5285997498782462,2.6314173835141634
0.005059941059930086,-0.007964203112814486,-0.002964200187680078,-0.007234912159897833,0.4248864336694421,-1.8373957950697706,-1.4872685557803844,2.6388851621273752
0.005547936642253627,-0.006510068388495752,-0.004438770767403338,-0.005699655948212599,0.20820556919520647,-2.182425383514484,-0.2155393472793712,2.8872366774795952
0.005469255776975693,-0.00655031441514292,-0.0043242600551595956,-0.0057254206552737824,0.21380828084050732,-2.1505539690683837,-0.27149230454439927,2.836861140577842
0.00530107725772831,-0.006980208976136945,-0.003959573466898463,-0.006218255988407632,0.28861098864469076,-2.1392299137051505,-0.6187151669320873,2.867870638205893
0.005317987355081491,-0.006899008090693013,-0.004015724656959551,-0.006120993065873819,0.27366919638664117,-2.1385407308110342,-0.5536517663784678,2.854632958382187
0.005427184342285896,-0.006685859121806823,-0.004233466390536885,-0.005889953608820559,0.23858646833618843,-2.1630330675906055,-0.37268708890060326,2.8694270820360837
0.005401515765441168,-0.006595564850497795,-0.004223686626274338,-0.005759605032022612,0.21982909784381918,-2.1247698159025226,-0.3233703930181841,2.797781459464478
0.0053322166967093325,-0.006825311472689156,-0.004062347733816932,-0.006031470947206483,0.2600148620428486,-2.1350076001302116,-0.4965674454585664,2.8387675730312947
0.005355089860256414,-0.006743457135807603,-0.004120340747357252,-0.005934616339710915,0.2451971826798989,-2.132869491816374,-0.4334151995354859,2.825371356993884
0.005176830367696249,-0.007677252830368413,-0.003359416842985397,-0.007013412146113757,0.41068405626998905,-2.017441857672462,-1.2466249180285225,2.8409375557818892
0.0051606061514244475,-0.007719019450450434,-0.0033046103435903007,-0.007049105730001915,0.41433029516672504,-1.9945154113737114,-1.2837387878616515,2.816284105919457
0.005171801883093998,-0.007630913617763167,-0.0033915806851831745,-0.0069536311588631545,0.40036834465879406,-2.0245406770076726,-1.199888090582589,2.835568915018912
0.005134619809186791,-0.00764624247540813,-0.003334815370266405,-0.006941261524582855,0.39376211107250936,-1.9943118095879395,-1.2068179581473855,2.786521885296184
0.005195688806652914,-0.007562087337755948,-0.0034749719628115673,-0.006889579343520884,0.39237833915420633,-2.0561067018611454,-1.1370665368048465,2.866871932276606
0.005166495730176883,-0.007584511955953991,-0.003422089583534607,-0.0068933703472446066,0.3899120485035225,-2.0305599318480865,-1.1540359902080413,2.829095332210819
0.005187126941048051,-0.007510969399938054,-0.003502958150415668,-0.006820071862515553,0.38046855457659096,-2.057997129214117,-1.086884031594672,2.852768725478341
0.0051836209260383214,-0.007456658874176412,-0.003537821141361291,-0.006750471528264085,0.3686590898575623,-2.0626696832949594,-1.035569052516237,2.8438620179798715
0.005274341775096396,-0.007108861422740344,-0.003863749405179143,-0.006370403986403862,0.31215066359859917,-2.1341380438073436,-0.7263725982469486,2.8821444741261844
0.005248153782992023,-0.007037487617491,-0.0038647911787711505,-0.006262750403964334,0.2938068883004595,-2.1102374587846673,-0.672148304827905,2.828790614139953
0.005239758805856765,-0.007149254585540624,-0.0037981361823859637,-0.006401294965239697,0.3153567821237631,-2.112606465968342,-0.7634212941157049,2.8535593510561297
0.005272506888791728,-0.007365880401978943,-0.0037117420225156405,-0.006701889216762552,0.36801751041033276,-2.13607970374747,-0.9553818531979399,2.946211017212885
0.005239008696449664,-0.007400297218763033,-0.0036460500210886318,-0.00672120161561332,0.3678004737644294,-2.1088763581500234,-0.9866798472559318,2.9082756627208997
0.005271018378148193,-0.007319556444485611,-0.0037397325831518384,-0.0066411309222137475,0.3565778682774043,-2.1368772610411595,-0.9119636167310373,2.9348571389248286
0.00524920731050239,-0.0072727952261901615,-0.0037403421794787437,-0.006565855374026525,0.34296416704296767,-2.121452902440721,-0.8697518035107094,2.8960201538448143
0.005241056441493295,-0.007207860184526505,-0.0037677022489863645,-0.006477223715205204,0.3278155692236546,-2.115652255348581,-0.8128549436239109,2.870791709066314
0.005186473007784157,-0.007402815410350059,-0.003578357030965495,-0.0066858980086369766,0.3586244042637496,-2.0700659342131407,-0.9861584407206133,2.8409930675856394
0.005150532763641299,-0.007427035876817609,-0.003517664218278673,-0.006689541035118556,0.35547928562890824,-2.042395308693466,-1.0053956781101387,2.7995770775774003
0.005125264569098903,-0.007741518349670366,-0.003243853741531475,-0.007044910093809029,0.4088177447862263,-1.9626750264855233,-1.2962382675172075,2.767322316616298
0.005068828777099146,-0.007885995250117316,-0.0030492998846971195,-0.00715821697485364,0.41638252213122057,-1.8751194919518157,-1.4165437114544404,2.670373543446327
0.005032530560533079,-0.00791014631897239,-0.0029869963883925915,-0.007151862907933299,0.40931131623379136,-1.842015685371187,-1.4255214370924032,2.6196183257849266
0.005076048991704,-0.007852486877474063,-0.0030885422633601237,-0.00712768101704052,0.4132697366273642,-1.8922423083183193,-1.3874469628224928,2.686541036139313
0.005095957106284231,-0.007775155676365614,-0.00318078602694725,-0.007058223655240774,0.4066214349042661,-1.9320734187561694,-1.32003741328119,2.7252526946465347
0.005075145215969153,-0.007813485480185919,-0.0031231313822440987,-0.007083408530708967,0.406885994371565,-1.9055044282531706,-1.3498965326915755,2.6928639450856013
0.004973697574467696,-0.008626257418726843,-0.0021157816500592852,-0.0077630938991822855,0.44348576758978925,-1.3725072044951256,-2.0196598505632566,2.1833559605472295
0.004968320806003593,-0.008656601706981125,-0.00207153172973434,-0.007780388351854995,0.44124521414515544,-1.3457405043650226,-2.038624599412401,2.154452270097
0.004944305458335396,-0.008673834495748592,-0.0020306863327934133,-0.007767026019313973,0.4314467069659624,-1.3227515421420029,-2.0328441848662213,2.1171825211936035
0.004926623154191678,-0.008699680418693857,-0.001983450091678296,-0.00776672681073104,0.423940850335128,-1.295277500590051,-2.038013041997987,2.0798187979183065
0.004925659015278464,-0.008737249600088199,-0.0019325900378912605,-0.007792579135151441,0.42254994978256777,-1.2637567864046393,-2.0640930215496858,2.0488116937376426
0.00502888743713474,-0.008435786957373783,-0.002405654481342972,-0.007665784268194746,0.461037548121735,-1.543587043729967,-1.90449827417686,2.378687589115985
0.005036160909637746,-0.008407715239176869,-0.002446933844852801,-0.007648725932412754,0.46231094603277517,-1.567456188602149,-1.8851488824990756,2.405158086904915
0.005003620739743097,-0.008443856695447127,-0.0023736011935876363,-0.0076458777657902235,0.45145615064437694,-1.5255672410008836,-1.8936349405298152,2.344865278222314
0.004996815552826633,-0.008466020305012218,-0.002340181822485381,-0.0076577027992088265,0.44977462843186883,-1.5062516073204255,-1.9075629810226153,2.322766525446301
0.004982340975746153,-0.008490153432721149,-0.0022977269432940786,-0.007662734320614443,0.4449641137820573,-1.481831125704953,-1.917302035825662,2.2907330789385116
0.0049607829363192074,-0.00856485141871978,-0.0021853876537340886,-0.0077008729928064,0.43807727856572193,-1.4160093862747998,-1.961877765046588,2.215731405825387
0.004961567622149109,-0.008510167717847518,-0.0022553409193485623,-0.007657318660129764,0.4373353742223755,-1.4578172165899106,-1.9187035850190644,2.2548983067062793
0.004941352771854317,-0.008535375540807634,-0.0022071788735763815,-0.007656473130740694,0.43015862249356474,-1.4303424709436507,-1.9243904392445366,2.216494285376609
0.004948269950104247,-0.008597949966063155,-0.002132947585532574,-0.007713551950005005,0.43346032424474507,-1.3851626304300593,-1.9783920324097017,2.17877481403615
0.005013583264365271,-0.008377430285881822,-0.002463704504132464,-0.007597745701637981,0.4517142147082996,-1.5774425791367765,-1.8430857982888629,2.3978561096509208
0.005072940617703686,-0.00807529200306736,-0.0028643487224154387,-0.007364547242284016,0.44431808828754066,-1.7932414466546251,-1.5996213300230133,2.6186285195711254
0.005053405882833237,-0.008110939193350323,-0.002806260343842133,-0.007382147309455467,0.441913786306948,-1.7625237625563506,-1.6235540578287926,2.5801490584469344
0.005034851170524494,-0.008145634742583407,-0.0027500740904026753,-0.007398971545732711,0.43953175489190816,-1.7326575764004304,-1.64620626023123,2.5428749132830686
0.004987360805798689,-0.008249568804247384,-0.0025888334681165924,-0.007452980591847375,0.43287297323364377,-1.64592758516526,-1.7138255940440883,2.4380451534537273
0.004998049391029099,-0.00821284001096672,-0.002640134194520628,-0.007428571166848501,0.4333946792726728,-1.6734168626801011,-1.687260335525074,2.4683502071151584
0.005015913401198756,-0.008179567407751984,-0.0026942446535996854,-0.007413912022604108,0.43645228268534203,-1.7026309046641306,-1.6671383702729028,2.5049639140710975
0.004992217484811512,-0.008340667342072398,-0.0024882721850803904,-0.007542345991036654,0.44137887241123125,-1.5912753754234663,-1.7970146927083925,2.3949983426802954
0.004977861090796732,-0.008296584665044744,-0.002526444739586226,-0.007487345710709811,0.4331404848215382,-1.6120744690228934,-1.7495115491056876,2.402871502791158
0.004951221408889644,-0.008260704209554827,-0.002542459863691596,-0.007427516298366528,0.4211343081305835,-1.6198655395594563,-1.702579348756587,2.391522874379951
-0.005059915788700527,-0.007851144195479623,0.0030719057404563484,-0.00711189200623234,0.40858108170913265,-1.882089216534107,1.3803258080997232,2.666672543650158
-0.005045536632255389,-0.007814594961778014,0.003089144157113589,-0.007058933496427169,0.39868346587947523,-1.885548470186826,1.3410632224703383,2.6562664482776985
-0.0050365376581733125,-0.0079415874649726,0.0029612384350009625,-0.007189222513274846,0.41488868679512075,-1.8318775458051786,1.456357344066601,2.616319303027693
-0.005041600520797292,-0.007893999011367451,0.0030120918733847163,-0.0071425154637255175,0.40902928464249927,-1.8541747616267796,1.4138246875427838,2.6346829673821444
-0.0050500299071143395,-0.008096547727343098,0.0028181741959328946,-0.007364174896836506,0.43915729123239095,-1.7681450714504496,1.6081325456100848,2.5817953528782955
-0.005049905443728146,-0.008060276393891065,0.0028562054588535395,-0.007326701469974854,0.4344379336580467,-1.7863193522215504,1.5739806625124748,2.595239888674131
-0.005032265775620888,-0.00803264357089707,0.002866330949903757,-0.007281244156884379,0.425532403534755,-1.7886183320294773,1.539643453993593,2.583010290816891
-0.005032428941403282,-0.007988793850459119,0.002910649675221908,-0.007235535306765559,0.4196664454178504,-1.8089429573577507,1.4988108870168702,2.597619690981903
-0.005100189423510253,-0.007631298348687551,0.0033063250591910992,-0.006895645917017222,0.3828572247415148,-1.9736151649852955,1.1854487894883532,2.7437953535201847
-0.0051077716926808256,-0.00758473717683736,0.003351706377998616,-0.006846929451936822,0.3761069208453212,-1.9887583692817696,1.1437652069093465,2.7545068719360764
-0.005211204945988284,-0.0072339834259269,0.003714806782739583,-0.006491064187035592,0.3288299026044226,-2.0947504365381238,0.8368977141842083,2.8412017793216267
-0.005165616597952512,-0.0072906347933500825,0.0036241293788777064,-0.006531845213780995,0.33205086736071765,-2.062123213764568,0.8862505164185226,2.7984698829882264
-0.005105137142141905,-0.007524574290267903,0.0033937928804618207,-0.006773519448059199,0.36482141061176787,-1.9977428835627948,1.0881070911165132,2.7504627924626135
-0.005128114333987625,-0.007464785557299251,0.0034642996531421056,-0.0067190207968472445,0.35816548993787173,-2.022295461555468,1.0370246641833123,2.7754958755942614
-0.0051441791167787425,-0.007420798194265144,0.003514145041241082,-0.0066773050478732745,0.35316071713384906,-2.038425646191729,0.9992609099887245,2.7911347821824464
-0.005148736675467135,-0.007343029392202715,0.0035707835762634793,-0.006585162321609134,0.33936462711176,-2.047982013341617,0.9310836927971574,2.787033632480634
-0.005130333823868896,-0.007384860806105893,0.0035212281973665146,-0.006623549491239488,0.34424978139021994,-2.0321602201771105,0.9665897834341524,2.770584282373851
-0.005039332722526853,-0.007719778004398921,0.0031641979582973023,-0.006947723501252951,0.38255207884996884,-1.9098966186282793,1.2522175578712187,2.661959116711666
-0.005011264200241706,-0.007780954847492568,0.003080869126475417,-0.006992599068357999,0.38462753150253426,-1.8734722819183551,1.2996476924557152,2.6200540084861754
-0.005042754538160617,-0.007656669199480808,0.0032196883074105272,-0.0068789472256385745,0.37339920699681,-1.9285866512901728,1.1957806989980264,2.672085018560463
-0.005302741766686146,-0.007006209206745051,0.003950093936573731,-0.006253198909472159,0.29406131383546746,-2.1436315526933587,0.6390516166539051,2.879655339041427
-0.0053016636875818845,-0.00693351970859852,0.003980252515165008,-0.006157537597267445,0.2790863893649393,-2.1332447428314065,0.5830450966323976,2.850815061445088
-0.005502078523951924,-0.006468468300573668,0.004384821005597276,-0.005627788893193782,0.20006901570032246,-2.1439140276675452,0.2106352731536385,2.820307325415094
-0.005445042251116685,-0.0066908288036324984,0.004256001793122064,-0.005904374239967965,0.2403037094806269,-2.175117485299536,0.3701505979557827,2.890204420180992
-0.005457685727259682,-0.006600097882304728,0.004297106728596035,-0.005787688165388382,0.22317881484133514,-2.158309705232911,0.30643253186341957,2.8537075227015936
-0.005449273343801745,-0.006525310057577989,0.004303165979564204,-0.0056848937187196245,0.2085543700593965,-2.1323585587852545,0.26391761842089373,2.804861944703084
-0.00537299703435978,-0.006833504763567703,0.0041132902839048115,-0.006062210094883897,0.26506738085534876,-2.162492982833914,0.4918841660875208,2.8854946327828377
-0.0053971548633718796,-0.006766028660272863,0.004168740812288915,-0.005983800030339173,0.2527318289617692,-2.1635527138152284,0.4371177901150142,2.879122018814926
-0.005304248368461509,-0.006858637555874899,0.004013458716690274,-0.006061220644632534,0.2641318855151495,-2.1233191505498326,0.5271160707694403,2.823874002583177
-0.0053592046458400934,-0.0067081551930142265,0.004136771558014386,-0.0058900925374059275,0.23925244653908787,-2.1273948842047496,0.40875022627940777,2.812836257081716
-0.0054387379453084235,-0.0063813205756944776,0.0043167553044467935,-0.005492791955603086,0.18339393291182635,-2.084232614662103,0.18849506900872146,2.717029070187447
-0.005383283114002322,-0.006305787101957564,0.004257644037020635,-0.0053798419127942,0.17177157505139665,-2.035485707176442,0.17177920717889442,2.6342773447085333
-0.005247739427307873,-0.007099865560579262,0.0038339108269981256,-0.006342735610630588,0.30664527911206435,-2.1150288618765893,0.7223424125441474,2.8483190013443416
-0.005225013395276576,-0.007160100733554954,0.0037734914633809204,-0.006405987648493586,0.31570489921222694,-2.102687280517957,0.7738557975844234,2.8391020480161258
-0.005242947931337543,-0.007042169772930345,0.003855916702122223,-0.00626580458222937,0.29421589422279265,-2.107274985091435,0.6764403962673936,2.824678289105418
-0.005487637448905177,-0.00617440611501219,0.004405753967794981,-0.005239779524480883,0.1519783588853958,-2.04182078657727,0.07050530076363204,2.6401924397322802
-0.005410407679635257,-0.006223996026071868,0.0043028264933099815,-0.005283951477782375,0.15915240046674428,-2.0235586877007146,0.12332077215260669,2.6119189702641843
-0.005492382996383367,-0.006058418346768888,0.0044202156797183,-0.005094313479077136,0.13622374459694406,-2.0055945464687777,0.021022038034605485,2.5784481413482117
-0.0054502364142558265,-0.005938031789890677,0.0043738919848460385,-0.004938307878980642,0.12176244487147748,-1.9510772953028457,-0.006083033434379491,2.488813111882281
0.008196713989394078,-0.00252227925694367,-0.005800433691943358,-9.868320162359793E-4,0.01752862920707582,-0.6665255111500902,0.8074007817595102,0.7912310757798099
0.007777659893335285,-0.0031042041397211693,-0.005815210894517147,-0.0015065112228555366,3.441709381711404E-4,-0.9110692999097408,0.9075286813368451,1.1069524255036602
0.008031665702032724,-0.0028226825215939173,-0.005840818064265146,-0.0012168820720827279,0.010357323419809257,-0.769918111447443,0.8801074269580847,0.9283881702057657
0.008073161962462546,-0.002210452268312621,-0.00562958507805461,-8.924294882847894E-4,0.01838470476126955,-0.6796007006650805,0.6744396297551782,0.7839311629975674
0.00859384876126643,-0.0015535024826226773,-0.005638561493938491,-4.5778617425846954E-4,0.03224960067188242,-0.439838008858167,0.5143923064534387,0.4886726094362734
0.008323063944854162,-0.0019031832489809061,-0.005639630176109822,-6.694956159638401E-4,0.025166659779616463,-0.5620037362367096,0.6077994832283427,0.6370344882184087
0.007891308173179186,0.0015299596364396748,-0.005362589243847895,6.39152991079819E-4,0.01846151025023071,-0.6808424258422309,-0.43372725331877987,0.7520474968806418
0.008425029933123314,-0.0011508230425828043,-0.0054956190670464216,-3.6897948801933297E-4,0.028131573043465367,-0.48437395138762457,0.36471347395103765,0.5213381241973377
0.007889210533299744,0.0010871811458509951,-0.005281025716731612,4.468875427576911E-4,0.02043260292346699,-0.6533584887774718,-0.3050507943930366,0.7100547786273409
0.00856747381885358,-4.6391589739556397E-4,-0.0054519281939070215,-1.3405340729750963E-4,0.031338935971562086,-0.41818936718749006,0.1487279221065658,0.43604786289436387
0.008317408661157589,-7.815170552400314E-4,-0.005403923604831178,-2.626439626696176E-4,0.027686766032961652,-0.5082147384786032,0.23973164553871446,0.5422083830985964
0.008201325905853117,7.152666893902142E-4,-0.005355529779000847,2.5432008988667427E-4,0.025388877567404593,-0.5437414883924453,-0.2146268264923388,0.5780919607813352
0.008383121676586412,4.3777059231083665E-5,-0.005378787994020292,1.3819431837974074E-5,0.028838901167732103,-0.4762154873586672,-0.01372312502032405,0.496881216366178
0.0069575375486105075,-0.004233965350664327,-0.005672726880025487,-0.0027846228687219304,-0.026640869747228898,-1.434399138608326,0.8873931463638237,1.800864415336073
0.007224953857515171,-0.0035059205463217574,-0.005598243628393278,-0.0020453331623857315,-0.012407489760586123,-1.168607508305886,0.8343123437779091,1.4235207935728786
0.007140315896085274,-0.0036928978395582945,-0.005606929977583749,-0.0022301326198760183,-0.01702748436995305,-1.2365013932991833,0.8479976012168146,1.5165954845163059
0.0069980355914460975,-0.004051345818205739,-0.005633023398892427,-0.0025985428061636143,-0.023410297772134988,-1.3691817398246684,0.8679013262346523,1.703979975552177
0.007061100287590962,-0.0038703862953792683,-0.005613419857904777,-0.002412532725007552,-0.02014472378498627,-1.3029632723219,0.8559045598078622,1.6093678882039308
0.0067875192021418194,-0.00431011754914726,-0.005540304912298948,-0.002924653271840415,-0.022440538427458096,-1.4885627114260882,0.8126830676620036,1.861592561986082
0.007320969125074092,-0.0032944675262579293,-0.005585789738352346,-0.001846057612310805,-0.007886674855260968,-1.0948021122864853,0.8133958934521281,1.3218374468015262
0.007453566759220354,-0.003049980549591542,-0.005583035950309367,-0.0016196511418498755,-0.0029910394188578135,-1.007309919176322,0.7891642935381258,1.2030861502039032
0.005808677854301814,-0.006067504054490181,-0.0048323002143649185,-0.005161697140250423,0.12788349531371665,-2.13604010266144,0.13600125727580073,2.798145860521349
0.005715567617460767,-0.0061091698738692714,-0.004706837679324226,-0.005202039977559306,0.1373673109907946,-2.1155700358026572,0.06690380747658332,2.762006568379715
0.0056428256448813555,-0.006151563414784331,-0.0046087337388915775,-0.005244181838512821,0.14585980081308067,-2.101212177542766,0.011293315797034612,2.737744041969247
0.005537144422204188,-0.006425015109816575,-0.004439314234284455,-0.005580999205202477,0.19248837423125342,-2.148363057250192,-0.1716202843400789,2.825296738385583
0.005522333059447852,-0.006337571425983293,-0.004432502553584409,-0.005460260222337289,0.1768973791946252,-2.1120502243586334,-0.1316295091354055,2.760322638301346
0.005579595669687928,-0.006202749121824096,-0.004522241416127229,-0.005297678812820118,0.15479704253132084,-2.0921100716906373,-0.04176886284321149,2.723289130870379
0.005527403687380127,-0.006261128761636311,-0.00444846292759877,-0.00536132950489199,0.1645823794528943,-2.088539228233597,-0.09228068194721215,2.7188851832438004
0.005779321578483122,-0.00595060865038503,-0.004789862330846473,-0.005001505779272399,0.1125200464763376,-2.074494369044192,0.15999622622624335,2.6944118892081232
0.005769833436586481,-0.005847015291844324,-0.004772548589110497,-0.004865920620857434,0.10002692717162202,-2.0290384553072047,0.18708783524792846,2.6190955847625905
0.005861609087952992,-0.005684341123979532,-0.0048757467867101495,-0.004664306455996046,0.07750944000962502,-1.9889471861986918,0.2803822361041892,2.558409176976582
0.005773923809095724,-0.005733206331852784,-0.004769968685017414,-0.004721730278611982,0.08711795826460138,-1.9840908006270686,0.2200092699797426,2.5470461877207913
0.0059872946123963565,-0.005531292135340652,-0.005012284481438527,-0.004472012032416117,0.05576810501346021,-1.9546870823380453,0.38332334574682353,2.5106902962686384
0.00586910519431423,-0.005566332923720719,-0.004870831822801712,-0.004517140162253983,0.06622136043580151,-1.9425982905378076,0.3090180059502115,2.4848679638949918
0.006017709800476946,-0.005416508543595636,-0.005029326814991472,-0.004328804280545054,0.04478081208232091,-1.9117772520144196,0.4175478281259298,2.4448222641218567
0.006046348481444567,-0.00527892790961234,-0.005036491185730275,-0.004160846435257924,0.034114969732465174,-1.8599838497688566,0.44924717984136553,2.3654868797957214
0.0065764232712850566,-0.004500692619897407,-0.005400307781901105,-0.0031865393238017297,-0.014923158747815215,-1.577365606533805,0.7284521660872699,1.9754963209145642
0.006597307153848398,-0.004320845255546406,-0.005358325721050389,-0.002999994441757164,-0.015074835520249125,-1.515243958597509,0.7175838359653749,1.8815539254709506
0.006274387738905169,-0.004965106322883167,-0.005223547352731702,-0.003763766069304557,0.0058831543983722916,-1.7560811475911482,0.5920163721513793,2.221516936337684
0.006429734020076859,-0.004509832065309655,-0.005253310159515176,-0.0032380323574477976,-0.00818612264000585,-1.5898290513384419,0.653746777058013,1.9802185042112008
0.006348006962510282,-0.004805243940966781,-0.00525852394949575,-0.003570549829136689,-8.938060718312282E-4,-1.6964444358327355,0.6291540812976691,2.137014672399276
0.006382733820787586,-0.004650333759503699,-0.005248387756437719,-0.0033959606033240847,-0.004896233143292195,-1.6397941127978937,0.6394403148953042,2.0526742908931337
0.006079864398374741,-0.0051462652234702455,-0.005047082002140616,-0.0040017615645729756,0.025693963057787598,-1.8117356843302403,0.47748637502826224,2.293225976116227
0.0061232614658499815,-0.005011259207362281,-0.005065089719026125,-0.0038417869244075074,0.01678690403691992,-1.7643396445339068,0.5074009233444281,2.2227553524398265
0.00614179644168613,-0.00490081481927983,-0.005058801247622787,-0.0037159181405336784,0.013986336685091385,-1.7248206194997249,0.5195018452112764,2.1642125662608147
0.0073532823286461685,0.002128902387263673,-0.005229996837595309,0.0010877099413444202,0.009185243121809183,-0.8923202786733101,-0.5169761030275573,1.0154295422524162
0.007080524475213884,0.002372693015855674,-0.005127973311938426,0.0013110884500008907,0.007145389385763597,-0.9909866715149823,-0.5213373626682831,1.1395475314521355
0.007351423448648681,0.001724557574094331,-0.00513647961737253,8.635093198967758E-4,0.013404466926123767,-0.8499093556395437,-0.41613221141887363,0.9526156459774279
0.006057357651695225,0.0028295792487988084,-0.004515366588778442,0.0018669689106980312,0.01117782651396298,-1.2218310725087445,-0.36875354568059654,1.4252598536400252
0.0063709062397511685,0.002596940132748579,-0.004700854785419887,0.0016349100611932237,0.008539916224152275,-1.1506381593490393,-0.40756783836100485,1.3338210178849683
0.006717808757729281,0.0024127548121316497,-0.0049018764535894615,0.0014301807657987585,0.007133859148388918,-1.0695227008835893,-0.4520620959016171,1.2333369250138266
0.0055441315877746995,0.0033894746783976653,-0.004203490592386895,0.0023886318460431197,0.020244217477399264,-1.3405674310592481,-0.29285710762918277,1.5830185607590197
0.004534508887407966,0.004206327996255648,-0.003423999030442134,0.0031470464865071264,0.049368287585956246,-1.4226322438820895,-0.0780116590884418,1.688963366797622
0.004313232133764018,0.004361168834797299,-0.003237966443118564,0.003278234900526878,0.05446821259452116,-1.4199178371071197,-0.0335304469976741,1.685610655062544
0.005111176954410474,0.0037483435787163326,-0.0038860837889658725,0.0027325269112570393,0.03168590275101865,-1.3943056844161374,-0.20278572780983728,1.651632454578844
0.005268277515806472,0.003501200772819753,-0.003990786781056138,0.002511533627807126,0.025903692696662962,-1.3587713003907191,-0.23577947601761623,1.6050740140677984
0.004818137300914439,0.003816651176411015,-0.003644117845999341,0.002807421424962976,0.037993809550866224,-1.3909938400000266,-0.14633681840152213,1.6468533139996884
0.004579012670462388,0.003955158914519547,-0.0034507791622232402,0.002932281548383383,0.04415061778087578,-1.395201157441496,-0.10158964751659139,1.6506856086757857
0.003961734210517212,0.004350742544381408,-0.0029405951867486598,0.0032598801000544306,0.057677743424177655,-1.385191147434909,0.005088486486599074,1.6363353411387036
0.003641702685576842,0.0042591646999005466,-0.002678938039738794,0.0031728375526199116,0.05808151259652596,-1.3486472078040415,0.02419476159061825,1.5874640971231548
0.005707554312611503,0.0030553198384320086,-0.004284095834060467,0.0020976448471479083,0.016433729067269618,-1.282010899580514,-0.31100511132190883,1.502902924266737
0.0032439855487321157,0.004984516623100652,-0.0023259039983369247,0.0037324879569113896,0.06811548517967382,-1.3428439659355027,0.12256267335899694,1.5807448470990122
0.0033687437056404007,0.004681183701096993,-0.002444853254792751,0.003498944228146502,0.06424064376387326,-1.345155535670479,0.08228104453877588,1.583713088461676
0.002863546894919753,0.005138537231187232,-0.002013800100035414,0.003816455577743502,0.06740796754595647,-1.3001052135624727,0.14823637711712315,1.5243563231839679
0.0033655478220548513,0.004380473942536594,-0.0024540963128940846,0.0032578133577822956,0.05968040652751023,-1.331678793459824,0.051918182965296704,1.5632825475564276
0.004890660182003534,-0.009193825365042064,-0.0012626424025967383,-0.00801967831730085,0.36577253515162594,-0.8383383636423948,-2.305182556922386,1.6025002391384875
0.0048875147558135445,-0.009167252628098576,-0.00130065154118387,-0.008003752341403172,0.3685640086544386,-0.8637897967691125,-2.289727037940722,1.6268018569389437
0.00491015941607759,-0.009773009754154498,-3.659745959758553E-4,-0.008212698228468146,0.24331197898612258,-0.2502293937693601,-2.507223903503785,0.9973365391413834
0.004903730212741132,-0.009790956947226788,-3.3636214888533374E-4,-0.008207430915464657,0.23639845731278644,-0.2324298311821619,-2.5048163108977093,0.9751408030299701
0.004897313968589882,-0.009760757935815805,-3.838928358658298E-4,-0.008196080218129386,0.24312455247494036,-0.2642929052228958,-2.4941691485941657,1.0056201412821149
0.0048937817031157104,-0.009719279012990288,-4.495370767995699E-4,-0.008185806389055255,0.2534982935828694,-0.30738210990145814,-2.4833034569802552,1.0494131813533876
0.004895333455930571,-0.009743254346332431,-4.1156205663726956E-4,-0.008191292896361018,0.24737510888885292,-0.2825380237715676,-2.489269099821751,1.023921202956621
0.004883145506658661,-0.009697741184943421,-4.819731886232872E-4,-0.008169862450953929,0.25617640945360326,-0.33045221762113125,-2.469814327107384,1.0683067834275415
0.004871777815445498,-0.009712686134727033,-4.564263586280556E-4,-0.00815919459541721,0.24891870107876368,-0.31608331584978405,-2.463272407493192,1.0473004100588066
0.0048918736288166165,-0.009461819057593027,-8.546408924779461E-4,-0.008123480564632182,0.31615252948042766,-0.5711283896427714,-2.413679045451947,1.3260509168889667
0.004875754353828711,-0.009438612510680133,-8.855076291903367E-4,-0.008097614152999281,0.31569486734344937,-0.5946313521472247,-2.391879930322954,1.3419199011037202
0.004872686364260837,-0.009215005223072665,-0.001223029162086336,-0.008008744420915379,0.355832045074534,-0.8158935281123793,-2.2994613642226,1.56937665268145
0.004895471962400657,-0.009380104415615322,-9.822417184145475E-4,-0.008100698569822595,0.3346006407031487,-0.6537874850953601,-2.3881369185908845,1.4143201412966724
0.00486321897130933,-0.009417035135878904,-9.145581890126183E-4,-0.008076196758894365,0.315795102560411,-0.6160852433245502,-2.3734855433731203,1.3575590500060053
0.0048663401585408265,-0.009393211888831018,-9.520012098870877E-4,-0.008071739044227718,0.3217969750113285,-0.6399579671465484,-2.367600283382726,1.3840690711934116
0.004886547695658708,-0.009349086212717727,-0.0010265862968958609,-0.008079199030441896,0.33750144165900653,-0.6846479031821863,-2.368512099326891,1.441514407801541
0.004880117616959654,-0.009320317870324425,-0.001067956631446918,-0.008060941832880935,0.3405596038701986,-0.713062186044262,-2.351460276215571,1.4674329044544063
0.004876517033929315,-0.009290367583244455,-0.0011118399262202326,-0.0080450131296586,0.34457326849414494,-0.7425028006252475,-2.335954001291818,1.495903863730755
0.004879504075354781,-0.009262588665730187,-0.0011548726127205676,-0.008037026727513831,0.350516275147607,-0.7700282372073007,-2.3266690007146633,1.5259692661598934
0.004858555749517321,-0.009240780136714744,-0.0011785763282826022,-0.008003937664975496,0.34659743736016124,-0.7895157762978476,-2.298984342263378,1.53450708072123
0.004891276539255685,-0.009603630920039668,-6.323712865455032E-4,-0.00816055533693866,0.28276162754898215,-0.4263917909479437,-2.4547350372660106,1.1737550066607598
0.004885337563288115,-0.009623756762653736,-5.99327575291528E-4,-0.008158094458454791,0.2758886249197239,-0.40613982948481725,-2.4547080672436614,1.1492923806228985
0.0048784250115265475,-0.009679141374077563,-5.105565068175513E-4,-0.00816108176402202,0.2596098922185783,-0.34990218523918704,-2.461769860636761,1.0863974966055
0.004878271348973607,-0.00966071699505633,-5.396063210673046E-4,-0.008157436527506617,0.2643315680617158,-0.36877873623808655,-2.4574791300275867,1.1062259939401808
0.004881245959281578,-0.009642179002801034,-5.694275407286882E-4,-0.008157202971570833,0.2699825140585224,-0.38755115295498527,-2.455669198619954,1.1275560715432595
0.004873338589698728,-0.009582802544350238,-6.609259690367134E-4,-0.008134946150999647,0.28223803934108566,-0.44862637064755173,-2.4338108168294816,1.1876889378234823
0.004882635107999618,-0.009486189987240408,-8.140063641814687E-4,-0.008120094731481805,0.307647235984361,-0.5465080078850421,-2.4135198239085125,1.2952914105877527
0.004874485525575966,-0.009511743198550032,-7.719928692603097E-4,-0.00811796765334146,0.2991680369995344,-0.5207516885315194,-2.4144063360656847,1.263969962889
0.0048720378852150185,-0.009535492871906364,-7.344030504361074E-4,-0.008121577855132088,0.29299842418328087,-0.4967464581632736,-2.4193924526417834,1.2375174379365548
0.004853573361529629,-0.009545733750302425,-7.136942320758763E-4,-0.008102984319653428,0.2848014776286914,-0.4868443327659369,-2.406540422255259,1.217511001647101
0.004848762261262589,-0.009564854859539137,-6.828921387775844E-4,-0.008102280453049558,0.2788848903711601,-0.46771110031099833,-2.407861356499781,1.1949664151697121
0.004908318144006542,-0.009839196595863525,-2.5932469304689674E-4,-0.00821789390079105,0.2237588706302903,-0.18203720088554307,-2.516098302850406,0.9239988471457209
0.004893974096773938,-0.00981082368515128,-3.0342298213403726E-4,-0.008198323578022254,0.2281181368007781,-0.21309083761533928,-2.4998042032523577,0.9496529305544595
0.004895669516080851,-0.00982805889974232,-2.760055399966723E-4,-0.00820207905154148,0.22362411716840996,-0.19512428961234174,-2.503861621076664,0.9314656134858371
0.004902668158544708,-0.009856115075291898,-2.3161457149396654E-4,-0.008212775425752243,0.21729026195223014,-0.16530223259220136,-2.5137146281343714,0.9033575062528602
0.004894653449117663,-0.009874859085641972,-2.0089858879380576E-4,-0.008204878775272683,0.20975476910367233,-0.1470239715853228,-2.509504471156983,0.8799286313147477
0.004890345003276771,-0.009893471426122005,-1.7077534578387537E-4,-0.00820110157862426,0.20321402705754932,-0.1284344435468545,-2.508238101952039,0.8580560909502261
0.004889607952949822,-0.009910793940991135,-1.4297757470728404E-4,-0.00820122031518713,0.19792196818109906,-0.11071536454346025,-2.509650755619458,0.838894496842337
0.004925269012341644,-0.00999319217487238,-1.1035243367612614E-5,-0.008245162344943548,0.18105335752647014,-0.020326586490727726,-2.54671328262693,0.7604971058517475
0.004927937771074361,-0.010008269538007358,1.346294317515008E-5,-0.008248291758609767,0.17691306760815179,-0.00430903674089071,-2.549951224137284,0.7447589049976165
0.004895038335936174,-0.00995750575225043,-6.823478196098835E-5,-0.008209325151128773,0.18519738015843404,-0.06188170245837059,-2.5189210584067334,0.7897502649440371
0.004891337047063187,-0.00994363236646663,-9.040070518830112E-5,-0.008204615671191892,0.18851794255816542,-0.07669644610017594,-2.514550804742735,0.8036515554566656
0.004889715764469929,-0.009927198876944383,-1.1669133342166186E-4,-0.008202112785513575,0.19306896499461987,-0.09382411642012546,-2.511532195072364,0.8210253585069468
0.004907487697708064,-0.009983960493655429,-2.5852169730471437E-5,-0.008224300864737811,0.1799357963496768,-0.03272456934549855,-2.531421816257201,0.7648993816129802
0.004889549269328073,-0.009971238397029944,-4.6076737859698556E-5,-0.00820322422261893,0.17979723230465916,-0.04857420653264253,-2.5156429058688143,0.7729295568857676
0.004943440914431643,-0.010064410349439303,1.0526996475466445E-4,-0.008265349306532709,0.16217126141922014,0.05641113644716068,-2.565628776941556,0.6876921672922767
0.004942002239598044,-0.010049044793548652,8.012481626481707E-5,-0.008264148694395472,0.16686876306938558,0.04027445940383249,-2.563764693081936,0.7041891178254546
0.00492816361877342,-0.010087407084367152,1.4208067932264194E-4,-0.008246444908002845,0.15161509463744108,0.07742726521831678,-2.5541329301413893,0.6578254390709813
0.004930769205892881,-0.010073509471216296,1.1961041998803909E-4,-0.008250126900684777,0.15663738983908568,0.06355774811760467,-2.5557225537419983,0.673863366773653
0.004933598042207088,-0.010182382113332852,2.967388003034049E-4,-0.008245570019942583,0.12167296426977744,0.17625393940606854,-2.559970926455601,0.5552822006015053
0.004929869224055557,-0.010167097665646056,2.7156936238818867E-4,-0.008242715899655598,0.12600695779684848,0.1598174380387463,-2.5569964436457564,0.5709802829722522
0.004929714018320379,-0.010151463074955052,2.4619127645886767E-4,-0.008243942750135985,0.1311091706096903,0.14369960249911704,-2.5567758902393845,0.588049551066579
0.004931548552225123,-0.01013755374720807,2.2375868317806063E-4,-0.008247227882587607,0.1359868031118869,0.1297198645819366,-2.5580816257908507,0.6038057099769868
0.004925786927942643,-0.010104204930499924,1.6922373099225656E-4,-0.008242755786241425,0.14573598371101168,0.09430858135202781,-2.5527398297098576,0.6387067495692661
0.004924641668289584,-0.010122803567010761,1.9931437094749938E-4,-0.008240225378351057,0.1394910930119495,0.1132515756161088,-2.5522724521824274,0.6179989529569384
0.004928196897516559,-0.010041878470547463,6.809934289100145E-5,-0.008248134070680023,0.16627007498870297,0.03045291923868786,-2.552167739215116,0.7078587573768172
0.004922433009530018,-0.010025285981180992,4.104811869740651E-5,-0.008241691532724055,0.1702946119526698,0.012336339160386369,-2.546539541992574,0.7243151717227817
0.004930200548286535,-0.01019741317576284,3.207474046513221E-4,-0.008239974632541195,0.11614424510088962,0.1910632774623432,-2.5571668477309775,0.5379162669878886
0.004929833384733722,-0.010262938418568636,4.266884749106723E-4,-0.008230998961335027,0.09460202053720333,0.2582793992560583,-2.555446733829108,0.4663298177204456
0.004928847443121428,-0.010246511527685864,4.000139222630231E-4,-0.008232217653824902,0.09984280883029223,0.241226636951232,-2.5551747324432483,0.483973901206826
0.004928193769564183,-0.010229941994546824,3.7314813331127376E-4,-0.008233689704283611,0.10517142390206509,0.22408931162366616,-2.5550664026235492,0.5018682717136494
0.004928408331866444,-0.010213322951751492,3.4629777877854406E-4,-0.008236027055697743,0.1106522857922453,0.20706427659441587,-2.5555440826791265,0.5200584766663909
0.004983989547577997,-0.010665862091273912,0.0010866203500825749,-0.008187717368593042,-0.03241232509856772,0.6830875594858511,-2.5532022719268,0.041881921208098194
0.0049905503480100494,-0.01069747158013011,0.00113906967422037,-0.00818306361552597,-0.0422203016865409,0.7170517798194274,-2.552233953974813,0.009108323117029393
0.004986517237842895,-0.01068206983484428,0.0011131868144369785,-0.008184425234384852,-0.037467023646350156,0.7002892612948265,-2.552093986098713,0.024918728894929524
0.004979567856842273,-0.010707750792543902,0.0011508108032686226,-0.008166091775786378,-0.04563677289399744,0.7247666999879713,-2.54147573930896,-0.003982856087532147
0.004952777341731773,-0.010333724983383141,5.450948172922128E-4,-0.008245874839285872,0.07424388062181048,0.3356499760499054,-2.5701807025207484,0.3949419384657235
0.004955660685946309,-0.010365780853594242,5.975808222734624E-4,-0.008242876399778255,0.06387569479654874,0.36916107108185875,-2.5702601278105903,0.3607229042000863
0.004953250453334602,-0.010350116302896476,5.717355172475207E-4,-0.00824324090678519,0.06881991595440086,0.3525766930104877,-2.569482429043387,0.37719601343560333
0.004943998989541592,-0.010375240892898834,6.103935275512962E-4,-0.008227218701999682,0.05940233465072893,0.37637503956367163,-2.560361157153159,0.34765541122526306
0.0049424993998487396,-0.010388664559218774,6.316670067735651E-4,-0.008222548829003447,0.05480858679522877,0.3898052616146425,-2.558108257647433,0.3327286157329649
0.004941035762419762,-0.010404380573065478,6.565803626329443E-4,-0.008217294473630551,0.049487109061084784,0.4055796694676141,-2.555612329804473,0.315344541328105
0.004941183466577287,-0.01042107494016042,6.833851069705687E-4,-0.008213549743279867,0.04403444548698778,0.4226952764480818,-2.554198253639657,0.29729112181375233
0.0049378475521230925,-0.010326174930452046,5.300881494904509E-4,-0.008229801805417611,0.07487096953518978,0.3247792822038476,-2.5588557860634253,0.3995054625266347
0.004939455654373656,-0.01031227872255849,5.079496238192094E-4,-0.008234203263669006,0.07967832495975365,0.31086137231097444,-2.5609021863652788,0.4150236127886887
0.004930755604015123,-0.010279531207181539,4.5361537000341515E-4,-0.008229525591541305,0.08929198620812438,0.2754858395439495,-2.555558607285953,0.4484965975036916
0.0049320016007687525,-0.010297820323564962,4.833231468140807E-4,-0.00822798771782293,0.08344494447763655,0.2944933747591793,-2.5557419727951047,0.42890718552929996
0.004956586725721631,-0.010518502142334074,8.432979527654187E-4,-0.008205495719758973,0.01354496900247694,0.5258178938742285,-2.5552496823694053,0.19529465481225497
0.004970489027690965,-0.010539621170349548,8.812254549730932E-4,-0.00821539517155454,0.007599044687075506,0.5506485488004175,-2.5632913990880195,0.17541228683046295
0.004955211697220423,-0.010532718964597072,8.655406435818098E-4,-0.008199630150979844,0.008838863795174992,0.5400333724651238,-2.5522588618041038,0.17965208890127873
0.004975341234963245,-0.010571237126963536,9.332742273308266E-4,-0.008211053481934726,-0.002422518818019547,0.5841467047838401,-2.562488944414564,0.1422537712336047
0.004971768945985587,-0.010555893160476384,9.076293050404013E-4,-0.008211806421067292,0.0023651910219820234,0.5676047902968387,-2.5619713971844083,0.1580879040559394
0.004963752631212204,-0.010581718908303162,9.461409139834224E-4,-0.008194040237238102,-0.006437563681771218,0.5921246667100567,-2.5517773575568072,0.1285609020484656
0.004963013814086386,-0.010595670770937484,9.680125726166117E-4,-0.008188490457528815,-0.010940701799414256,0.6062040506990066,-2.548983057320956,0.11337558403744617
0.004962355389305427,-0.010611637971507238,9.93044058830087E-4,-0.008182222040239218,-0.016053817958966213,0.6223512594077345,-2.545834127529138,0.09605424833405792
0.0049630343541399195,-0.010627849126597248,0.0010188718502559264,-0.00817728153478582,-0.021151791590466124,0.6390652399967175,-2.5435937939944817,0.07874862472239984
0.004964503731526783,-0.01064392252949322,0.001044727519290361,-0.008173162588360676,-0.02615114086764503,0.6558290563750538,-2.541898088182224,0.06175477491622667
0.004966392388360871,-0.010659938948974051,0.0010706201335787136,-0.008169404823780252,-0.031101128612327566,0.6726393711645428,-2.540444133955185,0.0449079325900763
0.004942444716753886,-0.010439587864814127,7.133393132914132E-4,-0.00821049319928048,0.03810001045517735,0.44190829340061727,-2.5533713635917175,0.2775366014179992
0.004947857702197525,-0.010485561716396363,7.882413550057598E-4,-0.008204715294213872,0.02359607296658665,0.49013572859792104,-2.5525375605335294,0.22901394202854966
0.004931410594434415,-0.010477305621960878,7.705943294612441E-4,-0.008187798106825175,0.024914234382551362,0.47796989209217283,-2.540572917107616,0.23437330808235354
0.0049339951588285545,-0.0104595487404294,7.430447150297525E-4,-0.008195533845091084,0.030840329555167013,0.4604260265287407,-2.5446131515772197,0.2540897486105304
0.004948479234246314,-0.01050407751010916,8.179414246024469E-4,-0.008200224914696843,0.017630210619216543,0.5092033594330316,-2.55075223561434,0.20914673935374253
0.005055047329637805,-0.011056763090168838,0.0017257409896275506,-0.0080770788756361,-0.1480078615604363,1.1026299188932613,-2.5054953132808646,-0.3656233180234599
0.005058419301390152,-0.011072221127318002,0.0017509694717123363,-0.008071493917470971,-0.15225281230987442,1.1194814259744401,-2.5027642981382296,-0.3816739183788815
0.005009724526412071,-0.010823890593092677,0.0013453006778489137,-0.00815034400894763,-0.08088164755949427,0.8513807858648615,-2.538904023924925,-0.12332018647784095
0.005013287829679177,-0.010838753853484926,0.0013700692286743815,-0.008147411412526956,-0.08534290747500926,0.8675495053754446,-2.537966190966067,-0.13866178752405936
0.004997520135992373,-0.010760880779081614,0.0012415453788162892,-0.008164723154512112,-0.061775515612965515,0.7837128894308338,-2.54422859512953,-0.057813398268717474
0.005000823040262152,-0.010777126773698726,0.0012683873819227095,-0.008161421528749291,-0.06670773953645144,0.8011832992278852,-2.5431228022782837,-0.0746684226233776
0.005006865857880893,-0.010808248468213306,0.0013196447928490956,-0.00815433156005557,-0.07614839611911363,0.8346102498182754,-2.5405033003563307,-0.10702134195144407
0.005003870042629268,-0.01079275391087496,0.0012941374611244226,-0.008157947445675011,-0.0714704914103881,0.8179697222414376,-2.5418667139590916,-0.09091308666307991
0.004979014794857633,-0.010721485899975045,0.0011720879430853236,-0.008159832959674684,-0.04987568702036574,0.7386419948908599,-2.5381811115995494,-0.018825249541980792
0.0049788300185954005,-0.010737552930270329,0.00119709959274384,-0.008152914356479378,-0.054797042838789355,0.7549799404123116,-2.534589901746298,-0.03608438958789966
0.0049797560713384335,-0.010754544115344726,0.0012239561892409788,-0.008146743813746951,-0.05994392564739697,0.7725408858889437,-2.5315651224068314,-0.054120634685292705
0.005043989656025447,-0.011010477262820095,0.0016494554916559056,-0.008091824199415882,-0.1350839183343088,1.0519423377864945,-2.512266808561677,-0.31772425108255614
0.005049675517567892,-0.01104205588892758,0.0017004060831261748,-0.008079741849211399,-0.14381411625277238,1.0859253171766496,-2.506224397703178,-0.35064170574688897
0.005046513042879326,-0.011025951027141571,0.0016742866032179603,-0.008085672252402329,-0.1393566849312224,1.0685124217495536,-2.5091457201724823,-0.3338911872086372
0.005032718378820179,-0.010963566914352485,0.0015719158507190884,-0.008105382237804772,-0.12171062291743316,1.0006560437631309,-2.5181612799799953,-0.2692385584734642
0.005040140687276442,-0.010995467778944439,0.0016245249514755375,-0.008096023258505496,-0.1308028454933001,1.035439549126984,-2.514048730407921,-0.30223354695821075
0.00503578547602881,-0.010979799321958472,0.001598294805239137,-0.0080998694862882,-0.1263179012437737,1.0181353080261657,-2.515544518877761,-0.28612644288211647
0.005002363787803482,-0.010849291579232496,0.00138106632559762,-0.008129556305575401,-0.08825400265142523,0.8752770950143978,-2.526493567963867,-0.15172421836949343
0.005017266174735355,-0.010869564245123677,0.0014196900894051635,-0.008136934644847058,-0.09448447131111622,0.9001628863838995,-2.533022649383047,-0.17104393704538098
0.005001720143707719,-0.010863343067042595,0.0014023744916190418,-0.00812190526961424,-0.09231899824625305,0.8894134318956469,-2.522242490790583,-0.1668408283483438
0.005023585420172708,-0.010901357094627917,0.0014718790204937074,-0.008128124455784322,-0.10385320384903984,0.9344389669221016,-2.5292863201333375,-0.2040827692753764
0.005019437094306204,-0.010885869325612503,0.001445921074788265,-0.008131241901225432,-0.0992776915671061,0.917435890890958,-2.5302996210725373,-0.1881585909206744
0.005012917238550357,-0.010912247788066253,0.0014830034692079543,-0.008110013072329007,-0.10660987104240349,0.9424490732303179,-2.5175760803622906,-0.2173352015382402
0.005015258851872765,-0.010958255315937346,0.0015542077240956011,-0.008088019205975015,-0.11948606832684906,0.9899332799499238,-2.505664167756212,-0.26600603122314853
0.0050134713963477275,-0.010942015462752893,0.0015286216685816804,-0.008094806462630852,-0.11494452127362854,0.9728947721709976,-2.5092004057952058,-0.24897705102152992
0.005013038452740554,-0.010926122224799294,0.0015042273290095094,-0.008102829292962356,-0.11050370752399395,0.956606129990485,-2.51361244582697,-0.23211226272801957
0.004914424889436369,-0.009058052336231073,-0.0014748463879847397,-0.00797942220501374,0.3934828124258482,-0.9723109961919362,-2.2566049640590915,1.7528320626931961
0.004906754433817193,-0.009086331414414787,-0.0014294166108157007,-0.007985586110583025,0.386973105879195,-0.9441319382709715,-2.2652127283719747,1.7197441265435134
0.004885030924481393,-0.00911766124565111,-0.0013724664941804504,-0.007976860655271116,0.37459148678812765,-0.9110286422387811,-2.262844409708911,1.6736309805360612
0.004875645292900157,-0.009142404275791658,-0.0013315953781530777,-0.007978404172647523,0.3676532885355555,-0.8861409064864796,-2.2672687736332304,1.642970255468006
0.004926116605891126,-0.008958142580667445,-0.001626017386686813,-0.007936472177694241,0.40859868766886315,-1.0683882764548605,-2.209256001417444,1.8565869213559176
0.004922293682246421,-0.008984535572388475,-0.0015858740641147297,-0.00794754228855965,0.40466766289102185,-1.0430801178125437,-2.22165843174363,1.8289066714616773
0.00489297882302097,-0.00903378960730209,-0.0014984776937157559,-0.007942048826620281,0.3878910560008342,-0.9915087062491023,-2.224792941332664,1.759736873722913
0.004905093360455363,-0.009005659139190636,-0.0015456817394211427,-0.007940128547457943,0.39572862259801905,-1.0199722665460988,-2.219206812405344,1.795459760610543
0.004922066298969599,-0.00884818936157482,-0.0017785992003524341,-0.007863802693331546,0.41563953094420164,-1.1670593902425563,-2.1367475380904666,1.9521864541849336
0.00491670347455087,-0.00877599368120098,-0.0018740773729895765,-0.007809718771594749,0.4173791359423396,-1.2281495433319438,-2.0839369413868654,2.008762872375483
0.004916542750908363,-0.00881309632902028,-0.0018233833666194833,-0.00783461700773177,0.4155538487153821,-1.1962493470687539,-2.108941673291507,1.9774949843648912
0.004906213880965666,-0.008934424412231103,-0.001647894282566221,-0.00789996808225532,0.40300857257147804,-1.0857668830019331,-2.178039410369708,1.8620298582558121
0.004890610417018194,-0.008906266066619258,-0.0016779553757086756,-0.007865499875625648,0.3991629937555651,-1.107379679674035,-2.1478492159057465,1.874430256376609
0.004897827785643051,-0.00887392036002532,-0.0017274058605812432,-0.007853367529705878,0.40445994213121894,-1.137854183484473,-2.133478011632587,1.9088652081347364
-0.004992704690934124,-0.010712641256745446,-0.0011638326266840769,-0.008179459465173566,-0.046953758814405104,0.7331028005227523,2.550848839497301,-0.0067940407064278315
-0.004990812596785366,-0.010696672168889738,-0.0011379145675316097,-0.008183689775004424,-0.042001539726681664,0.7162853461943647,2.5526039770310622,0.010039585339830156
-0.0049883131824152325,-0.010680639390630105,-0.001111631421958896,-0.00818708596213819,-0.03699974517522036,0.6992498033022848,2.553790681332463,0.026833613109521207
-0.004986632903522692,-0.010664860945048194,-0.0010860457587968796,-0.008191194723884044,-0.03206208597014886,0.6826879368548715,2.5554796876196524,0.043507191871204325
-0.004961608146888844,-0.010613510317151959,-9.957386989827637E-4,-0.008180696823969298,-0.016681916709015875,0.6240676226932845,2.5449221625553204,0.0939041525550348
-0.004964792624603825,-0.010629709696852731,-0.0010224357114459982,-0.008178666987422166,-0.021670259523463745,0.6413785583737616,2.544646978574784,0.07710586926352574
-0.004968822495448847,-0.01064522286919612,-0.0010483647256412222,-0.008177724653139316,-0.02641364094031819,0.6582036040209317,2.5450624602086367,0.06120818123445188
-0.004973352992410652,-0.010658015673672144,-0.0010702143129113747,-0.00817825233554886,-0.030282982861873538,0.6723869659363495,2.546287662934652,0.04832547467922553
-0.005012729883272083,-0.01083759127987426,-0.0013679973660637621,-0.008147319435779262,-0.0850188448494239,0.8662014231131049,2.5378210906697976,-0.1374928765775214
-0.005010250248457868,-0.01082202149027843,-0.0013426467856237437,-0.008151842269617316,-0.08035133569861386,0.8495989093158222,2.5397922447286665,-0.12120380476051586
-0.0050071323899904445,-0.010806627248098605,-0.0013172466706196783,-0.008155394995715881,-0.07570842101154607,0.8330136085846166,2.5411155160621477,-0.1052164017532236
-0.005004685282809539,-0.01079081915162309,-0.0012914933955178334,-0.008159780288851766,-0.07092922982785638,0.8161918448910755,2.542979104100841,-0.08866943014270533
-0.0050006418207721205,-0.010759220319643326,-0.0012403093362646537,-0.00816909985707896,-0.06129665867621028,0.7828035490768963,2.547081822477306,-0.05543887223785466
-0.005001982030653014,-0.010774962974159958,-0.0012655258024687947,-0.008163741189118402,-0.06609807444290028,0.7992547939198942,2.5445489029864174,-0.07211183372989072
-0.004978454907401509,-0.010722976574196458,-0.0011741874132398364,-0.008158565724038088,-0.05035196809396824,0.7399961833537666,2.53741587047652,-0.020503955786932454
-0.004982123105845061,-0.010738932240684696,-0.0012006422792592156,-0.00815617194459929,-0.055202083749709197,0.75722428054352,2.5368915378839145,-0.03695610014091528
-0.0049866495939886605,-0.010752423343127369,-0.0012236259465937776,-0.008155693767777765,-0.05927156125999232,0.7721742686696713,2.5375013061212406,-0.050617886046710636
-0.005069781457849085,-0.011061047571390521,-0.0017412049373006836,-0.008091630243958649,-0.15032604712970543,1.1116502743150798,2.5161693876386404,-0.3682329208054667
-0.005041153063393981,-0.01092151609168993,-0.0015121194939904119,-0.008138083364694076,-0.11042452086173025,0.9600040581907475,2.53769795277915,-0.22286257320301986
-0.005066324154325918,-0.01104560473397914,-0.0017157980106117861,-0.00809700864260615,-0.14602040895659651,1.0947463321054745,2.5187194842975305,-0.35217577801258254
-0.005063303917864452,-0.011029980069448456,-0.001690347990986351,-0.008102862234970254,-0.14164873361940009,1.0778105923686339,2.5215904750180296,-0.3358729757948053
-0.0050443100571474515,-0.010937359723094245,-0.0015381908538396399,-0.00813328559896387,-0.1150860166621251,0.9771602319761573,2.5355812613962105,-0.23937205295877997
-0.005047865724271015,-0.010952904754959152,-0.001563998041214921,-0.008128969638213692,-0.11963435921426195,0.9941452007754555,2.5337797891775384,-0.2555071456013431
-0.0050513099309,-0.010968306016436682,-0.0015895052753492087,-0.008124458354949902,-0.12410122143370238,1.0109625697250733,2.531837447352188,-0.2715113790582416
-0.005054412824551134,-0.01098371659432517,-0.001614812071281191,-0.00811939954433677,-0.1285352368374271,1.0276930395041886,2.5295167363422952,-0.28757889099939465
-0.005057486943282607,-0.010999069055456822,-0.0016399846264215253,-0.008114197974041006,-0.13292258127420717,1.0443602107333303,2.527089525490663,-0.3035890887524239
-0.0050605230890763695,-0.011014440183531551,-0.0016651314190319845,-0.008108799931415998,-0.13727790530629083,1.0610391925846079,2.5245238946092443,-0.31962487155061536
-0.005013652609900739,-0.010853327068070661,-0.001392813237384435,-0.008140754087227154,-0.08967080136728477,0.8825386291050935,2.534459241309667,-0.15420563511576654
-0.005016945908649347,-0.010869297648097272,-0.0014191170860566504,-0.008136695187487428,-0.09441688911349566,0.8997758230693159,2.532833438980878,-0.17077875279937207
-0.005020544174096471,-0.010884491101002562,-0.0014443606679875674,-0.008133236908923154,-0.09893006827927932,0.9163177677989464,2.5315667483273554,-0.18647699757009895
-0.005022729924737925,-0.010899770498626563,-0.0014689950330673942,-0.008127947633503102,-0.1033995624157973,0.9325629857849659,2.5290480934763155,-0.2025004718575625
-0.005024002190656751,-0.010916026691686703,-0.0014946079060175405,-0.008120940819845093,-0.10807942375643519,0.9495347099398831,2.5254092428441477,-0.21969777321421666
-0.005079082366145453,-0.01110773915427059,-0.0018170918710715119,-0.008073146487946341,-0.163039287274334,1.1624253777872375,2.506868839973244,-0.4169481595778814
-0.005057000081466832,-0.011071580081657253,-0.0017491310299794678,-0.00807023903796668,-0.15202233162877013,1.1183566869485642,2.5018258337348978,-0.38114941337806796
-0.005059455229455342,-0.011086634779647634,-0.001773138443615415,-0.008063704774708068,-0.1560411891131003,1.1344997215584645,2.4983821531580683,-0.3968826491805389
-0.005061636845500562,-0.011102826520953242,-0.0017986133377659828,-0.008055993888593864,-0.16028518052259158,1.1516947078578676,2.4941825401866056,-0.4138420091209161
-0.005462577381044803,-0.012100427570042292,-0.003500669485800873,-0.007562233110882728,-0.3443772728680092,2.3467762001086143,2.1925567951723433,-1.4611502993739773
-0.00544659511607895,-0.012099163206093078,-0.003479006834083906,-0.007546646686389152,-0.3480896851010307,2.3280649415560606,2.1827696144895445,-1.4525916098166647
-0.005456000980507259,-0.012086162244613058,-0.003476892526695061,-0.007573194315369808,-0.34354941987989457,2.329244797972659,2.2007228524217526,-1.4461666875026937
-0.005423792964446572,-0.012014529515234585,-0.0033575149263985094,-0.007626870241719244,-0.33718927033549423,2.2417395539943654,2.2400522314881868,-1.3705789366433434
-0.005430144484372425,-0.012028896391215732,-0.0033814359765801526,-0.007616294957141826,-0.33951504757465073,2.2592560120134206,2.232443168238664,-1.3857180973737997
-0.005414245197860619,-0.012027334881999988,-0.0033602037495989267,-0.0076008042478902015,-0.3424704111279193,2.2410197604700675,2.222665312644748,-1.3775103975997693
-0.005436541110871044,-0.01204324324720037,-0.003405313840369656,-0.0076056488594805315,-0.34255342316959086,2.2766722965590747,2.224731629724368,-1.4008589316855617
-0.005420635732678074,-0.01204171368958983,-0.0033840198191315914,-0.007590164574483999,-0.343271540272405,2.258488427434129,2.214900597216929,-1.3925799741525255
-0.005442982779307931,-0.012057569938134772,-0.0034291854912598674,-0.00759491544376936,-0.34415353814449823,2.294111134845075,2.2168621130805786,-1.4160042173097178
-0.005427027504459308,-0.012056099173583294,-0.0034077773429371113,-0.007579375511228277,-0.3441281401599265,2.2758847532389854,2.207008994231947,-1.4076087490961786
-0.005449469424458649,-0.012071876318959047,-0.003453055481204621,-0.007584092561423221,-0.3439415329985782,2.3116532887105157,2.208839414052811,-1.4311185519766239
-0.005433464286175096,-0.012070484847341792,-0.003431517958744612,-0.00756848780175354,-0.3453992361090246,2.2932468758911635,2.1990110347420395,-1.4226145589285417
-0.0054399899840477045,-0.01208484668223733,-0.003455270967449481,-0.0075575728624263155,-0.3468637454599431,2.3106391441809433,2.190931165484938,-1.4376131736141806
-0.005082589503597066,-0.011123613260399066,-0.0018430314218672408,-0.008066965499373148,-0.16731226600260438,1.1798168804602833,2.5037666866747466,-0.4334719201599883
-0.005086346936422704,-0.011139305055508801,-0.001868827506994588,-0.008061044473622056,-0.17151690358612273,1.1971209750152507,2.5008319831909165,-0.4497778034487045
-0.005090338185176783,-0.011154772522440683,-0.0018944156358557532,-0.008055396258985168,-0.1756455145802354,1.2142926301505836,2.4980735610946394,-0.46582578013306636
-0.0050944999725272225,-0.01117001811813624,-0.001919764027052774,-0.008049950488491844,-0.17968905394080956,1.2313138522613627,2.4954424449406667,-0.48162780639896335
-0.005098533648020599,-0.011185178723194321,-0.0019448734665118358,-0.008044270758696827,-0.18365978087357246,1.2482146180572868,2.4926344899361084,-0.4973606306120448
-0.005132917486969409,-0.011323931212687516,-0.002171179774023094,-0.007982785737698365,-0.21799485173726893,1.4021583042130805,2.4597226410733466,-0.6416721772607997
-0.005128581762775792,-0.01130853803379412,-0.0021458503583133277,-0.007989588739260351,-0.214311987383329,1.3848468085509305,2.463391075077999,-0.625688904635508
-0.005124384699510654,-0.01129299496554592,-0.002120373497596939,-0.007996517680164898,-0.21056806201859968,1.367451012336106,2.4671323902201903,-0.6095438201056872
-0.005102248259641506,-0.011200427806017968,-0.001969860914065352,-0.008038016905251551,-0.18759507582644294,1.2650942848458184,2.489414254134747,-0.5132223075620869
-0.005105922048130546,-0.011215724271684614,-0.001994851686460906,-0.008031539903700822,-0.19150419214040634,1.2820076355785954,2.4860294326568106,-0.5291366215197847
-0.005109724418810517,-0.011230915024918693,-0.0020197402083543974,-0.008025144627218107,-0.1953550471755647,1.298865319852504,2.4826890499460212,-0.5449275550324305
-0.005113338407227936,-0.01124608962084639,-0.00204442970584229,-0.008018400679356894,-0.19913485347117255,1.315640084728123,2.4790871923686324,-0.5607203978519509
-0.00512036351471241,-0.011277288825399875,-0.0020947526970613167,-0.008003622116804431,-0.20675607014716277,1.3499711223378232,2.470981055224426,-0.5932193417534243
-0.0051167240624059125,-0.011261551518298869,-0.002069323841733778,-0.00801103998272891,-0.20292328064896833,1.3326173910484502,2.475049045674154,-0.5768355162296644
-0.005120057385882654,-0.0113363285625391,-0.002178826615512034,-0.00795837113065505,-0.2188020362529659,1.4094317438283863,2.4425525764407676,-0.6555392965411402
-0.005125083523615573,-0.01135135862623962,-0.0022039651886769543,-0.007952395524640646,-0.2223756399898582,1.426571646895107,2.4394165791280105,-0.6710313357056367
-0.005130427732180979,-0.011365940921732912,-0.0022287024524908074,-0.007946998493219436,-0.2258787972853921,1.4434163967609608,2.4366713653821463,-0.6860515772544202
-0.005134799944401418,-0.011380744711758822,-0.0022529505505537104,-0.007940174991614006,-0.22926662873802453,1.4600896758603934,2.4328686014907706,-0.7013637677312009
-0.005138387346359223,-0.011396052161814161,-0.002277224626559086,-0.00793190691617613,-0.23258246007893427,1.4769186226168898,2.4280050652873855,-0.7172296741324563
-0.005142649267200106,-0.011411430880011885,-0.002302093070895871,-0.007924207692525874,-0.2359462515805741,1.4941013313014633,2.4235656319334615,-0.7331329485814351
-0.005247821100444493,-0.011643868256650656,-0.0027103499454125372,-0.007835627400079766,-0.28618043784935093,1.77597977476766,2.3769331537232676,-0.9749705327192029
-0.0052278261401295404,-0.011583733654145237,-0.0026117332446477623,-0.007870177887820684,-0.2753841768057233,1.7062974803181918,2.3982317223034912,-0.9121428000770014
-0.005232715407758167,-0.011598721055299665,-0.0026363030315825404,-0.007861679651400404,-0.27827725922444296,1.723628040185746,2.3930368847900714,-0.9278098382404795
-0.005237576263530462,-0.011613791225594229,-0.0026609006185252817,-0.007852925760171799,-0.2810062174461429,1.7410226481593474,2.3876265433227624,-0.9435588228145724
-0.005242597979551156,-0.011628872473506574,-0.0026856105577636145,-0.007844195876348293,-0.28360316310324224,1.7584962904824122,2.382224674154964,-0.9593103439300222
-0.005211532396719346,-0.011580788757505477,-0.002592651163074949,-0.007854434586668816,-0.27295454714849593,1.6943970226031941,2.3857237516446967,-0.908485509475225
-0.005206375261653142,-0.01156596287857324,-0.0025681286835856454,-0.007862281690914187,-0.2700990379984425,1.677207917611544,2.390432071228495,-0.8930749329749589
-0.005201209037214238,-0.011551054250883668,-0.0025434447490409583,-0.007870050655786389,-0.26717584965130087,1.6599350124789483,2.395057879598449,-0.8775812617419511
-0.005196077477924951,-0.011536043111681167,-0.0025186129658038114,-0.007877807240082245,-0.26419141516822386,1.6425830157643133,2.3996518353690477,-0.8619850198621207
-0.005168929902884419,-0.01144443948310723,-0.002369756110730653,-0.007926776774833432,-0.245420894036158,1.5387894541344702,2.4286502031822264,-0.7668234506277559
-0.005173231642244167,-0.011459405168257006,-0.0023940863686830374,-0.007918986525631456,-0.24859975277749194,1.555690571448744,2.4241136313184133,-0.7823781276717102
-0.005147636637491358,-0.011426539854290227,-0.0023271421136850956,-0.007917414045234489,-0.23931053215455048,1.5113413084097607,2.419777561345835,-0.7487331057263872
-0.005152907356175574,-0.01144101970446474,-0.002351528707625576,-0.007911327822763855,-0.2425591821404822,1.5280993353216095,2.4164640412037985,-0.7636803096449318
-0.005191046210271752,-0.011520862580172595,-0.0024936001686153854,-0.007885683410319722,-0.2611436680348775,1.6251207431348824,2.4043099641853356,-0.8462180592879257
-0.005177427777912112,-0.011474578769117616,-0.0024185615569813873,-0.007910754115891967,-0.25174274331079566,1.5727411733307157,2.4192416119426703,-0.7981469418320023
-0.005181685100855152,-0.011489976772009886,-0.002443340559325376,-0.007902251421790248,-0.25489529085399143,1.5900394732356509,2.4141657252053954,-0.8141465480277524
-0.005186192967908916,-0.01150547525519704,-0.002468419655036929,-0.007893797132183975,-0.2580324368106162,1.6075488187467848,2.40911892396289,-0.8302402706056705
-0.005386634628544867,-0.011927915960164922,-0.003213176492980911,-0.007688793982966963,-0.3279250426400604,2.136226162831726,2.2839160218744037,-1.279083121775043
-0.005370724179961692,-0.011926076172361973,-0.0031924656291772934,-0.0076731850884857065,-0.3326485148795168,2.1185543538060525,2.2742186971676546,-1.2712040137268106
-0.005380600615198654,-0.011913413003953132,-0.0031889963304925647,-0.007698854149848322,-0.3268849542341864,2.1185031351986567,2.290908573016302,-1.2637875308151034
-0.005258418689040988,-0.01167353210612229,-0.0027594016242470016,-0.007818538820742437,-0.2914706277978311,1.810709068850061,2.366296467128986,-1.005966025361517
-0.005236484458003956,-0.011656399419965255,-0.002715672914337417,-0.007810680199667175,-0.286541235301154,1.7812124599411348,2.358488340811698,-0.9869635995537916
-0.005241964281935982,-0.011671080689132368,-0.0027400217353546613,-0.007802467983779627,-0.28910297734796014,1.7984144877232249,2.3533760690148964,-1.002225368289711
-0.0052635595627590495,-0.01168836591508921,-0.002783696085745951,-0.007809597798095103,-0.2940689925061121,1.8279992373447722,2.3606173609979426,-1.0214676421303597
-0.005268689791316606,-0.011703308118040217,-0.0028080609943565986,-0.007800391749951616,-0.29651546492961206,1.84538288936988,2.3547089627900775,-1.0370744153885083
-0.005273960611795782,-0.01171830078942567,-0.002832572526201172,-0.00779114518369181,-0.2988369320287098,1.8628807926220003,2.348754376966728,-1.0527288665227557
-0.00527937377101093,-0.011733260014111837,-0.0028571283014240567,-0.007781943282563123,-0.3011130605469317,1.8804147330434178,2.3428166290133388,-1.0683477142425968
-0.0053646490670844,-0.011911527882694057,-0.003168326247431677,-0.007683189341654938,-0.3306896962855892,2.100998064916951,2.2811712595195406,-1.2558850648626925
-0.005374612204472542,-0.01189889118724208,-0.0031647609090762474,-0.007708848147194156,-0.3268006033866437,2.1007452971929164,2.2978649154140705,-1.2484324347955233
-0.005356921179222511,-0.011855214021089619,-0.0030919569830877972,-0.00773833694765894,-0.32127630195962714,2.0479916313226254,2.3180433724110903,-1.2021305681916563
-0.005341087238450309,-0.01185307425822976,-0.0030716714423711963,-0.007722814936450071,-0.3233353901452886,2.031001957119566,2.308185474086002,-1.1945049422332945
-0.005362772427933636,-0.011869791551180904,-0.003116229621862579,-0.007728594233780224,-0.3245535622307827,2.0654964918236556,2.3114676270607744,-1.2175710023749895
-0.00534691722826913,-0.011867692013466444,-0.0030958669119522434,-0.007713056785883157,-0.3249190025868744,2.048531844911975,2.301576930152215,-1.2098727725522755
-0.005368669455772492,-0.011884350654762893,-0.003140495776536046,-0.007718765400773034,-0.3265261308247025,2.0830580113255284,2.3047372857981783,-1.2330157249373728
-0.005352761393100522,-0.011882312462544392,-0.0031200203882385843,-0.007703166945878345,-0.3265322268618273,2.0660155621544316,2.2948603661855302,-1.225216378072364
-0.005358658808242355,-0.011896932708430714,-0.003144167939255154,-0.007693188551945188,-0.3285244293983222,2.0834863962286594,2.2880508514848956,-1.2405510095091001
-0.005284892572876943,-0.011748151750983695,-0.0028816510949395174,-0.007772779921842949,-0.30335898072604844,1.8979317424641724,2.336886826900631,-1.0838957742434812
-0.005290529113466433,-0.01176294855084619,-0.0029061222111264728,-0.00776369805741369,-0.30555744260503753,1.915410893798463,2.330998727060663,-1.0993462767065267
-0.0052962948173713486,-0.011777617994443976,-0.00293051707164698,-0.007754745768607795,-0.30775453219814447,1.9328308208948488,2.3251883491446197,-1.1146713676291957
-0.005302114438652608,-0.011792214750661188,-0.0029548277855683497,-0.007745784052839893,-0.31000669517139295,1.9502094937843861,2.31933984218654,-1.1299288907639318
-0.005307818478373649,-0.011806884680864818,-0.002979053423285863,-0.00773647259459377,-0.31224492930232817,1.967584656878717,2.3131756607986236,-1.1452514126375715
-0.005313421550502104,-0.011821644614976522,-0.0030032230817835406,-0.0077268085253644,-0.31434208927720414,1.9849716631170633,2.3066964228684426,-1.1606481710735552
-0.005319105081168699,-0.011836390586645644,-0.0030274011115485164,-0.007717101947754947,-0.3162911663307979,2.00237891276989,2.300157744097459,-1.1760271699152323
-0.0053249239748412525,-0.01185106151977044,-0.0030515760343504,-0.007707479025475031,-0.31819458398849293,2.0197858359344987,2.293660218192942,-1.191335399067732
-0.0056803812644671365,-0.012518113178479765,-0.004196778263677573,-0.007199243377734299,-0.3500255066780105,2.8591641988622905,1.8965530158720674,-1.8929262733415977
-0.005688313429008118,-0.012531671170102518,-0.004219379945518027,-0.007186020154532556,-0.3490500573954973,2.8756129983009857,1.884960736977366,-1.9065576541470548
-0.0056723321129393545,-0.0125319107057984,-0.004195263524169956,-0.007170869729562609,-0.3531240562981958,2.852730076142405,1.8768981454657945,-1.8960014334272544
-0.0056646449400784196,-0.012490922821849835,-0.004151464063520394,-0.007225468957897357,-0.351115706027253,2.826141214041389,1.919370530355322,-1.8654649133289205
-0.005672491742345133,-0.012504530351169442,-0.004174137940619689,-0.007212393946231609,-0.35076337314503153,2.8426734481577642,1.908026570861295,-1.8792259164012233
-0.005656513520570447,-0.012504653033784589,-0.004150185168966129,-0.007197228402506789,-0.35421348979669204,2.820078768951,1.8998396355938707,-1.8688457932290652
-0.0056643991071439505,-0.012518295160463488,-0.004172742810453271,-0.007184081128217937,-0.353652126437528,2.836428194943174,1.8884236254765947,-1.882450787940698
-0.0056568409345932255,-0.012477290724274193,-0.004128758900190044,-0.00723846716680004,-0.3510045232813628,2.809556028236788,1.9305808730575469,-1.8516595270951182
-0.005648672130806893,-0.012490999885181368,-0.004127597753959821,-0.007210286646502814,-0.3548294934566758,2.80367847297703,1.9111345915403242,-1.8551901912510511
-0.005640863786831628,-0.012477343935667502,-0.004104971725924372,-0.007223234578298758,-0.35552001165688457,2.7872118226621594,1.9222992263858616,-1.8414760603551052
-0.005649079802306202,-0.012463634192265595,-0.004106019830829842,-0.0072513901145956515,-0.35047968316677025,2.7928909517507514,1.941671502619026,-1.8378274915478003
-0.0056330716378221795,-0.012463680288909644,-0.004082281000337261,-0.0072360649971534375,-0.35616429568303115,2.7706588902292606,1.933328882267994,-1.8276881029598788
-0.005641361619124992,-0.012449953359711831,-0.004083232895911096,-0.007264245718128983,-0.3503744572409971,2.7761078239086543,1.95267839669737,-1.8239711141373005
-0.005625297560342718,-0.012449990651607247,-0.004059515577071019,-0.007248805316587799,-0.35655062883728933,2.754034710887438,1.9442325392807334,-1.813822644500535
-0.0056336864604488515,-0.012436248360560212,-0.004060388847506292,-0.007277039105038049,-0.3511694954273132,2.7592097176036656,1.963630434885049,-1.8100744437821585
-0.00562605440116932,-0.01242251932881241,-0.004037494445432098,-0.007289766377573729,-0.35230048030884237,2.7422470167065573,1.9745224902104699,-1.7961224386833778
-0.005609889116898335,-0.01242249585557772,-0.004013850475557984,-0.007274142252355907,-0.35672410170781416,2.7206971178479358,1.9656996301019636,-1.785906787633506
-0.0056184655156709526,-0.012408766398519249,-0.004014558156934428,-0.007302422745858294,-0.3532933141452488,2.7252638020796973,1.985326749742453,-1.782109631501123
-0.005617564011827274,-0.01243626117484818,-0.004036696233038091,-0.00726149427427645,-0.3566867007090874,2.7373746192682282,1.9550220409337287,-1.7998904363520827
-0.012353518374336698,-0.0055885431814808,0.007352294408657861,0.003922476249376467,0.8047152538354784,3.521123983553119,-1.2907357987337287,-2.375740939981124
-0.012339647963432628,-0.005581171262969614,0.007364588062354408,0.00389934565806307,0.8063171391782594,3.507765997295099,-1.3080921671648253,-2.3649234469360603
-0.0123531533713956,-0.005572560096252548,0.007336879881335203,0.0038995019658240667,0.7942404604691812,3.4926839815618522,-1.2843901338610764,-2.3630724861268266
-0.012367365557503278,-0.0055959586381203,0.007339934180852505,0.003945557070896521,0.8039715649182672,3.534380831994992,-1.273301279690145,-2.3864172957126764
-0.01236703451568059,-0.00557998401632353,0.007324564483259914,0.003922497583032277,0.7938002926317855,3.5058348108726594,-1.2671338997102293,-2.3737327908372525
-0.012325754459026414,-0.005573842953947663,0.0073767973439596846,0.0038761988116458855,0.8065615861905143,3.4942767201874516,-1.3253077375984375,-2.354023049540005
-0.012339228343659902,-0.005565199776199824,0.007349170556438884,0.003876475218595299,0.7947241334558531,3.479443095648302,-1.3015915192189473,-2.3522953625464953
-0.012311837995365551,-0.005566558325275477,0.007388923453164863,0.003853033449146373,0.8053994497883638,3.4805981031840516,-1.342378762478469,-2.343046212418329
-0.012325285194895716,-0.005557872841823515,0.007361374598535842,0.003853399003723153,0.7955572926388471,3.466073267371175,-1.3186807239773328,-2.3414044647201364
-0.012297898706704346,-0.0055593174473143785,0.007400986080957603,0.003829811861832151,0.8051438846228177,3.4667361054434664,-1.3593756118322216,-2.3319087962874487
-0.012311335795155448,-0.005550545381709349,0.007373442065659816,0.003830241883690189,0.7963507099906012,3.4525141038680616,-1.335594265041914,-2.3304047991510433
-0.012185578797026964,-0.00550297372456129,0.00749491887567607,0.0036425602477363644,0.8106650829465435,3.3524373870647763,-1.4917505308684322,-2.238092077731588
-0.012198725113351051,-0.005493909467169059,0.0074679903895491445,0.0036439733144649545,0.7981012207818794,3.340112923421278,-1.4675225975466455,-2.2386369313163033
-0.01219969586105615,-0.0055098621269662066,0.007483435625992816,0.003666093940837048,0.8100233700599229,3.3671088000089324,-1.4756310436983593,-2.250116633294445
-0.012212863848064082,-0.0055008288594369965,0.007456441407113728,0.0036673650712376105,0.7980716927155699,3.354576215715833,-1.4514340012516558,-2.250496439144802
-0.012213791167466397,-0.005516794822133637,0.0074718788192794415,0.0036895910289698863,0.8093895710431053,3.3816827927287765,-1.4593964944820943,-2.26203895468801
-0.01222697622134541,-0.005507804444773108,0.007444835575937223,0.003690731888390092,0.7978263956216445,3.3689382943471666,-1.4352462249951676,-2.2622498463232286
-0.01222786458708959,-0.005523771746035269,0.007460258561582102,0.003713030997287732,0.8099035129792277,3.396144616167186,-1.4430716975320361,-2.2738421152396273
-0.012241073927222583,-0.005514803219424445,0.007433125738788851,0.0037140443540316787,0.7972562410285572,3.3831467146790923,-1.4189065063730786,-2.273891290032026
-0.012241915987078057,-0.005530792832404855,0.007448569684121004,0.0037364242540270675,0.8109343284866378,3.410458915456554,-1.4266278977328881,-2.2855748489794467
-0.012255169139039943,-0.00552181030481684,0.00742128401589947,0.003737292142313811,0.7967118076147851,3.39718363713783,-1.402396314873829,-2.2854126875253318
-0.012255945233250498,-0.005537858013848691,0.007436796558803054,0.0037598019386644436,0.8106843693825456,3.424630723715923,-1.4100167133890695,-2.2972929556716815
-0.012269258781645023,-0.005528861046816709,0.007409349890944991,0.0037605143061837623,0.7965323863715011,3.411105585275641,-1.3857683135977565,-2.296814778149343
-0.012269952191399801,-0.005544967222482057,0.007424934477595083,0.0037831731493679134,0.8088831210450755,3.438715565647032,-1.3932378707664068,-2.308977042319143
-0.012283327852476359,-0.005536000582506028,0.007397384857258168,0.0037837554616104558,0.7966185705869365,3.424972450396357,-1.3690847312641559,-2.3081085282432383
-0.012283936727298522,-0.005552120389927701,0.007412993079413173,0.003806518716360109,0.8066497186945161,3.4527555554020744,-1.3763386709588605,-2.320543832407426
-0.012297356640941073,-0.005543238214085533,0.007385421175807052,0.0038070122915334916,0.7966680580041885,3.438789662370348,-1.3523694502050096,-2.3193043193326464
-0.01238087843877103,-0.005587450865671087,0.007312194230081795,0.003945442530144414,0.7929948890084616,3.5188489497594237,-1.2497836917012028,-2.384272428597843
-0.012381189378714536,-0.005603417561025714,0.007327512087023105,0.0039685793243961105,0.8044168361843692,3.547496675350269,-1.2557977859020035,-2.3969529096018847
-0.012014529515234592,-0.005423792964446574,0.007626885542460187,0.0033574795072345855,0.8083141542094469,3.1672119995993913,-1.6759078381485315,-2.086035113872563
-0.012000142764298623,-0.005417486615139694,0.00763740477083573,0.0033334819891735865,0.8089228661516831,3.151169871285987,-1.6905336046129105,-2.0726246511402433
-0.012012965256705857,-0.005407808192739117,0.007611232628737822,0.003336350211680279,0.7957366310860513,3.142189666166223,-1.6659837256805459,-2.075644514998252
-0.012043243247200375,-0.005436541110871047,0.00760561989344331,0.003405378266541795,0.807012567819767,3.1991749487216388,-1.646319905747572,-2.1125030957034827
-0.012028896391215734,-0.0054301444843724254,0.00761628535951277,0.003381456728735821,0.8070189839589036,3.183219618350901,-1.6611493067066696,-2.099356891802419
-0.012041804834071058,-0.005420565175303174,0.007589982363209068,0.0033840964274490138,0.797314892444482,3.173775741997259,-1.6367474755856417,-2.101705403050579
-0.012027406795755096,-0.005414141717428684,0.007600608579522976,0.003360227262638528,0.7965702158019631,3.1580077846521815,-1.6513859442073038,-2.0887224368137383
-0.012057569938134772,-0.005442982779307932,0.0075948922656896055,0.0034292372208410793,0.8086079151362323,3.2150108170597718,-1.6314218057905887,-2.1254776213761133
-0.01205616122220981,-0.005427040366158889,0.00757931122712762,0.0034079181637495693,0.797578128577224,3.189441554368416,-1.6220110727116108,-2.114601392722968
-0.012100427570042293,-0.005462577381044804,0.007562234720003625,0.003500665672938353,0.8089565240784259,3.2617738096590583,-1.5859023098022844,-2.1639177107548155
-0.012086162244613062,-0.0054560009805072595,0.007573196462503084,0.0034768878460092975,0.8089330066524937,3.2462731923380397,-1.6011990541423968,-2.151194252013102
-0.012099181827420367,-0.005446641528655229,0.007546664486953368,0.003479147302493189,0.7982767090059819,3.2357678351101655,-1.576868985775343,-2.1528316902496027
-0.012071876318959049,-0.00544946942445865,0.007584086696192688,0.0034530687805916977,0.8095100061576715,3.2306961135448033,-1.616388765054257,-2.138365239101779
-0.012084861021418397,-0.005440054587312979,0.007557613446390645,0.0034554286287413077,0.7978942968482006,3.2204088046226715,-1.5920247777741496,-2.140177694803801
-0.012070511068201534,-0.005433530772396553,0.007568517370077529,0.0034316870316361578,0.7976050340091917,3.204974525636047,-1.6070952221979746,-2.1274268473421682
-0.011911451321385803,-0.005364696042606165,0.007683312646755901,0.0031683564241816674,0.7914365740315868,3.028933425222817,-1.764631846628393,-1.9816688410086412
-0.01191341300395313,-0.005380600615198654,0.007698866810538153,0.00318896567596483,0.8036629577414947,3.05281218637886,-1.7753588535061384,-1.9910709919032132
-0.011927915960164924,-0.005386634628544867,0.0076888035295702385,0.0032131532202628638,0.8036752568950153,3.0694525033825655,-1.7615004648122297,-2.004917910141812
-0.01192603099456926,-0.005370731679662649,0.007673236042635903,0.0031924891731896277,0.7924922679856748,3.045413436753791,-1.750904367296963,-1.9953530866735851
-0.011942399911086579,-0.005392714184532195,0.007678670946178909,0.0032372931833329777,0.8045099716755294,3.086023734892241,-1.7475406917859153,-2.0186384431593263
-0.011940581765868874,-0.005376833402535351,0.007663114166996387,0.00321660187768311,0.7933257715371894,3.0618161099519265,-1.7370892214095892,-2.008947546936764
-0.011985736283431544,-0.00541122549991139,0.007647836628693239,0.0033094789127694883,0.808053483488458,3.135055232741012,-1.7049894060209565,-2.05919799546732
-0.011998508479184438,-0.005401553175881846,0.007621811561179825,0.003312480524656981,0.7951976296179527,3.126322609949533,-1.6805037827103444,-2.0624756053709983
-0.011971310217633164,-0.005405009681636416,0.007658188065780814,0.0032854545553366505,0.8066324446970682,3.1188306467780915,-1.719292287702607,-2.045751967427129
-0.011984051238620688,-0.0053953370937642854,0.007632288035536685,0.003288590042207325,0.7948781049691916,3.1103643515838866,-1.6948806065988424,-2.0492194493414324
-0.011956864711873457,-0.005398839222606494,0.007668466135356485,0.003261392745128962,0.805522961843243,3.102486705855041,-1.7334728647957507,-2.0322427575720043
-0.01196958568088685,-0.0053891415591359884,0.007642651718234694,0.0032646514853973455,0.7944874837452601,3.094290377671301,-1.7090923252465016,-2.0358781169245863
-0.011955098694817439,-0.005382972679738536,0.007652923168437292,0.003240657601009267,0.793954646486079,3.07810800344484,-1.72315686587306,-2.0224543477651817
-0.011836534429833434,-0.005319114996697485,0.007716984018491627,0.0030276100470875444,0.7813932059763294,2.918524798558852,-1.8241911047423918,-1.898179901345901
-0.011851098852445133,-0.005325038420998437,0.0077075909304340886,0.0030517691263201962,0.7825247907211065,2.935369186557718,-1.8114418105725447,-1.9121522472953842
-0.011865645404621176,-0.005330918148015405,0.0076980245023221565,0.0030758048588611932,0.7836308655206717,2.9520053344758606,-1.7985152160633415,-1.9259911916202188
-0.011880224469631225,-0.005336793862252706,0.007688272501873824,0.0030998179798942265,0.7846729228162674,2.9685139065100237,-1.785384862977418,-1.9397518427212048
-0.011894848549008094,-0.005342636050595442,0.007678288775003165,0.0031237865979523317,0.7856063552033766,2.984845744943689,-1.7720185221756477,-1.9534152660228534
-0.011909513571254735,-0.005348460296578748,0.007668094213266813,0.0031477193722004014,0.7863848815482354,3.0010158107502485,-1.7584301247187515,-1.9669862774670877
-0.011581786884375328,-0.005211016426978537,0.007852960295664064,0.0025935142752217745,0.7477163351092465,2.60110897899183,-2.0146147131173486,-1.6410072717155373
-0.01156681349942109,-0.005205972798572318,0.007861079162114183,0.0025689114283317127,0.7457443172728414,2.583401340885818,-2.025148574597402,-1.6260771904585851
-0.011670667457235814,-0.005242361127334096,0.007803359584765823,0.002739895409682336,0.7587146216729342,2.706086820543653,-1.9496115834584316,-1.7291014179290636
-0.01168555170442892,-0.005247410724284601,0.007794324762363838,0.002764038601976469,0.7601960772719781,2.723029954403622,-1.937971771859363,-1.7435138855821248
-0.011700455314257382,-0.005252700321086414,0.007785394635284971,0.0027883889549259956,0.7617272132401887,2.7402036619486227,-1.9263176996095381,-1.7580031248191845
-0.011715336363371368,-0.005258005516293812,0.007776359246076134,0.002812670731857567,0.7631915116209624,2.7572728011332965,-1.9145258722613858,-1.7724122529588693
-0.011596788343555917,-0.005216050642463665,0.007844659673404685,0.0026180966972796254,0.7496314703521748,2.6187314441088634,-2.0038752041421173,-1.655896916614201
-0.011611789750147367,-0.005221193299892745,0.007836336008677733,0.0026427320727993864,0.7515101064046065,2.636396174046238,-1.9930479199636704,-1.6707782257943113
-0.011655913102419056,-0.005237296977612705,0.007812106730596571,0.002715850698236284,0.7571448653743634,2.689096573602231,-1.9609378185106439,-1.71470893833369
-0.011641331941144797,-0.0052319470388981736,0.00782022297766464,0.0026917041919687305,0.7553457963305273,2.671732577285288,-1.9716984936419053,-1.7002325961927927
-0.011626676859070616,-0.0052265088795777764,0.007828170785796956,0.0026673329787378565,0.7534343530094282,2.654112892408788,-1.9822971899940176,-1.6855965177788745
-0.011834931892921645,-0.0053023442409142136,0.007700317533302858,0.0030074736914160456,0.7731796024115362,2.892391955109425,-1.8147473016761742,-1.8862752127066134
-0.011820027948170643,-0.005296369513120764,0.0077098179649886705,0.002982930355715041,0.771960964793169,2.8753490953873846,-1.8274783374175707,-1.8721055387204506
-0.011804928550300589,-0.0052908808263974205,0.00771991250024633,0.0029586076706493766,0.7709322768535806,2.8587882018816497,-1.8405801613208606,-1.8580223372256348
-0.011789949893873672,-0.005285639452123583,0.007730001668702452,0.002934627190172644,0.7699576155047653,2.8425179637446614,-1.853552467898363,-1.844084958715879
-0.011730362663824441,-0.005263122786029538,0.007766821042288932,0.002836887821489017,0.7644671274571898,2.7740467084932203,-1.902272182222805,-1.7867419646567708
-0.011775159580568498,-0.00528020904641566,0.007739536307283953,0.0029106151063383943,0.768799287107475,2.825937359758187,-1.8660221698147657,-1.8300698032300418
-0.011745542468990107,-0.005268404200939466,0.007757159578864892,0.0028614022692535685,0.7657543173728872,2.79101710432864,-1.889805859690261,-1.801195238896227
-0.011760476364160874,-0.005274271018753545,0.007748251809987189,0.0028861524514584972,0.767293158675372,2.808551720375735,-1.8778427620246656,-1.815736124170764
-0.012114672150203704,-0.005469198559067851,0.007551205396929608,0.003524393694782605,0.8100177446757811,3.277166164189113,-1.5705092220437955,-2.176531421282862
-0.012113467526147552,-0.005453273056754703,0.0075356576203556265,0.003502817306089374,0.7983362243297459,3.2510104939439692,-1.5616070807936142,-2.165380413851931
-0.009694640690359715,0.004868474458058384,0.008152361897521677,4.843377229295725E-4,0.2341079395709271,0.3996389128998913,2.50363907799323,0.2928639516715284
-0.009662546375967074,0.004866831295778768,0.00814458779800445,5.345250062083188E-4,0.22401205791604584,0.36486646087553287,2.500919188738386,0.32526893074843816
-0.009634651205529494,0.0048572179251925515,0.008127915811915291,5.762986037918511E-4,0.21449163393541262,0.33263049111871484,2.491746723420532,0.3519062793634122
-0.009608031722085823,0.004852009182768244,0.008116190818516876,6.1667217717458E-4,0.20595315243501242,0.3029806869476335,2.4858352795569427,0.3779756165946637
-0.011054712313279301,0.005055503287138052,0.008078886014640168,-0.0017229482692743328,0.6483983274380475,1.9629494375716028,2.3043414806824125,-1.1004938107752449
-0.011071204264192579,0.005054221290619285,0.008067273436558777,-0.001746858242118716,0.6498253548077432,1.97832209576563,2.292730878756243,-1.1165415394744682
-0.010995142056401125,0.005028685501584753,0.008082924615580965,-0.0016174727077305194,0.6283479407386973,1.8807651007346349,2.316684673187044,-1.036630901180205
-0.010965456190623038,0.005021366748267667,0.008091163962794688,-0.0015684891356719155,0.620778534371374,1.8448155699215685,2.3273922804001175,-1.0059285700947045
-0.010982509850480044,0.005020769014545086,0.008080927363743325,-0.0015939233865274074,0.6230165955534911,1.8616639422119232,2.317012327130087,-1.022812972681311
-0.011039444406875163,0.005047476752916363,0.008078781188500339,-0.0016951700896287252,0.6427531508704397,1.9408310040511016,2.306678807118327,-1.0838585847216746
-0.011024961334017345,0.005032770520766988,0.008070331596952654,-0.0016646861602305906,0.634282099464758,1.914116335927261,2.302440373118902,-1.0668868919886927
-0.011009833946615005,0.0050212969246243785,0.008065901816530253,-0.0016353000805594917,0.6271270967561674,1.8896086118466269,2.301362353346389,-1.04995600958365
-0.010917534485867587,0.005024137728503106,0.008120330037684047,-0.0014969970702510664,0.614445436877524,1.7976156966571717,2.3566147572394693,-0.9581333968351639
-0.010884401259127147,0.005019636504572817,0.008132249950585984,-0.0014437672260051964,0.606906800118708,1.7597590885488383,2.3702437603609288,-0.9240580155574251
-0.010900740054774124,0.005021082013085653,0.008125549618759388,-0.0014696396617623968,0.6103190322905747,1.7778713897152072,2.3629085251336703,-0.9407807866182266
-0.010878125397948062,0.00500650932136195,0.00812012878300866,-0.0014274721469371312,0.6002288878129179,1.743658848208193,2.3617392041183036,-0.9162956737043964
-0.010834959552290732,0.004993493383766775,0.00812618446825346,-0.001354706574064019,0.5870182455157499,1.6894119310177145,2.37200462317729,-0.8713524926178692
-0.010850550153240407,0.00499710303813029,0.008122853942199894,-0.0013804460979433889,0.5913605316857738,1.7082199140987828,2.3674493261558065,-0.8874661500136248
-0.01086539832681925,0.005001841898232339,0.008121062312922868,-0.0014055977840464488,0.5960015308793829,1.727056449870706,2.364137923415593,-0.9029469757459513
-0.010819196115865045,0.00499049263089069,0.008130161335707242,-0.0013289788034868742,0.582851769981117,1.6708342077497866,2.3770423388727906,-0.8551173053938216
-0.010803239913121257,0.004987477688347798,0.008134064747007277,-0.0013029288114860028,0.578584283859096,1.6520297026433701,2.3820133121761917,-0.8386829514502395
-0.010947102813536521,0.005014553976249312,0.00809333985748417,-0.001536932070049613,0.6149920275351937,1.8208183767804138,2.331698394390798,-0.9866260898325226
-0.010929939337456895,0.005009706724373244,0.008096962889402828,-0.0015082645983661277,0.6101964983403746,1.799559083153319,2.336895267811532,-0.968805750124325
-0.010276852100461163,0.004930664128019634,0.008229865862161229,-4.4928005480872563E-4,0.4275826179792301,1.0518163520556782,2.5078743250069064,-0.29682669933409783
-0.010258007924924182,0.004920064494153691,0.008220344074166186,-4.1730095767663445E-4,0.41905159305790024,1.02685964467271,2.502779383078048,-0.2783220911492932
-0.010240744745288896,0.0049150508873341955,0.008216933503003065,-3.8881783805158507E-4,0.41256984758244725,1.005999384984363,2.5019007395762713,-0.26098076631795664
-0.01022412365475175,0.004912508622679261,0.00821615501214689,-3.617526291497001E-4,0.40697595714277274,0.9868792241632817,2.502834186448935,-0.24409440218355513
-0.010208052597729262,0.004909089365336609,0.008214133028227913,-3.3549621009404314E-4,0.40129454866807485,0.9680276969128815,2.5028314353844654,-0.22787415642409706
-0.010105360734644258,0.004891231597600958,0.008202412279454821,-1.6905477664400627E-4,0.3658981013921205,0.8497180254844817,2.5036328389622597,-0.1241798550832731
-0.010177651874595493,0.004913658878661532,0.008222770525437672,-2.870557803084666E-4,0.39334044654310607,0.9366795861581316,2.5116094603456482,-0.19606691675772
-0.01019143237618544,0.004901867864936588,0.008207599186619641,-3.0799080376503685E-4,0.39442715177083176,0.9471219721310643,2.499689203793446,-0.21148689538305496
-0.010123067147843863,0.004891903537316096,0.008202059805432033,-1.974753316211857E-4,0.37143342032462856,0.8691536962785987,2.501837910211204,-0.14228069210952518
-0.010141565539648956,0.004895884741907481,0.008205313847726171,-2.2742884754983953E-4,0.3779783138682115,0.8906915356071564,2.5024926171511166,-0.16084305526536313
-0.010159550292409529,0.004903901428521807,0.008213119755255212,-2.5698712301115397E-4,0.38538623793326504,0.9132513447475309,2.5063965401551958,-0.1784745273862577
-0.010786576573940526,0.004984382142449016,0.00813804396262891,-0.0012757289064970771,0.574100768372669,1.6324158742663746,2.3870993931632345,-0.8215236351333669
-0.010387713618887854,0.004943443198947366,0.008223886482177135,-6.303465174595379E-4,0.46326112893928056,1.1787380937749063,2.4934721638477755,-0.41059809821656507
-0.010403804513412772,0.00493945930021054,0.008215610645456272,-6.552959423565375E-4,0.46641971398427085,1.1944826464911966,2.4859557591829833,-0.42751108127663745
-0.01030480203929328,0.004916125174409421,0.008208296747163652,-4.918379236783075E-4,0.4315132521438168,1.0761957698872797,2.489915030783029,-0.3269243557511472
-0.010371342166708316,0.004937995966018112,0.008221050471428385,-6.028468380031293E-4,0.4569347715010021,1.1583520164564973,2.492944761816491,-0.39401555168949093
-0.010321151793795605,0.004918122894468281,0.00820772542540562,-5.18392479267877E-4,0.436755022934228,1.0948367883349812,2.4879958787850964,-0.34361661696871826
-0.010337989921047399,0.004921280984845003,0.008208259848298595,-5.459587337878542E-4,0.4424576489027818,1.1145330615202382,2.4868179266474644,-0.3607398157751002
-0.010354673913847659,0.0049264197963942834,0.008210973469588281,-5.737042839582927E-4,0.44871234137672894,1.134972997610048,2.487219111879048,-0.37758753967587516
-0.01028850551504818,0.004912861433740396,0.008207232252810122,-4.6517092571434334E-4,0.42590030671445916,1.057081838550178,2.4906477532569657,-0.31039661357324017
-0.01029931914286113,0.004900331335951238,0.00819086830915947,-4.8037513259916435E-4,0.42541660494563577,1.0634890336798455,2.477928898888676,-0.32249399315329846
-0.010767607738167227,0.004981391069910685,0.008142996457698197,-0.0012449781843782584,0.5691048193601946,1.6104234640787394,2.3931703849122736,-0.8020247600365937
-0.010733232251242583,0.004962062229527425,0.008135272504914607,-0.001183346031617941,0.5544506632676857,1.5617878952473199,2.3914457847753847,-0.7659842787919099
-0.010750755090226048,0.0049689869836256695,0.008135889387542476,-0.001213449196348139,0.5607827909123121,1.5846403401824063,2.389810425492619,-0.7841519299194037
-0.010717539010908354,0.004956991666458481,0.008135881587508937,-0.0011568998402274047,0.5492476062698232,1.5420500556445234,2.393761088339733,-0.7497892800325094
-0.01068727855572034,0.004959867936789651,0.008151335884089244,-0.0011109437048355388,0.5438706346383572,1.5117239156689897,2.408928832052777,-0.7190793500687921
-0.010670771802085054,0.004953628041053924,0.008150477245455465,-0.0010827542112803858,0.5378605741084289,1.4904457342548874,2.410166522493967,-0.7020491636120454
-0.01070145881030856,0.004948642218119355,0.008132705815454668,-0.0011285724108647868,0.5426221781041697,1.5199256267022676,2.393254390282809,-0.7330788171638258
-0.01062473606185119,0.004966801580170218,0.008182818587915818,-0.0010153093846286814,0.5324090978548958,1.4487342494208524,2.4395142788445856,-0.6550274174836598
-0.010641022290485101,0.004962367276358914,0.008171765772287608,-0.0010393859747731481,0.5344616856881111,1.463734521123261,2.429457244437524,-0.6717609571538574
-0.01059409120490986,0.004965477114635567,0.008191930162726468,-9.663472493836757E-4,0.5246347123382922,1.4148468142457047,2.449590118080056,-0.6234051154786713
-0.010580955216875755,0.004961202053045076,0.00819133925225238,-9.440849852152125E-4,0.5198744150708635,1.3982619346104566,2.450527214809151,-0.6098755959202807
-0.010565296521437484,0.004957827293525787,0.00819251633276698,-9.181402602403731E-4,0.5148351998805055,1.3794681516226015,2.4530327316424523,-0.5937552546106947
-0.010609274792540556,0.004961271944899786,0.008181809537061954,-9.889366547474788E-4,0.5266751235247399,1.4289239979456079,2.440412869260219,-0.6390902608962633
-0.010654949599997528,0.004947376210866932,0.008149194453288731,-0.0010556836826891179,0.5320462482839402,1.4699214419182578,2.4109806147110144,-0.6857457167322712
-0.010559600702338542,0.0049401487441164725,0.008173744769640572,-9.034646872295059E-4,0.5071330776855653,1.3638217146347416,2.4396630529046965,-0.5881180524653936
-0.01054276467913949,0.004937212594848782,0.008175606745938112,-8.759630618091269E-4,0.5019730047217515,1.3441237066570013,2.4428003128623934,-0.5708663905709979
-0.010420054363361905,0.004928299336582358,0.008198792903525452,-6.786778766755844E-4,0.4672911927289402,1.206941914391739,2.472172539548741,-0.4449066576460387
-0.010451508612525515,0.00493109464600738,0.008194265371669042,-7.29497793305881E-4,0.4765884193174587,1.2424032444789812,2.4657924178248494,-0.4771819084474456
-0.010434657004370537,0.004919572657086157,0.008185101094806841,-6.998051202466304E-4,0.4683596356375837,1.218601944722357,2.460751319573131,-0.4603537608251285
-0.01048420225844098,0.004933236270513609,0.008188070661736034,-7.820494100567872E-4,0.4858382805760532,1.2788685371763222,2.4579964477214897,-0.5107652742203913
-0.0104657055761196,0.004922075783504216,0.00818008168858877,-7.496997268553175E-4,0.4773162010074549,1.2533373729787147,2.453988320345887,-0.49213549997896405
-0.010520871036730281,0.004935604452526839,0.008180355155802262,-8.408588613943081E-4,0.4959622838920738,1.3196889384317994,2.4485820961904907,-0.548414626717226
-0.010499540399136519,0.0049232432812121585,0.008172172938730501,-8.035499587002824E-4,0.4863800195140144,1.2903607987175068,2.444738221111468,-0.526806123650925
-0.010077582561889904,0.004885172738370738,0.008196792002461454,-1.2425630982862535E-4,0.35607921701368483,0.8174509612466219,2.5021271864975687,-0.09638259738703563
-0.010094452141920904,0.0048749429699026375,0.008184119964211685,-1.5071049366161403E-4,0.3588533803708667,0.8320144569335078,2.491799659049733,-0.1148366424118026
-0.01005865589663281,0.004878335084726081,0.008189571328312566,-9.374555195530144E-5,0.34874105836747704,0.7945640693989101,2.498737145026763,-0.07779208051772162
-0.010041075399397118,0.004877529683375285,0.00818911906030702,-6.564943632833183E-5,0.34326044410510553,0.7753049941220108,2.4999428258499,-0.05989533143739102
-0.010024762958139926,0.004869609947184187,0.008180229227625083,-3.9498693813841E-5,0.33658884836163144,0.7549680598103156,2.4951793760913756,-0.04416913655129137
-0.010001643480320411,0.004865608909459578,0.008175747397353024,-2.6837938913667034E-6,0.3287144757424328,0.7287058675908868,2.494070700610642,-0.02103562531994144
-0.009977664526111627,0.0048644341609078625,0.00817422358420371,3.5430009545312536E-5,0.321149265594995,0.7025002308886307,2.495081247115323,0.0033152978034298648
-0.009954513299617006,0.0048653164547373794,0.00817477631069932,7.224987083128289E-5,0.31421833061215526,0.6778655896647073,2.4974500203808856,0.02709076514569381
-0.00993195952956936,0.0048652712270363585,0.008173975851859874,1.0809711058773726E-4,0.30727352922113466,0.6535687396377438,2.498817105354002,0.05013472162633557
-0.009882992976060349,0.004869096516191489,0.008175793328092708,1.8613315242945445E-4,0.2927632330376037,0.6020795094777037,2.5042021479880163,0.10069965805104182
-0.009908048175732204,0.00486490330441132,0.008172443011420292,1.460683276450639E-4,0.29981123323893444,0.6277243105660458,2.499787522705212,0.0745125181760339
-0.009843485674893909,0.004866640377412852,0.0081698498281512,2.486858680766696E-4,0.2800975453504355,0.5588359841005102,2.503415738223531,0.14069856955958468
-0.009866595190794419,0.004851131799079902,0.008153845733262513,2.108235010080426E-4,0.2847458827081117,0.5789984722358682,2.490467835568913,0.11480320478477181
-0.009817969399484603,0.004860335612467885,0.008160086746809804,2.8848854912674315E-4,0.27120404436534346,0.5295800715742329,2.4988354482039963,0.16577252125237893
-0.009789183200164728,0.004858344692379743,0.008154558952529568,3.337422329335338E-4,0.2620432138119362,0.49812832364823706,2.497417529112403,0.1948183854116419
-0.009725729659820794,0.00486660473675728,0.008155335174260661,4.3501799721114206E-4,0.24353585158228455,0.4324516304546827,2.5031489887121587,0.26083685897216347
-0.009757892953000759,0.004862891921879931,0.00815577438774495,3.8371563113646066E-4,0.25297533804077355,0.4658779864357583,2.5008296276147495,0.2274429212854741
-0.009606808594222832,-0.0048643549726500035,0.008130140901211447,-6.213336244015322E-4,0.20670483378336027,0.3047136273696058,-2.4955141089116837,0.38154951639622126
-0.009589525684896088,-0.0048619924422653405,0.008123467833528712,-6.477626376068775E-4,0.20124195237697728,0.285698777311404,-2.492327617258692,0.3986793055309397
-0.009569405864823745,-0.004862417854854798,0.008119150405679997,-6.791959729785378E-4,0.19523646945250087,0.26436893761492725,-2.4909766250289724,0.41920392196803663
-0.009505670650889754,-0.004879657191290021,0.008122281704630486,-7.828803470986107E-4,0.1773530550990365,0.20050061858622178,-2.4982170724973507,0.4874313232517835
-0.009527289869688064,-0.004870721547639108,0.008117912617973592,-7.468131962505183E-4,0.1831897130266368,0.22147336085976846,-2.493498331411782,0.46363719516055485
-0.009548797089740655,-0.004865205415934168,0.008117199675382318,-7.119414788987413E-4,0.18926527730272327,0.24308471810012192,-2.4912874135234184,0.44068735679462795
-0.009345367600524455,-0.004901018278936958,0.00809453141721793,-0.001037665047535959,0.1311387717473214,0.034544437562790964,-2.49184226294592,0.6550357995958075
-0.009371765328875967,-0.004888935850873357,0.008090232136912227,-9.927480117392735E-4,0.13841172707854324,0.06012059035770565,-2.4867751096928625,0.625470354095274
-0.009399846990762309,-0.004879496684790805,0.008089168588124555,-9.463625655844196E-4,0.1461658463820759,0.08796844954933737,-2.483811112964282,0.5948644845888937
-0.009485921988442484,-0.004867140243849177,0.008102187639910864,-8.099003482638485E-4,0.17069402614264875,0.17665262027091896,-2.4859697421702416,0.5049293334532853
-0.009461063059394047,-0.004872715482716145,0.008101171864474453,-8.499481264075786E-4,0.16369213515663236,0.15147733082539402,-2.4872550779143796,0.5313151789128011
-0.009429563045298411,-0.00487284521903314,0.00809139568905447,-8.985063669696779E-4,0.15448013545203834,0.1180802803509189,-2.4829947842207507,0.5632812771052129
-0.009278692729965506,-0.0049088511427953525,0.008077439796404505,-0.0011426841871804835,0.11238559656948231,-0.03464724225771059,-2.485304160240315,0.7245678043417798
-0.009304541266651006,-0.00489771722356726,0.008075034350735434,-0.0010988215885234436,0.11948689040916359,-0.00938569414088837,-2.4815678372194934,0.6956757212357594
-0.009229284793446566,-0.004902750651995549,0.008049435693542441,-0.0012149397856932621,0.09883738392848807,-0.08797948417790821,-2.4696930311051335,0.7730572476835664
-0.009257174230757129,-0.004889916092506817,0.008046709554310154,-0.0011673967202666025,0.10636030527743139,-0.06084339990852921,-2.465557689369692,0.7416540679135593
-0.009326541453932925,-0.004882483015458974,0.00806607891470936,-0.0010594187174284304,0.12543614685929852,0.010970288665194288,-2.4735928936688865,0.669779160578022
-0.008940791167695488,-0.004885462365864253,0.00788065149981843,-0.0016265442478878664,0.029586063557225813,-0.38963912337892576,-2.371203822582903,1.0546918278140343
-0.00890404488983983,-0.0048783096449068145,0.007850545931976018,-0.0016735129773057281,0.02228159877587554,-0.42743678421648484,-2.351867214910667,1.087803968570218
-0.009154113697140462,-0.004898876669146358,0.008010480831268658,-0.0013255360605619463,0.07914002460900814,-0.16759056529895158,-2.4481924685599794,0.8476918328285485
-0.009130011795903581,-0.004886254752770885,0.007984408885618587,-0.00135496802853245,0.07326066174407053,-0.19462414071149486,-2.431546244788859,0.8682633155663074
-0.009178870634989322,-0.004885584403938735,0.008007032300944435,-0.0012825422541870865,0.08565765430743043,-0.14375178826121535,-2.443788952901809,0.819229269976031
-0.009206594613670278,-0.004876374948609153,0.008009223583110991,-0.0012371821583954798,0.09295926025197983,-0.11622730674005517,-2.4431489868624934,0.7889875935700491
-0.009113711920940015,-0.004863995785807752,0.007951188299345617,-0.0013677426078908183,0.06983158493709613,-0.214659125678113,-2.408976396475284,0.8780913381185261
-0.009001779726261093,-0.004889243557132325,0.00792015979329302,-0.0015423480082004434,0.04273453343282101,-0.3269228143779601,-2.395315160517104,0.9962415797252335
-0.009042691408735495,-0.004883830318563113,0.00793662164024194,-0.0014806999779452112,0.05237158873910092,-0.2854738657239675,-2.4040575965435953,0.9542522512504074
-0.009079191791920673,-0.00486966368427912,0.007940003322605695,-0.0014205926744566206,0.06144603094551853,-0.24959573074161792,-2.4036215749359826,0.9139444055525928
-0.009091857298415027,-0.004843484211677641,0.007917194825974463,-0.0013889335963673402,0.06512717098288479,-0.23976639737573452,-2.386161072842703,0.8935686354561019
-0.008969763310842302,-0.004860129856374585,0.007869496614095165,-0.0015710788810780003,0.037090850606815974,-0.36251266123968806,-2.360783170713004,1.0180488724825947
-0.010714362312269549,-0.004991779863597409,0.008177693870864387,0.0011661642405724438,0.5621374741898412,1.5602574805571754,-2.4257866709318923,-0.7479463958707168
-0.010698180980665372,-0.00498819621251063,0.008180045825057748,0.0011392515342299409,0.5571866875234632,1.540630575666157,-2.4293928058646963,-0.7311492118532713
-0.010691790762822976,-0.004970393354411374,0.008161806387520674,0.0011221409584569618,0.5488977955986546,1.5228852002964823,-2.4163049627750834,-0.7240242157743307
-0.010744943814004617,-0.004998232541079682,0.008172459041217066,0.0012168952573572281,0.5712045323418985,1.5971919550477587,-2.4183021640624673,-0.7797223284540945
-0.010730029085545774,-0.004994878461583763,0.008174838427109818,0.001192068784843483,0.5666963758431448,1.579055116620751,-2.4218376761218194,-0.7642171932322314
-0.010755158354586299,-0.004987301547658704,0.008155303561210346,0.0012281760790052551,0.5689415034714589,1.6010801063589277,-2.4040416293678284,-0.7896619568321182
-0.010768926215138414,-0.004986472219060751,0.00814833262567604,0.0012492582427450526,0.5714074737362475,1.6151544578379748,-2.397093088736692,-0.8036803084197185
-0.010784860861209502,-0.004987278294781252,0.008142186703531637,0.001274369813323766,0.5749099296241321,1.6325442891623958,-2.390480714003776,-0.8199814839338829
-0.010801188494700999,-0.004989354809246495,0.008137192472035135,0.0013006156018663983,0.578966879418792,1.651154767983375,-2.384665075498503,-0.8367509123266249
-0.010816967111786922,-0.004993186288597025,0.00813434002675937,0.0013267993171301431,0.5834929148391922,1.6703500934953157,-2.380518727332515,-0.8530863376536267
-0.010831491780624538,-0.004998674202944384,0.008133869754785292,0.0013518326608640049,0.5885251118026079,1.6893966030445378,-2.378310344604534,-0.8683201322090734
-0.010845463160631001,-0.00499637232651287,0.00812447737065894,0.0013722690155728724,0.5900930828393801,1.7024173465312173,-2.369339143376671,-0.8822724032817665
-0.010862318372711071,-0.004997029301583451,0.008116993461110387,0.0013984890100247496,0.5934276783309601,1.720442947443,-2.361419038940838,-0.8993680584940092
-0.009687129578579272,-0.0048708058838925474,0.00815373454109129,-4.965832960671894E-4,0.2320083952802117,0.3922449548675146,-2.5052019745107095,0.30091267363365454
-0.009622673807495123,-0.004853391718970306,0.0081209791447553,-5.941796581806199E-4,0.21050363498113853,0.31890868593756005,-2.4879484537296936,0.36336956295290207
-0.009676633453374273,-0.004854888401780324,0.008133448990683492,-5.101886495579106E-4,0.22701389506697806,0.3768493033401319,-2.4921464435800744,0.308790018487388
-0.0096592450124492,-0.004848839698204289,0.008123198830070165,-5.362237080500386E-4,0.22110603440761847,0.3567273585372186,-2.486517627897779,0.32539528316802774
-0.009640925873923928,-0.004842864959359559,0.00811268871203119,-5.635676509751672E-4,0.21491132314908423,0.33569303163494835,-2.4807656426782363,0.34292215314765
-0.01021538436639945,-0.004928232621623061,0.008235596482980785,3.4961164858986855E-4,0.40856105482493116,0.9835554631782619,-2.5173583008749048,-0.23348620083506375
-0.010278356798808863,-0.004932250885046351,0.008231483954328453,4.519601048151791E-4,0.42846059936667097,1.0541333047840657,-2.508891205382243,-0.29824599591936707
-0.010262202597608013,-0.004933595834254942,0.008235533652372088,4.2606431053717175E-4,0.42405437414331354,1.0370061605676961,-2.5132104459319837,-0.28140728632832973
-0.01024842322774783,-0.004935550961873267,0.008239816536477788,4.040497123933189E-4,0.4204961935126453,1.0227076778280297,-2.5174673493985003,-0.2669545953459146
-0.010234000066249874,-0.004928679970315864,0.00823375116410161,3.7977379387687637E-4,0.41429038413798264,1.0041110746112611,-2.5144272232192226,-0.2526950462374604
-0.010286598394423264,-0.00491498109700268,0.008210011041435787,4.624587495648203E-4,0.4259619145852724,1.0558523774209012,-2.492804705553396,-0.30821659643832616
-0.010138186418224672,-0.004926518336043883,0.008241311789825623,2.2439315176073967E-4,0.38444707972885434,0.8983948864297393,-2.5280107399247025,-0.15386412114116757
-0.010155831138276311,-0.004916074235737592,0.008227642105865155,2.5207833966146544E-4,0.3873116691606227,0.9137634429693664,-2.5169281623899162,-0.1732689022155051
-0.010173468038371353,-0.004912121945488062,0.008221391199281261,2.8016116564283643E-4,0.39167933179844194,0.9314877635185083,-2.510998872583165,-0.19188167853488233
-0.010206915304224398,-0.004911610376783701,0.008217202487873084,3.3396333118864227E-4,0.4016158830158905,0.9677262123145361,-2.5050965220496333,-0.22640349327139095
-0.010190655140301388,-0.004911243479022445,0.00821860014568006,3.0775330815965607E-4,0.396641924330738,0.9498711521699307,-2.507521001592132,-0.2096846934498137
-0.009857868485219207,-0.004872228705625527,0.008177551888902906,-2.2631628011462616E-4,0.28541058345712794,0.5759925438753047,-2.5075114402341616,0.12682847359750826
-0.009807124879494979,-0.004872423795925831,0.008172916674153418,-3.0696881510737143E-4,0.2695987858256675,0.5214927347239883,-2.508543065407427,0.17868829786987947
-0.009832493413633174,-0.00486604479868059,0.008168141795494457,-2.660610059445424E-4,0.2764914845634702,0.5468855773577935,-2.503166217707358,0.15179468288877795
-0.009705520705132385,-0.004867208097579151,0.00815275383797538,-4.669775447497173E-4,0.23727941126298635,0.41098396850420116,-2.503044909077596,0.2815394004971577
-0.00974150321843532,-0.004879350669677908,0.008172490612564838,-4.120007633595862E-4,0.24997449999894866,0.4528917055195402,-2.513610271621643,0.2468814885078017
-0.009723106214866776,-0.0048645537253681264,0.008152546118103315,-4.388292648018125E-4,0.24238029807024142,0.42909883151698375,-2.5014713639331414,0.26316685697400344
-0.009780851113084296,-0.004870555969946393,0.00816765929636315,-3.484180827670927E-4,0.2611134443686732,0.4927133885996304,-2.507096560181093,0.20523498823564715
-0.009759982326175918,-0.0048669178052085,0.008160713884077728,-3.809679834373611E-4,0.25407751624768343,0.4692841234851627,-2.504047884415105,0.22594533151516566
-0.00987562854258937,-0.004852911374359391,0.008156566382318044,-1.9668573501968446E-4,0.28777573008140583,0.5892490886724802,-2.4915849142864706,0.10583217652999254
-0.009898764894259561,-0.004842257066473254,0.008145782273691672,-1.594926237467168E-4,0.2930751910002924,0.6107426779317797,-2.4821541589758493,0.08076884825479698
-0.010124140718995612,-0.004913410706692065,0.008227033202880958,2.0069605600936557E-4,0.3769223663864561,0.8782075612406458,-2.5192294233010593,-0.1408986156208918
-0.010110353931264351,-0.004904860203010555,0.008217969383323058,1.779020310358739E-4,0.3705868444701098,0.8600690874939432,-2.514079827823483,-0.12770324023041482
-0.010101953772959676,-0.004889580579889793,0.008200689385513354,1.635000962017186E-4,0.3644358902913865,0.8454422693514888,-2.502720160764403,-0.1208917010015829
-0.010027664705907664,-0.004887015157607039,0.008200375290967689,4.437473076252201E-5,0.3410758518518323,0.7640577113378877,-2.508942235248348,-0.0449579307475305
-0.010051791400792846,-0.004876334496970132,0.00818745719751125,8.272497677515175E-5,0.3462242442799977,0.7864661314096182,-2.4978765502940443,-0.07101507655654023
-0.0100876196861635,-0.004876567999987067,0.008186345763138555,1.398981829344939E-4,0.35714849648234853,0.8252355644322741,-2.4939562860363975,-0.10767354641273474
-0.010071152051187266,-0.004868683392121579,0.008177938720428032,1.1331847133926177E-4,0.3503788202218701,0.8046567221869994,-2.4895318187898847,-0.0917178446150256
-0.009995281709664348,-0.004864107842891156,0.00817399442868613,-7.429197996948573E-6,0.3264267278987816,0.7213552204604302,-2.4934036529052546,-0.014732399646879777
-0.010015579508822953,-0.00486782518971755,0.008178254017439619,2.4859176037622942E-5,0.33340793030210786,0.7444669358331184,-2.49460516164284,-0.03500787328121721
-0.009969944018584285,-0.0048639252786024005,0.008173508553716556,-4.7694858849286544E-5,0.31867019434344174,0.6940264942160389,-2.4952507388447778,0.011118702234217724
-0.009942377176364595,-0.004859791905720863,0.008168018357987404,-9.135362395856424E-5,0.30938818077919067,0.6630681282723416,-2.493821567411954,0.038697414232754475
-0.009925789154334676,-0.00483535520693073,0.00813920844414264,-1.1661721357493982E-4,0.30005790610603,0.6374702186137494,-2.4752686814333216,0.05234687758539857
-0.010566438301595753,-0.0049598289202622894,0.008194485331385499,9.205999202157609E-4,0.5158156982954083,1.3817984342688998,-2.4543669935931214,-0.5949244941026502
-0.010551580080800248,-0.004952088261547149,0.008190185340589585,8.94552158564969E-4,0.5093900970196463,1.3615217290572745,-2.452702954305689,-0.5796953055595945
-0.010350285552137286,-0.004954969903758096,0.008245241265662992,5.723512682351142E-4,0.4561826035546553,1.1428921490336739,-2.5123438651859846,-0.37093355226246066
-0.010335216425983227,-0.004952799973866919,0.008245634762354319,5.475149321329939E-4,0.45114202079687754,1.1253506390936077,-2.5139779907594924,-0.3554434053589813
-0.01035964575506363,-0.0049431459878186285,0.0082295016114977,5.850898265344069E-4,0.45521285688355856,1.1478939193302473,-2.500133325848459,-0.3815523220936995
-0.010373244482800081,-0.004941224792279372,0.00822442265096974,6.065908908378263E-4,0.4584562053456504,1.1619088477582984,-2.495206946303211,-0.39577249552995836
-0.010532349613333112,-0.0049518472315819755,0.008195840790498128,8.63936786646255E-4,0.5045073140756329,1.340557907838973,-2.4588579031574604,-0.5598636143309048
-0.010389862260069938,-0.004939607342917215,0.008218928631409626,6.329526351761275E-4,0.46261074595029267,1.179329464784091,-2.489677502389783,-0.41307717837414576
-0.010422639479310571,-0.004947050712008223,0.008220057027419405,6.873045028192625E-4,0.47401699861723773,1.2186427445551264,-2.4874143673790576,-0.44657368341526904
-0.010408429018533795,-0.004939455539047577,0.008214539783245415,6.627105520220801E-4,0.46769150338730203,1.1995261001866757,-2.4847416783894354,-0.4322917058007865
-0.010515292042117005,-0.004952678408841632,0.008201901174619289,8.370351943423549E-4,0.5004230589650273,1.3224744237620285,-2.465059016928438,-0.5422317029650453
-0.010500243368328502,-0.004954938260985878,0.008208894154952663,8.136761659893896E-4,0.4973660151708554,1.3072611496805011,-2.471714707323726,-0.526601919257391
-0.010485901370645473,-0.004949921429652244,0.0082070581144745,7.893586200036089E-4,0.4918907524362289,1.2890764983164846,-2.4717799088161523,-0.5119251095783937
-0.010469409424933053,-0.004946444161054163,0.008207480269660896,7.620665379404096E-4,0.48640115498393116,1.2693767180014754,-2.4737108595423574,-0.4950045743516395
-0.010452473669143411,-0.004945067656899823,0.008210313918078844,7.346269469612961E-4,0.48143710621705127,1.2502487599029577,-2.4774369897216313,-0.4775519895132421
-0.010436290649613985,-0.004945558541100454,0.0082149780946523,7.088377498339111E-4,0.4772470416160816,1.2328379740738773,-2.482406976193531,-0.4607867393836442
-0.010329594970489655,-0.004938550022637893,0.008230008661637835,5.357350245237556E-4,0.44522288029942236,1.112931574730841,-2.5032361925300597,-0.35075991069521206
-0.01031436218512671,-0.004931069781451863,0.008224049889504351,5.098193135319707E-4,0.43861093914149707,1.093009206040425,-2.500340660896011,-0.3355868958566671
-0.010303061194045803,-0.004913195064474774,0.008205184669542188,4.885456573664E-4,0.43017963041684,1.0730089041522641,-2.4878379691262182,-0.3253292322815919
-0.010598205058456815,-0.004964168486644015,0.008189003339897345,9.724204362540765E-4,0.5251091103641298,1.4186058999449984,-2.4469691509265994,-0.6276914177108374
-0.010583271782996395,-0.0049571270239217825,0.008185816221304156,9.464027901178719E-4,0.5189400426064831,1.3985421742197077,-2.44616196003182,-0.6123144229047454
-0.010614673903134978,-0.004962089621699892,0.008180881360513743,9.977490715650167E-4,0.5282503058865807,1.4352250218989948,-2.4391473260377166,-0.6446656058402541
-0.01063319381387759,-0.004954281241629305,0.00816519868054254,0.0010241410374782353,0.5297164480758186,1.450638383748381,-2.425397650420891,-0.6635813469187656
-0.010684523403837425,-0.004953325124267515,0.008144816642756037,0.0011040885607189797,0.5408386262369654,1.504766363004271,-2.404330652061344,-0.7159788186705024
-0.010667851179147148,-0.004951890402316072,0.008149574252567843,0.0010775317097244357,0.536637510790901,1.486207360525497,-2.409805328556572,-0.6989470972687447
-0.010650550350802855,-0.004951891947298045,0.008156073417866885,0.001050484576888475,0.5327726868583325,1.4677924852182864,-2.4166302850965775,-0.6812922629522468
-0.011505776365218786,-0.005187247572828829,0.00789477049569015,0.0024697739084273834,0.7378618600546623,2.512555346974199,-2.0678223032605967,-1.565469488260198
-0.011490737506812558,-0.0051820165126146905,0.007902000574946956,0.00244468223411701,0.7354206408279095,2.494105071245268,-2.077391022532012,-1.5501167135778908
-0.011475442452969118,-0.005176832279799081,0.007909360875298444,0.002419244760334518,0.7329230724319503,2.4754396540653842,-2.0870546458699706,-1.5345213179473907
-0.011517783670829264,-0.005175932193600193,0.007871292379385218,0.002476025737297031,0.732153373534486,2.5081299694743593,-2.0474804939514875,-1.5705564250370239
-0.011471997095127702,-0.005159100725381828,0.007892123400187322,0.0023992672810526825,0.7243137094992437,2.4514736906502894,-2.0755411396603622,-1.5238229796647944
-0.011308108763146371,-0.005130112395378973,0.007991715687363949,0.0021464161555282135,0.7060793976609342,2.2778397043563126,-2.189956123070377,-1.3648905742738406
-0.01129305411059512,-0.0051258734154547595,0.007998225427706866,0.0021215922031681926,0.7032265365848495,2.259610824068504,-2.1981810833967557,-1.349380093431533
-0.011277816686982583,-0.005121579958665564,0.00800466715719743,0.002096429633470298,0.7002713426184091,2.2411068937040923,-2.2063377981428935,-1.3336530553234718
-0.011456263065323172,-0.005155462675587404,0.007901414266733733,0.0023746492159917383,0.7225066031083247,2.434400895325604,-2.0865690307615417,-1.5086076618741524
-0.011440905558400775,-0.005152835773426812,0.00791138904571794,0.0023513278982448677,0.7210929100982505,2.4186952143121343,-2.097943885072995,-1.4940639769793462
-0.011425771109306699,-0.005148204278394149,0.007918747443937377,0.0023265662796114798,0.7186637552861668,2.4007301589702474,-2.107299474701709,-1.4788083946145874
-0.011319661084684197,-0.00511824947233475,0.007969203242401848,0.0021538264220699963,0.700907991496999,2.275667109174442,-2.170382345363302,-1.3716575210316038
-0.011410616808533442,-0.005142955035252389,0.007925272334981708,0.0023012289653877205,0.7158493797862384,2.3819841432954294,-2.1159950067714175,-1.4632509198356785
-0.011395132687177284,-0.005138405391904932,0.007932721374682072,0.00227597221241074,0.7133246904021435,2.3636934584097147,-2.125377416220292,-1.4476440779323676
-0.011379842742899668,-0.005135082621703744,0.007941268236815778,0.0022519296731854745,0.7113080094054216,2.3468562026207427,-2.1354634682516873,-1.4326299578849122
-0.011364807850008906,-0.005130535120334105,0.007948064592533445,0.0022272104351533234,0.7086419651146351,2.3287828005780926,-2.1441355167009846,-1.417322468471981
-0.011349935838505925,-0.005125560994850768,0.007954103354529523,0.00220235040135858,0.7057137810837499,2.310346547003485,-2.1521509022930054,-1.4019857064088408
-0.01133475974702558,-0.005121529374546742,0.007961322397773344,0.0021777672325371793,0.7031567962007391,2.2926103281572234,-2.161054477184566,-1.3866797748799906
-0.010901796087863895,-0.005022145958506311,0.008126241204949964,0.0014718103282017213,0.6108918396599048,1.779785865589565,-2.3632777111267456,-0.942020026264813
-0.010885832071205638,-0.005017860466714462,0.008129445519162488,0.0014450665850500278,0.6063084898036443,1.7599692064920178,-2.3678818156402244,-0.925351560365344
-0.010912381995827529,-0.005011880740299301,0.00810877080644778,0.0014826717031226934,0.6082479321955743,1.7831463784043886,-2.3483953386176313,-0.9514934425845759
-0.010926222941701763,-0.005011859421009072,0.008101442015600833,0.0015037606276789362,0.6104986713549244,1.797379922711212,-2.3408473963482455,-0.9653866099812719
-0.010942713120818683,-0.005012782688448819,0.008093668040598828,0.0015293148614399612,0.6135210648456133,1.8149749579277763,-2.3325551185399225,-0.9820118193341111
-0.010974796303963783,-0.005024887260724308,0.008090042982621674,0.0015845924342440445,0.6236744684795661,1.857110629145224,-2.3251434430530105,-1.015807974851824
-0.010961666881226571,-0.00501533336769688,0.008086265391070838,0.0015594178170768044,0.617558588204662,1.8362627271747098,-2.3241529188352428,-1.0012839811016327
-0.010988192817090093,-0.005024767518101573,0.008082344115762084,0.001604762387822876,0.6255912058061927,1.8705997948648936,-2.317239692402511,-1.029117297776806
-0.011004001013695879,-0.005025710138669766,0.008074383497959,0.001629103941065225,0.62825092249508,1.8873002888756971,-2.3087431941155767,-1.044943196875354
-0.011274578807295916,-0.005104660239459513,0.007987529434570692,0.0020792153262585364,0.6919723578340062,2.220684488499748,-2.19399622563229,-1.3252994126291961
-0.011258846157088685,-0.005100448589391173,0.007994240868534105,0.002053507265402262,0.688936111229811,2.201961442870847,-2.2023617142712113,-1.3092492814153098
-0.011180085515977762,-0.005080310753541299,0.008026651863507627,0.0019249078188430194,0.6733398438509548,2.1082387062443657,-2.2425190763387133,-1.2286316364087992
-0.011164412616377734,-0.005077178276326537,0.008033663679301396,0.0018997996097977032,0.6704344713942353,2.0902646622266077,-2.2507799228409273,-1.2127344225445469
-0.011148966254631397,-0.005074635381094684,0.008041059645825284,0.0018753680098181696,0.6677415886092398,2.072986900789641,-2.2592508552460373,-1.1971588816761038
-0.011103449314884576,-0.005062752423250164,0.008056925153380428,0.0018002579747358795,0.65744415502218,2.0177322008703586,-2.2793864535398467,-1.1500366659982986
-0.011133832874997815,-0.005071257001170062,0.00804713781814037,0.0018507954357432322,0.6646414096832564,2.0551644159575275,-2.2666069370748754,-1.1816375556742909
-0.01111875399186728,-0.005066885918388479,0.008051890331957072,0.0018256261609883226,0.6610280776596147,2.036461598051698,-2.2728944496000065,-1.1659230829934761
-0.011191246777822758,-0.005066222829932332,0.008002753451452056,0.001931519057386718,0.6678440944775274,2.10547066162534,-2.222221958928708,-1.235543129672126
-0.011207245881666099,-0.005070253044862146,0.007996311081371532,0.0019574876006639634,0.6710652305909873,2.124309845394638,-2.21427184766825,-1.2517905406270557
-0.011223482247003222,-0.00507433197534053,0.007989601451426546,0.0019837943176857285,0.6742580620439936,2.1433567226445827,-2.206020191999839,-1.2682403216984566
-0.011240150284890345,-0.0050791870979624175,0.007983311839376355,0.002011236737305345,0.6776998046518422,2.1634986420747606,-2.197943027707911,-1.2852833829491974
-0.011254215283299345,-0.005085463626802863,0.007980375187785561,0.0020359442865715135,0.6816817413101262,2.1826265368364552,-2.192847554504028,-1.3003127683704756
-0.011020247647961912,-0.005027753491356858,0.008067294990322459,0.0016546730784908256,0.6313951227533812,1.905259970321031,-2.3008114291260315,-1.0613448488124293
-0.01103639331540149,-0.005030321016993549,0.008060717778938471,0.001680344442333554,0.6346864077203881,1.9234864505328078,-2.2932457304938407,-1.0777032906254662
-0.011052442025544833,-0.005033357122255606,0.008054586711171463,0.0017061049835571712,0.6380985896682595,1.9419503339457307,-2.285994240689955,-1.0940219521108174
-0.011068314373086858,-0.0050369287220846295,0.008049029816043086,0.0017318903207103073,0.6416656134501647,1.9606493226104196,-2.2791685493593583,-1.1102499949224018
-0.011083895884419562,-0.005040816352921242,0.008043868957644388,0.0017574098907080472,0.6452798063509003,1.9792992542142314,-2.272649928892726,-1.12624224711603
-0.011099211161031743,-0.005044884044721623,0.008038939231523405,0.001782624834745271,0.64888810605013,1.9978180165740689,-2.2663081053313587,-1.142002239895941
-0.010879774406800075,-0.004999355888579459,0.008110981489619487,0.001426394692697339,0.5974566167539758,1.740220465751505,-2.354505889524351,-0.9172067811023777
-0.009565440092160692,0.004874193968213433,0.008131764590916598,6.882759605160765E-4,0.19500353982908822,0.2629437205774672,2.4999521777494595,0.4255380845599199
-0.00958155849210687,0.004847655999512694,0.008105096402928209,6.567705454937415E-4,0.19764528008745344,0.2737675344896156,2.4803236878499972,0.4040063595365961
-0.009531324548027317,0.004867070219578011,0.00811478110961729,7.395713300819138E-4,0.18416506505474078,0.22490753712631678,2.491030825907974,0.4588169776225349
-0.009463010221425623,0.004861694726303549,0.008089090866974609,8.435851067037477E-4,0.16366867302811158,0.15115821358483125,2.478745381535026,0.526984939606554
-0.009504147833465475,0.0048516854258388534,0.008089651447873138,7.773697532549202E-4,0.17507354745745404,0.1925512127389367,2.4758620002037364,0.48323955220604703
-0.009479707784686382,0.0048432557492608325,0.008072960504108322,8.124510542906032E-4,0.1674655872562625,0.16483480857398194,2.4662475380463142,0.5061955840647933
-0.009436695586288858,0.004857631012670999,0.008076217840862631,8.826756049097685E-4,0.15585156434730754,0.12242479465256377,2.4719222619811667,0.552738928589588
-0.009213276828804996,0.004874297908229049,0.008009848804007463,0.001226324925143534,0.09471014537297028,-0.10954124079803551,2.443058445893239,0.7817234135514618
-0.009243327030159808,0.0048776328898620085,0.008026773686486395,0.0011829671263925646,0.10261850363302503,-0.07751955739442297,2.4526395249393005,0.7524537771433425
-0.0092712801066981,0.004856299356575585,0.008014231992183216,0.0011322429850419652,0.10995475400386259,-0.051903866520750123,2.4416139457206563,0.7189826487451683
-0.009310491128875107,0.004850190600315806,0.008022993290698596,0.0010711761823164443,0.1203609069558208,-0.011931974406434783,2.444708265445843,0.6781669154499353
-0.009344519336786329,0.004853215776469789,0.008039370932013118,0.001021181274440245,0.12969699420830486,0.024383466931922396,2.453516874329782,0.6446638408536591
-0.009406488743541946,0.004854000406072609,0.008062165202266018,9.27576208030586E-4,0.147034243267644,0.08978084582363278,2.4645498749194314,0.5824308996298447
-0.009374441965780564,0.004853570934869604,0.008050617861513384,9.760853079191293E-4,0.1380116083199611,0.05591920195369055,2.4590242655575723,0.6146388747354773
-0.008852200290826442,0.004842054254599129,0.007778579747744236,0.0017218164582562447,0.01447193572544195,-0.48143801200573216,2.302248911708332,1.124165550729858
-0.008992560422818034,0.004862475608476134,0.007885087769447088,0.001540359809509907,0.04189392452709468,-0.3391063977567685,2.370443143651691,0.9966300949386222
-0.008907701036290827,0.004854660313861125,0.007826761256962063,0.0016540381121406226,0.024535676091928638,-0.42545951214450944,2.3339773726188144,1.0759751222697014
-0.008884010214247309,0.004838741297155491,0.007794883683637721,0.0016766878155340468,0.02065122265159392,-0.45011460272774195,2.3120552844709867,1.092889045559961
-0.0089598462673274,0.004851102293383542,0.007853794967507042,0.0015797202690382998,0.03540546073954918,-0.3733059111552424,2.3499870291263005,1.024607001240702
-0.008933330845991854,0.0048422000227948256,0.007828479862876516,0.0016112547891996465,0.030245635082210398,-0.400692964760223,2.3333026586056778,1.0470917968345521
-0.00900951588393802,0.0048354386572526335,0.007864618343800426,0.0015014297021107086,0.046742015035202526,-0.3245110768059005,2.3541622907553292,0.9713888690127057
-0.009035211984416475,0.00482878223221956,0.007871261426641409,0.001461703781196748,0.05264005298463425,-0.2991708804376149,2.3570788827660247,0.9443717078686101
-0.00906866560994154,0.004828672585021657,0.007888811129605261,0.0014143800520270537,0.06012514255865797,-0.26520998335039453,2.3673431385223798,0.9118143071296411
-0.009102482675321407,0.004834489525390834,0.007912537366747796,0.0013691594017572301,0.06791961814831911,-0.2300286398022411,2.381976576724806,0.8805237006791976
-0.009146276106014562,0.00484957849829842,0.007950913772741425,0.0013133830907673487,0.07813412229124159,-0.18299503003480938,2.406245812053303,0.8417536433035944
-0.009130368558756837,0.004835485411008195,0.007927438244944405,0.0013295979317205016,0.07445615222864638,-0.20128598051982446,2.3905803539395123,0.8534112112894425
-0.009170650455749026,0.0048493667688613564,0.007962205225346346,0.0012777669798176912,0.08408356023630081,-0.15782645253742486,2.4124573214775755,0.8175525481061033
-0.009199360981177192,0.004849435792360058,0.007975450190264065,0.0012357506915112336,0.09129430361173207,-0.12802391324385679,2.4196894987953477,0.7890314753207908
-0.007072066077934686,-0.005327604554479374,0.006354280120912871,-0.003951808299209375,-0.05866696072635376,-1.8718778543118177,-1.2548191033358258,2.564126437304992
-0.007033617491583696,-0.005341166261678721,0.006311305626885687,-0.0039881169456412015,-0.055170235941358545,-1.8884745907801979,-1.2216505909629054,2.5798601565287984
-0.007090582105616222,-0.005291054789660491,0.006356650340906038,-0.003894627865504861,-0.06014689047186581,-1.847527502435495,-1.2604209662852746,2.5272637989664357
-0.0071396032053925125,-0.005274961378422681,0.0064106417752836375,-0.0038485199540065416,-0.06460683881703243,-1.8256382940299083,-1.3018104151205134,2.506487604316366
-0.007259681455303496,-0.0052562171191681715,0.006553689045623344,-0.0037571826135219502,-0.07591232090655232,-1.7767856412611724,-1.4106017507679225,2.4682722121364744
-0.007202000349873922,-0.0052621785880709575,0.006483302171786768,-0.0037981192938835967,-0.07064518443091307,-1.7997410124553654,-1.357117311523206,2.4849247701375528
-0.006972733119205088,-0.005337948769389396,0.00622870236622357,-0.004011365891702341,-0.047824971498489424,-1.8993580541309603,-1.1615911149824,2.5785076981169968
-0.006893899872733281,-0.005305614303486004,0.0061077496005598015,-0.004001524169581509,-0.039377589974169264,-1.8949646814392096,-1.0799673493752737,2.54733203836943
-0.006824935436476623,-0.00530808862831491,0.006019129161805365,-0.004030870011926534,-0.03300771605231412,-1.9047783097182027,-1.0186885810786999,2.546423479083711
-0.006727764678362148,-0.005402843355681599,0.005935244252682776,-0.00418843537887638,-0.0199540930440944,-1.9642865053950695,-0.9470118402767406,2.6241814846228135
-0.006776842214469028,-0.00535046076734611,0.005976359169220354,-0.004103187464325672,-0.026896439079796896,-1.9321500916281116,-0.9832985456735613,2.5812166861037835
-0.006552882417861044,-0.005499548973047781,0.005740098980798834,-0.004364367644170857,0.002942374946895476,-2.0187113997981747,-0.800742436052256,2.6796419791666004
-0.006596790778588872,-0.005439936566538921,0.00577620153681118,-0.004274219029972663,-0.00475250323146914,-1.9870657961413052,-0.835394026604639,2.634979848154113
-0.006642785583420484,-0.005379348237170868,0.005812746885450516,-0.004182118028090536,-0.012096839924675072,-1.954195755691398,-0.8698274755170871,2.5889697138409864
-0.006266697638340488,-0.005636289037232319,0.005396294963489053,-0.004592274569743267,0.04242567113824841,-2.0600400451059375,-0.5601155567673994,2.7056865206949223
-0.006320337330954374,-0.005576207723953709,0.005452477140123904,-0.004506168175979364,0.03169105865936836,-2.037241545658581,-0.6069514134432391,2.674924947840785
-0.005761241656806519,-0.005911364043074105,0.0047646819552938915,-0.004948128391305927,0.10825434872087468,-2.0517409387906302,-0.1621770214202148,2.656470108640264
-0.005777205980412559,-0.005789567105924389,0.004778358138886334,-0.004793181023158268,0.09340185981209487,-2.007961699421536,-0.20711855933597634,2.585646602156334
-0.005617624771936552,-0.005888588209440722,0.004581057398173935,-0.004901806347261034,0.11194599253130567,-1.993197979129009,-0.09575265880750704,2.5580356981532097
-0.005502014080286142,-0.005861709457829649,0.004438532576467955,-0.004853420032069541,0.11221963109833945,-1.9445141601370024,-0.05289209639715121,2.4781850660822875
-0.006174485053512781,-0.005628123542617921,0.005271320957010991,-0.004588074813495006,0.049516593156390176,-2.0383801153727625,-0.49216359738399884,2.660428250784768
-0.00603181944353991,-0.005705405060826278,0.005097942729925882,-0.004694212673130662,0.0680331079948686,-2.042929859425605,-0.38092553733011364,2.655736641273657
-0.006086446124171471,-0.0056386915078391175,0.005157874935788458,-0.004605913280413463,0.05701112578561577,-2.024454976819525,-0.42928188786947097,2.630125252359901
-0.005926423680265896,-0.0056953965450251675,0.0049596594961369015,-0.0046802487097127735,0.07461390173417941,-2.010907707888873,-0.3159828280297154,2.5970493751908155
-0.00581631598835407,-0.0056951473372023895,0.004819862584855534,-0.0046762699384794845,0.08110661982809499,-1.9810726581721774,-0.252399250864001,2.54396094847883
-0.006456494082112304,-0.005499322510095725,0.005610728030714994,-0.004383314373163954,0.01322218977515366,-2.0122959250515713,-0.7190155392274235,2.652757540226306
-0.0063754576132218285,-0.005474893177508034,0.005495986162232313,-0.004364664639055331,0.019820962072600482,-1.9917157325381047,-0.6551372844944662,2.6074107499215935
-0.006308940417798258,-0.005497113195217648,0.00541547330033531,-0.0044032000774606025,0.027192792096500277,-1.995085321981465,-0.6035112744748249,2.604597426689951
-0.008666184370235922,-0.004918837256686421,0.007733757072635635,-0.0020218864484992864,-0.023869371489025123,-0.6618553839971152,-2.2823935088052143,1.328754585163867
-0.008633817922516183,-0.004918840107656038,0.007709530723386199,-0.0020639900921960034,-0.028872122422875356,-0.6931879133609529,-2.2663566204116146,1.358492504770013
-0.008679938204266813,-0.004891585226723777,0.007714567802342658,-0.001983928935466161,-0.01919596218401627,-0.648545657634007,-2.2667798638898056,1.304332958164747
-0.00847724737496192,-0.004931415069701922,0.007598361717104582,-0.002271148672627996,-0.05072872493423906,-0.8417851560748905,-2.191974781084141,1.504491788977928
-0.008514955421528992,-0.004922113500147142,0.007619688822171907,-0.0022170678085541326,-0.045355899187085776,-0.8061827342832811,-2.205825628163678,1.4668369299317747
-0.00855243523093032,-0.00491145836463809,0.007638619625723653,-0.0021618458474843877,-0.03950836543731354,-0.7705816752263094,-2.2177695475707413,1.4285797975894032
-0.008596535745599024,-0.004902923659483786,0.007664112766737228,-0.0020996114776601032,-0.03265828723929592,-0.7286415953193768,-2.2342370567957865,1.385176756548795
-0.007570912618809374,-0.005190018656555313,0.006895751032705635,-0.0034611894560821767,-0.0964560343028348,-1.6024231493422365,-1.676003219038882,2.306866198201068
-0.007598410548879487,-0.0051640665991218885,0.006908134689821301,-0.0034082115927060496,-0.09662793812095823,-1.5760957567316665,-1.686124856055605,2.27191761855655
-0.0076064288357173574,-0.005130500555863427,0.0068906189107360806,-0.0033617409691094036,-0.09399141901638493,-1.5578250548995138,-1.6734039796037297,2.2392380701161017
-0.007451205985547174,-0.005244732560027508,0.006789946603346632,-0.003617993898038393,-0.09192299504518531,-1.689613599827301,-1.5920700677955226,2.403943330883314
-0.007490589484298916,-0.0052233353170724126,0.006822906912380704,-0.003562786191164682,-0.09346151314237615,-1.660108048793602,-1.618369817500953,2.3698310846035486
-0.0075209440248706835,-0.005187596685254579,0.006832599209965718,-0.00349615618131913,-0.09331381777500093,-1.6284250551937416,-1.627291629381428,2.325416605647114
-0.007344050046606859,-0.005211766281940915,0.006630379191486828,-0.003648561449967678,-0.0816417397106818,-1.7220797961770256,-1.4719035670096845,2.406378587693199
-0.007401969425111718,-0.005222550917421312,0.006711117685193605,-0.003624105932921021,-0.08652558896161838,-1.7023049698571164,-1.532592789897043,2.3995015738457766
-0.0072847359655389445,-0.005201721573563525,0.006548712647680171,-0.003672837636508204,-0.0757220515005075,-1.7403244389617765,-1.4108733052228166,2.411539142256736
-0.0073186972709345785,-0.005168413217585948,0.006568510413966636,-0.0036103496567537413,-0.0776640257360272,-1.7113424644626556,-1.4277806823588477,2.3731960463459463
-0.008113938306795377,-0.005051256787122266,0.007383105302867122,-0.0028008503166521777,-0.09194150358895185,-1.1775701100007996,-2.0458265634944213,1.8709781677143147
-0.008133520000853349,-0.005013700748245474,0.00736618792888377,-0.0027420104481198173,-0.08675489770705991,-1.15359636107095,-2.031436669850535,1.8313001917096812
-0.008063811747848176,-0.00503326519204524,0.007314393180929386,-0.002835340237460604,-0.09152480645073259,-1.214088761107326,-1.9939250960502963,1.8953526063255268
-0.008019964258650453,-0.005017360812345082,0.007254069489142981,-0.0028637031653439217,-0.09075701038045812,-1.2443451454142573,-1.948256183145462,1.9149471977197707
-0.007955410263510905,-0.0050314810633748435,0.007199283792537581,-0.0029424460295398923,-0.09306404627716529,-1.2964034469274643,-1.9076922498064792,1.9679737783822897
-0.007982502378094496,-0.005011430065343941,0.007209532292307358,-0.0028947712504172806,-0.09091377620516343,-1.2709512747899134,-1.9147880703791516,1.9359101143456912
-0.007691293892299963,-0.0051284908499326185,0.006989126650755109,-0.0032904332957749923,-0.09788961166939388,-1.5071682108618887,-1.7488931732775626,2.1972798325957217
-0.00773035865669219,-0.0051043773034597124,0.007014099543186121,-0.0032293214877118274,-0.09731438394169335,-1.4739350776822602,-1.7680745373857036,2.1572992672877467
-0.007748805686849729,-0.0050632993287348035,0.0070003772128823605,-0.0031666053772151175,-0.09429180612613684,-1.4474505850458803,-1.7578719091467996,2.1142200370111617
-0.007798715279112776,-0.005067904853342009,0.007060502939216778,-0.0031281892807176466,-0.09558044571107048,-1.4170441295480993,-1.803383614506542,2.0907682502755307
-0.007909383526577635,-0.005025070700114726,0.007144279320151578,-0.0029797025533600074,-0.09248228870120422,-1.3278010918434406,-1.8661474810412713,1.99258334382375
-0.007845479362913185,-0.00502897918142996,0.007078469655087218,-0.0030430752047384967,-0.0929287575374537,-1.3731144422168293,-1.8166680241902813,2.033896094116972
-0.007641911160632747,-0.005103538375246147,0.006910700817016452,-0.003301760288931576,-0.09387480070512956,-1.5268266385473324,-1.6892861606812632,2.2001280027502106
-0.00817381029258406,-0.00499837318513582,0.007391028099292387,-0.0026833668425001412,-0.0833305833857524,-1.1174184268549148,-2.0488828164353134,1.7911159749046153
-0.00820856195859733,-0.004974680123838203,0.007401420273660238,-0.0026224286174879314,-0.07882210744982016,-1.084090502264903,-2.055145561626476,1.7496453046032923
-0.008333798225991163,-0.004920383332247784,0.007463399328539212,-0.0024316241882604405,-0.06393022263875962,-0.9690115362040007,-2.0962532067948407,1.6187262337322417
-0.008443465111640685,-0.004894846954741188,0.007532512502169697,-0.0022813813463399587,-0.05090473042549674,-0.8693674489578037,-2.1432001377117884,1.514426228991079
-0.008403772962360148,-0.004901045240306368,0.007505159070461746,-0.0023335620790800554,-0.055679250429998974,-0.905342980792094,-2.124479371340017,1.550816195123537
-0.008365545678677542,-0.004909402829004862,0.0074804615608805415,-0.002385355936241062,-0.06007688890677087,-0.9399692152936568,-2.107625533293419,1.5868266891887222
-0.008242356533622035,-0.004937499133003376,0.007396931366065699,-0.002550095007450085,-0.07245359911764489,-1.0494924161331125,-2.0496026673278465,1.7009143295747668
-0.008293257890365172,-0.0049172505609023495,0.007423866721708903,-0.0024748030866982404,-0.06696543647092117,-1.0033834479634594,-2.0677488405553444,1.649280718892356
-0.00875408303210992,-0.004905851742996374,0.007782750999777274,-0.0018961371311445594,-0.008121711842886478,-0.5759064323540145,-2.312782801132585,1.2413103266821517
-0.00879496453195131,-0.004893566171202852,0.007797263135950362,-0.0018327126388801185,1.947826345683012E-4,-0.5357783848592835,-2.3205262405645954,1.1977801874227456
-0.008773439282159855,-0.004871211533968323,0.007758435405149207,-0.0018464855216295557,-0.001998891983741014,-0.5577400436315901,-2.2930423548854617,1.209236003800762
-0.008831207191535148,-0.004882676974155627,0.007809315646007461,-0.0017763590278761386,0.007655742598949284,-0.5002187667021519,-2.3268040132052294,1.1591889321141322
-0.008866347129405963,-0.004856250378406292,0.0078029328971316175,-0.0017116210036625804,0.016259976069693826,-0.466640985709139,-2.319429135035543,1.1159771931834344
-0.008711606964812267,-0.004879451971059061,0.007724360249720883,-0.0019338630548729216,-0.01324007258851592,-0.6179206389463415,-2.271917261041992,1.2700257764012859
-0.008832133258954414,0.004802213788876291,0.007723042092741502,0.001723263114347076,0.013164088411328096,-0.5025499942003394,2.2622067487588695,1.1278313778574545
-0.004547102275992918,0.006485550883766038,0.003261119651104287,0.005323259948292831,0.16270744232897574,-1.712192361726567,-0.42444810605255795,2.1416413667751937
-0.003996183235472245,0.006620164589217603,0.002686883597836458,0.0052702105250846355,0.1395071184840269,-1.5271500257862611,-0.4918970733084991,1.875179313208345
-0.0041766264296367855,0.006563789883690756,0.002871754557631954,0.005277727193003123,0.14828701749133444,-1.5848979174529951,-0.4716961994748821,1.9574858018409291
-0.004361084922867485,0.006518090726477349,0.003063889505278468,0.005294501346090511,0.15534285926735006,-1.6463290473204084,-0.4493053620118261,2.045618336054694
-0.007107098611212741,0.005252978345424259,0.006355072751540856,0.0038369570922889063,-0.06105679053931135,-1.8231141751906248,1.2630469644334477,2.4893510451754293
-0.007850758743708067,0.004995430076605238,0.007055152965080178,0.0030018457813154324,-0.08977795091709818,-1.3588343693581317,1.798842388903692,2.0056206982527773
-0.007781933359280253,0.005045575090025281,0.007022553144254206,0.0031180125530311247,-0.09325351566979456,-1.420300071914921,1.7745293969219238,2.082500698973989
-0.007807702250520259,0.005007058338733515,0.0070183199792049926,0.0030528441409537256,-0.09044894087044804,-1.390710357665434,1.7713380952356037,2.038650880089253
-0.007728378717902139,0.0050541349295722925,0.006969599007933704,0.0031736187908145285,-0.09289956351870521,-1.4568694120036452,1.7344482469443696,2.1175824907424587
-0.007672206550482953,0.005053026939451231,0.006904814218883203,0.00321887060636413,-0.09099620159268051,-1.48977841573744,1.685625621913146,2.1442422228559592
-0.007147019633539119,0.005197899313084602,0.006372507725907777,0.0037460017573365495,-0.0634564409700074,-1.783713941832594,1.2809657796816125,2.43339931578978
-0.007204278169444696,0.005153399392275189,0.00641654494022513,0.0036590910885086754,-0.06746335197151009,-1.7443920441638257,1.3166374257854052,2.3844384652245414
-0.0076158383390756085,0.005057550429082441,0.006843628249319119,0.003268884527326875,-0.08909126793191459,-1.523304875256304,1.6392408063510724,2.1737302888959555
-0.007513427373025299,0.005103608472644075,0.006758948152959347,0.0034000501518052844,-0.08700978239192571,-1.5957195653725211,1.5740670640195227,2.2544926719553593
-0.007559202264252923,0.0050680771245320165,0.006785973518132858,0.0033243166825897073,-0.08773702711849383,-1.557637695735353,1.5954601699012552,2.206303595305938
-0.007271493730006576,0.0051266855361506184,0.006482297102750896,0.003587435341033568,-0.07185234309549476,-1.7089683737750432,1.3666388490958588,2.347369475937645
-0.007465064764160859,0.0051045696122746665,0.006701832824506576,0.0034356584889500895,-0.08458182509480285,-1.6195088375507154,1.5310240096191936,2.2729537400525186
-0.007412009370218924,0.005107421458573243,0.0066400926296074,0.0034754100779644283,-0.08130221418223886,-1.6447311609527395,1.4849277979065507,2.2930059316774485
-0.007343794186489002,0.005103194931722294,0.00655471304319609,0.003514625721432036,-0.07595819133514219,-1.67097464996103,1.4215233433458623,2.309099400141125
-0.007004741989382881,0.005309648596966388,0.0062550332032887184,0.003959787684884333,-0.051268948726238474,-1.8776325553819075,1.1842201497934388,2.5506965331066387
-0.0070358673910794365,0.005246136429577659,0.006259385350153231,0.0038629514204884144,-0.05393188934471849,-1.8370659775856557,1.1944978555167844,2.4893349170204018
-0.006931393888727089,0.005312995563439738,0.006160632435878004,0.003995946283774607,-0.04365555082333831,-1.8930717909660995,1.116252641044591,2.554815624248492
-0.006723853048665466,0.005384142590129082,0.005921722969475495,0.004164774123006468,-0.020411779246766116,-1.9542166680312303,0.9411305136554734,2.6061020905064733
-0.006854311338781191,0.005322110837890507,0.006064325056496377,0.004038309258097064,-0.03554554593718804,-1.9090250854577862,1.047655680602143,2.5610069746218422
-0.00678371806296639,0.005343513800989644,0.005982115312039752,0.004091667965868492,-0.02776693156087295,-1.9279214149194701,0.9881604987351517,2.575592671915354
-0.006639473980876934,0.005362128941346375,0.005801326717743067,0.004160447865002019,-0.012153291232341362,-1.9449468590928929,0.8653525950260719,2.5729250363987055
-0.006543722609414786,0.005387564598804242,0.005686321305566373,0.004217906833313695,-0.0018538537013341788,-1.957801751080744,0.7879900367459126,2.5769436085888877
-0.006456197144686594,0.005413927175852352,0.005581784623704599,0.004270935286120713,0.008031469049295475,-1.9672667106413366,0.7188137747768298,2.578780604860414
-0.005091302573069564,0.00614543772364928,0.003929622202701479,0.005110221382704015,0.14731601245688122,-1.872261374268328,-0.1912802924845087,2.369145848722353
-0.004943263846119217,0.006176419810787066,0.0037571302720584704,0.0051080758357061875,0.14835348444767696,-1.82219672569266,-0.23886724690631286,2.293725371039199
-0.0046275885983130425,0.006312294422384833,0.003388964090189202,0.0051680178148615806,0.15147904111550595,-1.725857791209044,-0.34520175975864514,2.153531640507389
-0.004790253732027524,0.00622437114852381,0.0035804729094306878,0.005120266005134787,0.1490831662680028,-1.7738009559938293,-0.2867409868641259,2.2216022048615947
-0.0052920899797621185,0.005942412977288027,0.004184611695679631,0.004916532452240992,0.12518420588354137,-1.8964406736628485,-0.054511361044794475,2.4017264344527938
-0.005167651736405014,0.006007526586196124,0.004034501000652251,0.00496842648499318,0.13253658595026183,-1.8688640638044753,-0.11753963665897482,2.3597812047420095
-0.006372581802360791,0.005446281156379677,0.005483563092527018,0.004327818274285237,0.01777716953406959,-1.9767833044931071,0.6539527784928031,2.5827140698506246
-0.005405033719409469,0.005910457201259257,0.00432028171937391,0.0048977585192301895,0.12002024812902685,-1.9268291714834238,-0.0026731677656869524,2.449624057609483
-0.005831140313423827,0.005771414106481349,0.004845690932168803,0.004773721164790692,0.08775607824078173,-2.016606905500567,0.2420418899537083,2.6012290120480865
-0.005524275169703179,0.005882359140457281,0.004465397603968259,0.004881619007789884,0.11363054462685315,-1.9590143421928272,0.05545360557686556,2.501164197920415
-0.005621516513442441,0.005847332160339168,0.004585200391494622,0.004850842647235285,0.10661449164861626,-1.9795837073291878,0.11117743716267596,2.535533331084618
-0.005733422691731849,0.005758322203314197,0.004721051024376696,0.004750529766371866,0.09240875510027392,-1.9819944725157324,0.1921667181954336,2.5421834807668646
-0.005660461648865208,0.005769198382332915,0.004631009955789666,0.00475797822920517,0.09637073134100858,-1.9635803358208128,0.15236920990674524,2.511053332420922
-0.006196258506222572,0.0056007416593310475,0.0052939288608673885,0.004550484192260617,0.04491696703298146,-2.028994269174333,0.5117969195104649,2.647026636925546
-0.006286176113026444,0.005481511958292897,0.005381731297127744,0.004385759736935308,0.02807664358313745,-1.9841240425973121,0.587874873832999,2.584210039043733
-0.006220097672515455,0.0055281965531807815,0.0053080745006666855,0.004453593960100384,0.03721535542571765,-1.9971424452561912,0.5365584791579656,2.5980525882256478
-0.005844259340669096,0.005676551125292825,0.004853086944573271,0.004653919509663601,0.07824963025907496,-1.981020701882521,0.27230824434153955,2.5451415589947675
-0.006112327476243011,0.005604417392927875,0.005184944284546244,0.004560240622958573,0.05254500744228168,-2.0138385549197526,0.45204678319066754,2.615024451990791
-0.006043793605298378,0.005637582817287774,0.0051022676994138955,0.004605626476383619,0.060563794781247,-2.01417152258931,0.4014020675802471,2.610086765413609
-0.005966117639824334,0.005628909675064766,0.005001159827145403,0.004595581334573876,0.06564082866173127,-1.9918184461573192,0.3537502167755137,2.5688747036871393
-0.0058900883348338845,0.005628268637952962,0.004904971197633699,0.004594339426815272,0.06985109532719584,-1.9729359233553871,0.30864292011486544,2.5344488246990324
-0.0037834275625591753,0.006693314856525137,0.0024748583466356576,0.005264513604399237,0.1310276928670228,-1.4607167729093167,-0.5099346141812607,1.7817925584897731
-0.0035369561337766533,0.006720325455468402,0.002258667124580529,0.005207556077446037,0.1178376702062958,-1.390579012648555,-0.5032513176437882,1.6831562528325457
-0.003340147940553457,0.006821983532342161,0.0020686328714547573,0.005226312556258013,0.10858004644088706,-1.3323139435247675,-0.5167180114607678,1.6041899626221787
-4.3168799767885965E-4,0.00819371425418758,1.5356897675219692E-4,0.00532812986657829,-0.011173232254816007,-0.6875641152737969,-0.11860648239295556,0.7522363138730211
-9.515626855354162E-4,0.008124700979638813,3.530911706534721E-4,0.005355944841744467,-0.0036888264540127125,-0.7265526637070173,-0.25785855125785595,0.8036267140182175
-0.00210675432933083,0.008111657455408709,8.306325306158725E-4,0.005613659747642815,0.027870676097659947,-0.8364627059744919,-0.5822511085442564,0.9703317841451061
-0.0017642417334387366,0.008020075883590527,7.084404335574176E-4,0.005474669590757055,0.018230554326739246,-0.8196170801775186,-0.47008410194507594,0.9341445495265025
-0.001386158098227552,0.007810000316653291,5.933404870983762E-4,0.005297036173400238,0.014132388678994686,-0.8346318792056666,-0.34471112202799936,0.9404831041672831
-0.002395496562468225,0.007775594021874592,0.0010977616552394502,0.005541944494714617,0.05067207605755098,-0.9679727201540126,-0.594444128005989,1.1351304836092417
-0.0026035543532385635,0.007440732556597746,0.0013397461094634296,0.005417902815000532,0.06730989257932686,-1.0788140403688802,-0.5677882582805552,1.2720769109099332
-0.0029112872246271357,0.007141213769085002,0.0016458401403994778,0.0053228983852073265,0.08616858543526017,-1.1946738737913318,-0.5497792793707625,1.4215560288927576
-0.003073114334165189,0.006824434243655451,0.0018650027293290045,0.005146593674683235,0.09429017564981246,-1.2695233920731945,-0.4877340443450036,1.5139015757082064
-1.4836894680257058E-4,0.007786409420471936,6.247865126385138E-5,0.00515790804406847,7.675848768447774E-4,-0.7827268441999368,-0.03666056294986673,0.8631401827310673
1.6287572944737974E-4,0.007369124725091794,-7.792532050353796E-5,0.004970210206195802,0.012112278367288011,-0.870443683179392,0.0345192529463288,0.9694680846253317
0.0017848360719887337,0.0059684494741585265,-0.001139198226450906,0.004295049844350686,0.05418971366372765,-1.1542083706878439,0.19645514056012192,1.3316786986484106
0.0012976494690332214,0.006254162739646084,-7.897314424982397E-4,0.004427645504794977,0.0441162285436009,-1.0879428400042246,0.1709965638308932,1.2447264122401405
8.821607442637885E-4,0.0066005040022106,-5.048640124679637E-4,0.004599563152448534,0.034022485541205766,-1.0203506472393198,0.1385968455910991,1.156933936261188
5.052649656212799E-4,0.006974650000578859,-2.67421467663007E-4,0.004783041367326726,0.023636343791671646,-0.9487985124289332,0.09328932364699442,1.0663970338463906
0.001839132503867248,0.005384703107292008,-0.0012365083229011753,0.0038981506521309464,0.05588650935870996,-1.1950958516102537,0.14226189410973486,1.3825167876704427
0.002290442363450688,0.005154027806905353,-0.0015806868520265847,0.0037725809508202565,0.060854951764374006,-1.2413667807179312,0.13957339537101768,1.4435937678158601
-0.00858390020233321,0.004866141427578388,0.007615807332949418,0.002087168135597135,-0.031033688045530777,-0.7391523209337794,2.198053567465656,1.379414443848445
-0.008701487668375127,0.004850829076920744,0.007686659913142998,0.0019266918719000497,-0.012459263082660254,-0.6278344769177137,2.244023012767333,1.2673459685522133
-0.008654396780418008,0.004834034620801348,0.007635137612884982,0.001974723557109058,-0.01841807966573049,-0.6720619248561275,2.208127435761703,1.3023016999267645
-0.008770488653804961,0.004825746373400592,0.0077077230068402025,0.001819691526876436,8.087100093604034E-4,-0.5616351419493464,2.255073482424251,1.193867497348962
-0.008796806775323027,0.004799599935838241,0.007697458040922656,0.0017679603817226702,0.006899783015797819,-0.5367116036546887,2.245481870245409,1.1593463920261011
-0.008733109246548267,0.004819579118562256,0.007675780365420841,0.0018640125700506104,-0.005314296792536743,-0.5974605123794897,2.233603166854229,1.2254343934565908
-0.008608555524095313,0.004826544053970367,0.00759350036343284,0.002026523026300839,-0.02424404080234058,-0.714469153010235,2.1793672070640127,1.3393356478182896
-0.008639939377452926,0.004793731236897839,0.007582935571744725,0.0019634551528884296,-0.017397510991322123,-0.6842159781135312,2.1692391548523586,1.2971698263057674
-0.008362453672142946,0.004912630972322908,0.007480984440879656,0.002391778573713735,-0.060590568363311816,-0.9430746176088157,2.1082190639989267,1.5911418299095657
-0.008535151485715486,0.0048771886422360345,0.007589192449028901,0.0021560764445192992,-0.03839386405230003,-0.7848194005511823,2.180930481945207,1.4272450256641493
-0.008485319538857585,0.004872853752959566,0.007544684434223437,0.0022131330259251582,-0.044077967926460924,-0.8298510022481406,2.149919824669249,1.4678284646084627
-0.008396956582561618,0.004886822760903582,0.007485018332322741,0.0023293650805292485,-0.05470693427658568,-0.9098046377267536,2.109243374907589,1.548819963951984
-0.008440556064790083,0.004871091877876934,0.007506029074605941,0.0022649676369992876,-0.04889283628546557,-0.8697408298302124,2.122841802316904,1.504551288836847
-0.008276910146857056,0.004895953683946125,0.00738821728567865,0.0024737053850437496,-0.06600339660016291,-1.0136993552475382,2.040961644804724,1.6495130825713191
-0.008322395033716151,0.0048961539756181,0.007429231986488149,0.002423034406370476,-0.06234618844307906,-0.9755044244852885,2.0702912687633384,1.6141641401793516
-0.008161844903410247,0.004945841740922258,0.007328614060070762,0.002645199678210487,-0.07816230980145561,-1.1169488228268492,2.000382815738018,1.7666427185744185
-0.008112005749913668,0.004950841738281662,0.007284796399409453,0.0027023777548542574,-0.08095314612845635,-1.1575180014104072,1.9684118624305207,1.8058652170285547
-0.008068660467144616,0.004958695976022829,0.007249114739031125,0.0027546723378475916,-0.08329804472243976,-1.1927314360885768,1.942425199769089,1.8412813763437754
-0.008027564888101404,0.004942868350552366,0.007193261831392443,0.002779918899389531,-0.08266651072557774,-1.2199076645764018,1.9004950316871285,1.8586152247877166
-0.00797524560143788,0.004938333748860776,0.007136032541194205,0.0028261311701096507,-0.08367114067639193,-1.2564816447137657,1.858168454376506,1.8893427470037836
-0.007922631912829353,0.004938754995339691,0.007082163537965028,0.002876133939952896,-0.08422019502668143,-1.2932303997206949,1.8181559046677498,1.9221255402341875
-0.007870021948134026,0.004941415075622373,0.007029430244245102,0.002926930379815239,-0.08476347000877114,-1.329270580140868,1.778977136153627,1.9551013575425722
-0.008185648077592747,0.004897816852146542,0.007305680362534106,0.00257420381388053,-0.07192794558500032,-1.0884495942632004,1.981275955284729,1.7192462818197611
-0.008252421545852557,0.004859136901546618,0.007330668070525322,0.002467141470358346,-0.06385444759171302,-1.0276941246845173,1.9974695677446728,1.6466705641918167
-0.008212641909816085,0.0048500672620007896,0.007285879981753582,0.002501333561664045,-0.06559509139823688,-1.057911447078359,1.9646583388568117,1.6706908273926049
-0.01153308616957503,-0.005179635347746983,0.00786185537520147,0.002499893888168257,0.7337104618378197,2.524546866678064,-2.0362037493258547,-1.5851864388380974
-0.011564736567324006,-0.005188879580366272,0.007843661514883778,0.002550478492664555,0.7374829440638214,2.5600777890736186,-2.013623256750007,-1.6159376541858996
-0.011549231594447491,-0.005183550434273593,0.007851749584722222,0.002525006460594847,0.735265592197583,2.541735087584033,-2.024142718400458,-1.6005291118779235
-0.012363889837693928,0.01483586195216598,-0.006823186712455595,-0.0033328684046240653,0.16500393909133065,-1.5460037037655303,2.12706823773415,2.471088999046593
-0.012290429881451282,0.014880060090944447,-0.006862789943934058,-0.0032183860913691602,0.16321668396404684,-1.4748387315984612,2.1805198053733736,2.3933574837595315
-0.012334036640379478,0.014865336336809386,-0.0068260938564910735,-0.0032719715434916213,0.16233562777733687,-1.5105152432845725,2.143007714223307,2.425838779745131
-0.01241155145925689,0.014812061523809903,-0.006789662346190599,-0.0034001028473875515,0.16503599899209462,-1.5882064698886802,2.0879547116378805,2.513972637675763
-0.01248545954284893,0.014776458671169333,-0.0067331872673750395,-0.0035011313225107,0.16570783636457584,-1.6510203937883416,2.0239000100593665,2.5765697548558015
-0.012466822122939607,0.014819191759319143,-0.0067098526324416334,-0.003431718689728537,0.1612478541083364,-1.6144856678458346,2.0246495871738026,2.5197555076138194
-0.012559510855618844,0.014709583924615152,-0.006706797137875015,-0.003642709144512555,0.16982822958641772,-1.7318377218494063,1.9701104497280066,2.6755129926670853
-0.012590292801244254,0.014688652817724416,-0.0066867966430977435,-0.003692010936550401,0.17113228646745865,-1.7603736373289884,1.943390897878866,2.7070761562712455
-0.012527436572653448,0.01476407830402934,-0.006691058476897774,-0.003547101136683829,0.16459760330933992,-1.6804242466439432,1.982953989716048,2.600628074956942
-0.012558278118942855,0.014744668371234093,-0.006670689999444467,-0.00359421031158913,0.1656766066371631,-1.7080905495171972,1.9568041035977572,2.6304451580953376
-0.012631549927675643,0.014690074994481377,-0.006628187019181606,-0.0037166342647960674,0.16833200341343438,-1.7782023228841088,1.8950984318755324,2.7103140742092457
-0.01268393825339306,0.014677405802271977,-0.006568371784769523,-0.0037664752380871806,0.16688268833200873,-1.808888201370532,1.8396178742685172,2.7314292876911175
-0.012223341609289583,0.014936683189525454,-0.00687505174179475,-0.0030934607504430004,0.15985956999715237,-1.3999249773991986,2.2158947290214237,2.3017451435032883
-0.012186773781406462,0.014981571383843756,-0.006862324576539486,-0.0030091849453517537,0.15607140216628676,-1.3517562108223495,2.2246584441061006,2.235670423607655
-0.012277819278820672,0.014930443127088357,-0.00681713453973594,-0.003146346959323642,0.15765882706640433,-1.43881375045559,2.164457562603389,2.330042966432321
-0.012167311230791563,0.015051737451931899,-0.006796956718150639,-0.0029121538324266036,0.14851136493995812,-1.3030477546892556,2.2001258273753805,2.150502205803113
-0.012140102176714816,0.015104358155542875,-0.0067614736900021375,-0.0028304884974215388,0.1437776072252332,-1.2594108863488014,2.1926164523810225,2.083567657986733
-0.011828837983244678,0.015185750012775948,-0.006976271534343196,-0.0024567603584010294,0.14900312435728724,-0.993014163116916,2.4033872157221574,1.836189917544699
-0.011899949444635623,0.015211457505254301,-0.006871886905787251,-0.0025010338255218255,0.1427133583970183,-1.0398976051640139,2.3270865516000963,1.8546699694514535
-0.01196966378062373,0.015204271129999213,-0.006812247006063743,-0.0025736348100518264,0.14023660607815816,-1.0951896870486688,2.2748438195334733,1.9001500305812422
-0.012036374584354175,0.015184754731971409,-0.006769740134411125,-0.002654139794870224,0.13946352932005993,-1.1514414001613045,2.232043454116979,1.9535657318937203
-0.012141256581329238,0.015161917826878412,-0.006688741377313901,-0.0027694352574947063,0.13733462258379545,-1.2330949029317753,2.156084676261169,2.0256607610318906
-0.012095547489667877,0.015190822549390526,-0.006700844824870178,-0.002699924269997934,0.1356327985008779,-1.1895795477357782,2.177694961474027,1.9762740786726636
-0.011587749446978358,0.015398214854365704,-0.006892904321703293,-0.002022969647997969,0.13496484161382097,-0.7291335627328072,2.411839565338442,1.4959008102520779
-0.011689152227804844,0.015317475601929632,-0.006921692683638721,-0.0021945915009951578,0.1394368394269383,-0.8351952125844557,2.407221824726303,1.6292007891346576
-0.011650311570464577,0.015376615916411077,-0.006872083196881281,-0.002104765417321561,0.1352078929364592,-0.7868614279047619,2.387558757882685,1.555477316417169
-0.011755898765709797,0.015334819276424183,-0.006839238025702049,-0.002246275136968817,0.13460336521607721,-0.8844695176850227,2.3464953484601616,1.6580746535952977
-0.011796564788350538,0.015272974889673115,-0.006886999453249123,-0.0023421615642339956,0.1401835061424205,-0.9367351729213104,2.3626541727246853,1.7365570747393366
-0.011508627476013888,0.015520352670784311,-0.006781643438651771,-0.0018481894864271705,0.12408603640491324,-0.6363993751621467,2.3632277343358514,1.351589512429802
-0.011578563216175822,0.01548107434913444,-0.006784048169308423,-0.0019486381453024755,0.1261697623591461,-0.7022871336916753,2.3523280211283653,1.4277013376174974
0.008729483236241526,0.022697619091933713,0.00130089851457481,5.042828949288094E-5,0.06697137523480218,0.11122935225730866,-0.5121631941643711,-0.08115169325979332
0.008047033973370473,0.021972118465665262,0.0016302549434854755,1.4080169048024746E-4,0.08167321519115632,0.20321338461074936,-0.516727804754833,-0.17031752656030533
0.007116013433846465,0.02114532828579801,0.0019159406133642325,3.3258158992247006E-4,0.09172394312399963,0.3547974745081735,-0.5111129176488852,-0.31387162722854467
0.007435859371664232,0.021736507315486223,0.001678798947459158,2.1381627806307726E-4,0.09929715278305347,0.2711907350638218,-0.4989042407079228,-0.23621695143672783
0.006132986899936046,0.02034099251490826,0.0020675951702479396,6.179790202911047E-4,0.08999907386265016,0.5348101566125685,-0.4798595340881146,-0.48061638060086365
0.006474965523341401,0.02108926797966979,0.0018191382175298412,4.0458023251931904E-4,0.1084063976951224,0.4119050039408659,-0.46900315510556717,-0.37032012214838134
0.00514030703641058,0.019362701804544215,0.0021422110521950445,0.001053072397746724,0.06969523710880517,0.751725828045516,-0.4223175105441674,-0.6754585678029821
0.005461339560596661,0.02022009405713777,0.0019234707534127157,7.235687654658613E-4,0.09864513031575785,0.5956367648539552,-0.42313599059765666,-0.5399776962567305
0.0044233342289185665,0.01933402213880423,0.0018687053389860257,0.001135050639043571,0.0777332932183295,0.7825530585359842,-0.34574875421954215,-0.707229505732588
-2.0539273695541964E-4,0.014303031498910516,-1.2283085179081322E-4,0.00405722332987029,-0.0894355658049912,1.1238129158543932,-0.01895742810700755,-1.0022245777005414
4.3047869019522924E-4,0.014510997374264175,2.595080657302089E-4,0.003936119679024957,-0.0826288153343284,1.1475022347496733,0.03317650895116655,-1.0186674316920206
-0.0019644430927163634,0.014683080377581937,-0.0012288575496084413,0.0039058012481642456,-0.0923401817091738,1.2706453480382927,-0.11436620284969955,-1.1132226221159722
-7.581400021987821E-4,0.014586635501169884,-4.601959861562994E-4,0.0038988928097273066,-0.08220302431906684,1.1640609746141213,-0.05362387079770436,-1.0311793146051287
-0.0013009687190704625,0.014655227922399351,-7.987924154236702E-4,0.0038805404240472353,-0.08541558084623592,1.200786145164663,-0.08383504506258706,-1.0603804668890353
0.001552070131364929,0.015274583234658589,9.613884541137074E-4,0.0034977609094974933,-0.06713492775219981,1.2292138815461648,0.038468001099449735,-1.0815149899792933
0.002231079624923125,0.01614093204866488,0.0013562802827806733,0.0029596634091016614,-0.04062495975103641,1.2298386397113232,-0.04695035266865203,-1.0812575274389162
0.0017431187308665956,0.015870496493039447,0.0010649155575959124,0.003124253374541009,-0.04747716624333452,1.216893237218427,-0.010269702329769561,-1.0721493125392756
7.481557463281135E-4,0.015218783211544231,4.578610726142471E-4,0.003509361105095175,-0.06367802952048536,1.1812129127924837,0.024400084037379473,-1.0450282281455385
0.003991586080981636,0.018648430587735937,0.0018853927138815414,0.0014703614588741417,0.05266262185179079,0.9094744928388804,-0.3059054550045048,-0.8159195928594346
0.0037371895097317274,0.0179706903019073,0.0019399045771929491,0.0018280162970518387,0.02488673362011901,1.0290154230277413,-0.2719852964020815,-0.9157011164399372
0.0029016563593240487,0.016995051163396696,0.0016686712358295658,0.002423632293019274,-0.010838605384379559,1.165853956267769,-0.15046364539293922,-1.0290036456987044
0.003143216333936386,0.017723191644536503,0.0016761094756259866,0.001996473998090002,0.018982060107252785,1.0599554530211899,-0.20493746759923273,-0.943299015616411
0.0023011116859278703,0.01678213589617107,0.0013371093598328965,0.002563452961987307,-0.014763718791284993,1.1634412896437112,-0.09485704249666856,-1.0283024369431653
-0.0024917019628220415,0.014907825482155955,-0.0015897936084619958,0.0037922537649542833,-0.09245467863050529,1.3419503722583501,-0.09555932990262185,-1.1672750138120662
-0.003028442844303934,0.015000202900445271,-0.0019724235522136954,0.003764658782862259,-0.09809975026828446,1.4243409763476378,-0.07673120902888497,-1.2297688429041942
-0.004355898465460022,0.01546553701842243,-0.0029571203717428034,0.003450614174791992,-0.09380060703687995,1.6173568227344544,0.11694323695874852,-1.3694594077165283
-0.0034702792966170995,0.015259069816974079,-0.0022875334931684974,0.0035962100249373693,-0.09344687164700081,1.4797613796191162,-0.010044673796979209,-1.270608312643956
-0.0039111621639291334,0.015390166523222903,-0.002612963716706532,0.0035088387608886167,-0.09321871687428525,1.5424544825490314,0.050051680631166294,-1.3165487537120197
-0.0020681062976703295,0.015295058813770282,-0.0012961953942422315,0.003505247653653279,-0.0728488035535474,1.2746737968146062,-0.03998106765582229,-1.1174121221562852
-0.004476523037947121,0.01585755572646702,-0.002965756289326222,0.0031338409908827154,-0.07447976455506979,1.5418046592504506,0.2080141076839153,-1.3118292247467307
-0.004638424551837075,0.016156125973563484,-0.0030083292435903273,0.0028953624261311805,-0.060119776971561144,1.4856136977690408,0.27875835596342763,-1.2665531942248485
-0.005044955240249936,0.01617287735465876,-0.0033110444928059614,0.002842601694200546,-0.05877368656000081,1.534544314141369,0.35781060600600667,-1.2981527817580458
-0.005426176854223866,0.016184143763069096,-0.0036020819852470814,0.0027815735367356137,-0.05496034147833323,1.579308272592545,0.44517028197914016,-1.323676177019995
-0.005793581306913356,0.016184038264184204,-0.0038922134263206097,0.0027143632966605533,-0.050392821628766606,1.6234599264108471,0.5430665662425013,-1.3468041109755964
-0.006123869440805257,0.016197265512382895,-0.004148894832589227,0.0026267093068825863,-0.04218543382852064,1.6520953744179636,0.6460663726624918,-1.3559600158954728
-0.006467796762162122,0.016205753585961304,-0.00441908591547507,0.0025199399671337213,-0.03275341244688298,1.6740363164751455,0.7658713388307704,-1.3555172421486235
-0.006793643598944144,0.01629670368158842,-0.004613022747744832,0.002333263260233255,-0.019485735223625286,1.635836128915671,0.8901982201495361,-1.30878975277641
-0.00715223105463202,0.016303926579237397,-0.004878989475372069,0.002175870677748035,-0.006473007338893411,1.6238916605280553,1.0373448414539972,-1.2737546654499796
-0.007385841332728825,0.016346195716205762,-0.0050138019772427945,0.0020312974862428997,0.0034966119363975872,1.5802446224273545,1.1333890287347037,-1.221976784787789
-0.008086017168974596,0.016049659071400962,-0.005799770031891597,0.0018067544392665026,0.042625029982198005,1.6658917657981753,1.5389639310938963,-1.1824753839017212
-0.007561865121326428,0.0162312404442401,-0.005243273731138874,0.0020188904880165236,0.011488121148669964,1.6346193748204654,1.2307159631872107,-1.2403945518011543
-0.007762656386450606,0.01617782350527249,-0.005438504167155759,0.0019373379756551273,0.021187067337786088,1.6410002505191883,1.3390562669074577,-1.2176389639191196
-0.007938877760725691,0.0162205470694772,-0.005516286476940465,0.0017943143753196714,0.029616921193064413,1.5751965813704425,1.4138670812247087,-1.1506424501144001
-0.008292765331405692,0.016071440449114373,-0.0059109371482571746,0.001634572372349798,0.05240241034743885,1.5875326897519257,1.6398433666521137,-1.0946294234719451
0.00816510688933156,0.023840575577384282,6.688032355833157E-4,1.987789600188473E-5,0.12129626366924005,0.08830918355520649,-0.4945153530613648,-0.060756126775565016
0.007606340525558759,0.025,0,0,0.19900682825986013,0.031913573483941485,-0.5336030768912033,-6.190520660565201E-4
-0.010342140309521786,0.01588478884941553,-0.006755643457556327,-3.9568645534546665E-4,0.1148322311705424,0.3750287760997951,2.4065697814328053,0.25822138545490353
-0.010458086711717286,0.015956658806990192,-0.006629145319432725,-5.11846885902817E-4,0.1062346964465347,0.2578159313216712,2.3395758439361174,0.34072550930365403
-0.010040584877857176,0.016000147342286955,-0.006607483263246577,-5.140290131371264E-5,0.10518820083566945,0.5878197683836124,2.3022069047069738,0.0018686746542991648
-0.010205900907754369,0.01597804423557459,-0.006632539569812731,-2.3318219218701122E-4,0.10667403379212123,0.46098975931520825,2.3293575022243567,0.13552212003847616
-0.008469487124067596,0.016155869482331896,-0.0059167145090491995,0.0014426322815618866,0.05463720304473443,1.4624760088107414,1.6936216728833016,-0.983239887412218
-0.009082864789516866,0.01603948698638858,-0.006361806275393507,9.473836958265922E-4,0.08686993516157315,1.2475440034722032,2.028285158858108,-0.6935926042218364
-0.008923625297395855,0.016055194223045317,-0.006274156614027636,0.001094565414960534,0.0800595697551675,1.3264061169058685,1.9521873906499587,-0.7861139554766207
-0.008654984832421156,0.01618237146328654,-0.005983718708557302,0.0012746178592737132,0.06110484490387491,1.367621595550462,1.7675084025603016,-0.8851229108178161
-0.008836052345746076,0.01619413288745143,-0.006055192286739398,0.001112426205380823,0.06712253115450954,1.2759977181795668,1.8394778108887142,-0.7872229453563763
-0.009230462100092339,0.0161507340275274,-0.0062631633701732544,7.643229260769E-4,0.0814837905685643,1.0880149648014221,2.013730146977606,-0.5677100742640874
-0.009961781828953405,0.01614169607547687,-0.0064033069206714645,3.047715784724965E-5,0.0914700249177936,0.5944663413173511,2.185352973995981,-0.059396036601955894
-0.009392282543574002,0.016112965798952175,-0.006361465325832565,6.162076843850742E-4,0.086995383966769,1.0086255651590081,2.088709282089999,-0.47082481929769
-0.00955583224767851,0.016083303562988337,-0.006440414472239292,4.565069836762604E-4,0.09340360190727072,0.9145114378475089,2.1546128954063017,-0.3612990065072648
-0.009801669142078178,0.01613792873999548,-0.006399086448059866,1.9548729867069155E-4,0.09118695875201288,0.7136248846946517,2.1666137375003944,-0.17709797000799424
-0.009655862519429386,0.016166799784314994,-0.006341021792170326,3.402186968256558E-4,0.08657622364572239,0.8034839895536396,2.119232460428545,-0.27797982463091697
-0.011150699794509797,0.01560500929713886,-0.00689104050764244,-0.0014115075406893778,0.1279868323006311,-0.316753969086784,2.471222986224426,1.0312393140309093
-0.011079804034955823,0.015663640593498358,-0.00684263281779534,-0.0013015487005073945,0.12310503863970511,-0.2517600570362268,2.4491349287818056,0.9442758765530485
-0.011240336503190876,0.015622930807832489,-0.006812985050281308,-0.0014986798292447054,0.12238263945902016,-0.3944507591575838,2.4170904774496047,1.0910573191936237
-0.011377262252652865,0.01556007622883212,-0.0068170209389141175,-0.001684083941363452,0.1252449608872803,-0.5197975626660284,2.4026272757856275,1.231858430716107
-0.011448330610050626,0.01556068585359963,-0.006767877360321385,-0.0017577063717381628,0.12198025440830362,-0.5791001751681616,2.3647431993505124,1.282420877330537
-0.011328392570088164,0.01561644294741615,-0.00676834059059671,-0.0015961380917475822,0.12046556688657346,-0.4705969166279954,2.3814659791658617,1.1607988517726548
-0.011504827514439913,0.015593499423466443,-0.006682853376999748,-0.001792093451984523,0.11797352355651673,-0.6194787167547295,2.3084910900908446,1.3007288663529804
-0.010878480188807453,0.015754819858350498,-0.006800942561203705,-0.0010361788988151944,0.11909119327773221,-0.07558888274965976,2.435983602087307,0.7415791957869321
-0.010954766833268677,0.01576289654844396,-0.00675657160807098,-0.0011168090243383535,0.1168188223980285,-0.14271707280920923,2.4068147319604574,0.7992334691776126
-0.011087934350583792,0.015766810265033453,-0.00668859694523552,-0.001258131164799704,0.11301933979313951,-0.25709739463913067,2.3594049695172434,0.9015020024775812
-0.01100992255704911,0.015795686319639714,-0.0066842101047667885,-0.0011615341104219338,0.11110492044316975,-0.19115922797489415,2.3621082608791917,0.8289652801820754
-0.010787946416122575,0.015820917986308726,-0.0067378245696454436,-9.107341465169895E-4,0.11414514619392677,-0.001517149314910045,2.402248109500426,0.6427428151321369
-0.010561099919752548,0.0160218482453888,-0.00651324282925169,-6.080053365902636E-4,0.0985837750574108,0.16091292906282864,2.2766544440724736,0.4077556394010324
-0.010690695990820086,0.015955739210438424,-0.006573483488749572,-7.619357357904887E-4,0.10239372120016685,0.06479612314041318,2.3105334980935397,0.524322457404022
-0.013386959160320845,0.014039357178282025,-0.005969885650236498,-0.005005091517592856,0.20851276916414865,-2.394467208056881,1.0249764602164415,3.4180660723872918
-0.013345155586961545,0.014049344911144535,-0.006034519775068369,-0.004984543518028684,0.21037069692581925,-2.391764062232628,1.0788225711143118,3.4299288427103822
-0.013310435684430327,0.014071049626679951,-0.006080757645107193,-0.004944107512514762,0.20997819937052567,-2.3779850945214167,1.1263073025932782,3.419856499364362
-0.013300457315500162,0.014108204459208577,-0.006076373184333427,-0.004880951401554804,0.2052147363955166,-2.34944952080995,1.145078517651015,3.3730252020832485
-0.01328303400444826,0.014138920564175855,-0.006087194744236016,-0.004827622449245881,0.20184138240102914,-2.32639875989149,1.171041463988553,3.33941352529441
-0.012991282260803155,0.01435521949745996,-0.006405270460381438,-0.004398155553499382,0.19171169292415155,-2.136893633112083,1.540993481387046,3.1446015628049455
-0.012987890729722578,0.014401891983974069,-0.0063727849625372255,-0.004324215016172659,0.18512413416132592,-2.100356080037971,1.540246444666318,3.0800212921806067
-0.013032222697157276,0.01433058535110967,-0.006360310730203782,-0.00445225820807551,0.19230589800191453,-2.1629076373247873,1.4915712993713601,3.168868548577542
-0.01318464756732854,0.014207376742185305,-0.006204851451448157,-0.004695694448462836,0.19928696720256767,-2.2734187662143444,1.3005680337780072,3.28960391252879
-0.013219412222685837,0.014202396938633103,-0.006151732352255883,-0.004711819764030804,0.19744290758527694,-2.2779979873175837,1.2567115439834569,3.2814353377939653
-0.013252848277634025,0.01418953405774412,-0.006105738907400737,-0.00473964197170004,0.19690633671993915,-2.28786282674405,1.2142571151651564,3.283938631594843
-0.01328527506036875,0.014174567294744653,-0.006062375522350431,-0.004769938355826716,0.19663756810639624,-2.2985636323519185,1.1728970245623753,3.2888948517124135
-0.013077060587695375,0.014323106186254882,-0.006295284806627835,-0.004479531863697674,0.1901931853204801,-2.174834645281644,1.4359692548499225,3.1664167656075466
-0.013109833456768145,0.01430385253569201,-0.006257736355198155,-0.004520412949535952,0.1907702382090656,-2.1932866642897255,1.3958550835634806,3.1827750631386063
-0.013167622282340702,0.014247473359425345,-0.006205371059841708,-0.004626686510493691,0.19484414802969874,-2.24130113490441,1.3236091231081148,3.2402473867765056
-0.013142283439039793,0.014279076112580233,-0.006223976508357592,-0.004569294251443839,0.19182008381181945,-2.2152329915334517,1.35566097375432,3.2059442889844547
-0.01285691738261036,0.014495041369238388,-0.006492152826578859,-0.004124564984534886,0.18075194142389436,-1.99890689716466,1.6856357555994144,2.972029859128433
-0.012849554150080858,0.014542450264233092,-0.006460278689360594,-0.0040506097872592415,0.17494889778078107,-1.9620236389920727,1.683988380385143,2.908656739455249
-0.012899009097263943,0.01448013070153945,-0.006442201670171841,-0.004166903815830337,0.18016098468559624,-2.021422622019244,1.6373078365028049,2.9876855464518264
-0.012941286845412967,0.01446464989792682,-0.0063918167110932995,-0.004209121377235454,0.1795536324032145,-2.0432575132182182,1.5885327681455108,3.002753366985957
-0.012982411611316523,0.014449715109176232,-0.006342116625640799,-0.004248965915599007,0.1790498016122276,-2.0632003031453388,1.5409607573375297,3.0158370551525278
-0.01274825967197876,0.014621731633371602,-0.006532655569438282,-0.003882281220432063,0.17066564894519384,-1.8721092150012935,1.7829305661249364,2.80663916388299
-0.012736669590061233,0.01467156136510358,-0.00650061778749787,-0.0038054482829696858,0.16476464290724943,-1.8332670839593719,1.7814660032838852,2.7419875158734666
-0.012794670758540497,0.014606968190129278,-0.006480386898228253,-0.003928744893957257,0.1697930805297959,-1.8985748037837495,1.7328520528083313,2.8258599124851926
-0.012841738219518636,0.014592263347978965,-0.0064263765649583285,-0.0039742427722658435,0.16883511570452572,-1.9238675454652274,1.6818104396960625,2.843531425399981
-0.013561883117887098,0.013861226399132379,-0.0057514498519228826,-0.005305293095423109,0.2204111339469009,-2.4930107669001855,0.7587419035870892,3.5336070357865172
-0.013604849055378492,0.013814098552716196,-0.005693852191838267,-0.005381296045597798,0.223892400286007,-2.5145986944549024,0.6890114198428429,3.5598688003880103
-0.013585695526871182,0.01384088455275543,-0.005717910892317616,-0.005337764406475615,0.22123396307052226,-2.500979087425417,0.7226317935559409,3.5407954786860185
-0.013417412767750315,0.013983995106252055,-0.005945810989296367,-0.005099778228846367,0.21430572225880742,-2.432707052586796,0.97363512183209,3.4747807113902067
-0.01352446774124577,0.013892627365819634,-0.005803508481318816,-0.0052543205368000305,0.21893029854977344,-2.4797245920495015,0.81508028263573,3.521475691292902
-0.013447809237502127,0.013965933849337146,-0.005902849648848991,-0.005131232522378991,0.21442917497505723,-2.4411324556096354,0.9313836264324146,3.478631349128985
-0.013497020016164913,0.013914116230259968,-0.0058416624586775665,-0.005218817728689492,0.21818472585298032,-2.4702662990415125,0.8554798178496991,3.5135789824625974
-0.013473621584887428,0.013944348265249281,-0.005868731497628133,-0.0051679305285217405,0.21558861901750023,-2.4524528498547724,0.8935317121204672,3.489722671940044
-0.013561531605280222,0.013900945557115336,-0.0057378574104050934,-0.005238266768083194,0.21460541125298205,-2.4636624842519104,0.7742149141695335,3.4810387517821124
-0.013421268160742484,0.014024052947292464,-0.005920321272498919,-0.005032878202903511,0.20798436181063382,-2.4011747352632202,0.9794632454360898,3.417013490595289
-0.01396407494472593,0.013380712673913246,-0.005131743895241721,-0.006017646762957119,0.2525960454380463,-2.62527211446189,0.041029574887160324,3.70519223101774
-0.013963281830479133,0.013412274962109583,-0.005134639390993217,-0.0059641930422601325,0.24770618882667494,-2.6080124507401674,0.06583624264266244,3.67133463086532
-0.013638049356010085,0.013817097222105782,-0.005636603122859456,-0.0053720187423178896,0.22014558697325226,-2.5014256558619516,0.6520767659128373,3.526984340196705
-0.013891514039745218,0.013509183932844983,-0.005256841674201678,-0.005829903464758681,0.24124521761976517,-2.5932873643184213,0.20542269541837332,3.647724286527872
-0.013883706996980194,0.013538815218914115,-0.005268701655021611,-0.005782488866500141,0.23731000197543897,-2.579420871448727,0.23309981188471643,3.6223415593232824
-0.013860842037274246,0.013559146391094429,-0.005306160399861287,-0.005756212581351789,0.23703918812826955,-2.5790531570090036,0.26964936813180623,3.6243192689938977
-0.01383107125847049,0.013587829748051661,-0.005354256497992789,-0.005717454685631239,0.23577392113480597,-2.5762818191807564,0.31858312582281406,3.6231707223847733
-0.013664486046205498,0.013797313844259022,-0.0055975688542229075,-0.00540161246195598,0.22085402698070913,-2.5063486510116846,0.6132111354020414,3.5289911765074744
-0.013689945503952559,0.013734632514991374,-0.005570268276390947,-0.005503553565591643,0.22769550844677325,-2.5409951591339373,0.5544669946949935,3.5855777714946044
-0.013719157845236231,0.013713472321103197,-0.005525199728958776,-0.0055336255929767375,0.22810512617316328,-2.543935733151372,0.5110674302412231,3.584290238821454
-0.013750578966668476,0.013666286418443644,-0.005480701532058394,-0.005606775210422279,0.23211839764649947,-2.5628195862339234,0.4510479469389958,3.6122887806908133
-0.013743048033874827,0.013695006052871682,-0.005488269652733241,-0.005559651070469401,0.2284587602945885,-2.5465217226038055,0.47497826699348716,3.5839379204987063
-0.013810882237533574,0.013625360414714486,-0.005384217688013732,-0.005659916169518358,0.2322721169640993,-2.5619886612467337,0.36256278194706426,3.5998258499994193
-0.013783847757979277,0.013655397640904097,-0.005425827992354642,-0.0056166026972943395,0.23038015928694572,-2.555003580846169,0.4087904109185065,3.591569761018295
-0.01369649997832445,0.013777156322246789,-0.00554887450615748,-0.005430278442561298,0.2207928675896749,-2.5087476289067396,0.5680359535927222,3.525547314325904
-0.013976145406262606,0.013440545463713056,-0.00511384292786092,-0.005910453398640661,0.24225313078197855,-2.5840569834276486,0.07440335833073593,3.6243644453019144
-0.013921573067466794,0.013494526731995568,-0.00520622086192684,-0.005842830378646986,0.23999584665824222,-2.5851001419436486,0.16546586748149192,3.629477711235605
-0.01395414337721967,0.013472520849164388,-0.005151406666878136,-0.005866353390778783,0.23973812198755318,-2.579035697672459,0.1184268195788506,3.615643445859274
-0.013986927472584728,0.013469468062443982,-0.005096451485718614,-0.005857163935440436,0.23668020315250557,-2.561324928745752,0.0855453095645384,3.5799779904180027
-0.014054305534633205,0.013285919099764421,-0.004968867963245302,-0.0061313416499175774,0.25597605491288805,-2.615637235101067,-0.11754014333915715,3.688486307871083
-0.014032300296458874,0.013303041236636073,-0.005008391532810431,-0.0061146656089235375,0.2562711164705741,-2.6220742160173427,-0.08398643810445805,3.700116971962308
-0.01399301804077692,0.013359218453047415,-0.005080897535037056,-0.0060399657358567995,0.2521373920928187,-2.618505839186828,-0.0028646251819707817,3.691630095408818
-0.014020285905483413,0.013334756005628062,-0.0050323708881781564,-0.006067379465910481,0.2526757799854979,-2.6136458418285975,-0.04733129401862667,3.6824443699430383
-0.014086204782469533,0.013291592390031843,-0.00491614012809842,-0.00610365507862257,0.2511151852753441,-2.590579865044503,-0.14026485998853697,3.639974238852632
-0.014107120329359076,0.013257912645060752,-0.0048758707329223045,-0.006147551418402994,0.25360936706057285,-2.5920254200316184,-0.18594203199983508,3.645219372455393
-0.014193887183573069,0.013153783282753177,-0.004709960637310385,-0.006264237565815996,0.25720665866672016,-2.5735609890142217,-0.3452867964094101,3.622443310619792
-0.014173095319743279,0.013181917233885333,-0.0047510613989658465,-0.006231943473132675,0.2560441728627864,-2.577685821174423,-0.3044066073980795,3.6263191884874493
-0.014143106826649186,0.013233450287807143,-0.004811658718527432,-0.006166175355214813,0.2523538193909017,-2.57734724898917,-0.23604440263621065,3.619793130227651
-0.014167215269738798,0.013211964863637161,-0.004767518316683259,-0.006186377461895302,0.25262651966434735,-2.569183379764052,-0.273457417918524,3.606872146846176
-0.014259952799701821,0.013001731495260176,-0.004554422963660988,-0.006464379505821232,0.27027504463869684,-2.576365174071331,-0.5356307522652913,3.6546462010270315
-0.014258252024640459,0.01303776419834006,-0.004570006163293385,-0.006407103857897859,0.2652852601139551,-2.565891304067415,-0.49932447759992477,3.628160530424892
-0.014271629114889767,0.013072831523319945,-0.0045600833203578795,-0.0063403685048907055,0.25841508391050855,-2.543188428023003,-0.47485947270850637,3.5799348524772188
-0.01423631229573939,0.013144404911354372,-0.0046384203361901815,-0.006250356971697122,0.25318988256693536,-2.5448753210415087,-0.3845723082844895,3.5709649763697864
-0.014263520228014321,0.013116482778319139,-0.004586658284913077,-0.006276144600491707,0.2534722061846563,-2.53421486415574,-0.42886561558368663,3.556027041800573
-0.014292765746103735,0.012989638733260632,-0.0044967778213515506,-0.00645794019872947,0.267178781344284,-2.553066084699447,-0.5685900007680801,3.6146862422793027
-0.014288795352513296,0.012953445806549963,-0.004489007883789546,-0.006519555434245885,0.2730998045317033,-2.567089498213514,-0.6023228300903859,3.6484672267979623
-0.014379778897031265,0.012816347182713033,-0.004281428315720142,-0.006659242634043814,0.2785018241950092,-2.5217569035135665,-0.795728518470809,3.602329307333305
-0.014313642923099416,0.012927632928298965,-0.004438306181792736,-0.006540486719930837,0.2729086051817313,-2.5532900091033235,-0.6435263896718667,3.629475398830004
-0.014344688751817655,0.012909984835137271,-0.00438112091843721,-0.006542311678614565,0.27067814123349926,-2.531391960108666,-0.6794310910113198,3.5941895011168703
-0.014359294887669077,0.012861556259266837,-0.004335865793357188,-0.006606368050582587,0.2753108276113585,-2.5302669410160274,-0.7374318640609953,3.604874308939351
-0.014362158119215013,0.01289267405466549,-0.00434575142330373,-0.006554650792322108,0.27041977138106815,-2.520637517215022,-0.70679618932204,3.5792301397735344
-0.014386558311471905,0.012848147634619694,-0.00428649060821075,-0.006603113453037948,0.2729335922443928,-2.5093608904498974,-0.7657197740365164,3.57089326582367
-0.014796712707065646,0.011754416539783138,-0.0027881100924399453,-0.007623479406561788,0.32114461375518133,-1.9430896263833524,-2.0801700049661944,3.0958777565331346
-0.014794427795020649,0.011768950597370665,-0.0028076492087312894,-0.007610228816856634,0.32041105768443773,-1.953084728312992,-2.06408562560228,3.1035175420814105
-0.01478844024936012,0.011786236967614203,-0.002834565000891869,-0.0075993325470841136,0.32028201985731014,-1.9678060224775267,-2.0459446303629965,3.1182216685933395
-0.0148070897571348,0.011744041526892275,-0.0027640955167162035,-0.007619284662208113,0.31963608125262505,-1.9278370978991355,-2.0885858195046065,3.0747227314390275
-0.014814676903271503,0.011713319325406008,-0.002719317513379647,-0.007642288443178014,0.3204204513631271,-1.9036011409434148,-2.1211384042102654,3.052841380282651
-0.014816803660709347,0.011731676496353193,-0.0027385710137077727,-0.007618250139837629,0.3184449772682158,-1.9120893306616373,-2.0993677038806036,3.05424210899379
-0.014787752632349313,0.011822065697782791,-0.0028761756956519626,-0.007558313472971139,0.31724481830556983,-1.986839467917019,-2.0044752586238377,3.1269932621263306
-0.014802915666631939,0.01180350998371698,-0.002837409021398115,-0.007557099769371676,0.31551071222095284,-1.9634126529882157,-2.0214624531639647,3.0963151367320054
-0.014835567531189224,0.011704840228446457,-0.0026859185668225293,-0.007619086865038237,0.3164534569249507,-1.8798888067631527,-2.122926818414708,3.013634025855856
-0.01485634639152319,0.011689811357642056,-0.002645243818564461,-0.0076031638470488985,0.31291419488770905,-1.8526427502672322,-2.1317255002663953,2.9729190680553708
-0.01475729817827371,0.01192061246197855,-0.0030214445834708566,-0.007484827681391721,0.31497622880572346,-2.0613530031310057,-1.8969098472526633,3.1964935988143135
-0.014752027027702055,0.011899666809439872,-0.003005247881414799,-0.0075183035849335144,0.31814560223369676,-2.057131171806874,-1.9227075051139673,3.203407973257226
-0.014767744264554053,0.011882697256277648,-0.0029675364386790343,-0.007515738493362851,0.31620375221687796,-2.034607657711929,-1.9390167491050831,3.172957007232896
-0.014781837307222328,0.011862941731961806,-0.002928824202524862,-0.007518596590916746,0.3149132575759917,-2.012232311499694,-1.9585492562056765,3.1448684936882
-0.014758112680452273,0.01194529650343691,-0.003046777270416127,-0.007453190925134127,0.3123490151123676,-2.0710257436396464,-1.867757417995312,3.1975535579115157
-0.014775818979353834,0.011928894911899236,-0.0030076036948000514,-0.007447688487775897,0.3100925511632515,-2.0474980036235118,-1.8832750379572452,3.164631627489255
-0.014722343743306138,0.012031782088207828,-0.0031814084004756133,-0.0073952300067767094,0.3114200939376019,-2.1384057780872916,-1.7715419728339394,3.2660889022614676
-0.014739089942440223,0.012012519622061762,-0.003140488108893161,-0.00739621443499741,0.3097729041175165,-2.1154437210629493,-1.792031351165958,3.235783682723666
-0.014754210119457706,0.011991429621237401,-0.0030998168273322587,-0.007401374726071022,0.30869413564425824,-2.0931512492095354,-1.8144562092978511,3.2080129189817383
-0.014732104481252596,0.01205611333772727,-0.0031932890383877016,-0.007350417105331763,0.3069104610113475,-2.1374615590981842,-1.741793504261257,3.248985570556433
-0.014771743782506092,0.011970955306631238,-0.00305682623766937,-0.007401878511703183,0.30702809473254505,-2.068616733608451,-1.8352912189144377,3.175752221456517
-0.014798347019762082,0.011842543974755114,-0.00288659267569254,-0.007518196830727713,0.3131416948053071,-1.9870755355977667,-1.9777918465804778,3.112081837907906
-0.014648947807679552,0.01224819229427492,-0.003484242344030444,-0.007206004998404289,0.3030738124758229,-2.2692399098338285,-1.51823129368049,3.3799628678083122
-0.014644881411995672,0.012269240472137372,-0.0035082836235181413,-0.007182189650067093,0.3014768893571413,-2.2772326468874486,-1.4932566440622905,3.3833915476745386
-0.014632286782762976,0.012293002311044354,-0.0035462309002594755,-0.0071651231575540425,0.30110387191157045,-2.293586149261984,-1.4644757097388459,3.400843260725743
-0.01473653408929291,0.012081834534616729,-0.003212938893558822,-0.007311294788430717,0.3033972652294178,-2.1417160725242907,-1.7113735060025408,3.2411481335664574
-0.014725105006576198,0.012102143534471308,-0.0032474157146614373,-0.0073006410607715155,0.3036211976750098,-2.158941682645981,-1.6886780621876325,3.260646008753995
-0.014713889784880828,0.012121110869404832,-0.0032802416605971106,-0.0072911148693747384,0.3038909552868609,-2.1753347832199443,-1.6672243058648248,3.279512893300228
-0.014663164964794676,0.012232208413964942,-0.0034506132764225953,-0.007209599271672275,0.3020121663082707,-2.2521629083425228,-1.537677299126999,3.3574548000080147
-0.01467656355599391,0.012212233808570812,-0.0034145261266688666,-0.007219365517925331,0.3016007585927576,-2.2349048254795916,-1.5613560897500507,3.3368223442127247
-0.014712798047813246,0.012169325867599785,-0.0033269754132159257,-0.007229208314256005,0.29901294513953675,-2.189661073558231,-1.6112057347712188,3.278176488715896
-0.014716703530235584,0.0121432753655695,-0.0032975542996622263,-0.007258300351004671,0.30110889336740154,-2.178926351827212,-1.6412465395960603,3.27325769130741
-0.014700998568755834,0.012198750896503739,-0.0033695445880516273,-0.00720566668892731,0.2982646510513984,-2.208307518121993,-1.5772484328226533,3.295837754180813
-0.014507709171184319,0.012535060158906831,-0.003914932508981312,-0.006962292626642553,0.2947290379554092,-2.4330278865464865,-1.1588765475105964,3.541231018752375
-0.01451324803488831,0.012563791737367408,-0.003926468513821244,-0.006913250607694785,0.29006273687608214,-2.4273386476405374,-1.1278412365647512,3.5194473169296843
-0.014646578284355609,0.012323147818743179,-0.0035517882924131733,-0.007105453267135798,0.29495343630745147,-2.2847496097130358,-1.4306995310064012,3.369804143556984
-0.014543862720562569,0.01244800637010757,-0.003797865889986892,-0.00705031390302188,0.29921320472347795,-2.3964308816577704,-1.269027097559774,3.5126006819239763
-0.014517298992175383,0.012489464875705744,-0.003868004828770873,-0.007019590468841846,0.29886430430282246,-2.423590067852342,-1.2142528584001664,3.543433606460541
-0.01453267462131443,0.012466935629346821,-0.0038285819994083804,-0.007035392445813833,0.29886318391427763,-2.4081119559150994,-1.2443231981439935,3.52527343758161
-0.0145293456359654,0.012517875228693059,-0.003870591668562562,-0.006963805982850134,0.292983169833473,-2.412415897115778,-1.184718812928917,3.511240659163519
-0.014605562994434391,0.012400708530677186,-0.0036721736413666173,-0.007046122226372385,0.2935073926058475,-2.333613891650989,-1.3358296496761584,3.420816246387162
-0.014587616542782901,0.012423764290517017,-0.0037157801322320358,-0.0070343523172513795,0.29399556187093445,-2.352757948827375,-1.3061693192429826,3.44476454294414
-0.014565559941344008,0.012440005217484194,-0.003760093118037941,-0.007036717197158169,0.2962202667482816,-2.3750229547219024,-1.2830521788557023,3.47751832457813
-0.014624630269283664,0.012372700564211445,-0.003622968112338906,-0.007062955739935052,0.29315500682414736,-2.312424342232203,-1.3709124002976802,3.3957257721591705
-0.01465471110347371,0.012357470970490851,-0.0035686807942599285,-0.0070479340862436984,0.2892900343564595,-2.2820139817234417,-1.3921030121433284,3.3483926500695156
-0.014416281164000297,0.012765206713647968,-0.004197555268952008,-0.006705048114197067,0.2797145269352978,-2.4982189483578927,-0.8679662624666052,3.575408246792875
-0.014400541043360212,0.01279213027323895,-0.004236429058699456,-0.006677955769251609,0.27833583810770696,-2.5077865898082243,-0.8317561747268619,3.5843499708208264
-0.01444463197787032,0.012761097642211075,-0.004151503343305499,-0.006684260244591738,0.2755054219992421,-2.4734229034381507,-0.8850764574736709,3.5322441935884212
-0.014464220982449292,0.012737672321726122,-0.004108537635277514,-0.006701167898244569,0.2755148150294544,-2.459083981539982,-0.9184903736519338,3.5140649609365586
-0.014508052521692613,0.012598299244247858,-0.003957300958309416,-0.006867197143440721,0.28632701245024067,-2.430977817347006,-1.0873921082941191,3.5125870372018744
-0.014533789451119574,0.012581563162031573,-0.003907882927027128,-0.006864594793675983,0.283989345235698,-2.407669449078009,-1.1139762935664705,3.4773044725741173
-0.01451607388357054,0.012640305586854925,-0.003972280416056253,-0.006795942985764699,0.2796436097332255,-2.421443212952276,-1.0434828659754478,3.4800303892090416
-0.014489142696635074,0.012700276193181032,-0.004049212028038755,-0.006733318270054556,0.2762711920706821,-2.440977435344258,-0.9685756365853189,3.494031590332416
-0.01451971152170517,0.012681229885950258,-0.003992022526024141,-0.006731173741082604,0.27365845750650214,-2.415171193532032,-1.0003240459287255,3.4546301188213735
-0.014908428600799018,0.011438611634851341,-0.0022791107246575987,-0.007776811407660564,0.3181214450608565,-1.640691936222191,-2.3794740740185483,2.7803825316439945
-0.014914056776904612,0.01145879942773848,-0.0022998595320566782,-0.007748008880258335,0.31558862160715057,-1.6510445704009473,-2.3550778001630164,2.7811538361857733
-0.01494448153162192,0.011364789405418642,-0.0021485732775590755,-0.007784869126481027,0.31392916582046304,-1.5555044215644596,-2.434161868311518,2.680814977903512
-0.014940003624174301,0.01138634748432291,-0.002181092900717044,-0.0077727849258831016,0.3137953375786251,-1.5757923176857547,-2.414988884186165,2.7002047314527373
-0.014933082849157679,0.011405064574655881,-0.0022120388814448042,-0.007767132718581424,0.31436468199120476,-1.5956004556271681,-2.3999853995086755,2.7217602216892978
-0.014922246226607625,0.011422438371268067,-0.0022448916456420183,-0.007769037146342966,0.31578254893790886,-1.6174054457352856,-2.3884141618469132,2.7489277543525596
-0.014870625392394046,0.011561424270682436,-0.002473679589073083,-0.007716926646755184,0.31897410230154516,-1.7593886890137622,-2.26751055695606,2.901611678903795
-0.014879663422789045,0.011547211359180532,-0.0024465669285702817,-0.007716804556194919,0.3178560094544177,-1.7420949683160967,-2.278583989009521,2.880155631742458
-0.014877452792966867,0.01157899098444782,-0.0024884881303539994,-0.007687673841388537,0.3163029895981844,-1.7652459944294063,-2.24500084178544,2.8970647972761423
-0.014875922498453348,0.011600073570465084,-0.0025160933518455944,-0.007668170892705015,0.3150531818942884,-1.7802904137704367,-2.222660589078551,2.9079696409305673
-0.014896266975208574,0.01153583156853001,-0.0024154165510762576,-0.0077012789003071385,0.31488873781593885,-1.7202642451641688,-2.282600145392109,2.846907319864911
-0.014913193467987142,0.011478050643897767,-0.00232541455527919,-0.007730774826852727,0.31469382859290856,-1.6656912202673249,-2.3352642738027645,2.791964082151321
-0.014909992572654317,0.011496604385849468,-0.0023522024780168924,-0.007717884390161098,0.31424407085639694,-1.6815460173466878,-2.3173557341967883,2.8060957078311017
-0.014904587459051696,0.011514899017614127,-0.002380725353990016,-0.007708651618889332,0.3143187371038471,-1.698862250212098,-2.3007398492347977,2.8235743086484235
-0.014862771131417908,0.011662040393893297,-0.0026052096757494913,-0.007623232261346486,0.313583090212702,-1.8304468084038912,-2.1600137685602383,2.9528390934576616
-0.014880349707333661,0.011639774224574257,-0.002559683186682419,-0.007619283279194841,0.31121642194074717,-1.8015278980712923,-2.1771209329856,2.915075941228547
-0.014893038340755999,0.011617657245655095,-0.002519632611505415,-0.007622451145702396,0.30994716245519655,-1.776831321258005,-2.195666118794399,2.8855336222114407
-0.014949311974794837,0.011265085475772629,-0.0020100236780379904,-0.007864267575549658,0.31763580797450014,-1.470576709672475,-2.5306181141971877,2.6128204656799796
-0.014948134039198778,0.011279970917551008,-0.0020313810554611453,-0.007853553726032634,0.31722462914490235,-1.4839850789618982,-2.516729159719159,2.6241855640661247
-0.014943968862740103,0.011297639339895095,-0.002059027722616975,-0.007845438840145972,0.3172815702625255,-1.5018107863980659,-2.5019911864849074,2.641964356195111
-0.014955502239847622,0.011343727052912589,-0.0021107527155793376,-0.007785079397386749,0.31242967088186524,-1.530389697879162,-2.4484431917369407,2.65083184554261
-0.014958690006641429,0.01131874767371622,-0.002074616550301236,-0.007801707781187877,0.3130109568598245,-1.507949036612454,-2.471281353155469,2.630932280185933
-0.014987881673734273,0.01117889726183481,-0.0018593736280145179,-0.00786769187464393,0.3123170870618708,-1.368173942460068,-2.5857875674143194,2.4937722204479247
-0.014982089882027936,0.01115910655093389,-0.0018363038764415446,-0.00789345526273043,0.31443121070105673,-1.354540168661166,-2.60855027443603,2.4888072713890264
-0.014959921847336289,0.011252891870862185,-0.0019843257422779235,-0.007856154592807139,0.3157220298277885,-1.4523723521730407,-2.535203932641694,2.587812533019873
-0.014971573689894433,0.01123634861807214,-0.001951913697299225,-0.00784970074141837,0.3137347497755174,-1.4297516943602468,-2.543071490762276,2.5583893503852697
-0.014981140722622972,0.01121754778949561,-0.0019182267037469458,-0.007848477350787557,0.3123367766103832,-1.4067148133734142,-2.5542570740154136,2.5307765210131663
-0.014985579481834188,0.011198334326246784,-0.0018881429494811426,-0.00785625159601741,0.31214975028157466,-1.386870363595788,-2.569239174926793,2.5107921468775714
-0.015006066999966075,0.011191836653434267,-0.0018628835977155605,-0.007825668634354466,0.3077353467835437,-1.3668623429627846,-2.5603517446576265,2.4744749249077915
-0.014994999943857529,0.011142795416493512,-0.0018034388846179337,-0.007883276180866573,0.3120086285391192,-1.330962441899314,-2.6138636223178566,2.4570157258513103
-0.015004813067085699,0.011123205797371187,-0.0017684858449044086,-0.00788081765689534,0.310532834569903,-1.306575024811296,-2.6241933132001916,2.427662507042577
-0.015009095060962681,0.011081139026602675,-0.001705887775863677,-0.007904361879851314,0.3109828077504054,-1.2649586127684633,-2.6585287261758683,2.3896266177975325
-0.01501118397484033,0.011102359455839022,-0.001734392483642121,-0.007885077959065291,0.30969629316825786,-1.283269749851466,-2.637988852108568,2.402515112734402
-0.015021691174425212,0.011063917303354806,-0.0016723626797089705,-0.007894291228138438,0.3084234583678076,-1.2407245083097607,-2.6636030908042323,2.357440283919138
-0.01502480618629496,0.01104270845060358,-0.0016399594848570066,-0.00790371908111317,0.3085839942330138,-1.218783932844141,-2.679458042040128,2.33628427910427
-0.015016896442558584,0.011001605835016123,-0.0015863377851251476,-0.007946315525549428,0.3113867347606889,-1.1841837271234688,-2.7213087680647763,2.315089332489577
-0.015023153126465504,0.011021696665889057,-0.0016110307352233293,-0.007921277557288024,0.30936618773531294,-1.1997650326412967,-2.698931092229603,2.3220899272344
-0.015028243895840707,0.010983586069655847,-0.00155262584790415,-0.00793787778628967,0.3091765068431301,-1.1596856708096015,-2.7269265192850374,2.2835501813681867
-0.0150358082811268,0.010960478983661173,-0.0015141457924907353,-0.007939342699133484,0.3080923200911346,-1.1325017874783179,-2.7396333931514385,2.2533219690297046
-0.015041494175415794,0.011031469580749138,-0.0016123729525301857,-0.007881668103937492,0.3050035865673431,-1.1977344358605289,-2.6754348553391947,2.3028089163468444
-0.015053146716238933,0.010189736714068667,-3.0843957244535396E-4,-0.008213828887502326,0.3036154512283844,-0.24213310841997512,-3.196698599051547,1.4173926210457983
-0.015053804022014115,0.010204809090650713,-3.3275976373326995E-4,-0.008210419283515612,0.30376391218858223,-0.2610458656016696,-3.190185377559167,1.4352327382517946
-0.015065775152727754,0.010181796862073779,-2.939503005850118E-4,-0.008189907058618407,0.30067445349509436,-0.23038995392498557,-3.1843248132542734,1.3943675500898955
-0.015068971793637101,0.010168608709055086,-2.7230532197484005E-4,-0.008185223199486918,0.2996909011626952,-0.21340365545811632,-3.1852022408548666,1.3748435413252815
-0.015071580828402542,0.010152922491998078,-2.4675039212704834E-4,-0.00818184446206936,0.29877392267844755,-0.1933678499069298,-3.1875128849117793,1.3528419466930937
-0.015072927136349348,0.010136150177085785,-2.1961141238446442E-4,-0.00818088341996611,0.2981277930166266,-0.17210398591856035,-3.191530512261519,1.3307392661566702
-0.015072956718527658,0.010118530448165134,-1.912352530481392E-4,-0.008182388814518568,0.2976638387207573,-0.1498738232229664,-3.1972189839075664,1.308825613487432
-0.015070513914720538,0.010103171451448996,-1.6665957530846842E-4,-0.00818839487908393,0.29791770491128794,-0.13065201797576212,-3.2050225263014966,1.2920673417115578
-0.015069128240099561,0.009928974893931792,1.1473009561740852E-4,-0.008192850537416458,0.29358235081344164,0.09203484785349902,-3.2497711985431024,1.071044603362022
-0.015072774715272227,0.009944382527842643,8.96845073750726E-5,-0.008186351299199172,0.293201602420517,0.0721101336682111,-3.2422375639817425,1.0878269853787932
-0.015075391160010608,0.00996005437155321,6.432111993850536E-5,-0.008181734485122586,0.29313629984886064,0.05196649039597457,-3.235792002193047,1.1057310097980027
-0.015076221661095063,0.009976530469517656,3.775037093423175E-5,-0.008180491585105006,0.293414448204354,0.030878136552408588,-3.23126072440906,1.1261536167965234
-0.015070672920619352,0.010069617994719964,-1.1249626168720296E-4,-0.0081900880195729,0.2970673662654099,-0.08800719835971511,-3.214791163777938,1.2497232609157485
-0.015076432985936469,0.010086169847439808,-1.3887302797727859E-4,-0.008177824512587861,0.29616247078561786,-0.10867192865655931,-3.2028735917210085,1.2649846632139339
-0.015075910572851908,0.009992904427225459,1.1368576131542869E-5,-0.008181311550309085,0.2939240362149422,0.009957946725420953,-3.227997782204539,1.1473948937201974
-0.015074604089440079,0.010009197838031447,-1.4897503869434395E-5,-0.008183908687686712,0.29462536675339873,-0.010855600725843524,-3.2258061190452403,1.1693860098736328
-0.015071808428737371,0.01002494446101619,-4.0334442971935124E-5,-0.00818927145965219,0.29564737588743406,-0.03100992021380634,-3.2254110564025766,1.1920243683020522
-0.015068906923440588,0.01003848059090574,-6.226113538569864E-5,-0.008194730125814134,0.2966255627498213,-0.0483866621680144,-3.2255349391422867,1.2119640433403636
-0.015074595293087384,0.010053139128110164,-8.574808184573947E-5,-0.00818302739169396,0.2957734109268671,-0.0668479054687899,-3.2145262784395223,1.2251720209255408
-0.015067292704057674,0.010211820280239975,-3.4208897296891637E-4,-0.008182764953894153,0.30096476551562606,-0.2678311735039374,-3.171222447145309,1.4295064947348686
-0.015073149500778649,0.01022749175370698,-3.6635193026677204E-4,-0.00816883565376224,0.2999255374025603,-0.28648005920168135,-3.158103028007233,1.4423210215414315
-0.014965773491940415,0.00903706389001977,0.0015635806352567868,-0.008063755030658523,0.28341573152743943,1.2697080147530964,-3.253264119675197,-0.08541197474608529
-0.014958164057367615,0.00898943578633211,0.0016395484635399256,-0.008044708215202959,0.2833979431581029,1.33163898367337,-3.239108772243235,-0.14792316144931442
-0.014961125478978085,0.009005387105418696,0.001613865563275151,-0.008050489779909494,0.2833259161878137,1.3106679328224462,-3.24350447878161,-0.12709276548004858
-0.014963682105522715,0.009021329588994825,0.0015884340605513832,-0.008056844447058384,0.2833313101669157,1.2899356708513343,-3.248228386074247,-0.10617537934352779
-0.01498887225486714,0.009162077083561692,0.001360359163717235,-0.008099958476759756,0.2831759102027172,1.1031945613085894,-3.2778615965643083,0.07795260613237258
-0.014991141564086687,0.009177858653289085,0.0013349538570492506,-0.008104952940902679,0.2832759253091515,1.082418789696372,-3.2809562060769224,0.09873894077360075
-0.014992919568498908,0.009193044130546122,0.0013107068360943567,-0.00811036972649781,0.28344313756687484,1.0626147805242951,-3.2842934811016575,0.11888671722649556
-0.014995948147285242,0.00920781253079753,0.0012863500566203253,-0.008112976279766974,0.2834140188366882,1.0425860168201824,-3.2856367150441916,0.138020488819643
-0.01498147438611805,0.00904267377441759,0.0015445514721074123,-0.008037912882684769,0.2808282337053598,1.2523595401173193,-3.235417941421049,-0.0814811062137138
-0.014981662607754093,0.009056375816258885,0.001524072658328653,-0.008046766815661256,0.28120127338949646,1.2359159314589783,-3.2416870063965284,-0.0631453545754634
-0.014990881672454921,0.009069536694558138,0.0014983887726894786,-0.008038066907575076,0.2799549199368252,1.2141125980157221,-3.2357571231192486,-0.04773337449372927
-0.014993460663835764,0.009088888379839115,0.0014678755986654482,-0.008045769597446436,0.2801001456618681,1.1893020230588771,-3.241141578298824,-0.02243725775588325
-0.014994286512902636,0.009106117057760038,0.0014415732342228048,-0.008055193524861406,0.28042984621932737,1.1680735707673418,-3.247619504998531,4.96966106754929E-4
-0.014993137137473474,0.009121267605331086,0.001419540225603772,-0.008066887772271965,0.28118477769296035,1.1504751327657845,-3.2555910135460393,0.02124624611777374
-0.014999036237576913,0.00913585221093649,0.0013939311744038828,-0.008064664829006257,0.2805142202593381,1.1291761838505006,-3.2539141241162644,0.039214867833921425
-0.015003605852804108,0.00915140228851668,0.0013677109909068644,-0.008065386366907705,0.2802268214529507,1.1075456256900595,-3.2541856887941916,0.0588157718710244
-0.015027889526026086,0.009428954028780558,9.265560042297445E-4,-0.008158808179134969,0.28507462724501137,0.7481529060172988,-3.3035629884994226,0.42716877872107945
-0.015025740799422732,0.009413086805464108,9.524328764198769E-4,-0.008156428487905017,0.28492331313991864,0.7692933245857789,-3.303334093343669,0.40654051336062125
-0.015023417834427712,0.009397147900686997,9.784831059955921E-4,-0.008154174823857913,0.2847963227465345,0.7905936604002459,-3.303132255134067,0.38586480223010194
-0.01502095204560388,0.009381150372233424,0.0010046754255373434,-0.008151988343405447,0.2846911040240101,0.8120260077990472,-3.302913536664921,0.36514093581127877
-0.015018350757267438,0.009365475351162918,0.0010304128208765038,-0.008150024854994083,0.2846289534714836,0.8331065582915097,-3.3027543497736613,0.3448824132905442
-0.014999262854597753,0.00922355947591577,0.001260317605231963,-0.008115410060833871,0.2833059156043842,1.0212049109898513,-3.2867746381416265,0.15833623364926327
-0.015000996660345586,0.009239984065627177,0.0012340933564446313,-0.008121080484330427,0.28354150635001346,0.9997995174465037,-3.290049218923727,0.18016358087402415
-0.015002143934585495,0.009255677254637407,0.0012092634168803815,-0.00812730607388415,0.283838382132448,0.9795545805884026,-3.2936637206437056,0.20123645724600583
-0.0150041457696768,0.00927112125115937,0.001184320381591803,-0.008131573315278208,0.2840203057064227,0.9591318688566782,-3.295871205505749,0.22163271851669927
-0.015007359761967175,0.009286114054942738,0.0011594243730830862,-0.008133082755873463,0.2839008213995627,0.9386830416961228,-3.296141755962759,0.24085826684943637
-0.015014268168406857,0.009333932101292006,0.0010816235564091586,-0.008143282292114641,0.2843038829530911,0.8749828817545685,-3.3003166722453625,0.30347878625368363
-0.015016677148338658,0.009349732458398085,0.0010558133078825227,-0.008146039954475095,0.28436992114625265,0.853864940488123,-3.301144485748985,0.3240458117976272
-0.015009749266352962,0.009301938812885394,0.0011336498696006203,-0.008136442409667493,0.284055260005914,0.9175602813649074,-3.2975772201107283,0.26156780663334095
-0.015012300477794213,0.009317693718375692,0.0011078813963251424,-0.008139269191979772,0.28407545549121527,0.8964634863644306,-3.298588174205379,0.2820587046428747
-0.015072742869252437,0.009914035516265038,1.386296692338374E-4,-0.008184834649043694,0.2923231427648372,0.11109223290768581,-3.2478507298832535,1.0485417315839198
-0.01507410647657527,0.009898052979533447,1.6429310324198281E-4,-0.008181044579823653,0.29162213956281874,0.13155170877077552,-3.2487794844995395,1.026617377452917
-0.01507365682576275,0.00988108375364975,1.916564188327091E-4,-0.008180574235259171,0.2912027416772082,0.15339235624985983,-3.2519736749612593,1.0048893877644032
-0.015071209472075027,0.009864761390076776,2.1817043608731874E-4,-0.008183913661198227,0.29117609893987023,0.17458370831111036,-3.2574293294224073,0.9855788164333257
-0.015067302672168676,0.009849441780724019,2.4327118975622715E-4,-0.008190063328524528,0.29156930469553605,0.19469043215812246,-3.26444455677478,0.9686616785787556
-0.015070858359963833,0.009834532638689036,2.6688336768073106E-4,-0.008181324234398395,0.2903131450826582,0.21357837700582571,-3.261677928164836,0.946199045933151
-0.015031545685533254,0.009460747088086434,8.749209165635675E-4,-0.008164297840493015,0.2854884545977457,0.7060260823484815,-3.3043162123837333,0.46874232166938395
-0.015034422491536989,0.009523900840148054,7.736620395886649E-4,-0.008181672641925153,0.2871140536411381,0.62366126217968,-3.3093798230430367,0.5535411723278943
-0.015032944183011002,0.009476755627052759,8.490608932308932E-4,-0.0081676539690603,0.2857733947429517,0.6849592266150301,-3.304995686759861,0.4898736309205574
-0.015034198914689314,0.00950864170015678,7.980170135773996E-4,-0.008176804554697027,0.28662662517157095,0.6434535934957667,-3.3078067091294447,0.5327855230072763
-0.015033864855151242,0.009492791955249593,8.233048790800487E-4,-0.008171776031161837,0.28614923501166173,0.6640026715312088,-3.30612065774341,0.5112925032521706
-0.015070890573658763,0.009817922371916393,2.936019537194121E-4,-0.008179181601209446,0.2898611057846598,0.23498556113773086,-3.263439272074457,0.9243131798720734
-0.015053465253209164,0.009762207094494282,3.860432346060965E-4,-0.008205271179667567,0.2915534744775656,0.3095220711288465,-3.2906117644331183,0.8637323595711143
-0.015069461843453097,0.009800347890725626,3.220528539376961E-4,-0.00817959296011258,0.2895110151009914,0.2578147477210042,-3.2669606989739406,0.9022468089410315
-0.015065416156508688,0.009785901727623413,3.458940427308901E-4,-0.008185442493598389,0.28995792802526416,0.2770144053732118,-3.2733940509680943,0.8862321747301858
-0.015068629297687978,0.009771071762385085,3.6921699958549376E-4,-0.008176725743958986,0.28875326150598823,0.2957045742263929,-3.2703234151570197,0.8641261158489432
-0.015052241726938349,0.00972867912368163,4.4038460631125727E-4,-0.00820154083243385,0.2907332097764279,0.3533141755891221,-3.293879425860004,0.819701058960919
-0.015053645028749027,0.009745263177146113,4.133660823674992E-4,-0.00820190297747605,0.290963343338249,0.33152653510646785,-3.2913262523419635,0.8409007763204538
-0.015050900141763033,0.009712845180838757,4.661811884797361E-4,-0.008201012126961517,0.29043752731535905,0.37416283655809296,-3.2961408849535334,0.7993786119609202
-0.015049619240164722,0.009697172699582033,4.917056130438173E-4,-0.008200218967894328,0.29018464504062363,0.39477965412766575,-3.2981320722894445,0.7791982939392014
-0.015036295441993234,0.009538750489492404,7.493696769427129E-4,-0.008182987719135755,0.2873035974112161,0.6038456436298039,-3.308530878922532,0.5727379548815791
-0.01503837496856545,0.00955413817321519,7.241473283048837E-4,-0.008183905067233889,0.28741854872487416,0.5833110706326724,-3.3073003392557445,0.5924729079641579
-0.015042932547965153,0.009618832461145678,6.192868152016037E-4,-0.008194154251674432,0.2887769508087039,0.4981576497243374,-3.3057514451299963,0.6776954563887027
-0.015043064136352619,0.009603103099933718,6.444558266688439E-4,-0.008189487192951534,0.28822320639493065,0.5185531023986115,-3.304776485077593,0.65621038812048
-0.015040105169150966,0.009570285364466979,6.978224950761856E-4,-0.008185575196576741,0.2876948691042483,0.5618873200975355,-3.3064174938747475,0.6134308067527977
-0.015042717032990626,0.00958649554819785,6.711255515886692E-4,-0.008185332439149833,0.28771821683484755,0.5401724233970562,-3.3041846526841145,0.6338423453381613
-0.01504722062553494,0.009665580135518095,5.431017700007254E-4,-0.008197717139763723,0.28958601739659656,0.4363637882409716,-3.301357350896932,0.738210151893287
-0.015048696161239689,0.009681292105425785,5.174789574108337E-4,-0.00819849037857208,0.28980593439343033,0.4156323898754155,-3.2994737210659757,0.7584058309919088
-0.015043737499475783,0.00963437578285237,5.941258049672482E-4,-0.008196744689073466,0.28918425160783107,0.47774015776652096,-3.30529061502553,0.6982924816566537
-0.015045901942290338,0.00964954199741267,5.692054094986709E-4,-0.008196371254555813,0.28924575726367935,0.45752433608365667,-3.3028481692642306,0.7173872093419283
-0.015047683975159447,0.009450939058540931,8.840864115788064E-4,-0.008128917710790912,0.28208727304255166,0.7124817762615653,-3.2812725122973636,0.44684490471439137
-0.015045758562896088,0.009434946322017683,9.098971633627742E-4,-0.00812633332056669,0.28190527724190245,0.733509189487235,-3.280974279702374,0.4261655707975009
-0.015080423733680029,0.010573626934912402,-9.098814390059402E-4,-0.008058568861722994,0.3019639395734131,-0.6979703805550431,-2.9753878005237273,1.8258848370822243
-0.015086777294707912,0.010557589515493607,-8.827026677011037E-4,-0.008052710967450154,0.30051240552320485,-0.6773518028351747,-2.9783620969523095,1.801117600747199
-0.015082280514746785,0.0105076370975879,-8.070250296683444E-4,-0.008079564853660272,0.3013308840291564,-0.6215212323287199,-3.0122537002541954,1.7532953994809861
-0.015083621987223511,0.010524397196642808,-8.325684737975346E-4,-0.008071045778586966,0.30107823190932687,-0.6404447374391785,-3.0011918529709374,1.7696985757651993
-0.015091803567729923,0.010541889463420216,-8.566179275573193E-4,-0.008049065041953653,0.2994038373667831,-0.6576322295798837,-2.9823234501793547,1.7783573981184735
-0.015090474501986714,0.010494553082292619,-7.838803569373345E-4,-0.008068399694686078,0.2994700469301151,-0.6035997486188537,-3.0107705788980894,1.7291977459500367
-0.015074568168117825,0.010638191042907648,-0.0010114626682450284,-0.008042834960273427,0.30326806082705104,-0.7729971521559557,-2.94094830619342,1.9000049754434654
-0.015084534025275322,0.010621078564452671,-9.81017514261012E-4,-0.008031380944817675,0.30106933434639144,-0.749820171527578,-2.9416861751458754,1.8698073359000489
-0.015091645920755604,0.010601911180760384,-9.487782616260566E-4,-0.008025947359713877,0.2994776945001265,-0.7255874056561864,-2.9463541218530716,1.8412135555042177
-0.015093301100760854,0.010585331839168804,-9.227553632952917E-4,-0.008029522193788307,0.29923829327901047,-0.7063453271874661,-2.9548041712609803,1.8220398140630725
-0.015059737044839379,0.010717850978524865,-0.0011397449920410917,-0.008033740719656854,0.30623617509525936,-0.8673933658165982,-2.902384634572179,1.999044768849439
-0.015066287027674197,0.010736067646373975,-0.0011640578809962517,-0.008012418885541212,0.30445865929491606,-0.8841375716576392,-2.8832065746154356,2.008041928572157
-0.015073170418702403,0.01069986949683858,-0.0011059792873421787,-0.008017257973808615,0.3032936022005786,-0.8416451763710148,-2.901449357141218,1.9635378132928878
-0.01508299166297171,0.010655943216015124,-0.001034804144242705,-0.00801911873538625,0.30143387130968846,-0.7892058662603726,-2.9208442630043,1.9071315431299347
-0.015081939434857453,0.010677742513710032,-0.001068360641791882,-0.008011200352334031,0.30147508780518795,-0.8135999095255749,-2.907574991678592,1.9302253846589579
-0.015067281213970623,0.010310621197514405,-5.005184687955577E-4,-0.008164659725099041,0.3026725100683562,-0.3902811422226186,-3.129888457114714,1.5479321385176694
-0.015068490944760805,0.010291839446550776,-4.7023977285601303E-4,-0.00816626062923726,0.30209630767000833,-0.3669400445440495,-3.1368281719246087,1.5243764319274438
-0.015083169068797085,0.01032093020884486,-5.134239751842675E-4,-0.00813138603468744,0.29926233115133716,-0.3994751803037962,-3.1067583949205932,1.5423934386424147
-0.01508193851232472,0.010337619918812201,-5.401543676359704E-4,-0.00812996118683852,0.2997570829264276,-0.41999415821284686,-3.1005359423577024,1.563161458548301
-0.015079745261118641,0.010355537219634567,-5.690529514463199E-4,-0.008129906043292416,0.3004851275436122,-0.44218033659100575,-3.0946405153232175,1.58634275678542
-0.015097113597218326,0.010479878174669048,-7.58902134047834E-4,-0.008060616787167076,0.2979595063595793,-0.5844435345931486,-3.011701266955845,1.7053688588860436
-0.015091095466959092,0.010461334399796697,-7.320249961882831E-4,-0.008078120246329416,0.29912056096164436,-0.5647577001936442,-3.0282893871555894,1.6922318853992062
-0.015091767419398787,0.010441246091286596,-7.004926790095657E-4,-0.008083066718485838,0.29880439861382385,-0.5410160868163741,-3.0382135839167366,1.66928803437478
-0.015089073858091499,0.010425621622769119,-6.768705757784568E-4,-0.008092908944267292,0.29932973603630425,-0.5233868103092186,-3.0493232278033293,1.6550595372861738
-0.015094624864414657,0.010410128512503796,-6.510314024198204E-4,-0.008086682219005993,0.29788899037991357,-0.5034925777096299,-3.0510619625408,1.6312822497077113
-0.015097623343670721,0.010389003871153275,-6.171464590017014E-4,-0.00808671501670309,0.29702361520246384,-0.477659740048856,-3.058215542779475,1.6041026433245769
-0.015098323541371422,0.010367263486099058,-5.828889449331422E-4,-0.008091015772922115,0.2967050817206956,-0.45160802271285766,-3.0679354852613123,1.5786904966105497
-0.01507961637594483,0.01027398497443655,-4.3953322065570576E-4,-0.008148026999857574,0.29931413228553266,-0.3428220137946864,-3.131466783246784,1.4910702633689858
-0.015084237104859427,0.010256935739435646,-4.115203906261665E-4,-0.00814215342886507,0.29802075193891125,-0.3210454360489831,-3.1331347605616404,1.4658731822405926
-0.015088924199000847,0.010240404005224414,-3.844014198609241E-4,-0.008135854865695508,0.2967343074436261,-0.29988894835080787,-3.1342834685113665,1.4411711293566019
-0.015030965665065408,0.010908657633812434,-0.0014413925489516722,-0.007981046039844187,0.3102348726642811,-1.0834259529274155,-2.786098868073171,2.2160287196287793
-0.0150360877558464,0.010925132504669146,-0.0014624139828493974,-0.007961394410412563,0.30867828678020764,-1.0971497403742818,-2.7682674545162747,2.222940534720782
-0.015049092393817047,0.010939555714635429,-0.0014752523932521318,-0.007928627079270693,0.3055592881820126,-1.1040698843636358,-2.745155556768378,2.2165254971107573
-0.015045054111022381,0.010892139471872406,-0.0014084445309133864,-0.007965312703309487,0.30736418529275095,-1.0587197324286974,-2.7866086161438677,2.1813728657148594
-0.015053567422935038,0.010859451653669088,-0.001355194588107701,-0.007969086097741133,0.3060870408378636,-1.0206622794691407,-2.8043443693673846,2.1403888799714577
-0.015056473308748843,0.0108758053763953,-0.0013775946608225187,-0.007954157465318544,0.3049849871344489,-1.0358613992864276,-2.7890625396788424,2.1509017686112992
-0.015063055414636251,0.01084467818332902,-0.0013279144702672402,-0.0079601550579336,0.30395340398487763,-1.000424769894403,-2.8069042178048615,2.1139107212465276
-0.015064474077339431,0.010826528475656065,-0.001300259097556412,-0.007967793888827946,0.30410218956507723,-0.9809210721023078,-2.8192115608686548,2.095493800207205
-0.015073823569725043,0.010808214173213187,-0.0012679700963681105,-0.0079606628638515,0.30211136016518264,-0.9570794587179253,-2.824069249356451,2.065915126515439
-0.015083722239840577,0.010783166217911627,-0.0012255348635141136,-0.007955825003903363,0.3002344688355881,-0.9259320268560065,-2.832949924421708,2.029345792776685
-0.015081957377747566,0.010751937198334312,-0.0011799573125422698,-0.007975237482887166,0.3010113542737957,-0.8937280990350088,-2.8568113670523765,2.002252456671517
-0.014940195681744414,0.008911589247714157,0.0017669226224005525,-0.008020382380093899,0.28438875712066886,1.435946124714912,-3.2193554539419327,-0.24894687250200187
-0.014942519389762215,0.008927179103106338,0.0017424509817611114,-0.008027996996574477,0.28438139294302117,1.4160957637521916,-3.2253608478430587,-0.22850024678748573
-0.01495491459823958,0.008973481805172608,0.0016654005953579555,-0.008039280280368835,0.2835270917997661,1.3527710719088946,-3.234890687852825,-0.16869434481642218
-0.014946265195694024,0.008942175618595664,0.0017177176852057276,-0.008032335179148975,0.2841620328840613,1.3957915079908785,-3.2289883155633627,-0.20905280180219132
-0.014951251271907528,0.008957417736219527,0.0016916796984824038,-0.008034359301800674,0.2836995112175624,1.3742881984872504,-3.230952181653293,-0.18953416747858598
-0.014932870992268294,0.008879505275285424,0.0018191013098543738,-0.00800889175348013,0.28486974102926,1.4785340531079794,-3.209693363478635,-0.2905683736191605
-0.014937512967112215,0.008895140370274203,0.0017928541790591167,-0.008012594162104147,0.2844247970526856,1.4569748469906463,-3.213115914481485,-0.2704402673574695
-0.014924163223651485,0.00884957342747223,0.0018691493455198895,-0.008000942522174278,0.2855968051098343,1.5196240819896991,-3.202358860372447,-0.32918890084110236
-0.014928777993279895,0.008863964856439872,0.0018447502657644459,-0.0080040589231333,0.2851238001800549,1.499548341632601,-3.2054240564651137,-0.31067313132871005
-0.014934418143063575,0.008838129333022093,0.0018771249573929058,-0.007972715186647206,0.28353007470473296,1.524074495897903,-3.1819867121014127,-0.3451325428326952
-0.014934088151863477,0.008824402136940662,0.0018968772743133773,-0.007962050067831204,0.2832416843854215,1.5396539992725538,-3.1736276032405653,-0.3629946102945208
-0.0148859844515293,0.00875367562050744,0.0020379333650984636,-0.007989570516179044,0.28979135206223594,1.6595345741137264,-3.187107903749046,-0.4526225120261791
-0.01488990875944092,0.008768662291426785,0.0020133254775939117,-0.00799559107213091,0.28942953019425427,1.6394661427679489,-3.192644033874233,-0.4331219042881478
-0.014894052514286793,0.008783739769579085,0.001988359433959091,-0.00800111536646765,0.2890535885054701,1.6190507273172579,-3.197775727866407,-0.4135052056718496
-0.01489805259213387,0.008742676142194762,0.002042661067095102,-0.00795782696249256,0.2876074203802059,1.6608177764918948,-3.163831382105266,-0.4674269108457891
-0.014895515049812319,0.008727631907675707,0.0020658795510260617,-0.007949016310475274,0.2877320529110788,1.6794232616283484,-3.1562395853972185,-0.4868261277502886
-0.014892601643656272,0.008712115709472196,0.0020900199021752167,-0.00794030212920839,0.28792747061027124,1.6987821673016803,-3.1486028070722654,-0.506773371115418
-0.014862815461613443,0.008604546762279716,0.002264676525468389,-0.007892248231367326,0.2910581118977507,1.8399096648636528,-3.1023432496790075,-0.6443804822693097
-0.014888996107721236,0.008696401722712951,0.0021149947200414846,-0.007932485028897053,0.2882430796021705,1.7188999829204887,-3.1415000862822855,-0.5269300547953594
-0.014866796582429856,0.00862023339124012,0.0022397104436348175,-0.007900441113223801,0.2906344207754122,1.8199034384078996,-3.1101194009188506,-0.6244213192495413
-0.014869765646776813,0.008635584899954809,0.002216104939007779,-0.007909937006696384,0.29038060613965566,1.8011383997949373,-3.1186868220822763,-0.6048935578654685
-0.014874157615572035,0.00865034743727998,0.0021918756212468966,-0.007916169384508313,0.28991012245336023,1.7815038965266041,-3.124855443161674,-0.5859813329618033
-0.014879617867290409,0.008665153456793804,0.0021665435770280047,-0.007920361583692066,0.28924824263837484,1.760763711403374,-3.129544518332354,-0.5669758459625114
-0.014884665608863056,0.008680679386362222,0.002140591144436049,-0.007925782574992775,0.2886828547099427,1.7396262226951091,-3.135101350762317,-0.5470761617235106
-0.014876426273645495,0.008592070262924972,0.0022680286355342915,-0.007856059021741026,0.28849684077836063,1.8388640004379528,-3.0756952513448734,-0.6586139365441456
-0.014869960972221076,0.008575825091064245,0.0022959022565257913,-0.007851438681267116,0.2893183921930104,1.8615953807874874,-3.0701843099859105,-0.6792570405651136
-0.014862188674037416,0.008563333528711381,0.0023201176290821514,-0.007852634551461466,0.29052912661472474,1.8819219790333694,-3.069140844334163,-0.6954632144416416
-0.01491067622624903,0.008787219405854741,0.001969126490819736,-0.00797364001207343,0.2864631497607932,1.6008063587075159,-3.178776650359819,-0.4100076786674635
-0.014915219161539298,0.008802918462931202,0.0019430626898811587,-0.007978677439664185,0.28600936126427984,1.5795067584239868,-3.18353869881598,-0.3897859496803622
-0.014932520069732969,0.008807796704177119,0.001921636064924289,-0.007951133317685094,0.28312153036566184,1.5593480606819845,-3.1648224131218394,-0.3844284532296048
-0.014803628990916069,0.008464083559678181,0.0025103617692295126,-0.007851441932619786,0.2991850557294342,2.0407966452233848,-3.0519048762714793,-0.8251180932003265
-0.014798497069449237,0.008448974157967514,0.0025353435258405285,-0.007843934732632486,0.29991274366688425,2.0608230985147276,-3.0439464942804637,-0.8443474963668747
-0.014820868423050223,0.008466981476687348,0.0024881532533844283,-0.00782483360284357,0.29636881596417824,2.019048618527983,-3.034070970709824,-0.8186363673137258
-0.014861380767149976,0.008547873521500658,0.002341248178351868,-0.007838548053070526,0.2903568543527173,1.897997067884227,-3.0571124443612727,-0.7144796076135157
-0.014859005919603705,0.008531873430838605,0.002364554624679105,-0.007826502677106021,0.2905907895873281,1.9160589974312068,-3.0463334765901418,-0.7342355950521916
-0.014844037822940456,0.008484875545668572,0.002440729830964296,-0.007803906857782524,0.2925474069633917,1.9769068617363643,-3.022988161048801,-0.7930912180126303
-0.014849542445211174,0.008499951739661038,0.0024156187489105525,-0.007810127108755821,0.2917806408991475,1.9567140379277745,-3.029845695377338,-0.7741298464653502
-0.014854765158646964,0.008515653966771173,0.002389949406882919,-0.007817295969956074,0.2910851274552398,1.9361614431503205,-3.0373871690017893,-0.7544415906929008
-0.014838641492323619,0.008469928184724085,0.002465523337559542,-0.007797457137108111,0.2933067307347657,1.9968015855837498,-3.015929907618975,-0.8118617838634526
-0.014727143079172703,0.008239591322869774,0.00287565245036622,-0.007722031478010563,0.3110956585272457,2.3290421295348396,-2.9140826159601736,-1.1061911785890277
-0.014721662048299737,0.008224464571447493,0.0029001259829655214,-0.00771245472298291,0.3120284196268017,2.3480441046975975,-2.903639137095091,-1.1247871523403157
-0.014702981912598853,0.008180169309060055,0.002974679076072122,-0.007687609374087768,0.31537216316526134,2.406539897569217,-2.874748916696031,-1.1798883044089565
-0.014709359693304452,0.008194638981322366,0.0029500355184430816,-0.00769546120053284,0.31420627853323096,2.3871557561954124,-2.8840847788147936,-1.1618271831150722
-0.014715752075998756,0.008209396861181288,0.002924990652059031,-0.007703467914697343,0.3130593130284494,2.367451031452772,-2.8935310527291693,-1.1434115338635997
-0.014681001508751039,0.008078253304664952,0.0031166332972182528,-0.0075917770199521424,0.3196070873322467,2.508673806770485,-2.780527044628083,-1.2954891618771847
-0.014686811541116505,0.008093735630507942,0.0030922123605485008,-0.007602887592969594,0.3184790441719778,2.4903145618161666,-2.7927586089067487,-1.2772375927347028
-0.014691957923948519,0.008109038092148862,0.003068757531357279,-0.007614622725292793,0.3174932852207524,2.4728320120877476,-2.805262743674296,-1.2593661775590972
-0.014696325444506143,0.008124086936010976,0.0030464883263579823,-0.007627089479297299,0.31664845906826505,2.4564174731398727,-2.8180996028006433,-1.241979124076063
-0.014701998869799402,0.008138620376030537,0.003023037958428553,-0.007636689696281908,0.3156129884555638,2.4384769443867147,-2.82884859267917,-1.2244894808127371
-0.01470807657030255,0.008152958821700224,0.002999227776856781,-0.007645238718429772,0.31450781351838014,2.4200487956869554,-2.83876800561201,-1.2069949624335499
-0.014713450421074142,0.00816733873708155,0.0029761968035502914,-0.0076547909806747505,0.31353756756106926,2.4024112428651825,-2.8492894476681396,-1.1896747528141434
-0.014783257710711798,0.008404114857870728,0.002609201672724003,-0.007820595899084239,0.3021487037581294,2.119791196053635,-3.019178029616278,-0.9012215970542251
-0.01478832357869036,0.008418959723486549,0.002584788952174988,-0.007828454771645633,0.301386330935745,2.100335875998049,-3.0275374604664744,-0.8824345387091057
-0.014793409114502519,0.008433924081259784,0.002560149149588391,-0.007836237964024868,0.3006522765791733,2.0806635960796993,-3.0357992439363497,-0.8634618904628096
-0.014794516664588657,0.00839213198170721,0.0026116811861437513,-0.007788111682977304,0.3001556925706219,2.117663120190881,-2.9944599026347913,-0.9128975284068935
-0.01479042577500087,0.008377194108557246,0.0026348660764475736,-0.007778289873867915,0.30075745534941506,2.1357457514005485,-2.984648478084823,-0.931322481231037
-0.014785708020412987,0.008361857027706079,0.002659178360518148,-0.007768908796754153,0.3014691008851527,2.1547978741611504,-2.9749873510830613,-0.9502950059102614
-0.014780118757115062,0.008346771761974394,0.0026841057114062243,-0.007761098414279168,0.30234968358197833,2.1745526679998197,-2.9663761405207207,-0.969142555833688
-0.014773892266605007,0.00833211991456626,0.002709184759535986,-0.007754668314096933,0.3033282772887284,2.194615025985627,-2.9587220437642596,-0.9876323032341291
-0.014768199984707398,0.008317240952725253,0.002733880586386277,-0.0077469076437271306,0.30422983262922276,2.214171432854948,-2.9500382542300674,-1.0062172006411825
-0.014763928158754594,0.00830217871144135,0.002757080314255506,-0.007736407740240431,0.30489606140878284,2.232055945308321,-2.939403079536449,-1.0245404337582487
-0.014758234118647887,0.008287302826042668,0.0027816539536141684,-0.007728307394787169,0.30582929648527163,2.2514085926895224,-2.9303561595882823,-1.0430118202520309
-0.014744936075221086,0.008242037197693083,0.002851206181686996,-0.007696031178825971,0.3080370166769321,2.3046733907455934,-2.8972782193258464,-1.097594583863559
-0.014749251272871244,0.00825734313036816,0.0028279903633301605,-0.007707402346092656,0.30730574876233646,2.287023485984461,-2.9088325190898483,-1.0792843532831455
-0.014752873066876816,0.008272452453603396,0.0028057429384742154,-0.0077195149941773995,0.3067037175434461,2.270249850632219,-2.9207715780237984,-1.0613168612198114
-0.014631090035530045,0.008004518403664803,0.0032617628569644092,-0.0075699816398674446,0.32913777224460755,2.6257010026861995,-2.7410127554191686,-1.3921028273193798
-0.014636948652609205,0.008018933241124208,0.0032386540036355997,-0.0075806202240511445,0.32795091789222774,2.6084388622361634,-2.753025387418653,-1.3750963098854412
-0.014643235716199679,0.008033149476570555,0.003215103610600408,-0.00759017520937313,0.32668783901055837,2.5905580259934484,-2.764201212071401,-1.3579997351241173
-0.014649816787609534,0.008047386382852378,0.003191074512082829,-0.007599139106421915,0.32538905329850903,2.572134469472784,-2.774932181890317,-1.3406803745282259
-0.014646995729935377,0.008006095512644916,0.003238589895367873,-0.007548070592447131,0.32618046277025764,2.6021140900176998,-2.7275961149792884,-1.38277035696297
-0.014667228663637144,0.008047790080023823,0.003167522222326863,-0.0075729715893613,0.3222794030012901,2.5476042931953624,-2.7581915176865066,-1.3322180903837078
-0.014674668961153887,0.008062558673392742,0.0031418809374473655,-0.007581011516332336,0.3208090531714612,2.527745228645944,-2.7683688720467514,-1.3141009374865014
-0.014625321090156703,0.007989870319787592,0.003284912681808866,-0.007558729235499165,0.3302957811946097,2.64283354456003,-2.7284545067041805,-1.4092001101471225
-0.014567519472184482,0.007859864870346673,0.003495957306143472,-0.007461254180776983,0.3424626483169509,2.7984831967786357,-2.6152489564653476,-1.5606175439045853
-0.014605271064569724,0.00794646680306616,0.003357117290671656,-0.007528815920439615,0.3344139281097052,2.6971355223774824,-2.692967881199691,-1.4609018541899068
-0.014612281091945676,0.007960668218987487,0.0033329384433648354,-0.0075381064569513155,0.3329532221877209,2.6788209361670074,-2.7043438961218205,-1.4438136858797497
-0.014619140063705916,0.007975119134671079,0.003308650396517676,-0.00754779078821097,0.3315429943772435,2.6604825339741005,-2.7159853025705414,-1.4265127761677008
-0.01461508673663645,0.007933107779500544,0.003356930507646233,-0.007495757778946256,0.3326828333022107,2.690137747453722,-2.6670252531899017,-1.4681036380864902
-0.014609140793815126,0.007918828445538192,0.0033794434001628904,-0.007484594255996748,0.33393084567570536,2.7065383089519357,-2.6543827087338117,-1.4843985230753427
-0.01460244889775769,0.007904773945827205,0.0034027002296172573,-0.007474673779666075,0.3353275190179303,2.723781429725555,-2.642526246060807,-1.5008137866704914
-0.014596050685962678,0.00789054026535936,0.0034256469876113986,-0.0074639121178334605,0.33666644589687117,2.740567732218716,-2.6299950865898896,-1.5171595059181955
-0.014591146362810134,0.007875845158264463,0.0034468429837945895,-0.007450189561518658,0.3377604191755679,2.7552051205288755,-2.6154068320048474,-1.5329596977456719
-0.01458541355382416,0.007860965819364922,0.0034692872534171,-0.007437247946705145,0.3390211013168744,2.770991307500348,-2.6011535054175456,-1.5492705819621184
-0.014490761205853362,0.007702941730960619,0.003752000072580839,-0.007335265305535292,0.35974283833333626,2.981378049678693,-2.4652552306925704,-1.7376524704008591
-0.014545701413355901,0.007816921020452757,0.0035681906021818913,-0.007429940408595784,0.347243005511129,2.8515951433424487,-2.5770008082521687,-1.610699208115136
-0.014553152898633749,0.007830962507959194,0.003544181177650245,-0.007439905310740416,0.34559506236436505,2.833860476479049,-2.589425384319879,-1.5942039221490318
-0.014560599039220778,0.007845245488206755,0.0035198856206367546,-0.007450051407877301,0.3439606165993967,2.8159108641537576,-2.6019855311951,-1.5774389185180695
-0.014555027995548704,0.007803424434391172,0.003567069207330999,-0.007397173641776229,0.34556780445842766,2.8430135672354777,-2.55123769270874,-1.6163091756903742
-0.014548532839109696,0.007789388190483415,0.0035894109122715273,-0.007385689265210824,0.3470103119215752,2.858854793196713,-2.5378553368717873,-1.6319029580666784
-0.014541301918798178,0.007775533998087278,0.003612588657248748,-0.007375330362368885,0.34860678682584295,2.8756139470188047,-2.5251433046029086,-1.6477162080742171
-0.014534216257681663,0.007761394886910452,0.00363573293836501,-0.007364186880996405,0.3501791435875356,2.8921326832368357,-2.511746151884603,-1.6635902281089654
-0.014529172540596436,0.007746832347146942,0.0036561365120481135,-0.007349474255484062,0.3513718486679331,2.905450375518116,-2.496027137060907,-1.6783667804935742
-0.01452302317455019,0.007732098909816211,0.0036782231345779703,-0.007335867802220218,0.3527970629460811,2.920370305102637,-2.4807955769172696,-1.6938577422688326
-0.01451614128736183,0.007717413459515714,0.0037012592788570014,-0.007323160696493139,0.35438827157930247,2.936246622783433,-2.4660255553336436,-1.7096719655726467
-0.014508868595076338,0.00770285976952876,0.0037246746365326724,-0.0073110052972809305,0.35606118745344556,2.952529012135092,-2.451556892637359,-1.7255353881734352
-0.01448322585378986,0.007688653571010742,0.0037756311677490666,-0.007323522549785273,0.3614918671467326,2.997978537838702,-2.4509637755791225,-1.75353823155029
-0.014467649448222776,0.007660761159276033,0.0038228512583385666,-0.007301230519223929,0.36515215267076034,3.031346191438671,-2.4231579123234925,-1.784867116303129
-0.014475401729443211,0.007674591470413914,0.0037994317418302104,-0.00731233263681409,0.3633182604889393,3.0148260830807416,-2.4370159882128006,-1.7693573640114886
-0.014476682198126542,0.007646786363866696,0.003820422268022021,-0.007267968990013778,0.3634413145676208,3.0204301518706944,-2.397065677464284,-1.7885601783645961
-0.014445647388164453,0.007618481079436914,0.0038913081885602317,-0.007264076931668427,0.37037053445169943,3.0780582259451794,-2.378558226648497,-1.8304219707273164
-0.014453203290151076,0.007632591650959977,0.003868220214583893,-0.007276365139641069,0.3685784864159845,3.062291780359031,-2.3934612433134017,-1.8151842152992577
-0.014470224066654018,0.007632475605138006,0.003841957885808625,-0.0072542772500046706,0.3649969222403265,3.0345333293147587,-2.381476665821911,-1.8031638658062847
-0.014437832227593525,0.0076046050208977145,0.003914528753778289,-0.007252318793603275,0.3722492894872857,3.094044217019958,-2.3639915134756855,-1.8455826223626397
-0.014422326264617542,0.0075773216089868025,0.003960162674967741,-0.007228882044421744,0.37599969738794975,3.125242992269687,-2.3349312453698006,-1.8751960234242275
-0.014430009695142043,0.007590934140770239,0.003937518196650683,-0.007240724192229881,0.37413018610677934,3.1098440169265125,-2.3495488204055843,-1.8605108183902714
-0.014431110422730433,0.007563301301186,0.0039569794854386565,-0.007195806886377251,0.37428190840457815,3.1130659317351026,-2.309086347946615,-1.8777336670194187
-0.014408516575171051,0.007522279964576976,0.004023233041558657,-0.007158460400811874,0.37975609617629846,3.156699724045735,-2.2638420039618556,-1.920213806023167
-0.014416756982909349,0.007535587268041638,0.004000382020757031,-0.0071696180854008695,0.37778265990978976,3.141193133649122,-2.27812574942292,-1.905854141248806
-0.014424302020983019,0.007549356745310471,0.003978210896555743,-0.007182196584136317,0.37593433992403846,3.1266237249145017,-2.2933256119756105,-1.8916369072057913
-0.014400872413631985,0.007508601066744518,0.004045321531584548,-0.007145828223243319,0.38162122234582135,3.1711031814408863,-2.2484930313704212,-1.9342441046252485
-0.01439448009621976,0.007494167637083461,0.00406584309727022,-0.007130339381020512,0.38323450184600055,3.1832854002486246,-2.2311974169784397,-1.9476088061873715
-0.014344545958205385,0.007439834456411525,0.004184246231392331,-0.007100603430615395,0.39526797012788145,3.271506941746583,-2.1784584119818367,-2.0172769186414894
-0.014336948697068525,0.007426100219389684,0.004205823416651625,-0.007086719126166601,0.39718302711878023,3.2848087763756157,-2.161878968403265,-2.0306464481825923
-0.014329155878161649,0.007412283448282978,0.004227674214733214,-0.007072769607347019,0.3991513178901754,3.298250863310923,-2.1451304480779876,-2.0440778777265685
-0.014387132089264648,0.007479515348721727,0.004087936182560565,-0.007115489603692528,0.38507431638422185,3.1968783808586974,-2.213994732976422,-1.9616840014811172
-0.014378664724882083,0.0074649572766254,0.004111657020162308,-0.007101942869920034,0.3871457132046579,3.212144891405216,-2.1973839366701466,-1.976440091548042
-0.01436920808123021,0.007451719574009457,0.004135991349555484,-0.007091503978593565,0.3894840141607601,3.2288350504444723,-2.183046603901128,-1.9911374522463718
-0.014360752062755396,0.0074391592519909835,0.004158175498261834,-0.007080835365626298,0.3915367588624787,3.2436850603657272,-2.1689887026447923,-2.0046049114107363
-0.014149152284455735,0.00713237234845723,0.004684859721077156,-0.00677846554182059,0.4459712266441718,3.56437166364258,-1.7817553895730434,-2.303619305798495
-0.014139812251295356,0.007119537359828222,0.004706612795759907,-0.006764331105905291,0.44845420444278045,3.5762881374360904,-1.7638555332433128,-2.314930539134334
-0.01413035480925189,0.0071068320110279195,0.004728421043835734,-0.006750370802504491,0.4509835820985038,3.588259777939381,-1.746032797036433,-2.3261769334169276
-0.014121000338245086,0.007094054483133774,0.004749977248640332,-0.006736034266924551,0.4534859498390262,3.5998043103464865,-1.727938834714914,-2.3371980205998937
-0.014111879720814633,0.00708111832393411,0.004771077853523425,-0.006721060072677005,0.45590527116245533,3.6106321033312807,-1.7094347651335047,-2.347876359293606
-0.01410273788298627,0.007068255497987991,0.004792081842278774,-0.006706083613714713,0.45834297416707687,3.6213038648742066,-1.6909262113357884,-2.3583998215696895
-0.01432107837539074,0.007398490157036444,0.004249878789004847,-0.007059024342201036,0.40119387311005456,3.311992971357452,-2.128407097831451,-2.057593852093602
-0.014295307526551683,0.007358409254391719,0.004317675376911968,-0.007020685735101176,0.4077800713595456,3.354866037498008,-2.0799508027026476,-2.098040052183672
-0.0143039667701391,0.007371487976757665,0.004295223442164725,-0.007033084315070173,0.4055510368664667,3.3406111469240742,-2.095812966065612,-2.084748802550161
-0.014312695952243023,0.007384804553936113,0.004272422966335802,-0.007045637898682164,0.4033207641253414,3.326079955517669,-2.1118349818041158,-2.071176382644216
-0.014158325152004221,0.007145370178089601,0.004663230975780186,-0.006792879607170088,0.44354137112388187,3.5526085016654902,-1.7997978287288243,-2.2922762325523873
-0.01416732951375294,0.0071584978391321386,0.004641737644107766,-0.006807519745633789,0.4411626167980797,3.5409828171694726,-1.817937426466482,-2.2809043017400623
-0.014176179141948348,0.007171726468954459,0.004620363758353285,-0.006822325645011445,0.43882888008537185,3.52945539535154,-1.8361309825001466,-2.2694944784196927
-0.014166920735879709,0.007129820377265435,0.0046548914718975406,-0.006757902104976954,0.44130068573760556,3.5316249786921294,-1.7742378918447377,-2.2881105580673267
-0.014184870111448028,0.007185033802617906,0.0045991223193863956,-0.0068372651758729615,0.43654241796615784,3.518022938440654,-1.8543488478939645,-2.2580536634868924
-0.01419339087135304,0.0071983973560158674,0.0045780407507486414,-0.006852314146348068,0.4343074901308342,3.5066952781678657,-1.8725651801275383,-2.2465947809669937
-0.014201751673135372,0.007211741001463487,0.004557135941736402,-0.006867334924337079,0.4321169872698741,3.495429901448187,-1.890667192013619,-2.235128622880844
-0.014253235671928642,0.00729147525368563,0.004427392530979947,-0.006952398748837713,0.4186542456365672,3.420934999666962,-1.9955181543591693,-2.1621604503534506
-0.014244766781365922,0.007278052915482648,0.004449149486683562,-0.006938267665981616,0.42085263116572635,3.4336416589290972,-1.9781538902668443,-2.174633039853358
-0.014236252553759493,0.00726463785031247,0.004470877886655966,-0.006924039760669355,0.4230738455385921,3.4462200024102034,-1.9606782099251008,-2.186993855868915
-0.014210201646934694,0.007224924559794275,0.004536048113437642,-0.006881844715993064,0.4299066024389538,3.4837439020354535,-1.908372451234847,-2.2234787730429377
-0.01421891749437564,0.007238014531894356,0.0045144446102919405,-0.0068957799412194395,0.42759729792041584,3.471351190808439,-1.9257130914264504,-2.2114818939785645
-0.014227628991756365,0.007251267119785719,0.0044926670913990815,-0.006909842611904546,0.42532961259236773,3.458797948563745,-1.9431631302983285,-2.199291812784488
-0.014303415748485366,0.007344123377958555,0.0043126704200265875,-0.006987995270116404,0.4059781488209994,3.3394741853763894,-2.0549071463330084,-2.0976088314888113
-0.014295989941116494,0.007330657495847025,0.004333007700345898,-0.006973472752362285,0.4078810614898611,3.3510746505213462,-2.037862695592629,-2.109675937356519
-0.014287987684413243,0.007316835409939946,0.00435441063705038,-0.0069588263780413955,0.40992976633382255,3.3634305868731054,-2.0203989473321236,-2.1222303132624702
-0.01427914579540955,0.007303385852423728,0.00437690755343828,-0.00694553550039198,0.4121966382265649,3.3770925462418897,-2.003681028750794,-2.1352022425429347
-0.014269781739022576,0.00729042438263609,0.004399921455900425,-0.00693344533108864,0.414576518600625,3.3915533720182265,-1.9877291963964352,-2.1483048603905295
-0.014093551185658124,0.007055482982756899,0.00481302504760682,-0.006691155890472693,0.46080314370995107,3.6318770063754044,-1.67243456073577,-2.368795053484678
-0.014084610885537899,0.007042559903672117,0.004833473829501765,-0.006675608175951348,0.4631749524206949,3.641702248259815,-1.6535628544393852,-2.3788229641756757
-0.014075678837795438,0.007029533806819568,0.004853830231199483,-0.006659727962530047,0.4655416279973457,3.6512253436057907,-1.6344286730574298,-2.388684659300754
-0.014066377620638627,0.007016597768240709,0.004874701233480347,-0.006644164115171338,0.4680111010189556,3.661231874233384,-1.6153479429832311,-2.3987106304550294
-0.014056750481562031,0.00700384329454492,0.004895986185544759,-0.006629034544795726,0.4705833338897775,3.6716992144309977,-1.5964411796859066,-2.408860006176616
-0.01404697381791087,0.006991275610438306,0.004917374287142235,-0.00661420118062027,0.47321741591570715,3.6823168581949446,-1.5776938803150433,-2.4189759084466496
-0.014037298631715647,0.006978735857648244,0.0049384659524941725,-0.0065991830211298225,0.4758246301409775,3.692539824514489,-1.5588527144658508,-2.428838062743944
-0.014019094628778539,0.006953039518636405,0.004978426490690391,-0.006566726439688851,0.4806384551520427,3.7098180226607833,-1.5198895567627988,-2.447008044097045
-0.014028192516238545,0.006965893558466489,0.004958510895332852,-0.006583037408737428,0.47823503757485447,3.701312616909302,-1.5394279801389639,-2.438016195734539
-0.014009729794442122,0.006940195677931156,0.004998701804419514,-0.006550493343734947,0.48311089002123536,3.7185696931520655,-1.5002637997514217,-2.456072509961729
-0.013999978874753058,0.00692739832429268,0.005019545304162535,-0.006534480954103483,0.4856986062064907,3.727807446164587,-1.4805893966978259,-2.4653230551478145
-0.013979809030025478,0.006902669814281537,0.005061898465435581,-0.006504038388928983,0.4911380810469071,3.747364969971095,-1.4421478780563135,-2.4839545921336725
-0.013989884689990463,0.0069148743320683855,0.005040829640779011,-0.0065190554648050575,0.48840491893288634,3.737608584248791,-1.4611911070230652,-2.474725962993073
-0.013977429728139154,0.006874918848366093,0.005072209538724151,-0.0064554745383908875,0.49119323872975135,3.732042175360739,-1.4003966488761836,-2.4851398387060915
-0.013986342862252381,0.006887568738347491,0.005053434364272567,-0.006472200149169139,0.48886915027912375,3.7251558587644236,-1.419969632336983,-2.477386761887009
-0.013968109388247794,0.006861717749775626,0.005091709756110187,-0.006437900993723274,0.49362730956482065,3.7390017793652706,-1.3798972354489527,-2.4930560808892968
-0.013946916191464055,0.006836681652856672,0.005134696819790789,-0.006406463247112969,0.4992604560634512,3.757645732203295,-1.3403215684517227,-2.510785579240508
-0.013957961074741556,0.0068484907090596734,0.005112579627092572,-0.00642068893809649,0.49625915490016564,3.7471312187433377,-1.3591816575340347,-2.5015403507538445
-0.013950859752801354,0.006822559395014635,0.005129990713206427,-0.006378429960072889,0.497581165962533,3.7398852568767587,-1.320303447938804,-2.505750011684262
-0.013944308110801502,0.00681066044740998,0.005143750486942898,-0.006361088622966798,0.4991507511515553,3.7420444825898245,-1.3020297411891948,-2.5105026205218746
-0.013870078716264729,0.006767273556448025,0.005284518713793255,-0.006326293216448589,0.5203187581513941,3.835872410707442,-1.2240091050040636,-2.5729287675711325
-0.0138806647680751,0.006779072170788187,0.005263802829197053,-0.00634187811259672,0.5174617719185709,3.8275344671124487,-1.2437156787393222,-2.565081810075156
-0.013891242762557298,0.006791157212526403,0.005242958916878547,-0.006357838437232213,0.5146332239741648,3.819223875744169,-1.263723734977676,-2.557120283738413
-0.013795681385663137,0.006653941464617622,0.005427581639652442,-0.0061566594753270955,0.5384558670532674,3.8564666205376095,-1.0399426970288743,-2.6144580071737433
-0.013806611003378133,0.006665728414675919,0.005407357309679468,-0.006173127463908836,0.535613207387593,3.849816344142615,-1.0602318694386463,-2.607965564476773
-0.013817286689329444,0.0066778451991564595,0.005387471358172729,-0.006190172655781165,0.5328579260723676,3.843670934833142,-1.0808053369875994,-2.601608159800613
-0.013827541436293197,0.0066903441434709296,0.00536821612764565,-0.006207981502958148,0.5302347535486956,3.8383545942162187,-1.1016994758428271,-2.595540062636731
-0.013837057207209407,0.006703169660092857,0.005350163273626814,-0.006226628824117394,0.5278559042534888,3.834347708711586,-1.12276254497932,-2.5900255199746876
-0.013845573528289402,0.006716115264317901,0.005333794019005157,-0.0062458998684623785,0.5257807963128139,3.8319052101672173,-1.1436697815421273,-2.5852477382745565
-0.013855817673161581,0.006728068029585976,0.005314205399872375,-0.00626233734120771,0.5231266674921303,3.82529260610723,-1.1636352367100482,-2.5784725224281444
-0.013866191494029475,0.006739851309417522,0.005294278176164339,-0.006278255879616717,0.5204076899589999,3.8180573210644897,-1.1832838347442494,-2.5713684526707596
-0.013875868788939065,0.006751934114736998,0.005275483111807187,-0.00629496591648017,0.5179124535284289,3.8120556266285015,-1.2031029478067297,-2.564785754886205
-0.013936044757399043,0.006797241544180267,0.005160714300868737,-0.006341989208803516,0.5011601210950682,3.745756984019053,-1.2812638734182915,-2.5164770092079873
-0.013908731365602188,0.006787438566435956,0.005211533174735814,-0.006340691528386319,0.5091997218278589,3.785298110071626,-1.2617829849475666,-2.5403460235417294
-0.013926691868581365,0.006783970009246957,0.0051794817475608644,-0.00632370623750865,0.5035029413210191,3.7512081094179064,-1.2604570772514674,-2.5232739096978887
-0.011088146215635943,0.005045552974281924,0.008046682646770283,-0.0017666722598651348,0.6479402103966808,1.9875981283336397,2.274117685348543,-1.1313890202970225
-0.01110334768060486,0.0050387515834181915,0.008029247312903574,-0.0017848407390724534,0.6465753282581472,1.996499937636866,2.2581857943037593,-1.1446927801828612
-0.011159220158722376,0.005045134296286044,0.008000227166900954,-0.0018707305435348473,0.6552348580680989,2.0557444683254085,2.2262293081356423,-1.1997373579795072
-0.011147776785398805,0.005036298781082069,0.00799769055048828,-0.001848247155749022,0.6501667432146983,2.0368720561651528,2.2263818785498573,-1.1866565088659211
-0.011118247072783128,0.005032333383583691,0.008012359743438252,-0.0018026129355817112,0.6453401569820015,2.0052223685432558,2.2427406875351648,-1.1575755783921478
-0.011134702948156508,0.005028105639298689,0.007996879658524735,-0.0018238816503777038,0.6451547052229528,2.0171485023159113,2.2281236358236036,-1.1722409081130938
-0.011312354788006431,0.005100884792238127,0.007954867117716197,-0.0021302107394953833,0.6924220424780226,2.250850326198773,2.1613086898143052,-1.359004911768778
-0.011329234650422366,0.005098607684046889,0.007939364043342388,-0.002152273553168934,0.6920930784270798,2.263402912953414,2.145967883091194,-1.3736431999084608
-0.011297622295188544,0.005093230764864735,0.007957240022407282,-0.0021035651441866986,0.6879659515499432,2.2298037991750608,2.1663112803575193,-1.3429686989782115
-0.011283166143714185,0.005079243768088314,0.00795204525959294,-0.0020726502197446176,0.6806046698503466,2.2026844862648502,2.165541879879292,-1.3252095171984235
-0.011235479230644092,0.005060512694602162,0.007965284218268266,-0.0019912118222806118,0.6687655697462603,2.1410606209753342,2.18528895604482,-1.2754874222684345
-0.011251593952342442,0.005064524217104824,0.007958324148909804,-0.0020170628102136536,0.6717419242232728,2.1596244086678573,2.1768152209444103,-1.2915929249765243
-0.011267909334775948,0.005070527277455889,0.007953328707532679,-0.0020446066267072725,0.6756001997564703,2.1802743064921106,2.169712867880603,-1.3084591890497432
-0.011218534239840303,0.005056089377184682,0.007972198365223775,-0.001963837443315476,0.6654665210001679,2.12124419423257,2.1938412032328043,-1.2584327067586296
-0.01119627128606343,0.005052607091581165,0.007983682952450959,-0.0019294204296123676,0.6620044886588806,2.097379083165359,2.206807655876229,-1.2366578947536802
-0.011174618285082344,0.005045835123376768,0.007990699225893119,-0.001893528533676049,0.6570181276923531,2.0708917042397954,2.216171582898309,-1.2145048394914923
-0.011346119192329217,0.005084722713620856,0.007910566362295075,-0.0021651508072888077,0.6863499233791243,2.263545091132766,2.1208079341560224,-1.3840144487068826
-0.011362031740203426,0.0050915453870815025,0.007905868036980387,-0.0021925524921503465,0.690115690923735,2.284368472631037,2.1136561371292633,-1.4006134121954361
-0.011591767576650244,0.005179810852541197,0.007808635931691038,-0.0025777402532685414,0.7323870376114369,2.568470233242999,1.980802074674228,-1.633355855799895
-0.011378335524363438,0.005097634812690948,0.007899870719451765,-0.002219909849050235,0.6935382828972222,2.304692914397649,2.1053844134245234,-1.4172663798937333
-0.011398447177626721,0.005106401657613008,0.00789366109102914,-0.0022546445025957867,0.6982385748774017,2.3310621806278946,2.0959509075089824,-1.4382466090098094
-0.011420904673277254,0.005110806863435804,0.007880353461471012,-0.002289000994056871,0.7008577818216776,2.3544641149246117,2.0806470871592873,-1.4595056298801266
-0.011573992274907328,0.005173476846296598,0.007817915979819916,-0.002548621091450439,0.7298759329900913,2.547586258876343,1.9928878818473308,-1.6158858530402296
-0.0114387435052678,0.005116673953371529,0.007872233360261856,-0.002318153817437141,0.7038735821089658,2.375625915257391,2.0701893217263,-1.4772984875818926
-0.011458294274518359,0.005124317061814225,0.007864467852294112,-0.002351070567254689,0.7077326727667044,2.4000483826097487,2.059449725224709,-1.4972098328185959
-0.011480947505475134,0.005128839260293193,0.007850304558745696,-0.0023854530305796946,0.7099152592759151,2.4232057968765086,2.0431820292020437,-1.5183326594578856
-0.01149817950369394,0.00513795748418467,0.007845681757778736,-0.002416410939495657,0.7142668969769542,2.4472956644762722,2.0350769911354476,-1.5368045626418907
-0.011558908089110656,0.005158795677825233,0.007815237144088993,-0.0025154482138810084,0.7232838616116597,2.5183841878737563,1.9957710291942024,-1.596550540726345
-0.011544096941257373,0.0051495011175448566,0.00781817922114171,-0.0024875924504422484,0.7191748269353654,2.4960908994748756,2.002338019755229,-1.5800876343461432
-0.011529563275915318,0.005140810154585575,0.007821404283771392,-0.002460674110032361,0.715327235052551,2.4747306061440146,2.0089223335635817,-1.5641397637085241
-0.011514987136358025,0.0051290658423942415,0.00782113139761277,-0.0024310599591802202,0.7099544157228251,2.449757361431829,2.012997066648308,-1.5467814009938738
-0.012493369236478943,0.005596160178454978,0.007159268947705111,-0.004052811567040033,0.7675004758895704,3.5173742654901203,1.1029847000981172,-2.4129743270452093
-0.012408512031079766,0.005552184187072358,0.0072399862311448735,-0.00391990084807346,0.7733458853481422,3.4496659006672954,1.209130673528776,-2.3564795331068304
-0.012421669376156875,0.005560632742513401,0.007229328332682983,-0.003943028475399732,0.7732007634032723,3.4636855254711243,1.193157391595837,-2.3671368154366834
-0.012435191335167437,0.0055681616952601345,0.0072171607097089524,-0.003965103038491208,0.7725753964286729,3.475792895998477,1.1764444205844606,-2.3768862940866646
-0.012449141559647214,0.00557420639655687,0.0072028742103696945,-0.003985337114106682,0.7711609028874414,3.484876290150669,1.1589291105741284,-2.3851610647465797
-0.012463643157489528,0.0055812530275375725,0.007188589480522756,-0.004007351415399097,0.7700039592211397,3.495508444531428,1.1406694205955992,-2.394325398167732
-0.012478777598922448,0.00558795803451002,0.007172934544326875,-0.004029277416854085,0.768408859602955,3.5051328436500735,1.121489539662351,-2.4030750240725722
-0.012508885832021373,0.005585738154732214,0.007127478934959326,-0.004049951498828606,0.7593696316836364,3.4950280100948468,1.0823108324845432,-2.4053355007993553
-0.012522734539262089,0.005593521705948495,0.007114309907117304,-0.004071967522264733,0.7584179455030727,3.5061060359479455,1.0647784336070085,-2.414334943695336
-0.01253656100589405,0.005601010599335462,0.007100773705205898,-0.004093448973063144,0.7573114435794611,3.516429928787271,1.047151220865204,-2.422896629654448
-0.012550437533868803,0.005608396863473115,0.0070869374272244864,-0.004114725057283251,0.7560937785996907,3.5263281490374916,1.0293532844879882,-2.4312042689739832
-0.012564380484780683,0.00561585514408947,0.007072929522942862,-0.004136059411680132,0.7548284834485003,3.536111143511693,1.0113708566984714,-2.4394199941277495
-0.012820298664919691,0.005778252065095007,0.006810935463600134,-0.004549040907801183,0.7299853621405271,3.7192904393593005,0.6594814280244949,-2.5830849244468794
-0.012578385752981503,0.005623525425805101,0.007058874107492723,-0.004157653739227254,0.7535638218880337,3.5460314177165766,0.9932055252933197,-2.447671882177838
-0.01259243907816921,0.005631494150229379,0.0070448613587352285,-0.004179626866066097,0.7523312331456812,3.556247285948299,0.974865741898986,-2.4560376624091975
-0.01260649717751975,0.005639837560622342,0.007031014372866222,-0.00420206487461539,0.7511668071756007,3.56690966189482,0.9563918382707169,-2.4645855009844766
-0.01262046331302745,0.0056486266214225206,0.007017531242217933,-0.004225012870662078,0.7501200777254442,3.578182449532887,0.9378870989516931,-2.473379764233771
-0.012634191134482031,0.0056578609473526146,0.007004626508257628,-0.0042483807593592625,0.7492333963144305,3.5901246159671554,0.9195188759288403,-2.4824215879346543
-0.01264743028555302,0.005667430378856875,0.00699258633895597,-0.004271847965017898,0.7485547539744771,3.6026466053840687,0.9015981282944373,-2.491616272445949
-0.012660332678184586,0.005676950486626749,0.006980867387477816,-0.004294951394262974,0.7479052857313356,3.615006546941119,0.8839676154542827,-2.5006150302330945
-0.012806885579779105,0.005768855562265213,0.006825262726321591,-0.0045268351436292655,0.7315120725948291,3.7102151750166166,0.6790384640017121,-2.576283018051956
-0.012775928546321388,0.005754776905079907,0.006863597843114822,-0.00448723111862403,0.7371517049800581,3.702365521284863,0.7217971145107424,-2.567144260963308
-0.012792215064429333,0.005757575162440708,0.006840000748679966,-0.004500857613706443,0.7327562596124418,3.698154455672742,0.700594043476107,-2.56768091569187
-0.012672983213821423,0.005686557880473606,0.00696945826250459,-0.004317963630322253,0.7472997593415979,3.6274183118468186,0.8665035921172161,-2.509547577689775
-0.01268557013953825,0.005696375991929338,0.006958174251207206,-0.0043412025922242164,0.7466934504047549,3.6400476839767664,0.8489410119899015,-2.5185378425165514
-0.012695460688549213,0.005706165246568807,0.006950886807545855,-0.004362624531076312,0.7469159579441814,3.653692938109175,0.8346681025541531,-2.527496846784192
-0.01272248834653838,0.005721538400973304,0.006921348278818568,-0.00440338926517197,0.7435369545309772,3.6692315041512322,0.7972659810257828,-2.540604142061646
-0.012711086163868256,0.005709224171477144,0.0069292042518826966,-0.00437721765781484,0.7430384292726427,3.651993559328272,0.8141826014274629,-2.5295770488815
-0.012749311880468735,0.0057388580385492405,0.0068931303297440375,-0.004446664717461471,0.7406300685669426,3.6875312602312738,0.7594088684931133,-2.5548893423783987
-0.012764675879718187,0.0057428226968142615,0.006872103337428299,-0.004461917720348873,0.736933177158728,3.6865527855255027,0.7390422366732398,-2.5570601901780594
-0.01273838381251285,0.005725888763668002,0.0069000398851360376,-0.004419851599654675,0.7398602585030841,3.669253788440211,0.7761758239065025,-2.543502782370965
-0.011964140393050684,0.0053403037563304525,0.007596890567727585,-0.003201666511114727,0.7742032668730702,3.0120941924789353,1.6893328252418065,-1.9949111186759991
-0.011978727037862581,0.005345175978685081,0.007585181393921259,-0.0032238230308108194,0.7742624342778343,3.025655427396426,1.6748808011412841,-2.0069798965655505
-0.01196102321891462,0.005325095057967178,0.0075843298963967675,-0.0031806414999533484,0.7677438159454856,2.98693024462812,1.6845636559732937,-1.9819919776428576
-0.011920910400056247,0.00530181467137475,0.007605069085921956,-0.0031084615067477135,0.7625289829436315,2.933895452367874,1.717385355149714,-1.9414683618928048
-0.011935630582214493,0.0053087126018975,0.00759584640279688,-0.0031331085682581197,0.7637353309266443,2.9509184900378282,1.7045874544341284,-1.9552304845063004
-0.011949472407808148,0.005316927188810986,0.007588868311641486,-0.0031582058132590993,0.7655990017032811,2.9694627442310586,1.6933587144245017,-1.9693201459445382
-0.011905634626940435,0.005295019946615533,0.007614869600839311,-0.0030832374671799253,0.7613760300731373,2.916637868103407,1.7306926739967974,-1.927344616880503
-0.011872292363372026,0.005288715450289487,0.007644870277663744,-0.0030373029320831546,0.7625518326113737,2.891164583918858,1.7643532323659172,-1.901900996356331
-0.011888509569849829,0.005287546256725033,0.0076258217256199735,-0.0030550525731878925,0.7600261159436331,2.8973467948094727,1.7454738281115283,-1.9115034374389164
-0.011861000311171002,0.005281459539904978,0.007649365752699751,-0.0030160510040254467,0.7604681513611956,2.874734777327969,1.772445661071966,-1.8897224425743102
-0.011846860548992673,0.005274073240599009,0.007656699033602926,-0.00299127621914937,0.7586062746133723,2.856624295028187,1.7834591333593366,-1.8755667772712912
-0.011772284591490946,0.005244651241617709,0.007703458590142244,-0.0028701070659253175,0.7522345160979916,2.7732651181855026,1.8449384365869437,-1.8059415727818802
-0.011785850902918194,0.005251460394981124,0.007696811033744783,-0.0028937685894473513,0.7541379121073267,2.7907159706726783,1.83504969247507,-1.8196539858021337
-0.011799583199990547,0.005260393250954886,0.007692177939374864,-0.0029198412680467778,0.7571481695187283,2.811246817826428,1.826197447632903,-1.834790538245829
-0.011815347773737137,0.005262892103536182,0.007678263784909551,-0.0029415747960809487,0.7566287296217507,2.82359025571305,1.8107679077222907,-1.8472038781573856
-0.011831445771956542,0.005267569847740675,0.007666209428912981,-0.002965895665941177,0.7572529093114634,2.8390414003443953,1.796251713261188,-1.861075979123058
-0.011771108935706816,0.005226307321266472,0.007684730615732763,-0.0028497862614769646,0.7436417949730543,2.747024896204381,1.833783718135962,-1.7940261949367884
-0.011756320148661114,0.005220661153369076,0.007693719943320957,-0.0028259445344162785,0.7422190786211874,2.7305881429958223,1.8454427268301432,-1.7802376270180924
-0.011741313630736418,0.0052154693617672224,0.007703282386477452,-0.0028022379421922144,0.7409858295467494,2.7145307843657114,1.85747758095288,-1.7664878579239705
-0.011606723493090032,0.005166931048465121,0.007780465756710994,-0.002585229279081107,0.7257868801874735,2.562993228148937,1.9567259379808328,-1.638786575983467
-0.01172463543271209,0.0052093245861017205,0.0077133329295451,-0.00277544264100584,0.7393701603034951,2.6960100200830106,1.8704146447132806,-1.750873248123
-0.011702204338596423,0.005202938918178381,0.007728624959637288,-0.002741162204524518,0.7378481002331017,2.673477663114494,1.8887929061068074,-1.7308587722091384
-0.011683747932040349,0.0051942083900683635,0.007737162582879165,-0.0027094332008724222,0.7348983473006999,2.650106931999014,1.9011945532760997,-1.7122933417698916
-0.011623586402511715,0.005174046576389832,0.007772568911510348,-0.0026136068744871993,0.7283938714821615,2.5837315476807636,1.9458065639869886,-1.6556019373644546
-0.011637911705410791,0.005184453270364041,0.007770531825136103,-0.002641820462277983,0.732749651633624,2.6068828784247313,1.9395404247444772,-1.6721556123208525
-0.011667528024861594,0.0051870009961285145,0.007744987898995282,-0.0026819768275932157,0.7324489796479088,2.630064376902744,1.9121943892354187,-1.696156822172645
-0.011654423893381265,0.00517898795266021,0.0077487794155527475,-0.002657677652373883,0.7292729116347577,2.610985492160625,1.9193591066194748,-1.6818994060165005
-0.012353349098320685,0.005522821873242582,0.007288931529639872,-0.0038307127489043886,0.7756634241728507,3.40001497776507,1.275559102400493,-2.3160159855087987
-0.01233973358243861,0.005514700369906326,0.007299828522278781,-0.0038073162942227515,0.7757440906575024,3.385704546455942,1.2914380212764967,-2.304894922661856
-0.012394431162634424,0.005543745397863373,0.007251805265561886,-0.0038959358834486668,0.7736520227437506,3.4355809246825557,1.2261314583002816,-2.3455017894869674
-0.012379913193612086,0.005537017156512933,0.007265695770893863,-0.003873895038127102,0.7747093760243516,3.4244358127356125,1.2438202257472388,-2.335847704185088
-0.012378099177823704,0.005522610276538341,0.007254607969060743,-0.003852335526571194,0.7694959045879054,3.398566113839496,1.2435999557352955,-2.3222669407139103
-0.012367563431452937,0.005514234183026609,0.007261226615465061,-0.0038315362459862023,0.7687639766080822,3.3841177926477495,1.2555439239373938,-2.312029660482914
-0.012110985425965191,0.005419502469835921,0.007503904781265496,-0.003457952842935891,0.7850963726963202,3.1911801018049792,1.5510013606728368,-2.135071145626707
-0.01212577758127,0.005425888900663137,0.00749201147860108,-0.0034815141519207206,0.7850783647430409,3.2056855851782697,1.535289652322069,-2.147333491604367
-0.012139937771099897,0.005414690146632074,0.007462756994379646,-0.0034822022429874034,0.7775467207269439,3.1897474658412985,1.513094121463733,-2.1445707571809804
-0.012067506898215712,0.005401223048057893,0.007538502292199844,-0.0033888317399716444,0.785014554201073,3.1482738176642915,1.5965122088314077,-2.0986559169160626
-0.012081845407822792,0.005407323596573771,0.007527311532581062,-0.003411793586542084,0.7851330738135833,3.1627281608891153,1.5816864684678291,-2.1108483539249114
-0.012096296981308076,0.005413386984667684,0.007515800677616,-0.003434754829849233,0.7851729969576037,3.176972402016308,1.5665526541243573,-2.1229457657100856
-0.012066193894071285,0.005385066827038885,0.007523228048985108,-0.003367740831814101,0.778052711581794,3.1208598158567935,1.5904951116560195,-2.085135630337352
-0.012052373405614507,0.0053779221810617665,0.007532492466733958,-0.0033441361944712505,0.7772397649637118,3.1048092664364684,1.6038309080274955,-2.0723864727667016
-0.012037838248655218,0.0053708765389226185,0.007542577669976041,-0.003319824722534857,0.776529528265106,3.0885598827320133,1.6179000195464817,-2.0592482206295197
-0.012023055098916949,0.005364530561757592,0.0075535427033042975,-0.0032960138881758076,0.7761123308501326,3.0732086912118306,1.6324448235979026,-2.0464071292660724
-0.012008556209004996,0.0053576334662273906,0.007563441694867346,-0.003271798899549232,0.7753187540414649,3.0568840541156326,1.6462010874171156,-2.0331796860034017
-0.011993638147871018,0.005351226504025914,0.007574203295538825,-0.003247634426728041,0.7747450313239451,3.041086884169753,1.6605233957039969,-2.0200172491105306
-0.012325502774308357,0.005506698852097049,0.007311534225227811,-0.00378346384094475,0.7759591662768072,3.3714348030476593,1.3079725394350863,-2.2935776675589596
-0.012169588132532607,0.005410559985352423,0.007421262413769014,-0.0035072818257615716,0.7699330103717713,3.1890092180640193,1.4747977005401944,-2.1542764626616644
-0.012154691254790176,0.005403344546689022,0.007432747080020828,-0.0034831043918163774,0.7697444791580433,3.1739393168416323,1.4902846698926477,-2.141924725044976
-0.01231058131081871,0.005499146710252689,0.0073244563048318065,-0.0037595126022467334,0.7764155872645927,3.3577596915328285,1.325336148748547,-2.2823127632466824
-0.012295431497914656,0.005493537647989825,0.007339420388750538,-0.003737866977146481,0.7776951056378714,3.347316070932403,1.3433345938763557,-2.272547882946713
-0.012293095372146057,0.005478473540095638,0.007327893379932775,-0.003715502567627059,0.77207656190419,3.320586351407127,1.3423341382887282,-2.2584883901872015
-0.012254344607566319,0.0054534942088566235,0.0073548011888435625,-0.0036458467851664587,0.770416951709607,3.2743561589326835,1.3841332135353162,-2.223620188078453
-0.012268513329007073,0.005461429070842383,0.00734392917922353,-0.0036697699844922224,0.7705745208371774,3.2893138652951994,1.3686714560863111,-2.235428532674673
-0.012281933277349258,0.005470153888265614,0.007334670433766108,-0.0036939774088981556,0.7711729302145723,3.3054249090195182,1.3542143873624821,-2.2475493251753473
-0.012184162401550729,0.00541836322171224,0.007410620278084707,-0.0035318096745348636,0.7703905302862091,3.2048290702137474,1.459760991039315,-2.166852667674499
-0.012197517247820581,0.005427166879408394,0.0074023801418095355,-0.0035563492087242188,0.7713557610710248,3.221977955832371,1.4464236029734108,-2.179648728827441
-0.012209449628557417,0.005437051395807317,0.0073969118547702346,-0.003580852433625032,0.7731911246331804,3.240653186560671,1.4350308512234575,-2.1927214504992394
-0.012224742851919743,0.005440776293448102,0.007380850387282708,-0.003600677011490192,0.7714139543289599,3.2491563019710754,1.417184347862439,-2.201827746557726
-0.012239682437658375,0.005446451066386037,0.007367044334567279,-0.0036225497740666785,0.7706896903419725,3.260701153886654,1.400336559762543,-2.212265981129107
-0.013784575209471404,0.00664240014568277,0.0054480131857971075,-0.0061405726032868506,0.5413519790223803,3.863415294011505,-1.01983569561556,-2.621000023607372
-0.013773300869655248,0.006631167116710993,0.005468643719655031,-0.006124974225104622,0.544312647432961,3.8707191066948607,-0.9999899468508486,-2.6276076954875687
-0.01376183968380044,0.006620238210441119,0.005489516185929585,-0.006109859151260679,0.5473305532979545,3.878416354752902,-0.9803733577884245,-2.6343075120617687
-0.01375086662231827,0.006608741327253949,0.005509374588326407,-0.006093344356030108,0.5501645165424526,3.884439084845212,-0.9600692455231945,-2.6402075547157717
-0.013718999285537667,0.0065731617529446035,0.005566255344679694,-0.006040556553051736,0.5581819423530968,3.897976654586594,-0.8977933928328429,-2.65543659249196
-0.013730477674700288,0.006584480488631087,0.005545821710024732,-0.006056960629029769,0.5552028267951313,3.891707148330427,-0.9182778726520663,-2.649602790055535
-0.013741277951299253,0.0065964012571696805,0.005526542694384015,-0.006074586011398397,0.5524822220846809,3.8869682278089654,-0.9391757057350684,-2.644395767907348
-0.013708132321364386,0.006561545500720345,0.005585429792477988,-0.006023232359313507,0.5609176495118717,3.9026407524081805,-0.8771050173466682,-2.66043452340725
-0.013698475109696287,0.0065491688016740416,0.005602198961006604,-0.006003952801324501,0.563216357008182,3.9041685659110734,-0.855969700260146,-2.6638787308887193
-0.01368807874939325,0.006537289531602853,0.005620233080704592,-0.00598573387571761,0.5657421705270136,3.9072217523343187,-0.8351063765425063,-2.667967486196049
-0.013676703956564779,0.006525974229849043,0.005639991315874888,-0.0059687470491534104,0.568639822177028,3.912268365109554,-0.8144233448183528,-2.67294145152815
-0.013664944132996388,0.006515260854868556,0.005660406202621669,-0.0059528390015738475,0.5716890230884156,3.9184029430374907,-0.7942274953164294,-2.6783202965179824
-0.013653901434642578,0.006504036506343205,0.005679331694992761,-0.005935624424730497,0.5744382568312593,3.922505514387943,-0.773663340318325,-2.6826768414260886
-0.013634482394674742,0.00647948387472323,0.005711629656899469,-0.005896204169099847,0.5788447635660215,3.9230440546475838,-0.731303102099406,-2.6875743082849666
-0.013644632564655852,0.006491667482602686,0.005694729251481324,-0.00591566475103849,0.5764971806401192,3.9220903034077508,-0.752609032130685,-2.684812804199202
-0.01380244296395998,0.006637172977151255,0.005415433662251105,-0.0061229771027402355,0.5352432196700495,3.828054177316426,-1.0195061090655384,-2.603435147855183
-0.013623618890940116,0.006467528798101176,0.005729732233502886,-0.005877244510303608,0.5814457343215192,3.925136673155324,-0.7098533665509065,-2.690835207793324
-0.013612253326261058,0.006455713362995996,0.005748640315518894,-0.005858543426249721,0.5842014538937627,3.927915793121492,-0.6882447511703327,-2.6943740375958574
-0.013499226934270699,0.0063446540402109,0.005930854374660863,-0.005677170633766287,0.6110329503604763,3.9490106049949074,-0.4790206700075999,-2.7219694120258993
-0.01357604593086855,0.006423545011637291,0.0058090560767083965,-0.005808074035693126,0.5933344432743844,3.9421437694353223,-0.6257701416344067,-2.707196255021554
-0.013587597466882095,0.006433608141994796,0.005789857697289268,-0.0058239599768459905,0.5904297855984605,3.9375935786922227,-0.6455517538996515,-2.703184490914248
-0.013600205880932541,0.006444034616778799,0.005768684695040143,-0.005840120326803477,0.5871418911547223,3.9316476434962238,-0.6663402406144079,-2.6983313753100835
-0.013510784336941056,0.006356140416027741,0.0059128402876273516,-0.005696528051694911,0.6083843281968053,3.9482795929247225,-0.5006891400843435,-2.7201383929274914
-0.013521533719266524,0.00636790538983755,0.00589622958314981,-0.005716390282190727,0.6060291723953041,3.948854146783239,-0.522085566539589,-2.71888570607889
-0.013531657776992482,0.0063796958502810785,0.005880627125916451,-0.0057362965638274276,0.6038463637231036,3.9501294356465277,-0.5430928350965011,-2.7179300384624074
-0.01354245742310102,0.0063906807148932715,0.0058634689477547915,-0.005754519074550886,0.6013509973610781,3.9490139480581337,-0.5636463328590174,-2.7157851863595237
-0.013554098356165304,0.006401280215985514,0.005844564322067767,-0.005771764144304394,0.5985132339859697,3.945829839545541,-0.584273220491419,-2.7125644821773487
-0.01356539243895913,0.006412430921689455,0.00582629072643804,-0.00578994818514502,0.5958236121375892,3.9436538369258405,-0.6052667148868666,-2.70973264688546
-0.01346484845289261,0.006299216726605947,0.005980244651258314,-0.0055984578879178844,0.6172553154863679,3.9330442113586925,-0.40222238370319213,-2.7188905212717605
-0.013478079963225581,0.0063056212145208325,0.005958258782058926,-0.005608828361683357,0.6133983396881469,3.9235957169809823,-0.41955702657212596,-2.71334666827382
-0.013492070734888353,0.006315887642886619,0.005935947027477434,-0.005625911177670394,0.6099078885894671,3.9183909640091223,-0.44154546975144265,-2.70952012981722
-0.01350516000805215,0.006327081362078925,0.005915393553055301,-0.005644589787893575,0.6067768660350894,3.915493113076574,-0.46379393377925066,-2.706719009576275
-0.013136565150581155,0.006033140301675965,0.0064493243014443966,-0.0050989799055401385,0.6874508438660999,3.913228241317587,0.15315100303593923,-2.7154079622798464
-0.013087105103773332,0.005993588446175638,0.006512176040058069,-0.005017424104451106,0.6961303351955647,3.8944533188060113,0.23550682616238575,-2.703082085409177
-0.013125076436223989,0.006022502186447604,0.006463306076422234,-0.00507767512205731,0.6892134728605398,3.906696840131455,0.17340219340274002,-2.7115567758537753
-0.013099520363223918,0.006002395818197764,0.006495960645012975,-0.005036123947089982,0.693787867399079,3.8975792180422997,0.2156598777380103,-2.7054788965827794
-0.013112689073642563,0.0060116744821619985,0.006478590272119228,-0.005055725585422235,0.6911972160790851,3.900510000382353,0.19467487545296716,-2.7077622069998775
-0.01307532577961233,0.005983483329238794,0.006526410747999819,-0.004996584493863135,0.6979494617837015,3.8881287310773174,0.25545538425039255,-2.699070588176671
-0.013049097329898923,0.005964209607461054,0.006559589583508192,-0.004955374832928526,0.702609919535238,3.87896563371611,0.29755366001503125,-2.692412597090651
-0.01306262759279606,0.005973088215608308,0.006541903246560559,-0.004974876917061351,0.6999533207400778,3.881927725481711,0.2765462487860281,-2.6949914368801857
-0.013049479059999031,0.00594958810210589,0.006550008755195584,-0.0049306682124256596,0.6989878340573737,3.8524416800216037,0.3060847003861424,-2.679041469241142
-0.013039981067179053,0.005939551786498758,0.006559908320811411,-0.004910519681819222,0.6998389997028404,3.843327330484738,0.32292897916069513,-2.673615088360972
-0.013028341120890378,0.0059282951141085595,0.006572541900197927,-0.004887536255178931,0.7010963617609877,3.833799256920267,0.34282402029294307,-2.6677407509757054
-0.012833763094573694,0.005787131557800809,0.006795996355820026,-0.004570350540617495,0.7282513220524741,3.7271286053421666,0.6399290722643326,-2.589203425478402
-0.012847264838680247,0.0057961327180661845,0.006780943652269287,-0.004591770738995206,0.7264879742814184,3.734908270299987,0.6202096427947069,-2.595243042218648
-0.012860617976698463,0.0058054646433269574,0.006766225132164663,-0.004613545753392447,0.7248191479670099,3.743131540689023,0.6004708171799394,-2.6014343209927246
-0.012873569635573732,0.005815286470325392,0.006752360094741412,-0.004635818703241792,0.7233730888095363,3.7522694295979977,0.5809469021781456,-2.6079853915408413
-0.012886101351150992,0.005825593979328903,0.006739372159526506,-0.004658595735014652,0.7221385712025631,3.7623479088138283,0.5616339484352263,-2.6149092497693514
-0.012897783546579819,0.005836421558049731,0.00672798516145398,-0.004681752142062929,0.7213002614349474,3.773751248141687,0.5430189134445104,-2.622348540096734
-0.012907506375304956,0.005846185125836136,0.006718922997741995,-0.004702218732194169,0.7207827343296198,3.7844639547803505,0.5270872573920743,-2.6291283413128745
-0.012923288459081398,0.005849445366236811,0.006695323010118459,-0.004714703284890283,0.7163530922495911,3.7785456713462007,0.5065719793591658,-2.6281053067559
-0.013015504138716057,0.0059170608990817145,0.006587044331364144,-0.00486409615920401,0.7027392889175665,3.825120028987024,0.3639674999819195,-2.6621277116903443
-0.012984989323262036,0.005902065612722601,0.006628464000971145,-0.004827531811187403,0.7094148185155245,3.824491851754204,0.4077139631541874,-2.65873802547665
-0.013000495005375918,0.005905318484456319,0.00660468098312292,-0.0048389065947295464,0.7049054792569694,3.8171148227093097,0.38779534397084714,-2.6565793238443476
-0.012975513483025902,0.005892270467668315,0.006637849005635971,-0.004807475282494936,0.7101032682053106,3.814737466893225,0.42395732359439103,-2.652747342184927
-0.012938172387260123,0.005860275465956075,0.0066782746921848135,-0.004739022798940506,0.7143072720475087,3.7868110780933564,0.483844829716994,-2.6341717357776635
-0.012951526693857233,0.005870564720615308,0.006663202240978242,-0.004761677933463673,0.7125336339701244,3.7949714788952593,0.46309439584813367,-2.6399358390722294
-0.012964208662194122,0.005881080603225903,0.006649236107139759,-0.004784332495450441,0.7110138595581845,3.8038041392429043,0.4429365362369358,-2.6459083614827232
-0.013388210648277698,0.006263723981054379,0.006107296897268821,-0.005538136322361344,0.6391668454897618,3.9870255185732604,-0.30106315283179375,-2.7495832071138087
-0.013400437862662146,0.0062744048778207795,0.0060888658526432595,-0.005557233274777646,0.6363741766586227,3.986535085092164,-0.32282858403563525,-2.748479188239663
-0.013236776034766433,0.006112623455532999,0.006315016096047525,-0.005257676506923777,0.6679369962050331,3.9369245360293657,-0.014878709596180803,-2.7301379126510326
-0.013223984908727927,0.006103214779804553,0.006333001632954859,-0.005239141674195973,0.6706896467763731,3.936137632372605,0.0060166207726001725,-2.7295897543696026
-0.013212256649641619,0.006093328322114129,0.006348753475769212,-0.0052198152797751285,0.6729414306699133,3.933027533682179,0.026247726109536063,-2.727863248556304
-0.01314858011785142,0.006042751199994263,0.006433728232419067,-0.0051185420707387345,0.6852850411642083,3.9171434651191546,0.13301623677705834,-2.717928264152608
-0.01316126151858931,0.006051402296834543,0.006416325409190693,-0.005136475188010796,0.6825801282062914,3.9184041698175247,0.11291019253503785,-2.7191026333301114
-0.013200659998574739,0.006082115047225879,0.006363474755685991,-0.0051980865319658015,0.6748671689198392,3.927254998116973,0.04737303952986241,-2.7247752906911065
-0.013174237005448397,0.006061260415465973,0.006398931627072252,-0.005156447610105755,0.6800854448957803,3.921172778866682,0.09152836398275212,-2.720971222152288
-0.01318792292318807,0.006070754724316077,0.006379966205804396,-0.005175794502353565,0.6771245557808583,3.922233419846807,0.06971494789186465,-2.721951759225768
-0.013352141350890148,0.006232784089338454,0.006161094108831955,-0.005482045755147525,0.6473919244507024,3.9876845109961647,-0.23730874585857323,-2.752020555711022
-0.013363929362694668,0.006243027833970005,0.006143690256961668,-0.0055007439737715024,0.6447437678395093,3.9879568675101305,-0.25829820343126314,-2.7515212311044337
-0.013375953166738778,0.006253315487210966,0.006125748186249316,-0.005519397603775508,0.6420096999061461,3.9876993224065633,-0.2795276643905406,-2.7506925549045182
-0.013355753196762105,0.0062165444731752525,0.006148290212393507,-0.005452864441534372,0.6436214943226443,3.9569685763552305,-0.22420674981071329,-2.737661774802493
-0.013344798534956204,0.006205361205391617,0.006163553489598441,-0.00543247880625776,0.6457412260103607,3.953692974816725,-0.20329812382862525,-2.7366086677076105
-0.013249555117312004,0.006122861305027341,0.006297317281581252,-0.005277538016155103,0.6653171801822771,3.9388327912386507,-0.036454430624495875,-2.73115849545815
-0.013320158516854615,0.006184002236303547,0.006198961382491953,-0.005393071313411512,0.6510196691666296,3.951473321556787,-0.16008239523300857,-2.736401541510389
-0.013332946764478682,0.006193911855505517,0.00618017587826284,-0.005411484452252973,0.6480878783359216,3.950891214350221,-0.1813709208060463,-2.7357345838007983
-0.013261548967791331,0.006133571733451803,0.0062810876352693565,-0.0052980124229226044,0.6630279357146573,3.9421843326042953,-0.05768316640767417,-2.732798652814733
-0.013272426036187644,0.00614469501878119,0.00626688635289433,-0.005318990598157017,0.6611483093772518,3.9473156611528872,-0.07823141191750504,-2.735224552515803
-0.013284487817228956,0.006154799218416284,0.006249985226104756,-0.0053381922106192905,0.6586503012351229,3.9490511253805987,-0.0990789464715283,-2.73595014168601
-0.013296597267221206,0.006164585701135771,0.006232729843642158,-0.005356714542767017,0.6560581178268755,3.949925459636258,-0.11966658192072033,-2.7361946440456495
-0.013308007271696879,0.006174707276952519,0.006216741807052082,-0.005375660542373493,0.653735784293325,3.9519700487328975,-0.13990664687123075,-2.736939944123662
-0.013417385018435701,0.0062680075654092775,0.00605598099476285,-0.005545050752435937,0.6295809425008385,3.9530772512432075,-0.3302460471497158,-2.732092889372575
-0.013434904825403464,0.006261729623638007,0.006022364807840754,-0.005532981260599309,0.6225018867894608,3.919526419011795,-0.338325458213371,-2.7155226709121707
-0.013446595693260004,0.006273764462443846,0.0060052556635254795,-0.005553945532817873,0.6201227375324828,3.9212591692477474,-0.36045514029562814,-2.715334471906218
-0.013456874349185655,0.006286371419938194,0.005990709809716434,-0.005575928566503116,0.6182078966818801,3.9254951009862715,-0.3820803773535806,-2.7163060165808304
0.00926449525245532,-0.014945607421372955,0.008242535236612608,-0.001225833092891923,0.2830864234948617,2.2261482785041604,3.0457249538561606,-0.9521661415602675
0.009270272572326752,-0.014960540300013628,0.008215868668267533,-0.0012086385251769466,0.27530713272749446,2.2021361117683607,3.0319083107910902,-0.9430573801380202
0.009248961635249483,-0.014943272334665861,0.008238647153499774,-0.001251698544227296,0.28394351415182856,2.2460792241610648,3.0364197175876906,-0.9714420261577571
0.00925471695789646,-0.014958208653296988,0.008212059363829282,-0.0012344116188375018,0.27487738773624265,2.221968765614943,3.022708079569043,-0.9622732161920814
0.009233435272781452,-0.014940888434177029,0.008234678216637918,-0.001277548770919988,0.2847349166415311,2.26590623070576,3.026974516398854,-0.9906993925594195
0.009239170492640907,-0.0149558609809864,0.008208107844107282,-0.0012601548034957616,0.27424457207785974,2.241726839696197,3.0133368858085485,-0.9814590385724241
0.009217916319918092,-0.014938455742167744,0.008230625012581953,-0.0013034055992669207,0.28456315915865793,2.2856763679833096,3.0173788342374954,-1.0100121491556528
0.009223610729536294,-0.014953497443347065,0.008204002546736753,-0.001285899081003691,0.27371702392343217,2.2614318769316664,3.0037873512476594,-1.0006208634636427
0.009208029118460597,-0.014951091125729095,0.008199789757841512,-0.0013116690649691142,0.27346538860011965,2.281103152856781,2.9940914461921504,-1.019738703915123
0.009291699884835915,-0.014978094399865147,0.008192946379956044,-0.0011657082929649593,0.2735558645686597,2.1519121887903587,3.028731406892538,-0.9080329651137671
0.00927606051810299,-0.014975851149630251,0.008189205116120151,-0.001191439604478993,0.2732171017280766,2.171707558522917,3.019739384325916,-0.9272553933836237
0.009307357302873402,-0.014980173033848727,0.008196837827765134,-0.0011400047550653456,0.2738512224049677,2.1322244484301778,3.037736613660622,-0.888803173903337
0.008863386307324788,-0.014869097381817622,0.008115029362350364,-0.0018942944845260765,0.27119396425759623,2.7247328402873214,2.763322331189908,-1.4357824570668276
0.008852617193590201,-0.01488105482989096,0.008083261150312401,-0.0019001627820426426,0.2609728601745733,2.7163732575112083,2.739549106633874,-1.4416620644526306
0.008878691396530594,-0.014872644766016243,0.008120943400774768,-0.0018687783610909076,0.27231857659838005,2.7064375503073133,2.775726386286145,-1.417868490842768
0.008868012674602436,-0.014884607543860439,0.008089297633849581,-0.0018747058226204257,0.26156062876435854,2.698217383716777,2.752007712486041,-1.4240531614199134
0.009124966919156605,-0.014922836286880738,0.008204585042604483,-0.0014583692321218618,0.28024507234601265,2.4038649281538595,2.957342575936155,-1.124588765439009
0.009130289935631178,-0.014937927521507762,0.008178285625385936,-0.001440457279310515,0.2723480754955369,2.3787579880672767,2.944339293035588,-1.1142140479444225
0.009109504197630085,-0.014920062725815756,0.008199968290071283,-0.001484107318424286,0.28135008413838153,2.4232358706641057,2.9469206806780313,-1.1433136949092522
0.009114808759862396,-0.014935172681111388,0.008173718444231036,-0.001466102028109985,0.2714592222478433,2.3980657548816686,2.934001790193403,-1.1329611406818516
0.009094050136367162,-0.01491724057216887,0.008195264202925753,-0.001509866110573384,0.2806305214429629,2.442538813328665,2.9363375683702917,-1.1621069914283062
0.009099322761695597,-0.014932413806092027,0.008168980995459742,-0.0014917236028843385,0.27077237257560766,2.4172910643172134,2.9234772988839492,-1.151668837833691
0.009078604893063716,-0.014914369853492293,0.008190473352441682,-0.0015356418045848793,0.2784387530492147,2.4618400248682937,2.9256193822693475,-1.1809094311680626
0.009083827839873885,-0.014929599119633277,0.008164167101746446,-0.0015173573112339629,0.27055464613517355,2.4364790158975613,2.912843679813509,-1.170305807246998
0.009063168625695952,-0.014911450597951643,0.008185603106892132,-0.0015613946255532377,0.2768437840294744,2.4811364756401146,2.9148095345562393,-1.1995892734713614
0.009068338989026179,-0.014926684888590204,0.008159365792719605,-0.0015430104992803799,0.2704724484293077,2.455649275342409,2.9021580766141617,-1.1888555821418152
0.008986127475825481,-0.014896127296621684,0.008160072810221684,-0.0016897520922470727,0.2760100309243628,2.5762324593182813,2.8589817964921114,-1.2916676744886033
0.008970748396413332,-0.01489291744632119,0.008154716391162603,-0.0017154157493487062,0.27391536080964557,2.5951238483981824,2.8474195535511786,-1.3100254243046103
0.008975652713617157,-0.014908263344847931,0.008128734431884499,-0.0016964915528160042,0.26688286518209114,2.569144096455137,2.8353667034651946,-1.2988921632601145
0.00895537940604795,-0.014889659273885171,0.00814928354216205,-0.0017410430267483436,0.2728031793759922,2.6139718073128537,2.8357698102869313,-1.3282155042338633
0.008960218502731104,-0.014904983997311312,0.008123406016784759,-0.0017220698927291383,0.2665672255688143,2.5878609674137603,2.8238592875145074,-1.3169779498886383
0.009198049628112201,-0.014964248160535642,0.008168653697707652,-0.001319596162636362,0.2717415597058941,2.269290967388981,2.9726247255279374,-1.0223217374426026
0.009182326435101251,-0.01496174973847852,0.008164276907364808,-0.0013454229997321673,0.27126299040104285,2.2888196356285104,2.9627559612143224,-1.0413402913228984
0.009166652902289792,-0.014959084569700543,0.008160069730947699,-0.0013712404091297873,0.27079721030051207,2.308436562131121,2.9529162061505905,-1.0603259497133324
0.009151060614545821,-0.014956297220766962,0.008155965799634539,-0.0013969779574434119,0.27036748498047963,2.3280463957582693,2.943085755537428,-1.0792206687202641
0.009135552614859219,-0.014953433131887217,0.008151880987628252,-0.0014226067326335787,0.2700054631686996,2.347577264285404,2.933222129194198,-1.097995623047334
0.008787032289485816,-0.014850640095209084,0.008084254817002885,-0.002021603289322019,0.2650833704482612,2.815585566152872,2.699673920398835,-1.523731247311912
0.008791280929343575,-0.014866083428673698,0.00805891875652171,-0.0020018347244032957,0.25848794418382687,2.7882999492607676,2.6890213355987327,-1.5111943012294267
0.008771796903417485,-0.0148468048396387,0.008077870372067914,-0.0020469649341852566,0.26565803588318865,2.833374604087013,2.686647426568167,-1.5408577004055835
0.008776051779693534,-0.014862247464863655,0.008052645307780675,-0.0020270815651415863,0.2572353380959596,2.8060064870783523,2.676121210201327,-1.5283793612413386
0.008795413486648026,-0.01488194410890562,0.008033421891746577,-0.0019821722793761554,0.2560642702963675,2.755203292169959,2.681012900414471,-1.4935100147703395
0.00881070118114942,-0.014885896729688161,0.008039233770080005,-0.001956848085809841,0.25687794043859175,2.737141839594873,2.6934948264611513,-1.4761737075506565
0.008841666447383462,-0.01489350064409292,0.008051203741874102,-0.0019057748701663945,0.2586937770656222,2.700829043976798,2.7185826015408447,-1.4410833747591736
0.008826131179352062,-0.014889776043703666,0.008045122119613661,-0.0019313432787752838,0.2577722904069812,2.718961094340809,2.7060089387259327,-1.4586661422830378
0.008484823888579554,-0.014764896782867474,0.00794134991363102,-0.0025252752305490885,0.2433376363740082,3.154861069733626,2.4166898007612767,-1.8528710893149765
0.00846986220007,-0.014760113266848321,0.007933383313996963,-0.0025501929823812373,0.24281803170423064,3.170807992106719,2.4014156629277017,-1.8682954624821448
0.008473138456400131,-0.014775740314660842,0.007909272680094573,-0.002528720165727118,0.2352331171532136,3.141850614035276,2.3934349112575855,-1.85487130866794
0.008454915646326118,-0.014755282782341355,0.007925341254709256,-0.0025750769785294475,0.24265452177144628,3.1865889134625576,2.386038902654604,-1.8836220787001199
0.008458175144659229,-0.014770922396960756,0.007901304942473432,-0.0025535086704669414,0.2336126026842309,3.157578428702792,2.378188695224068,-1.8702153259637004
0.00843998436859241,-0.014750405375308927,0.007917218034525936,-0.0025999447138972567,0.24199903007241833,3.2022227932638576,2.3705309110081516,-1.8989205665909843
0.008443219645187001,-0.014766092416327694,0.00789319341075395,-0.0025782453770606343,0.2319474298434753,3.1731662357225683,2.3627897670624254,-1.8854646932879258
0.00842506850832781,-0.014745481092211746,0.007909008571276096,-0.0026248113790494705,0.24016193375745995,3.217761160943853,2.3548766705147903,-1.914220697698901
0.008428254158945414,-0.014761232840095546,0.007884949171106772,-0.0026029682028479583,0.23047287185576612,3.188641554032417,2.3472453164343485,-1.9006190870938744
0.008413279109725069,-0.014756308373677647,0.007876631432861434,-0.002627712437068212,0.22930049434088398,3.2040428623789374,2.3315969660495486,-1.9156748717407457
0.008499800570831098,-0.014769633284930958,0.007949243181344394,-0.0025003168771413967,0.2444952933519391,3.138765350237089,2.4318771071005902,-1.837296070305342
0.008488132337393695,-0.014780539973930066,0.007917129611722813,-0.002503858843311989,0.2366566860220238,3.1259781602354866,2.408556603725604,-1.8394264635308202
0.008514792106028148,-0.014774322728061406,0.007957062575638411,-0.002475319278752331,0.2462278088964784,3.1225574507716587,2.446978798188845,-1.8215549572918224
0.00850316504290596,-0.014785302678775125,0.0079249147887704,-0.0024789334586051474,0.23787761363601037,3.1099756296860233,2.4235842941705736,-1.8238785013878849
0.008665499445531182,-0.014818620992578935,0.008030905188071345,-0.0022240987376149746,0.26010985608014736,2.9556942510647874,2.591953516045479,-1.6592351173144653
0.008654214892066837,-0.014829943421505414,0.00799903324226855,-0.0022288363963227143,0.24894772387961894,2.944894084575807,2.5682930025057575,-1.6633275490581718
0.008574904804645981,-0.01479260927722873,0.007987547747688452,-0.002375107413305296,0.2523985728851615,3.0570982050609388,2.506315898022322,-1.7576215497897507
0.008578527789077464,-0.014808144684109174,0.007963092549944109,-0.002354227800802735,0.2437648135344083,3.0287081670541145,2.497408803397254,-1.744722461614909
0.008559854801395402,-0.01478810837460224,0.007980050941810193,-0.0024001750104931264,0.25189120543328203,3.0735752856695413,2.491672505816974,-1.7736595110653999
0.008563456917881513,-0.014803679965380777,0.00795562691490752,-0.0023791704013647816,0.2423514920342629,3.0451317167555767,2.482876938725834,-1.760734004443217
0.008544819263429005,-0.0147835602874755,0.007972470453552382,-0.0024252352900851703,0.2505348724688376,3.0899555235486686,2.476895107445757,-1.7896818258208247
0.008548386520158678,-0.014799185642665155,0.007948039941138187,-0.0024040891650672328,0.24103209691143632,3.0614460536938393,2.468202847496673,-1.776655113142158
0.008529798353607843,-0.014778965067767892,0.007964806277238121,-0.002450287970414393,0.24840491412116528,3.1062789211482147,2.461989953887791,-1.8056666079735433
0.008533307477518315,-0.01479463514108068,0.007940368080176842,-0.002429020663904885,0.23993076189193216,3.0776867677280753,2.453411273223528,-1.7924886795012556
0.008518228215145973,-0.01479000692778599,0.007932655612328296,-0.002453975797729301,0.23893833998122752,3.0938687954078,2.4385340096261885,-1.8082312945825898
0.00858208950734538,-0.014823961252097699,0.007938803266242989,-0.0023334395662725125,0.24226993656828455,2.995022198573315,2.491905179193811,-1.7261755712109965
0.00859717391520227,-0.014828421785674077,0.007945991847682946,-0.0023085699460961974,0.24334276810181363,2.978498876536356,2.5060590833734318,-1.7101502455788296
0.00861230764978948,-0.014832904104210553,0.007953013940030012,-0.002283563619226952,0.2444221917064935,2.9617328228393625,2.5200983494529843,-1.6939471721597907
0.008642778020341713,-0.014841636226754149,0.007967140592118808,-0.0022333566411960547,0.24678954674504494,2.928020556164666,2.548068844580609,-1.6612491373989158
0.008627509327412809,-0.01483736358636871,0.007959966160986343,-0.0022584399944539364,0.2455763963393451,2.9448024011271694,2.5340654868997237,-1.677596986247724
0.006849331498161108,-0.013882433256544183,0.00647059490388019,-0.005251043405368407,-0.06150607952941314,4.065945742107395,0.08869457017508246,-2.817192397021158
0.006837150069184488,-0.01387251601870674,0.00645408530559827,-0.005271322349266483,-0.06368557967846596,4.063764660767831,0.06758207950285322,-2.816493342778562
0.006834495946578825,-0.01388824350236535,0.006439106728535249,-0.005242271191357784,-0.06814365963756484,4.036618261294945,0.07996041750488618,-2.803166538965439
0.006824999850860256,-0.013862560556543108,0.006437511062510926,-0.005291550478118291,-0.06597223892195345,4.061348074301712,0.04647905756972379,-2.815688909681104
0.0068223082836442435,-0.01387830079060482,0.006422624248115703,-0.005262446652795465,-0.07184728443423306,4.034342656294239,0.05895231819502016,-2.8025115493096364
0.006812880963004883,-0.01385256696814258,0.006420860558487441,-0.005311741827324652,-0.06899408995675767,4.058711592205217,0.025346171755448926,-2.8148077773755475
0.006810134260575518,-0.013868351979963923,0.006406029330557145,-0.005282515616898125,-0.0754634799611747,4.031831975995437,0.03796990485406007,-2.8016664256407364
0.006800793525181948,-0.013842535352014636,0.006404122282398241,-0.005331910101769058,-0.0736717004037517,4.055901931710093,0.004161079628561892,-2.8138313670786634
0.006797968852787305,-0.0138583643028462,0.006389334116185824,-0.005302535179953685,-0.07874332786933763,4.029130444738612,0.01700590208810671,-2.800643315861121
0.006788737656698446,-0.01383246580708731,0.006387303824450058,-0.005352045976171307,-0.0794464337534126,4.052994974821903,-0.01703370304555937,-2.812684776836002
0.006785832594445222,-0.013848289245833423,0.006372602714295013,-0.005322587896849463,-0.08160137179228584,4.02633645597392,-0.003935031671788144,-2.7994878499861744
0.006776713476601135,-0.013822358432705554,0.006370431413224802,-0.005372118163472747,-0.08447622513388416,4.050029544504134,-0.03813922783903926,-2.811282655550246
0.0067737631450055956,-0.01383810985869699,0.006355908570922217,-0.005342701501840665,-0.08438454959456343,4.02351166072732,-0.024834146757726435,-2.7982448069300663
0.006764721103672905,-0.013812213328629513,0.006353531048345233,-0.005392096111241412,-0.08754834725967785,4.046960070544155,-0.0590598607692522,-2.8095935733121684
0.0067617848082832804,-0.01382786815327641,0.006339267661300402,-0.005362801247047168,-0.08749662249459576,4.0206175090867395,-0.0456672635206013,-2.796922758626838
0.006861544017724471,-0.013892312172387889,0.006487049494862832,-0.005230701799677477,-0.058988179751041724,4.067907839419155,0.10985465792017453,-2.817738450926976
0.006846705671438373,-0.01389818818356682,0.006455484497836701,-0.0052219750233466955,-0.06448520443335472,4.038655804436368,0.1009975496876604,-2.8036429582671683
0.00691070259202147,-0.01393144267732052,0.00655227995247775,-0.005148755584734308,-0.0444841874316824,4.074327438211218,0.19484625640772366,-2.818206195555867
0.0069082843801728175,-0.013947282097141772,0.006536557959392263,-0.005119819002650394,-0.04764098347294288,4.046378073490799,0.20655996826943132,-2.8038411319521876
0.006898366915619616,-0.013921718017639338,0.006536090689503682,-0.005169291354904666,-0.04640377226882767,4.072994254410761,0.17364132259633125,-2.818273472196181
0.006895928963123198,-0.013937550616580694,0.006520501067462342,-0.005140331406904695,-0.05141773743892918,4.0451729930952744,0.18542131676519338,-2.8041147826724795
0.006886061847125404,-0.013911954649541827,0.006519814803099264,-0.0051898040620734906,-0.05018557574405407,4.071428696793057,0.15238150080964147,-2.8182487004935104
0.006883569945275187,-0.013927807008369437,0.006504303254366705,-0.005160752569899595,-0.05495043486441443,4.0437234097221575,0.16427730099208218,-2.8042039539605885
0.0068737875075634836,-0.013902152668993596,0.006503458985005044,-0.005210285168708864,-0.055114895890247595,4.069717672780132,0.13109297457850355,-2.818089306037764
0.006871232116649139,-0.013918004861771449,0.00648804049642334,-0.00518115730235311,-0.058029742989943844,4.04213857894839,0.1431524830980264,-2.8041425252071974
0.0068589451847323015,-0.013908121559584026,0.006471777325297696,-0.00520158202035935,-0.06107921306997852,4.0404717765896345,0.12206039534045321,-2.8039594531775074
0.007056554035353719,-0.014077482181720315,0.006706396238980482,-0.004841227815715123,-0.00711337989207076,4.014814976149285,0.47579003206444254,-2.771766408134237
0.007043741385394074,-0.014068184223875749,0.006691160542932186,-0.004862342004640133,-0.010439528848186011,4.0158204138181235,0.45470129242242424,-2.773940475848615
0.007031051981883762,-0.014058816216066153,0.0066760516850023835,-0.00488343109791937,-0.013753215035194501,4.01682144463964,0.43366579424393875,-2.7760430489397963
0.007018483808848147,-0.014049375721199528,0.006661067807697141,-0.00490450392575583,-0.017032708814483214,4.017824747024636,0.4126775204221484,-2.7780764376572376
0.007006013630183502,-0.014039894561144343,0.00664614147347464,-0.004925514212031434,-0.020226033975616505,4.018750264181431,0.3917453380104163,-2.7799999222224954
0.00699354870489897,-0.014030462706546553,0.006631035586784462,-0.004946329876670111,-0.023311765470060027,4.019329634007794,0.37088148246175234,-2.781680341101849
0.006980962925010034,-0.014021144511470691,0.006615475615660817,-0.004966869191115133,-0.026397134604543907,4.019293469406539,0.35005601134576936,-2.7829869404558525
0.006968248242654826,-0.014011843617178311,0.0065995244050834736,-0.0049873009065338056,-0.02961128858468327,4.018791404267184,0.32917528251738354,-2.7840010976330896
0.00695552641302761,-0.014002408934773891,0.006583516238385691,-0.005007859581911627,-0.032963091220742584,4.0182252226171125,0.3081829070798468,-2.7849272196994996
0.0069428900533072,-0.013992821658694888,0.0065676299051407065,-0.0050285559544783155,-0.03636423040148402,4.017741876931473,0.28712417478912,-2.7858360750638655
0.006930359054969717,-0.013983121670126268,0.006551869030311022,-0.0050493162824105505,-0.039761988307346334,4.0173043541544695,0.2660515488447342,-2.78670545807133
0.006917938627253816,-0.013973326904897033,0.0065362277812835564,-0.0050701104131105216,-0.04313144234427582,4.016893252056414,0.24498609592525403,-2.78752262779776
0.006905619491213149,-0.013963480960876589,0.006520657067102317,-0.005090864570086944,-0.04641833100727819,4.016427290677328,0.22396709607127954,-2.788243883729543
0.0070536918193695375,-0.014094371740347668,0.006687131291751158,-0.00481210043402512,-0.008368095860948256,3.98190893377368,0.4883425976858305,-2.7547286585919815
0.007066876840499058,-0.014103589444818826,0.0067027614963042865,-0.004790975166286289,-0.005107130519978283,3.981038130426111,0.5094652250415814,-2.752508128184289
0.007106494968540429,-0.01413036004368899,0.006749621898365418,-0.004728444553510708,0.0046461950567194925,3.978393092859417,0.5722059483731239,-2.7454886721135137
0.0070935260853695154,-0.014121493000876575,0.006734521042557455,-0.004749211902395637,0.0014591411940116596,3.9797183112176824,0.5515598640894949,-2.7480858110508533
0.0070802207384018725,-0.014112646670066864,0.006718659123110156,-0.00476995916607801,-0.0018173820191917064,3.9803536291744224,0.5306145334186732,-2.750308883902447
0.008144785978910383,-0.014643078820777488,0.00773832291268819,-0.0030919918199379154,0.20671582848475892,3.492651140362559,2.0388375168310744,-2.183634312912473
0.008146977727476757,-0.014658992965183968,0.007715327192589071,-0.0030686544979368034,0.2005397574949754,3.4622478138671293,2.034085586132102,-2.168797904763741
0.008130208448819102,-0.014637227572066366,0.007728581950463679,-0.003116260350992763,0.20620362214455037,3.505903049988984,2.02129690083797,-2.1966289741070413
0.008132374601924579,-0.01465312484704282,0.007705703216845079,-0.0030928754762715536,0.19850994012649356,3.475457935652829,2.016712287928247,-2.1817951920536767
0.008208200772788133,-0.014697938175809713,0.007730718021668837,-0.002948490721546742,0.20651077547206395,3.373307283068327,2.102033777635716,-2.095909389391952
0.008193487884789501,-0.014692439600496737,0.007721190371186885,-0.0029725191364166205,0.20483406524013495,3.386644604124562,2.0851617612429902,-2.109164855928837
0.008178682093605416,-0.014686880705851337,0.0077114720367735526,-0.0029966599267343057,0.20304413049303918,3.399894723323134,2.068071457946882,-2.1223729885931673
0.008163849323825223,-0.01468119403373787,0.007701752099541616,-0.003020921297058616,0.20114289133878946,3.413189428348842,2.0508580020749982,-2.1355762585854716
0.008149105518990058,-0.01467532414572475,0.007692264521050168,-0.0030452439528809144,0.1992412287781038,3.426642374221068,2.033674143127063,-2.1487879717665663
0.008222843173151305,-0.014703453241307543,0.0077399609933427585,-0.002924457058830593,0.20812371093231144,3.3597271948489644,2.1186910454111794,-2.082517481875593
0.008237492882404981,-0.014709014032552975,0.007748968192709357,-0.0029002945722609373,0.20974134501759653,3.345838491231261,2.135215881508571,-2.0689234925191706
0.00825221450965561,-0.014714551342177614,0.00775793021145433,-0.002876012854947621,0.21137933115450805,3.331776145103888,2.1517084085255522,-2.055168780099056
0.00826699376407906,-0.014720048376246233,0.007766855114604309,-0.0028516483465599626,0.2129784166439652,3.3175762982918617,2.1681583733748124,-2.041275973161449
0.008321101100260938,-0.014709702589809144,0.007849368643051522,-0.002798117584428448,0.22817447447534187,3.3239619414873363,2.2425355107612375,-2.01820789331899
0.008306313695911128,-0.014704405031812395,0.007840527615515392,-0.002822795999268602,0.22502587374921754,3.3387541538713648,2.2260404938908946,-2.0327174741141154
0.008309006980204698,-0.014720268205419544,0.007816775562979645,-0.002800323615427793,0.21927776281279474,3.3089617264718645,2.2195626884570143,-2.018206386861617
0.008294164800766219,-0.014714877953037457,0.007807991513042068,-0.002824948418903389,0.2179756295325536,3.3235705457285545,2.2032046903865656,-2.0324486340329906
0.008380414850021051,-0.014730427458694155,0.007883901495537289,-0.002699287275331787,0.23331784487365778,3.2640576270869435,2.3073044388513098,-1.959501954566872
0.008383398233648644,-0.014746197817099278,0.007859988112894524,-0.002677222833661047,0.2269975142737556,3.234650583829436,2.300148544018447,-1.9454700174358657
0.008365562078288624,-0.01472531614604481,0.00787539206371891,-0.0027240147435698865,0.23318642162051303,3.2792441122956304,2.2913130764612446,-1.9742410875717653
0.008368519966579181,-0.014741068313594702,0.007851597017906463,-0.002701898949596923,0.22532180065933752,3.2497677850105116,2.284305459711294,-1.96020790656414
0.008350725434314416,-0.014720158197241128,0.007866804534822825,-0.0027487164167740827,0.23282660140918324,3.2942528884301026,2.2752022137145747,-1.9889081742797101
0.008353655023346382,-0.014735931975247927,0.007843059350899262,-0.002726509800477238,0.22346138791341577,3.264724399948775,2.2683104319112117,-1.9748521193788484
0.00833590506071094,-0.014714953661811803,0.007858130547344152,-0.0027734160847341163,0.23120389086792414,3.3091362828091007,2.258939518533649,-2.003571233068151
0.008338777871797058,-0.014730778117498615,0.00783436532269293,-0.0027510947876933953,0.2217551688567083,3.279547486455088,2.2521562069461747,-1.9894045487526502
0.008323886946603238,-0.01472556906426587,0.007825575091146902,-0.0027756952922569473,0.2204010893611037,3.2942814863182757,2.2358859750989826,-2.0038579140530355
0.008281801009413338,-0.014725577402970475,0.007775586385187792,-0.0028271501792779784,0.21453534687276662,3.303096780476007,2.184499676569844,-2.0271854798575575
0.008401353963897422,-0.014767523584370534,0.00784423321687612,-0.0026303136519787527,0.2268163692758373,3.184303555267125,2.31243558682219,-1.9110740069981909
0.008386346119341343,-0.014762376299003177,0.007836033374675902,-0.0026550963116434225,0.22529046326659666,3.1996814860679152,2.296823728856545,-1.9260180742714466
0.007942430061865232,-0.01455701722069207,0.007594893722913685,-0.003429233054618785,0.1788349560554194,3.6658312288092803,1.7847213341818167,-2.3558126208805854
0.007928123681040957,-0.014550530575541355,0.007584070401823534,-0.0034531041777253035,0.175337069635221,3.6772448872419683,1.7659108948097744,-2.3672343416724395
0.007929559934252378,-0.014566603931911807,0.00756193149252278,-0.0034285246165624062,0.17048754904514404,3.6461542218911025,1.7636278565096954,-2.351440964211116
0.007999857235701383,-0.014582513384860307,0.007637383477072383,-0.0033335313049758348,0.18726740963215063,3.6193518421011297,1.8589469999810637,-2.309197976094628
0.008001526965894784,-0.014598444477994292,0.007615056130822828,-0.0033095166063354746,0.18125216981942524,3.5882802132887766,1.8559640802663069,-2.2935027975049738
0.007985470484765415,-0.014576207035553426,0.007626889337565545,-0.0033574716931658723,0.18696744584069988,3.631193915229748,1.840595991204008,-2.3208825580541745
0.0079871474684912,-0.014592145517778385,0.007604681346257038,-0.003333360771359328,0.17872307421061692,3.6001513555965503,1.8377304974851774,-2.305348779755174
0.007971103608784271,-0.014569855515627573,0.0076163124152780525,-0.0033813961006704182,0.18569510277319198,3.642840226127355,1.8221133849998281,-2.332546796479548
0.007972764704397069,-0.014585848417128384,0.007594132831243743,-0.003357133625365654,0.17620393087843142,3.6118222839781597,1.8193479147823515,-2.3170616899187126
0.007956756752799632,-0.014563458889128958,0.007605645920346647,-0.0034053195388691637,0.18283654139321814,3.6543644278949414,1.8034780783622242,-2.3442127124246825
0.007958360734782446,-0.014579519144369358,0.0075834374458188724,-0.0033808948738671516,0.17400706506734928,3.623344473956869,1.8008326886203114,-2.3286438995676852
0.007943947238862934,-0.014573112159307261,0.007572676839458084,-0.0034046923713684243,0.17218954648333049,3.6347785296602146,1.7822400791992248,-2.340101358606771
0.008044864413734783,-0.014617215855685222,0.0076456141631365436,-0.0032375271493544993,0.18727666081305028,3.551676676736211,1.9100844073854024,-2.257278160074634
0.008057600088913429,-0.014607285815467807,0.007678668367073251,-0.0032372988617707828,0.19470681509877194,3.570031373748149,1.931796627804746,-2.2607619440417426
0.008115649345237109,-0.014631330544227506,0.007718766346041799,-0.003140494201301978,0.20562728145548614,3.518951025532123,2.0036545673899195,-2.2095317462913284
0.008117786605464824,-0.014647251443018816,0.007695935886503365,-0.0031170211992944744,0.19625320155794124,3.4884823845446173,1.9992024461887723,-2.1946782115276737
0.008101108812757923,-0.014625387795527458,0.007708867295607475,-0.0031647149499794323,0.20407999344562713,3.5318364236709727,1.985869624843003,-2.222420859566422
0.008103186805807487,-0.014641366756690451,0.007686002007959477,-0.003141125587569432,0.19408521755120464,3.5013397714659464,1.9815383690275965,-2.2074467385628007
0.008086586996046873,-0.014619399384801344,0.007698881167252096,-0.0031889311605788847,0.2012567673715356,3.5446246725556834,1.967938938992354,-2.235303763834708
0.008088572031233789,-0.014635442660938884,0.007675941449260429,-0.0031652246578217987,0.19219682957693532,3.514064762638411,1.963748995068297,-2.220092511320312
0.00807208403983508,-0.01461336537145513,0.007688812162788383,-0.003213132326525065,0.1977807347900209,3.5573587471469814,1.949899172031371,-2.248113310243315
0.008073964480037691,-0.014629447469304065,0.007665830520081434,-0.0031893340128798645,0.19057833561012802,3.526693392462701,1.9458916161501356,-2.2326097947413532
0.008059391834007336,-0.01462336783742387,0.007655723552336682,-0.0032134428745331655,0.18899872074392565,3.5392370567802725,1.9280050464665706,-2.245001612610597
0.00803187835537253,-0.014627542615594034,0.0076123718077896136,-0.0032375722413304094,0.18386200336347136,3.527920310010845,1.8928821107074916,-2.2493977335993374
0.008017410806840479,-0.01462118748997738,0.007602450866918864,-0.003261599544482375,0.18183971796600065,3.540371838197722,1.8750467707276688,-2.2616058977415445
0.008003039447845743,-0.014614774929439063,0.007592576377469122,-0.0032855346878090945,0.17986412551072825,3.552729507645212,1.8572251741155394,-2.2736842136665456
0.007842720031054358,-0.014510669920930358,0.007517657071382693,-0.0035953979198810686,0.16370081959894422,3.742243233076753,1.6517746049313278,-2.4326037507416585
0.00782967579679209,-0.014519990480050452,0.0074846652291253235,-0.0035938926617123564,0.15432239823623498,3.72138288019972,1.6313592340707246,-2.4271415577560673
0.007856901505356591,-0.01451742502342398,0.007528918513593744,-0.003571755826745232,0.16635931524415193,3.731776618484846,1.671016804529345,-2.421956505286426
0.00784388980954892,-0.014526778317909684,0.007495943158059837,-0.0035703735225754174,0.15660361170423454,3.7110759160639257,1.6504833661058187,-2.4167303323122664
0.007802257766059283,-0.014522870669749577,0.007440278028564681,-0.0036153562052491143,0.14939477393316955,3.705473030811332,1.597357411459395,-2.4272785329881206
0.007816509307851797,-0.014529730006019733,0.007451695453230251,-0.0035919764174872845,0.15175971657346402,3.6954952643381325,1.6164460034457766,-2.417121479570558
0.007913837755386942,-0.014543999019492741,0.007573187982752273,-0.003476906581481335,0.17371378507817162,3.6885367534052853,1.7470894085652249,-2.378421632487826
0.007915225337175747,-0.01456001995670636,0.007551197944405696,-0.0034523348539580033,0.16844457422029255,3.657425631551359,1.744998111208394,-2.362659526421362
0.007899572429957714,-0.014537422618955197,0.007562240745627262,-0.0035006530497253482,0.17302088938955396,3.699624439252124,1.7282263027428553,-2.3894271841733485
0.007900933999393261,-0.01455341530570412,0.0075403838862185555,-0.0034760587822232473,0.16594843347036445,3.6685051711932357,1.7262937699713703,-2.37374563472129
0.007885327849796304,-0.014530801440932151,0.007551215160080528,-0.003524373051584741,0.1716079014393522,3.7104946117998874,1.7092651671525363,-2.4003384587549954
0.007886658838953375,-0.014546811871038054,0.007529423204418039,-0.00349969052102739,0.16336785749605365,3.6793705842817146,1.7074731122656928,-2.3846948808581225
0.00787110415992842,-0.01452413555302291,0.007540106453973262,-0.0035480767866302525,0.16919770952068816,3.7211967926930387,1.6901887507203652,-2.4111891067296014
0.007872387942013418,-0.01454018694209853,0.007518333589327532,-0.0035232700685452517,0.16099167405852974,3.690066880030946,1.6885468076531753,-2.3955084201736656
0.007858128088127143,-0.014533512571717257,0.007507164024857749,-0.003546829177038842,0.15878817777889623,3.7006324067085714,1.6695445455733735,-2.4061863703287343
0.0075774806711875935,-0.014373945598830682,0.007289776473666174,-0.004037476143595759,0.11502044927416998,3.91285132226234,1.2741495790862467,-2.608068202045413
0.007577635829307971,-0.014389953640960976,0.007269567444247179,-0.0040113644106812485,0.10944307420523065,3.881542430739621,1.2763016823433728,-2.5920065616949652
0.007536365807734408,-0.0143509201976938,0.007251399139992496,-0.0041060031782093505,0.10636619043366431,3.93449963470128,1.2127129111629464,-2.631048269476619
0.0075226864674137126,-0.014359169100299574,0.007218602786197503,-0.004102367895991491,0.09843339143945483,3.9102419833781603,1.1949481746896051,-2.6225870928688244
0.007563751639439794,-0.01436631353955115,0.0072770675054633915,-0.004060337640821275,0.11344871566293986,3.920243571306012,1.2537609562260599,-2.6158319444860676
0.0075638746132077874,-0.014382315999883445,0.007256958030750674,-0.004034177118282623,0.10640497176894616,3.8889616628088475,1.25604090980971,-2.5998705033710796
0.007550046640288173,-0.014358638380875009,0.007264272845002602,-0.004083183971300069,0.11027610035371005,3.927439572426847,1.2332713333556125,-2.6235067762193283
0.007550115712571025,-0.014374660888987992,0.007244213961538072,-0.0040569255675958924,0.10355360858627127,3.896172452574548,1.2356985117087576,-2.6075790410708883
0.007536378179541991,-0.014366949478785591,0.007231411886875754,-0.004079654540659275,0.10103764778525538,3.9032593543012557,1.215326447720182,-2.61514867003067
0.007577620131726814,-0.014406321105795948,0.007249265578853304,-0.003985289501014879,0.1091278005145594,3.846537600580978,1.2836639304120379,-2.5724447117376914
0.007591397767848729,-0.01441405563707062,0.007261452864400913,-0.003962329972727192,0.11178276295804827,3.838571793591177,1.303635314970501,-2.564256454730284
0.007605284356817547,-0.014421705183840975,0.00727375478925906,-0.0039393338736167455,0.11451768935824495,3.8305898435244914,1.3236336509589954,-2.555986098749695
0.007619260557258797,-0.014429180275789296,0.0072862556315833145,-0.003916452264893654,0.11723497731890163,3.8227613769896496,1.3436111573875482,-2.5477312213109697
0.0076332326398720445,-0.014436474960517032,0.0072988181434803165,-0.003893764431780834,0.11981500354056028,3.8150435058560705,1.3634656247610717,-2.539490410413418
0.007647112905824875,-0.014443763276710151,0.007311082855282675,-0.00387107053197154,0.1222457958518397,3.8070273092680336,1.3831492214132524,-2.531061039425344
0.00766094219182076,-0.014451204375172144,0.007322905545945585,-0.003848096227211745,0.1246621331766231,3.798406298450974,1.4027489210156945,-2.5222654229783363
0.007674850631348237,-0.014458733323959664,0.007334569303151322,-0.0038248394007061814,0.12719829505185645,3.7893897550552507,1.4223908352444086,-2.513184118266508
0.007688917847966135,-0.0144661999078017,0.007346391912858938,-0.0038014639426346216,0.1298466533377384,3.780332070806228,1.4421263851058985,-2.503989337515406
0.007703131647647282,-0.014473490798536532,0.007358504351546095,-0.0037781477308761005,0.13251910686728327,3.771458535449115,1.4619137664378092,-2.4948085224519
0.007759797638527675,-0.014501633141089485,0.007406372405036552,-0.0036857158046482374,0.14219863431295401,3.735433082547529,1.539825508643647,-2.4574047243663095
0.0077457501658745554,-0.014494592908094383,0.007394840668789382,-0.003708855144620639,0.13991601310590132,3.7448844064613844,1.5206089875857591,-2.4670322772504076
0.0077316292971022944,-0.014487610530008485,0.00738295390782179,-0.0037318889131724964,0.1375801265939889,3.753931330759849,1.5012343012888396,-2.4764146971279586
0.007717405678950159,-0.014480597746899417,0.007370787189235902,-0.0037549703115961376,0.13512005235433888,3.762739151842061,1.4816532495039771,-2.4856506589019536
0.007760516934347243,-0.014518439632396797,0.007384355826820601,-0.003659883397891066,0.1394565517781526,3.700644015027596,1.5426504003990675,-2.4387593123345006
0.007788884063584374,-0.01453315942984854,0.007406128439829477,-0.003612408742133749,0.14400263411353487,3.6797140272676185,1.580676294920398,-2.4182478286644558
0.0077745612584167135,-0.014525926216938885,0.007394945898663095,-0.00363612153383723,0.14169284256725315,3.689986898783214,1.5615514578295393,-2.428468985754289
0.007508888891499155,-0.014367657858194176,0.007186106388672693,-0.004098624836128304,0.09566622968168537,3.8825196950764025,1.1830796669238133,-2.6105201135608236
0.007481491852178217,-0.014368726439064443,0.007140283536527777,-0.004116254404962893,0.08809215623163226,3.8616957581862086,1.1496927376434731,-2.6064460952886033
0.007495084366788766,-0.014376319831105022,0.007153312082379986,-0.004094389598618824,0.09085197463998605,3.855645222130066,1.1695300593072255,-2.5996912483836927
0.007279149755930951,-0.014228402010080828,0.006956824098841419,-0.0044765187446658165,0.046345887164127735,3.97360557096879,0.8328425319176004,-2.712846914025409
0.0072924667920733965,-0.014236971124530678,0.006970842190627338,-0.004454558056231932,0.04940647840689371,3.969506462986509,0.8537228180837698,-2.7079661023949373
0.007345780899359715,-0.01427056588794656,0.007026132988869096,-0.004366849587080761,0.06116981491527306,3.951737695638162,0.9365791137180132,-2.687177468512054
0.007332511086766867,-0.01426218155162194,0.007012630713319333,-0.0043888667460703044,0.05830663183791535,3.9566144755816306,0.9159762894044495,-2.6926790502218183
0.007305827318748396,-0.01424544168334201,0.006984879298088213,-0.004432640705801373,0.05243676242161147,3.965365294189954,0.8745561194153956,-2.7030048703012626
0.007319184940380377,-0.014253831349584722,0.006998839303767104,-0.004410761486580653,0.05540150597157812,3.9611031836693056,0.8953074669030866,-2.6979270064344214
0.007384411520549282,-0.0143129299705176,0.007044566883950907,-0.004272191758876224,0.0678919662314358,3.9005039556849597,1.0060531762287004,-2.6508967954099973
0.007370857623110439,-0.014304434826276663,0.00703136031480803,-0.004294738965985131,0.06503140347035617,3.9062505705292776,0.985471166686292,-2.657077251530367
0.007357571947940304,-0.014295797019590212,0.007018595633933154,-0.0043172692736559585,0.06222935134293168,3.9122316294460187,0.9650734085104923,-2.6632754363461952
0.007344544360480967,-0.014287102556262588,0.007006163597190335,-0.0043396533142627605,0.05947144388018646,3.9182793917394823,0.9448878045898531,-2.6694052190024795
0.0073981596279241715,-0.014321324361401084,0.007058044316443859,-0.004249595401913141,0.07078645159508225,3.894840645069493,1.0267650653511964,-2.6446661698844074
0.00742614807374183,-0.014337806063391113,0.007085664475834505,-0.004204296240326971,0.07664013897748888,3.8836762589630465,1.0684863166228553,-2.632018938198254
0.007412083411077019,-0.014329678553284876,0.007071692290898548,-0.004226855326495196,0.0737014965042155,3.889118528965755,1.0476208979100077,-2.6383099718443215
0.007440143646054269,-0.014345671389759763,0.007099660511671462,-0.00418210909236277,0.07958608032053781,3.878428971368784,1.089101836927023,-2.625797118851787
0.007467761662939058,-0.014361205488399134,0.00712679166175382,-0.004138001250357599,0.08528399214783099,3.8672443906291742,1.1296759618217038,-2.612916722369507
0.007453978996787879,-0.014353482030979818,0.007113296512292948,-0.004160016373832718,0.08243356302258592,3.8728999843351493,1.1094639968386024,-2.6194093418061297
0.007119100394048801,-0.014139611270035471,0.0067635894234778894,-0.004707043004630805,0.007691726887530279,3.97570048544766,0.5928139533648275,-2.7421603013076576
0.007170876951744588,-0.014176652931205048,0.006820243088455872,-0.0046198261278,0.019977276724169112,3.9636156783526943,0.67645911396965,-2.7274044171169156
0.007157671781358502,-0.01416770615622172,0.0068055695564145,-0.0046413465949901025,0.01685593210666289,3.966196029100607,0.6555534267060046,-2.7309780653423776
0.007144579013852934,-0.014158536189706314,0.006791143632972688,-0.004663102260473231,0.013757200438868323,3.9690303335743677,0.6345789775657259,-2.7346162087676618
0.007131708576367482,-0.014149124464062988,0.006777170170588207,-0.004685085647712291,0.010703092468237462,3.9722683185755883,0.6136192571279171,-2.738382723851379
0.00718413284085458,-0.01418544047479614,0.006835000819492557,-0.004598452945166795,0.023099420063721256,3.9611083223787413,0.6972897527852973,-2.7238072481422777
0.007197442189165532,-0.014194111800229255,0.006849809572401976,-0.004577149106626953,0.026219115566933075,3.9585983453956395,0.7180840008242145,-2.720144924228576
0.0072108402632462786,-0.014202661453086915,0.006864737918945597,-0.004555905279073197,0.02934697135404291,3.956132478940699,0.7388769404407065,-2.7164363036247106
0.007224334316149664,-0.014211040105450636,0.00687984885270954,-0.00453479979273222,0.03248859247347786,3.9538106672861844,0.7596436141637222,-2.712734225469448
0.00723787068686895,-0.014219270179639905,0.006895030412132619,-0.00451381713299629,0.03563915163602447,3.951538093052083,0.7803481900127879,-2.7089975233627146
0.007251287519955035,-0.01422763664566394,0.00690971993563497,-0.004492549854843501,0.03873713453088953,3.9486185255577513,0.8010183666255556,-2.7048809127955633
0.007264528334706912,-0.014236335288714963,0.00692361768225145,-0.004470700593699706,0.041736042129228,3.944624237641334,0.8217071341330263,-2.700164959834547
0.010340217880746726,-0.015031130974636764,0.008228910783118002,5.564682378312507E-4,0.25824969262774294,0.7530593070265185,3.3264556789977164,0.4443252040841987
0.01035600124647718,-0.015030342115370653,0.0082265313110223,5.822054550074628E-4,0.25773097273513373,0.731672188233436,3.326575628233044,0.46509591158390523
0.010371977554296929,-0.01502938044022129,0.008224262875317476,6.082797678995652E-4,0.25722978492025245,0.7101014377158678,3.32672143376695,0.4861567181254119
0.010387984633058648,-0.015028172453718383,0.008222287415233164,6.344535148860862E-4,0.2567768927542006,0.6886075526363363,3.327001460026985,0.5073310173188941
0.01043579728269743,-0.015024116494766926,0.008216164749693354,7.126802453181663E-4,0.2554429457181823,0.6244854759444222,3.327279163370878,0.5706751150563435
0.010419902586031511,-0.0150256455565116,0.00821802807347221,6.866335835037062E-4,0.25585094992977764,0.6457261170936479,3.327136872814686,0.549562565186095
0.010403949360988853,-0.015026934095471699,0.00822019859794687,6.60553055570742E-4,0.25632766345216207,0.6671581756187552,3.3271325493837884,0.5284522717607593
0.010460785124789386,-0.015035626132416267,0.008185624488316686,7.490325565164547E-4,0.2516231488383507,0.583362582308007,3.308434202772997,0.5984707204052198
0.01044574618763299,-0.015038134565599959,0.008185562160687316,7.242193417221643E-4,0.2517393969197012,0.6027498595788837,3.3071771842349134,0.5782754411603225
0.010470707700103107,-0.01504728502905025,0.008159631494957261,7.609730030496559E-4,0.24839227614024434,0.563531730577132,3.2914912246809216,0.6065273296433086
0.010484415710415355,-0.015048820878292075,0.008152037320393523,7.821658397830622E-4,0.24732753186987758,0.5439667887522224,3.28733370193924,0.6232711722573222
0.010501112240832009,-0.01504989605477193,0.00814416942728817,8.081714200460364E-4,0.24623131357316533,0.520602236794594,3.283134176704847,0.6438988125833768
0.010102968013438464,-0.015042639840879944,0.008243702387455575,1.6834632338862492E-4,0.2639069625984923,1.0703911777315367,3.3021357898540002,0.13150024200057506
0.010134547817280638,-0.01504156384349461,0.008243174843070937,2.2000632188152045E-4,0.2632805208925301,1.0284039780279064,3.3072381283264467,0.1730045597803311
0.010118793021253656,-0.015042235594663222,0.00824325924791723,1.9422215199268403E-4,0.2635561697037127,1.049268560439742,3.3046076510607993,0.15227170480518615
0.010245083635103422,-0.015037411740277078,0.008236419505413964,4.0073555264357174E-4,0.2605830912558918,0.8802531867065756,3.3196257291954114,0.31848289387738055
0.010142637395999419,-0.015056077538189112,0.008213524457780652,2.3174079071221955E-4,0.2595226901979395,1.005840596167783,3.288757952911387,0.18132030164120413
0.010158090911872171,-0.015056086776523881,0.008211863959945944,2.567921237109464E-4,0.2590578867643603,0.9849581515507025,3.2901528919406537,0.2013871992747124
0.010237428889543041,-0.01505296515560158,0.008206926956717124,3.856518597378231E-4,0.2571586866794375,0.8795493896037011,3.298667458869801,0.30498030290608297
0.010221824691727471,-0.015052566001826055,0.008210257871972547,3.604828239106566E-4,0.2577851831687295,0.901095267994955,3.2987149304707866,0.2848269450772756
0.01017412820974335,-0.015055819306982044,0.008210510151964225,2.828071929525955E-4,0.2586139775316934,0.963469437225414,3.2917787046056097,0.22225173728518985
0.010190526198578931,-0.015054870629772482,0.00821027322327305,3.0948486854774816E-4,0.2583042717548735,0.9419650398711993,3.2941324089476907,0.24370997770600009
0.010206414221084138,-0.015053248578725911,0.008211248830573253,3.354376206084826E-4,0.2581742209346189,0.9215847097259257,3.2971503328016536,0.26466327185481214
0.01026111019256007,-0.01503670424785422,0.00823491901784873,4.2691953934355067E-4,0.26013280918948345,0.8586909314878554,3.32078466613434,0.3395869136463641
0.010277178383434227,-0.015035629997942687,0.008233952183630744,4.5323254238748E-4,0.2597649004826823,0.8372834913068045,3.3222432152025614,0.3608436306582829
0.010324616571404094,-0.015032124234453556,0.008230665092283656,5.309594672577018E-4,0.25868849786894316,0.7740406879915956,3.325860167424929,0.423707584857969
0.010308963320978633,-0.015033348096326971,0.008231798024389947,5.053019427728009E-4,0.2590331344237808,0.7949053417895314,3.3247670352483234,0.4029468580427067
0.010293136044329037,-0.015034484785827876,0.00823296165869057,4.793764171881489E-4,0.25941542474408363,0.8160292712083672,3.323606198321746,0.38198140040628464
0.010023600333675877,-0.015043209271707977,0.008246107352739963,3.8609741695890634E-5,0.2657212545002398,1.1767619934377025,3.2888113801574796,0.027662518232336734
0.010007817536621928,-0.015042745982913046,0.00824719614551752,1.2807156651406488E-5,0.2661790294637602,1.1982701112545835,3.2863543424654797,0.007091528918252711
0.009928676911011491,-0.015042186147350008,0.00824641723334668,-1.1662397543974407E-4,0.2676066715860081,1.3037096181880317,3.2688276985952,-0.09603876969699766
0.009944580525571234,-0.015042364620867324,0.008246805522023006,-9.061563908574179E-5,0.2673436333638213,1.2825835480096226,3.2726445863364177,-0.07535122828852564
0.009992128460345117,-0.01504243529130908,0.008247801418861089,-1.2853062062539768E-5,0.2665595037959135,1.2194751338868064,3.2835235746207627,-0.013370020694239383
0.00997639336250114,-0.015042455055024924,0.008247567119141758,-3.858988142245695E-5,0.2668095345948487,1.2403842255272048,3.2800557534004073,-0.03390230308373592
0.009960529966620123,-0.0150424679092041,0.008247162835412646,-6.453269591796393E-5,0.2670743520626923,1.261403743878086,3.276379889805913,-0.0545818508056623
0.010039541224866133,-0.015043583326687386,0.008245013152912699,6.465977110851803E-5,0.2652757676317555,1.1550784124467004,3.291224467487897,0.048448624241410825
0.010087259938618837,-0.015042969273921137,0.008244106825452664,1.426657164246497E-4,0.2642559302056097,1.0913682752871514,3.2995891778327926,0.1108993596700731
0.010071516044888493,-0.015043396065698598,0.008244140239335097,1.1691931967735494E-4,0.26454124374826615,1.1122534687159964,3.296720535414981,0.09025460300069071
0.010055568039090431,-0.01504371950558662,0.00824420841404006,9.084667226163928E-5,0.2648545100928699,1.1334422517472051,3.2937705229512093,0.06937224197542141
0.009786360557754033,-0.015038431933009794,0.008239115173085646,-3.4932616387178247E-4,0.2695200971293597,1.4919157916557404,3.2289327140737396,-0.28019891427001925
0.009833801408535132,-0.015039765355511723,0.008243012902973544,-2.7180678890381844E-4,0.26906750349114095,1.4297246688333127,3.243829136721407,-0.21903401217228383
0.009818013113153385,-0.015039520560533889,0.008241499250903018,-2.975887859869729E-4,0.2691781245572509,1.4502932596860882,3.2388019596281894,-0.23941174389235573
0.009802168972647645,-0.015039219088964622,0.008239909962464072,-3.2345640462142183E-4,0.269291213531861,1.4709075005712844,3.233644525798884,-0.2598254697296361
0.009849624343533637,-0.015040513051125026,0.008243344607826638,-2.4590101752526935E-4,0.26879242133382814,1.4085230483685527,3.248027331271406,-0.19856512769720605
0.009841310528009722,-0.015054496591886594,0.008214514754042737,-2.57850765403924E-4,0.26524991759387945,1.4048576341189325,3.2273824504408246,-0.20847124740356524
0.009897244975939074,-0.015041508841703877,0.008245761430894267,-1.6803921486778972E-4,0.2681426822364415,1.345596624344075,3.261138445228896,-0.13687126034365316
0.009881484486906296,-0.015041539649911414,0.008244422709533182,-1.937834694039788E-4,0.26826886684992485,1.3661359690872494,3.2565181917396804,-0.15731277160338245
0.0098655519189814,-0.015041333767740228,0.008243360339809437,-2.1981803425645993E-4,0.26845326682840526,1.3870553302226971,3.2519698086624262,-0.17794519726174537
0.009904907943167254,-0.015056000146967764,0.008217401151041625,-1.5450537798387758E-4,0.26438619955664616,1.3213479373058339,3.2445000913851243,-0.12673351009718015
0.009920370082625835,-0.015056896405577863,0.008216607873568716,-1.29339645846186E-4,0.2639787442773858,1.3003809517432103,3.2475213058081915,-0.10680976807306868
0.009722657485665616,-0.015035438759665974,0.008233718847413555,-4.534656170800026E-4,0.27010493034647415,1.5756206428391806,3.20780242897705,-0.36198279151997365
0.009738712044645378,-0.015036679154479057,0.008234385988635842,-4.2714481651677684E-4,0.2698459145395012,1.5541104812956983,3.2127961341365148,-0.3413691740735875
0.009770696271568876,-0.015037801054861808,0.008237851847726012,-3.7492985356432683E-4,0.26967030671818,1.5125066077549685,3.2238835425529717,-0.3003522570723533
0.009754844685250801,-0.015037412690289407,0.008235892228515158,-4.0078575706232344E-4,0.26970825205352994,1.5329866740469456,3.218268895222792,-0.3206840307720827
0.009778075792948456,-0.015052825266781365,0.008209118431101023,-3.60496355217147E-4,0.265790588929626,1.4869352979698147,3.2075919063536316,-0.28932519717537714
0.009464064979691279,-0.01499951795032041,0.008228705012687932,-8.820844113863203E-4,0.27524640206857387,1.9310243536346243,3.119447524358525,-0.6934228987825523
0.009448417684005924,-0.014997842443253319,0.008225830493922113,-9.078264637884446E-4,0.2752466695799596,1.9512401206383052,3.1118217274153754,-0.7130956277945396
0.009432724279531254,-0.014996184633738302,0.008222721973968854,-9.336134979343391E-4,0.27511913320586223,1.971372276728981,3.103965801390292,-0.7327522891805797
0.009417017999667201,-0.014994373720204438,0.008219729085292808,-9.594610271283769E-4,0.2749455193231109,1.9916227217154272,3.0960952210116197,-0.752425180231662
0.009485960129731292,-0.015016960384927667,0.008202526193633241,-8.403934900819871E-4,0.2706197717137102,1.8832419158769322,3.1116997190607383,-0.6617715749867878
0.009470349976708045,-0.015014894946046976,0.008200713909112612,-8.660806541132732E-4,0.27068004116592137,1.903884731393276,3.1049020520840114,-0.6814221686214169
0.009580487078660008,-0.015025882174480818,0.008216801876511857,-6.85822282653212E-4,0.270709297586706,1.7609243169285078,3.1532367879111187,-0.5428527730112159
0.009564871253728324,-0.015024094819801334,0.008215515712856883,-7.114940922136355E-4,0.27085473555641254,1.7817513032176377,3.1472224753081135,-0.5626845241362078
0.009501766008431894,-0.015018905517499017,0.0082044688933936,-8.14429469109979E-4,0.27056583895372516,1.862445460293802,3.118564860293313,-0.6418793559810666
0.009549341463665057,-0.015022604921380243,0.008213489273733734,-7.369254920781107E-4,0.2708854015645921,1.802027889120253,3.1407013463645668,-0.582305443237595
0.009533653800083463,-0.015021622145684263,0.008210226879922565,-7.6242627228578E-4,0.27072066428130775,1.8217545746367343,3.133297436771914,-0.6019427072388988
0.009517732003840824,-0.015020531753307179,0.008206917152499852,-7.883107371901582E-4,0.2705768095667052,1.8417838983022043,3.1257139222711605,-0.6218379902403414
0.0095963318748034,-0.015027544072210077,0.008218227011985222,-6.598152196096305E-4,0.2705677497406707,1.7399022990486073,3.1593306192831005,-0.5227343149551302
0.009691126221184107,-0.015033212804393755,0.008231447020538683,-5.051059522910652E-4,0.27044705857555856,1.6174268660209614,3.19715115320129,-0.40237101136610404
0.009675383859078058,-0.01503226504516172,0.008229716067007925,-5.308394466672961E-4,0.2705347997849403,1.637992453785661,3.1913466751266166,-0.42246099000616283
0.009659715935849548,-0.015031125642116233,0.008228205400410213,-5.56486761444316E-4,0.2706601529586475,1.6586068455935405,3.1856274006334826,-0.442453225364323
0.009644115233977965,-0.015030139947975847,0.00822622794447214,-5.819752572744042E-4,0.27070986093454424,1.6788818384252029,3.179558930455258,-0.4623032748210401
0.00961236307507006,-0.015028828587692713,0.008220273041131371,-6.336077397604687E-4,0.2705092081698126,1.7190323976100241,3.165790987523302,-0.5024275430434804
0.009628363118731463,-0.015029557683701107,0.00822322922476461,-6.075849961996445E-4,0.2705940045912468,1.6987707391711186,3.1727346699608474,-0.4822232069478691
0.009713500942887702,-0.015049416231884728,0.008204024889534969,-4.654282417322771E-4,0.2663801620930433,1.571304503323173,3.1864619794979387,-0.3715344095934246
0.009697963349532228,-0.01504818954814213,0.008203159876649822,-4.907398479178092E-4,0.26657195326471145,1.5918863317486291,3.18141910369874,-0.39131013689918764
0.00932299837214747,-0.014982257452660548,0.008200529317733886,-0.0011142964953673054,0.27402554704576415,2.112420910426175,3.0465455486399087,-0.8695150233381185
0.00933864000750648,-0.01498439691922885,0.008203932735997324,-0.0010885355373014564,0.27417005473215084,2.092419143739374,3.055108982942288,-0.8501329173373432
0.009401352154869466,-0.014992448548841455,0.008216797929382869,-9.852715760608258E-4,0.27481921867131764,2.0118852358859614,3.0881937790352594,-0.7720430880324233
0.009385702357170378,-0.01499052381601959,0.008213692480408695,-0.0010110363663514994,0.27470213780207864,2.0320241567707273,3.0801165489145457,-0.7915848147160979
0.009354315671893276,-0.01498651360489762,0.00820721569015044,-0.0010627093493610752,0.2743502930812362,2.0723022483308817,3.063536999147526,-0.8306585859565668
0.009370018681091984,-0.014988562555299963,0.008210463055698515,-0.0010368490878327682,0.2745430854915542,2.0521449091945017,3.071875192767482,-0.8111222029159432
0.009407501551794989,-0.015007994336148524,0.008188813757396286,-9.687802902588843E-4,0.27021985251259834,1.9841433255436185,3.0739983953678442,-0.7595993908917205
0.015708448405195606,-0.009846341465392167,-1.846373351233605E-4,0.0070476431593649354,0.19321682100833099,0.1472267269690511,-2.562846351501437,0.57314036186527
0.015709993290842234,-0.009916276337876269,-9.86406806333111E-5,0.007050046657949551,0.19360093708468484,0.08279119084480359,-2.5562831679984677,0.6376033284111825
0.015687804130961096,-0.009989263812587754,-9.372215117144114E-6,0.007088180556104111,0.19713408590168255,0.015683704301216687,-2.568573739352788,0.7164640544808751
0.015654870440819795,-0.010048474656877696,6.44929620410023E-5,0.007141612058343694,0.20180629852444848,-0.04039772607452614,-2.5907597691444755,0.7899886084920889
0.015665115520526317,-0.010122670037920703,1.5714379225374256E-4,0.0071222757200988945,0.2010043770134757,-0.1094672622543915,-2.5681429490849914,0.8528846606783836
0.015704878558112,-0.010200402680486805,2.504677193522629E-4,0.007052509869391416,0.19690343191253892,-0.17795738985297282,-2.516352735586579,0.8998369055083973
0.015638725541918468,-0.010393759616713799,4.991945336174762E-4,0.007130800489690505,0.20606516596893232,-0.36207394336280857,-2.5211233668098103,1.113778636479589
0.015689521627176514,-0.010324349946860963,4.0442972969037533E-4,0.007061471097891347,0.19928581793192246,-0.29121308573131216,-2.4981597152813,1.0182203391345608
0.015721107374768263,-0.010263286668821618,3.2544494224799364E-4,0.007019757018314773,0.19494102476528957,-0.23234671709934815,-2.4872766937089357,0.9446873561624782
0.01561587258281669,-0.010563695030062171,7.15540075081146E-4,0.0071264328849980066,0.2093446182969336,-0.5191041479697432,-2.478382280577051,1.2760059081431956
0.01563268947236487,-0.010483900060170304,6.124686530948412E-4,0.007120620694095573,0.2067865035528422,-0.44461173766428447,-2.4948654958215113,1.195908793955555
0.015699664570114534,-0.010450240333795402,5.557965695328417E-4,0.007021625148437441,0.1989238037386945,-0.40005677327981076,-2.4506221218291473,1.1179683393751494
0.015684804809215618,-0.01061093998951319,7.525813790901662E-4,0.007003305446250431,0.200534937406386,-0.5417987635491488,-2.4031315327495166,1.2599599553787866
0.015747550503548764,-0.0097818370733599,-2.5898857615432974E-4,0.006978783328113713,0.18890773858986773,0.20331822977243166,-2.529408683353013,0.49635767686674903
0.01578074431706311,-0.00969144677037,-3.617615819784137E-4,0.006914089702409239,0.1836184821038185,0.28035499876647024,-2.499210802322794,0.40117786108412373
0.0159531151698239,-0.009110000477377271,-9.546184039475007E-4,0.006492850015157315,0.16328008268757585,0.7142396391979159,-2.2696077933508345,-0.13215524199804848
0.01594484953082486,-0.009242233602004013,-8.209782117014169E-4,0.006553377090213947,0.164476617184917,0.6176295212848452,-2.306141072291647,-0.02541580320276481
0.015911129099245712,-0.00934231463453169,-7.256336805433032E-4,0.006634715013253032,0.1684649287461664,0.547966951679573,-2.3524517665633176,0.06245536413748286
0.015889205631918424,-0.00963670640653866,-4.0642622345383355E-4,0.0067388511827895375,0.17179683792020856,0.3118299328147273,-2.402282650309654,0.3177662900249914
0.015932914121433876,-0.009441766065949856,-6.118261641790934E-4,0.006631137178047905,0.16605967313665806,0.46328820379516783,-2.3489110577493117,0.14199710986427747
0.015947547440712445,-0.009539320212309493,-5.02481407598011E-4,0.006632957986074021,0.16616962625919424,0.3820525287752606,-2.3471913226584338,0.22053639271006137
0.02269541015644371,0.009061696681191209,-3.502895058478036E-5,-0.0013137284159435944,-0.03109246051076872,0.05466894405913893,0.52373945624229,-0.024254143134287334
0.021950183546412573,0.008477184265786756,-1.1002073445235017E-4,-0.0016766303888147156,-0.04392937854684124,0.13002919997814846,0.5449703687807621,-0.09528426496822516
0.017001727685475507,0.003991226874874391,-0.0023674556235019355,-0.0023347401575443756,0.07929865223265879,1.1818776438954293,0.32757581144351094,-1.03604119511637
0.02180526137466538,0.00772597955902084,-1.8328407661830098E-4,-0.0016794781076840105,-0.06955407515141568,0.20510003169976815,0.525877858515322,-0.1712302890443808
0.02114946547496109,0.007428242594305446,-2.9996979457901513E-4,-0.001964965425132977,-0.059072157832336276,0.28545007549669776,0.5520754336071022,-0.24399022567895748
0.020388084493497407,0.007212754680677736,-4.676011368632285E-4,-0.0023070424110900006,-0.03977306968569355,0.38338375565564936,0.6004456311587102,-0.32961118595459166
0.01947657526584383,0.006345363148908904,-8.474792761084231E-4,-0.002525304229092565,-0.022025922544335552,0.5997594900118371,0.5985519494356675,-0.5260022333665334
0.020242291735719176,0.006536121465033345,-5.954800455360906E-4,-0.0022183853680314267,-0.05016670936278098,0.47137247658063824,0.5549596710988826,-0.4159674789814485
0.01871400118684642,0.0053841034043654494,-0.0012889731603290021,-0.0024977772833282915,5.020222028288934E-4,0.8128039822752039,0.5243335324041407,-0.7184470403138984
0.019358374555806673,0.005633095134148079,-9.943934857814115E-4,-0.0023295786366800118,-0.027869681785993517,0.6804660164822695,0.5200125240969906,-0.605385241420935
0.017581980785565755,0.0042014449255383364,-0.0020039671908927102,-0.0023006554171087017,0.04841380069408798,1.0689188146660762,0.3728423334187483,-0.9430338861371078
0.018138085666517045,0.004474583792104911,-0.0016766055959191578,-0.002276391880002633,0.02043419954093556,0.9576975294733657,0.41158090759788024,-0.8500120463287685
0.018609119085094085,0.004794780795159057,-0.0014118588348268298,-0.0022722907090583014,-0.0015081207486594573,0.8597528213724731,0.4460733429744489,-0.7656659138952752
0.015407638364742073,0.0018140382354022416,-0.003420177151274816,-0.0011278547504598839,0.123089974779677,1.2387687778066887,0.009934804245254917,-1.0892725881449141
0.015330121988232052,0.0011100090026263964,-0.003446796426563682,-6.823122976114034E-4,0.11513248453851961,1.1946635344358298,-0.004629713328187132,-1.0545367654822757
0.016791241834511344,0.0033833168462340073,-0.0025319676547517866,-0.0020003714736163067,0.0828702029431271,1.1906707985033738,0.23501579639678408,-1.047657174797816
0.015930405395452436,0.0021499822445928854,-0.003091759843833169,-0.001320496784278702,0.10568154022074729,1.2231573207841822,0.06584610793687173,-1.0777468030415347
0.016287051117089585,0.0025540470161776224,-0.002866837771694123,-0.0015482642181284527,0.09640620427190881,1.2128134092073677,0.11897583108405174,-1.0685800236254848
0.016790376699425024,0.0026704475800592973,-0.002551837381901833,-0.001559545402768683,0.0716731359805841,1.1518508019411968,0.15936306376784778,-1.0201983108058916
0.014794548711733524,-3.0210769407799844E-4,-0.003759868874816677,1.8381203138981313E-4,0.12426271179823832,1.1707720049302381,0.010224685352958519,-1.0357760587142548
0.014973499941879902,-8.522829522669477E-4,-0.003661466129693,5.226314305752161E-4,0.12257325918087825,1.18953216852563,0.020150760447757005,-1.050937363677716
0.015218446706350832,2.986989344060091E-4,-0.0035007229322783395,-1.8240543411514922E-4,0.11110578049949996,1.1696080054273512,-0.0035249237261044185,-1.0358568791529452
0.015179176673998283,-0.0020651021409291022,-0.003580873153524189,0.0012973359177487593,0.13691456534156662,1.2769278723381474,0.005112709070968933,-1.118849942763184
0.015105917764792436,-0.0014171577745172627,-0.003598369255503576,8.773290483358426E-4,0.12649240251707192,1.2211298585529233,0.01808236742151664,-1.0755441297663777
0.015233857711189536,-0.003082772533936425,-0.0035966069327738608,0.0020019949852200535,0.1625614971745509,1.4054942079752946,-0.050779719790149454,-1.2164234778733245
0.015573670432274757,-0.0033819317753555136,-0.0033595555523535025,0.002190778919357235,0.1529475492403691,1.4008012039389695,-0.1256428397449144,-1.2117165732325
0.015552926887472906,-0.002578141616172668,-0.003351383544700118,0.0016274378547899999,0.1325144771500464,1.3021233014818687,-0.05618226269297671,-1.1382926757015344
0.015661012493531835,-0.003733906471198357,-0.003299954402514843,0.0024390175449700642,0.15707623723190092,1.4361446386750127,-0.18172443163830773,-1.2368472962554742
0.015411565480019635,-0.00558430071151028,-0.0034259776275999787,0.004058519786123664,0.2222645044176947,1.850003110248446,-0.601696608377403,-1.5022377024058569
0.015522243195969239,-0.005835181270375319,-0.0032827415982612127,0.0042484675059576305,0.2159088935595709,1.8379884526168269,-0.7158815561122744,-1.480977380030404
0.015709874003855026,-0.005996234254773733,-0.0030756840586629096,0.0043057355050594714,0.19682009925812907,1.7602262283552312,-0.7934365935180098,-1.414999617525986
0.015821729979220114,-0.004557841562864419,-0.003158595305667941,0.0030397711115613493,0.16660562824109262,1.5179056247138967,-0.34640433900713136,-1.2892008097859433
0.015758101030856515,-0.004152167184432848,-0.003223056392394536,0.0027385987066647828,0.16180246263819056,1.4756735998407218,-0.2591500628317957,-1.2627882058141233
0.01567355710923664,-0.005307619862902114,-0.0032209503311300147,0.0037066796685023087,0.19347486872596611,1.682968816212208,-0.5295788822680844,-1.393150121201977
0.015868283156078168,-0.004957479979191138,-0.003093071344126455,0.003345996222888216,0.1709498110658981,1.5595531049611464,-0.44701555876840804,-1.3120301986673255
0.016093520514549344,-0.006915111334681139,-0.0024462964477178512,0.004861018205320003,0.16202418421833162,1.5518471508782117,-1.1957682405457772,-1.189979466830619
0.016023974793310043,-0.006691025281223637,-0.0025931012888514393,0.004725839161694241,0.16927507945657674,1.608887840084577,-1.0983993079553445,-1.253143961321021
0.01594114380921557,-0.006455628191513277,-0.0027452254778852687,0.00458044190758726,0.17729042319890578,1.6605098848955413,-0.9957909515677658,-1.3105304653593748
0.01583030091722688,-0.006222042709791993,-0.0029116187763055805,0.004442920028932315,0.1872264105413426,1.7144795866713103,-0.8938077824192483,-1.3671705721954037
0.015915918967705597,-0.007528110129906599,-0.002282502974167954,0.005518439861450865,0.17237057268463155,1.553938002095322,-1.5679663241093562,-1.09333010473627
0.01592022377516589,-0.007724875590725652,-0.002155609735530616,0.005672953272540572,0.1702782221568049,1.4938667943513106,-1.677440507802583,-1.0140655885653216
0.01589540191065151,-0.007912469641249382,-0.002046286044675383,0.005845895423794792,0.1706440213950254,1.441281252102517,-1.7938124193966212,-0.936031887922726
0.016007514353703393,-0.008041804434933667,-0.001869293861690976,0.0058173134938459175,0.1599523229326456,1.3205483446153443,-1.8055997584487309,-0.8364186368926415
0.016032439834343375,-0.00817982929494744,-0.0017484644258451583,0.005883912307225192,0.1581628638979344,1.2451175324742467,-1.8602677457591719,-0.7567979950423717
0.016047912728449115,-0.0083438356451316,-0.0016091926768530336,0.005971820446047962,0.15554173736747848,1.156314649324177,-1.9273107118273405,-0.6600465839703499
0.016048090784246564,-0.008502838900538974,-0.0014772676718518374,0.006067478053029026,0.15512068107728502,1.0705618679136428,-1.9954015232824445,-0.5623397499103068
0.016045434477857997,-0.008657994519476044,-0.0013438229672483272,0.006157364755945434,0.15500377143324487,0.9819719574532987,-2.058686438846122,-0.4616444941559798
0.016010237645209913,-0.008775757072887799,-0.001255034110286499,0.006264188592985313,0.15778855532017355,0.923312641212277,-2.125360575527243,-0.3832011250423175
0.016045080328978542,-0.00889615815332024,-0.001125338656926994,0.006276168143671834,0.15458689822179514,0.8299966063494048,-2.140179078941991,-0.2947202607100745
0.016067884298446695,-0.009050793747176286,-9.680256604971312E-4,0.006311591802908775,0.1535898561337664,0.7168257952413729,-2.1676371955357485,-0.18114497253181203
0.016164416165271735,-0.007106827761061185,-0.0023049495081220233,0.004958791119589503,0.15591643036394662,1.4879779132904334,-1.2744065844166088,-1.1238897100342942
0.01609641128760238,-0.0073409337721899535,-0.0022427085646364677,0.005200618702177465,0.15895065508149384,1.4853304657779576,-1.4079979667589861,-1.0873379627613522
0.023881556161706643,0.008327229419293926,-1.6706825906452673E-5,-6.506946162717258E-4,-0.09496704488186031,0.05361123970276915,0.5039772060793671,-0.025291580328131332
0.024999999999999998,0.007606340525559075,0,0,-0.18401331129524587,0.001469887870771591,0.5336638202177831,0.030155954789335943
0.015062486151244057,-0.011991631891982664,0.0027416415581239546,0.006976645892471776,0.2516383171316651,-1.8238579539313562,-1.7535690873097938,2.718357719249323
0.015096443280948012,-0.011954635585709295,0.0026702025208785343,0.006970588075404781,0.24819517381722292,-1.7820981562488516,-1.781081786377134,2.6640071512430357
0.015101045009553593,-0.011905741606848208,0.0026179326436201237,0.007015377516800553,0.25101932996458437,-1.7579637383185964,-1.8266723848599826,2.6478297872444494
0.01510234787138695,-0.011849431463859448,0.0025603862133019902,0.007071411420345955,0.25416005033145295,-1.731525759968281,-1.8801255106606092,2.6328266364100554
0.01523741682130157,-0.011650919168459603,0.0022251455314333253,0.00706902736267797,0.24329314937959753,-1.5284934246447017,-2.0117378832662385,2.3852347744276603
0.015137197840464495,-0.011766471234951828,0.002440395960936084,0.00710496698313363,0.2534575419463286,-1.664066407902579,-1.9469043031735065,2.560764171220065
0.015172154630702941,-0.011723320205984687,0.0023616396625917046,0.0070964585225538074,0.2500029643313741,-1.615232646436047,-1.9737543720362933,2.498601341123409
0.015217642904472268,-0.011697442147955628,0.0022921586537166115,0.007055439656786934,0.24402738668546192,-1.5681971579153102,-1.978933586144851,2.428464418915666
0.015150465841777816,-0.011822004979189121,0.0024844055317063403,0.00703181803864239,0.24808927402694872,-1.6813406106453421,-1.8904294698441573,2.558238867589235
0.015629694780272346,-0.010806919007787586,0.0010049665987999985,0.00702031012189456,0.20679642700611622,-0.7202477546526524,-2.3580277933725946,1.4556461115499635
0.01566735098260901,-0.010749650808953912,9.22900275653499E-4,0.006984023041389298,0.20242441296342695,-0.6610535823508016,-2.356787854143733,1.3806321900235081
0.01568990446515237,-0.010679790131709234,8.32796563806441E-4,0.00697358533998971,0.1990084129634746,-0.5974197108421699,-2.370462669418311,1.3094616143906066
0.015505346806195131,-0.011094324438125757,0.0014036220770317787,0.00707347849456153,0.22001009693648413,-0.9975764505251666,-2.2843152053354383,1.775569891025515
0.015488674477993175,-0.01114946950615451,0.001477396358781913,0.007067004672958578,0.22170891531540798,-1.0467867229773429,-2.25978171873049,1.828234732042762
0.015550465097753846,-0.011056068041790249,0.0013342255903935135,0.0070253775913397135,0.21483111274936836,-0.9473242827121743,-2.2777402622709104,1.704677112080326
0.015597136426209413,-0.011000963949206237,0.0012464395871732894,0.006982673692441603,0.20902225240791436,-0.8851421793563361,-2.2781222280506337,1.6227114582572557
0.015641054895393056,-0.010934341499711283,0.0011488167687187612,0.006947764536932813,0.20375241630628763,-0.816183181701879,-2.2842189287720913,1.536622188348207
0.015658555683906335,-0.010867394796207996,0.0010637754860012773,0.006950736554279554,0.20273302173400243,-0.7577573754107046,-2.306560702367804,1.4740864210279552
0.015263833864215303,-0.011588164333933119,0.002134750370665459,0.007085495169302921,0.2417998113604436,-1.4741004808958404,-2.0539980135077247,2.3258076486830377
0.015305158682970547,-0.011545800217367064,0.002054061249144704,0.007060700256531082,0.23699723453224458,-1.4213306936582273,-2.0700455870180448,2.255389623575519
0.015316081751755712,-0.011491035640779527,0.0019852290792649278,0.007089042458406234,0.23763198992956291,-1.3805504888508604,-2.1093874474902443,2.2166638778768135
0.015348315822154452,-0.01143694132418528,0.0019000452892249454,0.007083446008742872,0.2343265851253392,-1.3256726991595842,-2.135706006989892,2.1509658690614653
0.015373950126223673,-0.011377807443707809,0.00181466975306252,0.007089364552767807,0.23220642134093458,-1.2710776073877383,-2.167355186499954,2.0898009771758725
0.015391635943689112,-0.01132211610945226,0.0017388335483466528,0.007102649787076141,0.2316438021469603,-1.222789737808836,-2.199079994212576,2.0387782699693604
0.01543760204275352,-0.011288753476757002,0.0016692983354338314,0.007056165134694376,0.22582742700455563,-1.1733344752725985,-2.1964140180155654,1.9675120318921184
0.015489519054122785,-0.01123325338272725,0.0015726707223856218,0.007014253216221256,0.21967723397216293,-1.106406501544282,-2.203585370656398,1.8783736478132271
0.014746635518141364,-0.012460562484748902,0.0035228029307645277,0.006799784485518373,0.2623576243257073,-2.2094877552615855,-1.2903161894239774,3.1756721596151354
0.01477922487202448,-0.012429692018389967,0.003456616903663601,0.006803626768706724,0.26039122409633814,-2.1774231236911645,-1.3264642514082363,3.1323678755574265
0.01481180567980131,-0.012384838958301865,0.0033799692468261706,0.006824426685117618,0.25952626625881514,-2.1429231161578177,-1.3758917166483935,3.090839111062507
0.014846153885541056,-0.012348282982313025,0.003307423952877857,0.006830793970534835,0.2575357369474523,-2.1070619124775565,-1.4153174969437232,3.043897019061854
0.014871906160604773,-0.012303956917149174,0.0032395431354384366,0.00685574293962018,0.25727697145202505,-2.0765215341780756,-1.4612983485051152,3.009846988723683
0.014915411333852205,-0.01227405672826261,0.0031614731086605286,0.006839872846712654,0.2530063357133505,-2.0330421202262214,-1.491093872926944,2.9475737901789962
0.014960768352257021,-0.012241610144429501,0.0030800719276103503,0.006823511570015832,0.24895225918485792,-1.986974906518432,-1.5213886082901473,2.8820866603689197
0.014992381376799535,-0.012189374197725018,0.0029988300990609206,0.0068457076207740575,0.2479575586696883,-1.9469462579559649,-1.5706085866890944,2.8362179931123337
0.015017664148049642,-0.012136843628800334,0.0029241773817134773,0.006874205412441234,0.24805679505090425,-1.9109017040897935,-1.6192240711881196,2.7979029502025807
0.01507471917751109,-0.01213101174691339,0.002855126058779273,0.00680855551891365,0.24028953464584082,-1.8626414112203904,-1.6170220516187184,2.717391934212792
0.015081519607236743,-0.012045814068023323,0.0027715483710847263,0.006893008129448322,0.24470792355093543,-1.8287053155891881,-1.697182203399301,2.6989487425899923
0.015092377040411775,-0.012089998973080935,0.0027996573675741565,0.006831095542874507,0.2402850744147082,-1.8353316070952033,-1.653095647922298,2.6892200350152557
0.014744663949165567,-0.012574229727069227,0.0036048427649843407,0.006649091597662569,0.250647755825577,-2.218912283291825,-1.1723715379820956,3.149212538178705
0.01475615683074219,-0.012513311021405632,0.0035478262976219688,0.006718542759043203,0.2556531434947871,-2.2056122767548114,-1.236629966615715,3.1485236784544863
0.014711072215723998,-0.012661860607533368,0.0037065274646629945,0.006564811261288525,0.24671782738099793,-2.2485808939340504,-1.0768447283829057,3.170598859373144
0.014759634690634356,-0.012643403146840537,0.0036291813658529087,0.006540292483293053,0.24210975109482996,-2.2074525991917224,-1.1061732870389003,3.1065666246207746
0.01479552011007644,-0.01260127742484746,0.00355462414385328,0.006559290706070864,0.2409499287865183,-2.1764969344817375,-1.1543872391671892,3.0676922573998224
0.013894565230061296,-0.013510975711943011,0.0052515772123220995,0.00582566512602692,0.2406440745059593,-2.590505788860725,0.2034673286156012,3.6421240770241075
0.013925335630793623,-0.013484870620792292,0.005200007767476616,0.005857637825566079,0.2411364521584742,-2.5886484373396033,0.15503274118426932,3.635904947501715
0.013955451766196933,-0.013462486956346754,0.005149119454939916,0.005882685006303343,0.2411208546313026,-2.584038662855338,0.11002418640170704,3.6251345509045403
0.01463992190761676,-0.012716909367783975,0.003838541673405163,0.006559357991153669,0.25135788223679495,-2.3071194810484603,-1.0025202813034537,3.2539185818619885
0.014695590849991393,-0.01271685557373433,0.003760654351304266,0.006504569702607589,0.2432256532254087,-2.260003039389147,-1.018352304371595,3.1729337706670493
0.014587510985891745,-0.012798835955490745,0.003958913184886774,0.006492577282133888,0.2494332047010813,-2.3445021566250293,-0.9033111324629278,3.2942162910350663
0.014620025088008071,-0.01276702200985834,0.003895123945944222,0.006507449423044613,0.2480868798545832,-2.320224263892785,-0.9462406321999701,3.261567615800353
0.014584156568264877,-0.012838338329322315,0.003984212836778944,0.006438594935920697,0.2448741044590534,-2.3425127836498425,-0.863220731676136,3.2798132363993853
0.014554373579722231,-0.012868357247941574,0.004042354305255444,0.00642189159522917,0.24602566115128213,-2.3629533678207264,-0.8222985977246048,3.3071293766641787
0.0145280649206135,-0.01289769000694444,0.004094892239900435,0.006402171889476024,0.24595004096112266,-2.379861589505779,-0.7827765394781572,3.3288406068036274
0.013989593335830981,-0.013444344215505007,0.005091363699262247,0.005897932606039252,0.24007114671164162,-2.5737562394316487,0.06475061582330612,3.6038661460737207
0.014021280161462002,-0.013425788806878329,0.005037722742127931,0.005914085506592621,0.2391510739088524,-2.564409402592282,0.02210777751494988,3.5851784152861703
0.01405324075275853,-0.0134007446833177,0.004983121322911709,0.005939986869423708,0.2391463666567624,-2.5575306731639604,-0.02513591092689171,3.5719043903312087
0.014083377233718258,-0.01336986899981004,0.004930636369912534,0.005975461351581859,0.24021471364197808,-2.5538209024742287,-0.07492302698225077,3.5655774513013405
0.014113208794387079,-0.013331128614398946,0.004877020020225907,0.006022991460488867,0.24222357238592387,-2.5530435183335416,-0.13055358618990454,3.5658914538990745
0.01415685704139897,-0.013309121829924985,0.004802590456489672,0.006034108058269451,0.23995433184953754,-2.5336743433099866,-0.18331243370583286,3.5309642658899496
0.014194114906448403,-0.013284016322922731,0.0047381639641574805,0.006052623258979313,0.23894895941735586,-2.5189544429836683,-0.23260137555788848,3.5058260548073483
0.01439413403313592,-0.013027659868924324,0.004351438317571896,0.006317661731510369,0.24807384884918357,-2.4595098424449096,-0.592179807947475,3.438455143060166
0.014438413314176732,-0.013010585820467711,0.004277254178013391,0.006308543523415895,0.24422626595519023,-2.428703402876739,-0.6322578355358651,3.3877174052850627
0.014382758456773753,-0.013072127444870914,0.004384923065906015,0.006257926281552423,0.2436264712693906,-2.455894530690544,-0.5444043805402737,3.4232025041561394
0.014356165760745748,-0.013110597271821985,0.0044387266115673415,0.006218313936844792,0.2422573969215837,-2.464734416858455,-0.4936834874929877,3.4319154103448186
0.014232586965511303,-0.013251664201568689,0.0046702683280567875,0.006080692169750976,0.23859644386178425,-2.505372855947414,-0.288046111648276,3.484270704170089
0.014281208098811156,-0.013230762349649478,0.004588746001789647,0.00608263080591493,0.23561499980156772,-2.478761883442076,-0.3398500739930211,3.4385324271999127
0.01431417355423726,-0.013196644626543935,0.004528798074282928,0.006114129786367104,0.23604905067795415,-2.467336707500292,-0.3910959855584019,3.4226217112908266
0.014338291841548263,-0.01315793579842569,0.004480714749584156,0.006157728764137479,0.23836611387610337,-2.4628488154661246,-0.4403277669145302,3.420548076893148
0.01447593462831298,-0.01298049723454668,0.004208668022709665,0.0063233779969843334,0.2431173218653843,-2.4057728918602845,-0.6795985262096983,3.3541112599451908
0.014518585583377914,-0.012942250404980843,0.00412899786634579,0.006344573201548605,0.24181025245081594,-2.3794145754068743,-0.7359489228982058,3.317088752411944
0.014480954915845485,-0.013036118078455734,0.0042231354859880174,0.006236278179071957,0.23545300130853572,-2.388937031873759,-0.6303713380074673,3.3126858334919262
0.013233235525810976,-0.014072820127590193,0.006209643119064208,0.004929137829037807,0.2158067974848585,-2.381027822654449,1.2260764550309802,3.460600943837267
0.013205092820070471,-0.01411132062230241,0.006233301336841324,0.00485884696468201,0.21216453903068794,-2.3503500968829494,1.2672625644399975,3.4186081152855734
0.013231897911223506,-0.014104811918124233,0.006192425277941162,0.004875029774830948,0.21096815753915124,-2.3551988054792266,1.2316649791174468,3.4144114592695476
0.013144000348971252,-0.014141569220387274,0.006315941333767948,0.00479415927007268,0.21227492377387322,-2.324667982512508,1.3498427172214418,3.402958045847119
0.013183933103673821,-0.01413371905631957,0.006254378371995126,0.004816799104311387,0.2101698624226691,-2.3321763248957406,1.2968480755634142,3.3960708199597427
0.013284314751068296,-0.014033946988378327,0.0061456129125259384,0.005003177647415248,0.2177795374840659,-2.4096671058469172,1.1535688510792494,3.48863789019859
0.013260243222681298,-0.01405749576137217,0.006173001102589447,0.004959637336118449,0.21588481188032208,-2.3922403949552096,1.1886437573247648,3.468130354926474
0.013363636811636668,-0.013958768005353532,0.006049562636553526,0.005139819080137227,0.2227390474345455,-2.4611959960791,1.0351415990382937,3.547559249995681
0.013336500265930244,-0.01399880239837271,0.0060757396328808945,0.005069063738649131,0.21874069885582673,-2.4327907906513206,1.0792321896172223,3.507524847576977
0.013356501408003643,-0.01398484179261229,0.0060487749987537505,0.005094622139848156,0.21926421787666794,-2.441392560752256,1.050503866723616,3.514663581371893
0.013316111620319935,-0.014043797899620316,0.006086290540729105,0.004990566654104571,0.213663633384723,-2.399112205759782,1.1142667642173483,3.4554952513101527
0.013338551665430083,-0.014032586333347514,0.006054500298918977,0.005011984702707809,0.2135857240825176,-2.4057467581962904,1.083581958809604,3.4578776393440065
0.013391384094726599,-0.01395119393141406,0.006005570186952267,0.005154382897102808,0.2215362099129534,-2.4628212749993996,0.9976487879930601,3.5391664223154513
0.01348136090140995,-0.013906843296145412,0.005871242770384344,0.005231520713403918,0.22064230422748116,-2.4794852225687034,0.8721207182595304,3.5356254585600566
0.013423086987715438,-0.013941019296873244,0.005956019724842319,0.005172948143399553,0.22039206233054368,-2.465210155123055,0.9548693427122608,3.5311192937148737
0.013457676355056309,-0.013930098871096669,0.005901846891689331,0.005192063402171979,0.21901748692864073,-2.46682142893324,0.9085781400339411,3.5211756208546197
0.013711386082598002,-0.013691425749362605,0.005543053797718251,0.005573033723732364,0.2322906836374989,-2.562515640380664,0.5080767834925161,3.6200386080474476
0.013710747590544933,-0.013721788061060794,0.005537714669426599,0.005521261452387022,0.22764075404751574,-2.5416925039833216,0.5247154915119641,3.582064614341836
0.013737087766376157,-0.013672502819602639,0.005502689996495547,0.0055994608261817095,0.23222215079210282,-2.5645407282380828,0.4692826786669663,3.6182180038157754
0.013754548044615246,-0.013650259435761243,0.005476643267788901,0.005633191250377617,0.23439190690082673,-2.571882714090808,0.43763880361395485,3.6282617719906214
0.01377940174850753,-0.013640237022606756,0.005435713792016805,0.005643621378918259,0.2330572210547979,-2.5671795995749136,0.4048451286850394,3.614850896849148
0.013805993586936067,-0.013625601456205633,0.005392476278154129,0.005660938768966401,0.23279922199776568,-2.564159574803274,0.3678407899126714,3.6045910524805014
0.013834267576824107,-0.013578733696291506,0.005349701764183098,0.005731909756393067,0.23691299561257392,-2.5804835384324956,0.30950755024326027,3.6306253885742126
0.013830187117659987,-0.013607983715839196,0.0053535606199022695,0.00568347333790766,0.23275191820155666,-2.563742647277744,0.33191352127732926,3.599988968390805
0.013878537384077821,-0.013545936518919076,0.005277036120015948,0.005772318388807532,0.23728206262402265,-2.577844792544148,0.2429602549665892,3.61991170000651
0.013862612785912373,-0.013570549086980766,0.00530225836990983,0.005736236369767554,0.23478492159171732,-2.570964419663033,0.275055330829994,3.6089443592152186
0.01390879451735465,-0.013546102223621107,0.0052259464920863365,0.005760849744406596,0.23387768695474453,-2.561334551361328,0.21289532002890144,3.5855675475589392
0.013533722607139817,-0.013844003759314043,0.00580566176875352,0.005336825296773619,0.22562040946015063,-2.5139314674317492,0.7858952473357436,3.5802700621450536
0.01351076525655442,-0.013862742068905623,0.005838241980879936,0.005305999670846401,0.22456374527956466,-2.505968452920479,0.8208219515507277,3.573380306733544
0.01356129786715313,-0.013849631851769507,0.0057564736454145515,0.005325073682744661,0.222259545086458,-2.5018629997267645,0.7549037584961328,3.5498078836594558
0.013689500551675633,-0.013740341307866142,0.00556967336770546,0.005493910495780374,0.22700257907439278,-2.537199184954454,0.5578160875750736,3.578787056593106
0.013663856837784243,-0.013761882640443524,0.005608051415935608,0.005461808221661536,0.22599543621229254,-2.5317455543168506,0.5973413259904076,3.575150030216315
0.013640539848868316,-0.013775665677777462,0.005644157109064027,0.005442049393799413,0.22632669157036384,-2.5303631875329198,0.6304995622672444,3.578677288176624
0.013625612181410422,-0.013798836783640724,0.00566305891483946,0.005404654821337729,0.22403531305075794,-2.518822129596783,0.6582659973762436,3.5617302987116815
0.013602173248394089,-0.013820597269375587,0.005696391191509395,0.005370513309470404,0.22275417193146277,-2.5107218802495694,0.6949435069691009,3.5536388043473166
0.013579354867598028,-0.013838276520235093,0.005729544393665908,0.005342817272114271,0.22241389593283742,-2.50486675415257,0.729023982769136,3.549741908800469
0.013722503865468937,-0.01375280040618848,0.005510903777337876,0.005466362360540549,0.22187961115454427,-2.5155110092787383,0.5273636620761623,3.5318256922840274
0.013514378514484638,-0.013900953635392333,0.005817417906987758,0.005240603168934903,0.21866006528841878,-2.47602444157415,0.8299951694022506,3.518186055854905
0.01283034520134944,-0.01430759851509525,0.006702837733728399,0.004403769040320749,0.21018365654837096,-2.1358002452505165,1.7603396028874116,3.247191054527547
0.012859364246341355,-0.0143020254616928,0.00666076132344122,0.004426666969845345,0.2087899113398545,-2.148663127685595,1.7219685878827562,3.2507837620330338
0.01288197230894433,-0.014293614410242631,0.0066314435142851656,0.004450713848680861,0.20848878678114505,-2.16147255000618,1.6928415453664154,3.2592417733832293
0.012908871684140715,-0.014299254528077242,0.006582970236324024,0.00445347277241135,0.2057114929097476,-2.163613313327598,1.6555925516854284,3.2449513871572995
0.012530003216776667,-0.014443710467384591,0.007041165892644869,0.004008604127267235,0.21081201029411337,-1.9028907590936741,2.1239740643390435,3.0442355141366053
0.012446051703059898,-0.014502809042110175,0.007101138738176871,0.003857232281282414,0.20732216930496342,-1.811698701440868,2.2067857018595736,2.9415979905358722
0.012465794158085132,-0.014497980005389453,0.007077177563228129,0.0038793835425082698,0.2067103818326246,-1.8269418108907889,2.183299353457615,2.952600282510723
0.012484429089255476,-0.01449004705420873,0.0070582776444174196,0.0039051476425338402,0.20662300280852905,-1.8434864825599655,2.1627111202194857,2.96771285241576
0.012503234013629162,-0.014478168309592546,0.007043365396093967,0.003936820180741519,0.20718013220482456,-1.8627795869715356,2.143596951375358,2.988477950820836
0.012527705097005851,-0.01447233235449632,0.0070127634240260426,0.003963168908327825,0.20622977693918884,-1.8805440285468038,2.1138917279972915,3.0006387892588484
0.012783121935968474,-0.01433155073012157,0.006757052836941263,0.004341188991979049,0.20993104639267876,-2.101528932369273,1.8192658106482071,3.216913177184996
0.012755968476500075,-0.014337330436604942,0.006795268048965423,0.004317425933416521,0.21113815511305337,-2.0874464701783446,1.8548719337126511,3.210874229958441
0.012731852204282378,-0.014349923906558324,0.0068217955692889435,0.004283918838386685,0.2108722399943954,-2.0685173415799003,1.8843306628859782,3.1934446882891674
0.012709946574437194,-0.014351726288396057,0.006855108818873937,0.004268597259779684,0.21235184017883316,-2.05853246857828,1.913883139964609,3.1920056166823616
0.012695897268190679,-0.014368234313666345,0.006861099508394885,0.004234076821575825,0.21062160161129115,-2.039882121997726,1.9279085396356106,3.1671326202661363
0.01255706069568482,-0.014439254032870072,0.00700435594380529,0.004034302187971164,0.20945925329851064,-1.9206313798384098,2.0895148661807337,3.0539564910213097
0.012678536882673943,-0.014382285005452085,0.006874491944648591,0.00420149034882645,0.20967400460321062,-2.0216710348182327,1.9469293106598438,3.145980845700397
0.012659774859029221,-0.014395103488067116,0.006891031031009932,0.004169886924432541,0.2090559799389076,-2.003628239871462,1.9680010485066826,3.1264688718012823
0.012624924919016497,-0.014403393965267167,0.006937191919550899,0.004135067205876418,0.21033886104762242,-1.981404369103229,2.012330750817272,3.113168497065704
0.012643555517884736,-0.014406358537147543,0.006904887275470078,0.0041421766535724895,0.20831775531073649,-1.9877241449731335,1.9859165218490076,3.1091050019050805
0.012579238496120429,-0.014431595413699568,0.0069783881242902164,0.0040611907579366545,0.2089782122590764,-1.9377491489895162,2.0629142831847602,3.0675373591239645
0.012611086649482761,-0.014417359688004254,0.006944111292301824,0.004104313370406706,0.20883831936201205,-1.964195697701031,2.025668689198288,3.0912523834172885
0.012594004723875942,-0.014421270908563783,0.006966559804440048,0.004087058700932867,0.20972005101124175,-1.9528921230137666,2.047239616444428,3.0843079008545007
0.012807093523270141,-0.01435187332524118,0.006699709330242208,0.004320980812207734,0.20475860893652895,-2.093304110724,1.781863672509769,3.183064228139155
0.012827746312812588,-0.014335977780122262,0.006681265125284416,0.004356741516912863,0.2059909014769473,-2.1123038897725017,1.7577452838484569,3.2042800314733357
0.012143986384608826,-0.0146529913800788,0.007342879407081751,0.00338312244453344,0.20513652807928826,-1.499094174598049,2.493339248025753,2.6242505415524207
0.012170079331434325,-0.014644200283834936,0.007319226615689892,0.003419714148400082,0.2047150753959062,-1.5252450807278575,2.468267752865365,2.6481913962767147
0.012198542157011298,-0.014640269974023505,0.007285501753508045,0.0034514849187105034,0.2032194866263293,-1.5499204802943771,2.436571279078301,2.6658704671433315
0.0122300210947359,-0.01460108037110941,0.007293119382468973,0.0035345249494395724,0.2073351993397154,-1.5980837691410785,2.424755875167104,2.7337800172106506
0.012224482753230858,-0.01463149184841473,0.007261264517000504,0.0034871749575633797,0.20271207790109871,-1.5750974037434562,2.4109900230968724,2.688669516301832
0.012257378816193846,-0.014601409122653619,0.007254246873909055,0.003558505159164761,0.20524061817467132,-1.6184032453747668,2.3904710073941726,2.7437331021738376
0.01228978810748856,-0.01458516124829389,0.007229077231618828,0.0036098261934968024,0.20555583114358075,-1.6523715261896064,2.3603658336931854,2.7784785337685634
0.012278557116574206,-0.014599332913294318,0.007227046034274778,0.003579999368055109,0.20391674185749414,-1.635188887391837,2.3654139398541334,2.754318304538085
0.012311604579347879,-0.014583607082262723,0.007199942755521161,0.0036307171859301436,0.20408982936756556,-1.6688616000338243,2.3338364703213688,2.7879912544220864
0.01240106203014276,-0.014534811956191275,0.0071300161775769725,0.0037748139090259462,0.20548482845445007,-1.7613665620347219,2.248240061561479,2.884227908162428
0.012384835532341019,-0.014538411424027217,0.007149514052378711,0.003756598157335997,0.2061477429962247,-1.7484427576158972,2.267182295806482,2.874847909966769
0.012373126898946027,-0.014549982961840251,0.0071526291913605435,0.003730243672215762,0.20508127552403418,-1.732910491964305,2.2756552198638507,2.8548121778377644
0.012332574335337852,-0.014570521095528477,0.0071861752050329155,0.003667135758114441,0.20479407200574812,-1.6919668000640375,2.315316367994999,2.8133902959028783
0.012355581498276072,-0.014561089852127484,0.007164578911666746,0.0036998075400150785,0.20457264829984292,-1.7138028892199697,2.2916525008242092,2.83380117360347
0.01241637612714521,-0.014545268316407296,0.007095098108234762,0.0037715079022781575,0.2026947181741557,-1.7638170237894908,2.2227117913925714,2.872556441836043
0.012437691146316451,-0.0145291521271335,0.00708273785763258,0.0038116873170024454,0.20378731643999887,-1.788107651954453,2.203858965931613,2.9008768231118434
0.013016884746096065,-0.014237977045559236,0.006456816257736512,0.004595836606860048,0.20712295466979883,-2.234025012648735,1.517941293815769,3.3079576941490814
0.013081898542726041,-0.014182939754239031,0.006390645508558209,0.004707987959569413,0.21069584365063024,-2.2866551492884457,1.4332655069160918,3.3672425152180665
0.013047486090363042,-0.014224762517244909,0.0064166701471303975,0.004627992303904301,0.2067873085035177,-2.248935255584131,1.4779766831819023,3.317491896861327
0.013068991396760059,-0.014206525469594283,0.006394830277032887,0.004664960242715733,0.2080731629389119,-2.2661873242613364,1.4501046602308774,3.3369265608655296
0.013110330248324177,-0.014181950915409547,0.0063441602270788025,0.004717904930946586,0.2086311783548472,-2.2898875939484147,1.395530262663608,3.3574286442882397
0.01314013941123048,-0.014176497856043196,0.00629861420898942,0.0047350487131787985,0.20708615403285177,-2.2961890495105277,1.3564021724810251,3.3531221746756983
0.012942130955028703,-0.014288901023968185,0.006537839367756422,0.004484264340195866,0.2047285721947367,-2.179420211062624,1.6126241616427108,3.252836644561959
0.012995474438651972,-0.014260846150937846,0.006473920909931165,0.004550700943010257,0.20525339133849937,-2.212126522352594,1.54469909885614,3.2803762980410425
0.012971391366728369,-0.014277473247988044,0.0064997752962047866,0.004514490057458571,0.2043298728182981,-2.194466998421319,1.5750410725089001,3.2623986056976366
0.013021348002042438,-0.014268749586456875,0.0064256965288179745,0.00454727097209339,0.20211359958330033,-2.209948378002059,1.5100542611436394,3.261031894392955
0.011978467566570932,-0.014731423670829824,0.007450249792611489,0.003115040675483644,0.20428150271378165,-1.3139439470420566,2.624077004755295,2.4318368212874586
0.012000167044924256,-0.014726847149885232,0.007429295108693124,0.003143367641348659,0.20346035576337265,-1.335853914307452,2.603492684169782,2.4504234862309455
0.012020675174123195,-0.014720029466586834,0.007412781798115419,0.003173109319773791,0.2031350951593119,-1.357605005555641,2.585843846897372,2.4709661692524487
0.012056005807116037,-0.01469659889422017,0.007399973104890006,0.003239137924568918,0.2044855445912683,-1.400824631108715,2.563991597646393,2.5212485084018432
0.012039311666837294,-0.014710682136205439,0.007401958013485512,0.0032040504118986094,0.2032294683534611,-1.378848783132822,2.572089646744027,2.49355848316608
0.012102477283828034,-0.014687329857063293,0.007351756840049192,0.003297225587788656,0.20265211785286483,-1.4454195438037944,2.517003620849119,2.5575449141897764
0.012078165815668992,-0.014697788818102337,0.007369363384804859,0.003259624938292654,0.20254548790350738,-1.4192270575534673,2.537358406271806,2.53128389085563
0.012131544967281124,-0.014677516471620996,0.007326497464916849,0.0033383002368607933,0.20208063733765153,-1.4748600607974027,2.4901759605399323,2.5848219209960663
0.011799575242690442,-0.014770405315586125,0.007611330556228168,0.002871099635891609,0.21083986942957486,-1.123174911388081,2.783465416868408,2.2649566752082477
0.01185508605460032,-0.014763230611470913,0.007555901330149196,0.0029424857069249165,0.2079836555777617,-1.1819987101633502,2.731377953398091,2.3128059747770977
0.011837901590379249,-0.014767546080876472,0.007570058170108084,0.0029180572947653956,0.20854459794426808,-1.1630982439930666,2.7457201933316635,2.2956028660969108
0.011820615983443377,-0.014769976925762207,0.007587016525932007,0.0028956253518413557,0.20933598641255666,-1.1447418549210708,2.761771113349624,2.2805103524814316
0.011970292016835889,-0.014758031077316477,0.0074223657755579766,0.003073164769415286,0.20051842728890887,-1.2934619305223374,2.611074780853708,2.3927453880564333
0.011944938802706218,-0.014762423368526106,0.0074474543114342135,0.003041096172456147,0.20158970605243254,-1.2681786709835594,2.6351488673803405,2.371884114435677
0.011915246210404993,-0.014764934126212898,0.007480287913547433,0.0030063270911567107,0.20338879536430346,-1.239368553724897,2.6651794584279647,2.350247485004647
0.01188716118802686,-0.014775501228368366,0.007498909385135008,0.002963048370239224,0.20359409836263068,-1.207879330842042,2.6861470084974695,2.318901676092194
0.011867576505496712,-0.0147769194654548,0.007520407547833749,0.0029398624032583682,0.20488933453602068,-1.1883282434930855,2.7057734790183305,2.3041743766881697
0.011788245840148967,-0.014789532621784705,0.007595351015642659,0.002835610965828079,0.20849439180093882,-1.104090544140873,2.7771423276604064,2.233358136599033
0.011704910340340144,-0.01482209754026176,0.007640130121575237,0.0027010282980667894,0.20902685411569852,-1.0053690529588504,2.829634126161143,2.131832021516256
0.011722222950038653,-0.014821477762463248,0.0076216834754518625,0.0027221959552658735,0.20787444601959842,-1.023826974888792,2.813222122756788,2.145932021017568
0.011755736833978857,-0.014815291686510563,0.00759329511020735,0.002768368809885114,0.20653977293760137,-1.0609137097487877,2.7857989183333185,2.178518952554166
0.011779052471137207,-0.014817739753938478,0.00756285586308963,0.0027924198525673505,0.20437058928839838,-1.0838164459651989,2.760031697949488,2.1927501512946925
0.011739042436012967,-0.014830790711740899,0.007588303303049986,0.0027314059812318134,0.20500739399084214,-1.038050321316696,2.7876195966421875,2.1477886341844052
0.011693107686571697,-0.01483852178037956,0.007627490140158629,0.002668758543800456,0.20709847725031497,-0.9873010978412292,2.8250228959436687,2.103551943209814
0.01167549133435797,-0.014851036045683033,0.0076271670914158035,0.00263403633582603,0.20620533731580923,-0.9645043515736402,2.829600992300012,2.0753571361875256
0.011654406229575214,-0.014861537321448312,0.007633450333824563,0.00259739133637342,0.20595024491907052,-0.9386843180542099,2.8391248413804377,2.0466717398483953
0.011157473161878638,-0.014959299289131015,0.007935184301871658,0.0018519342527872843,0.22389712471748804,-0.33620115272268575,3.127471819668692,1.4792450886401731
0.011183710673423176,-0.014949181457019777,0.007932171156739694,0.0018970728608269439,0.22401288392456123,-0.36950639815220665,3.1224733322718166,1.5159429194779024
0.011172424656588565,-0.014959611955142785,0.00792274531952784,0.0018727886003044856,0.22271411146910852,-0.3552126210165497,3.1174126857458466,1.494944868995501
0.011214727132708472,-0.014941805322962735,0.007919801186670775,0.0019466447909331586,0.22320236546964292,-0.4088681845886443,3.1103805808885796,1.5552018661488962
0.011202932237978311,-0.01495531718205505,0.007905684802922272,0.0019190382575340144,0.22143410743230993,-0.3937512874313858,3.102327547723615,1.5308796155421625
0.011318898551517135,-0.014933475773054358,0.007844841553696023,0.002097065353822332,0.21734275088650232,-0.5385139563637755,3.0455351557681336,1.6692375397555057
0.011237054335050298,-0.014945772068313561,0.007894188859538354,0.0019744084746087676,0.22082779737732608,-0.4367646696881557,3.0902585663220177,1.5748915511960393
0.011303667098961037,-0.014939755312970837,0.00784746389667023,0.002070898238040134,0.21725638458069066,-0.5193796661171238,3.049613878281948,1.648155249850877
0.011259629846614308,-0.014948004188956273,0.007871209065987117,0.0020036607198203045,0.21880836731547051,-0.46471369453001277,3.0718171556290343,1.596085606123195
0.011282575116435028,-0.01494556715052382,0.007855776715957002,0.0020371521895394032,0.21762395558978517,-0.49311263775717035,3.05827083954387,1.6215839572454593
0.010914250242115495,-0.014989146088580985,0.008054770956583053,0.0014759824120491108,0.23480339325466532,-0.020963932051515286,3.227161116368419,1.1831135854212023
0.010899748612616219,-0.014998484398968163,0.008046573882944857,0.0014483754948673487,0.2337532876903883,-0.00336570627170112,3.222147702254543,1.1596258170402647
0.010930759309155963,-0.014989527906126,0.008043458626226812,0.0015004048583930805,0.2335606559118435,-0.043096378133880266,3.2186925103361195,1.2020739672768757
0.010949813197148921,-0.014996120681048986,0.008018862920858709,0.0015244121488660397,0.23087196342002736,-0.06947362986929796,3.200981699371019,1.2193465528907195
0.010967447410824643,-0.01499818560588334,0.008003406457066736,0.00154907212072723,0.22926234830150347,-0.09305628746085907,3.1894852694903366,1.2380500787961548
0.011033925866199668,-0.014989263728625546,0.007973975666094668,0.001652366905338638,0.22658593855559414,-0.17888893242539664,3.165083218177854,1.3197657172408321
0.01101813014700538,-0.014992915852563992,0.00797845384146594,0.001626846579832597,0.2269250745810539,-0.15872685507907905,3.1692735920100232,1.2993055165368999
0.011001751556755328,-0.014995875223765998,0.007984413176340249,0.0016009244800627889,0.22743747539250728,-0.13771158571055728,3.174445606084429,1.278661128739298
0.010984794662460036,-0.01499779087905681,0.007992481702672376,0.0015748152536572684,0.22818601511706874,-0.11577803763013762,3.181019115090709,1.258070351714552
0.011049328278662405,-0.014985342776027331,0.007970085231112742,0.0016774820552680862,0.2263120294772503,-0.1985101841032495,3.1612570045497264,1.339952215774275
0.011064620802960652,-0.01498133394011058,0.007966258372990481,0.0017024804977618074,0.22605090057128394,-0.21797892169979258,3.1574201542840843,1.360044975560337
0.011079901287206586,-0.014977412952699954,0.007962107721800648,0.001727376054003891,0.22576871701156812,-0.23743688492711737,3.1533015889447054,1.3800139778891733
0.011045933675402967,-0.015004696776179185,0.007937565611708495,0.0016587610514972734,0.2227659036261148,-0.1959047308711973,3.139494986304756,1.3212595342123377
0.011095922207481998,-0.014975449692518778,0.007953708022868267,0.0017518408268987074,0.22504947393701105,-0.2579732377660759,3.1461675406760805,1.39917508605849
0.011152088538108708,-0.014973670351617332,0.007913871366879086,0.0018330330205972019,0.22156404070604765,-0.3296523589735483,3.113641589556184,1.4613684723706963
0.011114114875833326,-0.014977004897035379,0.007937190326498249,0.001776656833023457,0.2234650994569767,-0.28141823068096333,3.133260906902454,1.417735432041667
0.011136605964798532,-0.01498149239474934,0.007911990330067684,0.0018051205361499204,0.22105953870382014,-0.310228224898518,3.114006639150024,1.438295450744738
0.010555183022641811,-0.015026203975366269,0.008169930403471056,9.024319849645565E-4,0.24885244198629966,0.4575978959032017,3.3039723420043132,0.7225872485932489
0.010540209305454464,-0.015028931418916107,0.00817045317726392,8.776722817632988E-4,0.24901652767342317,0.47698761346315327,3.3034919635421454,0.7024143675120601
0.010565102998314037,-0.015037598765452059,0.008143953141858203,9.135644210684502E-4,0.24567573247510413,0.43874343264266685,3.2867325224652135,0.7298292348929263
0.010611682496798664,-0.015039279108708557,0.008121470251631345,9.858006268741674E-4,0.24268790992791153,0.37430359275956304,3.273428115358741,0.78714681120758
0.010579043672059661,-0.01503897251486852,0.00813569366415662,9.348948473259033E-4,0.2445750149082708,0.41903280614351285,3.281772227026266,0.7466451174615529
0.010595112981169297,-0.015039862204419165,0.0081273591503536,9.596835051916608E-4,0.2434776037472208,0.396680495012348,3.2767925444348065,0.766265134452209
0.010628604329785534,-0.015038199204938348,0.008116190578360384,0.001012628471416951,0.24198987308084022,0.351659408072224,3.2704167391014507,0.80865788536177
0.010534662267734144,-0.015043138104617873,0.00814503246346565,8.635218262137845E-4,0.24606078376663082,0.47793932949037055,3.2858131584637262,0.6890624660990132
0.010519875842374397,-0.015050437364354186,0.008136400244380502,8.37539958092018E-4,0.2451039135989881,0.4947122474150251,3.279050427617068,0.667274601829151
0.010889968686093638,-0.015017881897117847,0.008016666859940237,0.0014217722541751251,0.23033582134823302,0.005803804496090925,3.2021106903292207,1.1349503357606106
0.01066220201397597,-0.015028392967302961,0.00811975476176132,0.0010692991824340114,0.2422803986407686,0.3095775370469059,3.2738252909440555,0.8552882718769578
0.010647549220228885,-0.015036968372491567,0.008110086704117366,0.0010426138627200583,0.24115794271771085,0.3263255444745452,3.266825263925859,0.8326879830297546
0.010678613849778171,-0.015029701661984675,0.008109542076134344,0.001094134813956442,0.24097522497097362,0.2867011980718,3.267211368375165,0.874798820213515
0.010697099774619268,-0.015037283940611879,0.008086244335897594,0.0011190196634857652,0.23817801493833127,0.2589780571588398,3.25163910061211,0.893260337373186
0.010714465783513538,-0.015039945484276063,0.008072688219590412,0.0011443645656432216,0.23656744346366843,0.23462438834915786,3.2426019631369853,0.9128872648547793
0.010810639193069032,-0.015026895910639248,0.008046437186029938,0.0012975308803186683,0.2335150398154597,0.10929077320843132,3.224433656228307,1.0359467007146888
0.010732112203946405,-0.015039536489329937,0.008064615477787007,0.001171547882379876,0.23560303107503508,0.21098892291430946,3.237227200540636,0.9344536062755365
0.010750181915662124,-0.015036479333926645,0.008061103321718803,0.0012006673442829573,0.23518838806968745,0.18763625130307338,3.234883643390884,0.9579785749887889
0.010771740326612165,-0.01503031264982984,0.00806133904906328,0.0012367208309901933,0.23522264174739724,0.16049910722503338,3.23500505023554,0.9874787748345418
0.010793182530569309,-0.01502956184110965,0.008051128768304487,0.0012696584928274005,0.23402655610441112,0.1319571891857896,3.227865086011486,1.0135378370985446
0.010871470048394219,-0.015018315178656006,0.00802709070226293,0.00139391699841585,0.23143735216800695,0.030268322190726647,3.2098519011270867,1.1130863895822805
0.010850092681637787,-0.01501841845027146,0.008039607059415761,0.0013618172035065339,0.23277866481382298,0.05866880068293057,3.218986640093132,1.087973402012822
0.0108286567202483,-0.015024483013658075,0.008040734939175146,0.001326064804805361,0.23291773060289725,0.08579102862378889,3.2202208735416087,1.0588297328960679
0.011632850261561016,-0.014870111457852789,0.0076429159031537125,0.002562201848349491,0.20594168894117512,-0.912906680826817,2.8506295819448577,2.0196513640151257
0.011611245168382262,-0.014870758791053143,0.007664751584795901,0.002535221103314364,0.20752127757140365,-0.8892385733961765,2.8698490994172126,2.0011321324601767
0.011506717060363904,-0.014880653430328374,0.007756235379676525,0.0023942667878523536,0.21327578032946864,-0.7694613808451826,2.9526898312580876,1.900059318395521
0.011527093183398882,-0.014883029823505844,0.007731791180106181,0.0024177895532793846,0.2113662027115792,-0.7922699956836274,2.9324000781396085,1.9156994421860676
0.011593610041064184,-0.014881716275401328,0.007665657816604144,0.002502112946491925,0.20678654288622791,-0.8668789406937553,2.874723069199062,1.9743931962532157
0.01157067590607328,-0.014891957323892901,0.007672867059453984,0.0024632460891404664,0.20669087547689927,-0.8389098085647134,2.88472930777187,1.9439455858107426
0.011547404367476552,-0.014900834294953263,0.007682203579354019,0.0024252963748084802,0.20687143396244487,-0.810859293253337,2.8960198936685697,1.9145258831479828
0.011460393298630793,-0.014901372703531951,0.007767608074137291,0.0023142104197352025,0.21295996312716234,-0.7116914380995706,2.9696219043115852,1.836397412886064
0.011490624271483976,-0.014889767143379449,0.00775721260695894,0.0023645630806121156,0.21281983768959467,-0.7490044849162302,2.956705907518002,1.8759769431014246
0.011476200184538292,-0.014902943578690637,0.007749582924089402,0.002333060585892302,0.21153667236617973,-0.7297001850532387,2.9547160367820617,1.8492517575742256
0.011334635901300032,-0.01493708572980537,0.007824622589251847,0.002115045765324737,0.21554175199225226,-0.5572651896769115,3.0296017038731944,1.6813837410931096
0.011351562019477051,-0.01493833877073354,0.007807286518309473,0.0021365624157632015,0.21410647461815752,-0.5774549365086306,3.0153992284193567,1.6967190608849627
0.01136590609791084,-0.014926803262587223,0.007813901666575347,0.00216615009362155,0.21519279384417025,-0.5960813038255418,3.0173607124816684,1.7217574483108975
0.011391184937583468,-0.014920006838626883,0.007802127397190156,0.002205953122896879,0.21461296350753917,-0.6271623208818912,3.005217434273014,1.75269414560791
0.011449809458346163,-0.014915787227655455,0.007753809501083051,0.0022865988737993527,0.211232452452877,-0.6967130959734532,2.9627122585968255,1.8119546246160654
0.011416849581178388,-0.014925150865607993,0.007769460809150425,0.0022348645722894862,0.21184276224976398,-0.6566646443379708,2.9791666404212775,1.7719201055728109
0.01143693789671782,-0.014927677979083932,0.007746276259880398,0.002258598951947064,0.20988458699072918,-0.6796521036129562,2.9602734590860615,1.7881093424512362
0.005061047665209866,-0.011087580632086229,0.0017755504488880809,-0.008064963049083945,-0.15636353229370184,1.1359899769999746,-2.499348947606563,-0.39770830282955755
0.005064462443445813,-0.011103192276000685,0.0018009609752899,-0.008059043442462728,-0.16055790226367125,1.153014799448641,-2.496382090368186,-0.4139139351077185
0.005067663969078444,-0.011119136561244455,0.0018266896701003464,-0.008052514516865275,-0.16480393386422254,1.1703172634591177,-2.49300549755803,-0.43050280960520365
0.005071880532353449,-0.01113456007098002,0.001852271334142319,-0.00804735194172297,-0.16892074510169852,1.1874316222914825,-2.4905536649238322,-0.4464183380895083
0.005061826100131206,-0.011160328660030876,0.0018834856147606153,-0.008018629372106003,-0.17427646995128362,1.209978531764464,-2.471979952847656,-0.4747110548488985
0.005061595133193883,-0.011145834885745845,0.0018620998698255814,-0.008028011117818267,-0.17080046819927505,1.195268755431722,-2.477578960321536,-0.4594298482477271
0.005063432792634902,-0.011177020834707294,0.001908920511434021,-0.008009221048627294,-0.17832942718851708,1.2273695889356746,-2.4665141307661265,-0.4921520959007312
0.005075237109756089,-0.0112089765135368,0.001963455844440689,-0.008000791335149561,-0.18676492684116186,1.2638917127740872,-2.462988083302788,-0.5247859609336412
0.00506589599018638,-0.011195397821371886,0.0019372973477537363,-0.007999472967050643,-0.1827996308783504,1.2467557721687237,-2.4609242900915116,-0.5112773815481034
0.0050852291193167224,-0.011252130396592192,0.00203277175074452,-0.007981570434949058,-0.19736213592311794,1.3110629425170341,-2.452511769038239,-0.5693908750944283
0.005075344946995127,-0.011225671380627734,0.0019876499488602375,-0.007989169039327388,-0.19053932662101095,1.2807128441228517,-2.4558836647152127,-0.5423379660197779
0.00506985716159695,-0.011244733454123525,0.0020110946679851474,-0.007969286079395189,-0.1942261934052312,1.2976762307157148,-2.4428812744903596,-0.5627001436066815
0.005086654854394978,-0.011267847112760349,0.0020563049863624792,-0.007971751530419081,-0.20089753973993926,1.327357762815942,-2.446597972422582,-0.5857686151016347
0.005107319082627792,-0.011288615047198518,0.0021012843806121205,-0.00798010988952151,-0.2075035015558286,1.3563997763339783,-2.4545171829145,-0.6062200215104977
0.005089504264066159,-0.011284013291835891,0.0020814435264951844,-0.007963085819174974,-0.20462956317409883,1.3446476509941185,-2.4415513097895776,-0.6025087794275903
0.0051116177647083,-0.011304844005887058,0.0021276787938616505,-0.007972835743768796,-0.21138497646387835,1.3744204739959214,-2.4505386320591263,-0.6230006806679566
0.005117111781354146,-0.01132016456102676,0.002153655836501137,-0.007967469545990135,-0.21515911403207302,1.3920222937099245,-2.447888368222191,-0.6387576544202509
0.005107765195088314,-0.011331522629648195,0.002162526938949706,-0.007948007085699706,-0.21639633530756247,1.3995131526142628,-2.4343848600583264,-0.6511540956352578
0.005108829926654485,-0.011345189002416017,0.002182569083587414,-0.007938622007967534,-0.2192188005953867,1.4135600982841579,-2.4285511822649046,-0.6653614276188228
0.005111291882324438,-0.011360871535459812,0.002206451668159692,-0.00792913412935062,-0.22256637750924144,1.430173405128347,-2.422791557483009,-0.6815817029893222
0.005114802608100699,-0.011376780405025771,0.002231405011409071,-0.007920513746908388,-0.22601960077248381,1.4474435512316932,-2.417684181831983,-0.6979800703963813
0.0051191892213615755,-0.011392525093798752,0.0022567723682940244,-0.0079128680707901,-0.22949712731507343,1.4649278321794743,-2.413283790476702,-0.714172684726896
0.005142886942305029,-0.01146532081734051,0.0023763012909264396,-0.007879388453130463,-0.24537070168209088,1.54732517901742,-2.3942209394750082,-0.7889625860594455
0.005138889152522832,-0.011452049553046826,0.002354844875282831,-0.007886105010943176,-0.24261846132765572,1.532450399490907,-2.398180842971947,-0.7753220521302366
0.005138190800936413,-0.011436484982348907,0.002332968405409485,-0.007898370593469964,-0.23980865659203507,1.5168464948279745,-2.4061526226169816,-0.7592615704534015
0.005130766432961967,-0.011423091421095934,0.002308406603715677,-0.007901061498204407,-0.23651161351492953,1.5002576325491341,-2.407022686766538,-0.7455401078295759
0.005124338712926568,-0.011408084535470124,0.0022824586109590236,-0.007906086886657908,-0.23297507309317853,1.4825716047015016,-2.409514299186489,-0.7301529580896595
0.0051460657913808645,-0.011479850275155497,0.002398719164482159,-0.007870555582805893,-0.24820187563687338,1.5630407009810516,-2.3887346889971446,-0.8039015447506807
0.005131856020884504,-0.01147345088936052,0.0023779106146660863,-0.007860016598092639,-0.24523152966388082,1.5499825386844004,-2.380057821820686,-0.797328731047027
0.005280037702596159,-0.011775263358028032,0.002910542949053935,-0.007739192416827822,-0.3056605431935113,1.919764284147549,-2.3124738420147994,-1.1103489975547316
0.005146614269775976,-0.011493695864431445,0.0024178711843272143,-0.007859224079514752,-0.2505154639273796,1.5767938388697307,-2.381246519970554,-0.8181103910052491
0.005256963622126665,-0.01171611160600045,0.00281257939735541,-0.00777437101156925,-0.2963918031741812,1.8500319052434178,-2.335213120793606,-1.0488745156745072
0.00527461176013097,-0.011760442879884753,0.0028864426773460594,-0.007748620997625635,-0.3034831758887701,1.9025303171764782,-2.3187014838297197,-1.094987866579338
0.005268648018349221,-0.01174583485565947,0.002861997575362318,-0.0077570876295788614,-0.3011855150797333,1.8851367072082497,-2.324145803205426,-1.0797754756450972
0.005262605711956252,-0.011731102416386294,0.002837271036079988,-0.007765448994622551,-0.29880417621688776,1.8675826382047258,-2.329475950967245,-1.0644363567884334
0.005239153720579544,-0.011713979464347065,0.002791950576324545,-0.0077567124233031545,-0.29323313532506107,1.8374067453017735,-2.3207082590912975,-1.0453076389851874
0.005175344655416821,-0.011516150281840318,0.002473285024473117,-0.007872024692581777,-0.2580543691073862,1.6127980834179774,-2.393188876435463,-0.8413449428262955
0.005180314907632295,-0.011531889833352335,0.0024988798593170362,-0.007863643792400473,-0.26116939486041985,1.6306669592714103,-2.3881552380267945,-0.8576084207540823
0.005156251399593423,-0.011508672170245954,0.002446401304523879,-0.007857027105765907,-0.2542097972162048,1.596066608418296,-2.380896878686921,-0.8335232473576208
0.005184640489124339,-0.011546897744557458,0.00252285828163485,-0.007855038191072075,-0.26404428322007617,1.6475054061701975,-2.3828595845255793,-0.8731180629545315
0.005192727425270284,-0.011578008838103919,0.002571567205194587,-0.007835759488225997,-0.269661197975517,1.6818721926614002,-2.3706970197196395,-0.9051852425705434
0.0051883229747733735,-0.011562275036646327,0.0025466821516735984,-0.00784522926692355,-0.2668032444180873,1.6643432342853808,-2.3766392026691734,-0.8889719104093626
0.005233784779137856,-0.011698847012012568,0.0027674478471209902,-0.007765874837986897,-0.290805193971796,1.820031309989676,-2.3266404108215144,-1.0297348412264962
0.005228603771786774,-0.011683643718182085,0.0027429835915642356,-0.007775167646205329,-0.28834172980760936,1.8026841099628557,-2.3326505694842967,-1.0140944357369752
0.005215205840598953,-0.011638476407167845,0.002671870210721593,-0.007804129856699503,-0.28098833315872335,1.7521556792025008,-2.351455679839382,-0.9676591812357972
0.005223760792396011,-0.011668350353711393,0.002718674469133476,-0.007784776493065662,-0.2858631796856885,1.7854278360823983,-2.33888382526526,-0.9983727027212418
0.005219387532905074,-0.0116531425384652,0.0026948647058269632,-0.007794678441688144,-0.28340906978951486,1.7684950394837926,-2.345335585490918,-0.9827478076712742
0.005197636537647171,-0.011593741917710598,0.002596852382461722,-0.007826702743077936,-0.2725338035700208,1.699649512656592,-2.365060523116096,-0.9214005261150128
0.005203090994645221,-0.01160955119378327,0.0026226895442774006,-0.007818029121693762,-0.2754603202114607,1.7177828175974963,-2.3597167242531984,-0.9377070470161338
0.005209528652476096,-0.011624418345980712,0.0026481821398075026,-0.00781119073476185,-0.27833826026082487,1.735549585430933,-2.3557141116477798,-0.9530999930964156
0.00530299382070236,-0.011834236164271775,0.0030073117156017037,-0.007701735398819587,-0.31400919287043455,1.9890517367016927,-2.2875012430748654,-1.171507215668323
0.0053308725694167875,-0.011865671872494014,0.0030757616197240665,-0.007697917992222094,-0.3201371079466206,2.0371935168363784,-2.2871869508893443,-1.2066080183815913
0.005336782653893389,-0.011880323455986054,0.0030998972685517302,-0.007688123293044438,-0.32199079628222455,2.0546072687362202,-2.2804920057128117,-1.2218930957015433
0.005342703788291772,-0.01189492049474603,0.0031239205058952884,-0.007678254358540314,-0.3238336092878454,2.071966484652629,-2.2736969338557285,-1.2371189999565086
0.0053485546759043144,-0.011909520434583593,0.003147806189218365,-0.007668159973254783,-0.32562074038678107,2.08926921486392,-2.266677989735825,-1.2523292815411946
0.005343363610489953,-0.011937130455264013,0.0031741707244840457,-0.007631125278289977,-0.3264012315489016,2.1093121399409944,-2.23860528374593,-1.277719152333894
0.005337880757027762,-0.01192224609011053,0.0031506383263077875,-0.007642166649139327,-0.32483441810730523,2.092271834107196,-2.246455020697199,-1.262478501712031
0.005308603724218625,-0.01184896140848838,0.0030311970759667596,-0.007691884400769899,-0.31593381683081234,2.0062225942795067,-2.2807966994259963,-1.18673174152038
0.005314433781382064,-0.011863720650265428,0.0030553018907292545,-0.007682091690200177,-0.3178375201152661,2.023551479032512,-2.274116681288223,-1.2020042234247736
0.005297447280898744,-0.01181951445655296,0.0029834370308390993,-0.007711507053980482,-0.3120560477901378,1.9719029973947855,-2.294114136323197,-1.156278705897913
0.005291313101866094,-0.011804996604086758,0.0029591266954507953,-0.007720269255558905,-0.30995538415939977,1.9545253535945692,-2.299896840995997,-1.1411635627254986
0.005285407690819813,-0.01179024101957859,0.0029347181830821564,-0.007729391499205064,-0.3078077892451474,1.9370812202840764,-2.3059320442005764,-1.125841676709345
0.005286941122098109,-0.011832220710310898,0.0029875561943888853,-0.007686342213245095,-0.31119202133580925,1.9764503167860727,-2.274590547551155,-1.1673731731055133
0.005349178400042146,-0.011952239709037573,0.0031982659792783694,-0.007620035449984282,-0.3279723117040955,2.1267529319484857,-2.230701554129109,-1.2932055115032657
0.005355524139794353,-0.011967248178440805,0.0032227866563336095,-0.007609478637063107,-0.32956216139046535,2.1444784915250703,-2.2232011823055484,-1.3086782682200104
0.005375267679201265,-0.012010381027829106,0.0032946662495350622,-0.007579872102138986,-0.33394159910521554,2.196478205139972,-2.202086955995164,-1.3533934627820432
0.005368815285348313,-0.011996235091445068,0.003271174850547752,-0.007589751701696865,-0.3325750210448502,2.179463676701332,-2.2091834697196937,-1.3387452158245152
0.0053621871641459,-0.011981900487488607,0.0032472087979808217,-0.007599522404732423,-0.3311049236954502,2.1621269432638193,-2.216143184685768,-1.323867750645764
0.005365108528349671,-0.012023277708208852,0.0032969083260913326,-0.007553806618404199,-0.3325176504287319,2.1991301006438633,-2.181156201849029,-1.3630250125269054
0.005370300648425669,-0.012037732968972826,0.0033189817642157488,-0.007542018396704855,-0.33360638590827124,2.2151565751294986,-2.17240446496093,-1.3774920190168087
0.005375861506339865,-0.012052945726405155,0.0033422357319744926,-0.007529568218025595,-0.33469794692986327,2.2320256312701514,-2.163121325019217,-1.3926855017262278
0.005491574810284804,-0.012226263734966686,0.003668596829974859,-0.0074296013149746576,-0.350024650752168,2.46885433009847,-2.0898572224612013,-1.580148499014108
0.00548455786175155,-0.012212154271293747,0.0036453046760098096,-0.007441087337718846,-0.3493012923975782,2.4518194032922107,-2.0988548380734606,-1.565651438289361
0.00547032038250039,-0.012183872493892226,0.0035981822322671843,-0.007463493555750476,-0.3479139893289413,2.4173973510217794,-2.116207684753888,-1.536462210580641
0.005477409969211322,-0.01219805822484779,0.00362178426477,-0.0074522767876655975,-0.3485679707188311,2.434636524659535,-2.107544245181239,-1.5510989360905774
0.005481961622138139,-0.012239798165893974,0.0036692156549069203,-0.007402058531913269,-0.3486626059811064,2.468833961661533,-2.0674406503476805,-1.5879604288178049
0.005488555613855438,-0.012254127865790982,0.0036918798722979465,-0.007389644275105542,-0.3490781222593109,2.485313807961148,-2.057592345739049,-1.6022733186637144
0.0054953685839971705,-0.012268539279709395,0.0037148289175083673,-0.00737719516537498,-0.34946724646582134,2.501989635722485,-2.047675914800831,-1.6166787898528454
0.005568343196812163,-0.012408772001924168,0.003942865666017983,-0.00725470875627774,-0.35085490910769845,2.6673412639130656,-1.947683469255342,-1.756892241986631
0.005502569779572665,-0.012282874183250017,0.0037381429283706983,-0.007365086280361422,-0.34984861343078366,2.5189332130914655,-2.03800182358235,-1.631118508029212
0.005510240932731696,-0.012296825609345982,0.0037616550397708616,-0.007353808480165627,-0.35023502910251786,2.5360397986641843,-2.0289718384428315,-1.6453907002866466
0.005517889147621468,-0.012310586469061068,0.0037848923459109216,-0.0073426195104967515,-0.35056352223492954,2.5529558770916694,-2.0199692476852964,-1.6594729312584988
0.005561115782057639,-0.012394569671475716,0.0039203719727257174,-0.007267926262316704,-0.3509795089405317,2.6511261797697965,-1.9587007660822577,-1.743009107949872
0.005554199560604707,-0.012380381130174492,0.00389823552231431,-0.0072812761182626225,-0.35108861066936026,2.6351655204981452,-1.9697807871119448,-1.7292083132009515
0.00554716766819299,-0.012366343386715944,0.003875978897235267,-0.0072941626107513105,-0.35112414112872625,2.6190712985041285,-1.980428926097219,-1.7154006016763617
0.005539744587279989,-0.012352466843273917,0.0038532372536015185,-0.007306306346555943,-0.35106076613418286,2.6025772645831275,-1.9904069655689696,-1.7014947304358075
0.005532295388025188,-0.01233854828566782,0.00383034462340453,-0.007318338596735031,-0.3509298474279631,2.5859625168147775,-2.0002444349170023,-1.687501139442907
0.00552510354186801,-0.012324535876513202,0.0038076436981356143,-0.007330605015597223,-0.35077064729851865,2.5694881014807383,-2.010233311842725,-1.6734926670264672
0.00572110277171305,-0.012668863955866791,0.004368396893096164,-0.007004200526658041,-0.34015232734300044,2.9710617096271625,-1.72939331560759,-2.009456675712245
0.005737608096921102,-0.012696368412668087,0.004411999133632059,-0.006974952987659683,-0.3379682016504935,3.0013408217199498,-1.702930311970719,-2.0347534591590724
0.005729107393304767,-0.012682683667272793,0.0043899056199686185,-0.006989339169512685,-0.33906250805402044,2.985963262004993,-1.7159969145520042,-2.0220381144398196
0.005772324967073124,-0.012748535408073594,0.004498978337095505,-0.006920588527715341,-0.33336003545502507,3.0619672144261565,-1.6528751630474183,-2.0839182733321397
0.005763934023961206,-0.0127354296665189,0.004477781623012787,-0.006934723852464812,-0.33460384640844487,3.0473529606325265,-1.6659038891213813,-2.071899031877974
0.005755282539241819,-0.012722563906909547,0.0044562282436925215,-0.006948132515757184,-0.33576522650233825,3.0323289379971734,-1.6782811864701586,-2.0597502964177714
0.005746444187665117,-0.012709644284049049,0.00443426509069679,-0.006961334444543187,-0.3368748253009514,3.016934145443521,-1.69045080496523,-2.047380152579102
0.005671346885622732,-0.012587778877485564,0.004235907504443196,-0.0070860628939570765,-0.3453937794749468,2.8775628940195115,-1.802605074532037,-1.9322196489858217
0.005687770051455365,-0.012615449975215706,0.004280631233227985,-0.007058236350688065,-0.34379575337874074,2.9091845974256363,-1.777942738203721,-1.9585474555069127
0.005679352561181739,-0.012601731183798188,0.004258086788798036,-0.007071868511595869,-0.3445919796477556,2.8932169841439515,-1.7900674488720052,-1.945376799711856
0.005713148340451082,-0.01265531611512421,0.004347043308391326,-0.0070185417077538925,-0.34118737361060414,2.9561791863002402,-1.742295863155787,-1.9969591900724135
0.005704868033876054,-0.012642087485123911,0.004325306717953011,-0.007031976571215247,-0.34211372277856045,2.940865034466953,-1.7543915500342606,-1.984364612073869
0.00569636353478761,-0.012628866956496907,0.0043031462909180135,-0.007045066970928244,-0.3429735387593011,2.925165620148448,-1.7661563854697369,-1.9715723658389057
0.005631620162208281,-0.012519441169625167,0.0041251304948703195,-0.0071529891282379665,-0.3485473600250029,2.7986528279812894,-1.8611149767122057,-1.8663515633184449
0.005623746479133742,-0.012505476368992944,0.00410258795475248,-0.007166442928805091,-0.34902640162295895,2.782523229529262,-1.8727303649608207,-1.8528122528855242
0.0056558604338417,-0.012560334934061347,0.004192387807104357,-0.007113784844423064,-0.3468567514111742,2.8467473714758493,-1.8269502934502946,-1.9062337282524882
0.005639660043612327,-0.012533301334095907,0.00414774955255785,-0.007139691385962003,-0.34800601002927817,2.8148300259218852,-1.8495825606640628,-1.8798355927389074
0.005647807946964393,-0.01254690024970885,0.004170242844320504,-0.007126730291434235,-0.3474638271720523,2.8309283261286837,-1.8382815961011645,-1.893144872135592
0.0056544538962709475,-0.012588416797223459,0.004210924542658448,-0.007070444311671934,-0.34374125579629466,2.85707877516904,-1.7898978876264906,-1.9231969108920979
0.005647429474496721,-0.012574523325498119,0.004190280893336308,-0.007085157892195499,-0.3445543189057995,2.84268777551403,-1.8027431334952446,-1.9106633847519456
0.0055759195028268925,-0.012422917566399629,0.003965716009575426,-0.007241754083219905,-0.350715088680754,2.683825684583292,-1.9368358717691567,-1.770832971277418
0.0056005374225952705,-0.01246401677795841,0.004035378556496125,-0.007205671093066641,-0.3502110769257778,2.734253728649555,-1.9063148275280313,-1.8122917308652873
0.005592255474777509,-0.012450531036766929,0.0040122974277904426,-0.007217469929357126,-0.3504129591054312,2.7175317945932593,-1.9163457052002613,-1.7986282731586718
0.005583865111538383,-0.01243692440920749,0.003988892387218065,-0.007229193743735957,-0.3505610119266515,2.700569846228498,-1.9262672974367783,-1.7847912338589256
0.00559205757897099,-0.01247801232982458,0.0040345034314996355,-0.007177655769554303,-0.34802281463305135,2.7319140045288908,-1.8827415238761327,-1.817947611086849
0.005599246845925701,-0.012491871275993825,0.004056024302924403,-0.007164116761645981,-0.34760271158757544,2.747224337547989,-1.8711982235514848,-1.831076307186042
0.005607151683406216,-0.01250569446831766,0.004078466366484891,-0.007151136223938461,-0.3472056542095055,2.76323690844894,-1.8600628329089413,-1.8444687832386546
0.0053898621117806425,-0.012083245273142454,0.0033918430599379113,-0.007507355462285967,-0.3371310003184507,2.267856373961027,-2.146688457570565,-1.4235665003363727
0.0053822125068265685,-0.012068552458307224,0.003366777411082785,-0.007517312346090449,-0.3358746934672805,2.249790396851743,-2.1539933727251763,-1.4083847297290097
0.005397157383863323,-0.012097322005876703,0.0034157651699280728,-0.007497634414536547,-0.33835903632230674,2.2851447811211067,-2.1395118517360765,-1.4381096103845488
0.00540409247337519,-0.012111188562262063,0.0034389707548312947,-0.007487657700938157,-0.33939632200298137,2.3019118777428296,-2.132068758538305,-1.452333789463208
0.005396732745704246,-0.012123567280573315,0.003442780443247016,-0.007464752512175828,-0.3383587179630882,2.3050321005170593,-2.1136888549948387,-1.4610282691619945
0.005399504256135786,-0.01213731283241229,0.0034604472414066756,-0.007450477660572116,-0.338735334067257,2.3178585061754204,-2.1025856822884514,-1.473756392230998
0.005403991844383963,-0.012152627567693143,0.003481751904335448,-0.0074358720794702226,-0.3393022893967285,2.333254520516501,-2.0912565975478796,-1.4882635188363027
0.005453017431478486,-0.012183336021356421,0.0035752827182079223,-0.007446549197903982,-0.34609183632868085,2.400449794282014,-2.1020866604231307,-1.5301320400598006
0.005428226143945641,-0.012168399938378536,0.0035284060490405485,-0.007440486996157971,-0.3425621679243265,2.3667567841163915,-2.0959598275023725,-1.509421669331447
0.0054349975905763565,-0.012182956671600645,0.003551759698303961,-0.00742877068090976,-0.343303253322764,2.3836580416777355,-2.0869227300998854,-1.5240263588969238
0.005409845746600538,-0.01216786232005885,0.0035045757280069236,-0.007422604363451427,-0.33999837287849105,2.3497090766674362,-2.080996295188171,-1.503056028171515
0.006634937971731551,-0.013698155965600398,0.006163461178370751,-0.005608368779409242,-0.12336340799198901,3.99985449362696,-0.28781448672096177,-2.7832084050225876
0.006619759851717994,-0.013703134336310444,0.006132705732645113,-0.005598025052784428,-0.12851058874052848,3.970128061870596,-0.29320346006382886,-2.7682450057464085
0.006646572705140479,-0.013708709395206254,0.006181052561840305,-0.005588974959235274,-0.11996410198073032,4.004880518751565,-0.2672446330471768,-2.7864214469618425
0.006631391541128931,-0.013713781677529449,0.006150193040806658,-0.005578630885273734,-0.12499021820610023,3.975160799996569,-0.27279222480104676,-2.7713821126902007
0.006658240533906346,-0.013719226219359807,0.006198598705669601,-0.005569508657173951,-0.11511181198153426,4.009808735785155,-0.24658596240651734,-2.789449976404338
0.006643066504195819,-0.013724394435879132,0.006167634190983031,-0.0055591806381412685,-0.12189755694440851,3.9800255202218318,-0.25233425082211974,-2.774383575042324
0.00666994134237994,-0.013729706333856551,0.006216067715843686,-0.005550005239376069,-0.11135764468308927,4.014580753470313,-0.2259140821152793,-2.7923272736260762
0.0066547988893261014,-0.013734934500099452,0.006185073592866925,-0.005539740729803864,-0.11884104156097151,3.9848105591745644,-0.2318365194540369,-2.7772747636690336
0.006693441434347548,-0.013750556019033765,0.0062507770782714136,-0.005510883617650616,-0.10811515703367454,4.023347553141431,-0.18446032851585756,-2.797645199387729
0.006681675014610206,-0.013740149634885993,0.006233449390495946,-0.005530476075509143,-0.10979151353359708,4.019089430503538,-0.20523959831123592,-2.79507635906682
0.006678311934745326,-0.013755909255785355,0.006219678949313139,-0.005500683598817017,-0.11145083351175324,3.9938657810811127,-0.19077017058141546,-2.7826235562474557
0.006666555034170365,-0.013745419019982745,0.006202445525616894,-0.005520277696972455,-0.1152936831575614,3.9894661968169722,-0.21131585238426162,-2.78003270734034
0.006577264761224861,-0.013644843410250553,0.006074635814579466,-0.00570445917923514,-0.13837135818799112,3.971963717881715,-0.3897989921471064,-2.764992523693905
0.006573499233924913,-0.013660340990935197,0.0060619650974176814,-0.005674757710036304,-0.1420203938747897,3.9480965330610878,-0.37428485955466995,-2.754150492368004
0.006565831011279577,-0.013634072558014073,0.006056701973114679,-0.005723496871182311,-0.14060013034646235,3.965859182962372,-0.4099985478050738,-2.7609455707516926
0.006562042354275222,-0.013649586579100354,0.006044160897375154,-0.005693743184560053,-0.1456077874875861,3.9421749050929864,-0.3943849043018866,-2.7502610679530783
0.0065544311575132675,-0.013623265840603561,0.006038700542547295,-0.005742486392750088,-0.1435159052066852,3.9595351497506583,-0.43017270090770526,-2.756801291003777
0.006550597638965725,-0.013638821255846955,0.0060262506801469435,-0.005712626566803886,-0.14914679376264883,3.936033818111692,-0.4144349209666452,-2.7461989937434996
0.0065430653130452605,-0.013612423365294982,0.006020627268236067,-0.0057614321110896205,-0.14716902934397535,3.953023537811363,-0.450346999341889,-2.75255866752144
0.006539162227470128,-0.013628019723870878,0.006008239087937938,-0.005731451671570111,-0.15247191131977403,3.9297079509249673,-0.43444319146982174,-2.741968949228783
0.006569484339750911,-0.013676078137562948,0.006049224230267359,-0.005645206095651432,-0.13923967249984195,3.9236072036810543,-0.352340674473892,-2.742495786835866
0.006604298925004289,-0.013708265674403341,0.006102075827450735,-0.005587807812702608,-0.1293593824552337,3.939782535592012,-0.2920205910172938,-2.7528867754917568
0.006592623379019564,-0.013697594862590859,0.00608444132252479,-0.005606952774701985,-0.1326078175065711,3.9344673062260695,-0.3121661982621841,-2.7495230127626544
0.006580993586787288,-0.013686868182866558,0.006066777083714839,-0.005626078401376789,-0.13593263071447884,3.9290347179784635,-0.33227735557795307,-2.7460378864546766
0.006460116457149198,-0.013550957788374658,0.005880730896633151,-0.00586245547792389,-0.1745810009577021,3.8815402125948393,-0.5729947635406142,-2.7086069513498257
0.00647559073421107,-0.013546623651759673,0.005910933611378827,-0.0058739183662116015,-0.16847075051839297,3.911215751498984,-0.5702740506217563,-2.7239130027090703
0.0064713067238118226,-0.013562075382577846,0.005899125050541416,-0.005843907972865669,-0.17149172259098225,3.8888951272619643,-0.5533842724835579,-2.71377432017175
0.006486750166079203,-0.013557678400931633,0.0059293583593352074,-0.005855319336757893,-0.16513669886999585,3.91857748657486,-0.5504625737343741,-2.7290726441458855
0.006497944278924988,-0.013568698043612793,0.005947714355531442,-0.005836672790876838,-0.16259342645579186,3.925743550604427,-0.5306100255401642,-2.734101305301697
0.006482534204204286,-0.013573160040467956,0.005917465830368249,-0.005825298171141591,-0.16816941224778417,3.8961044193821803,-0.5337002289078806,-2.7188074793646653
0.006531733590664735,-0.013601545239737611,0.0060024843038428465,-0.005780331624127283,-0.15131807646091644,3.9463671778281117,-0.4705131571832751,-2.7481953120039715
0.0065277493313432985,-0.01361716399855529,0.005990155361380248,-0.005750251408123387,-0.15561215970138587,3.923233213860645,-0.4544024729873855,-2.7375853505159307
0.006520436102827724,-0.013590631571951553,0.005984276886040483,-0.005799179413114991,-0.15576214573803723,3.93959809989522,-0.49063852748432374,-2.7436778342567543
0.006516376134972328,-0.013606245926649935,0.005972031988868961,-0.005769042109174046,-0.1586123992484216,3.916638492591335,-0.47430456384360237,-2.7330687530443236
0.006509172961654168,-0.013579682470325219,0.0059660173642374055,-0.005817962732315122,-0.15972167330434311,3.932732152663272,-0.5106779433897936,-2.738979198094981
0.006505054868249142,-0.013595261806516388,0.005953890358129963,-0.005787832850235653,-0.1615931711283569,3.9099422329749607,-0.49415333931280786,-2.7284381517399363
0.006493780830279614,-0.013584224852730259,0.005935715925928907,-0.005806600716534543,-0.16477750883333978,3.9031170062196314,-0.5139532309990836,-2.7236918593593593
0.006444284611267111,-0.013555484983559076,0.005850529772385318,-0.0058509987143539445,-0.17476677136383997,3.8516315095877105,-0.5690526541465116,-2.6934408018281606
0.006422248266976721,-0.013532952171676889,0.0058141934007670615,-0.005888010285215112,-0.1811078817319343,3.837121614600289,-0.6078191842295203,-2.683023287602371
0.006411260953890853,-0.013521731397372484,0.005795878542483964,-0.00590624909560578,-0.1841788029673412,3.829518016972099,-0.6269678643201752,-2.677560415480531
0.006400236172916917,-0.01351050480420605,0.005777368254653257,-0.005924361455167401,-0.1872395297036268,3.821626644541253,-0.6460197177649939,-2.6718952431170844
0.006389195793476504,-0.013499228855478093,0.005758710822351993,-0.005942430396209131,-0.190306686702162,3.813518698424509,-0.6650295847755726,-2.6660600179439986
0.00641726277561386,-0.0135487255249536,0.0058019808262089806,-0.005857773966302263,-0.1802984753424781,3.8145079256905703,-0.586679356021563,-2.6733535016790335
0.006428087664209786,-0.013560152466936556,0.005819620299056214,-0.005839029828946039,-0.17721845893771507,3.821146689838551,-0.5673450203804399,-2.6782339728906126
0.005832006419198915,-0.012813309451522965,0.0046319222668108374,-0.006862528055890244,-0.32672322400240295,3.1582117728532957,-1.5956105769916953,-2.154613207251149
0.005868259184404745,-0.012865296554665449,0.004718385651490836,-0.00680407729774614,-0.32026967491757036,3.216998975560813,-1.5399724585340822,-2.2019528288091723
0.005840895403043355,-0.01282648750202058,0.004653491288900615,-0.00684770686653158,-0.32499904132382146,3.1728997176318,-1.581600162896523,-2.1665502848070948
0.005859182848808982,-0.01285238515223383,0.004696936095119445,-0.00681875742794526,-0.32178856525202343,3.2025000332312827,-1.5540182962361497,-2.19028742359724
0.005849996397523516,-0.012839506662523826,0.004675226664304949,-0.00683315843695544,-0.32333516312137117,3.187716727345467,-1.5677724950981506,-2.1784650887301136
0.0058699005378303705,-0.012893118890690891,0.004734505667935921,-0.006759197084193375,-0.3168456598352883,3.2213775133023037,-1.5009589722380203,-2.2136194242695386
0.005860949125451481,-0.012880048626068513,0.004713499971350592,-0.006774399464020115,-0.3185490552367441,3.207486580669898,-1.5154581056696435,-2.202309526937077
0.005780788577023917,-0.012761775094239439,0.004520275455711498,-0.00690615951786958,-0.332068070350597,3.0765797329707616,-1.639544772702853,-2.095956159131534
0.0057895228585215066,-0.012774951471829768,0.004541872306947935,-0.006891903085169318,-0.3307398230499711,3.091418804676914,-1.626293223165679,-2.108049427156846
0.005798216852006746,-0.012788093133740323,0.004563289073668794,-0.006877528711783917,-0.32935882019782275,3.1060702820865895,-1.6128958762168824,-2.1200124684863755
0.005806640098875407,-0.012801407065341691,0.004584265714531052,-0.006862528109043334,-0.32791125037234686,3.1202423398366164,-1.598937202863503,-2.13177636177784
0.005815034474956525,-0.012814873656744614,0.004605172903739162,-0.006847120338138693,-0.32640492777736646,3.13424802985999,-1.5845890179562143,-2.14347780465275
0.005913687463113618,-0.012930001506665642,0.004824270417324548,-0.006728333377448805,-0.3114388466022317,3.28739772069974,-1.4669939438319453,-2.258800529278093
0.005879014725996746,-0.012906238353497372,0.004755699029430777,-0.006743888177949373,-0.31508994453686784,3.2353551994401895,-1.4863015784808986,-2.2249544382339206
0.005897450838367159,-0.012932083132606666,0.004797944326151056,-0.006713644258033654,-0.3115064689530515,3.263141483280893,-1.45715571149831,-2.2473102938414127
0.005888238572936699,-0.012919247049860132,0.004776920359712393,-0.006728697559516141,-0.31331658632422665,3.2493328514087385,-1.4716889228602297,-2.2362190095923324
0.005950726501992146,-0.012981127586570803,0.0049080104024362935,-0.0066667409788388225,-0.3036555824300986,3.341951330095006,-1.4068919444000552,-2.302579316493686
0.005941404448867419,-0.01296849631752039,0.004887185941708869,-0.006682055240574045,-0.3055459686892683,3.328450633990561,-1.4219175416886827,-2.291801866484112
0.005932055482558968,-0.0129557693579211,0.0048661754705929825,-0.006697372305894949,-0.3075236499074745,3.3147635238175277,-1.436900886709611,-2.2808666677251637
0.005922819404810697,-0.012942901002639945,0.004845194514379388,-0.006712861700986786,-0.3095314928845696,3.3010863746989165,-1.451980855888763,-2.2698589998775582
0.005943500120376321,-0.012996210521993968,0.004901470163868574,-0.006636365570995214,-0.3019007310027177,3.3298302618421283,-1.3821480808987625,-2.301058430337719
0.005952434155763118,-0.013009049115906862,0.004921388217933753,-0.006620294963667448,-0.29986781692714787,3.3422585327948533,-1.3665497706936636,-2.311247176185741
0.005961516866156612,-0.013022048268780763,0.004941501965393215,-0.006603912831500489,-0.29778057544482134,3.354714787484967,-1.350621830533771,-2.32145767623512
0.005970897786557079,-0.01303506146090797,0.004962012970248887,-0.006587558441940397,-0.2956549626166924,3.3674411856332074,-1.3346270583008017,-2.331769100485135
0.00598066075466694,-0.013047997111888724,0.004983038502803434,-0.006571432884347216,-0.2934906419165764,3.380584761500019,-1.318719018192082,-2.342231264357513
0.005990858857181238,-0.013060587753813175,0.005004593396946053,-0.0065560189650774375,-0.2913183234280698,3.3942795892505018,-1.3032966197907816,-2.352840771083145
0.006020813204023656,-0.013097259939053163,0.005067221727159674,-0.006510416412290586,-0.2847298076924312,3.433626936899138,-1.2574615297225147,-2.383274752117211
0.0060111069464374505,-0.01308509835521342,0.005046945049180708,-0.006525815284261252,-0.2869398047234854,3.4210920528532185,-1.2728903003030363,-2.3734781250776162
0.0060011113162754225,-0.01307293033927679,0.005026065740976158,-0.006540916013234323,-0.28913210652049454,3.4079479802691224,-1.288086934452766,-2.3633338481976653
0.0060143538395422,-0.013112419903238881,0.0050601563313691115,-0.006480429952592137,-0.2825032983058926,3.420327189658393,-1.2329430881211392,-2.3804708470415927
0.006099811366820733,-0.013196288632255115,0.005228339816300514,-0.00638004697097215,-0.26558864830566703,3.5291082998390233,-1.1263661706762245,-2.458263393631754
0.006089810975938557,-0.013184327597710559,0.005208454544872023,-0.006396020972965641,-0.26804795194841907,3.5174869296590643,-1.1426203721756767,-2.4492921390309443
0.006079674373165822,-0.013172361187878288,0.0051882229368175395,-0.006411797598019325,-0.27047036763896065,3.505470870593632,-1.1587107842661348,-2.4400776092845162
0.006022946052686228,-0.013125501074304,0.005078426932795809,-0.006462667518713993,-0.28017005801827666,3.4304606801201785,-1.215760601903967,-2.389159557723364
0.006032276306493222,-0.013139233339543824,0.0050980026219931834,-0.006444065430095565,-0.27769250333305057,3.441337447224283,-1.1976821963627522,-2.3983534913726285
0.006042773459881495,-0.013151857558516923,0.005119209197099985,-0.006427886761997928,-0.27525272195839806,3.454074289154327,-1.1813831835724733,-2.4081880871964185
0.006053003090187531,-0.013164018198567632,0.0051397353159138605,-0.006412225240503991,-0.27296134968634317,3.466385929985886,-1.1655327857855455,-2.417652680963803
0.006063249649846586,-0.013176177968626064,0.005160190530311525,-0.0063964342478908184,-0.270542065979885,3.4785221249290417,-1.1495588983142844,-2.4269861173473597
0.006350810589573268,-0.01348101115858562,0.005690524518169468,-0.005965664132232999,-0.19871114246268415,3.766525098174871,-0.6996396505433561,-2.6388888156192114
0.006361902449135922,-0.013492570226008221,0.005709405193565486,-0.005947512839614254,-0.19564455877810674,3.7748933868181234,-0.6806985370182242,-2.6449869784000644
0.006373134500101908,-0.013503934993338193,0.005728442706461056,-0.005929621319227482,-0.19256234060588773,3.783418679360667,-0.6618938121657943,-2.651089697384751
0.006318710874544425,-0.013446390286658916,0.005635269503033874,-0.006019578035145038,-0.2076481388160288,3.7418802502651793,-0.7555235165763788,-2.620544090772679
0.006307544914120426,-0.01343526900821925,0.00561571895730847,-0.006036379978534903,-0.21062333620084286,3.7321421386496962,-0.7733594567118232,-2.6136067208979665
0.006296276854402694,-0.013423763868690089,0.005595893988596432,-0.00605370928336691,-0.2136215301205818,3.7223143344989604,-0.7916333708231899,-2.6065154599169067
0.006334062000350932,-0.013485654070007937,0.005659381810623168,-0.0059524829561329725,-0.20015714740610321,3.736043654802625,-0.6955862377408355,-2.623574619145892
0.006323623186116779,-0.013473636958729204,0.005641697650534462,-0.005971363604496322,-0.2031430629227903,3.728897263117456,-0.7147088136265506,-2.618010863797761
0.006313630956536899,-0.013462051851280703,0.005624648957473552,-0.0059894723656102565,-0.20599547543985866,3.7218878073063464,-0.7330509129092536,-2.6125349129641084
0.006156109426133107,-0.013241520919972103,0.005335578237485666,-0.006327219809554249,-0.25422903138907477,3.6012540590834945,-1.0653372546669972,-2.5065237509066196
0.006145978081490384,-0.013229498700377674,0.005315799722383596,-0.006343912438759216,-0.2567552193394033,3.590099309809317,-1.0824705709880968,-2.4979151911816224
0.006135806400360647,-0.0132174453517251,0.005295830563403168,-0.006360504077105624,-0.25935884034061596,3.578705238455717,-1.0994874501966023,-2.4891322085281193
0.006125741389910937,-0.013205267455457524,0.00527591852923082,-0.006377231896097933,-0.2620151342607863,3.567337364052156,-1.1165646763428005,-2.480294546810543
0.006149962293667008,-0.013257027032921071,0.005326503017661288,-0.006296589880206849,-0.2527732827798912,3.584223381294106,-1.0415809096771051,-2.5011946442323896
0.006159778395574314,-0.01326938686049714,0.005345422932306874,-0.0062790219392496885,-0.25012517323913497,3.594201999182094,-1.023869599404753,-2.5091598878693806
0.006285284041516297,-0.013411884580508272,0.005576470280934988,-0.00607167022269503,-0.2166053727805046,3.712980045860902,-0.8102961984881724,-2.5995729603277273
0.006274646171453878,-0.013399880900178561,0.005557570138613786,-0.0060898436042428,-0.21954375263729906,3.7040792917341174,-0.8289885903231159,-2.5927865071550382
0.006264329887022537,-0.013387853022331744,0.005539124937248,-0.006108044978095691,-0.22243575739423907,3.6954836455775926,-0.8475798809306948,-2.5861053506963185
0.006254062915257127,-0.01337596647135615,0.005520637962199693,-0.006125881446630551,-0.22528717943502555,3.6866444054395733,-0.8658477458492326,-2.579273213234328
0.0062228643149551165,-0.013340684616151455,0.00546371558922755,-0.006177784804586074,-0.23371506976583634,3.6579430389082996,-0.9193517758174669,-2.557442501235243
0.006243594548503098,-0.013364261091740687,0.0055016601200171015,-0.006143186540983865,-0.22812676654614264,3.677143747818288,-0.8837287364017664,-2.572084283964576
0.006233115261103002,-0.013352516139388702,0.005482542158432243,-0.006160427921587709,-0.23094089516608649,3.667439435884465,-0.9015388697488521,-2.5647392705189134
0.006180581548396542,-0.01329404682087161,0.00538497857038961,-0.006244122696345688,-0.24467655984562922,3.6154224175828884,-0.9882421404883411,-2.5255962692654204
0.0061699202109328005,-0.013281866147350073,0.005364810753582407,-0.006261258264083976,-0.24741581304535518,3.6044269480620525,-1.005881942632672,-2.5172318354184884
0.006212642563564068,-0.01332896525809822,0.0054448263894933055,-0.00619482311847657,-0.2364655847696795,3.6482136226175257,-0.9368783993945357,-2.550001250248871
0.006202157794443069,-0.013317445230552215,0.005425357319066689,-0.006211264335305895,-0.23919204837028643,3.637739685907927,-0.9539708916883055,-2.542169394466782
0.0061914412883849875,-0.013305864346538694,0.005405359240733116,-0.006227582263930226,-0.24192357149410634,3.626730696436247,-0.9710075807236728,-2.5340053391988424
0.006109580352328429,-0.013208557315974674,0.005247758253436544,-0.006363278637090331,-0.2630783011921794,3.5400594349437147,-1.109464988594377,-2.466922583429359
0.00609371760756527,-0.013211672130802132,0.005220271522910796,-0.006349823828977156,-0.26345207651983354,3.513870002638933,-1.1021048373112778,-2.4539867122750976
-0.004863878906224565,-0.009526081197164813,7.468439434492518E-4,-0.008109667783661198,0.29251417257404366,-0.5064973641701197,2.4095889729074393,1.243463383066134
-0.004863788048448985,-0.009504290932907672,7.805466042927637E-4,-0.008103562980199786,0.2974084340501846,-0.5285038427611984,2.4028934505654695,1.2664493795738234
-0.004867059145818537,-0.009478508847918048,8.213151250273199E-4,-0.008099883074229196,0.3042130452181108,-0.5544602920420076,2.3975853591483376,1.2953202594594846
-0.004889803418913707,-0.009212756757333107,0.0012340064942713417,-0.008027261595702781,0.3625622245927333,-0.8197068098856483,2.3132871854549575,1.5828885448941106
-0.004859500397641131,-0.009449883684552714,8.630541334042706E-4,-0.008082493930341083,0.3078366650001568,-0.58320362113899,2.3816336599036254,1.3213273183182095
-0.0048558178122709095,-0.009423192044705306,9.027189411310075E-4,-0.008069744013152106,0.31204815132457386,-0.6098411149222321,2.369280008768761,1.3471287448787461
-0.004862165971553084,-0.009399065282226246,9.416398536638693E-4,-0.008068959707499662,0.31917833484929187,-0.6340187878611805,2.366125746445245,1.375655016361523
-0.004846310807870622,-0.009381026551888258,9.635620547360915E-4,-0.008044615057144927,0.31724180722808554,-0.6514412179258497,2.345840959787212,1.3853090961638963
-0.00487240389448267,-0.009325411133525559,0.0010572703885280874,-0.008054060667271825,0.3368542949770898,-0.7075983810821617,2.34679110930286,1.457542897796632
-0.004850721725324651,-0.009359626616576125,9.97469399390394E-4,-0.008042024018615227,0.3229010324779797,-0.6727472927224724,2.341530891118502,1.4097444550630343
-0.004853461405611061,-0.009339653470569665,0.0010286000189779884,-0.008037803327402893,0.32761727468956836,-0.6925527766174332,2.336106377789041,1.4317203445901217
-0.00486302211529814,-0.009307205974464106,0.0010811136747957751,-0.008036284833308323,0.3367836889189436,-0.7249786762542392,2.3312651449779187,1.4704162162327952
-0.004865730497404951,-0.009285601572355822,0.0011146554775714678,-0.008030774014908081,0.3417068979968356,-0.7464115139155543,2.3245916744381656,1.4940205750427744
-0.00486111118461043,-0.00922877869840119,0.0011974952971876684,-0.008001661173369442,0.3494074265900821,-0.8014108718115521,2.2957583212648145,1.5481027095031992
-0.004862738555887701,-0.009258272512509873,0.0011543162689785478,-0.008016117065012705,0.3451626789086419,-0.7729249486531149,2.31026258273145,1.5197015431164937
-0.004887655603584389,-0.00918449379830396,0.0012751526703068878,-0.008011963950970978,0.3661132890979644,-0.8469888988870568,2.2981386933996633,1.6096758078783449
-0.004888585698224908,-0.009156826872235357,0.0013165879625734683,-0.008000022161317295,0.37056401817867585,-0.8738570615734319,2.2855358932858993,1.6377075127727239
-0.004888225427790498,-0.00912779369546773,0.001359192911292854,-0.007985518749159289,0.3744656689424109,-0.9017499298923032,2.2707228012987226,1.6659714269603605
-0.0048739500257917075,-0.008880104086185909,0.0017038769092063437,-0.007830921664086199,0.39467003792257055,-1.1263174484746112,2.1178642062174546,1.8834383344296752
-0.004888023237853734,-0.009099992377733767,0.0013998171496977256,-0.007971357074159155,0.37810541931733116,-0.9282372527153893,2.2562611864811895,1.6928212668938627
-0.004887145328407634,-0.009070964280644234,0.0014416062542121054,-0.00795537124689258,0.38129751373769066,-0.9555985149842307,2.240144655626074,1.7200795569219955
-0.00487492801134698,-0.008920419041885843,0.0016487085048946008,-0.007856758450370755,0.39201488490604786,-1.091048181492147,2.1435877730789703,1.8490421728722242
-0.004878749983358214,-0.009038416426949553,0.0014840910694169601,-0.007928576585804988,0.3818983376839395,-0.9846947500569809,2.2152568162659603,1.7446667507437768
-0.004889464602030557,-0.008999536879770191,0.0015456635015026756,-0.007919118627879711,0.3902266238207445,-1.0226753478861121,2.2024573017320286,1.7890783267815384
-0.004879450937064369,-0.008958578340116064,0.0015979876691054014,-0.00788443800298253,0.3904048138599459,-1.0579127220116773,2.170225334723442,1.8186254704047446
-0.00489989353835726,-0.009705310471143825,4.7280018173393015E-4,-0.008190629032596625,0.25907892623490986,-0.3211680640907484,2.48566659555398,1.0671698055307874
-0.004890009885501748,-0.009800413439485811,3.196250978301206E-4,-0.008192549419129613,0.22999457412896004,-0.2242325940341506,2.4947930362333905,0.9594419456058386
-0.004892395203017751,-0.009783906696857284,3.46270997582209E-4,-0.008193363821789064,0.23528801324422097,-0.2409592002220152,2.494056769800397,0.9783752720077298
-0.004897395737290574,-0.00972544688404208,4.402843880479134E-4,-0.008190992693452056,0.25286030825475586,-0.30066163164929544,2.4875890315773592,1.0441687292590016
-0.004895101524902477,-0.009746700780912375,4.0603284406672474E-4,-0.008191524611984262,0.24637593258361365,-0.2789900890955353,2.4897130860576717,1.0200419133030796
-0.004893793693707606,-0.009766198758650865,3.747285094509142E-4,-0.008192715245632318,0.24061435752210705,-0.25904203979167484,2.4921630751277966,0.9982476603956053
-0.004883302746716213,-0.009692867971556508,4.897211391287097E-4,-0.008169199237908759,0.25745486875764945,-0.3354649170741891,2.468897780957636,1.0736734068756075
-0.004888150934043706,-0.009667968114464713,5.300372694614666E-4,-0.00817029167712577,0.26544695979377586,-0.36061667963853555,2.4675703697993066,1.1027371349694255
-0.004881774807976555,-0.009641493526896354,5.706174003961986E-4,-0.00815768145137171,0.2703054521604627,-0.3882168954720507,2.4559605903176265,1.1285367526969532
-0.004876774905886501,-0.009616938809031332,6.082052686719666E-4,-0.008146702553790108,0.27493613865736716,-0.4136483573509088,2.445646651523603,1.1527172716967966
-0.004872056097756976,-0.009592986331140254,6.446950629531578E-4,-0.008135858280776584,0.27935121323151607,-0.43832803808397597,2.4354254214394224,1.1762179505538655
-0.00486760806393323,-0.0095697676235972,6.798987789855547E-4,-0.008125191685975744,0.28353781273406126,-0.4621280718573731,2.425338175397655,1.198896413887226
-0.0048646160417030225,-0.009547581402087411,7.136763458814793E-4,-0.00811617515705238,0.28780403116662395,-0.4847270626598717,2.416517706862278,1.2210389945690698
-0.004910985850554184,-0.010002479410819647,-4.038985184772396E-6,-0.00822847082143876,0.17497420230216998,-0.013055674022367602,2.5356883288043037,0.7457072746429668
-0.004896586806690997,-0.009946328686153486,8.623776319201048E-5,-0.008210814968395553,0.18894510589173266,-0.07313088881305108,2.519140769500917,0.8024476710681203
-0.004891324559007376,-0.009931488412768332,1.0987874042890483E-4,-0.008204161337308445,0.1921652512010418,-0.08916565094109984,2.5133127225329956,0.8168683423408415
-0.004901138324633649,-0.009983593939437575,2.637887228691189E-5,-0.008216890057408333,0.17863115633987967,-0.034071933192955595,2.526185985462167,0.7632033677403015
-0.004892601036309485,-0.009963147560415065,5.91169850518532E-5,-0.00820661843109505,0.1829178549511548,-0.056413836560964534,2.51743886958458,0.7827361223976385
-0.004888007137752749,-0.009911725976456258,1.4140237572468132E-4,-0.008199406222533663,0.19726254055726097,-0.1099551103688562,2.5084332400927187,0.8372839283522381
-0.004883718988129691,-0.00988974109235561,1.7633203653542753E-4,-0.008193164370565123,0.20268036372968554,-0.13314018645866052,2.5022853186609457,0.8597413138312836
-0.004894584634875781,-0.009854944744779695,2.3282363667037064E-4,-0.008203256561232072,0.21558735301686371,-0.16752808205265027,2.506794878160029,0.9016350989872989
-0.004881357297974187,-0.009869713533055699,2.0815700069434486E-4,-0.008189035454081436,0.20792518280714328,-0.154004665515566,2.4977613895169837,0.8806821583766741
-0.004889565961774571,-0.009817405955288941,2.9243197778895284E-4,-0.008193890985822778,0.22506593970865083,-0.20679480530725966,2.4971182037881126,0.9407410061049896
-0.004890558944626903,-0.009834965868665044,2.6445847148279944E-4,-0.008196794263161845,0.2202820379126249,-0.18860097273116352,2.50059751407198,0.9219565212478784
-0.004868478143630729,-0.00980813344711595,3.04932315231933E-4,-0.00816842065059954,0.22211153350134763,-0.2187086633284363,2.4779795102186157,0.9427472177527146
-0.004938246238914851,-0.010359530431876639,-5.839008675959478E-4,-0.008223772031575314,0.06390902753901938,0.3590310502989174,2.5569960269365524,0.363371035710188
-0.004935733892040324,-0.010343416277667054,-5.574657271501957E-4,-0.008224051967158348,0.0689109818279196,0.3419946077673188,2.5561148273738135,0.3802645485736989
-0.0049391311542602715,-0.010403387268703532,-6.545496690410839E-4,-0.008215298706511201,0.04960409150184813,0.40413557006042616,2.554201286316363,0.31599296019769635
-0.004928836107867708,-0.010386212990732465,-6.247265432921911E-4,-0.00820713401215427,0.05414112095081105,0.3843637008068623,2.5475385442653127,0.33218577303243907
-0.004923649320046801,-0.01036983171045468,-5.974052963364371E-4,-0.008204601182503076,0.05888641049505263,0.3665134997848334,2.544721455210991,0.34869339721108594
-0.004933748695467359,-0.010326664404071234,-5.301173409225503E-4,-0.008224918418233926,0.07417780795568252,0.32441454206807846,2.5555872216464874,0.39798246079147953
-0.004932621786996895,-0.010307959675218211,-4.997777647441163E-4,-0.008226970342036927,0.08017807350497837,0.30500907110513936,2.5557321707424197,0.41803925714050194
-0.004921281807183659,-0.010289953772919039,-4.6887268733898576E-4,-0.008216780309913907,0.08457197237224824,0.2842639329519061,2.547605218124606,0.4347553698954689
-0.004916111917080206,-0.010273173632865167,-4.410885254642522E-4,-0.008213426096660474,0.0893031887841196,0.2660468690850033,2.5441825964376963,0.45166095058956074
-0.004911947367764696,-0.010256895556635766,-4.1432850166202984E-4,-0.008211013856088793,0.093982675839846,0.24854861234544548,2.5414282876138494,0.46827287759844033
-0.004915331240990221,-0.010227127177594728,-3.669438690940366E-4,-0.008219033057401001,0.10410789111766881,0.21869953905364695,2.544876381165592,0.5015273367552094
-0.004904714646652654,-0.01024086576777965,-3.876032643072927E-4,-0.008204847530351563,0.09805756005556648,0.23072374495177297,2.5361128456220143,0.48379215401446535
-0.004914506391113547,-0.010196816556661265,-3.1803303282003506E-4,-0.008221703439528468,0.1137792773672253,0.18744826587466887,2.544632230454251,0.5343122544542012
-0.00490474443562031,-0.010211277466206817,-3.401606595143886E-4,-0.008208659537814455,0.10754818877091743,0.20042811133341673,2.5366829029522004,0.5159340256347312
-0.004914136009037107,-0.010163577545245325,-2.6440639951176445E-4,-0.008224654778597308,0.1244393834159205,0.153251994263345,2.5443739079029313,0.5704539934175231
-0.004904247780285715,-0.010178021304062828,-2.867069596427039E-4,-0.008211734012389706,0.11811809939373152,0.16625012763465952,2.5364878698459017,0.5519604835200279
-0.004904189126739965,-0.010144852987783264,-2.333791446608804E-4,-0.008214683561004585,0.1286968466289121,0.13220905108115547,2.5362014819705716,0.5880635275368719
-0.004895253600205386,-0.010126371066558119,-2.0300731467106387E-4,-0.008205689957239385,0.13293883316793934,0.1116539936181115,2.528677187565179,0.6056285201338252
-0.004891277082804113,-0.010109029998545353,-1.749381451283989E-4,-0.008202209410335545,0.1376593473233362,0.09318136056097982,2.5250207034594996,0.6233333659479817
-0.004904395120188463,-0.010033196328741648,-5.355246090670788E-5,-0.008220487227871186,0.16398851518817548,0.017513902410403504,2.532301512829998,0.7099906530625989
-0.00489823075175853,-0.010016181248668383,-2.6071583200058845E-5,-0.008213527634306684,0.16794577502970884,-9.92831616000448E-4,2.526205438075374,0.7266495372884552
-0.004892126079864925,-0.010043222226087688,-6.942178670281326E-5,-0.008205985208848052,0.15831565282091167,0.025804944428786235,2.522888678583351,0.6952394320295199
-0.004889378787668657,-0.010057023511258754,-9.148258602470503E-5,-0.0082024085359287,0.15348210908965962,0.039521927853785145,2.5213943189053936,0.6793555253578686
-0.004888152232560947,-0.010074055735030016,-1.1873370883198626E-4,-0.00820036383772946,0.1479587263501465,0.05679054048307486,2.521207750291966,0.6604456458132423
-0.004888914585592485,-0.01009159819052721,-1.4687279246607726E-4,-0.008200440786446092,0.14265349685707873,0.07490452709928348,2.522533362244394,0.6415949375634922
-0.0049587957774048265,-0.010596891336802701,-9.685083538075534E-4,-0.008183152050795303,-0.011539849219189048,0.6064231630061955,2.5454597121558855,0.11122860269286204
-0.004956205566471456,-0.010578864960268922,-9.391186151146129E-4,-0.008186172083796427,-0.005938187139868747,0.5873992654367824,2.5462875388250885,0.13011406796830885
-0.004938624445084272,-0.010543421374070617,-8.774343679893489E-4,-0.008177013121281706,0.004333983652749843,0.5471003487561256,2.5377162801893483,0.16465634813108418
-0.004944503566219243,-0.010560452134054795,-9.061948186183572E-4,-0.008178507972468245,-7.114773658064827E-4,0.5658449287236068,2.5398747963666874,0.14754615860165507
-0.004935848103688821,-0.010527381631646246,-8.512303817754982E-4,-0.008178666461938917,0.009257154963836096,0.5300937388713729,2.5377546828011046,0.18134393911659452
-0.004933421178187651,-0.010510354935754843,-8.235688004037289E-4,-0.008180864787099318,0.0145070120179316,0.5121694884723501,2.5381011281916486,0.1991620817035861
-0.004932225508787542,-0.010488277888050925,-7.882365329645956E-4,-0.008185737161237787,0.021470373557711364,0.48937915084042244,2.5399241245673188,0.22268339948741886
-0.004922333045812818,-0.01041643048615183,-6.714833619975825E-4,-0.008192676213091638,0.04369458137860153,0.41385055409281507,2.539780040290434,0.29799826420472014
-0.004920025629447656,-0.010465519463380583,-7.488594052013673E-4,-0.008177713988704982,0.02775611746229355,0.4634317205466251,2.532955030511623,0.24454392022483715
-0.0049094462664222415,-0.010443763084218483,-7.11708251875731E-4,-0.008171042752409237,0.03370762052394904,0.438914714929546,2.5269464239519515,0.2656317109052273
-0.004909619561220315,-0.010427584946764221,-6.861546331186843E-4,-0.008175235400016237,0.03888168381655723,0.42246863308476057,2.5286924631371703,0.28308457279471455
-0.005020569058400131,-0.008126619457627979,0.0027562700613491873,-0.007365984506259616,0.43247458883305573,-1.734416685266504,1.621096926259313,2.5335837815200466
-0.0049913631088850914,-0.008151226627984703,0.0027009220440413705,-0.007362079699277527,0.4253728510514315,-1.704090764106398,1.6283088955312532,2.488574251112958
-0.004993263006663366,-0.008190825352180691,0.002659803081041058,-0.0074025981583409,0.4298225059823627,-1.6833228417315735,1.664897520297528,2.4731608511179606
-0.004984377989163829,-0.008236485364337595,0.002600711497931532,-0.007437620561924772,0.43082756268409234,-1.652012831958345,1.700534242779616,2.4411553853092713
-0.004991225044758315,-0.008292452088591444,0.0025435680699562226,-0.007497036394213068,0.4374866994544945,-1.6217166032433146,1.7540262474750115,2.4204068171718913
-0.004978582576740595,-0.008268659314915435,0.0025589953519315617,-0.007462134620297024,0.43133949901719004,-1.6295437853600725,1.7255205390455193,2.418305354869611
-0.004983707619370599,-0.008326060853653146,0.0024976771694657667,-0.0075203283908709395,0.43713539787251415,-1.5964276426756014,1.7787557047302103,2.3934893072946752
-0.004954685576563869,-0.008356170113083289,0.002436287031250945,-0.007517909175389842,0.42845230887264324,-1.5621300643277853,1.7863251966089457,2.344120454961178
-0.004942959159170022,-0.00838811738764047,0.0023883031858744908,-0.007534180547214613,0.4258346110539809,-1.5352913750062192,1.8056281082287877,2.3127375754487773
-0.004915634490359755,-0.008406349141275988,0.002343058611180515,-0.007522159830819414,0.4169671163185878,-1.5099682912021348,1.803176971278987,2.272692985781014
-0.004896747238545069,-0.0084316682798663,0.0022970221362247855,-0.0075245420934272915,0.41126790690245796,-1.4842759325589259,1.81150353629998,2.2379308642409246
-0.004907891198542803,-0.00846713131940112,0.002263884217973353,-0.007565619768172231,0.4160854290776936,-1.4651413563866809,1.846994155179063,2.2273298061602667
-0.00491515098766467,-0.008509452364646408,0.002218194731161463,-0.007607941781390683,0.4199106259818195,-1.4381840963998371,1.885459475762967,2.207182677463147
-0.004888785685768522,-0.008677767454029308,0.001984701259565965,-0.0077100019574177425,0.40994710719378863,-1.299907692493928,1.9931633711342271,2.061191117817597
-0.004900050680988343,-0.008548365093584585,0.002157904823775161,-0.007623428629868209,0.4147770878758918,-1.4034158290023717,1.9051862935302715,2.1657157353706613
-0.0048929112351380755,-0.008594157782304958,0.0020949049280681704,-0.007651719771789482,0.41244985515938914,-1.3663444686814632,1.9348638566531904,2.126699505747133
-0.004888758738482078,-0.008637888454627403,0.0020361281046234352,-0.007680522170872932,0.41054493944774556,-1.331235325304762,1.964237867725048,2.0910292987500365
-0.004834705296405212,-0.008862536091215324,0.0017032432091845394,-0.007777143780593131,0.3813764249082174,-1.1310593022492947,2.075665587325578,1.8658930619807939
-0.004854089555570183,-0.008698548525511716,0.0019327875000955173,-0.007688043650118427,0.39642510407563575,-1.2714639645720738,1.981965130661796,2.013545439498699
-0.004868970712604974,-0.008733266067868053,0.0018980655759777071,-0.007728366576602857,0.40090466181217516,-1.2484866943272062,2.0171981996906907,2.000007646795605
-0.00485893369165274,-0.008769272542026878,0.0018437143925559673,-0.007742382039133849,0.3953307655358487,-1.2160441981237924,2.0339748964823805,1.9627717353862144
-0.004858625382129996,-0.008807119926437196,0.0017930965342118667,-0.0077673631666428595,0.3937511606369494,-1.1845114754212653,2.058883429689891,1.9318573031066089
-0.004835318139148703,-0.008829244937561999,0.0017483249359918727,-0.007756634356758166,0.38361749529556644,-1.1592404547584432,2.0551211558103906,1.8939697199268057
0.005046936741341153,-0.008035433865466773,-0.0028787858252499105,-0.007298020021967393,0.43047585066051525,-1.7965727049572227,-1.5490611127603044,2.60022845283952
0.005025469513892609,-0.007994751065453462,-0.0028974100981449657,-0.007235327761731054,0.4182648215623265,-1.8021258729893723,-1.5011531652675776,2.5874135394403868
0.004997755337978085,-0.007946228112490347,-0.0029156187496123674,-0.007159059172714142,0.403604144911434,-1.8053878679050555,-1.4450150738851115,2.5681492154053083
0.004983846164522249,-0.007892920650674358,-0.002951033266294253,-0.007090345415635606,0.39256160795688305,-1.8178921767916918,-1.3913188508210972,2.565747314699067
0.005459039427798625,-0.006465202213669516,-0.004328277431612796,-0.005608835027670684,0.1982248514552716,-2.1197341502325107,-0.22607132243556946,2.7800446507112295
0.0053845653488101206,-0.006511897233758617,-0.004221307978024904,-0.0056439966646450014,0.20433821840878183,-2.093332632158176,-0.2795227401685079,2.7397486373009996
0.005221937333706451,-0.006967812074227023,-0.003862947328441156,-0.006159101419511447,0.27760983526153366,-2.086232526180926,-0.6225207291191318,2.777599884331661
0.005245675459499969,-0.006900531932531361,-0.003921477779209284,-0.006085763890887017,0.26654589766615894,-2.092995334589347,-0.5688052543273224,2.7787410623607944
0.005259036819377363,-0.006838389646373278,-0.003962668686435384,-0.006012869943676767,0.2560538280317482,-2.0921427818713103,-0.5220583937427269,2.769061440783044
0.005311551972726335,-0.006558754951768736,-0.004116409057838722,-0.00567750364292931,0.20984676563826202,-2.066174113362978,-0.32998851281929414,2.698913507645124
0.005335325773220647,-0.0066475574852683066,-0.004123434209099704,-0.005800922820158095,0.22649826411721838,-2.099624684343849,-0.37664758637817614,2.761257190415787
0.005270881263006677,-0.006767545481169163,-0.004003081801500913,-0.005927685546530426,0.24416461205861487,-2.087274892002787,-0.47115377707232753,2.752678274910521
0.005280581587264762,-0.00670156003611828,-0.0040369684425819365,-0.0058474750497755365,0.23249665025455593,-2.0800151272616696,-0.425732008841858,2.73407904443053
0.005115383682063156,-0.007687490671040693,-0.003278326987354758,-0.006973739077058582,0.39680835420112415,-1.9705490594555906,-1.2416958759150065,2.7593706623802454
0.005084768086462823,-0.007639192360902137,-0.003282040091146677,-0.006892431464526907,0.3801320322290012,-1.9614104669447132,-1.1890409835214648,2.724064381278945
0.005124486426689566,-0.0075960131231028825,-0.003362796107746799,-0.006873520138142506,0.38237113918428595,-1.9983314587403667,-1.1570040082156023,2.7749189107315297
0.0051477378464647615,-0.007544024236339465,-0.0034304140540026757,-0.006829601578467998,0.37779983849129645,-2.0242028118671715,-1.1126506624486991,2.8036817850626594
0.005129594245553898,-0.007476982763048964,-0.0034574308815550478,-0.00673482045625221,0.36136274978601207,-2.0218357213255955,-1.0482322565846618,2.777917033276545
0.005202307641485197,-0.0070887836352744845,-0.0037815139875662655,-0.0063016122828398,0.29837157243644574,-2.0837881060763905,-0.7178592004755621,2.793522306760804
0.005170847622261308,-0.007009664330893157,-0.0037796833097833364,-0.00618417199346412,0.27960562807732137,-2.058027839146872,-0.6604320481623226,2.7371339696525543
0.005185272510581107,-0.007163218665244445,-0.0037215099312696794,-0.0063852911882088725,0.31079892777773527,-2.0759261306410157,-0.7791925321923036,2.7945280412099596
0.005145180662411291,-0.007121448722437868,-0.0036934043573452527,-0.006308841438687511,0.29647319821805085,-2.048378223474461,-0.7479120844635978,2.7399941594313684
0.00520869768457299,-0.007335322362369948,-0.003650300611567458,-0.006617309811969953,0.3485867896563557,-2.090640661077271,-0.9257011048881524,2.85819135605136
0.0051872964583038325,-0.0072468068695646405,-0.003677237843163214,-0.006491519274909757,0.3274228695422369,-2.078241469346349,-0.8484430077335395,2.815905992148911
0.005108287704166696,-0.007423565750036043,-0.0034687007287106096,-0.00665478756999865,0.34652476651658104,-2.0136079528828903,-0.9984763118214138,2.7486375302199657
0.0051346211843827615,-0.007370174044622148,-0.0035360428197958897,-0.0066086417435893535,0.3420863068225604,-2.0365994456749026,-0.9539197903891018,2.7741986843585402
0.005065119105927185,-0.007589210036319538,-0.003298236722529693,-0.006818794550514552,0.36717323643080507,-1.958561568771945,-1.1396204550781959,2.702040085834639
0.005071495091126216,-0.0077311946849463326,-0.003190977754314739,-0.006987349602480923,0.39245026617583617,-1.9283702610035751,-1.2714951602868128,2.6999728791807853
0.00502614635575004,-0.00785017339675678,-0.003035775591663289,-0.007081239315099088,0.3987810202204035,-1.8604803077932923,-1.3674990330372214,2.6254658072400603
0.005036974775137565,-0.007782136491275309,-0.0031083162560443024,-0.007015563990020857,0.39154747928381944,-1.8899178022702292,-1.308701812732142,2.650694776763736
0.004934810655231531,-0.008637617005410986,-0.002071153899596214,-0.00772955933006214,0.4280368004009682,-1.3486396237554386,-1.998444288790616,2.135765588161076
0.004908293436457451,-0.008671477623303548,-0.0020071789054315367,-0.007726287712933014,0.41731557115199847,-1.3119089078800228,-2.003353946372711,2.0844180887786146
0.004893963243899036,-0.008708921644375455,-0.0019477238128721875,-0.0077380283540857625,0.4108774620770932,-1.2767693416167445,-2.0192573112667778,2.0420601450761158
0.004884213703084472,-0.008748068586434841,-0.0018891369061008378,-0.007755068216357614,0.4058933987309608,-1.2414948222805045,-2.039076048783734,2.002187919551656
0.004997776366137085,-0.008413676555392602,-0.0024056405015391905,-0.007613370446459348,0.44762397554840805,-1.544384101450053,-1.8637344043842448,2.3576125735200457
0.004977173117925706,-0.008440955014653084,-0.0023543523845064684,-0.007615448309496867,0.4409758794655567,-1.5152775248725157,-1.8727596794716685,2.3175973475354765
0.004969609340948748,-0.008464627558767954,-0.00231875424337397,-0.007627726776954081,0.4391376949775858,-1.4948156224205302,-1.8871975529030205,2.294058714905315
0.004948659540961948,-0.008480079409326513,-0.002282048944976267,-0.007618733315770361,0.4316938160044062,-1.4741593605172312,-1.885205994048869,2.26141712075267
0.00492449400778569,-0.008565561541654275,-0.002155649701817606,-0.007662743500496012,0.42412722509823825,-1.4006397934065833,-1.935878947399166,2.178221082619922
0.004925319879494786,-0.008502185634265861,-0.0022354662767862378,-0.007612603213691877,0.42357811108739923,-1.447831515009829,-1.8867837082937335,2.2224108033451038
0.004905609883799497,-0.00853092787147577,-0.002183959692607463,-0.007615332022933338,0.41668959732414984,-1.4185456444860847,-1.8956923836209263,2.183171728149952
0.004906870756801209,-0.008600217088022543,-0.002097957674824072,-0.007671109032995448,0.4175745504579668,-1.3672399438999407,-1.9495067364163692,2.1359980594849666
0.004971586828310315,-0.008374752255139362,-0.0024293865774689797,-0.007551738264179914,0.4358786912616434,-1.5581866933464597,-1.8130677124767594,2.3519474604838098
0.005025828093671729,-0.008070675785815435,-0.002820599478412227,-0.007314346671793836,0.4277809360102694,-1.7663447573452602,-1.5718915185998446,2.561719128591593
0.005007070910866684,-0.008107557331793375,-0.0027629741868700907,-0.007333807226005518,0.4257902049780587,-1.736475548221225,-1.5965077058692563,2.525061896573223
0.004988909910414594,-0.008143064535743828,-0.0027072281883169617,-0.007351653631814653,0.4235032405238815,-1.7071642141139092,-1.6193799180596915,2.4889851440034056
0.004947790541315486,-0.00821674327167185,-0.0025878916641563156,-0.007382946148966832,0.41618081526718514,-1.6436090978785864,-1.6624609297525725,2.4090328500931473
0.0049677642878664455,-0.008176949067699965,-0.0026502153781172437,-0.0073642847447565685,0.4196260745916618,-1.6767692049060205,-1.638427698868847,2.4497784344512223
0.004912963546864464,-0.008248827463625262,-0.002520203986553148,-0.007379096931106479,0.4072443035890863,-1.6066763976828426,-1.6705212457462792,2.355264294325037
0.004949301324238002,-0.008333948561750106,-0.0024573239455387146,-0.007492555650928794,0.4252800889493395,-1.5737661891026802,-1.7641229386014163,2.3506198180363995
0.004930104968253302,-0.008292012390781941,-0.0024878637332441302,-0.007435440589333737,0.4158939926354961,-1.5900002570580012,-1.7169729242958913,2.3521243414086066
-0.0050043131281941365,-0.00784491262426013,0.003016795696213441,-0.0070566025699744855,0.3919641561715305,-1.8480667655480083,1.3551664477501326,2.600333011403398
-0.004996554114339782,-0.007964748427408179,0.002896539220767763,-0.0071774424731162025,0.40567549892880345,-1.7968462489296653,1.4613540240737724,2.561519446884294
-0.004984341701546283,-0.007913249199375727,0.002932680291804459,-0.0071123452796072175,0.3955543006171834,-1.810245735315961,1.4096299723394936,2.561033102259915
-0.005006853319120258,-0.008070248338780787,0.002801659392491957,-0.007295884037865135,0.42180200384581135,-1.754917985636879,1.5623760814172305,2.5389651982954837
-0.004982185632627007,-0.008015757461072876,0.0028316353654803017,-0.007217215629293545,0.40766963097250875,-1.7658456232543105,1.5013226637652468,2.5288069849256396
-0.005049682838344592,-0.0076040928173635005,0.003268974936348299,-0.006824056679290141,0.3659296281227257,-1.9451340059011353,1.1499661588051764,2.683304748510311
-0.005063595812735987,-0.007562095844096305,0.003316995096079999,-0.006786039737136833,0.3616891898253375,-1.9627059459157947,1.1151580851018768,2.700713735203351
-0.005044055280426858,-0.007525085861368063,0.0033214772184231326,-0.006728144968367515,0.35191275755187174,-1.9560382415685875,1.0794092863257905,2.677768982414609
-0.0051543255223949905,-0.007184912876027625,0.003671036009614767,-0.006393189347358952,0.30997540053601674,-2.055799593565283,0.7981291714001766,2.7646030630182907
-0.00514774556022812,-0.007236400867101758,0.003634010345311481,-0.006452842979279548,0.3192331856877248,-2.0512522766870482,0.8406864764206683,2.7679483311969264
-0.005112637420117005,-0.00725981907333272,0.0035772485299732835,-0.00645900012285205,0.3174244678315025,-2.027249078519325,0.8601335993142827,2.732496207086696
-0.005100626600248597,-0.00730438535775478,0.003536001355115443,-0.006505373779499051,0.32405643082929175,-2.017555929632889,0.8966995708709989,2.7258677796234387
-0.005060790341438589,-0.007477220893787859,0.003375207104529924,-0.006684420245546343,0.3471426297951279,-1.9746111044730537,1.040165191984653,2.6960629412854176
-0.005085278952756247,-0.007415682750242944,0.0034464101204077463,-0.006628939407740674,0.34097490286668736,-1.9984858867696145,0.9898608502740178,2.7206431637673245
-0.005088344502203566,-0.007354404293970543,0.0034900709827652113,-0.006557548181397068,0.33068822243819623,-2.006274166620372,0.9380042206072406,2.7185927373595855
-0.004991983692782121,-0.0076779008194126355,0.0031453679539468595,-0.0068625230371783435,0.36409082287561395,-1.8902794693566904,1.2024599854523588,2.6110124508434245
-0.004946986074319656,-0.007802111549340576,0.0029926991596594316,-0.006962084208568863,0.37052350250071237,-1.8261641474391095,1.2985486647435651,2.5421391448268875
-0.004958164834120927,-0.007731500420112267,0.0030644230627555817,-0.006894723396912044,0.3637022396110955,-1.8543650299689562,1.2404947758354439,2.566040434998023
-0.004981181554255552,-0.00762519914400226,0.0031747309014208006,-0.00679508630430773,0.3536378833086235,-1.895714705300364,1.1542501376396197,2.6028931262766224
-0.005236395241435533,-0.006966961799532871,0.0038816826656768726,-0.006165831040323418,0.27896067821491083,-2.0952934420049023,0.6196332849637095,2.7925392100302737
-0.005232219733610495,-0.00689003703706073,0.003908464065543303,-0.006065543061070944,0.2639652501605725,-2.0832542014064632,0.5638683788633472,2.76142532365936
-0.005406510437437814,-0.006462973681123278,0.004260066988824658,-0.005588268930784635,0.19708441973499422,-2.0914353941744612,0.24463505948370276,2.733639173171277
-0.005367804613320811,-0.006636654557489446,0.004168678879214803,-0.005800112147881473,0.22572715880212343,-2.115824263129987,0.35981689862029625,2.786649932814757
-0.005376084621860969,-0.0065514166892820256,0.004201193609177212,-0.005692297402221366,0.21134730049887332,-2.098990783043949,0.30560831904435753,2.7521310885594654
-0.005306857421251821,-0.006769050296932187,0.004048939302579302,-0.005946010975062199,0.24724633953767386,-2.1084868364376423,0.46383681371546676,2.7883262013858507
-0.00524371428695841,-0.006821624054577322,0.003949294467277703,-0.005984028258990204,0.2515624095862819,-2.079988360755734,0.5137511876175318,2.7474937608241965
-0.005288933458170077,-0.006681774784033469,0.004053723936471284,-0.005825680213821253,0.2299138391693892,-2.080911773920919,0.4108880934926051,2.733683281652544
-0.005327200100485314,-0.0063909804585581,0.004172715458108237,-0.005470545105188764,0.18292847871681714,-2.0322558599722274,0.23343401783646725,2.63325932127413
-0.005312509261626841,-0.0062200835955388825,0.0041817787079952325,-0.0052542209457092206,0.15794699312051738,-1.9798224395798154,0.1567904786338111,2.5412912307102773
-0.005259986822088227,-0.006299647474598122,0.0041055014636656945,-0.0053373403380666505,0.16911890615035327,-1.9774741839119656,0.21030181719117125,2.540907938705813
-0.0051903255308895745,-0.007085986847789327,0.0037677761945167838,-0.0062910452039877515,0.2962696796839445,-2.075811173709949,0.7166681921847514,2.7796771836881207
-0.00515164459527313,-0.0071301327885699714,0.0036969467271023176,-0.00632343527947069,0.2990732740361071,-2.0525463775894184,0.7544240872009589,2.748770281103568
-0.005174642190950442,-0.007007895127189323,0.0037852398839101904,-0.006184031519002831,0.2796928609930009,-2.0601078186034694,0.6587317976550744,2.7404039920252465
-0.005373311170020526,-0.006120546251802261,0.004267767092291461,-0.005146572836258116,0.1451304594643998,-1.9773063086400222,0.09296697766452454,2.5339480566782373
-0.005359949050339097,-0.005995637218044789,0.00426168291787879,-0.004992071426618124,0.1303611581170634,-1.9356448643123925,0.04982670599809852,2.464744910791818
-0.005409754672890759,-0.005854234186991133,0.004327827438885511,-0.004831375735713811,0.113712185761049,-1.9111667716809397,-0.017442161220184136,2.42439477305861
-0.005356643016593542,-0.005903458680221539,0.004263044965241805,-0.0048815496966810885,0.12019573543972886,-1.9078272311444942,0.018535863640946885,2.4193746232393694
0.007833720492258146,-0.002500613343587064,-0.005608849744973561,-0.0011314551054242552,0.010002011960583148,-0.7975796029941719,0.7221195656906322,0.9308267581848811
0.007633906090107567,-0.00275902886853297,-0.005588099994741175,-0.0013599125805000476,0.004468494242929167,-0.9013882936539984,0.7544995563692026,1.0633708726413487
0.007753793406805052,-0.002191674103246351,-0.005466426698772351,-9.978479820793719E-4,0.01280626001028996,-0.7841727340834957,0.6102605258059747,0.8982388133621028
0.007892537004879128,-0.0018719928046569162,-0.005444651131522634,-7.953695818749056E-4,0.01741041181238429,-0.7082389283243048,0.5360600930962307,0.7969480873226099
0.008133883381778874,-0.0014875388788986924,-0.005456213191405033,-5.607818455012118E-4,0.022294380560691888,-0.5998101554502909,0.44750374341033977,0.659562352670357
0.007457975617682051,0.0012255256448425224,-0.005102887219726577,5.838298485469754E-4,0.016490404541565213,-0.7825810433693096,-0.30381477931797246,0.8609218093678042
0.007960830599129862,-0.0010094350541867813,-0.005299595269773587,-4.022990573036253E-4,0.02204286562084883,-0.6281680143370122,0.28798756974852724,0.6793936527741294
0.007632180009018882,7.251034521539707E-4,-0.005124031652084877,3.229856617811878E-4,0.018825432290371813,-0.7122333555208081,-0.18832891591855638,0.7702453597423516
0.007999738719587483,-4.34707390905254E-4,-0.005256256192128717,-1.6867701391187805E-4,0.022622300080379205,-0.5994952309829257,0.12420303981201573,0.6371143606677848
0.007808798391423372,1.7846355748693678E-4,-0.005168383609216655,7.400993899725509E-5,0.02084007170009426,-0.6513598134456958,-0.048166600416209564,0.6959861695613562
0.006822751985509634,-0.004087213209294685,-0.005487419168806774,-0.002700377689348113,-0.01925278025187715,-1.4121978394532153,0.7903482822820972,1.7482837034754442
0.007092151293141085,-0.0033331969011644856,-0.005431173295005847,-0.001967359764938118,-0.00868899561227575,-1.160442999178299,0.7432949186437091,1.3940768614863355
0.007055620194833021,-0.003533640358849629,-0.005476534080909374,-0.002136782943911314,-0.011627092975333589,-1.216083052396393,0.7758269604389668,1.4750923454914855
0.00693829611447066,-0.003684552777209467,-0.0054372435094725965,-0.0023046786361013917,-0.013588554228245552,-1.2786549082851664,0.7624412982649275,1.5562999416798675
0.0068719659014807215,-0.0038805832326028397,-0.005453428458686182,-0.002496712601489526,-0.016367796593670256,-1.343764187202109,0.7736699465683272,1.6487416799055523
0.006643429474617157,-0.004132891261286945,-0.005337407752512561,-0.0028052510353415,-0.01417911767091659,-1.451094409998167,0.7131957835960034,1.789280853098891
0.007307782084082658,-0.002758329420200633,-0.0053843551150581604,-0.0014847980620398616,0.0010675943964922278,-0.9945653872891581,0.668653095276035,1.1661390154084295
0.007133173848316053,-0.0030777929098775914,-0.005371887808132511,-0.0017649056220011628,-0.003444443482044159,-1.098371607212097,0.6969514362650735,1.303911821846966
0.005700684590535184,-0.006004523743329848,-0.0046879674827798356,-0.0050613681508004235,0.1230452332358574,-2.0670722188134327,0.09814009246858983,2.6806734667585803
0.0056237807457043525,-0.0060565630366714715,-0.004587468284497583,-0.005116333327012684,0.1325315115503767,-2.057204967342114,0.03985319710170202,2.663563336956076
0.005548888084607071,-0.006111412053417886,-0.004488662601394071,-0.005172621451518267,0.14217600725417864,-2.046461803876772,-0.017266685284513073,2.646061504495979
0.005449240286254796,-0.00637517982152437,-0.0043313291303941565,-0.0054879116936858395,0.18255475432664672,-2.0876067730928374,-0.18116655960818184,2.7220203827065697
0.005446080537679546,-0.006277433317404502,-0.004341346678272045,-0.005361079764209624,0.16744086604750272,-2.0561718019605557,-0.13428617185476635,2.6665814704112347
0.005476908199382451,-0.006174407518208944,-0.004392109616538588,-0.00523729650144708,0.15167573525536002,-2.0373062007674974,-0.07489980444268947,2.632214612268126
0.005682399925026684,-0.005895137739151116,-0.004662848164021897,-0.004918056557167033,0.1099431886071991,-2.018352888100782,0.12617166571610772,2.599631177301592
0.005673878867171734,-0.0057845494704829945,-0.00464815626547872,-0.004778241619910317,0.09760527889574262,-1.973451837942001,0.1545507426699734,2.526979367647652
0.00576390943733628,-0.005609007676764966,-0.0047466763413503915,-0.004567531519748278,0.07571335166052727,-1.9329848567290695,0.24398127506524556,2.46508904731542
0.005686549154194771,-0.005679832110018554,-0.004658018104554565,-0.004650321481942443,0.08641616237722939,-1.938504548463151,0.18900450880142053,2.4710154712322456
0.005886556636593401,-0.005446267083592878,-0.004875261365627249,-0.004370611561808562,0.05547271931324218,-1.8985020158916355,0.33941805908436234,2.4162366870569403
0.005758009623497184,-0.005489413287237059,-0.004726999079694961,-0.004423329120160922,0.06624658614871458,-1.886828299592489,0.26537250586781985,2.3922362279135014
0.005910707579129627,-0.005313815125933728,-0.004882874752494311,-0.00421211304146455,0.045004578999665305,-1.8519485704132588,0.37093902020852315,2.344899802970455
0.005939121733099395,-0.005171969191519489,-0.004890562091213971,-0.004045819707220001,0.03572835546499342,-1.8034994165797487,0.40098753318153907,2.271798685989932
0.006464823184234939,-0.004363689807675685,-0.005242243696647427,-0.00308154039563921,-0.009553515793066387,-1.5394430500783092,0.6575001956181626,1.9068053801138098
0.006479809300596568,-0.0041870168650176495,-0.005200982073966152,-0.0029061422214024285,-0.0087320067564558,-1.4834819907152077,0.6457631920356821,1.8241889285432527
0.006216604083034006,-0.004800589960701646,-0.0051144081969171536,-0.003593274207678078,0.0062319990040288625,-1.692242722263036,0.5586760760111183,2.119528846313379
0.0063554759771697455,-0.0044028859631078405,-0.005145851036089507,-0.00314943314738005,-0.004996444023117051,-1.5576703638832419,0.609047199102176,1.92565480324888
0.00629494016083618,-0.004510673493848635,-0.005116182185501302,-0.0032724729997345423,-0.0014370944265443186,-1.5939116254448775,0.5875580441278268,1.9757099863786503
0.006256606434115222,-0.004661434910706864,-0.005118911555046756,-0.00343681066943179,0.0017962573135539594,-1.6442581262926594,0.5752521648966509,2.0494302902317467
0.0059729416421755045,-0.005034915559728111,-0.0049019707580869884,-0.0038879260056339936,0.02750698268643315,-1.7584699917787823,0.4286529145416535,2.2045463472612368
0.0060259790710620546,-0.0049062833924023,-0.0049333012416627785,-0.0037395920713483416,0.020202543328823635,-1.718469401320457,0.46113814727285213,2.147047243126497
0.006103999199879113,-0.004801625549132147,-0.004993496219595354,-0.0036145334485736223,0.012992242530261777,-1.6876427626265325,0.5013950246333484,2.1054352136221586
0.0057251192855133585,0.0026947234626448686,-0.0042432455165140985,0.00181835573914333,0.017130161872764057,-1.2295147482698485,-0.2891945193707121,1.4293068245921603
0.006895969791892999,0.0019789710649892895,-0.004924669781880786,0.001111916493266298,0.010301785161469809,-0.9804385155637176,-0.4017158077873444,1.1129840295055853
0.006936703785635082,0.0014123762717808412,-0.004851956561311189,7.694842903881085E-4,0.01360407825013629,-0.9173538382904293,-0.2914760712309741,1.0247568997960903
0.005973539847342915,0.002410761811894601,-0.0043834181881189935,0.0015734266840494997,0.014618693637138738,-1.171278872309751,-0.30714964033604475,1.3525652605806793
0.006367320000893274,0.002127129540584449,-0.004611588842952335,0.0013106766794819223,0.011665742952055934,-1.0892723578234984,-0.33796869842467375,1.2469649892522394
0.005260927634735837,0.0031576145710956946,-0.003944189881424347,0.0022330228182548197,0.024784936436617933,-1.3105941836356403,-0.22804628360895676,1.537105504186795
0.004251433621832346,0.004001414004563228,-0.0031783039418958295,0.0029741235144769055,0.049291629434263365,-1.3771746725384841,-0.05414414547510825,1.6259128699025565
0.004900609001423516,0.0034347483830687382,-0.0036816919987483873,0.0024860586304477667,0.03277210150598376,-1.3444782289102792,-0.16880692151174362,1.5819983279439036
0.004480033210116717,0.003670823442152471,-0.0033538430175761185,0.0026981562879604456,0.04158775449479795,-1.357558315730847,-0.10006927752834475,1.5980733667975153
0.0034547445676209763,0.0040823991634140275,-0.002531712061092574,0.0030245058139312607,0.055172245607458245,-1.3245144714504826,0.02197396319558259,1.5525782075548487
0.003787068126417218,0.003927576149160386,-0.002797770590030803,0.002909289101762085,0.052094707544499505,-1.338313988299206,-0.011983556735644692,1.5714690609981365
0.005350911635022613,0.002790069366858057,-0.003971616912621209,0.0019364743045699173,0.022735533880396012,-1.2604926511167156,-0.2295982383314121,1.4695357541475405
0.0030123121014282756,0.004596791933129103,-0.0021666448907126054,0.0034076938283126926,0.062282297637375465,-1.3072412096714456,0.08481992780204271,1.530691119558487
0.0025874098464061124,0.004752686774857243,-0.0018315636291922003,0.003497410068492467,0.06042009202893276,-1.2720695699288165,0.10456376946240231,1.4840416783437234
0.0031081821767371546,0.004096934290907819,-0.0022595011477999655,0.0030232939241380172,0.05596176963485237,-1.2997415094741578,0.04004937370869518,1.5198305403110544
0.004859859289462283,-0.009188416589089804,-0.0012565640606027682,-0.007982220814813347,0.35527124912966906,-0.8401620726391689,-2.276040499970119,1.5871523936739942
0.0048518608459744705,-0.009159068566726882,-0.0012958371547151218,-0.007959546337932331,0.356520943978131,-0.8671307278275769,-2.255142858954475,1.6103054716568381
0.00488958711968234,-0.00977571840950662,-3.589839479231041E-4,-0.008189066458178297,0.23683539977087878,-0.24970091129544372,-2.4902856092865258,0.9862056965374842
0.004884154717013579,-0.009793228062068806,-3.3040492180919366E-4,-0.00818490888699726,0.23043400770828307,-0.2322878894594597,-2.4887002393191366,0.9650170050749942
0.004878000576901478,-0.009756690906476342,-3.8770759260662E-4,-0.00817306788301793,0.23887128467622568,-0.27044643327123397,-2.477111692950285,1.0022561824531822
0.004872430616052733,-0.009732877667555293,-4.246219499155752E-4,-0.008163141766201967,0.24378238789461723,-0.29535511404047493,-2.4678875230955826,1.0257488512777868
0.004851709207216314,-0.009719251255521944,-4.428466708825851E-4,-0.00813706653817096,0.2414977736370326,-0.3110741893756221,-2.4476708240990988,1.0318392444621027
0.004857880830209904,-0.009694313394953719,-4.830029063228432E-4,-0.00814002536196401,0.24975811473840362,-0.33597458728353974,-2.447618838587552,1.061174318603654
0.004862751472414186,-0.009464912769972841,-8.409707495395067E-4,-0.008090845508415984,0.30570761630195076,-0.5681336834928411,-2.389464932491892,1.3073250527620388
0.0048423014672423804,-0.009436494975181994,-8.780808449905939E-4,-0.008058579563417404,0.3049458599086429,-0.5963466065862227,-2.3622644611306973,1.325901644321802
0.004837878550296067,-0.009214399401440554,-0.001208513956781761,-0.00796909952430488,0.34340839912480847,-0.8128066973767111,-2.2694480527466827,1.5471876962085904
0.00486314494096514,-0.009366230126617801,-9.919451097432953E-4,-0.008058597540223757,0.3259068471791719,-0.6667597016745007,-2.354744392750913,1.4101718029841999
0.004839147197504121,-0.009402911450846818,-9.279983448769808E-4,-0.008043966058119094,0.3106166302343891,-0.6295297109556914,-2.347719632392582,1.3587590940998409
0.00484293544160246,-0.009381049553171972,-9.623436849252768E-4,-0.008040772859347824,0.31616451822487307,-0.6512669783380713,-2.3429283249158837,1.383317933115859
0.004855232703951265,-0.009336764611170285,-0.001033615450037535,-0.008038744990381581,0.328702632876422,-0.69555727043003,-2.336470198228072,1.4357456975627212
0.004848926688441411,-0.009304204566873125,-0.0010800922309092862,-0.008019066161201988,0.33239599438742756,-0.7271068077041499,-2.3178961175643935,1.4649739776350887
0.004849737777033221,-0.009270684036025241,-0.0011304220875606385,-0.00800649815339232,0.33850340460407896,-0.7597299926012216,-2.30450220353146,1.499061936244544
0.004824166923381685,-0.009244597027652778,-0.0011582834229761738,-0.007966741458900113,0.3338574968212235,-0.7825744873812585,-2.2714289137191312,1.5088526947556138
0.004865522742734304,-0.009609533990981597,-6.173342212729315E-4,-0.008132058723518425,0.2732513848551687,-0.42180232566996395,-2.4341312726931523,1.1554332308192865
0.004865288959382923,-0.00963062575072758,-5.842767060616004E-4,-0.00813634901759101,0.2680790943987354,-0.4003613053058757,-2.4392188678536595,1.1327660455152104
0.0048563493389065255,-0.009670144281278862,-5.206147382500278E-4,-0.008133890325348725,0.2555090815631282,-0.3606765546017919,-2.44096876566725,1.0864149723563947
0.004856500625994957,-0.009648629675744577,-5.543082867469862E-4,-0.008129897184005962,0.26091309832497206,-0.3825347356648762,-2.436092031322291,1.1094971465107932
0.004843031404320237,-0.009591205419338474,-6.407381935809065E-4,-0.008102006514969035,0.2709297267026069,-0.4413231623725013,-2.410174322748279,1.16436101004856
0.004852647753456826,-0.00949192058614025,-7.96446515896979E-4,-0.008087235487030104,0.2965615795771836,-0.5410449605760395,-2.389484986619991,1.2737149144896502
0.004845756252558501,-0.00952393229582696,-7.45281651390853E-4,-0.008088261257988652,0.2872040144282137,-0.5089767522693,-2.3934443564959405,1.2366153978205248
0.004836443918606412,-0.009546192780407584,-7.085812925639056E-4,-0.008083460860903597,0.2793265938278052,-0.48683999778112463,-2.392077944301497,1.2086742136973776
0.00481847693959696,-0.0095648915802148,-6.753772000226433E-4,-0.008067637836584362,0.2695582222684694,-0.4685958342832456,-2.38214369000111,1.180403702101316
0.004869818983845303,-0.009805972645893965,-3.0850268908551786E-4,-0.008169737047391283,0.2231118363287616,-0.2207711601785369,-2.47876005332898,0.9456026616965795
0.004886657727160556,-0.009842989405824813,-2.51269783223514E-4,-0.00819299714082649,0.21700467138044818,-0.18084720097899895,-2.498504320105253,0.9117825442951689
0.0048771038654345684,-0.00982494430322472,-2.7913546093594703E-4,-0.00818018456595322,0.21966743519841106,-0.2004931418141294,-2.4878536904590507,0.9278066138361868
0.004873538232094518,-0.00991928459687436,-1.2862104138521423E-4,-0.008182970282396085,0.19163492062670615,-0.10415889983646424,-2.4973260329128575,0.82402958503646
0.00487794887400298,-0.009861698449434525,-2.2067820485556155E-4,-0.008184461916891471,0.20939183223491628,-0.16267944322321373,-2.4938643380138408,0.8881852724605831
0.004871596838475712,-0.009882781756679811,-1.8663841817584775E-4,-0.008178639549307505,0.20175856590993888,-0.14184396783249878,-2.4913700878597425,0.8629783921925732
0.004868353253661127,-0.009902924118364353,-1.5440050379003276E-4,-0.00817612250834805,0.19512074774421187,-0.12161925410852538,-2.491165564487268,0.8399725157369725
0.004857743582071696,-0.009819835758596341,-2.852678107583004E-4,-0.008157245998583976,0.21608041071754203,-0.20788580628737136,-2.4708798080127776,0.9259701058078795
0.004908686239415695,-0.01000593558229577,9.616533920820383E-6,-0.0082257793932637,0.1733786704266807,-0.009891737797777548,-2.534053899329867,0.7412149251048392
0.004877329290599629,-0.009954956264734771,-7.186269616135019E-5,-0.008188672229492653,0.18196414453817275,-0.0670596688507829,-2.504126499570664,0.7865678564908526
0.004869545693391422,-0.009935413072834041,-1.0276916745635737E-4,-0.008179021439430839,0.1859249125161684,-0.088167018171345,-2.4957779902560002,0.8051387897064365
0.004885731004639455,-0.009990228591622335,-1.5598300061814004E-5,-0.008199007408372275,0.17320985354541144,-0.029637827605156413,-2.514092416464934,0.7509738046930288
0.004867534502405295,-0.009972503915607243,-4.3683843151914615E-5,-0.008177694112753688,0.17455413867314432,-0.05048062277634158,-2.497702228936635,0.7642408113926208
0.004924357606419797,-0.010058954159818122,9.57253762842716E-5,-0.00824315704869958,0.15998210805719068,0.047407375323025976,-2.549900295395911,0.6879263993097284
0.004910023019076306,-0.010095167907069848,1.5371623646973055E-4,-0.008224837542678597,0.14557574219767447,0.08219009239133278,-2.5397382139616957,0.6439988885716711
0.004914184236374972,-0.010076881572450524,1.2437867289869233E-4,-0.008230578089491895,0.15220883486094403,0.06410755660304333,-2.5424310108843815,0.6652224164118059
0.004914154538128846,-0.010182414831221065,2.947851221753401E-4,-0.00822283462684305,0.11836300687500176,0.1725896970964776,-2.5444326678451064,0.5499331572412435
0.004911694316845897,-0.010160176391088845,2.586981567679726E-4,-0.008222114438017738,0.125089004506832,0.1493035833869498,-2.5423967019414455,0.5734956451622581
0.004914986515663996,-0.010141401026099929,2.2868601880412E-4,-0.008227553608247645,0.13172489533056353,0.13061888835824123,-2.544835839595962,0.594912284446461
0.004907219082830309,-0.010111677576753554,1.8017979797383627E-4,-0.008220607299177713,0.13979753312511176,0.09866757493587469,-2.5379689899306066,0.6251435998174303
0.004901488694031805,-0.010128551379896501,2.0695526323858405E-4,-0.008212789582062938,0.13335969931764013,0.11498293273509715,-2.5337506131335847,0.6050771120325605
0.004910685753203089,-0.01004333324810281,7.004297504502629E-5,-0.008227616078393835,0.16212224672374356,0.028971086601215165,-2.538012659669858,0.7008847548274368
0.004898830996572901,-0.010028255658517157,4.55026198475537E-5,-0.00821408444357004,0.16433157591118788,0.011492404290576895,-2.527478740633789,0.7136902871054086
0.0049134965273518365,-0.010271748664033058,4.383970171260455E-4,-0.008210597281162038,0.08937990540425274,0.264037524674787,-2.5421644260024627,0.4525834819034788
0.004911205689825827,-0.010203696816329346,3.2873785282101954E-4,-0.008217074017345007,0.11100702128755724,0.19386644733323233,-2.5419417122404826,0.5259523817657198
0.004912050092074834,-0.010255646613558805,4.1233772720035265E-4,-0.008211313765932482,0.09436917923701603,0.2472658078525256,-2.5415550550473287,0.4696928256119262
0.004910800492461317,-0.010238868196770676,3.852234060958636E-4,-0.008212203469163558,0.09960800126557658,0.22983713131265984,-2.5410169204907445,0.4875942215965066
0.004910139014846598,-0.010221647928111158,3.574734739953402E-4,-0.008213673690006156,0.10505247858995899,0.21206549394741045,-2.5408435804514764,0.5061376047055819
0.004968321651137676,-0.010676270410218049,0.001096998269054389,-0.008165424249057628,-0.036124750411032684,0.6897838645044305,-2.538864770992319,0.02773435860033301
0.004970798847066274,-0.010694210656993993,0.0011260851451282052,-0.008161290244616945,-0.04162523077069139,0.7087090319258296,-2.53729527666087,0.008940625251806196
0.0049642466286863845,-0.010713035654849384,0.001152849831017807,-0.008146101293681075,-0.04753754671216407,0.726202739000496,-2.5282612858714946,-0.01241070004917391
0.004936428826104757,-0.01034278119360832,5.565802493609257E-4,-0.008224987795407403,0.06922579539747921,0.34150274522860297,-2.5567104088059467,0.381110562774241
0.004936358642603932,-0.010361467644796583,5.866318004262918E-4,-0.008221167967617555,0.06305962105571418,0.3606307843846879,-2.555376395111924,0.36080114219257275
0.004928293831064754,-0.010379459090176624,6.137993156597037E-4,-0.00820796767747665,0.05625594188051059,0.37732710012783416,-2.547657531240718,0.33939445668115836
0.004924793604306497,-0.010395943168228394,6.393832541962639E-4,-0.008200260841538213,0.05052509091590709,0.3934310494060574,-2.543548460921878,0.32073855402258616
0.004922920426741551,-0.010412364640964802,6.65145505915647E-4,-0.008194314378888989,0.045031773063218365,0.4098015126559265,-2.540625347958717,0.3025599077466879
0.0049215952904146,-0.010429417206319399,6.919702584140432E-4,-0.008188701173607137,0.039415908325413036,0.4269219905266315,-2.5379693671253065,0.2838475012400305
0.0049202667415807096,-0.010334162480812053,5.396340630313888E-4,-0.008207778079450197,0.0700469264912164,0.32929280053113225,-2.5444839730689055,0.3865661786725961
0.004923249735593206,-0.010316811287402432,5.123568156927289E-4,-0.0082144573173267,0.07606536870118796,0.3121540761315704,-2.547845654230512,0.4061081028036986
0.0049131624382578185,-0.010287699404501126,4.6392572745055917E-4,-0.008207683232392328,0.0841811364383016,0.2802988688592274,-2.5412649587833585,0.43518646755897766
0.004909129328578958,-0.01030513323863853,4.91159014540908E-4,-0.008200064033294098,0.07800090146026717,0.2973248181589679,-2.5372642180450957,0.4152707312208484
0.0049403047865977205,-0.010523806966440497,8.46901744588749E-4,-0.008184921758287505,0.010676994272288099,0.5274636478828095,-2.5417514842478997,0.18614674433107492
0.004954521471651066,-0.010549418372616587,8.9188095573383E-4,-0.008193675069842298,0.0034171524131859526,0.5569341445440631,-2.5493699315694722,0.16149589435955988
0.004938056585013744,-0.010541834863041423,8.747521973040093E-4,-0.008176841806496216,0.004790056010782993,0.5453257043509115,-2.5374994030355,0.16627780328083155
0.004955114752043092,-0.010567851325952612,9.213155822513198E-4,-0.008188498886003424,-0.002466242302734865,0.5759003592769975,-2.547122179484558,0.14175132211284203
0.00494809427326768,-0.010587088303973785,9.494193163351821E-4,-0.008173986864069794,-0.00897397587574842,0.5938532809171243,-2.538617184013321,0.11964081137047015
0.0049457185063833875,-0.010604493866790783,9.76019032911916E-4,-0.008165317812331714,-0.014563217029116645,0.6110238075028067,-2.533922826789332,0.10047012816909241
0.0049456142744312105,-0.010621633982663525,0.0010028953443094572,-0.008159214351474625,-0.019923106757490098,0.6284578148758544,-2.530942752289451,0.08205619708487082
0.004946635431477235,-0.01063801439305162,0.0010289254374486933,-0.008154527072014322,-0.024964343845534007,0.645384254500574,-2.528869098436505,0.06469105807842608
0.0049484817825925015,-0.010654054087667482,0.0010546889561673103,-0.008150770718318531,-0.02985654731699146,0.6621659960213035,-2.527403348882487,0.0478551919182642
0.004950635908168028,-0.010669800973158719,0.0010800882448619249,-0.008147334881871028,-0.03463151010442698,0.6787269349065265,-2.5261368075650483,0.03139575306638109
0.004918493948231635,-0.010447760460598188,7.203226021969801E-4,-0.0081805329517561,0.03324295979759221,0.44495774512674086,-2.5336664233869075,0.2633665974537318
0.0049296885894851376,-0.010494319101157168,7.971040584399894E-4,-0.008181098881187373,0.01932925023644613,0.4949410203243109,-2.537183443245652,0.21566355876914356
0.004916317084560215,-0.01048560278600389,7.796047550382591E-4,-0.008167992308784783,0.021059854188620157,0.4830439389242824,-2.527701485083218,0.22215695659535245
0.004911924661241536,-0.010469484179918576,7.529784341226471E-4,-0.008167261889309692,0.025780881565477302,0.46564386320646267,-2.5261190169454824,0.23853318966224663
0.0049248366011151075,-0.010512492154803618,8.244519930024915E-4,-0.008170265122124062,0.013180099343961471,0.5123655720312058,-2.531067599335732,0.19506526989496983
0.005044475681802809,-0.011068523865350408,0.0017368358232313994,-0.00805759252879866,-0.1503183160401068,1.1111300493853205,-2.4926182179678396,-0.3794055019207298
0.0050343852410505395,-0.011055973132408824,0.0017119751832716853,-0.008053592460646549,-0.14642125383575819,1.0950857808150332,-2.488806314709439,-0.3672886953337674
0.005045096863318579,-0.01108255262873055,0.0017580795355856772,-0.008049614723138353,-0.15391220528596364,1.1255557515642851,-2.4880442633713393,-0.394207833664219
0.004995322206603239,-0.010819050860973189,0.0013310135080296442,-0.008135817513163165,-0.07925265726998465,0.8424890489715509,-2.5286245581335907,-0.12052214955084035
0.004993955112892717,-0.010835916596137278,0.001356395172408318,-0.008126228570504003,-0.08420915926063524,0.8592968512144471,-2.5232555406896906,-0.13877687078707115
0.004989381079079113,-0.010787868554077403,0.0012799762405145262,-0.008143248229700993,-0.06994209928372727,0.809079227492656,-2.531502940832562,-0.0881441739047565
0.004981209445124009,-0.010773578151786544,0.0012541550580746584,-0.00814011794052553,-0.0656651638750631,0.7923170199721198,-2.5283705821421,-0.07423905548495692
0.004987880565097173,-0.01080417029634798,0.0013045441481517976,-0.008134070983145933,-0.07479837008655436,0.8252841704107957,-2.5263812199439504,-0.10583686269470002
0.004962000353244776,-0.010730060287251932,0.001178390524931631,-0.008136482827593544,-0.052727466982820055,0.7429435140814066,-2.522873228190274,-0.031021209938783555
0.004961872340924445,-0.010747101186570684,0.0012047408187136819,-0.008129154659168074,-0.05784094902263313,0.7602336824563473,-2.5190387326056887,-0.049248726248887424
0.004963209592362908,-0.010764064511282645,0.001231530280313136,-0.008123393505444264,-0.06287001158965629,0.7778213519825269,-2.51626535621298,-0.06712388257631273
0.00503008218937924,-0.011006243917840223,0.0016349920223175433,-0.008078117178754063,-0.13316838251557855,1.0432705386221997,-2.502320286620741,-0.31505006535132485
0.005030111945380272,-0.011020490192252473,0.0016564085033531732,-0.008069844881699838,-0.13694433117376129,1.0577408341734686,-2.4975829848229405,-0.33018053568185707
0.0050316850696366265,-0.011037072162487149,0.0016821608751477503,-0.008061851460546136,-0.1413716342936169,1.0750579153340134,-2.4932040693716897,-0.347577502746586
0.005017637953016919,-0.010974690704212012,0.0015803624326016744,-0.008081654289084294,-0.12405612161121582,1.0073490701912862,-2.502432653585919,-0.2831551011237304
0.005020757452398925,-0.010992391168245009,0.001608792429312155,-0.008075266958485578,-0.12897116006257228,1.0262779261764379,-2.4992783710423514,-0.3015457332266211
0.00498655844368498,-0.010855088135417579,0.0013822522578317506,-0.008108357257424939,-0.0896457473827109,0.8767034385982743,-2.5123047106704255,-0.1603803759053312
0.005002110769897518,-0.010880013766635986,0.0014281443794938351,-0.008114025404136069,-0.09711903688472624,0.9064976581223781,-2.518009905895511,-0.18457457430822463
0.004986000048283284,-0.010872227465601918,0.0014081601993200176,-0.00809924133988543,-0.09451563048198575,0.8939392428280538,-2.507219117902966,-0.1787075736764049
0.005003606775293979,-0.01089885570200192,0.001457716691894505,-0.0081061517605521,-0.10252076582339487,0.9260977146644044,-2.5139290319895236,-0.20443960184338025
0.004997589355410347,-0.010918351098880803,0.0014842449972461583,-0.008089020187382284,-0.10780558013197632,0.9441144392965325,-2.5034389699785913,-0.22605043256461507
0.004999892029935153,-0.01096904205669521,0.0015619706244750856,-0.008064281705842212,-0.12172154818500436,0.9961273905772111,-2.4898263185678746,-0.2794968261046776
0.004997305453246753,-0.010952760206268028,0.0015360782489886344,-0.008070255338494163,-0.11722819720880014,0.9788767482645117,-2.4928316933498107,-0.26260144272059094
0.004996244493628444,-0.010935676583766249,0.0015097504817597129,-0.00807826581838794,-0.11253621178221596,0.961269911522186,-2.4971952304681646,-0.24463670499197354
0.004881105502344135,-0.009062287523938088,-0.0014509808365596127,-0.007943983382750312,0.3801007611488738,-0.9627906482710674,-2.2303070096332043,1.723888220141457
0.004865806887519965,-0.009091401990380416,-0.0014009623996514328,-0.007941917545379094,0.3706740030944899,-0.9329727485381191,-2.2328138858127726,1.685037227168241
0.004848010762644738,-0.00912493602715052,-0.0013435518963775819,-0.007938764252633027,0.35987510739795425,-0.8987946888715916,-2.2349773142781006,1.64042152806609
0.004821547179119642,-0.009149365213378948,-0.0012955222745474793,-0.007921002235384804,0.34709342663557824,-0.872096794675804,-2.224967944124981,1.5989545763544264
0.004892684033344649,-0.008970719653617077,-0.001588521814752981,-0.007906246842388524,0.39427282410811326,-1.0497289353029748,-2.1884448147846833,1.8180909837671864
0.004863753213765925,-0.009037995686128116,-0.0014765841138671939,-0.007911559481540676,0.3763169891479921,-0.9822209261159374,-2.202492127968808,1.7337354787861776
0.004867436599610527,-0.009005847218438856,-0.001524338988857517,-0.007898030581242528,0.38123481394970715,-1.0124294593982783,-2.1876524337191814,1.7662180062796862
0.004887053592498594,-0.008834869511835602,-0.0017741933015758247,-0.007816483273641277,0.4028332742713265,-1.1689920110484644,-2.0995826516605596,1.933195244779916
0.0048747054776943285,-0.00879174329360125,-0.0018243867313253175,-0.007774546454418844,0.4003372486048963,-1.202226936894269,-2.061270596355072,1.95842150051338
0.004865473963354559,-0.008930402339559652,-0.0016291395665328,-0.007852303490765327,0.3877039279112383,-1.079936400729441,-2.1419546718353786,1.832596790606757
0.004862771978716745,-0.008889515598289311,-0.0016839984774583872,-0.007824497854350488,0.3898858532415705,-1.115196480880619,-2.1147494554124315,1.866030167908822
0.004864230395162801,-0.00885700382780346,-0.0017293718629180833,-0.007805722345080439,0.3925192497784348,-1.1436956344670817,-2.095506590439438,1.8950137645265954
0.00483425008662042,-0.00890537364709682,-0.0016448342758521545,-0.007803046659520025,0.37807384587675386,-1.0942525860638233,-2.1016104634103367,1.8291930382625434
-0.0049763491985295935,-0.010707047319988713,-0.0011484071463007588,-0.008162621999363585,-0.04549573821239405,0.7232060467298944,2.5390707648716613,-0.003799563994659727
-0.00497665332392919,-0.010690403576851339,-0.0011224333132635192,-0.00816962453320624,-0.04032048133284689,0.7063006162009823,2.542669475993806,0.014124041348345304
-0.004969150152149943,-0.010674378384069412,-0.001094350418006738,-0.008167120450057576,-0.03553793797303429,0.6880491805541175,2.5398863731780246,0.029931489993426826
-0.00494365988906295,-0.010608168924234327,-9.810813474900612E-4,-0.008161657384912301,-0.01579180534481311,0.6142856641827986,2.531680729933474,0.09609633064122007
-0.00494653173198339,-0.010624583834497782,-0.0010078457526086536,-0.008159235548594691,-0.02078321091244646,0.6316997171482485,2.531149064607081,0.0790470910198698
-0.004950661011509496,-0.010641399801638867,-0.0010356930001362917,-0.008157972842203128,-0.02585031647939781,0.6498367484234021,2.531434490688008,0.06180959313429233
-0.004957225172428027,-0.01065793951966047,-0.001064037492054368,-0.00815948187898882,-0.030757703026741776,0.6683101828497207,2.5335865800094823,0.045323129618006434
-0.0049987621790262265,-0.01083085573403872,-0.0013508854111028922,-0.008134243128988727,-0.08280943374473819,0.8554505421269221,2.528380928606227,-0.13256477400500563
-0.0049944855291309195,-0.010846533887599645,-0.0013729913412103948,-0.008121728469949572,-0.08733112415924914,0.8702408518888001,2.52090694507446,-0.15002115218855192
-0.004993910509762457,-0.010817443402593314,-0.0013278676259381344,-0.008134927514920287,-0.078794205587066,0.8404433955069478,2.5278998955051137,-0.11901858932812127
-0.004990092119476235,-0.010801029096703205,-0.0013007008081932336,-0.00813808961277506,-0.07391061197637395,0.8226758964424957,2.528905013001801,-0.10209965848049847
-0.004990168999273701,-0.010785143536292462,-0.0012761029854830882,-0.00814539381680315,-0.06914173273550786,0.8065064992996402,2.532773434944106,-0.08508657503239125
-0.004960192143773573,-0.010716677596472428,-0.0011568635654179583,-0.008139907251182443,-0.048684187537222035,0.72887132091701,2.524280312590536,-0.017050229478066507
-0.00498242622219897,-0.010768828473128936,-0.0012473221668055031,-0.008143629682532417,-0.06426021802276884,0.7877990103954257,2.530435261777844,-0.0689472197890894
-0.004964056617619231,-0.01073423027923902,-0.0011857205849113038,-0.008137129436042655,-0.0539589860035476,0.7477336987732377,2.523596304166673,-0.035136892164369944
-0.004970040453545353,-0.010751874572329173,-0.0012156290958212216,-0.00813659402406104,-0.05919548814262409,0.7672539658047506,2.5244519742277336,-0.0529529767390254
-0.005052980042090292,-0.011056593668184393,-0.0017242247648613883,-0.00807477595210408,-0.14786991161025262,1.1017876949576964,2.503855854183666,-0.36569121871732785
-0.005027032357679162,-0.010932607240849336,-0.0015215969810742993,-0.0081156555417021,-0.11286994387613598,0.9673426002508131,2.522980960589544,-0.23696456787734063
-0.005049112991194828,-0.01104066343484824,-0.0016979764462708693,-0.008079922394154337,-0.1434565685406559,1.0843209768288968,2.506243162164911,-0.3492167152952183
-0.005047251697131126,-0.011024672926258517,-0.0016727995333852934,-0.00808728635519825,-0.13912195058796575,1.0674366185684354,2.5101878383340743,-0.3324188504412791
-0.00503097200796837,-0.01094851587326029,-0.0015480243394967962,-0.00811163531208143,-0.11748787927081306,0.9847375080994184,2.521381285560078,-0.25337710133461727
-0.0050352841619342005,-0.010963803552348543,-0.0015737004068974193,-0.008108243347656212,-0.12193965037134212,1.0016265314522685,2.5201768710316528,-0.26908074773447854
-0.005038621638634683,-0.010978981766141427,-0.0015986559756477543,-0.008103636756841608,-0.12630008854408825,1.0181345630833307,2.518124401997849,-0.2848223822588895
-0.005041333948707834,-0.010994319039374036,-0.001623471950342431,-0.008098072274703669,-0.13062484332659238,1.0346215000242178,2.5154099129497607,-0.30082393209996156
-0.005044706408460889,-0.011009345963801154,-0.00164816654639161,-0.008093317091561887,-0.1348720600172334,1.0509996768082372,2.513235769880245,-0.31640285204691754
-0.005008720353200361,-0.010927757368825331,-0.0015044153191724615,-0.008096944210664703,-0.11081656954948305,0.9569722212701542,2.509628193107225,-0.23446798701478055
-0.004999003848950309,-0.010864428807267701,-0.0014026952569514877,-0.008118208390007377,-0.09258539929289943,0.8897299162289328,2.519760240590964,-0.1684098241815513
-0.005004197217082262,-0.010880147015928043,-0.0014293996125292311,-0.00811638481220374,-0.09723301619892111,0.9072100863731071,2.5196333870709235,-0.18437856426690602
-0.005009342066564581,-0.010893273838309708,-0.0014521294433229195,-0.008115689852282048,-0.10112579155114991,0.9220575260483281,2.5201037116836718,-0.19760051500787765
-0.005005482342959713,-0.010908949710251487,-0.0014740832053003368,-0.00810309557263917,-0.105454120146651,0.9369001186887277,2.5125312332182332,-0.21491224841665454
-0.005065106129792425,-0.011119340807702367,-0.0018253344434054242,-0.008049412355592549,-0.16465325994094948,1.1696457662286974,2.4908064264221674,-0.43098849189680516
-0.005046828264284917,-0.011115052178088636,-0.0018072174186174424,-0.008031033248276774,-0.16216573621121688,1.1590045016591286,2.477299304054455,-0.4283992886660996
-0.005045709099347549,-0.011080796758245666,-0.0017558533880054554,-0.008051414929090622,-0.15355476725117354,1.1239670697953121,2.4891696255305837,-0.39226696421891294
-0.005040196055438884,-0.011068087803795338,-0.0017335521305739017,-0.008052903573680166,-0.14994887787685937,1.1092607071437153,2.4892401871933676,-0.3794380539518604
-0.005042757709618132,-0.011096438261646888,-0.001777172157995081,-0.008038190925389738,-0.15728453556180264,1.1388131116910787,2.4809689068620666,-0.409167992555428
-0.005502973724561289,-0.012185578797026963,-0.003642554464769852,-0.007494921681700271,-0.35118706257709054,2.451203136794733,2.1413064896424108,-1.5505331187805182
-0.005509862126966205,-0.012199695861056147,-0.003666098835522764,-0.007483433178232771,-0.35092723318097035,2.468614827281392,2.132328455355104,-1.5653171409453295
-0.005493784205969133,-0.012198713377183432,-0.0036437377596083265,-0.00746788973888761,-0.3532164872476447,2.449106073741397,2.122732144421257,-1.5562512789153338
-0.005516794822133637,-0.012213791167466397,-0.0036896107893755244,-0.0074718689889036885,-0.3502127089496787,2.486053082265764,2.123253652387184,-1.5800460712845428
-0.0055007241781518884,-0.012212866357266504,-0.0036671674695005446,-0.007456342790160429,-0.3541200070602602,2.466314509749711,2.1137431163494633,-1.5709318876164702
-0.00540786547438873,-0.012012942944907271,-0.003336324121858181,-0.007611326658488063,-0.34128301695958013,2.223514401063456,2.2303131148987236,-1.362398576804739
-0.005417486615139693,-0.01200014276429862,-0.003333530373122024,-0.007637383616997863,-0.3363882410311338,2.224108903323492,2.247609038864744,-1.3554110236908354
-0.005397975399291519,-0.012025915963313078,-0.003339129248741576,-0.0075854263518303836,-0.33722646884135377,2.2282227220568003,2.2078294705978916,-1.3733334496447875
-0.005392714184532193,-0.011942399911086575,-0.0032372938266455827,-0.007678670919431747,-0.33043973640984764,2.1538343886832543,2.276886836444139,-1.294350444604058
-0.005376847854120666,-0.011940579125433297,-0.003216550271689465,-0.007663137269490375,-0.334188304907145,2.136122987537209,2.267174869025062,-1.2864865832516037
-0.005398839222606494,-0.011956864711873455,-0.003261366714174312,-0.0076684773512262746,-0.33376444214747886,2.1713373600400683,2.269771916783826,-1.309625290000357
-0.00538298191816454,-0.011955061970342308,-0.0032405655642164534,-0.007652979688873469,-0.33533070285631195,2.1536586387121055,2.260017892614826,-1.3017233160452883
-0.005405009681636415,-0.011971310217633166,-0.0032854301438346744,-0.007658198448707221,-0.3359407115200237,2.188846344077252,2.262515275041843,-1.3249154639543879
-0.005389115463130978,-0.011969549645764235,-0.0032645229869195376,-0.007642673507117615,-0.3364695311020836,2.171129163313374,2.2527349111844077,-1.3169189368760783
-0.005401535601088791,-0.011998512812761106,-0.0033124001551263567,-0.007621799487409062,-0.33969632860895244,2.2060214231226607,2.237867013776818,-1.347253769649994
-0.00541122549991139,-0.011985736283431544,-0.003309493009072888,-0.007647830312972296,-0.3363878920851184,2.2064467394814917,2.255112048913064,-1.3401890133627308
-0.0053952859366669026,-0.011984041279863597,-0.003288460309100172,-0.007632256888901048,-0.33797126839060715,2.1885647102860446,2.2453423615458625,-1.3320914158200983
-0.005360630583251064,-0.011938929051558632,-0.003196051820667578,-0.007647702334361544,-0.3285705978914874,2.12425272923203,2.2523733526447205,-1.2829019842859806
-0.005496129685063255,-0.01217144011803954,-0.003618996830086036,-0.007506325151449201,-0.3499045428026048,2.433842389364876,2.150144409451851,-1.5357198070918565
-0.005486919893101796,-0.012184543288375989,-0.0036203147639111504,-0.007479387674021368,-0.3525422136123932,2.4319083952855074,2.13162083667037,-1.541551204774635
-0.005469198559067849,-0.012114672150203702,-0.003524387984729901,-0.007551208273170407,-0.34652638594615026,2.3641985323873635,2.184323641955581,-1.4761026689129624
-0.0054532343244051195,-0.01211343161192318,-0.0035026693815120307,-0.0075356680488606635,-0.3488778984682415,2.3454692283123713,2.1745128175247874,-1.4675192625182742
-0.005475864446977092,-0.012128895840071582,-0.0035480771090658065,-0.00754010636800163,-0.3484225991163397,2.3815776585186135,2.175968035203533,-1.4910527675439351
-0.005459877267619863,-0.012127674913823173,-0.003526243145368683,-0.007524580267298977,-0.3494441397096877,2.362802138668355,2.1661438343078516,-1.4823856757329563
-0.005482574976576021,-0.012143098494643411,-0.003571756140243897,-0.007528918375284805,-0.34872307629007276,2.3990033497867316,2.167468188282917,-1.5059895619196346
-0.005466546286195816,-0.012141918278083178,-0.0035497783421894248,-0.007513375320689472,-0.3502307335843471,2.380080922146478,2.157656418940608,-1.4972135865327754
-0.005489330079069643,-0.012157279968945644,-0.003595403637559036,-0.007517654374782592,-0.34868985751916165,2.4164510965718637,2.1588548614410668,-1.5208796341506112
-0.005473285420976967,-0.012156155161232208,-0.0035733233197343937,-0.0075021038164525345,-0.3512429571833083,2.3973664978776696,2.1490690468833904,-1.5120260738594362
-0.0054800894061648245,-0.012170362823067783,-0.0035968510665601874,-0.0074907878762524695,-0.35203133228086153,2.4146610040165366,2.1403955895103426,-1.5268121946960156
-0.005436902207593117,-0.012112371631462062,-0.0034811326923818663,-0.007520189382905694,-0.3439092086949056,2.3318201410584276,2.159518013430635,-1.4628465509079553
-0.00543017620125042,-0.012098095062609374,-0.0034574833239767702,-0.0075310162359392,-0.3428964858173176,2.3145642831234308,2.167621447802201,-1.448055709033264
-0.005404444631764948,-0.012040268555368924,-0.003362880426604055,-0.007574968432313397,-0.3385875070675277,2.2455129707539236,2.200217839167246,-1.3882544925229607
-0.005410789109146496,-0.012054678249398496,-0.0033864772075721437,-0.007564164326066255,-0.339879420636283,2.2627281510624146,2.1922718165846358,-1.403184471724429
-0.00541708003277901,-0.012069176756444344,-0.003410034294275477,-0.00755305033272094,-0.3409875238763039,2.27993549191499,2.184029059913849,-1.4181567056745095
-0.005423527861168377,-0.012083683067257411,-0.0034337201398682224,-0.007541944349002314,-0.34194726144081455,2.297227845440404,2.1757661129224974,-1.4331391170757444
-0.005068898009726567,-0.01113542605459635,-0.0018515887686350646,-0.008043322924735764,-0.16890645796604756,1.1872734818160617,2.487743389370067,-0.4476424847856495
-0.005072968908270734,-0.011151197101629122,-0.0018775307967857128,-0.00803760972082057,-0.17307268812301235,1.2046854598058248,2.484923776555735,-0.463934965788325
-0.005077513536487249,-0.011166517390753805,-0.0019031020891047575,-0.00803259832187596,-0.1771378938333725,1.2218193607541572,2.4825730160876076,-0.4797072127067042
-0.0050823826044526866,-0.011181360204347082,-0.0019281776903408026,-0.008028145394481644,-0.1811059370158615,1.2386053352102901,2.480587982977148,-0.49495465931669863
-0.005086271249257607,-0.011196359459548588,-0.001952790691304826,-0.008022313363806184,-0.18498786488149632,1.2552220605869007,2.477617582963266,-0.5104794861218077
-0.00511546976686563,-0.011320912226550179,-0.0021534536456022427,-0.007965005411480262,-0.21515860330891745,1.3920980667058747,2.4461420907270024,-0.6396250065455272
-0.005111096516048102,-0.011305327943001436,-0.002127970686774575,-0.007971865894111604,-0.21146764906452242,1.3746900656728114,2.4498799045218185,-0.6235250203386147
-0.005106809365065443,-0.011289497497257538,-0.0021021627931390448,-0.007978859770838417,-0.2076906896777013,1.357073844348962,2.4536898901474147,-0.6071621187823179
-0.00508941300787609,-0.011211765093587865,-0.001977439389732256,-0.008015194224546213,-0.18883437636496658,1.2719797784296125,2.473735349114064,-0.5265041617591609
-0.005093204749919928,-0.011227091159082452,-0.0020023851543060616,-0.008008739167705912,-0.1926844975064449,1.2888936198585486,2.470321892785272,-0.5423805053050268
-0.005097317974758313,-0.011241907296625343,-0.002026785663291847,-0.008002879269594055,-0.19641069736724018,1.3054194718039638,2.467292812925411,-0.5576942375892044
-0.005100148422538139,-0.011256978358931856,-0.0020505867520709386,-0.007995218159056789,-0.20002136181576582,1.3217247914639705,2.4629588925560424,-0.5733873255456191
-0.005102817891480032,-0.011273158588395496,-0.0020758030898683642,-0.007986416031451364,-0.20380202698263553,1.3390650196849434,2.4578640380372323,-0.5902435336121289
-0.005101956481013079,-0.01133368857218383,-0.002161088149190686,-0.007939694652467725,-0.21617653880730361,1.3992284267146147,2.428369768656442,-0.6536837574547559
-0.005106956504720906,-0.01134923204382589,-0.0021867717113145356,-0.007933325574741218,-0.21981068189253097,1.4167701341099976,2.4249429515084553,-0.6696404812208674
-0.005113210567654479,-0.011363495725708016,-0.002211630297213538,-0.007929247004731481,-0.22332496188354112,1.4335926305122524,2.4231221830787093,-0.6842228021083975
-0.005120530892606483,-0.011376815880002434,-0.0022360283027050253,-0.007927009414709694,-0.2267148407633707,1.4499727538877978,2.422594500258573,-0.6978051183764811
-0.005121740678107796,-0.01139235623789094,-0.0022585975001778243,-0.007915904310371737,-0.22983572252858928,1.4658893322894746,2.415586559830547,-0.713913747368547
-0.005124930123222743,-0.011408182332808223,-0.002283077778922095,-0.00790667724743267,-0.2330964699733197,1.4829248682381933,2.4099906366446153,-0.7302251845091329
-0.005129980094701594,-0.011423842654112061,-0.0023087906763513376,-0.007899546949211465,-0.23654721596458125,1.5006283771483082,2.4059518316056216,-0.7463156822087477
-0.005230981739266075,-0.01164144117368999,-0.002690898186791645,-0.00781899088086026,-0.2838794910574594,1.7637342058198409,2.3636378563224194,-0.9714218851857358
-0.005216442742320783,-0.011595669804805087,-0.002616970503892124,-0.007846113374603834,-0.2757214876637046,1.7115051992819479,2.380632837344859,-0.9239457627515569
-0.005220975437749315,-0.011610837812486646,-0.002641257829722393,-0.007836951565690376,-0.27843903034471623,1.7286729958920792,2.3748849647408936,-0.9396803485426802
-0.00522571693733212,-0.011626201199375878,-0.00266593759447625,-0.007827692415053182,-0.28115465567321724,1.74612070925736,2.369055881632782,-0.9556055298449423
-0.0052001647680726204,-0.011592569341207682,-0.0025976672820347425,-0.007830638116550675,-0.27277327620458497,1.699871036942372,2.3680714604266178,-0.920282773390107
-0.005194791388451746,-0.011578135475045194,-0.0025736385490830534,-0.00783796873681313,-0.2699922402863126,1.6830716999401283,2.3724674483370705,-0.905356268227219
-0.005189429585100102,-0.011563383254503568,-0.0025491629072889443,-0.007845467626085595,-0.2671107873156811,1.665974863473661,2.3769495591979903,-0.8901085018000546
-0.0051840352972698294,-0.011548524579114518,-0.002524478759656397,-0.00785288494900545,-0.26416913536146436,1.6487656248747091,2.3813440730784525,-0.874757572531001
-0.005178654401520749,-0.01153346294832677,-0.0024994986027956456,-0.007860356370281171,-0.2611502316790956,1.6313742570844079,2.3857499878217427,-0.8592049765911803
-0.005160801831007087,-0.01147065647098125,-0.00239888035447622,-0.007895158666676049,-0.24868416325218903,1.5610746207645614,2.406809954430148,-0.7943383125574773
-0.005157075577143531,-0.01145561230708161,-0.002375109019876164,-0.007903755178108958,-0.2456506861251926,1.5444785338531102,2.4120185591923984,-0.7787804449099446
-0.005136146514845966,-0.011438812729757282,-0.0023344525168911908,-0.007894105686994524,-0.2399876216596554,1.5181742639834892,2.4031315812919325,-0.7616790314368994
-0.005142961042002055,-0.011451099920715193,-0.002356985279503102,-0.007891520867764394,-0.24298089640652537,1.533411063987239,2.4022488726821796,-0.7742787521790786
-0.005173461921135668,-0.01151802598324977,-0.0024741433354774412,-0.00786822774580137,-0.2580547300556901,1.613714710619995,2.390420307848499,-0.8432706587776001
-0.00516508192787029,-0.011486147240875435,-0.0024236772068495075,-0.00788666376112744,-0.25183237967454625,1.57838040719236,2.4017077994950906,-0.8103596379506214
-0.005168523569887909,-0.011502092033720072,-0.0024482951098845937,-0.00787667116105375,-0.25486490744168305,1.5956930106551221,2.3954739081099063,-0.8268244790119407
-0.005354393510465349,-0.011924414421255256,-0.003171953509409568,-0.007657575147076011,-0.32692990648741693,2.1068226984176643,2.259251226853941,-1.2677636086109498
-0.005247060691674805,-0.011685726607961557,-0.002763898758952259,-0.007793718035448759,-0.2915434944056781,1.815354359176862,2.3478132822272957,-1.0174260033515496
-0.0052191222574865075,-0.011654409170899403,-0.002696240036565912,-0.007793156217588536,-0.2834969002408549,1.7695391156642675,2.344257770896307,-0.9839941552340631
-0.0052250352538295705,-0.011669104525929563,-0.002720886284183621,-0.007785462357571851,-0.2861311065849017,1.7868568263368199,2.339520469488391,-0.9991916960358626
-0.00523072828999232,-0.01168318235082081,-0.0027444901441351483,-0.007777988938304403,-0.28861062375485824,1.8034715203317833,2.3348849492765242,-1.0137597444041957
-0.005251845356130508,-0.011700692751907113,-0.002787817332458389,-0.007784158848184883,-0.2939379670637088,1.8323941286944299,2.34160784789703,-1.0329176815520629
-0.005256866720387887,-0.01171593388974311,-0.002812258033177547,-0.007774441672481549,-0.29634408653119815,1.8498097266668336,2.3352751314487854,-1.0486870474699355
-0.005262244658159808,-0.011731147350517042,-0.002836960097418999,-0.007764999692344623,-0.29874026187715,1.8674000754325248,2.3291369153546104,-1.0644464228831705
-0.005267784924527282,-0.011746223654981174,-0.0028615958917581324,-0.007755727698075004,-0.3010830010007395,1.8849511069258045,2.323099544401098,-1.0800753020255112
-0.00534825733719637,-0.011909773193515633,-0.00314776421875841,-0.007667553532706795,-0.3253422934719858,2.0893284564553727,2.266179830779365,-1.2525065333107894
-0.005330778612086386,-0.011865673832043658,-0.003075661485102658,-0.007697813009240473,-0.32012538218298703,2.0371521672240784,2.2870931942231643,-1.2065846446580604
-0.005336548914082532,-0.011880318597115566,-0.0030996321349549653,-0.007687873440367451,-0.3220091936350627,2.0544822999604713,2.280267145289383,-1.221848518048272
-0.005342315529635194,-0.011895041370289202,-0.003123626911177121,-0.007677697024507849,-0.3237401288379276,2.0718578309042854,2.273219575490494,-1.2371719328856097
-0.0052734868127996435,-0.011761158608170065,-0.0028861659508464498,-0.007746631259530853,-0.3033786082181282,1.902463264578271,2.3171685012648386,-1.0955729866251234
-0.005279430942545908,-0.011775867035642587,-0.0029106551132461558,-0.007737891181097936,-0.3056340622790932,1.919914308415594,2.311484015946039,-1.1108667805890617
-0.005285627551468625,-0.011790272128014654,-0.0029349884954538957,-0.007729603766500688,-0.30783676216653294,1.9372480490089095,2.3061196081609747,-1.1258882170736317
-0.005291571957833207,-0.011804778292632566,-0.002959135207442801,-0.007720788436419497,-0.30995320762996764,1.95450606770369,2.3003162055560185,-1.1409811449394107
-0.005314316409226821,-0.01186380625705022,-0.0030552762984898366,-0.007681869494458965,-0.31781334981005566,2.0235444786793924,2.273949247815851,-1.2020727683925918
-0.005297052910177443,-0.011819600424340179,-0.002983120192832847,-0.0077109811953289,-0.3119694651347719,1.971723263520136,2.293706638010472,-1.156316408774744
-0.005302519075215113,-0.011834494352250183,-0.0030071120595411113,-0.007700934546891354,-0.31394522197317615,1.9889648855708055,2.2868795032612685,-1.171699108290465
-0.0053083134170354915,-0.011849264564062883,-0.0030312463626080643,-0.007691235744938608,-0.3159040461706372,2.0062930092566553,2.2803002972067152,-1.1869873442349024
-0.00560227846950419,-0.0124087031442967,-0.003990992069775426,-0.007286742468769386,-0.35671484441536777,2.70400406324981,1.9762682850078697,-1.771882096891231
-0.005610919877832094,-0.012394989703775476,-0.003991581857199277,-0.007315007143244499,-0.3541789080538657,2.708280305468677,1.9960154004286703,-1.768033389112713
-0.005594732515143274,-0.012394882718532453,-0.003968120725380491,-0.0072992959079580325,-0.3566579558356929,2.687292090541192,1.9867399820749359,-1.7578189229407766
-0.005603417561025712,-0.012381189378714531,-0.003968567155834531,-0.007327518695798491,-0.3549132971647852,2.6913087478711675,2.0065689212537006,-1.7538908317849853
-0.0055872482130555024,-0.012381031063065618,-0.003945228380264274,-0.0073118047793570605,-0.3565862185776471,2.6705530124258163,1.997124967668771,-1.7437156682870485
-0.0055959586381202995,-0.012367365557503274,-0.003945516613879548,-0.007339956034052575,-0.3553736271538674,2.6743533843225493,2.0169764388101123,-1.7396807862231494
-0.00557981894084239,-0.012367146345990954,-0.0039223036179264975,-0.007324265329172221,-0.3565220686916825,2.6537757142539857,2.007426148999808,-1.729569346649747
-0.0055885431814808,-0.012353518374336696,-0.003922430964047152,-0.007352318796436813,-0.35557685823655955,2.657406864182783,2.0272356538512097,-1.7254038118391346
-0.005696288158021204,-0.012545204192439471,-0.004241934764392007,-0.007172729072403883,-0.34838584081379115,2.8919995402023093,1.8732573890974835,-1.9201214320078475
-0.005680311791651938,-0.012545489381645314,-0.004217739545518182,-0.00715760825520121,-0.35252446989655334,2.8689864662965907,1.8652724462920893,-1.9094920141397302
-0.005704305373048565,-0.012558712111977538,-0.004264444671934373,-0.007159368991855621,-0.34790085371126117,2.9083197085110384,1.8614367494235131,-1.933625751019485
-0.005688330760082631,-0.01255903804632518,-0.004240165845309181,-0.00714428075018634,-0.35178782161668765,2.8851869288383267,1.8535393413628103,-1.9229197647033083
-0.005720466944757863,-0.012585652109060671,-0.0043093519111933,-0.007132428666493999,-0.3458662045536978,2.9408286120662086,1.8374328107084343,-1.9604565943252135
-0.0057286111419663464,-0.01259908392005067,-0.004331741225755446,-0.007118853253586196,-0.344687203994878,2.9570043445377805,1.8252812204066178,-1.9737767165287183
-0.005712655318809875,-0.01259955887766741,-0.004307229601284019,-0.007103850209452864,-0.34953797756528665,2.9334534589996646,1.8176341597716494,-1.9628391304974888
-0.005712364995121045,-0.012572194795293824,-0.004286917326989436,-0.0071459353635805285,-0.3470445325978248,2.9245938773452305,1.849491722598893,-1.9470724553339702
-0.005696388727741868,-0.012572567425909967,-0.0042625493760487035,-0.007130871713971789,-0.35102172753196625,2.901323919502001,1.841688443138919,-1.9362851230497078
-0.005704495562907547,-0.01258607689419348,-0.004284903648953804,-0.007117390085961056,-0.350292469775268,2.9174096913695435,1.8297191645624473,-1.949591918835133
-0.00566405429283521,-0.012545896277956279,-0.0041937596551815115,-0.007142687379240881,-0.34850810857250325,2.8505976997299265,1.8509840594599891,-1.9014259062198808
-0.005656050583953677,-0.012532270588629588,-0.0041713324623003705,-0.007155904447593898,-0.3491407929963049,2.8344785354727127,1.862535121608284,-1.8880381615667379
-0.005640217330662739,-0.01250488235744597,-0.004126373977473247,-0.00718226140219841,-0.3502342448515899,2.8020968154155272,1.885425621020321,-1.8610618483903385
-0.005648108389701527,-0.012518582726618861,-0.004148863250295163,-0.0071691233495856516,-0.34972483561285,2.8183066807558426,1.8740398789752926,-1.8745735724978434
-0.00563238963061949,-0.012491208733810944,-0.004103913823983837,-0.007195272499046478,-0.35064796092795975,2.785885823470151,1.8966524910710676,-1.8475382001094685
-0.005624569099244205,-0.012477584180663338,-0.00408141960927293,-0.007208073811290078,-0.3509682444568631,2.7696248305064035,1.907646689878252,-1.8339936213056898
-0.005593206177180566,-0.0124227371865949,-0.003990238756426255,-0.007258258299920412,-0.3520315707082506,2.703510880249201,1.9502380739334655,-1.7789876159615454
-0.005616678067562007,-0.012463975085887855,-0.004058754499454509,-0.007220643758557907,-0.35123688617611487,2.753213897085683,1.9183887761002716,-1.8203710669639122
-0.005608768416640124,-0.012450304216032375,-0.004035933473767918,-0.007233140509243389,-0.3515108097708907,2.7366730008093145,1.9290162382911233,-1.8066445871084926
-0.005600933589543139,-0.012436548020026084,-0.004013071537423246,-0.007245683308400474,-0.3517854153366569,2.720088681447199,1.939635676111921,-1.79283862354208
-0.005736797506241737,-0.012612490095141668,-0.004354076298184493,-0.007105214611487556,-0.34406540404846747,2.9730806983401883,1.813050817905918,-1.987038323151246
-0.00572086243302384,-0.01261301013021888,-0.004329517848322293,-0.007090252119185497,-0.34864420463489015,2.949453931147749,1.8054321108454465,-1.976021981981243
-0.005745025956567025,-0.01262587050132173,-0.004376358365315893,-0.007091512025014161,-0.34411571641207006,2.989032519590213,1.8007291450388767,-2.000248006584037
-0.005729101187552261,-0.01262643968045443,-0.00435175198362129,-0.007076569506192859,-0.34751395473723806,2.9653886358598887,1.79310509277489,-1.989133352524899
-0.005820962260321793,-0.012745112669881743,-0.004575104112685777,-0.006964946320430984,-0.3331027807973517,3.1299478774993017,1.6842159830469636,-2.1158324178882673
-0.00582960700250516,-0.012758228099060336,-0.0045969516573457206,-0.0069505459844827295,-0.33255032884214436,3.1452287075328447,1.67068095283589,-2.1282938000951384
-0.005813586884568247,-0.01275930006880917,-0.004571360424097425,-0.006935769603325928,-0.33554071884224196,3.120493400281576,1.663754849415809,-2.1162660932609714
-0.005838292905748428,-0.012771316304873213,-0.004618773082534279,-0.006936064276271542,-0.33064402559283246,3.160477381440367,1.6569855894852104,-2.1406776597567787
-0.005822253724937297,-0.012772446585926559,-0.004593062885267272,-0.006921294106546276,-0.33406924745517,3.1355685725976024,1.6502213581889522,-2.128569474350902
-0.00584701988289354,-0.012784377156011448,-0.0046405586898387126,-0.0069215075998688355,-0.3279925112601075,3.1757060464934974,1.6431563689411501,-2.1529638874652126
-0.005830982966116271,-0.012785572393348566,-0.004614755055795237,-0.006906756298827559,-0.33285985292104964,3.1505840259935396,1.6365781895112355,-2.1408100122022344
-0.012518113178479767,-0.005680381264467138,0.00719923499928246,0.004196792766508494,0.7942252822550041,3.6709908753594345,-1.0745168331012844,-2.4964052173474753
-0.012504530351169442,-0.005672491742345133,0.007212386945553421,0.004174149861102333,0.7955694252275464,3.6592467782177387,-1.093101637857352,-2.4870012461086803
-0.012518387277867223,-0.005664378821365486,0.0071839280868751946,0.004172853980753868,0.784207023096645,3.6413310457828842,-1.0702357944403191,-2.4829775457710213
-0.012490922821849838,-0.005664644940078422,0.007225475083982954,0.0041514530366103305,0.797783206646877,3.6473968773094954,-1.1116188353109164,-2.4774375671813247
-0.012504749213655665,-0.005656479508899039,0.007197057336256268,0.0041502818397295615,0.7850360259735897,3.6296859302628453,-1.0885982937126997,-2.473675205202845
-0.012531671170102522,-0.0056883134290081185,0.007186022485954394,0.004219376183049919,0.7940368211321348,3.682587162108566,-1.0558713864197802,-2.5056530955902945
-0.012531988945921219,-0.005672323873169397,0.007170746017748216,0.004195381340859655,0.783024103923826,3.6528305216894466,-1.0517909275031065,-2.4921514293949234
-0.012545204192439475,-0.0056962881580212045,0.0071727328706233705,0.004241928378205957,0.7930035668621581,3.694003313815926,-1.0371144684833986,-2.514787829871954
-0.012545576291455194,-0.005680288455094087,0.007157457427391927,0.004217842654566993,0.7817166036070101,3.6641382883281426,-1.0332191481964292,-2.501190133111915
-0.012558712111977541,-0.005704305373048565,0.007159362061899324,0.004264456318656968,0.7907574449550109,3.705272772734516,-1.018240891190232,-2.5238026089145906
-0.012559144690665248,-0.005688293078986102,0.007144088724291728,0.004240261661401289,0.7806801267058089,3.6753031930993347,-1.0145524553053518,-2.510101891969823
-0.012572194795293826,-0.0057123649951210465,0.007145926952201783,0.00428693158543374,0.7892922715586032,3.716424801123741,-0.9993050610190672,-2.532652180779295
-0.012572671216015066,-0.0056963634306079975,0.007130694725741237,0.004262659046297739,0.7796934228800425,3.6863716316934565,-0.9958368145355504,-2.5188942281791356
-0.012585652109060671,-0.0057204669447578635,0.0071324328129790905,0.00430934537888614,0.7890418978634678,3.727422497748945,-0.9803154606322421,-2.5413407834356567
-0.012586162807673709,-0.005704480489637357,0.007117247178894222,0.004285014627120579,0.7783539781833372,3.6972959255498306,-0.9770400526419499,-2.527559544316818
-0.01239471462294584,-0.00559493650196822,0.007299707575820355,0.0039683292320448794,0.7920276225296813,3.531689866002034,-1.232281738487276,-2.394692648355677
-0.012394989703775481,-0.005610919877832095,0.00731501409653686,0.003991568995784944,0.8042250218001618,3.560441535771995,-1.2381712014145023,-2.4074001592813663
-0.01217144011803954,-0.005496129685063255,0.007506319090071202,0.0036190093225154318,0.8100867451904201,3.337636652832543,-1.507719019345562,-2.2260041002057482
-0.012184563226838708,-0.005487048005682935,0.007479481829316031,0.003620558860688013,0.7982610776159378,3.325561812662396,-1.4835209367374809,-2.226672568294923
-0.012157279968945644,-0.005489330079069643,0.00751764266785241,0.003595427964392635,0.8089353135016143,3.3226782496598894,-1.523553537538886,-2.2138367487771897
-0.012170390234886792,-0.0054802139170315465,0.007490870790560124,0.0035970960470617206,0.7986111104745222,3.310885697016768,-1.499383599111172,-2.2146070635161657
-0.012128895840071584,-0.005475864446977091,0.00754009545809464,0.0035480998795456905,0.8101339255756366,3.292428727827492,-1.5549765243711662,-2.1890747084838598
-0.0121277370409593,-0.005459925617416188,0.007524546874859117,0.003526429416932205,0.7982920007033377,3.2661126227584707,-1.546195772467584,-2.17783091123416
-0.012143098494643411,-0.00548257497657602,0.007528902886560136,0.0035717885164387483,0.8090818226685482,3.3075942299162855,-1.5393070672143994,-2.2015292165161493
-0.012141988928761666,-0.005466623830482044,0.007513359916711212,0.0035500091423792414,0.7985194950527262,3.2811189437227317,-1.5306734716738,-2.1901867475226307
-0.012156205198351954,-0.005473394699777268,0.007502144787462997,0.0035735720309875495,0.7987616748139664,3.296058171702128,-1.5150839582842772,-2.20244538437532
-0.012197840942731531,-0.005477666051083224,0.0074528563244436056,0.0036219349454832904,0.793512464793252,3.3099549699234116,-1.464344648272198,-2.222556871250806
-0.01235294301528006,-0.005556260503332446,0.007321638953560889,0.0038766480177041484,0.7897462672869655,3.461386594138474,-1.2830475021407912,-2.346396190303953
-0.01236691320694165,-0.005563656118368999,0.007309254239055127,0.0038995594996665468,0.7890898324360148,3.474390872773333,-1.265922833056238,-2.3569780169229264
-0.012380755612812391,-0.005571177524983195,0.007297023270069965,0.003922453631065904,0.7884902114796803,3.4874319499106115,-1.2488410041924134,-2.3675019268993562
-0.012338935871421848,-0.00554895377835937,0.007334014689225009,0.0038537460170824877,0.7902930709739792,3.448336434316555,-1.3001007206249044,-2.3357355318819457
-0.01232499224128312,-0.005541557335336643,0.007346069267886778,0.003830700491423811,0.7906584032222898,3.4349051196513636,-1.3169217227502763,-2.324852172155323
-0.012311045004448374,-0.005534061330232693,0.0073578845545836736,0.003807441835574451,0.7910040027436228,3.4210863996569607,-1.3335816211134903,-2.3137276458723797
-0.012212038033171101,-0.0054845146974684756,0.007441233838598159,0.003645166986157806,0.7933393419500355,3.3241702910275532,-1.4484086791557151,-2.2342669826375485
-0.012226188496727622,-0.00549148738869729,0.007429652022991499,0.0036684410013105642,0.7931518696545933,3.3384148214757414,-1.4324177307809756,-2.2459394985542045
-0.012240300126931933,-0.005498520212017793,0.007418035897303857,0.003691683702019097,0.7930135840313218,3.352576370767419,-1.4163381347507558,-2.2575213793119295
-0.012254433084239269,-0.005505489921720115,0.007406182392919715,0.003714790266797724,0.7928338949249145,3.36642961050017,-1.400063480769122,-2.2689147750225165
-0.012268617014828736,-0.005512401033334586,0.007394056741886469,0.0037377901100741416,0.7924878918625718,3.3799746531105406,-1.3835674069705715,-2.280125824830454
-0.0122828185945344,-0.0055194131469548545,0.007381861506042913,0.003760860756159417,0.7919954963469785,3.3934979414714417,-1.366933513135927,-2.291290309255649
-0.012296983664025374,-0.005526637730008742,0.007369778591191491,0.0037841030691953647,0.7914635244618903,3.4072076953961443,-1.3502470794678543,-2.302500213991397
-0.012394550572875926,-0.005578680495637167,0.007284696286048268,0.003945202738358788,0.7879161305233607,3.500233567656798,-1.2316780023682405,-2.3778481421226534
-0.012011453998287716,-0.005391488568773895,0.007595880323279908,0.0033152052422143995,0.790982397825184,3.1133071983619907,-1.6606712905795475,-2.060404333806296
-0.012026030362022211,-0.005397700554979258,0.007585028852614376,0.0033389591060298293,0.7913213646332059,3.128813664347892,-1.6460664802497333,-2.0733616121230223
-0.012054987936208043,-0.005410675413684921,0.007563702223247106,0.003386707144795605,0.7920073393183519,3.1601991473391666,-1.616850159597086,-2.0992872852333995
-0.012040573231408473,-0.00540410945363402,0.007574278822495555,0.0033628421093135027,0.7916180021474714,3.144473831568025,-1.6314300645176203,-2.086347637477509
-0.01206932265547189,-0.005417237102141499,0.007553071474286845,0.0034104158342333555,0.7924515209288208,3.1757303767298377,-1.6021965110017653,-2.1120698541276863
-0.012112410871618934,-0.005437050046521491,0.0075203288901366525,0.0034813924422081367,0.7931913615345847,3.2215521012461816,-1.557232234339786,-2.149849617979219
-0.012098091213575262,-0.0054303458220110465,0.007531232197395128,0.0034577243776979104,0.7929752607449622,3.206287636679382,-1.5722856157096794,-2.1373118306909817
-0.012083699235154089,-0.005423750010547314,0.007542191501943902,0.003434045025752002,0.7927744307858505,3.191021519480372,-1.5873106693360584,-2.1247129613435507
-0.0119242027485085,-0.005354412479784104,0.007657864113612985,0.0031717591910465346,0.7870762285464626,3.0172492339414325,-1.7447196205596536,-1.9805655174102272
-0.011938869512853861,-0.005360541901569517,0.0076477033468521334,0.0031959104221839234,0.7877841977420211,3.033610332354369,-1.7309599928961774,-1.9941674074110267
-0.011953469292308554,-0.005366753133040902,0.007637559642027408,0.00322001574368011,0.7885170338243671,3.0499283108810604,-1.717149038022755,-2.007692669279679
-0.011996932746061862,-0.0053853619603290055,0.007606610031961653,0.003291544701292236,0.7904990047756059,3.0977917748544743,-1.6750931264433049,-2.0474266182141734
-0.011982465768183648,-0.005379195488390297,0.007617087219284592,0.003267831497384237,0.789890752571194,3.0820623801979363,-1.6892705687129188,-2.034330423135255
-0.011967995258710116,-0.00537297729729767,0.007627367575124726,0.003243989803570904,0.7892226112482305,3.066086979680343,-1.7032621658902187,-2.021081768507434
-0.01200989873975631,-0.0053749560354544,0.007580171239241338,0.00329378813230482,0.7829636801901404,3.0856030813246025,-1.6535729200146523,-2.0471741685931835
-0.011849442644834252,-0.005308568407788952,0.007691369610197416,0.003031758204265464,0.7745015754555852,2.9094813060234412,-1.802446299708986,-1.9002598489248792
-0.01186382900342106,-0.005314561871306499,0.007682162289848775,0.0030555936396379196,0.7756266585058169,2.9260326245038146,-1.7899596086394496,-1.913926365175205
-0.011878295424103189,-0.005320456372174803,0.007672616693076061,0.0030793629132067134,0.7766262390500004,2.942342357799476,-1.7771480929317065,-1.9274931494176408
-0.011892851163696998,-0.005326393387475477,0.007662875017331453,0.003103227459593639,0.777570866952296,2.958629951091318,-1.7640926145616527,-1.9410598662289387
-0.011907537005871388,-0.005332027412031776,0.00765251476550216,0.003126843357469766,0.7782695701913046,2.9743663397112727,-1.750531844509305,-1.9544067473717213
-0.011922347799232772,-0.005337639867244848,0.007641844450021944,0.003150510471430432,0.7788797645302398,2.9899704858335663,-1.7366549973163827,-1.9677122299462246
-0.011594545610284218,-0.0051991558987977944,0.007827714393245993,0.002599346585637465,0.7414772037424927,2.595156046713982,-1.992919454821635,-1.6454316014648633
-0.011579641390254322,-0.005194078488848261,0.007835828036254327,0.002574992219419933,0.7395260853571973,2.577756131896446,-2.003400331860702,-1.6307554783357538
-0.011667984966482345,-0.005226392866016912,0.007788127973328119,0.0027207976894756476,0.7510933700482348,2.6825466835158913,-1.9404521936774197,-1.7181277788892118
-0.011727475398741477,-0.005246621358251852,0.0077514419237485815,0.002816494784912892,0.756728948048058,2.7490018187638756,-1.8935591126544395,-1.7748002176292006
-0.011682788465912343,-0.005230803122391455,0.007778519194437914,0.0027440831301884616,0.7522956913505484,2.6984077880446686,-1.9285749439968145,-1.7319920444651868
-0.01169790818534682,-0.00523586247485018,0.007769176855594431,0.002768348232354933,0.7537207792085994,2.715231819208558,-1.9166877577290984,-1.7463780667157265
-0.01171267639183099,-0.005241595263220675,0.007760787864139169,0.0027927830524434173,0.7554377252725316,2.7326443296561975,-1.9054726497282355,-1.7608152697122998
-0.011609601911789535,-0.0052042916307771915,0.007819381535643105,0.002623908610847002,0.743350827322769,2.6126802487070595,-1.9821626057643875,-1.660223911079101
-0.011624507491465685,-0.005209786918133335,0.0078114481137095985,0.0026485642657350793,0.7453792030511944,2.6304346344689105,-1.9716605323766851,-1.6749967878765577
-0.011653350866718724,-0.00522129055426581,0.007796659184908533,0.0026969954491266536,0.7494725412288622,2.6657345101323533,-1.9514890441594666,-1.703923530751957
-0.011639487143809241,-0.005215268029134621,0.007803284454612493,0.0026732614336233505,0.7472610753808687,2.6481725139130075,-1.9608979327348004,-1.689791968165726
-0.01184838759439102,-0.005291581250814162,0.007674001036766887,0.0030120178026709463,0.7665362519675688,2.883347188014255,-1.7927630215556103,-1.8881975467270211
-0.011833649579005996,-0.005284642219076512,0.007682367033250363,0.0029868355322944136,0.7648899589414682,2.865288000122345,-1.804697706842022,-1.8737366723728837
-0.011817969134097371,-0.0052790722425094146,0.007693081691820028,0.002961932067329314,0.7639639831877219,2.848610430349876,-1.8183714663292954,-1.8594442141647136
-0.01180257770068765,-0.005274215679423263,0.007704110776795781,0.0029380599206877173,0.7632307006146712,2.83297732315143,-1.8320273977408503,-1.8457004718199956
-0.011787729915127944,-0.005269617534564109,0.007714702313394303,0.002915043405108276,0.7625056428999021,2.817867803604528,-1.8451097273862962,-1.8323910889831547
-0.011742949602004275,-0.005251021907618443,0.0077405738200989,0.002840349202952929,0.7576170177294991,2.7647531643103815,-1.8803376692493579,-1.7888083085362574
-0.011773121857971854,-0.005263949155503533,0.007723725905881215,0.0028911343923875062,0.761178202195456,2.8011986044351,-1.8570540631593813,-1.8184792872904367
-0.011758812739698074,-0.005256485959532083,0.007730324142610029,0.002865698252312358,0.7588409975965896,2.7820800905111827,-1.8672774340216705,-1.8036302815655485
-0.012126702569819806,-0.005443722825646201,0.00750928155666837,0.0035049239344266676,0.7934013952429032,3.2365788978894625,-1.542038070096144,-2.162224401408595
-0.009680899565648915,0.004840192536847604,0.008117314796988176,5.00840457848445E-4,0.22672593195638566,0.37753877984756756,2.480703341163793,0.3018918907537856
-0.009707017555219506,0.004844941452654613,0.008127318512538919,4.609060956070452E-4,0.23516117169585282,0.4066175610580765,2.48545186053629,0.2761973560017539
-0.009652107852888222,0.004833860958143917,0.008104597177723423,5.443991241191934E-4,0.21741388224394934,0.3452960333678279,2.4742834296875427,0.329964392206158
-0.009622792406798534,0.004827043018550704,0.008090765897989153,5.88353461004983E-4,0.20801098666454446,0.31248979583570907,2.4670874912437815,0.3583914554727526
-0.009597417527120556,0.004828734261491639,0.008087098515958971,6.278631358390109E-4,0.20075910462713725,0.286033391097772,2.466594013842101,0.38435470528077736
-0.011057085633118791,0.00503893028148814,0.008058212510745998,-0.0017164060870414621,0.641201450179055,1.9512738619710406,2.288064341951842,-1.0996544631478906
-0.01107296616997866,0.005032360558901693,0.008040894504629187,-0.0017359765091272516,0.6401732027106221,1.9613563951382254,2.2721857759889983,-1.113877099766276
-0.010960607601240116,0.005000254735477914,0.008069408809223215,-0.0015495088583413529,0.6108838895008607,1.8235272202562742,2.311381048389441,-0.9979873831105243
-0.010994661053999703,0.005011765837755449,0.008063618929004672,-0.0016070802825987717,0.6208473573396817,1.8667645977430694,2.3018928226805504,-1.0334060438914838
-0.010978549222614827,0.005005008763122267,0.00806493161748646,-0.0015791012400866668,0.6155802055004919,1.8452706282102327,2.3053042823255008,-1.0164363850339295
-0.011040043550211395,0.005024991899147956,0.008052384102014304,-0.0016826058848080575,0.6327986891591225,1.922709282853912,2.2862825086721545,-1.0803043081184136
-0.011023998747473035,0.005011392304194083,0.00804621063482828,-0.0016506709630822855,0.6247341379081855,1.8956384853443626,2.284077497352477,-1.0620945877782464
-0.01100793741536934,0.005005224340406714,0.008048461615446357,-0.0016231669144181574,0.6198750146023035,1.8747718052101938,2.2882876322627244,-1.045319497060133
-0.010912658164526261,0.005005842180773443,0.00810161356822723,-0.0014799299488976456,0.6057594570379149,1.778916912335444,2.3428590822242366,-0.9510019991535676
-0.010893505217950362,0.005002639717430454,0.008107816489823559,-0.0014490561603879503,0.6011815204298526,1.7568103432893811,2.350225712960141,-0.931392695159312
-0.010830417132909288,0.004975653849724295,0.008107655370467289,-0.0013392327889500575,0.5788433388669899,1.672415205595201,2.3584471222559835,-0.8651851083812837
-0.010878023211332428,0.004990424580307528,0.008101506864680775,-0.0014192224942026408,0.5934195497979112,1.7320027531116395,2.347495982108217,-0.9144714690343935
-0.01084649710551309,0.004978202978492312,0.008102903045234195,-0.0013650567135800908,0.5828063375819498,1.690820001141585,2.3527396978134365,-0.881572156009074
-0.010862609498286541,0.004983003113002913,0.008100587963782081,-0.001392008583935008,0.587638122721891,1.7108199333680065,2.34884899109796,-0.8982178259494839
-0.01081482637669169,0.00497280433149054,0.008111680631985448,-0.0013139908274881903,0.5748085953374105,1.6542754664616395,2.3635003426076295,-0.8492453955081709
-0.01079905999094896,0.004969329097942109,0.008114920126605718,-0.0012881746037099338,0.5704101133179069,1.6355323247676703,2.367961522002537,-0.8330780756767097
-0.010925926755641078,0.004990394476375874,0.008076751552623317,-0.0014919202672849475,0.6013162780633897,1.7809882338696597,2.3219744139563647,-0.9622592540367633
-0.01094294985488991,0.004994964396799669,0.008072924489161163,-0.001520042084199785,0.6059449559832162,1.8016491716781708,2.316619650253097,-0.9797474300430372
-0.010270844552629312,0.004906112843281215,0.00820217218127038,-4.3581765399613315E-4,0.4188897331255576,1.035053734422795,2.488645453281093,-0.29277345429437734
-0.010251567412731278,0.0048983648014680565,0.008196010386193539,-4.0384634053155605E-4,0.41119044530634147,1.0109425284115412,2.4860211930440532,-0.27361326393750024
-0.010232653526033291,0.0048954574152636,0.008195218488761572,-3.7322777102594996E-4,0.4049073333850734,0.9892873191324041,2.4871927888118184,-0.25445470899878003
-0.010217874421515383,0.0048970352159697335,0.008198928587167531,-3.497977607773786E-4,0.4010191583583417,0.9739070784109044,2.4911715605875826,-0.2391304260560833
-0.010204841547774336,0.004889608497384372,0.008191857215910918,-3.280837125037345E-4,0.39526753135987597,0.9568342845415748,2.487344291302948,-0.22643601049024617
-0.010114139969491785,0.00487265170301627,0.008180321154125538,-1.819386092931152E-4,0.3642645099203757,0.852416648688764,2.4873879990931496,-0.1352334793128297
-0.010102985293819615,0.004853812913876804,0.00815922653082523,-1.6309866345705855E-4,0.3566308404597776,0.8335475487643649,2.4735639489329624,-0.12586551998876835
-0.010172439241265461,0.00489024624075976,0.008196038529063048,-2.7637639979006943E-4,0.38586853660934,0.92202235730453,2.4932183098503966,-0.19314405632235465
-0.010189827049455492,0.0048828898809619515,0.008185733332374014,-3.0338756248624683E-4,0.38911237433047524,0.9379658006246337,2.4843758779102263,-0.21167220248133836
-0.010134248222231933,0.004873067360530232,0.008179406493092773,-2.1397483368914484E-4,0.3703216582337853,0.8742495275747825,2.4849420372932953,-0.15576043977142298
-0.01015511948831589,0.004879838824113271,0.008185558617379496,-2.477667688710066E-4,0.37813473868206054,0.8993115354688342,2.4873895899265546,-0.17643091107775913
-0.010782706315362966,0.004964653553130341,0.00811688723525882,-0.001260909536775809,0.5654351435450377,1.6153666966693427,2.371493214808266,-0.8162255386558454
-0.010387453229127127,0.0049256902331621475,0.008203223618999535,-6.260208615178018E-4,0.457594485214559,1.1703134653690521,2.478524309326452,-0.41144928771160844
-0.010402830613177672,0.004916492959913345,0.008189077455937008,-6.484825500757594E-4,0.45887611951013857,1.1827332366338992,2.4667668787988575,-0.42780136038791783
-0.010313725315859217,0.0048996133111475805,0.008187540187869062,-5.032063241943854E-4,0.42927487473555176,1.0787596423020533,2.474189090882503,-0.33733009980011314
-0.010368689737901806,0.00491497285570965,0.008194771843110356,-5.93766523943788E-4,0.44911204952166656,1.1450563625912074,2.4741783231845207,-0.3927830662207001
-0.010331478779697742,0.004901797367487165,0.00818683754590053,-5.31869544032973E-4,0.43487956487249374,1.0988983928449414,2.472003232458419,-0.3553925297901625
-0.010349833310661971,0.004906058580103732,0.008188248096646351,-5.619086994566356E-4,0.4412290362187175,1.1206263620094286,2.4712677149379503,-0.37395353095102274
-0.010284451161839486,0.004891924820894199,0.008183566220401143,-4.553075733954438E-4,0.41886570741902435,1.0438422788448571,2.4740946355277456,-0.3078768343919867
-0.010303699327935009,0.004883391657627567,0.008170493466054132,-4.8445552930463756E-4,0.4218537262198346,1.0609471273689133,2.462918301901743,-0.3281750867445126
-0.010765553320865977,0.004956959792712069,0.008115556420116446,-0.0012311098838611965,0.5589971814614105,1.5924182911447533,2.372601682488772,-0.7983697932984675
-0.010666435991997413,0.004935898209942819,0.00813158525329069,-0.0010692559633665559,0.530318704067195,1.4752946085415874,2.3964635078715295,-0.697064677049553
-0.010728301515683273,0.004945985969415942,0.008118713839993791,-0.0011690248183258728,0.5472669018917348,1.5464651202263542,2.379522566587332,-0.760082948730218
-0.010745589701692622,0.004944622450184667,0.0081098924244814,-0.0011950865607302467,0.5502384422242511,1.5636716719794779,2.370783457596176,-0.7774300201680352
-0.010715129951662482,0.0049378226614645295,0.008114691963776411,-0.001145358632022239,0.5414271310273016,1.5275946697309928,2.378082652759226,-0.7463391200027322
-0.010683162411246117,0.0049356158915261055,0.008124845308903545,-0.001095084551209445,0.5338480865331697,1.4927418198925362,2.3894781919519725,-0.7139876403504706
-0.010700913246970447,0.004929832966319282,0.008111195776501684,-0.0011202325377713588,0.5354897429164216,1.5078217953169402,2.377162546579131,-0.7315930681822775
-0.01062411113484812,0.004948916156247938,0.008162210334744693,-0.001007958763135194,0.5255978742969756,1.4378976923628477,2.424158353099028,-0.6542527320645366
-0.010638901684669317,0.0049385485554603765,0.008144866860970058,-0.001027381943587853,0.525149915687866,1.4477103083012295,2.4095292477272783,-0.6691823711303769
-0.010593166915782076,0.004948623385919001,0.008172592893241645,-9.591832804171788E-4,0.5182468498265044,1.4045345808627967,2.435257001624175,-0.6225230984640574
-0.01057632501274515,0.004943424689902009,0.008172151349948984,-9.309036719199944E-4,0.5123283957056267,1.3835923960285113,2.4367237759504374,-0.6052620419076907
-0.010608115465091522,0.004937260256908902,0.008154286062741803,-9.78789744335919E-4,0.5176336187537451,1.414211267647252,2.4199807157578515,-0.6377806976038894
-0.010653275005151036,0.004926668471183115,0.008125853663343069,-0.001045378288454134,0.5240648912590299,1.4559692850761443,2.3936839607211167,-0.6834217922582558
-0.010570762053406391,0.004927623859456341,0.008155623186276805,-9.170034558907981E-4,0.5054436536865125,1.3690066701101355,2.425020063023481,-0.5995972960477695
-0.01055666665918524,0.004921321649623321,0.008152831091386191,-8.92881716244318E-4,0.49984845439476944,1.3505543208595114,2.4244599018217765,-0.585232360246903
-0.010537936443158239,0.004915511189180844,0.008151916485882059,-8.6170835375865E-4,0.49332586483649,1.3274786019064926,2.425789638245707,-0.5661682499860565
-0.010416433567365062,0.004906495913815794,0.00817431886096121,-6.677530876537229E-4,0.45945357552476024,1.192706912197773,2.4546897265423833,-0.4422358570438915
-0.010447689819720885,0.004909445848062648,0.008170092053742256,-7.17920106455848E-4,0.4685790732988548,1.2277516777694932,2.4484821049812555,-0.47412176252256927
-0.01043281783147665,0.0049003559311848344,0.008163271237535987,-6.921762341550667E-4,0.4617321064990942,1.2073742448226976,2.4450088130418113,-0.459228989532457
-0.010480304366235864,0.004910963744991968,0.008163278879607843,-7.697906770697486E-4,0.47743609845363416,1.263503549463592,2.440179140171589,-0.5074210661084447
-0.01046289791097725,0.004903019408881486,0.00815873185079531,-7.40254011594627E-4,0.47037390517276945,1.2409087761144606,2.438633965927832,-0.4898580667520306
-0.01051678950158013,0.004908580632435183,0.0081502180166324,-8.264738361046881E-4,0.48577923792888283,1.3012881179259141,2.42677609004749,-0.5446838380347954
-0.01049562590441313,0.004897063136531129,0.008142977113491837,-7.900156090225025E-4,0.4767292427396735,1.2728397292126503,2.423682166950074,-0.5233168398903231
-0.010077117764461857,0.004857878865525507,0.008165208441299908,-1.2234558540913287E-4,0.3498905713541522,0.8072382790241334,2.480090698296578,-0.09905051785875882
-0.01004657925201696,0.004853725660994761,0.008161449886907195,-7.383259074649269E-5,0.33983499664549704,0.7729856015821622,2.480179198586622,-0.06838094251458854
-0.010018593218766938,0.004844099918395165,0.008150837864487967,-2.943327441209053E-5,0.329497498222082,0.739674609613662,2.475242420255156,-0.04100202840514832
-0.009992020302059227,0.0048405061800306255,0.008146749769811433,1.2477824064993395E-5,0.32084593015649704,0.7100144938897414,2.474729369620284,-0.014392647474939846
-0.009966070265521593,0.00484105876404533,0.008147049339784896,5.338289853377293E-5,0.31314445286381853,0.6824223411893683,2.4772063215949083,0.012081525256908582
-0.00994499676942809,0.004845829641782077,0.008151990610910018,8.6750870609709E-5,0.30772398010170515,0.6613950876367501,2.482466713869997,0.034162834262470104
-0.009924178503462014,0.004839647914448062,0.008144076583995692,1.193362384142034E-4,0.3003040060759727,0.637129842776397,2.4787829123764697,0.0545326527717653
-0.009896250949283132,0.004837870528955625,0.008140584412940284,1.631908259116124E-4,0.29157953288294686,0.6067043389342311,2.478772010437399,0.08269641556321784
-0.0098730781763681,0.004823626195411015,0.008122688834292964,1.9858618767856044E-4,0.28228158614891075,0.5776252761040648,2.4683329370332134,0.10422802086778528
-0.009841716712289377,0.004834614998477665,0.008132746403997172,2.485943840450139E-4,0.2745957729476733,0.5474602271697185,2.4779940887677725,0.13766726069389387
-0.009854690782268518,0.004806749923611485,0.008101939637384963,2.2592730250342222E-4,0.2741916996712224,0.5530115992987875,2.45546320797385,0.12045036908864079
-0.009807410801497496,0.004831129789622156,0.008125307651068737,3.0197449067407314E-4,0.2637043320812344,0.5098538729177483,2.4757301012124553,0.17197375475599916
-0.009773102914265775,0.004830351721611349,0.008120319408060642,3.5549465523089437E-4,0.2532569531314166,0.4730907062811487,2.4751598105733064,0.20665675467492475
-0.00973593629315648,0.004830759901187147,0.008115601171413812,4.135226320379571E-4,0.242142951109964,0.43363380823746717,2.4749996683370092,0.2444212532768857
-0.009601942769504912,-0.004839963077758503,0.008100985417167328,-6.234198038229962E-4,0.20302959578029608,0.2935396001013357,-2.475840199204592,0.3819080767072988
-0.009578931654857377,-0.004838213347008017,0.008093637586441214,-6.58585108330796E-4,0.1961075191006406,0.2687080155029849,-2.4726130311390775,0.4048742292233091
-0.009557032540141895,-0.004839769331615584,0.008090059289045036,-6.927425897515667E-4,0.18976037909433738,0.2458523450469794,-2.4718998952808717,0.4273490148625398
-0.009505750156792246,-0.0048494003142778835,0.00808748069784003,-7.742640450722369E-4,0.1754367248105382,0.1937169847659222,-2.474234303543444,0.4811706794522093
-0.009533403409846894,-0.0048427128006225326,0.008087343603807346,-7.2989299795185E-4,0.18304632456666362,0.2214899136187962,-2.471921475881544,0.45184503212382926
-0.009348592579848016,-0.004870129084353258,0.008060202645957281,-0.0010212791682288715,0.13131831960332943,0.031871846480764826,-2.4677549705939836,0.6445804161382185
-0.00937708090072131,-0.004857422762734069,0.008055951002959834,-9.734490513696377E-4,0.1388863292494721,0.05943179162546348,-2.462550187265691,0.6128891494362275
-0.009408596893882562,-0.004848624007748602,0.008056728686840651,-9.225713827850191E-4,0.14746151713876854,0.0908844798581382,-2.4605999141282666,0.579131164634718
-0.00947402670794502,-0.004844492002340759,0.008072691797211746,-8.21508606634358E-4,0.16590492613999674,0.1590668267215292,-2.4665000522772313,0.5122214117418068
-0.009441868780673534,-0.004844045681665206,0.008062317770394671,-8.704597846968341E-4,0.156654897188679,0.1250178769918777,-2.4618530512841073,0.5445791683844639
-0.009490754609804579,-0.004822871523105583,0.008052916107431073,-7.896683399155297E-4,0.1694458335449169,0.1720293947794132,-2.4514115394379306,0.4908159130033701
-0.009282371292185397,-0.004879891634276484,0.008045673235096354,-0.00112526452754026,0.11321587279775276,-0.036094481399453704,-2.4628244785641287,0.7137341072740854
-0.009304340480920744,-0.004872394320364187,0.008045897553546242,-0.0010891213010254769,0.11905733705913361,-0.01434384309678074,-2.4612497205304456,0.6897700734297078
-0.009234889410039039,-0.004866182504691075,0.008010105640392938,-0.0011906231599381186,0.10038538072951071,-0.08830290164291653,-2.4415288186620523,0.7579638638094243
-0.009262174689020705,-0.0048633011571382655,0.008018418315293345,-0.0011487305509739032,0.10757601374600803,-0.060249211510276054,-2.445248584759136,0.7299003014735407
-0.009320970889238792,-0.004854683460825679,0.008032155938113543,-0.0010571861056072641,0.1233150486350683,-1.2351966329847322E-4,-2.4503141446419225,0.6687367593605681
-0.008930241094240883,-0.004849347367205906,0.007834472950391193,-0.001619764588009974,0.02935056557045772,-0.4032668592572311,-2.3379995222023897,1.052535700169148
-0.008897681066917027,-0.004839829274058724,0.007804450973652881,-0.0016587284420993176,0.023147478155813667,-0.43646710326165933,-2.318200891925655,1.080304595049978
-0.009149345210847478,-0.004863825491883291,0.007968425309754334,-0.001315745154189223,0.07857618803007345,-0.17781608781466446,-2.418587930513771,0.8427211804009593
-0.009213797135383478,-0.004842061454246277,0.007973581143737696,-0.0012112540975448489,0.09494633568492379,-0.11419602457695645,-2.417244539710229,0.7727150583030217
-0.009182439305390894,-0.004851440389783008,0.007970004619197994,-0.0012614855375631551,0.08700124147245725,-0.14530719120862726,-2.417131939988981,0.8064134675039581
-0.00912139841086187,-0.004834579757435639,0.00792203831589758,-0.001342066484649538,0.07229128037570398,-0.2105995494370144,-2.3874194770424215,0.8619427515316959
-0.009011710118044287,-0.004849778372746547,0.00788168910097088,-0.001506262372997829,0.04668554556193033,-0.32092994828704396,-2.3664971113855775,0.9739211905059842
-0.009055529217375204,-0.0048371684875220654,0.007891352441892539,-0.0014374687436379558,0.056836011783482285,-0.2776722198953898,-2.370196559449172,0.927240603285443
-0.009089455150977366,-0.004812013343343631,0.00788104159943092,-0.0013763849719128798,0.06541850733329523,-0.24598103810216929,-2.3601433193326193,0.886542250970974
-0.008951208066032003,-0.004825276844570859,0.007820451671791481,-0.0015766968732155433,0.034821205157344715,-0.38409291255327055,-2.326058990390036,1.0241796326180925
-0.008982438221075842,-0.00482006162933793,0.007832624430400557,-0.0015305892594251087,0.04152548347331092,-0.3532414668104073,-2.332710256581945,0.9925098307837784
-0.01072529426097415,-0.0049805061208186615,0.008160025781421934,0.0011786629058916137,0.5600262251207148,1.5649207670983925,-2.4111238037544607,-0.7587415307704332
-0.010710701296745822,-0.00497185536806367,0.00815593547498899,0.0011523061414881275,0.5535495569494046,1.5439548972797805,-2.4097131033637296,-0.7434334170353394
-0.01070117643756272,-0.004953358135296947,0.00813828251790842,0.001130016445844386,0.5444499918039334,1.5224303418284266,-2.397490451992917,-0.7329272295189465
-0.010741713085008611,-0.0049792362311522394,0.008151661312635674,0.0012037608884709397,0.5629664558124493,1.5815976853748932,-2.4028620709030126,-0.7754809201917816
-0.010760530398327939,-0.004971298297784304,0.008134356185050193,0.0012295929217011425,0.5636939010960781,1.596383757177307,-2.3874883631111756,-0.7941706698137622
-0.010777983901527404,-0.0049702343940122825,0.008125456039791574,0.0012561154953641095,0.5667344383729308,1.6140257555996502,-2.3785952010658318,-0.8117951355795349
-0.01079508628547296,-0.004971428048050329,0.008119159395440964,0.0012830154178195923,0.5705508030877827,1.632702859351508,-2.3716849901179695,-0.8291690770686452
-0.010812798013586561,-0.004973477081612731,0.008113403609113355,0.0013111887425735246,0.5747556503300806,1.65255413219291,-2.3650741878323025,-0.8472088701020811
-0.01083461757853671,-0.004978873854339096,0.008109385280708209,0.0013472021286010049,0.5810047623166793,1.678885213642104,-2.359224773970927,-0.8696327111326366
-0.010854720149388411,-0.004978848039649019,0.008099653451932856,0.0013779313019869832,0.5846310421611814,1.6996543917859628,-2.3491866320811887,-0.8897963539130088
-0.010872355293134522,-0.004979608218216172,0.00809183175148971,0.001405176885513309,0.5880224625366678,1.7183426560077513,-2.340880500233015,-0.9075197033376047
-0.009692299249324092,-0.004848094645560838,0.008128433400627655,-4.844576349985991E-4,0.23103380159647427,0.39178679758739626,-2.4874247826672846,0.291669763364826
-0.009621041701062911,-0.004819490734855163,0.008081758514982959,-5.894389298621902E-4,0.20686220681688924,0.308773439605791,-2.4609988104732676,0.35877989413036243
-0.009674301032008961,-0.004831427355317501,0.008106045581933287,-5.095008904262041E-4,0.22379625177104975,0.36825445779839466,-2.4734670723696763,0.30704240942271527
-0.009650798050444487,-0.004820660190014349,0.008089225061110763,-5.43818553589757E-4,0.21567794626890854,0.3405539981918464,-2.4637478542400983,0.3289393027381573
-0.010222883053818565,-0.004910927464869922,0.00821446868824747,3.595595310542172E-4,0.40619354398460766,0.9848497865955245,-2.501741187322478,-0.24292918284078094
-0.010270045425602463,-0.004916305638988864,0.008214162514494723,4.3609698142699113E-4,0.42152619446972234,1.0383853395441485,-2.497276806128971,-0.2910415268132794
-0.010252169877797044,-0.004919385784245977,0.008220396913541613,4.078062324342334E-4,0.4171612636574968,1.0201815947985404,-2.5033292477168843,-0.27233523777376406
-0.010239560424698896,-0.004906051543648639,0.008206613564157262,3.8569515358042103E-4,0.4097645333976961,1.0010415184641808,-2.494665551909033,-0.26057300964189817
-0.010293842877446169,-0.004899621883016496,0.008190961701822706,4.7152374369650906E-4,0.42365319074631075,1.0572697352980136,-2.4785084608539045,-0.3169324716322024
-0.010279047231465693,-0.004897011228812727,0.008190325331338308,4.4750903273617446E-4,0.418675542997679,1.0401731520430408,-2.4794373449635123,-0.301962563885494
-0.010142451401659007,-0.004903359578676696,0.008213941976905309,2.294491521520553E-4,0.38005738656738686,0.8944383038843394,-2.50847627707599,-0.16092438046904414
-0.010214164515166208,-0.004898036345802351,0.008200543023873302,3.4398409432798925E-4,0.4001673482519821,0.9702820063735601,-2.4926528225063582,-0.2352209547770749
-0.010162693864497831,-0.004895920060681911,0.008203546674541854,2.613103980185932E-4,0.38432402116353187,0.9136231785457882,-2.499388417938308,-0.18254166796079693
-0.010182332682511105,-0.004893161577212609,0.008198433596389018,2.924948854475906E-4,0.389476702264313,0.9338619435688403,-2.494027941923814,-0.20299953786329758
-0.010200354753493143,-0.004894976207494049,0.008198599973470938,3.215263344967898E-4,0.39528574712880055,0.9541021211755635,-2.492521891403745,-0.22133126409349055
-0.009790784041031175,-0.004852698416144994,0.008148229207387506,-3.3054264669111973E-4,0.261730531006603,0.49825860569635305,-2.4929347253738476,0.19227214387970518
-0.009847730674955769,-0.004837762083288363,0.008136899000407706,-2.3943503528774592E-4,0.2768671628759733,0.5548129139064802,-2.4803643509555866,0.13202607379294665
-0.009813563721903205,-0.0048396947254872235,0.008135818390397046,-2.9326036278657714E-4,0.2668018071823781,0.5188956357443751,-2.482489494387115,0.16704249667402007
-0.009713621797802954,-0.004844158349285487,0.008127503915030905,-4.5045129525993953E-4,0.23703930818543115,0.41347965646072,-2.485042795067542,0.2693298520200503
-0.009740909822545283,-0.004847605530969827,0.008135705284809296,-4.082523632923468E-4,0.24575682476291008,0.443512473474589,-2.4884499232079755,0.24218842472829416
-0.00976950277967732,-0.00484644454343977,0.008138351015936572,-3.632264384720504E-4,0.2543587986087506,0.47371352324571747,-2.4879019046796227,0.21294284197659216
-0.009876209929745663,-0.004822332389684527,0.008121428660260742,-1.9359705173517932E-4,0.2830314498857392,0.5805401832185115,-2.467199060822074,0.10090592251322038
-0.009903231500499439,-0.004811572764420095,0.008110817625811373,-1.507474904977903E-4,0.2892621924213355,0.6059821099081754,-2.457472616860936,0.07204681799477224
-0.010126103299019869,-0.0048907876524210345,0.008200550947696087,2.0226270875874558E-4,0.37206098968719525,0.8720380123138644,-2.500513829200456,-0.14553631456195795
-0.010109053147161531,-0.004867622159843369,0.008174816360709804,1.735371015702654E-4,0.36150954546560293,0.8451080921221054,-2.4839802804251474,-0.13059518728236738
-0.010036567797798528,-0.0048595472791465475,0.008168395156804871,5.809698986044249E-5,0.33801329814176073,0.7642473183325108,-2.4859124230696836,-0.0574876638352674
-0.01005965563966387,-0.0048507354043170435,0.0081576201613095,9.443662474540821E-5,0.34307702312648297,0.7859616336291723,-2.4763318147378217,-0.08204619025302494
-0.010087625273980274,-0.004848765036630828,0.00815421666929811,1.3855827635354887E-4,0.35095187365250957,0.8152358503769078,-2.471436784066323,-0.11074721529333573
-0.009986613051288992,-0.004843227517926327,0.008149839458771577,-2.1027042598507113E-5,0.31973241063101926,0.7051107655282939,-2.4773652536522106,-0.008531614887423886
-0.010011839079742738,-0.004841348659776148,0.00814771746774619,1.875736450691467E-5,0.3269447364387475,0.7314818814098784,-2.4736696223872023,-0.03443232050275597
-0.009959661433659377,-0.004831111628792188,0.008135463554674094,-6.325164479065779E-5,0.3094133995900061,0.6722782510901554,-2.4697298373931695,0.017382612939426754
-0.009933109605908352,-0.004802360899002382,0.00810170565468103,-1.0382328525969678E-4,0.29647336460417023,0.6348118806945587,-2.448491858638049,0.040611753458726946
-0.010570764216624343,-0.004942873601292816,0.008173326108216835,9.219557368937411E-4,0.5108540605761918,1.3772489728698716,-2.438186678400126,-0.5995080252986181
-0.010541112549650131,-0.004934071557366257,0.00817246699956007,8.723899734828859E-4,0.5005194881500649,1.3406426230891324,-2.4406482063354926,-0.5691765355326702
-0.010558769357771506,-0.004929958390105292,0.008162176750089649,8.989189691664127E-4,0.5033658843137658,1.357418802168663,-2.4311713842495846,-0.5873133948064734
-0.01034576550454679,-0.004936247994727341,0.008224217426477576,5.613488836293815E-4,0.44915706774552067,1.1296145376905125,-2.4975938545730307,-0.3676800721669467
-0.01036370353897777,-0.0049270345269337035,0.008209851331530479,5.883022691939621E-4,0.45142197120035504,1.1450561946268818,-2.485555576201357,-0.3868457588880965
-0.010381084373757125,-0.00492367229393438,0.008202261211813215,6.154035772811652E-4,0.4552058724982291,1.1624280088793404,-2.4784148936047257,-0.4049799151332362
-0.01052339023746003,-0.00493487340911718,0.008178758762930963,8.44629555226968E-4,0.49639024839020446,1.321964607922032,-2.4471320198372086,-0.5509637567648168
-0.010398083253299327,-0.004920967122288584,0.008195357519407304,6.419386714201104E-4,0.45901947907441226,1.1796430270100535,-2.4717765539725836,-0.4226566500943815
-0.010426736864934071,-0.004931319595613419,0.00820070672413617,6.900660586014858E-4,0.47007179529645166,1.2156035926664648,-2.4729106481267524,-0.45162071435347967
-0.010415354827416514,-0.004916839819574813,0.008186577424314017,6.684798803757498E-4,0.46235702765154324,1.196424578833026,-2.4637122863499212,-0.44064600417194827
-0.010502024473987745,-0.0049357588823088884,0.008186014614062542,8.110429623886336E-4,0.49129219406429275,1.2993682653656184,-2.454669580560854,-0.5289933149145979
-0.010481235913121431,-0.004929358435458434,0.00818437364441388,7.762791595940555E-4,0.48377793644941985,1.2736856751269527,-2.4555683562564696,-0.5078145097909333
-0.010462009683758973,-0.004927098366869766,0.008186893583975625,7.451589638987568E-4,0.4780347932843199,1.251789873906764,-2.459342961489844,-0.4881305586068047
-0.010443840115034042,-0.004927767523849051,0.008192343531323686,7.164458862378431E-4,0.4734769394091915,1.2324521492249216,-2.4651308135252674,-0.4694102487626754
-0.01033347931547984,-0.004921386117629251,0.008209241860718324,5.387520521605151E-4,0.4412312047911581,1.1096438272171854,-2.4879459082199826,-0.35605684939675525
-0.010320501338744504,-0.004908476231932963,0.008196619664667197,5.156006958407551E-4,0.4337347171906029,1.0899217545906934,-2.480068888352461,-0.34364414126078396
-0.010307830478522585,-0.0048934407390529115,0.008181416680549737,4.927446397808957E-4,0.42581089616259865,1.0697596599874242,-2.4703526187485587,-0.33174963969635624
-0.010601956833416568,-0.00494681898342926,0.008167506690969615,9.72411247654544E-4,0.5197093125172311,1.4129307018543924,-2.4305235955899906,-0.6315052901402359
-0.010588882496359583,-0.004934887135201492,0.008158077341092208,9.478276509224686E-4,0.5123209408225032,1.392307220048268,-2.424900820154859,-0.6180816462789861
-0.010621891105115355,-0.004939629040897814,0.0081522184600041,0.0010011861607921097,0.5217313671625954,1.4301906334133665,-2.4169226063041447,-0.6518340682542219
-0.010641284359822275,-0.004934695625353893,0.008139539868932765,0.001029695355233063,0.5243042117435693,1.4479787080380258,-2.405284975754494,-0.671495897830889
-0.010693108354342451,-0.004939813561330192,0.008125804704729104,0.0011121256663695254,0.5375651709059653,1.505722150486654,-2.3890453628737647,-0.7242108720838231
-0.010678428712535775,-0.0049352278912231295,0.00812622683056468,0.0010876015347702304,0.5326907453404875,1.487517938799991,-2.391065069645037,-0.7091780523331422
-0.010660594443551667,-0.004933253406041312,0.008130728931391816,0.0010591918507377553,0.5280620650934456,1.4675574172112678,-2.396498910188324,-0.691052503001111
-0.011503126238643328,-0.005170702372697728,0.007878285410211716,0.0024516221598138415,0.7297852504170108,2.4902283678138777,-2.056770426762611,-1.555692511823931
-0.011488045851343763,-0.005164108323637568,0.007883960914288115,0.0024254297101809525,0.7266746626828969,2.470319229274015,-2.0651719697293243,-1.5398379312485375
-0.011529084329956828,-0.005163614328836646,0.007847357844842568,0.00248024886562438,0.726138509831672,2.5017745082041043,-2.0272387732368213,-1.5742740598038123
-0.011515074869988953,-0.005161919107977207,0.007857849401885813,0.002459999509532926,0.7254951187818136,2.4889466472855495,-2.038786069994267,-1.5617870311857927
-0.011484481494733372,-0.005144830196487882,0.007865243375253296,0.0024039386426390834,0.7175588727846858,2.444588397243454,-2.052828974499086,-1.5282554050061892
-0.011467792988930367,-0.005140822316174434,0.007875014822350911,0.0023779244009584067,0.7156168965728917,2.426614704363964,-2.0644360143557283,-1.5122859689631787
-0.011304779907516486,-0.00511418632047982,0.007975877590542997,0.002129547029224806,0.6982256142839919,2.2579988493505527,-2.1787049316885736,-1.3565133391988333
-0.011290058309343045,-0.005109273835725655,0.007981318962420748,0.0021048242786561653,0.6950492274468577,2.239570591950628,-2.186010248055331,-1.3412339847027377
-0.011316494158551939,-0.005104337769436335,0.007955668024032424,0.002138694486385326,0.6941998386695089,2.2581814377862615,-2.160977166700093,-1.3640032655696082
-0.011452263704422228,-0.005139036561046673,0.00788615427234063,0.002355286644210136,0.7146012666878446,2.4120201344182983,-2.0766526213983254,-1.4981733299798172
-0.01143667653709866,-0.005138302393385662,0.007898396297491854,0.002333343220076255,0.7141500627452314,2.3984298977402605,-2.0896388294782096,-1.484332128369777
-0.011423019167228658,-0.0051308748838939655,0.007901302974968884,0.0023084185946019163,0.7103312469289113,2.3786803240972785,-2.095335748128353,-1.4693501903644652
-0.011330788305762212,-0.005105083988051437,0.007945560439408576,0.0021594429669615062,0.6952256691931716,2.271592061352648,-2.1502360111763035,-1.3772904068318896
-0.011406794362399532,-0.005125021364526726,0.007907976476324852,0.0022812552444386176,0.7073194042589838,2.3585781379654898,-2.1043336371036894,-1.4527675027314944
-0.011390849829262525,-0.005120994464526306,0.007916331895594979,0.0022559289255112834,0.7049241865832196,2.3406639154820645,-2.1144216560623765,-1.4370951192931594
-0.011375513097752532,-0.005120551612445587,0.007928130118090352,0.0022342455235855956,0.7043159501413022,2.3270978667751243,-2.126830488539813,-1.423249620635724
-0.01136163661528406,-0.0051126991419234505,0.007930189427489314,0.002208649301993749,0.7000779919348695,2.3065975458131684,-2.1316885257530758,-1.4078769500492625
-0.011346739959186653,-0.0051080067687715005,0.007936527207964823,0.002184120484372331,0.6973456394794847,2.2886451908493353,-2.1398714538366157,-1.3927656943543196
-0.010898880289848896,-0.005002909698258181,0.008105366770283754,0.001457401486556276,0.6022147506615846,1.7625500758434316,-2.347631890895054,-0.9368203197712199
-0.010918244151601706,-0.004996635668703411,0.00808801772965719,0.00148359015924847,0.602795383464692,1.7777537526265157,-2.3316926196806524,-0.9553710861498333
-0.010935378219483906,-0.004995107398627915,0.008077160450885383,0.001508701983080941,0.6048739695129247,1.7940337096584364,-2.3209719411143106,-0.9721942747597955
-0.010952397399150927,-0.004995761302992642,0.00806872257507446,0.0015347021799045494,0.6078103371048275,1.8117393426740136,-2.312074518338573,-0.989137952402542
-0.01098025085127742,-0.005009859117862058,0.008069577903997061,0.0015843805984474804,0.6179731372920646,1.850754061247416,-2.3086344978034314,-1.0188449130202477
-0.01097035499788875,-0.004994428192236014,0.008057311985992814,0.001560918985952181,0.6098968014844095,1.828758075715761,-2.3007222230509643,-1.006640925788652
-0.010997390356452084,-0.005008472963186758,0.008058261222175572,0.0016092910870347044,0.6198091359415822,1.866825992549827,-2.2973920952208817,-1.0355035394334406
-0.0110148069151885,-0.005009986453874342,0.008049962409143388,0.0016361658083461704,0.6228999917016478,1.8853700340249517,-2.2883778479516796,-1.0528404349252647
-0.011286676174567073,-0.005094207318838575,0.00796654227873348,0.0020887437985068146,0.6878240916497359,2.2209819976876375,-2.1756277664204173,-1.3332153511840763
-0.011272080824559166,-0.005084475084903702,0.007966197742385413,0.002060758876795025,0.6823390474418521,2.1979146306897057,-2.1784780390298697,-1.316622919227793
-0.011175172415748535,-0.00506257924918166,0.008009537520068178,0.0019056655204980275,0.6647383738750711,2.0868729665833574,-2.2303958316860855,-1.2192976154191353
-0.011159436865998004,-0.005060592932799448,0.008017848946554601,0.001881372237001555,0.6623062756456016,2.070071574999059,-2.239618058639364,-1.203763772011721
-0.011144124989955078,-0.005060491712291543,0.008027909706544451,0.0018588717495541963,0.6608191883481518,2.055307836054585,-2.250049745463683,-1.1890353898428023
-0.011114715019667506,-0.0050490708864054015,0.008033884994338256,0.0018081733724096087,0.6525283288630392,2.016602083678545,-2.259795746272491,-1.157961815784219
-0.01112981122313119,-0.005054180010031092,0.00803001316309296,0.0018337024723187976,0.6563996653791958,2.0357804699155158,-2.254210193507768,-1.1737207179295224
-0.011202568256551165,-0.00505247508071273,0.007979188148793651,0.0019383969313438024,0.662542733279933,2.1030515582272957,-2.2022241919918044,-1.2424730189667519
-0.01118655185133835,-0.00504748467138835,0.007984485137480901,0.001911894106742506,0.6588984280516659,2.0834728663781097,-2.209269684415531,-1.2260824626284774
-0.01121861310195489,-0.005056312636424261,0.007972400034265735,0.001964112298829462,0.6656020765899848,2.121530923916648,-2.193998750847241,-1.2585536971548967
-0.011235564826920608,-0.005059896871297491,0.007964522217866017,0.001990898892861654,0.6685381972330308,2.140501111257421,-2.1847284912629292,-1.275342137254416
-0.011256878400929652,-0.005066305934666618,0.007956540623719992,0.0020258691297361515,0.6730318723966711,2.1660867116463187,-2.1744386136160716,-1.2969434322039357
-0.011031348396822922,-0.005012358528455746,0.008042993225007443,0.001662167321801157,0.6261420615213371,1.903661325751908,-2.28047590699688,-1.0694235605966578
-0.011047663777221819,-0.005014494522247138,0.008035727778015438,0.0016876363297167144,0.6291792413905807,1.921467660436721,-2.272338722845657,-1.0856995684918314
-0.011064057964951536,-0.005017892936608782,0.00802970928264382,0.0017139302003178704,0.6327188287712779,1.9403402209014036,-2.265093735684296,-1.1022629025566897
-0.011079962660733295,-0.005022038711458762,0.008024692653276348,0.0017399266025039065,0.6364640088208119,1.959327906544736,-2.2586513205727266,-1.1184839051933568
-0.011095343880545859,-0.005026374375232762,0.00802007207750875,0.0017652518379370572,0.6401620819862334,1.977946101512206,-2.2525492850811353,-1.13423066408885
-0.011109900120027438,-0.0050309952597007365,0.008016163180567205,0.0017895325367043005,0.6438456076038204,1.9959971514169774,-2.2470858351292535,-1.1492406769873156
-0.010890174181774853,-0.0049809084297869665,0.008084362541880984,0.0014328949743110558,0.5916000398797913,1.737527304764569,-2.332771789032329,-0.9254418783500963
-0.0095524473065517,0.004841731804702124,0.008091149632116471,7.003047018429917E-4,0.18856332252463517,0.2414549201114933,2.4730389931658334,0.43236104266292225
-0.009573564285297674,0.0048180671392162614,0.00806932101721716,6.620068974731633E-4,0.1928759093026249,0.2582404434536149,2.456206838855518,0.40644218345378436
-0.009523217833561961,0.0048326397767996685,0.00807309840320789,7.428425225199097E-4,0.17935705079069278,0.20842622159780275,2.4628671709894108,0.4601035422668985
-0.00945604228046252,0.004835815662152767,0.008057339143296262,8.46321846038782E-4,0.16028426347821176,0.13825348168666632,2.4572713395739854,0.5284998024055713
-0.00949670501750374,0.004824378296053729,0.00805633234972962,7.810430238933472E-4,0.1712150663896513,0.17861656091610587,2.453318325784659,0.4851549629749496
-0.009474404143613521,0.004822607172793423,0.008047840371125678,8.144294627536273E-4,0.1647860722430779,0.1547586740644429,2.4491696060491264,0.5072326588797861
-0.009427718412866921,0.004822785926433078,0.008033589507226636,8.85132741755345E-4,0.15172302844176597,0.10572359523117106,2.4429325493589746,0.5542004829346959
-0.009288349475852607,0.0048245649618145646,0.007985250016230043,0.0010940115833217058,0.11418458051308171,-0.039577345046720676,2.4197507758123518,0.6940133439206583
-0.009234416662878697,0.004844822839500361,0.007985697591598834,0.0011821065455554249,0.10024302344562505,-0.09230791777121325,2.4242758094687282,0.752900184969815
-0.009260744324140553,0.0048266476184591085,0.007976344173120629,0.0011355972839775551,0.10697983753385769,-0.06792136332739265,2.4155622071374836,0.7220266154012643
-0.009334119526372375,0.004829449003007684,0.008008497015290595,0.001027919814808388,0.12643864997854126,0.009000603399316066,2.4326277345056786,0.6495284220044693
-0.009313662934903605,0.004818887512492781,0.007988790900878354,0.001054320599674899,0.12063804599721586,-0.01422892588157254,2.4202829548513245,0.6674071619507439
-0.009358865889631189,0.004823738747743136,0.008011140119714865,9.888578399013057E-4,0.13281889831189933,0.033792536128154714,2.432558918288697,0.6234255820106318
-0.009391490071751845,0.004822100429963636,0.00802076153184855,9.394180676055591E-4,0.1416931903886858,0.06761032400449883,2.436773008642943,0.5903849724179545
-0.009300906743119487,0.00479442746219504,0.007956374019687478,0.0010636205321135248,0.1169361119888027,-0.03168239099158845,2.3982126248314803,0.6740737832926521
-0.0088703664402538,0.004806386175001707,0.007751514190571475,0.0016750848300902202,0.01991359336323362,-0.46516064421849385,2.280775731905813,1.0938566258990383
-0.008982596093793404,0.004822848787545299,0.00783576043255742,0.001531949224036432,0.0415361061555469,-0.35286328831982855,2.334974150930989,0.9933079186187478
-0.008913292891965411,0.00481354088713468,0.007785346282351764,0.0016216084248240495,0.027830367567880713,-0.42262836380598584,2.3028193902325946,1.0561711970088978
-0.008951573014201042,0.004812854026304557,0.007807127374394904,0.0015690028225925033,0.03554377621652916,-0.3847042993357536,2.3161320348252232,1.0196426033668458
-0.009013648193025131,0.004803684449291643,0.00783202695459098,0.0014782521142127916,0.04889065493173988,-0.32338778168722865,2.32990833474766,0.9572167631447929
-0.00905000456378788,0.004794075924733574,0.00784098713578993,0.0014225471572520759,0.056983033765546816,-0.2877749797606626,2.333810303292402,0.9192134218504658
-0.009091395400311923,0.004790168679383263,0.007857974729036156,0.0013626258179848685,0.06637543963437385,-0.24649144091535863,2.343193898398781,0.878100693099065
-0.009125747791365253,0.004806824184547861,0.00789332040189572,0.0013222665040785217,0.07383000585390488,-0.20965746412833594,2.366338584955708,0.8496299021203065
-0.00915562805026179,0.004819598147913644,0.007921821776553274,0.001285591986581895,0.08076585078985958,-0.177475987768492,2.3846186988081377,0.8240366643312874
-0.00918766168242638,0.004820059990876234,0.007937172236568582,0.0012395228788836714,0.0885542912522434,-0.1444898089393346,2.3932062266393537,0.7926380636174145
-0.009214158119473707,0.0048226702708567565,0.007951948620559333,0.001202169379917276,0.0951863797840807,-0.11679477850158726,2.401743456767045,0.7671868037867863
-0.007030283580910924,-0.005282338395941151,0.006272960825179855,-0.003912361648539159,-0.05356983887259863,-1.8574949633984514,-1.2000536928846197,2.5236806274424786
-0.007085741686881823,-0.00523610770340369,0.006317603289540399,-0.0038259468980791325,-0.05861734598089816,-1.8200110321246006,-1.2372985632416829,2.476227070550744
-0.007152509628655524,-0.005212353053606433,0.006388332518658069,-0.0037613127519915807,-0.0644163032157995,-1.789677475853819,-1.291018800143024,2.4462519420919833
-0.007222207115219482,-0.005200926729008245,0.006469327485278869,-0.003708515836565313,-0.07034948295357203,-1.762116049846872,-1.3515628162112705,2.424086842996371
-0.006943088986911038,-0.005247192604820935,0.006140942951575756,-0.0039057754773654794,-0.04490807796858818,-1.8558386562315718,-1.110636923492115,2.4935431724387325
-0.006845111062069533,-0.005227873309870804,0.006006096654908796,-0.00392037251376062,-0.035298737733814,-1.8604917602084545,-1.0203551782566145,2.4757446057046457
-0.006758982529552908,-0.0052688648147147564,0.005915624179190408,-0.004003343054047163,-0.026748860012910585,-1.8902708702165423,-0.9543722059065026,2.506145317983187
-0.006693629173951452,-0.0053183732659287134,0.0058534662559761134,-0.00408793237210326,-0.01914672047381596,-1.9200508055643175,-0.9063431693755671,2.542152233392374
-0.006504438231422005,-0.005426139369924278,0.005649003341678025,-0.0042771493511910355,0.004479279701692998,-1.9765385598015237,-0.7572399942939773,2.6014833020342043
-0.006551227287831929,-0.005359166015850351,0.005685588663947725,-0.004179356987741378,-0.0034820541308107256,-1.9432546555053454,-0.7921130285970195,2.5543149550239446
-0.006603999171836448,-0.005295800249923515,0.005729086328088107,-0.00408460219345217,-0.010967950948494516,-1.9110107637287712,-0.8299469747446623,2.5102962419631676
-0.0062204190346849195,-0.005540648216505673,0.00531147710488543,-0.004469752974731307,0.0379536494948105,-2.003388109836043,-0.5354581569909596,2.6080555408519612
-0.005668009180683643,-0.005790406773342446,0.004641265968425379,-0.004785049672695452,0.09802110938815435,-1.97369889414683,-0.1501368055657265,2.52728440959751
-0.005710508906746345,-0.005696290362185112,0.004688521467906866,-0.004672052627895035,0.08668293166892678,-1.951435170289295,-0.19648687679860957,2.4929368240747656
-0.00554930485068558,-0.005774136071574743,0.004495416858794136,-0.004753114525081043,0.10137196098513372,-1.9307927045406916,-0.09987193278352534,2.4563253553071274
-0.0054325620315014075,-0.005767477131385548,0.004356082653248856,-0.004731830432638519,0.10448304847208255,-1.8922644917566365,-0.05321074746661559,2.393635432189404
-0.005749886358730074,-0.0056102491577693925,0.0047296764322726234,-0.004568676714362375,0.0766234495720244,-1.9298823899942865,-0.23668050047078412,2.4599293058546015
-0.00609961164417401,-0.005552168518136873,0.005158043138065542,-0.004493582260598656,0.04904762859385797,-1.9868127020626203,-0.4510892114700069,2.570035346750554
-0.005992673214270595,-0.00559564185924573,0.0050296928213074766,-0.0045529143452385104,0.06036308497303778,-1.983384670213645,-0.37584724622296584,2.5569083607097576
-0.00585781494644057,-0.005595085771908643,0.004860558575339072,-0.00455263213094773,0.06953089759765167,-1.951408706259766,-0.29709070950542443,2.49838505510119
-0.006412297462773374,-0.0054158578084281305,0.00552557209195486,-0.004281761190251504,0.012249434950099643,-1.9649927227882922,-0.6848491563247875,2.5688111391735062
-0.00632546491199636,-0.005418822958364011,0.005414827200063001,-0.004299773442617247,0.02033770239413009,-1.9581434356149814,-0.6200325985606318,2.5469213951916285
-0.006229637808932443,-0.005434216947067718,0.005296935181767053,-0.004332141716027742,0.030137196168413292,-1.953681415763082,-0.5514461553841619,2.528937519420524
-0.008640888512624623,-0.004883630944671398,0.0076773153192399085,-0.0020284612942721384,-0.0245534900900197,-0.6860625176788614,-2.241206939870462,1.3365429922054421
-0.008674252557195047,-0.004854157620120144,0.007670674269233207,-0.0019640906364005195,-0.016989947543864733,-0.6537682562782577,-2.2338449942410485,1.2934295736586376
-0.008483272822988086,-0.004886647404106797,0.007557120210913883,-0.0022268717536039636,-0.04559900894613175,-0.8327493134997407,-2.159684737264224,1.4764848814580722
-0.008449619341440883,-0.004852987794161073,0.007495346451797888,-0.0022392966014418854,-0.04616245680514188,-0.8599890455047793,-2.1139834920216134,1.4877215988066312
-0.008523600487022671,-0.0048773384452281306,0.007580159305033063,-0.002170349101760916,-0.03996649561049025,-0.7953619283935218,-2.1747935546354307,1.4372823426298886
-0.008560940994232467,-0.00487398491887334,0.007606167177668435,-0.002121757157764184,-0.034755244635243245,-0.760818105977293,-2.192277220846427,1.4032723468278474
-0.008593123718901982,-0.004848326915577975,0.007604369883472905,-0.002062090311254676,-0.028195334408889893,-0.7297655342457405,-2.1887558521029415,1.3629971264613243
-0.007558659083341476,-0.005137828189634759,0.006839382858922395,-0.0034073884789914406,-0.09227485264080913,-1.5870359457901582,-1.6340976876832856,2.266141953014572
-0.0075885317462457405,-0.005087952094162741,0.0068357109800838275,-0.003325410626235446,-0.09016045214685826,-1.5503234742878949,-1.6327266059649148,2.2110078977744148
-0.0074538447502230255,-0.005180856798534463,0.006744817676954285,-0.003536349885911068,-0.08854645283405105,-1.65890987402226,-1.5604146488953259,2.344242753765266
-0.0074942042415996855,-0.005126476989940223,0.006753157979680797,-0.0034413563317095626,-0.08757237686561893,-1.615114641848283,-1.5689777803979217,2.281597542682759
-0.007375467104325956,-0.005154645891313725,0.0066291095168155645,-0.003557152609453957,-0.0808398682714516,-1.6820025054007994,-1.4740983292261625,2.345566619747322
-0.007262300542020392,-0.005137696519698667,0.006478152376307555,-0.0036064497359770227,-0.07142531073602253,-1.7175972202496597,-1.3627435960281302,2.3590540678223753
-0.0073233039216774685,-0.005124203928812031,0.006544059845585312,-0.0035530406675646593,-0.07514419445338917,-1.6886989130598926,-1.4123062460450817,2.332708432254651
-0.008092050472796788,-0.005002812710694319,0.007314102762885599,-0.0027749405268833326,-0.08720373842747675,-1.184813196029559,-1.9923198326730616,1.8544986686278333
-0.008128306847424745,-0.004974361077039586,0.0073231362179790324,-0.0027085375433045585,-0.08275005344978491,-1.1497629200337605,-1.9977607405240587,1.809491289573437
-0.008045284425898165,-0.00498567977344464,0.007250574641407863,-0.0028056065991238673,-0.08678285852805855,-1.2172280021902278,-1.944460491684193,1.875740358183805
-0.007996123171332506,-0.004976603778719435,0.007191868623938191,-0.002845223609961921,-0.08690566102989629,-1.2517507346639132,-1.9004854097213972,1.9025399108553958
-0.007944588591617957,-0.004985883788922116,0.007146647583073159,-0.002904684413066471,-0.08861074841491644,-1.2914663316498662,-1.8671084894517063,1.9421008423629043
-0.007693036060347155,-0.005069069588263545,0.0069417209829322184,-0.0032201836127532637,-0.09316744002189994,-1.48370047020911,-1.71328410029111,2.147245539802713
-0.007723086379780367,-0.0050227428223402456,0.006937715857491851,-0.0031427457366902103,-0.0899853137517305,-1.448682010712287,-1.7106625434730485,2.095360459766121
-0.007775798303801609,-0.005008690666288499,0.006984646875041868,-0.0030824274047794096,-0.0900501791782932,-1.411568454070959,-1.7459292411131104,2.057241326869004
-0.007882134952060459,-0.004976141844816833,0.0070720740251542106,-0.0029527166682431372,-0.08800728717653965,-1.3318407711889513,-1.8112904653028237,1.9730768238046907
-0.007822048858194416,-0.004963366471513889,0.006996964402153673,-0.0029929008912189053,-0.0864496686419146,-1.3672588816264601,-1.7548499518309881,1.9980246048585915
-0.007627548070998019,-0.005046092412541736,0.006848106728315365,-0.0032465658305081513,-0.0884785233203655,-1.5124946014871983,-1.6429553400576278,2.159463420450788
-0.008163959622655112,-0.004953632226055154,0.007338122429310445,-0.0026504869820344295,-0.07884940060452793,-1.116851123491167,-2.007718832302785,1.7700204920083447
-0.008198267832258103,-0.004936916552912677,0.0073548961464048965,-0.0025976696933048687,-0.07541070104447882,-1.0858217691691303,-2.0190291689818314,1.734089227269759
-0.008211050149688825,-0.004907709255161087,0.007338905956901035,-0.002556388157913552,-0.07146597895804549,-1.0699903270738538,-2.005937154447656,1.7065586619003206
-0.008328209246703354,-0.004887654067223157,0.007426034810777325,-0.0024089366953836066,-0.061048908372652706,-0.9693672286384459,-2.067508109939746,1.6047922585793322
-0.008407565313601076,-0.004861015351151026,0.0074682729715377025,-0.0022950935195823617,-0.051171852206596265,-0.8976992789822437,-2.0956079590002186,1.5264806792927528
-0.008366203450009083,-0.004871814877197348,0.007443642682907751,-0.002351916358929389,-0.05615009356769613,-0.9347684161583686,-2.078961596979241,1.5657350596530852
-0.00824509291275874,-0.004890110650252909,0.007353575830003649,-0.0025032769515043684,-0.0675960941095081,-1.0391031286924293,-2.015646441882916,1.6703895331930865
-0.00828333238634986,-0.004866319352068546,0.007365347603939163,-0.0024399469791159065,-0.06253696229818632,-1.0037683687572176,-2.022759189822288,1.62748028116345
-0.008742476905683881,-0.004859527610956158,0.007724654978932135,-0.0018794227164290586,-0.006498353209584398,-0.5882431188927857,-2.269858407875652,1.2333563775699916
-0.008796700353802056,-0.004855719669689636,0.007757324106539654,-0.001805101679709501,0.0032926995560078414,-0.5354506808684496,-2.290481635960868,1.1814465525915816
-0.008766512864045835,-0.00484335687829697,0.0077238128679631675,-0.0018367704851692938,-0.0012102726899552952,-0.5651605262247236,-2.2674993306643376,1.2046037508251104
-0.008828601591643536,-0.004833190304145864,0.007753926358948012,-0.0017478167730214198,0.010536713057527897,-0.5049940510370701,-2.2856091064792934,1.1429611376685946
-0.008867676193444713,-0.004807032757396476,0.007750540431627582,-0.0016790821671066878,0.01934000363588873,-0.46780846297005574,-2.28022175817074,1.0966393619875483
-0.008707530673522042,-0.004834551659691634,0.0076737464515231205,-0.0019074075598274475,-0.010111609440246376,-0.6219418340622099,-2.23377418419646,1.2549465452429034
-0.008854107727023185,0.0047609873267459865,0.007693173756726628,0.0016684795966489159,0.01951204974277275,-0.48275624043877235,2.238186422737216,1.0922502274163703
-0.008808286387810471,0.0047599071505931515,0.007663150237732191,0.0017273506700838813,0.011585753928043006,-0.5265937324096958,2.218737817497493,1.1336588314577332
-0.003855323120325484,0.006497123473441784,0.002597543749457017,0.005115559572967966,0.1272212947051164,-1.486104732338627,-0.4461076156000149,1.8111360485479424
-0.00440298596930754,0.006344323438687598,0.00315231338475069,0.005135217624196991,0.14533096244638097,-1.6513762859476604,-0.37910489373761885,2.044692131054393
-0.00400977802133554,0.006415853027236827,0.002758807733375244,0.005088244691368198,0.13143332229697594,-1.5311194446421614,-0.4193708986325673,1.8722995080871156
-0.0042005074312518615,0.006381268308782485,0.0029458974181101262,0.00511182289603651,0.13795650046039507,-1.5883506528233278,-0.4032893438864122,1.953498117690956
-0.007073053194236875,0.005182249548597982,0.006269948054300505,0.003763943067020305,-0.05659599084194634,-1.7955308047882366,1.2086746968349427,2.4283662936630246
-0.007641667570156249,0.005013092712138182,0.006838297623959077,0.0031978126054226516,-0.08685742821365632,-1.4918954281049415,1.6362613967926087,2.1264351194800066
-0.00781118023028465,0.004959911687498444,0.006982417996400459,0.002998670150256465,-0.0860817100616059,-1.3729911323429829,1.7440876005947714,2.0014901941187406
-0.007757092286056391,0.004989350896948616,0.006948016998002819,0.0030771090604865482,-0.08772802640385605,-1.416418760772865,1.718466142939977,2.0521955800208898
-0.007692114339583798,0.005000903296576246,0.006885366044877686,0.0031438020248862187,-0.08733637453182348,-1.459022471673004,1.6715186419426058,2.0934722385350213
-0.007128360433673512,0.005112148401690361,0.0062976254046147664,0.0036490092122516897,-0.060146120479228675,-1.746529803056187,1.234820163312248,2.3602132141747343
-0.0072127290184417605,0.005074381212805962,0.006377437093131212,0.003557615003879879,-0.06563237807021773,-1.7036560238912932,1.294608300624102,2.314140040039268
-0.007583814122032977,0.0049944744586519286,0.006758374008966486,0.0032211104448592468,-0.08265890607510322,-1.5154896464788672,1.5770412576607913,2.136696299824696
-0.007490671967601887,0.005047746336020571,0.006690527897298759,0.0033503551499351886,-0.08211771625037019,-1.5830805172785565,1.524892738199541,2.215887957708531
-0.007524126225785611,0.005001538082523682,0.006695547458569362,0.003272925809830954,-0.08141908520424367,-1.5478523657253511,1.5302546023613182,2.1657739670440512
-0.007288046088175154,0.005051215740490728,0.0064531381729938985,0.0034862721392977737,-0.06983342430866289,-1.667856115532124,1.3503702072370871,2.278750038725251
-0.007432916761571459,0.005048235653201591,0.006623048650613917,0.0033907665651793004,-0.07950822865095485,-1.6094304364804415,1.4748566864171193,2.2360792779773373
-0.007386660026290993,0.00505899602266785,0.006575838953112048,0.003434193948702897,-0.07663695331150776,-1.6336209681990232,1.4395669073338564,2.259229582777176
-0.007345202424968997,0.005039511630346085,0.006513423006705812,0.003437509519759669,-0.073254073252089,-1.6412144387333747,1.3948910294791874,2.254138755598355
-0.006957934111910244,0.005243874644235958,0.0061581185634674955,0.003895147712615367,-0.04645063300786944,-1.851629827945427,1.1230414657958108,2.490594391514618
-0.00699276590504839,0.005175243313968722,0.006165250071594416,0.0037928429320319896,-0.049465484624788926,-1.8096329713271382,1.1358061549263543,2.4279166212036905
-0.006877473349151695,0.005248453382820095,0.0060574488474379636,0.00393408779678791,-0.038452165792947614,-1.8668124109239235,1.0527236896297927,2.4947731932158175
-0.006717006168159964,0.005303725920734481,0.005877272588977661,0.004061780773134953,-0.021983684238122133,-1.9110792606513918,0.9242723144804116,2.532150468559928
-0.006793886912366126,0.005264470637532555,0.00595825680973775,0.0039856357090294675,-0.030113623694932503,-1.8848276411503952,0.9832993303465848,2.5050010972586754
-0.006647353080848356,0.005269865310593551,0.005773778177964965,0.004039500212208196,-0.015609604510435558,-1.896836251103453,0.8625898760449534,2.4946551396754844
-0.00656529655726968,0.005290155317594804,0.005677620794659915,0.004087471998878157,-0.007481766506030004,-1.908172545455484,0.7989483163502392,2.4991989070899954
-0.006475061976577826,0.005313336446012383,0.0055717336644685355,0.004138140293719546,0.0019228647641233922,-1.9176527651479474,0.7309406056977444,2.5007607226567052
-0.006382573832622136,0.005343896595241225,0.005464919755757507,0.00419514415029608,0.011566811396812053,-1.9270372646445508,0.6629501996736403,2.5035168172518616
-0.004450177622824936,0.006158474418330153,0.0032411487582815813,0.004962939961244883,0.13272709723876297,-1.6517132984771623,-0.30739455662972137,2.0379120467374503
-0.004978676053963584,0.006026688397019867,0.0038189405552497835,0.004950190409932189,0.1341382755679432,-1.806967778765325,-0.17437900046430363,2.2653136324206216
-0.00480289819380392,0.006059257785017118,0.0036231320812728286,0.004946203720783836,0.13424318314267858,-1.7533727050709456,-0.2223440700394174,2.1848242461757295
-0.004635981363134756,0.0061051060447455535,0.0034400426044031243,0.004954824140186712,0.13500885135490637,-1.7047536268235037,-0.2660265649056855,2.1146116075762236
-0.0053068099074965215,0.005799807555785928,0.004208862368342044,0.004752979477342021,0.109918822010814,-1.8625030703248335,-0.002667210891410825,2.3464972525969867
-0.005177919022309914,0.005840062504599403,0.004059828566339426,0.004779306444180491,0.11617641330524243,-1.8320193825878082,-0.05703685709569139,2.299747996641535
-0.005025694329229616,0.005875482937055656,0.00388752908691779,0.004792736063505215,0.11954384480391074,-1.7915372831901444,-0.11104818425904318,2.238301591275997
-0.006289591855694101,0.005378341184867071,0.005357846642227036,0.004253674836642484,0.021567525909670145,-1.9347362159398591,0.5958478391886288,2.504973696137704
-0.005431032279023627,0.005767525007403993,0.0043542522844774,0.004731658318413983,0.10451653121465819,-1.8919637115401373,0.05258283064767979,2.3934128515537445
-0.00576286298577875,0.00568198189711518,0.004751968466737102,0.004657382448119598,0.08282431228293484,-1.9608331735178008,0.22676781085889644,2.5092926971172287
-0.005559007488299702,0.005740783558251118,0.004506291325988916,0.004713849344346194,0.09786832380409029,-1.922548504934559,0.1133556063406714,2.443151545757157
-0.0056650521972472214,0.005683280110894368,0.004631976639750228,0.004653148178840501,0.08810576904539903,-1.933736114443399,0.17737714244120084,2.4633630956734014
-0.006134499639068133,0.005522688579425251,0.005196554004018681,0.004453730125856182,0.04413064477651762,-1.9798315418341106,0.4778907152670358,2.5620792413105202
-0.006193191858328364,0.005425947939052773,0.0052489352899670605,0.004325738697198551,0.031962493902286275,-1.94465963728539,0.5270178200480232,2.51085785089307
-0.005813151643634339,0.005586767117823823,0.004804556895638855,0.004541675980738278,0.07125978913021501,-1.9369411187584658,0.2743206746481708,2.4734396426974574
-0.0060254117696560364,0.005545697277539511,0.005062622254151658,0.0044888126329634655,0.05386423149311686,-1.9686578468813782,0.4044256597087045,2.53557112547488
-0.005911799722215062,0.005547405145537601,0.0049209732510358505,0.004493630268105855,0.06221886100183533,-1.9446644258660182,0.33638425970091146,2.4904864991273192
-0.003608070187502331,0.0064643611386374965,0.0023934556144639594,0.005015973830874247,0.11255327624123744,-1.422309368816607,-0.4275189078773641,1.716302194743182
-0.003283963630149476,0.006576434485437746,0.002098803888640088,0.005017314696210382,0.10090656893477644,-1.3391251648663771,-0.44027788263426176,1.6014536824893262
-0.00299573829757911,0.006595720601259687,0.0018729285176736694,0.004955548712031953,0.08827510671766128,-1.2762438546967334,-0.4203742131345239,1.5140154921615765
-6.468324349926064E-4,0.007688259947123025,2.8285658790713005E-4,0.005141774300861687,0.006025410806565536,-0.8176913283279231,-0.153939095050752,0.9065066096867856
-0.0010256635824224638,0.00767368078854227,4.5458317185150204E-4,0.005176908047605226,0.011849066849716722,-0.8373180354903482,-0.24374106390153338,0.9381241438395487
-0.002003837782263924,0.007686345319041447,9.226053752868928E-4,0.0053782200602783365,0.03633277623253032,-0.9305894619714291,-0.4799379687354172,1.0724087382711567
-0.0017001638678007032,0.0076548865759648475,7.78271070687791E-4,0.005288257865131184,0.027330933025711334,-0.8996709460148828,-0.4023135190738524,1.0272448679614161
-0.0012479832206437594,0.007461479173199637,5.947943631245628E-4,0.0051075853442964425,0.021918353472998524,-0.8997759064023396,-0.27518331194111906,1.0138329557180596
-0.0015070895938065247,0.007468180850603384,7.24121544508502E-4,0.005154860097911028,0.027448015504328425,-0.920494598497276,-0.3346692773465114,1.0448269650058633
-0.002265131863779874,0.007371102128716108,0.0011611732864339806,0.005276011592547967,0.053230738145221,-1.0344954112668088,-0.48194302384905513,1.2050192168254055
-0.002553027385707965,0.007124706567297218,0.0014128338135875917,0.005204457040680384,0.06903087756344262,-1.1263198243562529,-0.4838725631350987,1.3219161383696225
-0.0027314982237173447,0.006785248341634295,0.0016313066769333188,0.005024299756197441,0.07759838691084249,-1.2054844841919483,-0.43479422139110685,1.4206720376522701
-3.5756498905359303E-4,0.007221680642154352,1.7840031090348788E-4,0.004903711232578891,0.016592289391426446,-0.901903958491105,-0.07295273505412429,1.0081727237439584
-4.172593181315523E-7,0.006756613502048267,5.287727335680876E-7,0.004651882900342338,0.02671840528377144,-0.974944418958943,-7.32254794289334E-4,1.0975247969555773
0.0012645286735542298,0.00555002632485677,-8.289363893644008E-4,0.003966224164685338,0.049506628126854094,-1.1457662195020395,0.11405307356710623,1.3166490643259954
7.931680274841994E-4,0.00595386734420178,-4.958816553762268E-4,0.004200256821180915,0.04205813633183448,-1.0903313315545893,0.09165210969650811,1.2442600174176774
3.7709157439945733E-4,0.006348493752487808,-2.2295339764241454E-4,0.004424237237253646,0.03457173101022495,-1.0341909471480848,0.05299238638729251,1.1725092280702067
0.001518882970520422,0.005078533912751945,-0.0010337957028215166,0.003659454554278684,0.05363296872778047,-1.1863196446306772,0.10020290230148352,1.3699664221464072
0.001861506960036334,0.004841771587109467,-0.0012909213705407775,0.003513090158456661,0.056138121317813296,-1.215252106390177,0.09794528360172083,1.4078891707615477
0.002213008568154831,0.00464774731339392,-0.0015578750671084204,0.0033938447196238146,0.05773759122206258,-1.2434876910811832,0.09243692797112683,1.4445282420048156
-0.00856078924670356,0.004821325325803407,0.007551919135121924,0.002081135384498773,-0.030367901832682457,-0.75790882419471,2.150612607194383,1.3782717426462823
-0.008691416051213182,0.004791157219063481,0.007617101037890865,0.001897380688467443,-0.009317592131880234,-0.636519199957777,2.1918109595569786,1.2508190230847853
-0.008754970521996067,0.004774195601304513,0.007643120189382639,0.0018051607126473841,0.0017419633575355765,-0.5768516985737028,2.2072640211647205,1.1872422011761128
-0.008650438073137118,0.004746750699891321,0.007542692911570147,0.0019167413318919456,-0.012053642620556838,-0.6730224793777148,2.13784447285077,1.2677300404934668
-0.00859488887876815,0.004770168647443488,0.007525901501353189,0.0020012163276265336,-0.021365550200298625,-0.7242542672960602,2.1285303799391753,1.325598262359735
-0.008354127851180124,0.004860116624055487,0.007421668253258165,0.0023555491450784854,-0.056118588176640734,-0.9435208844851634,2.0626283215984316,1.5688742056820695
-0.008509132423703316,0.004820588326329053,0.007510884490528862,0.002142684728372385,-0.03647158195315645,-0.8042884450629283,2.1222820530475537,1.4217221139719027
-0.008458956360830322,0.004824337366858017,0.0074743759069186575,0.00220489114867411,-0.042500386520600765,-0.8488764535981631,2.0972450738886725,1.4652362529511527
-0.008400169719534228,0.004826673162675595,0.007428130761259434,0.002274704806869194,-0.04889894728155058,-0.8999997095968053,2.0649716911610145,1.5141223953099203
-0.008299086059614815,0.004841699232308673,0.007355716377367482,0.0024007819344490336,-0.05895700527692661,-0.9868412388606715,2.0145361626976324,1.6014329931174454
-0.008133942627225787,0.004899387528004357,0.007258020374059372,0.002629725379163395,-0.07461902456694962,-1.1293408948685704,1.9465988720419636,1.7573339211240226
-0.008073859153568987,0.004903726057632389,0.007203726613283072,0.0026949629058422475,-0.07767659487746438,-1.1759964721619138,1.907016318254334,1.8015913515104407
-0.0080019013166005,0.004876885761216549,0.007108712314101095,0.00273872915602204,-0.07722455411338162,-1.2213306006775062,1.836529311393727,1.8309185667110943
-0.00794739851542321,0.004893410422192015,0.007068332178111371,0.0028066177241873698,-0.07973054366444635,-1.2633201002487435,1.8071061720317734,1.8755641221844879
-0.0078953420515876,0.004883881781912846,0.007007069059354898,0.002844395271053107,-0.07938881603892119,-1.2953912043466127,1.7616350922129327,1.8999654399307335
-0.007834565858470114,0.004895907240768207,0.006954136858891979,0.0029104848650823166,-0.08044574183647064,-1.3377771358701758,1.7226933798969901,1.9423093267491078
-0.00816338602776647,0.004843259155869637,0.007234051982829102,0.002546351473412499,-0.06776849684320539,-1.094843189263852,1.9268896464179341,1.701762111527595
-0.008247378807446021,0.004809194525606635,0.007279164143294465,0.00242766568256083,-0.05937937739059148,-1.0229570566356447,1.9578838061366692,1.621348246578343
-0.008195369432194163,0.004793458172101393,0.00721792439430467,0.0024677554512478853,-0.061393066490656255,-1.0602686725616033,1.9132009906138856,1.6494161542761692
-0.011545565559153426,-0.005166013901974396,0.007835325672325888,0.0025043229648818235,0.7270247618361707,2.517202036297661,-2.0138324781647827,-1.589041130274004
-0.011577050912490382,-0.005179132933839224,0.007821438333653948,0.002557821163290484,0.7325120451239148,2.5568991620566406,-1.994333727625167,-1.6211583456085858
-0.011564249272805246,-0.005169238556014826,0.007822058204097522,0.002531936512517402,0.7281340434387769,2.535113568224159,-1.9988407773767916,-1.605883754351426
-0.012392200655888424,0.014881943709592055,-0.006733631474665963,-0.003296356846708432,0.15766838459822777,-1.5353309430613111,2.0730202811432115,2.424353058684321
-0.01233619144379233,0.014916227477591491,-0.006763040756470779,-0.003210511326745866,0.15625812138747272,-1.4827981942044806,2.112802384432898,2.3669328313759888
-0.012445906353803732,0.014868045528170757,-0.006681751038162571,-0.003353863760214655,0.15623042138515694,-1.5735271266336024,2.0232556567056172,2.4557043418616638
-0.012489328733907384,0.014856029524550302,-0.006639878646249124,-0.0034003426747234236,0.1556162491115542,-1.6036104574586179,1.9830340355196772,2.480552305558907
-0.01252126382700007,0.014819352527734269,-0.006638904931302925,-0.0034699766815765036,0.15854432911635655,-1.6425819700184492,1.9655273039587393,2.531738873092062
-0.01252554461481081,0.014868898499623256,-0.00657955615754943,-0.0034090985377333975,0.15228774408252424,-1.6139690344557884,1.9390031989988068,2.4734088042057034
-0.012601640851472432,0.014737994368635376,-0.006619162042879963,-0.003631884775105599,0.16398092318839588,-1.7329449239326107,1.9107875201021045,2.6456373937369793
-0.012569862534101563,0.01478688882156003,-0.0066100688621557185,-0.003545517853117412,0.15949080091825188,-1.6866214926889571,1.9265860554509906,2.5803426600368486
-0.01266528114658913,0.014739248733489562,-0.00653162374998658,-0.003670179765091991,0.1604014783861691,-1.7597525242192724,1.8393299870147917,2.651963055210066
-0.012723489491638538,0.014726703836962507,-0.0064649581307551504,-0.0037217771246224386,0.1588954228758669,-1.7910600948765147,1.7789956558362132,2.6722497776790237
-0.012255116822855279,0.014985384608590656,-0.00677758446393989,-0.0030621924767578533,0.1519436060076507,-1.3945953581818546,2.1555458407669086,2.259110167186187
-0.012229613016661735,0.015047065878742855,-0.00673219353421248,-0.002969791833245176,0.14573582918973807,-1.3462282731707218,2.144164750754886,2.1816602621690966
-0.012318302998702886,0.014975031706852025,-0.006715163451408192,-0.003125313897490959,0.15000393326602932,-1.439182336636616,2.098976091501464,2.2936112972102998
-0.012197440224632553,0.015119732757631383,-0.006679779865967925,-0.0028620516457684465,0.13953507150979408,-1.289596188930041,2.131392248761648,2.0926067108333015
-0.011865912171144678,0.015270602038695413,-0.00682549682121849,-0.0024116393546660705,0.13678794383177395,-0.9918555494339555,2.3111718353370914,1.78033329251598
-0.011946090370540218,0.015269169582241934,-0.00675079028080531,-0.002488013618156154,0.13389926536425192,-1.0522014044885004,2.249456058230601,1.826693275480389
-0.012023177360978236,0.015260412375290328,-0.006686608510290221,-0.0025659678845295192,0.13128713104917386,-1.110464730123254,2.1935664564449606,1.8750356173007752
-0.012076746786587664,0.015237730413774322,-0.00666148437125034,-0.002635545380000874,0.13216922188465335,-1.1563499205932892,2.1642306133185865,1.922315651965458
-0.012188255299302331,0.01518826967280575,-0.006606608793671999,-0.0027806142559767158,0.13233364038123352,-1.2509821715149254,2.0996746091555094,2.020137181613566
-0.012142087728933841,0.015239406732256242,-0.00659274032396963,-0.0026891603886198363,0.12874211474962535,-1.198541942782238,2.108883663503501,1.9509763892149308
-0.011649971395252689,0.015442385402907377,-0.0067813833632113145,-0.0020505461226488293,0.12694113150058575,-0.7691921695233715,2.3374727879088852,1.503865640074615
-0.011704243343720982,0.015397011368697786,-0.006798778739020119,-0.002141769045969628,0.13072520823737663,-0.8251295987769812,2.3353935302780315,1.5746904307515666
-0.01177080872988264,0.015391887926493137,-0.0067489995547040885,-0.002210941912295993,0.1275025010363854,-0.8783851333494702,2.2935086201004147,1.6201927581367404
-0.011833857390025314,0.015350825638029824,-0.0067481863632041904,-0.0023073015883894672,0.1304754224921341,-0.9396055944047622,2.2782042467267334,1.6917939673679763
-0.011825753028542496,0.015429395432728072,-0.0066518064136115145,-0.002230457825526156,0.12261115196515174,-0.9078225331979828,2.228633111235415,1.6224238902975014
-0.011576364007439928,0.015565247963969589,-0.0066701395605653835,-0.0018830864224934683,0.1168945847405637,-0.6814501339014533,2.2896801335599357,1.3665482111964453
-0.01163835617062374,0.01551674095986359,-0.00668905227414808,-0.0019805520715531688,0.12095964373790988,-0.7415289599190271,2.288533709330698,1.441620731901668
0.007436885157267187,0.02267976567433322,0.0012211665999606388,1.0882078521084875E-4,0.12721223336470966,0.19435637633175223,-0.4682448540731131,-0.16658614727773016
0.006725665220362803,0.021881639942715754,0.001509299444553817,2.428526980910373E-4,0.12791390959151713,0.3077559962304089,-0.4528611667928956,-0.2760749142836429
0.0058086407250020206,0.021006606938055523,0.001705259181289064,4.7921457987552227E-4,0.12199240762122825,0.4657622841436752,-0.42151734089759724,-0.42442797343051314
0.0061127495782439005,0.021660719657819565,0.0015006455656344135,3.1861558766914453E-4,0.14018004615312338,0.3689647736950111,-0.4213589429668459,-0.3352732948895838
0.004776829362915413,0.020143768400243078,0.0017327054512084608,8.07889685501978E-4,0.10724557183717794,0.6402169565265449,-0.36178459378848954,-0.5841533678269544
0.005155865213955812,0.020936315423585934,0.0015677539772801154,5.442174543705071E-4,0.13494902351086732,0.5101462388861896,-0.37239880122396735,-0.4680383245895548
0.003716183741236388,0.01921171718036383,0.001610341885887436,0.0012385265669931323,0.08044969709929779,0.8175044188066037,-0.27724744846320254,-0.7412969842916616
0.004098049667619149,0.020041130260358947,0.0015316088023581344,8.910000378435388E-4,0.11367996252936614,0.6795278446459867,-0.3029557884953125,-0.62227010695237
-1.47818599829797E-4,0.015080394656424148,-9.014471299509937E-5,0.0035861209950555878,-0.06589729886088642,1.1674661441154217,-0.005508282734415234,-1.0339374263320809
-0.0014709600236464527,0.015221244822889383,-9.101842836953854E-4,0.003528729503370579,-0.0680234635051138,1.22340913307287,-0.04049271769981228,-1.077194346605898
-9.027751832234578E-4,0.015198347542738036,-5.533917785341661E-4,0.003525422475858891,-0.06474079100715036,1.1885669412738815,-0.028738133975307837,-1.0503901291062254
-0.0017139568509315411,0.015658207979517325,-0.001055398513581387,0.003257960874078937,-0.054771229692038945,1.2271675201213361,-0.006919707678079315,-1.0795396591232536
0.001146322777588866,0.015896504847697786,6.933766124240401E-4,0.0030986733943895455,-0.041055372489316226,1.1833897714802337,-0.0040438403627314,-1.0449081874271895
0.001603895301732521,0.016524243205540048,9.419252512937893E-4,0.0027213008093755044,-0.02031126684542486,1.1574340616440928,-0.04591716491990529,-1.024587836796396
3.4479996761463855E-4,0.015876433762343285,2.0756153808664372E-4,0.003103284478576692,-0.03888671298393088,1.1611697586747285,6.869091385496647E-4,-1.0281637739543112
0.0032595107113927847,0.018530319300498227,0.001566457276455527,0.0015752398414573424,0.054252990071346256,0.9300128032683517,-0.2320422370500084,-0.836973379291029
0.0031129014889316915,0.01928696566299345,0.001336341631104798,0.0012400750226290486,0.09089441044686851,0.8129440376168621,-0.22251746817307846,-0.7398791211734792
0.002467559898439034,0.017487309074057208,0.0013432858159245877,0.0021519744145651887,0.014566795862872572,1.0766990274182133,-0.13937703063139317,-0.9584476075433775
0.0026594734189691388,0.01808043450529974,0.0013538379628154104,0.0018277018783055886,0.039180141435585285,0.9946435629796506,-0.17200809266410885,-0.8918034347148934
0.0018182907603115036,0.017285696069059414,0.0010045381296802216,0.0022777594551798013,0.009916009143903887,1.083518129073681,-0.0889558014474202,-0.9655842982237761
-0.002592796719232027,0.015438276208740784,-0.0016437014621093727,0.0034308265430652084,-0.07320062123889869,1.3268918028099226,-0.015278249536356286,-1.15618909788161
-0.003091464776771377,0.015579786306301092,-0.0019807178975055155,0.0033485330683291075,-0.0745335617285761,1.3788415202425048,0.024125550084101995,-1.195728604759532
-0.004050451579950474,0.01578793299602128,-0.002654256669774658,0.00320176137873758,-0.07531772978787271,1.4891241612887736,0.13831224888393365,-1.2751192887428953
-0.0035802895985179877,0.015710428008637395,-0.002317373445837419,0.0032624698661617396,-0.07432527204335994,1.4306185516948295,0.0776966868589315,-1.2333274562176966
-0.0021691434375962883,0.01585519904478907,-0.0013372618461448816,0.0031418042958074655,-0.05194972765303829,1.2503869903767713,0.019352466133482942,-1.097549095522094
-0.004216266231436438,0.016157948020232127,-0.0026968590251405006,0.002921665237683554,-0.05845640308630518,1.4305242522302608,0.21391244076078944,-1.2289097204799913
-0.004427748694300765,0.016431140460764534,-0.0027767673248943548,0.0027127956940681684,-0.047144692338320214,1.388987447363946,0.2767430467172383,-1.1948429857204876
-0.004787416419115467,0.01650150028932587,-0.003009000025055508,0.0026296522492670472,-0.04398534849296281,1.4063732378194365,0.34356608773358355,-1.20413147504407
-0.005195623658720489,0.01650114422805656,-0.003300592289535411,0.0025786481300529226,-0.04330160145474598,1.4441082982259952,0.4232918511034625,-1.2262799238554891
-0.005575975927001953,0.016471674172012837,-0.003590144682528272,0.0025373305025176256,-0.041010671836553526,1.4879248059695913,0.5085008234775209,-1.2511193713049409
-0.005946350812577554,0.016489304962064872,-0.003854500181777776,0.002446481633621242,-0.03602104853496276,1.5082419116089925,0.6080692047930639,-1.2553606029845497
-0.0062742681784815155,0.016527601488359522,-0.004073708056349071,0.0023330819894656954,-0.028518030232542995,1.5072311258721427,0.7070618536038763,-1.2425291629935755
-0.0075296925838454236,0.01643946964130886,-0.0050312650938753945,0.0018918452037843508,0.0077443765575810775,1.5066094767388125,1.1804405150999144,-1.1562058513459346
-0.006605071038710598,0.016545751896338456,-0.004301574108315231,0.0022168614666172224,-0.020247462975095974,1.5048746373084152,0.8146987772936726,-1.2252164401064336
-0.006964298659258263,0.01657425102373006,-0.004535039845582953,0.0020631922859179956,-0.010225909034821111,1.481805291957918,0.9399827858521862,-1.1870015384866361
-0.007314823664571127,0.01656337688784954,-0.004781629961829023,0.0019168232932467546,6.082738109094648E-4,1.460497852130093,1.0740169707232357,-1.145382816946979
-0.008143341662350922,0.01625984684125977,-0.005605784298441962,0.0016287860376870652,0.035748756012435996,1.4961088380140397,1.4998435337679978,-1.067667858675556
-0.007772521667058548,0.016402160050297536,-0.0052259672719826,0.0017792851383970543,0.016682186191698783,1.4893546386309533,1.2929196727582308,-1.118748183094975
-0.007999064022006334,0.016403137843003644,-0.005367338498847519,0.0016383759208089567,0.026799939733751443,1.4401187838020209,1.392120567679086,-1.05502310641144
-0.008337748573151072,0.01631076775357109,-0.005663904949319197,0.0014580026918741419,0.042334645990075644,1.4018031902497539,1.5717211319887658,-0.974258881128118
0.006854316407077565,0.023817263677257516,6.203455224001738E-4,3.534570770764569E-5,0.19881583381767642,0.12890694764636998,-0.44659967518494775,-0.10555797401438412
0.006294891520668866,0.025,0,0,0.2947341673053365,0.025766333971687566,-0.4732348660014913,-0.001458167216970502
-0.010352926411690286,0.016043079727782333,-0.006521484559482152,-3.845618644015248E-4,0.09888119648403904,0.3224429727219608,2.2755396150081215,0.24429019792383236
-0.010461543055517655,0.016074532252987883,-0.006459104527091255,-4.931996715082363E-4,0.09396984816280521,0.2301522656259348,2.2447006276288244,0.321743056993624
-0.010534630855674802,0.01615188225294546,-0.0063370661754080446,-5.525677768310262E-4,0.08800697764850986,0.15913880432041608,2.17926413078021,0.3622578374568857
-0.010116307912078003,0.016133035857335606,-0.006414691255969977,-1.2861468646044422E-4,0.09146721326332756,0.4816636090839533,2.203518415558832,0.05535314949228925
-0.010258997272330414,0.01612250665125865,-0.006419895310031472,-2.767624868833109E-4,0.09223869740973248,0.3761630463320466,2.2150644829713495,0.1624713996402244
-0.00854193385108239,0.016345745324207364,-0.005732494069985778,0.001284305992494698,0.04852591215500402,1.3063254257989971,1.6458208027442256,-0.8770588007507679
-0.009028064841693474,0.016212375519567154,-0.006111187213682777,9.328312198357195E-4,0.07156295069069464,1.1658906728679954,1.904649716558245,-0.6745533086461084
-0.00873764208885526,0.01635496588401581,-0.005814126956902032,0.0011241722205867632,0.05383632683634413,1.2199211118665014,1.7205256577545496,-0.7840755534924755
-0.008900125396857462,0.016336534398899014,-0.005904881584763072,9.96865241845658E-4,0.06025563127712803,1.1559335645377407,1.7909447214499792,-0.7075564491674288
-0.009168481053133502,0.016311267565866018,-0.006032884354978347,7.713158781673663E-4,0.06701280329179733,1.0321357309642103,1.896786520552218,-0.5665719674234175
-0.009316648574776423,0.016306578840787508,-0.006082179071259411,6.379329196008625E-4,0.07186366026348777,0.9499637367634687,1.943729922755976,-0.4785166119821249
-0.01003480018198865,0.016252332726714974,-0.006250953362204074,-4.439133498252858E-5,0.08233895506213146,0.502348161044316,2.1115663155309714,-0.006722043349823776
-0.009890223925083206,0.01629707375812176,-0.0061869624010520855,9.585923953337724E-5,0.07717447278195279,0.5882851986791425,2.066386488384468,-0.10718267859146559
-0.009515571006568566,0.01625930436719162,-0.006190619996651673,4.618793445639379E-4,0.07860276704148329,0.8516584048540593,2.0251702124687054,-0.3612831667477983
-0.009711375263896878,0.01630473867797223,-0.0061610987185659665,2.669915761696806E-4,0.07592414514133228,0.7051815188969534,2.0353854085944003,-0.2272022020170529
-0.01118327702427635,0.015713704710274026,-0.006714925767318388,-0.0013864217288500605,0.11560304699764111,-0.33966229966640016,2.3665949441212937,0.9995738425487815
-0.011155999302703116,0.015816014584106,-0.006584796755332604,-0.0013042519730326015,0.10584211018903474,-0.3110328991422974,2.296160195234277,0.9284740988770557
-0.011312739554561416,0.015703110316101537,-0.006655813658230986,-0.0015266130559195201,0.11247158286025007,-0.4477123446337372,2.3194962980112384,1.1001939724480854
-0.011424988832919428,0.015652798704274596,-0.006655267741787,-0.0016719077211184987,0.11402185018474323,-0.5454593201209031,2.305100327228896,1.2084244916775948
-0.01154759203882791,0.015664986732416734,-0.0065560852248858605,-0.0017840819113643777,0.10887805087869289,-0.6383032430944643,2.232342423235662,1.2824299578937675
-0.010929034351694443,0.01585348187554359,-0.006636198722029153,-0.001050519840231405,0.10746210120938307,-0.1241347781215392,2.3394314491748323,0.7419741083854484
-0.011059584650605568,0.01587671880060073,-0.006546600089199313,-0.0011762439609882944,0.10176463029200422,-0.2313114535873258,2.2821080612845033,0.830534267110517
-0.01083823882361592,0.015967182533323975,-0.006509384051038386,-9.124099713891039E-4,0.0989154660250766,-0.056508875153858586,2.271632610437825,0.6338783082513394
-0.010652927656690793,0.016102122963563396,-0.006378195191698127,-6.824072034725628E-4,0.08922931749805453,0.0767396696698213,2.2019862321063424,0.45789320716641546
-0.010763159401396206,0.016067303240931696,-0.00639483509003296,-8.02988428307026E-4,0.09204098674370906,-0.005131623398660969,2.209822393414842,0.5478009841469338
-0.01338340189881755,0.014082206914882876,-0.005953843362524456,-0.0049338983185307815,0.20252383771427232,-2.3618745098323752,1.0383576472870546,3.3614261632640283
-0.013421059888224465,0.014067817617062781,-0.005899336732678481,-0.004960615480019122,0.2016925396332627,-2.367831562624541,0.9901031969445032,3.3579096062347102
-0.01334428454214966,0.014105421120068698,-0.006005744186412231,-0.004891513859853512,0.20216580427829547,-2.3481585647812495,1.0905073871115183,3.352463654409431
-0.013384521940348388,0.014119037673645255,-0.005932785906245061,-0.004873884210752369,0.19736868269860958,-2.333698657901121,1.0445893576529366,3.311261145760168
-0.013322037583308792,0.014151836860771164,-0.006016099741153686,-0.0048127557906893145,0.1972072844947015,-2.3141465244703183,1.1251370795158742,3.301153031015516
-0.013028496828783126,0.014383274926684647,-0.006324950427880091,-0.004368547466550801,0.18513590644159772,-2.1217024154299575,1.4921284382692586,3.096355619929526
-0.013023470551643072,0.01443401180287516,-0.006292561616265283,-0.004288922134769097,0.17869670329739537,-2.0825482239098836,1.4933619754696081,3.0286291653705217
-0.01307173130612027,0.01436532111213362,-0.006271828722928213,-0.0044117277158100135,0.18464696169464337,-2.1417248237473507,1.4403806467490654,3.1096192921566117
-0.013207357754934543,0.014246843679919229,-0.006142219102535421,-0.004637629344878671,0.19208227604730144,-2.243350250716642,1.2744797615888521,3.2252238160911872
-0.013247806629326748,0.014234038975600534,-0.006085983534698213,-0.004667150459751832,0.19104131474097566,-2.2536646412546193,1.2244335752254276,3.225456849647634
-0.01328498435829497,0.01421869352086807,-0.006036266340603425,-0.004699022408923587,0.19043289741158873,-2.264825317079016,1.178291536622354,3.229319876227868
-0.013315635740433998,0.014196483221723045,-0.006000603974895068,-0.004739879058294943,0.19154562587245133,-2.2804347035553203,1.1392113007744689,3.244309250788811
-0.013115869824046665,0.014347656131229597,-0.00621643361249197,-0.00445358608591338,0.18398272876102661,-2.160273267744966,1.3875146994166603,3.1206411626413684
-0.013142027920429953,0.014316880984009845,-0.006197687968504411,-0.0045095516036954015,0.18701621677686284,-2.186050427852733,1.356155005024611,3.1538926519208617
-0.013184896084961525,0.014297859368666342,-0.006143636870613948,-0.004551233618331142,0.18634642664435133,-2.203356398164045,1.3039206940454615,3.164464972674498
-0.012894544332147172,0.01453037514825894,-0.006404854563545881,-0.004090048847922897,0.17381172967267108,-1.9832898835059283,1.6330418711657586,2.920705109663622
-0.012890122105252573,0.01457895478983879,-0.006368517748193004,-0.004017091919417178,0.16780628331370465,-1.9470571245492898,1.6285880299392914,2.857557413712152
-0.012937659826598584,0.014516401833272435,-0.006353311960977152,-0.004130234728472072,0.1730241664320036,-2.0041949407797515,1.5845143375144308,2.934071089422257
-0.012976488974957684,0.01449868210035027,-0.006310660658383568,-0.00417313471353853,0.1730020637537738,-2.025721219662749,1.5415285803299492,2.951658049121234
-0.013017886116184957,0.014482083104765665,-0.006262605030117282,-0.0042144872838027385,0.17260642570790508,-2.0459183489656065,1.4949484447963497,2.9661019609099815
-0.01278640688236235,0.014657913481936596,-0.006444088634525725,-0.003852088159506209,0.16396993602561968,-1.8601992311450413,1.7287996748179915,2.7604293233468336
-0.012768013502759998,0.01470780191244031,-0.006422268300641928,-0.003772783953301508,0.15883126325951463,-1.8197985539739672,1.7354975016619036,2.6976743519122657
-0.01283816897205213,0.014650937517254565,-0.0063779087707561384,-0.003888922375763005,0.16147502186842624,-1.8815487709689436,1.6719612420140562,2.7687174726700703
-0.012877472213130745,0.01462058526104581,-0.006349720254092912,-0.003951391518980482,0.1638473310960939,-1.9141050168646618,1.6343901951875253,2.805264093340531
-0.013595296483909128,0.013882079995533859,-0.005687900558165994,-0.005267391310064501,0.21434552663944992,-2.4679127921433968,0.7280077787947362,3.4786534675427867
-0.013627383385863596,0.0138553314109044,-0.005642922765531381,-0.005309003343771969,0.21541502881467306,-2.4774338974202075,0.6806269064829559,3.486675500863679
-0.013454346589951975,0.014007133561536468,-0.005873272093284102,-0.0050624553130431,0.20776260544632885,-2.408443606218802,0.9351447136262051,3.417957921657759
-0.013538644778217512,0.013931027027550483,-0.00576489970797971,-0.005189048702074279,0.21214643270872516,-2.4473513785076997,0.8117526586738455,3.4590148213184446
-0.01357293504940435,0.013940966507322423,-0.005704128434250082,-0.005170960889893009,0.20764040988308358,-2.4313097341470606,0.7757021946388104,3.4200681279268776
-0.013485698680390783,0.013986078506755895,-0.00583056613678544,-0.00509807836003259,0.20827399033812147,-2.4182698812346364,0.8917891027654159,3.424562861028719
-0.013513290999996869,0.013959905776248624,-0.005795707575259102,-0.005141536489915131,0.20971992849778556,-2.4319118295589246,0.8511450700155218,3.4396125900085734
-0.013598398005135562,0.01392715899922927,-0.005667076489738567,-0.0051922146378952025,0.20760599635011778,-2.4344461480850925,0.7417815904087864,3.4182036536483937
-0.013594139087869734,0.013963516249856468,-0.005660915329395546,-0.005132776037083073,0.20254807413526957,-2.4095162535518826,0.7598327140345467,3.3753759769847163
-0.013458368818857562,0.01405072570430106,-0.005846471071132421,-0.004990744337478251,0.20124787671312339,-2.3748533970331045,0.9418540271706682,3.3570533650014833
-0.013995907575754002,0.0134057443738953,-0.005079123720002202,-0.005959787617027098,0.24518517896019795,-2.5911893011959894,0.03018589315480851,3.637731279751315
-0.013667554761032097,0.013839318892577529,-0.005580636306259019,-0.005330741492182304,0.21413109873530936,-2.475599387181625,0.6288849478523096,3.47295599115582
-0.013919105966067153,0.013540099907045206,-0.005208940612592637,-0.005767006315995297,0.23365937327380662,-2.5592659271564213,0.19883734902340525,3.580730137732396
-0.01389246179918936,0.013565998332936499,-0.00525220623631694,-0.005733414298126091,0.23314969275025682,-2.55800656632894,0.24192442848310555,3.581174660512727
-0.013876964907233792,0.013596990508360449,-0.005275838745373288,-0.005686773871092686,0.22976670764575932,-2.547072734172191,0.27724586899437376,3.56255706304526
-0.013851676192441435,0.013631065701156804,-0.005314735974212569,-0.0056378825367073525,0.2273315643467628,-2.538424764908927,0.323748389501524,3.549985910617633
-0.013702506257416048,0.01382170577016651,-0.005527395861240066,-0.00535481078368854,0.21360349190298086,-2.4755887059718593,0.5825935447052021,3.464516272483333
-0.013727139151780936,0.013754272664466079,-0.0055027874050932535,-0.005462958049431327,0.22131907350083466,-2.5126601196346896,0.5231800046482848,3.525699302530095
-0.013754405131464054,0.013727673025987886,-0.005462673177879635,-0.005501832150191308,0.22247876078812137,-2.51958599859181,0.4800738438173949,3.5325173217629424
-0.01377222592203154,0.013695270197843744,-0.00543882427247788,-0.0055521643893802685,0.22581285962196443,-2.5336403353795762,0.4435786844673331,3.5546182124384527
-0.013827314750524443,0.013665428807887882,-0.005351102327584747,-0.005587611312352199,0.22486107199053965,-2.528208640018258,0.3689687081184572,3.5349291772513722
-0.013804289382195804,0.013691891064493547,-0.005385572720668873,-0.005549652313585756,0.2228653416473912,-2.5216284316754973,0.40787311476055316,3.5267997643990476
-0.013735932880587156,0.013799722166878069,-0.005477544182625625,-0.005385469675679649,0.21375750155353754,-2.478212568087764,0.5361598133299906,3.4617086188502184
-0.014009789480885049,0.01344944521140537,-0.00505786819024085,-0.005880155723293236,0.23681500825229154,-2.5586340865341195,0.05008383993011909,3.5740665278726698
-0.013952334950934193,0.013517108181075111,-0.0051540837548166634,-0.005792377389724146,0.23354410784616267,-2.554219829669901,0.1512982494050623,3.568403965019122
-0.01398085392502739,0.01349579951367481,-0.005106801448461658,-0.0058159918388164976,0.23332198647571886,-2.5500441610336257,0.10985553479542873,3.5586702452251004
-0.01401402892387686,0.013488522378103879,-0.005051877207753317,-0.005813635146008402,0.2309622474524511,-2.5346954177276775,0.07430388684218149,3.5279826764240467
-0.0139571868914703,0.013554816377035936,-0.0051449451526344205,-0.005727884830305775,0.22763681083632853,-2.5296713473716403,0.17221493245075536,3.521702519706512
-0.014061250582573756,0.013322730682856453,-0.004962042999839675,-0.006065596042526216,0.24958047816957812,-2.592291516971873,-0.0932954952882102,3.6414381021138107
-0.014096438406591772,0.013322534327687726,-0.00490349795922399,-0.00604649327118796,0.24542749157692972,-2.5685661974238445,-0.12346997195816325,3.5959642799788667
-0.014027085379272396,0.013378148637418853,-0.005024887870074529,-0.00599075572920204,0.24549386727911762,-2.5861827462495293,-0.019289686476244263,3.627964215527214
-0.014051967744306084,0.013358613932186923,-0.004981539049601526,-0.0060106095911440765,0.24530360637343224,-2.5801621156652894,-0.05660833941015473,3.6166956917761697
-0.01412073086276819,0.013299284409360464,-0.004860093842447857,-0.006071071605934879,0.24567698733032514,-2.5630337558153617,-0.16249009158442138,3.5869429243745183
-0.014151080693753072,0.013272678041190885,-0.004805907401849442,-0.006096857771624408,0.24588027844195812,-2.554071223170844,-0.20901110818217475,3.5722799177445723
-0.014214156774996217,0.013183835309161349,-0.004684485757183609,-0.006201621045411033,0.25057862928760694,-2.546152562064974,-0.3334765428890028,3.5676935245990298
-0.014194312243879114,0.013209672831041578,-0.004722737812670034,-0.006172701589505777,0.2492969833659843,-2.5502454105114793,-0.2962011351212271,3.571955982039382
-0.014186020715208646,0.013244174585196984,-0.0047435772546585075,-0.006121921429649583,0.24545433353158622,-2.5417811899352682,-0.2601076446680221,3.552180246069196
-0.014294673250917475,0.013031897518343003,-0.004509233585758437,-0.006388599879968703,0.26097258698856957,-2.538218598329658,-0.5286757620007424,3.57875903064707
-0.014320249246287317,0.013006915250016798,-0.004459328208542212,-0.006408454896806812,0.2608181620302164,-2.525077863438499,-0.5686856884284127,3.560188803532065
-0.014256214905950125,0.013187089072629636,-0.004617693912022648,-0.0061682662704413286,0.24453612796052096,-2.5135702515605995,-0.3604209782210543,3.5075207237920876
-0.014318026830235206,0.013073835142808028,-0.00448647146609893,-0.006304125891144956,0.2519956670561172,-2.5061581574336955,-0.5037822207523887,3.512632363231066
-0.014301785059609617,0.013111754423998697,-0.0045242577850344795,-0.006256143471349395,0.24886916313798438,-2.506260539716792,-0.4584500992933072,3.505992589014457
-0.014280500259518035,0.013151729117927337,-0.004569681314145698,-0.0062078932762465585,0.24638389242333578,-2.508484007909374,-0.40838278573988934,3.50355469944563
-0.014325952739093432,0.012972051664147843,-0.0044368379463611265,-0.006459307872227122,0.2648978918184144,-2.530575561375542,-0.6062537540965031,3.5777700767082097
-0.014346237450083463,0.013003186486888816,-0.004416820740107293,-0.0063936964410311005,0.25762919848104765,-2.5049124317618583,-0.5880056945495064,3.524672817361991
-0.014413245442782508,0.012827359280022396,-0.004234630148296759,-0.00661132856351086,0.27166021292451764,-2.4901383073424816,-0.8006955111534122,3.5422400677255275
-0.014352914819869117,0.012943381955573133,-0.004382428717156322,-0.006482484739577715,0.26470843461026444,-2.5157442267033847,-0.6504812090911457,3.5577397051883843
-0.014374537613482629,0.012918974533576497,-0.004337975133889684,-0.006502626205434437,0.26498382731740305,-2.503663005062849,-0.686924128885004,3.5419696217357326
-0.014390464677317638,0.012887683989243694,-0.004299041952899187,-0.006537812874738488,0.26687968859586614,-2.4974359327000077,-0.7270062680339058,3.5387525238043898
-0.014419924968482123,0.012866301629297585,-0.00424329879614202,-0.006545020969696912,0.2651329053800717,-2.476797168858548,-0.7637872173798056,3.5075690206880155
-0.014881315245158672,0.011681484229712307,-0.0026083250009998026,-0.007573212088888839,0.3080347476582363,-1.8258666043965306,-2.131003518498003,2.927663245023591
-0.01481341950149212,0.011762010838214534,-0.002777751582665232,-0.007588972499727994,0.31680070920468295,-1.9319231029388553,-2.065785797326617,3.068165725727954
-0.014812513326435512,0.011784182141267877,-0.00280428435724121,-0.0075648942638261996,0.31496291296790163,-1.9445799437631581,-2.0406829060315697,3.075100402317492
-0.014828557307181581,0.011747122898434619,-0.0027433074163999865,-0.007582587812434601,0.3144358626172788,-1.910037903470198,-2.0776117277801682,3.0377670996402717
-0.014834966234870448,0.011726199235360765,-0.00271171697166726,-0.007596215931566916,0.314891416012315,-1.8926284361233172,-2.0990017150085714,3.0208733804346455
-0.014815597954414401,0.011824327410665955,-0.002846066948789414,-0.007513701406274721,0.31090590727334705,-1.9622133002922217,-1.9938080725544511,3.0782895840340156
-0.01483002725046951,0.01180240252037378,-0.0028047899230447724,-0.007517345315377268,0.3097218815696244,-1.9379689515052763,-2.0144141279868837,3.0484984936867434
-0.01485920478475889,0.011717511233470975,-0.0026746533697235117,-0.007568315466478809,0.31013105741331387,-1.8661194508385568,-2.0997229957516406,2.976419682324462
-0.014884055432748499,0.011705312609452553,-0.0026332788924853076,-0.007543228725747006,0.305616541466065,-1.8373304860347446,-2.103779810142979,2.9305387041434376
-0.014778505107543744,0.011906397296530783,-0.00298024395492508,-0.007471148764321188,0.3116575191006015,-2.0352071673425765,-1.9088506840279555,3.1571496627748794
-0.014794617439117062,0.011883816783593487,-0.0029364003712715053,-0.007474680146601804,0.3101897046206675,-2.0100329590594286,-1.9311751331880507,3.125632438504525
-0.014804429935657022,0.011864558437028074,-0.002903702761873116,-0.0074831100204831805,0.3098407463230689,-1.992032634330635,-1.95083210979984,3.1053922761135437
-0.014793697236854244,0.011924054713281921,-0.0029807322263889617,-0.007427636700725776,0.30680787331699394,-2.028692374522527,-1.8850529564621556,3.132674353081939
-0.014790707201100515,0.011948281813969498,-0.003009915627932074,-0.007402545799238063,0.3050708210605579,-2.041689759864959,-1.8578677466887457,3.1406010450925628
-0.014751568377957281,0.012038236560849307,-0.003150673769105394,-0.007346161014946554,0.30462718759624346,-2.112798615489094,-1.7603735077244498,3.2145658591832684
-0.014767361482466226,0.012015253211689272,-0.0031076873873043744,-0.0073530170517282405,0.3036943652607675,-2.0896716180451524,-1.7848212621303,3.1862409141704053
-0.014778879636739043,0.011994357605703602,-0.0030721144472567966,-0.0073628167240457395,0.3032960916495182,-2.071075874323986,-1.8070770657432196,3.1651079811577407
-0.014761945175579749,0.012070923767984094,-0.003169844122376309,-0.007290441986185463,0.29944097222341287,-2.1141320604280476,-1.7214061432656513,3.1970272207035046
-0.014802067949974728,0.011980861378695166,-0.003029816980102906,-0.007346656185509644,0.2998757091140391,-2.04427053847084,-1.8184958987608262,3.124103243675045
-0.014827383299059603,0.011851834585593614,-0.002862769419718913,-0.007464065726265909,0.3060834849974688,-1.9649456877743705,-1.9591225482503452,3.0632374710635877
-0.01467033024603299,0.012259298140877893,-0.003464713514862268,-0.00716352669021334,0.29764870033416374,-2.250878889127778,-1.5063717905929381,3.3408645531334993
-0.01466746109525359,0.012295720189118087,-0.0034999604283759396,-0.007117371952720269,0.29393920373878696,-2.260417566980656,-1.46406460934009,3.339519316259973
-0.014752315645684282,0.012103124152058357,-0.0032132781272408042,-0.007262516146482247,0.2981009962574614,-2.1334440891320665,-1.6853415123684277,3.2133787214577567
-0.014738440861765154,0.012127864517561135,-0.003254698167362373,-0.007249311138323674,0.2982820394819537,-2.1538775007333117,-1.65798446431668,3.2364437662178536
-0.01477991589864715,0.012098836691451844,-0.003174067788725009,-0.007230727166552436,0.2930600966997824,-2.1063313185906654,-1.6877048588870784,3.1664381220683446
-0.01469666634925707,0.01223611611960739,-0.0034087674734022307,-0.007161293945546632,0.2949947562696565,-2.2209761499109035,-1.5340564061247532,3.298873513014314
-0.014730003816627087,0.0121898178188304,-0.0033230855011796255,-0.007179688465640585,0.2936251550604373,-2.178619000668211,-1.5871977269735362,3.246970862457514
-0.014745176158335932,0.012162093169335983,-0.003277929132257783,-0.007195997097686555,0.2934717133808209,-2.157190783960541,-1.618327027129373,3.2232048218205764
-0.014731205814921516,0.012219352441240701,-0.0033480091868298236,-0.0071393062936520495,0.290236969232166,-2.1846415601345743,-1.553534951362569,3.242128379469585
-0.014539903878450191,0.01255213515541006,-0.003878915714415034,-0.0069014648480204485,0.2867623782071573,-2.4024458900685413,-1.148729586850248,3.479417994093999
-0.014556645760398654,0.012579785064522356,-0.003873018856792522,-0.006842639787206906,0.28035239355067465,-2.3865018723252915,-1.122694720464829,3.4402977582592436
-0.014682151715661937,0.012338306794443461,-0.003515332393061656,-0.007041012448277135,0.28651392215805954,-2.2534133363815343,-1.4166639275373438,3.306311107500181
-0.014638333578768406,0.012409353151114374,-0.0036326354742389276,-0.006995138327163323,0.28642685565496523,-2.3034435145153282,-1.3310961435781847,3.362953443823845
-0.014563251809948713,0.012468567668294689,-0.0037849511747950885,-0.00699784068915301,0.29301503552768954,-2.3788075058610088,-1.249617229580333,3.471734149723568
-0.014550148663076148,0.012496382721836617,-0.0038245014631221527,-0.006972104476658602,0.2919347971531688,-2.3922407752693586,-1.2147248649412097,3.483995758050245
-0.014563263132875407,0.012527324350200592,-0.003827386539518312,-0.0069121426524035206,0.28563671095977267,-2.380482403163209,-1.1828449305381847,3.450121380284149
-0.014620255913336825,0.012432925155065267,-0.00367623993936698,-0.006983100719351035,0.28683933364033165,-2.3225578282202437,-1.301537365096383,3.386588923340621
-0.01459892844238185,0.012459206563805883,-0.003726443249766274,-0.006970365505582471,0.2876788022347419,-2.344468938545114,-1.2678684945408119,3.4142817846855076
-0.014661686487852908,0.01239216501412471,-0.003586657125190158,-0.006991494914525492,0.28417294177992375,-2.2796481302077365,-1.3537765065966223,3.3282809932345394
-0.014664345315853866,0.01241835671048308,-0.0036033106732845737,-0.006952056073031752,0.2807695784426474,-2.2799543895900047,-1.3249283945303507,3.3172591748978695
-0.014684789328557164,0.012378386051796857,-0.003543966639649017,-0.006983013229875546,0.28167954829167413,-2.256432862915618,-1.3719999856066956,3.2931838954380734
-0.014440286734802386,0.012795705982175483,-0.004176688553303453,-0.00663518916354605,0.27141924349848073,-2.4719675118818683,-0.8464466920401889,3.518979329153026
-0.014475059437109021,0.012774242059630632,-0.0041122093223665635,-0.0066351400259905555,0.2688710321540197,-2.444636026868848,-0.8841961988359399,3.4768423189225417
-0.014502155245010731,0.012747763832543488,-0.004056835847159078,-0.006649057420636814,0.26811638409947697,-2.424152647873053,-0.9230453900145822,3.448764706590423
-0.014551116218861128,0.012613871188888265,-0.003903520720195133,-0.006798480535064446,0.2768968077286122,-2.3906511071548486,-1.0836690877624309,3.434898408018751
-0.014549743687168513,0.012663163375753461,-0.003936579634943167,-0.006727410511586713,0.27120008159214,-2.389371889209793,-1.029966959304173,3.4151941794384775
-0.014527977723301631,0.012720852455696447,-0.004003053268892813,-0.006663988778823764,0.2672809717102263,-2.404149909670524,-0.961191918201944,3.42203571514707
-0.014549096384266802,0.012697726417661839,-0.003958355998251314,-0.006677206133421725,0.26691839901190556,-2.387474293457055,-0.9930484141828797,3.400207505782995
-0.014933686875801159,0.011472584918590503,-0.0022986065121292244,-0.007702257552674165,0.3103481443807885,-1.645093831489364,-2.3297723049930643,2.755310647338072
-0.014935908552592423,0.011447327052952554,-0.002264184840455915,-0.007722708169090812,0.31138212161416495,-1.6249882620828517,-2.3547335664181683,2.739140253805443
-0.014972787104854,0.011364291563246308,-0.0021224870287899025,-0.007737547369633051,0.3074428204818402,-1.5334126121537535,-2.4170378545017175,2.634875928554742
-0.01496085907987926,0.01138165929263763,-0.0021559281687337007,-0.007741978127072535,0.3093640024899827,-1.55601471587331,-2.4069944066983453,2.66376509181702
-0.014959858555445344,0.011402036311926838,-0.002183382599783869,-0.0077250907684454405,0.30833140138814213,-1.572362534275342,-2.387072824779546,2.6765270235838687
-0.014948523082505959,0.011423072287962318,-0.002221078005359659,-0.007724553395673936,0.30982137894120293,-1.5970375615118175,-2.3723974632636904,2.7060571680112484
-0.014895873704285578,0.011562121473474959,-0.0024486257845026884,-0.007675249298908587,0.31317778723638007,-1.7383700411827923,-2.254485682502373,2.858799631794132
-0.01491661099264598,0.011549307438352372,-0.002411755459232014,-0.007654707321838398,0.3093376226150757,-1.712463425241427,-2.2579898277434283,2.8187064108831494
-0.014904030573448242,0.011591524201711115,-0.002476461171621551,-0.00763202205297333,0.30937076504094924,-1.7508082667632119,-2.2188732912788995,2.8569858876936687
-0.014923040793215782,0.0115307341454209,-0.0023822571052816,-0.007662841118406468,0.3091993733504472,-1.6945602418157681,-2.2744348006401776,2.799947766442178
-0.014932547292155733,0.011493056171824738,-0.0023256575713583687,-0.0076843478614290065,0.30935180266494866,-1.6606206885334471,-2.3090215101668714,2.7670163581673353
-0.014928320729749001,0.011511625107858128,-0.0023531529887763046,-0.007673119486937537,0.309129163229108,-1.6770679004908755,-2.2918238708880154,2.7826171139069555
-0.014893913891210097,0.011660915376091981,-0.00257054378133801,-0.007575513465248912,0.3067861169696325,-1.8026980333136258,-2.1483172388378975,2.899536118187537
-0.0149113183567322,0.01163967375582247,-0.002526991764899291,-0.007570593693603801,0.304340953922103,-1.7749382189725866,-2.163856716047509,2.863042581288758
-0.014920010884166968,0.011614830362424503,-0.0024882527251272038,-0.007582664469135733,0.30441506906060567,-1.7522226680103643,-2.1865379658259845,2.839498211592058
-0.014967225922485283,0.011271829510847736,-0.0020039823241092005,-0.007827503077400348,0.3132802830622628,-1.4629861777405087,-2.511706188121883,2.588292154229522
-0.014966911884649848,0.01129386586231144,-0.002034057430012467,-0.00780922268547951,0.3122298769858894,-1.4814885760912124,-2.490389090648972,2.6025869863583964
-0.01498093201364818,0.01133881256171763,-0.00208180025145754,-0.007746346910956604,0.30693344088228663,-1.5072993382190025,-2.4370690006464724,2.6072737041564733
-0.01498748685933363,0.011312236728882978,-0.0020409422683069726,-0.007758305993460879,0.30678757322090044,-1.4812022280598613,-2.4588103285510137,2.5811337995766093
-0.015009101703827604,0.011166834429420269,-0.0018260366166681628,-0.007839930150211531,0.30804410286486833,-1.3428392289797946,-2.5811526723196274,2.452431138663824
-0.01498467934885976,0.011255942013421713,-0.001967761502051576,-0.007810735794899403,0.30992166964504225,-1.4368990543427487,-2.5150953233406512,2.5504489923193057
-0.014997703450041255,0.011234717385399988,-0.0019282150150055938,-0.007805747323971441,0.3078394294907047,-1.4096423375308405,-2.526213026540137,2.51627459370874
-0.01500283964486051,0.011212807472954308,-0.0018941928781716973,-0.007814586573052631,0.3076520893924883,-1.387304481446648,-2.5431373919726563,2.493742309353252
-0.015021365715846183,0.01120587086737461,-0.0018699819902103175,-0.007788045777812802,0.3037435813877107,-1.3685369967855525,-2.5362887018373583,2.4607781733132916
-0.015029618035957882,0.011188282254584373,-0.0018395575096090786,-0.007787569868765069,0.3025531054209294,-1.3477774047684645,-2.5463972345063586,2.436333671126388
-0.015022130376924542,0.011141772215533132,-0.0017813366618319325,-0.007836290672975909,0.3058903617231112,-1.3117754956260825,-2.594130581585011,2.414817138708272
-0.015031294941153094,0.011117193772218379,-0.0017403172755285354,-0.00783857766149444,0.30468635708285946,-1.2836178815936068,-2.609086064745364,2.3831909909895956
-0.015036761787126597,0.011088137886321492,-0.0016957209244763476,-0.00785015568372492,0.30447793400352213,-1.253614578822399,-2.6303944312851235,2.3534610638954736
-0.015049652273680417,0.011056388954457002,-0.0016419734295324024,-0.007849876700144358,0.3024157088739052,-1.2161791936476603,-2.6475218354416943,2.310385039482538
-0.015044139112914324,0.011007099589811628,-0.0015758276141149027,-0.007893507716918657,0.30513126079984226,-1.1729191835375692,-2.6938078163039063,2.279534481933593
-0.015053480443439491,0.010980592777310703,-0.0015316694515029874,-0.007894317757235378,0.303572998155943,-1.1418317812353111,-2.7079414047282975,2.2445581396322667
-0.01505938863738292,0.010959021975408895,-0.0014968548357954946,-0.007897637255236225,0.3027386042305643,-1.1174182538341495,-2.7204914121890655,2.218330084817407
-0.015065386745088684,0.011029327644123869,-0.0015930329221345923,-0.007840597833243009,0.2996209515753832,-1.1812962296646692,-2.657614924777191,2.2666644978851487
-0.015071192896467881,0.010196297616049023,-3.165734497177738E-4,-0.008177309004450016,0.29975950619750896,-0.2478544329129635,-3.1724218317707593,1.4064891198721852
-0.015081467841597166,0.010179539769974134,-2.88342942068173E-4,-0.00815931475265899,0.297159951644292,-0.22556669278061017,-3.1661992623038366,1.375468208602256
-0.015086662096127964,0.010163317022342678,-2.6176943705852465E-4,-0.008151055167718255,0.29570848688001933,-0.20468974026486944,-3.165666245953893,1.35037765044796
-0.01508934319156685,0.010146508482927674,-2.346164166438959E-4,-0.00814759926685007,0.29480578416271724,-0.18341714117071448,-3.168148141992942,1.3271157995455836
-0.015090350470374273,0.010128408842446032,-2.055977546871223E-4,-0.008147337989458906,0.29419854480312346,-0.16069260818309902,-3.1728585669407168,1.303872129839258
-0.015090097109089437,0.01010565053841054,-1.6923346284025955E-4,-0.008149661767881117,0.2937547710006925,-0.13223071272668463,-3.1803004990083643,1.2760379678826734
-0.01508850726521745,0.00992921858288618,1.1332774985907378E-4,-0.008154600320773834,0.28957289174884965,0.09095237190284047,-3.2252209329053225,1.054729827377091
-0.015092245423038917,0.009950362317751303,7.931810885164493E-5,-0.008148188554129925,0.28935705535464534,0.06395668825395805,-3.2165466364717417,1.0786003899259873
-0.01509380525976537,0.009968201923654762,5.074092793071858E-5,-0.008145670699754583,0.28950697841072026,0.0412882678176714,-3.2109998778557416,1.0999965435029013
-0.01509372019498807,0.00998516390023639,2.3622669082021E-5,-0.008146150931689515,0.2899818286638381,0.019791907173614603,-3.2074831009720586,1.1216324356249527
-0.015088140702342443,0.010067941272464269,-1.0898112569204391E-4,-0.008155733099021088,0.2932744796317232,-0.08495606177991068,-3.193736563456303,1.2310231193476346
-0.015100565790990485,0.010083772441228971,-1.3363635103356609E-4,-0.008130559795152285,0.29103599031286637,-0.10408006239437766,-3.174035693748919,1.238930801479584
-0.015092508232758588,0.010001489501270193,-2.481473852790317E-6,-0.008148641797564317,0.29067617945894964,-8.765923088711317E-4,-3.2053047091011195,1.1433941823649345
-0.015090474823437674,0.01001892865249452,-3.0406329993828185E-5,-0.008152547188824072,0.2915247025822912,-0.022962835403239693,-3.2036776998977423,1.1672609450026534
-0.01508489681533108,0.010036019584112257,-5.79026134044992E-5,-0.00816322201999465,0.2931433363099288,-0.0447400536028691,-3.2063048558798823,1.1939476257421064
-0.015096877194514184,0.010049933564509294,-7.983774363869938E-5,-0.008139294806792971,0.29099063064222636,-0.06186497584780043,-3.1878885377278396,1.200319244979165
-0.015084589539527252,0.010209733944710949,-3.361997399280989E-4,-0.008149113788583786,0.2970758155109992,-0.26269277210830455,-3.1513298722965737,1.408896418626069
-0.015096150955640143,0.010223666343942093,-3.5664567466871944E-4,-0.008124445948356556,0.29487841713424157,-0.2781057011616012,-3.132297067356173,1.413572887276734
-0.014980606070753326,0.009026818381542014,0.0015686073743652728,-0.008028743227437784,0.2805034894098546,1.2717347924161244,-3.228839899024553,-0.10249152235377697
-0.014972925353585778,0.008978065131276804,0.0016456450617903836,-0.008008873719374135,0.280473091323596,1.3343299685832795,-3.2139265836711743,-0.16585627118443236
-0.014976105398959431,0.0089942076786163,0.0016197410476968819,-0.008014447104809365,0.28036758124560063,1.313214540090111,-3.2182412490811463,-0.14501583075321609
-0.014978734665479382,0.009010512868696975,0.0015939411318477337,-0.008020977163305498,0.2803679957656468,1.292245426083978,-3.2231500747305275,-0.12384390126950917
-0.015006391406786772,0.009167881294587881,0.0013411493516654902,-0.008069875268488872,0.28023983750133374,1.0858304673538786,-3.2569731672619056,0.08018960891603893
-0.015007425704061774,0.009183921231767589,0.0013162341108434244,-0.008077262385792719,0.2805708070313592,1.0656225109956117,-3.261694140505026,0.10153488250883429
-0.01500681880622785,0.009197589985004317,0.001295799029134654,-0.008086272348913898,0.2811279706332804,1.0491803585441701,-3.2675312560777514,0.12026240088954247
-0.015015037433867513,0.009210895316582543,0.0012709023503452474,-0.008078029538509638,0.28006457344262126,1.0282335149851212,-3.2614580822706425,0.135446145455818
-0.014997717303879153,0.009033270024978,0.0015474418214342228,-0.008001042956215761,0.2776813643904807,1.252482481999585,-3.209807745434953,-0.09760022092231224
-0.014996718830031524,0.009050521765034904,0.0015227061359355937,-0.008014497744640628,0.2783493592565556,1.2328331663836636,-3.219336296546263,-0.07447860290878755
-0.015010643363748669,0.009078425819126988,0.0014723535083994673,-0.008006632733432191,0.2767285021872779,1.1907387216989511,-3.2141116074577796,-0.04074809869821708
-0.015012496507562792,0.009060131657202241,0.0014981217356028864,-0.007991269352064317,0.2758878173106947,1.2111668083862233,-3.203390442227351,-0.06545489626573407
-0.01501146097417185,0.009096892062058002,0.0014444748968130301,-0.008016887129941532,0.27712961097776834,1.1682890476449133,-3.2212276445270187,-0.016404933008696828
-0.01502291746565649,0.00915712859245016,0.0013475911796008448,-0.008032099854461799,0.27692982846362596,1.0892006739923692,-3.231191756987363,0.06064312255576725
-0.015012155624965958,0.00911810507036312,0.0014124662012345464,-0.008028853906459325,0.27766850932759785,1.1425376011276056,-3.2294041032738225,0.011668901665973704
-0.015018881065485762,0.009139110397925145,0.0013769793894311804,-0.008028978585951049,0.27709500446831864,1.1132809460719084,-3.2292947711980173,0.03777818007287081
-0.015043521833763828,0.009419036977594424,9.356886071969238E-4,-0.008124205302827432,0.28178013462764,0.754547785847604,-3.280913742005976,0.4057230978187629
-0.015040945558380031,0.009403089878451206,9.61671126892766E-4,-0.00812253842475373,0.2817180364031006,0.7757709519529623,-3.2811060587641037,0.38535931597622636
-0.015038268611980368,0.009386846467278909,9.881531538218802E-4,-0.00812075251847852,0.2816768153279747,0.7974173246146861,-3.281177156563347,0.3645956775339288
-0.015035325910959378,0.009370286742052885,0.0010152377570962032,-0.008119149098955086,0.28161418119342624,0.8195735530502376,-3.2813257395712543,0.3434871758495579
-0.015030916190494303,0.009356083327706058,0.0010393323441539597,-0.008121272372069837,0.2820202197475069,0.8394108210565235,-3.2837744941200606,0.32621272727997064
-0.015016599707457052,0.009229723105702428,0.0012413343693297005,-0.0080854347184199,0.2804178616481954,1.0042006161112857,-3.2659118802565543,0.1603726163497776
-0.01501650380902047,0.009246464957931076,0.0012157713983668523,-0.008094668422590092,0.2809628639576811,0.9835556565110081,-3.271607818009947,0.18310195604855098
-0.015015520910838357,0.009260706210260134,0.001194431368616782,-0.008104117143779203,0.2816338552771666,0.9663759872447806,-3.277481915564782,0.20283911447965797
-0.015021562689681703,0.009291473880381708,0.001143926476885786,-0.00810829635410848,0.28157077690737703,0.9249390533650772,-3.278838992647228,0.24230042104724006
-0.015023591726238844,0.009274315551819127,0.0011693118135217885,-0.008095639482506382,0.2805920846501521,0.9453213600501706,-3.271031136716949,0.21815907378805527
-0.015026377367275329,0.009323695082158136,0.0010917365796319922,-0.00811485433130943,0.28176574516160185,0.8822589633564419,-3.2814983012425936,0.2841240034040216
-0.015034147766306665,0.009338879390942809,0.0010645256428856616,-0.008107025742255842,0.28076520722603976,0.859606420946329,-3.2752010561381293,0.30135101488673977
-0.015028972939084449,0.009305944408730985,0.0011179094305967744,-0.008101190731232881,0.28064122002905023,0.9032538122478255,-3.2731931974294812,0.2588866607885729
-0.015091211939836575,0.009908245669116697,1.4673250315736747E-4,-0.008148036693223904,0.28839709886725967,0.11752210515491647,-3.2254326891092937,1.0254920635142952
-0.015091979454029028,0.009889951012828602,1.759162553425388E-4,-0.008145191934198307,0.2877145249021047,0.14077284229082318,-3.2273613289380196,1.001275168622317
-0.015090421091473597,0.009870972885996443,2.0637295865044808E-4,-0.008146620097956367,0.287481483341711,0.16506876507565307,-3.232086513260587,0.9780143413552439
-0.01508642332726799,0.00984929329386242,2.4143159239153626E-4,-0.008152301598347246,0.2876704367906277,0.19307168191320792,-3.2399967039410447,0.953096011024156
-0.015087811741986463,0.009828135009501634,2.750859907992438E-4,-0.008147121701432143,0.28673025058427565,0.21995663599182289,-3.2406473705699317,0.9244443338274405
-0.015049252364503376,0.009467074488120005,8.581707420722127E-4,-0.008132068993417606,0.28234054076370735,0.6913979455041427,-3.281874190045422,0.46787368433678234
-0.015047257472511738,0.009529469530353326,7.604578200654285E-4,-0.00815831071008467,0.2848749377378,0.6123443807603729,-3.292990035036051,0.5535966685701716
-0.015048848112109322,0.009515763213578256,7.816079956729686E-4,-0.00815051250942747,0.28408816824755817,0.629402934880682,-3.2892799835927597,0.5340797446505207
-0.015050189083041213,0.009483383105839937,8.321913012464297E-4,-0.008136332159780888,0.2827126737777767,0.6703044468974405,-3.283139735712165,0.4894532371003555
-0.015050224902258727,0.009499793525221472,8.063352951524762E-4,-0.00814220703925922,0.2832640911761885,0.6493598150115991,-3.285407309955224,0.511661214573505
-0.015087829806065586,0.00980884833582853,3.058678799837835E-4,-0.008144579010689634,0.28616843579978646,0.24462054762900057,-3.242551590067148,0.8992186851217562
-0.0150703153023685,0.009753742555595657,3.9672844453903644E-4,-0.00817044243191786,0.2879100753394313,0.31776851990039456,-3.2691899795236723,0.8398943925879062
-0.015085026619317375,0.009785833110375605,3.4298803708496847E-4,-0.008146756409543168,0.2859903801880221,0.2743613111365956,-3.2481053708177785,0.8712543719655875
-0.01508696042587727,0.009764244035987975,3.770877283220164E-4,-0.008139490865620642,0.2849257689539477,0.301661569576225,-3.2471060499451823,0.8414925624483779
-0.015064883044425274,0.009719207731000075,4.531014426460811E-4,-0.008174638471593925,0.2878803797968922,0.3632621145724968,-3.277682823734609,0.7978745723868004
-0.015071359621953797,0.009734264026793893,4.277245627908708E-4,-0.008164809524169465,0.2870410111579306,0.34267238963649665,-3.2687475859638786,0.8132682663582946
-0.015062364857515009,0.009687984034867668,5.036428756164448E-4,-0.008172972888183224,0.2873597410357021,0.4040671634380718,-3.2815150012425867,0.757890925762865
-0.015068150362933517,0.009703216277415296,4.780179555551128E-4,-0.008164883716911807,0.2866577784313171,0.3832490810585473,-3.2737939608174114,0.7742107732483321
-0.015052517960360173,0.009559759599663403,7.107100139999371E-4,-0.008157842745401888,0.2849249791642095,0.5717997159710843,-3.2891011359308946,0.5915343384612378
-0.015054464645361629,0.009543476029864037,7.358898858801472E-4,-0.008148806562817761,0.28396471974865656,0.592093787342188,-3.2849779315944896,0.5683436877195697
-0.015055842816054741,0.009624734651690874,6.063363113165479E-4,-0.008170260152813684,0.28648770120649325,0.48723090680687153,-3.2889800010605716,0.6772391410526476
-0.015057812408017925,0.00961088659426165,6.278695794533132E-4,-0.008162591819876032,0.28561662801030513,0.5045638777129352,-3.285751542172839,0.6572971535893158
-0.015059575389140567,0.009594103859842098,6.540555472335814E-4,-0.008154358194694193,0.28471443845338046,0.5256541833811029,-3.28246234172526,0.633577137732118
-0.015060341268845862,0.009575198519654035,6.83814573504017E-4,-0.008147252490556388,0.2838951027435664,0.5496787300742688,-3.2801041442038037,0.6076381435530415
-0.01505980400818132,0.009656070269032643,5.552801203579343E-4,-0.00817052403612304,0.28680376938998164,0.4458263801312888,-3.284689041733175,0.7168146726897721
-0.015066122487033293,0.009671601856170725,5.289594337195891E-4,-0.008161809240174891,0.286010426905076,0.424382860532242,-3.2766163445256815,0.733370874016713
-0.015062876079716389,0.009638746120023535,5.821423192544356E-4,-0.00816010061296892,0.28555063600567826,0.46742257838574597,-3.2802527924040055,0.6914945927411765
-0.015066243878683097,0.009457065589234736,8.673395593981997E-4,-0.00809520722098065,0.27885692397937434,0.6978390038032337,-3.2579186366314414,0.44544906103751064
-0.015064384873308962,0.009440899991849326,8.931987397464005E-4,-0.008092526250957709,0.2786658916650957,0.7188599658321709,-3.257562751427215,0.4247131287311818
-0.015062199711276028,0.00942488564604307,9.189362098300967E-4,-0.008090351968357097,0.27853330632027035,0.7398085012967587,-3.2574706389752595,0.4043122549606403
-0.015083518097722981,0.009446707731057843,8.76736445988304E-4,-0.008057854324881097,0.2754480512170485,0.7044930122547046,-3.233678101892329,0.4227442713769087
-0.015102096452720752,0.010571808637393175,-8.986229565901134E-4,-0.008018221047591626,0.29721606590086264,-0.6878170935717605,-2.953826202035428,1.7971345965545178
-0.015108225811578396,0.010552707288206632,-8.671053996009542E-4,-0.00801392662016684,0.2958943248765427,-0.6640675735150313,-2.9586934819464976,1.7697500614236839
-0.015101839846543237,0.01051095933351919,-8.053410165741407E-4,-0.00804109785030052,0.2971982660962064,-0.6187638786230041,-2.98937528847598,1.7332563171095565
-0.015108521293839236,0.010531573139723605,-8.346595103212867E-4,-0.008021128636835769,0.29569323468089487,-0.6400504965762873,-2.970585576421872,1.7471877795493036
-0.015113478627257877,0.010492668940732431,-7.73229201472327E-4,-0.008025230075970726,0.29444807361109865,-0.5939938222593056,-2.9870808422652027,1.699888568877422
-0.015099267842353615,0.010639761139587181,-0.0010031128712613818,-0.007995678377826665,0.29783305926633186,-0.7646252741620326,-2.914829000178104,1.8701699970974897
-0.01511102254858638,0.010617321303998312,-9.642023773081508E-4,-0.007983170784770162,0.2952615756344708,-0.7352239951483065,-2.91696781351243,1.8329011547170622
-0.015115636314093394,0.010591695578685755,-9.235569387826626E-4,-0.007984940209179945,0.2943063360229003,-0.7050899191434211,-2.9278808024418903,1.8011525153466459
-0.01508780453793682,0.010721535175601787,-0.0011315645376319841,-0.007979494399130843,0.2999547279014991,-0.8585657520585438,-2.8722062679506157,1.9654754849352591
-0.015101236459274116,0.010695403369821586,-0.0010860060681100838,-0.007966986771748877,0.2970992786533147,-0.824513043190828,-2.8766562673152607,1.9228099876384463
-0.01510997503015992,0.010666293469505478,-0.0010383851517460384,-0.007964031587228339,0.2953192511177259,-0.7893038024732248,-2.8870910576024422,1.883183428199405
-0.015085988795967273,0.010304641814077796,-4.8698629494451756E-4,-0.008129435191838168,0.2984044546420231,-0.3790474734768043,-3.1107695722356357,1.5202372757884641
-0.015092474132375671,0.010287468634116441,-4.5844597457706736E-4,-0.00812034280683799,0.29674707309056375,-0.35678880041341693,-3.110706367055309,1.4930082777427633
-0.015098258401492103,0.010315295374600473,-5.011971222894925E-4,-0.008103340402521513,0.29601596120140616,-0.38927361196310634,-3.0919223454392926,1.519126617075052
-0.01510000256387218,0.010329808203322622,-5.236596414932828E-4,-0.008096746436526178,0.2958085598457811,-0.40635372615901216,-3.0834302847702193,1.5339602473455658
-0.015099162755827268,0.010347704166372592,-5.519812059409465E-4,-0.008094201065863721,0.29625467071022443,-0.4280093654525366,-3.076190461009966,1.555427946403307
-0.015115710236234129,0.010357130292741086,-5.627388039475885E-4,-0.008060074597449623,0.2928906651055275,-0.4352728230665363,-3.053151213862197,1.5478489163692146
-0.01511578313294269,0.01047110488925712,-7.393045058769507E-4,-0.00802789926628867,0.293908753266715,-0.568526354552877,-2.9962134101129565,1.673983209310191
-0.015113929983184095,0.010451044726390683,-7.089506895028583E-4,-0.00803769412926167,0.29421119851458694,-0.5458911620786583,-3.0088018250140354,1.654308550067568
-0.015111703184825428,0.010428212741821426,-6.742919780605688E-4,-0.00804875738080376,0.2944630712527587,-0.5199694454834559,-3.023000594835075,1.6317904024227943
-0.015118533223932832,0.010404008468278261,-6.348558897545786E-4,-0.008042550656439105,0.29273527898282353,-0.48981681802848914,-3.027583778240953,1.597280967797204
-0.015122291943888805,0.010377799743376518,-5.932331114835038E-4,-0.008042312487139004,0.2916854117789705,-0.45811172281650275,-3.0360760528596313,1.5638780810977921
-0.015103409412337697,0.010268248710304236,-4.259726828651579E-4,-0.008102794583207494,0.2941641264640755,-0.331282636726484,-3.1060708464492466,1.458680913115989
-0.015101274515100807,0.010250927506922452,-3.9899458081477205E-4,-0.00811002777442801,0.2943520839691234,-0.3105861090046295,-3.1155885255892763,1.4405523853253828
-0.01510888722283689,0.010237026398382672,-3.7577129515218346E-4,-0.008097579380521282,0.2925111175173685,-0.29232416637323116,-3.1121857925918994,1.416135867322634
-0.0150559959623226,0.010912866467823105,-0.0014321339658430428,-0.007932699838534063,0.30449241168244495,-1.073597406025341,-2.760421043904569,2.1839333850699276
-0.015079104635429157,0.010941331051830106,-0.0014590011230695733,-0.007873315231842488,0.29872865505508456,-1.0889652134536414,-2.717634878833256,2.175823330366398
-0.015071168938309286,0.010890429412247944,-0.001390274801027617,-0.007918656603533476,0.3014991769736073,-1.0427593135993274,-2.7644823999946766,2.143286239149908
-0.015077691243226759,0.010863978704811398,-0.0013478640034442922,-0.00792228645335605,0.3005051111617046,-1.0125502092673442,-2.7788688768276346,2.111049188351227
-0.015087297983534202,0.010834052351080821,-0.0012986243553527474,-0.007921712697027282,0.29879945074551184,-0.9770851557123896,-2.7925223321752886,2.071316107429835
-0.015100343112130649,0.010808087908106593,-0.001253449661974414,-0.007912059905087284,0.29630316693377234,-0.9438677418588376,-2.799425367897371,2.030358801039092
-0.015104133209308153,0.010767688042578872,-0.0011920477095332753,-0.007926283428857346,0.29593364645958925,-0.900081852715928,-2.82453462242906,1.9880981009617194
-0.015110088218869899,0.010787030436786114,-0.0012174282785107934,-0.007905388830318669,0.2942405507299649,-0.9173851180767618,-2.8053539188435987,1.9982407936874114
-0.015112262240342117,0.010745194853192053,-0.0011547588828988847,-0.007922653002668199,0.2942680976614725,-0.8726641100467823,-2.832363748823466,1.9563969169808344
-0.014955202815828272,0.008900060968426117,0.0017720042811737219,-0.007983631251887125,0.28148949737566037,1.4374677090793495,-3.193265565492416,-0.2661431624586061
-0.014956180601317974,0.008916886534031658,0.0017469881143491403,-0.007994730723801644,0.28174832012933,1.4175071716237773,-3.20178346470431,-0.2441366033777211
-0.014956584125075292,0.008930904832546525,0.0017263769839994236,-0.008004605766021525,0.28206101812392337,1.4010880460220287,-3.209256894858045,-0.22567187649517892
-0.014969733110603595,0.008961800113071778,0.0016716943466334822,-0.008003043911297235,0.2806000031766945,1.3555507796832043,-3.2093593312574193,-0.18685527653966652
-0.014966272235440996,0.008943872878107157,0.0017003092360925024,-0.007996288398783651,0.2807110627765004,1.3788341992477573,-3.20401532986319,-0.20999973034401595
-0.01494369036575858,0.00886717648526226,0.0018282111707670732,-0.007979088487507507,0.2826639041347876,1.4838593641482338,-3.1882756344101995,-0.30798159088315
-0.014953480437296763,0.008880752539284515,0.0018010487740769891,-0.007971779206337319,0.2812572861977162,1.4607061956446936,-3.1840089502105613,-0.29124430693992487
-0.0149435621965824,0.008850656328626218,0.0018518826894904884,-0.007966088728175452,0.28223362145381975,1.5025329531468719,-3.178229026747879,-0.3295641901330539
-0.014949482206176944,0.008831507224735857,0.001874216773428993,-0.007939738862172958,0.2807202005777951,1.51897574748072,-3.1587134114576116,-0.3548554693467583
-0.014949374435622206,0.008813931426528324,0.001899027465647631,-0.007925533289472401,0.28033844848039097,1.538416652730563,-3.147613764170163,-0.3774758952539734
-0.014901549015746494,0.008757612852934332,0.0020186819610216876,-0.007964641523043705,0.2873610714781753,1.6413824213726202,-3.16995990965813,-0.4481451907086899
-0.014906238949775533,0.00877201191591005,0.0019943738796249807,-0.007968645251632546,0.28683469190938476,1.621461439529677,-3.1740186204356546,-0.4296201077140002
-0.014911607750526934,0.008746219238762135,0.002025758443011433,-0.00793637539786042,0.28534076532712965,1.6447961721030135,-3.1493046169171066,-0.46305910845250275
-0.014911190962102456,0.008732354272028913,0.0020453575678910005,-0.007924890855443482,0.28510282743395465,1.6600956282694421,-3.140011173709651,-0.4808159935588134
-0.014909932869288052,0.008716800364520456,0.002067944226711815,-0.007913298731670597,0.2850011704789451,1.6778434404340172,-3.130416024370174,-0.5006360192625499
-0.014907210794986789,0.00870072927656503,0.0020924615717069737,-0.007903713216160688,0.28514873706411836,1.6973660272866804,-3.1220849075913577,-0.5210545528026068
-0.014881105779111906,0.008608670036306186,0.002241387796549881,-0.007863951829041814,0.28797362080722855,1.8174951851636039,-3.0834285234190335,-0.6376851270281129
-0.014903404422203332,0.00868451790470258,0.0021180796281336095,-0.007895761321513116,0.28548994541485556,1.717944124099924,-3.1147961076361894,-0.5416222557165699
-0.014883865707321066,0.008624775062865212,0.002217182515136206,-0.007874560021093461,0.28771685235587174,1.7984254885907933,-3.0928853432670707,-0.6174767090357166
-0.014884011594009589,0.008640001614176208,0.002196553779874194,-0.007888804592626161,0.288043765108893,1.7826607844322304,-3.104659827438088,-0.5984470744723618
-0.014892007249710001,0.008652285997175732,0.002172410904843162,-0.007886190123743973,0.2868266494780924,1.7622706297218471,-3.1043943122019275,-0.5826013099239179
-0.014898456893309287,0.008668217376934592,0.0021448115716509813,-0.007889569730126224,0.28603702218387816,1.739611984964242,-3.108639783500952,-0.5623127067262343
-0.014896506396407508,0.008596261062314594,0.00224298895598004,-0.007824952849196333,0.2851588581521765,1.8147514212429299,-3.0549251627690244,-0.6515985721507914
-0.014890441443116166,0.00857816466023937,0.0022727004612233524,-0.007817968468596705,0.2859245869508109,1.838702968193673,-3.0475628418588427,-0.6742512012188487
-0.014880779601629333,0.008558346601220583,0.002308168619560099,-0.007815271270044414,0.2872782727833197,1.867870161523932,-3.042780058109437,-0.6993721477692239
-0.014920590983785204,0.008776022698011622,0.0019763693889281605,-0.007945961041987337,0.28448092235143335,1.6044776896678656,-3.1586365279880195,-0.42492942416427076
-0.01492993896845716,0.008789423553501662,0.001949626599442107,-0.007940386714856203,0.28312202483527443,1.5817272228434511,-3.155913757846826,-0.4080221284143471
-0.014948227620530052,0.008796981849422163,0.0019236864753519776,-0.007913555163214632,0.2801649684696566,1.5579018175854875,-3.1380060815355613,-0.39914575909303224
-0.014815563865476259,0.008451615233035873,0.0025134976567321135,-0.007817474244411851,0.2971052630108015,2.0393294589975457,-3.0262071430038486,-0.8380291590109712
-0.014810027779322497,0.008436538355265156,0.002538676339321635,-0.007810639379204899,0.2979082445369601,2.059522854384964,-3.018682119988004,-0.857092428517506
-0.014833259137785524,0.008454535345715289,0.002490826287067274,-0.0077903330003288125,0.29406933111919115,2.017030634728606,-3.0082598317025138,-0.8311362928728802
-0.014878137854508932,0.008536821214504595,0.002338818988709228,-0.007798381830254982,0.28739684590032527,1.891449965531211,-3.0279012070875138,-0.7256537853771602
-0.014874526269050033,0.008518989068288128,0.002365497416084456,-0.00778662805413946,0.28777331903006825,1.9122753534439416,-3.0170111533920987,-0.7475076668554635
-0.014856627170806767,0.008472963755474513,0.0024427749348373746,-0.007769917353742224,0.29024854583886045,1.9745055797358344,-2.997742053293212,-0.8050145930165572
-0.014862555330012031,0.00848686113512476,0.0024189284151072787,-0.007774247598652167,0.2894029780156218,1.9552074150806884,-3.003145469542654,-0.7875689203496465
-0.014869050484243388,0.008502304741352829,0.002392504767726535,-0.007779031025867284,0.28849034071302987,1.9338255314652557,-3.009056621821394,-0.7682034480374317
-0.014851257316843476,0.00845795298541466,0.0024674222989505517,-0.0077633048628451135,0.290993002283717,1.9942088059044447,-2.990517561962593,-0.8236822829423788
-0.014739848318976609,0.00822663033694617,0.0028753859555027163,-0.007685625090869918,0.3089218575155011,2.3232400161162166,-2.88627129902922,-1.1161915353678875
-0.014734168151372351,0.00821118684856604,0.0029002519072490493,-0.00767595362461057,0.3099151142545693,2.3424633453197443,-2.875671145169185,-1.1349620988237685
-0.014719879276910892,0.008181412490553736,0.0029521362755595935,-0.007662118209514251,0.31242652942201626,2.383512844334452,-2.858189701763397,-1.1722133384731819
-0.014727684331635264,0.008195703161128604,0.002926082748056287,-0.0076673377080561525,0.31102572179316756,2.362631773657448,-2.8656831268682215,-1.154002990746578
-0.014693624228106224,0.008064095819074222,0.003115476578117824,-0.007553931343820776,0.31726520544033326,2.5007518982106265,-2.751631873526908,-1.3038601222661679
-0.014699594925789717,0.008080169497806695,0.0030904414898683223,-0.007565578633027428,0.31612720158960844,2.4820958854301325,-2.764393894696586,-1.2852177022159754
-0.014705083137871632,0.008096035917039095,0.0030661574767436024,-0.007577515446388764,0.3151139399587679,2.4640750402482254,-2.7771966505578694,-1.2668995415494388
-0.014709055803611176,0.00811167083643082,0.003043960571271657,-0.007591335098690993,0.314321737546658,2.448080913340714,-2.791059904177984,-1.2493639689920177
-0.014711029658406791,0.008126950728213629,0.003024581102950258,-0.007607681642888551,0.3140573481558401,2.4347968320726707,-2.806382574649871,-1.2328923900729587
-0.014719788531861473,0.008139988371272286,0.002999013019689112,-0.007610421041129706,0.3123794248899649,2.413989384933093,-2.812162520678782,-1.2158349127139365
-0.014725074290016876,0.00815477329919719,0.0029758366154113303,-0.00762064387794983,0.3114746538668997,2.3964364907020386,-2.82323508091336,-1.1983554392299895
-0.014728122165725378,0.00816857101114514,0.002956483914964337,-0.0076330251775882495,0.31093133338840134,2.382386041439432,-2.835369465695308,-1.1826987193605745
-0.014799623699437776,0.00840661297374253,0.0025878709675900076,-0.007795545234206127,0.29941593409177547,2.0987111088653267,-3.002486118427583,-0.8947131260310366
-0.014805152659955863,0.008421406852230943,0.002563153404502448,-0.007802438134119474,0.29856369162708857,2.0789528472964456,-3.0101359296703762,-0.8760624017466986
-0.014808651999109707,0.008394654754520744,0.0025928354224167122,-0.007767046791743408,0.2977528467579502,2.099159650721863,-2.9806903132116003,-0.90665887439286
-0.014807037471289032,0.008380824648809562,0.0026117847089446385,-0.007754417025726879,0.297904107961199,2.1132906245252783,-2.969264245573532,-0.9230677226927725
-0.01480354772676295,0.008364858305460791,0.002635365176869234,-0.007742420463753571,0.29838055173248396,2.131327718302511,-2.957759056287431,-0.9422957914360707
-0.014798363014229316,0.008348905734234968,0.0026607431803059335,-0.007733092980695391,0.2991773959429946,2.1511967560468737,-2.9479845339339277,-0.9618612559891169
-0.014791479666539459,0.008334312744859946,0.0026863364002223003,-0.007727943969358616,0.3002419033117734,2.1718047973528694,-2.941249537158065,-0.9802938505454307
-0.014783216571166515,0.008320752708160798,0.0027122492741130616,-0.007726081586623241,0.3016725592424518,2.1931405915884503,-2.9368687806458187,-0.9979435957555574
-0.01478187074119731,0.008305390753653948,0.0027323087795424676,-0.00771055137161094,0.30173577118536765,2.2076549442975058,-2.922859578971669,-1.0156160019778806
-0.014758604858986423,0.008229022218938165,0.0028499302646266965,-0.007658246358764974,0.30555524985884136,2.297718631047875,-2.868818440139616,-1.1070488930610323
-0.0147760045237826,0.008289179458804932,0.002758532307349889,-0.007701318020201992,0.3026923130240506,2.2281491722947515,-2.9127887348830974,-1.0354596255185218
-0.014767831184320485,0.008275820347265896,0.0027840235942001622,-0.007699010327146734,0.30413254261737327,2.2490491936654267,-2.9079354048077657,-1.0528257852399072
-0.01476313836301005,0.008244865294777763,0.002826049346216858,-0.007669912272494577,0.30481231172897943,2.2796572192487656,-2.880712385132742,-1.0883385103331766
-0.014766004931308903,0.008260359789521351,0.002804458228735781,-0.0076837018760816935,0.30430462262095487,2.263790939358811,-2.8938499780752918,-1.070464291201626
-0.01464207199720529,0.007991524756680801,0.0032604027653464827,-0.007535794626622463,0.3271920743066248,2.6178951024516377,-2.714495293323908,-1.3992455942388844
-0.01465291438754189,0.008020213343667846,0.0032158273694223925,-0.007558084024466917,0.32503362575324846,2.5850552307026784,-2.7390386350263705,-1.3661477769924268
-0.014660091926632285,0.008033707496804834,0.003191979233357091,-0.007565190253022294,0.3235992108633415,2.5665442869076256,-2.7483308249628546,-1.349494502800191
-0.014660883188300925,0.008007541231964427,0.0032184365274169338,-0.007529076813457496,0.3235578868039525,2.581639189991482,-2.716169413008638,-1.3745003215415592
-0.0146581206143265,0.00799386912224571,0.003236328065364416,-0.007514898015297031,0.32411802779902854,2.5937384337708314,-2.7022871506051267,-1.3889190592440839
-0.0146755013036137,0.008034634133339517,0.0031705744678803887,-0.007542978515345059,0.3207312652194403,2.5444994543016617,-2.7345872272185776,-1.3412152039731893
-0.014687430139781304,0.00804614143824836,0.0031427048831871615,-0.00753997258705342,0.31843046576023865,2.520763256141556,-2.736681759954258,-1.324353153026238
-0.01463674160070115,0.007976396434951077,0.0032832473544135293,-0.007523220911674409,0.3283029218097764,2.6344235888580143,-2.700938969407344,-1.4163452980598346
-0.014578829806617932,0.007845937500923677,0.0034929894678155317,-0.007425143288930259,0.34047065411396066,2.7879587089229214,-2.5872667538320786,-1.56609578874518
-0.01462176725551175,0.007947462525788783,0.0033332477546539827,-0.007505784369815049,0.3313419440270265,2.6724832205744438,-2.678928599347964,-1.4512543725971305
-0.01463025732126374,0.007961133726599212,0.0033077088989356303,-0.007512016010635684,0.329607238511924,2.6525204606374726,-2.688119130878187,-1.4340554968650288
-0.014629691991876529,0.00793374003206868,0.0033360986434554972,-0.00747520078371276,0.32987986451986917,2.668560189940202,-2.654637575944939,-1.4596369997503442
-0.014625967694141817,0.007919881420759615,0.003355014543349056,-0.007461506927045065,0.33067836084516267,2.681392628275173,-2.640700323818887,-1.4742127265808092
-0.014620185524078866,0.007905216424696597,0.003377480481267506,-0.007449560396549382,0.33183397455519076,2.697483889680823,-2.627444935376715,-1.4905268103693645
-0.014611114449800048,0.007892731880418658,0.0034023383346670996,-0.007445243624625145,0.33377286025037517,2.7171620635409197,-2.619621781494356,-1.5066757241613917
-0.01460830572920375,0.007877527953221154,0.003420996756895622,-0.007427954352249833,0.33432137379457166,2.728877218178695,-2.602770817276785,-1.5216100346047652
-0.014603781151983587,0.007862457004858372,0.0034418140748943746,-0.0074131878434718365,0.3353762440566586,2.742846031180315,-2.5874473910484777,-1.5372464617743118
-0.014597723038461874,0.007847075331204637,0.0034649774595734016,-0.0074000121151750154,0.3366616529255246,2.7590584370459488,-2.57286739179315,-1.5539139560385882
-0.014501344186877955,0.007688332963027996,0.003748358141255527,-0.00729905179968605,0.35779926683823177,2.969041299697284,-2.4371343642590344,-1.741443406968309
-0.014562265645530429,0.00781752457559852,0.0035435106743055118,-0.00740755435832106,0.344022433643222,2.8258575456005555,-2.563932585695493,-1.600109047714133
-0.014571337997630886,0.007830949749729829,0.0035178685746410578,-0.007414204000411012,0.3420689297012351,2.806120255820504,-2.574016307808181,-1.5833234374399323
-0.014569630233253094,0.00780378162000428,0.0035455324522078507,-0.007377362055256684,0.34264251101876647,2.8205439094920437,-2.5398351014255636,-1.606997734488835
-0.014565418494285944,0.007790055313210122,0.0035641734382395166,-0.007363300626936418,0.3436048134835717,2.8326614723726333,-2.525198260581084,-1.6208012801918679
-0.014559141334966967,0.007775613858333644,0.0035863670607764755,-0.007350921506146724,0.3449434005463137,2.8480562291646194,-2.511138324088727,-1.6363487879776553
-0.014549466587810816,0.007763280452813087,0.0036115751021298112,-0.007346113933690902,0.34711336742284216,2.867727567886404,-2.502344749336962,-1.6522952246087321
-0.014546516894484994,0.007748130797291044,0.0036293386067968864,-0.007327854162055802,0.3477449048670406,2.87795628197013,-2.484431935172331,-1.66607632443148
-0.01454143224447762,0.007732891120271435,0.0036501933258849977,-0.007312238335738041,0.34898456990808885,2.8912933553826394,-2.4679323262357022,-1.6811294974508784
-0.014534846325856996,0.007717601493666389,0.0036731897527203148,-0.007298414841610417,0.3504640242943515,2.906785572229229,-2.452343395065857,-1.6970626975816787
-0.014527634169124136,0.007702672067000256,0.0036967024359429728,-0.007285791542356854,0.35209971156675496,2.922954816316888,-2.437530364165744,-1.7130183162373316
-0.014520120978864749,0.007688029633335545,0.0037203284024825913,-0.007273820846814848,0.3538038211066891,2.939339731762601,-2.423146259542342,-1.7288558513259786
-0.0144933529462339,0.007673752184494038,0.0037727082368396695,-0.00728745471355187,0.3596163964996795,2.9861490883323447,-2.422794091228578,-1.757603035781486
-0.014484317490475287,0.00766028476093283,0.0037976541037995407,-0.0072787351728558465,0.3616940579815669,3.004458470651176,-2.4105464295862764,-1.7735830061916715
-0.014486884611471084,0.007633200938273795,0.0038157882360341966,-0.007233995655472169,0.36138776310366866,3.007410405618494,-2.3711738059963854,-1.7907973064785623
-0.014490824579890772,0.0076469858423108585,0.0037986125192612475,-0.0072499762999375505,0.3604298567500478,2.997586215879322,-2.387549093578414,-1.7784547697343487
-0.014454664996496844,0.007604008011575426,0.003888703785647813,-0.007230037857337379,0.3687271513214147,3.066433049320656,-2.351848115071298,-1.8337618045086541
-0.014463178527385443,0.007617667361150582,0.0038646942594385563,-0.0072404177738418065,0.3666896434574332,3.049508960925403,-2.365444545911698,-1.8183868624193826
-0.014481290558473638,0.007617492158993026,0.0038369140992859595,-0.007217076067248495,0.36275096321455846,3.020143001092667,-2.3531624009031713,-1.805455349159952
-0.014446776733482075,0.007590037602516847,0.003911907091734308,-0.0072182093039652616,0.370532478013848,3.0822814229691393,-2.337204937252895,-1.8488201367145969
-0.014438479476892677,0.007577041270631124,0.003934925604068359,-0.0072082510585311675,0.37254687999090513,3.0984305393042573,-2.3240632321564196,-1.8634151810652815
-0.01444544992781755,0.007563179836467418,0.003934554099419244,-0.007177862946882574,0.3710952030273712,3.0894130829638122,-2.300006495957318,-1.867098309630783
-0.01444121909255863,0.007549321626837148,0.003951592211580424,-0.0071613646639324185,0.37211543088427895,3.0986390671584085,-2.282985361986541,-1.8789211680424656
-0.014415734618102345,0.007509489822567955,0.004020989270541995,-0.007129405269912212,0.37829100674953386,3.146121816606674,-2.2412605747201293,-1.9222283860040315
-0.014426215217911282,0.007521406653980602,0.003995774071334148,-0.007135676949028454,0.37571553739758756,3.127320749120465,-2.252258637268279,-1.907179322952879
-0.014434492631232768,0.007534468143252313,0.003973170570352318,-0.007146245021479027,0.37380991626556354,3.111910396875644,-2.265969741309892,-1.8930624239310065
-0.014411886052424905,0.007494685614751247,0.004037654928101358,-0.007110461760557663,0.3791768493504109,3.1540577516719472,-2.222232513551845,-1.9337502891024754
-0.014405765740400195,0.007479298694911721,0.004058210440345257,-0.0070931784713998995,0.38075767028163293,3.165576575075496,-2.203545842670158,-1.9471694660779308
-0.014353864282354405,0.007425490408229409,0.004178456058118159,-0.007066410826292071,0.393274395235968,3.255703625766145,-2.152353967393003,-2.017272666520317
-0.014346669853026269,0.007411389015614123,0.004199412361665868,-0.007051489302684499,0.3950979714901926,3.2680448496829455,-2.135115047699575,-2.0302605415867316
-0.014338864934392332,0.007397309405335026,0.004221245176558183,-0.007037143585577628,0.3970717265929975,3.2812235487833363,-2.118070345437324,-2.0435854306390095
-0.014397992138508064,0.007463808476141123,0.004081338749191883,-0.007077520020100313,0.3826515554361904,3.179630240792051,-2.185456633260529,-1.9617688263057091
-0.014375094699388588,0.007438307671209242,0.004135442590229368,-0.007062959997271146,0.3881869381709286,3.2193187145684092,-2.1604397416010825,-1.9935234052599138
-0.014388085258047195,0.007447473366401461,0.004108336871511099,-0.007062791173226604,0.38507496629696414,3.197066041810039,-2.1670878792588053,-1.9783427375815974
-0.014370245931657307,0.007425463543476474,0.004151794802102467,-0.007047692457517857,0.389412525681216,3.227795010944748,-2.144194305395636,-2.0040337648770694
-0.014157400918270113,0.0071169220775925265,0.004676881816745085,-0.0067440036775274275,0.44379353730367016,3.543749479200376,-1.756539133746785,-2.2995063860114446
-0.014147587239102902,0.007104423630896453,0.004699127519342313,-0.0067309037149171705,0.4463805922570124,3.5563472093703923,-1.7393529329932023,-2.3109440669490904
-0.01413743505877109,0.007092212702509217,0.00472176527453176,-0.0067184400526356545,0.4490359570030266,3.5694726504856917,-1.722500522272716,-2.3225046423153306
-0.014128178888733694,0.0070792570736740446,0.004743031091291031,-0.0067037270398134325,0.45145008035787587,3.5804893030110354,-1.704220203704817,-2.3332485924021107
-0.014119529688269974,0.007065955544568916,0.004763251131958313,-0.006687736005934311,0.45373205538256406,3.59004072111617,-1.685224788896182,-2.3433273141254
-0.014109997128863178,0.007053466845280622,0.00478461906687366,-0.00667378055371673,0.45624254962690164,3.6013140401769115,-1.6674538031764679,-2.353930749414696
-0.014330620390031868,0.007383287528586265,0.004243659165052759,-0.007023225561936052,0.39915971183649396,3.294955299288452,-2.101170222270088,-2.0571005487729472
-0.014311847061801905,0.007356943897922792,0.004290945782833055,-0.007000212106132775,0.4038766540881476,3.3258731437726605,-2.070435031170529,-2.084842568374286
-0.014321803292842009,0.00736932924018877,0.004266878141167142,-0.007009879306892483,0.40135516340449756,3.3094734156050793,-2.0844679703346607,-2.0709191928659627
-0.01431782329014225,0.00734300302370298,0.004289378042002662,-0.006970590466960738,0.4024771150021184,3.3144427439014086,-2.0472241046911015,-2.08598661613036
-0.014176152804507675,0.007142971581684091,0.004633194847017126,-0.006772341915463703,0.43888179623270934,3.519891632504739,-1.7922364959715795,-2.2767696575181966
-0.014185098008114022,0.007156311702245528,0.004611808846612786,-0.00678721696692701,0.4365433919533936,3.50851425825136,-1.8104493432379838,-2.265487647781013
-0.014193768087938756,0.007169777907892982,0.004590733696600368,-0.006802413786789005,0.4342821799141338,3.497444674657466,-1.828788799840747,-2.25426299009619
-0.014175781848025057,0.007113864352871687,0.004646218505238866,-0.006722236941658892,0.4387968615433689,3.51007905628655,-1.7486647645049087,-2.283512671136125
-0.01418544061721867,0.0071269787374309,0.0046240090531105135,-0.006736194434524196,0.4362872878235658,3.497869664043186,-1.7664061524730081,-2.272033581221199
-0.01420215745392979,0.0071833403364779886,0.0045699860289801905,-0.0068178928395157675,0.43208513397423315,3.4866790990620173,-1.8472177368964073,-2.2431039292988637
-0.014210305382620468,0.007196982175122754,0.004549500919184455,-0.0068335950677895245,0.4299508076538064,3.476134995615982,-1.865712477470838,-2.231971886368552
-0.014218154917685842,0.007210399187478594,0.0045295223024955185,-0.006849058833266701,0.42790180864371896,3.4658316852948663,-1.8838356761702324,-2.221006650199184
-0.014261128143970507,0.007277054739994234,0.0044218714415260275,-0.006919765120778409,0.41677967195662263,3.404523437405824,-1.9707307378979577,-2.1608332671702706
-0.014253149050202536,0.0072632557852748735,0.004442806285167213,-0.00690451264654559,0.41886589712103733,3.41601796762248,-1.9527214960751278,-2.1727828155250695
-0.014244283042755677,0.007249930776415545,0.0044648900703305565,-0.0068908123801007795,0.421138782186571,3.428953637709433,-1.9355895905397558,-2.18518685275455
-0.01422707887556692,0.007222983051406707,0.0045080071699204185,-0.006861904053598842,0.4256166893822763,3.4531978198595508,-1.900272013367805,-2.2091960576435237
-0.014235894714828508,0.007236188179552625,0.00448627252379278,-0.006875764163021116,0.42329059189098356,3.4407501133595555,-1.917510236406344,-2.197176129731228
-0.014312792194840919,0.007330266304841037,0.004305236027265084,-0.006954865084886783,0.40376110175268115,3.3219249379990816,-2.0304912335281853,-2.095649023918917
-0.014306019391834207,0.007315725894514572,0.004324921535973345,-0.006937900570878613,0.4054635201869372,3.3320170429221494,-2.0117230803786144,-2.1073713546605934
-0.01429740901267025,0.007301415937971889,0.004347409102585257,-0.006923113606694446,0.40765123314052026,3.345081891186586,-1.9938829795251518,-2.1203907574546297
-0.014287373758895905,0.007288669648455471,0.004371304102652519,-0.0069122534393238734,0.41014365060908736,3.3606277721870312,-1.9787236100149113,-2.1338782448403584
-0.014276025524251208,0.0072771244479540274,0.004396689080670011,-0.006904579451088011,0.4131110823824972,3.3784875919540474,-1.9656113258196624,-2.1479384588428303
-0.014100812776939389,0.007040802210733764,0.004805335000111133,-0.006659072163075346,0.4586608612838487,3.611679107539939,-1.6492337349464508,-2.36409755009644
-0.014092852610952694,0.00702738912008223,0.004824033162082508,-0.0066418927264336935,0.46074505587138487,3.6192600220250326,-1.6296766245124845,-2.3730616917935756
-0.01408391394883074,0.007014118115453043,0.004844292766086029,-0.006625633942343599,0.46309668344003513,3.628415129020357,-1.610329886762045,-2.382731284529098
-0.014074233675094347,0.007001094374199636,0.00486567072625706,-0.006610261909019019,0.4656579600442135,3.638783292175169,-1.5912912210150225,-2.392889703315994
-0.014064106792629436,0.006988516552404574,0.004887595040097955,-0.006595877139430298,0.46834718986119667,3.64995975737714,-1.5728158394717384,-2.403259913704417
-0.014053779121266307,0.006976326555199228,0.004909661802241253,-0.006582174805384867,0.47107091197519596,3.661500336890558,-1.5547797934144618,-2.413643271582984
-0.014044280908546154,0.0069636576448853125,0.004930289348909266,-0.006566822767960812,0.47356192369379896,3.671070552051249,-1.535860239198974,-2.4231342996251857
-0.014027237909678842,0.006937336505155051,0.004967972123790693,-0.00653248152478217,0.4780162754188187,3.6854097624314526,-1.4962822682159367,-2.4398072464089746
-0.014035990742935033,0.006950396715511796,0.0049488075024331675,-0.006549361119859862,0.4757429049120762,3.677889811646477,-1.515956267086328,-2.4313508137114366
-0.014017730505544284,0.006924216407029266,0.004988381126367723,-0.006515913471838135,0.4805294488807485,3.6939843315562055,-1.4764110110549928,-2.44878436237282
-0.014007512067985095,0.006911119566452888,0.0050099381511665856,-0.006499749408027964,0.4832063030262721,3.7035799785327215,-1.4564379802183298,-2.4582378076904234
-0.013996481554925786,0.006899130726145995,0.005032583954611678,-0.0064859839688984075,0.48618568112804006,3.715104283511645,-1.4379368666568662,-2.468285880902482
-0.013985734135890894,0.006858947899324014,0.005060550122076756,-0.006421161420932675,0.48824706742576746,3.706020047254088,-1.3778509198671847,-2.4765221991196404
-0.013993982902506034,0.006872863022190073,0.005042876225839796,-0.006440535255054697,0.4862153044819379,3.7014289456336713,-1.3989996864705712,-2.4696618111118913
-0.014000552890852141,0.006885166253988174,0.005028425231769621,-0.006458072842907466,0.48461477532477,3.6984110479428964,-1.4176097144887463,-2.464088928792701
-0.013976437048773273,0.006844854620561685,0.005079991209479737,-0.006402047180883239,0.4906114733750618,3.71203097729132,-1.3562710114955756,-2.484127212232743
-0.013965111265132162,0.006829694991504634,0.00510311139995833,-0.006382189647333185,0.4934951728861305,3.720472392842414,-1.332795034255214,-2.493287326743674
-0.013961197879642848,0.006810232708336489,0.005113477037155118,-0.006349773328187497,0.4939418338033848,3.7124712171397847,-1.3043075450987855,-2.494914667808015
-0.013954031576978543,0.006794589074565415,0.005128814221362122,-0.006326220277049884,0.4955405936347841,3.71265812380777,-1.2808319772651122,-2.4996426281881163
-0.013886374746789292,0.006763451059690837,0.005255124259108034,-0.0063100447715153185,0.515166102182412,3.803868136092888,-1.2222358945880503,-2.557159576737611
-0.013898138663238024,0.006774673470485669,0.005232408494619099,-0.006323708027468878,0.511950194368088,3.793032962535968,-1.2410810156287149,-2.548180079649724
-0.013813836677999784,0.006648705739219167,0.005394560107043685,-0.006138704186420845,0.5322768480694756,3.8206103231231325,-1.0394228100846228,-2.5966472569067593
-0.013824936508097697,0.006660671736250936,0.005374099927050998,-0.006155200329679555,0.529421942830722,3.8138443545181495,-1.059723941001006,-2.590067899849963
-0.013835611804031929,0.006673222841965834,0.005354269599265617,-0.006172814017362831,0.5267251494028297,3.8081044169661697,-1.080595179956898,-2.583838877787262
-0.0138455956663993,0.00668648820196581,0.005335527335726902,-0.006191927006886747,0.5242958234955112,3.803943283789057,-1.1021592615311349,-2.578214270180054
-0.013890121997565969,0.006748786108904464,0.005249875850910357,-0.0062812638969982435,0.5133570455260553,3.784622574896452,-1.2021330169416429,-2.551109468032136
-0.013853971123647751,0.006700210705894683,0.00531952905048691,-0.0062125691567348805,0.5223019728831192,3.8026567577155856,-1.1238163893882123,-2.5739408523583296
-0.013860596553552368,0.006714098710582781,0.005306551360040144,-0.006234343063916954,0.521028525424951,3.804222330566298,-1.1452174523338057,-2.571073996824647
-0.013873211055943106,0.006723613910735993,0.00528290204313544,-0.00624490746853935,0.5174158652586027,3.791332562957616,-1.1621569322237209,-2.561639603587469
-0.013882725437734113,0.006736455937639531,0.00526450735556312,-0.006263016545903778,0.5151034176697057,3.7865090674382667,-1.182790765389882,-2.555551549582155
-0.013944968950631893,0.006780641903146614,0.005147114547295933,-0.006306770205355454,0.4977499472960007,3.71712166388204,-1.2594156412622686,-2.5060781585984415
-0.01391676452451823,0.006770529137219838,0.0051991707745083346,-0.006305328184564749,0.5060306106375471,3.757237064189485,-1.23922193342036,-2.530372516244631
-0.013935285033261247,0.006767476860829212,0.0051662736942277125,-0.006288966722156946,0.5001779778988484,3.7229906853099313,-1.238931462298037,-2.5129798133058654
-0.011088142618438756,0.005024321412474685,0.008022227835187789,-0.0017533827744976044,0.638437235686498,1.9692414930472335,2.255409581436585,-1.1268714684239391
-0.01110506027499226,0.005017139135873311,0.008003366448562614,-0.0017736551773632361,0.6371868184489231,1.9793156152539433,2.2382263262255067,-1.1414936247295981
-0.01116437450160739,0.005028162099713963,0.007977395893939301,-0.0018668706218754902,0.6482124348016147,2.0450772693863617,2.208060214047712,-1.200246153367612
-0.01114786722285732,0.005016027248137477,0.007974506035285255,-0.0018350462440448994,0.6411912905413634,2.0187699312284733,2.2089088126059817,-1.1816926019050518
-0.011125887655800084,0.005009830487315429,0.007981741590513111,-0.0017992702993570896,0.636253628839973,1.9927101423193994,2.2182539285581644,-1.1595536833859994
-0.011108099051346772,0.004998612518202489,0.007980332072862412,-0.001766358214805517,0.6294260682066157,1.9662418228640006,2.2203020439728247,-1.1401783164622814
-0.011314077567408288,0.005083155688407059,0.007933347428710581,-0.0021191858333144266,0.6841430779158824,2.2340870422374,2.14490313051084,-1.3546734827052667
-0.01133038387598924,0.005074682928392075,0.007911335158436478,-0.00213553479486506,0.6809704268058248,2.239521790677109,2.1249705530385476,-1.3664405514685463
-0.011298501308900212,0.005069618524480616,0.00792970231345557,-0.0020871267049659323,0.6770340367200719,2.2065663770570745,2.1455937741845297,-1.3360760725893692
-0.01128261013977819,0.005057346157174381,0.00792758574953019,-0.0020557032590608764,0.6705163316508566,2.180233403252181,2.147441614884663,-1.3177002586837865
-0.011232295246211041,0.0050439930429897655,0.007948747345464224,-0.001974968228492963,0.661006479242615,2.122289708141941,2.1735529542392693,-1.2677318672842848
-0.01124775547180764,0.005044809104238594,0.007938683675669043,-0.0019974666965252904,0.6625417288850913,2.136969096807935,2.1629327759091432,-1.2821274886889655
-0.011265323344722522,0.005049224485677262,0.007931028304740038,-0.002025446443270664,0.6657459358446416,2.1569118660091746,2.1536294960283047,-1.2994631867037028
-0.011215990373666588,0.005031513463270472,0.007946031763094337,-0.0019430459898029057,0.6541745991155276,2.0956700721880597,2.1747595264322093,-1.2491275179124501
-0.011187662971389484,0.005023848631749632,0.007956815657154179,-0.0018973995441477801,0.6483401671485621,2.0626812458257793,2.1882861778546387,-1.2208235534386331
-0.011347592646638593,0.00506408113531427,0.007886175594784056,-0.0021512213832599603,0.6770482008922755,2.243175980212706,2.102660404108206,-1.3778796608663908
-0.01136017641706846,0.0050743817595129,0.00788797530431608,-0.002176553150396897,0.6822363573354845,2.2645701387266257,2.1010170503589762,-1.3926734237388034
-0.011375987909825526,0.005077073849067808,0.007878582971870997,-0.0022003928471592024,0.6839658395924085,2.280639272827449,2.0904571328543393,-1.4074694997945854
-0.011590446874369229,0.005159513889958867,0.007787301199313702,-0.002557303407975145,0.722829200360763,2.5421754204472387,1.966642522310736,-1.6222076135369663
-0.01160466202106962,0.00514969649799249,0.007763380407464661,-0.0025666084527221603,0.7178420883854476,2.539990485726563,1.9458648851049918,-1.6284299617287012
-0.011395726297149364,0.005082013517266992,0.00786842337702088,-0.002231303988767175,0.6868915047453878,2.3022799916835104,2.078332613678363,-1.4264702866047025
-0.011436166570448283,0.0050990739537060525,0.007854627910048468,-0.0023000844107941283,0.6956813455294542,2.353845523803908,2.0582247995550853,-1.4679202418159398
-0.01142032479467976,0.00508641662111337,0.007853477774217516,-0.002268278788871208,0.6895243869329819,2.327141160779655,2.061462257439677,-1.4493333555714154
-0.01157451989934733,0.005148788216812482,0.007789983514584421,-0.002526808276845122,0.7182077733043922,2.517486933381654,1.973523547355556,-1.604248265902917
-0.01145461301111504,0.005101066712031611,0.007841529579983573,-0.002326596186308,0.6968530211925025,2.370745073568074,2.0440563209803746,-1.4843421135875483
-0.011476745834046773,0.00510544388209738,0.007827769702842699,-0.0023599013907059543,0.6990654978284674,2.3930293081723337,2.028365453710645,-1.5047222471565591
-0.01149986516904962,0.005112176240155187,0.007815485099228673,-0.0023963789530350717,0.7022629656064266,2.4185188513555578,2.0133415644099117,-1.526770339440505
-0.011558168101832971,0.005136506140202908,0.00779116220627036,-0.0024944197208128164,0.7128427197730738,2.490716895937405,1.979397709845447,-1.585264068779175
-0.011543594623346937,0.005132050158512032,0.0077992452672518055,-0.0024713870764367808,0.7110557584917423,2.4746974507099813,1.989356387942334,-1.5714581958315945
-0.011531469957028369,0.0051198175555571945,0.00779643519764625,-0.00244468083064167,0.7056000184501902,2.451186911322218,1.991023645577546,-1.555955656554685
-0.011517866542926079,0.005110178371710225,0.007797689822415424,-0.0024183958103497854,0.7012888582416739,2.42982299872577,1.9958510462424957,-1.540564499697066
-0.012494757791462871,0.005577130884727705,0.007140171858376937,-0.004026443660198383,0.7600423676184728,3.4822886285337007,1.1000309203297052,-2.3953728034955297
-0.012461710186332164,0.0055650771312203045,0.007176598060727001,-0.003982646551637944,0.7644235717377296,3.4662465888763556,1.1417070481325458,-2.3789094682671124
-0.012409563501415507,0.005533584136447022,0.007221178019314653,-0.003894748749652919,0.7658789527792457,3.4159350199412883,1.2049938938125155,-2.339660461170045
-0.012422845491231122,0.005543852800676745,0.007212097992356809,-0.003920382967578336,0.7664357867410111,3.4330444644633533,1.1894031173487125,-2.3518922452688833
-0.012433460238214653,0.005552770482720976,0.00720538815387869,-0.003941853837416376,0.7671514321856556,3.4479120195764685,1.1768685863018842,-2.362253461636775
-0.012449019551633068,0.005554240288740533,0.0071847409358175,-0.003956851991306204,0.763596923853542,3.4485134684559244,1.1569519386027418,-2.3666193016191266
-0.012478775506970892,0.005566852288666942,0.007153856305874667,-0.003998985061532964,0.7604559452354113,3.466632059667039,1.1198542639336002,-2.383414354591769
-0.012510815617343565,0.005567514839813048,0.0071085703003503095,-0.004025208695814446,0.7521931560138374,3.461829025936726,1.0789293364073884,-2.3887370394341203
-0.01252435888035018,0.005575034733007144,0.007095698981679033,-0.004046464211226924,0.7512726576162199,3.472398826948923,1.0620557963873452,-2.397374574209469
-0.01253813395927472,0.005582377251759742,0.007082205625459681,-0.004067553445449643,0.750188612064354,3.4823911792979803,1.0447732866605952,-2.405727258022198
-0.01255205254461749,0.005589428831275157,0.0070681192420900965,-0.004088235183768681,0.7488947633419122,3.4916075292163,1.0272003742745826,-2.413667728157846
-0.012566109898522186,0.005596414503573553,0.007053643059466415,-0.004108821905566543,0.7474925707281823,3.5004434937683624,1.0093675328688685,-2.4213952345151415
-0.012580251637651108,0.005603710923024158,0.007039176660153174,-0.004129819594806196,0.7461220953648234,3.509585071892141,0.9913395720164605,-2.4292508370834915
-0.012822856197576879,0.005760147189901738,0.006793461155061193,-0.00452164587557222,0.7238018416130672,3.684754060371391,0.6618661969475416,-2.565601295149921
-0.012836207520207874,0.005768383903557655,0.0067783468685160735,-0.004541743814054439,0.7219477524867189,3.69148477923212,0.6429621203551709,-2.571124411032287
-0.012594498506376207,0.0056113653278571035,0.007024722321871145,-0.004151314512604499,0.7447896235865615,3.519104726206379,0.9730778679663494,-2.4372756241485476
-0.012608867766185044,0.005619469854899973,0.007010323468733255,-0.004173457256180198,0.7435170111334325,3.529156027838528,0.9545426659750386,-2.4455519850462615
-0.012623269539239956,0.005628181171696893,0.006996233707780725,-0.0041964220808513,0.7423793057554575,3.540045231327064,0.9358184508825714,-2.4542192256193407
-0.012637551327403601,0.00563761856471976,0.006982767668400361,-0.004220293328935528,0.7414493474266796,3.5520420360932303,0.917060824377128,-2.463386249714659
-0.012651290412613097,0.0056478066218826175,0.006970569987311018,-0.004244842824795147,0.7408505267464748,3.5653617614485076,0.8987648835509358,-2.4730813324558096
-0.0126637614666673,0.005658308228670431,0.006960382536136016,-0.004268963373659058,0.7406869578067594,3.5795441698010073,0.8818522480818815,-2.482928222608651
-0.012676168038827443,0.0056678710816549975,0.00694938364214387,-0.004291582243217834,0.740166632275521,3.5919041164546535,0.8649806779922112,-2.491775378820279
-0.012810996559797514,0.005750423051214434,0.006804983009937524,-0.004499909308574082,0.7246977548518957,3.674191343688203,0.6793296311403196,-2.5582717689092536
-0.012783653411930938,0.005740146970170447,0.006840259404340752,-0.004468595668766393,0.7302122992390117,3.6712082597361975,0.715981499740336,-2.552307273479347
-0.012801221080928194,0.00573710914383506,0.006810420716570515,-0.004473636154515993,0.7237872336546821,3.655766386863878,0.6951179347114196,-2.547139665058833
-0.012689279114646335,0.005677618478179506,0.006937319972158817,-0.004314883040609012,0.7394176361100503,3.6040721916773975,0.8470685529795673,-2.5006167336010336
-0.012702186598864157,0.005690693191827901,0.0069280813295006785,-0.004343086370850413,0.7398386671553602,3.622147534881146,0.8287319813040427,-2.51244270762026
-0.012731168966440063,0.0057056885350539556,0.006895359935139162,-0.004384134846951659,0.735844277424028,3.635872218922191,0.7895076327702245,-2.524893768948355
-0.0127205979154927,0.0056877417758432955,0.00689750876663292,-0.004350045943226566,0.7333436429812044,3.6083121764509687,0.806133530976056,-2.508665615673935
-0.012757806410524238,0.0057232457123622795,0.006867720033574762,-0.004427283982715081,0.7331346540535439,3.654398456448614,0.7523466594088016,-2.5392151095266087
-0.012774005699384259,0.005725297287713765,0.006844049044322333,-0.004439881146975399,0.7285508019545774,3.64952036201297,0.7317314634585803,-2.5394259305907756
-0.012749009653568167,0.0057047439646958345,0.00686706112243407,-0.0043933956432052,0.7300599000493005,3.625271830857088,0.7674416061205475,-2.5225464036863454
-0.011990737694556943,0.0053356677225177,0.007561185260001444,-0.0032262427806191373,0.768188066795554,3.0152809332207333,1.6556538017904459,-2.006821138104547
-0.011977267670165832,0.005325238260246035,0.00756580871070227,-0.0031991095561734045,0.7653686085617472,2.993719272026813,1.6657783342304795,-1.9915282344821503
-0.011964808242196626,0.005308315018953557,0.007562317994350447,-0.003165725086985501,0.7595366074616204,2.962672390627358,1.6709528919816201,-1.9722069822695973
-0.011920478147651594,0.005283937445191638,0.007586611992355157,-0.003088010029845127,0.7544085516684053,2.90689571146963,1.7075051292747678,-1.928896718913616
-0.011935224135187822,0.005289510794188652,0.0075760159334678405,-0.0031110462898416183,0.7550244098151776,2.9217329917258006,1.6941157101135007,-1.9416011285528956
-0.011950380120546255,0.00529698830723495,0.007566813770441993,-0.003136623208377895,0.7563859261076685,2.939473636755643,1.6811657519633798,-1.955784061752782
-0.011905734013168384,0.005275798439720583,0.007594348723043613,-0.003062074113455371,0.7525586767857585,2.8880892874204953,1.7192470293067466,-1.9143325824395525
-0.011875754799834154,0.005273145696069734,0.007624401174111406,-0.003024372726470954,0.7548907234547785,2.8698915076535,1.7509469509121296,-1.8937581115576716
-0.011892043138816408,0.0052655957231970375,0.007598597194088431,-0.003035074976685212,0.749525186030194,2.86666398679234,1.7284136936918795,-1.8989768928286106
-0.011861978194167927,0.0052630746721304845,0.007628590553689815,-0.002997294227608978,0.7518049558607673,2.848337051598406,1.759948489432735,-1.8782657217837062
-0.011846302716777148,0.005255042863098886,0.007636854754156388,-0.002970184439452253,0.7498052044589641,2.8287395060324663,1.772082663988238,-1.862849154928398
-0.011787287753287308,0.005231977843917191,0.0076741882248785925,-0.002875283493208501,0.744908823610733,2.764179381477719,1.8205082595633577,-1.8087208834362
-0.01180699171276436,0.0052416795076971195,0.007664129747072838,-0.0029091688786605616,0.747596013309406,2.7887486080812205,1.8059336861989677,-1.8281717638296944
-0.011829555780419812,0.005247833872665431,0.007646968089951123,-0.0029426386762132005,0.7482886225659824,2.8096127938822737,1.78567666478435,-1.8471593198304117
-0.011783576443589064,0.005214166226192454,0.0076588410393853504,-0.0028524262507414956,0.7371331067019002,2.73736077720119,1.812820954858346,-1.7952337977045787
-0.01174017491354578,0.005199051854077793,0.007686632359211618,-0.002784325374845976,0.7335449785395591,2.6916808666594747,1.8475367642144676,-1.7560837737595976
-0.011771182656391365,0.005207751334164464,0.007664640750346383,-0.0028308926032910926,0.735217253633533,2.72155260621111,1.8214886031308202,-1.7828625217443246
-0.01175556384128375,0.005201969392605348,0.007674282398048327,-0.0028060655753812743,0.7337408007268532,2.7046934992921994,1.8337549142127358,-1.7685999172196019
-0.011621961086797465,0.005152344495537514,0.00775023020791515,-0.0025912092129112825,0.7184545764703271,2.5552162329949955,1.931371274236122,-1.6431413568019775
-0.01172610589943345,0.0051855636598294496,0.007686104080510284,-0.002753606711731853,0.7283769800419837,2.6651963924785416,1.8526554344870456,-1.7383000787434195
-0.011700906105870094,0.0051790150264231375,0.007703847329074678,-0.00271604407930798,0.7268285740431741,2.641017138827639,1.8734063447842926,-1.7164308523894267
-0.011682138369282603,0.0051763755606669525,0.007719253126725105,-0.0026900829824803817,0.7268594076788115,2.625659674598562,1.8901786852362599,-1.7012000871232786
-0.01164421499884073,0.005161240851287338,0.007739054494149077,-0.002627854654212226,0.7217345363991765,2.581394435075596,1.9164761418936753,-1.6646894316661187
-0.011667467238156906,0.005166720225262467,0.007722881001835223,-0.0026623938102785668,0.7231138516255781,2.603693072552904,1.8978197932355412,-1.6850247769939377
-0.012354763489627415,0.00550513320786877,0.007270157247300968,-0.0038077248470477303,0.7682620994041692,3.3683695727828202,1.2700847040292638,-2.3004784132915614
-0.012340877214329339,0.00549648128363027,0.007280853836939616,-0.0037835188459165044,0.7681473760099163,3.3532833437198093,1.2859310891652331,-2.2889217554541648
-0.012393838708917079,0.005523768550975471,0.007233910476156972,-0.0038676173291299454,0.7659659087132205,3.3996536561196287,1.2235802773831013,-2.327155007996698
-0.012382836082475599,0.005507410921913758,0.007233833139964515,-0.0038355200572261056,0.7623046514235466,3.3714047874170556,1.234729780267316,-2.3098224006490575
-0.012370492033591448,0.005495915277844275,0.0072400019214834055,-0.0038090189114417237,0.7608045116186113,3.351757840170667,1.2481897344086794,-2.296471533039114
-0.012109349077767612,0.005401956808542365,0.007487822956990318,-0.003434436922735026,0.7777902685123507,3.1610106380292335,1.5454192617858038,-2.119973463186177
-0.012124740986199437,0.0054076652932049255,0.0074745720430757475,-0.003457648307495425,0.7773825010210985,3.17439067214348,1.5289415929739247,-2.131848363291152
-0.012139597471328659,0.005395987313765713,0.007444178014578847,-0.003458475161543665,0.7694584367772263,3.1584110506391063,1.505786058052758,-2.129246668006658
-0.012080417387205944,0.005391307167796924,0.00751239481825143,-0.0033906284538283067,0.7783301296973469,3.135399870992927,1.5760764404601721,-2.0972857421800195
-0.012094626834457028,0.00539646611823092,0.007500319387334024,-0.0034121019518747703,0.778039995460778,3.1479390162252963,1.5610625513812522,-2.108425336505164
-0.012077450362695117,0.005376697892272313,0.007500888571562825,-0.0033696611803807792,0.772376543376528,3.110466524423221,1.5729213243868967,-2.0842773691172822
-0.012066118382140533,0.005368587072280229,0.00750622215317518,-0.003347720136202145,0.7707147096476201,3.0938749415357543,1.5827826506992968,-2.0722369597356565
-0.012051957431417841,0.005360164677118781,0.007514522738809888,-0.0033223570112009934,0.7693857004953487,3.0758446588287636,1.595715611161099,-2.0584633302352375
-0.012036172204667087,0.005352886700090878,0.007525791902104731,-0.0032965625639146162,0.7686844441525363,3.0589852478508734,1.610937833945563,-2.0446219601234366
-0.012021375646194881,0.0053488073615400025,0.007539062629242957,-0.0032755475197961464,0.7693307743581623,3.047382164059663,1.62640732327411,-2.0336026351200323
-0.012008031670946707,0.0053367363878083825,0.007542137016455466,-0.0032466741013779904,0.7659446111740441,3.023435805442997,1.6359431612231197,-2.0172705761387824
-0.012326182574266159,0.0054879346125160065,0.007292591089519143,-0.0037586670545261542,0.7682071161703635,3.338194915185337,1.302658682418078,-2.277094999929219
-0.012185119440371603,0.005398907002968151,0.0073900331362385515,-0.003508123594217396,0.7618724218894936,3.1725420706546,1.4513039292813052,-2.1513149162771863
-0.012169766762456478,0.005391601332303122,0.007402083299268772,-0.0034836138615451403,0.7617801789789788,3.157592990180879,1.4672435238477721,-2.1389572112597484
-0.012154790777387065,0.005385016511769987,0.007414222920464936,-0.0034603026671146966,0.7618188483957288,3.1437128414929396,1.4828463501896172,-2.1272065629657226
-0.01230940091034073,0.005479188765518889,0.007306770438598989,-0.0037315640172342446,0.7685476286646649,3.322494266242084,1.3217961188889251,-2.2643108915840995
-0.012297370896382056,0.005462535919917045,0.0073068050168708576,-0.00369825098178085,0.764536310263323,3.2931496908453006,1.3326204739368386,-2.246040698801037
-0.01225459824770946,0.005435014846719113,0.0073364333029982244,-0.0036219523107926996,0.7627033741930852,3.242803293949646,1.378075573186133,-2.2079993788198014
-0.012269304563614518,0.00544218381961614,0.0073241873625500735,-0.0036452243056628616,0.7624519956314902,3.256362901338761,1.3619720875155268,-2.219235090672609
-0.012284051372735262,0.0054512677936752055,0.007313583173739411,-0.0036709738797485515,0.762930484944134,3.272996621036438,1.3462084776651784,-2.231983257782144
-0.012200268732019438,0.005407620262091555,0.007379469033978459,-0.0035341385604461674,0.762542949229459,3.1896001752714476,1.4359517361086498,-2.1646073136276454
-0.012218563834556169,0.00541963784547716,0.0073679536886388924,-0.0035674035615022473,0.7638813411011364,3.2124677031744153,1.4176674499031636,-2.1817311888716877
-0.012239237237986209,0.005427326173613536,0.007348866558485534,-0.003597296740598549,0.7628130793491438,3.2280603045698864,1.3946987777195259,-2.1959237344888067
-0.013790795651853963,0.006626009087566827,0.005436661346870605,-0.006107876520414175,0.5383319692541705,3.8360592886891864,-0.9998876382580882,-2.610388064249014
-0.013778990956192281,0.006615549337823614,0.00545808220381153,-0.006093968520930218,0.5413987093098935,3.844815533432056,-0.9810546746998613,-2.6175301927157784
-0.013766029340290082,0.006606186924656745,0.005481554181661108,-0.006082378590021675,0.5451095985257153,3.8564194846139777,-0.9630738264277932,-2.625891032162368
-0.013758601151818201,0.006592506575320005,0.005494717805316049,-0.006060487059644686,0.546483426702174,3.8540398463929857,-0.9415701564655684,-2.6277534749895355
-0.013722763310667884,0.006558731016837264,0.005558445041708219,-0.006012730316614467,0.5559429597572293,3.8754622876240807,-0.8804789718809938,-2.6465931794977933
-0.013736089395831708,0.006568147234153648,0.005534693198059887,-0.006024930393512112,0.5521245333878219,3.8642893167889274,-0.8991709914166254,-2.638620040303947
-0.013748246640472481,0.006579900575606114,0.005513111098599265,-0.0060416491799370345,0.5491025210233738,3.857364031478508,-0.9202437489784626,-2.6323512025495854
-0.013714440020330239,0.006544722642443199,0.00557264089914528,-0.005990182871843914,0.5575070352385519,3.8730630751538926,-0.8581107326757748,-2.6482795762278215
-0.013705886557268265,0.006532411942067267,0.005587243017385588,-0.00597074053667119,0.5594530507940942,3.8727121978115044,-0.8378912793052941,-2.650637302864704
-0.013694598707708575,0.0065201918270770855,0.00560669813668534,-0.005952295750138188,0.5621966955426069,3.8766086357908374,-0.8163787340815388,-2.6551759346798818
-0.013641670436515119,0.0064622752012541375,0.005696003355641416,-0.005862828995629495,0.5748082609741068,3.890240912511494,-0.7140945837008016,-2.673326398952185
-0.013681628308684583,0.006509327720104135,0.005629227864944176,-0.005936716734498451,0.5655593569704301,3.8845123032549016,-0.7956432658253333,-2.6615207822434077
-0.013668652436693813,0.006501145024250406,0.005651980126682735,-0.0059258449697649745,0.569298607304569,3.8953801891193818,-0.7781702985605521,-2.6688692874574143
-0.013661143160499618,0.006487669711745348,0.005664026975584146,-0.005903533000944632,0.5705196525119135,3.8909628867578774,-0.7569479818427468,-2.6690834910461825
-0.013652257323321976,0.006474718552941371,0.005678506544047507,-0.0058825248652709765,0.5724115974408138,3.8890940967669807,-0.735690111314888,-2.670484317285203
-0.013809057182866243,0.006620217027360254,0.005403573160324277,-0.0060892896139149,0.53202980118537,3.7998619100200988,-0.9992325261073728,-2.592415213433401
-0.01382105246778132,0.006631328648494969,0.005381812402325498,-0.006103927698292929,0.5288726665413354,3.7912779307027873,-1.0186238199039792,-2.585176849585158
-0.013630515369352806,0.006450237004398236,0.005714451957479653,-0.005843901428824701,0.5774350777894415,3.892492073994559,-0.6926372928851731,-2.676622789147571
-0.013618877280336368,0.006438055013314349,0.005733616332922285,-0.005824702731541404,0.5801952213598626,3.895019388663983,-0.6706720702709627,-2.6800315377329462
-0.013517413447713877,0.006338661444628611,0.0058963139025447996,-0.005663915469355021,0.6039679819273598,3.9140467493931266,-0.48579717929370075,-2.7045607581730997
-0.013581993889649735,0.006407732834094921,0.005795066062003965,-0.005777981206432854,0.5896469816861886,3.9120726507567496,-0.610645830414327,-2.6939000586370088
-0.013590078099191868,0.006419039117386903,0.005782569339016664,-0.005796816085077276,0.5880938222650686,3.914632900548008,-0.6294526537255914,-2.6934715206494775
-0.013605228656436211,0.006424975945118791,0.005756126801067888,-0.005804201529761985,0.5835226512534774,3.899166301357325,-0.6463226708578428,-2.6843812901022877
-0.013528632326665985,0.006350772775119569,0.005879095524504278,-0.005684213591047753,0.6015701603568976,3.914550832402426,-0.5076198709445957,-2.703286896220226
-0.013537842691759512,0.006363459740579557,0.005865504018136492,-0.005705762660048782,0.5998281595117009,3.9185152458422263,-0.5286707633383725,-2.703675797117986
-0.0135458637902971,0.006376269455624611,0.005853959057930465,-0.005727672335812393,0.5986790320706331,3.924151108672972,-0.5491077698245148,-2.7048584039424832
-0.013558790571012357,0.006384712103272147,0.005832386206459115,-0.005740715964354797,0.5950325491209075,3.916323877418334,-0.567908084554234,-2.699567622920261
-0.013571263276302268,0.006395605576289435,0.005812083212766946,-0.00575812235575321,0.5920654570828163,3.912209729161446,-0.5891502921475845,-2.695813125645893
-0.013478385915135822,0.006285512405676159,0.00595182915304597,-0.0055726638618506736,0.6106755939140242,3.8942300960309195,-0.39823543760904545,-2.7003004242372906
-0.013496713156216667,0.006297077824644395,0.00592234486895163,-0.005591622285146268,0.6058480104904381,3.885112673728164,-0.4247048176936419,-2.6943676025887435
-0.013524404677237985,0.006320525912483454,0.005879063840391316,-0.005630356826413155,0.5993033058218994,3.878783408816443,-0.4708992367094562,-2.6884117087331716
-0.013511180576136195,0.006308918283023939,0.005899694796034346,-0.005611215397705039,0.6023709955089824,3.8813941961350227,-0.4484204451381791,-2.69112460413583
-0.013140628539493875,0.006016795519121221,0.006433294199411265,-0.005071721788482358,0.6825018929208414,3.880492608308696,0.16051777149560723,-2.699331955744221
-0.013149531376934327,0.0060275545500351555,0.00642381563433198,-0.005092422557326253,0.6817206378432387,3.889741604894455,0.14318753137072393,-2.704375758639028
-0.013091257216396895,0.005977009380216468,0.006495380762313256,-0.004990270310766443,0.6908893839983975,3.8610397786907984,0.24177170985318827,-2.686589869456125
-0.013100326332739965,0.005987487057946582,0.0064859698640838265,-0.005010770215983088,0.6901412310410133,3.870481644436669,0.22481162839954344,-2.6919491547898127
-0.013129354553914785,0.006004317635045692,0.0064457765757001614,-0.0050474395332398584,0.6837531407569597,3.8705392267701693,0.18148041603908213,-2.6937561002743924
-0.01311573630619562,0.005991713875012326,0.006462028734106688,-0.005022261510332843,0.6856698617382894,3.862457962904482,0.20496090537973988,-2.6889113115216263
-0.013079587825723315,0.005965400855051313,0.006508434354302368,-0.004967036463139948,0.6922772055342762,3.8519554094399022,0.26223549898360465,-2.6811761809424044
-0.013065545096025394,0.005953115236941509,0.00652494183396843,-0.0049418439739310595,0.6942148788787285,3.843647469088595,0.28567125339699456,-2.675908843917704
-0.01305652719233615,0.0059350750024425745,0.006529305003178435,-0.004908499263990236,0.693042178787732,3.8203110288087703,0.3066847680915347,-2.6633451182917742
-0.01304529963887417,0.005921747737787384,0.006540050627594901,-0.0048823992988181195,0.6936981290758947,3.8070695018262923,0.32713564872868767,-2.655655216862393
-0.013032894218198775,0.0059099573243249345,0.006553538615075071,-0.004858424469091298,0.695052817187631,3.797338935999147,0.34787066291754304,-2.649589917274938
-0.012850031689646338,0.005777114945662943,0.006762708582513119,-0.0045627621435315934,0.7200984404719577,3.698566810555477,0.6232487264163274,-2.5768503029452465
-0.01286385340353037,0.005786227297638551,0.006747204576303358,-0.004584277029456018,0.7182600561599831,3.7060724395870115,0.6033374296198682,-2.5827387429532394
-0.01287734271053811,0.005795996081870977,0.006732552030631583,-0.004606573272893152,0.7166656592672754,3.714716142090276,0.5835080620329641,-2.5891131447650633
-0.012889646840603003,0.005806784537010116,0.006720373178420255,-0.0046298518523872935,0.7157264615630887,3.7257508826377053,0.5646145447632342,-2.596507599917494
-0.01290268969799918,0.005817755214915477,0.006706973460983582,-0.004653710394830458,0.7144731878183128,3.7363576186637535,0.544627353094539,-2.603725360262182
-0.012914133000466815,0.00583102255040115,0.00669759404075089,-0.0046804998198971826,0.7143528939436242,3.7520306914648187,0.5254577293184015,-2.613297808713099
-0.012931641137899784,0.005827159423639782,0.006666509547258012,-0.004682066706166302,0.7075884460137356,3.7322113381366506,0.50624171344699,-2.605262903811514
-0.012942550976379202,0.005841271250406086,0.006658278404978642,-0.00470978413985051,0.7077693562520722,3.7492759667375517,0.4871581371515769,-2.6153931551982184
-0.013020734306786604,0.005897848524962861,0.006566250499363873,-0.004833939786198308,0.6962098366776582,3.7865450607665356,0.36837576039030734,-2.6429410727171976
-0.012991820577830169,0.005887363612982821,0.006607580910194386,-0.004805726850994236,0.7032951919695168,3.792420971163274,0.4072787403202844,-2.643066749265588
-0.013009661467683646,0.005883594930781631,0.0065756434894864045,-0.004806254232903511,0.696381859776018,3.770829023435539,0.38863541636861637,-2.6338096575202137
-0.01298125355416019,0.005873775538683734,0.006616265625399021,-0.0047791228894301365,0.7033729606230342,3.7768981270843587,0.4264365212531342,-2.633990660467123
-0.012955101621942135,0.005852099342794533,0.006645003310851628,-0.004732821953814363,0.7064603161069352,3.7590234490189185,0.4674360396807096,-2.621886693876277
-0.012968627230158701,0.005862123382791945,0.006629440230279386,-0.004754862959183154,0.7045710496859066,3.766289938036612,0.4468588882547535,-2.6271580832100074
-0.01339182591796756,0.006246563868019792,0.006094612745539195,-0.005507051620886806,0.6355066621646377,3.955371935193693,-0.28627116862969343,-2.7349443247072016
-0.013405009051721593,0.006256530276882016,0.006074372877242718,-0.005524753321783181,0.6322792983220826,3.952668181701237,-0.30782456466822333,-2.73282337625753
-0.013253827581106539,0.00610521401192695,0.006281506983688145,-0.0052470413245284285,0.6605594968835907,3.904517315044791,-0.02570356630759302,-2.7145575802960926
-0.0132396110619641,0.00609510262175291,0.0063016283872620385,-0.005227301785470398,0.663558848509365,3.9043693896265066,-0.003084945646375757,-2.7143408756722525
-0.013226219347477952,0.006088919525858256,0.006322085718872833,-0.005214393682801884,0.667222933003988,3.909508038302552,0.01553769221980818,-2.7166407174585125
-0.013218017623508979,0.006076796633998262,0.006330455445840997,-0.005191849058834143,0.6676515725100153,3.8985567992708607,0.03369730975673547,-2.7111198678872213
-0.013175201103389373,0.006044947823188725,0.006388680296785122,-0.00512826982932208,0.6763861080509748,3.892108376438537,0.10293374584025494,-2.7066535552601803
-0.013164609810898582,0.00603162306277466,0.006399956327588095,-0.005102910154924687,0.6772453186817249,3.880705659831772,0.12406594783878956,-2.70057860627045
-0.01320552310606761,0.006063878850566293,0.006345770769993271,-0.005167134654596784,0.6695656924603429,3.8908800227923295,0.05672554040046285,-2.707045801831939
-0.013191594739201123,0.006050180518388539,0.006362980365363329,-0.005140698263003617,0.6716086047070674,3.8831300112253073,0.08174127882673234,-2.702808031905302
-0.01336726482054968,0.006226804264327928,0.006131538205882533,-0.005471504512144342,0.6411750923426713,3.9577834447703197,-0.24473124036964702,-2.737476089205105
-0.01337938513578956,0.006236204796605939,0.006113245491476013,-0.005488483769058923,0.6382822706167032,3.9561843129355636,-0.26487243353192974,-2.736074841288803
-0.013360726382901329,0.006200362206741068,0.006133126066127302,-0.005424037097916889,0.6392936488993141,3.925020140334695,-0.21287578354103284,-2.722555796041448
-0.013369034116070863,0.006211666991312927,0.006122628992740552,-0.005444392091025043,0.6381898812540772,3.931787018169841,-0.23129322662743274,-2.725332978437834
-0.01334999514177828,0.006187342840960917,0.006147141435829367,-0.005400509213521572,0.6410024286182737,3.918492902706229,-0.19074482702746773,-2.7199191007237418
-0.013266843348451851,0.006116226643098727,0.006263763518645435,-0.005268055531874708,0.6579981707093464,3.9072403305239614,-0.047896388986371656,-2.715937665637639
-0.013321468587504676,0.006169173950238926,0.006190449215444396,-0.005366741410935443,0.6480599687328316,3.926014165211595,-0.1474091487229154,-2.724331098938817
-0.013337091146771722,0.006174098534507875,0.006164748284151834,-0.005376401976943264,0.6433418473356401,3.9140753080101267,-0.16649721675563842,-2.7182639743831083
-0.013278080701418069,0.006127495415577427,0.006249113586309259,-0.005289194704397312,0.6560172804729153,3.9122148295647547,-0.068599877412214,-2.718329151643896
-0.013287066821310983,0.006140222762913142,0.006238947784925853,-0.0053125989759087834,0.6552465478417405,3.922035543632391,-0.08849480878172825,-2.722998387533981
-0.013301027593058845,0.006147675477015921,0.0062175304693716385,-0.005327087845423774,0.6515058122857608,3.9169925285680556,-0.1085349384490333,-2.7204298394068585
-0.013312482287364652,0.006158328971622665,0.006201824285404215,-0.005346874377019791,0.6493732924060859,3.919921844186082,-0.12901493823645646,-2.721635900161669
-0.013422878295577612,0.006249691659567695,0.006039919969518523,-0.0055119090410020955,0.6249966906541361,3.9179413349588246,-0.3159330624093641,-2.7157188565224426
-0.013440632198049758,0.006243833575231835,0.006006279676942036,-0.005500739866142758,0.6179505236549695,3.885291923532357,-0.32474514074800004,-2.699528315408846
-0.01345295417734902,0.006255184111448091,0.005987988528883579,-0.005520324008618962,0.6152880832825866,3.8852857473408036,-0.34636500020080857,-2.69856093311587
-0.013465400433297865,0.0062684276371690805,0.005969914646252537,-0.005543142908510178,0.612813204519017,3.887550410431323,-0.37004257914240135,-2.698522680507074
0.006717072049872408,-0.013771257625019942,0.00628536640939676,-0.00547139969263927,-0.09544084040487845,4.031743412386572,-0.14240603412646893,-2.8019895727513675
0.006705240485047168,-0.013760925383283718,0.006268089756497633,-0.005491183598524986,-0.10284079637003159,4.027527763942535,-0.1634882698198706,-2.799948581944791
0.006701999773869501,-0.013776880129727094,0.006254035688238292,-0.005461158759106108,-0.1057032631071144,4.002034674193151,-0.14948688965532766,-2.7874196421943864
0.006690106850865092,-0.013766424781501104,0.006236826492374296,-0.005480926602469363,-0.10816660005855953,3.9979941454036614,-0.1701643727646824,-2.785063673100882
0.009260487368653468,-0.014973469987823741,0.008185588043118823,-0.0012171140815401508,0.27294550142210966,2.1915300664901007,3.010762159077504,-0.9464108539080156
0.009244959760892178,-0.014971123564918315,0.008181749117394417,-0.0012426743764898825,0.272736984623257,2.2111403732079733,3.001599661266297,-0.9654331027237905
0.009229401207016683,-0.014968851833651932,0.008177569355650505,-0.0012682145099865204,0.2725043022872497,2.2305469242067573,2.9921567685751813,-0.9843784028837511
0.009213760673023638,-0.014966587205340725,0.008173149982449989,-0.0012938464901906942,0.27217535702267165,2.249892895651078,2.982468568313836,-1.0033301563890797
0.009266211511775648,-0.014989128106658362,0.008158095540590006,-0.0011998245842483482,0.26840350155828313,2.1629131951189566,2.997658404543358,-0.9331897649146496
0.009297622912028125,-0.014993629548885218,0.00816559069133112,-0.001148481384979351,0.26891673094406504,2.123521949890231,3.015561859742018,-0.8949093193868715
0.009281865699467241,-0.014991684534644828,0.008161310231416344,-0.001174088539190884,0.2685789973641659,2.142884841979829,3.0063250170357936,-0.9140081428524581
0.009313309264270582,-0.014995312533312773,0.008170166977468111,-0.0011230833315872687,0.26930698780667855,2.1044807419309848,3.0248675575390673,-0.8759254008981877
0.00894002066470317,-0.014886352812552905,0.008143776838434712,-0.0017666222891957642,0.2731384201799977,2.6327063426511064,2.824027984918071,-1.3462265961198208
0.008944822487523313,-0.014901644298253656,0.008118037726287613,-0.0017476022077372543,0.26588329116275133,2.6064894515774326,2.812262840011479,-1.3349810505609712
0.008924672332571876,-0.014882998096217483,0.008138192563618047,-0.0017921712966973266,0.2738912144289082,2.6512886263338222,2.8121633651146687,-1.3641384882242338
0.008929460185745523,-0.014898287381194975,0.008112548224878889,-0.0017730639495658516,0.26487748104353637,2.624997937109821,2.80052031818505,-1.3529179711303252
0.00890933457005921,-0.014879595159429935,0.008132525706540664,-0.0018177131588611704,0.2739047404589877,2.669740415919621,2.8001532916470353,-1.3820376941477965
0.008914111440212794,-0.014894925203120605,0.00810690284581405,-0.0017984726169476114,0.2638618834578296,2.643398644396616,2.7886083626545566,-1.370798271919205
0.008894007537775724,-0.014876144037403229,0.008126775391763359,-0.0018432516257738771,0.2731860782697887,2.6881118481729978,2.7880030528521984,-1.3999512264069647
0.008898758922669238,-0.014891536459822524,0.008101128396124856,-0.0018238665050223522,0.2630206439602418,2.661726681173256,2.776544434400925,-1.3886174539228129
0.0088833939516684,-0.014888099106750643,0.008095257897750277,-0.0018492743353930152,0.26227643887563085,2.6800010731846977,2.7643440549009273,-1.4063698153468194
0.008857227987389913,-0.014897057036045082,0.008057437243742893,-0.001880262484419427,0.2595786303239543,2.682820675053281,2.7311513685575135,-1.4235055713233125
0.00887274590572354,-0.014900514804931602,0.008063637464031602,-0.0018548479480363326,0.2603865564566448,2.6648596435812366,2.743588965424045,-1.4059427736845775
0.00912009593312474,-0.014950554398515711,0.008147676622317223,-0.001448139912884096,0.26971988872318736,2.3669588238944175,2.9232385994649888,-1.116645893430898
0.009104618994435038,-0.014947821589348301,0.008142999859095444,-0.0014735817632882042,0.2693819681101457,2.3859894450235575,2.912917349544649,-1.1351439351535044
0.009089083974909186,-0.014945183538776005,0.008137925015815908,-0.0014990150919744385,0.2688727697561442,2.404774877023174,2.902279982990287,-1.1535533042578126
0.009047741492513606,-0.014908482834330765,0.008180658277587535,-0.001587099479280096,0.27684652400403487,2.5003599257509777,2.903913889420219,-1.2180888732027548
0.00905287588428821,-0.014923688051721245,0.00815455680337822,-0.0015686478148095072,0.270070459369387,2.474764875975112,2.8913997900406536,-1.2073257103911954
0.009032323652033134,-0.01490546659203643,0.008175637029081825,-0.001612766389822888,0.27771073354274917,2.5194549815431153,2.892901902526406,-1.2364677965980964
0.009037438306820298,-0.01492065616603789,0.008149651676487445,-0.0015942402959663122,0.26928185221502754,2.4937875041438207,2.880506275367198,-1.2257400861731844
0.009016915263030919,-0.014902401901103014,0.0081705344097186,-0.0016384208040497387,0.27822498902415527,2.538430364901513,2.881743642374342,-1.2548308578593657
0.00902200668540683,-0.014917615493989234,0.00814459008166442,-0.0016197976598326753,0.26836922240922606,2.5127177169831683,2.869435532258881,-1.2441171740900814
0.009001516484536438,-0.014899288792197039,0.008165346627927703,-0.0016640814388673968,0.2776985507460447,2.5573390918473913,2.870432330384643,-1.2732383287583464
0.009006564090652812,-0.014914557144194386,0.008139377844956205,-0.0016453472745656778,0.26760715600509605,2.531575661758735,2.858193129502434,-1.262449763131057
0.008991108509496068,-0.014911451017914848,0.008134069211380657,-0.001670910192998524,0.267130053515734,2.550379593200649,2.846819175036133,-1.2807144981550047
0.009073524318849854,-0.014942359110388622,0.008133011801121186,-0.00152457015328575,0.2682604268477577,2.4237444781518147,2.891632265363096,-1.17201667329417
0.009058009515822312,-0.014939310143929489,0.008128378871054776,-0.0015501728035806032,0.2676840306482923,2.442911736495271,2.8810642663870216,-1.190498364507672
0.008949618073317069,-0.014917350233330613,0.008092234567285354,-0.0017285439574769373,0.2636238164479523,2.5740521062346264,2.8029503779432425,-1.3176485337352004
0.008980619074040368,-0.014924054609735503,0.008102668535734785,-0.0016774070567092106,0.26501923136750966,2.536546818209084,2.825765493106459,-1.2814428178848234
0.008965075781090147,-0.01492078178056535,0.008097360068192295,-0.0017029980188291332,0.2642882564228181,2.5552679279174964,2.8143345690603456,-1.2995747927550771
0.009203893842902213,-0.014980484244212373,0.008140533432978018,-0.0013011768298741616,0.26687366657503725,2.2392349261106133,2.9596629522255333,-1.0082045619896212
0.009187906114691382,-0.014978185804238103,0.008135725844066173,-0.0013271354806977094,0.26643965603510833,2.2586060608433787,2.9495549189777144,-1.0272910102276178
0.009171980844331776,-0.014975516191535808,0.008131486239812477,-0.0013531800019978173,0.26608063703927526,2.278346413319433,2.93970958290198,-1.0464125467095915
0.009156228632910398,-0.014972640449560278,0.00812756276299384,-0.0013790537522268382,0.2657602236466152,2.2981073755033425,2.9300362873566006,-1.065372542699697
0.009140660930389115,-0.014969568229155773,0.008123947827039719,-0.0014047412667150827,0.26547382332601926,2.3178723961939487,2.9205333446601,-1.084161841917756
0.009125286451935421,-0.014966348473841753,0.008120557058660981,-0.001430205552540651,0.2652111515082472,2.3375666103294646,2.9111565584645707,-1.1027531472721888
0.008680646132284168,-0.014822790206067778,0.008037846449214547,-0.0021988815479059985,0.25985107883616115,2.938525376787853,2.605823125536466,-1.6425748957351844
0.008669412540124747,-0.014834102131729754,0.008006105915574735,-0.0022037159931684418,0.25014382222445164,2.927907550425893,2.5822343692409118,-1.6467565186316275
0.008695805978438997,-0.014826911844453403,0.008044707711086976,-0.002173644999986395,0.25951396041313035,2.9212188863572734,2.6195550542296093,-1.6258977446134224
0.008684610236525132,-0.014838251232147296,0.008013021922941043,-0.0021785548336959175,0.251567365706171,2.9107883258881517,2.5960129093954687,-1.6300922351779124
0.008756573701192635,-0.014842921746160495,0.008071401055863398,-0.002072326676675751,0.2651297605236273,2.8510394705486704,2.6734727147836037,-1.5579795958233154
0.008760822517016752,-0.014858402876214928,0.008046212803732149,-0.0020522926679079376,0.2560607689271388,2.823613268299067,2.6630462642921517,-1.5455122587360375
0.008741362845101056,-0.014838990856811767,0.008064845838122907,-0.0020976921786657163,0.2634662066109776,2.868649294742355,2.6601540278474367,-1.5751041507292862
0.008745572527277813,-0.014854514388907397,0.008039666888245684,-0.002077523618330294,0.2551719582343957,2.8411679814660684,2.6498262184882364,-1.562590063954085
0.008726164497562944,-0.0148350122143311,0.008058208847275624,-0.0021230451875500008,0.2615114770337728,2.886235884288922,2.646716824081212,-1.59217023262071
0.008730307951760012,-0.014850549179586165,0.008033070361541038,-0.002102793930400087,0.25447372007760366,2.858688787513,2.6365051807474944,-1.5795970200277825
0.008710978821122076,-0.014830985862161486,0.008051495164764598,-0.002148366350386018,0.2600887342317939,2.9037760397196997,2.6331822528477185,-1.6091096158984926
0.008715050584763911,-0.014846502194613878,0.008026449569476261,-0.002128079660320551,0.25373696303681564,2.876155240187826,2.6231069802395806,-1.5965179096153828
0.00869981796948238,-0.014842393434132383,0.008019783432692008,-0.002153341175054478,0.2527945799049082,2.8935307089777904,2.6096218553029704,-1.6133475911662825
0.008780238060860564,-0.014878028312858413,0.008027461045336332,-0.002007265866146368,0.2553235020471866,2.772965922335589,2.668449423315359,-1.5106123304616892
0.008765076403048515,-0.014874206148233085,0.008021163928373475,-0.0020322172008511064,0.2545614325078846,2.790385580122471,2.6556666725787825,-1.5275157052168267
0.008799329406734802,-0.014898400039550369,0.00800642425163219,-0.0019624327599882386,0.2517409625470273,2.7234758577163167,2.671136668030524,-1.477975426128941
0.008784234919491063,-0.01489419486134995,0.008001180440872271,-0.0019875102735242467,0.25104356965061836,2.7415780201454996,2.659111527128637,-1.495084599101203
0.008814730182962862,-0.014902579371123407,0.008011799010140002,-0.0019369085779284178,0.25244234364528534,2.705056901631402,2.683321636984717,-1.4605100285568862
0.008846249467465027,-0.014910097512261217,0.008024154409938861,-0.001885419822806362,0.254054760040141,2.668709345301757,2.7086072485131063,-1.4252177342049608
0.008830413506206529,-0.014906552947843571,0.00801760887676674,-0.0019111176702112564,0.253196575779983,2.6866445277124757,2.695790464099264,-1.442833724162062
0.008476367772575617,-0.014791675048742826,0.007885290261672269,-0.002507305437662636,0.23359323054968809,3.107639854812111,2.3890997363600337,-1.8359177319188629
0.00846141187662456,-0.014786826228462878,0.007877511571914441,-0.002531982362319959,0.23234645702224507,3.1233864839038348,2.3741166400615374,-1.851209371228105
0.008446472914728479,-0.014782039723100602,0.007869469294111682,-0.002556515032961636,0.2310990754342009,3.1388105639142627,2.3589748598640585,-1.86629531144907
0.008431488083091451,-0.014777292197370624,0.007861136260034554,-0.002581005554578283,0.22978463655013695,3.153975662460992,2.343619147480552,-1.881235348258495
0.008416433701499568,-0.014772484354651347,0.007852655686457396,-0.002605589511006487,0.2283527869493088,3.1690827516016267,2.328075468045384,-1.89613922415982
0.008506515538766144,-0.014801338498789422,0.007900631030235047,-0.002457521281830716,0.23619400814197133,3.075558609226064,2.418908429563333,-1.804817435101093
0.008491400050261734,-0.014796531575665024,0.00789296176651552,-0.0024824678556305646,0.23487753597651698,3.0916600238811296,2.404018631452917,-1.8204361938684315
0.008658063844402738,-0.014845717294130556,0.007974497914452148,-0.002208380247805725,0.24791334907088936,2.91141306991145,2.562068055122523,-1.6449375152282872
0.008567037530584468,-0.014819506157460423,0.007931461958664806,-0.0023582094629500425,0.24118363904497805,3.0113386550851646,2.477633625243737,-1.7420470436750313
0.00855197246888567,-0.014815070507710604,0.007923898275999151,-0.002382924394098884,0.24005408681133658,3.0274386944649367,2.463186507447317,-1.7577832046284634
0.008536852068599636,-0.014810610336846953,0.007916146307811872,-0.0024076828822997536,0.23883275674091173,3.0434237857476294,2.448544458200495,-1.773454419696925
0.008521682997558415,-0.014806041203549702,0.007908359308899847,-0.002432561549540364,0.2375287013563314,3.0594541799752872,2.4337636038364576,-1.7891356425260538
0.008570544562453574,-0.014835584178097258,0.007906546467327592,-0.002337209103237894,0.23707271802858934,2.9791658818531235,2.470788160487577,-1.7256076929634043
0.00858552556882711,-0.014840076085759444,0.007913629205218225,-0.002312636397467115,0.238181362173803,2.962895959421919,2.4847370441076673,-1.7098541330448265
0.008600576997579983,-0.014844571969818672,0.007920601187798361,-0.0022879170011341782,0.23927638540613796,2.9464067524893274,2.4986083316999874,-1.6939255441060823
0.008615705756306293,-0.014849272037523786,0.007927109935281658,-0.002262847252193068,0.24027010514880273,2.9293198243180547,2.512264543800526,-1.6776480712555013
0.008646570680940165,-0.014857779564695252,0.007941780923839625,-0.002212606461616706,0.2424826565277066,2.895975482147657,2.54039332836893,-1.6450102650215292
0.008631075395879165,-0.01485387560125953,0.007933848034501848,-0.0022375009555071126,0.24128650604196408,2.912118691642483,2.52608959961885,-1.6611480391066034
0.0067527606564291775,-0.013802030595032835,0.0063366197809178225,-0.005411960032056362,-0.08652442684587737,4.043668837688676,-0.07979211290884491,-2.807699811236995
0.006749873353223181,-0.013817627221089833,0.0063225989454278935,-0.005382783498530337,-0.09150026503335701,4.017526476381427,-0.06645875135997852,-2.7954712213058954
0.006728936011698175,-0.013781552642028792,0.006302557970898205,-0.005451588181311328,-0.08968499536620124,4.035937540064678,-0.12138529516612089,-2.8038887488933906
0.006713982449077936,-0.013787193584397445,0.006271336672094186,-0.005441521203204695,-0.10318869690283634,4.006117885979548,-0.12874643961122886,-2.7897075242153364
0.006740832253114334,-0.01379181033250085,0.006319645882965535,-0.005431770824393933,-0.08598379399729376,4.039980616474993,-0.10051314149573846,-2.8057711379783097
0.0067259810405747335,-0.013797370970057156,0.006288601212457401,-0.005422004455533481,-0.10013919415784622,4.010147012633357,-0.10798787801344663,-2.7918514756161463
0.006737950677383787,-0.013807471752169792,0.006305722409460168,-0.0054025012977507655,-0.0961551864486797,4.014021451058025,-0.0872320277080766,-2.793789973136146
0.00683168688985936,-0.013904233211228328,0.006424214856716925,-0.005213340272504421,-0.06623195828834737,4.008141305070558,0.09842340780566117,-2.7884404817789483
0.00681948071357948,-0.013894289119899506,0.006407890630869245,-0.00523345906363443,-0.06945330988621852,4.00607590252448,0.07764437015248139,-2.787903890772965
0.006807286414515337,-0.013884386386657316,0.006391420069864041,-0.005253383777939376,-0.07266265365786727,4.0036964822064585,0.056978569854405796,-2.787143754105688
0.006795048221445883,-0.013874490768313798,0.006374723928673622,-0.005273182523753869,-0.07594147661126421,4.000975299586472,0.03635396115984357,-2.7861491982059836
0.0067827744675501315,-0.01386449112705,0.006357883746480664,-0.005293055231904199,-0.07936715426717382,3.9980873021562715,0.015641089483278522,-2.785011556933138
0.006770586434567033,-0.013854261725289906,0.006341191756390218,-0.005313219250046581,-0.08290804140824094,3.9953853765326817,-0.005244809636057879,-2.783907979592471
0.006758587426723324,-0.013843843927258426,0.006324808945838979,-0.005333593848268324,-0.08643589185316199,3.992956105474834,-0.026201639465739387,-2.7828776660290853
0.006746809477435767,-0.013833388723789168,0.006308706875842347,-0.00535390555413138,-0.08973923678965212,3.9906357174144236,-0.047028483532279904,-2.781835920256359
0.006843904809433424,-0.01391424978428244,0.006440370023529642,-0.005192972813440717,-0.06294938311485875,4.009844376863605,0.1193435256984705,-2.7887284119874
0.006893328190298534,-0.013953664319552958,0.00650496733044226,-0.0051114498193955684,-0.049601239643935986,4.01568020434986,0.20303142933248866,-2.7887548457928357
0.006880957324142713,-0.013943934963094535,0.006488925912553885,-0.0051317804191705965,-0.052793325614216215,4.014415773087083,0.18217472876816262,-2.788938937042474
0.006868522318224119,-0.013934198564122985,0.006472627822628601,-0.005152020030921775,-0.05612528136193929,4.012804523684166,0.16131247265030166,-2.788885961596797
0.00685615856450044,-0.013924290982901802,0.006456428308350976,-0.005172441293892355,-0.05956020863000334,4.011283913437811,0.14035008000972451,-2.7888181174652877
0.007040725608467919,-0.014085049574941293,0.006671826178047927,-0.004833220368420605,-0.01158571762019197,3.9829419445375933,0.4673492586986731,-2.7569500675392997
0.007027971311548912,-0.014075643101419613,0.006656816803408231,-0.004854308781132636,-0.014763684117193232,3.9840982165741887,0.4464903122689819,-2.7591537794391026
0.007015423324838384,-0.014066127561243017,0.006642113262180016,-0.0048754188995578695,-0.017903874885613683,3.985417988242513,0.4257286408727203,-2.7613636250855147
0.0070031017739141796,-0.014056495322514776,0.006627756905257136,-0.004896565208594863,-0.021005010183722833,3.9869414681873763,0.40506487686484643,-2.763600167238529
0.006990951177704443,-0.014046883809212209,0.006613539623282933,-0.004917524880273301,-0.02408618887934955,3.9883708076102735,0.3845713750393777,-2.765713462233626
0.006978626910242691,-0.014037592210545026,0.006598613902869234,-0.0049378630031219695,-0.02723200674154257,3.9887813185997225,0.3642347175404888,-2.767254223770259
0.0068904841669594355,-0.013970092178790536,0.006488510951856833,-0.005082097913479459,-0.05006621229208821,3.985866339701238,0.2183948025434519,-2.7736227583358226
0.006965823699071482,-0.014028633604580157,0.006582428515731118,-0.004957631119209246,-0.030523741550754352,3.987774923623092,0.3438303802920211,-2.7680448973906295
0.006952818627967489,-0.014019475556984526,0.006565892320192849,-0.0049776938446268815,-0.033855282173050845,3.986582149237925,0.32308763637057636,-2.768702845120887
0.006939967363324473,-0.014009921790580861,0.0065497861408782875,-0.004998308014924415,-0.0371609272317616,3.985964845574268,0.3021124530214226,-2.769590735806848
0.006927300867163914,-0.014000175885410074,0.0065340072165778204,-0.005019105891249095,-0.040434702394375494,3.9856260595438644,0.2811272694624578,-2.770548501885639
0.006914817517367396,-0.01399025694545797,0.00651853437242786,-0.005040060229027391,-0.04367888272185116,3.985530930937433,0.26014097512503076,-2.7715583496328953
0.0069025552166020855,-0.013980182092424373,0.006503420303948204,-0.005061138367660986,-0.04688710443484076,3.9856986890456305,0.2391918072796919,-2.772627561910349
0.007037203864761112,-0.014102409175229381,0.006651188068430681,-0.004803623748481203,-0.012297428487025223,3.948922164373695,0.4801440558158894,-2.7391581860959424
0.007050454891353087,-0.014111769896468833,0.006666776313022702,-0.004782432027356368,-0.00905650209719906,3.947987569728888,0.501168068063651,-2.736940314185062
0.007103879483845418,-0.014146832220683971,0.006730419795946866,-0.004700529441880264,0.003825755828319958,3.946114168462921,0.583785279785822,-2.728463765268582
0.0070641009638485,-0.014120956215383555,0.0066830553251101136,-0.004761287023936258,-0.0057377132540475185,3.9475230145188918,0.522429364532241,-2.7348672460208925
0.007091573484288324,-0.01413804388147605,0.00671659004880831,-0.004720812367145832,8.929385459405039E-4,3.948184991644325,0.5640926710552955,-2.731380977563014
0.0070780009063284586,-0.01412983219200161,0.006699894482282987,-0.004740468644900415,-0.0023820084018750178,3.947595732886359,0.5436868552246111,-2.7329907107632434
0.008134488326581183,-0.014669364787175903,0.007682908096587977,-0.0030694715363134904,0.19743134794780012,3.4400618883619267,2.016538682808307,-2.16189337817023
0.008119918579750885,-0.014663479802286194,0.007673323099002856,-0.003093484720113855,0.19568917681034373,3.4531082531145327,1.9993191702490145,-2.17474512428199
0.008210638718799464,-0.014714148883491472,0.007707466882396427,-0.0029254866315485805,0.20288897010012705,3.339930480896452,2.0993351033175873,-2.078279437866651
0.008196031057967665,-0.01470882632955834,0.007697921847895942,-0.0029490483554117943,0.20113325515357847,3.3528703149260326,2.0827625391390208,-2.0912606000549547
0.008136467932150532,-0.014686012938238626,0.007659063100886573,-0.003045798345565048,0.1939303079753559,3.405718502374142,2.0143174552693086,-2.1438030913817783
0.008181184284569052,-0.014703475408361666,0.0076879571845571764,-0.00297284938731833,0.1993127870097209,3.3656844294579145,2.065779961392274,-2.1042422601910338
0.008166128261913251,-0.014698029623256849,0.0076777107361912554,-0.002996933040066065,0.19742894451765372,3.378493647992866,2.0484460660468167,-2.117268407072484
0.008151130396003507,-0.01469224669536584,0.00766790225634414,-0.003021301498889864,0.19561238133491987,3.391763386662582,2.0311713701826437,-2.1304551692302387
0.008225115993605616,-0.014719727014138075,0.007716269675459818,-0.0029016961666070806,0.2045136690039688,3.3262795060427934,2.1155296384433577,-2.0649610224959756
0.00823969302246754,-0.014725400390920719,0.00772487185938681,-0.002877612387989935,0.2060880844562807,3.3122200104116373,2.1316795446684242,-2.0513563465496714
0.00825446077635847,-0.014730906718421958,0.007733808519564923,-0.002853446338933986,0.2077114940585181,3.298262567373321,2.147996519106846,-2.037676759845809
0.00826924111164548,-0.01473640726642929,0.0077425971101922645,-0.0028292097799111765,0.209313664850908,3.2841067101887345,2.1642017598819883,-2.023852638927336
0.008311667438782927,-0.014736583797022383,0.0077929070972189,-0.002777730229843908,0.217842301951603,3.2735759382692677,2.217082386627847,-1.998490263396168
0.008296679180324824,-0.014731135647031776,0.007784178275852882,-0.0028024719248980136,0.21614514402811288,3.2883373611483315,2.2007758556097907,-2.0128813974361535
0.008371448945456538,-0.01475715240604047,0.007827913221717948,-0.0026797702448618944,0.22385813073875324,3.2149880695669357,2.2812298271743967,-1.9408396563918695
0.008356594222057914,-0.014752000583898564,0.007819544967171204,-0.002704252627127189,0.2224850130627998,3.229941145412354,2.2655088745852687,-1.9554271513705295
0.00834169274534299,-0.01474692721246832,0.007810816875891239,-0.0027286425918102227,0.2210666586381835,3.2445453145574388,2.2495607169570744,-1.9698200192516115
0.008326705012532498,-0.014741828406344267,0.007801856848526033,-0.0027531037512787166,0.21951986058760187,3.2590119531907633,2.233389099815771,-1.984139548896092
0.008374289548834303,-0.014773626067687028,0.007803241167251815,-0.0026574199235675565,0.22002830438233426,3.181495592457455,2.2762836813687137,-1.9234648219123247
0.008284036177601933,-0.014742179171740791,0.007750781449202414,-0.0028045718886340466,0.21080444324233638,3.2691936037108777,2.1801762457853395,-2.009608073043037
0.008404463709151981,-0.01478424863198062,0.007819174866723086,-0.0026076187329961992,0.22275492197536792,3.1503482102305873,2.3071967981913484,-1.8934571155522957
0.008389237438420736,-0.014779124566931643,0.007810822157861388,-0.0026325107137798683,0.2213406968144218,3.165692912661593,2.2915540478258563,-1.9084390804558693
0.00793095136588174,-0.01458313500596388,0.007539701424040036,-0.003403777479784017,0.16957965294219016,3.6100792583244057,1.7662098744969563,-2.3311293752333646
0.007916522937828187,-0.014576479156475404,0.007529089604011055,-0.003427665054489114,0.16731512773382232,3.6215288834472603,1.7476861413015106,-2.342489033701147
0.007988734988627337,-0.014608391672894211,0.007582578688455116,-0.0033092915981450797,0.17795953297269632,3.564806543686576,1.8393738649224176,-2.28554459942336
0.007974410895630694,-0.014602115879688729,0.007572223652706268,-0.003332850729585985,0.1760576370611092,3.576422456173107,1.8213840105923855,-2.2971218579044774
0.007959994712995877,-0.014595892998680143,0.007561494547570577,-0.003356356234538966,0.17404870327190214,3.5876750656458647,1.8031766966993776,-2.3084930494668296
0.007945481191877253,-0.014589597092294423,0.007550570839980967,-0.003379982700593788,0.1718764524375194,3.598823734536967,1.784753180125575,-2.319799714147304
0.008046431196774432,-0.014633812712400855,0.007622365425241857,-0.003213498931363593,0.18590037101499401,3.515429709635369,1.9107198839477897,-2.237092983428537
0.008105298265258956,-0.014657682224953651,0.007663363926283458,-0.0031173722980885788,0.19392078122242196,3.4657510070551205,1.9819002893311597,-2.187363003145226
0.00809058305065754,-0.014651890601180745,0.007653100449315592,-0.0031412837268337246,0.19204347784349118,3.4781511305535795,1.9642501779207302,-2.199846561038447
0.008075811105349094,-0.014646020373157596,0.0076427137006917075,-0.003165284348206062,0.19003568076039634,3.490480169681281,1.9464301614446298,-2.212272230533705
0.008061074891399197,-0.01463999010971935,0.007632450594206842,-0.003189380795902966,0.18796398829724972,3.502913055903836,1.928565830090885,-2.2246982390425916
0.007990122459104148,-0.014624978285733265,0.007559455575435623,-0.003285061922137463,0.17475046681285733,3.5304104825677185,1.8389437718856378,-2.267274470383873
0.008033128790429079,-0.014644774699252523,0.007587652071752199,-0.003213004861174129,0.18037150332120114,3.492239182698484,1.8913586071843154,-2.2306500133139515
0.008018602459583038,-0.014638297373206188,0.007577982174524864,-0.003237123781601597,0.1784667017045544,3.5049155043655618,1.8737475386205216,-2.242948506101562
0.008004255013352992,-0.01463166088288211,0.007568623322770057,-0.0032612044761442783,0.17659793344624544,3.5177138419374323,1.8562675946666298,-2.255199042799933
0.007830762895044658,-0.014536544652765408,0.007463010684562341,-0.0035685783144820903,0.15407249514716728,3.6853639741434496,1.635443627931197,-2.406835916990542
0.007845043655314745,-0.01454331183409803,0.007474265331281225,-0.00354514287996217,0.15638757287599125,3.6750955062083968,1.6543765525222234,-2.3964246264612794
0.007803244077909696,-0.014540010285414372,0.007417728046235879,-0.0035891444423886295,0.1463762742440553,3.670005292149685,1.5997237628462206,-2.4082682170111487
0.00781752663981428,-0.014546779448480417,0.007429160843954692,-0.003565988393506085,0.14868427435079837,3.6601956051785716,1.618583026500758,-2.3982138023119393
0.00790221905707457,-0.014569761310479388,0.007518573744481914,-0.003451442587063309,0.16517646422983298,3.632901423013713,1.7292061530671956,-2.353723517630433
0.007887955582180906,-0.014563136323568092,0.00750781013125358,-0.003474974426839314,0.16309303903412967,3.643849167821013,1.7106747720625963,-2.364671713828383
0.007873666912905794,-0.014556584852864415,0.007496736017738037,-0.00349834837061604,0.16094163817065132,3.654393618533032,1.69202117568468,-2.375365134675104
0.007859353322474349,-0.014549996177609797,0.007485512618890082,-0.003521719121022251,0.15869339029991722,3.6647653063003687,1.6732460042912944,-2.385928218038126
0.00790335195372035,-0.014586503752490454,0.007495736601092494,-0.003426510914956217,0.1621212268596491,3.598162891451268,1.7299385785523536,-2.335217437580169
0.0075639047348596425,-0.014398563455284405,0.007237040658736221,-0.0040081528552679034,0.10656195261955236,3.854332803365231,1.2636900318239401,-2.580476026694495
0.007522533908041863,-0.014375532198156127,0.00719872733089938,-0.004075985434869259,0.09839740753712362,3.8754922828762766,1.2032529747101846,-2.6031171962606483
0.007550129125680445,-0.014390911383720562,0.007224424588638908,-0.0040308052277447355,0.10395438608958117,3.861610430094214,1.2436255866884884,-2.588190738433085
0.007536291362598402,-0.01438330549636769,0.00721149003831275,-0.004053337214985314,0.10120103115801098,3.8684851912462084,1.223453864484992,-2.595651492434555
0.007577312184469693,-0.01442319118886369,0.007227633945412266,-0.003958723500376341,0.10673894210384648,3.811699469799516,1.2886861004483032,-2.5538559238086216
0.007563744100349649,-0.014415153039060132,0.00721615323886609,-0.003981808080845997,0.10423082816730246,3.820213207889854,1.2690800044289803,-2.562217363463574
0.007591117800073019,-0.014431141967813718,0.00723943291570456,-0.003935515610869213,0.1092822128533464,3.8032513289077436,1.3084768418081447,-2.545417661146731
0.007605180607885492,-0.014438891414012155,0.007251723670050308,-0.003912340274579949,0.11188004259703228,3.795107307549909,1.328447508874418,-2.5370234726943095
0.0076193873447147654,-0.014446196685125335,0.007264640242701175,-0.003889655048335369,0.1145467264365538,3.787697803456545,1.3484004577495154,-2.5289363809184082
0.0076334085820031,-0.014453159750797237,0.007277546012092192,-0.0038675552114055514,0.11721158835014245,3.7806373335594015,1.3679703589438057,-2.521043601831581
0.007647087098306384,-0.014460406804434195,0.007289393094675516,-0.0038452014329829827,0.11970444197015039,3.772557056446051,1.3871267885865495,-2.512655571106634
0.0076607447089076415,-0.014468107492032813,0.007300455936378074,-0.0038220835158608714,0.12208940730639371,3.7632803349618027,1.406285983500979,-2.503586032153216
0.007674706095352948,-0.014475902736215115,0.007311694973295321,-0.003798494019277621,0.12449650103373013,3.7537065109579673,1.4257569165624553,-2.494220839448918
0.007689038078631361,-0.014483510231020104,0.007323578277847368,-0.003774802427515458,0.1269879464600305,3.744440786309351,1.445565367135517,-2.4848611724527925
0.007703645782515517,-0.014490625226242166,0.007336365746917412,-0.0037515379180319687,0.1295907771206082,3.7360601106765237,1.4655470842924607,-2.4758419530499753
0.0077466021540513776,-0.014511214604749037,0.007373431169589676,-0.0036830665122420943,0.1371571767891189,3.710562775369634,1.5238443578848875,-2.4485702711355155
0.007732539899324025,-0.014504352130528446,0.007361625850189645,-0.0037057572939953806,0.13472238672734582,3.719419998784066,1.5048134226359886,-2.457817618915047
0.007718226379972658,-0.014497499176029457,0.007349266506596427,-0.0037285642748949347,0.13220829992491076,3.727904961155375,1.4853871772590388,-2.466900327467823
0.007747403561353062,-0.014527787605910331,0.007352018903377178,-0.0036575948821556217,0.13505891058230565,3.676365263063215,1.5272789414932786,-2.4299114197454705
0.007760864526373967,-0.014535840275901097,0.007360988937646627,-0.0036337068261810446,0.13709227089324735,3.664554665572593,1.5453641219300402,-2.4192407264101803
0.007789989342000856,-0.014550923998164501,0.007383062076244202,-0.0035852687274616113,0.14176225652851485,3.643085328353234,1.5838241061895213,-2.398231471546786
0.007775195665825848,-0.01454413030269984,0.007370743183876652,-0.003608634569295949,0.1392683642899046,3.652329088087829,1.5644377986355142,-2.408030413545365
0.0075085538649567775,-0.014384293417823364,0.0071655286716898825,-0.00407190791257031,0.09349724950150447,3.8484807014593048,1.18932160381173,-2.5923182135061276
0.00748146906792674,-0.014385025151650833,0.00712093259319187,-0.004089859486775861,0.08667237956284303,3.828831621642515,1.1568650136575247,-2.588531590470488
0.007467679820831456,-0.014378334619249545,0.007106531273795646,-0.004110210522872138,0.08377757898445137,3.8327822818168933,1.1374185829364156,-2.594128214310285
0.007494757886453798,-0.01439276485373747,0.00713313665000969,-0.004068068999905218,0.08925198049617243,3.8221959561249323,1.176162995331351,-2.581540057100984
0.007277831277622976,-0.014245101588927007,0.006937394718373281,-0.004448604789199465,0.044723890461964094,3.940288220022563,0.8424737490530584,-2.695200469372651
0.007291302268501832,-0.014253647513140922,0.006951526528688788,-0.0044266948186216315,0.04774129897221674,3.9362579391064174,0.8632497787152337,-2.6903162120685162
0.007331479827200618,-0.014278610461979131,0.006993291527065951,-0.004361632863026666,0.05665600899967128,3.9236402110145256,0.9247281149548664,-2.6751232216222753
0.007318161297121485,-0.014270369015889498,0.006979565575748707,-0.004383244466026955,0.053710828635643464,3.9280257557263742,0.9043966021445663,-2.6803184940513964
0.007304753224901948,-0.01426206463675718,0.0069656010664128016,-0.004404912695215978,0.05075042050594663,3.932187623612682,0.8838960693181132,-2.6853628848071582
0.007382735359848376,-0.014330651281395835,0.007022072511432679,-0.004243832426231379,0.06627492908986582,3.864330725306352,1.0138809029485927,-2.6314953696391723
0.007368930866655683,-0.014322098253298094,0.007008687042186184,-0.004266512095623783,0.06338640460008237,3.870075989430433,0.9932584287958065,-2.6377309273428504
0.007355497926563888,-0.014313235527537492,0.006996090979138663,-0.004289385516809478,0.0605855631593235,3.876447423461413,0.9728403840617715,-2.644178105247029
0.0073303283918218646,-0.014295042175203046,0.006973739464700079,-0.004334664135927243,0.05536268866901461,3.89072160067813,0.9334726166967338,-2.657406318445602
0.007342667915765616,-0.014304073585558285,0.006984657091363614,-0.00431231390800215,0.05792772945948179,3.8836287658567294,0.952876164365608,-2.650890767917477
0.007396781117913768,-0.014339163020909906,0.007035734193041688,-0.004220971679344329,0.06920449971522279,3.8585749252886123,1.0347169316890652,-2.6251488510435763
0.007425862223436839,-0.014355625647274788,0.007064806316292599,-0.004175218838622801,0.07526940506585973,3.8480405182989337,1.0771160023839366,-2.6126079552307395
0.007411185289800194,-0.014347919659769129,0.007049536200115773,-0.004197378736256288,0.07214947768424035,3.8523213066642925,1.0560485476370294,-2.61839569181371
0.007439865452637994,-0.014363211983990369,0.007078951345788675,-0.00415358356150166,0.07812280990062798,3.8432236219387685,1.0973444737123772,-2.6066266795757325
0.007453758521072398,-0.014370867550629612,0.007092686112172981,-0.004131804382990761,0.08099654593209048,3.8379380046727305,1.1174078156968434,-2.6003730045850832
0.0074547997877214296,-0.014386427330602886,0.007076263036067158,-0.0041059152428521055,0.07986036482146876,3.8079823400522037,1.1256351492570704,-2.5837071924845576
0.007115855345207825,-0.014156877684328016,0.006742405843494612,-0.004678095538503506,0.006653810346393465,3.941212423119859,0.6041708286456822,-2.724016875702977
0.00716829885698406,-0.014194513512682265,0.00679894955322117,-0.004589985570206292,0.018975503512874078,3.9282520532352305,0.6878587699192472,-2.7086233395936374
0.007154938755714758,-0.01418567612238781,0.006784093260478998,-0.004611282881012916,0.015857729640511718,3.9306165068972576,0.6671613428858056,-2.712114082655617
0.007141630470598973,-0.014176534187720809,0.006769454821453144,-0.004632977333790291,0.012737175230262557,3.9333118784386225,0.646271439368685,-2.7157241217530834
0.0071285568079181615,-0.014166938116082875,0.006755479773712156,-0.004655256797481196,0.009656823110642714,3.936791091248782,0.6252395368262821,-2.7196701099884497
0.007181679783457777,-0.014203181318403084,0.006813850093385973,-0.004568862985353489,0.022080517915739246,3.925947383835035,0.7084446958107348,-2.7051097948764458
0.00719516142223998,-0.014211726385757198,0.006828891470964425,-0.004547795233196157,0.025192630751098063,3.9236991415529983,0.7290417166586578,-2.7015579625020547
0.007208840566023662,-0.014220077007469398,0.0068443114233154466,-0.0045268549148337256,0.02833433224406139,3.9217327703326172,0.7497043616301083,-2.698072704943057
0.0072226934747414645,-0.014227986893387312,0.006860315023214678,-0.004506468126054044,0.0315268227358215,3.920479686429663,0.7702406462337241,-2.694891370331627
0.007236615366242544,-0.01423556213114482,0.006876627855718767,-0.004486496894723246,0.03471074330146587,3.9196461707229786,0.7906383204325146,-2.6918720353035606
0.007249889277621322,-0.014244102092742407,0.006890726899156977,-0.004465093517599724,0.037689868572065126,3.916123566149104,0.8110320367422766,-2.687452016153403
0.007262808877803316,-0.014253421004704435,0.006903278390605319,-0.004442454205524213,0.04054174584306531,3.9105503642919817,0.8315254734517447,-2.681931941151095
0.010348797526532299,-0.015045718894323906,0.008198040466820954,5.667249818806628E-4,0.2544536796697941,0.7318814708461899,3.306401244550717,0.4510281559919295
0.010333338576749158,-0.01504602888375825,0.008201176324964072,5.417826439333035E-4,0.25503674446292884,0.7529389066063826,3.3068135242745735,0.4309677761167601
0.010364899964343989,-0.015045199813322455,0.008194980718071405,5.927257422729562E-4,0.25387596349153724,0.710061753081018,3.3060388215406893,0.4719525813703184
0.010381287682426629,-0.015044135159801941,0.008192730871484854,6.193024556153506E-4,0.2533927693330474,0.6881622159746543,3.30618072752295,0.493397967820481
0.010397415927942267,-0.015042524892910325,0.008191431233804352,6.456001854535112E-4,0.25304241115347503,0.6669088968874043,3.306870892476319,0.5146849499707643
0.01042962673187598,-0.015039919113282705,0.00818708005117641,6.979133487110844E-4,0.25214538944736015,0.6240095805778987,3.3068424282397104,0.5569496188061892
0.010413539389836947,-0.01504163727557637,0.008188529578740939,6.716706441054649E-4,0.25247342145697255,0.6451946267637471,3.3063965864893645,0.5357131026848768
0.010439744550061235,-0.015052098675650152,0.008160197494190061,7.102931218580554E-4,0.24880204204718465,0.6034015426830669,3.2894147692499858,0.56532611425388
0.010457067372247983,-0.015054655982366265,0.008149760885053309,7.369540692285083E-4,0.2473009173991447,0.5783473011206007,3.2837307019607485,0.5863310663430473
0.010475261984287011,-0.015063198518259907,0.00812727107056293,7.628868039199519E-4,0.24440593908621344,0.5492045640408575,3.269864735380397,0.6059185506753472
0.01049280832685006,-0.01506546537052438,0.008116973746739553,7.896953286342887E-4,0.24302238583180993,0.524284496839064,3.2641211115386852,0.6270132386248863
0.010509461804599884,-0.01506716761119174,0.008107889589934162,8.151907679944938E-4,0.24182126317365313,0.5008988338283519,3.259046348667379,0.6471337253142071
0.010095294585259847,-0.01505771281937158,0.008214246540426783,1.547998450717542E-4,0.2604526672935261,1.0682161756977224,3.281171710045895,0.11962457963575447
0.010111157458583176,-0.015058121070381097,0.00821228710255486,1.8050371586943889E-4,0.2599062425032508,1.0465966564799143,3.2826401500390703,0.14015259860731766
0.010127242583906942,-0.01505719233145583,0.00821278044613971,2.0666955189145816E-4,0.2597192299493183,1.0257232389209507,3.285702666991654,0.16114744759303834
0.010253498145194592,-0.01505277193426808,0.00820451252386508,4.1164373248027826E-4,0.2566141085708322,0.8577811993494461,3.2992280726716348,0.32584289514389386
0.010135750519636928,-0.015069564415138365,0.008187509444727716,2.1928662950279593E-4,0.25634977679842924,1.004647073076557,3.2703172500202258,0.17020099014873338
0.010149981385313474,-0.015071186618810739,0.008182886604122842,2.420556158657597E-4,0.25550559548826324,0.9843628931412399,3.26955726879457,0.1882659050899065
0.01016548449682778,-0.015072147947997638,0.008179282367820841,2.6690380468314946E-4,0.254794552629392,0.9628811792682416,3.2696133275397927,0.20805055504288258
0.010245136701349265,-0.015069369241636417,0.008173293524342802,3.9527023426696566E-4,0.25284289447619607,0.857737195539405,3.277163563531737,0.31102387569487483
0.010229786826223193,-0.01506814565934831,0.00817825611004549,3.708356001976608E-4,0.2536491980971263,0.8792998192244946,3.2783944324956704,0.29158974925719616
0.010214532283382274,-0.015065279353492365,0.008186281047029976,3.467560382429908E-4,0.2549677612721127,0.9019098116121864,3.2816110697638825,0.2725899842002768
0.010182506998710891,-0.015071830224941081,0.008177837246063214,2.9432036112819407E-4,0.2543710198639053,0.9402922896749696,3.271270730193692,0.23000988844308232
0.010200150821812113,-0.015069968286433914,0.008179141060839992,3.229340175246957E-4,0.2541861371734688,0.9179463833987674,3.274766977084735,0.253068911114032
0.010270021231898753,-0.015051731849395284,0.008203499407367107,4.385062776025796E-4,0.2562467388114598,0.8359495775844837,3.3007169404618844,0.34748717835302134
0.010286236016706309,-0.015050013994690192,0.008203688587856138,4.6500478690894966E-4,0.25603866241845225,0.8149437410694184,3.3029062065088994,0.3689180176203149
0.010318093520648755,-0.015047673079962234,0.008201467643931442,5.168558810587895E-4,0.25530386530221577,0.7728299831010945,3.3052551298985406,0.4107678776878137
0.01030225139097016,-0.0150490866813267,0.008202171472341589,4.910197056892531E-4,0.2555845526384546,0.7936156967212306,3.3038492258960086,0.3898990674775659
0.010031365215147274,-0.01505895830342987,0.008214581628122873,5.096908484128622E-5,0.2616239003392238,1.1524685501626408,3.269529609793746,0.03659857689931972
0.010015394566292789,-0.015058009082807342,0.008216714132163691,2.5048121819165288E-5,0.2621802205726531,1.1744819601085974,3.2677872075945875,0.015980385330339117
0.0099999291394066,-0.015056887244773484,0.00821900985777547,-7.50730487969231E-8,0.2627589073158543,1.195954491345651,3.2661776454188947,-0.003985713605886314
0.009936330959581888,-0.015057294941322956,0.00821665785477895,-1.0339912134691246E-4,0.2636859296372976,1.2791923760993826,3.2511282355361204,-0.08623524724952275
0.009952441483262537,-0.015057038621739247,0.008217833246590847,-7.724087395422628E-5,0.26352245121092355,1.2583526071199802,3.25542688370091,-0.06543178646381188
0.009984351836294264,-0.015056626533410231,0.008219421240804587,-2.5394879188664807E-5,0.2631333888597856,1.2167738375621502,3.2632356186257567,-0.02415715107075711
0.009968618862741023,-0.015057361400579741,0.008217671558786185,-5.094904941108611E-5,0.2631728150656297,1.236804552623604,3.258787757016448,-0.04452733911114453
0.010047577046594291,-0.015059546846009547,0.008212977214841323,7.726821995170855E-5,0.2611378286817228,1.1304152757825865,3.2715888039517327,0.05754968559506269
0.010080028960943609,-0.015058553487282763,0.00821351503963881,1.299758221785571E-4,0.26064261888835955,1.0879767173237902,3.2779519804163684,0.09970455000946077
0.010064025392642744,-0.015059701470632765,0.008212037451744085,1.0395067083263225E-4,0.2607133457045658,1.1083789173547414,3.2740504455090433,0.07884157107732931
0.010088379038264388,-0.015070808563432259,0.00818874628413849,1.4277166939333664E-4,0.2573056177124063,1.06684858832273,3.2630559574849327,0.10896067689421356
0.009793569841670915,-0.015054196990513725,0.008208793090283118,-3.3521928155403946E-4,0.2654470915566383,1.4659236026850462,3.211501005639427,-0.2694748509559861
0.009825555239015323,-0.01505389370471304,0.008213811316917204,-2.8346444330686684E-4,0.26548975989836215,1.425623515725711,3.2229648235557984,-0.22868688204623003
0.009809843966442735,-0.015055173611662379,0.008209189061739187,-3.0874395442502875E-4,0.26516059314517054,1.4442879650520621,3.2159936589719327,-0.24865651415784332
0.009857052493639417,-0.015056132396281079,0.008212984771712062,-2.3214814609584698E-4,0.2647472550208861,1.383014493694225,3.230286816284869,-0.18821581777047391
0.009834164259520793,-0.01506703957355767,0.00818876815015017,-2.6792970306973977E-4,0.2619696307317233,1.4013588589623505,3.2090969064968475,-0.21697239412909183
0.009847883804939544,-0.015070095286000184,0.00818429211780955,-2.454714800007695E-4,0.2610899118042052,1.380889797103791,3.2096143058162734,-0.19939556592275862
0.009889419592007427,-0.015056036740165661,0.008216165330198276,-1.7964833369868622E-4,0.264554240376047,1.341400096144391,3.240087643624531,-0.14667785146297294
0.009873500379509114,-0.0150572532076587,0.008212368466633512,-2.0537050201861986E-4,0.26433733596747233,1.3607473554707463,3.233866263657753,-0.16708607598419778
0.009897972656913116,-0.015068714278006438,0.00819164714430912,-1.6481919427472402E-4,0.26112734733287946,1.3181506126141351,3.2262423820428374,-0.1355732679557749
0.009911635486999673,-0.015071379483504848,0.008187316049274015,-1.4258470457483645E-4,0.2602904635795636,1.298028258630085,3.2265672374758183,-0.1181097441483925
0.009927767414030734,-0.015072908512165506,0.008185239344577709,-1.1647491308580092E-4,0.2597195590831968,1.275784524342516,3.2288362315518175,-0.09750868343282733
0.009729417939295229,-0.015051554247143177,0.00820298138595116,-4.3932435242183314E-4,0.26594971280641283,1.5491962866034095,3.1903389910810116,-0.35114425894884066
0.009746229037009559,-0.015053050288730005,0.008203195559604706,-4.1191589053508367E-4,0.26562598305501656,1.526635475549506,3.1951691396249724,-0.3297083547837465
0.009762713174246535,-0.01505286588539115,0.008206487630934787,-3.8532600585427677E-4,0.2657718987103806,1.5062196033364204,3.20176829178351,-0.3088522854049942
0.009784403213929819,-0.015068706956280485,0.008178624525791824,-3.4778932912702575E-4,0.2615524340169626,1.462381751151761,3.189899724840117,-0.27990501688084096
0.00977078507216314,-0.015065410304709174,0.008182967605748388,-3.7020404008631573E-4,0.26242526169531116,1.4828377156781198,3.1890427318758885,-0.2973856715103909
0.009454816395506277,-0.0150131072153346,0.00819820438860519,-8.915271674370683E-4,0.270623759983697,1.9239877968791255,3.0976331066404446,-0.7008539235698058
0.009439134412961073,-0.015011724992355632,0.008194657245952712,-9.170283321316713E-4,0.27041585378887084,1.9436180824401255,3.0896138936683095,-0.7202821805797455
0.009423275449372125,-0.015010097992795776,0.008191339527745317,-9.428830787212751E-4,0.2702612104321709,1.9636591292836079,3.0815941880298166,-0.7399386114625931
0.009492093021267559,-0.015033398380941013,0.00817235494174426,-8.245739228721476E-4,0.2664266711952729,1.8548886166180758,3.095832317518393,-0.6492742182214676
0.009461205302993563,-0.015028322121245871,0.008170721516279107,-8.754345079336935E-4,0.26677127906690407,1.896627658858286,3.083656537827722,-0.6881407596201874
0.009476386189421636,-0.015030866940315182,0.00817151335328077,-8.504173480561309E-4,0.26659769837131636,1.8760809194967727,3.0896764040833955,-0.6690339592770443
0.00958678912970829,-0.015042347627339143,0.008186071092750295,-6.707610679018654E-4,0.2664856219496316,1.733258958002347,3.1364845653315747,-0.5310775128169732
0.009571084030854887,-0.015040027609442086,0.008185895852543477,-6.9656438132823E-4,0.2667563136813392,1.7546721519178405,3.131211355113798,-0.5509913620026704
0.009555928646965592,-0.015037700642696801,0.0081857308371321,-7.21499271923267E-4,0.2670265416635671,1.7753898282632081,3.126044298253353,-0.5702158610964053
0.009508175817035289,-0.015035521943328677,0.008173952455360888,-7.982807343430562E-4,0.2663540048315602,1.8337083695910776,3.1024895189255646,-0.6291487944166388
0.00954078843830382,-0.015037292752937666,0.00818161570687944,-7.457828681710615E-4,0.2667841922322188,1.7936509771074085,3.118403431635254,-0.58890427885796
0.009524666809991733,-0.015037149169075318,0.008176479987321033,-7.715026011393044E-4,0.2663649925857074,1.8125926794802567,3.1097628892916993,-0.608628100205855
0.009602948102731847,-0.01504419215737758,0.008187137446268812,-6.443762182154978E-4,0.2663280918179809,1.7118133686565782,3.142366365982436,-0.5106918866278863
0.009682228479963438,-0.015047778439579542,0.008200457137121168,-5.161783339047893E-4,0.26653274648770825,1.6116984499545788,3.175095586141678,-0.4111609503743176
0.009651097658760193,-0.01504515268610475,0.008198177561295178,-5.668893677214991E-4,0.26684942747157075,1.6527039187981065,3.164284610470739,-0.45061707421064695
0.009666436191151985,-0.015046704183669804,0.008198876978585116,-5.418438904399495E-4,0.26663270044606563,1.6322378337728842,3.1693863789393144,-0.4311435879738385
0.0096358439983915,-0.015045083972604486,0.00819439343109316,-5.914081463572907E-4,0.26666447605177823,1.6712733700274267,3.1572219944596895,-0.4696771490689193
0.009619584451991361,-0.01504535530360023,0.008189494315719609,-6.174120613664048E-4,0.26630037733489814,1.6905263644336423,3.1491088459067225,-0.48983129174922
0.009719365524686892,-0.015065895916363169,0.008172586799025968,-4.526389610265829E-4,0.261981316254478,1.5460382216308277,3.16839368309798,-0.3619558137301399
0.00970471665008376,-0.01506137572095487,0.008178491041123061,-4.7704622920383247E-4,0.2631712586294295,1.568945926329021,3.1679184168771384,-0.3809008324384439
0.009689334567396311,-0.0150633152817309,0.008171316492052653,-5.012638007495686E-4,0.2623841714750235,1.585621178797109,3.1589990021803076,-0.3998332531505681
0.009328941570579405,-0.014997637329864697,0.008173281581199109,-0.0010974233385393822,0.26947856018370314,2.0844675945563114,3.033232049533705,-0.8566777900503794
0.009344615411868405,-0.014999871858781114,0.008176412025259707,-0.0010717216096193386,0.2696321266915882,2.0644301567805132,3.0415426372775847,-0.8373590799984832
0.00939188202428612,-0.01500598933780603,0.008185979936146308,-9.943734990656046E-4,0.2701227152288747,2.004226775684316,3.066199177189717,-0.7789932659504927
0.009376202491153292,-0.015004095428844169,0.008182721171184786,-0.0010199933302618644,0.2699311828543625,2.0241155001415443,3.0580499771156977,-0.7983596261983034
0.00936040833639837,-0.015002022519586398,0.00817958128939972,-0.0010458511988505833,0.2697936656787347,2.0442738356003356,3.0498451181857664,-0.8178743108462022
0.009397927429983407,-0.015021461363131742,0.008158247850593837,-9.780928394632078E-4,0.26621415893582073,1.9763973279944598,3.0523592884955915,-0.7660584859101492
0.009413450752732496,-0.01502423875875325,0.00815943157175237,-9.524829633963497E-4,0.26610947595011897,1.9555197551419548,3.0590539510088024,-0.7466407494774082
0.01578395204729838,-0.009869017731453872,-1.5107926477696658E-4,0.006930020686476254,0.1851476342054265,0.12197336402170357,-2.492964969642619,0.5610026339352436
0.015778670635465102,-0.009968428233168748,-3.285980855341668E-5,0.006943152160084304,0.18625346305934135,0.03432605973879701,-2.489390605200183,0.6522655709741242
0.015735199164111664,-0.010054751920082572,7.084301477761869E-5,0.007012157319211729,0.19282543677154784,-0.04382511186529684,-2.5165250363572853,0.7514118396277123
0.015765724088094273,-0.010139929339244928,1.7256800787961008E-4,0.00696068014553827,0.18874002113226931,-0.11908544884282508,-2.475201684957996,0.8109239940600826
0.015782974633768213,-0.010225821254957792,2.734505953153476E-4,0.006926656779355692,0.1889058422808395,-0.19248743632086082,-2.442750128331753,0.8746387127048214
0.015738565150818604,-0.010382923217696982,4.669351007428049E-4,0.006973836291220731,0.19404392118111094,-0.3344314185228516,-2.4396481462975648,1.0348628499804817
0.01577752706826609,-0.010308565072903052,3.7232085283287874E-4,0.006925025831968961,0.1884545747816648,-0.26443018653455824,-2.4274702351577755,0.9478149094367437
0.015720592473476385,-0.010536550749671907,6.541299349623086E-4,0.006968104021509908,0.1960910400184488,-0.46944655084537257,-2.4033228014142654,1.1731854221658082
0.015769598444174297,-0.010456573326863132,5.482556128670442E-4,0.006910979024258903,0.18911340284790515,-0.39249444404626627,-2.3914220305785667,1.0753294143717196
0.01577677297296566,-0.010632821753588493,7.508567787369062E-4,0.006854939835608149,0.18936750715789688,-0.5350941189013493,-2.3234641417813187,1.2072354738627407
0.015869439351813515,-0.009780768265705769,-2.4604174225881123E-4,0.006789832578149877,0.17577305279406572,0.19214100699544895,-2.42148467023283,0.4489834733012414
0.0160729521376962,-0.009201865227735384,-8.18350631627057E-4,0.006360136642708171,0.15367582743489236,0.6097303904621193,-2.1985846331104466,-0.0685885920118837
0.01603802026731411,-0.009351709552871483,-6.781537065680298E-4,0.006455603472417205,0.1575816880122571,0.508946344307097,-2.251488018087962,0.05071552048419214
0.015983176303444348,-0.009724290034449247,-2.949979858764319E-4,0.00661299005593508,0.16524481603675484,0.22802618513179312,-2.3264665778468383,0.363782181174453
0.016032531256250176,-0.009618095784613713,-4.0126990143596444E-4,0.006524902426473849,0.15914923108981174,0.30666480880485153,-2.28316312651312,0.26396743291470876
0.016050570529424813,-0.009494539950316105,-5.273400190735372E-4,0.006474405285832847,0.15749479374425077,0.3982565394900151,-2.2597523815881257,0.16151613702890846
0.022756963875171225,0.007728682020038913,-9.076791716595185E-5,-0.0012067689257205577,-0.09793543713450649,0.1432768128182619,0.4896203363300105,-0.11528463514968802
0.01750977875161685,0.0035568972745693705,-0.0020926374497295015,-0.0019523751239088755,0.04475824557910848,1.0710988736983806,0.284207037422677,-0.950187598392611
0.021945945550750988,0.006926793645163697,-2.208865964941559E-4,-0.0015085124023629223,-0.10402290830459755,0.2580701512363311,0.4801712446006809,-0.22529090992097858
0.02107968753784615,0.006689722501606069,-3.87153261477717E-4,-0.001866025886482064,-0.07928042000282752,0.3601313731600333,0.5088126247602545,-0.3192359376325559
0.020103794616312964,0.005863621806753293,-7.167245115040965E-4,-0.002091790585317103,-0.057806444411075346,0.548717385579316,0.49962344280377863,-0.4913827362440721
0.020776368379306024,0.006071474437709452,-5.126536452548286E-4,-0.0018629655367959092,-0.08283330132757953,0.44439400738972223,0.479626259671337,-0.3994255971248144
0.019263652979308144,0.004833048896967362,-0.001125058490848291,-0.002056887377099883,-0.0349160468875614,0.7439752442605079,0.42868029691806797,-0.669081858994912
0.019970802285673023,0.005202576903119429,-8.284328250844352E-4,-0.0019352135909432115,-0.06464685372870997,0.6131027007279987,0.44034834159203357,-0.5543665222607589
0.01815243342489725,0.0037968803063308534,-0.0017284632794047304,-0.0019242438024622145,0.011562518127847457,0.9605844044789645,0.3218890129004874,-0.8586252220310807
0.018818631008069898,0.004139270551107133,-0.001379703944536312,-0.0019041415298145657,-0.020781145807358372,0.8424947905074267,0.3581301127370359,-0.7581823766834147
0.01945249981870671,0.004182191180325064,-0.0011063430451955084,-0.0017347523276901305,-0.054468516095330974,0.7389708357464463,0.35080473633661263,-0.6711491485527288
0.016009300385371683,0.0014838055758275956,-0.003031869967991142,-8.971154591178665E-4,0.09247331818324482,1.1746108387329335,0.039648608039096526,-1.0399680968618183
0.01596635331746798,7.526302788694288E-4,-0.003049439555824481,-4.522561807619601E-4,0.0873901862815311,1.148935686626241,0.015558424074260441,-1.0201613632240436
0.017405591992782094,0.002879330047757969,-0.0021838121394499002,-0.0015876570437714716,0.041340180215432364,1.0696229058734579,0.20532570907444506,-0.953257343851681
0.01662655930187808,0.001992668483927276,-0.00265776299593114,-0.0011675021531411063,0.07086603609306495,1.1396664718679907,0.09793918478108468,-1.011836293655052
0.017325620663971638,0.0021909921295063693,-0.002247682472206597,-0.0012097831058270443,0.038008312190569056,1.0615346857389032,0.14012290418176174,-0.9484370962195391
0.015478553970866943,-3.9313982705562454E-4,-0.0033428143566091623,2.3956286663983893E-4,0.10324067373597869,1.1640724441264936,-1.0402960304528227E-4,-1.031418377819169
0.015638987958662646,-9.919146172073067E-4,-0.0032525936750056384,6.046914188269377E-4,0.10217311696346142,1.1753877560066517,-0.00980804354485039,-1.0404610718998504
0.01606120472243784,5.0916159992866E-5,-0.0029894998845343868,-3.0289399620770497E-5,0.08182318511117352,1.1338015156921333,0.0012953913911228972,-1.00739209902401
0.01586503423088127,-0.002134293066105756,-0.0031337826965935657,0.0013145445154513196,0.10925848375674403,1.2287943889391266,-0.05979378651654207,-1.0819211923835292
0.01573021985199482,-0.0015685931366240529,-0.003207500604265137,9.611786280568443E-4,0.1050622766276103,1.1998766381528732,-0.027605528048064962,-1.0598165708230172
0.01575887037393828,-0.0030016175621173716,-0.0032209313680970873,0.0019010202192693748,0.1325400176227076,1.3244452897436927,-0.11061625735001314,-1.1548291757980336
0.015980130385766123,-0.003438613023869636,-0.0030696500285830406,0.0021773151952086244,0.1300261708202943,1.3386689261945632,-0.17935706160030718,-1.163964827786904
0.016146680039863633,-0.002654184823936502,-0.0029575853434233848,0.001627752722187455,0.10487687478743023,1.2387722210665544,-0.11713438071793812,-1.0890131621653971
0.01626142072108537,-0.0022555005662867563,-0.0028825677225342993,0.0013616936661085518,0.09283463154019775,1.1956206845545425,-0.09480440804871285,-1.0546591936457794
0.016193224713680336,-0.0038745105437679984,-0.002911278374134605,0.0024458546058080265,0.12695489082773212,1.343330446707709,-0.2596890559466256,-1.1640327658631893
0.015786186442610158,-0.005670803610791599,-0.003071149812676849,0.00397802285587165,0.18810353623878268,1.6858054416676302,-0.665312798745786,-1.3803622051159965
0.015991287194128307,-0.005962336995445964,-0.002836652887469523,0.0041292104082986695,0.17290340759574552,1.6171759693258785,-0.7814954142233052,-1.314565817562235
0.016234039373577997,-0.004724589208781421,-0.0028306942254717193,0.003050263659194223,0.1397716679513891,1.41769023178202,-0.42122062822422884,-1.209562122695447
0.01620954303074194,-0.0043467767246814825,-0.002877300541527156,0.002779815637606351,0.13499562993502282,1.3881178255484363,-0.34133474048683615,-1.192736155370234
0.0160406209520554,-0.005363466714015012,-0.002906120603069945,0.0036122679396360705,0.16319716450856372,1.545346199848944,-0.5753467375039487,-1.28931604386557
0.016299943494264463,-0.005102690120435712,-0.0027402829288839677,0.003309952214953446,0.14087653168893086,1.4317301604676198,-0.5155655111674625,-1.211331972236503
0.016542861078583194,-0.004914204335779385,-0.002586834773941634,0.003085452089857992,0.12116671715536001,1.3434697183359106,-0.4799099385910173,-1.147798049051762
0.016357165774494697,-0.006941457443908526,-0.002229721758017828,0.004681703092835503,0.1420167383891767,1.4084990401452162,-1.157368448053499,-1.0908563937534888
0.016225509366854525,-0.006753393463660284,-0.0024054614619672147,0.0046338566267357184,0.1531187410889736,1.495359116324333,-1.0986574241943554,-1.1690899398163375
0.016220635383966772,-0.0065158924039942015,-0.002493593259439023,0.004449116519279365,0.15403722642560183,1.5134559909834806,-0.9960519711448445,-1.2021528076327002
0.01612008524549089,-0.006252422323834116,-0.002655554312831147,0.004298778671769991,0.16244437445085988,1.5663461539089314,-0.8943772835817606,-1.2602030308518943
0.016132441304987814,-0.007602193626255068,-0.0020689763634152178,0.005367386151968034,0.1534704631328858,1.3999878896112932,-1.5286395454520096,-0.9889247638350734
0.016119571313690843,-0.00785978927597467,-0.00191701836009673,0.00556770841077732,0.15369202430536252,1.3261743503683772,-1.6608841975347968,-0.8903216690730417
0.016182218632410754,-0.008085376091456473,-0.0017196667237485113,0.0056544931935013565,0.14666418494372044,1.2043252440082617,-1.7380929221710348,-0.7675958294392755
0.016203916865399355,-0.008271080705628858,-0.0015703782229876354,0.005746405837543696,0.14424481120932886,1.111620401529285,-1.8080329800981298,-0.6674919063555489
0.016206673368164146,-0.008446229509823586,-0.001433515191558418,0.00584463726547436,0.1432394868372379,1.024805519507111,-1.877189465990815,-0.5697895726565751
0.016187889090671124,-0.008611210974122624,-0.0013093893223809496,0.005955592835540293,0.1447392193417942,0.9446862197704949,-1.9498065101252118,-0.4741606055368737
0.016148979922892992,-0.008779581227868889,-0.0011836291437075548,0.0060872397205890124,0.14683019463306554,0.8633773854769623,-2.0319766817499336,-0.3702812018330844
0.01618729656233323,-0.008968475979845,-9.973606529115866E-4,0.006121185033387388,0.14474342910683533,0.7310475236529307,-2.0610227530755405,-0.240435034721336
0.016217758789114103,-0.009147286223212012,-8.218082886184208E-4,0.006147796104221341,0.1427876507294948,0.6050434541418022,-2.0819996416498143,-0.11675727151899906
0.01634521568574066,-0.0072135831531059125,-0.0021180941960330796,0.004891741983231504,0.14039162462091756,1.3728220585840571,-1.2796702985088781,-1.0345925742772526
0.016354096425033753,-0.007446028273083521,-0.001995653653091472,0.005050581741175442,0.1397047183417304,1.3201998280487766,-1.380199721262404,-0.9683963437424562
0.016535594218356955,-0.007079882289578891,-0.0020432505274332107,0.0046453535648203915,0.12979112699409526,1.3025759738661842,-1.178357955652079,-1.0045136570668345
0.023903814623770562,0.007011192952646589,-2.915050935333496E-5,-5.848200676270575E-4,-0.17847098908012224,0.09518115379920171,0.4630963879117315,-0.07052194919304118
0.025,0.0062948915206691575,0,0,-0.28260050897433125,0.001819227681648922,0.4733672256891384,0.02290585927009277
0.015126586980760588,-0.012006873101484752,0.0026876829806833256,0.006875689767230409,0.24057618761665028,-1.7787476229617807,-1.724432251154925,2.6308726716751543
0.015148455211440906,-0.011943099773191173,0.0026052509426773597,0.006912868761901504,0.24113884562066504,-1.73651655474422,-1.7785518050682338,2.58944610549904
0.015157746540682575,-0.011882247640950878,0.002537146464567159,0.006961930743372628,0.24356176474833255,-1.7035918948052677,-1.832162183283706,2.5636048236098037
0.015305109094800873,-0.011655036226479088,0.0021701255601726754,0.006968607697223261,0.2329377407920972,-1.4840318335713636,-1.9790670494850804,2.300124012874638
0.015272246185700415,-0.0117056365810421,0.0022512868798388497,0.0069705816501826464,0.23498626717415902,-1.5339219667013626,-1.9497311054675224,2.3603014479451656
0.0151952640209886,-0.011787010213987821,0.0024054992186899157,0.007003286279699023,0.2430782350527997,-1.6306412801932162,-1.907170833995229,2.487386665146817
0.015234813551889981,-0.011749309813128937,0.0023300017246127053,0.00698342623886745,0.2387075531300176,-1.582948251863683,-1.92627993257673,2.4232598360391844
0.015214323793454394,-0.01185166041493817,0.0024515563187561466,0.006914987173168851,0.23666829759651034,-1.647304395422239,-1.8425874174123518,2.4802982790559067
0.015711733011580593,-0.010820718878868556,9.882443738823507E-4,0.006888957202465387,0.1966796354831428,-0.7028495396953759,-2.2910506411592557,1.3957907269854688
0.015760846384002377,-0.010742044981001283,8.805793284937246E-4,0.006843871733272898,0.19078628781770332,-0.6255844628377014,-2.290829163628327,1.2999789983691679
0.015566212936424323,-0.01112841309773056,0.0014083189561275979,0.006961629475340631,0.21143874249283814,-0.993129522413066,-2.223154548987576,1.7352378354784317
0.015567695593108008,-0.0111968018051676,0.0014840782410028392,0.0069198688494034035,0.20953268305819153,-1.0410677978203227,-2.1792017336775023,1.7756246764350205
0.015634752625759314,-0.011074277242993456,0.0013101886390840584,0.006888527169066956,0.2032622073700638,-0.9230669675930726,-2.21110313554386,1.6349937357005861
0.015693930087797417,-0.011003654012674802,0.0012021575468633171,0.0068358575952146535,0.1969096346422259,-0.8463354975591199,-2.211299693587966,1.5351044808374097
0.015725833172313984,-0.010909425485530205,0.0010829288125035208,0.006831259074200444,0.19317366360463017,-0.7655660948335566,-2.237989766798371,1.4457460391768746
0.015338208810258104,-0.011596914277211755,0.0020814499062421304,0.006970634748849943,0.22930956376702863,-1.4294242113888522,-2.012420983354556,2.23616852028533
0.015352044320153647,-0.01154099161795424,0.0020107363966537467,0.006996424929952215,0.23031229523310964,-1.3880561227668515,-2.0509159024526027,2.195606991968016
0.015393237052247469,-0.01149520499929789,0.0019292798543583962,0.006972719850468015,0.2257011102554565,-1.333893547755394,-2.0669584116109543,2.125357531061631
0.015424286757464115,-0.011437075257274274,0.001843165434528754,0.006971333371425769,0.22365383807422257,-1.2788861145728492,-2.095318552269472,2.0613463043238807
0.015454379107780197,-0.011365387217968438,0.0017433506696663491,0.00697863546984595,0.22129222763033618,-1.2153458526812482,-2.131759277752275,1.9907546588408953
0.015511433223505473,-0.01131352121702892,0.0016477809621311984,0.00692989063262342,0.21465949362312173,-1.1495358043125314,-2.1357489177093325,1.9006070538864963
0.01557408871086597,-0.011270763840489192,0.0015611656130251359,0.006865575050255985,0.2075467524490868,-1.088149943889824,-2.1278074760315455,1.811633034370207
0.014796515946062246,-0.012480777734890171,0.003471330004451614,0.006716890134750923,0.25241745117432357,-2.167908954191659,-1.2753746943872997,3.095835389136212
0.014828221375499023,-0.012443717637509264,0.0034031629276020767,0.0067294644112586245,0.25136390951612914,-2.1366979602092724,-1.3163121672483518,3.056254064040633
0.014864072605857759,-0.012403204264747383,0.003327127207553397,0.006740273135402136,0.2495953260498525,-2.10051686896407,-1.3597853913042834,3.009921152483015
0.014898547588960078,-0.012364035309719097,0.0032540067119769954,0.0067493408453220384,0.24786122343353867,-2.0649937446029756,-1.4003942858708358,2.964708795967471
0.014930441847343828,-0.012325719719345329,0.0031848471333535827,0.006758902811037445,0.24634257812662405,-2.0309290451630866,-1.4388511338578376,2.92197935924283
0.014955883060900198,-0.012291811964161431,0.003127044014280342,0.006769575466379141,0.2455208135083667,-2.002644787870882,-1.4717311055893205,2.887481004391478
0.01502276976970144,-0.012243934805365357,0.003009420194091556,0.006745175072875612,0.23936956071839213,-1.9363599286580422,-1.5145480045981972,2.793907491220771
0.014993861030584948,-0.012282695696150628,0.003074607245054889,0.006734888354219118,0.24062048962325808,-1.9692341601924626,-1.4788938428435345,2.833820798456833
0.015063193315388336,-0.012193476380517376,0.0029214503672359946,0.006753268964697719,0.2370091152922018,-1.8903999737883532,-1.5589165535145606,2.7369707085800163
0.015107990788124016,-0.012163001437410285,0.0028460253889192634,0.006731824385254981,0.23282205391497315,-1.8463146032108504,-1.5817175755514943,2.6746404292185018
0.01512437226874087,-0.012118798305625109,0.002790325121328358,0.006759436482013826,0.2333644785046862,-1.8195923461801462,-1.6204011503454312,2.6485739123928904
0.015135963827729677,-0.012065366170122396,0.0027309348158062632,0.006801851607737425,0.23566711008981264,-1.792790545941943,-1.6677687395290712,2.626836162649234
0.01480813378542728,-0.01254500560578053,0.0035008184616472015,0.006619943032934632,0.24492947060764927,-2.163236927390535,-1.2120733337682215,3.064215785871973
0.014837737209741863,-0.0125935794268088,0.0034943782010912463,0.006525169711379815,0.23590502707560637,-2.1411477331507793,-1.1686512314857118,3.0103115525083783
0.014747960205599426,-0.012706439862798699,0.0036829937967813304,0.006467111499402315,0.23728510174055364,-2.216635446617383,-1.0419714034156102,3.102506682145451
0.0147946587428852,-0.012693946649187188,0.0036131229285122036,0.006437516086620239,0.23199649356950433,-2.1786987613981017,-1.0643113253061478,3.0420242005785556
0.014828467798692896,-0.01264938176120072,0.003541734991759921,0.006462107010113171,0.23183427920529628,-2.1508313429498753,-1.1135057218424385,3.008719381795452
0.013933709821067349,-0.013525745253711604,0.005184991966592645,0.005785386441263733,0.23425224960393312,-2.5597363454971753,0.17494322058167502,3.580275825878609
0.013962061174488947,-0.013501483714814909,0.005138072543113748,0.005814440338712496,0.23469869278697428,-2.5577870754140757,0.13124748463442334,3.574521979072108
0.013986125788492254,-0.01347943175834836,0.005097928837588467,0.005840923852729579,0.23529738054850707,-2.5562805070073353,0.09331807330002943,3.57037960395668
0.014674604579254692,-0.012772888059433657,0.003821374343023777,0.006447114652581474,0.24005429764675412,-2.2741869130673167,-0.9574442066069514,3.1804960625168577
0.014736996545886338,-0.012766749925362473,0.0037321231071178874,0.006396051922674332,0.2326953930933425,-2.2233619620770173,-0.9814244939313984,3.096190988164191
0.014636669185421168,-0.01282701527221175,0.0039033725139941107,0.006406605514457564,0.23959484319076624,-2.300385920493412,-0.8931825173300394,3.2104240569917186
0.014605280646397866,-0.012880629336955126,0.003974680126368534,0.006358757766799621,0.23785439955712384,-2.3193524035124446,-0.8306480929563493,3.2290280755904717
0.014567323413516258,-0.012917167025988423,0.004046465579403697,0.00633945184221488,0.23846993317053364,-2.344591387399966,-0.7808803595886675,3.26316384887928
0.014023519791710232,-0.01347491653112209,0.005035964862657567,0.00583179234895484,0.2319037911283741,-2.53648755617422,0.05612665370301629,3.531140633067693
0.014062033896491733,-0.013448788538188575,0.0049717701111502395,0.005856737855828964,0.23124281667908475,-2.527055150921228,0.003285642381729389,3.5124962736266916
0.014097934664244485,-0.013420197282444613,0.004911439587413832,0.005885711688941259,0.23113619765594243,-2.5193199867277283,-0.04830588099170483,3.4980553097408165
0.01412878635609735,-0.013385631344018146,0.004858231679659485,0.005925770580621246,0.23240037648727552,-2.5165334435720017,-0.09999851557903607,3.493987498399578
0.01416493327330371,-0.013355363141653332,0.004796321385972879,0.005954910122491033,0.2324082169600938,-2.5070038735715645,-0.15247163095298769,3.4778636805982788
0.014203225784069691,-0.013329113776217245,0.0047312709493244265,0.00597513056954293,0.2316703401316522,-2.49302610120144,-0.20272709551432586,3.453965916341744
0.014242392323030194,-0.013304979924371593,0.0046651683497623934,0.00599019579057469,0.23056204882299278,-2.4765147662491107,-0.2510982056152309,3.4259991131475735
0.014435700611613183,-0.013068952729957579,0.004303035351205203,0.00622235938824068,0.23739846081481233,-2.4157555887761,-0.576817939086934,3.352880793691818
0.01440928567871783,-0.013119901432031851,0.004360232974096333,0.006165033748464394,0.2340129926767578,-2.421508013497137,-0.516456867157376,3.3535472403520585
0.014380079982871725,-0.013153562335183647,0.004415058367847809,0.006134902681893451,0.23374487081430778,-2.4330767490361453,-0.4697881001070252,3.3682311902571307
0.014286388816989957,-0.01327682740626662,0.0045907781468850885,0.006007291073878842,0.22928019162294414,-2.4572348641920283,-0.3050803823775481,3.394064706658201
0.014333338195934927,-0.013242213181658927,0.0045104351139478305,0.006030814390595032,0.22812986003679211,-2.4370962926023108,-0.364913247480481,3.3621731367826873
0.01436813140535947,-0.013199932417959317,0.0044464172610098615,0.006072388063648146,0.22936459678571194,-2.4268422988232277,-0.4223087108932823,3.3497541308885608
0.014526169407306035,-0.01300848090324594,0.004145591611353237,0.0062408528756606055,0.23330546097952887,-2.359884094830887,-0.6776796298840421,3.268372537128279
0.014575673086732282,-0.012977425002337683,0.004060894011444765,0.0062452915479630855,0.23051423563142734,-2.327289732760338,-0.7282908160676412,3.219254138135733
0.014484628514727024,-0.01308242324849041,0.004234656635728502,0.006164697574676402,0.2298139805569975,-2.3745682219736457,-0.5905940554753013,3.2787353729256177
0.014524883500038346,-0.01306576804561728,0.004169484365541956,0.006158105380455165,0.22683863582369956,-2.3480600355836576,-0.6255900679689023,3.236354584668953
0.013263660003964782,-0.014092992405575393,0.006146390817721157,0.0049004331942722875,0.2103112171430308,-2.363526659073893,1.1892722093629329,3.4146249775246154
0.01322288194616114,-0.014137812457269387,0.0061870073858166326,0.004818319987902799,0.20676787210297512,-2.3289629074754443,1.2468203942767841,3.3712782980761875
0.013260064811919041,-0.014129873917046237,0.006130379052943565,0.004838526056953566,0.20500009280498074,-2.3344222645804806,1.19869928720243,3.3638801278682586
0.013172705307799125,-0.01417083544966599,0.006248651013083409,0.004752600975243021,0.2055971382161735,-2.3020948967844146,1.3138657085673568,3.3471975700531176
0.013210029083440048,-0.01416947082024233,0.006188146931687111,0.004763429214707918,0.2029783776422125,-2.3038076656278785,1.2659315997617961,3.3320255447529257
0.013299098095585089,-0.014073786938182916,0.006098207725393532,0.004937972293636143,0.21029643815048676,-2.376660727951164,1.1412000328251304,3.4223980913255194
0.013381102532808628,-0.013985507272949517,0.006006550016209499,0.005095256363880803,0.21729958647722278,-2.437358258647335,1.0193913941733743,3.4973176898446643
0.013362979395580453,-0.014012250859596466,0.006023860223754125,0.00504860047807562,0.21462281465433755,-2.418876880483935,1.0484154376172234,3.4713804941189514
0.013337213513327222,-0.014065264336438949,0.006039255898735319,0.0049570703133576186,0.20854955305698822,-2.3800642974697612,1.0918681004766115,3.412319496465526
0.013366741496776103,-0.014047988939478853,0.005999174710510768,0.004988958768385306,0.20869098161795788,-2.3902883585382653,1.051753857624834,3.418588858176141
0.013413418515528817,-0.013982024780184628,0.0059534830116751295,0.005102937864981901,0.21501517276515694,-2.434955189874367,0.978148031990136,3.4803609364265617
0.013495139444361842,-0.013936086309104513,0.005835886650994018,0.005181712699852025,0.2151507395705484,-2.4540151507123587,0.8649540515846335,3.4851731373835757
0.013446243193149724,-0.013972432820098198,0.005902559803682443,0.005120252194657306,0.2137301878440466,-2.436483763049097,0.9351885389052965,3.4709245434344935
0.01347749175679815,-0.013963200049061403,0.005854143418302378,0.005136212192346942,0.2121687289705379,-2.437285616599554,0.894672224058095,3.4613030614826634
0.013744288056940559,-0.013716712777930672,0.005481896384410281,0.005522576497358509,0.22537053820095015,-2.531282205186109,0.485061044572629,3.555741129913574
0.013779030560912647,-0.013680725861963184,0.005429881474171593,0.005574964598481507,0.22712204554709217,-2.5403776796348194,0.4282460471994645,3.5654478869010946
0.013807257820785072,-0.013657921403476197,0.0053858366518737995,0.005605873571427438,0.2278443762810794,-2.5424685824799647,0.38560994592500064,3.5642787323869625
0.013843501006561695,-0.013645531126623384,0.005326659161819721,0.00561615032360926,0.22581588729681565,-2.5333332583335557,0.34070750897080104,3.5416568825402583
0.013861337528172674,-0.013605180962355565,0.005301250922086957,0.005678230729807147,0.2303331723252249,-2.5498977326261243,0.2980459756333303,3.569756760428413
0.013898019343402238,-0.013580517487510456,0.005241879645397017,0.005707075338572961,0.22980503350760298,-2.546239600021351,0.24592832439466858,3.5583934306022478
0.013939142945288543,-0.013567335400971358,0.005174251072576048,0.005714032474060676,0.22757770381734121,-2.532264032101559,0.19758150892576642,3.5281704545799504
0.013550536109587856,-0.013879931257482828,0.0057640383966769335,0.005274367100797732,0.2185993445949392,-2.4822754248646604,0.7792575872668852,3.5178045507680364
0.01357948222727574,-0.013864975356659568,0.0057203369045552635,0.005297517085457357,0.2182565686415109,-2.4850518469553515,0.739656232520964,3.5140278609555495
0.013696772506795787,-0.013777040378291736,0.005548445614808015,0.005430426550527356,0.220735933654616,-2.5086898079520847,0.5676932702687983,3.525299336602926
0.013666062826760668,-0.013802036469976306,0.005593623567396455,0.005393416853134465,0.21996653933191526,-2.502429865444945,0.6135841938588241,3.5214279842139544
0.01364013878506849,-0.01383538514472992,0.005627662244722307,0.005340931905807961,0.21735411624058779,-2.4875724555514913,0.6575561081394677,3.5014246085105936
0.013609255639683649,-0.013858226778625632,0.0056724031682967345,0.005306088637712505,0.21672509568125634,-2.4810162298408653,0.7021952155566874,3.4980986446200144
0.013729345846838492,-0.013783633929138735,0.005492298636252874,0.005413416210030287,0.21679088493082718,-2.491715197093317,0.5353613455628599,3.487387108222611
0.01375855175542063,-0.013764238178556189,0.0054481075993347075,0.005439840780105134,0.21659375290159466,-2.4932561713575576,0.49455512803543017,3.4840018700500224
0.013527149656144304,-0.013939903742718382,0.005780629204946206,0.005174601628573458,0.21170039525519888,-2.443583586416454,0.8281639933488749,3.4559295874012497
0.013555820069420488,-0.013920559995151429,0.005740176830206571,0.005205730200428403,0.21228163182063767,-2.4507221283232323,0.7878375128504168,3.4596180393797638
0.01285418767120086,-0.014332994065410231,0.006641575176436606,0.0043743021758055126,0.20438933648200644,-2.1224875730043546,1.7227554699410879,3.2047358080922037
0.012882491418207733,-0.014319786781234628,0.006607809672376011,0.0044086499757792,0.20441639649288249,-2.140620969061119,1.6874776596495138,3.21948945362483
0.01290731571064819,-0.014332270301736061,0.006557251007970663,0.004399747353448428,0.20073347390177912,-2.1369528895275964,1.6524576513061784,3.196081027234047
0.012936016768507176,-0.014324239923635601,0.006518216169317318,0.004424880588016787,0.19987433050472647,-2.1499772255599776,1.6159386924097647,3.2019405534028924
0.012552506015497482,-0.014465254342790475,0.0069828098673387655,0.003991250338634771,0.20563241924755152,-1.8989707556131812,2.084145491962587,3.014205920315588
0.012463487495572419,-0.014522756510649977,0.007051994404349873,0.0038406950035552744,0.20285863202691948,-1.808006031060773,2.173755334367767,2.9154853292045746
0.012485746805309632,-0.014515149628666367,0.007027639844226657,0.003868500256216292,0.2024077578350306,-1.8262827179926189,2.1486558926589576,2.930706996098699
0.012501577734433337,-0.014502703894586685,0.007018111579036217,0.003898639788349742,0.20340663892206295,-1.844102093375787,2.134063626989661,2.951638832304286
0.0125227733142674,-0.014500733874094276,0.006988524615453385,0.003916762681205352,0.20210515609376542,-1.857241357976559,2.107277009264656,2.9577351011978155
0.012548020511643573,-0.01449436385907297,0.006957618439290199,0.003944015384458398,0.20133688637297756,-1.8752781046368125,2.077264326899122,2.9703889363526375
0.012780359922224144,-0.01436045051971858,0.006734264564335061,0.004293484511645092,0.2055241016231706,-2.077697945707221,1.815660567118844,3.173118491844494
0.01275251181388654,-0.014369168254284779,0.006770207297414953,0.0042646715521478746,0.20612285663955696,-2.0610151941022594,1.850817858213864,3.162378836378421
0.012723287044657227,-0.014377578662028998,0.006808356808930645,0.004235051563493173,0.20702407463229863,-2.0434619826870244,1.8877736599295358,3.151501601037612
0.012701055948206322,-0.014395001924296992,0.006826184992931944,0.004194759059473613,0.20587185452671167,-2.0210760699555443,1.9123181671975829,3.125944651826336
0.012578058634717544,-0.014457216280457283,0.006952496588548656,0.00402091648483617,0.2050177864951275,-1.9180216278285178,2.0536559519357565,3.028721520822879
0.012680959302984305,-0.014409733252461067,0.006842894125855917,0.004159770850611856,0.20497059176496848,-2.0013939599087407,1.9344519745193016,3.104040538917227
0.01265997483500875,-0.014421794616552906,0.006863325801866886,0.0041282420760174006,0.20459370076824437,-1.9831524283498563,1.9583430278765677,3.0858398440010366
0.012633171181171266,-0.014429732385043866,0.006896742859504771,0.004099210602682888,0.20537171076050093,-1.9651263448538072,1.9911994902544572,3.073285645126912
0.012603902225561056,-0.014442802055233166,0.006928231744033272,0.004060183946322175,0.2054946871291476,-1.9415173700792094,2.0251699606686047,3.0522514605200968
0.012806442920722019,-0.014383137052401651,0.006671781785407257,0.004271140340054307,0.20028559919505526,-2.0686166336527845,1.7751169531245365,3.1364078927287475
0.01283959182465811,-0.014366017498378564,0.006635162052342188,0.004314705954359691,0.20042770139280444,-2.092210148553629,1.7353836005123175,3.1576474891518482
0.012161830280015487,-0.01467370047101686,0.007291076764833576,0.003372065782098616,0.20040252083708962,-1.5013625919602054,2.457125009632789,2.6039185195850725
0.012189941034895391,-0.014668378288727565,0.007260245560482103,0.0034053096735444563,0.19924818805885106,-1.5264820721500507,2.427414571400485,2.62346455328862
0.0122176596022606,-0.014662655511435243,0.007230134018505546,0.0034382912285617433,0.19821463035694606,-1.551021760617983,2.398206178863159,2.6427904451117183
0.012250470503346454,-0.014626176824555274,0.007232110635170086,0.0035177558357745854,0.20172420784053877,-1.5978074516491434,2.3826860162594876,2.7061738340814006
0.012244117896567095,-0.014655457536931732,0.007203306602860182,0.003471737563504726,0.19750584018867323,-1.5750264377038319,2.3712297420671065,2.663068494559918
0.012276413342459616,-0.014621127538136642,0.007202404901107326,0.0035475252902243052,0.2006443593353707,-1.619843137616689,2.354057838971571,2.7227319986250005
0.012302285242655158,-0.014608910303799379,0.0071815005667106736,0.0035869099062045195,0.2007673820429399,-1.64594989550805,2.3297978035985065,2.748813265481473
0.012331337203427814,-0.014600013922374803,0.007151485145345579,0.003623967048336662,0.20000945977120685,-1.6717149288512339,2.299130126496076,2.770717252413266
0.012395387060278087,-0.0145574265791928,0.007111251379223116,0.003737251770821091,0.20226349439697852,-1.7422650084964884,2.2429375548486905,2.8497867212183965
0.012376932073761275,-0.01457458647401536,0.00711733615368403,0.003697662814560476,0.2008516370630206,-1.718814364421523,2.2567307803582946,2.8202301099309928
0.012355717171166356,-0.014588130999420032,0.007131346920129744,0.003661013902176024,0.20023858148868398,-1.695881106913529,2.2756622680809007,2.7949208236282703
0.012414861881468207,-0.014567762208371715,0.007070674874274346,0.003737555611628032,0.19928054808449627,-1.7474501996087786,2.2124879404892224,2.8396588492310615
0.012434691860396132,-0.014560656266922899,0.007050233286781637,0.0037631925537849535,0.1989393204552474,-1.7644526255675437,2.191121885119957,2.854450092483791
0.012459407145916158,-0.014551100770479016,0.00702526543689519,0.0037958725573282275,0.19875128072200673,-1.785788729276997,2.1645913127884095,2.8734708041735435
0.013049098108656582,-0.014257520872109556,0.006389322006636487,0.004575063100930857,0.20182700086290342,-2.2228270139447415,1.4744735478904092,3.268713847444357
0.013100676463318327,-0.01421176487869187,0.006338892365583539,0.004665981157319087,0.2048110240886434,-2.265089666970017,1.4083903597551313,3.3174130478043615
0.013081630024619945,-0.014243487395575283,0.006346979927399563,0.004608405892874667,0.20136326212048355,-2.237877118579917,1.4327608566387577,3.278131570188751
0.01313610439130242,-0.014210828751907344,0.006281572901986749,0.00467755972518364,0.20229521022322983,-2.268447214218867,1.3625299466915683,3.304871222623228
0.013162128726119446,-0.014199882971393085,0.006246569908379225,0.0047022920575884135,0.20185754306302392,-2.2785183703388654,1.3288771504255805,3.309894897993771
0.012969651304288914,-0.014312420842848025,0.006474205738157441,0.004457497482053203,0.1992610561424469,-2.166290139703314,1.5735253322772513,3.2113504771721098
0.013004211362097508,-0.014295845793100573,0.00643211643619894,0.00449733504478969,0.19922119442884242,-2.1856743294094945,1.5302893821574555,3.22641698432479
0.013040767026429157,-0.014291737919299692,0.006376691005405514,0.00451707651270191,0.1972696680620378,-2.1945490908900713,1.4834908295503626,3.2217677713158124
0.011995357841633867,-0.014752584223877206,0.0073988250925816805,0.0031059162192864395,0.19956749004872895,-1.318633303975054,2.5878838135577915,2.414326350955982
0.01201839617038065,-0.014745251128685912,0.007380164896031465,0.0031386883091498474,0.19914696027653453,-1.3426567870054755,2.5681701463923954,2.4367970558738636
0.012041281091705925,-0.014736959722553738,0.007362702299053059,0.003172307455936761,0.19885864128673028,-1.366823387127545,2.5490409121042474,2.4601088056162084
0.012124372540711767,-0.014709011602708431,0.007293480605914769,0.003289772172104718,0.19739970436745966,-1.4512360705626195,2.4754763554834534,2.539055157065626
0.01206724736151596,-0.014724881766637471,0.00734615186881822,0.0032136386612433916,0.19902189648645408,-1.3953543230097585,2.5290478007924206,2.489639841650258
0.012096685616053232,-0.01471805875607388,0.00731739235053011,0.003251310358595254,0.19791896520606958,-1.4235664146669562,2.50068231076215,2.5135358670519037
0.012153227035202403,-0.014702294027577782,0.007264460194997901,0.0033258989384304604,0.19646065035763896,-1.478116166634478,2.4468300793313236,2.561492687348723
0.011813168482792947,-0.014792604384518519,0.0075614896139945325,0.002860425051757498,0.20601373917390406,-1.1280812100375484,2.7485458198536215,2.2474681929001132
0.011850815676049904,-0.014787412687458722,0.007524801232147916,0.002908759865179239,0.20412755585959344,-1.1674973301034097,2.7140631776526756,2.279917235369062
0.011833055104578636,-0.014786197376306948,0.0075477112123555805,0.002890401089937075,0.2059321247854912,-1.1504857985407995,2.7337629632654283,2.2691850667425575
0.011960443905482041,-0.014786802431968386,0.007393354416850005,0.0030274120072033626,0.19661427340843127,-1.2707515003260401,2.597980031608295,2.350561356805173
0.011987777744900214,-0.014781333146912804,0.007367536967117738,0.0030623725314347736,0.195645042889621,-1.297779206480455,2.572892256467378,2.3734771224606956
0.011933087834628875,-0.01479264728398342,0.007418268180810118,0.0029915994719002283,0.19755872180013254,-1.243189054994227,2.62237049976715,2.326716441647743
0.011903387040201071,-0.014796786443746443,0.007448092516658887,0.002954963795178291,0.19897919005829587,-1.2137613108883565,2.6503898292733417,2.3029550702358694
0.01187226317832875,-0.014801060563681504,0.007479002073771639,0.0029161524923203915,0.200526446615046,-1.1824393328935656,2.679367328259924,2.277507797151435
0.011805671520610572,-0.014817380505739509,0.007532718495605558,0.002823079123930279,0.2025956552823871,-1.1107060240850615,2.7333717270050086,2.212254275069556
0.011717223192095437,-0.01484355878409457,0.00759292256273092,0.0026916450124193597,0.20446601508979387,-1.0109135747392795,2.7967310802618024,2.116388212952643
0.01179304846466162,-0.01484529404775792,0.007505042051348075,0.0027768323413632466,0.19882315025673672,-1.0872490912482229,2.7205154462399785,2.170252916134066
0.011763849142444912,-0.014844488107664464,0.007539321008551187,0.0027446001937032,0.20107826495676667,-1.0583927409056846,2.7501525406992395,2.1501627860995316
0.011739840297488544,-0.014853841811532676,0.00755189392713255,0.002706525301156563,0.2011748929562227,-1.0306309363977562,2.7648681796199854,2.121629075762831
0.011697597972915664,-0.014863742623201429,0.007583160603998691,0.00264637442921804,0.2025000012909988,-0.9836026897051874,2.7961247848928923,2.0781951838604797
0.011674862999309308,-0.014878843308738267,0.007584244328107612,0.002603180592781473,0.20151451631896963,-0.9549018694717714,2.802916949838496,2.0434982486019173
0.01164921158588409,-0.014889806594540955,0.007594419210414244,0.0025609868963673483,0.2015207339979965,-0.9244661480482216,2.8159484634702463,2.011047825996098
0.011167757155470054,-0.014975168824087587,0.007898905010890286,0.0018538767683404344,0.22017470936773556,-0.34947006009390663,3.1018397334750696,1.4767636958766692
0.011188556355347776,-0.014971845528821122,0.00788821194576784,0.0018855943826782912,0.2193836259782836,-0.37555464938324723,3.0922900460549596,1.5014808168666336
0.011225946692203706,-0.014961210828239441,0.007876411574651679,0.0019461715669110986,0.2188053112659216,-0.42238164703139763,3.079786589332833,1.5496487068429745
0.011210673012985645,-0.014974290998724818,0.00786605703278724,0.0019143231009111955,0.21729395691082082,-0.40303827111796686,3.074806685452304,1.5224031924907313
0.011321198487228496,-0.014951719709968858,0.0078114976659092615,0.0020840344756104627,0.21386602281952752,-0.5395476603716657,3.0230564005717384,1.6543666699150783
0.01124926363036662,-0.014967609558017582,0.007845865629825137,0.001972913687567132,0.21594717133413277,-0.450950088039821,3.0563027762419264,1.567916540972268
0.011301045594635259,-0.014963103631859424,0.0078095892829027945,0.0020470171817666785,0.2132170686721571,-0.5142139126308508,3.024866741306573,1.6239237023342883
0.01127609785213981,-0.014969124617239269,0.007820624594335959,0.0020081654984775883,0.21379997843311674,-0.4836052829571777,3.035806226683446,1.593637511024138
0.01092018734252059,-0.015005794930324598,0.008020154129379668,0.0014742434966706797,0.23084748518143194,-0.03190945682143314,3.203292047642441,1.1783080920752218
0.010908798830349434,-0.015020646956221899,0.007999928476670281,0.001448015975128508,0.22853723820301433,-0.019631447902730855,3.189981494685813,1.1549047642362955
0.010940186568946839,-0.015011450486598256,0.007996938553055992,0.0015002164401686476,0.22838311173745304,-0.05930285787603157,3.186518875376224,1.1973678155498366
0.01095962419624676,-0.015015714948212102,0.00797649079210995,0.0015260035958570355,0.226262629958127,-0.08545537758687836,3.17160349036013,1.216522391323177
0.010978883971753369,-0.015016765123031961,0.007961852099665665,0.0015534386195344937,0.22480437197565586,-0.11067940758839656,3.1605643114326427,1.2375422894935844
0.011030592575449699,-0.015009194564503997,0.007940264763058464,0.0016335182890743025,0.22291879361408798,-0.17661392422286967,3.142482866701506,1.3008862287936476
0.011014334394573515,-0.01501295919072537,0.007944744317527229,0.0016074474829678046,0.2232412601059501,-0.15607565569554294,3.146676905067619,1.2800179900994768
0.010997158619430063,-0.015015574548256654,0.00795173775453705,0.001580799159255575,0.22388179498210745,-0.13420170712600432,3.1525678228244,1.258919954232083
0.011089328997101884,-0.014989909507142364,0.007932671763974691,0.0017316408080228136,0.2227159497104656,-0.2503841535935482,3.1325454808776527,1.3803720550393488
0.011060662558559833,-0.015000288765979652,0.00793496966831391,0.0016830531557533548,0.2226502990007677,-0.21442500769495607,3.1365641866235765,1.340861437999693
0.011075659092761956,-0.014995532478906025,0.007932639574703445,0.0017079742218918954,0.22254093872561917,-0.2332711758297021,3.133727724403603,1.361001491265637
0.011043549579894214,-0.015025306171558618,0.007902237737171218,0.0016408167552351104,0.21894714750108638,-0.1947008169821058,3.115834100773253,1.3029766596289614
0.011059058615511862,-0.015020574715539517,0.007899757000473545,0.00166625071745816,0.21887248560493458,-0.2139937721285816,3.112935321749411,1.3234816199403385
0.01110420268724011,-0.01499369523679362,0.007914841813202475,0.001749994640466941,0.2209592136458062,-0.2695820551238998,3.119131806962002,1.3934936685766555
0.011157072371362625,-0.014990914933912221,0.007879474078895846,0.0018265864690358948,0.21800141736571854,-0.3361810968410795,3.0900059647928573,1.4522470179297127
0.011124727135584564,-0.014998682223860197,0.00789054378374384,0.0017752524921572051,0.2186702895682678,-0.2957714309269753,3.100793629645903,1.4115378874429376
0.011143972081302243,-0.015002331364918818,0.007869451627518292,0.0017994664638712459,0.21660269828439196,-0.3199771084392569,3.0846960943733097,1.4289956957394767
0.01055109202370607,-0.015045199172448813,0.008134784778070192,8.885714277580429E-4,0.24464618018568626,0.45450241929771223,3.2797446061276614,0.7087591445050566
0.010569435209345321,-0.015053390115163172,0.008111836304540274,9.140716912443967E-4,0.24180669939754748,0.4258679555817613,3.2650624835831477,0.7279069384889018
0.010621380720803037,-0.015055473394631093,0.008086342821593193,9.939011204986843E-4,0.2385174828258608,0.3546560918762857,3.249838534151003,0.7910852156747
0.010604758242007224,-0.015056911003413736,0.008090671642490561,9.675587226917127E-4,0.2391133989428024,0.3765233794702796,3.252180555893919,0.7699458741650219
0.010587215497508002,-0.015056579849088482,0.008098565652467552,9.404733636918611E-4,0.24013873732144697,0.400380434951964,3.256835380127073,0.7484616968668164
0.010637855679869026,-0.015055529896468058,0.008079044583003554,0.0010193163975958216,0.2375931663656811,0.33239494109687295,3.245393702067464,0.8112624671429248
0.010537859317000542,-0.015060143092478905,0.008111050269092564,8.621561921725956E-4,0.24197959719389942,0.4657221900749331,3.262889008892266,0.6855492249854671
0.010524768716469906,-0.01506960393195761,0.00809771593669521,8.382230938456355E-4,0.24041735952228532,0.47904505303986245,3.253084516860196,0.6651881878617674
0.010881902747268826,-0.015032924685342165,0.007993786801454603,0.001400653836152572,0.22785793345448285,0.013304919936083617,3.1868068815890593,1.1156363444241166
0.010898080530564942,-0.015036949855480049,0.007976562552901132,0.00142212306735078,0.22603359643796828,-0.00874222294999682,3.1745365814579927,1.1316491210773914
0.010667283440787208,-0.01504529297298633,0.008085181028219037,0.0010693160167669913,0.23815199723268024,0.296481546400512,3.2503537628365,0.8525501253289561
0.0106556584712268,-0.015059435936697523,0.008063670673981485,0.0010449602136547095,0.23572099910558073,0.30694411129857485,3.2354136520946937,0.8310212181438085
0.010686501421042145,-0.015051856791417564,0.008063725645164806,0.0010957627735513808,0.2356161396776062,0.2682282736770078,3.236097247898794,0.8724599993333336
0.010705344189533688,-0.015056724685848262,0.008045500825275621,0.0011222061432629507,0.23349202796702315,0.24130396078162789,3.2239695727350877,0.8926151190920758
0.01072432057200175,-0.015058982788738209,0.008031943449890618,0.0011499369072563795,0.23194570432820186,0.21525061760129297,3.2149282114651343,0.9141523960368135
0.010820250364492488,-0.015041535370507876,0.008013748795382006,0.0013037681290662228,0.22986017988377166,0.09278172012820841,3.202024043458704,1.038184729830052
0.010804636128976657,-0.015046163222914443,0.008013832904979569,0.0012777891489607217,0.22984749869462792,0.11227096439078336,3.2023251668511903,1.0169791418868586
0.01074359613208118,-0.015058312385660808,0.008023509395052668,0.0011794496624776415,0.2309637293324093,0.18982117631766957,3.2092716241244648,0.9375363483751594
0.010764179235420076,-0.01505541304036667,0.008018311342178489,0.0012120012276122096,0.2303146795900208,0.1633579326282151,3.2057221264516493,0.9636580464913106
0.010785317462642954,-0.015050816807794382,0.008015680116475986,0.0012462504902279355,0.23007377602496107,0.13662388824213134,3.203803273428466,0.9913877723918251
0.010865250962782399,-0.015039795464935894,0.007991045641479783,0.0013718628463119614,0.2275332764004632,0.033743176150595265,3.185473616523153,1.0918519210723387
0.01084036353481243,-0.015047063934414429,0.007992091472604252,0.0013306536596883116,0.22745727378481198,0.06483682583902951,3.18686761425256,1.0582953351058684
0.011618473693145524,-0.014896579995683806,0.007616026527318436,0.0025169359175449975,0.2025842233820741,-0.8897160070821901,2.8372430057158167,1.978814790004494
0.01164261744981942,-0.014920507700152706,0.007553183552867114,0.002520919008000604,0.19701821638160585,-0.9084009162605958,2.791761372617277,1.9725102307407847
0.011507913002221171,-0.014901897892989225,0.007720043491186283,0.0023745785987184585,0.20955309578403472,-0.7662206730064406,2.9289732451065955,1.8788251951979362
0.011527742748913012,-0.014908732505068578,0.0076891174470432614,0.0023927772509440893,0.20680356850974452,-0.7870072807888664,2.904808781976101,1.889131145197414
0.011591063586868372,-0.014911238844834744,0.0076210368598925715,0.0024685180082991043,0.20197090635878692,-0.8561127680123396,2.846987544336297,1.9404499364249437
0.011565549306040417,-0.014920910681169988,0.007631489926067154,0.0024274767991302256,0.2021050497638259,-0.825848277133293,2.8595296122704217,1.908803101728173
0.011541427632897769,-0.014927104711643956,0.007645679317677788,0.0023915223662907934,0.20270917969074653,-0.7978644952273846,2.873968500344106,1.8817705113271914
0.01147032773124062,-0.014921403332093002,0.007724727894130646,0.002307580793746773,0.2087249089173108,-0.719332518620967,2.9397293132810254,1.8250181505244034
0.011491124656474049,-0.014915437921160747,0.007714344276967211,0.002339907386788576,0.20826731462755613,-0.7442190176970921,2.928806096639113,1.8497861717150215
0.011363411428979139,-0.014948269705233184,0.007779729477214043,0.0021433377988489787,0.21148792707937764,-0.590349753178631,2.995250402295922,1.698641049073845
0.011345023732661299,-0.014959189924958595,0.007777693287728129,0.002109205893891556,0.21083202721955938,-0.5672335326600771,2.996975407316507,1.6705956349098587
0.011382478920191202,-0.014947049118098242,0.007764478616961834,0.0021695650660822387,0.21035748621723363,-0.6130319974434976,2.981996691301125,1.718034308294232
0.011406267098654624,-0.014947153751224131,0.007742453362377178,0.0022005647992194718,0.20866432726075293,-0.6408555232884598,2.9634065718034237,1.7403823805987988
0.01145569998151769,-0.014941088619676775,0.007706218451435821,0.0022700101929395227,0.2063097163629004,-0.6987958946855856,2.9306476486811897,1.7918646561881706
0.011430376037472203,-0.01494713236951393,0.0077200785256601985,0.002231805626406777,0.20698373007018378,-0.6687323664211483,2.9444260505233544,1.7627618677252228
0.005047140805378601,-0.011098553003237721,0.0017830712743106454,-0.008041921057233455,-0.15810562554776073,1.1424388706173183,-2.4838110351455356,-0.41092109327666826
0.005053177113108896,-0.011113829260428096,0.0018094961470430542,-0.008039153590662661,-0.16230433852801332,1.1599596660189535,-2.4830230215158697,-0.4264379623188804
0.005051775009494645,-0.011132069833764541,0.0018354398160876952,-0.008025721506508057,-0.16668307958268505,1.1779141369776003,-2.4748395795782625,-0.44587327299512103
0.005046162803408427,-0.011171231120584364,0.0018888300014886404,-0.007993301114090577,-0.17546722065860962,1.215237395706428,-2.4545106986800884,-0.4875580284133704
0.005045755996483036,-0.011152988900477613,0.001862064170462672,-0.008005030529471602,-0.171198079625745,1.196810717613931,-2.4615746839978425,-0.4684582919887978
0.005047894467997593,-0.011187970882346118,0.001914200189241505,-0.007983926394015418,-0.17948677463212062,1.23263381513694,-2.4490249437668723,-0.5049569945351667
0.005058794372834161,-0.011214904064512823,0.001960507987577194,-0.007977772889271787,-0.18655936979649804,1.2636365157760523,-2.4466843665087006,-0.5322948958235374
0.005047234323313806,-0.01120353869338812,0.0019361447915332394,-0.00797247034023606,-0.18296660606770182,1.2479400606431437,-2.441910003553161,-0.5212925799690462
0.005069178911594065,-0.011262289254462121,0.0020356252710946286,-0.007955826656584402,-0.1979038986966003,1.3148962088311589,-2.4344028295983926,-0.5810623567226898
0.0050536667584033836,-0.01123480277916409,0.0019853635157087535,-0.00795789612930965,-0.19047901994346206,1.2815311262227551,-2.4337130791175596,-0.5534555767593891
0.005051049649855336,-0.011255189783055295,0.0020124372878446376,-0.007940343451429537,-0.19454141623431065,1.300718423689909,-2.422410163966225,-0.5748033450408777
0.005071439110631693,-0.011278970709599358,0.002060928442861328,-0.007946190297481644,-0.20167095050433828,1.3323670452731233,-2.428639712428869,-0.5982966177935075
0.005093009305682267,-0.011300655227216261,0.0021076782394232802,-0.007954656237822705,-0.20845936581753358,1.3626657931487662,-2.4367058907623687,-0.6196964643394893
0.005074679091619573,-0.011295341185076512,0.002086438273317576,-0.00793773726759888,-0.20538842077681485,1.3498969626615869,-2.4237069676869463,-0.6151283223255196
0.00509782212774771,-0.011319029028163589,0.0021372854390917986,-0.007946231812788892,-0.21273971686834225,1.382936977368695,-2.4319974789211387,-0.6386150385140482
0.005093143612081874,-0.01133867528851675,0.002161269364530576,-0.007925808330930298,-0.2161523729765791,1.4004438178328884,-2.4184109373711276,-0.6592405564165486
0.005093463558558111,-0.01135611664681496,0.0021858226490288567,-0.007912605214241109,-0.2195740415876372,1.4177870568037234,-2.409981006978235,-0.6772869497090975
0.0050964157315623315,-0.011372823514553758,0.0022113018519886746,-0.007902794590828308,-0.2230808155035691,1.435493416910363,-2.404005024579419,-0.6944426220851295
0.005100214440403844,-0.011389094130438102,0.0022367726480623487,-0.007894124385074896,-0.22656839664516795,1.4531275774561845,-2.398830880018068,-0.7111125807247616
0.00510527446848702,-0.01140490316679723,0.002262569066661862,-0.007887091532866942,-0.2300547539141025,1.4708645385709962,-2.394840425766191,-0.7272729263286571
0.005125182331657363,-0.01146059496441476,0.002354884977410755,-0.007863421122636103,-0.24224535528445248,1.5343181857275388,-2.3815574558656625,-0.7841779545510397
0.005119455990933565,-0.011441329729670966,0.0023239593562629584,-0.007873137099096225,-0.23822332761491924,1.512901501444803,-2.387333012082325,-0.764484915138283
0.005110548169992847,-0.011421194630918938,0.0022891609799647393,-0.007879748393715259,-0.23361029065699782,1.4891856421836003,-2.3906494692376072,-0.7439372629279157
0.005130129831151769,-0.011486768437228158,0.002394340761995173,-0.007846675811086662,-0.24717728472703118,1.5620632800618794,-2.370963244794758,-0.8109285119797206
0.005114914911371453,-0.011474701345377203,0.0023651712136273594,-0.007839960084340554,-0.24323205548302387,1.543068700808454,-2.3648122711708486,-0.7985202360673141
0.005263901004258539,-0.01177303668881123,0.0028909525625330046,-0.007723700285974162,-0.3028024417702125,1.907479392012761,-2.2995833715278207,-1.106409233760858
0.005268502454296568,-0.01178807416178898,0.0029142678525100186,-0.007713053423112351,-0.3048126097636503,1.92422803544882,-2.292330668081572,-1.121772717151905
0.005132847675256279,-0.011504864953648407,0.0024208736889780903,-0.007834079247651594,-0.25046289261708393,1.5808178224397131,-2.3628291822385123,-0.8293465479062073
0.005244688460599014,-0.011729167981894528,0.0028166338121032378,-0.007747527851421168,-0.2956342459436711,1.8549204167724376,-2.3147446044447686,-1.0609414779251873
0.005258238595002758,-0.011758469900319448,0.002867051312486875,-0.007732547974627065,-0.30057618978830175,1.8904591362769756,-2.305393264140396,-1.0913726862609756
0.005250717787825839,-0.011744453715635974,0.0028418865284755377,-0.007738639349543217,-0.298085621410626,1.8728136082093576,-2.309009564279698,-1.0767102529065407
0.005226240867299221,-0.011727069653395358,0.0027953903536366994,-0.007729312645311215,-0.29260746495374373,1.8417070231245434,-2.2999073504127767,-1.0570919011900368
0.0052207725181195284,-0.01171191652505499,0.0027709703712605646,-0.007738475356270243,-0.2902174234620813,1.8244152759168977,-2.30589759473443,-1.0416107680091626
0.005162388675094141,-0.011529432212861753,0.002479599852741163,-0.007845605207472723,-0.25825855429226957,1.6192451961159533,-2.3739244522498244,-0.8548303802502558
0.005170421171373157,-0.011543546415563903,0.002505577569084486,-0.007842023037570499,-0.26148823651674113,1.6369787515256564,-2.37240856804,-0.8694021621815866
0.005140459463625963,-0.011526090610647239,0.0024557357967343457,-0.007823994688441362,-0.2547081480774542,1.6049860268642833,-2.356875968054133,-0.8510044953243551
0.0051792556143162635,-0.011590725231369526,0.002575837246101208,-0.007808908764903683,-0.2694650641787559,1.6869037085004377,-2.3508128705706137,-0.9176107052311481
0.005170572424203774,-0.011557926314605652,0.0025247771063273837,-0.007829218516842838,-0.2636425559200756,1.650920955462951,-2.363744384366932,-0.8840588303160614
0.005174303891824892,-0.011574476954402479,0.0025499873814018217,-0.007818325586372169,-0.26650970519115486,1.6687479676818586,-2.35672809334158,-0.9009761853508383
0.00521540688182394,-0.011696675558631194,0.0027464852322262516,-0.00774768988715151,-0.28778093668706006,1.8070895336890758,-2.3119001678729503,-1.0260425777522018
0.005200969828104184,-0.011636268522047185,0.0026553963000130617,-0.0077903418812516985,-0.27857319155963395,1.7420985485268687,-2.3403275610463283,-0.9646380487920693
0.005210348890121436,-0.011681171527568396,0.0027219100714252456,-0.007757352885018839,-0.2853035674447812,1.7896823001667173,-2.318214893209038,-1.0102255316473656
0.005202944846843166,-0.011649815743820183,0.0026747256013704766,-0.007779566416760148,-0.28052215119036455,1.7560154050026744,-2.3330319616853186,-0.9783733678810652
0.005206001258615041,-0.011665409519968334,0.002697629547257389,-0.007767900421891885,-0.2828437903210026,1.7724205723031552,-2.3251860365840304,-0.9941861592332316
0.0051843807707768605,-0.011606873201781645,0.0026016519013960433,-0.007799613038888966,-0.27235979632584884,1.7050476730735398,-2.34496511950214,-0.934144617599248
0.005190246841883547,-0.011624436561153174,0.0026299321711997455,-0.007789639166483642,-0.2754839613230455,1.7249265707918602,-2.3386938726919566,-0.9521330768293906
0.005291963714780326,-0.011846918662459294,0.0030106461725830924,-0.007675942320232716,-0.31302114990955415,1.9930577359396067,-2.2674060745467988,-1.1823814608568932
0.005320357527529626,-0.011878494367118643,0.0030794663357419285,-0.007672238437153656,-0.31969357404835974,2.0409382140329337,-2.267362538960637,-1.2172916315186495
0.005326344888729152,-0.011893158029924673,0.003103510744374102,-0.007662428970118334,-0.3215023407147026,2.058250597612591,-2.260607027588636,-1.2324705345706741
0.005332289006183324,-0.011907652219760194,0.0031272471810900033,-0.007652616422819203,-0.3232230159766385,2.075360650656849,-2.25380621519691,-1.2474658792370363
0.005321748300157806,-0.011920262523133544,0.0031300785191070587,-0.007627024753286645,-0.3220670854117063,2.078792358765434,-2.233593182923347,-1.257725451893206
0.005331514620867089,-0.011950357316774176,0.003175822072955974,-0.0076032845271322555,-0.3249300567789368,2.111938020759187,-2.216469331302577,-1.2880259545581296
0.005326435887550618,-0.011934927138904467,0.003152332396646009,-0.0076154519203137,-0.3234833807011018,2.094922858540892,-2.225262430236267,-1.272499928088492
0.0052975658569162426,-0.011861808633546814,0.0030345260575268627,-0.007665821858032007,-0.3148880618695444,2.010195652275756,-2.2604414111596465,-1.197634439626664
0.005303804459475598,-0.011876580694844952,0.0030589006339318096,-0.0076563734588717325,-0.3168073682462937,2.027647228363841,-2.253991786739203,-1.2128583806070052
0.005281191787843661,-0.011817535541976964,0.002963636670307025,-0.007695793785532688,-0.3091661130997181,1.9593318241304105,-2.2809759224023094,-1.1522531761928165
0.005273765807517151,-0.011803616549047517,0.0029388203341910234,-0.007702454652984623,-0.30692618434744484,1.9418190640657007,-2.285136306056344,-1.1376782644801329
0.005272553241019226,-0.011830709171020021,0.002970302058728912,-0.007672309864896641,-0.308821239231445,1.9654129776691522,-2.2629988913391172,-1.163866109600368
0.005275428955713097,-0.011844443696022841,0.002989819737632488,-0.0076606812086409464,-0.3102461022499337,1.9795754418931486,-2.2547120440040387,-1.1775251224420862
0.005344699259184845,-0.011981336790187527,0.0032261700187179404,-0.0075815655311757485,-0.3281168068273829,2.1481880934100324,-2.200969591068311,-1.3196837975529012
0.005337412313069431,-0.011966242047497551,0.0032006768300192954,-0.007591312716272975,-0.3264799692557445,2.1298910885984514,-2.20784365330197,-1.3040955542792496
0.005358639072144281,-0.012009710876469633,0.00327422987965542,-0.007563063046575911,-0.33115312300956373,2.1827588619971405,-2.187824204529034,-1.3490354481681273
0.005351762697030003,-0.011995753227175837,0.0032505883361727893,-0.00757221647624631,-0.3297246440850778,2.1657548783523226,-2.194351043360694,-1.334603428235507
0.005350904491346202,-0.012021924700820075,0.0032785812226065005,-0.007540508048633704,-0.3303137193931522,2.186627534380343,-2.169977054109819,-1.358375664961712
0.005353740489038635,-0.0120353700641407,0.0032966517581767747,-0.007527531824405188,-0.33105111438310675,2.199793706090144,-2.1601706670444334,-1.3712333745456993
0.005357939344839729,-0.01205094689715828,0.0033185539542830524,-0.0075133213253780725,-0.33199955456494173,2.2156735752340406,-2.1494516817417733,-1.386268902492928
0.005363389467107523,-0.012067169328836376,0.0033425310225237525,-0.0074994824874696706,-0.3330687224784796,2.23299361821851,-2.139043416502308,-1.4021300338300744
0.005557894915175073,-0.012423260986528609,0.003940442117759909,-0.00722441944880045,-0.3484463256489245,2.6641776365932626,-1.9222969793406541,-1.7627573436512731
0.00547512516142265,-0.012225698766604893,0.003646374710571165,-0.007413782850948563,-0.34816758587628355,2.4522042866260763,-2.076673901377339,-1.5737002141687813
0.0054677000183352845,-0.012211791953010464,0.0036228811228129214,-0.007424518088908421,-0.3475295943058032,2.435090336236087,-2.085037986750382,-1.5593621245513705
0.005460178221296592,-0.012197697129703486,0.003599013341760101,-0.007435253285212673,-0.3468177456061698,2.4177166966792645,-2.09335268397529,-1.5448126766189274
0.0054657085833430446,-0.012239248737164365,0.0036472637328295696,-0.007386563062940179,-0.3463111446641646,2.4528061663481044,-2.054210068712399,-1.581739709719253
0.005471672481593672,-0.012253482005974778,0.0036688806284829283,-0.0073737321061505155,-0.3466603447946251,2.468452945987485,-2.0440146792530154,-1.595617257686154
0.005477900744739063,-0.012268173500350048,0.0036911922788571386,-0.007360418433757507,-0.3469640174762658,2.484577060072341,-2.0333926780527136,-1.6098977627760396
0.005484731405432435,-0.012282922109948769,0.0037142635492355236,-0.007347475283434248,-0.34728634135491615,2.5012421507285008,-2.023044466977248,-1.624386222672138
0.005550563125868493,-0.012408827947698922,0.00391782994403201,-0.0072379144764230805,-0.3486249549946418,2.647993578473386,-1.9335631384032315,-1.7488715614329184
0.005492293949521932,-0.012297625862780241,0.003738184717314685,-0.007335156205984823,-0.34767414991763435,2.518525223178861,-2.013178158524079,-1.6390640838754533
0.00550117280515134,-0.012310852311181248,0.0037624425041288463,-0.0073259559498737485,-0.3482076520634467,2.536108723596629,-2.0058375488621802,-1.6530482846209906
0.005508716966318636,-0.012324327690943172,0.0037850751803145594,-0.007314981583050031,-0.3485499713005436,2.552499523216031,-1.9969745237980907,-1.6666971960176789
0.005543861426716913,-0.01239431596028238,0.003895935969204387,-0.007251965375848529,-0.3488233092009156,2.6323446042335923,-1.9452447225830343,-1.7351401509516318
0.005537893676291893,-0.012379883064874152,0.0038750292763818812,-0.0072664596856243996,-0.34905401443730094,2.6174114307980023,-1.9572567661397213,-1.7217060539953233
0.0055306473923782,-0.012366093761397133,0.0038528130155925807,-0.007278710017828818,-0.34900057749636076,2.6013885919653656,-1.9673597373656821,-1.7081155567962634
0.0055226316723647395,-0.012352492843896723,0.0038296275070072287,-0.007289825268558093,-0.3487900983629478,2.5846230914223853,-1.9764650973216844,-1.6943065215085624
0.005515292551342134,-0.012338388030880951,0.0038068506428277893,-0.007302137033658055,-0.34865386336021503,2.5681940551221643,-1.986516984519538,-1.6803564040247856
0.005704986110546783,-0.012669699356396854,0.004344011265924253,-0.006989526700921292,-0.3388082728138487,2.95057634657845,-1.7177305341050906,-2.0002025263407823
0.005712091289778883,-0.01268380482631798,0.004364201508979238,-0.006973589312348579,-0.33764066792592135,2.964267141941127,-1.7035258056714768,-2.0122751904195386
0.005729466658263177,-0.012711800547355948,0.00440901908097039,-0.00694420921869899,-0.3353526646074331,2.9951926242185647,-1.6769093785307512,-2.0378946321259703
0.005719976742410632,-0.01269850990981014,0.004385863786667893,-0.006957224617115356,-0.3364076212971205,2.9789729181391515,-1.6888641255856018,-2.0250176583721786
0.005763818880300094,-0.012763129339119697,0.004494053148482799,-0.0068907082929989755,-0.33090827962205993,3.053917486300261,-1.627686959699964,-2.0855343784877607
0.005756016874332985,-0.012749820689399394,0.004473878999104703,-0.0069056584179231295,-0.33220427795452423,3.0403336055288044,-1.6413415800995999,-2.074014646156758
0.005747558801338469,-0.012737239149013473,0.004453007737364601,-0.006918812992759995,-0.3332962166198464,3.0259144743438497,-1.6534743599844102,-2.062331657647363
0.0057384670294349125,-0.012724968341716247,0.004431252325017062,-0.006930841811535123,-0.33434135656089975,3.01067457740532,-1.664637770437116,-2.050356204967428
0.005661996651196099,-0.012602771366837427,0.004232570100137705,-0.007055348533215984,-0.34287381754780083,2.872156166221694,-1.776662406169745,-1.936203643703543
0.005679452486690637,-0.012630710430210596,0.0042785953151153215,-0.007027898190436849,-0.34125114478979857,2.904551563856604,-1.7522649108858126,-1.962828540346621
0.005670142403849789,-0.01261733432595707,0.004255161159230047,-0.007040306768706248,-0.34200210087540334,2.8879188308949946,-1.7633963593335016,-1.9495771223403258
0.005697094700992897,-0.012656426801733529,0.004323050900836185,-0.007003397210330212,-0.3397369507783148,2.936008170675343,-1.730179400827226,-1.9880142522039395
0.005688191545243696,-0.01264400170375207,0.004301025577016097,-0.0070149872492417205,-0.3405129493233762,2.920386663857983,-1.7406827217755094,-1.9756609270931376
0.005622680338603779,-0.01253425588804682,0.004123378595808003,-0.007123145868056788,-0.3461228780306497,2.795074119107161,-1.8359376903994507,-1.87150522859201
0.005614789608229955,-0.012519954465720495,0.004100769372747669,-0.007137132964338541,-0.34672159262816565,2.7790669836295465,-1.8480131168843208,-1.8579582838425972
0.005639597075121017,-0.012561302884645782,0.004168830237661843,-0.007098028832962961,-0.3451219931262395,2.8274793669351723,-1.814018600310504,-1.8980170584910765
0.0056310405334936905,-0.012548196030435096,0.004146310014549174,-0.00710995722795887,-0.34565760671019935,2.811407016082939,-1.8244683581301417,-1.8850187563128384
0.005644391590932964,-0.012603295655591913,0.004206499757458171,-0.007039506481285345,-0.3414464756201911,2.8507393045831875,-1.7641876015901221,-1.9265081958371655
0.00563763265876344,-0.012588441317793792,0.00418578174386361,-0.007055906523829171,-0.34235370719261105,2.836596886781385,-1.7784252294938112,-1.913788077494308
0.005633235627646924,-0.012574896841035394,0.004169400501856857,-0.007072268688976396,-0.3432859257016654,2.8256740793234707,-1.792476982316435,-1.9030490964261912
0.005565674471803468,-0.012437611908358044,0.003963526672950011,-0.007211307170080893,-0.34827286779745054,2.6807167703931998,-1.9113025424521524,-1.7767274763702658
0.005584068892173138,-0.012464445297596782,0.0040119794574842585,-0.00718990503533382,-0.3482373887327757,2.7157404213261915,-1.893171189491331,-1.8045530788034048
0.0055741433916406714,-0.01245184258411341,0.003987408508177297,-0.00719884928668229,-0.34815934037360535,2.6978735817767183,-1.9008026717801698,-1.790881230916957
0.005577507624604556,-0.012478496260370085,0.004013933012077871,-0.00716373743460603,-0.34646148117483944,2.715615775102354,-1.8713751535066376,-1.8110539157581917
0.005582374237800377,-0.01249187543433295,0.004031618548569337,-0.007148880069765189,-0.3458591367556449,2.727883622069426,-1.858824282939228,-1.822570176182227
0.0055895005426929495,-0.012506439228900483,0.004053390674900366,-0.0071342251871071094,-0.34543634482694635,2.743181497469799,-1.8463536334852704,-1.8359188696690831
0.005599579857014202,-0.01251891875021728,0.0040777423415359025,-0.007125080389970265,-0.34527546776992385,2.760787702838818,-1.838355484184023,-1.8493348512539864
0.00538192124711359,-0.012096729967323212,0.0033964321067464576,-0.007482660011450391,-0.3360873328024225,2.2716508472785435,-2.1269655209046734,-1.4332922805843187
0.0053698485292576065,-0.01208528610413107,0.0033696218141916405,-0.0074842159539750324,-0.33423326891447497,2.252545359971128,-2.1275322330279605,-1.419869583142347
0.005385279837025589,-0.012112715119888554,0.0034173212996111454,-0.007466470859017112,-0.3366728737265638,2.286821649721903,-2.1144651845028926,-1.4482335834676299
0.005382949508304363,-0.012132981100236898,0.003435426088153642,-0.007439082329969164,-0.3363997190388101,2.3001084496952795,-2.092852815138077,-1.4650188499819798
0.005390941438131428,-0.012167187573663108,0.003480121125937791,-0.007404512063243306,-0.33733358599677593,2.332280358875842,-2.065899353535219,-1.4964329436649189
0.0053857315085638026,-0.01215071658852822,0.0034569883672900437,-0.007419870450137845,-0.3367073559525546,2.315668897735599,-2.0778305493693456,-1.4809446354533318
0.0054420580309182095,-0.012197526406066266,0.0035754211983928664,-0.007417180245576141,-0.344027017488522,2.4007794221498155,-2.077956120887027,-1.5386985104062767
0.005416411462654382,-0.012182697904944343,0.003527801579836397,-0.007410407677790998,-0.3407338706885406,2.366438185244142,-2.0715686834415474,-1.5176849615355035
0.005423331474966875,-0.012197274469615946,0.0035511382911088164,-0.00739874664113119,-0.3414679005205468,2.3832441384381755,-2.062535853398949,-1.5321721884836121
0.00539750863553604,-0.012182569997811095,0.003503746777295142,-0.007391713377314387,-0.3380774926892583,2.3492094634676337,-2.056001392574085,-1.5113659977967087
0.006674733427566036,-0.013772062744585327,0.006205784069647413,-0.005470781724877054,-0.10955723739221863,3.9670890193342534,-0.1695650410632502,-2.7694296868313764
0.0066159479487406525,-0.013718978674105617,0.0061195071457288515,-0.005568459084168305,-0.12612846177333029,3.9447494576495648,-0.27174024744408415,-2.7560137779200518
0.006627609618367701,-0.013729754515394689,0.006136796937623096,-0.005548872413510418,-0.12278253607103042,3.9493951378004755,-0.25129147099561006,-2.758918563997533
0.006639375720392364,-0.013740451502654244,0.006154173610714384,-0.005529312395713384,-0.11935062748031604,3.95403215037445,-0.23082897372322142,-2.7617549411534097
0.006651219002380244,-0.01375097311429981,0.006171630333758123,-0.005509953753278108,-0.11601187696378869,3.95874682664127,-0.21048358500973105,-2.764562085890594
0.00666300594209314,-0.013761451774655169,0.006188863128167326,-0.005490550063230848,-0.11281583386708849,3.963176417753114,-0.1901351659703305,-2.767157964515199
0.006659236503639895,-0.01377775980527521,0.006174469538436375,-0.005460352672590123,-0.11264814598141078,3.936411614674445,-0.17158391058619138,-2.754360967670083
0.006558064828304545,-0.01366530748798502,0.006031696001833051,-0.005664183054089945,-0.14244354791854175,3.9180426596967997,-0.37225675727288393,-2.7388291879563216
0.006523637452814936,-0.01363313329755423,0.005977959681305139,-0.005720094907451089,-0.15200782673315014,3.8994430865258134,-0.43130635982589255,-2.7265293343002095
0.006546636852294541,-0.013654600624360762,0.006013997293641262,-0.00568291834391036,-0.14559121792017782,3.9121439104658804,-0.3919956702240213,-2.7349396830642827
0.006535151671848084,-0.013643903050629154,0.005996058877004108,-0.005701505321274249,-0.1487685537617138,3.9059001261880257,-0.4116450246562415,-2.7308187733292884
0.006553802568618659,-0.013681189756510713,0.006018362270525623,-0.005634317845765995,-0.14209100373354963,3.8932853561822562,-0.35274421521522137,-2.727456081605854
0.006600219956460373,-0.013724232800922017,0.0060882539055577825,-0.005557981451750357,-0.12910197621491074,3.9142080281622924,-0.2730599075901343,-2.740892561006578
0.006565091384678481,-0.013692108096767174,0.006035396982237728,-0.005615102000746199,-0.1389038168196219,3.8982230067140935,-0.3328756618727811,-2.730761525619189
0.006588496642180683,-0.013713614193532737,0.006070710229323148,-0.005576980413277263,-0.13237953484839468,3.9090031173813515,-0.29297191901045605,-2.73763946403505
0.00657668608027806,-0.013702974224215023,0.006052879446583705,-0.005595887286990688,-0.13566095252506918,3.903439939414278,-0.3128647888359561,-2.734147981527411
0.0064554831605434515,-0.013566698138067943,0.005868846426644875,-0.00583243731217284,-0.1715207836618657,3.85886235638518,-0.5495495991490172,-2.6985527761788606
0.006466779031833035,-0.013577843438207818,0.005887227476866637,-0.005813890230843738,-0.16831703394074915,3.8660697662895664,-0.5300115207331898,-2.703591436204416
0.006478093065567698,-0.013588971625377859,0.0059055142158927895,-0.005795248186413368,-0.16514738361090706,3.8730778949349953,-0.5103825690318927,-2.7084690690415285
0.006512149684875894,-0.013622248345333451,0.005959814535918759,-0.005738772576782896,-0.15530163547452788,3.892901894114216,-0.4510253518889092,-2.72213425885549
0.006500731605962801,-0.013611237029541487,0.005941703539642763,-0.005757565380771021,-0.15863336023370064,3.8863556152610244,-0.47080638116393875,-2.7176730159477995
0.00648939374484898,-0.013600120647440426,0.005923637299136644,-0.005776437232807433,-0.1619310980631431,3.879795577862461,-0.49062393809701804,-2.7131412332901643
0.0065078193853455165,-0.013638655969370124,0.005946999244292511,-0.0057077683659864506,-0.1548901488319724,3.868494713506084,-0.43017538343079703,-2.7111956773065633
0.0064391912165496215,-0.013571577339943533,0.005837639641140758,-0.005820223903177931,-0.17408311405253152,3.8279886461074395,-0.5478435464804433,-2.68316686798099
0.006406413204239802,-0.013537542402346963,0.005784118181939809,-0.005875942194581914,-0.18334744715414078,3.8073635620853934,-0.6055799314836464,-2.668189141632581
0.006395359690075263,-0.013526464377704968,0.005765734647235991,-0.005893746063027808,-0.18642246851727065,3.7995668531071956,-0.6242717589098028,-2.6626507936521304
0.00638428231920721,-0.013515221961061053,0.0057472123307842835,-0.005911717028258655,-0.18947918867589267,3.7916468033726773,-0.6430997710574159,-2.6569778876978734
0.0064224001092809515,-0.013576562490523308,0.00580570044215268,-0.00580772194833012,-0.1759236768698065,3.796738421825936,-0.5454440944448101,-2.667447185502919
0.006401450977445797,-0.013553223210549121,0.0057720798237107,-0.0058460409010755365,-0.1819983355046322,3.7852895747528073,-0.5841886304367455,-2.658652187972667
0.006411611367632419,-0.013564736311183899,0.005788416070482891,-0.005827158371119176,-0.17902972512869264,3.7907876060473824,-0.5651582125351817,-2.662938835286216
0.005823734598330857,-0.012828323874561495,0.004626458945894293,-0.006831830149733923,-0.32487243791729487,3.1485287429686895,-1.5702668509588902,-2.155270257175015
0.005851944835464285,-0.012867100575559717,0.004692363618054195,-0.00678922189551471,-0.32021526281527973,3.193372602056399,-1.5295942717727973,-2.1908951179184544
0.005832877982826408,-0.012841611487009921,0.004648278160140734,-0.0068169916457935685,-0.3233235717824861,3.1632720862342936,-1.5562391342639614,-2.1671977356698764
0.005842461184492359,-0.01285443622298079,0.004670485856700577,-0.006803085708979535,-0.32178114852241113,3.1784566053724017,-1.5429170337567475,-2.179152365194214
0.005862543294062778,-0.01290802371830149,0.004729236533192227,-0.00672935254013522,-0.3144363012216407,3.2116467603000634,-1.4759677742468014,-2.213679077833724
0.00585318228340815,-0.012895010628431819,0.004707797392770433,-0.006744194889884868,-0.31612698858669264,3.1974805408477143,-1.4901764038584207,-2.202323392907228
0.005844769901642999,-0.012881897229837501,0.004687767944340559,-0.006759736305525358,-0.3178158064791748,3.184502304834567,-1.5048196477228453,-2.1914964361842095
0.005772464602549456,-0.012776532085164154,0.004515518743842439,-0.006876132502604107,-0.3295928780739558,3.0685122614843343,-1.6142371918141512,-2.097543027960032
0.005781634628955128,-0.012789419009458873,0.0045374327992229214,-0.006862640075620087,-0.3283391303386998,3.083587314546213,-1.6016172510961113,-2.109571090281323
0.0057899949690856075,-0.012802513042001883,0.004558077028954403,-0.0068480571007674415,-0.3269799325657985,3.0974940631904726,-1.5880864789494904,-2.1210785080912955
0.0057977030962780875,-0.012816272757578108,0.004577930506000371,-0.006831778595252574,-0.3254257932351152,3.110466864510959,-1.5731300662408332,-2.1323271485846007
0.005805992073153049,-0.012830115054436894,0.004598642989620836,-0.006815669885452514,-0.3238448014019864,3.124079440680869,-1.5582267778931203,-2.143876812159032
0.00590642098056732,-0.012945055968031005,0.004818517505241729,-0.006698056511185641,-0.3096354316029186,3.2764399913474436,-1.442154091001871,-2.2581569975207887
0.005890322729847161,-0.012946975347513899,0.004792408216707209,-0.006683905828920701,-0.3091425045610276,3.252832713525945,-1.4323200901480015,-2.24686275272644
0.005871554940412914,-0.012921676034957546,0.004750281315991755,-0.006713067200088939,-0.3126556932876197,3.225195298209815,-1.4605072032377464,-2.224898691408061
0.00588131088951005,-0.01293425195004353,0.0047719788072012595,-0.006698933850102532,-0.3108830014376435,3.23960024039677,-1.4467707331492283,-2.236165716658583
0.005934338591438495,-0.012983675969453093,0.004881171746322793,-0.006651638775454623,-0.3038639279143473,3.316864981201782,-1.3970628678493089,-2.2906527929986424
0.005924822117058978,-0.012971153805702107,0.004860176291201556,-0.006666520194822616,-0.30579296341002876,3.3032180338538057,-1.4116556878808952,-2.2798766739003056
0.005915426953906491,-0.012958210987076306,0.004839117326510037,-0.0066820497129538,-0.3077169545804906,3.289620559074954,-1.4267484759906652,-2.268963539342797
0.005927310150884701,-0.012998645372018695,0.004874982107675611,-0.006621761014659034,-0.3015229930941468,3.305503309221773,-1.3722594364345129,-2.289408209916606
0.0059355768261387465,-0.013011436750392034,0.004893652295269581,-0.0066054672463261065,-0.29954528209553327,3.3168224944106157,-1.3566738624425196,-2.298974813179905
0.005944074485461359,-0.013024743224807525,0.004912777950927648,-0.006588326995433374,-0.2974511840794163,3.3282514331751014,-1.3402948843863502,-2.308705500938656
0.005953073705309013,-0.01303810101993677,0.0049326442983738195,-0.006571284952800071,-0.29530886388522776,3.340226268458214,-1.3238811669196167,-2.318688064578168
0.005962607168268072,-0.013051451205194076,0.004953291469967785,-0.006554448548559286,-0.2931195969222435,3.3528085041704654,-1.3075123821897991,-2.3289397960214306
0.005984328993272087,-0.013076749153822672,0.004998342601255108,-0.006524326768945681,-0.28879212532954673,3.3816379775283676,-1.2771759924266883,-2.3508353798570103
0.005972905665711222,-0.013064796693668092,0.004975120841553573,-0.0065379388736429974,-0.2909087806365888,3.366350632189595,-1.2912383581397793,-2.339646033345579
0.006005058262970593,-0.013100047177956896,0.005040738421838684,-0.006496443646422013,-0.2846672381966728,3.4087580298720357,-1.2487676363000855,-2.3711814001307308
0.005994792602355986,-0.013089010562505611,0.005019927066961394,-0.006509461117427334,-0.2867147940515014,3.3953152544472442,-1.2621716113251809,-2.361251085004754
0.006000542401467858,-0.013114823779449074,0.005036997441384191,-0.006468415696025205,-0.28262236156940246,3.398747648962639,-1.225832048002587,-2.369850354730608
0.006006557180744613,-0.013127113135427637,0.005050557356560598,-0.006450687760075441,-0.28058253849705794,3.405059398878702,-1.209392451954806,-2.376305457947472
0.006083891749917254,-0.013199935011306604,0.005200943107662962,-0.006365497818557018,-0.2657889227967705,3.5027261427552587,-1.1179945101226532,-2.4453780411730572
0.006073538732622882,-0.013188518049187898,0.0051806482346406675,-0.006380210195991695,-0.26817664561170607,3.4905193167448485,-1.1331498934513906,-2.4362587605115658
0.006014579325588922,-0.013141980202658188,0.005068079724993007,-0.006429558520870978,-0.2780594396813952,3.413564685392046,-1.1896170516948612,-2.38450629641467
0.00603799651663899,-0.013166979340529747,0.005114297281020639,-0.006399061619730209,-0.2732636432996477,3.442403980897273,-1.1581494284159208,-2.405796439322357
0.006024132937357213,-0.013158386201339823,0.005088412247674783,-0.006406487136421634,-0.27524748956557926,3.4237043631176043,-1.1678286173297499,-2.3938840528302356
0.006058643351730612,-0.01319121061585355,0.0051551565421119085,-0.006367807654732759,-0.2685737159165819,3.4665612514181348,-1.1265480293687293,-2.424308968736469
0.006044605462461992,-0.013181907707585178,0.005128910421081704,-0.006376680078961907,-0.27079236709856375,3.4479992252066944,-1.1376178031447752,-2.4123396814451694
0.00634509907938417,-0.013497535194178706,0.005678034257169118,-0.005933892126113412,-0.1971042654352961,3.7440023137128757,-0.6764600193933973,-2.629495531911653
0.006356589281336679,-0.01350915811558701,0.0056974139066707065,-0.005915759392145621,-0.19401651014134857,3.752646571193027,-0.6575077198541378,-2.6356901767032763
0.006368168394263948,-0.013520205222032679,0.005716915822583316,-0.005898559716425889,-0.1909674212768424,3.7616798193267726,-0.6392354102969362,-2.6419622692671076
0.006278833331527532,-0.013428588118226484,0.0055639419232903905,-0.006039184944203412,-0.21479928390915867,3.6909847544708607,-0.7860626662303395,-2.590840889785379
0.006302519866961683,-0.01345167542141603,0.0056053471589248526,-0.006004927072847104,-0.20876263587940305,3.7119730620172064,-0.7496851763962988,-2.6056728161650873
0.006290380905660126,-0.013440806874922493,0.005584120951132463,-0.00602081487538337,-0.21175692957477868,3.70063816840026,-0.7669973946665224,-2.597945573510031
0.006327650379881283,-0.013502564959492029,0.005645732611506218,-0.0059200304095054284,-0.19882048809803418,3.7125602109506644,-0.6725402966621167,-2.6135959265137276
0.006316857273094116,-0.013490226408114654,0.005627661745076774,-0.005939346560261329,-0.20184358975373387,3.7053987627623717,-0.6919968814709466,-2.6080417312265536
0.006307352199512962,-0.013477418132648949,0.005611819192516191,-0.005959760701241316,-0.20472858794475787,3.70035910321771,-0.7118256186870807,-2.603488506568483
0.006299759418410576,-0.013466029715179567,0.005599153345200767,-0.005978084578603418,-0.2072084865124924,3.6970076149054742,-0.7292891951568855,-2.5999882330697783
0.006140031228462282,-0.013244968792936138,0.005307291657252559,-0.006313436943550361,-0.25538162839885437,3.573711270836433,-1.0586990973884307,-2.4929739105222404
0.006129708800423191,-0.013233114115212677,0.005287295732389222,-0.006329601839578988,-0.2579597034219017,3.562292258901984,-1.0753188899403623,-2.48428935379664
0.006119431555011884,-0.013220986013509189,0.005267230382833449,-0.006346136628158211,-0.2605295136601418,3.5508766951197153,-1.0922044237654458,-2.4755065340718336
0.006134102402710653,-0.013260324963775506,0.005298670670272769,-0.006283347999185426,-0.25333378621273656,3.557551644068685,-1.034817959169702,-2.4879522747949774
0.00614317204129302,-0.013272751746759598,0.0053161854847439466,-0.006265461217603349,-0.2507618997065593,3.566247802928141,-1.0171604545386446,-2.4952305638829055
0.006152657935561961,-0.013285716626504475,0.005334362099444622,-0.0062466904866041876,-0.24804584405853228,3.57512343208554,-0.9986400715146583,-2.502670430544304
0.006267923006399406,-0.013416263439896227,0.0055447864386813745,-0.0060578152546530055,-0.21780838467775188,3.6821730621683844,-0.8050939387088941,-2.584113730441075
0.006207131525761626,-0.013344347440457508,0.005435495585635864,-0.006164911308513904,-0.2345701439399839,3.6305895502161056,-0.9136542143455264,-2.5437912211912432
0.006257693256667251,-0.013403859519699989,0.005526725546346988,-0.0060766904897330025,-0.22072690200444398,3.674253914157625,-0.8240743938719616,-2.5777949591154194
0.006248108139424068,-0.013391462362696354,0.005509688753444124,-0.006095662177351903,-0.22357267703287367,3.667112428330135,-0.8429181583782285,-2.571836538568221
0.006237923121604987,-0.013379769981808688,0.005491428668231479,-0.006113028709099361,-0.22632044142098842,3.6583323689778964,-0.8606621060877825,-2.565090655558308
0.006216747383125755,-0.013356343586468028,0.0054530991363203815,-0.0061471522062170915,-0.23187080431946286,3.63891022642543,-0.895833009918854,-2.550482121110397
0.006227069598692461,-0.013368344872989256,0.005471847192675259,-0.006129537488541627,-0.22908697361978678,3.6481297518595768,-0.8778935971286178,-2.557601640162457
0.006174898661810236,-0.01331040242406982,0.0053760313090384405,-0.006212393331471614,-0.24247458299266564,3.5979441049592693,-0.9632895611001845,-2.5198222148270406
0.0061631083599356165,-0.013298782987211044,0.005354121448717503,-0.006228037636753951,-0.24525021671962022,3.585228909313345,-0.9799243253312223,-2.5107301541123896
0.006196964917363572,-0.013332858522370641,0.005416803665459519,-0.006181421179528561,-0.23717732430227276,3.6208936464054493,-0.9306197810958597,-2.5364299147343545
0.006185941207460629,-0.013322146204659558,0.00539651038828931,-0.006196059146494813,-0.23982660433039996,3.6092600585985504,-0.9462513984244213,-2.5281659765706213
0.006079817468171755,-0.013214473773173988,0.0051963587492891775,-0.006337958887540301,-0.2639068406694171,3.4912312529714895,-1.0958502718360106,-2.4427230567409177
0.006102769848981438,-0.013224455339311601,0.0052382986708013534,-0.006331799613089414,-0.2609277525675991,3.5232121120728337,-1.084414421966798,-2.461854288245025
0.006086309727822414,-0.013226824591989057,0.005209762230615255,-0.0063195595710442915,-0.2616806507358827,3.496688951131618,-1.0786480493618031,-2.4484177039553114
-0.0048396980388572194,-0.009534927974242461,7.267479922268777E-4,-0.008084256303108111,0.2828767107981874,-0.4980334901050851,2.391499892988014,1.2220216058761713
-0.004838312805907793,-0.009512478904981803,7.608425029619837E-4,-0.00807661831020945,0.2874394447784579,-0.5205564700565594,2.3835657769505434,1.2448416897218608
-0.00483793545119491,-0.00949037040825496,7.945867743447784E-4,-0.008069950402466768,0.2921288700839222,-0.5426622390055532,2.3763458993146482,1.2677190567084031
-0.004834679918686849,-0.009465119556120746,8.321496441010221E-4,-0.008058781522972224,0.2964787293890619,-0.5678544583672108,2.3653949366649916,1.2922846061311262
-0.004859907466366885,-0.009199114418110292,0.0012408272308795547,-0.007987141226578384,0.35367584774800326,-0.8299400491426102,2.2810989273934044,1.5767109370959813
-0.0048294702488676814,-0.009436595402862525,8.738436427321135E-4,-0.0080439997353358,0.30067393870114895,-0.5960667817668651,2.351348179661382,1.3189394636650869
-0.004829229939548037,-0.00940265951854831,9.250365604849914E-4,-0.008032612367423688,0.30739502885005826,-0.6295172579335154,2.3391758478704596,1.3535572331660812
-0.004823659639334762,-0.009370156314262605,9.719398246089268E-4,-0.008015053697829377,0.31177546593517474,-0.6611240348097652,2.322424982816029,1.3834273657502167
-0.004843099832793761,-0.009321275976999012,0.0010522782254109959,-0.008019066567297522,0.32738156956647474,-0.7099853979277485,2.319877020027502,1.4441902204249482
-0.004829311101271238,-0.009341886387670738,0.0010162625097143347,-0.008011197523445533,0.31890644678510144,-0.6890185597579063,2.3163462379477315,1.4152317939727561
-0.0048430867498543174,-0.009300326553004737,0.0010835801734422937,-0.008010904328391225,0.33101960355217874,-0.7303732728452095,2.3113222494829286,1.465243990998215
-0.004830821178655577,-0.009277789980247541,0.0011121448753342205,-0.00798801146066992,0.3306448970545755,-0.7513615458037944,2.2914156680582622,1.4802984817324794
-0.004834601513302056,-0.009216080035486445,0.0012046064696361605,-0.007966158416865399,0.34192157627012054,-0.8109194873649364,2.2674226463365614,1.543472778045034
-0.004826737093720861,-0.009245376042465678,0.0011582351114459777,-0.007969966413677422,0.3344929315177628,-0.7821431188922849,2.273926690719239,1.5097580302917604
-0.0048588758025073465,-0.009168973398063779,0.0012846700418415494,-0.00797210537866081,0.3575245994846697,-0.8586536930637649,2.2659171001638896,1.6055260338089232
-0.004864586434052168,-0.009142540983538387,0.0013260424570805279,-0.007965974463854957,0.36362510272151755,-0.884547142119714,2.257836035060257,1.6351099924139318
-0.0048573363242638765,-0.009116563904096797,0.0013602857022557973,-0.007945093630989055,0.3642439355867166,-0.908150561749089,2.2385987120623487,1.6550904841938918
-0.004839040291808394,-0.008901165784527612,0.0016534988472442227,-0.007805715207093133,0.38017939598948575,-1.0990862882910217,2.102930455637251,1.8367111334759068
-0.004858825028268868,-0.009087991335667754,0.0014023188864843992,-0.00793234916439267,0.36846066294451724,-0.9351385041149464,2.2250821080101946,1.683304402652871
-0.004861990275169214,-0.009063779856901948,0.0014387598139258113,-0.007923326406895394,0.3726209499833551,-0.9581643867834144,2.2149102938722347,1.7083864670668745
-0.004847358283506097,-0.009045725210827953,0.0014567816743810153,-0.007897446014023118,0.36939369591723104,-0.9721224669371361,2.1929767719653603,1.7143499242892013
-0.004842491726647623,-0.008940838038106382,0.001601064271484982,-0.007833224781613794,0.37812452718387424,-1.0653149787913243,2.1295029754609467,1.8050812077914884
-0.0048490146420130005,-0.009017248764683166,0.001498018872373613,-0.007883872805158914,0.3731839045751619,-0.9984239648507617,2.1786970715284864,1.7417520673820264
-0.004849376520841432,-0.00898116309478767,0.0015489559400476583,-0.007864122559584219,0.3768774441947637,-1.031086057610299,2.1585757920446746,1.774710884824944
-0.004879228296471352,-0.009713515483296898,4.563362012145685E-4,-0.008167966232334274,0.2508014766122088,-0.31463508019345326,2.4697455287511727,1.049574162394998
-0.0048714609247278735,-0.009791084217005077,3.3230696033350145E-4,-0.008169923919692458,0.22758967762563675,-0.23585385949485457,2.477662338816193,0.9623717869983978
-0.004876416885522599,-0.009774635636968045,3.590172708405585E-4,-0.008173630683760036,0.23351568443710585,-0.2522138064986105,2.478986610394977,0.9821694038349245
-0.00487557531249319,-0.009734744171606797,4.221483073469094E-4,-0.008167069872971437,0.24408925400071044,-0.29319512058445923,2.4708861212039923,1.0250574725239134
-0.004873849123759372,-0.009757010699526149,3.866298579161525E-4,-0.008168297546460375,0.23754183117807673,-0.2705386450524725,2.473651345094568,1.0002403645369367
-0.004862935129125091,-0.00968225716563235,5.028324656391293E-4,-0.00814372602403682,0.2542788636318367,-0.34788119906394993,2.4492659508360863,1.0763107505773393
-0.004865435150968637,-0.009701967459335565,4.722714598301827E-4,-0.008150069603286281,0.2499133496330454,-0.32757275501565153,2.4556425140618194,1.0561821793671762
-0.004860330449231478,-0.00965774894076016,5.407909252953653E-4,-0.008136118962632178,0.2597657947567069,-0.3730467059010343,2.4414948754638535,1.1014792527080257
-0.004855534870959113,-0.009632159925794147,5.798372006230965E-4,-0.008125423218588423,0.2647165108504102,-0.39933417507725744,2.431286301725541,1.1266743000191182
-0.0048514518573966455,-0.009607516002192937,6.173478669055514E-4,-0.008115400184691238,0.2695491465850959,-0.4245145389373217,2.421595789291569,1.1510347996591095
-0.004846901642685782,-0.009581872646071386,6.560980491462214E-4,-0.00810427165392504,0.27431043825606655,-0.4506262162120657,2.4109318237248805,1.1760904417609408
-0.004841481512185988,-0.009557966035062808,6.917309672736482E-4,-0.008092220896314527,0.27814920687309613,-0.4748643321375248,2.399687928128575,1.1986990596628304
-0.004887932343617633,-0.009996723971358172,5.200234559663422E-6,-0.008201596531227881,0.17170441925301738,-0.022611022111643172,2.5164027046114303,0.7445872950826766
-0.0048782749893322075,-0.009946204395638559,8.586316645460509E-5,-0.008189516059263331,0.18476045757301449,-0.07589787734453762,2.5040581500083614,0.7963911882260203
-0.004869257713117721,-0.009927292803891308,1.1567913296040465E-4,-0.008178364488097114,0.18821566792325198,-0.09653475257523934,2.4946769697621587,0.8138480826264526
-0.004877052550979245,-0.009979094676971216,3.3319287997628076E-5,-0.008188823774012312,0.17464335708349202,-0.04234426994100891,2.5060829956750266,0.7602321939755231
-0.004869931824818354,-0.009961685618829106,6.095255964541367E-5,-0.008180258636365439,0.1782307522255139,-0.061202918931164474,2.4986895947023866,0.7767655418152921
-0.004863625807648071,-0.009904902288741139,1.5099234049506665E-4,-0.008170757597243143,0.19343174241494823,-0.12020167094156244,2.487493567025312,0.8361495786763139
-0.0048576552356541375,-0.009879322563609138,1.9117430171381418E-4,-0.00816226460381852,0.19930217971725603,-0.1471142990101447,2.4793767328289182,0.8616970123979631
-0.004867751838429923,-0.009851238419428109,2.3647792937597325E-4,-0.008171777483247072,0.20979048592898902,-0.17465029300636822,2.4839162002098796,0.8957785243628748
-0.00486795653810526,-0.009826776826719355,2.7531337832317017E-4,-0.008169761709535988,0.21675737494992228,-0.1996737700866057,2.480473843448669,0.922354574384933
-0.004846931207456411,-0.009796799066804283,3.2039747157551853E-4,-0.008142248462146897,0.21958639439681818,-0.23249876994728028,2.4581047145974995,0.9466135515396422
-0.004844944344218512,-0.009816321177392232,2.8948151237050086E-4,-0.008142113040625594,0.21375251250624402,-0.21281776248755713,2.4596579728871117,0.9248693497075074
-0.004920010618402263,-0.010353604924287402,-5.707047571135031E-4,-0.008203689841519118,0.06373780002383524,0.3491582696832849,2.5430088577486494,0.3653919145580091
-0.004917731969256252,-0.010337308914618856,-5.441884153728293E-4,-0.008204226093049287,0.06873108856992105,0.33202082883875167,2.5422715533804525,0.38248888462452907
-0.004915317901602005,-0.0103993486589164,-6.426736089369319E-4,-0.008188468152104436,0.04846031528543416,0.3948954991623359,2.5357728748952115,0.3148328484911191
-0.00490760145420937,-0.010381427686010363,-6.124755605012278E-4,-0.00818346606159283,0.05337187500386421,0.3749638083020442,2.5311546830431335,0.3323807007374508
-0.0049038828316207116,-0.010363857397915927,-5.837732960852914E-4,-0.008182854276165948,0.058562413201994616,0.35625561947149725,2.5295382663535957,0.35046470594198514
-0.004914409890662395,-0.010320752648380692,-5.170774892166758E-4,-0.008203443640459563,0.0736886057677758,0.3144013251855507,2.540617942910654,0.39961649166264523
-0.0049079873469603345,-0.010303262023596941,-4.87971587560732E-4,-0.008199058820358885,0.0784849291765526,0.2952067878385545,2.5364417157831762,0.41697421690838005
-0.004899828450430965,-0.010266809468294232,-4.284100387968716E-4,-0.008195446212185445,0.08905337820982284,0.25631262853399167,2.531466551455085,0.4543954078929396
-0.004897821675192174,-0.01028335691527292,-4.545076441274722E-4,-0.008190544687381509,0.0834894059709055,0.2728285177235407,2.529260692016275,0.435967736260925
-0.004892238653829247,-0.010253207585089673,-4.055899127095829E-4,-0.008188629576600631,0.09229958058516068,0.24093177952717024,2.52585140624727,0.46716123725544906
-0.00489394633985968,-0.010223802989731402,-3.5889116753124963E-4,-0.008194566611449612,0.10189710672522288,0.21119928215093012,2.527878985120744,0.49945577437040883
-0.004885797865704599,-0.010238127892478929,-3.8067365794590283E-4,-0.008183247973243856,0.09609471584034318,0.2242982524959667,2.521096081221727,0.48178715886447254
-0.004893442634824565,-0.010192259641594918,-3.084059432853716E-4,-0.008197679553670198,0.11182648929222978,0.17882857951621967,2.5278146125850736,0.5335308832355329
-0.00488574063828138,-0.01020848043740458,-3.334369924696368E-4,-0.008186909716509008,0.10540667608807379,0.19399671921479641,2.521532784192015,0.5138543561570096
-0.0048922494417142194,-0.010158416987890715,-2.54128272246911E-4,-0.008199632512806037,0.12231823386412742,0.14396106974145984,2.5267685944812617,0.569933625621151
-0.004884450785106235,-0.01017650762203744,-2.8230597353825023E-4,-0.008188874987737169,0.11524108939430278,0.16107092320094007,2.5206247128887047,0.548135583508295
-0.004880614824578484,-0.010140427860133092,-2.2440022564458874E-4,-0.008187635503124804,0.12589398438219768,0.12348060981622357,2.5171726060035233,0.5861547061604774
-0.004873111177596653,-0.010120187697039505,-1.915968081825794E-4,-0.008180415139166,0.13085917715014642,0.10149480911066709,2.5106763036470823,0.6059129088721753
-0.004870550815834296,-0.010102035019225441,-1.6254514872036162E-4,-0.008178576198090102,0.1359741903100772,0.08250026226301395,2.50805826754649,0.624822355547172
-0.004884954296638991,-0.010030117529175432,-4.8272949808265534E-5,-0.008197909644808711,0.16088435016192912,0.011194267763074002,2.516278216333007,0.7072795659621126
-0.004878475956079456,-0.01001342073980709,-2.149607325001803E-5,-0.008190578489240114,0.16457338341410818,-0.006928717134450488,2.5098944403105405,0.7233785924646439
-0.004873913242605792,-0.010045559397570234,-7.27182919898555E-5,-0.008184778959452582,0.15389800467291812,0.025277981509393116,2.5082128644018558,0.687042161608746
-0.004868935383684403,-0.010064605496104835,-1.0290602224065012E-4,-0.008178435941238271,0.1470889629029475,0.04397342038688145,2.5051868352461475,0.6648630659725416
-0.004868159879353222,-0.010083576619417075,-1.3305688661507256E-4,-0.008176761251824283,0.1411880771838534,0.06323876883886749,2.5054243668635454,0.6440910823479049
-0.004939522731644239,-0.010591875608622375,-9.540786297446141E-4,-0.00816241299234987,-0.010885252005826686,0.5966930913349172,2.5310919050946215,0.11276755439584417
-0.004931480151982735,-0.010574564649330138,-9.242226870317373E-4,-0.008158815900769674,-0.005898011326851026,0.5771464077947875,2.5274812569961367,0.1297390223967405
-0.004923688216999295,-0.010537977484133564,-8.642633620147095E-4,-0.008161335469210653,0.005094277312039977,0.5380692933330545,2.526716423012805,0.16742491232595544
-0.004921885300654835,-0.010554721234113,-8.900040888597086E-4,-0.008154053876324723,-2.681064143276363E-4,0.5546880383864665,2.522904023410334,0.14908616732909077
-0.00491755030802203,-0.010524407483923384,-8.410770667106648E-4,-0.008158310314091576,0.00893621454602578,0.5228380247128336,2.5237462673767155,0.1807171722082949
-0.004911901536203428,-0.010505379149080398,-8.095160794193841E-4,-0.008157321589296768,0.014502718603605925,0.5021853471884273,2.521789139682312,0.19995136957274462
-0.004904871228349854,-0.01048338198226173,-7.729674544373345E-4,-0.008155344446321806,0.020838025704479655,0.47821699053801653,2.5189486015412608,0.22206332047788968
-0.0049005551361447075,-0.01041337985535464,-6.615252712214224E-4,-0.008168109364033102,0.04248028835664868,0.4060239573611621,2.5228752257070757,0.29633129825531884
-0.004894520167652881,-0.01045979492962102,-7.331518455779762E-4,-0.008149670657035918,0.027350140545869234,0.45193025562901523,2.5134653268668825,0.24512732573281412
-0.004888109194891361,-0.010433582369220096,-6.903748545926317E-4,-0.008148882461449741,0.0349314256054167,0.4238922731559366,2.5111325889561265,0.27182120230764806
-0.004952687997016214,-0.008160185383140537,0.0026536296382294404,-0.00733361610992535,0.4131601392571249,-1.6774321784459973,1.6156125555731393,2.440077510632909
-0.00497214401855575,-0.008114997933228027,0.002720329911095929,-0.007307894017480643,0.41518218375089394,-1.7119565898524332,1.585726399334909,2.480921979772472
-0.004946663105921382,-0.008206086764187749,0.0025984664017927087,-0.007371787964246334,0.4153288384383614,-1.648938427994356,1.652588130347045,2.412786971057002
-0.004945155874509393,-0.008251270630325686,0.0025473524155544516,-0.007412773582177709,0.4183120497478359,-1.6221662124692793,1.690892115462203,2.3894444182645302
-0.004955872524733698,-0.008291617982738487,0.002511874567063879,-0.007460686726442122,0.42498787805442434,-1.6035171330871105,1.7319409416688194,2.3807394852708
-0.004931413119613503,-0.008322485717804393,0.0024544378952490353,-0.007464293524511945,0.4183529244022037,-1.5717307461262815,1.7434970109829446,2.337173132658372
-0.004904025668251951,-0.008174716018163927,0.0025916594056910394,-0.0073013142247855345,0.3987449584412412,-1.6427422359619681,1.6030251315670039,2.379547086298137
-0.004908277759393195,-0.008362837612508394,0.0023875143899084877,-0.007476973252713239,0.4125282321756663,-1.5348243653061233,1.7629602236458306,2.2901415711538813
-0.004874900192619675,-0.008404158404867357,0.0023108310892334745,-0.007479255753094566,0.4024679513421299,-1.4923389164126775,1.7755490628350301,2.231773919809737
-0.004863604211296865,-0.008448985950787262,0.00224884370833699,-0.007505543584637342,0.40018919059434904,-1.4576989073760434,1.8036596326891357,2.1937455168917275
-0.004869288187483865,-0.008504783690562442,0.0021867895587067182,-0.0075568379750752795,0.40325950516372544,-1.4219997132622468,1.8505692531265725,2.164355352822478
-0.004847684350224291,-0.00865716835406726,0.001981168052728676,-0.00765146687671215,0.3950585669148456,-1.3014681040457077,1.9481054848818358,2.0385598161688194
-0.004853837156388184,-0.00856037699651408,0.0021067874412247518,-0.007584925752649303,0.3980677271738437,-1.3759941341090416,1.8820335535055435,2.112527137306841
-0.004847438633669043,-0.00861012040878485,0.0020402599572830805,-0.007616331675118948,0.39554137467059974,-1.3369474367740362,1.9141607794091262,2.0721141317732124
-0.004804123868939592,-0.008880733751303225,0.0016598057009759182,-0.00775548904115281,0.36900499828353445,-1.1076279802336606,2.0629741311485312,1.825928897757734
-0.004802502510659838,-0.008838885691570911,0.0017145339313827876,-0.007727654242481444,0.37115295092133876,-1.1420743811200529,2.0359094581628248,1.859001714307343
-0.004809980780213217,-0.008684892779694791,0.0019188943422258165,-0.007632050500837131,0.38104921204558945,-1.2667161570631558,1.9404713227351333,1.9842419632291104
-0.0048215489583607355,-0.008736237715422809,0.0018613487788184092,-0.007680027568155924,0.3833559463191088,-1.2307502011913727,1.983713461524076,1.9559469927396553
-0.004816265979820294,-0.008794492205873703,0.0017819425654954633,-0.00771362945183155,0.3788513013917915,-1.1824015472503995,2.0181048395641468,1.905990294642869
0.00499926062148383,-0.008027750895643395,-0.002837182836759029,-0.007245295957618935,0.41425703659566865,-1.7708382802581173,-1.5197830988206162,2.5449997872307186
0.004982341825753328,-0.007986709544500727,-0.002860393962844612,-0.007187428276504271,0.4039579109523476,-1.7788187470069972,-1.4752570041507238,2.5382312656578687
0.00494602317250716,-0.00795633438418647,-0.0028520957778690723,-0.00712353255622549,0.3898766877238207,-1.7694907800524156,-1.433162713324564,2.505080805652461
0.004954122333100303,-0.007919039484600706,-0.0028955229190128916,-0.00709193297540729,0.38744630113147854,-1.789303917660586,-1.40341358229536,2.524488573928404
0.004938615128156487,-0.007888486649239579,-0.002907362549252086,-0.007046559984322079,0.3798604463945583,-1.791205381948048,-1.3708942203949257,2.514242451024688
0.004953260393110577,-0.007848899372579278,-0.002958424397834732,-0.0070172482886495325,0.3784679084379527,-1.8142269994000013,-1.3414460196489726,2.5397093988817576
0.005364813363778333,-0.006411426923908482,-0.0042164282233675444,-0.005508215294525841,0.18724421530516774,-2.056054301936596,-0.231205056729336,2.672727508707514
0.005294023133504688,-0.0064640892938699485,-0.0041162609860867635,-0.00555146698363758,0.19326494514593132,-2.0344265620114794,-0.282303801494105,2.64097825983087
0.005220117396501292,-0.006514303976098229,-0.004012622510387109,-0.00558826217690607,0.19947140409422984,-2.0085996837546785,-0.33074028735806843,2.6031411306725425
0.005163202416095509,-0.0069490839007497595,-0.0037970708924894006,-0.006104420853862381,0.26715379995772254,-2.0478707481115275,-0.6170094854393172,2.711372603790834
0.005194638805463114,-0.006911282085925523,-0.0038523283449534637,-0.006073276573648589,0.2637954296133943,-2.062838582801163,-0.5855696322480095,2.73072139386937
0.005192564446745506,-0.006855693473666973,-0.0038718256536753,-0.006002404616822387,0.2538896513809425,-2.0544997758165375,-0.5471331112695484,2.709755431690678
0.005194630839574964,-0.006781156911997143,-0.0039018581683572594,-0.005910028295512693,0.24133483584245496,-2.044725439904974,-0.49694419904921366,2.6852512676147353
0.005237081688436484,-0.006617008880705511,-0.004006891220811461,-0.0057224571760025955,0.21576898525056087,-2.0389394380505865,-0.38488662449208305,2.6595002179933505
0.005202125538574107,-0.006712023912569703,-0.003934442056733962,-0.0058269754710591785,0.22985857643682553,-2.0375437395256566,-0.45129639621608447,2.6661999866840635
0.00510734746164001,-0.0069680697801317295,-0.0037197742494236925,-0.006098680577166623,0.2652569993915297,-2.015745107037778,-0.6375095550387403,2.6614636971232675
0.005050578191996721,-0.007679092227368504,-0.00321052498391883,-0.006910739364018564,0.3784937451614517,-1.9284279406276774,-1.2177891564954633,2.6795414817072394
0.0050247358105034385,-0.007621349817411063,-0.003226964359035632,-0.006824359326223133,0.3630593022884753,-1.9247206682347155,-1.1603066598137257,2.653094565353222
0.005083034928667253,-0.0075335808382369545,-0.0033609692108985774,-0.006767367445471225,0.36086794903370306,-1.9810979283253904,-1.0927613216936682,2.72377075377992
0.005065168931921411,-0.007455856705062189,-0.0033952015828983815,-0.0066623267913183655,0.34449995830283603,-1.9803884339543425,-1.0223624017588409,2.7004655563127478
0.005120042794355811,-0.007053277973202033,-0.0036961989257761263,-0.00621012002997686,0.2809451628058946,-2.0291205408858493,-0.6979246570933976,2.6961447348152565
0.005092971157457464,-0.007119269695963828,-0.0036303270969847744,-0.006275436135201281,0.2898111328626085,-2.0149335934451424,-0.7491425890725768,2.683761674585688
0.005119421517048707,-0.007188931705310967,-0.0036257365162545682,-0.006376535098020283,0.3057003000359458,-2.0328392249102225,-0.8023475047622918,2.7268401566212392
0.00512863332171339,-0.007283787818955129,-0.0035825941688614658,-0.006498816645428792,0.32459029900923,-2.0372556517840423,-0.8799767367513006,2.754645564291645
0.005061923244583485,-0.007388052896548989,-0.0034367867798853692,-0.00657966545537051,0.33220616426740074,-1.9859724185270216,-0.9645772841136163,2.692232865596204
0.005063510097174387,-0.007316132534550213,-0.003484131475360822,-0.006494962273777047,0.3191961502348786,-1.992646675264582,-0.9048113968278576,2.686190944818888
0.0050085702773128475,-0.007555914041944657,-0.0032579944511460803,-0.006737265420363917,0.34946039200573725,-1.9274252848720437,-1.1002570511007657,2.6371527249584776
0.005006622407922437,-0.00772509109661598,-0.003123114959182726,-0.006926839079670184,0.37471939626573075,-1.8872391288478318,-1.2479269494867864,2.62253720783866
0.004965762494758975,-0.007784126624384916,-0.003028424075629682,-0.006958171305834459,0.37259832316994196,-1.8437005225818182,-1.2882416782657982,2.566552473068157
0.004887874831930632,-0.008637221587132815,-0.002036312945731445,-0.007679065149844239,0.41007240051809074,-1.3314497660827074,-1.96306524082178,2.090649352929009
0.004867260598739402,-0.008675523907051959,-0.0019719526005382566,-0.007685441827233291,0.40178285966200206,-1.2941220752370464,-1.9755062497677536,2.042911351577103
0.004841436333192691,-0.008757171795009707,-0.0018477441233863343,-0.007715414172365569,0.3896789047100262,-1.2204203109682188,-2.0125803969768072,1.9570706388021326
0.004852694113019709,-0.008716396212263663,-0.0019087108165505718,-0.007699177849774405,0.3952555416042945,-1.2568162635689355,-1.99329705756721,1.9986632285593888
0.004952311007880153,-0.008410762697753461,-0.0023694841384901207,-0.007563485114888832,0.43030598388578184,-1.524372640910803,-1.8307345426663135,2.3090895231507074
0.00494285381458348,-0.008447021449034227,-0.0023176127362368863,-0.0075848387525850195,0.42848689268434387,-1.4949644156160888,-1.8542756110390834,2.276513442931161
0.004910248002705757,-0.008466404375367843,-0.0022667192302580894,-0.007567439020305788,0.41718436116162844,-1.4665259234753012,-1.848075924284901,2.2300735594235914
0.004884050561974723,-0.008564139333341145,-0.002125645944205751,-0.007619148271395446,0.40915092543464854,-1.3853111734852392,-1.9059669001103081,2.1391100365915783
0.004883545126938102,-0.00849291464492373,-0.0022126948640266413,-0.007561806629020015,0.4080527893376424,-1.4362711040519445,-1.8510636573465085,2.186073964441531
0.0048707427165836205,-0.008529180990724316,-0.0021582821244892935,-0.007577832184757006,0.4040505564399098,-1.4052781150695401,-1.8702028719915362,2.1497777248071754
0.00486165223629468,-0.008598903734262737,-0.0020650114609455056,-0.007622610678934924,0.4009232626623169,-1.3506545020169518,-1.9160535420904965,2.093300891837947
0.00492396209224102,-0.008371917908072705,-0.0023907058213573948,-0.007500689306457712,0.41833200938588827,-1.5367434425449,-1.780097392413442,2.3016719487727353
0.004966565318322158,-0.008110749115229375,-0.002719234557883057,-0.007298421086443197,0.4129921228841889,-1.710995609727592,-1.5791091870418175,2.4762435872534936
0.004971367356200933,-0.008069082655087208,-0.002766989761338078,-0.007261363730080307,0.40983440399882026,-1.73448165549264,-1.5442010913562354,2.497647215160001
0.0049002724498667365,-0.00821043882446967,-0.002550100970312388,-0.007331311152928496,0.4003461829764488,-1.6213800784986887,-1.6312137821664472,2.3595022236462277
0.004941428564319557,-0.008138305309022396,-0.0026658084741319134,-0.007301667088982485,0.4073796084188915,-1.6824608968266401,-1.5907729344152006,2.436398810997464
0.004914538301038839,-0.008171456119913795,-0.0026050790945691825,-0.007308112189013233,0.401729708470458,-1.650115348482564,-1.6056642430421204,2.3924268134789735
0.004867027822533851,-0.00823281195777796,-0.0024954099311014816,-0.00732040276543854,0.3913769868421768,-1.591592367820313,-1.632156272130023,2.3137515832584494
0.0048813546634968,-0.008280453694299006,-0.0024566000236883006,-0.007377327311579537,0.3988729885512252,-1.571963330924157,-1.6791264701936026,2.3057278085448663
0.004899512356134123,-0.008327560131396048,-0.0024201635012946524,-0.007437174508523873,0.4075428088417656,-1.5528207513621137,-1.7285038027089017,2.3004298841190605
-0.004938469449327132,-0.007865797911231757,0.002927711846743617,-0.0070226258252169,0.3768166158777087,-1.7995402015338,1.3510551960040933,2.519676274315351
-0.004947276637949024,-0.007964354161160573,0.0028457510633573915,-0.007132871481487718,0.3908995701935472,-1.7670585632351241,1.440518862241536,2.50425144586543
-0.004925633175311139,-0.00791734288990992,0.002867464493762071,-0.007065437290784587,0.3795464429901913,-1.7726324624373315,1.391213774857604,2.4927184552534314
-0.004945178031077792,-0.008063918169309714,0.0027459769743618436,-0.007231913427775937,0.401470344018292,-1.7216054279270967,1.5273838430624267,2.469509216211058
-0.004916942688790379,-0.008010037322690207,0.002770997208909516,-0.007152351830422545,0.38701042957268905,-1.7296805078325883,1.4677171779606561,2.4561487242440276
-0.005002664607579689,-0.0075645835617255104,0.0032448159698666044,-0.006742781191751333,0.3491830773081893,-1.9218713853596285,1.106554674438666,2.62994994612801
-0.004999254811861309,-0.007498196760111783,0.003288849441974427,-0.006664215837460033,0.33812022529289093,-1.9311879968922063,1.0498588628172063,2.6270300802612705
-0.005088462878261768,-0.007147111265148793,0.0036103329493823396,-0.0063066772132001825,0.29417275861432685,-2.0123995498208394,0.770908968279457,2.684845217260363
-0.005094731676751291,-0.0072117376704332456,0.003582949060835571,-0.0063890389317414545,0.3064870979710443,-2.016515979359078,0.8211684191302258,2.704148733289431
-0.005054466665404505,-0.007255936678023731,0.0035092416790070452,-0.006417041460555222,0.3071017163089811,-1.98989820063759,0.8558829919346903,2.6683800447695494
-0.005046622482479893,-0.007313907872228191,0.0034652743579882033,-0.006481189180405843,0.3167698116028864,-1.9818753870037304,0.9023889134410032,2.6675009542264063
-0.005002901469123276,-0.007435000159291566,0.003336465146995446,-0.006593861156771216,0.32907149328541485,-1.9425867224126672,0.9976482882473817,2.6296080524696155
-0.005013176185696334,-0.007366537298814953,0.003393201806609652,-0.0065210729010691726,0.3185447567524657,-1.9564297198753913,0.9425997946582537,2.63654471296609
-0.004882892453137283,-0.007826105789229376,0.0029042545675194323,-0.006934817829588433,0.3576020028701575,-1.7794714596005854,1.2985367088938526,2.466884385294295
-0.004934417463595684,-0.007670546495053978,0.003087535787200967,-0.006809305023691967,0.34984134053406185,-1.8555409889437977,1.1823474279389377,2.5471240677410267
-0.004887066132869853,-0.0077633396951048775,0.0029616401008899468,-0.006872214106599655,0.3508439921584732,-1.8015257272808844,1.2474977661030628,2.4831399832624146
-0.0048961035525106125,-0.007705871529982317,0.003017999832961489,-0.0068180011235776505,0.3454132146195956,-1.8228441022356647,1.2022650720215633,2.501371727500071
-0.004918697508495405,-0.007626493539822064,0.003104384396967996,-0.006749021327810474,0.340503324028314,-1.8560026722071072,1.142055872012452,2.5341914537516534
-0.004939671631318237,-0.007581943161045535,0.00316098520836028,-0.006715406971613029,0.3385612586913173,-1.8783674118806417,1.1096707745019618,2.5598205868245776
-0.0051633756874152085,-0.0069215770331593875,0.003808898920667207,-0.006070247252668355,0.2626658734134995,-2.045062076496422,0.5974862315727979,2.702863783290471
-0.005168747267393552,-0.0068319522734601006,0.0038510577596803687,-0.005961359099591262,0.24765358416005964,-2.0372567013452527,0.5352095387431269,2.6787522526040877
-0.005290636447794739,-0.0064924274756548135,0.0041056570877469984,-0.005586033704421816,0.1986550327806482,-2.0395997655297085,0.2986607342499379,2.6509386360209892
-0.00528459716155103,-0.006591036481541895,0.004073820486121028,-0.005708309996347054,0.2142972152946385,-2.0586897988592514,0.3570965955734166,2.689767184254866
-0.005205125469686519,-0.006740386741467611,0.003928940104329869,-0.005863697620843586,0.23478220615588644,-2.044197713688962,0.4684554477292489,2.679822692984356
-0.0052140916679294,-0.006648861295090892,0.003969018310951483,-0.005753035163695022,0.21987031295098497,-2.032685059963812,0.4094718300824475,2.6527325668978343
-0.005184045836280361,-0.006403726442320348,0.003993568486563245,-0.005440868086322536,0.18166564037574398,-1.967417829842733,0.28274356787078964,2.5301204638939248
-0.005254965883408874,-0.006138716979462174,0.004122465839864975,-0.0051415119282441375,0.14819842190839977,-1.9346482366995432,0.14140396194979998,2.4669530317166775
-0.005189794992148493,-0.006218138758052608,0.004034028882947806,-0.005219940331597259,0.1567691230700544,-1.9277916334803715,0.19434468547922037,2.458747105563353
-0.005156386729291151,-0.006291959593518387,0.003982083127463706,-0.005298469514995168,0.16590014878802012,-1.9308793265308957,0.23639049956015215,2.4664331436100295
-0.005109075508017455,-0.007061879593539825,0.0036786032856988113,-0.006214488827787989,0.28133422232633937,-2.02266210948118,0.7053177937227221,2.687143768794239
-0.005087077349966926,-0.0069638995608593685,0.003696883667860275,-0.0060829490636142005,0.26230052249417707,-2.0034026515187797,0.6367281415302785,2.640666481755598
-0.005260906999764549,-0.0060360526460112385,0.004140392912676237,-0.0050208411155106755,0.13548153006384386,-1.910051849324155,0.09909521992587052,2.424991202188655
-0.0052689181858825915,-0.005918664119357472,0.0041591236639207585,-0.004884761314064069,0.12306720528670688,-1.8820436304218229,0.054094785593023935,2.3788487498928954
-0.005311790204217436,-0.005804330925637455,0.004214539277416742,-0.004758842970110608,0.11040087639237019,-1.8650717726216608,0.002720083863144149,2.3511335843301393
0.00744720171222178,-0.0024065179412997165,-0.005360781403752174,-0.0012198462783717422,0.006981651008038133,-0.9035853069416088,0.608837424915249,1.0418115228235065
0.0074820647056672305,-0.0019747540220414962,-0.005263391568668343,-9.658863579309359E-4,0.011415111754082405,-0.8390363695461015,0.5010473229914768,0.9485050443827193
0.007589254627706907,-0.001464354306461434,-0.005207619626943009,-6.773578412009359E-4,0.01523584911003005,-0.7644151714554975,0.3800689161033878,0.8445095469141799
0.007043281042344898,8.713791364832686E-4,-0.0048464948946544744,4.5710572644522745E-4,0.016159851866105347,-0.8614117519424344,-0.18712248846853083,0.9497017190687397
0.007475823563745023,-8.440991694699045E-4,-0.005063192649014763,-3.9665119896516106E-4,0.017725510725127402,-0.7577830146101155,0.20981196219281398,0.8248478576549992
0.007161184850270889,3.167271616647332E-4,-0.004872150621692369,1.6008551156323968E-4,0.01757212304541714,-0.8181733598952367,-0.07053686075121883,0.8933103815851483
0.007314523575916586,-2.619742159581407E-4,-0.004946589735532275,-1.2794962269946773E-4,0.0179943905542542,-0.7820495708635521,0.06173590261831848,0.8497140528154788
0.006678035130746321,-0.003914310759172722,-0.005294384370547934,-0.0025943749574885238,-0.012138478057377168,-1.3832118620332257,0.6959270131066847,1.6898885672437818
0.006939002195305443,-0.003230456209313888,-0.005280502913562518,-0.001945260369404444,-0.004739821757347234,-1.1718139931366804,0.6688497032369696,1.3956149017149038
0.0068709941244433,-0.0034514394749386515,-0.0053006690637103305,-0.002139693587786007,-0.008185786768068803,-1.2342146342020828,0.6896511927779744,1.4834568248050706
0.006733576299120647,-0.0036756905363551614,-0.005262776222244431,-0.0023696930648824453,-0.009271459552286034,-1.3125036814168032,0.6795240719887504,1.5886573562255943
0.006497006013368694,-0.003978192866467171,-0.0051522497292972045,-0.002707414721694438,-0.007511610881849662,-1.4220427592996792,0.6288773092909969,1.7335358188508287
0.007116696599406443,-0.002552579450841211,-0.005199061952211329,-0.0014153127553302878,0.005031088607179115,-1.0086823141412948,0.5700691559864358,1.1677341068322957
0.006947918695921576,-0.002817352446332505,-0.005160646060084698,-0.0016439637442949258,0.0011688730460698877,-1.0899206403008626,0.5846596289452987,1.275338545910602
0.006876593967177644,-0.0030577065965514045,-0.005180368608942882,-0.0018373314803460273,-0.0016922586706143692,-1.14868911479749,0.61430831701493,1.3570720762343493
0.0055943598222343675,-0.005948159105412016,-0.004551975674806094,-0.004973235607480053,0.11875728769542702,-2.006634812503225,0.06536696912679073,2.579472061161937
0.005539239499866319,-0.006020407119925131,-0.004480839247220076,-0.005055302232544207,0.1298870784749244,-2.011409562213579,0.014293464002141886,2.587370172899168
0.005448819420318354,-0.006055307179209361,-0.004366199623523273,-0.005081937586368952,0.1362687052346301,-1.9875222541651654,-0.0379605803545886,2.5497442254288476
0.005354923897941131,-0.006313827121819201,-0.004220666627150079,-0.005381863651589554,0.17220097791001407,-2.0244495351189404,-0.18560603308608783,2.616864730993236
0.00535009022196887,-0.006208907922813587,-0.00422935338448201,-0.0052499862970301495,0.15755523143072572,-1.993115480383944,-0.13882517253302784,2.5619351809179958
0.00537728124528753,-0.006112377698102628,-0.00427348959880334,-0.005137450041997154,0.14456239027618245,-1.9764186435461553,-0.08844166037786946,2.5328400653350065
0.005576695032135215,-0.005835467796675668,-0.004529618401982059,-0.004830799483190016,0.10749244496826778,-1.9602047761272121,0.0932112382366494,2.504607404112248
0.005579172056977518,-0.005698811693439295,-0.004529073568621035,-0.004665296037232271,0.09285919151136617,-1.9143932439076414,0.13357397621238662,2.4303928127953927
0.005630394510729433,-0.005560486103854749,-0.004582362364792629,-0.004504059677872836,0.07830908808630459,-1.8812575742695024,0.19027980757789284,2.379244120672387
0.0057723081206586405,-0.005350395972784065,-0.004726887119528251,-0.00426001622270547,0.05538310892525048,-1.8397922060738077,0.2961078254994371,2.31975332722723
0.005635158461715614,-0.005400960729895426,-0.004574540815718416,-0.004318718985030896,0.06565731191840617,-1.8287026058606022,0.2244705623597393,2.2980078628132024
0.005795013294855562,-0.005203676378982719,-0.004732206744177648,-0.0040914351968484785,0.04562257319099117,-1.7927805723170547,0.327046614666054,2.248476766597171
0.005829300550455959,-0.0050541577317365066,-0.004746579206646979,-0.003922679184653805,0.03639360816112459,-1.7475126794399543,0.358535293196935,2.181053682236236
0.006350189382433,-0.004260866077175148,-0.0050992207579410205,-0.003011651960988652,-0.004031592318267007,-1.51421504069373,0.5951380238848757,1.860482203165091
0.006327593505506282,-0.004071752389886705,-0.00502429214115862,-0.002838644340031339,-0.0025779285575101164,-1.4612286302828046,0.5694904327332103,1.7802698838358457
0.006128686956965084,-0.004679965488964004,-0.004989697853562145,-0.003481486367330346,0.009381912479698678,-1.6478293724060311,0.513221145814139,2.0462391262427917
0.006238322885205564,-0.004369236009990145,-0.005020490068526832,-0.003143933406760642,0.001183832482376351,-1.550716871080491,0.5533846516092505,1.9074929504222509
0.006166346870423082,-0.004519313106728211,-0.004988014980844377,-0.0033089811464484605,0.004869753338730355,-1.5972951431593854,0.5278686620004517,1.972219574910848
0.005877240605545599,-0.004898424066272103,-0.004770922195690326,-0.003749331644591018,0.028223793742869683,-1.7026147123715971,0.39195160375452437,2.1153568177460578
0.005970718794180081,-0.004733751148130961,-0.004836964412615421,-0.003563246547720494,0.017884052153883345,-1.6575473115861323,0.4403707615700031,2.0517107956061014
0.005510720560170741,0.002353733334179559,-0.0040403212741922144,0.0015927532781891444,0.02085710179838079,-1.2027728533808515,-0.22826323797174067,1.3918309518224683
0.006400177457743069,0.0016086554055055218,-0.00455544376011325,9.677553216279931E-4,0.015026487262143435,-1.0319916744636226,-0.26258744560154307,1.1678598873016715
0.0064609155020186335,0.001057288567526555,-0.004532040354895044,6.209502424612788E-4,0.016408531391408628,-0.9829531436760499,-0.17875512056187906,1.1009256934870468
0.005809815346033733,0.0018624651524113429,-0.004196027483135418,0.0012106716419925158,0.018458944352976625,-1.1296549596483343,-0.2228984856785397,1.29327267134993
0.004909427193844795,0.0029315360502048557,-0.0036448969644814516,0.0020848170411425656,0.029606025269035916,-1.2863497545172846,-0.1673822758143602,1.5017901867305363
0.004122041920431849,0.003543185872813841,-0.00305889403849783,0.0026018549966809437,0.04417865819118295,-1.3277408796419807,-0.06374808001284694,1.5565555668854223
0.004457054718288328,0.003217024142336316,-0.0033105132954519144,0.0023337637075745935,0.03784178749830675,-1.3107401318845249,-0.10888573661450636,1.5344184526621534
0.003379733966115456,0.0037470384287891165,-0.0024753356895589104,0.002758820297692369,0.05233159622864186,-1.3020106311439037,0.004937944843228996,1.5225847296899981
0.0037208299131118584,0.003505224796207256,-0.0027404874460708484,0.002573564275576128,0.048159383996208775,-1.3068717479011276,-0.029861981143880882,1.5289335506627104
0.0049866058386286195,0.0024465982940337244,-0.0036620657325538123,0.0017096434889391917,0.027516828192323917,-1.2368928046172483,-0.16286695832858245,1.434565011951223
0.0025490355622931,0.004143060554772956,-0.0018304981314041723,0.003035032613958103,0.0560684531524543,-1.2635004144991144,0.0564627378522396,1.4707501248662065
0.002966390439861286,0.0036283350897141735,-0.0021575224154094072,0.002658517167494762,0.05248875552294608,-1.2754358414431257,0.017199962650296302,1.486147765205647
0.004819645251931216,-0.009180845304393743,-0.001249202744849416,-0.007933571762706702,0.3419673209941418,-0.842436160803613,-2.2384779747062464,1.5676856878745202
0.004864207583126076,-0.009779646658667186,-3.4952167738061155E-4,-0.008160127175233532,0.2288401194449245,-0.2483048644196834,-2.4696380888219447,0.971892591387111
0.004849130718027265,-0.009747890420980718,-3.9751696701572666E-4,-0.008138440474946313,0.2332763209138469,-0.2821448454461684,-2.451178129284003,1.0000560692483902
0.0048300628724481974,-0.00972619520288998,-4.2858376927039355E-4,-0.008113270733719806,0.23378908610789134,-0.30569857619091295,-2.430914209601851,1.0154065868147866
0.004828972391114284,-0.009701544712024923,-4.667524316845114E-4,-0.008108014437331132,0.23966838729873305,-0.3306978125870052,-2.424862603967659,1.041157791273936
0.0048357781479390315,-0.009680632914781802,-5.004503092075148E-4,-0.00811215609211926,0.24695684067255147,-0.3514149597311367,-2.425991692762312,1.0663238941310647
0.004829716107251404,-0.009467091747986605,-8.276494568826347E-4,-0.008053702607244423,0.2944605856957096,-0.5658033265100136,-2.3618223415228363,1.2875584822663209
0.004805297586371817,-0.009441863341898471,-8.582657022373512E-4,-0.008018231808312072,0.29179859972872274,-0.5903205089749165,-2.332684327575292,1.3005688448342088
0.004813745633597478,-0.009413317805560088,-9.038426048216664E-4,-0.008018601339329664,0.30022129713672424,-0.6185649408358348,-2.329867309988256,1.334201080410647
0.004801266769103076,-0.00921466639990471,-0.0011920252031971926,-0.00792823438983224,0.33050474061473967,-0.8084609325509095,-2.2388488302211402,1.523323890209474
0.004832296453893595,-0.009357082242015372,-9.946152166016157E-4,-0.008020151641579753,0.31714167216399614,-0.6743786187434169,-2.3247603921874567,1.401636325701083
0.0048181694573043434,-0.009382571299250284,-9.514238796916938E-4,-0.008013190737625965,0.30757613112610077,-0.6487820377346719,-2.322442706187147,1.367808165623674
0.0048203274960536184,-0.009323613841970127,-0.0010401058950458375,-0.007994191150651529,0.31916589751933694,-0.7062529189612731,-2.3014663802241535,1.4283000254374993
0.0048107500695221935,-0.009281555377261842,-0.0010984785286183624,-0.007966950437348434,0.3231256407915484,-0.7459983341641258,-2.276091663279422,1.464225585605709
0.0047868606459616206,-0.009245313709032739,-0.0011415007193418788,-0.007925363420927692,0.32095672336825903,-0.7780422166948496,-2.2405859361327085,1.4847595148236021
0.004839766956953316,-0.009625439357100729,-5.869667003252331E-4,-0.008105864679762827,0.261725016528966,-0.40693426851625203,-2.416263523191955,1.126615449314995
0.004831240068795102,-0.009657431333059187,-5.356309707302635E-4,-0.008102595336207863,0.25131057223451586,-0.3751370127066347,-2.4168425038463894,1.0889634811399613
0.0048127541609914405,-0.009599501161175562,-6.21026952903627E-4,-0.008069279258089002,0.2597688397669807,-0.43415636686263576,-2.3867644490085493,1.1415231667034502
0.00482159595940462,-0.009496649010419774,-7.80332964564919E-4,-0.008053100666155012,0.2855924712797033,-0.5364165373329702,-2.364427401654725,1.2527591666611715
0.00481581505827636,-0.009531580053302123,-7.25569307387141E-4,-0.00805610895158125,0.2760908240141658,-0.5017992401250077,-2.370227121504843,1.2137326741746823
0.0047840186388221255,-0.009575876263686603,-6.503222835500673E-4,-0.008031175395892475,0.25697595561374037,-0.4580988821271122,-2.356282628869075,1.1523585569353083
0.004788553750109534,-0.009550120867773088,-6.903744929824693E-4,-0.008029976693247877,0.2639367875692813,-0.48350431845552205,-2.352784437733694,1.1810790014481118
0.004846429880380466,-0.009801462359602248,-3.1300440300934424E-4,-0.008142205177048634,0.21819706223177862,-0.22782849753742826,-2.458485277093797,0.9414364501386839
0.004858781526044216,-0.009841977902010444,-2.503638778255327E-4,-0.008160585896611715,0.21018853078143085,-0.18515439524072178,-2.475118948963877,0.9024541200486869
0.004851611299387987,-0.00992034368205775,-1.259238326676113E-4,-0.008157652092293181,0.18618641800560032,-0.10598813996368892,-2.479363317160693,0.8152590214851011
0.004851740380333179,-0.00986847212851568,-2.079041547927622E-4,-0.008154648544165437,0.20095357219179025,-0.15890443782665978,-2.4730178206590208,0.8712575094117053
0.004848210774486896,-0.009893733945445715,-1.6778060289595955E-4,-0.008152301295451874,0.19296641030351178,-0.1335487335451172,-2.4733886909883815,0.8427455105358529
0.004836583654653928,-0.00982482158225032,-2.752722553109488E-4,-0.008133357660332921,0.2093041221820461,-0.2050591208859243,-2.4540767239360974,0.9125928263469533
0.004880251989771818,-0.010012510421395567,2.0053078402896137E-5,-0.008192644693319736,0.16525428501642578,-0.007605352261539182,-2.5112737068033018,0.7249467783728499
0.0048509708954736245,-0.00994944408422034,-7.98814283122052E-5,-0.008158013672823948,0.1776135171631053,-0.07638148750052338,-2.4819380162706044,0.7836463216366083
0.004860082103040897,-0.009995095022639086,-7.708479540935608E-6,-0.008169299046056977,0.16621853083168314,-0.028456290965127366,-2.4935087354665337,0.7373309480092268
0.004841955276872297,-0.009974596968736683,-3.996053581173083E-5,-0.008148185787908322,0.16830727113672353,-0.05195206497829192,-2.4769560148576737,0.7535212894555768
0.004890820231125812,-0.010192721834283016,3.0886040618421066E-4,-0.008194581200305652,0.11121599571086783,0.17881174089160143,-2.5257097302782703,0.5323199236981236
0.00490097251762751,-0.010063767057259847,1.027047262207824E-4,-0.008215678400509076,0.15369821913365259,0.04835146777628258,-2.5311491010530145,0.6755778794078756
0.004894700517289259,-0.010102105966307742,1.6403554261717776E-4,-0.008206599303383603,0.14046600497881565,0.086662518728721,-2.5275724674686466,0.6318964968803641
0.004891240837170295,-0.010085769579417939,1.3764666362365584E-4,-0.008203433338879457,0.14490110620684968,0.0693072563051067,-2.5242053184333453,0.6486567480649194
0.004890558804707207,-0.010170844862461231,2.7385752836029406E-4,-0.008196515807913045,0.11807944997917698,0.1563713917181662,-2.525498599369785,0.5559851985425674
0.004890831844271189,-0.01014785799644035,2.3710115670601137E-4,-0.008198892839446621,0.1253742761622758,0.13288087885335298,-2.5255082056063016,0.5810199079138022
0.004887665191452441,-0.010115866929464102,1.8566027356709948E-4,-0.0081975805178042,0.13485366942261243,0.09955970637781088,-2.5222986953316515,0.6148603885819038
0.004882591475644713,-0.010131023395636606,2.0953952991622054E-4,-0.008190642672444147,0.1291888197953094,0.114200805807841,-2.518574726769448,0.596933952320275
0.004888465221556533,-0.010049331008763138,7.912654306807857E-5,-0.008201573364830713,0.1556733429197281,0.03145452581550062,-2.5202586157798277,0.6874826935065567
0.0048760112165868565,-0.010033319596112873,5.323670880026575E-5,-0.008187474600377852,0.15801520435240368,0.013053129521280743,-2.5091965687892213,0.7010093942453464
0.004899595712950081,-0.010279111407356534,4.4801568340406897E-4,-0.008193278344257307,0.08508667652847016,0.26882688589925835,-2.530832120129508,0.4410350622497227
0.00489523727221642,-0.010265676329330025,4.2591002464812403E-4,-0.008190283333443156,0.08875973592329921,0.2542425783022626,-2.5278501932787965,0.45445645864145096
0.004890377343458561,-0.01021279426204636,3.408704674713556E-4,-0.008191775242343822,0.10479871141318282,0.1992612264781672,-2.525187013859337,0.5104398682358801
0.004893190613824841,-0.010248587919600273,3.983568836892102E-4,-0.008190386343730273,0.09387527523231763,0.23638672059889246,-2.526732854326458,0.47241683289710595
0.004891456407704068,-0.010231286188506576,3.7051933073668205E-4,-0.00819071419884661,0.09911544804185496,0.21837082525638007,-2.525752584437519,0.49069632908229804
0.004869030249399198,-0.01020309886261265,3.22952216866332E-4,-0.008168182677607922,0.10450570817038586,0.18543021532355106,-2.5082025066530664,0.5151407283531575
0.004951153432991778,-0.010685872429000315,0.0011053341477216523,-0.00814172968183244,-0.03953328053412069,0.6952072514224857,-2.5234166315806346,0.01428939300018446
0.004948217165418951,-0.010703322159414684,0.0011312834846747728,-0.008131422498692129,-0.04489128206798623,0.7122004612074635,-2.5175754524457905,-0.004903808463780857
0.004944533846478552,-0.010721436630931181,0.0011578197357013853,-0.008119815442397633,-0.050387540891026206,0.7296389765788396,-2.510869287962647,-0.024889981157791233
0.004917958771229912,-0.01035107973179014,5.662580955792764E-4,-0.008201803847964055,0.06428594123570448,0.34611634934896823,-2.5415712182395254,0.36767885579731047
0.004904422060446258,-0.01034158791791841,5.484610054761237E-4,-0.008187923553473773,0.06572888373504754,0.33361653762245924,-2.531477354801146,0.374671782382844
0.004913704594465945,-0.01036860816649968,5.933711217927647E-4,-0.008193278763532355,0.05812531289285245,0.3631416767867839,-2.5369656162976852,0.34769408924773676
0.004908092282475181,-0.010386654525209652,6.20886368738249E-4,-0.008182897747084514,0.05172860248273147,0.3803844888948107,-2.531132225800409,0.326880912713307
0.00490556873948235,-0.010403718624376924,6.473954232346221E-4,-0.008176152225038626,0.046045285746865845,0.39724945532104056,-2.52770110658871,0.30789801113749377
0.004903345697248807,-0.010419653333638194,6.721001779046684E-4,-0.008169862371745239,0.04077350467004564,0.413012188930097,-2.5245010654744964,0.2902246626541826
0.004899741294362888,-0.010436796926881362,6.982927930091694E-4,-0.00816153504505898,0.03502065089908809,0.42969033040628585,-2.5199908266913025,0.27096749664159825
0.004900797536134069,-0.010325298028388516,5.218444894335236E-4,-0.00818678695467155,0.0704874555297526,0.31624123552466094,-2.5295910820960334,0.3913902166601786
0.004893852952923616,-0.010292888431701223,4.690453728514073E-4,-0.008184386674656747,0.07991786077785389,0.28176849905163076,-2.525704819091396,0.4246728764842221
0.004889667231172405,-0.010309747918660392,4.951291243170369E-4,-0.008176667786085496,0.07402321991019047,0.2981381194454844,-2.521585860145957,0.40542229895889487
0.004918251554076512,-0.010533420876916007,8.554491752029073E-4,-0.008156417783431402,0.006153052095229073,0.5321621836890067,-2.52307513434825,0.17120474612080708
0.004936386761103795,-0.010558643801601984,9.007577653738715E-4,-0.00816964061840464,-6.340857888851409E-4,0.5620704877946375,-2.533756159532676,0.1478580670231218
0.004921790208259182,-0.01055017332910406,8.828394008153695E-4,-0.00815536868061001,0.0011586511131782822,0.5500269414292692,-2.523489323540443,0.15396536223172924
0.004932647877467704,-0.010576634425382501,9.278545975121574E-4,-0.008159492845255653,-0.006507539738186004,0.5795152224815893,-2.528087995964331,0.1277747881888187
0.004928323401128682,-0.010596144133270842,9.569886572909245E-4,-0.008147979498519515,-0.012791733918686127,0.5983314466614226,-2.5215772424331155,0.10599922593482423
0.004926897053862511,-0.010614743005282886,9.855409872987116E-4,-0.00813993373942274,-0.018593094463801318,0.6168887069849666,-2.517353876303078,0.08581228514246171
0.00492811059444481,-0.010632156093249271,0.0010130936785219989,-0.00813517318104978,-0.023855746252698106,0.6348677445147599,-2.5152840389943,0.06742938384568058
0.004930115060060862,-0.01064839019564321,0.001039061728544069,-0.008131587880636892,-0.028740069199116258,0.651845159370079,-2.5139377643042895,0.05045997239836735
0.00493251534620552,-0.01066427615861847,0.001064616823968653,-0.008128439750239901,-0.0334886869743411,0.6685661939639984,-2.5128652398429883,0.03394140220130918
0.004936789522809536,-0.010678437384181038,0.0010882085191474707,-0.008127978367225147,-0.03763644521284548,0.684013905191996,-2.5135127191498166,0.019609985232753376
0.004894439104404548,-0.010456408861317119,7.27811810099157E-4,-0.00815045196373398,0.028416054446293162,0.4484843214457799,-2.513761382351436,0.24872846540956492
0.004909887134061527,-0.010500390650363137,8.010982103196783E-4,-0.008156409505537683,0.015901921612947238,0.496649071686416,-2.5208254749835795,0.20488689580347322
0.004898683195640753,-0.010486508272723447,7.761752741405336E-4,-0.00814733157023217,0.019386316480072077,0.4800114198529272,-2.5136857913733386,0.21738156498578934
0.004891232528185602,-0.010472452644262444,7.521306524910897E-4,-0.00814254014523546,0.023144020207833762,0.46407651542932965,-2.5094441239655434,0.2308329909752032
0.004902417770171169,-0.010518928991067229,8.280123619989792E-4,-0.008142423538924136,0.009607411765198135,0.5137978520812946,-2.512541420985016,0.18343459450052033
0.004897753176685331,-0.01053492495063498,8.516011686523584E-4,-0.008132273653854901,0.004357720462915358,0.52896199393958,-2.5066906000695552,0.16535829519436993
0.005015271376452954,-0.011047559482040885,0.001687933206348963,-0.00803662985304636,-0.1430948176476843,1.0802718012828754,-2.4761153155766493,-0.3605818856354131
0.005029429673616971,-0.011075109348125826,0.0017373260950221388,-0.008036145384348358,-0.15097344493501177,1.1127668144095975,-2.4778647256912407,-0.38807563011790197
0.005014138232876548,-0.011065177537042342,0.0017132748204816538,-0.008024657338529603,-0.1474655927410635,1.0976387494797812,-2.468916412848282,-0.3792826814548476
0.005028920525307353,-0.011093767420941777,0.0017645212150180524,-0.00802393448152009,-0.1555747117584597,1.131403526103009,-2.4705737752577477,-0.4078148105700184
0.004978146647487619,-0.01082315642838263,0.0013292671878473528,-0.008113927683122605,-0.08029883727896335,0.8419115212203491,-2.513891778532242,-0.12768226854295492
0.004972918852236104,-0.01084428319141715,0.0013591151370104875,-0.008097813400896362,-0.08630724669996687,0.8618867522680153,-2.504250564702484,-0.15099671770478904
0.0049728226370814406,-0.01079186265041559,0.0012786730416097583,-0.008122193301349863,-0.07108896692016943,0.8086502058375783,-2.5173746526533516,-0.09517209057223887
0.004963079519740064,-0.010779552828480381,0.0012553440148204964,-0.008116423901529835,-0.06746994405966276,0.7935125765363551,-2.5125545466906845,-0.08366206349087797
0.004965423361209103,-0.010810592918102007,0.0013040663862063718,-0.00810505724459662,-0.07653917392939175,0.8256455732198759,-2.5068937550895574,-0.11634573796382595
0.00494316088515807,-0.010739372656404513,0.0011848948876510559,-0.00811077678599516,-0.055712586734646456,0.7474637103819579,-2.5058928524463693,-0.0442371975984538
0.004944289489430134,-0.010756964609275423,0.0012124073677240957,-0.00810459309991074,-0.06087572470150495,0.76558087237011,-2.5028468287356116,-0.06276497127621954
0.004945799452147935,-0.010774536746955145,0.0012399971923017581,-0.008098680367522919,-0.0659906545364387,0.7837820875300285,-2.499984549630249,-0.08120356239149258
0.005014323985143485,-0.011012766789264059,0.0016356292437736954,-0.008056098220703226,-0.13404979054074506,1.0448573447570484,-2.487300731501102,-0.32394035889700473
0.005014077729217503,-0.01103042999396176,0.0016618043664630808,-0.008045463300761986,-0.13861429415488177,1.0626028311355844,-2.4810969730309504,-0.34263259097594867
0.005001238713048025,-0.010985173346271663,0.0015868937188279295,-0.008056807929713916,-0.12609854008150798,1.012842824373401,-2.4857517314393003,-0.2963925021041838
0.004999193926695241,-0.011002957161468263,0.0016122659788112995,-0.008044333030662966,-0.13066390574683903,1.0301445637637254,-2.4782604432872026,-0.31544342724575686
0.004969349268019379,-0.01086459127124239,0.0013882814095087376,-0.00808378866597075,-0.09200872172755871,0.8814304076180765,-2.4959613119718393,-0.1731025058896258
0.004984649616957762,-0.010890168248960823,0.0014347795068658442,-0.008088636623547,-0.09954669181974772,0.9117410178302944,-2.5011415254164295,-0.1979829577529549
0.004971732280485219,-0.010880097598980473,0.0014129775475568067,-0.008078818217904429,-0.09638416105758749,0.8977912317092651,-2.4935974152288485,-0.18918721881417844
0.004981272991102148,-0.010908563807553246,0.0014609036071841243,-0.008075281006769339,-0.10456186241146477,0.9293781222539185,-2.4931558240118528,-0.21799843946132644
0.004978057763823109,-0.010927673515503986,0.0014880077004713044,-0.00806155837381155,-0.10968747804596479,0.9477232182239713,-2.484929625214536,-0.23867886172134886
0.004986863645165067,-0.01097880133498937,0.0015693076858149444,-0.008043849946302264,-0.12371109631266478,1.0019367381789137,-2.476151968351661,-0.2914993018947964
0.004980982065340006,-0.010964603856206824,0.0015448783568020612,-0.008044975226756812,-0.11968901519913731,0.9858175000164878,-2.4759230043516003,-0.2772789604783013
0.004977892347762016,-0.010946950257460753,0.0015168206760907228,-0.008051057097140756,-0.11486651689819538,0.9671006376396879,-2.4789388317661043,-0.25906188685505227
0.004841422042874242,-0.009061832765284815,-0.0014307415054381153,-0.007899368218080106,0.36542553752069923,-0.9562285155107483,-2.1967594867972404,1.6950363848496488
0.004832249151544398,-0.009095072813220138,-0.0013786305779436056,-0.007906289950922723,0.3580274793885068,-0.9241137376454226,-2.2065812288640085,1.6575404705953012
0.004803935056973136,-0.009119578084904493,-0.0013296243900266702,-0.007887099432795459,0.3448040534858227,-0.897064938998138,-2.1956075227295346,1.6148762436962945
0.0047887778121185,-0.009154546538472873,-0.0012726306171540064,-0.007887113296649878,0.3348491004315421,-0.8627145629093639,-2.2003356607980464,1.572058903430696
0.004847400990514115,-0.008969192283766667,-0.0015645508237802119,-0.007855087783489749,0.377338172830032,-1.0412826409993634,-2.150079008222502,1.7838276712789536
0.00483579479501557,-0.009026220786967217,-0.0014781489837432137,-0.007874138721374503,0.3674581939404595,-0.9876570850356723,-2.1728190652482797,1.7236279129049314
0.004831318745847714,-0.008997306268541184,-0.0015162314318421669,-0.007853296067272628,0.3685406787035265,-1.012773344161306,-2.153019937949661,1.7463708692390412
0.004846022473964866,-0.00882695924154556,-0.0017582724688517818,-0.007766689486008344,0.3877509384906987,-1.1643440902611,-2.061870413254724,1.9048567198404116
0.004830833387926857,-0.00879247059976884,-0.0017942139017433501,-0.00772780513497588,0.3839671553300313,-1.1883892262057594,-2.0278860505602427,1.9199358894155192
0.004822379781093607,-0.008936925926611217,-0.001594616937223451,-0.007808934402577611,0.37115541927538565,-1.0639787631898001,-2.1110223592172743,1.792571670958656
0.004823568293802671,-0.008866637854770279,-0.001690745814654107,-0.0077676700695880774,0.37681547274823496,-1.1247122334531066,-2.0694164608842507,1.8533471815602698
0.004797056416134522,-0.008903386516253645,-0.0016251045724483446,-0.007761632635952473,0.36472777467251677,-1.0868104834384213,-2.0712422747573176,1.8015744927969928
-0.0049567209414066015,-0.010695038727065929,-0.00112179958916508,-0.008144586700259152,-0.0421852346779294,0.7059636885614378,2.5259965622545235,0.0054742784775208345
-0.004945114043326576,-0.010673930863085225,-0.0010844123666222925,-0.008139351712921088,-0.03602149965326545,0.6815566745509182,2.52098063138774,0.025927649764678578
-0.0049279073754199265,-0.010603415889737072,-9.682128781679123E-4,-0.008145022126252646,-0.01503684356452783,0.6056350354725929,2.5200429071449033,0.09811630202753531
-0.0049275935710364725,-0.010618736558594076,-9.920101374275615E-4,-0.00813934294560082,-0.0197676058591698,0.6211249224259552,2.5172117694690814,0.08166157888715146
-0.004930322886508983,-0.010636254931501922,-0.0010202681674735701,-0.008136258173135714,-0.02502048266850927,0.6395858602301107,2.5162991805141757,0.0634513932409238
-0.0049362310870613105,-0.010654792370588312,-0.0010512791233656747,-0.008136295684708443,-0.03046621360697921,0.6598787228191353,2.5175882017828113,0.04474596348573714
-0.004979594589152715,-0.010860894653834975,-0.001387704951459039,-0.008097443361332045,-0.09114185246670654,0.880636795602879,2.5051629461575033,-0.16765316781264147
-0.004982434724507808,-0.010830688609847953,-0.0013428603328500223,-0.008115339982195248,-0.08251828086449008,0.8507631555017329,2.5153832118108963,-0.13503613466792472
-0.004972552282856757,-0.010845472698016528,-0.0013607531173649007,-0.00809681635102977,-0.08663536657822819,0.8630068300972642,2.5036352074930632,-0.15233794344969856
-0.004974766613160413,-0.010813439505388827,-0.0013127669149263534,-0.008114554833110839,-0.0774203025484023,0.8311175812408912,2.5136285076520513,-0.11788208205011459
-0.0049704971851921445,-0.010790102828669391,-0.0012749138299795566,-0.00812029247338874,-0.07057423141125009,0.8062513316462587,2.5159528326792917,-0.0937053087875963
-0.004938834485122144,-0.010711883635683733,-0.0011407512350963493,-0.008117126209119916,-0.04763146353491047,0.7184777436704085,2.5083705799864586,-0.015716680461694995
-0.004946796812820005,-0.010729079626387158,-0.001170553790049496,-0.008119278719880349,-0.05258770612747404,0.7379986501346679,2.5110156605809033,-0.03266028155597202
-0.004957508840379261,-0.010768349897678412,-0.0012356460407985687,-0.008114921311129052,-0.06414487455817951,0.7806676957488813,2.5107459574981164,-0.07268168685165444
-0.00494747834124094,-0.01074848320011661,-0.001200739254624802,-0.008111908219538047,-0.05837325472321366,0.7578443296959292,2.507294554023433,-0.05321025109161095
-0.005034786272600316,-0.011052577369872247,-0.0017071614114620166,-0.008056114200626826,-0.14561446230061273,1.0917725498202762,2.490323094489565,-0.3636409144585355
-0.005012763035537084,-0.010944577334528397,-0.0015321231116651368,-0.00809259695545759,-0.11562648667736293,0.9752713145149289,2.5078386931022796,-0.25179256641637915
-0.00502969604555847,-0.011034543536768802,-0.0016771985066320173,-0.008061052899889988,-0.1406417280059091,1.0718511785618243,2.4924435318614115,-0.3451422294271942
-0.005033181247787932,-0.01101840200949258,-0.0016550783888307611,-0.008074626289002736,-0.1366110639840106,1.0565769073294553,2.5007894120300636,-0.32755157793189066
-0.005018120240246347,-0.0109601489471605,-0.0015586502316539597,-0.008090296460804862,-0.12014887494109384,0.9927115879545747,2.507390527567701,-0.26760989086579784
-0.005024632186073579,-0.010974046133818721,-0.0015833062782863617,-0.008090131313782192,-0.12422592530691756,1.008829371272242,2.5083079565223922,-0.28150274261678443
-0.005024588340633731,-0.010989716127153645,-0.0016069467262874685,-0.008081231754035174,-0.12849822174620226,1.0247442907491704,2.503261107433683,-0.2981828729506299
-0.005027914311121355,-0.01100505602431487,-0.0016319533242388949,-0.008076289058366512,-0.13277050675240695,1.041359561935826,2.5009487397311942,-0.3140485722997068
-0.004993221012027651,-0.010940789565035408,-0.0015158379614080234,-0.008072028333467055,-0.11380459778019049,0.9655619533618643,2.4932051362057384,-0.2505062938427769
-0.004988661439610261,-0.01092383473935735,-0.0014878337347188708,-0.008075808858322186,-0.10898962191968935,0.9470381402243876,2.4946217974149003,-0.23316363863463563
-0.004985147239785868,-0.010876372570075628,-0.0014140488531460063,-0.00809618150996952,-0.0956778407261266,0.8979236963146261,2.50539412029033,-0.18327207086100372
-0.00499224456507204,-0.010892718103608959,-0.001442527178461451,-0.008096124610083815,-0.1004526827217846,0.9165530790066648,2.506523600674815,-0.1995913998815402
-0.004981351151751235,-0.010907506628873628,-0.0014593451947923183,-0.008075921204820521,-0.10426879986846739,0.928349402587824,2.4935234984200574,-0.21688459434176768
-0.005050838230684417,-0.011131601840953473,-0.0018341401847840075,-0.00802494539946764,-0.1665091754397018,1.1770990758162334,2.4742344922767576,-0.4454602561532193
-0.00503270904152304,-0.011127977982820614,-0.0018170533636898396,-0.008006454602087725,-0.16418671781149166,1.1671315271720022,2.4606543604107305,-0.44345467048644815
-0.005027492976257903,-0.011112239068112073,-0.0017907073271511067,-0.008010593519619877,-0.15997199519165176,1.149513846106687,2.462421330447596,-0.42742814259662937
-0.005028914951608488,-0.011081247446619487,-0.0017460719985446498,-0.008031746295354894,-0.1524705536095318,1.1188080525261295,2.475202672702366,-0.3946338236847937
-0.0050213483184030445,-0.011065740599270577,-0.0017185109517544523,-0.008032597375232863,-0.14809441642112764,1.1006552458954528,2.474632699623491,-0.37911848333292286
-0.005018598360685668,-0.011096641014053887,-0.001762249599075506,-0.008010278466605611,-0.15554660566003994,1.1307973897607424,2.461005020384143,-0.4119401254390374
-0.00552377174603527,-0.012227864587089588,-0.003713062052863502,-0.007460243037586574,-0.3508372840360439,2.5034147121320096,2.1141205473424867,-1.5947195644270324
-0.005507738059112077,-0.012226981943521245,-0.0036905855644272316,-0.0074447704023418845,-0.35480213285570494,2.483547581620126,2.1046624520372834,-1.5855845546160408
-0.005530792832404855,-0.012241915987078057,-0.0037364598054203057,-0.007448551826196065,-0.3524187461299531,2.5206687018329212,2.1049099994368894,-1.6093664471113207
-0.005514781824835954,-0.012241062987206286,-0.003713939040533963,-0.0074331269685588,-0.3550719458046135,2.5007491959612937,2.0954725470194955,-1.6001841985037284
-0.005477299037460279,-0.012197782717753689,-0.0036213645065486023,-0.007452521293104476,-0.34874637195587527,2.434347028247359,2.107720446499915,-1.5508087098746974
-0.005484201482283663,-0.012212013490407436,-0.0036446969537390866,-0.007440911574150075,-0.3492855419316295,2.45141095922703,2.098667978334379,-1.5653989103082149
-0.005491283762404084,-0.01222619270901615,-0.0036681416649319413,-0.00742940363876217,-0.3497891935465441,2.4685447627017703,2.0896672853377685,-1.57996521610732
-0.005391496954323625,-0.012011517272157277,-0.0033152536497244854,-0.0075957829724165775,-0.33591015760177173,2.2108639981144633,2.215312109225857,-1.358354426856633
-0.005387913869188101,-0.012038968665851189,-0.0033414862411795094,-0.007559065765941565,-0.33647596821851633,2.230440092529481,2.1869293587348544,-1.3828415492092814
-0.005381174593244245,-0.012024744675160265,-0.0033176864912620526,-0.0075690164812967494,-0.3351734649614109,2.2131893348391025,2.1941410889498276,-1.368095538724291
-0.005366842441330015,-0.011953372908068532,-0.0032199808345332883,-0.0076377370281278814,-0.33025180902977297,2.141587423997413,2.2453757254308138,-1.2979611420213801
-0.005372921080373169,-0.011967856678767251,-0.003243739414785295,-0.007627437443066198,-0.33187263731992434,2.1588451891668963,2.238059402852666,-1.313025989300395
-0.005378952124178989,-0.011982427273279627,-0.0032674744225461255,-0.00761684056220424,-0.3333292950724583,2.1761157685419517,2.230463689974138,-1.3281456298018106
-0.005385129033991368,-0.011997012356591315,-0.0032913288721271136,-0.007606236180032626,-0.3346383609134019,2.193470051368934,2.2228383562133183,-1.34328068208461
-0.0053439313398769015,-0.011937568950562171,-0.0031753269231164613,-0.007631239090401801,-0.3265025981275207,2.1101156018891256,2.2387314338137725,-1.278246550113158
-0.005350389541697735,-0.01195188139439335,-0.0031992531783693813,-0.007621752431758242,-0.328115060453114,2.1273806949794456,2.232096776771257,-1.2931172937656024
-0.005470483990701799,-0.012183580927719604,-0.0035981010985790813,-0.007464036088308164,-0.3480742087670347,2.4173269864219082,2.116656252113563,-1.5362318499634477
-0.005443572598881719,-0.012126568503882744,-0.0035045614557573756,-0.007509258448643501,-0.34493398284528615,2.348933374010171,2.1512773285445945,-1.477530200630935
-0.005450163730492422,-0.01214080216213067,-0.003527859033278008,-0.007498055256029277,-0.3458441238794805,2.3659685193130344,2.1427632988957632,-1.4921976539375221
-0.005456820546576958,-0.012155103547585205,-0.0035512382948480986,-0.007486689114275652,-0.3466058965369348,2.3830641343039503,2.134076581186395,-1.5069095827717172
-0.005463632067187268,-0.012169378626271536,-0.003574716563359073,-0.0074753686003995274,-0.34732789966951083,2.400226409847377,2.125393496713532,-1.5216105110562603
-0.0054269663877515644,-0.012125697618771887,-0.003482744724473906,-0.007493163918594624,-0.34292507863913024,2.3331087589624366,2.137824667835458,-1.4717118345069313
-0.0054200698366981825,-0.01211164819709804,-0.003459322080032991,-0.007503606157491005,-0.3419534688965989,2.316079132074643,2.145668098445514,-1.4572225597919681
-0.0054131440376648495,-0.012097306880770308,-0.0034354934736585377,-0.007514236069436097,-0.34090772896288607,2.298765213565065,2.1536154110687336,-1.4424459539745078
-0.005394387225431001,-0.012053235823890826,-0.0033649531599698134,-0.00754863796242469,-0.33767300025773944,2.2474795413638358,2.1792877213616078,-1.3975466571353803
-0.005400363486267313,-0.0120678404188431,-0.003388113226612603,-0.007537134167577119,-0.33876631707622074,2.2643281796768195,2.170729013909961,-1.41240327142561
-0.005406466297160598,-0.012082649310733063,-0.003411569142016804,-0.007525366643242514,-0.3398238150253707,2.2813833597045208,2.161927730910664,-1.4274319139753533
-0.0050547851313798835,-0.011147781822198928,-0.0018604449284820295,-0.008018864903105334,-0.17071729198756172,1.194803573432762,2.471143891331256,-0.46213753645824945
-0.0050593491933299175,-0.011163642636689447,-0.0018866632569383573,-0.008013551403349294,-0.17486198574243814,1.212413894036539,2.4685802283930354,-0.4784216500915331
-0.005065244463741076,-0.011178264553818677,-0.0019119619771077359,-0.008010460939846364,-0.17882028474618863,1.2292730615362968,2.4675282401596834,-0.49328650606912877
-0.005072094325591067,-0.011191888777543665,-0.0019364774395287689,-0.00800902673514301,-0.18257469147604158,1.2455067962547761,2.4675919995952307,-0.507034813888551
-0.005072800463869428,-0.011207588435440875,-0.0019597440914728686,-0.007998954776771051,-0.1862962482541826,1.2615762635233059,2.4615608883642186,-0.5235134171022272
-0.005097520541373643,-0.01131802930054792,-0.0021356433854017305,-0.007946646197760884,-0.21253732462895522,1.3818125138334203,2.4322163845399225,-0.6375810251597559
-0.005093036993055167,-0.011302365838282492,-0.0021101180620544716,-0.007953395647931545,-0.2088496530423842,1.3643782308472119,2.4359065187373807,-0.6214791724846025
-0.00508838075990392,-0.011286173476207874,-0.002083677328502842,-0.00796019040820717,-0.20498419322104947,1.346351798674868,2.4395813057163873,-0.6048362689223571
-0.005075762512299642,-0.011223462375514635,-0.0019847633016177317,-0.007991211219849867,-0.19012394360684134,1.2786374265012446,2.457214075657232,-0.5399627308675591
-0.005080683500814544,-0.011238851461677026,-0.0020104269822056706,-0.007985912979127088,-0.1940409672707378,1.295960392985324,2.4546028125801738,-0.5557531608891756
-0.005086319219260758,-0.01125160641642026,-0.0020328104896497616,-0.007983199550921949,-0.19740477535132248,1.310933366957639,2.453667611852708,-0.5687344917390847
-0.005083846805460153,-0.011267660309017793,-0.0020539791117619986,-0.007968666123903406,-0.20061097079121518,1.3260635816606208,2.44430196573668,-0.5857623765718679
-0.005083746213502675,-0.011330746259402237,-0.0021429533903309077,-0.007921240157285082,-0.2134918700693301,1.3887225420495957,2.4143317685839345,-0.6514792159353003
-0.0050876905148780575,-0.011347045894507156,-0.002168713136760801,-0.00791313169640846,-0.21711920432037343,1.406455463842102,2.4096205856684,-0.6681826658587258
-0.005093670315658327,-0.011363513089019653,-0.0021962480598132213,-0.00790703369413495,-0.22096368205466618,1.4252250932287305,2.4064232410513813,-0.6849837348571693
-0.005101452868542133,-0.011382283112806625,-0.00222837675706407,-0.007900970055019796,-0.22543870472912356,1.4470535207326412,2.403438843664779,-0.7041144962873
-0.0051058625939677,-0.011404421716751968,-0.0022623887771822653,-0.007888143787092232,-0.22997953153228237,1.4706908088014783,2.3955949740487466,-0.7267919866166411
-0.00511088797389519,-0.011421017981294,-0.002289199397643746,-0.007880274895747065,-0.2335933740169928,1.489188066673205,2.3910368046093406,-0.7437627155308516
-0.005117552458301957,-0.01143709648509844,-0.0023166191928929588,-0.0078745120561443,-0.23725210636426455,1.5079267168857384,2.388031236085182,-0.7601749716681544
-0.005213354340187018,-0.011639168065578685,-0.00267099097648326,-0.007801392953345385,-0.2807724854819454,1.751788293174269,2.349361070777618,-0.9682568984673129
-0.005204431139843057,-0.011607449335884708,-0.0026212015156665386,-0.007821508388668082,-0.27539609230688394,1.7165146494497863,2.3622803208170438,-0.9356330753689172
-0.005207987606925046,-0.011623329937520271,-0.0026453017921908837,-0.007810494827924585,-0.2779797674778814,1.733685351588565,2.355077559659543,-0.9519323608474747
-0.005189901314763072,-0.011602937081772794,-0.002601684793941977,-0.0078094509935534295,-0.2726247190355305,1.7042919896387887,2.352360445879001,-0.930411605776785
-0.005183205197555749,-0.011590466268765627,-0.002579154184467638,-0.007813561478054912,-0.2699775698804301,1.6887782785334584,2.354448279821218,-0.9175093631790355
-0.005177544107677275,-0.011575747553695155,-0.0025546244787525638,-0.007820788208562258,-0.26714091821577085,1.6716888623966497,2.358771713057052,-0.9023830531058582
-0.005172198089589523,-0.011561064128293089,-0.0025303958422934086,-0.007828196078408067,-0.2642780569310698,1.6547853489812854,2.3632259120349706,-0.8872919442205206
-0.005166131069906876,-0.01154641172080821,-0.002505523708651083,-0.007834628039640516,-0.2612925972688375,1.6375559061206666,2.3669172629313686,-0.8722261035438835
-0.005160541267615245,-0.011531167901858303,-0.0024802670050901358,-0.007841982783735844,-0.25824551112412863,1.620009730738812,2.371263455940584,-0.8565764572946021
-0.005149909481467577,-0.011481155976800456,-0.0024037955489272147,-0.007873774745241372,-0.2489445562911662,1.5661651590669812,2.391334139495304,-0.8052344691661869
-0.005141448885867555,-0.011466717965794002,-0.0023769763019135365,-0.0078765701883315,-0.24544260581996524,1.5480164017053861,2.3921934177487425,-0.7904110755587475
-0.0051258200177808156,-0.011453285184664938,-0.0023455233327644275,-0.0078702974699642,-0.24107889934290702,1.527540784837685,2.3862179503740664,-0.7766996299703565
-0.005154937401059509,-0.011515245138612221,-0.0024540552306512482,-0.007849770924001928,-0.2550357424686695,1.601801356567451,2.3758736997742704,-0.8402337706188455
-0.005148213573556775,-0.01149752593719386,-0.002424412493927416,-0.007857698232979415,-0.25136962702639437,1.5813033039939473,2.380421288633176,-0.8220473394907472
-0.005337487467156802,-0.01192298567194236,-0.00315105078976937,-0.0076409046587125355,-0.3248127462206943,2.09261313457927,2.2454650871771276,-1.263113524536295
-0.0052009773634692355,-0.011652740076494436,-0.002676583599320496,-0.007774568717198443,-0.2805761814080603,1.7576473599187439,2.3293449310946923,-0.9811607656513245
-0.005234913698575563,-0.011697691718070969,-0.0027671060857593147,-0.007768278318090746,-0.2908577167321463,1.8196163311659195,2.3284773772253513,-1.0286580836002204
-0.005207254174676514,-0.011667777062756271,-0.002701864622237799,-0.007766989963238544,-0.28328932907227045,1.7753522757135862,2.3246893195459077,-0.9966223219790183
-0.005214013497361766,-0.011681926568550915,-0.002726458232977489,-0.007760665727059434,-0.28592840294322136,1.7925120862681665,2.320939250369955,-1.011239087592051
-0.005220761396080653,-0.011693681632563855,-0.00274799590081087,-0.0077565608412277064,-0.28824064408672545,1.8074497221545607,2.3187336312497635,-1.0234832013671116
-0.005238978301567096,-0.011713352721344097,-0.002790985019490652,-0.007757146908142489,-0.2931495239796436,1.8367191925566562,2.3210152777752953,-1.0446603604278824
-0.005244353857391787,-0.011729119360297044,-0.002816234709350218,-0.007747206257210989,-0.29558147993612627,1.8546767428491204,2.3144926510015917,-1.0608574562100064
-0.005249944638946209,-0.01174447626454604,-0.0028411239696586165,-0.007737761721006116,-0.2979502787695912,1.8723632883703907,2.3083074070457,-1.0766526748016305
-0.005255668153840863,-0.011759641635817103,-0.002865852594042246,-0.007728506809766123,-0.3002641728282031,1.8899376885349477,2.302237262628682,-1.0922595411741314
-0.005331266695000554,-0.0119081097313144,-0.0031266295664322693,-0.007650994133353783,-0.3230737020737116,2.075005178456728,2.2524980666818553,-1.2477308909909437
-0.0053200953512566075,-0.011878313686466873,-0.0030789615206838106,-0.007672152742649394,-0.3196148561446346,2.040592452792619,2.267281233848045,-1.2170824889302716
-0.005325547092186157,-0.011893107067590059,-0.003102557828423601,-0.007661618836782023,-0.32134446326375227,2.057628954809529,2.259933687000149,-1.2322968369621128
-0.005261718397757861,-0.011774588871437052,-0.0028905959680657766,-0.007719686385328893,-0.30255651950074264,1.9075039932705289,2.2964797288213687,-1.1076774154877416
-0.005303709858972275,-0.01187634984245855,-0.003058524320479762,-0.007656525760282216,-0.31677851277568575,2.0273648851744444,2.254118552655324,-1.212595152300647
-0.00526838289661368,-0.01178895763068575,-0.002915225686400551,-0.00771199739893954,-0.3048417296592832,1.924930563625464,2.291569566379842,-1.1225951360906716
-0.005275474712858524,-0.011802612719461087,-0.0029394043591687955,-0.007705389570397861,-0.30709890929549116,1.9419967716032964,2.287456848218419,-1.1368747141417215
-0.0052808789902817075,-0.01181747460529176,-0.0029632293645410275,-0.007695517589590841,-0.3091389900953078,1.9590693523763114,2.2807709462822703,-1.1521374376707507
-0.005297361685615068,-0.011862360359152944,-0.0030349606384744783,-0.0076649976110190554,-0.31489660490879284,2.010533751414574,2.259836769655267,-1.1981118478556876
-0.005285635508869401,-0.011832623596823596,-0.0029866388676405985,-0.007684485443083258,-0.31101480763481565,1.9759315151846188,2.273132231197096,-1.1675671383550876
-0.0052911038618561924,-0.011847715259942986,-0.0030106694123681727,-0.007674143789768997,-0.31293645940821807,1.9931750970944477,2.2660274800781584,-1.1830060504251196
-0.005572437248494627,-0.012353226078193384,-0.003899333640953843,-0.007336673742658805,-0.35645530585407403,2.6369509127675577,2.017643003526634,-1.7153760707932124
-0.005581171262969616,-0.01233964796343263,-0.003899309959670093,-0.0073646071646018855,-0.355606273571317,2.6404560679552636,2.0373511703367533,-1.7110607528423374
-0.005585584168122743,-0.012408896039029895,-0.003967450586284878,-0.007270829476316478,-0.35224113092582265,2.68695053676097,1.9607932620997668,-1.7651070824066493
-0.005578059176035095,-0.012395024514981269,-0.0039446933916389626,-0.007283389826993793,-0.3524096742579766,2.670398319085931,1.971295255081704,-1.7511921475947878
-0.0055706205668781495,-0.012381112214148017,-0.003921941624818324,-0.007295944413937956,-0.3525271207908028,2.653837015234575,1.9817479108820562,-1.7372293816261937
-0.005563249319973436,-0.012367150753884957,-0.0038991597495023774,-0.007308486760574553,-0.3525890622982854,2.6372423105477822,1.992144513842762,-1.723203889688697
-0.005704646625559105,-0.012613638306077223,-0.004305166178289424,-0.007075510109687418,-0.3447305267820053,2.9302402306950017,1.7915332795834171,-1.9673938112649723
-0.005672102925781485,-0.012559461108052304,-0.004216122223101912,-0.007129455820319117,-0.34785756124093736,2.866647577466655,1.8393711570486901,-1.9147312028922736
-0.005680153544620952,-0.012573021177917164,-0.004238397593612977,-0.007116088557489446,-0.34716423872512636,2.8826017192316367,1.8275900775350242,-1.9279669024970019
-0.0056964020368689555,-0.012600139771165501,-0.004282905451284082,-0.007089050420043091,-0.34557869276281655,2.9143830981141186,1.8036142419309777,-1.9543046829962092
-0.0056882361957575735,-0.012586591583482173,-0.004260640744835185,-0.007102589029479681,-0.3464046172171688,2.8984987186195794,1.8156433402623604,-1.9411565699452333
-0.005655618956305297,-0.012560016531038458,-0.004191788223083254,-0.00711404799944411,-0.3468946994327205,2.846298265733763,1.827173340758118,-1.9059064619530943
-0.005647463685734184,-0.012546475037004715,-0.004169407785136004,-0.007127056472560996,-0.3474956849503043,2.8303074336502547,1.838559919284285,-1.892695127164725
-0.005639460136748959,-0.012532737874885971,-0.004147020404681921,-0.007140346152297681,-0.3480697421155839,2.81431968978845,1.8501324287778076,-1.8793722254216043
-0.005623574943749039,-0.012505212296883082,-0.004102128064992983,-0.007166674837383802,-0.3490736592545185,2.782177318590047,1.8729196059680586,-1.8525520942990517
-0.005631506045692372,-0.01251894053685027,-0.004124573800273589,-0.00715362379746981,-0.3485972545290834,2.7982640967176455,1.861647644873748,-1.8659648042822596
-0.005615806821295341,-0.012491595518661849,-0.0040799257976291735,-0.007179566385659873,-0.34948491488569816,2.7662432144426714,1.8840049994515937,-1.8392320905874608
-0.005607910106473642,-0.012478149446321044,-0.004057591636846881,-0.0071919502425713605,-0.34984404045383183,2.750153832313387,1.894616551300316,-1.8259027249243334
-0.005575864603446266,-0.012423314557154091,-0.0039659752004789365,-0.007241137341192701,-0.3507034080953045,2.683969211177736,1.9363129471712346,-1.7710999517930652
-0.005583628068345509,-0.012437190491653745,-0.003988776392316577,-0.007228589939192959,-0.35053803575605075,2.7004337754168293,1.9257541077799083,-1.784877880690994
-0.005599735721749362,-0.012464685615052526,-0.004034765678113583,-0.007203962547809073,-0.35011200596164554,2.7336588763496947,1.904875552406196,-1.8123712557725467
-0.005591586940310679,-0.012451008049654282,-0.0040117299171289105,-0.007216161307616862,-0.35033991039838025,2.7170116851589245,1.915243881338527,-1.7986537746266917
-0.005753296411412851,-0.0126392250056941,-0.004398604442091748,-0.00707773501244087,-0.3438331156262923,3.0048962714660425,1.7882784766133504,-2.0134017043685914
-0.005737356927020072,-0.01263985802803636,-0.004373915314515273,-0.007062775255736041,-0.34628243814199205,2.981220051964162,1.7806480577624588,-2.0021648295074113
-0.005761608788737447,-0.012652553475482133,-0.004420825946981233,-0.007063876436469615,-0.34245389273173693,3.020733947366118,1.7756761718231886,-2.0264815677257157
-0.005745639417970042,-0.012653260036108565,-0.004396016111538074,-0.007048885177299084,-0.3452083043787993,2.9969475865992394,1.7680727120812365,-2.015118699692031
-0.0057699630059866395,-0.012665855778034214,-0.0044430132691723485,-0.007049942240028393,-0.34042781124418636,3.036558945692736,1.7629431232663766,-2.039471561340698
-0.005753974850514904,-0.012666628789841441,-0.004418082717519357,-0.007034945473776044,-0.3443232834174141,3.0126135048094365,1.755396612293108,-2.0280086914100166
-0.00577835898009388,-0.012679131780828632,-0.004465146128012858,-0.0070359451473693295,-0.33889677384716016,3.0523208949088168,1.750116846512028,-2.0523729422295616
-0.005762372680438384,-0.012679949542937878,-0.004440122895414259,-0.0070209853603301975,-0.3433977836928219,3.0282464025387497,1.7426291156597034,-2.040838817866628
-0.005786796627480344,-0.012692381351478463,-0.004487217162304101,-0.00702188984359614,-0.33845504504558904,3.067968211761056,1.7371990897431597,-2.0652037168023245
-0.005770812518096455,-0.012693223605622422,-0.004462108587154095,-0.007006986743576659,-0.34218186628405217,3.043823562951829,1.7297676492265592,-2.053594755790161
-0.005795275864055084,-0.012705604357736414,-0.004509244787446365,-0.007007764643162579,-0.33800276161169623,3.083526295801525,1.724149281770992,-2.077977766607967
-0.005779272156986561,-0.012706474681066289,-0.004484019569455141,-0.006992897231356762,-0.3407483277487117,3.059298692233052,1.7167945659723889,-2.066264731059628
-0.005803796605215205,-0.012718800667499655,-0.004531246538171402,-0.006993558304522018,-0.336212058386062,3.0990610641556136,1.7109466776223794,-2.090683622146983
-0.005787765810703065,-0.012719722447051858,-0.004505887268467008,-0.006978698467191138,-0.33946724981900295,3.074673825091717,1.70369457052108,-2.0788600259291967
-0.005812358765846114,-0.012731970148814607,-0.004553206861384782,-0.006979280844536489,-0.33404154070079456,3.114559503334725,1.6976264801166756,-2.1033008392607573
-0.00579632593695074,-0.01273295264099994,-0.004527753294699095,-0.006964436609236193,-0.33839077021707925,3.0900045084370613,1.6904798732699966,-2.09139993594527
-0.005804945083713159,-0.012746142265559259,-0.0045495948578138995,-0.006950140593668874,-0.3371176042757211,3.105298561427048,1.6771692602756951,-2.1038766602129013
-0.005712927209699286,-0.012627102540620836,-0.004327369582857551,-0.007061907516097103,-0.34388122827668016,2.9460247918239593,1.7793458396497872,-1.9804094383965196
-0.005721168831923521,-0.012640587350902906,-0.004349437033209135,-0.007048095094374673,-0.3430042866957464,2.961664906435192,1.7669219551236794,-1.993340880448793
-0.005855787846272661,-0.012797410521339082,-0.004662285737971067,-0.006906891132015068,-0.3261782143825437,3.1908522358954436,1.6292363975226947,-2.1651545314756686
-0.005839780519945604,-0.012798655232692876,-0.004636436488936776,-0.006892194676473117,-0.33155679384940934,3.1655704264719744,1.6228398478053656,-2.152989680469268
-0.00586459670770868,-0.012810416269897772,-0.004683957133139739,-0.006892212947581226,-0.32490668871704875,3.205890589790838,1.6152260642314513,-2.177268962625391
-0.005848617985396389,-0.01281169832210448,-0.0046580653112669465,-0.006877583471495125,-0.3299825097242803,3.1804861062930936,1.6089962522299148,-2.1650879786175428
-0.0058734463785158,-0.012823394270911455,-0.0047055860185946175,-0.0068774641989297084,-0.3232056921645356,3.2208450107529587,1.6011112927172626,-2.189314431639656
-0.005857486807238348,-0.012824717888114416,-0.004679635616286078,-0.006862891430864268,-0.32835205701999753,3.1953031597948343,1.5950306082243626,-2.177095729801819
-0.005882336769500143,-0.012836344393790973,-0.004727169845951267,-0.006862646658913461,-0.3212958331575966,3.2357149861825967,1.5869031649070469,-2.2012851754785645
-0.005866400477092017,-0.01283771587692701,-0.004701169553786741,-0.006848125018082937,-0.32676554945418074,3.2100395638770856,1.5809404682301265,-2.189019538686726
-0.005891267790960423,-0.012849266508138675,-0.00474869982274393,-0.006847766378652643,-0.3198257905847983,3.2504677586613866,1.5726156729231624,-2.2131787312159465
-0.005875357746215861,-0.01285068367693254,-0.004722661533872254,-0.006833296780726402,-0.325083379150462,3.2246997324894378,1.5667335427459312,-2.200857154016799
-0.0057972160542077615,-0.0127604808194648,-0.004545827646250478,-0.006921153800143512,-0.3324768897044376,3.0991798747342862,1.6505576772538626,-2.1063113098381803
-0.005805835004938354,-0.01277366957266299,-0.00456736169602424,-0.006906680079385635,-0.33113513569174513,3.1140407344268333,1.6370524772311918,-2.118465248739819
-0.005814518497850106,-0.012786888545939198,-0.004588918881922943,-0.006892065533521139,-0.3296622266454541,3.128862743349749,1.623373198487115,-2.1305797882003854
-0.00582337038236545,-0.012800043358949931,-0.004610615172150182,-0.00687754056740024,-0.3281265673369061,3.1437664861405175,1.6097190315907477,-2.142679926391836
-0.005964167835846037,-0.012951619681256434,-0.004919275332597435,-0.006726275422167691,-0.30568807755087163,3.364869560205386,1.4542465062694363,-2.3052872478576756
-0.005973460492812782,-0.012964283993995938,-0.004940401950874755,-0.006710773497210119,-0.30237944881301904,3.3788206573189608,1.4389159214362721,-2.3163569668645883
-0.0059575300559076725,-0.012966201273045779,-0.004913568217862623,-0.006696522677446166,-0.30821049311650256,3.3521136290446933,1.4338853690254691,-2.30324393395859
-0.0059827928852308355,-0.01297691904442294,-0.004961458473774826,-0.006695221042968766,-0.3003192398993978,3.392648653185971,1.423535777780569,-2.327331414370259
-0.005966891163406893,-0.012978866640050655,-0.004934579333870501,-0.00668105640147307,-0.3063238837570211,3.3658448745096847,1.4186044871756576,-2.3141849673117125
-0.00599216492191991,-0.012989524709198898,-0.004982447009031832,-0.006679616595709814,-0.2993959927729864,3.4063034262578067,1.4080934288490505,-2.3382337471081676
-0.005976277796742424,-0.01299148818276597,-0.004955515695613081,-0.00666553902440696,-0.3040385733782718,3.379471951528451,1.4032242644384476,-2.3250172493242256
-0.006001576511259319,-0.013002100865175385,-0.00500338842680312,-0.0066639447041621684,-0.2983089632296079,3.419811115724192,1.3925292361879207,-2.349060702556477
-0.00598567119893649,-0.0130040950464314,-0.004976355016264959,-0.006649911826225538,-0.30159703113683495,3.392937573441699,1.3877328424781323,-2.335726594569699
-0.006011027561188928,-0.013014647389398245,-0.005024295548146566,-0.00664819575027121,-0.2963761506876111,3.4332240251184594,1.3767970547794999,-2.359785595029446
-0.005995086493600733,-0.01301669836582879,-0.004997123304204597,-0.0066341662197800045,-0.29928769331513777,3.406249687128907,1.3721325925781078,-2.346327417350398
-0.005954915005069574,-0.01293892622972893,-0.004898103462824256,-0.006741708562219783,-0.3085680155129265,3.3508777614190883,1.46947397045743,-2.294104643380985
-0.005948232062645493,-0.012953478366463746,-0.004892537939971201,-0.006711983809525707,-0.3099086161055053,3.3383406321895843,1.4490749304712907,-2.2922221465704755
-0.005945702090780215,-0.012926203763119731,-0.0048769030824161765,-0.006757060758319514,-0.31010305010909167,3.3368516098306285,1.4845483890885107,-2.282814923780807
-0.005939001972207882,-0.012940716779274079,-0.004871500332860461,-0.006727413043434439,-0.3118147608101815,3.3245090670912414,1.464163284128878,-2.281125956823787
-0.005936529182831806,-0.012913452405312715,-0.0048556633000035225,-0.006772339934994427,-0.31124749611351427,3.3227263109991374,1.4994818092111346,-2.271431791123117
-0.005929808580605828,-0.012927935540500465,-0.004850410431144175,-0.00674276002884576,-0.3139274050506566,3.3105578818423105,1.4791435936124608,-2.2699369279899546
-0.00590023935268864,-0.012862160483752988,-0.004770177671855357,-0.006832822178648504,-0.3187657350127088,3.2650905577170453,1.5582325581235545,-2.2249981358183453
-0.005884340428563922,-0.012863617855809273,-0.004744080453582947,-0.0068183994586121935,-0.32322736142556435,3.2392554168497445,1.552417785280085,-2.2125952457677713
-0.005909251363970854,-0.012875026190632997,-0.004791614938409754,-0.006817806033717773,-0.317339181206535,3.279615839566914,1.5437198219197166,-2.2367412956340216
-0.005893342007501888,-0.012876526809283403,-0.004765418406918342,-0.006803415838286891,-0.321322111725528,3.253685081039325,1.5379935985107933,-2.2242294299065475
-0.00591830373358797,-0.012887863498982957,-0.004813015615029697,-0.006802715127126595,-0.31516111449990347,3.2940781560869135,1.5290707586396624,-2.2483978432269183
-0.005902382195178232,-0.012889419109721302,-0.0047867102120830235,-0.006788345866372212,-0.3195403118538424,3.2680111757336374,1.523453198705475,-2.2357749535708993
-0.0059273963698165885,-0.012900672279216818,-0.004834368477329188,-0.0067875573444060614,-0.3129134625018618,3.3084625713078797,1.5143167355610476,-2.2599605377208007
-0.0059114815750059965,-0.012902290307966057,-0.004807988010375546,-0.006773209796957618,-0.3178247808228338,3.2822740582589414,1.5087935261617773,-2.2472482485914096
-0.005920631811251018,-0.012915129968724058,-0.00482923502659932,-0.006758018481267968,-0.3159769452193864,3.296469650821582,1.4940207011011395,-2.258642026869548
-0.01321126234330156,-0.006167534192912692,0.006387341861893578,0.005352001306287524,0.690988469396776,4.062704200367047,0.03427486699883544,-2.7899307606570436
-0.013199206474818058,-0.006157464647985368,0.006404123654853592,0.005331909028072192,0.6935814413529812,4.060110696458215,0.01248554502626005,-2.7885525273122753
-0.013214209065111839,-0.006151798094742156,0.006373974517864715,0.005323878442242586,0.6816445116880195,4.03172491618973,0.027619357098441186,-2.775967050571433
-0.013187119036995123,-0.006147433031857423,0.006420844408809852,0.005311761590026623,0.6964057711635192,4.057352622423643,-0.009267201389568875,-2.78704114920969
-0.0132020897890315,-0.006141730920289318,0.006390732523617809,0.005303873814287564,0.6841212082539309,4.029082791642459,0.0060249829283704585,-2.7745619189517683
-0.013175000149139748,-0.006137439443456895,0.006437495515487022,0.005291569441103376,0.6988488495991928,4.054411420086665,-0.030952079662463678,-2.7854155107978458
-0.013189933305927005,-0.006131705459888997,0.006407440182642966,0.00528382182051687,0.6866162095338483,4.02627294038997,-0.015566969142729674,-2.7729884146976946
-0.01322328652339887,-0.006177641567294451,0.006370500653628657,0.005372036401978173,0.6888050661443431,4.065120827077027,0.05608829826475431,-2.7911704867944622
-0.013226291265540896,-0.006161898540158482,0.006357161092885025,0.005343821432199137,0.6790576148269133,4.034180438020443,0.049218732982587506,-2.777200351338142
-0.012599083920050672,-0.0057286111419663464,0.0071188639118282765,0.004331723814614189,0.7881031847700773,3.7382305823263344,-0.9612158675607505,-2.5499163763366317
-0.01259964841372437,-0.005712619837615478,0.007103683213553939,0.004307313266080934,0.7768558066470482,3.7080269804069332,-0.9581102014643718,-2.5360896130261565
-0.0126392250056941,-0.005753296411412851,0.007077721686085872,0.004398625993600301,0.7836655495875723,3.769778562103182,-0.9033110235019844,-2.5748978282352635
-0.012625870501321728,-0.005745025956567025,0.007091498196718311,0.004376380712708542,0.7842620922118725,3.7594043703073985,-0.9226784170941443,-2.56671523834159
-0.01263998038996711,-0.00573731864919158,0.007062555056314376,0.004374008761810744,0.7729619258702843,3.7393730363334474,-0.9008121426425973,-2.560883930612125
-0.01261249009514167,-0.005736797506241737,0.007105214300476528,0.004354076685574283,0.7859413125207518,3.748879575136929,-0.941987660319704,-2.5583863789286974
-0.012626575960903183,-0.005729038167973994,0.007076309520777293,0.0043518215381107015,0.7744195778262571,3.729068410901423,-0.9199721914315745,-2.552758644684907
-0.01261312888919712,-0.005720798708678674,0.007090017612752012,0.0043295784959630134,0.7755942155474639,3.718604518680262,-0.9390696299295546,-2.54448903971917
-0.012797410521339082,-0.00585578784627266,0.006906893901453385,0.004662281787373481,0.763300129172516,3.8818280758930683,-0.6647761632231682,-2.66200598496589
-0.01278437715601145,-0.005847019882893541,0.006921503827503095,0.004640564468279544,0.7648714515478603,3.873383084814383,-0.6850131821189048,-2.6556093082737515
-0.012798696673402247,-0.005839850339752168,0.006892178317173719,0.004636645779469741,0.7540857461368167,3.8506754049271668,-0.6647685938177879,-2.647585346967933
-0.012771316304873213,-0.005838292905748426,0.006936051786651169,0.00461879201381531,0.7671602391901119,3.864786105982722,-0.7051966751060798,-2.6490539804954283
-0.012785630581749197,-0.005831065812273218,0.006906723823474753,0.00461499357669708,0.7557725260250442,3.8422410869279164,-0.6848338854779626,-2.6411037090928446
-0.012408553633095476,-0.005602460839068963,0.0072871098553943655,0.003991191531884515,0.7912707931624756,3.5443980553876124,-1.2146427128324364,-2.404999584454723
-0.012408766398519252,-0.005618465515670955,0.00730243372313998,0.00401453794165956,0.8028449583022786,3.5732477598488828,-1.2203953960874028,-2.417774564145398
-0.012422519328812413,-0.005626054401169323,0.007289779094315534,0.004037471234655661,0.8013637776627505,3.585952558116444,-1.2024963808427103,-2.428042761429807
-0.012422381489528641,-0.005610052250361791,0.007274445402120601,0.004014056231315948,0.7906578131976074,3.5570131911243803,-1.1969129174972262,-2.4151934684264202
-0.012436248360560216,-0.005633686460448853,0.0072770572562036616,0.004060356099207314,0.8004027576100635,3.5985468528819484,-1.1845046581107481,-2.4381731323855944
-0.012436179940818031,-0.005617705652668629,0.007261733242843234,0.004036902210068158,0.7899398843775911,3.5695154189878338,-1.1791101662320138,-2.4252652336730254
-0.012449953359711831,-0.005641361619124992,0.007264268274715983,0.004083192517971657,0.7997347226772401,3.6110004458430365,-1.1664311119297235,-2.4481591084037944
-0.012449940773567014,-0.005625399613101391,0.0072489651676885805,0.004059693418600906,0.7890660685891362,3.5818687652041703,-1.1612259666237996,-2.4352071870967085
-0.0124636341922656,-0.005649079802306204,0.007251411524289056,0.0041059817131095366,0.7993401735562699,3.6232958818929606,-1.1482741563992993,-2.458013575268151
-0.012463667973437014,-0.005633123775352473,0.007236126950328045,0.00408241890529481,0.7880715851820561,3.594062226900833,-1.1432431328585633,-2.4450196651193536
-0.012477290724274195,-0.005656840934593226,0.007238483578175453,0.0041287297659979,0.7990438114872941,3.6354250649866935,-1.13001374738801,-2.467765561762066
-0.012477374239958226,-0.005640873455425063,0.0072231971639593355,0.004105082405002503,0.7869482567812485,3.6060887510686626,-1.1251404183260159,-2.4547020839320095
-0.01249107104071561,-0.005648650512567796,0.007210162327409008,0.004127694800898429,0.7858676030771398,3.617948596150525,-1.1069120098508043,-2.464252181728423
-0.01253250747171479,-0.0056560282820447986,0.007155583511395759,0.004171528996002267,0.7789198705969554,3.620548004935246,-1.052951125022106,-2.474909295122599
-0.012505117567037526,-0.0056401594176089,0.007181913413794591,0.004126520702634174,0.7810928070136219,3.5974922836632826,-1.0894444523532802,-2.456430040309765
-0.012518865918266136,-0.005648027409673253,0.007168682452873187,0.00414901132416539,0.7799751409973227,3.6089919087920763,-1.071194175761617,-2.4656896688595746
-0.01254611365934826,-0.005664015841248596,0.007142379679154054,0.004193914946490434,0.7778896072068323,3.631857912559718,-1.0346284617214094,-2.483946809017582
-0.012600385108266053,-0.005696340128823335,0.007088675188834999,0.004283036272078108,0.7731314699909712,3.6755186034891865,-0.9603387826783009,-2.51876228707022
-0.012559762058099992,-0.005671965084349104,0.00712893356297824,0.004216189158210632,0.7767370412390316,3.6428447923883485,-1.0161366165647354,-2.4927772952088953
-0.012573379260545648,-0.005680014108173269,0.007115477329342745,0.004238500670213029,0.7754925451055311,3.65379747700165,-0.997564885014797,-2.5015347144553695
-0.012586891557792567,-0.005688184339532696,0.007102140798076125,0.00426082952910355,0.7742986015370495,3.664787005751156,-0.9789981968840394,-2.5102416449164484
-0.012408410778893651,-0.005586130680538932,0.007272082210104463,0.0039678548456432575,0.7872244275032875,3.512713199813905,-1.2142911658367128,-2.388002248086926
-0.012183628850684297,-0.005470888993160235,0.007464424982264711,0.003598706100524271,0.7935748140504356,3.2956730844143833,-1.4801769302976322,-2.2107675583507738
-0.012169453378957445,-0.005464033838189609,0.007475720941133523,0.003575341891201651,0.7935225253044608,3.2810669496481535,-1.495786519636981,-2.1987877125141186
-0.01214101544708114,-0.005450360235937721,0.0074980246314528464,0.0035283635708512205,0.7934780258449808,3.251365624947978,-1.5266488979704598,-2.1744487302968882
-0.012155279456025646,-0.005457125400289088,0.0074868148420478035,0.0035518426752999582,0.7934729323821138,3.2661856058068337,-1.511215373108227,-2.1866353527005487
-0.012197002911682965,-0.005461263399133415,0.007437318260281098,0.003599762384789306,0.7860447048702449,3.280879650193755,-1.4592422127797262,-2.2083689197632634
-0.012211293904441207,-0.0054678532431953015,0.007425388087711835,0.0036226233909289513,0.7857902034825782,3.294536794037939,-1.4433148192796403,-2.219809687299385
-0.012352835550167885,-0.005539715856782267,0.007305845011532283,0.003853572450212298,0.7825347409243769,3.4308967830145254,-1.2795658127965988,-2.33137843238047
-0.012367058745710612,-0.005546863684729294,0.007292953163805948,0.0038762365080637832,0.7818111750974758,3.443331521241762,-1.2623076564096023,-2.341723426024259
-0.012381097932199955,-0.005554401199405828,0.007280544239529646,0.003899195139748169,0.7812380508654381,3.4562800295176657,-1.245230090225893,-2.352225381988277
-0.012394710012894246,-0.0055621309991008075,0.007268772596491245,0.0039219714605647285,0.7808045850484175,3.4694196491060327,-1.2286043332372125,-2.36265861845426
-0.012338834906571396,-0.005532472048454169,0.007318190085815946,0.003830891693365084,0.7831098539390994,3.4180605483212396,-1.2963796750091667,-2.3208547765527663
-0.012352695077757969,-0.005523386986683061,0.007290373130040413,0.0038309053001518334,0.7759649422091645,3.4011585888460103,-1.2764040040109845,-2.3164449755991634
-0.012325050718591165,-0.005524709070448222,0.007329589087970154,0.0038076206543096566,0.783330386232049,3.404065088361485,-1.3126458747815457,-2.309780225671702
-0.012311074237443957,-0.005516836034261354,0.007340997149772043,0.003783956342974302,0.7834788290845922,3.3896891505604003,-1.3289764153865395,-2.29841957532437
-0.012225539596032753,-0.005474722276084912,0.007413653698714323,0.0036457258827024166,0.7856093081320538,3.308489007276965,-1.4273985868381838,-2.2313373028402137
-0.012239639247629622,-0.005481862901913837,0.007402238879663496,0.003668968771134075,0.7855166611362784,3.322719551339469,-1.4116061960136985,-2.242912245304778
-0.012253705630047821,-0.0054889577498979936,0.007390677688299935,0.003692048305444283,0.7853356236732775,3.3366812196567888,-1.3956849539818081,-2.2543063783553965
-0.012267949335773486,-0.005495681729584802,0.007378367095704966,0.003714729210963433,0.7848726767448576,3.3497947350486927,-1.3792711084366018,-2.265301925469645
-0.012282350061745077,-0.005502338630604672,0.007365634904223184,0.0037373833020346026,0.7842889617132213,3.362589223194849,-1.3625013162531419,-2.2761466153589685
-0.012296761129235341,-0.0055093697947621355,0.007353111020529026,0.0037604620868726102,0.7838118498806378,3.3758499450426656,-1.3456894953819862,-2.2871781405190252
-0.012408349087778582,-0.005569548844710861,0.007256525820201012,0.0039442595445662795,0.7801422436890225,3.481775923418598,-1.2117519587847767,-2.372667228303355
-0.012024606097445057,-0.005380811705169536,0.007568855016979882,0.003317131570521868,0.7831911675923483,3.1004300437164702,-1.638814035152045,-2.0598286797302663
-0.01206844297856135,-0.005400561297042171,0.007536665662672955,0.0033890385103811853,0.7845691186010509,3.1474170045852428,-1.595034430462041,-2.098619779343498
-0.012039480790003096,-0.005387016272663453,0.007557558729851469,0.003340999953671427,0.7834949633054048,3.1157127502490156,-1.6238776382443145,-2.0727196498463343
-0.012054155553572287,-0.005393716591151655,0.007546875432197349,0.0033651741382240857,0.7839998143287956,3.1315820791184987,-1.6092678648257428,-2.085768824709597
-0.012082716973664248,-0.005407081111503829,0.007525987085104574,0.003412430969583016,0.7848953186834717,3.1625408634288763,-1.580493281030258,-2.111097517457752
-0.012125851846332686,-0.00542730207479374,0.00749337867437633,0.0034833614717070076,0.7857609359667825,3.208111290594092,-1.5358276844058016,-2.148521399306745
-0.012111667475280636,-0.005420367709254632,0.007503951724222794,0.0034597488154357882,0.7854119880531137,3.1928031813269127,-1.5505506298533405,-2.1360973984504272
-0.01209724573801931,-0.005413521539423192,0.007514766019911047,0.003435930644303892,0.7850795550762873,3.1774289717835873,-1.5654433672539778,-2.123521175808943
-0.01208184670290124,-0.005390505498726122,0.007509816466295391,0.0033911781156543918,0.7776158808621646,3.1345732346607957,-1.5738753127359286,-2.097451833731316
-0.011937222914293255,-0.005343693301287857,0.007631428911973325,0.0031746830387276576,0.7796212721057866,3.006142082177099,-1.7228016777362996,-1.9812640860425768
-0.011951992509412361,-0.005350049824560228,0.007621310717671518,0.0031990159316156665,0.7804473734357623,3.0225980207184726,-1.7090765106942565,-1.9948660895978902
-0.011966613022677033,-0.005356406328737612,0.007611215450070979,0.0032231171569753005,0.7812319931508843,3.0388442236168793,-1.695353862892693,-2.008278154467545
-0.011995440642779949,-0.005369026851399117,0.007590968470282088,0.0032705612863347245,0.7825868831645179,3.0705740690097776,-1.667838556291749,-2.0344863285159502
-0.011981084058457478,-0.005362755404234189,0.007601138534797315,0.00324698016288189,0.781944048289302,3.0548654447063637,-1.681633329812726,-2.021492475082681
-0.012008289998316185,-0.00535874685774673,0.007564931541761311,0.0032728173280646574,0.7757977735481053,3.058690862706458,-1.646995026601589,-2.0339766357466575
-0.012022830203742183,-0.005363761037832059,0.0075530027850306755,0.0032948546719927738,0.7757225274456028,3.0719756788925774,-1.632218342439945,-2.045790245089805
-0.011862289747612728,-0.005298154143698181,0.007666003048709291,0.0030357693807324423,0.7680062909367339,2.9003591473441346,-1.7813422371960284,-1.9018148311591612
-0.011876568320251612,-0.005303693604469498,0.007656336422324001,0.0030587936451481894,0.7688857742646239,2.9158691406775676,-1.7686915801102525,-1.9148928041019018
-0.011890856235802,-0.005309935185582753,0.007647281941149328,0.0030825478080731537,0.7700396470966541,2.932321425258841,-1.756299257364342,-1.9283714003798915
-0.011905375960390926,-0.005315829067597889,0.007637454680190115,0.0031061341044891673,0.7709400115529447,2.948245318850773,-1.743269671437421,-1.9416835167098785
-0.011920275957550873,-0.005320494376248218,0.007625737557189768,0.0031287149361669737,0.7711440003189732,2.9622839042820637,-1.7289287808722484,-1.9542546811668624
-0.011935437707939645,-0.005326211386670727,0.007614707114281021,0.0031527009659516035,0.7717122743830497,2.977898630856997,-1.7147528624853712,-1.9676137432432335
-0.011606489424214949,-0.005189302354508525,0.0078055294978322505,0.0026057794423006873,0.7363877135119435,2.5910758122639974,-1.9737988896959577,-1.6499537268107995
-0.01159313875113921,-0.005180006960402166,0.007807583635744199,0.002579712831635018,0.732402183699237,2.5696731682992273,-1.9796280143795655,-1.6345471613495344
-0.011665741697438689,-0.005212261182571974,0.007774591684740259,0.0027041581902111124,0.7444981622197218,2.6620968751249245,-1.9323381414822436,-1.7085730754914077
-0.011679472640545906,-0.005214279810830909,0.007763440139321484,0.002723632373072033,0.7446531186092794,2.6739042084875035,-1.9199520093784288,-1.7201677114261515
-0.01173945490719303,-0.005233755619951836,0.007725134975713405,0.002818430833803652,0.7497016040924387,2.7384843790209774,-1.8720338323853571,-1.7759166568946299
-0.011724089612631477,-0.005232100093602693,0.0077388325404608525,0.002797594736277195,0.7501580162695165,2.726724694540543,-1.886874927088649,-1.7637228759227888
-0.011695205777107615,-0.0052183520057482065,0.007752471651101464,0.002747572141718637,0.7456582173378442,2.689637082097619,-1.9068913372740453,-1.7343304391312218
-0.011710817903826137,-0.005224165859256402,0.007743385762402975,0.0027730100964944164,0.7472677435079346,2.7075024108255614,-1.8950322505008204,-1.749292923601198
-0.011637063379092795,-0.0052002737052527365,0.007788876939692077,0.002655783952230154,0.7403007616578764,2.6267356721840445,-1.95209387132725,-1.679836258464968
-0.011623777673477421,-0.005190002173013457,0.007790062374350634,0.002628878242360233,0.7359719547889432,2.604166812438446,-1.9575018245760505,-1.6639913163724496
-0.011654017239141296,-0.005201791563989721,0.0077743197081871504,0.0026790319599841175,0.7401541880787986,2.6403107938078096,-1.9364014596445256,-1.6938117566340627
-0.011860928156444744,-0.0052835899251703275,0.007651742011231677,0.003018278512512619,0.761418696237044,2.877929963965513,-1.7737895571845033,-1.8911675071871108
-0.011849194727731356,-0.005271977669861029,0.0076519288718484915,0.002991793704689252,0.757357746582415,2.8547848897788706,-1.7795113887221672,-1.875777697476421
-0.011831460349975634,-0.00526622756477737,0.00766474303367964,0.002964481178509658,0.7565544001006018,2.837114813244282,-1.7953051649637743,-1.8602609503732739
-0.011815242028915143,-0.005261581436773601,0.0076769524926297876,0.0029400582308342607,0.7560291292646896,2.821657222486641,-1.8099648915891091,-1.8463355626406608
-0.01179970419099972,-0.005258014885951085,0.007689459933773918,0.0029174936549222056,0.755878816120373,2.8079489359659333,-1.8244390530755956,-1.833435730145897
-0.011785963318402658,-0.005255350649596907,0.007700935701521647,0.002897960561797807,0.7559215909774535,2.7963757706614105,-1.8374563106270483,-1.8222234324677469
-0.01175607407810087,-0.00523753385775842,0.0077123477229442605,0.0028428515905674387,0.7502157181597919,2.7537441496885577,-1.8572113313402348,-1.7901300631263413
-0.011774744710118287,-0.005243510744371946,0.007699672602247598,0.002871943385403045,0.7514293290255877,2.77309135924451,-1.841527022850038,-1.8069988970135002
-0.012140143908321938,-0.005433852702046045,0.007482129553978617,0.0035065391754732916,0.7858218755402747,3.2226129934867633,-1.5206425642736539,-2.16056431908075
-0.012139310748203055,-0.005417539937494581,0.0074664562272848895,0.0034851277284979657,0.7787977121582025,3.1945425177804796,-1.514936452191404,-2.146723645185515
-0.009672695430156392,0.004808708722703604,0.00807977281783181,5.077778992038847E-4,0.2208337390314197,0.3607442180797306,2.4553900279353194,0.3046567711482567
-0.00970358408934577,0.004816582425653899,0.0080942170591658,4.6150304136070977E-4,0.2308381539960793,0.3954901231554478,2.4628660156831663,0.27480114540220657
-0.009639178782117579,0.004803086840048668,0.008066849445123649,5.581611316583084E-4,0.21056509697152945,0.32389645673048045,2.4491451499118484,0.33748256205979027
-0.009602915009761178,0.004797446496983243,0.008052683893663502,6.123679743488264E-4,0.19953987615594113,0.28430162575208073,2.442248510453649,0.37296761015160035
-0.011055818757726526,0.00501808265274304,0.008034937652374528,-0.0017018675619063777,0.6318095643136922,1.9324898902970593,2.2704165385539885,-1.094349933787116
-0.01107292267314982,0.005013163746953384,0.008018858147138213,-0.001724097081732947,0.6316639021227719,1.9450008329727297,2.2553951852764973,-1.1098494125449228
-0.010955650488003957,0.004982197501920315,0.008051340674000165,-0.0015321822135587345,0.6025962109251826,1.8047098279100449,2.2983647908229914,-0.990357293104158
-0.01097393703777243,0.004983437026508256,0.008042692184973645,-0.0015601668519494036,0.6056908135094484,1.8238616795258629,2.289097893496414,-1.0084246582011331
-0.010994456123033217,0.0049935706029199155,0.00804278830823764,-0.0015964122535898993,0.613045842233375,1.8521169113821954,2.28605003985706,-1.0301316917659162
-0.011038952422057503,0.0050012988827791175,0.008025790094678903,-0.0016668716956903442,0.6223602179013188,1.90208578678857,2.2661742309094866,-1.0747317279301514
-0.01101691170409337,0.004988526489120265,0.00802410935009748,-0.0016268179386483184,0.6139305069101036,1.8702109972562972,2.268423268534607,-1.0510359206310127
-0.010909009705781242,0.004986154261780479,0.008080732288215155,-0.0014641226196120312,0.5968385735674356,1.7606441074964565,2.3273843848305606,-0.9449028853972244
-0.01089266641006593,0.004979064044287572,0.008080964629219978,-0.0014357307130081782,0.5911460543149188,1.738805445495479,2.329822713066155,-0.9277654356868251
-0.010825511230484872,0.004960283262705205,0.008092219788820342,-0.0013244755132167689,0.5718189491129144,1.656805422728843,2.347368039988404,-0.8588040652342783
-0.010841544819127998,0.004958543899288289,0.008082603955440715,-0.0013480492858511143,0.5739676757109177,1.6720733183708496,2.3379866260916082,-0.8746159717195868
-0.010876307926635851,0.0049690465384254244,0.008077678179853382,-0.0014059018494482318,0.5843182139811799,1.7149360360584345,2.3295729490045187,-0.9103178800419115
-0.010858959184463465,0.004961325836245503,0.008077371283826337,-0.0013758108798444392,0.5781581400878036,1.69180098107058,2.3317003663859164,-0.89221617668168
-0.010811554059501583,0.004953471303342204,0.008090874873032257,-0.001300024935098431,0.5664713616191389,1.6378078003930856,2.3481661701472714,-0.844216568662388
-0.010795470984030862,0.004953066771914878,0.008097765749972797,-0.0012752819248908712,0.5633536462576936,1.6209579805430523,2.355425730703515,-0.8281177612111523
-0.010921352075811831,0.004973590428376246,0.00805981787319481,-0.0014761649748571918,0.593662181869684,1.763825860000677,2.3097601568572506,-0.9553883035609699
-0.010939651395380319,0.0049721088661521685,0.008048411972147113,-0.001502805641194243,0.5958819687737469,1.7810794644992713,2.298491424128219,-0.9731505824788764
-0.010265112822946074,0.004881585285311518,0.008174584919261185,-4.229736697266267E-4,0.41051638139604224,1.0186549730018595,2.4695014199440393,-0.28886403864346716
-0.010242040904565907,0.0048719178834641195,0.008166697853516676,-3.8501507644077293E-4,0.40136071741066687,0.9898556109467833,2.4660577690409546,-0.26604342435511014
-0.010219700781288277,0.004878512179184829,0.008177222908896947,-3.504265018824346E-4,0.3967320856901308,0.9684698857658011,2.475613155663567,-0.24265662525026696
-0.010200587502116993,0.004867345404641934,0.008166567054261819,-3.187793578922591E-4,0.3883367829995548,0.9434753727239426,2.469821726343128,-0.22410906918569548
-0.010093656229726002,0.0048322894621897075,0.008134967580815554,-1.47227083920432E-4,0.34911159696853117,0.8157914891671636,2.457355121493293,-0.11863471966428081
-0.010124785534699827,0.004851274843551858,0.008154922033184632,-1.9739753252474458E-4,0.3624494254001273,0.856014377458778,2.4685535747490737,-0.14836032095510146
-0.010113760122617318,0.004833839639074846,0.008135596527126887,-1.788805205816797E-4,0.3552855091874811,0.8377891686900025,2.4559519976655864,-0.13886734422527788
-0.010174766558416507,0.004863463918631127,0.008164801968349433,-2.77470440254465E-4,0.3798950150080889,0.9142379805993512,2.4709601917254784,-0.1981296922574076
-0.01014814707592295,0.004852469254329217,0.008154522342246796,-2.3438532482877666E-4,0.36946941620919244,0.8814908756547465,2.4661339992042275,-0.17203393704668232
-0.0107819817333825,0.004942694420792447,0.008091870182310598,-0.0012500168946003093,0.5567028100380097,1.6001742158538814,2.3526856502527163,-0.8137684633460035
-0.010383255497260706,0.004903241612659709,0.008178052293559508,-6.144360310677997E-4,0.4495620885424403,1.1554411826211666,2.460660975916714,-0.4084063777019762
-0.010401460564771184,0.004896581957282981,0.008166299993233808,-6.417812063861721E-4,0.4523242263092901,1.1719294570053747,2.4503482558508685,-0.42734390318858073
-0.010323454553972109,0.0048823004317362076,0.008165739159947331,-5.155335159856633E-4,0.42704239396308047,1.0817075738775062,2.457605255031845,-0.3484308564184118
-0.010365032656801117,0.004891220401347894,0.008167980650884513,-5.830314645512859E-4,0.4409732271542,1.1303309675146789,2.4551603370072392,-0.39038912594066216
-0.010343557224268501,0.004884083617847911,0.00816401968133304,-5.476516802996089E-4,0.4330378285594148,1.104076665345916,2.4544121788509448,-0.3688523141573325
-0.01031333390007273,0.004862595091239065,0.00814482127916537,-4.960450798272813E-4,0.4186512146419857,1.062341957532345,2.4435360483831587,-0.3393691767530676
-0.010287923227346337,0.004863597354113194,0.008150267954516954,-4.5624003552925164E-4,0.4119570517073537,1.0356243282489823,2.449924014760564,-0.3134694378248711
-0.010763579615905253,0.0049315511632066576,0.008087133102480179,-0.0012170407120505775,0.5488478775841359,1.5739673894424735,2.3514470521207618,-0.7945172794771084
-0.01067016848906005,0.004916431224341067,0.008107717592190226,-0.0010676459012036515,0.5241144358941825,1.4676431591282446,2.3781865305311354,-0.7000598670183295
-0.010730015598596284,0.004928434071982211,0.008097770688814615,-0.0011643905799663126,0.541016288728711,1.5372776607042076,2.3635937000114526,-0.7607484451374723
-0.01074664032219436,0.004921697014890913,0.008083076066643758,-0.001186989644590069,0.541708465672118,1.5502412980740583,2.3505215905540005,-0.7769046707172393
-0.01071254739663234,0.004917061623745416,0.008091845033550343,-0.0011329833587115001,0.5331773094171749,1.5121022871540308,2.3612742993897826,-0.7425632806134908
-0.010691529506402975,0.004912216699721477,0.008094638629838342,-0.0010988597815029856,0.5269970053557408,1.4873756552963913,2.365897157344229,-0.7212854500570042
-0.0106220784485858,0.004926824213045952,0.00813732415990462,-9.969539523499748E-4,0.517146100239145,1.4231315278784198,2.4057769702893275,-0.6518298508667021
-0.010637888140069336,0.004919041360807936,0.008122688932683317,-0.0010187387213939868,0.5178313631226693,1.4353516785959521,2.393098929452743,-0.667631372241403
-0.010588172407545164,0.004925127906923966,0.008147007032968584,-9.434528407673715E-4,0.5086703796723183,1.386205699653626,2.4167441218424357,-0.6173451224122518
-0.01060614254566175,0.004917238001800543,0.008131801702789744,-9.688119075404215E-4,0.5100263063170188,1.400863203505285,2.403473418784983,-0.6354765983709098
-0.010650780028415643,0.0049028258805071945,0.008099328477573914,-0.0010327164685696255,0.5149773109400545,1.439422035186583,2.374226464344139,-0.6800273248233272
-0.010573625326966762,0.004908887360777117,0.008133032775506697,-9.154015582473518E-4,0.4996088435341614,1.3618722447300355,2.4079686935945825,-0.6024575099139721
-0.010555595066342773,0.004898811920894301,0.008127175786763504,-8.841205352973451E-4,0.49187681217965357,1.3373669617720398,2.4056294984169138,-0.5841317188108578
-0.010534938385530664,0.004891345533290565,0.00812494450031402,-8.49693013241803E-4,0.48446177079697117,1.3116049258497535,2.406253004788446,-0.5632299953538417
-0.010417831533374835,0.004881174749551583,0.008144718029372404,-6.639898527812097E-4,0.451950566847782,1.1822128529040004,2.4330097132219293,-0.44469089851282634
-0.010447477232551931,0.004885090487407988,0.008141994929652134,-7.114247376388861E-4,0.46078263589039986,1.2156400265040546,2.4279767665559864,-0.4746619653947551
-0.010473312560257972,0.00488752118044061,0.00813808159650991,-7.524930548872426E-4,0.46808317717799897,1.2443073224741434,2.422431329621038,-0.5008208597068927
-0.010513626401535895,0.004881859895510879,0.008120344678464023,-8.137562690067123E-4,0.47620241210342235,1.2841832138783873,2.405173309844644,-0.5417354612746949
-0.010490388476110035,0.004869374011623312,0.008112586507594265,-7.741551064856697E-4,0.4665265352437052,1.2533372857918585,2.4019826567551927,-0.5183929427577283
-0.01006796957687993,0.0048273523766165964,0.008130438774710348,-1.0670950790340264E-4,0.3405945140857684,0.7866195451042803,2.4565131333026824,-0.09307363123592884
-0.010038535031196246,0.004820358819003764,0.008123267556069853,-6.041131319924534E-5,0.3305634571328136,0.7528036634864222,2.454139210167511,-0.06397589392798268
-0.010008812985692074,0.004814693055409812,0.008117138841416946,-1.3890238271027497E-5,0.32079610586250573,0.7192478333875155,2.4525185419441295,-0.03450490622025771
-0.00997935486803728,0.004813128588085532,0.008115213656404175,3.2084732281000696E-5,0.31189734628902,0.6874127862940681,2.453804547736402,-0.0048645474614588645
-0.009948262248970465,0.004817853848643255,0.008119949037871369,8.074519859125051E-5,0.30363845110535054,0.6558883779264527,2.4598809675273903,0.027207185177122426
-0.009920700683165076,0.0048125802360101605,0.008112857964283182,1.2356882853689765E-4,0.2945805574848481,0.6249033242350507,2.4573555485792244,0.054447130462770714
-0.009876965375263076,0.004791972675113174,0.008086794368963623,1.902778573183017E-4,0.27839966148149803,0.5721585286369013,2.4429670871636353,0.09590282707939195
-0.009898162939399767,0.004804107737137427,0.00810199761742683,1.5820560558885502E-4,0.28652923082333853,0.598326871413141,2.4517366649859453,0.07612874293400042
-0.009828798984482915,0.0048026447102078335,0.008094912954331455,2.657263140273566E-4,0.2659731828662954,0.5243250519774766,2.4528023321095103,0.14604497399602992
-0.009852829448841013,0.004780913480318692,0.00807235708742769,2.2664912971504975E-4,0.26970640003009727,0.5433576026154537,2.434979234035778,0.11870292009292628
-0.00979523609308402,0.004797533468912917,0.008085499224598182,3.17100645743224E-4,0.25537753819756676,0.4873372663203916,2.449125422877153,0.1791685368486278
-0.009758383814421028,0.004796641003345666,0.008079819036669973,3.7383982189718496E-4,0.24453368194637823,0.44812196986978553,2.448279539316211,0.2162035858777662
-0.009727230104997693,0.004796486492386406,0.008075108698472456,4.217837105771131E-4,0.23537325105197474,0.4151777674861704,2.4475983006197906,0.2475786214489854
-0.009588618878529872,-0.004808722788695167,0.008062241766586133,-6.367578035048944E-4,0.19639875644079643,0.27192838363883604,-2.4500633047238956,0.3894832599986373
-0.009567037057428084,-0.004816427384613993,0.008065868543342136,-6.715999526272588E-4,0.1909270051552348,0.25097500918187654,-2.4543242964018743,0.4127108710134449
-0.009544131755400514,-0.0048138695462550335,0.008057209331540997,-7.059335897246906E-4,0.18401246063318202,0.22622412109715787,-2.4501498814404603,0.4352879655004726
-0.00951641443384193,-0.004817231522454633,0.008053689976198779,-7.490520654485342E-4,0.17639741886188387,0.19781060943044382,-2.4499125672055304,0.4638340799902318
-0.009347119469203866,-0.0048331129243532256,0.00801747587023466,-0.001009852627836763,0.12994300119308444,0.023279580461106484,-2.43795384867483,0.6373537986477569
-0.009383877127397088,-0.0048230859237601564,0.008019253044676003,-9.511847428367444E-4,0.13963680142507548,0.05983733075459876,-2.4363056423566483,0.5982167474346652
-0.009419179881558097,-0.0048147854121911885,0.008021745934827117,-8.95389552638684E-4,0.14898233566872346,0.09515325816098613,-2.4352771520463734,0.5609894846572168
-0.009458734661424962,-0.0048107801655405905,0.008029700642613968,-8.345788086372093E-4,0.15973629522738877,0.1357642647363049,-2.437742806647488,0.5204790738020276
-0.009493655731514014,-0.0047923379418652505,0.008019125045977774,-7.765461646891705E-4,0.16839642962390544,0.1684522831476677,-2.42754266930285,0.4816335033078342
-0.009287277502595594,-0.004847196267692535,0.00801040384312302,-0.001104682626719663,0.11410508829954093,-0.03677509537701079,-2.437643629330258,0.7006869182862782
-0.009249161009526366,-0.004833319286524417,0.007979005958725237,-0.0011554554829584526,0.10398746953717918,-0.0788595275450661,-2.418371284946296,0.7352378715889535
-0.009309825763086461,-0.0048244046453142205,0.007993523933143192,-0.0010621446536314423,0.11972006532405711,-0.017238556565059158,-2.4239544128000214,0.6725415399160991
-0.009330571001133178,-0.004803829298629012,0.007978271742913287,-0.0010235785302421033,0.12482570837950865,6.867444900455639E-4,-2.411520526021753,0.6469195788106054
-0.008917957941447952,-0.00480707107636493,0.007781137457922917,-0.0016114238126805744,0.029043398488346663,-0.41844779324099507,-2.2993860955388854,1.0495034023574543
-0.009220774946210174,-0.004811940583223921,0.007942837268827614,-0.0011878333122015742,0.09680285916518944,-0.11158228552842694,-2.3947391430506584,0.7577868483451735
-0.009154815692532766,-0.00482376139166175,0.007926083948079933,-0.001288731975811435,0.0804811305623452,-0.17772176532332876,-2.387778643455741,0.8259846161137147
-0.009188923527464112,-0.004813111012646082,0.007929991559248882,-0.0012345397186803973,0.08881760148303912,-0.14417408864277417,-2.387973345360665,0.7894724996909169
-0.009124501919238241,-0.004796462359456113,0.007881271340238832,-0.0013190006560640179,0.07375531011349962,-0.21221249084866498,-2.357655875518581,0.8478312291193575
-0.009018063811409535,-0.004808153395690781,0.007839312983925218,-0.001474557733332023,0.049662678625836516,-0.31855042890882324,-2.3349705242434187,0.9544061413094109
-0.009054119523341725,-0.004790559182802982,0.007839286940134903,-0.0014149848672700886,0.05800595629857635,-0.2840256167618576,-2.3322692978132196,0.914161693173687
-0.009089089045664606,-0.004769592268592841,0.007834312916947013,-0.0013555158199931724,0.06620617202709532,-0.2510418696494529,-2.3260330083166436,0.8740670896441366
-0.008955639762553029,-0.004789774293570942,0.007784471691125947,-0.0015501483663809006,0.037343937901138956,-0.3823114718235548,-2.2991131970445724,1.0079115134311412
-0.008988679867133434,-0.004786090621825768,0.007799135213424334,-0.0015029797164706695,0.04425599559838722,-0.3498344529029881,-2.3075349786834023,0.9753561122789434
-0.010730674830566238,-0.004963674773948399,0.008138211446110447,0.0011800484991420174,0.5546132761263625,1.5600192376647046,-2.3939859129630725,-0.763398989913556
-0.010719090132413909,-0.004949652885130352,0.008126748075764164,0.0011562993418683988,0.5467725437829559,1.539049718131347,-2.3866922451376094,-0.7509424130456371
-0.010707708650859444,-0.004935117636911761,0.008114572308607125,0.001132820034141587,0.5388717920532624,1.5182060717543255,-2.3788903498807943,-0.7387610061668558
-0.010749896184922426,-0.004957425375464046,0.008122856174967573,0.001207170838911542,0.5561061931407926,1.5762852972969759,-2.380062451570129,-0.7825418539335548
-0.01076938347498378,-0.004953134562307682,0.00810946283736124,0.0012353284728274171,0.5583057955423133,1.5938856827455241,-2.3675544059608513,-0.801910565124469
-0.010789116174031813,-0.0049517949420893785,0.008099162029077955,0.001264988366191328,0.561592573420329,1.6134927185031847,-2.357301176473452,-0.8216176888443464
-0.010804564342474898,-0.004956398490024768,0.008097462181367782,0.0012906984074392677,0.5663675706739882,1.632509094656879,-2.354041460926408,-0.837463558665889
-0.010865158922355511,-0.0049601639736440205,0.008072990817006616,0.0013846261413915488,0.5787758857105177,1.6972721582393653,-2.3275133995652584,-0.8982435323858143
-0.010823317789300946,-0.004951034645160333,0.008082596109600706,0.0013167989317093317,0.5676558016740697,1.648234094151116,-2.3403607573221623,-0.8557397503624777
-0.010846805679904486,-0.004957284631106994,0.008078624178935555,0.0013554277885951763,0.574371861813265,1.6765528641843244,-2.3342428777866213,-0.8797275519161915
-0.010881989826272852,-0.004961284167153628,0.008065907071858176,0.0014106015511640253,0.582105193827779,1.7151649682062036,-2.319852998079544,-0.9150320742734747
-0.009696589140340708,-0.004820079185393167,0.008097026913885945,-4.7292246618100344E-4,0.22912630132071946,0.3889593662510658,-2.4653991917845306,0.28250975174210496
-0.009604097523801283,-0.004783061304569306,0.008036643778638596,-6.073576643773998E-4,0.19867449711375548,0.2820315117968581,-2.4309232040004436,0.36918751086532714
-0.009636050120593521,-0.0047878085604121465,0.008048857657486119,-5.598156824094483E-4,0.20819069646197916,0.31677988504309623,-2.4368412425217882,0.3379398278470213
-0.009670443190580602,-0.004794771942840167,0.008063491231765025,-5.086521096057503E-4,0.21879867121824087,0.35473111191531664,-2.444235479828556,0.3045739291896549
-0.010227333104172884,-0.004892957715357421,0.008193006509959142,3.6440633766896235E-4,0.40266276833523246,0.9825389183082464,-2.4861098073934573,-0.24923003264118995
-0.010258795872361882,-0.004896133284167072,0.008192380046117121,4.150692204986924E-4,0.4126328282757137,1.0178869030940134,-2.482776095197432,-0.28124940162169004
-0.010242182363704224,-0.004888234459099884,0.00818556276795169,3.874655190788878E-4,0.40567328442070927,0.9966889491097313,-2.4794526747536247,-0.2648727245407528
-0.010290988139321222,-0.004878709713528713,0.008167210586862617,4.63538898639061E-4,0.4169500880181968,1.0453309765753593,-2.4617611964814183,-0.31557363233476116
-0.010271070307700369,-0.004880816898358402,0.008172797543559901,4.323104353864789E-4,0.4119590935241469,1.024789152543579,-2.467639995369493,-0.2950573824143382
-0.01014957029323361,-0.004879614974877725,0.008185772329783847,2.3890089202086473E-4,0.3764097430078559,0.8932538936704814,-2.488045088283552,-0.17078311378571645
-0.010213482207379205,-0.004881815549720082,0.008181805237945714,3.409411673919063E-4,0.39571114760518994,0.9631168992890399,-2.4794206115861193,-0.23603937381541715
-0.01017248882628969,-0.00487415644381438,0.008177380108093988,2.7489943025470117E-4,0.3818149422171078,0.9158969086490728,-2.480048254659868,-0.19478310017381062
-0.010194606565399212,-0.00487466356474401,0.008175688785869386,3.101060762915034E-4,0.3883897068451148,0.9399271762033502,-2.4768193530800846,-0.21735959422065051
-0.00978650118228674,-0.004826796958845674,0.008117915618319366,-3.341383281386424E-4,0.25679912294933077,0.4863467703394649,-2.47238183470437,0.19252424166858886
-0.00985248381490566,-0.0048011559736478365,0.008095367053186066,-2.288839804619516E-4,0.2726447512777219,0.5489715458808938,-2.4510882591136833,0.12191862289954732
-0.009826354468268817,-0.004809687053402068,0.008102716949682271,-2.7020727244277863E-4,0.2663259071365729,0.5237742716425355,-2.458449097455652,0.14957432761750555
-0.009803957777380962,-0.004812449940799129,0.00810351751767771,-3.052886039761968E-4,0.26000967870887964,0.5007916598454974,-2.4609074889007103,0.1726600529207974
-0.009724816630690537,-0.0048160203345329585,0.008097013254912598,-4.28543839454365E-4,0.23702304108738567,0.4178100994844626,-2.4630559737288755,0.25328297104830927
-0.009758345614731684,-0.004814017540985643,0.008099639139498535,-3.762830166800946E-4,0.24670050144372707,0.45284083510623147,-2.4620877063126336,0.2190282657351626
-0.009879420684630293,-0.00478833516133936,0.008082822757727537,-1.8623071676939886E-4,0.2785390646674562,0.5736386414571087,-2.4399830106263063,0.09293625234685986
-0.009906637400851433,-0.0047759127915680075,0.008070378886242414,-1.4352480267108302E-4,0.28431612753934693,0.5985431050180314,-2.4288650060820696,0.063892131320466
-0.00985476715932207,-0.004772270400446195,0.008062709272494603,-2.2294940199763744E-4,0.26890498234778915,0.5428229136437206,-2.4280527639839082,0.11557777010572186
-0.010134012190603598,-0.004860221076745131,0.008164574600726863,2.1263753041619174E-4,0.3671784553972088,0.869233543069145,-2.4745253980038036,-0.1568685677917946
-0.010116449620410773,-0.004839775262226944,0.008142242471387956,1.834877510661875E-4,0.35738192679269226,0.8427983558425637,-2.460385455270742,-0.14098268768073474
-0.01004054335835245,-0.004829239180950985,0.008133408491133571,6.374280304804741E-5,0.3330106303065348,0.7579868410124916,-2.461090859065836,-0.06498170744659885
-0.010070248834021835,-0.0048218452961861545,0.0081240383114842,1.1007654639332748E-4,0.3400710268058816,0.7870329564004342,-2.451814583210393,-0.09589423132397233
-0.010099197939253159,-0.00481612574173364,0.00811614873131872,1.5505070590784788E-4,0.3471909995589538,0.8157733229812826,-2.4435837433796093,-0.12579384130322804
-0.00999086488750698,-0.0048172736144793775,0.008120065166847506,-1.4154063132451456E-5,0.3160973561742337,0.7009779411396262,-2.4562180362993122,-0.01595103612585949
-0.010017312594398154,-0.004808172858131045,0.008109629100513898,2.7104617637732805E-5,0.32199751789803027,0.7260355566258686,-2.446513771907956,-0.043788627724589246
-0.009964764768565072,-0.004793586706866228,0.008092651359234747,-5.444559098274452E-5,0.3040651326413723,0.6655286540280524,-2.4393260212976027,0.007549370042840839
-0.00993825885736202,-0.004766496193294013,0.008061125531224213,-9.453139907618146E-5,0.2917183839078195,0.628854697205116,-2.419523511535145,0.030951402988362797
-0.010532778307282052,-0.004920155263901684,0.008158862607885786,8.550209364353341E-4,0.4936553330321793,1.324427781559987,-2.4314605151706012,-0.5608670043860813
-0.010577754783118457,-0.004922443418070619,0.008147346663033482,9.262708575270994E-4,0.505289092765138,1.3736519011895256,-2.4181390362435504,-0.6067226643445444
-0.01054782488794879,-0.0049154642469845045,0.00814882520944423,8.771945436363125E-4,0.4957021539870798,1.3380346819138218,-2.4224551977913507,-0.5762628575952116
-0.01056409250412121,-0.0049121573749069895,0.00813987891262781,9.015922148832118E-4,0.49843527767876045,1.3535653561324046,-2.4140900096411184,-0.5928047424553256
-0.010352031736317008,-0.004913520581569934,0.008196483430571026,5.668961306134626E-4,0.44407409591063546,1.1263260542589488,-2.477003600384919,-0.375718627957959
-0.010372875138712781,-0.0049054552801009975,0.008182838441481032,5.984343081900725E-4,0.44732923107959316,1.1452675390970113,-2.465150785274993,-0.397641880221237
-0.010388737568682853,-0.004907744699086412,0.008182075819362882,6.241207683653626E-4,0.45238433513385135,1.1634311730927787,-2.463049626213449,-0.413779829697993
-0.010516789369026358,-0.00491471716167548,0.008157320866803519,8.282717967482055E-4,0.48784726184886357,1.3045055532466885,-2.431999580626792,-0.5446378781958975
-0.010404476835990944,-0.0049011789820157785,0.00817093349224099,6.475971782656955E-4,0.4545431044714679,1.1773580992432853,-2.45341875096274,-0.43025188515505924
-0.010433337485475862,-0.0049106686393143575,0.008175090981614454,6.955222882503537E-4,0.46517540705737037,1.2129103702721895,-2.4535628832020393,-0.4593910109955118
-0.010421036083252878,-0.004897416994792149,0.008162713918980397,6.728793676471564E-4,0.4577594341307587,1.1933589788045018,-2.4457901500854935,-0.4473272859456328
-0.010495316602713122,-0.004909542637024634,0.008157486259991268,7.930325069164555E-4,0.4807007588799426,1.2788913340860883,-2.434367940872747,-0.522815116940423
-0.010473092952269338,-0.004906705772517233,0.008160296972611615,7.572816596044006E-4,0.4741751876187868,1.253680079083325,-2.4387258676106445,-0.5001982508616262
-0.010452212458558983,-0.004906749216410632,0.008165816465122268,7.243766185652116E-4,0.46881319491461454,1.2313109961542443,-2.4448951886365546,-0.478860159535532
-0.010340663463444255,-0.004898947505686927,0.008181788399221021,5.459353297774341E-4,0.4365581456681528,1.1075880242476421,-2.4674827107006148,-0.3650278480682407
-0.010324679166813304,-0.004889100403629868,0.008173381388116971,5.18717927826712E-4,0.42922238488655795,1.0860357517557369,-2.4629748091523265,-0.34928654062754183
-0.010313887842579311,-0.004871538037856033,0.008155031369671972,4.984961377857053E-4,0.4212873195340137,1.0668099628065797,-2.4508202322645336,-0.339392235414082
-0.010610525252225092,-0.00492605868970604,0.008140481224888746,9.786781589603544E-4,0.514212188295957,1.4104721796143525,-2.4094338442362417,-0.64009391322583
-0.010593767545707709,-0.004915780281165514,0.00813432756182276,9.490556371437269E-4,0.5065923967180191,1.3870056687375303,-2.4067315932735536,-0.6229504266616812
-0.010629407527057837,-0.0049172591140451685,0.008123680946957583,0.0010049504213822842,0.5152847565384109,1.4254671654401483,-2.3948100441269307,-0.6590755729442789
-0.010651588108065102,-0.004913555961341987,0.008111365889565623,0.0010379204914711124,0.5189086205091696,1.446624999042629,-2.383093405049842,-0.6813337493426648
-0.010693732785778167,-0.004922029632577123,0.00810505255003075,0.0011060870044217778,0.5310806906240515,1.4956726455149953,-2.3734149580402133,-0.7240692073666818
-0.010673722026311451,-0.0049135909698604895,0.00810309943584766,0.0010720398198891328,0.5236696931149033,1.469774710992272,-2.3743419560226617,-0.7035848510898862
-0.011479584630468588,-0.005124596582535688,0.007846718821012887,0.0023799973601986266,0.7080873053882911,2.417105399542877,-2.041043613370412,-1.515246060550262
-0.011502529660725154,-0.005151003423889432,0.007856553468615994,0.002433588723462047,0.720433512508772,2.466063033973725,-2.0415353472871227,-1.5462518267360004
-0.011540553313655765,-0.005149038635379006,0.007820826412971127,0.0024825018378514317,0.7191205840387634,2.492772291947132,-2.005305327384051,-1.5768653983201413
-0.01152322946439544,-0.005147616010967028,0.007834597343954463,0.002458281909269217,0.7187057197167745,2.47796983284185,-2.020077667293289,-1.561951947815688
-0.011497198448549503,-0.005127975326964182,0.007835368726622258,0.002406465985612611,0.7096793532157354,2.434761413075275,-2.028098192873035,-1.5314823815743948
-0.011462166394282792,-0.005121894142835291,0.007858480705730418,0.0023542600941683987,0.7067359516822673,2.400216531407441,-2.0541678168232416,-1.4993554058613077
-0.011303988729002892,-0.005094451493508431,0.007953848340647636,0.002113500227979889,0.6889088047726758,2.2367478606185003,-2.162378275921734,-1.3492241773932168
-0.011324196785358212,-0.005088493822429781,0.007931718776853771,0.0021374481240047836,0.6872239062656983,2.248395254021531,-2.1414560467195183,-1.3655691322068686
-0.011441586114659123,-0.005119146268882631,0.00787265117734934,0.002324079673710979,0.7052215587855811,2.380574057410978,-2.0697919302897883,-1.4806412556117343
-0.011419856774823487,-0.005110737287875541,0.007881138355972088,0.0022875150359081974,0.7008891487389216,2.3534644842378913,-2.0815074745119126,-1.458514713722627
-0.011343185456173896,-0.005089397866591389,0.007918134627005939,0.002164689383737491,0.6884886590657461,2.2658059380375204,-2.12710820767534,-1.3829346915478753
-0.011401296201280416,-0.005106151028825089,0.007891078004488713,0.002258356017012592,0.6982988013141117,2.3330270515649087,-2.093392715883034,-1.4405315068309228
-0.011380316729056119,-0.005102360959491988,0.007903638440514199,0.002226409831577328,0.695942179880137,2.311317444972007,-2.107699786023403,-1.4206611016683683
-0.011360150711069553,-0.005093742337259815,0.007909830235371116,0.0021916667710449255,0.6911847538666748,2.2849634940586405,-2.1170492290710126,-1.3996250652287843
-0.010908463750759122,-0.004980269494852828,0.00807423249453419,0.0014602433060365223,0.5943285391965607,1.7556940603967919,-2.3225203105649075,-0.9435406215195247
-0.010927582141881609,-0.004976615553707398,0.008060009105278097,0.0014871212466939022,0.5958675272577986,1.7723144304712302,-2.308997594306159,-0.9619381581998878
-0.010945081094688483,-0.004976918389388237,0.008051010501435934,0.0015135132436739588,0.5987119226691623,1.7900905136807082,-2.2996325262023802,-0.9791754445453006
-0.010961785027646507,-0.004977194112519583,0.008042246391540053,0.0015386100013877323,0.6013576644086743,1.8069758928766533,-2.290523966436147,-0.9955811150396975
-0.01098887262971046,-0.004990834927291398,0.008042814100227334,0.0015865542295027426,0.6110890645195931,1.8444155800020645,-2.286900148229572,-1.0242095910491384
-0.010977153639856824,-0.004977587041201854,0.008034203229229618,0.001561697454335399,0.6037288324351578,1.8225097312027287,-2.282131564653763,-1.0106132820823956
-0.011008180747754927,-0.004989609041437828,0.008030396290590318,0.001614533208478761,0.6131585343942474,1.8625068210267066,-2.2745156369740407,-1.0427812599760224
-0.011025051493423617,-0.0049924423248497544,0.008023845762789958,0.001641125356864489,0.6167171442594747,1.8813073045137416,-2.2669078224593346,-1.0596190871698037
-0.01129278355943892,-0.005078008364935473,0.007943497892451927,0.002085335100246687,0.6806931617114874,2.2099510260744064,-2.1571448930721577,-1.3335469888432352
-0.011280628956660639,-0.00506180317046653,0.007934094758720889,0.0020561964807074575,0.6725197502012428,2.1828778435933436,-2.1527475673150946,-1.317259459512847
-0.01116930412553628,-0.005043627375985284,0.007991751963259614,0.0018843508302334203,0.6556049483789613,2.0637624086099424,-2.2179837745661874,-1.208816346547243
-0.011148475850499674,-0.005041040999125468,0.008002662735701091,0.0018523919299272256,0.6524330493194305,2.041761994587698,-2.2300488712041306,-1.1884414070613563
-0.011127215241909823,-0.005034490686844883,0.008009052585169927,0.0018171092724035554,0.6472879662776222,2.015686487220701,-2.2386689213048787,-1.166629183350187
-0.011212549273602348,-0.005040988899840458,0.007959177077934284,0.0019447369540127753,0.6582152916053426,2.1013865402085368,-2.1852497402220483,-1.2485611730184079
-0.011199205911482222,-0.005033529746712118,0.007959921044342927,0.0019205166565217549,0.6537450505893462,2.0821760699962586,-2.1883784800339074,-1.2341234263778549
-0.011181814163982423,-0.0050264639699531925,0.007963748902024585,0.0018908035827865822,0.6490450770032162,2.0596801997218397,-2.1945550615702842,-1.2160763907775143
-0.01122763002343232,-0.005039547146328565,0.007946996434090152,0.0019652087698224375,0.658742582068007,2.113744882486429,-2.1731753232160833,-1.262073872479913
-0.011247291087226129,-0.00504097289739345,0.007934677848132064,0.0019940716908732115,0.6608437020135415,2.1328028072628595,-2.160058458609383,-1.2804986289462257
-0.011269400326451918,-0.0050424760258711695,0.007920453250180691,0.0020262829525675894,0.6629969869656326,2.1539249800130764,-2.144948659194236,-1.3010475507145083
-0.01104205535666515,-0.004995128355053742,0.008016882313911546,0.0016677793706534945,0.6200873227608272,1.9000680227577311,-2.2589207454325124,-1.0765309873304327
-0.011059558853603957,-0.004997707147684506,0.008009323666284887,0.0016950464376220386,0.6233505916139171,1.919137817816466,-2.2503595647862444,-1.093844171001843
-0.011076320464375441,-0.005002457290602131,0.008004522121035392,0.0017224941188937696,0.6274772127042406,1.9392378893156021,-2.243959347519573,-1.1108580070583065
-0.011091817537143491,-0.005007450399557151,0.008000619383885127,0.0017482342991290718,0.6314617395994189,1.9583100839632472,-2.238411694480505,-1.1267044233538892
-0.011107288889360073,-0.005011879259948995,0.007995945108019006,0.0017735732282677609,0.6351338758968345,1.9768483714392993,-2.232230030945718,-1.142391989125793
-0.011120671879641896,-0.005017665747480833,0.00799401936317796,0.0017967314438691148,0.6391597059309542,1.9945863018100602,-2.2284500447957094,-1.1564160245301836
-0.010899548790086115,-0.004960219477256496,0.008055782863023742,0.0014364853093648078,0.5845717337347293,1.7321349240758679,-2.3097466391056707,-0.9322100841122277
-0.009542870148290339,0.004808867902461557,0.008051195373658638,7.0657044895043E-4,0.183353345439351,0.22375420237137797,2.4460558641755097,0.43557335409218906
-0.009565640402134637,0.0047837996437515625,0.008028502521837825,6.657490449890146E-4,0.18789111571067194,0.2419501423660655,2.4283438434679634,0.40782101629151324
-0.009511889422625085,0.004802121107708882,0.008035290645915655,7.517764258615773E-4,0.1741023864158665,0.18968634413930377,2.4374138777984835,0.4653551329835119
-0.009456774103628253,0.0048085592536195355,0.008026586891091612,8.368585986055875E-4,0.15913489500416123,0.13326260073063545,2.435700061485479,0.5219838016914083
-0.009482821849453416,0.004801041033795681,0.008025846871608044,7.953622599468842E-4,0.1658955796484406,0.1589752447637671,2.4331091529075795,0.4942832666620203
-0.009437793636383774,0.004791508416814739,0.00800143281840277,8.600333957710958E-4,0.15302646249759258,0.10993931559868633,2.419481300360567,0.5372828736423685
-0.009408903079021314,0.004789835286042538,0.007990208209864317,9.025366041296553E-4,0.1451967853014937,0.07948368080109713,2.413849067144031,0.5657536723895746
-0.009270376809269436,0.0047963602547326095,0.00794634967255607,0.0011090189642444304,0.10914135238178706,-0.06289786727428846,2.3934197011059175,0.7047612472695017
-0.009238769252225408,0.004806776038745242,0.007944820855847646,0.00115942948972329,0.10132459645401691,-0.09382675307097167,2.3947453998141435,0.7386386616998842
-0.00933444768190197,0.004795805582231183,0.007970720416131427,0.0010148618541058875,0.12570197930569416,0.00327724536246871,2.4058298864855545,0.6411477684942267
-0.009372522339669129,0.004788671278620847,0.007976493755136467,9.560717412387138E-4,0.13538419246869815,0.041459165308248426,2.406977183233774,0.6016789383706108
-0.00928488657872544,0.004764779015082238,0.007917061634404088,0.0010752517610252302,0.11234294557542833,-0.05296192253149595,2.3713582506319493,0.6824141327433083
-0.00931371697806386,0.0047661674468168665,0.00792982731532309,0.00103401631097875,0.11961254130302623,-0.023179795027598326,2.3782850179665598,0.6544467261626551
-0.008897201010893979,0.0047631158290223465,0.007721675673719467,0.0016130103028947629,0.027292252907314674,-0.4410597631623427,2.256542938638166,1.053281117529768
-0.008876820933439007,0.004713644067231142,0.007657461859338548,0.0016100319115040249,0.025726245622488885,-0.4622161639981544,2.2098166089132927,1.0537518091490352
-0.008981957646590053,0.004781390528010078,0.007790310160569476,0.00150956121019507,0.04314547733268002,-0.3568136971741256,2.301500754604529,0.980105695431898
-0.008941084747668008,0.004768002074306176,0.007752692025040157,0.001557303271172669,0.03535381919224359,-0.3980074342887219,2.276567519453662,1.0141167587555004
-0.00902260298562496,0.004759570565988712,0.007789000514593227,0.0014420765656221616,0.052005506217997544,-0.3182151394636082,2.297610771385149,0.9343707418311747
-0.009069033775432474,0.004754008380257151,0.007807236740784298,0.001375435842531353,0.06234239641166006,-0.27266795285531703,2.3076701221019658,0.888564214756704
-0.009122599590920917,0.004775318177739086,0.007857099166808778,0.0013114245866113193,0.07366914300625123,-0.21664503767720283,2.340190810058309,0.8434932674630173
-0.009103937979912715,0.004756266138804235,0.007827186765055226,0.0013282262177015396,0.06981093668727455,-0.2375305279480985,2.319698130242442,0.8557995946627688
-0.009151747644099149,0.004781092223162527,0.00787734934929813,0.0012730059478866693,0.08027454650359946,-0.18648154035451736,2.3527540725163756,0.8169378143582476
-0.009176834013088902,0.004793618959940744,0.007902821086941483,0.0012430664063021678,0.08617269168302266,-0.15927106975532265,2.369299482258582,0.7959668472343288
-0.009207764648646623,0.004788216407571759,0.007910730176192869,0.0011962520363459999,0.09356882692713879,-0.12842659371741297,2.3726757948849984,0.7642045433315426
-0.007014191084219368,-0.005195101789940995,0.006203163072738748,-0.0038080209985795026,-0.051712592077514045,-1.8152129997470638,-1.1599747713734594,2.444225978889563
-0.007090530107925445,-0.005160672127953742,0.006279335638210315,-0.0037281923876879906,-0.05786890611323848,-1.7801990603015623,-1.2173316110787076,2.407201115267464
-0.007174210113452863,-0.005139766048650712,0.006370728171759357,-0.003658713106338148,-0.06454352628845793,-1.7469453054447859,-1.2847113369709282,2.3775528441347475
-0.006916753695593267,-0.005143125294194637,0.006053777076235168,-0.003785668917254147,-0.04220473348140547,-1.8073274043820768,-1.0626683554553553,2.403276535774467
-0.006758682743716024,-0.005189435901045735,0.005879362996266296,-0.0039031160835983495,-0.027523652387914033,-1.8500174645633964,-0.9418084491447478,2.4385209362814924
-0.006811031005848803,-0.005127944904354924,0.005916105011171861,-0.003808397806940436,-0.033264048551081116,-1.8143134355426527,-0.9733883245628604,2.390091488973761
-0.0066700552970498286,-0.0052135518994501405,0.005779125504046356,-0.003961833578468109,-0.019303580145989086,-1.86779566203181,-0.8739123329530238,2.4507383892007435
-0.006567264968255271,-0.005216842777250725,0.005652511784665012,-0.003995029488949017,-0.010249353884663035,-1.8719850755271643,-0.7955574419238708,2.440656513434575
-0.006452442064496803,-0.00534014812632016,0.005552230801399947,-0.004177011843456371,0.004912120419552587,-1.9297916292572361,-0.7148350635785774,2.5171814419829626
-0.00650690789722696,-0.005273623545224365,0.005598052713595237,-0.004080976644806017,-0.0026990574694716126,-1.899056952840313,-0.7536953974365536,2.4752780030254695
-0.006137210033135054,-0.005452939997294577,0.005184805726691263,-0.004365138618687313,0.03841823870542477,-1.948102293578123,-0.4874686924304304,2.5116145886642443
-0.0055938824980338465,-0.005676085308801567,0.004545898904819619,-0.004639251767566668,0.0897654292418996,-1.9107255441067126,-0.14624482087637583,2.4252816966813238
-0.005659053966253907,-0.005614805929635899,0.004620291278571115,-0.004570142337124236,0.08180512843001275,-1.9076544736777385,-0.19111443552011378,2.421746700614025
-0.005481736541671892,-0.005660549548648534,0.0044126663976377075,-0.0046116022644027066,0.09297577730586004,-1.8736527340386775,-0.10231204324544073,2.364660673760629
-0.005341098897537417,-0.00565346673028762,0.004250571188195464,-0.0045896643060604194,0.09687997007809067,-1.8319853990798094,-0.05052557704025762,2.2986099758459866
-0.0056818072674378085,-0.005539464785129885,0.004641549154453593,-0.0044812426835152954,0.07339713617160527,-1.8867747899483447,-0.21890001230200742,2.389535132144515
-0.005767101080488772,-0.005497779169678595,0.004738846591714616,-0.00443341185576492,0.0663364342944003,-1.891955668895642,-0.26851240604481125,2.400789399830636
-0.006022581761441963,-0.005462543239654184,0.005043966106746473,-0.0043850953240663695,0.048093471165081496,-1.9321731848922175,-0.4146288063868086,2.4775863670166594
-0.005894489356534012,-0.005476300562530579,0.00488935188275079,-0.004406797582342547,0.057172016131297944,-1.9120395097692764,-0.3388761821558251,2.4380157462268914
-0.006354272174457285,-0.005332598293835382,0.00542589095765663,-0.004185992304986102,0.013720133243554472,-1.9192891842257611,-0.6424293369314203,2.487713599088121
-0.006270962457646319,-0.005362135713817205,0.005330123266985955,-0.004236038343978562,0.021443253650314294,-1.9248441344213822,-0.5840192651443633,2.487499587514932
-0.00617803287158073,-0.005340256710527956,0.005209355951454691,-0.004221098013987779,0.028496824159353645,-1.9038039214048317,-0.5236294338911726,2.4448051761728347
-0.008673234804304566,-0.004813790348572248,0.007627673863752215,-0.0019363358172674531,-0.014003168248334646,-0.6539808725987704,-2.2011057306864092,1.276772565233182
-0.008632316183639974,-0.004821935570002747,0.007606403645361708,-0.0019935663819063854,-0.020557790983288488,-0.6923655170249862,-2.1876491817826857,1.316525627875077
-0.008490751509692964,-0.004841176888087142,0.007516968704750022,-0.0021810221537586186,-0.04031946085307735,-0.8223562046969207,-2.1281377477254875,1.4473356409037583
-0.008457778483613839,-0.004815854836557835,0.007464995593871387,-0.0021993678342396954,-0.04182437524914894,-0.8491220036225219,-2.0900518747819237,1.4619703560922548
-0.008414948469758068,-0.004817866709846003,0.007431830563174815,-0.0022504667940041628,-0.046495154031228135,-0.8862655579031545,-2.0670079594062774,1.4976040489989852
-0.008539375779385358,-0.004828327571328345,0.007542470331617279,-0.0021125204545734445,-0.033633641359564266,-0.7778159303081782,-2.1447488891643545,1.3999866297212553
-0.00858162473645855,-0.0048008452704819855,0.007546989857918196,-0.002040235993705485,-0.02594228808657713,-0.737837781203403,-2.145522294186124,1.3508673665325983
-0.007531184930883817,-0.005078184800442749,0.006760766418533108,-0.003356977312531664,-0.08652024888790653,-1.5761214933492005,-1.576384577582772,2.2262508699237924
-0.007566392458682622,-0.0050319004938626745,0.006766765916001651,-0.0032769782929085198,-0.08511025883689173,-1.5392345504527547,-1.582299250454341,2.173931305907186
-0.007428877952517948,-0.005109299518332499,0.006661803527741958,-0.003466332671308582,-0.08254470880764332,-1.6381003079534293,-1.5007660984904598,2.289206527314746
-0.007471714707761157,-0.0050650959474422925,0.006680923124611832,-0.0033840778317183666,-0.08257458634157165,-1.599217193972837,-1.516934212997606,2.2370317199684293
-0.007363067699064765,-0.005087682198723915,0.006567373048569083,-0.0034837131161263575,-0.07672134421373994,-1.6561991351023269,-1.4317235605841703,2.2903261327805837
-0.0072005487051027784,-0.005059436646667116,0.006353528295345245,-0.003546415689566383,-0.06359653513451623,-1.7005987481564429,-1.278476792262256,2.304069618962945
-0.0072969869920416555,-0.005072581816737901,0.0064777890152457685,-0.0035065786780602896,-0.07166797169153331,-1.674469575419484,-1.3672788243011096,2.2946279663968365
-0.008077034969481534,-0.004950450766243936,0.00724982756365758,-0.002737952073147651,-0.08199907952268014,-1.1845184056365008,-1.9426519828129047,1.8300938902814174
-0.008118680381014027,-0.004924292532191573,0.007266482477513158,-0.0026695430910635425,-0.0779100834400359,-1.1465998456001174,-1.9538457329099794,1.7840568586980659
-0.008022721945351514,-0.004933585371041931,0.0071799830562660856,-0.0027753276878232963,-0.08201446192598748,-1.2211010583053084,-1.8905007948326615,1.8555669745721703
-0.007961677428382455,-0.004925682861218892,0.007110996550845933,-0.0028260811511700156,-0.082729229040557,-1.2625476334191668,-1.8392629650679508,1.8890573025334916
-0.007910766623742755,-0.004935728656317596,0.007067236691586029,-0.0028839370639336635,-0.08401358701096111,-1.3002995337423182,-1.8069981035382647,1.92693288601595
-0.007673631118225409,-0.005005790501481195,0.006868563224215388,-0.0031642257254590645,-0.08737566338759827,-1.4714572053615702,-1.6588706192810037,2.106222794304642
-0.007722033103311116,-0.004966576136416212,0.006891000213865724,-0.0030813093911589416,-0.08531375127331449,-1.4294078396837022,-1.675938162378565,2.0526512601551183
-0.007770419456449684,-0.0049479658702423724,0.006928614752387518,-0.003020751901602376,-0.08471234832304461,-1.3941862713974218,-1.7039574581631183,2.0141793689035086
-0.007860542749316803,-0.004917822270602718,0.00699954585627752,-0.002910640940420846,-0.08255053616816803,-1.3281328576251534,-1.756442287373195,1.943428388174423
-0.007800486341221053,-0.004905554299424483,0.006926192577923303,-0.002949923004059971,-0.08148866991432385,-1.3617852664853396,-1.7022637788853678,1.967339038766329
-0.007601886167146553,-0.0049748981053081434,0.006763958237726153,-0.003185447628777062,-0.0820472880016695,-1.498541584123084,-1.5814152423647505,2.1136860852525943
-0.008167040358810669,-0.004904042376726161,0.007293968139281274,-0.0025997376026537437,-0.0736037977848064,-1.104547374416074,-1.9730515127173087,1.7367295967455563
-0.00820249369702081,-0.004869976992941428,0.007295203462375034,-0.0025304062009060854,-0.0681989827640263,-1.0697486107300023,-1.972490605545347,1.6901435345100595
-0.008322840334921982,-0.004842265137643621,0.007377118340695327,-0.002375064287250685,-0.05711638753030562,-0.9672774009932138,-2.0297520015548636,1.5833785051988392
-0.00836715632469074,-0.0048272343750533735,0.007400799438892496,-0.00231258488987208,-0.051991852954015226,-0.9280462821968073,-2.045671015651797,1.5405604066779999
-0.008237545898744493,-0.004843881606657181,0.0073027685869112196,-0.0024692917038916357,-0.06328014881577583,-1.0370754309653114,-1.9766135321484215,1.6489729262329063
-0.008273049784428908,-0.004816752557142446,0.0073090335594301,-0.0024069997829081063,-0.05844875254720832,-1.0039589849274304,-1.9797457199162969,1.6070356322507784
-0.008123934335475595,-0.004878680373984038,0.0072293352786074894,-0.00262018944067274,-0.07301433916575971,-1.1324367486330396,-1.9249143510656417,1.7511894852803782
-0.008742758155062173,-0.004817616596962286,0.0076803342127532434,-0.001850236126599694,-0.003391940115946296,-0.5883429144931637,-2.2363062692360605,1.215936120565457
-0.008785476661476655,-0.004810316156368183,0.0077013408927265395,-0.001789818166102925,0.00434283579037511,-0.5475364529615833,-2.2491935622698396,1.1740796509614302
-0.008886952857832208,-0.004761511076381678,0.007713820249235879,-0.001625595341768775,0.025372747544294878,-0.4509610307602669,-2.2513984366779947,1.0620660315659505
-0.00882353724701239,-0.004786262346084858,0.007700616742445032,-0.0017244021978507025,0.012520091870835437,-0.5113967481779088,-2.2459460488425944,1.1297746756565783
-0.008851327599558062,-0.004763709366749106,0.007694318310681053,-0.0016737932754391123,0.018677643987099767,-0.48526119035385495,-2.2392555643952297,1.0957175027147024
-0.008700890813380897,-0.004782762358137551,0.007615046079243903,-0.001879588106374687,-0.007346882127658919,-0.6275583608309979,-2.18966404028083,1.2389147466622588
-0.008774838885790398,0.004700526041058962,0.007580345272163168,0.0017316021381418092,0.009085383258462353,-0.5578518360549501,2.15847257093635,1.1398566664956957
-0.008832346998347536,0.0047089539954812895,0.007625426292608358,0.0016643138892509797,0.018201665657843067,-0.5043105980663021,2.188729076446153,1.0920944254279463
-0.0038176761404310187,0.006295570756622479,0.0026172154122044394,0.0049272637309098555,0.11684400835432636,-1.4781058548552988,-0.38089478581890684,1.7905977089274663
-0.004227286470364516,0.006192517833133633,0.00301663189817711,0.004939214866549846,0.1277535573786812,-1.58727563043903,-0.33648670753229304,1.944272381822637
-0.0040320596315622315,0.006218801412568521,0.002827997460697867,0.0049138570315300925,0.12152842392887696,-1.5336899452544077,-0.3541179070738541,1.8675785377330067
-0.007031745025760117,0.005109427955383052,0.006177589096015641,0.003693370263460508,-0.05187203471862911,-1.7688049108127541,1.151164522134674,2.3685580640477837
-0.007644364499605915,0.004959508436929064,0.006799663986044977,0.0031356383440645547,-0.08245125101354661,-1.4703937108546503,1.6081928227809905,2.083652618846727
-0.007770158769635671,0.004918781643324222,0.006904686441769965,0.002989609498629371,-0.0821046715844128,-1.3844406781678205,1.6862239247460777,1.9926732388582684
-0.0077089796205791665,0.004936298276114695,0.006852638141845981,0.0030588472623934316,-0.08241277106802364,-1.4261442604316559,1.6476220143177691,2.0360686908897407
-0.007599151688468566,0.004912872269407454,0.006714452850670225,0.003118463900469577,-0.0779510114201147,-1.4761113904634888,1.5461641600083282,2.0670750278005854
-0.007079588182047956,0.005045208884049232,0.006199927990442002,0.0035924350812851767,-0.05438687759724285,-1.727055279630814,1.1721901085202149,2.3107190591522415
-0.007151428257321013,0.005023159361874932,0.006273092289487975,0.0035294674129050627,-0.05893399783203649,-1.6981367809449985,1.2246811602743575,2.2826384096122907
-0.00723463353611878,0.004980782376498354,0.006345781308571872,0.0034341554015135016,-0.06323465718579062,-1.6541142483236295,1.2785439184647664,2.233190400296228
-0.007536291020880695,0.004934045766024496,0.006660174431342067,0.0031878128050522353,-0.07654999838344544,-1.51510815415078,1.505859504308291,2.1083378052629804
-0.007458961353393402,0.004972628615854322,0.0066001928760804135,0.0032852996019280957,-0.07607398975956113,-1.5655846486343585,1.4610714079906924,2.1654453665846725
-0.00732042357898556,0.004982738751880575,0.00644700985384259,0.0033861441778211226,-0.06889350528185934,-1.6258562874955522,1.350321715552714,2.2151616861211054
-0.0073870882449042705,0.0050014127049689775,0.00653697749395555,0.003366187262928605,-0.07379378871713627,-1.6079558745292941,1.4140050308394663,2.210985097661904
-0.006907833319495005,0.005171598260733613,0.006057059697239877,0.0038247778871797517,-0.041493465764155295,-1.8229735170824528,1.06176672129415,2.427651102365186
-0.006951518945393454,0.005098239111016427,0.006073505251117898,0.003715798204078861,-0.04483992461149363,-1.779437876769583,1.0809099359923204,2.3648285793876087
-0.006819217722534865,0.005175740167576819,0.005948511603766907,0.0038644780407836583,-0.03327267807304506,-1.8369491224946983,0.9887340215249206,2.4298977795797296
-0.006713751923236516,0.005198234243815686,0.005827184431087317,0.003929010553888581,-0.023810227969024624,-1.857721165199527,0.906825843181682,2.4423094988933127
-0.0066030112369152945,0.005193367462433189,0.005687690956623651,0.0039562953373934485,-0.013494829182671078,-1.8603072698358767,0.8202495339910031,2.4269443030598166
-0.006500886069510101,0.005210125193307543,0.005567955938230391,0.0040034784184742244,-0.004291688719870151,-1.8685870543960659,0.7457908322850368,2.424880761675954
-0.006402610807483049,0.005234455948847483,0.005455361512603722,0.004055154538615199,0.00499291409343909,-1.8766863556090947,0.6767549394412766,2.425069205078731
-0.006304020996120122,0.005265183931361634,0.0053438875672303454,0.004111019657424251,0.014258450484281504,-1.883931839360345,0.609294972504327,2.4253678129224205
-0.004324417667154319,0.006030963416193285,0.0031419986658826997,0.004807476305491815,0.12116617067555498,-1.6030211490110737,-0.2782061629780936,1.962936769046075
-0.004478919321354156,0.005960439064600265,0.003305303539614133,0.004772555489065771,0.12090857604770545,-1.639584407989205,-0.2394379398951129,2.014801731268459
-0.004841161459340919,0.005895521881850239,0.003686182463513668,0.004779900681583148,0.12094555052128542,-1.7379566924326515,-0.1594939432136231,2.1572114605625146
-0.00466531044792954,0.005915128678310189,0.003500096845397267,0.0047656707633262655,0.12040731247043625,-1.688369532780719,-0.19860712290092838,2.084565391955912
-0.004932379686320352,0.005763049520580536,0.0037960946556559252,0.004655112672740892,0.11075781451731533,-1.740217119733003,-0.09968978320421469,2.1588352175895125
-0.005332553298850542,0.005649268073687546,0.004240886565506568,0.0045840134587407065,0.09606210298748391,-1.8284583825573544,0.04916536599833859,2.2925399616324373
-0.005205020934744494,0.0056865794553597,0.0040970993099822585,0.004611199401484577,0.10186228990196854,-1.8020785260702794,-0.0035299241569041032,2.2518563425607856
-0.005061991182391328,0.0057167156174052665,0.003938629456138132,0.004625088948305226,0.1069080094645971,-1.7677371930002928,-0.05354018512970835,2.200142243393793
-0.0062056037542602,0.005303138265893931,0.005233869422746662,0.004172093332053136,0.024386979924503786,-1.8909304059055574,0.5435156508605837,2.4270819898137486
-0.00545851409038235,0.005622474514982832,0.004384726971217189,0.004565234430667066,0.08972072800970703,-1.8555875577299317,0.10294738379952018,2.3362269104148496
-0.0053650804557937,0.005537354801201022,0.004276343128947048,0.004460853173282611,0.08587841115468942,-1.8059095280412343,0.0884837109144406,2.2576928916836945
-0.005696550298360057,0.005572019353986581,0.0046618928919268795,0.004520575623489154,0.07608519049261879,-1.9021814062567028,0.21875383792996486,2.4140386344241147
-0.005581866707944729,0.005590102321911136,0.00452707638973181,0.004536515090358221,0.08295515105970813,-1.878860437453682,0.16210212658462878,2.374110408995932
-0.005738459882707351,0.005486958268490539,0.004703664435423812,0.00442025753110018,0.06645335631061666,-1.881548606486367,0.2565527229622799,2.3834040950613553
-0.006059710551443367,0.005431130654519511,0.005083788697017306,0.00434406862065912,0.04324520339705767,-1.9254855944354394,0.4413602647024412,2.4692686600503446
-0.006116758344056363,0.005337353002727398,0.00513384784515964,0.004224215228811941,0.03237341126396959,-1.8941634608651186,0.4854248616317748,2.4246666283138225
-0.0058326494820987946,0.005460958268174548,0.004812678640827622,0.004389279050611538,0.05999218288576507,-1.8928918798475076,0.3085716700200129,2.4051452391451242
-0.005945564490198,0.005436411328696528,0.0049450865140269265,0.004356818878279577,0.05108533775787682,-1.9065010110189162,0.373403200087773,2.4320940157306796
-0.0035960923740758623,0.006146156678986892,0.0024599153048505164,0.00474415641101015,0.10385098192373998,-1.4235310482511883,-0.33839192344327124,1.7100506018416388
-0.0033813867775042026,0.006298336289922099,0.0022479192437290705,0.004819995658596744,0.09904746434878155,-1.3736063710435626,-0.37224831900349514,1.6431171247675969
-0.0028087517383406555,0.006467063930759676,0.0017668042853940969,0.004815511683285983,0.08079894600607918,-1.2498900198757081,-0.37366684824543484,1.4750913452568664
-0.0030679525956077975,0.006308628792434241,0.0019975910402786727,0.004755130387041257,0.08715344115733803,-1.3095797406158327,-0.35808887110795357,1.5522527376530117
-9.152841352862073E-4,0.007220228434338898,4.614287806447162E-4,0.004943110682501624,0.021717674081268033,-0.9238294905520475,-0.18525967797243467,1.0388992625700029
-0.001839492131266779,0.007289830509935588,9.408411441219066E-4,0.005126441954262932,0.039576905110371326,-0.9915473538926153,-0.3805887388017505,1.1377033198169515
-0.0014057206934760503,0.0071353054758603335,7.335306398997686E-4,0.0049614731228016275,0.03057223764751904,-0.9737181705462062,-0.27435685944453997,1.10586523827801
-0.002255170253959231,0.006884815739570732,0.001287304011632401,0.0049757901924930995,0.059066861283052316,-1.1138933589124547,-0.38762145888251315,1.2945358868519132
-0.0025182610776955626,0.0064750105189895334,0.0015573203094533796,0.004758201466887677,0.07028204896150168,-1.202029006282977,-0.34490607594687556,1.4054655390456192
-6.336249400306177E-4,0.00655185985821158,3.642687590493483E-4,0.00455451937771995,0.03255378369652572,-1.0160784038766553,-0.09792661540269834,1.150345008370974
-1.648264413849469E-4,0.0061079188685837895,1.0081753380059614E-4,0.004274962131554428,0.036974649445111286,-1.0597055941903326,-0.020773081118212616,1.2036849868302653
0.001105810619880912,0.004987543461322408,-7.516825501832296E-4,0.0035744022598815004,0.05082896523421642,-1.170639349854411,0.07150302207431768,1.3473441562315687
6.883575042600601E-4,0.005290207479944481,-4.567501602709182E-4,0.0037635881405775977,0.047626236748232624,-1.1385514290590806,0.054740232919341804,1.3058844490310622
2.492201993944374E-4,0.0056798097660649355,-1.595391055710687E-4,0.004007807065012339,0.04279130541962037,-1.101258881590615,0.02485519770572214,1.2573905998822272
0.0014876077410304947,0.00456237744428144,-0.0010369962338737824,0.0032933342235764366,0.053501588435241075,-1.2025974226090455,0.06798745750052192,1.3896792976528516
0.001931600248930739,0.004290559694538809,-0.001367599826113215,0.0031169294494542057,0.055334371186610214,-1.228736388188863,0.06459527757254256,1.424125569991232
-0.008533550022535122,0.0047672639081200825,0.007476682365934962,0.002072203935808793,-0.028860751011839412,-0.7784236933110044,2.09461748528027,1.3756369150798833
-0.008705569399479201,0.004718960140451744,0.007553044618248643,0.0018297576915101302,-0.002469752936836029,-0.6218081998937016,2.142169065076464,1.2079612516986202
-0.008655725017787328,0.004698574213058943,0.007498160729611078,0.0018763103193538677,-0.008444158591566962,-0.6656545941909839,2.1036068467355555,1.2416298573207194
-0.008614795528160685,0.004707737065359207,0.007478188858594304,0.001931743785788977,-0.014520277605108713,-0.7024327474752868,2.0908095683677472,1.2800656450416277
-0.008560069805231947,0.004709671231496475,0.007440024915750339,0.001997578337858691,-0.021502006566242546,-0.7505516939112421,2.0648388772359776,1.3264123706688065
-0.008729600758589133,0.004662451241820344,0.007512441580009628,0.001762447369296161,0.004878979742412683,-0.5982358285199919,2.1097870001328434,1.1636074460703234
-0.00834419583816608,0.004797117651379383,0.00735223215787667,0.0023125194981382974,-0.050853148764473055,-0.9430088881410937,2.009530596007401,1.5421979722409596
-0.00847715980276703,0.0047670079666913695,0.00743247213876596,0.0021377277204281922,-0.035715764313425706,-0.8273584855042889,2.0639458327309366,1.421618591306766
-0.008430191459224412,0.004781752603235361,0.007409121985656903,0.002203395796482836,-0.04115693944697264,-0.8690229690144025,2.0486678864833845,1.4667533311382646
-0.00838856990020505,0.004770499202767584,0.007364096428940692,0.0022409513423168903,-0.04499679058836046,-0.9026424235880937,2.0162466161761228,1.4937710457929194
-0.008292718492920575,0.004766789484767432,0.00727952903720011,0.0023423137136517995,-0.05229570651048817,-0.9796759576129688,1.9559984243259974,1.5639178794780844
-0.008109246382942503,0.004837465092571994,0.007177918189046842,0.002595733003756807,-0.06978790313365545,-1.134283151220181,1.8859185412554496,1.7354217511239958
-0.008049991146499675,0.004825271360140097,0.007110521538054262,0.0026421879418958394,-0.07095338871490908,-1.1742629792621424,1.8363499627285307,1.7667413390266515
-0.00799820673047566,0.0048087165692941485,0.0070461583752322934,0.00267522547848007,-0.07120089768958869,-1.2057765177313824,1.7889939129925039,1.7883681582129722
-0.007941871694660721,0.004829195823630213,0.007008091527113894,0.002747130996837293,-0.0738328731934524,-1.2491288524107393,1.7615715551183766,1.835656358855239
-0.007864826934057679,0.004829104833098603,0.006930606011134888,0.0028154370171687673,-0.07508397384777456,-1.2981018991577065,1.7051475460193497,1.879030600969929
-0.007794050354883206,0.004842022882043288,0.0068684415543322575,0.0028888641340985045,-0.07619269087836468,-1.3447988566606366,1.659777927434383,1.9253003176100194
-0.008142860441963967,0.004780868372172635,0.007158692946327081,0.0025094056261289435,-0.06307855194592311,-1.096879323798402,1.8699894048022865,1.6779849889246388
-0.008234871120809109,0.004740873104553202,0.0072054395547563295,0.002380301050144858,-0.05442825508887036,-1.0199253697514072,1.9019844849340017,1.5911034985272954
-0.008177851290111312,0.004728122047189201,0.007143642920172186,0.002426768310825013,-0.05674700201832914,-1.0598443574280794,1.8572007325916131,1.6229933665390266
-0.01155731537694829,-0.0051507595945195234,0.007807729651026865,0.002506110127633979,0.7196802967142714,2.5073299427581914,-1.99113433730391,-1.591329621265266
-0.011583547091125542,-0.0051633680913616715,0.007797906787305661,0.002551866294788183,0.7249606382395104,2.5419316527906743,-1.976168030384409,-1.6185389895998126
-0.011573139910791092,-0.00515180195371013,0.007794576312225477,0.0025277480554879352,0.719730270788029,2.5201660000938677,-1.9771964174231094,-1.604549237917686
-0.012435266953933679,0.01491673952534973,-0.0066402226568739176,-0.0032850808711066813,0.15151942843245092,-1.5388829529766779,2.0108084076308503,2.3959570063103977
-0.012386928840816314,0.01495564750919113,-0.0066552461473799885,-0.003201481219863471,0.14861345187477606,-1.489850323717749,2.0406571030619207,2.337473237813253
-0.012489461304554462,0.014906965027358205,-0.006583601713003568,-0.0033360009121479258,0.14941863915668052,-1.5730283834557321,1.9597116299111725,2.4209590460764656
-0.012573519993469303,0.014850107418786871,-0.006538183754134569,-0.003465361887863965,0.1522322806401435,-1.64839601651843,1.8963946290044527,2.504952028676182
-0.012554405704943953,0.014911546384673575,-0.006497317225271671,-0.0033746270952421625,0.1457951184601316,-1.6017313198103145,1.8916449559725137,2.429706678285408
-0.012637874161726204,0.014808919729767105,-0.006497266746752465,-0.0035602203375878255,0.1539724920655741,-1.7029280128733346,1.843977335146315,2.5637839502679154
-0.012773558655203562,0.014761418818706809,-0.0063636709278419,-0.003702939322358815,0.15239182416583552,-1.7857394152112038,1.7138798035404224,2.632391329298105
-0.012713194193628888,0.014794393668819029,-0.006412371430711092,-0.003624760533113954,0.15126278095218845,-1.7424883722650868,1.7685226814938437,2.589297409492334
-0.0122951698230947,0.015041553608267998,-0.006663666295490172,-0.0030290484779626832,0.1434590450395334,-1.3896151064141977,2.0851564525087896,2.2125099088431877
-0.012270442811813694,0.015107438729297993,-0.00661378896889469,-0.002934756981835688,0.13739608782691695,-1.3408235308630034,2.072068538289684,2.1341841340580867
-0.012359418246219542,0.015033455826431882,-0.006598566944791142,-0.003088132200436262,0.14148906669113082,-1.431258941791645,2.0281680476792228,2.2432245564011164
-0.012245165670025177,0.015177207803786522,-0.006558994505549788,-0.002838252460141636,0.13122019320414946,-1.2910825352333803,2.056263574125025,2.0540925994032624
-0.011918488484286846,0.0153403781682925,-0.006684535801154989,-0.0023953141151450714,0.12754249392934833,-1.005555619967872,2.222434554697855,1.7486390919435977
-0.011999350981572192,0.015327896275919852,-0.006624366335991941,-0.0024793949084932335,0.1258617115567603,-1.0670286685533332,2.1689913495507613,1.8022483313478832
-0.012086546769004185,0.015313255679963111,-0.006558171519725529,-0.002568563112850535,0.12388369211817472,-1.131049433979095,2.1098836461782953,1.857780194007336
-0.012215326291590844,0.015243083243476185,-0.0065126225740138105,-0.002744925257906922,0.12579727839842922,-1.242097136892735,2.04563002062956,1.9785530068694792
-0.012164348069049263,0.015316194864965877,-0.006477682571032781,-0.002629690295073306,0.12049322717827664,-1.1783160312718903,2.0464273843747978,1.8896312051877289
-0.011740604623552668,0.015484654968971662,-0.006650733497344443,-0.0021040955359245116,0.11950362448337659,-0.8277304776871963,2.2472911436059646,1.528464335066141
-0.011890886691324213,0.01541960441791685,-0.006607412079100031,-0.0022984547638444136,0.12119722598241527,-0.9580236995584,2.1895863642899407,1.6673099180423636
-0.011850704454743448,0.015497185226970656,-0.00654274048753422,-0.002195155055940668,0.1143680879293771,-0.9038174074525568,2.1665309273661753,1.5829002513539379
-0.011680115431333231,0.015614728176789858,-0.0065268557387098,-0.0019454091360165686,0.10973418754886646,-0.7480807527965635,2.1938446200289836,1.3978926118793784
0.006118046987922801,0.02259310572792125,0.0011096056309946604,1.6771055835167412E-4,0.17957505503093912,0.2687585731212909,-0.4028180261130738,-0.243756927677293
0.005410561987011233,0.021802800200291732,0.001307408773357988,3.286412107683025E-4,0.16693354641121863,0.387878053907835,-0.3706729506835133,-0.3577245871664601
0.004444577425227965,0.02086313252741205,0.0013958425048377478,6.070895668852357E-4,0.14632181757499582,0.549485587837398,-0.31738303846625443,-0.5074300584152694
0.004781756185124997,0.021528068181661465,0.0012683514823950055,4.172074026781665E-4,0.17116531263804396,0.4481885088521061,-0.33137676415647566,-0.41521342253074944
0.0034140866852604497,0.019971085190404764,0.0013019735534367971,9.539282589341183E-4,0.11994204612279769,0.7061988541155038,-0.24524548319546735,-0.6483553596492556
0.0037705552110447265,0.020812367561495126,0.001211065102916872,6.544013471101133E-4,0.1564888621116374,0.5773963907408571,-0.2654934629613175,-0.535146226403033
0.0026954320651922216,0.01980460258136542,0.0010639045273211946,0.001046742014930652,0.12020871999701188,0.741072437157097,-0.1882473859735083,-0.6808491367769496
-4.641877647145747E-4,0.015862302541573284,-2.79683903265195E-4,0.0031125221222073982,-0.03952657810425616,1.164103059921023,-4.1877384559507826E-5,-1.0302141634171855
-0.0011801374182972405,0.015773753020835286,-7.176575602156178E-4,0.0031746618902825153,-0.04653642886267765,1.1902565215797607,-0.0018762025167704014,-1.0507455397197718
-0.0016794530014499123,0.01620303654238586,-0.0010077603773295675,0.002916362271643013,-0.03326257064555355,1.1888332095354555,0.03154491682983051,-1.0493614111320957
7.771968857660544E-4,0.016566708281703275,4.5185055737297693E-4,0.0026948537015391125,-0.014372325993136979,1.1274336491883596,-0.02060299082969033,-1.0012735455471395
0.0011986785810125379,0.017134446665905405,6.685035904882699E-4,0.0023684858260634082,0.007671704268330179,1.0844132379663227,-0.05123419620218914,-0.9662949561396532
9.130760549169073E-6,0.01663390903511699,5.300991801431065E-6,0.0026552876447027214,-0.010054697190614475,1.1146849031136414,-7.975398799388516E-5,-0.990823157032387
0.0024262658884947035,0.01892481602377074,0.0011020368917555182,0.0014271110543691823,0.07979082938620664,0.8691608340617004,-0.16471009702375303,-0.789501897815584
0.001979697881309449,0.0180932281235879,0.001003110513798427,0.0018416376357353736,0.04458683455909334,0.9829520444416316,-0.12076827293914653,-0.884005570112139
0.001269801040448433,0.017856077817101877,6.594012520897255E-4,0.0019765681767784887,0.037985671990684484,1.0038991556236814,-0.0699509609237356,-0.9018027091534034
-0.0026916848501120916,0.016012132678546075,-0.001665595158360258,0.0030467255369283157,-0.0509169005867623,1.2823504617812247,0.056776260289619816,-1.1214710368816945
-0.00322440132298352,0.016113364368323634,-0.0020096491496039985,0.002979555561949763,-0.052376259851290075,1.3227009478748988,0.10281955213704914,-1.1514566580078027
-0.003762569982412139,0.016145962679145802,-0.0023756367143194473,0.0029479041167486063,-0.05584183239876785,1.3774901212756403,0.1568384672816817,-1.1914610810018518
-0.002234929036784836,0.01647449881884502,-0.0013289062444484818,0.0027510502134411832,-0.027238879523377724,1.195293714906333,0.07197353958637825,-1.0537503134159243
-0.00402152849898275,0.016575569416922904,-0.0024603225996688584,0.0026415228137828435,-0.03832090792670822,1.3170690552273905,0.23409165274134974,-1.1425143347598377
-0.004465880094551163,0.016810406532360746,-0.0026920987555771286,0.0024513588231378706,-0.02951347529038385,1.2997536034758008,0.31561460082229115,-1.1248730450611475
-0.004939985038479755,0.016857630760628236,-0.0029894122683355347,0.0023675045888699197,-0.028515009018348723,1.318013342671489,0.39822352033650343,-1.133085581568716
-0.005396007183914537,0.016821194480702416,-0.0033088560931102025,0.0023233900103059694,-0.028772463252792823,1.355026497176045,0.4871112208737705,-1.1537142221218153
-0.005745812112112172,0.016730448971102787,-0.003589543769343012,0.0023190100580276272,-0.029807778987259965,1.403967579375603,0.5648595869522411,-1.182078111506798
-0.006066370346236698,0.01685863696948549,-0.0037417648534651786,0.002157996109693233,-0.021575143056839528,1.3651953222501232,0.6489989252666128,-1.1439870975326951
-0.006415593440652242,0.016868323029327625,-0.003967630406365671,0.002055881082235676,-0.016342403194548452,1.3615038316609105,0.7455765213031657,-1.1281269967956329
-0.007604265187907092,0.016645934879138815,-0.004896782004460475,0.0017197732701755466,0.00923213167876664,1.3771651268954574,1.1725381136111344,-1.0602005103893957
-0.0067828085859516106,0.016871704183596896,-0.004203834673445727,0.0019341010064714474,-0.009875316795658054,1.3490656809363306,0.8562268898023975,-1.1016048111975734
-0.007136508648584514,0.016861391286214385,-0.004433378468947656,0.001804938638732781,-0.003394173005535683,1.3266187390938793,0.9716877094627513,-1.064579370452245
-0.0074326742403077175,0.016810128828315823,-0.004653468371376475,0.0017054585884609785,0.005329217570732405,1.317130055843804,1.080928827328387,-1.0342296367439292
-0.008172593399605828,0.016499412580994206,-0.005369274244055193,0.0014692563051459202,0.02927442185833087,1.3352101851892157,1.4362012589943636,-0.9618793801202167
-0.007947217851268243,0.016657434903376022,-0.005087304192690219,0.0015222651536244576,0.019729662631657072,1.3023205322286755,1.3019675448535988,-0.9724352368000584
-0.008402946746395839,0.016539809124838867,-0.005447362576231137,0.0012905002816809652,0.035903657840175816,1.2402183109786191,1.5139353262340534,-0.8654452367640196
0.005523778694173317,0.02377816073493484,5.461101232936476E-4,4.977574272200819E-5,0.2649729612936938,0.16172655378580378,-0.3780665378089522,-0.1438072899151123
0.0049608666433256406,0.025,0,0,0.3741698189666713,0.018283635858240405,-0.3911230247667861,-0.0020885405149782435
-0.010618003655808199,0.016211963109392925,-0.00623702919984888,-6.212197092203074E-4,0.08256104522669194,0.08837784585264603,2.126506395280317,0.41034225795158774
-0.010391595642036438,0.016198421815923562,-0.006298421669702988,-4.0190880134889694E-4,0.08471427370601557,0.2577484512141568,2.155600219948955,0.2515291512764057
-0.01051287201762248,0.016295145392024108,-0.006148092295893943,-5.033129540895389E-4,0.07599656278406004,0.15256931632142415,2.0788385395955378,0.3220238752645099
-0.010201905420901334,0.016298291856713415,-0.006183032235490058,-2.054994563380947E-4,0.07792230239178001,0.3713151904768352,2.086718514333811,0.10837847476263374
-0.008631804002726094,0.016549287094597784,-0.005543533264794989,0.001120826345134815,0.04154975255445014,1.1519974368030974,1.5954928541015863,-0.770011048534795
-0.009033927195023984,0.0164103619984895,-0.005864068058954158,8.55971998214428E-4,0.05916539450869809,1.047450240416808,1.7985358345511522,-0.6145750770915536
-0.008864940512968508,0.016510835704971187,-0.005682622232396516,9.576935860301784E-4,0.050059827796634516,1.0751770028346834,1.6929872567328206,-0.6761631945244101
-0.009213846647268464,0.016464343604029274,-0.00585426171612802,6.858508431849907E-4,0.05957355754209797,0.9284331668896958,1.8239778265477502,-0.5055629239128602
-0.009409058922951057,0.016474689072922495,-0.00589005818237106,5.147098732036529E-4,0.06092099737935314,0.8168347053662212,1.8674327594209787,-0.39318882800233496
-0.010024210826415539,0.01644985563441484,-0.005989499410159278,-3.410276564015944E-5,0.06760489007331831,0.45102541867510715,1.9771982131595194,-0.01616770381731292
-0.009806232218703165,0.016483232452644474,-0.005937983841922523,1.6152329281510455E-4,0.06522266061484099,0.5780415050800026,1.9347258295314613,-0.15175508375135402
-0.009603586634453034,0.016486594362103684,-0.005910509469350725,3.4167634242478613E-4,0.06310963487893129,0.6988033846141715,1.9009960882418502,-0.27524940014245186
-0.011258558675760515,0.01581096943795648,-0.006537500425711566,-0.0014101148665982457,0.10393943293056263,-0.3933626822883039,2.259796356020414,1.0042521601881704
-0.011186581596314577,0.01590859115990558,-0.006441875688264606,-0.0012881766547807353,0.09648721401628524,-0.3303355503656986,2.2142779045739918,0.9073380840795618
-0.011386048394498532,0.015784908406028295,-0.006499714236919425,-0.001550396580250319,0.10134578058681758,-0.494566288621825,2.224700849982671,1.1041980298307335
-0.011496347084176628,0.015740804342714187,-0.006489437240216155,-0.0016842417495719977,0.10364198725969245,-0.5853100261406325,2.204104243105804,1.2024813183522944
-0.011618600497866982,0.015750229100586058,-0.006395179311432258,-0.0017914253848128772,0.0986890757207405,-0.6720318290603958,2.1351915793129463,1.2730425165486932
-0.010974300992391793,0.015996151082137543,-0.006418011716031174,-0.0010389886576448791,0.09335285531007477,-0.16451972400981055,2.2148327991924432,0.7229171102191794
-0.011106581827017903,0.01598152747831048,-0.006381461634753569,-0.0011753688919164257,0.09211138072314086,-0.2652212765356405,2.18702807639994,0.8202225017349057
-0.01088395913103827,0.016107469475221153,-0.006300583652629455,-9.091717959420958E-4,0.08641761164310768,-0.09899893372046159,2.155635615263194,0.6214138718935956
-0.010749975404815957,0.01620400202211154,-0.006213895632930484,-7.496418037917026E-4,0.07986146347988121,-0.005702365869797241,2.1129716261613845,0.501905422247877
-0.013418446289932212,0.014111075566861746,-0.00588195383063534,-0.0048900252807577635,0.1959389214599048,-2.335668977117432,1.0029284479329943,3.3021607607012413
-0.013457915000676125,0.014099487390756511,-0.005824022782357601,-0.004911590704181317,0.19451871596992387,-2.3387241941912467,0.9544482057935345,3.2936866735043187
-0.013365861352883552,0.01414977245335313,-0.005946442389464855,-0.004822079330281601,0.1940979444117201,-2.3122982764400866,1.0723973705208076,3.2805825694214295
-0.013403675410674137,0.01414344909823822,-0.005889091118284244,-0.004836513642981178,0.19213449785977396,-2.3132574277064797,1.0268614038575195,3.268214675180693
-0.013355884120441336,0.014193961621038156,-0.0059379012309115076,-0.0047500849326952135,0.1890215061646536,-2.2798721715856463,1.0911954756284292,3.2274842264354824
-0.01306793414262529,0.014418076672108392,-0.006237440116704453,-0.00432940339795291,0.17807795889027986,-2.1014484246962613,1.4415326341129007,3.0396231661436937
-0.013056203881225937,0.014469029020541962,-0.006215771650468597,-0.004248434323250699,0.171936164695724,-2.062003871822483,1.4515281631985462,2.9754446219222324
-0.013119066146158263,0.014396342852105365,-0.006175901974593148,-0.004379632645449941,0.1776350412384238,-2.123937628875072,1.3821021531053879,3.054740078623738
-0.013238072767422233,0.01428466615339997,-0.00606897876921544,-0.00458500609127864,0.1846907740525854,-2.215058286619658,1.239811977627536,3.161523760803837
-0.013282546928330488,0.014266833910589385,-0.006010595723238059,-0.004622502817342159,0.18403105101320802,-2.228453016633736,1.1860312142723728,3.1664153369093886
-0.013330516046609238,0.0142431966127878,-0.00594965166371319,-0.004668415417438552,0.18404493247954454,-2.244644473347956,1.1275249778736802,3.1755895149884243
-0.013168407454403884,0.014361791442218923,-0.006125132621967988,-0.004447408770355627,0.1791979918216207,-2.154133494770545,1.3245688058988971,3.0850630500833747
-0.01322774935429296,0.014341241105319062,-0.006047929538100253,-0.0044947527721617,0.17800844360742105,-2.172507401339764,1.2546840483432422,3.091338088972419
-0.012934923951018024,0.014567775324793591,-0.00631343591376151,-0.004053857840225787,0.16673118187296596,-1.9664379636136708,1.578974119655455,2.8677184721059796
-0.012924845916816648,0.014621106196116588,-0.006281980456331112,-0.003972890422441737,0.1609932599620925,-1.9263245886868028,1.5805289422151512,2.801383884175824
-0.012982196289421639,0.014553273226601538,-0.006257114224232808,-0.0040953241931180814,0.16563181729890017,-1.9873962392844506,1.527098415519626,2.88027263194353
-0.013011397954152832,0.01452369112108521,-0.006238686324859879,-0.004150453307951151,0.16827078335200527,-2.0144739565220138,1.4975492161050308,2.913567622054707
-0.013049137300458551,0.014516458284997322,-0.0061891311338439815,-0.004175632786579868,0.16648727084135687,-2.026395951187819,1.4550388996218995,2.9160683321853313
-0.01308347016789164,0.014502543947620267,-0.006149530170863747,-0.004208652852495872,0.16692067691584161,-2.0416155804072087,1.4172511504177696,2.9265724544090577
-0.012825184928899594,0.014714870524034057,-0.006337163524772634,-0.003793594898731993,0.1554083673496953,-1.8338513632516698,1.6702834636788029,2.6898468165571687
-0.012828289424470993,0.014782564903905754,-0.006270617564336922,-0.0037037482924244585,0.14714140844905768,-1.7897004351995807,1.6500580206673718,2.6090118696887066
-0.012897487217030474,0.014679750895489488,-0.006269167008316831,-0.003877865934432915,0.15554719259694585,-1.8786462999728306,1.5993724018576503,2.730697453730435
-0.013633622420159447,0.013910262433409355,-0.005614837290574991,-0.00521718356991925,0.20691108801197053,-2.43634162268847,0.6959226981870889,3.4118935427320136
-0.013670441529052635,0.01388812971306836,-0.005561377768566335,-0.005249661749140959,0.20707597838071054,-2.440459829492735,0.6464652468349783,3.4096843887737975
-0.013495529598204326,0.014032042614140006,-0.005794235552596719,-0.0050224827580029946,0.2010385863316577,-2.382006205557161,0.8935018109413476,3.3570973551943353
-0.013561225215125648,0.013975898197904946,-0.005710088153066833,-0.005113950150709946,0.20374032511562595,-2.4088690840027787,0.8010394573797626,3.383759437529718
-0.013529595821446161,0.014007113810749186,-0.005749278626915718,-0.005063457179089941,0.20177852250249764,-2.3933701356458212,0.847018867193798,3.366140897739353
-0.013632863148206125,0.01396518289834491,-0.005597332882957281,-0.005127638294800739,0.19966733401484354,-2.3977978939312234,0.7174601131919773,3.344079644814088
-0.013603265830258194,0.014000483013676481,-0.005632288544516061,-0.005072336549565969,0.19697081172100298,-2.380784336864593,0.7621875178083862,3.3223806357107137
-0.013499921792302076,0.01408025997659327,-0.005765474825039161,-0.004944485903702024,0.19411076898396806,-2.345803588714666,0.901702822914685,3.2921673183490157
-0.013500366152644137,0.014134124386458637,-0.005739835716075091,-0.0048587181168195425,0.18683200877376593,-2.306659092623715,0.9148409923189406,3.22385366949402
-0.014037638618876205,0.013424957468618241,-0.005010554626460494,-0.005907602384685886,0.23736722077117475,-2.5546549372111254,0.00692871820812301,3.5660777806201494
-0.013707599557104884,0.013869039190150345,-0.0055061012686228455,-0.005276071506931136,0.20660146153556494,-2.4412822944193344,0.5982307438372603,3.402217617792489
-0.01392972690599645,0.013596235513162339,-0.00518813909342777,-0.005669719029453216,0.2241355746106319,-2.5201546046583747,0.2253122718470401,3.506312759145334
-0.013895709713578314,0.013639847153588675,-0.005240585321934361,-0.0056093321841482295,0.22147364241189035,-2.51115327203394,0.2853962752893811,3.493674615588603
-0.013867138779622454,0.013676161273521548,-0.005283516277924609,-0.0055582522828334984,0.21905088745040266,-2.5025704675476415,0.33516248728778614,3.481822942285444
-0.013743024533527732,0.013847917090037916,-0.00545393736967044,-0.005305052357580273,0.2065229786024668,-2.4430659715539664,0.5512625559666775,3.397464775743417
-0.013766896158137231,0.013772991539800428,-0.005432407438929524,-0.005423592462094041,0.21489312520262183,-2.4840172944180057,0.49014098283609314,3.4656854771339884
-0.013797963677723568,0.013735025379842176,-0.005388596479733355,-0.005479442445177673,0.21737953333687865,-2.496178097002929,0.4380843847482638,3.481565038607354
-0.013838440893537701,0.013708462887797243,-0.005326221112751086,-0.005513071315911318,0.2172250077207021,-2.4954865987893666,0.38236227000098794,3.4733334985621873
-0.01377953120433653,0.013824289614550686,-0.005400258151094995,-0.005336948109639483,0.20664531882793355,-2.445096153465261,0.5022805838755894,3.3935325274470602
-0.014045353226132887,0.013472654817104855,-0.005000081533834067,-0.005825551422156288,0.22980645705408306,-2.524615076506754,0.03506638435483473,3.5079656585942165
-0.01399683490052148,0.013531378097586703,-0.005080262909190378,-0.005750565100914625,0.22641907567208103,-2.5209353489677766,0.11967078608498236,3.502640667835821
-0.014040991149141405,0.013520309958098593,-0.005008288341051451,-0.005749951208618489,0.22355685699757075,-2.5018140286497856,0.07263437001928907,3.46461451173035
-0.013986848759360765,0.013589325110292663,-0.00509500456906346,-0.005659974952428849,0.21984732289360306,-2.4937979850251355,0.16741982159146754,3.452554003524076
-0.014125083871801333,0.013337390883910252,-0.004858403886147478,-0.006006149274055511,0.23965531350986424,-2.5420387363004924,-0.13505768522408232,3.5446950100250025
-0.014088921933346037,0.013361673272279613,-0.004920634755365138,-0.005986036079590239,0.2405674641380939,-2.5542848411116865,-0.08584728920904852,3.5666401843090076
-0.014066795969632805,0.01339658416778816,-0.004960429236720819,-0.005940025732088214,0.238002162869171,-2.551022213843685,-0.0400104486247214,3.5593587758720306
-0.014133431607381898,0.013370171831724103,-0.004848953921284863,-0.005948302864035987,0.23449925677293573,-2.5208346304685185,-0.11613121987569168,3.5030054535833868
-0.014158609970971986,0.013313553038075522,-0.004800448935448821,-0.006025897471594321,0.23909933524889684,-2.5303827710616886,-0.18117278293009312,3.5245019308266805
-0.0141929102407536,0.013289060788183477,-0.004741019410930789,-0.006045230915226172,0.2384975074801731,-2.5175937681425427,-0.22764158890306688,3.5029004629114
-0.01423111865544338,0.01322614081178859,-0.004667064201815007,-0.00612240592607236,0.24238851505130882,-2.516743554327452,-0.308739486586294,3.508101687543721
-0.014222401076243363,0.013266254472730058,-0.004689495978340976,-0.0060638002529586855,0.23785420503761748,-2.5065952089017065,-0.2684954163975511,3.484987271714215
-0.014341629364708992,0.0130378088279074,-0.0044368500813952915,-0.0063428677799590594,0.25371566696336684,-2.4985436094043147,-0.5522044344045168,3.5060156370712288
-0.014274796789207986,0.013222353357823954,-0.00459685393909668,-0.00610004595021176,0.2377011163419182,-2.486539831924909,-0.3427933462531901,3.4537964030652804
-0.014300404651665948,0.013194070185419127,-0.00454963878242741,-0.006127451060124823,0.23829986658597657,-2.4783637300496206,-0.3844285680306592,3.442908420037162
-0.014354880929130918,0.01307693332631124,-0.004429707171493589,-0.00627156040884424,0.24691777366316786,-2.4761702692967527,-0.5235963850237444,3.4584705293253633
-0.014343563262154475,0.013111785236967894,-0.004458661935453529,-0.00622570206202308,0.24376663932654855,-2.474034137964194,-0.4848674059875184,3.4482122551142136
-0.014324764370479885,0.013156569624327645,-0.004501387136589483,-0.00616932953272226,0.2400944196881926,-2.473494045133123,-0.43308358794879814,3.439792369434383
-0.014367088642817143,0.012980190051207197,-0.004375174830931438,-0.00641296595280677,0.25808137431861083,-2.4942237402062744,-0.6224053100754068,3.510570780004683
-0.014376437702850462,0.013018987857218332,-0.0043755764348695015,-0.006345011463123627,0.25137466201624986,-2.476141239037809,-0.5903899007690132,3.4699212459269577
-0.014455752248968667,0.012848388699690455,-0.00417970455889585,-0.00654037416946404,0.26243924958079695,-2.4493606441912488,-0.7992017304653386,3.4637325888522037
-0.01439194529543211,0.0129521377480462,-0.004325020594573272,-0.006436208916566571,0.25783004526283326,-2.4809975087051845,-0.6634776441689326,3.4933863809656462
-0.014404133012371314,0.012922269488821433,-0.0042933064297118115,-0.006472244453370276,0.2603509750238726,-2.477943344672117,-0.6994669672918149,3.495207719045851
-0.014427402485173439,0.012903881760106784,-0.004249242372632147,-0.006480569685774702,0.25913072675015164,-2.462451056112954,-0.7297926546999006,3.4723436458343486
-0.014446357835605272,0.012882356118636015,-0.004210300405872493,-0.006496987296478592,0.2595041139606138,-2.450892619759639,-0.7605692953376715,3.457407476595423
-0.0144732416550849,0.012881384150789188,-0.004169044310947994,-0.0064747333017543705,0.25559574060112106,-2.4283786240422107,-0.7741449814778755,3.417892374031825
-0.014907434180881435,0.011688740907711844,-0.0025888656105126193,-0.007524914882367484,0.30191536146243925,-1.8075670734787679,-2.11263287745382,2.8862926976678307
-0.014840925015080355,0.011773004802358895,-0.0027590649555673877,-0.007534358478157871,0.30978654467483197,-1.9128036955996282,-2.044107923962415,3.0227176457392178
-0.014854987222112145,0.011742725230053347,-0.0027085656711460146,-0.0075468798814115135,0.30906041990775757,-1.8839487338587286,-2.073124932657338,2.9907631095188045
-0.01484610553656201,0.011827401080839697,-0.002814210907498505,-0.007464528726680173,0.30404731612383396,-1.93613303634962,-1.98128995578975,3.026385740112959
-0.014862105966938275,0.011801989804340107,-0.0027677742491535873,-0.007469575369237436,0.3027163269731355,-1.909099541953015,-2.0047247809773356,2.993702141590516
-0.0148861778785397,0.011735110752717999,-0.0026653873772542395,-0.007507533654374679,0.30295273053660093,-1.852238312198285,-2.070375399125409,2.935824897370751
-0.014913854115629104,0.011719217175460137,-0.002617206569556453,-0.007482497209340757,0.2982905843612191,-1.8194493364520203,-2.0773078703598546,2.8852393484391077
-0.014807618428884652,0.011905314790746538,-0.00294403131038628,-0.007429928925625439,0.3055099702032525,-2.0075977682024733,-1.9034087854585149,3.1059928232395992
-0.014819964613124025,0.011881655109236347,-0.002903933759277045,-0.007439999554177466,0.3049571800658794,-1.985655884526919,-1.927297945560717,3.081175644231308
-0.014815825917684914,0.011931423214203879,-0.0029618840750106038,-0.00738681553842233,0.30152446153849605,-2.011450098728399,-1.8718385077844009,3.0954341189572605
-0.014817962100689102,0.011956782496052675,-0.002985767173402594,-0.007353307961818119,0.29866779442982394,-2.020024534357735,-1.8427398213189494,3.094735152581316
-0.01484459145277298,0.01187644554900182,-0.002869433267664376,-0.0074100597869417775,0.30048441391190117,-1.9608268398948643,-1.926862748601693,3.038246326885185
-0.01478360540465412,0.012042198768036964,-0.003114369511897599,-0.007296766921378214,0.2976646156361697,-2.084098150760401,-1.7516322906411277,3.15928143575681
-0.014796150163426792,0.012012709251221049,-0.0030693869890691615,-0.007315923318308562,0.29810028012335005,-2.061854646958284,-1.7833041609293485,3.1364916989174816
-0.014799395650751522,0.012074545707129684,-0.003126310345547903,-0.00723483015896173,0.2916105510284441,-2.0804459711256835,-1.7130584037397798,3.133416974580962
-0.014836693618144678,0.011978764160266022,-0.0029858046094803675,-0.007300419874784318,0.2931870420863021,-2.011647761991494,-1.8145801093344491,3.0654116437199206
-0.014822305488394711,0.012004526849006616,-0.0030291717888627405,-0.007289460420980781,0.293689303894044,-2.0346479344866832,-1.7883628177873028,3.091678190604707
-0.014861276561659947,0.011856987422065347,-0.002829137175149258,-0.007408122513523417,0.29858251869037705,-1.936734702860443,-1.9440977829875419,3.006621828278355
-0.0147008130860867,0.012274058750103501,-0.0034362110163647236,-0.007105063080610561,0.2901600337253563,-2.2248735090892917,-1.4906997336203578,3.286435198253408
-0.01470147535499595,0.012308908045668202,-0.003464794134044926,-0.00705726918408191,0.2861127212924478,-2.2305266698406645,-1.4513413411578067,3.2795102316812548
-0.014775346361332523,0.012133511973032994,-0.003212609511693162,-0.007192866885547205,0.29046830349865665,-2.121139652391356,-1.6489265654133407,3.1736175705265564
-0.014810434604827873,0.01211195290281622,-0.0031482006870169016,-0.00717338190446463,0.28589770629051575,-2.082488822333556,-1.6700683698075454,3.1156812312117776
-0.014733609040250449,0.012256887010371323,-0.003377701786839236,-0.007086724620260992,0.28586655429063995,-2.190685594495248,-1.5111876131788218,3.2337327771457995
-0.014759755704333065,0.012198425482887548,-0.0032920485536222254,-0.007129884536579781,0.2870237733492249,-2.153066051715434,-1.5767686394238638,3.1962581905521
-0.014781115988620124,0.01217215174340859,-0.0032408764864883858,-0.007135995298452148,0.2854225831183749,-2.1266286019346285,-1.6053001099298392,3.162569628527133
-0.014766203325152492,0.012235659734983485,-0.0033165874864764847,-0.0070733504291622526,0.28199201470054697,-2.156020733829592,-1.5351017070991129,3.182317784926578
-0.01458301953229471,0.01259149092200965,-0.0038423437826652766,-0.006797333911459845,0.2743890910874416,-2.3621451991395186,-1.1172789953967561,3.392742909877254
-0.014575400845682492,0.012559867808270573,-0.003832217527585373,-0.006851422280952303,0.2796396935400018,-2.369380332987586,-1.1498616294665103,3.417550662234356
-0.014720766828546833,0.01233605352173879,-0.0034612180205809994,-0.006997140467583496,0.2799911199516348,-2.217074884929255,-1.422287102245689,3.2425948028746334
-0.014709995359109,0.012364001124973125,-0.003498241395243267,-0.006972477464965798,0.2785814128886312,-2.2311823709361898,-1.3905270094934319,3.2548468148079257
-0.014653151722974704,0.01243915151020702,-0.00363471433100246,-0.006936148948430271,0.28048029926956214,-2.2922635094574453,-1.300109663487363,3.3300827011905185
-0.014589722647273455,0.012500642964308513,-0.0037700357113806984,-0.006921297462794505,0.28418881854561345,-2.3550655591542413,-1.2191878751269802,3.415710486454809
-0.014595091183985632,0.012537216374947341,-0.0037881805862494443,-0.006862649210338592,0.2788002038277154,-2.351092484604117,-1.1797981649195468,3.3939701802430813
-0.014639322578889178,0.012464152097329532,-0.0036727878877900705,-0.006917020992935234,0.27995871335667705,-2.306998987031438,-1.2700333208674206,3.345598000778008
-0.014624812865837347,0.012488911408663483,-0.003711416539008568,-0.0068985373647404095,0.2794143741393069,-2.321934316265873,-1.239797339530353,3.3617651346558857
-0.01468779684018917,0.012411968811314912,-0.0035660616333319183,-0.0069334362032143215,0.27740728795220937,-2.257652750751095,-1.3351261728947412,3.280402121574562
-0.014680256594973542,0.012438856530593512,-0.003596889820089203,-0.006905226297724219,0.2757498114370723,-2.2672516030561307,-1.3046662008764236,3.2858952436170545
-0.014717177461618049,0.0123976748902414,-0.003515007353898545,-0.006918439153857801,0.27400121229793895,-2.229115166910057,-1.354322642520008,3.23622122835846
-0.014485858332162873,0.012816714941522792,-0.004118215689232049,-0.006560825316289445,0.26178945952992355,-2.4286995466750114,-0.8450510807052919,3.436169172636204
-0.014514998184564606,0.012788546439707388,-0.004059852884566173,-0.006575822901758702,0.2609998920663898,-2.407631466048494,-0.8860164716289948,3.407260582010775
-0.014543459314575291,0.012761381639473997,-0.004002975624570173,-0.006588995415548222,0.2602909716999257,-2.38623228474613,-0.9249525544846661,3.377875883249153
-0.014590787063966368,0.01262040891204835,-0.0038499053324579134,-0.006747279435213654,0.26980903476878043,-2.3542874201058503,-1.0884215980859757,3.3684127436792686
-0.014609879642059847,0.012604183606845112,-0.0038119647470519144,-0.006750532630749815,0.2684656700842948,-2.337492600435811,-1.1110133268487983,3.344749467265191
-0.014582376198618095,0.012653143174612688,-0.0038827302861586823,-0.006708619296981963,0.26706597696374196,-2.360669551494496,-1.0509061781826008,3.367964558624742
-0.014580087915402403,0.01269270399987985,-0.003910085819556749,-0.006653528165337866,0.2627792643712585,-2.360456471120741,-1.0086624350935656,3.3543506446161495
-0.01456796107375629,0.012730682371029185,-0.003949865564696974,-0.006610248189475421,0.2600535288959096,-2.3680571260779364,-0.9653248600869072,3.35554837603561
-0.014957431220829919,0.011469828013150917,-0.0022724392983482517,-0.007665898976159875,0.3051143689506916,-1.6241523956895023,-2.3194564298151827,2.7152201077518754
-0.014949590220452292,0.011487746023839288,-0.002302507064395275,-0.007661621141743663,0.30583496966287954,-1.6431510908360756,-2.305304254089539,2.736598975555004
-0.014967560025422561,0.011446485622527943,-0.002233331006833162,-0.007671233920437031,0.3042826969911028,-1.5992978840883432,-2.337612962888634,2.68727995123553
-0.015001375735123064,0.011361450385812549,-0.002093494240368621,-0.007692180230368123,0.3012821241009429,-1.5097551461287892,-2.4020610289261164,2.5882523390433163
-0.014987127989990813,0.01139082537192711,-0.0021441504088843435,-0.00768983641097041,0.30297751538420786,-1.5429035728097042,-2.3819302635259345,2.6268913814041706
-0.01497812113266192,0.011420346955025959,-0.0021902401281552234,-0.0076779900758865436,0.30337314319327047,-1.5718698372932811,-2.3578851462403985,2.656925703420588
-0.01492646578054628,0.011570560491420441,-0.002428003011452183,-0.007617485647339714,0.3057652664154855,-1.7183705023938656,-2.2305819354550547,2.811233690676641
-0.014940761097707263,0.011549023398131558,-0.0023873149548470844,-0.007616111492977514,0.3040112985464655,-1.6923903969481933,-2.246205696349151,2.7787836549777443
-0.014939357953948747,0.011596855345219082,-0.0024468898948185225,-0.00757043395538774,0.3013299960979961,-1.7246508991688068,-2.1967806198394064,2.8007360144843125
-0.014948197066896193,0.011528273474285571,-0.0023544097625241276,-0.007624589146168786,0.3036454356999266,-1.6723265683603812,-2.264098807626819,2.7575451413781287
-0.014951559107160915,0.01150618329302953,-0.00232370124975001,-0.007640649872032093,0.3043671016546459,-1.654475778626363,-2.2851994967510407,2.742059977494479
-0.014928748994666645,0.011666933241808486,-0.002540929859148489,-0.007514952303833817,0.2989273980590496,-1.7765925273563539,-2.1273459210022563,2.843906397817706
-0.014948400504988395,0.011633424642650774,-0.002481284822018363,-0.007519057467520117,0.29694374141607455,-1.7400163717619228,-2.1543348985576016,2.8001369328474133
-0.014994517377454686,0.011283123743613678,-0.0019961432872163116,-0.007771098740765648,0.3065119916565697,-1.452375811679172,-2.482270939494342,2.5522364867714322
-0.015009798698880633,0.01133243233864089,-0.0020483835947933157,-0.007703283471108332,0.3007531855817282,-1.4809261188314105,-2.424854209796596,2.5584338207018917
-0.015012513037367219,0.011306303488201924,-0.0020117527955071956,-0.007720989022530278,0.3014873050367507,-1.4582002110359704,-2.4481051370376634,2.538666107907056
-0.015040909157537303,0.01116515209811607,-0.0017992953907066732,-0.0077858014979873755,0.30081085684303255,-1.3200419735292197,-2.559016471062487,2.403358402067353
-0.015013219418843867,0.01125706567816802,-0.001945690178142187,-0.007760795868179225,0.3033999913324652,-1.4174493003577513,-2.49432370465709,2.506848713257059
-0.015025177666178124,0.011228540104863917,-0.0018976476298950033,-0.007763440134703794,0.3019156885792322,-1.3852076328277503,-2.5126325453701717,2.4701070152513087
-0.015038555841710578,0.011208269715300359,-0.0018596945137185784,-0.007756544447479555,0.2997550963223661,-1.3588721337718548,-2.5217712316684726,2.4365346712228075
-0.015059026399504228,0.011193940566073608,-0.0018244808112381197,-0.007732548151539744,0.2960096262311813,-1.332750336763123,-2.5200578823208093,2.396289879798545
-0.015052427545534597,0.011138869226448592,-0.001754630785112735,-0.007785559945372643,0.29921711160152137,-1.289345185368784,-2.5737552611328103,2.3676986607025428
-0.015061397771967402,0.011111611040691366,-0.001710553223224215,-0.0077899277969630904,0.2980805811935337,-1.259317715421792,-2.5907213801978504,2.3348618617590393
-0.01507301729781546,0.01108435572236896,-0.001664600801775202,-0.007789099545696271,0.29643381198626256,-1.2273660978306487,-2.605113819403716,2.2978203437570195
-0.015084078514825724,0.011056217084678077,-0.001617906255439168,-0.007789290224772385,0.29480021608825774,-1.1948683410256893,-2.6201022034998247,2.260746916635188
-0.015074539516745896,0.011001984539571895,-0.0015483166160081537,-0.007842610559385453,0.2983210396282902,-1.1499819231240933,-2.672691573361263,2.231894165491489
-0.015079457433102093,0.010973151349607062,-0.0015042202707004576,-0.007852588677713193,0.2979714544252206,-1.119604724872113,-2.6919388126979604,2.2016578667838433
-0.015095232573091037,0.011027187661362297,-0.0015699888822144608,-0.0077893163016404,0.2932752777320355,-1.1614060383318285,-2.6350950485737084,2.22264721839479
-0.015103356489000986,0.010961900328314044,-0.0014731300715406937,-0.007817131097843584,0.2931330457976806,-1.095118006476296,-2.6807256249770024,2.1591813236739035
-0.015093865178831543,0.010192108360979795,-3.068134561282632E-4,-0.008133427734734315,0.2947514952214507,-0.23953634510468227,-3.146799312449346,1.3780222255974441
-0.0151015933362208,0.010174714325697911,-2.7819130966237767E-4,-0.008120541080360954,0.292773751922728,-0.21700937908430037,-3.143797630001068,1.3491609871830497
-0.015106390674879218,0.010157539872581505,-2.5039836462797466E-4,-0.008113144612857068,0.2914699879018941,-0.19522975377548438,-3.1439623966114496,1.3235970209941905
-0.015108147943267751,0.01014071249111197,-2.2354365980393632E-4,-0.008111428397929775,0.29075328011874796,-0.17423116301405614,-3.147418580969567,1.3014242056218919
-0.015111638571513465,0.010121495874281787,-1.9278787793486295E-4,-0.008106336988034727,0.2896274309994534,-0.1501184408292698,-3.1493282695516664,1.2746264466562076
-0.015117526134933786,0.010099755226559985,-1.5795584652876892E-4,-0.00809649653191212,0.2879474558649404,-0.1226981419693401,-3.1488215907649306,1.2424317215109804
-0.015111501862037567,0.00992001075096891,1.2673331376504584E-4,-0.00810902163740884,0.2846632647914769,0.10165459181964863,-3.1980189986698773,1.0236045115918044
-0.015112107233651938,0.009977361909124126,3.5764804223566484E-5,-0.008110030562665474,0.2860611793523397,0.02956749049767322,-3.1863607531761633,1.0956125041300415
-0.01511234663717496,0.00994022157348293,9.46498664869261E-5,-0.008108407292861166,0.2850021681127232,0.07618679040245795,-3.1933831990716617,1.048542703678599
-0.015113235073129769,0.0099597549993547,6.365315138345239E-5,-0.008107401070714176,0.2853590340866499,0.05164372760433044,-3.1885544651734072,1.0724611532834587
-0.015111760671268307,0.0099945171931822,8.556909877272558E-6,-0.008110917824906387,0.2865921480579867,0.008047726157359575,-3.183089443635019,1.1174877320202878
-0.015110156480940563,0.01006485088059455,-1.0307709667788194E-4,-0.008112762170250497,0.28867301068897255,-0.07988282597579006,-3.167640023502004,1.206496527806238
-0.01512188389402733,0.01007994587607782,-1.264064868660716E-4,-0.008089213710271307,0.28663192999752324,-0.0979223082831028,-3.1492738617739624,1.2141601670963613
-0.015112334099241771,0.010011234573196515,-1.7964563849367244E-5,-0.008109804825246371,0.28681009869473645,-0.012870103350342969,-3.178571801219021,1.1379044536566603
-0.015106718228769273,0.010030691107637626,-4.892433969459704E-5,-0.008120531626100963,0.28852410289584535,-0.03736113648957531,-3.180753687953459,1.1672461503941458
-0.015116775414741749,0.010046969114887849,-7.450278060668132E-5,-0.008100515274138055,0.28678247179224403,-0.057314377533364345,-3.1643572983844623,1.1783255591272384
-0.015107336290596058,0.010204601112320586,-3.2479515960702216E-4,-0.00810548565050932,0.2922507041914288,-0.25297523266146826,-3.126265465230032,1.3792151610275403
-0.015115014064893906,0.01022153609310578,-3.504044751619211E-4,-0.008088133288447581,0.29089704283347073,-0.2724747453701957,-3.110978552608316,1.3915077775312559
-0.014996460539271875,0.009016090143425354,0.001573485830405337,-0.007991674829585871,0.2774465766416357,1.2734362952191292,-3.2030256679346665,-0.1200454805387798
-0.014987739574627559,0.008966716680573474,0.001651493890539991,-0.007973139212887358,0.2775903290818815,1.3367505023493236,-3.1888676054370078,-0.1833699071522109
-0.014991504176815615,0.00898253398998379,0.0016258628200345494,-0.007977462716858555,0.27736321308257567,1.315840562514836,-3.19236060465428,-0.16327580728275584
-0.014994700746702845,0.008999209667908938,0.0015993522439064697,-0.007983257734891018,0.2772655088741109,1.2942943700162906,-3.1968236335665696,-0.14194850978708318
-0.015034258371041331,0.009220320444953299,0.0012459702663838877,-0.008046520701382289,0.2768906173247536,1.0061835743539713,-3.2395632607820484,0.1414880763815873
-0.015024723841702066,0.009174824934572919,0.0013199644589976611,-0.008039028725796283,0.27715039738942737,1.066771564080363,-3.235631063511215,0.08374818343645109
-0.015022878548331302,0.009192247279467982,0.0012947624383551329,-0.008052536850075927,0.2780329247676611,1.0466689522855896,-3.244499263894394,0.10769028398460602
-0.015037802235117843,0.00920278143868393,0.0012704742512649047,-0.008030088675170162,0.2757138749146271,1.025611594538845,-3.2288156561207733,0.11679177262342026
-0.01502646210079001,0.009086188104560506,0.0014507931358123329,-0.007981944524948856,0.27438226067584653,1.1716355590403924,-3.1971542007538365,-0.034518007521494885
-0.015016089914794374,0.009022783836669062,0.0015503349517104025,-0.00795970350456788,0.2743045626973453,1.2523775312229042,-3.1811073030677846,-0.11534037445791301
-0.015016080502420134,0.009041142622794571,0.0015235874759844477,-0.00797203914461625,0.2748078604844672,1.231080595150168,-3.1899068673943725,-0.09131214683402933
-0.015029913150357906,0.009069452660300584,0.0014731363086243237,-0.007964805321419405,0.2732684353344079,1.1891274460128123,-3.185274054333814,-0.057384985010253624
-0.015030803275421212,0.009051722719764555,0.0014984399481642156,-0.007951644255448241,0.27271867091402063,1.2091876611456855,-3.176071881671927,-0.08073984744783283
-0.015031757578788075,0.009103627940698246,0.001421774386284968,-0.007982989326513354,0.2738913555988587,1.1478161508380458,-3.1979027806687497,-0.012934887572016057
-0.01504334441527536,0.00916428111071647,0.0013249414567101621,-0.007997696359542868,0.2736832803965438,1.0689024541051124,-3.2074376258763446,0.06381176816583185
-0.015040644501764046,0.009145240533487437,0.0013548199905105156,-0.00799160099701547,0.27356409809731236,1.0931701564956062,-3.2035279826920307,0.039463335619365325
-0.015036421452903848,0.009124917760222619,0.001387464532006216,-0.007987332378964608,0.2737211292416974,1.11979852065668,-3.20079194315405,0.013861530498065142
-0.015059473641408888,0.009409056110110585,9.446004031286459E-4,-0.008089117240504188,0.2785224318919661,0.7607368564597744,-3.257936094437618,0.3843895318808565
-0.01505613159760267,0.009393043792281853,9.708089922638171E-4,-0.008088813431107901,0.2785788500601149,0.7821560265422952,-3.2589858648427596,0.3644662205329807
-0.015053499499361434,0.009376077971885775,9.981900102081981E-4,-0.008086531504849155,0.27851542493814657,0.8045053520914826,-3.2587025513334864,0.34285686573302615
-0.01505028083699574,0.009355948852689406,0.0010307008879193102,-0.00808373982393732,0.2784581060194001,0.8310295299622056,-3.2582295248626134,0.31723833477766367
-0.015033629194554613,0.009237099136156923,0.0012208834038487408,-0.008056816207728147,0.27753971820943807,0.9860062429273366,-3.246044405770904,0.16422360888853552
-0.015031753862670633,0.009255325708342324,0.0011941397757425935,-0.008070079626251633,0.2784559092072434,0.9646289626633502,-3.2544034442957996,0.1893878206838424
-0.015038641656937492,0.00928713375273723,0.0011419991310241085,-0.008073213316253639,0.27828424454261186,0.921915515954482,-3.255095282437192,0.2295424502210817
-0.015045978022785409,0.009266943399900978,0.0011690627024567581,-0.008048900963043873,0.27631281207475916,0.9431239578597673,-3.2394311150069455,0.19957908775994312
-0.0150434920519621,0.009319788901869349,0.001089537051249822,-0.008079930661735903,0.27849322081446726,0.8791159147137065,-3.257916106016611,0.271526194427304
-0.015057173359400636,0.009332908674849805,0.0010629292479873813,-0.008059856531159907,0.27643460977174467,0.8565585063845392,-3.2434502608270743,0.28329728772170965
-0.015050842011085287,0.009299633954966063,0.0011168328939355247,-0.008056032023800038,0.2764955683811409,0.900575750243359,-3.2427234066618182,0.24140546480871564
-0.015111508148888878,0.009900482945238358,1.5768311911755096E-4,-0.008107739997093846,0.2841339035657609,0.12625336846161503,-3.2011978105850587,0.998736494250224
-0.015111716069490324,0.009880738282562139,1.8894076424497383E-4,-0.008105782603268647,0.28353340586476117,0.15111043027923454,-3.2038769254696446,0.9733701643896628
-0.015110175458408833,0.009859313624205394,2.230061015540962E-4,-0.008106799454701883,0.2832264627619651,0.17822591349810188,-3.2086851806840486,0.9471801090853438
-0.015107187366254606,0.00983787638855597,2.572789785799208E-4,-0.008110318129649125,0.2832144247470403,0.20557429765359925,-3.2150066545893243,0.9219584222928584
-0.015103582722237708,0.009819856610220404,2.8627533652821833E-4,-0.008115164198981362,0.28337854244495,0.2287446576773661,-3.2214645895488303,0.9014857446553879
-0.015131833139331878,0.009911156811090975,1.3946243834513108E-4,-0.008068925409544729,0.2805108957505682,0.1118745370224138,-3.174253232569145,0.9956637795877307
-0.015067584918316912,0.009473521359153811,8.412024134056077E-4,-0.008098815072355603,0.27914230235595294,0.6766298024578292,-3.258803904114672,0.4668155976333869
-0.015063022818451224,0.009525272126891957,7.617750730158573E-4,-0.008126029619142232,0.28169845470366633,0.6126240662205579,-3.271764993652846,0.5388511721813237
-0.015066881876138305,0.009507857027509576,7.877908887590667E-4,-0.008112540101615674,0.2803867877694534,0.6334795840537364,-3.2645777475656357,0.5132649079911157
-0.015067580204987831,0.00949035357900583,8.149319081304909E-4,-0.008104982021492547,0.27969983091983314,0.6553921519898708,-3.2612990386134197,0.4893899227503214
-0.015111108022262308,0.009800540523429421,3.1581415004223854E-4,-0.008097872920005002,0.2813129224916469,0.25231095852935764,-3.213718263041998,0.8707713638876066
-0.015088058222836572,0.009745637260585666,4.064896691053378E-4,-0.008134089554911737,0.28412177320108833,0.3252594983144342,-3.2466936290583637,0.816223889103514
-0.015107327813036303,0.00977408329183159,3.5814887231502184E-4,-0.008101258116840261,0.2812673749909301,0.28624034102233886,-3.220485140465921,0.8392997075055159
-0.015102415258407654,0.009755101624240772,3.889524496684048E-4,-0.008107678127445984,0.2817582994176197,0.31099143815795427,-3.2278433275217884,0.8181781609814559
-0.015081943938950319,0.009716973334826665,4.5323130289044445E-4,-0.00814060187510998,0.2844342344859682,0.3629451816879607,-3.255629581156494,0.782802601999534
-0.015090705226714704,0.009729840824536018,4.310725332435314E-4,-0.008125959209970156,0.28306335580334924,0.3449681947540324,-3.243948309343179,0.7935501193149281
-0.01507987705896189,0.009685725932175617,5.033262764030811E-4,-0.008138015328650536,0.28382266053301985,0.4033276377091724,-3.2587803062554532,0.7428427791509243
-0.015091140126395248,0.009699615426991624,4.7885632773328235E-4,-0.00811899307246793,0.2820645509574246,0.3833636169511871,-3.244115891551806,0.7534637067613558
-0.015069627179312975,0.0095555461856162,7.119809001593906E-4,-0.0081230075603428,0.2814630745088691,0.5720413159335384,-3.2662745599370555,0.5756809995632984
-0.015076364529274043,0.009537244888298884,7.38555304221343E-4,-0.008104005899872329,0.2796081993487361,0.5932361411131285,-3.2556463837676053,0.5472390493753045
-0.0150722329011105,0.009620575991205579,6.085326295843817E-4,-0.008136931841751014,0.28313189269140754,0.4883765165436142,-3.2673511533839297,0.6611280492942871
-0.015075481275673463,0.009603038271739571,6.3536600255621E-4,-0.008125741120832019,0.28192274242582366,0.509905015197727,-3.2622204400206587,0.6356680162619276
-0.015078068374628743,0.009585888046773685,6.616540494337451E-4,-0.008115761308180024,0.2808786589012427,0.5310311083701978,-3.2577364187398206,0.6111767184717128
-0.015083194663174263,0.009567978178948569,6.882491864596145E-4,-0.008100422424921627,0.2793413008940751,0.552335419079994,-3.249685198857818,0.5841901270425348
-0.01507737934436731,0.009653385786340205,5.552212870735423E-4,-0.008135313695768502,0.2832356606142357,0.44520894874589007,-3.26174334695448,0.7015469039107388
-0.015088887356282738,0.00966729557824967,5.304432262154285E-4,-0.008116150544275781,0.28149547658730373,0.4249147975278964,-3.2470404611140515,0.7123436247869287
-0.015085433009066526,0.009632273785442147,5.865546828844162E-4,-0.008114217447306421,0.28100856203149044,0.4702182080584027,-3.2506702377463426,0.6682261799041173
-0.015085559485597986,0.009462992323816505,8.508256765739503E-4,-0.008060131083667507,0.27560164218561484,0.6834654896035096,-3.2337545488181294,0.44332156745826995
-0.015081515022989336,0.00943068536063951,9.022127095271308E-4,-0.008055421298715724,0.27528161856023775,0.7251763945427459,-3.2334090567568663,0.4024600618995913
-0.015079092628347003,0.009414592598758991,9.27953309278556E-4,-0.00805358482322273,0.2751939453912755,0.7460997543040503,-3.2334872162066035,0.3822583330278679
-0.015100821310783474,0.009436369437149617,8.858823752499349E-4,-0.008020644012112346,0.27204833597200184,0.710916134508531,-3.209526617878121,0.4004564304096366
-0.015102959559467348,0.009451871156387797,8.613517302716978E-4,-0.00802252676887625,0.27216558047502043,0.6910088836605706,-3.2094812820156027,0.4197995415864804
-0.015127131159961464,0.010568833751727397,-8.844856459050899E-4,-0.007972289964018485,0.2918074634305365,-0.6754481843495467,-2.929560101690569,1.7637629124955099
-0.015132986925332437,0.010544556569978436,-8.455806290859836E-4,-0.007970346892610607,0.2904696266435712,-0.6462832109905986,-2.937497307955351,1.7316744431536488
-0.015132621964111337,0.010514934368862755,-8.007727832369448E-4,-0.007981520614023812,0.2905088765233815,-0.6131664855992138,-2.9544680036022197,1.7011335492800688
-0.015139515882091075,0.010486726114096337,-7.555653277034783E-4,-0.007977992078045936,0.2889551207216226,-0.5791105689122812,-2.9624621924958525,1.6633838243039458
-0.015132512614671962,0.010639746050555418,-9.888564255033448E-4,-0.007933730398608783,0.29064487646778553,-0.7513168234788622,-2.8813850092074746,1.8288824429708632
-0.015140263793866985,0.01061044239452385,-9.418938213979549E-4,-0.007931486171860158,0.2889323361464533,-0.716428166854421,-2.8914801788873024,1.7902212843732832
-0.015143993222001731,0.01058621994322836,-9.041725497566592E-4,-0.007934149843878309,0.28835097977714313,-0.6885481181104764,-2.902066973441383,1.761356606648836
-0.015122198879143341,0.010717714768958738,-0.001109328067813358,-0.00791770816237304,0.29243875669917,-0.839173569415068,-2.8413616543510503,1.917589570801942
-0.015132232338039777,0.01068965751386037,-0.0010631650232617157,-0.007912293770552714,0.2904249022398577,-0.8050281205092694,-2.8500132684017068,1.8780184757018403
-0.015139644163117206,0.01066580253230583,-0.0010245211653388217,-0.007909306775175727,0.2890956420959711,-0.7764640412301798,-2.8579801455532463,1.8456985488747724
-0.015157457632280276,0.010653697137907833,-9.98924730259209E-4,-0.007881781760276029,0.28536094735926,-0.7563140571328468,-2.8480629368761927,1.8121957793539114
-0.015106461509021132,0.010301637719411462,-4.779649769543613E-4,-0.008090362257233433,0.2940721699539437,-0.37103517715754863,-3.0884817913842983,1.4943429546906335
-0.015112843459004417,0.010285142904023227,-4.5077721260714426E-4,-0.008081345347868002,0.2924567892534386,-0.34990785411581155,-3.088178584755149,1.4684111479511386
-0.015116921576618383,0.010318847468934293,-5.027215994265623E-4,-0.008066552366118881,0.2921604479178539,-0.38950259084000916,-3.0690336624628447,1.5029350209040404
-0.015118446616809361,0.01033984547739313,-5.351546799541918E-4,-0.008058918005897983,0.29206590399576027,-0.4141224972703918,-3.057971608487186,1.5252257083643634
-0.015134935575854411,0.01035579025868141,-5.560202398918191E-4,-0.008023620386686624,0.28878050339708516,-0.42924522921014363,-3.0322170525530834,1.5254294411916025
-0.01513933201221708,0.010461974387931922,-7.179232731015475E-4,-0.007986179991770618,0.2887260103774448,-0.5510375727611995,-2.9756569113018494,1.6371701836428034
-0.015134044647660086,0.010441857131135178,-6.887536190052064E-4,-0.008002259596646282,0.2898158120796781,-0.5295200021682434,-2.9916765119314985,1.62142893706091
-0.015140693220507638,0.010421703867439722,-6.559619699593035E-4,-0.007995495635540922,0.28814046681359495,-0.5044236073861775,-2.9945860336262755,1.5920169404002011
-0.015144262989979455,0.010397200541547684,-6.174288952398885E-4,-0.007995444926811231,0.2872948227688697,-0.475202031461543,-3.0025932246627067,1.5612578636881347
-0.015146652476198574,0.010374200742552332,-5.815177763039829E-4,-0.007996838563242292,0.28652163660772884,-0.4479272074503652,-3.0107788822531596,1.533272732977647
-0.015130199683606436,0.010271032411450514,-4.254240192833778E-4,-0.008050585597444822,0.2886330832029247,-0.32967209594666885,-3.0740338460500207,1.4337803385260937
-0.015120971660440406,0.010252335107100989,-3.978241488217593E-4,-0.00807165750318778,0.29031806666488147,-0.3088350274905323,-3.0921395062460864,1.42159725988206
-0.015131202550468148,0.010233085212081314,-3.6602258747087986E-4,-0.0080551029452669,0.2878045275880244,-0.28387308321361804,-3.0877780177762157,1.3885632207168486
-0.015090440446935105,0.010912415307272568,-0.001410545682271726,-0.00787061923901388,0.2967784289872735,-1.054254067814312,-2.730388569726646,2.1356628454070794
-0.015111932520963137,0.010935745831073948,-0.0014308414012427922,-0.007818011992870917,0.29183360804101,-1.0652337240322056,-2.693810982547355,2.125949555133477
-0.015101342785651098,0.010885391371286678,-0.0013652154490420493,-0.007866978783344454,0.2948593628777329,-1.0216386371377562,-2.7414013928493017,2.0976133529862504
-0.015110932848772601,0.010858042585670944,-0.001320287023225169,-0.007865336341736985,0.29328647193354623,-0.9893040910646725,-2.7532788073015753,2.0608841342260287
-0.015119561792867227,0.010831595178867892,-0.001277278434094301,-0.007864389387423655,0.2918516715660802,-0.9582328952089069,-2.7647929530228024,2.0259789671516546
-0.015129523203637925,0.01080461180015183,-0.001232875127811053,-0.007860807210232468,0.29009275583750854,-0.9259434954806772,-2.7749452756427364,1.9887760123964426
-0.015132719329432193,0.010771598215181644,-0.001183258153775944,-0.007872035002399537,0.28987914405495346,-0.8906789923383054,-2.7949110178878978,1.954617246041906
-0.015144779411156925,0.010742632869143249,-0.0011350751873635363,-0.007864423484731535,0.2875314756502603,-0.8552846869063017,-2.8031788916645453,1.9126021058573477
-0.014971998791642509,0.008889293110039342,0.0017744445782083198,-0.007944383064046559,0.2782805240880904,1.436550609742017,-3.1655636092038293,-0.28215451741680436
-0.014972111557426789,0.008906496375220296,0.001749795046817506,-0.007957373227284868,0.2786813857167432,1.4170614138278645,-3.1754491257776665,-0.25978548802971185
-0.014972027353917098,0.008924031512948556,0.0017246875014061362,-0.007970799320968265,0.27914123688783693,1.3972389217092618,-3.185555776240363,-0.23690105654952107
-0.014985841050048585,0.008950930385097462,0.0016756871285832397,-0.007965200087498141,0.2774881587326323,1.356241817941143,-3.182807054407576,-0.2037456113281734
-0.014987618997737553,0.008933557686597074,0.0016993691402743887,-0.007949140432663185,0.27674153830007203,1.3747597053275167,-3.171007393835333,-0.22670875316027295
-0.014960006961399964,0.008860515627282524,0.001824727053281111,-0.007943827677331984,0.27961018225357215,1.4782190517151452,-3.1634877748041337,-0.3182190795971873
-0.014974718247202609,0.00887093563080573,0.001798385448931666,-0.007925145068078093,0.27738856512890303,1.4549763754170766,-3.151210229833175,-0.30621571717501034
-0.014964803755854671,0.008840676892440641,0.0018489127651283605,-0.007919240744928764,0.2783488037679487,1.4963731498028405,-3.145180098943504,-0.3442454103137154
-0.014968550552223393,0.008819347569182956,0.0018757470692206538,-0.00789521110244789,0.27721155133576675,1.5167446800141613,-3.127059345960212,-0.37183096054988946
-0.014963378013206402,0.008803553074711182,0.0019019757764744318,-0.00789162038414812,0.2779331851752473,1.5381570404570397,-3.1233545706349037,-0.39161847878559003
-0.01492076598297741,0.008758760811278134,0.0020003152227509647,-0.00793074772832257,0.28399804976056403,1.623085473240582,-3.1465751937956346,-0.4471372813074716
-0.014926487042967304,0.00873979315126625,0.0020216068213019488,-0.007903893381519068,0.28262566402706396,1.6384268876749744,-3.1262251152172578,-0.47143851517870367
-0.014927367751318548,0.008722403088624394,0.00204473449696508,-0.007887012165152295,0.28216275996210977,1.6561264639668687,-3.1128365638846507,-0.4934521422031532
-0.014925711013851943,0.008705567932756498,0.0020692058751348376,-0.007875000179233415,0.28212318145474274,1.6753542216975916,-3.1027931689185078,-0.5146516119581318
-0.014922849727779693,0.00868899185131328,0.002094302468573623,-0.00786518780685158,0.28230704166059345,1.695280447151969,-3.0942197884128393,-0.5354667185668244
-0.014900224253254058,0.00861413367621251,0.002215764635878857,-0.007835586702532578,0.28482614237471665,1.7932309950040162,-3.0646695601202842,-0.629389086400102
-0.014918563790040829,0.008672095260517836,0.0021210464984071785,-0.00785742174967398,0.2827101008940041,1.7167562098242828,-3.0869402765569625,-0.5566773331913922
-0.014903369033252201,0.008635320600856337,0.0021845495925388874,-0.007850134979380767,0.2846532570836175,1.7687885606278562,-3.077436734439814,-0.603075680655237
-0.014912718479863718,0.008654487816241578,0.002150127365798162,-0.007851544918597457,0.28338948681478765,1.7403423059952592,-3.080795898197636,-0.5788102156628803
-0.014918025768053247,0.008601416012573858,0.002215591658238466,-0.007792392519902615,0.28168740432592115,1.7886530248852723,-3.0333686567683817,-0.6434012104461918
-0.014913672390937743,0.008582394081388117,0.0022446376601621253,-0.007781737786563087,0.282119103512216,1.8115764382727704,-3.023425681409908,-0.6667346983340946
-0.014907170219723424,0.008562588896460317,0.002276692704803088,-0.0077737755015417605,0.2829153281803463,1.8372404854391142,-3.0150961449699056,-0.6911716236649045
-0.01490060681064736,0.008541963544435248,0.00230979460676012,-0.007764808428934314,0.283786193096937,1.8636741014638887,-3.005840482388221,-0.7165746835525217
-0.014936685364107161,0.008769604805342746,0.001971535811854081,-0.007911303608512223,0.28151946563237523,1.5974487477276786,-3.1341353026213246,-0.4336689093122792
-0.014948384040333624,0.008781047417075107,0.0019457222054945617,-0.007899907181467386,0.2797431654120554,1.5750688924943748,-3.127262440382075,-0.4194976470787156
-0.014965769308409158,0.008786009998990115,0.001924286870329422,-0.007872779097971726,0.2771079875898755,1.5551620742935732,-3.1089176002804746,-0.4140224425197518
-0.014827585358053987,0.008438238439500314,0.002517534986178484,-0.007782548291625506,0.2948143434222326,2.0383264969002286,-2.9998953820405556,-0.8514978064061617
-0.014820390688781788,0.008424801390369408,0.002542249845666651,-0.007780240108372444,0.296021806626926,2.058630361292024,-2.995714073489339,-0.8687876943294256
-0.014846845394539529,0.008441337183862481,0.0024930247367931663,-0.0077531889971914,0.2915864676594935,2.0142519632106572,-2.980553643420784,-0.8439995965039034
-0.014896028890418985,0.008522674487451535,0.002339114970622637,-0.00775346648954476,0.28427687583388467,1.886679402053719,-2.9950671796958193,-0.7400540777276291
-0.014890316522402672,0.008504584336487783,0.0023679462989623858,-0.007745015886291159,0.2850231891410003,1.9095667027647314,-2.9863515576263473,-0.7622062276482731
-0.014866158417696946,0.008461683830068595,0.002447083124707455,-0.007741943145908739,0.28855752211630803,1.974709783077276,-2.9767426086490936,-0.8165162308206181
-0.014874199517939446,0.008472971348407032,0.002424497780477023,-0.007740054185320459,0.2873404164144066,1.955776260189303,-2.9775070191710324,-0.8018950735724885
-0.014882931076101086,0.008487734303866392,0.0023968498831093716,-0.007740431912861873,0.2860466365519716,1.9329427710133158,-2.98036844800805,-0.7831441726432179
-0.014866008859977102,0.00844726639421419,0.002465329825575849,-0.007727090842391316,0.2884149551897059,1.9880124302481057,-2.96403898794933,-0.8332916649673922
-0.014753356714451231,0.00821332294561812,0.002874413966477025,-0.007647727856003503,0.3064516898733602,2.3164298224061515,-2.857645023769456,-1.1257705439327772
-0.014747532022544347,0.00819737854149731,0.0028997981766215853,-0.007637650086024622,0.3074698627195565,2.3359335790506393,-2.8466155311271923,-1.1448904212861881
-0.01474011463507001,0.008179882022298555,0.0029288251569917355,-0.007627996552189098,0.3087853154497808,2.358507400624861,-2.8353422104539625,-1.1661785820183599
-0.014707026743707968,0.008050770084721019,0.003112291613028183,-0.007516222538394678,0.31477060040148364,2.491136207071673,-2.7232852472180125,-1.3107345215200157
-0.014712446284452577,0.008066486063688944,0.003088587722316571,-0.007528255301246644,0.3137424393358163,2.4737203357227853,-2.736172944669201,-1.2929281872790777
-0.014718974777619192,0.008082284317285618,0.0030632790194100624,-0.007538519681565554,0.31251067096231605,2.454636003951969,-2.7478790433092324,-1.2744677356145548
-0.014724257102891688,0.008099309784356086,0.0030381435339914557,-0.0075520665101860155,0.3115304767995268,2.4362465345306386,-2.761993050945678,-1.2552469038590663
-0.01472921569123687,0.008120390361024535,0.0030088430845686405,-0.007571028015077843,0.31065312938356104,2.4153131609319876,-2.780760526003839,-1.2319529399341762
-0.01473889063704789,0.00814034963169336,0.002974691092931896,-0.00758094700347682,0.308865882418361,2.3887099109880605,-2.793236666633049,-1.2076525180207085
-0.014742249204034684,0.008159318092516996,0.002949376894666868,-0.007599231346316762,0.30831454177783263,2.3707967293646113,-2.8106976505887533,-1.186791532503667
-0.014819692157357936,0.008407326284282214,0.002564897630173467,-0.007762368935469008,0.29589098896201443,2.0752352889342904,-2.980108593836728,-0.8893917677296745
-0.014823383459433459,0.00838717442811499,0.002585847361450786,-0.007734047808259985,0.2951073155832435,2.0889533240035774,-2.9568853316298096,-0.9117933019473224
-0.014822012358604282,0.008369051105118062,0.002609626059867906,-0.007716308685444653,0.29518839575034744,2.1063478961951763,-2.9411214336369205,-0.9328217969950386
-0.01481799414870239,0.00835138217033099,0.0026356369985645247,-0.007703292812445125,0.2957518970613359,2.126191220008146,-2.928546962515753,-0.9538588179565558
-0.014811492019029482,0.008334266919723025,0.0026636639300108653,-0.007694792736441047,0.29678328556485206,2.1483035965478634,-2.919031248259284,-0.9748493288775196
-0.01480150640062644,0.00831451842799766,0.0026987572709374135,-0.0076887758423213135,0.2984181121464771,2.1766016194705897,-2.9104717185868134,-0.9997079241146205
-0.014796351532543757,0.008291521623949014,0.002732095826421719,-0.007670770752264042,0.2991520618044822,2.201678237889912,-2.8930179794129276,-1.0266645613137075
-0.014772849809463452,0.008215600958029515,0.0028483058391488296,-0.007619300364305915,0.30296626882792,2.2902072164209284,-2.8396594616572446,-1.116356717293755
-0.014777989098115188,0.00823163172745788,0.002823724149014677,-0.007630223673416192,0.3021056925685435,2.2715458937476747,-2.8511055125170266,-1.0975101947034054
-0.014786039280986228,0.008269807208357132,0.0027697331691751456,-0.0076622901640124655,0.30088699608839303,2.2316606539195942,-2.882057740724702,-1.0536533472524374
-0.014782280313800113,0.008248796614264118,0.002798737149259181,-0.0076436682198512745,0.30140878113438996,2.252901477603553,-2.864427954560187,-1.0776450608282102
-0.014654289189371587,0.007978390220833059,0.003257408411409237,-0.007499775342434608,0.32491050747880196,2.6082364512484166,-2.6871006879120007,-1.4054479368453985
-0.014672247199273842,0.008018757123095068,0.003191581224160419,-0.007526891369556122,0.32133590144920104,2.5588740335988756,-2.7188338446650424,-1.358149612956346
-0.014674504474664658,0.007999216642450417,0.0032089024093921487,-0.007497539944045458,0.32094853073809665,2.5675559246329374,-2.693450195562514,-1.3756480945063583
-0.014672288880881665,0.007981670833075716,0.0032298793396058584,-0.007477443837533091,0.3214574117828068,2.5809530069594047,-2.6745078645248923,-1.3931959019296996
-0.014690731718703413,0.008026637667550126,0.003158944097443607,-0.00750941308671986,0.31786077146861375,2.5284524569483935,-2.7106843102613714,-1.3416490246634307
-0.01470360284303737,0.008036304282228254,0.003131990044936654,-0.007502634256228933,0.31537489771774546,2.5049118014341167,-2.7097852074282707,-1.3262999195034186
-0.014649526567887696,0.00796229427251586,0.003280250161327159,-0.0074850549899053214,0.32589484898690274,2.624221848701925,-2.671864516505359,-1.4228946930578739
-0.014590913831599493,0.007831381023434777,0.0034893982777327863,-0.007387276834048095,0.33814488967379813,2.776367582763718,-2.5583296700497935,-1.5711808771333649
-0.014642269655094887,0.007944803413157021,0.0033077688042895048,-0.0074719306576791645,0.32736828998336437,2.6443528218155774,-2.6569980238309783,-1.442799652633449
-0.014643368617997752,0.007923445021137435,0.003327528862519091,-0.007441097306164446,0.3272159853997438,2.6542978157944472,-2.6297277606564635,-1.4614964127346353
-0.014638375822419504,0.007904914224572736,0.0033525909411845326,-0.007422858115038562,0.32830277165559957,2.6711568316098266,-2.611170827650263,-1.4806826309011585
-0.014628581411997257,0.00788560081298897,0.003384886518577886,-0.007410205379140831,0.33034040289979894,2.6950963346150623,-2.5955710554895712,-1.5030341413704913
-0.014622942686767027,0.007864729878716748,0.0034127391262351076,-0.007389159495493093,0.33152785396869433,2.7134488825159853,-2.5741709698562816,-1.5241733802723847
-0.014617211221180206,0.007848583583918942,0.003436045291670449,-0.007374641270779739,0.3327712204948508,2.7294192177818677,-2.558586783648757,-1.541148694016311
-0.014610421498564773,0.007833068743547411,0.0034601332646435755,-0.007362323617656999,0.33418483165121765,2.7464748230526346,-2.5444927296728514,-1.5580947642953051
-0.014512524133338174,0.007673191102653216,0.0037441556395134547,-0.007261489163375796,0.3555606067250148,2.955753071616758,-2.4083755951067976,-1.744787946496391
-0.01458265096920827,0.007814536211566421,0.0035168644173759343,-0.007374732224185881,0.3399139153760577,2.7961845713103064,-2.543294740202743,-1.590163501954686
-0.014582788061692137,0.007793367565255164,0.003536053077858195,-0.00734411402716133,0.3399750447376966,2.8048555531872803,-2.5157088025837413,-1.6073044507777536
-0.014577414173121056,0.0077747452573596115,0.003560605045039068,-0.0073246311995177555,0.3412254418872909,2.8204580967346113,-2.4956735689588156,-1.6255052665093037
-0.01456700496770516,0.007755588406080216,0.0035927568402576533,-0.007311002674090393,0.3435235254147292,2.843625989812153,-2.478631574694506,-1.6470884516386148
-0.014560988650703459,0.007734687930645651,0.0036198653482582763,-0.007288603362146176,0.34487833250700933,2.860398839503486,-2.4556516226001412,-1.6669759644283244
-0.014554587127116722,0.007717983981676801,0.0036436905576864576,-0.007272656469177636,0.3463263108206473,2.8759866339501663,-2.4382995674043815,-1.6837123898582658
-0.014531568169673582,0.007673276766348877,0.0037155298181095913,-0.007236753884613885,0.3514765783902316,2.925700914961897,-2.3951251242337572,-1.731656252701109
-0.01454708477133939,0.007702383682266352,0.0036680657892242236,-0.007259612293265453,0.3480099334030862,2.8926890745746934,-2.423037594479118,-1.7002035086886955
-0.014539357516193079,0.007687458173374511,0.0036921038697833174,-0.007247678184004905,0.34971784746805185,2.9093421676349664,-2.408649027652947,-1.7162302633248177
-0.01450381267472956,0.007657013764409048,0.003770674608563788,-0.007248398949851866,0.3575480469154985,2.9741249378081607,-2.3923677338378835,-1.7623223171170461
-0.01449981628778212,0.0076177908052996015,0.003808376442413134,-0.007193999084268716,0.35869651862298535,2.990351613432384,-2.3413864731733596,-1.7920127165285111
-0.014504021866662102,0.007635441532058096,0.0037878888876837304,-0.007215437551988348,0.357601848883423,2.9794057774509617,-2.3627249219365996,-1.7771289488578847
-0.014461809707524382,0.007590374817193112,0.003888242875446246,-0.0071998491239990605,0.36726669767475956,3.0575721157483806,-2.3280168430542005,-1.8375490909538883
-0.014474207512622307,0.007600759551803593,0.0038609884340076376,-0.007200312672465204,0.3643879173471593,3.035280309602089,-2.334550562524877,-1.8217058239321737
-0.01449351753189112,0.007602936199673131,0.003829670018160826,-0.007179327438102528,0.3601714340762463,3.0037679412510125,-2.3250972429251617,-1.8063601648111598
-0.014457901870328919,0.007573119349330946,0.003907580674543041,-0.007177930013814144,0.36820518683055115,3.067235056754126,-2.3062659090594084,-1.8515546160584095
-0.014458976481109635,0.007552157174589695,0.003921744929567982,-0.007144010784457527,0.36814474130523966,3.069102567104963,-2.27623783240368,-1.8638877512362584
-0.014453329418270607,0.0075331422340145174,0.0039446336478462,-0.007121291826294065,0.3695660366569158,3.081173130937841,-2.2530109428275966,-1.8796292027450292
-0.014432733227063909,0.007500136346819294,0.004000778028544274,-0.007094298231033317,0.37441868529569555,3.118969280659336,-2.2183822257098895,-1.9145528628101383
-0.014445152296252185,0.007517976313207146,0.003968470618757666,-0.007107465131249844,0.37148624762396615,3.0965608369372437,-2.236474536909125,-1.8947833133004834
-0.014425091324125634,0.007479952839712373,0.004027053471049222,-0.007071478783125198,0.376291447590227,3.1334264167133417,-2.1940373403038635,-1.9317535938896906
-0.014418046282183567,0.007463642595465571,0.0040494823063530186,-0.007053888219649599,0.3780066513358131,3.146255206300126,-2.1746721856879927,-1.9461177094041802
-0.014364564640881407,0.007410721197014206,0.004170623950844645,-0.007030192061546239,0.3908214852177543,3.2375016823219096,-2.1255258123180494,-2.0160178924866226
-0.014357272169601018,0.007396121011500867,0.004191851775462771,-0.0070146081507170095,0.3926443634884856,3.2497122291921445,-2.1077258979569042,-2.0290671020208193
-0.014349168846039909,0.007381880174545234,0.004214058479650635,-0.007000361143895059,0.394662610443834,3.2630910808995743,-2.090682568841794,-2.042452270406418
-0.014410381648042142,0.00744790153252231,0.004072361566348867,-0.007037751235445012,0.3798820311081601,3.15981617871536,-2.156291541273348,-1.9604740437736206
-0.014387250178826225,0.007427659800318145,0.0041228780981446755,-0.007031865353797291,0.3853514221236549,3.199074049869788,-2.139007798236768,-1.9892451670275493
-0.014405252214272196,0.007431290729299106,0.004091635084004955,-0.007017158363878176,0.3811836104918169,3.1689806838828254,-2.135227058402631,-1.9731169334413792
-0.014383165056669605,0.007410821282141121,0.0041404511678608605,-0.007009381052572638,0.38639745041849644,3.206124661357061,-2.116786104894047,-2.000937804383605
-0.014165697042796866,0.007101134668141418,0.004668911830081137,-0.006709158839252434,0.4414380374959679,3.5229824628022333,-1.7314217463644954,-2.2951578794755494
-0.014155145380088212,0.007089664419303445,0.004691831250835685,-0.006698510670580607,0.4441466271625492,3.5370189159207563,-1.7159818217931349,-2.306859078929772
-0.014143075637413363,0.0070785229334073664,0.004717216292111234,-0.006689578176805831,0.44744000649589105,3.5537033197258245,-1.7010660542918559,-2.3197648529964217
-0.014115762465726683,0.007039930617813137,0.004779296792382419,-0.006645129735029408,0.4545451794922477,3.584689208442993,-1.646529173817278,-2.350462317019306
-0.014136707383446457,0.007063312542477153,0.004734103397915765,-0.006668476743654467,0.4489266607606277,3.5583979062290454,-1.6791650514230192,-2.3280313530989734
-0.014127677124775615,0.007050322984059571,0.0047546810471205915,-0.006653401581533062,0.45128879802039384,3.5684965033516605,-1.660842719848166,-2.3381786243705154
-0.014184629621861893,0.007097559205757993,0.004637671253085985,-0.0066862521381941655,0.4362610571854402,3.488482431356058,-1.7230061995985537,-2.278820449043153
-0.014340801470751868,0.007367486973931324,0.004236683871894014,-0.006985991967659859,0.39676647741864257,3.276707157411542,-2.073377283919999,-2.05598333388486
-0.014331312915332618,0.00735166099520054,0.004261907549248811,-0.006970311591731609,0.39912587491623847,3.291925159256444,-2.054294686960935,-2.0709307376343875
-0.014329748530250442,0.0073320205425919755,0.004276172291318876,-0.006939643437878747,0.3995300931627921,3.292984867471866,-2.0262647189534158,-2.0806640326005414
-0.014194642409581194,0.007140414429952576,0.004602347987031492,-0.006750958944538132,0.4339032818422855,3.4863633533821328,-1.7845731484260294,-2.260743612730756
-0.014203323226762281,0.007154110339339136,0.004581359008210121,-0.0067664954331465915,0.4316736789687016,3.475634564063237,-1.8031093068090527,-2.249698247387014
-0.014211659817060067,0.007167865171153597,0.0045608188160790935,-0.006782306284198478,0.42954823852882934,3.4653015802037843,-1.821692959710283,-2.2387809753569616
-0.014194924723687706,0.007110577367910774,0.004614624243530502,-0.006699449192349748,0.4336231170987866,3.475426418543869,-1.7403936061181025,-2.267028978946963
-0.014204709620084814,0.007123966205969335,0.004592200913040724,-0.006713566258252903,0.4311008279717356,3.463186969393957,-1.758253942862418,-2.2554764620653476
-0.014219493608614908,0.00718179546496381,0.00454093699914657,-0.006798751216775736,0.4275490613209691,3.455674419669311,-1.8405356629271232,-2.22810135503676
-0.014227537659307376,0.007196032596892401,0.004520423047434694,-0.00681538233410986,0.42545534534993806,3.445526176136967,-1.859677147083335,-2.2169747642915216
-0.014233076698976107,0.0072092199840408985,0.004504569743550788,-0.006832517987502719,0.4240822286979481,3.4392501423842914,-1.877851434977358,-2.208183958727142
-0.014270497705429392,0.007261614266497449,0.004414336499463448,-0.006884118770955191,0.4144280332483215,3.385385549657735,-1.9444505241057415,-2.1583251667811756
-0.014261966073934242,0.007248244162946897,0.004435777583417437,-0.0068701838948023826,0.4166244052854767,3.3976414028321646,-1.9273794344552628,-2.1703589651959785
-0.014250900600516992,0.007235934093263423,0.0044608713429035935,-0.006860407067538032,0.41956048363169984,3.41432350183861,-1.912520536747028,-2.184094911346944
-0.014246943181017309,0.007218846752015168,0.004476220668051538,-0.0068353381164861105,0.42046010204118384,3.417343687609784,-1.8882494934438847,-2.193045007850292
-0.014324902223297313,0.007315496096466898,0.004293779339862107,-0.006917565105864955,0.400776841165496,3.299577716561729,-2.004080535389679,-2.0915342378472777
-0.014317285791552234,0.007299566189173697,0.004315440573407009,-0.006899266919157431,0.402681251703975,3.310685569538952,-1.9837558416777081,-2.104268279357481
-0.014306770596892544,0.00728423988229671,0.0043414204096928165,-0.006884805457220914,0.40533276908965604,3.326549737525744,-1.9652304272464456,-2.119018025030226
-0.014292435859008416,0.007267085749952088,0.004374635037369955,-0.006870974146043782,0.4089694469873749,3.348404842494113,-1.945140658960858,-2.137513100938539
-0.014110102082378121,0.007025517592580153,0.004794249157013337,-0.006624481198310093,0.4558367947042317,3.5877397239801287,-1.625523180231997,-2.3574072998545286
-0.0141021958104248,0.007011739627218248,0.004812792596810732,-0.006606691268226016,0.45792822389587856,3.5947986416480755,-1.6056158247693915,-2.3661321968888043
-0.014092541294113506,0.006998190993442223,0.004834205563936793,-0.006590576643129258,0.46042510740998566,3.604809945479761,-1.5860628513633597,-2.3762557296698827
-0.014082128723859685,0.006985102811165406,0.0048566925983382575,-0.006575711161742694,0.46318838783631167,3.616167607530062,-1.5670962489766795,-2.386870208364669
-0.014071070559923463,0.006973307761175303,0.004879827217048226,-0.006563464019637575,0.46602882847072297,3.6291459699596493,-1.549923735623665,-2.397831395298518
-0.014059103511157484,0.006962381583716257,0.004904253077640157,-0.006553270329142187,0.4693946846747162,3.6440144336818805,-1.5338739857333417,-2.4094399517197673
-0.014036120520645916,0.006921188463183475,0.0049563063801597055,-0.006497166329743853,0.47506734666173916,3.659591772164504,-1.4726846121861359,-2.431735947915232
-0.01405206773373565,0.006947721776036822,0.004920886736102483,-0.006532556924839116,0.47097869680171717,3.6478168448871835,-1.5121609037072792,-2.416521199274518
-0.014045170358685112,0.006934648777853093,0.004936697417979099,-0.00651446621057489,0.4727622418625083,3.652054049721888,-1.4927630753345478,-2.4232245154618854
-0.014026294798626984,0.006907632007238194,0.00497719029437792,-0.006480114693076122,0.47762354685994074,3.6681719545422564,-1.4523346585038055,-2.440777369627149
-0.014015064836048398,0.006893141042850087,0.005000664518586248,-0.006462229329946564,0.48052392664020077,3.678318782149034,-1.4304200272580174,-2.450900107601616
-0.013995004359103792,0.006842365168076771,0.005047303125485067,-0.006385392991156635,0.4849475422401191,3.6780428208000076,-1.3550784490706729,-2.466866985603413
-0.014003607006751358,0.006856813304026499,0.005029072857355593,-0.00640537465244563,0.48281446473158357,3.673436225848874,-1.376776890116499,-2.459935626524871
-0.014010892298528105,0.006873127740407228,0.005012622716937517,-0.006429458604516991,0.48114198300119887,3.67209865343694,-1.401021826858841,-2.4540704597190426
-0.013986856224400991,0.006827775512134797,0.005064590148961851,-0.00636474911346726,0.48688344212427564,3.6814738611406512,-1.333170654095744,-2.473158609372575
-0.013980288627988943,0.006810683795276541,0.005079341557068478,-0.0063385516956741385,0.48825232879619,3.680060462065384,-1.3079070245729518,-2.477543616007502
-0.013973377089952527,0.006792841534495369,0.005094614288002397,-0.006311184551236666,0.4897353832536096,3.6783617302078144,-1.2816551718161568,-2.4818724425956096
-0.013964033832807454,0.006777384011494334,0.005113612314972724,-0.006289462993810626,0.49198422830754956,3.682229386201963,-1.2583788669134461,-2.4883872954616773
-0.013905353977161361,0.006756114554624246,0.005221507846160211,-0.006285901933506178,0.508926010313484,3.764698002434347,-1.2161920849459908,-2.538454240764794
-0.013832747075057524,0.006642968421617855,0.005360486152044256,-0.0061194894629570925,0.5258704202420038,3.7834685794301195,-1.0384906307187505,-2.5781848578375537
-0.01384395863292328,0.006655226213900334,0.005339899621184674,-0.006136233885910788,0.5230318063203813,3.776801864566609,-1.0589138900669772,-2.5716075657600954
-0.013854630784579054,0.006668575735201385,0.005320110793132434,-0.006155055877635206,0.520409140390699,3.7717964599507687,-1.0805528807933191,-2.5655959644052064
-0.013864891503454112,0.006683363208376607,0.005300833687548583,-0.006176529514019415,0.5179781995122853,3.76852145744281,-1.1039651036074078,-2.560084858717406
-0.013900287037206006,0.0067359748778307105,0.00523282353872763,-0.006252434950930583,0.5095260325555061,3.7560482925356022,-1.186658896238814,-2.539442261278085
-0.013875668336674292,0.006701997417580552,0.005280167569311748,-0.00620452845819882,0.5156026946578226,3.767549240938156,-1.1327819112459574,-2.5547294719240896
-0.013890718913231405,0.006718477891698169,0.0052517202687973824,-0.006226187647955923,0.5116833672965201,3.7569404517467397,-1.1597835198175268,-2.544670837827642
-0.013953726634763694,0.006763189918563503,0.005133964818934029,-0.006270429426111341,0.4945246319356338,3.6883821794747136,-1.236640197529235,-2.4956944629949134
-0.013926595650574776,0.006753318681817363,0.005183638337157307,-0.0062686785038937876,0.5022236326590096,3.7260766631425652,-1.2171822355063056,-2.5186279446123323
-0.0139430129492183,0.006753171526430429,0.005154353980442566,-0.006258905010145312,0.49739265221734535,3.6982990662573756,-1.2205263332820444,-2.5038023927482778
-0.011087095945483365,0.004999464537219138,0.007994453695042618,-0.0017363768987805769,0.6274754595685782,1.9470098735461134,2.234519977067292,-1.120485882783117
-0.011169150966244337,0.005001948950471133,0.007944493093225922,-0.0018562495240464871,0.6371547003761248,2.0258873843826914,2.182541055305707,-1.1979159121450584
-0.011145444226877334,0.004992106355986299,0.007948998210296392,-0.0018159263612649889,0.6305478266568291,1.9954225694151078,2.1902243720453387,-1.173518230879704
-0.011121900787703752,0.004984698793606755,0.007955811591932123,-0.0017774316507682165,0.6248528018415237,1.9672106689178699,2.1994998199608724,-1.1498645048451055
-0.011102092674577027,0.004983214490791499,0.007966658456644468,-0.0017479873336038389,0.6221952126268046,1.947497055674311,2.211046031600547,-1.131068536184136
-0.011313864915019423,0.005059350653806385,0.007906578348397806,-0.0021009052365679784,0.6732738417654597,2.209524709409544,2.125163518236431,-1.3464297305316257
-0.011332136386605244,0.0050545504853061725,0.007887341266454868,-0.0021225984074685696,0.6719820788871933,2.2202931913225203,2.107042588523083,-1.3609332668745902
-0.011299666792292627,0.005045384114542827,0.007901485128310555,-0.0020707035463338884,0.6661844802698873,2.183198574310761,2.1245501377176814,-1.329094702849851
-0.011280860467820925,0.005033468897084271,0.007901962933448975,-0.002035743864025597,0.6597266819632539,2.1551558723278528,2.128942208805496,-1.308468146254177
-0.011241038255310355,0.005025952190034979,0.007922171774809262,-0.001974567735885417,0.6537189172000338,2.112886239755717,2.15206780260811,-1.2703322872870064
-0.011261141805122402,0.005024801570567039,0.007906530061203704,-0.002001947104121413,0.6545191822462831,2.1295446066499433,2.13642648143681,-1.2881036108310404
-0.011228297182637847,0.0050106371687310925,0.007913916183910673,-0.0019458809612183977,0.6458889676473478,2.0871654048042876,2.148518904698342,-1.2542930173523208
-0.011208476238040735,0.005007289040849381,0.007923893814867937,-0.0019156527039813004,0.6430018537088628,2.0663657382167657,2.159796727356245,-1.2353593534067313
-0.01119047720855871,0.005000005026484045,0.007927987958431413,-0.0018852333966614134,0.6381756302935535,2.0435181891686196,2.1662677234225596,-1.2169447262062218
-0.011184126571320903,0.004984339930691341,0.007914693097120841,-0.001865705885604548,0.6308429730947298,2.023788879392995,2.1575661743348125,-1.207008095211818
-0.01134835622752433,0.005040563464298815,0.007859311638698211,-0.0021341605420477166,0.6665150008244239,2.2197009558865664,2.0829954516024607,-1.3701895531202348
-0.011369559824176364,0.005054313122301153,0.00785818959297495,-0.0021737269730156736,0.6735321950974048,2.251387360630454,2.077277728970097,-1.3934390655225963
-0.011390108784210044,0.00506255001612188,0.00785117606591995,-0.0022081421600217534,0.6780638489316149,2.276880759630572,2.06730555163187,-1.4141596607593714
-0.01161285235062103,0.005131613539052471,0.007736046957437175,-0.00256037973099213,0.7093696154775774,2.523430070018638,1.9249950835228475,-1.6256221751319166
-0.011591501193166912,0.005138030944626613,0.007762661251552178,-0.002538975708368486,0.7128638238151713,2.5164125690174934,1.9496340212383674,-1.612333602743259
-0.011411159159432764,0.0050620013643302335,0.007833743495337749,-0.002236151279349698,0.6783514600890282,2.2933804569843725,2.0496881820770088,-1.431881748370383
-0.011446244121031533,0.005080408347271407,0.007825527369282189,-0.0022982082710281573,0.6873605495306433,2.3412371888829715,2.034937239232972,-1.468772484791011
-0.011433628163499096,0.005064288196702327,0.007818060948020438,-0.002268111783381398,0.6798664954100859,2.3137016785244917,2.0329096311855217,-1.4516474178201948
-0.011575262517507713,0.005124158808458649,0.007762197661000686,-0.0025054738472290432,0.7069130950243901,2.488163514951959,1.9544240867032683,-1.5928584683747091
-0.011471395199933225,0.0050805954454623365,0.0078047772057753045,-0.0023318290271829626,0.6877037492018642,2.3610322939975883,2.0136971217206256,-1.4897153568335952
-0.011495264738190396,0.005085759205981248,0.00779026133298063,-0.002367671918230365,0.6902235323329885,2.3849980151322225,1.997077480153376,-1.5114355277345612
-0.01151295838535436,0.0050953773525457685,0.007785646752024105,-0.00239912502384546,0.6945931689116625,2.409208498184052,1.9888929031063278,-1.530024832392453
-0.011554992461860179,0.005114049617531406,0.007769279666540089,-0.002470231863626537,0.7026769475244395,2.4616668823460404,1.9654281400945892,-1.5721042244145667
-0.011531238342578921,0.005096939246150171,0.007771476070415011,-0.0024243331873172454,0.695092845725466,2.4245145415041818,1.9739371047096983,-1.5453599912061795
-0.012412525515088549,0.0055134901946459645,0.0071985094852223845,-0.0038693372701054207,0.7573836923882354,3.380102945661467,1.1980902524479402,-2.322214726447902
-0.012498025436647395,0.005557754682314348,0.0071182473779444625,-0.0040012638301493075,0.7520672107912171,3.446892763555987,1.0946078657199931,-2.3779907258709128
-0.012512907505308448,0.005552046517564359,0.007091996325795906,-0.004004699764127182,0.7461543003916343,3.433916532010089,1.0755187048665764,-2.3748269587415636
-0.012467953995640421,0.005548559637908427,0.007152784568549459,-0.003964256467672415,0.7565286378870643,3.4356491442595316,1.1321037290675833,-2.3648439959192546
-0.01242522824469731,0.0055243869289302435,0.007190860440718374,-0.0038951594008175814,0.758314465020077,3.398180997652489,1.1835916357630012,-2.3347690134162
-0.012438570259225118,0.0055367795417286285,0.00718352940809771,-0.003923603948151493,0.759670910973158,3.4186584627517607,1.1682787229661875,-2.348684121140918
-0.012456669541504296,0.005532044270066191,0.007153832979999387,-0.003931822473170715,0.7532725470546117,3.4079876739169594,1.14473807560595,-2.347830043333317
-0.012486247930399968,0.005543711820046439,0.007122543456756648,-0.003972015642017522,0.7499769883694557,3.4240414953380482,1.1085022257818664,-2.3633805230653553
-0.012427820690701493,0.005506043913635286,0.007170548508525566,-0.0038718534812020233,0.750862257611282,3.365676753353475,1.17777751505155,-2.3188009487357695
-0.012525928012479324,0.00555673753729199,0.0070774858582007315,-0.00402138374206805,0.7443887046682631,3.439522358076836,1.0594105251877564,-2.3807567728687675
-0.012539706462962175,0.005563828085229487,0.00706386394709333,-0.004041975636293798,0.7432763799520522,3.4489863671998635,1.0423944537087524,-2.388811305898042
-0.012553491563855384,0.005571066344643656,0.007050231901485712,-0.004062695724390002,0.7421401886611299,3.458528443948413,1.0252583384491698,-2.396865540099397
-0.012567765841423868,0.005576870147512562,0.0070345400247279624,-0.004081599693750896,0.7403181127798265,3.465186600764824,1.0074359193176052,-2.403482482618156
-0.012582062652555398,0.005583566430324867,0.007019452796791728,-0.004101694512800358,0.7387635696435807,3.4731829958862117,0.9895177414266957,-2.410752120064776
-0.012596441539362449,0.005590724290374722,0.007004504200977085,-0.004122407763492416,0.7372905153167911,3.481735209006851,0.9714165756748757,-2.4182782765627358
-0.012824935990354159,0.005745163866165828,0.006779156102457079,-0.004499116514072364,0.7188795962414523,3.6564444751565413,0.6638904888529573,-2.5512036873888544
-0.012837855649780114,0.005749461374785852,0.006761960348502229,-0.004512678658484267,0.716125367426784,3.656401905126635,0.6469475335147864,-2.5531385709872745
-0.012852529132151994,0.005757949248146014,0.006744934859726306,-0.0045336232259708805,0.7139355872011297,3.6625454830600774,0.6266279808620147,-2.558494432974792
-0.012611095007109501,0.005598389944274981,0.006989440316938042,-0.004143946321472476,0.7358579102076375,3.490860037087779,0.9528714646357234,-2.426109464212784
-0.01262600957594553,0.005606717588718311,0.00697439360534416,-0.004166527360224915,0.7345114116445726,3.500819021926685,0.9338712162956925,-2.4343768597570734
-0.012641126616001292,0.005615959846551268,0.00695963988031281,-0.004190488411766942,0.7333443231331805,3.512066685628944,0.9144400201537629,-2.4433038508734204
-0.012655982573541688,0.005626502547569273,0.006946160654209847,-0.004216106264914639,0.7326162630767762,3.525444358729039,0.8950779780586192,-2.4532362520099817
-0.012669530231274186,0.005638631857087372,0.00693573671391049,-0.004243162863620929,0.7326419027979592,3.541890343809388,0.8769873143659387,-2.464461882333626
-0.012678138938338749,0.00565094456533212,0.006932729725491275,-0.004267271357610006,0.7342517405985459,3.560483852533163,0.8647538945566542,-2.475820434895413
-0.012692557431108156,0.005656835943312943,0.006915691496399701,-0.004285433869485863,0.7317718020535967,3.5651128457001064,0.8460376097562606,-2.4809755194521284
-0.012817869450462952,0.005733409071765508,0.006781604170421664,-0.004476901547965686,0.7176877113654228,3.639548939012317,0.6759009948911211,-2.5412967813896636
-0.012809233260910055,0.0057217506798969186,0.006786494215742728,-0.004454031965811739,0.7169468499732542,3.6237322047364993,0.6895736550565987,-2.531686561183984
-0.01279235374397281,0.005717250388049764,0.006809407779562535,-0.004437723441014174,0.7207971393120302,3.624940467073188,0.7112498419436727,-2.5296493186560878
-0.0127103689656431,0.005667380611142884,0.006897066373281744,-0.004312635198996536,0.7300220956394323,3.576336558733778,0.8223412584549114,-2.490146252134237
-0.012738862626735592,0.005684719471647817,0.0068671603532217155,-0.004356529281747171,0.727026671046583,3.5942405015474823,0.7840345372993354,-2.5046101096949545
-0.012729640718393156,0.005669020716652739,0.006869049171721327,-0.004326996380178488,0.7247493651491994,3.570663719071027,0.7983075249433261,-2.490646226555041
-0.012771451537493227,0.005701863522732567,0.006830188164436791,-0.0044020526484295835,0.7224979748423718,3.6085703837897505,0.7404315403208831,-2.5176824335270287
-0.01275689273523038,0.005683780820856699,0.006838817129458994,-0.00436579612483292,0.7212624150162374,3.583901909617245,0.7620824773318414,-2.502328491091967
-0.011995947124402613,0.005318496098900068,0.007537178181341089,-0.0032121087265313576,0.7596511179103665,2.99055550874558,1.6405666496149192,-1.9972013383135263
-0.011981593647844761,0.005302142993654898,0.007536692171399237,-0.003177399679456415,0.7544177944242466,2.959934341220968,1.6484197285508293,-1.9773690477071402
-0.011966782515522037,0.005286966588607571,0.007537791284856383,-0.00314366624470724,0.7497239101672499,2.9311154882889787,1.6571309649147548,-1.9582033439090587
-0.01191878696676115,0.005267547638666661,0.007571246749692952,-0.0030679008661557913,0.7472703768354865,2.8818529164845548,1.7000085524318744,-1.916655652591435
-0.01193357103658733,0.005269661143599889,0.007557061621203904,-0.0030870075406504594,0.7463782120369439,2.8914746691900564,1.6847987109350584,-1.9269130919346897
-0.011950374524071022,0.005275950595833185,0.00754484095428857,-0.0031129305015766408,0.7470301313497675,2.9079322481769654,1.669567632166612,-1.9410752413536676
-0.011908152232700343,0.00525713110340119,0.007572039280736291,-0.0030443068477083754,0.7439105263569487,2.861795797771699,1.7057761882824984,-1.9031814419674966
-0.011878843484944885,0.005252559426009255,0.007599180701153321,-0.0030056046236743177,0.7452234206544809,2.841398592898219,1.7351483685387195,-1.882071575118495
-0.01189530268259355,0.005247851913895103,0.007576353531734968,-0.0030194718787636817,0.7412072169027196,2.842471465769734,1.71448320237428,-1.8891673489526277
-0.011863459002462835,0.005242378101132113,0.007604998905144306,-0.0029767539625843308,0.7422221760137125,2.8192623099682366,1.7457396473918017,-1.8656997677572276
-0.011846333176621565,0.005236802554633669,0.007617387320831634,-0.002950764147056677,0.7415841287267253,2.802748350554786,1.7607327889831232,-1.851170593966717
-0.01180391393325447,0.005213602371748268,0.007637243727504404,-0.0028762188377013764,0.7350534802923068,2.747865021152197,1.7911884813252834,-1.808669504775205
-0.01183136428773415,0.005222055649338802,0.007617572198065121,-0.002917567297582455,0.7363566998704495,2.7742706936811428,1.7675897114120933,-1.832091462154821
-0.011787386315292296,0.005196890708206885,0.007636472883444934,-0.002839277901926803,0.7289588531129855,2.716000597120314,1.7976625265261161,-1.7874422299841595
-0.011751984833249123,0.005183001154437837,0.0076575363453437765,-0.002782615564886653,0.7254453539779333,2.6771983278310834,1.8247835842405895,-1.7550087110565682
-0.011773140253815144,0.005186513203346553,0.0076399428371273235,-0.0028116544316751017,0.725357456235411,2.69399862105864,1.8055859943640058,-1.7715694539232076
-0.011639761454090718,0.005130536841836118,0.0077098838021958105,-0.0025933600180949846,0.7078962264932461,2.540251307473586,1.89888229062773,-1.6454180431637402
-0.011742647301507762,0.005165533104067308,0.0076482146598780745,-0.002753880360662003,0.7182234446647167,2.6487876587506056,1.8227134424512528,-1.7384411082565348
-0.011720191980213984,0.005160054274468047,0.0076645389654578676,-0.0027211986963856048,0.71731793960903,2.628303263436663,1.841398396045536,-1.7196311262594985
-0.011691056627332823,0.0051549174444902425,0.0076874020828639625,-0.002680415092322939,0.7166282935403598,2.60378243093253,1.866544940361598,-1.6959920526898118
-0.011666196527567145,0.005141916714769608,0.0076972345904148835,-0.002637122135909531,0.7119160557132808,2.5716328722463255,1.8816333619860004,-1.670940347874221
-0.012356796038884415,0.00548635053937007,0.007249674168090006,-0.0037839608561794926,0.7603274787032275,3.335426561680499,1.2635256911319546,-2.2844037386183866
-0.012342465823294319,0.005477808919284798,0.0072610121254371015,-0.0037596801709090105,0.7603055822099775,3.320717876806612,1.2796953946181657,-2.272948172696548
-0.01240024797721049,0.005500282900034775,0.007203299873977953,-0.003840698869019023,0.7553153314978699,3.357836082092794,1.2114687396658583,-2.3076051635163
-0.01238754450773086,0.005486713195111479,0.0072081894907468505,-0.0038112507400345427,0.7531973454380138,3.334988261002571,1.2250433223327872,-2.2925641773218755
-0.012373522857508888,0.00547555700709159,0.007216940309157693,-0.00378398052070182,0.7522577178976948,3.316310944259882,1.2404372630531666,-2.2792720552237533
-0.012106516011229085,0.00538671907050281,0.007475679318383191,-0.0034126636280668206,0.7715992929948402,3.1349898088083794,1.5421929961626217,-2.1064310944831988
-0.012123054892740296,0.005387135734022578,0.007455721657480991,-0.003430426923850843,0.7686703010507161,3.139883600805509,1.5222443028837775,-2.1145768778232292
-0.012140575715423454,0.005377610005827215,0.007424445678272662,-0.0034366686513629258,0.7613565326586511,3.128455499986974,1.4970569419506636,-2.1149923411661278
-0.012093356161112127,0.005377152795007376,0.0074819965969127895,-0.0033870992277599088,0.7696860807438144,3.115737457666302,1.5538814725971355,-2.09251577397318
-0.012081466820768482,0.005361159664713997,0.007480053207042301,-0.0033551089443875086,0.7648008755558008,3.0864649440307708,1.5609205184684312,-2.0742097230545418
-0.012067498947070807,0.005349955751939626,0.007485391588941961,-0.0033267965071685766,0.7622682883547219,3.0643614608991054,1.5723527387599388,-2.0586125235330246
-0.01205174340035889,0.005340759818417566,0.007494760104186995,-0.003298981560748903,0.7608390386276956,3.04480599137533,1.5866036889208048,-2.043579837104739
-0.012031073145173578,0.005332106830972582,0.007510293517535855,-0.0032664507775147828,0.7603242913205993,3.0243453992234213,1.6066284684397236,-2.0262980755630235
-0.012014915087654354,0.00531290899442191,0.007509392839325584,-0.003226435308122002,0.7543265058232523,2.9889002485271052,1.6157839429968137,-2.003507968361965
-0.012328435172609153,0.0054680511363579265,0.0072706401124837975,-0.003733977165751323,0.7597234113727164,3.303696514706496,1.2950358781349944,-2.260372286747423
-0.012201849487540368,0.005386144781899141,0.007356362478118853,-0.003508501196895225,0.7533667773481324,3.1543593377836125,1.4264511926513117,-2.1476386219818817
-0.012185169814168796,0.005379114588442083,0.007370432933601181,-0.0034832914409698855,0.7536860997098976,3.1400022915519195,1.4439924064016987,-2.1352471803708144
-0.01216932454199478,0.005372579169113428,0.007383772783447477,-0.0034594191146653137,0.7538907596560831,3.1263494916550347,1.4605619070973326,-2.1234132715004357
-0.012154866525245497,0.005368877434407513,0.007398049881580562,-0.0034403418100677693,0.7551286844276794,3.1173632970515506,1.4764138378350322,-2.1142904735302386
-0.012315049976853681,0.005455037907288767,0.007276158294098545,-0.003704499145264969,0.7575504040475024,3.2809692392655196,1.308577207706576,-2.245064809362063
-0.012301225165203863,0.0054413605350374815,0.007281463201769458,-0.003673785918299029,0.7551990974352835,3.2571082082124305,1.3221975392379477,-2.229041082243946
-0.012255050264802177,0.005418393500700962,0.007319749408494483,-0.0036008194556105487,0.7558235132627094,3.2148984109401235,1.372407615566066,-2.1942060032850854
-0.01226997947822069,0.0054222422729058835,0.007304100368543812,-0.0036198476801458193,0.75428742524912,3.2227582729631727,1.3552869628618955,-2.2026054090257747
-0.012286096628757974,0.005430006154354536,0.0072905133865486275,-0.003644956130102288,0.7539752520969988,3.2370363555822337,1.337751120943077,-2.2145263029692117
-0.012220311988332769,0.005394480160301182,0.0073411180039141604,-0.003536974301115592,0.7531743391964804,3.170879369261971,1.4070310088419526,-2.161608065284532
-0.01224281473771087,0.005403656971578358,0.007321283405634856,-0.0035702445442701365,0.7523736842921575,3.1890076505272895,1.3827535461225209,-2.177552133587849
-0.013797170397128453,0.00660788156571129,0.005425032958487646,-0.006072225116464853,0.5350773770841347,3.8067809154133685,-0.9781016748717967,-2.599005572439442
-0.013780852930481561,0.006593352208662068,0.0054543359323486204,-0.006052884197684246,0.5393696808190781,3.818351688299537,-0.95221534429981,-2.6085249787085165
-0.013767823275821468,0.006576301578522888,0.005477437460583525,-0.006027355969049641,0.5423694946758854,3.821435579060686,-0.9242180073678482,-2.6139803342321035
-0.013737031514061575,0.006545564952294728,0.005531653716974063,-0.005983552141222835,0.5501898310423964,3.837525036987281,-0.8701903403713944,-2.629188526439752
-0.013755210393363972,0.006561566319839375,0.005499644433037228,-0.006005660487623392,0.5454397134720396,3.8259045541824235,-0.8993173414866028,-2.6195837489024707
-0.013725302350584508,0.0065285315863368686,0.005551696592330791,-0.00595694483625658,0.5526869719227158,3.8371417882831547,-0.8426739507840665,-2.632490281052504
-0.013714457317708373,0.006514511203805679,0.005570154964573803,-0.0059353453176334775,0.5550897067858386,3.8383732240912436,-0.8194061407166003,-2.6359589854000665
-0.013700987694534423,0.006501431117358618,0.005593278360224745,-0.005916167804624255,0.5584676435506041,3.844507381511366,-0.7959372184551725,-2.6417876427546534
-0.013649063984137568,0.006444694880686106,0.0056800279936413045,-0.0058290120021803095,0.5706393527700548,3.8570331622018443,-0.6970401690050148,-2.658793419844365
-0.013660464264446651,0.006456764909863278,0.005661181388204559,-0.005847691593882689,0.5679637924843172,3.8543375082490208,-0.718353584173864,-2.65526321257561
-0.013683081712328661,0.006487979837192701,0.0056242284258334945,-0.005897488734252317,0.5632822198655153,3.8567915134751334,-0.7695312047472491,-2.6508943825362894
-0.013671272202154057,0.006470392386473324,0.0056434667749655784,-0.005869219159761714,0.5655982572969559,3.8541511044895995,-0.7412060210359351,-2.6527298034217313
-0.013815187806140428,0.006605134358503012,0.0053925924798001465,-0.006059437485026503,0.5291777588286767,3.7746500718210676,-0.9816377375976207,-2.5823996406022887
-0.01382778267888123,0.006613599009897305,0.0053699638059055725,-0.006069023632376993,0.5257676286407592,3.76270863325817,-0.9975481665496521,-2.5740241093916425
-0.013840586971195674,0.00662515520337938,0.005346856609459705,-0.006083872947684337,0.5224799291245529,3.7532976074089706,-1.0174679744258894,-2.5662555991090943
-0.013638023671868298,0.006432884412111726,0.005698129797592878,-0.00581057543284295,0.5731904569232303,3.8592202045920856,-0.6762165221837028,-2.661954346665268
-0.013627290570320897,0.006420292991743919,0.005715415016319925,-0.00579053449605215,0.575536239876039,3.859688881278909,-0.6546239755711117,-2.664276317311345
-0.013656054457384157,0.006427662247229893,0.005664936460953728,-0.005796569092263375,0.5668293879811794,3.8255077910972197,-0.6806543481506181,-2.644921659224677
-0.013536613560222498,0.006332573311701919,0.005860218835025705,-0.005650269089504222,0.5965741837416213,3.8779149579693635,-0.4930727193448519,-2.6864872250246172
-0.013589723077299005,0.0063903756799524696,0.005777617596402138,-0.00574496996955753,0.5850649637908675,3.8776245309939372,-0.5954353911403332,-2.6784038234350507
-0.013599630839675518,0.006405170129626824,0.005762609384562411,-0.005769581552379767,0.5833135425377786,3.882056546794758,-0.6192087652385156,-2.678494310599391
-0.013618443303725893,0.006405202749326278,0.005728719838861696,-0.005765455682269882,0.5769638957573177,3.8538870276898574,-0.631251173892787,-2.6636089231463376
-0.013547699399992456,0.006345840727953286,0.005843531955552715,-0.005672408997694032,0.5943626906770197,3.8800184400566864,-0.5157871463835076,-2.6858965943468287
-0.013560018253136331,0.006362098369872312,0.005825132271283289,-0.00569961753169169,0.5920511186953278,3.8840211111200955,-0.5427774979019376,-2.685824132640534
-0.013577668005553295,0.006376996403952481,0.00579659869292993,-0.00572323539253817,0.5877371766945165,3.8778953472757753,-0.571854742391702,-2.680513216143772
-0.013486986410959238,0.00626117504171132,0.005929354281134429,-0.005528599054682465,0.6046295784869637,3.8477104503441737,-0.37933684140154994,-2.678650719868109
-0.013544295035746915,0.0063138496522674665,0.005841876829831136,-0.005615738495294644,0.5919306763561193,3.8414900901809834,-0.4779230726338027,-2.669720664926785
-0.013503385694750897,0.006275069002919232,0.005904286112860432,-0.0055517494984287765,0.6008457678753044,3.8448945071618197,-0.4063831068399324,-2.6758149819066843
-0.013519007663136857,0.006288630655856217,0.005880299061439414,-0.005574149602850479,0.5973184330345224,3.842249340867794,-0.43238732442686684,-2.6730023521105863
-0.01353196497558059,0.006301936362124759,0.0058607888183859,-0.005596212114939647,0.5946106744741488,3.8425367906449135,-0.45612733639115005,-2.671667039552283
-0.013146415218274983,0.005997844152439272,0.006413006975884123,-0.005040640363160843,0.6763796855244478,3.8420787273976003,0.16748031942916286,-2.6804327663800325
-0.013157332188723538,0.006012426032430206,0.006402210279835334,-0.005068207043105466,0.6757160055944132,3.855651857186978,0.14565078243738017,-2.6877706472826266
-0.013097241370436698,0.00595924938660574,0.00647492299304665,-0.004961862095664376,0.6847368627453979,3.824364755684879,0.24644047148372916,-2.668505182302011
-0.013107994913881926,0.005972926048747033,0.006464545872545704,-0.004988110631121066,0.6841562541998437,3.8376063111642487,0.22586480290255492,-2.6759180447150652
-0.013135587342012485,0.005985342466154094,0.0064246078369720626,-0.005016617139501256,0.6774417307867946,3.83166883821781,0.18764820779589583,-2.674617211701911
-0.01312607530111914,0.005970672268063274,0.006432613315441558,-0.0049892300967170474,0.6775023059419566,3.8160377198311752,0.20770024876522789,-2.666181388757956
-0.013085619539325308,0.005946266064986477,0.0064869937569898796,-0.004936498672556141,0.6857918726370174,3.812852974737551,0.2674055615650419,-2.661843025616154
-0.013102408944445958,0.005942890189253362,0.006456810808696934,-0.0049357988866109695,0.6795192986317428,3.7912871028728725,0.25113389377023804,-2.652096406035653
-0.013075114399601878,0.005930957395080712,0.006495643509983037,-0.004907544010613672,0.685818104123202,3.7960509372106555,0.2883708162011964,-2.6525047633060344
-0.01306376746248991,0.0059154461012306805,0.006505391927731584,-0.0048779981621979406,0.6860829615496803,3.7795322897040147,0.3101050905317002,-2.643166804344921
-0.013050425687951221,0.005901895935335437,0.006519436422714416,-0.00485104151443325,0.6873412135230711,3.7679031777552976,0.33268230262269455,-2.6360896986602955
-0.013037086491241448,0.005892855312383415,0.006536043063496322,-0.0048314708392634435,0.6897398023783623,3.7637722860666853,0.35259279910943525,-2.6327908037845473
-0.012866750997086765,0.005766628981445233,0.0067286196752815094,-0.004554513465847394,0.7119561644593656,3.6690599616562416,0.6066836097821685,-2.5639277120092694
-0.012881334983750492,0.00577576685368171,0.006711904516906764,-0.004576187005619196,0.7098957516388137,3.675855533561691,0.586105170272825,-2.569493552422763
-0.012895095123798456,0.005786373047011175,0.0066973733833694945,-0.004599685183306612,0.7084440860898601,3.685504911193863,0.5658877055066457,-2.576374603671056
-0.012909062603773412,0.005796515378268456,0.006682024126777426,-0.004622446657229392,0.7066584675528138,3.6939395655447176,0.5454684444264187,-2.5825915556663337
-0.012921888785935762,0.005809168613728959,0.006670063130986027,-0.004648628623982606,0.7060691467108965,3.7072910668994434,0.5252973671743434,-2.591156143813997
-0.012938630142618496,0.005809157126146079,0.006643090774649181,-0.004656041619327293,0.700672043055065,3.695411178559831,0.5057054764750998,-2.5870352835276487
-0.012949477843187325,0.0058226075508071426,0.006634554794133232,-0.004682432833001078,0.7007519888067327,3.7109863932882625,0.4873494753413068,-2.5964185232212778
-0.012957664899382573,0.005835965168540934,0.006630127971313767,-0.004707564588397513,0.7015565294365613,3.7283584914709076,0.4718797077895248,-2.60636556792134
-0.013028791333748395,0.005878260383751526,0.0065407471389098025,-0.004804439985695192,0.6889024883581562,3.7454730302592556,0.3697993439912896,-2.622618929830056
-0.012999752320689811,0.005866969506843879,0.006581436400372488,-0.0047751169861819385,0.6956212757702289,3.7497719871418873,0.40849824615831537,-2.621994109044737
-0.01301643897829556,0.005865720207112947,0.006553260433754299,-0.004779337839418443,0.6900074328865591,3.7340369105389684,0.390161578384971,-2.6155508149152347
-0.012987599051062438,0.0058528456585895455,0.006592316534828114,-0.004747260969737397,0.696056893423787,3.734781283877392,0.4294051827177068,-2.612994968909734
-0.012972112828863187,0.005842325616692349,0.006610781945093913,-0.004723891401536174,0.6985020243796645,3.7284644536598077,0.45221639032174693,-2.6080540946341304
-0.012868477646286996,0.005748317125568609,0.006712933733764935,-0.004526442859307378,0.7064845325085565,3.6358028640801927,0.610705558009932,-2.546781780701533
-0.013393641003761617,0.006230310863417098,0.006085511468178201,-0.0054778417667158364,0.6324217159970279,3.927949455871058,-0.2713901410869936,-2.7222361719981145
-0.013409645224535176,0.006235999882878971,0.006058899012642481,-0.0054877870413064895,0.6275719678010967,3.9151692641177287,-0.290864120761359,-2.715367907085835
-0.013272302407940596,0.006098089685028524,0.0062459084387283545,-0.005236985347269865,0.6527145418018677,3.8712217317429243,-0.03798375003665782,-2.698481023296818
-0.013257955048117687,0.006086288323939499,0.006265444773493069,-0.005214549124228946,0.6555586575360336,3.8686050100569616,-0.014105254620661528,-2.6971041789239347
-0.013238973118290719,0.00607426077328592,0.006292743040879388,-0.005190857740689887,0.6598443610083279,3.870562618389294,0.014440384057308351,-2.697816272598882
-0.013224507363009614,0.006058254762375413,0.006310048119240372,-0.005160745272224533,0.6617446712954936,3.8603770695222437,0.041630609765203004,-2.692518193837804
-0.013184302442809446,0.006030272822479909,0.006365294342089023,-0.005104832152904629,0.670110022501218,3.857476961011811,0.10428107742948622,-2.6898402524151916
-0.01317614834059403,0.006011354131286758,0.006369415491148296,-0.00507062931135703,0.6690599358133182,3.8342599101975803,0.1265958607748292,-2.677940813877594
-0.013212073886757936,0.006044917373023067,0.006324911554546251,-0.005135506687558417,0.6634606049970339,3.851932754416486,0.06460209590068898,-2.688024130251051
-0.013202206438285744,0.006029705621251832,0.006334231327686498,-0.005107469210577624,0.6638323246992716,3.8373434748606106,0.08622098794513135,-2.6804770515820855
-0.01322817617675345,0.006041010502380047,0.006295278230205302,-0.0051316545777246375,0.6574056902696025,3.82797181659179,0.0514494378672599,-2.6765824072437554
-0.013383848768588065,0.0062165455406862705,0.006097994913627177,-0.0054532566232840035,0.6336852015614313,3.9198078666475524,-0.24918796075810734,-2.7190313478797785
-0.013367494101537576,0.006181808767193531,0.0061139646801725905,-0.005391291372675747,0.6339174333138371,3.8875800085753576,-0.2013701998607924,-2.704719300497494
-0.013377732667471656,0.006196928113769501,0.006101577159587924,-0.0054182901412313765,0.6327537482252997,3.897691050541361,-0.22478462224544613,-2.7090344246099582
-0.01335692462148056,0.006168454456220121,0.00612742893081259,-0.005367351750736397,0.635455353256198,3.8802934203812316,-0.17939954239257117,-2.7016606125560796
-0.013285767174116165,0.0061101006683813835,0.006227830149821382,-0.005259529411001304,0.6502043492371933,3.8748394590513118,-0.06116462690416722,-2.7002520699615293
-0.013329710618803932,0.006154419997502695,0.006169744000581321,-0.005341172151221796,0.6426169359104592,3.8923036625004612,-0.14162782893388404,-2.7081175949185066
-0.013348109923686798,0.006152986743051574,0.006136796746324553,-0.005339732293177537,0.6359992304253822,3.8672931098143777,-0.15719306663570584,-2.6957503371368303
-0.01330002338781221,0.006126001318000363,0.006209887585600876,-0.005288832319855588,0.6481121852703396,3.8833872248531565,-0.0884950464612505,-2.704311163287706
-0.0133181040877757,0.006139356542061443,0.006183880684703582,-0.005313839843238923,0.6440628774990832,3.8827661106149116,-0.11729202797771822,-2.7037804257795996
-0.013429910351384536,0.006231601310061018,0.006021286631407601,-0.005479405818734031,0.619912416334779,3.881558502710479,-0.30353317934235374,-2.698593502328976
-0.013445344739018112,0.006228431972759578,0.005992891382979743,-0.0054732174569744425,0.6142729075731097,3.8564445977231374,-0.3129940463579745,-2.685994582915673
-0.013457887740169183,0.006235798253378769,0.005973090449680712,-0.005485649565698574,0.6110905502161438,3.850499346200621,-0.3305146509799615,-2.682351234826658
-0.013472377402776693,0.006247181432218235,0.005951016987639669,-0.005504913020209039,0.6077191190341943,3.847517660173899,-0.3535604381670417,-2.6798372434510207
0.006698743015073828,-0.013793157182177601,0.006240286469194571,-0.005431112676142421,-0.10237857129330101,3.9751042643056222,-0.12815308632327374,-2.773882817018242
0.006686589091659801,-0.01378276331672987,0.0062227569897481995,-0.005450728212889709,-0.10600948335268058,3.970809563390732,-0.148758673953437,-2.7715432165533076
0.009250760929341741,-0.014986598611264857,0.008154758505498244,-0.00122520928726015,0.2681905662219224,2.1825893919079795,2.9889268440787884,-0.9520709286634542
0.009235312436815944,-0.014984433970094834,0.00815053690807535,-0.0012503689010929066,0.2678241655696945,2.201612397672409,2.9796165115058653,-0.9707207710561626
0.009219720042605987,-0.014982472121322902,0.00814566572602455,-0.0012756046369554067,0.26737725911942395,2.2203549851759745,2.9698021625926105,-0.989366114272287
0.009256420885263327,-0.015002104522873013,0.008127678135447557,-0.0012081189694699238,0.2643495530998236,2.153989746931757,2.976292495337411,-0.9383726120212527
0.009271721981748249,-0.015005491482196572,0.008129175558732027,-0.0011826713785909732,0.2643233728036838,2.1333618002730024,2.9838192271710713,-0.9194049272047223
0.009303679542886228,-0.01500863768038218,0.008139377590846033,-0.0011314834325438982,0.2652561571799322,2.0955967471081043,3.003247980782462,-0.8813704827184402
0.009287912223823054,-0.015008357742089294,0.008131963905181368,-0.0011561120572185686,0.2644400392013002,2.1124786661195443,2.9923589930357477,-0.8996176692287935
0.00931934919399525,-0.01501074039739544,0.008143019833002125,-0.001106051335928768,0.2654672054836717,2.0760823786728397,3.011903065829308,-0.8623513793886745
0.009310997110218251,-0.0150226270728659,0.00811583306268968,-0.0011132025568974333,0.2617933309508681,2.068328901098198,2.992941575453092,-0.8670891789298321
0.008934254858210817,-0.014913900935638824,0.008087034409994144,-0.0017539295941334597,0.26305253798801753,2.592651378679101,2.7914955116236757,-1.3355544176594447
0.008918931360801895,-0.01491053956939629,0.0080815212839927,-0.0017791536313696845,0.26249155029264454,2.6109205534661974,2.7798307147871966,-1.3532628388664738
0.008903590831703051,-0.014907244971380976,0.008075692833277718,-0.0018043111730833216,0.2618528236221725,2.6289330846385064,2.7679270031090066,-1.3708373031545653
0.008888199521793925,-0.014903916135204774,0.008069711261986605,-0.0018295272126810397,0.2611396965367068,2.646887110370677,2.755841406440449,-1.3883827486157487
0.008862023527219934,-0.01491343447478643,0.008030849365677844,-0.0018599304446397047,0.2549468692744852,2.6510123251223408,2.7213769007719937,-1.4076966396618777
0.008877650678241823,-0.014916814570700647,0.008037162052576858,-0.0018345688559469264,0.2557532598041643,2.633186670179177,2.733796105093607,-1.3901789999317453
0.008938983316744444,-0.014929885057652048,0.008060546437710384,-0.0017347451941773404,0.2586862719588566,2.562034877447258,2.781056718995847,-1.3205931676218714
0.009109936072015686,-0.014963432625325785,0.008116420173769958,-0.0014554193966984151,0.26482040030373916,2.356647737434725,2.901303093181431,-1.1210894006677432
0.009094429791035903,-0.014961069237702303,0.008110946165026672,-0.0014804821577846406,0.2642205577906139,2.3748729002247164,2.8905798384722847,-1.1392118099997586
0.009078756862536385,-0.014958597317048435,0.008105393569913301,-0.0015058245345995127,0.26362364489787193,2.3932788729102885,2.879661337444237,-1.157483216822346
0.009042567564230561,-0.014936187051812357,0.008123757917666912,-0.0015756849232405315,0.2672111383237215,2.4620099655293437,2.8704521478682636,-1.2088767014158124
0.009027151485415424,-0.01493312622476282,0.00811885741198347,-0.0016010840686129849,0.2667802347219253,2.480848918680032,2.859626908273962,-1.2271050640786691
0.00901169864959848,-0.014930135160226383,0.008113619881498849,-0.0016264546043350985,0.2663014592650402,2.4994609161263726,2.8485313333106927,-1.2452334458339813
0.008996180511176255,-0.014927140811421276,0.008108162743847082,-0.0016518858883778616,0.265717786621755,2.5179835408226654,2.8372111869986814,-1.2633326854904305
0.009063095518842443,-0.014955497189955707,0.008100870156088848,-0.0015315269213284114,0.2631836029891072,2.4125392630450793,2.869211900901061,-1.176016938432797
0.00904764132820506,-0.014952112905533443,0.008096848849023558,-0.0015570807464059288,0.26280415312630717,2.431945654349274,2.859044708272828,-1.194422950116534
0.00895436165558515,-0.014933618133599688,0.008065110550540459,-0.0017092748146620032,0.25919851741776995,2.54306384422401,2.792056701267279,-1.3026207865152786
0.00898572507399444,-0.014940288304825326,0.00807564891598375,-0.0016579321349906603,0.26039219912528205,2.5055381790255264,2.8148334067057856,-1.2663219018704177
0.008969986134686274,-0.014937200332433289,0.008069962275706945,-0.0016835247618074889,0.2597369199740796,2.5240087183288407,2.803246996907431,-1.2844162684440832
0.00921022994450006,-0.014997046363107473,0.008112119914116063,-0.0012820063542852255,0.26291870471261386,2.2080739935830036,2.9469647460703148,-0.9928543628421883
0.009193854174684131,-0.014995569983910698,0.00810562705256168,-0.001307926011083753,0.2622157505786651,2.2264793116061536,2.935901239336381,-1.0118161882926808
0.009177364216495624,-0.014992788194564573,0.008101388294514076,-0.0013347249235395391,0.2618653732933325,2.2468029741477338,2.9259310619324714,-1.031472545395378
0.009161305449656031,-0.014989845126319833,0.00809751851870006,-0.0013609329964995682,0.2615322479861713,2.2668186830193773,2.9162717787586403,-1.0506618734608415
0.009145537479310547,-0.014986600210569018,0.008094214972177887,-0.0013868574088829516,0.261271840612836,2.2868906883935582,2.9069660419727446,-1.0696220986647222
0.009130144668039004,-0.014982860696215626,0.008091906194203446,-0.001412501976167663,0.26114312239325477,2.3072522480244846,2.8982811356769598,-1.0883787901679451
0.009115233459386954,-0.014979093879167236,0.008089774998585516,-0.0014374284312218377,0.26103647462511986,2.327112020091267,2.889831365935333,-1.1065837126530573
0.008673319329804466,-0.014849822891301078,0.007981604721758946,-0.0021833692438279245,0.2488608971150855,2.894589526738539,2.5758646365415667,-1.6285016516997934
0.008688551692248568,-0.014854026271880606,0.007988334926552536,-0.00215824940134081,0.2497569905351795,2.8774164652658816,2.5894069426646116,-1.611878945624295
0.008749835238463401,-0.014870399797983934,0.008014591957107292,-0.0020572216237504082,0.25369639795348725,2.807660828885919,2.642632728757959,-1.5443618298232045
0.00873450320096676,-0.01486649442833278,0.008007942877778418,-0.002082394111745555,0.2527189066834641,2.825005887772885,2.629421730049574,-1.5612543903788525
0.008719140785665514,-0.014862434369620328,0.008001370308071578,-0.0021077005535871354,0.2517003245903138,2.842489589709895,2.6161306524199284,-1.578193746933744
0.008703814990066021,-0.01485825173593211,0.00799487465610929,-0.002133021064823919,0.2507035424874589,2.860013986963501,2.6028031763564567,-1.5950981983116206
0.008769286147677795,-0.014890282906224593,0.007995350593804644,-0.002012092099147145,0.25024726876275655,2.7589114420487904,2.6468266047925986,-1.5117487397831348
0.008754187722861573,-0.014886624517009254,0.007988752373136572,-0.0020366214359816785,0.24930511361096344,2.7757320989878633,2.6340239259952294,-1.528252607160925
0.008802990204667785,-0.0149156605695926,0.007977791687453302,-0.0019425549017312524,0.2477389264486435,2.690394701240433,2.660632544382357,-1.461615738066911
0.008787787570583119,-0.014910933629791005,0.00797351911968841,-0.001968069547864611,0.24716163930735727,2.709362642169506,2.6491199065606303,-1.4790997480178267
0.00877327788597152,-0.014906247402936229,0.007969592594315294,-0.001992551786454836,0.24662920775388722,2.7276543284094803,2.6381007981719775,-1.4958470475241905
0.008818698621773577,-0.01492013810046431,0.007982764950471387,-0.0019165095478977379,0.24841071486601488,2.6713624990102853,2.6726745807141516,-1.4437649384659696
0.008851279341733529,-0.014926852327900213,0.007997231057035812,-0.0018644872425493564,0.2503551518331162,2.6358392875696626,2.6992393405334543,-1.4083025142443104
0.008834972307498874,-0.014924316288451254,0.007988566534409882,-0.001889876266705738,0.24916298079696686,2.652284587337711,2.685337846164956,-1.4255115776568468
0.008464569815157393,-0.014802988730168394,0.007852954270424742,-0.0025103900352979763,0.22842373308125133,3.0907338007182514,2.3683615368571704,-1.834362661813482
0.0084795072617769,-0.014807955144625122,0.00786038343035713,-0.0024857482544719794,0.22965248899396365,3.074839828602327,2.3830228197611394,-1.8190697510448366
0.008449727731443604,-0.014798119890223086,0.007845286037597751,-0.002534752612929111,0.22713995431241574,3.106217819600061,2.3536035376686097,-1.8493763767933935
0.00843480158713233,-0.01479353496652564,0.007836865931060068,-0.002558857657905837,0.2257244958696222,3.1209897263677493,2.3384411806222585,-1.8640585028334125
0.008419716394581006,-0.014788980300310296,0.007828048663558256,-0.0025830675365681424,0.22425463766672335,3.1355656950419895,2.3229385201134303,-1.8786876946321691
0.008452936096519906,-0.014814151995642297,0.007821163348797457,-0.0025132821430665516,0.22392942189604162,3.073674072620453,2.3484590468910587,-1.8321610053199684
0.008509884665134056,-0.01481777245931992,0.007875446613835558,-0.0024357818050645967,0.2321078585253001,3.0425074670221695,2.4125394270584155,-1.7878504737769412
0.008494629355565523,-0.014812923118614181,0.007867830578827962,-0.002460815001406378,0.23088354284753776,3.0586809105403696,2.397746555461755,-1.8035177074127373
0.008661965530590347,-0.014861546065028444,0.007949687051959546,-0.00218792001335761,0.24367235382912103,2.87995636297317,2.554544385616749,-1.628940469892903
0.008555576253063952,-0.014831109840760193,0.007899272914822909,-0.002361697077713009,0.23592322268004726,2.995223488638621,2.4566880464341296,-1.7412214963642605
0.008540483427137547,-0.014826818979911905,0.007891376109901692,-0.0023861093965585455,0.23466212597064637,3.0108106048611614,2.4421780023381774,-1.7566497134895414
0.00852522506791733,-0.014822415219932883,0.007883333512084435,-0.0024107970226274404,0.233388018988082,3.0265057793097436,2.4274055163227346,-1.772177620893632
0.008650616561523293,-0.014873193018961183,0.007918008513682337,-0.0021923839933371946,0.23926937252241195,2.8650539588687285,2.5337909712820514,-1.6287619725970284
0.00855918026700685,-0.014847129423150529,0.007874713069471725,-0.0023406691740570887,0.23257549120523868,2.9629659411957046,2.450443989313031,-1.724294276835429
0.0085738151777608,-0.0148520499480317,0.007880745878638682,-0.0023163146145082237,0.23353978646039186,2.946321589122942,2.4636654087432155,-1.7086423490658598
0.008588866728125722,-0.014856248955314406,0.007888297743138761,-0.002292080359426487,0.23470586756221737,2.9306497951953236,2.4776731731447725,-1.6931811332850468
0.008603728350813675,-0.014860917767600264,0.007894659620352936,-0.002267587581111651,0.23569562840012548,2.914014636417295,2.4910136281140507,-1.6773388629186654
0.008618807646851946,-0.01486646845883228,0.007899494897260849,-0.00224190726926524,0.236479831321861,2.8954867861583633,2.503823975579722,-1.660483948094358
0.008634832912164324,-0.01487126097042995,0.007906406377116836,-0.0022156510211222436,0.23751690943888634,2.877674632629601,2.518008902949337,-1.643400696082978
0.006735036944471228,-0.01382311433774572,0.00629237026924831,-0.0053737734410292054,-0.0927457435508569,3.987803207240385,-0.06757445962456878,-2.7804702423840024
0.006710983550911219,-0.013803279750973821,0.0062579744895006895,-0.00541186652541033,-0.09885649450427825,3.979629062486547,-0.10778914767340851,-2.7762835157991064
0.0067230830181276395,-0.01381319945976586,0.0062753719757255915,-0.005392873945673286,-0.09567501214647191,3.9839430723556504,-0.08768863308981444,-2.778521800167461
0.006828819919559037,-0.013920318020421981,0.006408887983932411,-0.005184283850133114,-0.06643029021896248,3.979824977880654,0.11452631377655186,-2.774257216329905
0.0068165287860746425,-0.013910426763223299,0.006392564582568754,-0.0052042562248909045,-0.06973484818519006,3.977767306049451,0.09396772382912642,-2.773766337883203
0.006804336741367152,-0.013900594103199703,0.006376245291526847,-0.005223991219784437,-0.07300925166399601,3.975489167580122,0.07359753061249658,-2.773098893993938
0.006792122236377069,-0.013890847317535917,0.006359695853500768,-0.005243454643487587,-0.07628601798981828,3.9727892725655845,0.053360799787092454,-2.7721591486559354
0.006779636082947563,-0.01388113426689957,0.006342492606660797,-0.00526276814326779,-0.07964173119655267,3.9694027878580873,0.033036772187662565,-2.7708225259571138
0.0067671461371033165,-0.01387098958951545,0.0063253957171379134,-0.005282747303616892,-0.0829977682102787,3.9663790441883067,0.012266250205513682,-2.7696069878434852
0.0067549954458991195,-0.013860325712788307,0.006309070749173311,-0.005303523514862331,-0.08630694988610639,3.9643128700237784,-0.008840008244051234,-2.7687988428416017
0.0067432675225179315,-0.013849467557675693,0.006293476951141041,-0.005324508252712073,-0.0895513993412188,3.9628503761804637,-0.029863911445952827,-2.7682175636168043
0.006732087140399898,-0.013838731509505682,0.006278671387534959,-0.005345123620828069,-0.09269048029689753,3.961725528302613,-0.050360937241749164,-2.767731389297419
0.006840868286970607,-0.013930706828504393,0.006424306106811867,-0.005163329761771113,-0.06319663990880799,3.980521300039355,0.13550206930439482,-2.774004272633239
0.006878304880695321,-0.013960247578347481,0.006473086636421092,-0.0051025297489583525,-0.053292419833135644,3.9852310166659133,0.19779223047018635,-2.774151548711705
0.006865736082863355,-0.01395073881950404,0.006456582567891629,-0.005122315358271872,-0.0566097906909351,3.9832820924308625,0.17728717217398507,-2.7739713989248362
0.006853129414571558,-0.013940976401667977,0.00644003722439154,-0.005142449322172487,-0.05993178643453561,3.981414082442574,0.15652563717705423,-2.773777737897824
0.007024325053960718,-0.014092958636266082,0.006636179637736386,-0.004824734013332012,-0.015466195329265258,3.9501646665467898,0.4593988233015934,-2.7414396104071224
0.007011729548560066,-0.014083411572468717,0.006621600063793477,-0.004845816265235724,-0.018588594253246868,3.951631209264763,0.4388301161860743,-2.74375305913873
0.006999457239391161,-0.0140736385407841,0.006607623871622039,-0.004867097064485889,-0.02164807778681577,3.953592789151506,0.4183416346859983,-2.746240831193388
0.006987673220884848,-0.014063628635770535,0.006594550512794068,-0.004888557324834449,-0.024609200021382612,3.956269610867125,0.39805443194897655,-2.7490030407395634
0.006976228304177338,-0.014053894536116218,0.006581715640156526,-0.004909341366179051,-0.027496206333093968,3.9586440382703754,0.3783128147704305,-2.7515161107087702
0.006963666088340006,-0.014045692671771394,0.006565569419749717,-0.004927620937801948,-0.03060412022115935,3.9568788112998114,0.3590765025835147,-2.7518976024444264
0.0068756622176655785,-0.013976562699295508,0.006457214975457581,-0.005073476469313681,-0.053213684778164634,3.9562547080123465,0.21353068602224923,-2.7592527087494036
0.006887092367567039,-0.013986950292706695,0.006470728007491002,-0.005052297486733261,-0.05020165067208288,3.9548867785349686,0.23388100851279933,-2.7576987972453293
0.006950070346832145,-0.01403735044220516,0.006547559633021653,-0.004946319547097661,-0.034024208318060016,3.9538530759358537,0.3388841506496511,-2.7516586164947214
0.006936817599544479,-0.014027738181635233,0.00653098105649269,-0.004967065423120135,-0.03735169687864109,3.953040975250651,0.3177673198022375,-2.7525024508610323
0.006923931865176622,-0.014017949279354241,0.006515040601713929,-0.004987912396110661,-0.04063985332475662,3.952692219505374,0.2968155200455351,-2.753499492024904
0.006911278109136265,-0.014007939669844918,0.006499524827802902,-0.005008983655910035,-0.04389086375406081,3.9527137705005013,0.2758578636069508,-2.754614185522755
0.006898939994542952,-0.013997588265542303,0.006484664386755226,-0.005030487007918719,-0.04708875148712211,3.95339991167075,0.25482008374300674,-2.7559946591748345
0.007020151885966104,-0.014110651682814578,0.006614355071449318,-0.004794930198415144,-0.016475700981156364,3.915506670317416,0.4715832937374291,-2.723310971856033
0.007033189987256179,-0.014120257118511633,0.006629328067799034,-0.004773599335157707,-0.013344078316322871,3.914033939970398,0.4923432906515331,-2.7208712014252647
0.00704700573029115,-0.014129654284126388,0.006645681916938462,-0.0047522449270949165,-0.010006804891600704,3.91351091359487,0.5136603713137796,-2.718789536730219
0.0070990334325547536,-0.014163978760247685,0.006706778347793139,-0.004672569487175439,0.0023311660582725807,3.9107838949074005,0.5932316027278972,-2.7100238412003717
0.007090452675330799,-0.014152651335584243,0.006701825934185733,-0.0046956956808687856,4.724575907701565E-4,3.921395717871092,0.5753586357883803,-2.717036839437796
0.007061474547789063,-0.014138811579092152,0.006663223216063254,-0.004730941277810958,-0.006503384738463728,3.913835473688805,0.5354267875550666,-2.7170194143460784
0.0070766231411352335,-0.01414753375011949,0.006682167719962746,-0.004710000029465064,-0.0029692067609029646,3.9153485060004307,0.557511825748887,-2.7157378183382725
0.008212960391083374,-0.014730281700225755,0.007684220624931715,-0.0029028975228662084,0.1999858928876659,3.3067133052392843,2.0967644311412443,-2.06047616089943
0.008122019423368517,-0.01467991729477554,0.007650106969461362,-0.0030698183019840226,0.19221520638693543,3.4191682438125963,1.9975602051879766,-2.1567640469283376
0.008107503298346166,-0.014674259882195693,0.007640203467384396,-0.003093283627108368,0.19033687041636302,3.4314991605632144,1.980479551572319,-2.169143476381063
0.008123993517724378,-0.014696413061079739,0.007626659879486359,-0.003046408983794123,0.1893696912383742,3.3851153040337643,1.995902588852685,-2.138449739111899
0.008184001672953451,-0.014720351828295987,0.00766440707918213,-0.002948523840922863,0.19643308650809643,3.330858297297656,2.0640744395111987,-2.085321558028071
0.008198658241107958,-0.014724895078257888,0.007675290888589019,-0.0029260635970081127,0.19839143638866266,3.319721521547194,2.0808177992298833,-2.073322618233139
0.008138049336555554,-0.0147033149199167,0.007633711192006678,-0.0030219335751797698,0.1908267218794735,3.3700892378889837,2.0117153694249814,-2.1248732324780772
0.0081687534598669,-0.014714747244797259,0.007654324183252265,-0.0029728992653945212,0.19465597421824296,3.3440167988667153,2.046795915959405,-2.098567892134977
0.008153131531957637,-0.014710109124499242,0.007642056944127837,-0.0029964006508125143,0.19246680200264335,3.355009645094448,2.028678444269124,-2.1108092711951545
0.008227013486030261,-0.014736390348020953,0.007691517556260903,-0.0028790821997783465,0.2013778688488488,3.2921131625381648,2.1120176838974687,-2.0469030581171874
0.008241754656588789,-0.014742180871734076,0.007700000246371943,-0.0028548014216592237,0.20293661489923223,3.277846270551295,2.1280900559994596,-2.033159489516581
0.008256701766824264,-0.014747233552461785,0.007709762000125172,-0.002831104379476947,0.2046558938543115,3.264804202234069,2.144564544426078,-2.0198977723799074
0.00827124377150444,-0.014752900776884214,0.007717863682848255,-0.002807085144151917,0.2061380156768737,3.250398521969238,2.16018653161445,-2.0060909747566558
0.008314395394652405,-0.014753413283260304,0.0077680410602975975,-0.0027545624160114184,0.21387588850340725,3.2392107845949156,2.2127594660927037,-1.980562611533043
0.00829908670982666,-0.014748005870045723,0.007759001166537779,-0.002779506233268038,0.21228887566540608,3.253915063026082,2.19629256302126,-1.9950256386561132
0.008359525719889384,-0.014768260548021104,0.007795468770409895,-0.002681898188471454,0.21866083386576832,3.196791081839732,2.2610150836029272,-1.9381186645520343
0.008344688970346573,-0.014763277544984021,0.007786795279084664,-0.0027059725974651412,0.21713820136408982,3.211149811032584,2.2453281436454926,-1.9523160774432127
0.008329658107158418,-0.014758423322934292,0.0077775102566126604,-0.0027300704069532934,0.2155371880110799,3.2251009062360616,2.2292129766134505,-1.9663677082237998
0.008362370179538545,-0.014784548682556848,0.007771275027527602,-0.0026598041926077956,0.21551568110257183,3.1635513266151762,2.256688091094286,-1.9204572763169174
0.008376819280601227,-0.014790711419896454,0.007777223718458276,-0.002634955028045099,0.21661690480087128,3.1468653270357936,2.270966846999429,-1.9053159198121923
0.00828593589627215,-0.014759496440757839,0.007724444798296301,-0.0027817369254174375,0.207429471293703,3.2339372935436885,2.175468030048643,-1.9911566575310757
0.008407871942404305,-0.014800987700559846,0.007794462542077179,-0.0025847288569380267,0.21958982993602194,3.1162313011620086,2.3026066578890565,-1.8752288093914335
0.008392170010660187,-0.014796754615143742,0.007784207063222251,-0.0026090843428041546,0.2178703535345974,3.1299457813116867,2.286199932169637,-1.8895967507412414
0.007932373155278226,-0.01460018199409237,0.00751652637126238,-0.003378378983707717,0.16630619562629242,3.5747465914754746,1.766752016492535,-2.3122737905698716
0.00791768550815665,-0.014593551635368731,0.0075056626651992175,-0.003402363758916013,0.16415560552177164,3.5861027546173525,1.7481654610326138,-2.323648002188786
0.007976018278009506,-0.014618527933914606,0.007549808782630402,-0.0033085102341657313,0.17281205106839584,3.5424097621644743,1.8215051219412637,-2.2789380847517755
0.007961712840384274,-0.014612460043798273,0.007539146337385639,-0.00333156902808146,0.17071457643398136,3.553359422120302,1.8036579130422437,-2.2900916947725025
0.007947145927726343,-0.014606409449486884,0.007527932203522699,-0.0033547896170984495,0.1685342616937988,3.564003917098766,1.7853775939683076,-2.3011415370639097
0.008047807260748576,-0.014651125936223428,0.007597545148895035,-0.003188824908576068,0.18229732150422295,3.4796073775456047,1.9090663033796635,-2.2182712021130944
0.008092760448861223,-0.014668739069611407,0.0076296245206031775,-0.0031167470364286986,0.18836086566426366,3.443331704680848,1.9629625888351008,-2.181320817130045
0.008077750850526338,-0.01466317469357798,0.007618595444852966,-0.003140478250850493,0.1862926152433049,3.455024318263662,1.9450078311870642,-2.1934907886841413
0.008062688232989444,-0.014657348681775947,0.007607730714371329,-0.003164526790371456,0.18425288571383505,3.4670204349766642,1.9269381254868725,-2.205789314845118
0.00797752645746057,-0.01463488805400546,0.007527351545656621,-0.003284534139885671,0.17026008143906413,3.508498998688658,1.8217638874926365,-2.260578137905389
0.00799102383565052,-0.014642062726735296,0.007534949506458838,-0.0032608541984235173,0.17188975788566593,3.494976021460007,1.8381035219747073,-2.2483675076583505
0.008034127570314539,-0.014662737326724816,0.007561529932693067,-0.0031879393035906963,0.17731289151409071,3.455131468384753,1.8897398103978365,-2.2109091327976977
0.008019485553325574,-0.014656164487834578,0.0075519942895690825,-0.0032121628445608897,0.17542101024796322,3.4679611958907235,1.8722639937317587,-2.2233025288194814
0.008005056351013787,-0.014649294171070084,0.007543019377483195,-0.003236498568388644,0.173596992733955,3.481190141063141,1.8549753004634673,-2.235783218243071
0.007831840539191922,-0.014553559305865335,0.007440458833602754,-0.003542704174944761,0.15099149619638455,3.6501305803886503,1.6373929185671532,-2.3879676020159106
0.007846224791623448,-0.01456026272982035,0.007451800321440802,-0.0035193833584503775,0.15326316984822744,3.6399993241745308,1.6561975301106688,-2.3776160522644934
0.007818507476787669,-0.014563962211518374,0.0074064055345091995,-0.0035400503671277786,0.14640214507303906,3.6246552402317085,1.6209890267614597,-2.378871318595064
0.007804270004115638,-0.014557456747970472,0.007394824394785977,-0.0035626626070823955,0.14406863584528798,3.6339590955104875,1.602490547965872,-2.3886095569122863
0.007889206684400992,-0.01457965836748539,0.0074856101916863345,-0.0034501185186819306,0.16003880879600882,3.609608242546797,1.711828732110227,-2.346352948434325
0.007874987293776807,-0.014573229959831631,0.007474606254157125,-0.0034731317235975555,0.15782235036501177,3.6199276961591367,1.693513989249135,-2.3568798198788303
0.00786063964308803,-0.01456684289154959,0.007463195841436718,-0.0034961281388390026,0.15555852572544893,3.6298918226519645,1.6749443746188746,-2.3672210761271484
0.007890345031461072,-0.01459613560254748,0.007463330854169407,-0.003425630778690979,0.15762578548639836,3.5754307957916356,1.713127687312449,-2.327817595424866
0.00790406328209889,-0.014603871909597143,0.007471420237498195,-0.0034013140627045494,0.15943234104160386,3.5620747832292214,1.730419676256626,-2.3158403374399925
0.007550096648276469,-0.014407348212263159,0.0072040913563366366,-0.004004500844649903,0.10162548303799855,3.827947957088781,1.249378451069888,-2.570133840325967
0.007522194067651828,-0.01439237942625613,0.007177722891485479,-0.004049038564721494,0.09612706244598491,3.8409453447350015,1.209297475674015,-2.5846524853854103
0.0075361597188857545,-0.01439995435130711,0.007190899118677019,-0.004026662881523109,0.09887722922721544,3.8344019932969178,1.229409968340928,-2.5773897321674606
0.007550092435583951,-0.014423837200241105,0.007183738463546959,-0.003978289592000388,0.09993675713998418,3.7943127861788635,1.2554028206775956,-2.5518309108829538
0.007576599379605302,-0.014440728350407182,0.007204549292245858,-0.003931627568407776,0.10468456523783344,3.7754471662144407,1.29366756318133,-2.534331841101799
0.00756311098639548,-0.014432252855080208,0.0071938942018281845,-0.003955216246526667,0.10226756132508152,3.784921875614353,1.2742871622706777,-2.5431882374649075
0.007590583412078376,-0.014448958760677248,0.0072161158137962825,-0.00390796977424544,0.10722122222073761,3.7664943480966464,1.3134867331346098,-2.525579776570217
0.007619814677380539,-0.014463335421246138,0.0072433469971938886,-0.0038626398076591103,0.11273245528309246,3.752693024439987,1.353836204374357,-2.5098155147773418
0.00760510538368592,-0.014456902198819508,0.0072287086211074705,-0.0038842573243719597,0.10985352244114156,3.7581480922022634,1.3337961835488399,-2.516961949306127
0.00763347587470978,-0.01446959617604437,0.007256434793965824,-0.0038420190713090584,0.11528467867517089,3.7468044717496256,1.37252946765073,-2.5026752777916066
0.007646454473427132,-0.014477438577919922,0.007266283590337153,-0.0038194291772335903,0.11748868139868895,3.7371215434506566,1.3907091432839078,-2.4936331546240713
0.0076600092734545495,-0.014485703762838776,0.007276305268640878,-0.0037956589124454793,0.11975733157926309,3.7266268064223205,1.4096058036881836,-2.4839431907765674
0.0076742247188794155,-0.01449386850126219,0.007287292456250691,-0.0037714296697156434,0.122170189038065,3.7163966231156693,1.4291975545943687,-2.474159279204544
0.007689189439917429,-0.01450170486209413,0.0072996686923841045,-0.0037469927071271665,0.12474225282965255,3.7069027400685255,1.449555244294926,-2.4645042452609984
0.00770462660548164,-0.014507670274603778,0.00731506886559011,-0.0037248773556562546,0.12769860016117482,3.7011573574512213,1.4700651950230066,-2.4566853736688654
0.007733586285572594,-0.014520806922651303,0.007340894972047154,-0.00368013857685546,0.13279674395573585,3.6856138750291687,1.508779471633262,-2.4392785651090345
0.007719397726751092,-0.014514751384489518,0.007327807692576215,-0.0037015366207625642,0.13019855666708402,3.6925676860107046,1.489921964595997,-2.447470270316359
0.007746878137876047,-0.014544537839189985,0.007328455100256784,-0.0036332399240220884,0.13249369877073636,3.6419886001112576,1.528706089288555,-2.411535563437118
0.007735996190557741,-0.014535983248168452,0.007323948538029422,-0.0036554336832074078,0.13118348430685814,3.655493898604206,1.51396017647867,-2.422253436316329
0.007760652377222468,-0.014554525461404835,0.007335116363093699,-0.003606370643261554,0.13428256626834204,3.6264212264084983,1.547072220287789,-2.3987645921077
0.0077921140433592564,-0.014566444391839387,0.007364636104151697,-0.003560698234660374,0.13984342307145683,3.61205654168104,1.587674707727637,-2.380861971134756
0.007776221472808133,-0.014564738006902063,0.007343875802571989,-0.003577542275145244,0.13633645487160576,3.6107224442989336,1.5675480158357045,-2.3853093606545523
0.007507745390679585,-0.014401494320490767,0.007143516022638138,-0.004044827672751429,0.09167094152957149,3.8131390621705434,1.1954286560843996,-2.573261732268321
0.007482606603215179,-0.014400133520973354,0.0071048735614441414,-0.004064769215112696,0.08554107112908432,3.799586593862049,1.1646087280136712,-2.5722322704244247
0.00746677879095433,-0.014397926668498935,0.007082099363806855,-0.004079257787716037,0.08174749585279921,3.7934871589245454,1.1448143552013301,-2.5728275989098672
0.007493058880289236,-0.014409471960987198,0.007110496864561096,-0.004042510663454701,0.08721899728906529,3.7878976958923896,1.1809004502150502,-2.563196104697574
0.007276392927466704,-0.014262304469223447,0.00691723798018874,-0.00442011186258634,0.043542353598976104,3.90613689139868,0.8524049803350607,-2.676867172754829
0.007290217962119812,-0.014270491787451245,0.0069321636277484755,-0.004398711465082763,0.046633162159951176,3.9029767719253674,0.873076055072263,-2.672387954026185
0.007317185485459756,-0.014287063925686364,0.006960196594501031,-0.004355638608348061,0.052532706424952884,3.8948629347596584,0.9137286974001054,-2.66243545984479
0.007303525389809079,-0.014279116141680835,0.0069456034926097115,-0.004376755395962524,0.049489336160090235,3.898246380972442,0.8934444899460569,-2.6671020421718765
0.0073178496103197465,-0.014302052271664312,0.0069453987161091895,-0.004330159036769364,0.05181537381522151,3.8668207608477116,0.9235559407078135,-2.646925833599435
0.007380894044420181,-0.014348679409463471,0.006999030815225598,-0.004215322347837701,0.06445561427479739,3.828030333527575,1.0211999452121712,-2.6119944034747173
0.007366749335735018,-0.014340384864369116,0.006984978221843991,-0.004237665091935529,0.06151993760802713,3.8331048549116598,1.0006266063431288,-2.617928688358804
0.007352850858834585,-0.014331519414926086,0.006971789211286155,-0.004260694902314995,0.058663040764762024,3.839187303389141,0.9799868974052682,-2.6243126674903627
0.0073396188992409595,-0.014321888233636601,0.006960356982900713,-0.0042845020363739975,0.05599963714598064,3.8469872186609853,0.9596171458769075,-2.631448118777391
0.0073273170596829945,-0.014311635671559464,0.0069509561646991175,-0.004308726490469844,0.05358432205850231,3.856469274967882,0.9398514572459414,-2.6392648611926717
0.007395205919900579,-0.01435754865552471,0.007012548329722776,-0.004191831045395914,0.06735421647579752,3.8216950687077333,1.0422223786857574,-2.605279004582805
0.007426947618332844,-0.014371379352139202,0.007048561891485855,-0.004148840534424048,0.07420990868685734,3.8179864327626385,1.085930470095837,-2.595872846453053
0.007410754003884797,-0.014368485857142413,0.0070255580106441205,-0.004164083016680213,0.07033398632170103,3.8119691573347296,1.0656270278218989,-2.596364164156597
0.007438528615032089,-0.014383079382299553,0.007053885140676156,-0.004122244974677448,0.07600033502326596,3.8033306219558876,1.104929984111042,-2.5850835580575016
0.007447325628799233,-0.01440287024404312,0.007045195166684024,-0.00408455777833084,0.07653200209619708,3.770955518193601,1.1239930458800016,-2.5651630119530986
0.007111580757886174,-0.01417538751289956,0.006718381530143022,-0.004647671213325515,0.005279061898017189,3.90400959569414,0.6149738832759244,-2.7044644679467216
0.007165515256425858,-0.014212781939448124,0.006776966814463637,-0.004559802537114518,0.01770791517801754,3.892483633012097,0.6988065266615074,-2.6895859854267776
0.007152039997790799,-0.01420418207278134,0.006761882758797465,-0.004580639147963601,0.014608807368188701,3.8944531447542636,0.6784459655915801,-2.6928857162482838
0.00713845891180495,-0.014195290381216153,0.006746737952547237,-0.0046019128120396895,0.011473514635737028,3.8965709347863196,0.6577582250018336,-2.6962316220439635
0.007124933407221749,-0.014185779890621602,0.0067320977896669675,-0.004624118281815419,0.008347916910124847,3.8995670675060325,0.6366410800250369,-2.699994599978005
0.007178986623309673,-0.014221282617026215,0.006791991132759069,-0.00453902709009195,0.020788672870797262,3.8904281526298763,0.7190936161870508,-2.6861889014475753
0.007192715288339327,-0.014229703512650719,0.00680738488812345,-0.004518155548631103,0.02391711095320433,3.8885057681331845,0.7395951891597915,-2.6827685925239653
0.007206925381721765,-0.014237876941072715,0.006823691078821341,-0.004497355892276342,0.027160304232249046,3.8872270622373972,0.7604385184256022,-2.6795615312295875
0.0072213413485546635,-0.014244431869509026,0.00684179539317309,-0.0044790779807418885,0.030459231390109722,3.888838445804559,0.7803835059464969,-2.6778456979150462
0.007236490625892281,-0.01425011658457509,0.00686189858082732,-0.004461759218686484,0.0341034819031974,3.8924656183459705,0.8005886368721231,-2.6770330643902827
0.007247516458578378,-0.014261664322335674,0.006869007360579496,-0.004436509188977499,0.03623473084348706,3.881206790379514,0.8203249194354143,-2.66879461057364
0.007260572013093539,-0.014271188595206338,0.006881413540128921,-0.004413569456702743,0.03914891125284426,3.8752902900907813,0.8408075495529709,-2.6630588457368556
0.010357257419554183,-0.015061244248854473,0.008165489963842946,5.764008570308951E-4,0.2503668531706022,0.7108346620854352,3.2852831549676726,0.45698784103911816
0.010341080685354784,-0.015060777431482085,0.008170376876185817,5.506824443963352E-4,0.2511547830017002,0.7331416969201127,3.286852558240693,0.43644732261770575
0.010327137603072732,-0.015059264398436453,0.008176623014992923,5.287346891857926E-4,0.2521301547188189,0.7530778502395867,3.28951406591179,0.41903034533572414
0.01037406393346946,-0.01506078936298852,0.008162058036320724,6.033132918319686E-4,0.2497368642800921,0.6882151816144213,3.2846835516251534,0.4785931191422548
0.010391419416083193,-0.015059192046646734,0.008160506540842443,6.313786836286148E-4,0.2492901877680813,0.6654932504275665,3.285328846126647,0.5012517870752086
0.010406418646406965,-0.015055551748473867,0.008163396882689846,6.562768918617882E-4,0.24955123113585603,0.6471008748731983,3.288678629839624,0.5216192593463769
0.010424051309787382,-0.015059656709382281,0.008150254180405552,6.830918702647814E-4,0.2476875389216257,0.6207169422712332,3.281338442270985,0.5425871624686335
0.010444035635818047,-0.015069735160578232,0.00812463930455299,7.116205289284218E-4,0.2444201309659995,0.5881675185261893,3.265698106859976,0.5641256113682599
0.010463973985109983,-0.015076831567713493,0.008104650673513068,7.407078019221494E-4,0.24183430667045794,0.5575359279588278,3.2537076189951493,0.5864477826000303
0.010485571606049439,-0.015082903262802053,0.008085890845708937,7.724635832366787E-4,0.23936719316719426,0.5254238803843755,3.24256793663611,0.6110184615459512
0.010501026614916672,-0.015080805897828573,0.008084655009185097,7.97258612081148E-4,0.23924610225753265,0.5056960114978281,3.2427473945603738,0.6310390852615049
0.010517395235726333,-0.015086270807283848,0.008068461708877076,8.207691570969343E-4,0.23717042634999572,0.4810970144508427,3.232795968188588,0.6491008090732847
0.010102090670338378,-0.01507359215238959,0.00818234232162046,1.646974306327717E-4,0.25623996340987915,1.0463924840407854,3.2612186278447246,0.12623798432315472
0.010120569290687838,-0.015075591526868585,0.008176971492986405,1.9429510398752406E-4,0.25521596901398064,1.0202461742757354,3.260805807848924,0.14969966834309
0.01026219048067985,-0.015068807574546724,0.00817136223535029,4.227098732107125E-4,0.2523587096432374,0.8350798422776403,3.27811516128194,0.3330499541890953
0.010138152181100613,-0.015084816041873299,0.008157244339069612,2.216949739778933E-4,0.2524178323723632,0.9898500929460791,3.2506500012397237,0.1707755396157871
0.010252908234499371,-0.015086764961918422,0.008137878213582103,4.0466277287152895E-4,0.24829701814082641,0.8355296795989898,3.2544671131802727,0.31676368093544344
0.010155165196586389,-0.0150885646099689,0.008148166708355949,2.485294800955255E-4,0.2509855635463402,0.9644683191678664,3.2473190600630955,0.191873000231611
0.010172840543615972,-0.015089387026561957,0.008144553775978938,2.766653604677391E-4,0.25027326239149916,0.9404017360892746,3.247639213773548,0.21426951563413546
0.010235007631955543,-0.015086760164135377,0.008140915831103093,3.761690685809708E-4,0.24891589207582807,0.8594687091551284,3.254122368416057,0.29397991587240097
0.010215132670214922,-0.015085803795996217,0.008145889802131394,3.4463423888976373E-4,0.24982988245317214,0.8866657455408696,3.254700523492101,0.268873308893238
0.010191721013445225,-0.015088931019578039,0.008143066829848592,3.0685204462856E-4,0.24984317351178034,0.915609315634408,3.249453709952746,0.23843646544632505
0.010279912007152257,-0.0150668649249173,0.008171803817555105,4.5147009415093725E-4,0.25210558426092494,0.8123949418035217,3.2806627393570555,0.3562788819028629
0.010294930762674983,-0.015062586696127195,0.008177163058923647,4.764055112327041E-4,0.25265933435603144,0.7948194884488647,3.2861021684219125,0.3767011324062633
0.01031216266622358,-0.015066652259457879,0.008165514294421654,5.031173486360341E-4,0.2509032528252435,0.7687894197013888,3.2803070576698596,0.3976687087611356
0.010039198897854706,-0.01507537096742727,0.008181873131296645,6.325427489494876E-5,0.2572358128872127,1.1281733083427812,3.24951694592071,0.04518454473890011
0.010022794754640525,-0.015074252908300743,0.00818441528655585,3.682930854267961E-5,0.2578548718843399,1.1506955688394311,3.248037687598384,0.024223196507624122
0.010006770319653555,-0.0150721789126716,0.008188658888146438,1.099198494997663E-5,0.2586976717681014,1.1735209040755796,3.247665308645441,0.0038024864459758885
0.009993074173283704,-0.015069366387232969,0.00819420555392839,-1.1134982354104643E-5,0.25969061073113725,1.1939481744969958,3.2485343434732465,-0.013617559703533089
0.009944158268762333,-0.015072551840632664,0.008186722265135985,-9.005434367918787E-5,0.2595595736401321,1.254901353882383,3.2333868801600043,-0.07654265218070187
0.009960426463089615,-0.01507030722885207,0.00819174751725825,-6.386930189433224E-5,0.26001120803908684,1.2358064462541358,3.2401288530310146,-0.05563458008437785
0.009977568220275795,-0.015075801698859229,0.008181279427410466,-3.608347678827983E-5,0.25822368933171624,1.2085371803471314,3.2369045630828728,-0.033897926236982755
0.010055637391622785,-0.015076425616243241,0.008179266137458356,8.970708741600832E-5,0.256627019896222,1.1056309201186671,3.250879189823413,0.06618068986368807
0.010073763547873975,-0.015077111256594318,0.008177113743960638,1.1886279783139108E-4,0.25602048574353936,1.0811312732482878,3.2527657912289136,0.08936801788898573
0.010090749504591195,-0.015087137838445362,0.00815641168456819,1.455781586159929E-4,0.25307675930559087,1.0507127977059663,3.242147610512442,0.10986260142219596
0.009800666632727625,-0.01507135588588345,0.008175815337317614,-3.2126481045921274E-4,0.26087866930333864,1.4392833690490063,3.1923429906127705,-0.2591685378655715
0.009819152912366323,-0.015073201899453324,0.008174696034215527,-2.91316362210104E-4,0.2603379055125013,1.4141652104726266,3.1963342764280545,-0.23568739519222207
0.00986448032007947,-0.015073310936329644,0.008179656252304835,-2.1841291119624896E-4,0.2601712633305758,1.3566265774792108,3.2106473695436235,-0.17820203240858234
0.009836918813273046,-0.015083510385735207,0.008156551891335531,-2.6155278288044213E-4,0.2575622841612238,1.3815766027415182,3.1891770023460424,-0.21271747471395638
0.009854289021068779,-0.015088588049296992,0.008148485904944274,-2.3320783639333505E-4,0.2561900097235867,1.3547801582745207,3.18822954221378,-0.19064059628286453
0.009883036044585791,-0.015075324198663712,0.008177372264092547,-1.883679246566333E-4,0.25948412977697016,1.3310032641636955,3.213557930959442,-0.1545707756635313
0.009900864217805432,-0.015084830820730194,0.008160004112009012,-1.5898689941440953E-4,0.2568394993941212,1.2992658115142541,3.206484581317714,-0.13185708025257462
0.009917951969493749,-0.015089018512962479,0.00815288499824665,-1.3133498598313863E-4,0.2555986898506348,1.2735473467622997,3.2057216401987927,-0.11021235002291534
0.009936163477282831,-0.015090382868389068,0.008151177005199755,-1.0210840778836162E-4,0.25508379941943016,1.2489883443019416,3.208602647569909,-0.08715989825135463
0.009735996972813537,-0.015069063278894968,0.00816958275053173,-4.253801109541033E-4,0.26130702217202884,1.5221610686957812,3.1711422631182704,-0.34074941461532354
0.009755650990127956,-0.01507096957961726,0.00816940291600979,-3.9354952299313674E-4,0.2608604063186302,1.4958355869510724,3.176392588316492,-0.31589811467597567
0.009790189923217063,-0.015086475263551306,0.0081444740919331,-3.3581523798398755E-4,0.25684029070665937,1.4370394900907135,3.1697612990720434,-0.2712173227234022
0.009773151336134364,-0.015082088959377654,0.008150439094534721,-3.636845068915671E-4,0.25796459483852435,1.462610500551995,3.1690990453089882,-0.29288626139806734
0.00944581636681504,-0.015026947510279352,0.008167379537222923,-9.003163779909398E-4,0.2666302397541703,1.9158076812072335,3.0759668315265434,-0.7070902715176645
0.009429787781379892,-0.015026669123125913,0.008161452304688809,-9.257335231369609E-4,0.26607532773875614,1.934124380475861,3.0664599140835525,-0.7263455311584924
0.009453260789340567,-0.01504026724460003,0.008144202893018817,-8.833245062357375E-4,0.26324303722247144,1.890166787364055,3.0650063011877045,-0.693887047483732
0.009498134289590872,-0.015050625360913382,0.008140726208969306,-8.087946438880186E-4,0.26189592306282145,1.8263406686192745,3.0790207646406302,-0.6370378422792892
0.009482089893299505,-0.015047963630273704,0.008140099712675071,-8.350333243346966E-4,0.26210802186540905,1.8478922931325472,3.0729842267629035,-0.657061935243039
0.009466607348228868,-0.01504411918688105,0.008141813554015843,-8.608422224206145E-4,0.262651554516483,1.8702380638800846,3.0684512556029,-0.6767465394723285
0.009592950132494709,-0.015059793741825554,0.008153497543894642,-6.558140705315462E-4,0.2618634897566436,1.7052678659424736,3.1185242498847106,-0.5196353163560677
0.009576834570904287,-0.01505716119397905,0.008153891344640514,-6.821735807876153E-4,0.26221896217870927,1.727342897793177,3.113569522946621,-0.5399397646705549
0.009561401235074742,-0.015053540937665512,0.008156252280709356,-7.077739571135418E-4,0.26286165591404725,1.749741584110091,3.1099450421296004,-0.5596303570059366
0.009548163999954425,-0.015049952727693865,0.008159090068667529,-7.299158193282807E-4,0.2635138383218579,1.769523320432151,3.1072534923897583,-0.5766492474640359
0.009514633948518545,-0.015053001721235361,0.00814188186040276,-7.819418805605382E-4,0.26175811273659105,1.80454001783221,3.0854466917056977,-0.6165114604857872
0.009533009349928047,-0.015055297787964229,0.008143623669585725,-7.521533762094587E-4,0.2616400423893184,1.780594958363437,3.0927744644813084,-0.5937085023294747
0.009609583625743354,-0.015061906395132746,0.008154082903321072,-6.287919706873924E-4,0.26164123793243915,1.6831235511240958,3.1241565911013307,-0.49878793696303175
0.009643635435915164,-0.015057832132683075,0.008171208233368695,-5.756301197841473E-4,0.2633369445259556,1.6471324232917577,3.1452792387504718,-0.4575601232845662
0.009673135329944979,-0.015063270818355819,0.008167702190884078,-5.271712452935615E-4,0.2622918123933569,1.6053547915679494,3.1519926250807706,-0.4199986093871515
0.009657133675039087,-0.015061139987031798,0.008168065063565768,-5.532435611665568E-4,0.2626266356767761,1.6270992364949313,3.147435292605946,-0.4402258946728023
0.009628405208661608,-0.015063275619592219,0.0081565140332515,-5.984924576992822E-4,0.26160429853056577,1.6591513418713415,3.131513106739213,-0.47537146060672175
0.0097237271176324,-0.015084693324488118,0.00813645085150528,-4.4193662079896945E-4,0.2570089849121509,1.520605783493348,3.1469482705223832,-0.3541770546540985
0.009703086495447474,-0.01508093716878286,0.008139611477784484,-4.7550989504058276E-4,0.25783697117878107,1.5497003350871332,3.143147950040001,-0.3802342177987225
0.009680891248528936,-0.015081460853953692,0.008133716923891901,-5.106302630461884E-4,0.25747937874402355,1.5758912531013187,3.1331156692352438,-0.40752223452559405
0.009334742273316416,-0.01501347951852818,0.008145111569012967,-0.0010807227184831843,0.2654982623240865,2.0558754068203897,3.019475296493995,-0.8433432240304174
0.009350624496998647,-0.01501552222664035,0.008148615434193483,-0.0010549447336218624,0.2657113306999374,2.036015984444908,3.027977149226706,-0.8239952719764924
0.009382497197035905,-0.015019963792543889,0.00815442488042155,-0.0010029889606375452,0.26597223611729004,1.9953612432759364,3.0440770696516464,-0.784862412542124
0.009366659416924192,-0.015017819868312847,0.008151506960007998,-0.0010287874143660536,0.2658156058201562,2.015511346398793,3.0361022567357256,-0.8042975438527807
0.009402853437683248,-0.015037743244939417,0.008128555352444113,-9.633867918049144E-4,0.26196360619220954,1.9493282373953795,3.0369138222511047,-0.7544718014031967
0.009389248586946567,-0.015033243284921324,0.008131464508355418,-9.865795210294132E-4,0.262646166478999,1.9701504472910663,3.033362201817646,-0.7720566249683849
0.009419238318115754,-0.015041900962419008,0.008127329915909991,-9.360286888708734E-4,0.2615140171130228,1.9258895203328843,3.042412435731275,-0.7337463981042339
0.015889610096925084,-0.009920455013220376,-8.478876728451881E-5,0.006770411278255394,0.1744728083538991,0.07266803509007759,-2.3975407585046127,0.5613803292815175
0.0158590101688034,-0.010059745440695596,7.47165247255724E-5,0.006818974831814554,0.17832151872452548,-0.04509860669776399,-2.408391088115422,0.6931571531537111
0.015846822860258562,-0.01017551365378178,2.088354790871104E-4,0.006832295232823515,0.18125931877501475,-0.14355708262015307,-2.3998329901030835,0.796390585879574
0.015881787853175133,-0.010267230111795228,3.110114552520176E-4,0.0067704795586110205,0.17610572335223537,-0.21816298837022982,-2.3521432825961024,0.8534282384144545
0.01585200052170547,-0.010385091628165685,4.495019710189148E-4,0.006798715533798642,0.18114314500066023,-0.31863039497848017,-2.3467277937324553,0.9648112073107631
0.015850968585128092,-0.010527489171114233,6.11280925694727E-4,0.00677104317779624,0.181504386259471,-0.432941577314249,-2.3048487684412184,1.0754280355664376
0.015899044092543238,-0.010637123007685583,7.205397059381229E-4,0.006671368865723612,0.17580631218428425,-0.5069054968415918,-2.231353777949769,1.1244614733113094
0.015869838173778215,-0.010731937644913503,8.326394451136648E-4,0.006685358273620451,0.17869414004340303,-0.5858621029038572,-2.216727629665719,1.2114469892680164
0.01601183625566644,-0.00984162676701636,-1.6444674764321782E-4,0.006583633173949399,0.16149229344869462,0.13131306939131296,-2.301737281171197,0.45021614853800823
0.016212565389413097,-0.00930646922702073,-6.733485530051893E-4,0.006203740337090067,0.1429825912429816,0.5005650659420918,-2.114192551680891,-0.0036249628484275845
0.016165808795352708,-0.009439195428669944,-5.56905362264011E-4,0.006301216459862359,0.1480036523980464,0.4157531119778478,-2.166185941474936,0.10011079583387958
0.016137700799409873,-0.00973697938035771,-2.6209736240044617E-4,0.006393163973510405,0.15226800238756152,0.20288517375834209,-2.2057224645632068,0.33025269926646855
0.016186734462537912,-0.009577151248782986,-4.1568352324462826E-4,0.006301264304757596,0.14535501585176666,0.3132951442107163,-2.1628558251387253,0.19903372036193356
0.022865628555552568,0.00639117215704099,-1.2538759143996E-4,-0.0010239683017592182,-0.16533956292596128,0.20710533377677368,0.4297496253273165,-0.18315989911623445
0.018108581244373576,0.003076433574249873,-0.0017941766714956225,-0.001563463264097143,0.005488042248483412,0.9652537326255338,0.24038752836930713,-0.8669979374473323
0.02165985889285767,0.005874767590660125,-3.3299852422922094E-4,-0.0014540946546657643,-0.12855157281245522,0.3565731319191104,0.42582573359443104,-0.32392947177258463
0.02079851890866622,0.005393088763979332,-5.639715666519424E-4,-0.001680664138201533,-0.10094638644076688,0.4878864766438549,0.42206801872498173,-0.44411993947972933
0.01992949312468937,0.004483006501158319,-9.040032083585035E-4,-0.0017012443107562172,-0.07519437470617268,0.6555745919250425,0.3688992167684324,-0.5976085956559606
0.020451637354714676,0.004757379745783689,-7.10551124910418E-4,-0.0016212876170298052,-0.09709934089500401,0.5682868945859539,0.3790142022328723,-0.5201096878949888
0.01875775084947493,0.0033249118466028736,-0.0014631461918152443,-0.0015462526726341258,-0.027754355319750207,0.8647284230827367,0.26889937924175383,-0.7826198654163327
0.01936339538838686,0.0035504636852710827,-0.0011843141638234389,-0.0015017421785320218,-0.058316465428371246,0.7693665088607115,0.28762415329426494,-0.7008899070558566
0.019887326593079274,0.0039051662671214286,-9.57994417264707E-4,-0.0015042038828167016,-0.08236352611562979,0.6830100464289154,0.3144116815375742,-0.6250160860908162
0.016660946365319274,0.0011150670781524602,-0.0026380046764841237,-6.45601890180543E-4,0.06035699622037203,1.1039616825901781,0.04907288193990562,-0.9842176643324043
0.01655265990704175,4.65844799067176E-4,-0.00270022119471716,-2.706767815897024E-4,0.06156939094939791,1.1014764491365183,0.018132377008960327,-0.9823859549856018
0.018015873975079696,0.0023823897731597887,-0.0018690565084605304,-0.0012205902087384648,0.002956249283922296,0.9719035437700677,0.17257373769862028,-0.8752356492452957
0.017276315587584714,0.0014288295127386822,-0.0022855428855127116,-7.878583079215913E-4,0.032650341186449335,1.048002534134674,0.08302269909761585,-0.9392724367346087
0.017839006461333802,0.0017922873817906883,-0.0019756882045823365,-9.345506560316009E-4,0.007041956028413762,0.9875179954113783,0.12073447752609054,-0.8893877916830691
0.016210074640335897,-5.541194797657769E-4,-0.00290225144528623,3.288276368796457E-4,0.07667725599845389,1.128863886036868,-0.016193241486172367,-1.0040663998630148
0.016335966974367306,-0.0011681205786236257,-0.0028304775758334617,6.913389589737908E-4,0.07539648615479454,1.1349512772780832,-0.04160535044924146,-1.0085820245757715
0.016799390873626804,-1.1772646933060727E-4,-0.002557905093998142,6.723884041856607E-5,0.04968792376197726,1.0780910294019117,-0.0054717005596504305,-0.9639935792225215
0.016399410521219054,-0.0017852405135457155,-0.0027953631382381114,0.0010599954814102333,0.07931411988437558,1.154905707105325,-0.07451709189873436,-1.0241558707188971
0.016311719058550108,-0.0031242472993266027,-0.002847726061486833,0.0019146919647400876,0.10544803656995905,1.2542388766960444,-0.17383489726296172,-1.098812681338803
0.016382285242621433,-0.003515464491451972,-0.0027928386330443576,0.0021628512867731048,0.1088354343108903,1.2731528950318753,-0.22500644554378374,-1.1117056317057068
0.01663507394067279,-0.0028781142925661794,-0.0026439487732130506,0.0017095586486713954,0.08373597985065626,1.1865662893020357,-0.17048446946200105,-1.0465572326823795
0.01674064635844691,-0.0024047986976449094,-0.0025859633227593086,0.0014044650811049987,0.07021114733141075,1.145680833460317,-0.13436627453021302,-1.0163003497691825
0.016683814116580677,-0.0037953872402852434,-0.002582355916374561,0.0022863755593862966,0.09548229939110021,1.236583991427649,-0.2834012397313001,-1.0806394388342564
0.01653789204801442,-0.004151265112093342,-0.002658922561717538,0.0025580320697426153,0.11019177869466494,1.2921592446633317,-0.32998088005813886,-1.1206863562619322
0.016183519352185094,-0.005696452015394853,-0.00273536845226472,0.003816536096428499,0.15492192376897898,1.5154488601772849,-0.68673187483164,-1.2542511332085278
0.016312017237437495,-0.006022002144693064,-0.002563389812908443,0.004006891842427771,0.14703057691045984,1.474136738857837,-0.7969335331772737,-1.208094153388746
0.0166571382643093,-0.0045564211722686114,-0.0025457896194101136,0.0027999193582928317,0.10935693786575619,1.2902017828693249,-0.4099185284836545,-1.1136362142086516
0.016438410654341564,-0.0054530727874783184,-0.0025848518130593963,0.0035153927580251387,0.13436902820578675,1.4067454982916379,-0.614775043896077,-1.1817302988456964
0.016666510050881062,-0.005204676954507274,-0.002461084792292518,0.003242757707340026,0.1161819180399661,1.3205153904654734,-0.552368441089019,-1.1236465648585028
0.01689363498318945,-0.0049295540781563755,-0.0023457014536756456,0.0029701919242878737,0.098415284381261,1.2447895253250414,-0.49262074320347676,-1.0713955429032584
0.016607315496940736,-0.006890520576268582,-0.0020711386222684635,0.0044611254231704785,0.125137450954358,1.2974714815043045,-1.0905577837870712,-1.019606176852524
0.016496479893915904,-0.006656628071822405,-0.0022356758346056657,0.004372927105222833,0.13390491026615273,1.3714910923632166,-1.0175999999314895,-1.091549686826675
0.016419212074994954,-0.006340304555018703,-0.002395244168436003,0.004188460760756795,0.1385942787883041,1.4249678781011195,-0.9067706619895745,-1.1537880125850164
0.016551397925079404,-0.007535541851765679,-0.0018159116128922226,0.004937582042899712,0.12571393578455142,1.2015598533673935,-1.3576359931627815,-0.880939831179506
0.016392384419634042,-0.0077158555454531486,-0.001820181365572217,0.005199527073518066,0.13466641523023026,1.2281661140526736,-1.4856737147528103,-0.8664568747489626
0.016356021916832757,-0.007971779392026335,-0.0016859848043370984,0.005399524232587153,0.13507919743602634,1.1601792983352386,-1.6093023927475343,-0.7745131289886279
0.01637422253310823,-0.008188039000144991,-0.0015301119014567088,0.005510690533092173,0.13359277803963895,1.0671669125340448,-1.6889155289320785,-0.6717969405682572
0.016380206102070333,-0.008383218041709906,-0.0013872714371927948,0.00561248417857585,0.13245543694363018,0.9788247703334968,-1.759020520326153,-0.5734154937665882
0.016372517115221977,-0.008565329425547368,-0.0012536871513472915,0.005714153285535602,0.13212451662327826,0.8937089504311476,-1.8258001184975818,-0.4764582049266592
0.01630563887564306,-0.008715292261480878,-0.0011655546171329026,0.005864060152736069,0.1365457201772933,0.8386545905959547,-1.9120439274122236,-0.39653817915888634
0.016327955270536196,-0.008884067244094976,-0.001014339488925145,0.005910045909979311,0.13407326421036955,0.7354704109867622,-1.9466970588425665,-0.29111054552047144
0.016320708395574108,-0.00904751584616147,-8.764228921260408E-4,0.005981209792222438,0.13646529330444154,0.6403018941741679,-1.9923466584695029,-0.18637963612606614
0.01639680063759116,-0.009215647018068594,-7.040808370124361E-4,0.0059395383489929,0.13014435921903592,0.5153038797100415,-1.9746935460419015,-0.07864326457963988
0.016607167344188888,-0.007307367150751828,-0.0018926543857688024,0.004742134599468023,0.12319182297795904,1.2281117891698525,-1.2512312533515446,-0.9288780886178041
0.016652615345355167,-0.007696846725501391,-0.001667649649817023,0.004948026497431553,0.11849399268865556,1.1119573512294438,-1.3878108958499569,-0.8008637867952383
0.01675462779292785,-0.007506377146473341,-0.001704419992175241,0.004745098360882795,0.11385328731873727,1.1196456424002112,-1.2854046399767338,-0.833348416354898
0.01681197359480246,-0.007054617764856323,-0.001870569492249192,0.00442017782652726,0.11134647661647093,1.1849742473599518,-1.1099952035238532,-0.9279862913326264
0.023903346027666125,0.005695400760186448,-3.919613293365943E-5,-5.043111572208626E-4,-0.25271009347056167,0.1276934510595296,0.39969018841763043,-0.10877856968008447
0.025,0.004960866643325878,0,0,-0.3653990491698029,0.0019739901391078096,0.39103028050475946,0.01462456989368642
0.015183981671036451,-0.01198464476371635,0.0026078780648961025,0.006823566359682713,0.23363674857508462,-1.7262503783816494,-1.731232319301504,2.550063113455192
0.015188221343489612,-0.012042263906704348,0.0026557372925207975,0.006759191013921203,0.22926216674146835,-1.7447130037917675,-1.6779825346975945,2.5542993014583693
0.015218673705347047,-0.011930592595303323,0.002522901819244416,0.006832094907151456,0.23136853435850374,-1.6785025778929297,-1.7707222179200814,2.493581048569435
0.015386457542020268,-0.011673853305121943,0.002120266843069521,0.006838791574067408,0.22035785518753775,-1.4394921497738358,-1.9296002094992255,2.208094320674583
0.015332016748323527,-0.011714050115981308,0.002207103168056908,0.00687977248235518,0.22581769060077922,-1.4970944725615332,-1.9186667404162674,2.2883946139704934
0.01530647799341427,-0.011767062014248025,0.0022825259384471343,0.006867996174113115,0.22715495912700676,-1.5410799126656747,-1.8842344688640746,2.3375193657280566
0.015262628467641965,-0.011809294635734185,0.0023642344992958063,0.006889334605367395,0.23155318801367206,-1.5925343718884681,-1.8637506350050987,2.4059576602801918
0.015282639767533775,-0.011885194330603708,0.0024184776909712074,0.006791257419624038,0.22472444454179952,-1.6129206063238861,-1.7914957802098443,2.4014401426913294
0.015828117066379488,-0.010848878193730352,9.745289567490112E-4,0.006705055875002322,0.1827353183551777,-0.6852484202124141,-2.1967019861522474,1.3226022660889123
0.015652009116856495,-0.011160265240616953,0.001395719763646641,0.0068167852446711944,0.19881569005200198,-0.9758756022173375,-2.1495718005095905,1.6713392451805775
0.015635669262385306,-0.011238645763287142,0.001489308424680448,0.006795655960250953,0.2002078629836445,-1.0359494226557777,-2.1122818769958704,1.732074386705505
0.015739070677282294,-0.011106897711873544,0.0012918736294129935,0.006719048558039473,0.1901470978893476,-0.9009788069068964,-2.126567990613008,1.5600687286890216
0.01582573272982644,-0.010996018186734081,0.0011331447567554597,0.006647571399701111,0.18150908026684714,-0.7900469164381737,-2.1296722000794195,1.4192259709063781
0.015416649357387993,-0.011577639962415074,0.0019977586450152097,0.00687487824889401,0.21992895396231565,-1.3675616634467076,-1.9920354332224688,2.134574307027561
0.015465728054851602,-0.011505690157231229,0.001885381989499782,0.006860763223154049,0.21530456708402754,-1.2961521125140238,-2.0229447180685316,2.0472340071840205
0.015508082235111385,-0.011440616904282183,0.001786433053961356,0.006847803512247663,0.21114538907571231,-1.2321669555840515,-2.0487579615807614,1.9694694687611325
0.015533657827274231,-0.011377823207389521,0.001702279982159918,0.006854704951683155,0.20999920471020897,-1.1791638693465267,-2.0788575421888233,1.9111428545756453
0.015578913012930493,-0.011338825420688176,0.0016310822267197502,0.0068154335371950776,0.20457714947713262,-1.1298234386725332,-2.0805122753036933,1.843745253635785
0.015649023098433485,-0.01132574195010664,0.00157293481823263,0.006723924088391489,0.19600061230639618,-1.086466062465728,-2.0498772216702297,1.7670250470003628
0.01485330153023868,-0.012496225902422034,0.0034086794073232983,0.006633937627079852,0.24227148189989064,-2.1210961973083795,-1.2658912716222614,3.009794425957683
0.014876290402310921,-0.012452057650331428,0.003347876153075981,0.006664618373041426,0.24355511065667526,-2.096920217017826,-1.3114743160971132,2.9848222863512888
0.014921764570272555,-0.012428238410404396,0.0032736429321304455,0.006643165401457963,0.2390337070877173,-2.0556950166296564,-1.3376504979669244,2.9238139647021533
0.014953871893773825,-0.012384712408768173,0.003201924610435791,0.006659869120451981,0.23820498005088697,-2.022387034720385,-1.380840299586578,2.883687640395378
0.015090862664177413,-0.012260500480544435,0.0029453672424270866,0.006644497956673973,0.22872347843827698,-1.8862936282744147,-1.4930058841722544,2.7017836317456054
0.014987233966732256,-0.012334049373206172,0.0031230449929556324,0.006682018048436697,0.23741831283986187,-1.9857228609022077,-1.4295217526208819,2.840974990770129
0.015042650003333826,-0.012302072193590682,0.003033186375284637,0.006654336925747645,0.23202435573361893,-1.93433823299592,-1.457656281820843,2.766517935502709
0.015131442720451633,-0.012211808892718598,0.0028610376039944693,0.006649764500584133,0.22598975465332913,-1.8419898016819118,-1.5334672366592235,2.6463838844236243
0.015146560270784301,-0.012162263172559813,0.0028035266773452205,0.0066851115782093976,0.22774486434997337,-1.8163046043997368,-1.5764068923922876,2.6232561561469314
0.01519062538142127,-0.01211525620136103,0.002716989569001539,0.00668049169461822,0.2242166222557402,-1.7680369177442328,-1.6117857687115174,2.5613485713016213
0.014873040921963981,-0.012555638003020377,0.003424044808537663,0.0065366290671529095,0.23483646695290075,-2.109712502056427,-1.2101332192060086,2.9698799229615784
0.014883457842843662,-0.01261752245535594,0.003450947257847953,0.006446907095479705,0.22741907484084847,-2.105497268054268,-1.1523161047595176,2.9423818507414263
0.014793968790862314,-0.012750159476884716,0.0036464122568182354,0.006363667807341682,0.22677380768596142,-2.178348271339836,-1.0111917609678074,3.0250776110973945
0.014846207364482967,-0.012718514685895826,0.0035599171696605023,0.006354449494887397,0.2231954928729032,-2.137255161298252,-1.0518300395290048,2.9654396626540005
0.014882057757318996,-0.012677440890825061,0.0034896067863037215,0.006371927503917475,0.22233631032729786,-2.108539902157736,-1.0961977544471033,2.9293952810657684
0.013972372630776572,-0.013543715760877715,0.005120256171001408,0.005740203843194146,0.22738070856242867,-2.5277072794894138,0.15059212008271713,3.5169712514347684
0.014000002874234179,-0.01351392737395303,0.0050751739799421115,0.005777917345797628,0.22874804100753485,-2.528831895689313,0.10494021966633636,3.517457637411836
0.014790721482221242,-0.012814056721098425,0.003685428699986468,0.006281918243251,0.22097875720912352,-2.1782950546818394,-0.9514043136928431,3.0075695564831637
0.014719133367388976,-0.012840099858225013,0.0037953730788700475,0.006312729045859984,0.22708667646553302,-2.232671072878599,-0.9073846599765379,3.0918484708577405
0.014666947527287113,-0.012893737126550849,0.0038938574017254516,0.0062855828919551006,0.2282014135781312,-2.2684209167535894,-0.8405599898997153,3.138552026268648
0.014622213604175557,-0.012939161019715845,0.003977749135846156,0.006260646388405704,0.22911894002935387,-2.2972770672683693,-0.7823170811858672,3.176720226138482
0.014037595877588504,-0.013516926165362774,0.005013766587702608,0.0057569176833448124,0.22441370397658203,-2.505502952861205,0.07331724667180504,3.4716701594423958
0.014067339455700127,-0.013496727360156833,0.004965179675266212,0.00577642944935552,0.22400475347384516,-2.498908002671671,0.03334163783508421,3.4584590763849152
0.014113278929126874,-0.013476740067595323,0.004890547692578333,0.005787197427484994,0.22191770307104022,-2.4815522653569384,-0.0195097865402595,3.425379466940608
0.014147055143709793,-0.013439487747353356,0.004834121849289902,0.005829978379583575,0.2232818675108613,-2.4789621604416614,-0.07412266967100606,3.4214045787366074
0.01418104526819633,-0.013404761835256624,0.004776781723407515,0.005867420975816441,0.22420963923291715,-2.473721603278913,-0.12688988128556286,3.41318734357343
0.014206753779359366,-0.013372578270996634,0.004732124390120151,0.005904299195121732,0.225816931060045,-2.471542104144257,-0.17112338019495568,3.411176253864345
0.014247452149506411,-0.013357943859980202,0.004666161096433087,0.005904263723732568,0.2233565377860556,-2.4509645910320246,-0.21268666354827329,3.3747141425440996
0.014296138387650585,-0.01333013910642071,0.004586066060291209,0.005918800044414912,0.221545150101601,-2.4296801070335223,-0.26862732949344964,3.3387928225822834
0.01446292213563959,-0.013120228261086825,0.004279737235698866,0.006124992685586428,0.2279667819655525,-2.3810311690986214,-0.5458351565031118,3.282801882215267
0.014428221453216766,-0.013178301504444453,0.004349491761440011,0.006063422027119002,0.22508694530193082,-2.389988799383541,-0.4766341464939061,3.288557163547247
0.014347828513697248,-0.013297518032499607,0.0045006338633278515,0.0059370187604942636,0.21973150362425573,-2.4068604542658965,-0.32893907833460617,3.301747380770419
0.014402299164093019,-0.013251594953080013,0.004407997229843073,0.005971281334970107,0.21938270495812076,-2.385084061162883,-0.40017200764304256,3.2693567197858515
0.014581048050638229,-0.013048771837384496,0.004081947983511019,0.006138546031290639,0.22241461619518302,-2.3091469810731,-0.6664962360320131,3.173021468200371
0.01463373414197635,-0.013005594567648637,0.003990055644300937,0.006157257625575775,0.220563671652361,-2.2774517808763655,-0.7269970521779464,3.128206079474785
0.014518681410498512,-0.013121049127334642,0.004197958957835621,0.006082262553426123,0.22162032137466117,-2.3391506806317364,-0.5741909985215354,3.2107129509608767
0.014557884198159458,-0.013097763619173317,0.0041332296226023225,0.006086338628753407,0.21924043782546138,-2.31574873052939,-0.6131311180531721,3.1748611379281426
0.013297392640776149,-0.014118946174325218,0.006075257340044801,0.004862743259679582,0.2038125563943006,-2.3412241225605546,1.1504703948625663,3.3596319835526214
0.013251663212224901,-0.014166332800961287,0.006121983265177235,0.004777116044939255,0.20034270211085148,-2.3059928845608453,1.213326787400079,3.3167453729957974
0.013292882609980362,-0.014158276045335623,0.00605969428809191,0.0047976613340285365,0.19841555801298283,-2.3108566160464323,1.1614832928024148,3.3074572656901924
0.0131947330484439,-0.014204115615641277,0.006190635895651934,0.004703418401882904,0.19919006523484517,-2.2762465184853458,1.2876420454067434,3.2897921861253185
0.013239308987377388,-0.014203645417380993,0.0061187865983000364,0.004714089932765693,0.1958455473576205,-2.277087240763915,1.232205383305862,3.2707430472309444
0.013334733450353003,-0.014104009474563362,0.006022216548031007,0.0048926062696489185,0.20307494283100738,-2.350107714657405,1.1018778517444636,3.3598108133307334
0.013398366900530909,-0.014023598877142534,0.005958707500928403,0.005032230034693602,0.20985292712429812,-2.405002866030952,1.0072227103627467,3.432447424418886
0.013368044751499122,-0.014089416433440739,0.00597533994342988,0.004920501534903887,0.2025046668190327,-2.358114084927486,1.0585402209769053,3.360690157579192
0.013395280014595496,-0.01406478980370453,0.005943246820618761,0.004963626086313667,0.2042654368968241,-2.3736901845045386,1.0204727866677663,3.377874194689425
0.013439136440175525,-0.014014311258532045,0.005895209844202645,0.005049961003865192,0.20792805843599074,-2.405653225363132,0.95529792663948,3.4184094116433186
0.013513285068047488,-0.013975695973507334,0.0057891827692744475,0.005115294525330741,0.20749498816025128,-2.420129844543775,0.8561379183432659,3.418605149351003
0.013476443248165665,-0.014001222538507788,0.005839260632785364,0.005072827042358761,0.206882731137038,-2.4087123798614716,0.9071005856569808,3.410704862631191
0.013790708777262607,-0.013733508368780817,0.005400885352880331,0.0054836810393034145,0.21833262022381741,-2.5003035167904355,0.4447353164315588,3.490474209768888
0.013828362201007414,-0.013697511549982028,0.005344577131219398,0.005533863711864368,0.21995336371226198,-2.507107057821383,0.3861601345648307,3.4962365849105512
0.013870581539567294,-0.013684009225491551,0.005276801973596505,0.005544322569488308,0.21764465225305102,-2.4961075441403477,0.33615722513471646,3.469714708694105
0.013900160353246788,-0.013640095366634776,0.005233201226548744,0.005607469634403436,0.22127698787005315,-2.5088832795809872,0.281109233031477,3.489006175795965
0.013940886811328018,-0.013616050244936319,0.005168380519896391,0.005633195313520842,0.2204073956636672,-2.502571782649643,0.2271632299575577,3.4728053709897324
0.01398107490398976,-0.013591881310995943,0.005104268006633349,0.005657994209407713,0.21969299765111586,-2.4954009251554656,0.1743939673667926,3.4559196702056965
0.013592376834375822,-0.013898840028405787,0.005687006959434402,0.005239614357606016,0.2121676492473314,-2.4566497125548543,0.7377081718807325,3.459248692294839
0.013710880635278458,-0.013817433684506126,0.005514622597699285,0.005360527088901841,0.21339423631619006,-2.4755508755667326,0.5714847114901157,3.462453194486042
0.013684681907464058,-0.013847964493717287,0.005549735400470809,0.005314008577999528,0.21132969409319077,-2.463723445490998,0.6138015746974249,3.447482618040052
0.0136530761943012,-0.013884617088631831,0.005591031244127575,0.005257444551507041,0.20879305198558407,-2.4485638547049713,0.6641296152148289,3.4283679558630427
0.013760180924732003,-0.013811689536377233,0.005434754289175025,0.005361222263212234,0.2100320809538367,-2.4609217049575567,0.516309136165577,3.425641610350929
0.013797305272734095,-0.013785696543258669,0.0053797222339471915,0.00539620365578182,0.21019449450361724,-2.4633375807068965,0.46520578213826275,3.42264970748102
0.013557125184407057,-0.013966222800436303,0.005720582140915732,0.005129965263028397,0.20529400111041066,-2.4169334505776274,0.8025475705895301,3.399250165611455
0.01359850800411534,-0.013951302986005292,0.005658237508877409,0.005152491024922189,0.20391102714281398,-2.417077764078018,0.7506003202692831,3.38742537337474
0.012883236887970932,-0.014358561920248817,0.006572745512559542,0.004347162299377064,0.19847246201461657,-2.110221082299807,1.6795693532744225,3.16185339565677
0.0129251046058777,-0.014360576953504066,0.006504917820157157,0.004362596874223481,0.19534705365920033,-2.1190316395129845,1.624897492685773,3.1514294708775217
0.012963068624397167,-0.014352080824398579,0.006452196232208507,0.004391884337791584,0.1940604678273192,-2.1338888324714635,1.5773520681280486,3.155639865585984
0.012573748148015118,-0.014487119654745974,0.006926693737197392,0.003972508996347467,0.2006562253487724,-1.8937577751309014,2.0468019329697356,2.9838409747547563
0.01248571495448037,-0.014541850202115687,0.00699726269000701,0.003828940947737548,0.1983350253573646,-1.807403706108649,2.1356062383795584,2.8918059070356166
0.012511705449705009,-0.0145294206063715,0.00697292973832936,0.0038661045035965616,0.19845784419033513,-1.8306596846734313,2.10831296750252,2.914160996268467
0.01256699609284706,-0.014513326424935719,0.0069084276009303,0.0039285623970051935,0.1970303995627831,-1.8712707816348193,2.0444633034014945,2.94487124486198
0.012544397748427222,-0.014527413649713293,0.006926680995628603,0.0038920939407492933,0.19640780356510376,-1.8495539212629377,2.0673078392633477,2.921749116634587
0.012777434887537055,-0.01439354895932085,0.0067076148961502935,0.004239644674429495,0.20069855089131575,-2.050834318961384,1.8108495238568982,3.1237579863325418
0.01274944527162448,-0.014402423402118858,0.006742983133387173,0.00421057771388167,0.2012456293798607,-2.0340346492748123,1.8453902485330158,3.1126093305064617
0.012722820603309124,-0.014407490565474145,0.006779689097961854,0.004187738946428227,0.20243859737856792,-2.020031588558504,1.8793187285698583,3.1063640908358234
0.012704836749583273,-0.014424695772494764,0.006790684816657898,0.004150565856639457,0.20088374969792847,-1.999778122850573,1.897745227728495,3.081320245213585
0.012601896401217708,-0.014477272680488729,0.006894619292549953,0.004006114857267286,0.20003611589016332,-1.9148249499845151,2.01412324363899,3.0007522775678033
0.012681576543404334,-0.014439518707902547,0.006811802395481536,0.004113880483339056,0.20040122985782793,-1.9789702446393118,1.923514522936841,3.059576185423404
0.012656955486043972,-0.014452689978180827,0.006836263663028116,0.004078639917907439,0.20003198676372172,-1.958469805151575,1.9512830341218994,3.0397578258474716
0.012629856093789698,-0.01446516803256509,0.006864814413224227,0.004042575462095012,0.20000612436505413,-1.9369512716526798,1.9822469711279382,3.020314494417693
0.012800619674458613,-0.014413562251869863,0.00665262604454013,0.0042205734648830245,0.19604005387015105,-2.04318928051936,1.7754379969439609,3.092379598041942
0.012833579146391938,-0.014413433322769002,0.00660157465145294,0.0042374778208838495,0.193828310615801,-2.053678226722773,1.732790232522817,3.0892046518440166
0.012867102273422238,-0.014396064902130665,0.0065650517062172285,0.00428073851042313,0.19409125150022463,-2.0767122589551836,1.6933516592254434,3.109963536190378
0.012181771126763033,-0.014697786351338662,0.007232547986543013,0.0033583529422870455,0.19520701400407145,-1.5029482121959463,2.416669872486058,2.5801904594536964
0.01220961888539244,-0.014692134170760178,0.007202731596850275,0.0033912431772446616,0.1941820612584836,-1.527410544246884,2.387892754880412,2.599556926839924
0.012239229230965822,-0.014688295190269427,0.007167886124562705,0.0034228068146461015,0.1927403623275177,-1.5515976512191745,2.3555190705530387,2.616586995690851
0.012270506294335452,-0.014649509096388355,0.007174635221321063,0.0035030270778256714,0.19663149221842577,-1.5978181743728097,2.3431974316455384,2.6810937257984
0.01226232579487165,-0.014674743513083293,0.007153870658537275,0.003461385401696023,0.19329854991052944,-1.5764468083761405,2.3369225509311553,2.6436660343634006
0.012299091459104447,-0.014642199484012852,0.00714432850212944,0.003537662037902903,0.19564605172760843,-1.6225118184881706,2.3131521575034966,2.701205354935824
0.012329174189954684,-0.014630908738066118,0.007116449080087575,0.003578648879398852,0.19538049476638578,-1.6502693373451225,2.2833036003897758,2.726690258699868
0.012356667702104945,-0.014618005315172084,0.007093625227394482,0.0036193766342239512,0.1955761933323068,-1.6768801706067153,2.257108912404508,2.7530159312056797
0.012401062761739017,-0.01458665814534669,0.007068160267010483,0.003699503258200263,0.1973660643827243,-1.726059682468448,2.219591973154999,2.8092371280078106
0.0123807170521621,-0.014604230306164898,0.0070762194192716425,0.0036582651265360355,0.1958642120176544,-1.7015061072721667,2.235204168562866,2.7791272029608822
0.01242679159778259,-0.0145888017339889,0.00702868280028303,0.00371643191438044,0.19518904048476007,-1.7405136741890248,2.1862573340371267,2.8125854454231782
0.012452990645665117,-0.01458185672035505,0.006999053452665017,0.003746355799300827,0.1945589140362913,-1.760829006446538,2.157109737867088,2.828227361104739
0.012480459750354644,-0.014574148388288388,0.006968159655934505,0.0037779142013534,0.19391756293006954,-1.7819476890628978,2.12649215326913,2.8446474780154394
0.013074216161743082,-0.014283906035215179,0.006329058056167927,0.004540867489987139,0.19613572366709242,-2.205043273256983,1.4411143354851088,3.2225397609122255
0.013125104168048306,-0.014244856867416852,0.006275587629829071,0.004619244611999308,0.19831644332337547,-2.240701806039777,1.3770267042199327,3.260271903797032
0.013105837783450203,-0.014275075128754349,0.006284953834840673,0.004564961782159551,0.19494443728597777,-2.215326909433499,1.4012381545841612,3.2244561397346834
0.013164860106222304,-0.014237322208755216,0.00621671444553249,0.004642281884468302,0.1963194229008631,-2.2491881564148,1.3266097178820753,3.255586357633156
0.013000253628701575,-0.014338124549016758,0.0064048522967245424,0.00442851910287735,0.19336693360079527,-2.151778956736113,1.5314676913294483,3.1666356922040957
0.01303030373593104,-0.014322286684512764,0.006369786970636957,0.00446471511531096,0.19367462213504358,-2.168999319025837,1.4947404441665284,3.1810833863789565
0.013065404123715641,-0.01432213448471843,0.006314382012671008,0.004477196615385881,0.19132015044367934,-2.174134016142865,1.450403362403029,3.171240152093422
0.012015007725878787,-0.014774068761752438,0.007344001749987797,0.0030990771066326983,0.1946649578643822,-1.3251369262240205,2.549064741977404,2.3980451461900283
0.012036819768153783,-0.014761697630720072,0.007333929958929975,0.0031364955859333405,0.1953307423911577,-1.3501326153102433,2.5347682032366925,2.425718659654208
0.01206470185313053,-0.014759265790092164,0.007302065626946123,0.003167178360196157,0.19363150223112655,-1.3749891054259384,2.5056841619883414,2.443689521379341
0.01214388543826419,-0.014732667268499424,0.007236292761539487,0.0032772953348510947,0.19247590992361985,-1.4536759658659808,2.4359346362727368,2.5171700249481135
0.012118413959954425,-0.014736209576055542,0.00726461019890903,0.003248653268957868,0.19375031486517752,-1.4314600148991719,2.4623668688732354,2.5005008828357673
0.01209456280161729,-0.014755012086776518,0.007269878016255755,0.003201632614140679,0.19234363446595543,-1.401948941002635,2.475459812973009,2.4644018106427787
0.012173178468868943,-0.014727649368049238,0.0072046612285423806,0.00331102250736751,0.19143399937471509,-1.479263292127041,2.405880376137858,2.5369609901696513
0.011839275832179221,-0.014813532682999463,0.0074993886758650975,0.0028651366719575706,0.2007739565771096,-1.1453543398597128,2.7024960989896125,2.2402283470638857
0.01197830102834768,-0.014806825444606864,0.007343116479331143,0.0030214281385564147,0.19231177445836828,-1.2771328963547843,2.5625458118921958,2.336333324509154
0.011953336137951784,-0.01482096804388204,0.007353237380924056,0.002978613835954199,0.19172047351335686,-1.2483799393684036,2.5774875197017013,2.304256049432748
0.012007004986569477,-0.014810610198285588,0.007302812577610098,0.0030459442053988243,0.1898770051861587,-1.300287181643098,2.5288322161504566,2.348117765458819
0.0119212004306234,-0.014823993932617706,0.007387320879365848,0.002941402446490601,0.19349667972125054,-1.2180243964938118,2.6086164274845944,2.2809744794050957
0.011891553860629726,-0.014827365770559027,0.007417551104806865,0.002905877975597632,0.194937075104777,-1.1892407503935016,2.6364884642480955,2.2581919213587773
0.011866072145717756,-0.014829905667183696,0.007443760599655844,0.0028753905310195046,0.19637097937886097,-1.16420448509766,2.660544641126053,2.2385545058953484
0.011821219901579519,-0.014845610743003534,0.007472409026236985,0.0028079542211854078,0.1969147249007928,-1.1147354807990606,2.69211007560019,2.1896205916426736
0.0117238406613004,-0.01487443925908241,0.0075379032500787,0.002665288397694698,0.19898491294258935,-1.007071328821615,2.7607881443925213,2.0860815772773122
0.01180730760681254,-0.014872804608628304,0.007447640429689533,0.0027616358206479226,0.1934736674643414,-1.090524276461748,2.6815750720332967,2.1483102101582165
0.011781191424234576,-0.014873764231619652,0.00747548781790327,0.0027314147287472285,0.1951150054403382,-1.0647029892452178,2.7062123665714464,2.1288295661846415
0.011755197008233673,-0.014875939988762424,0.007501087092155003,0.0026996063678010533,0.19644795831028708,-1.038134825782439,2.729398183062249,2.107599508730899
0.011701055099758821,-0.014896071356281721,0.00752933674008923,0.0026153816218093696,0.19704045251332727,-0.9764780692532941,2.7618007180850945,2.044608242057455
0.011672062277203358,-0.014911260738319849,0.00753673380346695,0.0025653367392113008,0.19653048008560378,-0.9418421191853766,2.77402812424954,2.0056742098620215
0.011178805944212321,-0.014994989183036139,0.007855309969296995,0.0018536473720610193,0.21568197417998594,-0.3632608054263062,3.0714092788930594,1.4716347661929936
0.011203546100819832,-0.014994610912048957,0.007836327879100853,0.0018881024057034784,0.21414247938911046,-0.39381912732854646,3.055799704088722,1.4975812411540164
0.011232379825717925,-0.014988474544301775,0.007823647902027274,0.0019325740727040093,0.21330165986610303,-0.4293034601719565,3.0437597376296446,1.5323229906416034
0.011323922941694042,-0.014977808986124662,0.0077646551986102685,0.002064841340123212,0.20895528990740228,-0.5401632672777504,2.991811015391425,1.6328707972417595
0.011264416281763499,-0.014993359680862524,0.007788768337538885,0.001971996407849636,0.21015923454801144,-0.46779730135385916,3.0164158354774098,1.5602618826837162
0.01129803631999321,-0.014993503417409099,0.007760239071153161,0.0020169215783891674,0.20782272523019868,-0.5079615153032143,2.992830321555119,1.5933554128290897
0.010930722994294956,-0.015027158295533291,0.007974193529679775,0.0014762486636638648,0.2259316972741546,-0.049594091763981114,3.171509891158294,1.1756178830210846
0.010915448233765472,-0.015038960932337336,0.007962184654326849,0.001446422392761575,0.2244808409199456,-0.031748957412400934,3.164100989735587,1.1501667483769193
0.010950016464320688,-0.015034384550363199,0.00794868901873662,0.001499851882616497,0.22321738565403446,-0.07585610718083925,3.153270247932129,1.1925021943789067
0.010971694601053576,-0.015037268697310133,0.007929391926291536,0.0015294578677704522,0.2212801690693693,-0.10422010935030888,3.1390278786668606,1.214804750173229
0.010992587632039537,-0.015036054790517046,0.007917776830115861,0.0015604242880204913,0.22020905125920617,-0.1308368825065688,3.129917284696497,1.2389227375753207
0.01102782587179673,-0.015030325893327477,0.00790417207182874,0.0016148739281691084,0.21903675555708849,-0.17516314615937187,3.1183186896152275,1.2819829273304169
0.011010630140878164,-0.015034091423319018,0.007909172083117304,0.0015876730197868017,0.2193473865351029,-0.1536674088348308,3.122910546538536,1.2603085984804137
0.011041336960187373,-0.015044464530994279,0.007869567576428706,0.001624333346665397,0.21545665370153624,-0.1935379411841546,3.094095544478764,1.2862320297178
0.011091972286755158,-0.015007707374295118,0.007898925332736041,0.0017222780366355844,0.21920281724222337,-0.2548211321974487,3.1095458295622627,1.3691360276890858
0.011075346408421628,-0.015016008682247048,0.007896239090695112,0.0016926612767872988,0.21860257953991577,-0.2343129752861106,3.1092069479702142,1.3446939989458588
0.011056584240292305,-0.015042654123090516,0.00786216759363916,0.001647151830183325,0.21479005873011567,-0.212523477444622,3.0879407841483086,1.304050100733526
0.011072340413189649,-0.015034579629720716,0.007865357996306993,0.0016750914071709286,0.21543785371948884,-0.23170785261632404,3.08874545872849,1.3271152324508126
0.011112868877050127,-0.015016339554461024,0.007868167095908955,0.0017453559364218145,0.21613920633302117,-0.2815477944746428,3.0869322014138483,1.3847165073724599
0.01116307726619436,-0.015016062664058747,0.007830676593839231,0.0018154717058568204,0.2128529453149304,-0.34377089007672706,3.056760693937473,1.4376934199885398
0.011137259929146727,-0.015020344813004132,0.007842850136095142,0.001776421915132569,0.2137629327742732,-0.3120028465904762,3.0675913211497523,1.4072879266388953
0.010556793557349,-0.01506817972375031,0.008088446662098596,8.886035682714871E-4,0.23916828440172563,0.4364389208863337,3.248518610238492,0.7055279627150673
0.010577345375801349,-0.015073822438683687,0.008069629889608678,9.182318832185523E-4,0.23687402898933918,0.4063502081145652,3.236734966070228,0.7283051600833402
0.010629870324725205,-0.01506923819066951,0.00805651795789447,0.0010010352402527944,0.23508178067063062,0.33780940472343496,3.229834238554102,0.7947205913292689
0.010615576693499018,-0.015073773743529967,0.008054039458806698,9.77145091158198E-4,0.2348768412680581,0.35515742509932874,3.2276780931117206,0.7750991773715344
0.01059757271191991,-0.015076532258892307,0.008056305843844832,9.483197028068081E-4,0.23520067328448738,0.3781230223383949,3.228550859416632,0.7518271375307016
0.010644244023847766,-0.015074044406090953,0.008041140848661947,0.0010209497160211401,0.23327324618794906,0.3167521661359021,3.219813541530231,0.8098107601099045
0.010539957061677721,-0.015084306204822746,0.008064019643185295,8.564114341509215E-4,0.23653611640661712,0.45183014843765246,3.2310719681320745,0.6776979444469039
0.010884619068814038,-0.015053107139167863,0.007955070055383229,0.0013925531392579278,0.2236398334104995,0.005650076110215182,3.160498239118233,1.1055667612658195
0.010907744164464876,-0.01505819879055551,0.007931817279903003,0.0014233256611136252,0.22119488254298833,-0.025205455740045454,3.1438995999333375,1.1285094510512825
0.010676314354445032,-0.015067170269498303,0.008039596189766728,0.001073016910397158,0.23297762888130147,0.27648069854047286,3.2194990589736165,0.8520663122002251
0.010660704108182885,-0.015077609702649937,0.008027077767789667,0.0010444611151666147,0.23154357910944184,0.293547066534214,3.210713970374845,0.8279068629469106
0.010694510484471034,-0.015074372026647841,0.00801753325596835,0.0010972911941793762,0.23039545995425245,0.24980036981537238,3.2048393023508623,0.8701630981279785
0.010715063707688863,-0.01507775886562989,0.008001341750972413,0.001126723597932587,0.22857959271576453,0.2215394084449411,3.1941120766809803,0.892843063468756
0.010734861652930675,-0.015079773382448054,0.007987855010276124,0.0011555008083009648,0.22704808570691035,0.19484318988816243,3.185080249775187,0.9151876853731197
0.01081904607314761,-0.015060434688047802,0.007979401826142275,0.0012914118650151905,0.22614934695195807,0.08962976547337116,3.1787312025686627,1.0252186011338447
0.01079938594154157,-0.015067729377509255,0.00797669497244318,0.0012581705892539387,0.22574904280443123,0.11355431419498725,3.1771947332552535,0.9978829161311973
0.010755822273199338,-0.015079921903446822,0.007977015242525866,0.0011867995754189248,0.22573682372726214,0.16728981092828388,3.177756524012441,0.9397958551794227
0.010778781901308852,-0.015075719388646628,0.007972906813754274,0.001223233436160978,0.22541935774067415,0.1384374079787654,3.17484410873073,0.9690712924021004
0.010862680049161147,-0.015069712561775495,0.007937593615921798,0.0013505768408070043,0.2216381714632572,0.030742350314610676,3.149428028977806,1.0697501580530915
0.010835732087475543,-0.015075947620181211,0.007941537307472104,0.0013074341373804576,0.2219475341219644,0.06426154381829861,3.1527653428199103,1.034953716301153
0.011613098953980333,-0.01493233069027657,0.00756506452335532,0.002473558804145185,0.19707647053603686,-0.8738825597177792,2.8064461507211322,1.9361179695661528
0.011665429455558334,-0.0149436845166249,0.007493489062971201,0.0025236609910736026,0.19170637352402656,-0.9248333633183444,2.749124252599506,1.965507218313661
0.011637431352823906,-0.014949384408316061,0.007513484624644427,0.0024850122453296273,0.19274927771082173,-0.8944409043293554,2.768438027407198,1.9376469724540726
0.011514894580988897,-0.014930795627509045,0.007665922993731587,0.0023548419646103255,0.20397809217797785,-0.7676160919871736,2.8926698333239176,1.8549784768736228
0.011584983972918706,-0.014943938906732818,0.007575209639562284,0.0024279733628882025,0.19704926358393834,-0.840924222251939,2.819461048185792,1.9010237874182743
0.011558180713859048,-0.014950423698632441,0.007591619640548482,0.0023889677714272455,0.19779007876000265,-0.8105428345105662,2.835908139829819,1.8720469880250843
0.011534809991459517,-0.01495093218609396,0.007613824838679612,0.0023598214691110397,0.19936225509089203,-0.7850534218984482,2.8551091255031804,1.8517051559035
0.011486777310285206,-0.01494577048491824,0.007668826022367551,0.0023049832759663145,0.20326991973071176,-0.732995704493609,2.900395923499537,1.8150484790487593
0.01136977147810968,-0.014969975538973149,0.007737404646714455,0.002132181532310377,0.20722389687317902,-0.594981502910835,2.9665567879432153,1.6841243624806344
0.011350645456257361,-0.014991177438865928,0.007718756333235721,0.002088377247449378,0.20474809421419551,-0.5699911421759544,2.9575771437483915,1.6461853892381846
0.011395234700422219,-0.014972161413175158,0.00771080118902106,0.0021633522152584785,0.20501123642998112,-0.624164347946527,2.944884722978602,1.7059561880097325
0.011468855485467291,-0.014966191171303354,0.00765253286022431,0.002262942244149632,0.2010763307181961,-0.7088352479498136,2.8935271083451317,1.778844067061638
0.011420582108853125,-0.014971784135159191,0.007688289247121734,0.002196362047148948,0.203400206225508,-0.6532930207242981,2.9257040769601534,1.729725614892579
0.01144591478907992,-0.014969895929112844,0.007667966670595091,0.002230438159713329,0.20191687612687834,-0.6823609993634422,2.9078807187293307,1.754624174150697
0.005033155183473802,-0.0111166738408262,0.0018008212834091093,-0.008014256544572508,-0.1614892747526009,1.155897840845894,-2.4654050280140045,-0.43149693712454523
0.005028205891357309,-0.011141873592826429,0.0018343405747915725,-0.007992250317676872,-0.16713609249635322,1.1794066747886685,-2.451476517985624,-0.4584046301486225
0.0050330850801186345,-0.01118248859729778,0.0018962305945621663,-0.007970751319031466,-0.17690354117485257,1.2217223087772922,-2.4390007398978537,-0.5004465531529635
0.005024971041312744,-0.01116659530991363,0.0018679196598801622,-0.007972207310708955,-0.17261260253090377,1.2029127996675493,-2.438842792803903,-0.48452400339405693
0.005031275036314568,-0.011198878485981069,0.0019184743796232127,-0.007957509790862106,-0.18042972181834507,1.2373577457133076,-2.4306091931840395,-0.5176717065767685
0.005035387108350183,-0.011221037198988301,0.0019528964104347326,-0.00794682129019923,-0.1856785630180859,1.2608687098838882,-2.424503952757313,-0.5403962683701556
0.005052312551467055,-0.011273045035115982,0.002038539156385532,-0.007928822856881082,-0.19844253586041263,1.318863214834779,-2.4153049421708186,-0.5932351671399959
0.005031990389755188,-0.011247284615694806,0.0019876214456260367,-0.007924444271459634,-0.19104469738438393,1.285429032720527,-2.4100749701556787,-0.5677418026324487
0.00503569840115386,-0.011265042897893847,0.0020152304417219115,-0.007915874157544835,-0.19506606668035908,1.3043284008379399,-2.405110654462526,-0.5858294108843735
0.005055570851971803,-0.011291011885139701,0.002066152614618719,-0.007919295210238904,-0.20245236273165038,1.3378585586540976,-2.4096654736083454,-0.6116196806205041
0.005076848854213181,-0.011312103737854753,0.0021116208531261516,-0.00792761274640834,-0.20904054412841003,1.3673698417549514,-2.417547437022076,-0.6324150960189542
0.005061674341872579,-0.011305281815347063,0.0020906566700363547,-0.007915561479169721,-0.20598730886722844,1.3543895430486854,-2.408026003226172,-0.6260581339226319
0.005075803677198208,-0.011330542627378471,0.002136584224950521,-0.007912402642519386,-0.2125879765212424,1.3851273634807029,-2.4077078984108358,-0.6515489037005043
0.005073946201157755,-0.011349989333909925,0.00216212771148787,-0.007895323272562106,-0.21615348293114459,1.4034114832778088,-2.3965089706205855,-0.6716411212332486
0.005076247646428027,-0.011368334623979664,0.002189204766082448,-0.007883593821488753,-0.21985787119117015,1.4223040079421023,-2.3891807608181743,-0.6903846100403036
0.005080516069064424,-0.011385302441424222,0.002215840651006809,-0.007874973027423569,-0.22351626716635528,1.4407067695653517,-2.384062495826557,-0.7076609957855781
0.00508507611809589,-0.011402199872153804,0.0022425521889734086,-0.007866562579503375,-0.2271209689037191,1.4591378985154142,-2.3790813943723195,-0.7248338225521896
0.005092200004017792,-0.011416308687123703,0.0022675094379591434,-0.007863120002484094,-0.23047657333807886,1.476030665587278,-2.377619479520945,-0.7391312627951448
0.005102928646296759,-0.011456654808175381,0.0023308587229675993,-0.007841799390431706,-0.23871489077623828,1.519998705351206,-2.3647238870101255,-0.7801483220656745
0.005090287808394974,-0.011434614279785302,0.0022907098169214694,-0.007845993840427818,-0.2334677712631645,1.492847980182271,-2.3661116217088627,-0.7577778218413372
0.005092228575231327,-0.0114724028949786,0.00234290383975212,-0.007816665554528238,-0.23998231877515455,1.5299762100042722,-2.346801944720237,-0.7959587982869357
0.005108429529619506,-0.01149403193546709,0.002385391531148083,-0.007816235440643679,-0.24551578318885042,1.5584476932509408,-2.3482138523659226,-0.8179870047120177
0.005249557763942089,-0.01177124738816704,0.002873869653944175,-0.007709811443738663,-0.30039338348108247,1.8967168837587274,-2.2881649447770465,-1.103018331962806
0.0052520908322199935,-0.011785050999026698,0.0028934127640683955,-0.007698250700783651,-0.3019875494884095,1.910880406262214,-2.280039202922963,-1.1168194258237383
0.005255537676587593,-0.011801424231841289,0.002916940998049171,-0.007684876591863327,-0.30388369940168336,1.927886436541571,-2.270638718920713,-1.1331806517258467
0.00511513436517303,-0.011519925191267624,0.002425379430312282,-0.007801260606141125,-0.2503890864227242,1.5863656099516843,-2.3387867946972283,-0.8441377965828206
0.005231681057835342,-0.011742610251632738,0.0028202049593077784,-0.0077195774124626465,-0.2949607716555624,1.8593231269191957,-2.293471192803207,-1.0729419270387537
0.005237987602638845,-0.01175975181430435,0.0028478128128156146,-0.0077089927713768205,-0.29754779476230553,1.8789173861391448,-2.286468394601625,-1.090441060767218
0.005213077385141864,-0.011739865183729188,0.0027979968814178017,-0.0077020392059539864,-0.291901156094806,1.845298861614758,-2.2791591999492913,-1.0682319317444364
0.005207512766636471,-0.011725101172319854,0.002774169405881419,-0.007710792755602423,-0.28960185858925397,1.8284796814144528,-2.284909667400498,-1.0532545267605087
0.005201912984599606,-0.01171003765689436,0.002749884858868386,-0.0077196636933229085,-0.28719702538904296,1.811348151468166,-2.2907078104777203,-1.0379681033540302
0.00515124437215795,-0.01155015547005773,0.0024971043167149455,-0.007814615657067396,-0.25976810700436226,1.6334911032399015,-2.3516857181470274,-0.8756227576847077
0.00512477231326091,-0.011543472793270242,0.002464725179427828,-0.007791199363878909,-0.25517876023864217,1.613521685397911,-2.332935487801604,-0.8680105310831611
0.005165814096270476,-0.011603660392735452,0.0025801982111370515,-0.007781979852679719,-0.2692594721833792,1.6919039712759216,-2.3308256927068203,-0.9299695925940309
0.005159795948717988,-0.011587801374394524,0.0025540933859308688,-0.00778995131331319,-0.26627477126566323,1.67371195147461,-2.335703369588025,-0.9138055689063186
0.005154501645968929,-0.011570206266406008,0.0025263377916218952,-0.007800142976970704,-0.26309146558834723,1.654254423700482,-2.342148077748013,-0.8959259283371397
0.005196383695820499,-0.011694596043679735,0.0027251434630751175,-0.007728837130950941,-0.284726920194944,1.7938952262798187,-2.2966932677693497,-1.0223061906393285
0.0051868669188261975,-0.01164420485997508,0.0026521412689748465,-0.0077671222856709144,-0.2774956654847,1.7416324186587884,-2.322679252646951,-0.9716905734119524
0.005191327939801383,-0.011678449386680558,0.0026999166571948616,-0.007739063199854026,-0.2821798486424219,1.776048782129795,-2.303431858382206,-1.0059754468404074
0.005187887068798522,-0.011661569286587332,0.002675240473079007,-0.0077516089120413965,-0.2797227186932831,1.7584146100921731,-2.3119196913570055,-0.9890160092836604
0.0051698935034962526,-0.011619375671749364,0.0026042585334851297,-0.007771838977828689,-0.2719099286314472,1.708904581248792,-2.3242171323688576,-0.9458860613504146
0.00517066581467157,-0.011636730637485437,0.002627207766626616,-0.007756354784395645,-0.27420029714037625,1.725572331439267,-2.3135161306975065,-0.963198981225296
0.005280089628604341,-0.011859919325061983,0.0030132461562262336,-0.0076489776382299484,-0.312020103202107,1.9964361840991949,-2.24648457048818,-1.1930794120721158
0.0053095305914772515,-0.01189169198874708,0.003083048707728516,-0.0076458474005751875,-0.3186341676770645,2.045026178449738,-2.246654696247607,-1.2283185913581542
0.005316000442631235,-0.011906104201227908,0.0031071435261815997,-0.007636752651968288,-0.32040612970522847,2.0622743556025216,-2.240406966295716,-1.2432020956150873
0.005307754636717745,-0.01191874490729323,0.0031125799985552466,-0.007613738044963467,-0.31978835329913996,2.067257488049242,-2.2225031434776485,-1.2536893533091789
0.0053099175555004355,-0.011932004626543709,0.003130272119347123,-0.0076011267553757296,-0.32076669717968537,2.080186719928678,-2.213195270375412,-1.2665466339684353
0.005318524132211414,-0.01196399312812856,0.003176424703510623,-0.007573886453718914,-0.32350237311381314,2.1136020099768107,-2.193246638733434,-1.2980086709725205
0.005313932159275231,-0.01194765350761381,0.0031526862328254035,-0.0075876698534923384,-0.32211068251715386,2.0964290017487652,-2.2033470804225566,-1.2819300651728442
0.005286340297114792,-0.011874828193364976,0.0030376534863272853,-0.007639454224874599,-0.3139900625676087,2.0138579939680246,-2.2399617388462705,-1.2083178762294222
0.005294492861859047,-0.011888989265357027,0.003063230211671469,-0.007632646109173917,-0.31604703933441586,2.0319516284738923,-2.235560583996163,-1.2231556557837597
0.005260473240939687,-0.011819525234391167,0.002944000922886558,-0.0076711265744645995,-0.30608196248149433,1.9473467846177004,-2.261046492500313,-1.1513592914705575
0.005258731098501569,-0.011839820672398228,0.0029664002387473037,-0.007647636849375383,-0.30738418023733644,1.964125230791925,-2.2436785904967764,-1.1705404893268996
0.0052622570772649395,-0.011857092200450873,0.0029906164167051706,-0.007632880201987365,-0.3091139636782522,1.9816373695904634,-2.233091872210253,-1.1875051766923097
0.005336273296820607,-0.011994668703087638,0.0032312813097711674,-0.007557150130400103,-0.3272939074641597,2.1527310432338562,-2.181750136574868,-1.330099728099336
0.005324663491366779,-0.011982388949492585,0.003204126140351492,-0.007559194327690062,-0.32513237468012984,2.133580375748427,-2.18251889874537,-1.3162485749748203
0.005339686818776855,-0.012010829309676905,0.0032531648941675523,-0.007541838632175793,-0.32831566997926803,2.1686616543402266,-2.170265091690141,-1.3456266941413781
0.005337276848726252,-0.012030411005978433,0.0032717623013071855,-0.007516298437133708,-0.3285128542419899,2.18255559350216,-2.1505212688001625,-1.3626793282030356
0.005339701356534217,-0.012047819589811853,0.003293449970267676,-0.007498204632707259,-0.32923179446177925,2.198335958550812,-2.1367119597597486,-1.3787879237546543
0.0053442774364947645,-0.012064567978998603,0.0033168180099848138,-0.007482952881689964,-0.33020346514919235,2.2151968816567487,-2.1251674795621747,-1.3947531444704124
0.005349897826993976,-0.012080723052886315,0.0033406764203317914,-0.0074693173847244785,-0.33123583002880247,2.232348918743694,-2.1148872431563572,-1.410395776375509
0.005539344352957888,-0.012423535644762842,0.003914557891288923,-0.007206827020152983,-0.34638859892931473,2.6440222162391183,-1.9078508255996456,-1.7543114734527563
0.005546896637235537,-0.012438112518221509,0.003937365507187402,-0.007193284777399048,-0.3462251469838898,2.660235515726334,-1.8965244994334463,-1.7681822597465138
0.005458395203522362,-0.012225696062291899,0.003624461194836623,-0.007397022435426945,-0.3456615028113374,2.4362673975503633,-2.0623972369477523,-1.5678932029075334
0.0054496439423200324,-0.01221219133353916,0.003599783302917063,-0.007405842079322627,-0.34479089721459827,2.418405923153811,-2.0691687179344496,-1.5535917828284784
0.005451243422341983,-0.012239019229049837,0.003628095068875515,-0.007372520053240565,-0.34434180223907424,2.438781818132617,-2.0424397258881792,-1.5763507415268931
0.005455120416560728,-0.012252351495609114,0.0036460046984657275,-0.0073588908744742195,-0.34445584439173776,2.451647513148742,-2.0315609346745744,-1.5886104504265595
0.005460165151560853,-0.012267543873199433,0.003667114992690961,-0.007343850537359094,-0.3446480837897527,2.4667870667419964,-2.0195354204648974,-1.6027131743726442
0.0054664373499034025,-0.012282692832122008,0.0036896871887077062,-0.007329924285443446,-0.34493284246999306,2.4829809009911865,-2.0083927243560065,-1.6171597426667306
0.005473331093649381,-0.012297935395851283,0.0037130676571057353,-0.0073163250057166765,-0.345212584898344,2.4997562808885827,-1.9974781835947455,-1.6318534408541872
0.005532318126750305,-0.012408650960674611,0.003892127760065728,-0.007221136619381517,-0.3465635863645609,2.6281100754062723,-1.9197606824502864,-1.7403928729408495
0.005520185433084895,-0.012423797423388411,0.00388801181412339,-0.007188833414525646,-0.34424615922142227,2.6234371278747752,-1.8931588114897213,-1.7456170235799775
0.005494098063416448,-0.012324486292005162,0.003765379076662947,-0.007300666753204688,-0.3466853904025735,2.537665182593422,-1.9850398994729415,-1.6608595339218684
0.005481367569133848,-0.01231458662214533,0.0037391703764298382,-0.007301775134850418,-0.34552248131748836,2.518484052550052,-1.9857588181721728,-1.6480337969801226
0.0054982086570376084,-0.01233779209770421,0.0037830136979468023,-0.00728656389991868,-0.3465383197727649,2.55020432603543,-1.9735479821827175,-1.6727959694237242
0.005526739279545543,-0.012393636395864702,0.003871485551727402,-0.007236830911788692,-0.3469118991201963,2.6135603374236394,-1.9327563079714893,-1.7269491033698798
0.0055232244549353994,-0.012378695101463312,0.0038536378874882726,-0.007254233583390589,-0.34732490418753315,2.601088053150422,-1.9471161027979058,-1.7143554787080117
0.005513093884401096,-0.01236673073033527,0.0038291632514048587,-0.007261164422555678,-0.34685061593702476,2.5832938717922027,-1.9528122256113154,-1.7010118315996625
0.005504527276208555,-0.012352816906024439,0.003805089937262847,-0.007272112162856029,-0.34655059571685615,2.5659621564786224,-1.9617568545850899,-1.6868755419553245
0.005695503387834396,-0.01268364289328797,0.0043385113942412306,-0.006960267087637286,-0.3366344590040322,2.9428940613031425,-1.6934358331570323,-2.0020395291800575
0.005690889750995768,-0.01267028087391317,0.004322719688280644,-0.006976995982657079,-0.3377973268795623,2.9327564456495647,-1.70805812803044,-1.991997168389459
0.005701744782259029,-0.01269963467857591,0.004358355401249801,-0.0069407132904550925,-0.33517686595644375,2.9557026280476193,-1.6762611212231562,-2.0143072323229543
0.005723288057404595,-0.012726748747760752,0.004408622698861035,-0.006915948954592801,-0.33326480906383277,2.991203207602119,-1.6532350457380542,-2.0416357251304964
0.005709702544768422,-0.012717006091457869,0.0043815285062525225,-0.006920257887532621,-0.33367758037103956,2.9708961598869554,-1.6581259206722068,-2.028187228601125
0.005754494641238189,-0.012778290904874959,0.004488019389623721,-0.006859482103015699,-0.32854523224041676,3.0447124195762627,-1.6018328819891694,-2.0865330325968485
0.005746626045047244,-0.012763992040937443,0.004467383913833083,-0.006875957572478701,-0.3299900712496702,3.03112437464784,-1.6167559782682177,-2.074742680354086
0.005741513268655089,-0.012751090678910665,0.0044517786254957385,-0.006892258772336532,-0.33130352012013886,3.0213390381371954,-1.6312317610629887,-2.065267177160322
0.0057287260834028055,-0.012741951167467841,0.004426306987685649,-0.006896535118751969,-0.33175520420707366,3.0022324437265486,-1.6361188493076742,-2.052627270272826
0.005651913877164821,-0.012618370896199984,0.004228385350410834,-0.0070232811570975625,-0.34050676663576335,2.865735681336607,-1.7500123612343617,-1.9396711731644005
0.005672976626785742,-0.012645329651060484,0.004278738293837568,-0.0070002278046949725,-0.3392424621891165,2.9016919204206673,-1.7291092170447513,-1.9674143478342458
0.005659997718161883,-0.012635333336264683,0.004252278689266641,-0.007004525400919457,-0.33938631173174455,2.8819602313075867,-1.7336061642681904,-1.9541332442719097
0.005678155930817156,-0.012660999708371146,0.004297123915617173,-0.006980682450391101,-0.33796694807534905,2.9135663628136794,-1.7121125588674135,-1.979256698942335
0.0056157943733965016,-0.012548368987053807,0.004123939124276061,-0.007096287774122911,-0.3441995922018685,2.7933472029889828,-1.8135223133662883,-1.8769278542627243
0.005603133115581991,-0.012536289990150598,0.004096242657555025,-0.007102877912366719,-0.34418732345652775,2.7730045846936875,-1.8195637999638932,-1.8624813759490702
0.005620472537029594,-0.012565211423282971,0.004143376785912888,-0.007075545732932955,-0.34311522351460144,2.8062600898647654,-1.795824758723661,-1.8900538482524178
0.0056339683330346516,-0.012618523679708088,0.004201623684871005,-0.007007941603809255,-0.33906255294192705,2.8439045000560514,-1.7380864455386458,-1.9295396093905006
0.005626217795352586,-0.01260338274765558,0.0041794691419319895,-0.007023945488748573,-0.33996119494009197,2.8287695219008033,-1.7520251274607788,-1.916346784296275
0.005620021240621977,-0.012586170693521232,0.004157996412002366,-0.007044182527253916,-0.3411332568079532,2.814494745584449,-1.769415110101458,-1.9026496414990017
0.005554713386017012,-0.012452852796499223,0.0039605869360044565,-0.007179601089987158,-0.3459999383599263,2.6767381579358367,-1.8850284392003205,-1.782229913259446
0.005563884188069716,-0.012468862871365225,0.003986668752725493,-0.007165177999808841,-0.3457813605398209,2.6953087114502945,-1.872844547122552,-1.7977402032950456
0.005565153226008562,-0.012489285368730889,0.004004832677362358,-0.0071371473347102005,-0.34441190131447724,2.70702251138405,-1.8494537532181543,-1.8121705699921533
0.005570714035474609,-0.01250722188570057,0.004026896593562528,-0.007116379444726042,-0.34350939856235213,2.722049645966624,-1.8319587371275279,-1.8268484124229794
0.005581693701231978,-0.012526922781095037,0.004057925842591522,-0.007097654648282291,-0.3429173144844139,2.7438456787497407,-1.815959224672422,-1.8452589665370436
0.005367248762901091,-0.012105269862522616,0.0033874497948420267,-0.007457226229311804,-0.3340481239968413,2.265700194827637,-2.106342261653895,-1.4365570482210435
0.005354174989519441,-0.012095452072835074,0.0033613051610136614,-0.007455883782118619,-0.33205366186410806,2.2472087727413785,-2.104649347498271,-1.424369113305249
0.005365216691136701,-0.012125832195839186,0.0034062328150779755,-0.00743000820289605,-0.33381398524255906,2.2794766990340745,-2.084882455153901,-1.4536518889093994
0.005366480072063799,-0.012147207398756327,0.0034295646204988424,-0.007404966940012658,-0.33393158334410766,2.2962944279276747,-2.06525970666095,-1.4720682300945647
0.005377545831684082,-0.012183026659022992,0.0034791162668080474,-0.0073713967463164,-0.335224622954223,2.3316810103760726,-2.0391584298211125,-1.5052385841847176
0.0053710250620201405,-0.012166322308864358,0.003454396109390323,-0.0073857990318554195,-0.3344959733660309,2.314057451629743,-2.050320423605156,-1.4893943240712464
0.005430398067892985,-0.012212181852777003,0.0035749126602580904,-0.007386657564777355,-0.3421401240760453,2.4003673537970243,-2.053122123825773,-1.5469470481313827
0.00540430439004215,-0.012197206724369207,0.003526832241448902,-0.007379931616055764,-0.3388373038159391,2.365743785662861,-2.046873447585891,-1.5257076919303685
0.005411387528018438,-0.012211314510964034,0.003549690858835048,-0.007368962503763693,-0.339560497611564,2.38210672905258,-2.038361122692617,-1.5396681100850158
0.005384837677045433,-0.012197566698519109,0.0035025686560083533,-0.0073603017290004265,-0.3360879941885073,2.3484137038785273,-2.030595682964922,-1.5195250974517422
0.006670797789802902,-0.013788715210001641,0.006190721545279075,-0.005440006333771488,-0.10939133032734749,3.9393656891777256,-0.15089123575703725,-2.7561327519159597
0.0066117766504399525,-0.013735154839851329,0.006105230281619158,-0.005538292070171628,-0.12585179876950933,3.918530903722505,-0.25275163784361193,-2.743656933410485
0.006623507357979238,-0.013746258229871808,0.0061223098916999355,-0.005518154431148159,-0.12255726400439827,3.9226272689159285,-0.232055052869923,-2.7462532015602865
0.006635557951252325,-0.01375700997168045,0.006139985103747716,-0.005498550205902633,-0.119227683879789,3.9273753982640414,-0.2115809381793783,-2.7491007514156838
0.0066475762901630426,-0.01376730496969474,0.006157662096769997,-0.005479661014699929,-0.11590549929547035,3.9323927048967673,-0.19163070057111484,-2.752007547926077
0.0066440142851402996,-0.013783449939542806,0.006143853903539858,-0.005449918426845646,-0.11510770933160745,3.906535947170474,-0.17266876149735214,-2.7394876842792315
0.006654944788255383,-0.013794262958288948,0.00615896420782231,-0.005430012384458323,-0.11201390469551899,3.908794570063359,-0.15278738576676024,-2.7409080327833633
0.00654256610537374,-0.013670475430676834,0.006001219787192842,-0.005653043965973278,-0.145260885616296,3.8879459235840783,-0.3722410836879439,-2.7239036268502477
0.0065194809388995556,-0.013649439077375326,0.005965290072649284,-0.0056893385857711065,-0.15165103877322814,3.8751489273252644,-0.4106895118321115,-2.7155869035125186
0.006531110121436537,-0.013659999112891048,0.005983463386044567,-0.0056711869747860235,-0.1484457390556033,3.8817544331451095,-0.39141952351891524,-2.7198808508310495
0.0065383889152013175,-0.013686167372334522,0.005988227539114496,-0.005623687927656186,-0.14424376024187827,3.8638920251863653,-0.3525272203081607,-2.712734172381421
0.006548958918009398,-0.013697266528727159,0.006003818428883953,-0.0056042418844561145,-0.14119252714869554,3.8675478116328326,-0.3329837174453066,-2.71539774512198
0.006595842897671149,-0.013740172060691462,0.00607382801854247,-0.0055283924673183394,-0.1283232353053083,3.8883592816259056,-0.25401568143273634,-2.7285768419311984
0.0065844802286215585,-0.013729529683411077,0.006057153235080658,-0.0055474052654231965,-0.13147671689557391,3.883969107638626,-0.2736143034409036,-2.7257867695208016
0.006560252053957844,-0.013708579612975579,0.006020521003492484,-0.005584356100248232,-0.13799698646236633,3.871804569852691,-0.3127845059848316,-2.7183277420963887
0.006572228347676433,-0.013719401468520577,0.006038517195212572,-0.005565301141525913,-0.13472063260481468,3.877398232238324,-0.2928556537723797,-2.721854730257705
0.006450565694114133,-0.013582867828160929,0.005856054714358271,-0.005801590821391555,-0.17090484734129555,3.835147698272816,-0.528352891801497,-2.6881959138114677
0.006462060487266551,-0.013593998169877317,0.005874597622128015,-0.005783143577677704,-0.1677071627732053,3.842411224059856,-0.5089433811171823,-2.6932088349228107
0.006473440564610609,-0.013605176409837707,0.005892784873422451,-0.005764456995479995,-0.16450637980639596,3.8492003668988715,-0.48939666877824,-2.697928461176335
0.006496225706621231,-0.013627690847848024,0.0059287596225342945,-0.005726413131792118,-0.158095700778166,3.861897479807613,-0.4497895336527424,-2.7067624117647178
0.006484763291035051,-0.013616487199319216,0.0059106962948938776,-0.0057453891324888194,-0.16132557685676394,3.855509833694525,-0.469586793887453,-2.702358789129906
0.0065035848113336875,-0.013655181066303012,0.0059342394299843676,-0.005676768855226544,-0.15357660056106795,3.8442402852334747,-0.4088540656411243,-2.700124048965609
0.006491671221133794,-0.013644556979833342,0.005915520941622592,-0.005694709080082455,-0.15683817166150502,3.837087301102421,-0.42792615356097446,-2.695482272157104
0.006433770264810759,-0.01358821049329171,0.0058239465759712125,-0.005788603526809002,-0.17274903054520283,3.803513288476337,-0.5257283417006389,-2.6723122697670942
0.006390396699798175,-0.013542721524059853,0.005753794323623641,-0.005862761615446732,-0.18491317202395532,3.7772395915256856,-0.6019299917650045,-2.6531053800197344
0.006379093742900125,-0.013531661174456214,0.005735038277901317,-0.005880318883837302,-0.18799840253815028,3.769111269273593,-0.6203839048612289,-2.6474018837527704
0.00641625483966574,-0.013593710857954406,0.005790744216725665,-0.005775229948801883,-0.17484030271923887,3.7711583779234714,-0.5233572139341746,-2.655944722953962
0.006387731901624028,-0.013557160260471726,0.005746304610301791,-0.005835819985770711,-0.18350851508113086,3.7603110579092247,-0.5821562273009709,-2.6460017442620565
0.006405005029001324,-0.01358138390842035,0.005772942980437745,-0.005795427581715439,-0.17801583869754498,3.7652316551987863,-0.5436888196674926,-2.6514531593633652
0.006395027194207495,-0.01356866212822018,0.005757377614023947,-0.005816485655407378,-0.18102881638986787,3.7613610405011815,-0.5641420618444014,-2.647940484593521
0.0058149029223518766,-0.012843879408038536,0.004620202727330568,-0.006800006727560765,-0.3222481814591805,3.1383805314419084,-1.5435951622228394,-2.1557026620927897
0.005835555329109671,-0.012869162650694023,0.004666505423136126,-0.006773947404491485,-0.3193442933955004,3.1702625777055107,-1.5183876230932551,-2.1801309019189556
0.005824602209254958,-0.012857448386567235,0.0046428342716458215,-0.006785089120969408,-0.32069645493143484,3.1536055024600462,-1.5294680294314416,-2.167886642586718
0.005856145303630662,-0.012922588845497796,0.004725261678346198,-0.006700903950809936,-0.31225380876990005,3.203119314057419,-1.4524318061409969,-2.214009987462476
0.0058443968034403585,-0.012910521726177607,0.0047005440644263255,-0.0067125689988391316,-0.31390173161718465,3.185925981508578,-1.4642526221379084,-2.2014960635892646
0.005836364585296058,-0.012896667737295312,0.004681011292438169,-0.0067295966931224605,-0.31559123863208877,3.1737502238529043,-1.4800620892134442,-2.1909165271212108
0.0058303331463859815,-0.012883856315947236,0.004665107956174116,-0.00674622180945911,-0.3172417939093075,3.1642814240608934,-1.4952130338670817,-2.1819923649670963
0.005764372148336808,-0.012791720980764504,0.004511226045072478,-0.006845776095021807,-0.32735097697698473,3.0606612346454067,-1.5890223646133583,-2.099138284680274
0.005775107180524984,-0.0128027602752533,0.004534407038263691,-0.006836367433351911,-0.3263079130696002,3.0772238146728763,-1.5797290335889385,-2.1111807509355613
0.005780482120137028,-0.012817176300450967,0.004550800945948605,-0.006817409063854127,-0.3247577438185871,3.0870095689846866,-1.5628362200609838,-2.121034105898477
0.005787752249318163,-0.012831638393821511,0.004570104119996004,-0.006799680379798595,-0.3230785828566953,3.099164908487431,-1.5467543392245482,-2.132023608057693
0.00579634362044923,-0.012845859473366791,0.004591261257374267,-0.0067831785228054916,-0.3215055245801656,3.112911320243686,-1.5315176746085735,-2.143679181933777
0.005898549073119858,-0.012960421977395461,0.004811721361700354,-0.006667010526852355,-0.30719491422485573,3.264744520958508,-1.4163524072956326,-2.2570780622802524
0.005876177711546289,-0.012948514406548723,0.004769556472669336,-0.0066717822327525805,-0.308841689505734,3.2323619693142347,-1.4242006002058412,-2.236927086717942
0.005882015979550473,-0.012961539037127018,0.00478465233556863,-0.006654106687866738,-0.3070153548792694,3.2407106326991904,-1.4080524804449384,-2.245158757814267
0.005862052825736088,-0.012939729125350869,0.00474248033153024,-0.0066767344977560605,-0.3100360626515246,3.2119963033006087,-1.4307360196920764,-2.2238625751340853
0.0059177290002295135,-0.012986862615281423,0.004854375726312265,-0.006635379603316868,-0.30327668483131714,3.2920081921564477,-1.3857401363502546,-2.2789954556441923
0.005907529848505056,-0.012974302400209492,0.0048323441608746145,-0.0066497607231901295,-0.30518602794906974,3.2775519538812117,-1.3999294240597167,-2.267836937792314
0.005913069571663471,-0.013000815500941926,0.004851851111067183,-0.006608936942097408,-0.3013230442829618,3.284371717990104,-1.3638492998929703,-2.279199626843321
0.005919098777696196,-0.01301314258764028,0.004866512203018412,-0.0065921105145576855,-0.2994766655687268,3.2923221663802855,-1.3483165162922521,-2.286864318374135
0.005926383928441811,-0.013027126674198641,0.00488374981004045,-0.006573205545851543,-0.2973872188281992,3.301781817361405,-1.3307638368528252,-2.29573235359039
0.005934736040053582,-0.013041042843175614,0.00490261072077309,-0.006554964867836798,-0.2952445450510374,3.312599968077041,-1.313557264969518,-2.3052329152987223
0.005943788518194178,-0.013054759342916049,0.004922445784428333,-0.00653736157041887,-0.29308626200572857,3.3242658454178744,-1.2967324467291366,-2.315070984374159
0.0059535374197537535,-0.013068645352111259,0.00494337928059679,-0.0065197523750957385,-0.2908364718983339,3.336737816119508,-1.2797312936177674,-2.325330502731091
0.00597978576095564,-0.013092481632830583,0.004995215646834154,-0.006494727361332721,-0.2865940673189972,3.371945939094375,-1.2528457837381946,-2.3500257295237708
0.00596487607748173,-0.013084017435752621,0.004967323560245539,-0.006500405923942665,-0.2882990667171515,3.351121647827728,-1.2608868069574866,-2.3369405798520737
0.005987083278695687,-0.013107416920948235,0.005011912119443269,-0.00647342389815784,-0.2841859115466157,3.3799776396134438,-1.2331135400581898,-2.3581386178255674
0.005989605344019617,-0.01312728906487421,0.005021552859332134,-0.0064408934154094625,-0.2812666543324385,3.3794526063685963,-1.2050337617878286,-2.3629359337810225
0.00599700127299477,-0.013143380614211414,0.005038265416869268,-0.006417498886912323,-0.27860924442193036,3.3867142108591533,-1.1835973080681628,-2.3707600517174305
0.006065937336905428,-0.01320722051002532,0.005170855490518615,-0.006343652324668146,-0.26584754745531414,3.472383380346063,-1.1043213963387826,-2.431123540330727
0.006004554912745448,-0.013158281250402498,0.005054753716754364,-0.006396121715717508,-0.27612574985484933,3.3942182632187117,-1.1638144226896516,-2.378353013351927
0.006025426308069268,-0.013178831426896206,0.005095147198725689,-0.0063719501950077586,-0.2721798588741797,3.4198301094178762,-1.1384636279304399,-2.3967666757580948
0.006010827334641072,-0.013172726951660435,0.0050687663012277204,-0.006374743910912318,-0.27379954981200444,3.3996874622375985,-1.1443420854936872,-2.384697680278162
0.006045821600003329,-0.013203532149132727,0.005135273923455619,-0.006339874790093361,-0.267520665806447,3.442956405829739,-1.1064253716514727,-2.414733180393434
0.00602829089166922,-0.013198864524728772,0.005104167780206303,-0.006338995514074617,-0.2690931779657258,3.418028156145088,-1.1100757190348212,-2.400491950573501
0.006339249415794034,-0.013514644593115818,0.005665151344223545,-0.005901267418448291,-0.19569137840520612,3.720940189359791,-0.6531875562321928,-2.6197077490633056
0.006351635805150038,-0.013526516502023743,0.005685888620079046,-0.005882938755946151,-0.19254022726914857,3.7304628286911936,-0.6338436858182585,-2.6263443768800205
0.006363920388732594,-0.013535232350825783,0.005706821856659439,-0.005870151713870224,-0.18961869473281198,3.7422437597342757,-0.6188208874216137,-2.63370970376454
0.006260617313226205,-0.013433246892630599,0.00553086921621166,-0.006024767752594761,-0.21635372806860456,3.659068241498949,-0.7811778383315612,-2.574685070550968
0.006321158049187135,-0.01351958236585962,0.005631875199689454,-0.005887630097518768,-0.19753103572101374,3.68893262600263,-0.6498160717755269,-2.603429707828052
0.006271893157909866,-0.01344605529298261,0.005550419318896496,-0.006005424819161306,-0.21327836499233008,3.6677940381612157,-0.7615650861456881,-2.5813835051058436
0.00628478982732684,-0.013459874505392886,0.005572659074945988,-0.005984621112781129,-0.20988462800663182,3.6780553488541683,-0.7401735124992943,-2.5890028847171327
0.006309340229990462,-0.01350789731898659,0.005612111518446569,-0.005905447185859552,-0.20055818370705394,3.679981531154343,-0.6683698246388242,-2.597075269097129
0.0062989231687528915,-0.01349440842834655,0.005594924519468979,-0.005926750217957067,-0.20364232012469294,3.6743252295776645,-0.6890977462748601,-2.592167950431224
0.006290439034898055,-0.013479219040395694,0.005581189529228355,-0.00595155233123102,-0.20669714400721736,3.6726361050345138,-0.7118719554883296,-2.5890550017268583
0.0061238937887104165,-0.01324892436795266,0.005279146649346647,-0.006298764948386259,-0.2557564176239053,3.5464059112600794,-1.0507112468897366,-2.479570900165506
0.006112682589701555,-0.013237521584719913,0.005257752436428675,-0.006313572994766738,-0.25829440306745527,3.5335572473420958,-1.0663156200865052,-2.4702635865894806
0.006120123977717894,-0.013263426798029613,0.005274329131815063,-0.0062713819999514284,-0.2539214279504622,3.5342964206646768,-1.028870347309391,-2.4763494442544367
0.0061270638248473825,-0.013275337367676693,0.005287958348735315,-0.0062535618648285355,-0.2516391566497514,3.5398290227734814,-1.0120099533694888,-2.481821235270498
0.006135171334568253,-0.013288957295938235,0.005303696369572306,-0.006233171714021984,-0.24903443398682426,3.546182118917297,-0.9926869841718117,-2.4880364512425186
0.0061444679674676666,-0.013302875772843411,0.005321398308588903,-0.006212674681006668,-0.24625675685878676,3.553987329189907,-0.9729257412712932,-2.4950273416361415
0.006249942180377333,-0.013420488990223271,0.005512248062696782,-0.006044080539845751,-0.21930066386720878,3.650997821994405,-0.8005345620618339,-2.568293173585557
0.006193248478456002,-0.013347625149360817,0.005410762110712708,-0.006153512681013672,-0.23542546655315166,3.6068241173922972,-0.9088236686843294,-2.531837750508933
0.006200311561567036,-0.013359618139456986,0.005423739112014404,-0.006134890611299873,-0.23303061963475777,3.6110915346213304,-0.8912586716727312,-2.536360605310605
0.006240940081245141,-0.013407379635562884,0.005496485823724855,-0.0060644787167065785,-0.22216520858352504,3.6455255776403086,-0.8201624128832702,-2.563168712262509
0.006233586354496886,-0.013394012408778197,0.005483529665107224,-0.006085831345282359,-0.224711209124172,3.6425390205151955,-0.8400117110242494,-2.559265652631322
0.00622101655423597,-0.013384638555374773,0.0054610619830717105,-0.006098035548681698,-0.22745785508413083,3.6286675433771216,-0.8542692956950845,-2.5502505503095443
0.006209912528381258,-0.013372625030352836,0.005441132559354939,-0.006115354103376027,-0.23022281718966955,3.618527770395326,-0.872115598591189,-2.5427034554304586
0.006171116660574078,-0.013325895887148907,0.005370299351414981,-0.006183202784197057,-0.24057306884533608,3.583916136439123,-0.9403425200429055,-2.5154909311108673
0.006155855205553465,-0.013318117975735753,0.005342725520454103,-0.006190600626735336,-0.24310467078144832,3.564108185157053,-0.9512265687407914,-2.503455638027575
0.006178977276898849,-0.013340618995463393,0.005385054302116998,-0.006160259846362907,-0.23778542764117055,3.5883188237921924,-0.918988336934709,-2.520690828602184
0.006069048310125604,-0.01322745871504333,0.0051797576576597636,-0.006309989586636311,-0.2626995614639804,3.469893824975712,-1.075333543418924,-2.4343950101538656
0.0060947963244542625,-0.013241392387550864,0.0052268573773603215,-0.006298165265651017,-0.25893471172298294,3.504137226876488,-1.0584174372969455,-2.4556037064789855
0.006076921829596046,-0.013244163403119527,0.005196070504735456,-0.006284764726198661,-0.25972223011942885,3.475579202645331,-1.0522226993678971,-2.441084454103955
-0.004812763270631233,-0.009545730699286879,7.032115632589555E-4,-0.008056322933745736,0.27205133398271947,-0.48771405727603484,2.371823760517632,1.1975245719935617
-0.004816787716310343,-0.009523390365442693,7.38301965482913E-4,-0.008055033284472138,0.2783636673557877,-0.5098901488108348,2.368598315243682,1.2226969920953898
-0.004811042426350706,-0.009502220971650335,7.68900320448526E-4,-0.008042689100853961,0.2809519316532722,-0.5309340516414179,2.357253406514775,1.241720031307047
-0.00481273036195659,-0.009479603235951161,8.036325949320989E-4,-0.008038115219631914,0.28642392926746374,-0.5532925405627187,2.351495127598758,1.265854813926079
-0.004801921020858682,-0.009456051691414747,8.359031940025336E-4,-0.00801882247173904,0.28783139619939874,-0.5763688169167897,2.3346315622977065,1.284343041921419
-0.0048226499382031515,-0.00918742690363458,0.0012410339879865217,-0.00793993555624533,0.3419340754128029,-0.8367346265785961,2.2440658858734923,1.5634414121740394
-0.004795675077778064,-0.009422665059700366,8.839395028234551E-4,-0.00800126317246565,0.29254638690636353,-0.6088374807003333,2.3179262423176272,1.3148688202767176
-0.004791511614748271,-0.00938591547587768,9.372335485789625E-4,-0.007984305073017707,0.29810895167901924,-0.6443491300683973,2.301163428454807,1.3495075669419183
-0.004795187041733375,-0.009349804928014842,9.919627247440123E-4,-0.007975640782732508,0.30607605986906267,-0.6793568098966744,2.290577297373311,1.3875282060308456
-0.004811415861795323,-0.00931137096273278,0.0010548171992766084,-0.007979458149955017,0.31825555596121613,-0.7174959813945864,2.288995163990997,1.4352349028855438
-0.004800569960647273,-0.00927247282732442,0.001107672860779392,-0.007951878690214624,0.32121792574133895,-0.7537426680364052,2.2637009005098574,1.4669141552513378
-0.004772300430389496,-0.009326056369536194,0.0010183674587395284,-0.007941286756698727,0.3028842008754049,-0.7004091973732081,2.2621567146097594,1.3975933337108122
-0.004802220744379696,-0.009220020235446484,0.0011846937399315983,-0.00793163247869242,0.33002400096236023,-0.8035329829593089,2.2420195602768866,1.5187621691956528
-0.004792877247630986,-0.009245896998362422,0.001143184411632106,-0.007932302312058487,0.3227707482619782,-0.7781328926516053,2.245743750020895,1.4879163467875283
-0.004785601090156617,-0.009198139799113932,0.0012089073551398264,-0.007903544848035307,0.32772254427657294,-0.821880507238735,2.2182846146788044,1.5288798190309663
-0.0048298482019081225,-0.009143507073241425,0.0013079281567261512,-0.007927467255591554,0.35076289917132447,-0.8788671070195748,2.2289846802370916,1.6102550678642409
-0.00482523789452919,-0.009106211052841512,0.0013592020399078766,-0.00790409455486874,0.3540896718982638,-0.9127120465449666,2.2064571874215706,1.6421581703300696
-0.0048052324408156015,-0.008921532004543884,0.0016054857897358852,-0.007781281573498091,0.3661668948731775,-1.0732054859809204,2.088370566711035,1.792447794762564
-0.004828893159862287,-0.00907184779211304,0.0014099848625353645,-0.00789068557639065,0.3595875293027562,-0.9448855610888689,2.191659933685626,1.6766894063726698
-0.004818159904278041,-0.00903732106500878,0.001453050700648365,-0.00786067164146327,0.3597860800603127,-0.9742191563258921,2.1644270122472054,1.700487097000343
-0.004806155903081086,-0.008961902381577309,0.0015509902733582112,-0.007805803992973234,0.36299611721466946,-1.0385601581056865,2.112641527464007,1.758455774978591
-0.004810824720200165,-0.009001224656165487,0.0014994013698313659,-0.00783300964585396,0.3609816366925794,-1.0050338708359996,2.1386202481166143,1.727449939336126
-0.004857654226436065,-0.00972036549798592,4.4204907026736996E-4,-0.008144104228567366,0.24289900607327794,-0.3094074507263853,2.4528724976348424,1.033076032570959
-0.004851703153605188,-0.00977327486304784,3.5798257008435696E-4,-0.00814486798997085,0.22722605446320118,-0.2560021539726876,2.45800110194588,0.9737699076182399
-0.004851908098964331,-0.009744739686715737,4.028728068105067E-4,-0.008141185319032919,0.23488009353621428,-0.2850421556686524,2.45286213439617,1.0045003785103699
-0.0048372167885469995,-0.00967629293876493,5.074693999044498E-4,-0.008113017973385062,0.2484246491693304,-0.3556377563407814,2.426185368953455,1.071459096016026
-0.004844055356094464,-0.009700831178206146,4.704205897222438E-4,-0.008125217622732566,0.24419278030323086,-0.3303195677085777,2.437340503289418,1.048261548960259
-0.0048318828670604495,-0.009649955476447987,5.473413000421745E-4,-0.008101867741574826,0.2535034216177858,-0.38257633643805744,2.4155553312012277,1.097072728417423
-0.004828543904162617,-0.009622307721581368,5.894256507803603E-4,-0.008092342677089288,0.2591301715826069,-0.4105853366416698,2.4059500929065423,1.124781680554609
-0.004828899722928884,-0.009598830579539145,6.257195173102252E-4,-0.008087570746270123,0.2648437177123752,-0.43416263624266394,2.4001990613198663,1.1496832513814574
-0.004814284457271491,-0.009575603837548661,6.579697840952077E-4,-0.008065465582733583,0.2658867951969562,-0.4579435481500257,2.381566971824346,1.1671788628944757
-0.0047813330751186826,-0.009558559415117397,6.758262404025487E-4,-0.008023940565244888,0.25994664340779833,-0.47542730646737413,2.3491125172682543,1.1690333472737147
-0.004861927214590164,-0.009997664065100496,3.6348879191812604E-6,-0.008171442628380642,0.16584218674145393,-0.02556463111331653,2.495212724255573,0.7351481908695003
-0.004844268934976973,-0.009922032952921399,1.2291986543079702E-4,-0.008149259636203311,0.1839988743459147,-0.10515506122851719,2.4735094577024506,0.8108517173566551
-0.004851437724754279,-0.009946955235316524,8.383298685839281E-5,-0.008158477299361032,0.1784321874768446,-0.07881772961496826,2.482066465707685,0.7864548547536075
-0.00485298720390353,-0.009972653983555846,4.3205373050155095E-5,-0.008160877386394462,0.17129209482366917,-0.052384817999163724,2.485790283969448,0.759246487088369
-0.004838442519233546,-0.009899542498089657,1.5804449437870982E-4,-0.008141392155102024,0.18905451699376838,-0.1287926850185316,2.4660605925203076,0.8330123569018925
-0.004830934701270412,-0.009880904020124159,1.8684551992580094E-4,-0.00813158123411818,0.1924321960386034,-0.1486179372307099,2.457481710160478,0.8503198771782389
-0.004837756968307849,-0.00985921800275292,2.213923873574783E-4,-0.008137810548827657,0.2001397380625465,-0.1699014604392692,2.4601506489123044,0.8760692689543879
-0.004842310052435857,-0.009837289458119573,2.562509684248053E-4,-0.008141150811594486,0.2073289713780375,-0.19173629235481648,2.460725260475188,0.9013297629933205
-0.004822189167877396,-0.009783361153797963,3.3846855022077804E-4,-0.008112206589490474,0.2167726195355403,-0.24844556745452753,2.43517352461039,0.9512861749172293
-0.004821997452387692,-0.009805550892678542,3.038713862978251E-4,-0.008114582068886931,0.21083019278427886,-0.22600571521968657,2.4388231269988054,0.9275685396114152
-0.004820616993716861,-0.009824945053361631,2.734903456977662E-4,-0.008115039020424151,0.20528206785482614,-0.20649980978006607,2.44082322680085,0.9063535002712512
-0.004900819458534642,-0.01034768481319126,-5.5745589706525E-4,-0.00818255367082909,0.06336179946490773,0.33911440071911075,2.5282254717316524,0.3671938101904748
-0.004901605352494008,-0.010331739512244434,-5.32247075383115E-4,-0.00818652819487158,0.06855016445066392,0.3230062116876669,2.529841063139282,0.38459856765277356
-0.00489153789044423,-0.010394342447411609,-6.294021159906406E-4,-0.008162018659872766,0.04756457134337689,0.38471642676173606,2.517411294072058,0.314742499728948
-0.004884729200834183,-0.010374282218288386,-5.962800054691692E-4,-0.00815849961303626,0.05310515634084307,0.36287433055121493,2.513614893967022,0.3347218915799384
-0.0048860551661739655,-0.01035658857785703,-5.686288450382712E-4,-0.008163680489985316,0.058840226820362405,0.34514042208657797,2.5159326220054616,0.35406281710491966
-0.004892686844270678,-0.010317591464192857,-5.081175427706408E-4,-0.008178778875531464,0.0719217348046118,0.3067447569289338,2.5235773471196956,0.3977005434623005
-0.004883456202036012,-0.010299726439412077,-4.781670058093273E-4,-0.008171199775122167,0.07638124496437976,0.2866803767476409,2.5171404800713493,0.4146840903897527
-0.004880818254772464,-0.01026731710672652,-4.263549464581327E-4,-0.008173324814306089,0.08623123471454965,0.25311955094399496,2.516319888471919,0.4489710729732029
-0.0048752644671890945,-0.01028325457939674,-4.5074074217340486E-4,-0.008164431285605832,0.08043326702897284,0.2682890341389535,2.5113229567081645,0.43037389461228087
-0.004870074093716124,-0.01024898389418415,-3.957484491045955E-4,-0.008163566531344126,0.09040716669395349,0.2323633297370887,2.508291805980352,0.4659698056278941
-0.004868825375356079,-0.010223258665874082,-3.5486491796496856E-4,-0.008165535886250809,0.09821711435326684,0.20593396036091097,2.5078175346636793,0.49334528466700217
-0.00486792077827748,-0.010192817666576804,-3.0653294403874863E-4,-0.008168045360088194,0.10754180886625019,0.17474387786598952,2.507371380406879,0.5259300573755996
-0.004864453264560756,-0.010161354723688162,-2.5631601457210825E-4,-0.00816716049355666,0.11668578742856275,0.14204415143467938,2.5044777314272513,0.5589235355931176
-0.00485409111821751,-0.010132765347875876,-2.1020567449737268E-4,-0.008157546668085415,0.12358954489289502,0.11111838232170691,2.495667296472476,0.5868171031071664
-0.004854986687548757,-0.010113368660163586,-1.7959580330673038E-4,-0.00815990780555152,0.12969034976109142,0.09148999420001296,2.4958586114597305,0.6079937492642992
-0.004846846660903521,-0.010094446002014626,-1.4922527398935663E-4,-0.008151614980059353,0.13382467667488274,0.07086184776598488,2.4886366696649276,0.6259969257341629
-0.004859335173791959,-0.010026416884732955,-4.198984994927922E-5,-0.008168277338297862,0.15670172979079258,0.0034291338325863935,2.495173482010585,0.7032163526915207
-0.004838381142373277,-0.010010251035214031,-1.6241607485423194E-5,-0.008144263936902513,0.15722279453980584,-0.016129278839364776,2.4769637859557783,0.713971501294143
-0.004847919804276967,-0.010050659457552022,-8.013070695482231E-5,-0.008154597589886355,0.1471684638367818,0.026432721996955812,2.48738595784797,0.6734710112854084
-0.004845515491508513,-0.010074704535373853,-1.18011798115367E-4,-0.008151002864923094,0.13954008501965634,0.050540451346864405,2.486698151835625,0.6468553595812342
-0.004918959413456971,-0.01058979513251234,-9.439214028366831E-4,-0.008139280992485141,-0.011284197896611907,0.589639621664786,2.5152077917892615,0.11094208598763634
-0.004907811379370517,-0.01057168270651369,-9.120211674481822E-4,-0.008132366511878058,-0.00631390953404403,0.5685932196562696,2.5092542603089627,0.1281085342512492
-0.0049074941489855445,-0.010540098827462784,-8.626406109086027E-4,-0.008141942329171143,0.0033914603663815217,0.5364641670403558,2.513653654497906,0.16182294538520495
-0.004901124160767619,-0.010555693445859564,-8.849912188154385E-4,-0.008129755403975307,-0.0018219937995130587,0.5508016923105897,2.5063763576028673,0.14385695182347505
-0.004896390976508823,-0.010523431749230499,-8.332725839128377E-4,-0.008134142666984591,0.007800432339451093,0.5169816963084096,2.5071859407343067,0.1773695648620157
-0.004886345754566345,-0.010502514741550182,-7.977487835497623E-4,-0.008128632195467807,0.013500673866286445,0.49347597983857966,2.5019809193508937,0.19763824903244298
-0.004877004864098258,-0.010478664581757682,-7.580146741510063E-4,-0.008124487301731391,0.020075595629690798,0.46721147880043273,2.497496107884666,0.22113660306705
-0.004875034098524279,-0.010410253045724951,-6.506713733715132E-4,-0.008139358700267024,0.04092177253535061,0.39739390935125724,2.5029811673023263,0.29388529498124377
-0.004867652126271456,-0.010453873552588056,-7.169731584788009E-4,-0.008120253144923121,0.026862168613475873,0.4400490699548784,2.4928663017106394,0.2455806813080985
-0.004858299174086916,-0.010428990518227437,-6.759567040460516E-4,-0.008115699961731197,0.03357572302208684,0.412841863322814,2.4879866927694194,0.27007276806430586
-0.004910096214560018,-0.008116125353057823,0.002658401558035668,-0.00725086565014447,0.39539283445088413,-1.6762410715763347,1.5560006439833511,2.4105061526686318
-0.004900468099923532,-0.008223037836978062,0.0025367597147114254,-0.007343228908104341,0.4011186851260778,-1.614704028127818,1.6419720917680152,2.3540641320588436
-0.004908932905014074,-0.00827742802807388,0.0024849166611635534,-0.007401374837602931,0.4079437294919394,-1.5878382385267191,1.692364326597598,2.336652710446326
-0.004877229057896115,-0.008316427566419544,0.0024129738989103772,-0.007405438355374072,0.39927600545705605,-1.5486537694143891,1.7062794234663434,2.283112072186818
-0.004864835828227238,-0.008147531546909411,0.002582925119685216,-0.007239122101550628,0.38442345143754475,-1.6355051283872442,1.5604473979482212,2.348843979779474
-0.004850098594630732,-0.00819467439817978,0.002520293367939082,-0.007269502852631621,0.383482945896572,-1.6033192853983016,1.5919304447606377,2.3132574218261044
-0.0048483500476602355,-0.008361523196321885,0.0023370175980928394,-0.007416598937304053,0.392086965933137,-1.5070615280653694,1.7253144617290557,2.228942579663006
-0.0048167728218771735,-0.008413636258019672,0.0022510881967042367,-0.007429731185672001,0.3831588759520311,-1.4597632426680416,1.7469417937616147,2.1682523121898787
-0.004816013613893689,-0.008472559322506163,0.0021822678731080176,-0.00747719837435805,0.38433884369659244,-1.4210598678676984,1.791254632950978,2.1325747020870005
-0.004810600113397904,-0.008525844876117433,0.002114958574719682,-0.007514043633343106,0.3832489619243371,-1.3825807973981006,1.8275071313905202,2.0940056749778395
-0.004797040154156334,-0.008633822053587075,0.001973440822471147,-0.007581919462914358,0.37785851281324356,-1.3004178629707364,1.895863360559714,2.009220559079015
-0.004802734087651872,-0.008578990127730206,0.0020448864757979493,-0.007546965228036664,0.3804426429825871,-1.342229996180525,1.8609202747746754,2.051908745176632
-0.004774312778033453,-0.008902884727821641,0.0016121438724218274,-0.007737000871451459,0.356911259303182,-1.0812249048604048,2.053360811349803,1.783985908616123
-0.004766910874356275,-0.008815971679348744,0.0017219053551664595,-0.007675442943262449,0.3603125239530332,-1.1503444433433747,1.9949359217623603,1.848173505767696
-0.004763001118774858,-0.008864081367779414,0.0016566501943782593,-0.007701489797063621,0.3558238425638787,-1.1103922327953972,2.0215560905513876,1.8068545010413397
-0.004770053418465979,-0.008671052348910552,0.0019079216507324511,-0.007581064055849395,0.36755270548093294,-1.2632071035483108,1.902697588129533,1.9591263190184462
-0.004749931762297305,-0.008641361629028566,0.0019300794780664446,-0.007539471889249244,0.361844454724901,-1.2778011597838745,1.8687728717102619,1.9624582825507286
-0.004767711110211436,-0.008713093374038337,0.0018538204651811442,-0.007608018540810948,0.36540272255491596,-1.2309750042356349,1.9291931256326684,1.9269006187532105
-0.004770049250735211,-0.008764724328172364,0.0017899611636372095,-0.0076453427504176745,0.3642066637286845,-1.1919330314903176,1.964679131545154,1.8903777227738836
0.0049437904204451795,-0.008010045928290268,-0.002798094194044763,-0.0071764698492551285,0.39555933899844714,-1.7453610073811718,-1.4794776102349887,2.486339086600815
0.004907520374502869,-0.007970618152380657,-0.0027991987134928184,-0.007104271543952883,0.3805340849288074,-1.7406488062426952,-1.4300232093412146,2.457560128723269
0.004906286761097926,-0.00792092083992586,-0.0028442224469512473,-0.007052498849528223,0.37450231956088065,-1.7597570645896812,-1.3869024951454123,2.4701536319954482
0.00489674848922389,-0.007863146003992955,-0.0028864016466169525,-0.006984756191054512,0.3653068746088379,-1.7752861182157333,-1.334287409652176,2.4740661905745576
0.004908443726251823,-0.007814542910427071,-0.0029410587316823244,-0.00694351874120616,0.36245781498107454,-1.798600738344303,-1.2970088489426457,2.4970990489764415
0.005269356945253221,-0.006357875325055887,-0.004106859816262266,-0.005411366683806772,0.17706862157393874,-1.9961615049776764,-0.23533226398073956,2.5735999587779497
0.005213733773958824,-0.006430277352629741,-0.0040240333382279775,-0.005482798726836224,0.18646953614170947,-1.987183883774355,-0.28769245240841357,2.5629926359507365
0.0050363890985476965,-0.006997674339571974,-0.0036206514050718713,-0.006097190703303315,0.2624970847843066,-1.9756960151585348,-0.665060384103506,2.600682221908978
0.005124076437096799,-0.00646665333234192,-0.003907220468910774,-0.0054968013415128145,0.1885754520515481,-1.952228373234229,-0.32991087751542875,2.51013237354222
0.005147708108881419,-0.006557316959494337,-0.003912989568236006,-0.0056145410646609014,0.20179033971649302,-1.9808138003438063,-0.3725014892753473,2.5619674098393665
0.005123363380706537,-0.006889177031700327,-0.0037726708232540267,-0.00601006094930699,0.2536526136672173,-2.01774210925753,-0.581010479311412,2.653940545368467
0.005136901093071386,-0.006813112747317739,-0.0038187742591086404,-0.005922977378817483,0.24143048963006514,-2.0162664636131606,-0.5284694699406012,2.6427991813991127
0.005116890875509998,-0.006742095809210349,-0.0038193130039706476,-0.00582699573292265,0.22898725185153931,-1.9954488532640007,-0.4867706099663642,2.6013204380525736
0.005115659674481583,-0.00664854574742719,-0.00384803841156952,-0.005712849027520953,0.2144762366739199,-1.9808564678470457,-0.4306869619879355,2.5687277579575043
0.005031281474914339,-0.0069130262835943555,-0.0036513554228023615,-0.005993400943036089,0.24870779003627133,-1.9671010622824185,-0.6083699785081745,2.5752518393056394
0.004980516117406058,-0.0076636570364143775,-0.0031439057130394133,-0.006837539850833899,0.3595002582519406,-1.8862044304690422,-1.1874692676528336,2.5991143547473237
0.004958863041213082,-0.007601033177850339,-0.003168128345253176,-0.006751023585421797,0.3450919077688845,-1.8868283357391633,-1.1291524956196524,2.5798954996096435
0.005008131422153763,-0.007492292081733235,-0.0033032055353713215,-0.006663818141092545,0.33864362142459464,-1.9378325413284874,-1.0460792955530718,2.6367920202693482
0.004996055896743477,-0.00742138671183374,-0.0033376004918314393,-0.006573338475381822,0.3251928647307439,-1.93995041256414,-0.9856204431534011,2.6215422174601635
0.005037154601114724,-0.007077131898267327,-0.0035840984152027376,-0.006192664439747181,0.27534547748468685,-1.9797046321511254,-0.7211212589046249,2.619089484777818
0.0050430562123567856,-0.007155558180600954,-0.0035511208525947882,-0.006289890435804927,0.2888231294419293,-1.9842778955689193,-0.7785821972650658,2.6395655519327423
0.005052389463388836,-0.007234327596002752,-0.0035190986917767813,-0.006389887887040713,0.3035985516649767,-1.9891358525848586,-0.83889985366514,2.6626473176084944
0.004994230759460263,-0.0073483717736113376,-0.003382396708345213,-0.006487304378163046,0.3128431921149432,-1.9463429502777403,-0.9264515650220791,2.614762934372981
0.00500034432119539,-0.007280008019625928,-0.0034310303367835193,-0.006411280765904398,0.30233730035435274,-1.9548578400933496,-0.8730923758906222,2.6144256766847174
0.004935870018845061,-0.007534311078605405,-0.0031913595569512602,-0.006659463787136361,0.3307146183911324,-1.8852256204586577,-1.0696164994722173,2.557679190112139
0.004933624206584934,-0.0077103449037147645,-0.003054914408989482,-0.006852116905663233,0.3553288899679114,-1.844726616233613,-1.2157476397423832,2.541540411488043
0.004890153087838498,-0.0077587749119924655,-0.002968650672607063,-0.006869758954650197,0.350961958284771,-1.8045754344451226,-1.244554802740083,2.487078209101579
0.004840374859348352,-0.00863832349271084,-0.0019996287749535564,-0.007629968387083889,0.3927888532033002,-1.3130042329817686,-1.9294901106892046,2.0453681783965085
0.004821353886540712,-0.008680825604822267,-0.0019321471851753934,-0.0076409770779687506,0.3850712497360415,-1.2738200947060507,-1.9457161713248377,1.9972384447744502
0.004798747219862922,-0.008769050206231458,-0.0018034869362129888,-0.007678229774066305,0.37387441601716004,-1.1974221159664042,-1.9884994067549433,1.911010761376491
0.0048073825527359905,-0.008725128293857581,-0.0018659015962077224,-0.007657473370493856,0.37869548598985764,-1.2347952065757049,-1.9657600795255468,1.9519530547398063
0.004899118985783546,-0.008419314375705264,-0.002313643228713994,-0.007516470134541527,0.4114187539137014,-1.4936968049017953,-1.8029498708063305,2.247674994412304
0.004861990668472678,-0.008456910738951457,-0.002238134674261607,-0.007510425574602768,0.3995959418983317,-1.4517369221325278,-1.808805983491089,2.187300193079611
0.004841686722315462,-0.008557284213583042,-0.0021011274782473492,-0.007570051712784816,0.39389846041396565,-1.3732694183647138,-1.871469579583824,2.102942373613478
0.004834770092288101,-0.008505692376751169,-0.002158053042832043,-0.007522489844341556,0.3910561208649016,-1.4067444216279998,-1.8283245207289767,2.130047656781786
0.004814338475052568,-0.008596375011948263,-0.0020323842759300023,-0.007571867334548032,0.3841784237236791,-1.3343263630557818,-1.8812434032697352,2.050876451751377
0.00486795709254475,-0.008369042576888905,-0.002345366220231093,-0.007442304681654413,0.3988977069556284,-1.5116305275009168,-1.7431847316819564,2.244785463756582
0.004924070946527995,-0.008095783269547557,-0.002692808511539166,-0.00724397259170755,0.39842322405615466,-1.694074510272314,-1.5453171351949704,2.4338707283527654
0.004916435164709028,-0.008050040542822216,-0.002731295171093865,-0.007191873461783115,0.3908709698814072,-1.7113614574848968,-1.5022256486489667,2.442089847961311
0.004859042037581043,-0.008182355309359488,-0.0025414478500894477,-0.007266378374249477,0.38543349937546595,-1.6145775404301637,-1.5864063275738256,2.3280534542050906
0.0048281895569258155,-0.00821941495803875,-0.0024742787800030395,-0.00727178212847236,0.37827129290303474,-1.5791117564864154,-1.6007296187982185,2.2798304278933874
0.004886803280402612,-0.008132008845845825,-0.002619713655212977,-0.007244608735215285,0.3898849375954431,-1.6551843168878324,-1.5582864236260467,2.3785969518704664
0.0048310882645612565,-0.008264343515728655,-0.002429105835036598,-0.007314918934237966,0.3818506068050802,-1.555961371942839,-1.6383029152856345,2.261722379771087
0.004843923199575144,-0.008318108616456902,-0.0023817502220755977,-0.007374644040984806,0.3887640365462484,-1.5312315668564016,-1.6883151995834014,2.2476871762719473
0.004786552723102701,-0.008235760573386278,-0.002419746781564053,-0.007248029224144899,0.36666650156911373,-1.549563042182246,-1.5919309157480923,2.230445574541724
-0.004878218848777431,-0.007889095443804858,0.002844254856151717,-0.0069960908173012926,0.36358754694933343,-1.754971230928497,1.349834983284352,2.447829443533047
-0.004879859238955826,-0.007954217733976676,0.0027866093064606505,-0.007063689940808382,0.3711557420885438,-1.7311239143896646,1.4051487624861108,2.432166905166652
-0.004883590987241892,-0.008055518862679478,0.0026934569960254287,-0.007167660535916563,0.38226460047119387,-1.6901481880175042,1.492049139296699,2.4040490932202285
-0.004863345339404936,-0.00800733558821212,0.0027201796839499918,-0.00710237423157622,0.37205248551826586,-1.6998067490650541,1.4429824465832894,2.398388380534125
-0.0048277028009445205,-0.007856339297448259,0.0028214369553839188,-0.006921053148270549,0.3469997733195661,-1.7372458565608107,1.3054154718428514,2.402564353913918
-0.004933429784948405,-0.00752569570599561,0.0031947238090145103,-0.006648077838290572,0.32915080290389837,-1.8851785685088343,1.0622719401692393,2.555349673563161
-0.0049326236296022875,-0.007467637248416847,0.0032341607362859916,-0.006582315078111045,0.3201260988049286,-1.8941320301561018,1.0152254056884729,2.5553827019915425
-0.005009224266181878,-0.007101775489310696,0.00353859470540276,-0.006206329058509464,0.27564159127014637,-1.9637125630914003,0.7401312395485206,2.5967413016690752
-0.005011775700951859,-0.007192229173011396,0.0034942193427176674,-0.006314930266114737,0.29047528230410385,-1.96478504744009,0.80673606737349,2.614334286937066
-0.004974605784181885,-0.0072866818711378335,0.0033969789830099665,-0.006402863619578035,0.30014202645529403,-1.9384400135841167,0.8773240189023194,2.588798041405425
-0.004926284893384888,-0.007384726004375013,0.0032813869318502153,-0.006484277437657395,0.30710781672722476,-1.900802554675643,0.9490195988755908,2.5466064076655432
-0.004808670969817441,-0.007790919052185097,0.0028571982725332794,-0.0068391914656256705,0.3358266827307244,-1.7476269313585573,1.246703760290403,2.3969659241845704
-0.004871506983637308,-0.007653857374403184,0.003032174286761759,-0.006743360445670406,0.3339914485155146,-1.8210424700589236,1.153857344156225,2.481566442107272
-0.004828261181965691,-0.007715209037034546,0.0029386644273680005,-0.006775825061358739,0.3311648071647189,-1.780315333707492,1.1920590353927023,2.4296769030511496
-0.00487060581294938,-0.007576404679632716,0.0030889953079962125,-0.006658922565420597,0.3229354091159721,-1.8377742846321607,1.0915046787283489,2.487465145597606
-0.005081199368564542,-0.006868916416169903,0.0037292966637805457,-0.005964730883282432,0.24625029712473798,-1.9912866223803334,0.5733304735063801,2.6088376979252765
-0.005094355816142959,-0.006768563511757205,0.003782811248393051,-0.005849266279272587,0.23152278612810231,-1.9868617718315542,0.5072062555670823,2.5904938033663094
-0.005170423727743626,-0.006547058622617942,0.003943321962872636,-0.00561051281501792,0.20164385845818322,-1.9905168664368595,0.3614440427348323,2.576470984524694
-0.005117304801069341,-0.006663194719428675,0.003845519468592981,-0.005731337602099776,0.21673804506858937,-1.983727733527161,0.4391464303971338,2.575183156536333
-0.00505895674525817,-0.0064567651447059865,0.003832340453637228,-0.005463070067515945,0.1840247706462128,-1.9204401831181424,0.3392885528652067,2.459236616097352
-0.005064731787453973,-0.006338573071434627,0.0038653194683005124,-0.005326518050157218,0.16949094115559624,-1.9007668216514408,0.28125131509751616,2.42201843774131
-0.005130852322882646,-0.006088801310020247,0.003982885801713721,-0.0050541590390746835,0.14107717635465664,-1.8743853416446483,0.1585020390578489,2.3708154839443467
-0.005082382391692468,-0.0062159993394897885,0.00390839670006471,-0.005189268965485195,0.1556047263364938,-1.8836013532250704,0.2227815197420349,2.3898116425185556
-0.005005947146137678,-0.007012244931380748,0.003577772438673747,-0.006098418403884107,0.2609270980440242,-1.958925988411394,0.6771106851051844,2.575229306358501
-0.004988828617305343,-0.006915061332045698,0.0036001484001508557,-0.005974847763671641,0.2447172602036118,-1.9436623560172765,0.6137881050058659,2.5377690168016573
-0.005140679824024385,-0.005944625183619603,0.004009652497149203,-0.004891209513309399,0.1264293155082763,-1.8447738584180302,0.10283495163838628,2.321457711641564
-0.005156722823061767,-0.005801288618264691,0.004038363426679264,-0.00473240099897515,0.11316136823068894,-1.815820447683825,0.05133408415417895,2.2741567784318195
-0.005218352989191547,-0.0056877567035604135,0.004112037038362408,-0.004614128643902704,0.10129261347451383,-1.8060049795668571,-3.184619305798678E-4,2.258532569647708
0.007031745998580937,-0.002173466644450633,-0.0050493839614026695,-0.001199779591630057,0.009601160652451564,-0.9754783958160547,0.4661936472850764,1.1142503094542298
0.007157887339563236,-0.0017274923122176991,-0.005029767339915527,-9.078719727259692E-4,0.012140786540833188,-0.8969259757915695,0.3892001274240944,1.0054105382429734
0.007021559102966169,-0.0012678114628836366,-0.004879351042427177,-6.757272108111342E-4,0.015569386638195968,-0.8892055914585756,0.2698153246141806,0.989428327794787
0.006530338956448824,4.963924704335967E-4,-0.004535728789839793,2.8555671679272263E-4,0.017585888019413062,-0.9481141230000264,-0.08656693641899636,1.0544283532033234
0.00680409768720324,-6.790725529100856E-4,-0.004700722474770105,-3.7364149307031816E-4,0.015996315764946256,-0.9035449569985942,0.1329495414648915,0.9989394582691515
0.006637385648096987,-1.089884894892524E-4,-0.004586416195645181,-6.189367675092028E-5,0.017892140895660217,-0.9232443088957609,0.02015639565859582,1.0224946069743466
0.006530247901015924,-0.0037368189368269214,-0.005108752324953906,-0.002484515228851097,-0.005438882213627465,-1.3550531999037319,0.6112267844540086,1.636775362226775
0.006722097743449132,-0.0032321451640373055,-0.005115676899393146,-0.002016336448603074,-0.002541336792344867,-1.2119419338291644,0.599467953624348,1.4382340613490774
0.006605555136553322,-0.003478175834740265,-0.00509525620343938,-0.0022459865804140907,-0.0041543810560319494,-1.2836734676087556,0.6011520203220079,1.5365598563468053
0.006323779326921141,-0.0038265826582042336,-0.00495416656743588,-0.002618090289818062,-8.972252642419355E-4,-1.3972433751103772,0.545133133914668,1.6865681071253469
0.006777506114822149,-0.002552876767663636,-0.004974358227739113,-0.0015100921170627028,0.005003012157729115,-1.0797224042647748,0.491310926394056,1.2504935935534391
0.006640778975651178,-0.002930786167730822,-0.004971943836815387,-0.001812929632238379,0.0021657343269898908,-1.1664021455281113,0.5243424930535009,1.3675539623452964
0.006559282993064894,-0.0022548304044505436,-0.00476304008057622,-0.001359675072712145,0.008844152363664105,-1.0750874227810263,0.3933383131915511,1.2326065212344373
0.00547241731946817,-0.005925503342235254,-0.004401304119797662,-0.0049265183503582125,0.12062938893324135,-1.9547004069852956,0.018871936389328898,2.49497378923478
0.005352284944488031,-0.0060065468415579845,-0.004251783731334383,-0.005003786473283312,0.1311796674159804,-1.936295518716502,-0.05586972459322281,2.4654650379010863
0.005249962032712021,-0.006252139420208371,-0.004100836430845591,-0.005276713178948671,0.16252296462145654,-1.9613113112742677,-0.19172658497431624,2.5129969213866112
0.005262479441537921,-0.006111522844705819,-0.004134581708632742,-0.005110777212042824,0.1442991262595064,-1.930686319061522,-0.12728026741267584,2.4591320655374562
0.005481697850024014,-0.005605093990511709,-0.004410963906160304,-0.004547022693512193,0.08739174511175185,-1.8573069235590711,0.11669697192914667,2.3385710560170643
0.005458162979144671,-0.005760443700678725,-0.004386187536680992,-0.004726445734953209,0.10275885449352627,-1.8981227040189754,0.06541934088872225,2.4029787296140506
0.0054964109877534955,-0.005453356660838779,-0.0044206746399272885,-0.004374356311185434,0.07564719661343709,-1.8135144009326651,0.15624295194856888,2.271896710118211
0.0053912047716072435,-0.005516186947081173,-0.004305091731525929,-0.004439168501605889,0.08360215808369516,-1.806281482021678,0.10304406102374124,2.2590361380861053
0.005647766650068639,-0.00524535254562649,-0.004572560792288532,-0.004142916002722431,0.05539937554637215,-1.7807747347748393,0.25579273288092336,2.2249067254915107
0.005506060921758275,-0.00530675985391909,-0.004421346535952141,-0.004210943393219716,0.06486744183212585,-1.7720234601197038,0.18856021625535271,2.2079189154878236
0.0056674316352631066,-0.005085979230943957,-0.004574546893292271,-0.003967169151213592,0.04602560486634702,-1.7344825728661502,0.2850571232687548,2.1556833795045023
0.005702928339076674,-0.00491841942523715,-0.004588888310629196,-0.003785880577569172,0.03717715849617781,-1.6889467461313392,0.3167413131162808,2.0883737409492986
0.006137426329905227,-0.003958901560322171,-0.0048212670175838655,-0.002779246492193256,0.00486494684780953,-1.4410663233630945,0.48861102026775954,1.7410120360906267
0.006185107737461414,-0.004183453264789148,-0.004920717508009253,-0.002976514812958024,0.0027477552421394506,-1.4982371786569149,0.5206363602771398,1.8268939953227472
0.006011158054640016,-0.004520716695169696,-0.0048318761731849505,-0.0033388335830879107,0.012618054721029047,-1.5946120097356447,0.4603151020418061,1.960238062210422
0.006080957397400781,-0.004338754169283552,-0.004858901967204093,-0.0031466959942367044,0.0073369389118713045,-1.5432446908362873,0.4853435735900959,1.8879347107073168
0.005761575236323318,-0.004743017140397583,-0.0046218810126823,-0.0035981872001250685,0.028603079881008273,-1.6444329342070427,0.3525826385992508,2.023833275225257
0.005828614560898317,-0.0045409931665348876,-0.0046536234668340185,-0.0033860167336074707,0.020642739416405622,-1.5919885836805099,0.386477938064593,1.9492164975876756
0.005160274659173883,0.0019300797381682322,-0.0037462650546909748,0.001319075603606133,0.025009602568199892,-1.1864163922900148,-0.1546584637455991,1.3658521933962928
0.005900769116543057,0.0012484660963721689,-0.004197150637702465,7.915138505949253E-4,0.019625355420207505,-1.0730731733692103,-0.16128333894890676,1.2165306018121547
0.005953973133075919,7.062743998876575E-4,-0.004196250675534725,4.413147632475795E-4,0.02020858342742549,-1.0410352072944933,-0.09441931858279207,1.1727382276851
0.005332773238493503,0.0013955032374315332,-0.003827792871230059,9.324705849212523E-4,0.02408520776276497,-1.137853387059961,-0.1295677014494845,1.3014176805966742
0.0044549835540140265,0.002654358278468075,-0.0032761009836658537,0.0018981796282816008,0.034746382080036865,-1.2629859656541973,-0.10927035951052098,1.4687814725550388
0.003920557072612428,0.0030213992475699347,-0.0028836751721790167,0.002195964164585633,0.042508810223036264,-1.2822644599557231,-0.05927425384345551,1.4954055774300898
0.003383313100299048,0.0032529086441065503,-0.0024759262928481314,0.0023771349137787982,0.04730579308229283,-1.2789415838606482,-0.017359766624076633,1.4895147752627211
0.0045599477580583825,0.002087791218513289,-0.003321709624740965,0.0014704933382751592,0.03197706734151957,-1.2209680060626502,-0.10640177786859147,1.4122153263491724
0.002928507621130836,0.003129463665927164,-0.002130342329312574,0.0022805013878959388,0.04930911782900298,-1.2581869618159212,-0.001550441649691366,1.4629635537492114
0.002010898415763136,0.003681121162700307,-0.0014423620511987113,0.0026733183779411285,0.05270169315468753,-1.2333245312861314,0.03519850147624489,1.4298537291284077
0.002478711703494661,0.0034139487874744407,-0.0017924751298535044,0.0024865861433694646,0.051835355139018734,-1.2489574401319867,0.0200328555961206,1.450218715696489
0.00477632631744447,-0.009185454421742432,-0.0012228815182657189,-0.007887606312758276,0.32628291267910986,-0.8324974733157823,-2.204776052411414,1.534888847098381
0.004832443395595681,-0.009775909505793929,-3.5137255757304754E-4,-0.008123038961984753,0.22138520961970706,-0.25515144247261207,-2.4423892887516936,0.9633386956611268
0.004815846979194569,-0.00974668699354287,-3.9461252767589405E-4,-0.008100054686587107,0.2246616184237231,-0.28607540034194795,-2.4230719913847403,0.9877426774435961
0.0048037643654031785,-0.009716262182187435,-4.3981402366546565E-4,-0.008081627500822941,0.22918225562239103,-0.31753073568440837,-2.4068416276004783,1.014878175677955
0.004805022630767295,-0.009680084928489017,-4.95728806145305E-4,-0.008076881767800989,0.23843766549155385,-0.35372074594055064,-2.400017557678398,1.0534461067148213
0.004781148800896458,-0.009417343353759053,-8.871436390129583E-4,-0.007983190131535702,0.28899731866678907,-0.6133727014916509,-2.30387830555923,1.3122821776700253
0.00479209239339751,-0.009470664664596243,-8.110026958255263E-4,-0.00801211544481995,0.2817768387109123,-0.5618191948908322,-2.331225381383895,1.264289528936242
0.004770281733813049,-0.009443172424813389,-8.453709649165387E-4,-0.007979236035910992,0.2806283228429718,-0.5879264056218627,-2.303785480321753,1.2805047649137842
0.004787052012774932,-0.009388272610910586,-9.322012481019867E-4,-0.007980100942996443,0.2964021418279686,-0.6417738799424261,-2.298331905785432,1.344629333158322
0.004765032804914339,-0.009216021419037832,-0.0011742807876989926,-0.007888696981461924,0.31808048584891657,-0.8028118437043205,-2.2095363588918993,1.498876427809841
0.004755516680582246,-0.009242391747727468,-0.0011325511890505511,-0.007889471379703224,0.3109430927589063,-0.7772651805900815,-2.2134469487929382,1.4679973393020225
0.004793952363297491,-0.009352240115942599,-9.879208201729296E-4,-0.007975146670828825,0.30529080200588393,-0.6768973619833244,-2.290546846045068,1.3844060284764161
0.00478079683478983,-0.009309819486109322,-0.0010452958472477148,-0.007944586542646933,0.30843279701322196,-0.7165035756024167,-2.262758367866919,1.4184955238227592
0.004764454629721086,-0.009272645303031946,-0.0010927903619207975,-0.007911785872773648,0.3091450369615727,-0.7501116115581423,-2.233781445843785,1.4446859662495857
0.00479860781969441,-0.009638693862405482,-5.57976703097329E-4,-0.00806161310665606,0.24663491463210188,-0.39542340652560926,-2.3848845849898264,1.0939777320261184
0.004780519695500667,-0.009605150133156506,-6.052016227966973E-4,-0.008033964883259088,0.2493851610356776,-0.4292173709036062,-2.3612688399352737,1.12051811400854
0.0047724799489115505,-0.009509294025990846,-7.475277994303123E-4,-0.008001076963548836,0.26786116286752737,-0.5236980977841837,-2.327124837332022,1.2149192983344417
0.004747257211410673,-0.009585305948989776,-6.274940490390712E-4,-0.007992022467641286,0.24430386404611396,-0.44936459921927124,-2.328294092293955,1.1253739946011638
0.004756550075323483,-0.009550287890809873,-6.820491440778844E-4,-0.007993971240765582,0.2545382162625019,-0.483531358133882,-2.3261245227324916,1.1653869233948775
0.004817596799161908,-0.009802185167534373,-3.0861664681069555E-4,-0.008109163578324382,0.21061019383316545,-0.22983042286234603,-2.4346183006277617,0.929448487575259
0.004829309963597407,-0.009850674199019928,-2.3408781378133852E-4,-0.008127392752791356,0.20043600806724374,-0.17954557645615096,-2.451955561875263,0.8821506798264779
0.004828633462958262,-0.009933079116465385,-1.0489013292632623E-4,-0.008131736590892372,0.17735220780188257,-0.09592063466374351,-2.4619013893161346,0.7936157930071372
0.004822026963307803,-0.009908526659742033,-1.4305000721935685E-4,-0.00812303100739555,0.18264842007061652,-0.12165692995298223,-2.4536583269507912,0.8176099094945325
0.0048239359117555735,-0.009879355327314647,-1.887909637931905E-4,-0.008123440858414486,0.19125032582124826,-0.15102071371585815,-2.4515225320698533,0.8494877903612733
0.004806583631975355,-0.009829365684980869,-2.652247887206425E-4,-0.008099416199642282,0.20067622577142544,-0.20336113368335199,-2.4299274623420124,0.8962866690185766
0.004852170376984918,-0.01002222807689528,3.5262288542514774E-5,-0.008160056640552332,0.15649343531232482,-0.001912432104753467,-2.4890729275140253,0.7054634767887141
0.004820210189989997,-0.009955179225801372,-7.000112674298522E-5,-0.008122793602531308,0.16919594501837978,-0.07453063898051505,-2.4573205125833497,0.7670508902069127
0.004832655321405361,-0.009998461535719925,-2.3129816638451244E-6,-0.008137695503829577,0.15945722912051472,-0.028944924471805817,-2.4713942739352786,0.7248002299076451
0.004818601677897627,-0.009978138562370705,-3.4062973296341804E-5,-0.008121410161775339,0.16236551883530692,-0.05145773415225641,-2.4581886637131793,0.7419489000880315
0.00486841246422655,-0.01018181737120418,2.891410771686861E-4,-0.008169766712061323,0.1110115619059998,0.16360362311981225,-2.5077672418461265,0.5379511946140139
0.0048768773145774665,-0.01006995540528488,1.1172728842318351E-4,-0.008187439752350227,0.1470237540722029,0.050717557490602826,-2.51189088475199,0.6615061452314657
0.004877354455916942,-0.010102047838833256,1.6295255145062007E-4,-0.008186458143207178,0.13723631689999571,0.08364541885031423,-2.5135680550544826,0.6268402989064691
0.0048706668248743815,-0.010087358446025768,1.3919251726965225E-4,-0.008179484284162281,0.14047637154303494,0.06751038872488625,-2.5076143747339033,0.6407635903891821
0.0048673329580634144,-0.010160049449145078,2.545003887091538E-4,-0.00817060366168465,0.11751137615168995,0.14120004012185902,-2.5067642425907306,0.5611581816879085
0.004870324335092244,-0.010140502375403506,2.2371059453772782E-4,-0.008175708997550182,0.12409387736499677,0.12175062764302576,-2.5088792655146377,0.5831499597864229
0.004865359876768099,-0.010120551161769386,1.9165291829837235E-4,-0.008171422544563113,0.12930864932393618,0.10053170254705547,-2.5044418258808734,0.6032812744689017
0.004860337498048111,-0.010054272814993229,8.620861801107401E-5,-0.0081688291377659,0.14856097348344446,0.0320412337659941,-2.4976803126497837,0.6734071207291433
0.004833912034181625,-0.010041342316753113,6.510012002463599E-5,-0.008138707179616893,0.14723634046149658,0.014841883956267541,-2.4754624476657705,0.6791324544873264
0.004880886637702087,-0.010278578515534492,4.4422582027257683E-4,-0.008171670896165413,0.0826912002115362,0.2646196974446553,-2.515983325069223,0.43683814169033414
0.0048716793537382196,-0.010260738507949426,4.145714355683514E-4,-0.008163733428355744,0.08695206782623467,0.2446691615838212,-2.5092505523491404,0.45370213273732357
0.004869493185491973,-0.010224340963787083,3.566618785717707E-4,-0.008166168950624662,0.09795366397722043,0.20717257748070714,-2.5083305041475956,0.4923507776250953
0.004874385873418656,-0.010241585467295707,3.846279926349817E-4,-0.008169566615076234,0.09340293432810455,0.22566207647813946,-2.5119058987055607,0.47505549938502944
0.0048456537239216875,-0.01021428659500556,3.3787457536643613E-4,-0.008139925951527011,0.09749579103305667,0.19260765283841766,-2.489398435528767,0.4967633146413449
0.004849419132247827,-0.010192632680243976,3.0424391255011105E-4,-0.008146722834952868,0.10469580275262616,0.17125890005793964,-2.4925307134129544,0.5210528479127188
0.004931999572607106,-0.010693243379571086,0.0011092481229901911,-0.008116674064253098,-0.042204900907484334,0.697817526860403,-2.506779596185313,0.0029435631169025707
0.004926270550351247,-0.010711580681841007,0.0011352048512358662,-0.008102757966525964,-0.04776526950929028,0.714912975330306,-2.4984709420668385,-0.01758931384761515
0.00492333650931592,-0.010731151623471186,0.0011640048051536932,-0.008091376398923373,-0.05355003515881417,0.7339233848769561,-2.491961317472256,-0.03887469928580405
0.0048970056550625436,-0.010356984038084665,5.714610284154425E-4,-0.008176277796549438,0.05996525354494702,0.3478023800562288,-2.524586477224173,0.3562545090027462
0.0048860815982240575,-0.010340415310516686,5.43066460720519E-4,-0.008166891200987311,0.06390511951812361,0.3286837194110963,-2.517019316160175,0.3714693777753216
0.004890344713629902,-0.01037547112460652,5.99345471651081E-4,-0.008164738986313742,0.053359597506260244,0.36526838751483853,-2.5179740670264352,0.33474851826241064
0.004888206052898238,-0.01039509911296336,6.298527853303782E-4,-0.008157996218198555,0.04698788824493504,0.38479678193917916,-2.5147117225822337,0.3131450634718786
0.004890467049700408,-0.010410005536421466,6.53854417827261E-4,-0.008157220751137537,0.042554222122521655,0.40043825949391165,-2.515204638070442,0.2976533466744484
0.004883509494841448,-0.01042410274487524,6.743801803207162E-4,-0.008145867522798169,0.03748642009833936,0.41328648052754996,-2.508400310110814,0.2809342495782579
0.0048770646711418396,-0.010443438698020767,7.030815861514692E-4,-0.008133709806087986,0.030910420432207795,0.4315334032587969,-2.5013976185235656,0.2587808156456086
0.004877724021593833,-0.010322240810591451,5.127817921454554E-4,-0.008160625089858252,0.06861738793476412,0.30848693584657333,-2.5114413204856945,0.388991710278976
0.004866587080357788,-0.010337355987990371,5.345217664908589E-4,-0.008144969522094531,0.06255837747504117,0.32164802183152164,-2.501729014612372,0.37001901534801734
0.004869813984141632,-0.010299346561562155,4.7526688528355454E-4,-0.008155498982905936,0.0747345875137032,0.2836181012075775,-2.5063090328799515,0.41165584146802997
0.004904589347771194,-0.010549926573910871,8.770911679747375E-4,-0.008135555430733668,1.7512955253721802E-4,0.5457644044837391,-2.50996925876117,0.15071932593787818
0.004916189672187977,-0.010565950493514706,9.057787728489073E-4,-0.008143891310331127,-0.004073794920935996,0.5647559228122704,-2.516745603440714,0.13591660262096614
0.0049098676246730755,-0.01058595181227245,9.349036851450016E-4,-0.008130060545043538,-0.010575955852175155,0.5835611409789604,-2.508653194361633,0.11326702980837257
0.004907208156244077,-0.010606425467063274,9.657951882854034E-4,-0.00812008245989384,-0.016922438722226037,0.6036754370181364,-2.5032095607888674,0.09089869544691044
0.00490641982868462,-0.010627570380009846,9.982375138146435E-4,-0.008111789591233933,-0.02334246998972145,0.6248917028823177,-2.4989560425104425,0.06821838390989197
0.004912989935162622,-0.010642559791578608,0.0010237594640567747,-0.008113961713600902,-0.027541838946949553,0.6416908931455096,-2.501465125499567,0.05347960426418312
0.0049115001744609,-0.010659931431621444,0.0010500067876023512,-0.008105839577333233,-0.0328663193733393,0.658900547456509,-2.497068631661689,0.03470747129798971
0.004917643354075249,-0.010678993980556599,0.0010816931231127458,-0.008105677000307343,-0.03827535932791474,0.6797255354357891,-2.4982532192308713,0.01554767441636335
0.004874140746239476,-0.010464361216994315,7.34976207756536E-4,-0.008124994816727911,0.024238113747995612,0.4521047471519624,-2.4968530558171067,0.23577814648997
0.0048873883832916375,-0.010504486432179154,8.011159805508663E-4,-0.008129270938647222,0.013008928906302465,0.49572373409440235,-2.502549190330084,0.1957345094357341
0.004876989314914061,-0.01048548828204194,7.686277247616417E-4,-0.008122614941596924,0.017982922577481655,0.4741275784625791,-2.4966760881478844,0.21383716992171453
0.004883717626135476,-0.010545920506248958,8.644028333560449E-4,-0.008112768274996547,1.336379906429865E-4,0.5368370702335339,-2.4940521608833564,0.15077860967005322
0.004881317399983644,-0.010525247359076515,8.316302478951046E-4,-0.008116256553965426,0.006185060066654422,0.5153701743650919,-2.49503729260897,0.17231868015326926
0.0050004060881203155,-0.011040322602808492,0.0016683490230071265,-0.008023886848021357,-0.14031385767366775,1.068136626850085,-2.466516300686797,-0.3546729777524689
0.004997755447141995,-0.011055820633741019,0.0016895694850087705,-0.008011567822601956,-0.14404548269126208,1.0828074529019807,-2.4588817323858225,-0.3712492868352822
0.005010542308706934,-0.011084587171768587,0.0017395726678913431,-0.008008586174766031,-0.15202285119189,1.115920052753024,-2.4588864062398965,-0.4000755752848532
0.004997446156877508,-0.011072014993043026,0.0017131054143544708,-0.008001373319358324,-0.14805803195089892,1.0989010312971752,-2.4527919082135536,-0.3882470526646027
0.005008158317349232,-0.011105128532961762,0.0017680566025996848,-0.007992997517660095,-0.15687644557196603,1.1356513631237262,-2.4492319216024705,-0.4218377623720542
0.004958015083885337,-0.01083298188422866,0.00133477006075671,-0.008086017847664136,-0.08284622217816927,0.8462557933571354,-2.4952890812162476,-0.1413014498461729
0.004952175325670643,-0.010854683280406379,0.0013648640847271968,-0.008068876152109286,-0.08891762469637682,0.8665147737207483,-2.4849025587819855,-0.1651739074687357
0.004949961852239184,-0.010795413153699234,0.001273775028441384,-0.008094154497403085,-0.07203932943660592,0.8060316652560597,-2.4983092107822134,-0.1027021181254094
0.004945517101525718,-0.010817552278491967,0.0013054506985877082,-0.008078882628878365,-0.07837655931269269,0.8271587961635711,-2.489265120196752,-0.12686468899794487
0.004922967491232056,-0.010749411272003311,0.0011917346081363163,-0.008083289715789517,-0.05886596252737298,0.7522509316380496,-2.4876214365710827,-0.058292601545250365
0.004928651417600119,-0.010767125749848982,0.001221173605105355,-0.008082196885950427,-0.06388639943627646,0.7716523792510924,-2.4880704862796215,-0.07613165138874728
0.004925405252411229,-0.010785527055765487,0.001247705896564394,-0.008070373172817108,-0.06921047979136775,0.7893248497262163,-2.481139668442015,-0.09613496748745128
0.004993397481344142,-0.01102386408528882,0.0016399137454975196,-0.008025565354786811,-0.1357452568294122,1.0493295090823052,-2.466502389136572,-0.3381753194872245
0.0049836096020012205,-0.010993616390468273,0.001589497010468588,-0.008031776245843109,-0.12743057851193398,1.0158163626324412,-2.468696243701459,-0.3075148093523831
0.004981845524186313,-0.011009933982750103,0.0016126330788366213,-0.008020432800535646,-0.13155641197579546,1.0316215462141578,-2.4618413817179707,-0.32487287837894485
0.00495414457581404,-0.010877351194026512,0.0014000259934282347,-0.008059970782901908,-0.09522263784022422,0.8899090104378145,-2.480275540558287,-0.188830986029024
0.004964518387167355,-0.010896147996486636,0.001433557392471986,-0.008062388580783335,-0.10062502902788782,0.9118945454123036,-2.4832742002435784,-0.20722492085814928
0.004958637340727993,-0.010916830961790148,0.0014615484940942655,-0.008044969290332474,-0.1061147467347432,0.9309685949300076,-2.4725311762726894,-0.22986540471580838
0.004956702813835117,-0.010939646717240936,0.0014945449614011414,-0.008030714448233896,-0.11212061275925399,0.9532777971373062,-2.4641096805967106,-0.2541216111773467
0.004968595815500933,-0.010981571025304867,0.001563211072473188,-0.008021386076843483,-0.12355340262281424,0.9989897049218986,-2.4604832352848223,-0.2966734376730129
0.004958023889090426,-0.010961260422330003,0.0015273198793990907,-0.008020546548688093,-0.11788954662789396,0.9753297215692315,-2.4584600219420096,-0.2766427667710662
0.004809639733099748,-0.009043064294516245,-0.001440460206866599,-0.007854364795422905,0.35601003908645534,-0.9675750789371673,-2.1605056977933543,1.689140337270064
0.004797494076173305,-0.009076940652172141,-0.001386642203747553,-0.007858666977870745,0.3477214703103494,-0.934800880546943,-2.1685745504481626,1.649643202330378
0.0047711348809823155,-0.00910414041971652,-0.0013352783806616056,-0.007843477447467136,0.3353142743866672,-0.905735398538894,-2.1611879741219346,1.606588734728853
0.0047695440124265265,-0.009130487587611506,-0.0012975430150157547,-0.007854564038285506,0.33153112083740827,-0.8817004218079445,-2.172986989373263,1.581434541922795
0.004750506059333385,-0.009155470010784133,-0.0012534540769814125,-0.007845561780041354,0.3219243984085151,-0.8561103824919435,-2.1697337078885894,1.5458177783476164
0.004805059662367138,-0.008973959770980667,-0.0015338141886430655,-0.007811451864221992,0.36136268194902305,-1.027745633152378,-2.118616038308858,1.7470152849489045
0.004800866244966944,-0.009011316136028692,-0.0014799476529144368,-0.007827675872359552,0.35621870040566833,-0.994184773128164,-2.1361005294174356,1.711159355296554
0.004795065259811124,-0.008818286900248953,-0.001736913398924405,-0.007706594882313711,0.370002834533484,-1.156795049802685,-2.017333657231903,1.8693527277153663
0.004777581887569067,-0.008940689551026768,-0.0015633668211832913,-0.007762730537445057,0.35481029907953715,-1.0503635763235952,-2.0779749560947605,1.7550054390672976
0.00476403678867571,-0.008865018119032921,-0.0016560419148075752,-0.007703144669843337,0.35601206274874103,-1.1098924454639354,-2.022906401380322,1.8068774554462839
0.004758327007166555,-0.00890682171273528,-0.0015973907579251707,-0.007722351192716222,0.35101536601971456,-1.0739013105779658,-2.0434632128661505,1.7683676280946685
-0.004930755218905629,-0.010691050040597613,-0.0011053750102414878,-0.00811610366768459,-0.04155066419109809,0.6952749003128353,2.5062380992341624,0.005058325893719121
-0.004920590476165784,-0.010670420417484302,-0.0010696070483647566,-0.00811235359430393,-0.035689786522225216,0.6717839130801874,2.5022583941325798,0.02521468753252232
-0.0049113394291313015,-0.010607310096566834,-9.685880867504295E-4,-0.008124541145913483,-0.01700827352834958,0.6055640758353577,2.506318359472939,0.09075832775890451
-0.0049099142458804215,-0.01062733113526597,-9.991092232426067E-4,-0.008115899424463694,-0.023133469103318375,0.6254947700558806,2.501757276478497,0.06914422332195687
-0.004913474449651478,-0.010648818885942352,-0.0010336038622869477,-0.00811223381567863,-0.029447470013296503,0.6481275300808659,2.5007033832435055,0.046920479159527295
-0.004919263539428521,-0.01070902964717609,-0.0011284690769353901,-0.00809572855207992,-0.04716860555076535,0.7104972963794802,2.4934517128702223,-0.01607279877047046
-0.0049678239302611855,-0.010872767267199004,-0.001399921552151859,-0.008077980099797894,-0.09425311212903136,0.8892684603792121,2.4924823215524547,-0.18201206563963573
-0.004960582952260001,-0.01086012204972056,-0.0013771968591651607,-0.008075887757609363,-0.090558702085342,0.8744052377441892,2.490139698480711,-0.16968212555610138
-0.004960222847482795,-0.010829630682021679,-0.0013307152894810861,-0.008090150616095006,-0.08192907204436171,0.8434990144462268,2.4979079536053717,-0.13741926644321675
-0.004953711540089159,-0.0108456432981534,-0.0013519302937897181,-0.008075015309588898,-0.08641985855680698,0.8578248112182635,2.488520694742105,-0.1553732218722285
-0.0049514234080286065,-0.010810457710083182,-0.001297396927060602,-0.008088964043101493,-0.0763725402050449,0.8216514692087701,2.4957593658376998,-0.11844471858065175
-0.004942632494082862,-0.01078716928963274,-0.001257896977894468,-0.008089424401107251,-0.06966195110879282,0.7956926858133443,2.494463855014697,-0.0951325471952345
-0.004923384699116555,-0.01073444216359389,-0.0011690582924809556,-0.00809006702861696,-0.05451964151856785,0.7372456102953581,2.4912964205999457,-0.04234834797142877
-0.004931872186945498,-0.010763704889379026,-0.0012173587991533954,-0.008087384333430786,-0.06292845585106198,0.769065766931247,2.491434086122083,-0.07198368077784362
-0.005014970454255545,-0.011049836414187726,-0.0016911236889755007,-0.008034911865563954,-0.14363517526132655,1.0825181883535648,2.4750774323849645,-0.36306286563818385
-0.004998493631269959,-0.010957650978496263,-0.0015440854775641882,-0.008068952342117698,-0.11858508070885741,0.9842232545914973,2.492282158130148,-0.2676604541668874
-0.0050049278841405274,-0.01103431909966604,-0.0016621610895600416,-0.008032636118689917,-0.1390833980357016,1.063604317936712,2.472297689734759,-0.34786005533196707
-0.005015631253568687,-0.01101826038237809,-0.0016445933796123723,-0.008054404341508574,-0.13552819713919992,1.0508569697928476,2.4865215014161124,-0.3296200146598231
-0.00500582620956623,-0.010978054378734052,-0.0015788072374799767,-0.008066104652858423,-0.12440657858480494,1.0071173015865005,2.491785934185885,-0.28830338569201125
-0.005008024586819228,-0.011000289985861784,-0.0016133558483952249,-0.008056033533472812,-0.1304314224472327,1.0302809485141449,2.486334090424378,-0.31155638317557205
-0.004977530277990932,-0.01095368832556347,-0.0015266959815649504,-0.008046989768761578,-0.11664493900994376,0.9737821980241552,2.476547652385612,-0.26622675915658434
-0.004973148732648941,-0.010937231367591898,-0.0014997280820789856,-0.008050835110888955,-0.11209024633677044,0.9558777869184837,2.4780765985025734,-0.2494417734751726
-0.00496770498798534,-0.010921497330175514,-0.0014732794161233173,-0.008052922582229472,-0.10764572482720473,0.938384102404947,2.478419322733782,-0.23356177049991825
-0.004968010198838818,-0.01088993174140248,-0.0014259624333745593,-0.008069567982936747,-0.09902501769984097,0.9066629590846877,2.4878347359672186,-0.20017094465708934
-0.004961656617366657,-0.010907167304697051,-0.00144864188148701,-0.008053446125736063,-0.10360968396630546,0.92214914313684,2.477772905884288,-0.21926315214698464
-0.005036247980542639,-0.011144186563136448,-0.0018429747832949684,-0.007999935562753737,-0.16831040106521475,1.1846346793498863,2.4572069392260523,-0.4601352223928385
-0.00500420673450232,-0.011062919133398894,-0.0017039013105595105,-0.00801464684453001,-0.14624516372827523,1.0920923014653363,2.4615886335975574,-0.3780235924627924
-0.0050179772429761954,-0.011139980140969978,-0.0018249106215627274,-0.00798181234790925,-0.16586825049091772,1.1738921238898792,2.4437731757255228,-0.45735836190116536
-0.00501675430733978,-0.011124846471406564,-0.0018021921187390641,-0.007990225607167147,-0.1622028649234661,1.1583714802658398,2.448706641400554,-0.4416642973093232
-0.005007194202954497,-0.011112509420148757,-0.001778170365937095,-0.007987217780123125,-0.15854337892186451,1.1426944127023706,2.4456159875884578,-0.429651498572361
-0.005004880166157653,-0.011079780242704559,-0.0017290296734467927,-0.008005085270608425,-0.15044971422612516,1.1092191826420341,2.456008766983851,-0.3956532297827006
-0.00499906303173262,-0.01109821722363266,-0.0017522850523012698,-0.007986980754169367,-0.1545836498362409,1.125616263508918,2.444381380751987,-0.41549170628987886
-0.005565097899611896,-0.012339268679092434,-0.0038763093682702408,-0.007349027140636057,-0.35637601127488056,2.6200741788632045,2.027772550656995,-1.7011331852392126
-0.005573842953947663,-0.012325754459026414,-0.003876155301234741,-0.007376820296850187,-0.35544689984489586,2.6234892637069422,2.047330138391737,-1.6966547470731392
-0.005566558325275475,-0.012311837995365546,-0.003852971405380096,-0.007388955915898189,-0.3548236532807931,2.6064947404846865,2.0571798094663576,-1.682196917891203
-0.005557797878416884,-0.0123252800704828,-0.0038532311442121283,-0.007361314881343991,-0.3563245702411224,2.6031449097252852,2.0378056910342277,-1.6868409997938796
-0.005559317447314377,-0.012297898706704342,-0.0038297559455455206,-0.0074010152609446265,-0.3537716029969294,2.5894450607463693,2.066914257666149,-1.6677033141425646
-0.005550530164205402,-0.012311275742362507,-0.003830103277792405,-0.007373509705718948,-0.3563487051905301,2.5861590301271176,2.047722808269947,-1.672501059259803
-0.00553785801384869,-0.012255945233250496,-0.0037598303403566565,-0.007436782273387884,-0.3533957186812451,2.5378791580928963,2.0955792519033785,-1.6240018150521969
-0.0055218364838075405,-0.012255130693336983,-0.0037372208240136168,-0.007421368041826879,-0.35524033369703384,2.5178800336300715,2.08615615897456,-1.6147240178018907
-0.005544967222482056,-0.0122699521913998,-0.0037831809284437517,-0.007424930722485889,-0.3533184193394932,2.5551002198680157,2.086119233994786,-1.6386116276714906
-0.005528926250442931,-0.01226919373750715,-0.003760468176820786,-0.007409505574694691,-0.3555992897549097,2.534963473378142,2.0767165281896776,-1.6292196013151454
-0.0055521203899277,-0.01228393672729852,-0.0038064945964310787,-0.00741300576355538,-0.3531377734318471,2.572308426978367,2.076557197816733,-1.6531781994423256
-0.005536077786756421,-0.012283241508256113,-0.003783706927308651,-0.007397577809828255,-0.3560546059189092,2.55204043124546,2.0671666980435854,-1.6436838634546433
-0.005543286889211984,-0.01229726575192433,-0.003806926070160126,-0.007385590629607632,-0.35632625204495555,2.5691161958396496,2.0575074088733056,-1.6581141656478178
-0.005498432870325531,-0.012240284376200195,-0.003691517435505286,-0.007417930753684347,-0.35034610968734176,2.4856281533047695,2.080650984204486,-1.5944481469007263
-0.0055055092290139185,-0.012254352902256896,-0.0037147017073632864,-0.007406269652995922,-0.35088820468096354,2.502577958118373,2.07142288601578,-1.608854817293395
-0.0054816938288266845,-0.0122396382081374,-0.003668705672433968,-0.00740200452441074,-0.3486300692750824,2.468437845498632,2.0673781193183522,-1.5877211289475248
-0.005460451719802597,-0.01219687362654067,-0.0035985439416202207,-0.007436596957446494,-0.346821466646658,2.4173786988721733,2.0944335095083386,-1.544215819773212
-0.005467130727863121,-0.012211181151392582,-0.003621530453923032,-0.0074247394726561335,-0.3474354700544327,2.4341061726458553,2.0851815963909957,-1.5586619893224054
-0.005474233057961893,-0.012225539120940052,-0.0036450447276870543,-0.007413096359207735,-0.3480399779704155,2.4512127550435014,2.0760734833829826,-1.57325246103814
-0.00537801414709545,-0.012051747129991087,-0.0033435302590641637,-0.007533264007484125,-0.3350469928329534,2.2327722524547453,2.1661776284625165,-1.3920791100318384
-0.005374499313367288,-0.012010303153622509,-0.003293665676858237,-0.007579148703799033,-0.3338046448996415,2.195790254814998,2.2014585129045803,-1.3531515726943197
-0.005370900728983993,-0.012038064964333468,-0.00332006354532785,-0.007542252737778332,-0.3337187593046558,2.215854868697194,2.172670558467511,-1.3778747184057136
-0.005363666252508502,-0.012023921134831694,-0.0032959032779705613,-0.007551526822288675,-0.3323114178890796,2.1984557210176376,2.179337880880994,-1.3632169755777797
-0.005356504906438857,-0.011966182373210744,-0.0032227143402522875,-0.007611767458694594,-0.3296098414354512,2.14435327681219,2.2250176887627178,-1.3078979917845823
-0.00536219971527149,-0.011980790436849078,-0.0032459694923260177,-0.007600832927563145,-0.33101407853690207,2.161220585674276,2.217138373318777,-1.3228553754098409
-0.005368093373820027,-0.011995606521771299,-0.003269618260165398,-0.007589721754292281,-0.33240169939812286,2.1783700123338323,2.2090946520832557,-1.3380153590553674
-0.005326568412377404,-0.011936601369736401,-0.0031544090275675237,-0.007613694134289944,-0.323569323243295,2.0964145737028095,2.2239829606088577,-1.2740513341320876
-0.0053334960353199285,-0.011950871953882615,-0.00317868062668674,-0.0076048130174049796,-0.3252780807358902,2.1138136693115466,2.217826704278893,-1.2888435395882343
-0.005340202864056678,-0.011964569575028802,-0.0032020029828022287,-0.007596213791817582,-0.32687614907751295,2.1305543488987406,2.2118294578606794,-1.303053365376526
-0.005453639746620258,-0.012182759347323218,-0.0035755038630456326,-0.007447925692547998,-0.34615324411873255,2.400607031194037,2.1032080685198693,-1.5298499914943255
-0.005433515782527264,-0.012139735181955429,-0.0035056545861820473,-0.007482235996166501,-0.3437883977008989,2.3497814742241627,2.1295352361205175,-1.486064224405465
-0.0054398753017199965,-0.01215407019157812,-0.0035285604514217026,-0.00747059586044434,-0.3445935001063944,2.3664535101971356,2.120625253724938,-1.5005826507922586
-0.005446605542283325,-0.012168530196745577,-0.0035519911360939725,-0.007459031461426582,-0.34538701591145493,2.3834985427215254,2.1117490682886886,-1.5152832651619834
-0.005417104704997754,-0.012138773319454175,-0.0034839813547037275,-0.007466599765580453,-0.3412838538070741,2.334467208541301,2.116206822656604,-1.4802963630136758
-0.00540996964273982,-0.012125389440595935,-0.0034611478485904305,-0.007476041137880605,-0.34029489246956285,2.3179525561198635,2.1232927679005127,-1.4664751885892853
-0.005402547957468231,-0.012111405010406057,-0.0034372828412691553,-0.007485799442346918,-0.339210685706238,2.3007077468009896,2.130572820178323,-1.452032518325778
-0.005395316774882103,-0.012096789040256156,-0.003412935435724508,-0.007496388002882305,-0.3380980132265494,2.2831112286272686,2.138475805044182,-1.4370694785021116
-0.005383782903366,-0.012066058067219469,-0.0033659990376232857,-0.007521974347655635,-0.3361202234718814,2.2490685662360534,2.157765523756946,-1.406501454896732
-0.005388564495056776,-0.012081493213435832,-0.0033883859214676663,-0.0075081512344813426,-0.3370032287616959,2.2653481556467354,2.14728151366645,-1.4216068933333885
-0.005369000727577743,-0.012062930082504331,-0.003344750152741082,-0.007510395464803729,-0.3338391268075464,2.2342513221550933,2.1478700133274122,-1.3997954840584907
-0.005040070376946855,-0.01116076987708666,-0.0018695851453117299,-0.007993334034164669,-0.17252274027759615,1.2026197799953577,2.4537257217094965,-0.47718380767660323
-0.005045430554898025,-0.011177357336144953,-0.0018971997047136698,-0.007988324607737109,-0.17681942571146683,1.2211742004369677,2.4513981178721536,-0.49410514525433874
-0.005052676813463343,-0.011196683788649207,-0.0019300445018543258,-0.00798342222283161,-0.18190954112162758,1.2431782847826105,2.449366066200033,-0.5137487754683007
-0.0050565009363221815,-0.011219073588501861,-0.0019648873831181325,-0.00797223030898707,-0.18722607373639952,1.2669712400510953,2.442957708770226,-0.536863057929683
-0.005079402704865001,-0.011315346607188538,-0.002118096928009999,-0.00792805317111382,-0.2099306104342882,1.3717010595118817,2.4181411615991593,-0.6357153993503167
-0.005074555737064721,-0.011300030334448466,-0.0020929427299389773,-0.00793408710139683,-0.2063336821435495,1.3545688987885762,2.421382238197357,-0.6200704759661274
-0.005068795744278286,-0.011284497573194233,-0.0020667821766667638,-0.007939099117363535,-0.20249975374356466,1.336854095234812,2.423840017855971,-0.6042491729873668
-0.0050618589448698376,-0.011236426053116508,-0.001993505568699115,-0.007966084573460592,-0.19161496547987536,1.2863376491505143,2.439852538378482,-0.554612738208971
-0.005069432433614246,-0.01125264560393422,-0.002022083374227633,-0.00796310186431789,-0.1958425964013378,1.3054333560572202,2.4389726682874358,-0.5710240929903222
-0.005059536766769384,-0.011268990776958596,-0.0020380944116907373,-0.00793996881721497,-0.19834127460549378,1.3177897915278385,2.4232346760133683,-0.5886694417207656
-0.005067757177676009,-0.01132716140302817,-0.002125735281286798,-0.007905891896324367,-0.21100180432824703,1.3784517828516591,2.4025813405211376,-0.648391309818429
-0.00506807962158699,-0.011343243986199852,-0.0021482696339348486,-0.007893930315120817,-0.21421032174893243,1.3943240407054083,2.394935352678979,-0.6649067385665618
-0.005071733952786367,-0.011361851416411476,-0.002176757899690861,-0.007883599863756675,-0.21814659410073947,1.4140497896868258,2.388679103070141,-0.683875599481608
-0.005076583374873557,-0.011381379403338998,-0.0022073544996573974,-0.007873675087970461,-0.22233681940686215,1.4351734737447297,2.382781122282284,-0.7037400817923644
-0.005094412070253794,-0.01141856395036834,-0.0022723750713386473,-0.007863759105828125,-0.23114423742711812,1.4792872689518197,2.37831641465441,-0.7414502269151905
-0.005082348777926541,-0.011404173827946274,-0.0022430425215133783,-0.007861915632171439,-0.2271032749843915,1.4598582535163847,2.375748814795506,-0.7269083199902264
-0.005097311416985578,-0.01143379989998196,-0.0022953980706757362,-0.007854511988653274,-0.2341382398190436,1.495361368650272,2.3725442280145863,-0.756953583752031
-0.005105168731602603,-0.011451820460780408,-0.002326233019022094,-0.007848344280128984,-0.23818599516852115,1.5164234247629589,2.3693300660849457,-0.775265825920845
-0.005194746874775328,-0.01163705419705986,-0.0026504791466654457,-0.007782668628328117,-0.27774016937262586,1.7393588981987538,2.334342621092992,-0.9650529990387134
-0.005188276747711931,-0.011619372362110079,-0.0026215247266432626,-0.007792221994619835,-0.27458542316021156,1.7190542625620624,2.3402965095318504,-0.9469313445898173
-0.0051734287206319975,-0.011604828100895862,-0.0025887863838995506,-0.007789334782323554,-0.2704979476909232,1.6971723320030474,2.336750185352337,-0.9315386035964542
-0.005163242590035998,-0.01158859017331064,-0.002558283116763364,-0.0077930490228028245,-0.26690703998331733,1.6763229294393553,2.3382320619750687,-0.9147550696637737
-0.005162273755419392,-0.011572872163848131,-0.002536892331238703,-0.007806361597985109,-0.2645576262732395,1.6608864277655517,2.347251667827789,-0.8989036479443604
-0.005153667093571304,-0.011559494556704668,-0.00251155523084825,-0.007808910401614849,-0.2614750907315504,1.643639463340144,2.3480790720256475,-0.8851023480836374
-0.005147472914023399,-0.011544847995725199,-0.0024867364174790026,-0.007815162394045087,-0.2584712764928461,1.6264765543884223,2.351667620250213,-0.8701295994154901
-0.005142171422744279,-0.011529129976630163,-0.0024612700756094404,-0.007823218489119986,-0.2554365906263792,1.60875847809357,2.3565570472989017,-0.8541066742313678
-0.005132870428929418,-0.011484405435390517,-0.0023935252497585637,-0.007851778693034219,-0.24716111960501985,1.5611245272846903,2.3747195230850635,-0.808539786544645
-0.005118184027531026,-0.011469911333039165,-0.0023615221164163657,-0.007847679453498289,-0.24285414981219608,1.5400550694709745,2.370328993077653,-0.7937018724211997
-0.0051360961730101415,-0.011513552005863403,-0.002435268158336511,-0.007830132544818657,-0.2522023197410546,1.5907710719824053,2.360562808319656,-0.8381962842137565
-0.0051292050800017,-0.011499953461773167,-0.0024111705795456166,-0.007834266777290351,-0.24919186627648254,1.574308469152254,2.36258649790811,-0.8242977822959702
-0.005319801719044647,-0.011921763674870483,-0.003129620883746779,-0.007623243981009213,-0.3218070049948934,2.078636478756826,2.2306200436215953,-1.2587485486281709
-0.005182510475133983,-0.011651425060441518,-0.002657193406736171,-0.007755420126696733,-0.2776987222873842,1.745952605689576,2.3140638683956065,-0.9785928969450474
-0.005188503137546847,-0.011666704316085541,-0.002682344976062148,-0.0077473357821225075,-0.2803711113092735,1.7635769171591928,2.3089906713892963,-0.994170673822583
-0.005219412355051417,-0.011709611394979426,-0.00276672559358514,-0.0077392731684469964,-0.2897918636538151,1.8214638581811522,2.3063494510022537,-1.0391956457449523
-0.005195512017833353,-0.011681866259908998,-0.002708296500476093,-0.0077403299594564325,-0.28314456885376765,1.7816795929211795,2.304751713536905,-1.009711267589337
-0.005204534472008911,-0.011695999368674652,-0.0027349142812255044,-0.007736392726307395,-0.28604422649156996,1.8000360389220587,2.3028586081984455,-1.0244224075375215
-0.005225608251178844,-0.011727227965417976,-0.0027949524318976325,-0.00772845765332292,-0.2925270817030135,1.8414570173516032,2.2992513055075174,-1.0571666986877555
-0.005231485236878899,-0.011742875492721912,-0.0028203342675257623,-0.007719092510774526,-0.29496925235062815,1.8594309948125465,2.2931203217164087,-1.0731590656461358
-0.005237136579116011,-0.011758248463284791,-0.0028450886784192318,-0.007709602793739892,-0.29729249863458856,1.876995281581484,2.28684387641211,-1.088844896510799
-0.005243085566113425,-0.011773581823598675,-0.002870042016127533,-0.007700325367549411,-0.2995945206511333,1.8946921715022835,2.280714670281767,-1.1045121975832408
-0.005313342126816451,-0.011906295106250776,-0.003104389037768838,-0.007633678014120063,-0.3200094663849598,2.060514302684064,2.237906913713226,-1.2428897705117912
-0.00530845586914724,-0.011890780199290919,-0.0030807843711659517,-0.007645699055710143,-0.31838461313262495,2.0434486172185795,2.246470567978587,-1.2272382717560957
-0.0052941335843025095,-0.011887308147043533,-0.00306086536560585,-0.007634115862959189,-0.3159317167242336,2.0301913755549235,2.236647582421219,-1.2214520843565084
-0.005249770215630569,-0.011788619802603262,-0.0028953466099349043,-0.007692002209116003,-0.30192689102331216,1.9125819027552808,2.2753120542679848,-1.1199735870334708
-0.005286905973353094,-0.011875650141879092,-0.0030392407357833465,-0.007639162308274604,-0.3141123798322261,2.0149288548232067,2.239799203359493,-1.209150684116268
-0.0052574876651872975,-0.011802421709302636,-0.0029201996796215258,-0.007685949005788278,-0.30428508807766047,1.9300370819881045,2.271627789178083,-1.1343726389597302
-0.005266455543884076,-0.011814909640256024,-0.002944783575223748,-0.007682514727681096,-0.3066406057866627,1.947172473832201,2.269933076894843,-1.1476902842629426
-0.005268950011489426,-0.01183040520421969,-0.0029660855820996565,-0.007668728955571948,-0.3082627705129713,1.962695656102995,2.2600731817230684,-1.1630275139026613
-0.005279367254525579,-0.0118615377041179,-0.0030143777305699456,-0.007646442391257551,-0.31203350577938155,1.9973221775566377,2.24456021890392,-1.1944733518181871
-0.00527310472102404,-0.011846169472922845,-0.0029893742607081234,-0.007656311805424484,-0.31001228395133745,1.9794867761869848,2.251310921909186,-1.1787955537111128
-0.005555922024751255,-0.012353129860783919,-0.003876304589222636,-0.007321008232619458,-0.3525966441825801,2.6205838143994318,2.0024762951280297,-1.709097678497928
-0.005568264856429598,-0.012409412855364678,-0.003943304801661798,-0.007253729183934079,-0.35082924724974957,2.6675962863282323,1.9468591497434318,-1.7573256163033777
-0.005560806073229262,-0.012395479188684715,-0.0039207248940835585,-0.0072663544856987,-0.35091505991514754,2.6512833400294835,1.9573845316317835,-1.7435377412853477
-0.005553464745820046,-0.01238149388847505,-0.0038981828132461202,-0.007279019612114607,-0.35096104142467444,2.6349905281594386,1.9678954023488748,-1.7297092402103675
-0.005546193263127757,-0.012367434587005186,-0.0038755897412557703,-0.007291710439246525,-0.35096415261250535,2.6186505847370434,1.978380453906464,-1.71580070017296
-0.013330058657620065,-0.006270293666143453,0.006216096502822084,0.005549972956304861,0.6661594207249959,4.078998962255444,0.2529015394947284,-2.7948088064465693
-0.013345246576385613,-0.0062650860104891464,0.006185857759488735,0.0055405110895977916,0.6528537462947169,4.049125697199279,0.26592952056325675,-2.78091106914381
-0.01334175946609366,-0.006280773780640197,0.006198626400023142,0.005569477818452965,0.6630556486858495,4.079535037008497,0.27484458799626266,-2.7944651953083137
-0.013353427294859525,-0.0062912906047937495,0.0061810761080936,0.005588948740562008,0.6588436318079633,4.079911276978158,0.2968695672114804,-2.793993405134033
-0.013357013609406174,-0.0062755921037714124,0.006168297384612235,0.005559853269957243,0.650428041385266,4.0495468613042265,0.28770503498362116,-2.780363845022548
-0.013365062028268452,-0.006301844034399604,0.006163459906420264,0.005608369769409964,0.6544712433181659,4.080181482824516,0.31891521696428204,-2.7933379259937183
-0.01336873369798472,-0.006286180408367598,0.006150719027064795,0.005579218815878042,0.6482082427845804,4.049881608641537,0.30946378198384566,-2.7796831234540025
-0.005696483357062331,-0.012627872735810562,-0.004302641492735119,-0.007046691754477002,-0.34310534577553237,2.924947861926617,1.767531786158408,-1.9710696562555696
-0.005688117726844498,-0.01261439460980745,-0.004280419617819044,-0.007060144372542153,-0.34394599909019036,2.9092193722982493,1.7795489190159868,-1.958129858737098
-0.005663743389315819,-0.01257351919208464,-0.004214009799072406,-0.007100926544267518,-0.3462340529622592,2.86214431898711,1.815643224221187,-1.919012675045287
-0.0056717202269930605,-0.012587155646180093,-0.00423602014949965,-0.0070873315850478276,-0.3455229366039579,2.877763729546683,1.803664769114808,-1.932051986156355
-0.005679831597405868,-0.012600811266715223,-0.004258158218269018,-0.007073680356122766,-0.3447397290974697,2.8934448713266128,1.7915876323035398,-1.945097268081217
-0.005647320128409913,-0.012573996355030738,-0.004189731926466982,-0.007085850630981885,-0.3446160309541671,2.842305140353904,1.8033758663398556,-1.9102345435165666
-0.005638779485321842,-0.012560886134114537,-0.004167303724403558,-0.007097931161397612,-0.34515668143259376,2.8263093320336874,1.8140006042344954,-1.8972850928744431
-0.005630515287045866,-0.012547211855733825,-0.00414479096515812,-0.0071109492569037145,-0.34572388212393906,2.8103188288168615,1.8253593525303415,-1.8840722493338478
-0.0056228045362832135,-0.012533123508525245,-0.004122694782969103,-0.007124922971067377,-0.34634655095372024,2.79469661617012,1.837465896483822,-1.8708127536539918
-0.005557856737646962,-0.01242420571201379,-0.00394118548642763,-0.007223049577001257,-0.3484178494219554,2.664634274886678,1.921169231673374,-1.7633910479025954
-0.00560663827704667,-0.01250557102545602,-0.004077619721424042,-0.007150853328171113,-0.34723369470221027,2.7625703420785297,1.8598504937443117,-1.8441035676096795
-0.0056146378005955426,-0.012519236209288777,-0.004099991137551635,-0.007138048949306125,-0.3467803257669391,2.778509834706025,1.8488249673196815,-1.857359918476097
-0.0055993172691499475,-0.01249215735302458,-0.00405635415311678,-0.007163764018497186,-0.3476184806378148,2.747419395645691,1.8709203497657754,-1.8312726271023225
-0.005590759690747529,-0.012479348310772229,-0.004033704507865686,-0.0071745432988769295,-0.34780259600848956,2.7310902122604523,1.880166222672788,-1.8181938747216313
-0.0055656022020523985,-0.012438157609972285,-0.003963879171967814,-0.007210464363016338,-0.3482781789722911,2.680910383344649,1.9106108750655013,-1.77705572423886
-0.005573637338463468,-0.012452079411962374,-0.003986880518725291,-0.007198043220647313,-0.34812085109270474,2.69741284178963,1.9001406361769873,-1.7907808618432235
-0.005582041932514939,-0.012465888882476385,-0.004010243100166581,-0.0071859733292288395,-0.347957449762802,2.7141967278765016,1.8899123931692046,-1.8045539642805275
-0.005868165617406646,-0.012865201433889919,-0.004718184086517197,-0.006804164982889796,-0.32028116329737655,3.2168954371328042,1.5400427171817348,-2.2018281857520674
-0.005729369323825443,-0.012654098607653735,-0.004371365464815765,-0.00703406293083101,-0.3420328035565782,2.977152966009672,1.7542560074337266,-2.006184154648931
-0.005737629193675666,-0.012667579603146207,-0.004393270772079007,-0.007019983803415918,-0.34094260285155076,2.9925888013317796,1.7415015075431164,-2.0189601199205516
-0.00574601256991251,-0.012680973557772706,-0.00441521773951275,-0.007005998951418498,-0.3397962919339021,3.0080354293029483,1.728780685215875,-2.031676203552843
-0.005754487410275518,-0.01269425479280053,-0.004437143611629286,-0.006992121365299599,-0.33867641160124845,3.0234495799236965,1.7161022831407198,-2.0443043334212754
-0.005762952539319202,-0.012707477120547414,-0.004458925647888488,-0.006978184701502911,-0.3375833338279422,3.0387222900438218,1.7033208764297292,-2.0568155984693948
-0.00577137286675173,-0.012720743433245007,-0.004480571185628272,-0.006964000425628469,-0.3364131878964214,3.0538331858199097,1.6902737390135594,-2.0692383419857165
-0.005779874880023975,-0.01273405468684141,-0.004502278354201898,-0.00694966845252131,-0.33511371159562625,3.0689396206023964,1.6770448117491485,-2.081645874775854
-0.005788532958539008,-0.012747306836156531,-0.0045241033520989765,-0.006935410973414936,-0.3337744473901874,3.084112545929816,1.663826777237858,-2.0940329030638263
-0.005704809094823081,-0.012641364291821037,-0.004324722797323449,-0.007033039406735956,-0.34220176406054975,2.940527246036845,1.7552954444437157,-1.9839222976290734
-0.005712860596991294,-0.012655020958812692,-0.004346400274662917,-0.00701875714306418,-0.34121617778005003,2.95569599809783,1.7424860144989494,-1.9966269357615005
-0.005832300959534572,-0.012813105173064956,-0.004632292375782626,-0.006863082102639305,-0.32662444756625125,3.158630124989374,1.5960719896522078,-2.1546979650839475
-0.005841212202372336,-0.012826146336460837,-0.004653830947265369,-0.0068484992353496634,-0.3251150698156973,3.173329379664248,1.582268562521965,-2.1665976898227304
-0.005850141587390075,-0.012839198890661438,-0.004675307396457968,-0.006833767874621761,-0.32353796223955195,3.187916773902139,1.5682851196831,-2.178415762392525
-0.005859139116889342,-0.01285222741644104,-0.004696784958083038,-0.006818982678392662,-0.3219094803699833,3.202457644504483,1.5542031687621327,-2.1901720391183397
-0.005815563356256066,-0.012814704169809602,-0.004605938955175439,-0.00684779527590034,-0.32648460074217533,3.1349652491569704,1.5851056221069753,-2.143783845058558
-0.005780465952359678,-0.012761829146443212,-0.004519789093087131,-0.006905819306709106,-0.33208695305242975,3.076127033098418,1.639274500067193,-2.0957768522775013
-0.005789074319797604,-0.012774935765766543,-0.004541140506834563,-0.006891578036735027,-0.33074942396608664,3.090785276291923,1.6260456909445729,-2.1077588988151956
-0.0057975229274328565,-0.012788275877123119,-0.004562270676695317,-0.006876698797600615,-0.3293560482538936,3.1051333241729435,1.612237155126765,-2.1196472313294206
-0.005806372670816247,-0.01280163164777441,-0.004583954905062981,-0.0068619609658810135,-0.32792257719345813,3.1198989057714175,1.598466541903621,-2.131709029077149
-0.005941245467531164,-0.012968288462218154,-0.004886833388218207,-0.0066823009548192145,-0.3055768756692501,3.3282900779726226,1.4221364722069512,-2.2915991322494786
-0.005950632572218609,-0.012981010865951033,-0.004907804463403771,-0.006666878400973914,-0.303501831540365,3.341881261308597,1.4070152915081875,-2.302446137457494
-0.005960080646423786,-0.012993611316297457,-0.004928729757270301,-0.0066515610060483435,-0.301504318192263,3.3554133879074546,1.3919350543834559,-2.3131930652815025
-0.0059694624357360246,-0.013006194197843783,-0.004949432301341139,-0.006636090445870075,-0.29954323184537673,3.3686927997404656,1.376681608377858,-2.3237714273384658
-0.006068557322679483,-0.013089297407978533,-0.005148735964442443,-0.0065522953296323905,-0.28073254682713616,3.5121263050746108,1.279902071219958,-2.42169405266292
-0.006078281982360665,-0.013101633084380386,-0.0051692747026169505,-0.006536103763329192,-0.2796961548617597,3.5247659124236534,1.263484501137722,-2.431698742255129
-0.006062488511262307,-0.013104062067096916,-0.005141748637798684,-0.006522404179254941,-0.28357338689148565,3.4970270662370138,1.2601029094682368,-2.4181018521109503
-0.0060588714669512125,-0.01307693124492386,-0.005128149424367224,-0.006568419878903044,-0.28193534854353286,3.499310903193523,1.2962064678806373,-2.411601962159752
-0.00605276081099504,-0.013091676578768108,-0.005121267794589134,-0.006538567535754928,-0.28632910113274407,3.484399724231064,1.2764257832789887,-2.408178203721276
-0.006020517979210123,-0.013027164159111645,-0.005045168201503304,-0.006632369766042447,-0.2936327184259493,3.446579665175539,1.3608892522790768,-2.37038418151537
-0.006004548672973497,-0.01302928952999525,-0.005017857687543307,-0.006618331793014965,-0.2971720756269008,3.4194502941159812,1.356432880205425,-2.3568426108402316
-0.006030047672386858,-0.013039651051762191,-0.005065999917424025,-0.006616471538212604,-0.290314908976146,3.459893336081786,1.3448315990485096,-2.3808497087170424
-0.006014075611433844,-0.013041853646475941,-0.005038583564011067,-0.006602443384541781,-0.2952005578503463,3.4325772568848634,1.3406366518150465,-2.3672862186323482
-0.0060396165473467316,-0.013052107945002958,-0.005086779930050495,-0.0066005092277575325,-0.28693480874909316,3.4731490186206995,1.3286719129047353,-2.391192895051836
-0.006023674168198739,-0.013054376661578397,-0.005059309841459455,-0.00658652741588549,-0.293260053404036,3.4456523123188787,1.3247418350312772,-2.377657925267838
-0.006049224510282093,-0.013064534716697501,-0.005107497914159066,-0.006584490820648614,-0.28406499453680045,3.486304406877185,1.3124569094751164,-2.4014365904506296
-0.006033335449511164,-0.013066851192206519,-0.005080021468807475,-0.006570590302756275,-0.2911920835034772,3.458671490401272,1.3087434165017695,-2.3879447020213154
-0.006043038014868475,-0.013079280151289188,-0.005100684631092692,-0.006554614943079595,-0.2888944897890915,3.471600646390405,1.2926382377454992,-2.3981237870566834
-0.005978812837431233,-0.013018828478825588,-0.004969993351359599,-0.006620373184572051,-0.297512526180068,3.381760361555123,1.3611693551082868,-2.3342209378716254
-0.0059882192956229275,-0.013031499190561133,-0.004990554246479025,-0.006604490716505487,-0.29535847916256813,3.3947412138779476,1.3454638205270946,-2.3445990430454233
-0.005932012811128246,-0.012955456887190736,-0.004865976589952191,-0.006697869400976102,-0.30762470035425876,3.3147671891574864,1.4373302983364835,-2.2807184046949494
-0.00592284479671306,-0.012942619940542474,-0.004845120581221162,-0.006713350622532303,-0.3095592173821747,3.3011759025713583,1.4524006146795931,-2.269765755425286
-0.005913647777819675,-0.012929796071456395,-0.004824115874964812,-0.006728650255257973,-0.31140424239377057,3.2873856684940397,1.4672728425885546,-2.2586810207579067
-0.005877167783406291,-0.012878132963142469,-0.004739422722510469,-0.006789257510464899,-0.3186290880091947,3.2311546386598313,1.525759847348618,-2.21334939636963
-0.005886163178992457,-0.012891068657951227,-0.004760550753049145,-0.0067741976716152045,-0.31689855214962254,3.245258883134124,1.511299151681252,-2.22476154806348
-0.0058952421757227655,-0.012904013793252149,-0.004781719629519537,-0.0067590401323424755,-0.3150859420971028,3.2593333905073227,1.496699162221171,-2.236128934964585
-0.005904427999213004,-0.012916931567016425,-0.004802952252064286,-0.006743860425788755,-0.31323743712165325,3.2734103478942145,1.4820244521557264,-2.247455619472657
-0.013002100865175389,-0.00600157651125932,0.006663929430686582,0.0050034087067447304,0.7320604989641851,3.9936851986584228,-0.3319861919602077,-2.745001723032091
-0.013016720249817123,-0.005995195731951966,0.006634190989754229,0.004997387438789181,0.7196152815879032,3.967713131368025,-0.3142191060759294,-2.734660966904981
-0.013014647389398245,-0.006011027561188928,0.006648181372490687,0.005024314829613415,0.7297694593923616,3.999129332882243,-0.31080948818194515,-2.7488217713392404
-0.012875026190633,-0.005909251363970855,0.006817821776502627,0.004791592888182244,0.7541639754489221,3.928764191963257,-0.5417692213167039,-2.697634011936975
-0.012889521708133908,-0.005902302081673903,0.00678811570349652,0.004786706304120592,0.7401632394906353,3.9045907216282987,-0.5222968781819409,-2.688612044106604
-0.012887863498982957,-0.00591830373358797,0.006802734212742381,0.004812988839233296,0.7518502660323517,3.935923948349521,-0.5210009606036317,-2.703146424677571
-0.012902409440169611,-0.00591135234577127,0.0067729203097312,0.004807912125589438,0.7383219997061697,3.9115488564884227,-0.5016710614115282,-2.6938281091185803
-0.012900672279216817,-0.0059273963698165885,0.0067875688607968,0.004834352278411509,0.7488681063205819,3.9429374364648297,-0.5001278789027476,-2.7085519327818375
-0.012989524709198895,-0.005992164921919909,0.0066796075467750625,0.004982458994044674,0.7338412034284326,3.988043008779995,-0.3530906113777812,-2.7410602441057725
-0.0130041431349431,-0.0059857710000053785,0.006649889672927769,0.0049766135838159005,0.7219097815879438,3.9622322983397136,-0.33526484017015773,-2.7307281657557065
-0.012976919044422943,-0.005982792885230836,0.006695212447185899,0.004961470085683854,0.7348851468793637,3.982171472977211,-0.37412748592913053,-2.736997787590314
-0.0129915510184265,-0.005976381333369165,0.006665497556459634,0.004955787954001828,0.7243429990697557,3.9565689178221035,-0.3562480351216379,-2.7266338832352197
-0.012915266269478866,-0.005920472240054685,0.006757683674251794,0.004829115070323957,0.7365643878381696,3.918388698955479,-0.48100796403648965,-2.698901739001361
-0.012913452405312716,-0.005936529182831808,0.0067723333126834635,0.004855672339252395,0.7458682384470273,3.9498322336839435,-0.4791834389684284,-2.7138100756392656
-0.012926203763119731,-0.005945702090780216,0.006757029957530355,0.004876945580137277,0.7428517486362395,3.9566044394695417,-0.4581895659913037,-2.7188854688876867
-0.012928089969804789,-0.005929664817689347,0.006742409884173894,0.004850319943732182,0.7348054268482876,3.9251127202035527,-0.46030686676106775,-2.703843739391511
-0.012938926229728932,-0.005954915005069574,0.00674166111421697,0.0048981688063794585,0.7398537584918318,3.963245607699113,-0.4371658677795846,-2.7237488157168657
-0.012940877325732908,-0.00593892969363364,0.0067271028012132065,0.004871525453429711,0.7330504195596199,3.9317247837891265,-0.4395676343712113,-2.708665045657573
-0.012964283993995938,-0.0059734604928127835,0.0067107518494979685,0.0049404315789925045,0.7358851853700589,3.976064362354462,-0.3951327279479295,-2.7327858269849306
-0.012978942325414211,-0.00596700237373908,0.006681001477829442,0.0049348706358151515,0.7268141121333862,3.950679134622575,-0.3771576163261479,-2.7223705862378984
-0.012951619681256434,-0.005964167835846038,0.006726233694948148,0.004919332630811783,0.7374384595377714,3.9697430475314874,-0.4161413606855626,-2.7283804956661064
-0.01296630283354708,-0.005957624282794764,0.00669641668304809,0.004913841528689068,0.7291379405657792,3.9445534365742496,-0.39800161705323595,-2.7179437074754507
-0.01295361693751885,-0.005948257862874849,0.006711774167742047,0.004892713224315951,0.7312100227358244,3.938218670120453,-0.41879941377466295,-2.713368954327723
-0.013029275975369953,-0.006004665449063677,0.006618417068991057,0.005018124489523291,0.7172692105672263,3.9730256492866425,-0.29312188794502925,-2.7384319655691445
-0.013027164159111647,-0.006020517979210123,0.00663237557293693,0.005045161139408548,0.7281343267893426,4.004393296867293,-0.2895788816341807,-2.7525176264742206
-0.013041813966177021,-0.0060141572971263305,0.006602547283753966,0.005038788640869654,0.7146861908570356,3.978112370989592,-0.2719667211633649,-2.7420174624549163
-0.013039651051762193,-0.006030047672386859,0.006616510533258264,0.005065949564959507,0.7270765540815839,4.009451786188108,-0.26828224666395745,-2.756114850209261
-0.013054343410226807,-0.006023654400814748,0.006586558271933623,0.005059352474821467,0.7121234521445032,3.9829370712240615,-0.25075143382947007,-2.745399894233174
-0.01305210794500296,-0.006039616547346734,0.006600567832724005,0.005086704135420282,0.7249316538180025,4.014288628611253,-0.2468776019971816,-2.759640186235389
-0.013066858000003241,-0.006033186839691797,0.006570480535384581,0.005079861548227606,0.7099205939120771,3.9875714150470576,-0.22949800741438917,-2.7485998508387954
-0.013064534716697497,-0.006049224510282092,0.0065845411102688385,0.005107432967069364,0.7213330891696123,4.018951611465716,-0.22536073233377277,-2.7630736738494357
-0.013079341055508275,-0.006042796590324802,0.006554365466965659,0.005100381755455549,0.7079604833650485,3.9921025844558815,-0.2082270364690906,-2.7516526404556365
-0.013076931244923862,-0.006058871466951213,0.006568443668334122,0.005128118688570746,0.7175657195107288,4.023499750265387,-0.20377717108124202,-2.766361988623324
-0.013091783655758046,-0.006052489135243143,0.006538228549124919,0.005120921844782492,0.7059511796801675,3.9965364282081475,-0.18693939121194217,-2.754573289517566
-0.013089297407978533,-0.006068557322679483,0.006552286680938129,0.00514874683397554,0.7143542792173682,4.027937878336736,-0.18217040253052605,-2.7694628323577413
-0.013104185756649686,-0.00606224602420392,0.006522057880956086,0.00514145168154513,0.7038073018366319,4.000837715790108,-0.16562708994895448,-2.757360497451771
-0.01310163308438039,-0.0060782819823606655,0.006536070652774493,0.0051693167406156775,0.7115696572304236,4.032236898657512,-0.16055661322573284,-2.772360115660893
-0.013116550438081897,-0.00607205321974411,0.006505840123464321,0.005161948411908686,0.7015827876591433,4.004983199879731,-0.1442831035525918,-2.760011655724258
-0.013113938152874599,-0.006088045350458172,0.006519790752937166,0.005189834573042853,0.7088465225456103,4.036373149113476,-0.1389331207914509,-2.775052946142703
-0.013162849930815514,-0.006127483981293262,0.00645407063450653,0.005271340335533362,0.7002822399880428,4.051239711923458,-0.052553298678976484,-2.783685932526144
-0.013177753584479437,-0.006121717691959509,0.006424072398645793,0.0052637169234910205,0.6892793983527534,4.023281220260814,-0.03713845594581361,-2.771241406853679
-0.013150668501838896,-0.00611756674345582,0.006470576993839984,0.005251065541010188,0.7010262665975197,4.047807731691822,-0.07410490407383248,-2.7818310456086768
-0.013165567456014216,-0.006111745859548194,0.006440588683250308,0.005243526180546901,0.6921340138204558,4.020057944780679,-0.058661072266871284,-2.7693119330047264
-0.013138455982275535,-0.006107687827612113,0.006487033383307855,0.0052307219532744765,0.7027446467183621,4.044156272416273,-0.09567785616659306,-2.779796123734767
-0.013153377022673328,-0.00610177354939669,0.006456974866409415,0.005223225053313956,0.6948739150844903,4.016560248242768,-0.0801144554606768,-2.767198389306921
-0.01312621249243652,-0.006097847331006404,0.006503442761635773,0.005210305729663502,0.705765194571336,4.040342152191038,-0.11729824384541676,-2.7775368887055323
-0.013141154984732886,-0.006091818219590588,0.006473284784638308,0.00520283835490597,0.6972266551329045,4.012837780801678,-0.10151931447384831,-2.7649268687271413
-0.013128877384130952,-0.006081908927096591,0.006489574953959301,0.005182408624006388,0.6993812578423163,4.008975001103097,-0.12290909969308035,-2.7625301571846226
-0.01319289336888651,-0.006115751724803908,0.0063942761589137346,0.005256066904586391,0.6847206811944274,3.9946155423819576,-0.027934102109314404,-2.757154345266829
-0.013259167746885668,-0.006208189667499154,0.006319560772672113,0.005431869308125891,0.6790909933988335,4.07132012658971,0.12175351716072054,-2.793979995569009
-0.013247239343570829,-0.006197969404967169,0.006336603288974892,0.005411978412826796,0.6822702111380111,4.069396905983439,0.09985379393207579,-2.793220989281846
-0.013262370373837672,-0.006192454573864723,0.006306322100073453,0.005403381287180681,0.6718180691038417,4.040485570927671,0.11412425641157999,-2.7799174753636957
-0.0132352788963271,-0.006187786671370488,0.0063535889869784055,0.005392027377820852,0.6860289963874767,4.067343314446903,0.07794780862180792,-2.792273802963107
-0.013250386654705374,-0.006182210294116238,0.006323301444900499,0.0053835463941354625,0.6740974302997748,4.038511197929971,0.09248636483704296,-2.7791543716302587
-0.013238351510408882,-0.00617202980134835,0.006340265100710121,0.005363700551157599,0.6764613438547661,4.036427860365934,0.07084240010135552,-2.7782567091238612
-0.013229496165411104,-0.006145892967996335,0.0063439418400270805,0.005315725588564523,0.6772776372259032,4.002489367863684,0.03615040673633974,-2.7614258816536394
-0.013217350565722074,-0.006135798005940579,0.0063607339868400935,0.005295879317065345,0.6797636470072025,3.9999972827170462,0.01478181830139188,-2.76013555869149
-0.013205136552813038,-0.006125748548391982,0.006377534148421828,0.005275987061172971,0.6822683804661941,3.9973844839285175,-0.006593308596821212,-2.758717661532661
-0.013241603251241471,-0.006155999831675765,0.006327087863360603,0.005335471075254544,0.6747986614106211,4.004766503521204,0.05750736215778313,-2.762543168557276
-0.013271063988301829,-0.0062184473579712084,0.006302469086341379,0.005451691176787637,0.6770845414166055,4.07308608338515,0.14362055493739118,-2.7945470746813394
-0.013274302004838675,-0.006202743869484131,0.006289317936599664,0.005423174619905741,0.6692633398437384,4.042308118411651,0.13575972474239348,-2.7805375085524084
-0.013318324985389799,-0.006259850365114014,0.006233484141119387,0.005530436888523287,0.6677252538998776,4.078231872126313,0.2310489039475969,-2.7950539471799183
-0.013333464892273795,-0.006254641923953338,0.006203337506462685,0.005521156211455716,0.6556478682637331,4.048551832602786,0.2441696288966261,-2.7812920225860585
-0.013306558565652458,-0.006249443980966241,0.006250806654858827,0.005510850327342419,0.6688377190846726,4.077215423270102,0.20922892297848414,-2.795184369326925
-0.013321688545069236,-0.0062442200851011214,0.0062206854920805535,0.005501721418817689,0.6586922362668618,4.04773445260463,0.2224499561412332,-2.781479258397072
-0.013294759514952837,-0.006239074616716288,0.006268084709205572,0.0054911899621644155,0.6712846069350901,4.076007449766454,0.1873744845908006,-2.7951548134452593
-0.013309905700195702,-0.006233800275708714,0.006237912137609643,0.005482174161940252,0.6615527037979386,4.046639267624972,0.20076784700288966,-2.7814712602232343
-0.013282927950127598,-0.006228742374980063,0.006285311974573518,0.0054714628929794125,0.6746227256434985,4.074643385878643,0.1654907094403871,-2.7949394998172488
-0.013298081643637926,-0.006223404788628719,0.006255086252170389,0.005462551849295678,0.6640550593122435,4.0453433628084134,0.17909468506032258,-2.781301241145826
-0.01328620644274999,-0.006213056716130347,0.00627223596873312,0.005442892044563872,0.6665634595692613,4.043914716132638,0.15741851237252866,-2.7809948600799324
-0.012810416269897774,-0.005864596707708681,0.006892224661091191,0.0046839400024246925,0.7626627646714167,3.8900939661801424,-0.6444800073608671,-2.6682642723283565
-0.0128117407296792,-0.005848673723858889,0.006877553842687401,0.004658253065773406,0.7520826793316119,3.8589321131073206,-0.6446196831669456,-2.653919583296529
-0.012692381351478463,-0.005786796627480345,0.007021885944323631,0.004487223379062725,0.7772939474142513,3.8096721899864368,-0.8249649307862662,-2.6063043115381572
-0.012679131780828632,-0.00577835898009388,0.007035938397856139,0.004465156761630324,0.7778011742396768,3.7999107822116804,-0.8446279054856954,-2.5986981819597337
-0.012693330935254083,-0.005770806334323334,0.007006812302477403,0.004462237525853334,0.7672443982323386,3.778945815241062,-0.8233411376098029,-2.5919711397003655
-0.012652553475482135,-0.005761608788737448,0.007063870351814047,0.004420835774175048,0.7824614040333754,3.779967941215111,-0.8838454983960459,-2.5829657095588536
-0.012653363947987955,-0.00574561743643555,0.007048703496629012,0.004396121143559775,0.7713605337066828,3.74947199296126,-0.8815464023278353,-2.568856799756102
-0.012665855778034214,-0.00576996300598664,0.007049937140678697,0.004443021349824197,0.7799066003370322,3.789999345988124,-0.8642660180679576,-2.5909149887621705
-0.012680057306921608,-0.0057623568624225905,0.007020801946193031,0.004440239336005732,0.7687970307040479,3.7692500515504617,-0.842788426250009,-2.5843988752679388
-0.012666732154311367,-0.005753954588206932,0.0070347646106627346,0.00441819063626737,0.7700133596859838,3.759411960516046,-0.8621873805148929,-2.5766910747373557
-0.012613950505837445,-0.005704462239921788,0.0070749260576206605,0.004305154516971033,0.7718483724208257,3.68591469183765,-0.9414805557684504,-2.5270729827902034
-0.012654377560772362,-0.005729362270638082,0.007033677878705707,0.004371592971048961,0.7678065373296804,3.7167859299477155,-0.8845157710881705,-2.551485915763181
-0.01264098113351098,-0.005721026825796279,0.0070474200077839414,0.00434953712872503,0.7691206137305974,3.706636112638543,-0.9035192991362347,-2.5434867875913145
-0.012627518617762701,-0.005712682887447587,0.00706111200348035,0.00432733346822001,0.7704661398804863,3.696255110997136,-0.9224979405029856,-2.5353045832297236
-0.012614901748731514,-0.005687845975120266,0.007059227763890091,0.004280422898059914,0.7652244732804744,3.65367888335992,-0.9415893457676953,-2.5110467285122025
-0.012705604357736414,-0.005795275864055084,0.007007765174145512,0.004509244072551058,0.7767677430890859,3.819229584640023,-0.8052229603901949,-2.6137853854931072
-0.01270658676556006,-0.005779270066141311,0.006992717783263929,0.004484157511897979,0.7653800146610165,3.788427129562366,-0.8037785966405945,-2.599394181743593
-0.01275822809906034,-0.005829607002505161,0.006950521745588457,0.004596988381412259,0.7682670928004983,3.8559988890567802,-0.7252910813417836,-2.642356461865811
-0.01277253268916805,-0.0058223364781042905,0.006921219645119895,0.004593314855683512,0.7575046586086777,3.833682017425868,-0.704839101581599,-2.6344926333177114
-0.012745112669881743,-0.005820962260321794,0.006964921479931916,0.00457514176943046,0.7689264131443464,3.8470004159945037,-0.7453234216419545,-2.6354997525629775
-0.012759419802298297,-0.005813636655402853,0.006935620162976208,0.004571579061823394,0.7594414299591938,3.824945190799555,-0.724749151452683,-2.6277435701182434
-0.012731970148814607,-0.0058123587658461115,0.006979268987016256,0.004553224781169175,0.7711623011016076,3.837848081749534,-0.7653486373196632,-2.628437153314061
-0.012746284229493575,-0.005804951318460957,0.006949923447077553,0.004549760961930026,0.761141407468295,3.8159912947641446,-0.7445583428964091,-2.620847928625064
-0.012718800667499657,-0.005803796605215207,0.006993557624249135,0.004531247499146355,0.7744851247190535,3.8285988337355845,-0.7853419142716529,-2.6211766365495155
-0.012733093930177007,-0.005796314043427605,0.006964204443512063,0.004527893987019557,0.7624223803380151,3.8068907908992915,-0.7643275500666388,-2.6138198891137985
-0.012719848830285173,-0.005787758543059524,0.00697849187075692,0.004506026900560549,0.7637069267990562,3.797713471489081,-0.7840857144738433,-2.606671648489135
-0.012813230740354705,-0.00583248204301775,0.006863073912114276,0.004632713301900415,0.7487714114030394,3.826125096178668,-0.6503326382521429,-2.636626402668028
-0.012800194748082314,-0.005823593144902758,0.006877524450203767,0.004611118542485208,0.7504708968740671,3.8177156272089188,-0.6702003995173208,-2.630223999351539
-0.012787087440611052,-0.005814800914049085,0.0068920214645410835,0.004589544873836482,0.7522101480553315,3.809283794777522,-0.6900311109312457,-2.623744697065927
-0.012422333491853258,-0.005593656673312362,0.007259305368988669,0.003990585301192533,0.7864059501574943,3.5251075149732003,-1.196701139176314,-2.398084241350588
-0.012436246246637443,-0.005601332068207483,0.007246536555427609,0.004013436647227266,0.7855606987312552,3.5375653328172443,-1.1790011426803961,-2.4081526648760314
-0.012450095282464138,-0.005609099583858482,0.007233798183391421,0.004036284003939642,0.7847300565951033,3.5499885749105506,-1.16125258116917,-2.4181431477816573
-0.012463866943377902,-0.005616890390430365,0.0072210460930599305,0.00405901917521006,0.7838953404542955,3.5622496290688175,-1.1434715409396254,-2.427986159459661
-0.01247758925573101,-0.0056246755924318536,0.007208214238843228,0.004081623829088498,0.783049744050269,3.5742883137365875,-1.125622797086524,-2.4376577300865523
-0.012491331447973925,-0.005632418845308143,0.007195169875422794,0.004104099817685739,0.7821394612327528,3.586014445854307,-1.107620866764412,-2.4471265819876145
-0.012505537072608338,-0.005623629680528282,0.007166333531913524,0.004102519040734157,0.774220063193699,3.566039972165418,-1.088093291046876,-2.440817372159078
-0.012546939253897457,-0.0056474622726356595,0.007126451390911941,0.004169814106349917,0.7711016675387694,3.6000505588565725,-1.0335413275326217,-2.4681921347950744
-0.012533441166107037,-0.005639246972553825,0.007139200179571703,0.0041473015063943205,0.7720037609799134,3.5883437666403206,-1.0514468271101796,-2.4590024954439555
-0.01251958108486901,-0.005631220873837551,0.0071525089504339496,0.004124707276479486,0.7730296129712103,3.5768747178892313,-1.0697031411102438,-2.4497976418358083
-0.012560514999189906,-0.005655374360812367,0.00711317444993492,0.004191852082803329,0.7699756638181756,3.610932106956223,-1.0154097977720988,-2.4769360308944512
-0.012601377767429039,-0.005679816841397481,0.007072896644502085,0.0042586001680438,0.7665280607018926,3.6434874457904534,-0.9601174720707543,-2.50286079731735
-0.012574359046642761,-0.00566321082492612,0.0070992854184184,0.004213886394855299,0.7686945271941505,3.6213497187306953,-0.9968152433509542,-2.4854585625692702
-0.012588007386438825,-0.005671460372644839,0.007085906812855729,0.0042363058792084995,0.7675757266017468,3.6323802035616777,-0.9783478836997909,-2.49419587103241
-0.01242231272150777,-0.005576835655267766,0.007243553981724487,0.0039665590985704735,0.7792821529186761,3.493639423696061,-1.1943248394770754,-2.38247590915007
-0.01218279630305738,-0.00545456724170969,0.007448886900832403,0.003576771177992637,0.7861731889452693,3.2668551381490367,-1.4748779599177235,-2.1967383849862476
-0.01216876682016709,-0.00544743445960181,0.007459639190629559,0.0035533292714932494,0.7859827936224829,3.2519116329340156,-1.4899648763979363,-2.184688095715311
-0.012154586627207793,-0.005440381242096933,0.007470521551299216,0.003529771423425345,0.7857854482856416,3.2369240902942598,-1.5051091981131146,-2.1725297713314844
-0.012196198196959274,-0.005445094184416105,0.0074220374542689075,0.0035780556408481694,0.7792309208483604,3.2525375716601483,-1.4544208460756887,-2.1942617216261167
-0.012210485789678547,-0.005451068172420585,0.007409571719049321,0.003599993257072238,0.7787580889185982,3.265020858263972,-1.438509709919109,-2.205086982622395
-0.012224990754193641,-0.005457505608650853,0.007397147881836264,0.0036226586253819185,0.7783784605794802,3.278139889363836,-1.4223537058482203,-2.2162520988261694
-0.012367048678624773,-0.005529798393924178,0.007276686460893766,0.003852543165760268,0.774963546041103,3.4121745279827747,-1.2590801529990792,-2.326085005539817
-0.012408506583700052,-0.0055530666479449535,0.007240821460074243,0.003921138804718085,0.7736010067842544,3.4513766920195406,-1.2091383799737774,-2.357386393061067
-0.012381961304762247,-0.005536827718881269,0.007262666418889328,0.0038754282123332966,0.7739861373544502,3.424039055973218,-1.2410383527571065,-2.3362569738346184
-0.01239567748135662,-0.005545192062746955,0.007251422526613841,0.0038990378985122183,0.7738259715288773,3.43818134157886,-1.2246347343168746,-2.3471986158316347
-0.012366030050327763,-0.005513173776304343,0.0072623340709894015,0.0038287291215906264,0.7686523892749099,3.382367467959314,-1.2572242474540838,-2.3107450775728213
-0.012339214693569026,-0.005515784052087759,0.007301578894644378,0.0038083282296011325,0.7762052646165668,3.387743950968717,-1.2922369943129375,-2.3058066476686743
-0.01235268404499513,-0.005508968179569852,0.007276641072436793,0.0038111145314827103,0.770235936278013,3.3753111518619363,-1.2734591050411819,-2.3034218223326643
-0.012325885959678843,-0.005506707742011858,0.007311020499859149,0.003783825566195397,0.7757242559411351,3.3715442631989734,-1.3073775903221276,-2.2937846060617066
-0.012311259001014242,-0.005498721987310464,0.007323127484325371,0.003759562518133319,0.7760024910937969,3.357105875825581,-1.3242604785462573,-2.2822268402635832
-0.01223923690819037,-0.005464640747013233,0.007385610693796546,0.0036459012442637477,0.7782765562165316,3.2922449481570095,-1.4066140967187373,-2.227777740749699
-0.012253014871830748,-0.005472301651140397,0.007375067206897166,0.00366931526340281,0.7784467019683362,3.3070516910721017,-1.3914667104498586,-2.2394666809520065
-0.012267050859861654,-0.005479035412505477,0.007363125213032354,0.0036916869053199197,0.7781007874621877,3.320085730647485,-1.3755600577759024,-2.2503244620484413
-0.01228171836607528,-0.0054849573827892755,0.007349405008976515,0.003713490798286923,0.7772287136276866,3.3315097803989313,-1.358496579611774,-2.2605300325674915
-0.01229651715984634,-0.0054914577033453255,0.007335931137478804,0.0037360874055844154,0.7764777906725574,3.3437380706062636,-1.341312032434642,-2.271125695346051
-0.01242217632916154,-0.00555975031010632,0.007227791046227877,0.003942213634051068,0.7726380323638766,3.462098480733196,-1.192267091570045,-2.366510617827419
-0.012038089261327828,-0.005369272048824001,0.007540598565502041,0.003318182949219059,0.7756948968265779,3.086122574696461,-1.6166995270891817,-2.0582380442221253
-0.012068154503276361,-0.005383499487623219,0.007519216782113788,0.003367953692448671,0.7769193550680659,3.118943997638851,-1.5872782500708125,-2.0849870681942764
-0.012053654940966987,-0.0053757649508834856,0.0075286965614289394,0.00334293225699077,0.7759345855022493,3.1017709916486944,-1.6011396328756236,-2.0714653907941916
-0.01209634410591734,-0.005396282293064873,0.007498018954138828,0.003413696254619944,0.7775552011207861,3.1482140965047187,-1.5587795224292833,-2.1092229478729583
-0.012125521333832132,-0.005410633661256949,0.007476642334035202,0.0034621572961375355,0.7784328834650132,3.179669113414413,-1.5291396195573406,-2.1347159530382154
-0.01211149598496906,-0.005402726902857807,0.007485956358471713,0.0034376459472751472,0.7775681858742644,3.162947821754162,-1.5430358669186452,-2.12170873132963
-0.012094597749805917,-0.005379345378398823,0.007482730757001684,0.0033910882537654843,0.7704135302308335,3.1197071043454976,-1.5533315428032195,-2.0948921805509086
-0.01208096750008165,-0.005376081124687078,0.0074959809832575875,0.003372663482388643,0.7713991951189006,3.1105446896366993,-1.5683146590282733,-2.0856271370284176
-0.011950662076491479,-0.005332686777787396,0.0076042616461418555,0.0031775495932293944,0.7725510497027154,2.994561277630803,-1.7007652900808632,-1.981443410022303
-0.011965340076412978,-0.0053395818184867015,0.0075947365158624104,0.003202195022266784,0.7735995991194112,3.011510756362331,-1.687462287235905,-1.9951565576716046
-0.011980051335117458,-0.005345765070553281,0.007584267045036675,0.00322600066450561,0.7742071866825637,3.0272194126882166,-1.673553863399606,-2.0082790691166648
-0.011994232864882107,-0.005352676261163141,0.007575039760960154,0.003249996998271857,0.775240669175329,3.0436972948655128,-1.6605105713726303,-2.021508774908932
-0.012007137168987422,-0.005344684136695491,0.0075515012888906895,0.003254998232264896,0.7696435954843605,3.03577193004412,-1.6410681209586166,-2.0227688424388655
-0.012020309020413629,-0.005347200728164883,0.00753864426228064,0.0032724850643936197,0.7686943074014474,3.044480051249795,-1.6268175876454116,-2.0318587659070784
-0.012035857658550786,-0.005351285084901614,0.007524503384258338,0.003294319326104369,0.7680513296558659,3.0563293958792634,-1.6104664325305456,-2.043275840195513
-0.011874784787062222,-0.0052866397845555664,0.007639912911591099,0.00303796916755565,0.7612374250467991,2.8893786198046314,-1.7602513495775234,-1.9021804438512355
-0.011889547760169317,-0.005292151539203056,0.007629608416246194,0.003061339583802565,0.7619662263250503,2.9047875195241084,-1.747071754757078,-1.9153248432223633
-0.011902567615303391,-0.005300938678863968,0.007624604337740591,0.0030862520627625008,0.7644798371712106,2.924202582994399,-1.73762358412122,-1.9295611559142336
-0.01191778095445079,-0.005302775781234959,0.007609598395275197,0.0031059334391999056,0.7632957714651832,2.933992717036855,-1.7214677050026577,-1.9402687940663597
-0.011933122914141926,-0.005308018843081426,0.00759794240882193,0.003129456721972947,0.7637499348388602,2.94881374732222,-1.7070236060831834,-1.9532799201310371
-0.011949052195774273,-0.005314379266561521,0.007586651406060429,0.003154831340761485,0.7644857445282565,2.9654276965037756,-1.692375920330713,-1.9673156756484822
-0.011613001993365343,-0.005172900243610941,0.007781216516135221,0.002598896361032591,0.7284498930049961,2.574811192390142,-1.9552312504995815,-1.6466549218346438
-0.011602713166233564,-0.005158708297524195,0.007775101847605299,0.002572428048903792,0.7221113333057888,2.5497875883216765,-1.954492660114991,-1.6313848274077067
-0.011751129131612451,-0.005218075646892271,0.007696189144837415,0.0028169481018032144,0.7416197943933746,2.723820598614445,-1.8491903338448552,-1.774888363286239
-0.01167388277430518,-0.005197551117756516,0.0077504322571757414,0.002700232608509292,0.7371707556206499,2.6479495906761445,-1.9135234388108275,-1.7066166422247104
-0.011691241504459575,-0.005200295366770221,0.007736510188565683,0.002724811624069214,0.7374084758960748,2.662833078054103,-1.8980565795253221,-1.7211364436265377
-0.011730075469428673,-0.0052136438108695005,0.007712599251566894,0.00278651528529774,0.7411372609090102,2.705079407844307,-1.8678909623797924,-1.7572192582310093
-0.011709021051501064,-0.005204664183025721,0.007723779270840274,0.0027513823916112813,0.7383829196905052,2.679957787813142,-1.8831352355790507,-1.7367508050148015
-0.011644399329816604,-0.005184186827836352,0.0077640674211382306,0.002649870936700159,0.7324091272278658,2.6108583470446516,-1.9330445269247567,-1.6769292770734816
-0.011633934275698657,-0.005169405061580748,0.0077577140988673516,0.0026224898593643652,0.7259571180051568,2.5848115697888936,-1.9324253310719886,-1.6610877874448031
-0.011665352857020798,-0.005181553717220716,0.0077411127962908124,0.0026739781524677624,0.7301431297132569,2.621432812274071,-1.9105027901712541,-1.6914592539308277
-0.011870138099313135,-0.005269380130018877,0.007626495011338992,0.003013699301421665,0.7539241936759518,2.8615544687574044,-1.754887285057684,-1.8876294126254913
-0.011844724581866575,-0.005251784764001368,0.0076350592765273674,0.002964837377673639,0.7486447106877737,2.8231778523610624,-1.7718549397400125,-1.8596369880104537
-0.011862562833352415,-0.005252197122308523,0.0076163767106205505,0.0029862559419357223,0.7468942599819951,2.8328262242982163,-1.7527357174300633,-1.8714547715780527
-0.011827984252035883,-0.005247973225985109,0.007648782004943472,0.0029409200552210617,0.748600443690644,2.8089426516067384,-1.7875464535463677,-1.84614208573091
-0.011811724741282616,-0.005243748451549173,0.007661392635320238,0.002917023297252339,0.7482000132741162,2.794189832215562,-1.8023040276617464,-1.8325769162313517
-0.011794513591883271,-0.0052416088070099225,0.007677092776106338,0.0028940375448164575,0.7488515565817272,2.7816665100673004,-1.819285573709973,-1.8195277875426779
-0.011769335232635833,-0.005222312011667282,0.007682226975637801,0.002843530563957183,0.7421225521123711,2.740355882865474,-1.8330714367279697,-1.7902617629204938
-0.011787754208966189,-0.005224335173900732,0.007665467185515993,0.0028679454812033296,0.7414281808381985,2.753681538597587,-1.8150907294344985,-1.8042466914551942
-0.012153822546595063,-0.005423302920515534,0.00745405541039518,0.0035073367545544122,0.7784577859839089,3.20744678483914,-1.4992316094951932,-2.157989098662719
-0.012138761280458803,-0.005403076267603388,0.00745240937943757,0.0034664517728984607,0.7726307287856002,3.1700616057771205,-1.5096766701052229,-2.1346573708118597
-0.012152292144665358,-0.005406523019189703,0.0074389666851058245,0.0034846442201817347,0.7715134649722053,3.17876986752368,-1.4944560302917316,-2.1435019338514656
-0.009663294486373647,0.004779823670148052,0.008045193752035398,5.167548618519039E-4,0.21515016601652953,0.34347940702314345,2.432033763981968,0.30912358530959944
-0.009698436364893492,0.004777931183008387,0.008049373180262056,4.6287608763345434E-4,0.2249928196693121,0.3799116454825339,2.432056187430675,0.27352340496287836
-0.009633549003157767,0.004761653554720317,0.00801879530064274,5.582342078630035E-4,0.2050259563071157,0.30778324330847434,2.4159832813020965,0.33576488049828096
-0.00959130418659794,0.004755739075892666,0.008002961639369359,6.204788541528521E-4,0.19273861172014162,0.2622691071557475,2.408272469129338,0.3768811177527076
-0.011060589874121785,0.004991589573428363,0.008001722305751904,-0.0016928535041118814,0.6208627975139712,1.9150557978020293,2.2444190492078646,-1.0936024494526804
-0.010963041050953148,0.004960472744969113,0.008022444803080118,-0.0015313121643371135,0.5946029540003964,1.7955036580830703,2.2753994490206293,-0.9941386222075703
-0.010994808919877717,0.0049675088473706275,0.00801278516537725,-0.0015821592130500597,0.6021268931041556,1.832015617152122,2.263291302351014,-1.0259581517000103
-0.011038710270460451,0.004975917161645375,0.00799696373947656,-0.0016514792974275099,0.6114649506745585,1.8812183018799369,2.2444191951788928,-1.069577542063352
-0.011019549210660347,0.0049647704340454474,0.00799551176166429,-0.0016169265049928254,0.604248457067661,1.853843759983874,2.2463878701478395,-1.0491497376824244
-0.010908017763346602,0.00496534043553679,0.008057296224588145,-0.001451836554622582,0.588126294776488,1.7443446701914487,2.3097404069681695,-0.9411463597147719
-0.010892409524977876,0.00495938375530852,0.008058463819376104,-0.001425331622547465,0.5830697429493135,1.7243345760913957,2.3128186365674206,-0.9250272380040112
-0.010828939230308936,0.004939159062927218,0.008066327771474742,-0.0013197431180102769,0.5640700192816671,1.6459238908283242,2.3273499641745947,-0.8601168001500108
-0.01085358752628753,0.004939241472390096,0.008054653133140079,-0.0013569504076633104,0.5684308932531762,1.6709298471799041,2.315248632188991,-0.8844042212167739
-0.010878016358424447,0.004943330476132046,0.008047327659659766,-0.00139564306054943,0.5742840370474044,1.6983847602444675,2.3063826670746006,-0.9088773068944394
-0.01080285080753127,0.004932117295205656,0.008070334755042124,-0.0012770003230270735,0.5565195726367796,1.614621963671578,2.3337862381555436,-0.8336169019149418
-0.010925495848929406,0.004953478807601806,0.008034610610024516,-0.0014717954477545608,0.5860675666987217,1.753171194656277,2.2900888895737332,-0.9566457170019403
-0.01094453664628186,0.004949814246081136,0.008020324945681119,-0.0014981347275966265,0.5874317164370071,1.7692812471055945,2.2765376881584833,-0.9745647512769511
-0.01026238043065734,0.004853656641789393,0.008142767225181936,-4.1452118517144946E-4,0.40221288150636175,1.0041736687610117,2.4470223895191956,-0.2881712814025575
-0.010242906350437004,0.0048460088961534906,0.008136732117122772,-3.828561251709553E-4,0.39477425373761726,0.9802508100017313,2.444584245862223,-0.26893566325143803
-0.01022008929929315,0.004849699690472198,0.008143929932744787,-3.4748700985607337E-4,0.38939408578094475,0.957393242001866,2.4519066636236357,-0.24548703152383505
-0.010194361704574188,0.004839830959831946,0.008135566562528902,-3.0592183201343424E-4,0.3796856465220885,0.9260358242165992,2.448413088409056,-0.22015443503672186
-0.010090613598090497,0.004805203470871606,0.008104117652143063,-1.4110278085083556E-4,0.3424382326224423,0.8027399455676002,2.435882849904616,-0.11821830776022048
-0.010110966037926637,0.004816722508691558,0.008116155163713445,-1.734458264472421E-4,0.35068130178531615,0.8285724018984861,2.4424841892702442,-0.13772994994496138
-0.010135639195815017,0.004823122878171487,0.00812179799872856,-2.1242225188686776E-4,0.35903782863846345,0.8571313720647387,2.444174122712784,-0.16208894490616063
-0.010167511143379656,0.00482974774721143,0.008126705723154626,-2.628241550913538E-4,0.369702777905261,0.8935149687078959,2.44465525502803,-0.19376998729250502
-0.010782016843348438,0.004917164206953258,0.008062575468935662,-0.0012387479863357233,0.5469042684507565,1.5835639769383845,2.3306584604015694,-0.8116421101014167
-0.010386951612677652,0.004875504550474475,0.008145186500455917,-6.142401585508455E-4,0.4421162568833407,1.146664398590951,2.4364867702471424,-0.4135475137797849
-0.01033494238371342,0.004862326262343519,0.00814057662851641,-5.299301883180253E-4,0.42441550298330943,1.0852938076674918,2.4383536790746345,-0.36135482564918237
-0.010358320516199516,0.004864143525180636,0.00813811040173438,-5.669475566634073E-4,0.4311459639810024,1.1109936795185051,2.4342492492798047,-0.384983633490332
-0.010324350124453225,0.004844529202629596,0.008122098185845562,-5.100643828714611E-4,0.41662896249643905,1.0661938489935132,2.4261186147341323,-0.3515132900749322
-0.010305876015701477,0.0048396797875406294,0.008119801077901822,-4.8039058532085187E-4,0.41035401400707355,1.0445292519639902,2.426320576653388,-0.3331148641633877
-0.010405284164117432,0.004850070141332281,0.008111886794753234,-6.372026140298988E-4,0.43929090734056736,1.1543015105327685,2.410477860863653,-0.4330231186705417
-0.010280625057578216,0.004832365404454894,0.008115567541096642,-4.3983254902075136E-4,0.4015934786696805,1.0146405646951537,2.425785451799016,-0.307996679885341
-0.010759695773947624,0.004906169093706595,0.008059746474668962,-0.0012001947597981332,0.5385080220828548,1.5537473816318086,2.3313895499034554,-0.7886561581007222
-0.01067621325604115,0.004886588872253486,0.008071222203640047,-0.0010655555831677827,0.5145319527958271,1.4563652842766805,2.3503297723253094,-0.704769632753729
-0.010731884703712625,0.004903414712191793,0.008068318928258556,-0.001156891952715616,0.5320223032937547,1.5236348258753176,2.3412934458354253,-0.7609777970018986
-0.010705810308135161,0.004890651863330808,0.008064327720146093,-0.0011121320931571017,0.5221030635246579,1.4891440003027252,2.3415749911080876,-0.7343178069919608
-0.010622535445861697,0.0049001241695923094,0.008106396517127598,-9.882547303063111E-4,0.507746388427579,1.4084420512327402,2.3827447686831245,-0.6516391461292416
-0.010595427723900052,0.004900283531772905,0.00811591588588906,-9.464152255629924E-4,0.5017134326507042,1.3801638495091542,2.3928628253668927,-0.6244121445437759
-0.01064463851403762,0.004868155221991322,0.008061954174879678,-0.0010106700825217557,0.5014253502764349,1.4132153245772174,2.347252898759962,-0.6725800145599388
-0.010577166923919976,0.004882499200278935,0.008101539520586544,-9.12311241754376E-4,0.49143085254173685,1.3512585598136893,2.384327651130047,-0.6057061642350633
-0.010553643517627566,0.004873067306627125,0.008098229444175735,-8.730459985357421E-4,0.48277062108455865,1.3216313017269152,2.3845533620235124,-0.5819801735250855
-0.010532033937872162,0.00487020818327929,0.00810156264407552,-8.388370129323907E-4,0.4767832727624133,1.297526740703395,2.3893942816624287,-0.5602828524688591
-0.01043441391349599,0.004853950460430158,0.008109466841510473,-6.833304762091376E-4,0.4478187316657472,1.1868627850082885,2.4056726699165307,-0.46228688944312707
-0.010463182041460567,0.004859104707713494,0.008108113493070862,-7.292303887213294E-4,0.4565481824504058,1.21960106666357,2.4016290049625297,-0.4911261698695574
-0.010513007234878444,0.004852475238609564,0.008086884650157762,-8.043156451796509E-4,0.4665824694396195,1.2684741611852364,2.3807060745743915,-0.5411748225350195
-0.010483613175382272,0.004837918668837498,0.008078503324379286,-7.551064186687033E-4,0.45500190035546134,1.2304847125174145,2.3778333721300515,-0.5117786212345719
-0.010061353516228907,0.004794618088997162,0.008093254738116576,-9.524908054180896E-5,0.331935951641079,0.768007776261089,2.430943280615112,-0.08973416298860798
-0.01008805380351054,0.004771730984416506,0.00806618568675623,-1.3552079976183966E-4,0.3346689123303214,0.7879890933442115,2.409310229644267,-0.1187346422506765
-0.01002837639779865,0.004787255594392815,0.008085659482323605,-4.403648972008953E-5,0.32108656081747083,0.7306416144549727,2.4286313284175596,-0.0572831045698582
-0.009995998096294104,0.004782809232550973,0.008080780237069908,6.00264714653774E-6,0.31105247906973127,0.6949859257815155,2.428151551176674,-0.025181909787593774
-0.009964129128500152,0.004783252618400869,0.008080884101446318,5.5196611794506465E-5,0.3019762666084586,0.6615269279008006,2.4310946747970714,0.00692724067866618
-0.009938312440556627,0.004789611927759776,0.008087368409797319,9.527662223053549E-5,0.2957878465974856,0.6362691891403012,2.4379384038671805,0.033751949296833665
-0.00991884512253581,0.004786493955885113,0.008083013900555767,1.2523501132440717E-4,0.28960946993767767,0.6147181701034902,2.4366208339098843,0.05298590692606212
-0.00987942446063387,0.0047637596009542935,0.008054945502773908,1.845307876252802E-4,0.2747438071053199,0.5661943395929802,2.4204092466558365,0.08968463189326305
-0.009903606444067185,0.00477267911324613,0.008066548097021462,1.4800710726759394E-4,0.2830130184007476,0.5943330645592327,2.426436056654447,0.0665715388002715
-0.009822303830381534,0.004762111922666021,0.008048238852055212,2.716985861385582E-4,0.2582978950309705,0.5057383722516883,2.4207312404586188,0.14674155999298258
-0.009858527626503107,0.004748778997727945,0.008036471175825207,2.152938970477417E-4,0.26655223990186155,0.5397939440423212,2.4092541192496664,0.1086541284704768
-0.009781499045085516,0.004762246215319963,0.008043815521180829,3.339471909995384E-4,0.24672699289895708,0.4629430903453688,2.4211371848806724,0.18768589344684486
-0.009740298489537948,0.004760173798803552,0.008035919964821623,3.963513824083126E-4,0.23483219943029526,0.4191554438928962,2.4191118293561495,0.22867847454842943
-0.009563860931094164,-0.004784820757402947,0.00802922468372695,-6.686874926590412E-4,0.18743855816149962,0.24027737923244505,-2.42899421982083,0.4098249424310981
-0.009525841827668819,-0.004784682522994696,0.008019347258877178,-7.260099571580482E-4,0.17691987467431566,0.20048169289694304,-2.4251027779874756,0.4478363668142991
-0.009358869580556914,-0.004798173386036583,0.007982310492541195,-9.79652409757222E-4,0.13209889639754324,0.029060612286252476,-2.4121909871115945,0.6174249288737811
-0.009392348327044898,-0.004786270200828517,0.007980649093966135,-9.259106555331492E-4,0.1405807421866854,0.061602391504078806,-2.4084062416563863,0.5813988343148199
-0.009429634222048773,-0.004775811445356127,0.007981205536849834,-8.671934052537155E-4,0.15010968647768966,0.09830664068093725,-2.405876782847745,0.5419886143172188
-0.009467186593940455,-0.004762188730205851,0.007977524913917866,-8.072990942819377E-4,0.1594382500475279,0.13458628841677386,-2.4002795150198115,0.5017060108284032
-0.009501957531419664,-0.004759736886761137,0.007984785803131276,-7.549558199024978E-4,0.16867380261840975,0.17014170485805,-2.402650630478047,0.4666861682259655
-0.009277955471163649,-0.004809297778819472,0.007963898451225316,-0.0011031855628579471,0.11123670167104173,-0.05294152621447044,-2.4053896923883724,0.700520392097849
-0.009244248322020891,-0.004792115320189965,0.007930783882722588,-0.0011452581857788822,0.10250744527392906,-0.09043382770006485,-2.3843133535245937,0.7294086528281188
-0.009304359027731737,-0.004788997711665865,0.007951646894073948,-0.0010564523290261475,0.11769755500771155,-0.029027467769683245,-2.3946153825875096,0.6693202604350416
-0.009332681165086905,-0.004774457825775165,0.007946195311848857,-0.0010095079179392211,0.12464679039353534,-0.0022587522337751058,-2.388556452902099,0.637777364430038
-0.008926524941816172,-0.004754138239687436,0.00772947598342012,-0.0015687497886735788,0.0330828166359415,-0.41288583280410046,-2.260315764116267,1.0227200487824541
-0.009206076051940626,-0.004774192303360717,0.007894477138460637,-0.001192497745493433,0.09313627108180987,-0.1321353700030767,-2.361112505557737,0.7620695237329441
-0.009161690047955891,-0.00478250701462915,0.007883566873830877,-0.001259556531441502,0.08262640308069379,-0.1761618824094797,-2.35652972554521,0.8076185883835113
-0.009126853074159284,-0.0047518831426498365,0.007833564744118246,-0.0012941607007520364,0.07489788623888548,-0.21505709007860904,-2.3226890849573567,0.8324645772493916
-0.009015914955229654,-0.004765216117062346,0.00779147733544172,-0.0014542800582573675,0.05062824935362482,-0.32445144078687743,-2.299917805859968,0.9425931825568511
-0.009051301648796072,-0.004743373687088207,0.007786641981231413,-0.0013943225255779507,0.05863890100937136,-0.29124698381111935,-2.2937844422330618,0.9020610969544643
-0.009088148658541307,-0.0047230549293344574,0.00778349372916635,-0.0013335826206336504,0.06690589081499015,-0.2566143370527922,-2.288806530266466,0.8608385278732641
-0.008971829038537656,-0.0047462045960993265,0.007746882723343161,-0.0015036154576407218,0.042216466272095486,-0.36922254189122944,-2.2700893519466736,0.9778001597938496
-0.00958212946423492,-0.004744427570875279,0.007988160900590029,-6.315897466548551E-4,0.18928643837164902,0.25014339202752,-2.3985777486461433,0.38385953597222394
-0.010739858123656222,-0.004942025376314678,0.008109317921911057,0.0011851721745507046,0.5481159849905405,1.5560530074273906,-2.371057473248499,-0.7715101722524141
-0.010724175409251765,-0.004931686632854343,0.008103923261478971,0.001156772023451739,0.5409133996230967,1.5332779768483003,-2.3689274332117964,-0.7551314138350076
-0.010714968804725496,-0.004914165303599952,0.008087547305409183,0.0011355157468938353,0.5325008334894029,1.5129397893434329,-2.357758167945009,-0.7449112873124624
-0.010758574023410532,-0.0049353125935109035,0.008093619290267877,0.0012110197267396342,0.5492035879233845,1.5712416457274017,-2.3569382119177047,-0.7898461438329991
-0.010780169530423501,-0.004932722810826592,0.008081211736962834,0.0012428305672728126,0.5524280830970306,1.5918277283217124,-2.3448868645362198,-0.8111794442383268
-0.010802430067993612,-0.004934197322255979,0.008072909458131773,0.0012773092672940087,0.5572067915252862,1.6156142437745908,-2.3357830045379324,-0.8334308858291849
-0.010874834511287358,-0.004945238261104459,0.008051090011337199,0.0013918212763100065,0.5744358126583977,1.6965774763500785,-2.309632137039225,-0.9060442707167324
-0.010821392699171555,-0.004926088831057817,0.008054902838680864,0.0013022413514022922,0.5575174806811419,1.6294844367458012,-2.319754989876723,-0.8513532308778282
-0.010860247789433699,-0.004938679066896283,0.008050770181140294,0.0013666892304364214,0.5693130063382225,1.677301110584904,-2.31139710527574,-0.8909397013813072
-0.01084004114948677,-0.004931667705823928,0.008052497480567264,0.0013329418731382106,0.5630274883711742,1.6521190554136511,-2.3154545237389184,-0.8702985560003419
-0.010889870211456135,-0.004941526843112754,0.008039322300562356,0.0014124837770882756,0.575440991672452,1.7090260305153253,-2.2986728915194594,-0.9202987978082806
-0.0097040529416371,-0.004786002484822048,0.008059468145419543,-4.5565923248488434E-4,0.22752649561520122,0.38787550732527215,-2.438636803933228,0.2692745709050164
-0.009621551456862073,-0.004750575781787125,0.008003830723798552,-5.739657626252806E-4,0.20054103108692342,0.29259729046335514,-2.4064164850818384,0.3457432279359596
-0.009651556660333913,-0.004761307812495723,0.008022018368522071,-5.309846571924652E-4,0.21001734491446875,0.3265678713318698,-2.416738625850632,0.31764876619497495
-0.00968088452762614,-0.004751862141771921,0.00801688691438445,-4.84942125690818E-4,0.21709118316416712,0.35489396072666946,-2.4107014815053414,0.28667522487482766
-0.01023172635858872,-0.004872682498364368,0.008168956173207646,3.6877721264947245E-4,0.3985853719540562,0.979109935624563,-2.468589873760512,-0.25549282207136015
-0.010253506196096527,-0.004873359197899021,0.008166765680375512,4.0337511569304654E-4,0.4049397298921294,1.0027685849848285,-2.4649819850443504,-0.27765321416306626
-0.010296030451336266,-0.004849653406113712,0.008132903299246196,4.6668782630391784E-4,0.41040066245260903,1.0383022987111052,-2.4366882365192697,-0.32254271622355324
-0.010273014099256515,-0.004858871067384477,0.008147171875874456,4.3202433163274127E-4,0.4066054393847555,1.0176649372739657,-2.449154706082385,-0.2985897798036084
-0.010159672177331665,-0.004853245036927201,0.008154425121640005,2.526471840955656E-4,0.37302667291797237,0.894126644703854,-2.4650132284751876,-0.18369627982005676
-0.010212707947455065,-0.0048575769665582915,0.008153892056642104,3.368133112003602E-4,0.38932263366299363,0.9526013421465228,-2.4596762368273573,-0.2373117908528479
-0.010186530631547688,-0.004850633662334732,0.008148818804645354,2.947644567404389E-4,0.3800604799065335,0.9218642150841073,-2.458549758527145,-0.21125756964073258
-0.009786276494276627,-0.004797285732613885,0.008084153375206673,-3.309047968263464E-4,0.25276448512398536,0.47776300675626443,-2.4489373305163116,0.18820040389988435
-0.009830419972511337,-0.004776548753726505,0.0080653822613549,-2.606967729148809E-4,0.26261244753003715,0.5184559776229046,-2.432053603939501,0.1406301761040192
-0.009809971381322079,-0.004790510928884495,0.00807915255031596,-2.9357623840999035E-4,0.2586822893829233,0.5008750751821544,-2.4434322917243407,0.16329893921818572
-0.009736126021405332,-0.004783136027615319,0.008061285343077089,-4.061048619946709E-4,0.2364344403827003,0.42089411886591327,-2.4372185881994333,0.23654569963587366
-0.00976547320462182,-0.004780313486223074,0.00806221680701443,-3.6074552309414335E-4,0.2444580704427796,0.45104741067472504,-2.4353769051453362,0.20658089489763523
-0.009908320819858174,-0.004737732288361907,0.008027343284399323,-1.3892314958543662E-4,0.2787160679984231,0.5884514390413472,-2.398376582208052,0.05751419429963547
-0.009877482936850337,-0.004748979442990285,0.008038116728544606,-1.8646873922034443E-4,0.2718598370107155,0.5596580211014625,-2.4087460955866686,0.08972107697160185
-0.009836935381316367,-0.004747019238499704,0.008032621496067207,-2.479658711784241E-4,0.26028874659064466,0.5166728093682935,-2.408428603456563,0.1300056012776852
-0.010144554743374928,-0.004831051685889056,0.00813019175795196,2.2698634155224033E-4,0.36348909163414506,0.869545873764256,-2.4492765573914497,-0.17035474128628322
-0.010124170649516658,-0.0048149188645627726,0.008113231749151222,1.939277745880894E-4,0.3540110452210666,0.8418358926439231,-2.4391966120953974,-0.1511532405082841
-0.010046461592100379,-0.004793639215434467,0.008092568685303713,7.214897033612325E-5,0.3274755849253314,0.7519337855929401,-2.4318331764867316,-0.07482485062100917
-0.01008209072282786,-0.0047895268330190414,0.00808665642453639,1.2716003295317778E-4,0.33661558669158226,0.7880941176163172,-2.424330050213904,-0.11112024862198543
-0.010114231323179387,-0.004790295605317364,0.00808580744558094,1.7688385924390508E-4,0.345823720621702,0.8222327547935845,-2.4206927539207115,-0.14335961645779305
-0.00999467285780902,-0.004785434745643144,0.008083755542226782,-8.0616762157111E-6,0.31107852679493103,0.69444704058632,-2.430352862550079,-0.023551389775844606
-0.010019471365328166,-0.0047820958047837935,0.008079896813381674,3.0218994635907417E-5,0.3175294466671915,0.7194677791930544,-2.4253520928623797,-0.04886257545576974
-0.010033846442095807,-0.004764627809912244,0.008059899867432847,5.2096200922771575E-5,0.31817199865273244,0.7285848590034281,-2.409877883709061,-0.0651049497449394
-0.009969886202593302,-0.004758100070750971,0.008052488992889168,-4.586071491491746E-5,0.2991648844613459,0.6593362063852619,-2.410557844144264,-0.0017264851096344986
-0.00994217840834159,-0.0047297000569836165,0.008019783125234338,-8.727616284260763E-5,0.2866848128844914,0.6212187765756542,-2.3899620473649574,0.022826962905533602
-0.010534450324994301,-0.004901170235579875,0.008136415464794364,8.519029056090901E-4,0.4875671903154219,1.3163018848680952,-2.4147268024114763,-0.5627778684951492
-0.01058036810084714,-0.004897649782225377,0.008117890535800311,9.222113241386351E-4,0.4972670030542684,1.3629068804785003,-2.396004012052835,-0.6092095247242159
-0.010555745390920157,-0.004895271037149153,0.008123057561561835,8.832438968690966E-4,0.49065461095341245,1.3356962102732963,-2.402550222180796,-0.5843325025265198
-0.010360444111001682,-0.004890488026594142,0.008168075052795924,5.756243216284285E-4,0.43942809293605284,1.1251413320780534,-2.455677733217574,-0.3858081973532452
-0.01038682594548679,-0.004887214938857526,0.008158726997470696,6.165971373980504E-4,0.44557744807171756,1.151943626026205,-2.4463189448214067,-0.4128949017810334
-0.01051287682581857,-0.004886637860761402,0.008126057936742264,8.139778536157911E-4,0.4775356540083359,1.2858713533928874,-2.4094322624892253,-0.5409820716413903
-0.010413279949084121,-0.00488009269160261,0.008144537770689311,6.565966354324491E-4,0.4503519558919282,1.176883573038072,-2.433356020230686,-0.4401138042774764
-0.010438941439016523,-0.004885122489867883,0.008144167912734398,6.980546726826856E-4,0.4585546531825976,1.2066228822564444,-2.4304523762484567,-0.46603254685565065
-0.010486082570747311,-0.00488386490358308,0.008130417361799527,7.714483623067021E-4,0.4700372368839499,1.2560914034393,-2.4154825720299278,-0.5138854757169374
-0.010462144126608156,-0.0048829952151794595,0.00813581920379054,7.338392673434875E-4,0.4637804328163842,1.2302628009019498,-2.421951794286077,-0.4896394084086045
-0.010340512710775863,-0.004873099503620503,0.008151929359031905,5.407327081168794E-4,0.42899678900918875,1.095968629086146,-2.445988894197146,-0.3664062867416554
-0.01032301726097135,-0.0048450252349321165,0.00812291131030645,5.080764566490849E-4,0.41640600124579746,1.064945258322027,-2.4268410433450813,-0.35009989317275075
-0.010611109819629335,-0.004897902897422082,0.008107832060481192,9.698457916469942E-4,0.5043849725026354,1.395287175138675,-2.3851013900009654,-0.640154987512398
-0.010639017651300193,-0.0048916842957660725,0.008090847002933681,0.001010599279369046,0.5083701418042733,1.4208466376237368,-2.3692814616338,-0.667920255401858
-0.010665429310389126,-0.004890925939756676,0.008080257286274083,0.001050749465801606,0.5137780837829921,1.4477656279958655,-2.358291380206477,-0.6942427432464306
-0.010694460168596933,-0.004894262479582692,0.008072936320003223,0.0010963007322394563,0.5210961481917428,1.4796786612149686,-2.349354596119704,-0.7233011698535865
-0.01147454166988924,-0.005104380720000658,0.007828454342384788,0.002356059734331411,0.6986028834334701,2.390063818214109,-2.029445214735451,-1.50240212365998
-0.011491323736150588,-0.00510767049653318,0.007817822599509123,0.0023811905061466502,0.7001921781263337,2.406798858209196,-2.0173493411227734,-1.51774941580101
-0.01155197727069164,-0.005135170403482171,0.007795233146068306,0.0024851359028916047,0.7125335030097836,2.4845676344755008,-1.9841161690203037,-1.579625387251131
-0.011516220191516439,-0.0051295773705365925,0.007820628943286818,0.0024331424779816184,0.7103145489510104,2.4512331905501337,-2.012304017338812,-1.5479682595608564
-0.011536067582267676,-0.0051302336447237905,0.007803907170908461,0.002459903556279015,0.7103296034797643,2.466928682736452,-1.9948715385106401,-1.564475510214361
-0.011509206988652437,-0.005108101972279895,0.007802912782801819,0.002405205868945208,0.7003740477627941,2.4209176590267387,-2.0018986186473717,-1.5326277171692704
-0.0114562911322971,-0.005098688732390788,0.007837475941076725,0.002326858746134992,0.6957926518932888,2.3693564093830353,-2.040725103625866,-1.484740927081993
-0.011314009984709357,-0.005071687864372202,0.007920399992128182,0.0021104148410351384,0.6789056982810856,2.222188164854535,-2.135357439048464,-1.3506826274636075
-0.011336714077948989,-0.0050660039526188964,0.007896707597043447,0.0021376762305533076,0.6773612536452661,2.2359637442943963,-2.1128303681632876,-1.3690133487048557
-0.011413279232782745,-0.005092823817214406,0.007866376450679245,0.0022639293034391467,0.6924080938471802,2.3283337614047768,-2.0725230182699557,-1.4457542402376922
-0.011433382183346146,-0.0050902144317919815,0.007847026540235951,0.0022890269277590987,0.691564388024159,2.3417498530882264,-2.053519409723211,-1.4619261499053573
-0.011356742725893905,-0.005072970933076011,0.007889068642416784,0.0021707209909106536,0.681428619547303,2.260211124383441,-2.1026364966818183,-1.389157659486598
-0.011396681338139819,-0.0050849662603391415,0.00787096623530724,0.002234976538478959,0.6883098313137069,2.3062147263257504,-2.079943319312776,-1.4284072621818351
-0.011376104339532012,-0.005077388846325873,0.007878845225430682,0.002200802420630353,0.6841670042819232,2.281085379978315,-2.090637115789738,-1.4076980841613282
-0.011035401162541782,-0.004977730040808357,0.008000979376610286,0.0016477029004173332,0.6117990002995015,1.8794960402024778,-2.247922129266755,-1.066815642174611
-0.010918764893033195,-0.004957382607720772,0.00804259688728681,0.0014638013154762144,0.586499146457955,1.7493356227037202,-2.29705117522689,-0.9506707513675662
-0.010938516006551977,-0.004955266633637936,0.008029753795268539,0.0014921188792637924,0.5886365372292283,1.7674097046503856,-2.2844948016814546,-0.969607864386275
-0.010954827773415988,-0.004961565334843957,0.008028167482099237,0.0015197327679838844,0.5938007921549978,1.7882617305156665,-2.280870793280487,-0.98642631645745
-0.010971000665193773,-0.0049587082094383365,0.008016060228595788,0.001542119639779881,0.5948510177231792,1.802003097219025,-2.26931566277492,-1.0016161650104827
-0.01099375487884463,-0.004966769764523938,0.008012539832531198,0.0015801921559445498,0.6015721032308453,1.8304348197515254,-2.263170098216202,-1.0249059656882598
-0.011018455655003938,-0.004969833517973158,0.008001894567193161,0.0016182559104512967,0.6061893371374665,1.8567659126711804,-2.2512942591737466,-1.0490948111671032
-0.011303024453882935,-0.0050553748502972125,0.007910230696594201,0.0020828208927696334,0.6708518959725439,2.1961247294339863,-2.13023750799912,-1.3354101611741938
-0.011289353064375523,-0.005042613061911405,0.007906006575005817,0.002054292744903078,0.664236743777509,2.171552276507456,-2.1300861235681268,-1.3190166688213336
-0.011162321124053728,-0.005020798327416833,0.007970383478772018,0.0018590128124231907,0.6447087698103308,2.036497917587686,-2.2031550345101523,-1.1964349979728872
-0.011139717358491228,-0.005013991218325768,0.007977519263328943,0.0018219555253576201,0.639476409949529,2.0093313651262257,-2.212622046405059,-1.1735526444952387
-0.011176846470256971,-0.005003406672803113,0.007940997759032108,0.0018681867192363673,0.6384186485068803,2.0342975553851024,-2.1784850458794254,-1.2054502205021078
-0.01121473058389566,-0.0050228452807482855,0.007937106494015864,0.0019352391037091167,0.6502741085317454,2.0864103945426034,-2.1683432259635627,-1.2454938005840466
-0.01119665550122698,-0.005009937025413455,0.007934970732606713,0.001900742046838665,0.642979958789856,2.0581996537736433,-2.1702586843519835,-1.2253738929319786
-0.01123566063289235,-0.0050182815445888145,0.00791734009245272,0.0019615938184046697,0.6497943604279285,2.100908047132471,-2.1495340715868108,-1.2632571097759504
-0.011258612238392925,-0.005019329682547726,0.007902214321400784,0.0019944877329192688,0.6519419021900096,2.122150455363301,-2.1337065761586937,-1.2842365322044802
-0.01128311195925723,-0.005022300823548219,0.007887818873502888,0.0020307167146444206,0.6548257110588188,2.1463191216417212,-2.1180328101987347,-1.306996909499336
-0.011088509191223504,-0.004989355317915671,0.007982082330778973,0.0017321606443191748,0.6232503929328299,1.9399030288594397,-2.2249529332207483,-1.1196832542198976
-0.01105315568644614,-0.004975993866313643,0.00798845919036567,0.0016726163821499244,0.613228355740585,1.8951533110951504,-2.2356096824784486,-1.0833970517551705
-0.01107391986429383,-0.004980146093600618,0.007980610057549659,0.0017053217900275996,0.6175853131362113,1.9183181621471739,-2.226287638135966,-1.1038883688389862
-0.011105212855657296,-0.0049906461898958235,0.007973110608141341,0.001757158790878271,0.6255616007266364,1.9567681025146657,-2.2153796903618534,-1.1356978886477176
-0.011122702417997829,-0.004998953991339015,0.007971428332797665,0.0017876816029289387,0.6311755598091214,1.980304961488736,-2.2110750362481117,-1.1540272056588832
-0.010909432791958535,-0.004937293556606215,0.0080245225426932,0.0014394757691711996,0.5769248064730722,1.7254442169614428,-2.284766863377619,-0.9387560354081953
-0.009530525039653627,0.004774863200968239,0.008009512680677818,7.163668378163292E-4,0.17748095018396226,0.20319832150894146,2.417823315495895,0.44122411070161766
-0.009552829537605034,0.00474706319053705,0.007984029691884052,6.758928730550461E-4,0.18155613808962226,0.22028670321494678,2.3980216599548747,0.41353146064613094
-0.009495289344146606,0.004770958561979473,0.00799550819330815,7.680336848163715E-4,0.16748212671781723,0.16562344204250815,2.410750800050749,0.4755774650599855
-0.009461933739841406,0.004777632568140653,0.00799326784070462,8.197402695496481E-4,0.15889916923213135,0.13229837655405327,2.411806947320376,0.5101896576675555
-0.009431224635772121,0.004760652450389179,0.007964745057433916,8.600253165983205E-4,0.14983579735718403,0.09700109112181964,2.3940687491922183,0.5370896583545736
-0.009393850101261455,0.004751625350949225,0.007942461345927083,9.119725506827404E-4,0.13968781356921037,0.056721575509492465,2.381139648243691,0.5720118893543898
-0.00924515494894343,0.004761938841350859,0.007897725822329053,0.0011312859210255352,0.10254082299399672,-0.09400338532103289,2.360491342643963,0.7205803790465392
-0.009273497240295418,0.004736051221164976,0.007880845287493504,0.0010801437183595242,0.10908494186669766,-0.06894629606787428,2.3461314012785732,0.6861784313513353
-0.00934726680622654,0.0047492639793386545,0.007923559571510997,9.790115693227768E-4,0.12761375059678706,0.00844849351195059,2.371241841354958,0.6172957083475962
-0.009307304465716862,0.004735021402888786,0.007892957101635768,0.0010313683226893992,0.11724828443849332,-0.034707351236436805,2.352319982824475,0.652949557578883
-0.00886235097483659,0.0046655530800850265,0.007599206299308434,0.0015996886373568356,0.02539042431765229,-0.4768240333285448,2.167011422530535,1.049093805264967
-0.008927533325014472,0.004716134443714397,0.007689927368435612,0.0015453767579515438,0.034901475418402585,-0.4136400631945647,2.23070069385539,1.008314465405958
-0.008900408412697776,0.004676868514207076,0.007633341078972314,0.0015578423726145814,0.03171279677139577,-0.4409750786486864,2.1900837984377692,1.0191844357912563
-0.008980771411253013,0.004721814608384631,0.007725931304246667,0.0014780905244142723,0.04500106791512832,-0.36202646236426134,2.2538362753177665,0.9612323707752497
-0.00905079480733594,0.004705772855475701,0.0077461641557600176,0.00137563724160321,0.05957878020727016,-0.294917207633647,2.263946829828655,0.890755721959408
-0.009098895480648716,0.004720849401829556,0.007786426869957481,0.00131777757767946,0.06924399892441978,-0.24617476106225,2.290242421412943,0.849986409044441
-0.009137761976409545,0.004741538946564568,0.007827513300851704,0.0012740201814864219,0.07748177458445964,-0.20525777859337607,2.3174669179213683,0.8189764683693814
-0.009177090251116153,0.004759416555764674,0.007865254119246608,0.0012271056405958648,0.08634524266045872,-0.1635111523567725,2.3420952016539434,0.7861597782304511
-0.009210363216882376,0.004739227974424072,0.007857952809483836,0.001171106405803061,0.09401648901678639,-0.13249448785201676,2.334284873266459,0.7483348560051942
-0.00701480583571958,-0.0051026348178008244,0.006153147785818109,-0.0036928451478521348,-0.05056339704072297,-1.769075841167064,-1.134706667189489,2.364296064822574
-0.007101722298623514,-0.005078069354319796,0.006245212297243659,-0.0036210095348087053,-0.0568857448862175,-1.737257387023643,-1.2005154440201797,2.3350382513803187
-0.007128308532588637,-0.005010099343560563,0.006238083410599396,-0.0035259834075558683,-0.05734000921667477,-1.6982963350636222,-1.2015711916184117,2.2753739942638145
-0.007179776153484658,-0.004976640316307775,0.006279203597832545,-0.0034595942014343712,-0.05971262555896568,-1.6685588992457066,-1.2325780860088036,2.2399738846602273
-0.006856079406733012,-0.005063383188788621,0.005940471409432502,-0.003712774133285167,-0.0367474482307618,-1.7776070590927948,-0.9963211751018071,2.3390922804873098
-0.0069329684876515375,-0.005037746443785353,0.006020236551066858,-0.0036505625441179616,-0.042335628875255264,-1.7537432259611185,-1.0512918046903768,2.316543128488147
-0.0067082338149601845,-0.005108944560618541,0.005782157624695336,-0.003821000193991299,-0.023682071082152034,-1.8148607145814992,-0.8901917911438101,2.370660399290927
-0.006773257583878771,-0.005030718814352211,0.005826392924617813,-0.0037046922309850326,-0.02977985106183009,-1.7724248028014602,-0.9268760880311028,2.313625346138709
-0.005215106537586399,-0.0055394895809666635,0.00411061731579954,-0.004450225504927258,0.09056402027009049,-1.7677877131812603,-0.037971577152952456,2.198275611818165
-0.006583809453530915,-0.005108224503111999,0.005631493197355868,-0.003857901659194474,-0.013327890662351292,-1.8206285340237276,-0.7977500197388546,2.359789374299323
-0.006472419828915729,-0.005168621806630664,0.005518824873454519,-0.003959568474562602,-0.0029170646663388426,-1.8484470288194152,-0.7231240164333665,2.38898180484643
-0.006397804455512817,-0.005245085911456655,0.005452925125965304,-0.004069224464729188,0.006246926782742426,-1.8810429984469905,-0.6734378827434425,2.4313303102783386
-0.006057622859703336,-0.005348855127725702,0.005064499656857184,-0.004243716749005775,0.03769326417676549,-1.890293663434676,-0.4487270984946256,2.4138233400077698
-0.00556509366771989,-0.005550158625497699,0.004505312723159883,-0.004488789196285666,0.08043956185572242,-1.8606376349492453,-0.16399574915308804,2.345917463849473
-0.005392378178051889,-0.005530965596254998,0.004306897059522142,-0.004455807260617455,0.08478596996851041,-1.8112455256342415,-0.09958555447696964,2.2665687841581934
-0.005653255440095789,-0.005442616195703012,0.004599382863718699,-0.004367003486966673,0.06798130314641819,-1.8463680448350266,-0.22437833761553608,2.3263252082737242
-0.005783785559491151,-0.005386428611368053,0.004744924776707581,-0.0043017822431144015,0.05743352310032305,-1.8550241321436445,-0.29574165594882545,2.34383253765041
-0.005921996587339116,-0.005361114597737517,0.004904151042746221,-0.004267433744897617,0.047372531457030936,-1.8721579206357415,-0.3706756206151889,2.3769229060777737
-0.006262531596896079,-0.005250148211401981,0.0052891638128256206,-0.004099541993348998,0.017086645308097972,-1.8737161032062877,-0.5821681711300785,2.404909284804841
-0.0061216467739246706,-0.0052377796788994485,0.005116991384992616,-0.004104025109373115,0.027086246667752556,-1.8532141601991021,-0.4957853850956238,2.3604712266196946
-0.008651458520278824,-0.004775889037178162,0.007573008153163026,-0.0019363218367458585,-0.014356898520368215,-0.6730340752571319,-2.1608573595345715,1.2792858073607072
-0.008612359029250493,-0.0047772720395623984,0.0075459898710637215,-0.0019852745859089754,-0.01971570896752911,-0.7086937617534954,-2.1427066651089577,1.3136436147379063
-0.008669930244723373,-0.0047417902782070824,0.007551458027750901,-0.001889380748675147,-0.009019677574284138,-0.6549177373144531,-2.1432372260032215,1.2483967203303263
-0.008490862143706954,-0.004785905277140663,0.007461872182707435,-0.0021368143046325678,-0.035531884961821525,-0.8173409982528684,-2.0857164864751208,1.419721922069204
-0.008431273925689401,-0.0047642512591878836,0.007393046030645264,-0.0021879706709000686,-0.04014753217281342,-0.8661868845159917,-2.036166912531563,1.4569070632050507
-0.008378442856468202,-0.004784326348316685,0.00736889127492896,-0.0022637833537659884,-0.04654084578094871,-0.9128626440257411,-2.0204128888588833,1.5087686077637332
-0.00853472917404152,-0.004770709511334998,0.007481024667191993,-0.002073460857525799,-0.029111353695920276,-0.7775984653700619,-2.0976987985043674,1.3761046394903411
-0.008577883798360247,-0.004758405937095508,0.007501447762500833,-0.002012880069438051,-0.022814451772913573,-0.738674867497091,-2.1106705383078417,1.3344615435806542
-0.007507651711291819,-0.005019860885233994,0.006689940408200344,-0.003305886010743518,-0.08109132389866326,-1.5632321492348924,-1.5253301740228944,2.1866212524749105
-0.0075415535426465565,-0.0049844157945795435,0.006702833282966959,-0.0032408600022588345,-0.08096508001214021,-1.5325148878434773,-1.535981041538873,2.1454604427394255
-0.007411348144123868,-0.005044604772495321,0.006595076849569671,-0.0034009268180849764,-0.07747724273534352,-1.6171166496116847,-1.4541861229938717,2.2397815656554747
-0.0074573532876157506,-0.0050124477304024605,0.0066263256155144525,-0.0033323094964895885,-0.07843777868420204,-1.5832637103289866,-1.478553251549282,2.1985492116644396
-0.007547152483308836,-0.0049390129072488746,0.006675930539840935,-0.00318559480126998,-0.07736381793860184,-1.5118799903829787,-1.5173742841787665,2.1078837073782024
-0.007341582485988599,-0.005021252706860041,0.006496992492689987,-0.003418290499600384,-0.07168681520446292,-1.6346848894216086,-1.3842218808163829,2.240504893154838
-0.007260536303507732,-0.00500120312739439,0.006388803293850976,-0.003443321005493379,-0.06586785743941016,-1.6546611963809468,-1.3075261851547524,2.24419289154228
-0.00723086877803716,-0.0049406761191827225,0.006317039844097672,-0.0033897636572228504,-0.062027011021780945,-1.637179452690124,-1.261165687672873,2.201888170327385
-0.008068180403937354,-0.004887150172343057,0.0071831437984671825,-0.002684413852427977,-0.07622388201051102,-1.176203010525003,-1.891375423135703,1.7945591775382916
-0.007990129883872083,-0.004873077190346384,0.007093638828931949,-0.0027461389476064776,-0.0770874573052079,-1.2285012123016559,-1.8253157760242418,1.8356340534798605
-0.007913051778479301,-0.004874443040758323,0.007017205965080285,-0.0028187896067752463,-0.0785638092015385,-1.2809983532040776,-1.7690566422514953,1.8830237302516388
-0.007663486155999981,-0.004933972009151544,0.006801119966974085,-0.0030925741233034706,-0.0811797122807813,-1.450459768805482,-1.6095554971299497,2.0552921453399566
-0.00773109853366938,-0.004896234015498137,0.006844988567140895,-0.0029977260544039883,-0.07976586940803797,-1.3995705044658548,-1.6422460055069465,1.995731253324516
-0.007838588857009113,-0.004853796255353216,0.006923881666283241,-0.002863314600135915,-0.07701055170960887,-1.3219570680158437,-1.700342371136131,1.9104595285769321
-0.0077805783019427345,-0.0048551096887373395,0.006864834361936395,-0.002913649743307547,-0.07708376082228137,-1.3570738416590078,-1.6570289978576889,1.941671616280037
-0.007590045243930005,-0.0048984945676472935,0.006693891908588275,-0.0031094632154452556,-0.07646015690481273,-1.4752094221196996,-1.531710846886237,2.059814253359822
-0.008157500179998615,-0.004846411114085823,0.007231482700016396,-0.0025553552495380873,-0.06842281801887173,-1.0998423829606139,-1.9251910968564732,1.7076389304127007
-0.008196732682123523,-0.004827706954765403,0.00725055673980046,-0.002497536529610181,-0.06452264373920007,-1.0659722739386803,-1.938182823536908,1.6688204060230523
-0.008321199666057374,-0.004784317386409036,0.007320416488533224,-0.0023266787737957514,-0.05194407647162442,-0.9598552584893285,-1.9861039719752056,1.5527247908370094
-0.008224574515811335,-0.004792422562803468,0.007243275213372717,-0.002436647159180826,-0.05949841388011939,-1.0375480973338993,-1.9314572368654712,1.6280056561329126
-0.008260447465801759,-0.004773201878730159,0.007257379636474633,-0.002382035452261683,-0.05548357693490665,-1.0060959932355298,-1.9406930830192224,1.591179432989432
-0.008106106673241525,-0.004830249403416044,0.007168486513958675,-0.0025920664374658154,-0.06921181977378987,-1.1348617793685598,-1.8788772217289946,1.7328959649205584
-0.008894743477648924,-0.004716917290643556,0.007671575687003349,-0.0015887131177560688,0.02891760492209817,-0.44518076913699184,-2.2192152219329473,1.0388372922497984
-0.008749543149838305,-0.004768787550662888,0.007633847587547868,-0.0018084536499281302,0.0010644145847025085,-0.5819202207023295,-2.2006298926902903,1.1898681415990213
-0.00878916998343387,-0.004763771045619316,0.007654822726130865,-0.00175448192084215,0.00795363607270363,-0.5445718475192535,-2.213784104786141,1.1523014236259166
-0.008858881143023512,-0.004725294329722504,0.007658730693143312,-0.0016402909778662157,0.022067875908354323,-0.479068950008719,-2.2120209020691877,1.074489090794151
-0.00881959055647749,-0.0047384463241600195,0.007647979008122002,-0.0016991309528008333,0.014527089585934709,-0.5160261522347711,-2.2065824267780134,1.1149269784073377
-0.008711315888297448,-0.004726212001964292,0.007564307551764459,-0.0018276400531099881,-0.0020446817846316826,-0.6166389064752081,-2.1503845681780756,1.2058517472844124
-0.008769767537473803,0.004630564156165164,0.007506755342165837,0.00169299325908844,0.012161302936218142,-0.5613352433123938,2.1029532638126924,1.1163524873395343
-0.008817677081185572,0.004653106307173469,0.007559363964570544,0.0016481886054983336,0.018759864372827575,-0.5181441946362445,2.1398721865853063,1.0837816435488594
-0.008852184845642257,0.00462003910861713,0.007547051641616511,0.0015852069061022735,0.025551881899549315,-0.48646318663001803,2.128270324992001,1.0410035535785425
-0.003837527590885343,0.006047653642705781,0.0026889641567079867,0.004713391810727898,0.10760048299556667,-1.4786493354643049,-0.31038441368757236,1.7845502676878044
-0.004099582106949554,0.005979944898256831,0.002938679103226222,0.004709508401894069,0.11216051850803402,-1.5398012723297487,-0.2798872939688419,1.8697577935985679
-0.003604457323355426,0.005870925900121221,0.002519566480970146,0.004512524502428769,0.09395724448304105,-1.4241337168690598,-0.27025450596142847,1.7021182990460415
-0.007002014010953551,0.005016594729409581,0.006091693501970812,0.0035950281095954158,-0.04703055878896845,-1.7308721768879658,1.1007956956569294,2.2955520946292602
-0.007665047905998033,0.004886800793959992,0.006766774058083403,0.0030399824156393143,-0.07788928857912608,-1.4322064713030203,1.5850949804155239,2.01906421787611
-0.007726655151862224,0.004861573829810953,0.006813230037632381,0.0029644378235566438,-0.07708867621364997,-1.389946828160834,1.619296434125639,1.9724976117392885
-0.007612666798709408,0.004849796098442223,0.006682863461641158,0.0030398359066735915,-0.0736108567019144,-1.4457439805250367,1.5247190000338984,2.0145072494120173
-0.0075547016168046755,0.004852808536973006,0.006622404009349477,0.0030851823888945838,-0.07288373006800435,-1.4748392051817965,1.4812526875269523,2.039787574661705
-0.007084393182531586,0.004964713971888234,0.006160841616125242,0.0034947737914141747,-0.05221575781284401,-1.6886406057666699,1.151710171830034,2.245855141917996
-0.007159328985668419,0.004922315392462722,0.0062238564371377945,0.003407361438743198,-0.05624096526776624,-1.6503693966518178,1.19745768936477,2.20177161748196
-0.007232953896831078,0.004896512914274192,0.006292914955481979,0.0033380396051005323,-0.05981964170597552,-1.617440313036817,1.2466308876733037,2.167787456371971
-0.007292269068339335,0.00492081478721929,0.006375288558864667,0.0033316914578201844,-0.06458579854302988,-1.6084749858894731,1.302863937388728,2.1727829672704875
-0.007473159024715712,0.004856237708245521,0.006535802730648347,0.0031453576071515704,-0.0697916803596645,-1.5126343355106882,1.4189825390622917,2.0718270711077627
-0.007374337570642279,0.004907571666965627,0.006459999366030691,0.003266617774975483,-0.06796222343698945,-1.5734248663701178,1.3629344112931963,2.1413385840391577
-0.00685648554005044,0.005088838657715219,0.005953126852071961,0.0037434361432929146,-0.03647900487982084,-1.7896852875461156,1.0021088732603056,2.3590723450512177
-0.006918269871053222,0.005027731748888374,0.0059976827211082285,0.0036448669328401997,-0.041435732588770265,-1.7514542159905104,1.0375195418473857,2.309565179611245
-0.006761101071005019,0.005084114119386979,0.005835391997864856,0.0037730284371132127,-0.028393697954161027,-1.7986900465985605,0.9267504800951084,2.354282117361331
-0.006650573996806785,0.005089270229055955,0.005704368443636172,0.0038155039134064555,-0.019486623296217784,-1.8090913736136063,0.8446451008692543,2.351439232919414
-0.006534940751697517,0.005099463067282709,0.0055696156776721744,0.0038606145291563178,-0.009994243242333401,-1.817233529063923,0.7629478458646922,2.3471847726745305
-0.006428177954395727,0.0051239799290837326,0.005450526270720187,0.003915971233315719,-9.880661766095318E-4,-1.8275361199384073,0.691344103007301,2.3497965430017227
-0.006324945387142965,0.005150213723742654,0.0053356572783802994,0.00396864313161098,0.008244309180837543,-1.8345613508934477,0.6241053370997358,2.349216594186407
-0.006218808568341781,0.005181058623563073,0.0052182292592580426,0.004023376075592003,0.01707317285692493,-1.8396434638329124,0.5569567626410756,2.3473846244058
-0.004303009834152713,0.005839408514447831,0.003152584391246376,0.0046190804130536575,0.10960287588527691,-1.580721949848744,-0.22390346529641822,1.9249494065076487
-0.004514909798932701,0.005759315000657842,0.0033687387596317083,0.004580597303013813,0.10814050602674131,-1.6260153040253769,-0.17595145668888645,1.989028427739225
-0.004745285280136177,0.005707170770023694,0.0036055801233124715,0.004566862137151628,0.10650676634221082,-1.6786842187373467,-0.12322270168799987,2.0657539366644255
-0.004924345802152906,0.005606134117252863,0.0037979545007659527,0.004488385332385539,0.09912969929284747,-1.7079614280464923,-0.0581379599530929,2.107377129387427
-0.005247460485098399,0.005541565827748808,0.0041460138404126575,0.004455528677536488,0.08987983200219733,-1.7766470217239725,0.04733427085698911,2.2123760211473784
-0.005099140393987008,0.005556568807784741,0.00398492569444784,0.0044569788160494055,0.09359171992072422,-1.7424920330297928,-4.919492072341155E-4,2.1592828929819103
-0.00611128017783333,0.00523094749571722,0.00510305084385616,0.004097124911844464,0.027494251979401835,-1.8489577928229222,0.49019220314930484,2.353270213780579
-0.005319951017446242,0.005420329467162627,0.004223438853911877,0.004328315295349653,0.0789977576515546,-1.7627189823257334,0.09868053711035947,2.1917437997772296
-0.005477081364315542,0.005460570317548098,0.004399359049377053,0.004381749858944233,0.07708148722181517,-1.8112417603437854,0.14767352961862698,2.267628561001646
-0.005634458773469086,0.0054641757133361835,0.004579602080875225,0.004391618295852488,0.06989192586061421,-1.849589739983058,0.2127605689043075,2.3294398170384905
-0.005734535712946936,0.005377704805160262,0.00468660358574459,0.004292184712797044,0.05955173382999731,-1.8416019677710995,0.2735463957743549,2.321251127567057
-0.0059941890805700945,0.0053026963034397395,0.004979416953294741,0.004193502186732,0.03923568701443415,-1.8613298180761289,0.41731659125840886,2.3643607244758047
-0.005853645297387865,0.005332257165556911,0.004818973464959777,0.004236465467772282,0.04969048055893933,-1.8487182450129185,0.33901956408196804,2.3372200540467714
-0.0032929933664254327,0.0059987934048876,0.0022388671505710867,0.004558018087849509,0.0894887771658479,-1.3627440750716338,-0.29799422919548507,1.619481765792862
-0.0027430184339400526,0.006209934446613365,0.0017735063700603686,0.004612681507254346,0.0755152029890977,-1.2569761632242438,-0.31547444110549533,1.4779233616815848
-0.0029698159253156507,0.006014118388159514,0.0019812788252160703,0.004508218300165592,0.08146720525931457,-1.3038523269014617,-0.29080265043715364,1.5392692960714798
-0.001221924984471055,0.006688503597993044,6.937949010494154E-4,0.00468328692043048,0.0377868180183824,-1.0279104389538656,-0.19965883983140278,1.1700997341677282
-0.0017778086976633937,0.006767402510899366,0.001014296282190484,0.004809007216973842,0.047430208994565515,-1.0679333679288503,-0.29433227928340117,1.2282851523694296
-0.0021380608258559156,0.006402793049258702,0.0013115657152236943,0.004636926303239592,0.05947728120524908,-1.1538523277192985,-0.2908218453173727,1.338588669212214
-0.0024465422823092215,0.006171838163126277,0.0015657309964680858,0.004530889554572583,0.06713643255356083,-1.2162900314588247,-0.28434444200389497,1.4184818009063374
-0.0010917698311834324,0.0062000653545655525,6.661868187032089E-4,0.00437478926036199,0.04191669050178447,-1.0794155757639337,-0.14152468954618244,1.2324269961683465
0.0010398328041232893,0.00431884317072365,-7.273451942493361E-4,0.003105065348489077,0.05193459150213917,-1.1922267070510066,0.04240014088731258,1.3751886512061837
-6.910934498957989E-4,0.005882146375653191,4.352881901809919E-4,0.004149864185692877,0.04300404171172639,-1.0924413508420707,-0.07761763238409136,1.2476670359608633
-3.0676094612261347E-4,0.005435815837962966,2.0100254163650177E-4,0.003850381007035563,0.04516887277755941,-1.1210583030766081,-0.027133753527617845,1.2827336726293501
6.049393466142052E-4,0.004640322673042293,-4.165686561589321E-4,0.0033192462772384,0.04984951858592119,-1.1703832520204571,0.031765770551231816,1.3463005975027136
1.0829016582458817E-4,0.0049425542428589535,-7.319480232803224E-5,0.003519626396476233,0.04831746183377799,-1.1504665403588954,0.006909911298551687,1.3205796186449474
0.0014675429928419814,0.003867292191456233,-0.0010431713667590319,0.002794167329051778,0.052661694858000915,-1.2136379295726167,0.037619590812798163,1.4032441207003055
-0.008501054538078427,0.0047107433201820596,0.007396455448494305,0.0020664920669736294,-0.028248780082951366,-0.8012729230918049,2.0348482139289037,1.3747498199561077
-0.008681994908208314,0.0046590650236454645,0.007477187586924959,0.0018175450892020616,-0.002428794706313863,-0.6405022623825118,2.085919735950698,1.202552727136017
-0.008636128464154489,0.004665962867830857,0.00745227694451935,0.0018768066251764446,-0.008686239076334248,-0.6810468595857727,2.069732267521276,1.2436634459960791
-0.008591522855035352,0.0046552946884932875,0.007410225778090011,0.0019213058422461505,-0.013705492692072373,-0.7191298487249455,2.0402286348230234,1.2757725054003275
-0.008535639800706723,0.004651017913097947,0.007365375452512057,0.001982140826192852,-0.020075430943608783,-0.7661369461335926,2.009218061892956,1.318636169497075
-0.00870797600416578,0.0045981393801476835,0.007434995201411233,0.0017460092505324214,0.005077214151448358,-0.6149126771424408,2.0522356525852667,1.1554817241773139
-0.008347735867702821,0.004731151057322782,0.007293041753636647,0.0022530802446011316,-0.0452506237238049,-0.9301173500013241,1.9637453524767359,1.5036347367470457
-0.00842512405604942,0.0047186410180018665,0.007344463909856965,0.002158128395327671,-0.036876733474458016,-0.8657539174357265,1.9991379260548956,1.4384480527827377
-0.008283043263784609,0.00468070133743392,0.007192675421684551,0.0022790052752205228,-0.0458703114821608,-0.972360910041255,1.8901000620606716,1.5236494872565556
-0.008086649386217457,0.00476821459499831,0.0070955211945600005,0.002552797662549695,-0.0645537101821788,-1.1344251032106156,1.8238649006677772,1.7072671624101756
-0.008030083909192944,0.004756620085127195,0.007032441137632181,0.002595558314507401,-0.06562317726558076,-1.170604899192279,1.7778621716281495,1.735522461919361
-0.007963235717253615,0.00475447136904214,0.006966799608906654,0.0026546828273772863,-0.06744025213596426,-1.2141769197269043,1.7303595708038133,1.7739843357984124
-0.007892824569775433,0.004756934201697854,0.006900252239888097,0.002719107631189987,-0.06891036188789255,-1.2592153207063124,1.6822837826517982,1.8153800258050288
-0.007820045997289774,0.004764658803766719,0.006834109241793046,0.002788397773689813,-0.0700297361299627,-1.3049377079701128,1.6345714960091613,1.858945774932289
-0.007748383294829947,0.004781807017745742,0.00677467241115048,0.002864061874074355,-0.07126000135760013,-1.350930950863341,1.5917351175833174,1.905931484331813
-0.00812155211106031,0.0047124802904698285,0.007079415155196597,0.002467934460105211,-0.0582691515902582,-1.0968343624418642,1.8105602449639184,1.6509758679566986
-0.008212176523363294,0.004670403688106587,0.00712306146967757,0.0023419448570126847,-0.049846885058249975,-1.022974144016957,1.8400871571304582,1.566816513783037
-0.008158924510815634,0.0046717480896005855,0.007077771467366113,0.0023953809953073508,-0.05332876343888462,-1.061390571891886,1.8079072132098681,1.6028859323526823
-0.008236986001691085,0.004619192749936888,0.007099711314224091,0.0022736947865383272,-0.044102592335244044,-0.9947872320069904,1.8214147818058364,1.5216988201585473
-0.011570861016719107,-0.005133421009528101,0.0077763479902435645,0.0025081442220260164,0.7112374447133187,2.4962154347284486,-1.9653952974336608,-1.593901421230618
-0.011591016895830883,-0.005140984495009406,0.0077663516692299045,0.002541053261050402,0.7143132531821196,2.5197039793055995,-1.9523211347657097,-1.613417845457215
-0.012461837614605467,0.014971095852436521,-0.006546987267046895,-0.0032375276225309166,0.143616397282651,-1.5213187455980026,1.9588337213773972,2.341424207827455
-0.012430450957027253,0.015030064500638004,-0.006519082516299291,-0.003144588129518664,0.1383314013877709,-1.4717262820176913,1.961703283207321,2.268421828421476
-0.012526743514267523,0.014973046151961428,-0.006465961533803007,-0.0032800754840134404,0.14009089371690245,-1.552157198279288,1.893746432187765,2.3547247838451764
-0.012624071097233217,0.014894477075943897,-0.006427307740027157,-0.0034411256461413697,0.14422271531995415,-1.6431523987259065,1.827230091579601,2.4614245330710642
-0.012591422413847685,0.014970530502965958,-0.006389563678020836,-0.0033256602753733012,0.13750180161029724,-1.5832827950935193,1.8311429188670523,2.370903128729887
-0.012699410215228107,0.014874237880267281,-0.006351669344954188,-0.00351260894996042,0.1428631350793339,-1.6861107450953667,1.7571298105428717,2.4945412087754737
-0.012783475088621502,0.014840949262085696,-0.006275218424330168,-0.0036030829846358673,0.1427708586493153,-1.737442547984267,1.6810734568448316,2.539482186520953
-0.012338782990317383,0.015101414346226902,-0.006544102510258619,-0.0029944900713210995,0.1350039395366507,-1.3835940244638971,2.012685516167323,2.1648406887171725
-0.012313573575140813,0.015169266554069064,-0.006494071747869259,-0.0028999821002489872,0.12894300853628157,-1.3346609177589164,2.0003684255393765,2.08732587382324
-0.012408794892527138,0.015095122103398646,-0.006471720953606589,-0.0030534450657673097,0.13286914580892392,-1.4248475319769718,1.951189891629187,2.1935578776121702
-0.012287293746293379,0.015242269795531047,-0.0064382775316918365,-0.002801704740297274,0.12299360310842104,-1.2841442240031056,1.9853740929361978,2.0068867706713576
-0.011975401860860284,0.015404268452483397,-0.006550771023978204,-0.0023870403079509534,0.11875749805701132,-1.0215369616236132,2.138419660523011,1.7242259745298611
-0.012046906066138093,0.015380456235748859,-0.006513834330417062,-0.002470486278447712,0.1188330957927917,-1.07786032730779,2.099905999537982,1.7797186627545574
-0.012123402672103881,0.015392926757831167,-0.00642611698873921,-0.0025218658070238708,0.11496755364705045,-1.1210239699803737,2.034642740362564,1.8046543221808167
-0.012247957458175612,0.015320829377761379,-0.006388329620579767,-0.002690731895156685,0.11706054856073884,-1.2252480592654456,1.9769411603028748,1.9192697536020287
-0.012195194003904083,0.01538484340418143,-0.006366510147329694,-0.0025864777615892246,0.11274541208867155,-1.166877827350765,1.9844234562277907,1.8420384663100997
-0.011800041520081921,0.015589510671250402,-0.0064665677395880335,-0.00207399966043758,0.1075963838888593,-0.8400804972989576,2.1379288257034315,1.4854824800104873
-0.011943537945533093,0.015489097889138765,-0.006473207150049683,-0.002283808582832634,0.11238081536156296,-0.9696290103704638,2.1080561412636256,1.638572195655913
-0.011893657133313902,0.015560821838913908,-0.00642649124047213,-0.00217966000650347,0.1068874766212569,-0.9120022068818129,2.096799113330278,1.5567289499218198
-0.011748526654854104,0.015725398077045944,-0.006334391151016014,-0.0019247456002920644,0.09782911334455374,-0.7670502697231001,2.0805292773512782,1.363715012477397
0.004777334446105454,0.022511230340963483,9.347929645433611E-4,2.1862204983989035E-4,0.22256129808507927,0.3267137289028877,-0.32168099377580245,-0.3044877550565714
0.004056701672995615,0.02169254586864247,0.0010458798538327764,4.056707867328112E-4,0.19669178279808297,0.4504607746394495,-0.27793254744603363,-0.4212105018988472
0.0030760067676333844,0.020685915957431245,0.0010236679477907777,7.200558871871078E-4,0.16073161186765839,0.6105245841145606,-0.21361092817643731,-0.5670109973059706
0.0033997022491005007,0.021446328102722706,9.457326593571121E-4,4.8705908835392474E-4,0.19671239972675084,0.49940809197055164,-0.23284662104683224,-0.4673582292882362
0.001942802019511336,0.019699480755722976,7.830029364734864E-4,0.0011099722355183076,0.12173678953601176,0.7616729670029304,-0.13174476760305268,-0.7001911852554058
0.002327892016888389,0.020599555836297804,7.935868758561295E-4,7.693790381975812E-4,0.16561784869441465,0.6337219195428974,-0.1590606267316733,-0.5893298507186512
-9.080697301414735E-4,0.01661707181383187,-5.265082876377457E-4,0.0026656100814829485,-0.012793067692850154,1.1266158864542728,0.02612420286910566,-1.0006014261764715
-0.0016526147641360155,0.01694959492827109,-9.395984209303109E-4,0.0024708853827595,-0.0028170955927121362,1.1168146409750757,0.06731368499052982,-0.9918552069470469
4.796723788040156E-4,0.017444731367654284,2.5922559539129695E-4,0.0022007713761763585,0.023001421332826896,1.0427683525952534,-0.022680231416959223,-0.9333676522605445
-3.4302071192283306E-4,0.017315125032815046,-1.8767417209890886E-4,0.002271547196699734,0.017552004084409763,1.0543572206336485,0.015479617493613405,-0.9428735758985836
0.0014527127615624972,0.018860552083462906,6.658168628562174E-4,0.0014808369566657357,0.08372189364722231,0.8768119985307256,-0.09343706272915821,-0.7975446260599528
6.876374284209396E-4,0.018321698203094927,3.379553971417235E-4,0.0017463692310742864,0.06109613864274817,0.9425873472927625,-0.040545961332543914,-0.8524777407584928
0.0012485714388075358,0.019737409616387286,5.007618983286689E-4,0.0011074710452895925,0.12845814104228268,0.7591429540673722,-0.08305734519568711,-0.6989493747751829
-0.0028373738073045017,0.01661167132427684,-0.0016869280429082977,0.0026601359765114642,-0.026901877463584484,1.2172956770012175,0.11988435121229508,-1.0699804380818794
-0.00339239356570833,0.016639631596507148,-0.002034065465850752,0.0026284927604362414,-0.030335645403098865,1.2528455873504971,0.1691558775126041,-1.0961391275746684
-0.0023547116355656884,0.017141338341712307,-0.0013257772004611078,0.0023509442208432276,1.1476886584779545E-4,1.11955597798962,0.1169779065646901,-0.9934815347640659
-0.003677276729408295,0.017041917914928505,-0.0021303306680749545,0.002362679217563113,-0.015437417900467598,1.1993527925774474,0.22794374660517286,-1.0520059238705501
-0.004136377155826178,0.017170039003753815,-0.0023792583282784088,0.0022523987065772837,-0.012335079647122214,1.19805048359182,0.2918122650892358,-1.0483638805128974
-0.0046398509565523495,0.017254457431290438,-0.0026604994870713457,0.0021521278608697763,-0.011158461543851252,1.2005724489431524,0.36723242749623647,-1.044950840030365
-0.005157913495753852,0.017236636378673845,-0.00298365526405237,0.002094681377790337,-0.01283660127084076,1.2219997481102405,0.45369388141704087,-1.055051327729548
-0.005721440057329883,0.01714344424364694,-0.0033737688821726597,0.002052409127373117,-0.015041004035926354,1.2608299789963855,0.5661384560768276,-1.0736550668781815
-0.006177292302589777,0.01721725350825781,-0.0036161148998296385,0.0019020725579694364,-0.009261857803172525,1.234352946779009,0.6714003591495558,-1.0402626795545695
-0.006587044827787696,0.017186338502372278,-0.003879250655953574,0.0018053357744734764,-0.0057231648584234,1.2299060570947382,0.7776042770365833,-1.0219277660109471
-0.0077091136896628104,0.01693417493430596,-0.004706735448433346,0.0015005155570911226,0.00993768460983731,1.21210936309851,1.1512940415171136,-0.9375819838836074
-0.006988334900716338,0.01719416936359856,-0.004106529433518799,0.0016663225493898052,-3.5443062441291746E-4,1.1979015616257698,0.8882469050266576,-0.9786786368544412
-0.007385574597418075,0.01717113424972858,-0.004341459129423234,0.0015227702871530003,0.005183170740547455,1.1592291041224183,1.0065570330130849,-0.9267568272365868
-0.008231762121800688,0.016755404356620304,-0.0051410045208846655,0.001298146696005396,0.025035874860314274,1.1766627392106608,1.3781294742077435,-0.8534214234227394
-0.008033456038444143,0.0169890665824309,-0.00482342117056038,0.00130143565304122,0.01750495137579637,1.116272696742816,1.2448469969673879,-0.8393166951739287
-0.008504160412761875,0.0167850081274783,-0.005235376532575647,0.0011089282041897906,0.031116292851087742,1.0762328810796544,1.4602611400042302,-0.7488485622113231
0.004169042160305268,0.02373959297998988,4.413463673214317E-4,6.183046136370387E-5,0.3176362956349119,0.1856647092337096,-0.2945263528609219,-0.17316340997857063
0.0035952450336350986,0.025,0,0,0.4349133664340859,0.010980476393769362,-0.29235396247072576,-0.002474726294397023
-0.010661134006257449,0.01636647185051588,-0.006024447752195356,-6.258139473354654E-4,0.07050054529541411,0.04190152233499481,2.0140855144028014,0.40726107645250764
-0.010360507508172835,0.016401743387193593,-0.006031745968926285,-3.450512187059209E-4,0.06987563333745066,0.23970710797781283,2.014653895848389,0.20562471191599804
-0.010500431087010074,0.01643876935736195,-0.005964111731059735,-4.6660060936482863E-4,0.06542237140438922,0.1415184849913449,1.9823543847431473,0.29058496670433
-0.010224188225743691,0.016525204296390684,-0.005886778814348465,-2.1102508479260753E-4,0.0620404495594385,0.30406394786787017,1.9361213474051426,0.10829657167919786
-0.010088275227053793,0.01662302242460591,-0.005771170339542368,-8.891473207708523E-5,0.05699783076334427,0.3667452887796809,1.8725812481214597,0.02275484859428886
-0.008777917847175132,0.01679132696054912,-0.005336070271809932,9.190529122169159E-4,0.037135719958542694,0.9729255828860673,1.542560824704876,-0.6387002057599455
-0.009065151794672923,0.016656703687593838,-0.005581493527203567,7.509851437516017E-4,0.045215996710164914,0.9124302686049263,1.6848493087960643,-0.5423147672355003
-0.009289812343052893,0.01662646045851629,-0.0056776949313253845,5.802309485076593E-4,0.0524597922764927,0.8153129008009936,1.757172922185298,-0.4326979274937538
-0.009479006125373599,0.016699907362811,-0.005629626465206184,4.12369145469763E-4,0.0493557151079908,0.6890408778250955,1.7576945436594384,-0.320365520718172
-0.009916660911105863,0.01665213624467834,-0.005734036144465278,5.591134929869124E-5,0.05477352641683666,0.46125737407583406,1.8441598538141057,-0.07943226750970288
-0.009700802182046147,0.016697029427345238,-0.005664337055137692,2.3213475415300423E-4,0.051428087155377555,0.5710460730252577,1.795002998724261,-0.20019893246719866
-0.011230350906713153,0.016041830892607415,-0.0062436412133009085,-0.0012644950339905758,0.08509424956705679,-0.35271763268430933,2.10370812436264,0.8787094617513497
-0.01133668026827938,0.015920222175740344,-0.006347927209225081,-0.0014257803499716389,0.09231125476242823,-0.44056619421683557,2.148695506331516,1.0025945319076015
-0.011515218311112565,0.015873196375704147,-0.006304794709598014,-0.0016174100121971403,0.09189807205936933,-0.5748640353382021,2.1038158074638544,1.1381305991164055
-0.011677491296951725,0.015867912622714715,-0.00620688758512261,-0.001763575810188298,0.08780542812815299,-0.685152010765408,2.029314225776737,1.2348232397089711
-0.011070032949887445,0.016142788385706864,-0.006183813946315177,-0.0010714888884826763,0.07964895774620163,-0.23358180379803967,2.0841104616748205,0.7345884646505915
-0.01089302757178916,0.01632558419078145,-0.006013082821885958,-8.452192859938928E-4,0.07066502709337959,-0.11159552798479219,2.0035307426258977,0.5638052687637679
-0.013447059309529975,0.014153456866572163,-0.005814801767501854,-0.004824591863521187,0.18805873682885535,-2.3004838277858535,0.9790665344898832,3.2305853776436715
-0.01340248816067656,0.014183902930758812,-0.0058695419072168735,-0.004771987497605461,0.1871703979719507,-2.283322268034404,1.0354317635889492,3.2162743259964217
-0.013493216103291357,0.01418351025358847,-0.005727441236114605,-0.004780898304595534,0.18120144657175322,-2.2724112282807996,0.9340791361121956,3.1670629247622397
-0.013387010840824578,0.014237519456380333,-0.005864609867084721,-0.0046859282686092865,0.18118343490907285,-2.245383391053373,1.062164857009119,3.1558629533758693
-0.013111247151552869,0.014462847953693694,-0.0061384513454043966,-0.004276908164335926,0.16994817222607514,-2.074033339114384,1.3882023079024226,2.9704815258624295
-0.013118738097084184,0.01451258228584543,-0.006090264073997689,-0.004206137152055086,0.16328290404353207,-2.038995426504563,1.377016045652791,2.9058034212012327
-0.013167399814771746,0.014429447850987574,-0.006078928328488009,-0.004344459011827975,0.17053525039545112,-2.10401799818597,1.3251080246764724,2.9977646375820104
-0.013278079852687131,0.014321179880305263,-0.0059835674925233515,-0.004537221223995385,0.17733971618860736,-2.188165166371039,1.1954922854346275,3.097928612490296
-0.013318149680990245,0.014294863177846985,-0.0059381287985399165,-0.004585843834670654,0.17836788365637551,-2.20690913856697,1.1476084878046124,3.1148470843888014
-0.013366204719043113,0.014293276824326183,-0.00586516841354889,-0.004596694385604931,0.1754731951496944,-2.2062594585994257,1.0930857027833312,3.095840124302995
-0.013221843036166067,0.014403111803214673,-0.00601547451234357,-0.004399179331936097,0.17066479556357006,-2.1267408550067723,1.2631367266476923,3.014213540519933
-0.013275776983445153,0.014377539924629845,-0.005951148599363968,-0.004450922329523026,0.17060258916257617,-2.1469438879445915,1.2015906270278514,3.0275484600842404
-0.012980175235871534,0.014606540754673256,-0.006215755222526836,-0.004017923116153058,0.1600272125657234,-1.9492829280785386,1.5211526411360372,2.8137792568211926
-0.012969122038345599,0.014671197759614668,-0.006177148536191991,-0.0039223355066786226,0.15270523742875272,-1.9020390740556017,1.5233359468991023,2.7359232514807132
-0.013035979262661984,0.014574248464960134,-0.006162393525468541,-0.004086754951011551,0.16067366537218053,-1.982833953269276,1.463512456959963,2.8456152387894633
-0.013089894850123527,0.01454714653616867,-0.006105976974802412,-0.004145940739003467,0.16074361640007348,-2.0105139033394632,1.4066202108524835,2.869068453008019
-0.012884625836887357,0.014761553450813186,-0.006214256314323203,-0.003760038118892459,0.14693487775773204,-1.8200828351295184,1.5957477443813823,2.633573522108833
-0.012865461533160968,0.014832587154981309,-0.006176051943666885,-0.003656604589618821,0.13972532498082854,-1.7683114276110332,1.5997175839915523,2.551815286601425
-0.012954322914479168,0.014743987826261164,-0.006135729607410176,-0.003816220047511767,0.14528612390383108,-1.849527867577667,1.5262524084035005,2.651161570169123
-0.013675527420087518,0.01394262420352812,-0.005535982997509203,-0.005160430949049608,0.1991225788286444,-2.40114388185699,0.6629905603029848,3.3390664818787577
-0.013712938657873359,0.013919726057823174,-0.005482797253215695,-0.0051931291499715225,0.19918534050483475,-2.4050306404252546,0.6142173030854523,3.3370082218801396
-0.013545245886277382,0.014060944124904166,-0.005701282394881247,-0.004976302762619569,0.19296159074003863,-2.35101279681715,0.8454428674013287,3.2871319081701436
-0.013576704938686708,0.01402827499993096,-0.005664267821451262,-0.005028485570462511,0.19550564542427543,-2.3674265989011083,0.8007315085616282,3.306527129765943
-0.013683453365516018,0.013999700923895568,-0.005504451633197112,-0.005068479016427648,0.1908596078293873,-2.3599433483575756,0.6763125489806711,3.265268179337036
-0.013618928301176055,0.014037628570412148,-0.00559313838065346,-0.005012225559843163,0.1906288243820971,-2.3508979668944026,0.7576686081479732,3.2659870104393427
-0.013641635908416395,0.014012534464819097,-0.005566348575814922,-0.0050510669138043385,0.1927905945148451,-2.362506062467734,0.7251240516414978,3.280158424670585
-0.013548720704840492,0.014115064419709996,-0.0056722900747531975,-0.004890422572176222,0.1859524226041381,-2.3117164196788376,0.8566705150222763,3.2178398953957355
-0.013542078724168438,0.01417694669527083,-0.005654776657761536,-0.004793764127114724,0.1786669241261878,-2.2695234969573,0.8797541262010684,3.1472644862130217
-0.014080922746728152,0.013447199102393961,-0.0049409318362372496,-0.00585027112945604,0.22944756365718952,-2.516210957863397,-0.014069124279021265,3.491743132313392
-0.01374975942476548,0.013898729356363777,-0.005429609441814725,-0.0052218131789193295,0.19904796143867823,-2.4067573862469627,0.5670785634953507,3.331877645069341
-0.01397284671851004,0.013630282808919848,-0.0051154342256385914,-0.005598769246573571,0.2151556285367095,-2.4776737537889213,0.20611975458885262,3.424012615787654
-0.013936690492561885,0.013652523907119452,-0.005172265912600341,-0.0055751325957192135,0.21600593565156534,-2.483091386992518,0.25357551568145836,3.4375304365588306
-0.013910767220670393,0.013690286958947247,-0.005210400411460875,-0.0055220697572851175,0.2130870242019877,-2.4731378555394445,0.3006304159000699,3.4224022445422193
-0.013882569375248427,0.013723408979644924,-0.005251807786688643,-0.0054765402184686965,0.21101564327120068,-2.466062006056181,0.346733849175993,3.413420832539735
-0.013789032384587124,0.013877345653343911,-0.0053722804708209665,-0.005249686682557143,0.19860923485861035,-2.4067815868220244,0.5176237507647249,3.3239041345680698
-0.013815892342099729,0.013795119140352502,-0.005347541921767582,-0.005376804156295399,0.20728243082485667,-2.449649668705972,0.4508726472368329,3.3947541822006104
-0.01385157192192628,0.013758946979609677,-0.005296448490322579,-0.005427103651312632,0.2092978641837047,-2.457649466009261,0.39657069461633926,3.403003028831313
-0.013826470760380839,0.01385284030966625,-0.0053182660288002975,-0.005281778404677701,0.19877638042154097,-2.40844939359491,0.4688672758049388,3.3198121655645827
-0.014088885196340504,0.013505683929350285,-0.004930825690293696,-0.005752274589931222,0.22072736264014398,-2.481452655200276,0.021355127144916105,3.4249950987895765
-0.014032476138676128,0.013572717194575304,-0.005021798677505309,-0.005668939934503948,0.21736948796199407,-2.478063948112824,0.1154730418965721,3.4203965471295006
-0.014068391302475728,0.01355093485609406,-0.00496444997414205,-0.005688958984095582,0.21644444551222303,-2.4696314043848564,0.06996826796133697,3.403181425026537
-0.014018968899217422,0.013635527097919278,-0.005041142985065985,-0.00557369334761774,0.21032702959546717,-2.4507132576876764,0.1679364698902559,3.370587626677291
-0.0141629791696903,0.013354142382424234,-0.004799285370026441,-0.0059579473655718175,0.23315273405774042,-2.5088462076012683,-0.15222964632935646,3.4814961953929555
-0.014117505548168784,0.013410153919150365,-0.004878894712352204,-0.005892032144084357,0.23031808921482777,-2.5118212503757724,-0.0722637249712942,3.4841343625637715
-0.014164885345194906,0.013395472605311258,-0.004801371100613961,-0.005890792171249806,0.2271344592369002,-2.4885946571213835,-0.12127009987882024,3.4412219244947093
-0.014201785815555928,0.013332678341287244,-0.00473412631952886,-0.00597028663201504,0.23156778933337066,-2.492437038031301,-0.19896782477586708,3.4526937013324477
-0.014237566048727395,0.013305025559208497,-0.004672787791727664,-0.005993042617870259,0.231093813142024,-2.4798164630471997,-0.2476119150727136,3.4320839039418245
-0.014270510360391689,0.013265274554030388,-0.00461318433144079,-0.006035322400490227,0.2324650249912157,-2.472952014723606,-0.3035543581672075,3.4237783924204654
-0.014383117488984102,0.013059283054492141,-0.0043798732202223745,-0.006277435472217083,0.2452245734400502,-2.459233858741722,-0.5566141296151442,3.4317854578364795
-0.014406902725493394,0.013036610090247152,-0.004335150111311253,-0.0062938647440732385,0.24521305221533668,-2.446821491394375,-0.5910040307887661,3.414371706692889
-0.01431573537258879,0.013239192165252031,-0.004536880014505448,-0.0060469801667640925,0.23045108194062067,-2.4508056691110167,-0.35585277413667277,3.3871364973491
-0.014349421761670691,0.013201440208173673,-0.004475484269352187,-0.006082813886616516,0.2312776268537717,-2.4399206390453165,-0.4095002302281778,3.3729136416105274
-0.014387686914794338,0.013101434550565191,-0.004387146047763051,-0.00620917539445648,0.23950419218433436,-2.4434661738733383,-0.5206715405582094,3.3957483207609336
-0.014382226417978419,0.013155104711499931,-0.004412247627620391,-0.006131012553644176,0.23319035876576397,-2.431111252168494,-0.46965822337795465,3.3644471349365324
-0.014413678080632637,0.012996844994176754,-0.004309615689126204,-0.006349414793171013,0.2494469243847091,-2.4519075293432953,-0.63221447407523,3.4317785099135163
-0.014437570303226122,0.013032321468950591,-0.004286840115374325,-0.006276286863287905,0.24160693696706934,-2.4237797896379116,-0.6115825382280461,3.3745653736774543
-0.014498341584047475,0.012860551661570274,-0.004121367407598399,-0.006483651663572873,0.2548294868785322,-2.41093172683599,-0.806344015278002,3.3928436856259907
-0.014437663864879186,0.012946769714759016,-0.004252417957740461,-0.006406195030033911,0.25240773376428155,-2.4444368404239563,-0.6928012436626337,3.4299070640275384
-0.014463773397325972,0.012912247374662754,-0.004197588452974973,-0.006436379886966231,0.2531500581876511,-2.430286959306498,-0.7392105458703057,3.4133419868783403
-0.014501997432422342,0.012903373146908521,-0.004136163290015091,-0.006416521771153706,0.24900865186383334,-2.400404985680081,-0.7659082252863647,3.3633452520877647
-0.014940037593622862,0.011701649488000294,-0.0025692709295879255,-0.007461210282769623,0.2940969110206093,-1.7872537698526365,-2.0859896656898944,2.8371087018818724
-0.014884371539712582,0.011771981420621067,-0.0027092467584844478,-0.0074696894558084,0.3003775811925972,-1.8737673253546185,-2.0306113912452957,2.948872116907089
-0.014879211071626023,0.011831087719123461,-0.0027805532409470517,-0.007411247792878645,0.29691596714583485,-1.9083680911200565,-1.967481507423401,2.971499470203538
-0.014891995380828246,0.011806061302913114,-0.002738744578004762,-0.007420410972440906,0.29639442961177404,-1.8846783901814708,-1.9909243838105009,2.9447002199823875
-0.014916750946101754,0.01175549457672666,-0.00265523176390894,-0.0074389957488690565,0.2950208141282972,-1.8368493004939508,-2.037237679326506,2.89096798192495
-0.01494491008993388,0.011737537468326134,-0.0026048374252478222,-0.007415888117904625,0.2906531628941629,-1.803063986596431,-2.046261793443954,2.8402074043746555
-0.014840823872747828,0.011908327655269214,-0.002907855215593378,-0.007378212451258339,0.2984125695456851,-1.978617655928639,-1.8921844259299063,3.049752071116278
-0.014844146665833141,0.01194577781590343,-0.002943111325638386,-0.007329228546250707,0.2945606294191952,-1.9916356941385234,-1.8497331574888285,3.0493644152350368
-0.014871381053610591,0.011889773563069523,-0.0028526217616567495,-0.0073556804927504575,0.2937958447594334,-1.9430278490213706,-1.9052404177174382,2.995962400311441
-0.014822676140158631,0.012038994032762963,-0.0030629455690028046,-0.007246929369814794,0.29032865214661235,-2.046939546841576,-1.7497751976511486,3.0932303400937684
-0.014838179513643626,0.012082512671018139,-0.003086073934230218,-0.007172643390264344,0.28340397508374154,-2.0479878106111897,-1.6994281320273983,3.0697286607251546
-0.014871679159781895,0.011974033640215034,-0.002939443275577936,-0.007257054336578319,0.286484160504902,-1.978522473574765,-1.8127289100569721,3.00729649930293
-0.014853939570268725,0.012011305422087882,-0.002997789736214566,-0.007237413217002139,0.28670097367205766,-2.008738804266177,-1.7753066273239064,3.039949081171601
-0.014898912672595131,0.011865833893436232,-0.002795753587771235,-0.007343155835967908,0.29028461598282584,-1.9076809392393526,-1.9239352835865007,2.946200022815878
-0.014736465819600902,0.012300179092842173,-0.0034106688497480076,-0.007025813123919004,0.2807897221758508,-2.196442482148704,-1.4629933172507046,3.222815100806127
-0.014750803226171564,0.012334275130639357,-0.0034197494491111707,-0.0069631262887348945,0.2747807994069351,-2.189386117550142,-1.4262031640093695,3.1943764501434613
-0.014819463752016523,0.012158534157197797,-0.0031799821625542253,-0.007103296611253856,0.2799434176751671,-2.08789711770735,-1.6179737032598491,3.1000806999469543
-0.014851294225337883,0.012124462138359125,-0.0031093190612133895,-0.007103821798238623,0.27720023935463584,-2.049311585776326,-1.652351398408067,3.0491396444460226
-0.014863742801367572,0.012161193090215277,-0.00312752921172287,-0.007042564811828715,0.271830644998713,-2.048977709933133,-1.611795870948282,3.029465153741843
-0.014770375695127309,0.012275896116216227,-0.003345678652167969,-0.007015784377729023,0.27720866895415014,-2.1606978319873718,-1.4907897364369795,3.1709519114408953
-0.014804099488362511,0.012210343459618939,-0.003245740811083388,-0.007057732765828594,0.277729671768058,-2.1153929574602635,-1.5621528042624322,3.1224904375613107
-0.014795711335207731,0.012255232444751393,-0.00329537267111001,-0.0070109553360377915,0.27479702025420816,-2.1332940758894896,-1.513548342307573,3.1323898203791813
-0.014614510455711664,0.012571377135069825,-0.0037836461094430396,-0.006792533900793186,0.27178569004557535,-2.333511958623291,-1.1474421740837781,3.349805278786616
-0.014635119959967158,0.012601342970846637,-0.003774142987893294,-0.006727911897180504,0.2649546529568615,-2.3149738982666594,-1.1204620431924477,3.306204087854475
-0.014745221762385125,0.01236938452542361,-0.003455257921220305,-0.00692322663207935,0.2720603226273825,-2.1999223031476096,-1.3876724732053047,3.1971690466057114
-0.014676662735123643,0.012468696045412713,-0.0036240486862408323,-0.006868135794605104,0.27292035242453755,-2.2731572802438085,-1.2713913373004424,3.2837064503542304
-0.014632562432809075,0.012526891662410982,-0.0037275012226263135,-0.006836093093329782,0.2738901168994116,-2.3163336185036063,-1.1997313098487776,3.336499298230933
-0.014660322730819887,0.012497585963206331,-0.003667721517008286,-0.006846412475137267,0.27251609747558914,-2.289868788732043,-1.2371485449270587,3.3014447300696257
-0.01471857607707018,0.012446268700748067,-0.0035500528983904325,-0.006851037026663834,0.26845214073365375,-2.2332398427848457,-1.301887394492458,3.222866432631025
-0.014756698639593216,0.012415990610191002,-0.0034760869532983294,-0.006847746703839463,0.2653624113387036,-2.1958163448149235,-1.3386857539432289,3.1700221147513905
-0.014530716238869514,0.012832895331214986,-0.004059550366615362,-0.006495415490444218,0.25319110500444014,-2.388005774214466,-0.8476059475665253,3.360268501632565
-0.014552740539660217,0.01279828083385844,-0.0040092347503036955,-0.00652597773880406,0.2544874659604093,-2.3739963278307528,-0.8908777753425932,3.345595883778919
-0.014591002017984637,0.012777599957937539,-0.003942514445176087,-0.006519954684699842,0.2512964203791351,-2.3437485994689524,-0.9258595378644741,3.299157504982528
-0.014626050233775487,0.012636342816597349,-0.003809466378958018,-0.006687705595271839,0.26229629863175347,-2.3225498067638903,-1.08131318494331,3.3070834760460346
-0.01462268234837987,0.012685070814938665,-0.003844245540464843,-0.006621738662077656,0.25729578780972306,-2.323631775714002,-1.0298558104166509,3.2927226060952606
-0.014611285377125242,0.012730679883153321,-0.0038872301014689025,-0.006567870110970936,0.25379123487685423,-2.3305709189704604,-0.979882623154075,3.290411517248002
-0.01498622105040652,0.011471615128966071,-0.002247575083924348,-0.0076172699567734975,0.29882500300457376,-1.6027557341527137,-2.301870799941442,2.6702002507655176
-0.014971620600304575,0.011493209332029138,-0.0022882812467515602,-0.007620577527235995,0.3008175633515751,-1.6293702779427475,-2.2879362467788877,2.7037005202030966
-0.015033118140654495,0.01135501714838479,-0.002057615428830328,-0.007644982403799935,0.2948390784446025,-1.4812694491619407,-2.3885553490701885,2.535603025193993
-0.014999596256916452,0.01144710597166406,-0.002204467965646616,-0.007618218493830848,0.2974119762447827,-1.5748704457534635,-2.318894584488009,2.6369397759375626
-0.015024559545515659,0.011387343809917733,-0.0021064414649406664,-0.007631013142030368,0.2950553811563333,-1.5120816568544813,-2.362801897922146,2.5667565108466435
-0.01501316576329746,0.011419147002193658,-0.0021569250996173457,-0.007621449798921892,0.29578933986880046,-1.5442221302416088,-2.3386541876204032,2.6014113237105683
-0.01496477397808528,0.011545201486347526,-0.002358987767387661,-0.007581438796475657,0.29928678353728555,-1.6702273588891725,-2.238288426760988,2.7382340255150175
-0.014962306619701517,0.011574176402224523,-0.002396586130227379,-0.00755684198435068,0.29785026556519206,-1.6912574837774093,-2.209642020179198,2.7545017243144736
-0.014976967439819865,0.011606582481951948,-0.002420743078174891,-0.0075015993366184626,0.29291692927466456,-1.699936468207077,-2.169401770954296,2.744208592431185
-0.014979078720927786,0.011523189625608258,-0.0023181976024767036,-0.007579892208086268,0.2974134253284308,-1.6440093154759583,-2.2535574337755797,2.7056729957167063
-0.014971723660158106,0.011677317339242902,-0.0025084539498073793,-0.007438141023505817,0.2894969433223404,-1.746748325860835,-2.098751544981709,2.7782466592688473
-0.014992746250939923,0.01164017962033256,-0.002444313443167022,-0.007443580203468302,0.28755446734092277,-1.7075395088337044,-2.1279823942115192,2.731841187346355
-0.0150295851706432,0.011284622923461936,-0.00196887095798453,-0.0077102736450866335,0.2986846747271723,-1.4283690609976432,-2.457374776546088,2.499140480819518
-0.015041640190368081,0.01131872000914725,-0.002003472414957928,-0.007661626369401277,0.2947008138594614,-1.4469241653220146,-2.4174940055238756,2.5015257149243317
-0.015073081651950858,0.011163196949900141,-0.0017723716946228664,-0.0077317264196358855,0.2940352369917258,-1.297058967705279,-2.5370880701537484,2.3546063889092697
-0.015046639511970711,0.011255613460824761,-0.0019165919125054105,-0.007705097330877008,0.29618486550360895,-1.3927050698994508,-2.4728240624055373,2.4551674568382382
-0.015055913347662783,0.011225446230331821,-0.001869104089735628,-0.007713369047854693,0.29547909128375666,-1.3613730010093936,-2.49391170650029,2.4218537590954816
-0.015081093302925707,0.011216277149609308,-0.0018373033528161526,-0.007677754601700612,0.29055364740624534,-1.3366358142868107,-2.4845670998041918,2.378796610653497
-0.015094006726473505,0.011190969640979634,-0.0017938866491883888,-0.007675139829749469,0.28879140663505615,-1.30687499989462,-2.497742091530633,2.3432502397116113
-0.015085757552089808,0.0111340535114672,-0.0017235800922081829,-0.007731390877838814,0.2921709968560275,-1.2635318834566858,-2.5529864437332837,2.315793948406838
-0.015089127505076533,0.011107056139579925,-0.001684393759897001,-0.007744984502768425,0.2925277854378846,-1.237601722872976,-2.5734632804842277,2.2915239420072653
-0.015105719959518114,0.011085313112677912,-0.001643050919139766,-0.0077315085827677965,0.28961808104205305,-1.2078413146376183,-2.579053123019341,2.2520246862726303
-0.015115499079713116,0.011054726326068708,-0.0015944997626314232,-0.007735448654174532,0.28848834051120026,-1.174434577131137,-2.596621284492888,2.215547988456446
-0.015109540792839736,0.010994548215215807,-0.0015150783372075301,-0.007785473196140232,0.2910203511605691,-1.122566481344352,-2.649745258101381,2.1770227923611665
-0.015123859355567744,0.011026581673136986,-0.001550252814941874,-0.007739595979059028,0.28739439290382196,-1.143935718314941,-2.6127062019472707,2.1826212208556592
-0.015136747062670803,0.010964725193843295,-0.0014563485275847037,-0.007756362475417659,0.28604390224548176,-1.0792112914040324,-2.650644769892969,2.116354404811243
-0.015116975341481485,0.010187759858621645,-2.9692699040426845E-4,-0.008089031479201094,0.2898768896807154,-0.2309874499817752,-3.1209898643926013,1.3493386018759599
-0.01512269414626586,0.010167872452498046,-2.6492227036097336E-4,-0.008080347521293468,0.28836423246592163,-0.2059540047347568,-3.1211305181060784,1.3198866459030638
-0.015121252151023922,0.010152121949022286,-2.402755559064359E-4,-0.008084839898839156,0.28836328799675615,-0.18685205561116314,-3.128085335315292,1.3024048505876895
-0.01512904752140589,0.010137816801969537,-2.1701292879182724E-4,-0.008071135876292997,0.2864887443036564,-0.16849486656050028,-3.123439291731458,1.277616507517366
-0.015136496227716721,0.010116858968356384,-1.8350279971346675E-4,-0.008058513165695086,0.2845645030645427,-0.14214135300936934,-3.1210980658947522,1.2452944241243602
-0.015144475195254959,0.010090807739305449,-1.4219951502323201E-4,-0.008044902077302941,0.2823896361780976,-0.10965040074398169,-3.119240168992512,1.2064333174923434
-0.015133610316442753,0.009930737992957812,1.0860605569928778E-4,-0.00806660670340048,0.28071015510287173,0.08741583681724018,-3.168786084850717,1.0188219934584755
-0.015127769100255917,0.009987377180522429,1.970388839993491E-5,-0.008079692481655423,0.28329638893375064,0.017094974982343976,-3.1649649506795434,1.0944976829529518
-0.015133638750666579,0.00997117316983998,4.509264036858378E-5,-0.008068028241466909,0.2816831025796375,0.03723646215616296,-3.161163562552664,1.0692663564638665
-0.015135271062505617,0.00995120901749212,7.639381249232152E-5,-0.008064278592233633,0.28086652653652117,0.06197148475233372,-3.1630679367114145,1.043028796626711
-0.015132098457296489,0.010004503576722043,-7.275869432888803E-6,-0.008071391645538979,0.28285785033414174,-0.00411922075947429,-3.1559167587444588,1.111989860519426
-0.015136695868016862,0.010060543092700137,-9.51974411247529E-5,-0.008061400847045793,0.2833085098267671,-0.07305824118140204,-3.136742069999379,1.1767605936572278
-0.015133005244791019,0.010029604427677068,-4.672924750146754E-5,-0.008069414170195063,0.28333260615491823,-0.03513471599333574,-3.1489708131137957,1.1421741653050133
-0.015133618841030176,0.010206780740195827,-3.245602377061016E-4,-0.008054347615495235,0.2869425460390715,-0.25179455975329795,-3.094705157522724,1.3552592123366265
-0.015014053242975318,0.009004912964058745,0.0015776519424157843,-0.007951283915402773,0.2741947028134937,1.274401737974685,-3.174902367785741,-0.13828618806045292
-0.015000303282510754,0.008956926436307765,0.0016565557990185988,-0.007942855714798766,0.2752630715357768,1.3389650082782574,-3.1676105294840244,-0.19828791194981082
-0.015006380709804137,0.008969949418245584,0.0016334801657679322,-0.007940987820784229,0.2745939819348826,1.319797243178942,-3.1667859094277806,-0.18238619727923422
-0.015011451831562042,0.008986972320372186,0.0016053814326109264,-0.007943644864120336,0.274176198880057,1.2967971766901185,-3.169157356297179,-0.16116019766379683
-0.0150323869524221,0.00901166228773659,0.0015553908283852899,-0.007922031959261437,0.2714607091061619,1.2543118587054414,-3.1549780713721707,-0.13312317355443004
-0.015048811741353457,0.009228520279954454,0.0012256987369926105,-0.008023293852878336,0.27466432060136425,0.9885458079465559,-3.223388477962536,0.14724468819922945
-0.015053361920430768,0.009213994268746943,0.0012450480270812941,-0.0080067958229513,0.2734571503651768,1.0037295685540484,-3.2125417728838426,0.12634487125848246
-0.015045463269010781,0.009183470770196602,0.0012951136471681726,-0.008004719156363133,0.27387097521104115,1.044717731514371,-3.2118945871888007,0.08855167422790512
-0.015056270858577695,0.00919854149547264,0.001266547774690614,-0.007992792683762453,0.2725013047933228,1.020758595510804,-3.203410103666382,0.10494841955729454
-0.015048993639200797,0.009084439320613072,0.0014391250004725882,-0.007938852419579133,0.2706285712466934,1.159774966227486,-3.167580500204717,-0.04250202426819732
-0.01504036071052062,0.009031849910975505,0.0015209518448786857,-0.007920872530024436,0.2706351343409516,1.225901361496948,-3.1546415780853883,-0.10862357911600326
-0.01505086838089422,0.009057188565495596,0.0014774787511568303,-0.007918045410301179,0.26944869367166885,1.1900998779760439,-3.153148139267804,-0.0781680185728451
-0.015061466411288986,0.009170643189920806,0.0013050639061573338,-0.007967311389964798,0.2708591512048199,1.0511385272368234,-3.186563854718629,0.0666412061197737
-0.015054989418358911,0.009111065717229399,0.0013965401809590773,-0.007944205871000072,0.27032736243273026,1.1250553791840288,-3.171304876854492,-0.009344584195042768
-0.015062191117387757,0.009153637577996237,0.0013297452541176005,-0.007956147875618465,0.2702321602301771,1.0708765602726678,-3.17918487259459,0.04415666928197521
-0.015060096938684915,0.009132351424297757,0.001362270418885524,-0.007947527468417079,0.26996647070463836,1.0971230327686656,-3.1734993495245813,0.016992950030084854
-0.015075322843591752,0.00939960025342184,9.525613852234212E-4,-0.008054615014817674,0.27535992434660145,0.7661883018908141,-3.235355668464543,0.36412793352054557
-0.015069513393988666,0.00938350297559612,9.797702378210934E-4,-0.008058921926957896,0.27594897591454165,0.788520761075006,-3.239448001433801,0.3454043103881537
-0.015071820489778327,0.009366654731604172,0.0010045955198820487,-0.00804713021868793,0.27488806830522067,0.8084112364453978,-3.2326507081584865,0.3218968384057041
-0.015074653299138548,0.009345558644930948,0.0010355353231005903,-0.008032235074152183,0.27382105659147576,0.8331945242864142,-3.2238955026768656,0.29257379103632
-0.015054114841361405,0.00924449719716653,0.0011988046472449466,-0.008021728342911373,0.2742433098235791,0.9664113462431434,-3.2217703045117143,0.16657428814606187
-0.015059412415058327,0.00927822408748192,0.001145118513750522,-0.008029018020559274,0.2743658211751953,0.9227031487101921,-3.2253649593638687,0.2094293844965053
-0.015065220519852299,0.009261164489947585,0.0011679196325394589,-0.008009318926082294,0.27278003763852116,0.9406166416488334,-3.212689327637423,0.1845867701600812
-0.015064290949096962,0.009311527404415513,0.0010921805359457631,-0.008036095201932757,0.2745334528899243,0.8796296640352658,-3.228508716732667,0.2517651931398202
-0.015077371815435264,0.009325377932883823,0.0010649456503198965,-0.00801772848970525,0.2726648646915336,0.8566968202186495,-3.2152879502853993,0.2647256159997346
-0.015069928083787806,0.009292812339597972,0.001117813571424085,-0.008016267984710147,0.2728879967144269,0.8998630423454743,-3.216016704095897,0.22467571900410369
-0.015133146512181906,0.009891845972825756,1.6968929321773185E-4,-0.008065012903940448,0.2797436312512933,0.1358709744625475,-3.17559711430145,0.9702645756865248
-0.015134056134466722,0.009870409161564208,2.0322936008592012E-4,-0.008061437177439788,0.2789953100158344,0.1625017755276259,-3.177467384238582,0.9424997561416415
-0.015131254092368892,0.009846570117091146,2.4088050232309267E-4,-0.008064477282639636,0.27881641184502953,0.1924357035225008,-3.1838889669942225,0.9144755706994682
-0.015123894373091232,0.009823608533354148,2.7778651031993353E-4,-0.008076072377615172,0.27967992651727247,0.22186745062678484,-3.1955298156070984,0.8908138975946592
-0.015135952359023397,0.009806649296213795,3.0277881646748137E-4,-0.008050508547181104,0.2768240725944962,0.24177635094617553,-3.182039502910555,0.8601530936809356
-0.015150267842907138,0.009903535754565197,1.501594891354158E-4,-0.00803279412381202,0.27680037149685854,0.12039028834270533,-3.152802846462416,0.9714237983776289
-0.01515113050436618,0.009919646071489782,1.2500095697999956E-4,-0.008032157767139508,0.2768925331202408,0.10050021121414092,-3.14922445665258,0.990798564095863
-0.015087229839876209,0.009480210262607616,8.235926007200178E-4,-0.00806327510817998,0.2758685986050872,0.6614014335994437,-3.234259510376201,0.46529266753167065
-0.015084320275312294,0.009517822071747666,7.662399282231968E-4,-0.008082102309904802,0.2775904651079529,0.615258636243131,-3.243088734198706,0.5168122935114116
-0.015087332168963775,0.009498142132645628,7.957765372550968E-4,-0.008069488084735635,0.2763328957587737,0.6389576389563237,-3.2366699608377876,0.4890226863947143
-0.015132479632501849,0.009783513051276338,3.394179390875963E-4,-0.008053896811230034,0.2769631446312241,0.27103277876446347,-3.188177348301087,0.8331548761413928
-0.01510669190300617,0.009736647807724149,4.172965446432927E-4,-0.008096026555526615,0.28029467378158873,0.33367150403816526,-3.2232469924280935,0.7910710027186871
-0.015125979278367067,0.009755268381180092,3.846260483350885E-4,-0.00806190486007845,0.27732767344745146,0.307216186510279,-3.1980131981608446,0.8015622046314188
-0.015105472446826668,0.009715681692749712,4.5054419137322596E-4,-0.008094355233357978,0.27994565601323473,0.3603312589397087,-3.2254432368338297,0.7646064435608607
-0.015101002637266667,0.009680179668842319,5.073503040473313E-4,-0.00809549828008769,0.2796909642107442,0.4060448501560412,-3.2315435406487416,0.7212042632012011
-0.015110880964941873,0.009695413716050255,4.8125980266845627E-4,-0.008079643549427577,0.27824186023188957,0.38486818351728,-3.218884186578829,0.7345012483972038
-0.015090965426366707,0.00954917047322322,7.152301950420515E-4,-0.008079500225530493,0.27739307070090224,0.5738268460550041,-3.237907746307016,0.5546239664103386
-0.01509543810399921,0.009531940926662777,7.405842477252091E-4,-0.00806530668701407,0.27593083829482923,0.5940618387517581,-3.2303599892087567,0.5293172205215925
-0.015093457432928635,0.009611448197311275,6.171466831559226E-4,-0.008093033215354248,0.27881676109185527,0.49464843313570467,-3.2393749410559596,0.6355519179772146
-0.015091741148214403,0.009595326941043151,6.428889752996339E-4,-0.008091871279982652,0.27877300090781465,0.515430968859783,-3.240643561223428,0.6153102935413869
-0.015098090805755152,0.009579672048823352,6.65505536276923E-4,-0.00807501884434411,0.27706343137475625,0.5334888609407066,-3.2313626118551615,0.5907376184450358
-0.015102034922319258,0.009561954849002186,6.918919125628773E-4,-0.008062071183248969,0.2757990968790675,0.5545822390868792,-3.2248552050227284,0.5650973516678313
-0.015098038921738735,0.009645327293312597,5.628120591712685E-4,-0.008092984516188709,0.2791776758357894,0.4507465691411104,-3.234819769334345,0.6773213974278259
-0.015108297234106543,0.00966303051605134,5.325626800214012E-4,-0.008077367885812094,0.27766387295159256,0.42616105962328793,-3.2220857843834154,0.6939218967240609
-0.015108754223182511,0.009624314573036629,5.929331579160793E-4,-0.008066814480847067,0.2765328132662325,0.47473396680720775,-3.220324432904589,0.642872841811632
-0.015106485141812766,0.00946844453894339,8.346582876647312E-4,-0.00802198018911905,0.272043016519347,0.6693160833429922,-3.207653345357253,0.439785507921678
-0.015099396729980978,0.009420387611215879,9.108501885202715E-4,-0.008017039215128014,0.27181407382000694,0.7311257669992338,-3.2083924935529793,0.38012165697323796
-0.01509679739541883,0.009402913886539164,9.385485177131095E-4,-0.00801488493414536,0.2717631114526832,0.7535950356237895,-3.2082834001141936,0.35836603722701005
-0.015120243221031752,0.009426832829525814,8.927769719979918E-4,-0.007979923827093838,0.26841609123345983,0.7153934816824319,-3.1830273710897585,0.3787105249214045
-0.01511743431362289,0.009441599137993247,8.714844134561558E-4,-0.007990994985227432,0.269365957756306,0.6984322611852233,-3.189252048972435,0.3992518126713399
-0.015124162779294223,0.009454939827501565,8.486851325222295E-4,-0.0079832637916898,0.26862781268343344,0.6797344583398641,-3.182990821727095,0.4133423434582733
-0.015167818913812171,0.010476010206149723,-7.303377367394343E-4,-0.00792835332074142,0.28317003326768403,-0.558174500874337,-2.9382065796180385,1.6198322247666381
-0.015157486086747267,0.010564895337766078,-8.671620649980976E-4,-0.007917178222911247,0.28545660876559803,-0.6601995512992116,-2.9006972586260686,1.7237142141227253
-0.015163930625670825,0.010534396430632207,-8.192462336561582E-4,-0.007916230009669845,0.28407985336677083,-0.6244457947190075,-2.9111351608873566,1.6850751697448578
-0.015168060642205312,0.010503663891644071,-7.71799162422033E-4,-0.007919015360849125,0.2832555290472604,-0.5890267353581723,-2.9234641156857553,1.6485599716135175
-0.015163529112873476,0.010629583453393307,-9.608354875303081E-4,-0.0078807234420402,0.28430361243456836,-0.7281428034151604,-2.8567660760589804,1.7812938709687678
-0.0151741245160033,0.01059749199266482,-9.092470593057567E-4,-0.007874059811282051,0.2821351088656003,-0.689693769880894,-2.8652002194689774,1.7371049071270284
-0.015154849593778403,0.010712011391900797,-0.0010856249413542152,-0.00786058655922735,0.2856820775340421,-0.8189433614323754,-2.813737165041312,1.8712929207155404
-0.01516548990276568,0.010680719550669798,-0.001035103720615609,-0.007855344654150572,0.28355449693815954,-0.7817177783918451,-2.823465785431307,1.8286220771312247
-0.015185012941857185,0.01065328609051832,-9.866533810886037E-4,-0.007831601376262603,0.27984425620008274,-0.7450768491457042,-2.821434551771922,1.7790600208094929
-0.015132366122456657,0.010298389356822445,-4.6760149949013014E-4,-0.00804117713366703,0.2885766677592159,-0.361902262874318,-3.0602834675738007,1.46301061353635
-0.015155265067890712,0.01028085747444147,-4.360264463701613E-4,-0.008000837213333873,0.2836662065391056,-0.3366605048326272,-3.0416058359751763,1.4192526572493236
-0.015143884181873886,0.010329822176073863,-5.138608355599204E-4,-0.008012538261977592,0.28653923859068026,-0.3966938801386336,-3.033823547314164,1.4866098252089783
-0.015161499080934716,0.010356426544291558,-5.506900069379774E-4,-0.007973041728128667,0.28339503559871865,-0.42372457370678074,-3.0025422454734283,1.4976425024797584
-0.015164507520047821,0.010445197654125594,-6.848610293410932E-4,-0.007943885450717758,0.2837193433944724,-0.5245086988721707,-2.9573193193270266,1.590859525328465
-0.01517110775660021,0.010413746667730176,-6.354212077870929E-4,-0.007940400704018372,0.28195752125918294,-0.48706793292018924,-2.965608458463779,1.5499530035161966
-0.015170113833471202,0.010383771573939599,-5.902417144017677E-4,-0.007950129879690758,0.2819914017736873,-0.45315193497769624,-2.9807286601394565,1.5185394344633094
-0.01515037705981182,0.010254216365797486,-3.957488792397014E-4,-0.008014894028155603,0.28426890317983555,-0.30598841221925127,-3.0576383486316807,1.3936655443213797
-0.015158713026634562,0.010227114525890252,-3.5251937605648324E-4,-0.008003312951973672,0.28215228943307297,-0.27245030077777493,-3.0583270218336307,1.354100988743599
-0.015123097838935362,0.01090872770937363,-0.0013858279978264108,-0.007814287327773015,0.29005455807531394,-1.0329750036483414,-2.7047993419889873,2.088268008652523
-0.015140828623132022,0.01093344281889018,-0.0014101647200040163,-0.0077681597522075456,0.2858592919678319,-1.0473361793050049,-2.6710004813738695,2.0854125463857125
-0.015134250784812312,0.010880126717984337,-0.0013387421189526682,-0.00781094242159511,0.28795177654794973,-0.9991908777115892,-2.716362904946468,2.0492077616789612
-0.015136329572301955,0.010853464571643321,-0.0012995306735722246,-0.007822184871550354,0.2881441092775507,-0.9718291011063711,-2.7339200851277154,2.0234467323837575
-0.015152546756095809,0.010831343001541044,-0.0012591048573526067,-0.007805151832326219,0.28500044682614606,-0.9417337901922703,-2.7352393907582435,1.9830940658352845
-0.015162090151360733,0.010799518305161376,-0.0012086054458197045,-0.007804734437981478,0.28341709563851364,-0.9053699681002535,-2.7487269266886685,1.9427992562765894
-0.015174740398176848,0.010736648124787068,-0.0011120542705208348,-0.007812991734985517,0.2814922709348564,-0.8358188323170511,-2.7790496282028334,1.8699863642940424
-0.01517448050425713,0.010767829227334404,-0.001156994096142747,-0.007798414294812628,0.28117966314165593,-0.8676555816413802,-2.7588148055365544,1.898787510359714
-0.014986617932578435,0.008896329365722239,0.0017532305541833565,-0.007923010292772346,0.27608559842143426,1.4175024754099859,-3.1511785111234687,-0.274834122993711
-0.014989912242019971,0.008881090178011425,0.0017722594820660503,-0.007905327295585548,0.2752047803464936,1.4319743655851236,-3.138137598848388,-0.29481548162884347
-0.014993396606503975,0.008912470771188626,0.00172517846084402,-0.007922817014047803,0.27529361030951355,1.3943014890476637,-3.1518752038311675,-0.25487011795220355
-0.015003540457185202,0.008942598527977888,0.0016747310889677605,-0.007926509205177025,0.2743634641501785,1.3529082252781583,-3.1557812302935706,-0.21738852747387868
-0.015005473452969837,0.008926464784351523,0.0016962993105642831,-0.007911138146595017,0.2736580783340294,1.3696906809847045,-3.144525458259387,-0.2384626887193826
-0.014980840751162834,0.00884960826025289,0.001823597148027028,-0.007897234334039558,0.27600171203183516,1.4737620190269938,-3.130585523916403,-0.3341910404828918
-0.014992070299693612,0.008864354069963692,0.0017941150988318398,-0.007888455428272136,0.27442147056172433,1.4487979127177615,-3.125531551094078,-0.31640313869253384
-0.01498609051676033,0.00882889749792596,0.0018483052502049398,-0.007871261155784492,0.2747042100309085,1.4922339057138527,-3.111252537475368,-0.36094487231937866
-0.014984804710956994,0.008802164983313059,0.0018863173285597124,-0.007851960836118948,0.2743981338045711,1.5220494892468037,-3.0959913974466167,-0.3944822228708444
-0.014942170922724289,0.0087497411424258,0.001994272397832732,-0.007884373172991512,0.28022609868121356,1.6140277733743635,-3.1136780068692995,-0.4590765894545667
-0.01494579334591872,0.008729310973804095,0.0020191074963708034,-0.007860170223688052,0.2792718791583036,1.632489877700886,-3.0950412046129987,-0.48478196502628174
-0.014945282695977976,0.008711137424052415,0.00204425456766163,-0.007845134444000713,0.279009267658839,1.6519614933112658,-3.0828436099631875,-0.507444808961418
-0.014942831676283902,0.00869395273759962,0.002069647763716581,-0.00783422665106086,0.2791349761013175,1.6719692961334245,-3.0735032379513565,-0.528790286723538
-0.014939394995215002,0.008677094902495908,0.002095388765760937,-0.007825159847460995,0.2793978083977103,1.6924262842495812,-3.0653781775845363,-0.5497067595108346
-0.014923084327472209,0.008620034810817362,0.0021863123284812107,-0.007801190845408416,0.2811660710812083,1.765300862789745,-3.0419023701940087,-0.6204068461461792
-0.014935301416087279,0.008658964397838939,0.0021233481956210065,-0.007815891282998725,0.27974464654477954,1.7146663325341456,-3.0568859859890822,-0.572149226283334
-0.014929299339950193,0.008639558822477605,0.0021546821001896736,-0.007808553631968818,0.28039005964056357,1.7398538984639955,-3.049465893896596,-0.5961997533364539
-0.01493734197592411,0.008607045231895061,0.0021899692423552122,-0.007764221441953585,0.2786602331393273,1.7645510749746447,-3.015038398758643,-0.6348212491280162
-0.014937323669419092,0.00858862015552023,0.0022139444987383495,-0.007746867527355323,0.27829919142794474,1.782552437301938,-3.0006969769802114,-0.6567892595254151
-0.01493256183796481,0.008567296252891687,0.0022460271654473744,-0.007734692883711386,0.2788757126102295,1.8076938450668252,-2.9893532271400076,-0.6825286504910234
-0.014925815733259377,0.008546637865033036,0.002279054388296308,-0.007726241318603712,0.27970662588052525,1.8339971738889675,-2.980496144975081,-0.707661059905777
-0.014919080934357109,0.008526653779967377,0.0023111354610675957,-0.007718118125927522,0.2805224629025415,1.859579053107123,-2.971841265131282,-0.7319923972129522
-0.01495814937689722,0.008762662600613539,0.001962836912116329,-0.007866807261960871,0.277981956504699,1.5865024705395203,-3.102769547147647,-0.44314770226266637
-0.014987262674289683,0.008773613137565011,0.0019234124211479442,-0.007824069144622164,0.2733565750179993,1.550296362667168,-3.074549346631262,-0.4300762349285678
-0.014839591623575255,0.008420430084721748,0.0025269499155779556,-0.007743050693740956,0.2926600515954299,2.0411612246129622,-2.9696761668591867,-0.8698026376954865
-0.014863880989221298,0.008427817929639684,0.0024917992929115837,-0.007710134241443743,0.28857884764255554,2.007817730706549,-2.948931964224593,-0.8561089910824037
-0.014913547260985274,0.008507029240158523,0.0023414945704512517,-0.0077080243615938815,0.28122625002925944,1.8834716570601364,-2.961819701259224,-0.755649755822294
-0.014905898183967694,0.008488763585517764,0.0023721901064076008,-0.007702599379458095,0.2822863668078616,1.9081450505160562,-2.955063507267567,-0.7780220842001113
-0.01488216485705256,0.00845675777685689,0.002436596948922931,-0.007709796318698473,0.28586975443797247,1.9621404005992764,-2.9541734793576047,-0.81919646370513
-0.014895670938639942,0.008470900204761348,0.002404993612751907,-0.0077016537770797575,0.2838125251253966,1.935067414495492,-2.951273587182356,-0.8003958189461041
-0.014884908899432404,0.008437070872677857,0.0024582002764226758,-0.007684690295190818,0.2852008229283402,1.9769163745638767,-2.9336715840183554,-0.8411608972144483
-0.014767631760280125,0.00820004344959618,0.002872354053146445,-0.007608891072525167,0.3038525580662079,2.308474149457137,-2.8286048702473257,-1.134649266848472
-0.014762629581549386,0.008184055423285276,0.002896543005754771,-0.007597442515140734,0.3046883490916749,2.3266559184631643,-2.8166812951657483,-1.153230876954968
-0.014760711182073422,0.008166226845164918,0.0029189251809669105,-0.007578716019387138,0.30498921714911903,2.3421304579700037,-2.7994341319196625,-1.172454276711077
-0.014722018511940514,0.008037275039974109,0.00310713686554923,-0.007476163930946289,0.31215823766495615,2.4795257879759056,-2.6934214962735292,-1.316865333282353
-0.014723155145585337,0.008054264219726005,0.0030878188611299807,-0.007496287321571845,0.31196735440939893,2.467290099313663,-2.711837285363452,-1.3000321017102208
-0.014732455007165626,0.00806729066179847,0.0030621291631388946,-0.007498839590715528,0.31016224234950723,2.4465963658591203,-2.717775565323361,-1.2832507730286835
-0.014740161046155085,0.008084430276145914,0.003034069903117257,-0.007508837728505993,0.3087584617558124,2.42527176710044,-2.7296668006162226,-1.2631578189322035
-0.014747384824841952,0.00810303428233699,0.003004955243891723,-0.007521175483855406,0.30745507142566514,2.4034345482585646,-2.7434127595718105,-1.2417342175370172
-0.014754844819446798,0.008123100064182483,0.0029738379867789324,-0.007534705562471132,0.3060370263835601,2.3801048421134214,-2.75825527032081,-1.2186417953544437
-0.014762624648788926,0.008144908542534055,0.0029402728133716316,-0.00754958226655835,0.30465117681827364,2.354942407526044,-2.774365483299227,-1.193535362011987
-0.014786888416066077,0.008202297467963863,0.0028466681776176694,-0.007581083492819202,0.30054145129334636,2.282831677596944,-2.81109610172042,-1.1253548993474676
-0.01484140180477466,0.008396186134453252,0.002555030429708814,-0.007713779569878051,0.29208716936444595,2.060688229829563,-2.9450982804151273,-0.8972560399120671
-0.014841620518833332,0.008375067417149232,0.0025806623656811846,-0.007690372655338303,0.2918966823077577,2.078835503779663,-2.9250174406228715,-0.9211413941635769
-0.014838943624240424,0.0083552491146566,0.0026076531601998093,-0.007672988393950004,0.2922112352915259,2.0988335713967214,-2.909157126719268,-0.9440372219678695
-0.014833843073586027,0.008336129136944054,0.0026363244510145497,-0.007660135165619762,0.292947645744599,2.120775160282495,-2.8963723934640693,-0.9666307604648293
-0.014827228851572397,0.008316879899547366,0.0026667266601049723,-0.007649356773702313,0.2939542522669653,2.1443990096612353,-2.8848290072195155,-0.9896874252290874
-0.014820235038084354,0.0082961378276354,0.002699219225374651,-0.00763721714163313,0.2950672424099587,2.1695465973989587,-2.87191521159742,-1.014413595721462
-0.014813443970935909,0.008274434567071765,0.0027324809820963684,-0.007623329524258623,0.2961028742000385,2.195001127029355,-2.8574919485146584,-1.0399810152606854
-0.014792903578808322,0.008217281316889135,0.0028224785659067488,-0.00758938699725552,0.2995198988691963,2.264179762138386,-2.8205578628576196,-1.107561375403427
-0.014799452641373965,0.008234181033938116,0.002795406040886715,-0.007598917194323704,0.2984178802343815,2.2433160061508635,-2.831249964207981,-1.087515624416085
-0.014806133495274272,0.008253388672885047,0.0027654340951519516,-0.007610705884029101,0.2973118188360089,2.2203603807763765,-2.843922038653186,-1.0648949210295335
-0.014668760346152587,0.007965247711995494,0.0032512954695546603,-0.007460657904053533,0.32220816692585613,2.5952968133141625,-2.6579787619412802,-1.4101757938411152
-0.0146924011039726,0.008006870358911527,0.0031773117037454633,-0.007480933422921499,0.31757974757952323,2.538213369912111,-2.6858287984489846,-1.3596594191284108
-0.014691096321860289,0.007986664291314742,0.0031997790103932013,-0.007456217031851655,0.31797398817621897,2.5519410759819867,-2.6631848088853065,-1.3791548301739842
-0.014687360226494174,0.00796924807020125,0.003222403420195852,-0.007438635621470989,0.31875924047232557,2.567091382999433,-2.6459247056043442,-1.3970266526940736
-0.014713218111854815,0.0080171370044407,0.0031394716752704494,-0.007463286997321372,0.3139086342830794,2.503679766101626,-2.678428813611067,-1.3400229296702446
-0.014664871429792224,0.007947854039566675,0.003274018721984973,-0.007442947363908139,0.3230171549163144,2.6104623561731493,-2.6404477491265665,-1.428058179126361
-0.014604786347286458,0.007816649428914857,0.0034833190080771274,-0.0073469346137186005,0.33541079681722336,2.7620397395683542,-2.528095685340912,-1.574992364941755
-0.014661814562181352,0.007928907998147003,0.003296980979482093,-0.007421761801877616,0.3236974480284993,2.6250526972013204,-2.6201168694701766,-1.4467141700732464
-0.014659080791425506,0.007907878320525023,0.003321321002589282,-0.007397114935093484,0.3243406878474739,2.6399379503464746,-2.5968422922256593,-1.4667414888252923
-0.014653059378944495,0.007887488291089949,0.0033492788969567157,-0.007377852914338442,0.32560387124307094,2.6588091057367684,-2.57698881519369,-1.4877147376344544
-0.014645923550208287,0.00786703567028682,0.0033786239832200716,-0.007359830558814854,0.3271294693214577,2.679013857879076,-2.5577306361052057,-1.5091516245490044
-0.014637922479855368,0.007849600195678656,0.003406154332960701,-0.007346942467871089,0.328824859272777,2.6987615890593837,-2.5426799688601736,-1.5283525435704721
-0.01463047647144861,0.007834570349507816,0.003430558542160718,-0.0073364123414456145,0.3302942400149988,2.7164212820180107,-2.529953147525959,-1.545123060937312
-0.014621473761757658,0.007820138439844072,0.0034565298757521677,-0.007328696397480081,0.33228180649208805,2.7359189155947155,-2.5190564990362483,-1.562206292441912
-0.014525403374140065,0.0076583617472366985,0.0037370449526939833,-0.007222455817476543,0.35289725848637227,2.9395730571832845,-2.37929327532161,-1.7464017097644986
-0.014601166990694798,0.0077982637938654314,0.0035052841930653194,-0.007325793239781536,0.3362808667183583,2.7752304662081078,-2.5073982938498456,-1.592102774574956
-0.014598252370010924,0.0077770888326890095,0.0035285360572079216,-0.007299556670783088,0.3370550598221768,2.7881527758037774,-2.4824650918630984,-1.610689035036543
-0.014591954767975097,0.007756674212314493,0.0035556908612196197,-0.007278821048387015,0.3384789337955041,2.805429071624575,-2.460967284305873,-1.6304532601782427
-0.014584091301951345,0.007736800714937008,0.003584413968884355,-0.007260724613403738,0.3402725349140971,2.8245336602177566,-2.4411079872121566,-1.650555226221643
-0.014576071336508562,0.0077183620078685325,0.003611945483199659,-0.0072446612714600345,0.3420155051218425,2.843065526294421,-2.42297644490735,-1.6694704209860338
-0.014567438055237124,0.007701980360222921,0.003638483429993833,-0.007232172686047125,0.34393990562071686,2.8615846422014983,-2.407757319588411,-1.6870994811599764
-0.014541550735606229,0.007660629587196733,0.003711093181204452,-0.007204962950511354,0.34958972376897507,2.9138141760865834,-2.37117464151371,-1.733819019416762
-0.014550795621873664,0.007671715313454367,0.0036882642328412573,-0.007209422563320757,0.34759964817138234,2.8963661709526423,-2.379524341499716,-1.7198131923768478
-0.014559329020686115,0.007686478749904599,0.0036634102654352564,-0.007220074146366592,0.34569939280061424,2.878851740153156,-2.3930903307896085,-1.7036388457361007
-0.014522136299024263,0.0076403460188266634,0.00375659654180834,-0.007199630631784416,0.3537472684052087,2.949523431649212,-2.3571369492453695,-1.7611452024099508
-0.014509110838309053,0.007604249278098744,0.0038049371887459065,-0.007161710106312035,0.35692841769016526,2.97873933197451,-2.316743487191506,-1.794434398280646
-0.014520656747074819,0.007617311823228611,0.003777225604334339,-0.007166877443473592,0.3542873585404997,2.957581708271895,-2.3269615423571532,-1.7777047505348373
-0.014476437597300496,0.007579880716452449,0.003873723579113603,-0.007165348607282803,0.3640931941719026,3.0359040609787016,-2.304143132744862,-1.8336283815677723
-0.01448958050726529,0.007588409554436923,0.0038469795864019786,-0.0071620646736975605,0.3610853811439545,3.01314164953313,-2.307622199696956,-1.8186462360077982
-0.014506683562573782,0.007588410929488503,0.0038209213209493636,-0.007140737034403813,0.3575766708325833,2.9859790365875294,-2.296696091738371,-1.8064186554361932
-0.014477644802059396,0.007558448534692454,0.003888137935823242,-0.007130842981582577,0.3640056551043807,3.0378822781578374,-2.273654435525256,-1.8462364012553714
-0.014478223623534707,0.007533758881081805,0.003905592605051315,-0.007092103541776111,0.36416448987931577,3.0409401909041334,-2.239193011119806,-1.860788032201548
-0.01444726755058783,0.007479606434379581,0.003992414638041497,-0.0070448943757726165,0.37152522552733247,3.0972543740326155,-2.181445358990505,-1.9149959710769109
-0.01446672570529535,0.0075160424368299825,0.003936263738993153,-0.007078565217429915,0.3668572869785463,3.0618701388561553,-2.2213207381346862,-1.879756171589097
-0.01445775457153431,0.00749778964197239,0.0039632586875725405,-0.007060907686172623,0.36892144303210156,3.07849008293919,-2.2010254509648295,-1.8969309916165376
-0.01443824946424148,0.007463161329842296,0.0040179166438538685,-0.007029635127098824,0.3736072285527389,3.113247363944882,-2.163246395522842,-1.9308268372811899
-0.014430802967838116,0.007447729423397795,0.004040127522953448,-0.007013958363394778,0.37540541191254634,3.126349400684671,-2.145500769835589,-1.944713713283358
-0.014376537330048117,0.007394935763889322,0.004161334888433551,-0.006991178808460542,0.388060598873944,3.2171552001666,-2.097089254243943,-2.013974762089472
-0.014368276515451929,0.007380284371135599,0.004183939500054772,-0.006976635895690946,0.3900859344510637,3.230688172205648,-2.079791699332447,-2.0275566514690717
-0.014359682203365982,0.007366536072316389,0.00420641662520917,-0.006963759182754298,0.3921988427579502,3.2446023674439353,-2.0637866299282313,-2.0408497532974574
-0.014424458556159078,0.007432347762979011,0.004060432514573294,-0.006996941051426258,0.3769324829770065,3.1374360741012848,-2.127112449670961,-1.9575624984387552
-0.014402840341710977,0.007412423873002708,0.004107855197509626,-0.006989780113968121,0.3819172764849093,3.1734173625914166,-2.1095750599847425,-1.9844989831360749
-0.014420353397769717,0.007417454614919994,0.004076733092895663,-0.006978034362714497,0.37793540481938614,3.1446409112720044,-2.1082392764312115,-1.9682368760963018
-0.014397551916893597,0.007393723515145872,0.004128320208565233,-0.0069658213163259425,0.3832020657852562,3.1822471505501775,-2.085555448435851,-1.9977474739429655
-0.014173800272668636,0.007084260858580449,0.00466166203542468,-0.006672862990593658,0.43908326861738295,3.5021596568555142,-1.7051277396822329,-2.291004661273542
-0.014158793178980503,0.007067513412031321,0.004694107406875313,-0.006656907627826169,0.4430139814521047,3.5214398746063935,-1.6825767198065795,-2.3073559266102515
-0.01413181341814341,0.007029064412953576,0.004755046585418296,-0.006612842401110418,0.4499432998208269,3.5513147175935305,-1.6289361785670065,-2.3371908156496133
-0.014147199511100262,0.007046724514686045,0.004721975032412776,-0.006630722965808174,0.4458838038281933,3.5326157551989437,-1.6533550809727882,-2.32095105141585
-0.014194255386896445,0.007080188602847858,0.004628178216712425,-0.00664804008196762,0.43365073657596237,3.4652057734865083,-1.6960431232510957,-2.2734781555342742
-0.014204340931860323,0.00709387663425327,0.004605442996958376,-0.006662541395388502,0.4311041297487903,3.4531074910671316,-1.714289067027605,-2.2620161170262674
-0.014352609393595825,0.007351998799950438,0.004226794105514762,-0.0069477809852418896,0.39394655803656065,3.255722412170934,-2.045817521717527,-2.053125130876431
-0.014347832012515355,0.007335271201460152,0.0042445954323654285,-0.0069256244202217975,0.39516061966076593,3.262590044191589,-2.0236084911411716,-2.064281511704852
-0.01434450706342304,0.0073164049345378875,0.004261075702826126,-0.0068983400628715155,0.3961151414594221,3.266501006102095,-1.9977063314452252,-2.0748569094624982
-0.014213639061170097,0.007137908384903982,0.004570892465510997,-0.006729242817587325,0.42881954387249116,3.4523962836084654,-1.7769526528754762,-2.2444044083427817
-0.01422157252511356,0.007152200832515218,0.004551006464606363,-0.006746285891296294,0.426792832187269,3.443200589854424,-1.7962780870250892,-2.233949258127303
-0.014229990882582784,0.007165856431443878,0.00453046077622614,-0.006761654631958482,0.42469506554836695,3.4327425949139037,-1.8144619757012368,-2.2230533921842976
-0.014214794648362783,0.007107138713897197,0.0045821591271422435,-0.006675815507973234,0.4285099430410098,3.440000836643492,-1.7317186447212378,-2.250156712340178
-0.014224997262977853,0.00712069382959607,0.0045590803193712075,-0.006689633995306033,0.42594435992264884,3.4272331074304803,-1.749441518486256,-2.2383269390530525
-0.014238504371831379,0.007179943379673479,0.0045094333249146275,-0.00677752128295267,0.4225080479408931,3.4220274734475535,-1.833107543033212,-2.2118100551730806
-0.014246084390425911,0.007197724833408136,0.00448807855655045,-0.006800382846946895,0.42065748744429116,3.4136527058614514,-1.857285710436727,-2.2001640806955707
-0.014281827540219907,0.007245803318927595,0.004403666833953223,-0.006846144591054467,0.41158815464626514,3.3627531640156723,-1.9174468368082394,-2.154007661132809
-0.014269723646143175,0.0072265989748696215,0.004433863245160638,-0.006825998305412114,0.4146691627485554,3.379634881969829,-1.893038956258925,-2.1707696926504334
-0.014266240685958274,0.007203307553896208,0.004451371481630939,-0.006790296078674052,0.41549591074798115,3.380327441050604,-1.8599615823899551,-2.180992962437738
-0.014339060367883039,0.0072989927131422196,0.004279952289491491,-0.006875591994148947,0.39744860197040716,3.27379392846164,-1.9747510692022132,-2.0862935264550306
-0.01432960838084787,0.00728149861791724,0.0043052462610845615,-0.006856724503814883,0.3998355654787249,3.287442242722198,-1.9530675349411866,-2.1008263358375374
-0.014317996559186207,0.007264822318625257,0.00433347498901724,-0.0068411873895928696,0.40265255144374595,3.3045161512165104,-1.9331215315676433,-2.116640080532043
-0.014306567089688388,0.007247313696773498,0.004361707525353743,-0.0068238278841704705,0.4055180648575923,3.3208694637079854,-1.9116605651358756,-2.1324014022435205
-0.01412183774868199,0.007010003400090864,0.004778978390991749,-0.006587778451040136,0.45238338290538854,3.559481101128903,-1.6017460675103614,-2.3483724297398805
-0.014111970447027146,0.00699519874597863,0.004801087635268,-0.006569866748371722,0.45489949246095623,3.5691883995187013,-1.5806659289237623,-2.358743410685318
-0.014100986886552513,0.006981810878908516,0.00482456180308686,-0.006555138610893984,0.45775995068171316,3.5813000421705126,-1.5615634793148951,-2.3698201889009525
-0.014089999712557921,0.006967617515795871,0.004848177245361066,-0.0065388126640575925,0.4606120863737681,3.5927445055177576,-1.5410969748897694,-2.3807931335344463
-0.014075766905369921,0.006950110600556246,0.004878322312555325,-0.00651893598557273,0.4643137532471382,3.6076650148137115,-1.515747727934839,-2.394658452453204
-0.01414628134329966,0.0070081785704353035,0.004737206159154052,-0.006564803796667092,0.4457528661267944,3.5164386887540893,-1.5972177162134606,-2.326575323772349
-0.014045201903993616,0.006904913780190592,0.00494432656717802,-0.006461766798192283,0.47201778311195713,3.633459248496122,-1.449394342788309,-2.4233734587105773
-0.014055304720289865,0.006918190109142141,0.004923103186368231,-0.006477899686219442,0.46941316440628095,3.62423125720376,-1.4690277282656063,-2.4141262071655256
-0.014064352203470751,0.0069330130146772724,0.004903200231814969,-0.006497378539626889,0.46716842617112847,3.6175004770200903,-1.4907660147392312,-2.4056292109100212
-0.01403638761102745,0.006890978083005095,0.00496330653089324,-0.006443402494164939,0.47420325466143387,3.639782824939205,-1.4287496721608397,-2.4312589674053418
-0.014029492764499144,0.0068739943459313144,0.004979444469989866,-0.006418195779044687,0.47574922042718937,3.640520013550662,-1.4037798579649232,-2.437096373007332
-0.014003914534142518,0.006827516329659892,0.0050343876543982174,-0.006353220024492116,0.48196701652009083,3.6522211455986677,-1.3350092457919793,-2.457657271203565
-0.01401351435989032,0.006838248922743886,0.005015318187895156,-0.006365878192313057,0.47944518946767917,3.643500224752539,-1.3513266837426052,-2.4497656819165283
-0.014022513984589023,0.006855327071417028,0.004995884203141821,-0.006390001701205167,0.4772935894215163,3.6399459921484065,-1.3764980214201314,-2.4426363972160723
-0.01400041963592093,0.0068115056258036145,0.005043554235468505,-0.006327203107563617,0.48255702127883454,3.6466290572477003,-1.3119679901055026,-2.4594473021582517
-0.013994824777027999,0.006792063329281907,0.005056831709765403,-0.006296484119883822,0.4835038943450547,3.6418159575809548,-1.284024306719794,-2.4625217128888512
-0.013984940847737264,0.006774520740337196,0.0050770986490269315,-0.006271707354550247,0.48586975577239416,3.6451482876632118,-1.2581319260252464,-2.4693029195671894
-0.013973216453177333,0.006758568621534347,0.005100146314764269,-0.006250683963522705,0.4887697292554159,3.6523603678223107,-1.2340520260145118,-2.4776335910544596
-0.01391957402198385,0.006735928179962814,0.005198221492460904,-0.0062415622199160645,0.5036180236702585,3.723350785826572,-1.1912917914940007,-2.52198631928213
-0.013852273179554932,0.006636596708412226,0.00532565225838218,-0.0060988587125815385,0.5195108939099226,3.7453359124200136,-1.036727883259965,-2.559250404565113
-0.013863700116872898,0.006649220244637624,0.005304757911594155,-0.006115920771644203,0.5166577318485964,3.738663626658127,-1.057373548237493,-2.5526067528041163
-0.013875237782653394,0.006663271361695057,0.005283461861594448,-0.006135315795907475,0.51381810223012,3.732850897219024,-1.079878412932726,-2.546020585872382
-0.013887223386838567,0.006679253339437738,0.005261081973106588,-0.006157758628163228,0.5109692643628189,3.727719152073796,-1.1050585691138874,-2.5392469507908397
-0.013911693902582236,0.00671591302358035,0.005214374319815225,-0.006210187208611998,0.505158753123367,3.7194975502258063,-1.1617285530532906,-2.525310112681002
-0.01390008610273663,0.006697010640356343,0.005236787636183716,-0.0061827196415741,0.5078172846141257,3.722309582470418,-1.1328206003941652,-2.531783220176679
-0.013860739173599652,0.006617446864452745,0.00531119045766357,-0.006060823246098469,0.515911125602626,3.713504871169468,-1.0144443581552718,-2.5465958186387385
-0.013959614139906694,0.006744173683516782,0.005126109972069735,-0.0062333112124170744,0.4921153335771313,3.6635398333768987,-1.2116244107483947,-2.487601907762595
-0.013939636635302476,0.006736645744397473,0.005162406694804291,-0.006231479679455541,0.4977874204204246,3.6904630591284655,-1.1969201081383096,-2.5041461729280425
-0.011083866144747294,0.004973174664607552,0.007966620927490743,-0.0017154481204414266,0.6158292242360349,1.9219275800220206,2.2141481012920696,-1.1117247934314074
-0.011166530067948297,0.004975427250466887,0.007916426716538609,-0.0018349471347327139,0.6254118344892688,2.0000229159574396,2.1621260715730632,-1.188637848164394
-0.011141701248323886,0.004965784731258545,0.0079218432047866,-0.0017935300599588443,0.6189041731387079,1.9691375807576852,2.1706838555910273,-1.163515198224973
-0.011109501443603951,0.004960121940321561,0.007935993229498022,-0.001744136331190645,0.6131716401253952,1.934871819298476,2.186893925084103,-1.1326067304389353
-0.011321682815004279,0.00503353926436687,0.00787176557305735,-0.002092287017956976,0.6621007209098587,2.1902674597715506,2.098010227455785,-1.3445857565104558
-0.011299628396911971,0.005017678598972253,0.007870534408539229,-0.0020501361488541414,0.6538322618379492,2.155953220964023,2.101938666452956,-1.3199982534945816
-0.011277013449073506,0.005006764961797557,0.007874923943860397,-0.0020109821741577383,0.6476700423793512,2.126085166216995,2.1099298894821135,-1.296611564753822
-0.01125029198575738,0.005000145867115878,0.007886698515525543,-0.0019692246989953953,0.6429795852291932,2.0967364489230422,2.124042031409432,-1.2709467544375972
-0.01122566452272319,0.0049882874738535685,0.007890754475939262,-0.0019266376337464459,0.6359415300269936,2.0642575963444263,2.1319333443078485,-1.2455176694692822
-0.011203226152530093,0.004983809377264682,0.007901186885163182,-0.001892197080860931,0.6322299388208831,2.040379521022921,2.143964658790479,-1.224134337617949
-0.011189706331281917,0.004963823547730426,0.007888069988796376,-0.0018597692677890818,0.6226717429110167,2.010542843094367,2.1369278695731495,-1.2064789891280763
-0.011347437868246539,0.005012455439506595,0.00782890106810416,-0.0021114201433518527,0.6539905760081393,2.190786711775625,2.061286171438072,-1.3595734406551623
-0.011372136037699645,0.0050241484924678295,0.007822781920944731,-0.0021537114804676817,0.6601730998481496,2.222649806281613,2.0512053506101204,-1.3847313233618797
-0.011398110730466197,0.005037348227643213,0.007816936070952676,-0.002198941845335681,0.6669505140562945,2.2571606799255153,2.040901393844049,-1.4115526236631113
-0.011622501639301138,0.005106660937161575,0.007700170965838234,-0.002549573748379,0.697754446210381,2.4998599508498844,1.8981522408492257,-1.620450034894194
-0.011596741877156095,0.005112412403254872,0.007729943579618482,-0.0025223174872183794,0.7011410796872423,2.4892287864965605,1.9260493964350716,-1.6038210839330007
-0.011430758771907577,0.00504016122004473,0.007793864379722878,-0.0022446804084394183,0.6690205788606888,2.285862025447336,2.016549610482705,-1.4397779374778799
-0.011459408582264047,0.005055556547514441,0.007787260408095841,-0.002295122539710193,0.6765096226536197,2.3243183449933347,2.004585459396317,-1.4694187667635756
-0.011575677940950836,0.005095167053301938,0.007730256411203376,-0.002479959853620008,0.6937910140714846,2.4542208490000035,1.932788631831077,-1.5792953215089816
-0.011492395948370893,0.005060085809792949,0.007764611729017206,-0.002342121813159098,0.6788397911480244,2.3541951963977668,1.980098532289088,-1.497968119052105
-0.01152094686592485,0.005072121368052185,0.007753331736575468,-0.0023894519206907167,0.6842042124179544,2.3886423957448435,1.964447981897379,-1.5259465748280792
-0.011551314449253286,0.005081406926247297,0.007736964673522542,-0.0024366261332367718,0.6881470246581244,2.421056742594136,1.9445794846107898,-1.5539500592410336
-0.012418453967589423,0.0054928747378529845,0.007171512157367388,-0.0038458870174864226,0.7482037615494542,3.3436581971150896,1.1875432106215202,-2.305103301222179
-0.012504608131184765,0.005538561139792279,0.007091997226987043,-0.003979108100658105,0.7435207149327442,3.4118216981979077,1.0851272755941233,-2.3614491004386413
-0.012524948408726354,0.005538322836863358,0.0070629405821557014,-0.003994391201033628,0.7381448412308913,3.4076526712027015,1.0598501532882587,-2.3639901150413754
-0.012474154959298494,0.005526448801539103,0.00712427455853313,-0.0039380558961213475,0.7468137442694788,3.395645061871629,1.122206086758748,-2.3457961007433004
-0.012443684681307481,0.005512020982867129,0.007153949825798803,-0.003893243142292828,0.7491527826609373,3.374442749697224,1.1587166110583478,-2.327340341188972
-0.012461903833296251,0.0055123685618353145,0.007128898164845359,-0.003908536058694339,0.7447704884992276,3.3728842180036045,1.1360623594513448,-2.3310484545991677
-0.012493850423846261,0.005519802552834104,0.007090761506215099,-0.003944275828387141,0.7395666739350176,3.3810858374495187,1.0971521526173753,-2.34298820977385
-0.012437588888840017,0.005490046269265855,0.007142648672632346,-0.003857845247192133,0.7425987761732077,3.3372093991933256,1.1634199327936992,-2.3066489278127915
-0.01254283665007697,0.005543566873312285,0.0070419877236142766,-0.004015315964620548,0.7353807718439372,3.413029046692626,1.0379235651052492,-2.3708301903640603
-0.012553490801714844,0.005554163503769656,0.007035793474668832,-0.004038375133378984,0.7363129290547591,3.428990380347127,1.0249979986166329,-2.3815134274157974
-0.01256912534469173,0.005557064618362318,0.007015806877651315,-0.004054004830780159,0.733107900143258,3.4302969315882303,1.00568430558474,-2.385627632370135
-0.012583833910129362,0.005563464892503394,0.006999995501518465,-0.004073836934044257,0.73142604952022,3.437639646298883,0.9875456498043559,-2.392617291757565
-0.012598122905702122,0.005569806083186038,0.006984617193693097,-0.004093160910068437,0.7297728636207323,3.444760654495019,0.9698649553787336,-2.399351561297103
-0.012612910582427521,0.005576918074309764,0.006969027381189802,-0.004113835898105401,0.7281743286146986,3.4528430184366887,0.9514863451824597,-2.406641557804598
-0.012834765259971851,0.005731205496163259,0.0067535746264196115,-0.0044824158558780585,0.7119556901093053,3.6259667166384664,0.6561799912620532,-2.5367571296118387
-0.012855816629989593,0.005733893153279393,0.006722580294371456,-0.004497465538517628,0.7062328425046,3.618313612159426,0.6302712559453082,-2.5358368304569425
-0.012628215759380328,0.0055845667317604404,0.006952983517546647,-0.004135528030073206,0.7265640144869717,3.4614460866720465,0.9323775236523213,-2.4142555860657002
-0.01264394009045248,0.005593290552696725,0.0069370460044213674,-0.004158952699466443,0.7251348840519638,3.471503971583687,0.9126016028689684,-2.4226587034065545
-0.01266031324216048,0.0056032268620923075,0.0069209557218931845,-0.004184468612991386,0.7238439394734711,3.4831505873341153,0.8918216509819724,-2.431962018127079
-0.012676250283784446,0.005615672561544893,0.006907315313717437,-0.004213298821672934,0.7234369391827403,3.4990019520736806,0.8711693417630136,-2.4433274744953013
-0.012691757712699835,0.005632556617524896,0.006897601391813961,-0.004248416656772662,0.7243219184838993,3.522466754954863,0.8502696419551049,-2.4585426906090997
-0.012709631816493467,0.005644644306043255,0.00688030721689009,-0.004277797153492383,0.7232344439136108,3.53634824756566,0.8267401805718941,-2.469108224967129
-0.012824578313016206,0.005714243545429928,0.006757132953630546,-0.004450622712597046,0.7100619736353561,3.602069080597286,0.6731099636239022,-2.522711926901783
-0.012810169288531324,0.005706858245143817,0.006774072144546861,-0.0044314229330339695,0.7123698186397617,3.597075341601429,0.6922527535116416,-2.517898941297051
-0.012798395581642228,0.005691720965000066,0.0067810775129299615,-0.004401612328807113,0.7114522063485379,3.576927186109813,0.7101656533126999,-2.5054873255857064
-0.012728573479029899,0.005648141053298359,0.006854494331726428,-0.004294720861415079,0.7186801148532399,3.534372602584526,0.8030840224551666,-2.471474770930285
-0.012751024960261243,0.00566146232054046,0.0068307467338009345,-0.0043283164340108945,0.7163550780472666,3.5474765661765018,0.7736426429370534,-2.4822328101494207
-0.012780441454988708,0.005670153659771506,0.006792557180478715,-0.004358544223740894,0.7103834231683664,3.5486124252369224,0.7366014870821028,-2.4877061285072952
-0.011999362627902892,0.005293995018282992,0.007507895342892657,-0.003187614133938404,0.7483635078196552,2.9543238990270937,1.6239213951909963,-1.9813766221033415
-0.011985518786744026,0.00527715870697712,0.007506408914211429,-0.0031532330308543985,0.7429046565789893,2.9238120354088135,1.6308807734287605,-1.9617864282634425
-0.011967275718290017,0.005262537094735834,0.007512002334039854,-0.003116658562634472,0.7390268979329094,2.895042037634724,1.6435518618248885,-1.941408579723123
-0.01192599940369809,0.005251210061420007,0.007546238418091767,-0.0030580308750989423,0.7392811850489648,2.8611926868916657,1.682856571664655,-1.9098800508607081
-0.01194770746785475,0.005252113981371372,0.007523143838194799,-0.0030833432372347016,0.7368755523415561,2.8718309404016433,1.659556658155686,-1.9231403489727315
-0.011910526349504355,0.005236379198523845,0.007547802789699542,-0.0030243097408661217,0.7344578716156133,2.832995669115327,1.6913873014410339,-1.8907518113046093
-0.011886297499690982,0.005230052019020264,0.007567488442742369,-0.002989874021080368,0.7344724334829803,2.8128446148188675,1.7138438407305894,-1.871968141663263
-0.01186100130816478,0.0052167441666807245,0.007580647057661259,-0.0029465293528584302,0.7311304950451815,2.7819367865282456,1.7329739004938598,-1.8476964058543248
-0.011805587566153585,0.005191352468427484,0.007611919356453877,-0.002855214510812271,0.7249707533265407,2.7185010835545285,1.7753820372117572,-1.7962381754553476
-0.011825342637126795,0.005196982595458774,0.007597398987904783,-0.0028842809686580387,0.7258145654740441,2.7366347050482744,1.7584365953251295,-1.8125927386212013
-0.011846411142129528,0.00520074335144652,0.007579318667595531,-0.0029127436373845316,0.7254309188168664,2.7525798069075917,1.7387516481603709,-1.8284070133320298
-0.01179415585207477,0.005175667202660758,0.00760710330138848,-0.002825639540800741,0.7190089606674186,2.6912965829693216,1.7772014424697031,-1.7792953372207927
-0.011771446015536214,0.0051570242644145385,0.007610456306076723,-0.002779887197226293,0.7124939341337163,2.6542450152611914,1.788358021068758,-1.7532157698103428
-0.011645542700892728,0.005104687656220758,0.007676733053607815,-0.002576453852606432,0.696140414505185,2.5125881820856115,1.8753265573111526,-1.6364294102485364
-0.011665112237941228,0.005115313277109373,0.007669739581868674,-0.0026105963847361693,0.7001142877210348,2.5380513939331624,1.864247624129267,-1.6561661521035826
-0.011743507779106037,0.005142022167186666,0.007622451999671614,-0.0027316421974699964,0.7076969388683542,2.619066238468516,1.8064094253598106,-1.7257912010708252
-0.011716929357740448,0.005133263393501795,0.007639219514017172,-0.0026910724871194763,0.7054414104517203,2.592313833061848,1.8266346983377992,-1.7025975465127587
-0.011690885152237788,0.0051236052567054016,0.007654088264378381,-0.0026500949067629234,0.7025132068251844,2.564394510781646,1.8453324669241293,-1.679016915677993
-0.012358874297465353,0.005466940713600732,0.007228726713309594,-0.003759565112102493,0.752318059082694,3.3018500613883535,1.2569011609294989,-2.2679253846116723
-0.01234367131634058,0.005461032312564031,0.007243630078656066,-0.003738210719378367,0.7535754308900059,3.2918186501029796,1.274460110704875,-2.258640680116107
-0.012406359041526566,0.00547730317305547,0.007173924811496824,-0.003814427627628123,0.7452537414711876,3.3178017166548046,1.2000626114054194,-2.288716995980803
-0.012391809054072172,0.005463809890729004,0.007181402338581363,-0.003783794498302935,0.7435772355519242,3.2956514190312873,1.2156336025836894,-2.27356821436111
-0.01237565779372745,0.005453567954743985,0.007193814529609973,-0.003756167974761754,0.743428296614903,3.278900275913386,1.2334930618572104,-2.2607357294327923
-0.012112231039054221,0.005370553237805382,0.007452207026370199,-0.003398801745052881,0.7634940620938383,3.1101015693506766,1.5282056270266453,-2.0964147105634336
-0.012128478947172725,0.005369034316426878,0.007430748218433059,-0.0034137203010390096,0.7597934189556532,3.1116785259741624,1.5080845768350781,-2.1027188206805865
-0.012143035607325638,0.005357691812064908,0.007401528244020327,-0.003414610955492434,0.752566418395295,3.096699482462895,1.4860998097823777,-2.1002348242663937
-0.012099564785747544,0.005354608234445289,0.007451485070478975,-0.0033661989470379866,0.7588126378380267,3.08100020614377,1.536399584664917,-2.077922529148949
-0.012084789104982993,0.005339941421688111,0.007454460324285483,-0.003333058523511043,0.7550545790197766,3.0535861750654374,1.5473323587810996,-2.0595275869451366
-0.012069804472050572,0.0053299045424780615,0.007462199328895404,-0.0033052945689347533,0.7532019526418653,3.0333625200811185,1.5602955968094607,-2.044532794243933
-0.012053970677657825,0.005317784649352377,0.007468651987663327,-0.003274163003164444,0.7505138005199176,3.0095698671880933,1.573039874837054,-2.027495011570117
-0.012036275387344371,0.005303353848815105,0.007474734454149688,-0.00323836722845247,0.7469850872867463,2.981550604824733,1.5865154931830767,-2.0077365035103973
-0.01201958247206186,0.005290695756710729,0.007481230597411856,-0.0032057564123167378,0.743954798620678,2.95666087452012,1.5993287325124113,-1.9898379198113338
-0.012333952263795056,0.00544721799836395,0.0072436676630057975,-0.0037111266371132657,0.7503619766719095,3.2682164101685376,1.2833414746802427,-2.243948760696897
-0.012219973665420762,0.005371799066761964,0.007319599596278187,-0.0035079537548048365,0.7441469609793786,3.1339867822540524,1.3998620022680799,-2.143044449662035
-0.01220116046089948,0.005364367005350472,0.007336029988737356,-0.003480488405843601,0.7446382812068338,3.119027247472174,1.419652018310395,-2.1298081344829574
-0.012183798191750056,0.005361088239018188,0.007354493330561267,-0.0034594418540705675,0.7467239414722118,3.1106466048779415,1.4390442689161602,-2.1202338389161812
-0.012166663588717066,0.005350853195197333,0.007365698678453319,-0.003429860317843355,0.7455344271049309,3.0909702378099633,1.4554616276783012,-2.1050632500440987
-0.012320338702694325,0.005431756782449736,0.0072472110799006164,-0.003678471651373316,0.7473522964691295,3.241864934886333,1.2963158159813177,-2.2267669338056097
-0.012304485089709298,0.005417568250949801,0.007254703537153959,-0.0036455417303253453,0.7452077270648624,3.217541816681593,1.311994706737629,-2.209957890489747
-0.012267556723777762,0.0054026430167378224,0.007288512021909783,-0.003592222891623266,0.7471143137743109,3.19006383147358,1.3525306468327953,-2.185425032000744
-0.012287593551651751,0.005405431770070299,0.00726525873853845,-0.0036143495450747507,0.7439346243838382,3.1964132078185625,1.3291529622477594,-2.1944380183933663
-0.012240067635512594,0.005378408643273692,0.007300540472228449,-0.0035354415849376277,0.7430162746453474,3.1474838377229,1.3780619765386517,-2.1558732529415976
-0.01225878063813368,0.005384455164982531,0.007282478679231724,-0.0035607124714419095,0.7415290864598817,3.159509366680693,1.3576382698987461,-2.167437090149873
-0.013808168716425748,0.006586910359947009,0.005405097210585728,-0.0060298169594930956,0.5301841168308443,3.767508602219348,-0.9549966582411625,-2.5827010772583523
-0.013789475997001989,0.00657095319975981,0.005438296477862848,-0.006009001352385353,0.535117301073285,3.780948536374654,-0.9265815784354178,-2.593446642154118
-0.013774560363012504,0.0065594910413166755,0.005464694064555191,-0.0059943957281022135,0.5390645942847239,3.7926538483813426,-0.9053752627640168,-2.602209936266588
-0.013749735661432456,0.006523124741840476,0.005507351207618629,-0.0059385232710083636,0.5444134161394515,3.792495744741101,-0.8475988636168622,-2.6096862092340447
-0.01376759440477227,0.006539943791157089,0.005476332525969823,-0.005962045576157876,0.5398687627468667,3.782748240400495,-0.8772172906061354,-2.6010166028364736
-0.013736063503758044,0.006509540208426549,0.005530876296283787,-0.005919013953552823,0.5478024429430458,3.798794389306415,-0.8238897957285419,-2.615774632369732
-0.013723905092396434,0.006494960541567685,0.005551443041499499,-0.0058970191035890435,0.5505475163509811,3.8012555308939713,-0.7996505642590713,-2.6199228666023227
-0.013709331749605817,0.006480079825722617,0.005576119950255718,-0.005875091550186315,0.554025768475174,3.806718116489687,-0.7737541062355177,-2.6256599387815047
-0.01366785049840053,0.006438229846038667,0.005645345130828372,-0.005812350483085566,0.5639381548144139,3.820571716427636,-0.700127592564617,-2.6405138162740553
-0.013680745210173144,0.0064502468454074174,0.005623869920566579,-0.005830269292282531,0.5607995260150703,3.815459153907485,-0.7218800701905281,-2.635713050922807
-0.013694535333995384,0.006464576014749951,0.00560092722378143,-0.005851886523309366,0.5575599743070877,3.8113861129954363,-0.7468542323664331,-2.6309945671577295
-0.013831839991915916,0.006594544112944848,0.005362890408559783,-0.006033220003494235,0.523545086891649,3.7374358870781994,-0.9741336103977547,-2.5647662828799582
-0.013849147903014607,0.006604547906517453,0.005332035778076554,-0.006043279378433834,0.5186418243004614,3.719659912757652,-0.9935416404786387,-2.5528950281970904
-0.013829407633906401,0.006574951500630005,0.005367222260798784,-0.005999510345918567,0.5230340167216909,3.7218837471464354,-0.9479624311865846,-2.5606914492920656
-0.01364653244780062,0.006416249196484816,0.005680219572193065,-0.005778567508043987,0.5688741826526563,3.8257576489279166,-0.6614573625511281,-2.6469257633982064
-0.013638532398135624,0.0064028391023289,0.005692333228064132,-0.005756551512942767,0.5702208466023758,3.821052369968664,-0.6408563787746369,-2.646553691839422
-0.013661864648916958,0.006413413686665298,0.005652434115027026,-0.005769641851558502,0.5637206262600286,3.799531541740501,-0.6672169084239433,-2.6333657265426536
-0.013673040863397856,0.00642047185720195,0.005633592029053441,-0.005779284675861414,0.5607243566323356,3.7914836008740083,-0.6820117154396216,-2.627904147958007
-0.013557284332732945,0.006325756983372323,0.005821644772174961,-0.005635012032496049,0.5889645532929463,3.8391956764760593,-0.5001127601440074,-2.667056271700291
-0.013596654888355684,0.0063735856311041,0.005761818728570406,-0.005713415818990618,0.5810330965016693,3.8455262125651224,-0.5805586442598072,-2.6639486465527735
-0.013612318011750413,0.006383694451881583,0.005735766535149704,-0.005728262706844044,0.5768776607116636,3.8355623282324633,-0.6022924140016322,-2.6571961934135087
-0.013631154206768727,0.0063896468598082295,0.005703236539617335,-0.005734741344136745,0.5713781138895994,3.8155097046202107,-0.620992409047367,-2.6456301422896
-0.013571074682618572,0.006339453447032805,0.005800245597454845,-0.005657177351066872,0.5858957706103122,3.8378042496010614,-0.5247976895621749,-2.664573275482933
-0.013589604672027161,0.006355473055725046,0.0057707017422133754,-0.005682435783637317,0.5814589407240817,3.8322338990206073,-0.5552727800554186,-2.6594855947016818
-0.013493630162861078,0.006237632198052574,0.005910725312081865,-0.005486583769044565,0.5994980991651703,3.8058827835208895,-0.36050128401956133,-2.659036903984212
-0.013511085676554527,0.00625120426222825,0.005884005212847966,-0.005508929882077993,0.5954304062219186,3.80155322688482,-0.3875773401246374,-2.655512367268088
-0.013565150711600195,0.006305032595283777,0.005802817553231227,-0.005597116704875351,0.5840990326090035,3.8007646721621584,-0.48313777254084783,-2.649283053978074
-0.01355036050351641,0.006297267144188758,0.005827037367464447,-0.005585517143190802,0.588158200993771,3.8108291362157245,-0.4643881575688497,-2.655508397004062
-0.013528278095010386,0.006266331650736025,0.0058579662908021446,-0.005533753702569883,0.5916614470806749,3.7992221050430186,-0.41591990851323496,-2.652780514568746
-0.013542604394697516,0.0062823791601091805,0.00583696676301548,-0.00556029021269443,0.5888405314404767,3.8014967821961316,-0.4430772686115421,-2.6522661045662335
-0.013151517915290751,0.0059808550933164875,0.006395109405948005,-0.005012986016170203,0.6712081617163062,3.808110534634511,0.1738023802194985,-2.6636302436774604
-0.013166529912167022,0.005989052733984165,0.00637403939333371,-0.005030467359136116,0.6678382690405275,3.806777799373059,0.15240725319827006,-2.663726259496172
-0.013117329996365213,0.005951457371073854,0.006436604235132176,-0.004954428617049565,0.6763513639711539,3.791765597504585,0.22959711422630955,-2.6533512314204297
-0.013144419598376839,0.005967656174623553,0.006399942590448147,-0.0049889000473562865,0.6708164383598555,3.7929283830515703,0.19017463300571458,-2.6555750511713097
-0.013135383649882754,0.005954937672768782,0.006408188120640157,-0.0049651526171020696,0.6711275412383269,3.780413623005219,0.2080736187579264,-2.6487039807374377
-0.01309590388300247,0.005927262244953415,0.006458720388263387,-0.004907720443237943,0.6782331465506838,3.770697096157192,0.26778702629040024,-2.6411520254423184
-0.013115949933584855,0.005930215902888166,0.0064269569456685905,-0.0049184720037063895,0.6721695371539039,3.7573410044883686,0.2443277403082408,-2.6357342423281707
-0.013084950505521848,0.005909282978881788,0.006466527492563322,-0.004874474446498567,0.6777065648259879,3.750129829657793,0.2903636395612716,-2.6298073635554826
-0.01307028137041401,0.00589372081483209,0.0064816771231744315,-0.004844071423493474,0.6790807603486134,3.736673766916374,0.3152588553474405,-2.621742680026806
-0.013052795190247522,0.00587804854667399,0.006501132493586448,-0.004812454319521694,0.681173372088291,3.7250216128442064,0.3430986655410636,-2.6142801286709947
-0.012884333837147188,0.005754332795824185,0.006692171025430862,-0.00454368955537678,0.7031728279308121,3.636425405869613,0.5900120676435328,-2.5492885316124707
-0.01290064082113513,0.005765034898217556,0.006673806864954509,-0.004568369065771034,0.7010110619640452,3.644556164934538,0.5671708399708266,-2.555711809222325
-0.012912670014332352,0.0057779945675153575,0.006663593044505307,-0.004594520374742787,0.7009060282029784,3.6590812600387976,0.548360013228655,-2.5648674264803613
-0.012932934453112938,0.00578661557449366,0.006637128124646689,-0.004617417086395465,0.6967040698531014,3.660292388143454,0.5214527784384145,-2.5680511245744353
-0.012956739428067167,0.005800363095034724,0.0066081752229325335,-0.004649706189739964,0.6927483243171527,3.667266256886737,0.4884809427341566,-2.574503662422796
-0.012969198086683648,0.005821205387275047,0.006601757561055094,-0.004688427831585989,0.6942840202417563,3.694006348112179,0.46517660029668756,-2.5898705859064353
-0.013035366329467666,0.005852416827162417,0.006514108808219411,-0.004764456492804135,0.6806489735209764,3.6960781891859247,0.3757158133054635,-2.5977526214949935
-0.01300862736148769,0.005847504799736929,0.006554614244258238,-0.004746646519424706,0.6881774992967452,3.7089721667942785,0.40810955228713547,-2.6018233027287523
-0.012991647111163813,0.005829086567541753,0.006570525907575145,-0.004710218354737555,0.688794934536597,3.6906923657317576,0.43600159907362096,-2.590588638629345
-0.012883094808478823,0.005729249271764158,0.0066766996196980025,-0.004503739037959058,0.6967605473823387,3.5940025344849853,0.5996393747412222,-2.5269157555137878
-0.013403526693398634,0.006216036776798114,0.006062772928535929,-0.00545230361389296,0.6267434081382192,3.893190447744862,-0.2657975846890264,-2.7056149238835006
-0.01342142891005041,0.006216621498403794,0.006031233690505208,-0.005453073268378828,0.6206345405642085,3.870540256478425,-0.281528288739436,-2.6940693605741823
-0.013292542033491664,0.0060898574602482386,0.006207042087439337,-0.005225079963636484,0.6443932497068411,3.8345719186534204,-0.050511867562011155,-2.6806817504182017
-0.013276883109689438,0.006080846552628999,0.006230104777926934,-0.005207612390560374,0.6482053327547235,3.8381722348493765,-0.028110562584113923,-2.6823920328342017
-0.01326686351707904,0.006061510134092868,0.006238530031623265,-0.005172927610964787,0.6479939717344675,3.818539931852094,-0.002730285492090849,-2.6726571652247593
-0.013244280266678982,0.006048664440998892,0.006271319961086835,-0.005147472708171601,0.6534437659110144,3.8228205985785597,0.029524048892525485,-2.6744006102948337
-0.013193480052687258,0.006010183905658191,0.0063392137237998055,-0.005072320478422009,0.6630849034374942,3.8142208705272354,0.10955757186309127,-2.6686241458707056
-0.013185760864716352,0.00599346079492003,0.00634372446724749,-0.0050422598629753165,0.6622548997492063,3.7946579116870196,0.12939497490960442,-2.6584832657100597
-0.013220686149214593,0.006026621004109556,0.0063010359247120526,-0.0051056721770195565,0.657178826040597,3.812585163704508,0.0698742050074135,-2.668725335466839
-0.013211008336888172,0.0060124033061570836,0.006310475164467347,-0.005079610220436909,0.6576040757023457,3.7996616970407673,0.09009522696364547,-2.661961762469028
-0.013240871985588432,0.006026083616856773,0.006266329668378559,-0.005108281528017659,0.6503144067366385,3.790249070834173,0.05012095706444512,-2.6581302632582973
-0.013396470562445984,0.006195827116496087,0.006068007885049635,-0.005416525485044679,0.626116528366032,3.871833854728854,-0.24005852072888864,-2.696061126583876
-0.013372481070039124,0.006164957468823671,0.006098720485084765,-0.005361763802808531,0.6297139081668248,3.855404527375048,-0.18993557213439066,-2.689338325339226
-0.013388285834492114,0.006173707376344588,0.006074289623896792,-0.005377504038512448,0.6256017652286202,3.848861208808699,-0.21193966303030826,-2.685643258904516
-0.013366009667145289,0.006150232371056722,0.006104361575526415,-0.005335748984584021,0.6295744328505678,3.840941020832618,-0.1706670716853598,-2.6826749150526066
-0.013357945703418505,0.006138111242756997,0.006113677445948305,-0.0053142292565361154,0.6304281404749592,3.83231689839731,-0.1525490694551144,-2.6787755031858547
-0.013308600400559601,0.00610303333599755,0.006184970551233612,-0.00524959379000499,0.6412838402197584,3.8367153947787798,-0.07675080480484138,-2.6816842197217565
-0.013341067508803945,0.006132403051789251,0.006140805762444175,-0.0053033052053083,0.6351495229725262,3.8439304213649765,-0.13224260649315034,-2.684752881412613
-0.013324867993104663,0.006117089114350135,0.006162689186190965,-0.005275457981242102,0.6381072915436786,3.8395382689974578,-0.10397097228401996,-2.682903547642234
-0.013439685886936918,0.006214726722008656,0.005998360646242505,-0.005449242518128867,0.6143202676241124,3.8438934612972413,-0.294742712237156,-2.6805854563708285
-0.013458582339141914,0.006215906815707649,0.005965532671919674,-0.005450584891045439,0.6083187297414047,3.8210238059810533,-0.311251935027969,-2.668716430942346
-0.013477435584679585,0.006224251612907222,0.005935091330379537,-0.005464231443447224,0.6029885417146578,3.8083840419031607,-0.33450563732948974,-2.661494777082933
0.006695843766521877,-0.013809354272979382,0.0062269583486626425,-0.005401251962568084,-0.10254510372190816,3.948976679684274,-0.10980288409741636,-2.7612916383622683
0.006682855531653618,-0.013799887541062018,0.006207636566653564,-0.00541913681812112,-0.10605780674610389,3.9424915227560438,-0.12958322845988146,-2.757925430466131
0.009241246977412375,-0.014999742667339281,0.008124091494318678,-0.0012328128047688692,0.26410307885157497,2.172916190166983,2.967568246824188,-0.9566864384982771
0.009225953845032287,-0.014998518167633548,0.00811807015300104,-0.0012570359506934357,0.2634694835389868,2.190155031777115,2.957383302034405,-0.9745025099739298
0.009260918178570098,-0.015018508368956237,0.008098343626594494,-0.0011925141013628309,0.26009040990278126,2.1259141053156623,2.961834624044251,-0.9259139551105955
0.009247692628784485,-0.015013286391385348,0.008101399918251493,-0.001215589903406238,0.2607668805354466,2.1468096835667296,2.957777609898393,-0.9431793093613517
0.009277029137122035,-0.015023374890003093,0.00809732626074197,-0.0011652292027665094,0.2597197297363664,2.1025589465265235,2.9681705575686768,-0.9055579589982772
0.009295566440663545,-0.0150274893847479,0.00809877848185875,-0.0011346192704205285,0.2595896406917216,2.07767043308205,2.9768123130300004,-0.8827386261510652
0.009324504363932607,-0.015026996056991523,0.008113928266697918,-0.0010901658148719368,0.26128914099928174,2.04808420863703,2.9974368353205088,-0.849770257088152
0.009311886009613624,-0.015039271844812433,0.0080840975860612,-0.0011036963837514075,0.25725710831123766,2.0445053629739554,2.9752642374586533,-0.8592844596004635
0.008923746749574515,-0.014926328006266558,0.008055581454445827,-0.0017598439822601442,0.2580934976777019,2.5804608606732966,2.7698501616347255,-1.338227056903406
0.00890850088406585,-0.014923156229255496,0.008049711352070226,-0.0017846233416923816,0.25735318566716375,2.598097008986247,2.7581115567124432,-1.3555247143135605
0.008893150617797019,-0.014920078298635439,0.008043410524126824,-0.0018094369206957687,0.25656417043629715,2.6155031818313357,2.7460251327916567,-1.3727655765231754
0.008867145801287975,-0.014930168642465373,0.00800390828832756,-0.0018390325152204785,0.25118507416775865,2.618182612240982,2.711898380747954,-1.3908100743985543
0.008882756949910565,-0.01493334572464386,0.008010460027090526,-0.0018140046198985083,0.25205149401744037,2.6008227335259018,2.7242498370078434,-1.373579335852
0.008943454788689553,-0.014946402929627142,0.00803291099839777,-0.0017157153574734252,0.25477413602205723,2.5305928543354734,2.770118246864644,-1.305075999027414
0.008928468081875876,-0.014942128471468816,0.00802958543785347,-0.0017408400736709927,0.25441333395331417,2.5498963320638235,2.759982606001635,-1.3228250868246374
0.009100070040123264,-0.014976770467802138,0.008084557134950045,-0.0014618028936351725,0.2605140040553679,2.3448662712503068,2.8795372205523635,-1.1242072577704076
0.009084250005531529,-0.01497561309298825,0.008076520655278476,-0.0014863641161528465,0.2595438756173809,2.3612438378982588,2.867386652460681,-1.1417593371103598
0.00906814727634005,-0.014972438999741258,0.008071959611545367,-0.001512612442836499,0.25910299380319274,2.38088802008884,2.8568292772595374,-1.1606662905788954
0.009032313129118327,-0.014948838106956732,0.008092527417042044,-0.0015823450844611898,0.2623584027994456,2.4509423312536174,2.848698283899704,-1.2125612995296198
0.009016940873253798,-0.014945922079627763,0.008087316025123222,-0.001607395266283873,0.26175959741643134,2.469259474794112,2.837784632777421,-1.2304499299248886
0.009001413703958667,-0.01494310908308246,0.008081622688012382,-0.0016325632784779515,0.26110376718020833,2.487398673130953,2.8264624693157887,-1.2483478420251741
0.009052475591907838,-0.014968625338507013,0.008068712966776248,-0.0015386165890068388,0.2588067673954208,2.401027810366591,2.847078684746776,-1.1794192308789393
0.009037393647648847,-0.014964595943258678,0.00806609520735657,-0.0015638724645186917,0.25859978935380507,2.4208775814542602,2.8378612535184105,-1.197623339345352
0.008959048117121308,-0.014950614575094069,0.008036630416006009,-0.0016897337323225042,0.25519039078794276,2.510779277902905,2.780689294347401,-1.286695712018238
0.008991113812754253,-0.014956403670502208,0.008049105516119441,-0.0016383112069782383,0.25670796028525916,2.4743366938669387,2.8045169995396466,-1.25050017386611
0.00897511198714194,-0.014954445554112239,0.008041222747806234,-0.00166332028536171,0.2557017062235683,2.4910739619295614,2.79184791689995,-1.2680157669401124
0.009217083176870077,-0.015011105874960202,0.008088890970360302,-0.0012636397259282828,0.2594785819783991,2.1807143473686934,2.937262826127521,-0.9784907265446823
0.009201026162331614,-0.015014898358322686,0.008072610711274984,-0.0012859654408822923,0.25734276537192086,2.191092873738409,2.921078423594772,-0.9944962079959152
0.009182760161932231,-0.015010831496633214,0.008069942440664833,-0.0013160024791294604,0.2572633173636973,2.2148789691924176,2.9112983101618863,-1.0165727673844807
0.00916634667129597,-0.015007797077157076,0.008066149008350745,-0.001342617595337013,0.25695196281641564,2.2352132692894524,2.9016563658793526,-1.036032042152021
0.009106519540174964,-0.014990612821028634,0.008062292606236827,-0.0014432683712917453,0.2572322812830083,2.3175634930753923,2.8709880952294715,-1.109658315485464
0.009150258955658217,-0.01500468135507972,0.008062509408298729,-0.0013687639957292357,0.25665381524130354,2.2552299388859924,2.892159660318083,-1.055106732526945
0.009134503746736735,-0.015000684448364021,0.008060561375323003,-0.0013949263707249704,0.2565958748603964,2.2761341351599462,2.8836345230110534,-1.0742168284854918
0.009119527452937308,-0.014995420654010612,0.008061322881311216,-0.0014207061717205968,0.2569062066708798,2.2981330379460156,2.8768270753671836,-1.093121032605054
0.008677210325530618,-0.014865803474087454,0.00795638964557977,-0.002162920081966434,0.24468407174856974,2.8629391194973586,2.568011412840366,-1.6124788068679992
0.008692438369503367,-0.014870170043900675,0.007962700353195533,-0.0021377967195595096,0.24560588584182977,2.845563309155651,2.5812123511994005,-1.595833350996828
0.008738822622653972,-0.014882851952695871,0.007981952756371423,-0.002061577386589935,0.248358134095611,2.79277395442285,2.620875676330893,-1.5449794224751263
0.00872329695442843,-0.01487884657996146,0.007975254471571979,-0.0020869176430680183,0.24739578387324843,2.810171955862073,2.6075822839588003,-1.561918685933101
0.008707803078897305,-0.014874561427144842,0.007968912613853784,-0.0021124194566722785,0.24650752425006314,2.827893215442996,2.594373720971739,-1.5789429575339453
0.008758667088955237,-0.01490295748531178,0.00796286639459533,-0.00201593393886618,0.2457272069432439,2.743423137429749,2.6256949113834676,-1.511547424505225
0.008743423281404143,-0.014899500991856171,0.00795572298222594,-0.0020402986023727834,0.2446926989405828,2.759730507599816,2.6126500789052343,-1.5278101620759583
0.008763688124620528,-0.014916561945830955,0.007942481228524905,-0.0019970483425112407,0.2428087268530832,2.716136267857163,2.62002151972384,-1.4967075313674278
0.008806493184428658,-0.01493380170462547,0.00794753490626232,-0.0019223575852864926,0.2433731413502179,2.6566915394306534,2.6491367320694503,-1.4451647263841105
0.008790868984836758,-0.014928743869811023,0.007943612770561147,-0.00194856700428076,0.24286565096609455,2.6763613856264494,2.6376963083013654,-1.4631219065132344
0.008775992192421339,-0.014922746035209017,0.007941850761428311,-0.001974519084516614,0.2426654154015179,2.6970053888820504,2.627573074485707,-1.4810220948314237
0.008822606948683897,-0.014938707362477195,0.007951948589342188,-0.0018955653271431853,0.2439537230091691,2.6367892457283197,2.6609925929058,-1.4267828289381388
0.00885734060140556,-0.014941910301448008,0.007974342668483219,-0.0018436493794218155,0.247027902410819,2.605764626538393,2.6922142323024767,-1.3919744408605204
0.008840695122481668,-0.014944391920426453,0.007956338403922876,-0.0018653200553599358,0.24446349662835784,2.6139750820159757,2.673914918955798,-1.4059214536840658
0.00846745808226348,-0.01481953490592384,0.007827480753670027,-0.0024889151952901187,0.22501166629021277,3.057401983920254,2.3623325954330805,-1.8169805323325894
0.008482591065272431,-0.014824433727267832,0.007835112697863378,-0.0024642353050693434,0.2262667294010365,3.0416319887670578,2.377035591069476,-1.801694999524816
0.008438169314663282,-0.014809417612672076,0.0078133006319479,-0.002537217758700146,0.22265821170665487,3.08863080993143,2.3337841381346087,-1.8468057467480257
0.00842323635161458,-0.014805668079530007,0.007803406350186418,-0.0025602280094393255,0.2210253317824731,3.101538129084981,2.3182741875616606,-1.8604956570287168
0.008442628902780774,-0.014824015939101928,0.007793162901732957,-0.0025157625824385947,0.21989543202920286,3.0589337481987826,2.3309420778917818,-1.8302940608033933
0.008455061642972616,-0.01483086720771012,0.007794784236187956,-0.0024926450061136074,0.22026976551824404,3.0409610538984,2.3415202164875333,-1.8154226938925255
0.008513379121658799,-0.014834337040508001,0.007850205666454403,-0.0024139296210796204,0.22875215142582664,3.0090904514293624,2.4065043677571514,-1.770271466456385
0.008497831183275718,-0.014829852602585536,0.007841777791101434,-0.0024388191817871184,0.227369547272559,3.0246141787325853,2.3914006072390226,-1.7857233305907714
0.008666017665164111,-0.014877403856870924,0.00792499825042725,-0.002167401088648114,0.240266540340676,2.8482726725162397,2.5474139906593916,-1.6124027168777548
0.008544219870058652,-0.014842770438269988,0.007867197158847199,-0.002364843164393513,0.23143599072762835,2.978562284638325,2.4363376359967734,-1.7396057357202361
0.008529043329757475,-0.014839163756166911,0.007857973532240962,-0.0023884731835221574,0.22995501974746632,2.992641034206782,2.4213994592654586,-1.7542698460896233
0.008549079236914572,-0.0148573641983719,0.00784658543296714,-0.002343657754467262,0.22857327103139427,2.948930676634186,2.432529440741615,-1.723171578448102
0.008656265844055839,-0.014888043169748007,0.007896807142743363,-0.002170691339681222,0.2362660151684382,2.8347990306035036,2.529222520934836,-1.6119082891825642
0.0086401600443809,-0.01489131280838954,0.007875815491213871,-0.002189371705384979,0.23319907988559538,2.8382618060851263,2.509565314970492,-1.6225625753187773
0.008561841496974245,-0.014863928278018593,0.007847918625459083,-0.002320290110538393,0.22883478501479435,2.93043102089733,2.44254927313832,-1.7077392549150183
0.00857691763107846,-0.014869441391808983,0.007853241861819625,-0.0022949164021151334,0.22964144718095522,2.912584229556774,2.4556500495300817,-1.6913545000231587
0.008592616421085986,-0.014870540343433613,0.007866763815297646,-0.0022730046702480328,0.23174944057070404,2.902300323815176,2.4722218907897617,-1.6780759830928793
0.008605758185005944,-0.014878510845571938,0.007865520494679104,-0.0022477288462331942,0.23155140313228398,2.8806643432165973,2.4812309037146867,-1.6609391095457189
0.008621657079413127,-0.01488515533550472,0.007869110141359483,-0.0022200740517261484,0.23220859534079885,2.8598464601017657,2.493932501733566,-1.6426624646313905
0.006720335735578709,-0.013828423549152934,0.006262441217704779,-0.005364886859521402,-0.09591476857676638,3.958912626028397,-0.07068115499428614,-2.766350121689626
0.006708158904909033,-0.013819663783941472,0.0062444913516366525,-0.005381703616957954,-0.09926540579327126,3.95312182198704,-0.08925424078640641,-2.7634484127579237
0.006825712453724759,-0.013936770830718917,0.006392841325526988,-0.00515479681335474,-0.06630222439512584,3.950837235390304,0.13094466301231267,-2.759510526834132
0.006813619438751113,-0.013926442245493366,0.006377340937378015,-0.005175468812277554,-0.06950129823214875,3.949911128136953,0.11024060868579737,-2.759626061008762
0.006801145354573119,-0.013916853439849518,0.006360545277503086,-0.00519474051386721,-0.0727682000966935,3.947108454922135,0.09016108411540802,-2.7587342839350337
0.006789292687601892,-0.01390713588488004,0.006344825830548574,-0.005214043165236311,-0.07592088669189122,3.94508781786721,0.07043248115004645,-2.758161285548125
0.006776761175865482,-0.013898191512358911,0.006327285600084464,-0.005231909938063894,-0.07914170049353747,3.9407668166339747,0.05115718372257588,-2.7563829406061484
0.0067634980325269115,-0.013888648532400185,0.006308638607332412,-0.005250822065324525,-0.08262514026326791,3.936074578955456,0.030787873608575923,-2.75437897002713
0.006750947064437186,-0.01387753277056207,0.006292046019387108,-0.005272390049572238,-0.08600456206072678,3.9343186608342395,0.009117957272416273,-2.753781185990775
0.006739172434620708,-0.013866087254073492,0.006276889602113949,-0.005294372976250443,-0.08925596649508609,3.933817357415721,-0.01239789666071505,-2.753734898276545
0.006727878921821507,-0.013854525837266018,0.0062625045425843484,-0.005316428959055,-0.0924658211009482,3.9338650336808247,-0.033718227494455306,-2.7538906096017595
0.006719169657687067,-0.013843498119316889,0.006252409003458369,-0.005337242827623902,-0.09504114756472096,3.936579933941239,-0.0527490223200127,-2.755294461335504
0.006837368394534727,-0.013947817709648756,0.006406936774579941,-0.00513279161894585,-0.06311848118788942,3.9498282585155127,0.1521238656710788,-2.7583582632574557
0.006863321798192108,-0.013967355131590326,0.006441113568072168,-0.00509261142354761,-0.056363924025433824,3.954348730059633,0.19373194320083797,-2.7591085470417425
0.006849859445470539,-0.013958558409855694,0.006422578754377988,-0.0051110963493584466,-0.05984705946520107,3.9501101397683116,0.17359450794018416,-2.7577654823398388
0.006862589522373672,-0.013982559027816904,0.006429592562565409,-0.00506533451548936,-0.056018957720169016,3.930109467855241,0.20948267199788181,-2.7464887985577673
0.007007528550819594,-0.014101117075193305,0.006599899649385183,-0.004815893819083015,-0.01955010954706823,3.9170619654270884,0.45127439606513153,-2.725690682039025
0.0069633005286131215,-0.01406032403053636,0.006553738541670047,-0.00490164529280848,-0.030495680543289837,3.93249385756206,0.3730627773733653,-2.7389399734362896
0.0069951322777192385,-0.014091416070565207,0.0065858273113097035,-0.004836978014549979,-0.022581577725501508,3.9188954861334993,0.43102443297621235,-2.72814137884104
0.006983243949165479,-0.014081114165112778,0.0065729729090060725,-0.004858872888843942,-0.025515090067540182,3.9220553792084014,0.4106626656221506,-2.7311946060599053
0.0069724902439246735,-0.014070192330985654,0.006562449746869009,-0.004881447408161246,-0.02817117417880916,3.9273154308231626,0.3906960535235084,-2.735196976487345
0.006947691734900624,-0.014057056203903165,0.006528505188440372,-0.004911858366244483,-0.03426133489043085,3.919017372059422,0.3561860278758653,-2.7333584694396085
0.006871864988712186,-0.013992914217522351,0.0064392356341038,-0.005044824720518259,-0.05353802662691166,3.9261186953535936,0.22783485736876072,-2.743736521113022
0.0068827514043260625,-0.014004735692298945,0.006450613262971821,-0.0050212916759214505,-0.050672907335779845,3.9216937024096103,0.2489602850110694,-2.7405843075672407
0.006933441313065804,-0.014046290880640118,0.006511239246836691,-0.004934841887017597,-0.03780926520810598,3.919084257182989,0.3333356182583697,-2.734790009488592
0.006920400983136365,-0.014036365048027221,0.006495332544142786,-0.004955885360313879,-0.04109572373089707,3.9189722768431845,0.31237500471861285,-2.735951101778491
0.006907467973729881,-0.014026412728156128,0.006479483523695927,-0.004976831646430999,-0.044343302989874524,3.918758116122987,0.2915071711833929,-2.736992101698492
0.006894830394005837,-0.014015905913076705,0.006464400194812712,-0.004998583322991012,-0.047558106172333504,3.9195018218637006,0.2703469113983916,-2.7384579718780384
0.007003031140998337,-0.014118849236282921,0.006577723767457743,-0.004786292063950538,-0.02056839784772799,3.8824875342339404,0.46311578740479115,-2.707573812555028
0.007015241917400672,-0.014128683243432206,0.00659103494018595,-0.004765055198990071,-0.01764824082084734,3.879810782943457,0.48305645117530355,-2.7046281170989066
0.006998987427849682,-0.014134921433927205,0.006557743977900531,-0.004759681242268719,-0.021281212466601404,3.851576184030132,0.47370844862871453,-2.6912758868967126
0.007028649261835995,-0.01413878880565751,0.006606049562008891,-0.004742843451071308,-0.01446542005450944,3.877767137498148,0.504292169653921,-2.7018231319099937
0.007043767058097051,-0.01414772666114235,0.0066248441443384634,-0.004721924611453277,-0.010893922942162666,3.8792496133669228,0.526166567557841,-2.7006528056115093
0.007093177896235893,-0.014183708576479128,0.006679221229314621,-0.004640818029488995,6.282013714973095E-4,3.8703309779275803,0.6034454735503941,-2.6888662518753375
0.007079008902453854,-0.014168580993380898,0.006668042377714707,-0.00467253219317578,-0.0025624060362897326,3.8815269855108694,0.5773621562320085,-2.6970375466179926
0.0070590891679937415,-0.014157424714639395,0.006643189941072381,-0.004699455334089887,-0.007248260235065693,3.879351056114281,0.5489748497940568,-2.698631791716432
0.008202333235947639,-0.01473963317281027,0.007656130092870609,-0.002903696479323598,0.19595469140723615,3.2897085282939997,2.0804235721933884,-2.0564900942024873
0.008213994150381466,-0.014746946153837308,0.0076586160252087995,-0.002881338809168006,0.1966172388412699,3.273348691602958,2.092230083895164,-2.043130820900196
0.008109841651079079,-0.01469085367330657,0.007617211441631977,-0.0030692216527501443,0.18762852492120888,3.3972249057687463,1.9794861664540984,-2.150535784775523
0.008095309454372236,-0.01468605568323327,0.0076059246406645605,-0.0030913986092430887,0.18555816185814009,3.4075734859584226,1.962338160053368,-2.161817468871091
0.008124585731114837,-0.014713392426676535,0.0076007684515327885,-0.003024114879009938,0.1860450478677631,3.350850047070702,1.9921426789927945,-2.120577796265066
0.008113121740799109,-0.01470577226013087,0.0075980916163880365,-0.0030464669859362184,0.18529161602199073,3.3668867688725923,1.979855786543966,-2.1335439574409536
0.008172602310928645,-0.014730261342912467,0.007634425876072601,-0.002949180165148743,0.19217344555442306,3.312466787174297,2.0467780539498386,-2.0808281575121557
0.008186868725201843,-0.014740135392227325,0.007636337102033013,-0.0029207718319984757,0.19281244781152937,3.2909770893321744,2.061202899794296,-2.0637984640166933
0.00813900498695133,-0.014722075984995758,0.0076053661230049445,-0.0029971410731326384,0.18718816378625955,3.332353437394456,2.0076314458766897,-2.105113381720758
0.008155771233553231,-0.01473060378713333,0.007612936740110813,-0.0029677255211199203,0.1887093560979736,3.3137346677643222,2.0258680415979207,-2.088582243769348
0.00822853038736446,-0.014753967111381064,0.007664913068093765,-0.0028560037922987277,0.19789716996767745,3.2569495433875173,2.107509861552906,-2.028477371791507
0.008244091507515598,-0.014759333255702084,0.007674937250436297,-0.0028314243184888606,0.19959086954279795,3.2434234367833485,2.1244876267217196,-2.014792185185602
0.008259376314465772,-0.01476177692205664,0.007689212779478651,-0.0028105620102636844,0.20204794447356247,3.235450680912977,2.14214852129181,-2.0039660614788515
0.0082721162777064,-0.014770416256692231,0.0076902098790092915,-0.0027852845136242324,0.20239178948282355,3.215698429520636,2.154162463849311,-1.988333627037795
0.008317502589893928,-0.014770422942209642,0.0077433564542553,-0.0027309226292782786,0.21079309367430063,3.2043734090947704,2.209134703777071,-1.9618531392478509
0.008301589614209197,-0.014765726815910263,0.007732574805693536,-0.002755624436753489,0.2089163788793276,3.2177816256348435,2.1918942905078613,-1.9759029057981154
0.008347754683754025,-0.014779238261748607,0.007763534317911277,-0.002683850897152484,0.21418857264995259,3.1784497833969847,2.2416434923814132,-1.934775006387561
0.00833287179837203,-0.014775143529598583,0.0077532850735589935,-0.002706769710542244,0.2124320409146476,3.1908190846436058,2.2256121638964537,-1.947923646174852
0.00836394617572142,-0.014801382896287494,0.007744811870989369,-0.0026388465806488383,0.21185998774621165,3.13038600349744,2.250371999806937,-1.903458793274524
0.008351897344775577,-0.014794107619479616,0.007743374821134577,-0.0026618354851994956,0.2114634612592535,3.148216858821047,2.2395569675283302,-1.9179442871448018
0.008378931467586162,-0.014809030867103256,0.007748761672859954,-0.002611833914620459,0.21271414844082717,3.11079418488403,2.2642867335019865,-1.886698957080936
0.008287470235944585,-0.014777950199126881,0.007695918209641756,-0.0027582144323998023,0.2036141243967645,3.197372043425688,2.169572228195472,-1.9722291871200686
0.008412174725510969,-0.014815978596548166,0.007773757550702217,-0.0025628366148672684,0.21675589626730024,3.085847961179702,2.2997619872986728,-1.8583975828379238
0.008395767760661473,-0.014816722341956443,0.007754477175371365,-0.002582472574829116,0.21374778723179416,3.0903097258226784,2.2801536271769667,-1.8685832794955617
0.007934148818777454,-0.014617225653332285,0.007493873715010149,-0.003352838723370059,0.16390699257020694,3.539514747290039,1.7680549702102637,-2.2930248037802703
0.007918763026453592,-0.014611635786926846,0.007480666542370886,-0.0033759425630984423,0.16139940142174028,3.548623717205475,1.7488089683928083,-2.303427179769638
0.007963556869500225,-0.014628640432622502,0.007517561377380953,-0.0033073805510311547,0.16836721375457317,3.5198683161220123,1.8045963146765585,-2.271802277561363
0.007949125499560042,-0.01462351977685801,0.007505303666096274,-0.003329070846520409,0.16605851664106006,3.528629217396508,1.7866799758144951,-2.2817723477840066
0.007966556926757818,-0.014643631324258943,0.007499360573513939,-0.00328383225535456,0.16629377561513853,3.4895712497683413,1.8068566840645395,-2.25471327868357
0.008049007887619454,-0.014669244625220344,0.00757130538846027,-0.0031634825442465532,0.17923350950874364,3.4422178937818786,1.9074044474918923,-2.1983377977830916
0.00808015129328783,-0.014680559435575238,0.007594755503312228,-0.003115078462154726,0.18357125771093274,3.4191532543076755,1.9444409714281992,-2.1739516967438415
0.00806441939109258,-0.01467571449680436,0.007581656685202299,-0.0031384349097114037,0.18120566041816674,3.4291532664132975,1.9256165725700123,-2.18543601886418
0.007977882211957063,-0.014651566803532776,0.007502917796455579,-0.00326150631908362,0.1672891962297437,3.4745390562662197,1.8202396706076238,-2.242575761935491
0.007991212608411014,-0.014660181094481625,0.0075080208541132695,-0.0032362026431986307,0.16857130644402993,3.4581657265142183,1.835909922909867,-2.228960343186978
0.008034859594287685,-0.014681243686668734,0.00753432805406416,-0.0031626692508018874,0.1738958587980823,3.4177106548390666,1.887316628250982,-2.1910903732317917
0.008020151872827149,-0.01467468768720562,0.007524825026968497,-0.0031867868342798996,0.172037562163563,3.430471869612559,1.8700373785350013,-2.2034325411985733
0.008005537431436182,-0.014667807559340553,0.00751575869831659,-0.0032111730706605207,0.1702184474065693,3.4436659392250157,1.8528061591365954,-2.2159264390790434
0.008083939311687044,-0.0146964893828618,0.00757501546027742,-0.0030902794878611126,0.1811991270604578,3.3868469285704803,1.9456223117436209,-2.1556886323230984
0.007832950932460026,-0.014570925780086967,0.007417474855055979,-0.0035165007162746456,0.14861678858027697,3.6142036666609543,1.6397148132238184,-2.368398547889702
0.007847501874752154,-0.014577325486042144,0.007429331938677911,-0.0034935788221753562,0.15098699187911738,3.6047229147907385,1.6584351579698262,-2.3583698444646095
0.007820215530440763,-0.014579367545023165,0.007387243792882965,-0.0035162140572520795,0.14435594936328108,3.5936329230967594,1.6238462633136355,-2.3616796217813736
0.007804238511227669,-0.014577014325438882,0.007367513073137967,-0.003534331295230429,0.14094282792462412,3.594084178979056,1.6035933633270931,-2.367227004705042
0.007876363947563388,-0.014589493293078633,0.007453120292006468,-0.0034486015760634317,0.1555920964732004,3.586265030190258,1.6953528594939247,-2.3385142849589156
0.007862119805739533,-0.014583960152106766,0.007440782227517381,-0.00347017047986534,0.1532006558847707,3.594512414171573,1.6771913619693601,-2.3478737672807877
0.00787892422666843,-0.014604448284342313,0.007435226128749065,-0.0034249728014577236,0.1536555017252151,3.5561672206020476,1.6984207457807963,-2.3215806874628933
0.007890183548676467,-0.014612992801632151,0.00743874030365829,-0.0034020764727843073,0.15473094951615754,3.5409475267270287,1.7124392888680269,-2.3095320964123616
0.007904027741013786,-0.014622652400316375,0.007444097728415893,-0.003375103698968654,0.15619885129796598,3.523785223024434,1.7295068655621366,-2.2955188543630043
0.007536384919605503,-0.014416291483223908,0.007171260538803632,-0.004000424384606439,0.09735890744949256,3.8012989579126093,1.2359011075609223,-2.559307332711192
0.007521732571329754,-0.014410135520264364,0.007155430252582172,-0.004020939621876992,0.09429143184968534,3.8046518674019367,1.2157668685257288,-2.564993996377474
0.007538109250200683,-0.0144318319598773,0.007154986243781742,-0.003974545205736762,0.09612580837422144,3.771219585672341,1.2435981882245255,-2.5424026911962274
0.007575511611895093,-0.014458950446589618,0.007180096778948993,-0.003903988800319351,0.10233014449146101,3.7382868399738194,1.2979788571452682,-2.514341582265079
0.007549024980802822,-0.014440600594350091,0.007161416790213968,-0.003952651978701197,0.09787580542906597,3.760101454933442,1.25986622712661,-2.5334224869750623
0.00756174823774076,-0.014450244112290312,0.007169453260208672,-0.0039280072744656705,0.0999306441841137,3.748090951397082,1.2784969079067727,-2.523438421921474
0.007589776700982439,-0.014467558363546093,0.0071914618017569045,-0.003879665454396872,0.10484303002741839,3.7286869105089724,1.3179512889180707,-2.5051756362965922
0.0076215949795480145,-0.014477703210046248,0.007227714377271802,-0.0038390356103861364,0.11140305716726921,3.7245240833810227,1.359864982607499,-2.4939626633790186
0.007605737329063816,-0.014476801586053217,0.00720444903701009,-0.003852957031096851,0.10762734949306554,3.7184111376710085,1.3400746763333637,-2.4951237333456366
0.007632168619724624,-0.014486045438046255,0.0072332516200642105,-0.0038177758498572256,0.1129387563096103,3.7128720143783416,1.3750247338638097,-2.4845902135428557
0.007644833839710589,-0.014495337219983563,0.007240621992115511,-0.0037933582352123693,0.11481624250680265,3.7001387750143127,1.3928721233550048,-2.473998051795126
0.0076587071686971325,-0.014504108593134746,0.007250327333460318,-0.003768707109993249,0.11703808816060458,3.688784063027214,1.4119657041279454,-2.4637693330871744
0.007673368312438664,-0.014512763312939334,0.0072611891935031965,-0.0037435182526244586,0.11944445346034947,3.6777532532095862,1.4318943162667923,-2.453443724965645
0.0077069099586202705,-0.014523311888437293,0.007297628362100262,-0.003699426580420074,0.1260852567256021,3.670214490279379,1.4755910501154839,-2.439233643080878
0.007690014227512129,-0.014522145869980883,0.007273870379116574,-0.0037154958452170444,0.12213481740587248,3.665800366235776,1.454300826679596,-2.4419793021373652
0.007720480054357638,-0.014535096071098966,0.007302106552119624,-0.0036702134155167385,0.12759883024343235,3.651569685334487,1.4943718347104349,-2.4249708396359577
0.007745547914632222,-0.014564788307884961,0.0072990723637116695,-0.003604679754548763,0.1292476139332965,3.6008389186789667,1.5292813894836257,-2.389691484653025
0.007731764404861496,-0.014552371414846913,0.007295599962863177,-0.0036349054258908863,0.1277799206001569,3.620949891724139,1.5107486401278225,-2.4048825720046683
0.007759234148451578,-0.014573226078392669,0.0073075689012261245,-0.0035803399596466786,0.13120744294560002,3.588398017688586,1.5471189489266113,-2.3786481379653743
0.007785852079835412,-0.014582137634056087,0.007333904022283305,-0.0035436571478654256,0.13601758866091407,3.578608191515897,1.5808980891995252,-2.364870861961041
0.007770542774647147,-0.01458289972940447,0.007310769882709229,-0.0035562900734031977,0.132322332308783,3.572566692726967,1.5619855441165813,-2.366484345706541
0.007506107832611835,-0.01442012565488974,0.007118528744359406,-0.004016298447351727,0.08941442873988693,3.77507884295172,1.2006720762303151,-2.5528511139179435
0.007476922497670366,-0.014415720504357571,0.007077403274916638,-0.004043845118923725,0.0826095436027494,3.7653859236017486,1.164148260186841,-2.5548762783758723
0.00745909735789951,-0.014419562702190462,0.007044596476818169,-0.004049997569243049,0.07794166889127917,3.7464888137440897,1.1447778846873662,-2.5488299658774474
0.007489416472235996,-0.014428798518771581,0.0070817612378428,-0.004014394353708459,0.08441214971706301,3.7478016216883563,1.1840370308218937,-2.5420921002170176
0.007275453182556475,-0.014280222953861598,0.006897216596212037,-0.004390385142647955,0.04232107951320446,3.871616344922328,0.8629314449829808,-2.658145193300974
0.0072897415125182715,-0.014285802701731326,0.006915440251467174,-0.004373188738074584,0.04573952719904144,3.873594916874173,0.8822152845120792,-2.656393313275313
0.007379036345220209,-0.014365931676594213,0.006976894498229343,-0.004188338662140585,0.0627086013582439,3.793685976360137,1.0278400499655105,-2.593502848953048
0.007300979743935526,-0.014299108154786315,0.006920351483498885,-0.004344659678916234,0.047685981845450254,3.858150086856273,0.9029025382007204,-2.6456508909629357
0.007310835502800825,-0.014316880459178779,0.006918040913919943,-0.004309527113416915,0.04913257533941923,3.8330208670467667,0.9244037037888836,-2.629811786278527
0.007364730294645408,-0.014359036245024652,0.0069612170512236005,-0.004208389652868758,0.0596813909418862,3.7960717433654847,1.0080781316166287,-2.5979800311797696
0.007350082929291977,-0.014350724660429706,0.0069463845803258,-0.004230837382227196,0.05666441475887438,3.8006135668316285,0.9871854149569662,-2.603671017533784
0.007335825988543492,-0.01434107749571435,0.006933459913894559,-0.004255128882985223,0.05379056135735883,3.8076864594044664,0.9659729345292146,-2.610622648511988
0.007322588570619473,-0.014329879820681433,0.006923674383504421,-0.004281287940626991,0.0512334007112708,3.818192815007991,0.9449512593785151,-2.619203554759801
0.007392536849416428,-0.01437570010870744,0.006987923549285953,-0.004164028795590253,0.06532144560026397,3.7849708384813865,1.0481025300939335,-2.58566222899374
0.007419724152534209,-0.014386773814278414,0.007019340567603221,-0.004128679509550604,0.0710931947871195,3.7831290492058867,1.0846606771885512,-2.578404320292273
0.007403638931011023,-0.014386175255079587,0.006994112132255553,-0.004140051742472013,0.06713869969287162,3.7729566548373237,1.065858737527915,-2.576498197162768
0.0074294433800947786,-0.014405324980994685,0.007013799973230796,-0.0040925511351170415,0.07197491579949279,3.754145574906507,1.1043129045066997,-2.560136177122587
0.0074407122559929685,-0.014424476100278374,0.007009783663275576,-0.00405462300077732,0.07313941730353285,3.7251399969605177,1.125533094089711,-2.5414229400891983
0.007452946546939993,-0.014436639267347234,0.007015076196832346,-0.004027194978074179,0.07505038720163507,3.7098792041694764,1.1446143502748343,-2.530049145339458
0.0071625671585857755,-0.014231174955291968,0.0067546443764787715,-0.004529757274883618,0.016412823533388406,3.8567418084332927,0.7093581860133357,-2.6705151287662896
0.007107133120771182,-0.014195498331224498,0.006692717480445534,-0.004614861408618263,0.0038048457192186662,3.86428766520288,0.6265257723387396,-2.6834740000748503
0.007149172792631521,-0.014222891244463498,0.006739595267286084,-0.004549916996219341,0.013394275805936858,3.858377776272581,0.6895813416049886,-2.673622233227167
0.007135419975460889,-0.014214537650230478,0.006723860697572069,-0.004570242845396483,0.010260064076130103,3.8595276129508336,0.6694076549669372,-2.6764701508979454
0.0071213266194240414,-0.01420559600123855,0.006707935558690985,-0.0045916015404585024,0.00704486632401741,3.861098553990345,0.6484650659846095,-2.679549150956707
0.007176064127813624,-0.014239478748417269,0.006769710701066211,-0.004509406302188213,0.01947280636978382,3.8549159555057844,0.729264827314915,-2.667237082719637
0.0071901834897484754,-0.014247974369766605,0.006785503989279841,-0.004488324132519548,0.022633737811566527,3.853072125104837,0.7499622674346336,-2.6637901117518292
0.00720567528330232,-0.014257235548648559,0.006802718677743532,-0.004465155696771369,0.02609415696595575,3.8508502641962914,0.7726308603216562,-2.659836187071002
0.0072258481192867,-0.014266287802197512,0.0068278348285847204,-0.004439833571360955,0.030726651882778254,3.852939265016725,0.8001036178700389,-2.6573437111875315
0.007242710060337071,-0.014279648446536545,0.006842850024126045,-0.0044087326418808465,0.03423551892154233,3.843669889528456,0.8269414770886986,-2.649109664909258
0.007258543892380471,-0.01428988005303564,0.006859017920126457,-0.004383284550540267,0.0376706887963228,3.838805424114916,0.8506080186307937,-2.6434155534729737
0.01036586854841034,-0.01507766956086544,0.008131301354024496,5.859308100893144E-4,0.2460438809759735,0.689450537330729,3.263097784895685,0.4626751457088843
0.010348829693175368,-0.01507740141340037,0.008136063475280855,5.590031253109175E-4,0.24682402445361348,0.7126287732352612,3.2645605667559594,0.4411513088607601
0.010330987562008719,-0.015075297940676637,0.008144386540591653,5.311755631313146E-4,0.24807075004376158,0.7379615244809017,3.2682443307797513,0.4191516369961092
0.01038364119914622,-0.015077398493328965,0.00812719363820155,6.141106145332633E-4,0.2453479840837058,0.665601456212801,3.2620730361070236,0.4852551686137498
0.010405693368404904,-0.015074868277175855,0.00812604421521852,6.496343951177434E-4,0.2449870366291485,0.6372481984471746,3.2633574186823884,0.5139472815400953
0.010429341399043349,-0.015083912740822875,0.00810171065614007,6.842259078016318E-4,0.24181222150217543,0.6004552850517807,3.2489928384994236,0.5404842486558658
0.010452340036757525,-0.01509367864151668,0.008075945083732536,7.172101683544244E-4,0.23860562644878594,0.564489114398815,3.233424671068962,0.5656151719155496
0.010473460228734728,-0.015100077296941522,0.00805700330252485,7.479900612401429E-4,0.23618944670077702,0.5330908050739026,3.2222205796907617,0.5893869236467298
0.01049962833470891,-0.015101745172522675,0.008045137202214864,7.879052559927153E-4,0.23464482577377807,0.4975349267078352,3.2159837416753736,0.6209204131271128
0.010525513176620436,-0.015108302238775831,0.008023669912263868,8.254467957245498E-4,0.23193449508155253,0.4603090747328639,3.2030869499480166,0.6498707335280152
0.010107268815286119,-0.015092963062599158,0.008143859978626074,1.716100420347669E-4,0.25122710171459023,1.024400876479383,3.2366997041483487,0.13014293553493336
0.010124901607674246,-0.015098779726914046,0.008131073067239493,1.9927298225512184E-4,0.2493283485393649,0.9967183842827357,3.231178797950553,0.15173601694457897
0.010271662995596946,-0.015085423633435653,0.008137083419346741,4.3473466325115966E-4,0.24795554458958738,0.811302971263049,3.2563320802025113,0.34094825556435143
0.01026093168215167,-0.015105807873680833,0.00809941065270421,4.140000885625934E-4,0.2435368733386785,0.8122033475313751,3.2298173470050817,0.3223968661646128
0.010142545086704789,-0.015105209353539165,0.00811690919348925,2.267375826921955E-4,0.24737377451421497,0.9686993522279189,3.224651666484657,0.1731010767554577
0.010242719664634152,-0.015106228136935608,0.008101737575602041,3.8519281561488517E-4,0.24407343907184095,0.8360162803731211,3.2290316425025556,0.29937534981473096
0.010161951095878443,-0.015108624469388748,0.008108246145339502,2.5713952596669276E-4,0.24585892853578387,0.9407454870113648,3.2219431990603593,0.1970428702095102
0.010180045718924894,-0.01510617039212119,0.008110914223148859,2.8609022673598163E-4,0.24607069482099955,0.9187729854787283,3.2264069619751004,0.2202854892562814
0.01022389635312373,-0.015108046331517433,0.008101213469654313,3.5518475466113174E-4,0.24425818445680472,0.8596300587971802,3.226178092824291,0.27528242077705073
0.010199023891433092,-0.015113010423431791,0.008095168022909533,3.1520715539722365E-4,0.24381616434799278,0.8889522468328951,3.2187348940656197,0.2429485538309832
0.010294430608873827,-0.01508272862318149,0.008137862722351964,4.7145195115929354E-4,0.2477574972659116,0.7825251065161744,3.2596485758051306,0.3705662579803293
0.010317255860755567,-0.015090314285851893,0.008118262875036149,5.060257637602085E-4,0.24504880400398601,0.7471694448993805,3.249159120783876,0.39739408217695504
0.010046787918908768,-0.015092494542004084,0.008147925652398953,7.495300343547184E-5,0.2527332065780294,1.1040369787301636,3.228666807883267,0.05321433203349187
0.010030449722258682,-0.015091786925333923,0.008149725153154137,4.8830260099333684E-5,0.25322471164127514,1.1259171022212318,3.226784261377563,0.03249925739707742
0.010013072343103344,-0.015089812809017588,0.008153835770953542,2.1034551411555877E-5,0.2540508073704107,1.1501929256345074,3.226133407581606,0.010545863799184443
0.00999555948261548,-0.01508544562541881,0.008162450311745182,-7.0390484762509055E-6,0.25547928515399115,1.1767071729562992,3.228301717590217,-0.011466164752925667
0.009958470067038965,-0.015090184101051824,0.00815244323377863,-6.640900446261513E-5,0.25486427447563353,1.2205184680079746,3.214180222712098,-0.05887911946650158
0.009981235531500125,-0.015099473051951612,0.00813472772000226,-2.981095283160633E-5,0.25216434097278034,1.183027002033567,3.2073538477649364,-0.030415223280303817
0.010062428648901922,-0.015094449514187994,0.008143519962942136,9.988580416786122E-5,0.25191251105239115,1.0820061289324705,3.2286356816025688,0.07291435900316762
0.010078403592531841,-0.015099754551027156,0.008132368780290535,1.2512799796446353E-4,0.25022136108911136,1.0568524322941506,3.2241570150863663,0.09263070612145909
0.010094646769088021,-0.015108748890431713,0.008113848258248554,1.504382555046508E-4,0.2477115982082995,1.0285773954244204,3.214789563232921,0.11210480181253928
0.009806868625679444,-0.015090531358797609,0.008138905220664993,-3.086446881007745E-4,0.2558140314552983,1.4122060135765613,3.170474593575563,-0.25003339678505704
0.0098242430231253,-0.015096898200951375,0.008128701072639357,-2.80149509985604E-4,0.25414547573510365,1.384224138600011,3.1683199068412513,-0.22786988365365932
0.009871148073290344,-0.015092559432456229,0.008142342456169937,-2.0588814399907446E-4,0.2550810641604792,1.3296794058378871,3.1882772007954103,-0.16927816350458344
0.009844329771273811,-0.015106796626734073,0.008111703238886707,-2.4708987937696077E-4,0.2516126882129716,1.3495671895531187,3.162403768646491,-0.20225682324811228
0.009860973343556456,-0.015105255628526621,0.008116471759289432,-2.2085829432717086E-4,0.25199449924065737,1.3303047012563305,3.1693735605190385,-0.18157712755659416
0.009888384296721639,-0.015099175874193458,0.008130847695946982,-1.7783280109261117E-4,0.25326482726030924,1.301622428132495,3.1848780282512394,-0.1474390583908011
0.009906290928843183,-0.01510577045313024,0.008119260574686205,-1.488600386669572E-4,0.25149378878861933,1.2728835449866163,3.1814711951433274,-0.1248906251523468
0.009924990491948709,-0.015108841999814387,0.008114403938649177,-1.1897581784443092E-4,0.2505643792067667,1.246470679529246,3.18244172727465,-0.10147750047665229
0.009944549238869128,-0.015111164466871904,0.00811080322738378,-8.783043414652769E-5,0.24978523718033527,1.2195837520066914,3.18428221348896,-0.07698516460554573
0.009741512670189068,-0.015088299799205554,0.008132759048415083,-4.1299288160867023E-4,0.25620198098172725,1.4950645535847975,3.1494984301777262,-0.33166117090080555
0.009759193710526921,-0.015095194342529275,0.008122386496192622,-3.8370478085452656E-4,0.25450621036815196,1.4662215611621467,3.1477262501186742,-0.30893649383056115
0.009796200931063573,-0.015103472413979533,0.008112041821656275,-3.237552426183855E-4,0.25257477128461003,1.4123663333491474,3.1507839155267052,-0.26226185920037626
0.009778685106841285,-0.01510577730957842,0.00810489529998156,-3.5111380437853303E-4,0.25192363304165527,1.4315205153140924,3.141818307214737,-0.2837350744075575
0.00943776055284252,-0.015045396362136441,0.00812805348307307,-9.056230015557479E-4,0.26124150358476766,1.9008739788332516,3.0497429326057426,-0.7106976410732064
0.009454884765026197,-0.015056620760940758,0.008112925127065228,-8.744244253930368E-4,0.2587920301941957,1.8675560109285534,3.047081774457309,-0.6868775256018859
0.009598710158504305,-0.015077996737768976,0.008119484824937866,-6.414677689690258E-4,0.2570638996148031,1.6773787495117933,3.0995521977394884,-0.5087458255909542
0.00950382703337478,-0.015067790778519649,0.008109238024518487,-7.937681485104107E-4,0.2574134297721817,1.7987465151856383,3.062149393692795,-0.6254561177547172
0.009487962243950909,-0.015066253825581027,0.008106569517431978,-8.191311426700822E-4,0.25732374964229693,1.818515732432383,3.055064283118416,-0.6447646479827253
0.00947131521365874,-0.015062720290342481,0.008107310568537954,-8.46441126007299E-4,0.2577219525624486,1.8415601645430222,3.0496447646487455,-0.6655538825761999
0.009582758444266114,-0.01507541113963491,0.008119908299684718,-6.673508788663606E-4,0.2574261732521963,1.6989890542549808,3.094761903035416,-0.5286448347222598
0.009565801685059256,-0.015072196580307595,0.008121068234271807,-6.950221538055535E-4,0.257888033522959,1.7224478629196647,3.0900085251012475,-0.5498909383673638
0.009549660738925153,-0.015066026623383494,0.008128057778589519,-7.223789476365708E-4,0.2591537916362722,1.7484580030470058,3.0889535329652205,-0.5708822221124584
0.009519981329914981,-0.01507175757992878,0.008107092123214706,-7.671087550397124E-4,0.256826200268895,1.7755760404814078,3.0663717394894108,-0.605080012736805
0.009536305920319314,-0.015077746369446428,0.00810087956872218,-7.395566429477203E-4,0.2556767553791324,1.7497376120586987,3.06811844524203,-0.583964133941572
0.009614868762492589,-0.015081157734294767,0.008117810110880459,-6.151167858006197E-4,0.2565525746138781,1.6547870263972049,3.1035533573140897,-0.4884481043767403
0.009645767086719324,-0.015074834010051762,0.008138299654183516,-5.679220842087139E-4,0.2587518952684042,1.6253486486127768,3.1255843664689986,-0.4518728543417449
0.009662828222278347,-0.015079487067361445,0.008133373117104674,-5.397309934077137E-4,0.25774762352805697,1.5997855883720933,3.127622054116049,-0.4301078646683007
0.009631820102002161,-0.015087545263158798,0.00810985646214535,-5.86704010623093E-4,0.25515878755895516,1.6275660553614484,3.1038680546890203,-0.4665382889895602
0.009729859895829009,-0.015100970826341119,0.008105781432692935,-4.2906647877771146E-4,0.25299325948378876,1.4958149248590822,3.1294632519018073,-0.3444055171334639
0.009712507952087595,-0.015103016319599878,0.008098373562112841,-4.560239616211255E-4,0.25232039559601266,1.5145465329739125,3.120092197981503,-0.3654172789621812
0.009669315604943001,-0.015096601653463474,0.008101452611626736,-5.254333213909567E-4,0.25346126613169234,1.573104718786345,3.1097911223970773,-0.41921478609830043
0.009687677104359726,-0.015105278356557283,0.008088717385996235,-4.946018635841532E-4,0.25140240147487547,1.5418139252236147,3.1071770480395737,-0.3954055046038011
0.009340430050255526,-0.01503024888532028,0.00811518924028455,-0.0010639368631512587,0.2611265757428125,2.0267713221407977,3.004635270848738,-0.8301027333839196
0.009356885593415597,-0.015029786631304444,0.008123721919062429,-0.0010385820375781363,0.26215917674413886,2.0098252524918454,3.0161284545557043,-0.8111996564916861
0.009372980821978622,-0.015037364359751686,0.0081162737549497,-0.0010101195698470693,0.2607348928590463,1.9823037524605454,3.018195718045836,-0.7896048743804069
0.00940718999747173,-0.015056040954090572,0.008094843045286003,-9.489079967476551E-4,0.25715527189549414,1.9207978011440614,3.018879868269883,-0.7431302656023658
0.009389910673896508,-0.01504981034986025,0.008099560170813891,-9.783621154902363E-4,0.25812366858909114,1.9476150917144979,3.0150802300123627,-0.7654113419196503
0.009424275070766663,-0.015061485424714458,0.008091347188867141,-9.20153720819189E-4,0.25637880382997524,1.8951325475309553,3.023189488706024,-0.7213289208406434
0.009411768622949361,-0.015072979696430743,0.008064026421246012,-9.347858834786867E-4,0.2529142888831632,1.893973270126224,3.002628379379206,-0.7319761585936954
0.01600575478191093,-0.009996801166153533,3.6161888897341866E-6,0.006599556084338597,0.16413064545265424,0.008654484248731638,-2.296251615302916,0.5764727643758749
0.015978653912797784,-0.01016730198010631,1.9065433063547663E-4,0.006634953151340161,0.16755503665365848,-0.12803960295831665,-2.2950035010574914,0.723422581484937
0.015989893113249512,-0.01032534306976023,3.6200699009298183E-4,0.006602824419477515,0.16773021547933262,-0.2502139155433445,-2.255381066424747,0.8394429130773785
0.015993133116632485,-0.010454286556781987,5.006156536101532E-4,0.006577219218448719,0.16667417336529353,-0.3488286620038186,-2.220524801863849,0.9332255220468529
0.015991230255328823,-0.010577312576630898,6.320901734641446E-4,0.006553475882348474,0.16669118245334727,-0.4412167285444188,-2.1856844811190315,1.0228406372206502
0.016007783741644493,-0.01071608491095926,7.72853728054596E-4,0.006492370328373658,0.16532781560304602,-0.5368754516261068,-2.1280738164635467,1.1070112317520033
0.015946464785134028,-0.010814673022516045,8.949826906035026E-4,0.006547229035283708,0.17095842159684901,-0.6232440068586796,-2.131649741179217,1.21297393103418
0.016151897356109227,-0.00991466601941909,-7.885939481273059E-5,0.006387898966882011,0.1512589410675296,0.06988093414144449,-2.190673599419315,0.45989687876726376
0.0162995769046919,-0.009836012712162598,-1.481654853455409E-4,0.0061807623781092195,0.13908759131385337,0.11834121189087661,-2.086626408547549,0.36003483673434294
0.01634609277539157,-0.009456965188326946,-4.995343388459716E-4,0.006064833814836897,0.13474447002657666,0.37150609383907524,-2.040318265646709,0.08690626228291434
0.016325929222603074,-0.009655814797494475,-3.175876149793637E-4,0.006126123329273981,0.1371197716217735,0.24176313015966108,-2.0673710593889436,0.2262784433319158
0.01643597544971804,-0.009772318702503334,-1.9645583837481573E-4,0.005996196614201668,0.12900760041513631,0.15310576379267282,-1.9961402591133222,0.28459152727183107
0.022731454109292365,0.005102721417623564,-1.7567939338705157E-4,-9.069978008642545E-4,-0.21034524261450385,0.2740066209467576,0.3564579437529983,-0.252529508952638
0.01870554528729476,0.00255889384736402,-0.0015222703554710287,-0.0011988465104370535,-0.03327715743171523,0.875849381287274,0.19538616948862608,-0.7952272703512056
0.021449632959955688,0.004575331669673439,-4.447762775394619E-4,-0.0012434765701772041,-0.15510139486834632,0.4472988426581298,0.33762580568946626,-0.4148493022393404
0.020551063275013458,0.004017632484062691,-7.235709883361671E-4,-0.0013581850071362688,-0.11669108023605766,0.5861763234402719,0.3114119047658856,-0.5402041214353805
0.01940050715475293,0.0028126062155719167,-0.0012042487423628105,-0.0011863980471662023,-0.06954625304094048,0.7758257131399039,0.21853578277173755,-0.71010745617173
0.020153879553995037,0.0032671980009132714,-8.931378482747574E-4,-0.0012051572236420557,-0.10688632945233534,0.6618158459668556,0.2526670621983564,-0.6107515929604613
0.01730291883535504,5.443578573029354E-4,-0.0022755965739682765,-2.981599044533648E-4,0.02680827791562463,1.0328311769444938,0.030225334944411826,-0.9275476833276962
0.018529625512005255,0.001805000179621771,-0.0016275458836165354,-8.651777197969699E-4,-0.03031588285513991,0.898711336063217,0.13042297471163714,-0.8162995535221066
0.01806808961727532,0.001125489456649533,-0.0018669835155549982,-5.702914622267787E-4,-0.009698692225063218,0.9527511058106564,0.0751528622576279,-0.8621392623553535
0.01697911115747256,-7.484583720151568E-4,-0.0024555427282106318,4.219838804390119E-4,0.04326480063293064,1.067446195040972,-0.03738085543608222,-0.9552478801174322
0.017070971052381406,-0.001362055011323293,-0.002401438755485465,7.647900424728836E-4,0.042561035839590415,1.0695848858959434,-0.07418401177130955,-0.9568400498654279
0.017601423439578656,-2.8716820284913964E-4,-0.0021149437062946207,1.528150453956221E-4,0.011388902408199982,1.0002111442492978,-0.017015420962659195,-0.9012017862220055
0.017200424517457204,-0.0019734184914658994,-0.0023222126888913642,0.0011006914984632813,0.04221550361853105,1.0714319822714347,-0.11928510716991463,-0.9567921416607105
0.016828159977793657,-0.0033197990175737216,-0.0025111913967266713,0.0019535962220539067,0.0795951149295502,1.1813070386100406,-0.22971590575698686,-1.0403916548767604
0.01714699561247264,-0.0028914741405048497,-0.0023328342441201843,0.0016380539540880887,0.05591475003290227,1.1103668060685241,-0.19736174952213884,-0.985760320358349
0.01734957695143888,-0.0024660467092239477,-0.0022280518670897546,0.0013618509956676201,0.039633385669656664,1.0663627890249598,-0.16434305645485664,-0.9519690789609541
0.01712257209595453,-0.0037899453376682253,-0.0023061919584402906,0.0021805947760627897,0.07036418036711851,1.149658121965707,-0.3029073876688251,-1.011751060881002
0.017029143511919066,-0.004191689640658395,-0.0023351464681577137,0.002453037755200421,0.08079076571558973,1.1845575387912886,-0.3600320548401518,-1.035739798888603
0.01659046758321211,-0.00578946562990371,-0.0024093247895443544,0.0036900455797197382,0.12585750990049402,1.3619139203654893,-0.7121943317616429,-1.1350655434377923
0.016581679659314216,-0.006112668777481501,-0.0023393020878872046,0.003926924840846379,0.12818109721525897,1.3623797133293891,-0.8146078374140805,-1.12084463139876
0.017152636185123922,-0.0046405964224056915,-0.002214919567581596,0.0026954737541335927,0.07868250401968517,1.1713441570980914,-0.4400784588135505,-1.0186792421125406
0.016844598036385446,-0.005559162041440003,-0.0022791544184611076,0.0034093658146924556,0.10694933314617382,1.2717863671579288,-0.6413416115906373,-1.0763832582461579
0.01709625991845922,-0.005273517584841583,-0.002164843389471932,0.003113613570605449,0.08898101602873498,1.194763833203699,-0.5681527476931904,-1.0245467505504886
0.01724640440178001,-0.004987907999135704,-0.0021140085860169282,0.0028763425316325137,0.07716897791438104,1.1532899566919554,-0.50668560209572,-0.9985250023863964
0.016829921478828648,-0.006727096813663496,-0.00198187906333186,0.0041968704208405145,0.11128250644605968,1.2227694634532824,-0.9947054020098695,-0.9816729537347831
0.016773198122827206,-0.006383016020387076,-0.0021299267306597656,0.004004777884271968,0.11410766498400333,1.2753480335444458,-0.8872139739311119,-1.0414140397961649
0.016580546706458574,-0.00789880967356538,-0.001595780287818261,0.005134233272464469,0.12183131775711652,1.0831247719304924,-1.4887575281811445,-0.7476222326636036
0.01656271282719649,-0.008101778636885293,-0.0014811301819080745,0.005266900532103135,0.12223405717579737,1.0185263827549986,-1.5708705204008087,-0.6699013794747887
0.01656064952528273,-0.00831509820277678,-0.0013416171063956857,0.005382165268949894,0.12084925259094138,0.9341734934380025,-1.646329757178411,-0.5749888440400203
0.016564336097983735,-0.008513770914105932,-0.0012008242077305876,0.005474755922225803,0.120653501872878,0.8450147003832916,-1.7075578611306448,-0.47714837303934665
0.016513464682192374,-0.008745423756923946,-0.0010509011502345576,0.005633156478905855,0.12282278018186968,0.7496460183265726,-1.8010718650939648,-0.3599011454558876
0.01648634969991819,-0.009008988696230435,-8.515190855857018E-4,0.005764360221768949,0.12492103698307995,0.6142498076380193,-1.8799261604001105,-0.20953300768828576
0.016604797306539437,-0.009164149021400569,-6.883662443666307E-4,0.005671759247860611,0.11725505362581204,0.49787902626716773,-1.8383872574927342,-0.11640231225730144
0.016589332107187642,-0.009378154924127987,-5.16647032316406E-4,0.005743007178225155,0.11930338588050575,0.3788670174415664,-1.8763931583356646,0.011374447719936212
0.016906540561837286,-0.007306186647855032,-0.0017067220075374161,0.004502568854615166,0.10447298760848667,1.100542725185622,-1.176206286787565,-0.845456479247262
0.016770032965886507,-0.007837156853965358,-0.0015233035716961322,0.0049226447984935156,0.11036091633899295,1.022250545609193,-1.3975949548606208,-0.7240029707858793
0.016889829866747388,-0.007681780811914399,-0.0015394101777222167,0.004731128236878438,0.10525111365727087,1.0197229467305444,-1.30637972928038,-0.7466601257026207
0.016971788835749804,-0.007500719062708024,-0.0015814092484723644,0.004562386272882124,0.10062696888415743,1.033457806736324,-1.2234130403367396,-0.7786789140276951
0.0171283568432652,-0.006889495887672179,-0.0017407767421957411,0.0040957757508037615,0.09264292847897126,1.090037186250643,-0.9980205500549094,-0.8743594084744745
0.017085618823490863,-0.0071538473518953484,-0.001666202283885814,0.004278661896758611,0.09583032390073992,1.061915827439205,-1.0867356753335415,-0.8340139457349709
0.02384943555499483,0.004341035436995278,-5.086750038835213E-5,-4.189606684089041E-4,-0.3105441403980562,0.15833481096904203,0.31650154391980784,-0.14517260318083677
0.025,0.0035952450336353328,0,0,-0.42913538682628377,0.002008152845807997,0.29218640223894415,0.006932483526508511
0.015239900894073555,-0.012003605400524933,0.0025688775819612476,0.006732116307300823,0.2244059449797002,-1.692014203368279,-1.7005339726496806,2.481451731571442
0.015251045037938775,-0.012077863147421878,0.002622971465720303,0.006643711271148766,0.21839322541301529,-1.7109665263532399,-1.633070040720458,2.480277681522225
0.015302232308296103,-0.011964473669611063,0.0024728561026991273,0.006690335617410619,0.21789250488247888,-1.6318932073585104,-1.718052970205575,2.39564301661853
0.015472058337745228,-0.011652654979078619,0.0020294757571927245,0.006738534533934667,0.20947238026824752,-1.3744316780411854,-1.9098852624861806,2.10193535918997
0.015452014382326943,-0.011720098965613802,0.002111367525405483,0.006711062332742235,0.2089642922511404,-1.4215846841461361,-1.8665376524536925,2.1494556034888976
0.015389798900438687,-0.011768549893350176,0.0022105345307044757,0.00675371256016343,0.2156265319012687,-1.4852287453993667,-1.852156746879285,2.2373286332043683
0.015334805699839164,-0.011835113961868472,0.0023228224519490624,0.006768306219752134,0.2198915281565306,-1.5538533704834496,-1.8170391218175859,2.323374079857317
0.015363174630623986,-0.011920030706167043,0.0023756076854244894,0.0066536384654462795,0.21236836738830767,-1.571146360755134,-1.7379579326923447,2.3117454565414586
0.01595638219898981,-0.01092734151398234,0.0010075111212511907,0.006491837057084245,0.1689720961194884,-0.6978547729084416,-2.0784248149234106,1.2775496374366455
0.015736735438736285,-0.011239270072334823,0.001431818806753182,0.006651495245385387,0.1883097802938902,-0.9890261357054645,-2.0534897915938104,1.6382093613814757
0.01586053005228924,-0.011149911437788033,0.001275398112586395,0.00652633685813805,0.17683480103502572,-0.8784226431964038,-2.0318258448281585,1.4832123467691105
0.015971758588272593,-0.011073272793665049,0.0011471482591097154,0.006409957812895307,0.16570040644088183,-0.7878183701195692,-2.004244971507234,1.3537373557915673
0.015510550927082265,-0.011577305342959641,0.0019247773800998424,0.006744202239826109,0.20664109974501113,-1.310255417690785,-1.9490976283437664,2.028664080138619
0.015543566409186102,-0.011506136494407133,0.0018287630835027995,0.006751032616187524,0.2043284563872219,-1.2516292717056172,-1.9842328124902189,1.9627150807961802
0.015615481557043606,-0.0114307652769799,0.0017022867374175811,0.0067033668075093126,0.19846398203201276,-1.167516461907122,-2.0000003820906174,1.8530231435062101
0.01574287385966934,-0.011379540962244488,0.0015695975139876034,0.006560636160648568,0.1860969481592973,-1.0703248064075315,-1.968027470232738,1.7053085660996334
0.014919954345683549,-0.012495973459158377,0.003324320692589033,0.006561156203410349,0.23328039696802233,-2.065950955612292,-1.2720004564841785,2.916545787190409
0.014976441363073419,-0.012446154201427865,0.0032198589384097947,0.00655994163640871,0.2297775551415476,-2.0139931825210167,-1.3222484778549708,2.8465313533771273
0.015003681730101446,-0.012396542486940885,0.0031509955062556548,0.006588808731332796,0.23010972554151327,-1.9843404835803262,-1.3693935985214816,2.814557516570551
0.01516427084804204,-0.012271211024722258,0.0028727423544200217,0.006545950170540685,0.21800272100466933,-1.8324442919008932,-1.4761517482186763,2.6067568784315696
0.015111793306724504,-0.012325801730798622,0.002972888472538449,0.006546684968310629,0.2208784111789299,-1.8852030995364917,-1.4314234193033781,2.6744844543562567
0.015057165842764553,-0.012368795116016351,0.003067572426149048,0.006560480274429063,0.2252798028143754,-1.9366682986163306,-1.3947247493965678,2.7447853377324374
0.01520374219045,-0.012201925998187898,0.002775310278959529,0.006573449294934212,0.2174192122057294,-1.78446504208217,-1.532752516476516,2.553236770383766
0.015260170322564435,-0.01215202790703673,0.002676063659384874,0.00655731935678218,0.21304033139273218,-1.7282892575496354,-1.5671432164874421,2.478562717491267
0.01523922227488383,-0.012281946353420765,0.002800846182020321,0.006447339232123783,0.20773069089384585,-1.7798508180775132,-1.4584667095293196,2.5145221614230198
0.014941525227675707,-0.012585860470593863,0.003357787209494597,0.006426475734031073,0.2230112938894511,-2.057010273089146,-1.1890869827743875,2.8714834797913533
0.014933494731688611,-0.012661447188851538,0.0034150125697769078,0.00634069510135589,0.21769173175573034,-2.0675612036689706,-1.1188546163441864,2.866167378215206
0.014862651511190837,-0.012789970450287614,0.0035784511247994523,0.006246284156802061,0.2148038180118183,-2.1231711065657497,-0.9901941391236642,2.9222437252615285
0.014837337762600773,-0.012849897828367558,0.0036425658570307684,0.0061919955316341035,0.21202945806727186,-2.1398939627100946,-0.9310018280679768,2.934791381411473
0.01491914416832706,-0.012734332195221212,0.0034757162805396993,0.006263346217357079,0.21264254239809818,-2.0803116346140147,-1.051069525216793,2.8665089529004715
0.014022260101229683,-0.013561354538119665,0.005038453141102967,0.005691379562603392,0.21986912509920312,-2.4900096202219886,0.1170951705713639,3.44307461451099
0.014795473495254742,-0.012883769838327806,0.003714381345836401,0.006185108802160486,0.21389862476327368,-2.169397893871864,-0.8900722825455935,2.9754340749377275
0.014739633193337971,-0.012925541549973453,0.0038089851578785813,0.006178246183743342,0.21662716442026062,-2.2080817106439317,-0.8362959336166004,3.0297827219401943
0.014685492682937614,-0.012965294555733961,0.0039008526733996587,0.006170298851904256,0.2186232140950742,-2.244459199478571,-0.7824819280352705,3.081443601466177
0.014070789683718866,-0.013545367025155283,0.0049605812794209355,0.005696801775895484,0.2169037010394134,-2.471330080919927,0.06417498894292904,3.4063347471095597
0.014100079286603773,-0.013521145380794799,0.0049134628146299125,0.005722569671430153,0.21753284754132368,-2.4668977618074615,0.0229133470488281,3.3975477725473433
0.014134474869150168,-0.013520585024105608,0.00485906006079894,0.005707811135860768,0.2142636089132372,-2.4469135918948104,-0.005918578940873654,3.3597669012530593
0.014163920945255152,-0.013493327206988304,0.004811455192774587,0.0057366986102354404,0.21491445436976317,-2.442678194610139,-0.048638966130449816,3.3522288627046604
0.014201583773218058,-0.013459773914225648,0.00475012626475146,0.0057704097589206345,0.21519478223146146,-2.435413995503833,-0.10189021341980657,3.3399052365503086
0.014237159283489696,-0.013415736593292624,0.004690191081429917,0.005820163960879621,0.21718426938221075,-2.432905954681779,-0.16088576219437298,3.3375156265098065
0.014298657653802865,-0.013385894840743614,0.004591517812722487,0.00583193524472399,0.21420718694156035,-2.4058135778845795,-0.2267902677192832,3.2908238182001335
0.014354070975875084,-0.013357364695584564,0.00450290987552206,0.005842821108396741,0.21199661519021315,-2.3804497597539265,-0.28567795807906865,3.2485901913437742
0.014503312667637653,-0.013171370388479898,0.004236523531719286,0.006020249593103663,0.21755129440842289,-2.3373077087513496,-0.5232967151812568,3.1985857019359876
0.014472618623844644,-0.013232497850627887,0.004298932840896448,0.005952453584826544,0.21391735791386565,-2.3417401969312617,-0.45607359798673114,3.196598548946721
0.014409280117818009,-0.01332323949159362,0.004413932260746066,0.005860060524409756,0.21059846729174012,-2.355856326926365,-0.34682173267779287,3.2093314814115943
0.014456676611525453,-0.013287466468148115,0.004336187407090509,0.005882582621070664,0.20932192813774092,-2.3355818647037982,-0.4028886777098403,3.178591317640177
0.014599809096312585,-0.013102812945072507,0.0040752343785105975,0.006047100003353396,0.2141714435152874,-2.2836652935489736,-0.6279030697343705,3.1191230470816516
0.01469714812328688,-0.01303544843235734,0.003914237772524043,0.006064258462758436,0.21045434823638484,-2.22481631825684,-0.7257607728292949,3.03371979941693
0.014643553832635823,-0.013073299646172355,0.004003014203138667,0.006054600331639972,0.21248443830428973,-2.257431471096629,-0.6721915222970575,3.0807384748596225
0.014571377443240179,-0.013153020496837448,0.00413270191371319,0.005997216864824336,0.21201380336730688,-2.29281272945448,-0.5725010661078717,3.1255253512377554
0.01333357068475015,-0.014145832332167554,0.006000804742796128,0.004824136969586986,0.19722456708809163,-2.31794378348507,1.1102322879136413,3.303244433099396
0.013284811834471435,-0.014198918148493151,0.006048496476097815,0.004730614229075679,0.19327943631666353,-2.279890111667619,1.1763093614125204,3.2559993809850467
0.013329665212711764,-0.01418953389255713,0.005982207071206765,0.004753211946368733,0.19139644650033424,-2.2849484330604874,1.1214729088195767,3.246614801650549
0.013221777115831002,-0.014242750909231596,0.006121899867232974,0.004647529414234825,0.19168323727642167,-2.2468124071317876,1.2566955745662722,3.224801527028703
0.013272759325436515,-0.014240894557564195,0.006042063985037278,0.004661406404418477,0.18833394437650586,-2.24818807714558,1.1951468010392572,3.2051418846863666
0.013372640957951473,-0.014128210021177619,0.005947163775237101,0.0048577057556403146,0.19674226682728443,-2.327968855749669,1.0603886648947174,3.305625569198394
0.0134298323189534,-0.01405818345559809,0.005889666038547298,0.004977001278868688,0.20240490830131552,-2.373850962466236,0.9773894306886818,3.3653292015603
0.013412881059709548,-0.014101568466983756,0.005895813480248807,0.0049049293377824805,0.197498090726641,-2.3435117751655885,1.0074288110332714,3.3179533115570448
0.013554946579562617,-0.014015658922407671,0.005704452841260264,0.005049252347594665,0.1985706705064991,-2.3815443328237733,0.8209686682774268,3.337604504476387
0.013470379821118405,-0.014048539945768145,0.005827838420552302,0.004994822258400821,0.2005872759724782,-2.3744343201583273,0.9272984253281621,3.352160484607644
0.013512383499650336,-0.014033060877517276,0.005766288426844923,0.005021081527846339,0.1995180629245904,-2.377951751843275,0.8745164866074404,3.3444961597288905
0.013835138931630004,-0.013757449337249617,0.005323397396595983,0.005433573575885629,0.2108297898841798,-2.465690285024522,0.4121553979566426,3.420149392638937
0.013874670045971399,-0.013730148012205606,0.005263593688251742,0.0054677665322881985,0.21063419356126303,-2.465430437307314,0.3582126012692748,3.4134326945424953
0.013913220213385933,-0.013698637632174127,0.005205412039155743,0.005507787667277717,0.21162342922377905,-2.4668739300724387,0.30330588135892067,3.4106849064933225
0.013950297077773378,-0.013671739337160607,0.0051484420079051215,0.005539559252898938,0.2118068265150612,-2.46493380712532,0.25244612999485544,3.4028380457854
0.013988695200929975,-0.013647384524972087,0.0050887513092333836,0.005565635842583263,0.21152100549139521,-2.4596992841944156,0.20228979930447674,3.3895161144859465
0.014023091734385748,-0.013615447396098521,0.005035539445264492,0.005604154469273778,0.21252239412151716,-2.459691534149936,0.1517666796686549,3.386875756279756
0.01364385767175008,-0.01393556351131951,0.0055896532262473654,0.005174828798499985,0.2024988758013018,-2.4154844238832847,0.6944874556515465,3.3723448448166775
0.013731050796157633,-0.013856272496137946,0.005471282042863061,0.005293398358405866,0.2063526368643643,-2.4417947727649043,0.5676837245014682,3.3979107148628387
0.013709518091500112,-0.013889163481227996,0.005497272854648383,0.005243005377948389,0.2036171561890421,-2.426979872727489,0.6049326968330391,3.3765015914580156
0.013691799621482967,-0.013927193632752619,0.005514610921008636,0.005183617114313663,0.1996754076217984,-2.406735903843955,0.6395291647212707,3.34500687721969
0.01377223468591896,-0.01385976548354391,0.005403592086072893,0.005280863314630056,0.20235767681549302,-2.4245039962747237,0.5266838586815832,3.358508072726213
0.013837202900545655,-0.013804477629435163,0.005311218546555507,0.005356949816716346,0.20430598565854555,-2.434997084207618,0.4344230958214359,3.364998747309707
0.013810118931599214,-0.013840127864514513,0.005347250186856479,0.005305370963206162,0.20165561469799836,-2.423005873947502,0.47889397748334744,3.3485161506515473
0.013598472226737426,-0.014000623156260198,0.005639960952209983,0.005072305927862775,0.19726669881320505,-2.3819209473424414,0.7677094062344314,3.3256805380691437
0.013598013600363336,-0.014051585141535318,0.005620908079145959,0.004990720833810733,0.1906358267615412,-2.3461144042482336,0.7847871008819186,3.2634051701719904
0.01364330763897762,-0.013985715272866456,0.005573279616172633,0.005093791717086043,0.19587546043289053,-2.380601828481421,0.7136947055613753,3.31133507936249
0.01290799227518835,-0.014405783512645482,0.006492992944234442,0.004284465036970559,0.1900624705992797,-2.0799404281544565,1.6392669968087046,3.089711375277381
0.012953296978807812,-0.01439518813717696,0.006431759300652357,0.004320481554367302,0.18835505330451172,-2.0984773293630035,1.5839465246407054,3.0964385938126884
0.01299414906933579,-0.014382045434813645,0.006379154213100711,0.004357393388050689,0.18760385654910597,-2.116681434808886,1.5345777035363029,3.106131951090291
0.012595013954635954,-0.014515282196725762,0.006864471226623111,0.003944363331775418,0.19494566191620494,-1.883750248273483,2.0075933076853367,2.9449009375539537
0.012509253334630157,-0.014565192466503634,0.006936430176414972,0.0038117760837514127,0.19298283429880278,-1.8041203940864496,2.094652229747707,2.8624596627610797
0.01253243864290759,-0.014553131829104943,0.006915955619443556,0.0038458275752122186,0.1936283525303539,-1.824993212871759,2.070972838153352,2.883224944732049
0.012573802997773394,-0.014542451117499994,0.0068667900943015225,0.003889924507141016,0.1925376464478491,-1.853828909178204,2.0233049125372387,2.9038681408728606
0.012554911516409804,-0.01455719575787013,0.0068785569318396775,0.003855418627335529,0.1911622928405623,-1.8338507931616435,2.040770190788092,2.8806462982420893
0.01259844673447357,-0.014549025087152908,0.006823441439659445,0.0038966102132324057,0.1897236279730904,-1.8611115841472128,1.9895978546342765,2.8971221671722254
0.012775238081601095,-0.01443257868437386,0.006674042765042431,0.004177748030683842,0.1948939796107143,-2.020124094036689,1.8034000202699558,3.06674696488448
0.012736057701540099,-0.014438610943232916,0.00672867221345358,0.004146921691094547,0.19685129187357803,-2.001371583760473,1.8524438740268323,3.059941591217207
0.012707165984021178,-0.014457678623889034,0.006754269144450757,0.004101097205634099,0.19593344749350602,-1.9757618156590178,1.883958018882925,3.032813094693163
0.012626759771782238,-0.014501487453041759,0.006831501300354886,0.003985597164812429,0.19484887379714824,-1.9087319088278647,1.9723194761116998,2.9671871031662516
0.012681578566054785,-0.014472300615404575,0.006778650667531478,0.004063655002229828,0.19547219160016624,-1.9543277755579413,1.9122737238112746,3.011495891063634
0.012655548276701012,-0.01448762927825619,0.006802497385053156,0.004024548242118652,0.19495359470918014,-1.931811097046629,1.9404647261345982,2.988626058823915
0.01281040571389693,-0.014445120262235161,0.0066082091866369605,0.004176920144549422,0.19093076365847717,-2.022242433944411,1.7550331229380756,3.0459978413325506
0.012789969636471967,-0.01446492190840234,0.006620921283475309,0.004136039880510231,0.18915404650541023,-2.0005913060936846,1.7759391162722467,3.01933623771257
0.012839047261625913,-0.014453718283568322,0.006556523911916945,0.004178246726910026,0.18760940549405916,-2.0245385666235114,1.7168078844665948,3.031035116830132
0.012873052648822863,-0.014439990121491402,0.0065168902365094344,0.004215688056237555,0.1873638675469758,-2.0447252399679745,1.6769415216373353,3.0465362865549137
0.012910172620090596,-0.014449866380917168,0.006451598988707176,0.004217778379965734,0.1836492571172072,-2.046893272195414,1.6292050438199,3.0276618412515175
0.012202810646351063,-0.014722634705655257,0.007172244345095971,0.0033445450055859635,0.18994910893093372,-1.5045270323051279,2.3752214191208645,2.556269412446879
0.012226287096245509,-0.014713108454604593,0.007153428624397667,0.0033781506124108073,0.19019108249199174,-1.527393638814329,2.354383401227545,2.5784203509517236
0.012267205430810946,-0.014702787397152264,0.007111862793790805,0.003427710203206084,0.1891210226517858,-1.5629566610894996,2.3132434078266564,2.607912017240686
0.012247364061601379,-0.01471727366952598,0.007120082800015889,0.0033911336554588306,0.18786532874005257,-1.5402267563280194,2.327123431712388,2.581262407170389
0.01229055832612132,-0.014677713050667184,0.007111704188807285,0.00348160884396715,0.19109449812730436,-1.5945487551675888,2.301365004411642,2.6498849339021824
0.01229149643472003,-0.014711001277455792,0.007068986812645818,0.003437406691279051,0.18612471471068076,-1.5747570743462675,2.279813250821806,2.6057143241894285
0.012325415929000147,-0.014665176193537166,0.007079517478199848,0.0035280175467908253,0.19071110675473732,-1.6260515279013819,2.26734511552384,2.6785356441326407
0.012359598809542911,-0.014650842916522237,0.007049746038072901,0.0035757860513562704,0.19034453710796553,-1.6575888467557383,2.2346100939083757,2.7085450878077015
0.012381187465609077,-0.014632266637482466,0.007041928381099238,0.0036190501785837805,0.19201178573294522,-1.6834126220349592,2.2188536914949273,2.740223947298473
0.012410897517631305,-0.014622470595884108,0.007011735786870914,0.0036561822865952345,0.19129458342413394,-1.7083347696767102,2.1879048344406846,2.761602618625861
0.012445302280541868,-0.014614331336034842,0.0069724936835662285,0.0036940577548897576,0.19019076573525184,-1.7343373159906033,2.150006744270074,2.7810413882335774
0.012471290873239935,-0.014602103651579162,0.006949494894855038,0.003730895508392738,0.19030793030801577,-1.7575478716500919,2.1242115417271905,2.8035463442752366
0.012503275695594191,-0.014606178284996416,0.006899116466747826,0.00374833164703051,0.18771053043508432,-1.7726260045678097,2.0827343129536904,2.8040837893012927
0.013103642110288524,-0.01431235387154798,0.006261304773248338,0.00450506631698985,0.19008987926208543,-2.1861405234710287,1.403166875683999,3.1730004614935416
0.013145712497663121,-0.014289214579449837,0.0062113989974360425,0.004554186977808158,0.1904483470423532,-2.2076584062862334,1.3515522929572596,3.1906317635646992
0.01320168767654959,-0.01428599024641223,0.006125237093844042,0.004574222866066514,0.18689077244217797,-2.213140231370834,1.2832921851007917,3.1741352124224025
0.013040159285108708,-0.014364148587460726,0.006321775219438808,0.004402501424314343,0.18698572303230512,-2.13816998546929,1.4791832496225985,3.119746542037471
0.013091276958096178,-0.014359110000708004,0.006246146406713958,0.004427942100660927,0.18431659490602903,-2.1488901760741226,1.4169755124309384,3.112561560216569
0.012044716990304499,-0.014792958937556703,0.0072808208281651835,0.0031052310909077075,0.19003780543139623,-1.3410120795269194,2.501869050841101,2.3906064888646292
0.012076975366719207,-0.014785230188978208,0.007251125406066669,0.0031464036729199002,0.1891519090358907,-1.371594538459426,2.472529849738376,2.4170932613873686
0.01216155624223649,-0.014754543216554502,0.007184450918245587,0.003265348890654675,0.18813569300789434,-1.4551891241077626,2.4004816262454844,2.496848995046941
0.012132564329527782,-0.014766299039152796,0.007206166594130535,0.0032233185863418945,0.1883185242264287,-1.4262936381711706,2.424730219373093,2.468471061566389
0.01210535929650649,-0.014795144941437343,0.007202133707944505,0.0031611458977772815,0.1857819366018816,-1.3893568780997319,2.434058438174706,2.4189327096704454
0.012193591583060083,-0.014759940241758644,0.00713598801621494,0.0032875116854222714,0.1853379571912792,-1.4763560064429215,2.360595630201581,2.5039699287766166
0.011848982355222143,-0.01485059539852281,0.0074331075710414515,0.002832770229657376,0.194089225872077,-1.1393564296902634,2.6597631252087335,2.202564750888726
0.01193730026409567,-0.014850210251500202,0.0073306893627398595,0.0029271863051923835,0.1883990693487291,-1.2206334315474958,2.5702432203677,2.2592972261435853
0.011981670852935423,-0.014836129659912345,0.007297803986281946,0.0029894567665850586,0.1876719714208636,-1.2661120163425261,2.535472673250396,2.3024454850517095
0.01196134974771879,-0.014850168333086836,0.007302304506155226,0.0029520100156682086,0.18667852839817928,-1.2418752189685183,2.5453678224886183,2.273705401961486
0.012035725552186549,-0.0148367804680705,0.00723165454497892,0.0030425926376060728,0.1841366057221492,-1.3115703958190925,2.478078648637051,2.331706353455949
0.012005915376774881,-0.014846239502881517,0.007254608257381172,0.0030017049093252817,0.18457444477149199,-1.2820223419853745,2.5021096505395515,2.303922418981019
0.0119085376292615,-0.014855985973785367,0.007356171600590986,0.0028903420782406264,0.1892838575408227,-1.1922314419359257,2.594915102232104,2.2347069427661395
0.01187800306345043,-0.01485664905243004,0.007390710120469647,0.0028571462879093605,0.19131963648674474,-1.1640153424842445,2.625274861001881,2.214511429926256
0.011832794954389056,-0.014875642364934251,0.007414644613328848,0.0027864806065500468,0.1913605230420653,-1.1137936843784706,2.6539736494248145,2.162471210224398
0.011735995103327965,-0.014911576900826968,0.007467959299353697,0.0026388293514198703,0.1922364381693806,-1.0064288158665786,2.7146593438060718,2.0535991580223367
0.011818625420513238,-0.014895759907361106,0.0074008759455240465,0.002748356791952685,0.18918506627614176,-1.0923848109382808,2.6501783024757013,2.1298073775620425
0.01179696738476803,-0.014900782424482957,0.007417509291934822,0.002718952293129503,0.18977906959561008,-1.0698180489503744,2.6666165469157517,2.109212708020859
0.011769997519241128,-0.014905352282268795,0.007440370774042756,0.002683940394549968,0.19089591171034728,-1.042056684348285,2.6882852511194635,2.0851000447037618
0.01176298135028217,-0.01493894814215321,0.007397690306382093,0.0026396625889766423,0.186158148798208,-1.0230379361072819,2.664672357232087,2.042953067671615
0.011701971584496236,-0.014936565307521413,0.0074662228826331955,0.002573330597945436,0.19040665222683548,-0.9640318934946625,2.722889562592814,2.0009897079447576
0.011191624670256119,-0.01501858010870662,0.007804100612010514,0.0018527600006365494,0.2104464700693167,-0.3786587511137069,3.035855210653875,1.4650169850843628
0.011219228424326377,-0.015019499434280244,0.007780667532020333,0.0018896076416497801,0.20842207955811873,-0.41206123488172947,3.017009851162936,1.4923005430058056
0.01124977792739891,-0.015020079350771669,0.0077550469306079325,0.0019303198831837158,0.2063391361863449,-0.4486576594734513,2.996178185646357,1.5224126998601184
0.011327588059388626,-0.015008159793686053,0.0077102238121010275,0.0020434619731098218,0.203349933776336,-0.5412430109003364,2.9556441503744098,1.6087377763139912
0.011280915609841617,-0.015021426828346228,0.007727181880848373,0.001970726347459747,0.20410050760969842,-0.48542196367816787,2.9736034743972386,1.551892688709042
0.011307156640981803,-0.015022714857741568,0.0077030950272840085,0.002004283384894155,0.20205004616755948,-0.5160093167634102,2.9540656644707646,1.5761829210081026
0.011355072755033148,-0.015023083264026557,0.0076616166409202375,0.002066361629675565,0.19907122798408358,-0.5711797264776219,2.9196755839391737,1.6212539916364224
0.010935984265580456,-0.015054699347117931,0.00792070724694634,0.0014665523516628838,0.22016201730429308,-0.0609101424271165,3.1351162422076184,1.1626528119721413
0.01096188615980155,-0.015060015527407497,0.007894672369511932,0.0015005755237897484,0.2174628614238072,-0.0947491694318988,3.1162507506096713,1.1878817110581599
0.010987382869606377,-0.015060795669904651,0.007876748529157691,0.00153659312676855,0.21562059680184983,-0.12714430577867084,3.1027098319042454,1.2154600200909398
0.011005344026665077,-0.015053642820674895,0.007877664616888908,0.001566956802647666,0.21606826855545505,-0.14902427118401346,3.102129722882117,1.2402583859569105
0.011026530300764052,-0.015055991296412658,0.007859196287904891,0.0015954576678506897,0.21413095265381316,-0.1759418711527667,3.088260229154666,1.2616464030834422
0.011051021050407311,-0.015061793926015149,0.00783212495098185,0.0016260026041970265,0.21154946825738244,-0.20688476441768902,3.068377779217835,1.28371018409226
0.011094428263458713,-0.01503474073732093,0.007849184973874998,0.0017060033639723202,0.21386472079050642,-0.2593051286051414,3.0759814136050814,1.3505906039781155
0.011076305304947617,-0.015058908203289962,0.007819550710285395,0.0016633842702128356,0.2104886175857046,-0.23799797276130333,3.0578986760501086,1.3127734217812812
0.011178518183934416,-0.015039451596378116,0.007778122889459825,0.001818663582293254,0.2076511866835112,-0.3624407631467952,3.0201778078039396,1.4344025400565803
0.011124626939834945,-0.015042807850616688,0.007812898666548928,0.001742131948752193,0.2103773090669034,-0.2968712739288461,3.0489734016423835,1.3761022810265422
0.011154287683146078,-0.01504582664845518,0.0077855153031059126,0.0017807036249385024,0.20782360442863834,-0.3330984231421707,3.027749021386754,1.404446297888237
0.01056506065792122,-0.015092223145139236,0.008039474589061847,8.921033616453494E-4,0.23347190890308026,0.41492609308216327,3.2157721973171296,0.7049844269817381
0.01058799197392258,-0.015096030434880926,0.008023270077726066,9.257338107672828E-4,0.2315104560728298,0.3829203925394451,3.205833760581833,0.7311552220466173
0.010630576172598901,-0.015087445463592732,0.008021815789283156,9.942675909869298E-4,0.23121945143086445,0.3298924072249327,3.206347168849842,0.7866830786002365
0.010610842631822411,-0.015096130728779387,0.00801378422388675,9.605446439886412E-4,0.23025534990168814,0.35267117035833945,3.2002977690577725,0.7587291018533285
0.010651749551154116,-0.01509545667439257,0.00799755731164536,0.001022920417088277,0.22831362820182335,0.2989509020124859,3.1905289486221293,0.8082170536333667
0.010550198692608573,-0.01511278720804062,0.008006209497355686,8.615723852270586E-4,0.22978011085916752,0.4257872984196212,3.1926354738748395,0.6779845174030382
0.01089195430823694,-0.015081615616126726,0.007898771589478389,0.001386295728076485,0.21750508404122532,-0.009137887673591945,3.1222938465586476,1.0952880011271684
0.010920378614254518,-0.015083860228616554,0.00787764114167634,0.0014259914117379369,0.2153740899445382,-0.04562966301640244,3.10692353688674,1.1256021606622264
0.010678646366466647,-0.015093542596985993,0.007989048102263273,0.0010643910406282389,0.22735365361243456,0.26427219473598124,3.185325266498342,0.8412198516466686
0.010704326684640436,-0.015098291244913296,0.007968239135287174,0.0011007496806433104,0.22484360526932412,0.22912214215214477,3.171647781796881,0.8691324468293206
0.010724821239421055,-0.015096669341164042,0.00796141520089372,0.0011321676311757528,0.22417159593659036,0.202938835394539,3.1671916824287614,0.8940641137966038
0.010745770986629486,-0.015102970299835311,0.007939450623021748,0.0011602249776420052,0.22164402150535575,0.17382868129510243,3.1524452411121424,0.9151554465278203
0.010813909981551085,-0.01508416691121277,0.007938525859653121,0.0012707536039459116,0.2216124315944489,0.09060348177729725,3.151179072837236,1.0048401179674815
0.010794624101622269,-0.015089075246439515,0.007939890097578683,0.0012396618812731412,0.22167816267285856,0.11431547754672519,3.152411003429783,0.9797352857519147
0.0107750625177268,-0.01510398636975743,0.007922739350505574,0.0012030024580077577,0.21989599634479015,0.1357545717740503,3.1410967371819067,0.948502252916503
0.010870924090625216,-0.015094380232976393,0.007887931853999143,0.001348354315313007,0.21629004123365467,0.015254037504004008,3.1157568990415623,1.063528937008681
0.010849861815548324,-0.015096024240661128,0.007896942332944919,0.0013168207574218611,0.21709315277500466,0.0417500640584188,3.122448799018698,1.0387301722335593
0.010828531070632669,-0.015098283384975628,0.00790469939874756,0.0012844742613506298,0.2179183551833753,0.06852349669095856,3.12816342274721,1.0131247099176648
0.01088468923988188,-0.015107066740503836,0.007857060603146965,0.0013608855882856015,0.2129692704283434,-0.004487639603257917,3.0946158487794637,1.0708962398162238
0.011684847103480452,-0.014965864502730592,0.007439381411247897,0.0025231469923504895,0.1870494447006942,-0.9373907287357458,2.711108333553839,1.9568266524034335
0.01161236293673675,-0.01497187440885138,0.007503820835731839,0.002432674462616968,0.19066480208497524,-0.8620567071599686,2.76853535274071,1.894227279870623
0.011653647968024691,-0.014978524725674743,0.007451922670733526,0.0024742704003875436,0.18688526740651618,-0.9022620976459849,2.726656774782465,1.919796005501013
0.011514809091044449,-0.01496514604649155,0.007610397078995802,0.0023213133669646147,0.19829147919409196,-0.7599357262705867,2.857208447679175,1.8201246338880732
0.011577381830081092,-0.014978486603344375,0.007528178898622193,0.0023844897664423233,0.19196041737672095,-0.8237854051852403,2.7918096554307312,1.859207887400922
0.011544932476313226,-0.014981169089378656,0.00755562263144042,0.0023427329756976994,0.19366523277876999,-0.7887764720326261,2.8161893526132675,1.8296693999959748
0.011491727835582416,-0.014980322431629074,0.007607955860802214,0.0022782085333292244,0.1973324943539004,-0.7314036297854175,2.860378509016766,1.7850796588847742
0.011381795089948353,-0.015003029636971105,0.007671528199556529,0.002118337977485414,0.20055967815245748,-0.6043415295414766,2.921683040336472,1.6644757876567604
0.01140936889122171,-0.014994363220974444,0.007661199679443046,0.00216145206618533,0.20042773023425248,-0.6369266097687645,2.9101875562458965,1.6979385318641071
0.011464135105540119,-0.014993681482642227,0.007612174506787555,0.0022312904325768462,0.19698477034946094,-0.6983911057839302,2.868514334647047,1.74791630634916
0.011435839569873638,-0.014999484624066431,0.007628754398173564,0.0021903967426335886,0.1976587483951677,-0.6659407510647485,2.884458809044519,1.7171921589033408
0.005006838350291946,-0.011129348583579744,0.0018023216853664291,-0.007976031551766833,-0.1624841649252391,1.1593303596660833,-2.438803361083575,-0.4472500793986521
0.005004729988940013,-0.01115325650835902,0.0018353446654310118,-0.007958065248006255,-0.16787728733408927,1.1823077336086687,-2.4275642756344005,-0.4722945255192686
0.00501503274006853,-0.011187836358393386,0.0018916410680518967,-0.007946630261313854,-0.17654679269301302,1.220309493262943,-2.421827619983777,-0.5073658747498898
0.005003163732715345,-0.011173610314608179,0.0018633857309252693,-0.007942795884283923,-0.1724130760994776,1.2018415195180354,-2.4179699551247156,-0.4934916565288129
0.005010896466198496,-0.011210197676037882,0.0019205310281948183,-0.007926670370790473,-0.1811705431274213,1.2407706289321612,-2.4089065549680657,-0.5307431405722715
0.005010233152659517,-0.011235716399720298,0.0019559700209008384,-0.00790815454842903,-0.18654160190456537,1.2655343017862772,-2.3972026940390916,-0.5570323597838914
0.00503094234770363,-0.011285763044600335,0.002040682185502954,-0.007895437336347804,-0.19887479991118082,1.3227098097445273,-2.3915776009115475,-0.6073539435858756
0.005012496200361901,-0.011263733175856331,0.0019966779468294535,-0.00789077488516302,-0.1925983110276644,1.29375701552353,-2.3864722841217962,-0.5856030700104827
0.005043289854515243,-0.01130621535668784,0.0020782066872162435,-0.007894158521566655,-0.20424066816480438,1.3477359947229395,-2.392210976131423,-0.6277984134997038
0.00505797482793297,-0.011321728584170628,0.0021107615874511256,-0.007898997566984006,-0.2088542250236269,1.369006429195707,-2.397004109025186,-0.6431611887703262
0.005022669820045422,-0.011305404981220525,0.002061739237593012,-0.00787169989519957,-0.201987963911962,1.3383722202219877,-2.375411587379387,-0.6276973108903032
0.005053880533567592,-0.011342051586308433,0.0021357052601825056,-0.007878908216739132,-0.21240013303554248,1.3870815497310842,-2.383601263828401,-0.664102960119397
0.005053337835074541,-0.011363544189485033,0.0021647272100995085,-0.007861690459133432,-0.21637456109543282,1.4076519483388408,-2.3723598575035756,-0.685996120808844
0.00506256732609504,-0.011380345475862908,0.002194857229246797,-0.007858815271492445,-0.22048601250263894,1.4279476790580812,-2.371489187568793,-0.7029122236094508
0.005062575217960266,-0.01139901372885571,0.002220181226818735,-0.007844000534526411,-0.22391002590721645,1.4459356364043143,-2.361775739177597,-0.721847234263354
0.005069676839436288,-0.01141856056477691,0.002252255222853472,-0.007836163209414491,-0.22812883918875324,1.467922015377772,-2.3573732842440864,-0.741571389936502
0.005077892224331868,-0.011453611358828681,0.002305911808614196,-0.007816514337150858,-0.23509059209517905,1.505216837067963,-2.3451771203899736,-0.7768946002378714
0.005066493074645962,-0.011438543312272295,0.0022764249549206113,-0.007816344503821916,-0.23122653026516038,1.4855196052742656,-2.343873515359889,-0.7616713710747995
0.005070158472144399,-0.011470629679859727,0.0023220136857487832,-0.007793797665175334,-0.2369792460695766,1.5176611692470412,-2.3291437434008353,-0.793817635391094
0.005078011814997857,-0.011489753879127096,0.0023537939966122353,-0.007786308521413749,-0.24094838123080212,1.5394825033818007,-2.324879796104551,-0.8130355769007188
0.005087122276961747,-0.011513271452315918,0.0023923602111396614,-0.007776183205513927,-0.24570269398135267,1.566081517432093,-2.318926700421635,-0.83667008929518
0.005235570785590305,-0.011779927538373473,0.0028700224732347165,-0.007685589027361516,-0.29903595924569576,1.8956110516890667,-2.2693541290244235,-1.109761336150447
0.005238040050277619,-0.011797514698864801,0.0028938993018571835,-0.007670003519145316,-0.3009045886141592,1.912931631517637,-2.258266650911938,-1.1270427043065434
0.005240270633899816,-0.011814815337885363,0.0029170205379268448,-0.007654293647847892,-0.3026673899213339,1.9297532193734181,-2.2469981586964227,-1.1439488962620414
0.0050958665942412665,-0.011537717219582988,0.0024317450111840107,-0.007764498458049335,-0.2504846854035013,1.5933494899257366,-2.311812930760539,-0.8611959471162755
0.005217021312298089,-0.011755509338940106,0.002821202951846917,-0.007690491017477408,-0.2940051214280915,1.861898012324289,-2.271216610173438,-1.0838770642348614
0.005201419258756865,-0.011750652826565417,0.0027994686955257306,-0.0076785254480349705,-0.2911281504883331,1.8478471930849636,-2.2612059197058234,-1.0773885581879052
0.005217540937764267,-0.011773962732245872,0.0028442151060782354,-0.007672216926242643,-0.2957522095281399,1.8788083047498834,-2.2580700011046524,-1.1017793103570348
0.005194368672885506,-0.011738345852354897,0.0027773388620280872,-0.007683283523191851,-0.28890939594562953,1.8324694903745222,-2.264005223255507,-1.0647285441020948
0.005188397424830237,-0.011723495639076903,0.002753153951737176,-0.007691628510788779,-0.28656089871714746,1.8154812599515389,-2.269451901063268,-1.0497439105071245
0.0051826699764107335,-0.0117085373675153,0.0027290324934751485,-0.007700202667058258,-0.284151082893942,1.7985074439900928,-2.2750586263685038,-1.034652386423325
0.005131491456950222,-0.011565637915411231,0.0024995902499705554,-0.007778810630972205,-0.25926494768768277,1.6378860665026116,-2.325143722797126,-0.8903997496638799
0.005104775878464814,-0.011561244449799033,0.0024699964898083934,-0.007753441443645343,-0.2550158965061308,1.6198424035256427,-2.3050919133582273,-0.8848148308149487
0.0051545672220277795,-0.011615125328385854,0.0025844975123589533,-0.00775891994144551,-0.2691474164960617,1.6965381731857794,-2.313707463172565,-0.9407565628441322
0.005146497867838178,-0.01160252757813379,0.002560873328095089,-0.007761721051542272,-0.26634771626865256,1.6804000227754148,-2.314853881416156,-0.9278016864089699
0.00513820249587852,-0.011585380496720789,0.0025312060582408044,-0.007768321066882008,-0.2628985708375167,1.6599326363475735,-2.318597422609454,-0.9103462691398835
0.005176404238467978,-0.011692746914097121,0.0027033022325159907,-0.007708859783532549,-0.28153386584128137,1.7804638103530588,-2.2806481504612535,-1.0187044977008668
0.005168487112656197,-0.011656408408757174,0.002650112752621846,-0.007735269885666529,-0.2762436523090524,1.7426073280505336,-2.298535360625531,-0.9824904257819779
0.005170942486984822,-0.01167520302818244,0.002676102756649376,-0.00771992161665297,-0.27882011032818493,1.7612775546862907,-2.287970111957869,-1.0011099860399149
0.005153522597539103,-0.011629789561992124,0.0026022287715716796,-0.0077440795239429325,-0.27086471794843586,1.709601991738257,-2.303274034885464,-0.9551933875401798
0.005154756305003695,-0.011646132351098253,0.0026240937556474874,-0.00773004189513454,-0.27305164710941665,1.725358562189498,-2.293588282425679,-0.9713304971120753
0.005266919848126755,-0.01187445493855908,0.003016030574467463,-0.007619065485734394,-0.3109711796593186,1.9999468728992966,-2.223233555699745,-1.2046923504484053
0.005295809459877489,-0.011906467321747216,0.0030850350162652316,-0.007614691573207085,-0.3173125093460752,2.048032158174493,-2.2222706992661263,-1.2399261036056457
0.0052936243133414685,-0.01192644009502145,0.0031055882555431763,-0.007590084461096067,-0.3180118814489377,2.0634623168935953,-2.203680598370127,-1.2581616096489157
0.0052959282968625685,-0.011943859711215055,0.003127999158878476,-0.007572944702733436,-0.3192041794401334,2.0798086677810246,-2.190946535722642,-1.2747314611272325
0.005304003906657688,-0.011976849013088212,0.0031741977956191224,-0.007543930915461779,-0.32180628081566626,2.11320260555978,-2.1695400861026113,-1.3066213780944553
0.0052996011776271805,-0.011960459806332422,0.003150867243842588,-0.007558013888860804,-0.32049865651177395,2.0963690348762607,-2.1799188520133868,-1.2907345464936595
0.005274397208809448,-0.011894625460391864,0.003047655831063944,-0.00760497733698026,-0.3133179926305412,2.022553885287582,-2.2133533859482863,-1.2249352079025881
0.005241034202252933,-0.011833444345478672,0.002939999158282365,-0.00763544729506273,-0.3041841395727279,1.9466551759838495,-2.233250350121566,-1.1618117476469763
0.005242337502378449,-0.01185415323717934,0.0029657761576771554,-0.007614790929782281,-0.30589222117123893,1.965515640849009,-2.218146811422199,-1.1815430756703635
0.005250035430265422,-0.011869761333483777,0.002992271462479561,-0.00760619402833875,-0.30800664679387607,1.9842043149252468,-2.212374456628186,-1.1974283795664848
0.00532047240517404,-0.012003085972201392,0.0032222128219559494,-0.007530835285364316,-0.32520532639952004,2.1472630699742066,-2.1606258338271487,-1.3340909747182763
0.005307162482124265,-0.011993044290647327,0.0031957567479964566,-0.007528622191020321,-0.3228993231740579,2.1288330695349287,-2.158092286190031,-1.3219805522314143
0.00531907632919595,-0.012022967433524547,0.0032423068870759265,-0.007506224147137897,-0.32559522869449853,2.1621760707250677,-2.1416548631578487,-1.3516004638571815
0.005320539134663703,-0.012043507149565258,0.0032661693200630895,-0.007483635362035235,-0.32624126578079155,2.1795522522205655,-2.1243534454164172,-1.370122918720799
0.005324329429273585,-0.012061916838024912,0.003290253681859637,-0.007465751308605442,-0.32716380202402456,2.196912309266857,-2.1107395346575752,-1.3871968069374272
0.005329579952598366,-0.012078435641989365,0.003313911590710841,-0.007451421284629548,-0.328189683415248,2.2138661185135895,-2.099895609902139,-1.402911448943818
0.005335301766977182,-0.012095084056060454,0.0033381462012644345,-0.0074372467392880325,-0.3292190387958707,2.231244032014047,-2.0891412873356816,-1.4188201035967472
0.00574443234954695,-0.01279514477416021,0.0044816257023848624,-0.006825244185146187,-0.32608704675534583,3.034646311079323,-1.5736307849310929,-2.087505608462639
0.005527839920767831,-0.012438659119269904,0.003911052915807339,-0.00717508905703301,-0.3441113735875975,2.639708902889114,-1.8817038975240388,-1.7595736684964278
0.005535561253979335,-0.012452873379802568,0.003933560522236638,-0.007162161407902372,-0.34398290501873224,2.6556129048719623,-1.8708740309271636,-1.7730458071650512
0.00550815211724971,-0.01243971587780078,0.003884487504886704,-0.007155763113722658,-0.34178419739050087,2.6191617464030306,-1.8659791482811137,-1.7511812253989876
0.005438638368037004,-0.01222859152973987,0.0036015847889274257,-0.007373627224737855,-0.34289029753031924,2.4195727595866834,-2.0429419681084013,-1.5633211506240399
0.005438257481611067,-0.012249181774922978,0.0036209293035671312,-0.0073464990564821265,-0.3423453928578429,2.433290102758488,-2.021141625697376,-1.5798485304833993
0.005441816200298366,-0.01226632578068388,0.003641849500310442,-0.007327579824255223,-0.3422944411891178,2.4481728753074155,-2.0059859436881164,-1.5948351186943794
0.0054476322461624775,-0.01228241338623158,0.0036645697959320836,-0.0073120834678953505,-0.3425168469042373,2.4643585884451986,-1.9935953081318327,-1.6096967935764643
0.005454595745604136,-0.012297338876773818,0.003687604667685012,-0.007299070140316097,-0.342865431664612,2.480788209448057,-1.9831852026914591,-1.6240025480601428
0.005460322014205349,-0.01231261845717665,0.0037092193741295383,-0.0072842529899418565,-0.34301377446304343,2.4961437495270755,-1.9712382784796347,-1.6380414063131816
0.005513040021064954,-0.012407827107804446,0.0038646389049548937,-0.007204427038724423,-0.3444393667783589,2.6069875100884787,-1.90608785016824,-1.7310274806049628
0.005499367332139811,-0.012424604124542108,0.0038598352347633696,-0.007168725734994874,-0.3417947910951959,2.601763636087554,-1.876772490611743,-1.7366972019830464
0.005481024319440806,-0.012334872738051852,0.0037571195966339295,-0.007274136763856726,-0.34461451587102215,2.530812516465718,-1.9632320049582404,-1.6634224959679818
0.005463097052988879,-0.012330236898190372,0.00372886819394172,-0.007263367986114845,-0.342583084164041,2.5098886304408925,-1.9542748452209573,-1.6525728975719878
0.005485040672810942,-0.012352244627163242,0.0037780621852234676,-0.007254450967536455,-0.3442603297507785,2.5454972996804894,-1.9471737608488624,-1.6781780597756288
0.00550583631139978,-0.012387416990486538,0.0038372326325850806,-0.007225910548216459,-0.34480828929533114,2.587809281128257,-1.9238096907254099,-1.713104527193043
0.005492804507637814,-0.012369302922394874,0.0038036415449647664,-0.007238551710550452,-0.34430418694300874,2.563667715578257,-1.9341833687217775,-1.6941536694953896
0.005683527722034943,-0.012699389788606108,0.004330217873424999,-0.0069264309391551095,-0.33404901344082866,2.9323731733819405,-1.6655928285525905,-2.00300144755561
0.005678140410079198,-0.01268155845750413,0.004310576627421383,-0.0069493237285195774,-0.3357622679534657,2.920198000989838,-1.6854483099606778,-1.990401869368356
0.00568962968441603,-0.012715546269707402,0.004349678664434551,-0.006906536457815385,-0.3326497432613939,2.9447469742451546,-1.6481622265498552,-2.015008995332216
0.005710077971153662,-0.012738017590805853,0.004394934296879117,-0.00688800994211371,-0.3312760791400773,2.97694085334209,-1.6306246123035726,-2.0388766774440388
0.005693084612614712,-0.01273307352478813,0.004365716950237127,-0.006882325789704379,-0.3308173928469698,2.9538787504262562,-1.6272752102892094,-2.0258747457735384
0.005735203241181725,-0.012779269036553442,0.004458219551115971,-0.006843168562156444,-0.3276050157228672,3.0192507631904744,-1.5899367013974446,-2.0743566408494605
0.005728638539153943,-0.012762450347735169,0.004438274108476781,-0.006864442620072755,-0.329367650819381,3.006986224030257,-1.608740510463971,-2.062374155940119
0.005711194760836813,-0.012757304519801017,0.004408116571565569,-0.0068589800039981835,-0.3290236977331867,2.9830946706514854,-1.6057929067772567,-2.0488426802594906
0.0056407988005809555,-0.01263313138162508,0.004221903686970257,-0.006991818038876233,-0.3381247382258446,2.857595532109725,-1.7240464393960309,-1.9418098495905785
0.005658984726523891,-0.012655757644846133,0.004264544387985583,-0.006972830433628271,-0.3371588687124827,2.887854795891822,-1.7067957547040784,-1.9650175033897235
0.005645033531466694,-0.012647657994482137,0.0042381037871612555,-0.006973543162683486,-0.3370093925791639,2.86792958883167,-1.708314325203395,-1.9524210905136024
0.005659290941257861,-0.012677135619366191,0.004279073132065586,-0.0069407544755633885,-0.33487110229805056,2.8952643590787326,-1.6795208546950497,-1.9768216331426995
0.0056012135401124164,-0.012557967912689273,0.004109708335221319,-0.00706949305790898,-0.34203363581936236,2.7803671309872566,-1.7915946071988549,-1.8751485452800203
0.005586172599051771,-0.012547644314746814,0.004080085577330108,-0.0070715158223781365,-0.34163336399826405,2.758350000740346,-1.7939042974754145,-1.8607282278362505
0.00560196977272907,-0.01258009649240858,0.004127017599211456,-0.007037716770560978,-0.3401214570176338,2.790623467207124,-1.764800528198143,-1.8891389411140114
0.005625340049990319,-0.01263201699845567,0.004198071855944066,-0.006980647147579578,-0.33695890253822547,2.838463202110269,-1.715490923878099,-1.9323861262893929
0.005615108158017977,-0.012620975048950812,0.004175299280471934,-0.00698854228481513,-0.3372165099104402,2.8221465839224185,-1.7227456456283756,-1.9203509615152503
0.005606184790744512,-0.01260289009036765,0.00414949442247312,-0.007007783804605101,-0.33827279903718815,2.8046958388150682,-1.7394216683254824,-1.9049632265314556
0.005541791036746545,-0.012467934962797632,0.0039545566626234254,-0.007146548280635732,-0.34360434603678286,2.670229436779929,-1.8577863965483605,-1.7863220099405426
0.0055460575240794474,-0.012485570316869192,0.003974680583240984,-0.007125393565994321,-0.3426997687406698,2.683828230147173,-1.8400866667284184,-1.800258271012899
0.005550921316202576,-0.012504716725996845,0.003996619896493554,-0.0071024765183252654,-0.3417190802454067,2.6985398045700735,-1.8209035870875674,-1.8152520511541528
0.005557352957198829,-0.012524963702159964,0.004021389219709824,-0.007079183804523441,-0.3407349689013295,2.715228603827251,-1.8012745597892243,-1.83152140180089
0.005565329976417324,-0.012546974158946187,0.0040494307329989885,-0.007054477745539603,-0.339622354277254,2.73417889268497,-1.7803609307889665,-1.849464589929893
0.005347051283353615,-0.01211560371511859,0.0033735492420954934,-0.0074242503292030314,-0.3310450366940841,2.2564277251348113,-2.079548416970376,-1.4396498394379418
0.005345522717279299,-0.012141730570209584,0.0033982796372793544,-0.007390877140706313,-0.3309531728642585,2.2742550299184203,-2.0533826390422862,-1.4610779885851055
0.005367232773028151,-0.01219705147478404,0.0034799629923990853,-0.007343746155315174,-0.33365543650695884,2.3322798714365107,-2.016970245900378,-1.513204261863133
0.005349566351596051,-0.012163926042962786,0.003425447969491391,-0.007367614990531769,-0.33146998714508324,2.2936024538275004,-2.0352526764795864,-1.4806077113365834
0.005356689138547227,-0.012184199116752899,0.003454261164785644,-0.007349498954178183,-0.3323378025926112,2.3140348919239435,-2.0212081997894824,-1.499363398997466
0.005416914466935177,-0.012226460568274018,0.003571486775651137,-0.007354992757274034,-0.34001429489932794,2.3977021269817276,-2.0273494782601236,-1.5539053689543076
0.005392333280605993,-0.01221182580802785,0.0035259405925966397,-0.00734961676974913,-0.3368596948339731,2.3650542397511916,-2.022334813088518,-1.5335910332215013
0.005400945799113035,-0.012222991904722902,0.0035476967269503666,-0.00734382022772759,-0.33781728469257055,2.380575446382571,-2.017965893313992,-1.545538318147698
0.005370101151376176,-0.01221371952709946,0.0034996929994184542,-0.007325620609624218,-0.33384107959231374,2.346245146568919,-2.0027005113343317,-1.5274952393040346
0.006666172832172646,-0.013806051485199013,0.006174014377989229,-0.005408213937809824,-0.10875398518812478,3.909964642387066,-0.13148633658674494,-2.7417405069591765
0.006606968319166098,-0.013751887238300934,0.006089490264879073,-0.005507289681654472,-0.12510043216034086,3.890850894079317,-0.23309374859578957,-2.7303908616271912
0.006619175231318649,-0.013763696422145416,0.006106937736083149,-0.005485932079642891,-0.12169251992717127,3.8945438676502495,-0.2114573047171258,-2.73275418879274
0.006632050803614218,-0.013773884920235707,0.0061261577023738155,-0.005467424049999358,-0.11824769895056288,3.900930346070496,-0.19148257049206707,-2.736357724223884
0.006630717578733241,-0.013788508694165098,0.006117247144797795,-0.005440647189871422,-0.11729744348365365,3.880776428324137,-0.17365686133262834,-2.7265786062845105
0.006639407527036879,-0.013799273813925858,0.006128252759914552,-0.005420990788103982,-0.11470745931994332,3.8798954225837776,-0.15534561393595026,-2.726418181240774
0.006649850539529443,-0.013810725358171247,0.00614200121089037,-0.005400000130394833,-0.11171967997269494,3.8804438825230068,-0.1352160412034826,-2.726942194798577
0.006527252691484226,-0.01367581197021364,0.005971214380434357,-0.0056416054617571855,-0.14725962584918384,3.8583002696141704,-0.3712548345885518,-2.7090747073965393
0.00651546302986291,-0.01366604692147061,0.005952691056071197,-0.0056582472669461726,-0.15042573648886168,3.8508652977031192,-0.38932489831599876,-2.7044605957793064
0.006524851667545296,-0.013690596742640487,0.005961915379793047,-0.005614254966418803,-0.14614987132539137,3.8384757573147974,-0.3523804294190536,-2.699907453041354
0.006532867282766504,-0.013701689714321688,0.00597279762433968,-0.0055947355389040195,-0.14359943088826796,3.838316283510913,-0.3341987971670251,-2.7005997638579746
0.006543198534147094,-0.013713991525908022,0.005987344834801073,-0.005573143176886858,-0.14054417066211047,3.8400548673716624,-0.31340797348036015,-2.7022983360182296
0.0065895451075699135,-0.013756448530684745,0.00605573587593783,-0.005498344521613356,-0.12806517933379677,3.859621471783042,-0.23615000249983267,-2.714625806285056
0.0065818283985330395,-0.013743902553659468,0.006046662634049873,-0.005520927527172416,-0.13054427461879003,3.8630725733906717,-0.25615155815098134,-2.7158103471313684
0.006568138105896522,-0.013735942880085134,0.00602474868390641,-0.0055347634507865754,-0.13392105150429534,3.85210606719139,-0.2731511863267559,-2.7097788546074213
0.0065551332830129485,-0.013725898448590913,0.006004794913962975,-0.005552287878513632,-0.1372277058707829,3.844353177960326,-0.2923633643070325,-2.7052312354787484
0.006445553036703016,-0.01359958008959758,0.005842875487132585,-0.005769940132932777,-0.16954039324917614,3.810945055031503,-0.506177227181171,-2.6774356623601094
0.006457373966192202,-0.013610444837228846,0.005861868046955428,-0.005752070987233632,-0.16636584047400046,3.8186824116738394,-0.4872001146012421,-2.682613498994917
0.0064684659644729595,-0.013621915984858802,0.00587923786886374,-0.00573283922807809,-0.1632685537595222,3.824439980919251,-0.4674998403769081,-2.6867710724726224
0.006479958407312189,-0.01363337507158202,0.005897207993943723,-0.005713568046165691,-0.16001927750870748,3.8305686060713087,-0.44762636210720613,-2.691064852124361
0.006476905740778337,-0.013648906169214516,0.005887248347176828,-0.005684709906498481,-0.15875885891808422,3.8099363958776813,-0.4275175212655105,-2.6817266733427445
0.0065009791993493275,-0.013670862583963186,0.005924655090595558,-0.005647730548260117,-0.15232571104128148,3.823623051975175,-0.38863165793660875,-2.690703981561664
0.006485463628744126,-0.013663644555379573,0.0058985525330614305,-0.005658986821164219,-0.15581503318655163,3.8077066577622314,-0.4044162394222833,-2.6818356702006665
0.006428219205438005,-0.013605573363618916,0.005809798874786075,-0.005755879615220436,-0.1715687395346506,3.7783572046983522,-0.5033553658246986,-2.6609979812973243
0.006372090904256666,-0.013550547138415348,0.0057190806384865515,-0.005844295211574485,-0.18665405402515206,3.741794526840327,-0.5953371898358218,-2.6354317790104056
0.006410043598028815,-0.013611504592268724,0.005775489501025143,-0.005741833644037449,-0.17374385404936613,3.745010228970926,-0.5008993515798735,-2.6440824365313964
0.006397773968919431,-0.013599289933658817,0.0057560542401053965,-0.005761573048493809,-0.1770262129782569,3.737728130650947,-0.5211775232724399,-2.638947747617554
0.0063776284426025715,-0.01357002364882781,0.0057255814249649,-0.005810281304880725,-0.1834574123572685,3.7333270335885023,-0.566899221408077,-2.6333172023411424
0.0063866030930019675,-0.013585453531369284,0.005738780363284048,-0.0057843138326978336,-0.1803171795392117,3.733303637198181,-0.5432566867679433,-2.6350846960599195
0.005805425345103526,-0.012860133841570684,0.004613110546357622,-0.006766799467195689,-0.319857891917809,3.1271739432629135,-1.5162811742029818,-2.155573819642853
0.005816069203455214,-0.012875651679049183,0.004637971322927975,-0.006749370037766122,-0.318051272348363,3.143560112429429,-1.4998902499443167,-2.1689062627049753
0.005838753027044535,-0.012932858483914535,0.0047012979255130075,-0.006672171443674305,-0.31067983433970886,3.1788318567174962,-1.430503443017205,-2.204868462622553
0.00582614686133386,-0.012913385390966849,0.004672080739261162,-0.00669523711873289,-0.3131965751236248,3.1603848403900163,-1.452094537749078,-2.1894584090136084
0.00581890671242597,-0.01289590228286016,0.004652250499509986,-0.0067185633257881095,-0.31544798529112933,3.1491977255468995,-1.4731186195351273,-2.178273989895676
0.005758643102391554,-0.012813073349487714,0.00451386665327557,-0.006807618719362883,-0.3244139271438777,3.056791225326717,-1.5570240981774324,-2.104643073001691
0.0057684125329827435,-0.012832692982959783,0.0045397980735670425,-0.006783735351649444,-0.32232404834614986,3.0730184367176245,-1.535486199608538,-2.119352635533703
0.005777514635417356,-0.012847726482985895,0.004562065901813849,-0.006766455882060173,-0.320694500387151,3.0874033138304307,-1.5196142944739515,-2.1315452928241077
0.005786267293213275,-0.012861735047597841,0.004583125101607274,-0.006750403047374295,-0.3191604835515993,3.1010067862917627,-1.5047873469419226,-2.14297159439859
0.0058894833563590135,-0.01297653379940234,0.004803109392483942,-0.006634143784781593,-0.30489087382782604,3.25116403151755,-1.389659553443783,-2.2550067561646654
0.005864983520001464,-0.01296002470828003,0.004755870848250451,-0.006645271048889637,-0.3072022421534712,3.2162566296365758,-1.4033671491407402,-2.23219368411463
0.005871512296055854,-0.012976820753553352,0.004773457723094502,-0.00662188676260386,-0.3048879838277063,3.225281302271196,-1.3823047005299023,-2.241806971106769
0.005845318958693503,-0.012956795933119181,0.0047222632249766675,-0.006637493401271427,-0.30750112709934724,3.188434265187873,-1.399881701442531,-2.2169985075826535
0.005899038801581489,-0.012992748830540008,0.004825341622274539,-0.006613375311809168,-0.30256168508396364,3.264337395845956,-1.3701903370292001,-2.266553073707907
0.005902117665237567,-0.013012685343577388,0.004837940531012855,-0.006582109414747575,-0.29976606745917644,3.2675467447050015,-1.3429498889824403,-2.2739483324049226
0.00590825109332348,-0.013028754163391333,0.004853945264583693,-0.0065591622827817836,-0.29739408884013635,3.2751032037565904,-1.3222518689976743,-2.2823849732637487
0.005915972792035402,-0.013043742110800989,0.004872029705914463,-0.006538898257217314,-0.2951461986328005,3.284794577862597,-1.3035452700268175,-2.291557251458201
0.005924539699460087,-0.01305792977195185,0.004891095535425189,-0.006520365156169242,-0.2929778716720633,3.2955650464436554,-1.2861393201795936,-2.301014867912919
0.0059336358466022835,-0.013071678462150857,0.0049107634907328826,-0.00650275544746969,-0.290837437819134,3.3069493844135427,-1.2693955871018672,-2.310625893616024
0.005942993467599648,-0.013085489854449742,0.004930755920595733,-0.006485058707973622,-0.288653658494886,3.318503029028746,-1.2525053110992135,-2.320298355735097
0.005967781573612985,-0.013105421037573839,0.004978473386412461,-0.00646574913000431,-0.2851564743246287,3.3515195129015374,-1.2309163279525956,-2.342736194358446
0.005949431769062509,-0.013102818045571717,0.004946705086774733,-0.006459609684224564,-0.2859874620882234,3.324951444131679,-1.2296305614047636,-2.3281632522716276
0.005971886243584983,-0.01312537680626489,0.004990896205792735,-0.006434223525591366,-0.2821050709414435,3.3535009211161397,-1.2033548161685037,-2.3488510935000106
0.005978327198621236,-0.013146724120999943,0.005007294319965276,-0.0064015887588439275,-0.2788441161130742,3.358180297398342,-1.1744130395250085,-2.3565853875677196
0.005988383676248786,-0.013158895910905992,0.005027322655255124,-0.006386368418439978,-0.276479079307564,3.3699940566585496,-1.1593328035611767,-2.3657491682305425
0.006050798317857628,-0.013225452493773122,0.005147811484520776,-0.006304498725511229,-0.26398199850158105,3.4429368456128064,-1.0755600067137123,-2.4196806954976195
0.0059929564270881685,-0.013175833156405421,0.00503897514569994,-0.006360019410842937,-0.27389837245691057,3.3722956913790587,-1.1361177003269878,-2.3709817913651428
0.006006704705647122,-0.013194123835533278,0.00506628373265789,-0.006336049072898075,-0.27057535207238753,3.387326476482223,-1.1128411099710263,-2.3831715405626284
0.0060329657831602514,-0.013221833626259291,0.0051164997979752875,-0.006301924489423697,-0.2653923314819773,3.417474606902043,-1.07799493853193,-2.405378673564966
0.00601493349171708,-0.013216632564444379,0.0050847269875772235,-0.006301858466158837,-0.2670086807775246,3.392486119124585,-1.082525907241521,-2.390941201357592
0.006333243180615651,-0.013532661210807671,0.005651793497281665,-0.005867231738733673,-0.19426451843397996,3.696943954975843,-0.6291073117141236,-2.60942113299695
0.006348520129375626,-0.013547369466234733,0.005677030597954631,-0.005844514900793484,-0.19031378281065933,3.708195916876963,-0.6053402657341574,-2.617275247913175
0.0062531060534523385,-0.013450348792921398,0.005516528196850826,-0.005991719541720821,-0.21494824864101816,3.6356087489916455,-0.7575864116475454,-2.564958957621418
0.00624167043137282,-0.013437972783399412,0.005496768258558893,-0.006010053021161855,-0.21790803121742106,3.626414054723932,-0.7762953760333176,-2.5580938982676487
0.0063155728326146875,-0.013536153996845834,0.005619652085887031,-0.005856517597561086,-0.1960264613229845,3.667207944260258,-0.627886967122194,-2.5940717529211423
0.00630162814220242,-0.013526853580138588,0.00559601883279525,-0.005869508373481712,-0.1990810267788016,3.6534935594135987,-0.6433956770511954,-2.5855532391542932
0.006263200742008546,-0.013463765224037893,0.005533686596155223,-0.005970969854482134,-0.21199679897634596,3.641766993123223,-0.737409758514751,-2.570323504131045
0.00624645796804861,-0.013465254451262851,0.00550381286600858,-0.005963110386446683,-0.21352661186341235,3.6151941535844663,-0.7372431633424668,-2.5563762291929737
0.006271716156505777,-0.013480140801503148,0.005547614958224132,-0.005944354278499492,-0.20882550109587492,3.6431105107454322,-0.713196578431904,-2.5735008327018885
0.006289782870224674,-0.013513795134448238,0.0055764918726705,-0.005889578978637694,-0.2021837891691561,3.6456485726685686,-0.6635247758725624,-2.5796185211181837
0.006279702197980636,-0.013497984910721612,0.00556021810006315,-0.005914898411020545,-0.2054853123778745,3.642233903853714,-0.6870912563715775,-2.5756054604046117
0.0061053815992089845,-0.013256440281758656,0.0052475108534415435,-0.00627680116404173,-0.2560230000919508,3.514356281579645,-1.0376169307047338,-2.4643020899563033
0.006110090703866519,-0.013276063184998375,0.005258203528020416,-0.006244569385897722,-0.2528962480658093,3.513212314065956,-1.009540635310097,-2.4678613678584784
0.0061178301399957245,-0.013291524727259956,0.005273457142500287,-0.006220956934402304,-0.2500581605848637,3.5181788280350275,-0.9877739859800058,-2.4736977760599497
0.006125710001359953,-0.013305620910642003,0.005288626678743187,-0.006199707226486128,-0.2474137804556054,3.523697937931645,-0.9679444275692858,-2.479483927070295
0.006134183105239938,-0.01332016957936304,0.005304697701404722,-0.006177824629303344,-0.24465699954252842,3.529635123866934,-0.9474378782292109,-2.4855214983135157
0.006230730603334105,-0.013424268591988552,0.005477799175857945,-0.006030773161285572,-0.22095642010110642,3.618611688392536,-0.7967167291016829,-2.5517064803741936
0.0061828571106889284,-0.013360682649055556,0.005392724403223817,-0.006126192467269351,-0.23465009924161748,3.5832483217156255,-0.889955501078009,-2.5217584487625584
0.0061918861790404905,-0.013375826527451493,0.00540910229325985,-0.006102823017586596,-0.2316509664328361,3.588532629015671,-0.8679915159199026,-2.527333087422226
0.006218688107061492,-0.013407314317703999,0.005456749505232749,-0.006056746487478141,-0.22453387108155895,3.6108727698289225,-0.8217313216548368,-2.544746621458779
0.00620244389362584,-0.013390978500376464,0.0054279868154818245,-0.006079892073008921,-0.22845110225841106,3.5958479233676317,-0.8458773317430953,-2.533922162402348
0.006159497334233158,-0.013339638173739942,0.005350509734336571,-0.0061540864051655075,-0.23976421864296452,3.558621090703,-0.9202065243018837,-2.50470853077687
0.006140997018397852,-0.013337428766910582,0.005317846917753748,-0.006150402162012833,-0.24162726459427972,3.531391462362155,-0.9229139049224199,-2.48978761626803
0.006163954870589235,-0.013359283637694806,0.00535928562444582,-0.006121249672503651,-0.2365499168524223,3.5548996789139253,-0.8919973406107776,-2.5064123145870805
0.006056127541277802,-0.013248611480564413,0.005160745933895788,-0.006267137397698906,-0.2603262438073477,3.442539862083884,-1.043145285391809,-2.42452188017108
0.006084687940612389,-0.013259022294065559,0.0052117012028803636,-0.0062625961728601165,-0.2571111508123736,3.481517196738341,-1.0316577677938008,-2.4474435313101446
0.006067966852893566,-0.013259976651365699,0.005182844160324022,-0.0062531149256474265,-0.2578709214743809,3.4559097801008063,-1.0283656620723283,-2.43404302098319
-0.0047829948240436715,-0.009523936568307247,7.284230632935882E-4,-0.008016899743350327,0.2678694359561746,-0.5094868171858008,2.3403406698424782,1.2053124992837947
-0.004780295102271293,-0.009487596887467711,7.821887420961794E-4,-0.00800378067177984,0.2747442057739233,-0.5449996673050177,2.326799575421458,1.240913877403422
-0.0047658860992126255,-0.009446859027846448,8.385388345358317E-4,-0.007975468778825587,0.27861570440505284,-0.5841948354461315,2.301362826181452,1.2744435661001532
-0.004787449194520785,-0.009166227056134098,0.0012553813586564015,-0.007891101076349978,0.33297163770291555,-0.8516712503080949,2.2048803591658324,1.5601884563802042
-0.004756098558092914,-0.009407888312415215,8.928751728502776E-4,-0.00795209933104131,0.2830669338800156,-0.6212890619389234,2.2796579442185396,1.3079539727192675
-0.0047516283485760785,-0.009360584168054001,9.604992334770753E-4,-0.007930930714126353,0.2902342019557545,-0.666062755435293,2.258544489004141,1.3519310009320102
-0.0047697498585809635,-0.009292582838766904,0.0010660832963067279,-0.007925596000382592,0.30759720021058934,-0.7318951298870423,2.2464272403857515,1.4286452837451937
-0.004771331759791582,-0.009262350025343109,0.0011104309508472008,-0.007915204344149263,0.3131855415999447,-0.76033325899481,2.2349980902074664,1.458607697289978
-0.004735228036449044,-0.009316127904162183,0.0010187809461277462,-0.007896517694455455,0.2929524808301975,-0.7064803174274231,2.2278169899576308,1.3854818210608866
-0.004763227920316173,-0.009228711327850638,0.0011553649603154531,-0.007892179670150821,0.315719845616433,-0.7907954793767795,2.213713345010706,1.4856696570959804
-0.004752023536908658,-0.009188931678436516,0.0012070322895871342,-0.007862486919852559,0.3177657935696081,-0.8258875748382922,2.186646683665557,1.5158626708961407
-0.00478723700675827,-0.009128377731530588,0.0013090402576345934,-0.007872971455524215,0.33779215227893045,-0.8863265783850941,2.1863280361985087,1.595264996323123
-0.004787715029366846,-0.009092292806177576,0.0013601341247741802,-0.007855723412929436,0.3426205386951415,-0.9191147616744866,2.1685811073669874,1.6287260398019348
-0.004764551594024327,-0.008941227051256714,0.001555134364677897,-0.007749105822358029,0.3501650603942346,-1.0466525466509846,2.0681908893878638,1.744591145246579
-0.004785371356551321,-0.00905838860808709,0.0014063335304893888,-0.007835847996175744,0.34578736360932166,-0.9491640978909244,2.1490853267420804,1.6578173606990616
-0.0047775679301432115,-0.009024134688462799,0.0014496411519067285,-0.007809280649262839,0.34678483597009796,-0.9780194074257772,2.1246110868527732,1.6827893235239328
-0.004764279397177324,-0.008985274698644992,0.0014955105043785047,-0.007773741858239863,0.3462350105430903,-1.0090781742378743,2.0928347235431954,1.7069666027398986
-0.004829828006083616,-0.009726286485394873,4.2840736905336074E-4,-0.008113010823895246,0.23368938392827757,-0.3055500943800622,2.430707741210975,1.01511563514467
-0.0048229150088718135,-0.009756579160287469,3.802535934709044E-4,-0.008109536174899784,0.2239623452679926,-0.2754750559420365,2.430879827131978,0.9800840395009204
-0.004812447721685459,-0.009668693050381792,5.146358301594908E-4,-0.008083250701649575,0.2432988194072129,-0.36475382970083414,2.403647935449219,1.0687109884692683
-0.004811631449962482,-0.009698284299913389,4.6885121424340015E-4,-0.00808762004220411,0.23574360633514596,-0.33509297273237104,2.409613570993685,1.0371789443117458
-0.004797167972288094,-0.009642569567437713,5.517711491378673E-4,-0.00806076711704499,0.24516631673961634,-0.39170656237221235,2.3846283241278177,1.089398540955192
-0.004801575427575471,-0.009609674728469894,6.029642776141609E-4,-0.00805883366446952,0.2542921204278699,-0.4243215242513679,2.3800018398618494,1.1256811358955077
-0.004782758100749558,-0.009586911192230744,6.333302411207723E-4,-0.008032354766979308,0.25389466007231737,-0.44736576210842116,2.358210646734417,1.1404933214455404
-0.0047580839667396855,-0.009578010781264776,6.409474649840033E-4,-0.008002466423933763,0.2490550422448179,-0.4563300229982098,2.3352591998161145,1.137856385110691
-0.004741882921472769,-0.009547354802126063,6.827323867397733E-4,-0.007976829762483964,0.25103168772370404,-0.48630370604268947,2.313167585672424,1.1612226685401439
-0.00483286302912929,-0.009987718785105107,1.919656116541706E-5,-0.008137880960793159,0.162587560286888,-0.039831325374079136,2.470665794160776,0.7363968035331966
-0.004821427839127197,-0.009914698284879467,1.333599180832315E-4,-0.008122657372764644,0.18087955290128832,-0.11544596493696033,2.4538888675235175,0.8107771719870218
-0.004820464954292275,-0.00993621114446306,9.967657601772286E-5,-0.008122483335537342,0.1745831714235064,-0.09374957527194588,2.4555413169420137,0.7874357364605836
-0.0048247108791498496,-0.009962805520012628,5.817048824658807E-5,-0.008128141707107113,0.1679959855677652,-0.06622344296661666,2.4617452951336514,0.7604047298414046
-0.004792950368365071,-0.00977102607606655,3.5387212657654984E-4,-0.008077255377863688,0.21243191109402812,-0.2633013043446834,2.4086666618767727,0.9527458965577523
-0.004811457624029625,-0.009895884677217389,1.621813625186841E-4,-0.008110214109266099,0.18378155644174712,-0.13567145036631653,2.4434032767584033,0.8273495567520516
-0.004809364658496037,-0.009870556864829606,2.0147357416191636E-4,-0.008106121281786656,0.1901547843117064,-0.1614862804745224,2.4383180615287148,0.853549463797917
-0.004814705421517421,-0.00984601692381531,2.4009838697974006E-4,-0.008110242554699422,0.19816853408376076,-0.1857526918272813,2.43917905698,0.8816525258384119
-0.0047966378165781995,-0.009796936863903089,3.143708839923566E-4,-0.008084627162680788,0.20667583736238523,-0.2369620238212351,2.4163482359140733,0.926853560852834
-0.004801875037995964,-0.009814517410396831,2.8776787739393347E-4,-0.008092538107616223,0.20343709416128958,-0.21879781938248938,2.4236437659228622,0.9102801917048868
-0.00479838037768043,-0.00983076030725748,2.6228287892450747E-4,-0.008090190826141567,0.19816437860252062,-0.2027394174923253,2.423382635421497,0.8917330704718867
-0.00487997014680471,-0.010337752119118856,-5.376896338340427E-4,-0.008160336468670643,0.0639970667162899,0.3247129974611363,2.512341960817325,0.3728713835778294
-0.004865805404334737,-0.01038739907765732,-6.128228436774811E-4,-0.008133869104802245,0.04702930125132491,0.3722636010459422,2.4976077349197823,0.316240104910037
-0.004861565007958308,-0.010360760374177434,-5.702414706689694E-4,-0.008134597765105998,0.05474382598220335,0.34436690946466647,2.496246889585653,0.3437629976632018
-0.004867441811285666,-0.010316010931535372,-5.011116092725008E-4,-0.008149879974175364,0.06925339935078068,0.30009375158949064,2.503618943778474,0.3931765932837759
-0.004859535067318122,-0.010294882722477635,-4.6652073198992966E-4,-0.008144397604434883,0.07475648973761677,0.2770738787261679,2.4983289072270156,0.4138903378588232
-0.004854317202025441,-0.010270721725380976,-4.2772400846180237E-4,-0.008142227272582571,0.08149420230321956,0.2515233066724978,2.4951026683618234,0.43849974782807866
-0.004838448332218729,-0.010241270149399396,-3.792655691821798E-4,-0.008128214049333152,0.08820105843099134,0.21867385079694218,2.4832392878375145,0.4659541204696148
-0.004839851506501643,-0.010209327210728385,-3.2940220152353567E-4,-0.008133847177107884,0.09805959162751614,0.18649749331064,2.4847976841526926,0.5005644520424452
-0.004838690173410426,-0.010178533631152184,-2.8096551058961024E-4,-0.00813584959760264,0.10717465872262434,0.15500709875065125,2.4839167015380483,0.5332914554980103
-0.00483315573062094,-0.01015001395015101,-2.357186759835258E-4,-0.008132105328960611,0.11483751045589612,0.12509867711967448,2.4791653246322345,0.5623282516217367
-0.004830333665191803,-0.01011740923466249,-1.8437902957126528E-4,-0.008131283644512375,0.12402704279739753,0.09156680541458319,2.4761141653158174,0.5964325883613807
-0.004826556145257342,-0.010090223465011759,-1.4155553719979037E-4,-0.008128503003836949,0.13147966156181973,0.06343203082677808,2.47205033242007,0.6243954101036836
-0.004827906009348363,-0.010032454505031317,-5.1027448084778135E-5,-0.008131981829991605,0.14859976428261604,0.0049338544562489255,2.4700145174011188,0.6867797979569334
-0.0048113452720054545,-0.010007999751624622,-1.2607895871328813E-5,-0.008113255912990081,0.15234357139688706,-0.022188540782853757,2.45479133001388,0.7076584911791212
-0.004815353036253374,-0.010063623782499373,-9.94822622372556E-5,-0.00811678755455633,0.13709179110707403,0.03473000770699036,2.4617348330366418,0.6494821789845225
-0.004895440260184051,-0.010590553062716161,-9.372421727791672E-4,-0.008111915248178706,-0.012679904112493983,0.5847506310216638,2.4965228619136846,0.10556497110282374
-0.004884973142501528,-0.01056833221755636,-8.99463304526861E-4,-0.008107164886118616,-0.006635850425460776,0.5597770434265859,2.491738024743386,0.1271873669277486
-0.004885836200920996,-0.010544440158837222,-8.627596419463209E-4,-0.008115655561258572,6.97874285362242E-4,0.535835250307621,2.4959378188338968,0.15278271380234013
-0.004869460527584326,-0.01052433684502682,-8.267182490662494E-4,-0.008102923604722949,0.005667121168916284,0.511711342724919,2.4857991573434863,0.17088675081620727
-0.004858445394653382,-0.010499894141943958,-7.858089298777869E-4,-0.00809735795646694,0.012217857229236946,0.4845302245548783,2.480265502809587,0.19461232729572872
-0.004848338781574362,-0.010474274064760945,-7.435309137638718E-4,-0.008092814825144276,0.019092458314752755,0.45643513633768334,2.475335872255044,0.2197099348882107
-0.004845892414610835,-0.010403831124959982,-6.33992849332606E-4,-0.008107370140575896,0.04001773802336875,0.38477327974744147,2.4804554065994773,0.2941072152038143
-0.0048396268379222234,-0.01044795306368295,-7.007079242942523E-4,-0.008089675939957854,0.026202115514713797,0.4279930190177353,2.4713117001917575,0.24579444632005967
-0.004833476738895739,-0.010424454762823197,-6.629932597822356E-4,-0.008088400745105034,0.03261288611746622,0.40299862786188745,2.4687621338364076,0.26939124292168876
-0.0048482109715492945,-0.008096009557973674,0.0026191804487278292,-0.0071750942915173215,0.3752950706483374,-1.6516342890186093,1.5098120312974517,2.351434390253495
-0.0048434587534082005,-0.008259728434177105,0.00244517563618109,-0.007322482705198286,0.38545401780805116,-1.5646875327867773,1.6411533610518416,2.2764497877493137
-0.004825962068630275,-0.008316857082782403,0.002367457330992143,-0.00735633993338256,0.3830113104571447,-1.523301538543426,1.6769308664043776,2.2301667364537106
-0.0048107100998872445,-0.008148432558757848,0.002531420223819622,-0.007190685171678728,0.36825771078888286,-1.6064622835137274,1.5347752053145347,2.292319812454252
-0.004787948984030673,-0.008210483176665217,0.0024472829668908194,-0.0072266842251155925,0.36574439801668035,-1.5634612976805986,1.5728254149015655,2.2431550505565707
-0.004786928469103336,-0.008355283920219735,0.0022916478446255548,-0.007352002013288772,0.3721782672389879,-1.4819328534488105,1.6847592618452347,2.1714545445166045
-0.004774256500484643,-0.008448168972591347,0.0021768625137077863,-0.007416462528853846,0.3703816334833344,-1.4190341256428702,1.7471803262709442,2.1076501516621438
-0.004753255123798577,-0.00840499051506265,0.002208545883966319,-0.0073611994662510566,0.3628350471404271,-1.4369080267123808,1.7026246843214274,2.112634528684866
-0.004761559848821689,-0.008493936186958815,0.0021141395664334493,-0.007440420383091549,0.36660944863191997,-1.3840575205899353,1.7727271232442703,2.068541193816987
-0.004754164089393669,-0.008545933687519635,0.0020476342715306348,-0.007473248915390814,0.3644237714039859,-1.3462863646012186,1.8053190209059504,2.0294103741275227
-0.004752951062326868,-0.008598223810262363,0.0019844908790873027,-0.0075111640822626705,0.36349835256726665,-1.3097283081090112,1.8411626585066652,1.9943581548555473
-0.004723955222068554,-0.008792174813262416,0.0017248949272756608,-0.007615569635501039,0.34715430018904586,-1.1563164467992924,1.948817762875897,1.8318005018089567
-0.004728071921619155,-0.00890398858203699,0.001583237825027823,-0.007688768727069603,0.34117657376355653,-1.0684713777301889,2.0190377893577396,1.747522387109258
-0.004721158003301361,-0.008845298700082493,0.0016552971042480692,-0.007646138732950884,0.3431797369951455,-1.1137881295002574,1.9793068938035125,1.788789003887507
-0.0047074379505089685,-0.008623652601196722,0.0019209974165690501,-0.007484338969519797,0.34844165532471444,-1.2750047084256801,1.828751380951325,1.9381577090466777
-0.004723027729244915,-0.008681885257760648,0.0018616438464071226,-0.007540935027622785,0.35157338202167726,-1.2390202810475033,1.8776540955934087,1.9114574594782072
-0.00472325801552673,-0.008736576669295868,0.0017942816635512823,-0.007578416944935137,0.3498404796375371,-1.1986672444027422,1.913192426895925,1.8725835941976288
0.004883665200838043,-0.00800987578184795,-0.0027378859487820085,-0.007122698046181632,0.377954357124796,-1.710144358555777,-1.4536721465959686,2.4191902934432434
0.004857928250726128,-0.007956076069046622,-0.0027628400478576774,-0.007046742202681683,0.36528992234528707,-1.718044594271322,-1.3980504245029983,2.4084575493807736
0.00484304957946865,-0.007892745136034026,-0.0028051300424062754,-0.006970531009462272,0.35490263835797536,-1.7333616667604848,-1.3402549371121457,2.4096614986145686
0.00483965341804921,-0.007819641130273091,-0.002865023025392121,-0.006893143350955638,0.3458065778139981,-1.7563428326470483,-1.2793392616755772,2.422791398481337
0.005144488168142202,-0.00633361861285919,-0.0039601958299874465,-0.005344490239563858,0.17089034832948682,-1.9345277230653297,-0.25920552610894726,2.474331766135125
0.0049725370095671274,-0.007030975736604634,-0.003529720299410085,-0.006102776301687652,0.25988474028813235,-1.9404659956611876,-0.6921019205888266,2.548309562667082
0.0050190516574439865,-0.0063992728252831275,-0.0037992432576083694,-0.00538282454756846,0.17543422310278733,-1.8928818606639475,-0.3195482390195163,2.4129292496437915
0.004951424217810002,-0.006957964323702122,-0.0035379819348890346,-0.006006526238616271,0.24711278712237442,-1.9260342680263236,-0.6445379791498312,2.514756388922875
0.00503393188709876,-0.006551058602734497,-0.003778682064233023,-0.005565030157312385,0.19565010972023406,-1.9246224056348882,-0.39289889002510253,2.4721248528010187
0.005037607967015904,-0.0068139709505161995,-0.003698083906870771,-0.005878137007258575,0.23344472504921351,-1.9615015248263783,-0.5436348413755935,2.554260012107772
0.005019174711006371,-0.006680421593358825,-0.003722646557330763,-0.005711715621950961,0.2130039881369563,-1.936320157095923,-0.46664232972947284,2.5009081054565936
0.004932581127788018,-0.006861409030418585,-0.003556400183097667,-0.005885296919566795,0.23105310892950606,-1.9105653048117153,-0.5846690052952485,2.4781434133875924
0.004904555183462943,-0.007647578299341815,-0.0030727699824564226,-0.006761432713907808,0.3399582920919693,-1.8428423689568356,-1.1560868299254705,2.517254790171346
0.004898930839748149,-0.0075833887933847086,-0.0031149072574221,-0.00668710536078299,0.32969983557510524,-1.8534774596544206,-1.1025834527666218,2.5165621221987364
0.004924873016905644,-0.0074637035730002466,-0.0032280285760919697,-0.006572506559824178,0.3181054605128079,-1.8899604560198318,-1.0109726695635608,2.546820313105446
0.004922266522097034,-0.007380623852023436,-0.0032794438872033676,-0.006476963184087637,0.30536111514474523,-1.8988236491760098,-0.9454969080967345,2.5420749041863293
0.0049561506272398125,-0.007107383129165582,-0.0034734638225701517,-0.0061831591909444145,0.2704272743601855,-1.9325535081278635,-0.7453098182574126,2.546876567796799
0.004963686513828374,-0.0072049579644267,-0.003430849065588198,-0.006301066311505108,0.28559717291517156,-1.935547994241197,-0.8155632514640532,2.567932354185063
0.004927904772125087,-0.007296250229538639,-0.003337494447337903,-0.006384545689384908,0.29394038979257714,-1.9097307239501744,-0.8817830493098527,2.542481016540076
0.004855914025203,-0.00752173325995094,-0.00311185654494802,-0.0065889956560124165,0.31295406778956575,-1.8392512806954444,-1.0459792657603881,2.475460682422025
0.0048537946194225695,-0.007691950933200288,-0.002983826531781589,-0.006770675253942193,0.3342106166956818,-1.801429268294841,-1.1800336111892336,2.4589199215588606
0.004806002232409816,-0.007747776286979382,-0.002889566971988149,-0.006792693131917916,0.3303775702982639,-1.7585840414927147,-1.211920680843827,2.4018768482292714
0.004789706700243206,-0.008640679862846239,-0.0019596250465913176,-0.007579376072380858,0.37501171426711194,-1.2927440380819186,-1.8955415436629288,1.9979050540378316
0.004759075727421388,-0.00878131752314605,-0.0017614754584727936,-0.007644849298705627,0.35959253867020297,-1.1755989060693173,-1.967276056128209,1.8686999290307154
0.004770631939370755,-0.008688588815960508,-0.001886541460172264,-0.007593982858503206,0.36729342466875825,-1.2504192280500934,-1.9149539633731119,1.9471919861646396
0.004759349933899546,-0.008738365904455371,-0.0018163065425358552,-0.007616592069962457,0.36141114422325665,-1.2089761420773248,-1.9398662878363375,1.9012479754542737
0.004834437660455082,-0.008413990933410938,-0.0022654038092206016,-0.007447366059688554,0.3890036128845304,-1.4674605696510767,-1.7580513410796008,2.1853802649364216
0.004815877895815789,-0.008460059675278572,-0.002196761082858556,-0.007466938253606092,0.3841059471942273,-1.4294066353948744,-1.7816901692278209,2.1401495674735695
0.004793211227400642,-0.008548392976995898,-0.002074495442537351,-0.007514028434695953,0.377328676835841,-1.3601214567491942,-1.8325112086822488,2.063407823188229
0.0047763361842995,-0.008495102448635173,-0.0021243154603324756,-0.0074558521926884405,0.3716071064801421,-1.3893113466521767,-1.7829136535734484,2.081299688431393
0.004759340063007159,-0.008594374830721011,-0.001993818469192459,-0.007514693006350006,0.36566922187557366,-1.314772482472671,-1.842787454911365,2.002515931706391
0.004804103270780757,-0.008367669747158944,-0.0022924084769707343,-0.007378918272031462,0.3778813838339983,-1.4825318952563082,-1.7041486934181622,2.1815639514158005
0.004797236936850223,-0.008181803433941377,-0.002485147628043184,-0.00720918803933403,0.3665537167188662,-1.582985156075049,-1.5548611317883843,2.264927874650756
0.004861825995213679,-0.008074513149278326,-0.0026535921674455945,-0.007166657373293016,0.37761820561769344,-1.6692413596492242,-1.4981742225294359,2.3737902309229484
0.004819934934453532,-0.008129687443000872,-0.002558874308301675,-0.007181530200211173,0.36952965467622745,-1.6206139589402284,-1.5241260566287567,2.3093810504037218
0.004779523549933178,-0.008299582033269854,-0.002345965603951106,-0.007297430471504212,0.36769394157320473,-1.5110661378574761,-1.6377706935504877,2.193043209697556
0.004740288896321385,-0.008199401602056582,-0.002416024330353981,-0.007173801736137916,0.35105596559039404,-1.5457622666835993,-1.540531185030927,2.2016253721896866
0.004740371460626235,-0.008253627488953284,-0.002360541249645199,-0.007221513345298696,0.353808154495603,-1.5176760227757713,-1.581858117266543,2.1774564241106322
-0.004813833453459093,-0.007914879561296597,0.002756221773431263,-0.006968635313311103,0.34956662429103735,-1.7088846122032457,1.3476453311569594,2.37397061163056
-0.004813555656654455,-0.007976471367846589,0.002700138142956651,-0.007029229066248525,0.3555249617569531,-1.6849243267611185,1.3974614647075543,2.356229099483798
-0.004822778125382131,-0.00804043265386766,0.0026489852296091108,-0.007099289574160644,0.36363369080786717,-1.6630199760163051,1.4531207772070067,2.3449851152054286
-0.004754898279531351,-0.00786069664072537,0.0027446860870868643,-0.00686718475011802,0.3299468331970825,-1.6951222574713634,1.2846333513831858,2.328379909630987
-0.004730092132029708,-0.007791770845510743,0.002777102223327701,-0.006779455694620641,0.31808592002218433,-1.7033406643969067,1.2240584271484256,2.3193620882441004
-0.004935193511580449,-0.0070575796778957565,0.0034736110961682692,-0.006113822708383515,0.2593816169241485,-1.9200799939063475,0.7114891581034041,2.5190536414212885
-0.00486358859784577,-0.0075018546387110785,0.00313404654116671,-0.0065725774870726015,0.31195802257676025,-1.8474599455634528,1.0316203282637646,2.4842648070495605
-0.0048730062888174205,-0.007443540920793757,0.003183619634706648,-0.0065146899759669225,0.3050502069274433,-1.861553335876934,0.9882620344281114,2.4942431080786736
-0.004846648226951683,-0.007393124076289727,0.003186956542074101,-0.00644157257742718,0.2949973656085487,-1.8522645290475501,0.9473909066473645,2.4677674642107843
-0.004915653989995215,-0.007131831117385296,0.0034141819638404615,-0.006188800922625206,0.2681576314850975,-1.909325222901938,0.7627787126156084,2.5126963384185568
-0.004890561490667251,-0.007225710282397997,0.0033354148316334657,-0.006281469703484901,0.2781836497058566,-1.8921727336097172,0.8286085204410946,2.5004690035322317
-0.004859956656131974,-0.007320229389531283,0.0032465277534543687,-0.006369176684914705,0.2870417036698944,-1.8679634070461877,0.8949166579240527,2.478343082561264
-0.0047493568760133345,-0.007723014640023751,0.0028509993611289743,-0.0067247032659040135,0.3151009699307889,-1.7336801364154526,1.1771635014957453,2.350391660749379
-0.004781808676432764,-0.0076286847926918585,0.002955970610952662,-0.006650929690850564,0.3116804772499902,-1.7749972616391945,1.1136354854439163,2.3943995261501807
-0.004781567484327097,-0.007542495876353575,0.003017508424363519,-0.006559949532502455,0.3017295703298781,-1.7925899456836147,1.0486852127367123,2.402025253487174
-0.004992810705728958,-0.00597152979952704,0.003841380066626057,-0.0048921889191519225,0.12855946695086584,-1.8004913789727721,0.1514982930811274,2.2543687627479083
-0.004984811473163267,-0.006812444785737659,0.003636124367991485,-0.005852290610016775,0.2290331723387009,-1.9333565627779716,0.5495540948701144,2.5092963145788425
-0.0049956392678056315,-0.006704601367091662,0.003687049389902024,-0.005730470586564745,0.21462539783392262,-1.9274054020013656,0.48411618611327495,2.4891080820273825
-0.005026455919672456,-0.006585303498283589,0.0037603474190420066,-0.005602582306984281,0.20008605291565118,-1.9265431019390389,0.41277925528884535,2.478028876664384
-0.004953750281498398,-0.006494380981734863,0.0037008480998579557,-0.0054706827479740205,0.18435682761258623,-1.8789159700225242,0.3785206081222719,2.397228022729207
-0.004947482841989913,-0.006383739822716801,0.003720703902424112,-0.005342416560712296,0.17113485722847374,-1.8592358954058807,0.3268964148429631,2.360207845433236
-0.004945870104164972,-0.006250456006639923,0.003746728140240425,-0.0051915272711883995,0.15621096021679196,-1.8363824496719723,0.2684590794175907,2.3184979305150253
-0.00496325192335088,-0.0061114436882975095,0.0037898677624617206,-0.005040686943976469,0.14204842301354656,-1.817717773452957,0.2092473063327037,2.284473877004835
-0.004908054327156152,-0.006974962588496181,0.003480416825051062,-0.006004317042119941,0.24496690377980954,-1.9026431896165377,0.658177192902611,2.4798966298972016
-0.004876299846178074,-0.006868253572531776,0.0034890318124634347,-0.005866984475201408,0.22742047709206628,-1.881622063874909,0.5935944589489753,2.4331980428874638
-0.0050181774197916515,-0.005823824031680597,0.0038836675315385024,-0.0047348794273475775,0.1157652990548742,-1.778290054172713,0.0967007169238842,2.2172467131684037
-0.005060824773016427,-0.005656509110949072,0.003940356697576569,-0.004559682821951465,0.1013829510813242,-1.7545084195314435,0.03714408926878409,2.1783460524252223
-0.0050483601916236544,-0.00548628566246445,0.0039325727714570905,-0.004376912920184335,0.09006131696832886,-1.7142223549095106,-0.0024721160610602973,2.1163062076056978
0.006644541356215236,-0.0017394031425149782,-0.004727248266532153,-0.0010125092881273815,0.012435391297293345,-1.0023899554046503,0.31710924869710394,1.1344145405661197
0.006438650496577472,-0.0011437310227470558,-0.004526441628421018,-6.758388604925176E-4,0.016757225024602695,-0.9910127669318137,0.19131707333629436,1.1119712424892028
0.005925088289779731,1.3559329237270638E-4,-0.004162014692235867,8.451660779004688E-5,0.020780847577841932,-1.0338230651855407,-0.01812671996283174,1.1626108681467702
0.0060923891545342545,-5.330620709113737E-4,-0.004274950017022368,-3.272927345968958E-4,0.019797988289906508,-1.0175386885909072,0.07605056023665994,1.1425451439099474
0.0063569686200611614,-0.003540794467452284,-0.004907593940251711,-0.002364789465739304,9.445635251819937E-4,-1.326497404835125,0.5255167958454773,1.5858093074795354
0.006441660373281168,-0.003244282404841875,-0.004900343149693189,-0.0021034393989332214,0.001474011282011906,-1.2553886106088694,0.5160529762986994,1.4852448903120434
0.006109413928275565,-0.003669180360363699,-0.004729221060534353,-0.0025300187204038444,0.005751896756849883,-1.3739766392010118,0.4585932048826579,1.642974161664134
0.006446678553967293,-0.002626880751440691,-0.0047607709199716875,-0.0016402784202175847,0.008044818067901804,-1.1448329853312005,0.4289289698106171,1.3287545817172892
0.006273208339110685,-0.002984247932810208,-0.004709251058174605,-0.0019415419408659767,0.007447100995739667,-1.2257123134888248,0.4364471340842759,1.4381968274577401
0.006246124660527142,-0.00239344428285475,-0.004574050752782423,-0.0015154994656173266,0.011514433573177218,-1.138447005811286,0.35566644506997047,1.312558390586713
0.006203697110759206,-0.002041287455183056,-0.004487687517413171,-0.0012802988028835568,0.014063761785760494,-1.102134207406604,0.299980322238923,1.261363090715138
0.005237979767424407,-0.005981783707950989,-0.0041183664924276985,-0.004952638733715237,0.13022808514486314,-1.8878435836555778,-0.08626341318968385,2.3891364406570057
0.00531451708824252,-0.005852418084792746,-0.004215800699580157,-0.00481496941602345,0.11487980993376244,-1.8790673905390531,-0.016838565665710348,2.373244962995225
0.005132522028944139,-0.006176622564698443,-0.003972746195120843,-0.005156332265690491,0.15121487268059083,-1.8951646937350668,-0.19293274547302,2.406000304632654
0.005132712772305547,-0.006034549718235348,-0.003991442372541115,-0.0049921411504353945,0.13557759387742382,-1.8626492214025447,-0.13763956351808268,2.351641199558072
0.005324478534479493,-0.005645367293227251,-0.004231765072311888,-0.004578688195159934,0.0967552584889386,-1.8249908747801338,0.04732467951696118,2.28745478312945
0.005287162049512386,-0.005499838112194497,-0.004189229927211841,-0.004413093908758318,0.08498296312279117,-1.7761144908211919,0.07055161200301249,2.210730250694469
0.005357088103549077,-0.005377856889565965,-0.004262214295074788,-0.004284132066217471,0.07503681449329054,-1.7603144730988431,0.12063986370157984,2.1869888653972374
0.00551116864837158,-0.0051328201134971455,-0.004411570065112378,-0.004021824394642818,0.055080886519024576,-1.7224262148944172,0.2176596606844641,2.1335824886990196
0.005388772679091246,-0.00523021218409074,-0.0042884153330731405,-0.004125704882740677,0.06491152864520573,-1.7269720503894355,0.15902875446559894,2.1374235119044203
0.00551839286416762,-0.004961441664345003,-0.004401008835843102,-0.0038407383323432916,0.046874906410028,-1.6763405166889882,0.24235240057246257,2.064316014524725
0.005561867794242048,-0.004764444519040576,-0.00442148974971071,-0.0036364063636383863,0.03749815859403088,-1.6296661050305417,0.27703967169049465,1.9961055284597666
0.005916742201022882,-0.0038509432145986313,-0.004600347914404259,-0.0027253711929912483,0.01153158969507239,-1.4214928215304268,0.4093576799382676,1.7055594889915628
0.005984858190478456,-0.004125377332903598,-0.0047193733599499126,-0.002961768370026275,0.009402107601034512,-1.4864228356028504,0.4423824676648502,1.7995845477163754
0.005891286590544085,-0.004311425696471259,-0.004669911527713137,-0.0031530878081724102,0.0159209935421914,-1.5328326345818652,0.4116612147085345,1.8655408510885774
0.005625003833710054,-0.0045623448880736574,-0.0044557169153160705,-0.0034299435720819894,0.02980039891658973,-1.5839556926733582,0.31252716834977673,1.9306317185882003
0.00571194485599234,-0.004374703430966164,-0.0045100006352429885,-0.0032382434924331806,0.021699905733243163,-1.5419568237085226,0.3486517136907122,1.8726385204592955
0.004710798873533935,0.0015280541370506402,-0.003400675232696555,0.0010595725877592882,0.029884335435224712,-1.1837673861737406,-0.09389565381432702,1.3618308507523953
0.005444102959759586,8.603603575868358E-4,-0.003872901583692559,5.65345059305519E-4,0.0238808231995174,-1.1033454209392841,-0.08736543646256444,1.2545818748842559
0.005572257215987409,4.620985119258767E-4,-0.003942943563732447,2.9926390974804667E-4,0.023105719747308184,-1.078591367488726,-0.05153475076904228,1.2228979252794996
0.004898978893446415,0.0010036030779808772,-0.0035093441362031587,6.847285564429962E-4,0.028061473406991857,-1.1505923301550205,-0.07339219296902401,1.3174742046639978
0.003940211540067367,0.002315587268844029,-0.0028738999667038303,0.0016617166668738469,0.03833168125624308,-1.2418686661906484,-0.06453485836181662,1.4397538998772281
0.003261775042636391,0.002621778970383494,-0.002375569389396551,0.0019004975029577457,0.04498652142970523,-1.248736892400834,-0.025591122984682798,1.4497608877611958
0.004060254136089931,0.0016634653915918334,-0.002939268914523025,0.0011801517994949674,0.03610972299711585,-1.2101859690416115,-0.06037061552783802,1.3975627732958982
0.001615439324518217,0.0033399679016762967,-0.0011588509516551645,0.0024155293416855787,0.052088775457550085,-1.2206336304471306,0.02323431691775812,1.4125352210139113
0.002556903843753514,0.0027417220949433104,-0.0018528798771762815,0.0019888020508216846,0.04876574193331711,-1.2382856806638751,-4.329082626477691E-4,1.435664017353287
0.002023060411807207,0.0030319002635794006,-0.0014592790981982923,0.0021969991758435167,0.05086188100871442,-1.2295787135150984,0.013917261095114352,1.42439439401716
0.004739522008516318,-0.009187446335546917,-0.001203529623606706,-0.007848151347851468,0.3139135796830999,-0.8255420861913362,-2.175885026027349,1.5092629746899708
0.004798877990237967,-0.009773357079565954,-3.5103985549407097E-4,-0.008084306380849749,0.2134398647918365,-0.2604558929933483,-2.4140184064949035,0.9526121910003811
0.004779597131009185,-0.009740548929249696,-3.9880470611727663E-4,-0.00805787604767289,0.21683243924250942,-0.29465292250018843,-2.3917855317497985,0.9792609890406653
0.004763031782681217,-0.009702523620028103,-4.5414351471221795E-4,-0.008033165663605353,0.22174380543044017,-0.33342900137360193,-2.3701632741237284,1.011960550253823
0.004767612870722171,-0.009664187229160558,-5.130795846796046E-4,-0.00803151121179458,0.23217180111246022,-0.3712229582765122,-2.3652324450082576,1.0536513231394617
0.004756419539686915,-0.009396840534018758,-9.091979647356192E-4,-0.00794876786341092,0.28519885132546313,-0.6318036006587088,-2.2759419470663365,1.3189948202373118
0.0047540952584803325,-0.009420592036698056,-8.73575648210271E-4,-0.007953999577114325,0.28002225440743955,-0.608960629389901,-2.282514266778615,1.2942721501828218
0.0047521132513754704,-0.009468920360198184,-8.017438319458042E-4,-0.007966741784270946,0.27009270117010153,-0.5624120355673604,-2.2973416112465745,1.2451470156646443
0.00473693961684226,-0.009439647261550381,-8.401896401285717E-4,-0.00794096252448954,0.27119287593076863,-0.5899263739605821,-2.2750022928626135,1.266249688570018
0.004757772295536295,-0.009367928355277352,-9.519647597558014E-4,-0.007940344021202831,0.29089148487814015,-0.6595132055259346,-2.2663626855326586,1.348236716731229
0.004734438355616088,-0.009380989118267107,-9.24856176401499E-4,-0.007919008718463768,0.2813190334446642,-0.6455693604399697,-2.2520510059812944,1.3224438856568395
0.004730719248580929,-0.009220854017260579,-0.0011526316254544305,-0.007853169385330745,0.3062407517251049,-0.7939725098997891,-2.1838805137073707,1.4727579780903854
0.004730847272167789,-0.009256937284067693,-0.0011016169489034067,-0.007868422288719127,0.30090805351958533,-0.7610028023403492,-2.1996941493887086,1.4391418051832063
0.0047535926619462635,-0.00933326695636224,-0.0010009085390671974,-0.007923210711224003,0.2956121906394302,-0.6921386177629999,-2.2495628726452703,1.379726813546448
0.004741703788198329,-0.00929559532208718,-0.001050755290600102,-0.007895778711043465,0.29813915154062354,-0.7264388141207969,-2.2246779770040717,1.4090577696160826
0.0047483723084344965,-0.009628980189113033,-5.623554547901476E-4,-0.008002881991945527,0.2349044838756316,-0.40663567537043527,-2.340715928298436,1.0813901029681068
0.004704666239258125,-0.009595269852911674,-6.030021873470087E-4,-0.007946842593903271,0.2306561798423594,-0.4398459536665243,-2.2960631646463803,1.0954053072565213
0.004732003810082928,-0.009524785687156326,-7.136018484280349E-4,-0.007959979885799577,0.25294111937743957,-0.5080565164207494,-2.29832844778896,1.17908785177051
0.004726318339946872,-0.00949198919726901,-7.603222676514277E-4,-0.007944706596826731,0.25788186943776825,-0.5395123899692394,-2.283509362207458,1.2089723113792095
0.0047089797632808095,-0.009555846559197244,-6.619840978803377E-4,-0.007942349059769037,0.24003921224604036,-0.4778561221015124,-2.28862212353892,1.1368549507738743
0.004784840180745046,-0.009803073943799586,-3.0356829453199487E-4,-0.008071898306418407,0.20228229436774617,-0.2317178921922591,-2.407672127074791,0.9157210063302875
0.004798101286926578,-0.009860033523211966,-2.1693429357767777E-4,-0.008092448756764932,0.19047515247036453,-0.17322662241033226,-2.427551848489946,0.8605407775271633
0.004798347983804843,-0.009931901913585759,-1.0553965864745317E-4,-0.008097027401293406,0.17104304081358057,-0.10074147038189386,-2.436959448216362,0.784353453195254
0.004793427813406959,-0.009894385989943695,-1.6342865999033853E-4,-0.008089535562089281,0.18013325974616604,-0.13907051156538253,-2.4283987668330655,0.8223952288404689
0.004771883624004354,-0.00983519524288236,-2.529251227415955E-4,-0.008060489569247766,0.190867976313716,-0.2006192777000849,-2.402268272246492,0.8769599789200225
0.0048200475440641575,-0.010020691306455663,3.2491460936001096E-5,-0.008123133521969727,0.15043603385431983,-0.00814003157285603,-2.462811014475783,0.6968953809645488
0.004795923084506074,-0.009966408338826623,-5.194496931907444E-5,-0.008095289268604191,0.1608923886672484,-0.06618269236146222,-2.438578011970663,0.7468348142123845
0.004802926189861556,-0.00999530164361129,-7.164254258890869E-6,-0.008103632699114615,0.1542885495904249,-0.03616086004398767,-2.4468993324633104,0.7184602772229031
0.004770842028340846,-0.009950963565424433,-7.516519410647932E-5,-0.008066395496361112,0.1600082104911964,-0.08464460225295507,-2.4165962045877585,0.7546631316328778
0.004843313409815842,-0.01017155653847912,2.7045248363862347E-4,-0.008141842843800576,0.11003235183365205,0.14876026885446333,-2.4875822584748204,0.5420153855616322
0.0048531993861963855,-0.010078213077840703,1.2387748164984782E-4,-0.008159713700244415,0.13992112975981327,0.05535240739733089,-2.4930841585522727,0.645369870962397
0.004855775656391158,-0.010100266185276204,1.5890748745737266E-4,-0.008161598403773333,0.1338092886732374,0.07824359736549275,-2.496060477791072,0.6223658820615704
0.0048461331348021,-0.01014214089559328,2.2439327822666112E-4,-0.008147658729319602,0.11943537864644717,0.11933433589372235,-2.4894618131715114,0.5744140290460767
0.0048421505718972795,-0.010117198929925105,1.848175181321782E-4,-0.008144873894007336,0.1262261885933546,0.09330827562658585,-2.485619640853222,0.6000750693436938
0.004829858105494811,-0.01006466934004155,1.0162407334705329E-4,-0.00813337773099213,0.13954809420608452,0.03795878980976789,-2.4735149125964893,0.6528132379173189
0.004806876851581582,-0.010045234959933822,7.056472735406828E-5,-0.00810763577153586,0.1408445813747742,0.014893533354715634,-2.4537838001977725,0.6664888359989396
0.0048547754262463555,-0.01027528697118064,4.3496825483155976E-4,-0.008142054605204911,0.0801890364578204,0.2562576108089289,-2.495304590498168,0.4336975966163909
0.0048460230195129725,-0.010242997592621254,3.829991625031722E-4,-0.008136678252128798,0.08879544710707116,0.2218279937795577,-2.489257088953646,0.4660613608983199
0.004816071055177409,-0.010219535734706325,3.4249469548030094E-4,-0.008105391608365016,0.09150193956849191,0.192651577308527,-2.465702178328262,0.4832735929994259
0.004820603931096935,-0.010192395013950549,3.0077603815592096E-4,-0.008113684284566264,0.10021906022109109,0.1659788825831551,-2.46946750784932,0.5134497814738005
0.004907694366224753,-0.010699050334430913,0.0011085785196800306,-0.00808642249266648,-0.04447280822022289,0.6974461925683547,-2.486347713782337,-0.007509229383092084
0.004901863759413566,-0.010721210502250474,0.001140020143459328,-0.008070850090722321,-0.05100662723723006,0.7182452934212002,-2.477074618516198,-0.031950587119551066
0.004901233641530713,-0.01074386295127818,0.0011741244094185543,-0.00806075709267746,-0.05749963724434735,0.7408489532886692,-2.4716072758518117,-0.05597001667745357
0.004870003557085669,-0.010359010254632837,5.692054750736953E-4,-0.008144662619584518,0.056266561676183775,0.3443378091992587,-2.503052098152846,0.34760450660660563
0.004866974207947802,-0.010385318444476056,6.098195426103727E-4,-0.008135663758894377,0.047785036212254994,0.3704235174519876,-2.4986971218527247,0.3187025266580434
0.004871705379804813,-0.010407453797104232,6.455232100445954E-4,-0.008136169018111575,0.04149887025935204,0.39386820560098434,-2.500586656206922,0.29609870872112193
0.004858733247099713,-0.010427267949659064,6.733847090108551E-4,-0.008116609610047463,0.03417216200034509,0.4112072860866344,-2.4885039784232608,0.27199425440556463
0.004853067515560785,-0.010451047045527203,7.088766014161415E-4,-0.008104251583843432,0.026472227229923758,0.43402980990376167,-2.481623143269017,0.24541298332355535
0.004853703177771969,-0.010320889639659889,5.063126367751319E-4,-0.008133191457182797,0.06607082937927,0.3023575336537539,-2.492440595084872,0.3845459599553465
0.004845598815735629,-0.010344508963952892,5.416956504377909E-4,-0.008119480754087678,0.05788949495971866,0.32468757235268364,-2.4846402392430793,0.3573310788578667
0.004838157647596503,-0.010298155515168248,4.6809232908141715E-4,-0.008119297589935801,0.07102202123808342,0.2762861000377523,-2.4811811743221575,0.4050290324475192
0.004889846569531524,-0.010569157756920428,9.023077323233283E-4,-0.008112494926026751,-0.0065227138278618185,0.561788471357123,-2.4954592993690263,0.12723600072029947
0.004868279536284702,-0.010558482772028645,8.789845490254666E-4,-0.008091165816045498,-0.0045763456402537666,0.5458968854351931,-2.4800039962061127,0.1343778686641749
0.004885962043364073,-0.01059489104863172,9.407603271070344E-4,-0.008099580712841599,-0.014493877085471526,0.5868759859188143,-2.48831712525725,0.09910251928687726
0.004885786833336168,-0.010619238167584385,9.781385498266652E-4,-0.008091040723062404,-0.02170939203321968,0.6114105291857044,-2.484087399654968,0.07321397409948999
0.0048897955534455174,-0.01064534133224115,0.0010195933336852054,-0.008086316885089663,-0.029249588101677652,0.6387283046632523,-2.482612330303563,0.04626175335833078
0.00488829884371325,-0.0106769363828947,0.001067293005797882,-0.008072818669195047,-0.038541731646895,0.6701679296816324,-2.4754331469403255,0.012553330679996536
0.004852063401006226,-0.010477321251360722,7.492231729935322E-4,-0.008096255111418227,0.018496984844005387,0.4603434516858354,-2.4779274359475223,0.21725018939111027
0.004858504909288825,-0.010507735081944077,7.97914953967199E-4,-0.008095205426415565,0.00988109452941763,0.4924612171395322,-2.479317310717646,0.186281797277619
0.004860541774977648,-0.010537763376364376,8.447436883313508E-4,-0.008088710379941228,0.001093089793834396,0.5231939129825208,-2.476885192421911,0.15483939124349697
0.004983352072107906,-0.011043114503977118,0.0016623123480645336,-0.008002735481752801,-0.1400248392264545,1.0653115492375094,-2.451637717771088,-0.3594871143858669
0.0049791909522254865,-0.01106487919976185,0.0016915829019719978,-0.007984939141761896,-0.14514803316137073,1.0856336474065655,-2.440478855915114,-0.38266532501932654
0.0049856038434365774,-0.011089610422901328,0.001731410878419231,-0.007977055054640527,-0.15151379046474014,1.1124097472104058,-2.4366067388095467,-0.4078147033220888
0.004983625327292377,-0.01111620522828032,0.0017685366035688212,-0.007958126800112207,-0.1576882787216318,1.1380499325601203,-2.4248798000758947,-0.4355903115566266
0.00492992838550197,-0.010869365986253095,0.001376045967935011,-0.008036236726157027,-0.09254034410844321,0.8748239318768113,-2.463087801704903,-0.18383491913610064
0.004930635271209696,-0.010838555737519354,0.0013301965250818552,-0.00805195107811439,-0.08410774241477459,0.8441338866112087,-2.471972467273171,-0.15132964059224854
0.004924141895569534,-0.010809635518377108,0.0012835989226420788,-0.008058031977695565,-0.0759779880245386,0.8132457204920448,-2.474218454359388,-0.12180334605610967
0.004904796435770698,-0.01076918364443978,0.0012139201591875148,-0.008054001916666475,-0.06464232081485542,0.7672406653519933,-2.4686402865789776,-0.08210598686246746
0.004899947108707718,-0.010797961005381539,0.0012550510392986037,-0.008035749741807159,-0.07270834719042539,0.7947474415471224,-2.457858600971686,-0.11312180505932996
0.004969974415266587,-0.011025296640897825,0.0016283437886906121,-0.007997998151786105,-0.13477702719340298,1.0431051523286994,-2.446974120480044,-0.34228960673881753
0.004963926964530869,-0.01100326137765818,0.0015925387021385035,-0.008003824655398792,-0.12900406608863482,1.0191811285260899,-2.4495671214814148,-0.31994119322311154
0.0049371638080396695,-0.01089922103079011,0.0014242016789422793,-0.008029523179282768,-0.10074345988555587,0.9068705626309362,-2.460442781115922,-0.21421945075335302
0.00493384316870319,-0.010928926109642126,0.001466541150901934,-0.008010363583083824,-0.10857038481482328,0.9355551093015938,-2.448980534159865,-0.2457759632499905
0.0049337628353254915,-0.010956218561033175,0.0015066999536310019,-0.007995717107904608,-0.11563454733099045,0.9627304713943273,-2.4404940399502686,-0.27430074605313554
0.004939629588705724,-0.010986726064882307,0.0015546117470204067,-0.007985591843685219,-0.12363528744114874,0.9949125928795918,-2.4354270334944084,-0.3054240732549181
0.0047725936916180696,-0.009039015420961501,-0.001426478150763937,-0.007811788131831987,0.3435388390604949,-0.963956970597199,-2.128678704487029,1.666062501465806
0.004751451969810128,-0.009075885994770183,-0.0013646782211850681,-0.007807951017144759,0.3321412400155796,-0.9274279083895739,-2.1310908209445363,1.6184055148952703
0.004734814397151979,-0.009117819908617195,-0.001298504763933901,-0.007810689431576618,0.3214778236095069,-0.8873982850966317,-2.1389472402739966,1.5696375104510023
0.004713968380941347,-0.009155590035428422,-0.001236389584830102,-0.007805991463527888,0.3099231461125389,-0.8504467882271287,-2.140661497833861,1.521958486184378
0.004750790841853424,-0.008988330274205323,-0.0014839095733055222,-0.007760950599794066,0.34121183189725957,-1.0034919528341308,-2.08405725524273,1.6944039007746543
0.004736814270793503,-0.008817057696460271,-0.0017013561358472206,-0.007644713775494297,0.35000673993520864,-1.1406814750095717,-1.9735049879841224,1.8231655288979616
0.004716340423206141,-0.00885263299799171,-0.0016428915583993724,-0.007645647076137412,0.3409819355366453,-1.1067084462219572,-1.9801383201930154,1.7794590550930678
0.004731864111601645,-0.008934703903199389,-0.0015449880804812852,-0.007710640715176162,0.3399956623566233,-1.0440641291692743,-2.0395467540562193,1.725291820116661
0.004721043416242441,-0.008890265304731623,-0.0015970212948775763,-0.007673268132110858,0.3399745280496927,-1.0777480319488004,-2.005856403546779,1.7532630080700484
-0.004903386047657403,-0.010690392412700337,-0.001093652051568277,-0.008084889593196967,-0.04205888255806362,0.6875634476517007,2.4847008875485996,9.591365437124145E-4
-0.004894585715975096,-0.01066461829138115,-0.0010508692403064874,-0.00808467749613643,-0.034768614537058644,0.6593327449740035,2.482792229854273,0.026729282801926334
-0.004888221708809963,-0.01061402880057539,-9.70983401102523E-4,-0.008095645215267662,-0.02009859527437338,0.6067252032574376,2.4869235288286293,0.07923048183581831
-0.004889204437524437,-0.01063950193647373,-0.0010104319741113955,-0.008087762027575352,-0.02757192589704016,0.6326585059749724,2.4832137440731326,0.05238815203170601
-0.004899957193855871,-0.010717380087142785,-0.0011334235952370731,-0.00807022866881252,-0.049959179722344656,0.7138514411258775,2.476379755419517,-0.028179941693596448
-0.004881689315879181,-0.010704972057534866,-0.0011072806183574171,-0.008054365695262682,-0.04675311968087357,0.696621345689677,2.4644978240892947,-0.018147541420764746
-0.004951206965004947,-0.010876754594196356,-0.0013976616852042925,-0.008056897810872272,-0.09498032569143523,0.8884578163455119,2.4780526435342654,-0.18862736419174356
-0.004939239065321647,-0.010859227657520157,-0.001365415287417196,-0.008051835964063692,-0.08994141765366377,0.867344521369824,2.4732958120988298,-0.17184036038497805
-0.004935960552524599,-0.01083376340348807,-0.0013255059263025967,-0.008060316156800819,-0.08282989841871637,0.8408145700862714,2.4774675750523865,-0.14547334212844495
-0.004924453964449625,-0.010808643673138623,-0.0012822479898570403,-0.008058844481963187,-0.07573833621214808,0.8123142803406954,2.474718001307792,-0.12068940630559251
-0.004896264864700007,-0.010738574350882964,-0.0011640398354417702,-0.008057301317777075,-0.056121477804437846,0.7341968801156112,2.4688388911439665,-0.051178955748269805
-0.004914589542900212,-0.010784824712213639,-0.00124183867644619,-0.008058312263914041,-0.06901173224488073,0.785629560808501,2.4727101515555674,-0.09706510399566391
-0.004905625990472893,-0.010758965214345016,-0.001198840103292492,-0.008059361853436644,-0.06180307307824349,0.7571944590932643,2.471684318441652,-0.071189768644165
-0.0049941799277574035,-0.011050536752293026,-0.0016796621914830165,-0.008010658009439654,-0.14250653567269708,1.0763362246881056,2.457824790921782,-0.3661063606636248
-0.004985661429910497,-0.011036006539589053,-0.0016532530434118643,-0.008009581248641037,-0.13842315431865254,1.058976312134467,2.4559989864713887,-0.35179637475987163
-0.004981216189571376,-0.010972159738087968,-0.0015562692260534135,-0.008041069818762042,-0.12170448222981418,0.9935117328997655,2.4737071910403485,-0.28523263054296694
-0.0049896409695760775,-0.01101686996814575,-0.001627388063445419,-0.008025340384055323,-0.1337330612090226,1.041104786618426,2.4658244646621097,-0.3312693185316999
-0.004984543546855336,-0.010993782720245827,-0.0015902744522229458,-0.008032753892299682,-0.12752168184497822,1.0162903224076352,2.4693993462885224,-0.3075894660444826
-0.004962664971056048,-0.010964630281042484,-0.0015348505053582823,-0.008023996375683047,-0.11897181551910208,0.980119780745248,2.4611096813909756,-0.27957591377153546
-0.0049564353163442255,-0.010949667929222359,-0.0015092809350557212,-0.008025028994967548,-0.11480733865616134,0.9631985375002708,2.46077880357261,-0.26464433372998036
-0.004955335040148234,-0.010933911544250064,-0.0014852863495665393,-0.008032205625827333,-0.11059275546337517,0.9470904941322914,2.4647226401985933,-0.24825082274922008
-0.004946149356919685,-0.010919331693670738,-0.0014587633885122873,-0.008029394258980535,-0.1063934548974506,0.9296772508733472,2.4617232708931938,-0.23411914463761815
-0.004945067391338203,-0.010897569129362902,-0.0014257626551362334,-0.008039379608662238,-0.10053961176423763,0.9075715528844902,2.4672278182629337,-0.21142043416899328
-0.005021025671489765,-0.011157039976284496,-0.0018515383966496207,-0.007974071212333731,-0.17009031219570594,1.1919888585888765,2.4394586032361105,-0.4749030998200237
-0.004985655103888539,-0.011068703473262572,-0.0017010734555880536,-0.007989958856833816,-0.14650518393163978,1.0916286658341974,2.444360022592713,-0.3860052385876503
-0.00500340511718013,-0.011151562266203629,-0.001832048528537997,-0.007957675509130029,-0.16738512710491998,1.1801503318664313,2.427141368211965,-0.47063864990679943
-0.004996404623412616,-0.011133314826979775,-0.0018013027728399635,-0.00796162942622638,-0.16267609856451656,1.1595527823416238,2.4286714327125147,-0.4522743129054726
-0.004984254319445138,-0.01111290149685651,-0.0017641850356443897,-0.00796092973432294,-0.15699568740644046,1.135013400593939,2.426671668260301,-0.43211388170885395
-0.004980388109420142,-0.011089253944399587,-0.0017276586369430636,-0.00797136004641484,-0.1511578087538087,1.1102562094410182,2.4324865560299287,-0.4079246270376176
-0.0055486242920426004,-0.012339044287415503,-0.003853350186891369,-0.007333501450479862,-0.3525416701298339,2.603842902224676,2.0127360342130167,-1.6949001941719024
-0.005541355751731894,-0.012324916880167213,-0.0038303160226978855,-0.007345933526765947,-0.3523981780938019,2.5870339644970533,2.0228955237489377,-1.6806294673447504
-0.005534096684388874,-0.012310795978701843,-0.00380721997358772,-0.007358218150216623,-0.352160969520619,2.5701718514474163,2.03287958280271,-1.666319139830179
-0.005512534695097347,-0.012268453375870807,-0.0037377734169537417,-0.007394369998660285,-0.3513123847468653,2.5194458724277946,2.0619449960281204,-1.6232326316573096
-0.005519627187458417,-0.012282579925745945,-0.003760882873696202,-0.007382356335519479,-0.3516140284731311,2.5363317796864564,2.052330896228866,-1.637611436637119
-0.0055268343290287925,-0.012296694702915658,-0.0037840587391238718,-0.007370324833306325,-0.35188570295757654,2.5532592892884978,2.0426605420589,-1.651981110122837
-0.005488986062554743,-0.012253606326992924,-0.0036919498916726484,-0.007390770324927353,-0.3491310336225579,2.4853632354116484,2.058516886545252,-1.6019917548859706
-0.005495886359822123,-0.01226766948213126,-0.0037146921310739524,-0.007378875556216184,-0.3495452601237508,2.5019087151269086,2.0490587885379843,-1.6161588397195124
-0.005472459526648286,-0.012252910838776512,-0.0036693724808648897,-0.007375268726127684,-0.34680524446213373,2.4687597695423786,2.0453268616103606,-1.5953711148853287
-0.005464350479811675,-0.012239377185825588,-0.003645605900632759,-0.007385045898521687,-0.346129392411114,2.451534180943391,2.052977072217052,-1.5812995803326275
-0.005443739001874997,-0.012196021077338234,-0.0035760862228651556,-0.007420811091342122,-0.34436238191019924,2.401197649920253,2.080980288515662,-1.5379282641878145
-0.0054498163781663,-0.012210070380937214,-0.0035979100901698713,-0.007408762916231579,-0.3449120754357811,2.417016512644746,2.0715498309242633,-1.551830397582564
-0.0054562301452419325,-0.012224949139449687,-0.0036209036559759385,-0.007395836159788405,-0.3454236052646615,2.4336495925295307,2.061395852382675,-1.5664713877797345
-0.005361390239388581,-0.012051254888655253,-0.0033230185932031967,-0.007516534032790509,-0.3325250183629278,2.2187000058223574,2.152165352296825,-1.3873883398214308
-0.005356709851442993,-0.01200927960569273,-0.003271474771373794,-0.007561537050801539,-0.33087965049023044,2.1808532496251694,2.1865538375546882,-1.3481584096977632
-0.005352987692829864,-0.012037822848825631,-0.003298427420327519,-0.007523833779069963,-0.33099543514548585,2.201113744325203,2.157283279793002,-1.3732140786047047
-0.005345361392127081,-0.012023439561715747,-0.0032736965172049837,-0.0075329293252069445,-0.32951534211836725,2.1833870547745673,2.163802945407316,-1.358375470253476
-0.005308385325283293,-0.011935997541346692,-0.003133112905524826,-0.007594991574792557,-0.3207231315623141,2.082407169510203,2.208464319889902,-1.2699392970966785
-0.00534519041147936,-0.011978787704268813,-0.003223871816669829,-0.007585049952871757,-0.3281727160283458,2.1464108485427364,2.2037062307555533,-1.3173880056734986
-0.00535018712835637,-0.011994071772962566,-0.0032468647580504756,-0.007572518514848346,-0.3294459302067751,2.1630932484512613,2.1945043727117466,-1.3326571754960115
-0.00531574287873822,-0.011950559898853292,-0.0031580494614676506,-0.007586284604966587,-0.3225097592643546,2.1002008410935322,2.202449892530566,-1.2849637032130172
-0.0053236412397753615,-0.011964207474951357,-0.0031825340136890424,-0.0075790491468914435,-0.32429713589381093,2.117629077848628,2.1975563981293305,-1.2992502090082336
-0.005330971581973693,-0.01197560764303343,-0.0032038180204328687,-0.007573673831703072,-0.3258405651993964,2.1327590808696257,2.1940069370844166,-1.3113480529317498
-0.00543626704604554,-0.012182333257271792,-0.0035527586300270323,-0.0074308523547663985,-0.3435563079540682,2.384308792013797,2.0886952388975235,-1.5238444766783539
-0.00542278534710395,-0.012152732868140654,-0.0035055194269561323,-0.0074548160997045575,-0.3420075905851588,2.350098871104887,2.1071460517803744,-1.4941621749871536
-0.005428723432312714,-0.012167707349374722,-0.0035283351684065795,-0.007441874535067839,-0.34270064336367195,2.3666330021708255,2.0971433461868845,-1.508917468844938
-0.005408427602187123,-0.012150136951054458,-0.003484776385478118,-0.007443489253724024,-0.3399310956942387,2.3352911540214136,2.097494488238222,-1.487456946499946
-0.005400576934408261,-0.012139122452113342,-0.0034636490885597278,-0.007449312152461426,-0.33887965109273116,2.3201037568985865,2.1017272021340045,-1.4755901244121932
-0.005392108829618865,-0.012125925798945203,-0.003439494182043728,-0.007457114436685589,-0.33767489799039924,2.3027477232978946,2.1074619385393665,-1.4616658149059878
-0.005384177984532738,-0.012111658969835336,-0.0034148639829864095,-0.0074666475103229496,-0.3365062015178661,2.285040949638541,2.114549066060912,-1.4469701344813872
-0.005376473529776583,-0.012096526780893116,-0.0033895572848458536,-0.0074773199079810745,-0.33530093301094827,2.2668388594533426,2.122502437430128,-1.4315669370367905
-0.005368600113037822,-0.01207930610149566,-0.0033617664087795406,-0.007490186126931392,-0.33401502730117116,2.2468411346443733,2.1321138444853607,-1.4142619582152938
-0.005353216235000868,-0.012066284225160184,-0.003329353942217708,-0.007490069075136832,-0.3314860928072101,2.2239203050613834,2.131167230153226,-1.3986631101533058
-0.005023569924445571,-0.011174618545161517,-0.0018785092119369435,-0.007965237711794125,-0.17432943221345398,1.2103975591372436,2.4343792925240724,-0.49300966536799035
-0.005043818737457821,-0.011233644693852365,-0.0019767385956636786,-0.007947518595820205,-0.18924913247792238,1.2766095535169009,2.425994293859818,-0.5529276800366061
-0.005027551218528888,-0.011194359088947182,-0.0019094694941837794,-0.007956378733938329,-0.17912330646591576,1.2314671920814393,2.429434670336352,-0.5132361021086865
-0.005031704609942411,-0.0112183233123105,-0.0019464707905607565,-0.007944542202443112,-0.18475739388300333,1.2567726351279018,2.4226277492139325,-0.5378214871354033
-0.0050596955114157365,-0.011313799503907554,-0.0021010416383631155,-0.007906925443523978,-0.20753769841180778,1.3619613185761157,2.402291605142078,-0.6349407303495064
-0.005057905909588002,-0.01129805305832085,-0.0020777370624865837,-0.007916700776688657,-0.20412321991183752,1.3457778620561802,2.4083042003584016,-0.6188044354742632
-0.0050484262215971425,-0.011286125446165687,-0.002054035707828127,-0.007914833973789523,-0.2007401156477835,1.3301743843260923,2.405984573040229,-0.6069371533032745
-0.005044349364510798,-0.011252338606415134,-0.0020035869815703006,-0.007934796893267197,-0.19328301468389192,1.2953051570978487,2.4180970854423927,-0.5722841223457596
-0.005040447379248105,-0.011271897563542348,-0.00202827672083331,-0.007916252838987026,-0.1970463719979093,1.3129757537098552,2.4059282714684,-0.5926591869042643
-0.0050467721417527854,-0.011332837512036436,-0.0021176022248309075,-0.00787799147591957,-0.2098585382489016,1.3750827303507032,2.3822005728752664,-0.6548841707593874
-0.005049241925486407,-0.011357059243995085,-0.00215269652841633,-0.007862152704284283,-0.2147326693824441,1.399597808934289,2.3721952224031138,-0.6794826669375461
-0.00505279049146863,-0.01137782763822256,-0.00218373547927181,-0.007849902999415332,-0.21896878253907723,1.421175099577795,2.364588535297768,-0.70048965571132
-0.005057503102788645,-0.011398626824509648,-0.0022156107695801603,-0.007838671795062618,-0.22325530385252798,1.4432464602669584,2.3577235065137363,-0.7214679732877584
-0.005078474208356858,-0.011427113169923698,-0.0022709227611002023,-0.007838980199434216,-0.23071907712359097,1.480164372449156,2.360196584445418,-0.7501836155726878
-0.00506133055361088,-0.011417453313715152,-0.002244014800098897,-0.007827797973470055,-0.22699930349026837,1.4630061049759824,2.3509549943347428,-0.7404352629137989
-0.00508142174708597,-0.01144826312607052,-0.00230170356534547,-0.00782485812591874,-0.23471252502053833,1.501776255522147,2.3511420786702835,-0.7715287508867283
-0.005093605454173873,-0.01146980831958137,-0.0023406154424632348,-0.00782037609040661,-0.23973663500957465,1.5281483335183148,2.3494444289325718,-0.7933534572667037
-0.0051750592831777634,-0.011636363436833783,-0.0026308986913645004,-0.0077615401752916735,-0.2747519715930617,1.727703521068775,2.3175909420238088,-0.9631268478519356
-0.005166282664604953,-0.011650550954676306,-0.0026406101856437255,-0.007738441195744866,-0.2752263736388253,1.735958511069542,2.3005738749821805,-0.976549161682977
-0.005164318888093439,-0.011621238824869378,-0.0026014334658967654,-0.007763943944959988,-0.27129723247544507,1.7076104413265163,2.318180866977467,-0.947419816871171
-0.005151427403576705,-0.011602662242119463,-0.0025655967540226163,-0.00776701966556581,-0.2670701301148725,1.6831983002018338,2.319026032854232,-0.9282082077106065
-0.005144143332145417,-0.01157986867443773,-0.0025294903712746284,-0.007779886744682352,-0.2629836959549389,1.6579370165482445,2.327176270110826,-0.9051617396753605
-0.005134327271438711,-0.011559853016875123,-0.002494616779077898,-0.007787138401537258,-0.25883625960029516,1.6339386484974592,2.3311500322871943,-0.8847505917188551
-0.0051279993588639735,-0.011543030801474728,-0.0024670093458535763,-0.007795156510880819,-0.25555374849965534,1.6147656355736417,2.3359695509332314,-0.8676758280776821
-0.005125889504232815,-0.011526959889949385,-0.0024440535875605235,-0.007807012624775555,-0.25287201500256035,1.5984633752252928,2.3438044402183182,-0.8514946281321139
-0.0051102615251518825,-0.01149116793774245,-0.0023831647356762076,-0.00782072271705027,-0.2452862018826283,1.5566153479587097,2.351426812572756,-0.815134557207702
-0.0051160049495860465,-0.011512504889627215,-0.0024163661723864117,-0.007808683728678947,-0.24935462088042773,1.579754319722033,2.3439048128041216,-0.8367054086340476
-0.0053011038879258445,-0.011920709611323708,-0.0031073893820151547,-0.007604443406628656,-0.31885608545637695,2.0640408073596173,2.215010909496343,-1.254244527396267
-0.005169393460791228,-0.011665163959005413,-0.002662015596474218,-0.007727886458328225,-0.27739383488718955,1.7511918192054352,2.293456177025788,-0.9911498856895973
-0.005175245063896092,-0.011681286029747065,-0.0026878783136745593,-0.007718730724941268,-0.28008648442254086,1.769347908188503,2.2875454415333283,-1.0074235106119447
-0.005205827430139864,-0.011726964606966995,-0.002774793154348538,-0.007707093462750656,-0.2894615153325062,1.8292074218494057,2.282104953129892,-1.0549389772599091
-0.0051948367584909805,-0.011712601737431461,-0.0027460710250389576,-0.00770940927671804,-0.2863449076891973,1.809498052150192,2.2827340752541225,-1.0398247921310768
-0.0051834610636580765,-0.011697520039039176,-0.00271613415109447,-0.007711870612359588,-0.2830724076768644,1.7889869493909136,2.2834441851962155,-1.0240178798408384
-0.0052129654405770505,-0.01174162197358151,-0.002800047660936098,-0.007700145502957133,-0.29201216137024094,1.8468944934091696,2.277786695548667,-1.0699805108353313
-0.0052181773510426655,-0.0117568300558022,-0.0028239948312921456,-0.007690402646001993,-0.2942405070653166,1.8638759073837983,2.271256839604463,-1.0853350736366065
-0.005223759417613989,-0.011772429505296804,-0.0028487331301073767,-0.007680512139374626,-0.2965031041995245,1.8814135985322096,2.264620262206065,-1.101089992934689
-0.00522997846949819,-0.011788246155684683,-0.0028743267538928236,-0.007670928753653362,-0.29883652812092526,1.8995335266619706,2.2582265918767876,-1.1171215723817518
-0.005293385633139698,-0.011903411697807979,-0.0030788023093645503,-0.0076154983225351835,-0.316767230614935,2.0436238827248654,2.222688633537787,-1.2365761344450255
-0.0052782105869002395,-0.011890348853781119,-0.003046886651073503,-0.0076137330394873345,-0.3136146279269018,2.021589262365797,2.2201865885043772,-1.221590155817896
-0.00523781032089062,-0.011804045068760382,-0.002901526060671757,-0.007662938624766619,-0.3013421170275971,1.9186729375022418,2.253099362937199,-1.1333440539740884
-0.005267697511749086,-0.011876396968999978,-0.00301914468860355,-0.007617783012371226,-0.31115744651521876,2.002183977158777,2.2223577556586167,-1.20665658436
-0.005248556998992351,-0.01182245571691972,-0.0029348956669748563,-0.007655156212014145,-0.3044497704002332,1.9420459890902324,2.2483405820479416,-1.152481508735937
-0.005253580693555891,-0.011843786397402231,-0.002965599276431949,-0.007637871804953581,-0.306798518643776,1.9641504117613973,2.2360613312511504,-1.1735439311083427
-0.005259904780880664,-0.0118609960848016,-0.0029926722813107443,-0.007626156334787255,-0.3089549770539428,1.9834558759550955,2.22793237832699,-1.1908410664765476
-0.005538933115644483,-0.012353264823551514,-0.003852829391647754,-0.007304420396142076,-0.3509199110504586,2.6021761572815514,1.9888334338817433,-1.7017572742599787
-0.0055358708867821365,-0.012382163235331943,-0.0038742096473376605,-0.007261374502390284,-0.34866416100916203,2.6165680777298914,1.9530450543789193,-1.7224840733032691
-0.005550338560617489,-0.012410236338133505,-0.003918716776813866,-0.007235726549188678,-0.34852988070773533,2.6485165626690397,1.931757592095961,-1.749761912857042
-0.005543023059834597,-0.01239622834074972,-0.0038964164074751233,-0.007248504687100807,-0.348613710013086,2.632513666232381,1.9423849486118565,-1.7361379089395343
-0.005528750450875246,-0.012367988261423275,-0.003851863852694254,-0.0072742847154292365,-0.34866997076959955,2.600505876724149,1.963694397827097,-1.7087015253886497
-0.013360789372088946,-0.006259532408685442,0.006155596675466379,0.005530688950532432,0.6491078883640027,4.018613703724774,0.27212212295635324,-2.765534064444514
-0.013348891249206124,-0.00624912957327287,0.006173292191052843,0.005511620947339847,0.6517877614765121,4.018390919319941,0.250644395834915,-2.766118482314544
-0.013376663550976347,-0.006312433964861401,0.006145794520597648,0.005627722531463497,0.650981873271051,4.080352676882304,0.3409056848709253,-2.792454607341107
-0.013380381912584663,-0.0062968405461473,0.006133160426527889,0.005598591273936874,0.6459284389375245,4.050138929929459,0.33118551756068143,-2.778888012081145
-0.013388231747947458,-0.006323060291193107,0.00612808781980027,0.005646998611860372,0.6487470774416433,4.080382757532323,0.3627976385002151,-2.7913367559481546
-0.013391956748735721,-0.00630753969189802,0.0061156108188465536,0.005617914841384197,0.6433633125293694,4.050265016461171,0.352873014310066,-2.777971787864914
-0.013411267706097348,-0.0063444217095872096,0.006092525427646315,0.0056853485932983686,0.6460252064047466,4.0797960454901965,0.40638260448846125,-2.7885413864149875
-0.013399766504457605,-0.006333722908021256,0.0061103355244246,0.0056662028621350296,0.6473653735283891,4.080211648393457,0.384604126968149,-2.7900160787825627
-0.013414983717774956,-0.006328957850467298,0.006080333697946296,0.005656244663345946,0.637407043632707,4.049852489392124,0.3962552636946471,-2.775674612658016
-0.01340348029529932,-0.006318248186066963,0.006098020711776183,0.005637137987366834,0.6404778003055286,4.050185938976591,0.37455230770171316,-2.7769096174729024
-0.013372668810788163,-0.00627010056922189,0.006137865009159597,0.0055499307617040234,0.6463236854229263,4.018840802429067,0.2937486173726434,-2.7648764355213213
-0.013384427163491383,-0.006280853807159858,0.006120287071509513,0.005569385341164392,0.6435385338003289,4.019242997792322,0.31547093474968274,-2.76422983488258
-0.013490827038345834,-0.006420317529674785,0.005966056604729936,0.005817922503504973,0.6275861371781969,4.071281045360212,0.5594447689675052,-2.7744915879531167
-0.013506214416419297,-0.006415776231704457,0.0059359343850753496,0.0058067770484998135,0.6149213557644444,4.040035427591223,0.5698847981137939,-2.7595888024699256
-0.013502055721075015,-0.006431301956387211,0.005947741237898829,0.005836645048675221,0.6242560017326672,4.069305884994952,0.5813384489778829,-2.771922658620857
-0.01353553390593274,-0.006464466094067266,0.005892419776983283,0.005892490428691989,0.6130838647076687,4.062603311574463,0.6469307490605776,-2.7630961594689065
-0.01352440926578893,-0.0064533763482403275,0.005910902491441898,0.005873949510466152,0.6156473684255964,4.064939074080753,0.6251547329628718,-2.76625568161587
-0.013539847641621116,-0.006449050184115312,0.00588088162376467,0.00586251835654748,0.6075954677160671,4.033667090383012,0.6347454769950814,-2.7509746116991813
-0.013513249833920802,-0.006442321599068367,0.005929350570731872,0.005855326766025347,0.6198888503169306,4.067173566030789,0.6032653643161734,-2.769191961276045
-0.01352871223726645,-0.006437899132887726,0.005899212111767242,0.005843944683106741,0.6101214381816181,4.035869308441995,0.6131706393270866,-2.753955152637754
-0.013517495716246872,-0.006426802414481534,0.005917570620776184,0.005825356260068527,0.6124347093878094,4.037988886370344,0.5915478084823879,-2.7568298203598407
-0.013422735238775145,-0.006355156589749451,0.00607464463966836,0.005704449652953356,0.643812588143207,4.079131821847114,0.4281941004966509,-2.786946274379065
-0.01342648482189184,-0.006339679713712893,0.006062524465447596,0.005675252081977542,0.6343963139265477,4.049263621077402,0.4179911686606292,-2.7742530536565826
-0.013434168988720427,-0.006365927441985931,0.006056692445035104,0.0057235067009625135,0.6407964628675185,4.078257381088006,0.45005761884088114,-2.7852318492982078
-0.013437976705070314,-0.006350437299133584,0.006044613939033958,0.005694200793199495,0.631599699330165,4.048471266756857,0.43974282857759345,-2.7726532128521115
-0.013634072558014073,-0.006565831011279577,0.0057235407215536676,0.006056660651364056,0.5910538855860701,4.032643168501741,0.8417689574522361,-2.727875267119772
-0.013623265840603561,-0.0065544311575132675,0.005742515096709127,0.006038673387816403,0.5923112242518419,4.036668237401229,0.8202727498383741,-2.732392161737794
-0.013638816543278936,-0.006550554506143279,0.00571261831934941,0.006026267035306415,0.5817776194172507,4.004754507982665,0.8281886570856027,-2.7167930691378825
-0.006088045350458172,-0.013113938152874599,-0.00518979109025677,-0.006519825062833713,-0.2768610741546857,3.537329700879637,1.246897728079707,-2.441586554844658
-0.006072228806187137,-0.013116444104629013,-0.005162138087353228,-0.006506118276677076,-0.2810264100052671,3.5094686248003266,1.2436708465720476,-2.4279012191427616
-0.006097847331006404,-0.01312621249243652,-0.005210275118714032,-0.006503467074361835,-0.2725654542205864,3.54986938880452,1.23016895977822,-2.451337166539958
-0.006082024950708395,-0.013128792655934515,-0.005182501418915426,-0.006489783807405406,-0.27892958474523627,3.5218049598157477,1.227146360398283,-2.437605676755066
-0.006107687827612112,-0.013138455982275534,-0.005230688120436751,-0.00648706064426019,-0.26951913761193597,3.562301716380927,1.213380732668013,-2.460968590078993
-0.006091900375033949,-0.013141078315970745,-0.0052028763719247995,-0.006473460958100017,-0.2767996831481019,3.534117750170271,1.2105387522287625,-2.4472354900053506
-0.006117566743455818,-0.013150668501838894,-0.005251023942947485,-0.0064706107476712885,-0.26816029645788064,3.5745445037811727,1.1965544129879855,-2.4705134121636596
-0.006101819731109955,-0.013153319604732512,-0.005223210290222839,-0.0064570982675704,-0.27417537549574583,3.546351567819069,1.193828865620299,-2.4567644575278504
-0.0061274839812932615,-0.013162849930815514,-0.005271310458661469,-0.006454094882483083,-0.26655767293704885,3.586621680975314,1.179635819173476,-2.4799710691701398
-0.0061117474539490015,-0.013165548978613504,-0.005243446463676928,-0.006440623581474875,-0.2713219198327737,3.5584078592442476,1.1770038736690245,-2.4661578169505627
-0.006344421709587206,-0.013411267706097352,-0.005685343183751576,-0.006092530478528236,-0.20614239788778954,3.811350158209487,0.8022114207351522,-2.650983939860567
-0.0063551565897494505,-0.013422735238775144,-0.0057044392233049,-0.006074654455870931,-0.20418188586201466,3.8204702687340557,0.7833468784974823,-2.6577959936521665
-0.006339562563492537,-0.013426439771371701,-0.005674962085996833,-0.0060625749911956675,-0.20920245671851248,3.790748881341527,0.7841570952191718,-2.6431918232769767
-0.006453376348240326,-0.01352440926578893,-0.005873905009018851,-0.005910946934070019,-0.17512891590560856,3.896389766167632,0.609536084212065,-2.7127467644061336
-0.006464466094067263,-0.013535533905932737,-0.005892449929675507,-0.005892460064531184,-0.17165547129004363,3.9040570664948007,0.5898636302738185,-2.7181736321099272
-0.006448995598541954,-0.013539796136482636,-0.005862341897508818,-0.005880966350727359,-0.17799080014762478,3.8739036894509584,0.5926429336450035,-2.7035645188335713
-0.0064755907342110685,-0.013546623651759673,-0.0059109486771534575,-0.005873903097357728,-0.1671320025223807,3.9116266299584534,0.5701078889976567,-2.7234467037953607
-0.00646013494539716,-0.013550947176980679,-0.005880764907576324,-0.00586247659712958,-0.17501702125122928,3.881373132109943,0.5731022308340598,-2.7088610376843705
-0.006365927441985931,-0.013434168988720427,-0.005723495679131256,-0.0060567028013074784,-0.2011592320131046,3.8294537587357946,0.7643467766971095,-2.6644667857545947
-0.00635031080030101,-0.013437934778751026,-0.00569389436295532,-0.006044658791044291,-0.20599227120717958,3.7996744427961313,0.7653444997533619,-2.64978949421657
-0.0063767341593964424,-0.013445568842486736,-0.005742511198609486,-0.006038676720289979,-0.1969701536039354,3.83834573992875,0.7452218650340751,-2.6709773394008294
-0.006361111801413684,-0.013449411810369355,-0.0057127963532208155,-0.006026661246814296,-0.20307650685328724,3.8084538461039226,0.7464444926173002,-2.65626779635067
-0.006387576634705021,-0.013456934686954742,-0.005761464995619591,-0.0060205958516760015,-0.19298793604264142,3.8471213688612402,0.7260334209193298,-2.6773390397073413
-0.0063719809876514434,-0.01346084217028913,-0.005731700472776182,-0.006008636138649115,-0.20027008434618312,3.817149132072633,0.7274606186258191,-2.6626444678702224
-0.006442321599068367,-0.013513249833920802,-0.0058553186932728575,-0.005929358941702645,-0.17729957071387095,3.8885845102854675,0.6291074843956086,-2.707177335875832
-0.0064379015051075775,-0.013528608609568693,-0.00584387791975207,-0.00589940421136836,-0.1813034587023947,3.866284932130863,0.6121140009669607,-2.698135106380104
-0.00639845476026239,-0.01346826640933527,-0.005780342803225335,-0.0060024738008712004,-0.1904456628766035,3.855713285329499,0.7068156549041801,-2.6835767565414756
-0.006382894657551511,-0.013472215648739164,-0.005750568110304432,-0.005990593668053854,-0.19719039556482174,3.825745545599395,0.7084089429664079,-2.668904430123631
-0.00640936842804845,-0.01347956389717228,-0.005799160869568114,-0.005984295018265569,-0.18819666379247094,3.864118252074057,0.6875260792238104,-2.689692887621731
-0.006393819260352734,-0.013483555976772596,-0.0057693356404360865,-0.0059724835625479525,-0.19383564167146497,3.834159599835137,0.6892960226507173,-2.6750161267144263
-0.006431301956387209,-0.013502055721075013,-0.005836666251916697,-0.005947720582300303,-0.18025469459333912,3.8805790981160317,0.6486291812011262,-2.7014864904184663
-0.00642682221502447,-0.013517406649700019,-0.005825314882114566,-0.005917744105802011,-0.18469351290060754,3.8584501048015842,0.631515165605466,-2.6925477670877354
-0.006420317529674784,-0.013490827038345834,-0.005817939358730984,-0.005966040053735318,-0.18452518088746714,3.8724018003197815,0.6681197751770885,-2.695665120425248
-0.006404764155563618,-0.013494880816762393,-0.005788014813676974,-0.005954278286325408,-0.1906473449517944,3.8423693240404657,0.6701115802764014,-2.680977436259717
-0.0064157650699744675,-0.01350617053354993,-0.005806672504937258,-0.005936021293187031,-0.1877435181014502,3.8504535131894513,0.6508491054904503,-2.686818635151518
-0.006333722908021256,-0.013399766504457605,-0.005666190906362396,-0.0061103464777034254,-0.20815135892045458,3.8020364286236785,0.8209887997343075,-2.6440608933710004
-0.006328836088236271,-0.013414940382546661,-0.005655944425994239,-0.006080376430384663,-0.21255777956497215,3.7816200817067336,0.8028889722628118,-2.636448503737677
-0.006239074616716287,-0.013294759514952837,-0.005491177561763102,-0.006268095841474433,-0.23527070412690806,3.7116979640325383,0.9868091273186627,-2.576220559205205
-0.006249443980966237,-0.013306558565652453,-0.005510819452406351,-0.006250833847917625,-0.23391935072032452,3.7222328890846454,0.9687733693145969,-2.584273018185169
-0.006233771118534177,-0.01330982153306371,-0.005482036103005711,-0.006238051811510381,-0.23888462972248434,3.6931002797069596,0.9679432571161771,-2.569934844837267
-0.006259850365114011,-0.013318324985389799,-0.005530429811000337,-0.006233490038744952,-0.23107451648646138,3.732644968207715,0.9505930876629399,-2.592202508744654
-0.006244160758845545,-0.013321649700311676,-0.005501533258162618,-0.006220735678610708,-0.23580896216374983,3.70343577305507,0.9499393823351419,-2.5778004152048166
-0.006270293666143451,-0.013330058657620061,-0.00555000566227505,-0.006216066962443455,-0.22676636743339393,3.7429927312479063,0.9322792575673647,-2.5999834893184306
-0.006254600090221287,-0.013333457788438296,-0.005520995753454099,-0.006203342623391588,-0.23313906999753617,3.7136281957582216,0.931842391871344,-2.5855492541765934
-0.006280773780640196,-0.013341759466093658,-0.005569518007256653,-0.006198590359687748,-0.22295251402036867,3.753232197464518,0.9139055506262524,-2.607627141653761
-0.006265110873305728,-0.013345211359132159,-0.005540463904099135,-0.0061859395246926475,-0.23055402444916814,3.723757166711327,0.9136616009195363,-2.5932041782280826
-0.006291290604793747,-0.013353427294859525,-0.005588952205202298,-0.006181073339177207,-0.22075970876719153,3.763280783072652,0.8955070867096541,-2.6151596212821357
-0.006275665581219693,-0.01335690692872916,-0.005559892417935795,-0.006168520383964799,-0.22761906541321172,3.733797343208851,0.8954031687795396,-2.6007466132833934
-0.006301844034399601,-0.013365062028268449,-0.005608326754861577,-0.006163499318615662,-0.2190129734653088,3.773132150745068,0.8770369288650084,-2.622585585399512
-0.006286228259551889,-0.013368573947536854,-0.005579216788426607,-0.006151021773712086,-0.22436961200920705,3.7436626699065854,0.8770639459442932,-2.6081460082446366
-0.0063124339648614,-0.013376663550976347,-0.005627666568448642,-0.006145845739467917,-0.21576916813904448,3.7828662801291397,0.8584383742510541,-2.6298825729680813
-0.0062968032682600705,-0.01338023055371193,-0.0055984415692973835,-0.006133416062691347,-0.22126709276954362,3.7533205215412084,0.8586397555971911,-2.615396997218592
-0.006323060291193107,-0.013388231747947458,-0.0056469637967097005,-0.006128119701013294,-0.21146940082463547,3.7925211707460007,0.8397338727206779,-2.6370349245808846
-0.0063074291137378965,-0.013391855606211844,-0.005617634855429891,-0.00611575337373792,-0.21851435120933305,3.7628429872059495,0.8401318185955589,-2.6225267173353664
-0.006318117461154707,-0.013403422415913439,-0.005636820957633106,-0.006098082749980854,-0.21571951944789966,3.7722930112959836,0.8215467057257361,-2.629551934215964
-0.005688501179568748,-0.012642042523130066,-0.004300167720905082,-0.007018242148650635,-0.3407876418162459,2.9200431365873065,1.7434927958184712,-1.9746717722954588
-0.0056795884876463185,-0.012628889297416644,-0.004277544566363455,-0.007030784854970718,-0.3415530559288649,2.904031822938116,1.7547604196040287,-1.9618118790621286
-0.005671465064100704,-0.012615186501330755,-0.004255658669975403,-0.007044687099417424,-0.34242560383727844,2.8887021472244023,1.7671020355649194,-1.9490149022781702
-0.005655370553413251,-0.012587555152975563,-0.004211678276894789,-0.007072531687184992,-0.34395773794234635,2.857816224728459,1.7916644462313354,-1.923140548267739
-0.005662790870356431,-0.0126015372160364,-0.004232889357604888,-0.007057892115208005,-0.34311542924294786,2.8725861333660307,1.7788323916059217,-1.9358469236512603
-0.005639870582064138,-0.012586506557789052,-0.004187724500792753,-0.007060714680117574,-0.3427436690119122,2.838448573110462,1.7824162110196233,-1.9138076419197074
-0.005630530321780965,-0.012575536427438484,-0.004165852353889052,-0.007068977285985308,-0.34306408079881634,2.822634415301551,1.7898525571461719,-1.901919303251841
-0.005621136952356357,-0.012562168759671137,-0.004142110614831592,-0.007080616555981475,-0.34348041304141036,2.8057072207374607,1.8001026655095174,-1.8884897269309702
-0.005539284737492187,-0.01242533794943859,-0.00391598662808607,-0.007204244946539596,-0.3462789275442773,2.644926511557689,1.9056946274070607,-1.75555776657292
-0.005613337005489567,-0.012547941479389877,-0.0041200021801781825,-0.007094762330424426,-0.34411293615383065,2.7902222286258342,1.8123441329995231,-1.8753276099341394
-0.005607283123851149,-0.01253272293175903,-0.004099597221131249,-0.0071117519753033705,-0.3448674583296826,2.7762131126527536,1.826865147851769,-1.8623604523848947
-0.005546947111876186,-0.012439340947844442,-0.003938455319322596,-0.0071915988460297805,-0.3461614713732058,2.6609342440631782,1.8951132570280584,-1.7690629346674458
-0.0055920412628337295,-0.012504173816762455,-0.004055297279078805,-0.007139776228240545,-0.34585480716949696,2.744947897857086,1.8509389417153421,-1.8356687361700676
-0.005594438947812602,-0.012521077182940113,-0.004071926661549276,-0.007117371869369239,-0.3447059997329961,2.755816364588057,1.8320331446750677,-1.8480802853421137
-0.005582604386509023,-0.012494226554360454,-0.004033813283812963,-0.007145695481952013,-0.3457650887929964,2.7292488167335667,1.8561482329862091,-1.8242300779725091
-0.005572624953921666,-0.01248127431972554,-0.004009154335262302,-0.007155335604995758,-0.3457822653830376,2.7114470112863134,1.864446711687134,-1.810497279900258
-0.005554941890866261,-0.012453365218865427,-0.003961330035804292,-0.007179082574879206,-0.3460260019261099,2.677238400380053,1.8845901229665756,-1.7826831475366325
-0.005563431818546524,-0.012467370345326634,-0.003984815339372055,-0.007166895486443976,-0.3458838621050217,2.694006165053816,1.8742864999600657,-1.7964747538899724
-0.005860767951240863,-0.012879872409604724,-0.004713115739408534,-0.006774557656181446,-0.3186114300674671,3.2072131472742913,1.5156185524338752,-2.20213254419919
-0.0058516890559795155,-0.01286694629613879,-0.004691866019551746,-0.006789286613551202,-0.32026459303205274,3.192998884399072,1.5296793755005753,-2.1906781465816056
-0.005720881394420344,-0.012668708470747185,-0.0043679514714342295,-0.007004259232974277,-0.3401806975919956,2.970706108885748,1.7294497016339554,-2.009237811332524
-0.0057291606044223954,-0.012682270530989566,-0.004389722031971416,-0.006990028796331577,-0.33913366602888223,2.985887145001861,1.7165809201060782,-2.0218452620036427
-0.005737709156237888,-0.01269561165097715,-0.0044116761192012225,-0.006976221412383246,-0.3380760161929534,3.0012386742713297,1.7040102572061488,-2.0344151332017444
-0.005746319454723551,-0.012708710932232274,-0.004433484930134131,-0.006962699744775901,-0.33698984605317245,3.0164936361104395,1.6916335408350804,-2.046818047809023
-0.005754668660280675,-0.012721835493298783,-0.004454810413760376,-0.006948785877247564,-0.3358305530707955,3.0312978817868537,1.6788929805850417,-2.0589925564533025
-0.0057629109456567825,-0.012735237378042533,-0.004476042159353538,-0.006934210085941088,-0.33461478594031985,3.0459028598208744,1.6655446249598598,-2.071150740577376
-0.005771560793488484,-0.012748668619251953,-0.004497839844067043,-0.0069197709275779515,-0.33335669686715336,3.0609322265961088,1.652235053632239,-2.083489779125958
-0.00569654459774873,-0.012655787251018494,-0.004321777560159805,-0.007003920402288105,-0.33985858262053475,2.9350826809158614,1.7306972213808611,-1.9873009109868363
-0.005703886453255403,-0.012669885263746893,-0.0043424391931203765,-0.006988331554868339,-0.33875353999245134,2.94920521752957,1.7168212191082641,-1.9996057326407966
-0.005824552957748068,-0.012827695317061072,-0.0046274608392805165,-0.0068334650151756346,-0.32499011583257836,3.1496125431890842,1.571579628563881,-2.1555968835152157
-0.00583341619902544,-0.012840808527088014,-0.0046487446512647615,-0.006818699657182119,-0.3234606282084917,3.1639583426898494,1.5576473225653302,-2.1672755639794996
-0.00584252008177194,-0.012853908999400152,-0.004670316974966233,-0.0068039898629738286,-0.32187519371825224,3.1785019419873906,1.5436891309352452,-2.179013900890777
-0.005807851293300081,-0.012829299901868653,-0.00460121796099057,-0.00681837004129126,-0.324095237121303,3.1265087546500965,1.560406309850512,-2.144768028268889
-0.0057982151441340266,-0.012816744964799254,-0.004579006696234451,-0.006831403066116066,-0.32544659707824763,3.111218000213636,1.5728152662519486,-2.132834764231528
-0.0057632147728933535,-0.012763612772525842,-0.004493373508972291,-0.006889470315017707,-0.3308799603945168,3.0531883834524502,1.626726799540658,-2.0853273795196228
-0.0057724490224289144,-0.012776202222186865,-0.004515301781087989,-0.0068766445391380765,-0.32970408800090323,3.0684014074342776,1.6147222582307263,-2.0973403431058433
-0.005780255544338659,-0.012789389448417406,-0.004535207942776277,-0.0068616276321089706,-0.3283469809566603,3.081695390101635,1.6009203657537177,-2.1086142205367016
-0.005788446070044959,-0.012803373783431916,-0.0045560615439905715,-0.006845499400952381,-0.3268556680192854,3.095499346759203,1.586103036568496,-2.1203794994495273
-0.006056209400079188,-0.013119036038397749,-0.005134778901251669,-0.006492699173762961,-0.2794389739655964,3.4841803576639987,1.233616691972754,-2.4151620885742546
-0.0059246214909981255,-0.012970482744169226,-0.004859569421006993,-0.006667517994827615,-0.3058946893086842,3.3029572159897174,1.4125501923610158,-2.279559975798802
-0.005933889978061394,-0.01298343269607564,-0.0048803166755931925,-0.006651755869590746,-0.3039163247290256,3.31620841425055,1.3972397067293427,-2.290267289546161
-0.005943544990442862,-0.01299599183764228,-0.004901464180469386,-0.006636767259621381,-0.30195456733507203,3.3299128655417607,1.382488925620155,-2.301050255951076
-0.00595302469061408,-0.013008401426823683,-0.004922160150192561,-0.006621778245634531,-0.29996030559693815,3.3432192122448616,1.3677282284767218,-2.3115554206085878
-0.005962245689748242,-0.013020986517231796,-0.0049423766223889035,-0.006606188264823776,-0.29793369362706307,3.3559554333442985,1.3524572793568572,-2.3217910818804572
-0.006046488292639536,-0.01310659067357709,-0.005114507677736067,-0.006508980032625954,-0.28173841192959165,3.4719101427363603,1.2499845609406002,-2.4054729571177784
-0.006036687258630731,-0.013094209999149444,-0.005094002408289579,-0.006524964300015069,-0.2839624408439929,3.459322471500848,1.2660677966328968,-2.395596695842878
-0.0059977137041591945,-0.013044167294168997,-0.005011155235144309,-0.006588528816361748,-0.293112471003677,3.40768477271345,1.3296373385318299,-2.35492041540553
-0.0060073241475315856,-0.013056793273461514,-0.005031833287227407,-0.006572570918936676,-0.29080437043539226,3.4206338514332795,1.3137633927219812,-2.3651951182774194
-0.0060170606810389,-0.013069340540755555,-0.0050525963896342,-0.006556683666218077,-0.2884933050142274,3.4336120265192904,1.2978954230626132,-2.3754274581014516
-0.006026870331052239,-0.013081805205739623,-0.0050733549421003304,-0.00654084077017452,-0.2862066018300762,3.4465420554202955,1.2820173928916867,-2.3855766789103554
-0.005971560938992249,-0.01303372957828477,-0.004962701661262537,-0.006590251766958232,-0.2958226687253394,3.368643960591673,1.3368356365543634,-2.3320113444713626
-0.005980985155962494,-0.013046528134118072,-0.004983119358681212,-0.0065741517081903235,-0.29370289950133865,3.3813184916018346,1.3210089759983052,-2.3422042560788445
-0.0059156441551390495,-0.012957464406037974,-0.004839177560455068,-0.00668345026766632,-0.3078241971128555,3.289970796576369,1.4279307508279075,-2.2689248823841393
-0.005906477047404948,-0.012944650250108394,-0.004818441166467365,-0.006698774740731875,-0.3097217783077228,3.276529563333728,1.4427741621135708,-2.258090419280275
-0.005897193583696068,-0.01293181224719612,-0.004797396032640569,-0.006713919989393157,-0.3115740756934209,3.2627618329949413,1.457438528417551,-2.2470509416339457
-0.005869689518309539,-0.012892782329077401,-0.004733998296779955,-0.006759602534481335,-0.31690605536464433,3.2210552908412455,1.501341556037367,-2.213364976551891
-0.00587861828977899,-0.012905816519834632,-0.004754847267892157,-0.0067443090898768815,-0.31517681980686857,3.2347594719745474,1.4867282261060717,-2.2245365986700762
-0.005887853745236089,-0.012918846332448572,-0.004776100380690961,-0.006729097082805362,-0.313387002436095,3.2487567686425183,1.4720995924740554,-2.2358177536295503
-0.005908309843799531,-0.012972308862081,-0.0048328583486047854,-0.006653614817788191,-0.30552877918785004,3.278757706699636,1.4031880788892703,-2.267824503913116
-0.005853395878199541,-0.01289449052715468,-0.0047079057313014145,-0.006745199143296456,-0.3162716164305495,3.197737192678085,1.4910757192010387,-2.202260900683493
-0.006611768252052548,-0.013676939708806898,-0.006128132710824391,-0.005646949897402613,-0.1274178474970218,3.9896102555803155,0.3286681032679464,-2.7759681777435894
-0.0065965714512969615,-0.013681815838573414,-0.006097468416504233,-0.005636492186204622,-0.1358076244296035,3.959224134206,0.3339084117916476,-2.7616804410058076
-0.006600233495542398,-0.013666277091978747,-0.006110362148306831,-0.005666173957012559,-0.13097697642896106,3.9839757514586487,0.3490413895041154,-2.7723370029424217
-0.006554431157513265,-0.013623265840603558,-0.006038684870946377,-0.005742502809117711,-0.14403637908859246,3.959863603775085,0.4302316155213048,-2.7565485307990394
-0.006565831011279576,-0.01363407255801407,-0.006056689206820404,-0.005723510252259243,-0.1412006278556223,3.9661318529625564,0.41001632888449385,-2.7606909155304336
-0.006550524545177411,-0.013638770135317127,-0.00602613752886963,-0.005712711171306181,-0.14909298148667824,3.9357905280656174,0.414607555353889,-2.746337144872053
-0.00657726476122486,-0.01364484341025055,-0.006074637694386392,-0.0057044570397045335,-0.1379370207498247,3.97223524900383,0.38973780292491567,-2.7647044382783315
-0.006561973137699244,-0.013649572382845887,-0.006044041385288182,-0.005693763106695337,-0.1457152502035078,3.941891871369659,0.3945446022074139,-2.7503945341233877
-0.00658873229390265,-0.013655578290412793,-0.006092529208071132,-0.005685344376248998,-0.13451744257951298,3.9781822297518676,0.36940529845015097,-2.768585075670085
-0.0065734653347482895,-0.013660352941900463,-0.006061898837291643,-0.005674734062973339,-0.14240680314995033,3.947828146627113,0.3744056307260457,-2.754304588620585
-0.006585001903787169,-0.0136711058225499,-0.006079712992598628,-0.005655634918967295,-0.13910141055553774,3.953605580435186,0.35418803977556385,-2.758067989498713
-0.01286216048375299,-0.005900239352688642,0.006832827828935136,0.004770169872125965,0.7551875538418392,3.9214012368814686,-0.5624200148382534,-2.6920362451461024
-0.01287661665436036,-0.005893303416231662,0.0068032367669357205,0.0047654741499750615,0.7422597825973446,3.89748309562918,-0.5428626579372074,-2.6832402707098653
-0.012849266508138675,-0.005891267790960424,0.0068477650849819,0.0047487017499859025,0.7558407228600451,3.913812698831641,-0.5829960075830256,-2.6863274721131183
-0.012863706940924506,-0.005884322241168979,0.006818238719774414,0.004744168390293406,0.7445500118766003,3.8901579612541606,-0.5633333258944101,-2.677697094091648
-0.012836344393790973,-0.005882336769500145,0.00686265056573222,0.004727164061955826,0.7578924818661577,3.90604880126894,-0.6035523333713353,-2.6804575124342533
-0.012850780323856595,-0.00587534437849769,0.006833128717786318,0.004722763354811594,0.7466231733265872,3.882584302167985,-0.5837101489533483,-2.671978764232278
-0.012823394270911457,-0.0058734463785158,0.006877477437044384,0.004705566618925159,0.7608850743861347,3.8981537389372813,-0.6240699489118091,-2.6744210564611683
-0.012824783127639836,-0.005857516293233886,0.006862804487316653,0.004679794298656289,0.7500340097209569,3.8669635132278093,-0.6243626894873343,-2.660088931381399
-0.012837806931270507,-0.005866400032938628,0.006847974899800842,0.004701292575824142,0.7483099808004668,3.8748311870866554,-0.6040442033251928,-2.6661043848562898
-0.01289132899023715,-0.0058860245863283445,0.006773725982061053,0.004760504457945874,0.7377724944208159,3.871560459587417,-0.5294827856194289,-2.6712564972550257
-0.013031526496246044,-0.005988553425938445,0.0066047172091601575,0.004991203985117379,0.7149906768687546,3.940573244240434,-0.3027589190571169,-2.7216298284268725
-0.013018948917303264,-0.005979137206455014,0.006620436962081464,0.004970656248548633,0.7171666004491443,3.9353202874630058,-0.3235114661997098,-2.7178948333776005
-0.012904321013793909,-0.005894943608821198,0.006758376322985511,0.0047814273133614865,0.7357690477619494,3.8782091555044347,-0.5091238251100448,-2.676350000185978
-0.01291729374307006,-0.005903982242032713,0.006743002910817649,0.004802434379042265,0.7336946644155108,3.884830531669611,-0.48866284931780096,-2.6813705248912663
-0.013006370002908383,-0.0059697858751181915,0.0066360618836869304,0.0049501128536798625,0.7192925029388001,3.929918827617113,-0.3441761009239437,-2.714023172313556
-0.012993820423760708,-0.00596040767378005,0.0066514810468783275,0.0049294298215464055,0.721321107335826,3.924169910459358,-0.36477912266148516,-2.709914999892254
-0.012930221621404718,-0.005913157020695593,0.006727658183513316,0.004823543393782287,0.7316016737241738,3.8914767578188045,-0.46811438949453293,-2.686341798041805
-0.012943105333641361,-0.005922464719113362,0.006712336514042019,0.004844751712854368,0.7294925756092999,3.8981413516202204,-0.44747482886921214,-2.6912594104362935
-0.012955916263949362,-0.005931908910082451,0.0066970864231493095,0.004866055766243834,0.7273877835167716,3.9048567749603165,-0.42677289706681804,-2.6961356629998114
-0.012981257862659542,-0.005950955174450934,0.006666734063428951,0.004908513376519461,0.7233091308378693,3.9180247235773833,-0.3853938823349632,-2.7055409283947855
-0.012968628932582158,-0.005941438569911573,0.006681915557332374,0.004887362234264492,0.7253260078317619,3.9115507842019865,-0.4060644295127594,-2.700929756720043
-0.01304408368386393,-0.005998028872509213,0.006588930870201842,0.005011739919804644,0.7128441115166444,3.9456836786108114,-0.28193912473798083,-2.7252303952058465
-0.013056662178598475,-0.006007456220476556,0.006572940136269607,0.005032092155736605,0.7106913626432246,3.9504082537270118,-0.2610843707703243,-2.7285752635116407
-0.01306928492474157,-0.006016824235781189,0.006556700177027422,0.005052244459619457,0.7084175256518749,3.9547006976524215,-0.24018945754934953,-2.731642519854304
-0.013081907052311395,-0.006026274199025018,0.0065403739094900696,0.005072424042600936,0.706016753675799,3.958863987440528,-0.21920393224226523,-2.7345840114693414
-0.01309447804311177,-0.0060359001607056964,0.00652410283427294,0.005092780318115691,0.70358781833697,3.9631211980284893,-0.19810223883277486,-2.7375095886483294
-0.013106982865680088,-0.006045669668848037,0.0065078913145687105,0.0051132559317995695,0.701192007950436,3.967428963034927,-0.1769169572170062,-2.7403945729825385
-0.013119428776283311,-0.006055527034963724,0.006491692668439491,0.005133758124677084,0.6988206445760272,3.9716786114467966,-0.1556827111052165,-2.7431825996802925
-0.013131825539422158,-0.006065452058431532,0.006475477496756283,0.0051542551790751375,0.6964412205265914,3.97582357026979,-0.13440822598455093,-2.7458490887176414
-0.013180639956884186,-0.006105794767312017,0.006410919843462232,0.005236099523719371,0.6870886199093472,3.9916454345919106,-0.04923661460762974,-2.7554211850505674
-0.0131684704888528,-0.00609574633008845,0.00642722933723843,0.005215874243247835,0.689369446153184,3.9881333660274607,-0.070513757818937,-2.7533521006425032
-0.013156368542701054,-0.006085581058446517,0.006443217920809333,0.005195349149005521,0.6916505510167658,3.9840573461910664,-0.0917885271525713,-2.750937682660276
-0.013144159262177364,-0.006075462081796913,0.006459279185252724,0.005174775285940108,0.6940308606101387,3.979911529770592,-0.11309636481874842,-2.7484159318437484
-0.013195933560689481,-0.0060996595255110204,0.006380710698900372,0.005228104658894985,0.679914387000418,3.962971265749768,-0.037844549129256964,-2.742059519328242
-0.01320830369097085,-0.0061095378597630645,0.006363820058220047,0.005247740602672677,0.6773963786410162,3.9654828688382726,-0.016732550831365763,-2.7435422056378305
-0.013277770324712217,-0.006186748578071776,0.006276184760939006,0.005394751355700011,0.6670545118364992,4.010825012070655,0.12190961353123324,-2.7651038217688413
-0.013265810684254283,-0.006176384575582687,0.00629306413621395,0.005374914558557883,0.6696198920614705,4.008772687863911,0.10040887111961268,-2.764303761160113
-0.013253731724954365,-0.006166132415106759,0.006310071978815349,0.005355148122495317,0.6722405046970038,4.006777950669805,0.07892021744937211,-2.763462149900875
-0.013245055628172095,-0.0061397265978692704,0.006313251522845911,0.005306862881873432,0.6699339203011946,3.9727282765209826,0.04681509132461559,-2.747430694904901
-0.013232962999853043,-0.0061295944690497465,0.006329928090176129,0.005287173567277598,0.672369827135051,3.97028150485939,0.025716272434802543,-2.7461912626297043
-0.01322066475780055,-0.006119533649287488,0.006346870333938417,0.0052674635847971794,0.6748960487802179,3.967928981279766,0.004489761883820754,-2.744924574752535
-0.013257206742954846,-0.006149754926813389,0.006296287732313929,0.005326259486032706,0.6673912495943983,3.9746460988376833,0.06789751275212762,-2.748348180430703
-0.0132896981876015,-0.006197101958632539,0.006259221439196944,0.005414450295866396,0.6645387186443269,4.01261585750705,0.14338437831219786,-2.765706905601928
-0.013337032367529748,-0.006238796952139562,0.006190811829515656,0.005492556265719342,0.6543376481999322,4.01794457863108,0.22925636241439293,-2.7665203377897805
-0.013325266713833333,-0.006228375987987031,0.006207994695200217,0.005473214647413468,0.6568185711671876,4.016946286581111,0.20784716127648342,-2.7665834044997086
-0.013313519949207467,-0.006217868970741697,0.0062249737599513666,0.005453602013557223,0.6593513490764248,4.015500975650743,0.18636918995503912,-2.766360924130082
-0.013301647611932794,-0.006207439337220472,0.006242076288708819,0.005434004993606985,0.6619650690418304,4.014071217266063,0.16486494706687035,-2.7660759762022042
-0.012826293096075794,-0.005841341265614353,0.006848415109186971,0.004654177987866645,0.7470689809999946,3.834198776902444,-0.6303570372583281,-2.6428032237045476
-0.01270776002734691,-0.0057630122398790755,0.006977842390376046,0.004459251103822942,0.7619445739242269,3.7556223082795825,-0.8076589891565015,-2.5820238177316175
-0.012694517892064869,-0.005754535797963995,0.00699180165561501,0.004437441168639717,0.7633693022353221,3.7461074402775263,-0.8269125357196446,-2.5745845443788826
-0.012667808151368103,-0.005737653328178538,0.007019701240446318,0.004393512378849607,0.7663841061779348,3.7265873981306803,-0.8653730651683761,-2.559259526591093
-0.012681220076207561,-0.005746034394234591,0.007005684439552414,0.004415466127549971,0.7648573565592754,3.7363249241657184,-0.8461364056604782,-2.5669456327276383
-0.012615868756089157,-0.005671382920751461,0.007043706009262317,0.004256092222021689,0.7592013091090597,3.622155029704969,-0.941824661316431,-2.495104846203736
-0.012669057422678117,-0.005721104784321404,0.0070039960279814585,0.004368592709264805,0.7598868292786617,3.6941947167834113,-0.8661880284039113,-2.54316949712192
-0.012628692501770447,-0.0056958575600685275,0.0070449930141459624,0.004302312456616188,0.763785684614695,3.6634870372736574,-0.9226084945028071,-2.5190450316734467
-0.012655689135233813,-0.005712839196281316,0.0070177978634616,0.0043468782540033585,0.7612829327130196,3.684448117492455,-0.8849743847017312,-2.5354453277401827
-0.012642360856311511,-0.005704271531830534,0.007031141739097232,0.004324637665670241,0.7624764361407167,3.6738654854289954,-0.9036370573548586,-2.5272543527224123
-0.012670279566176864,-0.005704758313093797,0.00698856945316399,0.00434412570372909,0.7540309568039759,3.6626299164134646,-0.8671622381330063,-2.527216011447998
-0.012629736944822945,-0.005678664593172606,0.007028837744489616,0.004276805106333169,0.7575494085617404,3.6305334157258806,-0.9230941645012934,-2.5023695929576806
-0.012721054958723917,-0.005771415834836807,0.006963597586552965,0.004480887257639113,0.7604511182770822,3.7647153754628815,-0.788261208996773,-2.589200142144341
-0.012773964707963088,-0.0058060788279629,0.006906454321678252,0.004567979489341521,0.7538609558307979,3.8007412069413937,-0.7097731330231097,-2.617150144006039
-0.012760873888911681,-0.005797302605029666,0.00692065008116062,0.004546252147873906,0.7554257149395754,3.7918187535662926,-0.7294052284089495,-2.610308070716851
-0.012747709050682753,-0.0057885163503496985,0.006934812202631895,0.004524373560466025,0.7570656011065008,3.7826688276879534,-0.7490341368936341,-2.603282285700779
-0.012734406631151706,-0.005779875791947434,0.00694916529882576,0.004502550784758154,0.7587948778062429,3.773630655579247,-0.7686893273903014,-2.596239783935965
-0.012788731317263288,-0.00579824707277152,0.006876623933051634,0.004563763626130029,0.7461571529540115,3.7764890920595318,-0.6928816832124195,-2.6074557651843793
-0.01282793870719754,-0.005825000676494618,0.006833504005609164,0.004628390813163249,0.7411936780797217,3.8018051327056086,-0.6339937134983732,-2.62671918787129
-0.012815040007422394,-0.00581592765048768,0.006847625847584029,0.004606783815943139,0.7427903000574724,3.7932045461663404,-0.6535548322265314,-2.620297484023327
-0.012801995388624735,-0.0058068987142547235,0.0068618752966251055,0.0045850778318541,0.7444006284186785,3.784544066359898,-0.6731835535335636,-2.613768315331848
-0.01243641919635947,-0.00558442151708131,0.007230513405202778,0.003989318021421569,0.7784437469417088,3.5058194088010572,-1.1766211124517456,-2.3924355420416634
-0.012450435271381984,-0.005592319944028107,0.007217745192570293,0.00401236300251507,0.7776938431140109,3.5183750940150396,-1.1589358584287786,-2.4025123669105173
-0.012464302597792389,-0.005600272567335419,0.007205092828830026,0.004035281553105195,0.7769532087220097,3.530839282413463,-1.1413125855436086,-2.412457630877464
-0.012477972180688286,-0.005608248175500528,0.007192600375671891,0.004057993069770202,0.7761933126381474,3.5431629647462297,-1.1238162995009293,-2.4222337324746213
-0.01249154991736121,-0.00561620554564697,0.007180080438528031,0.004080524952694359,0.7754065441365549,3.555265010100919,-1.106303452559921,-2.4318306168426176
-0.012505723571525379,-0.005607437589729209,0.007151465675858808,0.0040789760457424695,0.7681229178836911,3.5356650332458024,-1.0872357425987147,-2.4254097113474042
-0.012561333108083125,-0.005638880923575383,0.0070974747825065495,0.004167862037997732,0.7637876904975666,3.579604608557855,-1.0147757928370196,-2.461118337922659
-0.012520062334207499,-0.005614169323838702,0.007136537857187676,0.004100017510484573,0.766591793113132,3.544791060141313,-1.0687050813222692,-2.4335650843134453
-0.012548433687328608,-0.005630536508390893,0.007109278102559798,0.004145817764935697,0.7645005927232287,3.567760300932445,-1.031774143672185,-2.4520558951912617
-0.012534824477716894,-0.005621678712122397,0.007121537534661898,0.004122413083956292,0.7651356460468096,3.5549937078334906,-1.049548147062586,-2.442316240034195
-0.012575232872935731,-0.005646049087024013,0.007083018505544236,0.004188817277445289,0.7623098564312992,3.588712245384538,-0.9964046412636814,-2.468962800790546
-0.012603155508381326,-0.005662924280457869,0.007055688253670286,0.00423432070140679,0.7600452391514284,3.6108927643295843,-0.9590715261248807,-2.48655874933
-0.012589756781382822,-0.005653867309293931,0.007068050365734768,0.004211093099647393,0.7607920603640479,3.5985792045740546,-0.9771036889737034,-2.4772829682767212
-0.012436503958459933,-0.005566915890167019,0.007214141013323576,0.003964433388696619,0.7716272066725631,3.4734021871770913,-1.1744934793375845,-2.376059113670791
-0.012182162441826109,-0.005438214632770879,0.0074331271759779495,0.0035551249456803945,0.7791928685864048,3.238327069467402,-1.4695589802648408,-2.1826319162215175
-0.012168798049997891,-0.005429789546255329,0.0074416575119647275,0.003530846875770656,0.778239490528001,3.2214710407586833,-1.4831015183669665,-2.1699104661321695
-0.01219579402803655,-0.005430636341028381,0.007408053188528918,0.0035590776603271488,0.7731655124706797,3.227667675792506,-1.4497378944339534,-2.181920149946569
-0.012209239815468053,-0.005434445421215935,0.007394586804281614,0.00357729121916869,0.7720094956458342,3.2362283006706707,-1.4343293824976853,-2.1905011118030795
-0.012224251590387425,-0.0054400510288771,0.0073807690262873505,0.0035992557064997758,0.7712344744278106,3.247887239346326,-1.4174994695689076,-2.201067234408265
-0.01223918370372058,-0.0054465060707395326,0.00736775016485055,0.0036221403278681855,0.7708072472730527,3.2607831727941914,-1.4009206743415428,-2.2121750339823105
-0.012381970040695708,-0.005518543520704231,0.007245440969738992,0.0038501011091825296,0.7668966920207149,3.3911541218843637,-1.237837614196785,-2.3196090226782045
-0.012408872064769056,-0.005538553808695157,0.007226762999262827,0.0039011028859986126,0.7679396159814006,3.4250044652815186,-1.2065600609821814,-2.344103741293619
-0.01242163792322853,-0.0055427499318082595,0.007212776676299154,0.0039178191582023075,0.766303757793266,3.4312624222457084,-1.190739708519752,-2.350689210508684
-0.012399151590789071,-0.005525901668946171,0.007228530208088869,0.0038751519811037857,0.765484301729602,3.4031208217447846,-1.2171015062931219,-2.330363964274476
-0.012380636339890392,-0.005500285457518717,0.007230210364140853,0.003823836410791485,0.7602143506235225,3.3588910260816847,-1.2363063581277032,-2.302834348547744
-0.012362873539369181,-0.0054961810571730815,0.007250644584066843,0.0038026932715363817,0.7628926236327852,3.352382881158778,-1.257961145314104,-2.294657617941525
-0.012342606863951718,-0.005496315025601018,0.007278347473447867,0.0037848470758381275,0.7676561233421817,3.352996437413851,-1.283655500635328,-2.289292477613852
-0.012326417440542541,-0.005487473503926387,0.007291832872908638,0.0037582578850525994,0.7679424429216305,3.337419819871656,-1.3022173965995727,-2.2767904912725636
-0.01231128007672838,-0.005479902255302079,0.007304935781647531,0.003734247873443061,0.7683994781601965,3.323843469247077,-1.319575959936907,-2.2655492965089254
-0.012253106665917788,-0.005454773956273892,0.007357678380964448,0.003646342248592212,0.7711108590342458,3.2764919338568954,-1.3860344993894607,-2.224318840962962
-0.01226539037488368,-0.005464394569104093,0.007350951190764848,0.003670718374352588,0.7724958334020033,3.2942747271817225,-1.373403509687061,-2.236970751852668
-0.012280564661815895,-0.005467734641794397,0.007334134511724383,0.003689485541861519,0.7703796283800309,3.301191817245027,-1.3552024278119188,-2.2450531967352885
-0.012295989439449215,-0.005472924370130331,0.007318656173909105,0.003710795173941583,0.7690826970637551,3.311080826343679,-1.3371295544858466,-2.254625888964307
-0.012436122540285725,-0.005548850469031558,0.007198027260272939,0.003938550444386163,0.7649206346559541,3.440564388415876,-1.172900914906769,-2.359232140589512
-0.012052156094489494,-0.00535668466260242,0.007510685077534767,0.0033184115693342896,0.7677804972711711,3.0703093511313124,-1.5937481253282957,-2.0559277029097367
-0.012069978434430292,-0.005364128981512996,0.007496970234133565,0.0033464799319281114,0.7680737195689129,3.087821622825832,-1.5760193450825162,-2.0707665597010068
-0.012110500606064842,-0.005384258459111876,0.007468266985758123,0.0034138095859833737,0.7697372743226393,3.131984408388796,-1.5362409399359895,-2.10640925262807
-0.012128017828118776,-0.005391063974957928,0.007453573285340067,0.0034404223609934897,0.7694739752746004,3.147544675334999,-1.5178555222152637,-2.1200227146119843
-0.012108061188505251,-0.00536592117136919,0.0074526079443745915,0.0033888051712131777,0.7623575771935024,3.101384274078837,-1.531325854762844,-2.090683221723712
-0.012090643875565193,-0.00536251440667107,0.007470331864164481,0.0033664384495663015,0.763936326480766,3.091195487549896,-1.55062729714828,-2.0797029421139412
-0.011965025123507412,-0.005321821801016363,0.007576282483429129,0.0031814164645982365,0.7655532510137767,2.9835593381587397,-1.6780902499911703,-1.9820327873463928
-0.011977786475647598,-0.005330470742479238,0.007570722838125604,0.00320572744058988,0.7677107493880256,3.002148374414716,-1.6679655225128287,-1.9956892167782843
-0.011995322198182288,-0.005332532917191376,0.00755256597526651,0.0032277038543219406,0.7659626881197994,3.0121561665300507,-1.6486147899028738,-2.00714959192843
-0.012015183167286886,-0.005330864719105421,0.007527657324231667,0.0032476720086997307,0.7623158884056548,3.0168280087923756,-1.6246149876746794,-2.0168195030521017
-0.012032555489556498,-0.005333552605146823,0.0075100437741323104,0.003269764674765615,0.7608031380858886,3.0270757298779993,-1.6056595356380619,-2.0281079053661517
-0.012049179731423998,-0.005337108250682493,0.007494056636447713,0.003291900523559307,0.7597511032126496,3.038172260222765,-1.5879117475529254,-2.0394537104920185
-0.011889276785832245,-0.005272813347860728,0.007609278783857351,0.003039773253429653,0.7531925818835358,2.8758727025088207,-1.7358207100356695,-1.9020304656057154
-0.011909293473439289,-0.005283042738937371,0.007598082426184432,0.0030741820802734905,0.755511472302888,2.9003704272299475,-1.7195696062283317,-1.9213756971025988
-0.01192976569196401,-0.005288904958748795,0.007581491273483635,0.0031041564376240727,0.7555658183777475,2.9183081376293107,-1.6999671522955657,-1.93782105131184
-0.011946435129066138,-0.00529528057368175,0.007569478206923551,0.003130240606636256,0.7562398560640397,2.9351432867802063,-1.684712656451891,-1.9522070760762091
-0.01196365169794461,-0.005302124048416626,0.007557152136406502,0.003157376301019832,0.7569942094988086,2.952691784850728,-1.6689202220205324,-1.967082871810064
-0.011764313721365473,-0.005205150491340649,0.00766884139691697,0.0028199173829966256,0.7346949578035329,2.713994906183385,-1.826865703636928,-1.7765345520535214
-0.01162401455285935,-0.005154172677334315,0.007750314652353389,0.0025955304589097322,0.7193258291532362,2.558906325612609,-1.9308251672421337,-1.6456248042084434
-0.011611564985588487,-0.005140750247092659,0.0077472017601946195,0.002567179621872846,0.7135146232301773,2.5337400733444637,-1.9328644185073738,-1.6292248986962043
-0.011747526364877671,-0.005196040404857443,0.007676003570551968,0.002790291020877451,0.7316523273174801,2.6919314138078527,-1.8380091147277484,-1.7594860596640352
-0.011686636709344472,-0.005180445509241988,0.007719317574824851,0.0026996655664820735,0.7284305349610934,2.633821587980837,-1.8886476079208203,-1.7067339164468656
-0.011703015566459926,-0.00518669210267846,0.0077101116054912305,0.002726182806660569,0.7304154293832641,2.652333338138445,-1.8766909048380795,-1.7221929890692085
-0.011723749827354758,-0.005184728133239012,0.007687535042225398,0.0027498843584783336,0.7281370600876117,2.6626103194075568,-1.8544768003904812,-1.7361179052585956
-0.011657018612360157,-0.005165131754561818,0.007731144308277953,0.0026477272992938127,0.7229562776611055,2.5948707841133505,-1.90688785551732,-1.67641117198259
-0.011642101680909681,-0.005151701149498169,0.007730642549680293,0.002616176197606892,0.717249921349479,2.56805771598135,-1.911725686010121,-1.65812400845337
-0.011678108899894147,-0.005161984161290434,0.007707520636962985,0.0026711583494028446,0.7203533716695331,2.6045978493121353,-1.884077578641176,-1.6904227756318149
-0.01188437149709207,-0.005248708611601805,0.0075891295461290595,0.0030078307768755916,0.7429223426783447,2.8384462444529492,-1.7268792540572055,-1.8829463684746413
-0.011839024929616167,-0.00523582769816418,0.0076241077187385615,0.0029411315644055146,0.7419266398342244,2.7975006613801985,-1.7680249606143854,-1.8457178781936716
-0.011854306148459956,-0.0052338787414974485,0.0076057992908796805,0.0029569870548638018,0.7394988574687796,2.802546280270972,-1.7504152541842124,-1.8543640342265364
-0.01187074677703346,-0.005234436991033085,0.007588805011073207,0.0029766934793798096,0.7379302816510653,2.811499019945577,-1.7331134101304486,-1.8651329253790379
-0.01182572346264244,-0.005228582431302733,0.007630436189585087,0.0029177725655787647,0.7398327824536839,2.7803221945458136,-1.7776868800253982,-1.8324115559012828
-0.011807178595307034,-0.005224677801688648,0.007645683362896521,0.0028916254913357495,0.7398953799774722,2.7649260078844082,-1.7948281689885877,-1.817657594168525
-0.011781978410863477,-0.005205231103370098,0.007650909262717903,0.002841341958826835,0.7332106765680867,2.7242027220298017,-1.8086582322908307,-1.7887513402971287
-0.01179877235574461,-0.005208667548296285,0.007637306823020001,0.0028649853114243447,0.7333583851446335,2.738212640311277,-1.7934389049052968,-1.802161764507281
-0.012168133963865095,-0.0054113174089446105,0.0074238611002774456,0.0035067673210393657,0.7705208082751732,3.190006936440854,-1.4768429803344134,-2.154307866936264
-0.012148705100732496,-0.005389569257667765,0.007426367714192532,0.0034597940331773207,0.7650782638007424,3.1497846927585376,-1.4921398775040078,-2.128105772988533
-0.012165924662075545,-0.005393058736724096,0.0074083517554363746,0.003481578155676384,0.7632664253127253,3.159109878301295,-1.4726036434483367,-2.1383880423939785
-0.009673035193033164,0.004747422568312069,0.00801047603827113,4.959670954440104E-4,0.21462274698537678,0.34551368276581673,2.4068340562999775,0.2938527787071488
-0.009709279636907037,0.0047359955618835915,0.008003930300516326,4.394749858152962E-4,0.22337514081226165,0.3803836771832898,2.3991679653608196,0.25581318169826095
-0.009649864742060537,0.004725337484628783,0.007981354916852493,5.264860464366262E-4,0.2060246879470701,0.3159629926113211,2.3881597502597725,0.31313230251011176
-0.009615585152200307,0.004722390196392076,0.007971040071669265,5.768635890399869E-4,0.19652186987467835,0.27971936313102036,2.38369848262152,0.34663994828850964
-0.009575080138977947,0.0047163912600000375,0.007955243730956782,6.35456603542712E-4,0.18515059515386992,0.23649004789328942,2.3758023920293336,0.3856323480604024
-0.011060149185292634,0.0049606184277945315,0.007966858067104622,-0.0016735409710093702,0.6076852976929873,1.8892337692105203,2.2182953738435107,-1.086767041823794
-0.01096039961901031,0.0049336934894014806,0.007993468826612971,-0.0015128203373780868,0.5832151142043341,1.7727311601033742,2.2539491390381268,-0.9872572685111073
-0.010984893565413078,0.004938944382330322,0.007985936022054637,-0.0015515774049737004,0.5889426730977266,1.8003691442177487,2.244567889451194,-1.011492281667066
-0.011011172886486231,0.004943214844960346,0.007975933078867284,-0.001592304182068195,0.5941906471358153,1.828922997366724,2.2329711856526484,-1.037228036198924
-0.01103613914180604,0.004948646866353686,0.007967601818164818,-0.0016316880359191872,0.5997149261226752,1.8568965302540035,2.2227672939977805,-1.0617637645812188
-0.011001621206033176,0.004920499147182007,0.007955789715873305,-0.0015655514947829911,0.5838430840008652,1.8022242305173166,2.219491552156353,-1.0239090523857584
-0.01082266128721104,0.004915355437855815,0.008042072257077195,-0.0012991555701980938,0.5537299575821898,1.623544172995213,2.3099610243075883,-0.8514557365660325
-0.010907173014513324,0.004940371315866119,0.008029191784752017,-0.0014376961350760266,0.5778143214382495,1.7254006139852878,2.288624008749594,-0.93696210686136
-0.010844864371924284,0.004915104094710644,0.008031324302340078,-0.001332271910178349,0.5574717636423531,1.6456257367583866,2.29892355657984,-0.8731073245300013
-0.010869201193476057,0.004917985465036877,0.008022812892395472,-0.0013699433677242044,0.5627577818965452,1.6718491279488432,2.289200701227076,-0.897114464692499
-0.010890075859826175,0.004920853509292028,0.008015696218041421,-0.0014023748795034833,0.5673213884297071,1.694547579684236,2.280924142133119,-0.9177224883165402
-0.010804298313630093,0.004901871104529263,0.008035167091792141,-0.0012654329347402962,0.5452426810748333,1.5961255206638525,2.307228898065434,-0.8321000855715251
-0.010933803086453772,0.004927787659860515,0.008001023623996413,-0.0014705658887686234,0.5769224270992327,1.742488841186809,2.2635805654420196,-0.9608703840849991
-0.010255784876541356,0.004826614784525459,0.008112710180717528,-4.002898765208211E-4,0.39330740540350945,0.9859337202498387,2.4261778631927573,-0.28326199413872116
-0.010234236241127263,0.004828155480516284,0.00811741735667929,-3.6691413303637334E-4,0.3879309995558383,0.9637592584463718,2.4316448801932835,-0.261412256845893
-0.01021295759391618,0.004819449314377822,0.008110110405667335,-3.3267250981182335E-4,0.37986387071919436,0.9376919884764713,2.428531975928555,-0.24050321231759872
-0.010190260668365007,0.004809270241828618,0.008101032819732526,-2.962526705154585E-4,0.3711750145559763,0.9096745657981283,2.424261844867377,-0.2183636516090893
-0.010121690504957797,0.004788497946278763,0.008083283945012412,-1.882893657137229E-4,0.3474667298588083,0.829417842232295,2.418215547848631,-0.15101533886513593
-0.010162647465530613,0.004789521400660745,0.008081246377193851,-2.51587267337837E-4,0.35909881532735416,0.8729128555792612,2.412853827768085,-0.19207843028820326
-0.01078027749570018,0.0048880222776397295,0.008030167502967306,-0.0012232841069323363,0.5356412986476725,1.563017784987504,2.3066620208862183,-0.8073033819296324
-0.010377486914789366,0.0048420940747212135,0.008108858840193973,-5.922891218203287E-4,0.4298358422745853,1.1212725254144624,2.4111633090178604,-0.4052505516721232
-0.010346637983314439,0.004836305705427699,0.008108495958921701,-5.43215737833716E-4,0.4201800644133021,1.086130190303581,2.414073804593459,-0.37439623756175233
-0.010325123746237192,0.004827470526336852,0.00810244294894712,-5.081703613113148E-4,0.4121334406418179,1.0595399970617254,2.411916638750514,-0.35309953626293505
-0.010307513390969927,0.00481012753685843,0.00808578059540073,-4.7786911219349973E-4,0.4029671657719279,1.0334191684731076,2.4016990942980883,-0.3361553810990663
-0.010422600484325518,0.004827697416725859,0.008082332386216813,-6.587787442070002E-4,0.4371465846753086,1.1618388437374767,2.3872016047557505,-0.4508589803298319
-0.010399065001027705,0.0048178970448173215,0.008076582289273217,-6.203546395432672E-4,0.4284462456626245,1.1326410771597828,2.3855417401286716,-0.4275031378354193
-0.010276236649788087,0.004802179091672064,0.008081815674100615,-4.283451772806231E-4,0.3926609513215822,0.997220086334507,2.4020322230951354,-0.30516371084998734
-0.010300526162904434,0.004777386073508155,0.008049844405769259,-4.6162893252538493E-4,0.3925299487315818,1.0121092684413868,2.376612620094374,-0.33058499441968
-0.010753759165172396,0.0048768021583654045,0.008028889775490709,-0.001178739997477473,0.52652907820826,1.5292684602640827,2.3091597881210713,-0.7804211386550693
-0.010672813789435196,0.004856005691190423,0.008037746041065918,-0.0010488115414197263,0.5031132462501835,1.434889456209385,2.325915709043635,-0.6996492460132449
-0.010697795276744387,0.004859895374011286,0.008032547872866913,-0.0010878940498090228,0.5095401991686442,1.462493508042819,2.3189798842916765,-0.7243952550733512
-0.010725925621762868,0.00486702332980535,0.0080293800167486,-0.001132964886219579,0.5176030921423745,1.4951710739491595,2.3130791831710265,-0.7524198847167739
-0.010607749904518567,0.004866602744799526,0.00807316825474041,-9.53934537447647E-4,0.492854136400597,1.3743241672504338,2.3598930606275617,-0.6358894880697415
-0.010631205609275352,0.004837718859693811,0.008032244786097495,-9.794763915838113E-4,0.48833514919995064,1.382150220911267,2.3269240458438634,-0.6578345291848008
-0.010657310245654248,0.004836127586271469,0.008021053894936693,-0.0010181164362708982,0.4931282204678327,1.4076512508354984,2.3154908722449883,-0.6832868055462445
-0.010576901151347093,0.004846919130337806,0.008061027973573982,-9.003636157352271E-4,0.4794746172919582,1.3316890808602488,2.3545258660001664,-0.604637075957454
-0.010545225607650045,0.004848619667390156,0.008072928205106529,-8.525686449706243E-4,0.4728614237816298,1.2999132550289823,2.3668633273805786,-0.5732422651487173
-0.010530603071973796,0.004825091480113736,0.00805061387794328,-8.232013040813571E-4,0.46211116092149584,1.2724352899562283,2.3521807160483266,-0.558258276902493
-0.010449949631562823,0.004820292898996382,0.00806725527123076,-6.989313455097899E-4,0.4416262302274285,1.1867742812470465,2.373301397528714,-0.47827418152770423
-0.01050540617589335,0.004818710203076732,0.008050673000526344,-7.830741905342622E-4,0.45429396002336464,1.243237851541166,2.3550962275751233,-0.533227424718027
-0.010479771808439703,0.004807386347728865,0.008044907419277724,-7.410360673609776E-4,0.4448607470239301,1.2111909685478042,2.353769247075665,-0.5077724044542079
-0.010115400500371368,0.00474508689942823,0.00803460048941716,-1.7585094403075455E-4,0.3364299448396964,0.8068665334925492,2.384191184021418,-0.14828789048986854
-0.010084706566140429,0.004741085407713488,0.008031759092970473,-1.289815016080879E-4,0.327508603295635,0.7734910176601134,2.3851021379385227,-0.11806286318084265
-0.010054597019736102,0.004755778577021188,0.00804942843454834,-8.365208023374545E-5,0.32226667715264984,0.7472834958874593,2.4005639603303486,-0.08671378670671061
-0.010067315076253329,0.0047232433369988796,0.00801243943147612,-1.019220661020248E-4,0.319322460545381,0.7490489489632954,2.3729994537174592,-0.10225088001447713
-0.010015237747351347,0.004751810657321805,0.008045650754506075,-2.347621886912328E-5,0.3106450723296487,0.7047229887830674,2.4015491096161763,-0.04772462993673524
-0.009804527570820782,0.0047287160731161034,0.008008775154594727,2.951344408585205E-4,0.2487927181653857,0.47760800208251863,2.3944146367267156,0.15980485502974925
-0.009977283970621628,0.004749546372289289,0.008042959527564564,3.4415490026428196E-5,0.2998253491964263,0.6642698147407482,2.4031447505132486,-0.010009436540698169
-0.009933550697452508,0.00475634971703984,0.00804948274249389,1.0134792962374807E-4,0.28870664908261706,0.6207007834754847,2.4117360449267893,0.034474692573924354
-0.00988329242462044,0.004739387446158143,0.008027716429712312,1.7698195191687916E-4,0.27196132352821123,0.562888298531819,2.4008668809160176,0.082667270436502
-0.009901249532791843,0.004748851607944473,0.008039481966216282,1.5027875701786292E-4,0.27859890652862407,0.5845765153549917,2.407560973926332,0.0658734262510099
-0.00984083073162186,0.004723021751868877,0.00800602778387867,2.3987797925951486E-4,0.25789481783565077,0.5137611608137181,2.389280107668793,0.12286475605088502
-0.00987107888845983,0.004723392662046419,0.008008910871704796,1.9434069491248027E-4,0.2663307838690557,0.5453080291720185,2.3886190547523096,0.09282599573463729
-0.009768244472267776,0.004728301025075515,0.008003946473040695,3.4970218147645926E-4,0.23876151517837166,0.4397018092851804,2.394130515599297,0.19590609229955128
-0.009739189487219958,0.004723443231162139,0.007994496427091102,3.9265168266461065E-4,0.23011959918044567,0.4082092879944648,2.3899194888558575,0.22406191297342617
-0.009789992545211677,0.004701892822983108,0.007977157663665363,3.1386468523372763E-4,0.24129403720528736,0.45512113845564584,2.37325264681942,0.1703610012694132
-0.009720761275341012,0.004703401974239538,0.007969362678020623,4.1712915325785944E-4,0.22285793537680418,0.38386459026010367,2.373645066148069,0.2392165810820726
-0.009535030583285616,-0.004740098485600451,0.00797171323770468,-7.005650757670258E-4,0.17619170876189807,0.20027500060422282,-2.3907652624985,0.4298452034874987
-0.009363261371309162,-0.004760563620822629,0.007941827610569595,-9.59779859862226E-4,0.13213583755249522,0.026824944306298903,-2.3830714557954393,0.6042862550117364
-0.009399255862840163,-0.004745083330734958,0.007937010913300966,-9.018742933417991E-4,0.1407363681163775,0.06109190362782,-2.376828530414361,0.5651943981752957
-0.009440284043007766,-0.004732522437529881,0.007936296303404991,-8.378879972203074E-4,0.15077108323608182,0.10095538287106846,-2.373094183105415,0.5219590398760907
-0.009488072920689417,-0.00471937675313944,0.007935927163235742,-7.640988865729216E-4,0.16242306053614833,0.1475285464288453,-2.3690691765904526,0.47205453958159577
-0.009272877351464122,-0.004769725989084377,0.00791773112942798,-0.0010945890868777374,0.10948874879078609,-0.06450407607301978,-2.372770884759976,0.6954886441074993
-0.009240487315697187,-0.0047558457934965565,0.00788905584299675,-0.001135402295689549,0.10131505805250485,-0.09966000289724869,-2.3545788715272997,0.7235791978778823
-0.00930414509727312,-0.004751506255868946,0.007909919003840707,-0.0010422491276411367,0.11682425825882757,-0.03533894275857379,-2.3647930791524807,0.6601835308808991
-0.009334883115170018,-0.0047435548666661855,0.007912718437744489,-9.948672541553892E-4,0.12436291144486115,-0.005202001227032803,-2.3644305981497182,0.6281250243774886
-0.00893157162643144,-0.004703533088451421,0.00767904095037123,-0.001532851974854659,0.03627953689923428,-0.41047500509256823,-2.222285154764659,1.0004093292913032
-0.008899903986204627,-0.004678410590275306,0.007634630246493931,-0.0015593912287439448,0.03143992016276739,-0.44143391767403617,-2.191099110949939,1.020211710509166
-0.009214637322876558,-0.00472359028479681,0.007842761154113571,-0.0011583239177444405,0.0949698488641255,-0.13025318414179396,-2.3229044333342124,0.7399146055638829
-0.009168363781573353,-0.00473482242897723,0.00783444769568416,-0.0012281821956440584,0.08449783009767843,-0.17534538657759446,-2.320271290799374,0.7875838476847395
-0.009127199441760278,-0.004701938809501176,0.007779798141306489,-0.0012698545944343847,0.07554993763497499,-0.2200381512024733,-2.283276870162009,0.8174897151160999
-0.009011495842159507,-0.004716915218867013,0.00773739943188112,-0.0014343352603677,0.051199975959487505,-0.33243600451796657,-2.2602374000696908,0.9310218593390945
-0.00904903685983564,-0.004694887769920222,0.007733706361213586,-0.0013723950489148223,0.05924257505454517,-0.2974138829084589,-2.2548269374938674,0.8888503609517348
-0.009085367025461671,-0.0046765938374072,0.0077326040040178465,-0.001314380556137183,0.06700576135872731,-0.26341738240519824,-2.2514377477762935,0.849180711825349
-0.008971533609419794,-0.004686941502543355,0.007684126413784129,-0.0014711419235105116,0.04423172980635975,-0.3729441934418763,-2.223315864387352,0.9580209197415325
-0.009604750201285775,-0.004707726962489828,0.00795238801572218,-5.89719710813005E-4,0.19225987539377007,0.2651997217841777,-2.371342103889148,0.35463879109811863
-0.00956355898627433,-0.004700135653050334,0.0079344758440977,-6.485075186327734E-4,0.1808143163345053,0.22110461969146197,-2.361929464178289,0.3938544353286902
-0.010742308117055843,-0.00491578278618573,0.008078124791227303,0.0011778902321815312,0.5386782343790295,1.5421002421383336,-2.3473470542254495,-0.7722247279228903
-0.010726014368031627,-0.004888584529910738,0.008053825826837684,0.0011418964308516756,0.5254397606816538,1.5084869002051138,-2.33124671187475,-0.7541108415349199
-0.010769828709421418,-0.004910784649966694,0.008060637324596399,0.001217517383530481,0.5420976166711226,1.5670715626061684,-2.3307898259180004,-0.799073154726618
-0.010789899724118387,-0.004914145286658508,0.008055623070618844,0.0012493130360096908,0.547263544645676,1.5896355209187363,-2.324433320664176,-0.8191551410502346
-0.01080855021643418,-0.004907196249974449,0.008039287352069104,0.0012742331654447695,0.5479630604069046,1.6039331407709214,-2.309742403114208,-0.8368189649826322
-0.010876904416338722,-0.004924502952058758,0.008026417988650355,0.0013846244052082835,0.5665867690504586,1.6840765162403442,-2.290815987476302,-0.9054446039671454
-0.01083210667075567,-0.0049069496806456794,0.008028099201947261,0.001309362926279415,0.5521414495124288,1.6273452300026212,-2.298230742897782,-0.8597403861496274
-0.010857429588643426,-0.004908325894792987,0.008017591776720618,0.0013477340691969916,0.5570417764380099,1.6534823203023108,-2.2869185614787457,-0.8844877743401198
-0.010897304452343251,-0.004916772138770312,0.008007424063850375,0.0014110175556335534,0.5669073931700802,1.6987709784158138,-2.273695098851459,-0.9241247631293507
-0.009715619506747711,-0.004749900455094839,0.008020567689618214,-4.3217180090616823E-4,0.22664857067612706,0.39069310099075155,-2.4103893222130135,0.2516388207515852
-0.009650733756440464,-0.004719029402435292,0.00797448527078752,-5.23959659835523E-4,0.2056056693077812,0.31533827416238164,-2.3832487786017644,0.3111515386777222
-0.00969155886368192,-0.004715536728930085,0.00797808477974988,-4.625618683571435E-4,0.21631621502464946,0.35673805641518225,-2.382359280875544,0.2701063154478028
-0.010241921582153346,-0.0048453833568098065,0.008136147315672417,3.812246131962654E-4,0.3943613802235045,0.9789044082918333,-2.4442891469051315,-0.26796074305313505
-0.010301581748377385,-0.004817514566428183,0.008095205340219234,4.69962372791759E-4,0.4032459453896979,1.0304100197298967,-2.409075051901292,-0.3298973962850955
-0.01027188573681711,-0.004828114124297485,0.00811205520095532,4.255689085511958E-4,0.39813404446486383,1.00357320303857,-2.424138946344249,-0.29940428277272163
-0.010171544295268465,-0.004823624248351021,0.008119311955312368,2.6855674024607725E-4,0.36931823830633714,0.8954141323609196,-2.439036364239161,-0.1983298768406432
-0.010207771404579761,-0.004822796464278145,0.008114543301325104,3.249887498231572E-4,0.37924813875708,0.9335070166997708,-2.432199593217191,-0.23500608579452706
-0.009795910552659347,-0.004759179846485206,0.008042072817981622,-3.1162695724450156E-4,0.25039438374664263,0.4771834702757908,-2.418673271498896,0.17278393164420164
-0.009752645320828708,-0.004749283611919391,0.008025407793997795,-3.760686017564854E-4,0.2368723272817637,0.4292156031433882,-2.410655772778529,0.21454678288078285
-0.009912904039212894,-0.004702197311369819,0.00798779782607491,-1.301938232331993E-4,0.274328206424125,0.5822660412083679,-2.369904574424513,0.04872520800528688
-0.00981478531901117,-0.004722398758390728,0.008002796525271954,-2.7902131256449237E-4,0.25065452819990347,0.4865375177749283,-2.3892840565963307,0.1486358505526301
-0.00988348349374961,-0.004708775216124875,0.007993428650629941,-1.746688366419709E-4,0.26737742713588974,0.5538302970313645,-2.376568688277107,0.07864805142342261
-0.009848976588810537,-0.004714206367707061,0.00799687895838687,-2.2686274631104867E-4,0.2588384817386103,0.5196685630652523,-2.382100154657873,0.11357222928418041
-0.010147366830854813,-0.004797696387501506,0.00809184897450091,2.2867402127790899E-4,0.3566672791924054,0.8599239963226797,-2.4218483389342107,-0.17605473378733552
-0.010132185184623414,-0.004768092432290262,0.008059419392739875,2.030193162360867E-4,0.3458795938247449,0.8328871223873342,-2.400220040000794,-0.16327202789486725
-0.010061707081400851,-0.004759963623987402,0.008053931627346791,9.465673755067345E-5,0.32495761949288976,0.7561687116966652,-2.4030484480910066,-0.09346911036128842
-0.010100697567011553,-0.004755291515455222,0.008046954038806146,1.540477056386312E-4,0.33457726662443876,0.7952336334896486,-2.394405664290183,-0.13282965974431885
-0.010005703760455564,-0.004753371773011191,0.008047447921873278,8.924418990924148E-6,0.3082123371564028,0.6952578312288542,-2.4037065385661003,-0.03806624138768339
-0.010035882547721687,-0.004734065392519558,0.008025413196527137,5.4657539740311075E-5,0.31295243577089354,0.7201671872854511,-2.3852783145046046,-0.07001919461278068
-0.009973682799110492,-0.004720001362622762,0.008009700186165038,-3.9431554508792706E-5,0.29364769142891994,0.6508362575822031,-2.379921028634423,-0.009551685412464643
-0.009945001026883508,-0.004692787742521737,0.007978637483927534,-8.181643738796469E-5,0.281367817204432,0.6124650839076563,-2.3604366459670447,0.015926506871420814
-0.010593558988784444,-0.0048694151203178765,0.008081174243331211,9.331894540756484E-4,0.4907122167147275,1.3611583329855248,-2.3674179714744166,-0.6218121984502788
-0.010540696121984047,-0.004874753098299368,0.008104154331154518,8.535843347156727E-4,0.4803480900093096,1.3089396041152597,-2.3902941973584806,-0.5689998794437486
-0.010566543364154813,-0.004870575340340689,0.008091315065486394,8.921166611399563E-4,0.48491793128961286,1.3337000029390478,-2.377972348115146,-0.5948424614578379
-0.01052239583490503,-0.004860340168510278,0.008093133437364177,8.210514911260933E-4,0.47129095362317946,1.2822465155086724,-2.3842355231822108,-0.550523507021964
-0.010369755671273389,-0.004864690349728963,0.008136401503925373,5.849734410883252E-4,0.4344081274773494,1.123352518712945,-2.431875344505983,-0.3964992726772875
-0.01039701444564173,-0.004859767376596291,0.00812487072623485,6.265178731761205E-4,0.4400633843719812,1.150023645484369,-2.420746074184711,-0.4243042427379799
-0.010499015987105904,-0.004859621891433228,0.008099020887737762,7.847961358135384E-4,0.46554911124582515,1.2574193569477075,-2.39112182637986,-0.5270777010003794
-0.0104243948520302,-0.00485817337182041,0.008116722081431755,6.687905766725004E-4,0.44661964908461677,1.1782148027305455,-2.4119972291342204,-0.45199568873633106
-0.01044868889778003,-0.004857630058272118,0.00811014159562501,7.063862264481967E-4,0.4525489335773565,1.2035791242712952,-2.4046480344266725,-0.4765070821822142
-0.010474071145332527,-0.004857672323343313,0.008103610800776657,7.457137935966287E-4,0.45884603183771583,1.2302869470455093,-2.3971772784254335,-0.5020412602352043
-0.010351828216122573,-0.004840568774708139,0.008112361171105538,5.521118742937763E-4,0.42278729909713525,1.0934644155690976,-2.416336421229797,-0.37940559389849265
-0.010332005293055729,-0.00481265751439365,0.008084299518090811,5.160923040419171E-4,0.4098723803635789,1.0602191175978934,-2.3981251620564286,-0.3606295998880548
-0.010622915023117657,-0.004865966866630512,0.008067206720887928,9.768422068401896E-4,0.4960427805062096,1.3895840246762632,-2.353687030134871,-0.6509141986543455
-0.010653591160997289,-0.004864429573791035,0.008054453114344953,0.0010229062554260196,0.5019867611484803,1.4201521103828545,-2.340626524977635,-0.6811612217231732
-0.0106801147980422,-0.004869397241676414,0.00805015917977653,0.001064910104891175,0.5094044520413197,1.4501099895952994,-2.334217752875835,-0.7075721690129487
-0.010707239086900452,-0.0048611437396974475,0.008030245574170257,0.0011025642497859206,0.5118652789957632,1.4727434194788744,-2.3161046128493634,-0.7337103557956076
-0.01147182093083472,-0.005082395318181775,0.007806401424559844,0.002333898996538336,0.6885404958679352,2.363344207450663,-2.0146911566898766,-1.4908362344180581
-0.011486051857831074,-0.005091045998551608,0.007803924189695459,0.002360032527138052,0.6925859212637544,2.383933554967762,-2.0091106951148197,-1.5062063551734783
-0.011501348223897638,-0.005089925991539992,0.007789641433098138,0.002379222897201178,0.692112384368529,2.3942668905811324,-1.9949515956915087,-1.5181874177924444
-0.01155443650129118,-0.005112583972799758,0.007768178661856142,0.00246821218239002,0.7019933500097116,2.4595312821447948,-1.964804216796289,-1.5709992465151896
-0.011529988752055598,-0.005107415475178188,0.007784073039847009,0.0024318635659005224,0.6999540091164409,2.435659333038245,-1.9828708294431083,-1.5491596906434586
-0.01151916055398646,-0.005086042957664079,0.007770053564299595,0.002399158781296309,0.6903181931161941,2.4031342936595164,-1.9764131358438919,-1.530800799508006
-0.011452916634178807,-0.005072545302952992,0.007811303978506562,0.0023005996667098062,0.6839216361219834,2.3378670722167354,-2.02316226229474,-1.4711201896380695
-0.011324017391667038,-0.005048816427386567,0.00788708262780063,0.0021070324759572645,0.6689671821544202,2.2076123035616178,-2.108626294492147,-1.351877945332092
-0.011353297683855706,-0.00505600998860605,0.007872732274937578,0.002152824609174358,0.6736221971258534,2.2396939359923116,-2.091546281408993,-1.3800315942118402
-0.011342032069561327,-0.005047500639110919,0.007871896524143487,0.0021308273888896276,0.6692471783476625,2.221501265797559,-2.093528137622411,-1.367174550469651
-0.011415179666323846,-0.005072050077240278,0.007841651862446937,0.0022496609647370044,0.6829624771665418,2.307441964601392,-2.054307148255401,-1.4392881415907626
-0.011434551905576197,-0.005065474255647782,0.00781861535478043,0.002270313069672909,0.6803071274398097,2.3157994403586266,-2.033054649241568,-1.4529775663765343
-0.011370957617884566,-0.005055488931521484,0.007858414862932579,0.002176551918701784,0.6741097016612844,2.253856117088684,-2.0770474821848173,-1.3951720928630162
-0.01139397965920206,-0.005058979344576768,0.007844132361602302,0.00221055641935469,0.6763566894451073,2.2763683922650064,-2.0613040461205343,-1.4161972198455934
-0.011038271877441065,-0.00495525225531972,0.007973806520193012,0.001638651450357143,0.6027929849567607,1.8641929757344473,-2.2270814950623463,-1.0651075515804191
-0.01093127531555184,-0.00493515117148386,0.00801070470366465,0.0014707242326386925,0.5795172710975934,1.7454091922187176,-2.271230886723249,-0.9595438954385608
-0.010957758470944896,-0.004939733056465884,0.008001741568698392,0.0015122245169103697,0.5853374952823099,1.774660562953576,-2.2605922672551375,-0.9856761028055125
-0.010982527742182085,-0.004943618765042214,0.007992539762557394,0.0015507127576099152,0.5906016020855395,1.8015802344326548,-2.2499360682734917,-1.0099557642923547
-0.011010073770017609,-0.00493719768089935,0.007969770709928957,0.0015872665077289545,0.5916190502456057,1.82314513729199,-2.22862446831563,-1.0349862067411324
-0.01131055177877064,-0.005030836180892273,0.00787709769554354,0.0020749444847503284,0.6603136515362001,2.178175844594016,-2.1043223644621523,-1.3339706737632224
-0.011157169957286987,-0.004995551995544568,0.007945204867120984,0.0018349324576403204,0.6331789572429077,2.0092853518613114,-2.185252532700811,-1.1852770961191803
-0.011139497601203412,-0.004989411269669042,0.007949819662077683,0.001805672771597339,0.6286042180155238,1.9876421202230745,-2.1918997416468398,-1.167399692304607
-0.011171872447934765,-0.0049820169173879,0.007920268328768396,0.001846864694930796,0.6286361772678809,2.0106914291964944,-2.163990098244586,-1.195272951854884
-0.011190968574150237,-0.004985631036223552,0.007911531674613411,0.0018762192056590362,0.6318823857205841,2.031080745153908,-2.1539278384828724,-1.2135959495145465
-0.011216689218817204,-0.004994793665688032,0.007904230671783986,0.001918595108050446,0.638050847178835,2.0622819726345036,-2.143581086984891,-1.2393736024554645
-0.011244846467853372,-0.004994723080842773,0.007884513513591963,0.001957829648299667,0.6401852517463035,2.0869195635811333,-2.1235141871803553,-1.2644929921714725
-0.01127136295667655,-0.00499722372304193,0.007868408449360464,0.001996304744974172,0.6431037093281469,2.1121695073824562,-2.1063260197031757,-1.2886813892618951
-0.011299391316538832,-0.005001326087964494,0.007852576105237217,0.0020377748101104015,0.6466796213590263,2.139906204205564,-2.088926359883686,-1.314463763579888
-0.011096225006304136,-0.004965337935239266,0.007950141776943948,0.00172839146844323,0.6138770325530997,1.9269290661163583,-2.1997037618746016,-1.121539381836687
-0.011069610898265376,-0.004949972773902611,0.007949168518724972,0.0016807657940936976,0.604339134786854,1.8894504569238857,-2.2035472282793194,-1.0933567376980828
-0.011124652804419285,-0.00497107321128377,0.00793871610273776,0.0017726751055221171,0.6194127383371791,1.958082837213304,-2.1862292481649295,-1.1492131379453976
-0.011115355977901198,-0.004944781341735432,0.007915160231149795,0.0017428248447808007,0.6075341777897222,1.9273260395487948,-2.1704727658265437,-1.1342782091667092
-0.010920380157531094,-0.0049119972912822565,0.007990200719637373,0.001442570382297776,0.5686794097021678,1.717918480955354,-2.2574843932462723,-0.9455631407541282
-0.009514671386327677,0.004736372304481995,0.00796217215715582,7.297083460949453E-4,0.17060908852107035,0.17841392445566573,2.385610773905053,0.4492965735221785
-0.0095411335346072,0.00471411848170852,0.007944392857059697,6.848785117751516E-4,0.17595445782373065,0.2010207625968516,2.3708333272146325,0.4187039507003972
-0.009469932854485632,0.004733725146782067,0.007946596831652832,7.948231983288404E-4,0.15855340138325905,0.1316908505618908,2.3781161872241205,0.49297750018241493
-0.009424145052093361,0.004718409908019547,0.007915608959408139,8.569575409474083E-4,0.14596084861868833,0.08176372030123413,2.3596014697265573,0.5346909835883072
-0.009379057189287767,0.004702905332746779,0.007883680091058805,9.168525144587181E-4,0.13406717727042816,0.03295615487906212,2.3401325413460206,0.5753238799483426
-0.00924563675260039,0.004716373883091991,0.00784799244284372,0.0011116515358597595,0.10236243028084811,-0.10000512570401678,2.324377451028621,0.7081201355303931
-0.00928448572627904,0.004702096822247521,0.00784811146535104,0.0010510856113439746,0.11110276537488502,-0.06289552042741041,2.321557690281257,0.6669069430248388
-0.009330851864088864,0.004703433300614693,0.007867165440802994,9.858847085696951E-4,0.122288699974488,-0.01589234282893373,2.3318724573263983,0.6223761464353887
-0.00889398577262318,0.004624249608799614,0.007575840563722667,0.0015354354102280075,0.0324351294028442,-0.4480265054857487,2.147286530429078,1.0058477722232617
-0.008953299060862953,0.004653528846449192,0.0076393397676064465,0.0014764228359410018,0.04172471281480165,-0.3918254531724966,2.1910454315035,0.9631577839049008
-0.009019860091178476,0.004651899915459912,0.0076734570233234975,0.001388891497052046,0.05449499310765266,-0.3285213356551866,2.2120120551514044,0.9019385882074334
-0.009094983714984588,0.004680118033446433,0.0077410475602880694,0.001303165842439919,0.06901364752468414,-0.2537375616656664,2.2569418692316034,0.8412580650650019
-0.009068813613666809,0.004655421126640996,0.007702106780277612,0.0013260527158333937,0.06395186502271509,-0.2811111470266074,2.22989686206684,0.8578791665433634
-0.009136860376863412,0.004687392025198996,0.0077687817853736825,0.0012497944878047272,0.07774278409823733,-0.21204177292385348,2.274407433786949,0.8041281174334909
-0.009173202511305748,0.004710438103452906,0.007810228197155676,0.0012103771937251823,0.08581850737540407,-0.17339197673304743,2.302187649540134,0.7761095767065576
-0.009212643140351943,0.004698617744406733,0.007814829393537996,0.001150358461807243,0.09441398041977536,-0.13550388269788552,2.302648789800276,0.7351833035835602
-0.007028914729123029,-0.005001837289284006,0.00611577210122412,-0.0035651036884617035,-0.04931059870937692,-1.7185880368775752,-1.1184328589587842,2.2813031347032795
-0.0071004526904022685,-0.0049418417959477354,0.006166939307111868,-0.0034601466690770653,-0.05292525730253467,-1.6746346622660193,-1.15747143256765,2.22603833118276
-0.007157270782624329,-0.00490514132919781,0.006211675374154137,-0.003388833433514585,-0.05558516960226816,-1.6436147379823025,-1.190380219145737,2.1890297592578727
-0.006845788583862967,-0.004977454677775663,0.005887820283679547,-0.003614653599724867,-0.0350245337315018,-1.7394471709890789,-0.9712171434384359,2.273443056110786
-0.006925546379004391,-0.004939177766117096,0.005962575279602308,-0.0035375735345887925,-0.04056204025440227,-1.709914365275292,-1.022649993987624,2.2413589250523156
-0.0066525668057367685,-0.004983791341396234,0.005664520384562179,-0.0036899794418142682,-0.020411294164909593,-1.7612618494167527,-0.8333153717745485,2.2746252949026218
-0.006748641384147176,-0.004919442912090963,0.005749213522423324,-0.0035833817863677145,-0.028049976771482955,-1.7249817100470277,-0.89129865053045,2.231708524808442
-0.005314621196779494,-0.005414357285238328,0.004217348917425707,-0.004321454043338001,0.07882650533638479,-1.76007348920789,-0.0980316000676474,2.187327661939362
-0.0051317401827931635,-0.00534957026768707,0.004020685363750015,-0.004240404068033302,0.0786998250071199,-1.703128316463074,-0.05553358922546242,2.0991801739573845
-0.006441722428657326,-0.005051935257294356,0.005442763960938991,-0.0038276465098480987,-0.0034491402660432042,-1.7964672322347817,-0.6967641966934003,2.301749552607946
-0.006525823441020584,-0.0049777502033744115,0.005515084301714362,-0.0037201064560032763,-0.011949059897100218,-1.7638090477066715,-0.7476321908863556,2.2604460739146437
-0.00643526908150714,-0.004954483140857411,0.00540310138799055,-0.003716451958960942,-0.005046251435840515,-1.755109823016361,-0.6880898097442397,2.236145042134919
-0.006337009770311081,-0.005116018845445887,0.005339845919058172,-0.0039257543102570866,0.005851858535375677,-1.8207667469777227,-0.631197598002417,2.328659802172973
-0.005964240512077655,-0.005238506659128569,0.004932023825736205,-0.004120504403361391,0.03749787940314842,-1.832105288122044,-0.4075737484505098,2.317074433549927
-0.005486567400819914,-0.005378822862494814,0.004404977210030658,-0.004290401902509836,0.07033703807790442,-1.7889511472841662,-0.16749837251699587,2.2333802245802983
-0.0056525568849513964,-0.0052900567607815155,0.004582896474381765,-0.004192917255294449,0.05759830296957933,-1.7960915165093165,-0.25094719314183656,2.2480315098240733
-0.005809252421084123,-0.0052540558299291945,0.004755887247648129,-0.004147993158264863,0.04776362317685822,-1.8127598927473867,-0.3273956337967445,2.2795854450933173
-0.00617760109556193,-0.005117122249651752,0.005153435328658737,-0.003954782258656101,0.017394380184801408,-1.8099704888213337,-0.5345525258072025,2.297195870230608
-0.0060201213857749855,-0.005112170509909354,0.004971146776708881,-0.003969653584030036,0.027606808419435403,-1.791702944203147,-0.44738464210965256,2.258101766210738
-0.006567448772226421,-0.004895333674634838,0.005532791204096564,-0.003614099828587173,-0.015010948566370442,-1.7277602274454396,-0.7668374831397307,2.2090956538281272
-0.008618866008357673,-0.00472975047058474,0.007502958958730329,-0.001942764909449019,-0.015250283119055172,-0.700429519259461,-2.10944197101742,1.2867992714592236
-0.008664250869186567,-0.004695127339735441,0.007500680102642959,-0.0018636588720541954,-0.006792594773692709,-0.6581207209741757,-2.1049849690558204,1.233223013794836
-0.008489734057185581,-0.004732271572693689,0.007408531167555669,-0.0020960769219670167,-0.03119852157407133,-0.8131350478846912,-2.044841698825364,1.3943665360992783
-0.008421701365766605,-0.004693009562004977,0.0073175873976304645,-0.0021414737663064533,-0.03512640152724667,-0.8651852757853247,-1.9788428512846459,1.428164187933499
-0.00836545010332656,-0.004720524507755333,0.00729777812280357,-0.0022250866825309495,-0.042475305661873186,-0.9145723541025071,-1.9666369679652855,1.485075183481761
-0.008549052610194065,-0.004704552372744951,0.0074268434629132605,-0.0020066075511705177,-0.022458547503885432,-0.7597263632252538,-2.055523237705158,1.333084931594821
-0.007484684892802947,-0.004956406581244034,0.006617988552606758,-0.0032492276859582983,-0.07608243090981741,-1.5479099523647957,-1.4745017347260696,2.1444363412417924
-0.007405676351222471,-0.004972233464195359,0.006538732505198825,-0.0033202935823509684,-0.07394535782286567,-1.588089491646052,-1.41671728863047,2.1825189558200537
-0.007513569834834079,-0.00488459871594111,0.006599820224764105,-0.0031489133807366017,-0.07337718988163776,-1.5059217100885647,-1.464408961599494,2.0787272253866287
-0.007315039933453621,-0.00493065921054111,0.00640748540509648,-0.003329438337876751,-0.0658451088208346,-1.6049140747113102,-1.3249069977979488,2.174886569138842
-0.007236088246500615,-0.004871502302024839,0.006281548263772253,-0.003308005211044841,-0.05893135944932364,-1.606106282432943,-1.2401577307598641,2.1483194030003507
-0.007157568691703387,-0.004837372639919643,0.006173676807535513,-0.003312048813511616,-0.05280438296791849,-1.6142841035013702,-1.169240468096055,2.138535957019885
-0.008037235210074854,-0.004816214229919805,0.007090332444510339,-0.002645706764755545,-0.07056708322685525,-1.180972074124158,-1.8214199966413218,1.768957367726072
-0.007959151434809273,-0.004804644028528383,0.007004514503612012,-0.0027072095853801896,-0.07152945524342186,-1.2309155871290611,-1.758684684098452,1.8092586346339796
-0.007880939631894261,-0.004794653710021621,0.006918843141262727,-0.002766798808345497,-0.07185604265294737,-1.2779133716198638,-1.6960445450660628,1.847120992551563
-0.007653560755497862,-0.0048498716002177734,0.0067267202610800094,-0.003009220334160532,-0.07505745511416938,-1.4251229876796927,-1.5564848667342817,1.997256169844951
-0.007727125621263233,-0.004814588504297236,0.006777711848713877,-0.002914799223858549,-0.07360770207821542,-1.3734696955405996,-1.5936882723677888,1.938592383524614
-0.007801891640325576,-0.0047908946886894245,0.006836257616675564,-0.0028298789332235614,-0.07207051919673152,-1.3238583303378226,-1.6360034802495653,1.8860463692812146
-0.00756061606679272,-0.004808614068016315,0.006597686112636643,-0.0030334713458527477,-0.06942249522852618,-1.4555459578062984,-1.4643438838319918,2.005595431665348
-0.008162379474055117,-0.004786100326411598,0.007181270229190212,-0.0024946736764514025,-0.06266693945386707,-1.0835608879505008,-1.886510882607489,1.6678421093506353
-0.008281010805771679,-0.00472591690446792,0.007231828127370583,-0.0023194973795143087,-0.04990812301027103,-0.9819301530348109,-1.9200906100831123,1.5500489002558953
-0.008215474623240949,-0.004742238710979235,0.007189632636477137,-0.0024013891549639187,-0.05561551783298745,-1.0348089596251848,-1.8907724335405554,1.6054575505314015
-0.008088754983077122,-0.004759039667015896,0.007089524340317577,-0.0025422619466414324,-0.06354459315332246,-1.1308861675710498,-1.8192395848943284,1.7003263107186724
-0.00886441812999344,-0.004680068188189853,0.007615317448639491,-0.0016057742817942348,0.025136468721042634,-0.4747666667667853,-2.178954026666911,1.0526983581617608
-0.008768145253097787,-0.004714674627968726,0.007590430858965732,-0.0017491778947789484,0.00741164765771847,-0.56424547127903,-2.1665351837910376,1.1514541130806588
-0.008818849659513543,-0.004688981145316368,0.007596545063311324,-0.0016689906006798233,0.017049673156812047,-0.5171407092755828,-2.1678437006457734,1.096594375247367
-0.008715364778844869,-0.004669930717804631,0.007510442732648265,-0.0017847412458480913,0.0022266077359997145,-0.6113436034441965,-2.109227026402625,1.1790042404866072
-0.008666699768132342,-0.004645580643283239,0.007453526574488514,-0.0018265605394104513,-0.0035685443934324957,-0.6531585902272112,-2.0689031855128546,1.2095237092843993
-0.00876355426898159,0.004556847172191764,0.007430629232186904,0.0016539637268360378,0.01490644634299868,-0.5646387790365407,2.0454691806645298,1.092486104165758
-0.008814629536553664,0.004593164902048511,0.007497653273209326,0.0016151644666210177,0.02096554881967352,-0.5202843979479354,2.093165309541521,1.0632737412319655
-0.008868817785998151,0.004573523007082425,0.007510449356308481,0.0015372892611523893,0.02999448721198036,-0.47142997587611674,2.0993840940924255,1.0094151377414844
-0.003875297968937967,0.005774522209678747,0.002769837777120136,0.004479432390142229,0.09778980424076839,-1.4764047415848387,-0.2391303742036858,1.775628628092166
-0.004103790122653571,0.005674032367687494,0.0029894081711893928,0.004428938813202322,0.09812380253883558,-1.519426365075601,-0.19997754015319902,1.8349434567294214
-0.0033977777739506044,0.005626016287087599,0.0023844993820335506,0.004272448991614347,0.08416559252077936,-1.3799634321243117,-0.22190097740107426,1.6390411366423339
-0.0036737737763135312,0.005617620538832635,0.0026169664573163524,0.004308764374639578,0.08829390101002847,-1.4295127492293724,-0.21321794146692322,1.7068980210837008
-0.007014609574646407,0.004927006694630892,0.006059511034591011,0.003484249112721127,-0.04680839113098411,-1.68748746310252,1.087571240945849,2.224939521348692
-0.006931884933684112,0.004941177754161145,0.005970821295342488,0.003537290222945699,-0.041338553446288985,-1.7096196370814305,1.0281762398642094,2.2424251706757015
-0.007669171185188298,0.004800582532543149,0.006706685154305557,0.002945231764831641,-0.0717784074021427,-1.3995890024626225,1.5425218339014288,1.9551899971558195
-0.007588224131798611,0.00478291211116396,0.006608920252467155,0.0029864614003953668,-0.06885976954995664,-1.4330808694284076,1.4729196474599744,1.9765665289273002
-0.007528914953540189,0.004795074404615055,0.006554472089615976,0.0030411451452210664,-0.06794599914800076,-1.4645183226054292,1.4340499501447665,2.0074821556380873
-0.0074737533001523766,0.004770019670935011,0.006478729938057873,0.0030517177515407075,-0.06481791741301435,-1.4786118803065909,1.3814209179701313,2.0087009285426882
-0.0070802568812822686,0.004861214861714218,0.006099795733919567,0.0033778268288577333,-0.050048377516407776,-1.6440777094150465,1.1190783573446252,2.16781172276464
-0.0071853295918162426,0.004830323915273896,0.006200711791840111,0.00328945676504439,-0.05488166924723265,-1.6034613588416804,1.188211913678793,2.1279001629442735
-0.007293208302212615,0.0048283280999167,0.006319385254764351,0.00322713607678762,-0.060532515084919206,-1.5693508925048432,1.2683969350893756,2.103022726546902
-0.00739551991024248,0.004791794159417839,0.006408714538438247,0.0031253398739636636,-0.06292879271542673,-1.5181313156238778,1.3317464984322902,2.0489297267499933
-0.006828091868631839,0.004977272123537603,0.005866917905804973,0.0036213067324163133,-0.03425353683704795,-1.7416915578311956,0.9583940205381216,2.273274233621566
-0.00669848537476966,0.004975329294620595,0.005714527930558035,0.0036653068375287205,-0.02428633946906629,-1.7542693952250008,0.864506059187808,2.2703717896462803
-0.006573271161304787,0.004980078929743361,0.005570774529760064,0.0037094778059501878,-0.014589642809871834,-1.7636036893992169,0.7788317013484747,2.266783520586737
-0.00645242846447396,0.0049999326797525905,0.005437907863682378,0.0037644605462851355,-0.005545438262986231,-1.7739893469712118,0.7010946405309061,2.2680232765081776
-0.006353256246066764,0.005049688961569413,0.005338814405597021,0.003844794053426684,0.002763596822596132,-1.7930070038500614,0.6408865067410717,2.2867296924253497
-0.006247967823867145,0.005047908979179332,0.00521649146233043,0.003863124834782614,0.010724512724797382,-1.7873611219819379,0.5766090513484734,2.2683508076906436
-0.006137182411608935,0.005091655717523199,0.005100438083631348,0.003931174005689263,0.019089794668661123,-1.7962520375830089,0.5126291517655589,2.2730287527640396
-0.004334277148979829,0.005588784791448659,0.0032135147052238127,0.004386630359800325,0.09698307644788295,-1.5625780143448182,-0.156255581158647,1.8946906604335767
-0.004565011110029645,0.005532506534752147,0.0034402001704264347,0.004365939326588081,0.09537598702109763,-1.607732249340205,-0.1104017941674675,1.9590304766311721
-0.004777137114505026,0.005467091282479724,0.0036543748501762373,0.004327927890506182,0.09136821472861911,-1.6465670661280079,-0.05652545517342809,2.015502372078498
-0.004981504439365802,0.005403160814628923,0.003864390030468085,0.004284142855669539,0.08524880241212396,-1.6814125037468932,0.0041114357047741254,2.066117978231494
-0.0051630168097684045,0.005399294361297207,0.00405426224900863,0.004295021130821003,0.08136258998859029,-1.721523512834704,0.054203188486132696,2.1270270961858606
-0.006013515521259394,0.005149286438366494,0.004971271916496133,0.0040127644442612,0.029879677509536535,-1.8050169476782936,0.4418049207309737,2.278126386591325
-0.0052668475536986085,0.005298693809310168,0.004161994760836894,0.0041945346076092595,0.07314584976814634,-1.7198378241769263,0.1056396015284112,2.125561148137724
-0.005401787759424112,0.005293112477909995,0.004306454056184408,0.004193778081663276,0.0682653490939115,-1.746796792052864,0.15270072533186943,2.167342530824383
-0.00557825916839213,0.005297700942431294,0.004500623678510983,0.00420169640365426,0.061347961562678306,-1.7837253407595415,0.21839443896220082,2.227837571396286
-0.0057367449975245476,0.005228937289754518,0.004670095683241975,0.004122329249458354,0.04979191435150656,-1.7914079220053318,0.2970834926381302,2.2439445856330775
-0.005880373047943844,0.005189416430142406,0.0048266380156489,0.004070207806424823,0.03999259169583214,-1.8011601292885953,0.36966572332893083,2.2651157751237183
-0.0030470253377639545,0.00568899210610508,0.002093796546446263,0.004268533773505344,0.07663980437185282,-1.324590134588463,-0.23203111297391174,1.561059397061804
-0.0026502116689490246,0.005833212596420993,0.0017694528180580771,0.004317571771707929,0.07076367677489366,-1.262424965867673,-0.24252975563363496,1.478214218506755
-0.0016512707216974239,0.006186224766908923,0.0010238013702810512,0.004423102447624494,0.04989343427835528,-1.1233969860321469,-0.2068704077867041,1.291362130378664
-0.002179311921810661,0.005931466596057381,0.0014149751343249253,0.004320027075532301,0.061112401912867674,-1.198074592516109,-0.2270854945809437,1.3913112361868423
-0.00126170887225512,0.00569121617843106,8.170873165136661E-4,0.004060249464578967,0.04815832821216808,-1.1363676537700302,-0.12357763666390902,1.3043804257721454
9.75425634440369E-4,0.003806117512118592,-6.914210952964389E-4,0.002739554021648461,0.052486571846518094,-1.200977111317192,0.026287359198830733,1.3864964983791799
6.358049667092374E-4,0.004088121831952326,-4.468013311520715E-4,0.0029340872932082764,0.05148553939165532,-1.1887146374890345,0.022607363775798955,1.3708667727329054
-8.82284767451356E-4,0.005249999864789033,5.885127554987949E-4,0.0037438384947988067,0.04852702115058297,-1.1477346602960738,-0.06872450981556151,1.317799710988399
-4.510446949258515E-4,0.004733997291405644,3.0911240783799564E-4,0.0033809780125147715,0.0494669472982878,-1.1639545654111103,-0.025350761868963196,1.3378614144442713
9.582777308956905E-5,0.004169770080427039,-6.700710499946682E-5,0.0029867173518802717,0.05084331864288954,-1.181817616214161,0.0038489083593925733,1.3611803958992357
0.001129336604128319,0.003328827624408539,-8.076017592618849E-4,0.002399871805625123,0.051489160112675895,-1.209784711535358,0.01899291101785869,1.3978727234728627
-0.008477025590301921,0.004645795576752712,0.0073164208221430565,0.0020437490308388676,-0.02600384573579836,-0.8140893629927047,1.975125661705685,1.362028651347927
-0.008636604011580756,0.004609143348597382,0.007397557945431898,0.0018367234789748708,-0.005014374305190676,-0.6771829157224597,2.027968890406244,1.2187386616666986
-0.008569245631167458,0.004596000019875363,0.007337801599126664,0.0019042399607773035,-0.012647096196378065,-0.73272464463289,1.9862937029470273,1.2666251882104982
-0.008512638940069222,0.004587827591069648,0.007289171206701699,0.001961170726427451,-0.018498977696052157,-0.7783521371179963,1.9523313049622326,1.3069090718940748
-0.008714738834855316,0.004531589088562335,0.0073755499612792085,0.001694953204240671,0.009027492643707002,-0.605368469087376,2.006475041634387,1.122210753898531
-0.008659684014437643,0.004537355472442991,0.0073450330543532874,0.0017616607811279574,0.0016962781130040996,-0.6523883591603107,1.9864909903944403,1.1690726478253755
-0.00835176935599643,0.004655905101251608,0.007227168351121021,0.002186875121875744,-0.038333442602047525,-0.9154870838801603,1.913216839338346,1.461185594620791
-0.008411805224988122,0.004617374268961625,0.007239934835848062,0.0020926280474233,-0.03086964929171421,-0.8627388592563275,1.9199757309622274,1.3973219538444497
-0.008291741955375763,0.004596387721411355,0.007125334950584481,0.002200177765240282,-0.03885829104884408,-0.9505692690250679,1.838446432414916,1.4720635274357836
-0.008065402396788773,0.004696148134512715,0.007014382142559409,0.0025063102458005595,-0.05928411072015192,-1.1316503353460619,1.7633116516785179,1.6766041961873903
-0.007998639654027305,0.004681013937769139,0.006940171197614024,0.002553337397050055,-0.06044932311653305,-1.1717530837712202,1.7097830224108816,1.707518433782118
-0.00784802874660648,0.0046838240134688645,0.006799203477411736,0.0026855641313932826,-0.06342600130212438,-1.2640851796179777,1.609052746989498,1.7918320248378559
-0.007925116327967217,0.004674541416564245,0.0068658977128061285,0.0026117458584190597,-0.061875815404952385,-1.2158954259644201,1.6565293975823046,1.745183618246496
-0.007771889728479614,0.004694422619714892,0.006732631617365553,0.0027573811993478665,-0.06506289760734908,-1.3097931766099828,1.5615733942448615,1.836196050719647
-0.007703988687919076,0.004722253885852594,0.006685139909645912,0.00283805456401362,-0.06620227695232636,-1.3545480628243325,1.527905972552622,1.8857291157306306
-0.007795359864106091,0.004612490055664171,0.006694978157534229,0.002659142763882873,-0.05919676206337433,-1.271289064481368,1.5347773532329443,1.7722488461570982
-0.008109276739757445,0.004641636147181819,0.0070083412147866194,0.00241613745249707,-0.052974985631228155,-1.0890873537920915,1.757369714792042,1.6172533476434123
-0.008173765889785814,0.0046060982750554934,0.007034808157776804,0.0023240084683413885,-0.047504566647200965,-1.0371029373386775,1.7748698580491262,1.556301495025506
-0.008229292235647931,0.004543905339514086,0.007029159766207882,0.0022185350493362714,-0.03890151333441443,-0.9854916583054684,1.7684870944528248,1.486298241279278
-0.011582351482184661,-0.005114195203274772,0.007744928434583609,0.0025055861152765047,0.702269257878549,2.4813123439952243,-1.940567799233733,-1.5936006299715892
-0.011607120629402279,-0.0051195877723880096,0.007728254961819637,0.002542048201867437,0.7039794273247778,2.5049500363304578,-1.9215923595579198,-1.6153036503655738
-0.01250087650484026,0.015040025798036837,-0.006425088396438278,-0.0031822082824394626,0.13459149844895227,-1.5013814187537344,1.8898896265151368,2.2762472937184164
-0.012464849643154812,0.015085039914333,-0.006418473474517227,-0.0031048005844748097,0.13117735296337352,-1.458806656863819,1.9040744876336846,2.2198310935960275
-0.012562457542813297,0.015038113346297477,-0.006354179560277077,-0.003225397831884008,0.13190930136665077,-1.5310532614270096,1.8319898723935617,2.2923599309216
-0.012617583755703982,0.015027440296568807,-0.0062994254981597,-0.0032732401974236145,0.1310508327800263,-1.56108930898483,1.7838709593524353,2.314530861513408
-0.012673692322932511,0.01496997349365858,-0.006289099968379135,-0.0033772140269678124,0.1346356279285057,-1.6177964565999363,1.75045687186609,2.3850009969720483
-0.012764158149407762,0.014936723632226508,-0.006209185578487359,-0.0034703137149410626,0.1339031569608243,-1.6710354757185846,1.6728024603864287,2.4314442413395763
-0.01284584698614817,0.01490998304732924,-0.006131263420793151,-0.0035472483995716776,0.1329717407277662,-1.713694201233195,1.600016907662223,2.4657828418500105
-0.012385372335782165,0.015162710338260041,-0.006422549584173545,-0.0029605401161682515,0.12713283750531976,-1.3771363303536164,1.9399197842305245,2.117779377565125
-0.012354385181855573,0.015224561656923749,-0.006387155174132228,-0.002870574126500567,0.1217333890681358,-1.329082159628754,1.9376135190053518,2.04678719772289
-0.012457259958889027,0.015148570745942403,-0.006358064570970784,-0.0030272200250298855,0.12513058356036708,-1.4207539230669928,1.8827485663788275,2.1529637491751026
-0.012347354484578337,0.015318670615113937,-0.006289493146597638,-0.002766775464575276,0.11386310574831894,-1.2801601117906454,1.8975271738561637,1.9574210879852827
-0.012053278351663518,0.015468242432395089,-0.006401125190586705,-0.0023944799908271193,0.10987730386598028,-1.0473988705998767,2.043014330152628,1.7088193980698134
-0.012168417584559214,0.015467366595841112,-0.006296133126050056,-0.002487160290341428,0.10601156586653138,-1.1167372775788118,1.9604600827354306,1.7608572769208697
-0.01227184423563245,0.015426899424507612,-0.006244003617297897,-0.0026037343638376687,0.10688914730943397,-1.1908161291895636,1.904097043261693,1.8349547751263136
-0.01189387862666198,0.01568543085974735,-0.006273102398347475,-0.002078980844844093,0.09707174772562252,-0.8731401548766089,2.0199785243195163,1.4677806816503762
-0.011997329643756972,0.015584517725323566,-0.006310317072970771,-0.0022468190222326993,0.10303559746487294,-0.9707457099443539,2.014131200749094,1.5923008005466215
-0.011826070602520838,0.015839506254174907,-0.006138514275607094,-0.001907315147122333,0.08606522314440528,-0.7855738124176271,1.9686148937889334,1.3302785060893463
0.0033908003075180074,0.022437598594732083,7.01871937774545E-4,2.591641726978552E-4,0.25543851468306283,0.36812886671700135,-0.2301325319674856,-0.3483939689095494
0.0026807440764082743,0.021568234576124907,7.292071193989937E-4,4.713002484930731E-4,0.21573182703328864,0.4960516608814724,-0.18188065492891667,-0.4669276507255095
0.001584133978341014,0.020533985559332786,5.493718104380894E-4,8.058087114505997E-4,0.1688618284478289,0.6496290746905914,-0.10663391201627419,-0.6046184291284593
0.0019739171271516147,0.021309764103903332,5.765255106312396E-4,5.545139769943903E-4,0.20956747804481085,0.5400924515330302,-0.13314335254018284,-0.5076099518320687
-0.0010501999404692196,0.01760363789301738,-5.596516493864396E-4,0.0021121201310662393,0.0278313060424174,1.0311368544138573,0.0538703218771926,-0.9240781792895524
-0.0017894775987892246,0.01775728430817751,-9.415848308771806E-4,0.002020757858776739,0.030978964028874043,1.0239079730750678,0.10053708102360388,-0.9174729756247592
7.574144280439749E-4,0.020436499110967028,2.6834992876542777E-4,8.488499247382603E-4,0.1680577561662334,0.6669360355537428,-0.050469449746287386,-0.6206047109615768
-2.5850246720559195E-4,0.018271619625623726,-1.2778443504914703E-4,0.0017730749434914654,0.05977239493931408,0.9478529726149165,0.014864638578932029,-0.8567211678447446
4.1707103606995207E-4,0.019344588537187266,1.7822537415554445E-4,0.0012776337086927003,0.11108260239109459,0.8125002616175838,-0.026839188332822166,-0.7449354362018329
-0.003112623036469704,0.017227882839895396,-0.0017536248072830343,0.0022783588840124386,-0.002278072554250141,1.1390894168381578,0.18192428434300267,-1.006844521372571
-0.0025289257409842774,0.017914853650029258,-0.0013126669651376142,0.0019185569542267327,0.032560465231456996,1.016508864033088,0.15775904113866782,-0.9099820893794105
-0.0037234613900545143,0.017596466717563257,-0.002026136680537367,0.002033325644241308,0.00913978314233002,1.0980246830568812,0.2595641771219961,-0.9708703059613661
-0.0042979707651199335,0.017740810779475074,-0.0023072344894090667,0.0019058541469185715,0.011016838350113136,1.0825467517486596,0.33349383520241943,-0.9544938389000991
-0.004843732847265959,0.017707984381638925,-0.0026209043504664045,0.001863424025550861,0.007044474784064648,1.0970468911613074,0.40986007968812926,-0.9601310503062893
-0.0054052681198582106,0.01763498049770762,-0.0029634464190221098,0.0018210131247135208,0.0019710411031658333,1.1163622855236832,0.5025601622750191,-0.9670932467836063
-0.00592360222759673,0.017604899607807582,-0.0032660197441639004,0.0017380247176072524,0.0014623259397201927,1.1163458559587178,0.602785039155204,-0.9566375710175908
-0.006410015195376659,0.01757655997678914,-0.0035466904587066854,0.0016360771169495695,0.0021563784384605687,1.1041661968651486,0.708689508730055,-0.9331155729108763
-0.006782043306674597,0.017466000723224292,-0.0038129070570754957,0.0015871723390371128,0.0023488870360964475,1.1146844795524098,0.8057672210212281,-0.9261707867977608
-0.007802927719475664,0.017282702977686915,-0.004461102318394108,0.0012802670021134879,0.011635696761605073,1.0425717334358433,1.1062800671090185,-0.8123441956826952
-0.007140657861078538,0.01759250475550783,-0.0039127971601599235,0.001402939956928849,0.006855584898211235,1.033066156610981,0.8790232393497491,-0.8491266442919976
-0.0075666432218774865,0.01761187866140535,-0.004096904940106095,0.0012341704080594841,0.011835491450654071,0.9645938417075116,0.9804391547194292,-0.7739411407415898
-0.008347118039395349,0.017056813675051703,-0.004900354253608362,0.0010931902940819786,0.02182266123329005,1.0024472158321165,1.3214625384119258,-0.7268989596263181
-0.008176662116088147,0.017281657579866425,-0.004624852142825251,0.0010952091386466562,0.017839934880858912,0.9579071736249137,1.2090507763533658,-0.717979480183576
-0.008624964640383044,0.017041880703780946,-0.005021942978897443,9.307106315993133E-4,0.026387727082647087,0.9207230308559842,1.403676660871956,-0.6368027122262956
0.002767171663055417,0.023710348291532807,3.0688827402401085E-4,7.051192908691204E-5,0.35628054029477835,0.20097730895533347,-0.19925132820808364,-0.19306660488437052
0.0021891246502290414,0.025,0,0,0.47612987184297334,0.005150821321477111,-0.18125389614660622,-0.0026145464650924044
-0.010588714520407386,0.016537068975172767,-0.005825219252264295,-5.263300080491085E-4,0.059547691845679505,0.0727389956726745,1.9122434435793996,0.3300704333757662
-0.010763653622240481,0.016553581661905497,-0.005766819618360327,-6.700102103380277E-4,0.056392335514512844,-0.03748562922351261,1.88131627699433,0.43181635714128136
-0.010038432174413133,0.016770644444560986,-0.005593960952345538,-4.616083367399528E-5,0.0493334027912668,0.36276258483152857,1.7850312749003057,-0.0075554408777351425
-0.010413018336509521,0.016608007194439063,-0.005765864642304144,-3.659012289499191E-4,0.05686135282884242,0.17248979099508005,1.8810549965331589,0.2159010203856135
-0.01021632245934439,0.01673522768689746,-0.005630678217740003,-1.910818710832282E-4,0.05081090122437195,0.269267067920161,1.810416505719482,0.09220650526669315
-0.009006847153345926,0.016908661558243047,-0.005283502863851534,7.198218881537471E-4,0.03543713529368396,0.8294236215328231,1.5549682211166542,-0.5123110650570366
-0.00884669575000621,0.017039904243931033,-0.005097845590031109,7.894235642163109E-4,0.03050188003164394,0.8427543304862721,1.4619929431484366,-0.5528170881581834
-0.009268770020067619,0.016884935581593246,-0.00537589796035303,5.376150675475213E-4,0.04051893686875601,0.7242967118325538,1.6240505823545983,-0.3990425278576325
-0.009561088166609253,0.01692484917941893,-0.005383424260692563,3.1371825827338726E-4,0.041023995243942575,0.5730929456702483,1.6557340436511023,-0.25217214537327054
-0.009852653232860527,0.016887783514507808,-0.0054529222447214235,9.672655441742112E-5,0.04378916322243887,0.4354059042868715,1.7080288333981204,-0.10650400987220089
-0.011277545844541438,0.01619977308599755,-0.00602092529115002,-0.0012317371845140344,0.07199583932872665,-0.3710330660195354,1.9850322252865593,0.8411254570359114
-0.011419694077185391,0.016052465450893602,-0.006132971706207946,-0.0014288016369710303,0.08047143946595092,-0.4816733838961919,2.026656005488413,0.9903975002942259
-0.011600286336703026,0.016031429505497585,-0.006055916436019663,-0.001594683431830758,0.07713131073936369,-0.6008517775051451,1.9649568197536842,1.1030238338524205
-0.011756245378652838,0.015987716423279664,-0.006010404186268233,-0.0017495560813736565,0.07778868134200763,-0.7051476712204532,1.9189572801145223,1.2081083793314074
-0.011124464375720393,0.01634718249489247,-0.005904569841924878,-0.001038347310666386,0.06505160925488564,-0.2620688457751259,1.9366383301456178,0.6981700993256917
-0.010978858472181705,0.016562917217112297,-0.005695920621246346,-8.434123947306135E-4,0.05498694403673198,-0.16723928234997484,1.839933178351721,0.553859921106847
-0.01345088888337121,0.014224010667077916,-0.005772759218475963,-0.004714500400188555,0.17857403467259877,-2.24902358418414,0.9887829272405957,3.140277534009816
-0.01351715234291921,0.014234192980444278,-0.005665928010160933,-0.004704535168381165,0.17332526231398296,-2.23356712548227,0.9192696875629708,3.0931892993858656
-0.013422851649138822,0.01429253466262101,-0.005779180745120089,-0.004606200739569666,0.17236384886873035,-2.202925695181946,1.0310092652625276,3.0706962037293
-0.013161639376358407,0.014495290666793165,-0.0060402762303167585,-0.004245215085780401,0.16312792075138913,-2.056122039791249,1.330053072482693,2.9169155711904455
-0.013147442019207051,0.014555079497572461,-0.006017199142132339,-0.004154188761597362,0.1570130864137259,-2.0126233870998615,1.3429810502165234,2.8478449919084547
-0.013217408603057222,0.014470705651027474,-0.00597590930821556,-0.004297590827372781,0.16275071627928614,-2.078050474974393,1.2689484322829963,2.9317788171354384
-0.013333664379357872,0.014349243488398517,-0.005881477187582437,-0.0045057830173043855,0.1706631432637645,-2.1671561680014775,1.1350895075581342,3.040416006795585
-0.013390460542604505,0.0143391702412164,-0.005801912445300215,-0.004530959697522083,0.16797136578192953,-2.17207334280643,1.072367262888152,3.029014141146602
-0.013273596044133312,0.014441507610914247,-0.005912919401153575,-0.0043550817489387975,0.16302917361243943,-2.1012318936826215,1.2071062317871382,2.949716602063838
-0.013320306502613372,0.014409317727807486,-0.005864506636321527,-0.004413223088698536,0.16392011132312773,-2.1245140304305354,1.1548992712990827,2.9722658706811753
-0.013034454034880643,0.014650659767799648,-0.00610322293072274,-0.003978102563240459,0.15168064856086902,-1.9294295562812696,1.4562362284008115,2.7531229625690306
-0.013023767778752403,0.014726610469652552,-0.006056364857661534,-0.0038694560547445464,0.14387377829015577,-1.8760823749443054,1.4571676866538716,2.665714297414246
-0.01310460225343775,0.0146219667360164,-0.006027705778102222,-0.00404467596939605,0.15129973042872025,-1.9607123570691392,1.384420779122981,2.776405001635229
-0.012940091387067507,0.014818950121753428,-0.006090443844370307,-0.003710126927559471,0.1381692441593674,-1.7969707309038163,1.52694840815324,2.566344973619213
-0.012910440475770295,0.01488152214400056,-0.006074516229972149,-0.003615270968489391,0.1331189523391346,-1.749575236642031,1.5435300190368888,2.498010316668175
-0.013011561599376649,0.014807745301516934,-0.006006159292254999,-0.00375620563089491,0.13589825567540337,-1.8204403844473698,1.4573819023750083,2.5754781141989596
-0.013720734357219724,0.013973190037920363,-0.005454071460266056,-0.005106926673045378,0.19187161546143353,-2.3667505248155503,0.6277224774783964,3.2683732735466084
-0.01375685622995229,0.013949746183309842,-0.005404025178517395,-0.005139629934613575,0.19188243308003874,-2.370786535657914,0.581584463430242,3.267546067082357
-0.013726260667345983,0.014025423620003414,-0.005428664447792871,-0.0050244396660835315,0.18454978774223038,-2.330293027522666,0.6421655152079938,3.2042467050660846
-0.013603247961469262,0.014084138783691927,-0.005599609479522829,-0.004939167863527103,0.18596834432115708,-2.322183582658471,0.7892055795089572,3.220399091137135
-0.013669786867049722,0.014062711589942276,-0.005503710474059711,-0.004970418643014635,0.1839335191019859,-2.320974919934548,0.7127621760099052,3.201262279788533
-0.013602924048048113,0.01415950861448574,-0.005568835653766139,-0.004822128562457967,0.1767803106203318,-2.2703886931210184,0.8112752752115098,3.1319480222831597
-0.013590092993267324,0.014235279516937866,-0.005555037102776591,-0.004706812840831978,0.1690408105245543,-2.2213695096904362,0.8436432693516204,3.052250420075412
-0.014129101040505769,0.013474401700567998,-0.004865194208498281,-0.005783318176142506,0.22069968711298357,-2.473106226497482,-0.034188105842741116,3.4093864472067046
-0.013797509088613791,0.013929409485033135,-0.005345573760357347,-0.005165780149605896,0.1913922266098125,-2.370214027234978,0.5323892397452655,3.2583845863191967
-0.013982271261712063,0.013674998972879479,-0.005096914995105874,-0.005523730645368941,0.20863593171253134,-2.447122621257161,0.2249612552079617,3.367234383148159
-0.013950619723463849,0.013698769125321392,-0.005145198651510369,-0.00549607776613869,0.20845764387406907,-2.44888824293812,0.26795325081035315,3.373675670909658
-0.013930386289917492,0.013735608598533858,-0.005173205766142517,-0.005443299039050847,0.20525661849013174,-2.43663264230269,0.30791244545362856,3.3539464106564876
-0.013898206331550159,0.013768334437280197,-0.0052198263587357,-0.005399987430498133,0.2040754515734707,-2.4314394445113376,0.3559886165629765,3.3490975355129926
-0.01383631117815683,0.013909162550769766,-0.005289806810378047,-0.005190950231301881,0.1907783306634064,-2.369198678016734,0.4854224156504319,3.2494187554077194
-0.013877672679753955,0.013820115224543014,-0.005243545789830043,-0.005322692923409381,0.1987416240680687,-2.4085280295618428,0.4027879845791692,3.3112348121965742
-0.013870411748298426,0.013881744051777082,-0.0052426728623856805,-0.0052272652235866275,0.1916466292963905,-2.3735117349033272,0.4400890138071051,3.251091980140834
-0.014105154046069086,0.013550933171729779,-0.004906101071938957,-0.005673133270755993,0.21321150364596758,-2.4487493534838536,0.038934228748947856,3.3632342828367023
-0.014134920881212815,0.013529207805763827,-0.004858681470315288,-0.005694028186685155,0.21296268194483006,-2.4425713153196664,-2.890255716819743E-4,3.351481342205925
-0.014019151614230395,0.013692649808771046,-0.005037097600237182,-0.00548330096928166,0.2031355633106477,-2.4187587063558342,0.2026849061370172,3.312641566223232
-0.014082821821339978,0.013608828047460523,-0.004941145786272129,-0.005591353647289129,0.20778652226031186,-2.4311524049136035,0.09582158598449995,3.3311243397246852
-0.014059373783715884,0.013676408810842032,-0.004975264848114586,-0.005494582093741133,0.20154307512845251,-2.4073347322176946,0.15793544186428646,3.2891554749606624
-0.014208550750771962,0.013376768686564528,-0.004729853735119255,-0.005896697200992315,0.22488799640553306,-2.4686233985910664,-0.16916410813518742,3.4054148631923478
-0.0141692183079152,0.01344548688760275,-0.004799535502625026,-0.005809246873119495,0.22001256880562978,-2.4623009195955308,-0.08717120306709736,3.390071998298238
-0.014202017378657667,0.01341945184491033,-0.004745398862464696,-0.005833168378619581,0.21982384799829452,-2.4536894629969566,-0.13173238659960929,3.3753593986781625
-0.014250098712420334,0.013357519593267204,-0.004661993172256275,-0.005903405370266791,0.22282328157284728,-2.4494415520472352,-0.21468286102342046,3.3719108041601586
-0.014287886609447664,0.013324089773376818,-0.004597708415599182,-0.005933076596944273,0.22309504925256587,-2.437702366511324,-0.2676608976892843,3.3537754630701992
-0.014326749230940575,0.013290543350857147,-0.0045313363162892825,-0.0059608480101829495,0.22289458721614983,-2.4239693420318935,-0.32085405658966154,3.3328663642627796
-0.014427996236895831,0.013075031913224983,-0.004316803636819543,-0.006219042583764152,0.23752957299758132,-2.4200406116511455,-0.5672294977482316,3.359319667161004
-0.014369268423826206,0.013252911540042643,-0.004458112486148708,-0.005990983532360234,0.22269125474396925,-2.4079166609512526,-0.37875112891768975,3.309059339151331
-0.014404122715578558,0.013210792804432514,-0.004394781273197506,-0.006031313312192816,0.22387845943137405,-2.3972201931569717,-0.4349203714091425,3.2961584403348723
-0.014432842207981071,0.013129598172155855,-0.004327699605380617,-0.006133126142974441,0.23019953276330177,-2.401041864290995,-0.5211359932527354,3.315937156405488
-0.014433162355779332,0.013174111799096602,-0.004340872355508842,-0.006066166663072769,0.2249149454478419,-2.3875625587966613,-0.48286882024089695,3.2850298804188354
-0.014464021342861193,0.013001653359770639,-0.0042351214278638855,-0.006301367598400915,0.241964349287672,-2.4103635415651783,-0.6538331334737225,3.35757582598256
-0.014475267896753921,0.013051445304124804,-0.004237344707213993,-0.006217935309592827,0.2344026115921711,-2.3896928499253067,-0.613542464062613,3.3109194809932645
-0.014545838288021496,0.012882413173099697,-0.0040615791861485125,-0.006408956367020003,0.2455203703869358,-2.367814533675404,-0.8051670346579745,3.3119397319698995
-0.014496514597007319,0.012955119642392533,-0.004167322396151487,-0.0063441354414053444,0.24334018723503875,-2.394592463383749,-0.7136213730688526,3.340607918077733
-0.014534310997304494,0.01292851420855894,-0.004099783735121641,-0.0063513967558071,0.2412774237394461,-2.369296494336065,-0.7558459224939605,3.3029746073448356
-0.014571104486919598,0.012924996899743088,-0.004044554756022033,-0.006324877562985648,0.23703960807889474,-2.3401937045877013,-0.7749260025946932,3.253540263814885
-0.01497355451924468,0.011720150806975837,-0.0025551788044128614,-0.007391100274185621,0.2862873157288229,-1.769516777753145,-2.053666750379902,2.789327972695459
-0.014919936906338678,0.011793796450778594,-0.002694349881021955,-0.007392509464403829,0.2916336856302859,-1.8541808332505874,-1.9950275392526144,2.895855459652758
-0.014914351419525669,0.011831451119702357,-0.0027415778323502914,-0.0073591860513875585,0.28964594748062233,-1.8777643352180038,-1.9565273168374915,2.9138211181174296
-0.014951255145233261,0.011775324203979589,-0.002640086143612944,-0.007366083674541294,0.28674772510891794,-1.8177956182093447,-2.0042328522780903,2.8406465457908214
-0.014974008219771623,0.011753388558814285,-0.0025917395770015048,-0.007355617966576243,0.2837083552092116,-1.7872184046092383,-2.019099491956982,2.7986547809877216
-0.014881602355441614,0.011930538221139191,-0.0028834539916101328,-0.0072939083456183395,0.28830278340935056,-1.9518270221639116,-1.8579795335761742,2.985453069030066
-0.014901078282142554,0.011900516153931373,-0.002829877491955463,-0.007300679176176822,0.28690191908896007,-1.921601107958428,-1.8857211688027138,2.9489954348411516
-0.014924888648715485,0.01188971111391101,-0.0027916589303709754,-0.0072788624608872195,0.2831889775396583,-1.8959207853694893,-1.8911587998967634,2.9085878028775283
-0.014913500099223749,0.011968619167327776,-0.0028852903578178665,-0.007205128210459149,0.2791448926940048,-1.9394829219390832,-1.8098478377738447,2.939199379285906
-0.014871931236464232,0.012050819486001275,-0.0030148526063891483,-0.007165529913875112,0.2798134629484635,-2.00703310799673,-1.729251463571854,3.013567203897456
-0.014875388527835699,0.012095024282538258,-0.0030526953047410304,-0.007107791698636181,0.2752432998663535,-2.0187675720947365,-1.6812852810849577,3.010295869361997
-0.014900192649779452,0.012009197054565891,-0.0029409446384337573,-0.0071763296480596974,0.27812801825784567,-1.9668631383123503,-1.7693297584015537,2.9649645013834203
-0.01490764164482464,0.012041991622158469,-0.002964060746297803,-0.00712776425147664,0.27423653306207,-1.9723984007536046,-1.7332312631034197,2.956445809097787
-0.014939990046421069,0.011863908186765682,-0.0027477593889453753,-0.007285978352566975,0.28246501257643947,-1.8710682146721334,-1.914380544223104,2.879429052636555
-0.014777695796875179,0.01231494965201432,-0.0033686516573892614,-0.006955892841939687,0.2722014673439655,-2.1616500214281555,-1.4484213291256405,3.1542370389514933
-0.014773865923449769,0.012350808861177896,-0.0034026845930374755,-0.0069136156284226825,0.2689696349803922,-2.1712691556191035,-1.4096952618085876,3.1550940007423125
-0.014850212668482882,0.012196128662031,-0.0031753072072129543,-0.007016833704920248,0.2710101567608359,-2.070482573194505,-1.5754254470785929,3.049949195896191
-0.014900556064155602,0.012137557556570458,-0.0030615437104622475,-0.007023635475419324,0.2675287858329236,-2.0097284298147797,-1.6333960406204402,2.971952978545354
-0.014897187296844963,0.012189282936918006,-0.003111669703780974,-0.006965542144720761,0.26348562389041047,-2.0274513558448555,-1.5795034877523781,2.977453534285951
-0.014810471470126233,0.01229131676484121,-0.0033067972567513413,-0.006946421050943441,0.2687544440594469,-2.127730517432933,-1.4746346323362942,3.105407299134191
-0.014842348703515843,0.012253690269380741,-0.0032348387368907948,-0.006954841338162236,0.2668432125041614,-2.091472705373064,-1.5144644565432601,3.0591345839216144
-0.014657528683507115,0.012575424904841015,-0.00372547776917643,-0.006740565394296446,0.26431768915514403,-2.29493498487331,-1.1532672210790553,3.2806414664294405
-0.014667630784781682,0.012619386390879894,-0.003740069919301063,-0.006668368750232829,0.2577824422997219,-2.286441755925177,-1.1097163811035775,3.2502890707939573
-0.01478738072951442,0.012386669701818058,-0.003413140513327842,-0.006850651697731794,0.2633297366525149,-2.1646145716063923,-1.372364897660782,3.1278826368927124
-0.014704678021962073,0.012499642394752989,-0.003607882162058302,-0.0067940437301763626,0.2651062463190661,-2.2499216609185884,-1.2427963505075708,3.230745453093689
-0.014684476955568638,0.012539309632418462,-0.0036634888643486143,-0.00676170896719887,0.26368112880484534,-2.2699735564912564,-1.1971251819539608,3.2505441473688452
-0.01474494128316809,0.01249380723700889,-0.0035491237614238835,-0.006757088556405705,0.25943597302717536,-2.213801038462241,-1.2552496260971377,3.1702519102175986
-0.014770659361539965,0.012462666815567368,-0.003492319965649278,-0.006769796154835855,0.25835442653865787,-2.1884792792677445,-1.2911618472292972,3.1384804560653916
-0.014801181304627646,0.012433256188304922,-0.00343047789138713,-0.0067738182938814435,0.2565795771348642,-2.158652496516608,-1.3247466397361,3.0983745827065174
-0.014583767333935667,0.012834498643466773,-0.003982824710546015,-0.006444504118673691,0.2457361565561502,-2.343316384833532,-0.8668580414337946,3.282316370402196
-0.014627229664126861,0.012811063914408534,-0.0039084714028512725,-0.006437970888881125,0.24226441126001202,-2.3099865566183575,-0.9052894592967873,3.2313642907746685
-0.014644480144303399,0.012772321584426092,-0.003863316462275237,-0.006476599287041787,0.2443549534046423,-2.299231025764799,-0.9489235558491317,3.2238910053453
-0.01467534220780023,0.012671879703338561,-0.0037620549950894153,-0.006587195376162911,0.2509869435764509,-2.2786356368052822,-1.0579362649210753,3.2192180294651354
-0.014703080490923023,0.012638208938256202,-0.003702819420298866,-0.006605508691260534,0.2503862721569299,-2.2554123083617226,-1.0988000595458822,3.1903213002237827
-0.014661505022472689,0.012725945814793678,-0.003813355434070296,-0.006525407801738763,0.24711288458093605,-2.2881191907849665,-0.9999166505559035,3.2186282313880006
-0.015014545522634995,0.011472380293653587,-0.0022222242008135104,-0.007570758233529627,0.29293466141925983,-1.5813067854876095,-2.2856691915207183,2.6262956563850652
-0.015006659918831714,0.01150084957056196,-0.0022646173123580487,-0.007556944169076865,0.2929722965813278,-1.6070912894348344,-2.2617455350560465,2.652112837850479
-0.015062131169367072,0.011349216437432308,-0.002025468615881232,-0.007602005607392055,0.28919219478777897,-1.4558426722087123,-2.376056806341184,2.488634030522205
-0.015060959143002468,0.011381029897050447,-0.00206681528376106,-0.007576827292156723,0.2877257700665128,-1.4806076834351714,-2.3470366765136386,2.508193343577205
-0.01503799302706491,0.011452671305016026,-0.00217647065119768,-0.007550963123213599,0.28913789050024025,-1.5495409345973834,-2.292029286156763,2.5804533930906843
-0.015051670355457285,0.011416614654084918,-0.002119508865649243,-0.007560990003696769,0.2881321822714043,-1.5135088967383117,-2.3188663140195467,2.5412344733051797
-0.014993521099370702,0.011554040170277528,-0.002341764357808696,-0.007527187604310657,0.29277651178930114,-1.6530702491137321,-2.2150615498790915,2.6965621670098296
-0.014996302825389732,0.011582762409374253,-0.0023734239798413235,-0.007494895548238208,0.2902485015502904,-1.6693273588467323,-2.184692965503149,2.7041922160971805
-0.015015496627930157,0.011607546466884345,-0.0023838435540195924,-0.0074408136544592265,0.28503326474803564,-1.669465875593496,-2.150750597805462,2.684100606252531
-0.015017219275845142,0.011534570052726551,-0.002295648854906051,-0.00750837001913432,0.2889194558394459,-1.6214976667597847,-2.222785562869267,2.6510525416871484
-0.015001701957400145,0.011705274462241353,-0.0025094664992769133,-0.007364154212544735,0.2815432042909028,-1.7382016319276168,-2.0579270914692596,2.740726812261739
-0.01501687579621376,0.011673609154182868,-0.0024584531096731965,-0.007373308110270041,0.28079374252825845,-1.70789790908266,-2.083845085369625,2.706626527966369
-0.015040163256366833,0.011640079448237348,-0.002397286173250104,-0.007371200893408339,0.27811730200143603,-1.6697589632189855,-2.107360581969538,2.659081274331657
-0.015065683570647923,0.011287289351385729,-0.0019427574434860097,-0.00764741583115133,0.29097562518566256,-1.4050524517289553,-2.4310092301564197,2.4466283225169683
-0.015084357611151435,0.011323559847099885,-0.001974227788210232,-0.007586776318751681,0.2856271424716094,-1.4203616504731917,-2.3858583903335355,2.440883058184163
-0.015108730559656086,0.011159433099257647,-0.0017409591340393374,-0.007673523290922281,0.28682111832361007,-1.270619389410146,-2.5143680739156404,2.3007477251063233
-0.015084987363687337,0.01125003638531897,-0.0018787192197003701,-0.007644886112944921,0.2883606769359699,-1.3618094011193767,-2.4517953906645755,2.3950109271224456
-0.015111551844410383,0.011221830339706872,-0.0018212678338782983,-0.0076221702835573635,0.2840391334904822,-1.3211357584550365,-2.458540084935049,2.3388435864997525
-0.015130508041423175,0.01119126313261921,-0.0017670370581188393,-0.007613301680938807,0.28126202766576763,-1.2836750272743245,-2.471595641907736,2.292017746664726
-0.015119744943991879,0.011119947310694179,-0.0016801629164489647,-0.00768311093942803,0.2857730089696408,-1.2297237086786499,-2.539526082677717,2.257560484041282
-0.01515078242992256,0.011048367327979336,-0.001562349064613515,-0.007678650325593489,0.2812663751496421,-1.1479720122851924,-2.5740159672845198,2.1626593063656974
-0.01514017387651283,0.011084116912769412,-0.0016177667221402702,-0.007672957504342773,0.282504167323197,-1.185990276862982,-2.553540617944094,2.2035894013407002
-0.015154100022698942,0.011006516664282096,-0.0015032066529051954,-0.007699943290939827,0.2818062230228904,-1.1082671627199465,-2.6041804484116113,2.1262616445320437
-0.015170580683240559,0.010948583363491535,-0.0014134637426810998,-0.007706904198795759,0.2796811654162869,-1.0456782964556173,-2.6347341514770832,2.0587419547077506
-0.015173410953846809,0.01097827079868871,-0.0014525359391094127,-0.0076840437593583295,0.2781656899905784,-1.0716977899099085,-2.6101420273824405,2.0787502377118354
-0.015141608796122264,0.010180666860405693,-2.82760262659114E-4,-0.008042362139077235,0.2846745598076507,-0.2191726388757187,-3.094569482181347,1.316589667467743
-0.015139980469300894,0.010156668126950378,-2.454719133846295E-4,-0.008048192106840242,0.2847082424949568,-0.19033349143726144,-3.104473476711629,1.2897144605060147
-0.015153986182732133,0.010136413397400288,-2.1255801042953252E-4,-0.008023232903896964,0.281445399696495,-0.16428646212587303,-3.094532903610102,1.2523129787202103
-0.015162232220028965,0.010114822825129327,-1.7838237067577812E-4,-0.008009201773298584,0.2794793929409274,-0.13748303557787886,-3.0913854447036004,1.2190168733685185
-0.01516687336882857,0.010071195067786077,-1.1053978331548732E-4,-0.008002921575897985,0.27763918791633285,-0.08451831698479063,-3.0980067722227287,1.1627370021350225
-0.015172121154239628,0.010094940393424408,-1.469681759662222E-4,-0.007991645439081305,0.27695434749520387,-0.11280241909485915,-3.0854288822917892,1.1864087502553315
-0.015159576228683875,0.009940051027597333,9.283736845541446E-5,-0.008016959652206447,0.2760020599136646,0.07505963661329855,-3.1355389577830306,1.009352480428343
-0.015149220295820868,0.009989343420558752,1.6389239814175352E-5,-0.008038221754339955,0.27925164273738773,0.014761720055964602,-3.1385336200467724,1.0785992739448638
-0.015159219368935786,0.009965315341719967,5.3606811599650165E-5,-0.008018536909076225,0.2766260878432995,0.04418775929234056,-3.1313429956566696,1.0407294721170837
-0.01515849101346293,0.010014947962415017,-2.351783203737978E-5,-0.008020437312201126,0.27790788460506183,-0.016472569448255772,-3.121805564244125,1.102061427424804
-0.015161564141282129,0.010043700257308165,-6.811649940578925E-5,-0.00801406234561703,0.2780629714430571,-0.05138831954378718,-3.1113294870668136,1.1342814957612974
-0.01516602341103239,0.010199278149262872,-3.0854046665721753E-4,-0.00799328787525144,0.2802498793061181,-0.23825569272875205,-3.0598908367232576,1.314673479408021
-0.015033229473098687,0.008992759528240343,0.0015819445129941732,-0.007907568711479062,0.27076219974255483,1.275299318483327,-3.1445936723651453,-0.15763642208143172
-0.015018492673190336,0.008954059422506636,0.0016475793419652898,-0.00790738639777666,0.2723259995191208,1.3292752237388206,-3.143125243127191,-0.2049088892746431
-0.015028876600213693,0.008972460828178633,0.001613977878920885,-0.00790143506336488,0.2709632793869332,1.3012485997479697,-3.1397547446573797,-0.18293927565620513
-0.015058281286188075,0.009005993819499986,0.0015460212626951433,-0.007870737194673787,0.2671310620170005,1.2436107192732242,-3.119851679894423,-0.1452269546332773
-0.015068430412095185,0.009227230806489484,0.001217119681447017,-0.007985490686922588,0.27141765257445555,0.9799009695097226,-3.197625948159193,0.1386281772476314
-0.015074596483450603,0.009206573646858326,0.001244516021357327,-0.0079627519966713,0.26957248581183824,1.0013692313793727,-3.182748219994304,0.10948612461246698
-0.015070129895156728,0.009185888213185233,0.0012776209753624943,-0.007959702604612059,0.2698973550024537,1.0282606717712086,-3.1811027871458264,0.0839275758798823
-0.015071208095171271,0.009097489689334395,0.001406374636925064,-0.007905839219828523,0.26722943412652045,1.1310461109268772,-3.1451851040351575,-0.030898875678872374
-0.015079684447379687,0.009070386704689824,0.0014401683336068523,-0.007873433893933983,0.26515780584371446,1.157019723175777,-3.1229536612438937,-0.06758184749622198
-0.015075650486128618,0.009035156199372039,0.0014930565356373654,-0.00785832661791787,0.2649622207547224,1.1994080084316157,-3.1121022017623896,-0.11142855048080033
-0.015086668743817748,0.009009629110043514,0.0015219620462815237,-0.007821598691708766,0.262443655137434,1.2207467860077552,-3.0866866994549627,-0.14538939402245035
-0.015081856145808231,0.009166593595330416,0.0012994082409745625,-0.007926936480917706,0.26741274277728916,1.0446518871732782,-3.1591825488983027,0.055273758014409584
-0.01508078882605445,0.009116675015319698,0.0013727750910824987,-0.007899788603213545,0.26622730028251645,1.103224923450586,-3.1410947027083846,-0.00864668866673931
-0.015085545717411233,0.009142571028642044,0.0013323551062889413,-0.007906281913630582,0.2660505144778677,1.0705773976262407,-3.1454181350233585,0.023292988979881312
-0.015091608112874787,0.009381083544645003,9.739608322323944E-4,-0.00801559083461363,0.2719428633007959,0.7824497041465763,-3.2103257861392187,0.3320018779659364
-0.015091367796310786,0.009357756399877775,0.0010094883322705108,-0.00800586747163833,0.2713607333015186,0.811037647267953,-3.2053051620819284,0.3014527231057373
-0.015100186787375531,0.009333537721206134,0.001042067928912981,-0.007978223707156217,0.26907134396189963,0.8367639355715156,-3.1881077137741327,0.2658831503720149
-0.015080837119642383,0.00924586190479261,0.0011827927849031806,-0.007971927874831574,0.2697713910816248,0.9512237194340541,-3.1877892728361776,0.1587480710127411
-0.015084703393224147,0.009273828219904167,0.0011390510922310835,-0.007978883141686164,0.27002560208193854,0.9158196657948938,-3.1914201633556263,0.19388580131661626
-0.015090554682164631,0.009303357219016714,0.0010919241853742034,-0.007982291741806232,0.2698964114746234,0.8775334169730212,-3.1923988805338697,0.23027345592358944
-0.015159501428854645,0.009884742158789107,1.7867610991639584E-4,-0.008013621756763449,0.2745578190759352,0.14306184008539366,-3.1442296477795977,0.9407163068300325
-0.01515854488572986,0.009859240533742488,2.183003070138808E-4,-0.008013158780659833,0.2741877761889233,0.1744808181996986,-3.1486700793619904,0.9096226549906216
-0.015153749899948122,0.009828456812277573,2.6656042092501066E-4,-0.008018997586134962,0.27427620079114967,0.21281060876443286,-3.157926028085996,0.874601748331451
-0.01515852986731349,0.009797127560731497,3.1444807552746096E-4,-0.008005735215897057,0.27240247196228223,0.25077878690051114,-3.1547869124274914,0.8318164821719313
-0.015175727629801081,0.009910287758630357,1.37996953886787E-4,-0.007984423226256735,0.2723297270918406,0.110823652083773,-3.120872353613517,0.959859680716735
-0.015109016935657938,0.00948768046306355,8.042581288512226E-4,-0.00802408760568968,0.2721904440302201,0.6447110053879558,-3.2072841100771803,0.46369586570150384
-0.015109453279943735,0.009513265621895098,7.647915894076988E-4,-0.008032114821975743,0.27295914540291816,0.6129303410066723,-3.2101341954341214,0.4969723618324169
-0.0151559814182275,0.009767409622087116,3.6075446693937917E-4,-0.008006133505044394,0.27201337762729155,0.2876453501224088,-3.159904282253614,0.7961417910500468
-0.015129008387358596,0.009728954267251868,4.2517102299943543E-4,-0.008051296103554088,0.27594814868629,0.3396048900258665,-3.1952324739871147,0.7655766435964783
-0.015149408489052383,0.009742937525853425,3.9971012391862304E-4,-0.008014582629769501,0.2727090407711379,0.31885145983537005,-3.1692215439885105,0.769595481455503
-0.015130374564189869,0.009704637465017561,4.627642035711435E-4,-0.00804385555121223,0.27497341430585037,0.36971382451855844,-3.1940555531960393,0.7332968116324289
-0.015126588691623607,0.00967718455468721,5.06272474468601E-4,-0.008045251717495795,0.27493081413702103,0.4046301463002888,-3.1989311872487174,0.7003478962795179
-0.015115387116643841,0.009542609999817627,7.176600957063396E-4,-0.0080303374344488,0.2728518475323865,0.5747681265320478,-3.205885956136217,0.5321018188062206
-0.015112934282484844,0.009597134986702824,6.340747048164244E-4,-0.008051350710271549,0.2749911943323761,0.507688177036326,-3.213540499029751,0.6047479583916323
-0.015120145323890282,0.00956964176748492,6.745198063537965E-4,-0.008029512944570353,0.2727212485787709,0.5399481480941489,-3.2023457433992815,0.5646423306237317
-0.015127142205213676,0.009645395713202064,5.554814597326969E-4,-0.008036692603677708,0.273860316067524,0.4440350964383715,-3.197672865109318,0.6588898667058062
-0.015135746468537142,0.009614468449884808,6.010436798477986E-4,-0.008012234929444162,0.2712637297286266,0.4802870036804507,-3.1855885128086907,0.6137085081009858
-0.015130012220329551,0.009472952003780474,8.192091371824437E-4,-0.007978775263769935,0.2681427044654097,0.6557580549577188,-3.178464691915679,0.43380678780592336
-0.015120589314236927,0.009408468471244713,9.203904375942484E-4,-0.007971942556992602,0.2677538057725531,0.7375471688898693,-3.1790829668267624,0.354725474502612
-0.0151143276134466,0.009388238813348358,9.534980589836538E-4,-0.007975458935319688,0.2683700100914486,0.7645025525419474,-3.182848525170557,0.3312677716554995
-0.015144614659116866,0.009415851596820476,8.996856257488554E-4,-0.007929584071488664,0.26382034428213125,0.7194205084016912,-3.1503381284556955,0.3535325043216164
-0.015138984697537657,0.009437982439401433,8.686960459606128E-4,-0.007948790321527002,0.2656045272620282,0.6949197192990207,-3.161432610804735,0.384454101023675
-0.01514978360588361,0.00945581599073935,8.378471004730164E-4,-0.007935136002326716,0.2640552149126613,0.6695934249997985,-3.1509506482634406,0.4022713242425063
-0.015203056021380064,0.01046558592303979,-7.039777474428123E-4,-0.007866116541395076,0.2757487409303056,-0.5364419033103044,-2.906608169490287,1.570566627832491
-0.015193623369933146,0.010492263475508039,-7.464891440817454E-4,-0.007875299543440817,0.27800278999525646,-0.5686311141319452,-2.902902261916635,1.6084699847028392
-0.015192800240108424,0.010557849289205444,-8.438027717413177E-4,-0.007854575154495495,0.27827857400395484,-0.6404076006602765,-2.8688587476414535,1.6761694318654967
-0.015199627895520172,0.010520479126336468,-7.863290974415164E-4,-0.007855020598161807,0.276801055901637,-0.5977342171763218,-2.8820317121401047,1.6308455503700905
-0.015201110931727664,0.010624555174450425,-9.382609579327257E-4,-0.007814094672821388,0.2766792093235748,-0.7086234056587393,-2.8228358991964266,1.7325075823345937
-0.015218714627675484,0.010586933542436198,-8.768435601531118E-4,-0.0077966382339847,0.273239128896913,-0.6625526024212428,-2.827019556353234,1.675876454843463
-0.015194599778359104,0.010712003934527144,-0.0010674083659086978,-0.007788616556591605,0.27760823481096036,-0.8020312107505083,-2.776177521797426,1.823105998479973
-0.015200146230741873,0.010679480979094316,-0.0010181548716532097,-0.007793025280729565,0.2767542128168579,-0.7662979170600474,-2.7910253443823976,1.7861272421474745
-0.015220312173669743,0.010656716170448596,-9.768921744151146E-4,-0.0077663340623741915,0.27291572809069503,-0.7347842281579754,-2.78559279280122,1.741189452409305
-0.015174084147583849,0.010268322670818052,-4.133601072619791E-4,-0.007967386084513261,0.27979785946952385,-0.31858875763100114,-3.0253541945494096,1.3860898860371629
-0.015164291731230987,0.010306244710016675,-4.732886947306101E-4,-0.007978755187720116,0.28216209917083185,-0.3647514991337372,-3.0210860093817047,1.4387596622417609
-0.015178940086648177,0.010287685542503984,-4.420633465149315E-4,-0.007954678196293714,0.27886620990221783,-0.34026802344021306,-3.0123300084968374,1.4030491726671008
-0.015178728569212674,0.010333211416377509,-5.113985189107282E-4,-0.007945811930501949,0.27969217487344783,-0.39297442722485215,-2.9937613986707805,1.4539042893400425
-0.015191703940333456,0.010363087560412291,-5.53675940050356E-4,-0.00791468941722042,0.2774497689026221,-0.42433743713989375,-2.966721004215684,1.4733771461596874
-0.015203077354599815,0.010433854349855531,-6.567891602476416E-4,-0.007875270372429336,0.27580839742452196,-0.5012000455561446,-2.9220618967621537,1.537269621388476
-0.015205457916483516,0.010397965334014572,-6.026272223546512E-4,-0.007880473656119734,0.27505428909379326,-0.4604678462107471,-2.9363064956103098,1.496697156540568
-0.01518208011584956,0.010246938742400636,-3.793288306411194E-4,-0.00795585909712626,0.2777933536417129,-0.2921692013029839,-3.0245332481982588,1.3539144914953438
-0.015189129746125058,0.010222477644586756,-3.409285089541664E-4,-0.007946274109234994,0.2760624132545763,-0.2624713239729783,-3.02552099968446,1.3192979888867333
-0.01516178500985023,0.010909431996668493,-0.001364259586873941,-0.007745295458006284,0.28201650857122473,-1.0132167212925964,-2.6710788138329034,2.037985676240219
-0.015168192753833624,0.010866201408874412,-0.0013000210383316312,-0.007758356167778027,0.28143081951630533,-0.9682771878868015,-2.6967321713950057,1.9933038212804812
-0.015185279495960173,0.010830754863637354,-0.0012409176018280622,-0.007747139976363918,0.2783867038465528,-0.92535002797791,-2.706502057716433,1.9412876356091944
-0.015194912972085823,0.010799528227296197,-0.001191910879954892,-0.007746126702815247,0.27694088888612084,-0.8900434080209233,-2.7191183235747194,1.9020245432331497
-0.015204949357118119,0.010748922039364228,-0.0011153336488876073,-0.007752988332342031,0.275550399032374,-0.8350409175207378,-2.743131977931686,1.8445309786582962
-0.015207171910469292,0.010775956810407059,-0.001152545519354208,-0.007736052102648945,0.2745439021547176,-0.8610460691661419,-2.7236145813520367,1.8661012658184473
-0.015004611800917297,0.008893325784955233,0.0017438074956065907,-0.007887941014646722,0.2731000334506822,1.4072366521722912,-3.1268767420662,-0.28078588309910907
-0.015009924179445161,0.008871510202019532,0.001770316452589366,-0.00786169658900719,0.27177400019528625,1.4272205592204903,-3.1075904298517467,-0.3090243914489317
-0.015017841275312948,0.00891113779279088,0.0017088287356888927,-0.007877277510693705,0.27142960267285926,1.3776413250373312,-3.1205218884117603,-0.2596300862973195
-0.015023860818975596,0.00893309698501366,0.0016734349495056216,-0.007882461681616082,0.27079933770900283,1.348960286894326,-3.125154459929647,-0.2325185440567035
-0.015006622823405834,0.00884553987890385,0.0018089659937895357,-0.007847508337024025,0.271812692686183,1.4579533402920464,-3.096190054048631,-0.341404968952387
-0.01501092050695823,0.008816047403462363,0.0018461801389520382,-0.007816509680221977,0.2703857588725805,1.486138488349015,-3.0729314511557706,-0.3783619249442362
-0.015011877858684205,0.008787946104655359,0.0018837033586953055,-0.007792186139208272,0.2696930368004122,1.5150204848542137,-3.054110256440928,-0.41303422897641434
-0.014965086677165278,0.008738383057192147,0.0019900615600343973,-0.007833706034905645,0.27629639469362166,1.606147171398036,-3.0778213575075317,-0.4735019227775253
-0.014966061438268409,0.00871717092623853,0.002017900969059088,-0.007813647773879101,0.275730211351318,1.6273340290240108,-3.061959549306701,-0.49967568395302325
-0.014963900662091661,0.008698456712255756,0.002044921995282205,-0.0078010771094309235,0.27580119965346367,1.6484594078202874,-3.0513783012181577,-0.5226445070847942
-0.014959848867897417,0.008682476823314035,0.002069853675403313,-0.007794037453770177,0.2761352664148105,1.6683858255359454,-3.04478576891054,-0.5422919963725105
-0.014958184296406432,0.008664837341855953,0.0020947845657858046,-0.007781151895532593,0.2761244705660431,1.6877344054587127,-3.0339499687234217,-0.5638012997778099
-0.014947297003647766,0.00862315340766203,0.0021596232249170588,-0.007762017858334222,0.2772064840636601,1.739292579936621,-3.015731170193579,-0.6146803096151346
-0.01495491954877459,0.008644535025245724,0.002124550285780024,-0.007768442465650821,0.27628517105133915,1.711046008441474,-3.0228435710062773,-0.5884815932834239
-0.014962791357125011,0.00860013495527956,0.0021751449618663747,-0.007713960485370494,0.27457546381870374,1.7472452250865962,-2.980061765751905,-0.6406691049560865
-0.014959546959312205,0.008573428034016551,0.0022124572771912154,-0.00769446094573515,0.27467531143161245,1.77584277504916,-2.9631612640841456,-0.6721996536600278
-0.014951841512280137,0.00855010637353516,0.0022494766103125555,-0.007685343237345203,0.27556189470579223,1.805243361497052,-2.9535507574884083,-0.700191273326671
-0.014940166738549693,0.008531403852807805,0.0022844483196214575,-0.007687022680735278,0.27729992281258686,1.8341565501882129,-2.9517271306588873,-0.7234149860237911
-0.014938320172281938,0.008510213689918125,0.0023129208108549465,-0.0076693889797608125,0.2772236275506665,1.8555931357022744,-2.936491979553438,-0.7480310096428705
-0.01498722279369103,0.008749276778663781,0.0019564654577927556,-0.007803768050972277,0.2729143199563316,1.575836349014619,-3.058448114929472,-0.46013903850729715
-0.015011233025012324,0.008762049348577862,0.0019192039632320785,-0.007772102482620172,0.2693542759727676,1.5424879084383123,-3.0381927841578986,-0.4446385970878734
-0.014862492797113625,0.008405222882406041,0.0025211610577841495,-0.007688366984682285,0.2886423023919305,2.029366305044572,-2.9298768221375098,-0.8821707319705375
-0.014884053806514716,0.008415047507780776,0.0024861958846193097,-0.007662985881702003,0.2851945945124832,1.9972892664577053,-2.9149530134195185,-0.8662217159657609
-0.014931652700874994,0.008489283796226637,0.0023456800616011328,-0.007659838012872645,0.278176158029423,1.881375254283517,-2.9265863951308577,-0.7729743081398254
-0.01492290167283855,0.0084688669744268,0.002379811266390969,-0.007653961396172291,0.2792893884658693,1.9086970088452595,-2.9190988074602857,-0.7976608087627235
-0.014905930323940313,0.008450307239493207,0.002420059492439697,-0.007663332609925986,0.2819649973813086,1.9428966522031652,-2.921920524720686,-0.8219135098540721
-0.014907419204511245,0.008425224571453505,0.0024492989905890174,-0.007634951098462801,0.2813554522141138,1.9634594066381312,-2.898339568246289,-0.8497321263891919
-0.014782785570262363,0.008187594188055352,0.0028681832801700185,-0.007569932802232344,0.3012225736709179,2.2988127797204445,-2.7997841677143964,-1.1421183770517744
-0.01479859952911614,0.008190913732108656,0.0028455287853568494,-0.007549055569494129,0.298545275922877,2.2768140797933496,-2.7872240857542865,-1.1328576535802404
-0.014780766764910741,0.008171660323344591,0.0028884637772084248,-0.007553890041245104,0.30154713755992196,2.3129537853037374,-2.7849010418533418,-1.1592691378283055
-0.014777728122098488,0.008156846923198893,0.0029086093947614127,-0.0075406739138088805,0.3021207823520489,2.3273756387567524,-2.7721308788239654,-1.1755041521802647
-0.014741456211738389,0.008023527917993314,0.003096463504530428,-0.007429471992554146,0.3087293743781227,2.462021521951836,-2.659727883467155,-1.3206332725747385
-0.01474460040591176,0.008047949845768457,0.0030670827543719118,-0.007455912193295591,0.3081700626244874,2.4428644529060506,-2.6843834557414086,-1.2963244509782716
-0.014755446670823472,0.008068336113583896,0.0030319362604798385,-0.00746535735549356,0.3061824413959335,2.4157646074468135,-2.69701065128358,-1.2720374139789896
-0.014763453191179552,0.00808645963321765,0.0030026728103847416,-0.0074759311871107825,0.3047033906041659,2.393664124319479,-2.7094828294418183,-1.2511071475303661
-0.014772345161154703,0.008104548061518977,0.002972269124610568,-0.007484855013633521,0.30313426389078707,2.370266977637104,-2.7208086756475307,-1.2297222684415379
-0.01477916894680934,0.008125332203061239,0.002941407244202573,-0.007499982271556978,0.30190856201552635,2.3475627838883635,-2.7367531649134977,-1.206501488657348
-0.014784777108977923,0.008143189231592813,0.0029150833611431906,-0.007513134056157775,0.30087538407323583,2.328153588544941,-2.750454650983845,-1.186498436165933
-0.014806592231940849,0.008202358483873837,0.0028231797890883622,-0.007550087756479512,0.29716670536415807,2.258598429072055,-2.7910385035382066,-1.1181905024953191
-0.014862796885460472,0.008382333523892236,0.0025487816669559626,-0.007663237483248241,0.28841831366699516,2.0489050068923995,-2.9084349099684856,-0.9078253647594713
-0.014861283606981501,0.008360472018881293,0.002576831468908551,-0.007641996209345125,0.2885001003846099,2.069221605529433,-2.889704264248374,-0.9324744655506162
-0.014857074759492342,0.008339492915463886,0.0026065462451031964,-0.007625887363066873,0.2890938057745323,2.0915018739271116,-2.8744584903584456,-0.9566125083570106
-0.014850891698524384,0.00831989048788534,0.0026366501213522203,-0.007614238876767453,0.29003203896321134,2.114660147176105,-2.8623504151388524,-0.9796527508458134
-0.014845411705595252,0.008300156704983434,0.0026660014280226675,-0.007601034364636799,0.2908440729611526,2.1369645408340125,-2.849063202643949,-1.002551033638756
-0.014839857402015006,0.008278850278024148,0.0026971293140464823,-0.00758590483054044,0.29167387706016945,2.160408930703664,-2.834041305657809,-1.0270174462915722
-0.014832420892255829,0.008257073380290438,0.0027307927466634248,-0.007572941009473846,0.29288151541893687,2.186171895876242,-2.8201943535040903,-1.0524089744562526
-0.014815543252572753,0.008218013740515449,0.002794963088151151,-0.007554415937241431,0.2956571583691536,2.2360890857603124,-2.798055792092049,-1.0988611151634375
-0.014824255760984277,0.00823646350483952,0.002763830954186835,-0.007562143305228545,0.29420733021431983,2.2116965543696305,-2.807911784733746,-1.0767017355185382
-0.014684238814974214,0.007952122153741357,0.003243750581181585,-0.007420384844987611,0.31943749603644805,2.580990060692383,-2.6282850160758993,-1.4141515395962545
-0.014712610380477336,0.007992888984935593,0.003165155459395563,-0.007432596748115672,0.3140318353723189,2.5189070939523392,-2.6508532490656944,-1.362809324761087
-0.014707418224523159,0.007972437993058513,0.00319266743823579,-0.007413428750477271,0.3150739912931472,2.5377129142366246,-2.6316594589404683,-1.3840153791740872
-0.01470035969483715,0.007957422174767968,0.0032170299666075724,-0.007403929044542315,0.316480706952223,2.555773056156197,-2.6202842310482843,-1.4010941500243002
-0.014738681583974516,0.00799964779880741,0.0031244697984981824,-0.007402928391080124,0.30937624853066886,2.47994387894613,-2.6350536500500747,-1.3439405023196687
-0.01468263449945999,0.007933787329851368,0.00326408616268458,-0.007398176955649855,0.3198358504783037,2.593180615237229,-2.6077284150734354,-1.4313586203621886
-0.014622160106234959,0.007802490696618643,0.0034716954629578117,-0.007302898292068579,0.3322334311598818,2.7424850262985725,-2.4961551979457854,-1.5760450320372
-0.014680647399514317,0.00791264791393956,0.0032874545182338065,-0.007372624434226013,0.32031951479869086,2.6070815331654837,-2.5840368040787283,-1.4509489197756915
-0.01467653585573021,0.007890626048760615,0.003314264549824964,-0.007348740195401875,0.32124411175819767,2.624004388062264,-2.5609419267597606,-1.4721001330191592
-0.014669696606093385,0.007869157187445552,0.0033439913269531067,-0.007329224310086718,0.32271743687720095,2.6441132610400344,-2.5405670351908185,-1.493992232573321
-0.01466055995073756,0.007848941444552645,0.0033754850627985057,-0.007314355035486621,0.3245058252119675,2.6665524289390494,-2.5233276619725484,-1.5159037671125264
-0.014649443630692982,0.007834328506233851,0.0034044033025545997,-0.0073096722022031515,0.3268740901194795,2.6890735652693225,-2.5142779203721544,-1.5342553628047175
-0.014644519246861295,0.007814202073140554,0.0034297223920764404,-0.007288545160975449,0.3278697624093339,2.704995408286656,-2.4932095808371613,-1.5533695495792943
-0.014541044016104865,0.007645503830412193,0.0037241621937712413,-0.0071831216946939835,0.34982368987418117,2.9187537906825836,-2.351297738064433,-1.7446164666771848
-0.014620079385001088,0.007781172371549148,0.0034938398483191336,-0.007275647429735597,0.33286315282805484,2.754252651910212,-2.470785643249761,-1.5941014367731692
-0.014616110841287317,0.007758309795655019,0.0035197242875765413,-0.007248611049710265,0.3338013501241393,2.768957882304164,-2.444788161892184,-1.614123374025467
-0.01460885495377479,0.0077375122671660915,0.0035481989984829086,-0.007228694534670771,0.33545971788982015,2.787305701594743,-2.4236822196550896,-1.6342923151762652
-0.014599479219012236,0.007718719739481129,0.0035777876054479724,-0.007214195600722505,0.33744028752321326,2.807810254829828,-2.4064089434238007,-1.6541300443131475
-0.014589862835713136,0.0076999981853647015,0.0036075299948196992,-0.007199842568451736,0.3394953676427239,2.828375296735023,-2.3891620110960186,-1.673880043181688
-0.014577808264154666,0.00768666874495863,0.003636207323320393,-0.007196234305217637,0.3421174284777919,2.850725615801942,-2.3803448645780905,-1.6912728445090708
-0.014559467785855,0.0076537370279598435,0.003690209886696085,-0.007171693267714605,0.346163058635897,2.888223384924253,-2.349786574830389,-1.726455995649909
-0.014573626422552192,0.0076686367809113455,0.00365723348250835,-0.0071753470559871415,0.34289155818467765,2.862498086300651,-2.3597086633468134,-1.7066972069841722
-0.014540795870485767,0.007624301515283161,0.0037415268371019006,-0.007151872789393765,0.35017235284480047,2.9246230072830293,-2.323157018534904,-1.7590709342560922
-0.01452488006222343,0.0075947966328038805,0.0037885035470667443,-0.007127706354384669,0.35381138393969813,2.9561209503478207,-2.2939034439603194,-1.789396206610338
-0.01453939348171744,0.007604885347467486,0.003758913519834524,-0.0071246948504376465,0.3505839889703217,2.9314055681628686,-2.2982009236618968,-1.7727286725576619
-0.014497481184002688,0.007568172491257662,0.003850393677154753,-0.007121350948860871,0.35973984749230287,3.004494621926867,-2.274843195643292,-1.8257854838370766
-0.014523990000653287,0.007572216196933335,0.003807161269958953,-0.007094842082977281,0.3541351139034092,2.9621663277358388,-2.264121654253259,-1.8042352558991268
-0.01449701426074193,0.007542771246818331,0.0038701296264233615,-0.007083166318249506,0.3600891124389738,3.0096695916637306,-2.2404996123896717,-1.8415962690719796
-0.014495086799746083,0.007524427929772204,0.0038865358323181415,-0.007057477165747049,0.3606282563836505,3.0155057110319223,-2.216683050232848,-1.8537857203143584
-0.014484529150726875,0.007515523034824505,0.0039091671230818015,-0.007056468523161783,0.3630578430582883,3.0334412470346463,-2.2105386140975503,-1.8667339088213915
-0.014456561830478974,0.007462110168219806,0.003989993424687171,-0.007006747218812212,0.36960029373545045,3.0838007587944714,-2.1522614124368498,-1.9173488522774096
-0.014473214963619805,0.007474488834098175,0.003955624541437236,-0.007006593937019265,0.3658004579070057,3.0560732558869956,-2.1605416855846222,-1.8980615260093538
-0.014481331727263439,0.007498072349896397,0.00392656793483688,-0.0070334304552473895,0.3638825285397789,3.040690065096914,-2.1883938792028084,-1.8790225408296213
-0.014452115418020037,0.007446066534101226,0.004007819976950812,-0.006986867078490354,0.37062137083855223,3.092042596079967,-2.132374606683427,-1.9291431518350615
-0.014441566438382384,0.0074332567854763585,0.004032899430953876,-0.006978882843764844,0.37325311713804404,3.1096927795497633,-2.119897531265398,-1.9438162334135192
-0.014388518517923986,0.00737789473116856,0.0041527781945862935,-0.006950457303092571,0.3855083231342688,3.196931231252586,-2.0672148409024307,-2.01236705498073
-0.014378649301292686,0.007364260997485073,0.004177102186234402,-0.006939345041954184,0.3878541817956163,3.212835064063723,-2.0521767402141298,-2.0265025127433067
-0.014368729547702398,0.007353234528842622,0.004199856271303949,-0.0069323209087418765,0.3902237421413758,3.228807074003749,-2.0407055215649557,-2.039429177405337
-0.014438351855586978,0.007416433676640313,0.004049022711769631,-0.0069561338213688815,0.3739577920768847,3.1155601494854372,-2.0981005909838397,-1.954714425999066
-0.014422698637066802,0.0073973767868607074,0.004086005744084222,-0.006943644131189241,0.37767517009975327,3.1411577587246597,-2.0789696061542737,-1.9761441006072784
-0.014410701643570625,0.0073758242319222145,0.004118649411809717,-0.006922754553773663,0.38057008078774596,3.160500678007772,-2.054322152328904,-1.9956129504669156
-0.014183504659917596,0.0070639181764695054,0.004652943023845482,-0.006629515447167378,0.4363196970769166,3.477186689362948,-1.6739695497044005,-2.285811138595627
-0.01417208326550163,0.007045898799893338,0.004679342906022443,-0.006608348342485041,0.4392090654901923,3.489262291901811,-1.649271921216675,-2.2987643226312895
-0.01415948129726349,0.007026560003013164,0.004708043870492875,-0.006585649996854359,0.4423815572354601,3.502340859454882,-1.6226428946293285,-2.3126221119380035
-0.014202249550139153,0.007064487040974847,0.0046207619968752275,-0.00661437191675954,0.43155714899052156,3.445563499389472,-1.6722293326875757,-2.269126522844794
-0.014215201105653014,0.007076723270890964,0.004593958033663613,-0.0066239003791565545,0.4281333143001476,3.4283822584790697,-1.6878551145490814,-2.255644400384883
-0.014222240104700088,0.007091072644214833,0.004576229056164613,-0.006641982327817965,0.4265653186565813,3.4217234311193763,-1.7072478395500563,-2.2468203000589364
-0.014367408100959303,0.007337740501742726,0.004211300126565621,-0.006908665560796984,0.3906276735502041,3.2300532370531925,-2.019051383301555,-2.0472108678579732
-0.014361727652307095,0.007321925223027364,0.004229834330068614,-0.006889101514468669,0.39207000852704393,3.2382823809782932,-1.9988310614737224,-2.058436523923755
-0.014364521777781898,0.007301396050011642,0.004237170435134426,-0.006852915869489872,0.39163591028825895,3.2317657113171196,-1.9685108298581595,-2.064395850355316
-0.014232743426128,0.007135997228875039,0.004539280902347085,-0.0067084795144725555,0.42391525952411296,3.4189742078608525,-1.7700622296939683,-2.2280803986921094
-0.014238156247370522,0.007151441048192184,0.004523216000110285,-0.00672959345872616,0.4227048211619307,3.4144426339905776,-1.7913528699013959,-2.2196106476079547
-0.014250558725506275,0.007161892692164977,0.004497509115947381,-0.0067356480301777035,0.4194715835799662,3.3963103780535513,-1.8036646194776773,-2.206154971787072
-0.014236602942560656,0.007101092360947689,0.0045478482227232905,-0.006646132618727255,0.42287882673829863,3.401012908474359,-1.7190968655347552,-2.2322971114697485
-0.014247493879560766,0.007118060082983173,0.004522307191705373,-0.006664838625254881,0.42019383449814557,3.3883098486993752,-1.7412400745929053,-2.2192652447471453
-0.014264308831406208,0.007178997853425427,0.004466388302675934,-0.006751383799648391,0.4160495965825509,3.377556433330948,-1.8250639587687996,-2.1896675000545645
-0.014282286236843708,0.007190013976470465,0.004431062146773546,-0.006752594758384289,0.4116203930226396,3.3499175126590464,-1.8362140855437876,-2.171098656573633
-0.014295396275658435,0.007227641066762405,0.0043904612605686994,-0.0068023557632978585,0.4082599826394277,3.336032855045048,-1.8867224649407814,-2.148424068269495
-0.0142881747573168,0.0072076819607039405,0.004412556464219738,-0.006776286100236618,0.4100566873474805,3.344033060948276,-1.860005305058919,-2.160841452368874
-0.01435392251485106,0.007279927390936438,0.004266432087111564,-0.006829122047921451,0.394187963121881,3.2468111639017008,-1.9420434574563312,-2.0812631805479054
-0.014315914142870395,0.007229438668359411,0.0043556305267633795,-0.006785008604809931,0.4034359891812838,3.3019641532540818,-1.8829711166362064,-2.130478333746114
-0.014342614454722152,0.007261443213329128,0.00429496281818309,-0.006810624754306784,0.39693438530878283,3.2629765939442987,-1.9198281492527773,-2.0973047045957016
-0.014330506507695415,0.0072438064752703285,0.004324173099308193,-0.0067940418668153675,0.39984656863435725,3.2802494489453164,-1.8988267523626907,-2.1134801497382063
-0.014133700238697706,0.006991679912119509,0.004764470459162378,-0.006546431992145074,0.4489604804390001,3.5299641387033867,-1.5742620009682264,-2.339480677031636
-0.01412056070369238,0.006977767664092413,0.004791719558272147,-0.006532730118894082,0.45234718000726065,3.54541301094431,-1.554864830199776,-2.3524371833601063
-0.014108763707499836,0.0069669677472942075,0.004815585284403088,-0.006523162950604791,0.45538450782635376,3.5599776706515085,-1.5397182444020263,-2.363816812961586
-0.014104838417716016,0.006948071139955551,0.004828086263037206,-0.006493315825557082,0.4561413519852007,3.5564872455271304,-1.512548320740804,-2.368426817529722
-0.014089831751619175,0.006930103477867135,0.004859352856790486,-0.006473345482015786,0.4599743990616249,3.5720053456325362,-1.4868114669068593,-2.382625385616176
-0.014158758173698096,0.006987331219825012,0.004722816070824716,-0.006518954189833323,0.44219470237310743,3.485415389315109,-1.5665695267788828,-2.317510781023627
-0.01417323211033676,0.007005029740116721,0.004692080911647574,-0.006537503190952671,0.4385715299481823,3.469355696298702,-1.5906391565569533,-2.3029154978271342
-0.01405294472237541,0.00689055914724253,0.004934238395443111,-0.006430967580981722,0.4695518214849373,3.6111292455414783,-1.4290748608940982,-2.416223978365486
-0.014064303323829503,0.006900462525446831,0.004911851820922064,-0.00644023609621923,0.4665558503231623,3.5979221368731475,-1.4437729552585192,-2.406039251416129
-0.014076700792836233,0.006914600086515149,0.004886492953980129,-0.0064559827394212255,0.4633883514276857,3.5853440342909324,-1.464398639227766,-2.3947837943223598
-0.014049464249332408,0.0068754513220481185,0.004943961603595413,-0.006406904320878555,0.4701984750874078,3.6074297642388626,-1.407287207098442,-2.419062760521134
-0.014043305873280837,0.006854866940894676,0.0049594406979961815,-0.0063750907686624,0.47143720596880584,3.604477457358184,-1.377704758401103,-2.4238749387473035
-0.014018960124403538,0.0068200206332036115,0.0050093418613916365,-0.006330234187766838,0.47746382370870305,3.621650707972083,-1.3263546100200923,-2.4435475731041874
-0.014033114844775728,0.006835234226991893,0.004981484500420793,-0.00634758820045911,0.4738477731328868,3.60846326212237,-1.3492034579326202,-2.4319545906478073
-0.01402106354926186,0.006795204439779166,0.005010318750817241,-0.006285482685818177,0.4761885815735827,3.600550843900245,-1.2923135480111105,-2.439442284201828
-0.014008605550121324,0.006772300355157842,0.005036006917023436,-0.006253331471409288,0.47892881178222674,3.6044273430467375,-1.2591610739566592,-2.447984805084479
-0.013995446852374383,0.0067543189627031685,0.005061802842759284,-0.006229959909468952,0.48211926763061536,3.612497667790169,-1.2324906544352068,-2.4573061199146924
-0.013981536411474503,0.006737824412591093,0.005088473711086171,-0.0062093853344784245,0.48553815637743164,3.6224998028557693,-1.2074956642660808,-2.467188568647698
-0.013934941384268219,0.006715148715916564,0.005173156935408758,-0.006196036004699642,0.49827363190504176,3.6804356913304797,-1.166448837570977,-2.5045010482520347
-0.013871945897468353,0.0066295354713247975,0.005290927143772556,-0.006076960778582667,0.5131598159121723,3.706929485119409,-1.034083839343489,-2.540204099215137
-0.013884182841389854,0.006642104002303334,0.005268703784123804,-0.006093296792155111,0.5101241807622784,3.698910758609308,-1.0545752308416105,-2.532872980643056
-0.013896802799007799,0.00665710964438222,0.005245532388718654,-0.006113569594628739,0.5070092885386438,3.692204194915782,-1.07828259998832,-2.5256086937783304
-0.013910624211087167,0.0066735063744322995,0.005219967570225564,-0.006135481686363574,0.5037813630314681,3.6844031203080214,-1.1041284941126743,-2.517330001455225
-0.013924598949277842,0.006692911360109307,0.005193645867313377,-0.006162380311554408,0.5004210147268955,3.6785419419999683,-1.1338328804530136,-2.5092580896465333
-0.013877179124690397,0.006613186579418111,0.005282301854680041,-0.0060456296460206,0.5107669298074587,3.6834024693649297,-1.0146245176755262,-2.531256784122163
-0.013869719752799485,0.006598257621630404,0.005295867340834845,-0.0060228276942982314,0.5121883281318356,3.681099258166291,-0.9928228027029959,-2.5334136306564985
-0.013962347345595722,0.0067178754056857574,0.00512460973870242,-0.00618550570553506,0.4904228633312323,3.6378734422419003,-1.1765971455940376,-2.480809123043009
-0.0110837685192315,0.004944038568328285,0.007933904692739207,-0.001697437433757517,0.6036308901199493,1.8978092757909406,2.189800864881693,-1.105192412476194
-0.011167373312031412,0.004948096557488938,0.007885430194172621,-0.0018181409834281258,0.6140438533325138,1.9770012957286347,2.13921829191928,-1.1822301090804004
-0.011136922182854116,0.004936794638550418,0.007892609916955978,-0.0017681792118898413,0.6064191985006947,1.9401892034220254,2.150037321731997,-1.1519688992782617
-0.011109555592827806,0.004926234982201357,0.007898151150093026,-0.0017230333602617149,0.5991714940225865,1.9067282185069054,2.1589670882351286,-1.124639045862435
-0.01132313833782326,0.0049999293964362625,0.007833433972647817,-0.002069077722030624,0.6473656187549258,2.1583866279486945,2.069963889796856,-1.3344478583784218
-0.011298925423081842,0.004986806441590815,0.007836885269509779,-0.002026488301465829,0.6404121355173272,2.1255620381000284,2.0776927521547752,-1.3092550082092378
-0.011272501581193117,0.004977210592354939,0.007845449963623364,-0.001983498769812494,0.6346259433619258,2.094303105860199,2.089460220768329,-1.2833416114899006
-0.011246003152444391,0.004967325609264843,0.00785332863781102,-0.0019401624778893898,0.6286891513276389,2.062538221601223,2.100581438427574,-1.2571665659645743
-0.011217615769086703,0.0049605285295329414,0.00786549856736239,-0.001896332266699801,0.6235029568916722,2.0319957400860207,2.1150560960979026,-1.230300222495675
-0.0111990693943797,0.004930742235610912,0.007845264162686565,-0.0018505614686101684,0.6098842085666863,1.9894798335389277,2.10396354924497,-1.205441145432254
-0.01163885312211526,0.005083228206765716,0.007660097342762399,-0.002548315962312426,0.6870711817754495,2.482591093960631,1.8667122854579403,-1.6206348255538288
-0.011348703212272167,0.0049811071640191796,0.0077936140427355876,-0.002089329828148794,0.6407666985476919,2.160849777452056,2.0359175949331014,-1.3494827533096225
-0.011374397518312044,0.004991744611778432,0.007785570469365555,-0.0021316601740845147,0.6463032450308103,2.191819137002611,2.024342364298168,-1.3746703974324097
-0.0113951625128388,0.0050082624061408496,0.007787404074282347,-0.0021720649652266937,0.6541825577281458,2.224851669602507,2.02067895038613,-1.398032207121441
-0.011423215029732457,0.00501096594955718,0.0077681186227536786,-0.002211239950422664,0.6560865830948659,2.2494718287449165,2.0003580171286672,-1.4220794438095383
-0.011607632085297649,0.005079112210830107,0.0076842356989306315,-0.002505820056319913,0.6861764079853933,2.4572971637316265,1.8923263497661902,-1.5957435790253744
-0.011458270918315609,0.005013609802709246,0.0077426249020986415,-0.0022591257485717084,0.6580500650323887,2.2788177485558934,1.9739037201210432,-1.4513256828439476
-0.011488695342758518,0.005028670380179164,0.0077337004861009065,-0.00231092195487893,0.664949964464517,2.3174539060466195,1.959808709980315,-1.4817715420711093
-0.011576796320770636,0.005061662920937267,0.007693224649307045,-0.0024515390654499384,0.6790493091723223,2.416372871291383,1.907658552965873,-1.5643415116131771
-0.011518717018790267,0.005037815369208529,0.007718185752531334,-0.0023571754619067567,0.6690743073766708,2.349103616969473,1.9410821440452828,-1.5091398124966433
-0.011548234763434294,0.005048501351510818,0.007704224775830171,-0.002403934364249851,0.6736280071822436,2.381806440771569,1.9233522593716705,-1.5366204695689278
-0.012426689414069924,0.005470498645899535,0.007140079641588013,-0.003822097742167674,0.7379869643237488,3.3049670811405227,1.1740060253206044,-2.287298708877334
-0.012543155478898163,0.00552370656983973,0.007024641814593571,-0.003987347371264445,0.7284610151524525,3.3788194180087103,1.0367692552366519,-2.3530810074389135
-0.01251941451693753,0.005513925971341037,0.007049765671587938,-0.003955725026235713,0.7310866844714888,3.3667182137720957,1.0652233624014176,-2.3414710667065965
-0.012478362933529821,0.005502097139164074,0.007096896922711087,-0.003907362835573741,0.7370303730242185,3.353014074474441,1.1146602878333194,-2.324761883748357
-0.012458455468665409,0.0054917049499430305,0.0071153495018078826,-0.0038770856259615137,0.7381321145953662,3.3378513424027525,1.137907846822044,-2.3121367102229518
-0.012501384132467047,0.005492093414383731,0.007056192009179407,-0.003911416627484506,0.7278535003935643,3.3328833238472115,1.0855581728735428,-2.3197201755777033
-0.012450429492321622,0.005467147859070664,0.007104703190320599,-0.0038368736465578678,0.7312080764989936,3.2973271438817764,1.1446581210220403,-2.2892000040273746
-0.012562293986987966,0.0055352915973005306,0.0070072582108592,-0.004017878986565228,0.7275423300899274,3.394481459859001,1.013778426496575,-2.3654458935925615
-0.012583140902330524,0.0055406020111608174,0.006981944272193495,-0.004040500776076188,0.723908479156571,3.398603393841316,0.9885014321526239,-2.372029772658927
-0.012599456564552249,0.005548294864423867,0.006964918501209558,-0.004063068226133857,0.7222626578884718,3.4075040921882294,0.9686586346841324,-2.3800969859609538
-0.012614149020849839,0.005555565567103328,0.006949730660578313,-0.004083763979595084,0.7208372231680858,3.4158815394228177,0.9506921739938975,-2.387502747808733
-0.012629599961422098,0.00556216079493171,0.006932761963812764,-0.004103882229832844,0.7189321275328907,3.4226377516951536,0.9317829926658984,-2.394149777643325
-0.012845840311151692,0.005709902635274541,0.006721042019106435,-0.00445501356270584,0.7026214958836617,3.5826461529543354,0.6490425943635875,-2.5157035099560816
-0.01286799142310727,0.005710989180744817,0.006687486377136317,-0.0044679259875705585,0.6960812426304308,3.5719118926342106,0.6227927635719583,-2.5131991932677105
-0.012645986562106502,0.005569673648707274,0.006915034966775867,-0.004125818722260629,0.7169990923813274,3.430385752162548,0.911647281868354,-2.401443115044275
-0.012663748162169738,0.005578166113190564,0.006895919582955182,-0.00414993314510008,0.7149475397650354,3.439036205774227,0.8897163651432897,-2.4094092703791326
-0.012681907988336473,0.005589007339511914,0.006877874644983552,-0.0041775698825641935,0.7134335405721995,3.4511636331339637,0.8670088712523684,-2.419208344963062
-0.012700291307894863,0.0056028550003851575,0.0068616073033136785,-0.00420962907138375,0.7127359569793313,3.467925521152837,0.8435310666041956,-2.4314187292227185
-0.012721630016337164,0.005620650496893281,0.006843701089395347,-0.004249268214910854,0.7123975247381269,3.4898592737551857,0.8156960217542774,-2.446802948083605
-0.012827257375175,0.005689878651139622,0.006735366866880802,-0.004414411475365046,0.7023061658004427,3.5585768323926166,0.6763247228080738,-2.5002780894930665
-0.012811171997415861,0.005665994070224923,0.0067427028934566565,-0.004369264498481958,0.7003763825857664,3.526342335537857,0.7010352187484755,-2.4808107965233046
-0.012797944066580167,0.005647284488914359,0.006749157457312048,-0.004333659519003722,0.6986574796149349,3.501278781789762,0.7206240617253602,-2.4654957077073743
-0.012750371931851058,0.005629054685330859,0.006807171202013663,-0.004279084042731688,0.7069643996939322,3.49211949829362,0.7801374913532039,-2.4529315918507204
-0.012776244740453108,0.005638998268190966,0.006775770842779549,-0.004309000616622322,0.7024828964099794,3.497439601938549,0.7477817748713571,-2.4600180241330913
-0.012010205798355895,0.0052676109069165295,0.007468557143676295,-0.003169153065928556,0.7354974789345002,2.9188180312489385,1.5983900635512354,-1.9683747785172494
-0.011987892670710508,0.00524974163294734,0.007475751946490086,-0.0031248048716987706,0.7308016790084312,2.884383073684941,1.6140915076076208,-1.9438996267669875
-0.011965389212707902,0.005235062294657843,0.007486036834370466,-0.0030838839909228867,0.7274185248297281,2.8544536588359075,1.6311036415305937,-1.9214848199130994
-0.011936761644201982,0.005225153449888929,0.0075075473334356635,-0.0030414193989841787,0.7266695667713217,2.8285709202000247,1.656773158909724,-1.8987082100456443
-0.011909455003101371,0.005209838084479679,0.007521573679893469,-0.002994307475655624,0.7228997310040182,2.7952067465575685,1.6775156963372349,-1.8727885187260986
-0.011885494667065101,0.005204613242421118,0.0075419346342249505,-0.0029616565807081686,0.7234694185428853,2.7769276648600814,1.6999288291934431,-1.8550744207224645
-0.011868307697035799,0.005189392855925466,0.0075444615519428175,-0.0029259477484157963,0.7184465861292305,2.7478257970748294,1.7091839732576084,-1.8348863583623682
-0.011819980964333173,0.005172616926537969,0.007577453888905908,-0.0028528012952912887,0.7156277109456181,2.701022798765532,1.7489845572700993,-1.7942727444182374
-0.011846039726643148,0.00517854130232198,0.007556602665897306,-0.0028890843728247347,0.7158387377659174,2.722221318506309,1.7258562341201473,-1.8143520278356855
-0.01180737506688963,0.005149596842419887,0.007566419993239425,-0.0028145888752026285,0.7066941505573608,2.6641681507036044,1.7477886540428138,-1.772396067790378
-0.011790639770926025,0.0051300132590495,0.007563039143572039,-0.002775359415310594,0.6994140561056966,2.6301026012863544,1.7524345688852307,-1.7502041052492572
-0.011767381689173496,0.005123457187790794,0.007579425753542638,-0.0027416252254524914,0.6982937201955527,2.609058845592005,1.7712369867760442,-1.7312453652227118
-0.011663415972513356,0.005088350944186991,0.007642727248743315,-0.0025832135407776874,0.6884375204371594,2.504350957352505,1.847520439732291,-1.6409041855060338
-0.011689336202961594,0.005094366975084379,0.007624675172306667,-0.002620376203613818,0.6899456305899885,2.527654013054276,1.827315633681075,-1.6623422403712593
-0.011742330088367663,0.0051128605375995485,0.007593043527345913,-0.0027016201953307547,0.695270694769251,2.5816331692121213,1.7888588214261996,-1.7086285797747804
-0.011716592036758894,0.005102265824952093,0.007606928683044669,-0.0026606968350672377,0.6920844036714234,2.553613378068381,1.8067153713237867,-1.6853923228256804
-0.012356663813289218,0.005443035225355681,0.007209547213335153,-0.0037256038405882705,0.7437105067905111,3.2614237841606846,1.2545520984817433,-2.246723151103367
-0.012412045392898446,0.005451944017812092,0.007143337075290521,-0.0037847899029554524,0.7345483168047869,3.2748971239421274,1.1888832532647113,-2.2680920796759416
-0.012395234098569028,0.005439383763359651,0.007154673185355062,-0.0037538200890109108,0.7336616322132824,3.254838953870062,1.206994867707434,-2.25347295930124
-0.012377883156678822,0.005432601262987478,0.007171731733424705,-0.0037300292845968814,0.7351107296025055,3.244055261130503,1.2266097185969838,-2.2434438884705044
-0.012122377616602044,0.005348705766237509,0.007417838746429899,-0.0033826021745297185,0.7524629494925448,3.0774668931587637,1.5068512584360056,-2.08396788822813
-0.012147614680310767,0.0053342898461373935,0.007372816205518739,-0.0033905766529498797,0.7420457702906668,3.0608477951764086,1.4713478610032238,-2.0840791400482073
-0.012103167971965402,0.0053301365212193585,0.0074225171287396014,-0.0033403986759123205,0.7477758145934433,3.0432587087380436,1.5214900353933238,-2.060797456460047
-0.012086877264032687,0.005322370215110471,0.007434254535020499,-0.0033142146920923884,0.7472840422870729,3.02665712338179,1.536998979216393,-2.047194038517834
-0.0120758093637099,0.005308288885601597,0.0074332784447485875,-0.003285947689773375,0.7430977958263948,3.0016748161790043,1.5434791381281967,-2.03126508334425
-0.01205913507286091,0.005292287276013931,0.007436852675836472,-0.0032496656213850637,0.7389089830404179,2.9722580622529526,1.5552071248741852,-2.0112674754647126
-0.012039007327012588,0.005274319797706302,0.0074422396379621855,-0.0032075680857780874,0.7342304383215971,2.93880168235956,1.5694616575336677,-1.9881182612652846
-0.012341828220885337,0.005423436973573103,0.007211144790405418,-0.0036866106594291514,0.7394746831387254,3.2287207961873716,1.2681866924016354,-2.2260072189320077
-0.012236563414011315,0.0053587971101288455,0.00728628374961505,-0.0035073514913484703,0.7358644434953348,3.1156901352154804,1.3758901856877805,-2.1388315803108573
-0.012218979786303388,0.005349872305523297,0.007299826843744336,-0.0034795039623700965,0.7355606919361534,3.099014166705824,1.3935823225745658,-2.1252223625133926
-0.01219334847358693,0.005339372646297836,0.007321610486137221,-0.0034418362987268586,0.7360616381664958,3.078193199912626,1.4198643964808455,-2.1070607477880414
-0.012174657100805798,0.00532207321934207,0.007327923184603887,-0.0034023962215754765,0.7323010057373551,3.0477794335385755,1.435213320506506,-2.0861192119352983
-0.012325518395990907,0.0054059266430407996,0.0072163835540803795,-0.0036492128030202746,0.7362610245210663,3.199487532813824,1.283635820311302,-2.2066278098769807
-0.012306148152285793,0.005390929621778412,0.007227669732209746,-0.0036124179344199383,0.7345553028084085,3.1741285305757247,1.302938752101684,-2.188352134492703
-0.012282477033498669,0.005378508650775698,0.007246565637778722,-0.003574980767059279,0.7345800351828816,3.1523252361720506,1.3276251257597258,-2.1706497729381486
-0.01225954774069989,0.005358462310055513,0.007256969506552419,-0.003528388740265836,0.7311779064149784,3.1181437880770657,1.348723516719851,-2.146783081391305
-0.0138128672590589,0.006561043700124367,0.005396381595492728,-0.005981789364150885,0.5272997828253784,3.7338605526167754,-0.9236046754589772,-2.5701869325818154
-0.013792583437211745,0.006548620309985854,0.005432107237089541,-0.005967875347272919,0.5328927678819274,3.7528147999313464,-0.8992780103886026,-2.583055304251332
-0.013755548770553558,0.006505992918052885,0.005495840911055268,-0.005905874849724294,0.5413928324719413,3.764755751597698,-0.8289567803699122,-2.5981264100248187
-0.01377245516011745,0.006515133598624591,0.005466379765721739,-0.00591604370304721,0.5369685831571532,3.748632527294984,-0.8482925220149805,-2.587626775318714
-0.013790167904786843,0.006527299785083589,0.005435591163955648,-0.005930990341170162,0.5320032526369295,3.734293195134967,-0.8714461095491611,-2.5774175682538725
-0.013747562595270444,0.006490463838876325,0.005508895752264844,-0.005881053338777001,0.5427758879756488,3.7599367038102813,-0.8059313388782353,-2.5985193635990353
-0.013735118594725077,0.006473598790795901,0.005529551231002089,-0.005855281218586848,0.5453995311995495,3.760084572182207,-0.7791654873242299,-2.60175065796185
-0.013720005589387142,0.0064569731608595015,0.005554725799177969,-0.005830598964697109,0.5489056673046236,3.764085584584723,-0.7513087357251328,-2.6069201237720274
-0.013687742969915208,0.006429533149944423,0.005608721963107182,-0.00579138803242936,0.5568994288008046,3.7804296970493705,-0.701084309260046,-2.620465654429484
-0.013703985040925478,0.006441560966134373,0.005581411286595869,-0.005808094324081363,0.5526723735590792,3.7703502884284,-0.7243227221140484,-2.6129978915172423
-0.013853896485675341,0.006578849574400392,0.005324009748130213,-0.005995800551347338,0.5158767639440686,3.687269226403239,-0.9623465050515998,-2.5410868321630455
-0.013839866135442002,0.006553500538667673,0.005348677602095586,-0.005957304630704646,0.5184894126788265,3.6842905211453156,-0.925134775878253,-2.544882658494896
-0.013657477977894487,0.006400372288597623,0.005658222974631796,-0.005747574137578904,0.5639242433916926,3.7901394206368706,-0.6494063541556744,-2.6304240910826824
-0.013649002088488064,0.006384840131564978,0.0056707295717968115,-0.005722096343940418,0.5651633025189774,3.7835536138426087,-0.6264352647095334,-2.629291415163356
-0.013675613294173938,0.0064026563599873755,0.005626474997850356,-0.005747051941834994,0.5584535601656836,3.7664147496926197,-0.6628215554294455,-2.617332285627713
-0.013689437388810219,0.006411166884776588,0.005603274232260332,-0.005758439791529764,0.5545962312773606,3.7563627668008754,-0.6806096445589267,-2.6105505802516307
-0.013580495226283363,0.006317348339676235,0.005778595472408886,-0.005616443337104996,0.5804909763464597,3.79562797903278,-0.5070210210718016,-2.6450615643227704
-0.013614551572261378,0.006362290276723724,0.005727726087370107,-0.005689688653581081,0.5742157613622435,3.8051626420055755,-0.5792898409993609,-2.644144613360918
-0.013633976783087115,0.00637133280378654,0.005694990043951645,-0.005701605682789193,0.5686840828659966,3.7885785029797074,-0.6018388730798904,-2.633995557062707
-0.013596140233730646,0.00633088278253878,0.005753945882279874,-0.005637652325663788,0.5769463441961317,3.7912640559744943,-0.5323514989080427,-2.6410210252145165
-0.013611125068534222,0.006343004478851122,0.005730002871086803,-0.00565625937646898,0.5731038389024264,3.7856390075744235,-0.5555888393019093,-2.6364038999675055
-0.013588512566125817,0.006295101347192815,0.0057595345001979865,-0.005576118853711612,0.5752938754076512,3.7557341194887677,-0.4889822545072742,-2.6265944252062936
-0.013496598542121927,0.006215604175975349,0.005899044328845505,-0.005447897935991456,0.5956851146210999,3.771472129006881,-0.3411354916154115,-2.643003228405516
-0.01351672023610426,0.006225529640571322,0.0058669423655075955,-0.005463619312846433,0.5901447735435345,3.7591307926705615,-0.3663235939461338,-2.6356752522882516
-0.013537522356839466,0.006241475627435905,0.005835185983966596,-0.0054893513761471524,0.585530481455142,3.7535265164274847,-0.397689260489187,-2.6312286473103303
-0.013569958029597253,0.006280871170930094,0.0057886400510615355,-0.005554017823379374,0.5797480620053433,3.7624023583572983,-0.4611753518007085,-2.6317976315774314
-0.013556068397217623,0.006259223813309095,0.0058075368369685685,-0.005518110573238187,0.5815403267014413,3.7526334135332426,-0.4290943297441017,-2.6289628329968315
-0.013164224429474937,0.005967221560561592,0.006366342478735957,-0.004993031357908841,0.6642510669674025,3.7728781737331984,0.16960441482999647,-2.6465032316410553
-0.013186784172617684,0.005973432476298501,0.006331644083165617,-0.005008661872023968,0.6579253064475091,3.760820259710655,0.14204825012773115,-2.641488604293098
-0.013135512184195024,0.005937220552231383,0.006398226912387278,-0.004935518543528969,0.6674220014888821,3.7507758233847297,0.2191066907305188,-2.633649527223355
-0.013153541224601592,0.0059482220995251585,0.006374087946535996,-0.004958557291953249,0.6635896603942849,3.751948906129203,0.19319666926184997,-2.6352948528240474
-0.013132556417106547,0.005917511594516219,0.0063922852821001516,-0.004901960241353096,0.664085593391087,3.7209575714573973,0.2344132615530538,-2.618215885536108
-0.013111988176474717,0.005904953469340904,0.006419293832073013,-0.004875413527322653,0.6681370324005361,3.7188118884064854,0.2636765295045392,-2.6157518917012523
-0.013093735356348005,0.005885017551701766,0.00643799021154329,-0.004837145132954469,0.6693543185375773,3.7018714060328466,0.2945802461390535,-2.6056903507090143
-0.01307601401992557,0.005872633775168881,0.00645985309053623,-0.00481126845690908,0.6723865818649647,3.696448844722151,0.3204654705368904,-2.6014933309356354
-0.013066147199765944,0.00585246428749665,0.0064640756678446334,-0.004775152719695661,0.6709061244294142,3.671231609450714,0.34187166016185594,-2.5875912809678137
-0.012905420334348045,0.005741224699352819,0.006650003292891443,-0.004533102520751713,0.6931906991247877,3.600641735352586,0.5698146684778426,-2.5333707086136132
-0.012925617069841825,0.005755433939585938,0.0066278525321816295,-0.004564711710386125,0.690818231251522,3.611821111221354,0.5415843883361741,-2.5418054369061527
-0.013053973291967185,0.005826120217017533,0.006468142049084128,-0.004728429486286546,0.6687159755115654,3.6375646132137045,0.3682458455035626,-2.5690044351368617
-0.01295914924931681,0.00577330643425084,0.006586661540632782,-0.004607609791850647,0.6850887884508795,3.6195207926833146,0.49662223624139884,-2.5498468052180097
-0.01298754640943783,0.005796884325033376,0.006556637652254087,-0.0046568141010286225,0.6823387754507226,3.6390738064957513,0.4549325433201724,-2.563256553921635
-0.013020789904561531,0.0058188008307739365,0.006517077694731991,-0.0047047568644853896,0.6773104603531623,3.6510855880482462,0.4081345811289831,-2.5729465758437526
-0.012892085812101212,0.005698352151743722,0.006641542502297885,-0.004460165259297111,0.6857361360210259,3.5367273163670245,0.5989264617078119,-2.4978593114923124
-0.01290751480794313,0.005717610404334342,0.006630741971241455,-0.004497241602396267,0.6864529589050216,3.5596108412583463,0.5752800633970557,-2.5120067100540298
-0.013415551826601457,0.0061966890038671835,0.00603468649161567,-0.005417990782244068,0.619856509411374,3.8485887165074923,-0.2571293474971062,-2.684213048270269
-0.01343192970186895,0.00620016795888327,0.006007107375589336,-0.0054238578316594425,0.6148071306494557,3.832731453856831,-0.27416530052654253,-2.6758750286951503
-0.013315813720971056,0.006081389548646808,0.0061632136428890144,-0.00521292351013537,0.6352437966448891,3.7946774003276045,-0.06542347681689914,-2.6611246031232665
-0.013295886062922674,0.006065684238579249,0.0061905785068043446,-0.00518381339462977,0.6392080800270695,3.79276502925402,-0.03393526387072877,-2.660176763410542
-0.013287163835922298,0.006044473306147571,0.006196025896168448,-0.005146494010732164,0.6381763490797081,3.7693804180851815,-0.00896943779289268,-2.6485474177750725
-0.013266906567527341,0.006030356704374097,0.006224044661196596,-0.005119670861088581,0.6424607912129129,3.769209348205778,0.021314203653894134,-2.6482052075789686
-0.013208872545725895,0.0059898606601892345,0.006302791756406098,-0.005040986585218098,0.6539391366860888,3.7652566380841637,0.10829737221418864,-2.644624836840696
-0.013229846897520799,0.006005776115684591,0.006275218110272775,-0.005071871294404365,0.6501375486993236,3.769273741076678,0.07600884143448154,-2.6473417648950996
-0.013255339245431291,0.006004076334897611,0.006231344970753707,-0.005073384852541766,0.6413505767788851,3.74019177295077,0.051964151487684455,-2.633461323439434
-0.013409062517426178,0.006174464245428404,0.00603818774806451,-0.005379048605918691,0.6188677198394451,3.8239001837202866,-0.23047977945949957,-2.672941281594527
-0.013383691125540088,0.006150584373303396,0.006073661881125976,-0.005336982265254851,0.6238542573804673,3.8198472583943395,-0.18661786693303453,-2.672048019668073
-0.013400223966050208,0.0061553132428743456,0.006046656387265148,-0.005345590935762508,0.6188476297650309,3.806623055056524,-0.20525802097861376,-2.6651276156067545
-0.01337465931091225,0.006131656798469152,0.006082121426803369,-0.005303802290104506,0.6236356190309764,3.802473523823028,-0.16173587886738502,-2.6639994027672445
-0.013359882914575686,0.00612328994343255,0.0061044546259464965,-0.005288587438375347,0.6275401083239313,3.807475046965705,-0.14125779596928612,-2.666784504261571
-0.013332588093861838,0.006093761906358375,0.0061395844637223826,-0.005235730111962434,0.63177718809099,3.7945005066295927,-0.0912021532494497,-2.6609278619619405
-0.013348825155064232,0.006107977799666909,0.006117432420240655,-0.005261451570481129,0.6286197857238117,3.7973159123175653,-0.11802515475416041,-2.6620829682640683
-0.013451208700839956,0.006195380581544776,0.005971779733923787,-0.005414959791605028,0.6078196725700556,3.801122547975211,-0.28535052722191523,-2.6599460589954362
-0.013480469484047755,0.006197287531545396,0.005921492830660798,-0.005417060686885972,0.5983677248615434,3.766632452905846,-0.3108218605203949,-2.6419562447603746
0.0066943003991189,-0.0138249292994066,0.006216348481052536,-0.0053726683566994995,-0.10152460459730883,3.925884991931138,-0.0911783143883872,-2.7499424579171112
0.0066788280748992495,-0.013819585901248368,0.006190654567310773,-0.0053830732467121615,-0.10514744806601647,3.910617309052757,-0.1071606028873072,-2.742272150102624
0.00923228101239863,-0.01501691268087787,0.008086095519804144,-0.0012372341391812885,0.25878157722093426,2.157150249300914,2.9424804500117614,-0.9588258716348133
0.009264838867981002,-0.015037379718227446,0.008064110015398031,-0.0011766709184014223,0.2552097043729233,2.0954443891172905,2.944361703388267,-0.9132353585752951
0.009247921713818996,-0.015030404773389478,0.00806860774520017,-0.0012061140815303082,0.2560819251306112,2.122265477299973,2.939625999292963,-0.9352137927846506
0.009281225248441596,-0.015043092943046149,0.008061542263068244,-0.0011487561281699609,0.25460866539101606,2.0708348743602563,2.9498281582145887,-0.8923725560555639
0.00929748569378292,-0.015050338395713061,0.008055775739331127,-0.0011203279497906014,0.2535422287011215,2.044236566662345,2.9533327632293225,-0.8710157381528308
0.009329627891864384,-0.015045677079728481,0.008080267229354766,-0.0010733457242382966,0.25642932363179743,2.0172579361184773,2.980285828784323,-0.8364708460539516
0.009314862853078991,-0.015059693676348442,0.008046311003422806,-0.0010892733925890934,0.2520226573095688,2.013679865548298,2.9550675726156688,-0.8476032043459324
0.008913372230502368,-0.014938639981166651,0.008024536165727248,-0.0017655031119216177,0.2538395403278259,2.5678609294665335,2.7488565758425025,-1.3400920484288887
0.008898275999432414,-0.014936436112497049,0.008016921110488183,-0.0017891294240902974,0.2528269494789464,2.5834939001119914,2.7364448235500443,-1.356367003745395
0.008888485993389008,-0.01494793744557749,0.007987913242093973,-0.001794260698381262,0.24878388416414757,2.571897912921672,2.7169158163463196,-1.3580523853993944
0.008872139929527978,-0.014949502002417209,0.007972155508427324,-0.001816461669421239,0.24656275203698066,2.5818528496332753,2.6999255785232528,-1.3726683898859744
0.008919158689482436,-0.014952854589112488,0.008002488448342976,-0.0017462004767807592,0.2506269804059601,2.539608967082544,2.7415541478921908,-1.3249014095823888
0.008947774197671619,-0.01496361058186943,0.008003977129363868,-0.0016965799327012861,0.2505704725705813,2.4988885215389876,2.7583451357490585,-1.2896460667541056
0.008932091777182792,-0.014958700154916502,0.008001409128723597,-0.001723026946104509,0.2503345615638069,2.519629508374934,2.748345457430364,-1.3083410443104728
0.009090891032330907,-0.014994537666491933,0.00804487075414978,-0.0014641632770824153,0.25490340789175087,2.325956618293317,2.8540947912218146,-1.1241488596970237
0.009073099273820771,-0.014990470358768061,0.008041031243067528,-0.0014933267398056854,0.25458535961136364,2.348382342497391,2.843225403660251,-1.1451931930949593
0.009057103639615687,-0.014986011127971509,0.0080388933791095,-0.0015200606316037946,0.2544501211943526,2.3696626549857274,2.83403332116794,-1.1645040009784704
0.009022261138271957,-0.014961533503995721,0.008061438983273524,-0.001588521556091324,0.2581306746472451,2.4391225608866702,2.8274820470820177,-1.2152445514412717
0.009006934142124338,-0.014959344198614518,0.008054823841596616,-0.001612810608176016,0.2573133728195825,2.4559687688341856,2.8159500186768596,-1.2324213672732924
0.009041372555640172,-0.01498113579404782,0.00803752502370633,-0.0015466804418806902,0.25442669979141486,2.391250670100037,2.8252677418235668,-1.1837258795587766
0.0090282514961501,-0.014975467649741878,0.0080392586634373,-0.0015699881324059838,0.25485270882113603,2.4117089167054337,2.8193344064256527,-1.2006742795795347
0.008963601264696558,-0.01496861206920462,0.008006290265908251,-0.0016698517463279272,0.2507697282443471,2.4777741522913748,2.7681854548678584,-1.2706935515352986
0.008997180034881312,-0.014970795011927737,0.008026356351335997,-0.001619104958791607,0.25335021860887114,2.4460194477404835,2.7963563553940616,-1.235418702493426
0.00898121841428826,-0.014973806148824032,0.008009333178681423,-0.0016403685966930796,0.25100003363790896,2.4547329780249165,2.7792528630970432,-1.2497547978832924
0.00921596483852584,-0.01502832929176559,0.008055276366145767,-0.0012557956270443616,0.25472088021311595,2.157049959623959,2.918271780742247,-0.9716360444492945
0.009200788301586922,-0.015033881845122159,0.008036252059913469,-0.001275639025511493,0.25217930290662394,2.163937366182406,2.9011278916168886,-0.9856233007176607
0.009186754063341084,-0.015028813802441782,0.008037950835369213,-0.0012996373735521339,0.25270259470624085,2.18483678822054,2.8957406413489752,-1.0033813546988826
0.009171246401497081,-0.015025770589733955,0.008034798269686423,-0.0013247048422869447,0.25245036893088507,2.204166722961013,2.8869751201530307,-1.0217187266624406
0.009155102143033693,-0.015023540293106081,0.008029550935597334,-0.001350227494025939,0.25191822293524174,2.2227841235425037,2.8767156090178676,-1.0402520754122817
0.009106875716096382,-0.01500724143767126,0.008030975789447671,-0.0014322443551342309,0.25272592998624543,2.292028206588719,2.8546181275541382,-1.1002804306779517
0.009138697406086325,-0.015020122037324458,0.008026209860544779,-0.001376813391689778,0.25166446266399517,2.2432590757198176,2.8672751148548827,-1.0595906638430115
0.009122779315703659,-0.015014684344644372,0.008026790126414919,-0.0014038972790978886,0.2519273000163222,2.266174529022022,2.860046657199977,-1.07941518723928
0.00868092135036931,-0.014882177736631683,0.007930335039276037,-0.0021425296687818257,0.2410589275036438,2.830606591205312,2.559924243485313,-1.5959031156133185
0.008696269677130894,-0.014886545559505715,0.00793663832637844,-0.002117387055537911,0.24197909200229797,2.8132501194237745,2.573043412288308,-1.5792534551066388
0.008727673451286411,-0.01489553225601633,0.007948886237982457,-0.0020657698294003625,0.24376504300076865,2.7771402251426838,2.599308226282671,-1.5448286500153217
0.008711805964619405,-0.014891485532961483,0.007941897696481874,-0.002091423641393756,0.2427289665606139,2.794560722518808,2.5857558279003467,-1.5618684719439602
0.008733051320768055,-0.014910409925361589,0.00792675290845148,-0.0020450377978177697,0.24063762430459237,2.747289823158239,2.593367916313119,-1.5285714349209185
0.0087481425395175,-0.014918643200947814,0.007925162537970749,-0.002016872067005283,0.24031799606739263,2.722947604069422,2.6024771488940943,-1.5089928629528715
0.008762301750453758,-0.014933145693540657,0.007911236294359704,-0.001984648223319178,0.23830104376819103,2.6884606418705412,2.6054277373277857,-1.485585079563238
0.00880981726371732,-0.014952107806553594,0.007916971607400541,-0.0019024817354489354,0.23899057172654703,2.6233922378617796,2.6373271000793657,-1.4290037266727202
0.008794020272940193,-0.014947763661060515,0.0079117152337143,-0.0019281502223247066,0.2382906733078873,2.6418157991634534,2.6253517379863602,-1.4464517963090076
0.008777948491757016,-0.01494173507815203,0.007909083541736134,-0.001955593626155412,0.23795802382445022,2.663144522648828,2.614270559364406,-1.465288743172996
0.00882506544697267,-0.014957916448106035,0.007918927343862443,-0.0018763574041824516,0.23922918574133759,2.6027439050657812,2.6473830585226277,-1.4109150113440496
0.008855558575269585,-0.014958937232800416,0.007941649483364998,-0.0018325554170807031,0.24229404788121214,2.578707488163406,2.6759303018355856,-1.3818891176035246
0.008839865822149049,-0.014967532646327388,0.007913409219196874,-0.0018478071943879397,0.2383651970695977,2.575997335612689,2.6536348759363126,-1.3905188508429804
0.008470079451889463,-0.014836922638283784,0.007800366265916633,-0.0024670836614664013,0.22119413607663416,3.0233165476672714,2.35535189318915,-1.7993909837188635
0.008486035689666074,-0.014839512102427038,0.007812714250988895,-0.0024439150706468027,0.22322738657968225,3.011604414569371,2.372100302766525,-1.7856739997009963
0.008426772154365318,-0.014825239848022226,0.007773949255491409,-0.002534443395144787,0.21692003846360233,3.0627449562753104,2.311829853858,-1.8400344869794014
0.008440211992258459,-0.014840627084099537,0.0077622927361179735,-0.002500990842618411,0.2155497841138818,3.0285257272261794,2.318973496458126,-1.8168553297369616
0.008457055375264737,-0.014849952128710217,0.0077643427831479385,-0.002469854236927605,0.21609780319876168,3.004309361711757,2.33302100111773,-1.796833426237857
0.00851775946386557,-0.01484969217161743,0.007828048046429734,-0.002392364715566963,0.2257176274591913,2.978211815623003,2.40206893484204,-1.7534336542341797
0.00850044717923401,-0.014850259990866114,0.0078092010122823635,-0.002414173426979057,0.2227842053694275,2.9850768827475553,2.3821194137220183,-1.7656740194008815
0.008669167658222406,-0.014893936756494943,0.007898335379333911,-0.002147665113622466,0.23652390142681987,2.816551131711019,2.5387379173266744,-1.5963745352536467
0.00853319847610582,-0.014858980667676587,0.007827693903566716,-0.002362793100360474,0.22571780898344268,2.95365543363777,2.4136985342582356,-1.73379951890278
0.008546994475669712,-0.014874325515649323,0.007814948079653626,-0.0023293433575801927,0.22406307323726213,2.9187540402072787,2.4193682333047453,-1.7101919359564686
0.008655365564847564,-0.014904383978844499,0.007866897171802433,-0.002156627976257748,0.2319652451035842,2.806126400067944,2.5164628937455054,-1.5995210088919685
0.00863955961932196,-0.014914347521146377,0.007834541377228893,-0.002168520146575032,0.22736662875472954,2.7975893465290995,2.492653446505148,-1.6044290311995602
0.00862366969719747,-0.014905284647127677,0.007835535319009268,-0.002198214025023642,0.22742585610937605,2.8226365838760654,2.4820851338161156,-1.6245892925664476
0.008565062193415079,-0.014883259191099124,0.007817378217780674,-0.0022968618180597877,0.2245390932545646,2.8934370404673113,2.433525211839975,-1.6888205516345807
0.008587050102060439,-0.014888601131057139,0.007829619882168612,-0.0022627364201530803,0.22642863211288328,2.8724084590219077,2.4540024424483113,-1.66733236452473
0.008606713990878182,-0.014898094282676945,0.007832000548601876,-0.0022275712724009935,0.22685439776031432,2.844832950344251,2.4688567569720625,-1.644006136397376
0.006704378368698268,-0.01383890244013529,0.0062277090912048125,-0.00534656424550649,-0.09845202258378484,3.9216206639076754,-0.06773812150207899,-2.747889148566034
0.006821929152443069,-0.013954094038186893,0.006375012926970003,-0.0051240834209840954,-0.0664139038653595,3.9200268629423447,0.14724830119238128,-2.7437530427317345
0.006811669530090006,-0.0139412461420581,0.00636459198952892,-0.005148932624398852,-0.0691679868525395,3.9254192772595173,0.12539849133916617,-2.747085214916825
0.006797276956507336,-0.013934008200043991,0.006343062120012643,-0.005164196768610307,-0.07282679431437801,3.9168391982979824,0.10670658599474732,-2.7433369902459437
0.006785285507852985,-0.013923822421599917,0.006327562282852728,-0.005184294574166168,-0.07594066079599816,3.9154978285028723,0.0865874446435791,-2.7431527923748433
0.00677589643483684,-0.013913059464473954,0.006316975062239734,-0.005205001678308729,-0.07854940490021711,3.918256451631875,0.06767364284440677,-2.7449185511364327
0.006759986285760538,-0.01390853524645817,0.0062908229596440384,-0.005215114947492239,-0.08229175348340312,3.903059790728879,0.05132807566785668,-2.7376714889584077
0.006746237161296448,-0.01389569284301772,0.006273278917247612,-0.005239856136889597,-0.08599995418016558,3.90233885673987,0.027098668643548596,-2.7376792775085943
0.006734481036222681,-0.013883545874170608,0.006258750947278195,-0.005263012826092307,-0.08928510506182717,3.9030449312054074,0.005036992204809809,-2.7382910272685375
0.006722586442685566,-0.013871682125559927,0.006243636757716122,-0.00528556958504984,-0.09252045141982868,3.90286674795149,-0.01679751523938466,-2.7383885750788886
0.0067109903330178754,-0.013857688457464426,0.006230005074865157,-0.005311872558837202,-0.09585551583732503,3.905683476828267,-0.04089328808232844,-2.739916867244816
0.006832651697239448,-0.013965898621634665,0.006386751986300373,-0.005100977248043104,-0.06344066974086936,3.9164943317169647,0.16823762117391797,-2.741305593844469
0.006846850647579009,-0.013978727877942246,0.006403874315055195,-0.005075308027729574,-0.05978148428599844,3.9156152700480424,0.19299313618116629,-2.739966254200293
0.00685517547481409,-0.013997302999799175,0.006406403525085619,-0.005040424757805799,-0.05724865368314908,3.8981895215325095,0.21911165988167206,-2.7302472290194846
0.006990248782528922,-0.014109792932599237,0.006562642154550551,-0.004806262687539429,-0.023644847315122525,3.8829699082578166,0.44336863119457437,-2.7093516570488743
0.006956389371643958,-0.014074942973669862,0.006530329701883611,-0.004877755333118191,-0.03199270803375453,3.900529641985552,0.38092489671406815,-2.722567621674027
0.006978143822132795,-0.014099685817366673,0.006549432840135499,-0.0048277577512452945,-0.026567520502778347,3.8856816955769973,0.42328819938344503,-2.7122073017285206
0.006966231101155184,-0.014088299785260211,0.006537394337071745,-0.004851355731206473,-0.029504601151075772,3.8904279832470023,0.4021636742764217,-2.71608692653384
0.006938716843884534,-0.014078570525990222,0.006496485893357982,-0.004876387476556665,-0.035997746081368236,3.873890438126487,0.3690515424089397,-2.7100849293027434
0.006928731858310677,-0.014065048225489275,0.006489013958161676,-0.004902907626535395,-0.03857516082833787,3.8835640486599297,0.3475356862924372,-2.716272936705614
0.006865714233696164,-0.01401138831518206,0.006415643465570165,-0.00501313404186863,-0.05436549202135795,3.8900640793394063,0.24207535565190283,-2.725188718906048
0.0068779519663255025,-0.014023766751191515,0.0064288585370492,-0.0049884561478345186,-0.05120435618432446,3.8863606983061394,0.26454260992534634,-2.7222744376940846
0.006916884518264057,-0.014054845170230751,0.0064756256282163275,-0.004924028209568333,-0.041503689576964375,3.885524057699301,0.32758577020330676,-2.718449694820981
0.006903711119920609,-0.014045552032136152,0.006459084322858255,-0.004943780893416581,-0.04475773132279226,3.884192124105795,0.3074558283136782,-2.7189389420333385
0.00689046919580594,-0.014035195082084562,0.006443038070536036,-0.004965309259587598,-0.04800753542675052,3.884153816718752,0.2862360446962446,-2.720069453416628
0.006985726258535526,-0.014128179823297652,0.00654015669259403,-0.0047757053163840915,-0.024451428553788332,3.8479057641897048,0.45584488647927807,-2.690862797890102
0.007007356834798519,-0.014148876068203146,0.006560908871848322,-0.004732747077469567,-0.019304743594317195,3.8378976645413845,0.4934623028023354,-2.682785284857361
0.006983580987515349,-0.014150018798420101,0.006519078995667712,-0.004738725971846047,-0.024593825294634195,3.810348956687832,0.4730295393471083,-2.6706161840577116
0.007088225139215579,-0.014205905555757103,0.006651168569520277,-0.004604828428688603,-6.834850993372234E-4,3.8272453886016504,0.6162954883776252,-2.6659424918661476
0.007025173360229644,-0.01415777444377292,0.00658431072919332,-0.004711220257815829,-0.01521945612063984,3.8424534726343897,0.5174078041233039,-2.6830104190738364
0.007041064391319571,-0.014164059775950887,0.0066064374072984655,-0.004694670906606518,-0.011457278410288815,3.848949416962961,0.537450807570832,-2.6844822210982016
0.0070733186170722565,-0.01419332999716929,0.006636747896451301,-0.004632224125233438,-0.004043234674385213,3.833423906037314,0.5920210986412409,-2.671502822689503
0.007051151525167382,-0.014181142933102048,0.006609309823036419,-0.004661594590281028,-0.009243758499884127,3.8310204564653176,0.5610862361246801,-2.6733008517888286
0.0081991807717576,-0.014756068035193377,0.0076259865889246325,-0.002887245853242834,0.19183494327740516,3.2578047741840117,2.070925871953541,-2.0416328226124993
0.008213962045876776,-0.014765324664211623,0.007629090007945331,-0.0028591254691982915,0.1926846022092862,3.2372712364024623,2.0856453851360075,-2.024843338320739
0.008097750133273884,-0.01470629953771192,0.007577599815541215,-0.0030626358884803797,0.18202717174370053,3.36663420114899,1.9605420708878365,-2.139670430609683
0.0081239852218339,-0.01473308541472678,0.007569263122820277,-0.002999918649208785,0.18193989712518047,3.311913873379939,1.986020288787272,-2.1007459966100934
0.00810947076852686,-0.014722098905100463,0.0075680258636045905,-0.003029696530820487,0.18124422792863124,3.3346098018003274,1.9710981841805932,-2.1183593251854744
0.008168912220057275,-0.01474759918343535,0.0076023836634613986,-0.0029319018682134345,0.18778141955356428,3.278707686612018,2.036788113279895,-2.0651216324953308
0.008182770295554982,-0.014762837571880514,0.007595266244977582,-0.0028976308189834405,0.18734048983509047,3.2470063909450473,2.0487517475770933,-2.043064536466559
0.008138531683946805,-0.014742160394925001,0.007573299120275145,-0.002972524765061386,0.182999376491099,3.292765500918222,2.0012987246248044,-2.0849252800890965
0.008152100931646818,-0.014754215782541881,0.007571255889081062,-0.002942538914770337,0.1832265220597182,3.267733664760159,2.0143088788294183,-2.0664439789037856
0.008230374238728511,-0.014773645218199953,0.007635431844380526,-0.0028302487452960406,0.1940375623453642,3.2180559466941205,2.102459002000892,-2.0079903201017673
0.008252117180962639,-0.014779935594628063,0.007651119021457118,-0.0027975414786440946,0.1966601377831048,3.20154699328802,2.1262029657553794,-1.9901575638433384
0.008271803840849768,-0.01478956353561624,0.007658650027076208,-0.002763165241285698,0.19817702934382633,3.178588711050782,2.1459239182294603,-1.969888009156233
0.008321524196780318,-0.014784908569944206,0.007723971770326904,-0.0027092943438275785,0.2082196500142965,3.1749435685864165,2.207489435211584,-1.9454082056593047
0.008305111529295174,-0.01478551718288391,0.007704012728537159,-0.002728345096045769,0.2050680664446907,3.178188152928132,2.187523241653043,-1.9546161395574926
0.008336219933038265,-0.014794965539747792,0.007724124281398499,-0.0026799707425648046,0.2084540790060674,3.151247891808654,2.220453207582695,-1.9268418331277606
0.008364885832269488,-0.014820536361487814,0.007713892557247022,-0.0026162697833734556,0.20770520934032463,3.0934571186604667,2.2421104689977907,-1.8848800119340865
0.008349267750836524,-0.014810838072855964,0.007712539162903822,-0.0026461484526465046,0.20716851496270747,3.1168144080291813,2.2284708862664573,-1.9037227589982895
0.008380015816750751,-0.014828129784554299,0.007717986696340935,-0.0025893425430030897,0.20854491791027288,3.0740629391840053,2.2560111147953488,-1.8681835087063703
0.008288262151214566,-0.014796995277226008,0.007665691612255638,-0.0027351161435436883,0.19953950489258324,3.1603075471153415,2.162464277449254,-1.9533473848308633
0.00840861483443057,-0.014833351819491976,0.0077405337578544675,-0.0025483203769205887,0.2121277524921303,3.054187496160701,2.2864753614741105,-1.8447655789701607
0.0083929264447934,-0.014836996033403353,0.00771733209141835,-0.0025637526923936354,0.20862514765958812,3.0529042972182094,2.2665028987990867,-1.8516563512054618
0.007937295210536788,-0.01463313702488075,0.007474819138640845,-0.0033277038407673676,0.16177887188312923,3.507474075348837,1.770838593529192,-2.274924822792211
0.00792030787220883,-0.01463264977569054,0.007452124150175744,-0.003345252078842578,0.15804075608839474,3.5060975064744007,1.7494288313942457,-2.2803301051037166
0.007950943778881074,-0.014643438334814648,0.007478359281978612,-0.0032998968806558925,0.16287359854057146,3.488277871816894,1.7871470467570878,-2.2597970282660302
0.007962875315990152,-0.014659622996319335,0.00747067160124357,-0.003265878600651437,0.1625723685548894,3.4569759800091497,1.800411981367242,-2.238863069846268
0.008049888099259954,-0.014688204279689344,0.007543458642628267,-0.003137614750588144,0.17572401564309492,3.4039180050987263,1.9047951277646098,-2.1780464135728397
0.008066908216006564,-0.014696502092849534,0.007552936240334195,-0.0031086283605938274,0.1776119174570403,3.3871930135199024,1.924333937599639,-2.1626546525353176
0.007976587100349524,-0.014670683803702678,0.007472748535478476,-0.003237088478676636,0.16353444164980965,3.4360174558980803,1.816188767436916,-2.2227326244655483
0.007991105165004229,-0.014679792916369248,0.007478592895771879,-0.0032100977430288137,0.16497420433147544,3.4188516228410855,1.832999494084244,-2.208285903746086
0.008035134988037287,-0.014699574717017298,0.00750691099705001,-0.0031383475513090714,0.1705158922109087,3.381150515045188,1.884257039376836,-2.171839805437473
0.00802068249179603,-0.014693547979258696,0.007497085510504054,-0.0031613517221149683,0.16863959770901357,3.3928116295513395,1.8674725178500886,-2.1834644839275406
0.008005905244875036,-0.014687200817738522,0.0074871507194945635,-0.003185042733987759,0.1667630738616184,3.404889479606148,1.850228814962449,-2.1953943481920355
0.008079589003555654,-0.014713133097391178,0.007543761945682564,-0.0030735458998109653,0.177008949799582,3.3538180215192415,1.936399949147397,-2.1402650060811585
0.007849883302074192,-0.014592910031129688,0.007410583560553574,-0.0034690508065369934,0.14899748446680353,3.57342087018674,1.661697766152109,-2.340826950122326
0.00783345605285888,-0.014591145280218827,0.007389663689813029,-0.0034870130951815156,0.1454279807457042,3.5731066728101446,1.6409332014682492,-2.3462339940892174
0.007813563779444836,-0.014595915013300823,0.00735458965860493,-0.0034986456464125757,0.14023339807049318,3.5585592772219594,1.61617500154958,-2.345021546954388
0.00779621786973403,-0.014598757997570058,0.007325884111282818,-0.0035104287100978103,0.1358762613786881,3.548277593503339,1.5947864366078426,-2.3451234236399814
0.007863487518160874,-0.014604059993076212,0.007414003673257339,-0.0034403239223695296,0.15017305608460293,3.5537839653213297,1.6788985048432357,-2.3256697406257527
0.007874852932925395,-0.014621124542334633,0.007405616612314917,-0.0034054824716797274,0.14992815111208538,3.5216826847870117,1.6928950495574784,-2.304591301825385
0.007888596419823172,-0.014632223602685719,0.007408864932418249,-0.0033768080434293927,0.1511393731244048,3.501948859384187,1.7096992090974015,-2.2892867282253966
0.007902253276359185,-0.0146426271686596,0.007412778415067365,-0.0033491947334797797,0.15242165856750525,3.4833741399202363,1.726215979171635,-2.274605427259791
0.007521743872629468,-0.014430738500154139,0.007130491171936018,-0.003988243343670311,0.09215351127297813,3.7636357199467776,1.2233960510846191,-2.542552720817372
0.007533245889784379,-0.01444768390016174,0.007128017038847019,-0.003953213808835821,0.09318394940982443,3.737029098044275,1.2431413754374108,-2.524956640260669
0.007574243567378106,-0.014477260901475593,0.007155345977840123,-0.003876604266880853,0.09993315463081859,3.7013619046929773,1.3018081730140103,-2.4944726883052084
0.007560096386120975,-0.014469394137550126,0.007143229531485788,-0.003899468654675241,0.0973962629324352,3.709318659006343,1.2824242396253995,-2.502642842548811
0.007546104100133032,-0.014459664190600373,0.007133466864468846,-0.00392502751131505,0.09505110525113714,3.7207624889561366,1.2625523665104554,-2.5126445278328196
0.007587482221079118,-0.014486846559903389,0.00716374838580552,-0.003851717497750026,0.10202552064759561,3.6892797187148294,1.3205177709467921,-2.484241577176333
0.007616654999183262,-0.01449279451571038,0.007200896629686719,-0.0038198210106916808,0.10830877121336295,3.691955275192012,1.3575630844453495,-2.4776010554705823
0.007599901958399913,-0.014498502426232933,0.0071681141226877685,-0.0038242685306636337,0.1036450439109645,3.6724998902692394,1.3386615496944065,-2.471615795658702
0.007628834294708481,-0.014504570430201294,0.007204423479421097,-0.0037922051626705397,0.10979063178137612,3.6743208709422146,1.3752806068593861,-2.464514453442264
0.007642537934084617,-0.01451445799307441,0.007212480833284317,-0.0037662256687581654,0.11184244263400363,3.6609575559771215,1.3942381468252665,-2.4532945584907444
0.007656983737087356,-0.014522847661666097,0.007223394867107435,-0.0037418490636640374,0.11419845921755255,3.6506432764914023,1.4136450891150494,-2.443489547327337
0.007670871728292126,-0.014532175943851464,0.007232064011751075,-0.0037164577298721634,0.11628949119594136,3.637957382767373,1.432453831525539,-2.4325076374821184
0.007701611907456455,-0.014540257234935182,0.007267207099774041,-0.0036786806968699937,0.12244034206352507,3.6341135584527087,1.4716740855954054,-2.4212578354914984
0.007683946777018604,-0.014544136735656231,0.0072358825253210106,-0.0036877900807153886,0.11778479983827295,3.6195116196656074,1.4506020902889978,-2.418573631259868
0.00771409390668382,-0.014558190404164091,0.007261832910709949,-0.0036415680698900807,0.12291345676164421,3.6030226790291695,1.4897007558569868,-2.400552855603033
0.007745846648589666,-0.014581197193961448,0.007277364634479688,-0.0035805477813892045,0.12715394897271812,3.5682156404540395,1.5314537034706082,-2.371856912055906
0.007728827439440825,-0.01457734480419531,0.007257834492700526,-0.003600919813529919,0.12375113914371207,3.5702522414587956,1.5102141126678836,-2.3782021236144195
0.007757019510634179,-0.01459221193895742,0.007278623864419534,-0.0035548443230508276,0.12811983822682216,3.54991701456823,1.5461864533717902,-2.358427975164935
0.0077750001382213855,-0.014602599149138931,0.007290305392590972,-0.0035240222428911156,0.13070441576857317,3.5347506881375734,1.5689561547725999,-2.3445578876560007
0.007502930856436385,-0.014440167546452293,0.007089530724485676,-0.003986918353937057,0.08662470792807969,3.733876217190361,1.2043190646179731,-2.5310256580395305
0.007470878881863992,-0.014438218757010499,0.007041450501696236,-0.00401245056292429,0.07916093680402965,3.7180571925471435,1.165993696339264,-2.5302621118592126
0.007487078409088842,-0.01444550335165171,0.007058320117336836,-0.003989747192644553,0.08243500911940935,3.7139832285150867,1.1876648923026125,-2.524018067356351
0.007277210711127086,-0.014301728187277553,0.006878021472904923,-0.004353467919309693,0.04172459534493506,3.8330511990183784,0.8782817101786417,-2.636617619667
0.0073637677250061595,-0.014377967419934502,0.006938933944427845,-0.004178286172263206,0.05821032557311582,3.759655823615954,1.0166387516165027,-2.578052032877413
0.007378389206850969,-0.014382383568275906,0.006957660977965738,-0.004162120759714929,0.06145501496429205,3.762001528964933,1.0353075811963182,-2.5761298968876822
0.007290509995513916,-0.014321113396285034,0.006879998564167724,-0.004313999403867316,0.043881663143518046,3.8083297701430574,0.9044731394744597,-2.6203281511658845
0.007303313053210725,-0.014337340876726728,0.0068841091530527755,-0.004280097857828757,0.046107675236737096,3.78878532547415,0.92788401251379,-2.6069282953635136
0.0073478013444133435,-0.014370646967470663,0.006921092528723027,-0.004199815767728689,0.05487216111830041,3.7615114665633027,0.9950845368031501,-2.582526694592883
0.007332351676255854,-0.014361804030057499,0.006905563978022986,-0.004223358763049141,0.05170408454317358,3.76626767003906,0.9733095262155267,-2.588441993029291
0.0073173537280453865,-0.014350710591631578,0.006892971885170144,-0.004250181524225727,0.04875234187786904,3.7752122596647566,0.9507694240005179,-2.5965282530213005
0.007388333578141571,-0.014394514630722728,0.00696020263914704,-0.00413638442471908,0.06295245848297341,3.7462327260999317,1.0524348883265857,-2.565168687011077
0.007409096669666528,-0.014406221475469987,0.006980308736477107,-0.004104409006023427,0.06707796718934954,3.738585825860505,1.081394013723493,-2.5562438869082595
0.007421965430787315,-0.014429255660585739,0.006974700274841253,-0.004059483229557334,0.06833844925498322,3.7039355346282314,1.1061015451995029,-2.5340360096604537
0.0074378306714114354,-0.014445750319931455,0.006980863459608626,-0.0040230565048770045,0.07069952409751006,3.6832019769265436,1.1309402097412617,-2.518812270120914
0.007456213567532058,-0.01445518845732538,0.006998747234151053,-0.003995916538575269,0.07436297478403693,3.6768462265245003,1.1555923273582598,-2.510941612162881
0.007159208571023249,-0.014249442223864183,0.006731813069896325,-0.004500386775279378,0.015238902902737805,3.821240972787852,0.7191745894362883,-2.6515157823915847
0.007146319830943244,-0.014241396307452497,0.006717579061041981,-0.0045198170739023736,0.012340765868100968,3.8230877430757553,0.7003718694975909,-2.6546497087165943
0.007103212405545644,-0.01421685542737273,0.006666936458961417,-0.004580049851062649,0.0026835699416878594,3.8235499981729135,0.6393233224485871,-2.6616706527184193
0.007132951554853196,-0.014233602893913446,0.0067021771006501975,-0.00453893096827307,0.009382861915811067,3.823810462039979,0.6812592271931468,-2.6571995704839217
0.007118298094996918,-0.014226014693860728,0.0066842852866399365,-0.0045581374071682395,0.006086394017784719,3.8226844202967416,0.6610720706535173,-2.6588815913646555
0.007172074392293625,-0.014258449727198648,0.006744966072056738,-0.0044792519207499945,0.018019264985789957,3.8174442501282795,0.7386583343204903,-2.6472622085500928
0.0071860003438748606,-0.014269367574355022,0.006757914401829837,-0.004454321889367902,0.020980900467736235,3.8109994718736178,0.7605071775929434,-2.6413153026406118
0.0072033043490981885,-0.01428054063597556,0.006776054496555296,-0.004427212548186864,0.02476004046887649,3.8068445595891434,0.7859468377587228,-2.63598411838318
0.007253110710409963,-0.014310998325198094,0.0068285861730957515,-0.0043510768218307004,0.035351577245701975,3.7956054341316015,0.8579269176105706,-2.6205890698983274
0.007222781347304138,-0.01429133049043961,0.006797936491745271,-0.004399473498594032,0.02897278234139275,3.80487424397958,0.8134103183206324,-2.631379243806736
0.007240998531379203,-0.014297539416004491,0.006822058728833428,-0.004379759729314336,0.03323993844997089,3.8095645767905055,0.8366462094574482,-2.630602244139211
0.010357277700829245,-0.015092304665835759,0.00810508203881646,5.687038675100617E-4,0.2430302386734044,0.6923804679580854,3.2445666516897176,0.44726430825238106
0.010372721549432138,-0.01509608778819707,0.008093886239200281,5.920248009916368E-4,0.24150010001366964,0.669517188441799,3.2385745592228647,0.4654785694690972
0.010339458863470277,-0.015097377855431143,0.008099546503819189,5.394440391353135E-4,0.24252859746749783,0.7131753521773208,3.239006626322588,0.42333913638487936
0.010392528242293657,-0.015097837414038185,0.00808530398176261,6.226046351600734E-4,0.2402813636618427,0.6420950393806865,3.2346841099403165,0.48968360163424984
0.010415126941511645,-0.01510238922107557,0.008070297530142946,6.566344151706993E-4,0.23826793637409058,0.6094769272761168,3.226600070861353,0.516325670037508
0.010435884883646518,-0.015105732245913215,0.008057862233148163,6.879519992517731E-4,0.23660508675296246,0.5801827067096121,3.219979558597065,0.5408602637926057
0.010455654245800122,-0.01512074274787532,0.008023260941073517,7.139726160871317E-4,0.23249947206510987,0.546405141437014,3.1982811317151767,0.5598089206223805
0.010483592557475717,-0.0151245635842712,0.008007166265693637,7.55655021644504E-4,0.23036790791316117,0.5079269640478302,3.1894536928575934,0.5924303753103999
0.010509935469168173,-0.01513029452756903,0.00798755715931604,7.939715724967013E-4,0.2279683081667873,0.47081439678447917,3.1779381231035244,0.6221262986834502
0.01053404308814236,-0.015135265154746046,0.007969804069833763,8.288409661702368E-4,0.22578335591573104,0.43725660847001663,3.1674075131800374,0.6491297367010795
0.010111291833036546,-0.015114586605084794,0.008101322218852907,1.76406724769192E-4,0.24591544135643842,1.0023942073026089,3.2093400361860334,0.1323456766804498
0.01012865224166342,-0.015118191709636611,0.008092915930495529,2.035524748912469E-4,0.24458974286752916,0.9771495019055243,3.2066527811507037,0.15364116678769116
0.01028083047766875,-0.015106648818842688,0.00809409018512307,4.4519582306564457E-4,0.24263029875304085,0.7853253129704038,3.2287273492043496,0.34720083365525195
0.01026705415421152,-0.01512741310472914,0.008056586084227236,4.1972803756609684E-4,0.23835649710736725,0.7901853430587358,3.20213198456925,0.324950360620384
0.010250415838457575,-0.015122369623049343,0.008069215799143983,3.945878120778931E-4,0.24011773732021324,0.815233177202356,3.2084423764042063,0.3053827759927724
0.010144995200706506,-0.015131078674403659,0.008066447038382133,2.2809725008946264E-4,0.24122657380603624,0.9463877375041932,3.191815644635123,0.17221414665621462
0.010233190577780849,-0.015127647076083522,0.0080618587737141,3.6675155167467357E-4,0.23936290990916795,0.83428138464867,3.2013693814994855,0.28274884294879005
0.010174676080177998,-0.015130894147150485,0.008063627247589576,2.746586790203607E-4,0.2404428533480121,0.9081347849564307,3.194415784233883,0.20921577552481924
0.010213321501107311,-0.01513276751447329,0.00805498245574971,3.3490253987239526E-4,0.23888630277897807,0.8567305263290718,3.1941810711687215,0.25695315011768344
0.01019418305268594,-0.01513847860366609,0.008046601109105869,3.0423235491322694E-4,0.23805872948820853,0.8776415096593102,3.186009301247014,0.23209217522107212
0.010303190708943212,-0.015109385466190879,0.008084332683327164,4.7979700668493615E-4,0.24116766279731452,0.753987178948385,3.224834989709215,0.3745523640498825
0.010323256263725208,-0.01511088206609908,0.008077155898085076,5.109410838830738E-4,0.2401331001684413,0.7265639026670455,3.222285545492691,0.3992101327970987
0.01005340770972714,-0.015107342118370976,0.008118622754166175,8.502041390374165E-5,0.2489784627375054,1.0832466759605042,3.2106839289938223,0.06021685043614437
0.010039554550167466,-0.015109606015724692,0.008114616355556869,6.294716985241797E-5,0.2486803653390571,1.0993121516528055,3.2055305852349547,0.042535540871133565
0.010021141289666613,-0.0151091583077542,0.008115834387406347,3.371534642287872E-5,0.2491255880262345,1.1234173774680905,3.2028778471489203,0.019372779604034277
0.010001523221055188,-0.015106005838024282,0.008122103361353957,2.5542410288427434E-6,0.25022648110593915,1.1513123925177453,3.203178680679592,-0.005143844286261954
0.009966216762541384,-0.015115751059142117,0.008102577580545597,-5.3339812020059936E-5,0.24840472039143743,1.1879997893616245,3.183460637068754,-0.04993020543830123
0.009987920950966886,-0.015123655036557016,0.008087589903165935,-1.8884902674314372E-5,0.24618638283418584,1.1536415430713387,3.1781264308169046,-0.02311568439421321
0.01006654214917833,-0.015113629693109837,0.00810583530502028,1.0561235230562809E-4,0.24718416941282254,1.0611492978903352,3.2046612803319987,0.07616913090168859
0.010082391251393067,-0.015117851979128237,0.008096836739017304,1.3048806789183625E-4,0.24579763174112768,1.0373637229269528,3.201546954386457,0.09560706371271603
0.010095005742802652,-0.015129260208737528,0.00807395010277521,1.4971480703878176E-4,0.24286818541043,1.0122419581840028,3.188713613109941,0.11007437247143546
0.009810743659935296,-0.01511159553448859,0.008098211019261482,-2.996294109661344E-4,0.25051757890347354,1.3863827912599938,3.1456795940344366,-0.24361033921094713
0.009828925221139763,-0.015120744640662454,0.008082717567423937,-2.698002117584941E-4,0.24822839627941193,1.3551043547887645,3.1403281394294145,-0.2205313546927085
0.009844558097218816,-0.015126107303886582,0.00807410981446393,-2.445894878468602E-4,0.2468855472547769,1.330771898019153,3.1386086702784546,-0.2009723700371417
0.00987573057451361,-0.015113721158884425,0.008101325588502071,-1.9667982174619868E-4,0.2498270331800849,1.303838410522174,3.163133681566497,-0.16288880765484634
0.009859155778883525,-0.015121844065918544,0.008083934615479947,-2.2207402333707883E-4,0.24785244142508026,1.3168160706715673,3.148282365099668,-0.18315445162026656
0.009893276481436562,-0.015122921931818543,0.008084858384778544,-1.6821454661336883E-4,0.2474095074395153,1.2734127752335918,3.156587899895668,-0.140871249235796
0.009912964455760565,-0.015129595176141526,0.008073271442578,-1.3675532221197782E-4,0.24560973388475552,1.2428246788965656,3.153495163955176,-0.11642410175905106
0.009932011963511934,-0.015127132264839483,0.00807912797909464,-1.0691527247768365E-4,0.24616295262199026,1.2212060875354034,3.1612942174482286,-0.092815509136769
0.009949418394736691,-0.015134716402198455,0.008065172621747574,-7.921703010108887E-5,0.24408702027319565,1.1927231582431397,3.155975745122166,-0.07133693619147065
0.009744590791232325,-0.01510896247934449,0.008092932173512037,-4.043597855892303E-4,0.25103829907303393,1.4696633675988722,3.125413758542987,-0.32530723609851536
0.009761505256086182,-0.015115254662952058,0.008083637188376307,-3.7665309368705026E-4,0.24952446728221195,1.4428168869112292,3.1240669831687065,-0.30389081392575046
0.00979451277458757,-0.015122841915770964,0.008074063697431596,-3.236082829628097E-4,0.24776895138327862,1.3951620690377762,3.126447467776806,-0.26272329394087107
0.009774226464365769,-0.015131053118470654,0.008055073210513674,-3.5413193063213926E-4,0.24567832481427265,1.4115921211073097,3.1094354410606457,-0.28677327038536443
0.009441131852589065,-0.015069679888221822,0.00808222533022591,-8.907335564955241E-4,0.25482094278312517,1.866190814924505,3.0239982167973136,-0.6989045564534199
0.0094590207501317,-0.015078001575327545,0.00807305377429609,-8.597998790950016E-4,0.25328609456841583,1.8360711825649203,3.025028458017863,-0.6753298758901679
0.009603730547866954,-0.015094291853189234,0.008089148120477193,-6.289906758795807E-4,0.25306215970375684,1.652747970851912,3.082639679081576,-0.49912084279506386
0.009588328954010579,-0.015095481812550689,0.008082461714995959,-6.527433056440582E-4,0.2523592783950653,1.669201875531792,3.073799417982164,-0.5173542379283478
0.0095100560309095,-0.01508309820880827,0.00808167555441353,-7.787225878941386E-4,0.2536167701519237,1.7730137812537623,3.047819135003502,-0.6137539185408117
0.009495112112810015,-0.015085015785631421,0.008072744888005025,-8.012744296732696E-4,0.2526860107582189,1.7874210338789507,3.0374112179941903,-0.630867061750776
0.009477286290546042,-0.015083455275396935,0.008069336247150916,-8.294751340799899E-4,0.2524998879447295,1.8091432598050703,3.029247428667306,-0.6522694660848863
0.009570841287395323,-0.015093709356137644,0.0080807329403487,-6.805690167262161E-4,0.2524245540139643,1.6913675703928135,3.0672339431027775,-0.5386966499869734
0.009553282243215142,-0.015087425337223341,0.008087518322110271,-7.099101093989236E-4,0.2536519967748732,1.7188246284682676,3.0656644624793543,-0.5612055170130136
0.0095232997949147,-0.015090228616717608,0.00807236276408334,-7.557113978395959E-4,0.2521583758606826,1.7495003354017136,3.0467110986918047,-0.596112432644177
0.009538391802688242,-0.01509570880273043,0.008066725500769147,-7.304639560762556E-4,0.2511267782334686,1.725980990430839,3.0483427063603954,-0.5768073539484716
0.009616930852374398,-0.015102071869202678,0.008077655830681358,-6.062170222873708E-4,0.25127863469121076,1.6285635768414657,3.0796910755298943,-0.48157535102571386
0.009650759516380785,-0.015099763585269958,0.008090848123299852,-5.53839179132301E-4,0.25237535420228113,1.5915682747274802,3.0978433864179236,-0.4412164196889688
0.009632352262254203,-0.015107754104301522,0.008070701394595793,-5.806379197590169E-4,0.2501319978238163,1.6042904788231258,3.0800868660018215,-0.4619047066704944
0.00972679497429945,-0.015119999020361683,0.00806817676024553,-4.302388350276571E-4,0.24815435337782718,1.4796935851183244,3.1052632910105484,-0.3457101200558929
0.00970341589161589,-0.015128680987337648,0.008046721913771393,-4.6500225363917857E-4,0.24584818011277557,1.4984672488257822,3.085632814842054,-0.3728534530809235
0.009664433177401031,-0.015117042196167366,0.008060612154071322,-5.282982741243073E-4,0.2483186030135158,1.5566412846763458,3.0832609739392933,-0.42163528624842145
0.009680642576797608,-0.015130379882621448,0.008038554092920251,-5.000373130229991E-4,0.24503174779874654,1.5234368451371525,3.0743194339212163,-0.3999435689377729
0.009352209415180605,-0.015049669557078937,0.008083072315143788,-0.0010367239853715752,0.2564648437801286,1.9881274217821456,2.990895837977471,-0.8090696061437067
0.009373338380704335,-0.015061372698080005,0.008069994269837122,-9.989241771694373E-4,0.2542895486420545,1.9502294390707051,2.9916098610670954,-0.7804200723539186
0.009393827883956363,-0.01507312404180601,0.00805624178752346,-9.623325784860054E-4,0.2520893735422181,1.9130616621951853,2.991431738437449,-0.7526274084372232
0.009426232682989283,-0.015083061181175961,0.00805050417893175,-9.084207871344602E-4,0.2508853149231143,1.8655021748911065,3.000064629813829,-0.7118308970922422
0.009407315145953781,-0.015091188251957958,0.00802723190311297,-9.341162455419223E-4,0.24806519860578316,1.875576515387433,2.979691134035764,-0.7308277304470127
0.016143520901163638,-0.010077011776463458,8.788468364318925E-5,0.006401552138267681,0.15275088693733127,-0.0505647000489931,-2.1825405418685437,0.5831170334087385
0.016134483516381408,-0.01023265491962131,2.483429443968068E-4,0.006406017771559594,0.15340271750725795,-0.16620692478436497,-2.1665809598532633,0.7010382692286727
0.01613513278155011,-0.010386375711157338,4.055321146340161E-4,0.0063870684975806365,0.15436251309867113,-0.277844278042852,-2.135791899809884,0.8100302745320028
0.016139573442832896,-0.010524107183863545,5.443573481908975E-4,0.006356545662329775,0.1535182328181751,-0.3743637673785483,-2.0987568656691615,0.9022348540829651
0.016116695804799977,-0.010640393097603942,6.659631223609481E-4,0.006361511182749283,0.15555034206614649,-0.4590501657148337,-2.081317989467799,0.991922499077018
0.016174133544738987,-0.010757912963211482,7.657738668053808E-4,0.006251720252784144,0.1497925228131343,-0.5252978583030031,-2.007224342769065,1.033707825604816
0.016076432773297424,-0.010856593375925984,8.927084212865972E-4,0.0063524490561573865,0.15858784900167758,-0.6149235315985723,-2.0325130199775803,1.15332456987218
0.01630679638759118,-0.010006481008619252,1.649528043428477E-5,0.006178024740552443,0.13960267429649142,6.852751493175337E-4,-2.0733211193869985,0.4766908894804596
0.016449016792314978,-0.009924732001437831,-5.6990825963605035E-5,0.005989278060453699,0.12983734242630862,0.05381203581231151,-1.9837757157231215,0.3808805524874397
0.016546670167732692,-0.009623777146147932,-3.1560647328190413E-4,0.005838917286189149,0.1227491184465702,0.23694475605090554,-1.9212366449909237,0.16842745543731616
0.016564337599665056,-0.009817546127761841,-1.4604936856805822E-4,0.005837282259411015,0.12286059762092258,0.11888311068492301,-1.91380662939475,0.28484992141456084
0.022640271920038313,0.0037408387854151576,-2.15838995428435E-4,-7.124603615371576E-4,-0.24839334218057676,0.3240868582751783,0.2669993745081709,-0.30565851144546086
0.01942135940019687,0.001949548162094383,-0.0012223973184152398,-8.21444958908094E-4,-0.07960280072549401,0.7806006434331749,0.1456643071162633,-0.7169802566239701
0.021326648807936933,0.003137866059270612,-5.257567189975834E-4,-9.014419848242182E-4,-0.17881216884223505,0.5082936442428031,0.23004003998433184,-0.47641953093532224
0.02038268086148287,0.002332230536238918,-8.424697934181113E-4,-8.291535311154647E-4,-0.1324182393844668,0.6484147349953712,0.1741773706097193,-0.6022146485339269
0.01831317467546544,2.576137659217172E-4,-0.001750391992901088,-1.2657927804340743E-4,-0.02572327129730056,0.9205497839436828,0.017352355487184584,-0.8360967420711418
0.019154708202244436,9.709246166499518E-4,-0.001353675864496858,-4.2642910336092565E-4,-0.07058633272177751,0.8183805820749954,0.0700957877726018,-0.7505975654501172
0.017745919005086968,-0.0010184272510995803,-0.0020348575295954445,5.346693770345469E-4,0.00653987023728225,0.9894750444560483,-0.06418346939963787,-0.8921121634698285
0.017643813466869825,-0.001629809449358666,-0.0020821685892218967,8.673919051743475E-4,0.01585800928343193,1.0091776568607058,-0.10491423643665594,-0.9072495003347558
0.018449461987531727,-6.416296200010643E-4,-0.0016821713192771432,3.1022034250968586E-4,-0.03217674478822718,0.9048890518640412,-0.04394827203590421,-0.8228476824241193
0.017870136198182538,-0.0021779086078665176,-0.0019509358140937377,0.0011338805420881592,0.00917805333099207,0.9895190246601916,-0.1524379279567308,-0.8899884824557033
0.017543999494134953,-0.003401926839894,-0.002081934237782947,0.0018569680560017402,0.04055920055598655,1.061905656346113,-0.2666804229768274,-0.94417208580514
0.017789682070635117,-0.002882633608637564,-0.001970923690938247,0.0015219584603547694,0.02063069842060625,1.011455891748741,-0.21568780103190213,-0.9059285313073898
0.0175683318050262,-0.004038759518511205,-0.0020255977830459146,0.00221205477906117,0.04693011226700126,1.070016377113365,-0.34933322252658994,-0.9453302736459176
0.017451358713953907,-0.004436810123057245,-0.002056786445994376,0.002476145236579422,0.05897963688928304,1.0990015157670983,-0.40825903752999393,-0.9641053935703419
0.016972662759539285,-0.005989539340882351,-0.002102692527908875,0.0036312838755001094,0.10092645654676954,1.2222034795894725,-0.7519957518676861,-1.0226670195312553
0.017585813729034006,-0.00482152134523135,-0.0019354123450128437,0.0026529572305247725,0.055966467870707366,1.0718586426211119,-0.47339163848351845,-0.9360622474982984
0.017303277251879415,-0.005644699951026775,-0.0019705800940534343,0.0032518393354632863,0.0790659942085682,1.1306858556851045,-0.6463404901577543,-0.9643389801937957
0.017517131535306214,-0.005272909675506927,-0.0019104833418586346,0.00293858320676926,0.06351232340018849,1.0812829678672038,-0.558765266110271,-0.936108383837193
0.017193412278654174,-0.00647603033185449,-0.0018356427764792595,0.00380990987605189,0.08958627638356377,1.1152453439870704,-0.8673592070161054,-0.9196556711499007
0.017437863846235926,-0.006785730070494321,-0.001602162368576324,0.003833818535067752,0.07592737597268347,1.001224629084862,-0.9184162879734268,-0.8178038053215879
0.016774563145581487,-0.008026550864950627,-0.0014134969703173692,0.005019981390840205,0.11019907631846708,0.960974455993858,-1.4595308315477604,-0.6550156962331689
0.01673085334992134,-0.00820995874028171,-0.0013248912181181695,0.0051556786098157885,0.11270842805445144,0.910411540505646,-1.5361312537697205,-0.5899704390565247
0.016781974032086738,-0.008404529285297103,-0.0011763364497150723,0.005196041212060545,0.1076274419095679,0.8154417096214165,-1.571991411333199,-0.4969590654151039
0.016779613453314524,-0.008669396956716995,-0.0010000360835513164,0.005308835969738217,0.10820865488598581,0.7026701375780858,-1.6435804839415915,-0.37454054233167106
0.016745226958306565,-0.008972377629729316,-7.948325970326566E-4,0.005453155910030142,0.11074896839748628,0.5670853821377375,-1.7265837169184477,-0.2226831060023622
0.016797759848433458,-0.009236794033307587,-5.818276850476789E-4,0.005467287697745157,0.10779963511226144,0.4204510662863208,-1.740910594856086,-0.07998965681184107
0.01679339503688312,-0.00951363046661202,-3.6955651544767895E-4,0.005526675662939968,0.10849742927154953,0.2730711643163035,-1.7703535004828657,0.07212694980526357
0.017172527933930495,-0.0073786602047085,-0.001525960711466789,0.004337845107031713,0.09014993688732077,0.9882750662899874,-1.134858122640643,-0.7621221031438297
0.017029287241315798,-0.00791040236421848,-0.0013489109317001613,0.004728744892673547,0.09675956733553358,0.9038804402091952,-1.3325958164201255,-0.6434066032010245
0.017160627019249187,-0.007639182718619796,-0.0014171467037764438,0.004482426585549134,0.09114007936736085,0.9330145864676817,-1.2142550289718141,-0.6983851556756385
0.017411351037579133,-0.007139652993269094,-0.001494963522754692,0.004037990807755547,0.07815629167614883,0.9544284273653546,-1.0162647555650095,-0.7604897573332081
0.023817200660131873,0.0029557429921127413,-5.888413973915762E-5,-3.0051135368006185E-4,-0.3540104279944342,0.17847259453787567,0.220792890599067,-0.17035391442254003
0.025,0.0021891246502292183,0,0,-0.47260630889979716,0.0019379839539322562,0.1812116737380868,0.0010307043020374783
0.015319366260752847,-0.012041778645499986,0.0025245064116427925,0.006594293817994547,0.21130885643837424,-1.649295567457413,-1.6481510014540657,2.3902922530355606
0.015308041038047124,-0.012109583079567898,0.002592856677425557,0.006541868309349564,0.20935211110909674,-1.6802295234799896,-1.5942331178732718,2.414589378913176
0.01538501264948216,-0.01200819191417554,0.002433235721912169,0.006544483081725017,0.2053220701899847,-1.5912703212240997,-1.659946403018818,2.306391879345206
0.015546040498752994,-0.011646503931319843,0.001965711147811473,0.006643287022576172,0.19977126369283765,-1.3266224426844566,-1.8828141173689439,2.0186507893141674
0.015522263509752271,-0.011720232985574253,0.002054551955080641,0.0066173450349130665,0.20028283230477437,-1.3779238342958575,-1.8384119721052181,2.0715148360548454
0.01548430892200964,-0.011799325587463431,0.002159163175245151,0.006602501389118357,0.2016205567517315,-1.4388531566740237,-1.793658421730689,2.139290399298886
0.015432434042185859,-0.01187034438157481,0.0022684908490545747,0.006608954520235895,0.2062098472935446,-1.5036122121805622,-1.7562525266477953,2.2182162415286064
0.015460065935669069,-0.011958939989147885,0.0023225091307328776,0.006495893508740638,0.19848748565151422,-1.5231116106065743,-1.6782859509338888,2.2110512572646743
0.016117059752385518,-0.010998291073346312,0.0010148531808424543,0.006246336003187219,0.1532665348838549,-0.692690024465549,-1.952675311067537,1.2098223019719236
0.015879109646663926,-0.011318806949337642,0.001431305965804189,0.006412361687268262,0.17110578215993247,-0.9731927823301731,-1.9319609274867884,1.5569880885303626
0.016006585644852505,-0.011220179051333542,0.0012717031590883936,0.006294959970238079,0.1614350854735751,-0.8633940257942508,-1.9155058185068723,1.406720910251769
0.016093786460835265,-0.011140629535374117,0.0011571867972926045,0.006217811440858806,0.1547782897675965,-0.7843950675577916,-1.9060964774447242,1.3022729415588017
0.01561926290456966,-0.011575206533305942,0.0018426565804596938,0.00659803735889404,0.19485669451165868,-1.2459824126575898,-1.90139319227681,1.914066833685912
0.01574008018176322,-0.011519195665530309,0.0017060436842544892,0.006475675989615731,0.1820761783847696,-1.1512702697364003,-1.8828052232350654,1.7728876584573354
0.01583681323537552,-0.011443465859177618,0.0015738196697842005,0.006396014088457916,0.17286893950828647,-1.0630262748832937,-1.8826777616972294,1.6529159992669709
0.015937087027554538,-0.01144095365168222,0.0015121534027858886,0.006267451033034792,0.16408145123276907,-1.0156645685264238,-1.8364595280000136,1.5676146453307997
0.014999764159706316,-0.012517985994782717,0.003241701505828289,0.006447808829297934,0.22089565948212406,-2.004538785188607,-1.256494001981512,2.8061294021158685
0.015052787069032934,-0.012450462858756851,0.003132142474041408,0.00647034781474795,0.2192733864870628,-1.9541286905125383,-1.3197923684350792,2.7447997959753647
0.01518843524519592,-0.012348928983486938,0.0029056233116523376,0.006433600663351691,0.2094074081669495,-1.8327606885607841,-1.4053621661038866,2.578427010795318
0.015126511348889149,-0.012404896278607832,0.0030149142433722113,0.006441118735811914,0.21402344042748458,-1.890337889075161,-1.3597546193557148,2.654313915080573
0.01529373808234285,-0.012222384442086995,0.0026982887954623267,0.006445675978610406,0.20442829210771607,-1.72445597748057,-1.5020069945345715,2.4445044002082352
0.015322120499976256,-0.012163500826713977,0.002623035522870587,0.006471439427884719,0.20400081862865274,-1.687535579536491,-1.546120563588417,2.40493866221518
0.015272412486139891,-0.012358799726661956,0.002823027521054651,0.006328885560104288,0.1992046412301504,-1.7736732058860218,-1.390369914229512,2.4773769760532525
0.015312973010764407,-0.012289132513102343,0.0027297943956420623,0.0063554427399917955,0.19875327035746898,-1.728925026886977,-1.4436715838534842,2.4273359668418286
0.014986589191461008,-0.012643892199091178,0.003338802287828781,0.006308923840188564,0.2121306058516282,-2.0257870787468537,-1.1411048478477983,2.80210824949607
0.015024290181473469,-0.012595205243646474,0.003262947658476735,0.006329270958804693,0.21192016086853607,-1.993282729349545,-1.1882748604190045,2.7631877487711605
0.014987310603210726,-0.012706085242630729,0.003374895786656938,0.006232230291123152,0.20763625952805623,-2.028132068360737,-1.0864597783279493,2.7883287510132475
0.014863050004894147,-0.012904582465339293,0.0036362127810242793,0.006098121128938723,0.20433918706610357,-2.1171210992289207,-0.8900448469386818,2.884340432890768
0.014886824196260745,-0.012850486225772393,0.003579034885504374,0.0061463178656876016,0.2069537993221172,-2.1025981977528283,-0.9421628154710795,2.873184178058266
0.014938348788271515,-0.01281580945315562,0.003496048509271005,0.0061429105040518095,0.20433647404879976,-2.065017433259181,-0.9834916471834584,2.820567385878934
0.014983838412105103,-0.012771047603453285,0.0034157382959792786,0.006155923350825203,0.2023749514980266,-2.031832628791078,-1.0298567312698177,2.777425771026189
0.014074194011356156,-0.013605680042452745,0.004954787603189834,0.0055997654721673205,0.20914163420920756,-2.4374213173988957,0.10103758488346856,3.3431616307937295
0.014815742943097406,-0.012951977124312841,0.0037197106340986844,0.0060775283741467115,0.20555593981665785,-2.148121963657585,-0.8365450872805837,2.9246751933941244
0.014754428551119976,-0.012993664118237476,0.0038193092256929326,0.006073938465556519,0.2081972784261306,-2.1886154968558746,-0.7818711594942864,2.982283677323626
0.014888158440811573,-0.012972974617121399,0.0036354625556118026,0.0059888468281620935,0.19660395293004226,-2.0932289009618112,-0.8393509353145078,2.8302952557397147
0.014122196577137173,-0.013566494488281655,0.00487953313385595,0.005641268146257421,0.20964772135756268,-2.430981861080799,0.035291532119038044,3.3297965871137967
0.014172898607627868,-0.013545217976867958,0.004800112969820334,0.005651751536817961,0.20750991236119207,-2.412530525289981,-0.01936795052326315,3.29523082726789
0.014217833397765098,-0.013521809628749853,0.004729783829754776,0.005666656510629943,0.20625195032526153,-2.397239768094794,-0.06980924337180233,3.267530236325904
0.014263449659952795,-0.01348418533522306,0.0046573408812867955,0.005701360891471176,0.20563963966729557,-2.3866139898983394,-0.12942176110083362,3.249724559056873
0.014299255615415063,-0.013440552009658144,0.0045982415023278975,0.0057486496053108975,0.20790039078209274,-2.3828997088326793,-0.18622273511210688,3.24577144077841
0.014355804000983718,-0.013420998266731309,0.0045107641007332624,0.005746729721038308,0.20484723228583188,-2.3548383584597,-0.23898000457285914,3.1977747097777427
0.01441906976527719,-0.013386994575568653,0.004411883716064574,0.0057602963356860595,0.2026558418270974,-2.3268428832603796,-0.3041357010254277,3.152058539336343
0.014549013090535572,-0.013223080288516369,0.004186002519894892,0.005913455220777853,0.20733293568985703,-2.2907428569766246,-0.5039576550480249,3.1107679808428883
0.014520716172201825,-0.013285368972454931,0.00424308275962523,0.005843713163515213,0.2034463017822776,-2.2925529110313474,-0.4396708381701991,3.1049101993900865
0.014478468979669772,-0.013344631072984121,0.004317388721990365,0.005785691142954993,0.2014482592564261,-2.302354925908156,-0.3709741042719585,3.114460672886125
0.014760283134320706,-0.013067725153859934,0.003841751001238214,0.005970157111400371,0.2007232958685621,-2.1738875416786523,-0.7214029588922893,2.9429313850669536
0.014645182149046235,-0.013141209348290488,0.004025097442575543,0.005959018992223957,0.20586126371626493,-2.242596946211565,-0.6159732602454361,3.0434170046026416
0.014705396396730812,-0.013107112552491676,0.003930475837928701,0.005960053746611027,0.20248771576826083,-2.2065793751051435,-0.6686002278210644,2.98962959676161
0.014627920844963813,-0.013216688172133324,0.0040732627741147,0.005867026632032883,0.19958644815538684,-2.237693674681068,-0.5468942026563667,3.0225230074302902
0.013373205022359246,-0.014174900042246232,0.005920936119466118,0.004782728210763604,0.190283242915782,-2.2927413244018955,1.0680296266463387,3.243528049330802
0.013322555055825396,-0.014234818470069514,0.005967098425983306,0.0046802201764770185,0.1857782878640699,-2.2512650719913787,1.1357544174126406,3.19037053370675
0.013370492022904409,-0.01422408080037868,0.005897943739873815,0.004704595341575577,0.1839876811194505,-2.256435456351238,1.0788615171936746,3.1812128025257356
0.013257312846737687,-0.014284539139192321,0.006038967200221845,0.004589526595289203,0.18341828664317042,-2.2153102379488856,1.2170185258370976,3.153839537912356
0.01331079011237618,-0.014280695261017606,0.005958073951516144,0.004606381146731372,0.18051009637809726,-2.2175310054478348,1.1544623343241334,3.136144957596948
0.013413410462955924,-0.014153532448320669,0.005868262330944853,0.004821370574936722,0.19034118761266203,-2.304562319953533,1.0175054678593625,3.249526623548235
0.013462949677590513,-0.014096292381457546,0.005817454647648161,0.004917034443858061,0.19454775282530634,-2.340246265237947,0.9480026647549905,3.2946398213862724
0.013447990674502478,-0.01413376011714736,0.005823171132328252,0.0048559721798248365,0.19036322586571894,-2.314791540628126,0.9736899448822868,3.255315155698773
0.013553480942187307,-0.01407167981723899,0.005683530827829637,0.004959192825863212,0.19110825420216906,-2.341640857621472,0.8395580805417788,3.2684132182940506
0.013507069336316896,-0.014088029259477143,0.005750466642652979,0.004932266549859034,0.1924817367731617,-2.338846082385024,0.8956495219549448,3.277691831109648
0.013596548403258173,-0.014103600343930047,0.005602156921316549,0.004908756302928685,0.18423252367795884,-2.3101151431119464,0.8019400076181723,3.2016548231835675
0.01388258922021362,-0.013793349033058058,0.0052405972116160065,0.005364058438930099,0.20201012974797858,-2.4229208724101348,0.3843200290214383,3.336221749648794
0.013924591107862686,-0.013758048977669886,0.005179320669246341,0.005409210468470011,0.20295575010534575,-2.425893794412973,0.3256417787971731,3.335588446604398
0.013960325271540501,-0.013728758503766047,0.0051263963175336566,0.005445291690670623,0.20369623031939268,-2.4266985041386104,0.27630404789767143,3.3326908307923766
0.01399849461620907,-0.013699509750480295,0.005069025878953152,0.005479415786802034,0.20396785000624143,-2.425100053137452,0.2248765404857145,3.325929912292629
0.014049265004705366,-0.013672864756367059,0.0049912337189003874,0.005503762702281397,0.20310499135005783,-2.414512045311253,0.16429421847081158,3.3027409984554446
0.01368614673424125,-0.013969795804271474,0.005510130305631322,0.005115786180048027,0.1947087973306942,-2.379299175181307,0.6621900678792946,3.298406033812246
0.013720240818419554,-0.013956244769777259,0.005460104144521218,0.005133844210122147,0.19380259258138596,-2.3780945661610047,0.6214067571166448,3.2883424983627747
0.013759487039644108,-0.013895384089461175,0.005414924901493296,0.005225718694907621,0.19869684853869776,-2.405598968242981,0.5556526249330019,3.3277875801811017
0.01373795821868561,-0.013927777141287654,0.005440360781498281,0.0051770128517957805,0.1960028021854652,-2.3914310038563324,0.5915447530234755,3.307594548234436
0.013801339914937753,-0.013892715902641115,0.005348877464907812,0.005223088553965106,0.19603152780118602,-2.3924897052995653,0.512081754849842,3.2966254034359124
0.013861701668247581,-0.013843939179899371,0.005264238560887425,0.005288584219154895,0.1974767076700824,-2.4002103073299526,0.4299746670734362,3.299428755275042
0.013840871194723332,-0.013882606681025362,0.005288816712814341,0.005231821810120016,0.1937905429447122,-2.3841388996453095,0.46859990083720515,3.274780524570299
0.013643185146535347,-0.014034787783506602,0.005555741483503193,0.00501563761763323,0.18957084115692077,-2.346758339743402,0.7309381804999794,3.2524891313343196
0.013643124906740465,-0.014084079428124792,0.00553722564557023,0.004938280721156788,0.18338550451709165,-2.3130074681719246,0.7470184106501426,3.1943775216365595
0.013688112739635714,-0.014017062662922028,0.005491192491114453,0.005040697531489855,0.1886243008298298,-2.3467791551062835,0.677731364350869,3.241457273827026
0.012944040520462285,-0.014440347067652863,0.006408159156092483,0.00424715397453446,0.1826701181765157,-2.062096602083145,1.5889722273770672,3.0354502670127164
0.012985824342717613,-0.014431023511913698,0.006352220139503662,0.004278739902133697,0.18133684579862341,-2.0778962142365383,1.5392246278586106,3.0404964084158235
0.013028599280505683,-0.014420691997318671,0.00629530434017585,0.004311121558558658,0.18012814473571834,-2.09340488520338,1.488552782068406,3.0454184490264833
0.012623880186269193,-0.014537961171381614,0.006797600822590982,0.003929390969408967,0.1898166652803257,-1.8809614052852626,1.9620149733119485,2.9149582711323245
0.012541925165365762,-0.014586436665066142,0.006865438363348803,0.003803932438370148,0.18806710274422134,-1.806692183377079,2.044098589556643,2.8377646517056307
0.01258175481205607,-0.014576646987486133,0.006818341920059951,0.003845174988622316,0.18676048120057628,-1.8334224416084763,1.9991647895958522,2.8565716570588955
0.012617755723530718,-0.014572759415240924,0.006770096117130252,0.0038744015319243925,0.18497248936620825,-1.85314166928707,1.9564204904333222,2.865695644835402
0.012762733685678537,-0.014469863063437024,0.0066576395233330825,0.004113879954166289,0.1904946714914787,-1.9875184674876258,1.8091466020426352,3.013851160975866
0.012734265693354903,-0.014483393703728177,0.0066877105715081936,0.004077531480730521,0.19011940006660463,-1.9669699534568632,1.8413746372736817,2.9954450940479513
0.01270468065018969,-0.014487552000571231,0.006728322142160234,0.004054235514541524,0.19178904800198812,-1.9524085209340118,1.877654397173222,2.989721248123265
0.012654362675698146,-0.014525611141049458,0.006765223122205813,0.003966878159825246,0.18949308577030846,-1.9034959711066068,1.9283019151296976,2.934317170433959
0.012683776496151192,-0.014508518330766766,0.006738755615224472,0.0040103014923550985,0.18988594259743286,-1.9284550816212305,1.8972316818249066,2.959591660358964
0.012784491800806371,-0.014492078185043826,0.006603607868369237,0.00409205486405743,0.1858993675611045,-1.9783543596074467,1.775823731050398,2.981260870607337
0.01281815971621375,-0.014485726125066161,0.006558855752806514,0.004119200607857168,0.18436833552616888,-1.9941504507081973,1.7354478715096529,2.988057610614144
0.012860048827183718,-0.014484405701339307,0.006497000099413122,0.0041420518921481625,0.18214359359894775,-2.007742694234978,1.6840983882728124,2.986372149664359
0.012893498657886207,-0.014476990334383525,0.006453245656609636,0.004169089026176988,0.18063553108428138,-2.0223508259104035,1.6447075520430219,2.992715197468616
0.012932789031371001,-0.01448909780962501,0.006383820285229167,0.004168706550189166,0.17707331764937972,-2.0231492429236897,1.5948569390262912,2.9711042092414184
0.01223240869281255,-0.014745219435658206,0.007104313547424461,0.0033411473326202708,0.1850181613785982,-1.5130773434573566,2.326295421853747,2.5388322688160527
0.012271689857172065,-0.014736957869945406,0.007063022387403619,0.0033860122116231304,0.18356868432739853,-1.5454668117402517,2.2868030245064594,2.5644561877344465
0.012319340668050823,-0.014701489951654628,0.007043229752046528,0.003473479105544653,0.1858336966635442,-1.5993461367522797,2.2529678409572145,2.627792440978483
0.012308687891445,-0.0147360581178595,0.007015091417776253,0.0034183399727613574,0.18133385453403938,-1.5709536389026277,2.245016657725927,2.578618743963484
0.012356122517594213,-0.014689121136817593,0.00700832500398066,0.0035203034849172338,0.18521300728235415,-1.6310125416224963,2.216890569864146,2.6558431931733057
0.012398056246604129,-0.014665784053669015,0.006978575941902766,0.003585621655996047,0.18588673569447153,-1.6720694502914315,2.180177693142045,2.6989647141225004
0.012435943090408264,-0.014652418809087764,0.0069415493495954715,0.003633339260588824,0.1852683524522505,-1.7034930028129274,2.1418566858769092,2.7266210589343243
0.012473899958523998,-0.014638336505314068,0.006904503170018825,0.0036813841859065707,0.18484323225389612,-1.7346164900353007,2.103142799455201,2.7542189110671385
0.012508024938823272,-0.014645310450328661,0.006848643089911834,0.0036962217761650493,0.1816669997106764,-1.748513393933522,2.0589134239228475,2.751453444524964
0.012538075848221577,-0.014631719867894855,0.006821265672027794,0.0037364775782303644,0.18178389571338105,-1.7734392511980832,2.028945896240294,2.774992799932614
0.013138056999850562,-0.014346826189675886,0.006182547458498119,0.004461680394420301,0.1829041312368562,-2.1629743687991336,1.3608525268355347,3.114827887522679
0.013184313054262202,-0.014334631573603256,0.006119402063195778,0.00449374461386369,0.18154614287896034,-2.1754717008589384,1.3054693708901512,3.115494819308775
0.013241546229912924,-0.014332940593505325,0.006032182814923495,0.004510888955873703,0.17824069244343435,-2.1789897827551807,1.2383396431291789,3.0968990943009556
0.013075177792874289,-0.01441359918520282,0.006229840193488364,0.004338761688208549,0.17809901667813613,-2.1057479177149845,1.4333149899392856,3.043672573789697
0.01312393165852357,-0.014404367883796872,0.006162589705401824,0.004368988752146045,0.1762195647586086,-2.1184698392638412,1.3762508980580979,3.0427702200320788
0.012076223360483756,-0.014825207805381158,0.007197907850042901,0.003096004914110012,0.18315254326417238,-1.3504242446827424,2.4436640467709796,2.3670402608548167
0.012164561391461451,-0.01478616016531241,0.007139183623309813,0.003227564330205651,0.18338519184417493,-1.4399548385262644,2.3753278682011114,2.457924048523164
0.012139120283420164,-0.014809210935867801,0.007141110256460356,0.0031750901666479634,0.18155281580904303,-1.408022240630567,2.3873515750620427,2.417326624015507
0.012112710999285181,-0.014829910500966211,0.007146630603662875,0.0031247575179565437,0.18003854021000962,-1.3766813139343321,2.401365606740263,2.37931854993783
0.012193495141305938,-0.014797720463881132,0.007087390251717551,0.0032389566155517926,0.1797990511482498,-1.454868472784796,2.3356950474308062,2.455821185453774
0.012224774668738874,-0.014788926049294103,0.007058669668944279,0.003277789239313719,0.1791413609978202,-1.4823474583940544,2.306868823549017,2.4798260101071787
0.01186041243137074,-0.014883885658874765,0.007371210474733006,0.0028070335478551814,0.18825375063939,-1.1362947235201089,2.619573429393006,2.171297048311953
0.012058953312254298,-0.014870644489887239,0.00715758277849303,0.0030242544927433384,0.1778810110484742,-1.3135330510479752,2.4287069499315623,2.303158719653805
0.011928798883752765,-0.014882829959860464,0.00729423874915979,0.002880259779488675,0.18404014290935936,-1.1985793577269315,2.5520932249503527,2.2156624109185263
0.011952587061486681,-0.014872237789529685,0.007281515571213207,0.0029170447262950585,0.18433293739645187,-1.2240970400040152,2.536596858270936,2.2422547606186414
0.011983545363553203,-0.01487259094206635,0.007244629943770153,0.002947973121838139,0.18213827011009226,-1.250607022381205,2.504714062248295,2.2598527933656016
0.01202167568172592,-0.014875121559503627,0.007196008144523334,0.0029827805007362723,0.17926437865141362,-1.281145324757823,2.4639093039748627,2.278096642294226
0.011894369273017017,-0.014894866875744761,0.007316645194515086,0.002830572666108771,0.1845143627446148,-1.1626797725308629,2.5766344384484934,2.1804196816463244
0.011923948299795489,-0.014914529585880448,0.007254917032882469,0.002838857741461689,0.17998322173410425,-1.1803891874904984,2.5313661848272977,2.176159946787432
0.011840224755468441,-0.014905240895492184,0.00736280169847289,0.002761229787805032,0.18640507396569272,-1.1088889669105442,2.6209956346296983,2.133564810955687
0.011736686265463613,-0.014951686027360092,0.007406659832339472,0.0025967275212199245,0.185771578079727,-0.9930604277908436,2.6774496544034836,2.010179442258066
0.011815833391446177,-0.01492434344927575,0.007361857994511489,0.0027136240501754727,0.18491093983003415,-1.07865793206291,2.627899588919884,2.0957776773103807
0.011788849264572325,-0.01493267441230907,0.00737906020458788,0.0026750350627945604,0.1854938988197112,-1.0501123806770136,2.646068735392076,2.0680652271104134
0.011779636228993915,-0.014959523207937489,0.007349287343326597,0.002635981847222461,0.18193447687346762,-1.0313935844439073,2.6311346685945325,2.0322390728251967
0.011759969375951227,-0.014964557038772234,0.007362767372718798,0.002608997891977071,0.18256705590931555,-1.0109840945278061,2.644671955740363,2.013056608062475
0.01171505494641287,-0.014973936501698901,0.007395865243105669,0.002549094837313,0.18385163669536866,-0.9645541918229682,2.67676368731038,1.9707798145593263
0.011234663140601455,-0.01504863081178511,0.007718494082108362,0.0018871597269012697,0.20236640440796141,-0.42921205229656517,2.9741904042781866,1.4832516291667714
0.011203366264500995,-0.015046639521021808,0.007746506031345016,0.0018467739608452399,0.20470145884592786,-0.39221727622216357,2.996415304483666,1.4537474629879286
0.011380357276382775,-0.01503660663405906,0.00761733380051656,0.0020870273377868965,0.19525685313271157,-0.5980179555477317,2.8868989034898553,1.6324249861129616
0.011267032334958118,-0.01504914027899094,0.007691667547385581,0.0019296719060504545,0.20030287864810092,-0.46715169965679576,2.952339499744444,1.51455345778448
0.011330172225240666,-0.01504071520169967,0.007653571649478426,0.0020191181441069563,0.19767176926102178,-0.5406366332579213,2.918396407513687,1.582098453160673
0.011299070990444887,-0.015049769047566785,0.007664421115218561,0.0019711495459576087,0.19796831941942242,-0.504152425435927,2.9300987169366057,1.5448364752895847
0.011359466152244516,-0.015057841305433634,0.007600404116689448,0.002042182721745394,0.19306862943894754,-0.571735350992614,2.8795224118054907,1.594245266850308
0.01094823699505292,-0.01508639241928114,0.007855920376846974,0.0014643481663626915,0.21322124908447915,-0.08119631666928133,3.0910036826399048,1.1547785951296656
0.010977350842177666,-0.015087839326972797,0.007834942133460003,0.0015048154596119456,0.211197459113575,-0.11781175554364899,3.0753732770719986,1.1856568937074918
0.011009181269498297,-0.015081812005402274,0.00782495782393009,0.0015536722173523448,0.2104398659992235,-0.15670658198012297,3.0666896888393316,1.2242855418594871
0.01104131937744877,-0.015086666828484275,0.007794906127737546,0.0015954284760104091,0.20744130144559605,-0.19682287409248997,3.04435657005503,1.2552092846578369
0.011064050203131474,-0.015082074865279915,0.0077874318575883615,0.0016301664364837287,0.207093384593747,-0.22429054809492185,3.0375966060858266,1.2825442428551692
0.011107541351176014,-0.015066809710908964,0.007783429034177009,0.001701043274425563,0.20709901796421226,-0.2766898085223118,3.0310831296769654,1.3396304554440237
0.011088171665675169,-0.015089691693195515,0.0077573466745435166,0.001658144064020185,0.20420882245758606,-0.2540958104147873,3.015623261027067,1.302247588284527
0.011177735212196862,-0.015071728164450435,0.007723140213514653,0.0017930065320086559,0.20188087105995806,-0.36114470960160333,2.984108870735834,1.407642401601161
0.011141375361747623,-0.015072753383356431,0.007748484373129041,0.0017430362147476286,0.20395016233148722,-0.31773892279020793,3.0046453853336277,1.3699644793880628
0.010575656823483876,-0.015117725959589823,0.007987265108869481,8.984257548387598E-4,0.2274914594465365,0.3903000195225604,3.1810405613013004,0.7065421994402613
0.010601473642586706,-0.015119748078201135,0.00797328418484612,9.366928765974265E-4,0.225812846401345,0.3557644289656538,3.1726639625576785,0.7365590414601185
0.010631173810544877,-0.01511602903809401,0.007967975197507098,9.829945688043836E-4,0.2251394800069973,0.3184634538270456,3.1700621594306777,0.7736350882073821
0.010662439037325507,-0.015119974876026836,0.007947122403309538,0.0010281790783036066,0.22264391919558033,0.27649192158621055,3.1568319108710323,0.8086700887547204
0.010561017718315725,-0.015139340526363851,0.007952345683310616,8.680970091325184E-4,0.22375245542809588,0.4005483296752878,3.1570145303294037,0.6796695212305163
0.010906610534230211,-0.015109415053998427,0.007839985131816163,0.0013909091332617118,0.21133912776920774,-0.03249650982249843,3.082352423799065,1.0937829607140157
0.010931741417961709,-0.015112840144619598,0.007818813234381572,0.0014246242117228593,0.20927808160634442,-0.06438420197759749,3.067155644052576,1.1192131758682669
0.01069153466894552,-0.015123193184395735,0.007928067206053354,0.0010700728246495353,0.22047229687113437,0.23780734111433008,3.144523245304313,0.841199852272274
0.0107213836408495,-0.015124211454656263,0.00791222709184629,0.0011137915288275868,0.2187329332560099,0.19912003619154528,3.134190580401461,0.8753802431663703
0.010758272707510771,-0.015131893881584596,0.007880187346118424,0.001164226680541297,0.2152135500330202,0.14990527719294763,3.1127812475177277,0.9136952293598658
0.010807059172306299,-0.015111649496674286,0.007891957746874014,0.001245906229765052,0.21652622655582482,0.09290076075065036,3.1200871784406776,0.9807305363976492
0.010785897378334795,-0.015133021127761659,0.007864171438566643,0.0012039082198307329,0.21351934219871826,0.11460427549481242,3.1018634711875506,0.944536415798449
0.010865435021120529,-0.015117481998501938,0.007849342426124025,0.0013272457237931692,0.21226925586681225,0.017778297648122873,3.0901462098244963,1.0429940421288662
0.010837120286594178,-0.015121563475622777,0.007857738460976281,0.00128416498185593,0.21278432456110555,0.05254258768342985,3.0965863221118037,1.0089373601481497
0.0108885222451965,-0.015132440800915702,0.007809357958640615,0.0013517127608223198,0.2082161941655509,-0.013974013313983702,3.062719092546225,1.0595247314854788
0.011597707628807326,-0.015010331906698536,0.007458470892436436,0.0023773886227047344,0.18566353500719923,-0.8364476027921812,2.743945466627746,1.843573483774392
0.01168824105821139,-0.01499666481456569,0.007389149796164796,0.002495448696263324,0.18227356559264463,-0.931063203178657,2.679717296737518,1.9273043748333485
0.01163236171275734,-0.015011807097047046,0.007422142923599947,0.0024163079270281304,0.18326884586047765,-0.8711776394010607,2.713482443759401,1.8693875087529168
0.01166384755737162,-0.015014305996792886,0.007387031805393368,0.0024499522499615307,0.1808275380513647,-0.9017083757582263,2.6845037241393506,1.8909767731518063
0.011515712351637416,-0.015001886459420341,0.007550616998679678,0.00228732606631175,0.19218621028188984,-0.7526851975168868,2.8192311441429454,1.7844814301671104
0.011566123251851487,-0.015013181609772419,0.007484639710081855,0.002337288686189268,0.18714765412745615,-0.8031522848985008,2.7672385555551844,1.8152931470079505
0.011538501174723563,-0.015018418181290958,0.0075027904419778645,0.0022992588924250555,0.18805260977461788,-0.7730595865030262,2.7844642433368194,1.7874548117848097
0.01158399604973168,-0.015039041015542234,0.007427229951095767,0.0023335794683554093,0.18225595015963206,-0.8149724515692511,2.727794904422557,1.8044013445291167
0.011487792439493083,-0.015016868691893672,0.007552818016284387,0.0022391002267903907,0.1914697560162403,-0.7194309706488119,2.8263107702906747,1.746078791668377
0.011413749284798408,-0.015029586603757123,0.007599466020281916,0.0021354405922422524,0.19432013392552655,-0.6363507079175797,2.8696761063560556,1.6691305034648514
0.011454680497626754,-0.015029322849776787,0.007563155279455406,0.002186814616303857,0.19153876686734125,-0.6811553330918879,2.839237773234213,1.7055599205456158
0.004982729351028882,-0.01114148603365969,0.0018041517981241418,-0.007940898277950208,-0.16349320150995297,1.1627030002521588,-2.414228240588075,-0.46183820305532736
0.004982469610680489,-0.01116662469238661,0.0018397021548644456,-0.007924144692455613,-0.16919618854009114,1.1872973799847168,-2.403862765756317,-0.48774827681980343
0.0049886152825749505,-0.011193738703988246,0.0018820972974440376,-0.007912886940759327,-0.17564431773523737,1.2161325274479398,-2.3976037236507497,-0.5151877857625151
0.004985792693635792,-0.011249288143763393,0.001957633370193463,-0.007871312424699047,-0.18719729475453642,1.2690306800671383,-2.3710201861758686,-0.5720177890342693
0.004984838656247349,-0.011222755998441662,0.0019201481724282733,-0.00788879921138261,-0.1815857024899776,1.2429511333831058,-2.382002410637042,-0.5450722262581847
0.00500510370353015,-0.011290139916272292,0.0020278139941001688,-0.00786339933099925,-0.19720944348827027,1.316312965400085,-2.3681073420018333,-0.612751435391015
0.0049877136101416485,-0.011272896228018418,0.001991524042608925,-0.007856622199364203,-0.19217410306107813,1.2925598435816885,-2.3618319680483353,-0.5958561818472851
0.0050309058486393875,-0.01132809976043285,0.0020990652541024654,-0.00786387766869671,-0.2072108184713844,1.3637899679140932,-2.3712902288408557,-0.6505392059174805
0.005003107468562629,-0.01131680629336443,0.0020627973136869058,-0.007841518554745493,-0.2022810188263671,1.341099516904759,-2.353739622476756,-0.6397501306864738
0.005031811109220567,-0.011357501344750155,0.0021398283965141252,-0.007842441222798842,-0.21286005764290702,1.392457768068476,-2.357433140774102,-0.6802698573704813
0.005040159861947945,-0.011385532395569917,0.0021842141257001502,-0.007829841611455881,-0.21893980072659386,1.4229466535718414,-2.350051411813237,-0.7084167989754341
0.00504684164066715,-0.011408941649163092,0.0022209555082424335,-0.007818632803606474,-0.22374451547376645,1.4482610628161956,-2.3433198224251117,-0.7318930093945173
0.005044053830387762,-0.011430388901486913,0.0022472779803642327,-0.00779828013129289,-0.22720835866769495,1.4673478079637123,-2.329497150882863,-0.7533596193647023
0.005050666794184781,-0.011455683785452227,0.0022861191841879627,-0.007784837732699702,-0.23208766180674203,1.4942701272098484,-2.321154028908758,-0.7786073469400866
0.005051992951976163,-0.011481696480912034,0.0023213064705981967,-0.007764649004051888,-0.2364709037610612,1.5192056645230094,-2.307672935923779,-0.8043324007149503
0.005058143917155222,-0.011506498386607849,0.0023587163007948264,-0.007750373932033772,-0.2410697218580848,1.5452768711124936,-2.2985605721914606,-0.8289363545346508
0.005066017049136349,-0.011531747748248278,0.002398027403768932,-0.007737215095630648,-0.24580283105262993,1.5725675938815884,-2.290303543231337,-0.8539974105201807
0.005216685970407335,-0.011793220993854617,0.002866564098306198,-0.007651477217707022,-0.2973414944207588,1.8953648909804153,-2.242963904766722,-1.120107482184083
0.0052243512450652185,-0.01180950736836511,0.0028940099218244158,-0.007642774598300374,-0.29971957377887487,1.9146612799390907,-2.237247395299823,-1.1366524140020366
0.005222187388275847,-0.011827476148371123,0.0029130567214499035,-0.00762165338516252,-0.30086932678617934,1.9289484168623041,-2.221607157833443,-1.153343646182061
0.00507542037445176,-0.01155660489946604,0.002438051192351252,-0.007725670145029748,-0.25055363437165473,1.6002543093619244,-2.2832256378439197,-0.8787274696136899
0.005183285822628015,-0.011753642102249828,0.002784843691309488,-0.007656028147385444,-0.2888084399196434,1.839280408442239,-2.243513138803836,-1.0780793281998493
0.005199646936786155,-0.01176679439933418,0.0028172779114903376,-0.007660273344314861,-0.29240326804098465,1.8611590750049467,-2.2479002331850704,-1.0926819345480714
0.005197468722208733,-0.011788080662009794,0.002840635149069537,-0.00763622888483935,-0.2939978255042261,1.8785452397560205,-2.2303012954583603,-1.1126294798749734
0.005172442729215591,-0.011737350594490124,0.0027542556719290586,-0.007660698527723035,-0.2856227476499933,1.8181729047066073,-2.2459490096442885,-1.061254416243415
0.005171404965568179,-0.011721623926424781,0.0027340472701634184,-0.007675152031730695,-0.28387422858496386,1.8035307747553475,-2.2561995191946114,-1.0460906975877293
0.005160068742698553,-0.011752589523298301,0.002760347208880907,-0.007632350261550414,-0.2852747704918915,1.824040818034078,-2.2245022959841694,-1.0742373237609242
0.005161516549177899,-0.011708724024918885,0.0027085267848360154,-0.0076771863254206625,-0.2810931325781531,1.7860594863731099,-2.256804972270993,-1.0326513312853107
0.005113372033279819,-0.011583269439598143,0.0025059618288599504,-0.007743055604139495,-0.25920659163034276,1.6447746969298784,-2.2987540222709026,-0.9069332017657789
0.0050857098492725385,-0.011580563637104753,0.0024776402206783264,-0.0077155031776159596,-0.2551835494253743,1.627587344280615,-2.277122767387915,-0.9026355524813537
0.005136963083707991,-0.011620451834890848,0.002574928154195148,-0.0077347038179047195,-0.26730631060935656,1.691851296260393,-2.2951673005221376,-0.9448981816836287
0.005123532756378322,-0.011602846205086875,0.002540176769056074,-0.0077363105024109416,-0.2632323686364237,1.668292906977275,-2.29504749544153,-0.9267488482614009
0.005152865008459504,-0.011689744196885737,0.0026767505779120887,-0.007686317898802819,-0.2778143015185754,1.7639251224972752,-2.262557628025679,-1.0135306137489932
0.005146142633825263,-0.011665358132264854,0.002640040692449458,-0.007702450646721286,-0.2740930788641009,1.738027881258393,-2.273397399476719,-0.9893708272313716
0.005135043956387395,-0.011642348764536983,0.0026007645482674616,-0.007712190316954244,-0.2698475141154942,1.7108445244449764,-2.27926266321349,-0.9661262082730397
0.00524996744269727,-0.011888294273774665,0.003013649544486107,-0.007586052654927094,-0.3092491122789149,1.9999811318669634,-2.1974112438725544,-1.2146798137607735
0.005274677168077429,-0.011918368359270437,0.0030752555668045324,-0.007579065923451758,-0.3146995713416146,2.042905415370597,-2.193999151117652,-1.247050273750954
0.005277075652519884,-0.01193820726581815,0.0031004416476328833,-0.007559497045329793,-0.3160482799578883,2.061225535614584,-2.1794670521351907,-1.265743245383103
0.005280632315819179,-0.011956266148022691,0.003124710168400441,-0.007542941833087467,-0.3174133289360897,2.078776151055497,-2.1671959310182403,-1.2829352778837235
0.005288946529756676,-0.011991714422109763,0.0031733829013817732,-0.0075113049593340106,-0.32000940669804295,2.113863181891149,-2.1436848913473345,-1.3166911130525618
0.005284586254937001,-0.011974137329926197,0.0031490541826554954,-0.007526833430312504,-0.3187623695866649,2.0963476854067697,-2.155240022019671,-1.2999499006194755
0.005252506212230426,-0.01191086987695448,0.003042256776890993,-0.00756406390602206,-0.31085206358987233,2.020779354067161,-2.1811894267708003,-1.2359524703382638
0.005222668412918334,-0.011849669602811115,0.0029395924910845177,-0.007598738888344003,-0.3025352818624252,1.9483833686007224,-2.2047853749964514,-1.174179426887873
0.0052286127053149155,-0.011874843660904499,0.0029750986604614696,-0.007578134601416029,-0.3051280976794258,1.9738059383626168,-2.1899897746705483,-1.198482482571215
0.005297421876217225,-0.012012260471149547,0.0032055261301025427,-0.0074963960436261546,-0.32191939951522447,2.136755567883753,-2.132809132820553,-1.336914838728328
0.005299078797039252,-0.012037461806768306,0.003234564779813195,-0.0074688377449146776,-0.32291532706416964,2.157799273912687,-2.1117881043546762,-1.3594038838252953
0.005303652151019483,-0.012058829951179675,0.0032625804419615287,-0.007448452688610818,-0.32405543121725144,2.177876537838184,-2.09633369063159,-1.379063359778937
0.0053082265443309745,-0.012078340716604716,0.0032884145126509767,-0.007430029196042976,-0.3251512729269597,2.196360344964497,-2.0823099450990648,-1.396989389906765
0.005316849373575858,-0.012091724669239351,0.00331256144321358,-0.007422750185082015,-0.32645778596214475,2.2134204264489994,-2.077049117037385,-1.410732833093501
0.005317377688948009,-0.012109791430619306,0.003331769076028447,-0.007401661177782998,-0.3268573109293263,2.2272481322044566,-2.060681631995893,-1.4261026267087635
0.00572543468061628,-0.012794260290462748,0.004451366112219874,-0.006812325699504492,-0.32525293193083504,3.009496883239868,-1.5646633923991995,-2.0747702600050295
0.005729075802060337,-0.012814225473363212,0.00446798104125098,-0.0067838545206149025,-0.3229959837101088,3.0179308252420713,-1.5400300048586433,-2.0857393751603457
0.005516695076940224,-0.0124539649544637,0.003908014869013778,-0.007143621165340813,-0.34182926977843536,2.635784299961477,-1.8558174833829229,-1.7649160838251199
0.005525317792826428,-0.012465755095642276,0.003929609616053781,-0.0071348467741825196,-0.3418518904195398,2.6511358522896593,-1.848404240852103,-1.7769582482105926
0.005499165180377544,-0.0124545151194534,0.003884081405516485,-0.007127172727514059,-0.339759242313503,2.617278103499535,-1.8425307694194752,-1.7570381509361446
0.0054875892175849025,-0.012442601581136359,0.003858418194527724,-0.007133304728953564,-0.3392936791513548,2.598874114428023,-1.8477919717452058,-1.7436291853289168
0.00541993559021714,-0.012244578354807727,0.0035927705335981213,-0.007334602759839384,-0.33998012097047964,2.4128641217279334,-2.0110783493524114,-1.569553745791101
0.005422172265676081,-0.01226406863402671,0.003614111626395447,-0.007311526951350864,-0.33974440892676677,2.427948092996592,-1.9926042308987164,-1.585788340051742
0.005444516254584475,-0.012310196070566277,0.003686035929914114,-0.007272431509701763,-0.34102538226363416,2.479071330424079,-1.961434007086244,-1.629948098921733
0.005427385950813198,-0.012282386773181617,0.0036379895688681625,-0.007292675126563016,-0.33983633014114084,2.4448286407844217,-1.9775331891149486,-1.6020015873683422
0.005435272489105545,-0.012298240611979743,0.0036629334336740617,-0.007279417819446034,-0.3402681481113117,2.4625371383511587,-1.9669603528670823,-1.6172146295151706
0.005444972038389358,-0.012325483170579564,0.0037004469256781175,-0.007252606898404237,-0.34044587047062275,2.489009086108173,-1.9453613939480154,-1.6416905997470543
0.005489874660087703,-0.01240717375345315,0.0038321750792083887,-0.007184053051753721,-0.34176084886451413,2.5822593875010718,-1.8894637222886512,-1.7202020446089141
0.00547661628033824,-0.012426117742005539,0.003829833391050578,-0.007146094469409067,-0.3390818185119149,2.5787341487297617,-1.8584467761170433,-1.7274110391424145
0.0054636685766319875,-0.012350197980173538,0.0037474135509905234,-0.007237143260340186,-0.34170783399297205,2.522584820496949,-1.932907133838736,-1.6677376671517605
0.005447666582915161,-0.012342216747624684,0.0037189457805494987,-0.007232877746412953,-0.3400888629943007,2.5018158430423134,-1.9294066822498899,-1.6552200708800542
0.005469144622298493,-0.012368617052629418,0.003770927112658263,-0.0072174362864124075,-0.34150377425701933,2.5389885946058612,-1.916858338606221,-1.6835388205292696
0.005479070286156758,-0.012388039846017407,0.0038011510375589356,-0.007200276232006046,-0.3416253016954846,2.5603044756714763,-1.902819401986693,-1.7018220795657388
0.005674001346171133,-0.012714248421464866,0.004324966083511022,-0.006896148519134801,-0.33168224468551655,2.924709113683047,-1.6406043549821068,-2.004858428712653
0.00566214672144987,-0.012701708011096383,0.004299106871318741,-0.006905822988081073,-0.3323343348249815,2.9063155920620387,-1.6497412871312807,-1.991357133861737
0.005675709346465571,-0.012729989057424798,0.004337220808941612,-0.006873472103834156,-0.33003221169089153,2.9311386107735817,-1.6212647365102566,-2.013706525945695
0.005694267279729992,-0.012753288127264723,0.004379601799973965,-0.006852134773042222,-0.3285060203766457,2.960465238898204,-1.6015303886806305,-2.0363498496264056
0.005679264751212172,-0.012745962435824754,0.004352244617476431,-0.006851818986834448,-0.3284687836253173,2.9397073894583916,-1.602665744626222,-2.0235837833318855
0.0057124588699724215,-0.012781016936440098,0.004423739507157219,-0.0068231571980436135,-0.3262333982481662,2.990001283583589,-1.5751989211053368,-2.0605791765455446
0.005695941505958002,-0.012770154549216664,0.004391990909574456,-0.0068274387313589325,-0.3266402686527749,2.9665106548916595,-1.5804743509052925,-2.045219187305787
0.0056280200392746105,-0.01264765919353628,0.004212650364308902,-0.006959559254498939,-0.33560897268089707,2.8472420222123724,-1.6974969333401013,-1.9426598795061099
0.005638448113123629,-0.012668099387609611,0.00424178770755635,-0.006937492309181002,-0.3342305631953026,2.8667477957142062,-1.6782097707990982,-1.9597776719014082
0.005639869745553416,-0.012694690506769751,0.004261050378955983,-0.006898727884209533,-0.33153713885947683,2.876800601364735,-1.6455136112927498,-1.9745060645398549
0.005579492661915148,-0.012570066730852987,0.004086929651298392,-0.007033205193709867,-0.3388819851558299,2.7602874047931185,-1.7620059880427326,-1.8710354780518748
0.005584246133653249,-0.01259863969417165,0.004114339912386752,-0.0069956287511938236,-0.3367412381604087,2.7773342043532043,-1.7303639782952762,-1.8904959039996279
0.005608669284823773,-0.012639902241895455,0.004178709489561152,-0.006955231160648356,-0.3347400252583755,2.821332024121132,-1.6951352548008922,-1.9273632729966297
0.005592452752969797,-0.012623781703806777,0.004143849305668878,-0.006965665862309476,-0.33512193846380245,2.7964221982154984,-1.7048693043922487,-1.9093376184067952
0.0055251190255759955,-0.012481728717992933,0.003942067257909861,-0.007112234567620314,-0.3406986385978677,2.658948183480167,-1.829656949270113,-1.7875274964309569
0.00552805580782485,-0.012501406955924136,0.003961621913458429,-0.007087103706850724,-0.33962723344635565,2.6716899970962547,-1.808782303470984,-1.8017857836403122
0.00553819434664265,-0.012519852126645695,0.0039901734235522944,-0.0070698203955884605,-0.3390904578459003,2.6914552794628257,-1.794138989844172,-1.8185721032022708
0.005539475788494268,-0.012541884135806947,0.004008604797171093,-0.007039588078600753,-0.33753598161315784,2.7028044147447825,-1.768969370449865,-1.8329766042744924
0.005549211356183114,-0.01256611541168338,0.004040362944193185,-0.007013234554221231,-0.3364481314009055,2.724059546966711,-1.7466969027343338,-1.8526626256903669
0.005321540226789617,-0.01213410535443324,0.003361430791378106,-0.007376483055279148,-0.3275119914312313,2.2484040020965357,-2.041202702083069,-1.4475229737363604
0.005325166282609863,-0.012159595411990493,0.0033912431757359292,-0.007349072133029692,-0.32809830149647784,2.2695391764334514,-2.0198777687068454,-1.4694069408541246
0.005347682690375208,-0.012205940455489794,0.0034641665765613,-0.007313745984650157,-0.3308235931766716,2.320970408665709,-1.9926823642862463,-1.5137404724737125
0.005332795344290948,-0.012183889592845916,0.0034244106012076073,-0.0073267020713709075,-0.32907352550212204,2.2929473737277157,-2.002537445820119,-1.4913345286054518
0.0054000736131591415,-0.012239175034416839,0.0035620865679966995,-0.007322291440916311,-0.3373820108267058,2.3907344450808456,-2.000758909118373,-1.5581529849804638
0.005382471522562322,-0.012227774876131308,0.003528791788314133,-0.007319818108818471,-0.33528354950350586,2.366932461130084,-1.998420170115569,-1.5429149328189966
0.0053580584918527215,-0.012228403208437212,0.0034985791376129006,-0.007295594479144753,-0.331941713149345,2.345247256268397,-1.9785303443591558,-1.5349118878620638
0.00533430303894894,-0.012225665503486503,0.0034662887690401533,-0.007276437527494474,-0.32887915951289987,2.322179011299488,-1.9630119937371053,-1.5244560309103807
0.006659617212841996,-0.01382342490783199,0.006153765852937772,-0.005376674927674786,-0.10881735986551676,3.878163510750887,-0.11393489685634793,-2.7260022351100623
0.006645105110473758,-0.013824990951063033,0.006126708583311694,-0.005374199647138145,-0.11159493474890195,3.8555754444496637,-0.12050806915925312,-2.714625038667352
0.006601496978705096,-0.013769792553964575,0.006072035442243361,-0.005474383820003024,-0.12453978167413561,3.861135635936044,-0.2130030629096986,-2.7159533334183767
0.006615076619497697,-0.013783526000553574,0.006090920973858736,-0.005449618624508629,-0.12076933444382734,3.8641922073820547,-0.18846119409946005,-2.718003417355765
0.006622915047273705,-0.013802657199390415,0.006096748979762911,-0.005414906934303753,-0.1177503001988796,3.8519575786823808,-0.16039378973118287,-2.712331194924651
0.0066338167322411825,-0.013816430072292338,0.006110259496603877,-0.005389890294136248,-0.11450280244429878,3.8503567669286265,-0.13740206955627213,-2.7118315310920256
0.0065103704166741255,-0.013684987718077458,0.005937316902408908,-0.005623012900775244,-0.14929377545332304,3.822712708925604,-0.3659372551245244,-2.6913278859915484
0.006516204390970899,-0.013703839701533025,0.005941725162875531,-0.0055892974919681294,-0.14641197757452343,3.811050161350478,-0.3386707290853386,-2.686611769151101
0.006525395726264524,-0.013718431869287381,0.005953408036020618,-0.005563639307410253,-0.14335228473337328,3.8086808384764805,-0.3156626837990712,-2.6863382433645473
0.006536530865324199,-0.013732122141697813,0.005968718165107419,-0.00553969790168057,-0.14007979856594852,3.8098421792196007,-0.2929691722568348,-2.687762991695528
0.006582311053817583,-0.013774664980494719,0.006035190606003458,-0.005465013209041896,-0.12781080557661306,3.82744875818883,-0.2168383566224743,-2.698904657185023
0.006568740988822151,-0.013758273187937268,0.006017191648937099,-0.00549418806396806,-0.1317697852244046,3.8270432857370094,-0.24428538530407534,-2.6979977001425257
0.006550376317961353,-0.013745407530798719,0.005988881744298936,-0.00551654545835079,-0.13633364555375005,3.8151005685598527,-0.2695009582907099,-2.691207531460932
0.0064409582732695425,-0.013617088918974887,0.0058302041101922315,-0.005737154665919307,-0.16829473237786652,3.7868106555859264,-0.48347176477622383,-2.66661820316764
0.006453391241023812,-0.013625665804958992,0.005850683506484741,-0.005723576456515042,-0.16523223521009417,3.7974283420570507,-0.4675676817284213,-2.6730271315845373
0.006461474170792875,-0.013641244505863907,0.0058612620893149095,-0.00569644952382261,-0.16227409404329232,3.7942159671072284,-0.44350870731304604,-2.6728309155861303
0.00646557922428331,-0.013662573015455683,0.00586276191638166,-0.005658321665627009,-0.1592370895977213,3.7789242352465267,-0.41344585072379375,-2.666705097929895
0.006489986610876923,-0.013684543856309416,0.005900409536636314,-0.005621569776889715,-0.15289159998749427,3.792672543111942,-0.37490996268214505,-2.675655941332852
0.006471647326818811,-0.0136824366670049,0.005867910377037066,-0.005623216866259121,-0.15612903957528676,3.7676011139387575,-0.3848777249993142,-2.6624004728520787
0.006422479431645134,-0.0136238330119237,0.005795045953491202,-0.005721771995923553,-0.17041619914268744,3.7521797260053638,-0.4802764183766906,-2.6491118072801143
0.006357166429754985,-0.013569781775933322,0.005688781639962156,-0.005806224773395942,-0.18640644067077536,3.7023281535003023,-0.5723856308326106,-2.6168941617469206
0.006404559628162368,-0.013627811055807845,0.005761850708961094,-0.005711514268069117,-0.17257698199664806,3.7215148176990573,-0.48060238997433535,-2.6333399211015025
0.006390866807504965,-0.013618877008232095,0.005739356712529822,-0.005725076069730671,-0.17572835458026667,3.709402968257954,-0.4967067658372805,-2.6260429334466906
0.006377597920651786,-0.013604781296904308,0.005718643010037604,-0.005747784177697366,-0.17925633413490763,3.7023756207562,-0.5194495411140818,-2.620852773163009
0.00636632269239944,-0.013588505697960433,0.005701722897485716,-0.005774636492854289,-0.18283719837360235,3.6998990660291935,-0.5445138381890788,-2.617761127432798
0.005822262697410396,-0.012954333804337234,0.004683726916379195,-0.006626197148188676,-0.3074499688424763,3.1563507177383934,-1.393854473376171,-2.199820759932885
0.005794177452052851,-0.012876324352429067,0.004602995499493314,-0.006732674522757331,-0.3174853802272764,3.1133640506689564,-1.4885794939820995,-2.1539264298530765
0.0058003129853387335,-0.012893064954196037,0.004620888923869693,-0.006710104503685545,-0.31538144525079786,3.1232908961307797,-1.4684558825617733,-2.1642856764638467
0.005812963505317494,-0.012932355587418926,0.004659217073717767,-0.006655501081143792,-0.3103665064142888,3.14297521580373,-1.4201643168855325,-2.1864187309495797
0.005805496534478746,-0.012912006528134548,0.004638045235893027,-0.0066832153841589045,-0.3129010419625504,3.131731250632624,-1.4447938992292053,-2.1744861826495594
0.005744493877249697,-0.012834250339003551,0.004502795250882826,-0.006763766305564503,-0.32105415743126636,3.04144012923569,-1.5212007868025041,-2.1041274780413954
0.005756707653223308,-0.012850449488844158,0.004530417634931858,-0.006747071257601093,-0.3194362976027041,3.0599209236320957,-1.505548958347468,-2.118692135999675
0.005766844331990527,-0.012864513613072637,0.004553554197244357,-0.006732063095251814,-0.31807482832681644,3.0752199275336203,-1.4915315957859263,-2.1309312903175344
0.0057772329567746805,-0.01287586521101134,0.0045756739982157945,-0.006721389712279898,-0.3168074170907979,3.090394221688016,-1.4811306424785136,-2.1422060419868525
0.005719274316225428,-0.012838555989370233,0.004465575156149169,-0.0067387532690860565,-0.3194214465393239,3.009163667590618,-1.5030861590458147,-2.0892852864790434
0.005878254139341351,-0.012993369797588696,0.0047910770685332576,-0.0065989321592460695,-0.3025671629506545,3.234303958128034,-1.3615506231874226,-2.251274676233504
0.005852821645658381,-0.012976743981293429,0.004742703957732141,-0.006609805832450555,-0.30480183043459114,3.1988107402212456,-1.3750884958138563,-2.2281905827675264
0.0058617486688587895,-0.012991625381052163,0.0047632175681140134,-0.006591186254416424,-0.3026562271234938,3.210942550885693,-1.3577875607767276,-2.2387265460373507
0.005831039318651452,-0.012977083448854053,0.004707337110294355,-0.006595084429901252,-0.3044582556289866,3.168482177382835,-1.366102494943713,-2.2126651861974946
0.005883715704041581,-0.013011141358904719,0.004806812742950886,-0.006573028831417293,-0.30004111571067976,3.241156710658473,-1.3384944998584027,-2.2598919847344963
0.005889150349738959,-0.013029536464693355,0.004822473107167841,-0.00654599185457833,-0.29736704650063467,3.2475523935505985,-1.3145558866347804,-2.2683305317607867
0.005896573602039727,-0.013046259293288969,0.004840585044219824,-0.006522849842028553,-0.29492301930724535,3.256583392608355,-1.2935863529286526,-2.2775830746596433
0.0059049894560303335,-0.013061307003601766,0.004859580407928205,-0.006502961590881179,-0.29267551941543973,3.2669263872760275,-1.2751804505478654,-2.287000952424256
0.005913744717400499,-0.013075069531937447,0.004878566136971356,-0.0064852836936013245,-0.290589125098952,3.277690580854762,-1.2585567335681345,-2.296248052095008
0.005922933811163843,-0.013088255511516909,0.004897966481117706,-0.006468694554808263,-0.2885736715761857,3.288971253834657,-1.242746798773684,-2.3055757398760477
0.005930643515848311,-0.013102223044137771,0.004914999907228512,-0.00644981962784734,-0.2863889075287582,3.297812933153208,-1.2252764165579422,-2.3137846239891613
0.005953433898095331,-0.013124419750630665,0.00495946616038865,-0.006425499211170807,-0.28266974374608944,3.3266344645070913,-1.1999868871391273,-2.334509125001332
0.005936554316009009,-0.01311665478064539,0.004929003276190608,-0.006429047381382526,-0.28424248210354536,3.3037564380028592,-1.206611226388676,-2.320524914998336
0.005958087806736786,-0.01314525235424438,0.00497274268712429,-0.00639302217360144,-0.2795213061745821,3.3289503209772917,-1.1717002650308308,-2.340817814485131
0.005969819908985735,-0.013168862728649776,0.004998238879322344,-0.00635958948326821,-0.275654297467166,3.3402967080196113,-1.1412126679344412,-2.35240124348801
0.006035907726609573,-0.01324504420828577,0.00512546731950145,-0.006263604728863811,-0.2619275422259882,3.413803351762519,-1.0455244836985444,-2.40846157033017
0.006042016952634498,-0.01326074959223051,0.005138346962462238,-0.0062396348453908745,-0.2592028938559366,3.4170344841330036,-1.0242258082936009,-2.41348214740197
0.005979104299309849,-0.013195510662708349,0.005019805460963947,-0.006319528302754702,-0.27162578627720374,3.346600335884751,-1.1059126216190565,-2.3618209595643322
0.0059899613882982705,-0.0132225596344519,0.005043512053466945,-0.00627940855654724,-0.2673036039800157,3.3543121734431547,-1.0701762311556706,-2.371892806646585
0.006014366225357487,-0.013241360539597314,0.005088161628571129,-0.006259526557584862,-0.2634120750979196,3.3835027077832716,-1.0476948848790888,-2.3915168230214943
0.006323317136135276,-0.01355171795350498,0.005631213559002229,-0.005830676692545515,-0.19319106621626683,3.666347769064512,-0.6049083432213128,-2.5955861256791697
0.006334495275547067,-0.013571034606842551,0.005648047896038107,-0.005798891405591728,-0.1892179759957686,3.667163823353556,-0.5760641549383932,-2.5983654510397076
0.006234480919532041,-0.013455957309844817,0.005483141045756371,-0.005975789766161856,-0.21611442472262213,3.603379886434993,-0.7515321655443334,-2.5486480950786814
0.006220993007486772,-0.013443598741447862,0.005459869754624006,-0.005993239915464994,-0.21920802718581975,3.591159443137269,-0.770087332048428,-2.54019049744308
0.006298485838365295,-0.013550603784705363,0.005587305222134285,-0.005826572932363904,-0.19628777904059153,3.6302246142326458,-0.6115589061732422,-2.57617172563721
0.006281197425887667,-0.013535344662372538,0.005558763063270336,-0.005849113913630375,-0.2003104095847484,3.6164529517094803,-0.6354870681579997,-2.566861906430456
0.0062509043550870395,-0.01348102855675552,0.005510591981231442,-0.005936538417676499,-0.2109266672407549,3.6109599891189403,-0.7146967376494239,-2.556461808409495
0.006230383571162075,-0.013475261205966592,0.005474802837770998,-0.005940456253925013,-0.21396835242260723,3.5842712815781788,-0.7252188734561839,-2.5413149070480574
0.006258741840972512,-0.013501179760803624,0.0055227630315714225,-0.005903242347480508,-0.2074832301703746,3.6083984120386847,-0.6858031147256013,-2.55796204306495
0.006268555610933039,-0.013519153820694683,0.005538309100916321,-0.005874286226277246,-0.20390837875282455,3.609870336728108,-0.6596862429247623,-2.5612090974010626
0.006091364058701238,-0.013276124438818907,0.005225521320828313,-0.006235932246002084,-0.25417136697679504,3.484573540483376,-1.0076879098733418,-2.452673697257174
0.006098780622727892,-0.013293525496446423,0.0052404146838147475,-0.0062090106713318565,-0.25112528176644716,3.4882783043040235,-0.9834091427624777,-2.458206032313793
0.006107430559379431,-0.013307762462464257,0.005256899751391142,-0.00618804133801603,-0.24841461901200493,3.494909966323727,-0.9637164874085095,-2.464582793877898
0.006115171861967421,-0.013322440541835297,0.0052716632601410235,-0.0061658134645109055,-0.24573263928624653,3.499700512465392,-0.9432486458980517,-2.470010726094906
0.006121608921270141,-0.013337444074202032,0.005283992618115453,-0.006142397211983537,-0.243063984636792,3.502099733857315,-0.9222330723271092,-2.474157561574256
0.006206757168365381,-0.013429212760611499,0.005435214763282587,-0.0060138239881989825,-0.22265211035087837,3.578858174748117,-0.7913646334977277,-2.531313580349032
0.00617254507557554,-0.01337821045263113,0.005374991933955345,-0.0060912701902764545,-0.2331675411584726,3.5574846930206143,-0.8649394420347907,-2.5112153692776147
0.006183620569485479,-0.013392107755932662,0.005394722094541604,-0.006070958302649414,-0.23005511767904113,3.5663037017762895,-0.8449891123491258,-2.5183635153143484
0.006188632290923051,-0.013411604873490277,0.005403578287613389,-0.006038479714886427,-0.2269482790589868,3.562323697973075,-0.8171878798731916,-2.5195738898359488
0.006146125382892158,-0.013357186690463591,0.005327909830181316,-0.006117876667871526,-0.23831115893211738,3.5289098371086127,-0.8948371916713586,-2.492159488462168
0.006128642765324998,-0.013352252182579967,0.005297159649381251,-0.0061195045312931184,-0.24043638478330814,3.505238962504155,-0.9015471169695564,-2.478587000334133
0.0061514488814141816,-0.013377621482655712,0.005338012848827226,-0.006084250365002562,-0.23497277050512935,3.5259632002511876,-0.8660099368312958,-2.4942510341588995
0.0060545368977073695,-0.013269210334555533,0.005161003013428707,-0.006230969169360247,-0.2574070671515725,3.432326648907766,-1.0137814961855194,-2.423403814358261
0.006071696978820236,-0.013276036601779695,0.005191441405651961,-0.00622710474719143,-0.2552915954535048,3.4550556226393603,-1.0058722476783286,-2.436944330588719
-0.004737018380955932,-0.00950380191673671,7.459270039122976E-4,-0.00795989549829648,0.2585475550583591,-0.5284028302849334,2.295998711506433,1.2025790487328305
-0.004739179006633516,-0.009469386427029764,7.972300737787439E-4,-0.00795246866362441,0.26615911102271084,-0.5615616233811445,2.2867611058405926,1.2379577159271957
-0.004723147622377537,-0.009437119991332963,8.395732570729597E-4,-0.007924906146458811,0.2676170145865621,-0.5917454978783107,2.262812237217812,1.2614429688053612
-0.004747202354833902,-0.009151106752182826,0.0012580344757814046,-0.007839946802207442,0.3215531002614899,-0.8595829099581876,2.1649484516310546,1.5476482107226415
-0.004708516576369155,-0.009394202729925243,8.969806431032883E-4,-0.007894940953220691,0.27131022325383497,-0.6313984813069298,2.235836729571318,1.295376915214505
-0.004697278428732824,-0.009347350718697557,9.601650000704332E-4,-0.007866424697234609,0.27587835240112984,-0.6741285385218355,2.2093132910218536,1.3339797355240626
-0.004730451508231785,-0.009268307213613795,0.0010852805428367184,-0.00787260418295973,0.2990557582724795,-0.7503840886203595,2.2042991927682345,1.4281185360020732
-0.004689947312582872,-0.009301890302696432,0.0010218512462739193,-0.007841629504499988,0.2812085157249875,-0.7152315390727729,2.18554249768486,1.3726361163288576
-0.004715053351221784,-0.009175647741959801,0.001209059475757367,-0.007816309910089766,0.30759277352100267,-0.8326355873612223,2.150855932764174,1.5043838239128675
-0.00470937529664855,-0.0092183869883788,0.0011469710902862046,-0.00782891762975686,0.29986161246698506,-0.7934478227825751,2.1657028150639213,1.4617589930271249
-0.004745869608403361,-0.009110940491331338,0.0013134186707181642,-0.007819333035569864,0.32581681958468905,-0.895336469378842,2.1443261514380185,1.5832087075613563
-0.004753634527636098,-0.009077948426218159,0.0013629357165173145,-0.007811364105154789,0.3327453056405667,-0.9259783178361911,2.133878966804041,1.618072776607694
-0.004723428670680692,-0.008958120879150095,0.0015091470139878586,-0.007715060040289581,0.33511032960364123,-1.0226567966066733,2.0462433120675083,1.6996842719679155
-0.004743048488658651,-0.009046452538454283,0.0014008134844799146,-0.007783798988373035,0.33235909751153275,-0.9517404840659874,2.1091713825536176,1.6386290503001513
-0.0047436038860105365,-0.009016038016282996,0.0014424906685323571,-0.007768327503820803,0.33611202438309695,-0.9781116087402978,2.093475294097431,1.6653845845509785
-0.004723523203843707,-0.008993925641832908,0.001461442968293244,-0.007734959067375596,0.33185424655641377,-0.9924771217247695,2.0659937311147822,1.66962611860356
-0.004792094361030373,-0.009735580476237899,4.0827718775847524E-4,-0.008071333058205383,0.22118117897493497,-0.29892669788347265,2.401140542040094,0.9897154545990408
-0.004784334088092069,-0.009676366738175209,4.976697902317533E-4,-0.008052689636206421,0.23368418248137926,-0.3585291233209143,2.3819087381267625,1.0484140429235327
-0.004776806245951917,-0.009705614710105764,4.5174431545398007E-4,-0.008049256782212499,0.22450687045121884,-0.3297347581993744,2.382168453935011,1.0146582757553169
-0.004762994763786214,-0.009654908302246537,5.262413390258731E-4,-0.008024529205783558,0.23303610089294297,-0.3805849386492263,2.359144405287812,1.0611851475144358
-0.004758373833054599,-0.009616097202343729,5.838283344765009E-4,-0.008011392747238022,0.24059627116134544,-0.4190182581388563,2.345671818386014,1.0990663721969354
-0.004726346236134049,-0.009585949022599074,6.217069073958612E-4,-0.00796881805309928,0.23853445240741933,-0.44881465084819366,2.3112762498509123,1.1148951878845637
-0.004702830617980775,-0.009523420737751073,7.079015945367623E-4,-0.007927278933364326,0.24504296959691182,-0.5087005732752893,2.2740362732071557,1.1659833503355637
-0.004704538737002104,-0.009557962212188912,6.577840375728175E-4,-0.007937948016559313,0.2384320833063355,-0.4756183337402091,2.285579047835326,1.1325126981900202
-0.00480005037429045,-0.00998301714517816,2.6229927993090953E-5,-0.008100258660749073,0.15710378245611012,-0.04895257709292369,2.4434996033983993,0.7305968040502454
-0.004792492932739599,-0.009920151088106238,1.2349710008546506E-4,-0.008089849263839224,0.17288549520192756,-0.11327528869312976,2.4308193721104954,0.794800259063141
-0.0047925697313524395,-0.009952302633428408,7.372309306822196E-5,-0.008091129877189114,0.16402829520168696,-0.0808543455903864,2.4344371246058003,0.7607099903237183
-0.004759334919074476,-0.009762041111681496,3.6319147196401226E-4,-0.008037971410848173,0.20632350414429504,-0.27451921725374434,2.3792097129390393,0.9485299377444223
-0.0047662505744082906,-0.009789919627312757,3.2158929470053524E-4,-0.008049307846541447,0.20106014577285927,-0.24626190345099727,2.3900346616947163,0.9221804523014182
-0.004782177140672996,-0.009888819295910034,1.7131643039784816E-4,-0.008076393977221456,0.1791119952862306,-0.14589982828441836,2.418448773116698,0.8242907493049216
-0.004779803569876741,-0.009853368441154085,2.2573189029980316E-4,-0.008071087988000686,0.18787042727434214,-0.1817093942878776,2.411534937397969,0.8608005276484769
-0.004775705431430953,-0.00981637235544035,2.821663593004326E-4,-0.008062963710496418,0.1966078744324289,-0.21909292954983892,2.4023625676946074,0.8981359262461471
-0.004849435701450714,-0.010334915390199106,-5.274603344540431E-4,-0.008125712937300187,0.06126228212593842,0.31572283684351193,2.4882673364541805,0.36851512564051775
-0.004835879497334539,-0.010381041411456135,-5.964717267180663E-4,-0.008100933885357958,0.04581186904344414,0.3596761585137962,2.4743762576045403,0.3160805562905462
-0.004827716739140452,-0.010354994910924646,-5.544761540990854E-4,-0.008096975868483606,0.05270383842196375,0.3317318629783523,2.469754353517594,0.34188287035919096
-0.004839557667386697,-0.010311199685327397,-4.886672826809468E-4,-0.00811867931788947,0.06725639797632893,0.2897618804034758,2.4816816101161447,0.39144701472210586
-0.004835779857403802,-0.01028963110582791,-4.5440742152471036E-4,-0.00811797567137539,0.07325305393291554,0.2672135198501543,2.479624378049223,0.4135301161700832
-0.004820437028300489,-0.010269746478410552,-4.2108119049072537E-4,-0.008103535550402928,0.07723099314350575,0.24420342423120853,2.468115819662362,0.43086811031694433
-0.004805739577732506,-0.010246321848496135,-3.8267645414401084E-4,-0.00809014032821153,0.08211358007449068,0.2179227933178034,2.4569978888608985,0.4519758290038457
-0.004810029705693889,-0.010220565286511454,-3.4335073524343696E-4,-0.008098369925754552,0.09031858838278119,0.1926802395519673,2.460844001918994,0.4805065345105551
-0.004816958961517588,-0.010195009243657025,-3.0445464265567673E-4,-0.008109235049642989,0.09891052529591003,0.16801710762761013,2.466521097187296,0.5096372746561789
-0.0048094785187692505,-0.010170318974595602,-2.6530357701974263E-4,-0.00810319601869656,0.10495886071563364,0.14180296981098686,2.4604140023986782,0.5338779539920901
-0.0048019069550510815,-0.010140133868281116,-2.178035731226154E-4,-0.008097151465133472,0.11262169463889861,0.110084050032066,2.453841494997549,0.5638746170469369
-0.004794731872429495,-0.01010093377050845,-1.5657353333350046E-4,-0.008091574372798775,0.12258398058281551,0.06940866094102106,2.4468635625019295,0.6034618413439782
-0.004795101627389149,-0.010035776118564892,-5.561921306507226E-5,-0.008094404074281648,0.1412660137738959,0.003713100829594648,2.443646372815707,0.6728477384118164
-0.0047788918196108015,-0.010008568219522937,-1.3381041791621729E-5,-0.00807626700623426,0.14576237074633894,-0.025817899395799673,2.4284965947638817,0.696497837570078
-0.004777251358512416,-0.010066021797404847,-1.0186449129119626E-4,-0.008073287333298899,0.1294382690160409,0.03175066144602771,2.4310687311373234,0.6351722606588024
-0.004863843299398468,-0.010592778966373876,-9.301278938884393E-4,-0.008074997295320142,-0.014940766393865311,0.5794063503472259,2.47119754754036,0.09716572874668125
-0.004855783862673332,-0.010554845179814656,-8.694943503192459E-4,-0.008078036315401209,-0.004287586183108199,0.539337640271338,2.4707008134387185,0.135754790174326
-0.00484059656922644,-0.010524013522890634,-8.177228336749784E-4,-0.008070068578601293,0.0038123641305427107,0.5048112641465843,2.463021888484601,0.1653861326462357
-0.004828757411602622,-0.010496537861484426,-7.723662621743056E-4,-0.008064458362150572,0.011026939695789483,0.47452047032031314,2.4571823141939144,0.19203650804995384
-0.0048185424214926345,-0.010468725996743207,-7.271583139332635E-4,-0.008060365567909898,0.018298725680797462,0.44432815468506187,2.452370900509656,0.2193021636672994
-0.0048131098775010305,-0.010404374116892438,-6.274193707823907E-4,-0.008069875839457848,0.03660777492425505,0.3785283731489372,2.4544363909303146,0.28613398975929055
-0.004811451785212234,-0.010437399486954869,-6.775496698358722E-4,-0.008060243719750797,0.026790822635728257,0.41134865150051175,2.4500625883545317,0.2508779301841774
-0.004776707771167746,-0.008089251790362718,0.002558260587164319,-0.007105481426403157,0.3546907909038715,-1.6166441839143315,1.4721327392370347,2.2810531349453647
-0.004767247435837042,-0.008284763311069764,0.002351191871735696,-0.0072731677835841104,0.3633470283940232,-1.5134665314384026,1.619843511919283,2.1884527731958667
-0.00474033265889514,-0.008154295199720238,0.0024612220180882586,-0.007133414758089066,0.3486301968738222,-1.56794381279909,1.5060287268913657,2.2207609459564543
-0.00471584636152568,-0.008221005158086575,0.0023726492503977274,-0.007170995123703893,0.34531021665196754,-1.5229563453209811,1.5449099126565684,2.1692790502627903
-0.004709983316816714,-0.008349933158062041,0.002233152374798285,-0.007275316984553617,0.34832276188485256,-1.4504131878171764,1.6376499011056773,2.102168023201599
-0.004717032350966025,-0.008458912535168171,0.002119123240287594,-0.0073698513293934875,0.3527522851418902,-1.3880194125568417,1.7204955639722257,2.0489105721861596
-0.004699468735887386,-0.008410476474007925,0.0021589826265557164,-0.007314806386910994,0.34629012403289805,-1.4102582245436512,1.6756907648103148,2.06045617475767
-0.004696560530679696,-0.008512573269554392,0.0020426099328610986,-0.007391739872453792,0.34586384637076467,-1.345677945067888,1.7458785256788787,1.999273905573224
-0.004700578893483983,-0.008566033854494596,0.001983911183812213,-0.007435705223974448,0.34733003744891194,-1.3120317566828599,1.7852840581011271,1.9697106725166673
-0.004662216644685773,-0.008600009497552012,0.0019164841477256108,-0.007423147706964452,0.33480390684935474,-1.2747418134453445,1.7838965119539396,1.9156504464294248
-0.0046732845836666434,-0.008935337582674927,0.0015107278673042888,-0.007649777013596942,0.3210792545214695,-1.0292064509896066,1.9962656324651278,1.6816640746192826
-0.004686066132482383,-0.00877094709595758,0.0017271232187194684,-0.007563221985028028,0.3361798640322811,-1.1609258650925622,1.9090497877861181,1.8176023067293279
-0.004675153775120477,-0.008818765615592134,0.0016605313530106327,-0.007582459060398459,0.33003776999549794,-1.1214133310952017,1.9304011019299467,1.773634012701356
-0.004669847740755006,-0.008876805767587882,0.0015839319045768427,-0.0076123120944861225,0.32423838195297777,-1.0749510529940556,1.9606617835118032,1.7253159491388248
-0.004659120965774509,-0.008651496277761711,0.0018539077477370102,-0.007456428615266126,0.332712791613968,-1.2384932878776809,1.815441081011062,1.879507667763866
-0.004660866698245535,-0.008716110073535399,0.0017777910493735353,-0.0075020282236479535,0.33117835194207973,-1.1932811452928291,1.857734330262579,1.836781249976699
0.0048171996285612875,-0.008006885432613804,-0.00267539290143486,-0.007061981744413976,0.35900531105275224,-1.674598084435462,-1.423424750276739,2.350587414452221
0.004789898664204418,-0.007935525810582149,-0.0027140416424753736,-0.006969245539054882,0.3454834987126834,-1.6877978024074698,-1.3555802668236245,2.343974337237315
0.00476830455138726,-0.007861760245456945,-0.00275708881864847,-0.006878866986037847,0.333283568180408,-1.7023154245197072,-1.289865358300368,2.3414431120942694
0.004764872259764537,-0.007798742417028797,-0.002806314552656905,-0.006813095286406083,0.32581954122092044,-1.7204587376524834,-1.2398713875118004,2.3516865105818088
0.005009961689594492,-0.0062408672406407,-0.003820952796132195,-0.0051982069167955626,0.15639332878727877,-1.8595942695424654,-0.2504736638243838,2.353844128694026
0.004880241165054018,-0.007030456827232325,-0.003423319590988798,-0.006053660219016002,0.24938326760304938,-1.889602411105564,-0.6947128857467356,2.465776663356595
0.0048990617221090875,-0.006307992445840516,-0.00368287763425186,-0.00524253227838528,0.1606245185231487,-1.827522539444631,-0.3020240754940761,2.307648343334686
0.004905289927421195,-0.006456153793619296,-0.003655562559526267,-0.005410729108748573,0.1772952390684344,-1.8525372910997941,-0.36824921618439505,2.3540406170055923
0.004856006909631959,-0.006919649063948918,-0.003444925210936135,-0.0059157752918573775,0.23225103289029084,-1.8740701061356313,-0.6257750991562476,2.426764665721739
0.004905692696102914,-0.006590700900392422,-0.0036190612108569892,-0.005563328135019203,0.19416525427647577,-1.8704258611208007,-0.43495864332736384,2.3909305228656126
0.004905817368585176,-0.006736784154962097,-0.003571999510550848,-0.005730026551847975,0.2123083939688177,-1.886110539959065,-0.5142327985408413,2.427033568933816
0.004842239847815006,-0.0068291233815173154,-0.0034658421504199914,-0.005807268297759334,0.21899591589748918,-1.8623542095268557,-0.5728888651939237,2.3985322697193694
0.004829655117894839,-0.007610954400985921,-0.003019636844914863,-0.006666631224352745,0.319453434464918,-1.8064038631602413,-1.110271161878849,2.4432243032437255
0.0047814737170392965,-0.007547248094823773,-0.003014058410644541,-0.006564864027261802,0.302318234136161,-1.7916910766126855,-1.052145846977931,2.401459055729403
0.0048468029469832755,-0.007423554062639416,-0.0031677105213746416,-0.006475233220867752,0.29857009225795433,-1.848908709237662,-0.9697454377266723,2.468392939071265
0.004840427546883942,-0.007330667525470606,-0.0032185275652207444,-0.006368606685486213,0.2850803193902263,-1.8557489237680362,-0.9007819805595378,2.4602869716616405
0.004863777411378704,-0.007134339007089992,-0.003353852557532641,-0.006162677612677553,0.2614984351001665,-1.8802171483335535,-0.7642243633066622,2.4659428525531566
0.004846440339187765,-0.007232858299238886,-0.003281776443934521,-0.006263424144961941,0.273323024127932,-1.8666540581315674,-0.8316524130960411,2.4600079950055687
0.004778340160399822,-0.007472244344685918,-0.0030616133872786964,-0.006482890696792687,0.29237316458357343,-1.8029669779144937,-0.9961126800801844,2.4024680237859335
0.004772863764722661,-0.007678236927559125,-0.0029095773901895217,-0.006695957842164208,0.31530002076170804,-1.7581271419023492,-1.1493031063810084,2.3795100088884484
0.004725690781266522,-0.007743287767184295,-0.002811256506431669,-0.006727563649179283,0.3121139587358186,-1.7148835740534982,-1.1863768674478854,2.324227562510405
0.004732113724779091,-0.008645241073832,-0.0019126623366180553,-0.00752430314975515,0.3557711145543081,-1.2686077828974487,-1.8594443261739173,1.9445004789422573
0.004706368085755501,-0.008764778698779136,-0.0017479729121458972,-0.007579822333265609,0.34312527588615704,-1.1719712654375891,-1.9193218618145913,1.8382812019655552
0.004713835281305451,-0.008701112971223019,-0.0018317926155493852,-0.007544883484304842,0.34810115306259,-1.2217509345624438,-1.8839285731148234,1.8902497061076444
0.004771854873563585,-0.008428601878644117,-0.002197171906337265,-0.00739830998709655,0.3691371440589398,-1.4304402242939442,-1.73119062754272,2.1166600802037823
0.004732795306486527,-0.00854152423950672,-0.0020365695031652233,-0.007448846448005256,0.35757942161324374,-1.3408192117543871,-1.7886841435666625,2.013119338010279
0.004717852666292244,-0.008482849659164002,-0.002092723565706753,-0.0073893718039556,0.35284382338209147,-1.3732941745563043,-1.738177609113347,2.0358101443488006
0.0046938415176876825,-0.008593893473071556,-0.001946406437280723,-0.0074494926349197845,0.344739525460885,-1.2904961429539246,-1.799871520192765,1.9459744354975366
0.0047383355252792626,-0.008360953758798313,-0.0022447295062788426,-0.007310821288887051,0.3571365056222388,-1.4566434124976848,-1.6614469238474887,2.1224248651154363
0.0047507165676251035,-0.008132379816609369,-0.0024922388680197124,-0.007122653821303713,0.35028110401106144,-1.5835791059646203,-1.4938623190298985,2.2392464818623243
0.004777309020778339,-0.008064333016704936,-0.0025828412415984194,-0.007082606223174011,0.3527198404797065,-1.6281519594445546,-1.4526328924578416,2.2905947888671316
0.004710440994272332,-0.008298201242149686,-0.0022884003490087935,-0.007232467648769364,0.3469099058902613,-1.4793301308911582,-1.599752547118599,2.1280702956281803
0.004681916627581205,-0.008157657550556793,-0.0024056909566524706,-0.00708562698563281,0.3332606743673919,-1.5372008647014441,-1.4819826677695611,2.1642401221107903
0.004684925104892287,-0.008235232343482678,-0.0023314080409182493,-0.007155907750821298,0.3378734743218628,-1.5007435203756394,-1.5404386896600626,2.1341164557337717
-0.004747411978063031,-0.00794134414043913,0.002667516752318327,-0.006940145192519581,0.33514544932710094,-1.6625416515457048,1.3445810696178258,2.30038988438257
-0.00475125800707573,-0.008018008829930442,0.002601728898520204,-0.0070167085329803916,0.34256163881706675,-1.6345510161481887,1.4054412106408172,2.2809118746956645
-0.004688775190719016,-0.007899972648232785,0.0026469210318226365,-0.006853397068569275,0.31791482954787537,-1.6461791805736419,1.2923566144255758,2.255449799145866
-0.0046668132340778054,-0.007750826032215434,0.002746790552478982,-0.0066917553542607386,0.3003119865261184,-1.681428983003172,1.1758595547669541,2.2686539828577352
-0.004670730590524019,-0.007833303270985126,0.0026850038436858205,-0.006775231978459142,0.3084145758204185,-1.6589769142378132,1.237003795916548,2.254991264156434
-0.00484516553239888,-0.0070622375819222,0.0033686136848995346,-0.0060712720619350855,0.24989116048674576,-1.870841923742623,0.7160370650178755,2.440318029802937
-0.004794389069756587,-0.007453257223669792,0.003091320538315155,-0.006473079900672017,0.29325541611929967,-1.8144198405720522,0.9850005277146803,2.4178588248013324
-0.004779604226667544,-0.00736386684307878,0.003131871254295582,-0.006367066097312384,0.2796257507396546,-1.8186584228713067,0.9185187147494221,2.405690916344851
-0.004807897747056842,-0.007158247857179343,0.0032789783015513795,-0.006158372142497238,0.2577981283501043,-1.8491372772307606,0.7790004286532803,2.4194042960577953
-0.004772579569087526,-0.007264514777531957,0.003182571672201106,-0.006254949151964715,0.2666907633924809,-1.8241751752311737,0.8487448651042192,2.396169851609591
-0.004676576732370035,-0.007665036185274205,0.0028212620962443785,-0.006613439140911584,0.2951202779856997,-1.7090406373885008,1.1163247814587829,2.291665533739344
-0.004682785887943481,-0.007576167141032146,0.0028912916793378493,-0.006527678400498768,0.28639018045172576,-1.7321070157405798,1.0538378638232564,2.3081283085756716
-0.004713815657503999,-0.007495231955496499,0.0029782193312789633,-0.00646470035832551,0.28396528060567644,-1.7635142809145106,1.0025322160235124,2.342217764344356
-0.004881077542175006,-0.005868705139723327,0.003731615543217845,-0.004758844426066123,0.11853705079456227,-1.7451221465420588,0.143187628858415,2.168387808006032
-0.0048201749726182646,-0.005993025537589834,0.003651346659604885,-0.00487933537252896,0.12927626076533597,-1.748001398430368,0.19604222100583812,2.175124614478975
-0.004874477486847723,-0.006751210172848111,0.0035312077407914214,-0.005733251865726205,0.21199407054590466,-1.8723596221442926,0.5259318847469426,2.4071414695804134
-0.004880160698278495,-0.006604151293031294,0.003586109457167947,-0.00556890500181477,0.19403673313952677,-1.8601881047481112,0.4454942212200547,2.3755818372820094
-0.004832543315505923,-0.00645823751444944,0.0035737269200518825,-0.005388673105864946,0.17450961288263467,-1.8220834782436313,0.38051221319433187,2.307072120596658
-0.00481176888132852,-0.006306072488856827,0.0035869721048934224,-0.005214956622892773,0.15781670041681983,-1.7934658857016437,0.3165746126946418,2.255416410718784
-0.004808904110736652,-0.006149742094045656,0.0036145571649145104,-0.0050446768402444,0.14270150477760513,-1.7693740508599378,0.25458664834546946,2.2123827764010895
-0.004767790020150606,-0.006958277074581057,0.003329957436125456,-0.005916460563456113,0.22783667444886466,-1.8304301238077516,0.6529656493666084,2.362600882191829
-0.004756288120580203,-0.006818928328432169,0.0033742821858769602,-0.005757857175973668,0.21114184622180351,-1.8205138408242598,0.5731879233617074,2.332493651035382
-0.004871755340003327,-0.005717118064230169,0.003735561255665445,-0.004596986987227546,0.10729921597145646,-1.7148360748051499,0.09999625146279688,2.1193027656844383
-0.004897649778258028,-0.0055404310386738395,0.003773551644848112,-0.004416801429871117,0.09475432839652577,-1.6883593747018733,0.04792536788752156,2.0780275180124694
-0.0049364796864642575,-0.005345428314045598,0.0038193371409400677,-0.004220959306059261,0.08258611641206333,-1.65952032876367,-0.005431759239671401,2.0334412519921377
-0.005012752107172713,-0.005223973978607029,0.003896793519522024,-0.004103452252109261,0.07437469200021407,-1.650946076136541,-0.04763594288497752,2.021023042430337
0.006098910458381991,-0.0015671858001677667,-0.004356688108493475,-9.796867333102188E-4,0.017195796150821948,-1.0709339974575844,0.2213659398741656,1.2163087312748353
0.005864739782515836,-0.0010926170320728014,-0.0041620192947863476,-6.933936866037639E-4,0.01971751246643412,-1.0681225312547802,0.13928033147181354,1.2096974314400564
0.005444028444904195,1.3605882461386947E-4,-0.0038540986981305827,8.897689283914372E-5,0.024086567681795408,-1.087880870242208,-0.014244865532665782,1.233486307035631
0.005557549810065223,-2.59775646453364E-4,-0.003929425433907406,-1.682250086732994E-4,0.023503961983479236,-1.0768019690269275,0.028392060410209027,1.220681596293044
0.005597042123280488,-7.09184884796642E-4,-0.0039672582583233276,-4.595809778617791E-4,0.022601600394103773,-1.0828385911263678,0.07882164238826687,1.2272558473645931
0.006084471674285226,-0.003304129871288113,-0.004629223455904497,-0.0022314561362566463,0.007484107010257395,-1.3016426023871215,0.4210023217050432,1.5378569453928055
0.005850552658520338,-0.0035207548606567816,-0.0044793448840818794,-0.0024527688725123,0.013167892983254348,-1.3557825824024041,0.3734260015964624,1.6088071216662605
0.006082892804713062,-0.0026831383651449475,-0.0045077078330245665,-0.0017532785669269384,0.010744993219374303,-1.1977165717153897,0.3583161985229435,1.3907389125605525
0.005968469316614741,-0.002996143203494843,-0.004477716187905404,-0.002009945410653215,0.012614496851575448,-1.255459871447143,0.36408319712567017,1.4718065589420002
0.005909681418814832,-0.002348343921340113,-0.004328291152506921,-0.0015381711445192944,0.015807352091512517,-1.170328620052798,0.28975780666716844,1.351188580398026
0.005763612722908568,-0.0019445084519067648,-0.004173429448596199,-0.0012728547770903126,0.01894128126619748,-1.1411628635225248,0.22602792936083246,1.3094118712714924
0.005656545639427082,-0.0037401757803540783,-0.0043527391931840265,-0.0026686973685268356,0.018432128008201338,-1.401459406616432,0.33008859077167024,1.6695567843987469
0.005596567279906193,-0.0035139727310587957,-0.004265742924909495,-0.0024846778532478415,0.01778328891696552,-1.36088044361987,0.3089775018790144,1.6117211138201295
0.005144890690563694,-0.005883768757075562,-0.004019452927925728,-0.004823017857884221,0.12065179734779026,-1.832077690090707,-0.0814327851153453,2.3003297223303014
0.005166325816173108,-0.005724882561786624,-0.00405276040604234,-0.004648562198292991,0.10509598108393355,-1.8003139346661625,-0.026178806436437826,2.2489892959144844
0.004995346082824793,-0.006086615800530413,-0.0038293134773188862,-0.005020503166152137,0.1400625391637034,-1.8243874900306836,-0.1922626157441415,2.294155789697115
0.0049913231849338215,-0.005932697432464884,-0.003843943839204771,-0.004849100191391987,0.1249415699988904,-1.792406421186551,-0.13834240032942272,2.240485240585127
0.005194829959186156,-0.005402772299934748,-0.004087991839319751,-0.004301021534705836,0.08094842792611355,-1.7300019754284743,0.06247366137421342,2.1403294101850476
0.005172279186652505,-0.005558707655545271,-0.004063793342080925,-0.004466842791755594,0.09322734867071249,-1.7613846949831409,0.01972678437828611,2.1892127226560536
0.005235175400106721,-0.005235872213790396,-0.004126048109467353,-0.004127027585082598,0.07047590004187408,-1.6977644321435095,0.10720666920775064,2.092833727822286
0.005102086902520633,-0.005298205358926278,-0.0039891869034396005,-0.004184966629719201,0.07647649004195284,-1.6846951444855403,0.057551971127513216,2.0720594998892237
0.005316310441315754,-0.005053268186610429,-0.004200106558996331,-0.003938945852838482,0.057935526966960596,-1.6684566693515417,0.16229613199671947,2.048595794339491
0.005350650326736557,-0.004813718510740763,-0.004214860828320704,-0.003695669813168948,0.047163196447035156,-1.616101724250307,0.2028373064703841,1.9724141920699247
0.005408229660671556,-0.004583683737325145,-0.004247065227509123,-0.0034670863600805373,0.03821675202895019,-1.569239632670902,0.240835684785868,1.9050135521842362
0.0056976288865363545,-0.004108786091956827,-0.004451053079233197,-0.002991045868296099,0.01965458046949595,-1.4794543711784878,0.3461126881030836,1.7810370168306675
0.005510434204118178,-0.004344513380570804,-0.004313830397383954,-0.0032312017695091334,0.02957505786897086,-1.5238044370123536,0.28472311763564123,1.8412170459649289
0.004291307078445878,0.0011173016132276596,-0.003087725695623442,7.830508954646454E-4,0.03330794809075605,-1.1842738759534654,-0.052506738544794214,1.36242463716264
0.005085774747419188,4.4120572929683187E-4,-0.0036203571466000587,2.963972990368781E-4,0.026835714908392646,-1.1225187406578543,-0.036866733782705836,1.2798013118756029
0.0045341890870231735,6.777705244399571E-4,-0.003247287956062378,4.6926252234581777E-4,0.03147153111016293,-1.1622948500906594,-0.03941020982813213,1.3329019085958451
0.003399116854472053,0.0018473425126020026,-0.002462821327213493,0.0013271544505094716,0.04153964791076418,-1.2233633690364056,-0.03401852941103889,1.4155385753995422
0.002703815266119489,0.002044029358691465,-0.0019569456050573396,0.00147618125501496,0.04556756045889144,-1.2258812775187273,-0.012693165220096574,1.4189471628733534
0.0035705751622401496,0.0011262053715315181,-0.002573606221585064,8.027104464996463E-4,0.03886026290336436,-1.203071347582257,-0.028986526338515093,1.3880468809066788
0.0014463581980504422,0.002790698266237003,-0.0010406503418278832,0.0020147542145958646,0.05082426506659855,-1.21682814385754,0.011030791784953654,1.4070987075421366
0.0019483287009902748,0.0022481567274614703,-0.0014065219739137476,0.001624062030669062,0.04896663275338791,-1.220807308130427,0.0013682015797116549,1.4124100242344095
0.004700603920646189,-0.00919129873836364,-0.0011808790221466542,-0.007807673851298903,0.3009970451608877,-0.8165661098467393,-2.1465774887627163,1.4810514847915286
0.004762943455721407,-0.009771737937475274,-3.488959182717353E-4,-0.00804331978464328,0.20483685168536145,-0.26466377225801224,-2.3840545736158756,0.939932789510646
0.004740781797518762,-0.009737794821545924,-3.972856686846994E-4,-0.008013669233469424,0.20766119808022535,-0.29968295682734375,-2.3592453170110237,0.9661884578865781
0.004721383883743035,-0.009708140042756505,-4.3879576846771043E-4,-0.007987338522865404,0.2097202666465737,-0.3297137194095947,-2.3371126696447218,0.9885400904367543
0.004723029812033436,-0.009670653545767151,-4.950576683150836E-4,-0.007982671152670569,0.21881141679102648,-0.3663937203298588,-2.3300490931050035,1.0275454267754134
0.0047256866011629785,-0.009405956609348703,-8.856912081354483E-4,-0.007917723599666256,0.2741327209124809,-0.6214185232905054,-2.2539979060526316,1.2933279492793475
0.0047142039188228,-0.009458427352659412,-8.058390788377722E-4,-0.007921534677857485,0.26098239554770036,-0.5710593623173285,-2.2627190439170835,1.2358680299312252
0.00470710190081955,-0.009427811675106227,-8.480568227184945E-4,-0.007904285514836374,0.2645991845180547,-0.5996615511356865,-2.2465619642950743,1.2620445235623958
0.004724446045064471,-0.009355362054561979,-9.583994709241871E-4,-0.007899043948126414,0.2828267859661744,-0.6690158419812137,-2.2342804049060043,1.3417146574443508
0.00470828786247874,-0.00937859250241674,-9.193657447220336E-4,-0.007889396712963589,0.27375218896279424,-0.6460160452693114,-2.229927781152198,1.3103520850421313
0.004692792804658697,-0.00923102857881992,-0.0011223104463575428,-0.007816334084472179,0.292713179166392,-0.7799168382618813,-2.1580548955482928,1.4400285118283753
0.004699097343204624,-0.009276262447411294,-0.0010615087872134531,-0.00784160169361794,0.28804967536318976,-0.7397373676458413,-2.1823123479816355,1.4020247979963314
0.004712129872260832,-0.009320507231333874,-0.0010038429994564185,-0.007872828649751197,0.2848734264870001,-0.700478244407191,-2.2107270355993798,1.3680504481162419
0.004697566310886275,-0.00963351575367041,-5.451639568748772E-4,-0.007947156043554872,0.22050133432341598,-0.402858694508663,-2.300198681282431,1.0536966064035267
0.004670946464435767,-0.009608226982472904,-5.766146277154336E-4,-0.007912490463277173,0.21919318570291768,-0.42726599185654396,-2.272160526994587,1.0669166264678416
0.004666648057112926,-0.009577815420543449,-6.198125922051654E-4,-0.007900957353844842,0.22427117306244052,-0.4562048588379661,-2.260497186859188,1.0949666082104237
0.004691068787981916,-0.009512723741138499,-7.203466397665621E-4,-0.007911471117750426,0.24392338683254441,-0.5186398135847609,-2.2612351808168145,1.1707833697238408
0.004683559727002539,-0.00947469244692168,-7.732722860279282E-4,-0.007892615191105455,0.2490703511538044,-0.5543413288312817,-2.2431431852130803,1.2041808949024555
0.004654398416147404,-0.009535723160426569,-6.775455668581229E-4,-0.007877326364202865,0.22944518760614777,-0.4957986486677233,-2.238596248883534,1.1303787462469839
0.0047458189296803776,-0.00980532478342551,-2.95807484561569E-4,-0.008028013047081796,0.19230690855862706,-0.2324671162889533,-2.375999558536923,0.8982046105082074
0.0047633521106028864,-0.009871206915363324,-1.9707230301278713E-4,-0.00805383413513986,0.17951898738239225,-0.16536789728383086,-2.4006517270590417,0.8359773289000819
0.004757372344123961,-0.009914770498896783,-1.301012642715969E-4,-0.008049741581909261,0.1667134972209949,-0.122406783373022,-2.401522185237099,0.7881181413100647
0.004732597110504382,-0.009842173767937173,-2.3871417172156175E-4,-0.008016814932430186,0.18000216352306517,-0.19690027642531738,-2.3712562690706727,0.8548892117076966
0.00478591112467912,-0.010020357055589946,3.162308143269071E-5,-0.008084164015744884,0.14389567560741412,-0.013066245750185142,-2.4350936968658874,0.6862876316568308
0.004765726190113418,-0.009985740441250982,-2.167791998900471E-5,-0.00806126648844002,0.14945381122976228,-0.050379559136654935,-2.4158864862191254,0.716301830873329
0.0047371995939431795,-0.009953529500080093,-7.030046879715684E-5,-0.008028481983489306,0.1523540896919582,-0.08582459881574232,-2.3896002871401865,0.7405793658925354
0.004816837534590181,-0.010158287178211342,2.472512421169849E-4,-0.008112698545577961,0.10971025342800085,0.13082879438411463,-2.466180964638017,0.5488061332569024
0.004826611623962335,-0.010095061831328571,1.4913637812527934E-4,-0.008128320994823373,0.13001069342445193,0.06831705328611083,-2.4723107506116437,0.619249053032472
0.004817704309098301,-0.010126946602527973,1.984435990830117E-4,-0.008116164479636005,0.11903352272157418,0.09923409146042611,-2.466215918428805,0.5825297017535181
0.004797840348984896,-0.01007408141690506,1.1509909093882452E-4,-0.008096393482853249,0.13091340236574492,0.042762412869108146,-2.4481201488324014,0.6329613084325946
0.004772253334677413,-0.010050025306683181,7.709871153252326E-5,-0.008068113678852339,0.133004198027141,0.014948916239355391,-2.426090249478733,0.6505815163666949
0.004822091914786723,-0.010271905134248261,4.246812892752685E-4,-0.00810509903404775,0.07680199420078321,0.24669261090940933,-2.4693915926860694,0.429005079663008
0.004804950064398149,-0.010245409068002078,3.8115979727337904E-4,-0.008089364639099211,0.08224959783666984,0.21682268038710836,-2.4564024195655985,0.4527817955338374
0.004788820860711894,-0.010224483593166377,3.467848206487646E-4,-0.008073757023324413,0.08608425513779619,0.1929394670935791,-2.443833094766307,0.47072302477713646
0.004789981045856068,-0.010201487050892131,3.1151797585752145E-4,-0.008077784465556662,0.09288096223585722,0.1699837729660416,-2.4449120000577618,0.49540460355584864
0.004788944998760148,-0.010174170216581015,2.6930616659335605E-4,-0.008079445954455965,0.10065809922953699,0.14228827112645018,-2.4439886167512737,0.5240973789435576
0.004879039153979486,-0.010707197667375648,0.00110959168708795,-0.008050463397091756,-0.0474786457568899,0.698157401397573,-2.461955791120038,-0.020931126420006455
0.0048736121601364105,-0.010734407274808868,0.001148364478652027,-0.008033270012837941,-0.05529852485077447,0.723958758616714,-2.451798493493774,-0.0504139261312202
0.0048808254933156315,-0.010757813390695446,0.001186503145137135,-0.008031629978925713,-0.06162675527840259,0.7493024213570888,-2.4522285315452677,-0.0738484853946937
0.004825537564313662,-0.010461276741989276,7.175887887108812E-4,-0.008070237782525781,0.021022651545050616,0.4383378278796119,-2.458742051249773,0.22868255838625104
0.004842486716136609,-0.010371763868221438,5.834772775238174E-4,-0.008110443094008095,0.0493152868712663,0.3516441448680798,-2.4803264213152776,0.32750987476371707
0.004842342226341275,-0.010402928994230197,6.317917312225308E-4,-0.008103511069764056,0.039902219958003186,0.3831142295584398,-2.4777405728432265,0.29427582710227923
0.004830870746520522,-0.01043261183355875,6.749321121848191E-4,-0.008083472128650774,0.029971672581315455,0.41062588851481513,-2.465915990243189,0.26019998488714263
0.004824242475880289,-0.010323959008506188,5.057748078000192E-4,-0.008098894888522874,0.061560363047469646,0.2996938158891966,-2.4688627577926385,0.3740980862947642
0.0048165366492676194,-0.010354104571644157,5.50887190650178E-4,-0.008084406269536994,0.0517092153512047,0.32858263987506375,-2.460951990691976,0.3402350018241553
0.004803140049271897,-0.010298886362120485,4.633927271966687E-4,-0.00807921410928786,0.06636200377117774,0.2703732711959681,-2.453280711115966,0.3955669259760459
0.0048629774113558314,-0.010580176612202008,9.105640542702282E-4,-0.008078159480531465,-0.011296638380777812,0.5665217661079226,-2.4725089861387315,0.11033724774759697
0.004844328829513669,-0.010559382159843126,8.72843058118293E-4,-0.00806357374466578,-0.00629643249675475,0.5411973588053877,-2.4609739329986584,0.1287648296351969
0.0048600972151699815,-0.010608384695491883,9.526633607274618E-4,-0.008065458937480958,-0.01976977653421588,0.5941778355332287,-2.465633861608343,0.07998554327265696
0.004865565041026551,-0.010632457018635334,9.912103145760945E-4,-0.008063291087141308,-0.02642506197824087,0.6196969090322116,-2.4657651709850668,0.055568383718825796
0.004858380399409814,-0.010658119732734532,0.001027506253014097,-0.008045819965245867,-0.03411245399493149,0.6436729356180703,-2.4553708843641293,0.02721905258145296
0.004853807969091513,-0.010689314695300227,0.0010727649747858514,-0.008028852179519819,-0.04303808432722744,0.6737147660613033,-2.4456441463477074,-0.0063360393819655485
0.004824140355720548,-0.010494019139667523,7.67240954199419E-4,-0.008059912525161013,0.01135054797471244,0.4709290470725267,-2.453850841001572,0.19378413403747022
0.004827107948417476,-0.010529807040909302,8.225750072142423E-4,-0.008053039671446814,0.0012093171513353604,0.507523631717099,-2.4515766942704857,0.1566105118756019
0.004817697313928971,-0.010559319393523066,8.644179490098061E-4,-0.008033420467836032,-0.007843351465223428,0.5348967161142065,-2.4398973370766495,0.12373561437317926
0.0047949490197173265,-0.010472434627346528,7.266071122969388E-4,-0.008032705639383126,0.015364946749619886,0.44292865436425494,-2.43327960432331,0.2104524035766335
0.00495938804854891,-0.011048503861364703,0.0016559194636156952,-0.007972331018276971,-0.1399794030690216,1.0626711262766804,-2.43027123064247,-0.36757057108857344
0.004957452231441575,-0.011075986065512855,0.0016944409101775535,-0.007953608069268066,-0.14651016900312164,1.0891447240870686,-2.4187568185520303,-0.39620332570085576
0.004962206974086721,-0.011128453246688708,0.0017724034560129584,-0.00792622468892472,-0.15906764494856063,1.1424365756573338,-2.4026611503457107,-0.4499234852953594
0.004954569953807915,-0.011104528303061165,0.0017335345322447796,-0.00793276451268909,-0.15307360035715664,1.1162349247880379,-2.405721587854496,-0.42590750236396413
0.004908672605467888,-0.010887174881072485,0.0013919494513756263,-0.008003253129512835,-0.09695732984342696,0.8862982795126187,-2.4410811293066637,-0.2053136259100897
0.004904334188546389,-0.010858535526068578,0.00134742492317222,-0.008012437493596404,-0.08920430626294028,0.856478093382048,-2.4456072451414657,-0.1759578821247303
0.004899935480381386,-0.010827320138090443,0.0012989199196724083,-0.00802228543637494,-0.08081839223894309,0.8240733122934415,-2.4504185494582376,-0.1439079922791375
0.004874528433214761,-0.010782565994226676,0.0012207486970797646,-0.00801378206515925,-0.06856922558270172,0.7723089525138803,-2.4414007541166,-0.10076169265187356
0.0048707573384732545,-0.010814680508320473,0.001266696564630486,-0.007995136886352575,-0.07723157191757445,0.8031837712480749,-2.430446029210604,-0.13481019389248083
0.00494006592631278,-0.011022212750533856,0.0016064941236217172,-0.007965928417469336,-0.13251637101773764,1.0301845410598103,-2.423854273698914,-0.34220763923589276
0.00490920567320829,-0.010916026707864047,0.0014347049145614149,-0.007989191179786055,-0.10452405608140715,0.9151492862663272,-2.433100675923644,-0.23533372552598783
0.004907586735832552,-0.010945601038910437,0.0014771217351735675,-0.007971864826730195,-0.11206129589961222,0.9439408546013338,-2.422800096808547,-0.26624273642817414
0.004906791482779328,-0.010975147364401592,0.001519606747379325,-0.007955011553191024,-0.1195099476195529,0.9728450509854595,-2.41279488460604,-0.2969060222645887
0.004906240997039974,-0.011007397583573946,0.0015657900931710137,-0.007936437183646774,-0.1273921084360438,1.0043697430422105,-2.4016708671596625,-0.3302085408289009
0.004725305089841938,-0.009038557291296021,-0.001402266989968065,-0.007760648008662308,0.3275108161228952,-0.954971506079434,-2.091206213012019,1.6329477897787623
0.004677486667776587,-0.009160832870331734,-0.0012124993100019474,-0.007769269506324403,0.2978549989993308,-0.8400293104250517,-2.1144542103733777,1.4937734881013607
0.004701395932264875,-0.009080317976098283,-0.0013334944247683051,-0.007756435949136826,0.31521606373725003,-0.9142117243992116,-2.0941108677660414,1.5801988883084384
0.004684435762480685,-0.009122831754209651,-0.0012675419599279892,-0.0077590322585640295,0.3046819235163823,-0.8742711717063182,-2.1018894277489086,1.531728265658914
0.004696459776791667,-0.009007865563258726,-0.0014282540178966645,-0.007713844259351202,0.3217760117693424,-0.9747740775154401,-2.0529003991241153,1.6385835307781533
0.004692804218894443,-0.008963109036811934,-0.001485447802108356,-0.007685654735445162,0.3245160296522552,-1.0113334688421654,-2.025934914613254,1.673253866202544
0.004684728313384927,-0.008819079400850874,-0.0016660619729743267,-0.007592389907050682,0.33304229603228336,-1.1240186953224784,-1.9373356702268183,1.780785088017809
0.004676558646338029,-0.008867687779816214,-0.0015995434729705515,-0.007613742138248453,0.3270250103339565,-1.0839686745924448,-1.9601563801135338,1.7374399120380275
0.004678878919028458,-0.008914500215382093,-0.0015408898051673871,-0.00764365734241329,0.32429715259971403,-1.0474690768327208,-1.988632755161696,1.7024754204536292
-0.004874187318995126,-0.01068269150335206,-0.0010706288615392257,-0.008054531452007215,-0.04061538561557728,0.6723068917208387,2.4630979360350733,0.004081405418834346
-0.004866672089917727,-0.01065588687273764,-0.001027186915509296,-0.008056071397776886,-0.03317428660119797,0.6435007933947535,2.4623475005998787,0.03104092260796622
-0.004862358414911944,-0.010626327632939876,-9.807569044950305E-4,-0.008061812232568208,-0.024804032180100164,0.6127588591839456,2.464327781096672,0.06145161606690036
-0.004833371426962555,-0.010613503008009083,-9.51274010262563E-4,-0.008033388452649793,-0.02238607336458656,0.5928221172707967,2.443617457838894,0.06970636548861224
-0.00487575468585656,-0.010726869911736147,-0.0011379213148048995,-0.00803879477889212,-0.053084770006747724,0.7170303831005599,2.455127895889604,-0.042189082967827564
-0.0048566272051308815,-0.010705753540719627,-0.00109852613065713,-0.008025617081420714,-0.04757403621390732,0.6908421664570343,2.4444806257095384,-0.023089654486090738
-0.004926518252009834,-0.010880909719973028,-0.001391571945776602,-0.008026628524576966,-0.095610895025896,0.8853631186550864,2.4571396777631587,-0.19640921598261982
-0.00491567028472113,-0.010856588091146986,-0.0013500143588687289,-0.008026242389583944,-0.08888230113709612,0.8578610039697446,2.4552083195946994,-0.17238107514727352
-0.00490005253423932,-0.010804985460542958,-0.0012656208493372688,-0.008032696790307443,-0.07467417350186689,0.8017847763269081,2.4561942242175347,-0.12045375690340812
-0.004902056164941891,-0.010830665226181138,-0.0013048976767614415,-0.008023127797650966,-0.08169804672903626,0.8280160528018364,2.4512448152425095,-0.14710087884389297
-0.0048766017541981566,-0.010755214377596986,-0.0011808096589482064,-0.008027949508318073,-0.061028726131142234,0.7455706540479583,2.449470288279499,-0.07178354342059325
-0.004882875772833659,-0.010785489228413672,-0.001228790133780725,-0.00802194331240798,-0.06928526530644603,0.7775097828806724,2.4473322359717566,-0.10255180512599349
-0.00496965092702482,-0.01105144316242104,-0.001666300107561818,-0.00798219536958917,-0.1413326544867046,1.0690393624846453,2.4375550337284295,-0.36960454504485835
-0.0049710090267846944,-0.0110298326001679,-0.0016355844372678272,-0.00799652085701682,-0.13599347098391748,1.0479907900529595,2.4462357496656666,-0.34692917656949174
-0.004958235611095805,-0.010985151430247243,-0.001562699633290506,-0.008007578022530227,-0.12409364110736756,0.9992636528809894,2.450940263392422,-0.3016359137090054
-0.004964317714503308,-0.011010170820398173,-0.0016029042846017084,-0.008000315866383082,-0.13077996969330408,1.0261829743987405,2.4475488183708,-0.32710740762228835
-0.004943193257306008,-0.010965593381914097,-0.0015256048827772485,-0.00800130677920684,-0.11838908569589414,0.975004654298842,2.445113406894159,-0.2829536523866432
-0.004932745909635282,-0.010942132590378394,-0.0014854436757334203,-0.008002124952296949,-0.11197932831159874,0.9483717274073128,2.4440807115286276,-0.259703754773371
-0.004917645961549242,-0.010911416954928074,-0.0014322766542339657,-0.008001106034075589,-0.10358696327477811,0.9131461101465917,2.441271241905692,-0.2294886687087991
-0.005002237676034068,-0.01116928642096522,-0.0018566084416351866,-0.007944633336070773,-0.17137411763057633,1.1972329136222835,2.4189859663264675,-0.4890838107104482
-0.004960624758468899,-0.01107828760435832,-0.0016996857914790785,-0.007955772496776106,-0.1472826969182179,1.0925379210424095,2.420480318076829,-0.39832046722352854
-0.004979135945542262,-0.01115780755103816,-0.001825017853685319,-0.007926209621090223,-0.1669532186787364,1.1774270123957347,2.4047452828106803,-0.47891532615977134
-0.004966636744777622,-0.011134776150934911,-0.0017842209900730086,-0.007927140600123362,-0.16084877686433727,1.1502651879685468,2.4037777137453316,-0.4561207392061963
-0.004954919735321763,-0.011108551874419028,-0.0017394865115145206,-0.007930637040437685,-0.1540884893124018,1.120321128563244,2.4044732549590173,-0.430030417251606
-0.0055316730872469085,-0.01233896482042521,-0.003829866149691993,-0.00731716358837954,-0.35082988050381175,2.585540224414214,1.9992649233042332,-1.6875567727847816
-0.005524463350420432,-0.012324618977599872,-0.00380684445954728,-0.0073298696746396065,-0.3506904388041457,2.568847229825561,2.0096178166461782,-1.673285051473428
-0.005517189510541437,-0.012310371956665298,-0.003783742844673588,-0.007342228918065832,-0.3504788177969301,2.5520731217317167,2.0196362122575304,-1.6590118964785885
-0.005502763543561966,-0.012281874245556558,-0.00373746015348026,-0.007366625062386597,-0.3498764598642261,2.518451382812033,2.039265751571603,-1.630379150399758
-0.005509894492576138,-0.012296154481104589,-0.0037605591259585714,-0.007354378003368716,-0.3502131787359395,2.535235265651585,2.029431831057236,-1.644713725377146
-0.005479648866692424,-0.012266818782357435,-0.0036922267007878542,-0.007363944141484765,-0.34728574259660355,2.485320314530774,2.0363410033441265,-1.6093973796509633
-0.0054855806348372525,-0.012280925647985262,-0.003713518952561528,-0.007350978502188971,-0.3475163617475899,2.5006849138664333,2.0259529198982826,-1.6230429926772134
-0.0054643232997376445,-0.012264559614204121,-0.0036697727857719757,-0.0073518607060783,-0.34528305061270065,2.4687540746808456,2.0261246621376388,-1.6018137093609144
-0.005455610375081166,-0.01225347112940316,-0.003647721845859869,-0.007357903895928007,-0.34449073553570625,2.4528085515417875,2.0307725729445756,-1.5896445209047512
-0.005445660603648112,-0.012239796251495185,-0.0036215648950996336,-0.00736599510063772,-0.34354386203302956,2.4339320821830928,2.0370051327186154,-1.5749402416979479
-0.005426848766425101,-0.01219648476818736,-0.003554855748654842,-0.007403269048612012,-0.34195956746250683,2.38588233418551,2.0662687460596527,-1.532666239402471
-0.005435135054777439,-0.012207682500577254,-0.0035765827000355252,-0.007397163296767592,-0.3428859618745076,2.4015436101917,2.0616965472263553,-1.5447975849914866
-0.005435984987583039,-0.012223774238627106,-0.0035934622862983994,-0.007377238342744347,-0.34267624853632256,2.4136900562425683,2.0457393471785115,-1.5584184473215874
-0.005342590195731374,-0.012052400177261755,-0.003301803811229718,-0.007495733970456581,-0.3296838338497479,2.2043318213329535,2.134936002631204,-1.3836267533673718
-0.005337982420304344,-0.012008484212765234,-0.003248584480052595,-0.007542805018471494,-0.32799786161048333,2.16537547843812,2.1709029113496334,-1.343066671413318
-0.005334118542697892,-0.012037894293232917,-0.003276144554132382,-0.007504202516495229,-0.3281101752387217,2.1860297247357967,2.1409702916332294,-1.3686110455759068
-0.005326693334359527,-0.012023313792529702,-0.0032516022173285698,-0.007513686593041808,-0.3266529246085437,2.1684994722434614,2.147818288874749,-1.3537842157120163
-0.0052898870836895475,-0.011935775380309488,-0.0031120369001382433,-0.007575674491777374,-0.3178561689751826,2.0686358110350187,2.1925438046944374,-1.2661086672040112
-0.005296930626027818,-0.011950612340220107,-0.003136763664023935,-0.007566373565195243,-0.3195997572359425,2.086243899084202,2.1860349027213988,-1.281191763444384
-0.0053305491073804894,-0.011991589384353664,-0.0032211997752209795,-0.007554719021697772,-0.32637307422029244,2.1457125550213827,2.179521281708878,-1.3259672812837124
-0.005305265840114012,-0.011965126279395067,-0.003162551631015514,-0.0075586435710855646,-0.32148822995325865,2.104538912450376,2.1807733204643025,-1.296240119639622
-0.005315274287176579,-0.011978884076564516,-0.0031893968489967845,-0.007553382316415737,-0.32353603484189186,2.123499959369749,2.1774738636445563,-1.3109728296725889
-0.005417766489730829,-0.012182571743438486,-0.0035293984991334793,-0.007411926843529432,-0.3409003352298838,2.3675517492224576,2.0728169882442304,-1.5180039856992893
-0.0054087842644779454,-0.012166069942117906,-0.0035014257714507456,-0.00742379820800744,-0.3398667866169654,2.3474192017685946,2.0818829539701778,-1.5011878234404727
-0.005392886759947704,-0.012153986173446207,-0.003469231665994048,-0.007422979226869609,-0.3376200673549141,2.324412387646021,2.08057449153872,-1.4859593008204373
-0.005382174826851431,-0.012140972052048738,-0.003442652275678608,-0.007428404648649412,-0.336153251827159,2.305407402391595,2.084376259950567,-1.4716297567530245
-0.00537303137545295,-0.012127109666774648,-0.0034171525152861394,-0.007436316348024733,-0.334843620836537,2.287174024794627,2.0901787579376383,-1.4570754075663912
-0.00536533153159104,-0.012112351552326763,-0.003392471253514906,-0.007446634940781106,-0.33371499604123017,2.2695067686758392,2.0979060097329874,-1.4421766535028813
-0.005356593208107982,-0.012097715892874688,-0.0033666038724711987,-0.007455595727701231,-0.33229759974301437,2.2510118206559064,2.104483511948087,-1.4270575000557002
-0.005345153896643816,-0.012083310355317504,-0.003337695108001341,-0.007461374429262919,-0.3305067724813649,2.2304546564790755,2.1084076505852605,-1.4114006607673917
-0.0053324118632903095,-0.012068516415283061,-0.003306846724005171,-0.007466127369084635,-0.3284344516302671,2.2085985464270395,2.1114532947142135,-1.395094608622955
-0.0050038559213136284,-0.011189587596337302,-0.0018865546589426129,-0.007932822596415664,-0.1760260218173424,1.217834579913241,2.411878515506269,-0.509940655546928
-0.005024921656850725,-0.011243308103070069,-0.001977000204752878,-0.007919300573798032,-0.18956481328267719,1.2787422692556019,2.405996525851014,-0.5640313742908613
-0.005006846014177661,-0.011210814962278605,-0.001918609907123298,-0.007921684887958578,-0.18092366524962408,1.239819939296895,2.405303516673244,-0.5316178934577237
-0.005009572263877286,-0.01123042784355213,-0.001948091523125603,-0.00791112118595442,-0.18541682608518767,1.2600956179745475,2.3990104156769534,-0.5516204432780715
-0.005037310623623186,-0.011306121914723948,-0.0020736165830325982,-0.007887522305952467,-0.20367687707764356,1.345147252795483,2.3872639402207168,-0.6279156979670494
-0.005026560906075887,-0.011287191790254126,-0.002039449304817507,-0.007889481681866928,-0.19878432169976623,1.3222832205281916,2.3872760003523577,-0.6089666661568963
-0.005022337891493382,-0.011265362148211541,-0.0020060240791218834,-0.00790062290909233,-0.19393413118898264,1.2992969428171708,2.393885558063063,-0.5868094551080656
-0.005018882984518507,-0.011329870000265307,-0.002092405032817854,-0.007849181632485325,-0.20631253292622473,1.3603751535623878,2.3603938037176433,-0.6526226376552505
-0.005028772757121922,-0.011373126090045461,-0.002158590902213655,-0.007826967034692227,-0.21540272341030955,1.4061084196915081,2.3469558880405046,-0.6960792177174242
-0.005026437147962659,-0.011352606532135143,-0.002129055828116283,-0.007840247350245364,-0.21138175279699525,1.3854662726007547,2.355404170521236,-0.6754517217024723
-0.005032706950642402,-0.011394796474997864,-0.002190775087972993,-0.00781430427011638,-0.2196956193645528,1.4284861877510275,2.3390261410779547,-0.7177863968653265
-0.005039258344864741,-0.011416130203650758,-0.0022244693474914854,-0.00780451639292503,-0.2241454552383023,1.4516898766435151,2.333222704476612,-0.7391184288403191
-0.005078751239735303,-0.011491312583594468,-0.002356470164732266,-0.0077857921854694355,-0.24129531966089598,1.5413180028321352,2.324623681226543,-0.8146099432809352
-0.00505420899226924,-0.011440272024397012,-0.0022686654599307836,-0.007801384015554496,-0.230038110447983,1.4814510764600561,2.3326376005960365,-0.7633370513248369
-0.00506492569617182,-0.011468306395318945,-0.0023145819604651788,-0.007789988976375743,-0.23590024718590796,1.5129641026085,2.3260643125945992,-0.7914170444580143
-0.00515083163837914,-0.011659234758097254,-0.002636849729150833,-0.0077133526273553575,-0.27408260681395374,1.735114057820842,2.281520662770196,-0.9837902504929558
-0.00515413617468102,-0.011638558452086147,-0.002613936121734201,-0.007736510709605994,-0.2720231215311,1.7180548740005264,2.298062460916935,-0.9638652934114119
-0.00513974278391189,-0.011621579506149823,-0.002578944546265675,-0.007736687684155449,-0.26789092166966677,1.6943968216621477,2.296840263012275,-0.9461732158934367
-0.0051275056290959915,-0.01160027384218324,-0.002540538845134429,-0.0077429969895532426,-0.2634060696717581,1.6680595637788844,2.3000748836251934,-0.9244624916171881
-0.005117139053739045,-0.011576227830132709,-0.002500330675441441,-0.007753521299742897,-0.2588582514297442,1.6402348604560848,2.3063436817827085,-0.9001981004043277
-0.005115364350954299,-0.011555703571409117,-0.002472275588213748,-0.007769963089872295,-0.25558198007671556,1.620184107040607,2.317458776391514,-0.8798196342172373
-0.005106273728534351,-0.011536289540174166,-0.0024390293502909687,-0.007777154648110387,-0.2516547176773207,1.5973304675172686,2.321497536190489,-0.8601899589738204
-0.005091850716849165,-0.011512476858827426,-0.002395406200114056,-0.007782052152145085,-0.2462141659074846,1.5677099859174926,2.3234135214813443,-0.8360346134972768
-0.005281510676621096,-0.011921022652610476,-0.0030858758771187297,-0.007583324286761774,-0.31581970495582906,2.050106970972046,2.1976822238600735,-1.2508300286769618
-0.005273716095965697,-0.011936087188393726,-0.0030942966432412427,-0.007558350921602235,-0.3153929929522937,2.0570616725232003,2.1783602916658453,-1.26316255268328
-0.005154069879881693,-0.011678823939252823,-0.0026643835039304865,-0.007698136326708775,-0.27676321424114686,1.7547656327267196,2.2710661020270315,-1.0030847121673203
-0.005132935389782763,-0.011673876410759476,-0.002638037759909687,-0.007680114823264855,-0.2731907574133845,1.7381200200667608,2.2564265746180934,-0.996368151318579
-0.005160497737796398,-0.011697646242367016,-0.0026938986316879135,-0.0076868852852022135,-0.2797805505578778,1.7755089368191361,2.2636475148604016,-1.0218799084059398
-0.005197201887078671,-0.011740869188705556,-0.002783267792894372,-0.0076838154736911775,-0.289583436624578,1.8364922643710109,2.264656672760149,-1.067481142483477
-0.005184731185442059,-0.01172997554391255,-0.002757472566311625,-0.007681230733910144,-0.2866575837085661,1.8190832518487994,2.261716709617709,-1.055587326728193
-0.00517013021561407,-0.011715723233672478,-0.0027255600891156403,-0.007679590702067318,-0.2830975762809625,1.7974742248677045,2.2592882747889784,-1.0402780617832255
-0.005199218696958956,-0.01175506993653383,-0.0028026267468506086,-0.007671695121081308,-0.29126100150679196,1.8504543550111323,2.25611813849252,-1.0813849405380414
-0.0052041206545736535,-0.0117709290610342,-0.002826829206859761,-0.007660874114174407,-0.29343197500303425,1.867622746314865,2.24872037762483,-1.0971698758812944
-0.005209712561198091,-0.011786948122987166,-0.002851849135238689,-0.0076504726370089865,-0.295693972040365,1.885354643750752,2.2416464452338123,-1.113185935009434
-0.005215568613258965,-0.01180398959881029,-0.002878289660011425,-0.007639131272625724,-0.29801298444759367,1.9041123671525575,2.2338714894572314,-1.1301795761327795
-0.005269510517682198,-0.011907105920816476,-0.003056660144930712,-0.007586070424497142,-0.31323956744089226,2.0297187577425,2.1988529906728034,-1.2356717455487944
-0.005256629848330559,-0.011892733297708784,-0.003026019535233187,-0.00758824384462141,-0.31045778637408605,2.0084214937380254,2.1995368952637055,-1.2199870844621499
-0.005223113636159356,-0.011822163932968437,-0.0029077555408794213,-0.007628219080896006,-0.30058383513454995,1.9249212975257743,2.226506568243323,-1.1484550542522027
-0.005246705333623699,-0.011877490077734932,-0.002997645481929793,-0.00759432601387184,-0.3080154064259741,1.9885393113767618,2.20332912411704,-1.2040785676592731
-0.005230719082841551,-0.011841948289297688,-0.002939097681028735,-0.007615448530373595,-0.3031713030627328,1.9471469988385015,2.217729714367227,-1.168239236787908
-0.0052381537302472,-0.011860749954235947,-0.002969007416419175,-0.00760329728052312,-0.30563381318038774,1.968355829823685,2.2093332031954014,-1.1870354072398508
-0.005521516177720186,-0.012353578225234134,-0.0038290635474991625,-0.0072872661402891585,-0.3486221629614064,2.5840961341810478,1.9743533802676936,-1.6946319360015265
-0.005518135842631433,-0.012383080925346625,-0.00385042566222637,-0.007243388778296369,-0.3465184501865591,2.598232473711459,1.938164037611289,-1.7153341904934332
-0.005524894554631415,-0.012397187549390972,-0.0038719816738630015,-0.0072301789103125505,-0.3464633634170888,2.61358900521903,1.9272496161456247,-1.7286925713585415
-0.005531931043894563,-0.012411292081360806,-0.0038938315579208163,-0.007217093730854587,-0.34637747397979074,2.629147569325763,1.9163974047080357,-1.7421056643042931
-0.005511169567444272,-0.012368805817048856,-0.003828345484724761,-0.0072564976217324465,-0.3465071415529383,2.582467307869845,1.9489549700346165,-1.701694832130679
-0.013644843410250553,-0.006577264761224861,0.005704498541509805,0.0060745987946461385,0.5889967299800626,4.028366502453933,0.8632746950446054,-2.7232522572451345
-0.013649647869010732,-0.006561950367303591,0.005693609499802869,0.0060440674465461,0.5786139960097963,4.000568146301458,0.8495253511475495,-2.712175626832554
-0.013376824449820371,-0.006253501786927427,0.006124236130436374,0.005519729769447143,0.6417087325095059,3.986753422912382,0.2804643521159123,-2.7502176364902344
-0.013364687364591218,-0.006243133091147427,0.006142357242114391,0.005500940795616897,0.6444771992632231,3.9870516644406986,0.2590646026906816,-2.751072859386546
-0.013352612178149143,-0.006233059126247993,0.006160350104814594,0.005482553892522879,0.6472569238306275,3.987457253376989,0.23799620509394734,-2.7518983558567243
-0.01343038298057164,-0.006324042167063254,0.006050650797958939,0.005646355364838525,0.6331626578226225,4.019833746096489,0.4016266152417987,-2.7604672526197622
-0.013396022984588321,-0.006291712598628551,0.006102906872862301,0.005588914224110291,0.6408393886406004,4.019754313165808,0.33717768812885623,-2.763565671822985
-0.013407500103164466,-0.00630255308806599,0.0060856004146615265,0.005608295567366562,0.6382388134771168,4.020122802510284,0.35876536129367254,-2.762766028715967
-0.013418922416123432,-0.006313327775297757,0.006068236786299085,0.005627441610803762,0.6357099047112068,4.0201901209806445,0.3802254304953557,-2.7617541000354664
-0.013388882437448959,-0.006264268106893945,0.006106271785901707,0.0055391091067047175,0.6390150103534059,3.986909025717051,0.3021859838398689,-2.7494941687004637
-0.013400553358342707,-0.006275423296114232,0.006089010567701315,0.005559077611122236,0.6364905862161204,3.987926532134846,0.32397319739973945,-2.749103155889476
-0.013546623651759673,-0.00647559073421107,0.005873900681372077,0.0059109514430511325,0.6119018038730933,4.060087280823759,0.6686010267302014,-2.7597433222775685
-0.01355093582643472,-0.006460223028732036,0.0058625090744609315,0.005881015031022439,0.6046091866494105,4.0312725254444,0.656304349901181,-2.7478510628727206
-0.013479563897172281,-0.006409368428048451,0.005984297356916242,0.005799158540663212,0.6298649344646438,4.0730511424770794,0.537591694160864,-2.7769282432337206
-0.013494907363616256,-0.006404811887300226,0.0059542323838507084,0.005788184982344715,0.6177122880533766,4.041940190063079,0.5482167506042571,-2.762195167316973
-0.013468266409335267,-0.00639845476026239,0.006002477305247288,0.005780339102347002,0.632063882793092,4.074615099447195,0.5157380638121951,-2.77923129754809
-0.013483592551869296,-0.006393885070530659,0.005972425837634827,0.005769535600432283,0.6206441375047723,4.043634035032194,0.526561417044614,-2.7646226111804606
-0.013445568842486738,-0.006376734159396443,0.006038677778260444,0.005742510156450314,0.6377455510554487,4.077210899654727,0.47195317310885526,-2.783382644625554
-0.013449442890095455,-0.006361245634445661,0.006026635233629572,0.0057131183656032565,0.6289121386689197,4.047517247007561,0.46148918993811433,-2.770887716722802
-0.013456934686954743,-0.006387576634705021,0.006020605106522561,0.005761455283148062,0.63480274402951,4.075998085013199,0.4938548432845911,-2.781384769545273
-0.01346087177229578,-0.006372097378263271,0.006008605693942065,0.005731993125986905,0.626209922270966,4.046398380722338,0.4832126832055758,-2.76895975778945
-0.013472254474418644,-0.006382979796988118,0.00599053751128685,0.005750803476653959,0.6234801397059605,4.045108513868496,0.5049017346028303,-2.7668724033985055
-0.01351052759552012,-0.006399936164990366,0.005924312758179148,0.005776903802907902,0.6142484943813741,4.0109866791351445,0.5516895831637333,-2.746378910083788
-0.013521942030824649,-0.006410897209781152,0.005905842378287922,0.0057952641659203075,0.611447975212374,4.008829384650334,0.5731150636173404,-2.7436514672203436
-0.01355551058955417,-0.00644458432974096,0.005851082657493438,0.005851171158497397,0.6030246898963866,4.002850771554901,0.6377476390817445,-2.7352578760452633
-0.013544489161663653,-0.006433272437735411,0.005869138633295486,0.0058324773289748924,0.6057216530473432,4.004745538075242,0.6162346932545696,-2.738075949873224
-0.013533302970043565,-0.006422010770220026,0.005887377849382618,0.0058137828356996145,0.608566107667222,4.0066888524926485,0.5946547443190412,-2.7408524591095964
-0.013441916852939289,-0.006334736515443626,0.006032793482166726,0.00566510412639356,0.6305154368355393,4.019063912081059,0.42303237647343234,-2.7589073551096948
-0.013453465586953555,-0.006345501797991835,0.006014800686048924,0.005683855327001128,0.6277947917830984,4.018099577804215,0.444503635040212,-2.7571777614790807
-0.013445919764791142,-0.006318937110917556,0.006020624334928727,0.005635836497619186,0.6264116190346392,3.989358526307535,0.4088644460250633,-2.745657892334371
-0.013557678400931633,-0.006486750166079203,0.005855321515901822,0.0059293562623211,0.6102053949831577,4.057317440240989,0.6902440123691242,-2.7562437619709503
-0.013562018220400875,-0.006471399294967299,0.005844018131462572,0.005899393354489828,0.6014484764101676,4.028603687499788,0.677874637310833,-2.7445459050632484
-0.013568698043612793,-0.006497944278924988,0.005836672302989267,0.005947714752313807,0.6075588740055748,4.0543075160837425,0.7119118299546742,-2.7526214571921592
-0.013573097377205058,-0.006482593728012783,0.005825410347588275,0.005917676783930961,0.5984717631112263,4.025695116978663,0.6994500242664006,-2.7410580288289608
-0.013612423365294982,-0.0065430653130452605,0.005761446421807022,0.006020613619658812,0.5944431626721247,4.040492248507409,0.7987049812240565,-2.736769999767732
-0.013627987156197901,-0.006539163828725538,0.0057314999285302025,0.006008344865498634,0.5848822876097142,4.008661421292282,0.8068471637843738,-2.7212105823997113
-0.013601545239737611,-0.006531733590664735,0.005780339789188117,0.006002476433772343,0.5978151563324281,4.0441728805003265,0.7770428784137722,-2.74097495385455
-0.013617120781910933,-0.006527778253014436,0.005750322034063831,0.005990313399917347,0.5876594863219778,4.012346267663087,0.7854719617117959,-2.7254619475809103
-0.013590631571951553,-0.006520436102827724,0.0057991814465629945,0.005984274912996465,0.6015094014150133,4.047718468974769,0.7553268538032502,-2.7450035651237408
-0.01360618870180865,-0.006516419740839253,0.005769139615771697,0.005972219066577467,0.5902324361546505,4.01589209983575,0.7640406603276406,-2.7295798675826357
-0.013579682470325219,-0.006509172961654168,0.005817958883428028,0.005966021069447246,0.6046927994286496,4.0511023960944454,0.7336085622804904,-2.7488782030106496
-0.013595194061624,-0.006505102646905264,0.005787950634599305,0.0059540847669088265,0.5928678197868055,4.019321829915828,0.7425499353279372,-2.7335658272336114
-0.013584158709551902,-0.006493827087498301,0.0058067163649374925,0.005935904666739781,0.5956400454426695,4.022597994984724,0.7210137302521037,-2.7373969230054755
-0.013654632657463162,-0.006546459538441296,0.0056829086085517745,0.006013755151987509,0.5784312593584605,3.9736048113884164,0.8293410444776174,-2.7008716081632578
-0.013643823547750978,-0.006535109929226678,0.005701716544403729,0.005996103212637918,0.581061943534895,3.97757241117762,0.8083340581142066,-2.705296675884366
-0.006137439443456894,-0.013175000149139745,-0.005291563806642384,-0.0064374999060206805,-0.2637644986473427,3.598597824924616,1.162583398535185,-2.4893142789749136
-0.006121693482374593,-0.013177766517901436,-0.005263597877221241,-0.0064240435927650835,-0.2686621124805577,3.570285201769593,1.1600748312261067,-2.4754195411027022
-0.006147433031857422,-0.013187119036995118,-0.005311776500098948,-0.006420831907292655,-0.26024505133792886,3.610498921880136,1.1454147168390634,-2.4985270924875094
-0.006131686220125636,-0.01318995147936263,-0.005283709202762068,-0.006407407700531731,-0.2662322377657295,3.5820454640345347,1.1430524940882238,-2.484575018683158
-0.006157464647985367,-0.013199206474818056,-0.005331931403165514,-0.006404104998689622,-0.2569573163764412,3.622296983501863,1.1281782384492314,-2.5076190695645444
-0.00614173552746641,-0.013202084346974813,-0.005303796602360129,-0.006390753212771327,-0.2638233816397269,3.593727898624444,1.1259416050135203,-2.4936336235179897
-0.006228742374980061,-0.013282927950127593,-0.005471477008978455,-0.006285299852240589,-0.23707343384615623,3.70095741747928,1.004770174579211,-2.568077855887959
-0.006223388876658829,-0.013297992543766506,-0.005462432427349757,-0.006255240841595574,-0.24210528142274637,3.6825452939302825,0.9858536626395417,-2.561918627240144
-0.006208189667499153,-0.013259167746885668,-0.005431842635506436,-0.00631958351894128,-0.24505606223436993,3.6789517887688112,1.0406379810159103,-2.5514928278150335
-0.006218447357971208,-0.01327106398830183,-0.005451696383736286,-0.006302464460007002,-0.24055546098866254,3.6900147407277646,1.0227187188436109,-2.5598459055328147
-0.006202657903048719,-0.013274232790370405,-0.00542293332712052,-0.006289408288529876,-0.24747315453019827,3.6609497387949577,1.0214182448552493,-2.545460092931421
-0.006213006378238167,-0.01328614106664852,-0.005442711737026076,-0.006272335454386198,-0.24500154175964603,3.67179814568768,1.0036772770648168,-2.553750037625608
-0.006197969404967168,-0.013247239343570824,-0.0054119406860364235,-0.006336635515838805,-0.24897963485726024,3.6678391097468475,1.0584493985553032,-2.5429857037140464
-0.006192383182495234,-0.013262260197987139,-0.005403163669231919,-0.006306489686709577,-0.24982837183154663,3.650060948112,1.0390725624079469,-2.5370839396911182
-0.00616753419291269,-0.013211262343301557,-0.005352016862247466,-0.006387328915857956,-0.25464723976349246,3.6339378591986446,1.110900298640045,-2.5166123998360357
-0.006151824746956077,-0.013214160074128579,-0.00532383288348574,-0.0063740804635904974,-0.2612012102124314,3.605317690532696,1.108747360833273,-2.5025809184260353
-0.006177641567294448,-0.013223286523398867,-0.0053720368807544565,-0.006370500411171503,-0.2531277764127135,3.645390256662031,1.093556454894584,-2.5255177688565977
-0.006161930706522672,-0.013226197233942574,-0.005343781456348417,-0.006357347166681892,-0.2583005477108276,3.6167637916065867,1.0914682637622384,-2.511396734800632
-0.006187786671370488,-0.0132352788963271,-0.0053920066241922955,-0.00635360675533662,-0.251530897227527,3.6566718159962863,1.076089086406465,-2.5343194529785666
-0.006172046969259691,-0.013238222589917368,-0.005363633136967996,-0.006340504979632947,-0.25529070203891613,3.628026082317368,1.074097712488024,-2.5200747992672348
-0.006182188175899138,-0.013250247300755746,-0.0053834115163439574,-0.0063235417716086375,-0.25241264119987056,3.6391091262898763,1.056632823114853,-2.528628974781164
-0.006065914152676315,-0.01313152606672813,-0.005154918224955024,-0.006476194441229574,-0.2769754842494571,3.496225899082337,1.217024520869394,-2.424706412727879
-0.006075795122567752,-0.013143906456903826,-0.005175227572233422,-0.006459841284677567,-0.2744230642724687,3.5083839916006565,1.2005063755747198,-2.434242543358445
-0.006085801869394823,-0.013156165533688355,-0.005195620200304279,-0.006443629391589853,-0.27195494895972744,3.520589494830159,1.1840525782061062,-2.4437364802875474
-0.006095761960216172,-0.013168426724407946,-0.005215819921068351,-0.006427248908346309,-0.2695644874445979,3.5325390084854225,1.1674198802968556,-2.4530591326460507
-0.006105665828094336,-0.013180733028764468,-0.0052358148728570975,-0.006410621543297188,-0.2671123292445272,3.544197462626775,1.1505474724186426,-2.4622006882249767
-0.006049564219305639,-0.013134318237227709,-0.005126928836155901,-0.006462210643735602,-0.2778455743207679,3.4694630886349533,1.2093268633039125,-2.411698704306133
-0.006531733590664734,-0.013601545239737611,-0.006002466495994853,-0.005780350042473829,-0.1518591864053742,3.94679654491115,0.47058254114065495,-2.7478823562561376
-0.006543065313045259,-0.013612423365294984,-0.006020613372495054,-0.005761446565304819,-0.1473449408895545,3.953411808459624,0.4504135623813152,-2.752284164931233
-0.006527685363961619,-0.013617059429608972,-0.005990073785551606,-0.00575043081800887,-0.15560382653489932,3.923040687309769,0.4545870783564831,-2.737755254531793
-0.006539097462715914,-0.01362794065785533,-0.00600814949034622,-0.0057315862365430485,-0.1524773701339732,3.9294973923571637,0.43461643748918816,-2.7421209815316607
-0.006486750166079203,-0.013557678400931637,-0.005929375222463357,-0.0058553021747878055,-0.16358423656167836,3.9190465734421633,0.5503313939412561,-2.7285905598545086
-0.006471328433101126,-0.013562032608086118,-0.005899172003830155,-0.0058439875224250495,-0.17201404702913206,3.8887574035226007,0.5535010770043297,-2.714041558774129
-0.006520436102827724,-0.013590631571951553,-0.005984259836713535,-0.005799197007361826,-0.15633215571372744,3.9400718233945167,0.4906922748612697,-2.7433089440082785
-0.0065163183728569885,-0.013606107117069936,-0.0059719700233014,-0.005769282855402306,-0.15852296664627433,3.916490719285554,0.474508957972779,-2.733270833013778
-0.006497944278924987,-0.013568698043612793,-0.0059477238823479805,-0.005836663099711194,-0.16144036079691987,3.92625238073054,0.5305413775721722,-2.7336298051566046
-0.00648254693449582,-0.013573065272252214,-0.005917510353684221,-0.005825470022396526,-0.16864007712359044,3.8960067384641497,0.5338467214266824,-2.7190828167117918
-0.006509172961654168,-0.013579682470325219,-0.005966012654978807,-0.005817967626149991,-0.1594428032452537,3.933242599321152,0.5106800680659545,-2.7385496419034063
-0.006493772027737686,-0.013584082554035572,-0.0059357367713935615,-0.005806854728438656,-0.1650541135814031,3.903040431176144,0.5141366310715716,-2.7239596041023995
-0.006505018929012279,-0.013595102286358046,-0.00595387068228912,-0.005788113543874967,-0.16161762351693817,3.9098483098834316,0.4943605208574173,-2.7286794075912173
-0.006323697599119515,-0.013430256409505228,-0.005645648370275754,-0.006050702564542823,-0.2087215776148801,3.7622711291074675,0.7784672169793146,-2.6284371094273324
-0.00633438062911511,-0.01344179938491064,-0.005664374947911093,-0.006032829330025017,-0.2057923660564613,3.7709817992371284,0.7598093712776008,-2.634916894791275
-0.00643320789827655,-0.013544217060422551,-0.0058323190771755636,-0.005869558045370365,-0.17784861148475037,3.844455191555628,0.5884862198318829,-2.688237081476597
-0.006444325295505941,-0.013555472462236332,-0.005850607490386381,-0.005851030163960688,-0.1746558783701406,3.851757339304901,0.5690464169028034,-2.693440660296804
-0.006455570781067206,-0.01356661510542465,-0.005869027144461021,-0.005832607513093112,-0.17139448649451686,3.8591267967296727,0.549641706996241,-2.6986157963860697
-0.006345113300010148,-0.013453384783475188,-0.005683061895937746,-0.006014764344131966,-0.2027384695561195,3.779511357602614,0.7409654709444938,-2.6412591034513997
-0.00635597529888874,-0.013464934240020737,-0.005701862239757851,-0.00599667341100724,-0.19959631831529911,3.7880447905487533,0.7220462284721845,-2.6475498689178196
-0.0063669558340462,-0.013476364315412303,-0.005720768038370065,-0.0059787029338175335,-0.1964754243120765,3.7966316726279437,0.7031742076264043,-2.653802949276734
-0.006422112505934091,-0.01353298400337051,-0.005813936265138758,-0.005887921188755483,-0.18093730648565856,3.8369235775684465,0.60778309697313,-2.6828640449983285
-0.006377931992182668,-0.013487712805665833,-0.0057395504319712335,-0.005960748464410081,-0.1934428094187244,3.805049435890375,0.6843005385687609,-2.659906836524797
-0.0063888470077468505,-0.013499092325337062,-0.005758088844396366,-0.005942590736899612,-0.1904016594672002,3.813111006126563,0.6652704142631131,-2.6657775335857345
-0.006410951930179112,-0.013521779611511834,-0.005795299078136335,-0.0059060872226436726,-0.18405233898915319,3.8290243528315915,0.6269359953088277,-2.6772501166180462
-0.006399826945833719,-0.013510485666465262,-0.0057766160287408665,-0.005924295050647426,-0.18724887479560295,3.8210270962380286,0.6460971421151509,-2.6715236843290397
-0.0063129685761656945,-0.01341876973379094,-0.005626708766749596,-0.006068327594101772,-0.21161767785449462,3.7532215612094793,0.7969136671888127,-2.6217402337395352
-0.006259728258446177,-0.01336060279676249,-0.005530956490249217,-0.006155942509094941,-0.22625066114337702,3.705838899820662,0.88831435007336,-2.5863216913313223
-0.006217836343888184,-0.013313246527597319,-0.005453447595626771,-0.006225385348039785,-0.2377086051223025,3.665670660986389,0.9603276401863692,-2.555835813760513
-0.006228203289966841,-0.013325104344733113,-0.005472814438149191,-0.006208148926726598,-0.23499790005442112,3.675853052514419,0.9424873813978181,-2.5636008761868703
-0.006238566640928649,-0.013337030541366549,-0.005492055253007535,-0.0061906548785867705,-0.23214116493273032,3.6857754881134617,0.9244085280625555,-2.571197529713178
-0.006249082448455595,-0.013348889683500084,-0.005511448782385103,-0.0061732089943872795,-0.2291717466919019,3.6957649983823515,0.9063140692559252,-2.578772520572588
-0.006270398336303294,-0.013372219766845226,-0.005550389519994616,-0.006138723730534996,-0.2234331246308836,3.7158005226464255,0.8703202445993409,-2.593749489967912
-0.006280968222124962,-0.01338389569607906,-0.00556951888666352,-0.006121227514699112,-0.2205928110485275,3.725344758009705,0.8520992128799193,-2.600921192415253
-0.0062915018538705165,-0.013395633148924979,-0.005588457066531432,-0.006103475214497945,-0.21762711152469885,3.7345663230362303,0.8336595354674693,-2.607887868067415
-0.006302190483385179,-0.013407264608067002,-0.005607558756422249,-0.006085837794613486,-0.2145889497447229,3.7438868965789127,0.815257031449991,-2.6148432896553575
-0.006254290178976114,-0.013376097933688118,-0.0055210482619270215,-0.006125728798341139,-0.2252290606379519,3.686920968763992,0.8656241402459283,-2.57945615902343
-0.005670496418736702,-0.012643623539190355,-0.004273818417360215,-0.007000749516605773,-0.3393445976853331,2.8979678439821694,1.7297557148043061,-1.9649774814422631
-0.005681913558112269,-0.012655517770833494,-0.0042992033288234794,-0.006992152528904958,-0.33882134961865784,2.916424039920002,1.7216567786525796,-1.9784140871779037
-0.005662408000645096,-0.012630256738238416,-0.0042524337749398075,-0.007014214972158212,-0.3401433918500072,2.8830966068711983,1.7416999163469675,-1.9526163576579962
-0.005655972366380761,-0.012615280135867322,-0.00423232836344567,-0.0070313630611462345,-0.34115124914839373,2.8695503001208054,1.7566260806367198,-1.940183894840948
-0.0056423186338290165,-0.01260327017041582,-0.004203381498788677,-0.0070377753392239705,-0.3413369162338306,2.848173515580026,1.7628341700714285,-1.9253171453974856
-0.005623597843847954,-0.012592327573657788,-0.004167716528024937,-0.007038119528009853,-0.3407845609065357,2.8212587800459192,1.7641014957600465,-1.9083374744698196
-0.0056123422580386375,-0.012578086758981208,-0.004140814758523015,-0.007049542262809774,-0.3411941095327337,2.8020407976341652,1.7742564384430253,-1.8935632198534418
-0.0056013098742031,-0.012563391767625201,-0.004113861123423781,-0.007061636483640125,-0.34152355129392525,2.782827734491256,1.7849211958255153,-1.8785826771506355
-0.0055202853506547645,-0.0124266493635241,-0.0038905311978547625,-0.007184956634493295,-0.3440494888880164,2.6251269338579273,1.8899022442990125,-1.7476969222720629
-0.005527831493982991,-0.012440665788635766,-0.003912695907585123,-0.007172274398526134,-0.34395153273431817,2.6408090879341923,1.879321462995189,-1.7609987398893698
-0.005590661654732739,-0.012544772974577408,-0.004084464927999318,-0.007079588184349083,-0.34227601974763516,2.762307683751818,1.800444871186341,-1.8613299802782974
-0.0055357155771625114,-0.012454653374775679,-0.0039352288290804595,-0.007159797901419741,-0.3438332488283425,2.6567635055936942,1.8688617503288778,-1.774383218532508
-0.005576923261549478,-0.01251074190595987,-0.00403857079602219,-0.007116812234046604,-0.34382676256680594,2.730808276534933,1.8321157221903765,-1.8323256617166053
-0.005572906311572132,-0.012530356331437878,-0.004047849187491154,-0.007084994752664328,-0.3417841728498281,2.735400379891836,1.8056054524302636,-1.8429561975164288
-0.005563662203450451,-0.012497977230447025,-0.004009554218436458,-0.007123377438899031,-0.34351410334981347,2.7096219499705865,1.8379551439218484,-1.8172292516904063
-0.005553174648463614,-0.012482918530429349,-0.003982688684791187,-0.007135514417242389,-0.3436167047713469,2.690461605172958,1.8483272361005232,-1.802009697680029
-0.0055438952260910696,-0.012468970471965235,-0.003958364721441996,-0.007146978035330538,-0.3436827929869945,2.673134565907762,1.8580649054000562,-1.788079885860644
-0.005844150017408906,-0.01288194398958951,-0.0046867734562615,-0.006759213754493203,-0.31786634183666734,3.183618526441674,1.5045081469641899,-2.1910524180142628
-0.005835026903244844,-0.012868747278720559,-0.0046654360770179626,-0.006774240519636209,-0.319525591721089,3.1694829212126607,1.5187584085547579,-2.179588058234543
-0.005711768227582031,-0.01268377507007259,-0.004363683755075267,-0.006973372312429847,-0.337673239519267,2.9638047876698583,1.7034131349669643,-2.0120132772608517
-0.005720319676946881,-0.012697391619195288,-0.0043856866238579295,-0.006959242290090056,-0.3366181259016987,2.9790525500030607,1.6906227135473024,-2.0245884822637996
-0.005729304810864279,-0.012710481456562624,-0.0044079418314725205,-0.006946138353238664,-0.33561119880211177,2.9945970183603827,1.678633068275473,-2.037073377772868
-0.005738130399786184,-0.012722982107564803,-0.00442950472772504,-0.00693368512901208,-0.33461498530229866,3.0096743814030127,1.6671668250397769,-2.0490871692581165
-0.00574568800097892,-0.012736170690375026,-0.004449416115799768,-0.006919006766698036,-0.33342260540799745,3.0231648661388744,1.653840003276555,-2.060582053630941
-0.005753684931957691,-0.012750194240300028,-0.004470414144753399,-0.0069032321954024265,-0.3320994825753132,3.0372888749999714,1.6395140617302317,-2.0726529588577685
-0.005687139305742909,-0.012670985777278135,-0.004317437263924047,-0.0069728326625361345,-0.33756701334450984,2.9281873835576957,1.7048181160107851,-1.9900956427390255
-0.005693834124886436,-0.012685213240552511,-0.004336962667940339,-0.006956495164429525,-0.33636626432960776,2.9412086864821094,1.6903854591290333,-2.0018301257886577
-0.005816255087105254,-0.012842416840820695,-0.004621643246938883,-0.0068033716264058715,-0.32260859812685894,3.140056477168254,1.5463891760988036,-2.156013281874469
-0.005825296128567238,-0.012855730482630152,-0.004643101122940716,-0.006788386525724852,-0.32102921266857054,3.1543494453560226,1.5322873179803305,-2.1676527765527425
-0.005790900502863198,-0.01283213568429757,-0.004575409157890912,-0.006801208683767067,-0.32320452524108706,3.1035016374884847,1.5476978757917672,-2.134347483919233
-0.005801351032851643,-0.01284222111504291,-0.004597451123495094,-0.006792701166418144,-0.32215516922980325,3.1192875598839045,1.5390943776077606,-2.1456219844192543
-0.005779746540719188,-0.012819493357532928,-0.004550866229244613,-0.0068131543989180185,-0.3244456479126963,3.0863268104875847,1.5592863162154174,-2.1214940814952175
-0.005765451560211085,-0.012788835921026998,-0.004511322191354093,-0.006851174644335019,-0.3278191655786943,3.061466390191061,1.5935777731129097,-2.0984899545273974
-0.005744834367543466,-0.01276619617943868,-0.0044658409913991455,-0.006871099114439657,-0.3297261591012018,3.029157520538502,1.6128232037731152,-2.0745619188310087
-0.0057558523297502225,-0.012778728804935852,-0.0044904092988179494,-0.006859832903447418,-0.3286871021587536,3.046533113531927,1.602031477904123,-2.087565148684659
-0.0057683045787029945,-0.012804812306448261,-0.004524697150426718,-0.006827961000756088,-0.32593893952599234,3.068327906558667,1.5733059515557404,-2.1075084368012456
-0.006040085296813631,-0.013121629265341056,-0.005107235037689321,-0.006479058104972184,-0.28020243104605386,3.4579500131301955,1.226056255442897,-2.4023982619088673
-0.005916343370509222,-0.012986110584329325,-0.0048517544621370775,-0.006635737610978379,-0.3034923930862481,3.290002869152732,1.3863675651568153,-2.277724170569804
-0.005926525741682724,-0.012998934185859528,-0.004873767535090111,-0.006620768350286116,-0.3015350764615828,3.304298987289221,1.3716351602495374,-2.28885168865925
-0.005936647755577153,-0.013010758995856637,-0.004895218373266851,-0.006607297756499582,-0.29969075806393736,3.3184407486409664,1.3581531054188571,-2.2995766190250495
-0.005945583518997411,-0.01302304151730799,-0.004914739726536641,-0.0065921626408768225,-0.29776817067600864,3.3306477817820004,1.343397539323426,-2.309420736480412
-0.0059544830636679815,-0.013035874975353587,-0.004934286737368141,-0.006575943533402126,-0.2957095590724446,3.3425595739750897,1.3277078501706174,-2.319229965671991
-0.006030247058665186,-0.013109254389778729,-0.005086878194844686,-0.0064950203774879695,-0.2825358310601856,3.4456005095318285,1.2420712781398693,-2.392712340678884
-0.00602030008531318,-0.0130969449706915,-0.0050662421634778375,-0.0065106670764107115,-0.2848217562474777,3.4328899219439797,1.2578004819083741,-2.382822178899056
-0.005990508535016607,-0.013059325214040947,-0.005003595532755861,-0.006557976832944624,-0.29150494128441856,3.3939627191185484,1.305068657671165,-2.3523403287099156
-0.006000301150130167,-0.013072019220818866,-0.005024391111644994,-0.0065420023092017466,-0.28931363405499505,3.406865217489839,1.2892047616347495,-2.3625425207198165
-0.006010299456295467,-0.013084533570850529,-0.005045381905140576,-0.0065263171449509915,-0.2870734966185306,3.419946327909031,1.2735098161375793,-2.3727483909973572
-0.005964319549020072,-0.013048763558130845,-0.004955333214493478,-0.006560075367536648,-0.2936051581463465,3.3557212006061845,1.3120752568631566,-2.329668735718481
-0.005973285759887699,-0.013061812518550174,-0.0049748338664257034,-0.006543263612259866,-0.2914150086709384,3.3673422150182817,1.2958039822758343,-2.339311085367165
-0.005899369038955681,-0.012959409746686338,-0.004812677631125521,-0.0066692505402529715,-0.30740982320313753,3.2659474356188567,1.4182272615871512,-2.2573523984536603
-0.005889854427943537,-0.012946987901087217,-0.004791632742523336,-0.0066835680461237714,-0.30919245530932044,3.2521461757177295,1.4321700703292082,-2.2464965370352097
-0.005880557009999611,-0.012933863619341656,-0.004770555981061515,-0.0066990615737751655,-0.31105249450382266,3.2385140572864652,1.4470566429332925,-2.2354740485707256
-0.0058616745048844015,-0.01290754778847375,-0.004727585136731358,-0.006729526822123528,-0.3145745158284216,3.210372269284828,1.4762928348153321,-2.2128659935685966
-0.005870733820303577,-0.012920839135606531,-0.004748549673271909,-0.006713881972903318,-0.3127881111668272,3.2239530162366923,1.461407506182873,-2.2239779222903997
-0.005893018805484608,-0.01297252117016524,-0.0048073932035970915,-0.0066431463042785684,-0.3055343644566919,3.2563593441627594,1.396852385361406,-2.256450143582021
-0.005896136374259938,-0.012988762270787355,-0.0048189710695344746,-0.006618134808832971,-0.3032266235526259,3.2602862620363138,1.3748063333268894,-2.2633040665401096
-0.005846957485610229,-0.012907448673521067,-0.004703336229091956,-0.006719384085397158,-0.3143493713261213,3.189323845319131,1.469771250951042,-2.2022170538128543
-0.005837027282060543,-0.01289747740786553,-0.004682473041758745,-0.006728737145682146,-0.31558950333858254,3.1746743410188167,1.4792642683797383,-2.1916337439825555
-0.006669941342379938,-0.01372970633385655,-0.006216070241426008,-0.005550001757163531,-0.11158986283364476,4.014855001218684,0.22598075705145645,-2.7919329649775
-0.0066816750146102034,-0.013740149634885991,-0.006233498733844707,-0.005530419971810855,-0.10641655368945285,4.019532409625564,0.20517556798593153,-2.7945645846153027
-0.00666642357061641,-0.013745350206173379,-0.006202235580329869,-0.005520401742339111,-0.11583469366880439,3.989110213669519,0.21151452344381075,-2.780212275204514
-0.006623336449023658,-0.013687566035138602,-0.006145831710366472,-0.005627682211504525,-0.12469012996918445,3.9950455375211082,0.30829925500365557,-2.7794862942125635
-0.006608159845903433,-0.013692471582667525,-0.006115145020657339,-0.005617325072492769,-0.13239810243787228,3.9646864247528844,0.3135903088447472,-2.7651402709743156
-0.006634937971731549,-0.013698155965600397,-0.006163461755461823,-0.005608368125448395,-0.12276935632992207,4.000246962441732,0.287901829719684,-2.7828798568995072
-0.006619748894642508,-0.013703087093520904,-0.006132705418241819,-0.0055981076819333515,-0.12876199371194808,3.969954189287886,0.2932520412045862,-2.7684389723862712
-0.006646572705140477,-0.013708709395206253,-0.006181039597427072,-0.00558898925572119,-0.12038971239931319,4.00523924730803,0.2674016940251786,-2.7861078381817808
-0.006631337959741763,-0.013713687803103669,-0.006150136684543796,-0.005578796196876269,-0.1251037566983969,3.9749860913665995,0.27289750742691776,-2.7715736628863183
-0.006658240533906344,-0.013719226219359807,-0.006198577186234222,-0.005569532277308937,-0.11662297536556727,4.01008975482445,0.2467518586122978,-2.789127685185924
-0.00664295870588667,-0.013724281065395286,-0.006167490180582296,-0.005559379913419025,-0.12172487285536926,3.979806909121209,0.2525059442292647,-2.7745639996273863
-0.006654650135378283,-0.01373484716882588,-0.006184843940436862,-0.0055398942873379564,-0.11869476291092639,3.9844923787015474,0.23204770084075357,-2.7774388139003636
-0.006592773078824642,-0.013697594373534532,-0.006084718917777299,-0.005606963597533119,-0.13250189769676288,3.9347298001888507,0.31210447820269555,-2.7496039945423365
-0.0065811233063483915,-0.013686913888486545,-0.006067000277297396,-0.005626004432546037,-0.13578740977830484,3.92921605985074,0.33215678613767,-2.7460825552303088
-0.006534935262186116,-0.013643707286594912,-0.005995720397476068,-0.0057018420143966535,-0.14882644472719242,3.9058110649564317,0.4119942692077995,-2.730706418142654
-0.006546392642571575,-0.013654506835517721,-0.006013575416506825,-0.005683066588254602,-0.14562072587132857,3.91190506343322,0.39221006867168545,-2.734757976247437
-0.0065578978596216924,-0.01366532392982848,-0.006031380084017786,-0.0056641378956658875,-0.14237583185949584,3.9178017911360743,0.3722891589198976,-2.7386545904470516
-0.006569488399635153,-0.013676137320862642,-0.006049210042739249,-0.005645098240514138,-0.139087780395918,3.923581223705374,0.3522506087158224,-2.7424352691996856
-0.006693441434347548,-0.013750556019033765,-0.006250839628415393,-0.005510812875268699,-0.1032217398285013,4.024037734832246,0.18441512496963022,-2.797084369605861
-0.006678250769730782,-0.013755770512676116,-0.006219626900614478,-0.0055009353400296565,-0.11267039430707239,3.993663611953665,0.19092979882133865,-2.7828677115973064
-0.006705240485047165,-0.013760925383283714,-0.006268103738677158,-0.005491168438692062,-0.10105523109384253,4.028321388510706,0.16367583209623388,-2.7995131943881684
-0.006690080337881867,-0.013766139261228771,-0.006236911870616341,-0.005481439566341151,-0.10906390436427658,3.9980372531073947,0.17032327335249312,-2.7853577474075464
-0.012878367433524286,-0.0058771327424018945,0.0067889042613556855,0.004739536533502829,0.7396508874834732,3.8646702184254873,-0.549730888018127,-2.6659847426946666
-0.012865455096451872,-0.0058681478741403345,0.006803793152392587,0.004718338326855244,0.7414499589287925,3.8572973579150225,-0.5698948118127499,-2.6604128166672982
-0.012852505131281737,-0.0058591068796967245,0.006818561188602689,0.004696931388194708,0.7433032943261221,3.849581838867721,-0.5900489396823926,-2.654603540573809
-0.012839425581502336,-0.005850169785318248,0.006833475939184714,0.004675530251890242,0.7452285117019234,3.8418995101370794,-0.610231315226944,-2.6487397684633307
-0.01289324372629644,-0.005869610444576848,0.00675888534387548,0.004734161693998714,0.7319074431326021,3.8389159593064,-0.5341884532469706,-2.6551233899194138
-0.012906371091465918,-0.005878208690074872,0.006743202151190827,0.004754502554673203,0.729782807021638,3.844882480511784,-0.514067050945786,-2.6599028788245582
-0.013046494118663404,-0.0059816311061274595,0.00657471735810066,0.004984306440122723,0.7075138179155928,3.9131678385877753,-0.28945823309547664,-2.7093730041738113
-0.01303394411942351,-0.00597216872809225,0.006590373396448746,0.004963900646610575,0.7096744819005582,3.908014963830453,-0.309992738839729,-2.7057268852784317
-0.013021323641052839,-0.0059629451779969,0.006606163335087167,0.004943773150599378,0.7118832235252609,3.90310101794296,-0.3304088427729704,-2.7021324124286203
-0.012919540434355772,-0.005887002383426768,0.006727450018996792,0.004775075125846301,0.7276656670555236,3.8509168371517437,-0.49375125146927656,-2.6646631773823697
-0.012932640915588671,-0.005896064994304198,0.006711860559786779,0.004795954024180299,0.7256060407221123,3.857244172680255,-0.47333508446589573,-2.669502981811107
-0.01300880275476306,-0.005953727639937276,0.006621652350095042,0.004923584899566216,0.7140219755035573,3.897838679054057,-0.35065785101224983,-2.6983130432326217
-0.012996434045609117,-0.005944252487414031,0.006636581432875383,0.0049029135025695355,0.7159872482343291,3.8916933648952665,-0.37082241482307343,-2.6940078706443327
-0.01294567628798679,-0.0059053595963543225,0.006696397770315052,0.004817084276934411,0.7235867821281278,3.8637913530290313,-0.4528222657143037,-2.6743851745630027
-0.012958674944459314,-0.005914888530557123,0.006681011194376981,0.0048384865343858155,0.7215995163883812,3.870535871037132,-0.4321688386076786,-2.679300879507865
-0.012971440192790862,-0.005924713043547008,0.0066660686459262914,0.00486018922908681,0.7197205165016213,3.877761428898264,-0.41156828086154823,-2.684370145205095
-0.012983996989543231,-0.005934576615617873,0.0066513573998639415,0.00488177964080723,0.7178946435679578,3.8849834197673654,-0.3911097255528753,-2.689353979692593
-0.013059018256656967,-0.005991102093725842,0.006558974849978749,0.0050046125934144385,0.7053204886239781,3.9180948102008597,-0.26889240679468523,-2.7128427322864987
-0.013071725829795704,-0.006000247778657435,0.006542585091520256,0.005024306027939181,0.7029271564169067,3.9219720578761432,-0.24828565092864743,-2.715742966937692
-0.01308457250781824,-0.006009312062482164,0.006525774824187466,0.0050437819676489365,0.7004352769810072,3.925287380875915,-0.22755141531279652,-2.7183119407029626
-0.01309737396324528,-0.006018706582582339,0.006509104272051627,0.005063694938837601,0.6980136655023249,3.9289710489359138,-0.20662036589811159,-2.720995158740114
-0.013110057949076083,-0.0060284229045837285,0.006492687449522509,0.0050840158371986905,0.6956691344364773,3.9330787300412706,-0.18556482185710563,-2.723813696703289
-0.013122625916433858,-0.006038325485180816,0.006476439121712751,0.005104516140430609,0.6933669378379431,3.9373633201152374,-0.16446772173705096,-2.7266447513027585
-0.013135111861423125,-0.006048324061718568,0.006460246910658615,0.005125051340588775,0.6910751983459922,3.9416276466764626,-0.14335196056245958,-2.7293934301088076
-0.01314754035092913,-0.006058422067587811,0.0064440687549057385,0.005145635428480095,0.6887892412315767,3.9458529602003947,-0.122186591085564,-2.7320523945390094
-0.013183651200494495,-0.006089698207265394,0.006397267782040777,0.005208221629390803,0.6823501738054999,3.959929776342394,-0.058913408919253916,-2.740254866347014
-0.013171755553088832,-0.006079286598601247,0.006412769428482558,0.005187513920307509,0.684488678094424,3.955367304034717,-0.07990307943050722,-2.7376575920415274
-0.01315985228848828,-0.006068715384266676,0.00642805809846312,0.005166426155677756,0.6865556069941475,3.950273602808743,-0.10095903002754188,-2.73473340995675
-0.0131989188336372,-0.006083724296809623,0.006367348447558437,0.005200589626383399,0.6756682176436256,3.932007405603217,-0.04775507285161368,-2.727068618542793
-0.01321153038322234,-0.006093110822506443,0.006349922701864365,0.005219309723529224,0.6730276849365477,3.9335074005554493,-0.027058274592398988,-2.7280959596061085
-0.013223890062277208,-0.006103202222997167,0.006333160799072987,0.0052391034498215265,0.670573984548758,3.936223241504354,-0.006033392981142651,-2.729641240702646
-0.01329327040978378,-0.006181028153856705,0.006245824129952545,0.00538582657882733,0.6599933347069267,3.981230383901552,0.13190602119261097,-2.751060776548005
-0.013281519756033887,-0.006170406835454666,0.006262209636014745,0.005365760178801616,0.6623482975599804,3.9786369822486525,0.1106308724619375,-2.7500395398814153
-0.013269530734675744,-0.00615986696423526,0.006278920560034499,0.005345705087176889,0.664782933494692,3.9762119101989266,0.0892304451433402,-2.749026572032861
-0.013260551977171763,-0.006133436360856482,0.006282790872255406,0.005297653878493756,0.6632239754373376,3.943186469079825,0.05671521391024526,-2.733288036447824
-0.01324891968242972,-0.006123216232207466,0.006298605680779804,0.0052780807783270245,0.6654731684866367,3.9401763528822262,0.03623300658054587,-2.731812034679965
-0.01323664098236367,-0.006113009862715887,0.006315438103600814,0.005258337258999637,0.6679149851989044,3.937724027163476,0.015185225523296984,-2.7305348407392724
-0.013273191760046564,-0.006142890577501792,0.006264709404570028,0.005315875068667581,0.6604380554146231,3.943413316591775,0.07750356560150133,-2.7333612915162675
-0.01330538359034244,-0.006191215538283921,0.0062284640193774575,0.00540502969518842,0.657366804869553,3.9823526512317433,0.15313672752607602,-2.75131277750293
-0.013340799267416957,-0.00622284837572169,0.006177688418628621,0.005463799279430879,0.6498919606724564,3.9870120693618714,0.2170106922424652,-2.7522480196018138
-0.013329267825740237,-0.0062122011651033196,0.006194212942201447,0.005444151895129936,0.6522891418436229,3.9852027553737845,0.1958574421905066,-2.751883741154243
-0.013317509224750222,-0.006201521225978266,0.006210998130409084,0.005424323764711283,0.6547393656160122,3.9833705278566565,0.1744864390341783,-2.7514413654935628
-0.01330895424426485,-0.00617519149135847,0.006215257994719905,0.005376593023893597,0.6533637285711856,3.951573033249183,0.14136761880376866,-2.736740375904416
-0.012841125190708983,-0.005833712809780681,0.006818502363409481,0.004649466637284724,0.7393164634206544,3.8092600446755074,-0.6141116608642588,-2.6325488811578044
-0.012842723141865388,-0.0058174789216670075,0.006803914188157967,0.004623882321109857,0.7340470774019855,3.777538709536985,-0.6181354140846703,-2.616548508089887
-0.012722371436544281,-0.005754915651150452,0.006948234311299124,0.004455599366026452,0.7541295020816426,3.7322745031937905,-0.7900926217717879,-2.573058922531466
-0.012709177898288527,-0.0057465920256616005,0.006962280492355547,0.0044342728170568115,0.7556666030597222,3.7232985681050437,-0.8090722943909704,-2.5659670050586847
-0.012696084680645708,-0.005737877643703984,0.006975711281271074,0.004412308414751229,0.7569547133408467,3.713277659734516,-0.8278949571463355,-2.55831180025258
-0.012682665897557547,-0.005729290634495301,0.006989612541079368,0.004390247438609386,0.7583449792629621,3.703430745069754,-0.8470027699774095,-2.550630665480177
-0.012723688839493564,-0.005738751359756004,0.006933201664311202,0.004431000863827019,0.748504454167223,3.700891737369124,-0.7919951947232913,-2.5571877524487934
-0.012616871720516612,-0.005656822431749396,0.007029840132231789,0.004234816684770566,0.7539440959621193,3.594621820599154,-0.941790644563342,-2.481134552899394
-0.012629943001637504,-0.005661611175801638,0.007014174860689187,0.004251116268688322,0.7517185498702696,3.5986639265321227,-0.9245710175472633,-2.485974668254537
-0.01268403247626288,-0.0057122459739209624,0.006973492643418164,0.004364675637365375,0.7522683523366619,3.670467402654529,-0.8481817804736894,-2.5339744427544093
-0.012644185385679525,-0.005686708617584,0.0070135862756710585,0.004298967402492794,0.7559001518293047,3.6398510373906716,-0.9034477652455831,-2.510183033263326
-0.012657553022309425,-0.005696038994935547,0.007000911481992376,0.004322264262741301,0.7550153811280028,3.65176637830086,-0.884924229681486,-2.519056525543822
-0.012671157900433348,-0.005690552514355041,0.0069755253452801645,0.004322879313723991,0.749099763925172,3.6356748852994736,-0.8681862030669659,-2.5134824050286273
-0.012684379705872977,-0.005695592486027466,0.00695936554920975,0.004339231916831187,0.7467451361382976,3.6391964557966205,-0.8505207491975089,-2.5178920680065358
-0.012645203117575486,-0.005668237336409852,0.006996632636566168,0.004271563187379473,0.7494860043591625,3.605034487031372,-0.904334809874695,-2.492416968448213
-0.012735839727212877,-0.005763062217127771,0.006933472625923055,0.004476717946583302,0.7523924849250881,3.7405126367591883,-0.7707110093322367,-2.579773565678632
-0.012775690790624494,-0.005789506672681637,0.006890802555008564,0.004542336172866234,0.7477709994853924,3.76786821241896,-0.7122366715187275,-2.600837732881765
-0.012762710477254734,-0.005780441492269601,0.006904489571462366,0.0045203351640806825,0.7491796177220422,3.7583390648017247,-0.7315072021940185,-2.5937147403676346
-0.012749398442765236,-0.005771511445085032,0.006918667282947057,0.004498266835987002,0.7506906541516792,3.749022640448888,-0.7510593562434537,-2.586588449815713
-0.012790351880052791,-0.005781841022802899,0.006861439736060311,0.004538374226066095,0.7406064656085495,3.7444309452753584,-0.695828401442396,-2.591275803704282
-0.012803763449499616,-0.005789839159618574,0.006846068506483068,0.004558606201617366,0.7386621599154827,3.7511762282789154,-0.6764261578249431,-2.596938800525321
-0.012829809746508313,-0.005808649889297509,0.006818275314279878,0.004602871066418289,0.7357293528514236,3.7696503953150082,-0.6374535623341363,-2.6105363547716394
-0.012817622398716158,-0.005798512805314278,0.006830350938441656,0.004580054677928142,0.7366961611251545,3.7586356876430753,-0.656184835117619,-2.6029825095415724
-0.01245096407214121,-0.005574863187730198,0.007200874910532216,0.003987781431139518,0.7708111401783523,3.4858885964696094,-1.1565074404431257,-2.386194297226752
-0.012464882669501782,-0.005583344061747405,0.007188720789659688,0.004011362395471376,0.7702915442178374,3.4992236098413785,-1.1391225160862763,-2.396575948288513
-0.012478853007128678,-0.005591247973853332,0.007175814607347355,0.004034081335797437,0.7694421624728812,3.511285052302035,-1.121475902800874,-2.4062805004742196
-0.012491870877535269,-0.005599909105471205,0.007164827839958698,0.004057053385633184,0.7691664860404247,3.524691461658328,-1.1050097868370512,-2.4163793056707825
-0.01250588100346282,-0.005593112322639364,0.0071383997450357615,0.0040582723260583625,0.7628505516255993,3.5091821725770145,-1.086469056480665,-2.4118952997075116
-0.012519496295037858,-0.005597556246005256,0.0071225864356519175,0.004075330688946513,0.7607221196348077,3.514245261242959,-1.069047414435995,-2.417766743185098
-0.012575245912656088,-0.005629061170948975,0.007068288851458093,0.004163556716404692,0.7563378206751414,3.5571524700481123,-0.9970438551130417,-2.452727208286816
-0.012562054334515831,-0.0056243257569573765,0.0070837073198321224,0.004146826973209522,0.7584362722251335,3.552353695355478,-1.0141807798476485,-2.447281474309875
-0.012535308809305548,-0.005603381543733733,0.0071046832101097765,0.004095954449737924,0.7584968446136805,3.521071714891375,-1.0487918989319505,-2.4250066978960394
-0.012552264709668044,-0.005611353506499808,0.0070868316663369475,0.004120426705109322,0.7566155282272867,3.531228125200335,-1.0270062477711763,-2.4341611456480376
-0.012590597112986159,-0.005635405674104035,0.00705094213855966,0.004184116763884099,0.7542014827917968,3.5640146836341313,-0.9770339162740228,-2.459661558071181
-0.012607384979795529,-0.0056438932178876355,0.00703312479577293,0.004208749560669786,0.7522845097332914,3.574048203797008,-0.9549879035427652,-2.468482602706944
-0.012451226538848004,-0.0055563685024119,0.007183560222424738,0.003961685113089453,0.7638661426746353,3.4521086223105333,-1.1543299173312247,-2.3690287841811593
-0.01218544567012842,-0.0054179033055780194,0.00740853034747309,0.0035325071014596357,0.769885010751963,3.204279308851036,-1.4579648560226846,-2.167031654643552
-0.012205886925423173,-0.005417520945018765,0.0073820973182618585,0.003552284267196454,0.7656817200029084,3.206990310764923,-1.4326460432060888,-2.1749640534018178
-0.012222866318755396,-0.0054213293737710245,0.007364094301089921,0.003573759915814646,0.7637929632528834,3.2158403886289935,-1.4130121288995878,-2.18473023033448
-0.012238703992496464,-0.005427501524810485,0.0073497274729608765,0.0035970152346973517,0.7630609391871205,3.2282533053047078,-1.3954767126949206,-2.1958393055877026
-0.012254814170717304,-0.005434502666591454,0.007335656858833288,0.003621490823162135,0.7625877196694383,3.2418832802759154,-1.3777136497764297,-2.2075932953788016
-0.012397015114866605,-0.005505240995098262,0.007212320943332746,0.0038447603741056237,0.7581683881731073,3.366674145894954,-1.2164643311564711,-2.311223807534152
-0.012394622422854176,-0.005488989251472891,0.007200623903180448,0.003820423840288538,0.7525025490845894,3.338567874610461,-1.2166368243220973,-2.296275356613561
-0.012419301201624442,-0.0055258843904350385,0.0072004934326115625,0.0038922702462265003,0.7604989958611377,3.401360521014786,-1.1914170460598574,-2.3348156914616154
-0.012434875548570557,-0.005530242993894618,0.007182745868584909,0.003911384700336514,0.7582193289579343,3.4074500186742545,-1.1721973479370622,-2.3419832842521076
-0.012414946526015073,-0.0055079769180139,0.007190110165199327,0.0038637599804276592,0.7547909212814443,3.3701324879477568,-1.1942696496479892,-2.3177433263677494
-0.012381306871228919,-0.005479584144359494,0.0072101045013630355,0.0037961790437954983,0.7519889883502887,3.3229881007486206,-1.2315603347367519,-2.2847745338455243
-0.012358924103314444,-0.0054782660325086874,0.007239220800805603,0.003774889384378395,0.7567845167204145,3.321281924959542,-1.2592664612928124,-2.2777987843971528
-0.012341429476528963,-0.005474620875352359,0.007259401531954426,0.003754460502965552,0.7594916486799184,3.315098509867036,-1.280407547200353,-2.269777705191394
-0.012326331113131398,-0.005468261711760575,0.007273655883227606,0.003732359996139524,0.7604224661201253,3.303929448917861,-1.2978663226707419,-2.2598411971064927
-0.01231146017815177,-0.0054602718969988554,0.007285908493031423,0.003708190421184899,0.760608924509147,3.289741317636708,-1.3145048501585486,-2.248405078237838
-0.012273456115790867,-0.0054461570423505416,0.007322588606160293,0.003654339787400845,0.7633571010202127,3.2633638420389803,-1.3580630663246611,-2.2239655760246166
-0.012294512814233417,-0.005453119242703817,0.0073015525528407075,0.003683131943105298,0.7615569297720404,3.2766817152417818,-1.3337881087838053,-2.2368896117036043
-0.012450419799390443,-0.005536860589670737,0.007166965716695576,0.003933489097452877,0.7567808718020627,3.4172950367182557,-1.153243785359442,-2.351002105505255
-0.012066364060688325,-0.005341664578505806,0.007478272870709742,0.0033156759251077735,0.7589856481236601,3.0507655443665986,-1.5698706381926295,-2.051651535549432
-0.012084627983732516,-0.00534485267067987,0.007459634821191702,0.0033387895097252,0.7572745656485647,3.0612316433178175,-1.5497991706152783,-2.0631328303460887
-0.012124548651330905,-0.005370206242050478,0.0074367572767854,0.0034111169726991565,0.7612948672741481,3.112518697669564,-1.5133825782054722,-2.1017512475928775
-0.012142775894376264,-0.005371960927287656,0.007416074052750503,0.003431925210469533,0.7586684589142529,3.1196700516698033,-1.492218113714079,-2.1113889062533624
-0.012120956766651963,-0.005354357366706057,0.007425227190301542,0.00338802834144459,0.7551067303860298,3.086173040655265,-1.5109386270696585,-2.0877195033452276
-0.012107120995179292,-0.005344856991533734,0.00743250387338918,0.0033622327772676883,0.7534219306028058,3.0674822289123798,-1.5232518572407427,-2.073926820419682
-0.011983682931414046,-0.005311579429705843,0.007544123831639715,0.00319054663720424,0.758445316036597,2.9751296359125807,-1.6510909614793563,-1.9852786646352807
-0.012007424689168234,-0.005312068790585049,0.007517226566659776,0.0032172875097798673,0.7552114352075884,2.984805764270281,-1.6240369546186495,-1.9987555401881985
-0.012027719069438681,-0.0053141415694091835,0.007495746154078528,0.003241764556808999,0.7530445090222496,2.9951923523191035,-1.6016781893096808,-2.011145380494899
-0.012045637723570545,-0.005318215698393367,0.00747891023395651,0.003265794294061468,0.7520651689664337,3.007511567570667,-1.5829475457746538,-2.023495499066238
-0.012062470304045952,-0.0053211731120296965,0.007462055494518824,0.0032871828632511225,0.7507180708977857,3.017486163829044,-1.5648163984293808,-2.0342708775594143
-0.011907525097917445,-0.005256957282847693,0.0075725444808821115,0.0030434023575925564,0.7439690585319368,2.8611775399294994,-1.7063921707075849,-1.9026379419781527
-0.011928656311053318,-0.005266624831186736,0.007559348384855581,0.0030780799617874514,0.7456746529283439,2.8847701396930705,-1.6885889817670947,-1.9218653458825068
-0.011943305369632614,-0.005277686984370526,0.0075545740982695415,0.003106937410115198,0.7488682113012085,2.907446403920591,-1.6784465787565463,-1.9381072757388786
-0.01195971647420701,-0.005280544307582223,0.007539110534425269,0.003128539381164267,0.7478601203638888,2.9185572104936313,-1.661645049619558,-1.9496041568123925
-0.01197841149821235,-0.0052868420416246845,0.007524467733876056,0.003156421840781964,0.7482304885340302,2.9354915151806207,-1.643964368120799,-1.9646447735868156
-0.01177070642787249,-0.00518323579527256,0.007638928529868209,0.0028054131719756994,0.7241689570042709,2.688392959512061,-1.8059040462093312,-1.7681279196508366
-0.011632959683616368,-0.005130297993207371,0.007715978121449702,0.0025845915241134707,0.7080597315056975,2.535386285401684,-1.905080594106263,-1.640208731924087
-0.011745191596525553,-0.0051713890030437165,0.007651919897845556,0.0027627835925538332,0.7206347827273375,2.658013038051257,-1.823955794436347,-1.7436685436272146
-0.011704428739639776,-0.005163327321115358,0.007683470764934482,0.0027050698326702813,0.7196026718465881,2.6229260919352178,-1.8591195315150004,-1.7103178388949003
-0.01172583847461264,-0.005159466337152115,0.0076583631250407985,0.0027275034331336943,0.7163967733862455,2.631027367978019,-1.8353464573022826,-1.7233737309924664
-0.011662581196137658,-0.005139498251763935,0.007698062867903017,0.0026303272970387777,0.7110339518992391,2.5661905635430173,-1.883413241780122,-1.666960393732108
-0.011688680737920572,-0.005143234607303828,0.00767714904085616,0.002666221539538686,0.7114011211772858,2.587510257266114,-1.8608476973686954,-1.6879452544175144
-0.011905064776018097,-0.005229896605839284,0.007547019236274113,0.0030110802884192665,0.7321470400996289,2.821331597531305,-1.6935223713424536,-1.883286019555639
-0.011884245871524358,-0.005225198216378147,0.007564631026996518,0.002982296672684737,0.732523897341644,2.8049634174250513,-1.713157788112491,-1.8675520533898626
-0.011842386203075983,-0.0052169193280342425,0.007600529812628642,0.002925079034617969,0.7331089661398441,2.772710356876827,-1.7527836881022367,-1.8359340352130424
-0.011866391740162543,-0.005212092337429871,0.0075700486201187986,0.002947804676169705,0.7284743327490204,2.778083070037608,-1.7244848562621475,-1.8481113844012778
-0.01182007092206028,-0.005202656783742284,0.007608852639243102,0.00288398427636917,0.7287659641320519,2.7414485607443244,-1.7674104264813464,-1.8126073626658228
-0.01179687964152607,-0.005186436878779662,0.007615671002654791,0.0028398741296809574,0.7233991761646886,2.707214901626641,-1.7812291367018689,-1.7875881324826388
-0.012182644741954943,-0.005397144290597351,0.007391408176902404,0.0035034383514687055,0.7617950559041106,3.1690684199614725,-1.453782388406923,-2.1487610004078808
-0.012164458794700232,-0.005371732620243812,0.007388988327762782,0.003453504080689149,0.7545448961738704,3.124002667901913,-1.4661046616879132,-2.1206703800889204
-0.012178475744884471,-0.005381080761091103,0.007380752570480332,0.0034791227152891407,0.755879424107382,3.141937195202013,-1.4528186550779993,-2.1340431898708454
-0.009683968828229103,0.004703538308085553,0.007963408461267371,4.717501149537603E-4,0.2130136009154331,0.34589290483035523,2.372554796472031,0.27563192118818064
-0.009643180269793265,0.004691646944015084,0.00794259349827617,5.297566621173311E-4,0.20099023140217778,0.30099325650869885,2.3611690943854957,0.313905464317827
-0.009601360063035925,0.0046828274537323265,0.007924106316790356,5.892137161375454E-4,0.18929655501435502,0.2560136582874129,2.351416601582796,0.35352291877823294
-0.009555419681497573,0.004680888462859033,0.007911277480206843,6.5570211677859E-4,0.17728295942849945,0.20855225302524713,2.3459834617980717,0.39827262228296
-0.011057962634762091,0.004930171134210112,0.007933961315116768,-0.0016521828003477031,0.5949048527764459,1.8626615087014942,2.194164497944573,-1.07832692270131
-0.010953291295202356,0.004909640356701811,0.007970180129111321,-0.0014894480839746486,0.5727576625530922,1.747978565798883,2.2376748830534785,-0.9764585588692537
-0.010978224760850041,0.004908171804714997,0.007954991026649509,-0.0015248504502643856,0.5756212386171436,1.770691993468901,2.2225876602184607,-0.999695225568515
-0.011029163279372003,0.004916791578802808,0.007935908409544336,-0.0016030870363045078,0.5858634721284438,1.8252587296389766,2.2003334512945183,-1.0488779828324237
-0.011004651538044525,0.004895373125101565,0.007926001573030443,-0.0015557637180151189,0.5743394515151358,1.7859065549386368,2.1970083646091427,-1.0218932947668353
-0.010832415333582765,0.004888334921136399,0.008006874587268932,-0.0013010932118000162,0.5451132205258961,1.6152007749804762,2.2823421410063136,-0.8579562200294221
-0.010910686610741578,0.0049101797443064366,0.007993146610394172,-0.0014273843931276503,0.5663841649092712,1.707180263231809,2.26106529951377,-0.9360665637791666
-0.010861589389040756,0.0048927625100487196,0.00799797995634465,-0.00134635896493331,0.551794468690629,1.6469643097287643,2.271677429343725,-0.8865975523334543
-0.010886824719431747,0.004898200808729661,0.007991705627635555,-0.0013862275279482204,0.557954078129138,1.6754371638892156,2.2634342437884993,-0.911516142562044
-0.010805568114406873,0.004870232488384721,0.007998800919431002,-0.0012530028427893438,0.533699105545285,1.5767027831727403,2.279990016720657,-0.830007075234488
-0.01093440324402543,0.0048963173002563014,0.007965239528895487,-0.001454882359494507,0.5646936744384193,1.7201059716310976,2.236823879880109,-0.9564157571046085
-0.01023958749497801,0.004799069962756649,0.008083533788720535,-3.7138877830308854E-4,0.38202270837297364,0.9575117344695627,2.4069308135735903,-0.2686235027924973
-0.010193089642262804,0.004783050724880153,0.008070916956082442,-2.978444791669451E-4,0.3657000701298502,0.9023638276685073,2.4025198097097284,-0.2230532546443154
-0.010210999670633615,0.004794008162406935,0.008081354985057384,-3.2664220138285135E-4,0.37331619300325347,0.9255032036020185,2.408192586554562,-0.24029974478597588
-0.010152348427923917,0.004754004104605254,0.008041946251930719,-2.327305533935465E-4,0.3483375445214227,0.8486376124445402,2.385845157779265,-0.18441667826840216
-0.010182439503519075,0.004763244512838613,0.008049613119664298,-2.79471928044798E-4,0.35836121077586297,0.8835321790113152,2.3883248282399783,-0.21380327635234725
-0.010778153060555434,0.004854755558760942,0.00799354230295591,-0.0012055791298768183,0.523152292366824,1.5396402528350819,2.279773837949985,-0.80195195124948
-0.010369890623976847,0.004808556402611047,0.008072224750676772,-5.735618613053572E-4,0.41852095161855635,1.0979102550053008,2.3854720192689776,-0.39858556324037847
-0.010341241216746892,0.004806710399227908,0.008075807421692506,-5.291948036351403E-4,0.4106720991445711,1.0672282471125696,2.391035366209216,-0.3700634571098947
-0.010322976481308832,0.004785112126033646,0.008054700675989391,-4.972254805587917E-4,0.40030054735598586,1.03872935431796,2.377773437524701,-0.35259659149282313
-0.010424815175685071,0.004796979408312923,0.008046977549157683,-6.549115604631883E-4,0.42879773975932095,1.149571368158924,2.3613492480712512,-0.4534650197279433
-0.010394810438211659,0.004782686538422224,0.008037671293329982,-6.060890015854477E-4,0.41746107335434646,1.111985076679743,2.357879783790969,-0.4239547992760481
-0.010267795545231122,0.004763878206109126,0.008039746016496546,-4.0965142407235706E-4,0.38079874684819925,0.9724831363375637,2.3727258574051198,-0.2986641186199292
-0.010325599732732876,0.00475570948761086,0.008021105516176392,-4.959384687946504E-4,0.3932165358178597,1.0286551345588226,2.353273378716515,-0.35615993082188074
-0.010303035151775403,0.004747309969649456,0.008015589481782505,-4.604254778586933E-4,0.3855172796041506,1.0018138676694466,2.351686532556919,-0.3341128287693722
-0.0107484105737337,0.0048415388950952985,0.007991381481730191,-0.0011559450136758595,0.5129826401588868,1.501930750069324,2.2821055390829366,-0.772009827713286
-0.01068811564747591,0.004829266333695244,0.00800176691900398,-0.0010615471874221363,0.49716632737537164,1.4345659039817296,2.297470415358548,-0.7127615096342378
-0.010717893703078938,0.004829836975837518,0.007990733913952908,-0.0011059881748818007,0.5030554847687986,1.4645297113941416,2.2855779175507034,-0.7415564643749707
-0.010606429749369635,0.0048305933882152475,0.008032759124419475,-9.396821650872303E-4,0.4806445712718321,1.3529362251411643,2.330262614521341,-0.633144818087456
-0.010625073469330278,0.004814864097626594,0.008008639874703597,-9.622684370235741E-4,0.47949784505567195,1.3630625334415665,2.310326056791538,-0.6505938262325028
-0.010588426904843285,0.004815476272946663,0.008021710502350735,-9.075529536472983E-4,0.4718945325213822,1.3263841357542678,2.3242718449265176,-0.6149029116435104
-0.01064671459573875,0.0048117385689147385,0.007997477037326188,-9.934313997165612E-4,0.48302758947298124,1.382999695130272,2.299484332652631,-0.6714209422799212
-0.010670770581955067,0.0048101017401424384,0.007986834644794754,-0.0010285509795527577,0.48725273433806826,1.4060198391764924,2.288704935128019,-0.6945187970052343
-0.010559665451500593,0.004811575332106996,0.008026508292362356,-8.630488383132286E-4,0.4643510509319543,1.2950713724238023,2.331178766479702,-0.5865946895739489
-0.010529738517974582,0.004793976427652913,0.008015767028777624,-8.127105763475091E-4,0.45226542208900433,1.2555198547325646,2.326877623768796,-0.5567745775281091
-0.010460312731101637,0.004776910154953209,0.008015660000633064,-7.036743543939382E-4,0.43135420976174554,1.1763491674656297,2.3346749049590776,-0.4885064979912497
-0.010499627437218753,0.004782934117470207,0.008011963903303434,-7.643405654180589E-4,0.44222833786376153,1.2192864730881292,2.327542612108591,-0.5270568734703694
-0.010146906130208251,0.004707220903067803,0.007989968034998738,-2.207058166854236E-4,0.33695991634520894,0.8253238588687227,2.349231037120328,-0.1821161268246502
-0.010098734873016268,0.004707869126823865,0.007993866689760128,-1.4853118464778188E-4,0.32451853600470065,0.7760083138742112,2.356741830616547,-0.13456699109472972
-0.010037190304335782,0.004720559328681283,0.008010249209538883,-5.638951932623742E-5,0.31081052048915586,0.7168937516354421,2.374325849897845,-0.07259056933670603
-0.01006134661803807,0.004690924244754574,0.00797658578970333,-9.187698178790816E-5,0.3115625036625284,0.7315932611060921,2.34802174115063,-0.09904825926986406
-0.009998720939951392,0.0047127722252751775,0.00800185248977233,1.6367283320645867E-6,0.2990605136818521,0.6744334792607994,2.3719677249600797,-0.03519014458076847
-0.009824236838442505,0.004694461461704634,0.007972599706834345,2.6203432105220345E-4,0.2494781808712819,0.48842695378662754,2.367038568962253,0.13544891367221745
-0.009956057764580877,0.004710234459518535,0.007998407287683059,6.575281437605284E-5,0.2872059228388964,0.6294406868280628,2.3734840709316747,0.0068464714332687965
-0.00990576345485757,0.004712277177128767,0.007998676512240887,1.4142199036326308E-4,0.27396110589248085,0.5779541517022739,2.37828839655829,0.05697926299806659
-0.009866980204696188,0.004693497937348365,0.007975240887911092,1.982606054101784E-4,0.26075673457868903,0.5322382558532878,2.3651518438942882,0.09310069668613329
-0.009756420801741024,0.004687760099699728,0.007957202176835975,3.619556927210952E-4,0.23053173791243226,0.4166199331100558,2.3619682621104032,0.20151426180562296
-0.009798911314801997,0.004662993721392968,0.007935098538279563,2.961889930408257E-4,0.23868919181454176,0.4535675408355799,2.3425017304320055,0.15620276924840326
-0.009714947622607936,0.004666272670366687,0.00792736134134195,4.198776473646163E-4,0.21723328653070847,0.3684329863674179,2.3442483094958875,0.23915466886260098
-0.009520723638789332,-0.004684153269099116,0.007906019890437732,-7.068941538527308E-4,0.16865199068825665,0.17379915813163918,-2.3450043244620318,0.43284442163923315
-0.009361523063105833,-0.004715792647289931,0.007891734334128564,-9.464912044845915E-4,0.1301830195282699,0.017294786813280113,-2.347271775150387,0.5954279621268356
-0.009408480209005247,-0.004699512386675485,0.00788978334695434,-8.734800743163403E-4,0.1411306365431646,0.06228941216107758,-2.3422044392036288,0.5458321530179883
-0.009449072870155466,-0.004693151019994338,0.007895565079867032,-8.130365522315372E-4,0.1510537877709436,0.10244228978001275,-2.3431756737959746,0.5048416333091306
-0.00948049660413651,-0.004665323735868712,0.00787436361874864,-7.597006507894349E-4,0.15734188223133524,0.1290736203191671,-2.32540806090994,0.46830110683062204
-0.009266069043449468,-0.004720592446176718,0.007860939836827405,-0.0010844891958442717,0.10713446566654874,-0.07886492938842161,-2.332261043107362,0.6894760153532015
-0.009314000880736481,-0.004711708695845364,0.007869930433766494,-0.0010129548337255623,0.11843178055391847,-0.03171160020354682,-2.3351112339810274,0.640784519182258
-0.009335276767135754,-0.004678791946790675,0.007841967265231545,-9.706174544230346E-4,0.12267607168973568,-0.015263591489901512,-2.3132278658502905,0.6120460081314921
-0.009230198753981374,-0.0046686888980020215,0.007790068257061279,-0.0011133755850041267,0.09822373292522074,-0.12174028830707341,-2.283282490137307,0.7102722552165588
-0.008926967992336705,-0.0046553116708989125,0.007626405754746227,-0.0015113379596022108,0.03712538656764396,-0.41663798222515763,-2.1830733285609933,0.9875792959727511
-0.008881634123241612,-0.0046371089059086676,0.007581669505723919,-0.0015584850627265315,0.029882543895285333,-0.45936601684423456,-2.1524072547783155,1.021537349467837
-0.009173223834083501,-0.004674096520692345,0.007771221903437183,-0.0011940162370636664,0.08568231318918172,-0.1775031213983834,-2.273636469226012,0.7658362784609943
-0.009121087330124669,-0.004650959014458393,0.007722739664991401,-0.0012540494468733286,0.07464861254440004,-0.2308341345520615,-2.241568310880196,0.8080564710094419
-0.009008368215237577,-0.004662966019124325,0.0076789675935630105,-0.0014097972096118868,0.051972747231658366,-0.33890392465190633,-2.2169078314352704,0.9161662405390416
-0.009048212748964134,-0.004644915641508621,0.007680785439512555,-0.0013480053155360443,0.06002475651318253,-0.30178842594054994,-2.21548123046875,0.8737082761105014
-0.009083839064455526,-0.0046344412186315204,0.007687568676126297,-0.001295758835751946,0.06725822155587231,-0.26829027825030316,-2.2180270023551834,0.8376430518924968
-0.008964044134164557,-0.004628860592717046,0.007619885265334087,-0.001449035299613818,0.04460620635496831,-0.3826602911040445,-2.175650834961221,0.9449865306624993
-0.009628901846103545,-0.0046708032540064255,0.00791673056055338,-5.46462761201632E-4,0.19539807468080586,0.2814457221932774,-2.343841681009231,0.3243659171018845
-0.009587965032683114,-0.00466401159600788,0.007900431695988626,-6.044926586498892E-4,0.18430781256842457,0.2380915943644201,-2.335508480507539,0.36325995727413357
-0.009550600736577994,-0.004659976701786159,0.007887170907782699,-6.575222383894025E-4,0.17452783064278932,0.19924825233081017,-2.3290004580115213,0.3989316129144853
-0.01075543980332786,-0.0048856812053327025,0.008038251660205263,0.0011850266008915755,0.5300829125884324,1.5365225536449831,-2.3159148904600255,-0.7828121866644611
-0.010737219279313521,-0.004857255377563677,0.008013719864267478,0.0011458444310723669,0.5164004378061106,1.5004786394919314,-2.3000652974132616,-0.7625949982849615
-0.010787928479764711,-0.004886885847863442,0.008025508853627078,0.0012342257295352994,0.5366475678591308,1.5699351918350128,-2.302213828951935,-0.8146332388482743
-0.010818697967208676,-0.004880671613465608,0.008004588369290256,0.0012772102414586102,0.5399107753915043,1.59646239964032,-2.282543307718735,-0.8437527918619087
-0.01088173976147764,-0.004896470523873002,0.007992286926415083,0.0013778812834517882,0.5565546782057282,1.6692091805327218,-2.2646093472814943,-0.9063527815528376
-0.010844595924776114,-0.004879488619127713,0.007991164959808868,0.0013149394322706247,0.5439291198844259,1.6211855246515652,-2.2689952393907693,-0.8685350685708818
-0.010866371408235362,-0.004880522715125543,0.007981878632166107,0.0013474622855304717,0.5479386870143605,1.643164840842926,-2.259032400843002,-0.8894931334877688
-0.010905499665228947,-0.004888833588417917,0.00797177270477428,0.0014088873037183213,0.5573998186902197,1.68695329454507,-2.245922235231436,-0.9279340837744646
-0.00972900462867809,-0.004712629273328691,0.007980906620752721,-4.0627808007336454E-4,0.22611940592446186,0.39480475642162555,-2.381187420890141,0.2324732714453512
-0.009669953434540626,-0.004676477250197041,0.007930938043589781,-4.8754953242022384E-4,0.20652861461437788,0.3248169609052179,-2.3505878770740516,0.2850289343835455
-0.009704446557440748,-0.004682882341524646,0.007943996288486658,-4.379804704609695E-4,0.21628349724337464,0.36180749771856424,-2.356996376439403,0.2521332812413839
-0.010311306156199759,-0.004779410843695896,0.008050309557646115,4.784130621595188E-4,0.39576420428878917,1.0241375165025515,-2.375825042561534,-0.3412253375397411
-0.010242839332279716,-0.0048042831788868605,0.008089031790324434,3.771008871493952E-4,0.38426205315277245,0.963074773646769,-2.410542649419018,-0.2715916810965911
-0.010275241640794812,-0.004790101461381966,0.008068268950970807,4.249708111807202E-4,0.38916396816156423,0.9911591189072327,-2.392431395104756,-0.3048364375347073
-0.010183698830339179,-0.004791344245567974,0.008081308479414165,2.84248054876883E-4,0.3652067203513889,0.8957414633357877,-2.410853204295648,-0.21306191162409374
-0.010214787580286268,-0.004786493413382537,0.008072377345094873,3.3160372852573966E-4,0.37225232189604646,0.9264461268885661,-2.4014226515474393,-0.24455217851370564
-0.010281962172188392,-0.004751400371543524,0.008023571113421482,4.2925331152909066E-4,0.3813194205919552,0.9818153928048684,-2.3596035668667414,-0.3131508329194695
-0.009773677689055056,-0.0047105995341895695,0.00798485684178893,-3.392856263693984E-4,0.23789698021807013,0.4405139324787171,-2.3801675862148035,0.18786156789127292
-0.009918126350631747,-0.004671689845535564,0.007954172314790075,-1.2093924151029942E-4,0.27097492241358034,0.5782293051432122,-2.345424165183984,0.04015945837610468
-0.009889156707533231,-0.004672092377938002,0.00795303172703852,-1.6384844802565395E-4,0.2634628261074354,0.5486310233400084,-2.347260181169204,0.06870223541631816
-0.009815408134685203,-0.004685486149234756,0.007961737350008742,-2.7425210915536574E-4,0.24600683632331188,0.4767102540321853,-2.3601005322431363,0.14307157048740912
-0.009853708104140293,-0.004675841470483407,0.007954610037645762,-2.16593966558135E-4,0.25472973935436216,0.513344923176474,-2.351589231904811,0.10405323900925527
-0.010162320646612353,-0.004762429933118713,0.008050598852836597,2.486753944126522E-4,0.35273551296312183,0.8622570552303789,-2.3910082087619746,-0.19382637786514376
-0.010135869294387327,-0.004734550260909628,0.008021366539746872,2.0618376048884676E-4,0.339764850412793,0.8241384268762898,-2.3727787799172635,-0.1693517479474093
-0.010068861639139906,-0.00472048670379702,0.008009292662140696,1.0416118026716846E-4,0.3192138399801734,0.7496451624624928,-2.370665216767637,-0.10397309500570263
-0.010104991192804315,-0.004707418029275479,0.007993023184712204,1.578967956689281E-4,0.32600884464702423,0.7822458402301514,-2.3555486445397418,-0.14071868037609728
-0.010005561261388294,-0.004707366025504529,0.007995816758942328,8.642804438199855E-6,0.2999247055438672,0.6796794976897457,-2.367070667480181,-0.04243210553520931
-0.010037519276347774,-0.0046925475511697965,0.0079789927463731,5.635226694123546E-5,0.30562657644860086,0.7076267182593994,-2.3520420058231672,-0.07537020284821232
-0.009973597533824164,-0.00467865195157905,0.007963639506884891,-3.8882868752062914E-5,0.28651369490729556,0.6373620201127664,-2.3470652515914057,-0.013751302915054121
-0.009940143016603219,-0.004652824710321356,0.007934247589624481,-8.767926742417738E-5,0.2737371743189199,0.5948601526880185,-2.32912355797388,0.016555942832230715
-0.010576257119720397,-0.004843894045327368,0.008057804601951086,8.984078886566193E-4,0.4784220556705245,1.3293615850526666,-2.3522249692575987,-0.6038807250306036
-0.010604160505237326,-0.004840501789961225,0.00804474059158127,9.39611628113365E-4,0.4834258353898226,1.3561223839883,-2.339367877466453,-0.6313323505877518
-0.01054557080298257,-0.004844775214508603,0.008068445585238004,8.519241801610056E-4,0.47175640343815106,1.2981840793903185,-2.3635496400593254,-0.5734642205335874
-0.01051530757983116,-0.004835538979428891,0.008066935285307013,8.02963359129218E-4,0.46177340854227394,1.2621084230991302,-2.365855871896278,-0.5432793874567223
-0.010380069227736011,-0.004835206601376889,0.008100443145293025,5.948339440957829E-4,0.42853879481023344,1.1207847084260207,-2.404814993024687,-0.40803148284296215
-0.010407649198453725,-0.004833049642777239,0.008091903073419551,6.369899540845441E-4,0.43493380081581284,1.1487347907233305,-2.395740119026532,-0.4357772784034893
-0.01048830421322817,-0.004831523396038212,0.008069954595030066,7.605561234993005E-4,0.45419570911451185,1.2321061061639105,-2.3710675607870866,-0.5164024841328602
-0.010433731893652733,-0.004831504484481133,0.008084005035792013,6.768183378666912E-4,0.4409747475490264,1.1752964540422755,-2.3872302102575333,-0.4619409338155606
-0.010460674223298641,-0.0048301550620814164,0.008075732089066564,7.178723365834143E-4,0.4471185447298374,1.2027357452151124,-2.378303099919832,-0.488878769893004
-0.010361779359686412,-0.004808312754376611,0.00807361024603761,5.610578435735956E-4,0.4163570046863528,1.0894467458768071,-2.387323868153818,-0.39060637468209763
-0.010342513410921484,-0.004784941227117455,0.008050905707280263,5.270064706659466E-4,0.4051031705504434,1.0589364410335715,-2.3729763610770562,-0.3720686232531016
-0.010636052081857108,-0.004831865442588493,0.008023924473703337,9.846819807322724E-4,0.4873533972947889,1.3837493134616337,-2.3202348971561757,-0.6622817778555284
-0.0106780187563774,-0.004836736875425546,0.008014019152551373,0.0010493351873528311,0.4976472161541121,1.4288442037722275,-2.3078030306554074,-0.7034998026996917
-0.010715320627630672,-0.004828359814376797,0.007990111413226532,0.0011015785260063387,0.5021834178450968,1.461068470143223,-2.285479282998295,-0.7389139959557635
-0.01157182972842393,-0.0050866033067684426,0.007724435371734564,0.0024674156765782675,0.6900099677374714,2.4415861814918824,-1.9299380947181446,-1.5723783823990747
-0.01147137113557593,-0.0050558698320890575,0.007777666400157841,0.002311108757436585,0.6766194768973405,2.3338366778161084,-1.9947683018951248,-1.4793131616649122
-0.011489751265657744,-0.005071842481609607,0.00777968725794768,0.002348612861385715,0.683946956125991,2.3653047542761416,-1.9912053208412315,-1.5009991313968796
-0.01150710337258736,-0.005070180868911905,0.007763107152950912,0.002369840301006892,0.6831573323550209,2.3763704680185787,-1.9749885320834548,-1.5141843906206185
-0.011545154040805364,-0.005077364551017628,0.007737990078930495,0.002425188455510779,0.6862456112771057,2.412124816730532,-1.946983706506099,-1.5474403441733497
-0.011522161945920354,-0.005063268887056869,0.0077426833871664935,0.0023833985815392366,0.6800037663250926,2.379737395520378,-1.9567369892814832,-1.523133163185478
-0.011447806694849788,-0.005046777101250909,0.007787217628620499,0.002272594912251505,0.6724184164315744,2.3059922428925,-2.0075549569345554,-1.4563761074931458
-0.011337344614930816,-0.005029050369120703,0.007854934402701609,0.002110344608244321,0.6608362617361019,2.1989686134077906,-2.082334304198253,-1.3566718035875873
-0.011358786579404085,-0.0050376224578223775,0.00784801612811708,0.0021460998213132768,0.665670179016005,2.2253634228359593,-2.0724471471227344,-1.378148296927092
-0.011418682188037519,-0.005042912396714649,0.007806630897249999,0.002230856423858812,0.6700317169453316,2.2791969570679966,-2.0285344587386014,-1.4308374753537392
-0.011386654467456661,-0.005030038792853555,0.007817928875172768,0.0021778170792371566,0.6632740087428753,2.240348232759302,-2.044339921083093,-1.3991484560881722
-0.011042333781804813,-0.004920741356360081,0.007932659287761837,0.0016242519196595622,0.5893076808935552,1.8406257960116839,-2.195840273944888,-1.0618392542160067
-0.010947433424033981,-0.004910805136775253,0.007974626875393393,0.001481539011800213,0.5722950188398825,1.7432181642900721,-2.2418718982875916,-0.9711068673732434
-0.010980359906307703,-0.004913971351700388,0.007960325672149967,0.001531136530890636,0.5782796995119713,1.777110273393891,-2.2262338902064855,-1.002753587827632
-0.011011345539571112,-0.004902612719915319,0.007930291037688955,0.0015694283792105424,0.5780405333405776,1.7976313375971882,-2.19905463123079,-1.0295072367015872
-0.011328150007772311,-0.005003088447238513,0.007833175200423441,0.002078238875767767,0.6489448241027116,2.1656444537135653,-2.0686507991592262,-1.3398683645880782
-0.01115395598764164,-0.004968230271636399,0.007916633042172938,0.0018124621269307094,0.6211750570169191,1.9823121806704582,-2.1646095765559323,-1.1753014119716008
-0.011179573817184124,-0.004963315648017767,0.007894269920457856,0.0018452694041935053,0.6215515615597164,2.000940514486349,-2.143434289221482,-1.1970963508418906
-0.011204084660294674,-0.004965408370406786,0.007880123537890306,0.0018808885410291955,0.6245955733069343,2.0244090213457007,-2.128376768506632,-1.2195801930458894
-0.01122988245773557,-0.004966732939532465,0.00786391001259184,0.001917555847075309,0.627160698025225,2.0480869028573,-2.1114785271402123,-1.2428240701537645
-0.011314743100170837,-0.004974804796955466,0.0078121081448263045,0.0020390872669802354,0.6363167536897211,2.127079447177312,-2.0565477965657997,-1.3186699487477684
-0.01125674850158538,-0.004969730229910782,0.00784842649237086,0.001956609321014468,0.6305191128230113,2.0738691038806127,-2.0948318785661066,-1.2672476152137533
-0.011285475272242608,-0.004971021526762219,0.0078293234852626,0.0019967353126961393,0.632953425895837,2.099273017949766,-2.075127762460269,-1.2924616399020683
-0.011095175516086665,-0.004931177867958334,0.007912547371681003,0.0017057761600134842,0.5997552474395808,1.8976337236843943,-2.172075769288794,-1.112618957730011
-0.011072726798716414,-0.004917159035817239,0.007910620083963439,0.0016654247200222024,0.5913758937807061,1.8657779392448959,-2.1744866639654603,-1.0889596482732131
-0.011139535799249246,-0.0049401635915061895,0.007894687360092878,0.0017739996057172457,0.6081535702970223,1.9453031492331074,-2.1510867675453564,-1.1551121730646543
-0.011120754309704503,-0.00491621171392425,0.007880067056230351,0.0017324944300839177,0.5964373099887562,1.9084833482109058,-2.143769715212922,-1.1322728809288523
-0.010932704400986863,-0.004882976495388006,0.00795120001607525,0.0014454420016878817,0.559320771274047,1.708879497601,-2.2266627355738255,-0.9526933832658188
-0.009507666928627765,0.004689877190664486,0.007908821001481279,7.273606284607532E-4,0.16578110728863285,0.16163129496289888,2.3481068744243623,0.4468011481861018
-0.009455271599105851,0.004682007271393878,0.007885228978408354,8.007549680529336E-4,0.15194501786168035,0.10668837377945008,2.3352576188351724,0.49637895979482977
-0.0094155393005124,0.004679539506992726,0.007870222364653968,8.569233100657609E-4,0.14217761440372953,0.06592710131408021,2.3275132216213232,0.5345111209440587
-0.009390572390174674,0.004658777743485295,0.007839512077102916,8.856033158356322E-4,0.1351535665965737,0.03708316684189522,2.307176007936584,0.5540707901341546
-0.009351191716401032,0.004659274767624921,0.007826551781743069,9.412192839646567E-4,0.1259207303245625,-0.002404765690520213,2.3007958021964083,0.592148700155627
-0.009247162664784266,0.004664869891117753,0.007792977876826402,0.001088349392174767,0.10209089839434184,-0.10537661312554826,2.2841386534516066,0.6930880406592516
-0.009302461370188463,0.004656831234606929,0.0078060950495739785,0.0010084569052210323,0.11445116820431923,-0.051488722496303214,2.2895820912888376,0.6383042557282012
-0.00893560287654735,0.004578868286414144,0.007553570340130427,0.0014576438068808425,0.04104158991040679,-0.41064675057673933,2.1276411403988402,0.9532193632825413
-0.009003193712465845,0.0045840474704999514,0.007595014309730996,0.0013751010768870407,0.053105085455504394,-0.34779891204070135,2.154432145128109,0.8949334971281938
-0.00906254444067224,0.004606988563085228,0.007648613781473974,0.001310258842415581,0.06344894160954027,-0.29058875502334375,2.1906275039109144,0.8486405796970339
-0.009115884172813197,0.004632324878156065,0.007700715421166992,0.0012522365473602245,0.07365194328926748,-0.2375016503480279,2.225603192988603,0.8072633182248421
-0.00918383616320592,0.00465485507878598,0.00775543395316669,0.0011710141175201698,0.08786318001326496,-0.16909006016914524,2.2612329379034084,0.7502742763873194
-0.007001236678157221,-0.004894589544651948,0.006027472786021565,-0.0034530980534801946,-0.04482468773997005,-1.6756741914947664,-1.0688032775258576,2.2017621130658664
-0.007083858539481333,-0.004850852708043636,0.006098339917596522,-0.0033643505087893265,-0.049581767678930806,-1.638575476471452,-1.1181445138055148,2.160108773377804
-0.006830368777896007,-0.004874205170222294,0.005822759437165565,-0.0035014248171000473,-0.033366974020019174,-1.695759108563127,-0.9406515911286025,2.1987825714271505
-0.0069150016974650515,-0.0048486476705304924,0.005906702314101217,-0.003438506027565179,-0.038159117723892425,-1.6721789216975054,-0.9950515743403064,2.1765291239231983
-0.0066502640233562955,-0.004849777290277868,0.005609002412288917,-0.0035372707678301934,-0.02092126443331299,-1.7039209093749255,-0.8151413920231679,2.182376536557635
-0.006739602530152259,-0.004800710178521506,0.005688904938729111,-0.0034524506581979438,-0.02658522420775535,-1.6759021328255628,-0.8662001121943438,2.150953045782778
-0.005322510077924923,-0.005247602098427142,0.00421870954753384,-0.004142358415817806,0.06787785209331232,-1.7183590696736424,-0.13323212330497933,2.1238101600744677
-0.005150640599013934,-0.005156930028809676,0.004035554636359187,-0.004041975305652669,0.06854339685622925,-1.663517162390079,-0.09656782955819455,2.040103880348077
-0.005004874854888035,-0.0050961976558992666,0.0038867098541373176,-0.0039748384882394025,0.06851949310414894,-1.6239624536803876,-0.06838090741277536,1.980192171324879
-0.005100438920341698,-0.00499280461074856,0.003978348707178823,-0.0038749992579030783,0.06171703647951477,-1.6189746062864636,-0.10889058588290233,1.9733663820981862
-0.006347774414322676,-0.00498058306233292,0.005311412781268124,-0.00376630312571232,0.001415533330007545,-1.7647514556881294,-0.6358339436384305,2.2418525992341647
-0.006474124089770582,-0.004872733313466073,0.005419649943415052,-0.0036143293997786155,-0.00867947720544377,-1.7216969629762684,-0.7063752818390802,2.1882899778623233
-0.006386901033764533,-0.004889413867819297,0.005327534675585875,-0.0036544769099425625,-0.003332952753234224,-1.7287997832562865,-0.6556186848225245,2.190458423079807
-0.006237638760245201,-0.005002037857463151,0.0051921777910164365,-0.003812583369899357,0.009559013239282111,-1.7683932809384861,-0.5709861211864088,2.2379848175045307
-0.0058525620753371015,-0.005116527129109043,0.0047828787946873905,-0.0039900605707834,0.03793238185347911,-1.7717942753210607,-0.3632449149583903,2.218905659750934
-0.005499028651700019,-0.005177279757423458,0.004402610198595229,-0.004069685020263319,0.05839776403775209,-1.7329094912290512,-0.20657156119020437,2.148816971954266
-0.005680371731691239,-0.005131701628768995,0.004594595294207748,-0.004016552075478377,0.047471795438603644,-1.7507341290855047,-0.284968718395686,2.1799567479056496
-0.006086654510003254,-0.004984576068651722,0.005017849624062036,-0.003817380338059313,0.019028094479261164,-1.751283413631257,-0.4889015808326778,2.2006052129190348
-0.005918022718375921,-0.004978510886325767,0.00483037408748923,-0.0038315563189646735,0.02841230645952696,-1.732878391409862,-0.4055620908507513,2.163217168565129
-0.0065344655012478745,-0.004792616224659606,0.0054589252702907445,-0.003508885014813156,-0.013371006599287192,-1.6879798443509266,-0.7364407626121922,2.142109704647384
-0.00860845721820247,-0.004656024567992262,0.007423037753951069,-0.0019022111980256978,-0.011712456594038892,-0.7046136589697162,-2.0491435768951196,1.262260045095039
-0.008642447225483144,-0.0046073975739281525,0.007399914594693585,-0.001828764804153062,-0.004436829557993975,-0.6717581609376838,-2.0294518710870917,1.2128649243293201
-0.008479878352219706,-0.004663451785999677,0.007335191031792385,-0.0020540913553693907,-0.027083212736539467,-0.8138298606536728,-1.989169198440402,1.368455611828754
-0.008425420791772689,-0.004635001995179708,0.007266657369750984,-0.0020917472320700157,-0.030438527926827802,-0.8543822029366751,-1.9395960573809792,1.3959541308380914
-0.0083712649926334,-0.004645345071505174,0.00723330472133113,-0.002157765812085185,-0.0363151696899541,-0.898652281654522,-1.9168168264683219,1.4414020604914481
-0.008302923325465332,-0.00466039786125575,0.0071911119506213065,-0.002241462909314778,-0.042683258114806326,-0.9538721923721901,-1.8878667979264367,1.4987274971484414
-0.008532820622539038,-0.00462506866957019,0.007338749307271383,-0.0019662033480557246,-0.01870424989254127,-0.765914195671197,-1.9889559809376969,1.30873719777897
-0.007417700546485745,-0.004881106304035672,0.006491200635838022,-0.003209364264454489,-0.06893716760001599,-1.5455211182354776,-1.3862216494227495,2.1082090273047593
-0.007480505628126247,-0.004823607801838156,0.0065217509683358505,-0.003104809682689986,-0.06804486217262698,-1.4967761140648068,-1.409780403102037,2.045457991930631
-0.007494513581006177,-0.004761198412095124,0.006494943991405253,-0.003028489518667962,-0.06486998084919296,-1.4668373595621527,-1.3928644721474925,1.9953750295461563
-0.007312826822433039,-0.0048266404500947446,0.006340105569947063,-0.003213874844818807,-0.0609076923238503,-1.5622120587804929,-1.2829515669651712,2.0969111714048605
-0.00721235289572854,-0.0047844174011482735,0.0062044860002759975,-0.0032242335080311726,-0.054719328206756956,-1.5767196191597137,-1.1928986098317313,2.0898560488884397
-0.00710711481290412,-0.004750831451267389,0.006070802517405437,-0.0032420168591352594,-0.047381954820229714,-1.591045049653094,-1.1069353915571243,2.085405663593896
-0.008011573741954256,-0.004737783377890854,0.006999082031212667,-0.0025948904671860115,-0.06454860446545573,-1.1783414895565658,-1.753418201216965,1.7351791022413965
-0.007928497199400902,-0.004722231992545319,0.006907082376936282,-0.002654432018100046,-0.06537222920479258,-1.2272723038538371,-1.6868452108744438,1.7732933554517538
-0.007836693520715107,-0.0047119138189280355,0.006809705982136267,-0.0027223403707920106,-0.06598222350276549,-1.2790850161962795,-1.6168763041258727,1.8155688070752676
-0.007644974294248972,-0.0047607563011331675,0.006652557132348744,-0.0029219390790772484,-0.06839650370924232,-1.3978340541518985,-1.504215112913146,1.9380280654979511
-0.007734268863975206,-0.004714722614916349,0.006710155452889161,-0.0028071257735083647,-0.06665590072993755,-1.336594589130774,-1.545596476990397,1.8673876599356798
-0.0075584320391880126,-0.004714857901728614,0.006530857226373519,-0.0029364278840367064,-0.06421751707147239,-1.4218900460580468,-1.4192310333731355,1.9402071164369998
-0.008147827096149954,-0.0047085683983895225,0.007099717965448963,-0.0024389376598686285,-0.05638646948172449,-1.0774693867096825,-1.8248472315944653,1.6316205067069107
-0.008220569650738092,-0.004674821081678005,0.007134200475673383,-0.0023374019842684547,-0.04966947431069935,-1.0179933084968351,-1.8481507086631919,1.563902704568406
-0.008235286365603093,-0.0045979234420061845,0.007079965926565534,-0.0022575059733078383,-0.04297605684332965,-0.9918585407005357,-1.806613035733956,1.5111282508428872
-0.00807023406168155,-0.00467531116312331,0.007001356240342509,-0.0024828234824989435,-0.05746394114777307,-1.123544429546804,-1.753541940479751,1.6614234465890092
-0.008828654271771541,-0.00463235819076634,0.007545215916346479,-0.0016218122073351562,0.0213337071499549,-0.5081208936930611,-2.1283214642855293,1.0663229412453072
-0.008769396609421203,-0.004644866204256192,0.007520774472756883,-0.0017025456813732868,0.011284686282820767,-0.5619396574426679,-2.1136355001324567,1.1223164188888355
-0.008704171175098181,-0.004599840560589012,0.00743415665633837,-0.0017516452212242865,0.004440526877903279,-0.6181408625749659,-2.0518688239714398,1.1590780423697262
-0.008751011535837974,0.004490600179112407,0.007359593173212151,0.0016274219884816136,0.015798702512400536,-0.5724089524093592,1.992087489993705,1.076292119941847
-0.008818675634805628,0.0045162289672026745,0.00742500504472429,0.001564038432229315,0.02445126968431096,-0.5152080237966291,2.0377528496109467,1.0306405045759381
-0.008897608325873984,0.00450872041874812,0.007463141804991159,0.0014654028510923051,0.0366845634438927,-0.44552014628509157,2.061648123922662,0.9613130884370005
-0.003209762971314057,0.005358422396851373,0.002264628576875151,0.004028643477820122,0.0749107135764616,-1.3468884507131096,-0.17756680217486306,1.5891818110032014
-0.0038808343048807644,0.005468918224467965,0.002814175984221349,0.004211071436728781,0.08735829327295618,-1.4595967302029254,-0.17243038734944596,1.7478201369974038
-0.004129739372020597,0.0053926155678249345,0.003043337656743401,0.0041768054139836,0.0866993659318433,-1.500739145923854,-0.13648493388507277,1.8045083308318246
-0.003584083038311989,0.005332343310334772,0.002574251514037496,0.004054495443198286,0.07928790720482183,-1.4020526339052886,-0.1635449526284742,1.6655929430025813
-0.006976069426984412,0.0048521689101296995,0.005977346670127383,0.003416184103792535,-0.04260990489415035,-1.6625951554866532,1.04014912070648,2.173459282021714
-0.006868130791756214,0.0048601072706194355,0.005859056544419579,0.003470657763552944,-0.03591938756830399,-1.6845419622671896,0.9646043645253055,2.1870323860717424
-0.007631071216378876,0.004708696734199138,0.006601229920025345,0.002878564231517534,-0.06470163345541298,-1.3862964023969147,1.4684958294777577,1.9080559221328774
-0.007538523422950099,0.004709293028646977,0.006506406783700737,0.002944333155257797,-0.06329648534284611,-1.4286419534387504,1.4021594734394422,1.943890190217125
-0.007433403814309587,0.004697187279406179,0.006389010699404706,0.003000799169719307,-0.059660223063407014,-1.4673184247447824,1.3215922904603774,1.971170962672474
-0.007024778067072308,0.004781193637443636,0.005996137048995523,0.0033148064559938364,-0.044049800660631876,-1.6226183223375699,1.0569601391887036,2.1182291019382724
-0.007111435356150057,0.004750863775982753,0.006075556579344555,0.003239813117710755,-0.04779408279706688,-1.5900929330356524,1.1098551659741076,2.084746100351463
-0.007220765617107473,0.004719518083813187,0.00617673904759879,0.0031491477596784184,-0.052519908759014244,-1.5479081170069788,1.1777014629391902,2.0424960310300437
-0.007334214914681069,0.004702087615877836,0.00628758766528304,0.0030665226818901658,-0.05602003942491667,-1.5052204191584257,1.2526044076851905,2.0033174954868223
-0.006756289951729488,0.004862890180401548,0.0057337071267818856,0.00351625405956767,-0.02784521987131414,-1.7000566576214424,0.8873141605786712,2.1924146288487214
-0.006038713836107808,0.005034163188129228,0.004975398523314424,0.003879268446336437,0.02400350846257674,-1.7652469202422043,0.4620429602771076,2.2188559163295873
-0.00662096537007506,0.004858239870415862,0.0055791922256839335,0.003556145689279587,-0.01862775677298396,-1.7098086403728898,0.7970133307805436,2.1876569114579323
-0.0064776199753021286,0.004873711054434844,0.005423831121063851,0.0036144793662099555,-0.008720549494303481,-1.7219607750409942,0.7086597697713782,2.1889950449538733
-0.006321098549543969,0.004927820090638338,0.005265378357640372,0.00371221711580173,0.0019974570021874215,-1.7430261166316028,0.6181878611678,2.205601497753197
-0.006142850546327955,0.004945304059435428,0.005070941350603284,0.0037649770217412187,0.01394322683722901,-1.7415469949477826,0.5194960746525967,2.1892630537431637
-0.0043878968133813385,0.00533509318415546,0.0032852201571142233,0.0041553278974207275,0.08539992753876911,-1.5446582679069907,-0.09415301457297788,1.8660390766694974
-0.004632280863187747,0.005293938595181998,0.0035195460551113336,0.004142199765395325,0.08291110459545509,-1.5876264109813463,-0.047163855744790505,1.9273137692258604
-0.004867176360777128,0.00524906438447961,0.003750786853029618,0.0041186401892356886,0.0784840654645178,-1.6271995830973587,0.008262835346983544,1.9854345563872953
-0.005108946256147221,0.005216505292725332,0.003994661537763466,0.004101197148996496,0.07198524204910865,-1.6685713569579212,0.07448849176822263,2.047128523055593
-0.005919240791571069,0.005046925356265288,0.004844650833131624,0.003906855817753054,0.031067005415326424,-1.756675144470497,0.40142618112290546,2.199102741320815
-0.005307187386158449,0.005143051582986259,0.0041966027437183445,0.004032094885227566,0.06295928685715657,-1.6890953013954084,0.14600203346786692,2.0792173014123807
-0.005460789919937903,0.00516476227966141,0.004360529564471009,0.004056418415036598,0.05795419588413614,-1.722673387883355,0.1950453192862457,2.132127616682975
-0.005602415651126772,0.005094643713648588,0.0045054057780290055,0.003978904398084854,0.04979561944430481,-1.7266354909728008,0.25773071467825387,2.1423502746317626
-0.005767276455122368,0.005066487404533001,0.00468050831065128,0.003940653404269131,0.04027665104792327,-1.7432411644446262,0.3297339186023622,2.1721239511968453
-0.0028072728757255194,0.005394488674949365,0.0019449945762377936,0.004007315841998849,0.0699373680206311,-1.2931096531762354,-0.1818063889804389,1.5167215216177292
-0.002380492242848414,0.00542379888563793,0.0016216260418293633,0.003979831823779084,0.06299073472555716,-1.2439315903897883,-0.1730006855087195,1.4484272810415915
-0.0018024361085548835,0.00557492465523479,0.0011937870637544897,0.004027696089204602,0.05609712960344838,-1.1819557257673718,-0.15776978844176806,1.3668150859124177
-0.0014618811187281928,0.005082531427353196,9.939648348549978E-4,0.0036587989865586187,0.05297350596018815,-1.1833079441678078,-0.09710574116283238,1.3650297565802498
4.6299927527875516E-4,0.003505555723450059,-3.293350045576651E-4,0.002519287872588351,0.05161491483459168,-1.1987734636218121,0.010356395115438016,1.3832262739792738
-0.0010572047832670217,0.004573237659289646,7.329516657435162E-4,0.003284525015597277,0.05176140687299946,-1.1847500125414407,-0.05167515168906856,1.3658503117517327
-5.983079296585808E-4,0.004026831449750274,4.21140792789938E-4,0.002890317830639401,0.05143852471248462,-1.189815725935712,-0.02017155446930013,1.3718466021949192
-1.481204702268926E-4,0.0034514644723406948,1.0545701731458995E-4,0.002479359435077979,0.051514170767916034,-1.19775889215354,-0.0032384353478268437,1.381807563087451
7.946096610145179E-4,0.0027615437273644117,-5.70408554010156E-4,0.001988618468564464,0.05131542715518784,-1.2086223709203827,0.007659445044254071,1.3963801242056935
-0.008458617162383265,0.004571994616060028,0.007234536734338809,0.002007931734149149,-0.022706486393436868,-0.8196466999185416,1.9134320730570238,1.3403159472800044
-0.008600606538693175,0.004533838752662702,0.007301770872808303,0.0018256333069483334,-0.005337355121583562,-0.7012082220488001,1.956911739768538,1.214338441821414
-0.00854225518872743,0.004529495328850968,0.007257006037944447,0.0018866882146267824,-0.011730617846597695,-0.7480262471523411,1.926034667132077,1.257336817622331
-0.008493483539341014,0.004532093967704849,0.007224278404870922,0.0019411148652824256,-0.01694483261327549,-0.7870214878854671,1.9037854164892802,1.2952636279943832
-0.008691505114753686,0.00447502273998674,0.007307618028122814,0.0016851265792881653,0.008720692836733367,-0.621493234452529,1.9560169797887579,1.1178730733468203
-0.008631806073307454,0.004469145969927608,0.007263371436287022,0.001747517022588028,0.0017455341278366542,-0.6699363828138895,1.9257816734059177,1.1621358164944624
-0.00835051049537149,0.004562549116776259,0.007142912643838081,0.002113482548565078,-0.03210926618405719,-0.9011013451082449,1.8489948139923562,1.413587700789206
-0.00840901088077249,0.004547088960720041,0.007174632502998787,0.002041345165286755,-0.025770276346505187,-0.8545739333291229,1.8703177082528328,1.3644447260528008
-0.008292019722081968,0.004502052618115321,0.0070446403925447385,0.002123995549229585,-0.03240997648633288,-0.933331947791694,1.7773460707642295,1.4229090412405825
-0.008041839244453496,0.004613526762751349,0.006924990208719555,0.0024528778824691316,-0.05385131085758826,-1.126772128780331,1.697389270384371,1.6417974613105357
-0.007966187064829485,0.004591878934917597,0.006839312747636587,0.0024996162185417048,-0.05453702029240968,-1.1682783342501966,1.6360990446588435,1.6721060792877418
-0.007881180006336115,0.004599229118745486,0.006766440415416239,0.00257772412600055,-0.05726984952119051,-1.2198612360420658,1.5850043390496318,1.7213914643622152
-0.007694915650771257,0.004627270433299309,0.006608038199547377,0.0027500854765902154,-0.06027541587774355,-1.3278298342949377,1.4739357194547993,1.8275553808707292
-0.00782723056008283,0.004537832889776679,0.00667082897613999,0.002563759900594843,-0.05364773790315512,-1.2318382263503957,1.5173526706144818,1.71136037039064
-0.007748776075671409,0.0045323586102825825,0.006593473839750927,0.002618566969539607,-0.054135046558351864,-1.2708751056862644,1.4638054614586113,1.7448023034262483
-0.008092632119989054,0.004549150068918367,0.006917998132460481,0.0023503300835014756,-0.04676005265160598,-1.0783457469678306,1.6905924286029166,1.5744620533539864
-0.008159796557133468,0.0045167677273799675,0.006949024163245171,0.002261402603663681,-0.04184030249261303,-1.0271021119117185,1.711130173434762,1.5160216447115225
-0.008207272525034318,0.004443783717773904,0.006928919566249837,0.0021577817762629507,-0.03382277035015202,-0.9802096155070907,1.6941160807332507,1.4478673751009283
-0.011598703205677649,-0.005091785716656403,0.007705897108215057,0.0025060907191298515,0.69183134107414,2.4661485172612614,-1.9093680013880885,-1.5953033114138717
-0.011625671579999549,-0.005097820448798658,0.0076877712950077295,0.0025454038612538186,0.693741659049275,2.4913489852215562,-1.8889353744476274,-1.6183990406895459
-0.011589608025916014,-0.005067019555655365,0.007687544274701023,0.002472384821721726,0.6812877338596186,2.4312115850893785,-1.9000817816685056,-1.5764629364123615
-0.012530575026670801,0.015111552080183123,-0.006314392731545078,-0.003118763727767673,0.12634028425387198,-1.4753587032754505,1.8323113263642286,2.2086822864997298
-0.012614096345873241,0.015093508894936304,-0.006236445328341022,-0.0031929461487435703,0.1235563332076526,-1.5216596266532356,1.7632288414711603,2.244682238327915
-0.01267161484043541,0.015051373387213029,-0.006210891753314576,-0.0032775468495384484,0.12593818517195718,-1.5686574863905658,1.7250786648102305,2.297869995744902
-0.012747586533107709,0.015035033596603985,-0.006135953946238475,-0.0033406182839527433,0.12451813227147328,-1.6063011037350499,1.659347679437681,2.325742308831592
-0.012832284844893195,0.014994634350313042,-0.006071022659071112,-0.003435007304444557,0.1255838798951003,-1.6578200251482655,1.5915796005768128,2.375268667701461
-0.012917596622421998,0.014954421610823887,-0.006001756654886874,-0.0035267440278360152,0.12605002452521274,-1.706325067708648,1.5206832257701743,2.4207928290295198
-0.012438582986017552,0.015242333752126351,-0.006277193468856241,-0.0029113283176817805,0.11696874663190059,-1.3632561922404658,1.8573258696300596,2.056307455618244
-0.012515384869181693,0.015194666287353262,-0.006244064318134458,-0.0030151269112878684,0.11923192665108442,-1.423750234684317,1.811524744439779,2.122559752115381
-0.012443388613162,0.015341251551858955,-0.006166047663574588,-0.0028104253282557447,0.10884871222305152,-1.316661046892414,1.8100208016261017,1.9672630759045944
-0.012388029170911807,0.015432548747088475,-0.0061242368843310024,-0.0026806857050042554,0.10191282383156934,-1.2471873781218807,1.8131305659382415,1.8698855886600085
-0.012124563043332549,0.015570512110476565,-0.006216767763592482,-0.0023595486950922077,0.09877066904468922,-1.0507204118686075,1.9358708528151618,1.6597945923421376
-0.012227285412200216,0.015529902582682116,-0.0061704259438009135,-0.0024737676593519606,0.09996513802116756,-1.1231421383451738,1.885668736876595,1.7327497825383822
-0.012330376470791764,0.015550704762637972,-0.006052284408563125,-0.0025280767863644573,0.09483834189166539,-1.1672559486102967,1.8023277887680698,1.7542771141845346
-0.011974515559763846,0.015824761965547166,-0.006046159989850526,-0.0020358419828207324,0.08231990017093349,-0.8779626595394047,1.8938451666091132,1.4122616726871424
-0.012059511436801978,0.015703832460423377,-0.006118241716719614,-0.0021965698277860465,0.09079335192399762,-0.9657346130048686,1.9080414957780663,1.533151979331253
-0.0119018550318481,0.015949929806406506,-0.005955522960372955,-0.0018887084060164058,0.07730146742233072,-0.7995408596619947,1.8656272794323432,1.3015639344213417
-0.012012033132169298,0.015944049030416,-0.00588340816242965,-0.001975427028807141,0.07501307533192612,-0.8613673060627625,1.810746748681601,1.3551350537266187
-0.011856170754795706,0.01607727816589692,-0.005841716309462884,-0.0017680492653945373,0.0703871299584721,-0.740959999685038,1.8208073947986585,1.2076221198439294
0.001954483820970884,0.022373669574320416,4.209451097037116E-4,2.885766667989293E-4,0.27679766798686717,0.3950123436528727,-0.13262280062152024,-0.3769975387852413
0.0011651255925200967,0.02145679058891309,3.296722830714443E-4,5.213685940962013E-4,0.22567663473017577,0.5264219790478303,-0.07812474999147158,-0.4968654071743473
3.437454001168625E-4,0.02118065000549469,1.041682771515696E-4,6.062435645423807E-4,0.21214010803460512,0.5668562603415168,-0.022855167417170072,-0.5332252999213744
-0.0012670853524974404,0.018502822022683767,-6.090555790685491E-4,0.001652089053866301,0.06760984621207457,0.9226440461341231,0.07811165836920679,-0.8355845875567142
-0.0020293236721015033,0.018461255793489124,-9.822392100403369E-4,0.001657019300934209,0.06118649191752925,0.9332640742051144,0.13002757943660662,-0.8430578648842293
-2.3474610028354883E-4,0.02041561068580038,-8.356052553598258E-5,8.586154434205921E-4,0.1681534789710556,0.6707437865083289,0.01554810694984792,-0.6240951219743892
-7.335921088445579E-4,0.019368734322913393,-3.122429646331963E-4,0.0012653252616569562,0.1115513281525518,0.8093583761839646,0.047622124257032605,-0.7421745294852594
-0.003218733788457927,0.018119866201329885,-0.0016345584492709956,0.0017820639659051286,0.036146627990052006,0.9962834326498841,0.22270102557229832,-0.8914598798112118
-0.002668684714521619,0.018781494415571337,-0.001237435366339485,0.0014839855573759127,0.07102389163893598,0.8899758334507127,0.18304664487756303,-0.8060969033123894
-0.0038977868730896543,0.018278283593699356,-0.001942098745904513,0.0016574054492499324,0.0374316039482061,0.9748773972311963,0.29383387885360274,-0.8702685228194657
-0.004645185023106552,0.018298769431813758,-0.002308860722381159,0.0015772264395392877,0.032000202082452606,0.9685964884782725,0.3836384150315065,-0.8590402452064324
-0.005155925391627602,0.018048070589952513,-0.0026589595476021323,0.0016386373952506645,0.018445012516755333,1.0169661060557202,0.45760149887751994,-0.8918957776425815
-0.00562181407284071,0.018068088925954896,-0.0028873389536156657,0.001553427903842692,0.017512230854295267,1.0005143100531326,0.5319671644456455,-0.8715287709228502
-0.0061780847614638715,0.018020132167106552,-0.003186152327457507,0.0014659457374555619,0.014431766596919188,0.9878251773439457,0.6326095596907181,-0.8495675546924718
-0.006774353005343283,0.017912792258177424,-0.0035321788776660487,0.0013659472372601533,0.01204871841071822,0.9717705182117709,0.7596015990428661,-0.8186140678961192
-0.008043926486096765,0.017627955892201525,-0.0042805238370079495,0.0010239813015992451,0.014736666676918362,0.8661248793170716,1.0898882345594052,-0.6694299366130441
-0.008299619761970068,0.01748089135459075,-0.004497693367133714,9.562602256233372E-4,0.01739963199605157,0.854953385708028,1.1866589866718835,-0.6368817144954182
-0.007273622740147632,0.017994147611456165,-0.003702506783590287,0.0011762543116356713,0.014479598160591948,0.8891413779594844,0.8535490617585307,-0.7353339571798414
-0.007730933709029709,0.01799529412320694,-0.003882666025294758,0.0010151306698055753,0.015698897673027113,0.8164019589959931,0.9468579997180068,-0.656844131867735
-0.008510851068315832,0.017356356052862353,-0.004682219151384638,8.88128679326942E-4,0.020470594158427443,0.8368782556724048,1.2717591236247554,-0.6007743987165869
-0.008777958773207972,0.017290401422678077,-0.004828745237699915,7.566468597506255E-4,0.02529338650972318,0.7760982342394657,1.354296707273184,-0.5258240399164275
-0.008419743545704891,0.017694891514273614,-0.004355363708843874,8.249019841377931E-4,0.017486904150076654,0.7544013997348552,1.1544280844388002,-0.5592607032415989
0.001316555296357267,0.023705306777972907,1.4854548543768756E-4,7.41186452638086E-5,0.38055747782336796,0.20713689836644986,-0.09574814347232347,-0.20233137001495896
7.365596873642952E-4,0.025,0,0,0.4971616649253073,0.0019179599238183145,-0.06136693407411765,-0.002639408943454965
-0.01060533555001942,0.016718514811641452,-0.0056038608469641685,-5.063727823525075E-4,0.05005180305446524,0.046577478362836953,1.8039608923358317,0.3129770180381462
-0.010819954347295307,0.016756526008759095,-0.005514656357223104,-6.658405756614455E-4,0.04585659823789709,-0.07676887659057276,1.7582854431488422,0.4225581891789772
-0.010118249041701093,0.016955052352115425,-0.00538026772771917,-1.0560010428241279E-4,0.04033243457492047,0.28396263281918954,1.6887393741984311,0.03151590941347765
-0.010396105582112672,0.01689989047644843,-0.005424429492864639,-3.1829378392165766E-4,0.04233754147947647,0.14473694775882165,1.7165086830557856,0.17890967460374216
-0.00908053498824941,0.01717687916131618,-0.005022134857783654,6.00024997344708E-4,0.028281241785848003,0.7043150215695755,1.4592855334114998,-0.43347790624151544
-0.00939894450632165,0.017201087982662323,-0.005061068349832787,3.865577507655004E-4,0.03108900876764498,0.5668082002856955,1.5048266227945686,-0.2963973809565536
-0.00969149476215426,0.017211014144287034,-0.005087146538226148,1.8970268819574077E-4,0.030545472327949515,0.4374958598395063,1.5361608765114185,-0.1674420308304442
-0.00997839831363973,0.0172257956406451,-0.005086085281914672,-4.838413263120477E-6,0.031274579937475004,0.3041484933445799,1.5507601696712243,-0.03577292307755076
-0.011316044411056821,0.01636882050629853,-0.00579932797751144,-0.0011871974044915699,0.06174779281898827,-0.37775157409464116,1.8698866632408564,0.7997383140741997
-0.011505077827547193,0.01624569018643564,-0.0058536796132075,-0.0013974612036369621,0.06493056684575761,-0.5060276568270173,1.8775331985454695,0.9493059887038539
-0.01172812374626341,0.016161917890175143,-0.0058257713032083555,-0.0016186694318959117,0.06707417283958701,-0.6503797634704788,1.8342179535615724,1.1017618353245149
-0.011217607993016363,0.016551515120044005,-0.005626969267304231,-0.0010348776297813527,0.05250250951076869,-0.3046362177631717,1.7933466464937988,0.6850638522981329
-0.011079278503139231,0.016796578595296676,-0.005398758659634392,-8.479830358585002E-4,0.04177125695678275,-0.21650854770516756,1.694171085528627,0.5470091248665311
-0.0134827159905694,0.014295156077780381,-0.005687363622119261,-0.004609320162382655,0.16811560020656077,-2.1953251686771558,0.9674266569779585,3.0386050391783943
-0.013547006195376982,0.014298379180635916,-0.005589723261948138,-0.0046102027874987545,0.1641534605927439,-2.1852543536993703,0.9013276039483727,3.003174016249878
-0.013444818303080457,0.014360064948019917,-0.005709093008397716,-0.004507972759968676,0.1628713438519198,-2.1538699276941475,1.01731334882183,2.980172401053481
-0.013185474531838891,0.014610284107219703,-0.005923122867021846,-0.004088211825019022,0.1483229175158721,-1.9785524607289957,1.300524572121555,2.774295568022246
-0.013207676174115867,0.01454097930329639,-0.005941077119477312,-0.0041929980083165235,0.15553691042917686,-2.028126245364547,1.27883886044277,2.850247392999542
-0.013272300558940466,0.014513901754107357,-0.00586700824960604,-0.0042494898178610735,0.15497613347451625,-2.0505471952747274,1.210415979438757,2.864249786606855
-0.01338645773475662,0.014409142631770129,-0.005767096179618131,-0.004426393452482227,0.16074080886468115,-2.1231825143343834,1.084135424939955,2.947060190600262
-0.013333941798378953,0.014474470747560737,-0.005803774061727204,-0.004320834831482351,0.15637633526300673,-2.0790099896389553,1.144091007699121,2.890601971608867
-0.013093829476081975,0.014704859227339379,-0.005978611924821477,-0.003926309274289433,0.14311468622172854,-1.9029742971859454,1.387783684335196,2.6822245113381835
-0.013078739549887695,0.014780875721959208,-0.005939312855764299,-0.0038186933603093468,0.13590453475529374,-1.8505521974514207,1.3944426222299133,2.5991181660308627
-0.013166208138914002,0.014682897630554297,-0.005896723402350677,-0.003981653798007134,0.14188134839519342,-1.9274262068336914,1.3158935768191604,2.6953381904177314
-0.013224565650859341,0.014659515187945745,-0.005833907162637588,-0.004032128892163053,0.14185569408307006,-1.9488350181881198,1.258516605433948,2.7099311086666034
-0.012985078703887803,0.0148938085053053,-0.005968824534698462,-0.003633683849418098,0.12937646563143354,-1.76015618861836,1.4686200045358557,2.4838906237251153
-0.013066561193769338,0.014856915349398767,-0.005894849031471499,-0.003714816227388391,0.12945132911664192,-1.800010950792229,1.3964285509769454,2.5186318314105836
-0.013605833539013595,0.014301993200060596,-0.0055011914120915925,-0.004608434877766162,0.1602602973311489,-2.1742995348002028,0.8436140432462749,2.969065575849472
-0.013769187508034847,0.014001833916245918,-0.00536939106850965,-0.005056552880175221,0.184148241601747,-2.3327105224707583,0.5901457929035469,3.199258958907295
-0.01379743803987232,0.01397405484766701,-0.0053335822421773935,-0.005096044025758108,0.18599756088694933,-2.341483896312604,0.5513088380295348,3.208746133867302
-0.01377006776401405,0.014043715137609334,-0.005355151513599148,-0.004991901075330732,0.1798393580144136,-2.3056058091708995,0.6053330172781781,3.1524806990378478
-0.01374023362483503,0.014074453686838548,-0.005390863604575808,-0.004947577812612361,0.17838716886470718,-2.294379075068809,0.6457568858660242,3.139610369536697
-0.013660527664166514,0.014133295467768259,-0.005491303770392563,-0.004861786838859263,0.17646036494895098,-2.2757115338629803,0.7445365764770432,3.126357651718688
-0.013710539898858811,0.014115612654267298,-0.005421706592639994,-0.0048868060188192826,0.17462605039444717,-2.27540083519424,0.6889305458137135,3.1139476016169465
-0.013658647903123057,0.01420357220659834,-0.005465890322646438,-0.004755479733662489,0.1683210112178748,-2.229514283317451,0.7666394748970101,3.048609283248385
-0.013656914763232273,0.014272484189163409,-0.005439419600947126,-0.00465333111743988,0.16065391233176832,-2.184800156134916,0.7866581366597063,2.9739388106609135
-0.014183153362806334,0.0135086789506859,-0.00478241530747777,-0.005703553381632038,0.21117076897056972,-2.423902498248658,-0.052757247060265536,3.317143502349029
-0.013840520697365508,0.013965452147632642,-0.0052692409321425495,-0.005102861159005663,0.18410698565817893,-2.332301832978103,0.5058148952078517,3.1848377519090576
-0.013990154378490658,0.01373230804500224,-0.005078975500110707,-0.0054305294662899415,0.20064446919098694,-2.4105532033560233,0.25151228685831034,3.30049297460024
-0.013950168592007827,0.013798289782467112,-0.005133147557741469,-0.005338820523827136,0.19551181440978252,-2.3907286818059963,0.32390397353654105,3.2698205839696532
-0.013891606829837644,0.01393479965095941,-0.005198216644787916,-0.0051409255995849105,0.1835217401354767,-2.3327237289227725,0.44467281589797686,3.1770770322169386
-0.013935273335432097,0.01387836909220838,-0.005142773772624408,-0.005218406508738706,0.18767670200077904,-2.3496501457711836,0.378252486718558,3.199841625923305
-0.014135764390331077,0.013581392674999082,-0.004858589030459195,-0.005612173785317947,0.20619055546505324,-2.4159561476926132,0.034390376461798766,3.3017920591896153
-0.014167467251224124,0.013554156407249926,-0.004808863112556748,-0.00564042305447346,0.20676012779518643,-2.4112758552871814,-0.008975113768180836,3.293055793918321
-0.014046284851243726,0.013738037869963604,-0.004991053212584023,-0.005403550700852086,0.19519719045638625,-2.380361864832695,0.20559762308852345,3.241583707581707
-0.014106793235923218,0.013673210974119956,-0.004902047946668925,-0.005481994325148171,0.19794050558639104,-2.3845379566132103,0.11655632161194604,3.245172401017478
-0.014138867251217173,0.013639780382877414,-0.004853701065237209,-0.0055207781709036745,0.1991557757538558,-2.38474177677053,0.06958186225335246,3.244301763086348
-0.014097960529943184,0.013727522935010587,-0.004912638725227948,-0.005402114564898139,0.19231946916098164,-2.360699947793839,0.15620218178570602,3.2026250017166658
-0.014204395318320046,0.013557322186915546,-0.004752239459125566,-0.00561873372982237,0.20317296483844807,-2.388473602760177,-0.035283535095437225,3.2506999256833695
-0.01425213103926979,0.01341503171826331,-0.004666969931762057,-0.005813166842562855,0.21587080754551066,-2.4235242036438156,-0.1720948861854006,3.3205342793762793
-0.014219049909105877,0.013465335964219415,-0.004723556777124118,-0.005752917197397598,0.21270283638906215,-2.422082438147946,-0.1109781843094747,3.3152867409454276
-0.01430215979480472,0.013378355840630407,-0.00458501152782708,-0.0058414038550120805,0.21486367027304473,-2.4064062654279543,-0.23516338856217142,3.292648851340695
-0.01431047158539533,0.013425143444155338,-0.004579314965628747,-0.005765764401624628,0.20879844479627674,-2.382189886172575,-0.20555107597666716,3.24574392552299
-0.014344910526897346,0.013346871015704696,-0.004514796514851594,-0.005864079384015002,0.21422416404103797,-2.3903946956000133,-0.28796605478936793,3.2672014798102462
-0.014388958925164954,0.013309629663180528,-0.0044412685755329554,-0.005892995443896479,0.2139564437533272,-2.3743375956950072,-0.3452201153901251,3.243124503131081
-0.01447853576758216,0.013106241362446085,-0.004251874402237414,-0.006134070805937266,0.22754340716180455,-2.373102042172977,-0.5663298897156935,3.271534889717691
-0.014429620082476955,0.013265372351835692,-0.004370700001676611,-0.005932747720224063,0.21485330471674804,-2.361375698858047,-0.4050253607905168,3.226119664659294
-0.01446113809824796,0.013215853496901828,-0.00431126372908382,-0.0059847067629464,0.21712666350567209,-2.354784479837978,-0.46351599612729116,3.2216540735781423
-0.014477316292283871,0.01316183008075502,-0.004271635195727659,-0.006052909671067322,0.22145586542208884,-2.35885949296557,-0.5176555631241903,3.2372242165300222
-0.014516416475870087,0.013015422810434878,-0.004162694710465028,-0.006238544995871739,0.23358342922718692,-2.366046809025887,-0.666608695879687,3.2774065888196593
-0.014527074122673185,0.013077975140277176,-0.004170714302668365,-0.006138600291571299,0.2251530292038816,-2.343501293658985,-0.6156848200830881,3.2258797729869393
-0.01460160487654056,0.01289167805199573,-0.003985224797875651,-0.006346177442145985,0.23694964874124017,-2.3208098722682036,-0.8186545397049955,3.228543509770056
-0.014558804777157128,0.012976019633485021,-0.004084685968405594,-0.006261349862584289,0.23260017185800747,-2.340832986440018,-0.7222400020818229,3.2426194369886803
-0.014614963495574305,0.01294635943157605,-0.003991248593147052,-0.00625661908854325,0.22913344495617258,-2.301973842101248,-0.7728903855394241,3.1830515393930043
-0.015009236147439152,0.011745822587293965,-0.0025466973162084207,-0.007311304162040567,0.27738826170736214,-1.7543434873311683,-2.0137870734055916,2.741854297016097
-0.014960062485503535,0.01182368815185851,-0.0026830626979356753,-0.007301006810399817,0.281547861169058,-1.8348109089806803,-1.9506042074251277,2.838840301127217
-0.014991775319670156,0.011788119539356772,-0.002610930557582851,-0.007292820389298466,0.2777584104435084,-1.7906913567435268,-1.9769650125218219,2.7806904682288027
-0.014928606680349961,0.011926723978100906,-0.0028256782990531896,-0.0072318456917033124,0.2796989632018078,-1.9089428459496889,-1.850957046772722,2.9090797442598455
-0.014957237905078254,0.011900595010391452,-0.002766827394568013,-0.00722074678410075,0.2762381561944825,-1.873218026935837,-1.8710844881019357,2.8598076430584416
-0.01494884612073881,0.011963305414909304,-0.0028396424633146417,-0.007162236685925222,0.2731068485111014,-1.906933071912397,-1.807691987778486,2.883182718528777
-0.014945776836643816,0.011997010664277096,-0.0028763337072414785,-0.007128158062284351,0.2710245075817166,-1.92287909235949,-1.7732187252420812,2.892374763837706
-0.014918033700169836,0.012080915993045687,-0.0029886731193656158,-0.0070681010414287695,0.26932542313755853,-1.9766884999307162,-1.69047355504568,2.9426493131447375
-0.014942178392034378,0.012034034277026578,-0.0029162384486677326,-0.007090551413046975,0.26864905315677556,-1.9397884259145173,-1.7352614162061635,2.90193065434941
-0.01498476053925376,0.011872814643653914,-0.0027079809108891896,-0.007212251069508373,0.27320447160861555,-1.8375576081461633,-1.89224703412275,2.8118386640262716
-0.014816363010083707,0.01234525030899709,-0.003343064104737204,-0.006870090740025974,0.2626393432416542,-2.132595668194021,-1.4175080447015236,3.0897157467419016
-0.014890350068789618,0.012235978150009355,-0.0031602762750589206,-0.006917203068734847,0.2604569307080758,-2.045458719905234,-1.5311931217595287,2.9865948913553346
-0.014956258206055815,0.012134156028656036,-0.002992518268635822,-0.006955763109965963,0.25816743314657414,-1.9611516963726408,-1.630075276986945,2.8874391884660606
-0.014943496480767806,0.012179723587419417,-0.003047803780621385,-0.006918415350491462,0.256434123469945,-1.985256018871415,-1.5850752661530467,2.907549423320809
-0.014934870625935138,0.012225057791836606,-0.0030970642542187472,-0.006875183605107068,0.2542069019942175,-2.004558758664943,-1.5397678421306054,2.920117060927078
-0.014857481976859094,0.012309766107351254,-0.0032623067806676407,-0.006865857622407212,0.2592538892640274,-2.090111660273458,-1.4554253298322892,3.031203821890703
-0.014887736905346845,0.012277858240029674,-0.003198541820850738,-0.006868910205621759,0.256959660690509,-2.057328149680382,-1.4880079837249296,2.9882020896065224
-0.014710972830603731,0.012594292229605336,-0.0036638750254186186,-0.0066575735496292665,0.25427658712302076,-2.2483820956042186,-1.1453020907648652,3.1931325553749637
-0.014737892278714198,0.012633853308031236,-0.0036525259284523616,-0.0065755484748714985,0.24587941819588854,-2.2257128973000238,-1.1108877373808141,3.140730495463921
-0.014834737704902862,0.012401374046682997,-0.0033630996889276554,-0.006776456467686673,0.25435638899290075,-2.1253885779188004,-1.3601289562811383,3.0536631673067895
-0.01474079703370995,0.012542020639694118,-0.0035883806763103705,-0.006696704813343334,0.2547651496007817,-2.220628871526778,-1.204623863107629,3.1638669367093706
-0.01479119462933788,0.01251185100114025,-0.003500326563630951,-0.00668191203404363,0.25017950605218214,-2.1752451803571593,-1.2430431383661975,3.096821879689298
-0.014811364235442787,0.012474827156011075,-0.0034476238657533175,-0.0067081179827993736,0.25097883447642694,-2.1545876982680516,-1.2830152811205446,3.0751524545850843
-0.014845340902184548,0.012455332086734747,-0.003389621654130323,-0.006695217179371515,0.2476861623612117,-2.123431190351122,-1.3060893840971703,3.029097578477724
-0.014636951616321975,0.012855447503334783,-0.003917325860470607,-0.006366139273360056,0.23615247105593803,-2.2969697897121315,-0.866077710027139,3.197056502319611
-0.014674508776877553,0.012816570196510613,-0.0038448470856368264,-0.006386304830295834,0.23523529978081048,-2.2706504827184486,-0.9154983407264016,3.1624392538161428
-0.014699216969594218,0.012772965483052436,-0.003787264716834313,-0.006423568106306177,0.2368938730768914,-2.253915995779915,-0.9647284357613796,3.146070404692995
-0.01473222938546073,0.01267451464365755,-0.003685320890380738,-0.006526108500623954,0.2427146692602822,-2.2304153036830736,-1.069294004185046,3.135615504260784
-0.014716091883603377,0.012722580866110209,-0.0037357769252978454,-0.006476529099688384,0.23945844927699508,-2.242629826064427,-1.0181754342452722,3.1416196076244893
-0.01504225735995537,0.011489659492059809,-0.002217959833722985,-0.007510513441952161,0.2863873883209,-1.5720094828541509,-2.2538166220782165,2.5919995824922837
-0.015039261731892135,0.011517352114767928,-0.002254230941911986,-0.0074897111525309475,0.28534144892589436,-1.5930012179816304,-2.228395438973665,2.609425615414162
-0.015068700731662133,0.01147811013393698,-0.002179936640929048,-0.007478994125154651,0.2816066062420143,-1.5441233778740968,-2.2507672964104617,2.5466696726914546
-0.015101204332186983,0.011367016720527968,-0.0020151224201302186,-0.00752323879981756,0.28058132701464894,-1.4414204908391837,-2.335765646053428,2.441221377074466
-0.01509311968601966,0.011410980637548867,-0.0020764990985338012,-0.007499027889473144,0.2800998121780803,-1.4790727156340981,-2.30022444329768,2.4766640259637946
-0.015080358252647941,0.011448559133676579,-0.0021336580564379156,-0.007486751750799652,0.2809363851615667,-1.5149859181847278,-2.2724076269410385,2.514770038680224
-0.015033222340126426,0.011571466525532925,-0.00232439207973351,-0.0074481833047684316,0.2835899446512396,-1.6329059170251468,-2.1782408611306745,2.6421624939145407
-0.0150542417763565,0.011604533294883456,-0.0023428642363346477,-0.007384133291957038,0.27761266519253347,-1.6374473785082895,-2.1358978772244877,2.624331222435336
-0.015051540155914107,0.011540912867735911,-0.0022709522528648325,-0.007448466828828689,0.28153393552027595,-1.5992458375223328,-2.1990469684010208,2.6014704794547474
-0.015037379495895235,0.01171088942707664,-0.002479573725812083,-0.007305173364102424,0.2743296422667257,-1.7126664525418358,-2.038195071958684,2.6882622253266537
-0.01506415690192984,0.011675702053009612,-0.002413961306988675,-0.007300204440581902,0.2714326353214292,-1.6716704041879338,-2.062085138591215,2.6362392195855677
-0.015091962899275136,0.011632143642034746,-0.0023383607143395465,-0.007300567746317219,0.26893288331222237,-1.624782736103827,-2.0924044262267922,2.5793772384251774
-0.015107060823186769,0.011291028977709843,-0.0019142759520363927,-0.007575688778081961,0.2824778996540119,-1.3794751230022184,-2.400606269186867,2.3886390848009325
-0.015128425591139522,0.011328087584352048,-0.0019440669799371108,-0.007510993307086181,0.276608590693415,-1.3934513480733788,-2.354047605852084,2.380273077300901
-0.015149743140207748,0.011359267773199478,-0.001965544014104997,-0.00745138444990491,0.2714505877442843,-1.402000271961316,-2.3134114129546353,2.368071637085076
-0.015149284442007287,0.011157168049885507,-0.0017086375165642315,-0.007606515923414658,0.27857770092299367,-1.2433786924390835,-2.48681126246101,2.2429702422999895
-0.015131008090841195,0.01125845198180678,-0.0018537590592334204,-0.007561700278019809,0.2787945578173329,-1.3377354141987876,-2.413505655782057,2.3346097581483387
-0.015148843716890917,0.011227003520499088,-0.001799799525274721,-0.00755612207741013,0.276332484277059,-1.301065663235372,-2.4285446579102863,2.2899834515619086
-0.01516764056193648,0.011193952656326039,-0.001743334970676208,-0.007549341419520517,0.27376765271435427,-1.2623921329952694,-2.443336829506048,2.242796740551707
-0.015168335778221286,0.011119045440584327,-0.0016450792637776653,-0.007601142777032052,0.27575629519059003,-1.1994423086815365,-2.5040898534909988,2.1906328328849587
-0.015189357523082375,0.011039843470882313,-0.0015258565344218166,-0.007618084098737166,0.2738151204919306,-1.118454492635098,-2.550496411294113,2.1052581826753287
-0.015182019334266439,0.011078758686521391,-0.0015825132376827919,-0.007605217857284438,0.2742216211844557,-1.1567319322619003,-2.525914857021385,2.1435966182277544
-0.015193933113904514,0.010930438764556249,-0.001374769951767855,-0.007676896956065498,0.27517944998145144,-1.0164429452898072,-2.6286160660270212,2.0140436308196
-0.015198300682196415,0.01100475938252655,-0.0014731566952019982,-0.007624855083050843,0.2728911754984446,-1.0821007774429587,-2.5701615411153536,2.066959277040891
-0.015207326318427326,0.010966769389300078,-0.0014164269344984354,-0.007632404800339733,0.2719083238335864,-1.0429473577368518,-2.591091555327528,2.0259849268025683
-0.015170360565365932,0.010165641851084779,-2.561825536041414E-4,-0.007989046996199648,0.27874874709995806,-0.1977020506332949,-3.0661899143506295,1.2714133211947478
-0.015182090694741524,0.010136987664836464,-2.1095277126285253E-4,-0.007969536560693949,0.27588646396895694,-0.16237821623802726,-3.061628411657136,1.2270701298532136
-0.015190864607065225,0.010112509828675753,-1.7273324824862004E-4,-0.007954833663131685,0.27377900693542573,-0.13249404420739594,-3.058614642722231,1.1904140835395074
-0.015185968847322071,0.010056011607214681,-8.638531475324205E-5,-0.007967093094449935,0.27361582371413967,-0.0652227913447522,-3.079416237618675,1.1278524948012694
-0.015197959860141736,0.010082971918660004,-1.2715493564981824E-4,-0.00794319940696364,0.271789525827639,-0.09688898190408717,-3.0585054302098373,1.1494597946187552
-0.015188344099136436,0.009953419618697789,7.107230956656318E-5,-0.007962509489635861,0.27099155561150057,0.05827556781686142,-3.0986192495589324,1.0025415938301396
-0.01518408804939018,0.009992749119938155,1.0771377991968504E-5,-0.007971468789428428,0.27266851223175453,0.010818733014275068,-3.096052409265401,1.0535637827208346
-0.015188180228058745,0.01002986981442535,-4.6212243485656175E-5,-0.00796353705783264,0.2726903566669669,-0.03371581417792873,-3.083075638852739,1.094692273782467
-0.015202709490916353,0.010192987273413927,-2.942541297827525E-4,-0.007924618011706767,0.27294928151096937,-0.2260902703494636,-3.0203189737652067,1.2727820162692753
-0.01505563724411351,0.00897810000574315,0.0015873591627933242,-0.007856559668453845,0.2668809431962367,1.2766032518459036,-3.1093027566199694,-0.18011644033643026
-0.01504799417045264,0.008949324339316281,0.0016332512382017119,-0.007850304350509707,0.2675034698162937,1.3137981906702063,-3.103922001018041,-0.21528778366584758
-0.015083535252919462,0.008987252999104993,0.0015554578541467133,-0.00781232098621945,0.2625298588109721,1.247528752801278,-3.079712896011697,-0.1728014522685328
-0.01509886036633249,0.009223937541418033,0.0012058512559527015,-0.00792668434849819,0.2661802285227373,0.9681934035495675,-3.157850038216819,0.12410505442898057
-0.015100525185954365,0.009189850016988839,0.001254956231264972,-0.007905240092696927,0.2649209999016861,1.00729985567673,-3.1441261241859597,0.07971942692002461
-0.01509790858759334,0.00909543918672894,0.0013930409833024123,-0.007855529748485428,0.26296291536382727,1.1175428384812507,-3.1110989925079937,-0.03985401997837885
-0.015107879753001721,0.009073869528874488,0.0014176762443750027,-0.007824171141702967,0.26064454402378107,1.1358334143842281,-3.089792293506056,-0.06906194305105921
-0.015109354170115061,0.008998417721447757,0.0015226685513569443,-0.0077733741137523335,0.2587468310762327,1.2183383286347897,-3.0538499825427015,-0.16295261213652204
-0.015105282189667843,0.00904912444241025,0.0014542848756439782,-0.007813437985529999,0.26062155241953894,1.16506654874488,-3.082138862792734,-0.09947367936651201
-0.015107944653427118,0.00902352157524193,0.001488567255678524,-0.0077922796165588335,0.25940596400166055,1.1917822913293055,-3.0672881043365785,-0.13180374581829854
-0.015111278547650304,0.009156971545249332,0.0012967266132160671,-0.007867066194827778,0.26225911616828773,1.0395247840909076,-3.118831486643586,0.03476595469355045
-0.015114984199107034,0.009121133045685657,0.0013460882872456685,-0.007839639767417387,0.26071295252446486,1.0783759276368805,-3.1004858667294406,-0.011456937883106949
-0.015118552412654456,0.009361983334200555,9.911589227030058E-4,-0.007956249666802985,0.2667842016424387,0.7945401459030449,-3.1716850129379,0.2953200583401685
-0.015130571656382447,0.009333722007559468,0.0010279858308381267,-0.007921158614996768,0.26383914599700187,0.8231597103515265,-3.149842618173125,0.2541549995657539
-0.015123390499954613,0.009309500854732977,0.0010672034090202604,-0.007923469410790474,0.26444548963088615,0.8551049752161731,-3.1525911115772307,0.22580149541832092
-0.015110701382705833,0.009255608103923514,0.0011530604163940796,-0.007920958590642612,0.26510326144515345,0.9248822658379715,-3.1530430301551835,0.161016348565443
-0.015118038778839727,0.009282377025400025,0.0011098968515048258,-0.007920531712708312,0.26449804827603024,0.8897290340163678,-3.1517874228308567,0.1928848069005462
-0.015129243586862406,0.009235365753443782,0.001173298021007744,-0.007876223304722851,0.2614588005155184,0.9394658673313006,-3.1235882842132763,0.12900222704280945
-0.015186464435128546,0.009877758024978223,1.871826315164492E-4,-0.007961521934187461,0.2694079108802964,0.14958310522121912,-3.1125150431113195,0.9118633334179237
-0.015186243596984596,0.009847506214393134,2.335330002095382E-4,-0.007959039892763522,0.2686038731019893,0.18626860206650012,-3.1163217776422836,0.8747573862075028
-0.015188459197538556,0.00978188347058189,3.3349642149134445E-4,-0.007946453048257286,0.26654280549172354,0.26553971081184485,-3.1192169463680615,0.7919828414771585
-0.015188946363248088,0.009815675496077727,2.818797469336058E-4,-0.007950190729034164,0.2673348540721854,0.22462966738582854,-3.1161241978522676,0.8334400425446628
-0.015223382511547017,0.009938835155032685,9.186743641382631E-5,-0.00789568674734392,0.2639381652824233,0.07459016638259112,-3.0596137056171715,0.9578681779939926
-0.015219909272699127,0.009897768039956465,1.5410820261951264E-4,-0.007899830557057945,0.2637342754618968,0.12360234913714742,-3.0699072906506313,0.9112050725324411
-0.01513473978729282,0.009494353701139858,7.850542461077585E-4,-0.007977366477963897,0.2679642591817181,0.6280926666807171,-3.175597194353301,0.4590948955227658
-0.015139938571736273,0.009520310058188573,7.438630542040667E-4,-0.007976245311316242,0.26769899599261887,0.5947652210224849,-3.1723605897063165,0.4898949073235613
-0.015181032142915935,0.009743727773374004,3.9290081282640277E-4,-0.007954342997542442,0.26694977361976285,0.31284515762645754,-3.1301867840991657,0.7494397410879394
-0.015155850356385723,0.009719401065722938,4.348266017826872E-4,-0.007997856779352762,0.2706610022451197,0.3467903898881581,-3.1619380338775245,0.7353634888920442
-0.015154946127939222,0.00969124455751667,4.78336364899634E-4,-0.007993875261642623,0.2701155457545152,0.3814479196886427,-3.163384681552484,0.7002586002327492
-0.015155015802380949,0.009661975620153992,5.232526279001199E-4,-0.007987225511600034,0.26919385851823935,0.41738643826206007,-3.1630708951565656,0.6629249244945069
-0.015149526899504944,0.009551291999858061,6.937316280210896E-4,-0.007967858252748608,0.26688368969037346,0.5540838905522868,-3.1636179941102323,0.5246097094010622
-0.015142897916633665,0.009585186720705473,6.440095466857704E-4,-0.007990490814615394,0.2691314026613712,0.5145001092942904,-3.174779582349593,0.5718021547634925
-0.01515920440041269,0.009632584549156206,5.672018753814797E-4,-0.007972132421008632,0.2676083952387999,0.4524401591367279,-3.1570282121997235,0.6229438502933006
-0.015165049827695308,0.009603236690760327,6.103537361963122E-4,-0.007953380097488671,0.26571655487970786,0.48674560962787855,-3.1483230759700827,0.5822607038512245
-0.015155885072035953,0.009476477501295133,8.046363422283386E-4,-0.007931117817420822,0.26369766258435806,0.6426283390655203,-3.1465365859803636,0.425754399276222
-0.015143432439788175,0.00938741155222206,9.426061226317635E-4,-0.007920286739555069,0.263299372183889,0.7538756357825324,-3.1461059691489597,0.317634767937822
-0.015167580743993592,0.009404672463027688,9.071938628583628E-4,-0.007882185481045082,0.2597927110190228,0.7240841467031108,-3.1195835276571944,0.3292489176791979
-0.01517247292315613,0.009459846634342534,8.235413019136321E-4,-0.007894039070342848,0.26053677834851696,0.6569689403853652,-3.1233595043916855,0.39670795619197263
-0.015172125392287378,0.009433360587999203,8.629714621811071E-4,-0.00788486868670539,0.2597394578590408,0.6885017617499307,-3.1193394527943177,0.3634278255622329
-0.015227974001144194,0.010731165441272006,-0.0010794953172960223,-0.007720248197446265,0.27109902130436214,-0.8073516056847442,-2.733229562493093,1.8010962740735397
-0.01523521842438797,0.010456739855079292,-6.814612600827981E-4,-0.007809607943051788,0.269760299422153,-0.5176442236224229,-2.8776849121456007,1.5272240171037337
-0.015230790724710841,0.010495262664164777,-7.391741423869534E-4,-0.0078061070753121745,0.27080321694500586,-0.5606495130810977,-2.863389897371692,1.5712279062034382
-0.015237520708677971,0.010544014213394638,-8.079004664942013E-4,-0.007777877324128129,0.2696572708933001,-0.6106722327730246,-2.8316393789959213,1.6127825864543917
-0.015245927169617795,0.010623643960356362,-9.193125686394056E-4,-0.007733636239685808,0.2681579638516211,-0.691068039085864,-2.7801789024389403,1.680825802411576
-0.015255362343416151,0.010583587296348881,-8.585658104474528E-4,-0.007731771507861201,0.2664337133696394,-0.6463180294644835,-2.7931083351713766,1.6321836834339156
-0.01523533728032985,0.010694670741858283,-0.0010246434077341349,-0.007723368734841014,0.2699359550407125,-0.7675919995237876,-2.7487708048118273,1.759195127329907
-0.01525269118504849,0.010662150774678254,-9.712972986997149E-4,-0.007706198550056083,0.2666808684713671,-0.7279928159516421,-2.7517602626284754,1.7095589136702327
-0.015203578137826499,0.010273592199165855,-4.161812041372668E-4,-0.007910900570163205,0.27400819071778576,-0.31948682087570285,-2.990521220223378,1.3629119519454258
-0.015196211914305759,0.010307377388064835,-4.685947823590453E-4,-0.007918358805987078,0.2759481066204658,-0.35962360786777753,-2.9853080583266056,1.407563803792416
-0.015213172461043265,0.010337551751836586,-5.104626261513988E-4,-0.007880425189225602,0.2730051609168496,-0.39070355011070274,-2.9544381953148164,1.4238214166690548
-0.01522125178085536,0.010369598742013916,-5.564590947849488E-4,-0.007858178646774851,0.27164963033148254,-0.42491566445959517,-2.93215678432337,1.4502143534527048
-0.01523911648869931,0.010423890665143765,-6.322014115096243E-4,-0.007811597995433868,0.26879459072300005,-0.480664709267211,-2.8890387426830983,1.4891514468873004
-0.015245507178207461,0.010391600976216712,-5.831305567145368E-4,-0.007808183418424847,0.2672758345309521,-0.4436087370055464,-2.896900265816693,1.4489415448177185
-0.01526608523852906,0.010445787434524064,-6.567785649967157E-4,-0.007756497847758237,0.26407306239465494,-0.49727676232391377,-2.8513952655637063,1.4842396528898067
-0.015212894846856796,0.010245108881344948,-3.7165777270959993E-4,-0.007898198782192086,0.27181168979892306,-0.28511604269183266,-2.990814176850702,1.3221387375089007
-0.01521639586786169,0.010220779783313282,-3.344739427512966E-4,-0.007895266095459994,0.2708952907811682,-0.25650125127855544,-2.995527027775476,1.2915242186451135
-0.015241330327481338,0.010267840265512036,-4.0104428928546546E-4,-0.007841574085135942,0.2668533301376011,-0.3063053347528722,-2.951290410635479,1.3202374323477921
-0.015201628296309116,0.010898521797892554,-0.0013264949219298702,-0.0076816465204381556,0.27432609892789134,-0.9825272080857294,-2.645021885853311,1.978163508967482
-0.015213266157799424,0.010861900625585709,-0.001269557170411271,-0.007681346295004305,0.27249711416081474,-0.9419453413748844,-2.660649901004602,1.9330956173625287
-0.015223312378367888,0.010825911178190423,-0.0012144327997453146,-0.007682596964565109,0.2709225212757668,-0.9026375924120673,-2.6762844795230123,1.8902372070892033
-0.015224804526510191,0.010796406184567705,-0.0011725829375686008,-0.007694830820763344,0.2713457421016923,-0.8733346139831879,-2.6944111343759642,1.8629080364508013
-0.015240789404816954,0.010766952043317736,-0.001123751341589212,-0.00768094758025384,0.26828095658123446,-0.8374479479740363,-2.6991332767004286,1.8181353768119588
-0.015029978569643294,0.008887416399998694,0.0017329515511132173,-0.007837645068076646,0.26896276842395866,1.394723906844462,-3.0921662889755286,-0.29089568311656894
-0.015034550744417747,0.008859866424257604,0.00176758771060008,-0.0078085819638299995,0.2675847341408018,1.4209834683955849,-3.0707374978972677,-0.3255289297724068
-0.015048665865342072,0.008914893938925559,0.0016809173249256219,-0.007824356040901377,0.26648200303121694,1.3510556372717095,-3.084687662886062,-0.2584692496140644
-0.015038095772151051,0.008831930735827132,0.001803088098543212,-0.0077807319728622265,0.2664276379585777,1.4479767581726193,-3.049909164444746,-0.3601624809778809
-0.015039497545442591,0.00880113552206895,0.0018436878811397917,-0.007754057877875232,0.2655303011659744,1.479095474712877,-3.0294738077185,-0.39769740533968445
-0.01503754870900143,0.008772666259178385,0.0018834427881792512,-0.007734646426049403,0.2653458210728034,1.5100259329696504,-3.0139180458414643,-0.43200870065147684
-0.014988686882386514,0.008724631763207378,0.0019883641594026446,-0.0077802530782066295,0.2722521419828654,1.6000159498419457,-3.0400197733220753,-0.49022937873823585
-0.014987617551801814,0.008701106922801195,0.0020206444858378255,-0.007761846343973622,0.2719662871054512,1.6249006633956637,-3.0250491247663223,-0.5187329403716098
-0.01497818119896832,0.00868748700141149,0.002046967823257188,-0.007766409723321302,0.2733206404898608,1.6469697855531256,-3.0265977674016122,-0.5355022942370695
-0.01497656033481763,0.008672839503616778,0.002067773320647777,-0.007756288750923776,0.27325172141063286,1.6631133332709296,-3.018045179705644,-0.5531895235727854
-0.014983080656748984,0.008653113290735402,0.0020878646472514526,-0.007727406978074805,0.27204122315332696,1.6769619752251577,-2.9960543428358926,-0.5764987306309007
-0.014976354586657274,0.008627582872922925,0.0021271685235489837,-0.007715953658173091,0.27283871919796227,1.7080803150321187,-2.985091085307372,-0.6071655817185825
-0.014999255970530834,0.008607981600958266,0.0021315435025363663,-0.007659010344734,0.2687859870323552,1.7059418908473518,-2.9443986585574233,-0.6278594396899888
-0.014990925830540194,0.008580836137708483,0.0021736860956986528,-0.007648198115887339,0.2698386106395849,1.7393308179709785,-2.9333416886432104,-0.6599989725998787
-0.01498183745806784,0.008553573977264741,0.002216566184709143,-0.007638032032792112,0.2709567867300718,1.7733157965404034,-2.9225164805200445,-0.6922583513717077
-0.014965916265434663,0.008523400598503204,0.0022695387225551253,-0.007635949141463517,0.27317549395619106,1.816358858284811,-2.9163774679735393,-0.728766915911353
-0.01496008804613084,0.008493322115886512,0.0023125450577140302,-0.007616405608138341,0.27372513699157436,1.8492887942511202,-2.898389813509233,-0.7635422340188794
-0.01501291731212668,0.008734322060708564,0.0019548898470326324,-0.007746040136099384,0.2686049317392149,1.5695517481806613,-3.017856212908083,-0.4782175187340016
-0.015033337432468602,0.008748949653722993,0.001918460497799143,-0.0077226204630810825,0.26559875783537484,1.5376285460538772,-3.0036019213110454,-0.4603971439247589
-0.01488489270575138,0.008390013000271843,0.002515771832909727,-0.007635058229873899,0.2848682166626187,2.0180526192252466,-2.891355459719262,-0.8939548405130956
-0.014902930909665215,0.008403272212861045,0.0024806609807959843,-0.007619432720095456,0.282082181776279,1.9872003457800917,-2.8837573175516473,-0.8750399989106125
-0.014951131929863932,0.008467958528804649,0.002352592264380454,-0.007606169804299506,0.2749796041151567,1.8808411781290297,-2.887157594588299,-0.7934594356281793
-0.014937540428682984,0.008438998653144354,0.0024015926578487903,-0.007599438004977291,0.27680071392209854,1.920024608068243,-2.877388082753959,-0.8281817012610199
-0.014929150858831836,0.008406650942763797,0.0024492702921817895,-0.007580015239568741,0.2779604705269176,1.956508455173756,-2.858350070432183,-0.8653915882734272
-0.014800295771668977,0.008176604324794404,0.0028594833558047185,-0.007529324234501728,0.29826005917817416,2.2851366040547987,-2.7705024521427,-1.14684522209377
-0.014816433611050348,0.008185717225273748,0.0028301668315092138,-0.00751500469634619,0.29552894643749955,2.2588023017174823,-2.763913602593909,-1.131569102417419
-0.014800500161777301,0.008158637949941186,0.0028791130140383768,-0.007507479220273546,0.29820232219310233,2.29769900870483,-2.7513927151795987,-1.1648752807836462
-0.01476599599931919,0.008008966385618979,0.00308011948989069,-0.007374695280531747,0.3045219622106225,2.438483450827199,-2.6211515681824715,-1.322346003244143
-0.014769014562872017,0.008031835424049354,0.0030529256558245346,-0.007399134229218021,0.3038150456055982,2.420877384446284,-2.643914914926786,-1.3000564937723353
-0.014769120437121416,0.008053093653300324,0.003030774370722897,-0.007425681963070746,0.3037561012904225,2.407605615765833,-2.667431394380379,-1.2802236189600862
-0.014781053128719407,0.00806949987643303,0.002998718601253104,-0.007428272803124321,0.30149485906539897,2.3819555548820968,-2.6743924858327115,-1.2594958149435362
-0.014784270303137264,0.008088952006214971,0.0029742103691445484,-0.0074474853337182945,0.301058038061926,2.3653284350865524,-2.6925437542120734,-1.2396263154674496
-0.014797086575590299,0.00810585978874965,0.002940480668629599,-0.007448820311549357,0.29878230165957026,2.338000005095825,-2.698652981862099,-1.217952709504101
-0.0148033353668974,0.008130387529789458,0.0029065209903669383,-0.007469080223220556,0.2976687735417509,2.3137525506769325,-2.7187912733994906,-1.1916359850338762
-0.014829288160272564,0.008199960617483038,0.002799177024301824,-0.007511708337860814,0.2933729182640982,2.2329203597716387,-2.7657099183959097,-1.1124673045929727
-0.014885141046697475,0.008367075990496558,0.002543086598463432,-0.007610113993317178,0.28462617645652993,2.0372523370706674,-2.870075897214932,-0.9191345799138716
-0.01488213333506315,0.008343619201680042,0.002574244353362835,-0.0075896725587691624,0.2850648430629315,2.0600754323206907,-2.851555262374463,-0.9453883795915637
-0.014875798266052516,0.00832203140349688,0.0026065990999577537,-0.00757634383987913,0.2859154641807204,2.084764827392665,-2.837994946969317,-0.9703164601208364
-0.014865993803053514,0.008304620703321955,0.0026377987743154982,-0.0075728917820187,0.28760170561374715,2.1098458210883466,-2.8317097181391895,-0.99170505754081
-0.014865490398541074,0.00828458131785193,0.002661614743853586,-0.0075513743385999315,0.28745685478176647,2.126336604077579,-2.8129406638908687,-1.0130679925149524
-0.01485942825337718,0.008260879555394262,0.0026956702131151304,-0.007534367610107891,0.28848539932497785,2.151712054386398,-2.7961262696552347,-1.0397136644138436
-0.014850929181847206,0.008238372224372174,0.0027309448539951636,-0.007522202633621233,0.28981908779451565,2.1787420110638425,-2.78258930250217,-1.0657488824148944
-0.014840717143196208,0.008217847359216357,0.0027658460264427206,-0.007514638790137896,0.2914840034641432,2.206121829194876,-2.772379912339218,-1.0902442858310197
-0.014702453945403758,0.007941014356960863,0.0032305327609272426,-0.007379152620505731,0.3161623005285889,2.5618491919735593,-2.5990339912380205,-1.4146003394053641
-0.01473284839953297,0.0079746145909382,0.003157259282799567,-0.0073791247140147865,0.3104140324436537,2.502104432798139,-2.6115878929826875,-1.369353631046043
-0.014720234748871084,0.007953798834369467,0.003194455844107016,-0.007370292844811843,0.3129631603116953,2.530636792663308,-2.598562426149592,-1.39416158708974
-0.014765960825858458,0.007980760897093804,0.0031085442545740753,-0.007338903234897184,0.3046635654986221,2.454794504180899,-2.589473788578104,-1.3476009424546567
-0.014703032283283495,0.007919306356377448,0.003251014121944587,-0.007349486455018349,0.3162008395021381,2.5725767198397533,-2.572837872200768,-1.4332345364928682
-0.014643705419485087,0.007787356176914135,0.0034551086873193374,-0.007252233171809065,0.328269686744729,2.7173350164870587,-2.460449086320477,-1.57492449480981
-0.014700667472819636,0.007895676001022135,0.0032769491387117018,-0.007321333677869537,0.3168086094132916,2.5878722611598715,-2.5467722605463323,-1.4546517833286903
-0.014695226759810102,0.00787213050084451,0.003306596573950543,-0.007297409920284054,0.3179628663856533,2.6069060914912483,-2.5231607262430504,-1.4772808911294277
-0.014686696584201532,0.007849103655623454,0.0033396572910505255,-0.007278197740422091,0.319741894666382,2.629580472291277,-2.502402113215929,-1.5008910304941872
-0.014673626516474754,0.007824622734182945,0.003380025770023522,-0.0072628884858546554,0.32240021456976015,2.658905427162121,-2.4831288842059074,-1.528012080197716
-0.014670724870987412,0.00779602135803666,0.003409890708674972,-0.007227576222188858,0.32310692023267157,2.6751176055887567,-2.4504520997774133,-1.5520878763937398
-0.014562197490649806,0.007631237001428241,0.003704300335738851,-0.007135059701490777,0.34577790002635145,2.890075404041393,-2.3182865020885988,-1.7397741510666271
-0.014640327053745123,0.007762535399574665,0.0034818272459505068,-0.007222052746095599,0.3291200678733657,2.7319692937532936,-2.4320275565866876,-1.595941265937892
-0.014634343203277944,0.007737481712000841,0.003512038389002803,-0.007194792148623469,0.3304182335158424,2.749909717940486,-2.4050618034112663,-1.6182716708542555
-0.014620951462743522,0.007720762930765268,0.0035453456724529988,-0.007188797637605634,0.333315530072507,2.7753478568112566,-2.3936129742728602,-1.6389031313599038
-0.014617043423382055,0.007698882330785167,0.003569401290418689,-0.00716274085389649,0.33413482660617594,2.7884165690723197,-2.368592434634389,-1.6570841242747036
-0.014599984607244657,0.007675665504556748,0.003613183169587916,-0.0071515358164993955,0.3378934746095939,2.8208757721239377,-2.350708199117143,-1.6844148283817915
-0.01458759242834324,0.007644699654356184,0.0036563446649267575,-0.007122557532015057,0.3405968903978254,2.848128967814699,-2.3191763425887757,-1.713602663673488
-0.014559369116406344,0.007606521865204598,0.0037279763622750247,-0.007102149790887969,0.34662742539502917,2.9003879964175674,-2.2876226919287084,-1.757804022900839
-0.014549213537536038,0.00758177584029178,0.0037621454601960425,-0.007078079263225843,0.34892001454608607,2.9212945847818754,-2.261388943546533,-1.780455177684829
-0.014519522586970606,0.007547784518090898,0.00383224475240595,-0.0070634692589676825,0.3554129442286354,2.973590073785172,-2.233988101278394,-1.8222945073523416
-0.014544682515120498,0.007553083846595265,0.0037905538997206538,-0.007040899421605451,0.3500891551966683,2.9337839334633404,-2.2263185011105127,-1.8010592922675441
-0.014514089607785033,0.007524332801391133,0.003857691607337584,-0.007034562215793274,0.35665717840880623,2.9857803589567333,-2.2056776962184603,-1.8399657581501792
-0.014501728955037896,0.007506285918388545,0.0038894833886648334,-0.007021869572276961,0.35952836862851667,3.007528188603334,-2.188365421262723,-1.8592541883421887
-0.01447230669460093,0.007448118556398207,0.003975085584434128,-0.006966888257577727,0.3663288274295721,3.059664817428906,-2.124976195626623,-1.9126304231725253
-0.014492879480243345,0.007456550715618132,0.003937722109881876,-0.006956239375386554,0.36183073420671147,3.026682223752218,-2.125998967075824,-1.8927350677976773
-0.014504402917224999,0.007479174161416794,0.0039045425699373295,-0.00697743388522201,0.35915155326089365,3.006602067249262,-2.1504317501478596,-1.8722243487829238
-0.014462590883649738,0.007423693034995319,0.004006423714412177,-0.00694012104267175,0.36859519739330654,3.076440694520691,-2.096487232042374,-1.9323401343063296
-0.014399402090075022,0.007358335859687067,0.00414744817108477,-0.006907249794777832,0.3831747536861856,3.178467670386755,-2.0347347145445442,-2.0124694481717835
-0.014384960938701485,0.007344461039877323,0.004178986655621972,-0.006900645857531129,0.38670203427088495,3.2014615281039087,-2.021320074766122,-2.0300997705552515
-0.014419546931964747,0.007356498591385942,0.0041165783300976845,-0.006882476404173249,0.378662227751736,3.145654367808982,-2.023633456671669,-1.997141003010757
-0.014452631670319805,0.007394638493431219,0.0040407720724187505,-0.006906090517313665,0.3708501350790688,3.0930272341258735,-2.0615426280934837,-1.9539135228542996
-0.014436491767499596,0.0073711159072851334,0.004080864188507497,-0.0068870683306441185,0.374788858319495,3.1187376171736485,-2.036542605692651,-1.9772637118036223
-0.014197401724584675,0.007046192218266448,0.004636025870676329,-0.006587446941838362,0.43264486570984584,3.4464459935981764,-1.6466523231958694,-2.2762855413018337
-0.014187023683908645,0.007024888440081051,0.004661547949113227,-0.0065599685747410605,0.43510075808725573,3.4549909690617375,-1.6175494752511124,-2.288379283181097
-0.014220884873644039,0.007055412936399455,0.004592803729225073,-0.006583036301404413,0.4267229976187054,3.410827762568925,-1.6567614077473,-2.254285377542695
-0.014238976099185664,0.007076452668769702,0.004554064561766648,-0.006602704037356237,0.4222698887017416,3.3885607915472287,-1.6837157534238296,-2.2349881505781304
-0.01438424022242392,0.007319813034007548,0.004194762542117839,-0.006861853065322819,0.38690407500375157,3.2010577659152477,-1.9868952306549592,-2.040986956284231
-0.014388884125954453,0.0072953458278223506,0.004201443045972307,-0.0068178027429428,0.3859125371478484,3.191390126078661,-1.9510965009926693,-2.0468065895175878
-0.014379332307392509,0.007277448248753174,0.004226810493473559,-0.006799010538912453,0.3882374332082701,3.205008336396585,-1.9296721909055703,-2.0613067448739284
-0.01425765923111739,0.007139363983386837,0.004495867391139204,-0.006691241491234851,0.4177651848416755,3.3777916617295025,-1.7695407942360897,-2.2056165335373064
-0.014274582573343844,0.007156087281812364,0.004459994463767017,-0.006703440655107785,0.41354495158554466,3.3541820216201894,-1.789564859753115,-2.1869113849717503
-0.01425956491302438,0.0070946514082832765,0.004512169411099152,-0.006614929324260141,0.4172191957212254,3.360749419093238,-1.705813111383401,-2.2137567955774364
-0.014274656814899972,0.007114025314396143,0.004478801627827592,-0.0066335513521454765,0.4135300870037882,3.3419792998384596,-1.7301262216833921,-2.196760788472604
-0.014289454447520134,0.007171637928063884,0.004428010440239725,-0.006715256195544629,0.40986931991588965,3.3333690539824015,-1.8080892760208835,-2.170061680968558
-0.01430325246201712,0.007188444586262866,0.004397098976364142,-0.006729861258465163,0.40643929094997905,3.314494086617254,-1.8283373888834167,-2.1536671225225734
-0.014312187710898342,0.007210092839888691,0.004371638283005029,-0.006756847260747788,0.40437076091433427,3.3043568534405847,-1.856498189336522,-2.139723406080375
-0.014368116998243564,0.007257882767802594,0.004255593216645829,-0.006779004083627019,0.3909642630033701,3.220752773278164,-1.9063281855228578,-2.077492152146555
-0.014335291413912151,0.007218698247968826,0.004329446895292897,-0.006748298780769729,0.3988600297909462,3.267926905559085,-1.8619878899429223,-2.1176266841915883
-0.014354581662690213,0.007237718766180437,0.004288227439178322,-0.006760073185926501,0.3941514491951343,3.23976569684638,-1.882649524844809,-2.095497712779549
-0.014143827443764585,0.00697175682132557,0.0047534795581420574,-0.006504094009081256,0.4459157089172859,3.502910717007008,-1.5452672001233438,-2.332078492639765
-0.014127625827268614,0.006959486833131506,0.004785207175642057,-0.006495601182355054,0.4502352120043123,3.523966282352589,-1.5284019260232629,-2.347370011077016
-0.014128401233445843,0.006940778224513221,0.004789529668043425,-0.006462801953227857,0.4496132194565849,3.512818840805734,-1.5018941462662432,-2.3476828345978915
-0.014101302825262148,0.0069091215026418325,0.004845222948782312,-0.006428468332165818,0.4565734088798594,3.5406118413708545,-1.4572175665781526,-2.3727745915766687
-0.014116069094498689,0.006925664115689273,0.004815145168510999,-0.0064460902313508905,0.4528487065938549,3.525249734990236,-1.4806601284479586,-2.3592518296051197
-0.01420222212226823,0.00700131006279002,0.004644290514585234,-0.006507595839779554,0.4310603264337307,3.4195787026375473,-1.5830051036027124,-2.2778990050697026
-0.014169740271897976,0.00696535248019472,0.004711329521366833,-0.006472830352250992,0.4390512204091644,3.4565550980236535,-1.5351054875559473,-2.309647193501337
-0.014185767634191906,0.006981989794758252,0.004678700773297746,-0.006488302659907919,0.4350791288766808,3.437996887239325,-1.557370951846149,-2.2942190183361446
-0.01406940293492596,0.006880604477321841,0.004907900437407685,-0.0064019330363828215,0.464850476417271,3.5770433247595608,-1.4158437626450693,-2.401246246549247
-0.014086280498065857,0.006893836011055004,0.004875256889961911,-0.006412911661636809,0.46026795019454764,3.5568304948137377,-1.4352519009948657,-2.386292797058175
-0.014108919238867338,0.006888703242785452,0.004837556155621396,-0.006387777860753957,0.45414422764364426,3.5161201256385937,-1.4290000023287277,-2.3661386015580996
-0.014067374814262207,0.006857075088843112,0.004917013560599772,-0.006362462666479545,0.4648086548859656,3.565688648228779,-1.382776749763597,-2.402443778557725
-0.014057753593803882,0.00683234282947385,0.004939192713693834,-0.006326132459339716,0.4667975977214222,3.5655879239165613,-1.347754649249821,-2.4098068109089925
-0.014041733500413644,0.006812414870975903,0.004971095359172548,-0.0063021482387573815,0.4708607145657932,3.5785345799844577,-1.3186593339808557,-2.422612575509607
-0.014047433360579498,0.006789066776261628,0.004965743795346796,-0.006258089218428684,0.4685830171239336,3.553284348604195,-1.2877019675343084,-2.4156279191942094
-0.014035466712835563,0.006769061757271266,0.004989985605474816,-0.006231126926727706,0.47136926186213496,3.5586350783387073,-1.259118552300017,-2.4240797880929086
-0.014019890561490875,0.0067486329015743465,0.005020251481463712,-0.006205407919485268,0.47503324133232466,3.5688966473170383,-1.2293398190223304,-2.435192184357476
-0.014003619459438829,0.006735626505439723,0.005050366741747966,-0.006192604595422887,0.47929944347694625,3.5852440755268637,-1.2090449585953993,-2.4475480198626163
-0.01399480963248789,0.0067162445539961195,0.005068299484528228,-0.00616417773675234,0.48096808896959303,3.5845264986041343,-1.1816509694968902,-2.452231595555007
-0.013951808534138903,0.00669161414646405,0.005145976161896496,-0.006145397650296528,0.4923759129375506,3.6334868891318446,-1.1391918708578823,-2.485190443680803
-0.013890983138220726,0.006621257559340816,0.005257722233544165,-0.0060532803798845035,0.5070705983044549,3.6690973431011034,-1.029697037702977,-2.521612436575518
-0.013906335582900607,0.006633129770258363,0.0052301998042416425,-0.0060666483845794586,0.5030000210412694,3.655632692586734,-1.0499478897355556,-2.511504952769179
-0.013917212989177204,0.0066513930181665215,0.005209997403812939,-0.006093198603375127,0.5008165555190665,3.654541386500271,-1.0769103477188244,-2.506567884548756
-0.013938470411374063,0.006664263431938604,0.005171833735810506,-0.006104759577362741,0.49501870452546776,3.6318942409543418,-1.099820219203959,-2.4911350385351096
-0.013892003031651513,0.006599819450719541,0.005256810828660575,-0.00601528757303988,0.5056695034887301,3.6478569725167085,-1.0027225910813387,-2.514925699686621
-0.013884930492807363,0.0065759931528170355,0.0052698230242065125,-0.005977039430639686,0.506407505242552,3.636731130596234,-0.9703564113813724,-2.5140927566983815
-0.013981684541403748,0.006692376006529152,0.005093962752076031,-0.0061303007560711545,0.48384316578438075,3.586672000348955,-1.1474916770230654,-2.4594881411947696
-0.011083587037985834,0.004912391158566119,0.007898763644177407,-0.0016779027136416059,0.5907877782346237,1.8718942707712196,2.163880603298134,-1.0978655068859144
-0.01116560088567434,0.004917380317368743,0.007852688933344442,-0.001795598568947541,0.6013704589455166,1.9489306097767376,2.1156688551165814,-1.172362765457641
-0.011135883054209499,0.004905242660067278,0.007858439863755581,-0.0017466651909606946,0.5935589019824978,1.9126868854216788,2.1252523401964662,-1.1429293668098162
-0.011107671319081927,0.00489882092737448,0.007869033143388292,-0.0017033923875564116,0.5881343360701993,1.8824954748151406,2.13794655604552,-1.116294440842982
-0.01132350001702726,0.004967329369142825,0.007797474566943648,-0.0020453193774909134,0.6337026006469474,2.1271969190613222,2.0442509342553765,-1.3235942813357238
-0.011297770756461937,0.004951925730841056,0.007799562647083356,-0.001999538668928476,0.6256371427642874,2.091687967163424,2.0512832572743167,-1.2967649075592664
-0.011267598316926973,0.004948553233540154,0.007817514373155464,-0.0019564027071404012,0.6224839411540217,2.063633229473055,2.0703601996791208,-1.270079604617582
-0.011241634015911328,0.004929231202168601,0.00781462354320775,-0.0019076680219970877,0.6126052868644978,2.024346637502982,2.0735764933197927,-1.2418417059080953
-0.011187874148834777,0.004899553031742292,0.007818616513852458,-0.0018145010094604338,0.5963659538762726,1.9529810928120148,2.0869386750335686,-1.18689970639089
-0.011217154245552927,0.004896633276655332,0.007795940822136885,-0.001852292970608391,0.5976125537765391,1.9752617869971412,2.065086653791422,-1.2112536901227964
-0.011657986913919312,0.005066152936566868,0.007624430598843675,-0.0025559610130844552,0.679214063467415,2.4747745530476526,1.8376371889870637,-1.6257490312004896
-0.011636079252596144,0.0050543917789344145,0.007632215105966519,-0.0025184814265262084,0.6747579745156737,2.4472794002195424,1.8496328626458045,-1.6043099216136072
-0.011348469350988192,0.004953932396072896,0.007764345255792152,-0.002068552504945759,0.6293368230586266,2.1344545970416013,2.015354969521782,-1.339711943131816
-0.011375276181235704,0.004961251771178061,0.007751908480907115,-0.002109396800031535,0.6336060999865953,2.1625283099290495,2.000562723771506,-1.3642446661855436
-0.011408149425180444,0.00497676216629488,0.007743113228589678,-0.002164424085275632,0.6413643262823673,2.2031167645348653,1.9866987853795062,-1.3965832082305254
-0.011445171877035363,0.0049803096717013886,0.007717514859879676,-0.0022152132313168617,0.6439882265500487,2.234569338264615,1.9600112130012572,-1.4273981560236904
-0.011606947481094865,0.005040216084713696,0.007643634306056984,-0.002469955060823858,0.6694775677183581,2.412233865016241,1.8660507709876677,-1.5763840132452784
-0.011487468283025956,0.005000029348588601,0.0077040402102536275,-0.0022855095161474935,0.6530712493628156,2.2860255827931284,1.9399804350014782,-1.4685580736563246
-0.011472464819890175,0.004983334896846908,0.00769861818179114,-0.002252633450179159,0.6456193640553948,2.2577361349325367,1.9402223619957941,-1.4499446616074307
-0.011515935249709007,0.0050049232184477144,0.007685446902562738,-0.0023257565725134485,0.655082864879306,2.311560336993993,1.919833875880786,-1.492542358304454
-0.011577141883035498,0.005024746205271084,0.007653754994357051,-0.0024194258240200616,0.6633268660950904,2.3751943250565977,1.8815516161264576,-1.5472863622925315
-0.011546111781669291,0.005012577439751794,0.0076678573316283855,-0.002370210445757508,0.6584784818883938,2.340805892715992,1.8997652837681762,-1.5186953038171198
-0.012435259500280058,0.005443705720026237,0.0071046672799755265,-0.003792749442160424,0.7262965055815825,3.25985475053082,1.1596485995090384,-2.266045343740611
-0.012547230675917734,0.00549869746281205,0.006997833992028552,-0.003955161401752806,0.7189397040666378,3.3360971682577696,1.0307787113584872,-2.3316007805661774
-0.012561542448233282,0.005512732356366713,0.006989444782726548,-0.003985356730466038,0.7201538764179792,3.356577532122535,1.014127551458161,-2.3454175179194605
-0.012527584794435803,0.005481975038425193,0.007011180950948736,-0.003917260309241049,0.718064943530329,3.3119929620880195,1.0533780968983057,-2.3146486920215086
-0.01248026672772735,0.0054694967004971775,0.007065869656615606,-0.0038637922630600794,0.7250112282036467,3.2980514318640557,1.1089227512580155,-2.296676207078003
-0.012508825398325502,0.005465263084040803,0.007022984174580386,-0.0038800255290887147,0.7167097670040944,3.2875510874416762,1.0744391445821988,-2.297643606567142
-0.012464318929987742,0.0054374406121426725,0.007059924387954977,-0.0038075529232143857,0.7175312375151587,3.2473953810512337,1.1241830003444016,-2.266475755399807
-0.012581501617033683,0.005515518141712663,0.0069635537509709,-0.004003651103575278,0.7161250077833891,3.3568058892615453,0.9902318736114882,-2.349745401556115
-0.012602621033926656,0.005523937932266411,0.0069404689549726365,-0.004030467435638656,0.7134021869098564,3.3657431520289722,0.9651298555819724,-2.3587531050136334
-0.012614893989905765,0.005536298968713459,0.006932996202240252,-0.004056594906555091,0.7144855160153336,3.3832258320262794,0.9502899490705279,-2.3704494683099635
-0.012629941841000686,0.005539832053303858,0.006914279129570045,-0.004071931956636662,0.7115768312329367,3.3850251503801663,0.9322600483029265,-2.3743717162888607
-0.012646651030579473,0.005546196401221618,0.006895341897416428,-0.004092285703319209,0.7093792882863933,3.390800338781251,0.912115389822678,-2.3806678492967657
-0.01286270448306853,0.005683767121177515,0.006676647172035227,-0.004423333098235543,0.6905094573915255,3.529015312659777,0.6366656389211673,-2.4898075578609817
-0.012665075317255466,0.0055525318636621065,0.006873760211621817,-0.004113548015360816,0.7065328509449343,3.395692285250133,0.8899303099865211,-2.386744811693557
-0.012685556119959864,0.005561052622541755,0.006850731365094732,-0.0041390708061853155,0.7038032474950205,3.403154153692539,0.8651546928900272,-2.394473539752821
-0.012706295595496901,0.005572529638149831,0.006829370587610872,-0.00416881316215173,0.7018296204079588,3.4149585692325775,0.8397141615719249,-2.4044597654015205
-0.012728734554820542,0.0055852521471698915,0.0068061706533050215,-0.004201196574375795,0.6995581104829681,3.4276946372084622,0.8119542574949218,-2.4151341470260395
-0.01274762570454271,0.005602007068899574,0.006790925432090836,-0.004237185598961236,0.6994907447520928,3.447966683842157,0.7875326973767576,-2.429113457901172
-0.012841592750496874,0.0056585459948138165,0.006691157620124912,-0.004374096105136672,0.6894492954154288,3.498350291670032,0.6674216753858647,-2.4705257305243813
-0.012821421737607148,0.005638385424530695,0.006707346718743884,-0.004333012837955975,0.6895238376047104,3.4751708775205223,0.6952147993843739,-2.4552374285967002
-0.012800544565863886,0.005622953124483965,0.006727596227545376,-0.00429853849069721,0.691046944997193,3.4596573967308335,0.722333243294536,-2.4438434538799076
-0.012777141463173587,0.0056030813301046496,0.00674798384203419,-0.004255872021946157,0.6915947364840225,3.4373541733455832,0.7529701250277928,-2.428323106052138
-0.01280460464720366,0.0056001040912345285,0.006705127824175622,-0.00426676463920164,0.6835440992109852,3.4206700976862896,0.7221885268299175,-2.4235981954404613
-0.012029978706896906,0.005250173190059344,0.0074284633082946664,-0.0031703003608070947,0.7254967634231383,2.9003350657720586,1.567951216645059,-1.9663746807014715
-0.0120112810305225,0.005236978652694317,0.007436529351680126,-0.003135513495287736,0.7224299013876423,2.8746884938593884,1.5820761051407908,-1.9474989953753157
-0.011989226612229969,0.0052181567410530235,0.0074424668003711435,-0.0030908641028199566,0.717400523252722,2.839811614590977,1.5966261416330918,-1.9229976387876906
-0.01196347116296019,0.0052026708679505625,0.007455452228185643,-0.0030460058531118464,0.7139755454440526,2.808133192194111,1.6162680307647184,-1.898703713175463
-0.01193478293465585,0.005188807174935908,0.007472791626347171,-0.002999639385203648,0.71147350901235,2.777186613077602,1.6393119869267034,-1.873623973395785
-0.011898660662876662,0.005177246149131044,0.007499847305969359,-0.0029473003965949304,0.7104203854910615,2.7456464840401034,1.6706853762405027,-1.8454637484938663
-0.011872238675335585,0.0051584689235514075,0.007508620806133623,-0.0028978943194752026,0.7049780459009249,2.7083594110249103,1.6872999284482988,-1.8180872819637333
-0.011840558893446198,0.005143205373590765,0.007525905215586106,-0.0028462235638375545,0.7011953920528585,2.67292896628075,1.7105797377921628,-1.7895292315070657
-0.01181566536342979,0.005118218706598995,0.007525738982966231,-0.0027923632427909006,0.6926462382225135,2.628357162143996,1.7206441059636008,-1.7593138954308734
-0.01179124101736875,0.005101822781394058,0.007533462584806126,-0.002747920441402395,0.687405567790548,2.595068700339423,1.7346910758408665,-1.734504351628454
-0.011765016845496624,0.0050970662530998145,0.0075544911166226785,-0.0027128291153406033,0.6872322493605351,2.57499673544241,1.757066854466934,-1.7149616775469607
-0.011683581810000128,0.005066521469094444,0.007600986912358283,-0.002587213070853769,0.6783614989262011,2.49098976143647,1.8143955018268902,-1.6438206072590609
-0.011715754976304713,0.005070590002658014,0.007574816939418866,-0.0026293915873906687,0.6787573871566678,2.5149367802591196,1.7871842973349443,-1.6678750992381077
-0.011744098835682781,0.00507938005268102,0.007556679555975907,-0.0026711763792673818,0.6809194472970687,2.5417296355010772,1.766080711687546,-1.6914694981955558
-0.01236541770259713,0.005416115767768341,0.0071733135607127,-0.0036974697806881206,0.7316347449245497,3.2170423533205543,1.2381837611425563,-2.226301225327324
-0.012415183080016136,0.005424482339615687,0.00711468001938633,-0.003750501230899469,0.723825080542377,3.229684913648795,1.180519889476841,-2.245445339746477
-0.012390533275659301,0.005414289903025227,0.007138440026247702,-0.003716418546635497,0.7256020047915827,3.213981954563866,1.2078706998415354,-2.2311802405623946
-0.012126287148706753,0.005319101655362201,0.007383738125716517,-0.003350718811731483,0.7394148238512147,3.032133778593142,1.4899753086244372,-2.0630071178921585
-0.012152729814631799,0.005307381931187712,0.00734038661077202,-0.003363001328198284,0.7302086429504144,3.0205692912697484,1.4547940768771623,-2.065754592499132
-0.01210171104337157,0.005303677755390472,0.007397951423235196,-0.003307250526110643,0.7369813640728158,3.002055884169456,1.5117149187805983,-2.040173944188901
-0.012083387395414244,0.005283709536544945,0.007399877014200502,-0.0032648260615109445,0.7315590224327281,2.9668239248700634,1.5238400941313353,-2.0168291310327002
-0.012066368793152774,0.005266265147463884,0.0074025232859533325,-0.003226871600969326,0.7269871002856472,2.93577502674223,1.5350789910704574,-1.9959737900910237
-0.012052534358508856,0.005247270327123682,0.007399752708150313,-0.0031905827960626424,0.7210671833040846,2.903630321048255,1.541724907513892,-1.9756338923063679
-0.012349591346324905,0.005395573338634958,0.007175457825263839,-0.0036568149820322975,0.7273639578475829,3.1836282234858504,1.25250565656479,-2.2049460677163233
-0.012242169377807187,0.005336916980175544,0.007258597892043466,-0.0034851755885667475,0.7260715934412466,3.082340790894966,1.3622844189423946,-2.1236157995515863
-0.012220663326094644,0.005327981024425124,0.007276947914913743,-0.0034538736008048352,0.7265856220537812,3.065327793431908,1.3841688860984662,-2.10877579705874
-0.012206028496224383,0.005307829692887191,0.0072759505895862294,-0.003415171838918344,0.721378323430936,3.031927953756799,1.3941125945218606,-2.0875890571133957
-0.01218074947043557,0.0052935375719627455,0.007293212715401179,-0.003373588755950519,0.7200379322628611,3.0056456057466168,1.4177141723981528,-2.0668448290174335
-0.012330726078032863,0.005376295729169534,0.007182445672876017,-0.0036153202897576202,0.724061697223482,3.1522619880230387,1.2701691503059438,-2.1838165612483027
-0.012308765049303338,0.005361273850927312,0.007196971226935846,-0.0035766175293114807,0.7227320977283478,3.1273350278245755,1.2919913326487478,-2.1651351491833526
-0.012287125348941809,0.0053452068259638545,0.0072097598339914476,-0.003536796127718128,0.7209318507275495,3.100394614622704,1.3127280132714585,-2.1454302221309214
-0.012267181642066811,0.005325849426404547,0.0072170287650004826,-0.0034943690319102255,0.7173328082531537,3.068433185127525,1.3300707200131503,-2.1235694570107824
-0.013817626267954766,0.006531328596183078,0.005387332473927648,-0.0059274357657360536,0.5240166744655054,3.6961880630324724,-0.8884841588979775,-2.5559596655997088
-0.013771806556203886,0.0064921298560774235,0.00546614852339184,-0.0058756055436746885,0.5354219241097881,3.724987578753748,-0.819801587352008,-2.5793034045243455
-0.013799794433117686,0.006502529037548707,0.0054175477248418775,-0.005883758137379388,0.5273513052303102,3.693683491124308,-0.8455156504006087,-2.560303094365459
-0.013762637005354761,0.006469994047705425,0.005480704238261255,-0.005839826235789686,0.5365361918597419,3.714810583735424,-0.7887505205563529,-2.577925044291606
-0.013747591155751223,0.006449513880743014,0.005505370968715575,-0.005808819750172196,0.5395190390064442,3.7146952751078532,-0.7569838582050322,-2.581537229722917
-0.013729482208562871,0.006432514969066212,0.0055354438318755625,-0.005784599100445521,0.5438648609776728,3.722328357530216,-0.7276176892460561,-2.588630645454177
-0.013711401363519846,0.006415522381092273,0.005565207354913615,-0.005760049534953247,0.5481008050101793,3.7293504709247776,-0.6980667271272116,-2.595289064661553
-0.013872360554421835,0.006550154380551714,0.0052920172222115855,-0.005937715176179544,0.5086430390754462,3.631594166360006,-0.9337616621585058,-2.516760622588874
-0.013853033829811344,0.006524678677211936,0.005325451633800896,-0.0059016481265415826,0.5128773506144947,3.636098108558629,-0.8952428644063336,-2.524436963922771
-0.013673328451040684,0.006382235246101333,0.0056274436874183325,-0.005711668446072372,0.5572022759437201,3.745343858126119,-0.6382085767565103,-2.6091818086004843
-0.013659219926579322,0.006362722848507312,0.005649065709677589,-0.005680800606486311,0.5596731984503603,3.7419890241908624,-0.6079469668266414,-2.610266395671332
-0.013698212562380479,0.006388437729985365,0.0055847729776540055,-0.0057162254736766085,0.5497297337917545,3.71713746161734,-0.6598459000083601,-2.592999297780825
-0.013604808830892002,0.006307862882636898,0.005733857364010545,-0.005595728083154676,0.5714467889232792,3.749791008444524,-0.5135562311496545,-2.6218671464993224
-0.013637614648020891,0.006344802277384018,0.0056837753511211,-0.005654113867305243,0.5649073725089074,3.7504918216710057,-0.5746943389590035,-2.6173903966068863
-0.01362096521101444,0.006322313889671452,0.005708602277431024,-0.005618064220292335,0.5677551812254541,3.7457571157033214,-0.5396798820999708,-2.6178637456493585
-0.01359709318834569,0.006274491226797198,0.005739985508909141,-0.005538955277464462,0.5703663635973653,3.717931568361628,-0.47341776514648226,-2.608830677417363
-0.01361236548059109,0.006284711958544173,0.005715795313972338,-0.0055542107620248785,0.5666680754615595,3.710440291817839,-0.49420080349981493,-2.6036282362384
-0.01351486098913833,0.0061931449933549185,0.005860902427821633,-0.0054078201084781915,0.5868970417803742,3.7176553425212715,-0.3335297231908148,-2.616661907906758
-0.013545130334810107,0.00621474960153873,0.005814912368122339,-0.005442411303989195,0.5799528022295365,3.708217610770135,-0.3768583690989895,-2.6098035959600456
-0.01356785540724511,0.0062318102291693675,0.005780270035676541,-0.005469296518573699,0.5747428446292463,3.701436071056554,-0.409982360487918,-2.604578813017785
-0.013590192099916007,0.006252475041473988,0.005746854350943562,-0.005501961585631717,0.5701143123489981,3.699036136687035,-0.4462106038888715,-2.6011818010271797
-0.012897830282022278,0.005670923936797643,0.006614179103583224,-0.004420876677095831,0.6768628812273579,3.4885526395605253,0.6003270048327871,-2.4730534358912046
-0.013212942843829616,0.005958213952515425,0.0062801282788948675,-0.0049887448392753825,0.6464429227875015,3.710687061611306,0.12585177035561568,-2.6171655483436163
-0.013182568764196805,0.005944153888588181,0.006323528959290834,-0.004958737641885387,0.6535085665678881,3.7175367139557034,0.16575111639244736,-2.61931925494869
-0.013158311883629169,0.005920978672616121,0.006351542171434627,-0.004914445191158555,0.6564649156783672,3.7029579866500835,0.20529737615119376,-2.610579648662029
-0.01314128335787857,0.005895024237802926,0.00636558027331019,-0.004867265433702834,0.6563756804980728,3.67669782487291,0.23847061938039452,-2.596026507908954
-0.01312187814472174,0.005875607673463055,0.006386628717167753,-0.004830110542759911,0.6584632890753017,3.662334279880549,0.26989751290718994,-2.5872949099659106
-0.01309713591070329,0.00585453378022832,0.006414987713464383,-0.004788465808851679,0.6616725694944591,3.649124707400954,0.307497102260928,-2.57861803161855
-0.013080157562594978,0.005831088661006647,0.006428929395472807,-0.004745223648864653,0.6615725602607208,3.625066731687865,0.33756774511117843,-2.564711857366654
-0.012931093276608414,0.005725882690203532,0.006599614110309216,-0.004520896899807721,0.6813983200563897,3.558844629961827,0.5458163072529612,-2.5145629715008933
-0.012960431802468567,0.005741135682009006,0.00656379653792625,-0.004557512862951914,0.6767016606811853,3.5652297478713435,0.507494372306991,-2.521429347967724
-0.013075093962598722,0.005802662472567539,0.006420564645657712,-0.004698068104369786,0.6570019133373178,3.583403598297909,0.3568508430094725,-2.5424727682449113
-0.013046284583574295,0.005799288519583333,0.006464433019076678,-0.004682786561451737,0.6648288266905105,3.5997029141367323,0.389197854181425,-2.5484853958304923
-0.012991341904657484,0.005760385246039381,0.006527551827373311,-0.004600463165403829,0.6721698065008006,3.5760159717244853,0.46587588933674423,-2.5305460399482445
-0.013022083602454621,0.005780305468991607,0.006491365812775145,-0.004643829677023672,0.6676850228174772,3.586774274641258,0.423883078242695,-2.5393827589424025
-0.012925666589983885,0.0056934284126626735,0.006586582078576104,-0.004468259181047253,0.674855889345187,3.509085168605839,0.5625532262937832,-2.4875043155090064
-0.013430892574418561,0.006177016427193429,0.006001012949567443,-0.005383408023420918,0.6120395739434618,3.800274748722298,-0.2512612692645884,-2.660721792650754
-0.013339340338559541,0.00606942591891627,0.006117921751194132,-0.005194632153017715,0.6253255208609002,3.749936009272247,-0.0774948849466323,-2.639041765700094
-0.013321033903321504,0.00606024652172252,0.006145247867665105,-0.005177272811019555,0.6299202841367096,3.756431607213797,-0.053297062460188935,-2.64230933983798
-0.013310948322815703,0.0060414489315598,0.006154288404354012,-0.005144253940020583,0.629864990694108,3.738855117365016,-0.029071303986457308,-2.63357858048376
-0.013295353341801723,0.006021571343361606,0.006171904135009316,-0.005108763873315821,0.6314828489677473,3.725285682283084,7.205043843645944E-4,-2.6266830658182436
-0.013278474345122275,0.006006118321147386,0.006193358597156247,-0.0050804128991027864,0.6342460223764769,3.7193493181005963,0.028184537754711376,-2.6234485282919384
-0.013242316619165204,0.005975632754662153,0.0062396616232254,-0.005023439317224807,0.6402249059806667,3.7090199134940787,0.08491831182521807,-2.6173793108995826
-0.013274184140560202,0.005981746842602332,0.006189379195103238,-0.0050389838109123,0.6313301538548001,3.686557506423808,0.04991126662747919,-2.6068239553473056
-0.01342006511536602,0.006149851020992206,0.006010305820859724,-0.005336337594850574,0.6115503711558358,3.7743313921988713,-0.21720165313312045,-2.648929445116074
-0.013399561661183421,0.006129680475745374,0.00603836906003019,-0.0053012325247817835,0.6153105892219563,3.769645482513773,-0.18171846625574734,-2.647461999997501
-0.013376916894679498,0.006106300824480439,0.006068447115429038,-0.005260203018325698,0.6190977253616178,3.7619862329670477,-0.14177915217443868,-2.6443915973985432
-0.013358233262100071,0.006084065169287504,0.00609166633051273,-0.005221056295531239,0.6216186868985649,3.750518448082539,-0.10654663905193056,-2.639134542362525
-0.013243235658226703,0.0059398958262811925,0.006220980101211765,-0.004964345834969692,0.6334416624164093,3.6531925665416254,0.10813452723448198,-2.5889611827476178
-0.01346468323501892,0.006170233706620964,0.005940223253027447,-0.005370937055937567,0.5998212827250474,3.7486512428969934,-0.27283578891797755,-2.634525613693578
-0.013499917171537243,0.0061664907021876025,0.005878602298308096,-0.005363072275617054,0.5881838280342048,3.700237685594221,-0.29712456660363445,-2.609509767622084
0.0066850138241574975,-0.013839463101460153,0.00619209418606636,-0.005346548563474413,-0.10248271219974324,3.8933661388020524,-0.07914333805547201,-2.7337900844615066
0.006667537835451306,-0.013839510163331355,0.0061603469969928855,-0.005347222752550434,-0.10606398709033658,3.8686063463905946,-0.08967427628770562,-2.7213698893996234
0.009232336123488075,-0.015041432272491516,0.00803920321410295,-0.0012238768946173286,0.2522229697289182,2.122211794496792,2.9165969889957943,-0.9474701684849478
0.009269643640912062,-0.01505411132682162,0.00803459241526758,-0.0011607644934630026,0.2511325828324997,2.067326022909188,2.9299422552288457,-0.9005170349711932
0.009252295289021228,-0.01505478600714809,0.008024353881931276,-0.0011866521751822728,0.24990983097287153,2.0837510749032067,2.916954824396547,-0.9194329875990299
0.009282939639609694,-0.01506346353343168,0.008023483632908642,-0.0011359132721428828,0.2493946438617722,2.041129275491081,2.929269192263892,-0.8817281718055711
0.009298437469406465,-0.015069010727522252,0.00802057662876436,-0.0011097206608081077,0.24875376941711175,2.0179718165110496,2.9339643172041683,-0.8621897046895528
0.009333874659124955,-0.015068182457819261,0.008039047926631716,-0.0010562867857271533,0.25072722610395864,1.9826701479675057,2.9585302071871333,-0.8227767861408907
0.009312023703619235,-0.01508455105879955,0.007997585409718906,-0.0010817052425090015,0.24553444805099064,1.983388787698127,2.9264369596200863,-0.8407405537969836
0.008903456311723781,-0.01495556953461492,0.007985409854555975,-0.0017667957779089593,0.24823500903017773,2.547567993820754,2.7243654594523394,-1.3384356962284918
0.008886229827785962,-0.014965618973299052,0.007953533237889185,-0.0017837032486412703,0.2438139045725594,2.544469569006335,2.6993148748043443,-1.3483086764207457
0.008870141742359101,-0.014972483407062663,0.007928395232583164,-0.0018012032570098831,0.24032776839978484,2.5454174055141983,2.678211531040944,-1.3589034565584408
0.008951658137885038,-0.014982151260961396,0.007972374957463044,-0.001677290929320502,0.24602476135390103,2.465883117688485,2.744957180225041,-1.274015280540114
0.008918291133244969,-0.01496992911658595,0.007970167796715022,-0.0017344853361688248,0.24594016942063965,2.512401243941987,2.7254503144829934,-1.3145577042758445
0.008935403772132295,-0.014977275240835178,0.007969413578289548,-0.0017043444251399842,0.2456888057755496,2.486852907052779,2.734604198703877,-1.2930932348525783
0.009092680465973777,-0.015018115209382116,0.008001516935617138,-0.0014464637328398136,0.24875936239880223,2.2885866062775064,2.8322604141206704,-1.109295722151276
0.009077118626576647,-0.015010015252577879,0.008006790420614961,-0.0014746541872715294,0.24967612221215663,2.3148816278756175,2.8273978063198784,-1.130039747024142
0.009061040623419796,-0.015004190578143763,0.008007258090881895,-0.0015021969763012075,0.24991836222524058,2.3381384443352426,2.8196584745545983,-1.1500408221872334
0.0090445456635101,-0.014999298180634323,0.008005494968067852,-0.001529758698164521,0.24983201142721026,2.360228307386413,2.8104429785977607,-1.169891614854537
0.009012797072133242,-0.014978526854674382,0.008022804941114766,-0.0015906910478569907,0.2525919198537116,2.4203194627757445,2.8028470576352937,-1.2147725557313638
0.009027860399040613,-0.014992539833961878,0.00800689164001936,-0.001558871287793674,0.2502000684487952,2.385292184601742,2.8026265495783225,-1.1909886703482255
0.00896679673407118,-0.014987044294366545,0.007974295638117733,-0.001651836519310072,0.24618501853127772,2.445664034196483,2.754102502284565,-1.2559462187962005
0.008995668510500933,-0.014988439166563788,0.007992261719052216,-0.001608862595337289,0.24848429677075798,2.4193339478227363,2.7784283317255962,-1.2261964034650659
0.008980289283038895,-0.01499357166906306,0.007971835462548031,-0.0016276111882552666,0.24563870066795293,2.4241298722224496,2.760102432093326,-1.2384490385168538
0.009212274254479723,-0.01505174471881911,0.00800872086952381,-0.0012484775402808194,0.24836462074987067,2.127316859825297,2.891152119873479,-0.9646239573693045
0.00918966432935255,-0.015048600799875337,0.008002099799366695,-0.0012840512610175284,0.2477259366185082,2.15355531154971,2.877613816205105,-0.9905468706454368
0.009175724443827419,-0.015041395578647851,0.00800778626294267,-0.0013089664908532803,0.24874044625441974,2.17721954926513,2.8744391806227143,-1.009100313339368
0.009160787781564823,-0.01504253553692312,0.007996989541855988,-0.0013305732410979142,0.24736061618455832,2.189728094221145,2.861879543492387,-1.0245340909498715
0.00914326510202706,-0.015040621604478685,0.007990269035771937,-0.0013577252636457224,0.24669264047397288,2.208902401250779,2.8502659446210363,-1.0441336710612534
0.0091086724750739,-0.015030433099499719,0.007988399433249485,-0.001415106788272327,0.24681827958009053,2.255675058690364,2.8330753840905114,-1.085888651974681
0.009126272132801516,-0.01503658949790881,0.007987634591805707,-0.0013853184894910898,0.24643740112203785,2.2305073075407154,2.8409776134774503,-1.0641610581125918
0.008684406592401264,-0.014899314767078817,0.00790279430731679,-0.0021219346837679123,0.23710445413238343,2.797720431436513,2.550938242901737,-1.5792333479142577
0.008700227751959515,-0.014901651509005066,0.007913059145335521,-0.002098141434946767,0.2387029132779593,2.7837747027408875,2.565835856461114,-1.56389812552991
0.00871555132593377,-0.01491187234615609,0.007908514680642907,-0.0020678744341227507,0.23794544296957304,2.7560200209165795,2.574100782021231,-1.5427097939943641
0.008730620528039594,-0.014928232791729203,0.007892504207591737,-0.002032641451154064,0.23570372510822968,2.717877294063181,2.5771122316873285,-1.5171235477725211
0.00874634318546333,-0.01494259837962269,0.007880448869097589,-0.0019985115487979603,0.23398694223770086,2.682872841916043,2.581922595067937,-1.492587964724432
0.008763561969192871,-0.014954917516930979,0.007873119638815927,-0.001964281657561118,0.2329498176103044,2.6504819717371153,2.5895057326121864,-1.4683431622345553
0.008813032160571412,-0.014967813516606473,0.007891160826893506,-0.0018850870863208497,0.23542160850686447,2.5948044268642976,2.627601352265104,-1.4148595212207378
0.00879813827370569,-0.014967120663588934,0.007880169422918843,-0.0019063328421768304,0.2339439204843429,2.606394473330067,2.6137294913170623,-1.4287762589433017
0.008780945780697167,-0.01496309369235997,0.007873112532657002,-0.0019334437950008813,0.2329548258529269,2.6249633165549286,2.600181682653823,-1.4470091823450197
0.008824599521042626,-0.014977137200463557,0.007883707376772351,-0.0018614160352084664,0.23438017542312403,2.5711216406699138,2.6310890059735446,-1.3977660027040093
0.008854756480073167,-0.014980739667138185,0.007901251958726005,-0.001816391938072599,0.23672892796137793,2.5433306254339936,2.6567096078438084,-1.3676071581357307
0.008838519787054576,-0.014986073409029677,0.007878719051274819,-0.0018348720340794467,0.2336135502681703,2.546485705069172,2.6369681792301725,-1.3788599195935143
0.00847779708282035,-0.014857925292616123,0.007772507152021777,-0.0024352014192014324,0.21750544555340517,2.9808014340021423,2.3519682954993004,-1.7751839752521617
0.008422795080868259,-0.014848562985255227,0.007730235834498631,-0.0025142793744795462,0.2109432758988092,3.020347368248465,2.29473436636011,-1.8214158800653604
0.008440175348346679,-0.014861157686434671,0.00772752353908347,-0.0024792116199062394,0.21088984810238856,2.990299423664616,2.3076527264068614,-1.7983879078609262
0.008458387354099567,-0.014871660866110099,0.007728918013975507,-0.0024453889874798368,0.2113300452528191,2.963602594707726,2.3222955916210437,-1.7765688780960964
0.008514033969427631,-0.014867259763286978,0.007793860110697313,-0.0023791935441023642,0.22084758866334134,2.9474552807717775,2.3871326099968573,-1.7408607399626408
0.00849609140933019,-0.014873901150673443,0.007764109409174738,-0.0023953920109063835,0.21653234467994834,2.9433680037688847,2.363108267417577,-1.7480789345104153
0.00867157752478402,-0.014913414942385442,0.007865861572726231,-0.002126402450114359,0.2318584272044771,2.7805232202394055,2.527030483566374,-1.5788701879692324
0.008531258987047123,-0.014882288830373567,0.0077853941764489875,-0.0023417683345988735,0.21982810037762981,2.9118152913671937,2.3969703608655557,-1.7151448605683122
0.008549154595623118,-0.014895618748957368,0.007780233943635826,-0.002305356113791007,0.2193153451987995,2.8790266429214237,2.408226756932652,-1.6904298122178905
0.008655462698320269,-0.014925248674902681,0.007830100557570177,-0.0021371692791794118,0.22686184895511752,2.7692516435392514,2.501655557029188,-1.5827741884962416
0.00863807890005165,-0.014933525941964905,0.00779951746288608,-0.002152645746112446,0.22270765586764002,2.7648507767230535,2.477757193387401,-1.5902591991708919
0.008624053991343677,-0.014926378680545816,0.007798939980668514,-0.002177839767732524,0.22242148437374576,2.785163852629431,2.4680421027403256,-1.6071512276288258
0.008609820569066447,-0.014916517674800516,0.0078027385256657315,-0.002205893616684355,0.22296513696721884,2.8103294644877903,2.459713768711982,-1.6264129606486535
0.008569986156059249,-0.01490580343123745,0.007783072992924716,-0.0022683342469064977,0.2199009162522838,2.8503489642551014,2.4242474459604417,-1.6661286453719157
0.008592295640862078,-0.014914554536091446,0.0077894467659846344,-0.002230777366265635,0.2208992379977328,2.8232016360242205,2.442408074553377,-1.641719309216054
0.0068136184646226325,-0.013971270611200563,0.006349198749898366,-0.00509466672283524,-0.06751901845478538,3.8838461513628872,0.15954113722379792,-2.7253603784242615
0.006692679726418797,-0.013858650770204567,0.00619626667140023,-0.005311306390473176,-0.09958287537710118,3.878768997531808,-0.051343935699315786,-2.726510666223616
0.006799126358465149,-0.013955901040529168,0.006332909447925264,-0.005124536583780516,-0.07135698149244908,3.8874781611286484,0.1321560408552239,-2.728030020661952
0.006780239487324831,-0.013943409727409845,0.0063066996309785765,-0.005149733985838285,-0.07610735298833878,3.8806956610470347,0.1047683224292147,-2.725383216886154
0.006767846316016048,-0.013928517114499996,0.0062933315889996755,-0.005178133954666815,-0.07952357089518357,3.8854431780094614,0.07941855674914479,-2.7283442937825986
0.006739725477582278,-0.013914501568817886,0.006250921692243326,-0.005206646163351282,-0.08624078415949947,3.867455896335617,0.04420579657603436,-2.7200156531602278
0.006748905179030089,-0.013930463167584343,0.006258243556272158,-0.005177003598638703,-0.08338889726100562,3.8575726737088734,0.0684533347251735,-2.7146416505050226
0.006728739356623943,-0.013901423904765864,0.006238504163251204,-0.005231274087194989,-0.08933511596919193,3.8706509195839476,0.021922892605754054,-2.7219277637908017
0.006719203757672234,-0.013888856347044572,0.006228227875569711,-0.005254779270688944,-0.09202624175069946,3.8748099586147133,0.0011728430330695647,-2.7242363390326685
0.0067013588613754815,-0.01388043474748546,0.0062005886742529034,-0.005271392387784234,-0.09633867316304726,3.8617471528844196,-0.020157942791488036,-2.7178801038912574
0.006826278352236962,-0.013984931438051677,0.0063630289002031765,-0.005068057418385646,-0.06412367745723212,3.87992712570813,0.18371028033887896,-2.722560541143474
0.006808104954662532,-0.013987937976052144,0.006328801535726941,-0.005065953652852766,-0.06775990384325144,3.852446815183858,0.1732898499772337,-2.709202076336027
0.0068369089262934925,-0.014000535716881242,0.006371738492736559,-0.0050383004129069325,-0.06116157853989949,3.8702199145345912,0.20829981673477405,-2.716758330639172
0.006847124530230011,-0.014017692843450247,0.006378421061921946,-0.005005866502359951,-0.058199196356015816,3.8574024089562777,0.23394571592801316,-2.7092532122236466
0.006971930644968048,-0.014119509572889663,0.0065230656018646456,-0.004795114359411244,-0.027645012848262557,3.846530823398305,0.4358455037113272,-2.691711225330977
0.006947901750564306,-0.014094775229732633,0.006500319481039375,-0.00484539905206217,-0.03354566904176212,3.8587898051827554,0.3922168337160625,-2.700993115481755
0.00695916970674184,-0.014109076371498901,0.006508998887981887,-0.0048171497675497145,-0.03080408785197208,3.8488774358129363,0.41518790793877564,-2.6944096340945474
0.006930094090961517,-0.014096444282212767,0.006468021272318436,-0.004847568332293443,-0.037490219927741604,3.835772186344746,0.37849782785252467,-2.6903765728636593
0.006921492256926114,-0.014083156240933627,0.006462910059837792,-0.004873097765017557,-0.03971886708916111,3.846571759159382,0.35878195642173033,-2.697079231907925
0.006914176095104225,-0.014070656524902938,0.0064593057229151134,-0.0048969180938407755,-0.041672602873390786,3.857499399229252,0.34069326817561496,-2.7036763841699627
0.006859128208014682,-0.014032203175240255,0.006389773465267667,-0.004977721710724455,-0.05502288391584525,3.850392509188128,0.2580912135066586,-2.7046213578920226
0.006872674809735694,-0.014044304935160602,0.006405264624230284,-0.004953393497254051,-0.051586274194643546,3.8485400259056135,0.28096218321710964,-2.7025515264772344
0.006900818424040805,-0.0140654282364112,0.006439693185042665,-0.0049095239762487995,-0.044702431503612146,3.8498119401928244,0.3245563430303057,-2.7007940240486423
0.006886178911118115,-0.014055228132786271,0.00642130920192497,-0.004931029870923782,-0.04833380903990717,3.8480947564260197,0.302661875831916,-2.701172497734641
0.006966645315710177,-0.014139813372931472,0.006498041890557158,-0.004761692681811678,-0.028533967486066448,3.8082235230275994,0.44919620450061354,-2.671430917815631
0.006961417867525958,-0.014161049010610431,0.0064724736785161914,-0.00472700872637229,-0.02951322947577945,3.7690098485267858,0.4628902147446399,-2.6505731796394265
0.007007607134803963,-0.014167116781091577,0.006546470394048087,-0.004701326373505314,-0.019021802409454485,3.808441398327015,0.5091629923294311,-2.6666314092829757
0.006992275694116843,-0.014164905178727392,0.006522047902083569,-0.004710343541569087,-0.02269074378147026,3.79577251449649,0.4934585488098082,-2.6615797085757045
0.00697509421561618,-0.014172840030780011,0.006486432715400148,-0.004702538698469272,-0.026309981582756072,3.7649070384131478,0.48485665923099575,-2.6467074553206356
0.007084053970826236,-0.014229059255050927,0.0066237133927873415,-0.004567311921737383,-0.0019233534646140146,3.7840271955121154,0.6299929597335313,-2.642722127105955
0.007068379366670898,-0.014217045480427133,0.0066077667320786045,-0.004593876266362619,-0.005462284367344648,3.7886609300780947,0.6058602076425381,-2.6475616896588217
0.007022589674101647,-0.014180150423495448,0.006561331588026887,-0.004673785093783119,-0.01570957157905108,3.802931643215067,0.5336808280661584,-2.661687336489578
0.007050659550208009,-0.014206010064775168,0.006587286385640496,-0.004619437942311038,-0.009316770207152249,3.789243330548526,0.5804915244748664,-2.650385449916286
0.007032454502595481,-0.014198480330447336,0.006562815269176033,-0.0046390321214355885,-0.013517589986770735,3.783178970738477,0.557572437166032,-2.649505792028613
0.008197907528367047,-0.014777370202129532,0.007590575449100883,-0.0028629302535908775,0.18721946731458686,3.21652351415694,2.0621422830626455,-2.021085611783477
0.008214070474665592,-0.014783550791864736,0.0076001303959997895,-0.0028371436702700867,0.18903363121612093,3.20191154543381,2.0792927886326082,-2.0067979920592984
0.00809301161225584,-0.014729963861506696,0.007535008145701793,-0.0030376110972057916,0.17645920363560863,3.320035305327106,1.948925092705841,-2.1173657978744695
0.008124708180084199,-0.014750938920537412,0.00754243239907085,-0.0029768048344292765,0.17872931583598559,3.276824915956903,1.982104808206421,-2.082253985165147
0.008107614102537013,-0.014747863717448843,0.0075258505176388196,-0.0029992634809835324,0.1759333291706826,3.2841452397411506,1.962234562853814,-2.092886336854751
0.008179279554571145,-0.014785610416177009,0.007555157228617797,-0.002873977081058601,0.18224928081671188,3.2035649489321183,2.0371930556025397,-2.0221796168481174
0.008165546121674137,-0.014770113942310044,0.007562828211727483,-0.002908082762553142,0.18275216995171706,3.2352113929777073,2.025700955137246,-2.0441477421243515
0.008135645723812361,-0.014762140385595176,0.007538605157658244,-0.0029509414014566577,0.17865094312919752,3.2540706557202914,1.992187672132104,-2.066049295603875
0.008148198606837095,-0.014772677001852391,0.0075376494464784085,-0.00292419227201709,0.17894325956059398,3.2324474914572123,2.0041857102406015,-2.0497734482822776
0.008274639273655389,-0.014806972568205717,0.007633716316580372,-0.002739597010829932,0.1951702838206051,3.144364329635061,2.1422807635306254,-1.9513467274643923
0.008229486483736542,-0.014799387058863604,0.007593181018387846,-0.0028007430694903007,0.18854194866884774,3.1686370435407807,2.091931566843495,-1.9832499400334778
0.008256217925615029,-0.01480511131781853,0.007615336003954302,-0.0027632235312893823,0.19229589293860416,3.1521406706275488,2.12129707860608,-1.9633534312797145
0.008318150561554714,-0.014802190899639205,0.007691555547018537,-0.0026935295464414802,0.2037024121238805,3.1425012367451184,2.195691803965138,-1.9308851865603727
0.0083021067263435,-0.01480526048445627,0.007668147592272211,-0.0027091765212923454,0.20012446001109882,3.1409156286868183,2.1753669933637214,-1.937389330908638
0.0083322528711163,-0.014818653043957861,0.007680454837765188,-0.0026579104940487983,0.2025818619974268,3.1069452166391476,2.204866584268363,-1.9067152634088098
0.008367543674886286,-0.014837779963097722,0.0076881894384118075,-0.0025939355384259465,0.20443461313030803,3.0599337609473003,2.236854350388261,-1.8670679663880185
0.00834961010783579,-0.014836056585028146,0.007671201383525721,-0.0026175496794480398,0.20173432131879737,3.0688885320010066,2.2169717276756695,-1.8798244255631569
0.008380605859252903,-0.014847996890602838,0.007685558098111473,-0.0025668379259365915,0.20431153521620202,3.03646115031303,2.2468286177920933,-1.8493794171199653
0.008288421974255427,-0.014817133207930567,0.007633121116546053,-0.002711733751775827,0.19543270799292847,3.1216696839959153,2.1543002768167097,-1.9338009131952456
0.008401252840383996,-0.014856611111766447,0.007693604544760304,-0.0025322486137634268,0.2057872850690166,3.013282100077823,2.2659891007104953,-1.8282803363408742
0.007932746072901864,-0.014650466052417245,0.007443207127324333,-0.0033084896894803027,0.15769151897733916,3.471999561075241,1.7636788015995604,-2.257750502734133
0.007915468309859074,-0.014655908570699153,0.0074117222426904475,-0.0033180907028413794,0.1530827082729744,3.4588404275193665,1.7418130358779325,-2.2568597728352398
0.007946513913925334,-0.014666396420714012,0.007438610121887629,-0.0032731636270810177,0.15793702187432368,3.4417568260240983,1.779340964342145,-2.2367251549303955
0.007960568158727517,-0.014680820173980993,0.007436347732775386,-0.003239714434518004,0.15845920240346634,3.4145120922629,1.7951597844907556,-2.217166625957297
0.008048877644523876,-0.014707515018160096,0.0075127473238263244,-0.0031135454653039626,0.17186855211441943,3.365468167514116,1.8996926361498423,-2.1583401094997616
0.008062008365505243,-0.014719311887538125,0.007511750640377519,-0.003084413660804463,0.17230139186026408,3.342038566644476,1.9134152464588496,-2.140986823173103
0.007975864761279152,-0.014692139090322272,0.007440057654120982,-0.0032092278317383525,0.15972482798910612,3.393379259924424,1.8125408622743564,-2.200393710630047
0.00799148688617271,-0.014700796876746287,0.007447890714269679,-0.003181922071805596,0.1614713670536835,3.377302219162027,1.8304347024231562,-2.186158379229541
0.008035014206718536,-0.014714880024426422,0.007483659395734253,-0.0031185809417290065,0.16778645131674727,3.35090721824566,1.8812864591192457,-2.155975345309285
0.00802143614951835,-0.014712270667733077,0.0074699631052859315,-0.003136108974446307,0.16550465316705787,3.3558350535376458,1.8651753451436124,-2.163691590138443
0.00800636660947231,-0.01470674311361204,0.007458570745597983,-0.003158881034476258,0.16342603137317482,3.3662518970128095,1.847712916878491,-2.174811187230629
0.008075733877498957,-0.014736501819474702,0.0075030879207990285,-0.0030478623087664904,0.17191123873345762,3.307999023688667,1.9263586854981554,-2.117842512369917
0.007844094393806044,-0.014609576896829925,0.007378791923454696,-0.003450879192788642,0.14495020317437357,3.5385007050769155,1.6545631715748785,-2.324076725820636
0.007826399552335524,-0.014612855010293893,0.00734919685472066,-0.003462743164759661,0.14051098217646987,3.5278399562131466,1.632615547252582,-2.3242372076321405
0.007808587226653627,-0.01461710000845497,0.007318131038583023,-0.0034731168423865265,0.13608215705389892,3.515106937559164,1.6108097631903424,-2.323175021554118
0.00779004584843101,-0.014617764252933027,0.007290991365379059,-0.003488980059252542,0.1317868398204882,3.5091246000852814,1.5881882908393572,-2.3258601566793797
0.007858174018349132,-0.014626906751711528,0.007374086908066968,-0.003413274177850449,0.14532408363255453,3.5068062886212172,1.6720414001324075,-2.3023029174608958
0.00787276248463148,-0.014644148073375957,0.0073699193219396745,-0.003375480422172797,0.1457880645950602,3.4753598255701976,1.6897442465835015,-2.2804462272593216
0.00788742971159864,-0.01464977432595534,0.007382131399445822,-0.0033536909392056073,0.14822738626970372,3.466758213819219,1.7075767492624006,-2.2708253340854645
0.007897689603651599,-0.014662554336610473,0.007377906506074959,-0.0033263093833862047,0.1483500142079011,3.4431355705464974,1.7195887833820025,-2.254604711652632
0.007515374018811211,-0.014454320697805575,0.007092062113095613,-0.003955839068483645,0.08823307646355322,3.7136589259644626,1.2241441873333316,-2.5167198655049323
0.007528765096862268,-0.014468890238866175,0.007095320730389143,-0.003923470742110378,0.09000563063903384,3.6930349791379755,1.244939607743378,-2.5019016400769867
0.007573679889882548,-0.014493341742593802,0.0071345258593774235,-0.0038523415285716964,0.09812345973565202,3.6695237454361673,1.3057946464065293,-2.477110819031814
0.0075592810575425134,-0.014489118481446213,0.007117691003544402,-0.003869694756483717,0.09520614627587302,3.670303278961146,1.2874186403015944,-2.481385049033405
0.0075436737638073835,-0.014481159004419012,0.007103452893019005,-0.0038935633204582472,0.0923137979816089,3.677461239399691,1.2665040184579428,-2.4894358545264463
0.007582780984067486,-0.014505179104657318,0.007133701960577367,-0.0038273424818671855,0.09899831776367184,3.6510394934166612,1.3199342610084832,-2.464470569716269
0.0076116928136547215,-0.014513144003682331,0.007167553309158939,-0.003792804403246704,0.10482388081519615,3.64939285648448,1.3565780705050405,-2.4556594999753902
0.007594650746571635,-0.014515309430403463,0.007139059984063967,-0.003802837935652681,0.10062166002928777,3.6371865740480858,1.3367223797583057,-2.4536095902637243
0.007624994164215014,-0.01452570049757995,0.007171683980696272,-0.0037633633473561482,0.10642377733710895,3.6309659488245214,1.375525389724628,-2.441812219476326
0.007640763952189413,-0.014534288823144323,0.007184354228008033,-0.0037378757062897752,0.1091340177997951,3.621120778128372,1.3963623293500549,-2.4319587791897255
0.007655455929453027,-0.014539483409044604,0.007199594552736358,-0.0037182163450668487,0.11193833432483433,3.617168840044889,1.4151274757820342,-2.425594645554879
0.007665299215526382,-0.014551833643762328,0.007198229465068602,-0.003691832379870369,0.11267759739919463,3.596997911887159,1.4293572123974885,-2.4116808373656915
0.007694896222679076,-0.014562510422239322,0.007227919862510567,-0.0036514966495669217,0.11806589629357411,3.5874616178498258,1.4669159172760404,-2.3978055759261134
0.00767759608576737,-0.014563925595198608,0.00720065693666184,-0.0036638641541045514,0.11394444733196521,3.5782507234067666,1.446244492039256,-2.397821683241413
0.007707403719842312,-0.014581728067414368,0.0072208781301592055,-0.003612870331652817,0.1184624018639443,3.5543786739419505,1.4847818237195989,-2.375965136702671
0.007738592303446295,-0.014598385052884542,0.007243823061387136,-0.003562062442412668,0.12332881514242387,3.5322210139828507,1.524332672386073,-2.3544550919553378
0.007720576913845166,-0.01459751768685556,0.007219061111425652,-0.003578824097771689,0.11926883870087149,3.528221056751838,1.5025226747821578,-2.3576952705483856
0.007752901050449014,-0.014614964429962466,0.00724205720938463,-0.0035258978580457808,0.12410846903434682,3.5043379900391174,1.5430610990703355,-2.334828125674921
0.007772408517223655,-0.01462944756557083,0.007250163988750184,-0.003488214044869579,0.12647224656706846,3.4817310819005978,1.5674973905965766,-2.316449091694619
0.007496366677662295,-0.014460673268496104,0.007054866033244351,-0.003959515154037478,0.08325627147980015,3.6903655252978695,1.2040702366810372,-2.508647801368578
0.007475804100453975,-0.01445963083292671,0.0070240984713196425,-0.00397554637093837,0.07843430684523571,3.6803141520466753,1.1798268876729692,-2.508136273382988
0.007461798715798583,-0.014473582134265948,0.006986123957417422,-0.003963544427897749,0.07403678410155673,3.6457666963196873,1.168891909095292,-2.4922865981882594
0.007268792052200503,-0.014326955965772555,0.006838201891578937,-0.004316336278291837,0.03848219925211329,3.7797019585579714,0.8844212275990421,-2.6087516026625437
0.007247539755206536,-0.014330320181040423,0.006799922049107125,-0.004322231184404014,0.033342367393673876,3.7562083317807384,0.8637760547170137,-2.5997549636587673
0.007346866165845635,-0.014393480949624914,0.006894905287423547,-0.00416362673253731,0.05316728289142882,3.7187312860330373,1.0055817049109983,-2.5589286423993056
0.0073683113098153095,-0.0143978227441574,0.006924497215625728,-0.004143586610867803,0.058054261880680115,3.7260170283776355,1.0314524959675067,-2.558374833548783
0.007281729916196442,-0.014344837558944265,0.00684100430783281,-0.00427995388902784,0.040587090271182014,3.7578177932571926,0.9087326488878446,-2.594055923273572
0.007296860606088304,-0.014360623433639282,0.006849224437346083,-0.004245802920376008,0.043359897863180424,3.7411464513753816,0.9338625589256387,-2.581761525071364
0.007329828074024067,-0.014384145791285432,0.006877603331967997,-0.004188763440068084,0.04982475777664022,3.7233533555129434,0.982171722289101,-2.5650945546600847
0.007313172676116092,-0.014373542240114716,0.006862045366424066,-0.004215572086814493,0.04650897266265249,3.730204666774007,0.9584921567551117,-2.572355553475203
0.007328717608691793,-0.014408081267658546,0.006850299499197674,-0.0041511773724558524,0.0481291190016778,3.679127460455851,0.9929108469729764,-2.5406198180725448
0.00738130767034216,-0.014417329419917508,0.00692373041598118,-0.004104437439249786,0.059661552101027825,3.6990048379436637,1.055049528518765,-2.540482494818674
0.007398332047213722,-0.014436623585888738,0.006929188893672563,-0.004063188743120013,0.06227823682228623,3.674774985576707,1.0826127233168032,-2.5231750800856036
0.007416453545768544,-0.01445577399441926,0.006936080342533876,-0.004021503079537179,0.0650229898240655,3.651187778192344,1.1108335790484125,-2.5058982233839138
0.00743870089178534,-0.014472861421713347,0.0069512351889094845,-0.003980278666753627,0.06881948808059524,3.6334372452866073,1.1424326458248542,-2.490863071021941
0.0071562123365523185,-0.014265624014332406,0.006711615764751126,-0.004474601455673957,0.01414631426491086,3.790248080940844,0.7275168317364191,-2.6348622544261477
0.007142202478703819,-0.014260909465192038,0.006692571214729512,-0.004488877412775947,0.010876523046417244,3.7854215910087503,0.7101542824031832,-2.634482918434543
0.007131758296918239,-0.014250443531529372,0.006684717080929872,-0.0045110754971684165,0.008819781951898949,3.793596901977557,0.6923307351874457,-2.640692115691882
0.007100041444744482,-0.014239217535757244,0.006641607016556202,-0.004543603613347047,0.0016215306438465916,3.782460799348408,0.6530038968209562,-2.639464622795011
0.007116665064164625,-0.014246431085640797,0.0066630395400998675,-0.0045244087397844,0.00534080820022477,3.7861544924923627,0.6745113803690814,-2.638957333072282
0.007164777609011673,-0.014278811541288256,0.0067134997900193906,-0.004448624521833419,0.01573242531906249,3.775153210070377,0.7452484901260973,-2.625062222746845
0.007179987877325451,-0.014293194409694497,0.006725086151739863,-0.004417534844099962,0.018813686945776533,3.763812255856554,0.7702884359435468,-2.616173092332501
0.007199533123495663,-0.014305827990518168,0.00674522328983915,-0.004387115814616208,0.022995723134211287,3.7588703181629,0.7985079057446408,-2.6100192074677886
0.007225579320164615,-0.014319566148060257,0.006774632161656512,-0.004351348403009189,0.028560409063941007,3.7569622076501465,0.8341465919390315,-2.604280294116146
0.007234541940669498,-0.014342476750863807,0.006766515066503702,-0.004309231142843096,0.029752568357333902,3.724092085765869,0.8573223363128399,-2.5842739210638497
0.010357886043210215,-0.015110691768841736,0.008069470419574723,5.651464797047523E-4,0.2388524621501776,0.6808220919284514,3.2207602919551093,0.442464323815516
0.010377719253538321,-0.015117932063990475,0.008050612047502882,5.94227528581258E-4,0.23640630319961817,0.6505200142667089,3.210081168339301,0.4648549743318818
0.010339692675267928,-0.01512396804339169,0.008048299277947271,5.336484924690744E-4,0.23657530563544227,0.69706551428681,3.2047541309503926,0.4159867165700048
0.010400281022914544,-0.015123170495436655,0.008034651119212517,6.278258102952338E-4,0.23433449579364327,0.6179542795260762,3.201469010765186,0.491025466655254
0.010427032732766902,-0.015128814153066628,0.008016442498056246,6.675237102950769E-4,0.23191339894177426,0.579874418293476,3.191536856620016,0.521968359604418
0.010447320703720057,-0.015145184503454607,0.007979515973822862,6.938034624138741E-4,0.22754884953261634,0.5452645892656983,3.1684737812033137,0.5409322189979584
0.010469948232436401,-0.015147149499163882,0.00796890676818795,7.276354365799263E-4,0.22614158534673914,0.5149743108943987,3.1629965959252004,0.5675526186377801
0.01049292873292151,-0.015147372460730163,0.007961142402756416,7.624311013007173E-4,0.22515812890632061,0.4851927914672632,3.1593155105668465,0.5950521435049569
0.010541819065777266,-0.015159882372625073,0.00792106955018876,8.317843094302644E-4,0.22039188759504635,0.4168306936535191,3.135327077754761,0.6483886179359689
0.010515300816348902,-0.015160770853607747,0.007928632848313022,7.91714023593011E-4,0.2214064496565582,0.4503687444619043,3.1389779956056736,0.6166549642258595
0.010117299481350525,-0.0151394889091606,0.008052615429152636,1.8396964790924644E-4,0.2399055150238883,0.9758677045838623,3.1784251597469084,0.13656090491369402
0.01013409750361997,-0.015156722452376132,0.008018089503247517,2.0872514234238467E-4,0.23555270732704411,0.9418773213888219,3.15852418240879,0.15491001042780794
0.01028872754281652,-0.015131261460391213,0.008045127377088457,4.5279867575899994E-4,0.2368334076998664,0.7594320743770978,3.197093726600045,0.35091331998906883
0.010271908202063095,-0.015151509016397287,0.008009549659402324,4.229143998316784E-4,0.23277894642419175,0.7687981528928521,3.171606836322366,0.3252088085359714
0.010249511182111495,-0.01514688183601348,0.008022281014520074,3.8905677811455595E-4,0.23458171577640113,0.8005427004892247,3.177267494552708,0.2987793288323415
0.010155747571815754,-0.015158414709051483,0.008012790439300541,2.4213838348074762E-4,0.23465087974624108,0.9130868829899653,3.1583125544727406,0.1812844746904865
0.010226209225180161,-0.015152719260164038,0.008014809036583151,3.520309672290207E-4,0.2340070287357092,0.8267988899622002,3.1693727865174774,0.26886457219084975
0.010180149702615245,-0.015159380026693335,0.00800825307695824,2.7982664120088145E-4,0.233751047286585,0.8812911164137581,3.1588554949938765,0.21110313151552992
0.010203425755625438,-0.0151567036351725,0.008010432063641264,3.161888349257325E-4,0.23373519144211374,0.8533792412862046,3.1634809836825935,0.24011228062957782
0.010314685920570384,-0.015134515793328751,0.008033618777083406,4.924749268355055E-4,0.23508969667187632,0.7235667817909751,3.1923646698228323,0.38216421112592774
0.010051862423045552,-0.015124596277235449,0.008085063022690324,8.198975896796114E-5,0.24490575125091185,1.071313127824171,3.1885139465503936,0.056674778793801096
0.010031976834796872,-0.015129212983667366,0.00807662064585271,5.053127831046498E-5,0.24409806942054588,1.0929989612125703,3.1794192535538794,0.031477983928449776
0.010010076582083102,-0.015128459770361315,0.008078333885589027,1.6058606565257712E-5,0.24469745177479982,1.1214749944841442,3.1764311125476667,0.004251085355911737
0.009971853587692852,-0.015142666404812023,0.008050463951097785,-4.381135096177159E-5,0.24191549500143036,1.157821361138028,3.1510480562149685,-0.043845433949884986
0.009996234865076836,-0.015149627486376056,0.00803737508355108,-5.619825031788959E-6,0.2398460755490908,1.1214891028530916,3.1473715751322398,-0.01409915497074045
0.010071954980680349,-0.015137417837035502,0.008059421105902338,1.1307441759819098E-4,0.24139759601932578,1.035493802963259,3.175347091786435,0.08046353384867995
0.010092687521595534,-0.015155955266512073,0.008022609883592926,1.4445779943777004E-4,0.23672651788315638,0.9949910369539997,3.1548970677342276,0.10407682577288542
0.00981371137389188,-0.015135084633138486,0.008052984855285389,-2.918504442507753E-4,0.24473276968916854,1.3599047750552025,3.117921216036997,-0.23827513001648826
0.009835965189150416,-0.015141654813184031,0.008043035817235325,-2.5629419033700403E-4,0.24300657002134304,1.326639824906264,3.116967593708161,-0.21071833827246597
0.00985377648250933,-0.015138397911859064,0.008051282401347441,-2.288206362442039E-4,0.24392872131442273,1.3079083076817017,3.1262767962637135,-0.18909281976790304
0.009875311679722163,-0.015140320476521522,0.008049633910597766,-1.9497480023032988E-4,0.243296038459802,1.2796933311454894,3.1301276757931524,-0.16262970244734928
0.009900725015685775,-0.01514887894392418,0.008035145156224445,-1.5462015458622802E-4,0.24109641594555176,1.24075195876137,3.126529241313111,-0.13134621729125373
0.009928493712915973,-0.015151279610529545,0.00803223175061356,-1.1120068484801389E-4,0.2402824874198413,1.2044448158016163,3.1305732682407377,-0.09739128673660542
0.009953385102888866,-0.015160304606995668,0.0080159555479482,-7.20902913315853E-5,0.2378635643443028,1.1660284789910202,3.1252730314903228,-0.06713675220992622
0.00974864504572249,-0.015134079586936076,0.008044948535221101,-3.9353556986944285E-4,0.24480079698196722,1.4392315241279474,3.096586713392593,-0.3175005988622051
0.009793509109740237,-0.015150068477698248,0.008021304954894982,-3.212354340691868E-4,0.2411138615812977,1.3698692084923663,3.0931627097139907,-0.2616702577819372
0.009768501493216852,-0.015158296757888157,0.008001701588664083,-3.586799946034089E-4,0.2389457218359163,1.39170546493851,3.074799621135081,-0.2909965408988829
0.009444174218767058,-0.015093876606737127,0.008036797091239027,-8.766040131387537E-4,0.24871548784169387,1.8325654466027752,2.998524807290442,-0.6875794687811431
0.009465332160203099,-0.015101656630326175,0.008029897156366312,-8.411893237791304E-4,0.24753421972700848,1.7999980822144057,3.0019022265127897,-0.6607012160815389
0.009598882866115016,-0.015116519250366773,0.008044768447300241,-6.303394252292867E-4,0.24733785957276644,1.6331305782045986,3.0541986209023797,-0.5001160338939005
0.009575050419915763,-0.015114962538206612,0.008040917078768474,-6.676824964264873E-4,0.2471942096016663,1.6620677158927732,3.044518342562664,-0.5287058326916142
0.009508057838473069,-0.015100698228518653,0.008046996900665628,-7.757683411488491E-4,0.24916176317880537,1.754049681183597,3.0265378269076493,-0.6111974076758003
0.00948652519101992,-0.015105971297629243,0.008029336609704783,-8.070889822719757E-4,0.24703576066092878,1.7715915219268956,3.0088459871169992,-0.6348601379461584
0.009551675646391658,-0.015110345216249781,0.00804270861539823,-7.052303735802903E-4,0.24789683873933296,1.6938490431700255,3.038231316152891,-0.557421029248979
0.009527350654606106,-0.015111028336806727,0.008033603372189753,-7.425561387575516E-4,0.24693803724972455,1.7203444713972258,3.0249615137699126,-0.5858033933395702
0.009619929655503866,-0.015125166722386727,0.008033828144782882,-5.953993805328021E-4,0.24550265411754404,1.5994229383502854,3.0539114131567406,-0.4733387951052566
0.00964209371080105,-0.01512527037132146,0.008039321215863858,-5.610478424319063E-4,0.24583593429767223,1.573791858858151,3.0637598671772976,-0.4469783050382335
0.00972145887109307,-0.01514660664324397,0.00801581138917782,-4.334182879870486E-4,0.24153786565058075,1.458816819873473,3.0714038291688026,-0.34872453954913823
0.009690722352894903,-0.015154912922274662,0.007993643040626407,-4.7912096991233836E-4,0.23910921252964615,1.4862533049047324,3.049510762119151,-0.38422007980881195
0.009656964357716489,-0.015145984950770278,0.00800313626064328,-5.330453430985722E-4,0.24094845969381873,1.534479995632161,3.0459753417205313,-0.42561563898438604
0.009355716649976085,-0.0150762419004638,0.008033615097595181,-0.0010193095022921327,0.24965393654830234,1.9492706143421825,2.963940596249932,-0.7949503299394833
0.009375370884298788,-0.015082034192789792,0.00803122435859303,-9.867677528828198E-4,0.24909681653786925,1.9211446715004616,2.970064289728898,-0.7705148039694245
0.009387566741325853,-0.015096736894642485,0.008008385411129615,-9.618833401942372E-4,0.24587184592560865,1.8894328860928116,2.961501103184263,-0.751368608379405
0.009401215446431887,-0.015110388819653885,0.00798810989448706,-9.354801799063402E-4,0.2429182928385663,1.857960886887134,2.954852984066548,-0.7311949550019338
0.009423279031348132,-0.015110839152356913,0.00799618389700185,-9.018478356848321E-4,0.2437552246396835,1.8340414537084677,2.9674427162759645,-0.7060508123082735
0.016307164904667864,-0.010170476979295226,1.7460614211870545E-4,0.006173587608063438,0.13905446625320572,-0.11122386235314947,-2.055812202064118,0.5884419015969389
0.01625870682326555,-0.010319794824678818,3.2289390431432404E-4,0.006226161620471634,0.14394149133658551,-0.21741595025958724,-2.0652590599487355,0.7081085584794128
0.016295011728975427,-0.010462067111605773,4.5495781716390916E-4,0.006157722083463906,0.13994307606128706,-0.309515607679848,-2.0119879383350305,0.7856306914017347
0.016270758039454675,-0.010626547853354533,6.154931703381679E-4,0.006157306993882047,0.14324955081885013,-0.4199556083377215,-1.9868569306473787,0.9003413568297906
0.01631799726630829,-0.010792914223585241,7.573395052535088E-4,0.006053158758647874,0.13919019730115623,-0.512861821532218,-1.910565595182112,0.9748664353230666
0.016259026430525736,-0.010925444962009957,8.958119474407099E-4,0.006087821002184273,0.14338694807744248,-0.606953934495448,-1.8999928086351885,1.081844363512351
0.016470671338502035,-0.010114164368313572,1.1505552209816365E-4,0.005962115713531252,0.12841833935561334,-0.06817473761021987,-1.955555969298686,0.49638046607496605
0.016630017293749775,-0.0099887567242133,3.962496547451821E-6,0.005763500064768599,0.11769008012957881,0.010868548001275416,-1.8681830306905864,0.37530346297917955
0.016771628982680344,-0.009772009816208932,-1.680528587152015E-4,0.005583065493800616,0.11035112480093932,0.13112936974422476,-1.7915509042878617,0.22198211163705844
0.0226135317086771,0.0023310059083928437,-2.3664384775674407E-4,-4.5768448075079413E-4,-0.27818308652745966,0.35144856364285676,0.16809329197232656,-0.33574914399016537
0.02036016134460784,0.001213524989401571,-8.702400240165096E-4,-4.354014754597533E-4,-0.14099361735676766,0.6622604663708808,0.08866226580020538,-0.6167030684250241
0.021495481376396043,0.0017008250301979607,-5.045257331363941E-4,-4.745350158148971E-4,-0.2103304925164768,0.5086550570511233,0.12284649798762726,-0.4805899382865723
0.01930244597080747,-1.6629151222191297E-4,-0.001294446103277025,7.145373268711886E-5,-0.08121214048658888,0.8001848341080047,-0.011961950180451939,-0.7356245219307942
0.020040071352421647,3.23599111614988E-4,-9.949857486201423E-4,-1.2328798816449446E-4,-0.12481172921587742,0.7063471694314475,0.023519835406040947,-0.6556137634114796
0.018431904440923297,-0.0015635802134419956,-0.0016796583530208282,7.586971492433407E-4,-0.026768927199789076,0.910712172247777,-0.110717625426732,-0.8269454604568222
0.01943344192059495,-0.0010282145785693061,-0.0012331975923745942,4.329513084552871E-4,-0.0864470941288179,0.7827976071035138,-0.07498702593452873,-0.72053849353905
0.018017720311431104,-0.003869736955009609,-0.0017929603556156065,0.0019977194104014414,0.020218476092950285,0.9847152888906979,-0.33059373753076504,-0.8774877314816194
0.018709702030200486,-0.002621860823609392,-0.0015180349300607796,0.001227650365416664,-0.033083995450116165,0.8756365646670152,-0.2014096856835728,-0.7951574505047364
0.01832904430883633,-0.0033946505250131384,-0.0016653091513459176,0.0016776301499448925,-0.00292071800362306,0.9317870276008594,-0.2766038846629888,-0.8375947910383575
0.01800280980472196,-0.004434984675950898,-0.0017509188786885587,0.002299472028210949,0.02734414018192801,0.9851349957931362,-0.4078719984249718,-0.8727638985871192
0.017538467315918977,-0.006067523922578484,-0.001743340804193059,0.0033806794453316645,0.06803208970152212,1.0414618189889104,-0.7290327494266114,-0.882130523714408
0.018137339724282858,-0.005162493783483069,-0.001592622375992539,0.002626919291550923,0.027755149250311112,0.9406277990328816,-0.5175289536441411,-0.82607829512248
0.0178471857374507,-0.005694507627680232,-0.0016543200629708843,0.003026279614796814,0.0485662463638449,0.9828718710382994,-0.6274560006919501,-0.8479066816116937
0.01767341782593412,-0.006489805681989489,-0.0015644870835158193,0.0035338686986738682,0.06244324216324983,0.9654742327561044,-0.8136104073021847,-0.8069961507526128
0.01779298214541471,-0.006923449969877831,-0.001379194582015293,0.003677172765504211,0.058628397093879105,0.8774130148592235,-0.8956398080330673,-0.7191013948928893
0.016974922852587837,-0.008201480803547104,-0.0012142739487247015,0.004915717613434013,0.0989224148343666,0.8278149436835117,-1.435773219770957,-0.549665934463778
0.01702859391371284,-0.00854050004350435,-9.890795224226654E-4,0.005004814615102247,0.09628366531893179,0.6853763345542382,-1.5004780262540136,-0.4056256448664426
0.01704408503560489,-0.008839780110741328,-7.933736709979596E-4,0.0050922572250696714,0.0951205467682913,0.5572305108127519,-1.5550602583039586,-0.27273003855456235
0.017034530529121537,-0.009112506465730467,-6.139443039297902E-4,0.005178167898673387,0.09555196961829342,0.4359693377993458,-1.6034383913026737,-0.1444040408414615
0.017029820030992102,-0.009400671395037398,-4.1470821258652164E-4,0.005243549888781228,0.09733111544652685,0.30083549540095417,-1.6375527082208305,-0.0036406102709399158
0.017025162314609415,-0.009670376613796388,-2.2219067980330567E-4,0.005285389674584264,0.09728648223573198,0.1690518613836638,-1.654363007899206,0.1317324389861836
0.017317917546672473,-0.008114758833948446,-0.0011134525421972608,0.004568597396393529,0.08254623181470576,0.751528465641937,-1.292417970197244,-0.5229657446451953
0.017499430682560373,-0.0075324139712218486,-0.0012999189799065018,0.004166207665660137,0.07404519813023991,0.8505521524128986,-1.0983528514996757,-0.6558234785439324
0.017400929114671858,-0.007831126816500547,-0.0012149721722030757,0.004378135893654365,0.07808800011062748,0.8066487111106607,-1.1974280168537161,-0.5956102580196685
0.017547957103092322,-0.008060607783215091,-0.0010480565520307181,0.004352924782581962,0.07306035407619725,0.7055519326108384,-1.208340631232459,-0.5041450253490707
0.017857050447461283,-0.0072961734517773946,-0.001228103933239563,0.003804608257794101,0.05691592701099018,0.7990605115538035,-0.9663100610886294,-0.6398670185676805
0.01790119911943899,-0.0076052063131852345,-0.0010991445482322537,0.0039025605275558976,0.056354318997572594,0.7261561804333954,-1.0222504013394795,-0.5656567571055977
0.023799964777080976,0.0015372081380086197,-6.341903398993542E-5,-1.6074339567624129E-4,-0.3814702271314319,0.1895239581227832,0.11641345341381308,-0.1848985197075819
0.025,7.36559687364401E-4,0,0,-0.49488934838377246,0.0018980989750430031,0.06155939577289421,-0.0022628837769978725
0.0153875030690033,-0.012112744871166918,0.0025181899465480106,0.006442814681458327,0.2001875934821635,-1.6259276695871134,-1.5752899873788773,2.3223636507013623
0.01545727308010734,-0.012047269687489218,0.0023996114286907494,0.0064197731118789386,0.19415985419096765,-1.5574175231953447,-1.6108001420264582,2.233142035828122
0.015622054748813678,-0.011701583787023111,0.0019597891969864883,0.006501110761115154,0.18974683895830083,-1.3080353267215719,-1.8135815230266574,1.9606998298924039
0.01556851356638636,-0.01178951422270394,0.002081207262759726,0.006501795779143356,0.19327675396003102,-1.3814428507095011,-1.771291755912084,2.045481541540358
0.015549789125455998,-0.011897273004800086,0.0021920107652070486,0.006437203215653344,0.18992050317878165,-1.440588330241264,-1.6983356857592524,2.0975998993122555
0.015554846525427886,-0.012025114052487643,0.0022945975041362495,0.006322150756259491,0.18623307918798696,-1.4862171913516793,-1.602943016661469,2.1233815443639954
0.016259843058804273,-0.011133817143684424,0.0010807536417172024,0.006009145194981707,0.14163483633498772,-0.7251975050317537,-1.8217591433874676,1.1905660225934225
0.01603320406237055,-0.011358730233234065,0.001385046518480557,0.006190236059692551,0.15691585890032614,-0.929902272651914,-1.8338088433710202,1.4544128806505012
0.0161509900843971,-0.011269879126903802,0.0012474833886213963,0.00608567102190545,0.1484528384912239,-0.8368210874058571,-1.818574860231707,1.3280412772070962
0.01574701622567211,-0.011672963636315536,0.0018424602028778694,0.0063616877739955,0.1761083770294649,-1.2272376808168237,-1.7814893821800581,1.8290494150038568
0.015890144904102118,-0.011567128644769565,0.001653124293770843,0.006251050713522019,0.16603524522375476,-1.1018492980329333,-1.786924691302685,1.6602184433956713
0.016046163289260583,-0.011516636571892211,0.0015157782095554099,0.006087151034004901,0.15369906907123354,-1.004621694062678,-1.7473805856438318,1.5140477656306357
0.01507895352578009,-0.012538446537742607,0.003161552185010507,0.0063394512773428625,0.21024549501892653,-1.9461426811504012,-1.241937466853815,2.7030368830678593
0.015131027708600631,-0.01248313534146837,0.003064750808608785,0.006347698027531987,0.2065281190001244,-1.8999511113432246,-1.290850503489857,2.6442312562453507
0.015217858921016354,-0.012452253641119857,0.002947065246257905,0.006288751938901481,0.2000297901235832,-1.8312850608329538,-1.3156707418734868,2.5411446647007483
0.015312710320704716,-0.01243132823837555,0.002831696096437635,0.006208979151652341,0.19158232097327776,-1.7594926805815312,-1.3288621954143989,2.433021787869828
0.015387466527948767,-0.01223354702147504,0.002613370202233713,0.006326059219741594,0.19378590510189686,-1.662918638086268,-1.478164824691555,2.33824320155948
0.015374095427903803,-0.012348811553873488,0.002711509423598306,0.006226702351274652,0.18929299992851037,-1.6997801730215178,-1.3893475072251495,2.3623019945495467
0.015046325292341133,-0.012670862736171799,0.0032830131534725727,0.0062166493938558,0.20385016240788542,-1.9822373049999775,-1.1242476821631737,2.7232675754285816
0.0150939721509633,-0.012613761338565014,0.0031922933169562665,0.0062361716876840004,0.20186382500560313,-1.9431397039471296,-1.176819697807687,2.6752217792266437
0.015054471839158357,-0.012754929510283067,0.003321392173723288,0.006108630373920656,0.19633303420705858,-1.9801077939215788,-1.0537354953901372,2.6974405182591963
0.01494482546738876,-0.012901643349292705,0.0035310598965897495,0.00602984743795082,0.19631130821889212,-2.0575705962807014,-0.912155442722064,2.787790390041423
0.015019916661557853,-0.01284408161597579,0.0034102620564352626,0.006033537243358462,0.19297432208224977,-2.005730127031622,-0.9745820377187009,2.717299436691025
0.014129007544021702,-0.013622260481950074,0.004869083810062251,0.005551758126047995,0.20246601804769643,-2.398987979818346,0.06637263769670337,3.2705279149608772
0.014104119736553025,-0.013668818076101659,0.004906323674588618,0.005489805165407313,0.19860699034550533,-2.3883133809342243,0.11599711907129222,3.251783364599065
0.014834778016803149,-0.013036460700724312,0.0037312448388549563,0.005951474398572748,0.19645908384706862,-2.124800726031436,-0.7717715664780875,2.8687318163524007
0.014905307723111036,-0.013041043386214679,0.0036428379386719027,0.005888294618708906,0.18906845646541545,-2.0746937168116735,-0.7887146031467763,2.786483389592875
0.014965246489574945,-0.013002140676844557,0.0035515048498177726,0.005887570776123022,0.18617656030382432,-2.036531318177795,-0.8354637960788803,2.733110584695685
0.014174566688051091,-0.013605019147093764,0.004799102967556545,0.0055591315578374665,0.20002632546717614,-2.3826140502004267,0.0191576815099527,3.2396696355316927
0.01422031860927204,-0.013585210817926833,0.004729137187358835,0.005569093137025329,0.1981324888938214,-2.366499316246649,-0.028547901131271262,3.2101151457775003
0.014286354084680965,-0.013562580032290312,0.004629068547033078,0.005572354417266235,0.19546789046346832,-2.3386510242028495,-0.09166077710840155,3.1605575645567745
0.014341207478846244,-0.013495945012300122,0.004542088345082661,0.005643559738122918,0.1978807012326704,-2.334209253303456,-0.17515061151088634,3.1557870501021874
0.014422573926046022,-0.01345921740080479,0.004418505492897635,0.00565327941984765,0.19435243083761936,-2.2987919947340814,-0.2528877433998425,3.096520637374228
0.014496145025419896,-0.013418383711938505,0.004306547036027415,0.0056695429090390945,0.1917625943361612,-2.2670436391797524,-0.3254340454751294,3.0457589028048453
0.014602096075003443,-0.013286509460860326,0.004128676069046354,0.005788000320408767,0.19540879310952583,-2.237548468246772,-0.4800449348020018,3.0121016879790474
0.014568930258414865,-0.013366350830563825,0.004193937990819708,0.0056984111440852294,0.19023718747057186,-2.2368692701645823,-0.40299496643945426,3.0005824260000273
0.014764856027606691,-0.013132069591296713,0.003859645098161121,0.00588109968738786,0.19478878066689542,-2.1598325364643243,-0.6708104689596578,2.9082530215828917
0.014812921818941126,-0.013106717391901848,0.0037872503142909477,0.0058774103007082955,0.19163782912709387,-2.130395578174128,-0.7081497275359158,2.8649450848742113
0.01472303528039419,-0.013194322277035615,0.0039366765705245955,0.005829177355931225,0.1924839150229715,-2.176987022416282,-0.6054055572503921,2.925605683584102
0.014688425739804197,-0.013276953275722413,0.0040080363524817725,0.0057425962703621415,0.188568724187276,-2.182087587398182,-0.5270234735680236,2.921782103003945
0.013415023477491855,-0.014204533700826477,0.005838834497592018,0.004740941042277305,0.18368853462208803,-2.2669211371297213,1.0250058896057617,3.1834980083740145
0.013412201204088344,-0.01425945820117927,0.005813555100591206,0.004655315924724768,0.17677733887944289,-2.2272909220941792,1.0373426754250301,3.116070005361966
0.013363580305074025,-0.014274087875732831,0.005880262459399755,0.004625761141163185,0.1780454131984315,-2.220183687226933,1.0936144430225754,3.120909049662348
0.013297137694425948,-0.014328480944729131,0.005949766343972929,0.004530066731335491,0.1753201718042756,-2.182631646750558,1.1743691098651527,3.0809079836363957
0.013350672579614583,-0.014321449096438971,0.005872400033148835,0.004551032611339863,0.17281472471175283,-2.186474756448067,1.113727690108677,3.067537034823095
0.013458721585720944,-0.014178222341542562,0.005783986962084286,0.004786500195117394,0.18397104459351474,-2.2809823817466626,0.9709028021582057,3.1930027929591276
0.013491576687375302,-0.014139115085979015,0.005751402843162458,0.0048503831618898555,0.18693880287891715,-2.3044702164336646,0.925824120560718,3.2229046702323907
0.013551924233972489,-0.014138144358566503,0.005657091610508266,0.004854364025155233,0.1828833663899601,-2.294871188232412,0.859343167395205,3.187976150248969
0.01363381557310541,-0.014126855673209593,0.005534853631256356,0.004872236837512139,0.17873104529027298,-2.2861141084370296,0.7699634529538619,3.15073926327001
0.013604198008155837,-0.014147309159034664,0.005572073844345782,0.004840886494382954,0.17825444500938484,-2.278464036109565,0.806482763831134,3.14543483874083
0.013905823393949617,-0.013845278024319374,0.0051945878061517145,0.005276512467691912,0.19360450228555592,-2.3814477346657412,0.38874671604833916,3.2596684012990074
0.013939003266069989,-0.013814095201536265,0.005148143244395508,0.005317037982667743,0.19496097496259654,-2.3862195942608717,0.34212710523757295,3.263400488490427
0.013978812587256603,-0.013782031975777733,0.005090776087143528,0.005356165221216871,0.19510031605674782,-2.3872747713860503,0.28902933054235097,3.2603958756516107
0.014004394483518123,-0.013746219700304475,0.00505518747806116,0.005404301041930886,0.19852085340642123,-2.395867399489101,0.24647513367540755,3.2730525018731584
0.014038579847011474,-0.013729269578370085,0.005003760716393978,0.0054196048501246605,0.19665686749750103,-2.388986659990328,0.20697766855211902,3.257663322589207
0.014090194655465488,-0.013730710241904118,0.004924247248550093,0.005400016419817033,0.1926353474393694,-2.3628751100537557,0.1646309646735067,3.2067906166536706
0.013729029046231665,-0.013996170561151773,0.0054338185081632025,0.005069819608567973,0.187872665667285,-2.348864500363859,0.62807766601129,3.2356209588545712
0.01375452902359755,-0.013963608378661705,0.00540364857099294,0.005118095702333604,0.19068332887638434,-2.3623220665972933,0.5894038308688261,3.253435659682107
0.013789585639489052,-0.013941204855410266,0.005354882254790119,0.005148434013235561,0.19040289115207185,-2.3652909081219207,0.5449853380490378,3.251407346627052
0.013842308616856104,-0.01392598030307076,0.005276339604039133,0.00516366875474993,0.1886009381972308,-2.3563472991940526,0.4870961348780392,3.2259803899458426
0.01389360818222822,-0.013897791975737659,0.005203155833224435,0.005197508369412248,0.18804069078392235,-2.3544783178125948,0.42565733174939646,3.2142291288100426
0.013688019239307124,-0.014069488883482355,0.005472904466282311,0.004958856203067442,0.18219193232895725,-2.311582166760788,0.6960348502749082,3.180963824121852
0.013677380597664723,-0.014125166528426984,0.0054686630973763495,0.004873734276832927,0.1762233360061015,-2.277232897483222,0.7251497199775869,3.124717161153575
0.013738988632521279,-0.014046417672253527,0.005402074321966265,0.004990720803663469,0.18143802690898367,-2.3128116836776162,0.6366824423709239,3.1715311927387777
0.012977262341014185,-0.014478573825125962,0.00632611804884477,0.004203433158289812,0.1756182554774441,-2.040723897955944,1.543365279084102,2.9782031480443503
0.01301762632440987,-0.014469335461863691,0.006273214810428522,0.004233435806025047,0.17430563352116166,-2.05527686645623,1.496731446308792,2.982985737941755
0.013059577420703926,-0.014465074171185971,0.006213824203154329,0.0042555848382796685,0.17236460338904527,-2.0653440120862854,1.4479653656538785,2.9797538398820858
0.01265088325780726,-0.014565849363715319,0.006728952761574618,0.0039054254541779367,0.18394332518417997,-1.8728848054946952,1.9181625729626164,2.8778150276443344
0.012575752488757757,-0.0146200108679643,0.006780441159589134,0.0037787580684983803,0.1810148812665848,-1.800271719167448,1.9885480698732678,2.796344206657739
0.012611689681890612,-0.014609591964977457,0.006740158816979078,0.003817277955318534,0.1802050910108494,-1.824502205364613,1.9493968641521453,2.8146932397784443
0.012639879668687596,-0.0145974819167321,0.006712288296879673,0.003852655959177485,0.18020951859777706,-1.845646981467068,1.9200299420922249,2.8337240163005726
0.012759130655245608,-0.01451052859134619,0.006624057815929049,0.004050625431711274,0.18466774969492492,-1.9559099133146454,1.8023175557743387,2.9565416203192645
0.012721160916515853,-0.014525795736481323,0.00666576376557796,0.0040065038569607235,0.18517052729316846,-1.930657971039919,1.8448552881032543,2.935784143479893
0.012685327891747679,-0.014552221212837805,0.006692375717554363,0.003946405584834201,0.18355338541580268,-1.897217702192192,1.8805320096561025,2.898414328564876
0.01297246852645046,-0.014524955184370579,0.006294800766194813,0.004132637409838997,0.169860218725691,-2.005746876225368,1.5424493922291307,2.918117853816423
0.012798040703900435,-0.01453135743309566,0.006546436151234321,0.004040634924416176,0.17963010682424208,-1.9540668195633963,1.748695827240636,2.9265819083086195
0.012845114069610919,-0.014528481101778503,0.006479472817996687,0.004069000861086047,0.17705843098270926,-1.9709164080297963,1.6924741955973521,2.9277388208963226
0.01289143016196285,-0.014521591658544726,0.0064171663000284086,0.00410157382105238,0.17510404682184724,-1.9889239127592346,1.6384279253315737,2.9328169807682234
0.01293672193617292,-0.014536734315971165,0.006337358375562589,0.004099913018790656,0.170663462711928,-1.989186755524539,1.582260493506459,2.9076398547254407
0.012263125826552675,-0.014780766426249245,0.007019523401261155,0.0033213871840411624,0.17770931659676295,-1.5137425013598103,2.2694169980550196,2.505038778200648
0.012295071145984104,-0.014766732947925132,0.0069953475032424935,0.0033665858334256385,0.17793953543941088,-1.5434829053905208,2.242193188263948,2.5344103797457675
0.0123301466969138,-0.014770103968113929,0.0069453046798578786,0.00339102238447233,0.175355269824895,-1.5644018744617378,2.2007914810839178,2.542131288753442
0.012344885617965451,-0.01473061952633604,0.006973464877104576,0.003455207788340998,0.17976729641780165,-1.5977960548827694,2.2066192309293693,2.597491499415941
0.01238943783440181,-0.014720814179186463,0.0069253542020522455,0.0035037278078865917,0.178365180073101,-1.6316426543976568,2.1606635777141148,2.6235123431208263
0.012429428372707399,-0.014695382653709683,0.006900771530846434,0.0035690229947513397,0.17938401550327776,-1.6716847421953325,2.1274599060292263,2.6675619473270302
0.012460174873983175,-0.014677394799703765,0.006879161855117308,0.003616782418214505,0.18047243720598646,-1.7009377188551376,2.1004079645157203,2.6986304872029074
0.012493764791492862,-0.014678723219672481,0.0068311857507514255,0.003639423002859666,0.17786994703007108,-1.7186180005063425,2.060169746500534,2.7040718716807706
0.01253113355391651,-0.014671759847128353,0.006787065401457375,0.0036754782704944314,0.17668856052288898,-1.7428541897930534,2.019468893197749,2.720254530857593
0.012570383012200316,-0.014664119598584218,0.006740647223856799,0.0037129124718051384,0.17540059486409978,-1.7675231367115154,1.976583898753874,2.7365527740211033
0.013171241135683825,-0.014391233837150517,0.00610012053624853,0.0044032643113304576,0.1751917594483112,-2.132440127518571,1.3212189968282877,3.045715808386531
0.013225602026732994,-0.014384938290642149,0.006022036326144706,0.004427622026070764,0.1726577374594986,-2.140215664976504,1.258623760123309,3.0359942996250626
0.013283592402096612,-0.01438007600241549,0.005937759491436516,0.004448908189291604,0.16983149527583216,-2.1451961509365804,1.193144083086364,3.0215182679203547
0.013158806707534335,-0.014445354304252667,0.006080373434362497,0.004318129156714417,0.16899384125226605,-2.0917768712366507,1.33456141861815,2.9801059532217042
0.013109030357102223,-0.014470083785791342,0.006136348040470551,0.004265412115562373,0.16900352145093867,-2.0684038660297515,1.3904180185081425,2.9615583772956993
0.013151064925363859,-0.014486784787854569,0.006061959399297925,0.004254385095691836,0.16477220526389802,-2.061151484782352,1.3421747143690785,2.9303980252340476
0.01209915455630673,-0.014865807127190529,0.007115583949538827,0.0030681548446865607,0.1758178915481853,-1.3475271554478105,2.3903269010076023,2.3291804772463234
0.012173370434817535,-0.014824583798611183,0.007078144894685498,0.003187046261843494,0.17723522123172564,-1.4252997811941406,2.339770084986806,2.413687696961626
0.012146155248922548,-0.014853167169726844,0.007074837268867012,0.0031269542383788765,0.17477007139570513,-1.38974121854994,2.3496576300701295,2.3665605911252072
0.012212168162196939,-0.014827987042591993,0.007025107516824042,0.0032171748663349293,0.17432437008063031,-1.4513464519358272,2.295722557198061,2.4260402480522085
0.012255435636499154,-0.014825266210162374,0.006973937130415533,0.0032578884832888716,0.17219053021402084,-1.4828359637364104,2.250605215535678,2.4466305950217913
0.011868100186677367,-0.014920319366124542,0.007309720447485366,0.002774131089286341,0.18241724343642518,-1.1283343165533595,2.581131090653795,2.1347103162924808
0.012041384029502545,-0.014905484498864465,0.007131466108971347,0.002966032591634094,0.1738864635070989,-1.2824442176051893,2.4212526457463595,2.253084434488409
0.012079556693320299,-0.014915465480313157,0.007073178759224135,0.002990468891329597,0.1703687812420272,-1.307466605269456,2.375456942123932,2.2611347342866837
0.011957047859953954,-0.014909220983920597,0.007224460457654221,0.0028786269052215605,0.17844686849105207,-1.211272952701275,2.502892419954772,2.201943641700387
0.012004577471861927,-0.014919023810405696,0.007156029332268826,0.002914540474680837,0.17419916503634011,-1.246406301116216,2.4481015978751905,2.2176954524058843
0.011902080149480269,-0.01493675054528906,0.007248171283815456,0.0027912407338263703,0.17788772520291976,-1.1517457198506618,2.5347238002689494,2.137598370455208
0.011937287717455858,-0.01494873608981752,0.007191796510779399,0.002813733113821619,0.17408128455568816,-1.1769185780264024,2.49130226291997,2.1455263897177486
0.011842429345652881,-0.01494564228668657,0.007301574673070491,0.0027188415191044557,0.18025540042935295,-1.0948426769260189,2.5844067911905753,2.089765534556838
0.011744145221102432,-0.014984532276952463,0.0073497124145637084,0.0025705150829131124,0.18062463800400286,-0.9890195242470098,2.641195080309187,1.9806430001186273
0.011807904177702135,-0.0149659607693226,0.007309535417972966,0.002659791893712438,0.17944750896289094,-1.0554204364267836,2.5993897615048325,2.0446134524787287
0.011776397813914,-0.014988095539457924,0.0073106354937385555,0.002602126680880168,0.17806979847069362,-1.0181810511983898,2.609040916177834,1.9995736602389627
0.011720876481230233,-0.015011547252522912,0.007333537731153032,0.002516849055431787,0.1781416734251384,-0.9577394756736811,2.637769523365557,1.935753309990315
0.011250154835445355,-0.015074490994217402,0.007662460270271727,0.0018871731659574442,0.1969561641119024,-0.445803892747959,2.9356859109511606,1.4768748735416524
0.011218412646368137,-0.015081943668756101,0.007674685286647561,0.0018394994794544205,0.19757218081887953,-0.4086435614646428,2.947697164662497,1.4398586817737515
0.011395845786437599,-0.0150682539095262,0.007552214109423023,0.002079132868700921,0.18899707366318283,-0.6104238384580305,2.842906423085904,1.6179436695267062
0.011281604172282484,-0.015086520631285188,0.007617290669945104,0.0019185891902099256,0.19303849472500773,-0.48098052422619253,2.902140215088523,1.496991678601727
0.011326923458500343,-0.015081434294584604,0.00758885330860117,0.0019809434616788854,0.1910763774308948,-0.5325273918142396,2.877238581287954,1.543711547854409
0.011369260001410477,-0.015096927714038305,0.007528316495987346,0.002021515505090962,0.18600779728867098,-0.5772900423211954,2.8321793798044728,1.5690380858981057
0.010961433817191005,-0.015120582739850355,0.007786876561678534,0.0014617593667359283,0.20618568072198173,-0.10221156988471715,3.044358411845664,1.1464039187644477
0.010995984416845994,-0.015117466189544286,0.0077706011531032265,0.0015120140510541632,0.20471058073559192,-0.1441868754637197,3.031441111480825,1.1854983572723603
0.011028999007339276,-0.015113377911347663,0.00775630244812709,0.001560481685004318,0.20358530078781437,-0.18399685234981067,3.0196948684175138,1.2233006797459647
0.0110634336171785,-0.01511331367541468,0.007733364831585431,0.0016079209476512239,0.20157741297961237,-0.22548543729041137,3.001959071097613,1.2593148910750787
0.011120196089406717,-0.015099298628871495,0.007718054198144086,0.00169503755734658,0.20069665200923772,-0.2927956168029638,2.9868124094449757,1.3279948579886758
0.011097503512538406,-0.015117741366868807,0.007702304040100404,0.001651285511405744,0.19859083900866395,-0.26625010423805884,2.978674613347777,1.2911157838182954
0.011191713721155946,-0.015109563908779685,0.007648261969697988,0.001783218722988641,0.19463458099694145,-0.3767094563359201,2.9336594054558813,1.391728152459467
0.011156467030601018,-0.015105918239930667,0.007680501264840228,0.0017390673634902801,0.19719635661711346,-0.3357033913170224,2.9585467516963697,1.3595978775961637
0.010587417680336046,-0.015146142190607776,0.007929638321005314,9.051294098683303E-4,0.2209830804380786,0.363828560150154,3.14295921468089,0.7080284971509866
0.010615728850835738,-0.015146423171274931,0.007917883155247602,9.472818296633415E-4,0.2196139844668296,0.3273957932748212,3.1360865296992753,0.741197409180911
0.010645196634926517,-0.01514766153501687,0.00790336512444001,9.905444130400667E-4,0.21793112956275643,0.2891764111540709,3.1271632323867773,0.7751330889133361
0.010674379736708772,-0.015151938797768928,0.007882878710632119,0.0010317846742449682,0.2156748603161701,0.2505186567062785,3.114052486187715,0.8069887559287813
0.010566728712634942,-0.015175078860366571,0.007883898069383359,8.633838546397535E-4,0.21625199058894612,0.37895210522986267,3.1117384088770623,0.671431530254117
0.010915390903807288,-0.01513876592647266,0.007782486619551909,0.0013860450813633974,0.20547128191959443,-0.04816032344510112,3.0438213183912555,1.084909694297725
0.010938533813758394,-0.015138094337619727,0.007769921621111518,0.0014189618575054775,0.20440440248053435,-0.07638010345758357,3.034394906565763,1.1103033008813954
0.0107061292495697,-0.015155503137009998,0.007862068170845228,0.0010767389830258652,0.21339223119738884,0.2091810428284635,3.100549624084739,0.8417430376442768
0.010740367387455594,-0.015159632693261487,0.00783849036317562,0.0011246226352928693,0.210923715567338,0.16487352537877964,3.084958684003025,0.878650378806617
0.010777861197889104,-0.015160501032049899,0.00781854737396359,0.0011783427134533207,0.20882497351421891,0.11774977622590675,3.071481355596561,0.9204526549655224
0.01081426886968229,-0.015151449960950214,0.007816143230677884,0.0012352712726400965,0.20876068478352502,0.0744999576743136,3.0693146760596584,0.9661114580770211
0.010859035936277584,-0.015153197504673456,0.007788917908644514,0.0012981572912001166,0.20587284583079682,0.018743731036598193,3.0501546142347817,1.0145099271138835
0.010896804993076629,-0.015164285054048288,0.007748094103025671,0.0013451816543859605,0.2017357572739145,-0.02923999088713344,3.021986841425413,1.0488271653433587
0.011614210630038292,-0.015045904195251564,0.007387630042414081,0.002362066832756943,0.17949811335315913,-0.8435732109414505,2.6966851059933252,1.8215493544821817
0.011691159644399056,-0.015035809510345896,0.007327355735942687,0.002459264341646003,0.17640099474139015,-0.921518105945825,2.641717978895713,1.889399138477944
0.011653381395604625,-0.01504805721521574,0.007346294288806726,0.002404672513542799,0.17660177456080017,-0.881481815890662,2.662354455647686,1.8493376106911998
0.011516603376310343,-0.015038216362818144,0.00749209253706878,0.002254330183575917,0.18644099082605478,-0.7455558508317107,2.782374836779146,1.7501499242748901
0.011554622198987265,-0.015050891629398691,0.007436687997064566,0.0022878229954328678,0.18214935769864654,-0.7820823066827077,2.7400503595521255,1.7693639983193177
0.011587957574280132,-0.015073534905517941,0.00737037134542774,0.0023054418663962834,0.1768089698555149,-0.8100716002587741,2.6922151691454563,1.7744044549766314
0.011483895467575165,-0.015057782032063581,0.00749113379546065,0.002196840131115782,0.18540161499032168,-0.7070040567568263,2.788292193385353,1.7042658844773768
0.011441707096507863,-0.015075248754513708,0.007500982539758354,0.0021297946338299165,0.18504591040859578,-0.6589026805879555,2.8024416724292256,1.6521341659141748
0.004953152250600023,-0.011152623563124449,0.0018007286540103213,-0.007900541944794193,-0.16389534393460672,1.1627497608691606,-2.385670820540462,-0.47533935825982754
0.004957614677168775,-0.01118379122498584,0.001847319543049749,-0.007884989271504527,-0.17108680334530987,1.194674796246708,-2.376455566522949,-0.5068301356637672
0.004964084697668781,-0.011208809873462929,0.0018865059403560453,-0.00787530307954422,-0.17681814402088636,1.2213688738084503,-2.37107789131051,-0.5319149210061023
0.004962494115519668,-0.011264815018522797,0.0019624527169793088,-0.007834586723111272,-0.18813859135007716,1.27457530518978,-2.3448814422368573,-0.5885582870034889
0.00495698055577176,-0.01123581196697319,0.0019188948354157008,-0.007848879949389069,-0.18194093541678372,1.2446436540672094,-2.3534654087591282,-0.5595953244711399
0.00497369277436567,-0.01129623577457372,0.002013210067575233,-0.00782428157777197,-0.19535648598722682,1.3091348935315155,-2.3394042587706907,-0.6197776692097502
0.0050041309002149615,-0.011345042502337916,0.0021018057147522483,-0.007821418697751612,-0.20762391495277635,1.3684960332656724,-2.3407397085291564,-0.6681101156706953
0.004974301003144306,-0.011329480906957541,0.0020584529413703984,-0.0078004487651599065,-0.20175977247198354,1.3408405858071026,-2.3239239818164035,-0.6528840875025715
0.005008159662912186,-0.011376293735876807,0.0021468150562260323,-0.007801855254663038,-0.2138002914765507,1.3998854380117807,-2.328269957384682,-0.6992915220966114
0.0050177424536034946,-0.011411212655126006,0.002200746411430792,-0.007784890057226754,-0.22087294137877334,1.4371011623615269,-2.3179724081389224,-0.7340214054929372
0.00502008643467725,-0.011444267985184262,0.002246100069369723,-0.007760859571368556,-0.22675614309826428,1.4690329681321501,-2.3021086074488575,-0.766637820161557
0.005023417513405757,-0.011471380108173342,0.0022841082556419342,-0.007742242464776024,-0.23149113306225924,1.4957477161923378,-2.2898528767537534,-0.7932995973529541
0.005028670941512954,-0.011497892099844245,0.0023226749532812532,-0.007725801175244434,-0.23622692801527653,1.5227046031089746,-2.279145870597821,-0.8193255702466987
0.0050443685854030355,-0.011551471401276997,0.0024043455796848193,-0.007696792754511357,-0.24595363779510968,1.5794262822307645,-2.260592224532425,-0.8719095533163527
0.005035003755902033,-0.011524959384882965,0.0023626480078921468,-0.0077096462488772674,-0.2410121758199463,1.5505828993568154,-2.268643895450977,-0.8458327499840276
0.0052026344858564725,-0.011813749238941936,0.002876442561984067,-0.0076152459788238055,-0.296844058573084,1.9041820002240468,-2.215417199109922,-1.1375024537781313
0.005200560879914856,-0.011841139922569193,0.0029063515554111994,-0.007584481645905655,-0.29868683679027935,1.9262392979487515,-2.1926886778322543,-1.1626128208782551
0.005055489449081205,-0.011576915507242349,0.0024461385326398385,-0.007686332397727885,-0.25084849079596655,1.608201372753854,-2.2542767710733322,-0.8970554378618099
0.005172849142277316,-0.011776789089077937,0.002802105635145075,-0.00762158971368543,-0.28933006308090775,1.8530675450553458,-2.217729195855485,-1.0986412352547454
0.005175454630720979,-0.01180396756582363,0.002836903175321531,-0.007596670656307467,-0.2920938104389736,1.8781230229582693,-2.1998076762077043,-1.1243188610434893
0.00514185521271454,-0.011769171185161693,0.0027619274153556327,-0.007596619025313064,-0.2842500460390549,1.8270977748919834,-2.1973253901946213,-1.0872948671838698
0.005151759473179959,-0.011730127343512592,0.0027250488452393593,-0.007645766600566401,-0.2819143924692517,1.79924653260837,-2.2335010473357495,-1.0520095445164739
0.00513822158622215,-0.011748455119664668,0.002733721877525052,-0.00761337425593564,-0.28176456282031803,1.807013402058697,-2.209159585034102,-1.0675580500548894
0.005136758265726848,-0.011709652636671336,0.002685558119799093,-0.007649812619603735,-0.2776520927509076,1.7722057605144441,-2.2351995465610703,-1.0309048133265701
0.005096443685179644,-0.01160393227724426,0.002516834440710381,-0.007705991171903736,-0.25967514792391627,1.6546367292819897,-2.2714653954848494,-0.9260110982228883
0.0050661535618155675,-0.011601016712953924,0.0024857917887486773,-0.007676190264450309,-0.25537609222480756,1.6355521780672821,-2.2480868608121387,-0.9209003712567122
0.005108614102077166,-0.01163007357120947,0.0025607792725545133,-0.007695114988450747,-0.2646430295411855,1.6849784036117175,-2.2649257059450583,-0.9521727207950007
0.0051254376385826556,-0.011686774604657862,0.002646743625542999,-0.007659795061521501,-0.27358602707364116,1.745291436233401,-2.24139994349121,-1.0079695735502734
0.005115465928702577,-0.011660895571735516,0.002605463786144055,-0.007673702859821593,-0.26930203449230034,1.7164872388834034,-2.2504229279068224,-0.9823150861951145
0.005229378976648169,-0.011902419781171151,0.0030074286517399215,-0.007549172971036812,-0.3069820095529499,1.9973693557870178,-2.1685015764179685,-1.2238200003163933
0.00525462465745859,-0.011933557007647894,0.0030702253202547296,-0.007541265427797522,-0.3124443066061961,2.041101760287479,-2.164239484743334,-1.257024909640595
0.005262961820952805,-0.011950737544357567,0.0030987180772216434,-0.007530797695943149,-0.31435020071131514,2.061240820973992,-2.156881373558605,-1.274244243770091
0.005263460203130487,-0.011969435434961007,0.0031199792818364003,-0.007510348127439575,-0.3154940213271505,2.076779299845899,-2.1414375296876176,-1.2911204675698078
0.005269793159249431,-0.01200619160126283,0.0031672270120977676,-0.007475156962306301,-0.31773698801647837,2.1106803936868825,-2.1150811286939546,-1.3249445128176474
0.005270458417068953,-0.011987214660440804,0.0031473976241482918,-0.007497437554915101,-0.31693041610019257,2.096202916766833,-2.132055820364178,-1.3084307252421659
0.005231675307388883,-0.011927541720171282,0.0030382059935811067,-0.007524150184302208,-0.3086790322962402,2.019639388918271,-2.149910191066635,-1.2469445874382368
0.005201280638074186,-0.011866958935540635,0.0029368876963235366,-0.007558006705945869,-0.3006502804328048,1.9484419550842702,-2.1731995761868625,-1.186400997760719
0.005204620534222569,-0.011892648462370814,0.0029696696819235782,-0.007534079068286642,-0.30276675329862685,1.9720021018750005,-2.1556686309168573,-1.210269362572361
0.005273732856828211,-0.012030952531761905,0.0031982497783001915,-0.0074507357144584395,-0.31900749776683474,2.1329392573216346,-2.0966319569344947,-1.347387775368478
0.00524499347900203,-0.01202231810251309,0.003156182488576136,-0.007431786027687781,-0.3146667042463038,2.1041218196765814,-2.080802351643363,-1.3327382630020743
0.005280073114798952,-0.012056014772505813,0.003232031257012311,-0.00742806508304157,-0.3206655708587766,2.156989701078606,-2.0795374825244637,-1.3704498973372436
0.005289772996621122,-0.012074603220785197,0.003262760638046252,-0.00741599489934857,-0.3222512616626083,2.1786622061779917,-2.070639498487431,-1.3887816601347647
0.005293760915024756,-0.012096971500922914,0.0032905023185484518,-0.00739355561986643,-0.32334428943254684,2.1984262593974986,-2.053465669334827,-1.4086273992791687
0.005295618926316075,-0.012125011926490924,0.0033211301742822573,-0.007362012562650136,-0.32383312432566086,2.2201635377841584,-2.0290870451197036,-1.4322148811180153
0.005706003140319971,-0.01280164523179679,0.004425242243206162,-0.0067863460245982206,-0.32324834598539126,2.9858144368511934,-1.544677385860277,-2.0655089169880374
0.005705438027904182,-0.012822480545891187,0.0044356371109309616,-0.006753682079634432,-0.3208992815919753,2.988796104872661,-1.5172403183242333,-2.07383843042314
0.0055041341964404905,-0.012472271134813275,0.0039052097151261395,-0.007106913515579031,-0.33913704728347355,2.63154752006929,-1.8257388615167134,-1.7711992355924002
0.005479182248226293,-0.012464043606228964,0.003864125290164501,-0.007096329644169842,-0.33695324421710776,2.600914836914011,-1.8177015710507138,-1.7539586185438958
0.005463292535347779,-0.012446360403589107,0.003828160284724527,-0.007106576233067721,-0.3364051990029236,2.5754584480212483,-1.8264159731374792,-1.7349716006090807
0.0054008703470907905,-0.01226038759167563,0.0035831254267750232,-0.007295837392508033,-0.3370282767968886,2.4055020840500947,-1.9796132404500864,-1.5750736765430504
0.005404768024025928,-0.012281551528888443,0.003607804762453578,-0.007272236869074773,-0.3368599010885758,2.422782890760923,-1.960764783931474,-1.5928053640473079
0.00542753031472663,-0.0123175472330326,0.0036702745662593873,-0.007246707502528016,-0.33849946081989196,2.467092679609863,-1.9404555569512156,-1.6287972888755007
0.005412618204889948,-0.01230172434478436,0.003636445891362264,-0.007253436210997864,-0.3372780781451818,2.4429283803098336,-1.9457657053749688,-1.611083735567312
0.005426785056327424,-0.012340244533142093,0.0036894924255827352,-0.007216089827868414,-0.33760505598932533,2.4800885791872713,-1.9157053920122655,-1.6452701575623003
0.005464735711965781,-0.012407873175341564,0.0037984726592315654,-0.007160242670750023,-0.3387281070814963,2.556605743554267,-1.8701619716550575,-1.709506007190502
0.005455091298253745,-0.0124278600828773,0.003801950891185361,-0.007124470946895975,-0.33654121607445214,2.557444568483264,-1.841150930089039,-1.7188883206978134
0.005442029832685616,-0.01236376356555227,0.0037303048605307784,-0.007198919551578246,-0.3383077187429358,2.5088938261953877,-1.9017931522474407,-1.6685881115778916
0.005452023712446898,-0.012387857350255035,0.0037643912872291595,-0.007175765384027734,-0.338395271743212,2.5326137777202793,-1.8829297469698651,-1.6899680916768218
0.005438128190092241,-0.012441420672667163,0.0037900268775959904,-0.007091134178757764,-0.3339276528496465,2.5469728568032335,-1.8143262091953396,-1.720186169054663
0.0056589738258398,-0.012724679010016107,0.004308532937368856,-0.006868495445284423,-0.32955437731069387,2.908838743054581,-1.618524788350433,-2.0009269091577018
0.005643189040139884,-0.012715676190168971,0.004279163320813395,-0.006869785018111878,-0.32956993745139146,2.886912607862401,-1.620950216654153,-1.9870041733564185
0.005661142940600475,-0.012746306046392793,0.0043248305041166555,-0.006837369120132328,-0.32735385280474594,2.9171436442764294,-1.592088671946507,-2.0126338815873974
0.005675099197650709,-0.012766823599812868,0.004358095399410268,-0.006816749859493467,-0.3257223042767586,2.939392868681789,-1.573429159664743,-2.0306968223135127
0.005688456819083673,-0.012788351175353945,0.004390805438654334,-0.006793802048821198,-0.32401218758109845,2.960810603537545,-1.5528120078916086,-2.0486032211146057
0.005610339116376878,-0.012664416568424645,0.004197485721856949,-0.006920309487756337,-0.3325366030803601,2.8316691562473477,-1.6657537191396694,-1.9415741163705598
0.005614657274407161,-0.01268979277904581,0.004220271443477096,-0.006886097118296159,-0.33022743496751605,2.8448430474020223,-1.636792861544176,-1.95725973259379
0.005621719958588434,-0.01271566765352671,0.004246979476690293,-0.006853093660824064,-0.3280475548608646,2.860854170701256,-1.608651182798474,-1.9742922929962339
0.0055583059921306055,-0.012593030454987966,0.00407274647367742,-0.006982144537188511,-0.3349276950597538,2.7452702243346163,-1.7204221782875913,-1.8732669778485043
0.005566924519510295,-0.01262202697244373,0.0041054052662142645,-0.006947294553664483,-0.33310212683454304,2.7661030987263184,-1.6910061903831586,-1.8942951012815994
0.005580755592313067,-0.01265056393819854,0.004144804512377017,-0.006916927152181235,-0.3315133294316058,2.792138559847374,-1.6649282805863093,-1.917447464621903
0.005504963523986519,-0.012497392522120144,0.0039260857337522865,-0.0070726031441930145,-0.33749077425383195,2.644628602258439,-1.7974720070785768,-1.7878753493808175
0.005515165863492722,-0.012526289113340578,0.003962486839942078,-0.007040874707325431,-0.3363448451609017,2.669015109788169,-1.770990396905052,-1.8110511402003824
0.005519238359061179,-0.012558476090123652,0.003992107584694506,-0.006998893594128361,-0.33431837265883885,2.6873922383333846,-1.7362693222320826,-1.8325301143108101
0.005527645747273843,-0.01258732150750757,0.004024766804361307,-0.006964942385089343,-0.33274554913585547,2.708407800957859,-1.7078697627161377,-1.853659235740296
0.00529850589829488,-0.012152896680150509,0.003352313853380613,-0.007331342082441224,-0.3244266399010039,2.2421844892040728,-2.0052729039493555,-1.455608647269561
0.005303067932721717,-0.01218102299809895,0.003385253235230285,-0.007301670519508079,-0.3251492931691459,2.2652933810404527,-1.9821946357964777,-1.4792977401450818
0.005314599965049079,-0.012208653053922597,0.0034258207851437833,-0.007278836574162235,-0.3264613149554397,2.2936421364593116,-1.9645322239251042,-1.504581365838282
0.0053733167992668605,-0.012250533774083597,0.003538687311297466,-0.007282169829143147,-0.3334777144766381,2.3735949725553493,-1.9681605979445376,-1.5574626617462486
0.005340911151002049,-0.01224570357675924,0.003493301839328384,-0.00725764566151229,-0.3294402318093779,2.340991870647864,-1.9482350409101237,-1.5420589081761962
0.005315083666776448,-0.012236284846940912,0.003452372173902121,-0.0072451853944947185,-0.32623133702135615,2.3119631794561104,-1.9380476526200476,-1.525759049769447
0.00665015414613132,-0.01383980064214269,0.006128802348239947,-0.005347318243751411,-0.10943284050956902,3.8438609727088404,-0.09961292569827378,-2.7089099727406594
0.006632086921624851,-0.013834573774876895,0.006098758206438861,-0.005357206385384206,-0.1133703272488749,3.8252761699567555,-0.1162680476385964,-2.6994409827172556
0.006594559763911377,-0.013788964514697596,0.006051386758828293,-0.005439454555780133,-0.12430831393336873,3.828004431890594,-0.19263181234580526,-2.6997168595011405
0.0066041556414304136,-0.013804697686711753,0.006061949075199337,-0.005411179176487799,-0.12115008674012175,3.8227036772867593,-0.1680540154275408,-2.6974940279347774
0.00661433605234675,-0.013823848225763,0.006071784955267936,-0.005376726467176411,-0.1176081782656022,3.813693003283629,-0.1391213284531441,-2.6933700926089332
0.006498392880345573,-0.013704216055622616,0.005909352572289076,-0.005586889173226055,-0.14945453929103295,3.784254831901291,-0.34570388295340176,-2.672704074635831
0.006506813192261322,-0.013722403911966259,0.005918483972979424,-0.005554892495311526,-0.14620590692505453,3.777090795791356,-0.3186207863526245,-2.670180047730344
0.006516449836926926,-0.013736710879453447,0.005930869773373455,-0.0055299507325633525,-0.14307074487387275,3.7754801143100027,-0.2960917916401116,-2.6702133345869288
0.006528631493632354,-0.01375229259614839,0.005947142528386282,-0.005502822995494997,-0.13948366197001147,3.7758314943491023,-0.270830545379319,-2.671255588550953
0.006577143987641302,-0.013791891699422793,0.006018798269360311,-0.005433824612980543,-0.12714446552727987,3.799717021902931,-0.19791761639100552,-2.6853176845745574
0.006562362724969933,-0.013782611086915048,0.005996042022091274,-0.005450061620470557,-0.13063287978005508,3.789570007087114,-0.21682275440013934,-2.679754374343952
0.006544864228006125,-0.013768062271562676,0.005970353018830982,-0.005475441524040926,-0.13514972412615486,3.781335416368162,-0.24345057065951828,-2.6748810485315313
0.006438584394149839,-0.01363785963552902,0.005820640751918447,-0.00569907891016243,-0.16627664000400408,3.7629453944161098,-0.45606918030223464,-2.656129929678691
0.006446506849239438,-0.013660783943867315,0.00582883377561058,-0.00565890789140049,-0.1625335321595556,3.7522300820537144,-0.4227447289160118,-2.6525619817043395
0.00645392551778419,-0.013681558065869069,0.005836307428989003,-0.005622585656502012,-0.15902610339870085,3.7423568731815244,-0.39269226761718695,-2.6491060197706187
0.006480105049698615,-0.01370468698655504,0.005876282742544054,-0.0055841529330619725,-0.1523302369080213,3.756959925053033,-0.35252339518024184,-2.6584983020780766
0.0064609959151024745,-0.013699038396828487,0.005843794189089747,-0.005592157765569233,-0.15613520510961176,3.735033646434578,-0.36732796718305144,-2.646595811545304
0.006412432594553752,-0.013643326916738035,0.005772216713798472,-0.005685045437501702,-0.16973398107902818,3.7185991789838213,-0.45742042554942003,-2.6332916847530714
0.006343817995843902,-0.01359117203140008,0.005661089429500902,-0.005765141330645388,-0.18553285980545162,3.664050629155487,-0.5466453346553165,-2.599018550639522
0.006386757746452628,-0.013642522929473154,0.005726644720878195,-0.005682194328905001,-0.17339221904057145,3.6816645421069714,-0.466537027022436,-2.6136716117532344
0.006368676478703805,-0.013626644360462832,0.005698127054328965,-0.00570714817598759,-0.17784336987427862,3.669652546526932,-0.4927704805686655,-2.6057431049183104
0.0063550653620232395,-0.01360978908063774,0.00567748576281267,-0.005734420779507984,-0.18175395411227555,3.6645812957009354,-0.5188675392832188,-2.6013177031071213
0.005797580966423165,-0.012951666819500406,0.00464284612745905,-0.0066141565753422915,-0.3073301963414847,3.1226060619033653,-1.3874949200631093,-2.1816554885800046
0.005807920408332225,-0.012975242553216299,0.004669259662988822,-0.006583077103249125,-0.30439074596799226,3.1368546378499924,-1.3597821459466435,-2.1957535147537093
0.0057797146379452305,-0.012891518129307123,0.004587165453781934,-0.006698181299337791,-0.31494516315642346,3.095251561238614,-1.4610712551312235,-2.149594438703767
0.00578665075047358,-0.012907351793374188,0.004605668240955526,-0.006677711530391953,-0.31298140558203386,3.105807132762863,-1.4428163352134358,-2.1598392744535913
0.005785302322861331,-0.012928878431011407,0.004613280694181605,-0.0066424099804303785,-0.31012952844761704,3.105251089624626,-1.413112828189403,-2.1660576303366095
0.005734353652724932,-0.012855768325130348,0.0044979456099421035,-0.006722684495586531,-0.31801362783744325,3.031181608995347,-1.4877273947206975,-2.1058879417161944
0.005748617788946737,-0.012867735687529941,0.004526340888783202,-0.006714014565268109,-0.31692999323746673,3.0513720500325827,-1.4785878196206115,-2.119885559438221
0.005757320628331402,-0.012885518949562753,0.004548753074547482,-0.006692077993720168,-0.3150244075977196,3.0647552154741935,-1.4589477440777452,-2.132224600886915
0.0057092550888374,-0.012860980651003067,0.004461474558825258,-0.006696785154298365,-0.3162923755514699,2.999305321099514,-1.4690030162139402,-2.0913514188360867
0.005693383835681331,-0.012841392372482583,0.004426961173522616,-0.006715796151938056,-0.3180286065779185,2.976333757385212,-1.4868077617322795,-2.0735891660361934
0.005863591780876306,-0.013009504684775599,0.004773050286626171,-0.00656301523008547,-0.3001829146166864,3.2127578115599857,-1.333514488510929,-2.244730696875059
0.005842327111689225,-0.012998113662901791,0.004733975997061285,-0.006568157984605269,-0.30160451618782996,3.183602712008327,-1.3415465534180948,-2.226430088299962
0.005815050466448849,-0.012999956303546688,0.004690534499358033,-0.006547892769431132,-0.3013178417308508,3.1461230701154914,-1.3291885392415905,-2.2074172583168203
0.005868428793975118,-0.013029623158073962,0.004788345484290474,-0.006533020337611036,-0.2973422180121952,3.218231252214437,-1.3073485405486174,-2.2531032346327886
0.0058757975765105,-0.01304874226825006,0.004807131501639104,-0.006506127032432046,-0.29469769883596375,3.2269198885777755,-1.2833870652781814,-2.262755643431399
0.0058852160807502975,-0.013065453102667244,0.004828222261065596,-0.006484284539116294,-0.2922657501133425,3.2383619525561413,-1.2632844757394681,-2.2731296581669764
0.0058937593365610145,-0.013079359555480003,0.004846780165182036,-0.006466398156336767,-0.2902215963540083,3.2486718197465945,-1.246623929734202,-2.2821319145818895
0.005902468887306923,-0.013091873130065261,0.004865053254323903,-0.006450792438393069,-0.2883783728824141,3.2592173746283746,-1.2318345580625776,-2.2908617948920753
0.005913371234836778,-0.013103882103457509,0.004886714212046899,-0.006437158771003024,-0.28637900823463075,3.2727758788074923,-1.2182167145592508,-2.3010160850662444
0.005917691018132429,-0.013120282943375486,0.004898582088264227,-0.006412383496531474,-0.2840701123697267,3.2760669334911134,-1.1965999302429309,-2.306804575482717
0.005931595521155492,-0.013139826411391468,0.004927003712322543,-0.006387605011636857,-0.28090823790910197,3.2920036309534733,-1.1730405403553783,-2.319960327120848
0.00594066505358285,-0.013168374542173912,0.004949281539927491,-0.00634494760718541,-0.27672177672767667,3.298543478265723,-1.1357752144027478,-2.3300794761924615
0.005951408092258952,-0.013193680360744123,0.004972985516965566,-0.0063083828946114565,-0.27283089061087434,3.3074469942994686,-1.1032332113289909,-2.340519486764404
0.0060246113607076174,-0.013264884517491506,0.0051093006278695305,-0.006224454148143527,-0.2596322231064983,3.3900283504557653,-1.0163957264230936,-2.3998873302669335
0.0060390344061704935,-0.013275748886272667,0.005135396472040552,-0.006212643613562909,-0.2572295868220939,3.4069118974707693,-1.0028918395947573,-2.411145698694322
0.005961083104349994,-0.013218530478583642,0.004994302115461791,-0.006271833644630582,-0.2689307783678927,3.3142276424687296,-1.0709625105336842,-2.349557599200383
0.005968086515980114,-0.013240120140748136,0.005010095826917698,-0.006239264568355564,-0.265712674546052,3.317589277499497,-1.0427570638759935,-2.3558838117432885
0.005985489243704112,-0.013251679402841499,0.005041211520550243,-0.006228301124563354,-0.2634434000752634,3.3384913161602587,-1.029588553867016,-2.36952018215541
0.006001685077658763,-0.013270185383739547,0.005071367807152046,-0.006204845627793509,-0.25996278612849505,3.355168442387338,-1.0063876817628807,-2.3822468580456158
0.006309585560293332,-0.013572484655593737,0.005603674670259595,-0.00579059628471255,-0.19219971858992657,3.6291031012206703,-0.5797667776427212,-2.578229405422484
0.00631897578899357,-0.013593394161144114,0.005616775213032788,-0.005755864978832403,-0.18844162242709006,3.6257541143193053,-0.5497569135560562,-2.578828982931496
0.00621329773252799,-0.013463759810582898,0.005445454879231425,-0.005955283447062559,-0.21724824889912434,3.56651323071215,-0.7428643870840735,-2.53007185625431
0.006196918362274452,-0.013450622338920248,0.005417335972869079,-0.005972958861093587,-0.22071083909731806,3.5506826441056423,-0.7624262975210883,-2.519569627423451
0.006207612912520627,-0.013485173711082474,0.005434370743460913,-0.005916117746480937,-0.2149338657575095,3.543929758135785,-0.7141866991785651,-2.521090472811457
0.006286878308885238,-0.013573264184825573,0.005563659236822822,-0.005783895909667246,-0.19466249973920985,3.595369236774185,-0.5835835116831023,-2.56025539626137
0.0062709621020741145,-0.013559551285503775,0.005537729268592137,-0.005804013553778138,-0.19858745513761242,3.582944351623843,-0.6049283517979682,-2.551947074377306
0.006257769991526451,-0.013542110368744597,0.0055168375538951825,-0.0058311078990461165,-0.202145022038926,3.5769488047392533,-0.6305675034932857,-2.546551179841401
0.00622954753925614,-0.013500393396270988,0.005471565105786524,-0.005896155587447489,-0.21059791442803785,3.5657034125180433,-0.6909333633489768,-2.5349657105161607
0.006244065884507609,-0.013523445640249782,0.005494894283179167,-0.005860018983726712,-0.20610881747817125,3.5706384335549033,-0.657791319333895,-2.5407386318672516
0.006077377881741324,-0.013295186925106265,0.005203541665467593,-0.006196637916505674,-0.25227861621734643,3.4555253884766404,-0.9792985162020788,-2.4410652324596374
0.0060880648243823625,-0.013311376175833084,0.005223688566288677,-0.006173395785783096,-0.24916151294690367,3.4642876374499134,-0.9573098599105397,-2.448937589149551
0.006099025905843231,-0.013322086922768808,0.005243621514981876,-0.006159583330822762,-0.24687145267483862,3.475689864486397,-0.9428975355140533,-2.4571061920199817
0.006102160819859061,-0.013337312556222761,0.005250276402743933,-0.0061345822925583165,-0.24447823821806006,3.4731337533294817,-0.9216390671592868,-2.458629053453372
0.006110237955851065,-0.013355578965366854,0.005265463634390989,-0.006106342688283498,-0.24131386057730198,3.476192082407453,-0.89641652234099,-2.4636254358605587
0.006181192756384309,-0.01343605861618713,0.005390272844135434,-0.005993097854568489,-0.224081518688703,3.5364677492378402,-0.7836460315417783,-2.509657475720313
0.0061623162563856915,-0.013401561811312298,0.0053574845207426045,-0.006046553649615185,-0.23058617954963465,3.52879883507844,-0.8322807760554396,-2.499910652837085
0.0061653975898140305,-0.013422946961591839,0.005362927573133113,-0.006010438151506751,-0.22752189667421413,3.5209990616327964,-0.8025874765856973,-2.4992318388900965
0.0061264578069872766,-0.013373759372868508,0.005294438177537067,-0.006081330040698219,-0.23745173638769396,3.490829545286199,-0.8714110763287621,-2.474736901768445
0.006138208106578934,-0.013394709507674041,0.005315481240183878,-0.00604954846490632,-0.23361248000862597,3.496946104374735,-0.842412920289991,-2.481625679948177
0.006051283782622646,-0.013292954625407324,0.005158515743826665,-0.006188848268190592,-0.2541166935034511,3.4179796981847277,-0.9801849384776202,-2.4205285681918514
-0.0046954772372366695,-0.00947683452420375,7.736044778626586E-4,-0.007906317781945378,0.2521748936843364,-0.5527897681391823,2.2535549711942466,1.2081663628826782
-0.004673986930362774,-0.00943068503168049,8.33525816107612E-4,-0.00786894698182568,0.25470196842743625,-0.594990262935679,2.2209102683211945,1.2417759982853072
-0.004695483944776019,-0.009136557666865306,0.001254009260071609,-0.007777308064650885,0.3065368322200444,-0.8643184629189735,2.117004041023512,1.526919175504578
-0.004648932404578583,-0.009381588872271904,8.949533785969686E-4,-0.007825865415342534,0.25630024974321625,-0.6385353537932036,2.183408797807911,1.274944291050754
-0.00464936688732969,-0.009329728537915418,9.677094887548069E-4,-0.007808187288144795,0.2647993230768107,-0.6857294524693814,2.1642651309793304,1.3235201252117526
-0.004677088852833884,-0.009259692106180824,0.0010759123027655245,-0.007811185663802477,0.28373143114569577,-0.7521567144762512,2.1578630882087055,1.4042351648004192
-0.004650270161920005,-0.009290135335608823,0.0010230914537491572,-0.007794352044998562,0.2711904733203947,-0.7214719505933948,2.149272505292089,1.360486028408778
-0.004671181622941788,-0.009183255623935562,0.0011790069835930226,-0.007772562680044414,0.2928881515035828,-0.8192775908612503,2.1197969223504844,1.4697657416875696
-0.004656404428524699,-0.009224480147411547,0.0011161142340980772,-0.00777454312449302,0.2826687244236781,-0.7807950286965707,2.1265503711184923,1.4237760000378874
-0.0047039303495935054,-0.009079344577208208,0.0013360971580463376,-0.0077586835453576425,0.31619309442088905,-0.9156049288000079,2.0955043477635016,1.582797449684962
-0.004680941368913145,-0.00898372314568822,0.0014518320055599086,-0.0076845610786287705,0.31894688904258967,-0.9915237287629849,2.028402070684701,1.647844103559984
-0.004705389964746751,-0.009026362899193825,0.0014082770785881094,-0.0077330720931674144,0.3226330703765035,-0.9609150072966216,2.069465626622588,1.6290699564390587
-0.004751194528903237,-0.009729231490215732,4.117840664797895E-4,-0.00802409958156443,0.21230764644896463,-0.30757500953471434,2.365988146656885,0.9792787530051569
-0.004744956374878249,-0.009688130498966066,4.7280115603463494E-4,-0.008010357590264937,0.2203957775038348,-0.3484155127590802,2.3520209215509236,1.0190265406766332
-0.004725342706611944,-0.00965204545925483,5.232387659576018E-4,-0.007981740433609545,0.22372131526857733,-0.3844102151595221,2.327505159596777,1.0474121117578639
-0.00466276527405177,-0.009510028924482754,7.166397890159562E-4,-0.007879729382588954,0.23674250339198286,-0.5200755502603646,2.237628414842703,1.159355785249935
-0.0047092421630396605,-0.009618109587976462,5.703247702640641E-4,-0.007956916813408994,0.22687331587682683,-0.41766775668546413,2.3057942424565083,1.0745064648236926
-0.004684094487885484,-0.009585011487281534,6.133636564319005E-4,-0.007921791513588268,0.22744540012487266,-0.4494695169594379,2.276544777462829,1.0959641329533047
-0.004667539455851056,-0.009548078462744514,6.630442057901958E-4,-0.007894792560341682,0.23069879601222087,-0.48437330383585975,2.252803304976961,1.1245874695205327
-0.004760055587474849,-0.009911418520796716,1.353601393981294E-4,-0.00805261118528646,0.1682062976035741,-0.12539599807559448,2.403275386260296,0.792512127940977
-0.00475992151449487,-0.009978707961375243,3.238952323515114E-5,-0.008054623793870787,0.1502804432611606,-0.05808780309738744,2.4105025179962003,0.7217473413433863
-0.004759297810442408,-0.009941724660416514,8.897240908555161E-5,-0.0080530421566623,0.16003900848671995,-0.0951627588314712,2.406206494783706,0.7604096097109602
-0.004728401590022581,-0.009755322362426547,3.691485643478435E-4,-0.008002274140632062,0.20042322001862467,-0.28290324874171835,2.3525767181260715,0.9429338323954477
-0.004731333428914186,-0.009783745887357495,3.267630959082202E-4,-0.008009245120159074,0.19413570511843617,-0.25474791236871197,2.3603283856905968,0.9148349804442532
-0.004741778040778082,-0.00980928063798388,2.893767502662501E-4,-0.008023895721472713,0.19042167301916818,-0.2287542528485697,2.373344716344998,0.8924480892561613
-0.004739899285860091,-0.009881640523710697,1.7952657628782554E-4,-0.008028117294756191,0.1716974824020975,-0.15704522530876538,2.3829794692622976,0.8164427979337772
-0.004738392673479262,-0.00983941281711511,2.4342285314849334E-4,-0.008023079766951617,0.1819515077418193,-0.19909512861905423,2.37551766710764,0.8598277677872553
-0.004818278261466284,-0.010329443871922873,-5.131711952536194E-4,-0.008091095351874163,0.05925923930821564,0.30409194902928904,2.463803397200447,0.36679374597147785
-0.004801060454309868,-0.010375094757947631,-5.799687957864039E-4,-0.008062563334972484,0.043920742314909555,0.3466592900120448,2.447195300272711,0.3143597550224144
-0.004800081512323001,-0.010348713659844685,-5.393814547000747E-4,-0.008066763536881611,0.05149325598439556,0.3199737729120845,2.448200514553819,0.34200861465603355
-0.004806875305395593,-0.010302314090001492,-4.692984561163603E-4,-0.008082888303428864,0.06585466873359568,0.27456271223462153,2.4560950792334437,0.39281510997411917
-0.004781475830783269,-0.010268300472938799,-4.130266957242051E-4,-0.008059457884545184,0.07253754912936293,0.23569620792450932,2.4371132660920156,0.4224571285471771
-0.004778832575025837,-0.010232255772287323,-3.5745984188123966E-4,-0.008061454540990777,0.08247944377392487,0.1990688904713149,2.4357675926949374,0.45981926843355453
-0.004784275627617005,-0.010195151772083223,-3.0114101575391466E-4,-0.008072004454732225,0.09395710616729878,0.1627117411682182,2.440365570689987,0.5004977089112493
-0.004781896943007093,-0.010164493741013652,-2.537462875655612E-4,-0.008072347173024418,0.10232490585151251,0.1315055181736843,2.43822635939463,0.5322949826894235
-0.004761845000287913,-0.010137633538755492,-2.1089398679323063E-4,-0.008051880271563278,0.10678765366611345,0.10138103731217461,2.421624168693807,0.5549899913572967
-0.004752817171092158,-0.010096217011942818,-1.470757607432258E-4,-0.008044330175650498,0.11677509641470184,0.05859708119246098,2.4129126913137813,0.5959380703184007
-0.0047598971302551755,-0.010036005036676458,-5.531524994019468E-5,-0.008054448165128158,0.13468607346452888,-7.276265645314461E-4,2.41515668907186,0.6614574861210462
-0.004748540893901392,-0.010009544333838407,-1.4768469301253696E-5,-0.008041919541534708,0.13959156970511857,-0.028600709675820957,2.403973180845784,0.6856173735590947
-0.004745596472362683,-0.01006301131560514,-9.615620216448515E-5,-0.008037607234593564,0.12448515636825792,0.024444577735375565,2.405379057287763,0.6286039098915448
-0.004826754279745902,-0.010581862863005602,-9.013367576571879E-4,-0.008036477364247492,-0.013726961161084855,0.5595712848642923,2.4436033153961443,0.10174781814435101
-0.004818342108036014,-0.010548985836828277,-8.490078596357832E-4,-0.008037346316383661,-0.004893003398566665,0.5247114689768658,2.441915325958018,0.13470775461664355
-0.004812790110808962,-0.010519481272245668,-8.02719722778227E-4,-0.008039858467552457,0.003238555434923078,0.4939505019305176,2.441595646473943,0.16462448244012143
-0.00477527293864208,-0.010396066147902517,-6.063542316367006E-4,-0.008028947602577984,0.03525772525025412,0.3624750578248576,2.4251167931771884,0.286438013858099
-0.004795302286478692,-0.010495323662638256,-7.612745277434358E-4,-0.008026951545835888,0.008846434869370671,0.46584395653459226,2.430863314873846,0.1865310378239031
-0.004787768261908396,-0.010463582416165964,-7.113657371334586E-4,-0.008026921995083465,0.017238529777086616,0.4325115998607143,2.4285796153722496,0.21827900960846144
-0.004783319634487616,-0.010428282119987756,-6.569221127589851E-4,-0.008030647124757049,0.026895986252187854,0.39632122741487447,2.4286604029399133,0.25437426235037547
-0.00468732660860577,-0.008082460675398731,0.002482354983360619,-0.007022784415082096,0.33027007104204703,-1.5741469682875522,1.4282459743361662,2.197806305168529
-0.004679382946176499,-0.008283881600854956,0.00227706740916632,-0.0071923306211738895,0.33769871780755484,-1.4727035966249635,1.5731440959760932,2.106491466717271
-0.0046666178150647315,-0.008166351947504582,0.0023837866467847145,-0.007080095512813919,0.32957568128683645,-1.5256320465165525,1.4812168158089927,2.146352973849545
-0.004652759449202733,-0.008227380903637364,0.0023117497163434807,-0.007120904446234466,0.32909013686258626,-1.489425066488549,1.5191055889098277,2.108115789943479
-0.004628150419130197,-0.008972185266372041,0.0014382009467160768,-0.007623665163955961,0.3037729315118935,-0.9885343411050415,1.9834330735307997,1.6201904239358498
-0.004658910609827169,-0.008386473598371752,0.002152502866096547,-0.007258018601785007,0.3346014727499135,-1.40670795573554,1.636011096782266,2.0371213517864164
-0.004640455357394629,-0.008331862546118706,0.0021951687092828173,-0.0071971852634298,0.32804101705552485,-1.4294113121151533,1.587501974243979,2.048703432181646
-0.0046455874664595095,-0.008454358873928978,0.0020685840192046015,-0.00729903476200837,0.33129813527834145,-1.3611952822063662,1.6756902892801782,1.988768652000301
-0.004634663801593868,-0.008544865995934318,0.0019597031846485227,-0.007356832784414078,0.32783706152228564,-1.3006763199270115,1.7303513519000746,1.926917856840697
-0.004608243373712762,-0.008610763503867844,0.001865865006972903,-0.007378918973013865,0.31862465263787293,-1.2482586019364286,1.7571065093469718,1.8648988749546866
-0.004607208322449709,-0.008913949461253316,0.0015006398402011452,-0.007570128792890368,0.30254087320359385,-1.0295977607472384,1.9369197556753903,1.6513031819993178
-0.004630089427834874,-0.00878094319117124,0.001679082205169753,-0.007513442691719892,0.3182574257509219,-1.1362910713227306,1.8766538838684939,1.7668238991074905
-0.004614208610520385,-0.008843493934739531,0.0015925420827749305,-0.0075361109469238305,0.30962585286393257,-1.0852790526514837,1.9023525257919083,1.7095376789213237
-0.004600652096440763,-0.008678767630676832,0.0017820165627059263,-0.007418207925154441,0.31407402767331133,-1.199908743580082,1.7950125005245618,1.8149214325121326
-0.004597765822381967,-0.008735455944398762,0.0017132667512771266,-0.00745262220854086,0.31112003661434207,-1.1592895134696881,1.8278364720580882,1.7743236859350986
0.004741031086526926,-0.007989568632460827,-0.0026180573840954616,-0.006981107811113427,0.33786386827581644,-1.6405210365946237,-1.3794374836689218,2.279905847541995
0.004713942053540313,-0.007907853241411564,-0.0026643795567605276,-0.006880847144766247,0.32426868685065435,-1.6570585838840814,-1.3070858306086945,2.2775480263826906
0.0046948162430485605,-0.007822430667663471,-0.0027174036016766106,-0.006782930626270208,0.3129573700890745,-1.6751179789774042,-1.236400911989678,2.2797694289723385
0.004649705033353482,-0.007881302017437143,-0.0026253161799359923,-0.006805278372290893,0.30736743339878037,-1.6326180974692779,-1.2654674830760229,2.224543120071166
0.0048686866821223175,-0.006147688075005754,-0.0036798609005667614,-0.005057346605003295,0.14363988019138604,-1.7898891278688345,-0.24276026888870308,2.243643864322547
0.004780761735682181,-0.006239173266059804,-0.003567385367191182,-0.005133701854819294,0.1503143769877043,-1.7723944168029326,-0.29386152207664185,2.2203233840618752
0.004789171556569625,-0.007067674510448059,-0.003303488477326091,-0.006047965803560942,0.24384687382580023,-1.8416367808660428,-0.7197995777801908,2.394009808379851
0.004774048597535401,-0.006973908352029372,-0.0033299478804632936,-0.005936714908855668,0.2304405521534009,-1.8336782067412774,-0.6619906049494282,2.3694455099951726
0.004781992212216695,-0.0063646106946218155,-0.0035412994223843436,-0.005269891882974492,0.16254346840752176,-1.7896905342854408,-0.346002887361595,2.2522350287884922
0.004781982747193793,-0.006493695963304818,-0.003508615501274084,-0.005410807392941925,0.1762938734101249,-1.8051182047797079,-0.4040734082860468,2.2835713746353252
0.004755506501789301,-0.006865032468793794,-0.0033553100194287605,-0.005808169989852729,0.21613916663623886,-1.8217433609116498,-0.5989447192645841,2.3389667028765833
0.004787392427122757,-0.006624753190612139,-0.003476193737098002,-0.005556832640978987,0.19000161519353634,-1.8210824701067063,-0.4672081037986184,2.3166883446739726
0.004761349868506664,-0.006745451967324896,-0.003406978610998193,-0.005679369423610139,0.20313154411926404,-1.8186144793013936,-0.5328384902589934,2.3228827804981993
0.004740324368193348,-0.007606439865340072,-0.002928998149486568,-0.0065982951988453895,0.3010908923654378,-1.7566162386124302,-1.087958897177742,2.3573102901759135
0.0047031938497539925,-0.00752471501202662,-0.0029474659310185698,-0.006488321471294017,0.2853469653003857,-1.7529276342118936,-1.0214286985185652,2.330981697489755
0.004756572639419207,-0.007376688897505315,-0.003099170837058273,-0.0063665232524665535,0.27781410551803415,-1.8041011673646004,-0.9248127816738166,2.384423140120273
0.004742569087053822,-0.007274025879724207,-0.00314462234976704,-0.006247682801477499,0.26338908925499194,-1.8072582239884072,-0.8530610468322722,2.3706534845237965
0.00474027670385666,-0.007156909189183176,-0.0032055538818424358,-0.006119625522364911,0.24846703319280156,-1.813670853288372,-0.7755343399947306,2.3617949960764464
0.004678600020516911,-0.007429671924256095,-0.002983857944845445,-0.006373770969170149,0.27098800026041253,-1.7553294666156187,-0.9512582630244494,2.3146385532465015
0.004637746165389761,-0.007742199250847961,-0.0027249230652674986,-0.006662166393861072,0.29379229307067695,-1.668795850797814,-1.1615756550384064,2.2442792968255887
0.004683439549669882,-0.007668293998091329,-0.002825799832236717,-0.006621461191307504,0.296195447259628,-1.7117408677145975,-1.1202361692723721,2.297345334395999
0.004640915405893017,-0.008777871175957885,-0.0016896902696719503,-0.007522290815768644,0.3217657601471153,-1.1419907259219693,-1.882148725954391,1.7773248884768502
0.004665297128599931,-0.008652694072579466,-0.001856780696268639,-0.007463255318410679,0.3345997309437494,-1.239727831591097,-1.820202469392999,1.8834943629677934
0.004649241785341725,-0.00871697720205173,-0.0017690664012399782,-0.007491078798215602,0.32714307730464626,-1.1890606627880693,-1.8503712017575762,1.8269487174191283
0.004699098597388649,-0.008417711427783681,-0.00215073236809846,-0.007320227205766153,0.34643679017897,-1.4056275202979622,-1.680540140140981,2.0559542242783855
0.0046657269262763215,-0.00846431349836303,-0.0020731452135529316,-0.007325511676111828,0.3369255683984309,-1.3633926797525433,-1.694091987110027,2.000522183312293
0.0046609432874385286,-0.008527189162471839,-0.001999126861668469,-0.00736869208137344,0.33578845448282424,-1.3222485600790093,-1.734313996583131,1.9596947794441237
0.004619882928818805,-0.008594540228575347,-0.0018926152846862998,-0.007378534081153381,0.32224865546281173,-1.2631917740502094,-1.7538654576568717,1.884401159797146
0.004664158772669251,-0.00835359862408686,-0.0021916916854658186,-0.007236269807272177,0.33538251038902406,-1.427804060466248,-1.6154444661198608,2.058806895952522
0.004686356837216626,-0.00806603936652001,-0.0024968405990546494,-0.007006972004513113,0.32895260073722016,-1.5807405085719384,-1.415508577980606,2.2028424089740493
0.0046230130163712555,-0.008116802327935536,-0.0023926948636460725,-0.0069997056744938975,0.3162296531774582,-1.527715715623116,-1.4260467190311699,2.1268492040894023
0.004630473853162167,-0.008288058079659575,-0.0022319837418802234,-0.0071523619732642785,0.32470286754245964,-1.448402222756573,-1.5516136447228923,2.0612586113149685
0.004601960544538054,-0.008197318742019134,-0.002297956508541945,-0.00705164181767025,0.31432372915782963,-1.480989782870946,-1.4738814126138888,2.0765077348874033
-0.004662151280938535,-0.007978035794603006,0.002554184821854088,-0.0069060172810870984,0.3178080972388943,-1.6040690727575861,1.3405919013251173,2.208907593366369
-0.004608765994705939,-0.007893458655347565,0.002576644736629392,-0.006785399470159256,0.29940205589921914,-1.6077734706377076,1.2605993956748618,2.1850279533329755
-0.004600867608682696,-0.007703437644434857,0.0027180927230711287,-0.006598265141499263,0.2834342851198209,-1.660016562878645,1.1248827915471669,2.21904946936133
-0.0045732554648470385,-0.007788393607063916,0.002627315471310936,-0.006660234395398966,0.28491659278516046,-1.6230345522850134,1.1760137212279516,2.179009419285648
-0.004723103536503986,-0.007076153434603844,0.0032271228075756247,-0.006023000000899638,0.23727034326733332,-1.8075195205151944,0.7246304915319222,2.341074666913643
-0.00469562342354893,-0.0074172842480130065,0.0030093985160036386,-0.0063715471096576085,0.2724400692632392,-1.7664336658598925,0.9448930417930331,2.3299056454717526
-0.00470449356227716,-0.00733328647033463,0.003069741512969559,-0.006288448524344644,0.2638460187588968,-1.7812097271589018,0.8892573763606946,2.3387492013319955
-0.0046937572397729695,-0.007179800660356821,0.003143554663734899,-0.006118951297078313,0.24552513804903073,-1.7885343535040448,0.7880538529033653,2.325140528074805
-0.00467195267291399,-0.0072684206663882825,0.0030724739772277528,-0.0062008293640120615,0.25315547805617195,-1.770623026510599,0.8434236755226687,2.3105272999579216
-0.004577828869422408,-0.0076080791394987,0.002763890623973313,-0.006489353851348364,0.2712333838303525,-1.6711923526664472,1.0538659391952052,2.213648161631829
-0.004609870544385615,-0.007483523247669143,0.002879106802871424,-0.006385921565350437,0.2652145713883555,-1.7113784569828405,0.9767407540550029,2.253299957083233
-0.0047017330978631295,-0.0058383744027470175,0.0035472532968222827,-0.004693831135314276,0.11529635541127106,-1.6874068250186178,0.1686216487258069,2.0811935555921113
-0.0046655207493744725,-0.0060309533314994584,0.0034831298571092986,-0.004885047936771514,0.12942887552696858,-1.7045894100483625,0.23606429354377903,2.111698086395906
-0.004740715907999266,-0.006693556405077429,0.003402355465571612,-0.0056140499813635255,0.19492513396303127,-1.8059541505038983,0.5071181432929723,2.298562049313151
-0.004715536581608969,-0.00654996345588689,0.0034204657513878856,-0.005448651588440292,0.1783429832989246,-1.7830707132453185,0.4384314239316672,2.2535213563003187
-0.0046755269385090345,-0.006384543137496056,0.0034221811530498873,-0.005258374891486318,0.16025749425538718,-1.751197204962445,0.36900515718936816,2.1953471501878954
-0.004660285977064625,-0.00620971635779309,0.0034452934922948493,-0.005069800186417971,0.14384088533941378,-1.7260116388387419,0.30080638524948794,2.149455838028014
-0.004663451432304816,-0.006887511910350386,0.003246544231161364,-0.005791087400399993,0.2097724473521822,-1.779488789299797,0.6148138241334733,2.2755079366260205
-0.004628574434453828,-0.006991467932722016,0.0031652548656753844,-0.0058854279434922266,0.21771310557133014,-1.7634989195072517,0.6731154797214689,2.261410214097084
-0.004626719442812995,-0.0067819202865345195,0.00324850157383991,-0.005662716714279052,0.19593598482537125,-1.7601754028243966,0.5595325306022935,2.235735741873896
-0.004911194334898644,-0.004972394055801601,0.0037920067332629626,-0.0038496875802306947,0.06515353545762807,-1.5844409089921871,-0.06562694429388266,1.922251261977882
-0.004840025212704178,-0.00517174362659353,0.0037245819481793773,-0.004040301375591975,0.07490480784161695,-1.6074530782481156,-0.016608178381466946,1.956233204046835
-0.004710533856514979,-0.005600196198070507,0.0035791571171311398,-0.004453104361270253,0.09986659117393816,-1.6525420649847888,0.10162856416743156,2.025637167715466
-0.004745881011756572,-0.005382004011353725,0.00362700693627916,-0.00423970844300476,0.0868287486875501,-1.62512131084626,0.04397316714328492,1.982928623124044
0.005529506660720252,-0.0014808022666389106,-0.003968320353848982,-9.76881052267645E-4,0.021824144480983996,-1.1273329477563474,0.15424610099693584,1.2870969993163508
0.005312155242019331,-0.0010433309425013288,-0.003793229964897921,-6.944588543999229E-4,0.02452868044436375,-1.122234537753634,0.09789657740423942,1.2793242231146638
0.005048177741919047,-9.285557917905784E-5,-0.0035911661345285274,-6.246323549471023E-5,0.02708568798223884,-1.1221172135630957,0.007750721696651314,1.278804551421067
0.005115928010469484,-5.97867759316097E-4,-0.003644220700994749,-4.0147663015298736E-4,0.026685420717061935,-1.1236950437005946,0.050725885071389636,1.2815999181750062
0.005670859817866341,-0.0032133642260652583,-0.004279852743449022,-0.002228329395231625,0.017087231604147962,-1.3078803871143412,0.3127608211219643,1.538165024227501
0.005653194539243685,-0.0027497700989290823,-0.0041969102351009585,-0.0018697258857085146,0.01765251692352233,-1.241131517380394,0.28012947671285854,1.4449957685084205
0.005455232038280906,-0.002308273509768199,-0.003994859926553725,-0.0015657747336767919,0.021356979490039493,-1.2014715682371009,0.21663206261658288,1.3885559339868063
0.005296458224001,-0.0018722720057468064,-0.003838604499721313,-0.0012674120094659637,0.024259215355077687,-1.1726003101594815,0.1649959493221773,1.3487439280571811
0.005452977210960823,-0.003630483268712844,-0.004162076095607215,-0.0026005002158757885,0.02335802748975221,-1.381524174088447,0.27814646683672406,1.6385292210065565
0.0054095389486628915,-0.00386414006491869,-0.004156472752703435,-0.0028060404532194577,0.025706072830363913,-1.4217174335523888,0.26679794867511436,1.6954385995775307
0.00538657982683564,-0.003400009574258157,-0.004075652244030811,-0.002416067900309652,0.023033675747589768,-1.3438879513036586,0.25912507033150994,1.5838993713483729
0.004992862768816374,-0.005772239674253414,-0.0038601666213423616,-0.004674694528340752,0.11126149170114956,-1.759863299376086,-0.08719439755706143,2.187842787838717
0.00504251844792129,-0.00562376120201445,-0.0039222797562436405,-0.0045221773757921305,0.09897347085928893,-1.7422896639798355,-0.03308927927435568,2.1602811924585956
0.0048458201478847095,-0.006000460542034104,-0.003677659392400835,-0.004892661922126783,0.1300254480181644,-1.7573291478496176,-0.1938707451055852,2.189536635145465
0.004836300017658563,-0.005818509750202673,-0.003689266682381741,-0.004697575141131013,0.11502004237070729,-1.722826253872025,-0.13722888417483795,2.1335585927025833
0.0050151882646866115,-0.005446153725735257,-0.0038985448062738145,-0.004331745609463395,0.08818029596169184,-1.697407692582686,0.0028428628126489367,2.0912419570088385
0.0049758173434346995,-0.005272805127183924,-0.0038596348142231453,-0.004150424827837941,0.07772597182971121,-1.6537718262058765,0.029873110735188512,2.023870492891774
0.005073669841338204,-0.005118899601568902,-0.003956169777317344,-0.004000401134159947,0.06783744164402045,-1.6412702865785191,0.08229103768116068,2.0055589799041234
0.005123517208384971,-0.004877175321312661,-0.003994989801414199,-0.003761168776041456,0.0563348856826525,-1.5982833271129122,0.1304140450914892,1.943902833777365
0.005171451332225693,-0.004638776379899807,-0.004024763424224428,-0.0035299225460264858,0.04677672514203942,-1.5557441425713818,0.16990109654564042,1.882231459398411
0.005235911056658147,-0.0043889505029403334,-0.004062587965088096,-0.003292249888164764,0.03821184026949736,-1.512441463017325,0.206089431640795,1.8211004285504029
0.005330925245846084,-0.004132000277012712,-0.004120985427752483,-0.0030507294854912746,0.031173764091204426,-1.46981630979274,0.24293097994826426,1.760639677233321
0.004016023199554736,6.000775560007712E-4,-0.002882827694138867,4.2262991171546966E-4,0.03569098371784993,-1.1820322938394854,-0.023937167959782703,1.3601022087203825
0.0044870216348849275,1.948264897844523E-4,-0.003208241643851084,1.3487563994113658E-4,0.03156228638898027,-1.158603526620171,-0.010963496674273444,1.327796827397232
0.002837291758428031,0.00131806435062511,-0.00204723205368473,9.476061134200357E-4,0.043754072435349685,-1.2132461421624479,-0.014854702950720068,1.4020783137333641
0.0022157700512660363,0.0014971164110207076,-0.0015985206764205211,0.0010791243690688992,0.046780301640979856,-1.2151610003483035,-0.006211438793161572,1.4049248773934966
0.003036394466805985,7.691266606080389E-4,-0.002186057469863507,5.509255374331776E-4,0.041989049468084974,-1.2045316641876516,-0.01220245860863726,1.3902544672738766
0.003457416398275392,5.354811853037311E-4,-0.0024857117115352737,3.812256402067912E-4,0.03911369389058311,-1.1956780880830162,-0.013509081128170777,1.3784061291541185
0.0010995271698742083,0.0020250988423592266,-7.918246558771472E-4,0.0014591289505121471,0.0501568391321553,-1.2115913141095176,0.0029355690551687748,1.400109761507821
0.0015928659660610263,0.0016065318553991782,-0.0011480753487994658,0.001157939837606286,0.048608497638116734,-1.2133306766011545,-5.348243497938407E-4,1.4022487116910127
0.0017344764797153798,0.0010538443015402626,-0.0012493183169642575,7.589994947125298E-4,0.047644904835261466,-1.210983733531403,-0.0021826918386261404,1.3991566831289122
0.004650408476051631,-0.009195488767144978,-0.0011532036441996225,-0.007755824545278117,0.28503888902674307,-0.8054410284098755,-2.1092472900736214,1.4459865397088103
0.004719915535090942,-0.009770533068218437,-3.451729826052055E-4,-0.007994805462761543,0.19470251710044043,-0.26853509027182265,-2.348569719932215,0.9239704877672158
0.004697747085131877,-0.009733300704987081,-3.976422165873984E-4,-0.007964939354624641,0.19811241464853283,-0.3060310835736854,-2.323179718639413,0.9529830187783409
0.0046823289413498856,-0.009696427521454264,-4.4970336661139004E-4,-0.00794200455352393,0.20290466403008164,-0.34231555312171885,-2.3027464479147253,0.9837839804611742
0.00468003531010586,-0.009660985204857572,-5.013631203914399E-4,-0.007933151373956147,0.2099974522324572,-0.37655451733961504,-2.2926749208323702,1.0183396283730097
0.004682444449009031,-0.009397712540476586,-8.833081611180469E-4,-0.007867562998700402,0.26290505057456365,-0.6263216025634989,-2.2159377016090835,1.277803460914843
0.00467773599019455,-0.009437486811029443,-8.249716530067331E-4,-0.007875132188126169,0.254401942307559,-0.5890134305977633,-2.22606260690169,1.2372156256920368
0.004680455222548604,-0.009350888163714557,-9.491553513593817E-4,-0.007849372590683718,0.27034510210934887,-0.6695063782881582,-2.197051232128701,1.321228028761315
0.004651931817005796,-0.009251670368433952,-0.001076885979544494,-0.007780972273254256,0.2775005320371314,-0.7561271709197519,-2.1347380765729955,1.3965445393355551
0.0046629496888429866,-0.009301198514842738,-0.0010125441778897017,-0.0078121981078237744,0.2733424793609058,-0.7130342433800027,-2.1637451757579935,1.3576656148223716
0.00464497165046487,-0.009371896701021514,-9.072297792682207E-4,-0.007818302821120105,0.2567992900748696,-0.6469978529852574,-2.1767277750667673,1.2818556181219927
0.004653582106835876,-0.009635481521051467,-5.33402826175042E-4,-0.007899126490512552,0.20904558777936622,-0.4012403003913145,-2.265139674411205,1.0320780825174412
0.0046322696080856336,-0.009599052364187517,-5.814371118403991E-4,-0.007868231889075416,0.2112823117335805,-0.43554964135250757,-2.238647147859387,1.0582015537028668
0.0046182111740802135,-0.009556978323556687,-6.382327007547331E-4,-0.007843314635788199,0.2161017454543693,-0.47468200955420065,-2.215844933969993,1.092462101250028
0.004641152671430948,-0.009493305395860158,-7.346454262723295E-4,-0.007851662118824168,0.2340173931453581,-0.534947439497425,-2.215079200674413,1.1648430755005645
0.004646536257464948,-0.009454758853279774,-7.909046272501299E-4,-0.007846432578560436,0.24271701758391068,-0.5709554808179044,-2.206954674641684,1.2043729918787784
0.00460597337550981,-0.009511333873814061,-6.996266403985225E-4,-0.007818580719599526,0.22168492013908517,-0.5164409561916594,-2.1927396804931067,1.1302161771599923
0.004701098909158696,-0.009809308762574936,-2.8497018418980653E-4,-0.007978377225579166,0.18097044556577793,-0.23150248924066483,-2.340279683517334,0.8767675600403974
0.004723759495744297,-0.009881311582295507,-1.7894011782677814E-4,-0.00800996850246293,0.1682080242353078,-0.15885049712315616,-2.36983250723044,0.8110312273905184
0.004712498756385415,-0.009920532455229813,-1.192430009768127E-4,-0.00799958358441205,0.15582046348913212,-0.12102944661871119,-2.3658149550126857,0.7663615205656319
0.004689668479754324,-0.009850699686066673,-2.2221230184325106E-4,-0.007969616387405983,0.1684867076035064,-0.19165472504291525,-2.337742335290271,0.8300141160496013
0.004746761419773275,-0.010021239468614131,3.258342273917796E-5,-0.008039831412874433,0.1361482771519196,-0.01718720866279248,-2.4035163490911198,0.6728489555084004
0.004696042826791341,-0.00995863750174325,-6.153708171539266E-5,-0.00798256803548404,0.14287685822594096,-0.08498302423198757,-2.356865523640781,0.7213034103946442
0.004720447649076004,-0.009989534244996871,-1.551948035874581E-5,-0.008010310409180503,0.13959268220508556,-0.051856155096960475,-2.3795892466081585,0.6974217743446179
0.004785438234848176,-0.01014214396613277,2.1962097445870116E-4,-0.008078255445227988,0.10924764778017242,0.10948547647686559,-2.4406578054727777,0.557055629183215
0.004789515465220119,-0.010106496757262398,1.6487836557107865E-4,-0.008085316318893372,0.12014282787057988,0.07424354984857467,-2.4428495076392043,0.5960025227492233
0.00476192671297311,-0.010083000306180845,1.2731488342167103E-4,-0.00805524716326715,0.12194741731627666,0.04661076181226597,-2.419618311441234,0.6126269843053905
0.00473405914288093,-0.010056067798771,8.52525210024899E-5,-0.00802484709845188,0.12443175338790292,0.015974454765859455,-2.395691456038197,0.6323691574524258
0.004785015147842735,-0.010270583139797639,4.1705185844125725E-4,-0.00806312418991551,0.07229452447743145,0.2385950458563176,-2.439853332386084,0.42096677852673015
0.004771150842772302,-0.010242920391137205,3.727641386421915E-4,-0.008051370484740519,0.07838067663790764,0.20841192622740604,-2.4294629214027155,0.4465895426038056
0.004762104381070625,-0.010213632528999156,3.2693448975977096E-4,-0.00804483978137771,0.08534327242405688,0.1775788847544196,-2.422586318016911,0.47502345663237105
0.004764640426197322,-0.010188675368930748,2.891385077520203E-4,-0.008050464526357177,0.09288132042336043,0.15297465321286036,-2.424615667480469,0.5020076648750555
0.00475616881993723,-0.010162032720681814,2.4766792439214657E-4,-0.00804347150175147,0.09893498395382165,0.12494092696308574,-2.417572203426289,0.5277130039607673
0.004848657552760044,-0.010721701096781522,0.001119174677981064,-0.008010241274740272,-0.052161325495267176,0.7046626087654887,-2.4347893420893634,-0.04107534991805862
0.004849510582447403,-0.010758346182188152,0.0011739801076440278,-0.007996033658465922,-0.062165755195662746,0.7413067332308618,-2.4272895610509964,-0.0791657193504655
0.004799225211744264,-0.010439133399891085,6.772074006054862E-4,-0.008045973496774937,0.025215025778934575,0.4105167311654192,-2.4402128328806594,0.24639003816660884
0.004813290583090473,-0.010385128169948372,5.979356099124741E-4,-0.008074315931914088,0.04222421646334786,0.35917548333798605,-2.456129839803976,0.30657316012003105
0.0048124321568591005,-0.010412839161068128,6.402322314659223E-4,-0.008067174765341615,0.03405878027493012,0.3868508074842185,-2.453132020389247,0.2770730468292128
0.004784717870894567,-0.010332603588854855,5.118418822976581E-4,-0.008052414731474083,0.054387117755323726,0.30080923095832995,-2.436964874515955,0.355379385173768
0.004788860014009019,-0.010366677406069901,5.64607412212403E-4,-0.008050486400463975,0.04507967462444005,0.33574359505920853,-2.4380999489284956,0.3204574902454604
0.00476365683120949,-0.01029751873662969,4.547762244497054E-4,-0.008034769155934,0.06197840005964068,0.26176535464548095,-2.4218808451264042,0.3871964468653017
0.004747150987723952,-0.010325474373130196,4.942030914870472E-4,-0.00801142472895644,0.05209089790422598,0.28665161606195694,-2.4074847290320043,0.35389443776922336
0.004829368992117388,-0.010590743764031367,9.155988468913643E-4,-0.008036520882291403,-0.01611116025057152,0.5690884193895394,-2.444269366959375,0.09289164566832649
0.004833765203771272,-0.010631201165124723,9.78047086865071E-4,-0.008027674003663436,-0.02739945362076193,0.6105847831911356,-2.4408606787569957,0.051210472242351424
0.00482625750443699,-0.01066866649242642,0.001031415029920913,-0.00800561711909613,-0.038138024623905496,0.6460089525822631,-2.4279312159794526,0.010755194293639967
0.004821195052177346,-0.010702870927402878,0.0010802908098637208,-0.00798686029384922,-0.04766947933179531,0.6786759884790587,-2.417031287388809,-0.02572641490538077
0.004792012134337463,-0.010508026520232484,7.79486186245128E-4,-0.008019704280290045,0.005025164469149353,0.47782058012669854,-2.4266531956696515,0.17251449608331312
0.004792958895861975,-0.010541273495912475,8.296976899420555E-4,-0.008011083651690244,-0.0042405158821690265,0.5111481459429025,-2.4229225457166197,0.1379190782324227
0.004794413455945249,-0.010575481358118118,8.813290270343566E-4,-0.008002111387622109,-0.013727951999023548,0.5455189740821681,-2.4190031861177173,0.10246407275578795
0.0047684744018524645,-0.010447797478268654,6.827341944569567E-4,-0.00800921878971985,0.02010989744898944,0.41269718590546606,-2.4149721130781168,0.23074946213279082
0.004760031272378909,-0.010483969843081347,7.346805238749521E-4,-0.007990457544235328,0.009394563982220815,0.4468454911193875,-2.404327520920464,0.19126841647293105
0.004932141450965042,-0.011057492487541428,0.0016526532396832197,-0.007936323308486475,-0.1407047092022782,1.0622219219743758,-2.405023452626214,-0.3793411040144479
0.004930068728079262,-0.011085615488693268,0.0016914967084144907,-0.00791704098913226,-0.14714452895017013,1.0890495588838627,-2.3930201622672667,-0.4084014104140454
0.004936642772153173,-0.011128272102847767,0.0017558814266965164,-0.00789780668894822,-0.15727394655297822,1.1329870130358872,-2.3819687113570303,-0.45155535815521036
0.004926389800165723,-0.011107555566503918,0.0017202678048683713,-0.007899425658974234,-0.15204715059435747,1.1091433124114993,-2.381714254781098,-0.4311303225863206
0.004922497908136445,-0.01114691030780029,0.0017729371958328112,-0.007870244634184214,-0.16050249959963694,1.1458750708984984,-2.3630903591528964,-0.4714269786080486
0.004886217310439585,-0.010877013459592487,0.0013658419933033706,-0.007982957845726545,-0.0938632627279708,0.8695154192806813,-2.4260448663305247,-0.1975984354725907
0.004885186267071422,-0.010902886575866591,0.0014031922058339327,-0.007968877561891132,-0.10054249285844885,0.8947828015764011,-2.4177968530843454,-0.22455937761205155
0.00487125438237839,-0.010852479308395937,0.001322583602941652,-0.007978036582686,-0.08723205417249862,0.8407864615505128,-2.420909236692896,-0.17403775585517017
0.004841306320976501,-0.010797683799789182,0.0012283977733314356,-0.007969741180809052,-0.07277427613206126,0.7779635503176096,-2.411350367797286,-0.12118056253038999
0.0048374666682181105,-0.010834387846988073,0.0012802440207215517,-0.007948769248180424,-0.08234503466501357,0.8130279772141061,-2.3989036647525985,-0.15962315047338002
0.00490408413036498,-0.011040267440368352,0.001611533152889189,-0.00791515650586372,-0.13512718054223075,1.0358209151936661,-2.3885674923724842,-0.36414623421628584
0.004882781466152289,-0.010932350290956697,0.0014447898928596455,-0.007951027929193546,-0.10801279752346114,0.9230658046258987,-2.4070420335089633,-0.255283609846607
0.004878846883801466,-0.01096099597678659,0.0014840333897448701,-0.00793145948701812,-0.1150839095007511,0.949958106637559,-2.394973109886599,-0.2852065291824854
0.004874681967136329,-0.01099394435309115,0.0015288872619008964,-0.007908848269452935,-0.12285750422331941,0.9807890848148614,-2.3808909832262173,-0.31937513923507505
0.0048725108061401234,-0.011025157510346563,0.0015719074000067857,-0.007888888111749997,-0.13019401948863263,1.0103741480616668,-2.368547885610377,-0.3513622682583433
0.0046732678466159475,-0.009042478347811793,-0.0013700723866574994,-0.007707535074400729,0.31062661768075156,-0.9406889988701314,-2.0534217209228096,1.5932601610628392
0.004637249813105294,-0.009141659938498768,-0.001220101262362259,-0.007717907777443522,0.2881996434053012,-0.849773665126102,-2.074637692462194,1.4849133750361538
0.004649547071367265,-0.009088289021096992,-0.0012972488813432078,-0.007705542043651673,0.2982537570044117,-0.8973055561905302,-2.058482507920257,1.5385310529045981
0.004644500192696333,-0.008998245931205047,-0.0014132513921342462,-0.007654456028847155,0.3063294488262413,-0.971370574968082,-2.00902360506771,1.6104320623149924
0.004628184914504984,-0.008944180389394011,-0.0014741191925311805,-0.0076083533946330354,0.3060758152239287,-1.0111148871627889,-1.9683463099179612,1.6424601715108629
0.004629196852825081,-0.008832282317740284,-0.0016154284568951455,-0.007544326778175543,0.31493088457268764,-1.097771402634221,-1.9063019977300943,1.7285718837360673
0.004622732954118912,-0.008886979208906515,-0.0015434219022245428,-0.007570329998634484,0.30916121348648834,-1.0543882510565494,-1.9329572627565106,1.6828362748192653
0.004589576136281146,-0.008795096914337783,-0.0016366299394714456,-0.0074822220568869545,0.30559248306951975,-1.1138897164550219,-1.857760259142697,1.7263211687762219
-0.004843351329109616,-0.010677008894700843,-0.0010503065288071222,-0.008021748618828138,-0.039904629359878006,0.658714662325682,2.439804490026738,0.0048447543240677125
-0.004836536936164047,-0.01064571946673037,-0.0010008525288996357,-0.0080256255655258,-0.03136379719477412,0.6257936871420623,2.440387574218436,0.036453076404368144
-0.0047985331489079205,-0.01060701638326787,-9.297080921515547E-4,-0.007996381197423207,-0.022292841919065273,0.577837863103093,2.417163683501918,0.07031508245428976
-0.0048093070738304865,-0.010634459471864813,-9.742967347553665E-4,-0.007998991701598703,-0.02926680450039288,0.6077633336997655,2.4208884515345224,0.04355937517373083
-0.0048433325500455635,-0.010739465658028689,-0.0011434132319420181,-0.007996992131587234,-0.05713993804094465,0.720908828150473,2.4266632070855567,-0.060447485642412424
-0.004821923142750553,-0.010704871076956732,-0.0010835366309886894,-0.007986899090329335,-0.048141236027224414,0.6808980845086362,2.4172068416943273,-0.02772940360506684
-0.004899045532437657,-0.010882972687862418,-0.0013809503873380093,-0.00799446767035719,-0.09567036155317195,0.8792440058339871,2.4346171698288113,-0.20215815012772362
-0.004887018774369495,-0.010857015258244467,-0.0013368126899782602,-0.007993600842309724,-0.08866769695123128,0.8498957197573906,2.4322188390305723,-0.1766734261124997
-0.0048762852409137735,-0.010815305323411495,-0.0012701468189212856,-0.008001082402353435,-0.07743043596102452,0.8053612640383071,2.4346510588378476,-0.13466718913865286
-0.004874951803375292,-0.010838355373295382,-0.0013035711253062457,-0.007988886097235274,-0.08353371097338852,0.827865008556844,2.427587986342781,-0.15885620499825162
-0.0048501893438476695,-0.010776508881778784,-0.0012011427867844766,-0.00798900756956396,-0.06702864547225416,0.7595229209555773,2.42350713916173,-0.09797985044382529
-0.0048567635876691955,-0.010802624590632783,-0.0012425697045172755,-0.007984857177043492,-0.07394446511343437,0.7872609020433768,2.4223246325166228,-0.1242107964282251
-0.004944653293463419,-0.011062064925539525,-0.0016666892810053842,-0.007947622512367771,-0.1425039468899407,1.0710233524876795,2.4134775001902837,-0.3829597597985705
-0.004933354030966539,-0.010984298000732333,-0.0015475681412843911,-0.007979850314093163,-0.12281955405920805,0.9904650423330887,2.4311617282128197,-0.30355194447717543
-0.004945774092908773,-0.011034672510285474,-0.0016278531457721685,-0.007965117979504418,-0.13590214530270447,1.0443951648682681,2.4241458017482924,-0.3545425228931381
-0.004938244905304461,-0.011005590293397975,-0.0015813227720282725,-0.007973400534502332,-0.12834849954699243,1.013147961981742,2.428044082314291,-0.32515084891323903
-0.00491675216079968,-0.01096930916027248,-0.0015165851296481097,-0.007969394628294,-0.1183948051286794,0.9702904592450664,2.422682288161736,-0.28979246578540035
-0.004880285014101542,-0.010911305394819064,-0.00141296706980588,-0.007959102160452433,-0.10261267780813933,0.9016198082245497,2.4113848919115104,-0.23387418783233307
-0.004893710274402493,-0.01094569746842998,-0.0014698922736630338,-0.007956234460491186,-0.11164213811876514,0.9396753359513428,2.411678521739774,-0.2678886703077257
-0.004980933104655848,-0.011183428867854828,-0.001862406774248289,-0.007911225717487246,-0.1727934223884943,1.203188461495891,2.3956426274952034,-0.5051151595870103
-0.004958733629075815,-0.011176349248021775,-0.0018376665705969006,-0.007891175707941638,-0.1694991199278377,1.18788473224466,2.380475340857966,-0.49918126973896626
-0.004928870532596992,-0.01108884231520119,-0.0016953422454863754,-0.007913729356361634,-0.1478482340746445,1.091820394029417,2.390842190378334,-0.4118452254769226
-0.004947738492139516,-0.011158343510093248,-0.001805231749633225,-0.007890793958036893,-0.16483640161090554,1.166274226245186,2.378943764003582,-0.48148740024404546
-0.0049373831854828305,-0.011137703928339798,-0.0017696065255571275,-0.007892619393134084,-0.15948717020792288,1.1424189966643885,2.3788451515647924,-0.46111711524671223
-0.004925493690847195,-0.011117104585811614,-0.0017331487325205023,-0.007892465458732014,-0.1540946042961374,1.1181138444336405,2.377307590501853,-0.4409329497296495
-0.005514258053009975,-0.012338859844565779,-0.0038058624021919184,-0.007300498333515973,-0.3485299421442551,2.5673831291406946,1.985167345888368,-1.6802538456275553
-0.005507339362037098,-0.012324207021146087,-0.003783091263081042,-0.007313815266161004,-0.3484225305457653,2.5509707575640665,1.9960092060891108,-1.666000727803487
-0.005499685604099789,-0.012310042666197446,-0.0037596845720935536,-0.007325608118233924,-0.34808871522045054,2.534028394060215,2.005542327097297,-1.6517685714589903
-0.005492733224258216,-0.012295504371649866,-0.0037367981997629787,-0.007338438492547534,-0.34788058642583713,2.517527508819335,2.015886125374631,-1.6375034931416625
-0.005476972171658925,-0.012293477067100904,-0.003713789411986255,-0.007325804125015896,-0.3458354773144178,2.5004248293507594,2.0052541082851723,-1.6297274186049002
-0.005465428005843841,-0.012280178985165084,-0.0036859925186224713,-0.007332274806925992,-0.3449131226848129,2.48028375148412,2.0102699028660473,-1.6147496446203111
-0.005448418087236482,-0.01226938738136795,-0.0036533971729503095,-0.007329975199251333,-0.34296915965245184,2.456609236603944,2.008062991180052,-1.5997580006264986
-0.005435933865633638,-0.012255166540464739,-0.0036236076207738187,-0.007336437026348799,-0.3418138942420654,2.4351669053360223,2.012979476224182,-1.5838301115344782
-0.005425795911449762,-0.012242048173285069,-0.0035979346442134848,-0.007343585467586408,-0.34075541679510635,2.4167163201806727,2.0184646314718457,-1.5696533812111289
-0.0054080953538660674,-0.012198507236382397,-0.0035329304259375644,-0.0073820325628789,-0.33932743462109194,2.370182805466466,2.0486687520781834,-1.528098007552278
-0.005419286139837759,-0.01221206203779636,-0.003560527056055409,-0.007375800821704998,-0.34055678453003524,2.3899750916453772,2.0440750796943097,-1.5430283478705642
-0.005413202437563756,-0.01222942944597222,-0.0035695873493721635,-0.0073475500492583305,-0.3393981394774839,2.3963515868675285,2.021299417046521,-1.5550339625153937
-0.005322688704102569,-0.012053057764504299,-0.0032789065162079525,-0.007474567552474283,-0.3267316533358831,2.18875066405993,2.1174752608448806,-1.379056684761003
-0.005318206605925122,-0.012009266040569651,-0.003226362207308393,-0.007521301749967769,-0.3249555903318018,2.150539317670987,2.1531357450477002,-1.339165251356233
-0.005314468776443168,-0.012037347301803687,-0.0032524354984426033,-0.0074846625247154954,-0.32518823622530274,2.169912854491184,2.12481098151645,-1.3631876460003856
-0.005310150190969537,-0.012023488145951161,-0.0032324573043183064,-0.007496433967745406,-0.32418671336846355,2.155577242923574,2.1336087156049905,-1.3498901510190124
-0.005277669247963161,-0.011950203792197574,-0.003114597918611461,-0.007546677359535831,-0.31664359770143563,2.0716341229306923,2.1698307813963447,-1.2768339105633526
-0.005284682672043135,-0.011965991927345244,-0.003140133077560492,-0.007536173441175527,-0.31837731181228257,2.089792507162439,2.1623465876298824,-1.2926216590289297
-0.005306301323530213,-0.011995666121689322,-0.003197654393043346,-0.007524708433084329,-0.32272243809873796,2.130321784349555,2.154987721521976,-1.3241804557768388
-0.005294103244838013,-0.011981428918837612,-0.0031679609043752713,-0.007528398146319994,-0.3203941832651456,2.109462408753187,2.1570432690517314,-1.308611303150445
-0.005397839558253314,-0.012184341693913109,-0.0035059250957636674,-0.007389807863592964,-0.3380365073131936,2.350812235969944,2.0544824811986717,-1.5129770582784925
-0.005390965013882001,-0.012199850800856235,-0.0035125384127463995,-0.00736343606558963,-0.33688289567427426,2.3555310124127344,2.0332906910284585,-1.523423031342405
-0.005384867407411488,-0.012171267142252296,-0.0034766021357947115,-0.007393356869143553,-0.33636516557084967,2.3298379801419693,2.056809074774785,-1.4979141026410316
-0.005371692176740512,-0.012157592490783431,-0.0034464851450579843,-0.007397304656970333,-0.33462250425695417,2.30835960374031,2.0594432272176078,-1.48234543078538
-0.005361305460595425,-0.012143346976135764,-0.003419283529165941,-0.00740457274446961,-0.3332016227730424,2.288976348315241,2.064764834114774,-1.4672202397885477
-0.005353089619528195,-0.01212840265135609,-0.003394017686325017,-0.007414703860590059,-0.33203793344325355,2.2709702726613084,2.072378490155366,-1.452184167415462
-0.005348564595084517,-0.012112730634326701,-0.0033724347328890946,-0.007429261434877539,-0.3312901089393639,2.2555317577849303,2.083560419816519,-1.4376018513183515
-0.005335369121171316,-0.012102109409347077,-0.0033455108775585604,-0.00742885837305112,-0.3293088344441056,2.2364997552622228,2.0826710712517422,-1.424757116986765
-0.005321951660863581,-0.012086678078239741,-0.0033134173258019197,-0.007433891641329915,-0.32723203439516363,2.2138101217045283,2.0859793795783683,-1.4078339495812704
-0.005310787281192702,-0.012069877982588866,-0.0032826084568595604,-0.00744262154844805,-0.32535720574002797,2.1920043113731165,2.092225439375077,-1.3904087017902336
-0.0049819938617429085,-0.011205020241325568,-0.0018934292819817735,-0.007897810341705926,-0.17755514141352294,1.224663185966165,2.3873723679262864,-0.5271610748731416
-0.004997178988860894,-0.011254369321691753,-0.001972738119213222,-0.007880374500037023,-0.1892142020697367,1.2785519075300191,2.3780789493424837,-0.5767465629813017
-0.004986396691765502,-0.011227172691469126,-0.0019273809558818195,-0.00788747404292525,-0.1826709561579671,1.2479203582684295,2.3813774380093595,-0.5495484176231603
-0.005008333988039702,-0.011307220753924135,-0.0020536003470462863,-0.007854417877660088,-0.2008688555498985,1.3341368411742576,2.3626282371008904,-0.6299777729022593
-0.005000642317867532,-0.011283064535181811,-0.0020148332209544762,-0.007863604861698403,-0.19542146679596953,1.307699692138559,2.367721406078376,-0.6057639960427091
-0.005004752840448673,-0.011346673653183138,-0.002104473720669631,-0.007820855868490044,-0.20801552275382434,1.3703524807506893,2.3404293104715097,-0.6697528278047375
-0.004992708325082792,-0.011329940234466864,-0.002072820827793182,-0.007820250993220186,-0.20371423344809506,1.3492359807704684,2.338789163490232,-0.6531499608459113
-0.005006787437965719,-0.011389729230384808,-0.0021636371766896277,-0.007789877044174636,-0.21599988317871285,1.4119537423133215,2.3202171275906047,-0.7126441457405689
-0.005004398942731903,-0.011366482236744864,-0.0021307981072777663,-0.007805310935774267,-0.21162809277943326,1.3889753630976,2.330178852386823,-0.6895411869876938
-0.005011129569644759,-0.011413338863173939,-0.0021982993514253115,-0.0077759880252874945,-0.22057279490253912,1.4360717544042705,2.311403113040982,-0.7360430424757677
-0.005062217991449196,-0.01151661268960395,-0.0023752732631541376,-0.007746143603005962,-0.24310356809787262,1.5567417613561545,2.2960873941679085,-0.8390626805433415
-0.005020061316557084,-0.011439498951295484,-0.0022398430893108977,-0.0077647012560774,-0.22595791978137322,1.4646460076225585,2.3047047917430423,-0.7619866785280377
-0.005047532767461963,-0.011493247430738929,-0.002332573835276811,-0.007750084205349199,-0.23768577126427723,1.5278079336069395,2.297396691074479,-0.8155820156866201
-0.005032607777128931,-0.011467627758838729,-0.0022868410860771363,-0.0077552917526025585,-0.23194612146053897,1.496775913939386,2.2995563028454558,-0.7899543597381179
-0.005128172317016266,-0.011648434893926182,-0.002601941348916561,-0.007699051709267887,-0.2695615753835534,1.7124942356648045,2.269392393207962,-0.9714607596996131
-0.005112511432094044,-0.011623816983494342,-0.0025565482626683004,-0.007705087400838488,-0.2643723701487855,1.681447428628264,2.272244531558702,-0.9464002805758817
-0.005100066615455005,-0.011597488069114282,-0.0025119970056546857,-0.007715748361843445,-0.259331518429558,1.6506947068091267,2.278573673172065,-0.9199820669153039
-0.0050910823421954155,-0.011563116668388858,-0.0024602231358634165,-0.007736867005127573,-0.2535014669828178,1.614445196785004,2.292406775256152,-0.8859677829063531
-0.005075341658612231,-0.011540933705250219,-0.0024179368892636686,-0.007739325186454027,-0.24826987631752587,1.5858427777071429,2.292638044411426,-0.8634563302694634
-0.005260436899527775,-0.011926484364759793,-0.0030686972126507833,-0.007555145069554395,-0.3128871952356022,2.0394510622720916,2.1750394342794492,-1.2517524843987682
-0.00525883215117688,-0.011946605033734462,-0.0030895024273771897,-0.007531137667439315,-0.31371361617861476,2.0547910756264547,2.1569322541964806,-1.2695983798685193
-0.005110211231685978,-0.011671650736458601,-0.0026137444279587057,-0.007657952254259773,-0.26976576637913263,1.7230967568944635,2.2388818627363225,-0.9920671782799525
-0.005135972481900199,-0.011695814286740788,-0.002667917662336625,-0.007662350319591373,-0.27605247130800864,1.759511788375715,2.2440596061084013,-1.0176796220832809
-0.005118354789833298,-0.011689299850081217,-0.0026430607866942653,-0.0076498416105924855,-0.27287676981518016,1.7434105368883206,2.2337805701458735,-1.0096129021870601
-0.005144107721828256,-0.011716709925749769,-0.0027012809048032847,-0.007650769635483398,-0.2794183943711377,1.782835882898145,2.236472006092598,-1.0384182591138627
-0.005180309230682654,-0.01175047429058568,-0.0027780222957406835,-0.007656022279533203,-0.28805710896699305,1.8346337298969109,2.2432590951813203,-1.0746906378747074
-0.005157899354662661,-0.01173943585066036,-0.002742361460225742,-0.007643110256778227,-0.2836485063917384,1.8111905811955782,2.23209849394847,-1.0615550460195948
-0.005182112126131504,-0.011769871974407762,-0.002803210638852671,-0.007638418951011028,-0.29010500501422115,1.8528334040790087,2.2306958480526515,-1.0933170938881032
-0.00519164546714891,-0.011784487154473777,-0.0028303904330292807,-0.007633707787101663,-0.29274421131333545,1.8716593279370435,2.2280188849724807,-1.1084004565741739
-0.0051931383414485785,-0.011801660152398065,-0.00285233607217437,-0.0076176883957113145,-0.29453087005015854,1.8875555165253408,2.2164750192479588,-1.1247653643350086
-0.005199384173180239,-0.011821109746023762,-0.0028817348897503254,-0.007604167048007808,-0.29692696054146817,1.908367190908178,2.207065370477928,-1.1438474896675392
-0.005245148336868278,-0.011911037061734502,-0.0030343864785191198,-0.007556198142167166,-0.3097831627476388,2.0156663091438047,2.1748188620255653,-1.2346730749342463
-0.005234018008725974,-0.011895178867665487,-0.003004231057913441,-0.007561859905685566,-0.3072140726735224,1.9946143898000164,2.1782859786178737,-1.2180960690132399
-0.005205759311449417,-0.01184093364923966,-0.0029115710946158724,-0.007590157923156769,-0.2994185130609856,1.9295430715146924,2.197237766781992,-1.1632694313574792
-0.005223828121808712,-0.011878885292997805,-0.002974612019513534,-0.007568788903896076,-0.30465550357742593,1.9738869009428834,2.1827238405754357,-1.2013186649278838
-0.005213788183727492,-0.011860574345620642,-0.0029428211126003474,-0.007577834077828297,-0.30199713801873646,1.9516027796700366,2.1887225136207604,-1.1827423853399817
-0.00550368537509174,-0.012353951627361767,-0.0038049511375344218,-0.007269764250443713,-0.3464155476081539,2.5657311956246396,1.9598223069682021,-1.6873412707176423
-0.00550110064895937,-0.01238434165643895,-0.0038280666024248507,-0.007225726206349473,-0.34443383423248175,2.5810476183855084,1.923616944945189,-1.7087628674061184
-0.005506701188202811,-0.01239818066662997,-0.0038476638680037295,-0.0072118947479285,-0.34429955327196643,2.5948593720973814,1.9122218346278672,-1.7212755819411318
-0.0055132308107298305,-0.012412457754635476,-0.0038688184220291235,-0.0071981929733626335,-0.3441504185956468,2.609785927307527,1.9008943820929864,-1.7344323778844364
-0.005493577617941666,-0.01237003695442075,-0.003805338805229688,-0.00723827465585966,-0.3443169461210119,2.5648526401029703,1.9339244528365553,-1.6949923099824213
-0.013740149634885993,-0.006681675014610206,0.0055304465533031685,0.0062334753782467165,0.5615152953550395,3.982942786314165,1.0552192556171098,-2.6741316831519715
-0.013755784916503977,-0.006678324241700718,0.005500894067787102,0.006219844870875236,0.5511947882484877,3.9505365645288406,1.0610931651362971,-2.6581497200301683
-0.013750556019033765,-0.006693441434347548,0.005510847575735489,0.006250809101791474,0.5593983320953793,3.9770281834781644,1.076314907758767,-2.667917354042231
-0.013729706333856551,-0.00666994134237994,0.005550005497681333,0.006216067254190927,0.5646916034806159,3.9887069610227797,1.034087721045789,-2.6802111461392797
-0.01374532129706843,-0.006666528393088751,0.005520439229849493,0.006202528771075505,0.5540345540582318,3.9563103876472696,1.0400805246755163,-2.664231461020845
-0.013719226219359807,-0.006658240533906346,0.005569510507365593,0.006198597130367689,0.5679801213701154,3.994314705044996,1.012949868726821,-2.6861495716019763
-0.013734820789730331,-0.006654779854809602,0.005539929425065892,0.006185178014588912,0.5567168106802511,3.9619295032566657,1.0190247975668125,-2.670158740127356
-0.013760925383283718,-0.006705240485047168,0.00549119681505737,0.006268078771241386,0.5574875269451541,3.970913344480872,1.097395448157016,-2.661587978086066
-0.013766229579920025,-0.006690141250548812,0.005481260992860928,0.006237071506879132,0.5481600006527209,3.944537075750215,1.0820567031593187,-2.651887716180091
-0.013781552642028792,-0.006728936011698175,0.005451668674547361,0.006302488175712683,0.5495644158023033,3.958091393697481,1.1396160138846412,-2.648547935161198
-0.013771257625019942,-0.006717072049872408,0.0054714706222782315,0.00628530506933474,0.5541684947395528,3.964579552362725,1.118501685430661,-2.6551431239619596
-0.013787059198078927,-0.006713858126973625,0.005441746127920129,0.00627128611862069,0.5428465178744867,3.93194590882602,1.1238136133587515,-2.6388473920624356
-0.013776664109458617,-0.0067019769738319674,0.00546152692796189,0.006254198732676421,0.5452917526099378,3.938306419513642,1.1029665633316474,-2.6454404115763968
-0.013812213328629513,-0.006764721103672905,0.005392014795706138,0.006353599812351053,0.5410831147040166,3.9380972957953424,1.2023163876950644,-2.627622077609187
-0.013802030595032835,-0.0067527606564291775,0.005411932443765005,0.006336642612373048,0.5427039438853206,3.9448824773882176,1.18156120040315,-2.634781078950521
-0.01381778004191523,-0.0067497965742833255,0.005382508653619878,0.006322472116868843,0.5351920489327725,3.9124345113038466,1.1859542663535887,-2.6184562209253035
-0.01379181033250085,-0.006740832253114334,0.005431816207520534,0.006319606183778757,0.5454051034381169,3.951525821242994,1.1606589055416885,-2.641763814635293
-0.013797376096670921,-0.006725803292442098,0.005421985867555458,0.006288386258699918,0.5405707924902736,3.9255424741113845,1.1445929304646036,-2.632153925955563
-0.013807608108495692,-0.00673779394334139,0.005402254904892301,0.00630547178477068,0.5380579719582724,3.919069091910002,1.1653040949737858,-2.6253662446239363
-0.013822358432705554,-0.006776713476601135,0.0053720474603967715,0.006370491353777403,0.539532690904899,3.931106675898229,1.222971443845216,-2.620319230658356
-0.013827922298192142,-0.006761795992207765,0.00536269537285682,0.006339344469135294,0.5321358073147283,3.905572764368651,1.2065550644378822,-2.6113920921017617
-0.01383246580708731,-0.006788737656698446,0.005352016634015458,0.006387328958202292,0.537183878431967,3.9238923254777887,1.2435818667666507,-2.61288965474665
-0.013838050665880527,-0.006773804365288323,0.005342789158441796,0.006356101659342806,0.5291538832723596,3.8984819633944494,1.227116813593007,-2.6041601382812125
-0.013848159741412507,-0.0067858478535553,0.0053227988976916295,0.006372792547945768,0.5263676293271168,3.8912114001115286,1.247643462753592,-2.5967687914018445
-0.013842535352014636,-0.006800793525181948,0.00533192504516741,0.006404110302165503,0.5342689214552898,3.9164867119673112,1.2641681243898344,-2.605332259828596
-0.013858238714768267,-0.006797937250932955,0.005302741865415214,0.006389442258020052,0.5236001917136731,3.8837875959787342,1.2681284100005927,-2.589224594183127
-0.01385256696814258,-0.006812880963004883,0.005311786178334682,0.0064208240500687646,0.5318505984871126,3.9089209011407022,1.2847202482221702,-2.5976484078214566
-0.013655578290412796,-0.006588732293902653,0.00568536983654789,0.006092505251522805,0.5849872868303638,4.023865399658618,0.8848502809813731,-2.7185154096101276
-0.013660488547774602,-0.006573387215053783,0.005674466996862393,0.006061805474750256,0.5758257170361124,3.9961553057921466,0.8708665331514852,-2.7073656674530935
-0.013666277091978747,-0.006600233495542399,0.005666164855130804,0.006110370247567436,0.5799003291751356,4.019233292758714,0.906464696658429,-2.7136165200470526
-0.013671299026955014,-0.0065849059616548125,0.005655266341907497,0.006079565951881912,0.5734959090325963,3.9916424737676413,0.8921884919484068,-2.702412436629627
-0.013665557224405307,-0.006557775784423823,0.005663759820872486,0.006031174055137434,0.575709549949401,3.9691393476172547,0.8502904343223953,-2.696136069487805
-0.013393490370414533,-0.006246956081816554,0.0060917525030767805,0.005507733362363921,0.6348207043834221,3.953713011513362,0.2881908555709938,-2.734095882921888
-0.013380968746319074,-0.006236442119875671,0.006110482849113516,0.00548890891022582,0.6376679691773738,3.9544209954146123,0.2666069177776178,-2.7351886087882913
-0.013368454178534911,-0.006226655638874711,0.006129342874922815,0.0054712520185119405,0.6406000328211472,3.955971191441216,0.24573307118837365,-2.736591587904444
-0.013356310060110359,-0.006217316119124229,0.006147591118644578,0.005454264854189771,0.6434485190901736,3.9574635144145405,0.22558803664744478,-2.7378776595733885
-0.013434359679657396,-0.0063083854850115965,0.006038423753888223,0.005617431270232808,0.6291089808924432,3.9902299142488435,0.38782627758683036,-2.747201072380713
-0.013411940883535645,-0.006286609067883367,0.0060721353137487485,0.005578995615366144,0.6340609445175484,3.989110919301345,0.3455671647550067,-2.7487249189482656
-0.013423173536968385,-0.006297557607342186,0.0060553235474676,0.005598378216351293,0.6315934103798374,3.989864467763559,0.36677935311595466,-2.748086636290458
-0.01344973471127314,-0.006303534637335405,0.006008920997632734,0.0056074907592591474,0.6229956863184544,3.9608429415246404,0.39493295278060175,-2.7327269566414647
-0.013405916861519073,-0.006258220707967401,0.006073322071971281,0.005527774279975222,0.6320619104481406,3.953991316633981,0.3104447544599062,-2.7333768894328307
-0.013416741413900694,-0.006270449162102262,0.006057967751272813,0.005549484113475362,0.6300321141971982,3.9576418257074635,0.33235621546186594,-2.7342172111760394
-0.013566538970608685,-0.006455822574424686,0.005832867177655645,0.005869602913335226,0.6004061419246752,4.00056805689018,0.6591360943035071,-2.7321889379380657
-0.013499157708111248,-0.006389055381439469,0.005942592801860678,0.005758553654934513,0.6169523958627258,4.01291229067374,0.5303519925611839,-2.7489162305519272
-0.013487830005233315,-0.006378165036019126,0.005960664141015649,0.005740052885836664,0.619620618310842,4.014482050841661,0.5089976974817815,-2.751211191134932
-0.013464984750142087,-0.006356358557155957,0.005996758880924853,0.00570265009916747,0.6250565219299271,4.017033095036294,0.4660366144787745,-2.7553241901070638
-0.013476450939714384,-0.006367255990470552,0.005978695093120874,0.005721398654976538,0.6223221625236269,4.015823574940277,0.4875544125028264,-2.7533319583289377
-0.01351492938460593,-0.0063838509735899135,0.005912263307282224,0.005746589095566912,0.6101259350803677,3.9812658717282203,0.5361030698302405,-2.73348752929262
-0.013526504651808408,-0.0063945680423721585,0.005893599229958863,0.005764397424094499,0.6072885616940703,3.97869462320238,0.5571306161543337,-2.7306377300590934
-0.013538153953803393,-0.006405564650156902,0.005874740919021484,0.005782570180845867,0.6044474388166429,3.9761316056181246,0.5784959018627257,-2.7276937558042396
-0.013571356283182229,-0.006440064393640164,0.00582092328963562,0.005839422823126242,0.596631920187773,3.971581227449948,0.643016488292619,-2.7198879157534104
-0.013560640661720968,-0.006428537963426763,0.005838342992720083,0.005820473834487309,0.599128159949175,3.9727878860144163,0.6217306692317145,-2.7223959577509054
-0.013549644071269682,-0.006416904719810876,0.005856123562959353,0.005801267892391674,0.6016966753818912,3.9740149117616625,0.6001187970118154,-2.724868782842822
-0.013457590092928828,-0.0063295033115819575,0.006002501073214977,0.005654132704987897,0.6236533876068419,3.988074310758441,0.4299785536835477,-2.7438438336418005
-0.013469222041422804,-0.006340346557274434,0.0059844028704741925,0.005672810180468602,0.6209310856213651,3.986983427413174,0.45134799857485325,-2.7420358765603505
-0.013461625084860923,-0.006313334944906741,0.005990316764513816,0.005624302978138874,0.6201074271272012,3.9582834215163643,0.4151463100818918,-2.7303862405427837
-0.013577652725130967,-0.006466999817965598,0.005814352606748022,0.0058877753458609836,0.5977374796677966,3.997794553621722,0.6804502539630697,-2.7288129059084856
-0.013588792760080105,-0.006478218624642637,0.005795669553030688,0.005905886852312341,0.5949939539515038,3.994760997007646,0.7017801360014034,-2.7252348902829957
-0.013633018987822466,-0.006523683835041107,0.005720381062837032,0.005978177648651165,0.5837502646398427,3.9811694456415267,0.7871677691746469,-2.7094868790662763
-0.01362210404177046,-0.0065122376242660275,0.005739120223236403,0.0059601176294193795,0.5865508296540343,3.984648977824913,0.7658692220380802,-2.713564127812681
-0.01361105447284905,-0.006500840102571059,0.005757987831701377,0.005942053370150648,0.5893940230174985,3.9881342608829624,0.7445123692127269,-2.71758099454968
-0.01359992956002652,-0.006489504996247847,0.005776877323263824,0.005923990641177965,0.5922137957789232,3.9915450731271,0.7231444893012805,-2.7214917851148397
-0.01367066859490118,-0.006542025675285792,0.005652749211342705,0.006000289569310282,0.5719284697623483,3.9414404090283175,0.8323844720488237,-2.6850398609971062
-0.013659834770652685,-0.006530905153299138,0.005671584702337375,0.005983269066975013,0.5747065358758534,3.945800627383503,0.8119350741467392,-2.6896199069971014
-0.013649216865664364,-0.0065195068552941155,0.0056898689146844894,0.00596553822429318,0.5773331452889724,3.9491975616157293,0.7911861039808269,-2.6936992460310987
-0.013911954649541827,-0.006886061847125404,0.0051898211985355654,0.006519801388934234,0.515863828662639,3.8602403398254537,1.4071137363651678,-2.54861070573581
-0.013927755885444225,-0.006883528261646291,0.005160829963054918,0.006504357255869464,0.5045791179757607,3.8274193410137385,1.4097559809587976,-2.532330745598337
-0.013921718017639338,-0.006898366915619616,0.0051693091897447585,0.0065360764103794934,0.5127589186713842,3.851535786393273,1.4272775574402548,-2.5399498740183413
-0.013937539209172784,-0.006895864765725908,0.005140346065366857,0.00652048806520976,0.5020801531204255,3.8187288665725263,1.4297306025266545,-2.52363721558369
-0.01393144267732052,-0.00691070259202147,0.005148736071765238,0.006552294916255772,0.5092710713574261,3.8426838501394944,1.4474058583223233,-2.531149569760332
-0.006115618755622204,-0.01319302209302198,-0.0052557773216242625,-0.0063939137759881975,-0.26453868899077065,3.555744704524883,1.133567930614171,-2.471238906444826
-0.0061256809533149605,-0.01320522522780238,-0.005275803457202257,-0.006377277248228612,-0.26190281113831065,3.5672986201704346,1.116601877292217,-2.480219522318809
-0.006135822417800452,-0.013217305356083219,-0.005295837415385255,-0.006360761091726033,-0.259290068848834,3.578829331976326,1.0996942118692206,-2.4891193154231535
-0.006207365638469971,-0.01330145692394305,-0.005433777918430908,-0.006242321122495296,-0.24039091653250158,3.655076697660568,0.9779106976145943,-2.5478230023066177
-0.006186411570444529,-0.013277610270527374,-0.0053940492730103,-0.006276255545824738,-0.24604716618218284,3.6333951189094127,1.0130425880092295,-2.531356570979231
-0.006196846642050477,-0.013289608352317841,-0.005413901632788671,-0.006259204980033084,-0.24317473746189852,3.6442333688454993,0.9954296349105265,-2.5396245137791262
-0.0061761602641089465,-0.013265495674107399,-0.0053743987611016555,-0.006293459882759172,-0.24888772805110512,3.6226981111665917,1.0307203245350811,-2.5230961147063957
-0.006145954520070103,-0.013229299599160143,-0.005315729713031867,-0.0063442557806135365,-0.25673773377680487,3.5901881078475752,1.082764683879336,-2.497869532926084
-0.006156019896130266,-0.013241303153090718,-0.0053353906991369495,-0.006327566445540396,-0.2542043211635967,3.601245194400802,1.0656568106373892,-2.506422686529737
-0.006166060412388451,-0.013253370855426855,-0.005354898262876342,-0.006310616996812163,-0.2516107434153155,3.6120387432050833,1.0482975804789716,-2.5148100536793687
-0.006059232858529488,-0.013147019615428232,-0.005146838616180094,-0.006445312129303604,-0.27543498424360696,3.4810668243312324,1.1924954856434502,-2.4210032538639084
-0.006069446462639014,-0.013159365710305302,-0.005167507400766369,-0.006429194288776135,-0.2730219669028962,3.4934487160897123,1.1761651951282683,-2.4305782890675602
-0.006079580349828136,-0.013171550536958496,-0.005187892801279182,-0.0064131749506289885,-0.2705821371602377,3.505580700230254,1.1599003284004878,-2.4399471289862404
-0.0060894043097393,-0.01318389504850403,-0.005207653227892676,-0.006396572396315436,-0.2681152965019216,3.5169845705030913,1.1431815713645532,-2.4489420374390796
-0.00609918899979904,-0.01319635584090737,-0.005227249655993471,-0.006379609933209382,-0.26561013116897886,3.528086337989612,1.1261430339176013,-2.4577669539911935
-0.0060337152394548885,-0.013136623917070645,-0.00509987046400429,-0.0064493909565368135,-0.2780653794238841,3.4442176735498236,1.2019742290957713,-2.399171054024235
-0.0060418056063295455,-0.013150309644598868,-0.00511716996968329,-0.006430053426801739,-0.2756517679235691,3.453008356015982,1.1835591615891536,-2.4072241045468314
-0.006511934219083641,-0.013621930607581982,-0.005959508919306056,-0.005739330103212842,-0.15540695137848362,3.892934290272905,0.45155519730152305,-2.7220685671201186
-0.006523434789991153,-0.013632886484172194,-0.005977660283009227,-0.005720525312330887,-0.15206919679460695,3.8994236000256968,0.431727719259876,-2.7264463747616605
-0.006519057891390381,-0.01364898980390826,-0.005964647868182176,-0.00569011559243898,-0.15173533918014695,3.8749592371373027,0.41145468447029115,-2.7154684124914827
-0.006466865683548519,-0.013577624135928633,-0.005887440499459808,-0.005814311303696113,-0.16820979574561853,3.8664646414420623,0.5303111389413356,-2.703708898386165
-0.006500545063586279,-0.01361082865538752,-0.005941473150230848,-0.005758292414811943,-0.15875590439080692,3.8865235601580985,0.4714630878631447,-2.717665160990977
-0.006478093496270115,-0.013588623589824834,-0.005905603714755062,-0.005795891934061519,-0.1651165883639444,3.8734664157189553,0.5108992755749938,-2.708572589742845
-0.006489285596937251,-0.013599696578927198,-0.005923550914356124,-0.005777203893536504,-0.16200108212432096,3.8800959473123116,0.49128182192442255,-2.7131959829672745
-0.0063076745549554515,-0.013434161854993798,-0.005616033862160232,-0.006038439282825137,-0.2107106450164348,3.7331828295471863,0.7749500718204773,-2.6139809038832467
-0.006318230544025502,-0.013445686946953535,-0.005634448701550805,-0.006020712370524295,-0.20779230133172746,3.741644457016608,0.7565949440385564,-2.620320886214451
-0.006328775121319616,-0.013457384696444597,-0.00565270240679703,-0.00600253977594933,-0.2048111195709362,3.7497245992191757,0.7378825045816612,-2.626440631956862
-0.006450867743443772,-0.013582471692157387,-0.005856705075095093,-0.005802378115357068,-0.17087105699916025,3.8360087887863057,0.5287942879881508,-2.688612683723349
-0.006417108888795978,-0.013548736449165715,-0.005801695351565454,-0.005857721368295251,-0.18028844868960778,3.814245490544487,0.5866878212543564,-2.673234528004835
-0.006428059584115064,-0.01356015999199144,-0.005819566691580219,-0.005839011541695274,-0.17719312969624748,3.8210892467788855,0.5673215162203366,-2.6782223077187663
-0.006439316274077167,-0.013571525295081696,-0.005837881799052221,-0.005820345388981435,-0.17403977233261161,3.828230773808739,0.5478587601307748,-2.6833035618356464
-0.006339495844595959,-0.013469167452576742,-0.00567113849030644,-0.0059841388622972344,-0.20182205717759813,3.757787737297033,0.7189044841430369,-2.6325164546458972
-0.006350500376717495,-0.013480793223692597,-0.005689982371001995,-0.00596597737375525,-0.19877015214505536,3.7661973163155236,0.700005512630198,-2.6386977700091756
-0.006361687303054934,-0.013492086663693089,-0.005709075356535177,-0.005948341692372099,-0.1957157598360759,3.7749469715087933,0.6814358012316112,-2.6449581151935626
-0.00640594862487592,-0.013537609723826359,-0.005783250023002113,-0.005875712924123237,-0.18340313123960453,3.806547937292567,0.6055848380430017,-2.667790420354445
-0.006372604861275934,-0.01350338861611775,-0.00572754960005119,-0.0059304859158578966,-0.19267336343754196,3.7830314895998476,0.6627845163404804,-2.65082566188015
-0.00638339539469934,-0.013514960460208794,-0.005745622434750685,-0.00591197565458254,-0.189639224823982,3.790442705048551,0.6436589057914784,-2.656332215693013
-0.006394544667986363,-0.013526464117913016,-0.005764235027948354,-0.005893551357678877,-0.18652860485314823,3.798247995493504,0.6244526771525108,-2.661982079067805
-0.006201627242579988,-0.013316919700556625,-0.005424373879582014,-0.006211988572582706,-0.23929954496286965,3.6371687372076518,0.9547368582389594,-2.541778140725214
-0.006296807623058953,-0.013422831295658503,-0.005596916882616643,-0.006055581996713376,-0.21364974581321963,3.7238536641081765,0.7929307177377455,-2.6071762007457946
-0.006243361929678733,-0.013364640141000363,-0.0055012386257919455,-0.006142412904213953,-0.22808940188436447,3.676517845890752,0.8831547605346796,-2.5718452979617603
-0.006212036640202687,-0.013328619997595416,-0.005443718585836663,-0.006195198112549185,-0.23654514929524725,3.6474261035447637,0.9373785314942752,-2.5495356067804695
-0.006222139870794438,-0.013340702393762081,-0.005462405835209439,-0.006177464166476589,-0.23378127916350255,3.656752231489698,0.919312468123313,-2.556840748087108
-0.0062325258267379655,-0.013352842521052824,-0.005481479608330126,-0.006159608850302769,-0.2309441925027053,3.6662740156384395,0.90104775979819,-2.564210537857921
-0.006195980756996528,-0.013332081999779118,-0.0054150034802874425,-0.006182410900145144,-0.23749983899332425,3.6197742036728413,0.9318632357692572,-2.535661201964183
-0.006264983781519043,-0.013387632751720691,-0.00554031737591863,-0.006108682008567109,-0.22235702441168773,3.6966901433126815,0.8478512450237615,-2.586708197257796
-0.0062753157574680155,-0.013399502325585592,-0.005558800111139639,-0.006090767557332844,-0.21949756297856662,3.705427580116787,0.8294736111323145,-2.5934381942696465
-0.0062858334292686426,-0.013411362803347931,-0.005577495161442632,-0.006072806573781848,-0.2165828365070345,3.7142413459755335,0.8109953190787461,-2.6001559421261473
-0.006248990364374797,-0.013391318516221612,-0.00551128336834287,-0.006096241559666365,-0.2235475050014444,3.668600145552228,0.8432067218486791,-2.5725720724558325
-0.006237826774466264,-0.01338051160474152,-0.005491251023692628,-0.006111658509088896,-0.22629534962244138,3.6577113940378605,0.8596845396898624,-2.564873985956361
-0.00565151515237905,-0.012647027423087565,-0.004247432065771822,-0.006979841379870253,-0.3375087737138031,2.8756616037757152,1.7131988781738767,-1.9558318240368926
-0.005665903170949881,-0.012665405528909487,-0.004281417456626976,-0.00696391156811043,-0.33660989616877235,2.8996853260400854,1.698726058210458,-1.974399978142859
-0.005639585441085598,-0.012627314265779272,-0.004216100136248887,-0.006999511745765267,-0.3386646145959076,2.8540254157140907,1.7306020407756475,-1.9378331251997187
-0.005619777604720968,-0.012611470697288369,-0.0041756078650944115,-0.007006518817437795,-0.3385665041772094,2.82420335730227,1.7376412313339245,-1.9175198023950202
-0.005602816428579628,-0.012595636559102395,-0.004139405213881674,-0.007015619555336537,-0.3387454741387974,2.797918923681102,1.7461916540201028,-1.8988743232936132
-0.005594625492421728,-0.012579517782825908,-0.0041158462229348184,-0.007032307851289668,-0.339460202196235,2.781815719732205,1.760588482044216,-1.8848330933628177
-0.005580224148245319,-0.012568076426024739,-0.004086545757830324,-0.007036716842005343,-0.3391959036282328,2.7603159621479745,1.7649579544978355,-1.87020781066849
-0.0055010938480333635,-0.012427950444120725,-0.003864995294192587,-0.00716567207013588,-0.3417922622222409,2.6053757491007317,1.874197231407628,-1.7398010431309932
-0.005508274148039173,-0.012442351783768341,-0.0038868168976057536,-0.007152215405996768,-0.3416571263129964,2.6206564023527874,1.8630203407508412,-1.7530307189688596
-0.005516428962957383,-0.0124557837874466,-0.003909119000359767,-0.007140844267478511,-0.34164517694005353,2.6363941788966834,1.8535059613236236,-1.7659949009335094
-0.005566303779396288,-0.012551798953168351,-0.004054430145720511,-0.0070483598665715685,-0.3392415470816956,2.7373611006523606,1.775248839211984,-1.852914742164821
-0.005524093771631365,-0.012469950128562255,-0.003931255707344133,-0.007127870165716953,-0.34150225211827445,2.651931496170633,1.8426307572824567,-1.77918942476391
-0.0055558358054182055,-0.012516812624046667,-0.004012985308362873,-0.007089522484197505,-0.3411809847364784,2.709803991663016,1.8099437870012143,-1.8255712302590672
-0.0055533003692323545,-0.01253695778311038,-0.004024661345289914,-0.0070584973755382805,-0.3394150146303649,2.716134194435349,1.7842017473363874,-1.8370040908825718
-0.005540810164840721,-0.012501889448160282,-0.003980045055568838,-0.007097603228486475,-0.34093789851927353,2.685983713565222,1.8171342888429753,-1.8084053355089351
-0.005532013649876145,-0.012485565233832069,-0.003954809614500273,-0.007112937338611854,-0.34121813573662557,2.6683633629818106,1.8300817888560523,-1.7933948840957912
-0.005826891654297214,-0.0128842946253598,-0.004659711689788323,-0.006743055128356449,-0.31722015778600393,3.1594374110182053,1.4929962563398889,-2.179697880306318
-0.005819525543377572,-0.01286974465055079,-0.004640687423691823,-0.006761421793485921,-0.3189620895854724,3.1477967074613686,1.5097753715514233,-2.1690831685189385
-0.005702127332880141,-0.012699449504178903,-0.004358827193320611,-0.006941308817081461,-0.33529832983872243,2.95612044304167,1.676768801799654,-2.0144293523008048
-0.00573092775469732,-0.012735521029474405,-0.00442587846441344,-0.006908319493437979,-0.3327121864060233,3.0034493445986827,1.6460729370872387,-2.050807872669415
-0.005711432220455581,-0.012713059999745603,-0.004381758292942778,-0.006927753532149874,-0.33428545621901845,2.9720221306423933,1.6644200063672259,-2.027231840059557
-0.005721520226336863,-0.012725441629068638,-0.004405070233291927,-0.006916579315526561,-0.3334199736290598,2.9885058589325184,1.6539913655337501,-2.0398290158189556
-0.00573355101100696,-0.012751397066737911,-0.004439472499909464,-0.006885547091719594,-0.3310015696853809,3.010833139484497,1.62630913679781,-2.0602576902405842
-0.005674967836737736,-0.012685914868242373,-0.004308552779452726,-0.0069401121753082775,-0.33501719278577086,2.9175502543010388,1.6778494957099486,-1.9908039290458157
-0.005682964617657796,-0.012701372298720119,-0.004330605880298879,-0.006922946624124223,-0.3338348049783326,2.932282367592387,1.6626395920193586,-2.003722991226551
-0.005804928486768801,-0.012858808898902856,-0.004611644542494824,-0.0067685670236066675,-0.32009813580069163,3.126323834443675,1.5178602687633982,-2.1547191739837817
-0.005725419011818952,-0.012770338941222165,-0.004437810599277659,-0.006849648022197116,-0.3281413494152578,3.0045780438662817,1.5963814225598918,-2.0640200808674756
-0.005772265749507117,-0.012836204644763023,-0.004547755553279016,-0.006780976359316778,-0.3219532622760473,3.0788614119154825,1.5325684533638988,-2.1234740061288515
-0.005785447375876547,-0.012849080613539536,-0.004575427939852117,-0.006770054931030813,-0.32069184838918513,3.098465800293681,1.5216336514829767,-2.137553700345872
-0.005760259552264408,-0.012823727176751022,-0.004522130353666405,-0.006791946394949987,-0.32304092305058707,3.0608131313080555,1.543364406547992,-2.1102826328747892
-0.005750396325834647,-0.012795046823146592,-0.004490961491409755,-0.0068299036427036395,-0.32630537098018175,3.0425823806377017,1.5769447095364255,-2.0913965118631457
-0.005737167689328093,-0.01278294098047635,-0.004463374577542215,-0.006838909276928456,-0.32725969974200947,3.022688223401144,1.5860274041271938,-2.077364346311939
-0.005745922312848303,-0.012812531293829208,-0.0044934905264633574,-0.006798997164324778,-0.32391115559384165,3.039844164951712,1.5510073750262396,-2.0960682612683463
-0.006023883776067843,-0.013124123006651743,-0.005079702694306827,-0.006465584122108834,-0.2803828001288791,3.4322096584848203,1.218132419865361,-2.3896901965970834
-0.006017912612776634,-0.013137286505328027,-0.00507267817634399,-0.006439488415030942,-0.2786572401768126,3.4197845626918495,1.1973291946558313,-2.386574023287089
-0.005930730890059045,-0.01302369905983264,-0.00488986140628987,-0.006581699680373152,-0.29785443711431736,3.3084615604172414,1.3372698499101123,-2.2981910418377485
-0.0059084055067584055,-0.013002830480130343,-0.004844796167222712,-0.006602567854500904,-0.30110506877120496,3.2773592410702252,1.3592839881373455,-2.2761795881970275
-0.005920098240977721,-0.013014576713083592,-0.00486871109384961,-0.0065903359779325025,-0.299325735471864,3.2936121729290977,1.3466645689460919,-2.287933344758736
-0.005948505120003343,-0.013049823952485651,-0.0049288075778071,-0.00654858136289978,-0.2937128776106158,3.3318786437954273,1.3054056102553637,-2.3176470527728177
-0.0059346213367791525,-0.013038908959793725,-0.004901691812787513,-0.0065584871885600365,-0.2956253554838227,3.312630560954815,1.3166131114698911,-2.3046555900726022
-0.0060136879339090414,-0.01311226285386659,-0.005058963716043165,-0.006480324224883952,-0.2825787068842234,3.419320500453765,1.233078143397911,-2.3798874207381897
-0.0060037297348465,-0.013099792322546497,-0.005038373534654714,-0.006496114279745244,-0.2848507196186551,3.406772756153924,1.2488293993929689,-2.370067291512715
-0.005983041578396232,-0.013074823166728507,-0.004995552125609751,-0.006526858113556627,-0.2892452558097576,3.3800072073144425,1.2796612052282716,-2.349450379489219
-0.005993193034851831,-0.013087514415494793,-0.005016742779526827,-0.00651109183461377,-0.28698921852108344,3.393118119086587,1.263980139700309,-2.3596874955029574
-0.005967536904047682,-0.01307613376245399,-0.004969468225603599,-0.006515382029249163,-0.2893800374228253,3.3564069415105173,1.273113982311448,-2.337569007374549
-0.005953217382307424,-0.013065352737406047,-0.0049417989387621425,-0.006525132325962095,-0.2914015736884051,3.3367365475025683,1.2844060972708673,-2.3244412618956027
-0.005882854233619408,-0.012962559194651576,-0.004786461859331798,-0.006652970489486818,-0.30695672153805803,3.2418493023201402,1.4070031320610668,-2.2460408009252437
-0.005872564788654757,-0.012949699123852021,-0.004764072224959607,-0.0066673856329177465,-0.3087661613065937,3.2271119087574966,1.4210601659529452,-2.234613782831564
-0.005865047624380313,-0.012935052192535476,-0.0047453978757284005,-0.006686479445376546,-0.3106902295278677,3.2161627546353238,1.4386466614172748,-2.224523289602092
-0.005850559853374054,-0.012923960394547206,-0.0047166928400012575,-0.006694799072407104,-0.3121383119136146,3.195189264731671,1.4480576498279254,-2.210427579698312
-0.005878424536788478,-0.012979565776619928,-0.004785969900407367,-0.006621866502124267,-0.3044449395206232,3.2351273134094893,1.381053503023313,-2.2476844600877635
-0.0058759667102686805,-0.01299710539415233,-0.004788732543806003,-0.0065912894444099005,-0.3019875211528766,3.2309611919944885,1.3553696093412129,-2.250639565388782
-0.0058894053458368525,-0.013008389472084235,-0.004815221775886947,-0.006581190623916477,-0.3002999310749484,3.249564230235951,1.3444056807858848,-2.263459458523855
-0.005832651323519772,-0.012914771651528078,-0.004683292535466275,-0.006697472541040008,-0.3130692651250829,3.1695806706845495,1.4530366730520525,-2.194563776784594
-0.005818113939966227,-0.012901962411423806,-0.004653800452585115,-0.006708184810299203,-0.3145177424127525,3.148551333609254,1.4642895862995997,-2.1798873919967536
-0.00686154401772447,-0.013892312172387887,-0.0064870678607019,-0.005230679110619631,-0.05692079610451381,4.068302504760419,-0.11001775402066387,-2.8173099385375315
-0.0068737875075634836,-0.013902152668993594,-0.006503458621882799,-0.005210286008216935,-0.05418676745534509,4.070134705420842,-0.13119391353327658,-2.8176970319900048
-0.006858945160538139,-0.013908053008045422,-0.0064718200146428595,-0.005201704636838265,-0.061671885847549006,4.040365168167212,-0.12190046590018144,-2.804208561398486
-0.00684933149816111,-0.013882433256544183,-0.006470603045113664,-0.005251033119608295,-0.06054565493019135,4.066262057689115,-0.08884369575726465,-2.8167814317881636
-0.006846690821944685,-0.013898165632324343,-0.006455470284654368,-0.005222019007613639,-0.06508187086585183,4.0384600454406,-0.10083635731232289,-2.8038632915252815
-0.006886061847125403,-0.01391195464954183,-0.006519779879345174,-0.005189848109952066,-0.05224113480120326,4.071726368870263,-0.1523934996146653,-2.8179267611182284
-0.00687122116941475,-0.0139179193446377,-0.0064880794284179625,-0.0051813088416581355,-0.05802489411149168,4.042073978659513,-0.1429832116862151,-2.804398360473286
-0.006898366915619615,-0.01392171801763934,-0.006536055491864462,-0.005169335407549614,-0.048958033593274615,4.073134396093203,-0.17368673624599482,-2.8179460275665114
-0.0068835119540949325,-0.013927781990975581,-0.006504222225025295,-0.005160804594628023,-0.054482500106486774,4.043533989287822,-0.16406991872579615,-2.8044247058026706
-0.0069107025920214695,-0.013931442677320518,-0.006552290776869217,-0.005148741036210721,-0.043610701487522684,4.0744524227422625,-0.19508635342190486,-2.817728264117332
-0.006895845944975128,-0.013937610812983371,-0.006520315549018731,-0.005140241127775581,-0.05144823429271737,4.044811598371807,-0.18517030579638746,-2.804314290079177
-0.006923068755076141,-0.013941128533048788,-0.0065684592177870415,-0.005128098580976809,-0.03820277122062117,4.07569190154071,-0.21650799396328604,-2.8173239891407023
-0.006908249406006634,-0.013947353096664554,-0.006536443056270296,-0.005119704755963583,-0.04868716044133025,4.046028892334963,-0.20630387523872148,-2.804100381807529
-0.006935465283302504,-0.013950775489717909,-0.006584535170976246,-0.005107440886923687,-0.034862175925155114,4.076769271669184,-0.23786368035085081,-2.816818080193839
-0.0069207064567888945,-0.013957001719439062,-0.006552586280308745,-0.0050992076620489215,-0.045599139738986876,4.0471971196743075,-0.2274756374317636,-2.8037693116991425
-0.006947892054997046,-0.013960383452653272,-0.006600524222991153,-0.005086761009986618,-0.03327222552154949,4.077605255446114,-0.25915191484862693,-2.81624550761761
-0.006933182408810167,-0.013966610636721404,-0.006568649692417247,-0.0050786609918411175,-0.04196086954437669,4.048196660598321,-0.24867695472026777,-2.8032697338109798
-0.006960348948237811,-0.013969952327613142,-0.006616452187187905,-0.00506602569479196,-0.031361658617448857,4.078201435215476,-0.2804419991626876,-2.8155609171849014
-0.00694566016175394,-0.013976227933115938,-0.00658456744005628,-0.005057986579658541,-0.038162055262973234,4.048916051842046,-0.2698858772783581,-2.802569807416593
-0.006650735903296047,-0.013750787024835773,-0.006170815889361147,-0.00551029315666171,-0.11606232392458683,3.9582857590175284,0.21100021704789237,-2.764254850830629
-0.006662674579729664,-0.013761248239504788,-0.00618834110656418,-0.005490928636526996,-0.11262640659877475,3.9629675553755566,0.19062960330613712,-2.7669876394932214
-0.006604388742063985,-0.013708188561210784,-0.006102273081366908,-0.005587955338246613,-0.12928232440911033,3.9400399797479975,0.29209670947936983,-2.752957307449142
-0.00661591709281122,-0.013718789391731321,-0.006119527733531304,-0.005568807792113654,-0.12610786255936632,3.944956133198644,0.2720295131658052,-2.75604912797064
-0.006627398074923084,-0.013729450826247805,-0.006136532614662631,-0.005549426664222516,-0.12288086211261433,3.9494726702229808,0.2518205299956349,-2.758880228852433
-0.006638966327727438,-0.01374015025341356,-0.006153544118259962,-0.0055298599230467855,-0.11952233278719011,3.9538181247689876,0.23145089847661815,-2.7615667375079678
-0.006588903242184026,-0.013713522234318312,-0.006071498898573097,-0.005577175546430428,-0.1322631591194194,3.9097246230268623,0.2928735189375889,-2.7380176514737737
-0.006577148574026875,-0.013703016810153722,-0.006053719359241643,-0.005595842813578934,-0.13552533882869655,3.9040893971753206,0.31256873615554315,-2.734498553896044
-0.006565393724167178,-0.013692230429821773,-0.006035911757177236,-0.005614902768211762,-0.1388017347778582,3.8985338275934027,0.3325556670162713,-2.730944846572955
-0.0065305520548365505,-0.013659651351343338,-0.005982543908533089,-0.0056717664723818575,-0.14852573120182602,3.8812553018316187,0.3921077604482353,-2.7196142266038446
-0.006541971027140878,-0.013670487395524858,-0.006000114450178253,-0.005652962437162009,-0.14534608433090426,3.8869914907328647,0.3724618547509864,-2.7234340756104003
-0.006553639636689135,-0.01368135257681677,-0.006018004337628495,-0.005634004197607238,-0.1420758088761986,3.8928301871194777,0.35258415885787125,-2.727251711711268
-0.0065148586236425795,-0.013664887224569535,-0.005951948326539134,-0.005660306225747611,-0.1506944052684818,3.8512053657411065,0.3912747921654341,-2.7045293576017397
-0.006837150069184488,-0.01387251601870674,-0.006454076699918019,-0.0052713325437097345,-0.06377654569810054,4.064053183120227,-0.06769470958309828,-2.8161053763001345
-0.006834471300240268,-0.013888235650885622,-0.0064390669223024005,-0.0052422885558705895,-0.0684352598750791,4.036402744530542,-0.07979740492506499,-2.80337235214482
-0.006824999850860254,-0.013862560556543104,-0.006437490633976115,-0.005291575157126316,-0.06668528442705267,4.061664450971526,-0.046572338792947615,-2.8152870599447843
-0.00682228064686216,-0.01387826923251924,-0.0064225942106709245,-0.00526250428980241,-0.07191512557886902,4.034163867588511,-0.058780434799514954,-2.8027247850377948
-0.006810113604109603,-0.013868274816969624,-0.006406038660599369,-0.005282651363273521,-0.07538756302205481,4.031727528674565,-0.03778890445314519,-2.8019140534055484
-0.006812880963004882,-0.01385256696814258,-0.006420839596374704,-0.005311767394961514,-0.06994484789442292,4.05908310155938,-0.02546478193860242,-2.814335034437241
-0.006797973777853566,-0.0138582467368154,-0.00638941064601384,-0.005302739041950894,-0.07882873953940527,4.029113137902002,-0.016825694424550095,-2.800944345055539
-0.006800793525181945,-0.013842535352014634,-0.006404128138805395,-0.005331903738267602,-0.07298865064654018,4.05632007763609,-0.004376688734821703,-2.813253590737682
-0.00678585286958651,-0.013848187408208144,-0.006372693157410459,-0.005322764516827159,-0.08237771740389517,4.026299304747053,0.004115814125773941,-2.79980499408499
-0.0067887376566984434,-0.01383246580708731,-0.006387355879238835,-0.005351984570220638,-0.07566410944478717,4.053368562678665,0.016705192650809966,-2.8120598939238395
-0.006776713476601133,-0.01382235843270555,-0.00637050751866609,-0.005372028078492001,-0.07935419036168956,4.050221045208252,0.03781900157315532,-2.8107674204996673
-0.0067737379221150945,-0.013838099714839328,-0.00635586213126249,-0.005342722924620223,-0.08585252805110057,4.023262725623089,0.025037838358571294,-2.7984845311648097
-0.006764721103672902,-0.013812213328629511,-0.006353580265511592,-0.005392037478905962,-0.08426296149219871,4.046921223129329,0.05895896217553188,-2.809348740457221
-0.006761641732628919,-0.013827958382295264,-0.0063389560106728885,-0.005362656124639462,-0.08897834136427452,4.020067139089761,0.04593089319743494,-2.7970052807273404
-0.006717072049872407,-0.013771257625019939,-0.006285309768136664,-0.00547146556540135,-0.09852317017551927,4.032396086663363,0.1428903872339454,-2.801823749447699
-0.006701906744914206,-0.013776489258183427,-0.006254063598446983,-0.005461858536842456,-0.1054003711575686,4.002169573909374,0.1497013348957381,-2.7876653475245963
-0.006728936011698173,-0.013781552642028794,-0.0063024621772115865,-0.0054516991734634,-0.09535772880159749,4.036284866589029,0.1220259206162045,-2.8039804813566884
-0.006713758777921112,-0.013786829619966705,-0.006271127936116267,-0.005442176097783551,-0.10191201790251865,4.006084992080862,0.12904546970478378,-2.7898090512707685
-0.006740832253114332,-0.013791810332500848,-0.006319555321044352,-0.005431875648822966,-0.09220715111094324,4.03998655651811,0.10108514928358776,-2.8059624912727483
-0.006725657256168631,-0.013797154510181708,-0.006288144548597629,-0.005422401137140266,-0.09851314926991556,4.009824500338348,0.10834112201997191,-2.7918101063828793
-0.006752760656429175,-0.013802030595032832,-0.006336592600444571,-0.005411990885784493,-0.08877097475316993,4.043516143107395,0.08006287243472715,-2.8077547097061086
-0.006737601250242716,-0.013807461647270161,-0.006305111655119517,-0.005402537086163233,-0.09513988086898482,4.013387914452266,0.08758662091757928,-2.7936728804166173
-0.006749593030991143,-0.013817739877643717,-0.006322037705294925,-0.0053826041501410645,-0.09195543634043568,4.016783504464983,0.06678313967563365,-2.795400217553014
-0.006674619918371248,-0.013771563902184194,-0.0062058089388750725,-0.005471707496619947,-0.10933633575858258,3.967586631346371,0.1703661909584087,-2.769624483520357
-0.0066864658398405885,-0.013781870639349865,-0.00622296087790654,-0.0054523809911206774,-0.10613532091283273,3.971808743191262,0.15008421713037715,-2.7719977511279303
-0.012880344928295139,-0.0058608207931251,0.006773917720113337,0.004713505251656047,0.7338556830160526,3.832146575500896,-0.554050505176826,-2.6499106303005218
-0.012867586300382169,-0.0058515983161988964,0.006788268640199206,0.00469210737619532,0.7355532232628611,3.824189730850541,-0.5738386574262067,-2.6440595810873284
-0.012854496034746428,-0.005842442555142779,0.0068030710462846705,0.004670560707595683,0.7373441146663495,3.8163525916004244,-0.5939205593109386,-2.6381652036440078
-0.012895191667345011,-0.005853518943325438,0.006744271085160763,0.004708536608329789,0.7267733838944017,3.807277076476254,-0.5388284262342965,-2.63923252265643
-0.01290833536529698,-0.005861428509030883,0.006728196015279571,0.004727644903494785,0.7245252291237675,3.8120002619412614,-0.5192715555400033,-2.643379608788616
-0.01292186835026951,-0.005869627464711858,0.006711554461735409,0.004747287113074878,0.7221882044542695,3.8166960705104525,-0.4990843168341006,-2.647504216554481
-0.01302365572757884,-0.005947032160668491,0.006592178771886143,0.004917523002405438,0.7071757006344478,3.8718106183276224,-0.33724175916613813,-2.6865905798002596
-0.013061427954529468,-0.005974669339560549,0.006544905897138977,0.00497719651206265,0.7006135668529786,3.8859783414876,-0.2767792277966899,-2.6969436407575924
-0.013049168790746012,-0.005964841263982473,0.006559852975689629,0.004956472414038384,0.7025687582240235,3.8800936481228896,-0.2969868686319828,-2.6929952641661257
-0.013036404727812567,-0.005955601073403036,0.006575885553948525,0.004936481468139904,0.7048098622662309,3.8754858194858843,-0.3173414354009036,-2.6895871689628668
-0.012935283633742236,-0.005878399370241333,0.006695369317272261,0.004767702546927966,0.7199996740100959,3.8222727701807213,-0.4787329954120892,-2.652004851747287
-0.012948513308751457,-0.005887594994744731,0.006679641847701243,0.004788625810995386,0.7179368043067546,3.828509822877838,-0.45834505431305245,-2.6567613244612285
-0.013011385359737419,-0.005937799167267007,0.00660711489075429,0.00489750082465532,0.7091559460985097,3.8662255482006533,-0.3569536621658363,-2.6826161175746646
-0.012999787538691495,-0.005927838697774608,0.006620319442600124,0.004876410336745581,0.7106518646492979,3.8584917973299624,-0.3761962348266057,-2.6775670236904054
-0.01296172059622949,-0.005897092365455501,0.00666401177375799,0.004809932101730689,0.7159152299125414,3.835049626396462,-0.43776701455148986,-2.6616103565582105
-0.012975080375881706,-0.005907003018229779,0.006648252263830134,0.004831882682521341,0.7138748757492478,3.841936796300058,-0.41672377352457896,-2.6665909255656213
-0.01298713036832436,-0.005917897463796194,0.006635180831432829,0.004854868907174133,0.7125492396196295,3.8514604591334813,-0.39662229087574347,-2.6727092648095874
-0.013073949643164648,-0.005983776675431943,0.006528942461851037,0.004996669850780366,0.6983620123789837,3.8900664385997996,-0.2566764482622848,-2.6999529504212787
-0.013087131678765343,-0.005992106895449284,0.006511261347299756,0.005014891660748339,0.695679974062339,3.891843711040701,-0.23633750464461742,-2.7017895056516608
-0.013100357407338656,-0.006000925812789053,0.006493667991455415,0.005033831699126544,0.6930274776023387,3.8941745382285506,-0.2156323331579761,-2.7038425938516757
-0.013113377668717325,-0.006010469665784695,0.006476714753379375,0.005053833674960351,0.690581246156154,3.8977192685895194,-0.1946407638968913,-2.7064236235861845
-0.01312614523812719,-0.006020406826555048,0.006460282049674761,0.0050743274138618675,0.6882640328294004,3.9019379225092297,-0.17361496914589788,-2.70926045480855
-0.013138733925662179,-0.006030502110927527,0.0064441058569919595,0.005094936184681965,0.6860030892342398,3.906342562725467,-0.15262657680523606,-2.712114598823629
-0.013151235421672758,-0.0060406683739825245,0.006427978558472412,0.005115536686547079,0.683748992266198,3.9106867358771455,-0.13163402848105932,-2.71486885373117
-0.013163737026934434,-0.006050985570040228,0.00641179054025534,0.0051362894706960096,0.6814944868405278,3.9150159903778934,-0.11048307889229482,-2.717549752490985
-0.013186575123820968,-0.0060736764885135405,0.0063838341714192596,0.005180638419049736,0.6780527783900273,3.92878158862905,-0.06871389703337666,-2.7251388698738848
-0.013176136005084896,-0.006061828969356913,0.006395912551569942,0.005157829583654155,0.6793025359692426,3.920081499751626,-0.08899379374991169,-2.7205198372906723
-0.013201774755773365,-0.006069583118948541,0.006355179521316101,0.005176375382090673,0.6718801461201955,3.9047196918235243,-0.056063240889071456,-2.7137755492349256
-0.013214269198686457,-0.006076524333092814,0.006336863742318362,0.005190726905881039,0.6688750446652447,3.9023360094980863,-0.03769430754747641,-2.7129224483967813
-0.013227929633821781,-0.0060859547513312596,0.006317642631492222,0.005209483489680175,0.6658471526389514,3.902563917538768,-0.016179534614943616,-2.713307339583398
-0.013238329455798446,-0.006098011949973779,0.00630526849764807,0.005232200301684398,0.6645973130147451,3.910634550851558,0.004222036025861201,-2.7173990177202243
-0.013297136602880658,-0.006164826441526638,0.006231871692544153,0.005357187537480817,0.655794815860638,3.9496442964833576,0.1204991521077634,-2.736061022215974
-0.013286136779193318,-0.006153207215932655,0.006246344932510345,0.005335523717255572,0.6576371051060265,3.944398247806775,0.09933885849191502,-2.733722222557708
-0.013263304080309924,-0.006118918059818173,0.006271225448466203,0.005272351924921706,0.6596783599521284,3.9158164716135877,0.0467898205536232,-2.7201024406338887
-0.013275854721860367,-0.006125768663062355,0.006252254610847013,0.0052859066437998155,0.6564558369184468,3.9120070482226477,0.06498069544466288,-2.7182609728365072
-0.013255154841877833,-0.006104423003007673,0.006278806207818554,0.005245832345480131,0.6598039401278305,3.90158959089252,0.026376581606769586,-2.7131758252173563
-0.013290076217540615,-0.006134946216756705,0.006231298353028194,0.005303588910572949,0.6531321807798626,3.9097406583095853,0.08676398906923995,-2.7170916704412877
-0.013321481920011506,-0.006184783533734104,0.006196921098383088,0.005394546646140517,0.6505218263288178,3.951061520206332,0.16216042715101384,-2.7361821294703996
-0.013345140346006758,-0.0062068722850344695,0.006163541485500682,0.005435199270634054,0.6457521190270102,3.9556506773789963,0.2051959721871918,-2.737519284742314
-0.013334216745827958,-0.006195259728355224,0.006178450825928431,0.005413955899688704,0.6476986904448853,3.9514180987930687,0.18395740743925107,-2.7359509147922676
-0.013312332309536476,-0.006160997153182286,0.006203222760319794,0.005351591162742971,0.6497826868119263,3.9243763037357566,0.13141085006738676,-2.723772372125102
-0.01332446613520184,-0.006168144932710317,0.006184700464501887,0.005365110586699154,0.6467089352873306,3.9205789510931877,0.14933134408245533,-2.7216986853966207
-0.012856356144619841,-0.005825451051537448,0.006787619464049338,0.004643767168149507,0.731827374318082,3.783064387795268,-0.5981842623590246,-2.621400249076102
-0.012844352883152887,-0.005803118927243883,0.006790731940355387,0.0046015121529200485,0.7293826577759999,3.749732211012135,-0.6212933015994028,-2.6024833839298602
-0.012857215086233926,-0.00580868611881146,0.006774043974390113,0.004617034826821373,0.7267762228547774,3.751372165558838,-0.6034323602184192,-2.605215146377621
-0.012737100897196504,-0.005746209038442598,0.006918088090908881,0.0044508901321558695,0.7466366461506242,3.7078673442828003,-0.773119182332887,-2.563232640294015
-0.012711156891647646,-0.005729975931673901,0.006945751000775632,0.004409498322734518,0.7496216076025691,3.6907301274968707,-0.809957002833864,-2.549617685194734
-0.012698274644846887,-0.00572038241604731,0.006958047962982322,0.004386434067879475,0.7504910460593353,3.679030599840544,-0.8283869684985712,-2.5411449096955594
-0.012724947550065141,-0.005724471619667935,0.0069198514523157815,0.004409469679591934,0.743584682048841,3.673530164098289,-0.7934658291688337,-2.543300349197474
-0.012737659024210772,-0.005729962378039281,0.00690437618124589,0.004425772106910637,0.7413633301719246,3.6772073506832785,-0.7761573049249413,-2.5475052343226072
-0.012628048948540374,-0.005644261485914139,0.007002507295559132,0.004223723090362692,0.7465741684911825,3.5675022121336837,-0.9286304283548571,-2.4694323350752927
-0.012644734698652354,-0.005649518481470801,0.006981833481896527,0.004243001072363617,0.7434440502115369,3.5709150657556776,-0.9070084524125116,-2.474619611232157
-0.012699793395545741,-0.005702120784649357,0.006940936798290102,0.004359144537702378,0.7442106514891434,3.6442427729563103,-0.8298016688905633,-2.5234555168306265
-0.012661796203695286,-0.005676952227012309,0.006978641818902778,0.0042959275203703524,0.7474350623179671,3.614421983914848,-0.882079229713029,-2.5006259636129706
-0.012682953870531463,-0.0056784230759691435,0.006947612700445146,0.004312036782026311,0.7417111811724434,3.6082112612931367,-0.8550431777811368,-2.5015398228806354
-0.012700090102975545,-0.005683865623218553,0.0069258266676032396,0.004331308366253977,0.7383131857060116,3.610599760323194,-0.8325999589643426,-2.5060395012703918
-0.012660924077634543,-0.005655867671457371,0.006962674144191285,0.0042634014673033314,0.7408722829649425,3.5762105278589575,-0.8858433573765506,-2.4806220120261133
-0.012658791892831157,-0.005639158403204854,0.006952253327716662,0.004236870233677054,0.7359907411209956,3.5469192765351636,-0.8903172020856287,-2.4649949856098607
-0.012751066254436885,-0.005753965125684129,0.0069022084690912614,0.004471468338289187,0.7446466912568236,3.7148493645185963,-0.7534107933056767,-2.569325902000232
-0.012777929184110545,-0.005772614970895563,0.006874155510853728,0.0045166437766215465,0.74179969265799,3.7345164745514836,-0.7142782096928476,-2.584095728640779
-0.012765046530743345,-0.005762675131710699,0.006886909127340703,0.0044934466281373936,0.7428558545732508,3.7233440204800563,-0.7333704747831162,-2.576142778150205
-0.01279156980651797,-0.005767580518631314,0.006848619939075058,0.004516344125801335,0.735934480183649,3.7170554991008915,-0.6985218693450884,-2.577365650143951
-0.0128045339766052,-0.005773122606444012,0.006832208915746432,0.004532330159124996,0.7334416203665054,3.7195297005865626,-0.6806722768645851,-2.5807453638401996
-0.01281955479884865,-0.005780191725121256,0.006813564864960645,0.004551732071493152,0.7307417367253644,3.7233264655802345,-0.6597848922397386,-2.5850787900996823
-0.012835792021447759,-0.005789347868516887,0.006794377054005727,0.0045749546396384655,0.7281762483783619,3.7298894587624645,-0.6366814858234958,-2.5909618434435964
-0.01246648346883604,-0.005565453716196098,0.007170134831273414,0.0039870697798785595,0.7631726649481497,3.4662111927207815,-1.13557850411717,-2.3801162458094027
-0.012478388576410157,-0.005575645297747337,0.007162342160161414,0.004011255129357784,0.7639178323256534,3.482671266129197,-1.1210335939907443,-2.391530191174711
-0.012495804010421012,-0.005579901371551467,0.0071411451074317395,0.004031255341035245,0.7607156926766789,3.4871189284999216,-1.0988612459384741,-2.3981214774857995
-0.012517237888851281,-0.0055802379217626775,0.00711054414085014,0.0040484901361266265,0.7552428006268345,3.4832732211970936,-1.0714578731904665,-2.401268441323239
-0.012534419562119998,-0.005585122819783404,0.007089978392916267,0.004068714347851826,0.7523122195961031,3.488144918953943,-1.0497127245857711,-2.4077976311237936
-0.012590039859972228,-0.00561682548844698,0.0070359250211999265,0.004156176001163953,0.7480176051643984,3.530282573783016,-0.9786794571851557,-2.442067726818802
-0.012573032414632123,-0.005611748520275042,0.007056654896320131,0.004136371952769357,0.7510766173636201,3.5261575712894704,-1.000462329171954,-2.4362036631697985
-0.012550794122100202,-0.00559039874798905,0.007070788228729727,0.004088704844930149,0.7497739695711952,3.4936211945105486,-1.028952890872896,-2.41438847891952
-0.012568419749764588,-0.00559385244799817,0.007048077406337105,0.004106772739232066,0.7460754079246116,3.495186201132029,-1.0066005735414212,-2.419164434497358
-0.012606031692907926,-0.00562257887309597,0.007017137216553005,0.004176065172826686,0.7455420290346634,3.5356583170656095,-0.9580985414221354,-2.4482980308091125
-0.012624032286273961,-0.005625991953154319,0.0069932815596885104,0.0041936934927374455,0.7415259922024956,3.5358221026359042,-0.9351271865383063,-2.4521748009090256
-0.01246691686912938,-0.005545135143448019,0.0071511772183865665,0.003958573572296735,0.7556351240273481,3.429673512126346,-1.1331627369028057,-2.361498346953177
-0.012201014995993421,-0.005399099048557477,0.007370125932296394,0.003524058804004552,0.7589704690692561,3.1754755724573513,-1.4321059835919276,-2.1578308596726754
-0.012220293097358332,-0.005401654289402114,0.007348130210690365,0.0035460887054792737,0.7562039058968147,3.182683598894364,-1.4095458029208496,-2.167461254493127
-0.012238785401021222,-0.005406799817159547,0.007329486578489583,0.003570438110477556,0.7545553270424293,3.1936847793585277,-1.3887401971554585,-2.1786363052657634
-0.012252323558841965,-0.005415802372418643,0.007320770307341175,0.003594889895029432,0.7554948483240271,3.2101916076707893,-1.3750654282173775,-2.190990422019804
-0.012272053912843564,-0.0054164187457989895,0.00729582943717264,0.0036142253742493563,0.7515429100593879,3.213196634712204,-1.3510972458029262,-2.198418192385349
-0.0124106756355025,-0.005489252984790545,0.007178897317999679,0.0038343969380119076,0.7487421457577499,3.3380310409309257,-1.1966342751373367,-2.300236588801708
-0.012401533563567116,-0.005474525700159931,0.007177972207431402,0.0038065782145756794,0.7452870763853506,3.313490682562026,-1.2055622045297325,-2.2852727391894585
-0.012432718714106937,-0.005510949498450112,0.0071682104177143305,0.0038827204019127215,0.751571949543639,3.3736893658701175,-1.1723786868224748,-2.324158003948744
-0.012448958655515319,-0.0055161557155448265,0.007150327821567771,0.00390331671866604,0.7494368375286267,3.380979471831233,-1.1526895034451246,-2.3320160745256007
-0.012430479496155104,-0.005490635484632754,0.007152956965544706,0.003852807552277311,0.7443912029823835,3.3388555416711263,-1.172278407012734,-2.305738634044346
-0.012390652508927758,-0.00546379504008686,0.007182959603627495,0.003782791287843622,0.7438929295871926,3.2957320537544943,-1.2170381317422632,-2.2733302235214428
-0.012374512766962978,-0.005460540104590492,0.0072017550708264105,0.003764562101675505,0.746302563677485,3.2907213461322002,-1.236249454048085,-2.2665090839356044
-0.012355110246957485,-0.005458924830969246,0.007226333974325491,0.0037454892297663646,0.7501344859841913,3.2882172885201624,-1.2598609858917287,-2.2599749824215656
-0.012339397702367447,-0.005458385891304315,0.007246867288002942,0.003730868526911125,0.7535363647264013,3.287238912551768,-1.2792116799896338,-2.2551195303671068
-0.012328289500744086,-0.005448793355993101,0.0072526702079419554,0.003708155775518618,0.7522559638574493,3.2707220476599628,-1.2906967024383489,-2.2436438726280126
-0.012312470440185954,-0.005438549762768558,0.0072639739415830615,0.003680328189048942,0.7517043752564844,3.2529018959264033,-1.3076418514919401,-2.2301554197151012
-0.012293615636608373,-0.00542875627695457,0.007279487420424069,0.0036502510307712664,0.7518939246863933,3.2354455475034114,-1.3281901211200682,-2.215931174935005
-0.01246573815663292,-0.005521897143357282,0.007132032338376338,0.003924931551711335,0.7473973942926414,3.3888520244802756,-1.1323040097042407,-2.340248635146301
-0.012080513584776376,-0.005322916378391159,0.007442391923024166,0.0033082286996473915,0.7485162132342024,3.025659988231311,-1.5446564720634963,-2.044516951503996
-0.012100060746068843,-0.005324529599967205,0.007420652721412727,0.003330459726819972,0.7459952228466994,3.033725383079807,-1.5226454001578291,-2.055120634024671
-0.012137008777788137,-0.005353681786561029,0.007404939270288183,0.0034035905499542854,0.7519431236082306,3.0890080260402324,-1.4915868714414946,-2.09449087971073
-0.012153774353146948,-0.005355367939728798,0.0073860255376796535,0.0034225712090271572,0.7495963976567602,3.0955086201419335,-1.4724149096156895,-2.1031778868170887
-0.012128157737950269,-0.00533800686128347,0.007400164406772582,0.003375487588549987,0.746929063357053,3.062089497556835,-1.4955809245609932,-2.0783666921982404
-0.012117587354166811,-0.0053253432242955315,0.007400395040881637,0.0033494124495947906,0.7433369476917903,3.039650639664434,-1.5026272085077537,-2.0638726702681423
-0.012169732443498697,-0.0053492233711800695,0.0073603278704325445,0.0034308868370472186,0.7442887697833268,3.0891211808467722,-1.4511406284282111,-2.105176372195914
-0.01200017166804692,-0.005290446526620341,0.007503326100330987,0.0031844292998811723,0.7466799744638765,2.9492401527515706,-1.6211877477179086,-1.9792567549945452
-0.012022458011382367,-0.005292827514136178,0.007480082091631988,0.0032113190546462582,0.7445113208667865,2.9608774695482825,-1.5970847271066495,-1.9929093004616198
-0.012043050459058492,-0.005297310781824484,0.007460708550796481,0.0032385528407719924,0.7433516596893979,2.974676124709567,-1.5758278978583957,-2.006852979307256
-0.01205847489696865,-0.005304911195324632,0.007450326405437166,0.00326377978528629,0.7443597786714519,2.9912112718592256,-1.5617868057921593,-2.0202253087486537
-0.012074649860039964,-0.005302216778966136,0.0074285756968521036,0.003277569099070667,0.7406313577882014,2.992113255643366,-1.54198710493462,-2.0262708406004744
-0.011928516182043759,-0.005240626685812875,0.007532502335134041,0.003049214084419108,0.7342685387992347,2.8470833292275963,-1.6741868496352412,-1.9043003477731733
-0.01195196339376676,-0.005257013535310541,0.007523450296468963,0.0030935249563936846,0.7385114934030516,2.880694335873138,-1.6574936718352549,-1.928933591270742
-0.011972280600516668,-0.005266787809505709,0.007510740667567258,0.0031269508187680025,0.7402906559137971,2.9032426471572337,-1.6401983957872077,-1.9471591386979774
-0.011992008483251382,-0.00526762923090013,0.007489293133475016,0.0031495016071031267,0.7378465792407204,2.912163057594169,-1.6186559164136851,-1.9586661207275242
-0.011762394059198525,-0.005157136701679625,0.007619640828845102,0.002769229440897782,0.713274814534852,2.6492860931107183,-1.7975007674395322,-1.7471713544966534
-0.011787775871324553,-0.0051542726123907975,0.007591142349460541,0.0027964167851922796,0.7100584558124555,2.6597285843207854,-1.7702327433176401,-1.7624976720123073
-0.011654567805514904,-0.005106918859472526,0.007670694772855432,0.0025897073536304185,0.6967496537982852,2.5211110341327903,-1.8683705425055275,-1.6442192115048784
-0.011742435839489388,-0.005144050538315413,0.007625647125131633,0.0027323579160738877,0.7087942118693631,2.6209051813604707,-1.808825142568338,-1.726111027124977
-0.011713392449150829,-0.0051338215924623025,0.007643244486904988,0.002687334858856518,0.7059055093487815,2.5908302678349764,-1.8304532880919626,-1.700414470357597
-0.01168463095274778,-0.005117219237013402,0.007653280396521737,0.0026363618781530475,0.7000062824679655,2.5526753290507327,-1.8469772542594483,-1.6712316726761667
-0.011925216692241234,-0.005210919190866576,0.007505603058430823,0.003013064806780368,0.7218197118078411,2.8036325430214286,-1.6613859064712304,-1.8826603918825937
-0.01189465456731561,-0.005200856535986693,0.00752826034326212,0.0029680108386198473,0.7208247146465466,2.7760392917455894,-1.688152939320785,-1.8581988894501436
-0.011846830913431408,-0.005188992386779848,0.007566621803920654,0.002900899988067329,0.7203651306401594,2.7368234897947197,-1.731239833076163,-1.82143636234042
-0.011871542892239666,-0.005184135841730872,0.00753562867095278,0.002924088773821053,0.7157600180883008,2.742387383097839,-1.702761287179651,-1.8336668099053146
-0.011822063225221679,-0.005163879022243278,0.007566223534319494,0.00284622263446068,0.7115101553351407,2.6905785349112534,-1.741571468404533,-1.7904011391016414
-0.01219549512988646,-0.005379970479941129,0.007358327407081036,0.0034945127047601265,0.7521507277071415,3.143238054765465,-1.4319134766009076,-2.1401274434790483
-0.012183855395805174,-0.005363497677949127,0.007356776902035332,0.0034624974877692978,0.7474943712011028,3.114681182185002,-1.439827140372017,-2.1222947490535806
-0.012187775903367781,-0.005344051409379067,0.0073330204580158735,0.003442209361404844,0.7388326275587314,3.0845308770385884,-1.4279942603234184,-2.1085574847970645
-0.009676619596891756,0.004653911613086488,0.007907328944772715,4.7374535771229845E-4,0.2060938032921427,0.3261975809128445,2.3331358440549805,0.2747746608601505
-0.00963380741546878,0.004644826687969883,0.007889258108796829,5.340728923856028E-4,0.1943138206708407,0.28047123364224064,2.323708954987152,0.3150778114645159
-0.009586828833825665,0.00464074704413351,0.007874762963988974,6.008617073532972E-4,0.1821665988636141,0.23189550031438141,2.3171403856207076,0.3601072321894306
-0.009536533695197013,0.004640722287295229,0.007862673835592615,6.729017716109053E-4,0.16961309134080296,0.18101018232218882,2.312487147332647,0.4089241764022146
-0.01105723375300121,0.004895891982428845,0.007896266552838175,-0.001630819362016538,0.581188538379453,1.8347629751886598,2.166512230050202,-1.0702257235207708
-0.01095874052031514,0.0048800489857767256,0.007934156732821272,-0.0014814754029988254,0.562040805382881,1.7314440380789173,2.210133273854425,-0.9765129785672794
-0.010983904994396786,0.004878927503651646,0.007919253924132187,-0.001516946408801258,0.5651745061945633,1.7541537340565152,2.1952650573946144,-0.9995779787293646
-0.011029666307322775,0.0048781059624730125,0.007892652636842025,-0.0015815290990451106,0.5708339469019199,1.7957740847814214,2.168411473425411,-1.0413553907688258
-0.011002407911576011,0.004866924930528493,0.007895731457349623,-0.001536642960066563,0.5629355621893567,1.7623829834553297,2.1750540206389957,-1.0143117921445253
-0.010833104279808308,0.004853473435526155,0.007967373696239155,-0.0012858420140984268,0.5324323088563733,1.5926158709082918,2.2529521939825545,-0.8543202286645862
-0.01085524739116615,0.004868769070837241,0.007974052197582166,-0.0013254795431666918,0.5417928242171168,1.6244386549765775,2.2548215135357292,-0.8773812474913474
-0.010909281068341364,0.004878180093611718,0.007957905912192703,-0.001408974614523536,0.5540179800690015,1.6830290263701329,2.235100003005151,-0.9298384911072795
-0.010880114195164567,0.004869243530082184,0.00796251303639194,-0.0013620552654501864,0.5459479778481161,1.6488175387238917,2.2427396659468055,-0.9010244762505585
-0.010806069272743565,0.004834260359941641,0.007958264699716998,-0.0012375487196329066,0.5209039666511471,1.5537915675531362,2.2499740486121826,-0.8262851989204286
-0.010936887209524007,0.004858463270375457,0.007921726962826786,-0.0014386633902579143,0.550797483686413,1.6952366080542964,2.2042983726043244,-0.9524796873500719
-0.010219102953646067,0.004759200568191433,0.008041002262482925,-3.349285888120404E-4,0.36697005968890123,0.9200379743148908,2.3785571102140253,-0.25052138967397936
-0.0101850094264408,0.004730443981840979,0.008012478808440625,-2.80077334468189E-4,0.3516865570972743,0.8734213183839935,2.361616277454969,-0.2182865317776552
-0.010775757472270787,0.004816981230752199,0.007952341772572967,-0.0011857078498479726,0.5095104031593448,1.5133769605673721,2.2497368970319918,-0.7955562668774087
-0.010360185169692688,0.004766836452414377,0.008027065641597116,-5.503229844094944E-4,0.4046942692252945,1.0691628214109772,2.3539321198343335,-0.3900564914039869
-0.010422875304904412,0.0047573389238146,0.008002861300218251,-6.426836284366759E-4,0.417150079057302,1.1288502171041974,2.329565293965422,-0.4517170981693303
-0.010392053457242662,0.004748539600766585,0.00799994563606558,-5.94513866080813E-4,0.40747307132427224,1.0934115654022658,2.3308417263073085,-0.421569926255586
-0.01034444797830166,0.004734523430648863,0.007993924065396828,-5.203807892610804E-4,0.3925520908221155,1.0385342977953118,2.331633908883574,-0.37503834243872586
-0.010253398275263592,0.0047311059541417285,0.008005026314653125,-3.832003333399433E-4,0.3692186280677634,0.9440607619463532,2.349298299222104,-0.2857539975030695
-0.010280030751322227,0.004731590416031455,0.008001676390869532,-4.2328544637318616E-4,0.3759806363526942,0.9715370237124166,2.3440901598867487,-0.31194741998345915
-0.010322427452414237,0.004723088873410663,0.007985196446784205,-4.853753882905132E-4,0.38428781756247493,1.0111055097035015,2.3277190067326328,-0.35368324254754063
-0.010299687216357982,0.004718199878017297,0.007983622173029474,-4.5059681473564483E-4,0.37752513404440485,0.9858857034782058,2.329015993959989,-0.3315606744540912
-0.010741563279650007,0.0048027317485902785,0.00795088110918398,-0.0011298024149553612,0.4984218711993087,1.4713073074421257,2.253196221959953,-0.7616269847569503
-0.010700240864118193,0.004794188513782057,0.007957876688248183,-0.0010659305046380673,0.4878226499770784,1.4258383978911007,2.2637161023541545,-0.7215618476415838
-0.010608672855905015,0.004800644975494893,0.007998311876530837,-9.329163707643583E-4,0.4715116923499751,1.3387001917988657,2.304739558139518,-0.6339260247382611
-0.01063445611145987,0.004792431432156745,0.00798023247841218,-9.683749721930712E-4,0.47425240173967376,1.3598401064758336,2.2883947334685044,-0.6583060829671837
-0.01058893157466298,0.004783276497966552,0.007985431496225158,-8.977842292067748E-4,0.4619241465311224,1.3094890000285062,2.2977596941749883,-0.6139398829182551
-0.010661471556788236,0.004779187698048683,0.007955802093703423,-0.0010034291699936788,0.4753617417366965,1.379151157530411,2.2671565191208933,-0.6834112073610726
-0.010525042155042092,0.004761405033487006,0.007980693378704978,-7.961913293068017E-4,0.4414685376089455,1.234027702739437,2.301870588298771,-0.5512224433314268
-0.010558124215102412,0.004764024330587611,0.007973725568796814,-8.460149733696533E-4,0.4494425175791284,1.2684515753204788,2.292920336261766,-0.5832753553506516
-0.010453807547118074,0.004726189711271419,0.007960710916946466,-6.812039660328424E-4,0.4156986312338418,1.1451259689303603,2.2955382362935652,-0.4814244128925557
-0.010497589751952446,0.00473894570765814,0.00796344065904158,-7.492102111020803E-4,0.4290786056952435,1.1952019867285217,2.292526055375229,-0.5240093631108717
-0.010184770103126722,0.0046951889856747765,0.007973198512345969,-2.7617864547637984E-4,0.3438732415861108,0.8595051215006722,2.3333556641734705,-0.22002607388627146
-0.010164710192569546,0.004672245624951673,0.007949676715525942,-2.442671782989428E-4,0.33407660610765594,0.8301965584306499,2.3184819369156835,-0.20151234197450477
-0.010129430348201011,0.004668085143784986,0.007947852121006528,-1.918180001806273E-4,0.3245371791673397,0.7928345147030705,2.320737295317049,-0.1673293939658388
-0.01008868157966486,0.00466108704516342,0.007942484948321981,-1.3125311468507886E-4,0.3128834221921388,0.7488983844435317,2.320924882973626,-0.12799395159076313
-0.010022854368776677,0.004677339261148491,0.007962330953679325,-3.428859289282045E-5,0.29918377744790575,0.6874310085917842,2.341496531106244,-0.0623199708191462
-0.010053245135445352,0.004655114669345611,0.007937216825083552,-7.8818415162885E-5,0.3028121354762912,0.7108493799987631,2.3205787927275576,-0.09387974869157967
-0.009983690742766576,0.004667093016077606,0.007950986774102532,2.3747711758588514E-5,0.28719122332485947,0.6439322869776002,2.3370716375086857,-0.02477700026529185
-0.009843868091383367,0.004656461873107943,0.00793238258141687,2.2946161941626985E-4,0.2495235822373746,0.4977041212826117,2.336559059032315,0.11124591772796673
-0.009937333353413133,0.004663344970007662,0.007945750539057411,9.217493636417869E-5,0.27472868890925456,0.5953178126413351,2.3376338835723427,0.02034488759002528
-0.009892130403887422,0.004660402740316095,0.007940301345181927,1.5873033688016574E-4,0.2624275390291217,0.5481530051961979,2.337879152118742,0.06441124529124859
-0.009816485840166467,0.004616775327463241,0.007886329164236037,2.656311519270361E-4,0.2373287859299715,0.45872431145293696,2.3058809684550923,0.1329515987589438
-0.00976354663468814,0.004627597432047834,0.007891978008140501,3.435018784303821E-4,0.22536693513714368,0.40800319698993126,2.3146098072572348,0.1858853020584211
-0.009712616522629098,0.00461561001263776,0.007871576252406672,4.152639074648129E-4,0.21112744183131696,0.35342632850555417,2.304309111571481,0.2336311764383386
-0.009520234847242123,-0.004635787372004409,0.007853122332689595,-6.948786584389017E-4,0.1653287081558248,0.16352808014117948,-2.3068748362476494,0.42376067606302265
-0.009372871734744416,-0.004662616945946058,0.007837708037159772,-9.118896996514761E-4,0.13108259085461316,0.01999732022193175,-2.3072753272099233,0.5719015969885274
-0.00942787368017783,-0.004647907938557741,0.007839759250591495,-8.294035457518095E-4,0.14347215091941237,0.07273522810780277,-2.3045496164468298,0.5155844673322357
-0.009477001701356791,-0.0046115659072742165,0.007815201880751908,-7.493815494810885E-4,0.15346257562643195,0.11549513177093206,-2.2828213305471086,0.4606315541789761
-0.009286573377624766,-0.004661498814988205,0.00780502558864247,-0.001032356616456614,0.11073725757967591,-0.06661589785154211,-2.2900454966268775,0.6545909554484489
-0.009328023395111112,-0.0046330815865567474,0.007790115245766549,-9.641577347896717E-4,0.11963036879576054,-0.029375617767139105,-2.2760579857004504,0.6079808896987471
-0.009198360484728288,-0.004620022203143994,0.00772491247908525,-0.001136204491481822,0.09086633162851253,-0.15865956823455593,-2.2375835672836897,0.7269866296796866
-0.009242328461125666,-0.004612333118214057,0.007735150687743868,-0.0010735953281852258,0.10018114131344956,-0.11659468951743192,-2.2419477939550703,0.6837015328686732
-0.00891312010156954,-0.004597017621169108,0.007559267920290256,-0.001495901834405985,0.03672482452908105,-0.43089457211392906,-2.133427140805002,0.9792632899085959
-0.008856740257573822,-0.00457948717415248,0.007509274635337637,-0.0015555913701605824,0.027844259497720483,-0.4823043599283166,-2.0994063256208455,1.0219797282216379
-0.009150726560950853,-0.004615312585560955,0.0076989910191840654,-0.0011979639929469224,0.08095722058077137,-0.2054736887782981,-2.2217515172504023,0.7701268491454812
-0.009171849525222875,-0.004580261333461306,0.0076719084209678715,-0.0011543540524014296,0.08540541644481553,-0.18830920784053048,-2.2000759330850364,0.7405241090807301
-0.00910613823897463,-0.004603305007428736,0.007665883740864111,-0.0012514150316968549,0.07206561858746939,-0.24939609453885855,-2.200269218306577,0.8077328529835562
-0.00900688651530734,-0.004605382001902419,0.0076187101053566825,-0.0013814710938722596,0.053065121175293474,-0.343306442867964,-2.1718208838808155,0.898469391169276
-0.009057865095533068,-0.004595089721336238,0.00763406429344429,-0.0013104292120696625,0.06270535894219803,-0.295822562192589,-2.179831363116928,0.8491613587080146
-0.008958965392421728,-0.0045670559446468265,0.007554462620996895,-0.0014219772332629028,0.04526823391906281,-0.3893536004986295,-2.1267631733328307,0.9284732232897576
-0.009649011667064758,-0.004626218006550444,0.007871975295584378,-5.08499225902622E-4,0.19636257346950556,0.2916042378242221,-2.3099612040038036,0.2971120014429323
-0.009610996984606535,-0.004631356306358069,0.007869859256364324,-5.641124462180259E-4,0.18745259332930939,0.25433904473762614,-2.3115720866451577,0.33486982895998624
-0.00956898142196309,-0.004614070645926804,0.007841721192269313,-6.201990618471819E-4,0.17564368663200045,0.2081589801818966,-2.294680545800023,0.37251785604099535
-0.01076933071911599,-0.0048547856118853995,0.007997400440138224,0.0011925348614779667,0.5215928947092343,1.530881927845746,-2.2838082582299903,-0.7934166681498523
-0.010749971070874534,-0.004824977364178977,0.007972195781351896,0.001151330572468811,0.5075468074562229,1.4932218354023705,-2.2677800813012614,-0.7718780678825726
-0.010801499879797569,-0.004852470584261688,0.007980677740541951,0.0012390176883102994,0.5265286548213376,1.5610949758403778,-2.267124465550069,-0.8240613050263678
-0.010831343293310097,-0.004851423605494479,0.007965899902030067,0.0012823181265938586,0.5313588678329079,1.5895123281065737,-2.2521168731954258,-0.8523562617854467
-0.0108867148772359,-0.004867677035649855,0.007957503844652847,0.0013708881844624158,0.5464401233650386,1.6540384156823322,-2.2380574662090695,-0.9070421636364528
-0.01086137670565291,-0.0048506465183814065,0.007950855808981576,0.0013257382343483007,0.5360563356027171,1.6180338572397783,-2.2368054886649174,-0.8806845758896936
-0.010915391106262653,-0.004856340846448071,0.007930461614280133,0.0014066923750587204,0.5467008525387639,1.673477606302944,-2.2139185475717302,-0.9321793771607197
-0.009736327632245818,-0.0046673537848513635,0.007931805284922844,-3.8870005544476555E-4,0.22296969022815658,0.39056566501306594,-2.3455973917872295,0.21835586844221125
-0.009695388228057288,-0.004642414670316055,0.007897990359258597,-4.4450125779576865E-4,0.20965406289285649,0.3425285054543818,-2.3248567831950506,0.25459750273527865
-0.009678399929292559,-0.004592479867259686,0.007840835343719528,-4.6033301784942875E-4,0.2004225783868254,0.31332958346721496,-2.2849608590800723,0.26317872357638444
-0.010336446239200357,-0.004753976465387932,0.008017181644570116,5.119982439008732E-4,0.39548650525677514,1.0389959235927295,-2.3492792438667816,-0.3668636335220889
-0.010309334974168789,-0.004744930070362996,0.008011862219177197,4.695235081683262E-4,0.3864161815809133,1.0072372153826301,-2.34829676415081,-0.3403883147759165
-0.010241413973894789,-0.004758781211263717,0.008037709949741676,3.688295158759365E-4,0.3726899297804109,0.9429738236881169,-2.3739148562963064,-0.27269844583643366
-0.01019781219715975,-0.004754420147143893,0.008038066081298229,3.0198926042302663E-4,0.36032463599950676,0.896080869834628,-2.378536180018622,-0.2296959670907794
-0.010260752897143122,-0.004713113119360847,0.007983919021001333,3.916901381477036E-4,0.3667221281745718,0.9441229297295016,-2.3332794070770118,-0.29369366675620806
-0.010293259922130784,-0.004721107845614483,0.007987904801004714,4.4146065321933135E-4,0.37677000038681985,0.9805658549013934,-2.3327189615051274,-0.3252460534175196
-0.009779183652999977,-0.004650724708585215,0.007919278815109128,-3.236763985024777E-4,0.2319414468222043,0.4300344567000903,-2.332896345737662,0.17386921620466136
-0.009903426962925881,-0.004638547085526909,0.007916923141244175,-1.4088467333679501E-4,0.26215578362899433,0.553172200179817,-2.3200760506010436,0.050859102734684546
-0.009862258637443617,-0.00463519902109533,0.007910541013514958,-2.0078861908387965E-4,0.251264685984308,0.5103225455073644,-2.319212570669908,0.09065980867412297
-0.009822117449052835,-0.0046391460538808766,0.007911332336051798,-2.596886836937206E-4,0.241540493873123,0.4706207301738467,-2.323375269634622,0.1303366407181332
-0.010170357436681604,-0.004720723615437927,0.008003017621620636,2.570718480350591E-4,0.34573784694424975,0.854473832066818,-2.3562264318495743,-0.20435381982018422
-0.010140530171157883,-0.004692484759664806,0.007974063266786109,2.1004275656563102E-4,0.3321554143331397,0.8132097558879385,-2.3384521426493996,-0.1767023406248829
-0.010073074612201388,-0.004672212786768921,0.00795543336595285,1.086623685528817E-4,0.3110215863524531,0.7369940422562882,-2.3317096236583743,-0.11198724927439939
-0.01011090339705482,-0.004669474815923969,0.007950569273940842,1.6451931882664408E-4,0.32001306721371403,0.774519910997869,-2.3244976449658763,-0.14913917323418707
-0.010004563424069484,-0.00466527601659151,0.00794909183533213,7.12190455111144E-6,0.29223906851242937,0.664701148475281,-2.3337207112994993,-0.04545346634546812
-0.010037166065100299,-0.004655874165007715,0.007938409551453663,5.514810192166371E-5,0.2988421604413144,0.6947257759025749,-2.3229338598121245,-0.07809673106865211
-0.009972473645453225,-0.004633624493428517,0.007914002898313595,-3.978085846631577E-5,0.2788404371692513,0.6216520616940734,-2.311556752455466,-0.0168962402915357
-0.00992818588870013,-0.0046016359608555745,0.007877819266981119,-1.0317025049420901E-4,0.26300136657577683,0.5669825187792156,-2.2896303239651794,0.022951554967629927
-0.010561487611820715,-0.004821996358281164,0.008037701936456733,8.6905395110159E-4,0.46805337270504116,1.3025380245005218,-2.339177415119322,-0.5887361146677774
-0.0105856408381972,-0.004816541025291718,0.00802382615756052,9.037232768309662E-4,0.47154056444807574,1.3242174736319265,-2.326177589980037,-0.6122860928501876
-0.010609906673085782,-0.004815428217672902,0.008014489780592422,9.397647610759382E-4,0.4764580365960877,1.3481216858919591,-2.3164436785783282,-0.635900992983294
-0.010627170990086653,-0.0048002089854314945,0.007991475627306956,9.602842603709255E-4,0.475171442132979,1.356967219581323,-2.297489916529911,-0.6518299268585387
-0.010505549611928722,-0.004804906124409392,0.008035035635630345,7.794084588164401E-4,0.4500358592845402,1.236464088563326,-2.343648010649701,-0.5332984326082535
-0.010536460419508113,-0.004812181339506945,0.008034275051128512,8.282356698351112E-4,0.45932323510218404,1.2717661269778864,-2.339554144207238,-0.5638309207380748
-0.010392375428626232,-0.0048048287897612405,0.008063231063661249,6.072284232563108E-4,0.4228719519839776,1.1196904376387862,-2.376595951756681,-0.4211886724976335
-0.01041830580189634,-0.004808810721579187,0.008061888686484546,6.477625012433407E-4,0.4305850725548209,1.1484504363268297,-2.3728323354216365,-0.44691183576127524
-0.010475339661391893,-0.0048012555038502575,0.008039158132477091,7.326825582958373E-4,0.4419857951619428,1.2036389345735758,-2.350042315617086,-0.503457470016349
-0.010444001647661483,-0.004801353774312974,0.008047285673555333,6.851511261678923E-4,0.43447898380916117,1.171490802720369,-2.359425488114267,-0.47252343786996726
-0.01037103438064231,-0.004770243250536285,0.008028704615154423,5.674257312393173E-4,0.40821752642532566,1.0818159479471323,-2.353915562512285,-0.4007012012644857
-0.010358084296378897,-0.004732594131331535,0.00798914308255734,5.403971926635439E-4,0.39526348773571657,1.0515624099501564,-2.326726010574605,-0.3884151953029453
-0.010656607451880453,-0.00479978261791137,0.00798051999287745,0.0010037825070799292,0.48109434722918415,1.3860643870798384,-2.2858317197495874,-0.6802299198485993
-0.010692029257883609,-0.004795339089946047,0.007962334060062552,0.001054326033505613,0.4865197189060119,1.4184897060869093,-2.268013973025617,-0.7138747586080846
-0.010727436220935561,-0.004794699320889764,0.007947715647479621,0.0011059149417735057,0.49303030170334633,1.452717900167305,-2.2527234349177814,-0.7474826446309386
-0.011567218329904446,-0.005054395602763998,0.007693917707913652,0.002433069794111292,0.6760792841886397,2.401493079573688,-1.911039132106812,-1.5536122283094969
-0.011466959686875278,-0.00502726745653969,0.0077502432791453245,0.002281620898070833,0.6640524883455284,2.29981193945676,-1.9768402496876527,-1.4639665014065744
-0.011500812073219745,-0.005041636880383303,0.00773750979376049,0.0023374404410673993,0.6707823680905949,2.340245332881025,-1.9590996415865916,-1.4968267041635845
-0.011537788862515051,-0.005042089185509095,0.007706411513544697,0.0023851321093977186,0.6711192043837749,2.3671881776944663,-1.927900634380945,-1.5255496921017082
-0.011439412877991157,-0.0050179003469996136,0.007762605474252585,0.0022380489371850967,0.6594345306207318,2.2691076728735005,-1.9924548956318844,-1.437999937234867
-0.011360773893887243,-0.005006995122230122,0.007812714861917031,0.0021252031186582403,0.6522177432713298,2.1961669976741476,-2.0466704812258456,-1.3689344720713346
-0.011413188595187335,-0.005009168694874138,0.007774150467868088,0.0021966155595220757,0.6550758910384077,2.23987247879387,-2.007031263734825,-1.4132062850108893
-0.011390211885095333,-0.004999105397588632,0.00778131193682909,0.0021583403001809213,0.6499773991751335,2.2116761075469844,-2.017607676461546,-1.390478984153055
-0.011458148689119988,-0.005000983750503159,0.007729148115729789,0.002248662864680887,0.6529331980634792,2.265449248218142,-1.9647443746259632,-1.4459571473301738
-0.011061638817854052,-0.0048905684489605195,0.00788778634866853,0.0016338871993480453,0.5795202349957161,1.8346020596313275,-2.1594928400361333,-1.0731243340241514
-0.011034786048668168,-0.004888712924505773,0.007901436238439462,0.0015948769115177966,0.5755728130064092,1.8086384624295697,-2.1739664978414837,-1.0482813041647328
-0.010962123022792928,-0.004881001457209111,0.007933403426233469,0.0014868617311007916,0.5628339490736453,1.7353015806659602,-2.2090408956442897,-0.9798459626167894
-0.010991257520593593,-0.004882830646171183,0.007919534949680953,0.0015296053388480061,0.5675847450098438,1.7638860689841658,-2.194275325677265,-1.0071281944134916
-0.011015781143842237,-0.004869255889954722,0.007890795559559809,0.0015568646833878637,0.5656183603314536,1.7763377416066726,-2.1692525968907295,-1.0269744815835533
-0.011346854014433416,-0.004976625981527146,0.0077901467924333225,0.002083479070355707,0.6388767178424192,2.1549114349062504,-2.033849623928289,-1.3463143007086176
-0.011328759000364837,-0.004951369557317195,0.0077762697270362755,0.002040526723525754,0.6273937012092887,2.1162269789030117,-2.028132245364907,-1.32246393269918
-0.011165389195614939,-0.004936085597123094,0.00787343967460061,0.0018075156238421951,0.6087973324756107,1.9647890941146695,-2.1308192230421956,-1.177190781086953
-0.011191176383796889,-0.004942525313268784,0.007863502830587274,0.0018475543121837738,0.6140483483515008,1.992937591526236,-2.1187489784611824,-1.2017658792805341
-0.01121621751008403,-0.004939451619710118,0.007843234819808483,0.0018800243250284255,0.6146434018478163,2.011928683661815,-2.0992129721925026,-1.2229269008304493
-0.011242161237324702,-0.0049455674943808155,0.007832093894895406,0.0019197212674208794,0.6194497448207351,2.0394307925857595,-2.086059472930699,-1.24718284140064
-0.011300839344494593,-0.004944559230011158,0.007789342206220005,0.001998307548268404,0.6230168944416371,2.08727163255833,-2.043384402107813,-1.2968857662197395
-0.011269766413989465,-0.004938485092689488,0.007805003613211794,0.0019522129710472754,0.6183859222490957,2.0561950888625344,-2.0610009570546777,-1.2687401907235891
-0.011094874979571167,-0.004893334731904649,0.007870857339717848,0.001682164915966615,0.5844889864187436,1.8666862432164035,-2.1414890584388995,-1.1036352791806303
-0.011124260499483085,-0.004887868935709461,0.007846716232140909,0.0017196346576921768,0.5854106845471223,1.8882233882892205,-2.1187924459750693,-1.1283377824735972
-0.011151478649716136,-0.004904631876365015,0.007847845194721544,0.0017678557071269133,0.5948849191873188,1.9259541974749934,-2.114706939097053,-1.1566795916901491
-0.010947704855951155,-0.004849621352333388,0.007906276471870697,0.0014495100445410332,0.548978606994665,1.6990425078793334,-2.1912914721491106,-0.9609662988348039
-0.00948611256381258,0.004635639773058737,0.007843712800100613,7.433104042145528E-4,0.15708233723857437,0.12911926985286046,2.3028006970817945,0.456772597053064
-0.009428653353022266,0.0046355948103025575,0.007826703263733489,8.244619489201521E-4,0.14316980509682672,0.07139170332974781,2.294951265677748,0.5121428898472392
-0.009378420391649909,0.004616574299759491,0.0077900689214334745,8.885205609796926E-4,0.1306227111588737,0.018225188190031966,2.272146741739792,0.5559111369039568
-0.009222585695610422,0.004610033253290309,0.007724628653326386,0.001099332473521409,0.09588574836287034,-0.13605049144328726,2.2355760961248774,0.7014982515944197
-0.009327995106386692,0.004608445580996176,0.007763857031394059,9.552791017180462E-4,0.11887806118745768,-0.0328872566400297,2.2567615304006883,0.6018975005173411
-0.009272726104719749,0.004602539352472698,0.007736896803434049,0.0010284817560078081,0.10642781507340747,-0.08796675770516554,2.240976415617343,0.6525154170890101
-0.00896820613101935,0.0045184070654502775,0.007510893297424183,0.0013845887219008203,0.048158336058398706,-0.38213277828712644,2.0932023499277084,0.9039570842333476
-0.009057606596242721,0.004555318067861967,0.007593345182948722,0.0012911941037186778,0.0632611876574942,-0.29832429359498075,2.1493239954314247,0.83693539225627
-0.00902523517247333,0.004523318659728674,0.007545097896273794,0.0013162798749397921,0.05786225823051402,-0.32981943919716056,2.115154253256802,0.8554849564838782
-0.009109908457666401,0.004562919919892474,0.007626064694649583,0.0012275478669192365,0.07301242619163445,-0.2488231500250637,2.1702606777567084,0.7922337709879982
-0.009173519551134676,0.004584542895993482,0.007677074335549786,0.0011540444178316318,0.08571785673085854,-0.18637175696256883,2.2038537698059546,0.7402998724493597
-0.0069813876964451545,-0.004773524603558271,0.005944370571051026,-0.0033259854847365804,-0.04161231390985159,-1.6284722244711158,-1.02441621424605,2.118041763040583
-0.006841048888394222,-0.004750465783658052,0.00577928709996675,-0.0033592200575496825,-0.03232769055254625,-1.6426743554187624,-0.9241803931434955,2.1142351188107917
-0.006739939159719421,-0.004700266313826336,0.005647846922713651,-0.003342315504111066,-0.02534735940056232,-1.6355719803397963,-0.8513399472278845,2.08648211673491
-0.006629810690754953,-0.004715213216121872,0.005534695504058239,-0.0033955800220406207,-0.019430220624662157,-1.651780205921345,-0.785186904281364,2.0971001352579086
-0.00531088633425553,-0.005039277428031522,0.004193566395505495,-0.003924516827870956,0.057549450469829636,-1.664371096059151,-0.1625218938412792,2.042856776216929
-0.005201650726774995,-0.004875179334195786,0.004071963840028002,-0.003759233017105888,0.053353577638647884,-1.609386929016178,-0.1525082220131247,1.9604526481688438
-0.005020747265698418,-0.004822403862611732,0.0038923288411083813,-0.0037072264410338185,0.05696210075771118,-1.5725221228148678,-0.1116700530125283,1.9053111399216682
-0.004792439698740512,-0.004785661499827248,0.0036743918255559955,-0.003668535341860811,0.060001496738578186,-1.5338130754678732,-0.06604157081683774,1.8477906437137122
-0.006293959524315167,-0.0048698759841513005,0.0052182644481157045,-0.003653451759289461,0.003179456583646404,-1.7198546789071065,-0.6015102257592586,2.1679612871831964
-0.006390032775455312,-0.004775467954009528,0.0052952038443161474,-0.0035281643633097376,-0.004486185345359319,-1.6852450012430327,-0.6508179828321475,2.1230940325209136
-0.006149004136812189,-0.004853145115038529,0.0050546782750585965,-0.0036627165112780575,0.011445688578408353,-1.708270891717681,-0.5235749411643681,2.1389733543980403
-0.00572849672644666,-0.004973334767380508,0.004624458432552907,-0.003842471257664085,0.03824247044331335,-1.7084321292568652,-0.322448866679721,2.11811278055444
-0.005540333630628131,-0.004978955527990246,0.004425964173136385,-0.003858363247442665,0.04693135454479255,-1.6845937505629858,-0.24834518522259583,2.07753349033306
-0.0059903270085769015,-0.0048379885199484616,0.004879894553335513,-0.0036708513966457507,0.020482024331794055,-1.692810241750651,-0.4462561242828827,2.1062057025514833
-0.005829974604116622,-0.004846468322955518,0.004711297634422209,-0.003698880250344562,0.02823771759482923,-1.6810425433986602,-0.37403358671011167,2.0817685343024497
-0.0064758669905540705,-0.004657108044266542,0.00534918586107662,-0.0033788718108985843,-0.009841596545506032,-1.639324278434966,-0.6901396020249787,2.060681069252608
-0.008647832766469701,-0.004550846059195494,0.007349815703109447,-0.0017841730184415903,-3.9904818955732377E-4,-0.6635044777867544,-1.990842226076742,1.184554855156775
-0.008585075199513029,-0.004584696038580755,0.007338414014697529,-0.0018784565401367987,-0.009987283101433117,-0.7186953433389122,-1.9857070400698278,1.2491692843272177
-0.00846271039418467,-0.004594350917087776,0.0072579675297168985,-0.0020203535777080363,-0.024025297407285803,-0.8194188439207047,-1.9309830669707864,1.3479894222331283
-0.008393390030151814,-0.004579208907169336,0.007191162732717597,-0.002082295274521666,-0.02947407701277246,-0.8713938450953272,-1.883657711234304,1.3916477692944949
-0.008318816945573439,-0.004583847733944699,0.007136292465549949,-0.002162655646243805,-0.03593661593316738,-0.928440592532137,-1.8455096590907532,1.4468488776310588
-0.008511751875374493,-0.004547336556010371,0.007251356587704869,-0.0019326025804510241,-0.015865746701241027,-0.7746368986616762,-1.9233316686137087,1.2887446937728975
-0.007407178564291832,-0.0047720163919343864,0.006408716664621,-0.0030967556631605994,-0.06315850404525497,-1.506145422071037,-1.3322590468008515,2.031296559915639
-0.007465835606632072,-0.004686895896958146,0.006416379946541054,-0.002969331516893828,-0.05958831447287799,-1.4507084542406885,-1.3404870240463822,1.9542431229235573
-0.0072863357228937125,-0.004722668850209108,0.006248857246939586,-0.00311625946908909,-0.05452547375578889,-1.5292399354310537,-1.2255056258796395,2.0299886118337565
-0.007188373352957845,-0.004701619670573749,0.006132092774137219,-0.0031473214113741225,-0.05000538422026775,-1.5498939427897087,-1.1493979411367425,2.037335705695295
-0.00702055258639816,-0.0046705806956826345,0.005936363835848489,-0.003196511666448393,-0.040564459252526996,-1.5785819971586248,-1.0260547437137917,2.0442775631014434
-0.0071080823105624386,-0.004629280922857578,0.0060083882949852055,-0.003111291446996907,-0.04432034076975783,-1.5425594646733414,-1.073211855248262,2.004060325220353
-0.007984155643516544,-0.004650954481000482,0.00690246310199628,-0.002538352262760918,-0.05855178809120088,-1.1729704021426928,-1.682355563217376,1.697531733272342
-0.007894233148796347,-0.004631992523205742,0.006803589417338783,-0.0025977423572286777,-0.05933766840173892,-1.2220943910945472,-1.6117270190941972,1.7351163259018438
-0.0077979750834884926,-0.004624981938217419,0.006706663843640632,-0.0026690985894881445,-0.059653699289989925,-1.2739641172912186,-1.5431342094303624,1.7792747036722274
-0.007635842418776801,-0.004661883117622716,0.00657354692323383,-0.0028276513465529834,-0.06170721776736222,-1.367834740351116,-1.4495485982506684,1.8745543896631547
-0.007712356169440325,-0.004616094027928507,0.006617342357551263,-0.0027261444352327992,-0.05987376544886329,-1.3153195532347854,-1.4802980398347891,1.8127192223886248
-0.0075414364298816445,-0.004615846370219688,0.0064477086088773694,-0.0028470833831271765,-0.05703239594326761,-1.3942265722209461,-1.3632128174644682,1.8813229640391216
-0.008145643673036355,-0.004615517428883651,0.0070184050708635235,-0.002358917879299379,-0.04972243694070809,-1.0585446505604474,-1.7637563468003754,1.5794638624851876
-0.008260819001402415,-0.004511482552344693,0.007027623397423258,-0.0021617450149546426,-0.035331329528069506,-0.9569822855562464,-1.7661375707012896,1.4484628104857085
-0.008187005716518122,-0.004543140914556421,0.006993406834492298,-0.0022581141667864617,-0.04184154268204808,-1.0143467835730844,-1.7434965931432078,1.5130040708193377
-0.008047214309951136,-0.004584718675647792,0.006906635265675073,-0.0024223573153990628,-0.05159640256287346,-1.1161268397423791,-1.6837557291212801,1.6217467255395235
-0.008782780427759885,-0.004568379320666464,0.007453769571415575,-0.0016383223533004995,0.016928986384619035,-0.5481578252262899,-2.061967694664021,1.080831978502266
-0.008709104762492308,-0.0045157465155680875,0.0073569680592614215,-0.001691298384797219,0.009385138644208429,-0.6094696742459323,-1.9926810391186802,1.120566484012137
-0.008730004855217544,0.004419085632052017,0.007280212252089941,0.0016071449902940384,0.01599468094832483,-0.586204905012567,1.9327319490123271,1.0652827719854683
-0.008787739575280288,0.0044448868181404914,0.0073389406386172775,0.00155766516311309,0.02276811820172889,-0.5392837618996958,1.9739477331728388,1.0289103398180341
-0.008941226277331642,0.004432360664426294,0.00741303152091175,0.0013719521289675188,0.045626918855410446,-0.40706099927701306,2.020765314374833,0.8978536909795213
-0.008854287036122701,0.004434081458146192,0.007367312281287299,0.0014747661997541797,0.03216374395823147,-0.48240211169101904,1.9914204459108122,0.9707244104613103
-0.003370417144878988,0.005094581862146206,0.0024194122553038004,0.0038337813181197984,0.07169729818739955,-1.3620593169659199,-0.13401324186764252,1.6085107968330292
-0.0030520016572532925,0.0050141121404852235,0.0021712521656714803,0.003737752116230894,0.06736528383609068,-1.3205961012577825,-0.13108072061014894,1.5508094308228804
-0.003896264000175639,0.005196985128250163,0.0028526884432032475,0.003975851959352427,0.07805239444473379,-1.4444686627367884,-0.12091216781814391,1.7226080430311617
-0.004191327370581873,0.005122209383399793,0.003117955022694282,0.0039401036022600104,0.07704295911631248,-1.485818333555338,-0.07970175849375118,1.7805962388445622
-0.0036520468281120767,0.00498069093673964,0.0026600743353671547,0.003767301860827087,0.07176760940010303,-1.3937293120480436,-0.10467339528046614,1.6520870856152483
-0.0069351818785612866,0.004756557290605345,0.005885374361405991,0.003327538378729345,-0.03797721383631102,-1.630041736391285,0.9889956844178268,2.1112804096394444
-0.006827543073002604,0.004752124639985568,0.005765228397583633,0.0033663005004595445,-0.03132929373584236,-1.6453503878878133,0.9157122812790338,2.11665809749808
-0.007593591087740199,0.0046098069555390656,0.0064958701552754105,0.0028054528429907097,-0.05824281093817651,-1.369271339595696,1.3966472454863512,1.8573998787391037
-0.0074937673588166085,0.004598666342079777,0.006388739662345219,0.0028610832923211204,-0.05576823854499369,-1.4076047554989994,1.3234615853223326,1.8862477305893142
-0.0073931229493546585,0.004592912579350868,0.006283352329465451,0.0029181087925367662,-0.05342517439520087,-1.443741064577979,1.2530561202203874,1.9145300851773517
-0.007021628857893672,0.004683150718114206,0.005943722059131751,0.0032095030168343658,-0.04121306562690181,-1.5833244947173932,1.0297273322426428,2.0523248361755626
-0.007134507588595167,0.00462266026438,0.006032709191738238,0.003091174089490852,-0.04477392575409763,-1.5334632158095545,1.0886037605211667,1.9954210008619813
-0.0072703269700774295,0.004584051011836589,0.006152730779766203,0.002979910747694752,-0.048124234039850104,-1.480961802060193,1.1673159404573525,1.9418677570582594
-0.006693250265307357,0.004720154164971769,0.00560527512362518,0.0033801105101713023,-0.022983369333863995,-1.6482757137014017,0.8248538086725501,2.0999635104656815
-0.005987987608727079,0.00492446397618723,0.004895822761174438,0.0037644261563786877,0.02283395524409978,-1.7219901882556974,0.44214087932803464,2.1495519866583312
-0.00653056693783181,0.004732333249334472,0.005433329920269085,0.003444179707785901,-0.01378647946484428,-1.6649345786623366,0.7283551711681869,2.1056514080982986
-0.00605694745420295,0.004823360983087852,0.004948072568444171,0.003645399581010006,0.015142990318277908,-1.6924891848861203,0.47854843020054477,2.108896294315257
-0.0063683885217164365,0.004746954853244016,0.005262823918518625,0.003502439797822207,-0.003267224808902049,-1.6748317764152831,0.6374281438003796,2.105183561767199
-0.006205187655523427,0.004770156312033291,0.005093925233195581,0.003562583929944609,0.006822761654432974,-1.6809116317296642,0.5515598961727685,2.1017220321459504
-0.0047365993057137306,0.005063631309249018,0.0036249206924910925,0.003928981860543547,0.0714482479649355,-1.5706581678446068,0.014549061135193863,1.9012707344370205
-0.004474499369676966,0.005077180679145174,0.0033779291370446794,0.003923570456874601,0.07452763116292883,-1.5279791328658676,-0.03398963861958094,1.840134621891824
-0.004966589536780223,0.0050500588902704854,0.003847883909684819,0.003927592411283206,0.06699685008324141,-1.6081101267580193,0.06631019179386823,1.9572768630515711
-0.005199291034695082,0.005002876293925165,0.0040776840888216035,0.0038868062198309677,0.05968860197501077,-1.637639044088134,0.13449559420931076,2.002233011116718
-0.00582750961950902,0.004917777346820569,0.004721251154443682,0.003774983872137532,0.031195666471659212,-1.7035110138008356,0.3690028961720461,2.114362574182005
-0.0054282029881760506,0.004985463768019714,0.0043099870764908566,0.003868223503648834,0.05119703018188694,-1.6694410456752318,0.20807947745527727,2.0520326366982133
-0.005637277388376722,0.004921285576669734,0.004520224435194811,0.003793224576589038,0.03997551475545314,-1.681768637810558,0.29074693424066383,2.075009636562117
-0.004867849137366168,0.0049010399984251805,0.003748604773374297,0.003779493071732704,0.06290922451815661,-1.5642850538564497,0.06579604051439009,1.8929286837154247
-0.0026110399742135266,0.004973635360357686,0.0018343903358536452,0.0036664034792565875,0.06285724532968238,-1.2737740145974497,-0.12713373709226095,1.4872629077612087
-0.002055787360255344,0.004958979858983042,0.00142403446429606,0.0036110283608848906,0.057763163326947205,-1.2266656367776683,-0.1142794855002313,1.4230557713086078
-0.0017118648205854303,0.004446830347391609,0.001202317608696322,0.003220552424543587,0.05474680175791905,-1.2153321322707085,-0.06896878192937539,1.406778551693421
1.3278852938892913E-4,0.0028062753862849107,-9.518433732825316E-5,0.0020183326309589074,0.0513701872854909,-1.204863009026709,0.0014723531085155178,1.3911730288696098
-0.0012379864830973965,0.0038992075119814794,8.776523466572918E-4,0.002811455152404546,0.05239458226182466,-1.2060943585959756,-0.034736116122276915,1.3932824008272642
-7.961183613269534E-4,0.003332112532926393,5.684309673624342E-4,0.0023983172843465572,0.051774643737144764,-1.204430844123218,-0.014273712363274986,1.3909245954727307
-4.072333705844473E-4,0.0028995511171933655,2.9179145516484024E-4,0.002085829980823071,0.05140333308668434,-1.2049528366006956,-0.004972070270931435,1.391286264495609
4.04151104556241E-4,0.001967651810668051,-2.907742223044755E-4,0.0014161254104544279,0.050573205296155686,-1.208670881564167,0.0013849603967768123,1.3960829787270963
-0.008447738798826827,0.0045017873311512914,0.0071636831197706636,0.0019670931260572133,-0.019482264603073274,-0.8184295237692284,1.860129405672595,1.3144316577906396
-0.008571144309554041,0.004457757314856943,0.007212259054371929,0.0018056010108242415,-0.004368149539403245,-0.717497576347653,1.8902172696871826,1.2036691854850956
-0.008506450541441156,0.004469449786352734,0.0071776400013630745,0.001882301371796901,-0.012117947042115313,-0.7692493627608189,1.8674968554910212,1.2568637974064971
-0.00866178537486619,0.0044023600978230736,0.007222431443948566,0.0016714838883945058,0.008372396680564385,-0.6402230613079879,1.892741142432554,1.1114465283719162
-0.008606147851440092,0.004408560942863106,0.007191922841238688,0.0017352074169345992,0.0016673566879247387,-0.6847434620445072,1.8727894506816836,1.156039313318579
-0.008373361131010127,0.0044732251417755236,0.00708321310514813,0.0020214269583552088,-0.02404170651327051,-0.8698618400806677,1.8026583336876103,1.3534293408156268
-0.008295355606864535,0.004400109264912096,0.006962751245965965,0.002041391597294416,-0.025435265230832615,-0.9122383447753463,1.7154083153051864,1.3698355625606602
-0.008012629093528564,0.004516227530567547,0.006822256188042508,0.002392127116991712,-0.047872416038845185,-1.1204748647664673,1.6225393101774632,1.6022747482371622
-0.007905507792033875,0.004495843463471817,0.0067117118024438436,0.0024631792271794573,-0.04982502450589776,-1.1772664825096462,1.5450905166158502,1.6477889510092463
-0.007653714555811428,0.0045159124235154965,0.006492008638524081,0.002671963829799936,-0.05312260762337185,-1.3109346106965771,1.394424357458343,1.7749390417988022
-0.00780532906226666,0.004449243200719338,0.006587936614202095,0.0024992292948077615,-0.04827028448362181,-1.2173107785882153,1.4590726387475357,1.6696269039184626
-0.007716080260853536,0.004451399548428531,0.006507662817271767,0.0025668974029169783,-0.04995413504425022,-1.2614142618771083,1.4047535826194597,1.7102422801513142
-0.00822906294113079,0.004349730555572752,0.006871439331863058,0.0020637267712775268,-0.027235306928864562,-0.9464485666562371,1.6503478675664471,1.3864494057326913
-0.008093093148236037,0.004443822738304435,0.006835243138193962,0.002260290884931876,-0.04022775884792463,-1.0535760318055447,1.6293373697014017,1.5164844006998186
-0.008151571039973453,0.004351229939432029,0.00681172036337064,0.0021335867878318026,-0.031725345623904395,-0.9961676358790733,1.6095697399784683,1.4340067085301917
-0.011615637788139458,-0.00506548801305317,0.007662497653801315,0.00250343721013619,0.6799392826957776,2.4468433690515385,-1.8756495736484038,-1.5950088755692262
-0.011644995999238704,-0.005073991911037685,0.007644665256686036,0.002547364715171443,0.682866891515124,2.47573973890909,-1.8547985267412652,-1.6204872406410111
-0.011596339411196581,-0.005035712569020828,0.007648364141709879,0.0024528643369525504,0.6679102110917915,2.400141181126721,-1.8723824312738786,-1.566491710385305
-0.012603700056904405,0.015184268976919359,-0.0061564232169871716,-0.0030828463783998967,0.1165621454265016,-1.467554969327152,1.7383024572939079,2.153463796507459
-0.012705115244559603,0.015130910654297478,-0.006093924095005211,-0.0032037958395171777,0.11825665838693986,-1.5361874612926554,1.6677662848150272,2.223275792856926
-0.012812830652673935,0.015089703444670822,-0.006007209230660675,-0.0033108893263378027,0.11779250733841108,-1.5960196862942448,1.5841192067784284,2.276959645430821
-0.012905690125599601,0.015041940770223812,-0.005939748051578593,-0.003414136433150205,0.1182878388827225,-1.6505893028169838,1.5121849873915816,2.3304529402238923
-0.012985891869380657,0.014995854658990563,-0.005882153959800151,-0.003506888525500684,0.11934198735102007,-1.6976169651599087,1.4492746883471523,2.3776698136032475
-0.012549792864683672,0.015291853197010053,-0.006105983803013174,-0.0029315723171232967,0.10949906819378454,-1.3887476040479494,1.7438237247905928,2.0399126751321712
-0.012516302417801313,0.015424161469406622,-0.006005305928127691,-0.002773500799104316,0.09916141429891011,-1.3091546170789117,1.7191502536176009,1.914403838206298
-0.012458439364411373,0.01554828626344409,-0.005934707750531356,-0.0026154486567904153,0.09100145828941798,-1.227080034773284,1.712620120161482,1.7964794881608483
-0.012241586293477177,0.01566926362536501,-0.0060035125397188355,-0.0023595421748318075,0.08795529338701981,-1.074961844759463,1.808455881536638,1.6315819732134587
-0.012395074348117565,0.01569732793274054,-0.005839443872173694,-0.0024383813647524647,0.08283935266867416,-1.1360959301278533,1.6951288660143382,1.6636673229205068
-0.012136981053340797,0.01586076024909292,-0.005880759057181009,-0.002128019157394749,0.0783216460764755,-0.952746232756529,1.781692067750434,1.4587991018498854
-0.011983245430479732,0.01607103515173428,-0.00576370470781759,-0.0018648150849355672,0.06644829197321996,-0.8093512856970536,1.7626130551122536,1.2674625089850158
-0.012100540806808082,0.016016803517902536,-0.005739761718664264,-0.001985357761437545,0.06826561693221939,-0.8834636193646579,1.7288274619852828,1.3456240556837409
-0.01190740306371333,0.01622125838069464,-0.005649797847841546,-0.0017131290807965958,0.0599687547439132,-0.7313590095925001,1.7255385892074122,1.155941398427596
4.4384121073787094E-4,0.022364499526686735,9.662541638459707E-5,2.975523490004491E-4,0.2881767628098382,0.4037481660736776,-0.030064460231871155,-0.38684134160792466
-5.34348640600806E-4,0.02150102510403059,-1.498042290961494E-4,5.123269070313453E-4,0.23154661907825594,0.5230364882651203,0.03567960278981524,-0.4943762955426095
-0.0018728005862449146,0.019345499345228542,-7.991161564048505E-4,0.0012578657219300177,0.10453612837741244,0.8109161253063852,0.1255776005887708,-0.7420378661784534
-0.0012433433706840178,0.02046833470760156,-4.3734462836055125E-4,8.331327382228616E-4,0.16742865161413437,0.6607016294257058,0.08323241813382715,-0.6148316370549854
-0.003379787982164777,0.018921535773576543,-0.0015342783097333351,0.0013860122794496143,0.07082366948167874,0.8670577551394566,0.2456398500743399,-0.7842362839869109
-0.0028096971366560535,0.019588682497110654,-0.0011498133518612578,0.0011281690136577848,0.10843527302552873,0.7710557985657077,0.19710565403036284,-0.705829368677723
-0.004122705758624705,0.01899612144904516,-0.001845124213813162,0.0013023431363827483,0.06613888943997571,0.8462702421199907,0.3183204032648526,-0.7628673632932607
-0.004817732461638221,0.01908710130602654,-0.0021133919194869064,0.0011990405091009335,0.06276287734339185,0.8134854803165256,0.39317843980670003,-0.7298397368423476
-0.005262022626059598,0.01853044416560149,-0.0025178798646718543,0.0013884165825250002,0.03605984865038523,0.9073552137669355,0.46331770185119975,-0.8021609004281157
-0.005826297983367453,0.018505112295794664,-0.002784524833200764,0.0013102970067328972,0.031668753734538,0.8878194663698489,0.5465968983889856,-0.7772517845907813
-0.006431284367127446,0.018463072290668337,-0.003068336780012095,0.0012080254967510465,0.026251480379888222,0.8566871588173312,0.6462995107418733,-0.7393121265668668
-0.0069708116000988,0.018439975962216047,-0.0033005558055675395,0.0010859812583850945,0.024151174156834418,0.8081983142481496,0.740319247952403,-0.6851739133952698
-0.008183261868573391,0.018006308066157987,-0.00402973291749583,8.330517637699975E-4,0.016645264952448956,0.7224680852594058,1.0323072684831722,-0.5586670201374196
-0.007458337043457976,0.018412439908223395,-0.0034988492558728147,9.566853678735534E-4,0.02131808618852077,0.7510511961226413,0.827588343019325,-0.6224579741809341
-0.007894517192656578,0.018392414556176195,-0.003656717186396956,8.215586733147428E-4,0.02014827922935805,0.6832289796182992,0.904415675505348,-0.550332631625848
-0.008711780058173206,0.01761199724178256,-0.004512669119634616,7.023626314215784E-4,0.018255810651322316,0.6960167252359878,1.2357471118358057,-0.4893305961189775
-0.0089665571425743,0.01749367551854482,-0.004685579281946194,5.935152327966861E-4,0.022392484382098236,0.6490656943026085,1.3216075488082615,-0.42396823941732203
-0.008587982077909308,0.017971693367836314,-0.004173296790265715,6.674779690210167E-4,0.01714493767975313,0.6339802486501308,1.1121551362964068,-0.4634892670891136
-1.3169148537305918E-4,0.02373765365257156,-1.4584533596060498E-5,7.132191650576084E-5,0.3903186990331405,0.20342925625576005,0.009767604289117882,-0.19971522244541873
-7.36559687364401E-4,0.025,0,0,0.4971437779433628,0.0019260694744887231,0.06183394725526497,-0.0026009002281813347
-0.01065069956772878,0.016956087512939436,-0.005325526278436898,-4.986719555447579E-4,0.03789571149744539,0.005316725541369339,1.6707958963363503,0.3039477388492258
-0.010875776418770976,0.01695669768044551,-0.005278902490225629,-6.59371980834469E-4,0.03700909224735943,-0.10869613361925565,1.645613278270711,0.41381537360523646
-0.010260685095139258,0.017205218168028374,-0.005101633783222517,-1.9624778202203264E-4,0.0302832422782336,0.17679394831266934,1.5663152171857044,0.09283646284156094
-0.010520872630298932,0.01715384664506086,-0.005131424962801055,-3.780157228056367E-4,0.03254549129684468,0.05763389274868926,1.5828481231164369,0.21871132106711416
-0.009253675462749631,0.017533356655525783,-0.004706520987708247,4.214343856569299E-4,0.021214700246066465,0.5377136400936767,1.3521636620275979,-0.3163432109946282
-0.009537578225239205,0.017470595284729003,-0.004807783295868367,2.6148914247716624E-4,0.025208475016170247,0.4446768658210333,1.412082957342224,-0.21281400413735954
-0.009820306128255197,0.017555973263759052,-0.004747063631262192,8.533360239432684E-5,0.021845532260383275,0.31725255101169486,1.4009430983299442,-0.09525267883383104
-0.010127001608098892,0.017539732396469502,-0.004767021992916027,-9.811975432608509E-5,0.022616208904636195,0.19656374354337317,1.4204135753270763,0.027640866150911325
-0.011457272227847438,0.016500042172405905,-0.005585453941694425,-0.0012372141873813662,0.05213058069856947,-0.44162114354077836,1.7544129685839316,0.8235031635763015
-0.011743829515863021,0.016408334519165593,-0.0055430788848485,-0.0014891130127812917,0.05298842055209306,-0.6080874279340079,1.702077671846713,0.9953798518089193
-0.011349729968152589,0.016733549734258155,-0.005373870952800526,-0.001062122266045563,0.04128560620236735,-0.3597714474146207,1.665917881477246,0.6947609242802465
-0.011262707922500207,0.01694155356563763,-0.005184625045667249,-9.2826634881001E-4,0.03497810845794575,-0.29984480322971097,1.5863399512430167,0.5986854831676225
-0.0110633680891401,0.017076365051826067,-0.005104845579819806,-7.566537376732862E-4,0.030781274661430876,-0.19844427274623577,1.5607085713289202,0.47896006406596126
-0.01351242824423905,0.01436712811825721,-0.005605931200600108,-0.004505854595793922,0.1586401633379297,-2.143175439191268,0.9489128602186286,2.9422327633145753
-0.013583058318189886,0.014360031199668194,-0.005506886016311398,-0.004522515172169512,0.15512544713151563,-2.1395866489374957,0.8781170038262128,2.9170576242951003
-0.013472442603581007,0.014433362146803219,-0.005628345203367465,-0.00440494503265039,0.1535506697782961,-2.1025003015932135,0.9988569830487554,2.8857926603125086
-0.013261799294303784,0.014600568453675399,-0.005823424243149143,-0.004124191670013224,0.14612813901822677,-1.9909805649431436,1.2221794473972747,2.767197700954561
-0.013275580966097206,0.014671692186416061,-0.0057559398503227045,-0.004030263875914127,0.13807095316383958,-1.9447647967345847,1.2077908094762904,2.6854614050598173
-0.013335257826364938,0.014559729996649654,-0.005747761726491745,-0.004199793170904315,0.14656406812584774,-2.0211099730290276,1.147256251481578,2.792633928308589
-0.013415732390785832,0.014513225198191666,-0.005663322359155293,-0.0042819231710525185,0.14730297593657657,-2.0518775706353973,1.0640476005711088,2.8183388451830664
-0.013154921402584192,0.014764002485063352,-0.005851458632733001,-0.003868871805392801,0.13470067999831922,-1.873056844545003,1.321069590990281,2.607952043239585
-0.013121772708749375,0.014824998684898462,-0.005848607764883398,-0.003777112564530105,0.12984166477996273,-1.829435603038918,1.3476759387143329,2.5472310902315254
-0.013233764896919414,0.0147321330365552,-0.005770029167831612,-0.003936833824004047,0.1338874077805051,-1.902479501339702,1.246773600540821,2.6291945601912627
-0.0130634004004179,0.014941246567488853,-0.005831358757597057,-0.003606846629146674,0.12148421884278347,-1.7469757475287546,1.3871747762396864,2.431323378920872
-0.013138814200296611,0.014892817315223857,-0.005774688194941541,-0.003696535988193472,0.12335610701033461,-1.7896497542889491,1.3239312202728808,2.475298909717299
-0.013069950065800577,0.015016780083042797,-0.00576276467567092,-0.0035168093734046814,0.11555113471766523,-1.7033165744230878,1.3701730357907542,2.356645597156027
-0.013652202992680116,0.01434391112915651,-0.0054147766877599285,-0.004549603192108931,0.15333797474036667,-2.139755371770103,0.8083812125633049,2.9002787946055295
-0.013626868366495019,0.014401117554473881,-0.005424470853550304,-0.004466708607303772,0.14828015528310237,-2.1070974899402533,0.8441078451711557,2.852691789839681
-0.013822875694941223,0.014025264808177422,-0.005280031772721636,-0.00501388404314216,0.1781411845687719,-2.3010675952268485,0.5474560190541902,3.134201004422064
-0.013796745866839754,0.014087902813077188,-0.00530075676908682,-0.004922111568789834,0.17252478290997084,-2.2698178304496235,0.5960846780195448,3.0863476830352385
-0.013764132593539433,0.014133373025420103,-0.005334602006092481,-0.00485669671293435,0.1699643092583847,-2.249936102711388,0.6429442931916026,3.0593204968168206
-0.013718018744703353,0.014174229501367304,-0.005388746296127358,-0.004798104118789492,0.1677645492689611,-2.2354214980883467,0.7000648095783181,3.0447889179832814
-0.013723409205320766,0.014246635949867466,-0.005352798408821643,-0.004691122753218532,0.15962403108373838,-2.1880585792950717,0.7165416158907782,2.964288404563069
-0.013720990269669539,0.014326620726823917,-0.005323863253186207,-0.0045758163596389375,0.15141958385971718,-2.138365884489627,0.7398894131186787,2.882937942398637
-0.01424162219306988,0.01352862441633164,-0.004693986361894456,-0.005644811017972943,0.20311387757633756,-2.379986269099831,-0.0826764572963856,3.2358270048996842
-0.01390425809376096,0.014017783134038998,-0.005159319204663914,-0.005013082259913205,0.17345149692336068,-2.278541515480694,0.4696140368761642,3.0820048475657766
-0.014025068000125795,0.013801314181814612,-0.005016993934693153,-0.005312960237163703,0.18956700496776316,-2.355253376291295,0.25924817063050165,3.1987720763841065
-0.013994419128784647,0.013851978897887491,-0.005056709960451534,-0.005244187884813165,0.18541950162444773,-2.3402372015613535,0.3122975288163474,3.1758595493211317
-0.013962865926012036,0.013956286929329594,-0.005085620793013653,-0.005094080475460352,0.1760671938053514,-2.2931837673969464,0.39077363190281034,3.0982567809757025
-0.013999769045737331,0.013905368827762023,-0.005039862958295659,-0.005162064122301946,0.1798134114436719,-2.307662542542482,0.3345321975697939,3.1186531566452618
-0.014185018097908295,0.013605761396691974,-0.004783181793556899,-0.005553519847835211,0.19906809909044756,-2.3764330618725857,0.011615111762108945,3.228093484303652
-0.014086000800956431,0.0137980234383411,-0.00492486513798973,-0.0052993573310921825,0.1851222318575452,-2.3291215473693785,0.20607637691715683,3.147280179399244
-0.014144543428109058,0.013702760266661028,-0.0048433294451889495,-0.005422725111440519,0.19130329542483937,-2.3501257652885683,0.1040203378714722,3.1812516426969952
-0.014178262064751118,0.013666725315700548,-0.0047934653295701336,-0.005464007674197256,0.192598844865075,-2.3505103934546776,0.05577043963495461,3.1809049710937853
-0.014144708162570695,0.013776176304110882,-0.004838920198260197,-0.005312660062333789,0.1826291964265445,-2.3128679161294277,0.14704416884809832,3.1148133026149836
-0.014244715686591603,0.013589389763618285,-0.004692580300484012,-0.0055517788855037045,0.19556131679888508,-2.3508256781686288,-0.04366237208422357,3.18136231804796
-0.014290072262464364,0.013481188523003278,-0.004616780232268886,-0.005692196494058434,0.20363179953539334,-2.371693417660954,-0.15044344135204238,3.2230138699843076
-0.014356491549952048,0.013404713534712984,-0.004507259759234485,-0.005770585061113675,0.20659641183452235,-2.3609198456327363,-0.25121732300254873,3.2096602382282744
-0.014344096167654946,0.013456098311752132,-0.00453311851491175,-0.0057010364959232595,0.20126137215791168,-2.348773000038396,-0.20503808503792742,3.1840519705571646
-0.014407171802320417,0.01337366651065311,-0.004426961725955153,-0.005786913117710245,0.20488544455162547,-2.3394192214260623,-0.30677098124231406,3.175239821411933
-0.014456042920134735,0.013328466311843465,-0.0043464054871541055,-0.00582313993300771,0.20547538061246454,-2.3226626579224323,-0.37053859769622727,3.151220009472763
-0.014530718993669272,0.013141563269197923,-0.004187257211429831,-0.006043565773251503,0.21787812026766343,-2.3251492344982445,-0.5625128002070511,3.1828093389683736
-0.014498153598762126,0.01327440597564959,-0.004272763162019793,-0.00587433442483743,0.2066375624131629,-2.3112783773757766,-0.4364252577464119,3.138480691597438
-0.014524149474425513,0.013208656644120145,-0.004217412755421166,-0.0059514794029198,0.21156209322920158,-2.3121616448779574,-0.503121703540304,3.149508819930545
-0.014574990217998596,0.013042410144394424,-0.0040881762940415236,-0.006152431031817738,0.22361225718863342,-2.3150494114446585,-0.6694324843464008,3.184356950518126
-0.014586632979053389,0.01311040977669783,-0.004096577803406249,-0.0060463400250063545,0.21504574501632198,-2.291668901313567,-0.6157506275689985,3.1315510056829425
-0.014659428771816143,0.012909793140471951,-0.003911938512066601,-0.006269764835005164,0.22764534230420078,-2.2722765020236575,-0.8232665201606783,3.141341210094655
-0.01462540288981339,0.01300622149879166,-0.004002060160614502,-0.006163179282708819,0.22144902310237027,-2.2835844640252247,-0.7231142553190852,3.138509442052728
-0.014673445446884216,0.012969449096134133,-0.003919341118628235,-0.006174698682809918,0.21965710477509529,-2.2529641005702974,-0.774355308729949,3.0948863411135292
-0.015038475007251716,0.011790843479697874,-0.0025651092601150292,-0.007222122691038277,0.26909539849991715,-1.753789040228787,-1.9582512970052746,2.7104053487333526
-0.01505979475493234,0.011752072132356664,-0.002501919091489762,-0.007230728677460316,0.2676603573262863,-1.7167598880910158,-1.9890424577798378,2.6675616208170214
-0.015018368022082172,0.011840402918772667,-0.002638288310975307,-0.007199193752276719,0.2693447032244043,-1.7945134370206761,-1.9151852320254261,2.753344845143118
-0.014973163697882645,0.011941045161731912,-0.0027901575391640608,-0.007153551054101527,0.2702486898863128,-1.8770814161623626,-1.8251348980172672,2.842255516308766
-0.01500090517699258,0.011916648631997902,-0.0027351453623617084,-0.007141884184008838,0.26714604838984896,-1.843471215442799,-1.8431760901143905,2.7958961460645892
-0.014983462271100605,0.011983253929693105,-0.00282034512642017,-0.007092364207627226,0.2655740162454983,-1.885462990969739,-1.7795785301142748,2.8330405680953032
-0.014986650080944375,0.012023843993397188,-0.0028558224251382116,-0.007042526359930663,0.2619582144178203,-1.8982173241349238,-1.7376196902297354,2.833390208133055
-0.01498247531439347,0.012083979732551799,-0.0029167180899419875,-0.006979766020513514,0.25774661729761533,-1.9228525051556833,-1.6774905241939442,2.845388900832354
-0.01499688318337214,0.012135015051810229,-0.002946262534392674,-0.006902724857666627,0.2517867638752201,-1.9273321622085866,-1.624254046320416,2.8279998971642266
-0.015032070619222439,0.011891302659931886,-0.0026759777178517567,-0.007125805047078412,0.26382902338965586,-1.8066716085371002,-1.8602031856691144,2.7442541119043575
-0.01487296731048323,0.012366027222631464,-0.003287459820659921,-0.006776785737972592,0.25171469275525427,-2.0869915783735853,-1.397874635254704,3.001730484625789
-0.01492940438012577,0.012270744251430462,-0.003141765201942199,-0.006826900696245758,0.25133891197081826,-2.0200997594875467,-1.4938763376586974,2.9266208164510576
-0.01499046846219045,0.012174230524679374,-0.002987988547024078,-0.006865668540252432,0.24966528560381926,-1.9442826800131903,-1.5859436601784334,2.838792856470897
-0.014981638229424877,0.012218056685856024,-0.00303574003868336,-0.00682559917088009,0.24727720930219352,-1.9635706503415455,-1.5433597904698366,2.8522048760556706
-0.014965377238000632,0.012254100775930825,-0.0030849620583904636,-0.006803032453201586,0.2470029116159637,-1.9860420817666593,-1.5088177690972275,2.8751841679878702
-0.014915004453376304,0.01232445385014978,-0.003202687745088744,-0.006778769388749593,0.24873738161834374,-2.0436746709432145,-1.4402665671479384,2.944256748922117
-0.014767582596297934,0.01260286702752602,-0.003592808297245498,-0.0065863721473052,0.2449980679063277,-2.2000192612507004,-1.1478199648031155,3.107220428104277
-0.01477827216408984,0.01265755039689634,-0.003612963020734295,-0.006502362003009611,0.23774363804320808,-2.192386471978631,-1.0960879209221723,3.076338585949873
-0.014884693806527223,0.012423351484913418,-0.003316205706108605,-0.006691282378598081,0.24474995838721644,-2.0860922527309462,-1.3406322999948388,2.9772484219548043
-0.014806243260906621,0.012561013645574992,-0.0035140814922751625,-0.006600932635219845,0.2432664301702858,-2.165571409277771,-1.1959278606984076,3.0627713882821515
-0.014848398960669227,0.012510909588481955,-0.003425209075107973,-0.006620465380157995,0.24204621196615556,-2.1265695126904416,-1.2508973522995268,3.013852228331537
-0.014886768702030729,0.012473513956773104,-0.003350067356482983,-0.006625840814119603,0.23978265349710934,-2.090862817781252,-1.291066075124609,2.966534067584206
-0.014702494032257582,0.012868699389560154,-0.0038325146585182182,-0.006288584062505094,0.22648039566873476,-2.2431044780635165,-0.8757673998867667,3.10214393375038
-0.014735808153298283,0.012819592397245689,-0.003762104465195384,-0.006325361424399434,0.22709127928461026,-2.221176683444454,-0.9311144677955553,3.0776696133961843
-0.01474475005096669,0.0127678263866621,-0.0037221724973989486,-0.006387169995080204,0.2315208301649454,-2.2171271610360748,-0.9823197004385584,3.085163323829922
-0.0147811621144746,0.012721440270192298,-0.0036471621672712158,-0.0064142512341525395,0.23095931551591045,-2.1893121730773086,-1.0351628365091523,3.051588683365399
-0.014819448589068829,0.012684155206504892,-0.0035746093724786515,-0.006425752962942508,0.22949968524058573,-2.15871456925024,-1.078462367084594,3.0110966084441766
-0.01507742162929658,0.011515626032361784,-0.002217051105671825,-0.007431301439726644,0.27793248692161926,-1.562923150005658,-2.2103815994780316,2.5514393285168215
-0.015105522226746396,0.011484053662644442,-0.0021542487237120028,-0.007415642802969199,0.2740915201150893,-1.5212434514609716,-2.2253488448542993,2.4958603395309944
-0.015148267913357119,0.011405565581046408,-0.0020232562030981734,-0.0074156773399787785,0.2692090913881668,-1.4365002482690772,-2.2731382561835543,2.3953524075080104
-0.015125346648302547,0.011448992965665527,-0.0020949887894856287,-0.007415101286877328,0.27196192776564626,-1.483021400143618,-2.2468686508633495,2.4501267257930714
-0.015090246811215367,0.011571662189182815,-0.002270957296125075,-0.007359945081155715,0.2726777300802812,-1.5894186935714365,-2.150826406887329,2.557527466008143
-0.015085122891509851,0.011716671205390944,-0.0024384248092601322,-0.0072289779762421125,0.26534944705552915,-1.67791007305785,-2.013904684792952,2.6192042443273365
-0.015113351036626093,0.01168115853441691,-0.0023723561075058752,-0.007221964787989715,0.26255995094106727,-1.6365263369378484,-2.036529322531166,2.566365085485751
-0.015138831298102135,0.01161322269667193,-0.002273314400442036,-0.0072479984861814365,0.2615513850037545,-1.578413462913183,-2.088929077361015,2.5048102647901582
-0.015137127519984,0.011650211529972882,-0.002315891424198729,-0.0072161936340542744,0.25973062159925553,-1.601138909733799,-2.0554925851733907,2.5214038848750095
-0.015153966863599232,0.011294831647360287,-0.0018821107611661939,-0.007495825274991726,0.27299184167195234,-1.3508947410141685,-2.3670179373497553,2.3249078787542987
-0.015174220776504956,0.011332820540214839,-0.0019134189477040548,-0.007433306986135701,0.267715253211431,-1.3659485313201207,-2.3215478945061876,2.3192266229809353
-0.015190973631879547,0.011375761431543686,-0.0019523716460425908,-0.007372527531670903,0.2632500133181493,-1.3860161067492651,-2.274495620189393,2.320513683608807
-0.015200537868230855,0.011161213196149797,-0.0016777147835817434,-0.007518082182837379,0.2687776425108593,-1.2151842881950239,-2.4469967434112943,2.1767650802002394
-0.015177654799790472,0.011262571534649749,-0.0018233982900241186,-0.007482030132756101,0.2693348050491941,-1.3105153937596936,-2.379189665779,2.2728712383526575
-0.01520262366785457,0.011202879695034813,-0.0017295309480215384,-0.00748517023644125,0.26671955707056294,-1.2476240697453385,-2.4119187645122855,2.201622875862832
-0.015184939026291339,0.01122544369183296,-0.0017710031223346074,-0.007497804935076515,0.2699592018169509,-1.2767066972482826,-2.4053488085894377,2.2397672386769716
-0.015224765372754363,0.011032287298731189,-0.001493429789134795,-0.007562754285690117,0.267520129585591,-1.0919614535141973,-2.5289478835958263,2.05404240380099
-0.015217895908166062,0.011114023918822564,-0.0016049092592984404,-0.0075214648114973895,0.2666873215849832,-1.165684236987962,-2.471816671852714,2.121657205526492
-0.015226163958916912,0.011068420134284856,-0.0015400951414228541,-0.007537537777586786,0.266251027747546,-1.1224601253917295,-2.5006588487350423,2.078739607366714
-0.015228345261695347,0.010928887275428577,-0.0013529236742592773,-0.007618257594144439,0.2685331973477402,-0.9974406318551302,-2.601242641558041,1.969773229124366
-0.015240403344470368,0.011002467221979407,-0.0014444017251918457,-0.007554602648818063,0.26497420909800057,-1.057325473470996,-2.5388446042596766,2.01209973279597
-0.015255293974918364,0.010966011029276669,-0.0013872585852331473,-0.007550941424848732,0.2630200394172249,-1.0171775807616443,-2.5532821500801255,1.9658583977382846
-0.015233407305268742,0.010205466761184275,-3.091827173989005E-4,-0.007865572985978436,0.2674016182421835,-0.23640225700245523,-2.9818116679895548,1.2584672347803958
-0.01520657435274493,0.010158714260328276,-2.418103970142035E-4,-0.00792118543677129,0.271507853289541,-0.18549268248552575,-3.0269171757391002,1.2299096972382388
-0.015208531958691079,0.010132171893285555,-2.0133997633922418E-4,-0.007919943602536325,0.27085796927836403,-0.1541985790308697,-3.032667192737175,1.1975851836503346
-0.015222164330051064,0.010111115649852346,-1.6843593790440844E-4,-0.007895913366525594,0.2679178859974429,-0.12829737627602114,-3.0231853088785843,1.161234517876607
-0.01521310367639224,0.010053066352478796,-8.101484808458755E-5,-0.007915829271061733,0.26836950989693026,-0.06075441863730078,-3.0485167904301202,1.101455005607235
-0.015234623037093338,0.010081964531187967,-1.237893895727124E-4,-0.007874295044863559,0.26515720363425993,-0.09342726365546217,-3.016685071902669,1.1169165990657872
-0.015220188645956463,0.009977828127767804,3.303089223664567E-5,-0.007902932408722875,0.265519667677858,0.02844107728209388,-3.0564584569545032,1.0067737870700826
-0.015224970865630957,0.010018522388050243,-2.8504006173205685E-5,-0.007894177136355646,0.26537908064309845,-0.01962875175798576,-3.04265612599195,1.0510654158757549
-0.01523715136506386,0.010177857003913746,-2.6741939577144006E-4,-0.007861910290229234,0.26645634705698035,-0.20416611699990764,-2.986586152934972,1.224009803077166
-0.015081906681808518,0.008960808520118659,0.001593476055407306,-0.007797206987010527,0.2621189270957101,1.2775661426626093,-3.0684952646004215,-0.2053804631570811
-0.015082151888077338,0.008931428241963168,0.0016339924351952593,-0.007776242444039597,0.2614719663517194,1.3092820989247864,-3.0530143488047625,-0.24168849017724106
-0.015110068291991234,0.00897225622948499,0.0015584154012409735,-0.007754652939672919,0.25803961744362486,1.2462506872869497,-3.040307013643092,-0.19514086392473193
-0.015130990123033969,0.008986682037320408,0.0015246201589970434,-0.0077270656718267635,0.25519085858002455,1.2170581288003155,-3.0224199963434946,-0.18045661521184858
-0.015130840333440749,0.009209443499163531,0.0012101275294371307,-0.007859774217860603,0.2605469003785333,0.9687075091745202,-3.113165232590674,0.0956245287361893
-0.015138312671232012,0.009176801465139894,0.001253163401454105,-0.007828526673588564,0.2584192217272683,1.0022425112366253,-3.092725440444936,0.05238709003433479
-0.015128382311021791,0.009089270516245116,0.0013834032725544203,-0.007796381934494781,0.2577626501260664,1.1064041064913563,-3.0712852776769495,-0.05422081637172494
-0.015126277206052524,0.009063617789618375,0.0014207986760604596,-0.00778456857625894,0.25763362933836664,1.1360714067395412,-3.0629952106818026,-0.08548775132738114
-0.015135960664090184,0.00900983325290362,0.0014895183115714297,-0.007733319269968856,0.2548482063692524,1.1889683197814154,-3.027370371516302,-0.15314062512640547
-0.015134751666743258,0.009038968725274408,0.001449949281444067,-0.007754005660790454,0.2557143653261095,1.1581254330579307,-3.041959709723118,-0.11750921161189865
-0.015147059061147211,0.009141564468408482,0.001298541787446575,-0.007793033629436134,0.25619463820058946,1.037357185077207,-3.069206837271869,0.0062274212283897215
-0.01515351163552569,0.009105165917473805,0.0013461532313436937,-0.007760477060618415,0.25429437916173997,1.0742813510443947,-3.0473649753948764,-0.04009539131488169
-0.015158356492751568,0.009352149183593464,9.88478297086242E-4,-0.007877502387294235,0.2597954639994758,0.7896601698699338,-3.1196733398203813,0.26660562607984933
-0.015154643731773706,0.009320691452734202,0.0010363150066199798,-0.007870445212296575,0.25957091690805173,0.8280820081330197,-3.1165253731247486,0.22829235782596555
-0.015151575277661145,0.00929206426778904,0.0010795992637346998,-0.00786286837806397,0.2593385704874625,0.8628516854394218,-3.112703952288539,0.19325561037279296
-0.015147307437327983,0.009259903487033745,0.0011284996127652474,-0.007855218161903495,0.25917755021208566,0.9021884732647332,-3.108765497064368,0.15414802182997908
-0.015158508414504987,0.009227936135680083,0.001169085766218743,-0.007818612698936538,0.2564961458735928,0.9335282897282173,-3.0852710744545817,0.11058480373567893
-0.01524580736831929,0.009967229280174489,4.840014741462469E-5,-0.007854703047789575,0.2609055883509471,0.040903765684808274,-3.028768114574213,0.9743757698472562
-0.01521885979670199,0.00986700344435779,2.0065799349034267E-4,-0.007899295457825571,0.2633102498000311,0.16021502663032616,-3.07507471849607,0.87495730055177
-0.015219040117007572,0.00983663457418873,2.4647755039486965E-4,-0.007895857508676973,0.26251711684679174,0.19634506784772246,-3.0781301188903067,0.838105222308397
-0.015218609794505844,0.00976491599645291,3.5453087335769826E-4,-0.007886963377938453,0.2607724703303071,0.28182099402497607,-3.083826172598268,0.7510858229979706
-0.015227655599020487,0.009802444374768085,2.968548398719607E-4,-0.007875493776762846,0.2601343081797487,0.23614062820379328,-3.070769044636431,0.7907134532438719
-0.015258036757280305,0.00994662835724853,7.873730311125712E-5,-0.007831271397170273,0.2581645926247188,0.06478277052407021,-3.018180241394325,0.9409875330026416
-0.015255661978907329,0.009918687736821185,1.2041866771681473E-4,-0.007834331621103393,0.2582800665534037,0.09734651632719542,-3.0252094177240747,0.9099667899162468
-0.015252697822344263,0.009886279111583683,1.6888341831288562E-4,-0.007837639591308275,0.25785953991031035,0.1353526940222072,-3.0330207596152916,0.8738380348387543
-0.015163305453970034,0.009497028183262968,7.712180566246935E-4,-0.007924286654371048,0.26305094715821165,0.615486407129561,-3.1401913155953163,0.44828898413934576
-0.015167212775311177,0.009523627822671174,7.299804313468819E-4,-0.007925726130390455,0.26305506094422626,0.5823787757795968,-3.1386600154130093,0.48003723361746886
-0.015221656058195967,0.009732008375817537,4.03391487321127E-4,-0.007875668555640494,0.2594967236017263,0.32055152861693487,-3.081418486967648,0.7088975563356924
-0.015190102673806912,0.00970532316890083,4.495996450140891E-4,-0.007929943199273952,0.26416210052303657,0.35777563444633687,-3.12001034844788,0.6956913188985868
-0.015178594803591093,0.009675627314652607,4.970815748519685E-4,-0.007945477526551495,0.26551404802916095,0.39593170944140027,-3.134111845825045,0.6656433935446688
-0.015183995359020949,0.009649770557970347,5.350313081662173E-4,-0.007929338805722828,0.2637420110693289,0.42603447446166515,-3.1270067883214825,0.6299695817539114
-0.015186560094561896,0.009544633872767853,6.924417562123252E-4,-0.007895964110331657,0.26047016924316296,0.5515967473087118,-3.1170116540452155,0.49649255522896046
-0.01517419083932689,0.009573064509575959,6.534430751356637E-4,-0.007927662953110442,0.2633426604375791,0.5208756506009319,-3.1348769016199944,0.5389285855161169
-0.015188609245175082,0.00962076909742231,5.776571304903609E-4,-0.007913489171598995,0.26223807216483386,0.45990663691038675,-3.12020095655145,0.5909079827478313
-0.015191389521978432,0.009594191473494785,6.168477049173562E-4,-0.007901240594486492,0.2609185615746501,0.491048643411753,-3.115282345325227,0.5561289141887227
-0.015184303028398292,0.009479453114804718,7.902251135791681E-4,-0.007878910959084648,0.25909849677732116,0.6297746999729802,-3.1118002960175057,0.4158485910743697
-0.015179969483595271,0.009380550040424738,9.376689348526999E-4,-0.007849425036646858,0.2571686657506933,0.7477696708814215,-3.0994158606572833,0.29369126940099327
-0.01519771412448343,0.009406222930041813,8.93011712541092E-4,-0.007826966318386688,0.2550084089085702,0.7111064771669525,-3.083102513595627,0.3185103099957552
-0.015198361112795223,0.009455211058915364,8.210300402932104E-4,-0.00784419121120379,0.25617705149187847,0.6536901233307786,-3.0909835490535467,0.379139279962553
-0.015207461959998475,0.00943130475056889,8.526827042971729E-4,-0.0078186013234914,0.25393262635756947,0.6784815514219655,-3.075902869428443,0.3454730718157426
-0.015266921184718589,0.010732000630016008,-0.0010630746765846928,-0.007651123353760172,0.263710956052974,-0.7922306228336425,-2.6973031105763217,1.757183468833228
-0.01526892194309236,0.010475827706803878,-6.993701376099677E-4,-0.007742784649986865,0.2636748344869568,-0.5286088914138137,-2.8344415495554505,1.5116789227356353
-0.015273386339914442,0.010516318107603104,-7.561721433060761E-4,-0.0077223318717736305,0.26297869033634685,-0.5701748896848687,-2.8102840834069034,1.5473620829125763
-0.015283991837248743,0.010558311908104499,-8.124939093423633E-4,-0.007689489622197953,0.26101795916365056,-0.6105944655700415,-2.778714196398612,1.5772105128873914
-0.01527977588013062,0.01064614518455708,-9.378614561543933E-4,-0.007664628864587368,0.26173517863753537,-0.7017884930795214,-2.7354332265893726,1.664814477917193
-0.015293561828766554,0.010605423090137353,-8.75537091989955E-4,-0.0076557649681108795,0.259246414055804,-0.6556230936396311,-2.744832489497505,1.611902971416079
-0.015284747756613579,0.010689163881855599,-9.958874329756369E-4,-0.007638385511308008,0.26035674729151537,-0.7429075922310994,-2.7064409196737147,1.6988070511896411
-0.015238613643581951,0.01030561690295701,-4.576506829488321E-4,-0.007839783448890995,0.2677885953755346,-0.34945890745519226,-2.9399317619147887,1.3640545579151468
-0.015254428042132272,0.010350892363498895,-5.212452086291899E-4,-0.007801321662733534,0.26529709746359514,-0.39665781962654073,-2.9049073580900844,1.3971994913312569
-0.015278472293598997,0.010380446636730939,-5.589138888153709E-4,-0.007750739723062486,0.2614154335894214,-0.42359452754365934,-2.867575457269011,1.4047850301062879
-0.015280590544911304,0.010415490633424004,-6.09115197217957E-4,-0.007738302053008435,0.2610389356841385,-0.46092430268133455,-2.8503289909634,1.4387732020482138
-0.015298070626120343,0.010451806315969729,-6.565956534537462E-4,-0.007697175924820318,0.25839034070299505,-0.49513274830802717,-2.8164799480598433,1.4582784667791453
-0.01524672179033986,0.010233892306537259,-3.497471796267445E-4,-0.00783692832826661,0.26539925447688884,-0.26694534975805834,-2.957523624436075,1.2778440813122425
-0.015271734248298648,0.01025605185040587,-3.786731482434775E-4,-0.007787475641220615,0.26127135364635706,-0.28798357511775974,-2.9227680306778514,1.2792544488621254
-0.015275880204913418,0.010283902936331378,-4.188136526077615E-4,-0.007775255010688382,0.26078864759221326,-0.3182475978455717,-2.908348185691395,1.3054491050330037
-0.015244251861351006,0.010894275775490674,-0.0012971906385436883,-0.007610106286032848,0.2660973547342709,-0.9575133643625086,-2.612141829780933,1.9223136722877978
-0.015257059405500246,0.010855828849651812,-0.0012381542120921249,-0.007608452681378113,0.2642309083057701,-0.9154708089209985,-2.627305174883652,1.8752898350245883
-0.015264551712351476,0.010811048318403762,-0.0011732237925502055,-0.007618136593405745,0.2633652957433914,-0.8697626153981953,-2.650152065999231,1.828872297156376
-0.015289168608306649,0.010773164082640877,-0.0011096294800214239,-0.007593594902713249,0.2591130226966361,-0.822864483067816,-2.652492545013546,1.768171950997272
-0.015059030950270428,0.008879976445755165,0.0017215117759146012,-0.007780124071275779,0.26401653147782017,1.3810868016907356,-3.0528328001455267,-0.3025722665999612
-0.015064199096708019,0.008850287284399063,0.0017581052258559507,-0.007748678467778194,0.2626151163733957,1.408676273117276,-3.029683845887641,-0.3391765717542054
-0.015086130680031722,0.008899208181248217,0.0016753405743122948,-0.007746138446930798,0.26018965240791686,1.3409699463784068,-3.0310106170371216,-0.28150087687456155
-0.015072784144325986,0.008818708009402916,0.0017940598877715255,-0.007709458834260401,0.26081866034005646,1.4350390501366221,-3.000886384496051,-0.3777232383816912
-0.015068990267528483,0.008783176936131832,0.0018442875268780696,-0.007688303826489529,0.26057054083305836,1.474288336699639,-2.983668685428715,-0.4199187335536548
-0.015060356128131717,0.008752739994285566,0.001891376486050093,-0.007678870446886007,0.2616916593123338,1.511804743844998,-2.9745223151324995,-0.4558087094354752
-0.015013215521265895,0.008707530833640054,0.0019901050923119743,-0.007722834870185297,0.26806947554335697,1.5963965760654835,-2.999384842772669,-0.510315197663198
-0.015002518592152781,0.008677259242952906,0.002039101009335935,-0.007715198212890801,0.2693589770135527,1.6357775061458235,-2.9908197121146207,-0.5467033500071548
-0.015010782983116443,0.008636578957656555,0.002084559744868667,-0.007665139061522496,0.26735804375008887,1.6681120682797597,-2.9523622834913,-0.5936911230275416
-0.015026541390315252,0.008612407763168161,0.002101310303231272,-0.007616872257668002,0.2648229903538715,1.676988515830232,-2.917001468641755,-0.6200322343201928
-0.015025214034582563,0.00858844992673338,0.00213267350953044,-0.0075975258167891085,0.2645218686484226,1.7005671809359681,-2.9008543231825628,-0.6472957581624222
-0.015016909203622709,0.008561448331998405,0.002174003213681412,-0.0075867011511383045,0.2655448872704798,1.7330412948094451,-2.889744030123452,-0.6786245652692257
-0.01500513658673814,0.008531558947818832,0.0022220248014231223,-0.007578402309189699,0.26703233201904464,1.77116271979958,-2.879638608612613,-0.7135696084276991
-0.014994667356763292,0.008501726691268426,0.002268648531869671,-0.0075673333319192,0.2684336920069823,1.8078772934166707,-2.867473857291071,-0.7482526644194483
-0.014985627572896097,0.008472561664336324,0.0023129333438117196,-0.007553934801969773,0.2695561942704164,1.8423280200662513,-2.8536570464039026,-0.7818235011070858
-0.015044632007626901,0.008722970632098065,0.0019433452039778513,-0.007681538676777925,0.263514180018537,1.5543789757727762,-2.9733259656582054,-0.4910852422551867
-0.015077229317337707,0.00872970997075683,0.0019077136332251482,-0.007631151176186601,0.2586815586334847,1.5211065531187697,-2.9404610594084826,-0.48239622650742414
-0.014912090821244643,0.008378636523227897,0.0025005933805550026,-0.007578531766055912,0.2804594335013016,1.9982997855983535,-2.851695223911262,-0.8998774740525955
-0.014942504216141867,0.008383036253759635,0.002463560245200033,-0.007533882719532993,0.27563254204595045,1.9624158273417123,-2.8234767428667515,-0.8877122487685499
-0.014978171585620557,0.008443518478793726,0.0023553080261662913,-0.007537491205007297,0.2704465392986719,1.874795279883994,-2.8376304793657607,-0.8147943169141544
-0.014967473596991538,0.00840817256866358,0.0024081958459157733,-0.007519354534844972,0.2719518318702114,1.915557858688509,-2.8190833878681927,-0.8550396586015576
-0.014823078957249334,0.008165473852205934,0.0028446658579355413,-0.007480737149850934,0.2943903075028999,2.265147722623894,-2.7363850729089947,-1.1493367651812114
-0.014840747016054243,0.00817899234117661,0.002809011914175926,-0.0074693895712756335,0.2914523228846419,2.234259166019752,-2.732987740201908,-1.1292838615349814
-0.014787462324251958,0.00799839426855632,0.003063705575035051,-0.007330015489965995,0.3009754500155752,2.4168320369611953,-2.5903521161802354,-1.321613233718471
-0.014826459990941315,0.008140087967833318,0.002868289299162521,-0.007445382254786039,0.29382173383838994,2.278671538467116,-2.706711195477705,-1.1729828882169835
-0.014793013692060559,0.008018995811707355,0.0030359693489028223,-0.007347702026467691,0.29977553962025016,2.397735590325112,-2.6081177528778263,-1.3006646343327943
-0.014795477488578538,0.008047856921201147,0.0030033780656088175,-0.007379937023352907,0.2993837287362027,2.377188488506643,-2.637387572253411,-1.2733361486323551
-0.014807394089464689,0.00807842700478729,0.0029569323723458514,-0.007399800658220636,0.29723499015622495,2.3430225318567985,-2.6594869407465622,-1.23973224392442
-0.014826878382301917,0.00810745492878091,0.0029027212353781094,-0.007405717473147014,0.2937925893498337,2.3001050382402846,-2.6721741173597815,-1.2041877016029423
-0.014855433298713602,0.008196891366485968,0.00277219857032106,-0.007467495845831254,0.28902900357028477,2.204004346323412,-2.736695539404703,-1.1061355592647748
-0.01490945912640848,0.008349379200749074,0.0025380198575997797,-0.0075517245289197996,0.28067490483200414,2.0253627516491313,-2.827947627212183,-0.9319749342442396
-0.014904043204746567,0.008323263680992562,0.0025743836134354578,-0.007532348677683004,0.2814544775802395,2.0524234534075507,-2.8095659138733278,-0.9611140159727919
-0.014892739222354507,0.008296249316279296,0.0026179691806594275,-0.0075209274299940215,0.28321173040671715,2.0863496530496106,-2.795969929244126,-0.9926561663365929
-0.014888272808563674,0.008266014922766922,0.0026574831089935928,-0.0074945822307953625,0.2837771790486456,2.114736950266728,-2.7717698632893044,-1.0252102504336522
-0.01487955886687989,0.008240352239751244,0.0026962234226405213,-0.007479536407118647,0.28512432503852775,2.1440401606913184,-2.7557377180878277,-1.054160856813226
-0.014868334531187475,0.008217389449431454,0.0027346384759281196,-0.007471008931808368,0.2869305557544726,2.173998297215137,-2.7443796460540355,-1.0811053814481317
-0.014726175441785783,0.007929901471450332,0.0032101273756510143,-0.0073303944718623336,0.3120099747890018,2.5354868052214115,-2.565583107672883,-1.4119572435681211
-0.014752184633493273,0.007948153037364411,0.0031584416835509052,-0.0073169255663959746,0.3072971666667113,2.490903559510699,-2.564427213701934,-1.3828902856032939
-0.014795338838076308,0.007980177205677536,0.003071959882613878,-0.007295744206259676,0.29961017453128064,2.4170080144973425,-2.5633909281934812,-1.3338039097868892
-0.014788309953892867,0.007956524496343173,0.003104056675016793,-0.007275984002317969,0.3010245792288861,2.4390393082360977,-2.5431980037444912,-1.3575840489342437
-0.014726144929274113,0.007903409891295175,0.0032357242701454886,-0.007295586777289726,0.31221641070987965,2.549125295118112,-2.534725153109733,-1.434440779323398
-0.014666642743174613,0.007769066300658579,0.0034394308338689433,-0.0071958795727577315,0.3240861946887334,2.6916684440229055,-2.4204853642044295,-1.5750297326750868
-0.01472240888344147,0.00787719866446589,0.0032655086894501253,-0.00726616948730923,0.3130092270256351,2.567048719281631,-2.5070947999763633,-1.4581337351656707
-0.014715257742513359,0.007851682162447311,0.0032988152204906154,-0.007242126166837631,0.31446582031732445,2.588764245012672,-2.482772674096345,-1.4826959148738812
-0.014705788635084274,0.007828284391473256,0.003332997497894411,-0.007223747524212628,0.31635137946286923,2.612260227503684,-2.4624447914644274,-1.5065544755886344
-0.014699667207817044,0.007803598655110194,0.0033635686297265794,-0.007198711215281545,0.3177126729086383,2.63131465430475,-2.4375970739015904,-1.5292573664210642
-0.014696307385496885,0.007776998687326711,0.003391737064111422,-0.007167082492119464,0.3185336359759537,2.646767782149794,-2.4081605102451498,-1.5513403507229846
-0.014584948763432996,0.00761263092403294,0.0036856448636184273,-0.0070791786065793364,0.34132149152179286,2.8602636652842253,-2.279523692908564,-1.736273232065973
-0.014660251192753493,0.007740161893744377,0.003473424518420911,-0.007164266881289706,0.3255789909436953,2.7116017608464436,-2.3895856322556237,-1.6002710358835674
-0.014645068055851827,0.007711217319347737,0.0035193188805158486,-0.007143694499485819,0.32875574818640274,2.7434367804190174,-2.364517057797649,-1.6304690976572986
-0.014632962756862043,0.007680748420057674,0.0035618209787872976,-0.007116330737055422,0.33128363408905015,2.7706847108847517,-2.3348067223239997,-1.6593371141182682
-0.01462426813093933,0.007651614068461914,0.003597931937387528,-0.007085968008653912,0.33324891413468044,2.7919137423793363,-2.3039729458080243,-1.6846093173649026
-0.014616191043458853,0.007620790543057555,0.0036340218188705207,-0.007051986915730405,0.33511197510504337,2.811965498863905,-2.2701800489884607,-1.7100192250051116
-0.014579728782190047,0.0075842951802410135,0.003715195548284905,-0.007044234315425501,0.3425910902752312,2.8745291795610304,-2.246181918925707,-1.7575943092671604
-0.014572573620932379,0.007556645927139612,0.0037465823217115737,-0.007012381119492002,0.34431801068492573,2.8908680574940253,-2.214660128932589,-1.7792716753005526
-0.01453987798237268,0.00752613073058074,0.0038175782758247197,-0.007006427652005484,0.3513122673592905,2.9456628795466737,-2.1935206406969634,-1.8202387441352794
-0.014563965241344802,0.00753505029007303,0.0037752556908085553,-0.006990898889116137,0.34632023861648836,2.907680185000206,-2.191634468756646,-1.7979279521510936
-0.014531307069762092,0.007498596521016811,0.003850198156096856,-0.006975316186438021,0.35326452495051763,2.9627344296359674,-2.1619125721612824,-1.8418896709039356
-0.014496425926567375,0.0074304848963716134,0.003949837062789806,-0.006912339228081315,0.36130649505659956,3.022998597935794,-2.0892735102796465,-1.903269439961878
-0.014518117525288017,0.007450361564605306,0.0039035273549280964,-0.006917900564051235,0.356641977524272,2.988144385033386,-2.1050122969209464,-1.8771011088279812
-0.014532240707281503,0.007469863282614921,0.0038689038344079025,-0.006931066384101412,0.3533814859853846,2.964658987230583,-2.1235437768862586,-1.8565958513928944
-0.014484821786900276,0.0073967385042869194,0.003989640860055498,-0.006873635801845989,0.36413032969389464,3.042515922831537,-2.049544281909052,-1.9282867402393753
-0.014514156156239789,0.0074041591736777376,0.00394012262960719,-0.006852429448296985,0.35793424368782306,2.9970549473532797,-2.046049785798866,-1.902584385168113
-0.014411107789711238,0.007334135749574183,0.00414344563290752,-0.006856143449284547,0.3806392287936609,3.1583535195842813,-1.9961978266256435,-2.013431635296497
-0.014439590152831078,0.0073433394415319715,0.00409305066543841,-0.006840173942463785,0.37425321909716575,3.1133560176546595,-1.9973193247947998,-1.986994912411644
-0.01446892343565292,0.007362420077165213,0.004035743501560091,-0.006838220025171183,0.3677543801735825,3.0676457621585973,-2.0107237166466536,-1.955957236916571
-0.014219344603078957,0.0070251609445906695,0.004606898464587432,-0.006533533055815158,0.4268946531205807,3.401473635422104,-1.6145228313474684,-2.260099419112343
-0.014248228093504928,0.007047342232762723,0.004550244447287951,-0.0065461762068465415,0.41978209807197603,3.3628574490266607,-1.641789519129133,-2.2319265439403075
-0.014270096983771463,0.007068868197432994,0.004505431404295803,-0.006562955682662119,0.41438364869584093,3.334893427619812,-1.6683270572197306,-2.2095515900339353
-0.014411084175390117,0.0073037233265289166,0.004161326269240934,-0.006807986637731261,0.38075656949790404,3.156332358142954,-1.954378883351709,-2.0256438566866692
-0.014406086948493635,0.0072777301507043505,0.004184001574694532,-0.006772000821875553,0.3820030589235441,3.1619627367078826,-1.9206455182015263,-2.0394534479260975
-0.01439523394422692,0.007255926862981006,0.004213273824222819,-0.006748450130094136,0.3847044886465328,3.1767225253949785,-1.894614213555078,-2.055958477167012
-0.014288394644663313,0.007132743335703586,0.004447783388041964,-0.0066519684732424126,0.41005333411713757,3.32482723100703,-1.7535059140434968,-2.1807714720661604
-0.014297304868006058,0.00715174077262396,0.004424404879145636,-0.006675022159757611,0.4080390392579164,3.315334146293901,-1.7780860310644229,-2.1685711686699496
-0.014289559641614926,0.007089408539547677,0.0044648478442419265,-0.006579634112441329,0.4096970695960142,3.3100936571242454,-1.693327553103409,-2.1891285886239515
-0.014305268059993598,0.007109924322201926,0.004430262401201653,-0.006599147870854006,0.40599682792135056,3.2909155591930612,-1.7185359492655714,-2.1715974644394502
-0.0143152372647807,0.0071646624007252,0.004388904297945776,-0.006679408550351555,0.40368649966399434,3.289221231169605,-1.791879738069946,-2.150069944564107
-0.014335097213615155,0.007188652509274704,0.004344891388515616,-0.006699606348307429,0.39889138106420446,3.2623452042346064,-1.8200936282222666,-2.1268373652148473
-0.014382928801175698,0.007233849355762569,0.00424472906049424,-0.006725612181281283,0.38758556700002095,3.193317573645661,-1.8683795779613381,-2.073417673037372
-0.01436765961493453,0.007206752756327089,0.004283231070963658,-0.006697296200088271,0.391259750241718,3.213309712788941,-1.8359257920108225,-2.094486215034904
-0.014409354345866102,0.007235020395653091,0.004202174974155491,-0.006701171319114445,0.3817828056079559,3.1516757903226322,-1.861709260886662,-2.051616150195459
-0.014234547105340584,0.00699628762795785,0.0045920734104231585,-0.00647284739481922,0.42286813642766896,3.36496090912787,-1.5733247031331314,-2.250563753898818
-0.014151365852339677,0.006946908344934314,0.004748378949599153,-0.006455742664830386,0.4436742877284975,3.47773328778688,-1.510056873323769,-2.3270157209992774
-0.014142018953639333,0.006924093725107303,0.004771145157550046,-0.006423966796272666,0.4457026174073095,3.4812799315801226,-1.4785814994818587,-2.3362912922695904
-0.014130029749828495,0.0069018082308617435,0.00479790960620887,-0.00639487373160646,0.4484634029144292,3.4888574379614914,-1.4477105208734586,-2.347425138880497
-0.014178018504995227,0.006944179356806999,0.004704079818544247,-0.006430598817392992,0.4366730452299822,3.4327466495665044,-1.5055788054147985,-2.3038737476554507
-0.014215030734031117,0.006975515296115406,0.004631789440315766,-0.006454060438609312,0.42758587804228837,3.3874803713074306,-1.5465573559297763,-2.2694637111412206
-0.014195947617767948,0.006957600966773796,0.004669664211724379,-0.0064392107745297805,0.43224230501605826,3.410101320830176,-1.5232167057564057,-2.2874216243005807
-0.01424614383455454,0.006968207506936388,0.004582792289450195,-0.006417120685671519,0.41975163567427637,3.3347727392040283,-1.5345873617354577,-2.2436044123844052
-0.01409605223447752,0.006866232549122066,0.004865336479015959,-0.006358344582277416,0.45704258507161993,3.5239580039411966,-1.397416753062892,-2.3772670137009775
-0.014132250507441912,0.006870760226473998,0.004802452938327211,-0.006340488860503394,0.4475835834537159,3.467844246223023,-1.4054760104715547,-2.345654292531282
-0.01408754464580097,0.006833755088763659,0.004887577433366586,-0.006308506770697724,0.4586771677931965,3.517794254551816,-1.3525399388451318,-2.3836255769076025
-0.014072075529657363,0.006802620320145268,0.004920745966604613,-0.006265483311023493,0.46208047851378214,3.522679340926984,-1.3090466023328788,-2.3952316392291793
-0.014065524959917395,0.006769657597762208,0.004938345846239342,-0.006213371163170368,0.4629882699798213,3.5111284183822917,-1.2645517471019734,-2.3980301058555917
-0.014049526659865053,0.006745431584375276,0.0049699106496855555,-0.006181960159620143,0.4666988926446371,3.5195172368843664,-1.230390344735561,-2.4090884412828313
-0.014026078331568353,0.006720862253294145,0.005013842502006532,-0.0061539773625621085,0.4723908828469226,3.538607971033266,-1.1941222790628283,-2.425956221223458
-0.014013601264948097,0.006692899622219147,0.005039034707877649,-0.006113330834324856,0.4748252783058909,3.537152057436625,-1.1555688715382895,-2.4322217424101615
-0.013970115743469612,0.0066664217683555,0.00511672945633783,-0.0060917786065344676,0.4860710316088844,3.5839878988284037,-1.1111157268454661,-2.4644216897973865
-0.013913942353793228,0.006610022669095751,0.005218194412531217,-0.006022669123486105,0.4997112652827413,3.6231290687225637,-1.0229609786946112,-2.499096357314944
-0.013935247680034967,0.006630511677012903,0.005180028351392487,-0.0060477493525682,0.4944922233690679,3.6081594403479964,-1.055527412034433,-2.486201430523224
-0.013959754774487146,0.006643459836049784,0.005136706980259649,-0.00605764534926547,0.4879889010621897,3.5812217764475127,-1.0790360149712015,-2.468379017222173
-0.013915257400402585,0.006580206310604095,0.005217248783013635,-0.005970498783903267,0.49789998417884446,3.5945278999538215,-0.9862508749161699,-2.490013332555065
-0.013906322760797247,0.006548689700739599,0.005233527917699452,-0.00592042060289326,0.4986862081559879,3.57956667047528,-0.9447087461110488,-2.488414066918365
-0.014001285340341675,0.006666795279743075,0.005063211815300176,-0.006075582839054832,0.47731495264608553,3.536010281496081,-1.1194328659135289,-2.4380064174876392
-0.01108683858083328,0.004878681259832794,0.007859633360452457,-0.0016620510389691592,0.5779933917840739,1.847705022901738,2.1347407788755404,-1.092870921245588
-0.011162835748819232,0.004883789695847606,0.007817792915019238,-0.0017700525283043365,0.587853649787478,1.9183017397752977,2.0909901948385765,-1.160960353894754
-0.011125117203303538,0.004867163970373018,0.0078236028667317,-0.0017079030684786693,0.5775762125552087,1.8721508448557562,2.101978302638926,-1.1238694206821849
-0.011326762904765884,0.004928944587910625,0.007753579799412067,-0.002021342296794669,0.6181208902882768,2.0935722027065995,2.012534283922177,-1.3131760405578892
-0.011283092917467794,0.0049148492730233485,0.007769971627513377,-0.0019533051719617567,0.6097323799702773,2.0456440159310745,2.0333575234681547,-1.2724106242699535
-0.01124983375298264,0.004885830911859204,0.007762050658857254,-0.0018887423605225614,0.5958915494263736,1.9928483596924877,2.0345492753387933,-1.2355659141674529
-0.011194710469747678,0.004869219633228865,0.007781309639588966,-0.0018037890707852007,0.5850681172517288,1.9331831098830194,2.0589158744102822,-1.1843604576423103
-0.011224038299866018,0.004865180550907506,0.007757479089657701,-0.0018403681170765635,0.5858599154596607,1.9539584781742971,2.036396213982552,-1.2077896433555857
-0.01166714032453793,0.0050382399452481245,0.007586923349848029,-0.002541228905192427,0.6671726587301715,2.448129176113369,1.8109527895503084,-1.61806550625581
-0.01163796637976364,0.005019371414839222,0.007594005838210537,-0.0024889909642491514,0.6602247226750837,2.4086718485599583,1.8246781569000283,-1.5884158738418863
-0.01136694241914901,0.004928593825319911,0.007723293670025039,-0.0020736972403173955,0.6199231116295382,2.1246265830712154,1.982512798330527,-1.3456368413996393
-0.011403053292465883,0.004934471070573301,0.0077019457242376065,-0.0021248902858990834,0.6236833757507511,2.157685959095723,1.9594899101977623,-1.3764966778430725
-0.011470425599041517,0.0049533004736908625,0.007668521177110439,-0.0022256199335988058,0.6333212879692568,2.225786666349453,1.9203524847109363,-1.4362196878597324
-0.01143850546920367,0.004943884740175579,0.007684159065522298,-0.0021776175001831572,0.6287103163154955,2.193245495005393,1.9388480399513746,-1.4078925443734016
-0.011608761590864373,0.005000709722352041,0.007600795905537417,-0.002437014952557302,0.6531229277679635,2.369464605602143,1.8378950637665064,-1.5588608349280888
-0.011500987422032434,0.0049694251875444465,0.007660459255351838,-0.0022772793695813517,0.6404619451035501,2.263827401757552,1.907081161579194,-1.4660359183230345
-0.011540612028181848,0.004974683776913246,0.0076327780564251985,-0.002331035830750521,0.642841389818535,2.296609178733348,1.8781231578727005,-1.4977555732137056
-0.011576039402971675,0.0049847835452679285,0.007612934607394026,-0.002383252665480912,0.6468205751973969,2.3310094123932648,1.8552392392119608,-1.5280927981432064
-0.011498395577407094,0.00492413622438543,0.007615373836550331,-0.0022368403037376287,0.6221573787823318,2.2159435592868597,1.877776472586145,-1.445007984856655
-0.012442930499724891,0.0054109152260249,0.00706575127267297,-0.0037549039416092975,0.712974145644504,3.2065581029833425,1.1456114636464443,-2.240088415785706
-0.012555358471631334,0.005470203047661592,0.006962839953670838,-0.003921397307163983,0.707416361995405,3.2880632921078488,1.019805978652639,-2.3079977857222076
-0.012573514768907793,0.005490453467496122,0.006954201558055478,-0.003962669101908428,0.7098540270547936,3.317312539243096,0.9992421912612598,-2.3272544957095183
-0.012533577595961042,0.005451714762857747,0.006977602287046726,-0.003879933034569518,0.706527382388389,3.261886201488045,1.0442026036587568,-2.2895496944989833
-0.012500309418372192,0.005433370821421204,0.007007678957047377,-0.0038299544861510643,0.70781363521142,3.237158518947481,1.0813540904896344,-2.2692915248818264
-0.012476717941500322,0.005400007345815854,0.007011320107390158,-0.0037669260247127356,0.7018035627371039,3.1871019603593784,1.104868142203739,-2.237621301218233
-0.012605887427558849,0.005490099128132547,0.0069085278543789055,-0.003984905044169758,0.7016200528450672,3.3097436037009382,0.9612112381415842,-2.329804462803192
-0.012628283346003863,0.005513884229529989,0.006895908296730807,-0.004033769163231806,0.7038009338075221,3.342695129834034,0.9348509199146715,-2.351668156885206
-0.012645183655673378,0.005525973511661388,0.006881430275613246,-0.004062301376935617,0.7034272610345645,3.3578612089992204,0.9146982056615599,-2.3629332941029886
-0.012664135119134048,0.005527040045996546,0.006855175701309967,-0.00407627387091895,0.6988701610662408,3.354170637590674,0.8924813585211274,-2.3645201635853113
-0.012875741876574512,0.005647714122472561,0.006631958185231623,-0.004374973802392952,0.6769465475029933,3.4630019252979403,0.6313789260111912,-2.456462181907366
-0.012686706076458517,0.005532226541990186,0.0068268353835068,-0.004098175871677298,0.6946976392166092,3.3556941725619125,0.8659869339014187,-2.3694246890726944
-0.012710305340696426,0.0055416974697275224,0.006800078563718147,-0.004126533536362131,0.6914238934718792,3.3632616496235634,0.8380138678388586,-2.3776114837230966
-0.012734288908852,0.005554571191924035,0.0067750308107297685,-0.004159708082549195,0.6891335162556178,3.3755769643633866,0.8091697515119199,-2.388282179045659
-0.012762241234589475,0.005571779531458978,0.006747005073646977,-0.004201226564717732,0.6868363244803629,3.392688487240076,0.7750446701114014,-2.4020267748312096
-0.01285126253013935,0.005625537373141004,0.006653528219317295,-0.004329347730988377,0.6776298268518236,3.4397471767973955,0.6642127533128833,-2.4406369165036863
-0.012826026661589959,0.005610000746107153,0.0066803564457996205,-0.004292995663996397,0.6805191014599137,3.426835978508972,0.6959378497790024,-2.4301173205325757
-0.012798667400022702,0.005577592941656101,0.006697815422126936,-0.004230311914879611,0.6789800645539081,3.387233187219078,0.7329551873172672,-2.4047189828315045
-0.012820643145368175,0.005586892313820778,0.006672065817167516,-0.004255912162457363,0.6755850082716536,3.3925326574415515,0.7066950077398723,-2.4108332045443537
-0.012036565707625322,0.0052237099733364566,0.007394776112621656,-0.003147094115614674,0.7137051016928463,2.8646782023408406,1.5482240754219239,-1.951262548988055
-0.012015953808895386,0.005203123414595137,0.0073977417534972145,-0.003102395328074902,0.7079372806439932,2.8286134062035497,1.5606027560048064,-1.9267554143434078
-0.01199219445727389,0.005183144777572507,0.007404456988616956,-0.0030552366557225225,0.7026887323517861,2.7924411201141432,1.576081219396305,-1.901114646480092
-0.011963945691238376,0.005166012938720374,0.007418447156175884,-0.0030065077029908425,0.6989035430559171,2.758367389393977,1.5969980203418548,-1.8749464739660546
-0.011933428211854419,0.005152575931636742,0.0074379889061976625,-0.002959214170968194,0.6967163183348389,2.7279865810788704,1.62148128970205,-1.849705779087009
-0.011902629326902793,0.0051377123825437545,0.007455814456311673,-0.0029098840885866495,0.6934940008370685,2.6950827830038633,1.6449049707417418,-1.8230191874092616
-0.011875243672246195,0.005122604320385643,0.007469259032303056,-0.002863930296765529,0.689861257909358,2.6630976908422537,1.6641267828682536,-1.7979332885994446
-0.011847279083013626,0.005102444080690243,0.007477730625079597,-0.002812115077905662,0.6837821779138357,2.6241667401969724,1.6804529092507219,-1.7693063439221997
-0.011816898348934502,0.005082229902449519,0.007488035587500983,-0.002757633822217236,0.6777712907776695,2.5839949572816097,1.6983733494150608,-1.739181631047898
-0.011779833995508955,0.005067939591782518,0.00751025208099017,-0.002701403377731303,0.6743862048058807,2.547435551146726,1.725322690632158,-1.7081735462709609
-0.011707856469832958,0.005041428014462969,0.007552317863079539,-0.002592492098615949,0.6669677219350163,2.4760560392487005,1.7760103548385386,-1.6472849760705905
-0.01174456732023147,0.0050483497399900394,0.007524533435041814,-0.002641871287480783,0.6681344132060901,2.504990772728156,1.7465297244047082,-1.6750053670017735
-0.011698359966896303,0.005012989778147613,0.0075321997524719405,-0.002554806409948077,0.6560743660518438,2.437767210267654,1.7668451887098044,-1.6262196106470264
-0.012376696588460806,0.005387676202399676,0.007132919909030966,-0.003669691537682252,0.7188917498712472,3.1715438616346048,1.2189387613317801,-2.205675515077416
-0.012414860004444278,0.005388090962779673,0.007083159027377188,-0.003701944100995541,0.7109234125119924,3.1717889814113387,1.1745313154477717,-2.215229612096549
-0.012130151508487345,0.005290418773281435,0.00735106278367586,-0.003320196837203308,0.7270856265416147,2.9895123271992783,1.4737361290341167,-2.043224206957684
-0.012157092894303813,0.005282476842345962,0.007311184940804312,-0.0033373148244654053,0.7194853162826805,2.9841072254744,1.4402556290625086,-2.0488727509267304
-0.012109424636954719,0.005271788245297691,0.0073575447480571715,-0.0032773212360924105,0.7225660017722815,2.9563646910943806,1.4893924608210802,-2.0201682473637295
-0.01208856138243135,0.0052597779211736775,0.00737031915804304,-0.003242106865226037,0.7210887892370155,2.9329021498718304,1.5074763931012292,-2.001868875235434
-0.012077659687526552,0.005240278084595675,0.0073639695677539,-0.0032083743105024605,0.7148239156479904,2.901389419767146,1.5110356278380765,-1.9827676787954667
-0.012061974316834683,0.005216965000843402,0.007359315083000451,-0.003165632848135869,0.7076321700155965,2.863434153736311,1.5177048613235142,-1.9589844358307615
-0.012178688268647556,0.005264852123147533,0.0072686118199020424,-0.0033370553461035154,0.7093609597580456,2.9626449720411774,1.4096261887545476,-2.0444577482195263
-0.012357371219521964,0.005363989366550565,0.007136923671046722,-0.0036224719964948367,0.7141618025839224,3.134128089381956,1.2363016765339008,-2.181364323981803
-0.012240270515906667,0.0053052302193526526,0.007231409409963933,-0.003444057206679899,0.7143934936083572,3.0335575658069636,1.3543397173484455,-2.0982648969251
-0.012214537277656106,0.005275189969654428,0.007235048421742133,-0.0033833978958303884,0.7073331860052632,2.984829534968402,1.373386660074342,-2.066113927849742
-0.012203254564596425,0.005246925522652331,0.007222519112430719,-0.0033388130037559417,0.6986627825723843,2.9417944295897485,1.3761165042786871,-2.0409638044418545
-0.01233590261557784,0.005342852866817476,0.007145612700786855,-0.0035768829276859736,0.7105534926847943,3.100596567809012,1.2560295825826229,-2.158472001351346
-0.012310284277183515,0.005333794220180551,0.0071700453795866485,-0.003542987853205463,0.712437702242946,3.0849713175803704,1.2829929183818292,-2.143717463088695
-0.012294496350898628,0.005313352497439513,0.007171429269718337,-0.0035032887956053037,0.7077038671892568,3.0525247375836497,1.2954580988084101,-2.122762017386057
-0.012272018489263094,0.0052970149277217,0.007184617898170299,-0.0034628633850723864,0.7057260171505352,3.0257418100335682,1.3160628630616995,-2.102952211809809
-0.013835060641632164,0.0065016342821491825,0.005356090192345707,-0.005868854163637396,0.5167481059585439,3.6401137852762493,-0.8599615579824552,-2.5311780630589413
-0.013792263902734693,0.006471765409411148,0.005429042717432515,-0.005832753857265439,0.5274889822066579,3.672765036090055,-0.805299585946151,-2.554712269917647
-0.013819174391701054,0.006478413018219768,0.005382715187645301,-0.005834649188683554,0.5198897379764802,3.640126190089659,-0.8255065072166394,-2.53557836313261
-0.013781479227443256,0.006442492510328732,0.005445744011753301,-0.0057856097620166405,0.5285853541297735,3.6576557824782836,-0.7658310753576278,-2.551696411458995
-0.013756929587867025,0.00642202914562355,0.005486521756932442,-0.005757980680643148,0.5345312170815674,3.6709628028239485,-0.7299533125962662,-2.562468926950483
-0.013736988892627646,0.0064095027272333144,0.005519841351621559,-0.0057422051851260284,0.5397293316574425,3.685700203616906,-0.705187019377065,-2.5725714473644388
-0.01372741053237432,0.0063881035240894975,0.005533956324250153,-0.005707806964259799,0.5407947978817916,3.675385252013528,-0.6758197902069845,-2.570365933613757
-0.013889225844105608,0.006514456526396387,0.005263159853928993,-0.005869206052931819,0.501769180821328,3.573173232994584,-0.8974274569517846,-2.491803790583932
-0.013863617590191876,0.0064964646857992026,0.0053068073355729715,-0.005848802202765339,0.5082713955661647,3.593350221668394,-0.865944881976551,-2.5064276992740417
-0.013668300066938628,0.00633850787701622,0.005629193831131738,-0.005636555911927689,0.5546239414728833,3.700242534715579,-0.5870219842529608,-2.5912039122083823
-0.013693097521900541,0.0063546187551907765,0.005588807487554399,-0.005658727961200766,0.5484135283571067,3.68496653217239,-0.619401617655103,-2.5806520058970075
-0.013717568771772057,0.006364780280385644,0.0055479803127231305,-0.005670149450678808,0.5418261890489288,3.662802829650757,-0.6445087232251239,-2.5670658235751747
-0.013630774751192433,0.0062968706770882375,0.005686484985451947,-0.0055720334541592064,0.562188016534101,3.7008436723286766,-0.5189732037629192,-2.5970021500694354
-0.013655163803508836,0.006313443777038117,0.005647516141157042,-0.005595978237281238,0.5561609809128455,3.6881177937842327,-0.5519706684676317,-2.5880433295215286
-0.013619805684643507,0.006260031197096246,0.00569770906712106,-0.005510522744119236,0.5618501298574863,3.669961206065111,-0.4739284117896659,-2.5847248204065925
-0.013633197862347094,0.006273914420453646,0.005677668755485915,-0.005532090726675895,0.5589429118990418,3.6694888977405498,-0.4968073531298739,-2.5828696545184258
-0.01353809935933066,0.0061610475116921585,0.005812157626630002,-0.0053514864119873495,0.5755870598069084,3.6467773293860293,-0.3211540704606414,-2.5816337179390523
-0.013550925997377783,0.00618737180618807,0.005797665899722688,-0.005395076415400872,0.5750749332172592,3.6652917242377305,-0.35503343524206954,-2.589395689548954
-0.013576266521538101,0.00620135896108066,0.005758251129464307,-0.0054163350643139365,0.5685616110365594,3.65189805674254,-0.38649241385279504,-2.5810059912010654
-0.01360199313686324,0.0062214818144219535,0.0057194462682355765,-0.005447378080061096,0.5633024026781591,3.6449988022955373,-0.4237319295871757,-2.575373026756926
-0.013618602965229914,0.006239507989225093,0.005695305813743483,-0.0054756737539347605,0.5600751088422756,3.646206267610922,-0.45264474580585656,-2.5741604967399994
-0.012930104471047588,0.00566113283836254,0.006558644055438335,-0.004420968339715979,0.6654756893661977,3.4549707454585743,0.5675225733458772,-2.459107264261734
-0.012913260960583154,0.0056356372211600605,0.006567370667464214,-0.004374757247442822,0.6635598936827779,3.4241288471410916,0.5931819744891015,-2.4404485721440534
-0.013213885015196337,0.005926319264994861,0.006262650304358792,-0.004936147372157825,0.6398187766244315,3.6600426239731747,0.1456577821973586,-2.591323846180982
-0.013188306935381658,0.005914728784285014,0.0062988290269269925,-0.004911413063981215,0.6458404435825665,3.665646875575034,0.17850569963339974,-2.592990643966798
-0.013176202366787881,0.00589100784194445,0.006306345348228851,-0.004869694118621214,0.6447345921854711,3.6394014501644705,0.20512751999043913,-2.578796862511636
-0.01315438078116594,0.005868651723559718,0.0063300063124935085,-0.004827780753478078,0.6470027420206357,3.623439190903458,0.24020578294656678,-2.569246000222437
-0.013132745285759929,0.005845465278144705,0.006352403475905343,-0.004784389262877772,0.6487689045537931,3.6052348134847567,0.2750859954405009,-2.5583533056401975
-0.013110122282650362,0.0058184137321446805,0.006373696183710289,-0.0047343541163256024,0.6497091505808471,3.5810675050719354,0.31252877460547973,-2.544055740804789
-0.01296135810255207,0.005707411527324038,0.006540707019484295,-0.004505517371909338,0.6680221239990997,3.510044456692509,0.5185185227221555,-2.4922404347753795
-0.01309558043277581,0.0057786185149116655,0.006374365206203139,-0.004666731252059412,0.6455336484075264,3.5306259708275847,0.3467769885678211,-2.5162762538037486
-0.012994314004185754,0.0057245665066158035,0.0065005295413952556,-0.0045456908530063615,0.6626579733359866,3.516457946655829,0.47649868119364847,-2.4992885171014496
-0.013059482156289413,0.0057685536085660466,0.006425335834305297,-0.004638803781130762,0.6538693102040906,3.541269632416416,0.38899958543556706,-2.5188605511143494
-0.013027233939182164,0.005744873745790794,0.006461743268681805,-0.004590057391709185,0.6578840158959354,3.5266213816277987,0.43321039916340337,-2.508057211194941
-0.012960215938923887,0.005672205357098035,0.006520024094174462,-0.0044510878146089145,0.6595928753722587,3.455092966329422,0.5313779673946301,-2.462739899855231
-0.013448506906983366,0.006147148231674361,0.005960409781850509,-0.005331589051063731,0.6018252252118855,3.735932168375492,-0.23853442845944198,-2.6293438732536427
-0.013365601286653084,0.006056241046487454,0.006068053062894651,-0.005174365532445309,0.6148652957400711,3.7011278372276712,-0.09042040172996048,-2.6147572476873324
-0.01334134984166324,0.0060406552696647044,0.006102593804939856,-0.0051460704451384435,0.6201099689672039,3.7046706871718635,-0.05636714047047237,-2.616659343737093
-0.013324909090832096,0.006016064986784135,0.0061198575452981645,-0.005103081403439287,0.6211507022485382,3.6858078971828676,-0.02258038583280471,-2.6072064688262895
-0.013303717888590624,0.00599096581015665,0.0061443438632196095,-0.005058601633690883,0.6234789873340413,3.6704169894272067,0.015460282925552639,-2.5992421525509832
-0.013272169589515541,0.005950868832203782,0.0061784931493516085,-0.004987518460365072,0.6262574271770588,3.6419045247365935,0.07304762401569026,-2.584088299618673
-0.013293087155536266,0.005962819002546407,0.006149448310748183,-0.00501048008892995,0.621877610877489,3.6392988989313233,0.045215547015205935,-2.5832515658688524
-0.013431437263336211,0.006119733455266805,0.005980172111342088,-0.005284743036691761,0.6033783361868329,3.7175711362869737,-0.20015459376803044,-2.621256818931179
-0.013409968780482222,0.006094289086611564,0.006007541154303826,-0.005241050321343922,0.606437823782975,3.706286053435717,-0.16022587463744095,-2.6164730644775225
-0.013387287762807676,0.0060731708221338655,0.0060380398174944136,-0.005204324633070878,0.6106096147938814,3.701640517975719,-0.1231591693995383,-2.614707305890818
-0.013244828642727155,0.005908927678183555,0.006203534499294667,-0.004913946625481336,0.6271399189342538,3.6048117019711268,0.12646084290998907,-2.564147565093947
-0.013273358304407285,0.005920406489376435,0.006162484634532508,-0.004937843196863737,0.6204694737812811,3.5953961943596298,0.09203778162195976,-2.5602572295283665
-0.013482126063634012,0.006141383612370518,0.0059011293338637125,-0.005321029287236875,0.5905098936786732,3.6876241037829804,-0.26039192874571415,-2.604550646033864
-0.013519263898053784,0.006135846857541656,0.005836645318626501,-0.005310150661131579,0.5783802467177185,3.636262922915408,-0.2843584996394975,-2.5778553448590382
0.0066745423832018065,-0.013859273514005588,0.006163194228297726,-0.005311204002132085,-0.10321995142771782,3.8527520376877473,-0.06178868521043012,-2.7134847603244228
0.006655625304853787,-0.013858543566347246,0.006129559884141039,-0.005313421003924468,-0.10695309012310794,3.827604374776526,-0.07401233227716837,-2.700832442770682
0.009233498829261019,-0.015066733174907383,0.007991817294215829,-0.0012086148867319494,0.2457565466946858,2.0857991624062966,2.891048383328125,-0.9346721493515678
0.009266921828899431,-0.015071858777130371,0.007999473181356452,-0.0011558353799952057,0.2463683780942274,2.045835454525925,2.909289049210303,-0.8958823611403766
0.009250649335783342,-0.01507703153910736,0.007981355830338169,-0.0011775769127637553,0.24405533415371736,2.0549072227786933,2.892503740065731,-0.9114286865761905
0.009285419637888644,-0.015085720677248787,0.007982495757432215,-0.0011211358139537277,0.24379573826090722,2.0086802545766833,2.907351820479334,-0.8696635836875732
0.009298144299960518,-0.015104296185728495,0.007953652593309973,-0.0010930821823825197,0.23982358702817003,1.9715460729967258,2.8963608000783454,-0.8481122384617062
0.009336594639064756,-0.015093939087789762,0.007991235919292516,-0.0010402765342235698,0.24431393906242158,1.9460106385139804,2.9324567173514198,-0.8097044827959102
0.009316929039185304,-0.015110753978094974,0.007950388520300992,-0.0010620111938753009,0.2391281469801154,1.9443718982879368,2.9018764364125604,-0.8249769131150221
0.008902931270590839,-0.014979257082396374,0.007941317007417114,-0.001749394690247877,0.2419631660316526,2.5092766498706225,2.7029669185279075,-1.3232295023119205
0.008886673435949254,-0.014988431794832597,0.007912086459163118,-0.0017654519875953555,0.23814025863067498,2.5069008177370304,2.6799680442118254,-1.3325666341510265
0.008868253973037362,-0.014992514629540632,0.007890433792255638,-0.001788244456435234,0.23504248231583755,2.51419529090179,2.659434907737947,-1.3470587119461959
0.008955610328511453,-0.014998301993277197,0.0079453803521219,-0.0016598401985388612,0.2422759611144915,2.43690107899807,2.7338509385993004,-1.2598766247809856
0.008940782458960746,-0.014997999859027361,0.007935141980263847,-0.0016813271711886135,0.2409156638960195,2.449347733980714,2.72085993116646,-1.2745486690814436
0.008921576334612734,-0.014990778864080172,0.007934212612224515,-0.0017141136466688083,0.24088657129208876,2.476110496674561,2.7099372989928407,-1.2977621807179105
0.009093253291394807,-0.015038769414867252,0.007963186652105997,-0.0014326089606620275,0.2434382317550515,2.2573282192098816,2.8125560483810808,-1.097475876462628
0.009077247968168028,-0.015030374105213568,0.007968730437998466,-0.0014613826027614074,0.24447171489815053,2.2840235733545993,2.8077141172242244,-1.1185611852535617
0.009064931660457267,-0.015020551630355098,0.007979145090025664,-0.0014857734852118452,0.24601923330228942,2.309755147715823,2.8070825884744526,-1.13674507649337
0.009049257330397964,-0.015018638970611509,0.007972448654860444,-0.001509988023280461,0.2451994832249029,2.3264232294886313,2.7958808833735613,-1.1539021695736509
0.009030375421592747,-0.015012667664022093,0.00797098498979189,-0.0015415458271840826,0.24520127837853953,2.3519211980591552,2.7856470415509165,-1.1765747461313474
0.009011726094302955,-0.015001807436597564,0.007978512065405827,-0.0015761368533703652,0.24638442361936905,2.3846880723155643,2.7799033018279253,-1.2018748644705124
0.008968844793121721,-0.015006420831919453,0.007939903484072877,-0.0016349865741632538,0.241426150868336,2.413250108742632,2.7382071447952323,-1.2417675192400077
0.008990782821142452,-0.015012110796457825,0.007944865095393024,-0.0015993735405478026,0.24197312825806858,2.3862761192225315,2.7521701037171957,-1.2166278420394236
0.009214925438108323,-0.015082332141825165,0.007952532766521482,-0.001227913408719248,0.2407193946013431,2.0822760072590842,2.8616920001649846,-0.9475579959371191
0.009192325410328848,-0.015072084223844357,0.00795938977314843,-0.0012669608676589455,0.2418783322562832,2.1180103485993196,2.8556811344932673,-0.9764949184438666
0.009170484205112048,-0.015062542199087205,0.00796497691894914,-0.0013046388399854736,0.24294521344051462,2.1519768402221833,2.84907025702325,-1.0042851142203542
0.009148901353334566,-0.015061412276119873,0.007954611119089898,-0.0013371297099263836,0.2417762090371052,2.173710865784932,2.833856141713078,-1.0276222674229112
0.009129829795341441,-0.015059529985489775,0.007946844459593273,-0.001366260368693607,0.24092389614348494,2.1939393007397285,2.8210693299527843,-1.048530297261104
0.009107176016402504,-0.015055605474707865,0.00794044476112011,-0.0014017934247106203,0.24034197064650928,2.2201356027460704,2.80724924285122,-1.0740697556604404
0.009194141257138954,-0.015101423922720597,0.007905650449286372,-0.0012481377117594342,0.23473313374104862,2.0760126071767817,2.8274954542593633,-0.9607967513945557
0.008692915592528726,-0.014920775563480933,0.00787220693902634,-0.0020907928138433744,0.2328039468118091,2.754653703050301,2.5438949804077846,-1.5551877762710105
0.00871218507178364,-0.014936868436086423,0.007860778081156913,-0.0020502035102843643,0.23121898142124844,2.7147225587877757,2.5517037710921433,-1.5264008671178104
0.008730418701521947,-0.014953089186304395,0.007847891494562222,-0.0020111734788986,0.22953634288156452,2.6752990078072556,2.557853566399562,-1.4984862047842453
0.008747582013074637,-0.014966714906709417,0.007838417757383321,-0.0019760902474110545,0.22819894484335404,2.6411651637081177,2.564535898605086,-1.4735487938713872
0.00876668546293771,-0.01497828174903914,0.007833987327877573,-0.001940275283415402,0.22767368805232555,2.6092688022963415,2.574309995754396,-1.4485209404146533
0.008807672308507788,-0.014984761568506274,0.007856258742235904,-0.0018786872273610525,0.2307667984034993,2.570542659939712,2.6087103679296537,-1.407669955119372
0.008787116385364066,-0.014985986208088109,0.007837232845607668,-0.0019059477020850508,0.22805787492839102,2.582765708590864,2.588028393318643,-1.4250764836748864
0.008824154935294972,-0.014999374934794807,0.007843319906970585,-0.0018441769713654044,0.22888397633696791,2.5350746492145415,2.612503071848941,-1.3826322982752224
0.008849578334090624,-0.015005634529788743,0.007852164206497049,-0.001804066016471406,0.23014710566493785,2.5067252371292637,2.631078555488465,-1.3553394146210775
0.008476301608032083,-0.014883389903030926,0.007727628605433045,-0.0024107214636658303,0.21142179950432305,2.9346412309572547,2.3356029213861613,-1.7537717193096267
0.008421515595102923,-0.01487379231023347,0.007686575690569754,-0.002488987762994324,0.20507992652591847,2.974247091178881,2.279843211667003,-1.7995519033363416
0.008440723270026245,-0.014880292066291757,0.007695924663170602,-0.00245839701110132,0.20679608248702236,2.954954441813813,2.2977745141150807,-1.78095995237696
0.00845519646927093,-0.01489447639939347,0.007687178460524046,-0.0024256838181091465,0.20581516266065478,2.9233901120438546,2.306009441795208,-1.7586323802350299
0.008514321506241773,-0.014890084659422926,0.007754964009640917,-0.0023556723652448292,0.21562103232470228,2.9055922278690507,2.3735698653391055,-1.7208601180355017
0.00849358364057339,-0.014894532991710441,0.007726401282563173,-0.002377530828487608,0.21144658283959278,2.906985432028168,2.3481929750673904,-1.7319174809192837
0.00867201878005079,-0.014937040970826753,0.007824452015395127,-0.0021042431805440766,0.22616759847943788,2.738967751501072,2.510390281493027,-1.5598879091523328
0.008530164640003229,-0.014907026105131472,0.00774182945736489,-0.0023184866962361237,0.21399126764443696,2.867726749923523,2.3805295139374754,-1.6948188989485022
0.008551460417906656,-0.014921003873289969,0.0077388463597909,-0.002277463294835902,0.21385642366289118,2.8326280877684735,2.394708056319264,-1.6673630509336912
0.008649240099581268,-0.01494974783158108,0.007781437196255362,-0.0021229734954117375,0.2203205883608041,2.7303889514404607,2.4779328778965453,-1.5684649540690236
0.008625212006801048,-0.014947926327111208,0.007762521926728372,-0.0021562485243011415,0.21762866739018757,2.7470987025668063,2.4544366990210715,-1.5890177748537522
0.008601843418328693,-0.014938496639519109,0.007757026520005741,-0.0021955707387340258,0.21672297046361005,2.7760813732476253,2.436567199262299,-1.6147682754612502
0.00857489355563461,-0.01493177952081526,0.0077430021737163865,-0.0022368868244428872,0.21466272640450687,2.801916337768166,2.412701980211022,-1.6408597181709006
0.006793620272688632,-0.01397886055274881,0.006308830652427683,-0.005084493790299947,-0.07131118718219585,3.847167166947527,0.15300199899783504,-2.7072484544932567
0.006682255685176933,-0.013880136769792268,0.006166438045817239,-0.005273268957877296,-0.10014547281492088,3.8360705272839595,-0.03250880155666714,-2.7050558358654393
0.006775132575156131,-0.013966409867046682,0.006283687938400278,-0.005109459294849992,-0.07586249904456836,3.8412705516398344,0.12631432179051513,-2.705102503136949
0.006756765001291007,-0.013951812659473756,0.006259801575323292,-0.005137959102864552,-0.08049922348175088,3.838095819303679,0.09754907035086237,-2.7042598559078592
0.0067236841021701774,-0.013917866329189562,0.006220325967081147,-0.005202312222868611,-0.08926586481734285,3.8414238255573507,0.037325107547005014,-2.7070756260052042
0.006730578852254141,-0.013933326302334115,0.0062239327180546025,-0.005174030843920179,-0.08693810807911327,3.8294643502633563,0.059272866916486124,-2.700709763184039
0.006739017001196265,-0.01394630180848679,0.006231511855143948,-0.0051500041167284825,-0.08438274119697828,3.8227441860412923,0.07929401080121855,-2.696935676512569
0.006707471588920686,-0.013907249306961248,0.006197210070390493,-0.005222820825908019,-0.09326060853052949,3.8341653854775752,0.014676799358675595,-2.7037380711065464
0.006689034143014793,-0.013902489806737493,0.006166887552081685,-0.005232863393254356,-0.09720806447831948,3.815891214906319,-0.002499942621104405,-2.6947033736895105
0.0068147448050378655,-0.014004071972162427,0.00633021398004991,-0.005036229935228558,-0.0656048474749417,3.8373314003291994,0.1951627203183461,-2.70081098002466
0.006792257152176812,-0.01400056366117509,0.0062928506765600545,-0.005046401215437233,-0.07052637018328763,3.814493497035896,0.17480870202354934,-2.6900793674781514
0.006826284306393555,-0.014023607406742473,0.006337790251904274,-0.004999661891050556,-0.06242126250251968,3.823090795841663,0.2239296098246417,-2.692474674858268
0.006838647499328622,-0.014040515198930653,0.006348213076690315,-0.00496752928957231,-0.05899659215974427,3.813278246521293,0.2504006445884201,-2.686346913624042
0.00695104126618418,-0.014129086812134836,0.006479513202471942,-0.004784962564194963,-0.03217348353055536,3.80804178987141,0.4261298411333358,-2.6730845191389676
0.006934110840815122,-0.01411444834655329,0.006461458837268167,-0.0048152153106850865,-0.03611651276133577,3.8121486739256456,0.39846270518088145,-2.6771424525817102
0.006914151641407442,-0.014103058578664703,0.006435450241677953,-0.0048405056448155995,-0.04083946257980511,3.8073289611166037,0.37122367412147916,-2.6765458044016555
0.006903180046502724,-0.014085490867729472,0.006429291868791736,-0.004873895491456962,-0.0435755750682267,3.821740924014435,0.34574466865092873,-2.68542546760824
0.006852655313554135,-0.014055550698144698,0.006362471305924181,-0.00493825565402333,-0.055552805000672355,3.8077967167888196,0.2761391788946455,-2.6823272971585532
0.006868827773650341,-0.014063684521315506,0.006385033220627103,-0.004920372244028371,-0.05167606638725246,3.8147642160522692,0.29686962129851935,-2.6847459271100536
0.006880779853335096,-0.014080796690681598,0.006393763339904171,-0.004887746311042686,-0.04868076819211708,3.8029916870264486,0.3229161959036864,-2.6773628298249816
0.006946178525152862,-0.0141510037301387,0.006454306146041394,-0.004748877124420622,-0.03296150267663611,3.768417027281957,0.44104671168213,-2.651973512197753
0.006943738666545693,-0.014169716282138155,0.006435736504937578,-0.0047178428824521225,-0.03315562760120231,3.736924842567748,0.4548929876297544,-2.6348860714344764
0.0070800961497798996,-0.01425370995428065,0.006595392416254196,-0.00452764301920362,-0.003096746302099591,3.7392482335689388,0.6444325387445318,-2.618448244879794
0.006953890299465442,-0.014182036327652548,0.006443313136511028,-0.004693849101963829,-0.030841647868599303,3.7285308786791433,0.4739021290707504,-2.6290929716693334
0.006992636234229383,-0.014185512304499614,0.006506028298923522,-0.004675159271827426,-0.022311422021379566,3.763116570807906,0.5108933490106536,-2.643600327977815
0.006966764210844105,-0.014193518564769985,0.006455962154915676,-0.0046703414080257796,-0.028055790526364133,3.724052690120601,0.49447915379280777,-2.625106161511948
0.007064344017661109,-0.014241642356510945,0.006579648999648579,-0.004554150790747794,-0.0066088218874404,3.7440639984098563,0.6206314385359973,-2.623418372986676
0.007049686724441256,-0.014226332792162281,0.00656828993718586,-0.004585538110353207,-0.009603688376206777,3.7548657165890384,0.5953247025805184,-2.63150099551759
0.007008899396583033,-0.01420536868835893,0.006517291092382793,-0.004635944935429251,-0.018813270100138692,3.748126623092503,0.5415209415092958,-2.6332369001690363
0.007028981229749782,-0.014219727225464681,0.006539127051214274,-0.004604489409434437,-0.014345235806429013,3.745175038500033,0.5710345067853065,-2.628966820338358
0.008199113167767736,-0.014802289970257324,0.007552654835959982,-0.002831782045948736,0.18269019039429374,3.1687208854175646,2.0550736801660245,-1.996057605342212
0.008087912719976166,-0.014753891887009133,0.007491931819083339,-0.0030129278800947582,0.1710996114274779,3.2737153408443365,1.9369783552913236,-2.0951614753149594
0.008117764168290909,-0.014769444689991258,0.007505254088461844,-0.002961430938891377,0.17401565659784632,3.2417142778827075,1.9687237506894404,-2.066764870924952
0.008101283544366152,-0.014768675477419146,0.00748603943490084,-0.002980169573138714,0.17083418837705283,3.244538782820699,1.9492642697726559,-2.074692626749476
0.008175106530272777,-0.014807497366852166,0.007515938922879347,-0.0028524017685584106,0.17720226651847215,3.1628787241306338,2.025114983801931,-2.0028969654250437
0.008155239398970601,-0.014793543952618568,0.007513788963731006,-0.002891081735656634,0.17636830925227484,3.191827966217239,2.006207458271813,-2.025909112802442
0.00813261209464645,-0.014783517236873623,0.007501815672512344,-0.0029280213007162113,0.1740343507113639,3.213443835511319,1.9824738806200204,-2.0461514837278147
0.008214242474182034,-0.014821717239338329,0.007539895616800971,-0.002791847549406714,0.18137051931536133,3.12960896846866,2.065890777357318,-1.9696848970850147
0.00826801527754464,-0.014824634993008361,0.007597605840305854,-0.0027269524123898358,0.19029649275007243,3.1126866941880618,2.1273654256979024,-1.9382273112016841
0.008240456310689414,-0.014828837156894188,0.007559130918439515,-0.00275382400052759,0.18474703286329802,3.1110644821725963,2.0936738022904593,-1.9492297055204122
0.008311692984971733,-0.014823856601245088,0.00764869308757829,-0.00267659086021358,0.19801972725347003,3.102868819059427,2.178542729847361,-1.914010865502968
0.00832857588846078,-0.014844010565230957,0.0076347606657953876,-0.0026338910196744866,0.19657444974691016,3.060444724682324,2.1890473641020716,-1.8851902891683718
0.008362612450637257,-0.014856221378919916,0.007652318571681847,-0.0025796611935644197,0.19965652870826914,3.027302958693829,2.2222184119650064,-1.8532232013897325
0.008344433156975311,-0.014857884581044475,0.007629656117957106,-0.0025996442618536142,0.19613620516689573,3.030040008079862,2.2007448582897005,-1.8628585578959833
0.008379616529888986,-0.014871512278671051,0.007645596781108329,-0.002542545713760807,0.19899981014565885,2.9935533327263895,2.233949873095583,-1.8286818470995814
0.008286752594262961,-0.0148404271937571,0.007593588693379769,-0.0026871546179292427,0.19025762212231664,3.078636327135977,2.142461932412266,-1.9128871011150779
0.008401475440972998,-0.014886321738076087,0.007644526782621259,-0.0025002234801430492,0.19938396681895584,2.958916763467942,2.2509011343265346,-1.801458429254225
0.007929842103797177,-0.014673988326580631,0.007405051918580798,-0.0032794445121751884,0.15329279590693393,3.4248696687215694,1.7581242730241389,-2.233644891462911
0.007911025159256036,-0.014674700706410825,0.007378606680813535,-0.0032968969561515743,0.1492103974163322,3.4212288172531933,1.735090663327838,-2.2382460069539105
0.00794219415857148,-0.014689955212155622,0.007398456821887508,-0.0032458263753314177,0.15317884085447145,3.3949107856705356,1.7717031182583476,-2.2132709265402366
0.007958933078782746,-0.014704259421277267,0.007399869933707503,-0.0032101964893748273,0.154278211731225,3.3685919560621223,1.7903857752402887,-2.193282713456226
0.008044282901714645,-0.014726807894321833,0.007477636946839093,-0.0030934963472871,0.16751589147554968,3.327594471285451,1.8902934300449374,-2.140176922541658
0.008056906505208808,-0.014738905444364162,0.007475519673776726,-0.0030647694818835298,0.16775945637987802,3.3039786644816997,1.9030603489147073,-2.122954436645082
0.007976508178638179,-0.014716481349857159,0.007405110357587257,-0.0031765166066771845,0.15573815669026955,3.3461252076842833,1.8100008369782679,-2.1750171732439516
0.00799292903440033,-0.01471829287517321,0.007423896557366713,-0.003157539153679792,0.1588248752927006,3.3433762980549675,1.8295637569048633,-2.16761089046505
0.008025618716753972,-0.01473061001062826,0.007447944413383831,-0.003108052935156806,0.1631854531379664,3.3203011109264478,1.8669519408432713,-2.1433477106646954
0.008005759850071403,-0.014728349465022446,0.007425683023911312,-0.0031314066448815056,0.1595083299215924,3.324383115533203,1.8434180880737372,-2.152834225161127
0.00806497613933539,-0.014760398156109605,0.007453280628539555,-0.003029095024105918,0.16553455325910896,3.2623491237975832,1.9079631067921008,-2.0980097556168604
0.007840300206261811,-0.014632027299361803,0.00734191076363639,-0.0034228932096995487,0.14081516144758857,3.4929115887493443,1.6500042566888862,-2.300790764747887
0.007819762729553517,-0.014631947291894742,0.007313295380397859,-0.003442011685412601,0.13614320228170232,3.488618786324877,1.624901865716247,-2.3051784871973497
0.007798012217890645,-0.014640913610247401,0.007270511625346206,-0.0034492394401239644,0.1304224502745069,3.466012524791125,1.5987586257384514,-2.299872593459661
0.007854337864915371,-0.014650883604818974,0.007334952892485668,-0.003383584539047659,0.14094148413983956,3.458674825398797,1.6670727204219646,-2.277622780793507
0.007875002982022398,-0.014666547294984867,0.007341256300468612,-0.00334257220674972,0.14299709676742942,3.431812213806837,1.6917204301392275,-2.25623052203531
0.007894523500036344,-0.014685615541843396,0.007340717463880647,-0.00329807183192924,0.14402615593016546,3.39785749246049,1.7142870645976303,-2.2313409056679965
0.007509175626410159,-0.014477765697993753,0.00705437186602837,-0.003923918052663577,0.08459183721343162,3.665061851202338,1.2249258136009908,-2.491411953535994
0.007525016100291887,-0.01449274572156055,0.007060774632224158,-0.0038894620796379527,0.08693226448708284,3.645257610881496,1.2482286249021117,-2.4764208641738903
0.007564624123785803,-0.014508281650168325,0.007102282803761316,-0.0038364302487667507,0.09458445065457044,3.6360694356740724,1.2992655012029612,-2.4610510799527012
0.007543292413168127,-0.0145044627739188,0.007074517514821196,-0.003858174423926091,0.08990717049384524,3.632595905894306,1.2731062888465259,-2.464710400603796
0.007577973706780667,-0.014525389214035397,0.0071013652535806245,-0.0038004512327569867,0.09570099237007569,3.609874687545806,1.3195625503341493,-2.4429923658016546
0.007601021837620064,-0.014534036097991884,0.0071252158802068005,-0.003769716145442651,0.1001957825775153,3.6040014397318987,1.3488517167227323,-2.433558470048652
0.007621715008900531,-0.014546585564773668,0.007140305292406655,-0.003734750034443287,0.10342928163909733,3.589043174003821,1.376160289818822,-2.4196220400772432
0.007642896939395932,-0.014556657812727214,0.007158896278211368,-0.0037029098274162517,0.10709075926170128,3.578526849165193,1.4033927303900668,-2.4079151887385932
0.007659929710752106,-0.014574195633575386,0.007161454268339212,-0.0036633165276368693,0.1087563070542319,3.5515940627749676,1.426799630780932,-2.388241767993818
0.007683908502860682,-0.014586951540759766,0.007179906213661499,-0.003624993892620949,0.11261959690871627,3.536005246333289,1.457289406974265,-2.372788273926463
0.007702098511068242,-0.01460785643890985,0.007178878600020914,-0.003579619816676404,0.11395612153216406,3.502349259429938,1.481596475823357,-2.348958060981619
0.00772595599118419,-0.014622274906910331,0.007193982379021434,-0.003538801174830027,0.11732045445675146,3.482423857251941,1.5113699048685698,-2.3309785340494975
0.007747730649359926,-0.014642580246281118,0.007197794649314711,-0.003491355754031512,0.1192974046363504,3.4502235078180057,1.5387014844318847,-2.3067718888959807
0.007770761198989954,-0.014657863704862039,0.007209521245761903,-0.0034498800627845235,0.12207323599113494,3.4273109475822565,1.5666837858772624,-2.2872218477596564
0.007482486295600815,-0.014484348404658483,0.007005472949458789,-0.003932651149546655,0.07794242093120553,3.637588141804812,1.1962996439459623,-2.482764107141103
0.007455788723620727,-0.01449588155470581,0.006951122692012624,-0.003933347382587032,0.07080808593916708,3.6012414375583286,1.1699265152750575,-2.468853849566564
0.007255674752588101,-0.0143516037153074,0.006791685700809775,-0.004283178930521876,0.034224940480920445,3.7249274534369303,0.8848015369237973,-2.5807884799836347
0.007351701792192747,-0.0144213496732318,0.006872470715254429,-0.004116362154614893,0.05262713258102681,3.671317253403408,1.024237930919732,-2.531439307197988
0.007273402829198433,-0.014371091462838534,0.006800483668966103,-0.004242003535743172,0.037382810173135134,3.704249565213359,0.9144530194587351,-2.565803385568771
0.0072919716379113335,-0.01438629061696653,0.006814615561620532,-0.004207216146326877,0.040845656875039826,3.69134322640237,0.9423188836596,-2.5549224514207123
0.0073099861279384,-0.014397347377044727,0.006831848498376107,-0.004179231371502361,0.04440358821511722,3.6849115246797868,0.9673079768353795,-2.547703843927929
0.007323915140835129,-0.014433745848340071,0.006815418468324236,-0.004113487605025462,0.045558208959839815,3.6301035601015386,1.0000055371698717,-2.5140547009317014
0.007310108197478026,-0.01441837308281645,0.006809921221999413,-0.00414578235484611,0.043351929940839994,3.6475880226150386,0.9779114167995548,-2.526711322004757
0.007370914726487048,-0.01444518154041412,0.006876742869672496,-0.004067070162233988,0.05541834115807332,3.641279300315786,1.0559810900410087,-2.5104653446063168
0.00739024935163509,-0.01446597110802804,0.006883964382393107,-0.004022542718172575,0.05834209751451681,3.6163125484831595,1.0859364412930914,-2.4922082471262645
0.007411640644960449,-0.014484177789167059,0.006896709020164575,-0.003980681091793643,0.06183032564387985,3.596742350075718,1.1166272027738373,-2.4764411200774137
0.007431328442369674,-0.014498192208192207,0.006911093501218453,-0.00394625839754101,0.06516417018288007,3.5831203749053877,1.1435438175069137,-2.4643139422396834
0.007142798631729235,-0.014280507114118914,0.006675407384339019,-0.004455956397702884,0.010658036595312581,3.752379681728159,0.7243055733295024,-2.616046078657105
0.007120873542883071,-0.014270637317749876,0.006648079094722535,-0.004482150945418976,0.005831199455399739,3.749095678014772,0.6959027722318477,-2.61771625420143
0.007097872826322013,-0.014263277751718473,0.0066164913303622735,-0.004504305366109982,8.062894880038284E-4,3.7401072371345614,0.668371314182569,-2.616258509372697
0.0071531375472652335,-0.01430545423573603,0.006669213961511358,-0.004410026002367615,0.012360155309606768,3.7190956416830323,0.7513190370397415,-2.595780570397563
0.007173266850843438,-0.014319126692875845,0.0066892941352164415,-0.004378088023285481,0.016536788650226047,3.7132398248131366,0.7802246712593482,-2.5891293771465325
0.007193702557812396,-0.014331785215852428,0.006710502666052874,-0.004347450472772344,0.0207567452353,3.708809515223088,0.808790827419754,-2.5831146728503707
0.007230417184025286,-0.014363482313378466,0.00673891612355558,-0.004277370408047768,0.027928118572092406,3.683974098288132,0.8652036481308151,-2.56257071772441
0.007212065758609026,-0.014347438450419468,0.006725100351580829,-0.004312773332904384,0.024293584707551347,3.696975220008446,0.8370449203270155,-2.573207771957817
0.010382762100753902,-0.015143103264108589,0.008001332582326949,5.95569626929443E-4,0.23055206586493018,0.6301651407557237,3.177727042115404,0.4631697389379547
0.010360172023032242,-0.015136779715498996,0.008018979029898227,5.623566745316988E-4,0.23288984471131083,0.6629833203552139,3.187320193828875,0.4374781582865
0.010340000802436626,-0.015152950825406778,0.007992945154399236,5.275145483300858E-4,0.23008104663434256,0.6800750863226322,3.1680849114417735,0.40812179129319465
0.010406450429237463,-0.015149961129581445,0.0079821084804484,6.300630402277348E-4,0.22824064695259563,0.595783904167151,3.1669853230942064,0.48983108313237783
0.010390193733500256,-0.01516504970459338,0.007957935178748134,6.012994989540316E-4,0.225589219826367,0.6088440725327908,3.1495695287403374,0.46543752015395495
0.010429165069958116,-0.01516035416444932,0.007956226749776618,6.617801362001492E-4,0.22500312325781127,0.5611817714557198,3.1515861828404614,0.5138292224083368
0.010454919557823166,-0.015170342084934446,0.007930006882864103,6.978188454380105E-4,0.22192445852594453,0.523299296931312,3.136085800125977,0.5412767836916385
0.010485273596877828,-0.015174691613717557,0.007912552277828692,7.420960500098932E-4,0.21979992501112908,0.4825519355752443,3.126533809009811,0.5758222112087958
0.010534103925277274,-0.015187686321788983,0.007872298898318066,8.10539257825731E-4,0.21509904315288533,0.4151407464512709,3.1025681558839016,0.6282759699403146
0.010508868158969354,-0.015190435720921115,0.00787573613586528,7.722016564822124E-4,0.21567414694798726,0.4457822164110302,3.1035348128962843,0.5977472338865375
0.010552096044809493,-0.01520756598351144,0.00782951069294876,8.301077482254745E-4,0.21046859951102662,0.38464402186592683,3.075109190596604,0.6412987984664461
0.010114372846595368,-0.015170619428925313,0.00799309096094841,1.770769655431633E-4,0.23283831983864056,0.9568214515920266,3.139187169064321,0.1288436062865512
0.010137529664028724,-0.015181593808724865,0.007970311024752456,2.1183647391186998E-4,0.22982707004274142,0.9199494312314668,3.127952449334011,0.1555133657172918
0.010294702838447705,-0.015158101041867468,0.007992706212947343,4.568090963375893E-4,0.23056483746710335,0.7354590478732083,3.163122127816825,0.35148921300135955
0.010278725027439636,-0.015174140191861696,0.00796531009826003,4.2927507891712925E-4,0.22759969075369096,0.7462919113878353,3.1432885042015686,0.3281864546832805
0.010259533291407249,-0.015175710196030824,0.007965722315067444,3.996366810078999E-4,0.227729166358814,0.769734127798518,3.1413104734229975,0.3045755176008118
0.010239202024637692,-0.015171682444606269,0.007976683983274085,3.691500076604196E-4,0.2293627048830587,0.7980810388409199,3.146008539619231,0.2807642466022161
0.0101638774346392,-0.01518654273536633,0.007958366184598066,2.5173948232941036E-4,0.22808981397521158,0.8835139810515323,3.1240394562915843,0.1866831248135169
0.010218604309818176,-0.015180633054635162,0.007962794352371821,3.3624077826208224E-4,0.22793102398575757,0.8185330085858934,3.1343193322751364,0.25392662243364644
0.010191764554375643,-0.015185699112595022,0.007956770078876955,2.945014367013976E-4,0.22750867513275366,0.8490681337272344,3.126857890136575,0.22053119783731748
0.01031788013931252,-0.015169960265740329,0.007965538573169438,4.899350978780447E-4,0.22710981183176873,0.6987632561736988,3.1476761869987335,0.37663325874735937
0.01004768970851957,-0.015150346414134421,0.00803539860347116,7.464196471868163E-5,0.2388986575356394,1.0562318927163747,3.1555196472674694,0.04919325039516024
0.010021406544464302,-0.015153082153748563,0.008030657391485842,3.361626370905667E-5,0.23864957054458005,1.087104122247174,3.1477401842480877,0.016671428307802213
0.009976834402754537,-0.015172381940046673,0.007993441552320797,-3.5450356336638596E-5,0.2347700284148831,1.1269691132723239,3.11544779478617,-0.038909798711236294
0.009956755368813516,-0.015180935470554761,0.007976581673401048,-6.618073180329882E-5,0.23305044441625125,1.1445467658470307,3.1008050568137477,-0.06343557796283283
0.010005422969375682,-0.015177301450523595,0.007984317988098037,8.716888621885058E-6,0.23322780069673518,1.0877079528525642,3.114973728467147,-0.00443210025879534
0.010067487258105563,-0.015170270025512788,0.007996467211571033,1.0467215489372941E-4,0.23387975957204457,1.0159367095217053,3.1337228781914384,0.07165360945537182
0.010090069377729006,-0.015187503560669842,0.007962511995348752,1.3858775407891508E-4,0.22950255318520615,0.974991142991585,3.115537592251551,0.09729233784633173
0.009819978090741664,-0.0151624618756201,0.008001081807820323,-2.785990273615348E-4,0.23808588518452942,1.3263951736188375,3.086872766557722,-0.22878048021447553
0.009853877516210228,-0.01516203705039024,0.008005769344875473,-2.2623360795256495E-4,0.2382515205639159,1.286049166437868,3.0976293930758767,-0.18797092499216703
0.009882692843610633,-0.015171538832139597,0.007990243163863453,-1.8083442734918986E-4,0.2358631984232585,1.2427018033553991,3.094221686268131,-0.15286849838704508
0.009966526766156327,-0.0151947742197187,0.00795054145761393,-5.077600220181899E-5,0.22992033774250684,1.1212872008459562,3.086106282378582,-0.05204467954951162
0.009911693376146117,-0.015177555949740082,0.007980865078652732,-1.3570687755176986E-4,0.234172765626578,1.2023064325090929,3.0944303576391903,-0.11781568219005546
0.009937794408774516,-0.015180486721570782,0.007976695100781086,-9.537124864583223E-5,0.2333840897919972,1.1680982342985866,3.097097140418772,-0.08636740883968225
0.009949801429002387,-0.015197625574743948,0.007944591383619738,-7.625684243843539E-5,0.2292254119110862,1.139180499830635,3.079129488535226,-0.07206399880070184
0.009742624273781635,-0.015166287779315219,0.007982041690008145,-3.971578135757471E-4,0.23688943328455658,1.4143494140377084,3.0560354954729863,-0.321046653407582
0.009790597910610689,-0.015184223856170978,0.007955580074056189,-3.2079896351084296E-4,0.2330182197855084,1.3408346845574992,3.0514597303269886,-0.26226979534178324
0.00976155438677731,-0.015183480046103374,0.007952528011839684,-3.6525273290577377E-4,0.23296368552463326,1.3755295304603383,3.0425178346461577,-0.2966809295322954
0.009602383784906401,-0.015145371654514796,0.00799038113064513,-6.169730143355091E-4,0.24015034803594237,1.5974030288051961,3.0224240659731074,-0.48999161246023043
0.009449950917234037,-0.015119867558725972,0.007989345891542146,-8.578411519491424E-4,0.2423590020235735,1.794562953250001,2.9728198722461383,-0.6728127644879448
0.009475521919485632,-0.015127419327113811,0.007984422838369906,-8.16211368028763E-4,0.24134918310287354,1.7580016408911032,2.9786689426726025,-0.6413241756787418
0.009580446111723987,-0.015140650239187956,0.007993233327323447,-6.51883637011473E-4,0.240784474369895,1.6272898720752045,3.017525635846195,-0.5166619790455868
0.009559960833634537,-0.015133192296018151,0.008001424310592009,-6.854509905857518E-4,0.24233792675015514,1.6585500834216216,3.016105132347643,-0.5422782383866201
0.009506002661133021,-0.015128847160885597,0.007992372044651794,-7.693211635791987E-4,0.24198439035490368,1.7231891449520664,2.99347761294004,-0.6059496846978946
0.009536852283286492,-0.01513638984662557,0.007988143005554416,-7.197918463680025E-4,0.24076561369774693,1.6806412364662526,3.0009118138194997,-0.568392378775587
0.009626934303570197,-0.015154013703360086,0.0079803951889041,-5.771268059644575E-4,0.2384505456717489,1.560283628362821,3.023603680549963,-0.45949737550974307
0.00971660926009584,-0.015175698603267182,0.007959278445947985,-4.352376360982583E-4,0.23443660309071648,1.4353081020665395,3.0353232965142762,-0.350646124188607
0.009694001238951666,-0.015184955626073318,0.007937164935073852,-4.677877133263951E-4,0.2320212879625269,1.4519813799261176,3.01586178207613,-0.3757679189182956
0.009671409431044485,-0.015179099417597966,0.007943378250052488,-5.033507660441535E-4,0.2332266577902022,1.4836194160933862,3.013583137947513,-0.4030579573311474
0.009644336466800109,-0.01517986879847169,0.007935632206617053,-5.44213670260152E-4,0.232553959090208,1.5134745359988095,3.001422469615879,-0.43444942828721017
0.00936291045637187,-0.015102252487102417,0.007987260036212149,-9.96847898433388E-4,0.2433452871892212,1.9081977300109882,2.940217146869403,-0.7771802570152921
0.009383086271348436,-0.015121074342013555,0.007960309845396474,-9.583666028919608E-4,0.23954228323788995,1.8637116953392836,2.932309528318935,-0.7479291620443628
0.00940483004218324,-0.01513210545729852,0.007948479390620157,-9.211580231965551E-4,0.23764065153415778,1.8275773053827187,2.9333503121447877,-0.719901825647754
0.009429798159476314,-0.015140874998700735,0.007941839823231765,-8.802172009773415E-4,0.23648425110562463,1.790835101958413,2.9382861545188512,-0.6890754854145063
0.01644087186852236,-0.010330761573386941,3.131334367068198E-4,0.005985338781361918,0.13164546172724834,-0.206436458295806,-1.9458711779847921,0.6419370938306656
0.016470561606201757,-0.01054187078542196,4.97681633423873E-4,0.005917144276170332,0.1303861304953422,-0.3315386835511622,-1.887561650166221,0.7566042639039362
0.016466283715967117,-0.010720523539834353,6.544933066553044E-4,0.005884955960392727,0.12902000586290516,-0.4386676345826824,-1.8469710513958588,0.8603446072598316
0.016455701786431208,-0.010908762518992723,8.183791388804976E-4,0.005846666609116261,0.12960876287635037,-0.5462555927010692,-1.799302757322436,0.966039290066922
0.016409917765805453,-0.011052168859778983,9.540025178221525E-4,0.005855266057134173,0.1317933430773412,-0.6362293094945721,-1.7763821923641427,1.06271932287046
0.016668029617162614,-0.010219887139053373,1.9773056657780203E-4,0.0057116413338069985,0.11733553005249718,-0.12333537079064101,-1.8263787858456018,0.5008237381810899
0.01685641943217361,-0.010084200892504261,8.119322317718715E-5,0.005494237984944655,0.10718826370917704,-0.04183154775095566,-1.7346149863521483,0.3786339040872017
0.017053268480306697,-0.00993869431646835,-2.6559682730076952E-5,0.005271647315165538,0.09727165357315785,0.03212490397678002,-1.6394877791075224,0.26486747172505615
0.022598566316671065,9.141094351660724E-4,-2.470429516342983E-4,-1.8228173521024602E-4,-0.2943934477349924,0.3645880003973036,0.06620189181951225,-0.35060055942233936
0.021258353835099268,2.7267207741926334E-4,-5.817588111953937E-4,-8.102591549917155E-5,-0.20276738416514936,0.5483880991110509,0.019644710820506426,-0.5176455508747191
0.020342079632475172,-5.285491816743818E-4,-8.822479150984763E-4,1.9053269872300595E-4,-0.14290907745392514,0.6674404610020738,-0.03836583511836824,-0.6218598782664729
0.01959836021528204,-0.0019824773209213193,-0.0011484722581959464,8.118188040617796E-4,-0.08933562436429217,0.7570662073510165,-0.14860699997349133,-0.6967699307505478
0.02048794238165373,-0.0014968427904390358,-8.215760393607982E-4,5.234644758396987E-4,-0.14697868561773267,0.6433838072284915,-0.10976065725409223,-0.5998135894777672
0.019899918069487415,-0.002853659648402569,-0.0010032428247004354,0.0011059267663014818,-0.09755618300410494,0.7055799437710365,-0.21969553208346873,-0.6499732262734997
0.01864441614443608,-0.0040783632156788,-0.00146492527472911,0.0019268724554774052,-0.012113677998594703,0.8727641306587978,-0.35369225309906943,-0.7840357403469672
0.01931891916628451,-0.003563348046472101,-0.0012020388114611913,0.0015181090510619569,-0.055871883023820616,0.7760445353601343,-0.28980729003963407,-0.7068414963567137
0.01877726626408159,-0.004771388885862619,-0.0013380634076210032,0.00220209009558991,-0.01032835095484045,0.8300534950673778,-0.43806398194493773,-0.7410654035552212
0.01878654414631003,-0.005319633019230894,-0.0012663164882048372,0.0024401120952926045,-0.0037681510753526408,0.8020788894449558,-0.5120928485917765,-0.7110143099292937
0.01806498126002056,-0.006206390878894716,-0.0014387372089198994,0.003176795412184326,0.04140569089737715,0.8922129813109977,-0.7104560108937195,-0.7616914496406495
0.01852115038538254,-0.0058157261378402785,-0.0013056757980970197,0.002772484225334539,0.01470991964893054,0.8221874144946052,-0.603303708977606,-0.7175714970354017
0.01819530516176295,-0.006679294551128208,-0.0012646352812105274,0.003322994305285072,0.038103619830643844,0.8090873586582771,-0.7871322578280157,-0.6803996275206793
0.018225890709892095,-0.007105770328617142,-0.0011342707283065816,0.0034845530988947097,0.04000964115562262,0.741618853797389,-0.8631440578543209,-0.6098493422406622
0.01730415105496,-0.008413774344096661,-9.607323964495553E-4,0.004696678897898603,0.08337797710013196,0.6582705771885183,-1.3649206621003367,-0.4214939447580184
0.01731786444184782,-0.00871652029127947,-7.852452684100089E-4,0.004784993378972924,0.08305656064220145,0.544972245919567,-1.417744257288044,-0.3037520478089552
0.017321091243882113,-0.00901905385638698,-6.047225320784496E-4,0.00486405184327826,0.0838905055151628,0.42619645626116537,-1.4632791070028344,-0.18011356721368024
0.017322183654985977,-0.009317969338402435,-4.1944281786194826E-4,0.0049246086084170975,0.08429885941288516,0.3021686608650595,-1.4953167898253927,-0.05133227325325639
0.01721161715650987,-0.009558947772811858,-2.7934856631067566E-4,0.005073346581717905,0.08940711287672515,0.2059081526193418,-1.5601540483642344,0.06258215411762806
0.017269547622941972,-0.009817691577620505,-1.0132087010681827E-4,0.005035653354477796,0.08720668449173409,0.08382751625584395,-1.5388428679264552,0.1778974260832122
0.017544774445086148,-0.008302396185528962,-9.331045247874563E-4,0.004444628526890454,0.07324676387177642,0.6351345251028078,-1.2597596451591124,-0.4294185137787538
0.017757159955061646,-0.00787886661926784,-0.0010475971387954779,0.004116532647232624,0.06328454180430075,0.6997426976425333,-1.1124452920336394,-0.522529524152194
0.01775149562473759,-0.008160172447858901,-9.281425192282564E-4,0.004223532867231353,0.06429107837301055,0.6280897024435868,-1.1691435057546824,-0.44649914352300113
0.01823127325777878,-0.007492099572134266,-0.0010122182542132896,0.0036306734563994712,0.042023973313291225,0.6736826698921136,-0.9330524166967992,-0.5374416159653449
0.01816136073155402,-0.007853653635507623,-9.120226407625134E-4,0.003807173658801503,0.04741354809744495,0.6141005824902718,-1.0099299333028509,-0.46976440769139943
0.023772559655131018,9.817398244750563E-5,-6.7272043846305E-5,-1.0536825158670271E-5,-0.3898122772990351,0.1965504031549065,0.007529854558484392,-0.19312812846330416
0.025,-7.365596873642952E-4,0,0,-0.49490272406883645,0.001892291039635799,-0.061305450290119134,-0.0022915081793291507
0.015514307909926587,-0.012157342897292667,0.002435236886438297,0.006252243858834565,0.18374733429547027,-1.5565737108998303,-1.5142403389205337,2.1905237983595813
0.015680971071910483,-0.011828619799171047,0.0020274989193526673,0.006329470931040205,0.1796738277389174,-1.3338508746373052,-1.7035472389865594,1.9448669810233115
0.015642399833587815,-0.011966892201853055,0.0021735214150777828,0.0062662915562919945,0.17922102176799853,-1.4102032776023488,-1.6211690976033313,2.0206387830589936
0.015674721645134296,-0.012097623349889893,0.0022494689305938022,0.006120179145842314,0.1705288831004789,-1.4388338379912362,-1.521325309097967,2.0194769134256774
0.01646394445205872,-0.011222706703043274,0.0010727200304566761,0.005726777222562315,0.12628449977929546,-0.7093498033420554,-1.6891024205266465,1.1140611163018315
0.016327690502581534,-0.011339814737978314,0.0012245750607538094,0.0058376391931385,0.13535278700532039,-0.8099746710933978,-1.705048075909657,1.2461307828039943
0.016187893292232153,-0.011437765554013634,0.001372530311424048,0.005957492777552405,0.1436206548664094,-0.908821410130139,-1.7242411606403643,1.3791714157178927
0.01619661285657818,-0.011611979911602297,0.0015084331657578703,0.005853357873786577,0.14028761610596296,-0.9856161731642129,-1.6373711764034413,1.44249013493844
0.015864927217101612,-0.011768787845978216,0.001842252959150027,0.006148623875298667,0.16420410055219167,-1.2076751222189623,-1.6774366717130162,1.75681084202849
0.01603230676460328,-0.011685229676964186,0.0016638624055917213,0.006003186188086735,0.15147763428439284,-1.08990499110787,-1.6627773518894207,1.590528964641731
0.015179722799908561,-0.012571325166374154,0.0030676833039086806,0.006197337329799303,0.19623125748903084,-1.875986694391411,-1.2166711825041705,2.5783065520495874
0.01530004407200535,-0.012533426543460242,0.0029124204735955336,0.0061149654482451,0.1861645377662883,-1.7861096256361868,-1.2474306511408122,2.445044611672042
0.015406883086086457,-0.01246559368160598,0.0027580254832100426,0.006074193973572082,0.17938452317489176,-1.7027799112505495,-1.2952327414755518,2.3303583924425744
0.015505948021026453,-0.012341704712032504,0.002577746773616748,0.006090076318828123,0.17582296736633835,-1.6122158274450074,-1.377959662402308,2.2216171719764843
0.015146401684425296,-0.01269615958117284,0.0031809296853836993,0.00608909881052493,0.19125065405496455,-1.9109896891393403,-1.1121414519259127,2.6014655619965157
0.01512670416660943,-0.012805249368804297,0.0032636916066383285,0.005982005057206376,0.18610485970220905,-1.9296158550344498,-1.0220415239381921,2.6053301684929653
0.015041348319064389,-0.012955993318602943,0.0034383181997106487,0.0058796193856772115,0.1828598410096021,-1.9863478633820904,-0.8889937519232572,2.662914972485155
0.015103615385686024,-0.012889926078644726,0.0033332876552567585,0.0059040639755318074,0.18143616349932504,-1.945772161851092,-0.9517698463724888,2.612029439883643
0.014168805292270093,-0.013664071748338436,0.004807740035050066,0.005471816826084118,0.19373569706016636,-2.3568362685633186,0.06136321336823201,3.1926545873906034
0.014154497011280659,-0.01372582808811655,0.00482729741393909,0.0053843581974798846,0.18760562306634007,-2.333397319286314,0.10999521132151473,3.150894857266732
0.014878782135517424,-0.013110391427155596,0.00370377666890253,0.005821528410852049,0.18559644543737921,-2.0849061422010577,-0.7259676046134141,2.7896664702625737
0.01496156107634657,-0.01308885369314608,0.0035917968190093547,0.005783524920469347,0.17988654644671456,-2.031487059585473,-0.7665697434589984,2.7082390602761777
0.015050366254459671,-0.01305252201718068,0.0034693372849311545,0.005756556624735404,0.17521294732075152,-1.9755291455654007,-0.8162377327955092,2.626043138117734
0.014223743945125142,-0.01364766734406066,0.0047253240288832035,0.005473851075019645,0.1909642352668404,-2.3351836638825922,0.00932093371824202,3.1527900241980045
0.014263228649389868,-0.013620716889791929,0.004666147381424499,0.005496782036551784,0.19051488546792214,-2.325886213960364,-0.03666863353286748,3.1362028928463137
0.01430994837435201,-0.013624868494584927,0.004597621532355861,0.0054696734808355055,0.18634257514645508,-2.2982161166674167,-0.0665466849842024,3.086240061091538
0.014361168885918282,-0.013589215712834703,0.004521271184950552,0.005497310579824603,0.18594545141545626,-2.2844804419411635,-0.12440051996305775,3.0632766833683234
0.01443123519184142,-0.013543657786173214,0.0044167725042781126,0.005527512869083964,0.1843761403268824,-2.261902558792704,-0.19928407534372347,3.026668876513743
0.0145062363709137,-0.013497631753967019,0.004305163293994483,0.005552213025971008,0.1830257352607494,-2.2339872192801695,-0.2749833260279458,2.9824126932082167
0.014581594807767868,-0.013455489113520316,0.004194103348480988,0.005567560448291047,0.18140581670458825,-2.2016402935162245,-0.34520116413447743,2.9323716890951292
0.014658178254942998,-0.013349876198493938,0.004067692707555429,0.005664291420763795,0.1846979850706398,-2.183890993781287,-0.45892421812323336,2.9147177049545783
0.014638602470305271,-0.013415153290690193,0.004108755280695402,0.005588300890917312,0.17957145867379265,-2.1783357976720197,-0.4025250154774226,2.8978948046952167
0.014731944271864158,-0.01334028153289071,0.003966808558776397,0.005628933076380965,0.1793350611131458,-2.138861147813124,-0.4988669191619632,2.842227122564584
0.014825909780457676,-0.013186940086472683,0.0037988289000624688,0.005763458654586061,0.18456871699543306,-2.108772044335909,-0.6500723055246098,2.8154706489370627
0.014782281857789138,-0.01327852339388956,0.0038842071513429765,0.005675769165918126,0.17985839611218926,-2.119958389969527,-0.5647067399897551,2.8200293791195183
0.013461752144675111,-0.014236236505283552,0.005749671252959798,0.0046967055953195955,0.17663052191634357,-2.2389462704741354,0.9790061303195933,3.1196647221230105
0.013454530308064244,-0.014299046997113797,0.005727716869565247,0.004600283452407066,0.16923511591092047,-2.195526098997522,0.9979411635033558,3.047771752958455
0.013406060888947847,-0.014315167529745279,0.005792030852950005,0.004569533726672389,0.17051377060338987,-2.1880924954584278,1.0522761446101316,3.0509213495647125
0.013339523623296441,-0.014373369886824944,0.005858057467595965,0.004470646162899238,0.16748531161514202,-2.149652408330048,1.1310324735866055,3.0084598562309934
0.013385567858326012,-0.014357044959685913,0.005798941713147468,0.004503353026121103,0.1662604765711628,-2.159659003183798,1.0796766778898765,3.009432661726637
0.013520804616148486,-0.014200242057682966,0.005676702917736137,0.004756755736062082,0.17713010812436755,-2.2564983185448138,0.9078639831488404,3.1313139947703683
0.013588813044133218,-0.014195312882183139,0.005574858486250749,0.004767179090346899,0.17331455756113187,-2.2486269805380186,0.8352934526346348,3.0985358175394917
0.013647455774337819,-0.014174434385999794,0.00549473869956075,0.004799420796620552,0.1719451833859423,-2.251248389604847,0.7699919714078405,3.087866018236364
0.01395221571462614,-0.013877213633729794,0.005116996849161361,0.005216108334770707,0.18529171549749057,-2.343471504445159,0.36227897701336736,3.1864466114567107
0.013987147758322549,-0.01383085356804146,0.005070966366292946,0.0052784446683186445,0.18973693640294498,-2.355500170488982,0.3078275153755144,3.2031481310133403
0.014045847250361457,-0.01379134721088389,0.004986362381166277,0.00532192648186534,0.18852880799751845,-2.3513706346991703,0.23581611996898785,3.189737178540617
0.014138319367107403,-0.013792235428991823,0.004847195680808747,0.00529100182771989,0.18206748104244155,-2.3077193633548325,0.16086736404515609,3.106276142695007
0.013790468489595685,-0.014003285791884455,0.005336075290580745,0.005051684565293432,0.18292559904694647,-2.3251216905180567,0.5698254392159035,3.181828849812532
0.013837700587085808,-0.013973194530305117,0.005271622500110859,0.00509138306133052,0.18302463751140846,-2.328415291776844,0.5122990546341818,3.178569341080952
0.01389074726430992,-0.013968366775669323,0.005191683467037256,0.005089859641885811,0.18005387918915236,-2.312877447125484,0.46038369396686113,3.1428346306959054
0.013961589422884875,-0.013941159232449624,0.005090518912285592,0.005116981258566108,0.17815167643014204,-2.302547116641549,0.38449483075734175,3.1146773234090896
0.01371415990633253,-0.014174682078809413,0.005394342937288077,0.004797614515942342,0.1677806437789234,-2.236253186309959,0.704378890845392,3.046819149752087
0.013735812977510533,-0.01411165052812082,0.005384714318132578,0.004891301889238149,0.17383433721797512,-2.2714684054949115,0.662923773721567,3.101556377450738
0.013800549196002886,-0.014082938768103015,0.005296558471991362,0.0049291581598439466,0.172766388239769,-2.2716480083268036,0.5907228933555723,3.088657928873204
0.0130108253006739,-0.01451668391532992,0.006245187639951408,0.00416051295179492,0.16889106824078812,-2.0194039603850995,1.499088140192126,2.9225881657109127
0.013043684761051468,-0.014503987902758414,0.006206971200578206,0.004191934929559815,0.16830631883667635,-2.0343680595958546,1.4627628564306214,2.9327972561660616
0.013083372147132944,-0.014512780394325377,0.006141828892423456,0.004193609246114006,0.16532758931989933,-2.03416687395037,1.4166302053487279,2.9133878794175376
0.012677631339393744,-0.014601939388229117,0.006653376694631308,0.003869503076353105,0.1774193852020933,-1.8586489706828018,1.872846952930125,2.8302733396732833
0.012610686952023553,-0.014651553350165382,0.006697486932862665,0.003757044643172201,0.17450667287753108,-1.795051946981739,1.9341713333094777,2.758381856264403
0.012645999180184043,-0.014632103258535903,0.006667809130194372,0.003806977396603701,0.17523445076671115,-1.8241330376105942,1.8998384549479985,2.787664271047794
0.01268107330555447,-0.014647361400455363,0.006602627926942259,0.003806882821060894,0.1710620107073484,-1.8283415685975783,1.853224004314812,2.7702317878191667
0.013004373574014745,-0.01455784618105347,0.0062211658565274235,0.004097862005593075,0.16427106069691813,-1.9885066326904195,1.5012944201240257,2.8710144999950042
0.012755424287082833,-0.01456011619986836,0.006581814132799453,0.003975274037970548,0.17831078672251932,-1.9184392532582357,1.792462079708583,2.8885267979776827
0.012719598221405998,-0.014582375737073347,0.00661230364058725,0.0039225477500311945,0.17732662570809565,-1.889204573298459,1.8288766636573717,2.8582052415035224
0.012792678797671833,-0.01457998801806772,0.006508629679024942,0.0039665818442886904,0.17353740228660014,-1.917147286800126,1.7423880570795567,2.861509862143266
0.012971268479208615,-0.014576300877483904,0.006253731441843644,0.004057416642337622,0.16364138579661522,-1.968621352136459,1.536065290651084,2.8524517452864475
0.012829030654945957,-0.014574291220913105,0.006461184874988494,0.003993798886820893,0.17195226391503404,-1.932903473968704,1.7008647671509969,2.8677884907331257
0.012873231622869132,-0.014574052814541855,0.006397307892467004,0.004016109530197099,0.16955537375923946,-1.9459782121542155,1.6492093183421515,2.865345839021705
0.012916023332418852,-0.014571997746007904,0.006337152309150842,0.004039229812222333,0.16709218194947104,-1.9587597658399611,1.5999978613222892,2.864191216148815
0.01230179182776301,-0.01480987395753476,0.00693380673394371,0.0033162605076570645,0.17165247493931865,-1.5225085594336198,2.2092566018082302,2.482592191813057
0.012350393456801728,-0.014810613205053797,0.006870399110967173,0.0033545969630483885,0.16867582776491677,-1.5528056019837562,2.155716226152887,2.497914855594829
0.012369450656800481,-0.014767419494057507,0.006896867711431277,0.00342595011882629,0.17365580349823465,-1.5906060444512675,2.1582078653311854,2.5579012064796203
0.012406676096325567,-0.014763175024357165,0.006852702647294507,0.0034604330612137786,0.17130587285224108,-1.6154251857154514,2.1186954404246285,2.5738503675402344
0.01242991474258553,-0.014736450988399435,0.006852641201451714,0.0035137337714660323,0.17426337809305142,-1.6456614023904585,2.1060884791228425,2.614091772548116
0.01247306932456562,-0.014722474218619292,0.006810352799825891,0.003564515128956961,0.1731242018810701,-1.678799007585297,2.0634965337389874,2.6423849728237307
0.012516286099144581,-0.014717063496940758,0.006757659021582221,0.0036027572749575206,0.17144604219838602,-1.7052395001962726,2.016557285323111,2.6582933615000215
0.012561090363228111,-0.014709394085695143,0.006704805912389739,0.003644042548136723,0.16984248716478592,-1.732704294748917,1.9684518488956488,2.6759711292902395
0.012605559048956536,-0.014700280749851002,0.006653428585186208,0.0036859140551311477,0.16847764547067753,-1.7596932774080367,1.9211656105423305,2.6941338545011644
0.013210139142098273,-0.014438320455534939,0.006008906251972077,0.0043434734335178185,0.16705649659170593,-2.1007087478788353,1.2768359669302625,2.973958977442876
0.013267206107046087,-0.014434712727641553,0.005926758597182474,0.00436362527447461,0.16437963338892528,-2.1057548251523173,1.2136840939979583,2.9600655290200444
0.013328566000474154,-0.014426636486676428,0.0058414600524775906,0.004389441080246841,0.1619172613855606,-2.1122105661733186,1.146787873745991,2.9485123055427285
0.013191576577258982,-0.014486053465993921,0.0060030653613627645,0.004267815807854506,0.16261171306623515,-2.065338419706148,1.2973072989783676,2.9205815275312386
0.013130251326344997,-0.01452079430180238,0.006067392991686438,0.004197985931929483,0.16147755759363114,-2.0345875199608034,1.363765266917851,2.8932945149725686
0.013169369617556714,-0.014519451484338128,0.0060116307919611785,0.004212454020361643,0.15946668393493202,-2.0397299317933033,1.3208206065436625,2.8856627433669115
0.012126043010340842,-0.014902429402579426,0.007035084521914279,0.0030488778418639485,0.1695428066251239,-1.3491314532042595,2.3371916011390996,2.298829954511
0.012193790605318148,-0.014868250189558126,0.006996841404606703,0.003151004547135241,0.170169844388004,-1.416264833278033,2.2894599155082873,2.369533115826084
0.012166695408327755,-0.01489829938795117,0.0069915576702431525,0.0030904198197374173,0.1673549651359013,-1.38093481204298,2.298144745318682,2.322207213629126
0.012286313107709015,-0.014863259960910324,0.006888333044281975,0.003235925752257418,0.16574648312111653,-1.4817503137228558,2.194659296965599,2.411962749040956
0.012238600773165612,-0.014873559158403197,0.006934920474910321,0.003183183951587817,0.16689047718964303,-1.4444861591758593,2.238829074531184,2.381676174116541
0.012114828444853698,-0.014954465485348801,0.006980710290227606,0.002977225168381793,0.16339051824429687,-1.3147051546472779,2.313050918389049,2.233754151252199
0.011876543181069848,-0.014964876026827875,0.007236526121520395,0.0027336055986578764,0.17549800272216065,-1.1176661591638641,2.5362278377341743,2.0905093529787178
0.012042947963272786,-0.014947767555382503,0.0070728505474797,0.0029183151765712957,0.16823388683491147,-1.2633854954342247,2.388943184494263,2.205433876683347
0.012076757061014003,-0.014964324796505526,0.0070119450626501085,0.0029309445450019316,0.16410280552383985,-1.2814743779192534,2.3439095511900474,2.2040744128010497
0.011973620884864363,-0.014957682949134573,0.0071384814242535346,0.00283991024023712,0.17075150552306154,-1.2033121342651674,2.449261232070386,2.156629672733135
0.01201182052016071,-0.014965298183967753,0.007084886638830309,0.0028685072426070895,0.16714430235194258,-1.2306384310632354,2.406606326177857,2.1691911420924965
0.011914015278255313,-0.014981603311079112,0.007171762242518809,0.0027536699398013945,0.17084034598203013,-1.1430614276209872,2.487680640269582,2.095296392455325
0.01195310150793476,-0.014992920340844802,0.007113002712602922,0.0027802966836142392,0.16694764532878104,-1.1708318032311509,2.4421174326370756,2.1059788645030015
0.01184565954516225,-0.014993126751156173,0.0072297180630179906,0.002670738027461116,0.17336639164270304,-1.0791448346089385,2.5418479094823208,2.0402648369840133
0.01175759129925846,-0.015021510037717532,0.0072811368602122215,0.0025469244894296378,0.17452539434505163,-0.9889039483297025,2.5968887630347006,1.951462681312463
0.011806578925747057,-0.015019799408725993,0.00723279195682973,0.0026012664684162555,0.17157560271577324,-1.0341479148268578,2.5550632125490105,1.9864615262557412
0.01172906671799718,-0.015056830373856994,0.00725826002997865,0.0024800317113184045,0.17103597214319735,-0.9504962959056572,2.5911070326359114,1.8955616093054906
0.010955752244547942,-0.015151497400277564,0.007735941498143316,0.0014348826553895137,0.20082076584896064,-0.09896769116601156,3.0110594677530096,1.119965040932529
0.01124906188301659,-0.015106219580269673,0.0076101713007373254,0.001860863624268169,0.19173380089953476,-0.4425349701936118,2.901936864379738,1.4498243086778204
0.011220819431237698,-0.015117718227277126,0.007612638064117029,0.0018152918609252405,0.1913700607597839,-0.40978391875978665,2.907096140736053,1.4135658543653884
0.011272826556569806,-0.015125551465158316,0.007559587881656146,0.001876426764725239,0.1872141855122441,-0.4679267577421459,2.8662452997883276,1.4566780777696546
0.011409629542945372,-0.015115491742998977,0.007464408294545858,0.0020557572734017896,0.1810969732080235,-0.6179704860782561,2.7850643315437296,1.5886533248468415
0.011377488130350137,-0.015132754166088013,0.0074637162762717976,0.002001894021373434,0.1798959498786598,-0.5811705993523236,2.789957041569645,1.5457394316181632
0.011306778478705634,-0.015122496540886241,0.007537783816942,0.0019220090151280632,0.18587987850160467,-0.5058439290510083,2.8476102595056116,1.4906953883563807
0.01134497900173437,-0.015126894993213446,0.007499816695255055,0.001966444739533389,0.1827190554020047,-0.5470907021277017,2.8177955434165542,1.5217776277508024
0.01098243526249314,-0.015149966931325238,0.0077222256929794795,0.001472723982864304,0.19966233348928084,-0.13098631488728552,3.000469452997343,1.149211306929857
0.011016487068838036,-0.01515123588028582,0.0076985347689740155,0.0015186755718947494,0.19742782946880202,-0.17183889415813378,2.9826659357660703,1.1839758085723788
0.01105224926817463,-0.015150607669906764,0.007676382947824799,0.0015677300604963718,0.19551206564147713,-0.2142169928158518,2.965478749158961,1.2213288987148496
0.01108696697593985,-0.015147727184539082,0.007658094714365952,0.0016164770245014153,0.19416173245772725,-0.2548881212751764,2.950658794811128,1.2587200249509571
0.011204462683148496,-0.01513873799723863,0.007589770338486135,0.0017782043123535426,0.1889119765957672,-0.3901576782431595,2.8944026795433118,1.3812812698018426
0.011128663257687016,-0.015138160715168306,0.0076455680715460436,0.001678841929712255,0.19346268430571498,-0.3032778585624745,2.938631343388162,1.3074857999634932
0.011172381007607833,-0.015141337177371024,0.007608945570544929,0.0017343588401134834,0.1902429805814505,-0.3536258249281043,2.9104114500461855,1.3482672202810695
0.010600814497762491,-0.015177219349354152,0.007867039137670307,9.12933426139037E-4,0.21407347238796817,0.3350578818518017,3.101795307434983,0.7101496591507689
0.01062859255712277,-0.015170901634088768,0.007867550689054904,9.56366509354541E-4,0.21429154815740764,0.30224283245361705,3.102928279797313,0.7451021884253547
0.010654157246115566,-0.015179895803192539,0.007840492149644164,9.900911160365866E-4,0.21124674174229588,0.26694121028140044,3.085528991928236,0.7704399095933576
0.010686475219462655,-0.015186663610396977,0.00781427347367876,0.0010341490295602289,0.20841165196322556,0.2244927902270736,3.068691591924122,0.8039942721129861
0.010583919388393377,-0.01520835030465089,0.00781653081799692,8.763244038970428E-4,0.20895277750711258,0.3447073563560987,3.0677968756378196,0.677578589827233
0.010931558817642911,-0.015167957415504649,0.007721533766794324,0.0013914916002167738,0.1991484280933491,-0.07182389023978476,3.002901960769098,1.083709711739016
0.010720891478328552,-0.015191856361271051,0.007789432727177892,0.0010814199794905997,0.2057357120282365,0.18037436888487643,3.0525183179154904,0.8401648265047158
0.01075766234480712,-0.015193855457020738,0.0077685783874743035,0.001133054703522673,0.20354501227098318,0.13464813271905554,3.0386690169750925,0.8800316105771301
0.010796711275822556,-0.015191622192238687,0.0077533502962587155,0.0011895978503201707,0.20193810316043662,0.08747237370495901,3.0282053768544315,0.9241706217069386
0.010910021219401496,-0.015194008762212191,0.007688427226638113,0.0013466595640860709,0.1958395980041693,-0.049608538678298626,2.98221230043865,1.0448665505452588
0.010836282995162913,-0.015195172734506381,0.007726678569254092,0.0012434807165835392,0.19936648723808748,0.03865873912577942,3.009858458470991,0.9653429609897327
0.010876300836133983,-0.01519933991451108,0.0076978916194663715,0.0012970308298006139,0.19633825906552185,-0.010206666987035427,2.9897503954369546,1.005939950078852
0.011629877734343116,-0.015092614150600115,0.0073017744589894,0.0023352200240021256,0.17173518213858022,-0.8458884539984048,2.641224307142938,1.7882029010676557
0.011688825061641714,-0.015087655831145503,0.007252543013089461,0.002405572629613898,0.16881418904873277,-0.9032409531251033,2.597995298121998,1.8364460245829226
0.011519396233579922,-0.01508204669419802,0.007420692534775974,0.00221736087410248,0.1795535010243721,-0.738777084890507,2.737478147646513,1.7113293271145682
0.011557303225822615,-0.015097675397476862,0.0073618286192416805,0.0022475211761655844,0.17500813653926864,-0.7734680910641898,2.693522054062701,1.727402479720338
0.01159103863779847,-0.015109118775372668,0.007313246551088224,0.0022757604622049544,0.17144220967711543,-0.8038529971011261,2.65682207130373,1.743147396548465
0.011483193161933039,-0.015104988839181153,0.007417299967998452,0.0021537110136156186,0.17823234422670656,-0.6966591688906273,2.7424479008889,1.6603504392087542
0.011448644515352317,-0.015119952025067189,0.007423945358709138,0.0020992646209878154,0.17771743091820916,-0.658084456234741,2.7529358041839944,1.6181111162404576
0.011434865882116176,-0.015155638560380567,0.007379564634152653,0.002052317918893313,0.1732413047588377,-0.6372673142169035,2.7279979087094515,1.5753328226453789
0.004925583438597289,-0.011172989557400639,0.0018111261083183104,-0.007856718026081233,-0.16625068434565526,1.1721426142373905,-2.354954466475153,-0.4976323053092198
0.004931693005150948,-0.011207967305774093,0.0018633697850301471,-0.007840143149788243,-0.1741128781936075,1.2079872332706907,-2.3451367501943854,-0.5325542418078876
0.00494315523732931,-0.011282569559484111,0.0019727133848578956,-0.007800781437455223,-0.19002988620328295,1.283375911141512,-2.321010959091503,-0.6066416253193019
0.004927629821873824,-0.011252088438323937,0.0019206494479482826,-0.007805418767929694,-0.18283950324108655,1.248221541878918,-2.322442413101849,-0.5766848954610504
0.004939589142007465,-0.011313552424927133,0.0020115714158791356,-0.00777450213693666,-0.19564153713409022,1.310993962028478,-2.303500813125828,-0.637342537874073
0.004975800798603338,-0.011361134832820688,0.002101776629873968,-0.0077782259900327005,-0.20767782436782553,1.3712424287559195,-2.309442501575267,-0.684231401761321
0.004949484935111773,-0.011344113613721365,0.0020593929077204667,-0.007762598129006218,-0.20213150736419574,1.3437543764349125,-2.296622914820914,-0.6673472670130841
0.005023214585768856,-0.011573196680018633,0.0024130882214772973,-0.007655365558129888,-0.24633975428362417,1.5878333551120167,-2.2301418871668726,-0.8911529410275071
0.004979285749806915,-0.011397317464860236,0.002152146118069725,-0.007754104776431595,-0.2144817068119446,1.4064755194055298,-2.2937497637720576,-0.7197923131159528
0.004985313605063718,-0.011429898467839322,0.0021993836170553006,-0.007734887369152783,-0.22057439129352807,1.43936390290859,-2.281410782343471,-0.7517213950419642
0.004992011570148096,-0.0114603836575183,0.0022441560082907676,-0.007717499458000837,-0.2261836834928819,1.4704890300378153,-2.2702439691002283,-0.7815041176383509
0.00499702795716007,-0.011488373607655616,0.0022840887572445723,-0.007699863108619622,-0.231118723153396,1.4984255162935887,-2.2586591361330055,-0.8087205154905338
0.005001862417128563,-0.011516721324216918,0.0023240600132267294,-0.0076813046903817265,-0.23586607880822072,1.5264139901599447,-2.246351446313522,-0.8361106261054786
0.0050108461306464696,-0.011545455530434963,0.002367795115763988,-0.007666360155278515,-0.24106810752206861,1.556714893266083,-2.2367825408231643,-0.8640067098998404
0.005176908133541962,-0.01183117199827258,0.0028701284423856017,-0.007570155944060686,-0.29445945539208523,1.9021898377296367,-2.180477781922445,-1.1496320685236636
0.005175617746105718,-0.011857255443252697,0.0028987608070509606,-0.007541645721222721,-0.296175756859778,1.9231405515120514,-2.1594072081315576,-1.1731483878452191
0.0050372490284035475,-0.011598671011179259,0.0024570093194101095,-0.007647670223776074,-0.2514417460944509,1.6178465274310347,-2.2258744400633232,-0.9163008030661629
0.0051479503928639125,-0.01179548181461586,0.0027989647304095156,-0.007576548544883154,-0.2874192230900228,1.8533584617388217,-2.1831757020074782,-1.1124247769141855
0.005154916869337504,-0.011818532599893568,0.0028328522024895293,-0.007560329221904886,-0.2901930100939616,1.8772052099422816,-2.1718008917773197,-1.1345315841788002
0.005118856908862908,-0.011785519051471224,0.0027581361467895267,-0.007556396954362626,-0.28245429274592904,1.8265009386593982,-2.1665874687568762,-1.0988763688443208
0.005115543705504633,-0.011757879780461425,0.002722522026541687,-0.007580359754376076,-0.27960811266580726,1.8011556689049237,-2.183740318395954,-1.0732039576215087
0.005121904624508316,-0.011732493594793022,0.0026986456898480155,-0.00761189057533812,-0.27787301537011183,1.7832675196605365,-2.206875057008618,-1.050606403981117
0.005107071272896037,-0.011710041851759332,0.0026573625819577384,-0.007618053359279619,-0.27368520573926175,1.754955993552317,-2.210225477479577,-1.0278743903504985
0.0050741694404074925,-0.011627403960379666,0.0025257947438716206,-0.007660783550551907,-0.25977515929690354,1.6634996172171024,-2.2379385970335224,-0.9467073726325711
0.00504775396546634,-0.0116186134230904,0.0024909764776023515,-0.0076408478343014865,-0.25527920481015987,1.6411181968521453,-2.2219025629061244,-0.9359753376893158
0.005082698715074277,-0.011656429955310703,0.0025693190165176935,-0.007643058193279159,-0.2643726160701205,1.693934603120259,-2.226138476068048,-0.974944732064316
0.00509486556089231,-0.011684369238254569,0.002614741535171336,-0.0076296885532353845,-0.2691445821645551,1.7254229070556402,-2.2175940217006906,-1.0024694394962383
0.005004349290198504,-0.0115974837013953,0.0024264062674579385,-0.007614261772988566,-0.2471998262406698,1.5992052300186348,-2.19999163715999,-0.9123617683984314
0.0052069071719150544,-0.011918603789088107,0.0030012457753487843,-0.007508458048842378,-0.3046268143142872,1.9947304382978401,-2.1366867748090854,-1.2339135453550112
0.0052390162758358845,-0.011956221865338103,0.0030781154903908423,-0.007500042890167784,-0.311172278603343,2.0481091347759777,-2.132222957864094,-1.2740350024879759
0.00524310079156183,-0.011992020332306888,0.0031216831340730067,-0.0074641744971100776,-0.3133532844097467,2.079338752546191,-2.105366232235843,-1.306238796515526
0.005207618550245178,-0.011943578000827966,0.003029624783097586,-0.0074820010679735455,-0.3061109239805844,2.01521707637603,-2.1169254124837837,-1.256077416576361
0.005176865939964873,-0.011885360429961371,0.0029318870898360906,-0.007513339203856706,-0.29831257585439364,1.9470379029017917,-2.138543292730622,-1.198561817995147
0.0051846806121194,-0.01190770281073588,0.002965185345291024,-0.007497520361288175,-0.30063551572318814,1.9704415702842937,-2.1272322952640565,-1.2198401053314094
0.0052132789655699235,-0.012011118573469023,0.0031085433417952914,-0.0074128849909130155,-0.30969974946789586,2.071752048323896,-2.0648883587523272,-1.3155004060962252
0.005251052616823339,-0.012051278684733163,0.0031934958316160223,-0.007404676612739255,-0.3163615842906571,2.1306266590179646,-2.0603198757136956,-1.3587701356276671
0.0052186368233080975,-0.012041500027984136,0.0031463203648317644,-0.007383911469814837,-0.31141742085035723,2.098450627958726,-2.043063768068224,-1.342213240903111
0.005263151527639346,-0.012082838903184408,0.0032400602423753207,-0.007380032497437078,-0.31874714937838705,2.16339196675315,-2.0418726926580217,-1.3882773608308818
0.005267554768842379,-0.012115970543342514,0.003278740496184309,-0.007345447530709737,-0.3199182010137547,2.190722703830857,-2.015311536619951,-1.4165731301793345
0.0052753243149327505,-0.012140298419177842,0.0033121235613987375,-0.007324106532442744,-0.32120049208627116,2.2141217630627033,-1.9990157573964933,-1.4383911064798516
0.005680618694544545,-0.012816393692013414,0.004394164168845188,-0.0067450023952651175,-0.3202865737582549,2.9561830814160195,-1.5126664141300652,-2.055492591713754
0.005478228856241496,-0.012488486875749348,0.003882041552590246,-0.007061797264369329,-0.33533016780855857,2.611814342795563,-1.7894170668600466,-1.769285480214503
0.0054490249366053985,-0.012470700239284028,0.003828101450244342,-0.007060926323346441,-0.3333720725668531,2.5726964919576596,-1.789532493822136,-1.7441513270934814
0.005378246440287633,-0.012277688786390321,0.00357011417595084,-0.007252199265407412,-0.3335798733436138,2.3954631218532367,-1.9443328153896573,-1.5799227874801884
0.005386583907987563,-0.012302826011632802,0.0036036603140044763,-0.00722767231646585,-0.3338725231504991,2.418838362060032,-1.9247975127573167,-1.6018304767826421
0.005401054420590153,-0.012329314477652157,0.0036460614101639847,-0.00720667591778902,-0.33475040788095234,2.4485586556062775,-1.908028772690169,-1.6269167801072446
0.005409001749161348,-0.012360371762947235,0.003683578362694114,-0.007173229147834931,-0.33460184782254226,2.4742620555040697,-1.8811098916757139,-1.6523384169554645
0.00543564537657347,-0.012412864895429716,0.0037633533098893573,-0.0071273926167100534,-0.3351520985738313,2.529663215740577,-1.8437922427791482,-1.7000773714991053
0.005421506816079986,-0.01238599694192792,0.0037219906138805797,-0.0071506329555067125,-0.33489761547377966,2.500957362207453,-1.8627757188054872,-1.675534711095658
0.0054144564916716355,-0.012431919372559674,0.003750570465070079,-0.007083182092279624,-0.3317259722052726,2.5182554684239475,-1.8083764244174112,-1.70332143878606
0.005413558370241864,-0.012457524637372864,0.003769817030115591,-0.007048147713069791,-0.3303337763179099,2.5301786125486827,-1.7801157449442322,-1.7194280039208565
0.005637653560211861,-0.012740146333548842,0.0042856835615315315,-0.00682869928495214,-0.3264210204200468,2.8866358658644766,-1.5869056854347174,-1.9954828800629074
0.005645945383512226,-0.012769788921834032,0.004315525711098216,-0.006790318763428738,-0.3238655426515487,2.9037932356291747,-1.5541338347677558,-2.0139940682709567
0.0056606175454765725,-0.012794101496293982,0.00435147342011153,-0.006764385701310272,-0.32184291759746614,2.9270416146638976,-1.5310136763896087,-2.0336271801424637
0.005584839009507491,-0.01268317844608109,0.004172026248374777,-0.006872387799202988,-0.32876816874559295,2.807420798377056,-1.627683574136028,-1.9366740747717228
0.005592727696455641,-0.01271270409922445,0.004202148152737281,-0.00683509732850546,-0.3264794873627945,2.8253210292193938,-1.5961621636356884,-1.9557727576099093
0.0056022224347626395,-0.012740996012402443,0.004233313322238316,-0.006800519940626748,-0.32423606516413833,2.844042377126787,-1.5667063933812442,-1.9746397747543065
0.005535984900954742,-0.012616334048816095,0.0040568975516585455,-0.006930330529321813,-0.3310373196147576,2.7287530622438347,-1.6788783317952074,-1.87431970831543
0.005545947091144743,-0.012645028949884356,0.0040905955714873,-0.006897113918870305,-0.3293770172060601,2.7501268409975776,-1.6508973866461545,-1.895139968309005
0.005553699235242958,-0.012674230483059946,0.004120892545251663,-0.006861039026055657,-0.3273188779326269,2.7685535094760265,-1.6206258837087686,-1.9145336831063327
0.005482846808566078,-0.01251766997460193,0.003910798972768698,-0.0070253545697966996,-0.3337707865582447,2.630181458420642,-1.7594354459857582,-1.789697845271916
0.0054883001904525,-0.012549061081263038,0.003941737076928391,-0.006986242469569428,-0.3320747402802955,2.6497207045092135,-1.72718459818622,-1.8112671404099971
0.005495411340559828,-0.012580223590769058,0.0039741524892212355,-0.006948484096498216,-0.3303403626189369,2.670141988769163,-1.6959485910552459,-1.8328675267012626
0.005504040934418697,-0.012610494911860627,0.004007443021299469,-0.006912839544044168,-0.32867070729758946,2.691135803134854,-1.6663044958039361,-1.854169640865427
0.005268081492171788,-0.01216788866787408,0.00333037947346438,-0.007284253626674465,-0.32016864113996374,2.2270389993061026,-1.9677287552009963,-1.4579234085738544
0.005278618593584697,-0.012201917738959086,0.0033755154620418028,-0.0072532028675374545,-0.32173613533481654,2.2583443496838007,-1.9437021599451711,-1.4874107658169242
0.005290648488645602,-0.012225850241636999,0.0034125953480165527,-0.007235267569309059,-0.3228535399104049,2.2840754000198333,-1.9298250870248395,-1.5095158896276364
0.005346923750978348,-0.012271520450157433,0.0035246431418481557,-0.007230779462909772,-0.329671111460715,2.362740296986192,-1.9269899135547686,-1.5636339897809963
0.005317669227967193,-0.012261817125757154,0.003479084966415151,-0.007215860598613511,-0.3261428159385971,2.3303633899413145,-1.9149748062166096,-1.5457212369742204
0.0052898724390147275,-0.012250685320245503,0.003434498160086032,-0.007204070366139226,-0.32277052375929466,2.299054100036535,-1.9053308289729938,-1.52765114150915
0.005295949141578312,-0.01227363353173684,0.0034627752067098796,-0.0071812793524742595,-0.3228822875261146,2.3183559724703744,-1.8874616248673437,-1.5464448923574095
0.006616610767583719,-0.013844316909526241,0.0060665526740351925,-0.005340077746797713,-0.11538680598132944,3.7917857290009325,-0.11325137661792475,-2.682537131155651
0.006632730347671109,-0.013857416762013536,0.006089171726408902,-0.005316307092132959,-0.11129589384556669,3.79764119200539,-0.08865060152012505,-2.6856700376079563
0.006583953367755808,-0.013807229782232698,0.006024580769762022,-0.0054064491335502835,-0.12459372805026898,3.7911719527361227,-0.17551447634115236,-2.6814250282411902
0.006594092998054824,-0.013821960390428628,0.006036376537972715,-0.005380181045818948,-0.1214077824117841,3.7877844721103147,-0.15233985931645436,-2.6800764371591024
0.006596740184931518,-0.013842009685421392,0.006032248790669965,-0.005344468013211799,-0.11909733627773851,3.767330489632936,-0.1268532905180909,-2.67000851126704
0.006486877621591558,-0.013724834159294503,0.005881913781112511,-0.005548749931556594,-0.14929181924898408,3.745633709302203,-0.3238372517236141,-2.653928278891039
0.006499005807337199,-0.013738184401308246,0.005899113911740502,-0.0055259427007475935,-0.14560758028839152,3.7487934301623205,-0.3017947268764408,-2.6563987764495205
0.006505316718719716,-0.013755697157978626,0.005904256001764543,-0.005495195798404441,-0.14294271834623795,3.738898673539459,-0.27694335364511663,-2.652222218988625
0.0065205410844349,-0.013775447915506276,0.0059241495702559216,-0.005461019344923573,-0.1384193696225555,3.7387579930981274,-0.24558356342046947,-2.653126510763584
0.006562137696578621,-0.013805431389636117,0.005986399930801412,-0.005409271227869419,-0.12841043001624244,3.762866467156645,-0.188857416721837,-2.666807438504046
0.006539517475876152,-0.013794042866433112,0.005950747363873874,-0.0054288611023429354,-0.13356144312911614,3.7444986783543404,-0.21386540721666406,-2.65689690561744
0.006423917997272125,-0.013662460744765447,0.005787870849679858,-0.005652620739848072,-0.16577805240637808,3.717178835213403,-0.4283316851256105,-2.6342683506466575
0.006435553356197839,-0.013679025352812697,0.005804166082063934,-0.005624698299742294,-0.16211602089143215,3.718021003968965,-0.4026799231383098,-2.636101608424711
0.006438198041494639,-0.013702354806255515,0.005802231387618212,-0.005583544532269688,-0.1591237704112732,3.698764566997038,-0.37152743538067773,-2.6277757721728743
0.006460410163048411,-0.013724125526723079,0.005835026360712521,-0.005547426997229864,-0.15329277565365176,3.708443151100972,-0.33540128306676426,-2.634400999299855
0.00639828034092588,-0.01366547948639451,0.005741508331608427,-0.005643367457190519,-0.16914215361217985,3.6770600779235765,-0.432979426927667,-2.6133127709329744
0.006330065859558988,-0.01361406207926339,0.005632531834642618,-0.005721859520929763,-0.18448093024383747,3.624538281385003,-0.5198175218388053,-2.580397298531068
0.0063719799877502365,-0.013668140654222304,0.005694511354067947,-0.005634539940380239,-0.17256644085070252,3.637004270826658,-0.4379981656641376,-2.5922302866073164
0.006358149891896578,-0.01365050428781635,0.005674328441416886,-0.0056631701042056904,-0.17649265044252468,3.6331842918525603,-0.4648235672346828,-2.5886049781309084
0.006343475423087048,-0.013633289658062184,0.005652269829151064,-0.005690722464365112,-0.18044710536563383,3.6273389313137154,-0.49121784610873126,-2.583837075253778
0.005784387113157341,-0.012969840938820556,0.004629401689416144,-0.006576500725014081,-0.3048169406811094,3.10520577813958,-1.3580894229619263,-2.177797091285257
0.005772480904125573,-0.012952528453674799,0.0046031981619810486,-0.0065962587780977544,-0.3067917337667136,3.089054639779422,-1.3764161820731573,-2.1645404612450574
0.005784376497347836,-0.012995905316765392,0.004639894492287079,-0.0065350228553924744,-0.3012778763839859,3.1050425666236334,-1.3233555073564058,-2.1849147581571517
0.00576242930985029,-0.012911291416074593,0.00456896918144761,-0.006654851921089728,-0.31185503965237465,3.0736539491795747,-1.4268909398516205,-2.1446064450539066
0.005759530683424567,-0.012934958190339834,0.0045750654509734996,-0.00661549996472033,-0.3088585959969568,3.071255270221739,-1.3944099517256303,-2.150295731499497
0.005727862678463513,-0.012882428061039812,0.004500998232112592,-0.006676434475065997,-0.3143981024655713,3.0258097734155984,-1.4496276380365478,-2.111436455093248
0.005736921325052298,-0.012903081609098786,0.0045250028773862055,-0.0066503769406542745,-0.3121087676822783,3.0394990469298286,-1.4266737430225394,-2.1246325827019916
0.0056992714634132935,-0.012882104438107844,0.004456471596424362,-0.006657157431545983,-0.3133351945058979,2.989078661470484,-1.4372551998553649,-2.0925257565821287
0.005681406503674523,-0.012865633134375347,0.0044208856116404885,-0.006670119172868748,-0.3146598306745236,2.9646307379937293,-1.4502348694852072,-2.075068235146397
0.005664584454418361,-0.012844296482810968,0.004384366495033209,-0.006690911307197361,-0.31636575489488467,2.9407300409768315,-1.4694646537384823,-2.0563939908569604
0.005846242895430235,-0.013028097452311413,0.004751547613399868,-0.006521814008107907,-0.2975943577751115,3.1874586781164926,-1.3019741018261628,-2.236616769780042
0.005825282603482596,-0.013019504681557372,0.004714436005391431,-0.006522787601089758,-0.298625622466641,3.159257215962106,-1.3064711217293214,-2.219563675330956
0.005800956535798378,-0.013023923928972992,0.004677014037854266,-0.00650068525809959,-0.297783887786724,3.126235107615806,-1.2920764072851094,-2.2034567887490693
0.005852055888772398,-0.013050683371765646,0.00476896274415129,-0.006488614047277563,-0.29453945932182274,3.1937124507349073,-1.2731564921379912,-2.2458455899071157
0.005862718733859792,-0.013070111209108047,0.004792859207957343,-0.006463314843435027,-0.29176620626631444,3.2064384326021194,-1.2500928017309656,-2.257529755101141
0.005875390802649237,-0.013083111295407375,0.00481775839984991,-0.006449486030183735,-0.2897745653606406,3.222410021660033,-1.2361278051659663,-2.269232635461655
0.005880738717147448,-0.01309932226894332,0.004831525097553967,-0.006426014471972753,-0.2876431721977299,3.227614560651297,-1.215545308318687,-2.276020166775069
0.005893118941732382,-0.013116775888192126,0.004856997287946939,-0.006404380137498695,-0.28486928318173493,3.2420675611194207,-1.195103317365618,-2.287943462573051
0.00590086106772967,-0.013142341038420699,0.004876805017974718,-0.006366626949688543,-0.2813093170950079,3.2482232830761117,-1.162313777759459,-2.297263424938961
0.005910896713986803,-0.013168462751683617,0.004900007787031907,-0.006329039897891099,-0.27735326498276947,3.2567667180661215,-1.129244550275381,-2.3077999402908524
0.00592102324571964,-0.013195095324526382,0.004922941156213687,-0.006290460495016773,-0.2734697919455669,3.264564240848102,-1.095434665725781,-2.3178541990001977
0.005936745589391572,-0.013215722239371421,0.004953335905751776,-0.006264366627176179,-0.2699164724000038,3.280940393027143,-1.0706074550728581,-2.3310652407930585
0.0060225830867840745,-0.013290844885586555,0.005109516718595852,-0.00617956334387288,-0.25599208929983946,3.3773152994126407,-0.9804071213830702,-2.398267267399334
0.005941184948955018,-0.01324360422887267,0.004966127187743109,-0.006220507343958681,-0.2659635159178215,3.279171463972578,-1.0339406504842101,-2.335877838612214
0.005962658075798379,-0.013258912967173186,0.005004373273312219,-0.006205415904009245,-0.26290650637068186,3.3040428554541927,-1.0165014106262542,-2.3523862363573227
0.005976231325086043,-0.013276947184054394,0.005029834815754857,-0.006181788953260023,-0.2600163094643659,3.316857717113573,-0.9941829885081698,-2.3628679653615348
0.0059952466407689215,-0.013292081608956691,0.005063757455511668,-0.006165197630870675,-0.25711051464153856,3.33804040889918,-0.9760378241536388,-2.3772599963281578
0.006292742085575058,-0.013594259601041674,0.005570669087207711,-0.005748561505432556,-0.19150146907877139,3.5872406111818607,-0.5546672244787532,-2.55826647311175
0.006303027844894932,-0.01361724391622079,0.005584683769485413,-0.005710746786198314,-0.18738340599766312,3.5832976972195856,-0.5224707921497008,-2.558592543641119
0.006171669661144474,-0.013457597004248518,0.005373243396621363,-0.005952521894945509,-0.22211093011669145,3.5091980384350383,-0.7548898928695941,-2.4983061348086797
0.0061891035951427455,-0.013472032360504529,0.0054029048643061415,-0.005933169127368001,-0.21847629125716791,3.525452697604598,-0.73389572818739,-2.509228849672034
0.006198325228662051,-0.013507899976964041,0.005416801825010275,-0.0058739549878109995,-0.21286941241475232,3.5153242036178747,-0.6848769097007271,-2.508825021730502
0.0061849581201998795,-0.013491711730757716,0.00539476306244817,-0.005897853632705149,-0.21626237669647463,3.5068355278200136,-0.7079124939354229,-2.5019884840508375
0.006261870473463381,-0.013588213970181905,0.005517982205859816,-0.005751997206731932,-0.19583016245603566,3.5481575627545245,-0.5692648530839853,-2.5365066193926395
0.006249280868599372,-0.013564329620035325,0.005499411112771083,-0.0057902778973983405,-0.20001302818481506,3.548262264715931,-0.6027351805246176,-2.533817361950465
0.006231777861521174,-0.013549372668835442,0.005470862246232995,-0.0058116729025892285,-0.20414910888884144,3.5343367445090164,-0.6253793066751134,-2.5244773701439915
0.0062147973195954935,-0.013528220818058212,0.005443619817036122,-0.0058436011167909046,-0.20839965692019588,3.525080144390978,-0.6557990519238582,-2.5168014128373777
0.006064311357074102,-0.013316868123805085,0.005183444689568614,-0.0061537226686033545,-0.25002841604627823,3.4269110623877252,-0.9480900999613272,-2.4299566433993576
0.00608240221141089,-0.013331414381884303,0.00521579394781515,-0.0061364986810164834,-0.2465963009934196,3.4468035208962857,-0.9290124922511421,-2.4433912573247825
0.006084879462309621,-0.013354730901915985,0.00522184113443866,-0.006097582194473012,-0.2432492163305621,3.4395423447123927,-0.8969576277341299,-2.443740532342371
0.006097680507108186,-0.013377976615286122,0.005245123455292683,-0.0060629014578277305,-0.2390697216075738,3.446650877127425,-0.8654973393272799,-2.4516497656201435
0.006155418239016321,-0.013441073243631285,0.005345517215908439,-0.005975597193164792,-0.2257505256640692,3.4955708005063855,-0.7783677871257176,-2.4884099907942816
0.0061379621313828675,-0.013419608303280444,0.0053154671426986055,-0.006006482902978013,-0.23014400162991105,3.482714576361691,-0.8082668118541941,-2.4780764063449205
0.006112868238363704,-0.013400990093348993,0.005272027841847406,-0.006029293504636587,-0.23469032943201482,3.456682983968689,-0.8341865834328797,-2.460950754219176
0.006036507514439381,-0.013318891191191824,0.0051364085998201435,-0.006138306535764727,-0.2512636467481104,3.3859497666427507,-0.943345763028565,-2.408270547261542
-0.004633000606096035,-0.009471471031919868,7.632987579165141E-4,-0.007836694103838235,0.23602032728078687,-0.5548119634528961,2.2016266855174127,1.1816411938801663
-0.004629527553156125,-0.009423316226590666,8.3005616431386E-4,-0.00781849215619201,0.24363787555782315,-0.5987681858948436,2.1827928618066115,1.2253461375754673
-0.004603994720170032,-0.00939610386211962,8.598558903635808E-4,-0.007782487372855458,0.24140629917945106,-0.6215610055882876,2.1532894759222234,1.237474552029036
-0.004641767407419986,-0.009149814718352753,0.0012112080099444854,-0.007726376946587366,0.2887003693804067,-0.8434134859399991,2.08189090036871,1.4805838796096746
-0.004643051668940468,-0.009105331876425059,0.001271408020507234,-0.007706985876512096,0.29441600093365206,-0.8816449908869356,2.061862870823949,1.5197811984315701
-0.004603561161324724,-0.00935451027181832,9.171175934977391E-4,-0.007768066964641207,0.2482326234562928,-0.6589135856560352,2.1379048764839754,1.2755485140199971
-0.004606171506059235,-0.009302940893840934,9.887832685367979E-4,-0.007752253859130149,0.2566512857025771,-0.7049489668808483,2.1201939924794497,1.3237886809641457
-0.004626063620959405,-0.009254981099438488,0.0010619182550601304,-0.007754768066850891,0.26982121209008003,-0.7495988290674784,2.116064734576143,1.3781481940131712
-0.004611595744701631,-0.009197087518169856,0.0011343161524900813,-0.0077155412198658185,0.2735042947798001,-0.7979696011366186,2.0803156328132046,1.4208008238307872
-0.004637419521901415,-0.009038532517297936,0.0013569310253074623,-0.0076681085495831705,0.29995378833005115,-0.9366508796551738,2.0246252187307263,1.5724424052683863
-0.004727360086676569,-0.0099938778851108,9.00446044473672E-6,-0.008018086802385574,0.13978436901496405,-0.04677347732966325,2.385538890771298,0.6951744828797914
-0.004707172075941522,-0.009726508948870364,4.0916280961298985E-4,-0.007974391137173518,0.20214055197684136,-0.3121362508840652,2.3294317765748622,0.963678166389288
-0.0046971098102764255,-0.0096852116149732,4.687869644928959E-4,-0.007956449412040554,0.20900558593884186,-0.3527280661922539,2.312219663378499,1.001386572554804
-0.0046801734536474505,-0.009650836380234496,5.162756998191628E-4,-0.007931381946853472,0.21241213782496646,-0.3863031469910161,2.290346906220312,1.0285848503286268
-0.004615273211473938,-0.00953117660884265,6.740565201915361E-4,-0.007833745107509399,0.22014635699367194,-0.49870127687039506,2.206081985260305,1.1159540409622324
-0.004661165887527107,-0.009619097561906318,5.587266758863265E-4,-0.007904075973380914,0.21443241335082633,-0.4167694209732367,2.2670678977354135,1.0516396977163411
-0.004635734447758929,-0.009580872076273932,6.082559492240359E-4,-0.00786792622526128,0.21588289423685716,-0.4527363268073396,2.2365583262709507,1.077547496143563
-0.004726410767659149,-0.009924757035840101,1.13495077558469E-4,-0.008015350681236157,0.15763643501216182,-0.11551078476316833,2.3775674138934573,0.7668021392256525
-0.004724336382106368,-0.009963011264717034,5.563188021120144E-5,-0.008014280856891971,0.1472677421889886,-0.0777947278654193,2.3801318817256223,0.7263388277448927
-0.0046926280684814045,-0.009903518491370342,1.4372332709396019E-4,-0.007976573127698082,0.1560280635626006,-0.13956097305512236,2.347612451335641,0.7768837437573733
-0.0046966856764361145,-0.009768364908446674,3.454180988881647E-4,-0.007968625733942773,0.18986528215688014,-0.27167838216585644,2.3292321115058883,0.9167105990493435
-0.0047004122519689875,-0.00981266391440539,2.799021752590805E-4,-0.007977971193930572,0.18005357429299737,-0.22819137903151,2.340257305339589,0.8729682076889286
-0.004695106382922944,-0.009861018097602129,2.0728477848724227E-4,-0.007976506253907174,0.16713287461880055,-0.18117821542528956,2.3436762953274743,0.8214763571031982
-0.004784212631654371,-0.010326806766162433,-5.02902985944959E-4,-0.008052904486081217,0.056002272730856395,0.29489593357481386,2.436875784145212,0.3613903248151531
-0.004768183836327559,-0.010359864613124829,-5.500974111661594E-4,-0.008028540658562374,0.04477403159982564,0.3249139524353879,2.422180804500645,0.32282479094880184
-0.004765290512701056,-0.010300768103248995,-4.5997812822522486E-4,-0.008036072179900532,0.06116387122538052,0.2652800132079239,2.423062109673921,0.38422172343964883
-0.004747177898558495,-0.010277838351736136,-4.223578156974269E-4,-0.008019363205460548,0.06534162615700553,0.239129498083755,2.4094773980915485,0.40379724193696626
-0.0047459738228963835,-0.010248981553189443,-3.78564535206507E-4,-0.008022192567159789,0.07324926243843732,0.21011240267440004,2.409283525870325,0.433742592663737
-0.00474559371864949,-0.010214567895237123,-3.2641385560224363E-4,-0.008026141605589348,0.08270885827216355,0.1757279017431471,2.409412393412047,0.4696870931483868
-0.004751837497040213,-0.010178345817148776,-2.721080848401371E-4,-0.008037066742122512,0.09377617258623162,0.14055939604888135,2.4143118354559703,0.5093717357290543
-0.004726946697606175,-0.010157483264888096,-2.3822331092871826E-4,-0.008011028061341512,0.09569541884215703,0.11592643296013339,2.394089008114156,0.5243099011386749
-0.004721430228235898,-0.010124119494403764,-1.875027046191173E-4,-0.00800740696020807,0.10390426586736949,0.08191079042231884,2.388779224425885,0.5575693050888182
-0.0047146242818522826,-0.01008378795580024,-1.2640547211362828E-4,-0.008002049196227705,0.11357291580747468,0.04094070412924467,2.3816153547402465,0.5975582440489015
-0.004716633918469545,-0.01003056256650659,-4.632258207112748E-5,-0.008005885628300452,0.1280309292212571,-0.011581886472922328,2.3799378218566893,0.6534968902138979
-0.0047900747214875295,-0.010574292737691695,-8.781800030680584E-4,-0.007997631418141847,-0.013586050789845249,0.5432968585081058,2.4157785092138684,0.1029318991096951
-0.00478118838918405,-0.010533015094446815,-8.138377898503652E-4,-0.008000343310848588,-0.0028092159085150135,0.5002284253219685,2.4148313862660165,0.14430910244817638
-0.004739577013378585,-0.010386905413269783,-5.848670577246071E-4,-0.00799091769379646,0.034311444081771954,0.34624858557984434,2.3975567688607904,0.2880681938110247
-0.004746370454437771,-0.010421888702898686,-6.386330170788713E-4,-0.007990715215156584,0.025291580683864726,0.3823390788814045,2.3999977063125013,0.2531081472069707
-0.004762811107630988,-0.010494457469357512,-7.510666190832096E-4,-0.007990739522796345,0.006682611449796255,0.4578564810103794,2.4052959086404644,0.18091272827576466
-0.004755144804135712,-0.010457321065555022,-6.936546030604248E-4,-0.007991929167536061,0.016297410689321116,0.4193381980870213,2.4034502129569053,0.21804238774947327
-0.004598962465073912,-0.008050171834160605,0.0024323978300308147,-0.006920971325705663,0.30648447465330725,-1.5445059621247068,1.3684837999302173,2.1292888643768904
-0.004615256246908136,-0.008121109312608357,0.0023818723406708285,-0.006997027690527839,0.31489074232275666,-1.5220393809607944,1.4258327083272162,2.118244260194421
-0.004606534031348247,-0.008268295785883492,0.0022320543511545267,-0.0071150479163793875,0.3178923382393973,-1.4477847551741527,1.5260198698491927,2.0493355056238056
-0.0045881855652509275,-0.00819186043557622,0.0022915677689623773,-0.007035346074150336,0.3103240710769701,-1.4772241151152181,1.4638985139119483,2.0668683263557828
-0.004588558077576762,-0.009000557835667892,0.0013808415387800068,-0.0075983078345459535,0.2895502085134891,-0.9570075289953875,1.969404288754421,1.570612018520258
-0.004581567518369192,-0.008960912855180499,0.0014273869035849997,-0.007570191068642264,0.2904242994848437,-0.9865935042988717,1.9439348696600494,1.5970423952102273
-0.004599058172577611,-0.008385736939741102,0.002105897627427977,-0.007203142740833308,0.31794905127413564,-1.3820222948488092,1.6030115358317316,1.986192371151026
-0.0045617312347544375,-0.008320727431546061,0.00214307292618611,-0.007118732368945277,0.3072711672877851,-1.401222180784641,1.5398321998435698,1.986883780137294
-0.004565410854474296,-0.008435911542503617,0.002027148899386496,-0.007211659589176157,0.30841950962676823,-1.3395906307616967,1.6186429899803088,1.9318258513724633
-0.004552484405958727,-0.008569610542652976,0.0018730306890173043,-0.007297664676335247,0.304021357512742,-1.254275133635488,1.697721412749025,1.8457460833375159
-0.004568299899137436,-0.00850068314009035,0.001959962348000686,-0.007262641486334462,0.30961390067615,-1.3027709883129932,1.6626671048817288,1.8985594482422916
-0.0045521511573436025,-0.008931921348004052,0.0014475456595875323,-0.007524964369391334,0.2852548327524991,-1.0014500658111443,1.9081875371846944,1.5989731466178898
-0.004540587370940953,-0.00864265634088112,0.0017832054885311718,-0.007336868045619932,0.2988190135971229,-1.2033316691912335,1.7358433566124667,1.79181928045151
-0.004547853072443412,-0.008874320005148914,0.001515805201864529,-0.00748841019727945,0.2883152986716567,-1.0439354039635207,1.8742770130271362,1.6391198560571698
-0.004555099324518835,-0.0087961795676837,0.0016141724130975363,-0.007449219851656633,0.2953764468520123,-1.102935839424388,1.835587094846389,1.7003565335849427
-0.004538332057494616,-0.008716995530580342,0.0016967379678936335,-0.007383569044818554,0.295125759843002,-1.1530228415751482,1.7789922603618056,1.7422113407114892
0.004642346938413764,-0.007959777164396121,-0.0025517189673240764,-0.006873287790775234,0.31203370009648573,-1.601127687988402,-1.319950024795798,2.196464029395625
0.0046035335335599305,-0.007821842172311187,-0.0026298765370276517,-0.006714013158531497,0.29290765323162454,-1.628348413490188,-1.2081655192668637,2.1978041878846066
0.004589648610181209,-0.007894290810955598,-0.002558114550184487,-0.006771746850568844,0.2954269681296158,-1.5982485755120521,-1.2546244723334887,2.168069631634579
0.004693386008464083,-0.0061043527207444714,-0.0034998681801196307,-0.004967832211315405,0.13638434313309108,-1.72332465720571,-0.2574759554004557,2.142016177754945
0.004661483640195194,-0.0062709186223790766,-0.0034337566079837936,-0.005134367524314508,0.14913389477646263,-1.7336324457189625,-0.32455946926086826,2.1636340243340726
0.004687377975335189,-0.007042198124593107,-0.003204693945111871,-0.005968106876980274,0.22964167116349174,-1.7905049487176508,-0.7031855996309697,2.3097841078112418
0.004652011192330754,-0.006923356633308651,-0.0032194147076013598,-0.005824080983390031,0.21306016590212787,-1.774478192186692,-0.6346431073910458,2.2711216281520863
0.004663361957200587,-0.006419722709312408,-0.0034003427115990724,-0.005291940445203752,0.16308785259054015,-1.7501958926082708,-0.38546257923700633,2.1955433687913857
0.004685399513558615,-0.006538138994290846,-0.003391519026408672,-0.00542547575642974,0.17523460808343488,-1.7697445296827161,-0.4360605672418069,2.2323540088442297
0.004632576752065588,-0.006784325239302209,-0.003253767002500158,-0.005667832012008218,0.19660574437211945,-1.7631284933341893,-0.5603638414803404,2.2402007116049343
0.00463426387629159,-0.0066480445006786935,-0.0033031878360082166,-0.005523976192322356,0.1832569047271273,-1.757194646878547,-0.49180778640949585,2.2200057426687754
0.004642141699400328,-0.007583687297867571,-0.002844729800041378,-0.0065078799315471175,0.2804145686305768,-1.7091234057986393,-1.0510782820922009,2.2715704736138
0.004609011103869229,-0.007489852161767817,-0.002874141059562329,-0.006391663601677487,0.26553027806987467,-1.7099536041809962,-0.9807970991607572,2.252194129920578
0.004652558925692124,-0.00732989816016364,-0.0030171424864929033,-0.00625404096987277,0.2561395583334653,-1.7549884644167932,-0.8811648474253676,2.2953023499803638
0.004628703644305195,-0.007224098509565995,-0.0030512607386256646,-0.006130068721467819,0.24186967089073833,-1.7532643899824432,-0.811452616320021,2.275009613266486
0.004623301569087471,-0.007122438942418316,-0.003098145905484221,-0.0060206924596358565,0.23035316625780694,-1.7568041234115377,-0.7489225992613354,2.2665678087508923
0.00457369530561706,-0.007389961360189586,-0.002900708229280655,-0.006269063030177707,0.25067395563789446,-1.7078115665539457,-0.9101582104007907,2.2297987386531695
0.004538497873418905,-0.0077409594666595985,-0.0026304163429843783,-0.0065907394849390065,0.27419215764551114,-1.6192939159383515,-1.1339190969085509,2.1593242294797226
0.00458195119596855,-0.0076558853177825445,-0.0027342968563201548,-0.006538821300552133,0.2756584821425985,-1.6621802723292907,-1.0873463781866644,2.2102805568796438
0.0045855288708830134,-0.008739948696773449,-0.001700069471972237,-0.007443626114709557,0.3072438822237404,-1.1522118006527515,-1.8226141851018511,1.7619333371908221
0.004582866018652465,-0.008664394143443168,-0.0017867822747070254,-0.007391449712836575,0.309356285181499,-1.2035272866867202,-1.7750600367949514,1.810416722866481
0.0046271408337712535,-0.00841185567123362,-0.0021002397928915587,-0.007249003005106255,0.32576482448025773,-1.3787496046441763,-1.63605871968157,1.9962163730356315
0.004604658359202859,-0.008474046670884064,-0.002015922256842665,-0.0072761675617040575,0.3193706342398794,-1.3332425460984656,-1.6655002487814456,1.9434756258545465
0.004573964502762488,-0.008537135002357648,-0.001924218204828343,-0.007294338536227859,0.3103189397513022,-1.2826230820893878,-1.6893517983249964,1.88206210840924
0.0045423851177717415,-0.008591935517528411,-0.001841257466856952,-0.007303864055987979,0.30089516517305825,-1.2365637821041873,-1.705606074426244,1.824519265940425
0.004585096744672743,-0.008346377459608288,-0.0021356507590445002,-0.007159629073648448,0.31378952658249565,-1.3977439069313708,-1.5689807249134686,1.9942587671118088
0.004545731608274003,-0.008117242747988342,-0.0023251799372939713,-0.0069366820912679225,0.297069008249856,-1.4917699947906737,-1.3933837599445085,2.05982545491548
0.004588150645969244,-0.008041808651566767,-0.002430267195679818,-0.006904822455352694,0.3035322024103518,-1.5426210521667552,-1.3582204114464551,2.122434222023301
0.004545865510407313,-0.008271919667168578,-0.0021788101408026055,-0.007065862959463859,0.30193285101028583,-1.419819741064744,-1.4990293852223562,1.9966686396211777
0.004501798091078141,-0.008194318477342434,-0.002217057018169408,-0.006965696887733343,0.28956464650569197,-1.4374647705311363,-1.4268175953706146,1.9932285647995667
-0.004552431161974245,-0.007961390803270038,0.002468061947408257,-0.006804759139253818,0.29166905180905167,-1.5561699900620238,1.2888820323803198,2.117297963522265
-0.004505039682313691,-0.007866474695831937,0.0025028044726298545,-0.006683437900140963,0.2760353263083555,-1.5662048660289274,1.2086444139337598,2.104003782865291
-0.004511461750013709,-0.007693240380707082,0.002639685260493532,-0.006526970419188863,0.2655643718698743,-1.6186401242561017,1.095150578990421,2.1460907592028016
-0.004456261744278097,-0.007768737401225648,0.002533197170982956,-0.006559732745016359,0.2604129566281079,-1.572421802923192,1.1298915322705716,2.087508382155058
-0.004471745259970235,-0.007610806661356736,0.0026595617803454145,-0.00642264633219602,0.2532953938859169,-1.618667907363161,1.032871904772146,2.127710147632358
-0.004595436245190793,-0.007106889500861624,0.0030765739475016565,-0.005990235619155348,0.22626331749963782,-1.7443488140315055,0.7388663216722432,2.24524210375824
-0.004605098591717677,-0.007343359012492963,0.002960185893439968,-0.006240153507461926,0.2508888051287203,-1.7291564730079025,0.8844631624410535,2.2561005654253887
-0.004583844645380933,-0.007221116757472884,0.003006407621352231,-0.006102464049024542,0.23603555302638754,-1.7315213019433446,0.8061629548200043,2.240356869672612
-0.004491329574551305,-0.007521700826452183,0.002737234524474922,-0.0063495956683829865,0.24959019085486175,-1.6463945517069565,0.980336897580948,2.1545432264762554
-0.00449595292012249,-0.0074051535722817925,0.0028139606471711473,-0.006238460023085237,0.24024760005383075,-1.6680396521464622,0.9085499716136073,2.168201750023343
-0.004516287293235145,-0.005683233863946468,0.00337862013440416,-0.004506009231653359,0.10350210512706204,-1.6164283983700152,0.15549325477596002,1.974209072154277
-0.004503141003670456,-0.0059058451045859274,0.003337633546013227,-0.004723303070691284,0.11721689762561209,-1.6408282510409593,0.21967915485437886,2.014072322650133
-0.004498884841949198,-0.00609481914759304,0.0033021606888460077,-0.004911166910618547,0.1305269087108191,-1.6604616696103165,0.28036573005053694,2.0487323166971483
-0.004586546274773869,-0.0066471407406609225,0.0032531030399125284,-0.005504906804821789,0.1799399217583695,-1.737394094713146,0.49506381676466965,2.190550438691045
-0.004541286781104014,-0.006489430089128126,0.0032540849607597708,-0.005325037884675158,0.16284120399119265,-1.7101323282455525,0.42670351226176834,2.139352004110808
-0.004488108366042131,-0.006299413291591927,0.003248515349386701,-0.005114604116281876,0.14508450224890426,-1.676452080189762,0.35487150137560214,2.079759675195429
-0.004538154188027167,-0.006887283412075873,0.003115045507202568,-0.005735209774702495,0.19861547517689881,-1.7232940034888167,0.6158986087278224,2.1887503153709447
-0.004480634695013431,-0.007020432756631918,0.002999295320164959,-0.005845370088525307,0.20549740723650836,-1.6960172999182797,0.6847386694490191,2.159454540679906
-0.004472972173171873,-0.006754082941960872,0.003099147023561786,-0.00557149692762924,0.18157009636824564,-1.6952494026229206,0.5500895891863714,2.1344097930639556
-0.004672894650522378,-0.004986683257296408,0.0035647182385406735,-0.0038522885880703833,0.06905153140231042,-1.5476761382225634,-0.014085590207149125,1.8685519488435978
-0.004570559979714633,-0.004786963140972797,0.00346956234522284,-0.0036623039571236993,0.06369009033548695,-1.5030620191413555,-0.024802755017475635,1.804282906774881
-0.004563541819912441,-0.005196727805724296,0.003457419740346253,-0.004042850514559103,0.07902435300192007,-1.5601314522196086,0.04060417538362022,1.8866691372084876
-0.004529587239217536,-0.005440287134363675,0.0034126076766887088,-0.004271832394109194,0.09033632448654859,-1.5870957984276555,0.09509633066129153,1.9280937696949774
-0.004333436805124698,-0.005534713127274854,0.0032181103121897976,-0.004335441254989754,0.0941177526032272,-1.5565067159000137,0.14394390679139704,1.8855000200155914
0.004965056612742148,-0.0014222895071441467,-0.003574463881731682,-9.727877455445306E-4,0.027299431985933393,-1.1647746538489399,0.10488812750700259,1.336696660319541
0.0048394510373250405,-0.0018731695076820679,-0.003512209149497436,-0.001299601833840824,0.028867176114802863,-1.197520108335675,0.12152460844580551,1.38088856937783
0.004684137913516537,-9.93217274356194E-4,-0.003359940399217091,-6.84989844997324E-4,0.02977769528383804,-1.1633753782034912,0.06265516747603217,1.3338303484305347
0.004478881806580786,-4.1088811073910423E-4,-0.003204648969751957,-2.847924733660181E-4,0.03216376467402032,-1.1607066251976021,0.022963012425310157,1.331436116499946
0.00529890779673237,-0.003075965773903605,-0.003964850056937746,-0.0021646400156220768,0.024040774824230147,-1.298874731430561,0.23279942591719927,1.521640137423379
0.005142985137221438,-0.002678061879729238,-0.00380103139224346,-0.0018714047348474879,0.025366823230478574,-1.2553341659111643,0.19280473847852722,1.4598607194398054
0.0049650953507750974,-0.002257260681149554,-0.0036308810134412935,-0.0015711620041712938,0.027858036045171706,-1.2210843288689694,0.15239777557532938,1.4135653786459519
0.005219477643735375,-0.003640921920490897,-0.003966182960040392,-0.002633002996388972,0.028199102094821207,-1.3803008298102206,0.22657747700736283,1.6334150551224897
0.00511323434065996,-0.003907698732192207,-0.003904071781295915,-0.0028689789164047974,0.0331628515526169,-1.4185633216969087,0.19942323156737182,1.6866628076897074
0.005059892299223567,-0.0033717693756572177,-0.003805427621516462,-0.0024236375421206285,0.029479251241497816,-1.339043105135097,0.19571278119492175,1.57541556623732
0.00486310102208385,-0.00561144203469569,-0.0037340932990850987,-0.004485663952353909,0.10000252463890823,-1.6928099394069025,-0.07338366260410158,2.085112850864435
0.004666123251186308,-0.005898110516286653,-0.003503175479428092,-0.0047481401959674875,0.1191835793720001,-1.6861261758677024,-0.19315873997462008,2.080510648053613
0.004658470597553236,-0.005695615882808766,-0.0035185530281919993,-0.004541181306252394,0.10514778407712765,-1.6544922320421758,-0.1358980879941272,2.029701514914443
0.004856651653563924,-0.005148058364264656,-0.0037409523767219966,-0.004018055603189004,0.07354895603906374,-1.6072918006784642,0.024730689982744202,1.9556058513067682
0.004830503379020344,-0.005356142702032209,-0.003712112986515814,-0.004222111909108344,0.08416037780898439,-1.6388422538053546,-0.02089467038474205,2.0028166515715213
0.004893638070000557,-0.004925415946782068,-0.003773799658077602,-0.0038036852549024392,0.06344915009962526,-1.5726279677787618,0.06801582767427915,1.9054274886257365
0.004730577450709154,-0.005015271168386573,-0.0036192058799834692,-0.0038825148467650492,0.069240914160659,-1.5614150399776203,0.02130008208043672,1.8885349475743731
0.004935366244173507,-0.004712943728716861,-0.0038057032517555887,-0.00360239939400621,0.05442305325241853,-1.5408717599209092,0.10508561398927833,1.8585561409705564
0.004975028529114554,-0.004456177553957333,-0.0038277635044612723,-0.0033637086932787456,0.04713490624064392,-1.499991642182838,0.13911883853562815,1.8012587855388758
0.005018804038440975,-0.0041779128894974095,-0.0038461573322429083,-0.0031112680827515837,0.03949857574372698,-1.4575921892297263,0.16836856570619954,1.739885163212594
0.0037590832268126284,-4.635118111268425E-5,-0.0026977486321884637,-3.2754738848446954E-5,0.03680941269214571,-1.1862665377631398,0.0015651624473927653,1.3651724626050685
0.002357116244847304,7.023771287685044E-4,-0.0016971763286254414,5.051014999040183E-4,0.04516894348230228,-1.2083707770373697,-0.005105681159709367,1.395687318561514
0.0029560389424105465,1.6839878971233515E-4,-0.0021258031014747755,1.2061928256186246E-4,0.04219612033104803,-1.2020376978398823,-0.0027208909557716403,1.3869763158630068
8.930019752060325E-4,0.0011447059598554033,-6.428648552189134E-4,8.240401936216135E-4,0.04961281143495459,-1.2093034746154998,1.7863205095766053E-4,1.3970746675358834
0.001511319037458072,3.462167899930078E-4,-0.0010876200657086521,2.4918175687441336E-4,0.0480408733175398,-1.208670538846155,-6.88893882796992E-4,1.3962799598666216
0.004598431744026996,-0.009225347317793084,-0.0010908482593012516,-0.007713612986272257,0.26613203477478625,-0.7715213581671575,-2.08247203941292,1.388133222384387
0.004591483759038131,-0.009169286240401293,-0.0011626943198816278,-0.007682485559516076,0.2713833062192253,-0.8183827311716749,-2.0527409632973552,1.4325891235197394
0.004663904621444252,-0.009768458127796495,-3.41048959332998E-4,-0.007932368821236116,0.18227777976790294,-0.27324254882132476,-2.3027770148327975,0.9036160798828698
0.004647735680105839,-0.009722567925426636,-4.0586049925656195E-4,-0.00790813675217788,0.1888670871880155,-0.3179728005303279,-2.280538976888449,0.9430482109948038
0.004635044316856146,-0.009677043698441983,-4.6977622167632203E-4,-0.007886724255038733,0.19568407190605225,-0.3616918965272075,-2.2602962920006724,0.9828782949252102
0.004632447633355445,-0.009411552679103746,-8.474988138747241E-4,-0.007817912993444427,0.24642992107089753,-0.6098413228451899,-2.181093038732925,1.2380034448143113
0.004626148105275714,-0.009327345055888158,-9.62582279237968E-4,-0.0077824607588680645,0.2588243668309384,-0.6854504979263331,-2.145161061581294,1.3127118263338902
0.00460791084524984,-0.009280696584591715,-0.0010197635696297391,-0.007745663542602779,0.26062009268140024,-0.7247236955587385,-2.11265862483249,1.3446789968154083
0.004606179660825059,-0.009367229687381039,-9.00522519126485E-4,-0.007775200394721784,0.24658251917619706,-0.6476731483102918,-2.144676991230523,1.2652445537366674
0.004604758000486624,-0.009631098171372525,-5.298906672784714E-4,-0.007845156073656117,0.19833119260829177,-0.40500507046237005,-2.22512505570481,1.014683157478392
0.004579671076665259,-0.009584630642085642,-5.902258700501524E-4,-0.007808303466022207,0.2013506558150279,-0.4477853105154846,-2.1932082752063295,1.0481257964596102
0.004563553893751266,-0.009534068547958978,-6.569615632182878E-4,-0.007779116060515516,0.20707490604649123,-0.4935161993860236,-2.1663980582590594,1.0884875450276594
0.004597174991876325,-0.009456930340337621,-7.732901011465402E-4,-0.007794006325759343,0.22932030476539308,-0.5658373655487611,-2.1687090652105288,1.1772551082661284
0.004561349105772706,-0.009490997474744352,-7.159846702532699E-4,-0.0077655176187312065,0.21422617458558482,-0.5324581310064376,-2.151747095648308,1.12767751485459
0.004654688803184679,-0.009818664957551217,-2.6629842553159595E-4,-0.007927972421078096,0.16855048888937774,-0.22500616392278672,-2.3043715505270623,0.8493263965132006
0.004618853460435091,-0.009791113173868144,-3.0256038599511657E-4,-0.007885755950180094,0.16728646881705764,-0.2531137194283793,-2.2708483774160104,0.8631092127910963
0.004680155829265408,-0.009891358918023443,-1.6109867885779423E-4,-0.007962017939626974,0.1565151964814451,-0.15248695956217592,-2.335928154338543,0.7848830101429051
0.004675012757145358,-0.009926394976303127,-1.088487772007039E-4,-0.00795814230751699,0.14684329382205807,-0.11858829684935586,-2.3362769097433023,0.7472123966372876
0.004644455135568702,-0.009861700601330856,-2.023295671534906E-4,-0.00792056172245055,0.15635937119375043,-0.18387836133840216,-2.303011793013226,0.8020190403034034
0.004702171077212765,-0.010025711964392807,3.8839092082756844E-5,-0.007989793977522591,0.12680219349010405,-0.018037632161335734,-2.367913111978872,0.653898041574354
0.004650828962689449,-0.009953910110353655,-6.737835203934801E-5,-0.007932400154988783,0.1355260807936607,-0.09374021081208038,-2.3200730530926887,0.7107732075247442
0.0046733039898742825,-0.00999011470515762,-1.4310051508401821E-5,-0.007957826992836954,0.13062074746448982,-0.056267382720935295,-2.3417453844956047,0.6813108459687524
0.004748796786880991,-0.010122178914817778,1.8639703155223956E-4,-0.00803825230048128,0.10893794627464304,0.08397371794161416,-2.410699356383643,0.5674885006484152
0.004728671188611225,-0.010088974613476274,1.3485828455482191E-4,-0.008017532656434082,0.1145471896009099,0.048040051220998775,-2.393180363330206,0.5963299949155906
0.00469272484857759,-0.010067689153408948,1.0139312303944339E-4,-0.007978273937792392,0.1141651838073628,0.022326842821506886,-2.3631857854698874,0.607507890350317
0.004745101184617853,-0.010266859146648113,4.054658924988861E-4,-0.00801868038465031,0.06820880968620512,0.22784984144834694,-2.408148124858712,0.4147230390446574
0.004730528564189376,-0.010231542126822328,3.502151955701508E-4,-0.008007178871927069,0.07611622885767248,0.19022106465395994,-2.3972172844992703,0.44789098919588005
0.004727504546696789,-0.010192686643046138,2.9134030015309055E-4,-0.008008294602585323,0.086276126929003,0.15114069219669046,-2.394948458923363,0.48759711199420164
0.004721687926239951,-0.010152341214582446,2.3003367696699753E-4,-0.00800557462453238,0.0964541495796566,0.11017029150369255,-2.3897736072732236,0.5280680539907134
0.004814921062707857,-0.010737942401760053,0.0011294680543643945,-0.007965792446008662,-0.05723456867925671,0.7117136840896352,-2.404508254043414,-0.06308349337828832
0.0048098314895349895,-0.010777372309739264,0.0011849481636252107,-0.007943547619998924,-0.06763176776008283,0.7491830649123559,-2.3913560754794108,-0.1045580303509414
0.004776432016598971,-0.010404393407712232,6.192074156534407E-4,-0.00802839916571726,0.03301768653809838,0.37104768864481225,-2.4253654458743745,0.27792420991860417
0.004744669682488577,-0.010428926917644882,6.487317843788352E-4,-0.007987162411975763,0.023354377882026076,0.38904738484041207,-2.3979857163023506,0.24537254458171875
0.004749377175544319,-0.010361630950879056,5.490167003080914E-4,-0.008007075131783836,0.0423809721054791,0.3230930290095982,-2.4071479004765166,0.31658979515996893
0.004719140708111002,-0.01029964573387071,4.5066947031143856E-4,-0.007984560749423887,0.05601669433587957,0.25595285027795106,-2.386423505959075,0.3740363766414268
0.004718850170189305,-0.010335978112815808,5.047917366652495E-4,-0.007977918617472777,0.04615405187725567,0.2918388366367412,-2.384447831027463,0.3362753438287204
0.004797208981649517,-0.010610200032189253,9.3399707241759E-4,-0.007993817017640405,-0.02315755623159821,0.5806874709831386,-2.4155891968421215,0.06675515515294962
0.004792559091741152,-0.010648659962542276,9.89380947865261E-4,-0.007975189672265693,-0.0339320362287689,0.6176619227745775,-2.4050636737799462,0.025961262121639798
0.0047979492896712715,-0.010681856841888807,0.0010403283573039686,-0.00796896162856038,-0.04259156840624034,0.6518316497988338,-2.4029140491610512,-0.007571830550745099
0.004783634065134813,-0.010712990856033063,0.001080407976893223,-0.007941026202508203,-0.051244214129449815,0.6788294292962895,-2.3852093616200993,-0.04198305218001541
0.004752654046647756,-0.010526466894775006,7.957452590378366E-4,-0.007970397155671284,-0.002836796089840895,0.48730655578491866,-2.3931734104443003,0.14567326275025969
0.0047671116320649985,-0.01055987929203132,8.495440573559682E-4,-0.00797648566417268,-0.010919739464984297,0.5236946905184319,-2.399814109738991,0.11367804430138388
0.004762134920048647,-0.010591472171021224,8.946171056887509E-4,-0.007960911315547999,-0.019831227957624622,0.5537360490424447,-2.3909900491903335,0.08004267921761439
0.004734405142797641,-0.010456031105897542,6.865251552957592E-4,-0.007969139070100372,0.014979178164026176,0.4137240224869739,-2.387190963763269,0.2150958176367259
0.004716250067556352,-0.010491906870942409,7.346753568049969E-4,-0.007939706532371539,0.004035929394208964,0.4452681014747068,-2.36882050534302,0.17435264572732614
0.004710362837133766,-0.010530036041142256,7.887363081846222E-4,-0.007922574347819632,-0.006464963373725806,0.4814199864634288,-2.359287298521476,0.13402112541901928
0.004902660379761341,-0.011071983377491372,0.0016556171819751442,-0.007894826059951494,-0.1425213146243471,1.0661920154708984,-2.375967410952455,-0.396641566772344
0.004907112811329904,-0.011096321741906494,0.0016925680893272333,-0.007884996002731258,-0.14817928784230971,1.09133678934616,-2.37043774018156,-0.4210586490825478
0.004902491727160832,-0.01112388490415263,0.0017282067916501562,-0.007862804802947487,-0.15414150667100032,1.1163126860049173,-2.356098780797051,-0.4493282969803777
0.004894515195433013,-0.01115679437319768,0.0017686263732989583,-0.007833171573458877,-0.16078109565878665,1.144781811438947,-2.3366138886637757,-0.4827503121182409
0.004860756322990268,-0.0108869777346414,0.0013678105471077089,-0.007949501344158165,-0.09609430631070075,0.8716562723455062,-2.402916264599187,-0.21100145766637693
0.004860355693917738,-0.010914740788141112,0.00140776775814972,-0.007935100931378676,-0.10302130089544048,0.8987459323211837,-2.394470197046729,-0.23958835680550244
0.004839308760695887,-0.010868677737863906,0.001330824104571405,-0.007934571648256726,-0.09111500206546409,0.8472273849449732,-2.3910555822677413,-0.19468864291620047
0.004805736527637749,-0.010818755098681238,0.0012430637244195111,-0.007920726478780475,-0.07827127496254625,0.7885975731842206,-2.3778275757491234,-0.14762657541301324
0.0048056495626125195,-0.010862568858685116,0.0013058975896510074,-0.007900279331314803,-0.08917507823240271,0.8313239655074217,-2.3660848254911824,-0.19243910357002306
0.0048708852219706104,-0.011057360932722957,0.0016162245978925893,-0.007868448058866691,-0.13748109980587675,1.0409674664083484,-2.3558316993301713,-0.38416829581159023
0.004850991581234997,-0.01094379683386796,0.0014446031858575267,-0.007909669301623658,-0.11006627404343565,0.9243057548167272,-2.3781605562746653,-0.270448711790173
0.004850248069673303,-0.010975135979491707,0.0014887891647144224,-0.007892148032681342,-0.11742617087180833,0.9544540177518559,-2.3675884812953694,-0.3024102876853719
0.004844454480651484,-0.011040206781277168,0.0015769334012734418,-0.007849467710304998,-0.13232463015919382,1.015334667767048,-2.3409006392227782,-0.36876097346614267
0.004835769359338244,-0.011007138578103341,0.0015258936471521448,-0.007858681205325535,-0.12450525382073144,0.9806529675616951,-2.3454696580565257,-0.3361409335197158
0.004608321626831872,-0.009045326593675811,-0.0013333376693731825,-0.007641440873047386,0.2905023277410792,-0.9249657081250252,-2.0065733921457762,1.5474628698909534
0.0045804324287755036,-0.009104856544112111,-0.001242339137526417,-0.007641727761094236,0.27593970133127516,-0.8704422859224338,-2.0149300780757566,1.480226652122974
0.00456751624626493,-0.008986270922084875,-0.0013879470723277883,-0.007569533932658459,0.2846665224137483,-0.9633224660075684,-1.947208844170095,1.5675839995841352
0.004562626250576975,-0.008915938775358696,-0.0014731197474426667,-0.007526565062488035,0.28937414865742545,-1.016388249617034,-1.906963861890653,1.618308980845011
0.004560669660934451,-0.008846979426572433,-0.0015564447845573845,-0.007485090716675775,0.2936712382630393,-1.0675366962967525,-1.8679382169348862,1.6680028242360374
0.0045314094934122305,-0.008778173804917381,-0.0016210126693274594,-0.007415304540062037,0.29003379781454225,-1.108501060354973,-1.8099874257901762,1.6958310622314965
0.004497212957227337,-0.008944137064681648,-0.001402859126471366,-0.007477422718335332,0.26887080079792297,-0.9785525572997092,-1.8769605590636764,1.5530259618847906
-0.0047689105180923124,-0.010602022271042498,-9.123933666988071E-4,-0.00796497584993196,-0.022295161521925976,0.5657664149843994,2.3946087380180643,0.07032433509092871
-0.0048041612822519566,-0.010667130920129976,-0.0010209216611747078,-0.007981408560184713,-0.03846511482345283,0.6389058600078609,2.410752327897974,0.008659843656842177
-0.004773312550944254,-0.010638192443499526,-9.671211659146714E-4,-0.007957485777825362,-0.031818680539831556,0.6025017695468211,2.39183228136315,0.0336547448659549
-0.004786628919498079,-0.010704314294087542,-0.0010689165573770504,-0.007947753841328724,-0.04895193764818379,0.6710256682364384,2.3894047504883544,-0.03252777871159391
-0.004813929702134452,-0.010772366820430264,-0.0011794233744278702,-0.007950259112415549,-0.06623480945006487,0.7453758076398773,2.3958083528583174,-0.09881613329921567
-0.004797964600313697,-0.010737629589271854,-0.001122073915824586,-0.007947054283613334,-0.05747177457280151,0.706799935275913,2.3911787110062583,-0.06521840088356579
-0.004867424138185859,-0.010880823044991259,-0.0013621538452082127,-0.00795999585801689,-0.09456059972112481,0.8676630626620067,2.40994547373138,-0.20389728155546702
-0.004861315224241728,-0.010855501704861933,-0.0013222561108753037,-0.007965446629493464,-0.08791090558487102,0.8409099171404926,2.4121132770312346,-0.1784922903864783
-0.004846861553683953,-0.010831906891482336,-0.001280996614920599,-0.007960395143169945,-0.08166695321905175,0.8134040866876616,2.406977800025896,-0.15594382345179983
-0.004827604866953281,-0.010803912679211432,-0.0012313931403938677,-0.007951670674131979,-0.07447171348292421,0.7802719578429856,2.398934786914762,-0.12952133553906006
-0.004918598678199678,-0.01105708071374388,-0.001644007396843824,-0.007921432585653225,-0.13986566710814563,1.0572289094385914,2.3942427550324825,-0.38013879680733687
-0.004910804167001424,-0.010996939765784136,-0.0015533104928296892,-0.007947429917515363,-0.12501600653607925,0.995609969640827,2.4088323772595577,-0.31898869419433273
-0.0049125456705114146,-0.011026396284131747,-0.0015966319636497486,-0.007932634264307311,-0.1322806484658314,1.025103790913944,2.4002129819426696,-0.3491479056930666
-0.0048468703447792985,-0.010908861234690122,-0.0013924604752679735,-0.00792310429559716,-0.10124470853496374,0.8889417247798151,2.385489616951284,-0.2351497823355382
-0.004886801701099266,-0.010981391575485227,-0.0015176380707027286,-0.007929240375972244,-0.12028747216321574,0.9725248846174156,2.3947232197205834,-0.30537802960883065
-0.004857804535824965,-0.010939676793241244,-0.0014422913959225056,-0.007919379963734584,-0.10911360737953091,0.9224490952002301,2.384842242883448,-0.2655483428713741
-0.004865788214901112,-0.010964798622797822,-0.0014824630127477677,-0.007914904178620055,-0.11547164322769776,0.9495287745728491,2.383298890070634,-0.2904567277737373
-0.004956075339851008,-0.011197287053658042,-0.001865076035546245,-0.007874228599426337,-0.1738704562141886,1.2071572775716815,2.369505057846219,-0.5206223650418927
-0.004928881803435899,-0.011184096718178826,-0.0018286474810823158,-0.007853019514804603,-0.1689323671904344,1.184061559080875,2.3530065365022956,-0.5086560557416969
-0.004891935758138445,-0.011081132221803564,-0.0016620319070001063,-0.007877472788146172,-0.1439970500189975,1.0713308176239575,2.3639683901251805,-0.40675832364799275
-0.0048986014152875785,-0.011109995218893632,-0.0017064464957620908,-0.007867178146820903,-0.15077822625567996,1.1015783230791445,2.358387873840051,-0.4355477782877161
-0.004915728524369147,-0.011159215076360912,-0.0017856482559574494,-0.007854851539217994,-0.16261914643862418,1.1552086949561822,2.3526516625408997,-0.48424204477321126
-0.004905197766438012,-0.011135657611369485,-0.0017462637220349599,-0.007858363522310445,-0.15694282175962493,1.1286753031194363,2.3536577425584295,-0.46106745376136277
-0.004897888548050243,-0.011179870387338253,-0.0018024227191775224,-0.007821871522092598,-0.16589465270986772,1.1681570878067395,2.3298193487007466,-0.5057701263875033
-0.005496304940637998,-0.012338146022987011,-0.0037807457503062952,-0.007284265989017374,-0.34633919459963597,2.548426681077196,1.9716439809689479,-1.6722440900163071
-0.005491737376834233,-0.012323393798471399,-0.003761192659687129,-0.007299874678120233,-0.3464359241011257,2.5345327529331514,1.9843440187190466,-1.6590241119044795
-0.005478887391039052,-0.012310734214048958,-0.0037323113201784526,-0.007304557826097146,-0.3453943760001729,2.513503373645215,1.9879825740580814,-1.6440265171614217
-0.005459821283884485,-0.01229933228235375,-0.0036963760778946438,-0.00730144273686716,-0.3434206499703248,2.4872640402840385,1.9851990312074983,-1.6276268619046739
-0.005442870236557516,-0.012286535443132858,-0.0036621391731246344,-0.007302076129496931,-0.34167469663589595,2.4624572906957134,1.9854152192927952,-1.6111242039842981
-0.005425380910490701,-0.012272185799323865,-0.003625891195454791,-0.007304063608450709,-0.3398904122648642,2.4362928722660917,1.986701090532047,-1.5933021194559343
-0.005418830099985181,-0.012257124620295212,-0.0036032484615371335,-0.007317311329000138,-0.33944879902721226,2.420204068758613,1.9971981719194307,-1.5790825445786072
-0.0054059629188391925,-0.012247227084345141,-0.003577292573951002,-0.00731765865454638,-0.33797349118073416,2.4015315677101476,1.9972014908689995,-1.5665849842654855
-0.005396335515466057,-0.01221652890823369,-0.0035355815942911396,-0.007347556347341891,-0.3373272165108935,2.371947197558137,2.020818262683022,-1.5387599051882057
-0.005395894706524937,-0.012234948942576386,-0.0035527211406429166,-0.007323661626658852,-0.3369794589327725,2.3840011420835068,2.0017668165070535,-1.5532823056138951
-0.005302114096845702,-0.012052436909770156,-0.00325402944417115,-0.007454408894115645,-0.3237325147512464,2.171716095266412,2.100909233531763,-1.3730986173844002
-0.005297533495702465,-0.012013065601170686,-0.00320653048350401,-0.00749558067097484,-0.3220074966740318,2.1374486857585118,2.1322390987826876,-1.3376052787107582
-0.005296151040550795,-0.012033746765236726,-0.003227188033110924,-0.007470190796545662,-0.32247128276911147,2.1525764182587817,2.112741575605867,-1.355379757500111
-0.00526412375805805,-0.011965342799086414,-0.0031162247271797542,-0.007515636373564039,-0.3153020151903782,2.073876866495112,2.1455604394646244,-1.2875109967562484
-0.005271648191602887,-0.011983139712401277,-0.00314429008014926,-0.007503285135758976,-0.3171733192180905,2.0937989606646763,2.1366419792737,-1.3050286831076374
-0.005281965074392026,-0.011999750535781417,-0.003174169117879382,-0.007494940369390866,-0.3193010105163579,2.114867855965624,2.1308896326149274,-1.3221203649774578
-0.005375700679846259,-0.012210216955325632,-0.003503365287800014,-0.007335455686627432,-0.33469158528327997,2.3488629599320134,2.0106658542206493,-1.526582569171578
-0.005376853973335819,-0.012189659215568426,-0.003484784232230071,-0.00736240876316866,-0.335057476591589,2.335721943949926,2.0320272314297783,-1.5104215288451697
-0.005361262756241844,-0.012176180073016124,-0.00345205552075034,-0.007363933756530292,-0.3330480280216946,2.312442398025959,2.032751521113481,-1.4943334739602412
-0.005349431748545968,-0.012160505334674394,-0.003421885799622495,-0.007371697595627392,-0.3314808008513071,2.291043021628169,2.038463824832007,-1.4777466857371684
-0.005339068594760073,-0.01214496758727572,-0.003393653193285302,-0.007380545506416425,-0.32999770794713285,2.2710185501620246,2.045035527557246,-1.4617404057684646
-0.005328789266446509,-0.012125210692333252,-0.0033612231632015807,-0.007394402854345878,-0.3285438145741673,2.2480361199379737,2.0555035335340928,-1.4422826074029866
-0.00531121314538857,-0.012107497888556924,-0.003322047469041105,-0.007398298517975165,-0.32587823265562355,2.220456013077453,2.057848813725087,-1.4223798606280793
-0.0052981505040501555,-0.012089089391682349,-0.003287617396320191,-0.007407245510580945,-0.32380184622056546,2.1961940679802088,2.0642385974637203,-1.4032692907948858
-0.005288694917962443,-0.012070110667682292,-0.003256825708974894,-0.007420200715114326,-0.3221217819739826,2.1744323894071527,2.073836884911689,-1.3846756312457982
-0.004957855845711245,-0.011221830443067213,-0.001900265325273955,-0.007859501415361474,-0.17914882270493337,1.2314948351241288,2.3603631728574626,-0.545380773518232
-0.004975956445718046,-0.011277341748499582,-0.001989154036137067,-0.007840442153889947,-0.19193908174214078,1.2920338216125153,2.350133933930838,-0.6007156617901038
-0.004960437948326757,-0.011253905429260611,-0.0019461052599337848,-0.007840037098584695,-0.18592227544259735,1.2632700899341491,2.348200541463679,-0.577610882363283
-0.004975772347388626,-0.011306389465394051,-0.0020284591917564365,-0.007819135826472848,-0.19760002554934022,1.3196441760414805,2.3363049920391306,-0.6298612487091134
-0.004981336801947503,-0.0113544692623035,-0.00209712893470097,-0.007789311679344347,-0.20706910266040254,1.3674368964956771,2.317345061388259,-0.6776150030201343
-0.004968612714458185,-0.011334689148854953,-0.0020611650736327564,-0.007790363973585018,-0.20234782505448606,1.3432856028118858,2.3167831833341097,-0.6580530195114463
-0.004981339121672547,-0.011405939668557097,-0.0021650485881147363,-0.007749566377269369,-0.2160841677106589,1.4154641736474505,2.290921926105827,-0.7282874255276505
-0.0049780517305459395,-0.011381191028815848,-0.0021300063679811462,-0.007765283539570755,-0.21158111429972656,1.3909853112134598,2.301106956758842,-0.7039740498333648
-0.004986496455035173,-0.011433861681055427,-0.002205476491960692,-0.00773298902383754,-0.22132764886622616,1.4436196918253492,2.2802422635355257,-0.7556332658155894
-0.005242279636566673,-0.011963147763014425,-0.003089366472043075,-0.007495684688948609,-0.31195948655871447,2.0559834095652167,2.1291572158931573,-1.2807813099175644
-0.005034437080307213,-0.011516948851960019,-0.0023519578478123355,-0.007715872595501311,-0.23978339811910473,1.5430280394759068,2.2728879363819985,-0.8380569314011576
-0.005039931526885237,-0.011543638541982083,-0.0023905960082638675,-0.007698846585300427,-0.24428362970066805,1.5700842954080618,2.2616618087456324,-0.8641226831385894
-0.004996664370403077,-0.01146576424070772,-0.0022548722609564385,-0.007718090674706804,-0.22753251936439192,1.4776608782671843,2.271061835960509,-0.7868769021321641
-0.005012246804956802,-0.011498680632023264,-0.0023099128162393603,-0.007707521129435199,-0.23438637365225407,1.5152958459426265,2.26523936041206,-0.819337188590447
-0.005096837735696875,-0.011650327594069108,-0.0025749925623695592,-0.0076637205061371285,-0.26550660384022956,1.6965444216414058,2.2418777728926194,-0.9705260041003373
-0.005081765125108805,-0.011624906633096505,-0.0025296531593204286,-0.0076711399736567225,-0.260459420655821,1.6654988119205925,2.2458938041586385,-0.9449937773797498
-0.005070395101036103,-0.011596586783782045,-0.002484073932682889,-0.007684694696539973,-0.2553023645006474,1.6339457627667382,2.2544441194695497,-0.917038654133952
-0.005057313142999833,-0.011569706875936222,-0.0024386931548490767,-0.0076946496552960505,-0.2500937584240058,1.6027480428074894,2.260244957095352,-0.8903145844382144
-0.005235079746607736,-0.011938366779460688,-0.0030540189751160464,-0.00751576345533571,-0.30977186446001453,2.030857356415323,2.1438893965989205,-1.2572800180061836
-0.005085224596158215,-0.011677544166564335,-0.002597383088821818,-0.007625975686331246,-0.26712981593616153,1.7139040131348864,2.214299151482179,-0.9950018858431323
-0.00510135388114409,-0.011691898623374407,-0.002630012508374589,-0.007629380888576999,-0.27087815719018055,1.7358159428920288,2.2179235392131815,-1.010232160942229
-0.0051140044220080155,-0.011711920141184525,-0.0026662994305070536,-0.007623538061620734,-0.2748023033289195,1.7606818602234706,2.2146888547729024,-1.0304192830604102
-0.005126316557248058,-0.01173941024884812,-0.0027112235632815646,-0.007609764147272127,-0.2792871460756588,1.7918854695623583,2.205713634659212,-1.0575547594588504
-0.005160472757362667,-0.01176771466774198,-0.0027788338428633807,-0.00761765146705502,-0.2867358853844845,1.8374658704622815,2.213922805513232,-1.088479580817703
-0.00513766626992509,-0.011760832520404062,-0.002747893108416153,-0.007600530559520896,-0.28278876272000947,1.8173048509275602,2.199875686875067,-1.0789457974400805
-0.005168870653359481,-0.011793204312281962,-0.0028175172553814324,-0.007600744881797551,-0.2902130394078138,1.8646916071014414,2.202304074835897,-1.1133630289471406
-0.005173637515866918,-0.011820231197628433,-0.002854054454957481,-0.0075780585315095355,-0.2931389659346295,1.8907659573406825,2.186090219779737,-1.1390087366141586
-0.005185085407962427,-0.011837681788661094,-0.002886166596242759,-0.007571916465569236,-0.2960430440801856,1.913026441163699,2.18236898496875,-1.1568617845966298
-0.0052197907526879824,-0.01191544202205258,-0.003011695055992823,-0.0075251197261985816,-0.3063475881364615,2.001317510272612,2.1499651449683483,-1.2336741734200327
-0.005212862340780354,-0.011896241818809284,-0.0029825887656950516,-0.007538731840626428,-0.3041685493010035,1.980732184801767,2.1596722589396506,-1.2150719155821132
-0.0051871841181550474,-0.011859504661543658,-0.0029134667978514567,-0.007551251325626962,-0.298109791690289,1.9327166741252118,2.1672953090290297,-1.1771328471809046
-0.005198253252200347,-0.011882329439716425,-0.0029511931475815485,-0.007538535171342121,-0.3011452652827829,1.9591399824966704,2.158613256154028,-1.199768584099443
-0.005485056278055793,-0.012354415695353518,-0.003780010985235866,-0.007251523244695025,-0.34409827211649363,2.5467979805280225,1.9447567591839465,-1.6797896266733028
-0.005485788043277881,-0.01238430165667319,-0.0038070876853913325,-0.007211566452130808,-0.34259536557736064,2.5651239563570187,1.9120186296934816,-1.7020625076085891
-0.005488373619321204,-0.012398480452436501,-0.0038227499795115555,-0.007194584029055539,-0.3421221738871672,2.575852596320255,1.8980645243483896,-1.7133774296250508
-0.005494345380097895,-0.012413613912454494,-0.003843729700415941,-0.007179294870503602,-0.34186703466006435,2.5904629665962453,1.8854746064302408,-1.7267213503138985
-0.005474659445077826,-0.012374407647187773,-0.003783417962513323,-0.007214713473634885,-0.34176842319569284,2.5479812177900363,1.9146318163605367,-1.6900975423724447
-0.013708709395206254,-0.006646572705140479,0.005588944105712457,0.006181080718136381,0.5701153579088182,3.9997063774516195,0.991828271157818,-2.6919592875798752
-0.0137242936477822,-0.006643093944907271,0.0055593491034067735,0.006167814970234847,0.5595603164803884,3.967412544381697,0.997946673229077,-2.6759344471854782
-0.013698155965600398,-0.006634937971731551,0.005608309580643833,0.006163515127145052,0.5712637858846313,4.004845705494417,0.9706820383877871,-2.6976431097787956
-0.013713764755236939,-0.0066314506728738275,0.005578654038274451,0.006150394113876831,0.5626907723186418,3.972695423001626,0.976866000619791,-2.6815373192840286
-0.013687566035138606,-0.006623336449023661,0.005627626665016697,0.006145882450619052,0.5727354636403924,4.00976507799163,0.9494300711143335,-2.703173506316238
-0.013703233815716339,-0.006619811928624123,0.005597841311786097,0.006132849071338854,0.5658630864455659,3.977716649151915,0.9557764593386074,-2.6869583676241082
-0.013676939708806896,-0.006611768252052548,0.0056469112557447675,0.006128168026865416,0.5755290433327576,4.01453801978889,0.9280191267612251,-2.7085069680695235
-0.013692668470388795,-0.006608159077675546,0.00561696485223765,0.006115159984877294,0.5687637810280844,3.9824925564781815,0.9346488610802389,-2.692220731651686
-0.013682030538535313,-0.006596509255357542,0.005636092502829226,0.006097371111872355,0.5712684506679221,3.9871020508851607,0.9134556192005537,-2.697362287183586
-0.013771696327617551,-0.0066747972240019555,0.005471525137643977,0.006206175850681234,0.548028511207456,3.9194886241656826,1.060057812418968,-2.6423367714504997
-0.013761213879844317,-0.006662907675326638,0.0054910563336492135,0.00618888907327966,0.5507294309463578,3.9252205671720293,1.0391897613357182,-2.648409657001523
-0.013750692345638247,-0.0066510763177443505,0.0055105369909700394,0.006171589267487252,0.5535071808250773,3.930813844839122,1.0183208303379436,-2.6543414081774603
-0.013740118528284486,-0.006639385286402704,0.0055299947636589485,0.006154433569798625,0.5562928505536121,3.936382375049309,0.9975612230940823,-2.660173104208134
-0.013782222686963089,-0.006686656840505967,0.00545179075971691,0.0062232472149279785,0.5453314311262417,3.9133838620841312,1.0808163077661819,-2.636021349336707
-0.013803261313337423,-0.006710483253634253,0.005411983204096697,0.006257165488010848,0.5396211902526966,3.900521611885576,1.122212525997057,-2.6228685489062293
-0.013792788364434922,-0.006698515576245114,0.005431863046550206,0.0062401553725457545,0.542518672761113,3.9069494751937808,1.1014929597837213,-2.6294819493674146
-0.013833772909209436,-0.006746742737437492,0.005353271907195194,0.006308475044046622,0.5314438545310817,3.881586699414487,1.1841776775480566,-2.602809485730468
-0.013823701596301726,-0.006734685550259724,0.005372780012295059,0.006291511487871631,0.534053520114326,3.888011957530089,1.1636717616459082,-2.609600225721618
-0.013813554632688109,-0.00672257317363244,0.005392308719595839,0.006274349264336885,0.5367750074483945,3.894260189644329,1.1429835910841302,-2.616259929854909
-0.013843855749411126,-0.006758730209026263,0.005333627617640761,0.006325166483828995,0.5288448341609008,3.8748258989889472,1.2044896473887594,-2.5958100752199154
-0.0138682941915903,-0.006810059095370152,0.005282606342356895,0.006406023170281183,0.5206993657485541,3.8761729035032233,1.2885576639292398,-2.581514177956539
-0.013862560556543108,-0.006824999850860256,0.005291596271972776,0.006437473219251204,0.529732237167377,3.901173419966772,1.305247567481566,-2.5898463908275158
-0.013853983865743479,-0.006770704569812468,0.0053137835351133094,0.006341669711669635,0.5261817560702905,3.867725613733349,1.2246944263745139,-2.5885850166053874
-0.013864102784249883,-0.006782750564951138,0.00529383311437978,0.006358168676838812,0.5234827215180275,3.8604564198366838,1.244908382895938,-2.5812008258225965
-0.013874192002415386,-0.006794865453783851,0.005273813334870282,0.0063746691124151765,0.520820037515473,3.853047608338627,1.265126870026876,-2.5736734631869678
-0.013676562219896049,-0.006569203188999618,0.0056443509658576155,0.006048632743712221,0.5728168503545503,3.964406092272528,0.8713554339613484,-2.6911828006636895
-0.013687484112810533,-0.006580846551142096,0.005624991622924822,0.006066379905025552,0.5698428859008038,3.9597934400521013,0.8926127597239618,-2.6861941987428266
-0.013681906729687436,-0.0065531312785234155,0.00563304871893367,0.006017009007121577,0.5690019696905608,3.9361364856475576,0.8529558411393143,-2.67991784807467
-0.013359911491244608,-0.006203432345544481,0.006135770209762647,0.005429493121841748,0.6400041826095584,3.930892905033543,0.2152214040233384,-2.72534903392037
-0.013410877660473173,-0.0062398942051707365,0.006058049993973123,0.005494721068796203,0.6277011952314923,3.9193861266751804,0.2958220593719956,-2.7172360939197797
-0.013397847596153936,-0.006229020329972804,0.006077522930822366,0.00547549601892327,0.6306415362420345,3.9203432450701237,0.2737453959502744,-2.718500406773671
-0.01338481144071184,-0.006219024174164871,0.0060971911531769625,0.0054576874185014385,0.6336900065115946,3.9223560992099062,0.2525079998074504,-2.7201730064746026
-0.013371597757440398,-0.006210593742421196,0.006117645000642106,0.0054425176376424545,0.6370139245967644,3.9267488753742827,0.23260565749805676,-2.722886584593373
-0.013438419241558943,-0.00629264232735439,0.006026021350964173,0.005588527359630383,0.625492063334938,3.9606885401137126,0.37394078231875266,-2.733737422355974
-0.013428174325217979,-0.00628167795831426,0.006041029717030668,0.005569265157531714,0.6275594363994239,3.958669198643701,0.35379085978345565,-2.7337423932547904
-0.013453077050360857,-0.006289830791988511,0.005998626717409351,0.005582439787267377,0.6199773562569674,3.935853758180584,0.38281767860218563,-2.721308044182645
-0.013464994284135301,-0.006297220140256627,0.0059793822507046256,0.005594843769581476,0.6167853210818083,3.92989337039079,0.4002492843955721,-2.7175059078723787
-0.013432415200632163,-0.006267166447089247,0.00602861760717261,0.005542864338738742,0.6240719607676282,3.9310085384729883,0.34196919103273604,-2.720938426634649
-0.013425303325478482,-0.00625204910931753,0.006036366837059889,0.005516039073778798,0.6243796471417467,3.9181475938145316,0.3203472899587048,-2.715659129036712
-0.013428039306730328,-0.006231654134373692,0.0060246314487769894,0.005479557702597973,0.6207232308035566,3.8841347387941823,0.30189078265850283,-2.6999103286730963
-0.013582355732904623,-0.006451211050492127,0.005802774918018034,0.005857490433060913,0.5939406105536951,3.9691341679491994,0.6639879722855352,-2.7167426946702693
-0.013503616648875769,-0.006373113690726586,0.0059303167825925035,0.005728572224159755,0.6128525026561015,3.9831393260638372,0.5152018094080372,-2.735923750096534
-0.013492335246242541,-0.0063622127119811606,0.005948144124833598,0.0057101270377492444,0.6154908606574128,3.984453912263818,0.4941065659146367,-2.7380364004934545
-0.013480816277554764,-0.006351291640025544,0.00596627338828441,0.00569154987467108,0.6182195111824639,3.98582009042028,0.47278391562379823,-2.7401171582854307
-0.013519223773857357,-0.006367948070691152,0.005900453528010454,0.0057168222761857165,0.6067854574313626,3.9523451780954058,0.520561168459103,-2.720694331510338
-0.013587139417067214,-0.006435575800033395,0.00579106765726546,0.005827662886466242,0.5906995977364747,3.9408816977202137,0.6476984886238424,-2.7045918563355396
-0.013530904699240181,-0.006377958361414371,0.005881585545713715,0.0057332534462608995,0.6038796593901709,3.9488288485772087,0.5406028816062457,-2.7175000310027824
-0.013542984383844643,-0.006388565718170216,0.005862020014349256,0.005750567029188357,0.6008941967157154,3.9452819998444517,0.5615637491245195,-2.7141525080917126
-0.013555022079273081,-0.006399774951234671,0.00584254507233464,0.005768840215925521,0.5979781538973113,3.9423470089517676,0.5831518023979222,-2.7109788106740105
-0.013576484242515802,-0.006424351059273702,0.005808413305019495,0.005809452876503047,0.5932088354688908,3.942507254738848,0.6270586891184134,-2.7072669880116567
-0.01356675913847079,-0.006411674764273669,0.005823632344056705,0.0057882903778975125,0.5951827486533494,3.9405122177224263,0.6053143795475928,-2.7082140689304803
-0.01347358035333566,-0.006323953073568324,0.005971720565427251,0.005642459601914568,0.6172853833199068,3.956564079684164,0.4362647560869011,-2.728330251931237
-0.013485102357285325,-0.00633522262301096,0.005953970839006283,0.005661714724376757,0.6146700138987181,3.956142384100613,0.45775971899393414,-2.726804796113122
-0.013477948178009486,-0.006306837486561422,0.005958851672280974,0.00561103181217415,0.6135801868182096,3.9254952057537857,0.4208198407569446,-2.714224646838836
-0.013593598567967637,-0.0064623159012909,0.005784043889304703,0.005875295297136114,0.5911433512772363,3.9659727775088522,0.6850182293530578,-2.713177507225255
-0.01360481945283973,-0.006473626937504878,0.005765264023521456,0.005893351416110487,0.588367139846245,3.962845068369185,0.7062454806488166,-2.709537117639522
-0.013638428937302096,-0.006507932477093995,0.005708320104156262,0.005947407669003824,0.5800090288476,3.9523850661159536,0.7700718642504975,-2.697647056173192
-0.013627358589733211,-0.00649637611884215,0.005727165714005031,0.005929264433168004,0.5827295462006012,3.9557769375951324,0.7487714576773192,-2.7016407622292924
-0.013616074900242206,-0.006484978990896124,0.0057463012502045295,0.005911338749057614,0.5855712232146867,3.9594414618152034,0.7275001585245199,-2.7056889994442326
-0.013686912243735756,-0.006536864094684192,0.005622334434091673,0.00598535029120141,0.56605688291874,3.9085911056650686,0.8340393705268166,-2.6687728163948914
-0.013675552785447862,-0.0065265823796143594,0.005642168504895169,0.005970239001433633,0.5690298416754288,3.914839781849817,0.8146835680202383,-2.674171511157514
-0.013655081405807686,-0.006503719713170112,0.005677127388420932,0.005934689404385297,0.5739598647964531,3.9201832241301307,0.7739990616220594,-2.681509638947389
-0.013665494487047956,-0.006515428702938823,0.005659414540761556,0.0059529748574851694,0.5714686540911961,3.9176853549932473,0.7947944812486245,-2.6779056448729492
-0.013947272059045205,-0.006908256513814717,0.005119828041498045,0.006536605427747383,0.4996105334520639,3.8099354050243197,1.44965115823663,-2.5148197790202356
-0.01394112853304879,-0.0069230687550761415,0.0051281151829637,0.006568446333349807,0.5060896118190829,3.8337185498050066,1.4674666543487893,-2.52219487128714
-0.013956958559800082,-0.006920697433202145,0.005099267696056614,0.006552696391401873,0.4970525823619118,3.801016700927326,1.469519165529942,-2.5058755401159396
-0.01395077548971791,-0.006935465283302505,0.005107452226671298,0.006584526197460312,0.5034001297064604,3.8246329033958735,1.4874395531750462,-2.5130822495187424
-0.013902152668993596,-0.0068737875075634836,0.005210261559124021,0.006503478282338338,0.5176510359489958,3.8687309670234455,1.3869254928882728,-2.5571484073833752
-0.01391793194005555,-0.006871234793064164,0.005181267028775648,0.00648818434655356,0.5073335669949418,3.835987629250282,1.3897219406571477,-2.540889631661004
-0.013892312172387889,-0.006861544017724471,0.005230646213037091,0.006487094391182408,0.518869952328428,3.8770005733079027,1.36666718267596,-2.5655624767477536
-0.013908091034683613,-0.006858953008238056,0.005201620084127653,0.006471899549376474,0.5103652398342343,3.844352708157808,1.369621959656673,-2.549288775800592
-0.013882433256544183,-0.006849331498161108,0.005251005750208805,0.006470625094310153,0.5218085133848487,3.885145764876755,1.346277520529602,-2.57382638567377
-0.013898235324088305,-0.006846667746564239,0.005221883332165965,0.006455476862184653,0.5132112538436334,3.8524684774733804,1.3494539030355537,-2.55752094150242
-0.01387251601870674,-0.006837150069184488,0.005271334220335911,0.00645407513094209,0.5262759604124471,3.8932260292319127,1.3257769212398098,-2.5819164758873474
-0.013888323964280094,-0.006834408438007999,0.0052421233171012,0.00643899366954923,0.5155839863905679,3.860435043862766,1.3292199985227064,-2.565626026563397
-0.013878332745372717,-0.006822208609936553,0.005262382399012856,0.006422521492298025,0.517943056904595,3.868356577633161,1.3089219021440608,-2.573634580817215
-0.013934007851508973,-0.006868455030600267,0.00515244112586851,0.006472738169104289,0.5047678758704529,3.80535453820173,1.385606423493722,-2.5255120613454074
-0.013943893287927946,-0.00688072165671226,0.005131962585646173,0.006488631508597139,0.5020955523161393,3.7966942689465113,1.405308400734188,-2.5169432902364446
-0.013953705430078582,-0.0068930915927050826,0.005111484974644716,0.0065046150863166735,0.49939281771290583,3.787999117322634,1.4250533732818607,-2.508276149567614
-0.006109203982991699,-0.013208710975713495,-0.005247115973185068,-0.006362817694626307,-0.2630801249529274,3.5393910930503907,1.1091641224213307,-2.4666283948170142
-0.006119435578456327,-0.013220842665590433,-0.005267214620139985,-0.006346393191965216,-0.26053900814164704,3.5509325101780287,1.0924103172924857,-2.475518244383036
-0.006129717916625302,-0.013232707727748797,-0.005287253409393848,-0.006330328988081334,-0.25800002040454556,3.5624779396160995,1.0759164302211472,-2.484309160832579
-0.006190871941138886,-0.01330531292764809,-0.005404299466107878,-0.006228329426053247,-0.24204459519514274,3.6261041589552327,0.9718024729807694,-2.533578079442609
-0.00616954652767842,-0.013281172523401325,-0.005364078284006573,-0.006262332973987274,-0.24754361100602804,3.604175570090258,1.0068887631971302,-2.516964954825552
-0.006180049488097456,-0.013293425898716712,-0.0053839752873290625,-0.0062450035496350665,-0.2447971264883355,3.6148881088445965,0.989135552111286,-2.5252002460657863
-0.006159479524048853,-0.01326880296486291,-0.00534482862207437,-0.006279929209973758,-0.2502206655879524,3.5940061700059505,1.0247154392717552,-2.508942083537075
-0.006139767867692005,-0.013244540129877367,-0.0053067663088978145,-0.006314075634848274,-0.2554428860354135,3.5734839267398653,1.0592975223543295,-2.492774301264237
-0.006149606987359088,-0.013256576439368365,-0.005325816243093283,-0.006297229019180037,-0.25286912836576575,3.5838653419263804,1.042211786792098,-2.5009213414944185
-0.006052491106354085,-0.01316318538852856,-0.005138663831276775,-0.006413404101750195,-0.27316599427903937,3.4658231304190594,1.166778321798432,-2.417129729829433
-0.006063369860909311,-0.01317498188422201,-0.005160155473335982,-0.006398589120639543,-0.2708228293895298,3.4790832476043865,1.1514645127924175,-2.426964286155347
-0.006073277373876609,-0.013187016385932093,-0.0051798992715675375,-0.006382706058485995,-0.26848480514890666,3.4906094487668784,1.1354345252456133,-2.435920022399823
-0.006082500703112715,-0.013199809945399524,-0.005198474748911142,-0.006365009040022921,-0.2660034833162433,3.5006189552202316,1.1180206890627467,-2.4442237563786375
-0.006092250098815036,-0.013212483495300185,-0.005217825852043546,-0.00634766291249437,-0.263481518675121,3.511278237320019,1.1007588579686554,-2.452793493793504
-0.006021285665343189,-0.01315322454279319,-0.005082312864180886,-0.0064138478472782765,-0.2761787964067937,3.4207670417673945,1.174757381129692,-2.391077513549132
-0.0060343034002138815,-0.013167828194220662,-0.005108091225959944,-0.006395625884557054,-0.27337748530339284,3.4364957459223073,1.1562000385288076,-2.402902429706145
-0.0064956194696487056,-0.01362704334983409,-0.005927824385857639,-0.0057275201883188465,-0.1582531371703971,3.8616135212479814,0.4508850865491853,-2.706571396650853
-0.006507279320279111,-0.013638238957266978,-0.0059461263786525055,-0.005708465281005233,-0.15498759847542098,3.8680771709558255,0.4309370010794727,-2.71096062279507
-0.006502831776831895,-0.013654970229635023,-0.00593292060334091,-0.005677060072734078,-0.15386073143514467,3.8433291067007747,0.4095509221998341,-2.6996237493729383
-0.006462189200522561,-0.013593301339674152,-0.0058750078423864234,-0.005784452080189076,-0.16772584358905382,3.8433065751491893,0.509855508598834,-2.693610273924674
-0.006484317832171272,-0.013615636852262922,-0.005910106658587485,-0.005746888465364352,-0.16144122164941413,3.8556786816664874,0.47090759748125016,-2.7023762876455906
-0.006473240887371299,-0.013604354962058881,-0.0058926300975421985,-0.005765940055442918,-0.1646139300619858,3.84971272533113,0.49058810888971177,-2.6981219236978817
-0.006446351150421834,-0.013598112512523243,-0.0058446928716442414,-0.005772773217903141,-0.1696746809789068,3.813613480029886,0.5081027777916028,-2.6786656678366825
-0.006291686131534877,-0.013438164088944162,-0.005586662596431564,-0.00602602062858052,-0.21206534057838985,3.704608210873865,0.7708275519005497,-2.5995940323669626
-0.006302421801284368,-0.013449376002563575,-0.005605348043126169,-0.0060090680294171556,-0.20921811603681198,3.7135245087577133,0.7531376320576583,-2.6061129401248078
-0.006312187274684311,-0.013461257409781983,-0.005622096571498483,-0.005990479431007799,-0.20637593553601016,3.7201717861013592,0.7345254167326054,-2.6114920257209877
-0.0063229792411488425,-0.013473138687087084,-0.005640576327323136,-0.005972080178550304,-0.20338959643131435,3.7282325044439815,0.7156306573419623,-2.617573481824859
-0.006434404758115297,-0.013587936100417322,-0.005825172184302734,-0.005789227163429456,-0.17277598170725642,3.8047604036241824,0.526054873801855,-2.672927631103891
-0.006400967169724499,-0.013553287249004372,-0.0057711827423856605,-0.00584581854138065,-0.18211648794314692,3.784465880471469,0.5843469199835797,-2.658218795684777
-0.006411267716389834,-0.01356469781201153,-0.005787794319132512,-0.005827156882106003,-0.17916564550912553,3.7902751374900596,0.5654177801568255,-2.662658094733992
-0.006422121941009592,-0.013576818220103511,-0.005805135435887049,-0.005807199570660316,-0.17603987439921417,3.79605536356398,0.5452916120823318,-2.6671123658090568
-0.006356445745980935,-0.013507633929326733,-0.005697365925556115,-0.005918500601271022,-0.19433644778568923,3.753664852546097,0.6598411081159111,-2.636003226094538
-0.006333255920822893,-0.01348554532592878,-0.005657925948876918,-0.005952453847205138,-0.20038255930477603,3.7348233942201063,0.6959969316309732,-2.6229043456235206
-0.006345029358001519,-0.013496947329228062,-0.005677981944211908,-0.005934944033414348,-0.19730324500831056,3.744344736073358,0.6774410161715926,-2.6295808062541752
-0.006389285322649156,-0.013542807112358113,-0.005751746510881704,-0.005862349689665061,-0.18515475651894578,3.775422981109165,0.6021855720694722,-2.652155045092197
-0.006366740481747261,-0.013519146011332042,-0.005714468909385469,-0.0059001333128599195,-0.19141161116333597,3.7603084548029613,0.6411421275068668,-2.6410914196224238
-0.006377262441302964,-0.013531494696396551,-0.0057317199822554885,-0.005880181828908721,-0.1883378837304824,3.7663580212559133,0.6211528883790446,-2.6459255113416797
-0.006185100298632031,-0.013321152450557412,-0.00539495028531783,-0.0061974852503998,-0.24010848956561262,3.6084515331468485,0.947828176747568,-2.527513577211179
-0.006280206675490858,-0.013427430447305377,-0.005566490257205584,-0.006041733155694122,-0.2149286380682119,3.693967108594896,0.7877520908452266,-2.5922054985830485
-0.006226371785606565,-0.013369161368081197,-0.005470597201639094,-0.006127804989254283,-0.22911903947733667,3.646518160008068,0.8768201309570038,-2.556877934397544
-0.006205978293429098,-0.013343895820552416,-0.005433409398889228,-0.0061652618215836405,-0.23481644344007854,3.629017897986001,0.9144164662572205,-2.5428522532943583
-0.006215188161744485,-0.013356957845713863,-0.005450309195935403,-0.006145443579619753,-0.23202622573540474,3.636065726919148,0.8950569107479195,-2.549071634529079
-0.006190914457465395,-0.013345373178428935,-0.005406513815368906,-0.00615659731383003,-0.23600986421179168,3.6043705940032167,0.9122147282390495,-2.530095195560204
-0.006180127686385284,-0.01333665019627688,-0.005386911591810254,-0.006167785695512192,-0.2382878795504959,3.592255275357465,0.9248597619734199,-2.522002582132085
-0.006259713478962247,-0.013402926923603507,-0.005530401300145295,-0.006079084296738541,-0.22070670508942883,3.678075129037449,0.8254199996452893,-2.5796305408590885
-0.006268670995436818,-0.01341571517191423,-0.005546159878554348,-0.0060590617102523675,-0.2179200893925843,3.683722065961398,0.8059663484739862,-2.5848193662163577
-0.006243990097594933,-0.013404657828542,-0.0055020232519751655,-0.006070434663125223,-0.22220090466671366,3.6520315327905535,0.8239942018024656,-2.566147610727952
-0.006233073321548166,-0.01339613513766955,-0.005482581888528264,-0.006081843144472549,-0.2245868278112142,3.640340549803676,0.8370334981465994,-2.5584708803142315
-0.006220700625446851,-0.013385850040508254,-0.005460494745261036,-0.006095751840027751,-0.22731747985008835,3.627359241478921,0.8525640797906958,-2.5497677561833503
-0.005629482406605729,-0.012651122182345433,-0.004217155418866352,-0.006955594145035877,-0.3353324993910074,2.850175676827807,1.6940990700472704,-1.945370339791092
-0.005642211486713591,-0.01266849328238203,-0.0042476964056287385,-0.006939952532255561,-0.33456672888611366,2.8714616234109287,1.6800362285225494,-1.9621615485371284
-0.0056530849987019224,-0.012686261090409986,-0.004275582221714176,-0.006921964559045902,-0.3333722943745628,2.89045245077482,1.6640507740878776,-1.9779685651013195
-0.005613567525678169,-0.012634455672925177,-0.0041822684297175595,-0.006967312776708216,-0.3358051314060317,2.8252008345433066,1.7049641185918427,-1.927082445108292
-0.005593474618252047,-0.012616724364237419,-0.0041404947820351395,-0.006976854983873648,-0.3358359471178686,2.794934877431487,1.7141467262368177,-1.9058796345875433
-0.005577078527543719,-0.012592494355100957,-0.0040995590006944185,-0.006998584354435781,-0.3366768192746101,2.7665553822274167,1.7331798791230697,-1.8830097452998547
-0.005560969207718536,-0.01257263598214126,-0.004062000098787271,-0.0070137830976943465,-0.33697347271945916,2.740122608009705,1.746595696996709,-1.8627365854753055
-0.005508344886840159,-0.012469583369680962,-0.0039089374987960656,-0.007114386763502229,-0.33984381698572835,2.634705025688317,1.8318718478975637,-1.7713770603209773
-0.005483786849028541,-0.01242840292633357,-0.003841540365992495,-0.0071494130971684,-0.339804727102191,2.587406980981405,1.8611398690530225,-1.7321906076274154
-0.00548679121689315,-0.012444243076188133,-0.0038586514778743658,-0.007130335004079168,-0.33923483540111615,2.598871564291239,1.8454485558499931,-1.7443341394788592
-0.005497249780253394,-0.012458826454201632,-0.0038849019695205464,-0.0071194974576328654,-0.33936352112401263,2.617414412675394,1.8363423165736534,-1.7589780584966144
-0.005539779635435395,-0.012558007551676645,-0.004020959260518034,-0.007016851957616739,-0.3362729444015987,2.7100004711574974,1.750116409033764,-1.8428650773978907
-0.005511749522671596,-0.012484989958062567,-0.0039258906663544235,-0.0070958760026457604,-0.33913347120306137,2.6459688576310554,1.8164682553515406,-1.783132484246276
-0.0055316763143397505,-0.012527813455222355,-0.003986964974060117,-0.007052892371060467,-0.3378783712624393,2.6878279649412176,1.7802868181610094,-1.820269828074595
-0.005518489838358703,-0.012504833528301252,-0.0039507980315961954,-0.0070739351835966595,-0.33837080296471794,2.6627856792836693,1.7981241860209263,-1.7992173794199282
-0.005803685310700901,-0.01288327124052721,-0.0046216517752827035,-0.00672824095057621,-0.31672264664763894,3.1271672764416105,1.4834500361188687,-2.1631451044243177
-0.005692171849768065,-0.012716149226856363,-0.004353958029122823,-0.006907629787329121,-0.33271863563561466,2.948186984797783,1.6488634780648666,-2.0169078889506733
-0.005715742835963774,-0.012741653327490839,-0.00440590646546038,-0.006886810325603191,-0.3311588193300344,2.9852195695927506,1.6290703071152628,-2.044238116687986
-0.0057029255285605054,-0.012729705061374738,-0.004378843088926846,-0.006895249620223026,-0.3318376513807919,2.965606989179157,1.6374054239088631,-2.0303450162952497
-0.00571119722191692,-0.012759276952514696,-0.0044092738765002,-0.00685592622331968,-0.3287621119827912,2.983586469652867,1.6031021945588713,-2.049807127295384
-0.005662594306758726,-0.012702814211266554,-0.004300480581117629,-0.006904502735098327,-0.3322699484972766,2.907207204457649,1.648545634938747,-1.992200228279611
-0.005671957147789779,-0.012718849518625905,-0.0043246918654655684,-0.006887523827952928,-0.3310281022493064,2.9234284864846583,1.6334199751894172,-2.005935445535347
-0.0057816002880842635,-0.012869806363448859,-0.004579671025143914,-0.006734154330291343,-0.3178116950926589,3.095709255676343,1.491431302362274,-2.1429630853260258
-0.005719845014740082,-0.012785911289835944,-0.004437980836831837,-0.006821133050331154,-0.32599695745837565,3.000584174658353,1.5726626353272097,-2.067500619589552
-0.005706190065214115,-0.012777632820959986,-0.004412100059299425,-0.006823658403917282,-0.32622075503322906,2.9812006504130726,1.5762101991159678,-2.055072616769795
-0.005754734969092967,-0.012838650757958665,-0.00452123179030964,-0.0067642868835869775,-0.320952246061308,3.0556491652917384,1.520443679657172,-2.112686973477878
-0.005761412273273121,-0.01285541123289544,-0.00454037738086848,-0.006742602922670371,-0.31911164422001326,3.066838744372721,1.5011876124288732,-2.123787940805666
-0.005741634127833125,-0.012830055259059671,-0.004496095920231953,-0.006768272952188472,-0.32152894099200463,3.03698559125664,1.5253830190277327,-2.100512311236027
-0.005726659086281187,-0.012801423844278868,-0.004457227559180029,-0.006802061295177949,-0.32441839278181955,3.0124580552736875,1.5557067976452126,-2.0787052087246356
-0.005729015168389062,-0.0128199955922265,-0.004470979514000753,-0.006774789629240431,-0.32228747373349675,3.0188123291992315,1.5323627384474754,-2.0880931677931724
-0.006007396731488664,-0.013127781976192139,-0.00505217514768793,-0.0064500086998395345,-0.2805037626586016,3.4061212552521103,1.2086982955303076,-2.377024902682729
-0.006003265979517384,-0.013144700307041485,-0.005049311582475436,-0.006418675170248084,-0.27811519460004064,3.395793524435477,1.1830908505448965,-2.3758571104851858
-0.005915431020790399,-0.013031414365766509,-0.0048668783155334785,-0.006559180682979262,-0.2968292157613616,3.285337468004981,1.3208858912710049,-2.2884368623824183
-0.005901874327648625,-0.01302023159947016,-0.0048402778625833585,-0.006569381702976063,-0.29862826947257076,3.266689599728086,1.3320861485642288,-2.2756595281424
-0.005933122871350067,-0.01305889406130768,-0.004905815626750306,-0.006523926317370904,-0.29265595934422345,3.3080469003813406,1.2874560138006883,-2.3077759427270723
-0.005914057273313811,-0.01304964440429473,-0.00487082104613576,-0.006527865251519189,-0.29425907127583933,3.281422169039742,1.294506518031911,-2.2914282961599
-0.005996452160119584,-0.01311576451774197,-0.005030226135947295,-0.006464476808713288,-0.2827119694567777,3.3922980772042055,1.2234652265682986,-2.366723756888194
-0.005988372934163191,-0.01310178377792613,-0.005012549774471011,-0.006483802029229024,-0.2849941575263787,3.3830415521987143,1.241677950625019,-2.358257462779145
-0.005973309764681561,-0.013092200552013758,-0.004984085356437855,-0.006491420284421024,-0.2869065154451053,3.3622477327335396,1.251455447695278,-2.344907176602582
-0.005952554546407722,-0.01308574562036118,-0.00494696203600764,-0.006490230212882296,-0.28838269406400346,3.3326106401082782,1.2548882077217753,-2.327740537773509
-0.00593297866994496,-0.01307633115476414,-0.0049111167934352265,-0.006494551031633483,-0.29013261605000107,3.3053936077343207,1.2625414666808659,-2.311060109792704
-0.00586387163082324,-0.012967184804561256,-0.0047569822692216344,-0.006632740896911563,-0.3061343486547707,3.214618692469928,1.3927760943650471,-2.2335114667305302
-0.005849729225939135,-0.0129486590868944,-0.004726054653081606,-0.00665374708462063,-0.3086649716474343,3.1946602374104747,1.4130021101359935,-2.2177665595184073
-0.005830582641501721,-0.012935111223300147,-0.0046889752913745015,-0.006662954151023244,-0.3102358132131469,3.1675681055618448,1.423831217912965,-2.1998254782335773
-0.00585898280417488,-0.01298753991563177,-0.004757083614420455,-0.006596105723166274,-0.3032662941599665,3.2072749835228413,1.3623873790964571,-2.2356789879400663
-0.0058597504940831975,-0.013005339638668529,-0.004765189878027877,-0.006567419382166828,-0.30084563461869046,3.207598446788245,1.3379823441493612,-2.240884580330583
-0.005871685799096236,-0.013016040016057457,-0.004788780785284345,-0.006557369488746808,-0.29925419847241824,3.2237796751747685,1.3273833174423866,-2.2522590904543365
-0.005884992148403304,-0.013024315600354046,-0.00481373643985652,-0.006552041625467705,-0.2980969142436174,3.242083248688884,1.320470776279602,-2.2640461489677968
-0.0058126653943687545,-0.012922675595062213,-0.004654440363995985,-0.006670921669586333,-0.3116224307136932,3.142259934888779,1.4333023650156773,-2.1831305323646166
-0.005795759928305186,-0.012909304188428275,-0.004621157869502206,-0.006680854740945292,-0.3130238581060935,3.118377236976926,1.44421570992066,-2.1668713878943566
-0.006972835840888359,-0.01397948202078988,-0.006632333553227757,-0.0050452159877976965,-0.02810897161849234,4.078608321215222,-0.3017913162609525,-2.8146928662619484
-0.006958150003678345,-0.013985846124103411,-0.00660035810794958,-0.005037198394614347,-0.03464147502876575,4.049366291067998,-0.2910864472884334,-2.801686860396923
-0.006985352610601758,-0.013988972438811073,-0.006648164799623132,-0.005024336332488962,-0.023833094113245967,4.078874674433926,-0.32320359371127877,-2.8136106932976834
-0.0069706729332064754,-0.013995428423167906,-0.006616082981910018,-0.005016356403676335,-0.031460686644277036,4.0496315385966755,-0.31228784184621045,-2.8006588769523515
-0.006997899134824615,-0.013998423488740683,-0.006663934114053488,-0.005003402188969131,-0.019203827919352687,4.079025418517045,-0.344639965375845,-2.812337326999659
-0.006983240165135001,-0.014004943028093233,-0.006631786864086967,-0.004995511562928629,-0.02846237776100947,4.049779446096017,-0.3335035227801892,-2.7995072445722413
-0.007010475290801107,-0.014007835078080092,-0.006679626980934533,-0.004982432840140007,-0.01524867905221224,4.079038125598641,-0.36604764146943264,-2.8109236374192563
-0.006995846802530307,-0.014014375887886487,-0.006647474700787582,-0.004974687914880317,-0.025411483727423693,4.0498335435066855,-0.3547341695144807,-2.7982298608597365
-0.006856182306894613,-0.013924034685548656,-0.006456639797952766,-0.005172904940697832,-0.059503152029528696,4.0117226441569445,-0.1401113369836691,-2.7889825508902373
-0.006843877329591277,-0.013914147302553125,-0.00644038590794324,-0.005193165539100451,-0.06277788983617354,4.00997293159586,-0.11924333609506389,-2.788735847318802
-0.0068316141128825685,-0.013904216772324987,-0.0064240912821887436,-0.005213381799053414,-0.06611093512610487,4.0080758718253415,-0.09840526590449454,-2.788349479089774
-0.006868449623098957,-0.013934000317712825,-0.006472627054639336,-0.005152393513562358,-0.05626211215660166,4.01302960024877,-0.16109333903202702,-2.7889390563067056
-0.006880713668836326,-0.01394403759500594,-0.00648841146846845,-0.0051316402215529485,-0.052920949880817754,4.013943842204738,-0.18218950239474951,-2.7886300370108903
-0.006893120802617555,-0.01395394378934539,-0.006504396177885406,-0.005110985313702226,-0.04943732308691492,4.014982496430826,-0.20326536857289582,-2.7883196305265048
-0.006905676268585451,-0.013963584726256075,-0.006520686985422425,-0.005090666723900648,-0.04598512726905229,4.016367178812977,-0.2241844072429453,-2.788125985782259
-0.006918268030827516,-0.013973080040914682,-0.0065370020539851845,-0.005070486244367497,-0.042702307321225014,4.017759639231255,-0.24501567751979184,-2.7878767556536075
-0.006930792890021946,-0.013982687845488955,-0.006552971427740772,-0.0050499998462381415,-0.03954269671306754,4.01860554340077,-0.265968816258229,-2.7872843456754732
-0.006943255413807889,-0.01399244037321952,-0.006568574604392418,-0.005029153463460345,-0.03634942585806599,4.018858062697599,-0.2870644522718073,-2.786323319958463
-0.006658833021552661,-0.01377729675380949,-0.006173939775714911,-0.00546121269263498,-0.1127640962641732,3.9363856345879333,0.17239997097050877,-2.7543363656241175
-0.006634492277780033,-0.013756419919753298,-0.006138270768344805,-0.005499622111538691,-0.11945528975097484,3.92648507656985,0.2128924461452368,-2.748642811994735
-0.006646546835209645,-0.013767098237904155,-0.0061558519834415,-0.005480038670296902,-0.11611796456953481,3.9310819253121942,0.19244486188164212,-2.751351336490062
-0.006600469675516171,-0.013723978652805344,-0.006088818473463531,-0.005558464073530945,-0.1290337546511762,3.9148831447952124,0.27324888674412545,-2.7412361404875285
-0.006611689693467531,-0.013734648230861452,-0.006105278686533801,-0.005539225138678841,-0.12587628493928668,3.9190013926600638,0.25343889769517963,-2.743884247222171
-0.006622904857261631,-0.013745491784737182,-0.006121520362531052,-0.005519552744623375,-0.12268433703594507,3.922645298475899,0.23335083556454508,-2.746242340369602
-0.006585168042644786,-0.013729202238356879,-0.006058547932258982,-0.005548044659008359,-0.1314093688117508,3.8854021819542113,0.27380193893248034,-2.726487493807379
-0.006573272165817198,-0.013719351173433267,-0.006040456230746244,-0.005565461178712878,-0.13459164358300593,3.8790411793808146,0.2925275261243709,-2.7226807763815213
-0.006561215860263043,-0.01370873982618596,-0.006022233972404531,-0.005584135721276491,-0.13786898332905764,3.873085949462991,0.3122322808176436,-2.718982533438812
-0.0065495263932632405,-0.0136974911115825,-0.006004781794709084,-0.005603880399293409,-0.14115748110240933,3.868160630442946,0.3325402481204538,-2.7157138866674715
-0.006525760584586908,-0.01367571936500186,-0.0059685009140993395,-0.005641617845184451,-0.1476494124028577,3.8561353328552284,0.37208192704545756,-2.7079375350832637
-0.006537379256071912,-0.013686654836398965,-0.0059862067709287635,-0.005622697861612984,-0.14440956183340473,3.861803149848232,0.3524249629765666,-2.7116790581191217
-0.0065113710382025194,-0.013678479123422467,-0.0059412394448433,-0.005635000578529223,-0.149761655515711,3.831226502563433,0.37431208707436014,-2.695244215882568
-0.006499458047125695,-0.013671699706872459,-0.005921620138949746,-0.005646023957841827,-0.15256315465474202,3.8204285538215843,0.3881855375025152,-2.6891080365112483
-0.006819406849835573,-0.01389421844524702,-0.006407797465968598,-0.0052335977396980315,-0.06942869618791715,4.006088244869397,-0.07757105842568057,-2.7878534146472336
-0.00680720896570157,-0.013884214410129958,-0.006391380540440077,-0.0052537069241859755,-0.07272895186381949,4.003852339796874,-0.05678402190902592,-2.7871683521687873
-0.006795019482329956,-0.013874209300786698,-0.006374837028743081,-0.005273700108079034,-0.0760379824016,4.001361377502376,-0.03605248741087885,-2.7862914798776797
-0.006782858402290065,-0.01386417292744794,-0.0063582224229023045,-0.005293629418696196,-0.07932537672044172,3.9986886126404015,-0.015353120462506793,-2.785260741588902
-0.0067706720245026405,-0.013854123199028257,-0.00634142761825452,-0.0053134670319090254,-0.08260081186605257,3.995731396493628,0.005322412871622974,-2.784024531422872
-0.006746204475451067,-0.013833809385510584,-0.006307359761634002,-0.0053531800479224845,-0.08941758402319723,3.9891824070937685,0.04681001152355364,-2.781046379022454
-0.006758426417908597,-0.013844032937705931,-0.006324405710916368,-0.005333263523563977,-0.08595813961686537,3.992480085552186,0.026021651400269494,-2.782577920606684
-0.006698265824603003,-0.013792233989449973,-0.006239862859416028,-0.0054328309215192355,-0.10289791491898943,3.9756269217844333,0.12967699834822408,-2.7741060452093027
-0.006710125374013117,-0.013802629422110324,-0.006256719410546222,-0.005413100908522168,-0.09958922162221291,3.9792280365249195,0.10912757691969362,-2.776042837443285
-0.006722073489087922,-0.013813033949298552,-0.0062735928282655696,-0.005393230875707761,-0.09625223803421114,3.9826841981888434,0.08844698542556752,-2.7778439049428827
-0.006734091437779657,-0.013823445504760218,-0.006290448058660352,-0.005373224636757664,-0.09286854169854919,3.9859665899067527,0.06765515466285309,-2.779493574964729
-0.00668252672976232,-0.013797705311627682,-0.006208091281153822,-0.00542316941658139,-0.1062445722152331,3.9449100503870222,0.13255360516881157,-2.759090279682312
-0.0066708550433612545,-0.013787382210379727,-0.006191461446678404,-0.005442467785598007,-0.10945926711496883,3.9411924902900277,0.15256210862587039,-2.757010920622698
-0.006655299762563949,-0.013793026958587177,-0.006160192646375938,-0.0054322777104368405,-0.1121154878669617,3.9109013917031237,0.1542857752719606,-2.7419372857415922
-0.012882906155872962,-0.0058443661959462455,0.006757927494077036,0.004687687992388673,0.728350383986598,3.7993353050154,-0.5578254913434502,-2.633499223007695
-0.012870411397280014,-0.005834220130239819,0.006771077751349864,0.0046650374390455294,0.7296263249089829,3.7894985234590464,-0.5773605097602207,-2.626716729452255
-0.012909658152784966,-0.00584515330482541,0.006714679789008326,0.004701518327069031,0.7196835743829305,3.7810026104684766,-0.5248504983544332,-2.62764918253403
-0.012897103120225014,-0.005839290520812833,0.006731110466975923,0.004686117044629993,0.722246882040845,3.7795576070353,-0.5425626631715185,-2.6252632123305446
-0.012923958468081117,-0.005851989947951961,0.006695970075052918,0.004719175744712055,0.7167929988857863,3.78269169446158,-0.5046208907160151,-2.6303277753648935
-0.012938010550415593,-0.005860211202836179,0.006678495184278277,0.004738849039658361,0.7143085718256988,3.7868188927336313,-0.4840603635245993,-2.6341669710046194
-0.013025740326311753,-0.005933064333661896,0.006579899592316707,0.0048946470793398995,0.7030622187990923,3.844722591445411,-0.34297905926787353,-2.67306683190579
-0.0130383073817655,-0.005939076364925722,0.006562443590089549,0.004909147354392005,0.7001821509098104,3.8440653019039854,-0.32503000317987407,-2.6738632702563074
-0.013075253298448507,-0.0059691573288234556,0.006518030064722254,0.004972101806754547,0.6946152874059688,3.8627944545946504,-0.2646419400507553,-2.6863332760916974
-0.013064736547337242,-0.0059574018539513725,0.0065288819264025305,0.004948851908166286,0.6953699917966673,3.8520532562419976,-0.28390467227122934,-2.6801062393172965
-0.013052059842053711,-0.0059474676313089276,0.006544353843829071,0.0049279324050783635,0.6975181243885582,3.846328324468734,-0.30433030748901363,-2.6761863842574045
-0.012951569700523795,-0.005869231626367257,0.0066622363245225505,0.0047594960538927785,0.7121524022692186,3.792506319023436,-0.4636775061705345,-2.6386873245240383
-0.012964786826926866,-0.005878701325958374,0.006646701072951316,0.004780627757858994,0.7101816354002305,3.7990115000399505,-0.44342304071528654,-2.6435286793000947
-0.013002433237481941,-0.005912804203920577,0.006606230939518304,0.004852143860437585,0.7060577352418707,3.828917073661414,-0.38144477520637926,-2.6627966253569317
-0.013017718479760661,-0.005919558929170777,0.006584907795965738,0.004869082870224876,0.70248096025923,3.827641899719047,-0.359971459176358,-2.663641535376031
-0.012978294574040256,-0.005888337875698243,0.006630650537007663,0.004802043888287617,0.7081120590230415,3.8053119939999758,-0.4226728278020124,-2.6482386137529876
-0.012993921136414729,-0.005898572635351435,0.0066113070851965845,0.004825156802417469,0.7053742623216718,3.810613733767689,-0.399069391163715,-2.6525972377939575
-0.013089195401171663,-0.005975209823226238,0.006497846889721465,0.004986602664265697,0.6910637032507646,3.859940746838974,-0.24516509823417207,-2.6859126041708454
-0.013103157817959404,-0.005982573569279198,0.006478303968379555,0.00500317996331616,0.6879637970044166,3.8591043827527476,-0.22487231827701962,-2.6864397343288746
-0.01311685029531188,-0.005991773132172842,0.006460156490176381,0.005022666238510345,0.6852577891102296,3.861464673837656,-0.20367627853270467,-2.6884931255646225
-0.013129984804594347,-0.006001757995061537,0.006443268468328594,0.005043214763590306,0.6828845533713083,3.865467977883832,-0.18253307216990555,-2.6912703019517186
-0.013142713584133998,-0.006012023770255366,0.006427089132851054,0.0050640246259898635,0.6806711080318784,3.870094499916139,-0.16159087566708366,-2.6942706889155192
-0.013155225970679085,-0.006022325367340087,0.0064111582029263,0.005084734662699508,0.678495019037003,3.8747329393621825,-0.1408077300575891,-2.697200495726659
-0.013167677903297077,-0.006032609581540147,0.006395181306670731,0.005105293833351646,0.6763009963606655,3.8791340826265643,-0.12005110262422859,-2.699944263438333
-0.01318049402979137,-0.006042996993313042,0.006378488722232989,0.00512599879736736,0.6739779981026003,3.883046936235352,-0.09878996544611125,-2.702395729680671
-0.013194712995214889,-0.00605492253453746,0.0063600031903810125,0.005149530436453516,0.6714111458633206,3.8877305150747072,-0.07486050498653497,-2.705204784940998
-0.01321439762750732,-0.006059067941789266,0.006327955538084973,0.0051603871960865175,0.6654906115854812,3.872950797153266,-0.05141884596677603,-2.698466486313769
-0.01323140761416345,-0.006067506924590425,0.006302614480968604,0.005177922466115038,0.6612026858506937,3.86795771631077,-0.027537133439148254,-2.6963999269247823
-0.013249700011788669,-0.006080982940843769,0.006277310172000892,0.005204150091656563,0.6574726003767523,3.869424889339448,0.0015528438438354806,-2.6974279138219655
-0.013305521512760158,-0.006146080251098213,0.006208902661669422,0.005324654538360761,0.6496287576537157,3.9088242032684297,0.11139542261751953,-2.716477220695926
-0.013276039178209943,-0.0061077460399568875,0.006243772994189128,0.005254299278181374,0.6532565167396811,3.882535837574897,0.04963350788034326,-2.703992258254297
-0.013291962896673663,-0.006116554676134848,0.006219860244461136,0.005271482031067902,0.649258682760597,3.877881563665236,0.07249642692534013,-2.7017056653397398
-0.013273357025235267,-0.006088515796225785,0.006239707565657149,0.005220462347375711,0.6507451839667916,3.8545369781484804,0.030920194270064427,-2.6903616077889407
-0.01330776781589466,-0.006125024902865962,0.006195897497200754,0.005287841894154527,0.6453413663671985,3.8725120721743083,0.09486873479412851,-2.698996003806353
-0.013338509928971431,-0.006177247877324483,0.006163509501035203,0.005382064626116327,0.643322719071156,3.9172522837917074,0.1707713282702051,-2.7197337191449766
-0.013353576834934506,-0.0061887867752918255,0.006141344957438093,0.005403211082184471,0.6398916826208795,3.916145648181562,0.19538502063505406,-2.718701838336353
-0.01332558305257488,-0.006150742649217787,0.006175496316415449,0.0053344203833264395,0.6435474566669371,3.8915915498123135,0.13437251858114455,-2.7078746934952282
-0.013341222974725779,-0.006158867115814184,0.006151275322278867,0.005349703453949612,0.6394113223912924,3.88498028810892,0.15615096161154993,-2.704352128156913
-0.012872515662656557,-0.0058159328804051336,0.006754527759482764,0.00463634752608228,0.7238699496284315,3.7541958896146883,-0.5819630101963637,-2.6088481300765385
-0.012856224419709059,-0.0057914318379265455,0.006763156527899085,0.004588779789821155,0.722327112245115,3.720443270523877,-0.6109333759131426,-2.589078104620413
-0.012873280026598514,-0.005797489446091865,0.006740132345595946,0.0046069829968776775,0.7185071176418417,3.720073550598233,-0.5880463044701592,-2.591308796128686
-0.012752178267482229,-0.005736254213896708,0.006886604491530598,0.004444286297453547,0.7388196390268345,3.681202289386859,-0.7563680156562341,-2.5521422685230117
-0.012716131183885768,-0.005710591184596912,0.00692249078608305,0.004382478027992163,0.7419162834290799,3.6521371564578904,-0.8075052205643577,-2.530602404162496
-0.01273609632623478,-0.005713036828629124,0.006893502325697984,0.004398496715799529,0.7366627554988351,3.6468228396980606,-0.7818862120645339,-2.531451205454014
-0.012752473761927174,-0.005718658710434932,0.006872464533183986,0.004417009885231822,0.7333742907406692,3.6487426313553635,-0.7601642190112382,-2.5353324729009548
-0.012645327004366297,-0.005627731655421039,0.0069630333462549964,0.004210804341351924,0.7360072551114956,3.5314830162790405,-0.9082481669080709,-2.4542799772204975
-0.012715900198441576,-0.005690009516196971,0.006906501601314005,0.004350623024381015,0.7355734975350895,3.614555338537978,-0.8116805779553503,-2.5110396698553754
-0.012679347101091351,-0.005660344886750869,0.006938481607098049,0.004282246869894189,0.7368927553887615,3.5768732870895277,-0.8620963205702178,-2.484581091906454
-0.012701160762747686,-0.005664352160908257,0.006908643049234953,0.004302269597259773,0.7317163870198247,3.574903730279962,-0.8342855155734193,-2.4876976619966693
-0.0127140358330564,-0.005673512835537128,0.006896320382241317,0.00432424470904542,0.7309186804614118,3.585628246081863,-0.8168483013275176,-2.4956575190796495
-0.01267559306760957,-0.005640933641944071,0.006928506682134252,0.00425056513416302,0.7316928366198235,3.5436158588204694,-0.8691640038580299,-2.466569058922882
-0.01266597771810415,-0.0056225329413098395,0.00692807236722301,0.004216794806295666,0.7284434105399056,3.5148774266258216,-0.8830803555475276,-2.4496962741938693
-0.012767019053596937,-0.005743790831495457,0.006869170198956282,0.00446479589709957,0.7365006762186671,3.687055678253756,-0.7358454655275097,-2.5577373362743168
-0.01278231478444489,-0.00575349309961895,0.006852531049921342,0.004488837521844991,0.7346433321966667,3.696352975011646,-0.7141309654225745,-2.565127683578321
-0.012803379314775525,-0.0057560923262273975,0.00682123819180057,0.004504692526496459,0.7288891487023301,3.6889461047884318,-0.6872580830282863,-2.5646974699822924
-0.012819758796024964,-0.0057620066665877425,0.006799735626582854,0.0045229293730336415,0.725429699840218,3.689940282249933,-0.665314386667882,-2.5677888638142217
-0.012835871080277648,-0.005768308860752336,0.006778824211852341,0.004541443602151849,0.7222294082547228,3.6914991110715074,-0.6435824076486126,-2.5710651901987482
-0.012854043335802603,-0.005773159885091186,0.0067534677469072634,0.004558503756449637,0.7178080515029999,3.6888305595751887,-0.6198732133862767,-2.572375943222799
-0.012486565769377756,-0.0055572727255431345,0.007134162534630879,0.003991532579386811,0.7550440719618993,3.44809527651957,-1.1092582920732956,-2.375803187201217
-0.012511830950181116,-0.005561884253843217,0.007102164743957611,0.004017924630721864,0.7500612498536622,3.4515558582523376,-1.0775134534165154,-2.383647421361642
-0.01253525775676917,-0.0055650775379636735,0.007071339051940792,0.004040422540763326,0.7448577566095729,3.4522586197249585,-1.0480750594559611,-2.3894743423886666
-0.0125484259642665,-0.005573969486279747,0.007060042531557403,0.004063116385544945,0.7445873538467221,3.4649236611601033,-1.031712604833428,-2.3990289079245515
-0.012603558477951323,-0.0056060725032158224,0.007006927874221819,0.0041499438500190436,0.7405396344071623,3.50682413581344,-0.9619499726749815,-2.432839679535817
-0.012590169921215944,-0.005595072750798952,0.007017326299391972,0.004124298019206526,0.7404520103297887,3.491239016442811,-0.9791347610048413,-2.4218947752358004
-0.012564299886539804,-0.005575160182882593,0.007038106308658288,0.004076583821058996,0.7406262725910121,3.4631069955580016,-1.0117698066012952,-2.401659716217988
-0.012579901926673534,-0.005579348372110643,0.00701903309439037,0.0040940036263942495,0.7378491847829972,3.466390014313158,-0.9922731341531478,-2.4067703058881653
-0.012619928322983672,-0.005607059712071029,0.006983643380852195,0.004162836559832975,0.7363007173002437,3.5034082030799785,-0.9413853489805263,-2.434505310876943
-0.012637203566192051,-0.005610414745468616,0.006960907965151995,0.004179625165380504,0.7325095556368507,3.5036525569826127,-0.9197105644039574,-2.438148241425322
-0.012485241197721172,-0.005528603480446475,0.007110602572757036,0.003949890888048888,0.7448904840797493,3.3976833613823687,-1.1085557971441897,-2.3495599567206233
-0.01221593304542227,-0.00538029791570819,0.0073329073028471,0.0035147914785400055,0.7482557482757056,3.1471421918631646,-1.4075027505010824,-2.1484355666722954
-0.012236255228357695,-0.005385488157982164,0.007312166901222015,0.003540815092080325,0.7464075205879296,3.158470588816424,-1.3848636651864756,-2.16027518562001
-0.012294836105085324,-0.0054031392602703,0.007253713246572576,0.0036179982441101976,0.7416094052853888,3.193284484553127,-1.3197301534248727,-2.194953302550393
-0.012257224097796343,-0.005394143861114616,0.007293687197012991,0.0035716477405167905,0.745698683427663,3.1751210786579684,-1.3623913175267985,-2.174896131251131
-0.0122781076711754,-0.005392430091289949,0.007265246660622562,0.003588847246028122,0.7407711913132728,3.1744660351895075,-1.3368185879524266,-2.180635410949691
-0.012404845987126304,-0.005458198790115649,0.007158694501139176,0.003787218805580471,0.7385907966141296,3.285618772241983,-1.1986648653432819,-2.2718153563922656
-0.0124254555396699,-0.005468144249967288,0.007139656151951896,0.003817878886714871,0.7374138538551501,3.3010681572611267,-1.1751592898139236,-2.2850103118046845
-0.012447750856761119,-0.005494801488179532,0.007132883454904545,0.0038727058501419544,0.7417665630570981,3.3443052815092087,-1.1514460771253248,-2.3128818409835485
-0.012462236827518444,-0.005502173403879439,0.007119377675576663,0.003894618324195566,0.7409670760711979,3.3552545962994786,-1.134472720324128,-2.322084884257427
-0.012443411400676391,-0.005475352011405473,0.0071215517406083605,0.003842425791522462,0.7358491329821333,3.3117325335648737,-1.1543256390856147,-2.2949505862517974
-0.012390806066260503,-0.005446262109757903,0.007166820176474366,0.003759304779962751,0.7372093824739747,3.266328923740891,-1.2136370704635506,-2.2582714115963864
-0.012369325576497657,-0.005440534097434008,0.007190367972825317,0.0037332680964563283,0.7399330408772667,3.2572632299314326,-1.2385818669077446,-2.248017538491706
-0.01234737613428426,-0.005441168758217096,0.0072201900121803345,0.0037149752434556664,0.745121611751571,3.258271370825874,-1.2654833666079084,-2.2426183305810645
-0.01233276524265307,-0.00542609211852948,0.0072255527032128635,0.003682106443236815,0.7424070868642763,3.232961996323276,-1.2797934950356138,-2.225719027356081
-0.012314179268725007,-0.005414265685431529,0.007238948310149971,0.003649980409148178,0.7418870505070542,3.212723553008297,-1.2993523856367368,-2.2102770919615913
-0.012480843160789767,-0.005502178162853575,0.00709352299778056,0.003909433349195195,0.7363967873836909,3.3529077536867153,-1.1115187493911591,-2.325378868793818
-0.012094987471939154,-0.005302920281605994,0.007405204427679504,0.0032994540914887474,0.737727466776852,2.9990841371185737,-1.5190136987167515,-2.0365416227040676
-0.01211552825969127,-0.005306285750739084,0.0073840488912761,0.0033244430819401936,0.7357972918165249,3.0097709914370636,-1.4969250218756416,-2.048564601164155
-0.012151375979267121,-0.005334784851465214,0.007368717795628559,0.0033949397435056945,0.7414807779062321,3.0624608533459425,-1.467064759494259,-2.0861409879286312
-0.01213483455656162,-0.0053160978115689,0.007370483795100567,0.0033557095361682783,0.7366212755109541,3.0296210512033817,-1.4788025734222305,-2.064591282107647
-0.01217656388413658,-0.005326210168519345,0.007329586320841279,0.0034093182712025155,0.7336871184115955,3.0544850462874966,-1.434502072774319,-2.0901098718225257
-0.012015854000886617,-0.005270269221925481,0.007464795414702719,0.0031782597494835183,0.735828215769348,2.9248276305258964,-1.5933464241621536,-1.973306353319609
-0.012040526005684248,-0.005272723884576436,0.007438889091847668,0.003207341252044971,0.7332394041781773,2.936977931792437,-1.5669393698486032,-1.9878172383274235
-0.012063487047306457,-0.005281044829107111,0.007420542991683605,0.0032410914565825584,0.7334311543083991,2.956763427810927,-1.5450254403750419,-2.005287636176273
-0.012088035847175905,-0.005280124611821685,0.0073908891764492,0.003265390337637942,0.72941400249732,2.9627449646087807,-1.5169460393608636,-2.0164290773900824
-0.01195193791886756,-0.0052248903935063285,0.007490587662506342,0.003057879481230173,0.724692060773059,2.834580207619482,-1.6402899873580044,-1.9071717987672219
-0.011979303153145831,-0.005241909932110969,0.007477463699488213,0.003106695538053937,0.7286461500130993,2.8698332499348966,-1.6194888229145086,-1.9338936220814467
-0.012004482867304088,-0.005248764033392226,0.007456041283105808,0.003141587530210431,0.7282401228632087,2.889228614591782,-1.5953660321874208,-1.952146270111409
-0.011949160481920067,-0.005192287086414808,0.007460685769242169,0.0030191188639276272,0.7112615723273753,2.787969286298425,-1.6259343431981248,-1.8840342778992
-0.011765860560780633,-0.005132735559375637,0.007590592829478709,0.002749031403169335,0.702219904826261,2.6200253220074106,-1.7784869752691648,-1.735627531632591
-0.011809121042631258,-0.005131398131606183,0.007545857857561984,0.0027981685836659417,0.6988259165685179,2.6416706530382865,-1.7349789843038668,-1.7628618507622067
-0.01178741130735111,-0.0051250733474229575,0.007561166110719374,0.002766653495456075,0.6975431655965879,2.622064160228181,-1.7525825196399858,-1.745257709631637
-0.011675854003140244,-0.00508414002640643,0.0076266494735304355,0.002594414025864102,0.6861330289334422,2.5071022410085377,-1.83312410351299,-1.647580848707067
-0.011741942398842402,-0.005109742773730092,0.00759017940410183,0.0026981202294002913,0.6938673407404632,2.5776055915884215,-1.7872076493921898,-1.706727774507508
-0.011707647331298664,-0.00509676688743736,0.00760975950555766,0.0026447092074670785,0.6900702667110626,2.54157327439794,-1.811605812099254,-1.6763157371576798
-0.011921130489046484,-0.005177500783392446,0.007476100689160758,0.002972468860825555,0.7080710195695078,2.755953262786756,-1.647415114326115,-1.858668165465586
-0.011891305912588902,-0.005164468879878285,0.007494671911073561,0.0029255609643726714,0.7055533878016446,2.725095876596128,-1.671122521747831,-1.8330908462620215
-0.01185853132769987,-0.005154269068579661,0.007518643876275375,0.002878059187951531,0.7044010902673578,2.6962181440418123,-1.6988124993444385,-1.8072631146181715
-0.011835232857878313,-0.00512912729382451,0.007517003163904212,0.0028257328317280363,0.695640660235303,2.6520586936426565,-1.7076426951000505,-1.7778278144290198
-0.012207191927132184,-0.005354940058943006,0.007319406493455264,0.0034745415473196387,0.7397359730949546,3.105152659343649,-1.4090852869559192,-2.124815330169793
-0.012201535860886934,-0.0053263864446945796,0.007299076540437662,0.003433701542526675,0.7293648012098654,3.0595265212621374,-1.405726772314939,-2.1002207311812593
-0.009670053553407337,0.004604600389965895,0.007852453215452531,4.7436454678393265E-4,0.19955645926991686,0.3078757763215976,2.29404472373588,0.27310707662343786
-0.009624407858643,0.004595066004309221,0.007833384668163955,5.374288819978736E-4,0.1875387986087859,0.2598218218834057,2.2840413529702706,0.31562060809753484
-0.009573439252133182,0.004589070640943691,0.007815850749675687,6.080776067622684E-4,0.1748815183634387,0.20753143982011224,2.2754842346200097,0.3635707650839252
-0.009520739911300757,0.004585636134816899,0.0077992749577121484,6.811061644898495E-4,0.1620828285203935,0.15434049609902648,2.267660848175637,0.41337034330325245
-0.011056188209050443,0.004858705266360231,0.007855965729335114,-0.001607492864535905,0.5667405237217547,1.8047113634195535,2.137284176944528,-1.0609495714642228
-0.010975500241198219,0.004844118672136453,0.00788538825603106,-0.0014860406530776413,0.5509060473350732,1.7208232492365843,2.1717415982306902,-0.9854191795919969
-0.011018241175246269,0.004843099490261487,0.007860674674595057,-0.0015455715826984174,0.5562182132883456,1.7587792314967008,2.146962490863389,-1.0236168511296142
-0.010837189515939158,0.004815941347246751,0.007923731840817653,-0.0012743475779839813,0.519725730983731,1.5718113383373093,2.2203037869599602,-0.8532293301473778
-0.010864117191042626,0.004840815593341395,0.007938601450207883,-0.001324981380873866,0.5330507307974948,1.6140101335130552,2.2273906036071476,-0.8818656892379192
-0.010903617163190165,0.004836759272066225,0.007914708690880843,-0.0013798769681341498,0.5376822887633955,1.6487074266895794,2.204120948483885,-0.9180885456110744
-0.010806645019039277,0.0047941775666735425,0.007913574820977404,-0.0012204767313715138,0.5070758909350656,1.5287231303880857,2.2171478591109133,-0.8218913817670986
-0.010939766753215568,0.004815343685633137,0.007872730280283742,-0.0014203519530367138,0.5354208252305258,1.6674785056858938,2.168053390770805,-0.9476680529083289
-0.010224489440220764,0.004703804816667995,0.007978367424188558,-3.363324437135325E-4,0.35577030601380233,0.9034005546033603,2.333064027387207,-0.2585272860926135
-0.010773750258901128,0.004774470971208432,0.007906199544683358,-0.001164607196709414,0.49476205979177806,1.485075045052418,2.2162476975730985,-0.7888689582536292
-0.010371485125838915,0.004723803922695213,0.00797668258663825,-5.586139468035171E-4,0.3961731545565464,1.0611994840532455,2.3162360836956757,-0.40159976194333064
-0.01041145248006738,0.004712728129161242,0.007955830198165885,-6.154723168331975E-4,0.40247569435657743,1.096331859853924,2.2967725199585627,-0.44032692306662913
-0.010343912310961361,0.004702091049568446,0.007957972555694791,-5.134794549221752E-4,0.38413808155476253,1.0236582108897017,2.30575660276893,-0.37490795113630154
-0.01027387061471169,0.004698083767739153,0.007965320312426605,-4.090216024807956E-4,0.3665946298756349,0.9511731349759954,2.3185552984863222,-0.3068660797154405
-0.01031208481958905,0.004692410821005758,0.007952946366330572,-4.647078660264148E-4,0.3742962698375381,0.9873604238441508,2.305571571660373,-0.34411247235533177
-0.010444953306623553,0.00467821879906953,0.007910021711945553,-6.56488564025472E-4,0.4010267676489658,1.1133830539576506,2.259852492980807,-0.4718471986072668
-0.01073515538482458,0.004758754743181651,0.007904921696343289,-0.0011026284365755702,0.4826704927046846,1.4387121922883022,2.220494885911839,-0.7511158040651907
-0.01069649830187811,0.0047470100881037945,0.007907195970278441,-0.0010423508345344657,0.47187587613910154,1.394702576685303,2.2272131779510045,-0.7137612885063273
-0.010624815687973091,0.004764014480591382,0.007951974214522978,-9.442831944597547E-4,0.4632290000454562,1.334612663717362,2.268936622349401,-0.6473692689323277
-0.010593884332653493,0.004743923596071768,0.007940101403771676,-8.922584547858477E-4,0.45084568974165745,1.2931907331895338,2.264103263900306,-0.616525393250945
-0.010659256774062636,0.004732235199160039,0.007904798523375188,-9.831721640817007E-4,0.46031042020935414,1.3503339609970348,2.2301930357061477,-0.6774853338982402
-0.010540139518308915,0.004727115260108355,0.007938247795889164,-8.084126599822031E-4,0.4347783274080926,1.2314094689721278,2.269193047961544,-0.5643768895112777
-0.010569469399798663,0.004726893279393379,0.007929097377484247,-8.511806154186469E-4,0.4408350589277651,1.260119365442121,2.259000028216216,-0.5923027136959479
-0.010485832552617473,0.004692742204436537,0.00791561082746186,-7.195684539479555E-4,0.4136594819862793,1.1605900109519032,2.259183527340958,-0.511189418603784
-0.010520365468056788,0.004701222348104892,0.007915473486581668,-7.720788962080046E-4,0.4233507202636094,1.198710533698958,2.254981678490799,-0.5443715907479352
-0.010202485262996016,0.004655321830132138,0.00792731214869455,-2.9820427521980484E-4,0.3397729255986371,0.8618287012389098,2.298563047743062,-0.238974620252623
-0.010159959118315725,0.004635411262098664,0.007909592990115835,-2.3410027909204147E-4,0.32537820509000775,0.8115267031414185,2.2901503872349482,-0.19871992861081503
-0.010117590154837614,0.004624676728927055,0.007900969948130216,-1.7162389511341645E-4,0.3130866565843428,0.7650536327678338,2.288171628952686,-0.15833691026134297
-0.010071742348450846,0.004619852357344429,0.007897966433080399,-1.0473105632200805E-4,0.3011458958757424,0.7172717241348642,2.2905327181637314,-0.1142972128579033
-0.010019363110961622,0.004625551018783308,0.007905379660432752,-2.866315051805698E-5,0.28931412604917556,0.6665153133882312,2.3009394333172746,-0.06324024569879307
-0.009967817916714725,0.004613302780087871,0.007891715704165738,4.616422043238178E-5,0.27443106201339534,0.6105498581111445,2.2959471036924755,-0.014317861270667356
-0.009864465574409316,0.004610614454743587,0.007883871792230691,1.9570519063316663E-4,0.24844398457669978,0.5054776307300011,2.2998239282929753,0.0856173469007263
-0.009915782471238171,0.004609844691825729,0.007886195987486772,1.214278461753133E-4,0.2610244163160312,0.5570174853965321,2.2968205312768544,0.03578329320227259
-0.009832067246602454,0.00456571416658256,0.00783259060519853,2.3834877363761633E-4,0.2344801374288071,0.460389300679052,2.265596541532896,0.11152565616416044
-0.009789529135335477,0.004580792206096422,0.007844399132036788,3.004225756979764E-4,0.2262787825968005,0.42193804367131804,2.277927496148299,0.15431984562894976
-0.009746998923479138,0.004570131980141788,0.007827534925946166,3.5946170188421844E-4,0.2145426425646715,0.3766080384950378,2.269385662240294,0.19385520697135886
-0.009702968515206713,0.004571422288225357,0.007822342419936462,4.2196673338601036E-4,0.20440650999343996,0.3330212377798039,2.2693644242155426,0.23624474385777852
-0.009523604980629017,-0.004579633972071447,0.007793601974156823,-6.755718927105996E-4,0.16251243201153556,0.15594887602703242,-2.263327074207123,0.40963372843814705
-0.009477643216409542,-0.004560631300629105,0.007761098289001597,-7.341447443718862E-4,0.15053366567713822,0.10703269551805479,-2.2431196445220873,0.4495107095671724
-0.00937554587159161,-0.004597561016060862,0.007768858783208691,-8.861265758464567E-4,0.1293787450011403,0.012332916630679635,-2.2568248081338855,0.554377874333428
-0.009431311767702276,-0.004578680955915218,0.007766679764639802,-8.032630404698595E-4,0.14108878639582123,0.064390407320913,-2.250877891205429,0.49722853067551204
-0.009286599534440117,-0.004596915920651108,0.007736312512651603,-0.001007505017390777,0.10949610339971884,-0.07516736954943938,-2.2394930929459598,0.6381158197501512
-0.009326771591387948,-0.004585732217243731,0.007739392069979832,-9.487789131150911E-4,0.1178921491485804,-0.03737543041791942,-2.2387343223449085,0.5976408855406753
-0.00883286583852946,-0.004523638888846208,0.0074405445700545456,-0.0015515801461653503,0.026384932405702676,-0.5029101202711478,-2.0487141980793044,1.0215982858262114
-0.009206039399623524,-0.004569479300698511,0.007675379816420746,-0.0011045334256284004,0.09216106947433299,-0.15652183520494642,-2.2002097044988838,0.706009399153663
-0.00924790086441194,-0.004555903242768337,0.007678376974813197,-0.001043497749186811,0.10047685000917121,-0.11773477990664738,-2.1993901670778517,0.6637262189491805
-0.008897227624944432,-0.004526276217763629,0.007480085126031453,-0.001475692091979239,0.036237497526028443,-0.4459336582828356,-2.0745911653713054,0.9679434560349565
-0.0091336704562577,-0.0045631322554345434,0.007637213297564061,-0.0011967950757155001,0.07763276154109165,-0.22624829510615843,-2.1769428494846017,0.7705925605780458
-0.009170431256003933,-0.00453328930593361,0.007622979320255936,-0.0011357778685930264,0.08450492261070618,-0.19372864114455587,-2.1637053396000225,0.7284662636303888
-0.009082289009375796,-0.004544310933492521,0.00759410157446313,-0.0012543368537982146,0.06785523804445122,-0.27592852797700634,-2.148207151424405,0.8113714376662472
-0.009019589121096308,-0.004537859001739872,0.007556810962785023,-0.0013306471521883306,0.05652626174812054,-0.33444795717201675,-2.124438876788093,0.8651862636749436
-0.008953495497513453,-0.004507342122403524,0.007492230984942458,-0.0013967712383471328,0.04574972707615494,-0.3955306154064806,-2.0800391729355887,0.9129619402542455
-0.00962122566009694,-0.004579705708542902,0.007816231629596172,-5.38780505881609E-4,0.1854579613133279,0.2532297121290625,-2.2718587709190197,0.31607415469969746
-0.009568228761693765,-0.004547365435802552,0.0077701891213429715,-6.057025103640348E-4,0.17046804705771057,0.19385336045308302,-2.2425663405524143,0.36103601223573595
-0.010783918738050041,-0.004821436631170624,0.007953777542954886,0.0011995505671515852,0.5125085301960984,1.5241593591221143,-2.249703490902432,-0.8038227699778943
-0.01076413118332114,-0.004790667796073295,0.007928134424627168,0.0011575971529603042,0.4984470886842405,1.4858037649837887,-2.233511612555333,-0.7817284266689085
-0.010817777922947044,-0.004819618155233337,0.007936709100555312,0.0012479902805879672,0.5176354940373584,1.5556981941630907,-2.2325417511271137,-0.8355538237202094
-0.010844111359478267,-0.0048256461424971185,0.007931254033847477,0.0012888615993475146,0.5244164168873192,1.5848343804095875,-2.2248596049643576,-0.8610269437128325
-0.010894048981576242,-0.004830542336143403,0.007912609229072142,0.0013630714561375906,0.534097063844918,1.6354404151976765,-2.203972846470117,-0.9082302372210577
-0.010867085101612184,-0.004816738076330935,0.007910518557216329,0.0013177139460323248,0.5246078381209185,1.600742153800151,-2.206360922811919,-0.8811938425548538
-0.01092564714177899,-0.004818368104395516,0.007883310172223282,0.0014019544972298512,0.5343642043075688,1.6565101035909662,-2.1778601820680197,-0.9352952741576112
-0.009734226047093012,-0.0046089114390169645,0.007867587037108227,-3.832135380122166E-4,0.21589603067377586,0.373503554450443,-2.2995855326497767,0.21171017905782838
-0.009667830150771729,-0.00453643996068685,0.007779026529031127,-4.65270907006695E-4,0.1927459154101844,0.28986746314864115,-2.2407758295737357,0.2645740606249846
-0.009708913956676102,-0.004560253463457594,0.007811313753397489,-4.1179902175213017E-4,0.20459929680086136,0.33620271252014705,-2.260885399364098,0.2289458814708089
-0.010326433207205011,-0.004711697158409754,0.007971827522401697,4.893194173834129E-4,0.38239619490892307,1.010223154206875,-2.3176273643425414,-0.357852324192021
-0.010213625549544266,-0.004705648190932615,0.007981692802023328,3.2034757980080666E-4,0.35335547295448183,0.8929664361712336,-2.336564001164627,-0.24775742681443752
-0.010244526887472698,-0.004666783980263325,0.007934860881126342,3.6130780138413657E-4,0.3524101196637602,0.9087682169724952,-2.2996911916614002,-0.27931003881669353
-0.0102893431890138,-0.004674234720570622,0.007936609565281265,4.2822939101218305E-4,0.3646577467070929,0.9568481297623608,-2.296258592282026,-0.32247697005330256
-0.00978835321512014,-0.004596447258001587,0.007861176110542573,-3.0391045410197137E-4,0.2277832131606393,0.4247630047996825,-2.2901669170442402,0.15762816077052363
-0.009875979068312233,-0.004595606391015345,0.007868390454894902,-1.780230938812784E-4,0.24918427093621845,0.512625062571893,-2.2875500740639167,0.07285820105360498
-0.009833792949927775,-0.004591177715884963,0.00786019906134973,-2.3822486342209013E-4,0.23828766203368937,0.46899138692779446,-2.2854075289442943,0.11308570169707828
-0.009895965004577015,-0.004562524743760617,0.007833958128041277,-1.4733967328496168E-4,0.24954175196835865,0.5230735342190589,-2.2608050382185194,0.05002894418180977
-0.010171986761228042,-0.004674808400857906,0.007951845359710207,2.5525781648062855E-4,0.3363546698477102,0.8386149685751629,-2.319357027490971,-0.20850472104505932
-0.010138600915626956,-0.004647440661784466,0.007924478266046002,2.0383352638957106E-4,0.3225539753189865,0.7945562892005357,-2.3029968490445003,-0.1774895329997633
-0.010055844410469292,-0.004632600405537038,0.007912410977247146,8.199665671973214E-5,0.29948123043581254,0.7056542515654215,-2.302420148508312,-0.09804205074318645
-0.010096216709237063,-0.0046270743195711605,0.00790479141247639,1.4066105571541456E-4,0.3082557641852805,0.7444511269028727,-2.2930131621848333,-0.13759049309917246
-0.010014824499201519,-0.004616731212618277,0.007895768029316875,2.1993019244575613E-5,0.2866119017410253,0.6589123945701525,-2.294427907639673,-0.05945645836180208
-0.00997081963117112,-0.004588096303655457,0.007864395045239482,-4.136732630604545E-5,0.27103868078161863,0.6055351290530249,-2.275945438294884,-0.01940615884656671
-0.009935582551343499,-0.004540748966962239,0.00781250760612355,-9.024503954613922E-5,0.25579121491978096,0.555951845485473,-2.2415619036670726,0.0099888909204048
-0.010563126200671165,-0.0047934942678589595,0.008005109048455054,8.62596987794213E-4,0.4595083113764416,1.289055407240866,-2.315167636366766,-0.5893973802131466
-0.010599114130007652,-0.004784118249515051,0.007983028604406478,9.131677544285322E-4,0.464223874576835,1.3201033440162477,-2.2947534192069923,-0.6238462682221121
-0.010634178102698802,-0.004769848595404667,0.007955200667737543,9.600404336859487E-4,0.4670142605214953,1.3470134873131467,-2.2701569287890617,-0.6566408154366031
-0.01049344200675693,-0.004776596156924976,0.00800656016887996,7.533287427934272E-4,0.4388914716375276,1.2098284311526335,-2.324298764731412,-0.5209070028380791
-0.010528020818514613,-0.004772377119102635,0.007992075250267962,8.038140675685348E-4,0.4453396318543837,1.2426429658905198,-2.3097843220910588,-0.5545159144615087
-0.01041541460334259,-0.00477334976792123,0.008022544533501345,6.351635097653652E-4,0.41979734922465456,1.1287411854886253,-2.3446634116585905,-0.4443722410160319
-0.010460671726438461,-0.00476305146620668,0.008000036420651268,7.006866944577443E-4,0.42745638218661475,1.1698741266190422,-2.323309838893024,-0.48863628964954053
-0.01039098512954938,-0.004731108635934736,0.007980732150200618,5.891620561325838E-4,0.4027049062615518,1.084249805222278,-2.3170865807670555,-0.42051775988080203
-0.01036559904219597,-0.004695880028308065,0.007946923230695803,5.442851650656922E-4,0.3876919308411893,1.0426562182974333,-2.2954336035311833,-0.3959025152727469
-0.01067072563682355,-0.004761335294308191,0.00793264544141397,0.0010104012932222828,0.47152549784866443,1.3779921483704252,-2.249079797434742,-0.6907686147891924
-0.010707472905781522,-0.004755830354401318,0.007912663484309574,0.0010615833760283073,0.47662558492711726,1.4103415354551532,-2.2297757797924755,-0.7248649603213962
-0.01074299949275172,-0.004763623148320273,0.007907085109239395,0.0011158732764751651,0.4857529205255789,1.4489980328661332,-2.2210141311262284,-0.7588783567754458
-0.011562589910569724,-0.005017584448612631,0.0076589089990402705,0.0023950924404086177,0.6605281635770489,2.357491625229788,-1.8891669420187804,-1.5332611425313691
-0.011485933447079525,-0.005001571626955088,0.0077069597014751716,0.00228482823931676,0.6536183041933145,2.2864524702057767,-1.9424187466608387,-1.4679667092110975
-0.011525414701071428,-0.005001011534361756,0.007673298404991694,0.002334388414830002,0.6534465910440316,2.314003070726731,-1.909112020562373,-1.4980448412413256
-0.01143572857157896,-0.004987674305340229,0.007732969223223254,0.00220891799450177,0.6467911088929846,2.234962942609425,-1.9730077681317086,-1.422808783668746
-0.01137738733705603,-0.004973365958894035,0.007763364672530197,0.002121470437425926,0.6387303255612017,2.1759264993363874,-2.008024982632913,-1.3703661830316245
-0.011408441580964377,-0.004977380929748144,0.007743552213856573,0.002165290915091256,0.6416328748511014,2.203881108721539,-1.9869601067688565,-1.396979015384738
-0.011465148224669711,-0.004973548798685396,0.007694185202575635,0.0022353278045586914,0.6415256601532943,2.2423709919380834,-1.9390718858191833,-1.440300642094561
-0.011077710026817466,-0.004855799173634828,0.007840104505514285,0.0016356742712621763,0.5681343788275833,1.8216057475897198,-2.1220986277740366,-1.079469201705506
-0.011045686619084812,-0.00486025654903369,0.007863789626021161,0.001593751517673545,0.5660421026694261,1.796560495037698,-2.1446840789712716,-1.0519954726141252
-0.010986677990453978,-0.0048473118120763705,0.007882814331471262,0.0015035620372414254,0.5535395952346823,1.7333497059709493,-2.168109514112339,-0.9961471807039067
-0.011024951930699136,-0.004833866687724676,0.007846820043008773,0.0015497286699012252,0.5536217168499755,1.7580088570681938,-2.1358307674245682,-1.0277471550418056
-0.01132347980345983,-0.004921914177734174,0.007748445034583005,0.002011865193658862,0.6149093628443261,2.08455434127878,-2.0096479006597385,-1.3081917059264374
-0.01135865575121817,-0.0049385921474965,0.007740213785334995,0.0020704264886046674,0.6235892387039311,2.127738642131536,-1.9961066451909955,-1.342626193283422
-0.011193659753480752,-0.004910859555942747,0.00782712395749508,0.001829884959143656,0.6013118156622849,1.9676567540604464,-2.0919031879044154,-1.1952044392134324
-0.011240873271619035,-0.004912031330562096,0.0077964667245061375,0.0018947782852820872,0.6056032538871471,2.008464356999476,-2.0607743175123088,-1.2360117777197457
-0.011287311428243645,-0.004907752375655152,0.007759351949250516,0.0019538703536446356,0.6071254842303012,2.0426631122207337,-2.0250261339939946,-1.2736054657192357
-0.011316948909494565,-0.004892598481919917,0.007721925060872726,0.0019819892519717408,0.6032970521911896,2.0523700212486955,-1.9925784074090953,-1.292741009824068
-0.011142627095807859,-0.004870632411390749,0.007816402428429734,0.0017340532940382381,0.580763415001999,1.8900471696151935,-2.0936296653760187,-1.1399600337228422
-0.011111567462615754,-0.004854533944962644,0.007818271349939919,0.0016815341605057915,0.5712743281837714,1.850245051821249,-2.1004764627726153,-1.108891869686816
-0.011174740312325952,-0.004870627454278709,0.007795864992646417,0.0017777537829266384,0.5837846586444505,1.9174910132809477,-2.073021187744787,-1.167688131061185
-0.010964340532604795,-0.004810515983237923,0.007854581308377052,0.0014523486650520492,0.5371798991874454,1.6864038942746438,-2.1510613231839,-0.9688809465711191
-0.009467823480590882,0.004579979770730501,0.00777883090027903,7.531907528844918E-4,0.1495779167082538,0.1007535528774991,2.256909026463265,0.46272663967730004
-0.009414403662330133,0.004570227687552653,0.007752492387702501,8.238691597168445E-4,0.13673010448187287,0.04639963893089686,2.241728632529299,0.5113165193538033
-0.00936195046712061,0.004563079361684862,0.00772785009205289,8.930636436637343E-4,0.12491843227367251,-0.006079187655979292,2.2275793255695437,0.5590819791932491
-0.009236027379772253,0.004546120371656168,0.0076635009072844535,0.0010553038457680934,0.09790843508894742,-0.1302333661945876,2.1892049009802474,0.6721118812092992
-0.009301220588240391,0.004552374469828154,0.007695117715498165,9.711031952223957E-4,0.1117297675274075,-0.0666967427639955,2.2079154729004817,0.6133791841157724
-0.009015287587296663,0.004464566842742321,0.007482051825384133,0.0012992588180482172,0.05677161281511275,-0.3408297096893001,2.0684250559085466,0.8453427966017694
-0.009081881835342075,0.004494253852088848,0.007543586294268498,0.0012311477330732938,0.06796227925809774,-0.279093570448342,2.110215784749817,0.7963718904443914
-0.009159276044294232,0.004513137770127237,0.0075976150527149065,0.0011414532458488287,0.08251146173722877,-0.20598761199071222,2.145525321711951,0.7329316194406418
-0.006909928653130997,-0.004649429094172622,0.005808287670232177,-0.00322233006660015,-0.03407145027782998,-1.591509154328586,-0.9485574476709645,2.0438772683933597
-0.006796048963673825,-0.004640947059373839,0.005683434367403006,-0.0032581575182771363,-0.0291840428621654,-1.605347492523924,-0.8760058181279738,2.047374560683355
-0.0067004040139270315,-0.0045939385183767,0.005563331137893822,-0.0032430112675735103,-0.02205403509550713,-1.599300493484238,-0.8106172996739948,2.024030031730805
-0.0065585081405811485,-0.00454977672768494,0.005399115868982312,-0.0032426703134240194,-0.014648746506025026,-1.5959540798302372,-0.7245903616084504,2.002034238914886
-0.005378101351808482,-0.004827996068939533,0.004243644748673214,-0.003709111718641824,0.046432593553899094,-1.623535521188442,-0.2097622109910797,1.9834786646563705
-0.005187221503316938,-0.004702994038171123,0.004045042012341976,-0.0035911291098768964,0.04839033346240604,-1.5707219324041235,-0.1671745278226958,1.9043706298730407
-0.004640933711941799,-0.0045390608613024245,0.0035288870476405873,-0.003439846639354246,0.05509970510708956,-1.476999812278503,-0.06578934703466204,1.766418032088355
-0.004938308249667203,-0.004606463820978529,0.003803123660736506,-0.0035028703068693164,0.051500034919029096,-1.522194306720799,-0.11719385435164602,1.8321064052829585
-0.0062260207744940475,-0.004727757469550749,0.005104878315024214,-0.0035132515616744828,0.004700827183262942,-1.6669700518038677,-0.5614424589705393,2.0815493833893393
-0.006318086412845665,-0.004615262800974261,0.005170262940165967,-0.0033747327710127993,-0.002092826824369253,-1.6284368940956313,-0.6039507623862898,2.0301533687893287
-0.006059402980657764,-0.004696638916573776,0.004921374896387594,-0.003511024145014112,0.01320105515050853,-1.6509292019652462,-0.48120976899879403,2.0469778150948525
-0.005640154044608454,-0.0047543394829174974,0.004499584177112304,-0.0036205429512706283,0.034127064318614446,-1.6352710618324688,-0.30562238913024337,2.006817413142979
-0.005865468008155138,-0.004686249810961167,0.004718340537901638,-0.0035282125946244735,0.022469292452339876,-1.6361027416415006,-0.39706603174821803,2.015098542914076
-0.00640611812390595,-0.004503364107264489,0.005227245966480641,-0.0032377032925464872,-0.0065375149007636255,-1.5883732786405196,-0.6407407816239542,1.9760756114914615
-0.008638272992325658,-0.004468688747520762,0.0072672665452013984,-0.0017401457286733218,0.0023342587883671477,-0.6647999077734953,-1.9283427208038457,1.157035665757076
-0.008571584977948046,-0.004503235079817982,0.007253666991927101,-0.001836436289039209,-0.006778918779385294,-0.7218408027966627,-1.9218182088221931,1.2231849434661684
-0.008429447519426234,-0.004517113914319878,0.0071635369320366795,-0.001997429255364659,-0.021939522803444078,-0.8348119577653339,-1.860844866105553,1.3353350044396148
-0.008349218706553778,-0.004508728670454741,0.007095108469631261,-0.002072736492824297,-0.028653734667452222,-0.8931380556994771,-1.8131416575221373,1.3874515551216795
-0.008488872538635943,-0.004459554716685652,0.007156391558747584,-0.0018936474030151705,-0.0131729848724447,-0.7815260316511736,-1.852412449368633,1.265267539042288
-0.008307258090000331,-0.004446291506815651,0.007009852078672882,-0.0020656352523409707,-0.026960167494257486,-0.912480426211283,-1.7505848313343855,1.3850300023415683
-0.007364419520762169,-0.00464850660764084,0.0062872823803072795,-0.002992434608948849,-0.05501125329244088,-1.4741343667718454,-1.2538792574577913,1.95897064602478
-0.007443357930307583,-0.004592573625745973,0.0063341381756389075,-0.0028869336625935082,-0.05450571479277393,-1.4249932467082478,-1.2866868706515693,1.8992763679671225
-0.007232832994105716,-0.004602761742881974,0.00612450233042016,-0.0030196785889689127,-0.04791375711239992,-1.4993157698421022,-1.1485643300648791,1.9623975259533357
-0.006997156057559892,-0.004548673925049945,0.005853063583895655,-0.0030790774789676745,-0.036711329473191334,-1.5368115337838066,-0.9809428367519455,1.9709333313250585
-0.0071252199304710755,-0.004532144773018468,0.005976509445887049,-0.0030022824114740525,-0.0409173262285141,-1.5016624168200747,-1.057454855280928,1.9398286729235807
-0.007953730356631274,-0.004555244815897945,0.0067997300999734665,-0.0024770062451394113,-0.05245155920690203,-1.1658332152600366,-1.607657381110663,1.6570542147580893
-0.0078555585131489,-0.004535902081741325,0.0066955767658890206,-0.0025396624691029182,-0.05314594644728212,-1.216183164226502,-1.534485539595128,1.6964096816614782
-0.007751895799056967,-0.0045272383392387225,0.006592815767354549,-0.0026114927937943267,-0.05380883079543262,-1.2676581766926045,-1.4632509849097008,1.7399239446094814
-0.007632854221709887,-0.004545460092747553,0.006491623646607921,-0.0027148996484027623,-0.055207874169021065,-1.33013604857829,-1.3938251709252847,1.8016197729395669
-0.007493972681053829,-0.004497254204682803,0.0063258632779814245,-0.002760535372000792,-0.0504809552057277,-1.3721510675515027,-1.2829605272596238,1.8221812932822998
-0.008246922814360557,-0.004432632631427518,0.006951528163081974,-0.0021121127654408433,-0.031115686914902553,-0.95129919233386,-1.7094451357439868,1.4172887105258747
-0.008111368510612523,-0.0045241383267843206,0.006913998203126108,-0.0023119292743174415,-0.044555868587647686,-1.0605142336436915,-1.6869139537470954,1.5495872355667712
-0.00818122452088142,-0.004467812987421174,0.006927201069891001,-0.0022011670223574986,-0.036861040297169585,-1.0022997352737602,-1.694154998842792,1.4765609320572866
-0.008023049067785821,-0.004484166507323691,0.006806712964135374,-0.00235525927861949,-0.04532349038346629,-1.1060465430078656,-1.6108012156664235,1.5783374141218973
-0.008778692285704848,-0.004484059260433807,0.007370355339034855,-0.0015915611792260774,0.020031119297376235,-0.5488262239823857,-1.9985166955863212,1.0515349629970716
-0.008708842213746945,-0.004432288016934585,0.007279240717574786,-0.0016388831369881943,0.012982709307325537,-0.6043826166056441,-1.9333372222931506,1.0869533914893712
-0.009004195932822142,0.004400789147439776,0.007414900452991176,0.0012810898336152214,0.05600609201876462,-0.35210468778187287,2.0177803524471694,0.8343827414483294
-0.008962556284263125,0.004361726049990933,0.007357123072304709,0.001310560470676419,0.0498537027772958,-0.3886211024576579,1.976495063012159,0.8565334577213998
-0.008702197144798448,0.00434151996313135,0.00719332569094379,0.0015900952599453846,0.01540713017107923,-0.6032739021655064,1.8679845910928201,1.05641933941894
-0.008795264200046,0.004364021684349091,0.007268718650631572,0.0015018583121558823,0.026288368923934886,-0.5295033390044742,1.9198767650509438,0.9927500709287552
-0.00889172003929889,0.00435964675906779,0.007318303389005218,0.0013908801050050745,0.03969983360978341,-0.4490575307372135,1.9514441445691795,0.9140253160010493
-0.0033539461790324265,0.0047895217628419005,0.002427134320560716,0.0035850624155068134,0.06618153132937964,-1.3483914869266853,-0.09501234132836926,1.588092836763108
-0.002944845956173185,0.004638672898236508,0.0021118793092404237,0.0034355141496374892,0.06233049795004784,-1.301841274084427,-0.09163486916426543,1.5242735671702043
-0.003972683202153099,0.004894923452022605,0.0029369059691388704,0.003721740960303354,0.06999980476657731,-1.4320332430861196,-0.06755752452152192,1.7038164701708742
-0.0042876866539706855,0.004837733268368601,0.00321448694265819,0.0036935500034373137,0.06740122569250077,-1.4701443615291743,-0.024173431366879352,1.7565951510548599
-0.003723829518316464,0.004660806509441901,0.0027358737139513045,0.003506279621182064,0.06450362932447616,-1.3832599860638395,-0.058664950555230695,1.6349470346034423
-0.006906887497563401,0.004648773890344536,0.005804715466758638,0.0032229220009061025,-0.03384369377639631,-1.5920316602163866,0.9466249548832019,2.044524094396888
-0.006800664497785588,0.004651766770637741,0.0056928926942332704,0.0032680404917851944,-0.028999120221339703,-1.6088828753943687,0.8807976687376022,2.053916648895308
-0.00672266190445707,0.004590037498880637,0.005585079949967521,0.0032311357488583317,-0.024079421101159574,-1.5953833163605593,0.8234975042166326,2.019865540141834
-0.007557520441321504,0.004501184406542544,0.0063899807400520535,0.0027233378565302596,-0.05153599547021672,-1.347949952193474,1.3254138052225726,1.8028149625400058
-0.007448836021900836,0.00448885981555544,0.006276686821371744,0.0027804165712385417,-0.04920355138792856,-1.3863721571303653,1.2501606393645535,1.8324485313794998
-0.007357299223723421,0.004503931859198627,0.006195325915032826,0.00284986352334134,-0.04813351917712513,-1.423552709434975,1.1971067866209977,1.8686342332532984
-0.0070154242889294005,0.004530328054916106,0.005863210670630921,0.003051950889199249,-0.03730856895814937,-1.526176877268012,0.9882092700419715,1.957183903301406
-0.0071687392045325735,0.004483162007571409,0.00599553024148895,0.0029309668502699817,-0.04132024288663058,-1.472676749474059,1.0709112472949014,1.90172112122106
-0.0072822976338129146,0.004464213615421126,0.0060987900362592575,0.0028526374801518288,-0.04431253152853617,-1.4333642135726687,1.1362565908735092,1.8635036477303744
-0.006594924737619708,0.004594852598353758,0.005452971265643699,0.003278434377263061,-0.016602890404195655,-1.6094558083481727,0.7500509927734494,2.026843942671123
-0.005914650103420748,0.004788698006965065,0.004789515258549353,0.0036284779443309947,0.022623178554827136,-1.6710170366757475,0.4138349719425923,2.069736950903025
-0.006427676204410631,0.004593052414649258,0.00527753377368612,0.003324485342283367,-0.007371638542658162,-1.618498020714952,0.6589135311670514,2.0238810780477325
-0.0060440027256617205,0.004657142749876848,0.004896283276874159,0.003472322160720635,0.013031308100758799,-1.6376032382951369,0.4739502092969116,2.026354997912868
-0.0062470337009157195,0.004611353611245776,0.00509505482185752,0.0033865254907248714,0.0017522428138178894,-1.6276578781222373,0.5685563013719284,2.023179405600962
-0.004611200566494156,0.004810505307991657,0.00350686862532587,0.0036855094634961304,0.06355968477717448,-1.5121989918638812,0.028518010516699173,1.8167450354481802
-0.0050647934908719825,0.004850561334701187,0.0039362138240874285,0.003734917690513553,0.057007284484580874,-1.5841142231859282,0.11886142087053485,1.923218662057866
-0.005283235754309911,0.00480229805695123,0.004146893102939521,0.0036861813975706567,0.04865511537119491,-1.604593403992839,0.1838830077181799,1.9545770815568797
-0.005725725723104554,0.004766760088030425,0.004589018733810804,0.0036261150249436206,0.03079803753754039,-1.6477345276757147,0.33705054909049875,2.02742843044575
-0.0055086648331387,0.004773603279056879,0.004368955002638294,0.0036489188553617733,0.04061478923278949,-1.6258872990236484,0.25774800738329556,1.9900822172594934
-0.004880772520504634,0.004682243750552939,0.0037530948153986486,0.0035733421508117006,0.05482190041899232,-1.5286391781804978,0.09659801149662282,1.8403844110109697
-0.0024258397530254085,0.00441175970385405,0.0017278738381638456,0.003230722831184744,0.05731234256570096,-1.2578956149590848,-0.07595665326645251,1.4632864498052578
-0.002007883203037939,0.0037616838389486467,0.0014386158720693415,0.002732310367421075,0.0530999105593291,-1.2333713330958405,-0.03852940341687202,1.4296112159910643
-3.0967693621633037E-4,0.002251884549517475,2.2263321275479826E-4,0.0016204695519499315,0.05093197662599342,-1.2077248316889595,-0.0016869994264295388,1.3949577190976676
-0.0014234021046464788,0.003211088452485268,0.001021004249911401,0.002319087607576464,0.05160448339851265,-1.21614034105515,-0.018855429507592864,1.4063789098727792
-9.150396145409893E-4,0.002656018644897353,6.57461233980037E-4,0.0019133852176846224,0.05102663737738434,-1.2101456879558976,-0.007483866186258935,1.3981969783401362
-1.9910750079064345E-4,0.001286627957597095,1.4329151131406754E-4,9.25818109248363E-4,0.05026900003750707,-1.2083650874443583,-1.4920778766756504E-4,1.395776870332472
-0.008447881417172226,0.004414578193455227,0.007088085127588622,0.0019034224965764712,-0.014148042497552681,-0.8062042209787353,1.802549114772986,1.2738466473933963
-0.008536199995025405,0.004380986582097124,0.007120955777470255,0.001789941757729173,-0.004428376311608361,-0.7357823158150562,1.8226237649302868,1.1958669015657224
-0.008618062360942758,0.0043405217975005395,0.007139900391386408,0.001678415170372295,0.00615243579998244,-0.6688485660268998,1.8322120964935167,1.1191296230757717
-0.008372257066581044,0.004356071778121133,0.006984286212995283,0.0019353379780170604,-0.017665255791811215,-0.8513657460209288,1.7277519018258942,1.2981089169147786
-0.008289273101515952,0.0043003836136438585,0.006878376333115396,0.001971783821157587,-0.02057448492301159,-0.8978023886189866,1.652490784185579,1.325408105903202
-0.007976435915230371,0.004403005755285358,0.006705786402049143,0.002324262084100169,-0.041746806309759334,-1.1125522803508099,1.539034430215201,1.5587912938607287
-0.007867534784109415,0.004370282133621833,0.006588397012490632,0.002381897803750904,-0.04284840915956955,-1.162812739283712,1.45804993694492,1.5952838680943275
-0.007634503053831962,0.0044091860249061005,0.006404520853955198,0.0025847658755093384,-0.04698247693733554,-1.2852548594971396,1.3352508617086343,1.7187262585152683
-0.00773807855668622,0.004350297482719136,0.0064607549560715145,0.0024593696829524336,-0.043891602040734126,-1.2208786180025746,1.3718810177828167,1.6432530124626399
-0.008198815143264794,0.00426409846241475,0.006782359518844845,0.002024715635651821,-0.023987938494059138,-0.9483226627919912,1.5854671004631993,1.3631815070669406
-0.008047975829490453,0.004320641794184336,0.006705333291056347,0.002196816528351356,-0.03447635304663885,-1.0512628098154544,1.5357734882957923,1.4768772779224377
-0.008115749447111372,0.004262489231251057,0.006717033187844931,0.002094053293349952,-0.028567626519897305,-0.9980015608999835,1.5412618200325563,1.410040464254955
-0.011632958536244185,-0.0050402307344040295,0.007620236023357595,0.002501805188277435,0.6691237588826869,2.4289443155381036,-1.843046617469153,-1.5949738336923163
-0.011665298189963473,-0.005049340303452431,0.007600126174496341,0.002549269696542414,0.6719421898189929,2.459588611059305,-1.8199733159771248,-1.6222186998264407
-0.011621669431141157,-0.005004817055717985,0.00759359033221592,0.0024562842886924068,0.6544763280666773,2.3822454516045664,-1.8293636693684021,-1.5699811090215177
-0.01158980362134343,-0.004993917152452415,0.007610439395226939,0.0024080019827438363,0.650431534114653,2.3498781225193643,-1.8496576486779202,-1.5422204290679282
-0.01268218951746264,0.015261990608303869,-0.005992868775745956,-0.0030435988431304762,0.10688508149863589,-1.45642223315482,1.6452407990148499,2.0942613532581693
-0.012803814840100977,0.015200543472636609,-0.00591593722814169,-0.003178467631112066,0.10750495233162106,-1.5310271412022483,1.5616441116947632,2.1689173387791794
-0.012885332004641925,0.015129020296129817,-0.005887008307103971,-0.003301638743761058,0.11249769328468573,-1.5950922052614804,1.5101657066256542,2.244378996621928
-0.013003309849722847,0.015106764931338048,-0.005768562189483324,-0.003381826349792554,0.10935539353326004,-1.637464698627918,1.4130638990847186,2.2710275956060895
-0.012655086179682713,0.015393891741175753,-0.0058940323662535635,-0.002888009499761274,0.09729398668467416,-1.3786652040891,1.6227692145147383,1.9719744135907238
-0.012603078313956299,0.015537137315862398,-0.005807046320791306,-0.0027147327565066547,0.0887354383728607,-1.2912213207483696,1.613010858726689,1.8426047787563327
-0.012529745266737606,0.015653282517438444,-0.005762685692768108,-0.0025617549322811376,0.08157374342303747,-1.2104212327462662,1.6229393965523085,1.7339743563810643
-0.012326218361764797,0.01584378290298455,-0.005747119696849796,-0.002269474446131945,0.07344355169652363,-1.0483999687665382,1.67711655503036,1.538844458745828
-0.01252597784872193,0.01582738269641544,-0.005596268988559853,-0.002405450248516201,0.0714303206365204,-1.1365610073428059,1.5620227537287579,1.610376977167464
-0.012250438758231941,0.016021982035023762,-0.005623761044836416,-0.0020808918532587224,0.06533018727792123,-0.9517768137567956,1.6461175608189522,1.399959850158642
-0.01212315095692659,0.016193324813246864,-0.00553860315926938,-0.001876727181005237,0.058395797354833634,-0.8417711538908855,1.6381411671683028,1.2563156400145912
-0.012006716578121492,0.01641887790601414,-0.0053819305084770045,-0.0016586398005532695,0.04809429844289929,-0.7294947867932368,1.593895483075264,1.0986599480281214
-9.80017867981409E-4,0.022575615671106733,-1.9749648683043756E-4,2.5211983203838446E-4,0.3002203320277464,0.3722322473929461,0.06701122839586694,-0.3574043904600033
-0.0017803857771905162,0.021491718986130122,-4.977768673407368E-4,5.056957115064446E-4,0.2228074130351281,0.5177235733021245,0.11962832196790633,-0.4882462144957524
-0.002289802680672578,0.02049359555019538,-7.975285406419259E-4,8.06221900916073E-4,0.16010442774039021,0.6488487867636222,0.1566112748242423,-0.6029067368078594
-0.0036341087360934597,0.0196868007217382,-0.0014551751027719834,0.001050379032394195,0.10351597585744575,0.744652932015634,0.26612111285459306,-0.6802100818526831
-0.0031648995548862807,0.02033638365650736,-0.001129271524638283,8.338345504577077E-4,0.1415544270823341,0.6580828921752331,0.2225594318267881,-0.6077817704061105
-0.004369726008718353,0.019722540068459096,-0.0017258748398728907,9.882268133891406E-4,0.09524744937718316,0.7206104835661101,0.33293253182770005,-0.6555766422486086
-0.005050189493148814,0.019671176769770555,-0.0019939496649331663,9.474713686403606E-4,0.08287486306869084,0.7038594144174323,0.40184926101614865,-0.6360308001643428
-0.00556119872273799,0.019142410490026632,-0.002393425758961912,0.0010859992617806681,0.055929595210064915,0.7716013625689088,0.48029189333731154,-0.6868239741979326
-0.006145107744676439,0.018925678716951146,-0.0027188026667063396,0.00107823746060589,0.04259486726955726,0.7771135709288483,0.5695386332843831,-0.6813952630614026
-0.0056113655350282015,0.01973468205360058,-0.002165998028650121,8.636665511405595E-4,0.07765629676205228,0.6640597041263911,0.45899453571445703,-0.5961770605466693
-0.007194299333370082,0.01888242254256409,-0.0031197456224785302,8.701136133054706E-4,0.03224836798545266,0.6814613221591949,0.7234717004037465,-0.5793464054167056
-0.00669297275822027,0.0189749822428333,-0.002897243423441996,9.53222296276847E-4,0.03841248174520751,0.7189394494592823,0.6418586529666063,-0.6236440547896126
-0.00833816271799219,0.01836467590759707,-0.0038029795426171562,6.694387478013178E-4,0.018635092116475568,0.6016376011960726,0.9794921595315184,-0.46318427805459716
-0.007698575151034368,0.018799698530362743,-0.003326632170171337,7.608901848160933E-4,0.026334178947715736,0.6275065306830162,0.8075490764307603,-0.5189525960269251
-0.008096330251219301,0.01868888976740714,-0.003509479119538475,6.699405769688185E-4,0.022690071508772194,0.5815408804713976,0.8814728992258549,-0.4650161627931018
-0.00900844002815199,0.01786464048366036,-0.004359598393493212,4.91677257104845E-4,0.018575615950610556,0.5405670974480489,1.2074967158766683,-0.35651587668282186
-0.00882082446049945,0.018342062299566704,-0.003929532295189892,4.8374536984810375E-4,0.016306869854607508,0.49276794001527296,1.050407214179052,-0.35127765665997185
-0.001570527551351978,0.023780499939662983,-1.6721404177310676E-4,6.56217672032204E-5,0.38358872873936173,0.19521133979327768,0.11525597094179817,-0.19032532008752553
-0.0021891246502292183,0.025,0,0,0.4761199285296895,0.005191020547956507,0.18178901051521124,-0.0025152633203726024
-0.010797068471886594,0.017228848460952306,-0.0050091511657960565,-5.485659032833725E-4,0.02770985430268088,-0.07423020569828599,1.5262087667798423,0.3358121041604752
-0.010500815300792363,0.017480377897974114,-0.004800909502242774,-3.265573865747508E-4,0.022256043345018055,0.04559220164601719,1.4391399501712514,0.1830107995357419
-0.009520809376817653,0.01785133337283427,-0.004447945381635398,2.3041545644022812E-4,0.018033363817440504,0.3777886996188898,1.2709033271347254,-0.19099443014686393
-0.00996372653752952,0.01789982322710606,-0.004429182214791859,-5.235211192738092E-6,0.014436698453237565,0.21608231911317718,1.2809433256481206,-0.03496319470948899
-0.01029799044101916,0.017792498997343517,-0.0045200490211081005,-1.856806948447146E-4,0.016475429624038907,0.10488131099185123,1.3226438821408906,0.08667601822491859
-0.011611368204784018,0.016692343787436566,-0.005307593809973025,-0.0012572027753292947,0.04116112158864966,-0.4927633075429437,1.6121206048530394,0.8254369800536386
-0.011861180886509691,0.016649491358839294,-0.00523005460293726,-0.00143902596892729,0.03923800323328433,-0.6134406006191632,1.550677220941295,0.9442393272369219
-0.011491871791256754,0.016941071674660153,-0.005102545068113361,-0.0010760570982844989,0.03260306296640008,-0.405131407840674,1.5339107450495015,0.697531973321341
-0.011329291260812356,0.017160202772147082,-0.004941425867413917,-8.989705038329191E-4,0.025866701537401064,-0.31254965120921335,1.477015266985324,0.5740366019641262
-0.0111013124076443,0.017356162631646764,-0.0048150124048312315,-7.074128313092806E-4,0.021518997287448573,-0.20450211771189686,1.43526090963174,0.4422773198937387
-0.01356412319956672,0.014437448204196228,-0.005495412151209613,-0.004410186194134308,0.14823877177450526,-2.0915837884723376,0.9102425645356186,2.842542541254392
-0.013511096016378189,0.014513164214460245,-0.005529718259114203,-0.004297530629744777,0.14280859917110325,-2.047351412575718,0.9716080872281595,2.783609671958271
-0.013330108278963623,0.014646988442631279,-0.005698378628450362,-0.004078053559865733,0.13854417568625052,-1.963610463750087,1.1544915813978405,2.6988995097355164
-0.013314919492777926,0.014721105141123039,-0.005669721341746636,-0.003974566656135649,0.13165971469552343,-1.9152598368886318,1.1696567548584456,2.623777352420055
-0.013398160180548483,0.014620111826257649,-0.0056228395798510215,-0.004130185621935998,0.13787648996798038,-1.9820763522053746,1.0880181900625139,2.7086233112792755
-0.013472770575492628,0.01458259482384006,-0.005543429602863342,-0.004195750661801316,0.13791224517610456,-2.004630870202121,1.0149585693509577,2.724408383025075
-0.013213390001945496,0.014834526612341784,-0.005723206381278475,-0.003796430687937196,0.12532011057783699,-1.8355742191610622,1.260372858902439,2.5255049847910187
-0.013286768625257725,0.014791192012442108,-0.0056590429816170225,-0.0038749175203071093,0.12721437107007652,-1.8693387888690918,1.194756164109878,2.557592062281839
-0.013141438379347663,0.014986128798191162,-0.005700001412375837,-0.0035815047040777155,0.11425727934593731,-1.733716267140281,1.3114181018958522,2.3821837475870655
-0.013207194245633068,0.014922293262671377,-0.0056667313349579845,-0.003683477095301652,0.11854781934726202,-1.78092609764832,1.2593303853549598,2.43841006122747
-0.013142241612995481,0.015091855437637598,-0.005617665204870872,-0.0034553390264363583,0.10651081170366576,-1.6724557739929171,1.2977815307067724,2.2823073861361975
-0.013636260767119424,0.014454949552282808,-0.005385548942200807,-0.004391801547624506,0.14342252070955666,-2.0716664431264227,0.8453721913683815,2.7930199343109687
-0.0136961156760366,0.01441288206074951,-0.005321706254957542,-0.004453668925486148,0.14457195849437635,-2.089105427552516,0.7826074257008636,2.807816576054146
-0.013875236092074758,0.014096948539484606,-0.005181179978492912,-0.004899782216702338,0.1666647413211748,-2.240496085323429,0.5274030045181589,3.02282762434348
-0.013823337964433231,0.014140930478698053,-0.005244159428927951,-0.004840660720436533,0.16491023980652797,-2.229168711187759,0.5900303905995352,3.0130252642294244
-0.013795269427638947,0.014207562024848066,-0.005262748787017186,-0.004745222238893165,0.15920484942498384,-2.195722657225651,0.638294037651952,2.962195778506067
-0.013787552767814265,0.014298565268839766,-0.005240405226817676,-0.004614855532726669,0.15138936498631708,-2.141853078264426,0.6720455746392031,2.875396191636342
-0.013779676221209134,0.014384000272041342,-0.005217816499476194,-0.004495210637559533,0.1429787433238273,-2.0919561600821504,0.7019181634701886,2.7952692191950015
-0.013952317651407151,0.014106703876262255,-0.005066044155039555,-0.004874858902723249,0.16082023015841443,-2.2102543878129404,0.4637889820544519,2.959750835833552
-0.014308346353361248,0.01356983383757967,-0.0045970108525295655,-0.005551064218295645,0.1926095385254429,-2.3228835596004345,-0.10204274056533782,3.132176914705926
-0.014006131364549482,0.014039855384208617,-0.005004228215846725,-0.004962166531062723,0.1645353373416694,-2.2297116374984935,0.3908673781668944,2.9850295532221485
-0.014062085232583416,0.013875134456354682,-0.004951423576872951,-0.005191028747672019,0.17789965482982148,-2.2982738030266163,0.2667824523794647,3.095517786901102
-0.014046623056235344,0.013964056134299893,-0.004960172176004217,-0.005063862332941722,0.1700531170196795,-2.2563577505499683,0.3231517387367539,3.025417130530848
-0.014228362349932305,0.013662167330922266,-0.004718537076605859,-0.005450371219085564,0.18879835493762764,-2.3260210725134107,0.01517261029710325,3.1358427324489173
-0.014151630766476709,0.013856310405164336,-0.004821787500207085,-0.005192418328181993,0.17373731527817896,-2.268677448957965,0.18520565524212748,3.0374990718783503
-0.014200669210685562,0.013733144781023096,-0.004758366310065161,-0.005356243317879685,0.18310915297764477,-2.3064478725219026,0.07906204710414032,3.1011744006082362
-0.014195025442131512,0.013803485076160398,-0.004762980106637009,-0.005255182500661242,0.17721089586349356,-2.2747319279695675,0.12349371351568594,3.04592037762869
-0.014289389153298027,0.013648520420101729,-0.004628432056451402,-0.00544434489005212,0.1855172585055491,-2.299121756210958,-0.03745957234924341,3.0876909015905163
-0.014346497357677243,0.013636145229229618,-0.004545198251015872,-0.0054366425259747735,0.18199363118747078,-2.2732027104686896,-0.08419978998611617,3.042005021617294
-0.01435915839671447,0.013514149574866956,-0.004517626414958402,-0.005607500338288054,0.1943166120500506,-2.3159276355798757,-0.17433279034097202,3.1228401019241967
-0.014412531001565435,0.013453175383824048,-0.004432245627302365,-0.0056676431030467725,0.19617097712360732,-2.3069287723504535,-0.25106761609425104,3.1113039437404475
-0.014479337659833487,0.01340140463776147,-0.004327418799227733,-0.005703660476494215,0.19503753579596472,-2.2830960513675733,-0.32851304213849697,3.0750872754814558
-0.014533015452250456,0.013346318731980403,-0.0042399141879317205,-0.0057490741608327,0.19591571276776618,-2.266015304657554,-0.3993572984789919,3.052234185983599
-0.014590692807997033,0.013184267748768375,-0.004115277198152439,-0.005938884666779886,0.20696384321344044,-2.2714687623043157,-0.5560753299295893,3.0846428135512487
-0.014586953993297763,0.013273759310986939,-0.004146394943730667,-0.005815870235152247,0.19816332533885822,-2.2510636419517556,-0.4826094655049689,3.036410154543238
-0.014641052225586516,0.013072519028092644,-0.00400622101724329,-0.006057669519508137,0.21300859961452126,-2.2595754142479936,-0.6718081321810554,3.0846105123501686
-0.01465322047396949,0.013144824973653522,-0.004015198506998205,-0.005947993121661777,0.2045413624483757,-2.236105607301234,-0.61641056674438,3.031989254362701
-0.014727023692760438,0.012928628673863244,-0.0038274628179296986,-0.006185020983779766,0.21763993564472453,-2.217432264919506,-0.8295254549826349,3.044608635875967
-0.014693879022289878,0.013032814416785415,-0.003917739259258653,-0.0060705038366474845,0.21112553912017593,-2.2276400876625106,-0.726734540168474,3.0391099952829244
-0.01472815563043902,0.012990480746365957,-0.003853450500022799,-0.006100097113528468,0.21121284857351452,-2.208674960471674,-0.7756192429668065,3.0162359516916912
-0.015063828956228625,0.01182446817152185,-0.002574281708575096,-0.007151157218971088,0.2628092884338045,-1.749962334926887,-1.9167250784495558,2.6818998514485015
-0.015087846843157844,0.011794175528885323,-0.0025182917781181664,-0.007147827590926651,0.26015946220533676,-1.7160066319596268,-1.9382059493504735,2.6387953310409844
-0.015100708197562415,0.011754030616328973,-0.0024631461270458728,-0.007169484478509176,0.26069183826035014,-1.6856101512729655,-1.9721023977971803,2.6085539177883743
-0.015067832044666935,0.011867507144711298,-0.0026142175255702035,-0.007100961747236438,0.25897943726637845,-1.7669971475659885,-1.8732763812561213,2.6864499570511025
-0.015017810296152956,0.011965437658048743,-0.002764990596138201,-0.007065329937320231,0.26104207445327793,-1.8497426355959605,-1.7898385193592128,2.7790256401286904
-0.01504092690368441,0.011933219158952225,-0.002708358976742524,-0.007068698969491203,0.2590012636260772,-1.8176567078684436,-1.8161212325294707,2.7395628726501045
-0.015028526594241023,0.01200888068579437,-0.002794978470389685,-0.007003214869263391,0.2559148140576481,-1.8580134676019167,-1.7440465309929072,2.7698055603757883
-0.015032445238491203,0.012062282827442398,-0.0028404763470099644,-0.006938982909084668,0.251370354199037,-1.8742569999514824,-1.6904830109066553,2.7706998932610625
-0.015036644764019369,0.012116591780874472,-0.0028848176483939653,-0.0068729246683816555,0.2468302357868092,-1.8889510292939475,-1.6365713115662113,2.7697044931284887
-0.015026005481735738,0.01215789661058091,-0.0029330760390591484,-0.00683975099300572,0.2453226821611299,-1.910247634666876,-1.5978620722079635,2.787431464363934
-0.015079631040669237,0.011917223396254424,-0.0026514995526746954,-0.0070327019401612905,0.2539171440282955,-1.7796961385694932,-1.821484487160432,2.68036686999117
-0.01492952291115019,0.012391967537694235,-0.0032370933252067195,-0.006678992827255037,0.24101810625920503,-2.0438063941912072,-1.3733130848999393,2.917256985854633
-0.014971532046354109,0.012297026039633896,-0.003112531643348765,-0.006744579633433651,0.24280924835264425,-1.9908143797955085,-1.4661762494133785,2.8650241518245987
-0.015035971486126157,0.012205979926503251,-0.002962768339023154,-0.006772611630071924,0.2403023714110102,-1.9158274894378466,-1.5499679481466355,2.775193416583057
-0.015009440908163252,0.012259619110897131,-0.0030376963588545167,-0.006743120636923086,0.24003082018021926,-1.9510903021902741,-1.5004969500989087,2.8126915610334575
-0.014979068792810074,0.012356737726497414,-0.0031502959350822517,-0.006664467190083846,0.23661589370779446,-1.9967746649689568,-1.4077908543917996,2.8509295562400854
-0.01483131802052274,0.012628471925466052,-0.0035250143357246186,-0.00648646611164576,0.23355554185479474,-2.1480997144223326,-1.1337800217496439,3.0104354568175067
-0.014861883005676165,0.012678293718391572,-0.0035159699709327056,-0.006390975581144534,0.2248828145813206,-2.124455025481814,-1.0920547810425132,2.955621219802109
-0.014934659292798691,0.012456859088921869,-0.003278470320770784,-0.0065934051011281814,0.23472919193221156,-2.049217038567051,-1.3104061719641686,2.9020305055755675
-0.01487376823622692,0.012575636076095366,-0.0034363757454893315,-0.006510343059048257,0.23230097152357318,-2.11073253321555,-1.1908065955736422,2.96465579126296
-0.014920750547973961,0.012521117534813534,-0.0033406552674385167,-0.006528988472004519,0.2308237228948782,-2.0679821188005643,-1.2480085473523979,2.911107195088061
-0.014781204576151986,0.012880997504871913,-0.0037320098474403272,-0.0062015331632112305,0.21582210907486019,-2.1807151410845975,-0.8885272313163383,2.9948402350256313
-0.01480336603237484,0.012797419648072364,-0.003659849643061604,-0.006292183689202079,0.22130005643146206,-2.1691263891324373,-0.9697946382659116,2.9966430128730126
-0.01485277819715417,0.012735989554236065,-0.0035613593100297164,-0.006325421870162549,0.22066355633629578,-2.1319216822702676,-1.0371531479227343,2.95145341372096
-0.015146134651192486,0.0114859339508288,-0.0021208898552387665,-0.0073507209488031825,0.26635374948686785,-1.4930701492301313,-2.202169633822333,2.438949953553093
-0.015135218888532151,0.011527115948986661,-0.0021785393694578963,-0.007331383319409974,0.2664252251009957,-1.527813324084397,-2.1702885888062142,2.473448516092281
-0.01519888228059552,0.011418091083452557,-0.001996518290665746,-0.007325890816098362,0.25982772931548065,-1.4101952224370369,-2.23352833612206,2.332281826747094
-0.01517881856619458,0.01145890809543297,-0.0020612421704597705,-0.0073231839957013664,0.2620592461435067,-1.4517707173646617,-2.2089615767963457,2.380281702327555
-0.015158268627888709,0.01157426454352371,-0.0022119005877488528,-0.0072542064355181355,0.26022168931842654,-1.5403150941566908,-2.1158365097615803,2.4613213156926004
-0.015178832762442451,0.011607311848262747,-0.0022303329803470976,-0.007193777074429139,0.25516858550897853,-1.5454364906282718,-2.076292383768322,2.4467791327424666
-0.015135424752204562,0.011726423730679785,-0.002399934027048522,-0.007146315571552209,0.25633836015645656,-1.6443512093193602,-1.985260414559086,2.5504345931689865
-0.015166394197755015,0.01168591580906636,-0.0023273359929555583,-0.007139911934608515,0.25288648900286775,-1.599446140622759,-2.0103159236001917,2.493767352385186
-0.015177820854530394,0.011642077803200916,-0.002269369874230862,-0.007163771457823931,0.25361662708031396,-1.566502879208077,-2.045281449255315,2.4619385523601918
-0.015206149705052598,0.011295101110450297,-0.0018422630858255095,-0.007411331757819083,0.2634220940082263,-1.3168147501951568,-2.333631944248673,2.2540600255409693
-0.015228707229657525,0.011341894278713375,-0.0018819355358416824,-0.007339673415636158,0.25779291716560243,-1.33666360249344,-2.2808146143792,2.251256994045915
-0.015246020450954415,0.011396929332635452,-0.0019337834960982193,-0.007269748512250847,0.2527931821109953,-1.3642037131380478,-2.2247924327474764,2.2586268616185303
-0.015231451561519962,0.01119294401856229,-0.001696485068709435,-0.007445085629712614,0.26216247924341934,-1.222165784595856,-2.4000249693050923,2.1574199819035815
-0.015251979456621687,0.011154713985694075,-0.0016341031472138724,-0.007437874650183828,0.2592707143417327,-1.179270543485619,-2.415916179512589,2.10593174866171
-0.015228549326750915,0.011240844903776623,-0.0017585281954983244,-0.007415587246151537,0.2610395121442963,-1.2614284918266951,-2.36370501364152,2.191617629993591
-0.015269726771857537,0.01104341124893175,-0.0014801373984307828,-0.007480498492724143,0.25907285390633256,-1.076969252483088,-2.4866608227835236,2.00622453428867
-0.015273135626100273,0.011102638186676176,-0.0015540555131572376,-0.007437582348640915,0.2568540151810399,-1.1247040197122091,-2.4405069743046046,2.04405299482466
-0.015273216399335267,0.01092943210770688,-0.0013284783492029913,-0.007541277020529903,0.2604025636337572,-0.9753138749080165,-2.5643634079184925,1.9156303807043138
-0.01528700694666822,0.011001564983110189,-0.001415459335584209,-0.007476860328622916,0.2566567724907192,-1.0319025268019708,-2.5034258256529864,1.9544169319546982
-0.015295610959279449,0.010963284325229718,-0.0013605836815012414,-0.0074845630947386445,0.25591217365210917,-0.994279407664485,-2.523278213672565,1.9153496285725402
-0.01526405657490864,0.010201767697018098,-2.9980009369658453E-4,-0.007809245346262082,0.26178691816530525,-0.22818437472050657,-2.949316005648513,1.2267977725606676
-0.01524096580885265,0.010141532062734935,-2.1269371764424057E-4,-0.00785840581505034,0.2649893906027061,-0.16192962699173533,-2.993302037565002,1.1795797990114807
-0.015250260880797223,0.0101087702747342,-1.6303221397910084E-4,-0.007843623288579163,0.26278421542917946,-0.12347147280405679,-2.9919976040300273,1.1345215087126754
-0.015249597715678284,0.010053395460946923,-8.040586321401282E-5,-0.007847481490006131,0.26199863155361575,-0.0593724113050953,-3.0066604572412476,1.0715536776380572
-0.015269430603463134,0.010085549680004018,-1.2742688226386972E-4,-0.0078094372872869475,0.2589571640087686,-0.09539896506383279,-2.9766025331285397,1.0921665756650205
-0.015254538981714904,0.009996213204713458,4.958852172233749E-6,-0.007838938075426507,0.2599561816652252,0.007052820358620267,-3.013325934054265,1.0015416249456892
-0.015263140477896179,0.010027100678237208,-4.096783006477072E-5,-0.00782288881425704,0.2589072529758894,-0.028492719662563882,-2.99721217150138,1.030496868038735
-0.015275199223473186,0.010166663465294023,-2.467659266414219E-4,-0.00779268057253846,0.2592624539578887,-0.1871895546349537,-2.947984280555931,1.1782287868207126
-0.015112058488293646,0.008946467252260362,0.0015924859704332989,-0.00773355402592324,0.2571895268711873,1.2726335292184612,-3.0250371580413167,-0.2268080459938707
-0.01511632332069317,0.008917831528224548,0.0016285135808878348,-0.007706125994700581,0.2560151946687221,1.3001053311582824,-3.0052514009073135,-0.26181251439498254
-0.015140020187720447,0.008964492325055215,0.0015489494052486265,-0.007696372733261536,0.253430597179622,1.2349345275434833,-3.001050996721545,-0.20842336626986516
-0.015159492544597473,0.008988437548221014,0.001503597405567518,-0.0076778726677377285,0.25100524021411474,1.1971550936832533,-2.9897790041584247,-0.1823324799501368
-0.015167207555680694,0.009196678358160636,0.001209273247208445,-0.007786562990052739,0.25437469862605594,0.9646770552115845,-3.0644824604741476,0.06921902254979066
-0.01517736033033436,0.009162370259515112,0.0012523708092701633,-0.007749843322028297,0.2519728551725335,0.9978632494037926,-3.0404027891802126,0.024352884800324867
-0.01515685832831615,0.009066167210023972,0.001398552546530036,-0.007731274058171983,0.2529478562301785,1.115214314103767,-3.0274235916756846,-0.08842971126881223
-0.015171835778752602,0.009022985530415176,0.0014487179453333383,-0.007678143602860023,0.24978270771586103,1.1528515247399123,-2.9911525957082827,-0.1429525520868579
-0.015188921301925784,0.009122931949322595,0.001301052353514367,-0.007707292358334859,0.24936309207094023,1.0352026056255685,-3.012176241830154,-0.02629544627351488
-0.015183875530512142,0.00908780137659491,0.0013525425086222415,-0.0076960850642908574,0.24930940852667774,1.076188474739751,-3.0044377669413134,-0.06748822461101009
-0.015192809963526139,0.009355201788589678,9.692507759053762E-4,-0.007815183922667552,0.2542798227130599,0.7720721965907645,-3.0782264568710778,0.2571623704408172
-0.015187079087321101,0.009329290630043783,0.0010092690923148124,-0.00781449283491842,0.2547526080080305,0.8043015476059411,-3.0790324852007007,0.2271372394002009
-0.015184452962161171,0.00930340566013044,0.0010478516277193563,-0.007807665126526606,0.25441241838773704,0.8351641688139378,-3.075615079545234,0.195965660344625
-0.015181561612686622,0.009276222390579661,0.001088333757411278,-0.0078002692092929175,0.25419328044073475,0.8675252123264645,-3.071706840101226,0.16328528727727257
-0.015184361502123586,0.009247470212129781,0.0011281614379411188,-0.007781261978850444,0.2529920174351978,0.8989509693457566,-3.0599324068437395,0.12682481596251263
-0.015194338387175562,0.009217906740663827,0.0011651640870464386,-0.00774843141044753,0.2507507075262701,0.9274434879231622,-3.038815860338936,0.08759217941031784
-0.015280934456352377,0.009973177298212253,3.871262611954567E-5,-0.00778973520438453,0.25502655542281194,0.03369395281764282,-2.9874977957913873,0.9548168690168717
-0.015251520346192043,0.009751045974514731,3.698823539660448E-4,-0.007823324325606175,0.25506797227593386,0.29371117472853925,-3.0452774147214936,0.7132139194639092
-0.015252811106575285,0.009725576697559045,4.0732545498202487E-4,-0.007816508790976376,0.25426053735397236,0.32327942280972904,-3.0444873111113644,0.6818331999377903
-0.015248808319955807,0.009856069922269641,2.1421575410212042E-4,-0.007842216506277274,0.25781442785254033,0.17094910468485547,-3.0410232603291685,0.8407179244914397
-0.015245930262104102,0.009828875441845566,2.5505514312355957E-4,-0.007844666607848345,0.25789375619756794,0.20312267556179248,-3.0470244108155846,0.8102207318791372
-0.015256080296433846,0.009782535284632623,3.2255686187194777E-4,-0.007819766167011256,0.2550653329806487,0.25628335197086555,-3.038445285319604,0.7480824061417287
-0.015259666917336084,0.009809811629651655,2.8169821305915033E-4,-0.00781683234785206,0.2549305330038422,0.22408750527161175,-3.0324681678335614,0.7782879466276053
-0.015290034251222042,0.009937655284250023,9.063712909978108E-5,-0.007771786910411034,0.2526255572108498,0.07418378634905863,-2.9830250500781905,0.9073622268184317
-0.015289917320894025,0.009904971649457672,1.385734939259386E-4,-0.007770193549352866,0.25202014428536484,0.11163450962484657,-2.9877978724527146,0.8696815099265348
-0.015285639742789577,0.009872266283416687,1.8687613972709927E-4,-0.007775564047073121,0.25207447087912177,0.1494817484725073,-2.996665454724234,0.8345755794204613
-0.01519699499112886,0.009508650756676285,7.426685988869149E-4,-0.007865100282898123,0.2577792736968853,0.5912639111569128,-3.100230346905047,0.44626739502293583
-0.015235860285179783,0.009701460644103696,4.462686328602851E-4,-0.00784338138435184,0.2563908301427951,0.3543597747852824,-3.064885631406081,0.6628741251258355
-0.015212867679633573,0.009669945877715774,4.980777701729372E-4,-0.007879673806149496,0.2594027643035168,0.39587873328146994,-3.092294788911652,0.6379810320061127
-0.015209791856321722,0.009637724915050773,5.469660618625154E-4,-0.00787796648905984,0.2590841291958184,0.4348015282691685,-3.095141544192066,0.600011267958911
-0.01522300137192961,0.009539718000250864,6.886271544258332E-4,-0.007826630080199605,0.25433942140897986,0.5471703569418875,-3.072353344058815,0.4720515520727471
-0.015208433690169887,0.00957145014757477,6.460405957168414E-4,-0.007863019358930544,0.257637014158795,0.5137980282401724,-3.0928030011250303,0.5185717217303408
-0.0152223303115866,0.009607134575884278,5.89313629603325E-4,-0.007846891603494882,0.25606402139829804,0.4682483434789094,-3.078570628712424,0.5552073116033011
-0.01521878271939422,0.009479500507985253,7.782689051312011E-4,-0.007814988500456567,0.2535133017690412,0.6186431937272686,-3.069942459001353,0.3999278058865187
-0.015219868667840171,0.00937768758006011,9.255488732206512E-4,-0.007774979627235492,0.2508296237246554,0.735571807291315,-3.0505523615802295,0.2745202316189343
-0.015233826591059027,0.009414069892862345,8.677089709932091E-4,-0.007763799275007337,0.2493986484501689,0.6889079693692227,-3.0410714471311526,0.31338256989329083
-0.015233093581587377,0.009449596191245451,8.16735039305883E-4,-0.00777823279249566,0.25049532713961153,0.648589731401879,-3.0481252064205475,0.3568597475796786
-0.015323533578647703,0.010736884099160786,-0.0010447897598235888,-0.007550589376705401,0.2538057954938418,-0.7738972738197594,-2.6440678559176782,1.6984849461830491
-0.015309980304891503,0.01048905186348229,-7.061243186252792E-4,-0.007665267487929408,0.2562892471234808,-0.5310338583868724,-2.787460503652332,1.4833661471179165
-0.015321222482633446,0.010531382738538538,-7.622608183617375E-4,-0.007632327995654706,0.2543938940263996,-0.5714784419596978,-2.756270840588377,1.513176680823294
-0.015322405479744932,0.010571050077504005,-8.172667608187425E-4,-0.0076171183999564325,0.2541523347072044,-0.6112922204988193,-2.7355294705009974,1.5496102536288663
-0.015321951460606673,0.01065034421575783,-9.27226834863747E-4,-0.007588976001405502,0.2543711547543582,-0.6906068604390104,-2.694341920120039,1.6234534249476933
-0.015345574047694972,0.010604887081954898,-8.559402921679525E-4,-0.007564777601465991,0.25022001771055963,-0.637580551453881,-2.696653388066577,1.557423443260969
-0.015342025551036803,0.010691007573523922,-9.748007789554788E-4,-0.007538045054550801,0.25058051334078174,-0.7226742781925881,-2.653813416227242,1.638396437214021
-0.01528569784696348,0.010318160918173022,-4.6693517352618005E-4,-0.007751011051552897,0.2593518460341,-0.3542259431892587,-2.8850611728502358,1.3327495219090293
-0.015300305851943103,0.010351623638514752,-5.123510862941216E-4,-0.0077176791939445885,0.25714000747755955,-0.38758744506315607,-2.856812147317255,1.3539849562461475
-0.01531774641995199,0.01038879717709202,-5.617127336252962E-4,-0.007677987830678753,0.25451727305583294,-0.42366930341473014,-2.8239339312229848,1.375788661880858
-0.01531915696866339,0.010426073738144134,-6.143708692534533E-4,-0.00766630098884623,0.254217326662548,-0.4625998304182931,-2.8067671441873534,1.4119015816863314
-0.01534020604254025,0.010457342294249466,-6.528817862138498E-4,-0.007620644920128774,0.2508980608103384,-0.4900433487057301,-2.7722822785380203,1.4227390865021177
-0.015286767986611785,0.010229964220035767,-3.382209630627931E-4,-0.007763838192625575,0.25817512407753845,-0.2566401303121828,-2.9155250270749757,1.2374444621900162
-0.015307871430324261,0.010263247749258426,-3.8343295599113604E-4,-0.007720482289583199,0.2549863992037537,-0.29024292054380196,-2.881791450319726,1.2544852780481668
-0.015310033754957228,0.010292499928468254,-4.2529087798577993E-4,-0.007711658524095967,0.2546776822380744,-0.3216839733235355,-2.8691739567857497,1.2833646343056402
-0.015292019940683013,0.010891055192256383,-0.0012672516800829646,-0.007530128609019685,0.25758699460229467,-0.9314643006452882,-2.5748786464306357,1.8629430827475397
-0.015307667407929541,0.010848424945109994,-0.0012023879415915002,-0.00752547432756719,0.2549875499795013,-0.8852444396622888,-2.5895469764179073,1.810297197568629
-0.015328772978542324,0.010782218689569184,-0.001103587657942556,-0.0075212999947673175,0.25199814764239,-0.8145346808096747,-2.6127359473249685,1.7315708376327232
-0.015310561067359783,0.010809891506038054,-0.0011492801869584426,-0.007539441009916695,0.25569141351985974,-0.8481662309421949,-2.611350178171516,1.7750594208375527
-0.015359129006300962,0.010769473777347926,-0.0010728137859130574,-0.007475420157059642,0.2474914256561676,-0.7903075919507627,-2.5941795723816496,1.6879756423556302
-0.015090438701629003,0.00886845447300413,0.0017139050475746857,-0.007716079511373294,0.2588925084885661,1.3702511065135436,-3.0089089000969254,-0.319006037107251
-0.015090294267453916,0.008842787618147423,0.001748507639139072,-0.007697215332389427,0.25857964259226235,1.396986057523988,-2.994477184866016,-0.3496955202814282
-0.015104188727602547,0.00882513018193933,0.001761540527858633,-0.007659736212930447,0.2561839458093661,1.4047055089027694,-2.9680714865866644,-0.3711872264190189
-0.015119866234608335,0.00888720993512953,0.0016672785807954058,-0.007678189325861892,0.25492361435780314,1.329631863020752,-2.9848239616156182,-0.2986639439639742
-0.015103852246264166,0.0087971532221651,0.001798653427855662,-0.007638954494648756,0.2558821429880566,1.4332842102194798,-2.951965277683024,-0.4040089919070901
-0.015099902832005014,0.008756658609690073,0.0018545432102816221,-0.007614087728395371,0.2556270775807357,1.4764721600228419,-2.9318374591938476,-0.45081242684417505
-0.015042282526518803,0.008688033605181037,0.0019907911470001187,-0.007656162216854231,0.26320913206931257,1.5907444294117579,-2.952536824476734,-0.5319687989184289
-0.015042002037673412,0.008653842164529168,0.0020349875234099914,-0.0076272512149442315,0.262871265178596,1.6240963505467694,-2.929193411827031,-0.5714868445589633
-0.015041593273348575,0.008628288736056897,0.00206785801870788,-0.007605613394766095,0.2624844720351575,1.6486954781892975,-2.9116236186458946,-0.6006081859935386
-0.015056602136174359,0.008603153936191679,0.002086177332729097,-0.007558293741778513,0.2601294056467727,1.6589344342848056,-2.877042557321114,-0.6273847378925573
-0.015051653877518415,0.008570803679157886,0.0021307073188525545,-0.007537587823762488,0.2604738163992251,1.6928405567808886,-2.858863915283011,-0.6637225547396638
-0.015042673221767763,0.008540462839916345,0.0021761428232306775,-0.007524740285460443,0.26151466404597107,1.7282017180944955,-2.8458830098782237,-0.6981699143178236
-0.015032144743155776,0.008510460125879546,0.002222437949668949,-0.007514114454773895,0.26280925755566636,1.7644343139938916,-2.8341559556386007,-0.732369367348289
-0.015022136253761212,0.00848147074531849,0.002266896650540071,-0.007502968315441705,0.2640529642831066,1.799102322002178,-2.8220197890837153,-0.7653353787137824
-0.015015597476132429,0.00845273620278638,0.0023075418280255155,-0.007485874143420563,0.264841119779652,1.8299662620248218,-2.805821834942609,-0.7972577717680608
-0.015074746458827497,0.008700386671726743,0.0019475686840034116,-0.0076112355629822355,0.2587170769454988,1.5517304270578414,-2.9241156655529523,-0.5162605813622657
-0.015106813961945999,0.008717237242374483,0.0018997115321354333,-0.007570773382464562,0.25407340062873685,1.5092757655984768,-2.8993434879144115,-0.49553156162862955
-0.01493900110092948,0.008356197912441713,0.002498743855433355,-0.007511509920273509,0.276156908826337,1.9881280038731022,-2.8033364802148117,-0.9170221956430177
-0.01497034241986573,0.008370043822358352,0.00245005837369636,-0.007475831392264934,0.27120792180893355,1.9439090137640707,-2.783341305445607,-0.8943876237899842
-0.015011308694771183,0.008420500800177864,0.0023498093957556965,-0.0074612224790854415,0.26524701577837234,1.8611327201653511,-2.7838903737687306,-0.8320912739830703
-0.015005754970855762,0.008384878624002834,0.002396876338036783,-0.00743461797487719,0.2659444295308842,1.8958262896053568,-2.7598221385420416,-0.8703646794225149
-0.014850032679084087,0.00815383599427908,0.002825572532646659,-0.007425674821590602,0.2899772706236834,2.240768421109172,-2.698328153790135,-1.150460672770502
-0.014868882097088934,0.008172897679973517,0.002782966269910741,-0.0074190900080203905,0.2868138277093935,2.20524247265764,-2.6995730024789277,-1.124861948464934
-0.014816087887752646,0.007998244954988082,0.0030281537510782977,-0.007288374738720584,0.2961077532224117,2.3804561391839667,-2.5652878570878106,-1.3082492309595326
-0.014854912891102115,0.008124819498093412,0.0028509272407509605,-0.007384164609332771,0.28922010738252796,2.2545611185531356,-2.6639828819400933,-1.176345473170259
-0.014823837886804442,0.008028757613506993,0.0029879645029096476,-0.00731471979377402,0.2945893840459453,2.353031306602397,-2.591440069945253,-1.2777939561805223
-0.014824900529158313,0.008054402053533194,0.002960508758733588,-0.0073444930776027945,0.2944017606209334,2.3362211761515037,-2.6178901095155642,-1.2542349227573828
-0.014842062599448105,0.008075030288310288,0.002918460802401143,-0.007344099759219561,0.29140689759302774,2.302215927611042,-2.624209747795424,-1.2279426513382152
-0.014856881553023796,0.008097634183143437,0.0028772513185129664,-0.00734907933285261,0.2889045566847404,2.269905989765698,-2.634196692203995,-1.2009201575903254
-0.014884615720390737,0.008194253084896085,0.002741630487446759,-0.007419489426640529,0.2844033521035198,2.1718229629789323,-2.705619282129065,-1.0982996791047996
-0.014935731277040301,0.00832863165876924,0.0025342021757493957,-0.007487619726192462,0.27647115625767643,2.013698067841666,-2.781919397626538,-0.9466462770009233
-0.014928782133336555,0.008300110532851566,0.0025743529395443987,-0.007468110188114614,0.27741934799814144,2.0435414063684263,-2.7629269755950507,-0.9779651432294464
-0.01492077399257742,0.008271183622242287,0.0026158263235022856,-0.007449308706928595,0.27870002134832766,2.0745006478375427,-2.744088781007584,-1.0097806110661922
-0.014911643453768778,0.008242841089727794,0.0026576149179166173,-0.007432366212127533,0.28002514053677463,2.1058441558615253,-2.7263611589739267,-1.0410900213467758
-0.014898714962738297,0.008216589874985723,0.0027011361425209285,-0.007423078036121297,0.28211332403507683,2.139616667139066,-2.713784885369485,-1.0714183338705412
-0.014894298949241713,0.008171357776704706,0.002755459077926144,-0.007378610862063794,0.28280048604296376,2.1765704033064712,-2.6737379227299924,-1.1169270594574163
-0.014753195907356574,0.007914084275077598,0.003190120883149267,-0.007271368101707893,0.30730025428579705,2.50736452281642,-2.5246834358393815,-1.4112336655497
-0.014782715333747925,0.007926310788465835,0.003140401202567402,-0.007245491263635768,0.30213351078750295,2.4622796636852198,-2.514138639190255,-1.3858452131531112
-0.014818813653574117,0.00796699157227821,0.0030555582029644685,-0.007245669193100921,0.2957629894954458,2.3944365848986844,-2.5290868797302086,-1.3337532625513235
-0.014814405640701285,0.007936798144114533,0.0030902421402952906,-0.007214180033945582,0.29676501541049166,2.4161387854146654,-2.4998192098558687,-1.3611495668825915
-0.014751418239796407,0.00788442652948548,0.003220539131627504,-0.007235243997856509,0.3077976523866719,2.524410034102162,-2.492084644696197,-1.4365596238094944
-0.014691480144880122,0.007747174520652048,0.0034242630376626186,-0.007132748226196947,0.3197155449752312,2.664877908174962,-2.3757399019709045,-1.5761058141933484
-0.014745741998888234,0.00785600764142614,0.0032544007539438563,-0.007205852229447605,0.3090154866273078,2.5454101147442896,-2.4638035522342054,-1.4623875235905783
-0.014735567108099567,0.00783019554241551,0.0032914407268718666,-0.007185668439364826,0.31098680877655877,2.5707136818037655,-2.441685866231286,-1.4882295511608958
-0.014723912810846044,0.007810596937971083,0.003324647072528413,-0.007175350409823757,0.31335902329484494,2.594986404762012,-2.427580724825237,-1.5098894312738667
-0.014726065731139049,0.007787266121714961,0.003342491421992611,-0.0071412015236057185,0.313176909597145,2.6016739098267063,-2.398408998576299,-1.5262412666402392
-0.01472465199640109,0.007756982773102435,0.003370769254628709,-0.007102384007289707,0.3137577512073078,2.6154788637639417,-2.3637147300729318,-1.54922038157523
-0.014610075787390823,0.007589487266377062,0.00366711218538306,-0.007014496800085426,0.33665841328637897,2.828435632699857,-2.234303264323532,-1.7337227662158974
-0.014682345962797496,0.007716426527916168,0.003462984600087807,-0.00710242345466388,0.3216666149306446,2.6885557061944136,-2.344960314105571,-1.6034999314436582
-0.014658933770073782,0.007658191690595902,0.0035435679507385283,-0.007051379157109765,0.3266968199808237,2.740062311051403,-2.289484666610441,-1.6577535993439085
-0.014669478137657573,0.007686136621337921,0.0035060439277761514,-0.007077027127858228,0.3243486006373976,2.716645494985556,-2.3168112890713215,-1.632384522876971
-0.014649789904114996,0.007628760811225534,0.0035799015512005786,-0.0070214240975078725,0.32876503335786006,2.761272049876973,-2.258939269285847,-1.6827387936734282
-0.01467776331151086,0.007636409698078201,0.0035346366310161264,-0.006997284215964637,0.3235810698037271,2.719563861700089,-2.250734347115266,-1.6596736177243927
-0.014643678218538547,0.0075971222122989375,0.003613170043450653,-0.00698418795273385,0.3301735685609178,2.77796675042837,-2.223473324664394,-1.706487148274799
-0.014602191867441704,0.007558709258400083,0.0037017796430222753,-0.006979585946774321,0.3384781470839236,2.846490212998605,-2.1999176258294195,-1.757554793490522
-0.014588516473832353,0.007531773799569132,0.0037415754359592644,-0.006956779728986332,0.34163929090571443,2.871550818839729,-2.173438644437928,-1.7825400720789837
-0.014567500704461885,0.007507582719500766,0.003789897315704927,-0.006946122209431666,0.34598065953252416,2.906656002728584,-2.1539383561270964,-1.8109233303864494
-0.014598463022598965,0.007506952328222197,0.0037449703611908158,-0.006908837564634012,0.3398924399481309,2.861008680340111,-2.1364762834652122,-1.7893118667011936
-0.014559308614170641,0.007476806033224781,0.00382369308234479,-0.006910137625450319,0.34789235935013657,2.9229226019612837,-2.118462389497989,-1.8332986029046114
-0.014532483050982254,0.007424423272673085,0.003899236828219577,-0.006862537628526048,0.35381707359679604,2.968047578087958,-2.063954864489734,-1.8792409270237955
-0.01454985562288437,0.007447807612803679,0.0038576128456581857,-0.006877881615225776,0.3500247664609221,2.940099259822301,-2.0858170647265273,-1.8549908811354199
-0.014513298942647274,0.007372109967288465,0.003961840457563101,-0.006804835379812942,0.35825802105916493,2.9993671280396983,-2.0044435303448904,-1.9178243068891203
-0.014543751074101753,0.0073970392277686115,0.003900210073623143,-0.0068089804453042,0.35184810552328405,2.9529274790788613,-2.023318039956422,-1.8838524456742187
-0.014438935666396816,0.00731278850725854,0.004112250032288857,-0.0067930687830777174,0.3747992215402245,3.1128565469781733,-1.956119868022227,-1.9999751858893842
-0.014463022514703777,0.0073295660617792874,0.00406485598155738,-0.0067937463859200405,0.36914505663403535,3.0761229030401185,-1.9692636869818614,-1.9743759796955487
-0.014492705277791385,0.007332501266394302,0.004017472391771504,-0.0067667381218659015,0.36301939207402495,3.0305319029305813,-1.9611305242802786,-1.950284385761328
-0.014532138279959157,0.007340722331222913,0.003952824135692285,-0.006737270944663671,0.35499893221527734,2.971395902471741,-1.9561113001885968,-1.9169264455453352
-0.014256249697131879,0.007018011454762217,0.004548213375613349,-0.006490874704851082,0.41756698539369447,3.338769300997114,-1.6006803664086215,-2.2293082964995654
-0.014281310959581506,0.0070413731475053205,0.00449804584066348,-0.006508112855480559,0.4115520783025523,3.3073825679641486,-1.6291958697395807,-2.204653773625036
-0.014302732652334268,0.007063893085976468,0.0044540161283715745,-0.006526386029824916,0.40655074180971607,3.2809630837789103,-1.6564071029184222,-2.1828543420816193
-0.01443725124099471,0.007282528282016196,0.004132267599838737,-0.006747525755841318,0.3751954085099308,3.113347031229528,-1.9159364291500462,-2.012886724372608
-0.014425627915902595,0.007253720078780522,0.004166481773461146,-0.0067142850219791385,0.37800150768893,3.1285511335226666,-1.8814925965163398,-2.032307373694868
-0.014318855409722286,0.007133572916814765,0.004397501815319255,-0.006625312362298603,0.4028238131080323,3.275566118428255,-1.7481229364604598,-2.1548250587828215
-0.014321626611163258,0.0070848247146190505,0.004414579397540508,-0.006543724974453318,0.4021282912498529,3.2575632318792285,-1.6813435687663272,-2.1631370971400155
-0.01433851523789783,0.0071049711121303405,0.004378559614774351,-0.006561112873282788,0.39814215288399485,3.2366652324618213,-1.7051732211983344,-2.1449498351371776
-0.01434635653258802,0.007155806508301561,0.004342588753840992,-0.006635767010007371,0.396384279056629,3.2369855960018703,-1.7721494292620188,-2.12638136024082
-0.014365717173029025,0.007176128820050184,0.004301666717232076,-0.006650096385657623,0.3915569703612049,3.21058147873715,-1.7948257696133125,-2.1049464045011774
-0.0144039922865113,0.007210826379282321,0.0042233221746858845,-0.006668283743152237,0.38295323708253326,3.156543172130125,-1.8309033619639508,-2.0636298332187093
-0.014395495132378672,0.007181903538936445,0.004251434384933909,-0.006630815310286745,0.38502049104904973,3.1648601963130987,-1.7946688953476457,-2.0790274899179724
-0.014438810300649266,0.007220158647998311,0.004163911992751102,-0.006648727144870739,0.37539886739247313,3.1041319596176824,-1.8328485239809227,-2.0329355432354603
-0.014268614488609738,0.006989730709874084,0.0045383613701791975,-0.006434259376958777,0.4144789264568903,3.308153601919908,-1.5614450279744936,-2.222349849947094
-0.014169984047304402,0.006922675162973572,0.004724185039813259,-0.0064005167541038915,0.4382109020727368,3.435006137462865,-1.4763019496473857,-2.3119644641777435
-0.014156263744418883,0.006906728271671693,0.004752009078332386,-0.0063838831640587925,0.4421153494353846,3.4488891579518777,-1.4547181132027662,-2.32441101562263
-0.014153386247028318,0.006887584223149778,0.0047622369863746855,-0.006353705773830566,0.44209399261489263,3.4433135836302498,-1.4287830206299157,-2.3272842986075357
-0.01416268658680704,0.006868569377970398,0.004751799402226036,-0.006315055336021311,0.4396481875475569,3.418028056647445,-1.4036611555598435,-2.3193014512218655
-0.014197853925755588,0.0069287844017065685,0.00467565692242522,-0.006389569792719345,0.4316406407905459,3.3933161809957233,-1.4841055030146644,-2.287640747875407
-0.014225362367675172,0.0069469285350554,0.004624202895359167,-0.006398456085879725,0.42464022689219855,3.3582720335979537,-1.507440710721256,-2.263027138243807
-0.01425810984659153,0.00693878510243206,0.00457317157335597,-0.006359541108903578,0.41659515923183704,3.303546500668206,-1.4952351002847273,-2.235903050588743
-0.014275193862554778,0.006961995709894182,0.004537500734156848,-0.006383787121046059,0.412663733977855,3.286992279102248,-1.5244190916568958,-2.2197245753998454
-0.014120635387685088,0.006838855096690638,0.004830065868834826,-0.006294597797855384,0.4499395883235396,3.46779162712232,-1.3619692985463117,-2.3550580205201217
-0.014154342129659533,0.006843431955275488,0.004772263608668354,-0.006278923054731467,0.4412546531637335,3.4172846506890315,-1.3701273251123844,-2.3262311293632343
-0.014109171093814953,0.006806784931182009,0.004856783713405618,-0.006248138665884701,0.4523197950135227,3.4664291416624695,-1.3185830660891262,-2.363435977148517
-0.014097400318176275,0.006773588403228998,0.004883565901570256,-0.006199803557414923,0.45457861457323406,3.463760992055923,-1.273932307763529,-2.371068563629645
-0.014057955105786153,0.006720112557617801,0.004959718150576726,-0.006133870364134636,0.46373254729662977,3.4886124073697657,-1.1991976642179094,-2.398688809769416
-0.01408287109829033,0.006738923858205948,0.004914527738858012,-0.006150543603875834,0.4574362339876616,3.4633091749655263,-1.2273593614178562,-2.379944856636856
-0.01402914887449928,0.006669705204383568,0.005015554602826509,-0.0060651976133041,0.46982086695107245,3.4958669888856955,-1.129631921147798,-2.415136013441696
-0.014048608306508316,0.006691412003560885,0.004979802631564869,-0.006090855897102752,0.46515789199044594,3.4823761111292098,-1.1609805872880494,-2.402431721628844
-0.013987758091898093,0.006639997889155138,0.005089043219785864,-0.006037135324588169,0.4799337146655484,3.5354578333525883,-1.0823192095631293,-2.444022476790288
-0.013943841303205612,0.006595206575174404,0.005167462065389122,-0.005982759388259374,0.4903372974092939,3.5646227375446853,-1.0141236852400815,-2.470253576986698
-0.01396719894884515,0.006616097936381224,0.0051261506402333545,-0.006006953685355518,0.4846537830387327,3.547027237428683,-1.0469525581831591,-2.4558786127805146
-0.01392798157946748,0.00651771125225414,0.005197357520002944,-0.005858312080911448,0.4910274616997214,3.5200194098522055,-0.9158448548592902,-2.461668479329346
-0.013914953547450029,0.0064916841857750015,0.0052196275245667825,-0.005819964320220627,0.4931057168569185,3.515158787259831,-0.880884448988513,-2.463976347823648
-0.01394768154251906,0.006553959735809254,0.005162973060972155,-0.005910770904125335,0.48746262813561836,3.523320792171901,-0.9653745444855553,-2.4562113711556997
-0.014025437525639988,0.006639359160384764,0.005025356427627408,-0.006016075448153779,0.46982277694639046,3.4783947497373267,-1.091077872362533,-2.4125858955019104
-0.01109123513660878,0.0048391130539622365,0.007813892288906376,-0.0016443077202029164,0.5633706293097615,1.8205409055100323,2.100924347267059,-1.0874635589026387
-0.011353339188737141,0.004898735688427285,0.007701788571537295,-0.0020337259965267813,0.6075347551300209,2.086126410023071,1.970666651545557,-1.3241010513074079
-0.0111666046562078,0.004843729276346519,0.007772161709627805,-0.0017494603553484189,0.5728146086789151,1.8885512885587248,2.057643995394822,-1.1534577448653718
-0.011131863300192486,0.004818184038392837,0.007766652697734528,-0.001686707342297337,0.5597886622473917,1.8388654479977105,2.05999145222589,-1.1172087120298102
-0.011320034257269237,0.004884345274755992,0.007710931689429083,-0.001980044765152522,0.6000213630093801,2.047311697568962,1.9842518741808928,-1.2924995155720806
-0.011283990824344435,0.004864114740989562,0.007715181626558022,-0.0019186833915586894,0.5898557229752833,2.0011062449330534,1.9947048068869926,-1.2567342770420658
-0.011249093132229921,0.004844975382623942,0.007719043145658091,-0.001859804093718819,0.5801141760012269,1.9569567999013942,2.004414772590548,-1.2223696550805976
-0.011209399898816917,0.00482924355017018,0.007728964652193056,-0.0017970608245044717,0.5710438117088169,1.9118694204948947,2.019043998437837,-1.1851563406366827
-0.011671227989207368,0.004999031495904052,0.007542949589127281,-0.0025101458360676818,0.6510697201334922,2.4061633929248014,1.7822654527487576,-1.601096479544239
-0.011642225009712686,0.004980943511665668,0.007550729393607513,-0.0024595456952536364,0.6445463766357209,2.3688929955842415,1.7961347492334452,-1.5726926154862932
-0.01139340179487088,0.004893185448553503,0.007665869953804951,-0.002080902366156176,0.6070367785732013,2.1110621335645905,1.937054422979001,-1.3535590670136328
-0.011436044465155585,0.004903148471917876,0.0076433958315868245,-0.002142444766799472,0.6126005452014788,2.151547322048637,1.911903677825676,-1.3899537218197373
-0.011468199804675935,0.004914867146981093,0.007630151799490747,-0.0021919163681854373,0.6180212639978802,2.185773675851466,1.895211795466223,-1.4187992283848911
-0.011612312345529459,0.00495416046534204,0.007549931400366262,-0.002400341960859652,0.6344953962721617,2.3216879110767366,1.8044405482775276,-1.5395329701827387
-0.01153444878781317,0.004932938346993175,0.0075947308348409265,-0.002288375547292058,0.6261832077276862,2.249361726214316,1.854742026056585,-1.475144868516459
-0.011571947604869114,0.004941374623982592,0.0075717485385678905,-0.0023409912800182553,0.6294205622148255,2.282645685388987,1.8297245095672892,-1.5055659037348559
-0.011522185016604616,0.004899981730442574,0.0075711214808410286,-0.00224619757566549,0.6133213863807612,2.2081542006056405,1.8427252415329307,-1.4521694481298237
-0.011497178420388004,0.004889372366211778,0.007580632295429453,-0.0022071563822502155,0.608742818069956,2.181025644771338,1.855308268495827,-1.429803943819975
-0.01245128518891741,0.0053718071517237335,0.007021193576323275,-0.003709699251370408,0.6976423362748846,3.145299985904584,1.130005518376181,-2.2098103860348703
-0.012561998242693662,0.005442452057826512,0.006931007016216026,-0.0038879215270789256,0.6967342393654101,3.2428990413323873,1.0106452390838385,-2.2854048679460353
-0.012588242340741464,0.0054563855176430354,0.006906094833668387,-0.003925683060867426,0.6951592795396822,3.260015767856726,0.981109364721929,-2.299805947865678
-0.01248760311569392,0.005358618902276725,0.006962356850915223,-0.0037203809227199657,0.6856990396125261,3.12307946914806,1.0873337392801703,-2.205976474479252
-0.012547022274769165,0.005414575743221343,0.0069288012657534445,-0.003839136463065558,0.6912888823090568,3.20177382449316,1.0260138600077966,-2.2604330133239086
-0.01251479537388132,0.005388482221005892,0.006950861458991798,-0.0037803876121813586,0.6897147645067192,3.165659947224855,1.060258464980398,-2.234458277779328
-0.012624517616556764,0.005452369039199716,0.006852709739443477,-0.003944974420288398,0.685372573117237,3.246130391596021,0.9397779944241876,-2.299326224233465
-0.012642526113230754,0.00547815241800043,0.006847707432655728,-0.003992891039525533,0.689129988262911,3.2820404161559824,0.9190885101103617,-2.3219897788529367
-0.0126569154807503,0.005502942860609703,0.006846710531160683,-0.004037265417097569,0.6931723893643968,3.3175502693137484,0.9018968065702034,-2.3436636093321916
-0.01268427947619633,0.005502391714090835,0.006807499495815938,-0.004054063091063538,0.6863004356106307,3.308916478128165,0.8706563413445965,-2.3439529234188403
-0.01288785973342167,0.005611873762866455,0.006589601416298667,-0.004327153814151744,0.6644461218703661,3.4000909927226313,0.6269928186134367,-2.4242572188828224
-0.01273842140117856,0.005521188928054315,0.006744353735709707,-0.004114014689174665,0.6783930967419548,3.321213350803308,0.8081391652284647,-2.3597334781880623
-0.012710886763343409,0.005508651150670375,0.006774398982228167,-0.004079519920223995,0.6815932825015211,3.3106553254398974,0.8401416132508323,-2.349475613621848
-0.012765131282368914,0.005534645213285692,0.006715771355333266,-0.004148951095005282,0.6755579016865224,3.3328370991509204,0.7766643870944642,-2.3703005559601387
-0.012764881075202362,0.005504950739814617,0.006694753204821792,-0.004106224800359698,0.6672822797118474,3.2871171197445754,0.7803852710791899,-2.3455290586778474
-0.012795800198672096,0.005545371877948417,0.006679106011981376,-0.004181737178406794,0.6705440324197015,3.3378725188401774,0.7410213830848572,-2.3777474841091233
-0.012854932421145934,0.005586704188055337,0.0066213791869706665,-0.004273527882917871,0.6664089672762691,3.376763503918579,0.6686115116285275,-2.407253679978012
-0.01282816056146987,0.005560382459418345,0.006642554373854241,-0.004221039252918905,0.6662978839543686,3.3479267307876728,0.7029396308769459,-2.3879115557749344
-0.012046700978254249,0.005191887389125814,0.007352332662607782,-0.003121629219410113,0.6997241275420779,2.8236024435513154,1.522680543723489,-1.9344090408762369
-0.012024584102498586,0.005165976215175202,0.007351976321595846,-0.0030700431670026038,0.6921277041176505,2.780860000062315,1.5340351768400098,-1.9061518368134933
-0.011996012962725467,0.005142913768190738,0.007361046129280658,-0.0030152049851412625,0.6863187872156497,2.7399274054274936,1.5525968139193063,-1.8767281929185362
-0.011963839079757226,0.0051258913258901175,0.007379261549641892,-0.0029631795523136495,0.6828954803502701,2.705528473964161,1.576910214779481,-1.8492935795558851
-0.011932173015760349,0.005113922036906047,0.00740120445737815,-0.002916854511597724,0.681283046415435,2.677252832883653,1.6026534547481308,-1.8248514778889373
-0.011903733817694426,0.0051011263020397605,0.007418397085485687,-0.002872870022125461,0.6786409980759737,2.6487539895584686,1.624211855528847,-1.801286036149152
-0.011958919251342931,0.005087968295590869,0.007347878842717731,-0.0029177463059168814,0.6687976385913053,2.6551308217812495,1.5632168123959886,-1.8229112940141172
-0.011876775313849395,0.0050837321152117,0.0074290385542545015,-0.002825629911348345,0.6740391377326812,2.6147711064337495,1.6413028078068657,-1.775536267931008
-0.01184854418389345,0.005062414592205166,0.0074366028509624425,-0.002773067766671827,0.6677246416063217,2.5753310833176326,1.656853389274593,-1.746707303724915
-0.011816063133479455,0.005042208731315166,0.007448921036817384,-0.0027170256131824467,0.6618818522577136,2.535196030137996,1.676292386083631,-1.716006857848269
-0.011780952467369082,0.005024519681548005,0.007465599221318431,-0.0026604772397396605,0.6569494080000924,2.496441245906141,1.698802821377221,-1.6849095960448552
-0.011737734421027199,0.005011877151639581,0.007494230922159407,-0.002599328917328184,0.6539140324649771,2.4587261384423376,1.7307103326321143,-1.651192151733001
-0.01170641624849229,0.0049805202184856475,0.00749202026013441,-0.00253413082571918,0.642823020690483,2.406286501308299,1.7398525958119821,-1.615089696159704
-0.012388466021936315,0.005353955709186457,0.007087844472609797,-0.003635648211023955,0.7042438744835596,3.1192948624490775,1.1983957081470702,-2.1813864462109653
-0.012424561761519329,0.005343172114458154,0.007031777267028967,-0.0036510827663814066,0.6933299624668859,3.1027463521294982,1.1555132681485027,-2.1812049012479267
-0.01214320208563375,0.005256106023183068,0.007302582020673735,-0.003292329053416803,0.711552732809973,2.9419398990653276,1.4455111299994006,-2.023485559747605
-0.01210953440639004,0.005237039462212551,0.007323880347746794,-0.0032367277742346647,0.7089010355118539,2.905840396476681,1.474792914259513,-1.995083104748941
-0.012088135984920888,0.005216063968076083,0.007328519801622276,-0.003191093957474164,0.7036762002555971,2.8701641203518693,1.4891502006186066,-1.9706211283585418
-0.012080177351093091,0.005189647703792908,0.007312376598707443,-0.003152976767427151,0.6944308449272834,2.831095218335397,1.4862776027988838,-1.9486787391135165
-0.012177898166033619,0.005233440596676033,0.007240231877257794,-0.0032989040933614224,0.6973463325667576,2.917359834988378,1.3989276168484606,-2.0213059958112507
-0.012362920038042013,0.005327588454294554,0.007097606324781981,-0.0035804327876704854,0.6999881068019046,3.078677603388996,1.2217196728347164,-2.153873682512355
-0.012211265053755516,0.005219758627966364,0.007188119263350059,-0.0033138448217298875,0.6871660914511303,2.9048450496582148,1.3580172883225894,-2.02426176329142
-0.012233884056889324,0.005241386295817294,0.007180700816648095,-0.003360405071775209,0.6914731425510489,2.9392895997758006,1.3407922260510476,-2.048169241042871
-0.012258859364242567,0.005266538772826772,0.007173189789342538,-0.0034135262085665773,0.6968380191137769,2.9792447649380134,1.3214744037724468,-2.0754667262663347
-0.012329554511857004,0.005305351198072737,0.007120277298321596,-0.003523885302787543,0.6983054793631324,3.0436482986620947,1.2538262768592279,-2.1272864564225906
-0.012299284573200807,0.005274103722585015,0.007130308486467015,-0.0034586922307112415,0.6923427740740413,2.9952285036631707,1.2791671288018074,-2.094342696228509
-0.013850611711098077,0.0064665932810311095,0.005328252086408905,-0.005802734371017638,0.5099177704883705,3.5831131994362946,-0.8256444445573895,-2.506374944215454
-0.013817835006357177,0.0064510418452326706,0.005383643158368564,-0.005787976060094686,0.5186371468945286,3.614348412160169,-0.7929881942459112,-2.526387373890231
-0.013786081948760113,0.006408729855008184,0.005435101652340526,-0.005726013430815239,0.5250307716589192,3.615468591759552,-0.7297991430500401,-2.5342433451576443
-0.013809818299815183,0.0064234372914114685,0.00539564761258743,-0.0057434805754282715,0.5187070775707074,3.597524431407841,-0.7579129138302425,-2.5218805155485007
-0.013759961086907956,0.00638942855043202,0.00547802194989565,-0.005700848897436294,0.5311993195238172,3.631215154349106,-0.6948514464914054,-2.5460182461937335
-0.013744340930598791,0.006360643408506567,0.005501505166054646,-0.005655958576311758,0.5334831724243944,3.6212058094279143,-0.654927395318521,-2.5449575355454486
-0.01388998322577048,0.0064730909874050144,0.005261608193879012,-0.005798689524201852,0.4993027263159312,3.533369670669845,-0.8497192402518239,-2.477618283827755
-0.0135563954517052,0.006132006449031492,0.005773387599792134,-0.005301459943760272,0.5665184216961007,3.5879420011163607,-0.30898206250911714,-2.5523788502315647
-0.01368989903324159,0.006320125633245803,0.005588937362903327,-0.005600076996934701,0.5464368241689918,3.649287250095639,-0.5803705895775094,-2.5660804294813624
-0.013724782350178754,0.006332111125213892,0.005531149115206504,-0.005612337526619083,0.5369313718433039,3.61588153576401,-0.6134209861706833,-2.5462130183993694
-0.013656327155853227,0.006279800314639174,0.005639268863015485,-0.005537996957142666,0.5529493557786137,3.646228831288457,-0.517756378121435,-2.5696035203955
-0.013682265758300633,0.006291685770221909,0.005597205218988031,-0.005553169807002107,0.5457209540547887,3.6263159115694092,-0.5461069821047925,-2.5572617419161263
-0.013646562001465355,0.006248334098079426,0.005649696347955251,-0.005486217604345149,0.552504578207886,3.62132014179501,-0.479808878957833,-2.5597097487661586
-0.013577880055588961,0.006163320690400901,0.0057458395439575856,-0.0053520148264610745,0.563984902430814,3.601999422605402,-0.35244144673743877,-2.5574938130724454
-0.013612692519417782,0.0061897126189290885,0.005693981849014931,-0.005392397860281507,0.556525388651011,3.592676997371561,-0.40096605392298607,-2.550129901520665
-0.01363445117394131,0.0062152530820531494,0.005663198780363087,-0.005432301966986918,0.5527406850371347,3.5969269644097985,-0.4397689488096626,-2.549961085054379
-0.012953789209776412,0.005633366587108326,0.00650510365934833,-0.004389630197363479,0.6520213880885762,3.3989231328921568,0.5501008122876038,-2.431756543251321
-0.012927765324581073,0.00560258478251038,0.006524242570356953,-0.004332130302345042,0.6511824568706458,3.366087198178843,0.5861358189944995,-2.410902623757838
-0.013211427246816076,0.005891995460115795,0.0062495361223586015,-0.004879508163708429,0.6341552102309748,3.6095252764582932,0.16935057904932013,-2.5651685232929187
-0.013189293216093452,0.0058641543249827515,0.006271240141782844,-0.00482936013635421,0.6352590116057274,3.5866549787832844,0.2075151982521998,-2.552149207247599
-0.01316825297865129,0.005838603797423538,0.006291769406237324,-0.004783060584159129,0.6365504869418639,3.565407230352958,0.24264672252309308,-2.5398311609480158
-0.01314917959412667,0.005810175632666176,0.006307063007221837,-0.004732657711438695,0.6364450556978261,3.5376525856588263,0.27674779210591444,-2.5239917865549355
-0.013129264189816225,0.005779198572528298,0.006321748197167562,-0.004678067869231803,0.6357842808795878,3.506208749468365,0.3121158733122158,-2.505929288870488
-0.012997047046844378,0.00568749366426105,0.006473407850234251,-0.004489706141615758,0.6531311544883883,3.456721524232871,0.4869141997935031,-2.4676409291727492
-0.013112111454980794,0.005753401732625932,0.006334394445423203,-0.004632532601723756,0.635057256640411,3.480177109194657,0.34129239270869255,-2.4907607790539537
-0.01308748996330551,0.005749474433533161,0.006370525161980343,-0.004618476820322333,0.6416167154832242,3.49179488598959,0.3680865238406245,-2.4949975468391363
-0.01303196112503413,0.005706268691478352,0.006431261561637897,-0.00453204859917094,0.6476546576746746,3.463540844582519,0.44330420625228945,-2.4748408444175065
-0.013064272747139874,0.005728999925336872,0.0063947905804178995,-0.004578815317363239,0.6435413362865954,3.476774128544118,0.40074714917224935,-2.484939388565616
-0.012998416307088374,0.005649452863456356,0.006448052999493684,-0.004432544610654416,0.6437282692041922,3.3980296659174347,0.49816465289917966,-2.4361732164204777
-0.012992118541681766,0.00561421274637338,0.006436010810654566,-0.004377263581074784,0.6372849840669745,3.3493517731101905,0.5157365764445333,-2.409008187157722
-0.013465379032010342,0.006113171636739311,0.005920348324346761,-0.005273581590055136,0.591934620232783,3.6687830080692136,-0.22217413997207117,-2.596290549854947
-0.013393544260764315,0.0060407490608898745,0.00601511985556214,-0.005150219212649332,0.6035615385134548,3.648428248326223,-0.10263857430568336,-2.588297563830831
-0.013370685702710852,0.0060308636505258615,0.006049425435413413,-0.005132151192612148,0.6092810058925225,3.6588765674499215,-0.07505386801411475,-2.593727684964785
-0.013356493707043107,0.006010008093714815,0.0060646622130303175,-0.005096217365127061,0.6101367885031657,3.643885290630188,-0.04659341716850412,-2.5862547996147502
-0.013339281080958052,0.005985145649694395,0.006082898898426577,-0.005053287309875737,0.6116059831194104,3.625655607713703,-0.012879848263792818,-2.5770042881852313
-0.013321736422274084,0.005958874092786804,0.006100593762918899,-0.005007958955192869,0.6124284397117054,3.6051576559317198,0.02163583493290971,-2.566360817482431
-0.01330014928516983,0.00593628713348112,0.006126017400798295,-0.004968018792885152,0.6152857049180098,3.5933490761568287,0.05669574821447687,-2.559897971160755
-0.013445142083991895,0.006084260279838007,0.005944611053775801,-0.0052248950684705255,0.5941268448100095,3.65219653446469,-0.18116882685324834,-2.5889764684026013
-0.013419480799023204,0.006058202912658242,0.005978328153119544,-0.005180621063428252,0.5983250479694816,3.6446504028813576,-0.13861274144358307,-2.5859670548316633
-0.013423032529238292,0.0060226035813323725,0.005959425928085718,-0.005121672542765195,0.5920162509360357,3.5917143916802643,-0.11344904365060753,-2.559548722279406
-0.01324373159750924,0.005879565225260723,0.006191221589175024,-0.004866205171541517,0.6220886448864024,3.562189022209984,0.14558299008103548,-2.5419818443750906
-0.013306460336455356,0.0059013079745974945,0.006100284563331623,-0.004912321756290076,0.6073009130379158,3.537245741508229,0.07372089508490239,-2.5310739910185
-0.013273306314349113,0.005885151491511459,0.006146301135864591,-0.004880803042981107,0.6144345492866519,3.5439995113379976,0.11427776384551756,-2.533631473941018
-0.013501771101774826,0.006108030092415229,0.0058575460635594675,-0.005264201796929783,0.5799961652336904,3.6199387378614563,-0.24668660082078944,-2.5709523548335684
-0.013539086449018209,0.006104538211144661,0.005794384760723259,-0.005256868539626056,0.5682295060153093,3.5728463277645948,-0.27231495341954265,-2.546183772797289
-0.013570400002514929,0.006104117248722019,0.005742564371876789,-0.005254312142205627,0.5590984810887322,3.5369028032053187,-0.2949939926147118,-2.5269508335557287
0.006664141920840728,-0.01387933670291876,0.00613446911270036,-0.005275808818725557,-0.10365839269284839,3.8125496799313754,-0.04452151354478507,-2.693252018919893
0.0066446451953641,-0.013875923611675705,0.006101456966434435,-0.005282899376659645,-0.10769741245272635,3.79063382031796,-0.06013122132560046,-2.6821871092127734
0.009237877652746642,-0.01509256570125613,0.007945513828554409,-0.0011885191911541087,0.23939107931889078,2.0462705101301695,2.8674839430421426,-0.918344044018302
0.009261311721760484,-0.01509387446395949,0.007955096130618474,-0.0011530652597972774,0.2405441352308523,2.0217142392424488,2.882357160313854,-0.8925416319049525
0.009278211042086449,-0.015112831823554317,0.00792796797520507,-0.0011185483931820308,0.2366438510986333,1.9801305929523074,2.8742034963854834,-0.8662644852179441
0.009298138522650982,-0.0151275931222962,0.007909997402936348,-0.0010819758270965419,0.2340659192259151,1.9415140574323282,2.87206953197435,-0.8387719289365033
0.009338115299016694,-0.01512164732566172,0.007939618960555962,-0.0010254186436819705,0.23747686142353727,1.9091104955050862,2.903903780131199,-0.7975457224396568
0.009318073735843825,-0.015132565362297526,0.007910038644732303,-0.001050200190059614,0.23382826200989199,1.9154665633371657,2.8797267777679023,-0.8152638984138811
0.008904796974773872,-0.015003280397499803,0.007898767906267777,-0.0017285739346940539,0.2361706763006962,2.4691842405971163,2.6837719284517956,-1.3056105700982767
0.008880119872714674,-0.015015283748880965,0.007858324595087297,-0.0017541371531624617,0.23083903483344015,2.4688949173782,2.651013977020502,-1.320888042288317
0.008950558795312957,-0.015014796232923754,0.007911400317366299,-0.0016551594048423521,0.23773664445208406,2.4150629063144318,2.7145485546893746,-1.2544661433533129
0.00892791436739624,-0.015014278815188915,0.007895877810947865,-0.0016877151345481287,0.23564357434047975,2.4338529708402183,2.694961365000994,-1.2765604358880138
0.009076992619024064,-0.015056502182130845,0.007920008886353483,-0.0014451603485880567,0.2378086327549403,2.2456825792806003,2.7824736377035326,-1.1044948764987688
0.00905834154960802,-0.015038185199447508,0.007942023684407405,-0.0014839531453350342,0.24103083393805755,2.2890479628085783,2.7847475964762824,-1.1335997618198321
0.009035356122215244,-0.015036144424195779,0.007930735978071772,-0.001518627748941827,0.23956304204034043,2.311952886475037,2.7677019348872878,-1.157957752457792
0.009012846939545122,-0.015026541519261494,0.007933380158113379,-0.0015575896914602585,0.24018553607941232,2.3456226248205465,2.757767844776392,-1.1860631332144924
0.008969251068487004,-0.015030189163226543,0.007896513855143986,-0.0016175694600436671,0.23545559311363187,2.376194343788247,2.717084232792162,-1.2268553391613304
0.00899206813921057,-0.015041497147206054,0.007891671116234513,-0.001577188862072818,0.23468627884163654,2.340322900545733,2.7263892328098063,-1.1978098434787068
0.009217933379643176,-0.015112963414398134,0.00789700774151252,-0.0012071503812501475,0.23337367827198593,2.038067495334324,2.832796270149329,-0.9305030301745575
0.0091716839872372,-0.015091175824577243,0.007912229721490272,-0.0012866387035910757,0.23577974458971296,2.1109438811479584,2.8213789975195227,-0.9891446960467759
0.009154699241065623,-0.015081157657962651,0.007921175089035221,-0.0013171594590133506,0.23726002133449828,2.1405642520604857,2.818672937634052,-1.01176700378493
0.009136233427758862,-0.015082594920218462,0.007907771854907165,-0.0013432505665302798,0.23550819207436105,2.155430563335894,2.8033824353046572,-1.0301854506339374
0.00911464000834635,-0.015082043347943344,0.007895976294091216,-0.0013749056605500928,0.23426698826630335,2.1756839779132733,2.787443314111462,-1.05266536097212
0.009090318740553313,-0.015082695265705074,0.007880004772520334,-0.001409610438472066,0.23230927665177006,2.1963439368785687,2.7679851999809806,-1.0770771339784668
0.009066574938551415,-0.015083404333600146,0.00786394127233103,-0.0014432200455417657,0.23028570813517463,2.215988258682234,2.7486883487923754,-1.1005230703256923
0.009195691707823993,-0.015128444983221632,0.007856552225129545,-0.0012312465572605095,0.2281846115277971,2.038444166935277,2.801774149335519,-0.9467994153745337
0.009172148880322459,-0.015121458072858286,0.007856545669164071,-0.0012690580491086089,0.22848285385874592,2.069364675004337,2.7918943732425103,-0.9742888529011372
0.008692195735890128,-0.014949252878781238,0.007821047611012004,-0.002066208877143695,0.22577953882206833,2.7057481804963754,2.522162069846996,-1.533673267476459
0.008711051713828785,-0.01495863427756082,0.00782114512143797,-0.0020325522961953915,0.22582766930314543,2.6781882952704805,2.5342637376674966,-1.5107646062621174
0.008723992080689816,-0.014980143555338978,0.007794416527394528,-0.00199646075720601,0.22231443676518697,2.6339100415640533,2.531070072627647,-1.4837425104398174
0.00874805451546708,-0.01499445548384405,0.007789656218316767,-0.0019519324804953802,0.22163578090303196,2.5948701900245776,2.5437078172195764,-1.4528636441147726
0.008771901988325418,-0.015004229678722353,0.0077922620856900465,-0.0019116100799241463,0.22201013856760413,2.563274453302084,2.5590828641857404,-1.425399260923533
0.008798992575067955,-0.01501113688749576,0.007802123817196209,-0.0018692112077153703,0.22336206645372744,2.533769469250494,2.579305023494386,-1.3969481356999736
0.008826363896923114,-0.015027205668857508,0.00779537319471425,-0.001819097442078617,0.22234063875563817,2.489262728356912,2.5919070059642944,-1.3618058814350962
0.008853534193894239,-0.015039041413034339,0.007795396948460085,-0.0017727544121348942,0.22230852856211172,2.4513418174567296,2.6070548135494978,-1.3296002852172657
0.008476702042318452,-0.014907884851763498,0.007686688429170291,-0.0023851673514574023,0.20604979960201888,2.890371415100535,2.321980119042898,-1.7322241546090937
0.008428341583311126,-0.014900373069287084,0.0076494863123903805,-0.0024526908438815835,0.2003943242115615,2.9236025653952518,2.2732089997199427,-1.771561185884705
0.008452437149130345,-0.014921086289591575,0.007639911403080212,-0.00240178412452186,0.19953590770765403,2.8773656161354353,2.288178957824908,-1.73758799694121
0.008504486348740153,-0.01491742099531402,0.007698595786431629,-0.0023407249958555085,0.20800044107229326,2.861218851871809,2.3464685103107494,-1.7046074452672944
0.008670720924388137,-0.014963806275986348,0.007776304397623034,-0.0020818462870908524,0.21967840875972952,2.693952749112872,2.489873474036394,-1.5402010162960185
0.008530031595274717,-0.014935781831709988,0.007692746701044576,-0.0022903422749019427,0.2074229047399416,2.817234005976285,2.3626669038277797,-1.670915954429411
0.008554531964845024,-0.014950013601888267,0.007692317336670604,-0.0022454957540726512,0.2076251197381014,2.7807517791655822,2.3796002773547786,-1.6413227536774482
0.008648880954602164,-0.014977423917036102,0.007733026095161127,-0.0020983609640531507,0.21372019894646035,2.6838375602529516,2.458258407016194,-1.5473199838948564
0.008631317668514505,-0.014968016183882441,0.007733363536719823,-0.002129803044296794,0.21367768517938393,2.7095672762472365,2.4469723919732296,-1.5684668765934737
0.00860673796298649,-0.014971392685173912,0.007704980921432458,-0.002158549272837157,0.2096904295901289,2.717391935361735,2.419644211179221,-1.584949816705874
0.008579243528206404,-0.014960803391382482,0.007697437422968133,-0.0022037237238417937,0.2085445099311599,2.7498082326098925,2.398366983883528,-1.6142286957482057
0.00677091961344359,-0.013990676439577986,0.006261484500070383,-0.005067265872374428,-0.07536707497225022,3.8018686746518155,0.14906644993578055,-2.684576197830775
0.006669292106668393,-0.013901361960931759,0.006132413972269144,-0.005236333646929114,-0.10108639240209823,3.791102010610851,-0.01605767183985501,-2.682289647729989
0.006750121858766825,-0.013977809661972701,0.0062326953122900375,-0.005092954494203956,-0.08041054395840931,3.793668805366,0.12085021965362043,-2.681261700474801
0.006737647518629155,-0.013962013238004445,0.006220023049800047,-0.005122404523762603,-0.0836491319661179,3.799523059195163,0.09535649147775169,-2.684868837445049
0.006711905421372681,-0.013932830539132987,0.006191086398056689,-0.005176920794783592,-0.09057944941529249,3.8058109599266676,0.04630290940966351,-2.6890223449525235
0.0067213322786322145,-0.013953086622020876,0.006196390003309617,-0.005140132725484715,-0.08768128052193752,3.790843790351048,0.07469349041161434,-2.680937616421927
0.006692187394675631,-0.013926908944439903,0.006159463196711012,-0.005189309002578219,-0.09490694758386443,3.787993709091428,0.026961247459427764,-2.6803058546191205
0.0066765984751506625,-0.013919852537284234,0.006135713079148573,-0.005203104966212879,-0.09835946937576215,3.776863299263403,0.009247529881549098,-2.674865141368297
0.006768518515641486,-0.014015219327722622,0.0062422348353001695,-0.005024763765968168,-0.07460264928638906,3.7645334153633185,0.17265017166609223,-2.664925112993593
0.006796550862750357,-0.014026607820171441,0.0062838662124828845,-0.005000069076376872,-0.06833641978373985,3.782547867093498,0.20463729568012193,-2.67284901571027
0.006769075906294529,-0.01403863081445236,0.0062286764115649035,-0.004984138979162598,-0.07349126414744898,3.7328652104490856,0.19650053035010157,-2.647941150080928
0.0068151652303424905,-0.014048311258661201,0.006302154104808917,-0.0049587802832793265,-0.06372547699156256,3.7738030038533137,0.24014064099832647,-2.666898703517539
0.006831489808282291,-0.014065712817310979,0.006318850947188756,-0.004925262387317526,-0.05957775678401112,3.7678954968909593,0.2695238152688369,-2.66250803472168
0.006928214239095055,-0.014140649141576521,0.006431548521685212,-0.004771924306016042,-0.03700740061383561,3.7650115956689194,0.4166901427715706,-2.652059566565377
0.006908203469981178,-0.014128044620515914,0.00640677112254126,-0.004799169348024262,-0.04162953289678973,3.762380537533525,0.3887478528483386,-2.6526912563008076
0.006888199919465959,-0.014110128063852933,0.006385575600388298,-0.004835251711725482,-0.04628221664122782,3.7672357881409044,0.3561557702358427,-2.6572983405211477
0.006852050129449931,-0.014082144210401507,0.006343140319712717,-0.004892299900761136,-0.05468335580707679,3.7677109576153827,0.30121765436738995,-2.660765865641293
0.0068662097004307775,-0.014103577820873549,0.0063525302785189895,-0.004852064885315895,-0.05113713427557139,3.7522793899152163,0.3323676206672056,-2.6511469158863576
0.006926227556956516,-0.0141645977073447,0.0064100459106213896,-0.004731823267498416,-0.036943816979602646,3.7262905383759026,0.43567956936576424,-2.630949240885687
0.007074712307192176,-0.014279086010239214,0.006564175004959142,-0.00448784099007176,-0.004487012818437806,3.6926130497807708,0.6575040053276022,-2.5931869438238446
0.0069316887201482545,-0.014185671138061002,0.006403175701437233,-0.004694686525920173,-0.03541996496909917,3.700024370121422,0.45797908500639517,-2.615803043722878
0.0070547802880650285,-0.014267335196143127,0.006541546225621762,-0.0045152968730914,-0.00875862400522742,3.6932164863603423,0.6304950838386042,-2.5964018816740473
0.006947172320658875,-0.014203451312894884,0.006415338915247689,-0.004660080693215322,-0.03196287028588309,3.6888808858929347,0.4857173846416228,-2.6078259902614076
0.006975326409080289,-0.014214661250682308,0.006453475648528646,-0.004632064333990501,-0.025825643075111378,3.6998186206425916,0.5190177032013695,-2.6106010460090903
0.007034139047248438,-0.014249557222118743,0.006522590857097221,-0.004552772774624449,-0.013079121632349493,3.7022674647656326,0.5984650521883218,-2.604349831035542
0.0070014113818496725,-0.014233679772404542,0.006481498374526951,-0.0045912692801093015,-0.020189538428117427,3.695862402529009,0.5569095661002051,-2.605100978790215
0.008187020270295338,-0.014831568949560734,0.0074925782025045875,-0.0028107279854065604,0.1748121978597845,3.116191591674484,2.0308569318854732,-1.973947699285404
0.008084857230230351,-0.01477994944911503,0.0074485403941908284,-0.002983716691747934,0.16573196599901727,3.2242900615003447,1.9269002265116557,-2.0704028368332783
0.008108269500796319,-0.014792227643531466,0.0074587205157088865,-0.002943669041083115,0.16791125178428798,3.1994687513002136,1.951257236927226,-2.0483990263715524
0.008155362631895216,-0.014824313311147863,0.007466401169537354,-0.0028540862955822918,0.17050380799364515,3.1344334148019044,1.996747864327696,-1.9960079474747563
0.008130570252897389,-0.01481107839311689,0.007457029423962823,-0.0028968060419906887,0.16851018474138665,3.162028542832782,1.9720186679764458,-2.0201391466010397
0.008215143526940763,-0.014846487115328514,0.007502053284783421,-0.0027620436156275603,0.1767562272726021,3.0836921039141174,2.0578449257230633,-1.9457407014345096
0.008261354560926916,-0.014848863486939404,0.00755126869115843,-0.00270693876159634,0.1841831286114921,3.0693281714674208,2.109812843187305,-1.9191141041800568
0.00823845961463132,-0.014855398608280064,0.007514838407989709,-0.002725570693492537,0.17905446009762,3.0625596596177918,2.0811155913903217,-1.9252457806842358
0.008306409594922445,-0.014855474592242122,0.00759143062009049,-0.002647268417803614,0.1904057294514081,3.045534725428816,2.1585126970058592,-1.8875796462756471
0.008327397317030114,-0.01487118611267328,0.0075892866004884365,-0.0026052124325543513,0.19065481746378002,3.010791767905316,2.1752720768060914,-1.8608520014404035
0.008353866528790567,-0.01488200452231014,0.007600598358555444,-0.0025620884907193438,0.19271118699477072,2.9830397139738287,2.1999003108691704,-1.8351928656378258
0.00837782844198947,-0.014899617631887142,0.00759758035219026,-0.0025146144041323175,0.19280903577595457,2.9435303495266294,2.2179321275212125,-1.8047096399441076
0.008280762389489401,-0.014867670565307167,0.007543208715073677,-0.0026634243472081764,0.18373191236822803,3.0301258302781258,2.124168216402858,-1.8908902304065933
0.008400304992267892,-0.01491597887548147,0.007594513168887526,-0.002470420830902757,0.1928802673318354,2.9065326777723253,2.234323513296786,-1.7761363019382206
0.007918688791360455,-0.014697759245652482,0.007355809653405965,-0.0032584580091520607,0.14710870940589885,3.377417466522708,1.7424318109433445,-2.2121127502431186
0.00793861617552234,-0.014716507787608512,0.007355292685379233,-0.0032141284433784604,0.14804141461111417,3.3434883831667377,1.7644315582051708,-2.1869932497637525
0.007959832659229792,-0.01472967316652922,0.007364081529081732,-0.003175936833392915,0.15020104278443067,3.3199245792120053,1.788153451717448,-2.166938660003204
0.0080375312419898,-0.014751507464376543,0.007431965485265097,-0.003068998123699366,0.1617987294337885,3.280084642472158,1.877131636285759,-2.1176746539143037
0.007984469135302532,-0.014739220381601392,0.007382155510136252,-0.0031389367774918636,0.1535088223177554,3.3028812453518475,1.8161076330323387,-2.1491079681334155
0.008009526266212043,-0.014750713349015123,0.007397467788372636,-0.0030988060491951176,0.15646843561790866,3.2816979829610147,1.843894904728902,-2.1288198318972955
0.008043917935060027,-0.014777316803380397,0.007401536701209921,-0.003029848720735953,0.15860092106107698,3.231266837912456,1.879301699078463,-2.089419390111213
0.008063012639718823,-0.014793026429282359,0.007401855919238449,-0.0029904915864977094,0.1594131829444532,3.20117064915568,1.8981530460566873,-2.0663900405139835
0.00782551444462598,-0.014656840531115642,0.007286830262028065,-0.0034020948354491587,0.13396277510015353,3.4414693414136073,1.6320351114908667,-2.2777697673076513
0.007794499668681087,-0.014673048348710619,0.007221847808512359,-0.003407818125403261,0.12501263478189273,3.4042065384144578,1.595128618736626,-2.267251433948172
0.007848319179686682,-0.014677993874526087,0.007288778290920099,-0.003352007789086266,0.13548033656218797,3.4053662609975146,1.6590511215572439,-2.2507826195935867
0.007869939228011555,-0.014694863417328188,0.007294514626841609,-0.0033089388243204795,0.13747791923070551,3.3767785295991835,1.6841751048250624,-2.228192999980859
0.007891890966927087,-0.01471224993921157,0.007299465531680447,-0.0032648908606456345,0.1392972232543228,3.3468488464167834,1.709129632372868,-2.2047219806447234
0.007501810800122841,-0.014504007713694596,0.007011886840999169,-0.003888941619966242,0.08046014359408361,3.61158216359092,1.2249133221576531,-2.463522948049331
0.0075231486419766146,-0.014519747944478417,0.007025528726365442,-0.0038497381880265385,0.08385876385610201,3.5934271967923634,1.2541892500830298,-2.4480734959212804
0.007550713554908867,-0.014532165550766144,0.007052076079655951,-0.0038107908695930197,0.08892252733153727,3.5839414888027763,1.289422574592275,-2.435788561812526
0.007576165728595218,-0.014550409047662916,0.007067797362538728,-0.0037643929423448667,0.09268197252054415,3.561736020835363,1.3234636462607907,-2.4168096664455114
0.007599884029141819,-0.014561663153296036,0.007089017835508397,-0.0037295094337228,0.0967404804443973,3.5511031637554633,1.3536128878008302,-2.404592606127501
0.0076207920894196535,-0.014568155367546794,0.007111715815505829,-0.0037035736232022367,0.10081799000514799,3.547642075784528,1.379377242981284,-2.397009101474931
0.00765450362198814,-0.014602435736654429,0.007117371330127013,-0.003626671793111129,0.1042333691835123,3.4961864434626597,1.4248096559270484,-2.3591662444748374
0.007634537822156375,-0.01458488868507223,0.0071107075347627184,-0.0036681641220949646,0.10186808657402306,3.5215631138701142,1.3986282834776917,-2.378770555539244
0.007676419520769113,-0.014620135435172236,0.0071261558264763694,-0.003583376551864362,0.10689163455875077,3.4707334297664474,1.4528431900818182,-2.3388903823181653
0.0076983253172006605,-0.014638531135686278,0.007133494920735198,-0.003539091927264921,0.10930476517284006,3.4434990289983496,1.4804172789787498,-2.31756415219339
0.007720593583332085,-0.014656093514221548,0.00714189369323276,-0.0034956702096794507,0.11186727346987406,3.4174815765017397,1.5078676520161471,-2.296719108074066
0.007742686032805017,-0.014671607864049224,0.007152231725494542,-0.003455218345764553,0.11452029408796423,3.3946877084445775,1.5345022830460886,-2.2776469478534
0.0077651269288039745,-0.0146878019404228,0.007161661277499711,-0.003413480391025903,0.1170139402723442,3.370304250107391,1.5611592048206395,-2.257504487492808
0.0074744802513455185,-0.014515221549921182,0.0069571969866204396,-0.00389108146047317,0.07332068370208901,3.5762552868886544,1.1974493555133756,-2.450399454260561
0.007440995452766905,-0.01452443175976837,0.006895973498308638,-0.0038999678190842794,0.06544887733790879,3.5414315765795754,1.163384909261706,-2.4386115309544016
0.0072478845306271225,-0.014381645408674813,0.006748780588401852,-0.004238949554128451,0.031135170517277305,3.666096106950826,0.893493159450932,-2.5492499127201067
0.007341880981487906,-0.014453805623148162,0.006822095067207702,-0.0040714030424182516,0.0484585561280396,3.6068564398833716,1.0283957787922018,-2.497215411215127
0.0072662955317792976,-0.014401548043498903,0.0067579568495668004,-0.0041972206468053755,0.03428742987676251,3.6453895995479244,0.923280137728626,-2.5340873380843725
0.0072903768749773366,-0.014413355771825382,0.006783977609273152,-0.004165040718194909,0.03929319951087391,3.642333372881673,0.9545118287020813,-2.527693314976841
0.007313338060879744,-0.014461624819762734,0.006769480802975308,-0.0040762467659523835,0.04178789993137208,3.5746154173529434,1.0016060426519375,-2.484771327370881
0.0072977448204424615,-0.014439240360848121,0.006768648621283957,-0.004120125805892009,0.03952700370927693,3.6026660215320128,0.9749451925258851,-2.5037845952920947
0.007360915150848233,-0.01447616700090383,0.006827453796637615,-0.004025154063646369,0.051233009794561045,3.5798212713947692,1.0583752984190158,-2.4779290027682
0.0073832399945325386,-0.014497902737375255,0.006837964284419113,-0.003977874468071532,0.05464853185423855,3.5552942955554285,1.0910744896545543,-2.4592630118535044
0.007409516498714948,-0.01451360851560645,0.006860560310444801,-0.003937125889549427,0.0594156562239203,3.543011867406065,1.1252717460810873,-2.4465754328959406
0.007413064820153869,-0.01454029982135109,0.006836113436152905,-0.0038945888588198378,0.05837351337387238,3.4982745533315613,1.1385075967523302,-2.420398935596582
0.007119568439892957,-0.014301586024713106,0.006617721465349097,-0.004431653064139815,0.005180272769987188,3.6960545537632363,0.7158165390340357,-2.5882923793744594
0.007095249062450605,-0.014291306251336408,0.006587106432743362,-0.0044591227860861825,-3.557214804512803E-4,3.6912766466458202,0.6855057413589315,-2.5893699018609158
0.007071316087424631,-0.014303676630093423,0.006537018592704389,-0.004448979481684786,-0.005325123740810207,3.649920617545445,0.6713132350425193,-2.569662899026289
0.00712535405486452,-0.014325584201347443,0.006605191455968539,-0.0043899285317508755,0.005664560798297289,3.6616089490450046,0.737231697328487,-2.567956574176121
0.0071483505754831814,-0.014336102544022506,0.006632737467019374,-0.004362290803193523,0.010729854180184921,3.663720074512145,0.766309109919833,-2.565429951155901
0.007170710610379988,-0.014342568172170436,0.006662837199161746,-0.00434118051559181,0.015550666694356438,3.671494824922392,0.7924271186154598,-2.5660572143382825
0.007220104784073058,-0.014389115099558161,0.006697005253112099,-0.004241704649325522,0.024809640056898535,3.6321446429786604,0.8691038994832841,-2.5351719080470776
0.007187595738230409,-0.014359100322231685,0.006674251226930882,-0.0043062624850567915,0.018514057165726752,3.6574433129203245,0.8192149258313389,-2.555224451478077
0.007207494481592221,-0.01437031634571293,0.0066953382782276635,-0.004278220996715235,0.022863378000916715,3.6542737290843816,0.8457479180808519,-2.5499438565199983
0.010365103597297668,-0.0151679126053201,0.007958785930790952,5.624103875494568E-4,0.22590569015744028,0.6394850118810398,3.147896985730767,0.4343001185637315
0.01034247546400149,-0.015184569432874996,0.00793269125874029,5.241837505734352E-4,0.22314927228232176,0.6592095571312983,3.1285201082481464,0.40239438671721883
0.010409290989530796,-0.015179267281710623,0.007926234338063687,6.264948936719627E-4,0.22191474242054254,0.577158899852479,3.130171445325289,0.4838475409028696
0.010387366165481412,-0.015185002699421458,0.007921202107212854,5.919269147571824E-4,0.22142889651775866,0.6020469497157666,3.1250597584955337,0.45598194411247917
0.010433848966103066,-0.015193016068287275,0.007893850166753133,6.596158289933312E-4,0.2181499889774002,0.5392035026828278,3.1106751270352535,0.5086355849512203
0.010463960382161278,-0.015201944362511335,0.007868564826504458,7.018995412290168E-4,0.21515689522974266,0.4971778469639721,3.0961391822137174,0.5410523794646936
0.0104909890036941,-0.015205113396027531,0.007854426624792911,7.409818820636473E-4,0.21336671163259585,0.4619781060255537,3.088496605186353,0.5714421132827208
0.010518682134244093,-0.015223918866863528,0.007811026992763468,7.756347590115143E-4,0.20854560256105237,0.4196892724067194,3.06145380228261,0.5964920557810475
0.01055868170534588,-0.0152397580805421,0.007768649590714186,8.283589922709638E-4,0.2038630260806428,0.3644688268919396,3.035568046414701,0.6359920487382577
0.010114571201013415,-0.015202439887364564,0.007932649756878171,1.750757646659723E-4,0.22578987786866403,0.9339629579881557,3.100144060465396,0.1250287095575352
0.01014252412983422,-0.015214815399826626,0.007907085713538558,2.1649403230417327E-4,0.22238728173268482,0.8909414052201,3.0878042923475584,0.15685333435805363
0.010296296999631496,-0.015187221151515959,0.007937320762526274,4.5359619491497106E-4,0.2241943813295824,0.716227713380147,3.1268323471186448,0.3462551650267292
0.010272585159776368,-0.015198719605685586,0.007920077381019965,4.155269271328707E-4,0.22245943664468235,0.7393501076526582,3.112912937499362,0.3151346991388381
0.010242293538708511,-0.015202512173711874,0.007917984481084035,3.690381172604955E-4,0.22256635186272763,0.7750092570314805,3.108015307091861,0.27808541015754584
0.010175666449658326,-0.015219047348078446,0.00789583215330366,2.661349641640629E-4,0.22072723815163028,0.8472815391818554,3.085138811329117,0.195663579726622
0.01020929157604893,-0.015214764947103818,0.00789976503471527,3.17388572734834E-4,0.22089677134050842,0.8084951389030642,3.092078987054258,0.23634310661556165
0.010319120607072364,-0.015202404073764232,0.007904281951363104,4.850844882503098E-4,0.22030307339875602,0.678784474999954,3.1075765426872635,0.36982560904271783
0.010036962698273783,-0.015183531996051,0.007972113617740728,5.7206571243532966E-5,0.23134786391851467,1.0437916631755755,3.1127852842065873,0.03339919253240419
0.009987586550617726,-0.01520105111996827,0.007939041972799947,-1.8494341588246407E-5,0.22813251880885657,1.0906090875229635,3.082772579217771,-0.026985140577583767
0.010013512755066898,-0.015204134006951003,0.007933312025172869,2.1050289047780225E-5,0.22723126969245994,1.056772247428219,3.083857847226307,0.0038014276978251644
0.010063442732406723,-0.015205300487569802,0.007930046324172844,9.707531104343697E-5,0.22611963864505502,0.9948564684306368,3.0903385705309243,0.06345218685341464
0.010089440382489046,-0.015217173261090027,0.00790647353164334,1.3597716012286087E-4,0.22275683678177066,0.9545368930618434,3.0794619217358123,0.09328727245149059
0.009828559071144844,-0.015192204013523265,0.00794540835325913,-2.6179533532796315E-4,0.23110440785999295,1.2888322846488618,3.0539827408499147,-0.21672971360662072
0.009860704773651583,-0.01519741783446987,0.007938988118820359,-2.1221764568749954E-4,0.22985531910166904,1.2461790557669412,3.057127878122495,-0.17836946339040657
0.009893844700247937,-0.015203022737791684,0.007931212088970121,-1.6126357359813037E-4,0.22848519580487117,1.201852537966954,3.059322391399689,-0.1388187310235266
0.009961257638228811,-0.015221877459657135,0.007899163279897994,-5.801771880572446E-5,0.223791582895269,1.1059275258251826,3.052639465173189,-0.05903880975231696
0.009926672963038768,-0.01521005400221836,0.007920010474903703,-1.1090993777289627E-4,0.22676470081622677,1.1567295743613197,3.0589945653719104,-0.09977050438610123
0.009801177866718611,-0.015219865254724102,0.007889706109454444,-2.9977721251266874E-4,0.22478063931231942,1.2958597560476368,3.013258247198101,-0.24694627389331245
0.00973925570149053,-0.01519631119742277,0.007924417662900647,-3.9696445643742294E-4,0.22992512656599118,1.389048888271892,3.019674754464201,-0.32145981948687363
0.009767121559071931,-0.01520975028300081,0.007903738238643711,-3.525821052460312E-4,0.22691729341118508,1.34435033885764,3.0138240278526047,-0.2875268354954492
0.009604521820307138,-0.015168875481252536,0.007946270203457863,-6.073450324465898E-4,0.2345710036448449,1.5696693677260074,2.9965587882863365,-0.4826097040638844
0.009583587952218192,-0.01516700453053469,0.007944032962336122,-6.395704448659E-4,0.2345339835294795,1.594939783666807,2.989037450024146,-0.5071699653358585
0.009457694176899675,-0.015150072668245002,0.007935041571020986,-8.348857773331576E-4,0.2351607238673795,1.7505013571761532,2.9438391497879812,-0.6549123094134571
0.009487626410424038,-0.015158100646870879,0.007930615488228482,-7.870851518880726E-4,0.2341429932470491,1.7093450472052012,2.951162091333583,-0.6188619006334467
0.00955740171093132,-0.015161104091490957,0.007947557108020612,-6.809185452472866E-4,0.23544421016603367,1.6302662903003833,2.983230042183791,-0.5386131112376068
0.009520084233061697,-0.015162322448528784,0.007933566367481782,-7.368592955725749E-4,0.2341581234302075,1.6695919830061567,2.9633395969006657,-0.5808940698739523
0.009618212385206904,-0.015187531837257942,0.007914642752753833,-5.817439110605631E-4,0.23039106828228498,1.5346683331653,2.9814381529377934,-0.4630958663133819
0.00971163562248453,-0.01520510042484907,0.007902702176604564,-4.370605320562191E-4,0.22767597768936068,1.4120762295546252,2.999412973181929,-0.3524200771813428
0.009682919063568203,-0.015206977581723695,0.007893305207230738,-4.798807973902575E-4,0.2268389734394143,1.4426429144697452,2.9863021823529707,-0.3852386599446203
0.009659685362596782,-0.015202006035595558,0.00789750077230723,-5.158614695322487E-4,0.22778273932145138,1.4736291075280092,2.982644421664333,-0.41276248442639824
0.009636490893709689,-0.015212052338214568,0.007873191760216745,-5.482009218451306E-4,0.225234943035975,1.4892375548882322,2.961737365346027,-0.437496897215885
0.009359258832116964,-0.015135674521446771,0.007922642463283577,-9.877327598851752E-4,0.23489426547194173,1.870072323943898,2.902141342159963,-0.7691357181526417
0.009382303567759993,-0.015150604131964259,0.007904483846401066,-9.471645727990111E-4,0.23225938238317215,1.8283150987912038,2.9001854459675562,-0.7385407487479917
0.009407358836358105,-0.015161863072502944,0.007893643615178024,-9.054354183531582E-4,0.2306005071141317,1.7891470864167414,2.9028263618691628,-0.7072008421250925
0.009434101624657198,-0.015173562871388569,0.007882192061352862,-8.61271562994168E-4,0.22892525067439642,1.7477743746219143,2.905389606526091,-0.673985538467596
0.0166853704448666,-0.010450250076724257,3.86252649776801E-4,0.005668102009218071,0.1153270475098067,-0.2534826899694289,-1.783737185773468,0.6237980605356084
0.01666890922503307,-0.010661917354675813,5.609250183291858E-4,0.005652011633050393,0.11697062747505087,-0.3709077417651306,-1.7514832168900514,0.7422867326113664
0.016648143840024453,-0.010862608615583634,7.260481169106956E-4,0.005629663195945162,0.11789061983092529,-0.48105759075511795,-1.7140862198645184,0.8524665043089393
0.01661107310120732,-0.011070112971164545,8.997516448563342E-4,0.0056111891745450415,0.12022139049237732,-0.5942615995872078,-1.6722135319682896,0.969290046179192
0.016900663228900777,-0.010351475268619579,2.8407417812470183E-4,0.0054285832154206395,0.10574715327650365,-0.18013329105903295,-1.685406268993919,0.5063532640223495
0.01711094597126013,-0.010239043557716297,1.8612570756976418E-4,0.00520410541645703,0.09549079362717783,-0.11369410240804746,-1.594195841275537,0.40012345162046303
0.0172759217939479,-0.010057870905627368,5.763122091817506E-5,0.005034494991652918,0.08918283894606448,-0.023787942860612494,-1.5313102455253076,0.286038745180709
0.022554749410595803,-5.06383797599963E-4,-2.567176685512829E-4,1.0279504232221196E-4,-0.2934303474274518,0.3719847404441467,-0.03663668566505101,-0.35778569043967495
0.021533568434091325,-0.0010277173251145935,-4.997475419215992E-4,2.848550977302942E-4,-0.2182969182680861,0.508539159601007,-0.07417680605823439,-0.4812432181842388
0.020613422122157183,-0.0023369838240116314,-7.633661898825018E-4,7.935358265985967E-4,-0.14658474700351867,0.6172206753472981,-0.17354581200632282,-0.5750242839101672
0.02131519960074657,-0.001922837009827975,-5.526058782431475E-4,5.602560544064178E-4,-0.19552947089224498,0.5292948138702308,-0.13967759276792774,-0.4983257266755775
0.02017767235118028,-0.00346179266218038,-8.760695836352603E-4,0.0012689013771767755,-0.10539420941873376,0.6539465678929077,-0.26949777526567154,-0.6027386514435795
0.020749857174685606,-0.0030721225306022826,-6.988652134716395E-4,0.0010076489294907843,-0.14465680917765986,0.5855438637494063,-0.23050022538647993,-0.5446413365398667
0.019392325473298163,-0.004417620536043882,-0.0011119144691658543,0.0018472486537734992,-0.04806188323616867,0.7403202803679639,-0.3775106979794934,-0.6703299664219483
0.020064520445657676,-0.00411729322050101,-8.811599767270479E-4,0.0015307201574700773,-0.08841783121422807,0.6501640061933865,-0.3308668389385567,-0.5954571127532643
0.019088674891903093,-0.0056646157170949585,-0.0010927840358807535,0.0024565968287479307,-0.014844276207442334,0.7248194485608717,-0.5416313520324076,-0.6410592614896724
0.01939678193085128,-0.005173840975050083,-0.0010364261550806827,0.002141613983485373,-0.036699212439818225,0.7036958203669689,-0.46343677070633127,-0.6313323806474195
0.018621538494533334,-0.006404201380997604,-0.0011491102112895302,0.0029737244162391994,0.016001648689282773,0.7479252019976236,-0.68948947306279,-0.6428408686723254
0.01908976757150608,-0.006156392944099789,-0.0010145402891153842,0.002644270717518981,-0.007449886762032765,0.6836006615575546,-0.608451764653041,-0.597705381009078
0.018696659657950792,-0.006915426910022455,-0.0010041073995451114,0.003130536596364224,0.018290267568965565,0.6712212876917505,-0.7620741595212489,-0.5649259952245388
0.018582073588984067,-0.007328177516762711,-9.368767159406112E-4,0.0033459505930310495,0.02663672102131654,0.6302254751498776,-0.8424298903724543,-0.5168598802448716
0.017598990990542598,-0.008586188376346015,-7.720664011122972E-4,0.0044893142565154255,0.07113156035280367,0.5317506125005291,-1.2921329401197144,-0.3280271224377383
0.017610322385597007,-0.008899859793326638,-6.040654713116521E-4,0.00456280143065546,0.07246450167943118,0.42193236686360036,-1.3339216656992183,-0.21494396066932345
0.01759756141613545,-0.009227687138841548,-4.2568862633900277E-4,0.004641833398095548,0.07299074478027807,0.3025545972847303,-1.374760162564843,-0.09173486337186147
0.01754537158510862,-0.009601701213191607,-2.1598954846767995E-4,0.004742391365862324,0.07717271259546281,0.16091720265046502,-1.416886832637969,0.06065693671536855
0.01752960214003809,-0.009987836334023201,1.3599819508480412E-5,0.00477797103691402,0.07964714745304514,0.005789626514068651,-1.4246862278570092,0.21869120861721705
0.017851456834179432,-0.008416041983245975,-7.79961378249999E-4,0.004224714996429845,0.06107516291006276,0.532712112101701,-1.1837954556295858,-0.3572907799284262
0.018033548612149283,-0.00811600089155074,-8.530305469552341E-4,0.003988134281561514,0.05392153664045073,0.5803181202312658,-1.0859177491039889,-0.4216523963029344
0.018652094261821198,-0.007781285924800981,-7.808253182237597E-4,0.0034469538726976424,0.028897553924563023,0.5374617079142215,-0.8972964747750052,-0.42283350904532757
0.018412347648322877,-0.008128093531941992,-7.347618836569305E-4,0.0037119727101348867,0.038448117816361906,0.5041282818338451,-0.9950850539007179,-0.3751809137279342
0.023745994947118848,-0.0013437743173756733,-6.937756931918664E-5,1.46630198009947E-4,-0.37946396748817235,0.19834110231241067,-0.10134353988568294,-0.19376700204416367
0.025,-0.0021891246502290414,0,0,-0.47265376060990416,0.0019618393340745206,-0.1808865944375728,9.296623349354115E-4
0.015671966781283814,-0.012265503712562383,0.0023739367658066573,0.0059799029397636,0.16417911911005825,-1.4908020734651393,-1.406221230336162,2.0507239970728572
0.015816823272474616,-0.011971460950301355,0.0020393694506404265,0.006057880124103572,0.16144561528061294,-1.314406182872286,-1.566763985364703,1.859005378061291
0.01583304446383354,-0.012177673477123032,0.00217837804815251,0.005878969487291858,0.15493761938580367,-1.3734848879876742,-1.4319254811341304,1.8910318974641613
0.016644898333669913,-0.011297430059981439,0.0010587394271080422,0.005491285768013092,0.11594422560436297,-0.6902861342916053,-1.5845349088997023,1.0514854256261288
0.016530487649737812,-0.011443795310222594,0.001213126922561634,0.005557692600303904,0.12204371395076548,-0.7894212247923235,-1.5782320399938987,1.1697698562713248
0.016373042414240403,-0.011531607433073247,0.0013530405244657066,0.005693209322334711,0.12987235290073143,-0.8821472797160005,-1.6046348884081196,1.2958785494565446
0.01634108533221479,-0.01170267517597699,0.001496557340432557,0.0056391763517295405,0.12964589045702538,-0.9642860089062836,-1.5409669826530181,1.3773490561477397
0.016199221693904524,-0.01179823404852113,0.001648111557912,0.00574164851104604,0.13730713584157814,-1.0617975013149914,-1.5437174745349491,1.5051766684459305
0.016022301063847024,-0.011887324368347595,0.0018278698819654958,0.0058833156739587465,0.14776069186123766,-1.1773384734604007,-1.5544482375621127,1.6636955040777022
0.015276464531242687,-0.012665066464768822,0.0030180485381912027,0.005997431149467193,0.1805849825994922,-1.8188067652296345,-1.1435058804698315,2.46203150772624
0.015406624773073332,-0.012614992068517092,0.0028515055903223703,0.005922925977202532,0.17120379107055095,-1.7271370446677532,-1.1823339108260227,2.3292036267424243
0.015540831213612424,-0.01252867808677659,0.002666493570703366,0.005875354710663849,0.16439121213869637,-1.628598907304972,-1.2391272523610575,2.1976129582205886
0.015677265229838106,-0.0124523913220015,0.002492581146249196,0.005809036415367391,0.1567246340515875,-1.5315078471426578,-1.2788931952159162,2.065856456940599
0.015247283852573063,-0.012793907535167346,0.0031213638422490837,0.005883892065910172,0.17432592570600472,-1.8473140504479908,-1.0427021539368448,2.4771485644554727
0.015183935892579162,-0.012877568192268526,0.003234513198212901,0.005847363762725469,0.17528774623075738,-1.8918494417289906,-0.9728525727577491,2.5290762837858685
0.01515783066476507,-0.012985271440329463,0.0033147803495902632,0.005746818371573763,0.16992546026848612,-1.9089516711578187,-0.8871921456773035,2.533197292444999
0.014218656151199105,-0.013713346599228945,0.0047323608319619495,0.00537855629885125,0.18428780037665274,-2.306821651692879,0.05375859448389252,3.101409281724941
0.014206886555674019,-0.013785786114942192,0.00474678295061455,0.0052767981559967,0.1774602660255221,-2.2778720393474825,0.10480956086719619,3.050488233975497
0.01493675386487268,-0.013192403795114927,0.0036603676411136508,0.00567449298694394,0.17447041978061048,-2.035152691716107,-0.6818591387995118,2.6967037455418823
0.015041018783171649,-0.013171561086339377,0.003526178484195244,0.005621651682524081,0.16771201599771543,-1.9703283826060771,-0.7265399660012344,2.5979980254881685
0.015135192193835379,-0.013111311887821659,0.0033931294216029443,0.005619909326723924,0.16389551201795421,-1.9162983108788265,-0.7914918595543133,2.5240631362575288
0.014281546357575654,-0.013684964678017232,0.004640487704601616,0.005394566676802896,0.1821182973398698,-2.287164639518156,-0.008924141929498088,3.0655565716621878
0.014357443894195295,-0.013666865159990467,0.004530794456155247,0.005387659509674376,0.17817245103068136,-2.2546033168199955,-0.0720010440116964,3.0081955564937526
0.014442785324686541,-0.013643623764261835,0.004409252791656726,0.005381026534709259,0.17444312035956688,-2.217224628453867,-0.14077168109858149,2.944350801805204
0.014513810923694487,-0.013577432866801697,0.004304859250815898,0.00543740576677428,0.1748671947744501,-2.2016728558063545,-0.2255853557212519,2.9219105423245337
0.014592058350712513,-0.013531609644563587,0.004192105712359332,0.005458017722877515,0.17383660796717337,-2.1714276418034224,-0.29882547242360863,2.8751409720620136
0.01466584622697719,-0.013489302483359573,0.004086546627310328,0.005472678659070507,0.17133029484132836,-2.1402649992086897,-0.36434510965821193,2.827586288178621
0.014719070714266046,-0.013414008800236164,0.004001211812537337,0.005540127706068094,0.17414807625479511,-2.1288360496392857,-0.4402373495562005,2.8163846959070047
0.01481356643656717,-0.013381096842113199,0.003871038625691359,0.005522516116959552,0.16973504939885856,-2.0784947876041993,-0.5037784188688974,2.7394121438413985
0.0148984408902554,-0.013294632599389247,0.003740761367379266,0.005574634696810469,0.16858135864296994,-2.043247237732835,-0.5948929408831919,2.693905596307127
0.013509231676536776,-0.01427591573335625,0.005657272710716852,0.004640717755325687,0.16896860039166617,-2.2056006884579253,0.936136792413616,3.048076982312278
0.013495203522280005,-0.01433117338683261,0.005649981790587053,0.004556867646146167,0.16306641249955234,-2.169225953447622,0.9607758022956583,2.990791370134507
0.013444760562646162,-0.014365312070944347,0.005706321578445619,0.0045001523296048585,0.16247680477727092,-2.1502046877978214,1.0182014677475093,2.973992417391106
0.013390861989305197,-0.014410092016248079,0.0057600446716060336,0.004425723206500021,0.16022219169667043,-2.122385453136791,1.0793618827794618,2.9444773544976175
0.013571656627823711,-0.014261066314286357,0.0055708016581884935,0.0046673181834325965,0.16668799800435385,-2.206924185410203,0.8684800165368863,3.03267279357493
0.013636839004360968,-0.014250681017528534,0.00547847864733013,0.004685095945352709,0.16412331229473007,-2.202675836497754,0.8007160539268293,3.0088528861243913
0.013690178918987465,-0.014222415984245377,0.005411319625175011,0.0047272346483961105,0.16394423301626018,-2.2105394385244317,0.7413613045725371,3.009278399770746
0.013749310442506569,-0.014228850761524423,0.005321930254895462,0.004716446502258429,0.16017087472732125,-2.1933701676305275,0.6867386282324291,2.9678638873881975
0.01403810268152102,-0.013892204309283732,0.004984627302851283,0.005172038351410478,0.17825096500464957,-2.2994539953058672,0.29539690406707925,3.1002369227835866
0.014114795321570686,-0.013871109529558797,0.004874024374987467,0.005181986855373259,0.17462722954475332,-2.2776089270196436,0.22209271893957186,3.0553583500394215
0.014188112226905204,-0.013858068082562514,0.00476872535564581,0.005178356145828153,0.17092212474102045,-2.2512887081418658,0.1587718160050463,3.0049984555184146
0.013863746923247789,-0.014041660418888244,0.0052137151035322035,0.004983463777202456,0.17335685209165397,-2.277653249191013,0.5159346388210412,3.0871114896656406
0.013951462713675287,-0.014016899034614038,0.005089309672966621,0.005006073821055091,0.17015453559150776,-2.2624920057813838,0.4275457766217487,3.047799992383048
0.014027938212522444,-0.013985387640131887,0.004983526609988349,0.005036879509880699,0.16861066101967112,-2.252027053561667,0.34853823129868594,3.0202109058475606
0.013794445006174327,-0.014170575388327715,0.005276839501590893,0.004799383092093022,0.16396935713169344,-2.218737494842506,0.6269011278689208,3.0008114854958516
0.013870061605496899,-0.01413250615612812,0.005178240189627654,0.004848163662422307,0.16291586398742555,-2.2207389745007657,0.5451401653395908,2.9904009876365154
0.013047022612336714,-0.014556065571087105,0.00616091830102354,0.004117249112040324,0.161986566808525,-1.9977012305841555,1.4533568684154956,2.866402665602164
0.013108831755147,-0.014569617250059126,0.006061600592130338,0.004120345800521975,0.1573666732898336,-1.9975005140407784,1.3840673677001438,2.8383770600570837
0.01271558439015801,-0.014634916687255974,0.0065662164882179545,0.003844883149880679,0.17084038176273872,-1.8506651186207141,1.8170506538095756,2.78838195836916
0.012654738300152065,-0.01468321366107941,0.00660310757885431,0.003740616393179696,0.1678160203819592,-1.7928469635290507,1.8711556976530714,2.721535781953215
0.01270568689745126,-0.014682140970524346,0.006533392699898918,0.003772802241529549,0.16510126911163048,-1.8142830905028162,1.8134308177446952,2.726988387576355
0.013015435676904169,-0.014613089253879899,0.006160332111149019,0.004023251123274182,0.15688168132118196,-1.9518865239874719,1.4816080596961323,2.801177017518022
0.01276242490459128,-0.01461925543584046,0.006514828320394407,0.0038936929046395866,0.16985493648469183,-1.8789228731806877,1.7671043109952025,2.8099870681347956
0.012812084695724285,-0.014623301656825759,0.006440250838985632,0.003914612167956163,0.16663861865341004,-1.8927336507890986,1.7086193839588615,2.80453290219322
0.012953740700328667,-0.014622727567963897,0.0062396420451004,0.003983547708833502,0.15916067935041092,-1.932058855614948,1.5481592443753651,2.796455999550712
0.012855465419423744,-0.014623216757515498,0.006378632817587334,0.003936859051342902,0.16430333525275267,-1.9060050542119071,1.6589222012347948,2.803047046920049
0.012902325984694742,-0.014624738444099374,0.0063107510110032025,0.003957331494434565,0.1616410446557103,-1.9179133769164043,1.6053937158183047,2.7983068261894224
0.012334029850863187,-0.014856530017461787,0.006836570316536221,0.003283028047855199,0.16359349353327332,-1.5157146855072285,2.1477591466874433,2.4365335528062215
0.012371939780585234,-0.014844973328492998,0.00680223442766245,0.003327498267004626,0.16326002651003335,-1.545328838296021,2.113594546186275,2.46244401100351
0.012398183835967268,-0.01481046441445491,0.006808813185956921,0.0033920230961062498,0.16628103745264752,-1.58157004798556,2.103300850062127,2.512467332073468
0.012401503924298741,-0.014856226393977812,0.0067515734234996055,0.0033358577702603245,0.1598331928668262,-1.5557878256978412,2.0763222791201987,2.4575089045546514
0.012452104253190866,-0.01478032957123386,0.006772940256141101,0.003471822058632972,0.16717239490518015,-1.6306094632902222,2.0591407598594844,2.563962877205661
0.012503825550396164,-0.014768943405634484,0.006717172138152143,0.003524136793795526,0.16530301407994727,-1.665365443223845,2.007086553507652,2.589891711523063
0.012544235774619064,-0.014749416974204631,0.0066844867285307755,0.0035783040090469447,0.16567574844617708,-1.6981984626106335,1.9706328974874328,2.6221234231778063
0.012590779974889336,-0.014754133471732867,0.0066168387721008215,0.0036030408426981973,0.1626951134441993,-1.7174761349354757,1.9164746613804196,2.62406948196071
0.012641193991289781,-0.014743326407076646,0.006560084984978479,0.003649798989117711,0.16135122100976382,-1.746959961948744,1.864559828970665,2.644257299537786
0.013245499077433583,-0.01448909679136734,0.005922338345372312,0.004278429708117704,0.15925334241922265,-2.0665120247295263,1.2386984522580746,2.901166132673119
0.013310072461129932,-0.01448990700746403,0.005828334170141731,0.004293247357500418,0.15575905793031816,-2.0681384299370973,1.1700155285242333,2.88013846148132
0.013382371079491454,-0.014482454739127444,0.005729089597962626,0.0043193367573680095,0.15277615986511617,-2.073222214387076,1.0949327499985946,2.8643729575178365
0.013214579993567135,-0.014537312972615877,0.0059338373891601,0.004200286993444636,0.15536537290162536,-2.0308251720653883,1.2718179383697155,2.8521743474216947
0.01315983915576724,-0.014566048108445738,0.005991472981438497,0.0041424930822809005,0.15506946233514038,-2.006115742243964,1.3289424497467506,2.831679702355404
0.012322678467693271,-0.014906821818008698,0.006790776593473983,0.003211367755696684,0.1579322728495891,-1.4798073019771145,2.1320707139473942,2.373033164024004
0.012158681349110882,-0.01494410397545777,0.006942597486156543,0.003028638907410504,0.16233800028332326,-1.351581426918541,2.276197252968602,2.2657610852314787
0.01221041590106644,-0.01492073850055406,0.0069104467907912795,0.0031015515892472145,0.16245460370076867,-1.3996959533398392,2.2388676992531935,2.3146877443077583
0.012270930391794629,-0.014916942281191071,0.006841891486958819,0.003157076422981043,0.1594501899085249,-1.4417012382503167,2.179548711036794,2.342792867114348
0.012101043855824856,-0.015003430249971727,0.006933177504808025,0.002908431998617194,0.15763966680729127,-1.280417671429345,2.2939999562409565,2.1724311559128
0.01215002008165869,-0.015000620289226906,0.0068808592819232925,0.002955222407319174,0.1552896253054681,-1.3165667286971827,2.248704153636367,2.1981807256793897
0.0118864324419029,-0.015014264838808333,0.00715599298363525,0.0026901651481133263,0.16783366900078225,-1.1060942666180613,2.4875747939776804,2.0433629957559956
0.012045408353822536,-0.015000495208261052,0.006999888697191723,0.002860611179814718,0.16094051855287436,-1.240556567649042,2.348937628039755,2.1480176613541233
0.01199628472493493,-0.015005119828450781,0.007048581064893935,0.0028088968562474375,0.1633523735533415,-1.2002686824926456,2.392242820652903,2.1168742166058387
0.011928665092948525,-0.015031192623834141,0.007087039775487546,0.0027143783123297683,0.1634823907523448,-1.1344607474285133,2.435681571487702,2.0507018978528433
0.011968735349149565,-0.015033187242752674,0.007040955710095162,0.0027514397739193757,0.16045753282442937,-1.166017478615673,2.3974113755125432,2.071541416267939
0.011853962893351146,-0.015047572002875435,0.007143587132517609,0.0026216430676481435,0.1654253029975186,-1.065156692555308,2.4903770285678193,1.9882106344350354
0.011775276535713933,-0.015074100932635169,0.007186660659540051,0.0025122965245750694,0.16611455314041265,-0.9865686267455515,2.537207727265606,1.9100241957306336
0.01181930935982481,-0.015076993285017251,0.00713784143555145,0.002555456140121091,0.16268489805168396,-1.0241641063880567,2.4970430985699315,1.9360600816887825
0.011740685881819472,-0.01510972958794944,0.00716966323446819,0.0024401237846365027,0.1628760677615052,-0.9435041225990749,2.5365446575930366,1.8512926788009347
0.010964799511654267,-0.015180885577087863,0.007679220399094382,0.00142958910840256,0.1951601661873172,-0.11314670770793982,2.97343448965391,1.1106318189327171
0.011240444570882751,-0.015152125954320009,0.007540610569913674,0.0018145996240474685,0.1848752188636013,-0.43001776439245004,2.858338830034104,1.4051485611334087
0.011286243677961568,-0.01516039461903047,0.007492059186272583,0.001866345084389133,0.18082299650286834,-0.47955914906689184,2.821629422711244,1.4410145117838014
0.011399595320028494,-0.015159667245599162,0.007402627907542667,0.002006609828343489,0.1745160952424162,-0.6001160456407213,2.748315005375524,1.5418937490138607
0.011363976785631974,-0.01516478913459017,0.007423556859908385,0.001959156718181568,0.1757040578432879,-0.5621986188458771,2.7670735324408944,1.5069160388480063
0.011325447087393109,-0.01516296828331367,0.00745723755049615,0.0019132390548670974,0.17836767862692307,-0.521628201118849,2.7939976151084562,1.47439087707897
0.011000232541332578,-0.015186791987298633,0.007647385340981693,0.0014741890144242375,0.19226869553541695,-0.1555496854098486,2.9504335115806977,1.1435566267019512
0.01103892966635677,-0.015189440374215444,0.0076185063663058135,0.0015245876403317002,0.18978293639683164,-0.20089061379482379,2.928912231577986,1.1812924805912417
0.0110786491099615,-0.015188619855738479,0.007594108980175581,0.0015779940537993993,0.18757865387590103,-0.24665935452135557,2.9099289333611886,1.2217070110288526
0.011114021864373318,-0.015174692301086673,0.007593873314318808,0.0016341179817949802,0.18835442297380192,-0.28681804350958007,2.906584946324526,1.2665240803090116
0.011196954684858249,-0.015172944718445311,0.007538385773273364,0.0017433886748952963,0.18414577287406877,-0.3805612314928366,2.8622145966320525,1.3482225519777076
0.011153106323341946,-0.015180410107510409,0.007557218633325116,0.0016813069275917428,0.18504994678974615,-0.3313566013260912,2.8790541207168006,1.3008017426502452
0.010627065555973541,-0.015203308311605346,0.007809044475265354,9.410357339757826E-4,0.2079953818162126,0.2929931381164424,3.064165582156291,0.7288596776667237
0.010664170536954991,-0.015216927260868346,0.007769239110298095,9.89008171620191E-4,0.20363817247072377,0.2430078679195358,3.03879803604222,0.764517700483791
0.010699073511141695,-0.015224863874435828,0.007740056471657584,0.0010354531896375977,0.2005887921704799,0.19812164120336795,3.0200284025251034,0.7996321260141556
0.01059839236630805,-0.015246361871408168,0.007742380977968401,8.830637618143508E-4,0.20096848831684863,0.313789856151228,3.0197410222877252,0.6779643135466883
0.010940431563075535,-0.015208512723525736,0.007645790269016903,0.0013800122857576412,0.1917431878621145,-0.0876582782331961,2.95291375356206,1.068081378558044
0.010735640539904738,-0.01523062358950523,0.007713424205560211,0.0010846212413158295,0.19784273352897455,0.15235626556151283,3.002654703049256,0.8370258352243792
0.010774549995062386,-0.01523323159125167,0.007690577671019059,0.0011379729465925354,0.19541626624595512,0.1051102571524861,2.9874625362736467,0.8779384551721062
0.010813900983062707,-0.015233581050363772,0.00767063568023747,0.0011925628048369656,0.19352190995916632,0.058087704078771764,2.9738216381338916,0.9200998983084903
0.010905815561262326,-0.015234998446961693,0.007619682151769162,0.0013179374296066449,0.18892921992295483,-0.05057067901930069,2.9376260963836893,1.0163091984548869
0.010857481229435407,-0.01524184804059033,0.007633861209527789,0.001248346936472301,0.19012060095285957,0.004938426581416644,2.948652775559254,0.961936214882124
0.011612723293845977,-0.015141870043288975,0.007243923397448795,0.00226999835507285,0.16558606728494027,-0.8159625800970488,2.6105895829139736,1.729080839975066
0.011659166028203596,-0.015140775615962753,0.0072024443591825965,0.0023223073676910664,0.16326056158285218,-0.8598239168972105,2.575468806385381,1.7645126820324641
0.011705010826628316,-0.015138443105739844,0.007162530049677524,0.002374237906494153,0.16123476619977758,-0.9023661542420307,2.5411981687475604,1.7993259249676385
0.011523376980123791,-0.015130737024270861,0.007341639826688495,0.002178232463839781,0.17213248845016446,-0.7318936982932719,2.6881797634406066,1.6700425607331624
0.011567427730166112,-0.015139723356103,0.007288428494447643,0.002220870475978635,0.16831888772366968,-0.7730929594328378,2.646965829588488,1.6966262346734278
0.011584913434310935,-0.015176440467815031,0.007217470173809257,0.0022076224421137213,0.16227678704068618,-0.780768474623071,2.6008182914823217,1.6770998525893392
0.011480886093918799,-0.015158904662203373,0.007335332922554622,0.0021039775715858615,0.1701971426383921,-0.6834531644307665,2.6925316752555695,1.6107718746456552
0.011420342255008369,-0.015188040713314758,0.0073409741248172105,0.0020080881981002488,0.1697199368279519,-0.6170516374139138,2.7067370815396568,1.5361450252941211
0.01144969592914004,-0.015191346863875216,0.007311556687696072,0.002039944863980313,0.16748227384927789,-0.6460932625075897,2.6836616535721967,1.5578546169470846
0.004893779358277562,-0.011189862831205037,0.001813339258450664,-0.007810830452580798,-0.16766782914218117,1.1759275209630486,-2.3223479005935737,-0.5157979497209436
0.004893690930022144,-0.011227241754505582,0.0018638053150072445,-0.00778571989434123,-0.1752314940932378,1.2111494401049294,-2.3062331442461317,-0.5528501306119534
0.004912497478499413,-0.01128534843859339,0.00195455315860367,-0.007765613828644594,-0.18792335181564598,1.2731968308470527,-2.2950595356403904,-0.6097462002953903
0.004892325013150242,-0.011260461005574995,0.0019072841964103994,-0.007761432831358471,-0.1816765810180361,1.2416597336482915,-2.2903369817656585,-0.5855462875778522
0.0049180304480501095,-0.011340969367244871,0.002031864916009834,-0.007731183445992642,-0.19855837649354482,1.3271124883647174,-2.27286607754263,-0.6640740984778116
0.004902555250081146,-0.011313423246885078,0.0019844720608668772,-0.00773482183615456,-0.1924547011609703,1.2950417574748505,-2.273832948016233,-0.6371989582746528
0.004939365880435943,-0.011374527845150969,0.0020916350236717235,-0.007728790217970314,-0.20651685785581403,1.3674325978908297,-2.2732295382272825,-0.6969437829716485
0.004901038010777686,-0.011364984443021756,0.002050367721235679,-0.0076952701687561225,-0.20120070756975533,1.3415648321390685,-2.247305234244083,-0.6869826854307075
0.004986847472521739,-0.011569217519618867,0.0023765541582170323,-0.007620705993175069,-0.2414118771371135,1.5652343558744517,-2.203201169173951,-0.8845404534655578
0.004946767263330917,-0.011415245714960127,0.0021500135983075594,-0.007705272620460672,-0.21411195473714992,1.4080116828496367,-2.2580602021452965,-0.736424767802676
0.004955984123513303,-0.011450964635247545,0.002203002925493107,-0.007686772106335255,-0.22087411209596744,1.4446725793655413,-2.24630909610388,-0.7709843718625508
0.004970230774229156,-0.011477419931477443,0.002248129669206895,-0.007680428584442725,-0.22638431007777077,1.4754014803245559,-2.2431511274524674,-0.7969013242543612
0.004965920240592957,-0.011506460816613976,0.0022811073445749125,-0.0076519723275403845,-0.2303588533099066,1.499259696085302,-2.2232911776148185,-0.8242122112975278
0.0049736803424948245,-0.011537193066175441,0.002325831185814998,-0.00763434965360345,-0.2355538401116786,1.5303607530377146,-2.2117085526446822,-0.853628626806978
0.0051491494435268225,-0.011843266572283073,0.002855307368213766,-0.007528955112417674,-0.291417542247609,1.8940257613504097,-2.148386829295182,-1.155959515863681
0.005147935189294867,-0.011875303904301554,0.002890194140101374,-0.007494452121983879,-0.29351469895564103,1.9193108650010966,-2.12286336901489,-1.1842021932864906
0.005020795967450729,-0.011622731521828397,0.0024717390834941015,-0.007608929922881007,-0.2524046667079202,1.6300899680390584,-2.1974821142790337,-0.9373547410774538
0.005123769593270228,-0.011818911396267104,0.0028015663209364186,-0.007527860490311935,-0.28603427105734863,1.8574159830678083,-2.146077967019927,-1.1298104022295077
0.005095922337170999,-0.01179921355001414,0.0027510578592790614,-0.00751923551567798,-0.2806542322819875,1.8234290961191637,-2.1381735929345447,-1.107577528646948
0.0050878465820471345,-0.011772588566964594,0.002712447766437982,-0.007537325447651983,-0.2771092793214351,1.7964074012837499,-2.1507889367564377,-1.0825076721771028
0.005085217945957721,-0.011738999753013919,0.002670711776106507,-0.007567360661756716,-0.27363616612565395,1.766690895314886,-2.17228771776669,-1.051786122060088
0.0050782484309534175,-0.011707944994027168,0.0026272962549120584,-0.007589926711237831,-0.2694925606398419,1.7361297765376364,-2.1879856152309602,-1.0224464159214783
0.005043892201728368,-0.011649624740490146,0.0025252454951901157,-0.0076086076291918695,-0.25860631990364474,1.666146632893801,-2.1988762666490786,-0.9646371212153593
0.005060277530591318,-0.011684116651421675,0.002581899554014871,-0.007593735897545198,-0.26462151196047823,1.7051878387646136,-2.189481240575809,-0.9983205429973342
0.004967558787983656,-0.011599145261757272,0.0023961644674271552,-0.007574775214041827,-0.24308061689787364,1.580891356905482,-2.1697056491509588,-0.9103967711531246
0.004990392586719721,-0.011621949394471991,0.002443652643894591,-0.007578163551638481,-0.24865561963634436,1.6128020169314827,-2.173589531109393,-0.93358418334591
0.005180982133282146,-0.011930579280142666,0.002986452536212962,-0.0074691933168552,-0.30152707037323156,1.986133459578247,-2.1058744975627586,-1.2391577134614382
0.005203707774378966,-0.011977266258117722,0.003061884208515025,-0.00744103616890142,-0.307021637063358,2.03880737100714,-2.0857982306203104,-1.2844540237390707
0.005180762199547599,-0.011954338349182157,0.0030120505738799397,-0.007443251481805741,-0.3026620345878561,2.004545964976938,-2.086425192895261,-1.2595990306401759
0.005183568572371625,-0.012003238198774843,0.00306716765216997,-0.00739238483158937,-0.3052221395493597,2.0436990170070537,-2.0482134446574793,-1.301500181302983
0.005153974506912195,-0.01191078141177942,0.002935857967801297,-0.007463202780900796,-0.29658309602785987,1.9516548732623933,-2.0999984244122962,-1.2163471880060428
0.005185695267031442,-0.01203023222211066,0.0030976050987121615,-0.007364446276808871,-0.30663085463442913,2.0651802001863806,-2.027094111064057,-1.3243068148951591
0.005225678564511321,-0.012073983984661897,0.0031876671360046792,-0.007353717452822098,-0.3132849448952832,2.127514216154981,-2.020244294138308,-1.3707218911285521
0.005189226603718462,-0.012061246431753363,0.003133257074007296,-0.007333027831306326,-0.30807968592645835,2.0901965839488224,-2.0032949836828173,-1.350368453536628
0.005234042431623282,-0.012108878838591568,0.00323239666887557,-0.007321460419309307,-0.31520324759834134,2.1588653207266493,-1.9956763209805632,-1.401176414907608
0.005246860489038634,-0.012139724278031179,0.003277836291000903,-0.007297576460564107,-0.31709909138141773,2.190467203009217,-1.9775614026962642,-1.42933176596149
0.005233404729771461,-0.01216491695469391,0.0032863117745542485,-0.0072551737148096014,-0.3157396035979678,2.196335456680892,-1.9445228748726222,-1.4445020275132012
0.0056458944422033905,-0.012822662356386742,0.004344695728132564,-0.00671043259399419,-0.31793958551428286,2.9141168930940746,-1.4877686410921218,-2.036184411624053
0.005451916803395412,-0.012505847846785139,0.0038592035159585084,-0.007015409419860906,-0.3314674524931019,2.5921717868810474,-1.7524169828242069,-1.7674250516621257
0.005418700683536614,-0.0124906483813102,0.0038024816697351297,-0.0070079858696703795,-0.3287798141334121,2.5510813754075925,-1.747487944490736,-1.7424311545624265
0.005354764210207657,-0.012299719903985762,0.003560052914858277,-0.007202253116702815,-0.33005468795280263,2.387138450629392,-1.9043863810134034,-1.5872415443193635
0.00536706686276991,-0.01232708152699488,0.003600033800401966,-0.007178447678249996,-0.33077357309210703,2.414822582125091,-1.8854138505060682,-1.6117087854938015
0.005377737317860714,-0.012355369842002188,0.003638367436564685,-0.00715150085428523,-0.331026997097752,2.4412478214461046,-1.8637840172471856,-1.6359774298343466
0.0053879618583070775,-0.012382797560808777,0.0036750038472881824,-0.007124840608765222,-0.33108547853214376,2.4662977913189956,-1.8423192169257303,-1.6590996762620656
0.005401485939584602,-0.012409595127253212,0.0037151033095692656,-0.007101502657742699,-0.3315281011540438,2.493822604448844,-1.8233829073431782,-1.682896886409279
0.005383339579318385,-0.012439836060787341,0.0037155914721051513,-0.007045729199335409,-0.3276942448006497,2.4914983263302477,-1.7788426874781835,-1.6946544036359883
0.005391680865759854,-0.012474060824885912,0.0037535140626383814,-0.007007429084881296,-0.3270079735413735,2.5161924503116153,-1.747952687167622,-1.719734802730129
0.00561346675242987,-0.012770761446634383,0.004267373083643528,-0.00676469798771804,-0.3217671279723222,2.86458553222961,-1.5359560887562707,-1.9947248561314537
0.00562769230470387,-0.012800594608321324,0.004305363424012644,-0.006730536925100055,-0.31937348969465723,2.8878998723918787,-1.506331118958135,-2.015997565652727
0.0055790692673194555,-0.012768083509601336,0.004214954413423968,-0.006743326233350065,-0.3198045747070805,2.823294139603733,-1.5215930119998156,-1.9730949919395775
0.005556589536303458,-0.012707307356101111,0.0041459411354991755,-0.006815296482118897,-0.3243650821423096,2.7817601100471303,-1.5826696789374886,-1.9324546198542356
0.0055687996879141,-0.012738600893311483,0.00418270406240107,-0.0067789283351556125,-0.3221170704900152,2.804218265085655,-1.551750581804143,-1.954009698932319
0.005512833383470367,-0.012640145980982698,0.004039955728205163,-0.006877824281118816,-0.3269318262609671,2.7113745111387844,-1.6370933640302854,-1.8746618691198087
0.005522077193797895,-0.012668147445513995,0.004071471869050325,-0.006845154606943698,-0.3253328325045663,2.7309174334385955,-1.6097077239488653,-1.8940274944243127
0.005532006766661728,-0.01269142063019853,0.004100530453375845,-0.0068194555558990415,-0.3237471068951669,2.749188347899701,-1.587950686556824,-1.9109631516406864
0.005527603132870401,-0.01271300203752187,0.004107584097098567,-0.006785107376013044,-0.32166399938492973,2.750468514670745,-1.5602197738675387,-1.9187825095616329
0.005455205943083265,-0.012539359678511426,0.0038887446677296302,-0.006972159864657593,-0.3295194740278815,2.610367983815324,-1.7171059952777725,-1.789078580429735
0.005461714537947485,-0.012572386658495345,0.003921593061947345,-0.0069319118441180175,-0.3277612121549413,2.630798611033637,-1.6840815096249508,-1.8112444700850683
0.005471417658306092,-0.012603621617720944,0.003956922684554984,-0.006896332254844733,-0.3263300744872835,2.653125906651582,-1.6546572586323298,-1.833394551658731
0.005480800330617003,-0.012635350850377973,0.003991527028798974,-0.006859375094383799,-0.32462012349046204,2.6745892072974944,-1.6239865530299158,-1.8550944255092896
0.005240788488945248,-0.012194443601452033,0.0033230211162944764,-0.0072269958484669425,-0.31665341461704233,2.2216818618363265,-1.9227733227062112,-1.469189785295552
0.005256791751979105,-0.012234139979219523,0.0033790073047383837,-0.007193997958796932,-0.31867388474984004,2.26012314287112,-1.897283771422138,-1.5038233919770896
0.005316620594697053,-0.012293656428672813,0.0035064271869750707,-0.007175085563055453,-0.3252365888152487,2.3488383388837266,-1.88266136345089,-1.5685067972682096
0.005263535482739944,-0.012272606310681954,0.003421922839837614,-0.007153259294461139,-0.3191649836966926,2.2891589950389437,-1.8655180615544213,-1.533731056589897
0.005286543956818351,-0.012293834069502938,0.003469069565325049,-0.007147739308281438,-0.32157641353826777,2.321958997263277,-1.8610800634905078,-1.5572473215997862
0.00660792748062394,-0.013862272573628867,0.00604286687872268,-0.005308385661992677,-0.115504843996253,3.758042893632048,-0.09696288941106786,-2.665533983342458
0.006624301910209857,-0.013882936472902348,0.006062054732950554,-0.005271375222599131,-0.11086619890908135,3.7546297248061933,-0.06380559380416002,-2.663913778566821
0.00657163011896125,-0.013830433011298514,0.005992788070838727,-0.005365035850644491,-0.12468364056656332,3.74687537965315,-0.1539500662898181,-2.6592627527972277
0.0065816053623540625,-0.013860992263215896,0.005997067656003336,-0.005311128935098829,-0.12032308383917757,3.7244804189353964,-0.11301361912850712,-2.6483059995525497
0.006479571667186471,-0.013751275897848395,0.005860108392545729,-0.005501098332759851,-0.14757313918213685,3.707337689967329,-0.2936148101732678,-2.63547829141076
0.006512181979556706,-0.013803054764936535,0.005899007736435358,-0.005411859985178131,-0.1373048417561379,3.6968445430030816,-0.2160420799422731,-2.632424924962795
0.006492674901137952,-0.013779474003550903,0.0058734110716579585,-0.005452293051028166,-0.14275966087539946,3.695667896841194,-0.25338509306331763,-2.63080304988921
0.006538218504267283,-0.013826379891514537,0.005935578445665608,-0.005371729354824521,-0.13075500206876287,3.7062063955556037,-0.17581965440571581,-2.638112321472455
0.006412123510156991,-0.01368832977583457,0.00576002358959681,-0.005604988182473259,-0.16462740115798077,3.675219599556161,-0.3988846807289091,-2.6142453976756195
0.006429832941758954,-0.01373107711412745,0.005778974872728077,-0.005531948350447172,-0.15739042661908376,3.6585369529844898,-0.33876158401420065,-2.608499681961289
0.006414374864102915,-0.013713341904783053,0.00575705670230733,-0.005561260578003931,-0.1615824029749132,3.6543337316482023,-0.366587783485383,-2.6050416852642226
0.006447811415687822,-0.01375478709965038,0.005803078134849014,-0.0054922035722762,-0.15217882812454062,3.6596601805278657,-0.30252972530393607,-2.610552683644311
0.00638244396320405,-0.013688079999358648,0.005707914715945866,-0.005601210660333554,-0.16877024183933084,3.633468216181584,-0.4093216968254973,-2.5920176065720395
0.006359634419140834,-0.013687867749319077,0.005668201873986768,-0.005598167159574862,-0.17187709327596487,3.601910185627345,-0.41702754263505143,-2.5750980679329225
0.0063159331892488355,-0.013639394037034363,0.005602955540997366,-0.005674832289957421,-0.18320642367207854,3.5831197341570875,-0.4908260126105293,-2.5607008002513383
0.006346507230828653,-0.013674307592079426,0.0056486054182311165,-0.0056196411167643645,-0.1752320900346499,3.5957688914261685,-0.4380274576607119,-2.570676151262577
0.006331420696454818,-0.01365805493038414,0.005626019650125284,-0.005645288669788436,-0.17901877791530715,3.588905890296026,-0.46293977488708,-2.565557723315139
0.005762238920170066,-0.012975456105922458,0.0045966156475498975,-0.006553353664274832,-0.30349213305525485,3.0758688687060327,-1.3420739026868345,-2.1641106258124783
0.005745903388783751,-0.012954401221148854,0.0045620822178516944,-0.006575926214485867,-0.3059811574369246,3.054134305485883,-1.3632651468152568,-2.1469818882285447
0.005768520821277472,-0.013021458055864488,0.004624601704988311,-0.006484716015378822,-0.29766831575691616,3.08355103481324,-1.2843717286989929,-2.1803010769094278
0.0057568161981002884,-0.012998377517101131,0.004597294806708671,-0.006513820948331035,-0.3005303997907522,3.0688287986382488,-1.3102388745663802,-2.16654044301628
0.0057315374915018836,-0.012927691429789518,0.0045278817248209915,-0.006608261586461743,-0.30886981189483986,3.0342916279257754,-1.3922153994262334,-2.1291575253797745
0.0057052071360175075,-0.012907555870998155,0.004477751695864799,-0.006621895193338516,-0.31057112404728787,2.9991434677962028,-1.407158399093896,-2.105190234434755
0.005636893970936858,-0.012848596738564887,0.004344669537013253,-0.00666496792699592,-0.3144697086930934,2.907430203452678,-1.4511481918372773,-2.04064889033412
0.005672636978821611,-0.012893924201521252,0.004421297761396491,-0.00662083613902882,-0.31083714167721294,2.9570286044142438,-1.410589881672398,-2.079448805038155
0.005649309279469515,-0.012871100603042827,0.004374745028605318,-0.00663961573123788,-0.3125379693149544,2.925644445266147,-1.4288862343024598,-2.0566342966176117
0.005821836008046288,-0.013047432060053977,0.004718949822169098,-0.0064756922648045775,-0.29470657019119045,3.1527747977063347,-1.2677391960922388,-2.223514104040783
0.005786194800367646,-0.013048869010285756,0.004662547209420723,-0.006452051931193448,-0.29436844550488245,3.105257068960277,-1.2545598040909942,-2.198710951737017
0.005834475733251627,-0.013074630973646783,0.004748524623429822,-0.006439387336200531,-0.29108517743291745,3.1673647396959477,-1.235407820875501,-2.2380568346812395
0.005853362587060552,-0.013098031481616491,0.004786500851245815,-0.006412471257711634,-0.2879043667222718,3.190143970173442,-1.2096361422766353,-2.2558679118530978
0.005866871375973547,-0.013119008433938054,0.004814722744637313,-0.0063860234662584375,-0.2847396349445438,3.2054453345888887,-1.1852550749165787,-2.2690003528551452
0.005870070198931944,-0.013141375333227519,0.004826202932787825,-0.006351420699205406,-0.2818080297824967,3.2061263543352787,-1.1561326236559901,-2.274568668440836
0.0058789625176566725,-0.01316902337530815,0.004847910433156,-0.006311252623500568,-0.277764863867954,3.212907402690911,-1.1215302600298653,-2.2843986107793204
0.005891632348590084,-0.013196747951053286,0.004875187913290055,-0.00627272535310753,-0.2737595586048211,3.22398417051788,-1.0875478545332238,-2.296341077607251
0.005909028555674252,-0.013227700804130289,0.004910256637272428,-0.006230973258126043,-0.26915240358713793,3.2397839838438043,-1.0500223115424292,-2.311311634811911
0.006003244467307998,-0.01331619203057356,0.005080221343774193,-0.006128449299799484,-0.2534078108744678,3.3401051930992707,-0.944489646098149,-2.3829148437178787
0.005913738064938136,-0.013267613556131964,0.004925515783232173,-0.00616818543208585,-0.263735977976306,3.2348068521017823,-0.9989269867302556,-2.316413996257687
0.0059422983452666,-0.013282213879349247,0.004974618034973079,-0.006157527995019022,-0.26080797373182674,3.2687863961788675,-0.9835020067057181,-2.337752730381656
0.005972571210726655,-0.013306207352570517,0.005028003993279067,-0.0061316075478383405,-0.2560995172972062,3.3016129588191334,-0.9551648133019018,-2.360112351230058
0.0062739957428614235,-0.013618012980410075,0.005534302048035327,-0.005703288587077284,-0.19080984156812256,3.5420273930388873,-0.5285909769291389,-2.536372597225595
0.006286399378441572,-0.013644291306445712,0.005551014598471494,-0.005660644645153481,-0.1862841283520497,3.538148417352033,-0.4925312057034689,-2.536870139195283
0.006149245563828789,-0.013461724889293083,0.005334549303380007,-0.005938017312244275,-0.22351890513164321,3.474393831249286,-0.7510531559567661,-2.480081951159884
0.006161622153846081,-0.01348252907247704,0.005355095759980546,-0.00590636980566492,-0.21962817287295716,3.4793117621890417,-0.7224202980266847,-2.4857694543206654
0.006183500890693059,-0.013532583159280765,0.005389530136872888,-0.00582733490928669,-0.21109554930260835,3.477951876286492,-0.6546978759351417,-2.4916955261596665
0.006169515019274968,-0.013509199872658365,0.005367270280696983,-0.0058631816426674135,-0.2154088608587625,3.47369582490037,-0.6867043710271235,-2.486340865326893
0.006238499094309735,-0.013613634157230476,0.005474164431943605,-0.005703003839534076,-0.19537498717537746,3.4964313014415302,-0.5421122447135404,-2.5111376643978383
0.006223932623662518,-0.013582331721024174,0.005453541382901782,-0.005753026441252656,-0.2007637483377303,3.4995353270633762,-0.584427999613002,-2.5094274996214634
0.006200820481235595,-0.013555797844900574,0.0054170273293628725,-0.005792442980546936,-0.20636410906861105,3.486307930170486,-0.6221936888255596,-2.499120135359512
0.006055970898996964,-0.013346111610760098,0.005171970001676351,-0.006100450384320301,-0.24628687118996126,3.401912645751103,-0.9076131426753913,-2.421883997770099
0.006067641802769475,-0.01337867806835978,0.00519406319752531,-0.006050006650099248,-0.24110332558853223,3.403340697320683,-0.8642696607058379,-2.4282935738732063
0.006084004235513581,-0.013404144399264933,0.0052229831168494325,-0.006013160158716475,-0.23642459010695624,3.4138065263601702,-0.8304071033125419,-2.4382055341269075
0.006127358555817471,-0.01344809687432392,0.005297338713662496,-0.005953971443812592,-0.227134501202531,3.4512508563428272,-0.7706391649214507,-2.465473232765982
0.006104167933703925,-0.01342787963108072,0.005257789416271359,-0.005980282747229914,-0.23191725507484076,3.4297594435019936,-0.7984638490193091,-2.450666318187244
0.006017456377259222,-0.013346622094056676,0.005107232155139523,-0.006083667836632406,-0.24850976001223665,3.3475394401337613,-0.9051228491192843,-2.3924113540253003
-0.004569761488099718,-0.009491649771325267,7.173623715156087E-4,-0.007774602936115084,0.21614405965876984,-0.5324689008683435,2.1583171890694905,1.1310802028614988
-0.004578311460653946,-0.009436138649565185,7.964908644266339E-4,-0.007767740963844362,0.22788682619034598,-0.5833837799038871,2.1470743118795528,1.1870391480104916
-0.004559625781349079,-0.00938498051191773,8.606485783859628E-4,-0.007731922612302795,0.23174676394562746,-0.6272883782612205,2.115039749312618,1.2240689098407722
-0.004591662913903737,-0.009136978020447524,0.0012054865533885776,-0.0076682012035653455,0.2752782051416725,-0.8457702121708959,2.038210479566135,1.4603207542059324
-0.00459270706459415,-0.00908635096124547,0.0012722998222828013,-0.0076455503110505986,0.2816215272252053,-0.8879981072476572,2.0151407308745584,1.5033251565312014
-0.004553262891069774,-0.009331744712328286,9.304507455002129E-4,-0.007707140889277917,0.23840147934078046,-0.673446571171831,2.090716957344991,1.2685037094814973
-0.0045544958572160815,-0.009256569669607426,0.0010314400340993236,-0.007680383229549872,0.24947038400456584,-0.7384598647221595,2.0623022175297763,1.3352997963568074
-0.004536738499948382,-0.009181788921157877,0.001122523273898862,-0.0076314624397111576,0.2547145860136098,-0.7987649697790129,2.0175799385781095,1.3889366963623966
-0.004563840031225824,-0.0090452632861658,0.0013111773216013644,-0.00759594816027524,0.27764907300976427,-0.9155744367375384,1.9740433301453546,1.518191899677978
-0.0046924512751898885,-0.009990494434344292,1.3877302788847714E-5,-0.007979074824229918,0.13413803959479506,-0.05384319163969353,2.357196390756803,0.6871650202350108
-0.004667418732987492,-0.009746146185659936,3.7429659041056206E-4,-0.007933233487564506,0.18808273024285638,-0.29465389654058244,2.3012173235811804,0.9275291089511633
-0.0046644410425012665,-0.009712923015917424,4.2257017593635185E-4,-0.007924979518943465,0.19483410176178603,-0.3268474311563651,2.291881117661941,0.9596846918005024
-0.004660573207341652,-0.009680825386305445,4.688164608315342E-4,-0.007915344541925764,0.2010192218556742,-0.3577424376739576,2.2816126226416604,0.9901015229846533
-0.00455793807171008,-0.00953768044853945,6.505542651972916E-4,-0.007774048890518565,0.20481254088441153,-0.4900103643938367,2.16294539656281,1.082392812094268
-0.00463778108742861,-0.009656942271428923,4.993047851027375E-4,-0.00788603264247198,0.20072045495701782,-0.3807458030371998,2.257733385973492,1.0038907242270183
-0.00457914743953426,-0.009579192675295337,5.977255117744705E-4,-0.007806513137061765,0.20224793550217465,-0.4529356001179737,2.1912542936143935,1.053102623915148
-0.004608710415332764,-0.009622107665600536,5.434934462713116E-4,-0.007847594924101612,0.20087043713775077,-0.41358353798933817,2.225953810736021,1.0251785742076123
-0.004680454704345225,-0.009949716010781075,7.441642397471291E-5,-0.007965000657367967,0.1420326075036311,-0.095160035635536,2.343409490430741,0.7251019763387196
-0.004655725287314426,-0.009919666562046925,1.1794212536983576E-4,-0.007936536208352404,0.1448118503226759,-0.12663131749460232,2.3200303953003836,0.747260634293739
-0.004653774184188332,-0.009886778354747395,1.6620453472394515E-4,-0.00793258538023735,0.1523428871861919,-0.1587944987253127,2.3141567849846676,0.7799682939720193
-0.00464859356433544,-0.00978506733343211,3.148280809621156E-4,-0.00791758104190371,0.17487716904490694,-0.25780595468867706,2.2935712019769823,0.880841656116271
-0.004641022732144283,-0.009840339980425212,2.3327801094562745E-4,-0.007915015286340003,0.16057579915988254,-0.20470250505336735,2.2970004413042626,0.8222594716860508
-0.004745002351278297,-0.010327998519878484,-4.976178618137833E-4,-0.00800856296489767,0.05118365425932927,0.2887340720611558,2.4056532893721507,0.3507631003864336
-0.004732005765958452,-0.010357563275443288,-5.394840464504613E-4,-0.007988471601932114,0.04152777963319528,0.3156682008615208,2.393607198477369,0.3169129915677066
-0.004726997659449742,-0.010301427375126068,-4.5462678585759484E-4,-0.007993029112857855,0.05635801656160505,0.25904101800680274,2.3925818144451743,0.37415534165101905
-0.004716150802351496,-0.010269738872505074,-4.0553027519046344E-4,-0.007985887090348335,0.06370955679685476,0.22575374150477656,2.3850402425793935,0.404423172499969
-0.004709732815048089,-0.010235991412123854,-3.5423749162860103E-4,-0.007983395559164145,0.07210718088060221,0.19124509593145064,2.380611812610726,0.43784712343014026
-0.004707537788552655,-0.010193630212049406,-2.906641143833154E-4,-0.007985902124476888,0.08308404550522219,0.14895134487550485,2.3790579465952857,0.4812321523115402
-0.004692082973914203,-0.010153687262083048,-2.2959796768630801E-4,-0.007972471363469015,0.09157377792059186,0.10722262418695737,2.3661945195509477,0.5183296937087863
-0.0046802641564719525,-0.010115906345504438,-1.7256514269295726E-4,-0.007962097373135914,0.09963682817807416,0.06836567401292591,2.3556032214281504,0.5539362741679102
-0.004671003641189774,-0.010072910850293184,-1.0835466603823704E-4,-0.007954004826368795,0.10931720321857309,0.024878493527037717,2.3461572928308048,0.5954612794840823
-0.004659652941108968,-0.010029580302695395,-4.40192785747001E-5,-0.00794260786035396,0.11823341557488094,-0.018915786585013212,2.334169248976044,0.636384752883917
-0.004745606957013348,-0.01057314059463649,-8.623874510910674E-4,-0.007948457750092189,-0.015679966546358674,0.5317704404445758,2.380850488739998,0.09605772610904714
-0.004704518754852426,-0.010376809723431284,-5.625403341158055E-4,-0.007954066205712025,0.03359181595890653,0.32954194018259214,2.370497669217894,0.290667543061414
-0.004733577041958359,-0.010528722852752442,-7.935424732443314E-4,-0.007948580337466088,-0.004641196268488978,0.48528206075481056,2.37776554886323,0.13970955453894796
-0.004708554861378079,-0.010413219427518125,-6.171106310081579E-4,-0.007950679334006006,0.02429063199552391,0.36620719182423106,2.370809576250404,0.25394579309309734
-0.004714837970238021,-0.01045070203647313,-6.737922908224658E-4,-0.007948777601524614,0.014819125115363674,0.4044083354058942,2.372233015060429,0.21656251940278973
-0.004723845728000127,-0.01048878856957701,-7.321352996482499E-4,-0.007948948884651185,0.005334456119081261,0.4438233018971068,2.375142660777398,0.17905406909910596
-0.00449035968265885,-0.008034422160771397,0.0023508646492737643,-0.006821584130233266,0.2817025164292382,-1.499707926993982,1.3157980903928228,2.0429084071384263
-0.004535213374244553,-0.00811326092107045,0.0023198362889475447,-0.006924765266843376,0.2946202230142915,-1.488146880750054,1.386487986955178,2.052437906158104
-0.004526857918770796,-0.008252224365938022,0.002182562271045661,-0.00703384445806446,0.2970544218627306,-1.4212869410155575,1.4767362857779835,1.9896377655135449
-0.00451103612220518,-0.008188108788368545,0.0022304863805210264,-0.006968203347173067,0.2918022173624356,-1.4443945907325364,1.4265872994663988,2.0035506269718013
-0.004531812897257186,-0.00898589525332318,0.0013697477576772642,-0.007533567245313364,0.27466088206674805,-0.9551641895115741,1.9219232462898166,1.544129465769395
-0.004476200991688793,-0.008306613590625306,0.0020895528370382436,-0.007034569444487587,0.2853269630750916,-1.3729352538959512,1.4887109704707109,1.9244295108021348
-0.004521280936746548,-0.008379631360969742,0.0020518128842651243,-0.007129639212253407,0.29756052109477454,-1.3529774956582077,1.5585019285892614,1.9250583400354706
-0.004492542448204217,-0.008454972363312607,0.0019528459287661275,-0.007161101746122895,0.28962695880397465,-1.3003780025472953,1.5916134536391648,1.8638887560152073
-0.004477040264044859,-0.008598537177761812,0.0017892375868290894,-0.007248509776249266,0.2833054986563139,-1.2093824411582477,1.6715038808706133,1.7709771759978443
-0.004483391402999932,-0.008527233362394583,0.0018703447598691768,-0.007204996754737603,0.28660313800027054,-1.2551551411498794,1.631675315151565,1.8173403280724116
-0.004492852671857726,-0.00892320441141996,0.0014258482240320296,-0.007461905058057261,0.2695594381526824,-0.9931591409355977,1.863395209044086,1.565755423381327
-0.004466676779984606,-0.008681734574410037,0.0016907935771273647,-0.007293870386922703,0.27748695493613984,-1.1530735435545945,1.7143489793704954,1.7123671430434684
-0.004476183473014129,-0.008843761510642614,0.0015111266753123382,-0.007401433089196338,0.2713172137130135,-1.0462119840128938,1.8106143784661086,1.6115053522255798
-0.004459098521073689,-0.008763121042175873,0.001594360656147645,-0.007337673123095308,0.27156125680607857,-1.0972560078940763,1.755595357254222,1.6547437596650971
0.004541813044003776,-0.007952620270125202,-0.0024658807569880935,-0.006788768917989205,0.2887580293225836,-1.5544036211475991,-1.2789969175826255,2.110844104745729
0.004510798027847372,-0.007855315311425696,-0.0025168859316401365,-0.006677478356647856,0.2765778504065786,-1.572463067971093,-1.2029954057200374,2.1115109573823365
0.0044885936050143,-0.005998127047225023,-0.0033087985821953184,-0.0048120333277455385,0.1230935453951031,-1.646743071286752,-0.2500980790292799,2.025829992298315
0.004542212046246484,-0.006175864317194207,-0.0033303755612912106,-0.005003881809565403,0.13674470575668146,-1.6832424571107052,-0.3032743237884752,2.084472599954641
0.004507175134129184,-0.006321720806502009,-0.003262540793285066,-0.0051427965054121,0.14785859822428996,-1.6852894982772837,-0.3611481412609831,2.0933922982838133
0.004545458232631222,-0.0070089011201710716,-0.003070607790115574,-0.0058640387753201035,0.2107226102060498,-1.7248869938691338,-0.6811619623421638,2.202990653469166
0.0045125038721342305,-0.006844221151704538,-0.00310565508663792,-0.005679833220150448,0.19287928432170032,-1.7125943712654712,-0.5937652996845246,2.16800908348305
0.004534041858689171,-0.006512006656261263,-0.003240136177677401,-0.005346002322617733,0.16432600420405555,-1.7089349886916343,-0.43692123609476996,2.138443672319863
0.004505390905743103,-0.006683469363311959,-0.0031569264638224674,-0.005512116586430516,0.17752257928444662,-1.7066317031619638,-0.5157848892984404,2.145989097233123
0.004536991932964182,-0.007554220582265854,-0.0027603209807462808,-0.0064099019829466355,0.2597939983805584,-1.6621459447380997,-1.0098872575341906,2.1867900556582076
0.004520659402590959,-0.007458188417447372,-0.00280609524196538,-0.0063054384258535625,0.24833937461244107,-1.671854907086311,-0.9454029785050097,2.183581185731144
0.004537480531865923,-0.007287858472375488,-0.002922889944824044,-0.006144997803964425,0.2361980739921505,-1.7023563437144482,-0.8423189383057795,2.2041098456002666
0.004518204426961694,-0.007155978057652827,-0.002972802973103638,-0.006001210988723784,0.22206444684491441,-1.7054118935884504,-0.7625614877672814,2.1900794089593476
0.004466997886185812,-0.007377974818107316,-0.0028015708674832608,-0.006194964125002663,0.23421673360663628,-1.6585562750670346,-0.8875527487706839,2.147917815327606
0.004454930611259543,-0.007761217852802646,-0.002537512373160139,-0.006551989398448867,0.26075415160057647,-1.5736221633351164,-1.1249919053142738,2.0880784025017154
0.004462579372413491,-0.007648420500824081,-0.002625167153794354,-0.00645225421422637,0.25369905244224894,-1.6059651183002912,-1.0546410610513808,2.114812042578546
0.004511784724629972,-0.008709426136264355,-0.0016884368092974663,-0.007353598642983211,0.2883514224818838,-1.1496972693457208,-1.7577788949691218,1.7275761021262535
0.00450726164140155,-0.008645145035282195,-0.001758136040948602,-0.00730746453512066,0.2891062151096153,-1.1903432366227251,-1.7171229235872976,1.765148984137657
0.004538925194521848,-0.008487643814001898,-0.0019524014209337487,-0.007226357631308264,0.30198634597602314,-1.2990654523915857,-1.6378921589193536,1.8823397425694783
0.004542682388409096,-0.00841577571803814,-0.0020309879818307566,-0.007176068787352776,0.3026744424511874,-1.3420126859382664,-1.5932655342854882,1.9240376564966117
0.0045019561388345165,-0.008533273417448287,-0.0018769589440887791,-0.007225847142400921,0.2913007873836065,-1.2580320974842119,-1.6459716990974884,1.8277608273637382
0.004463021557221579,-0.008594511610096696,-0.0017841173167516316,-0.007233068619734536,0.27984081338113326,-1.206999023748874,-1.661145869017658,1.7630038882398524
0.004500259109617376,-0.00833705699746296,-0.002078420241882808,-0.007078656346393506,0.2918184506484089,-1.367343555812509,-1.5201327239916498,1.9294341460167426
0.004466578327906667,-0.008127545980766203,-0.0022489113308967012,-0.006882156763199046,0.2801016288506382,-1.451285167668301,-1.368077042917963,1.991076502558609
0.004480205940141341,-0.00803720801150639,-0.0023397385444490723,-0.006816186774453912,0.2789492721206273,-1.4940228720771704,-1.3138628261089125,2.033663298165433
0.004453794933832297,-0.00825999025056534,-0.0021166403032735186,-0.006979328283815236,0.27970189055971906,-1.386083900281049,-1.4483495433964875,1.9272271204665985
0.004411426305029172,-0.008179292755806252,-0.002157336726553508,-0.0068809627163935625,0.2688761755888669,-1.405272289169643,-1.3784847577269572,1.928130234312616
-0.004440933759595824,-0.007940582084610242,0.0023862708644930794,-0.006702867544210172,0.26692638457758394,-1.511880905111566,1.2364090110515404,2.0325355025347274
-0.0043932052531033515,-0.007845693512861294,0.002418688152651296,-0.0065855077936484594,0.2534501030808822,-1.520962350202165,1.1608092353771136,2.0208312097014605
-0.004365417371069575,-0.0077643875254525905,0.0024542130806727005,-0.006494564193225629,0.24483206400505791,-1.531849477680049,1.1026951806290615,2.0188555228309855
-0.0043944965314534476,-0.007671885897203317,0.0025457509840886156,-0.006429940491574722,0.2441990393988051,-1.5686629893027353,1.0533595965534086,2.0586294304950754
-0.004384980491473113,-0.007557155392942354,0.002613370733800594,-0.006317927290267402,0.2353802976785012,-1.5901238714553292,0.9814802818513492,2.070113218492439
-0.004464475829555197,-0.007149599194600323,0.0029219016536790633,-0.005967389833273814,0.21479837453812864,-1.681513954037395,0.7550113971669038,2.1518028768127206
-0.004473952373394623,-0.007274728125290993,0.002866453530178352,-0.006097008984026118,0.2270325938875545,-1.6743506473311924,0.8274926617462767,2.157637674649863
-0.004387658039906461,-0.007453321308880619,0.0026803799993823612,-0.006221911617253175,0.2291964094768331,-1.6108556867836479,0.9201522836875095,2.0842808568271085
-0.004390156944207219,-0.007348320167238011,0.0027440124241859738,-0.006123025261603752,0.22066545799562753,-1.6277176562910793,0.8596770761691612,2.0948731280734734
-0.00431929175702007,-0.0057799872166368295,0.0031764696190447824,-0.00456548286512995,0.10678777675747518,-1.5789467805393393,0.20617015509604356,1.921750618675546
-0.004335946411523563,-0.007064450274434225,0.002836009933946514,-0.005821306575078619,0.19437265019960034,-1.6323093847422256,0.7006397557383144,2.0666503357740944
-0.00431681890382459,-0.006007973991984602,0.0031387193371347267,-0.004783566336278931,0.11994330908474828,-1.5990694452540606,0.27163403763711164,1.9565608211150909
-0.004362099855033607,-0.006172353258810022,0.003151210963982681,-0.004954165676618041,0.1301954694121591,-1.6260863451649574,0.32018802568007354,2.0008117297445125
-0.004417892270512486,-0.0066036301854663915,0.0030943704083440837,-0.00539894356174389,0.16533520499489382,-1.670156893748849,0.48305754824194774,2.0859859372415612
-0.004364109721232741,-0.0064518888195469835,0.0030855997335499153,-0.005229946747051017,0.1507602107359928,-1.6446623312018274,0.4227911837210275,2.039644663052447
-0.004313168361382012,-0.0062980733883536005,0.0030751744676243424,-0.005063900557071368,0.13861085223165556,-1.6199609614890744,0.3675663224592872,1.9958079234105495
-0.004358187217410377,-0.006890189539817785,0.0029324140755662663,-0.005660755133947559,0.1832680118638545,-1.6490089573990407,0.6151119954785743,2.0751335986077186
-0.004304382396033768,-0.0067223339130264015,0.0029426734893303035,-0.005474838839474254,0.16652534025544696,-1.6303471698259635,0.5371605160684575,2.034188503859138
-0.004359446427501478,-0.004667908525076471,0.003279935214828889,-0.0035465843858074326,0.06161260218270257,-1.4606297785935232,-0.007603563682240446,1.742362805240998
-0.004377362540118925,-0.004981632489880977,0.0032914997840351257,-0.0038285387516222087,0.07170973824028788,-1.50005417298323,0.033258013432093725,1.7998585231025108
-0.004330722465358965,-0.0052764025915959375,0.0032358526136073286,-0.004094333547669368,0.08309621554370654,-1.5267962270473314,0.09046555971762595,1.8405184603429028
-0.0041525805248039055,-0.005412561865426518,0.0030623838537924605,-0.004197761617808629,0.0874078355744143,-1.5070084577965912,0.13786650127290362,1.8135564280556298
-0.004119453909658561,-0.005643163050605358,0.003007508836125343,-0.004403303128612697,0.0972476333309084,-1.5207439109159904,0.19155334018743206,1.8355917354804332
-0.004315261414929141,-0.004385740062579829,0.003239911698991956,-0.0032994347231760633,0.05583406309547556,-1.4227541719228916,-0.03123046276615903,1.6895326263376444
-0.004111391432235635,-0.004556983706410499,0.0030652151198725026,-0.0034397034113951863,0.0608696922982259,-1.4187859527942674,0.01073282101817526,1.6841212984291232
0.00446159436263246,-0.002150302630672687,-0.0032530165108067793,-0.0015211717305958995,0.03258948436775369,-1.226974712730813,0.10059283488635247,1.419088039385693
0.004341433583491854,-0.0015517152509189813,-0.003138017466753092,-0.0010910957655048783,0.033640493556800995,-1.1984211128325286,0.07201508873797137,1.381824505427794
0.0038603580541386844,-8.909447358580274E-4,-0.002776887053724079,-6.306793232783186E-4,0.03670957212602476,-1.1918183131799462,0.030031838190982645,1.3729113738188412
0.0048697741563733426,-0.003049868836487737,-0.0036239445334584727,-0.002180424253170162,0.031046853520480148,-1.2991005688753159,0.1633453995994072,1.519537447073528
0.004599810650544563,-0.0026520199822694236,-0.003385942833951869,-0.0018895113654879472,0.032943507994421584,-1.262071569409122,0.12431714732202173,1.4680544099806243
0.004904513296026944,-0.003664739104155173,-0.003704457810312325,-0.002675605396756399,0.03449301418825069,-1.37468226890128,0.1656065324498217,1.6235633593800187
0.004801598971606309,-0.003954764744943547,-0.0036398661273766178,-0.0029256122874435782,0.04098051843784514,-1.4086812449984247,0.13748767231618378,1.6718601758367255
0.004679659559865365,-0.0034044919709760382,-0.003499931850105513,-0.002474064094052259,0.03611511482314588,-1.335586717002342,0.13509479125137228,1.568908062097908
0.004644351710933832,-0.005460816453886006,-0.003522883887079772,-0.004305771663919252,0.09137474677020117,-1.6148209018285196,-0.08047833472933473,1.9691891996216302
0.004474162500993709,-0.0057715568022470975,-0.0033273038897039197,-0.004585264417416454,0.10902021841687103,-1.6166231445817616,-0.18500331984832463,1.9766377914711943
0.004339923270002071,-0.005869986577229593,-0.0031835041412803778,-0.004655586345098955,0.11093410709133926,-1.593512261095744,-0.22826813032248378,1.9436245257464215
0.004462141580505098,-0.005564953164328434,-0.003337713626891213,-0.004382732074821146,0.09642035920958093,-1.5885646686584052,-0.13384298049968402,1.9316049898238925
0.004635703836880588,-0.005199815639634258,-0.0035260712122565344,-0.004051907191468311,0.07906666883347883,-1.573753796186644,-0.028586998426302915,1.9069663626930233
0.004570805401719101,-0.004991205265318607,-0.003469055175235422,-0.003850428960723927,0.07018135140803239,-1.5323461686092879,-0.003940958828400488,1.845166240912264
0.004683462372987099,-0.004805886201266586,-0.003573346930583341,-0.0036840324539073664,0.06256296555712478,-1.522235554293047,0.042404707545392266,1.8304387970316376
0.0047650999523281695,-0.004574230969082704,-0.0036423040836273866,-0.003472927620492482,0.05363192907526302,-1.4967811977863852,0.08526759518075193,1.7946496454792267
0.004705187791133981,-0.004291376295826024,-0.003576298603443815,-0.003219955433275971,0.04799285476470067,-1.4489415218096464,0.09948586194072308,1.7264669770568923
0.0030898221049779177,-4.7910057675917605E-4,-0.002222603575678428,-3.427596681903179E-4,0.04179503326340017,-1.2014872916422943,0.008188623423890288,1.3866913938055496
0.0022438195161025966,-1.9690207021879697E-4,-0.0016146027929851221,-1.415669472338364E-4,0.04539393113721128,-1.2071011654169295,0.0012594776141263756,1.3939561373688272
7.868341364057804E-4,3.0008791521359094E-4,-5.661489794776339E-4,2.1593350611949063E-4,0.049224357892476214,-1.208403048546732,-1.4175330126008296E-4,1.39575859005297
2.180185042223868E-4,5.404222848879412E-4,-1.5686916977462244E-4,3.8882249340827153E-4,0.04975876156684734,-1.2081306345054403,3.945408935158401E-5,1.3954443672944858
0.0015256068279498824,-3.4764031913380193E-4,-0.0010979021068037243,-2.5022862579238733E-4,0.04776312507950172,-1.2087608190612271,7.210423317681742E-4,1.396144746925234
0.0010558288003197388,-1.912932859401763E-4,-7.597124036493102E-4,-1.3766469609357844E-4,0.04882658675058362,-1.208395300970666,1.7183858484811943E-4,1.3958300004821096
0.0045489347809293855,-0.009256197195314871,-0.0010297521225822396,-0.007674468871680343,0.2482194884664282,-0.7379419772076415,-2.0579540762214754,1.3324877594397366
0.004539889091190821,-0.009199101246461987,-0.001101317295377403,-0.007641989359747359,0.2531386326501032,-0.7848887092125473,-2.027361497461104,1.376281764320323
0.004542491001078548,-0.009149263628396834,-0.0011673073409450424,-0.0076231498888107525,0.2602292676323954,-0.8267505778234098,-2.0075001614906927,1.4197726602940632
0.004611698872316563,-0.00974970489138114,-3.6136179959658186E-4,-0.007872753662095992,0.17472026266258525,-0.2929663084224483,-2.2572772851395917,0.9014426123276845
0.00459569024353631,-0.009710472608498862,-4.151889231426478E-4,-0.007849617509088568,0.17984831327671735,-0.33044205527510556,-2.2364494838436624,0.9335001298043576
0.004583063475065157,-0.009668395538686434,-4.7285718632189485E-4,-0.00782888751288748,0.18541346325012542,-0.36992656014447217,-2.2170094178580375,0.969095604985682
0.004569848099103842,-0.009395940331683714,-8.49019785672532E-4,-0.007746253501488098,0.2326304166110107,-0.6185410460401055,-2.1268174028859703,1.219540048456941
0.004557474794047582,-0.00932563090811545,-9.402009797886441E-4,-0.007709351486757983,0.24038406546820518,-0.6791539083447158,-2.0916674803257513,1.2761977880140882
0.004502351305524903,-0.009279241047669126,-9.815566370747532E-4,-0.007635349238591103,0.23306020608544067,-0.7119714396690752,-2.0323816001379598,1.28648722057785
0.004542604197558768,-0.009623971017615631,-5.273889982258729E-4,-0.007777197142100901,0.18529201163246076,-0.41069498513896446,-2.17446967346994,0.9941166908641951
0.004523572710193876,-0.009559727028755488,-6.118898000804055E-4,-0.0077430898074914095,0.19290312769920037,-0.4684885581419161,-2.142650498526583,1.045891246925242
0.004515109753078598,-0.009503479301452082,-6.86513927890911E-4,-0.00772020810460336,0.20073894025289993,-0.5184568938078921,-2.1198152139616653,1.0938232739285778
0.004523759646761593,-0.009442572497966735,-7.714274414606751E-4,-0.007712260021867442,0.2131929471822824,-0.5731406237147693,-2.107303064072438,1.1535235091336897
0.004610152258942211,-0.00983070991387084,-2.444368471376704E-4,-0.007880413973022327,0.1565483489646661,-0.21553965185552967,-2.2707597806761126,0.8203169888127345
0.004586323879020639,-0.009803884145202568,-2.8058063178804424E-4,-0.0078518901742679,0.15766017561762088,-0.24216084301870439,-2.2472863232768066,0.8379343262249584
0.004586352336941241,-0.009775257111446754,-3.214682552506933E-4,-0.007848623534630783,0.16388682475638336,-0.26928345777480517,-2.242102490738139,0.8661256042626807
0.004635540350994355,-0.00990751420691469,-1.3476520181098463E-4,-0.007913757734039259,0.1437272137341723,-0.14007750902968988,-2.302302108401257,0.7525347699420282
0.004596526207969757,-0.009871275614515963,-1.848634650340123E-4,-0.007868965105492648,0.14467300172773145,-0.17743422642745332,-2.2662170713136702,0.7749117455142062
0.004614041684583797,-0.009945648144245183,-7.837430616366775E-5,-0.007891859441841958,0.13063232122279772,-0.10480713899971976,-2.289832052120871,0.7066929388200689
0.00464685604485928,-0.010030974873756182,4.58834564417238E-5,-0.007928494504550515,0.11582274759754138,-0.019033598405726354,-2.3240963027312307,0.6310220036219992
0.004625283473083422,-0.009982960626300165,-2.437778210679553E-5,-0.007904935393775991,0.1238318397583623,-0.0677812961390923,-2.3027259564879947,0.6728085629390339
0.0046981691603021555,-0.010120262824721187,1.8018531333316673E-4,-0.007981703333851965,0.10132653797356929,0.07493403342562598,-2.3700414445241393,0.5547348057424042
0.004646559305479601,-0.010084006067646062,1.237047176070967E-4,-0.007926598841663862,0.1025003527960835,0.03268984001755277,-2.327272307194303,0.5768503116419063
0.0047005331873401805,-0.010259011626390863,3.872994740768887E-4,-0.007970066035432988,0.06475894699700178,0.21255989083477503,-2.372929142921268,0.4115903308173838
0.004676776811483143,-0.010214142688509863,3.177490901501223E-4,-0.00794951373652846,0.07339676394940782,0.16443178284906293,-2.3546353469690438,0.4518637540479528
0.004679953272230789,-0.010165610789130395,2.4626548065483843E-4,-0.00795799733739498,0.08661528025935844,0.11712720551098331,-2.3567683112505975,0.5027383551146672
0.0047764334206898415,-0.010753829923826647,0.0011367112092674936,-0.007916546171963917,-0.06194499220462888,0.7169053170160219,-2.3704977059863612,-0.08495820665338584
0.0047708983811212725,-0.010797701616253486,0.0011973373495837694,-0.007891744530249094,-0.07309821953054717,0.7580813211784475,-2.3556451522639423,-0.13045546013419698
0.0047276399617481694,-0.010398907391400296,6.001752244477969E-4,-0.007975021726850497,0.029886655667693638,0.3558517540099823,-2.3871346653261267,0.27289985725315186
0.0047179914005531735,-0.010429861610889872,6.438314085425517E-4,-0.007957284684662254,0.020653073186611515,0.384456254142387,-2.3767816983525623,0.2388128135588922
0.004701954071195449,-0.01036739811340943,5.481329738559658E-4,-0.00795313080562775,0.03587831281406661,0.31976785728976714,-2.3691595220302584,0.2998128406000435
0.0046772334831996455,-0.010286649873017927,4.247220226044128E-4,-0.007940193332337937,0.05450404882556301,0.23583132022830727,-2.3536627650453843,0.3773138848162107
0.0046766279083718,-0.01032574139278965,4.820491575599503E-4,-0.007933034401372574,0.04413953666738105,0.27413506108110086,-2.3515933318091307,0.336948168525475
0.004759174403496714,-0.010629410346298175,9.493088012852096E-4,-0.0079448637514912,-0.029980654822449253,0.5904148412436491,-2.3822035402474984,0.04031664809578984
0.004759288493830323,-0.010675882719861788,0.001017096208979631,-0.007928297983417253,-0.042276025431898914,0.6360748753083066,-2.373617714440304,-0.007497565248031224
0.004743539751213759,-0.010724144312296399,0.0010806823810634006,-0.007892444597155464,-0.055061397753945564,0.6790547862297132,-2.35123043472599,-0.05915288526633184
0.004726036250644809,-0.010566746129457374,8.46907991244695E-4,-0.007928834098350978,-0.015179232681239553,0.5209057022146432,-2.3664024428489143,0.09919406680013901
0.004728885724532852,-0.010606497738752548,9.056476517981429E-4,-0.007919207345545461,-0.025375998287649238,0.5604770794226278,-2.362265534071448,0.058918663671087425
0.004698010910774837,-0.01045323191019241,6.733551764366977E-4,-0.007929579129076976,0.012778350329867858,0.4034063070516452,-2.358698252164871,0.21054004252970474
0.004678680255914639,-0.010479268267981411,7.063256851863429E-4,-0.007901758959826395,0.004453475931777942,0.4248678488757941,-2.3406128042912138,0.1800248981991108
0.00467812834296934,-0.010512619357308017,7.54358214242822E-4,-0.007892183542908394,-0.004082330351514968,0.45730190680123234,-2.3361746051672925,0.1458481218639873
0.004678745477850571,-0.010552440953228472,8.118179557634011E-4,-0.007881370806002735,-0.014168022481403536,0.4961443708576181,-2.3312570772699,0.10544114237599982
0.004872733036132467,-0.011094818183659687,0.0016694888413877292,-0.007848096324462163,-0.1460313674560967,1.0776030893261999,-2.3434853366091466,-0.4218083036023597
0.004865099082027491,-0.011170612298042417,0.0017685208001356207,-0.007792331653143597,-0.1617541738819425,1.1467402442058927,-2.30748586690944,-0.4977226868765562
0.00485751608395324,-0.011136525661961164,0.0017174199722693603,-0.007805806348560871,-0.15422308023519313,1.1117408237329531,-2.3152401041652664,-0.4642682378071808
0.004822062832139713,-0.01090769250537291,0.0013782907410469789,-0.007896272506957179,-0.10046285114980832,0.8801528266957381,-2.366214544908108,-0.23663946444743875
0.004769182613686138,-0.010842816770163485,0.0012607046446095555,-0.007869569133859292,-0.0842319634273664,0.8012427679501393,-2.342649483587923,-0.17641899664474658
0.00477232153984059,-0.01088784210836139,0.0013256546638556353,-0.00785165401837516,-0.09515153164623287,0.8454997639366765,-2.3326490756961014,-0.22149578142954332
0.0048338738477658435,-0.01106946916178783,0.0016112581831724674,-0.007820928351143471,-0.13846571320176906,1.0395927064385113,-2.3220210240715957,-0.3987661882912699
0.004811168192751833,-0.01096517406476878,0.0014538071700910748,-0.007854628344685288,-0.11405427186272041,0.9321805696714901,-2.3398568980399337,-0.2958568470698521
0.004808466893479979,-0.011041019928401759,0.0015574522088514476,-0.007809924563967392,-0.13116624460068296,1.0036846815458846,-2.3122086156352,-0.3719633708395657
0.004788850492874464,-0.011009326185627971,0.001502938390949645,-0.0078065361486562715,-0.12343774578309417,0.966916564191152,-2.307688960899402,-0.34173569671639314
0.004534665975271254,-0.009051818795744059,-0.0012884541645371388,-0.007569704670121433,0.2689724105168132,-0.9041491537232983,-1.956506796848698,1.494267489165315
0.004510743863512035,-0.009107730414635196,-0.0012062328498498767,-0.007572194313353791,0.25645930188664995,-0.8545504832633387,-1.965667285336721,1.4343396420992043
0.004482178080838307,-0.009005731399129897,-0.0013198293785631188,-0.007494624354933747,0.259516107125672,-0.9282383416609353,-1.897475666999915,1.4966524112497979
0.0044948632641328805,-0.00888363287391564,-0.001474502396939097,-0.0074420235090272265,0.2732326001655998,-1.0226716913454894,-1.8439781148939858,1.5958989165703519
0.004479367924239146,-0.008821088906052542,-0.0015395025089479377,-0.007391306380688636,0.273354317111018,-1.0631238945120554,-1.8003609583270797,1.6295124952115039
0.0044580835713816155,-0.008752666529560338,-0.0016055970769957748,-0.007330325339082954,0.2718035265579984,-1.1037535716296334,-1.7493498341823897,1.6608179955289104
0.004445570417951858,-0.0089133872679553,-0.001412005054652571,-0.007410973827841763,0.25801062823135434,-0.9881351052080392,-1.826992380080402,1.5417107634062701
0.004430515543796083,-0.008959855169067823,-0.0013489238049204657,-0.007421086001990865,0.2503275917268375,-0.9505618226228295,-1.8402942956512953,1.498320840305983
-0.004736999860431093,-0.0106174708395027,-9.243018223341709E-4,-0.007924459958498895,-0.027983831817830786,0.5732416615963364,2.366784559201132,0.04895055922274083
-0.004708650685789397,-0.010594986666958892,-8.823550565887963E-4,-0.007900768204229705,-0.023414321063540446,0.5444436300476941,2.3482592072442015,0.06727137441720377
-0.004735776342144128,-0.01065326273578561,-9.757497779686274E-4,-0.007910660521997178,-0.03711651472395008,0.607920946682654,2.3593678584473814,0.012113004146411598
-0.004755803295011568,-0.010682231795233645,-0.0010250119585097377,-0.007922089240263011,-0.0440763669337737,0.6413440596115606,2.369587493143175,-0.01449552686492543
-0.004752584619814014,-0.010729573165326406,-0.0010920705949165486,-0.007900208662914491,-0.05632634333072851,0.6867320410957843,2.357113730939728,-0.0634102174575623
-0.004795095037792576,-0.010801500400590906,-0.0012134406222310222,-0.007916700280106003,-0.07396321195190034,0.7686302211494166,2.373794984905437,-0.1312384194582402
-0.004769387980247198,-0.010775186938948403,-0.001164471959138909,-0.00789981914468861,-0.0674684680334829,0.7357381711204135,2.3599247187973966,-0.10768247481047243
-0.004830009939185438,-0.010869281989469537,-0.0013272054685252934,-0.007923959571185074,-0.09119556444569323,0.8451089878700849,2.383521054826962,-0.19647723078111534
-0.00480929946139582,-0.010912188928511094,-0.0013782530949869754,-0.007879987267922607,-0.1014593321768092,0.8804430047398953,2.354758459333812,-0.24240366820958112
-0.0048011002134489625,-0.010838366579493794,-0.0012691299634639208,-0.007906630790876211,-0.0832351484142529,0.8063079947406047,2.3690657003286675,-0.16820027533332696
-0.0048849017870887836,-0.011049416329848398,-0.0016132835040601967,-0.007888551817909532,-0.13635431580319765,1.0381932573837591,2.369911641526562,-0.37508526694224265
-0.004876950328372205,-0.011014678097516903,-0.0015596057251823592,-0.007899748151649054,-0.12791279329271663,1.0017872740559868,2.375716287018623,-0.3403875019015633
-0.00482350806429966,-0.010940300702861679,-0.001425292108210601,-0.007881205239181377,-0.10852275328694937,0.9121361445637909,2.35748456275588,-0.2695408959142946
-0.00485395922915992,-0.010990129947989034,-0.0015120320435432087,-0.007888050503800844,-0.12116665994689578,0.9703209300018684,2.3656521819691148,-0.31740016942624893
-0.0048366653484661175,-0.01096709732565143,-0.0014701031630497373,-0.007881518793679959,-0.1152043033264384,0.9423164008240107,2.3594357356609854,-0.29552761373343245
-0.00485721315859919,-0.01107459380955164,-0.001632130940085137,-0.007843293158934103,-0.14077694244967523,1.0527246076969623,2.3386679507837047,-0.40244631674859827
-0.004928053794484342,-0.011212996803500032,-0.0018678026745808237,-0.007832751312544543,-0.1749087995040346,1.2113599041654657,2.3400339231799294,-0.5377117358676847
-0.004898578942228471,-0.011203409458477483,-0.0018349243679172719,-0.00780705630992243,-0.1706828799715843,1.1907380396310774,2.320438780795978,-0.5291998724776259
-0.004863435285304365,-0.011106835172170138,-0.0016804151705263712,-0.007830624236000441,-0.14824695282331093,1.0857390622608822,2.331505206194837,-0.4343935377705353
-0.004876683190520016,-0.011130363114224433,-0.0017209952676941979,-0.007830483064149973,-0.15395717760467817,1.1130437816491092,2.3329117107255826,-0.45724679259965395
-0.004877300648213353,-0.011159551825967609,-0.0017613398203702153,-0.007812653129833863,-0.16028848508443125,1.1410032642046593,2.3217144166701753,-0.48635351784632347
-0.004868956878096393,-0.011193066939087509,-0.001801331746949857,-0.007781871108343935,-0.16659630282627694,1.1693168901935544,2.301168301021812,-0.5197793055308696
-0.005475592274712515,-0.012334136677539,-0.0037491438349295586,-0.00726997115738899,-0.3439540197613463,2.5248827716468125,1.9597720861713168,-1.6606500010056435
-0.005455669801825202,-0.012319252635030331,-0.0037090559374558817,-0.007270997886351612,-0.34207362341704256,2.4957600209394992,1.9604335856348734,-1.641287531519292
-0.0054351540750850295,-0.01230515899729133,-0.003669102096045289,-0.007270205896607111,-0.3399815842106259,2.4667844473112237,1.959524706021541,-1.6224448461346934
-0.005417984743126383,-0.012290874587329427,-0.003633553056949665,-0.007272650699981128,-0.3383476640015303,2.4411807359037714,1.9612915751788942,-1.6048907113439232
-0.0054026434338798265,-0.012269487378854778,-0.0035939080543695955,-0.00728581075761285,-0.33699877636736403,2.412988886890299,1.9716363278099356,-1.5827162682697473
-0.0053855604995674405,-0.012250797547152241,-0.0035545253208951436,-0.007293501717948883,-0.3352223537364179,2.384949236163656,1.977486771093033,-1.561997188785426
-0.005378412161188238,-0.012230761727178638,-0.0035264964221550336,-0.007312124648393113,-0.33463878869888797,2.3651889134551065,1.9921497287932628,-1.5438259237940233
-0.0053598090415585015,-0.012223462483017193,-0.003496089616153949,-0.00730347508361365,-0.33223583281437474,2.3434563817043617,1.9848848449924605,-1.5315751262712032
-0.0052799942832197555,-0.012050539700652457,-0.0032262048564807573,-0.007434356416229511,-0.3203881917087066,2.15274324675247,2.0843439723615114,-1.3657223308057755
-0.005272736579760571,-0.012025655877173221,-0.003191471220546453,-0.007455833539861956,-0.3187439923494702,2.1280759170585033,2.1004712778435777,-1.3425548321003764
-0.0052497131127811235,-0.01198297188039566,-0.003119334146604194,-0.0074810659821693435,-0.313898028852544,2.077245192912304,2.1184863977293644,-1.299905284042033
-0.005258498308764168,-0.01200339344088013,-0.0031513491988007965,-0.007466892856728341,-0.3159193978932336,2.099891523616598,2.108183089459253,-1.3197903251402499
-0.005351828373646936,-0.012201038597099603,-0.003464607118948121,-0.007323842914036786,-0.33148117079673084,2.321293055206167,2.000804951975218,-1.511223958848657
-0.005336619940722584,-0.012180320429170477,-0.00342564518521683,-0.0073347959430300055,-0.3296010692785169,2.293789477280597,2.009023717927237,-1.489699312476761
-0.0053289801494877925,-0.012162205026175543,-0.003398482749567915,-0.007349597378563418,-0.3285932507670851,2.2746292728300084,2.020409751888254,-1.4726981477248173
-0.005314703291526588,-0.012149622467248329,-0.0033686573538351645,-0.007351009609155163,-0.3265541652733926,2.2536170908118525,2.0210973899170477,-1.4580466690339422
-0.005299516497666301,-0.012131144208221922,-0.0033319459738078284,-0.007358482036656872,-0.3244291743151991,2.227803355932665,2.026427466177934,-1.4384148291425645
-0.005284865632843604,-0.012111641484556172,-0.00329487784006275,-0.00736742529562182,-0.32216672086079173,2.201802034035411,2.03288022581028,-1.4181662850909011
-0.005273349301675746,-0.012089686848115743,-0.00325899266536582,-0.007382035850354059,-0.32031762266825664,2.1766050777376673,2.0437681825536944,-1.396825561364525
-0.005267912689880033,-0.012069109813104361,-0.0032315011436022402,-0.0074007201363777125,-0.3190830976086924,2.1571720881807677,2.0579407960245346,-1.3782339716963183
-0.004928646525348157,-0.011240784040598827,-0.0019060489132510154,-0.007814378803866075,-0.1805482675465563,1.2379952581514202,2.328317613400159,-0.5654508151629017
-0.004953463356940267,-0.011423668965000341,-0.002166104087784416,-0.007705768742439545,-0.2161975973120943,1.4187520854563853,2.258931009782914,-0.7447251418421624
-0.004948267022109466,-0.011288419275435436,-0.0019842449772788273,-0.0078021392924973185,-0.19160388602689557,1.2910812529905693,2.3224168009112334,-0.612411501460342
-0.0049288250893546924,-0.011267420267545744,-0.0019421436020224613,-0.007795966154357839,-0.1859113741527617,1.2632317124222956,2.3164351418616733,-0.5919111165400425
-0.004943213355481764,-0.011322888330641852,-0.0020266218595219846,-0.007771573334895469,-0.19773171175748797,1.3213245055645684,2.3018999808643965,-0.6465526995787205
-0.004950032742390239,-0.01135975845146849,-0.0020804055554671723,-0.007751429606634003,-0.2049204743287185,1.3585351129605046,2.2892332768935,-0.6826901198419363
-0.00495214917268356,-0.011393825105273684,-0.0021265264370483373,-0.007727659397485621,-0.2110952157876598,1.3908529466920072,2.273555139827217,-0.7158405206273287
-0.004954125503363365,-0.0114601108311436,-0.0022131365648200823,-0.007677442607751111,-0.2220947699141231,1.4520790180448626,2.2397785511835857,-0.7796989411074032
-0.005229450275908944,-0.011980879101933024,-0.0030943633549973203,-0.0074628826767822055,-0.3107516414027059,2.060536935238493,2.103600793478549,-1.2934425509149206
-0.0052165322738742664,-0.011964722230744749,-0.0030625151076510942,-0.007467788016515777,-0.3082033175091092,2.0383987204723213,2.106641474653109,-1.2764979754578718
-0.005027713086482191,-0.011573296300657053,-0.0024171506101792173,-0.0076600238860540385,-0.24694012385991745,1.590314235381418,2.233712500035924,-0.8915831544999392
-0.0050095396424940115,-0.01153229028798744,-0.0023501742270951183,-0.007676238049002274,-0.23908378356121038,1.5442697360135622,2.2434877440906416,-0.8513854681064107
-0.0050128326521821235,-0.011555553537149096,-0.002382112997951404,-0.007659751388951029,-0.2425943370583467,1.5667323810313711,2.232326550910407,-0.8736817917787245
-0.0049744483653771055,-0.011494805589889811,-0.0022735572417977826,-0.007670595566346712,-0.22953118952009752,1.493097036475466,2.2367521926494107,-0.8137056456600186
-0.004986881389067897,-0.011521182959142054,-0.0023170504352633113,-0.007661698194014505,-0.23463141047744154,1.5228975725516543,2.2316188699504758,-0.8394633821542191
-0.0050627959301470325,-0.011656125822453536,-0.002550512719427588,-0.007622391755270018,-0.26171030891399294,1.6824481620833915,2.21004420293179,-0.9726351465317659
-0.005047983625501209,-0.011625094720821677,-0.0024991317441831243,-0.00763523324246503,-0.25607841698279166,1.6470277439727816,2.2179595188146757,-0.9421353433376921
-0.005037157336730248,-0.011598373439606582,-0.0024565593980474063,-0.007647835801553299,-0.2514000206633717,1.6176117782338828,2.2259457045623603,-0.9160641503848795
-0.005202647661659913,-0.011941143410052146,-0.0030215397186688525,-0.007479631341715876,-0.30509320389627637,2.0097675605385317,2.1148141020822906,-1.2529053500926561
-0.005061275294173561,-0.011685735283905405,-0.0025847689084543364,-0.007593258978733017,-0.26488283061333234,1.707229250965493,2.1892073877267215,-0.9999404603306148
-0.0050395476796948994,-0.011677315163455023,-0.002554480888942678,-0.007578589314211752,-0.26098168138902567,1.6875435828638206,2.177218278549741,-0.9896706323465404
-0.00507887350410175,-0.011709526939124956,-0.002629776763249329,-0.0075890797723574144,-0.26980299452548223,1.7378608267071098,2.187473017549854,-1.023975902876747
-0.0050940709349774115,-0.011740899873717257,-0.0026815418418762046,-0.007574680597930139,-0.2748585177081897,1.773682164838265,2.1781599351602003,-1.0547326362138998
-0.005110150587661278,-0.01176666317938548,-0.0027275151936210795,-0.007566112402410751,-0.27958644169491187,1.8053381077437838,2.173081580667061,-1.0805158343449979
-0.005133492092690787,-0.01179093865538438,-0.002779095993052677,-0.007566105276534418,-0.285038706175237,1.84037922604562,2.1745679169332797,-1.106119977466637
-0.00514562639107045,-0.011821302877739517,-0.002826553063694788,-0.007547888695036767,-0.2890665914291998,1.873579897649013,2.1620501377994468,-1.1355995903252378
-0.005159461921160513,-0.011846629688869957,-0.00286981147946045,-0.007536076703552703,-0.29307476335753835,1.903659918281441,2.1542717957153115,-1.1607879114326993
-0.005189000467130826,-0.011910688107686923,-0.00297314168676973,-0.0074987222364353975,-0.3015545700248729,1.9758789061301862,2.1283647164588078,-1.2233669441296762
-0.005170355977233265,-0.011881719267092002,-0.0029209272822614085,-0.007510539651324827,-0.2970288166946806,1.9396680683679806,2.1360644230865735,-1.1940984299058088
-0.005461636833145475,-0.01235932602800078,-0.0037527096935420323,-0.007222990529558631,-0.3409664672483108,2.5259515080576165,1.921398569662877,-1.6735910054489744
-0.005470431940013194,-0.012394729774962646,-0.0037951116050864643,-0.007183262051141876,-0.34020421398094186,2.555192202717716,1.8889574794235637,-1.7027955187496653
-0.0054718446133049815,-0.012415887088083062,-0.003814827396529122,-0.007155768331572017,-0.3392371212796843,2.5682591402993697,1.8665091141866856,-1.718184522817723
-0.0054514659580329455,-0.012383635773715755,-0.0037600459860439857,-0.007180934889043421,-0.33851394340825985,2.5296438476116303,1.8871701698369245,-1.6867230045905661
-0.014152980117106462,-0.007215622843988555,0.004640547524519997,0.006921515390259379,0.4482718055912555,3.5868286266324474,1.9077620509054902,-2.2795285759402066
-0.014144212153727341,-0.007202589478660923,0.004662248576018655,0.0069069163410102954,0.44934900942176426,3.5990290881192686,1.8895451466322608,-2.2914874649000385
-0.014160270130776925,-0.007201359748673054,0.0046342767897673935,0.006889050417177475,0.44176430105269837,3.5670045414272287,1.8874350726565503,-2.2753262745736245
-0.014170392997494846,-0.0072417719009396685,0.004596975291367914,0.00695053025944668,0.44375815925117923,3.561842543632587,1.943965890206804,-2.2552935038273754
-0.014161707094251578,-0.007228683695126791,0.0046187971833653715,0.00693604842423047,0.4468523302852631,3.5744382609025096,1.9258820798872325,-2.2674689590218544
-0.014177805762489767,-0.007227533196631847,0.004590846961360736,0.006917960889230772,0.43667227809229453,3.5423406056978934,1.923446347746762,-2.2513168476924146
-0.01416904025413917,-0.007214433030439559,0.004612614756042198,0.006903557209622553,0.43906941597256993,3.5547711463629956,1.9054798915039532,-2.2633991473850177
-0.013729575650900314,-0.006627797711954706,0.005549277557396658,0.006137318635338573,0.5589836650502228,3.9417514155289126,0.9768803830417244,-2.665821843014865
-0.013719121179474167,-0.006616187508476205,0.005568274615454743,0.006119991120700086,0.561584451423767,3.946687834246877,0.9561209139820576,-2.6711934879898753
-0.013708700870601971,-0.006604469458651309,0.005587079215224834,0.006102319124933622,0.5642028773023502,3.951185318253703,0.935149948508422,-2.67630383882354
-0.013698192466770199,-0.006592653142215343,0.005605914217373988,0.006084369310512675,0.5669479905128109,3.9554525873695456,0.9139454035438189,-2.6812587054534416
-0.013745541177367178,-0.006623881688299679,0.005519606296306084,0.006123439137918391,0.5528907570759735,3.909960945226349,0.978648941979532,-2.6501219582232416
-0.013787771437711049,-0.006671213090863147,0.005441854829827946,0.006192076468655802,0.54194154025962,3.8876823287454667,1.0612858395799316,-2.626609794331064
-0.013777348798338371,-0.006659140922033197,0.005461226085476883,0.006174621713020784,0.5446361074796026,3.8931628199309842,1.040449882904616,-2.632580800369223
-0.013766896732310019,-0.006647090136551951,0.005480526709103363,0.006157083034889105,0.5473257970942106,3.898448214613857,1.0195666481504508,-2.6383891896081146
-0.013756240528062479,-0.006635318073136534,0.005500082797323796,0.0061400117337793506,0.550091977635755,3.904114657791206,0.9989224108810396,-2.644274655350019
-0.013798613942446471,-0.006682941211859872,0.005421594549666348,0.006208556448043127,0.5390598342526381,3.880854969420388,1.0817098831756484,-2.619968385133735
-0.01381989153657068,-0.0067070146228238835,0.005381448712297925,0.006242407476680554,0.5334775466314349,3.867760809657675,1.1230017064763038,-2.606668963710636
-0.013809446922645697,-0.006694796035740983,0.005401231354226834,0.006225124283648479,0.5361951028605735,3.8739171883200725,1.1022083679392136,-2.613187430731059
-0.013849879803570215,-0.006743622721861807,0.005323839827902201,0.006294043753391075,0.5257096269907083,3.850027585830832,1.184459458839914,-2.587191099947233
-0.01383999382079879,-0.006731585385494642,0.00534295170389932,0.006277210806063838,0.5282802636049041,3.8561621076531707,1.1643160374529147,-2.5938079510131025
-0.013830026590576297,-0.006719366224654094,0.005362104973265836,0.00625995383924815,0.5308796898366365,3.8620114070983136,1.1438181360335926,-2.6002728853678754
-0.013859978973508833,-0.006755450651600838,0.005304236425061905,0.006310241954910249,0.5230319913421351,3.843070921797182,1.2042742319793354,-2.5801541364229332
-0.01388430660294066,-0.00680699857848038,0.005253628095990532,0.006391044639067007,0.5181612695516628,3.845357700671587,1.285277712010336,-2.5659433131946634
-0.013870188689295349,-0.006767322120958603,0.005284312832648617,0.006326319199077627,0.5203202781506023,3.8357148437617465,1.224088802732297,-2.5728479728819025
-0.013880287485547671,-0.006779414557549095,0.005264456161271005,0.006342723535531222,0.5176524474411902,3.8285048972297235,1.2441082576840898,-2.5655051761331875
-0.013890372445791247,-0.0067915307639590935,0.005244507599668571,0.006359037672068526,0.5149799687543085,3.821091391550462,1.2640721438895148,-2.557999361026063
-0.013693259536610726,-0.006564626935412301,0.005613053517624509,0.006034262155192863,0.5660694229484076,3.9308466467692527,0.874022180404792,-2.6746685456535393
-0.013704269228532745,-0.006576621769200731,0.0055936060646380945,0.006052414734598831,0.5632882250419918,3.9264464558402135,0.895510982287666,-2.66972199358252
-0.013698900118274277,-0.00654778447100754,0.0056013045984715125,0.006001267743375317,0.5629179259886951,3.9018304281207272,0.8544493377171873,-2.6629252305125934
-0.013372877169066863,-0.006193536775937766,0.006108913682015501,0.00541218894733242,0.6340192068712424,3.8987387968125233,0.21715060870359837,-2.709745024738704
-0.013415044221445259,-0.006221256510744026,0.0060441552653662306,0.0054614147116287615,0.6235985846785844,3.885842346678887,0.28061493631111206,-2.7015346692022963
-0.013402097731212925,-0.006210341240297727,0.006063280792881803,0.005442207460711396,0.6264546079507484,3.8864287199767484,0.25885457105076753,-2.702561359025021
-0.01338799003918942,-0.006200897802446338,0.006084868679070695,0.00542545240402344,0.6298936247286379,3.890469899244812,0.2374907931300491,-2.7051790995762066
-0.013430715918940328,-0.006214698297371058,0.006014171038314118,0.005449451787834194,0.6173677941285425,3.8555486763987625,0.28733964692600844,-2.686557643621439
-0.013446627704996357,-0.006275540216888276,0.00600576131461955,0.005557133101342219,0.6202233452275753,3.923771402579494,0.3623846976307244,-2.716487703301039
-0.013465609309840533,-0.006280216638107859,0.0059731363030647135,0.005564216224373641,0.6143951225996603,3.9043295875071578,0.3825107145257643,-2.706044406291207
-0.013481195373677257,-0.006288639948438976,0.005947716606034299,0.005578014194741282,0.6101422878751799,3.8947758187806514,0.4036757821319264,-2.700266531543532
-0.013445311714352046,-0.006256096302390293,0.006001911094091208,0.005522367727508733,0.6181477506327594,3.896983969150281,0.3409686793410928,-2.7044949927824025
-0.01344107359283914,-0.0062400952476072405,0.006004270260938737,0.005494070856670629,0.617264807600837,3.879212318926202,0.3211495343698108,-2.696729935102131
-0.013446439045719913,-0.006221645895983972,0.005988745494430603,0.005461192900416732,0.6128713811550962,3.8451264628364243,0.30716741304300044,-2.6807096361477796
-0.013598482915167865,-0.006446125345462121,0.005772213400709234,0.005844355394124039,0.5878569015551528,3.9370311793339887,0.6678881859881245,-2.7008135310195382
-0.013508509283531719,-0.006357070405920764,0.0059172252149288064,0.005698540836874027,0.6092032234508191,3.9529394996886285,0.5001580457037651,-2.7224397111686787
-0.013496964472559287,-0.0063461603653468535,0.005935377542454954,0.005680199110509751,0.6118924151903963,3.9544636186843367,0.47912892631347354,-2.724609903405732
-0.013522945125438644,-0.006354153134106009,0.005890237534370644,0.005691174348912827,0.6038650153663994,3.927534982269936,0.507427802730831,-2.709631796983878
-0.01353454162312071,-0.006361335328108741,0.005870977504404886,0.00570243888181007,0.6006611939947537,3.920407706945967,0.5239740718497136,-2.704973836298084
-0.013591525895286616,-0.006421851308457167,0.0057804695517036705,0.0058016148130461435,0.5877968444826036,3.916085560487751,0.6338791661720415,-2.693805624675934
-0.013602814422585166,-0.0064297690283602535,0.005761381756770386,0.005813471286325375,0.5847509260906766,3.9090741984499577,0.6506389939360254,-2.688840204760794
-0.013547445399506424,-0.006371089334528654,0.005849891692250955,0.0057180096417890425,0.5973549917608522,3.9146869180900095,0.5443024714959995,-2.700657426213209
-0.013560140413106643,-0.006381973586402555,0.005829333460280801,0.005735500605599675,0.59421974266312,3.910544247990828,0.5657117361464213,-2.696953585797609
-0.013572749452137699,-0.006393518450917477,0.005808948774777113,0.005754044671412252,0.5911819320648833,3.9071275134780845,0.5877738519100763,-2.693475312458323
-0.013586248268883744,-0.006406665160382525,0.005787130113633245,0.005775150099427023,0.5879786108475397,3.9041747711143886,0.6122567732951795,-2.6899357867261355
-0.01349005543778763,-0.006318397718116552,0.005940284567313314,0.005630660490704614,0.6107797977349988,3.9248167670472625,0.44279458326334026,-2.71258819853433
-0.013500031371884089,-0.00633111650515877,0.005925751373012582,0.005652503398035914,0.609037384769197,3.928546322607487,0.4644489146207107,-2.713033127251898
-0.013496239285207295,-0.006299466454767154,0.005923866509642176,0.005595944194597278,0.6063796654822947,3.889128951263524,0.4268458230484707,-2.6961968669032834
-0.013610086758501708,-0.006457374231871475,0.00575288657583468,0.005862128691316662,0.5849858754998812,3.9334167070673787,0.6890396441937509,-2.6969865378641322
-0.013621180860797161,-0.006469009606106872,0.005734431477250899,0.0058806016555288465,0.58230992614022,3.9308221438422897,0.7103170968458753,-2.693569483296683
-0.013644162979601283,-0.006491807962681328,0.005695610295556035,0.0059160600467566505,0.576597935172988,3.9229631684655444,0.7525881753085866,-2.6852495569195867
-0.013632774975842506,-0.006480147098902571,0.005714857018410329,0.005897894306868123,0.5794151778140747,3.926528970965063,0.7312319606344762,-2.6892925565204275
-0.013659535403011144,-0.006489103810954055,0.005667142686167033,0.005906619665567737,0.5712636624973539,3.895169665550496,0.7578885873546345,-2.6710722321771385
-0.013703757927715063,-0.006530320953561198,0.005590940608438083,0.005967663680151431,0.5599322373930579,3.873637249469319,0.8341364714130467,-2.6515800691392566
-0.013690879761856647,-0.006520797820482511,0.005613535377000455,0.0059546311564855695,0.5634213894476515,3.88320531523638,0.8152578220974621,-2.6585830681157536
-0.013679634552002615,-0.006513321363782312,0.005633293400267872,0.005944637129279038,0.5665760099767229,3.8923857449412416,0.7997334154845317,-2.6649337898011205
-0.01367374593030267,-0.006498470248726145,0.0056423794161449764,0.00591940267979186,0.5672303703395086,3.8839917552827403,0.777595228054431,-2.6633778961299197
-0.01413540329229132,-0.00718958373010223,0.004683927722094179,0.0068922328438245474,0.45188610203984797,3.6111352532045355,1.8711745957550356,-2.303331313027403
-0.014151486536403681,-0.0071882889107011344,0.00465585564142332,0.006874408728961514,0.4442736593850119,3.5790197957305865,1.8692952924185688,-2.2871050445989485
-0.014126553621484204,-0.007176605729088549,0.0047055803829624465,0.006877467914386873,0.45558805114422984,3.6231915329783018,1.852671457442497,-2.3150336184703693
-0.014142642776053474,-0.007175227842656867,0.004677426548821975,0.0068596868528192426,0.446426597808461,3.590911961110949,1.8510551744922565,-2.2987809778921497
-0.014117663230499858,-0.00716365560620903,0.004727184218597814,0.006862636721148021,0.4592577108297014,3.6351612445252663,1.8341036506483424,-2.3265896774098183
-0.014133718245015222,-0.007162204051887969,0.004699014689135071,0.006844948909708127,0.448484006323675,3.6027536884209383,1.8327232244456033,-2.310374659364624
-0.01410873220903958,-0.007150733491861331,0.004748721061734796,0.006847751775227797,0.46195935494973667,3.6469692624737617,1.8155226274559009,-2.338018715876094
-0.014124731082074593,-0.00714923581541976,0.004720584080835844,0.006830208795227693,0.4507274011699512,3.614535011199646,1.8143097786369402,-2.3218658576182105
-0.014063470817168196,-0.007086547594687288,0.00485569031636935,0.006772320357526851,0.4739557815016336,3.7034769839018864,1.721347859502275,-2.3934210819344552
-0.014054297909219788,-0.007073796236880273,0.004876951072640626,0.00675702611710879,0.47707379153959223,3.714459597248841,1.7022526970473042,-2.4040745575553517
-0.014070254132251582,-0.007071998270492481,0.004848525415428544,0.006740058675671433,0.4655380465408003,3.681788334922182,1.7021548812026197,-2.3878893037574263
-0.014099760647311362,-0.007137839516247016,0.004770187162740193,0.0068328157848476625,0.4632364490112266,3.658549083431135,1.7969236917235942,-2.3493432133474323
-0.014115716256307144,-0.007136316910928894,0.004742079187713467,0.006815424811933216,0.4533246272645351,3.6261894723731296,1.7958214977488212,-2.33321861971246
-0.014090748636029146,-0.007124973809367007,0.004791602985781522,0.006817814605738285,0.4641076087306257,3.66991395904463,1.7782406276203517,-2.3605685963844643
-0.01410670323574366,-0.0071234195346765354,0.004763459254804606,0.006800525316134014,0.45617830156041966,3.6376293670005144,1.7772558570243973,-2.344405356438662
-0.014081696266412034,-0.007112136501017047,0.004812996102895754,0.006802728899403097,0.46638054219438874,3.6811608652475605,1.759404226384098,-2.3716734118644105
-0.014097685494530785,-0.007110522907035347,0.00478473977515318,0.006785482368761032,0.45886464069757826,3.648828258926222,1.7586055476959317,-2.35543149287318
-0.014072603630183415,-0.007099327720783186,0.0048343661604373514,0.006787558784382833,0.4701043487685213,3.6923562670262293,1.7404181039487676,-2.3826270166806123
-0.014088618427245557,-0.007097637547409725,0.004805991874051379,0.006770351773618615,0.4611496115218802,3.659873089526877,1.739869404512845,-2.366339858840433
-0.014079470639341464,-0.007084789933319066,0.0048272619432558365,0.006755203807287732,0.46327299840390507,3.6708583565437123,1.7210505853970062,-2.3771632389430866
-0.014007835078080092,-0.007010475290801107,0.004982454923722377,0.0066796102647726134,0.4883004713224937,3.7666869589488825,1.605762709693189,-2.4556215199557956
-0.013998423488740684,-0.006997899134824618,0.005003432681310332,0.0066639112548947214,0.492026703695716,3.7767859740756844,1.5861548068589055,-2.465506152587769
-0.01401436084842246,-0.006995859947233215,0.004974687319987298,0.006647604150266752,0.481015990515151,3.743973224652222,1.5872407860502526,-2.4492446288831213
-0.014017207114769168,-0.007023080955577062,0.004961426226078363,0.006695244637732765,0.4846020297472628,3.756485840410662,1.6253034500838248,-2.4455803245191903
-0.014023798690946844,-0.007008504459292711,0.004953734957242834,0.006663208684862992,0.4787625018083789,3.733965600509072,1.6066032268236354,-2.4393261306182814
-0.014045084994930429,-0.007061073770271073,0.0048981433744230375,0.006741679820052742,0.4791183124135368,3.725245927420642,1.6831449192258312,-2.4146136802609
-0.014061001020471519,-0.00705926380230188,0.004869727898983705,0.006724892268174062,0.46807976263512785,3.6926079667417144,1.6831929519743605,-2.3984828054909406
-0.01402653950718722,-0.0070357160060040645,0.00494036557801611,0.006710800335899107,0.48197891535881393,3.746208514442344,1.644717856181104,-2.4353834004225434
-0.014033161458911049,-0.007021186821649939,0.004932792569276261,0.0066787885831434066,0.47638730022170467,3.7238854669414683,1.625881646091868,-2.429312162443075
-0.014035832164153966,-0.00704838031874357,0.0049192755846916925,0.006726275555753228,0.4804160273691905,3.735816483010289,1.6639866665921048,-2.425052805737957
-0.01405173657523139,-0.007046566522458379,0.004890832510356943,0.006709650718074543,0.4708794017525288,3.7032491204964075,1.6641672451293446,-2.4089165809506015
-0.014042463956839765,-0.0070338782768413245,0.0049118411417459545,0.006694284055614605,0.4737311817918393,3.713668652101896,1.6450676345150572,-2.4191859594212297
-0.014077260011981426,-0.007057228385351063,0.00484144441354403,0.006707897071493011,0.4661236494087411,3.6626419121612983,1.6764624299251525,-2.383770261837992
-0.013988972438811073,-0.00698535261060176,0.005024342621170087,0.0066481602612739445,0.49463073329947954,3.78671552394365,1.5665236328765824,-2.475255588428432
-0.014004864576943077,-0.0069832703150921405,0.004995618245702764,0.006631990958304831,0.4834672003032296,3.7539058047794494,1.567809484712724,-2.4590520348651634
-0.013979482020789882,-0.00697283584088836,0.005045190898932221,0.006632352757520676,0.49653186717123304,3.7964484953071653,1.546859163721124,-2.4848923091647532
-0.013995341048823023,-0.0069707215780868475,0.005016477388020086,0.00661632203563903,0.48619862542130227,3.763690903843841,1.548309988086537,-2.4687148409419097
-0.013969952327613146,-0.006960348948237813,0.0050659916001684685,0.006616478161945075,0.49870600221182776,3.8060070186072017,1.5271297462005318,-2.494418020452124
-0.013985798194363798,-0.006958192106076254,0.005037255288611383,0.006600555044208762,0.48897720137334444,3.773281482047722,1.528732747949931,-2.478218863828193
-0.013960383452653272,-0.0069478920549970475,0.005086745812016466,0.006600535659089141,0.5010553146068706,3.815401976415322,1.5073241895792073,-2.503819335889922
-0.01397622190187798,-0.006945675571614942,0.005057977614955669,0.006584689241070877,0.4916860034774144,3.782694744390503,1.5090717975755574,-2.4875765868969597
-0.013966607303977308,-0.006933174785844154,0.005078651832177725,0.006568732804020789,0.49438869933235746,3.79194176328197,1.4893301803880326,-2.4967959279687864
-0.013963435012150105,-0.006905573460228979,0.005091020296159773,0.006520712378426525,0.49671732693286347,3.7792876275330793,1.444860309824907,-2.499515582928245
-0.013973100389309717,-0.006918141035061443,0.005070537838901951,0.006536864085950385,0.49408970880214614,3.770506397977098,1.4646918597325531,-2.4906408532025015
-0.013924114100701828,-0.006856214533222848,0.005172817319616393,0.00645675125744865,0.507353576539204,3.8138099055740504,1.3658279344087612,-2.5339186978957553
-0.013914288676570666,-0.006843889873327207,0.005192967610266119,0.006440422820396569,0.5099127145282463,3.8218344834329696,1.34581777058115,-2.5420772069584285
-0.013904450903350586,-0.006831498457423646,0.005213032811081673,0.006423838461195979,0.512593241088322,3.829575058467705,1.3256082747185944,-2.5500571308365423
-0.013894440838748245,-0.006819184235797458,0.005233283895102795,0.006407359030402754,0.5154008995533214,3.8374285478916277,1.3054047556652948,-2.558023379753535
-0.01395045945427644,-0.006865304661640021,0.005123014515455729,0.006456129711133148,0.49898792185630764,3.773069442317141,1.3832948463236094,-2.509767627429913
-0.01394041202811648,-0.00685325782418501,0.005143564790969346,0.006440786076194193,0.501692612306509,3.781944513428224,1.3640439299896288,-2.518301780111226
-0.013960440787191568,-0.006877529745545243,0.005102442923681787,0.006471692766101073,0.49631778420690603,3.7642170324002038,1.4026911144838594,-2.501143523500559
-0.013970272808630016,-0.006889989638993263,0.005081984082953187,0.006487635617630521,0.49370026227718583,3.7555704178596128,1.4223128436718173,-2.492503134843094
-0.0074278052047061765,-0.014287635004878955,-0.007145937320316068,-0.004286914016847654,0.08507143971177324,3.985538973516341,-1.0467784436241128,-2.6859325469579978
-0.007413906037741789,-0.014295526866846335,-0.007113190602654398,-0.00428249207985211,0.07515185070208409,3.959633980628834,-1.0300545253811277,-2.6769638185515263
-0.007414347890939332,-0.01427953305524214,-0.007132428756290009,-0.00430935163254776,0.08158431463519784,3.9911060706110937,-1.0258561550619214,-2.6921733906613956
-0.007400430758470112,-0.014287380994022804,-0.0070997115069742975,-0.004304812035823954,0.07240229085296616,3.965100960152926,-1.0092906056771211,-2.6830806526653657
-0.007400916079949334,-0.014271388858033656,-0.007118849365912598,-0.004331747461952045,0.078029021479136,3.9965268993326695,-1.0049016158452848,-2.698248746976438
-0.007386988324508871,-0.014279175843558136,-0.007086191885512975,-0.0043271136148261636,0.06948960736491862,3.97043532500378,-0.9884984279025977,-2.6890649400319053
-0.0073875099048583345,-0.014263202493758266,-0.00710520981727746,-0.0043540839451876034,0.07555497246663333,4.001794143320617,-0.98394248459496,-2.704143921121917
-0.007334144221965786,-0.014230036994013361,-0.007049949253044409,-0.004443002551002006,0.06430346050067696,4.021009088909555,-0.899717017412203,-2.7263242956171823
-0.007320075172653831,-0.014237626351044577,-0.0070172841980479786,-0.004437859418607657,0.05399677645519752,3.994318324026638,-0.8839289143226986,-2.716691638694163
-0.007320868219171371,-0.014221641019906124,-0.007035972533142971,-0.0044651031337620195,0.06265792391703764,4.0253654497933224,-0.8785786614345655,-2.7315435489347757
-0.007347446524517867,-0.014238391211262554,-0.0070638635944630475,-0.004420846669997143,0.06667289513182097,4.016454443755523,-0.9208186759249265,-2.720995217590513
-0.00733341731834881,-0.01424601304602136,-0.00703123238219855,-0.004415800398424146,0.05734076836635515,3.989904496598107,-0.9049181305614865,-2.7114774750427775
-0.007360774994305903,-0.014246703588587152,-0.00707772030831381,-0.004398627974880992,0.07026738602624917,4.011743191437296,-0.9419093038831999,-2.7155126505721654
-0.007346775438267366,-0.014254376548691695,-0.007045073220341132,-0.004393674964275546,0.060351855948568185,3.985269111541457,-0.9258582003049671,-2.7060935775281103
-0.007374129498678273,-0.014254974043432976,-0.007091504249988604,-0.00437637073222369,0.07344029334174015,4.006868424612521,-0.9629563175532999,-2.7098895176410154
-0.007360161126078641,-0.014262682567583779,-0.007058862514230427,-0.004371531741717411,0.06323218588862657,3.9804951313536314,-0.9467716382603962,-2.7005679382127217
-0.007373568127649974,-0.014270940175284566,-0.0070725828001544375,-0.0043493571346009405,0.0663260411346736,3.975571268549183,-0.967658826821821,-2.6948968013329027
-0.006102530201488803,-0.013224841781912472,-0.005237936317735458,-0.006331001680051255,-0.26094610401075397,3.5226783332700293,1.0839100686453318,-2.4616360690962527
-0.006113135158910723,-0.013236706006585828,-0.005258433005009653,-0.006315230770845226,-0.25844671912482736,3.534591343371424,1.067692528247999,-2.4705958069764713
-0.006123669506047261,-0.013247908103849952,-0.00527861434183459,-0.006300456958442255,-0.2560136221986555,3.5464966887382476,1.0522973248452911,-2.479367260272429
-0.006173712714577547,-0.013309768385524562,-0.005373869960829295,-0.00621301893408007,-0.24280280666020773,3.5963976407676133,0.9642882601308905,-2.5188537526496346
-0.00615218997174677,-0.013284573784353078,-0.005333420850998653,-0.006248512957826888,-0.24835780105860347,3.5749073468458756,1.0004053177756431,-2.5022917399595417
-0.006162275831854774,-0.013297583645111887,-0.005352540010342349,-0.006229809582664472,-0.24558527342301506,3.584486917296982,0.9817695818861792,-2.510066135833996
-0.0061425634684069185,-0.013272021588848182,-0.005315027012109951,-0.006266481064317362,-0.25100031258881067,3.5656024026283917,1.018313889323628,-2.494706150718491
-0.006133077054456433,-0.013259743323830111,-0.005296782872024299,-0.00628390285714038,-0.25357315773350103,3.5561936432324432,1.0356773326358668,-2.487086950498693
-0.0060465498181192425,-0.013179938596022992,-0.0051318789671453485,-0.006381113865173417,-0.27100100612343064,3.4515846038775666,1.1409147222650502,-2.4137480069149873
-0.006058747072860568,-0.013189006844059537,-0.005154905851755732,-0.0063716990846149745,-0.2689438175329645,3.4674292150285084,1.1298684076980923,-2.424232447205214
-0.006065926810967819,-0.013203009617263384,-0.005170067892758336,-0.006350986724284893,-0.2665597961563622,3.4738157813087933,1.1105483370862412,-2.4308885675568184
-0.006074699322915551,-0.013216332666800347,-0.005187733398498224,-0.006332161240188581,-0.26399169351313545,3.4826251662758723,1.0924192312107115,-2.438605301572828
-0.006084954628177981,-0.013229156764652398,-0.005207763171359903,-0.006314816798146214,-0.26145775297493484,3.493680619679349,1.0751168030934046,-2.447344154871836
-0.006015148211797302,-0.01317377218281033,-0.005076402268924537,-0.006375233989952637,-0.2732776260778182,3.4058621228307984,1.1436173810939165,-2.3882065751632804
-0.006000697040957657,-0.013163557591547454,-0.005049384242013272,-0.006385033113050981,-0.27542649382067413,3.3870697624447383,1.1552949576018419,-2.3758656698563825
-0.006028520706446582,-0.013186565909802349,-0.005102090521055779,-0.006360257943450866,-0.2707959094093164,3.4222194795580876,1.1277590125869903,-2.39985309004868
-0.00601160828290947,-0.01319071928200191,-0.005073951209768132,-0.006344380215085465,-0.27095152049982074,3.3956094186796264,1.1186533611412925,-2.3867597368709226
-0.006478729723623768,-0.013632039782410663,-0.005895324009110054,-0.005715834878899067,-0.16048995051880843,3.830043777383929,0.45000437501018825,-2.690659655311418
-0.00649022216897662,-0.01364409020354329,-0.005912997974149272,-0.0056953666718495164,-0.15720443171244414,3.835344566839229,0.4292389534601199,-2.6945267703415507
-0.006485830108155022,-0.01366215351919363,-0.005899667028243224,-0.005661750537581229,-0.15588575205214839,3.8098234590342126,0.4063074625231405,-2.6828071249858003
-0.006457224281807785,-0.01360887183225134,-0.00586199144252924,-0.005754930540461681,-0.16667904792616237,3.820004640499897,0.4895455269644546,-2.68313666751748
-0.006467711466875634,-0.013620334712830843,-0.005878274537269772,-0.00573561994859225,-0.16364939027540612,3.8248566896765825,0.470090693846468,-2.686824632525098
-0.006442616487378122,-0.013611827153963514,-0.005834526961766851,-0.005747023867903724,-0.1686274311217784,3.794441058642124,0.49023660782022055,-2.670073787917432
-0.006430523937712113,-0.013604396353912286,-0.005814270199896229,-0.005758437896116727,-0.17142820870750938,3.7829827942386696,0.5043184729603606,-2.663299321190895
-0.006275720717955411,-0.01344353974379952,-0.005557460968986855,-0.006011174797377381,-0.21322889843587597,3.67553127111683,0.7648011295850371,-2.5850880456346434
-0.006287285416464221,-0.013451645189344191,-0.005577771014771629,-0.006000225169567997,-0.21072943614729187,3.687900187099502,0.7517579167685821,-2.5929253456939003
-0.006307683231861892,-0.013475551074282348,-0.005612599333684116,-0.005963226797765925,-0.20497358416064665,3.7022435390037662,0.7145029085725968,-2.6042024937268753
-0.006293094761312639,-0.013466409145620648,-0.005587092138411508,-0.005975381510651133,-0.20807130019344955,3.6862264356803562,0.7297153772440563,-2.594342175930748
-0.006313726138673814,-0.013490644764076458,-0.005621958755860503,-0.005937702907986168,-0.20225326235921484,3.7001677818311736,0.6919295132602582,-2.605335320488663
-0.006416931140419849,-0.013594463517160711,-0.005791807415417564,-0.005773989512723127,-0.1746676818861658,3.771451219735319,0.5221615296828674,-2.6561781956874415
-0.006384930999706409,-0.013559130240949284,-0.005740845774602225,-0.005831618552059715,-0.18374681489022782,3.754174429583339,0.5802030984497196,-2.643004836793408
-0.006396591474589384,-0.013567049815955513,-0.00576053955908142,-0.005819750548490563,-0.18104178285305042,3.7651982551666956,0.5660868778305743,-2.6497589204377925
-0.006402540632208666,-0.013582250614112718,-0.005768284197635928,-0.005793352582793688,-0.1783365262551533,3.7605905634473333,0.5432173355928055,-2.6491083594586655
-0.006351962241354973,-0.013521267846279009,-0.005687255846523569,-0.005892534540808247,-0.1931402255721682,3.7353007285496886,0.6412609129660914,-2.628191081532704
-0.00634033264893097,-0.013513103797272052,-0.0056673202778232375,-0.0059043391611501095,-0.19579141471759928,3.723851180727715,0.6551893572996973,-2.6210354205082607
-0.006327514542019241,-0.013502711298182162,-0.005645468354168581,-0.005919726091681219,-0.1988163086660675,3.712212705311407,0.6723664170571154,-2.6134338775153547
-0.006371606474114978,-0.013549099343335843,-0.0057184563407700366,-0.005846808903784925,-0.18688416528298532,3.7422889601307685,0.5975456674378945,-2.6354992718972663
-0.006357608750741985,-0.013536675201275765,-0.005695144636034608,-0.005866005484845638,-0.19045013242583783,3.7311999041950554,0.6182326204549012,-2.6280653404760703
-0.006167972280803394,-0.013326431002372114,-0.005364748114758216,-0.0061809454999026655,-0.24083480787646636,3.5786997798771814,0.9395208262888642,-2.5128265293946828
-0.00626245877982797,-0.013433005668180661,-0.0055341881688218434,-0.006025806955570139,-0.21619421309340203,3.662087280981931,0.7813685825204018,-2.576254836158878
-0.006208432588505146,-0.013374318541618739,-0.005438510818824305,-0.006111771193035542,-0.23018782197865775,3.6151334550047842,0.86973891401961,-2.5412050736875558
-0.0061954960863672345,-0.013360967389714913,-0.005415188592893124,-0.006130611125156934,-0.23338994573335656,3.6027271880632656,0.889396033840976,-2.5321713031315176
-0.006176989464148824,-0.013353270485821356,-0.005382069941283468,-0.006137017138361151,-0.23614794726450125,3.5783379751574445,0.9006456958024861,-2.517774266212521
-0.006162826940674413,-0.01334318507438181,-0.005356575557180103,-0.006149179910222984,-0.23888867063366484,3.561920143055915,0.9150825792929481,-2.5071460506251895
-0.0062484149327721745,-0.013420120583652943,-0.005509519944404467,-0.0060442177488798455,-0.21959546298577487,3.6488171462086205,0.8012058633471629,-2.5670844723666306
-0.0062297583903172795,-0.013412787981562396,-0.005476366205819768,-0.006050890447832712,-0.22254352392989937,3.624600343990974,0.8131292320763216,-2.5529780568743785
-0.006215475871415321,-0.013403051027878395,-0.00545108840839871,-0.006063181998399687,-0.22539730308001268,3.6086276553008254,0.8279409637540255,-2.542823069359476
-0.0062029668609320035,-0.013391968308495582,-0.005428913891242848,-0.006078330953462707,-0.22822339653799986,3.596104105841476,0.84439624076907,-2.5342355536064924
-0.005607197111805952,-0.012658503270346044,-0.004188949910845765,-0.006926534850378255,-0.33288776803702896,2.82597333708968,1.671196059837358,-1.936633722646527
-0.005622817721972012,-0.012670939179552502,-0.004220288104577459,-0.0069206461289580915,-0.33275434026919737,2.8487367946316966,1.6651643719485059,-1.9521964568623589
-0.005630610519452584,-0.012689174264377821,-0.004243664529810742,-0.00689965273852245,-0.3315984916481836,2.8638596039495283,1.647001234960357,-1.9662295019170346
-0.00564344291995202,-0.012702983511982941,-0.004271655789914899,-0.006889084258257938,-0.3308248135313915,2.883602355149715,1.6371102652869414,-1.9808252457494209
-0.00558698725611849,-0.012642234793753713,-0.004148374188294842,-0.006934142624086898,-0.33282810029258975,2.7965880234660507,1.6788439830840198,-1.9164693923381109
-0.0055653442636452105,-0.012621815988271995,-0.004102982916775821,-0.006946308077712827,-0.332963862036279,2.7642148650324887,1.6903379653736994,-1.8933184192445982
-0.0055420955339435685,-0.01259305338310299,-0.00404946986185221,-0.0069686752348595065,-0.333650536069035,2.726888613713008,1.7101807310078132,-1.864622478090242
-0.005493223350798603,-0.012478412296958395,-0.003894910207557323,-0.007088790801224901,-0.3375672185569771,2.622842531912981,1.811118984603121,-1.7699493045806147
-0.0054649218253423285,-0.012440309014749185,-0.003825486034281623,-0.007116276454143656,-0.3368925628808399,2.574008314554931,1.8342349161705125,-1.7316923179712538
-0.005477218139187585,-0.012464111336589272,-0.0038614769415276956,-0.00709451405948814,-0.3367261879262445,2.5988503582460383,1.8161919632091748,-1.7530723652709639
-0.005512261844070648,-0.012575561830709214,-0.003994581962386993,-0.00696891506725704,-0.3322668475647826,2.6868294850982255,1.711886347528378,-1.8389899969464467
-0.00551323899433002,-0.01254906408243461,-0.003976740171105912,-0.007007146426772149,-0.3343890816132441,2.676818092570553,1.7432865216552322,-1.8238807241059032
-0.005494398055591657,-0.012501594934505207,-0.003914592661955368,-0.00705759711996086,-0.3361196430566938,2.6351892433797235,1.7854352348428877,-1.785368110535502
-0.005500326400749874,-0.012527145579606217,-0.003942294843273478,-0.007027017567573045,-0.33499574619490097,2.653216119757197,1.760124404065005,-1.8041517423471174
-0.005777043984814351,-0.012893173980634642,-0.00458370514300187,-0.00669367910178792,-0.3147437538013386,3.0917941563118716,1.4576818294908502,-2.1483664507762144
-0.00568162425126459,-0.01273445897849291,-0.004348970904795143,-0.006871253718699865,-0.32999224295907975,2.9397541164072982,1.6188122640891536,-2.019528909080026
-0.005694335273264071,-0.012748578225774649,-0.004376928238245562,-0.0068594427361659506,-0.32890228039229225,2.959390087810887,1.607658946945138,-2.0341627343356894
-0.005692818486979514,-0.012766444316169776,-0.004385037548506509,-0.006830780385321258,-0.3270078434613573,2.961662990690924,1.5835737653601567,-2.041552954258233
-0.0056491548801881186,-0.012721489028675538,-0.004291723859803863,-0.00686567833889242,-0.3294673287880135,2.8958051931954096,1.6169566385473757,-1.993430025989486
-0.0056618161363549985,-0.01273605571402923,-0.004319744119842175,-0.006853441888281196,-0.3283481523958892,2.915276999353594,1.6055535353542816,-2.0081178090879943
-0.005756897894492503,-0.012879275016748792,-0.0045450700709921054,-0.006701644107469234,-0.31585403134705187,3.063537058241989,1.4671025314187,-2.129688802821265
-0.005704118589442169,-0.012797553184448916,-0.004420062326562641,-0.006791276597245879,-0.3236975530605029,2.9825313321765665,1.5489881262533916,-2.0625207235235496
-0.0056837431279811515,-0.01278627265584708,-0.004382398731764007,-0.006793469704335905,-0.32400068942188476,2.954330623891661,1.5529879997547058,-2.044691423086649
-0.0057384178129320645,-0.012848393865497269,-0.004500561104924008,-0.006737144804101018,-0.31906566173913714,3.0354509726841843,1.4994216347445934,-2.105712253973778
-0.0057409978034797275,-0.012866396974120184,-0.0045136870373832984,-0.0067107302517516055,-0.3170666002490456,3.041153843238012,1.4768213967493733,-2.114297496737502
-0.0057214549842640895,-0.012837032873467592,-0.004468174649623637,-0.006742692159462708,-0.31983284023520403,3.0116956875596776,1.5061428407241981,-2.0900943069333735
-0.005709405330718603,-0.012818934690497155,-0.004439876126708507,-0.006762065043108116,-0.3215359586872528,2.9932438674399524,1.5238113308476982,-2.0749545366319144
-0.005988458354333761,-0.01313329773989164,-0.005021151962927018,-0.006429997688013378,-0.28032973969767766,3.3763580813335268,1.196048959257,-2.362824838065677
-0.005983845472204393,-0.013153053486496459,-0.0050182151049991824,-0.006393846972789664,-0.2775514514000504,3.364795178722329,1.1666207691091193,-2.361601916912359
-0.005892855183587261,-0.013040092819926925,-0.004832308169731028,-0.006530795136829742,-0.2958122083053709,3.2519054072553084,1.3010157185419964,-2.2734844630435695
-0.005912303303402424,-0.013067406194862938,-0.004873729331377706,-0.006497188838555446,-0.29165690695067376,3.2766924960350754,1.2688928581688181,-2.2937217896239352
-0.005895626673914143,-0.013059056458782357,-0.004843310178513012,-0.006501075361869045,-0.29321325502614937,3.253865702294118,1.2754156865917983,-2.27958510175593
-0.005973407944000407,-0.013116319404274794,-0.004991048940491905,-0.006450451682563286,-0.2833635536087326,3.357722805226665,1.2166996662188525,-2.348786584883039
-0.005951678400935578,-0.01310533618932598,-0.004951216380022466,-0.006456657177806343,-0.2855312771243442,3.3278772675590234,1.2266357533906405,-2.3303472518991923
-0.005931803964643168,-0.013095269693240447,-0.004914905373524032,-0.006462120412256931,-0.2873159071440526,3.3006852389744528,1.235387305200697,-2.3135237409467337
-0.005914846213779985,-0.013085318463667044,-0.00488358954185942,-0.006468873729265247,-0.2892584153363941,3.2778602916187616,1.244536576202271,-2.2989948880635067
-0.0058405319886789325,-0.012975165752895774,-0.004722005118171051,-0.006604372750639285,-0.3048069414122509,3.181703558720503,1.3724954364177167,-2.218939344191791
-0.005825449067873609,-0.012957815832832238,-0.0046903603713134715,-0.006622669134393077,-0.3070872581571468,3.160824840565487,1.3904088229525522,-2.2031461321101777
-0.005812440983934999,-0.012942784778936752,-0.004662928545493003,-0.0066383200820638606,-0.308919011724147,3.142684289770978,1.405682076083916,-2.1893882594751015
-0.005839238612782034,-0.013002137257266542,-0.004730504519292032,-0.006559655560499268,-0.3010983209198799,3.1791103303896007,1.3348871942811156,-2.225237287633042
-0.005852878544094156,-0.013023875610234542,-0.004760831954074508,-0.006532800715332622,-0.2981860271582293,3.196845236282989,1.3099718041454602,-2.2404052522301323
-0.005871174397430491,-0.013035747205233745,-0.004795034146692194,-0.006524652414230046,-0.2964525499117705,3.221555714971267,1.2998120812038672,-2.2564952603780175
-0.005791176806114364,-0.012937128185033684,-0.004626315672578779,-0.006633172128672151,-0.3091704658725103,3.1135331829872857,1.4044570179984708,-2.1727698575682806
-0.005771935764777954,-0.012917860171301017,-0.004587047255674795,-0.006650907489032618,-0.3113169957693722,3.086737442960225,1.422195652494173,-2.1532972626437084
-0.007176605729088547,-0.014126553621484204,-0.0068775022622907704,-0.0047055305278174,0.02807077007899322,4.06226633759249,-0.6444650891250361,-2.778861545346723
-0.0071622293057530895,-0.014133764571818905,-0.006844854023034444,-0.004698952165022274,0.016571702195489226,4.034164233241629,-0.630718310768244,-2.7675349433489154
-0.007163655606209029,-0.01411766323049986,-0.006862676356728068,-0.004727126713227227,0.023941551035935718,4.064489635276683,-0.6230138600400957,-2.7823617529194706
-0.00718958373010223,-0.01413540329229132,-0.006892248806644174,-0.004683904717624733,0.03144770189938072,4.059892096800075,-0.6658415270071111,-2.7752793367188215
-0.007175265146761135,-0.014142598390644174,-0.006859694619614426,-0.004677511077962256,0.019639928645961726,4.0318852285947875,-0.6519457332297084,-2.7641710024937907
-0.007149220399309253,-0.01412486292128535,-0.006829970761852153,-0.004720392078294041,0.013608950402128965,4.036311912292356,-0.6094906574104941,-2.7707436276883857
-0.007150733491861329,-0.01410873220903958,-0.006847780132417398,-0.004748679918686691,0.019809222831474956,4.066592866554386,-0.6015268493671584,-2.7857357719210065
-0.007136243769768696,-0.014115893606422694,-0.006815052058099211,-0.004741829218248201,0.010626154732328941,4.038327803717923,-0.5882628761981628,-2.7738067421697576
-0.007137839516247013,-0.01409976064731136,-0.006832817649969612,-0.0047701841395936615,0.01589444155520468,4.06857053853858,-0.5800304365578648,-2.7889493343810634
-0.006955749996989643,-0.014002180201829051,-0.006584093331225308,-0.005008212774983323,-0.033051794001195144,4.018898791470606,-0.30819349061409435,-2.7851893562713212
-0.007123298657078628,-0.014106862533751175,-0.006800090175141144,-0.00476325425803384,0.007605709740973364,4.040202239107885,-0.567030047046193,-2.7767302254477433
-0.007124973809367005,-0.014090748636029146,-0.0068177875314810775,-0.004791641297748601,0.012043238172239417,4.070407156009969,-0.5585328053639526,-2.7919836014834254
-0.007112136501017045,-0.01408169626641203,-0.006802686912928086,-0.004813055525674467,0.007871211480378011,4.072095781427437,-0.5370404860093948,-2.7948210414278676
-0.00711038844502256,-0.014097772735139126,-0.006785087788001004,-0.004784660556435157,0.004620422545660366,4.041937162518653,-0.5457958971081954,-2.779521566942639
-0.0070993277207831865,-0.014072603630183415,-0.0067875223441277895,-0.004834417684774419,0.003828701464078904,4.073641309456404,-0.5155857615617809,-2.797434365267408
-0.007097528219224995,-0.01408862201679087,-0.0067700723968159545,-0.004806046505763251,0.001681928676106122,4.043557022308554,-0.5245744810969936,-2.7821950555158677
-0.007086547594687285,-0.014063470817168192,-0.006772306888701778,-0.004855709546039651,0.0011597038325876126,4.075027505934947,-0.49420562208190466,-2.799815103191476
-0.007084727125758886,-0.014079420986523553,-0.006755049379336916,-0.004827392142030485,-0.001460287209004734,4.045052790548269,-0.5033676793775649,-2.784751859563769
-0.007073796236880271,-0.014054297909219785,-0.006757035948121462,-0.004876937663771418,-5.615782655412094E-4,4.076198931514308,-0.472873197917548,-2.8020078200051493
-0.0070719623018163985,-0.014070201577814788,-0.0067399515461135364,-0.004848652038170629,-0.004983455094453321,4.0463415309883075,-0.482149918128576,-2.787162501460632
-0.00702308095557706,-0.014017207114769167,-0.006695236918602544,-0.004961437066576581,-0.012685890274303757,4.078854578737849,-0.38740341543409934,-2.809407620269537
-0.007008474789074035,-0.014023742687187037,-0.0066631054601688075,-0.004953862089468152,-0.022062493835767152,4.04975801188066,-0.3759673686864686,-2.7968059311420217
-0.007035716006004064,-0.01402653950718722,-0.006710776314005558,-0.004940398341275465,-0.010614814443690722,4.078449261325856,-0.4087445192084794,-2.8077803696497803
-0.007021109567977711,-0.014033082520136846,-0.006678623687518026,-0.00493297147240175,-0.01844931950651538,4.049472524436518,-0.39718984443231115,-2.795207969863393
-0.00704838031874357,-0.014035832164153965,-0.006726262203330402,-0.004919293654480701,-0.0073720491682263,4.077863559983202,-0.43012120151991984,-2.806003545869496
-0.007033762301265161,-0.014042416615150212,-0.0066940298697817065,-0.004911978057450839,-0.014965293210520028,4.048939541942748,-0.4184075593161733,-2.793427244218378
-0.007061073770271072,-0.014045084994930427,-0.006741688582189054,-0.0048981311792948646,-0.0033700149445745047,4.077128240029697,-0.45151584789232996,-2.804069726328123
-0.007046460308330619,-0.014051722819431513,-0.00670938769149499,-0.004890911874674101,-0.011787913909553686,4.048222150715033,-0.43964395507522663,-2.791486236627596
-0.007059203776984955,-0.01406097790303863,-0.006724717625080791,-0.004869811327342149,-0.008545125583742331,4.047375444299946,-0.4609016536343682,-2.78940298687234
-0.006968321712011936,-0.014011815210172094,-0.00659967888474679,-0.0049873316034622995,-0.029679619418657818,4.01893850270513,-0.32928881169591323,-2.783992046219055
-0.006980967340445622,-0.014021293230508667,-0.006615368197940951,-0.004966601680621896,-0.026308123272985273,4.019060580614567,-0.3502972824254696,-2.7827773789229258
-0.006993647862156752,-0.014030615782987635,-0.006631093496228319,-0.004946028461151463,-0.023019244944547587,4.0192147424183835,-0.371197442938547,-2.7815224936035867
-0.006853327276109212,-0.013940147097459499,-0.006440941468238508,-0.005143924631881256,-0.05992881723169712,3.98296009874278,-0.1557214082656391,-2.7745668505437133
-0.006840908775749187,-0.013930329244264406,-0.0064246245965655846,-0.005164012400652067,-0.06324651443475898,3.9811535491434626,-0.13506589068902355,-2.774330578692617
-0.0068285366857516565,-0.013920501952799003,-0.0064082550621554985,-0.005183992567495254,-0.06654808036425532,3.9791547463514862,-0.114485609908709,-2.773933362542255
-0.006816323817303452,-0.01391045079656869,-0.006392174005133293,-0.005204241276551319,-0.06982329470112282,3.9774459939683378,-0.09381460208701842,-2.7736154771574175
-0.006865312491466507,-0.01395057142208301,-0.00645592082587946,-0.005122699448799219,-0.056733332802534286,3.982964654428032,-0.1767483633051932,-2.7738461797329905
-0.0068775470043738384,-0.013960977853382248,-0.006471210639223066,-0.005101354002022895,-0.05348567838241682,3.9830583583825465,-0.19795599583300272,-2.773093455399535
-0.006890268262801916,-0.013970758940590751,-0.006487658115810071,-0.005080934521202702,-0.050162458646488724,3.984506269626602,-0.21890218892829647,-2.772943412443261
-0.006903116054106027,-0.013979922116205109,-0.006504621495336628,-0.005061488457904175,-0.046808582403922876,3.9868346676920354,-0.2393369301442434,-2.77318003728066
-0.0069157885541920976,-0.013989277961552485,-0.0065209941571671036,-0.005041609420318751,-0.04350408911357669,3.9883666253115275,-0.25989278135954136,-2.7729614990849747
-0.006928198615029867,-0.013999187323683882,-0.006536350763054327,-0.005020673930016861,-0.04025473323604139,3.988389997794378,-0.280840802762599,-2.7719232894189862
-0.006940568753825364,-0.014009214898540692,-0.0065513952913204285,-0.004999427984520938,-0.03704418072879945,3.987890441817567,-0.30188881599774414,-2.770556779220913
-0.0066426135929828255,-0.013783674425388187,-0.006141184528632138,-0.005449509430364562,-0.11542424465281718,3.904189949934391,0.1732920786460358,-2.7383055843165054
-0.006617973754464609,-0.013761770889086491,-0.006105551617370479,-0.005489439051825539,-0.12215687923078226,3.895111642946827,0.21466864638923133,-2.7329570201367592
-0.0066294792680673155,-0.013773413754693287,-0.006121643588009558,-0.005468263593231899,-0.11889463176077351,3.897722232240661,0.19358120332370946,-2.734710080862568
-0.006596541321821737,-0.013739657986991012,-0.006075320271342868,-0.0055293679284819965,-0.12828416167460976,3.8900248067931753,0.2544331769306843,-2.729386772797511
-0.006606642995424195,-0.013750657589807064,-0.006089402958906892,-0.0055095378245778315,-0.12534579769463663,3.891846767823505,0.23498033082544054,-2.7308294068700154
-0.006581718429354332,-0.01374302684183015,-0.006046808229124973,-0.005522524681783424,-0.13075232375325693,3.863915275980488,0.2574774755805205,-2.7162005519340116
-0.006570089338367653,-0.013735699216888775,-0.0060284071054159056,-0.005535318125291635,-0.13362259631311282,3.8552424903431404,0.27263991363657153,-2.7113775833358926
-0.0065570318814602326,-0.01372602028252319,-0.006008216848487138,-0.005552193567359493,-0.13691304101970722,3.8470046457490583,0.2914220285287423,-2.706605299098344
-0.006544851570354559,-0.013714422990765677,-0.005990206095843884,-0.005572488181543096,-0.140296627925013,3.842013522256653,0.3121837623078058,-2.7033339021692266
-0.006534622003808108,-0.013701621051873681,-0.005976027159585127,-0.005595016035092197,-0.1433173610792739,3.841002071804854,0.333591984340532,-2.701975071569509
-0.006518414673601916,-0.013694203361407293,-0.005948964848451142,-0.005607037324193633,-0.14698794485767216,3.824819478051569,0.3504084169239606,-2.6930933515630313
-0.006498625854022359,-0.013689067282743713,-0.005914654345628886,-0.005614330719344703,-0.15087534342691664,3.8007931172713874,0.3654177268520146,-2.6802323944043622
-0.006482834888281698,-0.01368099196997319,-0.0058885577773166685,-0.005627171882327259,-0.15440554954819782,3.7857429588146885,0.38237673673518474,-2.671775072962346
-0.0068041627932998935,-0.013900355153299106,-0.006376071327415986,-0.00522444998337811,-0.07309124687015332,3.975608243405393,-0.07316546130147984,-2.7731689219348925
-0.006791908206861599,-0.013890399956953193,-0.006359569055027644,-0.005244299112395427,-0.07639752625025549,3.9731631361394935,-0.05265737635870105,-2.7723582872772146
-0.0067797200912296934,-0.013880409467708509,-0.006343069228772424,-0.005264087785686804,-0.07968726774584307,3.970597886309245,-0.032204563124897286,-2.7714235174613844
-0.00676757544035739,-0.013870390865279358,-0.00632652690069613,-0.005283805567203668,-0.0829683423356909,3.9678716725643253,-0.011793928857420472,-2.770345237034412
-0.006755210949085505,-0.013860470667558208,-0.006309386621669945,-0.005303244288865857,-0.08631572599718375,3.9644284763438016,0.00859070629003583,-2.768852625376699
-0.006730335692934629,-0.013839848225475673,-0.006274847843173051,-0.005343195071234617,-0.0930773117987818,3.9576483191431264,0.05019764109358801,-2.7657294687460396
-0.006742675202711216,-0.013850364013964042,-0.0062918972026872215,-0.0053229148444463035,-0.08970269960745152,3.9607436593748786,0.02924491873080229,-2.767179309220666
-0.006694196970899174,-0.013808195570561737,-0.006224499996767108,-0.005403447128568822,-0.10299436514482775,3.9481450396535602,0.11228534873839491,-2.760871147184417
-0.0067061193058577445,-0.01381870607840516,-0.006241220196088589,-0.005383563020431082,-0.09972921924159805,3.9514585176772026,0.09177702671779829,-2.7626278940289777
-0.0067182011167270135,-0.013829227393062152,-0.006258085227794735,-0.005363531800291542,-0.09639215290213277,3.954721284839028,0.07109784192120104,-2.764294107700982
-0.006677915958490807,-0.013813735374633705,-0.006191844993260806,-0.005393816245963929,-0.10590938547303974,3.9169904413127337,0.11509540250248844,-2.745389914540181
-0.006667027831833738,-0.013802999340389572,-0.006177037100825732,-0.005413791255512127,-0.10895802073935697,3.9151759828200343,0.1349315899752607,-2.7443031853755966
-0.006639942655701352,-0.013800082116071342,-0.0061288627099303555,-0.00541951290041016,-0.11460131297441688,3.879588073485927,0.15410966310097404,-2.7263008921456
-0.006652343420546566,-0.01380679627721882,-0.00614838195549503,-0.005407117729628746,-0.11157976496224445,3.88897849215022,0.13871418113364467,-2.7311910060339115
-0.01288881657995405,-0.0058253612571079515,0.006734795532037653,0.0046595130448635405,0.7211341925373792,3.7599923890656077,-0.5583984296982729,-2.6140829428180434
-0.012925280939304014,-0.005833767678040811,0.006681338001336831,0.0046899899920341825,0.7115274736778437,3.7487362166138056,-0.511075923101923,-2.6130012143787416
-0.012908930810384404,-0.005827966720022069,0.006703939831338524,0.00467315637901819,0.7153423968909473,3.7502899110240473,-0.533076060297181,-2.6117267358379457
-0.0129405887324939,-0.005841387898848297,0.006661556591037115,0.004709128684273618,0.7085461145295949,3.750928986164397,-0.4895796849686758,-2.616003880770744
-0.012954902745947737,-0.0058502241016276995,0.00664407855103468,0.004729667551997162,0.7061552070124232,3.755756035398924,-0.4687046701055155,-2.620179036615639
-0.013037659821268598,-0.00592185147832649,0.006552912472216471,0.004879963347574213,0.6964046162923782,3.8140341275624565,-0.33585826885278286,-2.658538834137642
-0.013053631842351162,-0.005929404142474847,0.006530742516399097,0.0048980225505783495,0.6927536240397569,3.8129187913651994,-0.31340517924025374,-2.6593518321213616
-0.01308733678562537,-0.005953012087093148,0.0064880407622066715,0.004948398620024109,0.6868461236876797,3.8228672966161104,-0.26149185630460053,-2.6670562650835623
-0.013070101651869483,-0.005938480435600485,0.006508526375931076,0.004918594368864226,0.6893961836445026,3.813689981465855,-0.2895142953103236,-2.661089091791999
-0.01296820700773644,-0.0058598059185040255,0.0066286050803964205,0.004750881475505338,0.7042532199966849,3.7624189779838884,-0.4486187226949749,-2.6251220583151196
-0.012980821840189782,-0.005869713198762069,0.006614335508198842,0.004772251627468581,0.7025798432603283,3.769962402292545,-0.4290987365170705,-2.630384787166243
-0.013013843606530531,-0.005900044066803631,0.006579084796400718,0.004835076475671714,0.6991831566305547,3.7962831435436253,-0.3752480836495438,-2.647260844125863
-0.013033936746141103,-0.005903357057419619,0.006547727534346592,0.004847795755657727,0.693233091750181,3.7847572647387087,-0.3505083474052952,-2.643269983358056
-0.01299389115477378,-0.0058785962086443325,0.006598517160729179,0.00479201804594637,0.7005659125845388,3.7750865942795246,-0.4094780216034275,-2.6344020841158176
-0.013007172262209819,-0.005885091098656933,0.006580703884109496,0.004807800458953624,0.6976020878959823,3.7755468151169986,-0.390839719651921,-2.6359864154678445
-0.013105133122024926,-0.005963160621359485,0.006463821343621961,0.0049707511572634555,0.68311402198629,3.8234255701478044,-0.23550478298770652,-2.6685724966219446
-0.013120347868529164,-0.005972157333502746,0.006443147739593487,0.004990211021212208,0.6799045096641936,3.824102223138811,-0.21308508631583142,-2.669895613552868
-0.013134150497355897,-0.005982320055647945,0.006425379574159627,0.0050111094470759445,0.6774010399203646,3.8278418189933867,-0.1914266532925761,-2.672606069467918
-0.013147109193351872,-0.005992923489518724,0.006409140274359535,0.0050324166779141715,0.6752357017783361,3.832880307879311,-0.170337496689984,-2.675854074426876
-0.013159610340857738,-0.0060035186705577675,0.0063935297446024225,0.005053490684603933,0.6731982872127124,3.8380938464784156,-0.14968498697179713,-2.6791004321535614
-0.01317190490251856,-0.006013956600919728,0.006378044019038527,0.005074147442683578,0.6711202295633248,3.8429811463467005,-0.12931312726430955,-2.6821086509950582
-0.01318389923046723,-0.006024174822502777,0.006362821945721076,0.005094262223668106,0.6690970195132105,3.8475565928801587,-0.10935529413620872,-2.6848858847712336
-0.013197095134813236,-0.006033086965103904,0.006344734263111757,0.005112272500290198,0.6664008055748587,3.8484112600282514,-0.08907261366786524,-2.6857986343504945
-0.013213162341290111,-0.006040445864497939,0.006320808210208345,0.005128004054213675,0.6622947197892352,3.843298234059499,-0.06707149808225198,-2.6837758029127694
-0.013231012380316374,-0.006047479224583282,0.006293559077026928,0.00514325948351031,0.6575956493908491,3.8354511367590534,-0.04368184358971235,-2.6803566438883735
-0.013250155142173498,-0.006056465748983466,0.00626492678756643,0.005161805520160761,0.6528731898577546,3.8289894347373696,-0.017639047836889465,-2.6775613244355068
-0.013271291308480352,-0.006064806030550454,0.006232432481782314,0.0051792045138334885,0.6471088804009124,3.8188352333827624,0.009659749491997008,-2.6728621001400508
-0.01332540955918972,-0.006131665204015601,0.006167850583107328,0.005300923078361165,0.640356075660908,3.8617333108373857,0.11720814802236283,-2.6935807807513292
-0.013293960645161121,-0.006097469109031466,0.006207949514277131,0.005238434408737139,0.6452411165822579,3.8449845750764804,0.05818599855857842,-2.6857502545365484
-0.01330807880137528,-0.006108373125135722,0.0061881792093979,0.005258819178402369,0.6423773991489283,3.8456986621717015,0.08075005679779865,-2.6860362775801496
-0.01329399616589369,-0.006075667653964459,0.006198247219033049,0.00520074509143429,0.6414566794079947,3.810478882204541,0.040200465726409666,-2.6689054476374
-0.013325177111892343,-0.0061115198034924784,0.006159817418073778,0.005265805754981249,0.6371357198838264,3.830431068491563,0.09944564021468234,-2.6784999241756178
-0.013356121023104973,-0.006167624711774356,0.006128521384649646,0.005365858354915824,0.6357262099796112,3.8799913286083423,0.1777643256060865,-2.7015474383914015
-0.013372698865106957,-0.006174951570554524,0.006102158582030192,0.005379342187720868,0.6311202560692896,3.8703954235176092,0.1994102812799878,-2.6964286449089845
-0.01334577030372573,-0.006138848208582456,0.0061352099896114995,0.005314849496253514,0.634514256364134,3.8482360874865944,0.1422835783423704,-2.6867082040053316
-0.013356887404775836,-0.006150594315275706,0.006120460632714044,0.005335976705028524,0.632713029593853,3.8527259140475336,0.16287669791345283,-2.6885664012862263
-0.012889176079319838,-0.005804295441247622,0.006719382651445781,0.004625618313631629,0.7153055972483339,3.721526788447013,-0.5662746503196042,-2.5942564160331596
-0.012876086732321618,-0.005776850118733591,0.0067210185504411055,0.004575353791985169,0.7118277219258078,3.6812609382798778,-0.5920406130691118,-2.571582118116499
-0.012888462179350092,-0.005787740279426842,0.006708926664725149,0.004598714563096381,0.7109688968390739,3.6924227300632473,-0.5733214473784379,-2.5790751294183285
-0.012767784539232635,-0.005724786226860924,0.006853356656605623,0.004435497205780465,0.730563610032065,3.651850982927581,-0.7396711772116141,-2.539576384448205
-0.012733682050027872,-0.00569466588728581,0.006882850882048242,0.004368672270884472,0.7316414203105323,3.614564132723473,-0.7885995549155521,-2.5142695793447274
-0.012751636922635088,-0.005699858851693558,0.006859228569304046,0.004387411680722469,0.727806055808993,3.6151188953911277,-0.7652815946600232,-2.5177146986519072
-0.012767522927121161,-0.0057063579844259076,0.006839677382625025,0.004406733313766547,0.724993973790612,3.6187249520311284,-0.744266348907214,-2.5223109768157266
-0.012653689246881301,-0.005605889063411721,0.006932876632640354,0.004184004074657333,0.7265983036854626,3.4900597840011662,-0.8996927434966896,-2.434338308141164
-0.012731631718031423,-0.005675147827601486,0.006870779363834327,0.004337532869910058,0.7261636373028068,3.5805379992711797,-0.794768699320687,-2.4961992578938488
-0.012697371271428178,-0.005644149658210699,0.006898359407658696,0.004269363894096048,0.7263756638653888,3.5405978296373095,-0.8418306235180365,-2.4691183737395743
-0.01272103609455213,-0.00565386374422023,0.006870306019144264,0.004298752347994144,0.7226236940154405,3.547703596319387,-0.8113977293976691,-2.4771437227294157
-0.012672055487438967,-0.00560419765105405,0.00690439767759071,0.004193580975272241,0.7208387161056891,3.480684146880195,-0.8773903021542246,-2.432960862245383
-0.012690093336737556,-0.005618329261946981,0.006888855037563666,0.004226130439100541,0.7203978815881917,3.4983979649894263,-0.854006343076061,-2.445645828797121
-0.01278377454320061,-0.005731465523996514,0.006833485826028958,0.004455066191114937,0.7276826631930723,3.655304034595708,-0.7182020289625614,-2.5440475418087938
-0.012801710180811231,-0.005737068167973333,0.006809627455742721,0.00447384117070961,0.7237461387897483,3.6553931988746586,-0.6946180682935342,-2.5470149782076317
-0.01282095643543861,-0.0057428050420889,0.006783678503810178,0.004493285614917357,0.719413012432537,3.654617980544856,-0.6694881784350745,-2.5496361521778788
-0.01283426348232849,-0.005751514129381217,0.006769111222003936,0.004514030585142473,0.717828122538726,3.6622917781098563,-0.6507545014392874,-2.555653256807484
-0.012851795551062124,-0.005753015475503303,0.006742553471086815,0.004525455112868025,0.7127605588883665,3.654329185534023,-0.6290716844750106,-2.554129346362983
-0.012871908455352785,-0.005756924063277088,0.006713590861527757,0.0045417103420554265,0.7075645614800382,3.64875258424053,-0.6037688528579296,-2.554086969974201
-0.012887520520493686,-0.0057618723112644234,0.006692384008443157,0.004557128764007222,0.7041515556681717,3.6475206102201816,-0.5836142492817905,-2.5555775406113996
-0.012507243291782747,-0.005536859273059209,0.007086786532419544,0.0039787438223111695,0.7421902880731497,3.4083389987436763,-1.0817037462479382,-2.360305619709561
-0.01253146761377392,-0.005543871701045464,0.007058459468675557,0.004007218033553822,0.7384162106398106,3.415851330347244,-1.0519501609633108,-2.3697950596588018
-0.01255546310177907,-0.005554327807932488,0.00703311019484821,0.00404007038437408,0.7358221374501507,3.4287557502786257,-1.0225579862281575,-2.381870686530899
-0.012611621480044058,-0.005588826677842979,0.006980737248894934,0.00413030038236981,0.7325128176240185,3.473899033753461,-0.9526288915251674,-2.4174045621186924
-0.012597357329342427,-0.005572268878126949,0.006987767244582104,0.004096188557051801,0.7307437668858019,3.4491832206035995,-0.9707933011397912,-2.40152085569315
-0.012579261368830495,-0.005560389191446921,0.0070040161910849,0.004066119121011604,0.7316239950070386,3.4334672214494044,-0.9932230086252672,-2.389487001176438
-0.012636812315134114,-0.005588625073813942,0.006943711762052078,0.004147300425162502,0.7255045732461831,3.465696212426675,-0.9216118486499967,-2.418256555456187
-0.012504419635518073,-0.00550790617578016,0.00706560873292941,0.00393580808922013,0.7326156555841915,3.3591256151865934,-1.0831192702158103,-2.3341289252108957
-0.01223326332621448,-0.005361116380097817,0.007292643591976733,0.003507160258854934,0.737162658759294,3.1189722635978203,-1.3804718422240239,-2.139563652560138
-0.01225138475990376,-0.005371224463610026,0.007279348036400022,0.0035369587803931028,0.7378832391828827,3.1374339297523974,-1.3622785197286165,-2.1541938448256923
-0.012315251331147933,-0.005388860608865753,0.007213979053304201,0.003617892853479811,0.7318204063774162,3.1714688210083284,-1.291498478861665,-2.1895541247845576
-0.012294766103765512,-0.0053776050437764665,0.007229968170910672,0.0035849979266330445,0.7316355655453396,3.152022255425274,-1.3127831453094272,-2.1739725437982123
-0.012271658136386258,-0.005370843545489368,0.007253217624471105,0.003555278781467893,0.7335818312341954,3.139123121004736,-1.3381258032643373,-2.160932496021255
-0.01241578225720624,-0.005438266850606262,0.007126102282446852,0.0037694718238991923,0.7287207612631564,3.2522222464935555,-1.182053973422221,-2.257338596026266
-0.012444340426105698,-0.005450016980205454,0.0070979328250401685,0.0038086560163194615,0.7263778823242147,3.269690018895456,-1.149599336858868,-2.273393972226049
-0.012468386849006394,-0.005473922869635566,0.007086037915867419,0.0038605192768742624,0.7294116839543766,3.3068236899711207,-1.1237520675819497,-2.298472383957978
-0.012388814528849655,-0.005422015581249364,0.007147637149468246,0.003725227877669116,0.7286745200425825,3.2265973292345884,-1.2113864477460246,-2.2372945850229047
-0.012359368536485825,-0.005414282255072415,0.0071796361438593945,0.0036898450897327744,0.7321916046876541,3.214121560585301,-1.2449605935677905,-2.2232748120755446
-0.01233623404707124,-0.005400138677382173,0.007197076094334765,0.003651120588974989,0.7317590984951671,3.1906746753759205,-1.2693229808762894,-2.2050891620904554
-0.012499398338042443,-0.005478088446254429,0.007046925821939542,0.00389048794568018,0.7235208155933465,3.3098506604485833,-1.0868097661581864,-2.307235150294624
-0.012111136729394617,-0.005281448185991052,0.007364944009327932,0.003290451546045965,0.7263977644264337,2.9711608930670317,-1.4914969928659565,-2.0281054756311687
-0.012136797915973052,-0.005287258926779599,0.0073400647841561665,0.0033230512249858416,0.7245870239664186,2.986383456955543,-1.46497014606959,-2.0437812404150253
-0.01215956008865169,-0.00530490766167765,0.007329736739451517,0.0033667336036426287,0.7280938210952529,3.018159485924556,-1.4460357336629526,-2.0667061976377243
-0.012189403025477753,-0.005297907679546632,0.0072868656567635715,0.0033872099656926872,0.7203971271234271,3.0138362710333024,-1.4094936684208565,-2.0735863691667826
-0.012030828811096914,-0.005242237893448933,0.0074196031321097766,0.0031621539010233757,0.7220495646743686,2.8890882098254074,-1.5631673255801641,-1.961292461561106
-0.012059095122354695,-0.005249860086394484,0.007394755730516585,0.00320037773744261,0.72120399675024,2.9093975121178506,-1.5356692931156,-1.9806885918031967
-0.012080670902358485,-0.005258505476591769,0.007378267652341496,0.0032325720894701634,0.7217103507990255,2.928587537458176,-1.5156876360809646,-1.9972091432540737
-0.012103283072016755,-0.005254612118668054,0.007348110007785001,0.0032509678717677335,0.7168505041687697,2.929432302873947,-1.4889579749901187,-2.0049183164972715
-0.0119774240620081,-0.00520662032983174,0.007444033410212182,0.0030654108221214453,0.7138756458733019,2.819153795063627,-1.6033674727888092,-1.9090143943972355
-0.012004419888139693,-0.005221773888575619,0.007429097194382472,0.0031111132533526535,0.7169024363853077,2.850552886621451,-1.5819647658381522,-1.9335564893995354
-0.012027982930218874,-0.005209481833485553,0.007390497530742753,0.00312210147842005,0.7090490216328745,2.841698178492001,-1.5507673425177646,-1.9371826122846791
-0.01194722722289756,-0.0051568134483375985,0.007427402790465075,0.0029786468448513522,0.6969549739415865,2.7393227523563586,-1.6096234730649421,-1.8599280109730894
-0.011973236087471072,-0.00517668782457859,0.007418894117647018,0.0030280260986936757,0.7024589016943525,2.776391184887465,-1.5927425833694866,-1.8868408112876687
-0.011821223106216024,-0.005107599226337771,0.007509328842224505,0.002787982052945864,0.6879545901825743,2.6176390319427125,-1.7089820728455511,-1.7564331256626204
-0.011774055832554147,-0.005103796904899407,0.007552516937671147,0.0027299750788820198,0.6896214189499102,2.588075555082923,-1.7525550142018698,-1.72444913064165
-0.011800246303445346,-0.005103074570135302,0.007525774060777003,0.002759509653508405,0.6875043929777366,2.6011758875796382,-1.7267792458692275,-1.7407451665719151
-0.011758885745508046,-0.005081347406545337,0.007544351662814791,0.0026903301194458273,0.6810387533908164,2.5521447047064183,-1.7533804232530454,-1.702034326980143
-0.0116987902479969,-0.00505947450815979,0.00757939352482049,0.0025987564687106304,0.6749515594375609,2.4916164481860537,-1.7959168714799405,-1.650411403915512
-0.011731619252155264,-0.005074288083364444,0.0075634623868213275,0.0026516386178499778,0.6797735223055249,2.5282997842475825,-1.7747657574881683,-1.680291687919466
-0.011918027064758805,-0.005141048210483473,0.007442901911860147,0.0029302380583971295,0.6936376032192509,2.706158767659412,-1.631172488257089,-1.8337621831083781
-0.011886274050766277,-0.005126186480928165,0.0074614021337367905,0.0028798569702934095,0.6902546194604549,2.672698607870416,-1.6551338744355426,-1.8064603802065893
-0.0118583634303591,-0.00512012512603143,0.0074841890292939904,0.0028425761057810557,0.6904130551780533,2.6518045921798503,-1.6795650028788345,-1.7863513645416078
-0.011842085020674607,-0.005098057442059003,0.007478607473236031,0.0028018533152238153,0.682576062302795,2.6160066027155775,-1.6831456715547137,-1.7634868489314754
-0.011947347782378666,-0.005120946598993139,0.007392009236808214,0.0029404437345970764,0.6827335042741591,2.6922773898182992,-1.5911494815806326,-1.8372517580958296
-0.0122284637710793,-0.005332936008623765,0.0072719523039771325,0.003467376956524055,0.7271148110158941,3.0740945636730874,-1.3768143001799746,-2.1155360862118218
-0.012220011774026275,-0.005301960775360384,0.007253300525101344,0.0034211854551415536,0.7166961481679497,3.0254289788673656,-1.376286045307473,-2.0883464282612514
-0.009667251117892885,0.004550244749894065,0.007793603052306058,4.68539125664131E-4,0.1938319230940724,0.2924292233180941,2.2514386580652928,0.26726246344116583
-0.009615066979130156,0.004540906512948283,0.007773598627347929,5.394030364850524E-4,0.18085190755629488,0.23876009873057247,2.241204335195844,0.3153971234272186
-0.009501533399991234,0.004539292869819926,0.007745083846809572,6.955336996952788E-4,0.15480312246670186,0.12670871231944647,2.229458473696899,0.42261885958641193
-0.009558997076079644,0.004529111467053308,0.007748750355121853,6.141717037876556E-4,0.16709841061356118,0.1811615224338454,2.227589690307625,0.36646072385550404
-0.011053914301290333,0.004817339849203009,0.007812334862875278,-0.001580303210371692,0.5509846291250077,1.7713189583782618,2.1061016509467922,-1.0498532308066044
-0.01096869324550532,0.004794982937828816,0.00783537803919708,-0.001450167739556739,0.5320558924295979,1.6792460567695549,2.1364140433309426,-0.9698057026373552
-0.011010587983782663,0.004796990419550421,0.007814858451173223,-0.001509233235265264,0.5381820110023038,1.7181291656618964,2.1149700822810433,-1.0074346543847206
-0.010841143754938595,0.004772904576309297,0.007874616137033705,-0.001260108488102719,0.5055293862625119,1.5476178957627178,2.18392832013277,-0.8508771783791849
-0.010872057578062588,0.004800016551688477,0.007889737238298498,-0.0013167748241540037,0.5197989201892256,1.5942156278942983,2.190495043709476,-0.8832569358489168
-0.010909040843045557,0.004786233726063597,0.007856577718450365,-0.001362319069028444,0.5204731252401283,1.6191227852481596,2.160896855947613,-0.9147384621605482
-0.010808632530786412,0.004750817227701835,0.007865211619978446,-0.0012040944108827267,0.4928573613731166,1.5031892319143336,2.1816108785970054,-0.8180375829080312
-0.010841276391578733,0.004739350797937214,0.007838089292894401,-0.0012448809371782249,0.4942708911093572,1.5259962629293065,2.157298260085467,-0.8459594379420636
-0.010944861816830128,0.004771504235328267,0.007822445091373855,-0.0014048131689111162,0.5205543403800457,1.6413889972297058,2.130728183439405,-0.9441380784647314
-0.01025185669229771,0.004654900291964616,0.007920834906593935,-3.704483824242429E-4,0.3515082041433741,0.911285336135356,2.2887734119412433,-0.2867615333066646
-0.010775006199490081,0.004723777719988413,0.007850348641312961,-0.001144939983099545,0.4786721264682195,1.4550288630172257,2.1754542746339447,-0.7836549188398527
-0.010375257827818401,0.00467893260179362,0.007926307409233536,-5.550480977087232E-4,0.38577139977109876,1.044744909074592,2.27946084724522,-0.4052457791240934
-0.010408304032325604,0.004665217457082588,0.00790426311155373,-6.002912219040779E-4,0.389414953684115,1.0711981431459439,2.259823703543926,-0.4366594942604921
-0.010337748726071211,0.004659806730092429,0.007912557810296332,-4.966206361561657E-4,0.37244583475912774,0.9989320713344588,2.273600294389913,-0.3691963075018814
-0.010294849152422802,0.004653206881712473,0.007912650635838852,-4.329798302601026E-4,0.3610426893710414,0.9534893245734354,2.278307911417187,-0.32814862584937493
-0.010477889479252859,0.004644068124277843,0.007864613574287435,-6.954304577437296E-4,0.3992458234029019,1.129100805474132,2.2231435112452456,-0.501761166750912
-0.010433247964219383,0.004629235518116841,0.007859470861509482,-6.280316135682532E-4,0.38606455981062376,1.0788119254174775,2.224578159765056,-0.4592675469802124
-0.010726263870829292,0.004712712386510012,0.007858219400383141,-0.0010715820997131914,0.46654401692392206,1.402810918266354,2.187672924102667,-0.7377004290495838
-0.010687316748083146,0.004710422154496683,0.007870690167403374,-0.0010153876392623355,0.45900396709838587,1.364777068218229,2.2017889311492134,-0.7016118001040732
-0.010627123290430826,0.004715194029302953,0.007897406353390006,-9.308978888004851E-4,0.44888609177390076,1.3098205294721172,2.228856952366504,-0.6459041693045685
-0.010592526784453476,0.0047075248171796905,0.007900516980473943,-8.784794054412421E-4,0.43983297158935997,1.27233630576787,2.2353750352791844,-0.612959469838469
-0.010658297245961838,0.004685795334480611,0.007854541969213176,-9.6517429965166E-4,0.44623986140096167,1.3233899447272321,2.1938954308382215,-0.6723847012392189
-0.010559142949704095,0.004686936423721273,0.007888469050173721,-8.239356529950926E-4,0.4272568471371257,1.2291506440898894,2.230791064300632,-0.5802362256266002
-0.010519120099015082,0.004660369543823331,0.00787122966874529,-7.58783181005919E-4,0.41187029192231644,1.177062459660869,2.22315146891183,-0.5412249513279351
-0.010510916018764537,0.004616626519237865,0.007826289654094145,-7.35039189240258E-4,0.398743650893236,1.1474229680249635,2.191491993781535,-0.5311735786764928
-0.010231937111786864,0.004617735719322904,0.007882821425069278,-3.366997627348911E-4,0.33878061927287817,0.8765652068327906,2.2633922529006263,-0.26861368425957427
-0.01019515183071702,0.0046016368189206935,0.007869509837343044,-2.8187499234950296E-4,0.3268520514544126,0.833755542664724,2.257572659031474,-0.2338532107445209
-0.010055609016293902,0.004573939329669644,0.007848684416029239,-8.001398039017008E-5,0.2891464979102978,0.6854523100556218,2.2564237772522984,-0.10193792769942621
-0.010151636446778061,0.004584477854045129,0.00785492153640019,-2.178984864127092E-4,0.3134725217920136,0.7842283314940541,2.2514290436611497,-0.1929669599391407
-0.01010451143590091,0.004579086820200588,0.007852250287560357,-1.5012676865748444E-4,0.301501846303645,0.7357353767217161,2.2542063418046645,-0.1483560936877021
-0.010004448632464259,0.004562316612066415,0.007836870782798018,-6.920894109092825E-6,0.2752034862549509,0.6307842027001359,2.2528052514087897,-0.05378757527360007
-0.009946289549214272,0.0045516302050187364,0.007824514113750418,7.544112170728E-5,0.25966508875859823,0.5698514574657995,2.2492613116036106,7.860990689637603E-4
-0.009886459393178016,0.004554487929165956,0.00782476703052558,1.6034612447028457E-4,0.24617958265596987,0.511355304351973,2.2549693222628027,0.058184536026369076
-0.009847568073164089,0.0045068118753590555,0.0077711511026657435,2.114288039441738E-4,0.23107191148743436,0.4593626138108358,2.2194201530667157,0.09038478091023681
-0.009785899564499458,0.0045242927114314165,0.007783535655145903,2.99008427143161E-4,0.21899673125742344,0.40345473576557817,2.23395587836788,0.15073045939505444
-0.009715101011157247,0.0045179057985247064,0.007767240989127859,3.9658129164273087E-4,0.20184394129212951,0.33217378043867823,2.2281216067321457,0.21692827996272385
-0.00934602339386157,-0.004553006370849118,0.00771182889172922,-9.111469163657294E-4,0.12119963254284911,-0.02311967999606437,-2.2168788930743313,0.5717139959507272
-0.009512042039351664,-0.0045153894204966166,0.007722751017534995,-6.74933858776843E-4,0.15574981280103925,0.1326284523164795,-2.2121613346208586,0.4080686332056595
-0.009444281676353635,-0.004517748163948641,0.007706504865875106,-7.673307643544523E-4,0.14084550855236813,0.06716210088740383,-2.205418316826291,0.4719078671575316
-0.009389456088227905,-0.004537780751236953,0.0077104844410885815,-8.474782304987967E-4,0.130089341604637,0.0169760243879462,-2.212564580684266,0.5274969748718376
-0.009297661246148756,-0.004538483596125452,0.007679372497758172,-9.707049979986282E-4,0.1104713760184881,-0.07189130652446026,-2.1964861463684895,0.6132651056633222
-0.0088488885966643,-0.004459992471214662,0.007388794387866742,-0.0014957824469532374,0.030940574058647776,-0.487777520199653,-2.008136288309195,0.984790160663929
-0.009205390190302138,-0.004513926011591516,0.007618015889815053,-0.0010822742278383136,0.09154864665344108,-0.16236832213905725,-2.157439469730008,0.6913261820701689
-0.009249386354831437,-0.004504281509329373,0.007625846585560736,-0.0010212228022564592,0.09977617562208231,-0.12179005446279337,-2.160120798443254,0.6488691960248227
-0.008915824957833345,-0.004449404266442485,0.007415839176260145,-0.0014110816107909053,0.0409381208933804,-0.4293385816682889,-2.0244016341660607,0.9250927150815381
-0.009118835977511562,-0.004495922878587892,0.007562332312298117,-0.0011853581267260082,0.07496335068968,-0.24476166132810953,-2.1217272714065776,0.7640058159861147
-0.009167391457322847,-0.004482211674733698,0.0075699514368758785,-0.0011177113914795367,0.08377174766231872,-0.20080244822397,-2.123993266303619,0.7169968903697376
-0.009058761955236555,-0.004470192908097952,0.007508766472976305,-0.001248559887283616,0.0643700621049529,-0.3014566603530349,-2.0854866707562523,0.8094887224338764
-0.008992900743548462,-0.004457883111913795,0.007464294492131492,-0.0013231276750829198,0.0533671571882407,-0.36127068618826824,-2.0561576997647233,0.8626710213006482
-0.009618950438581967,-0.004505829242228489,0.007737389368886279,-5.268673206127038E-4,0.17889604465055886,0.23511486314284236,-2.214236188495878,0.30595348275601625
-0.009563467187280645,-0.004488203570296187,0.007706956284708644,-5.985399124984084E-4,0.1651410870466002,0.1776720591635167,-2.1962790996394856,0.35485217351735676
-0.009523219131640257,-0.004441954662483745,0.0076495675473226684,-6.413384571315647E-4,0.15344167323675048,0.1304511489062097,-2.1568541482307313,0.38370812983069125
-0.010800801652243964,-0.004786100275391048,0.007907280206563337,0.0012085089768380066,0.5032624508558965,1.5180354648704386,-2.2132711991612424,-0.8154947283065672
-0.010775966494098774,-0.004751239037637665,0.007879810719302311,0.0011579144607400166,0.48745437740574377,1.4727823640402198,-2.1967196785297283,-0.7880794712721096
-0.010843670269388931,-0.00478915924124575,0.007891240925395464,0.0012712214517215366,0.5115033452452457,1.5604518532431848,-2.1955854816091787,-0.8555650965318498
-0.010892218191964578,-0.004787696143386994,0.007866484275868767,0.0013393628555103604,0.5186544039222863,1.604584249739638,-2.1705793989778104,-0.8996797353885688
-0.010940157829847124,-0.004775454141518264,0.00782914543727062,0.0014003315913902142,0.5214196449542322,1.6399293030410063,-2.1363360751070175,-0.9406979572489488
-0.009753841102420717,-0.0045514861425422805,0.007808497724434051,-3.473073131718277E-4,0.21430906530987578,0.3787607698411192,-2.254995582100325,0.1846709030950067
-0.009664330293192414,-0.004469372442839504,0.007707929328429263,-4.581339501619586E-4,0.18580575214184378,0.2716013104411528,-2.188740217136077,0.25749016055798585
-0.009714656570062614,-0.004509872886692738,0.007758696293925317,-3.959680839255354E-4,0.20094552872115476,0.32986112677533236,-2.2218706786854585,0.21617389532680262
-0.010336657083214256,-0.004653800670617234,0.007906193191844086,4.939347468743345E-4,0.37078641660455197,0.9953155673765313,-2.2691652761947108,-0.36821677248347445
-0.010206991188302317,-0.004648798802445886,0.00791965515906219,3.040943933027996E-4,0.33938102185711655,0.8638469702375952,-2.2925966990031728,-0.24357521982708752
-0.010233322328622386,-0.00462992315420992,0.007895915290958894,3.402274817177587E-4,0.3415637646064165,0.882691968943365,-2.272729935734341,-0.26949730849489
-0.010263115590331096,-0.004628971791422585,0.007890929787760318,3.832671212473757E-4,0.34832850622393785,0.9119396799316458,-2.265988814889645,-0.2981091086927587
-0.010299428804061978,-0.004618972902109954,0.007874610676898928,4.341556851026911E-4,0.35430408075553804,0.9437312964923753,-2.2503106632396697,-0.3329406452693562
-0.009807394591849237,-0.004536861699370484,0.007799269656577752,-2.702944787593526E-4,0.22499061726707845,0.4280434040783018,-2.2435585322237723,0.13172286914959017
-0.00985291343428942,-0.004548361167707614,0.00781577015933798,-2.0734200525392775E-4,0.23756358404362402,0.4762490519263412,-2.2515137776925163,0.08968423859059428
-0.009887164080239794,-0.0045262712322623145,0.007794661188090047,-1.57569207583376E-4,0.24221042425120182,0.5039030608961542,-2.2329850901383548,0.05468427316182099
-0.010173102632485746,-0.0046233645746835824,0.007895287157114364,2.5214858632541644E-4,0.3260748900245844,0.8201436678510093,-2.27846529407644,-0.21194640937516038
-0.010138861890876575,-0.004597434388203038,0.00786991710249922,2.0055774848438244E-4,0.31298914410899265,0.7763280839191716,-2.2635786709144026,-0.1801854189941338
-0.010057940166606189,-0.004591109543719117,0.007867180454728307,8.385622274331943E-5,0.29259936662766317,0.6935573483892074,-2.2696692356490655,-0.10296963010047518
-0.010098287468612174,-0.004579244782708537,0.007852749032622161,1.4125108597677868E-4,0.29998848492055846,0.7295140124022028,-2.2551974050680643,-0.1422574313047201
-0.010004762405185642,-0.004550154825731656,0.00782384453784761,7.359173630996798E-6,0.2733699945214607,0.6271274555773979,-2.2433446281227707,-0.055020014660644864
-0.009906384367111502,-0.004495979264790771,0.007763652318065422,-1.2908248930482106E-4,0.24300535875772922,0.5138316647168508,-2.2085428851730384,0.03373701222485662
-0.009957884667619054,-0.004484297675539604,0.0077533289005748615,-5.7370646742442933E-5,0.2527078290363652,0.5606102290284434,-2.1962425639060554,-0.015742382398459136
-0.010568033385978694,-0.004753751515456241,0.007959243942897674,8.574578493723693E-4,0.44848510131531677,1.2728997064409933,-2.2811668522770945,-0.5923610832416716
-0.01060574330085137,-0.004739554838811871,0.007931383855832192,9.081227048008339E-4,0.45197277112583306,1.3024150948550746,-2.25627504651488,-0.6275413210509121
-0.010645619584373737,-0.004727420615717751,0.007904394983455966,9.617905115700977E-4,0.4561616884036743,1.334512713879233,-2.2316521879142317,-0.6643305336632156
-0.010497796613785004,-0.004741386613031486,0.007966097167960125,7.501902149594742E-4,0.4298126631111212,1.1965961100556155,-2.2944466941845687,-0.524222617166399
-0.010535912417483376,-0.004725036155049015,0.007937199971883331,8.01615867621946E-4,0.43322994031257167,1.2261309046883886,-2.2689760705712776,-0.5602105069361768
-0.010431092269866025,-0.0047266235017054325,0.007966712592179105,6.477152815898766E-4,0.41073194028249477,1.1225808017477232,-2.3024837061075085,-0.45945264173873873
-0.010467655656487593,-0.0047207866274339184,0.007951246073746164,7.002781408317432E-4,0.41721616879456713,1.1563432847304833,-2.2871278715404992,-0.49459516953110433
-0.010404872935066192,-0.004687778662246068,0.007929774231133587,6.002466928457287E-4,0.3946688090561347,1.078245497234483,-2.2786539429843273,-0.43378245017708655
-0.010376585280999925,-0.0046582812487045815,0.007903409359974732,5.527847922383682E-4,0.3808225148641547,1.0367831851915992,-2.2627666215868705,-0.4063440116382372
-0.010688528998133837,-0.0047197045707397245,0.00788034796653367,0.0010205811301244709,0.4619278333758174,1.3712634424920438,-2.208699084422172,-0.7036826613294228
-0.010738849224709794,-0.004720277035927721,0.007861430569153406,0.0010924027290094525,0.47120846681797113,1.4191573519101919,-2.1884051162867997,-0.7501824876119849
-0.011558879989098826,-0.004978604620704052,0.0076212955747060615,0.0023568934257922653,0.644506810462479,2.31305486169989,-1.865546850387238,-1.512882747367467
-0.011498897960954317,-0.004965258147030902,0.007657818023359811,0.002271205884781183,0.6387779058634354,2.2580446105466763,-1.9058240166657978,-1.4627368603494857
-0.011532679506429186,-0.004961686966461602,0.007625940025139774,0.0023102691973851675,0.6373288751967904,2.2776271419245715,-1.8757797803002707,-1.4862294995661967
-0.011435270079143911,-0.004952905997480593,0.007696260435138553,0.00218062429986377,0.6323880689725013,2.199643365421371,-1.947900737890081,-1.408800317548753
-0.011399386893185518,-0.004941496165074776,0.007712250957549194,0.0021255906995993616,0.6264661606707844,2.1617399541145925,-1.9673878074551652,-1.37629927041678
-0.01147032694346252,-0.004933847110505322,0.00764821644846177,0.002209787097013914,0.625576347948707,2.2060990631268322,-1.9067765632636284,-1.4281530605681534
-0.01109236744966304,-0.004816368529997146,0.007788709749633498,0.0016322585489216303,0.5549904190558491,1.8038952096434606,-2.082653178054478,-1.0829440149784435
-0.011059251746627818,-0.0048233361694216235,0.007815729686825812,0.0015911158806278852,0.553876743575661,1.7804621020191191,-2.107657087209501,-1.0557669032429986
-0.011003052572350179,-0.004804398609812446,0.007827030608415999,0.0015029201175684778,0.5400709615358109,1.7167859704845265,-2.12500899290383,-1.0021982204110527
-0.011035320212405372,-0.0048003772600506926,0.007804682418026546,0.0015451150307901488,0.5425499864499093,1.7422861830649903,-2.103706890157977,-1.0296681582533935
-0.011346772861842207,-0.004897002757899223,0.007704810529809991,0.0020239704452110862,0.6064499308252422,2.079472592313604,-1.974257431300371,-1.3181942839033531
-0.01138491481824269,-0.004902700349236876,0.007682300497247285,0.002077304079429056,0.6104596784829529,2.113724947946586,-1.9502545714665962,-1.35041479179346
-0.011217048182874887,-0.004870808538283739,0.0077682076398960945,0.0018348151233298462,0.5874833737308256,1.95300783626668,-2.0453069070141576,-1.2036546784034494
-0.0112618869302858,-0.004871059906806158,0.007737969029687188,0.0018945389279179847,0.5909909716249945,1.98969581938725,-2.0151087363944598,-1.2409971950874945
-0.011297463330235647,-0.004873810536274905,0.007715956063215093,0.0019431014870197785,0.5944976995053043,2.020231066385084,-1.9924873591460734,-1.2707508065563162
-0.01132934636429053,-0.004863241606592151,0.007681987179674083,0.0019768177359169577,0.5922855796265362,2.0356926160132383,-1.9622538004904342,-1.2929001471299897
-0.011150434585521993,-0.004838597676665191,0.007776927090740521,0.001724440284430951,0.569398481004246,1.8707774151360061,-2.0640239017797497,-1.138279928016536
-0.011124165232502169,-0.004814270304323331,0.007767215227836572,0.0016739597849011246,0.5575756614847546,1.829326496072379,-2.061808909102318,-1.1096120642731955
-0.01119168163090273,-0.004830828668765621,0.007742241194721041,0.001774649100937994,0.5701359551409749,1.8987253088193896,-2.0317827005013274,-1.170917007160826
-0.010982681915598176,-0.004767797829914512,0.007798622164387918,0.0014550252725655437,0.5244252069398775,1.6724961423379063,-2.1077129645735933,-0.9768727636318743
-0.00934479400320547,0.0045167961468974074,0.007673777580847226,9.00267941587191E-4,0.1196736362429263,-0.029161742766258814,2.1888300698506336,0.5642990515156674
-0.009455503558504443,0.00451347873296671,0.007705302471354298,7.509564972524371E-4,0.14332102936597627,0.07725399993105775,2.203719623603334,0.4607211803071466
-0.009394070723092696,0.004512659149871797,0.0076858201211704195,8.332025136367766E-4,0.13000991853448876,0.017668895344244623,2.1940274316152553,0.5177601413139561
-0.009214580936422818,0.004459140859551478,0.007566374954145974,0.0010481100334297385,0.09234334997825255,-0.15879995459672025,2.1179543929806273,0.6683768863048667
-0.009289719210472855,0.004477923945808196,0.007614311064885428,9.587992017426811E-4,0.1075777754184393,-0.08642441916407077,2.148517430484121,0.6053829535582226
-0.009068105261766742,0.00440878149458765,0.007453164054560477,0.0012081440490185136,0.06606533815056388,-0.2954855187073311,2.04259518006814,0.78264678189689
-0.009139738105427182,0.004431848721580969,0.007507916735312782,0.001130749486067204,0.078765749502417,-0.22970943848188666,2.0792095421877392,0.7271494488064213
-0.009198524744355712,0.0043875555392991995,0.007489085617738772,0.0010394018885328924,0.08821184778582716,-0.17909966218977824,2.060703483594374,0.663352910518588
-0.004538630041056376,-0.004227152064157056,0.0034284440918608615,-0.003164962322025067,0.049283668583963054,-1.4254007653440641,-0.07710156305550005,1.693053155124682
-0.004226325747452633,-0.004124573153271457,0.003160084733742531,-0.0030766175469071418,0.051449054421089276,-1.387700887508393,-0.04217660637452025,1.6397252318915918
-0.006823377726314731,-0.00451238249771299,0.005658025099340852,-0.0031135625594863807,-0.027389110469388224,-1.5538304409796917,-0.8685156516214629,1.9692063244049758
-0.006649299323456215,-0.0044398693900045685,0.005452534931029335,-0.003101701811924632,-0.01801214538948832,-1.5496794866461423,-0.7597085652426826,1.9404290552780339
-0.006485105808277694,-0.004389291314668839,0.005270636336059489,-0.0031013300059696655,-0.010315884605302876,-1.5464198677374899,-0.6697784079732245,1.9193575417097841
-0.00538664511985128,-0.004617178403527555,0.004230046501281801,-0.0035005132699955145,0.04001759010747283,-1.574303973131839,-0.23124589998520897,1.9122740154332991
-0.0051378192351043,-0.004455105571540501,0.003977922248224907,-0.003357911517953689,0.04227056279965618,-1.515802551178367,-0.1772181576195875,1.8246052113666293
-0.004850636712324781,-0.004333543459045671,0.0037075302094261666,-0.0032553183066751676,0.0466078409643238,-1.468239763238209,-0.12333088951807146,1.754623254692629
-0.0055563322604909,-0.004498464889293108,0.004379450393347272,-0.0033737592112896182,0.030479300361101348,-1.562480715065539,-0.29281686398550577,1.8980034378138708
-0.006145638816878192,-0.004556154046557097,0.004976447148058171,-0.003350375365523258,0.006186804967565465,-1.6084201152706346,-0.5189290471786975,1.9883296520402503
-0.006264054280297129,-0.004471877850192572,0.005074059021446718,-0.003240210292616694,2.0534198246892078E-4,-1.5820539405403569,-0.5699549797402292,1.9563521803767254
-0.005970634059008641,-0.004518708526045924,0.004790812863883728,-0.003343672863873225,0.01435573219504206,-1.5927774305017781,-0.4434446472343018,1.9558718723392896
-0.005755517507732234,-0.004514387055718995,0.004576439113432154,-0.0033688857317076258,0.024039169905969802,-1.5806170557349608,-0.35980189939839663,1.9304735998129026
-0.0063227267069282085,-0.004342671694331934,0.00509602708055296,-0.003098033206300437,-0.003153082635648925,-1.5401466011406704,-0.5894067091711964,1.8972277612999975
-0.008640582056108787,-0.004391794266027283,0.007199446063693491,-0.0016875703067804324,0.006245887954603105,-0.6560039652467452,-1.8764449620559742,1.1232130443088333
-0.008562068019149612,-0.004406735363885355,0.007160893564535502,-0.0017805494958369336,-0.002848066425979213,-0.7188748014227374,-1.851670119728411,1.1881173005766847
-0.00838756281468982,-0.004415930787999279,0.00704521985316709,-0.001964436213884722,-0.020025830236954787,-0.8504781208327071,-1.7732608733550008,1.316227919267315
-0.008472334406086808,-0.004371951377999723,0.007069140013861024,-0.0018485675189602146,-0.01019073699668742,-0.7820980695218559,-1.786848342160367,1.237197376069596
-0.008291767112995082,-0.0043626828918520225,0.006929710214542433,-0.002016295692599867,-0.023642187336644156,-0.9080054366034532,-1.6908818171020672,1.353894971234594
-0.007350976306342095,-0.004514123138115453,0.0061948136859235675,-0.002863643506927168,-0.04870671860074861,-1.429841776927907,-1.1962886562356003,1.876711033317886
-0.007408856839639759,-0.0044185448751553075,0.006196834351158435,-0.002736171780489534,-0.04502228383401477,-1.3766756202172465,-1.1992701129022667,1.802641237971994
-0.0069222213037615455,-0.0043790706152193664,0.005700913621757482,-0.0029399395106570535,-0.02879661415952282,-1.490089751151152,-0.8989162519890695,1.8833621513080139
-0.007210694961819088,-0.004461942328306204,0.006026617381299854,-0.002888435558760484,-0.04193296246848872,-1.4535628784868668,-1.0909320775416338,1.8796172396257596
-0.007077333328308247,-0.004418064945996636,0.0058721916641240835,-0.0029104272439131867,-0.035528904634878296,-1.4719976419233778,-0.9978106533086478,1.8812564246254724
-0.00792270422943813,-0.00444963337091153,0.006693176343804491,-0.00240824994923086,-0.04617977360009709,-1.1550978825864,-1.5313083727950507,1.6126458108458477
-0.007812714559298552,-0.004426594865402714,0.006578854253940432,-0.00247330827662885,-0.04696751801064416,-1.2069553253315162,-1.4527059309251766,1.6531918892248847
-0.007698644950967171,-0.004413724980313465,0.006466551264014078,-0.002544548880085046,-0.047053012683665456,-1.258220483875683,-1.3765288670137223,1.6960225706385457
-0.0075848085573784274,-0.0044252400791123525,0.006368261959068379,-0.0026328973466880332,-0.04814690148261556,-1.3113259237613775,-1.3111466584773441,1.7470154109412737
-0.007495518482117405,-0.0043689912516832975,0.006250299690702877,-0.0026370651866344068,-0.04411571268606321,-1.3286876916829924,-1.2340176013238813,1.7458895134006103
-0.008192010964406679,-0.004379114971362267,0.006865458308599702,-0.0021200351928381826,-0.030940995006535996,-0.9766605639902329,-1.647326151009098,1.4240341133226
-0.008101789743295769,-0.004419099166989043,0.00682350044134642,-0.0022321044606203985,-0.03807186860395389,-1.042103486305762,-1.6202090592853604,1.4978253196103994
-0.008218232410058675,-0.004296146651883228,0.0068215083895520725,-0.002032249116327948,-0.0243315974538946,-0.9428603165566345,-1.6134084371323119,1.3670674118795767
-0.008003630460757223,-0.0043691385030719225,0.006704095223484808,-0.002273399459417715,-0.03884686613561373,-1.0885955572527772,-1.5366978893483443,1.5261456839577348
-0.008783261951462704,-0.004397591614146511,0.007292487607580042,-0.0015347908752314065,0.023186477605191474,-0.5409188264109385,-1.9388651756104487,1.014533718739612
-0.008696439399782626,-0.004332262841981958,0.007181671471683255,-0.0015906714780493361,0.015382289091115664,-0.6070561926452411,-1.859400318302205,1.0570789323535854
-0.00903173170706383,0.004326671635398596,0.007357964042770759,0.0012129980231488367,0.060380283757752604,-0.32942413218795125,1.9724534391302766,0.7879540117384866
-0.00894390746479912,0.004289162043622209,0.0072805945523829905,0.0012953173884264044,0.04819073800938605,-0.404053235746245,1.9191493881860382,0.8479615992349331
-0.008653985189738636,0.0042577050883249,0.007091066717201499,0.0015894481571817074,0.013119093940413237,-0.6334855326262384,1.7924044161854855,1.059645753578585
-0.008754080887979555,0.0042654254787384775,0.007157087828740219,0.0014897765230977814,0.024091004990418854,-0.5570250160302265,1.8365912961664812,0.9882699801783493
-0.008851504585865633,0.004265742390821308,0.007211517254453798,0.0013853528555228462,0.036093651295932665,-0.47932604633187187,1.8721501275509718,0.9134594517112259
-0.0029318702526229443,0.0042272616133469465,0.0021193012068789025,0.0031164897524259784,0.05732342441964526,-1.2914710765406845,-0.0556375861591803,1.508251921507255
-0.0033798624701202548,0.004354185910407936,0.0024664029761810864,0.003237607564128788,0.059300789227446964,-1.3317101400944564,-0.048617686614956086,1.5633839508495417
-0.004084940845992606,0.004571142581753197,0.003042411727858872,0.0034507213280301993,0.061542061189858006,-1.4170526354062194,-0.015316094676742982,1.6814612834138265
-0.004391468568925414,0.004550438205899186,0.0033078046361249614,0.0034445886915623887,0.05861258181352306,-1.4501615707867839,0.025640114222429202,1.727606340732305
-0.0038560459468983343,0.004286447876681325,0.0028535974683151504,0.003202975336817912,0.05693097875479474,-1.3700940368148304,-0.009509203059474834,1.615589716041218
-0.006839840042062108,0.004518691148092223,0.005677573034965582,0.0031137040677008793,-0.028594298580380238,-1.5536223336329618,0.8798818295531962,1.9705232708121871
-0.006684629979510587,0.004464722812347692,0.005497467157569582,0.003115032233101689,-0.01952032171765231,-1.5550707697176749,0.7823391824117683,1.9533760787261372
-0.006943670849343929,0.004393077442134732,0.005728261604015629,0.0029447901496742535,-0.03033636608653032,-1.4908751683419186,0.9142586798861221,1.8883697608374237
-0.0075207105698279885,0.004384674877659381,0.006283163902919288,0.002636112941613008,-0.045283846050579286,-1.3242106320723825,1.2556314200945753,1.746330612232015
-0.007374049093123589,0.004386210994334532,0.006145093796881688,0.0027254607695421837,-0.043456357010389364,-1.377492164010209,1.1667234083955382,1.7932051165476595
-0.007089425235521384,0.004353577640780338,0.005853315042303986,0.0028414043615844734,-0.0333652029607568,-1.446722546853225,0.9885116720364506,1.8428239530241408
-0.007241073677607565,0.004363712204164474,0.006005210572195272,0.0027764008083603644,-0.03934139179587041,-1.4114900146788762,1.0801728698006479,1.8165326137702975
-0.006511576270395459,0.004425226879591813,0.005308785018433986,0.0031296234600040464,-0.011547569406988726,-1.5565182403114517,0.6869067419748153,1.9367872632840033
-0.00583168103211943,0.004616044278171665,0.004670832343072207,0.0034609162998699215,0.02253081539634259,-1.6133785050610776,0.38563419908151775,1.980169689231156
-0.0059486710491658415,0.004494079986586369,0.0047637634542529155,0.003322258764944454,0.014499327871700001,-1.5843971665449654,0.43410792019563316,1.942873935022141
-0.0063124498838908576,0.004445189554451808,0.005115071646872085,0.0032022054112149927,-0.0026720097301516955,-1.5727544360206214,0.5913542386127865,1.945267985752487
-0.006117845690596143,0.004461183556354572,0.0049246806412252845,0.003260061693773461,0.00746813048612065,-1.5789006982573286,0.5041498242123749,1.9434965319865258
-0.00663992377606878,0.004327584036117141,0.005402500940718382,0.0029931074670776167,-0.017542074671443354,-1.5127560492868963,0.740116308338054,1.8823667348462216
-0.004690741629108245,0.004491695085495913,0.003571949887824948,0.0033979087148641673,0.053066000229397496,-1.4762002075028633,0.07961446539491136,1.7656439497701844
-0.0051273147075081155,0.004614518890104711,0.003980900419452038,0.003507955145436087,0.04727332319444844,-1.5457636520687739,0.16097049677834188,1.8672779662739851
-0.005366571995092592,0.004583927587604994,0.004206826525293419,0.0034697439107172607,0.03935188458867503,-1.5652670018494057,0.2286611354020329,1.898442137341794
-0.005610603158201203,0.004587631677618366,0.004445351377725191,0.0034561390576991484,0.030706413257415088,-1.5891907031500965,0.30552415412223827,1.938249478996578
-0.004959384476784956,0.00440962254847456,0.0038103409715225145,0.0033216700979502556,0.04578895876003231,-1.4909146374326394,0.1400007351866838,1.7874268210917403
-0.0026815007577432937,0.0038726022732429276,0.0019376903137185316,0.002836071901022983,0.05506505331510802,-1.266483969885856,-0.038653601521287724,1.4757105813232874
-0.004433007962942489,-0.0039646765919972874,0.0033284745853288584,-0.0029426105245411185,0.046308594724619095,-1.3861838159441093,-0.07991252638920464,1.6384180467695344
-0.004213594355401509,-0.0038967795633823733,0.0031440456144463088,-0.0028876207505365956,0.04780515459774045,-1.364735744855788,-0.05634775895322834,1.6078427993890858
-0.004333895446462598,-0.0037601726744845784,0.0032381624954447115,-0.0027744794502299343,0.04435701418422835,-1.358735232402376,-0.07797765487752749,1.5999151762312405
-0.0025099531717084336,0.0033614671696209344,0.0018162279207693608,0.0024480467277924224,0.05145258460137976,-1.2494109336430324,-0.018046943788964667,1.450280021883071
-5.263585803838305E-4,3.2721618668726587E-4,3.7871662871625074E-4,2.3544410907744542E-4,0.049547817716758154,-1.2082245248696033,1.0482971729640818E-5,1.3955403842713194
-0.002029065701363405,0.003010906263368299,0.0014637616892057175,0.0021817376350973436,0.0510009523730044,-1.2296807478028073,-0.013583916887050402,1.4248279875558707
-0.0010033321151145089,0.0018332060204750479,7.224735111487725E-4,0.0013204349451772816,0.04997614873527595,-1.2109014075791957,-0.0019813924450604466,1.3990917859716365
-0.0015826481461556074,0.0024247451304192347,0.0011407473308349522,0.0017504542414574365,0.0500691195902646,-1.217581382735953,-0.005528661460865597,1.4081353776773273
-0.0011044598269693978,9.767747533183677E-4,7.950962979025874E-4,7.032098169021261E-4,0.04912497588886173,-1.2093910128258794,2.6035918092174763E-4,1.3972036530499254
-0.008451319338050281,0.004305944000649984,0.006999355893494972,0.001823334460775688,-0.008171053129014576,-0.7878225095556256,1.7348251730212325,1.2220947524086796
-0.008552430759022078,0.004270097439204096,0.007037498206691515,0.001699788991252476,0.0021729814512051592,-0.7102991460561648,1.757773229849903,1.1371731338234825
-0.008362459556057564,0.004240383551469313,0.006884310599848886,0.00186140365799396,-0.01242783231808666,-0.8388785210394883,1.6529275694849053,1.2517087760564765
-0.008257609572119136,0.004189910438124144,0.006770321078919775,0.0019186844372288665,-0.016860912962118696,-0.8973143970988268,1.573182148636149,1.2936859890051602
-0.00794504044801796,0.004281215507446143,0.006592512287495705,0.0022466056179620067,-0.03588132675678452,-1.098380224965175,1.458398701809762,1.5098173968513287
-0.007825269132422836,0.00423886540665541,0.00646357948162416,0.002300428064944554,-0.035950308459526265,-1.1479031884438886,1.3712655158339138,1.5450894214151012
-0.00760823821240279,0.004273277818623792,0.006296406707855307,0.002478283484162,-0.0400833786999465,-1.2543886206914274,1.2632038633869922,1.652456836111334
-0.007708947189300083,0.004217914328821781,0.006350986269683295,0.0023633688177409503,-0.03738974610142603,-1.195335998627425,1.297179762524759,1.5837247740355094
-0.008143848950605773,0.004170077060184478,0.006671571074541276,0.001999779098803531,-0.022239989601582272,-0.9614467589416981,1.5061202323297165,1.3499288350259528
-0.008036536272222396,0.0042063989000396896,0.006614566069411805,0.0021142983135333487,-0.028847223483906632,-1.0299573638749948,1.4702135365976046,1.4245875150389098
-0.011654061204231589,-0.0050115751240402745,0.007571411339351824,0.002501223033597642,0.6566206491729595,2.409914334892223,-1.805336123404649,-1.5957886039153113
-0.011688449893093691,-0.00501945654572833,0.007547954836739202,0.0025491908388269383,0.6586499535525414,2.4394156080257434,-1.7797722770519726,-1.623022863509479
-0.01164161875715922,-0.004980752975999216,0.00755108518330608,0.0024586565343203835,0.6444657264986963,2.368276899371304,-1.7965120279553362,-1.572194026747204
-0.011615368467516898,-0.004966665081556824,0.007559981453660221,0.002414955658143189,0.6392137015954013,2.336788355387735,-1.8099130386611646,-1.5474479343472956
-0.011585108156517721,-0.0049603710355624765,0.007579906266568723,0.002373143409583107,0.6370976545409981,2.3109100613356626,-1.8312868751712787,-1.5234306365242702
-0.012800105228267206,0.015339421836921972,-0.005793135355427588,-0.0030243898368960023,0.09755337521171303,-1.4553563089829826,1.5263690991778465,2.043287431856624
-0.012937438693632354,0.015252316333060617,-0.005720773409523905,-0.003186521413680476,0.09996696009779249,-1.5406036978638924,1.438829004286156,2.1340324146012795
-0.013096624576009337,0.01521958694028114,-0.005570174481410661,-0.003291314486222746,0.09785566422735022,-1.5933972685719626,1.316803401230304,2.167824436076448
-0.012763524933842705,0.015513399291313373,-0.0056721431091954775,-0.0028264487638765914,0.08608692970617858,-1.3574511371050415,1.5050330754650203,1.8934669271634237
-0.012686709076076995,0.015696216261495873,-0.005577634035142837,-0.0026114227847304845,0.0761881965075512,-1.249081146376996,1.5032409100945325,1.7404702791276123
-0.012437427562793002,0.016004170741950482,-0.005497940735709754,-0.0022089783979549788,0.06315539677409175,-1.0354268622960496,1.5504083709257024,1.4705061060134843
-0.012591867543004027,0.0159814417394395,-0.005396202504325413,-0.0023139142899758023,0.05970540279229118,-1.0999067591755118,1.4717303000272461,1.524712779660726
-0.012686492907358899,0.01587723762456115,-0.005412395993599672,-0.002450960578827086,0.06543897402764991,-1.172518654717645,1.4489393054569217,1.6137357057576316
-0.012355851252103216,0.01619613203172487,-0.005373604884417291,-0.0020175743445171803,0.05409879872698448,-0.9383237938093395,1.5228209492194777,1.3338889077796467
-0.01225426213183852,0.016413613293050574,-0.0052337800782443255,-0.0018113902423942698,0.04500011427910541,-0.8329182641593801,1.4895874801321762,1.1878268628986708
-0.012141672946673301,0.016633632672760953,-0.005092726124859046,-0.0016141829056023152,0.03740908281236487,-0.7323843050436277,1.4541505458835957,1.0515663322313953
-0.002400130167080538,0.022600816433052853,-4.742418818028293E-4,2.390481590023668E-4,0.2849748951349543,0.3593295499101648,0.1638168566738185,-0.3432147195505557
-0.003133578238629604,0.0213609152280266,-8.939075535067963E-4,5.17159281776475E-4,0.19691762987907863,0.5174499878787712,0.21367269017920834,-0.48474728833627484
-0.003960642531813139,0.02054774476285562,-0.0013419742056733274,7.280274513273062E-4,0.13955884967965548,0.6093530366441319,0.28355811666640074,-0.5627446908646304
-0.004760280594574525,0.02032907044319384,-0.0016645122492725069,7.488928425686642E-4,0.1160061270693447,0.6132652858735393,0.3552958437063183,-0.5607764141829393
-0.0053376248975990455,0.020130238983960647,-0.0019196654809535852,7.635344126012148E-4,0.09737412273452634,0.6166691322913045,0.41473516661172083,-0.5589441803458156
-0.006215675215247206,0.01954267812244146,-0.002452113599346038,8.457527797682146E-4,0.06165419758571768,0.6549826755880558,0.5366685456031696,-0.5806102286965739
-0.005888021229999284,0.020191940634554668,-0.0020627187554015567,6.875559311326561E-4,0.08930218556166845,0.5743709280728312,0.46441952200991726,-0.5169907791759903
-0.0075249815804973395,0.01922882966213862,-0.0030147530761180734,6.862159191031995E-4,0.03619002729837297,0.5718320940879126,0.7250116649562516,-0.48192366439501255
-0.00700275252772886,0.019493587969614052,-0.002720088776097813,7.247591851760449E-4,0.0489847892386866,0.5894486902388429,0.632063752698587,-0.5112647813575557
-0.008514353128498306,0.01882940676006352,-0.003508663757919469,5.008548199870283E-4,0.020075674523636265,0.4743384201938921,0.9068088425073214,-0.36377125311689107
-0.008066524336196635,0.01920911722425719,-0.0031607234195705114,5.535840174178062E-4,0.029544454940505786,0.49288929007999094,0.7904453765428548,-0.40141523712406973
-0.009282719713632271,0.01833255473344328,-0.004010081504291403,2.902153925563177E-4,0.013913964224670115,0.3709908831353383,1.102034372191663,-0.22756159375616516
-0.009017365116047282,0.01882680841628621,-0.0035959635041029167,3.293123127529531E-4,0.016318421394159,0.3657777847888288,0.9572103644491889,-0.25359347346343597
-0.0029759818997380713,0.02382096232631349,-3.024473020992254E-4,5.862154582871725E-5,0.35960638224496905,0.18419637480533968,0.2161307463382963,-0.17602850746459905
-0.0035952450336353328,0.025,0,0,0.43486327057762275,0.011090844983428527,0.2930143610337019,-0.0024414612775415616
-0.010866634888830714,0.017622401806773408,-0.0046119666758879406,-5.170229773640004E-4,0.01595199877385864,-0.10582042097677234,1.3576948621264073,0.3129883639783348
-0.01064552872235653,0.017900508615475073,-0.004391403292132168,-3.5849366823214186E-4,0.011273163946535972,-0.02593203192279873,1.2727506605828476,0.20692110513877404
-0.00977921954216576,0.01830238996161639,-0.004075771109631514,7.331543903102737E-5,0.012474398875287838,0.23144820509791666,1.1439316389221084,-0.0833081319647072
-0.010293623305129992,0.01821814380544075,-0.004144953507779541,-1.617371216734427E-4,0.009055055188192553,0.07935798779185414,1.1795433159915973,0.07414613544445715
-0.011764472159086945,0.016921578180508674,-0.005008688589471565,-0.001249725214987671,0.029668982286836374,-0.5234222713304842,1.4693241901414333,0.809605471979511
-0.012003646276358967,0.0168301201612564,-0.004981958499975175,-0.0014307711843042539,0.03167314335557808,-0.6354644229731122,1.4304821270257775,0.9263918220017334
-0.011633815590869068,0.017197371728685296,-0.004799551995364477,-0.0010623663754051064,0.022245194923383112,-0.43159931065362217,1.396406298116277,0.6804883787250605
-0.01142424646499869,0.01745472697217693,-0.00463256776539077,-8.611090028440939E-4,0.015988147493238524,-0.3251244826600855,1.3445252793462605,0.5433010428002274
-0.011172724885794313,0.017644072028914617,-0.004528498026363618,-6.769530452832249E-4,0.012838378124887553,-0.21890506960333428,1.3152832243778398,0.4202886714169821
-0.013602261967924335,0.014518379700141826,-0.005401031719819525,-0.004301337554800289,0.13855398886993872,-2.0361950201440653,0.8872757582928049,2.742920018369707
-0.013553213466764523,0.014592903026295624,-0.005428458997688376,-0.004194185668616324,0.13399568827978373,-1.9940813247187463,0.9415535714167645,2.6866152182511924
-0.013388912908365889,0.014715289026568558,-0.005575510862679823,-0.0040005957307218745,0.1296170663813961,-1.9216621731581556,1.10063869806474,2.6124183918017003
-0.013351235311231849,0.014785819183949552,-0.005579234830951642,-0.003899194607899624,0.12386959277434514,-1.8766610653827958,1.1357381601533676,2.5507600930394445
-0.013491098471218441,0.014682359510580598,-0.005460800577448861,-0.00406493982113391,0.12858966885676662,-1.941905357625419,1.0059178181059572,2.618064519872466
-0.013321114905928931,0.014879364249095832,-0.005554744133720725,-0.0037720179963514166,0.11794314449456178,-1.8179849176111706,1.1606526462572437,2.464741512686434
-0.013264614032505475,0.01501913622679749,-0.005526464158507571,-0.0035836705911968074,0.10856092627933688,-1.7310745715969806,1.2025214640222524,2.3399782292059705
-0.013244911147714427,0.015179808339830235,-0.005433305903860985,-0.003389989481681581,0.09608595929972062,-1.6385111767943832,1.2051381014473757,2.198118246260808
-0.013691535859968521,0.014504699949812492,-0.00528598170362489,-0.004327131082694907,0.13577885653804536,-2.033832257933671,0.8053534996302512,2.718819967686992
-0.01376527525511445,0.014474875240655632,-0.005199484550621369,-0.004370645643874029,0.13498948931541713,-2.0407248260780793,0.7356968299759146,2.715143547454844
-0.013893188518529977,0.014188633097294547,-0.005127755150689649,-0.004764602746213744,0.15635033045954946,-2.1807849968667017,0.5448651058538513,2.920067633414312
-0.013849685459347682,0.014273748885962632,-0.005161608359897561,-0.004647159691177252,0.15016713633266793,-2.1421264496774017,0.6099844172070419,2.864498243073109
-0.013858940719017915,0.0143550852621516,-0.005119496356265411,-0.004533355201938121,0.14151960331448718,-2.092245483007932,0.6263735605767772,2.7812001226625713
-0.01384506808546082,0.014445555428145693,-0.005104001249458299,-0.004410670766378731,0.13386366333850339,-2.0431079788926994,0.662231841213002,2.7042744011625257
-0.013998425505432534,0.014204981640824746,-0.00497446998862379,-0.004728855400145739,0.14890964746458327,-2.140548055704954,0.46256578946794874,2.838554455786231
-0.014049575313640539,0.014136767889246563,-0.004920355077883503,-0.004816095146246865,0.15292855388010015,-2.1611493205616163,0.3957105716718172,2.8659509030006407
-0.01438696942371314,0.013590818935906164,-0.004484329456515835,-0.005482530403330147,0.18398293335273205,-2.2691038855919987,-0.14008997688050326,3.0365517689948276
-0.014112789349023195,0.014052732312706954,-0.004849197876798716,-0.004921348237803796,0.1567225719568445,-2.1833557871219784,0.3109435419843214,2.895526233328593
-0.014132717948110336,0.013959021053891183,-0.0048364149424915135,-0.005049448042340857,0.16515193099168138,-2.224005464233852,0.25180383366322956,2.962556088914653
-0.014208748524294403,0.013923588936460021,-0.004732730691968144,-0.00507830808337547,0.1625392118854019,-2.2098440995935595,0.17756203246217425,2.9324241725853204
-0.014271115930220478,0.013727948085825852,-0.004655525987818743,-0.005336476299330129,0.17882831173892155,-2.272899214921288,0.024358838857392835,3.0402185897210754
-0.014235451996553503,0.013859042984147729,-0.004700779203381324,-0.005161407925413669,0.16825667532342012,-2.2292639382541313,0.12446950821500868,2.9642636174670436
-0.01424266707437109,0.01379275090635595,-0.004694627963678134,-0.0052537393190186495,0.17336840502639023,-2.2568739370157633,0.08206040761331573,3.0127488073932684
-0.014341205022692543,0.013708957154380216,-0.004554930885046275,-0.005334847650370327,0.17542750416285144,-2.2452110985163234,-0.03549061037294304,2.991103075661282
-0.014406675774399382,0.013662920253621848,-0.004460909224611435,-0.005370932993794445,0.17516350278566084,-2.2294423432414163,-0.1062780717340558,2.964438444684816
-0.014443231832396491,0.013540673131067146,-0.0043994276973909644,-0.005525554706517354,0.18401752197060592,-2.255953036875647,-0.208606078605334,3.0166072416195706
-0.014504003814142704,0.013486649135613673,-0.004306765310227043,-0.005568779450861743,0.18447970507500563,-2.2388209730747355,-0.28131443927440536,2.9916673610251663
-0.01456327837218971,0.013429382603242954,-0.0042145863070474875,-0.005614312010592434,0.184753930437887,-2.221184315346859,-0.35409382456195176,2.9672598281853397
-0.014614942955671712,0.013371554569883176,-0.004131563969310892,-0.005662271749378168,0.18586597073347644,-2.2057810428707048,-0.4221584042338505,2.9478818651232666
-0.014662480933566776,0.01322639251795389,-0.00402852546686338,-0.005829180946277711,0.19537451223664762,-2.2115718803990023,-0.5547095991666956,2.9775550285710604
-0.014676774912392273,0.013312741108326292,-0.0040332676016218705,-0.005702119138260817,0.18603717799298916,-2.1811537275929784,-0.49499002732130437,2.914867349045856
-0.014712746892189876,0.013098661247191447,-0.003917393105866618,-0.005965828070093383,0.20300809788397486,-2.2025311693070164,-0.6786637407073436,2.9846633452129727
-0.01472921492799157,0.013178093698307213,-0.003923004135161339,-0.005846344953372411,0.19360412926222503,-2.175944989667135,-0.6207444770730834,2.9266847774812947
-0.01479729061073275,0.012969197067714483,-0.0037516759071315156,-0.006070621973888885,0.20641422237885096,-2.1599655047139272,-0.8162697095014789,2.940103764261835
-0.014763524421239006,0.013041752281488734,-0.0038272177314902698,-0.006002179520311291,0.20264404959180007,-2.1752150687665233,-0.7442999448217789,2.9503914300083416
-0.015111343902709344,0.011835198158648707,-0.0025368276500800126,-0.007073241713038622,0.2538890194401801,-1.717632045092371,-1.8909153227771311,2.616304317028364
-0.015144696606458317,0.011785068565296515,-0.002452359654092747,-0.00707615379744534,0.251079228859862,-1.6676822908943032,-1.926915212532029,2.555793838559461
-0.015126311919151645,0.011887244106248536,-0.0025737418323760436,-0.006999777393939172,0.24809363359665995,-1.7299056414448872,-1.836955702550824,2.608100404974794
-0.015074217385384833,0.011975483448528165,-0.0027136733631458985,-0.006978331906039701,0.2507460027479436,-1.808090958220657,-1.7664987512703012,2.698915764550573
-0.015080918356575693,0.012040225572120125,-0.002767086747129879,-0.00689989421474062,0.24533055706776655,-1.8273040021118414,-1.7025630687552835,2.699237998197599
-0.015079456320773272,0.012100175199916437,-0.002822795585155896,-0.006836531992123405,0.24138034930402177,-1.8492526776981089,-1.6453630565079946,2.7082390546798085
-0.015068794909087954,0.012157718832881435,-0.002884790687872334,-0.0067863767991507016,0.23881422106204406,-1.8758468631715608,-1.5921549654579084,2.7276914349309007
-0.015135896538797902,0.011947080427508071,-0.002621900041562998,-0.0069255676585736935,0.24300034117138333,-1.7481222306777602,-1.778093053504936,2.6077339917866045
-0.014989364504288083,0.012425828855716995,-0.0031895501602730897,-0.0065700013113041385,0.22981081344555102,-2.0004361167926086,-1.3417720513930853,2.831023793381981
-0.015103533745615719,0.012208305998556466,-0.002888810605636184,-0.006687433649889247,0.23035108835764184,-1.862761530159031,-1.5402140609452981,2.6831736271855746
-0.015030062765939857,0.01231647549062189,-0.0030590345182085095,-0.0066524319556911385,0.23267154824952116,-1.947415532026499,-1.4447593899389697,2.7830479926418956
-0.015071356747056501,0.012266038176193414,-0.002971801741220564,-0.0066614852750156795,0.23061389820525055,-1.9029661706505807,-1.4895348074506478,2.7277844322865588
-0.015046739137305898,0.012385226331895031,-0.0030919458419601587,-0.006553215434688678,0.22529125866904767,-1.9478191606609092,-1.3798143082329848,2.7575315455127836
-0.014896241823898985,0.012640098738825756,-0.0034488352626202497,-0.006405091300615715,0.22404061974668357,-2.0959359176252046,-1.1332097764265237,2.9196573080834356
-0.014909418170300148,0.012702797719181692,-0.0034698355187455306,-0.0063126085523531605,0.21673351210412953,-2.0877404948345455,-1.0777335550068639,2.887589236314368
-0.014988366106826731,0.012494531800532813,-0.0032394903913432623,-0.006488431589038587,0.22425769559499262,-2.0109168816879355,-1.2774415367816656,2.8245638193055
-0.014940319477974437,0.012592484833516333,-0.003363589324150502,-0.006419490164198877,0.2224407630166996,-2.058319029050297,-1.1828248063142102,2.8718439754872445
-0.014979593725253443,0.012551545369085162,-0.0032886224008180677,-0.006428691497284896,0.22070926330338772,-2.0239249284875593,-1.224250711521923,2.827594367580134
-0.014843472729147874,0.01291674707936837,-0.003667258594215099,-0.006099572104659416,0.20537668480976384,-2.130634045607164,-0.8745113710693889,2.9037267658491746
-0.01485569420649182,0.012856861258388197,-0.0036222865711685597,-0.006166298018472253,0.20939703794135175,-2.125661304815866,-0.9294525269478567,2.909345413847202
-0.014872003366085082,0.012799081200975735,-0.003571307285509271,-0.006225775401246453,0.2130538309274686,-2.1156924405036164,-0.984317967590344,2.907801112776246
-0.014921943515249142,0.01276854167734089,-0.0034912464828933732,-0.006217601230848497,0.20976639941621622,-2.0779301559363073,-1.021523679336358,2.8537670796955985
-0.014958686669667466,0.01272920647753655,-0.003423402372329596,-0.006231568733799273,0.208987109879163,-2.0499831462418476,-1.0622153812724435,2.818295529994878
-0.015185778961006266,0.011510603474622322,-0.002115294435299477,-0.00726850862662399,0.2586152411635471,-1.4807574888311257,-2.1595129637830808,2.395325303124714
-0.015183159312379244,0.011547667789742755,-0.00215977802853673,-0.0072402982806196465,0.2565869082463295,-1.5059772184792646,-2.1278305386896883,2.415526181558519
-0.015233928753426301,0.011451924790669199,-0.002007433293082467,-0.007244208285382004,0.2528717898337669,-1.4092165639562515,-2.1852609192687855,2.3025063131026156
-0.015220369550514054,0.011492315637086432,-0.002064992538171374,-0.00723145301265824,0.2531761099301955,-1.444849125149676,-2.1577532835772173,2.340060755581203
-0.015206966365873471,0.011583574684406314,-0.002179021473251143,-0.007173181862282698,0.2518723658281479,-1.5111145830375732,-2.084501208280035,2.3987726146244683
-0.015212276665817544,0.011623419513510855,-0.0022180347142249823,-0.007130076266246515,0.2483615351103273,-1.5307373132849023,-2.046945254782877,2.4080067254984576
-0.01520227558331569,0.011735697653579003,-0.002346231378467689,-0.007041924694844159,0.24460920474149098,-1.5996259045383507,-1.9509578630215236,2.4620725554944793
-0.015228341429591945,0.011670642116554447,-0.002254189217597601,-0.007064441949755625,0.24393280893306596,-1.5459425498924249,-1.9981784944617347,2.404528474303762
-0.015262874304202674,0.011298591544800946,-0.0018040350369969442,-0.007318514953697344,0.2533938779325579,-1.2835669009488182,-2.2953369367687304,2.1823008790100693
-0.015289988823108846,0.011447759450987648,-0.001957607632606381,-0.007162444846731044,0.24320177575714527,-1.3699414071980172,-2.1582210129310124,2.2285492847716313
-0.015292350670157875,0.011352207014018893,-0.0018457113307826054,-0.007232574400443303,0.24632783607604544,-1.303736292424561,-2.2344554022861343,2.175479899658761
-0.015308509545107058,0.011402415713284776,-0.0018915850304664391,-0.007169738258668136,0.24159526962758876,-1.3280133334261575,-2.184783429828561,2.1821808869419894
-0.015273567488141779,0.011205068312156154,-0.0016822753725394934,-0.0073684452618856,0.2543122247207478,-1.2065053717610104,-2.3623909000399674,2.1118233054270354
-0.01530155874178725,0.01115341505146099,-0.0015994051648042624,-0.007358277147806053,0.2508513381303637,-1.1498039095846695,-2.3826272996376505,2.0437629112485016
-0.015294040934565822,0.011252970472786786,-0.0017264572492741396,-0.007302296122745762,0.24910649988991662,-1.2307041181378329,-2.311748667381614,2.1158317617623386
-0.015316670384102038,0.011028189417214933,-0.001432226368498144,-0.007412004920696403,0.25113711789048493,-1.0392826554265868,-2.4622422036835387,1.9387632877103858
-0.015320204413793394,0.011070743759534237,-0.001484105774652923,-0.007380601025536935,0.24934456294852206,-1.0729602277920087,-2.429570808159617,1.9649899592476812
-0.015324408067093395,0.0111146678701505,-0.001536499537286781,-0.007346443452632174,0.24769510597176944,-1.106227514373598,-2.3951438860460716,1.990285442681738
-0.01532377649900841,0.010933078090646834,-0.0013055600546618385,-0.007454151893031745,0.2515359572089157,-0.9537733323833807,-2.521495327172125,1.8591475874978212
-0.015338760976466987,0.01098633541540802,-0.0013659930217409361,-0.007399831818708075,0.24792140248192135,-0.9926234438111966,-2.4742792698824627,1.8822762695862214
-0.015305089634108733,0.010196715113222113,-2.8743523430188334E-4,-0.007734717597398802,0.25454511876822267,-0.21729594049381307,-2.9065174867453147,1.1854818230080957
-0.015284348002310022,0.010123974238308622,-1.8317897961447834E-4,-0.007779587309186633,0.2569790750260416,-0.1380128135522891,-2.9500603214161853,1.123023706797138
-0.015302807816436156,0.010090881932736212,-1.3358303584119836E-4,-0.0077478531678069505,0.2532606152984783,-0.09936863798879969,-2.9383171759750586,1.0712313402547298
-0.015292317633593861,0.010054169135723299,-8.030768445608446E-5,-0.007768534070248535,0.2545011375632575,-0.058466510281311494,-2.9585098945168946,1.0383495001635963
-0.015292222814470373,0.01001350127838671,-2.0672498746717595E-5,-0.007769364938006944,0.25381215389500195,-0.012296789853938414,-2.9672044635511514,0.9924358400291248
-0.01531993047773605,0.010157786879200433,-2.2949620386426045E-4,-0.007711854096007523,0.25151389380636924,-0.17255934694953742,-2.9020544019504446,1.1308062266133094
-0.015147157801192713,0.008936046904975738,0.0015826004878342831,-0.007664655556682577,0.2517814559186096,1.260169687259748,-2.978634167357676,-0.2431148577314848
-0.015150574831955246,0.008906628653770269,0.001619628999569439,-0.007638451248969829,0.2507665035365571,1.2883542830156245,-2.959638220349252,-0.27809993497117474
-0.015180177747449473,0.00895710433269668,0.0015322623636488434,-0.007621244330700399,0.24744984782800256,1.2168196358996208,-2.9508663272902527,-0.22191951191908893
-0.015197970766538138,0.008989527810934974,0.001477420706433089,-0.007611336312545104,0.24565870929002262,1.1720072146769285,-2.9456819585974934,-0.18614195637224865
-0.015210290869257787,0.009017499382722914,0.0014322653655554146,-0.007607429572560992,0.2439805569025595,1.1355256423663642,-2.944122331573622,-0.15521240418380422
-0.015205609476773524,0.009185038976961041,0.0012055285933866148,-0.007711250127820777,0.24829825592599233,0.9583880711805969,-3.0146641955997198,0.044628599287314184
-0.015217107571514676,0.009151182323961908,0.001246412638875618,-0.007672772659322571,0.2459359231148692,0.9895949474946572,-2.989429342015964,0.0011893693847034217
-0.015227177785827379,0.009121105098510938,0.001282182791263443,-0.007638544089580946,0.24368022818860222,1.016714231199911,-2.9667682298789675,-0.036663100112914404
-0.015203655769484264,0.009053439298864735,0.0013878324604605975,-0.007640848911670104,0.2460039893852928,1.1017347738282621,-2.9671846976583005,-0.11210543324062591
-0.015216430617308822,0.009091302507289439,0.0013288738899391295,-0.007640634035685988,0.24482779136896174,1.0543698329747053,-2.9678042670021934,-0.06973712529027139
-0.015220302480599926,0.009342717263991216,9.755454177260203E-4,-0.007759655076540098,0.2497616524134291,0.7751736047953389,-3.0422481809488624,0.23168364076457706
-0.015218082020935199,0.009314296771612364,0.0010170763233121338,-0.007751322463323179,0.2493662449630145,0.808267101245775,-3.0379746306434736,0.19781275218367103
-0.015213776042589243,0.009287868448023593,0.00105662276923475,-0.007747166823612495,0.24938111245135,0.8399262291700903,-3.036207901549076,0.1670445058786347
-0.01520702832792462,0.009263355859060978,0.001094583909433176,-0.007747875558422034,0.2499310956833666,0.8705143005234758,-3.0374402461794117,0.13932104725963299
-0.015217423130901755,0.009239491445626068,0.0011232611464050274,-0.007717626526050567,0.24779190103023563,0.8924436800912456,-3.0180673652683185,0.10715128432496158
-0.015232921508941438,0.009210820428727645,0.001155640004475565,-0.007675730794442626,0.2449183511398194,0.9167511978082752,-2.9910131330322898,0.06840730681189357
-0.015328967727080799,0.009995785716221178,4.99154653176104E-6,-0.007702269231676822,0.2471544874392411,0.00800514592565302,-2.9297056436822735,0.9451992118953091
-0.015328790046307904,0.009958570897969907,5.871297869780663E-5,-0.007701832925620226,0.24667511443379067,0.04973565669728248,-2.9362766230995554,0.9035125071717655
-0.01527325344056758,0.009706545419531316,4.314746102427359E-4,-0.007775250414930874,0.25038511738812996,0.34194334515097796,-3.020733079892033,0.6469992880011274
-0.015283546571274852,0.00973617686957401,3.863191684485544E-4,-0.007761762526735689,0.2493441891660408,0.3061272062749896,-3.0083252415812134,0.6761816968887876
-0.015288945000244053,0.00976730923017079,3.4002860295157786E-4,-0.007756935456321077,0.2491429524503395,0.26956690842112335,-3.00101021910481,0.7096862225882767
-0.015278574402693897,0.009835537406646912,2.4150399805243376E-4,-0.007784956085919894,0.252487867414191,0.19230973333140766,-3.0084426664479333,0.7963366251398735
-0.015290087123726566,0.009799622298814111,2.9272095077169944E-4,-0.007759446838800438,0.24967790092152198,0.23235615953578612,-2.9979551929491515,0.7469308192502865
-0.015329090416393906,0.00992406401614455,1.0848289686224236E-4,-0.007699828549400809,0.24599324743172882,0.08837336011548569,-2.941087366442812,0.8644259899063026
-0.015327467031888708,0.009890426025466682,1.5709663545320973E-4,-0.007700633824421954,0.2455988894408235,0.12617674254934363,-2.9471958198544486,0.82741221293755
-0.015325409766907303,0.009856182966239871,2.0664625233065596E-4,-0.007701460374937558,0.2451967652300758,0.1648144914534353,-2.953169029198831,0.789731265379033
-0.015239035993673641,0.009507793037248953,7.303074707163612E-4,-0.007787121369226195,0.250997762782931,0.5795631203398716,-3.04944702039402,0.4252793172673428
-0.015261100997012257,0.009672963719321895,4.8310160985494123E-4,-0.007790780636275711,0.25142699447752787,0.3829772885927494,-3.034822367911279,0.6137733336385179
-0.015242980521228904,0.009641111216583786,5.339949873138442E-4,-0.007817038028647484,0.25399540703834284,0.42380005294533823,-3.055480844504672,0.5854078098170837
-0.015256525021938576,0.009534609504541297,6.859415739034514E-4,-0.0077634401226549495,0.24881380750415477,0.5436567402790451,-3.0317727999188353,0.4495934995902385
-0.015252961150955585,0.009570352684692415,6.350582610494204E-4,-0.0077803717303475545,0.25052715464570446,0.5035056418804902,-3.039368310593193,0.4944537217733468
-0.015263264747475686,0.009609165863752985,5.757880273896068E-4,-0.00777183658858088,0.24960299718079176,0.4563544652798576,-3.0299376746321522,0.5359262959434217
-0.01530557177479721,0.00968050635061603,4.6281724028484126E-4,-0.007711055386944786,0.2446534681585346,0.36589461119181693,-2.983110994949516,0.5980733767936132
-0.01525621956854585,0.009356165049230638,9.414034970001084E-4,-0.007700357390904648,0.24471775704340146,0.7460186063846073,-3.0028164680168534,0.23492508298760753
-0.015259476796942494,0.009475934717450906,7.696078024471797E-4,-0.007739289496825462,0.2470701544245504,0.6098423497192624,-3.020887088129428,0.37743630661341715
-0.01526593998996678,0.009391003388677805,8.882975455621916E-4,-0.007696792588204435,0.24400987454450365,0.7033966920947602,-2.9987304652487214,0.27304387999433294
-0.015277540610445867,0.009435597567260482,8.208366812972757E-4,-0.007692564425125774,0.2432161195638653,0.6495265431816718,-2.9934291580021646,0.32164134825475693
-0.015376879440657194,0.010730618047413012,-0.0010135572618766159,-0.00746210771751618,0.24448145226203674,-0.7471582136641234,-2.6012483752840367,1.6364440125466473
-0.015357683450366005,0.01050186934906893,-7.09957094647685E-4,-0.00757727930779051,0.24805073724690066,-0.5308949003934686,-2.735328526204303,1.4490082127296093
-0.015368384668502634,0.010555356312309312,-7.802729798637658E-4,-0.007542044280454031,0.24628761880010236,-0.5813847893048222,-2.7001459260001943,1.4889906880504622
-0.015372216782993707,0.010643962036424334,-8.994026802527012E-4,-0.007504470910755596,0.24566232576548375,-0.6666212979899154,-2.6521856768213756,1.5656976712433937
-0.015389251707977822,0.010600551838672954,-8.347102551017162E-4,-0.0074908789781964556,0.24281166749465571,-0.6191676235933545,-2.6589274635848428,1.5100473672846444
-0.015402291438885895,0.010684844571141584,-9.425653438820688E-4,-0.007437613355357086,0.24041164865877665,-0.695058823891027,-2.604176430302377,1.571439865901721
-0.01532975342570509,0.010320245223847122,-4.614085166425897E-4,-0.007671055139504418,0.251862716643213,-0.34801789074383965,-2.838601835863147,1.2944476193832883
-0.015349709036099423,0.010360359313684734,-5.142407772243851E-4,-0.007627350107562416,0.2486410260125144,-0.38671083548361557,-2.8031256879755233,1.3174544784760427
-0.015365195054002682,0.010410913660489164,-5.815791430874339E-4,-0.0075884761208374184,0.24625830280872993,-0.4359870918099186,-2.767601583650289,1.3537426059008077
-0.015390690290804393,0.010464554736793242,-6.49239809553458E-4,-0.007530205449631749,0.242410692676189,-0.4843838945791928,-2.7204817878764076,1.3823300972242683
-0.015331991411901821,0.01023232539673516,-3.353547211986405E-4,-0.007681500444792349,0.2504367234821034,-0.25283313099879384,-2.866783183024093,1.2006270884349959
-0.015350965866879904,0.010276942814731323,-3.960932674002027E-4,-0.00764078312496714,0.24764181176433067,-0.2980315020732456,-2.832302003008085,1.2310670795426615
-0.015346148575593608,0.010885286595370016,-0.0012315195272452498,-0.0074418870390217185,0.24828969254768699,-0.901018873038513,-2.5345978904457502,1.7964727014120336
-0.015362122230151815,0.01082176239986739,-0.0011405405124058753,-0.007446344133560786,0.24613182253314528,-0.8370678664187248,-2.5607771157682504,1.7280624989958482
-0.015404392456714133,0.010775934063735768,-0.0010613382442334054,-0.007396383110472679,0.23964600685625212,-0.7783896628334861,-2.5527118641735496,1.6463784960382435
-0.01512054943173437,0.008851661751363583,0.0017141785881201973,-0.007651181145916153,0.25408791883623044,1.3656866123238967,-2.964439367960312,-0.3406674078152841
-0.015133993803735826,0.008818537749431976,0.0017477878407800623,-0.007603447939177527,0.2516508017457322,1.3893728895284445,-2.930455468829777,-0.37966244932037924
-0.015155239082952623,0.008875961096681356,0.0016569829523961513,-0.007608821557527482,0.2497054683910873,1.3164754537503283,-2.9380925144978742,-0.3142289056932864
-0.015147804039066815,0.008779728219611647,0.0017875697063867023,-0.007550641679333677,0.24921205936888804,1.4172868708429862,-2.892268491471493,-0.4241327647911986
-0.0151408945852706,0.008736499989862189,0.0018480257863219367,-0.007528800946463419,0.24948238720271534,1.4642459345241685,-2.8737455014190316,-0.4728683489172287
-0.015076580541566333,0.008666212086139288,0.001989604689178415,-0.007579467646301362,0.25790828536329724,1.5828983382459734,-2.899133484411532,-0.5550068747679697
-0.01507086737402193,0.008633550962009106,0.002035685871918585,-0.007561100009474496,0.25841372127005485,1.6183937753188733,-2.8829565203707577,-0.5920929143249635
-0.015093278427293034,0.008611333892524916,0.0020439400023615642,-0.0075046723156061675,0.25492616794683887,1.6196882148405596,-2.8430678876925106,-0.6144817904993253
-0.015088026609793033,0.008582287416449503,0.002084179887972232,-0.007487951146664547,0.2553967219822346,1.6504668176858257,-2.8281249111302773,-0.6467122200043179
-0.015080280901990373,0.008549527087403974,0.0021309152095921624,-0.007471465313649346,0.2562586648546232,1.6863333735102588,-2.8125852500394575,-0.68299969688546
-0.015069914017581171,0.008518978867239438,0.002177139992360868,-0.007460568126297313,0.2576102660155411,1.7223093936582126,-2.8007555531834467,-0.7171708414397352
-0.015058209758576977,0.008488406330393503,0.002224493321400274,-0.007451163495000864,0.25884687509201404,1.759340508124078,-2.789639508726913,-0.7515201204703557
-0.015046054062111633,0.008463043343270532,0.002266050422788729,-0.007446766757282305,0.26076996752298354,1.792182813704273,-2.7824192475095435,-0.780421224402542
-0.015050272173157214,0.008435515266931032,0.0022943255485348897,-0.007413695278047126,0.2599092276091463,1.8111309410344785,-2.756236352284647,-0.808207370675302
-0.015111282283071499,0.008678211807867235,0.0019454571601593745,-0.007531348843220692,0.2530412127684341,1.5427506716789627,-2.8689908977133736,-0.5391704343577423
-0.015136828295163674,0.008701956404343816,0.0018948154296129695,-0.007508131687026284,0.24966861843911828,1.5000785815514655,-2.8565967028629227,-0.5113743045522787
-0.015003529341945545,0.008349597132773712,0.00243965843719283,-0.007402458919544796,0.2662171173631189,1.9261328164593776,-2.731999533893515,-0.9068866601028996
-0.014969071328311892,0.008337678413232946,0.002488748243282041,-0.007444380521440368,0.2712554742958879,1.9710219682505075,-2.756243177763389,-0.9280838518198714
-0.01504589416426799,0.008397199479608207,0.002342875073545395,-0.007383475765290568,0.2600919767899503,1.8463233148259397,-2.7296227463459464,-0.8482395564736621
-0.015035270127040333,0.008364471295630276,0.0023907715704785865,-0.007367788900028942,0.2619668835035267,1.8825791822966103,-2.7131370464241633,-0.8836960889410115
-0.014884506090316909,0.008142955307190204,0.0027971063709486235,-0.007360788037008834,0.28444220557849587,2.2072722671528915,-2.654685449123202,-1.1476165252587502
-0.01484466540626623,0.008011729155935492,0.002979642127669836,-0.007263721735758453,0.2913207263661934,2.3369991571153084,-2.5551671339914845,-1.2831700748889219
-0.014849483413234924,0.007982669057254662,0.003002439662241845,-0.007221372880431328,0.2906627617620947,2.347500807570978,-2.520139202006401,-1.3058595407780684
-0.014884710350158913,0.00810698263995909,0.0028347533990582294,-0.007318710841626358,0.28437376440725753,2.2306558552094766,-2.618345519210265,-1.1809272386763008
-0.014855727431042036,0.008041948652394453,0.0029359014901260546,-0.007284273667280148,0.28933415243457655,2.3057268163831637,-2.577356480472616,-1.2517647404617789
-0.01487584094050031,0.008073893853780234,0.0028793791336411364,-0.007292961715118095,0.2859537269980246,2.2620440749244306,-2.5926757316522373,-1.214573465859676
-0.014914392127695193,0.008189628712782785,0.0027129809845607704,-0.007368789083736634,0.2795906166996764,2.140784209158335,-2.6726030655194197,-1.0920664322889249
-0.014964767659216843,0.008306487400857073,0.002528756542271297,-0.007418460733415144,0.2718027602536183,1.9997699965358422,-2.7327517224208413,-0.9608937249231831
-0.014956372088915225,0.008276022715011757,0.0025719140194686387,-0.0073991484968900035,0.273110892148183,2.0318359465137914,-2.7134233027584966,-0.9938387645529067
-0.01494683424852577,0.008245863156816387,0.002615674678535093,-0.007381342476780058,0.27446179137179755,2.0645134637262212,-2.6948588231375443,-1.0265881400952568
-0.014933745076507713,0.008215074673324977,0.002663780373981253,-0.007367672329026911,0.2765759391153763,2.1010513803890762,-2.678564113694051,-1.0607886861035605
-0.014919098710716786,0.00815705409868094,0.002742576899432456,-0.007324950103639298,0.2789345779535944,2.1577981726311424,-2.6366127274999243,-1.1211235573753655
-0.014781474236377632,0.007894211696052087,0.0031724399394607596,-0.0072061186899179145,0.30264893509153495,2.4800275730604686,-2.4791112852398243,-1.4127685977380973
-0.01480731381594338,0.007910030497124281,0.003124621391764334,-0.007190380936933629,0.2981212867424205,2.4388428897826886,-2.4761604044333962,-1.3865705731177598
-0.014849255917704921,0.007947535823717256,0.003036669423893367,-0.007178617506982426,0.2909210979179128,2.366779631011342,-2.4829087612916516,-1.3351563195834515
-0.014839157045981814,0.007913748284658994,0.003081180340832593,-0.007150883467614136,0.2928824072985697,2.3965784610140504,-2.4547502696625845,-1.3673790295184103
-0.014779566353323129,0.00786173077501653,0.0032050368070116477,-0.007166908807135482,0.303170269948529,2.498016129447494,-2.4439463520099967,-1.4395703629611931
-0.014718813325682903,0.007723968228130522,0.0034067682979245363,-0.0070654194494105945,0.3151762367500264,2.6354485482271772,-2.3287691487193007,-1.5760020192534159
-0.01477023249847331,0.007830850752676295,0.003245231787371372,-0.00713952617211568,0.3049759302300505,2.5241630313077477,-2.416001624606683,-1.468456814481158
-0.014752468874772058,0.007803762357274222,0.00329278313240089,-0.007127858305381571,0.3085744973764299,2.559268832914117,-2.3981871077896355,-1.498783007860286
-0.014759370141978922,0.007771872175496912,0.003311601293343461,-0.007076558512084116,0.30757631861936535,2.5629971614061895,-2.356372338867146,-1.518198449962303
-0.014755707679200123,0.007735495314330321,0.0033475453298095824,-0.007033119724725299,0.30859273856248576,2.5814632548262377,-2.3170371976115938,-1.5459039445900657
-0.014637111018909153,0.007563012479282861,0.0036483619109177585,-0.006943647818883083,0.3319512963928651,2.7949495992610847,-2.185046193617253,-1.7312066080008177
-0.014708984919959062,0.007689900584284404,0.003448450323561909,-0.007031713844909199,0.31718673707742995,2.6603014762080908,-2.2949070672251115,-1.6051724306283697
-0.014693863380468963,0.0076590424311531345,0.0034942816562082003,-0.007008507605753181,0.32034218487871297,2.6906239324475596,-2.267857803464508,-1.6348781499818497
-0.014677906972157453,0.00760843356788379,0.003556302375719077,-0.006958101726206757,0.3238541394838863,2.7267632190383098,-2.216683301818519,-1.67701262033135
-0.014708322867737248,0.007627619475036498,0.0034992926673109155,-0.00694723686300009,0.3180645622430353,2.6797144072780306,-2.2213246478859685,-1.6456162028471002
-0.014673312348833577,0.007571486609879551,0.0035908528406110615,-0.006912039066644491,0.32500938340461555,2.7418361222591625,-2.174696364966831,-1.701951462262257
-0.014625294690833469,0.007526100485294002,0.0036924125093865073,-0.00690493600486696,0.33454569053252425,2.8189131188750776,-2.1458639159588926,-1.7601741651718545
-0.014591587290168873,0.00747857995662096,0.0037749648220609896,-0.006875463765332852,0.3417515929934845,2.875008598549891,-2.1042182762166095,-1.8092419733868772
-0.014619820417632679,0.00749196341294261,0.0037246528225163555,-0.006862243354086792,0.33585432146382627,2.8321758906674224,-2.1065625475744114,-1.782272343950445
-0.014585237305117977,0.007446453940035832,0.003806232125489624,-0.006835739130891257,0.3428208185987687,2.887951484412719,-2.0668482440084897,-1.830024764403784
-0.01457174653446581,0.0074189375836681394,0.0038444218852663197,-0.006810442272009718,0.34616018162870327,2.9100545468343704,-2.0384640814651664,-1.853044336954626
-0.01455502836393689,0.007368645504412633,0.0039014408454437002,-0.00675438449268682,0.34996291702208054,2.9371850768564083,-1.9821547682187075,-1.8880577775879146
-0.014574593610081444,0.0073927135455585675,0.0038572479832476763,-0.006768655019089138,0.34562231652535946,2.9076329261989224,-2.003998625523661,-1.8631069017682649
-0.014474958040846687,0.007296781016546411,0.004065697217557656,-0.006730649617239444,0.36711549235216184,3.056068085563122,-1.9211941985899836,-1.9779742089570305
-0.01451846113383775,0.007305228967505576,0.003994578543314247,-0.0066982830817113774,0.35776983757885145,2.991028618657506,-1.916081988220227,-1.9413430345343008
-0.014571599888639004,0.007339834281912172,0.003894714383136226,-0.00669400762065981,0.3467051349409964,2.913420894405123,-1.939212589523082,-1.887830501691442
-0.014550916969101081,0.007313976888197758,0.003940851769153875,-0.006677524223653211,0.3512291710978292,2.943453478610007,-1.9149729274527665,-1.9134899898385225
-0.014292516681415703,0.007012558682058383,0.004490954732468826,-0.006451714139883223,0.40877676576486605,3.279426573476489,-1.589256285857635,-2.199448870291263
-0.014315145096371988,0.0070381213013944,0.00444437990737405,-0.006473955070329941,0.40351602661636693,3.25308230886252,-1.620171188782981,-2.176827482622359
-0.01433596804653648,0.007060197172053969,0.004401902070171619,-0.006491480077660291,0.3987171980149132,3.2277459764939453,-1.646212871712134,-2.1558236439682457
-0.01446681469893842,0.007250426612278446,0.004104304870331542,-0.0066676747163188785,0.368895328241616,3.0649226902267115,-1.8635128263457585,-2.0009742909600576
-0.01435914595858115,0.007125712030011146,0.004336128620964139,-0.0065756050101611965,0.39329153407828904,3.209543501966786,-1.72866915474912,-2.1232060618556616
-0.014355460471383613,0.0070799666009940705,0.0043623692084827,-0.006505945622703765,0.39415357390182376,3.203398996275046,-1.6688935805915925,-2.1360616455841037
-0.014367653707406641,0.00710025502264023,0.004334083869071374,-0.006527312380884072,0.3914371602821218,3.1900583124693975,-1.6931878835987166,-2.1219359261264117
-0.014383977371628751,0.007147528787411126,0.004286416308433593,-0.006587318453144115,0.38753292720867505,3.175897248089384,-1.751963692326724,-2.0976002956086934
-0.014429649744150137,0.007187271498966289,0.0041951375902706525,-0.0066064466077675535,0.37742195175985516,3.1133062200535413,-1.7924584256099099,-2.050120773657461
-0.014418806868998768,0.007162196560531247,0.004224533726813648,-0.006577679036625183,0.3798876925198724,3.1255084458509206,-1.7627211286107307,-2.0657066964781223
-0.014477032548761926,0.007209573545427769,0.004110546628910088,-0.006594912555183025,0.3670994612348251,3.04523354035295,-1.807796172802936,-2.006196936804503
-0.014457068290671981,0.007190560854098786,0.004151012000575795,-0.006585129099671591,0.3716007289806807,3.0725235560848567,-1.78919109790906,-2.027497843721895
-0.014305439636338419,0.0069776350791755995,0.004483097525820746,-0.0063846917795511516,0.40559036132728565,3.2466863758504347,-1.5424143509683415,-2.1929703018126045
-0.01418550241030972,0.0068926722732861115,0.004707014338066797,-0.006338692601778608,0.4339797069420034,3.394877603982113,-1.4360161978266428,-2.2995670655119826
-0.01418784484598296,0.006852987459390419,0.00471412842950739,-0.00627118406870831,0.432975283922932,3.3707154071723724,-1.384266183475871,-2.297996254781441
-0.014232308606481062,0.006908650115343532,0.004624957138722353,-0.006330129122407663,0.4227138451398015,3.329805191444298,-1.456883127181101,-2.259364328873451
-0.014272478015886297,0.006911527991006602,0.00455877437154476,-0.006304274138146422,0.41285764327393426,3.2698160558016367,-1.4597488881615623,-2.2256693805982026
-0.014297168470790047,0.006935398998707535,0.004511221622348711,-0.006323531485635505,0.40711295665425246,3.2427336823515422,-1.489011962721799,-2.203746463654694
-0.014145292246243968,0.006811463585394514,0.004795123392040032,-0.006231784910737361,0.442944454389715,3.4130137456346112,-1.3279656394569999,-2.332890656630672
-0.01418140495579167,0.006818457732213616,0.0047336363439642115,-0.006218752796413069,0.4339510518140111,3.3618075150569404,-1.339675923460778,-2.3027766776052556
-0.014134136171073902,0.006777903726178432,0.004821175426591179,-0.006183314024609009,0.4450887300076614,3.409988966148233,-1.2838912592265697,-2.340325539818353
-0.014121066857814595,0.006744607939426235,0.004849631850852098,-0.006136341969034685,0.44771594035136086,3.4090151943204887,-1.2402063589224026,-2.348472139657962
-0.014082641931915186,0.006703904280691054,0.004920806685622371,-0.006091976025903673,0.4567617630102358,3.4398813885180144,-1.183208510062881,-2.3758090658259174
-0.014109075804234001,0.006716568955768406,0.004874684560332082,-0.006097219818533192,0.44984562259211086,3.4088115339413356,-1.2034519544431879,-2.355417186155302
-0.014056811935058339,0.006658059956009969,0.004970576677113865,-0.006030269011161957,0.4622340212773069,3.445854404683725,-1.1213645824381417,-2.3901335490009017
-0.014080358358259288,0.006675592952069369,0.004928937908555823,-0.006046158939980859,0.4561826372749886,3.4235952519244215,-1.1477454742773583,-2.3735885205830605
-0.014062568667933215,0.006629168418885478,0.004964610379204084,-0.005979092289710017,0.4595752502577084,3.4161750057116036,-1.087804691788653,-2.38018808599517
-0.01392236812126182,0.006467625093730091,0.005207240931282489,-0.0057766388076370715,0.4899812789281933,3.482935509563968,-0.8565009527034164,-2.450445314985093
-0.014005918811228592,0.006606648556584674,0.005061371781696415,-0.005971336635317361,0.4737266848351869,3.48170292573066,-1.0461724061393445,-2.4217833507861997
-0.013980435397628567,0.006579094364958943,0.005106351179565655,-0.00593770682943492,0.4796626027304986,3.496709894452857,-1.0057596620327371,-2.436110824562539
-0.013944722214890562,0.006485545091091676,0.0051698747865509655,-0.005797300252499352,0.4847815061023297,3.467982044658656,-0.8850879393997574,-2.438754972322762
-0.013965668499916742,0.006511239793380378,0.005134398802394791,-0.005831012799165034,0.4804862420902514,3.4609668637533466,-0.9216810365276723,-2.429952763543582
-0.013991588480541108,0.00653860488818333,0.0050901445320535406,-0.005864710099431759,0.4745965214907076,3.447388984286668,-0.9617579358317915,-2.4169478431835123
-0.014045904481337461,0.006602345032811546,0.004995128052810815,-0.005943543851471945,0.4629830644158858,3.420278666373514,-1.0518558472160897,-2.3884286435806943
-0.011094631326080724,0.004793526843963075,0.007762912001002251,-0.0016216725428096664,0.5469455417304343,1.7882772391151727,2.0638505595215944,-1.0793504508436735
-0.011357291560088845,0.004860421627792135,0.007658645138698079,-0.0020104952861960588,0.5928090318937195,2.054286846973795,1.9403247034945863,-1.3138012881874526
-0.011175896851297357,0.0047946941601303625,0.007714142983582043,-0.0017305566079067805,0.5555173991760604,1.856609650349904,2.014898870375147,-1.1477134107586695
-0.011137639628944727,0.00477112479818558,0.0077132184704446225,-0.0016654480230107124,0.5433656192312711,1.8069109322811074,2.021191022137137,-1.1097348721821898
-0.011319862151686658,0.0048372878699044185,0.0076616635507892215,-0.0019460393433700688,0.5820396573367526,2.005516038315631,1.9503130817821066,-1.2766156271330196
-0.011282028821711972,0.0048173996349151855,0.007667509106886134,-0.0018836378822783984,0.5721075226151512,1.9593822293986405,1.9620861746030511,-1.2402375090153341
-0.011245452549988088,0.004807687314772734,0.0076823088927926286,-0.0018298593326059698,0.5660164782282338,1.9228249244051914,1.979540903936225,-1.208083184150551
-0.011218986863031764,0.004779613977126233,0.007670583046256382,-0.0017770216135816203,0.5536995130319075,1.8789100149274274,1.9765335080747988,-1.178334754368221
-0.01167570067608457,0.0049618125765658605,0.007501317638526308,-0.0024815980065122398,0.6362956071574856,2.3681700297247628,1.755208786843088,-1.5857754794366825
-0.011647381076826713,0.004950575394990796,0.007515415081461517,-0.002438551764450568,0.6325527175142499,2.3393687455049594,1.7724730391957748,-1.56159918271622
-0.011637477220790499,0.0049248085100225495,0.0074983339918811885,-0.00240425504981933,0.6228825892622353,2.3062122218230625,1.7647108825702056,-1.5428026666961545
-0.01139676932514403,0.004835703389128894,0.0076037910989987184,-0.002041770610999801,0.5851841151482297,2.060708620001939,1.8944249216600848,-1.3349763605550533
-0.011435574373128737,0.004856802251000091,0.0075959157999868415,-0.0021058716476922983,0.5947060748738703,2.1076014811870905,1.8802202191309145,-1.3718607668900367
-0.011468649296859737,0.004875360605505034,0.007589090901954102,-0.0021610592013830347,0.6027080204599696,2.148080559852947,1.8678647548593668,-1.4034382595016253
-0.011607302644009894,0.0049093919188051525,0.0075091054052445596,-0.0023556080185620633,0.6173191251884287,2.271965081985004,1.780102614975818,-1.5154552373402337
-0.011560970848343175,0.004892289209486479,0.007531211859994538,-0.0022864103158270863,0.6104723614941063,2.225825235717959,1.8067345935279102,-1.4762580880707665
-0.011527598286818977,0.004866477277141972,0.007532772609921182,-0.002225334145986266,0.6005890700906725,2.1791097378601276,1.816490679673022,-1.4420334142500584
-0.011498355836883554,0.004857086916725801,0.007546913188236392,-0.0021826609120485186,0.5965289826413229,2.150859131569204,1.832972676562839,-1.4175301985024817
-0.012461238746486926,0.005330252066090759,0.006973349310562459,-0.0036631496637636665,0.6817279024526077,3.082569155744222,1.1126207499928764,-2.1786736402488107
-0.012585132851583549,0.0054203381802946805,0.0068816431840763555,-0.003874035939967094,0.6846108993274226,3.204550361376949,0.983339100068867,-2.269485186576573
-0.012611277872001262,0.005428791345337254,0.006852559211377394,-0.003903549224672843,0.6811963753794187,3.212573222469886,0.9542994554785371,-2.278799820536136
-0.01257916223413844,0.005393457500658579,0.006868487744166598,-0.003833424441335881,0.6774974013273906,3.1648409221451246,0.9886869437001582,-2.2469913574121576
-0.012498695968354304,0.005316883386706081,0.006913818213351945,-0.0036741667979032417,0.6698783482065079,3.061275041961444,1.0698508252363104,-2.175154598752409
-0.01252713773504426,0.005344265155905927,0.006898662404685336,-0.003730842636561605,0.6729408950436749,3.0986148458636524,1.0420900047336443,-2.2010497741298445
-0.012553714498523869,0.005373064013942201,0.006886441912768466,-0.003788136513696727,0.67667382081647,3.1379872084398297,1.0155105982061965,-2.227558547367258
-0.012636471187893813,0.005421559737673116,0.0068124408589442745,-0.003910482742252823,0.6735944723347859,3.19651657806463,0.9261141596391165,-2.2748112819992583
-0.01266247111292786,0.005439391542483034,0.00679021138038359,-0.003951962250589847,0.6725878326438154,3.217530339441581,0.8974621263717192,-2.290777771594073
-0.012677081695586902,0.005470227708047593,0.0067932408558743365,-0.004004168514060994,0.6786501992397286,3.260812491780969,0.8803233843702322,-2.316794556097626
-0.012709981922924902,0.005473363042695108,0.0067494445708671915,-0.004029052698518874,0.6713998585901071,3.2564902372177724,0.8436847572387977,-2.3200464731034995
-0.012903515785938138,0.005568897160978656,0.006538150276318212,-0.00427124192336168,0.6492542183831972,3.3271775466615945,0.6200327065662937,-2.3867484580827636
-0.012745035911766796,0.005482617467101641,0.006706831419468664,-0.004063043231652464,0.6657745263655485,3.259799542276259,0.8044186017781866,-2.327565241107219
-0.012783815361316795,0.005477381353356389,0.0066483760071784385,-0.004077840856636873,0.6550640227658483,3.2395982727835047,0.7629323984758472,-2.322479460769628
-0.012795155021578748,0.005510008954546793,0.006655132325922151,-0.004130472651268573,0.6611743160475925,3.2840224647174705,0.7466649407551139,-2.3484571288747484
-0.012831849268824556,0.005522395121176409,0.006611087935912088,-0.004167991562802446,0.6552443623582124,3.2886548123577186,0.7053479659090036,-2.3562301775211245
-0.012867070934785759,0.005543338313853034,0.006574379771199276,-0.004216257852241188,0.6519086650615685,3.3053545138938456,0.6641015387555561,-2.370123015156737
-0.012064675976627163,0.005152522886415075,0.007294617459221746,-0.0030957315589026486,0.6821878636748872,2.776097715197239,1.4863984224298579,-1.9164201432995118
-0.012031973557228447,0.005122251944762186,0.0073021066022696595,-0.003029504330012397,0.6742916540421676,2.725777398173935,1.506389559795006,-1.8811986423901368
-0.011998558082015474,0.005091933834718232,0.00730955903414768,-0.0029628485404830556,0.6662853621243864,2.6752438005746337,1.5259143243981137,-1.8455848044104857
-0.011930545805200761,0.005078163048011671,0.0073681512372096416,-0.0028776832086222395,0.6674951152576066,2.6313356914306634,1.586112954592531,-1.8019108128969494
-0.011903326638129551,0.005068787381050209,0.007387212676084566,-0.002839029876617555,0.6661929657768673,2.608214963115045,1.6076665410255404,-1.7815513081539662
-0.011951267252898627,0.005056855611586929,0.007326193005878041,-0.0028772023430267855,0.6577004920355696,2.613751946382824,1.555356368241669,-1.8001082489641527
-0.011977132819703876,0.0050610396865166715,0.00730310436368487,-0.0029082311651404103,0.6568157623893002,2.6289662444924162,1.5324335077558249,-1.8158083351066456
-0.011882440132284263,0.00504496829487729,0.007385384559581495,-0.002792349670835134,0.6586538505873348,2.569979512463562,1.615195450587233,-1.7559543317738144
-0.011851809091799451,0.0050189044286870765,0.007390768372295028,-0.002733231706588594,0.6506815315454672,2.5251117899295683,1.6300784275765852,-1.723851057672093
-0.011817125726434423,0.004998140785016455,0.007404626386266878,-0.0026751082768909887,0.644682073288148,2.4845807876987505,1.650702056029276,-1.6924125875216867
-0.011781138237582242,0.004979219806987043,0.0074207676569944545,-0.002617279930198156,0.6393874174505961,2.4450848022236387,1.6725765226821283,-1.6609517542589691
-0.011712627063934075,0.004938188906626983,0.007444369456168627,-0.002502411878980187,0.6262812619554908,2.3636074587482656,1.709076739265705,-1.597788020365001
-0.011745279234781577,0.004956188595149348,0.007431952611717157,-0.0025556987823911665,0.6318262276134637,2.4007670777234362,1.6911987632916061,-1.6271071838485163
-0.01239727473597506,0.005313552519162174,0.007041612905139099,-0.0035909490517975935,0.6885112479379555,3.0587583401452534,1.1803503444936518,-2.151642654775842
-0.012434311896301464,0.00530152434096591,0.0069841505733064255,-0.0036051958217835195,0.6774553529950649,3.041399894455519,1.1374019965720354,-2.1508133939890115
-0.012146539835454058,0.00521562416961134,0.0072604859722983145,-0.003248014104369854,0.6953585089697453,2.8849743568327413,1.4261448346747818,-1.9957356350036297
-0.012113446314774949,0.005199307566645835,0.007283513926168596,-0.003196952480544897,0.6936937465496835,2.853807924991653,1.4550496011636345,-1.9701800486341055
-0.012107297553845701,0.005162401178470329,0.007255997971051496,-0.003148825371679947,0.6805652557358468,2.8018729577616193,1.4464647262666885,-1.9421535879491507
-0.012098053169198318,0.005129037050131635,0.007235476635835435,-0.003102342319475542,0.6693243212705227,2.755286726086012,1.442382308869307,-1.9157977436809843
-0.012184439819230628,0.00519737461164916,0.007199369417082077,-0.0032626065504765653,0.6830426288974615,2.8683843437025165,1.3788374185614563,-1.9981386705353152
-0.012222941796295447,0.0051838212803659725,0.007142017039335604,-0.0032820421849394364,0.6725253099292968,2.857566352566771,1.3337899999365168,-2.0028452292218932
-0.01236901890441093,0.005285834765312923,0.007053643874099946,-0.003532651841430929,0.6842152261098082,3.0174851632930353,1.2055282515033987,-2.123222223806692
-0.012250039195606861,0.0052048767249534824,0.0071286676912185746,-0.0033312470370426422,0.6760999528748065,2.8908685297536607,1.311984136833983,-2.027244894125607
-0.012265168976402965,0.005231350554501292,0.00713399326428277,-0.0033764520176379383,0.6827541333926341,2.9300176546151437,1.3039050302492148,-2.0515697152383683
-0.012286386571432351,0.005242105709950569,0.007117797849332999,-0.0034081839030832887,0.6833465225239526,2.9479860577337935,1.28421047356968,-2.0664039798618297
-0.01233894889958844,0.00525898972485417,0.007068009592438368,-0.003474052992501343,0.6803310224497184,2.9771336495479948,1.231953582286237,-2.0947098740796934
-0.012312582426654693,0.005238371533316042,0.007082576010204296,-0.003426305027396342,0.6773979795833832,2.9457004869651158,1.255001653843956,-2.0717502766925593
-0.013877860444510247,0.006441334754509229,0.005281316567431268,-0.005749859769082228,0.5005733091114621,3.520271730433221,-0.808790875379483,-2.4759812168573165
-0.01379088721495238,0.00638114711842197,0.005424479186906062,-0.005677540513112197,0.5215345292540368,3.579596177484464,-0.7018238592884966,-2.5189285603359717
-0.013845703866409811,0.006421632248701397,0.005334644483705179,-0.0057282316784554735,0.508615517064026,3.5455763039900003,-0.7726183420823444,-2.4935011275849814
-0.01381741625954299,0.006393846835682852,0.005380654456484994,-0.005690765116236751,0.5148069748681525,3.556409353415424,-0.7288632046384748,-2.5040924898498855
-0.013777209060937207,0.006356463811518977,0.005445169313951669,-0.005639764255232581,0.5234347232829332,3.57208977136588,-0.6680564932828655,-2.5185514060722816
-0.01375911369666203,0.006332982225735824,0.005473068479296459,-0.005605069527770514,0.5269688960486032,3.571149628133317,-0.6336822955397592,-2.5214391077976552
-0.01391156940405707,0.006439356831401236,0.005224964939793082,-0.005733817620051012,0.4913710605985453,3.4720396984082735,-0.820734692557873,-2.4493674317216687
-0.013593670447730714,0.006123148931060952,0.005709283669069618,-0.005283820197698064,0.5544273384811481,3.5338054864303285,-0.3279845100244931,-2.523932821025282
-0.013715204576911832,0.006291354479555634,0.005541359171379043,-0.005545504005043794,0.5362899052670805,3.5827517930118025,-0.5655045637642963,-2.5334962372076206
-0.013754251920164426,0.006300273093877001,0.0054770696125175525,-0.005551355809193772,0.5256096080343982,3.5422033350380846,-0.5971322743734802,-2.509941334021221
-0.013690820790926756,0.00625570424405342,0.005576443983291977,-0.005490635866524338,0.5399573971213733,3.573629115695716,-0.5152793832752551,-2.5328373869562033
-0.013672728035802792,0.0062141285622237625,0.005598932601521423,-0.005424404713181622,0.5411700025130345,3.5483166512532365,-0.46386526978499726,-2.5235806617907897
-0.013630203468703611,0.006146534159977079,0.005654835829772867,-0.005318569161849875,0.5462521465950302,3.5197024745023997,-0.37389162446237956,-2.5144444745066203
-0.013654180969552444,0.006180213092257185,0.005622778699703805,-0.005371006661741395,0.5430025799837418,3.531262621750359,-0.4203534778240518,-2.5176751385880394
-0.012966517544833878,0.00559320867672396,0.006461013918365865,-0.004335419153737045,0.639013634356346,3.3320640632887586,0.5481861066160975,-2.3967772202128885
-0.012941594843538268,0.005572413329346094,0.006484667783891426,-0.004293929352986908,0.640568735570397,3.314143889369652,0.5793168747177659,-2.3841541157602286
-0.013225881091252615,0.005858276813760964,0.006209529367238518,-0.004828319241476469,0.6231796948912596,3.5463138487744597,0.1752994659866374,-2.532875449946592
-0.0131996148318869,0.005836390313092042,0.006240593472930859,-0.004787370740469955,0.6270516281905147,3.536112298828546,0.21291494908093292,-2.526215524793428
-0.013187805201282517,0.005806503031220881,0.006244098680426643,-0.004737105674612132,0.6245543466875684,3.5015655104936037,0.24054748756210773,-2.5073090650586884
-0.013167322428418385,0.005772754057258231,0.0062587666787101365,-0.0046788158392528445,0.6237109542775428,3.4680127520269797,0.277505763437905,-2.488193926786986
-0.013005330610087773,0.005579568513905254,0.006395645756190564,-0.0043314898492228466,0.6256788917920931,3.292287239938602,0.5120212896905456,-2.3792548399550504
-0.013142395121338774,0.005741721771709691,0.006281079290541357,-0.00462359788030878,0.624406650885776,3.441110003262644,0.3165101890436853,-2.4720736293949757
-0.01303614173157728,0.005664733612920331,0.006400275992876229,-0.004470311132659555,0.6369762054231506,3.3984258096286832,0.4540393845690361,-2.4401723525783603
-0.013106684532838761,0.005717968093167722,0.006323169456277678,-0.004576039363066811,0.6294682432170547,3.4313482872300622,0.36217653809900885,-2.4641522390502435
-0.013072805113815948,0.005686809165984912,0.006357450764442372,-0.004517062428282905,0.6319602017280529,3.408062892025203,0.40868601902925045,-2.448750011654251
-0.013037518667302945,0.005619119733585269,0.00637146767959732,-0.004402460439846195,0.626525800398286,3.3310485727709147,0.46795938143907373,-2.403657938485788
-0.013483391957741453,0.006075540359278291,0.005877841980100994,-0.005210414971956554,0.5811436754067757,3.5976558620302055,-0.20500117403173682,-2.5609106492144087
-0.013392682785101745,0.006004839558345526,0.006002757662040785,-0.005090620016489202,0.5984963715425403,3.5988520587418895,-0.07421506206766919,-2.563478096673471
-0.013370053283202621,0.005982479034154368,0.006031172773101677,-0.005052015958107875,0.6018531904124423,3.5906760956921397,-0.03826852398531689,-2.5594054951413407
-0.013358774843759446,0.005952480772964449,0.006037439771377224,-0.005001889864828065,0.6005227551601098,3.5597419064977562,-0.006972711324721139,-2.5435824841118744
-0.013335740970130868,0.0059226363803979885,0.006062321540621924,-0.004950831473615794,0.6023172588971004,3.540163872642784,0.033533072104917905,-2.5332085284412376
-0.013460477529825973,0.006038844775507344,0.005903466398237674,-0.0051496400104882045,0.5828848326789924,3.5738024045857446,-0.15707336305662215,-2.5498652326291764
-0.013448312531230338,0.006002509001884414,0.0059107502608446985,-0.005089804667483361,0.5811778592882673,3.53834316703984,-0.11935570576337629,-2.532341359371902
-0.013423723567482147,0.00599047222064337,0.00594649179935498,-0.005069029188324363,0.5870946738263008,3.54731178148974,-0.09015186275869355,-2.5372373785025006
-0.013261786457753453,0.005849600388121437,0.006148151506972669,-0.004821849594147783,0.6113844899964863,3.503113011948766,0.14627925602551153,-2.511781034950381
-0.013345717426471148,0.0058809655870509575,0.006028804675884435,-0.0048854347206747995,0.5925381495399917,3.473439773386822,0.05136949557930904,-2.498740326445558
-0.01330934372639379,0.005853309702398039,0.006074501212645044,-0.004836243996161692,0.5983157523762154,3.467475301689461,0.10047412450771223,-2.4947319144345035
-0.013523279436500644,0.0060728578292107115,0.005811094415728155,-0.005205206038485105,0.5688643301291415,3.5499996372888494,-0.23381101031894405,-2.5358588799657777
-0.01359934853330357,0.0060865799468319375,0.0056905708901241634,-0.005223514330723179,0.5485557757278711,3.4833661670155958,-0.3007752642757362,-2.4991566919326913
-0.013563514366939512,0.006074302377456679,0.005745619476343367,-0.005205874701449481,0.5576147996818445,3.507667608071276,-0.2650186498448818,-2.5131257737833086
0.006646426493245017,-0.013901384554196644,0.0060920089678754,-0.005237762664463614,-0.10531860559897002,3.7608323928564618,-0.029879056129394406,-2.667027414948222
0.009248784141608957,-0.015123227061614366,0.00789391465683398,-0.0011567021009451829,0.23243575643375644,1.9951612748335725,2.843713130246197,-0.8934088362036647
0.00927746792781245,-0.015142279429077735,0.007872785095258879,-0.0011052959108151462,0.22949622635246128,1.9429614287229933,2.8434750622445866,-0.8549691623417459
0.00930459111826776,-0.015153370473706804,0.007865115029910427,-0.0010603994793784816,0.22814019334416516,1.9026028958251968,2.8496279682783725,-0.8216425373385624
0.00933259470009838,-0.015149461911727934,0.007885149249347183,-0.001021101298079903,0.23051545372580115,1.8798780246389917,2.871204275892095,-0.7931442022966283
0.008909566567379488,-0.015031652079619802,0.00785081485782514,-0.0017007411409949828,0.22961613980575077,2.4210384826357303,2.663484628992265,-1.2829023783446674
0.008883041829392159,-0.015051446862992354,0.007795572319665431,-0.0017228529026706398,0.22235458313457648,2.410578297379906,2.6231653435604723,-1.2947757213746331
0.008940985215760101,-0.015041067817275372,0.007856616473630262,-0.0016498430503493232,0.23022716118958983,2.3821753310868403,2.682887523848557,-1.2473988351821108
0.009044574143142744,-0.01506583632981201,0.00788208503490677,-0.0014859111071981695,0.23286758682503647,2.2601747326292494,2.7475103832727137,-1.1320327165961368
0.009016720483602705,-0.015054984827946528,0.007883658947684481,-0.001532866378638082,0.23340149401645352,2.2996455452131026,2.734717491995248,-1.165734167933717
0.008969280692250043,-0.01505812418275397,0.007845639814964408,-0.0015980047903081732,0.22856535246448315,2.3339741865944283,2.692121687890612,-1.2100640123739665
0.00899351834319529,-0.015067028004001193,0.007846101304335398,-0.001557728925285453,0.22841854621004337,2.3011605218360005,2.704510933155982,-1.1815015182691717
0.009216175748424624,-0.015149781604010265,0.007828205031112275,-0.0011904150801916094,0.22450400822283129,1.9913810675505308,2.7949465873229395,-0.9159551996572988
0.009146365530613352,-0.01510825191293133,0.007866294588603955,-0.0013136928287361268,0.2299843329761184,2.110693914083012,2.78596368660419,-1.0070732974581604
0.009123123128224627,-0.015103285622933643,0.007861917161688438,-0.0013500367395297343,0.22972352464008425,2.138358434880317,2.773421682177314,-1.0331981628594467
0.009101158330828965,-0.015108548441642453,0.007839230869866041,-0.0013783776657024654,0.2268105275240586,2.150497435671611,2.75177029682246,-1.052719989954712
0.00904433644694852,-0.015101519833606558,0.007816882488169549,-0.0014633500264833617,0.2243386693567149,2.208988893351265,2.714330400467905,-1.1125596644036835
0.00907422409960191,-0.015109523349216225,0.007821076790066649,-0.0014160822704744188,0.22471546664172545,2.172441618892757,2.730234580509879,-1.0789773985378142
0.009177387812417786,-0.015155811782319461,0.007796616328509641,-0.0012427303146632564,0.22075514869349394,2.019023916493163,2.7623022047159504,-0.9528194924835364
0.009147626230597497,-0.015143638547751099,0.007802312204284331,-0.0012917862024468803,0.22171317318877407,2.0617578514980863,2.7528420909541933,-0.9885997860010968
0.008694282047593802,-0.014978392657908669,0.007771681872634729,-0.0020376626548203216,0.21907924265078327,2.6553040296168553,2.502976127104031,-1.5098176023000498
0.008707143971196873,-0.015001148418685446,0.00774311879574585,-0.0020008474158330386,0.21536333118009213,2.609957742179466,2.498995185061803,-1.4823371913605063
0.008727783790301692,-0.015011344693901427,0.007742923909370948,-0.0019647969922557966,0.21542851143616162,2.5804682271755683,2.5114448347064258,-1.4577683324267123
0.008750366254503263,-0.015026044745424788,0.0077361267140061305,-0.001922499602960167,0.21441088168080258,2.5424518972200514,2.5219384329032164,-1.4283261192848222
0.008776612115266145,-0.015029469588775459,0.0077516324123214604,-0.0018846110606926879,0.2167319129457576,2.5197872203683973,2.543944317474877,-1.4036492192819892
0.008799169564969211,-0.015046935294095842,0.00773905101037949,-0.0018403315949931073,0.2150286145723148,2.4771045953200126,2.5513009660540704,-1.37214008382474
0.00885558650416489,-0.015073584929437597,0.007735742920312688,-0.0017437359896039924,0.21468482496038968,2.396948885252297,2.580723033931889,-1.305181491777641
0.008826399048752116,-0.015061243793669195,0.0077352179038319355,-0.0017925283097273055,0.2146035943812636,2.4362624701171165,2.5647157143697217,-1.3388777938364032
0.008478202086954678,-0.01493641067164355,0.007640426341849906,-0.00235454224501952,0.19996716275162763,2.839737133956607,2.307188306696087,-1.7070308831928622
0.008424738188401061,-0.014934771782110279,0.007588990434318749,-0.002421540571318045,0.19256877136497566,2.864423020411778,2.2509469203646684,-1.7441111583995126
0.00845144034114374,-0.014952605458201559,0.007586768949228822,-0.002371108992118518,0.19283949817012117,2.82300931572286,2.269736911373547,-1.7114107467085045
0.008504620246879148,-0.014951946010278697,0.0076406433352674405,-0.002306389379358568,0.20038803802648367,2.801152831946744,2.3261284546910765,-1.675649714318159
0.00866770791114198,-0.014990979456810436,0.007726375286745356,-0.002061632656634863,0.213045333450032,2.6503775234736913,2.4675541155037704,-1.5219660830248802
0.008530864814971235,-0.014967846244290152,0.00763948173982498,-0.0022582214944348433,0.20052684247578956,2.761826372177166,2.3439554022293905,-1.6439935572590685
0.008556261768763054,-0.014979504990247411,0.007644070599698694,-0.0022152509869608813,0.2014459142100291,2.729878197163178,2.362859104841824,-1.6162837976866473
0.008647296860154596,-0.014999969470968613,0.0076927683543861255,-0.002080232076378566,0.20844775717226352,2.6473736352942123,2.4410581613624807,-1.5313459588645681
0.008626719193590234,-0.014993429571750424,0.007685512260231673,-0.0021126757231929474,0.2073616353102909,2.6696763617572286,2.4250625209443304,-1.5523751355287132
0.00860402365563387,-0.014999429674358775,0.0076546894976153535,-0.0021362922816494127,0.20332978963948273,2.6720046149746426,2.3984102220431773,-1.5649892801953076
0.008581271917228333,-0.014993512082672343,0.007643807191947808,-0.0021706109273363808,0.2016439920761544,2.693766106019157,2.3794125554142,-1.5866977406980658
0.008559535806966983,-0.015003671679792833,0.00760655943486149,-0.0021885014766986058,0.19697708955133966,2.6880184342645337,2.3512004292307216,-1.5946023560284013
0.006743849814293737,-0.014002288564483668,0.006207190461257642,-0.005051091872093605,-0.08027611115973826,3.7522549775805527,0.14199130998611267,-2.6596956268080834
0.006657295922582234,-0.013924971394661152,0.006099123255911859,-0.00519560820676998,-0.1017292101498184,3.745208234730311,0.0029802038345063697,-2.658851050895434
0.006721001464195929,-0.01398105543657536,0.006179860904704001,-0.005091179656483141,-0.0858315532531975,3.752737743509457,0.1043760125901124,-2.660976429723839
0.006696178358973189,-0.013958545723503704,0.006149230346281427,-0.005133361740475163,-0.09201126239906231,3.751457377125832,0.06411618540660191,-2.6611940171021913
0.006674013277898106,-0.013943217324004099,0.006118814359128526,-0.005162320494228646,-0.09731610511430545,3.7432854664822126,0.033350376604913794,-2.657519544269071
0.006740145889039896,-0.014034330660410294,0.006181569496667006,-0.004996329856076028,-0.07934906002517854,3.7044661374554275,0.17171062505042908,-2.6343665615344807
0.006754878680967288,-0.014060522345949893,0.006190735223920929,-0.004949093784617122,-0.07529664114729741,3.6864039906035955,0.20761967728548222,-2.6237606452903104
0.006785288530166345,-0.014056482809382043,0.006245297024621082,-0.004950486428522863,-0.06928483515294093,3.72715373786459,0.2258220293552636,-2.6438370738022807
0.006804702415125091,-0.014076865986393815,0.006265372839716926,-0.004911729475150672,-0.06481886510995942,3.72103612311631,0.2597340871024634,-2.6391617267772385
0.006825582870584095,-0.014090581835511646,0.006291961422192892,-0.00488380980540635,-0.05981127159364129,3.725318000734892,0.28842818785153784,-2.639899216111408
0.006903534897661931,-0.014156597437250533,0.006377701869421927,-0.004751951137072175,-0.041829518083935084,3.7143076390189655,0.40989012802660874,-2.626728101139273
0.006881009281441557,-0.014143386155197505,0.006349293678105604,-0.004780492158632376,-0.04695649412434322,3.7098271486103607,0.3800239115698163,-2.626495161766097
0.006864147371343815,-0.014124883634750385,0.006333966063746423,-0.004816220832420928,-0.05084821987884863,3.7186421795765625,0.35009499776093445,-2.632935149080108
0.006838804788246854,-0.01411510416070359,0.006297758613040854,-0.004839025883622553,-0.05646425607474282,3.704966882101569,0.32131042823161177,-2.627690649822594
0.006904010308786439,-0.01418394838067564,0.00635815964165553,-0.0047058656443090706,-0.04108096670859802,3.674069960817722,0.4333588426310417,-2.6044032882558708
0.007048807644027266,-0.014294974180008089,0.006507923890665784,-0.0044723581830050105,-0.010116620038484313,3.643669218035423,0.6445344333560228,-2.56937433403559
0.006915093168476562,-0.014210276817660081,0.00635676161811624,-0.004658779254141224,-0.03843618902483751,3.646356943483944,0.4641172776644375,-2.5877084221947033
0.007024023426467876,-0.014281748585814972,0.006478750571112049,-0.0045036591383551755,-0.015277266276835422,3.6419559077848014,0.6127304416495245,-2.571840260284301
0.006942213888055071,-0.014232254529025538,0.0063846616651918415,-0.00461391742134461,-0.03246200568379534,3.6403643894440756,0.5041862565823702,-2.581295603251405
0.006968187431341891,-0.014248843582822657,0.006414294294440812,-0.004577912661841912,-0.02692202930187568,3.640411670424774,0.5391867399320324,-2.578209832795602
0.006997199460352408,-0.014264648455511779,0.006449090244237219,-0.004541686153416995,-0.020897950883079667,3.643643410569122,0.5763537298502798,-2.576367988028155
0.008191065647048393,-0.014866199916767903,0.007443651441887197,-0.002766004732577072,0.16923565590793108,3.05237564082837,2.0237465330623325,-1.939099073919895
0.00816056912692777,-0.014855060853937292,0.007425383541539813,-0.0028121886084678076,0.1659933343252921,3.0774911528738174,1.993016400818011,-1.9641891596798102
0.008083672741463651,-0.014811503529934293,0.0073995583633534034,-0.002946216513781772,0.1598968980069472,3.1657492009878805,1.9176054332260366,-2.0399457021348657
0.008107119999087087,-0.014821427805833776,0.007413048436406905,-0.0029094332258292463,0.16258042188385294,3.145491898642857,1.9419665216312338,-2.0204440481035792
0.00812588195984071,-0.014845000908923113,0.007399857397356955,-0.002861295256616603,0.16178088668194432,3.1004539800018303,1.9567925718032062,-1.9895762136506518
0.008221804841533885,-0.014875963238034348,0.0074636879983490554,-0.0027208502687846026,0.1725066901355781,3.0289532118049363,2.0547390105923715,-1.9146683020354816
0.008252455432781865,-0.014876177174872612,0.007497990131393289,-0.0026861894820618373,0.17758607894168765,3.021711011952481,2.088910646225344,-1.8984512425004654
0.008303172903197629,-0.014885752774179216,0.007539217063248117,-0.0026174838885909984,0.18384708201360386,2.991520768553892,2.1416218884198575,-1.8616759702240755
0.00832792582983395,-0.014901989641032759,0.007540225672203333,-0.002571011083896348,0.18456629208313055,2.955417410890535,2.1618111762858647,-1.8327234153241208
0.008354424919736984,-0.01491654427407131,0.007545234212659814,-0.0025243774441902176,0.18579192846748593,2.921404364987783,2.184098550689765,-1.80401190235313
0.008376533189700958,-0.014925633922201663,0.0075539059318945265,-0.0024886807054953696,0.18735854643093053,2.8981081496822383,2.2037097522483005,-1.7825782947179358
0.008273678292981203,-0.014899663034641755,0.0074846505653058054,-0.002635976774381706,0.1765240332004023,2.9746963896221392,2.1030764120713576,-1.8654789487876056
0.00839291092584967,-0.014949159604176563,0.007532858019915089,-0.0024448204306952615,0.18524821012593287,2.851491529725819,2.2095442381473487,-1.7519796972144857
0.00791361524021676,-0.014730538963584866,0.0073023128721317445,-0.0032199344271327617,0.1408106473822921,3.314809702169264,1.733241524909113,-2.1800811796372446
0.00793780927370334,-0.014746242122080621,0.007311549376961406,-0.0031760258009729254,0.14308890135296937,3.287422416377526,1.759919919752144,-2.157091447489932
0.007962237953920547,-0.014754906748404687,0.0073306938356311425,-0.0031408542562375514,0.1467387967173261,3.272638548015589,1.7873446678862113,-2.1407546296789177
0.008018956413124698,-0.014778045028983512,0.007369146956987716,-0.0030545409700085454,0.15373528609631035,3.230415524261332,1.8499016829700807,-2.098064358478467
0.007984462240355492,-0.014776101941910686,0.007328415734510033,-0.0030917336982212253,0.14744520348028187,3.233959487409247,1.810087076271223,-2.112184337565513
0.008035113101050017,-0.01480360522220891,0.007351665047895855,-0.003006180181900638,0.15251504623154274,3.1830047819289775,1.8634544118816587,-2.066910342266706
0.008057228908902496,-0.014826297859859595,0.007345330350491009,-0.002955662837856043,0.15278634630764834,3.1406611423053197,1.8836745710021014,-2.036320121337331
0.007788682618332314,-0.014703934460171432,0.007172189497372678,-0.0033707907954865697,0.11974330810701776,3.3457404868299094,1.5886932455959986,-2.2368481083730547
0.007818888239318573,-0.01469093977176015,0.007230831039757486,-0.003361385683257874,0.1275889524624093,3.3755711362545076,1.623907768589424,-2.2439458130158596
0.007843651141449609,-0.014707708576370715,0.007241267347429023,-0.0033161056602206934,0.13018162151352755,3.3486283005395188,1.6525549728963378,-2.221368805268377
0.007866189898276565,-0.014719076622233958,0.0072556754580392025,-0.003280009683674903,0.1331410369245485,3.330828366580831,1.6784264530372859,-2.2044103142926104
0.007879316391780255,-0.014743426114163391,0.007239130529895479,-0.0032355360381260555,0.1324267052764315,3.2872728611697406,1.6921394620462828,-2.1763667601873817
0.0074964609087203055,-0.014534174194731499,0.006968199106620107,-0.003847110694404941,0.07661400182309051,3.5532446916383864,1.2280416559551677,-2.4321974949251985
0.007521480134009183,-0.0145508844119992,0.0069858332478903926,-0.003804237637103213,0.08054343917586339,3.5352022279149993,1.260977916384669,-2.415940864356811
0.007548250215522361,-0.014565947459324003,0.007007466096444421,-0.003762307282480251,0.08502226595906237,3.5202344790053357,1.295195249531867,-2.4008287067794565
0.007574933502514965,-0.01457832187889003,0.007031704154289542,-0.003724095593854907,0.08965457019864582,3.5093407159141585,1.328437930361469,-2.387893952173435
0.007604668636044511,-0.01459251476705933,0.007057629789570042,-0.0036805488755116823,0.09464214386455098,3.4955392072549216,1.3654211930362001,-2.3723817702924443
0.007647247915431681,-0.014634089962462897,0.007066750488773453,-0.003587146748327237,0.0992056273890655,3.435193312530768,1.4210192179370684,-2.3272051282845223
0.00762442559225017,-0.014615422345311253,0.007057608360120988,-0.0036319648767788835,0.09639626151673142,3.4611188539122644,1.3921491524481773,-2.347862375910877
0.007671622885457528,-0.014652065888779015,0.0070783875278765535,-0.003542009980572996,0.10230335337925371,3.4104025313885487,1.4511558788844814,-2.3066581698593946
0.007693261411392802,-0.01467276063012468,0.007082114704918693,-0.003495309798440037,0.10413893849637601,3.379391640739057,1.4778812690002223,-2.2833010416422144
0.0077176650193454864,-0.014681921337640128,0.007104095478938348,-0.0034622311171554608,0.10831459869096541,3.36945818760418,1.506360678621477,-2.2708657129710024
0.007733869548684762,-0.014703376627770976,0.007098347355466539,-0.003419071491873596,0.10895416460134744,3.3346882954559054,1.5261099223969732,-2.246802917627168
0.007759678859754,-0.014716975960896966,0.007115535694522599,-0.003378493679665129,0.11253592066364008,3.316006223097601,1.5558140969191003,-2.2289244373687414
0.007781338336298616,-0.014728698041667883,0.007129150084494178,-0.0033438628663303794,0.115480881359422,3.2992717587227056,1.5804790451742292,-2.213244424328382
0.007465802541271872,-0.014547269870502165,0.0069070499537473235,-0.0038488586441908887,0.06896885323055824,3.5139382053891306,1.197975965840677,-2.417341342983194
0.007433928891959225,-0.014559669609780154,0.006845463206513676,-0.0038519561670313164,0.06140132499345257,3.4757206506171836,1.167271613728017,-2.4029286617912597
0.0072411993836730216,-0.014412545033400042,0.006707124515783696,-0.004193433863038584,0.028565535912292325,3.608149909887431,0.9031215729277199,-2.5177539011084176
0.007210644454157389,-0.014414910808721851,0.0066566709167064034,-0.004205818268939864,0.02163934230108664,3.5818510216941326,0.8734521028635271,-2.508386527080212
0.00732867442461653,-0.014485335010596595,0.006768064838922489,-0.004030630746800976,0.043815808475294,3.5436578034008313,1.0280231524532766,-2.464105138941895
0.007303874127055458,-0.014486908173294488,0.006728427293087226,-0.004042854902349772,0.03847407185868852,3.5252986169085707,1.0029219665806732,-2.4586032518198335
0.00726484652801011,-0.01443775979386257,0.006718758458822716,-0.004140996070885867,0.03232217095686379,3.5823783641123117,0.9400781182243642,-2.498685253819842
0.007283884120474413,-0.014470582848481529,0.006714664424154385,-0.004079418756115137,0.034992031984109086,3.539884768815007,0.9751303346327108,-2.4708336876682586
0.007349924806205401,-0.014508736015805386,0.006775482782866452,-0.003982090908552502,0.04702602092406419,3.516511879476926,1.05989712419364,-2.4442957314791385
0.007378724876019222,-0.01453504410988859,0.006790427916953126,-0.003924504268548133,0.05139028813162294,3.488264793658867,1.1001448186441793,-2.422150109853618
0.00739928524049814,-0.01456818041647771,0.006784659783717026,-0.0038620428859098255,0.05364242176870259,3.4432524543459166,1.1331282830697733,-2.3920081073400663
0.007049689245830832,-0.014323461767653879,0.006484763698285511,-0.004425859452495444,-0.010061277006125855,3.5998854075564837,0.6648142385915571,-2.5444360647194357
0.007089391426089289,-0.01432896234646985,0.006543931322888206,-0.004400338202612666,-0.0019076327019648621,3.625173283803746,0.7051676150858399,-2.5529832895103794
0.0071195312276911065,-0.014354709512755614,0.006569137598717426,-0.004345609400425814,0.003975115489541736,3.609125634684457,0.749928563050568,-2.539207783106937
0.007154324708843128,-0.014370049109908333,0.006610536028535403,-0.004304901313403254,0.011187150673055441,3.6124439023912016,0.7927431745583843,-2.5354609236473284
0.007187288943023319,-0.014392445542976862,0.006641646818653326,-0.004253163718489865,0.0175788680467404,3.601437573244904,0.8379807836474662,-2.523632827927368
0.0071832529260538285,-0.014431897565320578,0.006597328609676198,-0.004193213721471827,0.015687611446658183,3.533702246280456,0.8557756477158186,-2.4856452859122977
0.010369009003006184,-0.015200924717912834,0.007895962521940204,5.604200046186906E-4,0.2190166251636794,0.6169177607578115,3.1068238658631917,0.4294542814285953
0.010345009832849916,-0.015213635427108158,0.007877817505307918,5.215257544127248E-4,0.21684938208014998,0.6403179847303454,3.092802972074879,0.39756562010456303
0.010403233504072159,-0.015211859187570342,0.007867141665281303,6.088486767471089E-4,0.21540797026518588,0.5684997416969885,3.090810300801117,0.4666076008797403
0.010441395955368945,-0.01522824248759862,0.007826642654523703,6.609212876420673E-4,0.21068285795563083,0.5133615779856503,3.0671333043706883,0.505937140526239
0.010478248213661293,-0.015233538578289144,0.00780622289066175,7.13470510844555E-4,0.20824362303505947,0.4656193179016224,3.0561303298160305,0.5466158476858886
0.01049643239761566,-0.01525854996555634,0.0077551950136714246,7.322643652402411E-4,0.202905863012841,0.43289609302533083,3.023819407538187,0.5586726431684211
0.010530037624579677,-0.015268702888271578,0.007726175622906264,7.773624334786603E-4,0.19958426954207562,0.3881798888148153,3.0066083677748483,0.5929765538536781
0.010569826867846287,-0.015281191195355865,0.007690370195927593,8.29815901256784E-4,0.19583455688077356,0.33600281803098525,2.9849899330059007,0.6325357056284312
0.01011353705679217,-0.015242901395602134,0.007856831558250123,1.7066393440024746E-4,0.21707124570512867,0.9073377399774226,3.0512487095471905,0.11886859669321802
0.010154321871183081,-0.01525185402715718,0.007836842433618459,2.307936878884708E-4,0.21427226495490573,0.8521540149549861,3.044278829851628,0.1654730627674487
0.010294768225740379,-0.015220001730176444,0.007876239184973889,4.4505260111641867E-4,0.21740620360636811,0.6992707603999185,3.086740172370528,0.33667556342575966
0.010264637605470972,-0.015232998608380822,0.007857430014838353,3.9769426366699024E-4,0.21559083178071584,0.7290937314663798,3.071262899359038,0.2982435861308175
0.010232206818964347,-0.015243072449093995,0.007843806132316602,3.477883782707826E-4,0.21426111341071788,0.7629339804137584,3.0587113759626807,0.258136907880746
0.010195213784768566,-0.015257625544508416,0.007821765049625421,2.909032187297745E-4,0.21214184351279353,0.7990917738598898,3.0399724821005387,0.21227292681326898
0.010324923452295152,-0.015239173196750456,0.00783475990383793,4.862147654586802E-4,0.21261275593029852,0.6514740894179978,3.0628147333605997,0.36744008759500074
0.0100366421577862,-0.015222616750676883,0.007898185888516984,5.5938040468214505E-5,0.22266456516149583,1.014708294290654,3.0655135711674117,0.030132968837789816
0.010000014917816324,-0.015235665004878891,0.007873978958462676,6.336105630949841E-7,0.22023735775648448,1.048995414595163,3.0438588522414807,-0.013883363055520475
0.01006826333489184,-0.015244782185331412,0.00785577427221544,1.0283151485937123E-4,0.21744658622039095,0.9604907838889466,3.04368294184409,0.06566974823455983
0.009965215815988322,-0.015265663759667735,0.0078175338678767,-5.082881361184544E-5,0.2143375100234881,1.067153825284832,3.0020697198876887,-0.05533864477121499
0.009840843350603324,-0.015231301080746046,0.007873104768882313,-2.3876119479231586E-4,0.22220855432894498,1.239833686407809,3.011910726756461,-0.20000027700588446
0.00987428730967476,-0.01522548493888008,0.00788729222568539,-1.8905172320452516E-4,0.2236656233853717,1.20587128020317,3.0278347184541965,-0.16124864689907928
0.00990062756587761,-0.015237901640122016,0.00786608142989799,-1.4850887327703236E-4,0.22069421169222733,1.1646474333992067,3.0200402167405542,-0.1301753527022926
0.009929143347074409,-0.015248853836974326,0.007847356439187105,-1.0517134018493068E-4,0.21814676421375925,1.1224814610930334,3.0140295015387975,-0.09695052833155554
0.009809131586072524,-0.01525554625168073,0.007824139163570392,-2.83195694818014E-4,0.2171602095301608,1.2551463074476403,2.9747261749881724,-0.2349635351078829
0.00983711949418422,-0.015266722064753019,0.007806769343275658,-2.4042616172962502E-4,0.21460437261912507,1.2138347056308245,2.970111340171963,-0.20230773766721696
0.00977081372280836,-0.015246166043222785,0.007836166673929614,-3.413873881850764E-4,0.21877317575793875,1.3068031224945456,2.973411650283088,-0.279553792753414
0.009736797982108742,-0.015228537854326025,0.007863423519846868,-3.949479758851194E-4,0.2226619648069942,1.361371362738519,2.981856159458206,-0.320485570951776
0.009591313668507339,-0.015194519575283172,0.007894342589179785,-6.20271788577723E-4,0.22825596705788795,1.5569693283478312,2.961616184086728,-0.49234282300041565
0.009563341424589117,-0.01519384796360033,0.007887661960407783,-6.62272413617859E-4,0.227740017367442,1.588105412300303,2.949450009425973,-0.524152743802948
0.00946545996987204,-0.015184616632211394,0.007873119984027852,-8.107997284058259E-4,0.2272034216971616,1.7025322018525222,2.9105464075294267,-0.6360512356790767
0.009499687061128857,-0.015190485599074535,0.007874007675085379,-7.580639470518904E-4,0.22693785280770998,1.66000448790704,2.9219751505384903,-0.5964623727482552
0.009533241377438871,-0.015191799096529677,0.007882396737333807,-7.077686980420166E-4,0.2275745988541524,1.6228233733540154,2.9372668417982806,-0.5586075578771132
0.009606017286977717,-0.015222856012117853,0.007845361739291736,-5.907879355970224E-4,0.22213085991325313,1.5116545131307804,2.936756914043519,-0.469866842635321
0.009700526294424878,-0.015238016350609345,0.007838940558125111,-4.471985379949889E-4,0.21994623004119715,1.393087682970094,2.9580192973876875,-0.3606551413639736
0.009663653287257642,-0.015232245494351267,0.007841863596594183,-5.030964675070277E-4,0.2210314223781912,1.439254954162015,2.9502841097032086,-0.4031607207740813
0.00963098403184301,-0.015256003036336233,0.0077902972580792046,-5.456897180958391E-4,0.21523547816748773,1.4516274523953285,2.910830481452053,-0.4357131968137522
0.0093561846850655,-0.015169383170749713,0.007858504032650197,-9.77730023463673E-4,0.2268518342850496,1.831933307359648,2.864880635646203,-0.7603064095168103
0.00938310273948771,-0.015183524227774066,0.00784360029649722,-9.324102817390856E-4,0.22463922026146557,1.788103371988594,2.8659919068919772,-0.7263309955756743
0.009410016843080144,-0.015190506894061045,0.007841457584648735,-8.902263836691584E-4,0.22404495875305508,1.7528950624854613,2.873999963055823,-0.6949959393565571
0.00943428151323273,-0.015213443839627463,0.0078083896005224996,-8.460491917381184E-4,0.21980498959686925,1.7020319668460802,2.86327121280878,-0.6614795333221287
0.016916691665953144,-0.010599975691385018,4.680976274358075E-4,0.005378345591724557,0.10399750135530794,-0.30306122558253823,-1.6405318807001699,0.6245697188273356
0.01683476775336671,-0.010797899233756084,6.304815074802269E-4,0.005431581302491322,0.10882995167419604,-0.4129607691352747,-1.6403188787548477,0.7463887047025308
0.016851239497648267,-0.01101044288752051,7.821342413427678E-4,0.005359354814194744,0.1055638133263402,-0.5112870459255863,-1.5808347463176575,0.8363618881434042
0.016845210138815004,-0.011233137364215896,9.402147182584257E-4,0.005296628554282457,0.10692908479729972,-0.6117932419991282,-1.5214847440506725,0.9314646061543378
0.017154800477787745,-0.010518785307700377,3.7583199628816625E-4,0.005131315735158738,0.09361682836231432,-0.24134398906086182,-1.5422304719349482,0.5183331827387293
0.017427301029204083,-0.010317104143797794,2.1831518745150239E-4,0.0048701916532635095,0.08364637907603124,-0.13291325915080351,-1.4481509435030782,0.3711684655455039
0.0177371128408891,-0.010214584008265139,1.4173362045174871E-4,0.004575915758299496,0.07323550398976499,-0.08190719824435981,-1.3343619461757095,0.2820512125439034
0.02241945327546329,-0.001951766638142352,-2.783188740068644E-4,4.128628782834671E-4,-0.2706929003273834,0.381989446353552,-0.14069515442453828,-0.36503031365010585
0.0215973561259162,-0.0026768900217382713,-4.629164564210496E-4,7.215511949025809E-4,-0.203439761476679,0.48114153559637635,-0.19469787759166202,-0.452870768988255
0.02085176582906548,-0.003792688671829036,-6.410283425281804E-4,0.001206113164868266,-0.13832984262157663,0.5524896150480535,-0.28734380518064256,-0.5123974788052844
0.021483916113425986,-0.003435407367773083,-4.7561328479228465E-4,9.447744331567565E-4,-0.18244147129938726,0.4792109123061861,-0.25177991953131473,-0.44875717821032435
0.02015204888847786,-0.004801488872698679,-8.031678102272776E-4,0.0017370317309205912,-0.08100288827533654,0.6082783456539261,-0.39318674851396956,-0.554198405095489
0.020889937573300276,-0.004465409638837321,-5.980593652933252E-4,0.0013921486002282364,-0.12655199850633378,0.5228006950614246,-0.3417469945115643,-0.48215259927153126
0.01964640836317866,-0.005851902408079118,-8.635864471897896E-4,0.002283828923001349,-0.03772323803312083,0.6172693472642935,-0.5282893787771537,-0.5493814924432422
0.020208881157939854,-0.005482327690086229,-7.25121376812009E-4,0.001933306214190117,-0.07071388044071138,0.5607919901284143,-0.4568531856587457,-0.5065970230775977
0.019152328019422543,-0.006717047277160718,-8.881265299296085E-4,0.002811456160030709,-0.0029823132378954532,0.6133825209626947,-0.6778760367250168,-0.527401791294894
0.019728769835194546,-0.006462749431865313,-7.49728470924557E-4,0.002441251286453489,-0.030728254599104814,0.5493624787261956,-0.590236497225161,-0.4818867983279061
0.019112318917900516,-0.00734968126525108,-7.618646458479092E-4,0.003033527188796639,0.007304642414793518,0.5345260603062058,-0.7641065823077675,-0.44373678872065797
0.019160269170616535,-0.007909118121439494,-6.078491790987328E-4,0.00315469750707838,0.013324243994443322,0.4348778780043775,-0.8218025580011871,-0.3449501068907446
0.01796537678158518,-0.00876853766059839,-5.868539320009269E-4,0.004223045930551222,0.058960831668296194,0.410135988166955,-1.1987328020961698,-0.2392688809763924
0.0178598003424389,-0.009078693256470292,-4.586053706959055E-4,0.0043776349733038265,0.06516572743745556,0.32400130786135994,-1.2659945894481952,-0.1413670717840532
0.017930445565230962,-0.009439550243919959,-2.645774373395506E-4,0.004369039796579369,0.06326307399763385,0.19355844198441943,-1.2664337448261096,-0.015714515061310306
0.017924053610622763,-0.009905874873381995,-2.5294736917877182E-5,0.004406688061778244,0.06710500296768684,0.03126992513766977,-1.2775216693316427,0.14956441102175155
0.01832654360933036,-0.008535292270432872,-6.034072548185243E-4,0.003880536971824285,0.04640013242825053,0.41996020887285695,-1.0680933764502882,-0.2808324289177795
0.018884374309850245,-0.008334172830579963,-5.48437054706992E-4,0.003433119512762511,0.027193424122546793,0.38989518257211847,-0.9174119624142874,-0.2846446239397273
0.023729534069546154,-0.0027769105066189526,-6.827020457678547E-5,3.0274375623176895E-4,-0.35176455198363693,0.19238561117070938,-0.20654437150541247,-0.18451874218247188
0.025,-0.0035952450336350986,0,0,-0.42920722737443545,0.0019671596115203565,-0.29174247126900305,0.006869191698791165
0.015829498688012353,-0.012368599862723035,0.0023082875232083955,0.005727010047208426,0.14789870495036506,-1.4266000011805071,-1.312309744367357,1.9235794344911243
0.016013059197554733,-0.012090863043747707,0.001981184000286316,0.005750987423493355,0.14282700010689317,-1.2530475828549752,-1.4408034081589307,1.7236836083548812
0.015999499743949305,-0.012293582010334363,0.002125432235350229,0.005614230617425436,0.1385703233130273,-1.318339270897546,-1.3266449851309543,1.7746103523958399
0.016782244234805576,-0.011500407267178001,0.0011448851686455448,0.005262318229256837,0.10857213477139374,-0.7358364120650753,-1.4615580264578727,1.060206333625981
0.016553345893467093,-0.01168646645363066,0.0013738422487950457,0.005418132564781212,0.11650755706999939,-0.8820417367615032,-1.4730770013185006,1.2439045365913495
0.016394460836800847,-0.011892535817217033,0.001598291962297112,0.005474578226658602,0.12392127915343308,-1.015647629765006,-1.4356600428884077,1.402677421140169
0.01620941181429556,-0.012011876125032283,0.0017923247223567203,0.0055960869517021365,0.13246931576755128,-1.1345377924999598,-1.4312077198761626,1.558812192422323
0.0153787281650203,-0.012780189898404957,0.002972563223356177,0.005778256044262338,0.16453928250383418,-1.7616085608876768,-1.0609211571001345,2.3453315557542944
0.015537848318498096,-0.012717650029975592,0.0027780585238176697,0.005694945965950073,0.15589414907558627,-1.6564315807019614,-1.1081750166965258,2.198446738737179
0.015696053706519997,-0.012653623112096125,0.0025934234267255348,0.005608195097036729,0.1473369985427676,-1.555499162637143,-1.1450402607732715,2.057779932755467
0.015819292968573588,-0.012556238445818364,0.0024296229231886295,0.005578180184992849,0.14160691803645223,-1.472131152825784,-1.1962708381510192,1.9506054954133563
0.015307152698231179,-0.012933160476209241,0.00312459505528168,0.005678490977174141,0.16206002498479335,-1.8130120121511033,-0.9458047963427062,2.394639807432575
0.0152543391380272,-0.013104497889441381,0.003255687623727459,0.005534108553299528,0.15642870494105707,-1.841485442535441,-0.8193752082701664,2.4109312515345263
0.014276457745269082,-0.013771761621898608,0.004646856427999787,0.005271346620161714,0.1738107263478955,-2.2502407585837036,0.04642937430234289,3.0000693450616533
0.01426345370447507,-0.01385127375163053,0.004661657516712883,0.005162898440766373,0.1665377283214888,-2.2196429821447325,0.10033711645597419,2.9468166554917086
0.015025969596534699,-0.013296014850530896,0.003585273660506451,0.0054841092658719425,0.15936053269026682,-1.9644308666204875,-0.6341141175530248,2.5693092435739806
0.015173258616534338,-0.01324496769604895,0.0033975772515745578,0.005438024954350774,0.15242088505755477,-1.8809214234471754,-0.7073732907691086,2.449052192316404
0.015311351066116015,-0.013228025142810679,0.003238797792004796,0.005355384159548074,0.14490653451235436,-1.8018706271458265,-0.7466062680381776,2.3304442373818106
0.014348366881683075,-0.013751377488548627,0.004545067524905924,0.005271827659376741,0.17084358385769347,-2.2228494734970723,-0.014928419576490841,2.951401300107713
0.014408835339849012,-0.013720009284991388,0.004460107117513155,0.005290142997176522,0.1688860174763825,-2.2048143358527827,-0.07263909593959743,2.9205736445874644
0.014474810124850836,-0.013729843506877249,0.0043696777913699095,0.005247510935437603,0.16368982957989472,-2.166389248264039,-0.10735661223083758,2.8545222973875046
0.014527333168404028,-0.013663842709388713,0.004294557101621395,0.0053125871667940895,0.16662942773525755,-2.162904754014308,-0.17842510261472747,2.8518874592490224
0.014586464947068556,-0.013608326654729545,0.004209631919684272,0.005357758503248194,0.16682259840066485,-2.1497235903556717,-0.2452600352941999,2.8328717624442814
0.014678621899952476,-0.013586541534389422,0.004084927599255422,0.0053376671889022115,0.16272414648183967,-2.1049024462574413,-0.30594604690444355,2.760155708762237
0.01479262129872952,-0.013512555657369064,0.003926165721973269,0.005368152655546452,0.15960177407887957,-2.060403745446701,-0.4057400322321048,2.6946595600256744
0.014957039586498756,-0.013446579068904445,0.0037086263279260995,0.005349190120312217,0.1536339024747296,-1.979618943545887,-0.5119854572000319,2.5745723283092494
0.013551978943535293,-0.014327597951263557,0.005568015250279065,0.0045674170549002075,0.16064337190403763,-2.1650400674001244,0.9021411736155246,2.967752419159616
0.013515516120617542,-0.0143879941814851,0.005590570640091416,0.004475830134697657,0.15614470330933708,-2.128979501107745,0.949225408130857,2.9176163855280435
0.013466267444704846,-0.014456559268516484,0.00562426435755125,0.004370765667867067,0.15085645423063168,-2.0872716384950656,1.0079576208638736,2.862118669239596
0.013624229479050565,-0.014318824350863077,0.0054665457448566076,0.004584701192581093,0.15768293816899945,-2.1603728182141677,0.8291862696069989,2.9413933372163066
0.013807810013908814,-0.014236139989102198,0.0052344872216618776,0.004703215251674679,0.15563441905666278,-2.1751410199179797,0.636310531033407,2.925852794688932
0.013707501950997751,-0.014291584842511917,0.005357767448736074,0.004626018236889036,0.1557369288690791,-2.1628428562693913,0.7433499298056818,2.9260985268062476
0.013781766858638522,-0.01427770628614991,0.00525660413535159,0.004644729195233527,0.1525463651692416,-2.1559729429225465,0.6719961221699585,2.8992300066069148
0.014102863263707237,-0.013957369439147292,0.004879506688696384,0.005059701616456185,0.166632354034101,-2.2373433014102333,0.2747258235188635,2.9874802183542077
0.01417552410706448,-0.013935353259544212,0.00477846114903742,0.005071434856414955,0.1641582138706159,-2.2181789206938727,0.2080381959734038,2.94922038451622
0.014232819552724884,-0.013910458760433907,0.0047000945756701246,0.005089457180712517,0.16318419750610194,-2.2054919584611055,0.15332337179409714,2.924135565430868
0.013946588779526772,-0.014099530342795652,0.005076155698051566,0.004885941041805802,0.16189924822823565,-2.216104954225431,0.46565974264726995,2.9707036757852663
0.014021660483364526,-0.014066551979032912,0.004975862474830403,0.004920608521722873,0.1605953642249585,-2.209249064992179,0.3893544959802218,2.9489973519216
0.014092470684726053,-0.014038136714609122,0.004880571137941236,0.0049465068680480265,0.1590496689082788,-2.1985417120219837,0.3202179274351788,2.9230633912560147
0.013866835688238608,-0.014212943619438171,0.005157738500332993,0.004732222096978694,0.15491453523285073,-2.1737046820243937,0.5761772042341918,2.9129817113148673
0.013947242254395809,-0.014185127728367514,0.0050518318038669475,0.004763291868468495,0.15356492412377012,-2.166957650007028,0.49753506330533265,2.889068848494336
0.013146598830627392,-0.014632767936398217,0.005960844148445056,0.004044241244886441,0.14841040161909647,-1.9588394818441126,1.339295941356616,2.7559695468151717
0.013086219354967687,-0.014628960389752806,0.006048070191040831,0.0040282756490757,0.15190951114684803,-1.9529997114053315,1.4032781507881422,2.771151744337344
0.013050646801491476,-0.014672961799921502,0.006062925753756829,0.003953572635097448,0.14824605584991385,-1.9170539314258122,1.4360800419164284,2.7247789027683087
0.012747075184922291,-0.014676429020105597,0.00648138639069615,0.0038045350850282908,0.1638046196150025,-1.8337347399959276,1.7681130119052646,2.7362599235712537
0.012690821473223571,-0.01473034759233838,0.0065058680704179325,0.0036976806366446273,0.16017601172357468,-1.775996333060213,1.8139781935314037,2.665336768711328
0.012729938284553089,-0.014716823078255975,0.006465811276045551,0.003739001213811647,0.15960364483374634,-1.8000061624842616,1.7750123567868663,2.684790998028745
0.012994796157988304,-0.014677000200268039,0.006136747727312129,0.003925313980872391,0.15101059656801816,-1.9036298823638693,1.4948294744049377,2.7267497949328283
0.01279452875517368,-0.01467766073168646,0.0064141314967449846,0.0038288389442066658,0.16099385835397975,-1.8492581172803089,1.7140730992276454,2.735521676885067
0.012835918710795919,-0.014665584513986191,0.006367628060571206,0.0038672879513736943,0.15997920616446484,-1.8706149306941307,1.6709611737059213,2.750223585727126
0.012935418274593642,-0.014679999886059952,0.006216357890185987,0.0038951835640185614,0.15341598522837277,-1.8881882758539736,1.5581429313593442,2.728219532796167
0.012880076558534426,-0.014676435892507132,0.0062962689426985935,0.003874162816952152,0.1568265348782479,-1.8761403691459548,1.6192672249883842,2.7354984642300004
0.012375871940133804,-0.014890739495809177,0.006743834754668659,0.003272873546203754,0.15702060413750615,-1.5207697170122523,2.085582407008474,2.409024701817333
0.01244023181417688,-0.014844697366335176,0.006715360482208658,0.0033794434960561543,0.1594278268855449,-1.584429466664103,2.0407754122560444,2.481966375141561
0.012421336416525515,-0.014887139998836701,0.006691134701409687,0.00331168981070363,0.1548305550551359,-1.5485941584172673,2.040184744473751,2.4265153132218136
0.012495740438675455,-0.014832040705250849,0.006658088305341355,0.00343568032565016,0.15787064397858971,-1.6216827898231043,1.9871176753545086,2.5107639208499104
0.01255302249256637,-0.014805688617985147,0.006612137173195566,0.0035094757109787387,0.15843017224529274,-1.6666438513428103,1.9368324034976925,2.5542428327549582
0.012623764049275845,-0.014802832243271755,0.006522071973180099,0.003559380956136973,0.15485801393133358,-1.7007153404293696,1.861727070196553,2.5691426169981253
0.012681496648463082,-0.014789151115019442,0.006459614960249246,0.003613021812578263,0.1535745491966138,-1.7335443868104428,1.8044301723428802,2.5925805351501174
0.013279621560758981,-0.014553359238314752,0.0058302636433991755,0.004195229267899526,0.15041047911217195,-2.0238395911979183,1.2034898550449775,2.8160689953635223
0.013359072505979975,-0.014558481252296937,0.005715179695353842,0.004206936369791931,0.14577030000749072,-2.022411570302498,1.123207644442138,2.7871372281080244
0.013439421907566865,-0.014553111085064435,0.00560653117784654,0.004230455080086438,0.1428485659367192,-2.025010992728405,1.0440403468147144,2.7672792328604454
0.013230886934539715,-0.014619269938566848,0.0058534653929625405,0.004089443603229958,0.145384652919656,-1.9764015388369978,1.25305515704864,2.7535372098955473
0.013201271985094042,-0.01471248480431357,0.005827594537139613,0.003953052732380488,0.13786701509221397,-1.9119924287884142,1.2794288141814023,2.6562738190721205
0.01236256706919833,-0.014949272823997784,0.006692126344028403,0.0031906912181698184,0.15084713926154256,-1.4796200431781121,2.0684124563884314,2.3374436139031656
0.012310822950193248,-0.014962285376743203,0.006739195463527039,0.0031346134732679206,0.1516995433191571,-1.441668399381862,2.113362497496391,2.305344274107157
0.012201641882618746,-0.014992322133017821,0.006831631235596027,0.0030093631924959594,0.15345451822237013,-1.3559777985993493,2.203739334504219,2.229659157312469
0.012256751150940173,-0.014974988872526962,0.006788297399661489,0.0030757809305223542,0.15294997539887753,-1.4010220323126592,2.1599618949329566,2.271054118444321
0.012075203491789381,-0.015058130706753124,0.006891378079984564,0.0028238828909509742,0.15210375895891085,-1.235605873378258,2.281856293241456,2.1009196838457878
0.012133706397153329,-0.015056637689254608,0.006828437870871443,0.0028775827602293626,0.14947107745602398,-1.277787678498804,2.228318102185899,2.13028428339663
0.012188616115090803,-0.015054264838366365,0.006769824436626332,0.0029274203809789554,0.14710499412039602,-1.3160559991923135,2.1783888046903184,2.1570542034548112
0.011899748660630328,-0.015067218317077274,0.0070681430657055224,0.002647340703363662,0.16037658110561936,-1.0959897733876665,2.4340867721469945,1.9959647565151426
0.012013800859761087,-0.015059395136795961,0.006956874809712638,0.002765912630013016,0.15536976153057466,-1.189540029586196,2.3372434370467317,2.0682607622183258
0.011953188351221064,-0.015076933168969839,0.006998425482712989,0.002689457766948195,0.15639331533747322,-1.1352875846011845,2.3791108973928115,2.017242079674013
0.011859784191928234,-0.015104721134711209,0.007057614631006809,0.0025684994676296665,0.15757725312890825,-1.048195026118006,2.4400586918615392,1.9336044904007108
0.011799286672943946,-0.015132091653248471,0.007080085953128806,0.002479439724306915,0.15742743819619362,-0.9872421431194914,2.4694670587658227,1.8686466514492577
0.011742683466913817,-0.015167968756725644,0.0070841377871121445,0.0023859633515647023,0.15571966467234635,-0.9265453057427834,2.486342443354053,1.79766257313041
0.010978443791887097,-0.015221228567354314,0.00760157882084229,0.001423911881594032,0.18772924351865125,-0.13334578184756182,2.922058358495001,1.099338749233984
0.011223370537633174,-0.015200699793362686,0.0074735216196882255,0.0017569043279227093,0.17818408733247645,-0.40827364742240313,2.817889587088412,1.3520561050991797
0.011304834431129783,-0.015196537215151282,0.007419343333412251,0.0018616415478238501,0.17442291194626716,-0.49610446798760605,2.7732327026825057,1.4294113261322858
0.011266315465015069,-0.01520621625767099,0.00743289844714576,0.00180663339571994,0.17486147295842955,-0.45434283719881785,2.786892933765642,1.3874057294506874
0.011388554690739175,-0.015201859237507755,0.007345188348675769,0.0019590083710546153,0.1690552382754806,-0.5824987566867649,2.7145554519678385,1.497984609081457
0.01134273732055874,-0.015212007730141013,0.007365404946996105,0.0018959428355704454,0.1702428161109037,-0.5340742797839981,2.7341494120716283,1.4506696014057971
0.011019997005711941,-0.0152290488448293,0.0075630939907164905,0.0014745444949626058,0.18426037124775904,-0.18171188105242098,2.8944382200535834,1.1363473979007261
0.011065934992440102,-0.01523039068701409,0.007532018227617897,0.0015341359736364818,0.1817256376616477,-0.23375642129619126,2.8710013071648373,1.180965927468038
0.01111915148338263,-0.015220655881849598,0.007513440297463015,0.001609712489421839,0.18061852229446188,-0.2930688606804189,2.854499270200407,1.239232723974032
0.01118181095974811,-0.015225379767974306,0.0074627748931649284,0.001686723888983485,0.17636770102528815,-0.3619888492421488,2.815892094131712,1.295284539965355
0.01063833448916686,-0.015252496395001161,0.007716041897485682,9.376501642555654E-4,0.1980462058656894,0.2634357006237893,3.0034879616198125,0.7198517160246173
0.01067573819508988,-0.015258961400497907,0.00768936747453267,9.878862624123298E-4,0.19534342432210183,0.21665173876983765,2.9866988917300508,0.7581298029777672
0.01071152509710936,-0.015264151024075474,0.00766495760911022,0.0010358299348869344,0.19289082672457367,0.17265305432757716,2.9711204697226843,0.7946775969156842
0.010611013655266172,-0.015290758018382858,0.007658556940183911,8.844273770274884E-4,0.1925433459471302,0.28394777314347275,2.965588226466691,0.673962956508109
0.01095223139388071,-0.015253062629750031,0.007562619615063712,0.0013702476244899623,0.18383982896594794,-0.10636909638412982,2.8984514946149,1.0532161892211513
0.01075043627673042,-0.015276977397357602,0.007625153983793096,0.0010840845447060946,0.1891002723492037,0.12352445918240576,2.945149956169114,0.8304247555343898
0.010922715200526727,-0.0152799462550887,0.007533513682159638,0.001315880080340581,0.18085780859052591,-0.07580148258648485,2.881211627585764,1.0076831994552693
0.010792949709483832,-0.015272732117313257,0.007612675083874892,0.001144466089410204,0.18780435184357924,0.07469197209422739,2.936494142378377,0.8776163800697435
0.01082543069340915,-0.0152668796262823,0.007606913506215193,0.001191741818161772,0.18763124757464802,0.03798173846701013,2.9320594699276774,0.9148002055695574
0.01088461675692026,-0.015280847859224705,0.007552492120443744,0.0012645551394943463,0.18266237764131013,-0.03266122645518738,2.895004778460525,0.968518549691919
0.010851179267575733,-0.01528476914780447,0.007563127238114001,0.0012176247133311243,0.18324916666477564,0.005034675611309381,2.9030215875305587,0.932087614443715
0.011630565857722925,-0.015195748086084485,0.007147915800772397,0.002240600975833796,0.1578784533233232,-0.8184146167049169,2.549656349667997,1.6940853752132126
0.011687586230787847,-0.015188482246203448,0.007106432622649545,0.0023086025101818077,0.15576630911327816,-0.8716567790852822,2.512640621458711,1.740994119523988
0.011535364056277713,-0.015182181628040659,0.0072525699796717035,0.002146717240377228,0.16444209113525168,-0.732155214418401,2.6318154547116452,1.634017098658386
0.01157827455627098,-0.015222403425310765,0.007154991486357026,0.002159725372412044,0.15698604618889792,-0.7634080100857491,2.5649598196724046,1.6323233403747264
0.011613951886139135,-0.015251765450456948,0.0070808476498589856,0.0021730118744281873,0.15107451129317326,-0.788166314899193,2.51432018788054,1.6327420168404108
0.011483223572188788,-0.01521599588799863,0.007245765240774439,0.002058292856227389,0.1625908962037792,-0.6744326289774517,2.6375488970341077,1.5641545140568633
0.011429163198743906,-0.015231730675964693,0.007266106550751035,0.0019828476380140147,0.16315754422963533,-0.6186905733404929,2.6592087843417986,1.5077246993731375
0.004851835942708987,-0.01120361303917146,0.0018041812493134691,-0.007756551495206064,-0.16751746083977584,1.1725956629530183,-2.283114869689903,-0.5306807287073498
0.004858009684217554,-0.011247610096949898,0.001866638965215148,-0.007733616935649722,-0.17644202729726519,1.215842734790302,-2.268771476069183,-0.5734853612508922
0.0048697221335106755,-0.011289993645752899,0.0019303649172561148,-0.007716639527329759,-0.18519578076710125,1.2596259127608114,-2.2587105381462784,-0.6144815080585785
0.004876129083442361,-0.01133520604542786,0.001993612111633874,-0.007690985867810121,-0.19385383722984753,1.3035093692675837,-2.242269485734116,-0.6579418996235873
0.0049051037813531055,-0.01139790736480398,0.002095604309759509,-0.007674642992065273,-0.20700944785141373,1.3731858876166851,-2.2337826938408534,-0.7185760590578135
0.004866560860606911,-0.011376311592481097,0.002039059028065181,-0.00765063911976679,-0.20013014185069036,1.336200001342452,-2.214491901408636,-0.6966781580766871
0.004941410563576062,-0.011562837438237269,0.0023298562739919146,-0.007579203502700254,-0.23556245125227468,1.535966472049447,-2.1710313827202943,-0.874730857422106
0.004911787333950034,-0.011438713555111555,0.002152439466170301,-0.0076500249642511555,-0.21437342306137366,1.4127391466529817,-2.2176497680793754,-0.7574160680988445
0.004929793521807508,-0.011484126702221957,0.002223623408237701,-0.007632551816776308,-0.22308250969888552,1.4615910231696174,-2.2071123829947212,-0.8010076576107281
0.004935195230503155,-0.01152246576793066,0.0022754429457606737,-0.007606699675332754,-0.2292867489025292,1.4978227276281542,-2.1896987557032577,-0.8370225781093094
0.005115736175539242,-0.011858438862053573,0.0028380119975073112,-0.007479388902582373,-0.2879736664865245,1.8842942512396534,-2.1100151376355076,-1.1633310970873152
0.005115532106629655,-0.01189674988739478,0.002880087668886826,-0.007439570192026575,-0.29050045207842995,1.9143544389851856,-2.0805724602378426,-1.196356541747926
0.00499844072873455,-0.0116515446929158,0.002486195978067825,-0.007559911401452777,-0.25311064156247925,1.6424220701862324,-2.1612388438396173,-0.9614128517953308
0.0050810590512080905,-0.011835053115862823,0.0027766825438195817,-0.007468358148419813,-0.281345430253801,1.8430827861553813,-2.1000345496322375,-1.1366731043637557
0.005060553218430791,-0.011795121721856273,0.0027114115101717936,-0.00748750105379812,-0.2754465481637409,1.7980863556597766,-2.1129139366249015,-1.0982956968815971
0.0050498104437285045,-0.011761583934842968,0.002662724320566402,-0.007509339696907163,-0.2710949738036245,1.7641254665030843,-2.128165352622893,-1.0669959188760816
0.0050438098444297,-0.01172219747568634,0.0026114025986935974,-0.007540915554310787,-0.2664714371742636,1.7279362754267997,-2.1505979934040735,-1.0309715114740532
0.005018155259714881,-0.011684117215623006,0.0025427423382435015,-0.007550325059699408,-0.25915739883209216,1.6811028396806689,-2.1557284693795875,-0.9932856721709388
0.004922040154564273,-0.011601630629820312,0.0023596662941439256,-0.007526320308246016,-0.23828335079567994,1.5586993459760314,-2.1327455084526394,-0.9079047612537064
0.0049579164674866325,-0.011640252831119299,0.0024365647312850074,-0.0075287795952141846,-0.24710293078626994,1.6104157408881226,-2.136674851568607,-0.9465054096742203
0.005152312193527296,-0.01194551141825769,0.002971812054882041,-0.007424486977813896,-0.2983548690498507,1.9774320647649966,-2.0710172222146706,-1.245682573394137
0.005160625120869392,-0.011980561928485877,0.0030181250736423075,-0.007394779190218603,-0.30126161761060083,2.0098995013919048,-2.0490738672448647,-1.2770188128812576
0.005155291923487776,-0.012015944052432274,0.0030491788324201355,-0.007350847441844823,-0.3020612121285635,2.0320838414795,-2.0157581565271125,-1.3047688696408872
0.005118105521765054,-0.011933563930762052,0.0029225744796614844,-0.007403489972321882,-0.29304754442855147,1.9444271467776593,-2.053856682959595,-1.228054853544968
0.00515480106522492,-0.012047437102460817,0.003080747503775742,-0.00731556335039405,-0.3031128579017918,2.0543297305795973,-1.989024886134539,-1.32996155009858
0.005158156463392945,-0.012080560152506453,0.0031175949604816083,-0.007281747198700985,-0.3045644273805495,2.07997492355959,-1.963449220975928,-1.3569479254598047
0.005197669756595547,-0.012097899864169152,0.0031795472821132954,-0.007299421807743042,-0.3100531333691303,2.122429418411698,-1.977842168168621,-1.381836990328427
0.005206988521615292,-0.012140458954068015,0.0032318759968833033,-0.0072591313538635524,-0.3121464314183378,2.158619438436045,-1.9471410502824456,-1.417516777393647
0.005205000583647802,-0.012179900245834815,0.0032670656229342814,-0.007211242549457466,-0.31227372231504075,2.1827238204947856,-1.9102897686287041,-1.4465001738145415
0.005613753786601863,-0.012833656594295723,0.004302274451471481,-0.006671152537530902,-0.31477910510866497,2.877228736274361,-1.4588121701467,-2.0207277008620927
0.005420639383140983,-0.012526820441474925,0.003832290019977976,-0.006960689204240812,-0.3268796232202201,2.569197053296191,-1.7092206806921706,-1.7649719944591047
0.005382752387898271,-0.012508565154539202,0.003767811270468535,-0.006954006837370909,-0.3240397713247382,2.522966194990516,-1.7052783614046876,-1.7363631759729847
0.005333128499877133,-0.012325538210876875,0.0035552732545510216,-0.0071497499430205206,-0.32661036687884737,2.38249135896869,-1.8625704488418797,-1.597347030898825
0.005349123798004275,-0.012349712823349833,0.003596561152499526,-0.007133175084004245,-0.3275168916312827,2.41105150177576,-1.849272688128946,-1.6204600524900805
0.005352557595498444,-0.012379009499582469,0.003625737198059399,-0.0070984683624191304,-0.32708519090983884,2.4304385794090124,-1.8215511235434179,-1.6417837769693477
0.005364033322291468,-0.012408392772949493,0.0036648947089643036,-0.007070340726793862,-0.32702413564684774,2.4568691977921713,-1.7989153882241824,-1.6660175988885995
0.005335821557930477,-0.012440242803479681,0.0036537149842223266,-0.007004773785059446,-0.32294000569594367,2.4455638908766564,-1.74733015905414,-1.673940132079442
0.0053597672946790525,-0.012474021298799284,0.0037112487534660178,-0.0069807235142495235,-0.3235184987419331,2.484720960757949,-1.7274524489314567,-1.7052505931932147
0.005588253762056632,-0.01280497786437497,0.004249105172519058,-0.006695643773713275,-0.3166145280095694,2.8419032134287505,-1.4815391657713677,-1.9940403599087568
0.005557018243792093,-0.012790389997491308,0.004195273554017479,-0.006694732816382276,-0.3159589081565307,2.8027596194738567,-1.483970302946691,-1.9695832627360743
0.005545612733301441,-0.012764296314661834,0.004163955786088165,-0.006724426130410404,-0.31802453466916686,2.783974041370062,-1.5091670373545798,-1.9520329435777894
0.005536451225471887,-0.012738014903310401,0.004135380599497713,-0.006755706194955863,-0.31968469243669745,2.7670992356992943,-1.5354769430961115,-1.93523524931041
0.005488039075561357,-0.012665542243532288,0.004021470255707356,-0.006822531401699104,-0.3226249450264574,2.6925060702987023,-1.5935146880598239,-1.8742694526197916
0.0055004317917339545,-0.012698326086780466,0.004059726597399189,-0.006785593775774075,-0.3207882662244294,2.716035253670401,-1.5626186179408152,-1.8968362266241692
0.005509579503760386,-0.012728335623156579,0.004091063023910286,-0.006749703592861004,-0.31866371199868243,2.7343503376740133,-1.5328725016846398,-1.915636187912959
0.005425745306406365,-0.012564384883751617,0.003866468316350863,-0.006913773001998494,-0.3247738063410975,2.590013343066953,-1.6711200616023654,-1.7888819747830886
0.005434160084432201,-0.01259767797538805,0.0039012754941755707,-0.006874944534065189,-0.32343007296460713,2.611557950856191,-1.639349698505656,-1.8112217668573491
0.00545237872186134,-0.01262559571943462,0.003945383767336927,-0.006850740787771708,-0.32265361178888874,2.640746869434189,-1.6187384878227458,-1.8351730550502066
0.005452258270462112,-0.012656936438809482,0.003965833757798134,-0.006807141055097554,-0.32031974476264224,2.6512527764558875,-1.5834773625674041,-1.850982153521448
0.005204563621923682,-0.012218737071195038,0.0033024242299462964,-0.007165086247928617,-0.3122879081376513,2.2066848125505856,-1.874487487384467,-1.4746749022576844
0.005221835093292898,-0.01225880367903783,0.003359062988862106,-0.007132744971613318,-0.3142082484214428,2.245253363266641,-1.8494167416012701,-1.5090264561742865
0.005232762464977309,-0.012289141132556516,0.0033989420852776077,-0.007105749199814071,-0.31516239221929654,2.2722060261272192,-1.8283934576702479,-1.53393260812575
0.00529606415915579,-0.012321487728448897,0.0035050353081380443,-0.007121764138376817,-0.32202657420297576,2.346399720360331,-1.8405606242789567,-1.5801016570639772
0.005260993531518903,-0.012308006462474541,0.0034498397333217142,-0.0071075140520736125,-0.3183878719897056,2.307383129793014,-1.8297530016709518,-1.5573014313659785
0.006595868427531841,-0.013885532381937689,0.0060109174633834195,-0.005267828056691817,-0.11588162498221587,3.7141079004281896,-0.07717556608708542,-2.643211110257147
0.006612938643284976,-0.013908905852977996,0.006029659482362498,-0.005226379939221755,-0.11110351555047988,3.7080505948279936,-0.04135298241452745,-2.640127352862424
0.006552979914070051,-0.013858971087069068,0.0059478517981893025,-0.005314849771348024,-0.12554334912883888,3.688859981195869,-0.1304914321270738,-2.629865394341406
0.0065659973639984725,-0.013887473668574787,0.005958042237061139,-0.005265177399516281,-0.1209404406994351,3.6729678147654607,-0.09133880966664637,-2.622013755040072
0.006463477745974212,-0.013781894205283382,0.005821425440325381,-0.005446118895834912,-0.14711197409611643,3.6532508196661904,-0.2632241377164403,-2.608598712263849
0.0065011417756613114,-0.013834234619596,0.005867793848675793,-0.005357059307374449,-0.13628174564408344,3.6481332695675817,-0.18472776613507744,-2.607992593624505
0.006480851551969779,-0.013808735524616464,0.005842163490339141,-0.005400469755758495,-0.14182960249544416,3.6485347502600054,-0.22378431917535227,-2.6072958000438944
0.006520407531006998,-0.013860815854245163,0.0058905503059346045,-0.005311473070484685,-0.13071567327614028,3.644208142504302,-0.14490845639889313,-2.60663043990826
0.006416182348113202,-0.013757375496919706,0.005747205838657061,-0.0054847073099698026,-0.15653125004110988,3.614003003999526,-0.3119906247551502,-2.5864348031178888
0.006390529668248965,-0.013709963910475065,0.005716295657882563,-0.005564117433305143,-0.16538265316352904,3.6243446484923045,-0.37923016573801066,-2.588830549689917
0.006401190158855024,-0.01373498391722266,0.0057278592750745335,-0.005521926134037556,-0.16117089292237255,3.6153040002525114,-0.3447154074129808,-2.585726207253318
0.006431817279894264,-0.013784086084027779,0.005765779357886352,-0.005439917567036018,-0.15157860593085284,3.6085556558913887,-0.27390196033791997,-2.5850085686707867
0.006403988082644467,-0.013781835024078532,0.005718653283380041,-0.0054414207165058796,-0.15579848045099406,3.5740389659434855,-0.28773666133373477,-2.5664722112541987
0.006362008685583139,-0.013708652562829828,0.005667145416550199,-0.005562494724282656,-0.1693178341390267,3.5864476389776017,-0.3905945249636224,-2.5684285499605526
0.006334532734246386,-0.013699802526826736,0.005621970083468257,-0.005573710286450474,-0.17414498006699716,3.557038249432423,-0.4103007751484787,-2.5518989848071647
0.006301164424027296,-0.013669384137773574,0.005571439722969626,-0.005620362101150273,-0.1816826906822152,3.5377402533462345,-0.4574753306250709,-2.538950571556072
0.006323280924849578,-0.013681439475687476,0.0056068516301727425,-0.005603468072352502,-0.17733177912940065,3.5576901434486343,-0.4362243291437583,-2.5507567534299898
0.005749795696610456,-0.013045961064620483,0.004604212198058246,-0.006434951495074574,-0.2942762170381632,3.0583170535801325,-1.2468945287336315,-2.1729506494088846
0.005720996443199621,-0.01295564154893003,0.004523739509344267,-0.006557818255317293,-0.3049532552932863,3.022182379274903,-1.3519837772222902,-2.1306289922995965
0.0057318870737533955,-0.012983011356458964,0.004552116669567524,-0.006522205725312708,-0.3019501151259198,3.036709694805595,-1.3210131178811946,-2.1455955777524207
0.005737118203691705,-0.013016142838976247,0.004573359680470048,-0.0064738357666883324,-0.2978520674409158,3.04324401126888,-1.280642710194518,-2.157557044575881
0.005698534957204327,-0.012939954025532482,0.004482175867984749,-0.006567482420230982,-0.30632371288757115,2.9929933667342117,-1.3631455561688066,-2.1110866590903234
0.005669694503258016,-0.012923706090086494,0.004430713303334368,-0.006573462469976909,-0.3071560387544449,2.9560217420434824,-1.3719351132801403,-2.0872989827315362
0.005613658250330106,-0.012871458846666474,0.004321403313571048,-0.006614726438533524,-0.31072032018346585,2.8827551239276943,-1.412683319395332,-2.0345473065229425
0.005640105273782503,-0.012901121033693152,0.004375406739303354,-0.006588079204410755,-0.30853271338923355,2.917902649450379,-1.3877140248366666,-2.061150272487857
0.005800336359289829,-0.013076215955622543,0.004694364180816772,-0.0064169493462894606,-0.29081437907005764,3.121685219284455,-1.2232655847863094,-2.2141494873392076
0.005764750442327928,-0.01307493352272382,0.004637721292286464,-0.0063983496419284325,-0.2907407684153633,3.075537669494587,-1.2145979032226186,-2.189099013269414
0.005816002139657158,-0.013104809615515654,0.004728477731775839,-0.006380353293267037,-0.28712249721747746,3.1392003636160695,-1.190462012458493,-2.2302786172210065
0.005835898519650796,-0.013133676638813752,0.004768880986471247,-0.006345200871401347,-0.28303720726979403,3.1615212391426626,-1.1580302267083227,-2.2488811589336932
0.00584441000041195,-0.013167673389082016,0.004791772957621632,-0.006295221615482676,-0.278565432408878,3.1669240296409797,-1.1159917855197685,-2.259255063426174
0.0058557256819344716,-0.013197704581198748,0.004817356311114529,-0.006252885554873585,-0.274442795226359,3.1757396625204772,-1.0796093878218824,-2.270365394623454
0.0058693319369148254,-0.013228202422852152,0.004846045168997539,-0.006210679603204271,-0.27016898620945345,3.1865714834038212,-1.0429541632560115,-2.2824372190075075
0.005881495966854357,-0.013262237315239614,0.004872386333720579,-0.006161791619913749,-0.2653223961862043,3.1935860675048278,-1.0013829366982538,-2.2928488806552125
0.005980253471122723,-0.013341488161350177,0.00504498615129572,-0.006076675656928363,-0.25105164927629947,3.2987535276485214,-0.9097547992337934,-2.364828301413455
0.005915604709924673,-0.013299447462269607,0.004933802617937987,-0.006117359449069192,-0.25937735442635923,3.227225579703186,-0.9582292533461633,-2.3181620274928236
0.0058927729538419465,-0.013290563031252315,0.004895517910721558,-0.00612144192668621,-0.26137850862977785,3.200040625861857,-0.967028492434371,-2.3016075024533
0.005938644797121201,-0.013328134001585732,0.004975249465377905,-0.0060808958592074025,-0.25467095476454066,3.2479069398869127,-0.9239017050176815,-2.3346327846467756
0.006253674488516357,-0.01364512180035778,0.00549497090914072,-0.005652656453209643,-0.18990370761304184,3.4928828318581977,-0.49950901745214965,-2.5123766375230834
0.006270600581100588,-0.01367659096687767,0.0055179109034386225,-0.005602553642386868,-0.18439324171564822,3.490641213606446,-0.45674127462780273,-2.513997685869495
0.006130159209319596,-0.013479328251784658,0.005301597889329477,-0.0059018004946261035,-0.2226904109878793,3.4371969650924172,-0.7294352694051539,-2.4623181766178495
0.006136787243166369,-0.013506720702223113,0.005311830570640577,-0.005857528925735136,-0.2185398175791046,3.429931362471565,-0.6935250398567635,-2.4620856176168147
0.006170168035665206,-0.013556833615970553,0.0053648897591809745,-0.005782487107373,-0.20916793200390962,3.4436055060478514,-0.6257690319219488,-2.475897091504171
0.00614737925972504,-0.013537546827132851,0.005327954360103298,-0.005808681601574038,-0.2137476785733818,3.4252108123416636,-0.6531650781866799,-2.4634679382029145
0.006222259940954077,-0.0136395417846161,0.005442736991695309,-0.005655565228380265,-0.19398968902087999,3.455235446362205,-0.5136130388751463,-2.491254912501224
0.006202126892487402,-0.013616305550920282,0.005412186709971257,-0.005690212945626743,-0.19878437730397505,3.4454204262613275,-0.5461898439319305,-2.4835484043000573
0.006177119094978205,-0.013586808072958367,0.005373677464331199,-0.005733800172769786,-0.20492098942120743,3.432701136601825,-0.5871906264185123,-2.47341444487185
0.006033383342101235,-0.013379076262464899,0.0051365065512485744,-0.006035906590655605,-0.24308362875519565,3.355356432639678,-0.8630353683992382,-2.402201171060504
0.0060499284568323024,-0.01341004982999467,0.005165908357035904,-0.005990523554120463,-0.2380430381653835,3.3635297703373683,-0.8228734055753305,-2.4116783692595614
0.006074800964967089,-0.01343056629888604,0.005208274856560639,-0.005965237363624933,-0.23325141084806617,3.3873945374434173,-0.7957930653342132,-2.427928928552584
0.006091695626174854,-0.013462017423805936,0.0052369519049808985,-0.005918320744632897,-0.22809659319228975,3.3938855261312844,-0.7543742208192671,-2.43615590574236
0.005995182922898429,-0.013378280281783233,0.00507309636480199,-0.006022144472431227,-0.24527297558056851,3.303723110052671,-0.8630773885845598,-2.3737476226141005
-0.004529597577346377,-0.00946325455047723,7.450987697520675E-4,-0.007724345167166395,0.21146610706672547,-0.555139273715031,2.118485701868086,1.1375583094153416
-0.004507930893644235,-0.009509748557518195,6.76128523337454E-4,-0.007714340470676824,0.1981860197758065,-0.5122047772719039,2.116296830082046,1.0845437454014892
-0.00451643592757933,-0.009419322425322358,8.005575640878158E-4,-0.007697642063500089,0.2152206433776279,-0.5928594150727506,2.0940578623328587,1.1707778425934874
-0.0045015260343509245,-0.009371823322876963,8.592646891662697E-4,-0.0076671223957641066,0.21900287252163173,-0.6326858970409618,2.066456387240397,1.2054559851684632
-0.004529274152019204,-0.009103599500523734,0.001220050063060513,-0.007588995215284993,0.26167752497677504,-0.8616008920486388,1.9770439715227295,1.4491611064841516
-0.004474150666658398,-0.009309720230830595,9.314505168101486E-4,-0.007617774793641922,0.22163682566070447,-0.6824095478084378,2.0234098213437552,1.2449812018922948
-0.004471034689504991,-0.009232329955086419,0.0010302336060232767,-0.007585507416515991,0.2308745935518697,-0.7463630679065134,1.9908708570914104,1.3087161416228357
-0.004462367642344651,-0.009164168863112292,0.0011133620205778848,-0.007548806913435937,0.23749723558267477,-0.80021218338048,1.9563178178513834,1.359852409367918
-0.004486809259880871,-0.009037471537996307,0.0012829794387852799,-0.0075149773963969135,0.2576827709987499,-0.9050766054620816,1.9160372401166421,1.475329284924667
-0.004644505897937015,-0.009990672834075745,1.3272570792788576E-5,-0.007926073759855155,0.12537114108344438,-0.058471919971366006,2.3187342176031085,0.6712306525927502
-0.004629751241174849,-0.009740431314462304,3.7728001211439994E-4,-0.007891113739798561,0.18097784401942654,-0.3013045302810155,2.26982351991601,0.917900441695123
-0.004623360642854505,-0.009698213648973185,4.372685411855952E-4,-0.007877630301252825,0.18836130553198957,-0.3416565389990271,2.2557441936502234,0.9570314482537946
-0.00452016741532121,-0.00957042168707363,5.964376267382577E-4,-0.007741973209636378,0.19013526147407497,-0.458535891680064,2.1430309898290667,1.0342968739738725
-0.004585056507227177,-0.009669145552061319,4.7214660880999477E-4,-0.007831154687035583,0.18579014587559559,-0.36932337593265835,2.2187117659679028,0.9692012769427826
-0.004547343283146926,-0.009625045724673055,5.268453109985388E-4,-0.007782432814882987,0.18608862793463718,-0.409763203622253,2.1784256342981103,0.9951435103147496
-0.004626968513894818,-0.009952335464445274,6.901981473566591E-5,-0.007906180015106087,0.13154600276229175,-0.09731396154359685,2.3008096637136837,0.7042874285807281
-0.004616179177304922,-0.009910708524430744,1.2912405113753875E-4,-0.0078927574603902,0.13917796313507405,-0.1383085329932288,2.287235953543677,0.742467573297276
-0.004617361124905809,-0.009877599778151655,1.7718767003646198E-4,-0.007892072028053795,0.14729506155156025,-0.1701333567597124,2.28370298430984,0.7761314679871986
-0.004601097433647335,-0.009771399297075831,3.288154409362269E-4,-0.00786409684388034,0.16765802677819697,-0.2725214204877226,2.253091574301503,0.8757062525272856
-0.004600134451065205,-0.009812960768195478,2.6904681358442666E-4,-0.007867792637589606,0.15853284199043238,-0.23295036807590455,2.259834891039125,0.8341785611690756
-0.0045986306011415,-0.009851363483577454,2.1366189312628617E-4,-0.007869719993799242,0.14956698155625034,-0.1963445666686178,2.264882243915537,0.7954801866661797
-0.004702746873955393,-0.010336238107512066,-5.022302594031134E-4,-0.007959997266136366,0.044333054482934724,0.28918473045846843,2.3716904336005826,0.33221201014976515
-0.004685617373751964,-0.010295986398930273,-4.397943522981217E-4,-0.007947974109863714,0.05305687904108224,0.24652261344481977,2.3599569890022134,0.3696685008880776
-0.004681655052013659,-0.010260499967614715,-3.868360180852261E-4,-0.007948943797207684,0.06200949160611326,0.2110093613435748,2.357856966725013,0.4051954927071481
-0.004662691112538692,-0.010229844901296145,-3.3919167113144515E-4,-0.007932105120320112,0.06760548742495966,0.17780029632120006,2.343336527821848,0.43192122697487384
-0.004655682410011134,-0.010188750613349347,-2.780853565410272E-4,-0.007929026313083483,0.07722233609281244,0.13650014269251243,2.337777044000855,0.4721822795809701
-0.004645252481835547,-0.01014893559590428,-2.1878554785948511E-4,-0.007921164696631617,0.0859249630655645,0.09613276181466024,2.3287976531594805,0.5100170184277161
-0.004636870727277607,-0.010110843563111371,-1.6249837485355059E-4,-0.00791460048473615,0.09428045780186177,0.057887791244508595,2.320850101934429,0.5464813125036275
-0.004615280605269488,-0.010025339613069735,-3.723261128451973E-5,-0.00789399508292002,0.1118168030247155,-0.027614395990634248,2.2984700354733367,0.6267064082759832
-0.004617975821958287,-0.010066784368141074,-9.744828330212047E-5,-0.007895982818704963,0.10227397125024452,0.012814646061805783,2.30353002709747,0.5856233627757009
-0.004606668543326371,-0.01018165477928649,-2.6292203232470586E-4,-0.007876177416973272,0.07239197260350229,0.12272480599102557,2.2989227389169318,0.4662438499501534
-0.004699701856398804,-0.010561497227682907,-8.311889523397042E-4,-0.007901523420014357,-0.015315758823968897,0.5096736422901719,2.3464227360183023,0.09993865307117182
-0.004670998561662763,-0.010401506082065243,-5.916334604240311E-4,-0.007911922376084778,0.023961978087509748,0.3473768953785452,2.34214221767983,0.2579435479247381
-0.00467311825855885,-0.010365428896082305,-5.39487584350437E-4,-0.007921743440670573,0.033550241782819075,0.31250864730215955,2.3464477974326012,0.29532423456156154
-0.00468826323343104,-0.010521456325247472,-7.699595597863378E-4,-0.007900792603381281,-0.0057020253659064825,0.468085103024055,2.343023126498124,0.13874378115159025
-0.004674992108208934,-0.010441511959376417,-6.50680965716014E-4,-0.007907157146894344,0.013942516196761878,0.3872669001838763,2.341731558539061,0.21785259744703758
-0.004680095736587046,-0.010481488545355182,-7.099091879212521E-4,-0.00790273820469413,0.004003924130527747,0.4273438019455897,2.3415062703347407,0.17801345335451813
-0.004636830589498434,-0.010429021930720874,-6.237056779939254E-4,-0.00786850424714178,0.01396979538541966,0.36755334897690733,2.312875268660104,0.2227977746351821
-0.004375257754488102,-0.008018236441185852,0.002266583124243155,-0.006721141361137945,0.25693933106222183,-1.4549524825173192,1.2630389222940874,1.958152502838881
-0.004425940436797923,-0.008128244491815016,0.0022146824408887478,-0.006850842535633979,0.27067898537373547,-1.4335469290169391,1.3518883385948992,1.958859800999217
-0.004443721529352409,-0.008228897701594998,0.0021378041269439836,-0.006946488763439929,0.2772073156658253,-1.3963589922590425,1.4240807484877889,1.9327907752956477
-0.004395040619559832,-0.00829643909807314,0.0020366676211709556,-0.006959701376381898,0.26688709747276296,-1.3447178450832125,1.4446235380039099,1.86679443709509
-0.004448417036391649,-0.008973914294068883,0.001341285301176706,-0.007445581967623579,0.25359557697267165,-0.9444537849103485,1.8590875498558572,1.499237158616088
-0.0044104225468670375,-0.008629019582983916,0.0017120586260684443,-0.007208768287938014,0.2656293699657502,-1.1681544705180311,1.6512450875889937,1.7047111527862628
-0.004415691533146755,-0.008383711470985713,0.001968114940596389,-0.007042448367285293,0.2714333255922718,-1.3092465625036513,1.508191864773458,1.8413161293880411
-0.004405318614198961,-0.008478771385673295,0.0018655771223315993,-0.007102418430427,0.2685632604371468,-1.2541840802647923,1.5604518258547888,1.7853773478565802
-0.004404662786455388,-0.00856082556487646,0.0017806036392873908,-0.007158469964775107,0.2658489587940424,-1.207080620320844,1.608592853880247,1.7400899307030675
-0.004415669007768607,-0.008894545148095899,0.0014179049354673399,-0.00737240747102971,0.2519892696275435,-0.9939188393515689,1.7980558268495013,1.535687864422209
-0.004368894601273354,-0.00870521092916331,0.0016036542207135162,-0.007219814046477064,0.251968236302694,-1.1073733175983616,1.6697555350277788,1.6297578903288092
-0.004389520385799726,-0.00880926053284745,0.0015009591033351142,-0.007300382609468608,0.2513127213947794,-1.045724705587485,1.7376306946081037,1.5769266579048782
0.004439252083915621,-0.007926586679227464,-0.002396078266935478,-0.006689385386240649,0.2669356488669545,-1.5157336241926382,-1.2270584532354112,2.0355173317373754
0.004403030697182136,-0.00782699242422131,-0.002441528981734198,-0.00657571904692751,0.2540039247751937,-1.5307834675528336,-1.1524355528902335,2.0330288577522104
0.004305032239220638,-0.0060056647122936156,-0.0031278369714656576,-0.00477870208263402,0.1198331771434685,-1.596455136097996,-0.2715683605206368,1.9515418919097676
0.004360409979734199,-0.006183173743584819,-0.003147195260758669,-0.004964390524534123,0.1320859548615401,-1.6261010839158876,-0.3240788601045454,2.0012994705466762
0.004363771430479744,-0.006390211842428902,-0.003101822454705406,-0.005168999974953675,0.14629580793120847,-1.6411002744190364,-0.3985969296536411,2.0316513032917247
0.004382415801221445,-0.007078874560010596,-0.002874566568959554,-0.005857153738962993,0.2005812659900009,-1.6508534262262167,-0.7110509599137105,2.0962739024652848
0.004378310939945817,-0.006920867280667828,-0.0029397288001535957,-0.005699651211508312,0.18704713952186405,-1.6561930419955588,-0.6304389671180948,2.0886942818021175
0.0043603655317147345,-0.0067430308807114375,-0.0029902262495671793,-0.005516576168532211,0.17224080703194988,-1.651213683031256,-0.5460702247260398,2.0670400815125376
0.004358593087532242,-0.006569187978860053,-0.0030460485566295935,-0.005344114930566326,0.15903002008048042,-1.6474398198553948,-0.47055491789082365,2.050037373921945
0.004418366540034449,-0.007498691228203884,-0.0026818086650015473,-0.006283005874194865,0.23676913734345884,-1.6167590468825428,-0.9522423724778746,2.101582580145264
0.004394160013392107,-0.007254792939474777,-0.002798740921545328,-0.00603483607306459,0.21485318399951647,-1.640761283611505,-0.8072770953757427,2.1017514714329226
0.004362487837365279,-0.0073864153059155675,-0.002695841457881954,-0.006144117520398811,0.22097185118929036,-1.6097686683590815,-0.8775547380428982,2.0723697356574795
0.0043707549623657966,-0.0077226521765467486,-0.002488800807665219,-0.006460628152271772,0.24329039184671108,-1.545578247068728,-1.0786328011696662,2.0317223892282392
0.004320365109777661,-0.007794248712130306,-0.002392917841620784,-0.006491043208258046,0.2380733553541671,-1.5040035987876474,-1.1082332420304495,1.9792520679540222
0.004336563710462594,-0.0076053173355048196,-0.0025374330146503785,-0.0063326162854743665,0.23053040920819237,-1.5586959348499487,-0.9997816051338654,2.027764075662763
0.004435029586812309,-0.008674085803131169,-0.0016790408302765863,-0.007260000210533308,0.26981349486180967,-1.1480322162038217,-1.691099706723739,1.694849417299389
0.004473410857812918,-0.008464676142998371,-0.0019287642036424828,-0.007151360951028903,0.285306182556969,-1.287575208248394,-1.5877010278005852,1.843869132705678
0.004463177949446547,-0.00839244577433352,-0.0019948903686672604,-0.00708923647033609,0.2821989878805727,-1.3233003283463323,-1.5371185501549005,1.87328684648574
0.00441723993602853,-0.008524748752347376,-0.0018267188825528194,-0.007144774199814608,0.2700463070489478,-1.2323659443679524,-1.594294988231782,1.7692231586054687
0.0043741422863074735,-0.00860020008288471,-0.001718991561500637,-0.007157846730924963,0.2579388355490473,-1.1732037001689843,-1.6146353338285666,1.695931285511204
0.004410695482634182,-0.008335975823791062,-0.002010828722247984,-0.007002553741677174,0.27054120338520943,-1.331418012012129,-1.4761784246183167,1.860004449300382
0.004386997878856466,-0.00808908413616685,-0.002216708423342219,-0.00678877135962785,0.2620520191705444,-1.4328112316510258,-1.3118022528589657,1.943285063595553
0.004382262687165352,-0.007998460768006926,-0.002288829327220948,-0.006709717068451889,0.2569813574681845,-1.4652568225964318,-1.253109263684833,1.9701027077601978
0.004352868909569761,-0.008250287836729497,-0.002047037447645082,-0.006890524569208821,0.2573501059567351,-1.349538075649937,-1.397400800427025,1.8552949150742035
0.0043065224409514,-0.008154542421935893,-0.002095855858711811,-0.006780480258695781,0.24675572762295964,-1.3724322228093715,-1.3205608749173108,1.8596372994087564
-0.004329309023036708,-0.007917274893740944,0.0023084907451473217,-0.0066030241736802124,0.24486696521297527,-1.4700290434709764,1.185241441702696,1.9540908297665924
-0.004294235854361936,-0.007814825313126283,0.002355309121216209,-0.0064915366414079745,0.23476577160501425,-1.4866505577398998,1.1132857654398352,1.9556298320880863
-0.004275931178358585,-0.007708110211593108,0.002414566162692342,-0.0063869201601498135,0.2272232707692278,-1.5078330533881408,1.0458917927582296,1.9663825772437387
-0.00427429931979215,-0.007597619584431814,0.002486313650543901,-0.006287968022407956,0.2209467230510592,-1.5331888375057818,0.9816431489248237,1.985501381564444
-0.004298279649633365,-0.007503753205696537,0.002566673048427974,-0.006217059612838023,0.21946861937125597,-1.5622314280520155,0.9332296897215121,2.015767934379898
-0.004328477683683246,-0.00722430781415378,0.0027513448037871677,-0.005971582924189861,0.20547409237923547,-1.6152314841814575,0.7836674653249381,2.058558378606822
-0.004264743703929272,-0.0073840900155828755,0.0026057166641810198,-0.00608831478142051,0.20837662801997595,-1.5680868472440532,0.8611809800253499,2.0061061989832485
-0.004120613808246748,-0.0059129168894140206,0.0029696809827366773,-0.0046518454346274815,0.10928604429265898,-1.5411234899146746,0.25956938998695683,1.86991114302913
-0.004163296368121193,-0.007113235804933851,0.002650338767239364,-0.005787762383785336,0.17997459806630747,-1.5603781034397082,0.7098976597985076,1.960941322925281
-0.004218262674664455,-0.006974810269678546,0.0027626631266153973,-0.005682809989952059,0.17685973888275786,-1.5910561459360926,0.6491202485781017,1.9949571902746448
-0.004173621118548794,-0.006175596010884064,0.002969253217857302,-0.00490945584725267,0.1251454505657517,-1.5708456039565706,0.334340372301246,1.9203168634378611
-0.004238056187767843,-0.006556904457788445,0.0029325145589464536,-0.005291324326189297,0.15065423631383298,-1.6049331702364833,0.46864457181298613,1.9868344034125245
-0.004177902746052788,-0.0063911155609350095,0.002921817522554495,-0.005114400407939672,0.13775244550083762,-1.5812731056870428,0.4077584984119526,1.9441270434851656
-0.004181976248283443,-0.0068336504646278025,0.0027846679259291083,-0.005534659051592886,0.16526945082326025,-1.5838254129663822,0.5834437393382216,1.972385192155086
-0.004157210279056581,-0.006695545888497103,0.0028109467620961114,-0.005395405663258536,0.15514266830394616,-1.57843643241837,0.5241083760040233,1.955161537904796
-0.003982127830512671,-0.003957573928805271,0.0029557917712079895,-0.0029363402766140103,0.05110794359410204,-1.354277842265413,-0.027831971862977894,1.5937594453035457
-0.004081909738984861,-0.004820880508621664,0.0030341682244769412,-0.003665451435433322,0.06792347918390436,-1.4402853079353708,0.04646729412225547,1.7146537652952463
-0.0040501256921000005,-0.005155949944222688,0.002990243786514795,-0.003956164598037663,0.07777973646893031,-1.4658903071265317,0.10075643036321594,1.7527263088434641
-0.003916305604532833,-0.005448597543627483,0.002847461805836662,-0.004198359196945506,0.08680387489193696,-1.4655982680859678,0.165436307179921,1.7554183379359911
-0.0038961047544077464,-0.0057588930693224846,0.00279050851358816,-0.004469284302190149,0.09777819839485112,-1.4800035408664032,0.23432749296793123,1.7802934417817105
-0.003975455007795897,-0.004287565818504606,0.002952280944124557,-0.0032076592726826792,0.05641396229001077,-1.3806175290422948,-0.0012238233715518253,1.6305833118632673
-0.003824884571966799,-0.004622823617269926,0.002821420201422065,-0.0034808398908091824,0.06399075710249898,-1.392026216616305,0.046036555253748966,1.6474852441727161
0.003160428907389372,-0.001124302555657201,-0.002278580987686637,-8.056828020959769E-4,0.04153417788539988,-1.2083884553968445,0.01947830624153786,1.3952914567959254
0.004186703885615718,-0.0024606980607623785,-0.00306375984051943,-0.0017628780706422692,0.0368840746117216,-1.2497098826990358,0.08331539256836076,1.4509888632229682
0.003945465993337199,-0.0020844446156762985,-0.002869778618194386,-0.0014907994720653166,0.0379851276087791,-1.2305606136830545,0.0626070790401244,1.4249954652377606
0.0035680061545599433,-0.0015942013492769018,-0.002580628087837367,-0.0011403920163863062,0.039467147842635227,-1.2152244424442342,0.03755702621579266,1.4042904191142134
0.00443738942976718,-0.0031169041174932987,-0.0032891725983248132,-0.0022558950456584136,0.03707949240486006,-1.3014444575655713,0.10820443528383898,1.521350237099691
0.0041351322314267,-0.0028510436695910694,-0.003041880778541333,-0.0020602956637742805,0.03926530396665443,-1.2754521912694001,0.07948312006524406,1.4859345282172762
0.004553216961071092,-0.00370878788067113,-0.003415961010725239,-0.002727389607476136,0.0408247066448349,-1.3650184457385552,0.1092693621797549,1.6083265065184822
0.004518738356578516,-0.004015368996725038,-0.0034027367242075376,-0.0029842831432379123,0.04598768137822679,-1.397753494641954,0.08871382460742419,1.6550106574293284
0.004315716907735584,-0.0034923152910921497,-0.0032118851002848753,-0.0025576411211516476,0.04247475031385686,-1.3318447559489472,0.085968480949611,1.5640693790513087
0.004168889610351053,-0.005887757544926681,-0.0030187262454600167,-0.004638351397130963,0.10953897258078886,-1.5509168631575998,-0.2493262334863723,1.8837024235210367
0.0044251559212503755,-0.005333370879122992,-0.0033202482272398,-0.00415773258982715,0.08527933075032305,-1.5516443557872057,-0.0888224467786251,1.8761865725334717
0.004262938394430655,-0.005686826779455549,-0.0031352289235134874,-0.004467504759398806,0.10092889424975558,-1.556535037258051,-0.18828045490002715,1.887213232813407
0.004281005873932555,-0.00546305684838657,-0.003175799241475164,-0.004261172817807054,0.09089403875648151,-1.5376399284683382,-0.13437286430967313,1.8575602267805977
0.0043918813569854545,-0.005093844638423263,-0.0033011636332869938,-0.003932040942606143,0.0753885002641989,-1.515832776420373,-0.049183676561367094,1.8231214276355268
0.004419696141327342,-0.0048384739562175455,-0.003332532147394448,-0.0037017650135055956,0.06660373181060684,-1.4887699645491315,-0.00627477631893271,1.7834835229093537
0.004495871212668738,-0.004564986713110691,-0.003399985654572411,-0.003460336985673843,0.05781402494160929,-1.4641361756157114,0.03940299273052792,1.7474396258453668
0.00429236359827993,-0.004285049702278366,-0.0032188721888253237,-0.003212896336010838,0.053849571782818254,-1.4098977283049192,0.037707590827198045,1.6709578128524067
0.002534337366121621,-9.78463074605717E-4,-0.0018260795687442212,-7.036317125441268E-4,0.04457939371714417,-1.2099368430283857,0.008381077511548754,1.3976255152988293
0.0018005241045471049,-8.78471017374736E-4,-0.001296609488281768,-6.324820959941439E-4,0.047425554581873454,-1.210179342210421,0.0025039815697936777,1.3982555279010906
-7.886947563307663E-4,-5.470661689829772E-4,5.675447999037962E-4,-3.93687489188768E-4,0.04940118429808361,-1.2084351674415152,-1.310597779570657E-4,1.3958972840829647
2.5600236482267247E-4,-3.396121727282211E-4,-1.841880564171727E-4,-2.443384076813917E-4,0.04977762313247187,-1.208033642161637,7.641220664842142E-6,1.3953246658641403
0.0010165426813219002,-8.177520121283084E-4,-7.316785222833941E-4,-5.886094520878867E-4,0.049153902908852846,-1.2090916037527994,2.1561128628910247E-4,1.3967155444863335
0.004487756166192628,-0.00922816796754893,-0.0010422382061087076,-0.007600743990530428,0.23577746856323364,-0.7526453074175324,-2.001182261350618,1.3217019086452442
0.00449044130446218,-0.009162567344853377,-0.0011274634561136915,-0.007576209964556365,0.24477170449434746,-0.80656746425602,-1.9755366817480606,1.3775088365727084
0.0045652632885053186,-0.009744581262987492,-3.622487059494963E-4,-0.007821913450167415,0.1661070441654271,-0.29862971666886245,-2.21955139428095,0.8877079040906235
0.004535133256408462,-0.009694906637261953,-4.2736568111785604E-4,-0.00778222854750678,0.16964899885338802,-0.3452277648373077,-2.185413596134937,0.9233687215826691
0.004504651051945296,-0.009375556339532562,-8.553219139691635E-4,-0.007671572165801548,0.21940641371428257,-0.6299291005801838,-2.070057097296964,1.203794297240113
0.004486806856977248,-0.009326059077348046,-9.146390588166452E-4,-0.007636437862480442,0.221633317978364,-0.6701827085528539,-2.038742153581712,1.2376333690837626
0.004435005288638091,-0.009278990122361384,-9.568198331413641E-4,-0.007567102625394397,0.21659579438672688,-0.7022897247615437,-1.9833181355534255,1.2497719586843539
0.004489081344233198,-0.009647314747416463,-4.848774437929193E-4,-0.007725343618309001,0.16936954728479403,-0.3879292366250575,-2.1387736796086885,0.9488969013759176
0.004476055815024365,-0.009590865141041172,-5.588502469168426E-4,-0.007700427477551743,0.17673195216741425,-0.4383638333822734,-2.114615554160972,0.9956373408315994
0.004461051942399814,-0.00952855209886967,-6.390053715921856E-4,-0.0076704945794904686,0.18443214336022848,-0.49264108128741096,-2.086135834904922,1.0455757702076134
0.00445736006904938,-0.009464967211554149,-7.224818590954802E-4,-0.0076499874931255625,0.1941131427629392,-0.5477489121789293,-2.0643079100847586,1.1007210555502247
0.004460809007557405,-0.009410160827136995,-7.95701449175456E-4,-0.007637500405141441,0.2035775239410434,-0.5953870923405516,-2.0491768377947146,1.1508675422791226
0.004565542186246902,-0.009833061688047241,-2.3693332436297194E-4,-0.00783240854485012,0.14716708444634952,-0.21541688422362262,-2.2358587035972257,0.8014579129898324
0.004550719152537752,-0.009789278838779867,-2.973610869408997E-4,-0.007812009835909995,0.15340758793256667,-0.2571325948627296,-2.2166813302405415,0.8386579670353288
0.00459841445364063,-0.010055235481006349,8.012726623385143E-5,-0.007875055319188612,0.10189636787362337,-5.645920128596549E-4,-2.287305237902942,0.5914443504898501
0.004581532159465315,-0.009917278007922255,-1.179676658878907E-4,-0.007855449126604686,0.13131112806505565,-0.13434962554316565,-2.260606318837388,0.7238333198670469
0.004543487057377023,-0.009878069863338891,-1.7151357020928103E-4,-0.007812334902583803,0.1330394001305132,-0.17390614093449683,-2.2254175988615565,0.7493027051622937
0.004577695797125453,-0.009965689360041753,-4.855848533611888E-5,-0.00785295683140892,0.1194639494467472,-0.08853592914791665,-2.2631930785353416,0.6745449701604472
0.0045896950530276955,-0.010011015259693619,1.6345769718378563E-5,-0.007866315098745696,0.11096692494288642,-0.044076387002998374,-2.2770276144229373,0.6331835290929976
0.004634138689603781,-0.010131168755710913,1.9199748626958177E-4,-0.007910295811122112,0.08862591963087396,0.07719072557672875,-2.3194557851430933,0.5251123682462207
0.004594544025420658,-0.010099926195382872,1.4433496156149466E-4,-0.007869063060125242,0.09051498120707661,0.042226313129716704,-2.2868276939117247,0.5452385535394303
0.00456316946900885,-0.01007230335539465,1.0342280179834568E-4,-0.00783642518484033,0.09235032361800397,0.012248046132187959,-2.2605706058778288,0.5636794967462382
0.004654415785507867,-0.01025523177226046,3.7530566091681345E-4,-0.007919695895192218,0.05989477537046054,0.20123835749403438,-2.3364242845669447,0.40392010074778767
0.004624561799785966,-0.010225750028769081,3.285671071656356E-4,-0.007890852481507256,0.06368711525439927,0.167978040435189,-2.313144069499935,0.4262871637142124
0.004621154773805729,-0.010180260669767426,2.6229048011997637E-4,-0.007892059113539686,0.07455653395160104,0.12326899113292332,-2.3103274889072885,0.4715690838557958
0.004734371932533603,-0.010772622430559901,0.0011459813009422233,-0.007862622848499132,-0.06727080705497956,0.7235265891824763,-2.333007181675347,-0.10955982733550627
0.004729778695298585,-0.010820814584824673,0.0012118482899828472,-0.007836745467487102,-0.07893114163441278,0.7685888689953853,-2.3174896597880568,-0.15866052071516581
0.004683907401370538,-0.010412027464993532,6.098266043879256E-4,-0.00792376353467522,0.02229368819094976,0.3601283811250919,-2.351491308121247,0.2499514703432941
0.004649495937051775,-0.01037223060230326,5.446757002016211E-4,-0.007894526994768182,0.029444685553155586,0.3146521044291853,-2.327441366896774,0.2832636361161797
0.004634391810643439,-0.01029468013726405,4.297207296912839E-4,-0.00789196080748391,0.047585806537846394,0.23654462757652592,-2.3195154930126134,0.35871784693532255
0.0046269333703907855,-0.010334342995424678,4.857008211886277E-4,-0.00787715903233016,0.03660488894569719,0.2737958525921965,-2.311883767298469,0.3167074913100317
0.004714969209177791,-0.010643749453421947,9.54672837648466E-4,-0.00789121654981746,-0.03558977355628706,0.5935120814179228,-2.344802363689499,0.01850844692508163
0.004706400761681467,-0.010693467609100274,0.001022563196834839,-0.00786378545520071,-0.048386495549396585,0.6395701934273497,-2.3284583966250096,-0.033274751873070545
0.004696234417907358,-0.010743929036000867,0.0010898394617218626,-0.007833122103761954,-0.060937582208940834,0.685461238516461,-2.3097033977019694,-0.08548553380731293
0.004682347516488098,-0.010600409557239586,8.815891111959383E-4,-0.007870307970495434,-0.026080296331895562,0.5435057850450447,-2.326726009961988,0.05733459233091192
0.004656831196456686,-0.010450296140449693,6.589965170126487E-4,-0.00788519949654779,0.010183381905086303,0.3921036990079545,-2.3265510456462555,0.2052880774829016
0.004644009562902873,-0.010488062218133112,7.099070339080434E-4,-0.007861719514485005,-3.0786383237024783E-4,0.4261009157094318,-2.312399392215793,0.16449299696495479
0.004635542736396926,-0.010524993934391672,7.601352782998966E-4,-0.007842518384367921,-0.009980098729866126,0.45989974986794807,-2.3011614741839463,0.12568118219324653
0.004628196777578074,-0.010568305814744858,8.190905407184612E-4,-0.007821921537534618,-0.02104151766323857,0.4999277700119342,-2.2893364582428126,0.08087769869078153
0.0048242468187889515,-0.011105938936361477,0.0016553304217643346,-0.007788755206167006,-0.1458614917956684,1.070659040908821,-2.300760053521891,-0.4354980359282714
0.004827814346942801,-0.011166269193485344,0.0017387807507897618,-0.007755101116367339,-0.1584653363642294,1.1284842736066578,-2.279701612311389,-0.49471712689019
0.00481498134536382,-0.011137438251571152,0.0016921331689171786,-0.007759526259145942,-0.15201229057769367,1.0967516279578582,-2.2811639472294614,-0.46688269058155296
0.004810098725904405,-0.011193746542645957,0.0017638429504041517,-0.007718650332970828,-0.16282965677078398,1.1470653475911416,-2.254333584352517,-0.5218671042774696
0.004772085650225458,-0.010934500148406327,0.0013906760929869668,-0.007828144172360737,-0.10599971407720048,0.8901952419316931,-2.3186101174276104,-0.2684277192226073
0.004727599224741691,-0.010869029441752828,0.001278008788813279,-0.007812292172336979,-0.09039954904652371,0.8139947703405978,-2.3028596988774783,-0.20713315712063787
0.004737349355638022,-0.010910444925787655,0.0013399639746882461,-0.007802788877189069,-0.09974250265436092,0.8563472818597525,-2.2985843743501575,-0.24746218123553904
0.004782452022911374,-0.011077464964585643,0.0015919657744129462,-0.007760967691404273,-0.1378367992141792,1.0288687520004032,-2.278520022417677,-0.4094641804698242
0.0047580828624406435,-0.010978501107984769,0.0014440344814336031,-0.007790150438276006,-0.11568532803367156,0.9275166051186551,-2.293698368670849,-0.313383080424061
0.004765401157338467,-0.011042513899028612,0.0015350497370509475,-0.007762898602959783,-0.12977325503119452,0.9901614414473895,-2.2777492268901014,-0.3760196641460534
0.00474951141596611,-0.011013988390385695,0.0014876624926890324,-0.007761853843420844,-0.12327224440693454,0.9580037415934981,-2.2751758993407796,-0.34893909837226966
0.004458712615058401,-0.009061001171447017,-0.0012403649241366792,-0.007498625354582838,0.24802798229516246,-0.8806664798969273,-1.9075917806036633,1.4394853193780899
0.004435556872743238,-0.00911799773788265,-0.0011593420159168302,-0.007502088295029528,0.23597084531119336,-0.8316669161417005,-1.9173255463825314,1.3809689946015078
0.004407970729504703,-0.009014724164532062,-0.0012720744542514225,-0.007427054994289338,0.23977228533949854,-0.9047454744901072,-1.8515813125620497,1.4437070141430988
0.004426229640153316,-0.008864955555610591,-0.0014580876553186883,-0.007366061534615761,0.25668846245806326,-1.0175765794011802,-1.78968123860885,1.5632921441951202
0.004403817697630816,-0.00879972976033839,-0.0015199408770568046,-0.0073080108552578,0.25551350922967564,-1.0561383187109643,-1.7414889771533646,1.592649719925343
0.004391789508662869,-0.008735644249672905,-0.0015843995979974712,-0.007258980322375109,0.25581683162187036,-1.0950011156141455,-1.6998132141501219,1.6263899471184906
0.0043790306844496765,-0.0089143556765008,-0.0013753677002793082,-0.007348567704381769,0.24113939361218148,-0.9703507813880076,-1.7844696321945903,1.4982930389835867
0.004371126733538841,-0.008966792682968355,-0.0013104014275997047,-0.0073682497499322095,0.23541913411586352,-0.9312016006716695,-1.8047290426486806,1.4562346919762277
-0.004668285824277693,-0.010596295339819546,-8.711877852754254E-4,-0.007856396381972055,-0.02570738552177718,0.5362347927179721,2.316389668902099,0.059245344440260576
-0.004793871587677266,-0.010940626827612385,-0.0014104055654673387,-0.007848641741095612,-0.10779401369744719,0.9029851317715035,2.3338771203073905,-0.27260139334314415
-0.004778299520515425,-0.010922288930000773,-0.001376830709672381,-0.007841077950365928,-0.1033953968158993,0.8804836825015496,2.327194071858364,-0.2556027505534967
-0.004689742108603116,-0.010643220325093189,-9.45101913394293E-4,-0.007863919999484728,-0.03643472272761202,0.5867706953874071,2.3251240136198104,0.01513281550624551
-0.004715743426893236,-0.010677184802503969,-0.0010028447316808079,-0.007880035637236375,-0.044142085538316236,0.6262089344835249,2.339034237165392,-0.015392148630364446
-0.004722415040515075,-0.010705964563805374,-0.0010464417658421876,-0.007876472990520215,-0.05071862805193798,0.6557976388528488,2.338441794721544,-0.04360600754074431
-0.00471149921689565,-0.01073435936517109,-0.0010824638157494197,-0.007853478160121793,-0.05848161346646662,0.6803838823088086,2.3237901559381604,-0.07386174315225949
-0.004724393286216833,-0.01076732561076693,-0.0011343106356356608,-0.007854013718993956,-0.06610150277004723,0.7156048364238862,2.326423300962911,-0.10543332040289409
-0.004763359541740701,-0.010819159216722468,-0.0012245378710448584,-0.007873980056451395,-0.07851171051816845,0.7766763643366063,2.344244339726583,-0.15312044033595584
-0.004734998625593831,-0.010801102307421725,-0.0011864679690135314,-0.007851097954059017,-0.07419479917643106,0.751121544997892,2.326550652641003,-0.13820396356705072
-0.004780684097743842,-0.010885594450328096,-0.0013265547268987274,-0.007861840717910943,-0.09464025384612727,0.8459695820230114,2.339882309212593,-0.2184340716398751
-0.00476001076369913,-0.01085490853191767,-0.0012735007079636921,-0.007853956937590285,-0.08716170892012766,0.810178808766494,2.332124464995287,-0.1896233580569621
-0.004751401316363713,-0.010914984866491898,-0.0013531939309642375,-0.007815650105379655,-0.10105375242154532,0.8651741462378743,2.3082038505250044,-0.25083053474373485
-0.004849327655691141,-0.011042848484045957,-0.0015834095500040018,-0.007853273903780635,-0.13323191482972715,1.0195238542804086,2.3438725396895452,-0.3710419936267327
-0.004840312088053491,-0.011015624295333828,-0.001540289821616629,-0.007858905945907518,-0.12676278242380165,0.9903234008800818,2.346191689894591,-0.3442997812900145
-0.004799998352151739,-0.01097056573673739,-0.0014553776384029105,-0.007839608235975513,-0.11511712408609247,0.9336108827113708,2.3292595125756286,-0.3021274412512294
-0.004818933694459308,-0.010997112150281412,-0.0015025965930850536,-0.007845842242537641,-0.1216676699144179,0.96533338038698,2.335511823018702,-0.3273024192644263
-0.004827342086369669,-0.011065931149693684,-0.0016025534128194438,-0.007815932260782745,-0.13739938337308957,1.0339557207122556,2.3180763992564515,-0.39566487651654286
-0.004828817701585137,-0.011098092528354189,-0.0016474182555441138,-0.007798420517365509,-0.14445036709168305,1.0649655052116842,2.3073189999235812,-0.42756780658471133
-0.004897731441403679,-0.01123093474019827,-0.0018715288288955023,-0.007787576870882142,-0.17618567087375422,1.2163429503702903,2.30780582185988,-0.5565007904919642
-0.004867416787155722,-0.011220617190155139,-0.0018372198485685552,-0.007761922574467699,-0.1719766656526465,1.194451729322388,2.2881350803510467,-0.546888543465751
-0.004839204285985461,-0.011138640847589903,-0.0017088334423235375,-0.007784730197841581,-0.1535431027117933,1.106936926459303,2.2998384678585153,-0.46718058209683105
-0.004837445344034197,-0.011180048805802765,-0.0017633586186438655,-0.007756546426646488,-0.16192959595368142,1.1449799661343987,2.281616680941466,-0.5079186995944275
-0.004839383211749426,-0.011211139452203915,-0.0018059599365232587,-0.007738302570751644,-0.16809513990115652,1.1745669829522873,2.270029803138477,-0.5381814479412369
-0.005446816499751653,-0.012342026606074682,-0.0037176529100685514,-0.007232346103098375,-0.33997209540744416,2.5008087847778486,1.9289583492389821,-1.6547114955005349
-0.005433858078386306,-0.012325549863823287,-0.00368579619539504,-0.0072420944454808026,-0.3391314751565597,2.478099460617643,1.936791385176654,-1.6372463406710387
-0.005410586264700515,-0.01231714682545479,-0.0036476998369706815,-0.0072313987956431625,-0.33643191973765496,2.450378221780611,1.9279797788951354,-1.6217426057364468
-0.005391273538044712,-0.012294733079918936,-0.0036024135834594024,-0.00724249201243093,-0.3347084568430299,2.4182544168836144,1.9367396567347697,-1.5975852425998196
-0.005373407244669194,-0.01227371724971975,-0.0035602939531717242,-0.0072527364857699365,-0.33301238447290366,2.3884367764474503,1.944727345089708,-1.5750821576082157
-0.005357296950727159,-0.012248556694072793,-0.0035165662783009496,-0.007269498827238249,-0.33154062657813865,2.3576726555157186,1.9578563897660126,-1.5501311934612403
-0.005336608520342397,-0.012226958485627045,-0.0034703839341268844,-0.007277013282726288,-0.32906985968089403,2.325121498623035,1.9634879585548084,-1.5262856886143352
-0.005252451324586415,-0.01205223212245915,-0.0031961034632415467,-0.007404964272339967,-0.3164996660563056,2.1324505076007245,2.0605911844398643,-1.3599557773049433
-0.005242668901755121,-0.012026914095910913,-0.0031583953939403725,-0.007424244464029661,-0.31443360142122234,2.1058650324357955,2.0749078482633787,-1.3360837426818943
-0.0052322949985431294,-0.012001929127972705,-0.0031201486928970888,-0.007442156763816624,-0.3121240400868405,2.0789625667379243,2.088053377094155,-1.3122503289065
-0.00532132936723802,-0.012204546920389575,-0.0034302066949892553,-0.007290279449777751,-0.327325355434847,2.2968691497027915,1.9736389534711734,-1.503723972829599
-0.005306891442087741,-0.012177455810801277,-0.003386468765591711,-0.007309668399937757,-0.325560444596213,2.266218574473801,1.9885314127457518,-1.477795252483762
-0.005287417804733424,-0.012156765479817777,-0.003342767663492808,-0.00731602632920083,-0.3228909412090555,2.2356162494847385,1.9930177370315298,-1.4552490977430919
-0.005271032040462347,-0.01213694760904708,-0.003303717802581405,-0.007323968946347653,-0.3204852977027007,2.2082993502966186,1.9987321665473343,-1.4344391430434842
-0.005256031111660165,-0.012115537040921949,-0.00326475332901026,-0.0073348225222388845,-0.3182868629271456,2.1810842601128075,2.006724452715115,-1.4128248012394946
-0.005245073621955806,-0.012082979726612162,-0.003219192332331461,-0.007362194232432832,-0.31624726191828106,2.14917807548583,2.027494325824079,-1.3833629234538665
-0.004898683342536153,-0.011261108117876922,-0.001912570082921917,-0.007767816478899708,-0.18214100355330734,1.2449924080967707,2.295070497214095,-0.5862138683523536
-0.004929647178704606,-0.011409521945834365,-0.0021293419402147367,-0.0076915719614895645,-0.21146985517823996,1.3948785120178182,2.2473442507539763,-0.7303800211055944
-0.00492302467225449,-0.011435923827046387,-0.0021577563335813,-0.007663966797775837,-0.2150570966776957,1.4155681287352264,2.2281262740320886,-0.755283734630969
-0.004909019994865672,-0.01130051837066383,-0.0019721492415770516,-0.007751036043757147,-0.19044789756180555,1.2859394432344742,2.2851018103953127,-0.6247293631600978
-0.004910713980544893,-0.01134633686656216,-0.002033431610378599,-0.007719412829325909,-0.19896255335047616,1.328831083934779,2.264333676413093,-0.6692027093391183
-0.004920376249272708,-0.011382860035931338,-0.0020879740224376366,-0.007702242348949217,-0.20608923196588727,1.3664652080011066,2.2537127348767148,-0.7045715925675778
-0.004934260003207401,-0.01149810955869468,-0.002244638041406992,-0.007625789469735922,-0.22565741369187317,1.4761361549191854,2.202878407261682,-0.8143676336578048
-0.004908593640758237,-0.011469968866478338,-0.002188974257046543,-0.00762192335779878,-0.21885230502126315,1.4388329990339346,2.1982764425676735,-0.7865051973731615
-0.005206431357779531,-0.011991624507537582,-0.003080255079369432,-0.00742785232134187,-0.3080307149417129,2.0518619251664307,2.076057465020137,-1.2972969792977398
-0.00518849908838702,-0.01197070909475742,-0.003038118276277106,-0.007433090797375564,-0.30463130910849334,2.022704932818622,2.0792115038795553,-1.2752931536610481
-0.005010067034798279,-0.011593142895090511,-0.002426136458250852,-0.0076240446857220355,-0.24726771297004108,1.5984406481389024,2.207228059335159,-0.9088057631316205
-0.005001619090737951,-0.0115735076748237,-0.0023946230840778482,-0.007632400122217667,-0.24389205236364941,1.5768106271830065,2.2124302402901592,-0.88979207814125
-0.004982462148907725,-0.011553267307397839,-0.0023531669962405903,-0.007629827905726179,-0.2387469732393437,1.5490638396682495,2.2092388244974432,-0.8693808379837706
-0.004955709960514069,-0.011526870985920099,-0.0022979579052313814,-0.007624293984272297,-0.23220653775041036,1.5121426149085309,2.203493777219745,-0.8426724605385042
-0.005026937318039203,-0.01165195727999874,-0.0025125681263789613,-0.0075888656868700844,-0.25660597198548873,1.6586931766913675,2.1836567712896584,-0.9649853559963614
-0.005006866569868976,-0.011621051702561372,-0.0024572423027429025,-0.007595965192038396,-0.2505295019241616,1.62101522897159,2.1872750678106265,-0.9344549187741008
-0.005008644327109125,-0.011682981693318198,-0.00253264564067651,-0.007541654873698394,-0.25801341884756285,1.6746085885053208,2.149055563591086,-0.9909801102015489
-0.005166983641271647,-0.011946932225610518,-0.0029891435907439573,-0.007437532747811602,-0.3003318742905206,1.9889357121896083,2.081519863202144,-1.2501637818550615
-0.005038085529005578,-0.011709775737599234,-0.0025914755759057777,-0.007546787118891145,-0.26455039882244796,1.714142975656957,2.1544523539460094,-1.018981310486163
-0.005079980740139375,-0.011769028701174303,-0.0027006226180538474,-0.007532776458408168,-0.2758021629683218,1.7886608282939078,2.146977522519166,-1.0781550271372713
-0.0050550997987059915,-0.011748850032586165,-0.0026531631875873385,-0.007526982932438497,-0.27049642225125714,1.7567958172489784,2.1412737991135042,-1.0564224710067525
-0.005088097145195053,-0.011799625864852451,-0.0027437501994150124,-0.007510872882156564,-0.2795148698087568,1.8189004507106346,2.131540887587555,-1.1067428022685508
-0.005108403310278737,-0.011828851447843576,-0.0027973098742602076,-0.007502152227610192,-0.2846184371707101,1.855691327765004,2.1263807984945893,-1.1360467088742068
-0.005130029400741738,-0.011849033416345332,-0.002842154634956495,-0.007503504428232714,-0.2891728271491135,1.8861901770103167,2.128566494374672,-1.1577039612978988
-0.005137293707929734,-0.0118787542172714,-0.00288293690098278,-0.007480104637850922,-0.29232513371336794,1.9148953049846547,2.111733768057427,-1.1851509368864985
-0.005150942396823126,-0.011912409487463652,-0.002934443994787506,-0.007458443919945002,-0.29632397247764913,1.9508170636519033,2.096358026806445,-1.2170854317921505
-0.005436224193498994,-0.01236733614167351,-0.003725653552114471,-0.007188830782180925,-0.3375299443590228,2.505081051075359,1.8936129601420142,-1.6686552302469337
-0.005449029234327233,-0.012413094351050208,-0.0037815635673011288,-0.007139042413456253,-0.33670127044097514,2.5434288137373113,1.8530468509690796,-1.706195761134119
-0.005430283812325694,-0.012393918001741593,-0.0037403669752470088,-0.0071479721425912615,-0.3355113723768334,2.5141296754698845,1.8605289714086533,-1.6848131048469315
-0.005435558695772002,-0.012444901533171486,-0.0037893593310275773,-0.007084203556978002,-0.33338535974119504,2.546226878085775,1.8087402271807458,-1.7213670141797028
-0.01418764123415389,-0.007268029851185399,0.004553184911678298,0.006979295064597532,0.4377169747897491,3.5363498071297292,1.9799237007910175,-2.230546581167422
-0.01417903773967821,-0.007254887330118262,0.004575097421396471,0.006964950505690349,0.44028009459539225,3.54912858853182,1.9619975438045014,-2.242985651522437
-0.014195169259360166,-0.007253866849741456,0.004547232244368801,0.0069466898302099345,0.4324986713507191,3.5172452793106017,1.9591344205523258,-2.2268345899083033
-0.014186524041439183,-0.007240681039407802,0.0045690375553053796,0.006932335455468996,0.43461009511323095,3.529821488360627,1.9413363521416895,-2.239120077266778
-0.014246703588587152,-0.007360774994305904,0.004398672325024241,0.007077692923325936,0.4251647218671423,3.443743845794467,2.1019986578464773,-2.1401116769493878
-0.01426272588204013,-0.00736006699758386,0.004371480973312954,0.00705874952079921,0.413663262340418,3.4120293382455738,2.098178746339111,-2.124591789363451
-0.014254974043432978,-0.007374129498678275,0.004376414012112823,0.007091477555144149,0.42262734091757476,3.4298584886927794,2.1190969616642628,-2.1268132717083317
-0.014271388858033657,-0.007400916079949335,0.004331738012090593,0.007118855132495443,0.41653297457011956,3.401719334743196,2.15316555574036,-2.099883015293883
-0.01428749421250164,-0.0074002872395064825,0.00430468370581329,0.007099442067528049,0.40773482401597994,3.3703758735312204,2.148652671548476,-2.084220001312808
-0.01427953305524214,-0.007414347890939334,0.004309338744167248,0.0071324366622126005,0.4138716101661055,3.3875425291860064,2.1700576795411908,-2.086236764343454
-0.014263202493758268,-0.007387509904858339,0.004354098295392155,0.0071052009506934926,0.4195040413902163,3.41583089282233,2.1361662493545004,-2.1134070841503076
-0.014279302552668086,-0.007386844536300338,0.0043269605391877694,0.007085907411351614,0.4096854404387063,3.3843264232194916,2.1319270261875265,-2.0977702320309137
-0.014271045099821742,-0.007373435615427901,0.00434922921839824,0.007072341227421092,0.41162150950154125,3.3982093482720814,2.1151036931894036,-2.1112304155699584
-0.01429562823447505,-0.007413764373744425,0.004282384175676389,0.007112937644333634,0.40575539415659007,3.3563375405728464,2.165293552648745,-2.0705751557762198
-0.014287635004878957,-0.007427805204706179,0.0042869005748296515,0.007145945502588349,0.4114309461724878,3.3732950414993366,2.1868256050362778,-2.0724650489185943
-0.014303714694302305,-0.007427282387445912,0.004260041071342154,0.0071263936221405135,0.40376202678655737,3.3421938566413867,2.1818622793900597,-2.0568275767498103
-0.014295694626951438,-0.007441287888022464,0.004264422213066802,0.007159382459416264,0.40909071463784435,3.358964290047781,2.203469002893342,-2.0585641387485234
-0.014167974592535479,-0.007186897892902691,0.0046277141148646506,0.006856555001316292,0.44157213201250795,3.5494655890775033,1.8611110837541813,-2.27291265268032
-0.014176713011572348,-0.007200012592489208,0.004606280465704409,0.0068711415514974275,0.4393181130820177,3.537595495023613,1.8791452541365423,-2.26124441827938
-0.014194401276391364,-0.007226240563251396,0.004562734006457097,0.0068996443839430335,0.43466198287625607,3.5128544220351485,1.9147041135435339,-2.2372828463644017
-0.014185545407589128,-0.007213089286672626,0.004584596508563361,0.006885418255051714,0.43704214173347067,3.525337959220265,1.8969458616202057,-2.249356551263231
-0.013735071528029746,-0.006612488421418918,0.00553859116113372,0.006106713699652286,0.5556124278929849,3.915211249127681,0.9584566690201773,-2.6555968035782658
-0.013724920018666003,-0.0066008010102250525,0.0055568573308379205,0.006089187948506801,0.5581670788157219,3.9193331994736913,0.9379366767868665,-2.6604981397311405
-0.013714768213183216,-0.006588802273498368,0.005574983085549799,0.006070964520914626,0.5607056066404407,3.922840649869879,0.9169520640458925,-2.6650924429799776
-0.013750822888039855,-0.006608692169449663,0.005509456311840501,0.006093272875457059,0.5501374536677002,3.8844396646020987,0.9600625859186463,-2.6402071981416246
-0.0137617175471779,-0.006619376290193959,0.005489725620683957,0.006108329182612956,0.5472683643414,3.8776816874580278,0.979208433100251,-2.6341136326607706
-0.013804108060669546,-0.006667484827179926,0.005411899167135574,0.00617752949091365,0.5364170021577382,3.855810571771031,1.0619059252175183,-2.610690104163965
-0.013793417590714322,-0.0066555460119769524,0.005431708173404892,0.006160642812688585,0.5391673756024592,3.8619220833366525,1.0414160863927873,-2.6169450731687394
-0.013783410695997124,-0.006642958353813903,0.005450145645961922,0.006142117061520846,0.5416680211270098,3.8659437916882093,1.0202220141183733,-2.622199510392061
-0.013772811737234082,-0.0066307997073314084,0.005469538215890208,0.006124512524657931,0.5443661462380033,3.871139697902187,0.9993491126622792,-2.6279138863513576
-0.013815611205166861,-0.006678777087105022,0.005390505604306566,0.006192693457233579,0.5333737322911417,3.84741529895969,1.0816595489350265,-2.6033430180334887
-0.013836521639298941,-0.006703885920027861,0.005351102291016472,0.006228213568718493,0.5280133460019095,3.8359068457860164,1.1237025772670286,-2.590648406050349
-0.013826895968512902,-0.006690792808570072,0.0053693755586658246,0.00620912607658979,0.5303849242868984,3.8398537480862287,1.1022316278054427,-2.596205556716242
-0.013865878675689345,-0.006740441756815852,0.005294799996885931,0.006279505059573468,0.5205032865477817,3.8191161022419684,1.1841343988985231,-2.5717481021767017
-0.01385600366282814,-0.006728681098656413,0.005313818466233568,0.006263358711456558,0.523059572801849,3.8255116899584607,1.1646288942815566,-2.578406202399448
-0.013846798674211418,-0.006716335436128491,0.005331540285226159,0.006245665010571747,0.5253498732260528,3.829959923660104,1.1444487674973545,-2.5841383865762353
-0.013876352279486776,-0.0067517086664770866,0.005274626085382783,0.006294285331507132,0.5177078775081542,3.8110023570669753,1.202983729867298,-2.5642782555522223
-0.013900692118031925,-0.006803580306022713,0.005224023828305505,0.006374945333092671,0.5122092301540536,3.812956118745248,1.283887758254229,-2.5500888556707864
-0.013886718447772811,-0.006763661987345022,0.005254474519391356,0.006310232779626615,0.5149762356214366,3.8034493654539436,1.2226843043367739,-2.5568674256391737
-0.013896451196019321,-0.006776051079330227,0.005235315103197837,0.0063271973940588,0.5124650622513379,3.7971273755943074,1.242787476677217,-2.549931643422035
-0.013906624967901552,-0.006787904977193064,0.005215303930297121,0.006342793215660538,0.5097978816223881,3.7893374129176265,1.262136059647568,-2.5423281393101096
-0.013721520421276124,-0.006572699339863081,0.005561598587946622,0.006038759560456901,0.5572654279239037,3.8932513678930714,0.8984000111353291,-2.6530294104573695
-0.013710912559013683,-0.006559703103375496,0.005580193808019696,0.006018844750937175,0.5598107892202906,3.8959173286887503,0.8760845201780024,-2.6572628858165444
-0.013716901804686184,-0.006541453933084733,0.005567911318490792,0.005983353485217457,0.5564640054402146,3.865263871190732,0.8550923678317216,-2.644838491534419
-0.013390475355018647,-0.006181540831646844,0.0060733489320526,0.005391300348979988,0.6261010619731319,3.857915624142747,0.22121689181370233,-2.6898163718746506
-0.013420735857843131,-0.006201878157746266,0.0060273705205842664,0.005427064985303368,0.6187912662298586,3.849612264254884,0.2665094344624918,-2.6844008744916033
-0.01340615723193395,-0.006189970466712051,0.006048832183930001,0.005406225342403093,0.6219930442016429,3.850631856429175,0.242721157494543,-2.6856620736547723
-0.013443724318529571,-0.0061968329769882405,0.005985334941579733,0.0054177213738511995,0.6104930486338623,3.812718529582482,0.28071442018173537,-2.6658402650515236
-0.013464662048743047,-0.006261351399679355,0.005969057725882305,0.005530576248656397,0.6122253657363191,3.8782797826600945,0.36196694536783086,-2.694422055744827
-0.013483022483186391,-0.006269337967664238,0.0059387918924602495,0.005543410036709918,0.6070181232534689,3.864709396306481,0.38468972909879057,-2.6866503261167023
-0.013499372241028344,-0.006278582251281639,0.005912402032942181,0.005558371527733974,0.6027199483861793,3.855350507211972,0.40696935736568757,-2.6808743931722847
-0.013461788413423102,-0.006240375393760111,0.005967637895561122,0.005493526531874364,0.6104235401546402,3.8519075618069816,0.33822143911763164,-2.682696618204681
-0.013467207264208603,-0.006211098668444885,0.0059489039126637494,0.005441770489516951,0.6046850204681241,3.803027809037108,0.31350628980668444,-2.659790710852445
-0.01361533181498849,-0.006440295550316347,0.005740441564945461,0.005829643200901819,0.5815688489048757,3.903342536102489,0.6712454884687006,-2.6840756519724107
-0.013515969131046227,-0.006338788297395259,0.005898956339764659,0.005664338119959414,0.6043754890380041,3.91625673391659,0.48490435669053195,-2.7057285254435963
-0.013535593520284933,-0.006343931515535785,0.0058648467132639,0.005670832376280785,0.5983854354784776,3.8949742166587646,0.5048980002250532,-2.6939693034229357
-0.013551111411510825,-0.006352804162182013,0.0058390333935954076,0.005684384231927755,0.594120192861958,3.8844976473453268,0.5258822705115133,-2.687327184210808
-0.013604943125381158,-0.006412895494235964,0.005754452210681279,0.005782374547031926,0.5823531046446435,3.8840536729396455,0.6317216286593523,-2.67834597992335
-0.013619565402994098,-0.006421821817502679,0.005729613841459782,0.005795135826401911,0.5783189480956454,3.8733260940507677,0.6515658929682345,-2.6712501229348775
-0.013565072800052036,-0.006363459708836575,0.005816339894631047,0.005701185665488617,0.5906017381554102,3.878432097498422,0.547658273917209,-2.6827005272544473
-0.01357771452368628,-0.006374992486212444,0.005796089806751767,0.005719622749888634,0.5875827604361946,3.875183075316731,0.5694546475319314,-2.679371710743823
-0.01359072179032951,-0.006385857174827966,0.005774916582128695,0.005736628503655815,0.584421893803576,3.870221606850096,0.5906810107699992,-2.675177800804748
-0.013606056948018266,-0.006394496991436398,0.005749020226182431,0.005748963965632024,0.5801196292117633,3.8586420392787457,0.6107060351431423,-2.6677711846823375
-0.013512620364173012,-0.00631531324727639,0.005898828390262437,0.005622501434781275,0.602793918836852,3.8882984087821595,0.4563641232105083,-2.6939917010468752
-0.013516238440297706,-0.006289008243700313,0.005885322615218756,0.005575133728160989,0.5983693139767219,3.8466482631383685,0.43071764710032573,-2.675251357559667
-0.01362756787286524,-0.006452649035692309,0.005720190425535811,0.0058490491589499385,0.5785619619286472,3.9000874260113183,0.6938301686759859,-2.680249137223612
-0.01363647892234561,-0.006465060301968417,0.005705864935658147,0.00586929926976746,0.5768175999721576,3.9017711369874,0.7144747157278077,-2.6789578236156637
-0.013652192234877568,-0.006473321774040124,0.005678433441550918,0.005879999482743654,0.5722213341645633,3.8874089673432093,0.7339180829797047,-2.66988145923122
-0.013673575943306428,-0.006477580130239892,0.005640199262257652,0.005881535993006683,0.5655679716450357,3.859266843554891,0.7513097682694844,-2.654142076729826
-0.013721596426835722,-0.006522570922840162,0.005557931298984187,0.0059474642360270455,0.5535352372479466,3.8363036246754167,0.833130154018937,-2.633252027598063
-0.01370736577828582,-0.006512379137922384,0.0055827891215985866,0.005933870345775413,0.5573540144899668,3.8471563562713498,0.8130018206927784,-2.6410705566846144
-0.01369220578803832,-0.006503948209007424,0.005609432003620014,0.005923553788554854,0.5616664374461052,3.8613162087016484,0.794440921807472,-2.650259527556301
-0.013691690441527774,-0.006485651623141213,0.005608416309164599,0.0058906259766254646,0.5602570319556577,3.8406047941643284,0.7712248905998084,-2.6427043066429694
-0.014159199143939968,-0.007173713861221311,0.0046491371797754,0.006841729987818054,0.4439431745000287,3.561163035264413,1.8428423100578628,-2.2844796890196943
-0.014150256378427406,-0.0071605528059907955,0.004670735807284893,0.006826947405681295,0.4464353570858553,3.5729454517404178,1.8245242207789703,-2.296034169797909
-0.014141167892687816,-0.007147502550305139,0.004692436387249476,0.006812337088882208,0.4489424818944106,3.58480627193469,1.8062813315713926,-2.3075376664291327
-0.014132028031026705,-0.007134577999238452,0.0047140705294473175,0.006797836935944659,0.45137411602730054,3.5965887688434504,1.7881044483434223,-2.3189073304462497
-0.014086614357517688,-0.00706995100210778,0.004820143472781369,0.006722773577168707,0.46358719600484166,3.6517099790981233,1.6950867973094679,-2.3731764640396538
-0.014122938955865158,-0.007121712806104058,0.004735487209615252,0.006783239765644991,0.45370681409293606,3.608091460444904,1.7698621454032442,-2.330069439513888
-0.014113963691921187,-0.007108793014078715,0.004756618737635598,0.006768293489836221,0.45601821261671244,3.6191527295385924,1.7513696978405229,-2.3409862442042892
-0.01410500521323124,-0.007095793900732331,0.004777642193021831,0.0067530429920300535,0.4584387368763694,3.6299261224192647,1.7326210189564175,-2.351742701142618
-0.014095893992900161,-0.007082815069833326,0.004798818680310995,0.006737810680397137,0.4609957623424992,3.6407543900561268,1.713812150866558,-2.362472190618652
-0.014030718459532436,-0.006993675751435248,0.004945893388153618,0.0066311734632848425,0.47858710130852883,3.7135417249262104,1.5814470570171497,-2.434121506474961
-0.014021133766556273,-0.006981019104282037,0.004966932829796032,0.006615694523176305,0.48124706004580725,3.7235530938446844,1.5621890672865606,-2.443948720925962
-0.014040151812070883,-0.007006441610933789,0.0049249832790290325,0.0066468149662139596,0.47594871825961654,3.7036278297636884,1.6007675768372243,-2.4242591055605662
-0.014067923935770436,-0.007044595760568339,0.004862576385158485,0.006693012736789365,0.4685778563901822,3.6733640630528366,1.6578403547794711,-2.394179400106482
-0.0140494395444234,-0.007019224735001873,0.0049042168435788035,0.0066624537065460765,0.4734084623089459,3.6937492885183203,1.6200112377883025,-2.414362169063564
-0.01405866372300324,-0.007031948139257306,0.004883471283849969,0.006677889404967395,0.4709783825340152,3.6837211962885754,1.6390509220499914,-2.4043634200621544
-0.014084387924903491,-0.007042367740528284,0.004833937871417487,0.006675453444063075,0.4632487438396126,3.6420098903828895,1.6532926152549259,-2.3790621216809096
-0.014093955091642331,-0.007054827419472929,0.004812539214982744,0.006689655313397352,0.46067676905716265,3.6308157602122324,1.6713885950811844,-2.3685185701436384
-0.014011500524716322,-0.006968466864573132,0.004987920232330109,0.006600288671989636,0.4838369297102602,3.733480136652829,1.5429704700997544,-2.45365028572485
-0.014001913660043712,-0.006955924451579248,0.005008710640511698,0.006584715594519661,0.4863690492951978,3.743095768194561,1.523639148304172,-2.463141349278142
-0.013992343701743121,-0.006943345448005139,0.005029367792596347,0.006568915480356972,0.4889121793650862,3.752421131372092,1.504128704334047,-2.4724485681023367
-0.013982735406021051,-0.006930744874622942,0.0050499860287211385,0.00655295667471971,0.4914940077856674,3.761561184705687,1.484470151693378,-2.48161899722723
-0.014028017761776744,-0.006966009821926122,0.004958792902839932,0.006583381164854408,0.47830286738303324,3.7017019750841946,1.53960015369153,-2.438184753786824
-0.013979977254435437,-0.006902663303372855,0.005061595267960773,0.0065039083077087015,0.49111766975211113,3.747062631583845,1.4421371966241823,-2.4838146697272907
-0.01398957028685504,-0.006915467472690429,0.00504126045346423,0.006520350503267387,0.4885703673375486,3.7385973066821117,1.4620472621272114,-2.475053331144346
-0.013930573369534053,-0.006841081743126024,0.005163648494297072,0.006424925661548282,0.5043330196993954,3.790109069919748,1.3445215985617007,-2.5264623626165332
-0.013920989914529404,-0.006828502999987981,0.005183216954100106,0.006408029855301573,0.5068364795789545,3.797242182562701,1.324347476866954,-2.5341630738754777
-0.013911076747862789,-0.0068158567695160025,0.005203276390754443,0.006391078358861474,0.5094406971825428,3.804652406028526,1.3039388201081132,-2.541974857308268
-0.013967343950814497,-0.006861662284423905,0.005093104305648769,0.0064383131151440854,0.4938054924059467,3.740280708592938,1.3798192244754086,-2.4937309466354747
-0.01395703884841206,-0.00684983136997316,0.005113999417673661,0.006423717625892312,0.49654792652629537,3.7497361625677423,1.3611220243667719,-2.502473420357099
-0.013946860409171091,-0.0068383437563006655,0.005134506368454909,0.00640951103508998,0.49927040754124624,3.759009052573069,1.342826642284516,-2.5109720522036336
-0.013977380843335649,-0.006873934442583461,0.005072504411255154,0.006453733705313922,0.4911498070477784,3.7313977413689607,1.399022024672335,-2.485106487078785
-0.013987182844368532,-0.006886646470718019,0.005052124275772402,0.006469959619465127,0.48856486684603834,3.723005666777501,1.4187457321834982,-2.476551151529056
-0.007306737463998367,-0.014229237301206087,-0.007003190991009266,-0.004459821119153387,0.05070705765887251,3.998469091023398,-0.8628900555163145,-2.7217141177636637
-0.007307618648521538,-0.014213203372519655,-0.007021911418800551,-0.004487183073505365,0.05959304192009765,4.02951306634442,-0.8573455950347734,-2.736701276222954
-0.0072934162595951375,-0.014220808478684732,-0.0069890138205980406,-0.0044817373989850815,0.04790206932487834,4.002444874077924,-0.8418360756101535,-2.7265665086661364
-0.007294395642263587,-0.014204724135944917,-0.007007758493082668,-0.00450925383701637,0.05456198191123957,4.0335137141886985,-0.8360191784284576,-2.74176764568603
-0.007281199332500348,-0.014196203394784794,-0.006993533328928444,-0.004531284830303798,0.04944635355564834,4.037429668557636,-0.8146793049545814,-2.7466476123325507
-0.007280142501197279,-0.014212288099089124,-0.006974855214626332,-0.004503678864418375,0.045420603178190515,4.006361675813545,-0.8208026018109679,-2.7312947519554314
-0.007268029851185396,-0.01418764123415389,-0.006979259173970673,-0.00455324008253131,0.04630266978928488,4.041239833634718,-0.7934046198758627,-2.751274611397212
-0.00726693585311429,-0.014203678980444499,-0.006960740907408873,-0.0045256346746357845,0.042691811856513225,4.010220180134509,-0.7997915840785565,-2.7359168744977835
-0.007563751639439791,-0.014366313539551149,-0.007277061299506281,-0.00406034834763854,0.11264873612358768,3.920511125082053,-1.253616433390299,-2.615714220179668
-0.007577480671187592,-0.014373945598830679,-0.007289791785603372,-0.004037448160478165,0.11651437375932684,3.913131950706641,-1.2741144344892377,-2.6078128571150243
-0.007563760651972559,-0.014382308488802084,-0.007256790166389721,-0.004034272351225741,0.1061581018309916,3.8887651685906017,-1.2558362571272843,-2.6001045241406633
-0.007550046640288171,-0.01435863838087501,-0.0072642568032548665,-0.004083212343231602,0.10874000687576617,3.9277820632996803,-1.2330670127905006,-2.6234594817162376
-0.007549982800521761,-0.014374621439610304,-0.0072440563031957944,-0.004057081123751895,0.10376032232955647,3.8960265092576667,-1.2355065920185224,-2.6078048175336495
-0.007536365807734405,-0.014350920197693798,-0.007251390264281112,-0.004106018874350438,0.10586573958769858,3.934923610309895,-1.2125191352416782,-2.6309956803601287
-0.007536259013690985,-0.01436686743671075,-0.007231325601611213,-0.004079865536638027,0.10121682798960029,3.903177459635445,-1.2151771763969539,-2.615373974746765
-0.007522709275725809,-0.014343159065406773,-0.007238462565169425,-0.004128766527162922,0.10388505259049456,3.9418839208531975,-1.1919788985215134,-2.6383256350240787
-0.007522585775792123,-0.014359076630789154,-0.007218555481493006,-0.004102583226361076,0.09838315554101072,3.91016481993346,-1.1948242457730538,-2.622805697773295
-0.007509077178150166,-0.014335355059921579,-0.007225466759428094,-0.004151467651135401,0.10207717135041629,3.9486315657524726,-1.171414302887983,-2.6454941124161513
-0.007508942723266201,-0.0143512691481057,-0.0072056911318629105,-0.004125216827537622,0.0953560546063849,3.9169503653645097,-1.1744133533528387,-2.6300930113685257
-0.007495469648830561,-0.014327508257654869,-0.0072123949933895785,-0.004174135968127009,0.09971202989854261,3.955174349984509,-1.1507856919093413,-2.6525473271057716
-0.007495309125560779,-0.014343442101179917,-0.007192705203475269,-0.0041477841073064075,0.09233370704437288,3.923532502760905,-1.1539241188362934,-2.637232268627225
-0.0074412878880224615,-0.014295694626951435,-0.007159367376327663,-0.004264447361538566,0.08764191129251013,3.9797962009666388,-1.0676447670457663,-2.6795531294254133
-0.007427405399905243,-0.014303610935260128,-0.007126619447721079,-0.004260161421105833,0.07804159515074248,3.9540428629263373,-1.0507862498984875,-2.6707161138816633
-0.00745479580756053,-0.0143037118419788,-0.007172725899043046,-0.00424194002414231,0.09011539096161991,3.9738670467817907,-1.0884766359872948,-2.673027590342459
-0.00744092013465425,-0.014311656756600956,-0.007139958014995943,-0.004237788062089686,0.08105422684868414,3.9482778708005815,-1.071468412222991,-2.6643226112720533
-0.007468328829897485,-0.014311686570991885,-0.007186019696065974,-0.004219380545578062,0.09326852888873821,3.9677761990303835,-1.109293917213501,-2.6663387505561196
-0.007454464447037675,-0.014319674817195503,-0.007153216535552446,-0.004215347108205939,0.08394437655972754,3.9423209594253703,-1.092112874712223,-2.6577740942655628
-0.007481886821520237,-0.014319618735532863,-0.007199244904486268,-0.004196775466781512,0.09666786801298573,3.9615464090952535,-1.13007483420009,-2.6595012063646255
-0.00746805332499532,-0.014327652184868249,-0.0071664334818180644,-0.004192849049152416,0.08668914281711086,3.936202295779203,-1.1127455165002955,-2.6510737574355736
-0.007481675933068924,-0.01433557499311032,-0.007179608017759306,-0.004170322406607751,0.08944893945564163,3.9299412830639464,-1.1333598469971313,-2.6442256518310496
-0.007413335668935789,-0.014311841097344095,-0.007093990887843846,-0.004255675814367368,0.07605367755421023,3.925698948320306,-1.040051551509096,-2.657644203719411
-0.00739980890128936,-0.014303744186412795,-0.007080536021250062,-0.0042778509120734364,0.07313013167582096,3.9311267842855844,-1.019522097734664,-2.6637531815660496
-0.007386330621094537,-0.014295509606147205,-0.007067157268890563,-0.004300128439286823,0.07018870839957013,3.9366026099899973,-0.9989268903911382,-2.669830328054496
-0.007372903330889223,-0.014287198497965966,-0.007053788678653535,-0.004322407005969008,0.06730577646468323,3.9420056429327546,-0.9783010277302919,-2.675807972411517
-0.00730578301283261,-0.0142455197117943,-0.006984720314943148,-0.004432532749777063,0.052628033115397176,3.9652030904007947,-0.8746139328007345,-2.7028398007423675
-0.007319197709907757,-0.014253888827512192,-0.006998798275336514,-0.004410655670934419,0.0555238003074078,3.9610355677121167,-0.8954231769919324,-2.6977950365634764
-0.007332588669616033,-0.014262325071966085,-0.007012606621550268,-0.004388578196762335,0.05845861459246326,3.9564391150207068,-0.9162245933148808,-2.692467360036964
-0.007346014854207054,-0.01427067849143987,-0.0070264044176918455,-0.0043665221645921995,0.0614624680641278,3.9517653578332674,-0.9369743327222083,-2.6870416771435175
-0.007359469127855618,-0.014278926578014321,-0.007040205535548204,-0.004344527915665471,0.06442762251251945,3.947053858975267,-0.9576557178594781,-2.6815409281114246
-0.006118736552033716,-0.013261159359998213,-0.005271605357539699,-0.006274732199585633,-0.25439855038781345,3.5330661902079874,1.0321659731098156,-2.4751952570140796
-0.006095744446208233,-0.013241432216101455,-0.005228521989741727,-0.006298551180119208,-0.25893871368431104,3.5055738985663467,1.0585416206621863,-2.4563618826984825
-0.0061073552633999105,-0.013252718030517315,-0.005250481495155806,-0.006284265032631784,-0.25649845585127645,3.5189569423114127,1.0433622793626263,-2.4659119077410874
-0.006155699075234872,-0.01331501006290802,-0.005342227503732374,-0.006196033628757915,-0.24356773914680793,3.5654414277363045,0.955764064753457,-2.5035388087373325
-0.006136777003562076,-0.01328625863540813,-0.005306264535705408,-0.006238649361944586,-0.24932009366007257,3.549900728190565,0.996802434759408,-2.4894333294916047
-0.006142106912544478,-0.013301854664445044,-0.005317139040904252,-0.006213449527893355,-0.24666433316814923,3.5508081265666154,0.9742897346262474,-2.4931349066773056
-0.006123906303979704,-0.013276353913348601,-0.005282507020643694,-0.006250332741505252,-0.25182094537034333,3.5344019874020525,1.0102936631887196,-2.4791617036430407
-0.006043924571256982,-0.013201213253331748,-0.005131554688136637,-0.006342921991262516,-0.26788079737422793,3.4408495105945702,1.109370012837369,-2.4130973870357253
-0.006055522312827474,-0.013219940463033333,-0.005155026873056055,-0.006316363299029729,-0.26450425889936696,3.4520370157015257,1.0841753871850577,-2.4232701467745947
-0.006066703088759731,-0.013233689756989889,-0.00517669775442063,-0.006298027356770088,-0.2618185437711275,3.4640325522493716,1.0659291117476386,-2.432682980585423
-0.006077463077478278,-0.013246283511798526,-0.005197324170006031,-0.006281337898049238,-0.25933232669769174,3.4756342054914557,1.0491150806121536,-2.4415952224015935
-0.005997023058020143,-0.013183548489758319,-0.005047582193683888,-0.006349036679685006,-0.27255530741357115,3.3761148068882036,1.1260887599798544,-2.374790204060868
-0.005983757336613386,-0.013173151335399265,-0.00502276967409603,-0.006359724694092366,-0.27469768549836127,3.3595246463962405,1.1381349841273585,-2.363587142375941
-0.0060196047968425264,-0.013205933245102608,-0.0050906607922449505,-0.00632246614593598,-0.2684010614327947,3.4027951499310762,1.0983803483257537,-2.394053200417314
-0.005997935248481223,-0.01320388237479245,-0.005053360664079801,-0.0063149818040305625,-0.26958900211850173,3.371548759856378,1.0975837268036768,-2.3770013122829643
-0.006463367691614775,-0.013635064254195802,-0.005866391533574867,-0.005707992063862874,-0.16261516394269623,3.8033265948101844,0.4513009371128639,-2.677004885776697
-0.006470644901437478,-0.01365039873138318,-0.005875415171434094,-0.0056811154345748115,-0.15976513282450475,3.7989074217297647,0.42783049780278265,-2.676101739873349
-0.006468834605007443,-0.013670887602324235,-0.005866253203242082,-0.005643713465968114,-0.15771771252408293,3.775304794006044,0.4011268844037343,-2.665515942254
-0.006448951883941656,-0.01362629124189058,-0.0058424326792424165,-0.005721720006649152,-0.16600168962125242,3.7899965791324175,0.4682343196533295,-2.669200354815667
-0.0064288184745584015,-0.013621929324499932,-0.005806972351757966,-0.005726296534035269,-0.16950571128771322,3.7636297449421368,0.480787209015238,-2.6549391650603167
-0.006413372554806918,-0.01361246019276928,-0.00578128132003329,-0.0057407112518681825,-0.17302659929505337,3.749212858438064,0.4984706493989713,-2.646395302534828
-0.006258141582029855,-0.013451261182124703,-0.005525462307099385,-0.005991699486310947,-0.21418388759345322,3.6428476831500087,0.7556119120588941,-2.5689613258596413
-0.006273697301011472,-0.013460863239622886,-0.0055526645240016265,-0.0059794101904464365,-0.2110080666562133,3.6601269281471747,0.7401676522389061,-2.5796381670351
-0.006293541055266447,-0.013486089736621047,-0.005586108586782956,-0.005940124735806645,-0.20527914225674992,3.6723745783978146,0.7016093341265085,-2.5899260242779785
-0.006274857424090267,-0.013480081716171816,-0.00555322921281703,-0.00594539279122495,-0.20831644677116692,3.64808502097859,0.7127904866197811,-2.5761378350377684
-0.006309959191834728,-0.01350983381428227,-0.00561299368257951,-0.005902138603675591,-0.20010263179776908,3.6795060013760676,0.6654837306099833,-2.5970857227740543
-0.006297303650123674,-0.013501532539726756,-0.005591265461391886,-0.005913530634576642,-0.202879503786162,3.6664941884168423,0.6792908527985527,-2.5890142837826584
-0.006398527882852421,-0.013602973038524497,-0.005756618381315352,-0.005755073738333901,-0.17628190289449233,3.7355284964742936,0.5158113002543732,-2.638188659325906
-0.0063672705826672595,-0.013567103106706209,-0.00570743229528983,-0.005813283632782937,-0.1852295874641439,3.7200690789722706,0.5734542107148001,-2.625964603615332
-0.006382249645587724,-0.013576367047201353,-0.005732718461260846,-0.005799811095619918,-0.18188881234972268,3.7348039791026153,0.55685139475046,-2.6348359088944533
-0.006381753417987676,-0.013594995737727579,-0.005728114266967315,-0.005766150275621245,-0.17974967237635098,3.7173965608240302,0.5314227098243097,-2.627755790676426
-0.006337401143639672,-0.013530191626054329,-0.005659632108802547,-0.005872720232541849,-0.1939083357971925,3.7054165461372945,0.6316727930066867,-2.613572249218185
-0.006322620375884407,-0.013520254836169993,-0.005634413813690512,-0.005886803439643898,-0.19722335597291415,3.690737827698816,0.6485158998954069,-2.604469295198266
-0.006353159183413434,-0.013557450361337868,-0.005683722160732049,-0.005827467022488126,-0.18829617593570294,3.706807856728838,0.590208988424194,-2.617782045413725
-0.006336432021352418,-0.01354896071897295,-0.005655076075816952,-0.00583876518990971,-0.19167734620923363,3.688436819424073,0.6057333498204734,-2.606997654845904
-0.006150288924918995,-0.01333293723973939,-0.005333893133320367,-0.006162120330266163,-0.24143343091773925,3.547984510165135,0.9295873475908075,-2.497776679837003
-0.006243510854401382,-0.013440585732139958,-0.005499928555653296,-0.006006002682621318,-0.21719560798964724,3.6275584370589624,0.7722751950278619,-2.559132669675149
-0.0062421461947944675,-0.013457737612737533,-0.005496621966943176,-0.005975079308136832,-0.2150149312953034,3.613838393786211,0.7481778138580524,-2.5545147028161512
-0.006189806443763313,-0.013381058439717012,-0.00540550405794185,-0.0060927712159827155,-0.23099385829775396,3.582291550931142,0.8604687654591653,-2.5249550179893316
-0.00617416372215079,-0.013371763983239691,-0.005377686249273261,-0.0061032393885250705,-0.2337785255920433,3.5636021201548034,0.8740522281010001,-2.51333626681583
-0.006158277821389976,-0.0133617379782436,-0.005349406469671442,-0.006114706909572888,-0.23663356213478462,3.5449182956577387,0.8884218023075389,-2.501552807716322
-0.006145472363806322,-0.013350826897024722,-0.00532645722001765,-0.006128753116664949,-0.23926323892832443,3.5312782191381227,0.9038363189553144,-2.4922634552631098
-0.006227236356252555,-0.013431558504331474,-0.0054713575057469275,-0.006016633534834313,-0.22020156466082821,3.6085249142811757,0.7865013320636544,-2.5475406506210465
-0.00621047004584183,-0.01342147359886603,-0.005441937011444905,-0.006028763189053027,-0.22333506375545256,3.5893938384024078,0.8019958871517275,-2.53568412642015
-0.00619597541593362,-0.013410067850424708,-0.0054165088572585155,-0.00604380191881082,-0.22635688784858612,3.5744125146165655,0.8189477297788857,-2.5257835798835564
-0.006187408446114246,-0.013397466557177606,-0.005401429751483689,-0.006062912676052849,-0.22890512442565783,3.5689584707675044,0.8371425964471522,-2.520724859038775
-0.005586634106359893,-0.012665915009683427,-0.004163520156840602,-0.006899146523242808,-0.3306340041467557,2.8041755219381725,1.6497755058138324,-1.9288732058171352
-0.005603818711851569,-0.01268631726953138,-0.004201997372774936,-0.006882708847265912,-0.3298276916054,2.8308785261832345,1.6348182330069343,-1.9492257956699481
-0.0056217545964470875,-0.012715146693604226,-0.004246716588503737,-0.006853904194799746,-0.32807368095693895,2.860688508059534,1.6093792862021064,-1.9740208749452999
-0.005559131028418681,-0.012656220836651928,-0.004117067568020029,-0.006891417285209664,-0.32930185348468904,2.7690323051398518,1.645242522673893,-1.9083750227012624
-0.005533324142359457,-0.012630210369486783,-0.00406254638197073,-0.0069083113044637,-0.3295453925964093,2.7308095573221602,1.6608493036655008,-1.880468874934644
-0.005509091037605766,-0.012607258253600246,-0.004012374238727739,-0.006921489533295573,-0.3293768037054569,2.6954936574176256,1.6730833210390024,-1.8550728249293693
-0.005470859134382325,-0.012491353367683984,-0.003874105532558,-0.007051484560024259,-0.3342265911286684,2.605424077990818,1.7811527418210298,-1.7675979750117319
-0.0054502902754491305,-0.01247151939864698,-0.0038304707937926482,-0.007060917519405577,-0.3334261445292244,2.574520772128657,1.7894841819895217,-1.745333110532881
-0.005487571538752703,-0.012589231742276283,-0.003969522829638232,-0.006929456443662203,-0.3289310687543107,2.665101288875326,1.6808067458350302,-1.8338356025292835
-0.005482150777054436,-0.012556791994958622,-0.003938788365396331,-0.00697035018692309,-0.3308515776199841,2.6463917347041037,1.714423270458804,-1.812739193695378
-0.005471771650281726,-0.01252282823277125,-0.003899328619554152,-0.007008831107106864,-0.33228673440149964,2.62076411566942,1.7462768966612494,-1.7874391955048374
-0.005753192700716068,-0.012899291858295909,-0.004548798252600113,-0.006667474726151417,-0.31316415710568957,3.060494024825934,1.4387493230207042,-2.1342829796460574
-0.005668626746521309,-0.012760460925752462,-0.00434452923318466,-0.006821545443868217,-0.32619605046085476,2.9297313327552157,1.5780487096299376,-2.023756973686283
-0.005636378326619009,-0.012746025813930813,-0.004287264194145618,-0.00681888892886899,-0.3257642727997397,2.8864875423190597,1.5789382393215041,-1.997404132108667
-0.005601163066097456,-0.012742753981957889,-0.004232785827554818,-0.006797115070055122,-0.3239976766613338,2.84320586411115,1.563972825988145,-1.9748089278401662
-0.00573234119666994,-0.01288594607353946,-0.00450969962792018,-0.006674039139373321,-0.3141601855955676,3.0319875005126,1.447071762968647,-2.1156655427290723
-0.005658385059417896,-0.01279477396060131,-0.0043484441353702635,-0.006761717510304304,-0.32168291074121885,2.92453393169186,1.5290609359455596,-2.0326031274968055
-0.005680287502953719,-0.012815770393119291,-0.004393309988123887,-0.006745710529645974,-0.3204964431567365,2.9557594117257198,1.5133032061788028,-2.0551011821166303
-0.00571591984003101,-0.012862958681919962,-0.0044728045869645424,-0.006698404217293617,-0.3163598170732656,3.008186121161718,1.4695445333205208,-2.0965078847737746
-0.005695525049618536,-0.01284223306964131,-0.004430691811027845,-0.006716024135957289,-0.31802277307557697,2.979298689313517,1.4867455993382555,-2.075379689922068
-0.005966259127686377,-0.013142501997696038,-0.004985827881758235,-0.006402131182617013,-0.279633816680027,3.3414846261384725,1.1775682442988897,-2.346766991878136
-0.005962840908246215,-0.013169470260974153,-0.004986644833220159,-0.006354867713860955,-0.2757709706985469,3.330014172911451,1.138864895755136,-2.3471148872990946
-0.005875467636913668,-0.013058238695919325,-0.004809798057751878,-0.006490318546181345,-0.29331763448367076,3.2254739089339304,1.2700465032953614,-2.2645301124603994
-0.005890168241075526,-0.013081051750054678,-0.0048413878655652305,-0.006461504799878488,-0.28994796368679027,3.243324200031633,1.2431426985304999,-2.279786055738235
-0.00594725061156404,-0.013128934137046876,-0.004950296828465413,-0.006414470219702387,-0.2821026765781056,3.3167216648122335,1.1920724925779205,-2.3304045166534135
-0.005931313408325396,-0.013114376265795114,-0.004919608797429222,-0.00642989833334282,-0.2846775467379762,3.2966134852301456,1.2083816605106776,-2.3162064458424023
-0.0059069768898338485,-0.013106533525413022,-0.004876891633456893,-0.006429118530507363,-0.2861151122341343,3.2631823448377477,1.2127794675806938,-2.2966477777699414
-0.005817176464261115,-0.012983405825185942,-0.0046874602280920835,-0.006575911456912551,-0.3033836611743488,3.149307548008173,1.3522253596962062,-2.2045324681615437
-0.005801927576169607,-0.012962307070498072,-0.004654310061208867,-0.006599956578307069,-0.30615099997445366,3.1286416675592217,1.3748350945083379,-2.187858530150006
-0.005810151876918985,-0.013012128832149738,-0.0046873300129544404,-0.006525258036250661,-0.29950535224247316,3.1390985244049454,1.3109915010570268,-2.2070810739955786
-0.005830060662392485,-0.013031874016058244,-0.004726681585113663,-0.006505754363085076,-0.29686863375320427,3.1650662475776836,1.2913141412668983,-2.225932010209412
-0.005851454840636315,-0.013049050143617697,-0.004767431013741714,-0.006490901482436703,-0.2946435397911023,3.193024228707554,1.275129465930681,-2.245097750629047
-0.00577956243127902,-0.012961827886789882,-0.004618395316237979,-0.006586110362462963,-0.30549044760869276,3.0986093533740524,1.366745315531202,-2.1721571715023624
-0.005763823016422004,-0.012944128257313142,-0.004585870978684916,-0.006603856748152711,-0.3078123772585731,3.0772878638575176,1.3839475463074697,-2.1561007167867596
-0.005750618112438243,-0.012924134880989396,-0.004556183778188367,-0.00662659474179224,-0.3099190671690722,3.0589841116778462,1.404882144234618,-2.1408567532083964
-0.00725488733011826,-0.014179037739678208,-0.006964932369569153,-0.0045751253341398965,0.04458480159171074,4.044857577969174,-0.7721820633101637,-2.7556750055658767
-0.007253776520471318,-0.014195033656356793,-0.006946583320553249,-0.004547529181466597,0.039444357375719115,4.01390499138379,-0.7787637187993006,-2.74040651771092
-0.0072025894786609205,-0.014144212153727343,-0.006906911364852879,-0.004662256248748697,0.03332883941861097,4.057300999368081,-0.6871281121450193,-2.7716383400650932
-0.007188311892439764,-0.014151383695058903,-0.006874449102053054,-0.004656042360743778,0.02301954240218547,4.029438478879995,-0.6731567603187645,-2.7606359923736554
-0.007241771900939665,-0.01417039299749484,-0.006950529106834234,-0.004596977100842713,0.0418242118499171,4.048238445798959,-0.7509348608801226,-2.759914909805842
-0.007240629263134163,-0.014186380656405323,-0.0069322978357952494,-0.004569330796710899,0.03609251715067432,4.0173466359205285,-0.7576826975133993,-2.7447402668912715
-0.00722868369512679,-0.014161707094251574,-0.006936045709921458,-0.004618801075442728,0.037785175588133234,4.051427304911157,-0.7296467159171433,-2.7640015049056053
-0.007227496458750024,-0.014177691020560934,-0.006917919576172277,-0.0045910849018765505,0.03306765160915771,4.020615093213428,-0.73656739044527,-2.748932608686623
-0.00721440597216711,-0.014168940352424523,-0.00690351779377715,-0.004612820055320481,0.03007399301673729,4.023772626202441,-0.7154520985601519,-2.7529982163552944
-0.007215622843988552,-0.014152980117106462,-0.006921504008372256,-0.00464056444288952,0.03477084275440431,4.0544628626586805,-0.7083742045946768,-2.7679024920537283
-0.007201354821705909,-0.014160159324459881,-0.006889055857683106,-0.004634488088031728,0.026655947286437404,4.026744070927122,-0.6943259064992359,-2.756911102651657
-0.007147566320470319,-0.014141447410829115,-0.006812079799014323,-0.004691864692114494,0.015594828543479109,4.003486360027066,-0.6238989919414429,-2.752452410866565
-0.007160700349937424,-0.014150249917805368,-0.006827099991061605,-0.004670629538690716,0.01880561594818792,4.001513400171926,-0.6448794654624183,-2.7492812385591385
-0.007173835658989297,-0.014158939098807161,-0.006842077178682311,-0.004649483229102997,0.021930442526392122,3.9994742499729057,-0.6657667556734864,-2.746022848244222
-0.007134471197077184,-0.014132519560519996,-0.006797091337945787,-0.004713194532579991,0.012357112707085968,4.0054546429002995,-0.6028446939826049,-2.755565126765513
-0.0071214184747028335,-0.014123487510749612,-0.006782118873267043,-0.004734581963632876,0.009114849669203161,4.007382171204697,-0.5817350756433699,-2.7585987032711317
-0.006953087909127219,-0.014019095974898511,-0.006566662422077019,-0.004978303220823085,-0.03381423019999392,3.987541022298077,-0.32292152610620267,-2.769195385249029
-0.0071084025487077734,-0.014114364292416968,-0.006767138774689491,-0.004756007271668038,0.005856562779233895,4.009238075113111,-0.5605768228965252,-2.761535690050763
-0.00709543811848816,-0.014105142183078422,-0.006752182297223263,-0.00477747936437727,0.0025613137448078876,4.01105270930561,-0.5393781028069297,-2.76438902378434
-0.007082584593700225,-0.014095809747670269,-0.00673736330170449,-0.0047989980670391655,-7.20997488899376E-4,4.012915731192898,-0.5181823064187833,-2.7671986879192594
-0.007069851996795781,-0.014086437720570335,-0.006722637790962713,-0.0048204372022610485,-0.0038981042757145422,4.014714192894542,-0.497062181193856,-2.769901994717983
-0.007057120261630124,-0.014077151724179485,-0.006707686399965696,-0.004841617912096447,-0.007010672584304589,4.01608388422757,-0.47603179168439286,-2.7723164548405337
-0.007006296956687041,-0.014039881541074174,-0.006646660612075336,-0.004925454087166264,-0.019846235319577823,4.01915341906087,-0.3920422360131201,-2.7801005912508043
-0.007018894349858688,-0.014049224009516179,-0.006661926698570486,-0.00490464856476356,-0.016705747236519658,4.018623531348063,-0.4129440099488398,-2.7783772478159605
-0.0070315412618935265,-0.014058620556648619,-0.006677088527761781,-0.0048836227290383165,-0.013480808884887197,4.01778534904799,-0.43395876450408094,-2.77642769098452
-0.007044315340094684,-0.014067928417406582,-0.0066924001657842555,-0.004862604928383626,-0.010202654299052512,4.016980021671077,-0.4550124246029425,-2.774426534985993
-0.006965763045603367,-0.014028713587801308,-0.006582256717487797,-0.0049575028049637345,-0.03056942522327306,3.987548721046531,-0.34383949683137655,-2.7679472385465407
-0.006978550300629876,-0.014037999402739558,-0.00659815939396135,-0.0049371547275035765,-0.027305212559285145,3.9879811525577655,-0.36454979880617083,-2.7668536053802995
-0.006991302968240873,-0.01404702523900398,-0.006614059592770179,-0.004917168325951908,-0.024052100611645852,3.9885435312685362,-0.3850045291731055,-2.7657763463277942
-0.006837902852037415,-0.013946361976080306,-0.006408845787357047,-0.005135338729797539,-0.06315207982736883,3.952723947849261,-0.15082840911495976,-2.7598382528104897
-0.006850064935163165,-0.013956481184223362,-0.006424313233418245,-0.0051148167037608746,-0.05993726275544952,3.9535227781054334,-0.17141951563491106,-2.759536597668488
-0.006825301626400881,-0.013937045301468574,-0.006391923705161434,-0.005154365833549408,-0.06644512684491094,3.9498621361418826,-0.13086015059347625,-2.7590408048857955
-0.0068128980836301934,-0.01392712448992515,-0.0063756062628071595,-0.0051743376371692846,-0.06970947809279682,3.9479071113069515,-0.11042232965209468,-2.758642528426348
-0.006801059909446405,-0.013916580089638635,-0.006360556256509988,-0.005195248007866794,-0.07291420553670118,3.94737326384799,-0.08971918191588796,-2.758888984788426
-0.006861188614825133,-0.013968306716741078,-0.0064366162874215345,-0.005091307358589558,-0.056941809891654094,3.9500915550877855,-0.19303121027561143,-2.7570442488266793
-0.006874305829690446,-0.013978775047315017,-0.006453259834961647,-0.005069761733476158,-0.05350066264545741,3.951058453177898,-0.21474055960568725,-2.7566484040597046
-0.006887588625866138,-0.013987799952943338,-0.006471036881405773,-0.005050659472943329,-0.05009861757092369,3.954197079244004,-0.23508517049727676,-2.7573130238284143
-0.0069008809161971345,-0.013995541967679225,-0.006489603079040715,-0.005033734146077693,-0.046773595127072604,3.9591142708054288,-0.2541596251618345,-2.758852570437678
-0.00691327038390903,-0.01400571007086709,-0.0065047047477698175,-0.005012519081279137,-0.0435878907488673,3.958787845590862,-0.27511863996119984,-2.757655116708516
-0.006925212604326982,-0.014016319833834423,-0.006518525674486572,-0.004990516821765815,-0.04048833472178904,3.956918626154071,-0.29616189783615404,-2.755628702834587
-0.006937532345051595,-0.014026679477845957,-0.006533045534692056,-0.004968774428798042,-0.037310582834199406,3.9556466508138164,-0.31724523281383327,-2.7538258955546975
-0.006625367783717952,-0.013791233148783872,-0.006106285539145224,-0.005435663062192896,-0.11815858902873254,3.869567689258808,0.17324250867870353,-2.720985472496633
-0.006602525885872598,-0.013765199784799342,-0.006075829525290046,-0.005482783967595771,-0.12480604786773472,3.868129810115465,0.2183941920293347,-2.7193532818417734
-0.0066096876585168465,-0.013780387119166123,-0.006082463391410977,-0.005455255450936314,-0.12216506879998303,3.8601569992659077,0.1953240993564858,-2.715857750711533
-0.006588222459657064,-0.013757176862366891,-0.006053031879475922,-0.00549696641624433,-0.12829108640867093,3.8567383390897314,0.23596957012757172,-2.713198687897557
-0.0065693030619753375,-0.013752448548055365,-0.0060204931566574214,-0.0055047769128007545,-0.132139267963728,3.8346136980307683,0.25139036356352285,-2.701625517870936
-0.006553952507390431,-0.013744290399273404,-0.0059957814417961755,-0.005518775441216229,-0.13570315931872765,3.821546320959559,0.26920016301986655,-2.6944925475710986
-0.0065387903190429015,-0.013733648890103776,-0.005972259866143837,-0.0055370919500091036,-0.13943209274502408,3.811383380108776,0.28991273954659014,-2.6886671144178593
-0.0065219233148331975,-0.01371822473717071,-0.005947194803812749,-0.005563727489211057,-0.14390195904391975,3.8037419580066834,0.317389490394588,-2.6837905974269884
-0.006499217997348251,-0.013709667438574163,-0.0059090643767607575,-0.005577138882139722,-0.14860382703137034,3.7796279870181553,0.3381804949914891,-2.670692696845967
-0.006479952039746581,-0.013701303481136913,-0.005877076804201249,-0.005590219869415817,-0.15268366431361058,3.7601975495290785,0.35688848843091386,-2.659973237056428
-0.0064642955087341,-0.013690875125608157,-0.005852165637945173,-0.005607162413773656,-0.1563726002218684,3.748044088556474,0.37655395764405336,-2.652841059187935
-0.006788813354124168,-0.013906562283816011,-0.006344296345901268,-0.005215148553446424,-0.07615192459282998,3.9452423687688936,-0.06934252792152339,-2.758275186096651
-0.006776274775566478,-0.013896958910124067,-0.006327119492246653,-0.00523421413216951,-0.0794496384652465,3.9418491595073886,-0.04931324852316004,-2.756967298126151
-0.006764450952808548,-0.013886656795078904,-0.006311517552937475,-0.005254352123124158,-0.08265562091371619,3.9401886833431345,-0.02901187854893306,-2.756458747362774
-0.006752304244975718,-0.013876895375251578,-0.0062948810710401456,-0.005273425592566821,-0.0858530622278464,3.9370564168361875,-0.009156750226299038,-2.755154958412731
-0.006739322134657457,-0.013867477861747982,-0.006276398257757784,-0.00529182606279148,-0.08923913797032855,3.932025825807876,0.010757913253654631,-2.7528508218751866
-0.006714346518647197,-0.013845545313686931,-0.0062424983561360356,-0.00533381017175753,-0.09600656857293076,3.9268293613590224,0.053421217347245524,-2.750473015081177
-0.0067261669350139235,-0.01385705293593248,-0.006258016794422638,-0.0053119423211396705,-0.0927275199367666,3.9278823821816835,0.03190227935123352,-2.750929582263797
-0.006689728776698806,-0.013824401022665628,-0.006208237226380698,-0.005373834677230915,-0.102688430298242,3.91998052708199,0.0947085936649855,-2.7470043435152682
-0.006701881073628478,-0.013834995602625204,-0.006225143287124279,-0.005353852289006501,-0.09936208201258696,3.9232834413960354,0.07418564667123677,-2.7487105617704906
-0.00667461532828095,-0.01382836388046639,-0.006178670185104611,-0.005367194281155712,-0.10539866193347973,3.893083491533807,0.0989732785957994,-2.7335750788952526
-0.006659226754202233,-0.013820812738268361,-0.006154306955363363,-0.005381432398425474,-0.10915488651338653,3.8808996562388205,0.1173501932507064,-2.7273655664267222
-0.006622616130756637,-0.013809279694418674,-0.006093247820490598,-0.005402919221895219,-0.11716854105849304,3.8433496379342915,0.1522736610066879,-2.7081268172662862
-0.006638954535189186,-0.013817496811259284,-0.006119070385499065,-0.005387881766893989,-0.11326133981438762,3.8563084945472155,0.1330748267497535,-2.714878544841256
-0.012906963218605825,-0.005809310964890201,0.006694219977907812,0.004642054331303978,0.7108898212962802,3.7181183674703955,-0.5429943723104252,-2.5948620816723587
-0.012942798862188678,-0.005821565696027115,0.00664466720969436,0.004677879658647348,0.7026082370636039,3.7141022673672555,-0.4956134073559227,-2.5972574089361395
-0.012925637971133136,-0.0058143456165192535,0.0066675382482436546,0.004658666355835012,0.7062232577199667,3.71381093417765,-0.5188114790408583,-2.595010277636327
-0.013108508324357704,-0.00593844394658603,0.006444046776043314,0.004930103945697612,0.6764274339326461,3.7779624171686064,-0.24731057222851974,-2.6457637544720374
-0.0129584273570013,-0.0058303482130190425,0.006625177664046089,0.004698762711276828,0.6998548611079114,3.7179291411620965,-0.4735546877124514,-2.6010745823527226
-0.01297251365433656,-0.005840119303855663,0.006608689761728713,0.004720458964771876,0.6978125607432085,3.724340800830712,-0.4528087714378151,-2.605984746430367
-0.013054073741069481,-0.005909954355638908,0.00651824480573896,0.004865661595904507,0.6881208413254364,3.7786195598398282,-0.32415918254430703,-2.641899094073331
-0.013069405106920659,-0.005919704176529746,0.006498526456040257,0.004886918563183632,0.6852568734864795,3.7817968909599644,-0.3015099983962027,-2.6447822860884904
-0.013089645773341754,-0.005922800316974022,0.006466577717927643,0.004898397013454838,0.6792670455250073,3.768794781883301,-0.27731512117521956,-2.639744524757266
-0.013052663758879425,-0.0058879744196746325,0.006507329286358484,0.004828759970934115,0.6833918960305666,3.742064091019763,-0.3379039594616362,-2.6230478714800953
-0.012984693783217564,-0.00585066657658566,0.006595660441390628,0.004742548991652377,0.696478299352474,3.7333113913108957,-0.43382412190413516,-2.6119467281081796
-0.012995218830653627,-0.005862044109532399,0.006585737218993852,0.0047652883930829806,0.6960099682992362,3.7448161023016775,-0.4162126494171157,-2.618991619728909
-0.01302787977717494,-0.005880880476302454,0.006543872756915461,0.004808430245134702,0.6898687623746583,3.7507719596014364,-0.3694694799619476,-2.6252954748801156
-0.013010140691528012,-0.005866847725789371,0.006564299656595873,0.004778847580894627,0.6921837093362138,3.741110158111964,-0.3967508302597909,-2.618608406278017
-0.013124142702285119,-0.005951086291492316,0.006424942356274894,0.004955674338537956,0.6740327280664928,3.7846036270770385,-0.22255564761478555,-2.6501602508379722
-0.013138697830668254,-0.005961963183977511,0.006406472864068227,0.004977836865117835,0.6715086658130791,3.788928963521751,-0.20001006303567512,-2.6532322752993456
-0.01315209832597014,-0.005973075089131859,0.006389914491986694,0.004999965769445661,0.6693768109236143,3.7944459969771684,-0.1784846753061301,-2.6567694375829927
-0.013164378804036411,-0.005984467257424132,0.006375244534359806,0.005022190418177765,0.6676263568449793,3.801254816841214,-0.1578734706969537,-2.6608332898316696
-0.013176658313931916,-0.005995008521747975,0.006359977972768746,0.005042881903514553,0.6656804306587115,3.806398249350785,-0.13775662151514767,-2.6639988796201197
-0.013188664865928006,-0.006005741898049986,0.006345131808085664,0.0050637448974057975,0.6637869468411987,3.8118677766676705,-0.11776299707408856,-2.667252282684929
-0.013197753895942094,-0.006016424853067907,0.006335108173459151,0.005083843449839428,0.6628720796737969,3.8200698984278576,-0.10069847878985465,-2.6717001707149866
-0.01313010970096918,-0.005927787616227067,0.006402015931316251,0.004918344763330249,0.666970675758944,3.740173427261738,-0.23062094013869902,-2.6279527108126293
-0.013212636899966964,-0.006019446705037563,0.006311224684233423,0.005091919087051852,0.6584980434640287,3.8093965739571227,-0.08328739718097782,-2.6668994516290976
-0.013230923593618127,-0.006026453323299964,0.006283472035818523,0.005107218277215226,0.6535819712307506,3.801456605582313,-0.059692552860650804,-2.6634853667806815
-0.013246027249005605,-0.0060366779157309085,0.0062626027214679626,0.0051272138599827944,0.6504928901664019,3.8017529122159104,-0.036985324072769485,-2.6639859635721717
-0.013267829060510855,-0.006037038645334964,0.0062255711063781095,0.005131170158461491,0.6432984304987438,3.778698172192949,-0.01533536566184626,-2.6529614299646944
-0.013292268750542425,-0.006050049422007969,0.00618982319683311,0.005156648892775777,0.6375267952634595,3.772505519927279,0.018202317518229344,-2.6501804765583334
-0.01334626732063028,-0.006119087411081657,0.006126360075555691,0.005280493018979564,0.6312898676425434,3.8171621622042946,0.12531265105654668,-2.671772530873977
-0.013317410253998418,-0.0060880584530904275,0.006163315020328867,0.005224547723894308,0.6357301051729246,3.8031382564756706,0.07243832729502393,-2.6652969306326857
-0.013311882202670346,-0.006062499038950958,0.006161814590658732,0.005180164268371405,0.6331161148030784,3.7701196070314893,0.04652081131907674,-2.6490818015012008
-0.01334463531019105,-0.006094784884936942,0.006119287969764838,0.005238436484623244,0.6277507145868917,3.7822374921871824,0.10313594826047644,-2.654859449311281
-0.013373248522311835,-0.006154952194947122,0.00609353858006853,0.005344272258969446,0.6278428574073448,3.8391854177009566,0.18145594859536632,-2.6816241644787726
-0.013389785910943437,-0.006163210651298244,0.006067759330858678,0.005359160002757287,0.6234517787642082,3.8311784439789065,0.2034915773516895,-2.677207224975928
-0.013367706953407863,-0.006132017813797433,0.00609432105220343,0.005304111914606468,0.6261680018313601,3.811231237078542,0.15585987461672732,-2.668437168101076
-0.012905052292948012,-0.005789916793326846,0.006683909035153966,0.004610022183522084,0.7062784423518179,3.6850638006536003,-0.5527731918296211,-2.5774709534986013
-0.012896584214927424,-0.005773753518822503,0.006686250790928644,0.004580285233253447,0.7044852288214837,3.662459271750349,-0.568731892658814,-2.564585248130109
-0.012783712247568722,-0.005712183324729499,0.006819020191517792,0.004425007143598895,0.7218371951271152,3.62066636496817,-0.7230165541890522,-2.5260293348461134
-0.012750552154820136,-0.005679389522900385,0.006845159402761238,0.004355342172919857,0.7218722739773519,3.579158611688054,-0.7707595293264063,-2.498785185440489
-0.012768287621284562,-0.0056868889924609235,0.006823707944164968,0.004377187640556426,0.7188458260357847,3.58374926893299,-0.7476126510602903,-2.5041878788204452
-0.0127812080397097,-0.0056957656404781854,0.006810541509441673,0.004398216140754427,0.7176862130538715,3.5928699422268253,-0.7299561346265814,-2.5110953624403383
-0.012663387195916512,-0.005584942512863061,0.006901832300664125,0.004159600461231865,0.7171769150358019,3.4506939952478635,-0.8895929707531475,-2.4155469060722754
-0.012747519802166894,-0.005656726816608537,0.00683244991900295,0.004319059818830513,0.7159533904934655,3.540926191526242,-0.7786904413942118,-2.4782299691130767
-0.012716925393395341,-0.005627059233383937,0.006855672852854658,0.004255949850371103,0.7156174654863069,3.502869329643628,-0.8204277342652634,-2.4528613703584656
-0.012738513981064441,-0.0056360839034928795,0.006830273697392407,0.0042825768594465016,0.7121111178033659,3.5093178665975784,-0.7931014743647125,-2.460032311565893
-0.012689271910871236,-0.005590447170635625,0.00686818790788941,0.004184379233287304,0.7118892571769394,3.4510134062592654,-0.858036408657841,-2.420546729840083
-0.01271347450790846,-0.005598985030342285,0.006839142210647592,0.004212115554041531,0.707855717057838,3.4564112277411603,-0.8281801595890527,-2.4277725995047272
-0.012800996850313513,-0.005716487180558076,0.00679541007091114,0.0044413317589881915,0.7178314652525252,3.619002154600692,-0.7008672680222436,-2.5279676634516317
-0.012820455110243564,-0.0057218053388889715,0.006769063255878665,0.00446017312035945,0.7134683250708665,3.6176148170485942,-0.6759349411044403,-2.530291784526986
-0.012840369341242714,-0.005730945957313384,0.006744632492026058,0.004484929638283887,0.7100355460226782,3.6222748156828994,-0.6494847565294527,-2.5357292294744505
-0.012868583995373082,-0.005735763634890824,0.006703928597970261,0.004506795742142793,0.702883113028784,3.6139331425146017,-0.6145786027081411,-2.5354133171054634
-0.012890149380814493,-0.0057444856769959885,0.006676186021913079,0.004530996774549518,0.698482893287105,3.6157244235191617,-0.5864831581269635,-2.5393001908696324
-0.012901989772978847,-0.005757649748732267,0.0066666097354870935,0.004557321827068503,0.6985870445814399,3.6308410100992825,-0.5681270353572845,-2.5487908693614107
-0.01252879407497997,-0.005515557402473281,0.007037975952704681,0.003965115054566106,0.7291766671246646,3.3678781645377254,-1.0538428022445776,-2.344237482197546
-0.012553407853898845,-0.005524575463143121,0.007010864935493479,0.0039961584369799024,0.7260685277671431,3.3782705756107476,-1.0242675185994499,-2.355099607995396
-0.012577258072530857,-0.00553511605300153,0.006985791659294894,0.004028456872624872,0.7235100140477749,3.390768540205872,-0.9955086304295336,-2.3667631325603264
-0.01262190194840508,-0.005563861785483026,0.006945281634920998,0.00410108349956581,0.7214489389289199,3.427755429827021,-0.9410118744644472,-2.3953600883601074
-0.012601287330885464,-0.00554611449107917,0.0069604974921600215,0.004061222504588509,0.7209358948955682,3.4033862993024435,-0.9663907779757342,-2.3783824849083413
-0.012649953332883336,-0.005559382005733964,0.006901056238579958,0.004113511785921572,0.7126398332376848,3.4117722301157802,-0.907460574540841,-2.392457361954658
-0.0125256773452971,-0.005485275439464994,0.0070166265049932995,0.003920420838585178,0.719623559206294,3.3177098049321887,-1.0558445804661272,-2.3172579285503208
-0.012258523010764038,-0.005344530373366167,0.007245236838036711,0.003509874385762272,0.7260663728028112,3.096198569597828,-1.3456870097878375,-2.135387198552584
-0.012334253271709398,-0.005376510114291495,0.0071780881713296805,0.0036186834715892734,0.7235139871482883,3.1527297324621637,-1.2661023238672975,-2.185002211987324
-0.012317239190557092,-0.005361504871465635,0.007186329174315065,0.003584420915215569,0.721261342661918,3.128124785171249,-1.2822757575105934,-2.167802112306557
-0.012291460730323077,-0.005348835917753619,0.007207612329712203,0.003545309284852928,0.7214998382210339,3.106422299475829,-1.3087834846804605,-2.149721173714728
-0.012413000776332986,-0.005403035572507448,0.007098694798181845,0.0037201775117987885,0.7166772624669191,3.1953644438460866,-1.1793500772394687,-2.2270859988826825
-0.012440856067299423,-0.0054168353737290035,0.007073662260829397,0.003761173024787706,0.7154560225707329,3.2160456940769744,-1.1489042303980896,-2.2445799976321132
-0.012468097311003977,-0.005431965676408158,0.0070501063405090944,0.00380314369789245,0.7147215422681358,3.2381805574452724,-1.1190048268214026,-2.262531686609815
-0.012494992104500606,-0.005445702944158912,0.007025351518508486,0.0038426636800596137,0.713252084456669,3.257509858563236,-1.0888460307763401,-2.2788251486889237
-0.01238460470247611,-0.0053897032780937685,0.00712435975580076,0.0036790239812893766,0.7178511231009811,3.1747144634038755,-1.210065962177109,-2.209342686972033
-0.01235666870458658,-0.005380248381124416,0.007152402671724485,0.003642954478524017,0.7203225707811485,3.1594494042440195,-1.2407058222844143,-2.1943394169682366
-0.012522253798399186,-0.005453334153560401,0.006994504408201181,0.00387375362421262,0.7096096193755224,3.2662335962740667,-1.0575111542820077,-2.2894290944851186
-0.012132795456425198,-0.005256757732366483,0.007315509983556154,0.00328287281404234,0.7133260210784885,2.940318540316611,-1.457258699838982,-2.019520719076413
-0.01216838517049401,-0.005267186532186212,0.007283145988211884,0.003329964402833324,0.711844489240067,2.9639041652866527,-1.421886302850549,-2.0421111697775847
-0.012211281975522497,-0.005266201517482411,0.007230673159336003,0.0033694907489078335,0.704572490605397,2.971118287313946,-1.373960539373838,-2.0581704495317616
-0.012053797843562994,-0.005217181702505818,0.007368835750665328,0.003157511195000988,0.7087568034857018,2.8610940527620183,-1.526579950351582,-1.955202091797158
-0.012085260124119073,-0.005227466732136837,0.007342795222674827,0.003201308920619854,0.7086140622354977,2.885313021875303,-1.497158608096704,-1.9772616250008728
-0.012121542373318068,-0.005223498264125343,0.007297028360131683,0.003232846241745305,0.7021054759123903,2.8898099593932898,-1.4562184472953887,-1.990700757151408
-0.012006281630013282,-0.005184384932090155,0.007390126373996164,0.0030714305546628916,0.7015860330399677,2.7993028397914563,-1.5619050982161833,-1.909191998913375
-0.012043107314167844,-0.005184879785910662,0.007349597539601071,0.0031101047848933346,0.6974131499891505,2.8128021558178506,-1.5234282219442596,-1.9278097041816016
-0.011986464923881642,-0.005143924715389084,0.007372408541052859,0.0030063491953565536,0.6879143794790644,2.7377078631066065,-1.5629196320379015,-1.8725118200954005
-0.011819216507988858,-0.005081043678574856,0.007484534747862569,0.0027590647064375147,0.6773471446132119,2.583653290364126,-1.6955355152545726,-1.7398721869510532
-0.011789941381824348,-0.005070803412914739,0.007503232058898155,0.0027157568790737337,0.6750053730459609,2.556110200412706,-1.7174871470058304,-1.7160385535538776
-0.01175680213228529,-0.005048110420189034,0.007512540396121678,0.002655744366015147,0.6674036973686609,2.511367233955976,-1.7350467572024508,-1.6827180951129102
-0.011723877874348065,-0.005032808305621399,0.007528428327550691,0.0026030973201297916,0.6628632091117773,2.475185788315659,-1.7560486033955727,-1.6533251338509227
-0.011914876930874937,-0.005100373071371205,0.0074060585075667205,0.002884115330792411,0.677473783679794,2.6524855616115524,-1.6129046804305582,-1.8069190074170647
-0.011874662276141515,-0.005086629764924471,0.007434067169207274,0.002826288817859721,0.6755365268422915,2.6173630808431967,-1.6449662958561164,-1.7760519993711559
-0.011844923505529585,-0.005062218950548153,0.007440052099542515,0.00276888470890788,0.6678155049775593,2.5735768971648056,-1.6601816578324406,-1.7446610264013316
-0.011980785898330274,-0.005105556436955103,0.00734152534302311,0.002959144707162457,0.6735238622544933,2.6858723105519644,-1.5500910710478564,-1.8451843935645535
-0.011953476346970728,-0.005073673347876623,0.007339907586837587,0.002897057856273183,0.6636660570345648,2.6353094741741097,-1.5614663437384404,-1.811518361537267
-0.012250296239449803,-0.005308616385097384,0.007222166573526694,0.0034574859360024753,0.7140681505212493,3.040100234854824,-1.3440782683264498,-2.1044090611890685
-0.012239413262715612,-0.005280167703429397,0.007209361560317278,0.00341249796381706,0.7050735425081651,2.996315986348202,-1.3473327322649036,-2.0789276054148162
-0.009659792071660817,0.0044952036255534785,0.007734096096287365,4.6891935206990653E-4,0.1870899735695556,0.27286828010469993,2.2084507220711824,0.2657518352717308
-0.009608117411950808,0.004484759237618088,0.007713143893848007,5.373062158698693E-4,0.17487838367450756,0.22032264909141475,2.197288344041468,0.31258772013791064
-0.009515027571266503,0.0044881282245503,0.007695112580565786,6.638753706315284E-4,0.154875132132577,0.13063926403591783,2.1913749727498337,0.40013287215635235
-0.009561774672013894,0.004472101037698007,0.007689847899574423,5.971194238048625E-4,0.16366971922847193,0.17288321976896087,2.1836621532645264,0.35368362614952686
-0.00947812582533381,0.004454178951649373,0.0076503519451542375,7.041571793050008E-4,0.1450014404341301,0.08933941689703878,2.1609961106558937,0.42778454100549307
-0.011054609734473224,0.004770687697435816,0.007761927289584751,-0.0015544456708333247,0.5343967655214027,1.7370333225175811,2.069887832183273,-1.03973099431348
-0.0109823320572323,0.004756642009191938,0.00778684455188619,-0.001448584293829351,0.5207691512189787,1.6642995378777614,2.099343573843203,-0.9742677949792921
-0.011020626543028569,0.004749616099791842,0.007758597282483874,-0.0014967885676671264,0.5227653955270612,1.692502600559893,2.0730620667003348,-1.0058246423215842
-0.010877249704571053,0.004747433432394946,0.007830020152337013,-0.0012989092481657026,0.5027135379557701,1.5641383186177582,2.146233277752191,-0.8796641789932969
-0.010916160154339924,0.00474589331841692,0.007809390806401658,-0.0013521488059651942,0.5077570449083718,1.5981329900390124,2.125647861483116,-0.9139376568812446
-0.01082183386453787,0.004713165130027253,0.007818628594664803,-0.0012059381785715663,0.4829495744574686,1.4915721400270192,2.1460082567152465,-0.8244732147078216
-0.010857900469571243,0.0047139098927478,0.007803044017743449,-0.001256291295767728,0.48885395596486403,1.524672578898511,2.1297112349017264,-0.8566867835319838
-0.01080032540824768,0.004683460233161706,0.00779619320908099,-0.0011631103248986047,0.47018872198947753,1.4536671821147797,2.132850393968266,-0.8009599094001458
-0.010949600644186605,0.004723828597191918,0.00776893100121918,-0.0013868276440022476,0.5052870629887415,1.612809905416465,2.091597632986565,-0.9391894318690316
-0.010270934118852488,0.004607743377159636,0.007866773857376878,-3.9149446443027537E-4,0.345520246473409,0.9111058146241947,2.247690929506225,-0.30603274026717947
-0.010759145445668286,0.004673121411375387,0.007802379072096678,-0.0011017775034018575,0.46030519281536114,1.4099042389667724,2.142980134466964,-0.7626685590685623
-0.010376608589375197,0.004626972240922123,0.007869316958907495,-5.464755176736889E-4,0.37345505695392195,1.0227231823376366,2.2380593901247363,-0.40598689901799107
-0.010322569642710163,0.0046063296910839645,0.007857077888392988,-4.652580719311395E-4,0.3565410998540403,0.9611010298050396,2.2351738980868636,-0.3548680155384089
-0.010473269244592765,0.004587828139138011,0.007805322829927512,-6.746225045393561E-4,0.3840315636651952,1.0978241661591854,2.180807070183565,-0.4949234757554422
-0.010418463133146314,0.004573108348210948,0.007802559273944811,-5.943996445649551E-4,0.36934260454607437,1.038978951365756,2.1850744249024867,-0.44383815597810666
-0.010704722061083752,0.004663108697353845,0.007813059189765633,-0.0010221346724589688,0.4479284863942897,1.3540727226499827,2.1579448188616257,-0.7124586646019769
-0.010611806069119042,0.004664789732317519,0.007847767029238126,-8.920937146075581E-4,0.4314109269714149,1.2679595708978997,2.1949152853820943,-0.6277024687115524
-0.010659079950916155,0.004641186044140991,0.00780628203298242,-9.504941663711547E-4,0.4333852483467414,1.2995839950208476,2.1589657777178015,-0.6687654709677082
-0.010560573631957556,0.004620621123006213,0.007816388115377043,-8.059879287716507E-4,0.40958469097910694,1.1964390315243627,2.178429974831047,-0.5771592639558184
-0.010523727639004415,0.004570245665943927,0.007773348425801327,-7.401983883281094E-4,0.38961637730465365,1.1367655794811304,2.151812580951606,-0.539910956097647
-0.010235428092312414,0.004570807578677426,0.007831703056377341,-3.3588657553311143E-4,0.32992987258333106,0.8613308391726654,2.22605879975201,-0.27278000626954707
-0.010189464952113045,0.004546066669247902,0.007810326872107159,-2.6817474978640135E-4,0.3147184656102724,0.8070134573438369,2.2152750830092818,-0.23007766632288804
-0.010086892088756495,0.004536648226331133,0.007807583686460426,-1.2304252796250097E-4,0.29001817043328043,0.7034854512738709,2.223559939761799,-0.13376109804030456
-0.010046783830939151,0.004519870331425764,0.007791044390164369,-6.619243370447682E-5,0.27803187514045474,0.6585727082378523,2.2154631675713237,-0.0968303836895875
-0.010136076066239102,0.004526486590553714,0.007793962418132127,-1.9154255923348616E-4,0.2991449014432986,0.7478461035055755,2.2087819681473353,-0.18051047842876855
-0.009990464284055305,0.0044876112706552776,0.007757345730003848,1.242696945013961E-5,0.26072850749138904,0.5933009417686309,2.1961958342929933,-0.04599741562863448
-0.009912764961691828,0.004482216705612221,0.00774949531990076,1.19533772255173E-4,0.24242148561923746,0.5161748107576974,2.1975650237907853,0.02639220565070988
-0.009857909897069844,0.00445426326467019,0.00771680807815021,1.9299412533633364E-4,0.22680462825988273,0.4553014675288008,2.178570952090626,0.07492962120398783
-0.0098103077399996,0.004459895233993041,0.007718447495840338,2.5835287827287787E-4,0.2168405659527479,0.4107683256890869,2.1839559835880817,0.11991250987094271
-0.009758939998253589,0.004468731682258584,0.007721753998976208,3.293826572395746E-4,0.2068185069877332,0.36324719668933736,2.190842891469735,0.16895150353301452
-0.009709150725145492,0.004443071521187923,0.0076880587722017515,3.9324399153332993E-4,0.19336436254883915,0.3089772242245914,2.1702585177973215,0.21212289405117515
-0.00934068217195163,-0.004505474273578592,0.0076606435111639115,-9.018292315950512E-4,0.11846069525389746,-0.03471156354164467,-2.1793909242712304,0.5655190452952114
-0.009461992243595613,-0.004452534163127446,0.007644220734442584,-7.249973299863038E-4,0.1414226876516921,0.0737208208604151,-2.157733829386339,0.4421303379265598
-0.009393248359848422,-0.004461459594810929,0.007632878684631619,-8.18053918591418E-4,0.12762904959281937,0.009573264274865032,-2.1546317424212,0.5070948409599927
-0.009281347174551964,-0.0044694883534534356,0.007602628841900835,-9.665355944655888E-4,0.10557637486843126,-0.0953425985989295,-2.1404003267388343,0.6109734974982256
-0.008865498647242627,-0.00438116070485721,0.007324061421574243,-0.0014324345050073456,0.035316452654193635,-0.4715079416648284,-1.9575832762083711,0.9424725724147729
-0.009213129527442614,-0.00444644116706276,0.0075530881418506895,-0.0010448749480570984,0.0920456600498253,-0.1612859595356864,-2.108051227726502,0.6663050113247498
-0.008957246710369576,-0.004372566095566339,0.007364577475535451,-0.0013221548187483517,0.04891795140075785,-0.39341308771689243,-1.982455426984723,0.8646130298175975
-0.00912917033535398,-0.004421479010492708,0.007493107072237494,-0.0011392864790951364,0.07657895986530298,-0.24001443163184535,-2.0687272894906936,0.7334546921114448
-0.009040187712750346,-0.004390077931935985,0.007422013451085302,-0.0012329704154073792,0.06173714090084174,-0.32086690427729986,-2.0208046247316926,0.8006586399942536
-0.009476805031248533,-0.004384492929489087,0.0075793191955311,-6.870766172249386E-4,0.14085534051721138,0.07707765646644692,-2.1079133149641716,0.41531783173437825
-0.009594895565135582,-0.0044304790904695305,0.007654258379205811,-5.437024728392716E-4,0.167781213665619,0.19673236972637248,-2.1546107004891404,0.31575403690924997
-0.0095381886740021,-0.004369941302560409,0.0075801804199663635,-6.043357208230117E-4,0.15221586785191357,0.1321771601704915,-2.1037219381282317,0.3571627326823071
-0.010819582954624084,-0.0047446334168831,0.007853624516537788,0.0012168138480785071,0.49266968486578966,1.5093750673977853,-2.1716989410130627,-0.8270927912199401
-0.01079084293913562,-0.004705275769342828,0.007823658081128608,0.001159308167041132,0.47540709261135605,1.4583752240084964,-2.1540149614103856,-0.7955193536513628
-0.010865759045765927,-0.004740230906300401,0.007827688821513058,0.0012794905001983078,0.49843583330266233,1.548966516514606,-2.146331100659338,-0.8681673688420855
-0.010913133454017305,-0.004734136590068944,0.0077982902020454605,0.0013421566368900491,0.5033744184066421,1.5876547152327969,-2.1181256675963414,-0.9093323517829911
-0.010958918396726445,-0.004727149141907748,0.007767690425496995,0.001401229191032097,0.5074090964504759,1.6233494551485388,-2.0892182076570767,-0.9480822203590274
-0.00977049548770627,-0.004491089175167567,0.007746635149349764,-3.16397535912157E-4,0.21163617735915655,0.3799722611522029,-2.2081909616275084,0.16094984079664032
-0.009658122253106508,-0.00439445366544487,0.00762975398232628,-4.531302738523504E-4,0.17822815429968397,0.24970969805250195,-2.131100136710834,0.25209935055535265
-0.009718253393155641,-0.004442236388190812,0.007688582168287129,-3.808693035765606E-4,0.1950648557117239,0.3176169859783428,-2.169872587538094,0.2034247032061162
-0.010368447380184767,-0.004614819615955735,0.007857792787296982,5.323716875529856E-4,0.3686457558054886,1.009477279204939,-2.230625545859469,-0.3981730927740939
-0.010330774336473517,-0.004602706393401139,0.007851739686642538,4.763361629174747E-4,0.3574716238022482,0.9675136476977426,-2.230337007243245,-0.3625744230662821
-0.010207513154234458,-0.004601459497091303,0.007868013835153077,2.996282145350537E-4,0.3296832374830794,0.845892447242791,-2.2551914712800425,-0.2456554335959593
-0.010240158315979428,-0.004599842090567436,0.00786238297004278,3.4629003529381243E-4,0.33677973756462803,0.8773793296732484,-2.247710627400833,-0.2766776664398454
-0.010271914016836293,-0.004584073900814251,0.007841073788583815,3.8950455086859454E-4,0.3406154387521711,0.9022010243316404,-2.228903131559143,-0.3070623696721078
-0.010304847590376566,-0.004567554006252013,0.007818338932570243,4.3362437614037375E-4,0.3443731106168801,0.9273550154650155,-2.208909466041547,-0.33797491705472776
-0.009846218738726303,-0.00448443800239887,0.007747445563223328,-2.1142998865700426E-4,0.22773931880476314,0.4519812362054671,-2.202162415952809,0.08906024538395671
-0.010174538921396364,-0.004571702107692532,0.00783920995804759,2.494686982981408E-4,0.31632059010710284,0.8019363454222034,-2.2377061429621214,-0.21515571869395259
-0.010127081511309454,-0.004544550850217207,0.007813807771474897,1.8012484183346146E-4,0.30055460519186766,0.7453203844269297,-2.2240530262859344,-0.17110847296796675
-0.01006950306874539,-0.004536880681740711,0.007808526176982873,9.859563728563179E-5,0.2860408648225634,0.6864136802933246,-2.225876096257903,-0.11726099386555837
-0.010025085670392765,-0.0044802678443183405,0.007749583843547284,3.537374562572563E-5,0.2669703585443964,0.6245401305390804,-2.1871836803856524,-0.0789447251555737
-0.00990507179762886,-0.004444140446790829,0.007709308288772227,-1.2818729828233705E-4,0.23581580754218975,0.49792695320951147,-2.168844257507469,0.030185530318879866
-0.009971693701777787,-0.004425938557243818,0.0076927369299874095,-3.7295570065990637E-5,0.24761889661050462,0.5563193058846666,-2.15050509028489,-0.032782945675863456
-0.010576949049236922,-0.0047075839853079025,0.007905542913624707,8.559920030060114E-4,0.43681694383694847,1.2571874352818897,-2.2410173299415725,-0.5982052984918046
-0.010543583982463939,-0.004684650650986091,0.007890627829873922,8.008774683633535E-4,0.4234990947163378,1.2128806036303352,-2.2342383420238945,-0.5653860412729111
-0.01061579265216802,-0.004691692701403147,0.007875615513266555,9.066969616489173E-4,0.43979209558092763,1.2862167224180185,-2.214513899978765,-0.6335527478561459
-0.010660369547394027,-0.00468039418896551,0.007847977114429042,9.661782812951002E-4,0.445032336466374,1.3223621177494496,-2.188880272639451,-0.6737890492604716
-0.010501090654921073,-0.0046904670464097305,0.007909033774531142,7.411194575706118E-4,0.4163784559732501,1.1743773664330963,-2.252603170236354,-0.5255671818252884
-0.010449355133972193,-0.0046814816700119135,0.007912544631346373,6.636864568017931E-4,0.4026319562421891,1.119308740977573,-2.2611294950720677,-0.4762103949619921
-0.010528790969169834,-0.004644352723259126,0.007851159790709564,7.680520759467214E-4,0.40947105178903737,1.178312544384246,-2.207372822412537,-0.5494274985216072
-0.010415697270712208,-0.004633231770730776,0.00786781338638295,6.038326102076635E-4,0.38327245221270967,1.0637390778808113,-2.2326285858190498,-0.44303226130064705
-0.01039608642899309,-0.0045832723514066965,0.007818243641231133,5.65162680769543E-4,0.367202989472923,1.0220566577325478,-2.19888316112894,-0.42330119343400535
-0.010708210907633839,-0.004672882749446332,0.00782223790815601,0.001030714224525466,0.45147754221275127,1.3628714704035418,-2.164083607435202,-0.7167004305061545
-0.010759889479138841,-0.004664188959635058,0.007792566232740832,0.0010991661263374459,0.4576058228329443,1.4053573700946964,-2.1357601295861683,-0.7622243971303512
-0.011557637707751183,-0.004938376499319944,0.007580828788060888,0.002321120412443936,0.6284426302025077,2.270040277428725,-1.839532836566147,-1.4939886551654629
-0.011513882309232289,-0.004919893568877009,0.007598324450065413,0.002252416724792617,0.6207942394428089,2.222292717469592,-1.862554999115908,-1.4546474974685017
-0.011431651792487936,-0.004904031607592516,0.007647754922873709,0.002137603985414597,0.6126812385841065,2.1493768330887186,-1.9159273460126212,-1.3870654214623208
-0.011471545288257317,-0.00488565756483634,0.007597350002494663,0.0021727772543474588,0.6066552277818528,2.15997885005763,-1.8726408573880529,-1.4096959046338748
-0.011112749425345429,-0.004779945717849225,0.007737649461909246,0.001637816895817393,0.5440708799210516,1.7929716288070707,-2.0427205324673383,-1.0911906191244896
-0.011067527933117476,-0.004777953448160331,0.007762237468632612,0.0015760654735691075,0.5383717383246457,1.7533784645543435,-2.067875243928196,-1.0524722553225647
-0.011024149389690147,-0.004766253710480801,0.007774370508166814,0.0015107515210640474,0.5291172403438243,1.7075874508036912,-2.083706088940254,-1.0126176859646012
-0.011367288792412666,-0.004862964694489291,0.007653928521573472,0.0020250896940843858,0.5941031373711941,2.06400756762002,-1.9347737101358888,-1.3224900433748124
-0.011404177623925055,-0.004869023516154035,0.007632540408308882,0.0020761572306554647,0.5982382656947753,2.096544333984482,-1.9120628911950508,-1.3528746286187783
-0.011239620738982221,-0.004829411285167823,0.007709039491865491,0.0018368819599492174,0.5735406689223206,1.9362485205904647,-1.9992712466764992,-1.2099417239217374
-0.011292047307301828,-0.004834133530011324,0.007678029337815044,0.001908143239684091,0.5790350037150122,1.981387415965999,-1.9672955449354885,-1.2535683340076422
-0.011341324713021177,-0.0048248291179332865,0.0076333776280129865,0.0019643381746553795,0.5788993851247567,2.0104770352288472,-1.9264810281513431,-1.2888516810422137
-0.011157854956846115,-0.004790696386405324,0.00772132346873805,0.0017042486943915811,0.5523946827483325,1.8386547004113374,-2.0232383625642076,-1.131668746361098
-0.011136602111983718,-0.004747293385880858,0.0076888889999893965,0.001649538678991981,0.5351263267814717,1.7875552111097512,-2.0042658405649743,-1.1024574086300918
-0.01121055721079674,-0.004784805593905697,0.0076814997332938645,0.0017694948321985537,0.5550229552317121,1.8764083440249968,-1.9856870486294105,-1.173078516741656
-0.011005263286163386,-0.00472271018940197,0.0077385032337179615,0.001461435047802246,0.512025863730961,1.6602609333590077,-2.0611904128253613,-0.9869530519107402
-0.009363070240487019,0.004458960411730854,0.007620631821345913,8.567414674475377E-4,0.12163631611779062,-0.019351627598168285,2.1477042038789538,0.5341911166691563
-0.009424922569419932,0.004452589389132946,0.007633541654868097,7.737868298726059E-4,0.13391540420699868,0.03829764879040771,2.152611614802396,0.47642352226163304
-0.009264200863614356,0.004398258666895223,0.0075249877027792275,9.618639045012677E-4,0.10076643448402252,-0.11845862074042439,2.0831193577206695,0.6085326119476716
-0.009325414057367585,0.004411275414764683,0.0075598639572206265,8.89201803491726E-4,0.11259147277150874,-0.060449180055389594,2.1048531001832553,0.5569982393394604
-0.009135796823124384,0.004334558534571944,0.0074119835142193325,0.0010937222531672713,0.0773251781572195,-0.23839480013143183,2.0064461826534608,0.7027926588425749
-0.009238817661340005,0.00431368583019147,0.007433190629612014,9.615665279744744E-4,0.09430857167841432,-0.1484466288470959,2.015204813919151,0.6092885750966582
-0.004725851057067041,-0.004031151508992275,0.003580078749197384,-0.0029934638652306255,0.04316878366852727,-1.414495197078553,-0.12052538278828119,1.6782274344302797
-0.0067533240204767225,-0.004324339563462401,0.005512479058432745,-0.0029511516993729133,-0.02134788524427916,-1.4979953772052994,-0.797112516769483,1.87246698508649
-0.00657414899913996,-0.004269852710715253,0.0053183739906974845,-0.0029577366658915054,-0.013178713140288331,-1.5009489510015435,-0.6991903784358628,1.8580290764388125
-0.006399833555654676,-0.004230213258011842,0.005137815879920862,-0.002969461917483727,-0.005475496983157258,-1.5025180583330318,-0.6141476226054153,1.8463289084600263
-0.005371930837941154,-0.0043477381088059324,0.004184551178968773,-0.0032452144996828274,0.0340950176651832,-1.514948436343458,-0.24453600794800104,1.826024017055822
-0.005091864762265579,-0.004122633798479334,0.0039062644008315646,-0.0030585103117218566,0.036852254175944676,-1.452824774010274,-0.1864558247772061,1.7344465142233252
-0.005624857803928604,-0.004309094108247265,0.004416365708352078,-0.0031860946895708856,0.02451211216504409,-1.5221127357401045,-0.321161899777298,1.8413188535575447
-0.00611915806996667,-0.0043472687517945256,0.00489826947642055,-0.003147419587503687,0.005443816794746392,-1.545133404668967,-0.50139969435341,1.8926322213048705
-0.005873867030020963,-0.004319481151364302,0.004654902137474927,-0.0031636247326901064,0.016114187673087647,-1.5352066189099356,-0.4056638953801,1.8677770849676023
-0.00623652051253032,-0.004216117023652969,0.004977832215283487,-0.0029960890124237226,0.0013537405789384894,-1.506219724244205,-0.5426864712011362,1.8420094705194363
-0.008597287655539092,-0.0043189963598137555,0.007107904022636302,-0.0016860906402607959,0.004499524657093403,-0.6824929820150282,-1.8089223508300754,1.125237989366706
-0.008527472402181643,-0.004327708849051395,0.007069430552930049,-0.0017628522617168844,-0.002596050865384229,-0.7356455148820866,-1.7836878822951774,1.1788715744335883
-0.008632746790466234,-0.0042548362109156536,0.007075563295058286,-0.0016093694260300756,0.010991740443187145,-0.6491722756733219,-1.78184877163104,1.0734924457878716
-0.00838807455970291,-0.004313304821696159,0.006960842325137184,-0.0018892288917712488,-0.014064198171237925,-0.8334619720815956,-1.70900990417815,1.2678627738967194
-0.008467794069104806,-0.004287942459447797,0.006995795297470077,-0.0017949392407035352,-0.006100557714043654,-0.7739956187569162,-1.7309095323940873,1.2035932012836745
-0.008297493403418583,-0.004247765672010595,0.006843468075912182,-0.0019256696576507909,-0.01717396379796764,-0.8825722514236815,-1.6256816153762408,1.2956401506456585
-0.00684907939134809,-0.004195109894526541,0.005554053458245742,-0.002791309893242375,-0.022341549932469954,-1.4414893874885946,-0.8233255316146227,1.7967073369929276
-0.0073019719405353345,-0.004376114954444705,0.006070517383262706,-0.002755965089105556,-0.041446498373382844,-1.3968340460526525,-1.1199155106963221,1.8076055885804987
-0.007395335718350661,-0.004329462737531129,0.006133679746918887,-0.0026594371556527443,-0.0412474344124267,-1.3517538813697765,-1.1597061363673,1.7556630691930628
-0.0070203042768359905,-0.004252878731353079,0.005740663719079491,-0.0027758749051903582,-0.029316219809103938,-1.4281644927674295,-0.9250147831406558,1.8004649166029811
-0.007176616022624399,-0.004313917530751578,0.005918309101799183,-0.0027613718557082455,-0.035396451477568834,-1.411492278562218,-1.0277137948610908,1.802539977852528
-0.007885595934748062,-0.00433072566606593,0.006576605319644818,-0.002333961333410847,-0.040102330360568185,-1.1426353523328545,-1.449239801614586,1.5652880842602188
-0.0077584664085860846,-0.004303910022835423,0.006448437967262355,-0.002404029970757936,-0.04102943691290093,-1.1978077078920009,-1.3631951228666364,1.6086256084301642
-0.007607242284938313,-0.004296458158866252,0.006309494932083452,-0.0024997666544919936,-0.04160806142312084,-1.261901466468123,-1.272003306432605,1.665547500445051
-0.007456624366600448,-0.004245128591643009,0.006143420205015854,-0.0025460585686812795,-0.038282809258604576,-1.3035106961424374,-1.1660849697463849,1.6900443276514034
-0.008112129184848582,-0.0042963154986006115,0.006739028734631621,-0.002123811804936666,-0.030678308508539285,-1.0082169884959231,-1.5575196979011454,1.4290481161021764
-0.008189691214180327,-0.004198465369993661,0.006726583028624105,-0.001983026938948649,-0.021587559856977943,-0.9404681201898953,-1.5447094908542385,1.337296655758814
-0.007973806235463192,-0.004239261578814577,0.006587047849602262,-0.0021898087664686643,-0.03267109115137052,-1.07247318167215,-1.4532870595950163,1.4738931617220195
-0.008801026583475818,-0.004304251405622557,0.0072181477992354,-0.0014615367063990743,0.028758185881326035,-0.5219272081261241,-1.8806205406669052,0.9665140832877118
-0.008710985457114443,-0.0042257563552431515,0.007097946713325529,-0.0015118559312531086,0.020016156548586208,-0.5871985139434615,-1.7940513657972286,1.0051115534074382
-0.009091081068263658,0.004239393831422962,0.00730377670218746,0.0011051654508881473,0.07009632529487696,-0.28075943094477057,1.9265650825541483,0.7136338960647811
-0.00900834705203025,0.0042377615166499655,0.007265130896133535,0.0011980323022915092,0.05745382361253313,-0.35011587561111845,1.9027026905370001,0.7801466935335061
-0.008929878784041886,0.004180005679930085,0.007176047105065586,0.0012565343238929076,0.047853557617780366,-0.41346296838073593,1.8393558398439391,0.8240301550370094
-0.00859296903312293,0.004165528304820646,0.0069768867045853855,0.0015937931934412234,0.009587845141057321,-0.6684295128440846,1.7089874541406342,1.066294444349338
-0.008703876624742432,0.004162511856898009,0.007040442708386235,0.0014823544114918642,0.02100430160771335,-0.5870932752084247,1.750237610533137,0.9868643316555362
-0.008813575872966325,0.004169905209219345,0.007107589078287633,0.001374362233339913,0.03338828101186147,-0.5044501944107437,1.7946178124161325,0.909050500031806
-0.003227302326052581,0.0038590872809933087,0.002356005216508482,0.002842395823759286,0.05333246763523348,-1.298708936179733,-0.01869352933069289,1.5167058766985517
-0.0036489827635386588,0.003915666428732378,0.0026873396281104256,0.002897195967920178,0.052973518822973055,-1.32774292894266,0.002419991627022233,1.5578075724713167
-0.004237344396135461,0.00426268307939673,0.003171809291784669,0.003193173803752465,0.05391485012217568,-1.402565456538199,0.03288954842506772,1.6606254447632012
-0.004509770782021527,0.004299342141814661,0.0034059775861572904,0.00322746234440772,0.05097736559414888,-1.4316377007318204,0.06736776253862851,1.7018763275484894
-0.004046933011741813,0.003969742380681061,0.0030089529616013177,0.0029469832203942244,0.05095536992306122,-1.3596172043083128,0.03287879798492257,1.6015690575137091
-0.0067991134517294,0.004318751623138454,0.005555037016742764,0.002928802925084042,-0.02277282631484549,-1.489532736289281,0.8201792133167835,1.8653526480710882
-0.006964990620876143,0.004243738455906947,0.005683965935909053,0.002790793084167674,-0.027194317118341808,-1.4362941501813336,0.8932761201856355,1.805276024007157
-0.007475338450187387,0.004234584320281115,0.0061544006099424195,0.002525748485917229,-0.03741284310219991,-1.2936217853143723,1.1728850462180873,1.6784603829604057
-0.0073220542444114274,0.004229991950139313,0.006012196460915421,0.0026075605802983602,-0.0359529602004382,-1.342747360895256,1.085026032733692,1.7218604505499313
-0.0070959671812442105,0.00420649818402086,0.005790982783975969,0.0026982259017047385,-0.030227133612874168,-1.39606392555409,0.9546943644242415,1.761919019801227
-0.0071961104004235905,0.004254526737659049,0.005907563536031359,0.0026954423988496527,-0.0342931333709944,-1.3863197900940123,1.0222778600542948,1.7656583001254496
-0.006535039319769629,0.004263973308837507,0.005278527339489248,0.002963965290007875,-0.01121408067454696,-1.5025797860188992,0.6803713856135348,1.856747434992447
-0.00638638999149801,0.0042872134323855265,0.0051418206911830406,0.0030278823202185257,-0.0058579524326156035,-1.5202777642624319,0.6132731734585574,1.8721582986379524
-0.005746433433162515,0.004401953159952922,0.004547860369718865,0.003260211529109682,0.021353553698686547,-1.5509596043673517,0.35928329928613195,1.8862634649988155
-0.005968749888737472,0.004318706181780251,0.004745779641950394,0.003147445896413688,0.01192482336166213,-1.5365940293268399,0.44097070545353606,1.8730721513633297
-0.006183110578829959,0.0042888731919338485,0.004945492407587849,0.003077662976639136,0.0029626384036882283,-1.5280590734646413,0.525111145199943,1.870696234036678
-0.0066689145389037235,0.00416083812786755,0.005371144090774979,0.0028231796457505636,-0.016161981913634087,-1.456482877462643,0.7295312058714585,1.7994336658365135
-0.004751678634309823,0.0041846898210941485,0.0036113311181938056,0.0031257216359420466,0.045485388396739934,-1.4373626139464788,0.11536363342113565,1.711187329593207
-0.0052091300074846155,0.004358460062343353,0.004034836688157317,0.0032656351320390453,0.038777003549765536,-1.5043729636865122,0.20161140059262736,1.8091818058416196
-0.005459888706227401,0.004362947319831534,0.004268913685315033,0.0032527784800306073,0.03131837670024378,-1.5244857624408612,0.2691131799475847,1.8405816538324935
-0.005033919868937887,0.004139677374708903,0.003856301618676949,0.0030766682206993658,0.03850373661442985,-1.4524498311401555,0.17357587661951276,1.732709122070376
-0.0056037816854664566,0.0041894348579077055,0.004378033560959547,0.0030767474364554724,0.02338144606587412,-1.4937170227316665,0.31705971964345475,1.8006151200217748
-0.0030691575126328982,0.003327872522062799,0.0022368816393417775,0.0024317600408020365,0.04981860623226036,-1.269626094611908,-3.4682710237540483E-4,1.4781988286837218
-0.004559751130214779,-0.0037482305876959904,0.003423636472709837,-0.002759801453329377,0.041679573574613486,-1.3696361800723162,-0.1085242773422768,1.6153621556043924
-0.004095746735991826,-0.0036629474407988607,0.0030414899227998657,-0.0026980251460062324,0.046467447990068696,-1.3363617597881345,-0.055370616772923424,1.569199071597778
-0.0037412158305478414,-0.003785488462777779,0.0027600727637621617,-0.0027949947565570825,0.05028639681487279,-1.3259744718374913,-0.016808185435187733,1.5546820266309767
-0.004362130842267613,-0.003561531269310532,0.0032524166757598176,-0.0026122989321853978,0.04234484533154544,-1.3408671208569893,-0.08938313924534531,1.57485839041911
-0.002707715889043839,0.00284279061492583,0.001964818348577075,0.002064758733850223,0.048316645718368995,-1.2441350266737512,0.0021358458752014937,1.4432101234911963
-0.0031852473998614525,0.0028334690705421857,0.002321266626539235,0.002059230984344611,0.04631753053416817,-1.2550720906062065,0.01908248067019561,1.4585721067808919
-0.001413254513049718,1.3834823690928112E-4,0.0010169500215918015,9.957489876354085E-5,0.04811117526195675,-1.208420634021394,2.6574823948254074E-4,1.3958596487836519
-0.0015667698699493898,-7.747324464833711E-4,0.0011279850404547047,-5.577707477976422E-4,0.047892922251672625,-1.2095570981733275,-0.001377375099662572,1.3972841726676244
-0.0023231576757325556,0.0022966908962978754,0.001679998263513363,0.001660852768815286,0.048029858793012685,-1.2262228620602187,0.0028314396192323323,1.4195931647263575
-0.001813053743156595,0.0015372068901474028,0.001307161003554304,0.0011081032886501552,0.0480622673489521,-1.2139104922457384,0.002113989781160491,1.4031713079133128
-0.00176918392104869,7.816952944367447E-4,0.0012738172290979559,5.627232689777205E-4,0.047365455906294304,-1.2097925446603437,0.002190744756095012,1.397549074143758
-0.00846157467494791,0.004170452786774181,0.0068969877655687345,0.0017219209632932458,-0.0019924142143717383,-0.7612105565181837,1.656401953682249,1.1570711777374532
-0.00833739188827148,0.00410861180780982,0.006765948240562932,0.001792033165062528,-0.008359432127310308,-0.8325283148844235,1.5649062052602927,1.2092264760453784
-0.008204439790711225,0.004062734880950145,0.0066395881091252254,0.0018717423055028312,-0.014352616575425149,-0.9043073695759619,1.4788736944783631,1.2669455207025286
-0.007916956015673021,0.0041478611786712255,0.006479510557344143,0.0021588827144509693,-0.029716079239873138,-1.07904347512845,1.3787647706413597,1.4559535179398304
-0.007769183680750953,0.004111228308893053,0.006335935961765792,0.0022330157307106475,-0.03125126122863305,-1.1392632955879558,1.2849797198245303,1.5041188631797018
-0.007604252586815408,0.004115770193372457,0.006200288916458608,0.0023432476995449776,-0.03383201053113722,-1.2099006747239027,1.199458293675799,1.5716917505301153
-0.00805015903097725,0.004059153340169499,0.0065241492047365185,0.0019903674689457063,-0.021605976086825424,-0.9892919356069438,1.4033739650381367,1.3479760637547904
-0.011674750473985213,-0.004974424878763636,0.007514844894279787,0.002491912016800858,0.6411342065681983,2.3811845725441323,-1.7636965581828572,-1.5914114809761712
-0.011713921368036898,-0.004989116154332448,0.007493686520061168,0.0025507055264521335,0.6458069024223051,2.419828735277168,-1.7382956761775892,-1.6242493528041975
-0.011642301500915185,-0.004946321782702044,0.007515623741359078,0.0024288291491514906,0.6310515527365764,2.3316728904060877,-1.774063661424006,-1.5562030675462462
-0.011603848422938797,-0.004924365152253953,0.0075271107673984625,0.0023644382885850946,0.6229242288111214,2.285234816449686,-1.7924298360757,-1.5199901178986122
-0.011672567239255159,-0.004931358723265349,0.00747378392062395,0.0024506222567259556,0.6247724599416213,2.333635108738218,-1.7392870744742783,-1.5688084627511707
-0.012925033163062843,0.015433301316609643,-0.0055794206170844485,-0.002987073953121351,0.08650583095822943,-1.443030333379946,1.407767734636222,1.978356142039462
-0.013050096932319816,0.015339963113458683,-0.005525135591486965,-0.003140511016634551,0.09115311144819523,-1.5199464363948019,1.3330155643943475,2.064082883808492
-0.013201749226865246,0.01534681349357836,-0.005357377969361365,-0.003191424514319473,0.08631658720074248,-1.5443652963963024,1.2187468542987474,2.0623417395318344
-0.012896461616583418,0.015633227552710578,-0.005436957417241561,-0.0027752598156773234,0.0757924300494973,-1.339609667717722,1.3809161578090647,1.8217428710383998
-0.012852354010503142,0.015834115043903804,-0.0053060398954913575,-0.0025698767357364965,0.064166690973248,-1.2393455906521327,1.359872020677779,1.6740501355782522
-0.012574211612932103,0.016154303046114756,-0.005251951894946978,-0.002168937833002716,0.053286484138787206,-1.0306257602620217,1.4256055128968834,1.41831718083483
-0.012775556058488406,0.01604703238155115,-0.005188755858932041,-0.0023535812287926727,0.055196622845309025,-1.1323145300593016,1.349626658056643,1.5243905721076627
-0.012501840679575065,0.016391620832070183,-0.005090007898240345,-0.001960611827634889,0.0425779862044838,-0.9279207226645231,1.3866578989047083,1.2710511876263075
-0.012396340377631444,0.016648091502486424,-0.004929416273765975,-0.0017415618373307336,0.03372300376617312,-0.8187405794502581,1.3502707408506807,1.1225025786271614
-0.012253807998417496,0.01691090710229456,-0.004778560048048629,-0.0015209710544693163,0.025688388597057316,-0.7068644616472152,1.3192738503361718,0.9762665060235126
-0.0037598522038860857,0.022629128787809195,-7.20339361180138E-4,2.1788491640260943E-4,0.2577764475460622,0.3361884020351104,0.255076691178755,-0.31777267823893945
-0.004579626596986919,0.02142679472825057,-0.0012533530107400569,4.5045687823662406E-4,0.17125689420667636,0.4697156506720152,0.31749437122018226,-0.43599573073559567
-0.0054203768440421254,0.020767471662759846,-0.0017008913535041033,5.702218892166725E-4,0.12108449271509637,0.5199203083598835,0.3989199221283357,-0.4751427039353791
-0.006521173108456853,0.020233768710082315,-0.002219320721825064,5.992179061432248E-4,0.07796983828913413,0.5196773464153148,0.5217321610779827,-0.46317990827104777
-0.006089354712969352,0.020773761362454218,-0.001869531781148543,5.111542335159489E-4,0.1066952965460048,0.47849561087182196,0.4541948963066137,-0.43275010590571095
-0.007663609392221743,0.01976804336957056,-0.0027372615586110306,5.236039081715269E-4,0.044509387089625145,0.4661058684448185,0.6739326371850957,-0.3959445175233061
-0.007213413473480041,0.020348534063031797,-0.0023279660834504066,4.754133010656029E-4,0.06753566697780879,0.4390792586284819,0.5750743569761293,-0.38352492367028873
-0.008680342057083222,0.01931882519269461,-0.0032056464084110926,3.6361472521730093E-4,0.022725756835890485,0.36882439863707234,0.8322709480946798,-0.2808290382289254
-0.008290656747926273,0.019865429260721556,-0.0028012336464642265,3.7332169102422555E-4,0.035733676236268865,0.36538571400170317,0.7165814693152797,-0.29638435360839543
-0.009539862093215045,0.018805507364299565,-0.0036655689031213565,1.4302780262609612E-4,0.011157084120139188,0.24357816836309668,0.9982632186640882,-0.1298478811298973
-0.009252001511686203,0.01934266022093198,-0.003259059034350261,1.9577117668729454E-4,0.014999235080087858,0.2542529589731712,0.8674568232573198,-0.16640543260209792
-0.004349240669026517,0.02384994942613278,-4.2053623176893277E-4,5.0885605071899355E-5,0.318691591807382,0.1698441200833025,0.3091793485231504,-0.15680690164977698
-0.004960866643325878,0.025,0,0,0.37412174758364997,0.018594269402769915,0.3919336471896042,-0.00217603217399342
-0.011058247015463213,0.017950247860559133,-0.004283108821544917,-5.540784957535403E-4,0.008164153467039317,-0.16722457607080535,1.2243024337912496,0.34042981927417526
-0.010796291889253379,0.018279474567793556,-0.004048638848945838,-3.8198298125279327E-4,0.004349532107910402,-0.07967293358067364,1.1431482976593204,0.22600865901421
-0.010074158878506712,0.01873330265445723,-0.003736333373455108,-5.55276704005802E-5,0.005118990716274437,0.11204978452245727,1.0332257850711004,0.005109089759200532
-0.010539844181378592,0.018592811022755933,-0.0038245224264285465,-2.429212047453686E-4,0.003532923699192849,-0.008635046360060414,1.0656936048296555,0.13415102996468484
-0.012006857364019038,0.017151248816847632,-0.004687401166568481,-0.0012791877894787922,0.02033930334785969,-0.5745808794185114,1.3169789462347323,0.8181971370852166
-0.011783752838622652,0.017530439886701922,-0.004446286726986707,-0.001017217290298803,0.011489379501145662,-0.4418440556932794,1.248468895901816,0.6456326241285452
-0.011456724436447085,0.017855078273444878,-0.004272177582032209,-7.627223116502548E-4,0.006831117632741921,-0.3022678092369662,1.2043352785708115,0.4786711623881322
-0.013653594205445591,0.014584659551353308,-0.005298248850461572,-0.0042168662813862725,0.13118761294085246,-1.9907062543451992,0.8522582007940925,2.657610441264668
-0.013591836344193068,0.014664936392540124,-0.005338212209333792,-0.004103645489183099,0.12539933495137717,-1.9481348977615038,0.9161709640342395,2.6032654542466305
-0.013444460623828779,0.014822145490518232,-0.005436633030368334,-0.003874896115846537,0.11849835778220752,-1.8575598519555927,1.0538999129402595,2.4946234866568133
-0.01359279828158548,0.014771405864770553,-0.00527867969389926,-0.003966701282642021,0.116626557547254,-1.8850650867647136,0.9256607808351224,2.50328110831667
-0.013422100990215494,0.014974377235583853,-0.005367610473908552,-0.0036817519447743838,0.10597659129451975,-1.7687442292966657,1.074516036380284,2.358354992893141
-0.01340402114478993,0.015128583579782535,-0.005287841622210719,-0.0034960898495434204,0.09584772214772096,-1.68189310052827,1.0852029952491116,2.227617221324179
-0.013369149539870749,0.015294012827306658,-0.005215018001508329,-0.003302335523314402,0.0865244908015922,-1.5923404581961398,1.1024579257148144,2.0973970625750833
-0.01375706753123937,0.014572524380314613,-0.005167261865683726,-0.004240076486649987,0.1264852272597423,-1.9850464855860792,0.7624166810849972,2.6283167236144815
-0.013826797673021616,0.014524907743229967,-0.0050961468412136345,-0.004305126846919619,0.129462755149996,-2.0012735179664545,0.6957801007191767,2.641337927762788
-0.013950258387429956,0.014306272834886493,-0.005010912752553726,-0.004594379623588191,0.14161593675150044,-2.097594107458912,0.5364621026359649,2.7752263985471113
-0.014040930139099139,0.014283144501796356,-0.004894514941898746,-0.0046159982870435665,0.13875106649382427,-2.0852781533959877,0.45781702243597405,2.7428155594742503
-0.013941046545140497,0.01442311039594617,-0.004984076136568697,-0.004437424368423758,0.13249966006223113,-2.035357598395889,0.5788705685377625,2.676519307293685
-0.013898671169852465,0.014511353222646062,-0.005007355730967454,-0.004322645593619215,0.12628704648941422,-1.995885181355242,0.634711688337357,2.6211828977707667
-0.014104590325840266,0.014228903220577686,-0.0048226588240398716,-0.004679954033998026,0.14070789836528974,-2.094342221611597,0.38939720719598553,2.749990001776378
-0.014111209403313169,0.014326125082401154,-0.004789046573586686,-0.004549384732054604,0.13305885889908511,-2.0425100042271795,0.41947068182343833,2.665943893450952
-0.014132965957313982,0.014145489263177137,-0.004802932513425727,-0.004788280041528413,0.14740250163966298,-2.128004070473405,0.33532739793633765,2.8026560816799297
-0.014466921636678835,0.01362289891873768,-0.004374106086618893,-0.005398205810881933,0.17434463945148151,-2.211801535654123,-0.1685903831735944,2.935981001177318
-0.014192662750478216,0.014107633340592202,-0.004728749541550942,-0.004827046427036714,0.1472111737373956,-2.125313763626894,0.2751178844181038,2.7931196104700615
-0.014228849052834487,0.014016303123533094,-0.004693367053569583,-0.004943122583977185,0.15340379901970527,-2.1561846822409625,0.20798253573638206,2.840732030753909
-0.014290254608175316,0.013925788783675966,-0.004618545426905845,-0.005049786495629983,0.15876727223573475,-2.1726357667391336,0.12023713313626334,2.8656437765786937
-0.014326084155364936,0.013818764428348968,-0.004575177986119898,-0.005185967077856782,0.16564636262572377,-2.2045566618639683,0.03871612155380306,2.9189949480836805
-0.014407467765195177,0.013759444509153269,-0.004462638670667274,-0.005236115713689041,0.1654383660982831,-2.1897013936119163,-0.048134248132190756,2.893026087475077
-0.01447855214179709,0.013706671571248278,-0.00436350736533551,-0.005277380183044244,0.164906392492246,-2.1735250818711225,-0.12302825295033022,2.867164572759006
-0.014529319530213617,0.013577394102194587,-0.0042835727881206315,-0.005429388498278628,0.17403626186643442,-2.1927332317750423,-0.23416712001318898,2.906903075400994
-0.014594375683257325,0.013521706868080074,-0.0041876560502806534,-0.005470041332919667,0.17395754331162047,-2.173199044379508,-0.30636971017194264,2.878723866297042
-0.014651903559901482,0.013453762722708179,-0.0040986077899690075,-0.005528279110285825,0.17522762474136833,-2.1592929154667604,-0.3816844200055241,2.861960633258379
-0.01468589793126698,0.013384669901067618,-0.004038594852651172,-0.005599756834542478,0.17956155977200938,-2.157127387884072,-0.44647306382785495,2.8663118475798406
-0.014743931662676927,0.013266011957345981,-0.003930711839010433,-0.005718818575824145,0.1845140294400399,-2.1481409858603846,-0.5587474724906635,2.8672855266148574
-0.014752768297438082,0.013354216310851298,-0.0039429622888746746,-0.005596869537198053,0.17592762890123717,-2.122726287242339,-0.49774511788259684,2.814156317245399
-0.01479769973690579,0.01312245994686615,-0.0038128819569143014,-0.005868523907031708,0.19227775701291797,-2.1384731836270485,-0.6905710372770025,2.8749468069355184
-0.014815700436036687,0.013215008390951091,-0.0038212337527677187,-0.005734565281964203,0.18221629695562727,-2.11101937916651,-0.6245879023860041,2.8143919705161173
-0.014870593215751246,0.01296450683996374,-0.003654171520713815,-0.006014577106972678,0.19952893060227955,-2.1067383727286293,-0.8419827273452899,2.8545652226164395
-0.014860214380160544,0.013045188956651497,-0.0037020093182558553,-0.005919517735939337,0.19262897834281917,-2.105803257178994,-0.7722957155543247,2.8358974834337407
-0.01517231510105411,0.011846873706239594,-0.0024877982212527685,-0.006977045186146855,0.24315841577262778,-1.6764752948826172,-1.8603614250008527,2.5351662068322107
-0.015216426079200986,0.011801110342317058,-0.0023995645123221377,-0.006960467659257231,0.2388231116549228,-1.621945529807647,-1.8870771173378287,2.4635080379104353
-0.015252880488503031,0.011765477569648325,-0.0023296719530401166,-0.006943379637829093,0.23497057599888596,-1.5784378899235696,-1.9052585243658569,2.405312106845896
-0.015190844974789742,0.011909577353032767,-0.0025305293638441047,-0.006889936042255014,0.23676093814821764,-1.6905168482122825,-1.797512640401752,2.525586221333071
-0.015139886369932224,0.012013047143253295,-0.002679442722084391,-0.006851873648914223,0.23803747389371388,-1.7709764251477365,-1.715480603306,2.613965145168619
-0.015136632672590427,0.012081484794586159,-0.0027445580503893258,-0.006783925347508049,0.23406330066996886,-1.7980662047773406,-1.6525595013155474,2.6281226356373435
-0.015124848483466425,0.012146721192581979,-0.002813817844454029,-0.006728729745001777,0.2317125589863279,-1.8283648908183834,-1.5942452369873923,2.650818887337453
-0.015201727517920531,0.011979788330143487,-0.002585439965412034,-0.006805350115558933,0.2309720695996653,-1.7111263165673487,-1.7310560566912605,2.525777456041709
-0.015169998642183083,0.012200853132032966,-0.002810286918701123,-0.006615192911066359,0.2219581100990906,-1.80972231381173,-1.5383579558244909,2.5960076662483114
-0.015057830784836936,0.012469650648760593,-0.0031396919405908387,-0.0064424158818091265,0.21766735724642675,-1.9531920080026774,-1.302447239024197,2.736640995416419
-0.015146650389959949,0.01227162700062855,-0.0028923397445658576,-0.006566166343397066,0.21973506215546337,-1.8461186624120136,-1.4775262010076127,2.6292516086533717
-0.015101703285444875,0.012334075788054776,-0.0029905194287659603,-0.006548975186155367,0.22194361798079054,-1.8947470081050997,-1.4247582464756903,2.6873445228247737
-0.01511923021191812,0.012409886514908434,-0.003026792908523857,-0.006443511324836102,0.2137294017437996,-1.8966015991666147,-1.355613584453401,2.6629940143507222
-0.01497041378453144,0.012666675436594521,-0.003372435390398581,-0.0062972294890000025,0.21294990369486053,-2.0392733966946275,-1.1190723630337305,2.81791511179707
-0.01503619736790411,0.012544732942713464,-0.0032160775269252343,-0.006377166259473849,0.21446871152208205,-1.9792594076400982,-1.2340060595445603,2.755455182476421
-0.015012335125587993,0.012604859733849673,-0.0032834277418094114,-0.006330021450997277,0.2123021605814781,-2.003142511340363,-1.1786687949752022,2.776552887535583
-0.01509519416854634,0.012529369379517905,-0.0031367908139068755,-0.006332890127883276,0.20843011181806972,-1.9327673591209478,-1.2503974520025207,2.684151745231899
-0.014907937189401565,0.012910382336807372,-0.0035817217445581625,-0.006051294771910586,0.1990379299501398,-2.08376730106832,-0.8963636753403071,2.8287071652675135
-0.014926154418789368,0.012836514952911007,-0.003522037675602701,-0.006128201612542919,0.20417290558946646,-2.073662635461615,-0.9632012381286955,2.829391607437931
-0.015008757959803085,0.012720751276233972,-0.0033571889793641225,-0.006193526368866354,0.2043199981074649,-2.0122815589033842,-1.0768285522350671,2.759033228750574
-0.014994035965163969,0.012788182066003568,-0.0034124671732437208,-0.0061253754691614395,0.2000069007074255,-2.02450657221236,-1.0171660605284158,2.761420305594494
-0.01523381906837351,0.011542595721209015,-0.0021103116439782875,-0.007168709794911214,0.24876175536730935,-1.467388531465392,-2.1074579699431712,2.345262307996593
-0.015269505796166408,0.011497546349470035,-0.0020301816052105885,-0.007153085325663169,0.24450966993937043,-1.415474158027781,-2.127775244505258,2.2787619470998224
-0.015263315520714572,0.011609894670848242,-0.002158579465212517,-0.007067553819158147,0.2409550383562493,-1.4875037353887157,-2.0354903855333117,2.335649434514512
-0.015268354183712772,0.011719073883983602,-0.0022685585641895136,-0.006964027083582945,0.2351740112610238,-1.5438240663363165,-1.9396063814590565,2.370067507908448
-0.01529412047326042,0.011762001081283984,-0.0022885843296340295,-0.006889563746115719,0.22920817141129474,-1.5475091921613857,-1.893037266335193,2.351674138577327
-0.015297998928943263,0.011675214606609889,-0.002197225950550174,-0.006961184854247721,0.23237572155808597,-1.499985988567774,-1.965058776558022,2.3169692351283815
-0.015323484686807751,0.011492935850162568,-0.0019813994487177813,-0.007076594489660161,0.23652651834403843,-1.376856852859106,-2.1039516734109363,2.2082504397275695
-0.015327373919201932,0.01130831103472578,-0.001768550528934016,-0.007210733710637966,0.24197312607623703,-1.2511462983930404,-2.2480258879400594,2.107445117524533
-0.01535724332259287,0.01144420387053128,-0.001901279827765261,-0.007064623828710558,0.23281890757540438,-1.3244335805379717,-2.125286162591404,2.1434036491509096
-0.015353395697574462,0.011370718063726724,-0.0018216610055152014,-0.007125560747120937,0.23612387781718133,-1.278622846407435,-2.1845142556942077,2.110381469180543
-0.015331141723886908,0.011203103593920004,-0.0016406336710727935,-0.007278005947331066,0.24443079945411642,-1.1714233740845887,-2.325586117232639,2.039794582187169
-0.01535648610640343,0.011150197055494436,-0.0015598477981721374,-0.007272507444542842,0.2416329656473312,-1.116641325662498,-2.3473768273644393,1.9759040936141348
-0.015363683035828057,0.011257319611390421,-0.0016832041706702188,-0.007190331725619889,0.23775081606441192,-1.1930018969513332,-2.2643846430092727,2.0340840122976935
-0.015366593570557847,0.011039469023846699,-0.0014171462437245123,-0.007323940538558025,0.24263876362975512,-1.0232337227386432,-2.417538841182512,1.889100540502201
-0.015370655447382626,0.011096345297586673,-0.0014851860410547526,-0.007283542360262512,0.240505909851528,-1.0669200814081685,-2.3755976665554077,1.9237830468378283
-0.015379762040579587,0.01093733147286362,-0.0012810948272244788,-0.007359164664972911,0.24190274449212443,-0.9311977556254102,-2.4750416310648036,1.7997365171096729
-0.015410470977401995,0.010995207068894092,-0.0013372664212171993,-0.007278101198649286,0.23616634745371615,-0.9651423534183988,-2.4147086548559753,1.8085428574676008
-0.01535252581119684,0.01019201925792923,-2.752551972265695E-4,-0.007649629689833379,0.2464220429333804,-0.2065082855812105,-2.8576616091046536,1.1408431605969371
-0.015331841210803205,0.010116635381406926,-1.6919186070023557E-4,-0.007693559141410206,0.24877896625054027,-0.12603430132722293,-2.900225522690624,1.0763909681844366
-0.01533610163201056,0.010074081228238198,-1.0773116934549493E-4,-0.007688134720734972,0.2473757260050448,-0.07888223762891701,-2.9058522117212564,1.026658159351716
-0.015333051368083246,0.010034926638667903,-5.143905301746058E-5,-0.007694736554759176,0.2473767157781693,-0.03558768449587641,-2.917656975029565,0.9857930250761607
-0.015368933293722643,0.010147737919099212,-2.1081772033232064E-4,-0.0076246081312121095,0.24320679650131857,-0.15700018033475902,-2.852778415694342,1.080810875890912
-0.015183172202192955,0.0089247518357667,0.0015732421098675219,-0.00759448104558521,0.24644249083694006,1.2481052094450342,-2.931532343504824,-0.2598495731382387
-0.01518099217409712,0.00889608347778863,0.0016124827885329574,-0.007578658342874631,0.24629901937157128,1.27851196432282,-2.919489537955338,-0.2926228757333102
-0.015237565643616334,0.009029121180519755,0.0014001403541412558,-0.007567242997578423,0.24085409665348106,1.1074308389724516,-2.9182073074607873,-0.14556667611912533
-0.015210340803799896,0.008938907716663183,0.0015364856056137987,-0.007557229420723196,0.24306820391031816,1.2160607804327883,-2.907914388347824,-0.2458220318754291
-0.015216797020738566,0.008964807010690948,0.0014982033592254188,-0.00756300233123795,0.24225848061918706,1.185817884995353,-2.9129515274878743,-0.21685882050163613
-0.015240426387897594,0.008992423092879934,0.0014469087720552303,-0.007539885091840149,0.23942573276628581,1.1432708589613416,-2.8990950171791687,-0.18785846626297115
-0.015247064696041134,0.009176260097573625,0.0011960979832335002,-0.007633069129325124,0.24210953644139224,0.9473620794059091,-2.963330395420097,0.023899771874960295
-0.015256522969439421,0.00913938275886092,0.001241340324716187,-0.007597044538924173,0.23999829577059098,0.9819446771946225,-2.939728630401096,-0.0213515760400239
-0.01525690646894819,0.009100725953119832,0.0012932370412447015,-0.007575262214635672,0.23906912044854556,1.0222994506965388,-2.925111460312454,-0.06612873594201567
-0.01524997202262382,0.009060676743743213,0.0013507643854263516,-0.007564490122046917,0.23926314730142031,1.0676618036759742,-2.917300655801004,-0.11104340512765276
-0.015253329144285295,0.009325146533136099,9.863263341742129E-4,-0.007692509272192096,0.24444384728321186,0.7817756957858356,-2.999025042183099,0.19877438299959452
-0.015248951224453307,0.009295415817639754,0.0010299818633829106,-0.00768730648864912,0.24433851007664772,0.8165415570336769,-2.996686870771146,0.1646951293701713
-0.015238019064226898,0.009265725190499117,0.0010766038605337866,-0.007693264473690093,0.245453854875512,0.8540612414233341,-3.0014640467113782,0.13260523052659148
-0.015282335523953375,0.009336397051136,9.583134757587023E-4,-0.007645465033220761,0.24049233140099718,0.757808857254169,-2.967962539737097,0.20250966002535953
-0.015259204621190292,0.009238045183097376,0.0011050623926741681,-0.007642437642725362,0.24168020750666744,0.8748264253581982,-2.9688080272095134,0.09364353178651562
-0.015277921481066187,0.009204305873580409,0.0011421965089795283,-0.007593044293370801,0.2382940702398986,0.9024823948643993,-2.937064094313769,0.04929420399473703
-0.015367306997483383,0.010016202861448909,-2.4322832339843094E-5,-0.007633228639617617,0.2415295521228072,-0.014087796231193273,-2.8842127720367965,0.9402534117880194
-0.015371500679787509,0.009978335322641387,2.9337783729380815E-5,-0.007625417850972428,0.24007534287102586,0.027304240478364595,-2.886358666244664,0.8959609177223103
-0.015372269013107046,0.009942948560886055,7.946277990870595E-5,-0.00762297284895571,0.239384801915967,0.06602435888499737,-2.8909896494850034,0.8565590261516141
-0.015315404831644723,0.009713470330868433,4.135034692013556E-4,-0.00769964918373619,0.24376674792627054,0.3269270206272779,-2.971964091836762,0.6311436654295212
-0.015325053912382881,0.009747136959537385,3.6350130625255984E-4,-0.007688025274466439,0.24304634645559123,0.2875638147891499,-2.9603968653116315,0.6646665100149168
-0.015329409839228638,0.009782875880705621,3.115775310330436E-4,-0.00768556367055192,0.24303112955408088,0.2468788281635894,-2.9540590122517294,0.7032392599581626
-0.015327720065660464,0.00981938254274473,2.593814134201734E-4,-0.007693334697966761,0.24411696196357346,0.2060813882426147,-2.953707632867746,0.746106707175564
-0.015370932131702202,0.009908080123662002,1.2890712892643498E-4,-0.007623559935363741,0.23897113870667167,0.10430313352642949,-2.8970782113067712,0.8189092642189079
-0.015369880908043013,0.00987378923442812,1.7752026112773407E-4,-0.007622938631279482,0.23848248703265665,0.14205278998196416,-2.9020752930088274,0.7814500319926508
-0.015369714942907963,0.009839638656022286,2.25838714289623E-4,-0.007620032018036575,0.23799946378825695,0.1796654676458408,-2.9054004391523254,0.7433910173116774
-0.015278698518461857,0.009508707452961833,7.163815193381712E-4,-0.007715113660151853,0.24492457776812762,0.5669457696977291,-3.002734327431934,0.4081845394024914
-0.015294915241260686,0.009636807770000587,5.280527659984259E-4,-0.007720796783649639,0.24526285931516284,0.4175767718303399,-2.9942275325112253,0.5522977073707062
-0.015331527736683974,0.00965777301743456,4.898111032683299E-4,-0.007659352035976339,0.24010979543144112,0.3864881087390166,-2.9530523173089818,0.5579618380465567
-0.015293023448559992,0.009547066936675945,6.572443469466844E-4,-0.007700771391976189,0.24365969801283507,0.5197348254075745,-2.9903203381928414,0.4471438419787363
-0.01530620587229672,0.009589802415907444,5.926118507973364E-4,-0.007688708583237738,0.2422171035193943,0.4681720991652015,-2.9786210190584965,0.4912955523664534
-0.015347449855019726,0.009686998228574857,4.450999472185358E-4,-0.007636861625756699,0.23829477797750306,0.35107760492639484,-2.9356795782134495,0.5832831979173435
-0.015295541604629549,0.009364038478382608,9.144702338722419E-4,-0.00763326558969979,0.23911283527487173,0.7224463681677253,-2.9589137229702343,0.23053490374002508
-0.015305593897245088,0.009475951979753656,7.541802049981177E-4,-0.0076561287996651855,0.24007109790523987,0.5955962096707691,-2.967331021164189,0.3580370478706576
-0.015314600666760159,0.009398892119518531,8.586993968039293E-4,-0.007612930874001619,0.2371456615161541,0.677505498975938,-2.9441749868316465,0.2645324674445871
-0.01533308297509704,0.009439776406509656,7.953653854287504E-4,-0.007594983348609513,0.23501658525559654,0.6267418464713447,-2.9303883761214617,0.30510224902939015
-0.015438549850165328,0.01073069532923109,-9.881740210998214E-4,-0.0073585644197955696,0.23454341963446046,-0.7242699251990253,-2.5488388442621592,1.57428031856416
-0.015410808092097173,0.010518854721768724,-7.174812132200019E-4,-0.007480115254115014,0.2393135521434664,-0.5330650489459008,-2.6776927719075054,1.4147947049008176
-0.015427053463744872,0.010570732857349238,-7.820610382202306E-4,-0.007436291282723166,0.23683861407373694,-0.5786200258353177,-2.639055619296616,1.4468098067464545
-0.015432287127208604,0.010632259162952034,-8.618940001657892E-4,-0.007406552602290074,0.23574528791132396,-0.6353920914182608,-2.6048560855095926,1.4963195201468393
-0.015452402479426659,0.010681406222181666,-9.188430348912584E-4,-0.007354820258233752,0.2325484348392684,-0.6742616945429237,-2.5628155717732772,1.5193568594588156
-0.015381776774748246,0.010321950265381631,-4.539861900912184E-4,-0.007578280964592961,0.24301396347481471,-0.3402104316209536,-2.7853613975421894,1.2505142151878526
-0.015405781132383084,0.010370016921583118,-5.157670827994765E-4,-0.007526647795090502,0.23955699203053957,-0.3851006138694104,-2.744018061156826,1.2774496695976973
-0.015448936885604834,0.010479435936952441,-6.537630584989182E-4,-0.007425984100713664,0.23316844752016516,-0.48423582815121075,-2.6595835753192696,1.3436632945606257
-0.015428213223106465,0.01042266116257058,-5.825848165049879E-4,-0.0074758954509172885,0.23625980902241375,-0.43326028182691406,-2.702081539577154,1.3086396821363013
-0.015383286461396507,0.010232026615891957,-3.2799811819558784E-4,-0.007589976629791419,0.2419235070206853,-0.24547714726703526,-2.813791291718063,1.157613114095007
-0.01541244833677243,0.010277572393254573,-3.871297289430022E-4,-0.007532053109821481,0.23769602908217893,-0.2888496943726632,-2.769844186457568,1.1800610390313035
-0.015409423775986279,0.010881178316715883,-0.0011945449138338346,-0.0073390841682792985,0.2378596646863167,-0.8694646251232502,-2.486761484155189,1.7248223626841703
-0.015436046088041472,0.010824264980174228,-0.001109458726098215,-0.007322321792962625,0.23384434788791283,-0.8085640120442258,-2.499050344816691,1.6524946447314444
-0.015453700954749927,0.010778863049069838,-0.0010437437267601431,-0.007313409805179802,0.23189754492042436,-0.7616826944503657,-2.5100586654599395,1.5985510817814834
-0.015486034769198118,0.010754921307253095,-9.998135141336E-4,-0.007270414623504628,0.22706517721965785,-0.7281463954280355,-2.4966298280045183,1.5474201358427662
-0.015163754339876654,0.008845463307356742,0.0016908037492309681,-0.007572361872157411,0.24780419055843986,1.3411516050532029,-2.9118546766470743,-0.34981168327692996
-0.015165689064586471,0.008812126914822287,0.001732535819738605,-0.007544705638268609,0.24705305049644033,1.37254564780538,-2.891098815648164,-0.38763879115446254
-0.015195677448291181,0.008868659100562549,0.0016380166947475659,-0.007534523024640448,0.24382856137347317,1.2959420476947134,-2.888755034633318,-0.32474373606939816
-0.015183090515470862,0.008789582680045403,0.0017484343240790536,-0.007498666820699243,0.24435466336262693,1.3818830206215522,-2.8590507318093934,-0.4130976431408765
-0.015179244307020426,0.008754421901100519,0.001795707969986274,-0.007478600488637777,0.24453188579858567,1.418238907399239,-2.842752280823358,-0.4520318904601095
-0.015170647428625846,0.008709793755879,0.0018581265722096877,-0.007458278313796306,0.24510390571961937,1.4665131546477823,-2.8249660744445055,-0.5011451282759801
-0.015112900596613878,0.0086390453975945,0.0019929183651403674,-0.0074959584593157335,0.2522359779014413,1.5777529982748715,-2.8410525979262427,-0.5822475085188513
-0.015123355779557819,0.008597947512932833,0.0020343903652749067,-0.007443834812812122,0.25054158570059476,1.6060709072326425,-2.8018859249066868,-0.6255023939524956
-0.015118917941786245,0.0085597366220263,0.0020843194557153776,-0.0074178847434015,0.2508486018057477,1.6434025780269417,-2.7796747461026037,-0.6665498832051356
-0.015108968811469238,0.00852411438154381,0.0021355941901903697,-0.007402303292428116,0.2517552254708386,1.6827056857209384,-2.7642108324804906,-0.7053061764015885
-0.015091285176941137,0.008495542521786128,0.002185431265196282,-0.007404684500197064,0.25442069470462425,1.7228271720614892,-2.7610183559550254,-0.7380629753356586
-0.015084054648930329,0.008457088170923256,0.0022371475901112113,-0.0073805587067036025,0.254955004005492,1.761447986564152,-2.7390581693175085,-0.7789720769356833
-0.015087818700011489,0.00841574758893839,0.00228124950603204,-0.007335617867641858,0.25450385080840393,1.7913321771663437,-2.703088613322855,-0.8198719890593019
-0.015156529286404808,0.008665823483234953,0.0019237464851347469,-0.007446329358202526,0.24682150812945092,1.51785141006799,-2.8121936532967733,-0.5495901478249009
-0.015041173138654041,0.00832933641675959,0.002424388719259908,-0.007323428084036889,0.2607924854567058,1.9038685105238862,-2.677897934960859,-0.916876158991936
-0.015002491928395206,0.008315768261799908,0.002478964135817345,-0.007369410786937308,0.26641901677263563,1.9533370988960892,-2.7037942175901972,-0.940944904607795
-0.015080153566617842,0.008361886449540678,0.0023494086264775056,-0.007295654679869374,0.2550122546896065,1.8406188606411698,-2.6675538533213046,-0.8746423988768673
-0.014920591552102435,0.008120807960120496,0.0027789461408396746,-0.007281530981635997,0.27879673518833276,2.180003141895274,-2.5997509040891127,-1.153931721906721
-0.014878032024820765,0.008007231665651362,0.0029437989962364172,-0.007210448937958305,0.2861426464322791,2.298925890344918,-2.5220887781146426,-1.2717616868880655
-0.014887818678658855,0.007965158544837928,0.002972903618116905,-0.007146097508985066,0.28473217350886326,2.310427331973438,-2.470412297992492,-1.302186426526257
-0.014915529073907917,0.008081785037426759,0.002824925370637254,-0.00724413652498302,0.27969532362307487,2.2104983179759734,-2.565696451006301,-1.1909022315270708
-0.01490072042486887,0.008042621487618114,0.0028817142110585323,-0.007219950729937819,0.2820089619117539,2.2514080714127815,-2.539155290196531,-1.231356500931681
-0.014950822505964082,0.008181107639573325,0.0026815238116410303,-0.007304289167392611,0.2741734796149274,2.105916901889876,-2.630437209437009,-1.087037888819946
-0.014996258007923778,0.0082804610778873,0.0025247263354855197,-0.007342349579353084,0.26693713816957154,1.9862069882073727,-2.6787940476483985,-0.9772947254517844
-0.014980849750164832,0.008252062728401371,0.0025722725212100435,-0.007335907857540293,0.26965104002713175,2.023233150990724,-2.6680259629890943,-1.0095360280984143
-0.014979948264065622,0.008215501158228257,0.002612889567263101,-0.007298070370321355,0.26950585905679775,2.050326828004548,-2.6355480264885958,-1.0446458726796701
-0.014959791638399902,0.008142586183948143,0.0027121253050390007,-0.007248203424624552,0.27282736716091444,2.1215618837186923,-2.585806689595526,-1.1189823132949572
-0.014818816822908244,0.007879083572329956,0.0031389199014648064,-0.007135378159669976,0.29663383146950606,2.4391295459732283,-2.432863138177743,-1.4051816751571578
-0.014882198064815017,0.007920218516796595,0.0030221752995495212,-0.007099517502812689,0.28593203906167636,2.340395827495018,-2.428050111413065,-1.3407595877036722
-0.01485821299855136,0.007888035510931462,0.003081406824657967,-0.007092818067121055,0.29015487806651596,2.3854383763806473,-2.412433538743562,-1.377746721918785
-0.014811617519922002,0.007838169446883063,0.003185259800193175,-0.00709316131312343,0.2980005557897587,2.467004052882943,-2.3931423504820946,-1.440245647816994
-0.014749723664715898,0.0076978190518627275,0.0033868811639755406,-0.006990542645447058,0.3099266142246006,2.6023499148241984,-2.277450254783331,-1.5748947003058689
-0.014796433135834895,0.0077952387530423,0.003242793509478258,-0.007058231695020899,0.300951026207024,2.5047576936960527,-2.356443349059296,-1.4801590180336512
-0.014794240402490881,0.007751099231912945,0.003283643871581629,-0.007003786951273037,0.30158080886612654,2.5248222588042943,-2.3085474424642745,-1.512493465786595
-0.014789474718619584,0.007711557443342911,0.0033229302596896695,-0.00695821757394314,0.30293584489191194,2.545080296482283,-2.2670873562355793,-1.5419555530960354
-0.014668875778478118,0.007534415296752548,0.003624463659855797,-0.006865293681716548,0.3263041480489122,2.7555534626535008,-2.1323700743900393,-1.7258614066739764
-0.01473969727587525,0.007655996517585884,0.0034341595449704837,-0.006946958522827519,0.3120486000169213,2.6288452141649157,-2.2352253366452146,-1.60806397779784
-0.014741568015265539,0.00761848111662264,0.0034610988268323215,-0.006893965273087563,0.3120563555912225,2.636784412106854,-2.1905345941242884,-1.6299408628743173
-0.014719127377855825,0.007587422704504064,0.0035153929727831136,-0.006878924524940718,0.31665357144523604,2.6748590019924694,-2.167340088134893,-1.6626600428207383
-0.014711142439381372,0.007548722918230319,0.0035551854676855285,-0.006835294422768202,0.3182177140437126,2.6942622716488027,-2.126378837751879,-1.6897693545374046
-0.014660075636421707,0.007491621204213707,0.0036674379345757865,-0.006815219178085502,0.3282573933337502,2.7751623590156065,-2.0851634664810033,-1.7547407674540876
-0.014627506659329938,0.007455669887558086,0.003738693975407936,-0.006801215948865081,0.3350223937410189,2.825978682338288,-2.0576124242405434,-1.7955271679532692
-0.014670525569821855,0.007452579614083079,0.003679601197885282,-0.006748228536823877,0.32680491002238293,2.7658689237364817,-2.0331300301808133,-1.7670374078695033
-0.014607821108340234,0.007409642977578138,0.0037977307341580707,-0.0067568141519432825,0.3390967349662163,2.858397299723399,-2.010122793077782,-1.8313744336733087
-0.01459462096956252,0.007369302434365314,0.003842755871009136,-0.006712561957627612,0.34203251833623044,2.879509263668803,-1.966268301230924,-1.8586635865166283
-0.01461150960276136,0.007334595215852793,0.0038396456845833575,-0.006644126154362345,0.3393053622058591,2.856943068263852,-1.9167335733424535,-1.8610391709649192
-0.01451060915202303,0.007266454466932588,0.004028641547587614,-0.0066478503362935445,0.35976585878320494,3.0007341652214845,-1.8694155635079313,-1.9615816756196551
-0.014550088126111686,0.007281253355193516,0.003961150454966651,-0.006629761099330267,0.3517756445863904,2.9438510958754267,-1.8742819133920101,-1.926476310312306
-0.0145827826608864,0.007303379189223049,0.0039001027015681286,-0.006628729863167822,0.345155434447265,2.8977051153994178,-1.889759708210207,-1.8940958658098952
-0.01433202968391517,0.0070076978257464905,0.0044292515214615176,-0.0064109155560141155,0.39933742527539556,3.2169678836607827,-1.5784205759223287,-2.167312799772578
-0.014345798953029154,0.007036058232110096,0.004396117698385297,-0.006444442745424652,0.3965317760781094,3.2052484383495226,-1.613199740398607,-2.1518078134783907
-0.014370332482134646,0.007052502650715767,0.004350476684029356,-0.006449367501717796,0.390844245317361,3.1730124980761043,-1.630761206050096,-2.129031821558175
-0.014507811323351051,0.007226107614158528,0.004055033975187194,-0.006589756640258112,0.3605183561743877,3.001554571229476,-1.8193133849894807,-1.9772348466035659
-0.014393037509077675,0.007112986613245227,0.004288236387810608,-0.006524445931065495,0.385872109854184,3.154330829161168,-1.7046384364281268,-2.0985195475654304
-0.014392109360092933,0.0070776387568203675,0.004305481986898459,-0.006469788721618659,0.38602794785262173,3.147168258798128,-1.659253465125227,-2.1067774917229887
-0.014423500231358688,0.007131581725352888,0.004231963761605056,-0.006525591484642068,0.37908076855530487,3.112427016270846,-1.7219343809620888,-2.0697340995047124
-0.014505635459679849,0.0071935216400999084,0.004075507166004531,-0.006542756606231559,0.36114847051441323,3.001191412888754,-1.7792311880947167,-1.9888668837685455
-0.014453758380678671,0.00715913548024812,0.004171873904341297,-0.006539946072615946,0.37235476043529975,3.072552501185922,-1.7498551645083018,-2.03886278077382
-0.014486055219280992,0.007176665903932631,0.004113774264125153,-0.006536069771709321,0.3656372865050836,3.0275582515296233,-1.763600331580401,-2.0088264934227094
-0.014330761519387749,0.006949179747580625,0.004452937013968194,-0.006318950031437823,0.39961476022949816,3.1980635760321032,-1.5041693093999957,-2.175118097319692
-0.014349348967517528,0.006978107534717851,0.004413031200335254,-0.006349680244944886,0.3955196353158261,3.1809066458318846,-1.5389030544827065,-2.1569696753271903
-0.014224560599589051,0.006866336350402361,0.004650170124851392,-0.006266686092630285,0.4237540337632077,3.3212582798148857,-1.402385822360043,-2.26707866690308
-0.01421857856761309,0.006828456682848566,0.004670286637422153,-0.0062092836362870885,0.42468773149095246,3.3110936939012774,-1.3543354703568395,-2.272041614551514
-0.014265920959119133,0.006877990457137916,0.004579755098050603,-0.006255195224799587,0.4140297712549554,3.264655300390494,-1.4173334190099922,-2.2325898036872185
-0.014304215003599513,0.006893978310952883,0.004513610310384118,-0.00625204521276656,0.4054446309645547,3.21516106809257,-1.4366539591762193,-2.200738151542591
-0.014333981262063934,0.006914690983309227,0.004459778186194876,-0.006261987797098069,0.3986650663931752,3.1801097109471326,-1.4610506865123363,-2.1754488829554184
-0.01417215200161897,0.006783343185317589,0.004757184722609434,-0.006167301357987361,0.43559137027468425,3.3557665214199273,-1.2946386048220442,-2.3089157775631377
-0.014210236694822125,0.0067910630889044775,0.004693296646856191,-0.006154365789521317,0.4262957699908401,3.303478891082459,-1.3073849077528161,-2.277873545118996
-0.01415990254707944,0.006747608852097187,0.004785001631143256,-0.006116706472399127,0.4378252592732088,3.3528243042443724,-1.248896042534591,-2.3165303455820623
-0.014143243721228263,0.0067130194542789415,0.004819033393774053,-0.006070526197166102,0.4412240016412113,3.35590259374004,-1.2042480451476434,-2.3268362969802534
-0.014115570884635643,0.006682387036537378,0.004869720882641413,-0.006036924002280668,0.44756576284431615,3.376298881329426,-1.1626598061867528,-2.3456239505114502
-0.01409679706894152,0.006643264853479817,0.004906395154378125,-0.00598346585519017,0.45101168837693,3.3767340018347314,-1.1122422633593307,-2.3549244411828147
-0.014087892328688753,0.0066028130917412916,0.004926110970538669,-0.0059221830834587826,0.4518121038531297,3.361113875685874,-1.0630376662468208,-2.3549506960720197
-0.013948193999212734,0.006449441264323021,0.005164472375713666,-0.005736121193826756,0.481860203146328,3.431705403954943,-0.8465838109902436,-2.424836659103171
-0.014026383299431872,0.006564048497620776,0.00503083703062044,-0.005890145763360527,0.4663076260498458,3.418609475283404,-1.0017966971909014,-2.3955975655541546
-0.013978313421727217,0.006472441343523649,0.005114650250886297,-0.005761447846046725,0.47504776029433154,3.410774586498096,-0.8829123263512667,-2.4088723061952653
-0.014003714397729362,0.006499158438934469,0.00507208893532645,-0.005794128235490693,0.4696278592626127,3.3983900361767554,-0.9212046394563381,-2.3969215734056086
-0.014025470452760126,0.006523985682967465,0.005035157929083855,-0.005824757624031148,0.46501962341562153,3.3885738440075803,-0.9559269265293688,-2.386600761065764
-0.014073632291802975,0.006566655811977001,0.004953209799745859,-0.0058707443271997705,0.4545826620256646,3.3546676428296425,-1.017841060267718,-2.3589005503888134
-0.011098525854974783,0.004744711626598971,0.007708993171203468,-0.001597952451355259,0.5303561772197104,1.754591415590763,2.0249725925953137,-1.070522463334634
-0.011357733739883462,0.004810577579157493,0.0076068329005158156,-0.00197462815868272,0.5742967111648678,2.0101122539675877,1.9049401651747646,-1.2965496191682144
-0.01114073223171883,0.004726071403408924,0.007664322935832989,-0.0016420222945325142,0.5280391518084228,1.77493016261985,1.986454716097708,-1.1002594841093234
-0.011185516928331031,0.004741130477552785,0.007652179680852368,-0.001709162570053689,0.5376206615261495,1.8220121541017207,1.9700171050585031,-1.1403933942401956
-0.011318093706822,0.004786868361816138,0.00761083881840957,-0.0019081162231927914,0.5634620591151643,1.9605142768231791,1.915992341136523,-1.2582115631067785
-0.011269758187026208,0.004767660156021416,0.007624451376767706,-0.00183399479363187,0.5534296660074728,1.9082677852726493,1.9349885166380647,-1.214693369458576
-0.01123430793619384,0.004738635154352385,0.007618264873825583,-0.0017698295533140704,0.5406780097246164,1.8578072116740252,1.937635452919006,-1.1780706892676565
-0.011673995620483484,0.0049199778762034395,0.007461258189951358,-0.0024421074483214522,0.6203056046372158,2.322563034387558,1.7311433483377863,-1.564366450968148
-0.011646394417102938,0.004889936894771317,0.007455973158781754,-0.0023840813403838315,0.6096177408479332,2.275690589413045,1.7361829447403745,-1.532362081006376
-0.011397081394112305,0.004789821596134105,0.0075569369945527026,-0.002008022460753844,0.5690066731011635,2.0200227022429553,1.8631121940258732,-1.318397266232294
-0.0114395330241807,0.004803411812376128,0.007538753549856733,-0.0020698320344310806,0.575198121481475,2.061378349278849,1.8417045543036885,-1.354155428799657
-0.011476448669435535,0.004831052530714707,0.0075380365838618605,-0.002135659892140523,0.586685728842136,2.11165274486144,1.83252321149309,-1.3914356571748778
-0.011614713512951083,0.004853781713008429,0.007447727805389722,-0.0023167120641244435,0.5969153750314261,2.220780123233307,1.7399531299873365,-1.495237322184989
-0.011565208638057892,0.004836739797812079,0.007472351715432648,-0.002245312405552088,0.5901758164095819,2.1740531180369635,1.7684711237835284,-1.4549111506566206
-0.011520811444109685,0.004823451927232206,0.007495287452572468,-0.0021825325113498523,0.5847187408418929,2.133577499999778,1.7942360136778006,-1.4192710519706093
-0.012471152848460017,0.0052895931107943125,0.006927227088706986,-0.003618340766570751,0.6666584807378396,3.023565989449899,1.0956714594570407,-2.149155050898104
-0.012617552247674857,0.005395832596498178,0.00681845839623127,-0.003862864316081813,0.6697544676178483,3.1618833443706085,0.9465055733501953,-2.252637852833292
-0.012592389298140747,0.005363476969336491,0.006827323094281655,-0.0038023347047923344,0.665296445544519,3.118810863408252,0.9725674086508914,-2.224634898589112
-0.01250526638156806,0.005279791886858938,0.006875708403996634,-0.003631206577033026,0.6570525346328419,3.0084434486695897,1.0578776740270466,-2.147954419228663
-0.012539805284675116,0.005298753019296647,0.006846134529143137,-0.003680574479513855,0.6560871650242831,3.032540649485171,1.023676848230288,-2.1677676713670384
-0.01256826778603289,0.0053297914554700085,0.006833176324203451,-0.0037410830829466106,0.6600879432333636,3.0735796595488662,0.9962581244199537,-2.19552990461395
-0.012665777271602906,0.005391719386421474,0.006749946682904103,-0.003888757444809526,0.6578614195799107,3.146439643963286,0.8941513884462748,-2.2527843145619557
-0.012704759516622664,0.005428200872573261,0.006723490333015212,-0.003962980407242272,0.6597864767780593,3.1903770500287405,0.8515054560455545,-2.283271597975969
-0.012737577993197713,0.005447428418586586,0.006691950369217788,-0.004009308704017529,0.6578093543580692,3.209706622680462,0.8152068860221044,-2.2990825179771677
-0.012935957379366944,0.005543650258140857,0.006474764800314991,-0.004249487569626899,0.6346681597299543,3.2749669745862624,0.5918347966493454,-2.3620955286249146
-0.012908625326470913,0.005521944646723626,0.006500398054404594,-0.0042055717668017115,0.6362789559441177,3.2559715332941166,0.6246573585868057,-2.348391202309633
-0.012772108973750246,0.005445558229241562,0.006642531090430149,-0.004026654978771669,0.6490150781266059,3.196781571652935,0.7783449428173937,-2.2973433610474
-0.012804928280278256,0.005447594634296553,0.006598160995121852,-0.004047643938482699,0.6418670873893192,3.1892299503803185,0.7436477355797437,-2.2979494912327887
-0.012829452943087762,0.005475309421699233,0.0065825368453748655,-0.004099657441128775,0.6436035858174218,3.220424177258082,0.7147255970669671,-2.318559951703041
-0.01287271681920261,0.0054969209485577234,0.006535566350500443,-0.004152393538796795,0.6386649455653869,3.235045744619103,0.6664514497384867,-2.332354293162867
-0.01206906743506091,0.005105528576174305,0.0072458534554196265,-0.00304807389037565,0.6639982564928962,2.716235768499834,1.4618707854807884,-1.8874875278842733
-0.011711727442272191,0.004901219666156172,0.007409117607447761,-0.0024679033460787577,0.6129726028552394,2.3239697892730637,1.688515840960147,-1.5788208635468992
-0.012038947136090977,0.005074619258765675,0.00725001919835046,-0.002984820455388259,0.6560729112036886,2.6676000972476923,1.4784414449922407,-1.853953829806617
-0.01200748921081407,0.00504477391448962,0.0072559397910384104,-0.0029217562983822978,0.6481823414473781,2.6200986141985507,1.4956965662993262,-1.820595856114491
-0.01192313812161891,0.005035947145110619,0.007335321128373504,-0.0028263271259708024,0.6520312214527689,2.5768936916693765,1.5719778537321847,-1.772864727615923
-0.011969430301448277,0.005023666776197711,0.007276120735030393,-0.0028614029333935693,0.6438246975927582,2.5808951407589587,1.5222070138732333,-1.789430637465635
-0.011889921556482884,0.004997752263597476,0.007332573107208965,-0.0027528747558259463,0.6401578415573189,2.5179465691922833,1.583763193122807,-1.7331412496050371
-0.011856736555533539,0.004968561911160175,0.007337624408985262,-0.0026890125343456647,0.6313217200456486,2.4697918900163867,1.5989971496971689,-1.698686061113255
-0.011816881347177328,0.004957462735848394,0.007365609800135457,-0.002635592649742277,0.6296614184455921,2.438638532507329,1.6287339558023253,-1.6702789793932429
-0.011788519319057666,0.004927956337579883,0.007364242055043228,-0.0025769473478651317,0.6201612220375656,2.39226988328036,1.637814824264925,-1.6381793358243002
-0.011747678603858015,0.0049104161404052785,0.00738530731440139,-0.00251609514032309,0.6150916533402552,2.3527234098604626,1.6633053754568097,-1.6051561441899835
-0.012407111283031269,0.005269671341531752,0.00699205352849737,-0.0035432692307207476,0.6719900645548004,2.995688421297984,1.1608861154427983,-2.1203979517915066
-0.012445127202672053,0.0052657746706678225,0.006940915591125097,-0.003568199838675821,0.6634922311613057,2.9907069780772875,1.119552479571124,-2.125968589245333
-0.012150721376242454,0.005170464248069407,0.007213889638176019,-0.003199721353379966,0.6776843483708629,2.8240599242160767,1.4044169098341188,-1.965983648273436
-0.012132410402635747,0.00512887798132044,0.007196814149305751,-0.003135071323624918,0.6651061932977164,2.764512818692222,1.4074778722522305,-1.9302762091274104
-0.012110890251979797,0.0050924620526757725,0.007187839206870889,-0.0030740165532689855,0.6547476024464626,2.7120759077254313,1.41496623021129,-1.8972903881819858
-0.012259285920738277,0.00517031801349816,0.007087361635231638,-0.003298464695327423,0.6625197221332048,2.8459147770993525,1.2917656268270272,-2.0060496123496026
-0.012197958774612225,0.005157547489819081,0.007147746159898991,-0.0032287358152025387,0.6668009339752342,2.817555382077335,1.3509192749029906,-1.9754538034362923
-0.01223348253635341,0.005152177267700073,0.007101773576618427,-0.003254480185540727,0.6598168340601285,2.8174833986933105,1.3126705437480966,-1.984593061181076
-0.012379413807141276,0.005240240361508757,0.007001941785918598,-0.0034842875731934293,0.6669923484478001,2.9533691243663522,1.1843989385456017,-2.0914955830579145
-0.012292749762884246,0.0052055557611931855,0.007078141063182075,-0.003369491528370801,0.6697548943812281,2.897943344893999,1.2671154422673687,-2.0417459447345454
-0.012343970038550964,0.005213917064098478,0.007023276923401056,-0.003422906467860904,0.6643381391254161,2.9146634265907667,1.2157419267068252,-2.0626761190075342
-0.012295693433731096,0.005147344068447211,0.007024731696805822,-0.003302699865770378,0.6494918231715815,2.8204794729557747,1.2479841353207182,-2.0012754954847463
-0.013888240927603619,0.006403550774878409,0.005262700412433666,-0.005683063958805897,0.4951969523164732,3.4703106899269893,-0.7721903503091553,-2.454400271967145
-0.013813767718613633,0.006357266539467814,0.005383802857294795,-0.005630412134026315,0.5132611159748595,3.524240826476525,-0.6877667957955521,-2.491871231514916
-0.01385814441594139,0.006371620958164051,0.005310982077088792,-0.005640410262330267,0.5017947936511923,3.4798070654892936,-0.7245933026786816,-2.4648599234270345
-0.013795183672308512,0.006317318265097851,0.005410870895941935,-0.005569139982901184,0.5154199844063526,3.507426637415979,-0.6367397092355427,-2.488301826467087
-0.013943113884198777,0.006401868672582065,0.005172528977622974,-0.005660214076203677,0.4807366634661024,3.396415556089653,-0.7936181331139388,-2.4129225451857788
-0.013784943386765006,0.006275701422220009,0.005422979516902172,-0.0055029925793175375,0.51475242408281,3.47726545724053,-0.5897092048553051,-2.4769556969758546
-0.01363318519681983,0.006105667482001161,0.005640357422038069,-0.0052514511789430165,0.5416631341008163,3.4683198582130004,-0.3402819018544058,-2.489620600343048
-0.01374629407692005,0.006252342487852289,0.005483526027403469,-0.005473534845979961,0.5238157853769146,3.500461355219922,-0.5452123286382334,-2.492853120219555
-0.013716363737672807,0.0062122846323956074,0.0055263928378435365,-0.005413598229603417,0.5285750701778019,3.4931394977285763,-0.4891873813983974,-2.4933783975745842
-0.013693989484339256,0.006172982411701874,0.005555841606248813,-0.005353066046476959,0.5308324032614776,3.475726020515644,-0.43897917398088054,-2.4878371492149145
-0.013665959722071172,0.006122165410581986,0.005590974393468082,-0.005274429201949344,0.5337606130770595,3.450685309456824,-0.37608731639145343,-2.478553769082009
-0.013671626440549343,0.006150191340183172,0.005587773484305733,-0.005319216071407704,0.5355700771394326,3.476062495230603,-0.40441439547946495,-2.490156141704632
-0.013633465072215259,0.006070968715598371,0.005631565857919673,-0.005195407657836501,0.5376814072575259,3.427683291061057,-0.31152816039915543,-2.4698099023788487
-0.012973561261230901,0.005548566778777149,0.006423279288579172,-0.004273115862972346,0.6263864255761992,3.264137030931323,0.5522800943617315,-2.3604296747642084
-0.013231709837956383,0.005812639004942394,0.006178029229693566,-0.004757187940739802,0.6130736255349863,3.4753306793209933,0.19510185679450684,-2.4958035262378435
-0.013210826128480535,0.005768434606852434,0.006188934401248972,-0.004683316839456747,0.6105669993115245,3.429050493549783,0.23757945621484236,-2.4700477059527857
-0.013185513843811905,0.005730411404202346,0.0062088326341305225,-0.004618270654619269,0.6101648448447917,3.394113210347513,0.279687294972262,-2.449763802530436
-0.013014962849275417,0.005540831214169064,0.006358741952827177,-0.004279000358267601,0.6146892309629983,3.233197619941776,0.5131254758679963,-2.347635635672327
-0.013046703101888777,0.005561845215596384,0.006324900711147212,-0.004321757109194261,0.6114294168843638,3.2456993163232215,0.4763392912945628,-2.357632211843924
-0.013154055208864285,0.0056963730781064825,0.00623921426800645,-0.004557588799962232,0.6118329501517482,3.368185826886591,0.3247077756688396,-2.4336389467781405
-0.013079525425790344,0.005638204595513223,0.006319831650226455,-0.0044461547477197,0.6197530506940478,3.33370091597707,0.4197762926131889,-2.4089474664654413
-0.013118378723374331,0.005664602976555474,0.006276150277009792,-0.004498702908279314,0.6148256373376597,3.346905832642993,0.37204714399739397,-2.419370951583362
-0.013085088440480439,0.005587048915752024,0.006283087686564346,-0.004372455544333975,0.6072027009343977,3.2593436392852886,0.43144508329272174,-2.368665067193511
-0.013504302562345047,0.0060360775419591355,0.005830742179630599,-0.005145329531500687,0.5697821904593091,3.5234322700036897,-0.1895933985122155,-2.5234539322736658
-0.013403033999150757,0.005959921096052656,0.005968592476781514,-0.005018039544620577,0.5884064430600516,3.5266856836413423,-0.05054003614372389,-2.5268685692097343
-0.013382331196993526,0.005907718585680198,0.005981479095209222,-0.00493233746795614,0.5862568749112119,3.4763469886878404,0.002517496234149997,-2.5008208540375914
-0.013482662784540876,0.0059982019962743225,0.005853523738456063,-0.0050837289029137984,0.5709658390328441,3.4972999131675055,-0.14353147969731891,-2.510932728783878
-0.013451666245064404,0.005962422435664659,0.005891128894107326,-0.00502509652334262,0.574870829867051,3.4822524193767554,-0.09267339616439817,-2.5038302014741274
-0.013286891113282748,0.005808544216552918,0.006089719690129044,-0.004762037666094974,0.5967426082085403,3.4249465926773186,0.14617999201066714,-2.471491363327593
-0.013384794960476381,0.005862057248890236,0.0059594410421993935,-0.004860467302741028,0.5786425280249285,3.4137756546048466,0.029193760728200405,-2.4681503956580717
-0.013356605624971525,0.0058394436983862505,0.005994343613701229,-0.0048215487322474165,0.5825941019560065,3.408417881783109,0.06694088375256098,-2.464799341950848
-0.013334638811473183,0.005808154560565759,0.006015348774701911,-0.004769653629164234,0.583422728323916,3.3854899726223153,0.10410298571779662,-2.4520381328776755
-0.013549627759958001,0.0060349008612666415,0.005756850432390072,-0.005142520478803037,0.5567348371523283,3.4740754244022405,-0.22302509943406426,-2.497158251714015
-0.013601859304956393,0.006041272672425698,0.005674656648309329,-0.005150244648331514,0.5430623872685314,3.426647265002916,-0.2658192172370724,-2.4711554146113985
0.006630065154077702,-0.013930425677351636,0.0060488699016383535,-0.005187992217487882,-0.1063971348455462,3.7035761078979417,-0.007646841847318112,-2.6376728925613944
0.009251890425717424,-0.015161653369518968,0.007824553590545217,-0.0011329431667827323,0.22360153922583334,1.9426877986894417,2.807100651164261,-0.8737653203305152
0.00928319231654312,-0.015175000723775743,0.007815234878749834,-0.0010813328124596282,0.2221465713575406,1.8963153254010419,2.8140122813101383,-0.8356607936435289
0.009319344461136456,-0.015184130491665157,0.007815145099605689,-0.0010248928367190965,0.22184743402559315,1.8503208817034567,2.8273340981692057,-0.7941647843344155
0.00891297692725792,-0.015064930614116005,0.007793458936171134,-0.00167168476901055,0.22194314275943025,2.3676420427086775,2.637974360967289,-1.2587933402896636
0.008884050322809452,-0.01508693424518516,0.007733303463770733,-0.0016952651557887077,0.21432912565031995,2.3562999027561706,2.594611767889058,-1.2712924635895717
0.00894403875831762,-0.015078544076315072,0.007791210948835386,-0.0016190172746345535,0.22151427128268,2.323405857456479,2.652865283309246,-1.2215577452693518
0.009013696842049241,-0.015090113507756717,0.007817723615111896,-0.0015138888090854435,0.2247925596473095,2.2507993686570917,2.7002430643429713,-1.1486794238107148
0.008975822628529686,-0.015090418888499608,0.00779185392355547,-0.0015666769870577378,0.2214945902170082,2.280972851126217,2.6690701039236484,-1.184611909823322
0.009195559771674269,-0.015179486271990195,0.007763372268607832,-0.0012043240741329924,0.21648994170398533,1.9721750169578869,2.75202278692578,-0.923740821106722
0.009223885565253906,-0.015187874034283962,0.0077627680385696654,-0.001159886778095153,0.21632191858207026,1.9357638518019036,2.762885335486811,-0.8913777345267482
0.009119043819087206,-0.015134452744217944,0.007802649682933365,-0.0013376215990730403,0.2220294010647426,2.0993491258974974,2.7407294497106416,-1.0217365543233103
0.00908560008733232,-0.015139290257011365,0.007774132519360619,-0.0013819412352656308,0.21865956306228743,2.121646435003004,2.711383352725966,-1.0522268418976595
0.009020733971365708,-0.015131791645532765,0.007747350655666168,-0.0014770332850337772,0.21563364887333183,2.1858739866430095,2.6684518751821176,-1.1186315400487088
0.009053692111029051,-0.015139999910153929,0.007753404202968764,-0.0014261116898868767,0.21621067132487135,2.1474857386486526,2.6865839202788457,-1.0827467979262337
0.009166101194353068,-0.015193698155898362,0.007722138707068786,-0.0012381941638194979,0.21177345908850495,1.9803220603742233,2.7184212835135817,-0.9466424377484003
0.009127618951954972,-0.015165988352254661,0.007750601539491875,-0.0013073980116678418,0.21557168379446484,2.049782171667139,2.717480644297117,-0.9976102484518637
0.009148274939990634,-0.015173902277431608,0.007747950480737817,-0.0012739883115587187,0.21497105473130468,2.021489865908597,2.724720149842953,-0.9734880858174815
0.008685047338458205,-0.015008387891303973,0.007711461019909786,-0.002023672132615428,0.2110691480379522,2.611525724512673,2.472209452588451,-1.494974578653677
0.008704291390073575,-0.015028102295917903,0.007693926808541374,-0.001981556149704185,0.20904401410600296,2.568058226622394,2.47661416620555,-1.4649028583001389
0.008727328864198,-0.015045088931475062,0.007683947113159937,-0.0019371163127895922,0.20790653321670652,2.526845030980263,2.486105187284393,-1.4338609655968024
0.008762635431874248,-0.015059000846080889,0.007688782905975243,-0.001879317548770205,0.20850514446997465,2.4827334258721696,2.5085254383280744,-1.3949699177103259
0.008795795271702234,-0.015080967471229176,0.007677006781179832,-0.001818059263632998,0.20710527446562424,2.4273048086008604,2.5218743635227487,-1.3521934116722532
0.00885845441270278,-0.015103247229264061,0.0076858459579407234,-0.0017177603904020365,0.20828364489121828,2.3507438043220583,2.5593506160116033,-1.283697346844685
0.008827915705789644,-0.01509976539405712,0.00766906958694734,-0.0017610549910930637,0.20611200890838763,2.3772703537170465,2.5356494973772996,-1.3124162808926496
0.008478395257828336,-0.014969536409812849,0.007585643172975386,-0.002321442098672078,0.19315353688063977,2.782818655339375,2.288546099379452,-1.6791769148673945
0.00842299345519631,-0.014969428860262845,0.007530658960334579,-0.0023884242963198438,0.18546300827063192,2.8057163882639427,2.2308115435463622,-1.715757639694031
0.008451120286263573,-0.01498619805475547,0.007531439554767955,-0.002338056668312495,0.18602598696426845,2.7663959742793622,2.2510222300880565,-1.683608432413454
0.008505504559727747,-0.014986431954036079,0.007584093505496715,-0.002271772051888676,0.19334887694824074,2.742373990214834,2.306776025466839,-1.6467428008096443
0.008660019341654978,-0.015017896527658909,0.007673278573123862,-0.0020479371691901334,0.20610826577458694,2.6108293540532013,2.441155831976397,-1.507824172997587
0.008534458611767241,-0.015003397004555092,0.007583533491742899,-0.0022199261366672106,0.1935589363532701,2.7007304669721712,2.3261008063453548,-1.612836485697951
0.008635051857426116,-0.015020759756236216,0.007646381674917976,-0.0020775139367798356,0.20252662865876328,2.620344447966111,2.414892163509382,-1.525055096666927
0.008613725560570329,-0.01501701525034246,0.007633676662238698,-0.002108030288349861,0.20054686981495298,2.6380427868753804,2.3964996117532573,-1.5441048343808823
0.008591663643793967,-0.015021798781854731,0.007605690453978839,-0.0021315961334199443,0.19696094094191752,2.6421152703221615,2.371638936396504,-1.557038328090874
0.00857143724717019,-0.015017983303949026,0.007593623150974932,-0.002160404546528757,0.19538198896406175,2.6586799490588957,2.3540930287327826,-1.574796601162976
0.008554249489906093,-0.015023961017540275,0.007567839528312412,-0.002176272154856157,0.19190685834546922,2.6577183136071727,2.333338472212101,-1.5826314535233812
0.006710545656768588,-0.014016805470283328,0.006141160692570635,-0.0050307561931371035,-0.08593827583512346,3.692592484655839,0.13389823845913426,-2.6294909583251003
0.006646313202748518,-0.013954530262574713,0.006064730501276706,-0.005145048006334584,-0.1018264297749878,3.694054681464357,0.02809748831581979,-2.6324326412173717
0.006687334763307792,-0.013996838775758792,0.006112650643044618,-0.00506801210408343,-0.09163828652961337,3.690706426240974,0.09825965165019919,-2.6294590545426613
0.0066654739236664436,-0.013975882421101161,0.006086516876415261,-0.0051064584604739475,-0.09694277698598437,3.690863957849301,0.06252842661999286,-2.630271260761427
0.006709615282964429,-0.014043751758815401,0.006123861468514914,-0.004984902732042699,-0.08455846670416811,3.656312606886769,0.16008239293986096,-2.610001165278122
0.0067239508805875155,-0.01406342352288788,0.006136466293284033,-0.004949365598899871,-0.08089794092189283,3.6469435256986746,0.1889628613576582,-2.6041590594117525
0.006740672620068073,-0.014082145374171948,0.006153301829855961,-0.004914949201516081,-0.07665229552431925,3.641084490730406,0.21830624654360237,-2.599968180107749
0.006770145842520289,-0.014088141869893555,0.006199297613198951,-0.0048994071296883926,-0.07101069910537537,3.666167771475247,0.24489035561274203,-2.6117606905398465
0.006800542208855031,-0.014111965327603457,0.006235152846200835,-0.004852979392606288,-0.06402604719305173,3.667189081665264,0.2892496558897533,-2.610091221858848
0.006874183844946644,-0.014173657269820299,0.006315927170188917,-0.004731480972612219,-0.04751680572366168,3.6583527688518416,0.4004875072974096,-2.5987014487464837
0.006846513167133923,-0.014152221973124348,0.006284953560931097,-0.004774573202772576,-0.053438692515498314,3.6601834931349666,0.3602704035232648,-2.6023474829142814
0.006816587750704026,-0.014140353951352644,0.00624305230515536,-0.004801698903748502,-0.05997119290706079,3.645028418156501,0.3268232716036269,-2.596555509493752
0.006874139503694055,-0.014212399326835814,0.0062876361983291934,-0.004667334035278686,-0.04617625460762521,3.602270812930097,0.4325068732782559,-2.567383850082109
0.00701829921166912,-0.01431449754046141,0.0064418782955164315,-0.004452755217436782,-0.01647647662948939,3.5862057991387117,0.6304074317242386,-2.5410812144967743
0.006901059444992127,-0.014243095962873946,0.006308874654867763,-0.0046091554737575985,-0.04053764644947013,3.5845714382391463,0.47827611705106854,-2.554563470736658
0.0069909149074449985,-0.014299478920646702,0.006410228638082696,-0.0044873327623070345,-0.02203408534189621,3.5847272875397924,0.5957932030504186,-2.5438991339484276
0.006932085787419038,-0.014264774411353133,0.006342749907620081,-0.004564035209955395,-0.03403301717132735,3.5824524681927774,0.5203240255037689,-2.549863500146182
0.006961266125455463,-0.014283081442515012,0.006375606276341947,-0.004524478181757455,-0.028060911958241144,3.5824351113909283,0.5584482402517424,-2.546352945343715
0.008197149475633431,-0.014900560460661242,0.007397799478529739,-0.0027201483048725533,0.16402839908161362,2.99058326371869,2.0184177570207864,-1.9044263422505605
0.008165136147693507,-0.014889055311009265,0.007378884660164405,-0.0027679145876453493,0.16069839820286178,3.01660318240644,1.987076908786843,-1.9304130208949692
0.00813970660998328,-0.014875740702539664,0.007369658833841952,-0.002810487575252959,0.1588964274682421,3.0440264686542586,1.9631351549259424,-1.954514124614142
0.00808712864543421,-0.01484726121747722,0.007350316698842648,-0.00289943455943648,0.15456553652286376,3.10070781910827,1.9123288377656564,-2.004145576307934
0.008111702037697245,-0.014880765660894107,0.00732949141638642,-0.002834181433275806,0.15317126883885815,3.039038898974225,1.9305349919259864,-1.9622959532989623
0.008236555352167538,-0.014910956152295759,0.007425922084767583,-0.0026651540075291994,0.1685995050111484,2.964001393036887,2.0577442110551623,-1.8750835291074566
0.008201206022676355,-0.01493915103491072,0.00734350879020221,-0.002672603199014137,0.1579222779330635,2.9234241696104633,2.0088423000181446,-1.8676986700531366
0.008300183125639704,-0.014919992737833279,0.007481538067779754,-0.002583562690000035,0.17691183599837076,2.931893211412159,2.1234951146480765,-1.832516714562342
0.008328227404196198,-0.014936689955076611,0.007485152571760942,-0.0025334719022792117,0.17793356955700754,2.894654581601761,2.1463871368430616,-1.8017130863429889
0.008359067490906381,-0.01494589362934387,0.007502995086046336,-0.0024879901386643095,0.18090962004128686,2.8689044792460465,2.1750879154252303,-1.7754953211751905
0.008369433835682463,-0.014972522127137533,0.007471201164086573,-0.0024483191193854265,0.17722616650067016,2.820245022343635,2.1731726646836536,-1.746455895934546
0.008268940554611085,-0.01493742880336249,0.00742035011279911,-0.002600013564906996,0.16872966954666302,2.9104015910917673,2.082242965304047,-1.834333230332047
0.008395281287061665,-0.014986778055808775,0.007474745500776176,-0.002403666644962098,0.17824504525214221,2.787186009199735,2.193047003824567,-1.7186525901460101
0.007908774760371487,-0.014763675641361496,0.0072491887737686144,-0.0031813405477780915,0.135117781110649,3.2530432781196903,1.7243263309420096,-2.1480780080693562
0.007943778852959101,-0.014782150424994936,0.0072680147684525956,-0.003124031178306706,0.1390226941915771,3.2217513483827247,1.7622478487340485,-2.1194730718111745
0.008003187599625892,-0.014809024826644654,0.007304168451594304,-0.003031719677754973,0.14579860569551048,3.1739780332589693,1.8257642939785976,-2.0733629932955364
0.007967097043941194,-0.01481322971820735,0.007253166632243162,-0.003062135957015259,0.1386617173976132,3.1664251131600314,1.784039883437636,-2.0816227354694674
0.00802437510986816,-0.014837920385102954,0.00728828674992502,-0.002974918372698605,0.14508658255643667,3.1215989710852674,1.8439008736894735,-2.037752241622279
0.00804973216061717,-0.014864522377942412,0.007280162626684857,-0.0029172066222767686,0.1453763692912224,3.0733605958679173,1.866201952869268,-2.002875688015824
0.007812563677137629,-0.01472614269757019,0.007174393835952759,-0.0033196185531504446,0.12157495745730905,3.3094930418145134,1.616101582604205,-2.209536015889809
0.007845655539754042,-0.014737312503073583,0.007203210187948175,-0.0032747724340916663,0.12666643173555944,3.294239269120642,1.6536735852289504,-2.1908867942515964
0.007853325253159895,-0.014763119085342287,0.007177899375672386,-0.0032338218503547246,0.12459947877659613,3.248609489004303,1.660994319363105,-2.1633774520034716
0.007875525380663781,-0.01477822370486606,0.007185951402318762,-0.003193754589544045,0.12684530422944365,3.2240454079503533,1.68500717203089,-2.142911516117382
0.007790813189371174,-0.014750032979422187,0.007113350543057563,-0.0033071020988981207,0.1144689553926255,3.262788162452557,1.590964166564495,-2.1902082690456988
0.0074905138508769425,-0.014567387852801435,0.006920424442144184,-0.0038018213084192536,0.07258098429878945,3.490523294744286,1.2310534312441692,-2.398277707993072
0.007517933498756499,-0.014584991787347422,0.0069400874757607,-0.0037564212856738637,0.07691637360920174,3.472113041241666,1.2659876253892934,-2.381274241837856
0.007547342712788494,-0.014598681359935415,0.006966694257923907,-0.00371499965585933,0.08173950921447676,3.460705705279311,1.3018597464406552,-2.3676004015895002
0.0075738703965750696,-0.014604900549682776,0.006997667996326456,-0.0036861495237372178,0.08695182016852501,3.4606146312682697,1.332854244211639,-2.3608469689655145
0.007591441744502529,-0.014626728364761353,0.006996263321274197,-0.0036413512333357124,0.08830144468930767,3.4283567856890227,1.3567958420480577,-2.3381588706798553
0.00764237322065436,-0.014662572841477432,0.007023979465351095,-0.0035507914118195682,0.09521785885079521,3.3822382621142397,1.4193753373282034,-2.298815326143904
0.007614177132746936,-0.01465218013894901,0.006997230024205139,-0.0035876055598592217,0.09050813873447426,3.391274031715959,1.3864082331103733,-2.311371660123871
0.007658134468586831,-0.014689697413909323,0.007011823206377812,-0.00350040821917422,0.09558551094640198,3.3387953402952735,1.4401420477564517,-2.270145236173937
0.0077591742497441765,-0.014749738862336185,0.0070717092465527615,-0.003334975297724286,0.10836724189538781,3.2576565655665495,1.5555442560177712,-2.1966151691585036
0.0076964733734468695,-0.014709165934283544,0.0070397834259898215,-0.0034424679651515753,0.10107239919513954,3.3149791325217413,1.4843740006775046,-2.2463433476693684
0.0077260690059184085,-0.014733458460008512,0.007048631970511497,-0.00338488584766292,0.10397242210538092,3.2794572892361145,1.5183940671810685,-2.218214484863068
0.007457046790495601,-0.014582453077067146,0.0068537274241551914,-0.003802755938379887,0.0644933842486053,3.4478896337264424,1.1989644310090455,-2.3818527036238226
0.0074216380668387285,-0.01459400187520603,0.006788838785002632,-0.003809545737851748,0.05648292574535312,3.410989058652589,1.1646175095511273,-2.368674592601307
0.007221497987689449,-0.014448282677486275,0.006640770604980431,-0.004148054177481531,0.02312774493571603,3.5343471648515843,0.9016739126535597,-2.4793443157442816
0.007313720020192272,-0.014513432145759706,0.0067156608963411845,-0.0039967247617951574,0.03947296576507415,3.4868176756387608,1.0242281907594046,-2.4346798071993114
0.007279657991360824,-0.014503565576395686,0.006674288517770083,-0.004031417119734562,0.032573362626409225,3.482169816381408,0.985545620929411,-2.438604345201916
0.007249535803213985,-0.014477741033747452,0.006654601308143967,-0.004087574917759216,0.027722251900190852,3.505091207601781,0.943829026165855,-2.4574366989434355
0.007334081311672482,-0.014544914815453565,0.006713011151837026,-0.003937291089224289,0.04178802730618608,3.4465408388180365,1.057449689283983,-2.407455564154517
0.007359773488334047,-0.014575351782305465,0.006718560397532707,-0.00387646184929763,0.04522984215419606,3.410346237216539,1.0945851145937286,-2.381398753003275
0.007382821122983861,-0.014602051738325877,0.0067233894412510485,-0.003822917355623716,0.048223757130764267,3.378461840908496,1.1268235155712516,-2.35825171640203
0.007020293020900814,-0.014340363894613229,0.0064232375436822755,-0.004410548571890733,-0.01614164949574544,3.548398454041913,0.6495220397476094,-2.519242198855831
0.007051208420276801,-0.014357366197678186,0.006457830303104136,-0.004371038014642365,-0.01012512394397312,3.5484100439342012,0.6881006593626909,-2.5149345290486926
0.007083214870282867,-0.014374008186180771,0.006493910068270337,-0.004331052556327903,-0.00348754111716906,3.548884493223913,0.72779861887944,-2.51048788819465
0.007116557255646514,-0.014393549399762345,0.0065288855889317375,-0.0042853153752793185,0.0027382228909488184,3.5446882945330027,0.770499889060625,-2.5029622484354763
0.007150247538880713,-0.014411866767118992,0.006564816412903323,-0.004240735294181292,0.009390932821463534,3.541429067424558,0.8128849069893022,-2.4956739183078374
0.007178984633992594,-0.014467100730772595,0.006556937022142619,-0.004140986716994622,0.013681525156376773,3.47435717886624,0.8695322332136124,-2.4522876285903252
0.007152950532367183,-0.014445059721175263,0.006537826495670017,-0.004187795906781748,0.009212536652302821,3.490793916297174,0.8334587102197017,-2.4661049611203634
0.010369520637874392,-0.015241105714238274,0.007821442869565876,5.51702930326575E-4,0.21068866274751305,0.595821760081468,3.058214146015555,0.41865873111310986
0.010412326090993195,-0.01525825489711867,0.007779537925380833,6.102760450503613E-4,0.2058690765801179,0.5352002099311749,3.0343501878868726,0.4630422883692566
0.010458307848603188,-0.015270760264772544,0.0077443984067393145,6.735952186021076E-4,0.20173497011125344,0.4738640541550207,3.0146200099982927,0.5114807351530152
0.010497154382532113,-0.015295386958706426,0.007688727287558033,7.220204465261431E-4,0.19600530825467147,0.41728510607724306,2.9808743404877234,0.5469281129002722
0.010539135048572372,-0.015313281914236242,0.007643718277242128,7.757262590746774E-4,0.19127546931863368,0.36101034764451656,2.953789359458384,0.5869484514515441
0.01058168913238668,-0.015328290371376736,0.0076029955158436885,8.300654731634222E-4,0.18706851712156083,0.3062711617967013,2.9290629811642845,0.6275213711886701
0.010094536622794942,-0.015283990585116064,0.007781954392715443,1.3994285103374973E-4,0.20894528746869812,0.9022757415870551,3.00082596553716,0.09246274095728467
0.010131321991352752,-0.015285120814663433,0.00777742965653178,1.9391531648035713E-4,0.20802247887809733,0.8580766007564659,3.0032276868563303,0.1346311917928534
0.010167673136880181,-0.015291583119005732,0.007762335285364133,2.4661468580150834E-4,0.2061742509949431,0.8109905288143873,2.998499256071143,0.17546466882925252
0.010291991908515572,-0.015259594728741123,0.00780352342175574,4.336065593557384E-4,0.2092342179500751,0.6808213859659723,3.0393626082323526,0.32417716761280196
0.010256467800888062,-0.015273328968698086,0.007784344082941608,3.79047532537202E-4,0.20746599044543568,0.7160918659146178,3.0232243123623515,0.28028553292048713
0.010225350845186809,-0.015277160332906927,0.007781909592776111,3.3282706020238345E-4,0.20757677234185534,0.7512009408143027,3.018143634225859,0.24379369609485227
0.010202759750881519,-0.015302506782314016,0.007738504715992211,2.9656306704473317E-4,0.2031879901962473,0.7629890714197475,2.987710406663957,0.2138334164911648
0.01033180175002876,-0.015284588187045913,0.007750164894062045,4.870178208656301E-4,0.20335625593526835,0.619687465600971,3.0087786983864366,0.3639146773607717
0.010033034820178937,-0.015261863262068496,0.007824994866491172,4.9829298938770636E-5,0.21451113795955593,0.9903083514438734,3.0184776566586855,0.023263737439037587
0.010000376158272921,-0.015274040492203659,0.007802616569611105,1.3656620425537538E-6,0.2120516028625949,1.0197568245048896,2.9988738669864063,-0.01503007229047621
0.010059107627378317,-0.015291593100489739,0.007769527768666677,8.760930695134689E-5,0.20781793204724694,0.9387362446785396,2.9876055281412053,0.05113216405875228
0.010082168183270731,-0.015317249136993052,0.007721747502477899,1.2023225882198824E-4,0.20247610821617795,0.8947834497526654,2.961073363738829,0.07522190176808552
0.009933170648987483,-0.015280766277142454,0.007788411414236328,-9.761711996011779E-5,0.21146581454206484,1.092738993483453,2.9779400812088714,-0.09236025929421408
0.009981313036822233,-0.015300508823916576,0.0077537001600935665,-2.634807027012868E-5,0.20711470577714422,1.022443059212179,2.9649583144322715,-0.03780822883498142
0.009951559980949688,-0.015297817113914336,0.007757838585895005,-6.991284885741444E-5,0.20767065932176648,1.0585648324545935,2.9622696982498455,-0.07150846378739899
0.009872395136778895,-0.015263304417959062,0.007816569616972214,-1.8857905148372933E-4,0.2154503121274394,1.1763945959193816,2.9835251610445113,-0.1621566602478797
0.00990463376080584,-0.015276451451902005,0.00779472849308905,-1.3993098736080455E-4,0.21221010240124275,1.1288810157946167,2.9764522825897797,-0.12497319352042142
0.00977901770250072,-0.015287456716570754,0.00776112718313422,-3.23126963844894E-4,0.21006289950804682,1.261196103869868,2.929558134150453,-0.266397053666455
0.009816675945064716,-0.015292886988599999,0.007756207435297921,-2.6743092914470484E-4,0.20897437047551834,1.2148328693643113,2.9348043519857465,-0.22380658159732256
0.00984676363997031,-0.01529200342753799,0.00776120791660821,-2.235780719662111E-4,0.20924695651077335,1.1820265684553466,2.944189285799795,-0.19013363857776444
0.009731694959411036,-0.015275795665826665,0.007774936297860776,-3.9416475789387593E-4,0.21237386587593418,1.3235399350404118,2.9270158927552825,-0.32048842259791593
0.00957285380318345,-0.015228892332067666,0.007825142237345125,-6.381184998953126E-4,0.2199427379681291,1.541126279061694,2.9154258680942386,-0.505597049069181
0.009544488160252948,-0.015218976900199382,0.007835243943916027,-6.827620562152996E-4,0.2217911313483288,1.581687238376051,2.9130700171399986,-0.5394028388759302
0.009475397394676314,-0.015221177836260128,0.007808864362939638,-7.833727891929954E-4,0.21933632451130022,1.6514822158234657,2.8766849362242506,-0.6146887121762109
0.009514445674669287,-0.015224057576284075,0.007816523281142407,-7.253501188044048E-4,0.21955168854250193,1.6079320796563488,2.8931290229320106,-0.5713264498142574
0.009586823981091388,-0.015260821450435965,0.007770172977604414,-6.088693015010283E-4,0.21339447771667228,1.4938425199178462,2.8869198310019013,-0.4833816997280784
0.009676844333899723,-0.015279527367928657,0.007757457116273056,-4.73451472634567E-4,0.2108309474744565,1.3796577265351029,2.9032181280761873,-0.3807590620645059
0.009641332389494476,-0.015296696803988031,0.007718278408102979,-5.210637591680635E-4,0.20683383289601093,1.401458181249567,2.8710302068714033,-0.4167060173875273
0.009607151484463516,-0.015296610983132689,0.007710185811133113,-5.701926304154833E-4,0.20624901340001747,1.4374655616779144,2.8573162567466226,-0.4538929353913132
0.009352664854453905,-0.015206031032978108,0.007789537053535211,-9.67225240396788E-4,0.218277960264597,1.7918077005410582,2.8250108969929575,-0.7510316900117803
0.009390058406422267,-0.01522240614809248,0.007774954382623966,-9.066330122439979E-4,0.2160560168858348,1.7361358616819058,2.829685021889365,-0.7058682929887611
0.009415608677273993,-0.015249039926083372,0.007736354503117574,-8.596716549446763E-4,0.21125851960168243,1.6810912711332158,2.816338631328275,-0.6703214928675394
0.00944918413604912,-0.015255028675370211,0.007737756821239751,-8.094379371703965E-4,0.21119130552769136,1.641097029412894,2.827804932582183,-0.6329344385380363
0.017094048156415086,-0.010840647533366365,6.042440708201193E-4,0.005140527866027808,0.09747002585654094,-0.39137626546414944,-1.5151529671035355,0.6760013285176133
0.017054180225553824,-0.011125110944504558,8.024112051482568E-4,0.005110761033137589,0.09970432374805666,-0.5157847015018232,-1.4696682888486396,0.8037539297563688
0.017127625440005137,-0.011395320054946317,9.48989318290254E-4,0.0049521257839683875,0.09392668899811761,-0.6067814436663084,-1.371800376737216,0.8741560768060301
0.017436425923683992,-0.010695579694309258,4.491612327661156E-4,0.004819093439280512,0.08469920403281168,-0.2863590524462832,-1.4018176106971707,0.520968905472552
0.01774556860794945,-0.01052348349121725,3.111429871432993E-4,0.00454632035368838,0.07475819738229549,-0.1953164803577125,-1.3076357883398624,0.39378974090620544
0.018053706848030947,-0.010311546178537925,1.776381979635887E-4,0.0042856359164236335,0.06649604034081917,-0.10552627454208356,-1.2200703677489797,0.2743836597860408
0.022459868716675328,-0.0034078321602125142,-2.541651843978739E-4,6.982771907691414E-4,-0.2456258368157969,0.35433586011851437,-0.244333743290408,-0.3351795904930936
0.02172279742388709,-0.004080624997116406,-3.974019012639491E-4,0.001041426833350818,-0.1825251305586079,0.4302067589248271,-0.2973783654008681,-0.40111595446534704
0.02094221682667538,-0.005134328434745536,-5.440788533740991E-4,0.0015586230003997697,-0.11441046842803217,0.48386927093652593,-0.39538317524524574,-0.44322113858037787
0.021571710896996867,-0.004801059521239604,-4.061109917117676E-4,0.0012567502129653299,-0.1554371394389554,0.42138872075157147,-0.35246052551402435,-0.3898424076256588
0.0203567653942237,-0.006164492540746157,-6.105971988757485E-4,0.0020682113289453544,-0.0629836705240333,0.48977592398238085,-0.5129630457608143,-0.4372406521488503
0.02101385449270866,-0.005814838226517245,-4.772397550413055E-4,0.001702540847768013,-0.1002861642151754,0.43402018244546875,-0.44720520224473986,-0.39296678081088604
0.019769686417021416,-0.0070949831394159935,-6.326919519524639E-4,0.00259872576715643,-0.020804219774350315,0.47263336643383763,-0.6529087367565675,-0.40478589028304907
0.020423028648356985,-0.006806955343243003,-5.156697541368722E-4,0.0021992258231580274,-0.05084952326752968,0.4221979272750109,-0.5647026095386223,-0.3697188374448143
0.019432040618127023,-0.008244875596096149,-4.617957262760949E-4,0.003057483815788487,0.009155605721403538,0.34193762505811365,-0.8074012404386866,-0.2598036555186821
0.01975562469426712,-0.007763628943847433,-5.067039082189828E-4,0.002765613335987489,-0.007844781282600752,0.38333386320010704,-0.718026710739324,-0.3133012953697696
0.018296031626136296,-0.009084498478484289,-3.817100242592895E-4,0.004012280998565516,0.05110479720904009,0.2725569437034319,-1.1298629742599557,-0.12757590275962946
0.018368966552165116,-0.009690061937404851,-1.1008380684305264E-4,0.004016840237624427,0.05400922277616355,0.08870438586309758,-1.1348321018432177,0.05333916087285893
0.01830289658393824,-0.010090990212657917,6.597891250968459E-5,0.004080100601183138,0.05872252067846442,-0.03246068218873412,-1.151053981832519,0.17997263711011416
0.018850992852537145,-0.008893606086100795,-3.697177979324128E-4,0.0035604392547889767,0.03382892212897581,0.2676576813817156,-0.9722119685337823,-0.15878714019110043
0.01940091151298776,-0.008689870119675898,-3.4952248388269813E-4,0.00315310489994712,0.018201337502091307,0.2616515823192808,-0.8457999304845957,-0.17731718860686474
0.023752477736702627,-0.004173592269067899,-6.046842716496658E-5,4.36438120191565E-4,-0.31014680507347686,0.17307248592640523,-0.3034505127555415,-0.16039406453191873
0.025,-0.0049608666433256406,0,0,-0.3654676525865254,0.0018331353988783891,-0.390413329648814,0.014657170190707296
0.015987453752949677,-0.012462455131435202,0.0022369018614392688,0.0054943811137128104,0.13420285284708422,-1.3637125584904892,-1.2313342630125668,1.8064286448585156
0.01594428400115031,-0.0125985734098062,0.0023476028227196752,0.005425052798375922,0.13478591863210393,-1.4108104042596616,-1.1594341954449368,1.8521483597720985
0.01620404117539363,-0.012243279403047355,0.0019451973654493627,0.005445497232412372,0.12723645832883393,-1.206065138457663,-1.3122599836298614,1.613998895495554
0.016131118276853235,-0.012422219821733268,0.0021030358181236184,0.005387709302077573,0.12864903430498345,-1.2833453845971938,-1.2327531584184228,1.6954173978550267
0.017111837446450635,-0.011687269191511217,0.0011250093755479152,0.004859725446542655,0.0933508542254754,-0.7120039269051288,-1.2928608179040524,0.9739326624254606
0.01685658411986977,-0.011836185886457053,0.001321532497759356,0.005038921212715169,0.10297046493502464,-0.8319530093980241,-1.3200706435251475,1.1314156099899646
0.016640145068865103,-0.01199428897564522,0.0015246309776810177,0.005169091392643721,0.10991720097273582,-0.9551932214097928,-1.3210692126029995,1.286416937545139
0.016424235602329272,-0.012162687314790836,0.0017509441996242574,0.00528185839044694,0.11699137374000627,-1.0890352254583908,-1.3021535012437953,1.452501001441428
0.015497661204758591,-0.012902811406253569,0.002911274674316814,0.005546882615785744,0.1499214684203902,-1.6953650822355193,-0.9823078830267152,2.2218641858704964
0.015693219825924684,-0.012841507270240136,0.0026926390037366296,0.005437250596810516,0.13864350819784269,-1.5796601833698973,-1.025834295490556,2.05721043991205
0.015895943594720026,-0.012741546346866597,0.002462652766980218,0.00534871252218233,0.13097777336190394,-1.458815197204427,-1.0794101334838018,1.8957815431294462
0.015432486374574136,-0.013110877792682652,0.003067325356085298,0.005387531728161317,0.14262586175038663,-1.7372495407361817,-0.8401537947970203,2.2498122811240093
0.014336557996392123,-0.013842836467513222,0.004559669177819716,0.005148635710995633,0.16305622397589062,-2.1888508391314403,0.04557885675338033,2.8914122154341886
0.014297725867956157,-0.01392477154369635,0.004608375211996374,0.005048724441331803,0.15774777648293534,-2.1698624019891652,0.11492284310709215,2.860284358649247
0.015149305837875377,-0.01342594485738844,0.0034784103407627704,0.0052492225344875345,0.14397891205839206,-1.872808538823618,-0.5844320662386996,2.413814176168214
0.01529563370339087,-0.013377418160366271,0.0033029384180974755,0.0052050058019357396,0.13723069702349597,-1.7981032599755202,-0.6495919494708057,2.305928054358749
0.015425254025984474,-0.013289273872463417,0.003138793565374667,0.005207679169425983,0.13416882005715453,-1.7345063893996169,-0.7273161746638486,2.2221978733385095
0.014425450236997844,-0.013811821281095371,0.0044382421142995345,0.005156909173983658,0.15946252759018223,-2.159044652170232,-0.029432922304496543,2.8399899022628126
0.0145051055090395,-0.013799183873844201,0.004330991933993733,0.005140910509533017,0.1559934859759963,-2.1246400524373046,-0.08472449898941375,2.781875818507842
0.014539351170128082,-0.013740580127681982,0.004283260457522781,0.005203934707440054,0.15905492142821892,-2.1291975227994104,-0.13814811718262826,2.790921032640053
0.014630812438546532,-0.013699262074395223,0.004159933150353893,0.005215359709205288,0.15594514475024515,-2.095865463641395,-0.2118692141767025,2.737144745799694
0.014776221033780769,-0.01366914383029601,0.003971116691470707,0.0051800686179656824,0.14939191840788799,-2.027577177453925,-0.3002283033649015,2.6292940425770506
0.01493164954326657,-0.01362567721325966,0.0037746938916120173,0.005148933447943525,0.14376960607268455,-1.9549433373706158,-0.3906830388326104,2.519459195940747
0.015105746364695073,-0.013584148739971637,0.003564117342057436,0.005096797924221745,0.1353189118151921,-1.870948409111998,-0.4752909250629802,2.3932806716818487
0.01359738715600703,-0.014389475238683754,0.0054719732067572,0.004481269942354844,0.15151229585743628,-2.118616354735721,0.8697385829230567,2.878878181611378
0.013558264314418776,-0.014461154344201012,0.005491505438368484,0.00437608849466671,0.1460562917771744,-2.0769692363848016,0.9194440602768007,2.820162557657685
0.013523112320889843,-0.01454434695635901,0.00549593387081665,0.004256043767731727,0.13990308761136072,-2.026569346066711,0.9636132046348819,2.7469321186147844
0.013684071810691763,-0.014380003255385453,0.005353229296176591,0.004499417962475875,0.1481610529344843,-2.1117855336020974,0.7866706250782479,2.847055920522163
0.01384687730263288,-0.014289977901561371,0.005159788276370211,0.004624534753993124,0.14880897882523725,-2.1332611084000703,0.6177647767631763,2.8499515999932505
0.013783886806002805,-0.014356880603606383,0.0052228925035963155,0.004532907755546836,0.14505764272973357,-2.1074787320024853,0.6911929352235404,2.8194248567300986
0.014168250086516822,-0.014018688125212422,0.004777009240774738,0.004955853938024977,0.15745403439841074,-2.1794470442853933,0.2533523968520683,2.884441305154976
0.014239281752178595,-0.013982827063382277,0.004683222200731327,0.004986407030395711,0.15567739250838988,-2.167907708909564,0.18472495972081646,2.860145283887214
0.014026965560624114,-0.01415228411228342,0.004948286278843973,0.004798043284572971,0.15137865268828368,-2.1603258881530043,0.419889115790174,2.8669997478931517
0.014085189745926563,-0.014107282639316501,0.004877058599602547,0.004850654693926316,0.15333600889833163,-2.164633364872468,0.35608093101168536,2.867581811802305
0.01414596720816796,-0.014090816285192004,0.004795873854698484,0.0048606809120830125,0.14988924079103824,-2.151437700413686,0.30239033657697556,2.8398344993622
0.013936554492487874,-0.01426815080738102,0.005041827558843082,0.0046481423408895614,0.14616623683831587,-2.122959641086183,0.534963997668722,2.818358647010538
0.01402813629135594,-0.01423147110949897,0.004926115220641621,0.0046880381620371765,0.14432728600878553,-2.1172511116281627,0.4492712569485266,2.7962744124788412
0.013111632329916285,-0.014704264867407394,0.005954909053064333,0.003933665901174422,0.14202008649341624,-1.90602124611398,1.3697114187925312,2.6800505515513384
0.013039732213067024,-0.014732794201679448,0.006029765146739057,0.0038676238102874493,0.1427923968495932,-1.8749804293949055,1.4398349112833058,2.656970362385662
0.012774234040291807,-0.01472776740807049,0.006394723298725899,0.0037488647270432804,0.15633689688195349,-1.8083460770062005,1.7228632038619158,2.6729709426400334
0.012731873826876506,-0.01476743040024105,0.006413850966403887,0.0036715093524379446,0.1534105524837568,-1.7670657883745449,1.7571285113936008,2.622978893470244
0.012973803281544847,-0.014740428492103533,0.006112444425415199,0.0038296848235303935,0.14506064954152942,-1.856429481757765,1.5067122445084518,2.6542525554112015
0.012837438125123462,-0.0147273075313961,0.006308983628534782,0.0037829056078580786,0.15293490762650028,-1.8292946995512547,1.6539797148203623,2.674715153332838
0.012907680974268164,-0.01473901313896281,0.006203073601912971,0.0038015233757347226,0.14822798446949872,-1.8412919031547956,1.5763208284887116,2.659431700232664
0.012417090952284522,-0.014934193092400376,0.006642925196600126,0.003250165400763935,0.14994591376384817,-1.518928845963153,2.0208866323448684,2.371052415825849
0.012471996988015592,-0.014900698172467544,0.006612406283370951,0.0033315051862808096,0.1514322158302992,-1.5677120913731937,1.9807804995707363,2.423847799548486
0.01254141412135706,-0.014884204756993182,0.006542888618204468,0.003400367833582912,0.1494194924595854,-1.6121888427023376,1.9162481615362592,2.4585098818222346
0.012605048581459624,-0.014869914010570702,0.006476899224530856,0.0034603355696002994,0.14800040692238992,-1.6501746612990738,1.8558153726202435,2.486805467168431
0.012670696354067408,-0.01485783890185935,0.006404891389748617,0.0035166240902222974,0.14626525349594455,-1.6853028172037223,1.7920437115432997,2.5101955695560814
0.012729002765988609,-0.014833659753192294,0.006353172366078168,0.0035822763437450647,0.14623247786686813,-1.7229321933502242,1.7395455353103892,2.5441655754928054
0.013326847844429704,-0.01463481344940593,0.005710782801390701,0.0040938847616648205,0.13981028750071725,-1.9714967045041731,1.1574797874870628,2.7128566657822986
0.013416108410218208,-0.01463725165171093,0.005587900116059529,0.0041107538698257305,0.1354500107178259,-1.9711770095244445,1.0720607855368065,2.6854938762292986
0.013504912641834652,-0.014628706027570822,0.005473390484611451,0.004138671444130256,0.1324278171898621,-1.9743997151632307,0.9890872635326126,2.666684398717837
0.013290510299759932,-0.014717644000061847,0.005704515488369714,0.003972631857581894,0.1330395636317472,-1.9161575844574983,1.1925404430002062,2.632983490596322
0.013160413888085202,-0.01478005229203019,0.005832262130228295,0.0038495691161970513,0.1323023443377873,-1.863389034009635,1.3146004298331475,2.589981181880309
0.01324394325974421,-0.014811490815748682,0.005700347040434224,0.0038358400878020357,0.12618035204421862,-1.8529424322559491,1.2334744000294535,2.5440805332091982
0.012402687452739721,-0.014994995908777689,0.006591405176351962,0.0031659237736591304,0.14387035060691547,-1.4764646659033074,2.0054458380182436,2.2986708565953093
0.01234629991053583,-0.015006582742947208,0.0066450071261867786,0.0031096718183600217,0.145095844161364,-1.4384967280064427,2.0544674708710975,2.268351841020109
0.012298184938057575,-0.01500936319349208,0.00669827992794334,0.003068858506666076,0.14719131255999204,-1.408620829116723,2.0997802850465668,2.24880499043187
0.012253133394938618,-0.015046292738458308,0.006706288699897194,0.0029898993226681906,0.1447840867713606,-1.36154737037775,2.1221800559027586,2.191816572020585
0.012059000288785107,-0.015123529365507005,0.006824596181555938,0.002738477370856783,0.14519238651168498,-1.1944760515833162,2.252565100578492,2.025718811724753
0.012109517312859586,-0.0150989414315234,0.006801631221823817,0.002809799860926869,0.14606339692616851,-1.2409767292008311,2.223542001265488,2.074920403166868
0.012166654912078703,-0.01511278178346916,0.006721987512875932,0.002843920946050998,0.14157698273608188,-1.2731807944723295,2.163281776284013,2.086823215704831
0.012226540022096725,-0.015116934396771371,0.006651178655038232,0.0028889560156785087,0.13876874501056113,-1.3093797783179533,2.1066960479605945,2.107650121352483
0.011917681480819805,-0.015128308574013828,0.006966012426931505,0.0026015371762918775,0.15166243684485403,-1.0861247066086432,2.372619654265957,1.9449140355158028
0.011989765886883668,-0.01514180528365448,0.006873622881232987,0.0026560397884886184,0.14644787326862915,-1.135933095089986,2.3009574119492746,1.9716171333591532
0.012048854474838944,-0.015181523608393067,0.006760965359760592,0.0026685950198054643,0.13978413911601606,-1.1617470994668697,2.223396870171992,1.9630350793342521
0.01172758625469349,-0.015219544535250963,0.007025044416140669,0.002321890900854617,0.14989979806941875,-0.8969345971472735,2.456670140497496,1.7398802871103414
0.011862872085450882,-0.015172485123777502,0.0069611287448041745,0.0025035196450788944,0.14913056212518194,-1.0254499137522197,2.3858365530692534,1.8696869234900968
0.011794395188956475,-0.015218642751923094,0.006963831100472635,0.002390790428276092,0.1462525240333815,-0.95330176208376,2.4056202648674154,1.7840711783944807
0.010992970735667539,-0.015269069641634323,0.007511892481549561,0.0014148428176475253,0.17931054858931952,-0.15399453716206069,2.8635278245539517,1.0843844559304043
0.011229673574047527,-0.015247173083922238,0.007393603297885027,0.0017312878413866526,0.17088511283224092,-0.41230632182874594,2.767046736560175,1.323854374727084
0.011303297995183852,-0.015240725219559792,0.007350063152025744,0.0018262543906417527,0.16827721437848578,-0.4899793275512127,2.730266019377957,1.3941522268463535
0.01126786873665178,-0.015258700403401321,0.00734768048121019,0.0017699082448817422,0.1671081652654664,-0.45151782777638816,2.733519592094089,1.3495434967655358
0.011376573225184958,-0.01525444254466625,0.007272641493242219,0.0019033033241344646,0.1627884888652452,-0.5630322016369865,2.6716208681503186,1.4464498247311697
0.011335911517634271,-0.015262715722197256,0.007290910203019236,0.001848879332723545,0.16338374384410936,-0.5209712266395518,2.688970295928541,1.4056689513612795
0.011042853545666441,-0.015278866673037425,0.00746560382640267,0.001473850504909294,0.17518829978049477,-0.2099568233165426,2.8306262239391042,1.1271350816336574
0.011095777350797162,-0.01527604391888647,0.0074371991342525616,0.0015434576763335463,0.17298247691317772,-0.26778849850658054,2.8082294472009774,1.1795627973924063
0.01114475978301627,-0.015269054534736759,0.007416699979843368,0.0016100977333563418,0.17189194378960015,-0.32073364152002154,2.790725218728855,1.2302805154781278
0.011193479097392097,-0.015294952211564659,0.007342096117051417,0.0016533665322625223,0.16574033535187646,-0.3718149556177611,2.738812454038143,1.2574059835201032
0.010651960710153943,-0.015297024080243105,0.007631851209818846,9.392091749904366E-4,0.18973211035851403,0.23382196341559788,2.9491115119699294,0.7157883721554407
0.010689169374106355,-0.015298118945502183,0.007614893427803319,9.903348207900588E-4,0.1880014552608996,0.1899918525988364,2.9385524770598894,0.7552495281038746
0.010720308910397679,-0.015297058738221778,0.007603543439265307,0.0010337088195986439,0.18706170494494492,0.15398029984799846,2.9312982739506563,0.7889088785121896
0.010741898748432831,-0.015315240214349102,0.0075625999666880635,0.001055274099124781,0.18289408089963813,0.12473691607579676,2.904773657727662,0.8031517365464506
0.010625773562349887,-0.01533910946856764,0.00756831020534538,8.869801216001742E-4,0.18358033865806264,0.25199502052196715,2.907834639854299,0.6704427063966493
0.010957093492683001,-0.015302288605186693,0.007476800138994394,0.0013487904453822577,0.17553995989907703,-0.11667689056556467,2.843386179618053,1.0291181665092894
0.010774850928881622,-0.015315379128320183,0.0075475270503017125,0.0010998351611553653,0.18169542678407577,0.08684607482118008,2.8947271575567437,0.8374953416289516
0.01091378589604057,-0.01532875305367919,0.007456099262514484,0.0012777895869583525,0.173402990824929,-0.07139277424886285,2.832443827185823,0.9713807295627853
0.010818979578285752,-0.015311128460507022,0.0075339988959180326,0.0011612439233790281,0.1804282041153966,0.037365072410848625,2.885207337966619,0.8851069748089071
0.0108693880798281,-0.015323141752417994,0.0074885744826314535,0.001222398550840952,0.17614244820809274,-0.021236240479303368,2.8548541915060697,0.9300190381451522
0.01167349684601379,-0.015252345781293612,0.007027527278146746,0.0022357337059714655,0.1479441664956713,-0.8406567181149238,2.4706149168853364,1.674249600175674
0.01152686501365875,-0.015249874644055406,0.007158145766265291,0.002079237822951661,0.15566508293207806,-0.708979783628319,2.576989277733492,1.5699704091401332
0.011573613454794646,-0.015278946927541597,0.007075862737776388,0.002106139399979929,0.14947942373402648,-0.7451507896309479,2.519660121562558,1.5806115157062808
0.011627738657676976,-0.015302417465060052,0.006995940455009695,0.0021439754083432687,0.14439948344788542,-0.7872917072516269,2.462598764369774,1.6003263901465965
0.01147736714139352,-0.015281936853852436,0.007150924060311633,0.0019974759002358913,0.1538608447047275,-0.6558984561509734,2.5817975200945473,1.505763742302676
0.011417569454982488,-0.015311241570245047,0.007153987843824735,0.0019067663581354543,0.15240210785829342,-0.5938705328323629,2.593716065219511,1.4356090199944929
0.004814137128323453,-0.011229973392626054,0.001813940957036985,-0.007699117195803548,-0.1699629782826392,1.181847900445665,-2.2419975535793655,-0.5567499081372059
0.00481953794247853,-0.011272364946905209,0.0018725417239968056,-0.0076760948400787675,-0.1782435894858998,1.2225319193264002,-2.2273409667355364,-0.597274512212567
0.004826555417985373,-0.011314147580799613,0.0019309891259943737,-0.00765423524740625,-0.18611782891979892,1.263120065754472,-2.213455539879185,-0.6370271541172484
0.004828522588638145,-0.01135295280038268,0.001981542922596254,-0.0076284000198322205,-0.19298791326151735,1.298598635039992,-2.1963032266487557,-0.6736013900519895
0.004830284213973806,-0.011387453035007968,0.002026008080665169,-0.007604836262926804,-0.19862036976922473,1.3297627820339528,-2.1805383810256123,-0.7057539222121668
0.004857031634612342,-0.011418425226262642,0.0020846718485263154,-0.007608971534817702,-0.20602210306056737,1.3691855621593625,-2.1854935060135716,-0.7357667169782303
0.004814231261339437,-0.01141547579448877,0.0020485797952843185,-0.007567483786454454,-0.20177819823812265,1.346847999498195,-2.1539093474531295,-0.7307361899865169
0.004905199887954022,-0.011540325431536576,0.0022722683788141866,-0.007561107822833976,-0.22838575748578488,1.4981222350662735,-2.155969062397783,-0.851006388844695
0.0049000238090698214,-0.0115700812869665,0.002303532938314961,-0.007530987708396619,-0.23208720477772196,1.5206817264577481,-2.13458642601654,-0.8773787243882845
0.0048760436790830294,-0.011465611687173083,0.0021577214964074907,-0.00759185199756274,-0.21494714358642453,1.419310886944398,-2.175178819319626,-0.7804408505231311
0.004890313006756674,-0.011508226363045278,0.0022211973571331536,-0.00757230629601677,-0.22270785544111774,1.4631081314254544,-2.1627103218812564,-0.8205466709219184
0.00507696469123916,-0.011881356369001806,0.0028235214706781686,-0.007417338124605071,-0.28436453846003346,1.8766464817654815,-2.0623106716132917,-1.1754877734393856
0.005080456622889378,-0.011921077689602594,0.0028698205116425954,-0.0073798237524056115,-0.2873274125126806,1.9091614197001554,-2.034684244611475,-1.209389245006567
0.005034490451330907,-0.011865260054129355,0.0027630958627738664,-0.0073920921376934975,-0.2777446234021195,1.8364968747712405,-2.0418417466220684,-1.1535046720843474
0.004972078014612251,-0.01167999025066201,0.002495715649425681,-0.0075073857315156875,-0.2532493541002095,1.6512439981472582,-2.122270300810755,-0.9835949205544218
0.005028208069323504,-0.011824406837213546,0.0027122989111760952,-0.00742653189945638,-0.27388849259593756,1.8008623775417225,-2.066825291602924,-1.1178216246800885
0.005016080472598003,-0.011789266580009167,0.002661478519294332,-0.007448840694827021,-0.2694155717871239,1.765699058063223,-2.0824838795870644,-1.0856654432113277
0.0050042590948027755,-0.011753742771779407,0.002610182201012301,-0.007471117730236339,-0.2646264433855763,1.7301442625500554,-2.0980082603018793,-1.0530154937877407
0.004990383206205267,-0.01171722308009096,0.002555513136949721,-0.0074915502410524415,-0.25940197860871334,1.6922930036521906,-2.1119701985064263,-1.018956070581625
0.004991652387595579,-0.011851372744991278,0.0027056482682070444,-0.007364465001688982,-0.2713168367101713,1.7986357839633242,-2.019793066945613,-1.1335536728471942
0.004874086228447315,-0.011596861453024285,0.0023131269274032713,-0.007482433779590872,-0.23246568294045614,1.5293246607980953,-2.098771638332863,-0.898417097211321
0.004901490799085948,-0.011638010653548256,0.0023843305176590485,-0.007474264487772174,-0.24036752414598342,1.5776796250848444,-2.0945882176970128,-0.9377189100637872
0.004921197919974657,-0.01167489770562808,0.002444044769970098,-0.007461243157369574,-0.24666134281104515,1.6185443938129043,-2.086441560264864,-0.9724377608356988
0.005119625783841542,-0.011968117324645127,0.002960769617441255,-0.007368244147133656,-0.2951983249196904,1.9713889019001243,-2.027553390640667,-1.2570613566007542
0.005129107398930942,-0.011999517897991327,0.003003648477276031,-0.007343572511017934,-0.29774787152452564,2.0011464817051166,-2.009341543489013,-1.2849201179207532
0.005120832254439659,-0.012030638432502048,0.003026392245675276,-0.0073018119613044935,-0.29793091490928,2.0175450764489606,-1.9775597335474515,-1.3077888540504794
0.005084743157311028,-0.011958539117783027,0.002913740755751275,-0.007344766885976667,-0.29000254248927226,1.939968005259393,-2.0086985297408595,-1.2411199762073288
0.005122940352946251,-0.012064726374701872,0.0030627320626353803,-0.007266370085204812,-0.2993851315772942,2.0427903381417347,-1.9508126703485125,-1.3349728798848604
0.005129064634358424,-0.012094770707864477,0.0030989531358484802,-0.0072387176227821344,-0.3008473626865194,2.0676468996056996,-1.9299452102466144,-1.3596288134161685
0.005156857931953876,-0.012120988313601451,0.0031555627520975646,-0.007234888300171222,-0.3051472119939333,2.10633402891912,-1.927578595059979,-1.387637626685143
0.005117118750888113,-0.012118067407396686,0.0031080030418450277,-0.007201727794729783,-0.30004928748042925,2.0738773996879396,-1.9015764728963667,-1.3735362315495436
0.005167095064627976,-0.012164280148852636,0.003208355871322631,-0.007194765124705506,-0.3072575681833008,2.142485419814854,-1.896923136546368,-1.4230061173693096
0.005175375502077102,-0.012195977574326536,0.003247350258508959,-0.007165537168722135,-0.3081849966998782,2.168963953734025,-1.8745476585828136,-1.4486367982752135
0.005579295752124364,-0.01284723635790786,0.004258292297000722,-0.006627116359423439,-0.31143410059035515,2.838862315304501,-1.4266880407673594,-2.0048769101562907
0.005389513929220792,-0.012552116899577507,0.00380867294165734,-0.006901209944327059,-0.3221600401900147,2.548082212820002,-1.66266273661056,-1.7643935815094165
0.005346113997651044,-0.012504776226753434,0.0037165050821761506,-0.00692904347862131,-0.32055589222776526,2.48523161948826,-1.6867898083476764,-1.7171041226333341
0.005352850561299551,-0.01253751200897314,0.0037493201671978935,-0.006891318261702875,-0.3193110529784335,2.505635806237237,-1.6564712743035457,-1.7387639565915334
0.005315128714015176,-0.012361565037292757,0.0035631653673376842,-0.0070880270518439625,-0.3233264359171318,2.3858509155282923,-1.8138003403034018,-1.6146715384016923
0.005323073133132795,-0.012398921015074787,0.0036042027934111488,-0.007047224489517917,-0.3230189167180199,2.4127752364288324,-1.781425105353881,-1.6422937026997808
0.005301452953681757,-0.012425640717453383,0.00359795222304789,-0.006994675659759935,-0.31911591263458333,2.4062875737234375,-1.7401168940176945,-1.650169279466978
0.005301066362145959,-0.012453080002242406,0.003618893186732366,-0.006959229219577379,-0.3182647037345736,2.41904920234447,-1.7121336868269261,-1.6666615932327005
0.005318447632540609,-0.012482195545543442,0.0036635054697392697,-0.006935961162708961,-0.31868100777601255,2.4486847059232884,-1.6932348087481428,-1.6915054230450832
0.005550609649019443,-0.012823927516107609,0.004204166175732938,-0.006641400336482298,-0.3121512896359379,2.801841611252733,-1.4412896540114575,-1.9790049322847685
0.005523571530398487,-0.012793100679934825,0.004148358344810925,-0.0066670459685777795,-0.3136053582224638,2.7653331458029005,-1.464690501548451,-1.951181633628382
0.005509531044593479,-0.012757658201393974,0.004108219579702838,-0.006707792825371191,-0.3159642651304166,2.7418392124388498,-1.4987944988383761,-1.928567375954817
0.005459670078470214,-0.012694383147840238,0.003999883336190669,-0.006760566632837933,-0.3178172657890728,2.670655276863364,-1.5455215955838442,-1.8728416305458013
0.0054738693609459755,-0.01273446697116642,0.004044088175032947,-0.0067148191858669454,-0.31552692207718785,2.6969552687593183,-1.5077071734653862,-1.8986460401523604
0.005396457255059593,-0.012592524673271004,0.0038463657081117112,-0.006852256525805111,-0.32012444410253554,2.570766496160943,-1.6230920341932171,-1.7896158059093696
0.005414392104646769,-0.012636877623220908,0.0039005505830568003,-0.00680584144303157,-0.31861481683246823,2.604817840315238,-1.584927483453866,-1.821324245459891
0.005418269311615989,-0.012683869048450869,0.003935985376402366,-0.006744349564793734,-0.3155290642038791,2.62373980071045,-1.535755764976143,-1.8458722506202003
0.005165337636437083,-0.012220932136683758,0.0032583005101265807,-0.00712747012912845,-0.30731580186421165,2.176166956938405,-1.8451726659255239,-1.4630462707434058
0.005176941440775666,-0.012251613213738907,0.003299212250697916,-0.007101682519650766,-0.3084261375817991,2.203791812250925,-1.8252958525169662,-1.4883251140541318
0.005222380797120716,-0.012316352141959653,0.003409714931914984,-0.007063621508365933,-0.31323865153750274,2.2786625890917285,-1.7955327987601868,-1.5484564611156715
0.005196339233954704,-0.01228687643419935,0.003353042533698208,-0.007076664668539483,-0.31065342810056756,2.240138124012588,-1.805892639960523,-1.5191773947277003
0.005258203474610098,-0.012348010256198005,0.003480380523622245,-0.007055630248954357,-0.31708186821495526,2.3270761393287,-1.7889666562163047,-1.5830602465103054
0.006598049885061852,-0.013938676293297578,0.005989534241829973,-0.005175662891938112,-0.11140439393234557,3.6533346800010436,-0.017483383408850556,-2.6118871183403276
0.006580436513620316,-0.013914431468010325,0.005970724904377462,-0.005218179979701657,-0.11627835400140134,3.6599266025759696,-0.053612663634917325,-2.6153923849620377
0.006534411089871579,-0.013889156808239387,0.005902809709566129,-0.005262684549992892,-0.1260156436913538,3.630598498580102,-0.10604985492583542,-2.6000137206557947
0.006547740314415844,-0.013917579553648819,0.005913200321446662,-0.005213794253039298,-0.12148427430455776,3.615317927868407,-0.06794965233226204,-2.592288220492231
0.006487536899918375,-0.013865658475919557,0.0058321424848628714,-0.005302623989160093,-0.13532960447757106,3.5967580343836665,-0.1554495924589885,-2.5818132262709415
0.006448089492242962,-0.013813000605504633,0.0057840299499645675,-0.005391272382122681,-0.14643874075805574,3.6008568555626552,-0.2332278172551794,-2.5822413582648522
0.006467505482694296,-0.013840751876841292,0.00580736582627158,-0.005344633588661155,-0.1408130627968579,3.597424108494416,-0.19280573688873603,-2.581452623223235
0.006503982609161281,-0.013890964664613795,0.0058500182238052575,-0.00525964961048736,-0.13062112092674338,3.5902147816024237,-0.1193856111941286,-2.5788893515406532
0.006476646823540186,-0.013892280014944271,0.005803128886851919,-0.005257197977810897,-0.1345332194190412,3.5547822661756383,-0.13123251266255706,-2.560217079778123
0.006386339307971531,-0.013762481832339619,0.005694253225811485,-0.005472860718545815,-0.1603035681167109,3.5692014800526715,-0.31722219019506076,-2.5627831434648343
0.006369862751759813,-0.013735684405038757,0.005673553110604901,-0.005516951825758448,-0.16526824502956242,3.572241959818584,-0.35503019270122055,-2.562715186892234
0.006379292140380702,-0.013794829167591413,0.0056725930262412905,-0.005417036729562156,-0.15761786713206002,3.5293951042161713,-0.2819387264138482,-2.543213503722068
0.006410443518750851,-0.013814081134242932,0.005719333799383798,-0.005386922012527496,-0.1514449690617021,3.5509183089837317,-0.24761877246515265,-2.5557045068617197
0.0063787332818026135,-0.013824717402608294,0.005662335150315161,-0.00536658294512767,-0.15485495118957873,3.5004979484013545,-0.2483879948093603,-2.5290416235719917
0.006335034641800768,-0.01373053135311067,0.0056153338540794505,-0.005521201830537088,-0.17023893473130616,3.5304119722165193,-0.37299408661782524,-2.5398511818230425
0.0063027795386907315,-0.013705648191373515,0.005566402511673041,-0.005558764729140393,-0.17713063758268907,3.509284283270474,-0.41274298859350583,-2.526569809803094
0.005728453962132025,-0.013072544974839366,0.004580362521995124,-0.006381128018510887,-0.29052853726557415,3.029921691884498,-1.207031389099198,-2.1639975715424296
0.005572584546066591,-0.012886694069693526,0.004268133319559297,-0.006564624330478719,-0.3069525649003035,2.83659922649008,-1.376979243934615,-2.0146203611827036
0.005713745106562255,-0.013041833278525476,0.004546756177974989,-0.006419950629765333,-0.29409184967131413,3.0131599033349414,-1.24067263210706,-2.147791301164958
0.0056971697713242425,-0.012973219945997616,0.004494364430225883,-0.006515417936386963,-0.3021072157446791,2.992743784591283,-1.3206870679706755,-2.11983388199058
0.005703001125287581,-0.013007899028122974,0.004517344302562392,-0.006465727864895976,-0.2981252037339106,3.0004319188519903,-1.2793309849754524,-2.1327298203259732
0.005664788884132363,-0.012957282200590066,0.004438135102531659,-0.006519209844768681,-0.3029322377066607,2.95218888704438,-1.3283439845778344,-2.0942682047957017
0.005633020012178284,-0.012936627138551026,0.004381098007545264,-0.0065300486701178675,-0.3042084932830293,2.912574928083315,-1.3415117420974705,-2.067920564952688
0.005603665146743983,-0.012911806530053553,0.0043259353742987035,-0.0065480459019441545,-0.3057672913099752,2.875689915217983,-1.3598765012632406,-2.0419035739843783
0.0057786555095968185,-0.01310656496040717,0.004669834854202027,-0.0063565612020315765,-0.28677546541316995,3.090349338660389,-1.1782601208209982,-2.2043831350516894
0.005745112600720166,-0.013099517099688684,0.004615156540254764,-0.006348780194188945,-0.28740588095679237,3.048621638938747,-1.1782389406280855,-2.1802244445966434
0.005710017292921392,-0.013106111923570264,0.004563124855141674,-0.006319026921522883,-0.28626484592370566,3.00463859196539,-1.160534559541875,-2.157832829600089
0.00579203135251229,-0.013138614532559375,0.004700510030667741,-0.006313466191207372,-0.2828602295148481,3.103415732461635,-1.141138722529279,-2.218540218877143
0.005807032475005376,-0.013167209136715215,0.004732117472311482,-0.006276305750330598,-0.27893992060882605,3.118232299528542,-1.1084264104198527,-2.232720503728356
0.005818706951208858,-0.013197113349162353,0.0047581959789186066,-0.0062350106414184965,-0.27495108568207777,3.127693325317113,-1.0731041152378553,-2.2440623239276225
0.0058298355598437115,-0.013228916297992905,0.004783166887597266,-0.006190192711015733,-0.27064183756687116,3.135217632585014,-1.0352130216421676,-2.2544751789712465
0.005843360485104006,-0.013262784307191727,0.00481160382975216,-0.006143011025934279,-0.2658547296806151,3.14427416341474,-0.9950917266859544,-2.265847811517013
0.005860653267948334,-0.013296699940449935,0.004845200861382314,-0.006097148685236004,-0.26098538237677293,3.1569850192610756,-0.9553418838158433,-2.278946511226389
0.005954485313150668,-0.013373480050605561,0.0050061103263334,-0.006013753118087711,-0.2479516423371029,3.2515703072336954,-0.8676817689220527,-2.344243580488715
0.005892341741107554,-0.013326866515893758,0.004900395488467259,-0.006063024511370562,-0.25616040760101977,3.187882044450393,-0.9215000016947588,-2.3012739752770526
0.005912032496940307,-0.013369708271353026,0.0049372687271966205,-0.006002699218082253,-0.2500615911660558,3.1981074367556777,-0.8701673423120365,-2.31398728205369
0.006224495070059933,-0.013673605081697446,0.0054409009426130625,-0.005598878183095605,-0.18938406022819826,3.4324404632146477,-0.4719482349148017,-2.4819372408178837
0.00624986644067499,-0.013710391374618075,0.005476318156960606,-0.005542090043590331,-0.18259006763813027,3.4365485286953725,-0.42220362463751515,-2.4872155213823413
0.006100513684253662,-0.013501005514996771,0.005251126486112977,-0.005855918804155259,-0.222354048052791,3.383919679323686,-0.7042103438186781,-2.4360793325572385
0.006111534132578859,-0.013530714674288985,0.005268339336396182,-0.00580973166927392,-0.21762090029216233,3.381182858812297,-0.6659708415749068,-2.4384065303861857
0.006141990257607229,-0.013571040534968493,0.005316386744925588,-0.005751089127124364,-0.20986522292617396,3.3964144494118833,-0.6122013639195601,-2.451668115604418
0.006118939232840962,-0.01355589055716382,0.005279183338053617,-0.005769997076849088,-0.21401227233029374,3.37552150527617,-0.6339233444791165,-2.4383612190030886
0.006190410781382481,-0.013649381107895828,0.005387971671925336,-0.0056322791723244885,-0.19564737333256635,3.4062041967569665,-0.5084194062199935,-2.4652804520615614
0.006184543149810443,-0.013683370664325772,0.005373033222141897,-0.005574834269476339,-0.19234628962253922,3.3740940909611226,-0.47000706701823003,-2.450547869133572
0.006160539819637396,-0.013626136461796754,0.005341492277435955,-0.005664180451372466,-0.20149691930752303,3.3839412393763015,-0.5420988090603699,-2.4507217712168736
0.0061404581180863945,-0.013598635029196384,0.0053113063207040285,-0.005704835325757526,-0.20661991368460525,3.376380182864268,-0.5787108974444514,-2.4436734575648544
0.006013910211586212,-0.013415654964153654,0.0051064382460112865,-0.005967789338780115,-0.2393063021613316,3.312140657590835,-0.815720733434243,-2.384291738485535
0.006045096338548005,-0.013451998325723129,0.0051592217926649244,-0.005919046406459522,-0.23254431522437383,3.336123200911573,-0.7693333400374812,-2.4029571450024036
0.0060597727103125386,-0.01349524780365888,0.005183645366066606,-0.0058525370935453526,-0.2260189473108806,3.332808346791626,-0.7145019580275217,-2.40712933425471
0.005971529912789083,-0.013413438043258433,0.005037006942559596,-0.005955517034698525,-0.24195761752464992,3.2571396892204576,-0.8183201875100284,-2.3535914717444446
-0.0044755481167546565,-0.009459413348655146,7.349272231617093E-4,-0.007667127721155401,0.19915918134046273,-0.5542463802698445,2.07619084675893,1.114585465787327
-0.004457860780639101,-0.009549829798781521,6.098239067388296E-4,-0.00767233971055523,0.1801823645792975,-0.4736574783430609,2.0897262501617395,1.0248505175997733
-0.00444459831677256,-0.009496067858074367,6.779343560584436E-4,-0.007645333483173219,0.18592812056366817,-0.5197614106517322,2.064193864655665,1.0670052019723413
-0.0044565333623715255,-0.009416074552425387,7.866296102055685E-4,-0.007634947475694833,0.20163061311650562,-0.5900778995971255,2.0478582725234276,1.143647547726751
-0.00444845803035378,-0.009367918994728924,8.469873478847177E-4,-0.007611563251482265,0.206696757244842,-0.6300759728127184,2.025493865001011,1.1813838242984083
-0.004413535027614185,-0.009338023770157727,8.73895445078245E-4,-0.007566452795347141,0.20346683173228536,-0.6506650300795446,1.989437348600839,1.1888342974968136
-0.004441550769318064,-0.009090947298600369,0.001195440560357792,-0.007495779231520387,0.24040672549778908,-0.8539547277589117,1.9094836029701607,1.4058113708890725
-0.004403661903105437,-0.00927995906841059,9.440971758973169E-4,-0.007536255950063595,0.208940020663436,-0.6972321155977593,1.9610707211379228,1.232362666224746
-0.004397063058371975,-0.009205973432003037,0.0010341294378499804,-0.0075014761614699355,0.21638046147432063,-0.7554626629216844,1.9276577859045732,1.2890864651209604
-0.004397941245751306,-0.009143503396782687,0.0011115171640205727,-0.007476455197646258,0.22411178991863562,-0.8045425903890118,1.9024005714304173,1.3391294254087804
-0.0044016153325642645,-0.00902726916364238,0.0012539823456108644,-0.00742704675599596,0.23709705807631484,-0.8937848851691289,1.853195555467001,1.4303005391561523
-0.00459304074061838,-0.009992492263786049,1.0289405148239032E-5,-0.00786990191388085,0.11593157104272418,-0.06142804761689181,2.2780456918514678,0.6526780933661467
-0.004574090229067606,-0.009727969109656785,3.870393408559924E-4,-0.00782900736179719,0.17119523249143434,-0.3142992707123559,2.2230777513899196,0.9075621941270359
-0.00447068532867923,-0.009620818088583463,5.172636766751325E-4,-0.007701046107493483,0.1704700039499675,-0.4111987366006594,2.1182384590170353,0.9655886804022387
-0.004519158946762438,-0.00968470000799351,4.3888895111795747E-4,-0.007763609121876176,0.16841236529536127,-0.3543319907387221,2.1707475404242538,0.9263840182420128
-0.004565562884109696,-0.00994202397797051,8.199999244031226E-5,-0.007839227305406796,0.12266209844655816,-0.11201884560153982,2.251087662504888,0.6939745895286978
-0.004577683233406801,-0.009885846449017886,1.6268618118511495E-4,-0.007849569610078648,0.13779853450287763,-0.16468192535573964,2.2534087849814983,0.753742943353852
-0.004555104486051052,-0.009785435347636635,3.0329344495717207E-4,-0.007816248888338833,0.15505707878103378,-0.26066596382412466,2.2194110002527094,0.8440860116953283
-0.004556951464185402,-0.009840070442097039,2.262444148062076E-4,-0.007823829270242407,0.14368471198306196,-0.20925193904077108,2.230239298648843,0.7914678360816527
-0.004651065830828576,-0.010331107406782423,-4.853665202130595E-4,-0.007904041435782704,0.0401934831636005,0.2749127873747412,2.3311115782552005,0.3254691132165959
-0.004635088023912919,-0.010276906664041286,-4.040992957608595E-4,-0.007895459325143671,0.05205042838900752,0.21937410519872766,2.3206962177485724,0.3769198943540854
-0.0046141975123146954,-0.010226371712014168,-3.282101171280523E-4,-0.007879506756882383,0.06232489665496203,0.16715490586082804,2.3050482734374786,0.4229436289031761
-0.004563982919330204,-0.010211339595730583,-3.0091392139043914E-4,-0.007827036079256512,0.05947194421016664,0.14534748273263828,2.2654931695070086,0.4252940485915992
-0.00459831069946232,-0.01014196566004948,-2.0504619758969435E-4,-0.007870499838859188,0.08081882911436682,0.08322328380678835,2.2914386727077196,0.5040398796957404
-0.004594310195352506,-0.010103076362867258,-1.4885817735175937E-4,-0.007868651131387334,0.08974320739215205,0.045210149674267244,2.2867763381744557,0.542050675944673
-0.004575955873892479,-0.010039287898525491,-5.670371367345651E-5,-0.007851127148940857,0.10208162283155654,-0.018220731764364725,2.268481816263454,0.6006396177062961
-0.004572943625702311,-0.01007787560327765,-1.1174086493175759E-4,-0.007846743578405944,0.09239666130035577,0.01846756734108696,2.2686153344037994,0.5611761937671684
-0.004555555587913256,-0.010165700177063017,-2.3547770215861009E-4,-0.007822514708846276,0.06924962808963796,0.10052427254324503,2.258362079821843,0.4686151252973689
-0.0046523209633089905,-0.01055491917718672,-8.074535156206763E-4,-0.007851959683844069,-0.016328404956449785,0.4925950221540667,2.310222306034586,0.09837211755061444
-0.004626949983105095,-0.010382534294189257,-5.549310761831472E-4,-0.007867918613487136,0.024606212460715503,0.3205640956105942,2.3089909115284484,0.26787482436113774
-0.004640010958316144,-0.010513335347627696,-7.448223021502662E-4,-0.007850596777329221,-0.0068984459681373815,0.44975709092594013,2.3061946985907222,0.13815869329906774
-0.004638624421328008,-0.010473137033829369,-6.87217678289766E-4,-0.007859742992892186,0.0030949965647999885,0.4106788506048283,2.3098374097260663,0.17844728088578718
-0.004606675774857414,-0.010451863414049585,-6.490792728767937E-4,-0.007830562857114013,0.00574607476644405,0.38354234816898947,2.2870805309069704,0.1938759792579086
-0.004601912588385466,-0.010423044047515125,-6.072163277232758E-4,-0.00783217653409302,0.01249872627376249,0.3549050431908068,2.2860781904215264,0.22187830765846606
-0.004295287397159724,-0.008097931842221571,0.0021350435711794476,-0.0067273647878316675,0.24351852867878707,-1.390658740291496,1.2822616189527203,1.8721622416498083
-0.004251999759403375,-0.007996549953538525,0.0021824651146408122,-0.006614747122016789,0.23323269374448372,-1.4105320617046153,1.206897903474635,1.8752126796803636
-0.004330707197476642,-0.008216853587492292,0.0020601112268870026,-0.0068474945893325975,0.25215989419372026,-1.3558640712427628,1.3678406204087528,1.8530169397872582
-0.004311831252282602,-0.008333944399899786,0.0019392469402440746,-0.006920801908930137,0.24827877476255403,-1.2945829128272008,1.4289084980850133,1.789270681374053
-0.004362652127176271,-0.008951837992509627,0.0013234694517778077,-0.007352720137991373,0.2344930542949709,-0.9398097088138072,1.7921720164550548,1.4616919437514022
-0.004328877323716372,-0.008606638140080307,0.0016829557197198897,-0.00712275151609446,0.2472586055031101,-1.1546649786717589,1.593223764220405,1.661436123566532
-0.004310090826850874,-0.008438321337103575,0.0018388588901867688,-0.006993980897411847,0.24741369998425236,-1.2414877109925884,1.4887801676950334,1.7382221657445613
-0.0043406000421813765,-0.008524858711515395,0.001774301675679632,-0.007078851412945976,0.2516859754723085,-1.2048529892200208,1.5537865947587215,1.7142899922065475
-0.0042592066012764425,-0.008660793624033426,0.0015835199051216777,-0.007096850105623445,0.22947897671029513,-1.1004002151609475,1.5844988597984584,1.5841963099157628
-0.0043235773782741285,-0.00886538773227367,0.001401267073312333,-0.0072712861677076525,0.23202094220879596,-0.9897348805693521,1.7257047881204937,1.4972023199975777
-0.004293624703495083,-0.008769749930799596,0.0014893462713678187,-0.007191153611906287,0.23153613384472335,-1.0438809440883234,1.6600325283213084,1.5402983471287486
0.004322649500468309,-0.007899742629345594,-0.002316285632321228,-0.006583560032480478,0.24363208639200581,-1.4727588117094386,-1.1726359347458175,1.954007424708019
0.004247111383357361,-0.007817818086033799,-0.002312833181554154,-0.006463124509236496,0.22655602272200648,-1.4663952669910307,-1.1011912604932712,1.921632055109691
0.004236263276619445,-0.007165558412102146,-0.0026932661575658455,-0.0058705064447242125,0.19075770173532816,-1.5839183310247709,-0.7430466074676239,2.0025755600488746
0.004171094382542384,-0.006089082794738623,-0.002984709806039628,-0.0048273717360500295,0.1195664709983225,-1.565123176068595,-0.30770392336846125,1.9093078287731842
0.0041901990694827775,-0.006263078860154397,-0.002965260359901051,-0.004996537957119372,0.13086180491600885,-1.5800512349728486,-0.362398665015582,1.9371835960512673
0.004196216286861083,-0.0064549316192910626,-0.002922047264268732,-0.00518054694689333,0.14206539781524,-1.5893355890524896,-0.4303312712656738,1.9583222277304004
0.004218843175658686,-0.00699021635883726,-0.002756643374765059,-0.00569763889231258,0.17807937391274956,-1.5905318473196184,-0.6561181442793621,1.995387589712994
0.004204608374541039,-0.006814429194850657,-0.002813354639022232,-0.005525403650079507,0.165525487179895,-1.5926658547386987,-0.5757072281324241,1.9844369239402198
0.0041917725117056204,-0.006631477511155702,-0.0028647654702761496,-0.0053469983663061785,0.15309343075699935,-1.59039703028526,-0.4988162512794902,1.969208813128972
0.004283557185447897,-0.007475981987848514,-0.002569938274195568,-0.006183027585728736,0.21574834170026821,-1.5601334748901845,-0.9153211241695504,2.008618585596858
0.004255502385539119,-0.007330518157055136,-0.002626701015344991,-0.006033754877703751,0.2039130729307503,-1.572402915964183,-0.8311010291723306,2.0049758191530245
0.004253891927292948,-0.0077081045917512196,-0.002395290314547468,-0.0063730911446316305,0.22323163444562355,-1.498959919087641,-1.0398326090758674,1.9510288122737107
0.004230232275220987,-0.007578053527854473,-0.0024592997389069715,-0.006244382958767255,0.21435679605541108,-1.518539370254896,-0.9613239452790007,1.9588268419000419
0.004339042404619787,-0.008681582180427173,-0.0016107202965012807,-0.007178728759082104,0.24635955604392548,-1.1124720287542473,-1.6399872021712831,1.6238521051871155
0.00437648353963697,-0.008434169381820995,-0.00188989774344012,-0.007046196517763315,0.26210857092454387,-1.2679169349560777,-1.5189343193402922,1.7873264528330155
0.004315946701240722,-0.008517883635195981,-0.0017647025136932756,-0.0070532886234912886,0.24666788290536826,-1.2008198935660308,-1.536799079643103,1.7012665080228933
0.004273542815419147,-0.008604216338607305,-0.0016501241460200723,-0.007073810135455314,0.23450634807017215,-1.1380858268967395,-1.5622059852760246,1.6256022993125339
0.0042997934131705495,-0.008335631453433485,-0.0019289065944392229,-0.006912297156122263,0.24607818079524188,-1.2888912693886458,-1.4244344366067219,1.779751312265821
0.004274991571944862,-0.008037454878979442,-0.002168514657295364,-0.006664165104095164,0.23827691700541792,-1.4056279592227146,-1.238706501281861,1.8783628410156683
0.004235133741622094,-0.008237666893658548,-0.001969341725204132,-0.006790017259082176,0.23329809089334722,-1.3091493796126665,-1.3400192048734032,1.7768596285829352
0.004177716665361476,-0.008133471332471422,-0.0020142602706748965,-0.006669541118970098,0.22193410537812133,-1.3307845299418128,-1.2584126002480271,1.778619082823852
-0.004206514565330505,-0.007885383378179176,0.002229805713414384,-0.006492895725361848,0.22246027517455982,-1.4289866211668893,1.1283004404295507,1.8765706303512248
-0.004171285404501871,-0.007763911012423238,0.002286576554054867,-0.0063692056822647,0.21292594784580474,-1.449903650341162,1.0502770918891493,1.8832976155489132
-0.004152902520047565,-0.0076349015490300015,0.002356104079733722,-0.006248598728889055,0.20550429556885505,-1.474733274756493,0.9749379946277746,1.8982253139371388
-0.004188585956149157,-0.007505727399309093,0.002466600162754174,-0.006156299057326997,0.20450160547010612,-1.5155205110121452,0.9136386534618793,1.9421384169767968
-0.004142555256034723,-0.007268326655888492,0.002556173134971497,-0.005919492902050217,0.1867402603024703,-1.535506294212232,0.7834060519986529,1.9397809798157388
-0.004121046788874576,-0.007397988436384723,0.0024682667569027577,-0.006024327068474625,0.1914696690298799,-1.5076397896882394,0.8454394529441951,1.913566810137905
-0.003929733629631014,-0.00604153786614047,0.0027723211637751786,-0.004728271957409822,0.11007525556101476,-1.5003446666371312,0.30543936273538136,1.815286685852598
-0.003991517123765076,-0.007158204588496579,0.0024749263383523515,-0.0057504914359832494,0.1663977676590549,-1.4924538625170118,0.7125751193884592,1.8624807297607118
-0.004037312893315134,-0.006962586459016162,0.002600619260321527,-0.005595770251618635,0.16039691908569656,-1.5261327554165032,0.6312797057189684,1.8962263450506514
-0.003976643159929713,-0.006313852637799849,0.0027548692998903388,-0.004985833488755483,0.12425872302240747,-1.5210977840135873,0.3857653332022666,1.8528708961308784
-0.004025511290110657,-0.006558556619425064,0.0027325850629436803,-0.005223496206980293,0.13904692595442417,-1.536767899572723,0.46971661724553776,1.8863708016001968
-0.004019798689551283,-0.006758404431959627,0.0026621763346012374,-0.005403983596481372,0.1489953114392001,-1.531010198274157,0.5461182342526117,1.889353601697491
-0.003684166334463381,-0.005914970129813488,0.0025800474755265173,-0.004565517756044784,0.09800666987718788,-1.4409359950428993,0.2793108094273677,1.7279519490068205
-0.0036256331910886224,-0.004064042075234061,0.0026680584953704743,-0.003015199618824287,0.05479726145120558,-1.3355968295951788,0.010001600107321462,1.5683294965983519
-0.0033731253472173706,-0.003752080342019229,0.0024701258360897457,-0.0027627427497704782,0.05201821739792301,-1.3017318786392307,0.005228319083394304,1.521409414318286
-0.0037512112753393303,-0.004944781112062558,0.0027454825325728977,-0.003745983951550838,0.07074577683644234,-1.4052884228556815,0.0929094118685131,1.667008955269573
-0.0037077014632936806,-0.005257981540238054,0.0026856321388633916,-0.004006742792076649,0.07894606986693144,-1.4180416587182707,0.14457811244197494,1.686943296405908
-0.0036672216643070937,-0.005596303776680089,0.0026140513707009964,-0.004289548215084308,0.0878465702326817,-1.4276792819858108,0.20913714445776158,1.704226231901193
-0.0035421364788716433,-0.004401612905470671,0.002595220301385774,-0.003283697030841102,0.05996779853071393,-1.3489463892567253,0.04399327846616113,1.5867781651614277
-0.003482274407216145,-0.004749791532012615,0.002533276378531539,-0.0035627229974045994,0.06603421979035863,-1.3612324311165793,0.08415925464116523,1.605205776436728
0.0027974536311879765,-0.0016891888370892344,-0.0020219580964024805,-0.0012170004440084923,0.04453092100785095,-1.2195044411790879,0.015537473688767648,1.4103950512196592
0.003719788706068497,-0.002579441874267166,-0.002717602382385048,-0.0018638238066437977,0.04159087253069548,-1.2538449271734342,0.05037707846436567,1.4567728987962523
0.0033028967578145707,-0.002224612100461668,-0.002399296918381089,-0.0016053505935180571,0.043235953583909366,-1.2355928555087985,0.0309796817407739,1.4319237233946636
0.004017130423811171,-0.0032562877524569796,-0.002966227909525889,-0.0023765563254869258,0.04275803093678233,-1.3018876101712074,0.06268517717155096,1.5207713111445198
0.003731538902047775,-0.003010584722881237,-0.0027383181801666962,-0.002190455058251287,0.043900090450609296,-1.2771846184277782,0.04564304892189064,1.4886002385534
0.004198321898163385,-0.0038697077596420515,-0.0031307410007153087,-0.0028654073863188796,0.047391976146833374,-1.3613200788022193,0.0560753211171654,1.6028060467440848
0.004008583173735308,-0.0035977122653134,-0.0029699112713565665,-0.0026463307739621337,0.04663897745763237,-1.3266080340366557,0.049501216497426906,1.556236874670376
0.003992322815356292,-0.005962004990476287,-0.002843605869453762,-0.0046701710953882805,0.10830205756768983,-1.5122907565524886,-0.2811006331983838,1.8301507391160892
0.003972064278180976,-0.004157835486770978,-0.002949315318821077,-0.003100249198943265,0.054193374066715747,-1.369792543892692,0.012073388787306176,1.6154124707754636
0.004020104304403037,-0.0057304144131921095,-0.0029058001833526144,-0.004465867852920579,0.09944165582726118,-1.5053025746328037,-0.21989374419726593,1.8155736479244151
0.004181424607284081,-0.005238518726129831,-0.00310209983055262,-0.004043630772779337,0.08114287268835917,-1.49570073498283,-0.10119616978173496,1.7959213417207311
0.0040733688661925655,-0.0054916146928960475,-0.002982928147533519,-0.004258669753309594,0.08988985744601337,-1.4985182148166558,-0.16213877418148612,1.802300322425779
0.004158304553343874,-0.004923155815130755,-0.0030975417671282794,-0.0037602210904924935,0.07116685356401277,-1.4600593766530165,-0.05255237980665717,1.7440695050393316
0.004197416409748224,-0.004643540635280992,-0.003138264858987816,-0.0035182299832403545,0.06250338517151167,-1.4378095136335938,-0.010535062315863465,1.7108335382463835
0.003970981025576774,-0.0050738700872959355,-0.0029260712472936696,-0.003876516941794293,0.07507160737643977,-1.4462500492702661,-0.0942962203285918,1.724830472046007
0.003958945241485694,-0.004452532028592786,-0.002937194969450546,-0.0033448326234531618,0.06002145163725354,-1.3932637628568207,-0.015966276114955907,1.6486108377631525
0.002078876028903265,-0.0014735683435391307,-0.0014993089518740412,-0.001062109786834107,0.04722963135253976,-1.2145867748261987,0.004373606882956539,1.4041086791502766
0.002242942759758147,-0.002043921920926913,-0.0016205809164489555,-0.0014762658842359419,0.047600366976332006,-1.2219894384385845,0.004158829491752981,1.4139253372368976
-0.001131355870238197,-0.0013890776638725358,8.14754095233564E-4,-0.0010003516954692744,0.04935737517378693,-1.2104441507317727,2.2343757793596435E-4,1.3985259178553553
-0.0018906870625947606,-0.0015787882480289709,0.0013634583757232402,-0.0011382602952914806,0.04779828617996213,-1.2144805560122185,-0.002618928397209937,1.4038896507269227
0.001291918737771466,-0.0014538021929192339,-9.306043682188798E-4,-0.001047243149594053,0.04915373024099957,-1.2113514441167768,-2.0220964277556613E-4,1.3997002315145328
-3.4770176494739683E-4,-0.001247666745212147,2.5025166911896065E-4,-8.978169841563284E-4,0.050076596547004644,-1.208572967214234,2.7940319523964667E-4,1.3960051355414465
4.633625649650892E-4,-0.0013473443991609828,-3.3351536653490474E-4,-9.696303259783121E-4,0.050116969060733936,-1.2087043822262258,-4.6557418934042085E-4,1.3962508525728534
0.004410692000949401,-0.009192767632804504,-0.001056016587708062,-0.007509511027762323,0.2214508435977391,-0.7681746528571407,-1.9317783230614014,1.3071999035450441
0.0045013350883315725,-0.009754093819822233,-3.403004891007529E-4,-0.007755241517348348,0.15090088970436563,-0.290640915454524,-2.171510163361457,0.8532258068132766
0.004364442947454033,-0.009241299364748243,-9.77736799325609E-4,-0.007483288938061408,0.20460815732822907,-0.7223303275531776,-1.9186172349758184,1.2431211368945838
0.0044625511063804135,-0.009694744105356728,-4.157749586705582E-4,-0.00770593946014638,0.1548854144414288,-0.3445081823802652,-2.1293154899767064,0.8935810538809063
0.004432540005366077,-0.009355408372579543,-8.579690620062147E-4,-0.007591348620752428,0.20513471787865023,-0.6387114379271109,-2.009458197832793,1.1839223172365745
0.0043559563351878265,-0.009300208440480885,-9.017404844954264E-4,-0.007496448329574663,0.19524807392969498,-0.6740225980684517,-1.9347557751265894,1.1908653066805177
0.004429062345793982,-0.009632086835806837,-4.940183779342241E-4,-0.0076602872659552596,0.15968871962137873,-0.3998143713614748,-2.0894374552955934,0.9375948758417311
0.004405317610174378,-0.009562601773513637,-5.808174515720276E-4,-0.007621531061292083,0.16676219224893485,-0.4595836988281676,-2.0538996592154533,0.9900238791781767
0.004388892409168063,-0.009489674477817282,-6.717331469307535E-4,-0.007587154690119274,0.17496440277059658,-0.521064622608702,-2.02109225205781,1.0468891411499668
0.004397333009569326,-0.009419965618320494,-7.638399751501769E-4,-0.007576178707369887,0.18782919739934467,-0.5806561748896648,-2.005678433421002,1.111135317031822
0.004506314567358578,-0.009827476291703136,-2.3930007777134995E-4,-0.0077687656670565935,0.1369953683983052,-0.22269575918621484,-2.1885965687518225,0.7849203656087027
0.004452453331271296,-0.00979923446001087,-2.7268931718511075E-4,-0.007709442480905675,0.13292372594654123,-0.24957387647640322,-2.142143080684732,0.7916255361111897
0.0045535733413658045,-0.010036340443865442,5.210514737429919E-5,-0.007827101512369006,0.09927695002467442,-0.023090218609527507,-2.2505886895024685,0.5965698591528303
0.004492502441261903,-0.009884356241752308,-1.5942504168227478E-4,-0.007758633056504836,0.12241922957931536,-0.1703180610304363,-2.1865277946268913,0.7251986268373419
0.004521901858741502,-0.009935470858477057,-8.971607026645466E-5,-0.007792301288825467,0.11662068654754013,-0.12106312306810853,-2.216070914941852,0.6856701578352266
0.00453721422180194,-0.009994404460342344,-7.251031416071164E-6,-0.007809854063965384,0.10617949117379928,-0.06437794097514692,-2.234238778404817,0.6329088498819332
0.004584018543810109,-0.010136622578267456,1.9634381483713906E-4,-0.007855414563839966,0.0802706898958145,0.07636165888322104,-2.280020949324211,0.5053508958700766
0.004546511146760187,-0.010103578755203953,1.4702150274543174E-4,-0.007817158630130215,0.0827148637561995,0.040306306570930206,-2.249160181042417,0.5277262480215299
0.004535000047542417,-0.01006682189544771,9.467433388314361E-5,-0.007806453844280409,0.08929327464458597,0.00423851327741575,-2.2381098434904803,0.5607214625577013
0.004602728935653259,-0.010261739077528677,3.775795665468639E-4,-0.007862467617791758,0.0521356032359287,0.19958370856717952,-2.295485227409553,0.3843418056765091
0.004572790553697181,-0.010216438839059953,3.091222589574884E-4,-0.00783592466371215,0.05960197196373462,0.15155213460857261,-2.272444839084247,0.4223805904919104
0.004564188044860992,-0.010173731230271888,2.4761231426021255E-4,-0.007831053668843289,0.06858905960402914,0.10951390958232834,-2.2653147676867214,0.46278397214263317
0.00468897012315247,-0.010795213279850406,0.0011583390393838896,-0.0078040091814811224,-0.07324917967843762,0.732450473301988,-2.291974452401817,-0.1376368243500716
0.004683668567032512,-0.010847898579733816,0.0012285768647531357,-0.0077750780281325635,-0.0853635256999042,0.780851684990573,-2.2742824341732955,-0.1904622564087842
0.004627701553265594,-0.010413187602791094,5.989843192212868E-4,-0.007862189986349627,0.01711810674377565,0.3503766127464323,-2.307104120941077,0.23698464626761048
0.004595291220608073,-0.010368472243563385,5.285488732530887E-4,-0.007836553284260259,0.025304433039054487,0.3012634197691535,-2.2850253540030674,0.27516185676794863
0.004578859975278841,-0.010310590601203047,4.435519177424667E-4,-0.007829328431193173,0.03755841186450853,0.2428636192883253,-2.2752614256395756,0.32950739834093296
0.004664301657396857,-0.010658543988799087,9.578225305736143E-4,-0.007831020218160645,-0.04125204754777689,0.595132362976429,-2.302364417195173,-0.0040351257703677
0.0046554141567996705,-0.010713137885031605,0.001030836988437682,-0.007801368138143423,-0.05463726076190501,0.6450558233189546,-2.284528246776319,-0.05983062769216576
0.004648625591060417,-0.010764959158425593,0.0010997219171264177,-0.00777364109224524,-0.06684250976759497,0.6923925057717585,-2.267796533410469,-0.1120633950375846
0.004616772355649581,-0.010621718708019978,8.90066570116956E-4,-0.007792730023018821,-0.034392574098440536,0.5483748024540381,-2.271861807713313,0.025709230542856617
0.0046073384931900425,-0.010454979683225164,6.536417877795568E-4,-0.007830514263848022,0.00505648227827478,0.3867559390390109,-2.2872009259437367,0.19074350245882174
0.004605185770662425,-0.01049656706390975,7.117255451866308E-4,-0.007817659420357441,-0.005010086838307841,0.4261440126282741,-2.280928323126079,0.14874585874246665
0.004584630697172096,-0.010529481422883243,7.52117321339167E-4,-0.00778674124341489,-0.014201746890540818,0.45332845144138556,-2.260821539962118,0.11222469980254111
0.0045657641955038145,-0.010580753532830755,8.173270393176884E-4,-0.007751733179394065,-0.02714611380600068,0.49784499837830465,-2.238931316130515,0.05842440118765218
0.004781652699921344,-0.01111823117661334,0.001646064934971424,-0.007735850455929452,-0.14623256742685517,1.0665539870770429,-2.262457991472837,-0.44937656375585516
0.004783676777212766,-0.011160226289434432,0.0017028866377497719,-0.007712124591703088,-0.15479188042923006,1.1060504889924279,-2.247454114162316,-0.4900254578718376
0.004773029434334018,-0.011208650798512495,0.00175926500864403,-0.007670115113552139,-0.1634578988219366,1.1459490005456914,-2.2191920786783235,-0.5364603351783742
0.0047224817964843105,-0.010949508660879792,0.0013859494167480716,-0.007767254217777859,-0.10834825239734043,0.8886470312434493,-2.2750842950481567,-0.28742718671461936
0.004685827135709493,-0.010907980393569924,0.0013113582942948267,-0.00774909413511514,-0.09878276067070535,0.8379795377002537,-2.2591416437344862,-0.24939046508127505
0.004741984421723086,-0.01107000913673821,0.0015585148775892066,-0.007722421767089637,-0.13473725270090084,1.0074478216714948,-2.2495303456479707,-0.40395869123645295
0.004749283756600821,-0.01109831866370035,0.001600289331144254,-0.007713603745396131,-0.140668050047114,1.0361517076919053,-2.244769110538882,-0.431066325126949
0.004714148837400296,-0.010996393749915602,0.0014448399635354962,-0.007733910687548897,-0.11847371758931034,0.9296659895860852,-2.2534820682972136,-0.3338749895946345
0.00472107372977668,-0.011043207009371538,0.0015110811535249769,-0.007715619921429142,-0.12818440694458164,0.9752615107866621,-2.242861691567153,-0.3788794959072144
0.004381160168480867,-0.00906800451675824,-0.001195572387387203,-0.007426628871700429,0.22798015785648348,-0.8590479006423223,-1.857964481622169,1.3876138691474564
0.0043550026787076285,-0.00912950411001475,-0.0011101114295104183,-0.007428922471138276,0.21553037552098542,-0.8072917098821684,-1.8670435240981627,1.32569319651777
0.004333756993124899,-0.009010721878745942,-0.001240837054783433,-0.00735480091108993,0.22269911245584942,-0.8908098746648596,-1.8011432374402074,1.40213162618353
0.004344693865411629,-0.008854003172659075,-0.0014254434667181346,-0.007284306075542029,0.23780716469865612,-1.0029541961328299,-1.733154069161529,1.517824734429249
0.004322755311518548,-0.008770033250119,-0.0015059038713155822,-0.007217216986552119,0.23765126168694153,-1.0526282991601983,-1.6770169847962209,1.5589176272124183
0.004302847959580582,-0.008933344814268203,-0.0013141989493051633,-0.007287957283074916,0.22188290606514144,-0.9382560104833634,-1.745695605424659,1.4384552277342606
-0.004617524926344612,-0.010590856565268106,-8.473684378702929E-4,-0.007803535391212772,-0.0269096458345903,0.5190827531007542,2.2775207134045945,0.056636042480885995
-0.004633525488307721,-0.010633001491708977,-9.113840884042199E-4,-0.007806866814103024,-0.03640780405437274,0.563092942600132,2.282947768065363,0.017044913993542632
-0.0046406265743651805,-0.010672228566680212,-9.684940565412248E-4,-0.007800753303620697,-0.04527540671216021,0.6023178598618902,2.2812317947752785,-0.021082237985852056
-0.004758914485632274,-0.010953893621526154,-0.0014107204105257706,-0.0078039629092506455,-0.11007840299695136,0.9045555423015574,2.3022460240369838,-0.28896553416876175
-0.004674980348192296,-0.010701244592602027,-0.0010216934430934425,-0.007826881783835525,-0.05124948336877078,0.6388890895207866,2.3022880822670833,-0.04544840430988123
-0.004680317221872301,-0.010761137822792607,-0.0011074213303909912,-0.007809034872034381,-0.06532711225355488,0.6975248289781822,2.2932988271347887,-0.10460517035191097
-0.004696981812853038,-0.010802929551121436,-0.0011724939430987336,-0.007809289522862954,-0.07488437905295593,0.742064692948774,2.2962973698106413,-0.144409335382071
-0.0047195646296625095,-0.010843890541962303,-0.001239417456956449,-0.007815310422990688,-0.08447224920353925,0.7877060386984839,2.3033841890225966,-0.18292772764472318
-0.00473473546358961,-0.01088701298487783,-0.0013063251173980356,-0.007811399953695606,-0.09443462496171849,0.8333222911761949,2.3033035395443062,-0.2244210142243963
-0.004717345701175222,-0.010927922920973514,-0.0013539690759227579,-0.007772715153897114,-0.10374173161313331,0.8665465453184807,2.2777586103796925,-0.2663790428043887
-0.004808684317066546,-0.011036244743290739,-0.0015510149179803754,-0.007812869862531263,-0.1300985567765701,0.9992423034536425,2.313961352862512,-0.3672594503908271
-0.004779104858215246,-0.011002192083769029,-0.0014878053141044749,-0.00779996377991813,-0.12145334210406068,0.9569091725480342,2.30241848193136,-0.3353797643167766
-0.004792667598906334,-0.011077876183225897,-0.0015984928396767016,-0.007771624218710748,-0.1384970801201518,1.0329031653658125,2.286391829705295,-0.4093618981490926
-0.004793476321943071,-0.01112362227571378,-0.0016604257643073252,-0.007745121884547133,-0.1480139728284808,1.075853685547399,2.2696903215153905,-0.4541288495267704
-0.004864735260443425,-0.011252130575292162,-0.0018772009686389903,-0.007737674314561433,-0.17786759208963776,1.2226452810768944,2.2720935904824278,-0.577733004454324
-0.004840872956731995,-0.011234260094261504,-0.0018374491937112724,-0.007724462692253767,-0.1727350058969287,1.196500966246977,2.261188485766409,-0.5605991436443604
-0.004817480207199403,-0.011231308770824367,-0.0018179176676054207,-0.007701729413518944,-0.17047447692740528,1.1844594401476627,2.2440389920780284,-0.5580125679405814
-0.004798222101689074,-0.0111676628890178,-0.0017218458100107753,-0.007722789919194266,-0.1570785588586684,1.1184118366335245,2.255853797184638,-0.49681988865204313
-0.0048041270972788465,-0.011207534913092206,-0.0017780456983109468,-0.007703378634013928,-0.16517063670812848,1.1573258963810675,2.2438420766882614,-0.5352152333786425
-0.00541869686698475,-0.012346063109024308,-0.003683936434505843,-0.007200945720241754,-0.3363514575398214,2.4754746565700887,1.9034335638956839,-1.646121720138144
-0.005395087628057723,-0.012337618985423694,-0.00364558345848875,-0.0071903577821566134,-0.33364329031953666,2.447715629314922,1.8949278211339,-1.6304742515431172
-0.005381655721331701,-0.012320379670764743,-0.0036129657306949686,-0.00720043235699869,-0.33268391825470117,2.4247400506686954,1.9029801023014608,-1.6127151531341788
-0.005360885585837607,-0.012300317589695573,-0.0035684112237679756,-0.0072071177161213635,-0.3306595693783761,2.3932776752836946,1.9082388402345416,-1.5900932329630528
-0.005342783460935981,-0.01227841120767769,-0.0035256841104666565,-0.007218247177807779,-0.32895480747430556,2.3633100330624717,1.9169784418447195,-1.5672318029364052
-0.005306758896057977,-0.012232924102062207,-0.0034389673634514957,-0.0072415796022643865,-0.3251570279030838,2.3026277558143673,1.9350351232121163,-1.5204153995416723
-0.0053244977268283615,-0.012255788158136991,-0.003482097536465227,-0.007229709506555962,-0.32696202960725634,2.332747031423601,1.9258653047291292,-1.543782292834502
-0.005226937391153405,-0.012054915567010958,-0.003169619513623181,-0.007376785980777209,-0.31302640461659686,2.114624071186912,2.038036280271409,-1.355388708221028
-0.005215702354842473,-0.012025175979923251,-0.0031260278022436747,-0.007399492786590813,-0.3105581795996782,2.084080346195553,2.054912694373007,-1.3278076340140228
-0.005189772834341157,-0.012021910526260272,-0.003093552976616138,-0.007377710410848238,-0.3067947841155115,2.0620771981834385,2.0372986355778946,-1.3184693163509498
-0.005289269778077177,-0.012208585756244339,-0.003394761025897214,-0.007255070612488681,-0.32291002870844493,2.271769173483923,1.9453744527563985,-1.4960147063189737
-0.005271591040158791,-0.01218413606521937,-0.0033501730884536265,-0.0072680824388525215,-0.320870379699077,2.240706855538503,1.955234280985244,-1.471487536701412
-0.005260772729011319,-0.012161287155562707,-0.0033152818221779804,-0.007285220260300334,-0.3192663624943706,2.216477221178014,1.968329118674621,-1.450406657786426
-0.005241401905574463,-0.01214748351671148,-0.003278963690192632,-0.007283255578174524,-0.31655285145560624,2.1912240032265324,1.9664040039405088,-1.4336257840023148
-0.005226637797070592,-0.012117677781880436,-0.0032325196541635424,-0.007304152544141654,-0.3142284976746284,2.1590066369430434,1.982173255127526,-1.405896357656397
-0.005211610934145805,-0.012087588199027393,-0.003185260884593612,-0.007324548482255396,-0.3117078528633545,2.1261569998981567,1.9974142648492454,-1.3776902020410466
-0.004864214546766963,-0.011286486285510081,-0.0019218972305086533,-0.007713268237216585,-0.18433349323836265,1.2540403377628915,2.2560219920697766,-0.6110284003485978
-0.004899680099109307,-0.01141096158365384,-0.0021080236961602,-0.007658936655035223,-0.20872162293466198,1.3823669822807778,2.2228001767063392,-0.7307057408748124
-0.004891991339267972,-0.011441848819506604,-0.0021408449488231254,-0.0076269628534591325,-0.21304189196688691,1.4061384137114614,2.2004416234853386,-0.7593114649860765
-0.004869222627265773,-0.01133096945107462,-0.001983118664206916,-0.007686791842343122,-0.19259603038017234,1.296714956786932,2.2389368805008396,-0.653806065891459
-0.0048800404242934775,-0.011376751326631927,-0.0020496916839959204,-0.007664382494565255,-0.20144645430034716,1.342734535728075,2.2248555865756043,-0.6976150051263708
-0.004922032215817379,-0.011529571155013655,-0.0022732128491357007,-0.0075872437211940355,-0.22893308515473249,1.4973867159302299,2.175299177156368,-0.8425669365373489
-0.004890650310324467,-0.011507329931230768,-0.002220406260695458,-0.007573370141563263,-0.2224477493939412,1.4624931582353373,2.1634594713817425,-0.8197404319596913
-0.004867093135217499,-0.011466894419981541,-0.002152246765297085,-0.007581672846954512,-0.2142686723901475,1.4161079395200646,2.1674697896715567,-0.7810185639375408
-0.005175965118218802,-0.01199956636829683,-0.003054929310856446,-0.007388991338324922,-0.3041758035526246,2.03525664174521,2.045317506877446,-1.2965143264621046
-0.005164723402749185,-0.011978058770113598,-0.0030199561743447143,-0.007401530610192705,-0.30170854132061853,2.0110062145503766,2.054318878635962,-1.2759044172282532
-0.005143785984904696,-0.011970307039616657,-0.002989052907201604,-0.007389403688092917,-0.2982930814445624,1.9902125488652718,2.0442977983926944,-1.2645708708543886
-0.004975020531319434,-0.011592278333824004,-0.0023943781245617866,-0.007588429064410769,-0.24304617136179857,1.5790081087075625,2.1798432794906577,-0.9048283307403233
-0.004934175640706912,-0.01156428934538257,-0.0023254709932368674,-0.00757055572107544,-0.23483279306284668,1.533440918902695,2.164537152697998,-0.8754003917428773
-0.004986264486374805,-0.011655407179785663,-0.002479790459854713,-0.007543979193096065,-0.2521820480640385,1.6388155435438811,2.1493015371648903,-0.9634279496728261
-0.004965336714010999,-0.011629733793679207,-0.0024307065322341373,-0.007545623995368703,-0.246812563953954,1.6056210117277865,2.14910696366195,-0.9378612991267465
-0.004993245303155778,-0.011716375376105946,-0.002557208534920771,-0.007495196629459101,-0.25962353785677733,1.6933534923821052,2.1147953369592396,-1.018659480893623
-0.0049677341987713385,-0.011687055595428882,-0.002499954743725961,-0.00749658825406323,-0.25335219275289744,1.6546588089924346,2.1142885621901084,-0.9893045411436475
-0.005129298532891946,-0.01194521358267678,-0.002946896527669368,-0.007402121401238501,-0.2951674996051361,1.961018711054639,2.0532355429722333,-1.2403017937053742
-0.005013280392430679,-0.011747176454541057,-0.0026112888110060082,-0.007486357025813754,-0.2651427782909069,1.7302366944281495,2.1095594469397088,-1.048647697730176
-0.005053545494519963,-0.011788265405540541,-0.002696773134159377,-0.007487173418026102,-0.2741035490493237,1.7880603983074403,2.1123228169632284,-1.0910299301463846
-0.005027035118437077,-0.01177570939900824,-0.0026568264017031874,-0.007472811936034762,-0.26940565907039793,1.7616171961625693,2.100478645724835,-1.075735034086645
-0.005075509351315806,-0.011836260926062011,-0.0027724540485355585,-0.007461605589302165,-0.28092821051168876,1.8404674741942475,2.094822622942806,-1.136675536808778
-0.005056477627205577,-0.011816005361831935,-0.0027308759977191085,-0.00746281696183085,-0.27669016437259614,1.8121403055203298,2.0947010846158083,-1.1156682856471989
-0.0050963718625285015,-0.011869430363282378,-0.0028303513509069377,-0.007448750478538378,-0.28608422322735255,1.8802826801247874,2.086408679149273,-1.1692396318643195
-0.005112818333043608,-0.011911814521403288,-0.0028936397563290588,-0.0074211675052026005,-0.29091302874032415,1.9241472798097734,2.0667288089402223,-1.2086124706699193
-0.0054123304126396455,-0.012376864553026098,-0.003702086610248848,-0.007154472896430091,-0.33420696773064784,2.48689093551419,1.8659308725377277,-1.665321173154622
-0.005420516916630599,-0.01241867902840359,-0.003747884334976309,-0.00710620148797923,-0.3331495242594376,2.5175648068421146,1.8268369536419578,-1.6973208931158534
-0.005408923767432066,-0.012400505196142641,-0.00371744570979119,-0.007120125513837375,-0.3327378450833132,2.4964263506502617,1.8382560679278996,-1.6800527426930967
-0.00540707821336496,-0.012449120991830917,-0.003754503164256666,-0.0070538261560608015,-0.3300913349762605,2.519481188586696,1.7848337734031354,-1.7110855788074506
-0.005422264827086369,-0.01247682246229565,-0.0037966347436550157,-0.007029676215171543,-0.3301454568954552,2.5481688696918052,1.7649040145095405,-1.7354861520467566
-0.01438908012216791,-0.007605010296224526,0.0039916171278599945,0.007314987738317837,0.38799674848736504,3.1781784906466,2.3946492329547358,-1.8835339424628395
-0.01438153448432905,-0.007591233601480755,0.004014578921064924,0.007302411372982229,0.3901490653328232,3.1939699906861647,2.3792445762256786,-1.8986108847215346
-0.014397603277099253,-0.007591394441546488,0.003988409969240201,0.007282076400341509,0.3792102915006519,3.1633027570043595,2.3729359574261966,-1.8837488024144406
-0.01442615704605234,-0.007674245540973594,0.003876170541977527,0.007376812133137604,0.376503730771085,3.0982797263651354,2.4702282403882023,-1.8063442908812057
-0.014418828737030386,-0.0076603520365673755,0.0038993002143859136,0.007364612127050557,0.37686090743887574,3.1143033980809034,2.455452524678916,-1.8219857896504896
-0.014434881386805161,-0.007660907448679765,0.003873465238430323,0.007344081983291035,0.3711261600322515,3.084455006473872,2.448060805261995,-1.807360239061346
-0.014411456818519203,-0.007646481625663307,0.003922413736598061,0.007352327634176067,0.3783109423223032,3.1302725140696395,2.4404838739457673,-1.837552711376685
-0.014427569338145521,-0.0076469703706819395,0.003896440272032328,0.007331773428606772,0.3731039623966193,3.1003399686104576,2.43323591516838,-1.822761433100952
-0.014404041361879703,-0.007632634442496729,0.003945515260140663,0.007339956320985789,0.3811277660285139,3.1462518839267406,2.4253237379215005,-1.8530130345157658
-0.014420203420163877,-0.007633024754439018,0.003919412919120703,0.007319358363806307,0.37475060392312143,3.1161167706843576,2.4182946985686793,-1.8380927019302489
-0.014396582438974287,-0.0076188106212854685,0.003968590693239839,0.007327505584381679,0.3847233561750291,3.1622426298126487,2.4100227637975977,-1.8683412780173285
-0.014412753575776552,-0.007619098099168244,0.0039424087001121285,0.007306914629567528,0.3761463507495617,3.1318563224575264,2.4032586917718066,-1.8533744055949783
-0.014405212605930256,-0.007605217706683772,0.003965421056362187,0.0072944912713468245,0.3775492260632818,3.147594229431967,2.388140495976336,-1.8686025393593526
-0.014433441674724526,-0.007688162004634456,0.003853002930568813,0.007388939189826481,0.3761443641732487,3.08211294963287,2.4848595100026394,-1.7906429494185845
-0.014442173448617859,-0.007674829102568237,0.0038504442114636844,0.007356231225265021,0.3689680279106926,3.0684012221300825,2.4627553238290703,-1.791857149152199
-0.014204724135944919,-0.007294395642263589,0.004509236765149078,0.007007769676474182,0.43310872698570674,3.510489590348934,2.0154082478266497,-2.205285014179078
-0.014196203394784796,-0.00728119933250035,0.004531234465027872,0.006993566090168746,0.43554162066904967,3.5234788772007737,1.9977248139068504,-2.217980692508385
-0.014212301702845142,-0.007280304800571141,0.004503547294936661,0.006975201866371267,0.42796468958037925,3.491743567056418,1.9944493199085678,-2.201952224890157
-0.014203757196692791,-0.0072670745953352725,0.004525409848501195,0.0069609828419544715,0.43022618504564675,3.504559768375272,1.976835332069563,-2.214448542270627
-0.014211745719225595,-0.007252759212889652,0.004519232315048025,0.0069283593218549796,0.4299456619044344,3.487959352791408,1.9502473897874335,-2.212946816070892
-0.014203136874501166,-0.00723948590311552,0.004540932237046521,0.0069139930500434835,0.43226807761307035,3.500397615317208,1.9325033107100893,-2.225138407107444
-0.014238391211262554,-0.007347446524517869,0.0044208664010385425,0.007063851405908871,0.4265241491892647,3.45742239587407,2.084879396972761,-2.153320467448511
-0.01425436980543864,-0.007346739551698982,0.004393675832114471,0.007045107289304892,0.41599010435165146,3.4257455875169875,2.0811534129295737,-2.137828123410618
-0.014230036994013363,-0.007334144221965789,0.004443008360422278,0.007049945559296184,0.42731710271406903,3.4708886405497736,2.0676990042809194,-2.166454202538485
-0.014246005930910204,-0.007333437257087769,0.004415774206409447,0.007031358853690634,0.41857319186741165,3.4392866832210274,2.064023009843831,-2.1509132180140553
-0.014221641019906126,-0.0073208682191713715,0.004465116207266211,0.007035964119572246,0.42861986748370295,3.484195740650162,2.0504046282362025,-2.1795073540220735
-0.014237637222364817,-0.007320140726096491,0.004437779480894309,0.007017470691147015,0.42114505475685476,3.452620999406719,2.046781416795307,-2.163846477746938
-0.014213203372519658,-0.007307618648521541,0.004487194512067808,0.007021904142182358,0.4306609501260556,3.497391676110649,2.032972492610325,-2.1924578036867333
-0.014229241261377626,-0.007306846003460364,0.004459729048924184,0.007003459374692476,0.42352800440729405,3.4657820268198365,2.0294312839520035,-2.17665186162862
-0.014220797988352194,-0.0072935632580182356,0.004481650476462881,0.006989361261719981,0.42576475529516505,3.47881542346761,2.0119832090372785,-2.1893513683538752
-0.014270706089135105,-0.007345796530016998,0.004366651361282889,0.007026113705187136,0.4146681459443709,3.397555407516968,2.0710322305926216,-2.124721513666984
-0.014279171498577986,-0.007359083134721168,0.004344392353149903,0.007039397263690302,0.4124922398174606,3.3837905852999657,2.087641881670816,-2.1115490770068885
-0.014304028090676634,-0.007399395371216057,0.0042776820199553105,0.007079637521245636,0.4059438210235076,3.3423061917172663,2.1374975604679007,-2.0714880941326785
-0.014295851439733815,-0.0073859054077717355,0.004299864361862418,0.007066175430165291,0.4080916905176137,3.356136970049793,2.120896751699942,-2.08490891631555
-0.014287568612123783,-0.007372460539611147,0.0043221003838114745,0.007052747138321339,0.4102807418319145,3.3699598342675547,2.1042662978025395,-2.0982632696826595
-0.014311759705022102,-0.007440846579773064,0.004237640428760388,0.007139811729454249,0.4017719849532871,3.3279360607066883,2.198363773251819,-2.0429724650563768
-0.014303711841978798,-0.00745479580756053,0.0042419037560274256,0.007172747509401022,0.4067985375248007,3.3445404844856497,2.2199934774862813,-2.044531698161037
-0.014319762559077465,-0.007454452332044757,0.004215185430525809,0.007153185263131231,0.3997631712007057,3.313564618448273,2.2147898514959046,-2.0290124124434215
-0.014311686570991885,-0.007468328829897486,0.004219348590590852,0.0071860386870715035,0.4047624180301695,3.3300201721236022,2.2364002411051556,-2.0303725838783167
-0.014319618735532866,-0.00748188682152024,0.004196758214422378,0.007199255173177513,0.40307458349074726,3.315395207568668,2.2526867249647924,-2.0161003027476636
-0.014327721286411688,-0.0074680818421844035,0.004192690354297921,0.007166487693748316,0.3976848433282902,3.2990771632098084,2.2311178297302168,-2.014953874497873
-0.014335355059921583,-0.0075090771781501685,0.004151464064875242,0.00722546886846092,0.40007586536778,3.28579112604556,2.284906075470602,-1.9872746387894142
-0.01432750825765487,-0.0074954696488305625,0.004174129847282498,0.007212398665220222,0.40147648477543935,3.3006537514057435,2.268853615671954,-2.0017299028385382
-0.014343510691056457,-0.007495356733988864,0.004147612082724549,0.00719278626073356,0.39342560976770097,3.2697370132499977,2.263416355454561,-1.9865473071449156
-0.014335636668742152,-0.007481717596728418,0.004170166028954554,0.0071796901476927485,0.3955623788384719,3.2844685629250665,2.2473272320129944,-2.000800410028312
-0.01431213113787648,-0.007412932770056435,0.004255495846951879,0.007093102085442116,0.4038271349458123,3.3284123266271393,2.1540558198017283,-2.05797256565508
-0.014320189760500228,-0.007426539593409658,0.004233241878733398,0.007106572786883903,0.40172710626014524,3.314405739599078,2.170588477785621,-2.044326662491512
-0.01417628411572156,-0.007172147553118717,0.004619990617531222,0.006822960463965196,0.43883013770847557,3.5294312071305805,1.8367528440356697,-2.2693133217116324
-0.01418480863398112,-0.007185469684140841,0.004599028099243407,0.006838081521455849,0.4366026254113065,3.518294941564769,1.8550390772084244,-2.258010060779132
-0.014193563902233785,-0.0071984822323234035,0.0045777013910083715,0.006852296257272606,0.4342769559924005,3.5064246984626712,1.8726605566530665,-2.2464309909533955
-0.014211649003666503,-0.007224823918227353,0.004533599042398444,0.006880246926789259,0.4295055930999801,3.48112680158802,1.907794311582235,-2.222241234030047
-0.014202679517090496,-0.0072115086165078805,0.004555643823021093,0.006866031641742958,0.4318657156579113,3.493705654053216,1.8900618214723164,-2.2343847808711725
-0.013740705294835627,-0.0065974127328296,0.005527635771356743,0.006076671736773864,0.5526935837267533,3.889009293220203,0.9403454522058593,-2.645237926138296
-0.013731518352946772,-0.006585243375787524,0.00554395026554308,0.006057955949266196,0.554852133396782,3.8908022513458627,0.919840370932131,-2.6489433651661582
-0.013755485748373278,-0.006595443376499886,0.0055005011363883916,0.006067107020901138,0.5477357896328664,3.8622859796421105,0.9442054719118549,-2.6314878136416295
-0.013766444778562006,-0.006603522919127847,0.005480734900918462,0.006077347886127343,0.544692944639079,3.852836597582701,0.9597159562207028,-2.624610197544716
-0.013778579970758228,-0.006613917279373283,0.005458813168468927,0.00609116998451143,0.5414553688174105,3.8437281353961477,0.9787122196174004,-2.6173434565418714
-0.013821267262834464,-0.006663051243253214,0.005380694714955053,0.006161277432048635,0.5306656303851076,3.822331797389655,1.0617409521434389,-2.5940105197801357
-0.013808038471827322,-0.00665330817878753,0.0054050214249813065,0.006149775145183812,0.5344358023516321,3.8349089150727522,1.0436495133086086,-2.6031386228382267
-0.013799918745928924,-0.006639073825350206,0.005420006200919084,0.006127579241798861,0.5360701965752722,3.8341758920793585,1.0211533620353859,-2.606248274517254
-0.013790211268931282,-0.006625956094873607,0.005437725866224231,0.00610803830565888,0.5384794129947216,3.8369335136918994,0.9996112261929601,-2.6108778868360685
-0.013833448829962574,-0.00667351183311612,0.005358184759472628,0.006174397155252639,0.5274333616605752,3.8120002460025986,1.0802828568565486,-2.585854718055782
-0.01385199285231609,-0.006702183386008162,0.005323000410865503,0.006217171136960837,0.5230582587761463,3.8077971362148006,1.1260383789486161,-2.576156565103151
-0.013846595624030528,-0.006686680840286072,0.005333701877610801,0.006191772707307532,0.5239157224357874,3.8023881814481624,1.1027483180520932,-2.577346234369425
-0.013871097190425683,-0.00672723460201795,0.005286437612468422,0.006252615649180148,0.5182525753069822,3.7981573075403157,1.1667851340070095,-2.564271392141498
-0.013881960144316419,-0.006735952800281009,0.005265946564084484,0.006262526337301591,0.5152322457911281,3.787327927115022,1.1819895580562834,-2.556116987521955
-0.013866326964754757,-0.006712290039753892,0.005296282963194746,0.006228041480194729,0.5189916325335052,3.792711309270558,1.1443878656301638,-2.565435346120324
-0.013893472078426533,-0.006747359811636054,0.005243958368608497,0.006276801706354355,0.512218259202644,3.777583682083485,1.2010389291751815,-2.5477609937193075
-0.013917702611712062,-0.006799583827623996,0.005193567920183204,0.006357380590639246,0.5068398230403693,3.779592824900908,1.281285955700918,-2.533702858381058
-0.013903662056527983,-0.0067600272084584,0.005224116252109775,0.0062939459211048985,0.5094921564744556,3.7709652087290024,1.2214294871611016,-2.5406687949641618
-0.013911123487486615,-0.0067736839687878286,0.0052089696903103635,0.006314332209920115,0.5078962115786082,3.7696036232877725,1.2425926425113123,-2.5360247655477854
-0.013923490340769935,-0.006782903628304176,0.005185406738220147,0.006323695149935603,0.5043812696091017,3.755860606494064,1.2583657937784034,-2.5260561997780306
-0.013737034281681184,-0.006570912254912745,0.00553311960973443,0.006029606237607378,0.5520736939150218,3.865722467787711,0.9032757598540424,-2.6387964076192567
-0.01373081213660057,-0.006554778221700152,0.005543518961684362,0.006002556691238072,0.5528822318960049,3.8578421272337313,0.8791406210783822,-2.6380898243292683
-0.013735517452931396,-0.006533222239099586,0.005533583006035493,0.00596178917606371,0.5498500268963397,3.826209681804098,0.8535311309863779,-2.625700494098373
-0.013739944266261956,-0.006513174557706521,0.005524205451757563,0.005924178142462434,0.5468727508919132,3.796871385876045,0.8303954397023637,-2.614007565771367
-0.013408745486583632,-0.006165710342552718,0.006035606391343283,0.00536377218959993,0.6176956792873994,3.811295731459424,0.22216121993484464,-2.667011572967143
-0.013426324059858772,-0.006178562712985889,0.006009505292118988,0.005386149871598959,0.6135510565788446,3.808208682885723,0.24893999156411847,-2.6647054195125635
-0.013446599154265472,-0.006169968062593796,0.005971366578096697,0.005370925460836666,0.605835318635514,3.770583568808122,0.2577728718237887,-2.6458978971401277
-0.013467833797514418,-0.006179349759075522,0.0059377276334408174,0.005386567826141788,0.6000837358692629,3.7574215607361308,0.2837907484419256,-2.638491246102354
-0.013485619431989906,-0.0062480843194573435,0.005927899689982218,0.005505573778348136,0.6033425589595832,3.8311457860009575,0.3648600697694764,-2.6712553466800775
-0.013499543616221764,-0.006259954895350095,0.005906798609268329,0.0055253674063632146,0.6002962020801363,3.829086017910318,0.38772992870993656,-2.6690644083756134
-0.013516593217138715,-0.006264314159007043,0.005877971419016404,0.0055314350506078585,0.5951477479423509,3.8121559944350296,0.40520172727090514,-2.65980512195631
-0.013488288251712484,-0.006223048265912914,0.0059157508095705755,0.005461442589784426,0.5992082397108519,3.7925046622657432,0.3419358300683381,-2.6533661632230223
-0.013490392115177574,-0.006192633649414771,0.005902900033738886,0.005408487952918396,0.5944217115915479,3.747638020541006,0.3141586103345675,-2.6324288101049347
-0.013633601666485435,-0.006433973216996208,0.005706286652927183,0.005813652837346265,0.5748390730590538,3.8673247668146082,0.6747568522396064,-2.666075099980677
-0.013535079346053781,-0.006323627753533408,0.005860745704933842,0.005634466251979824,0.5962220137794391,3.867885078763241,0.4819222956720555,-2.682344837808824
-0.013553860274536365,-0.0063327423228846805,0.005829400334519702,0.005647994367273438,0.5909205835279998,3.8534847105724013,0.5053658761520506,-2.673664487899185
-0.01357002765816589,-0.006343716960992791,0.005803067668587312,0.005664961955996278,0.5867741729190322,3.845004014966292,0.5288074275811568,-2.667784034730278
-0.013638391374447868,-0.006412059842174085,0.005694117575843596,0.005773070674944831,0.5711574694811393,3.8327398769820786,0.6514996304509344,-2.651307215436081
-0.013622310014076468,-0.0064019377729332165,0.005721206897051717,0.0057587154370704165,0.5755682750472514,3.8439643685317044,0.6297004359675541,-2.6588588824762494
-0.013583972305498078,-0.0063560525053995495,0.005780869134981047,0.005684514921633104,0.5834541851645899,3.841179034330001,0.5521167012236717,-2.6641047697186977
-0.013593684901383915,-0.006368826417772175,0.005766171357471626,0.005705489141276336,0.5816565608296909,3.8437363449323256,0.5730343616954207,-2.6636695483441426
-0.013608897301025434,-0.0063754126517507675,0.005740301832013218,0.005714194643215444,0.5772600522853316,3.830043052514029,0.590516203370013,-2.6554845360476063
-0.013622157812700583,-0.006383806626024631,0.0057182228314734945,0.005726338651035168,0.5737245722518062,3.8213544129265076,0.608592870636373,-2.649626046564115
-0.013535990005789844,-0.0063003626891741105,0.005853250238863786,0.005592905331385948,0.5930518320706604,3.8348118038411916,0.45739399075516696,-2.6678023772051245
-0.013536607751177493,-0.0062759895641163604,0.0058458806141564595,0.005549780829195224,0.589959323303983,3.801021271361201,0.43212588483640274,-2.6527478422415367
-0.013648849959755455,-0.0064501183783596955,0.005681213825961382,0.005838857463270389,0.5712870418682067,3.8640742652587106,0.7033838210063647,-2.6616121231738057
-0.01367175357301243,-0.0064584006904892105,0.005641060972331199,0.005847463255242419,0.5644948756113272,3.8390070927827336,0.7266579682829636,-2.6468198398868776
-0.013692133525243797,-0.0064659432564495856,0.005605394926924496,0.005855056210442463,0.5586122261506983,3.816678657894133,0.7471874714215462,-2.6335624774993796
-0.013725704392759807,-0.0065026264707455945,0.005548892212563612,0.005910158677573408,0.5505505844158067,3.8072432717368874,0.8101097107243528,-2.6216348598949994
-0.013709905751460584,-0.006493064455503333,0.005576389220493591,0.005898203816609326,0.5550095234180694,3.820877661985655,0.7901068371232957,-2.630767752454258
-0.013708553953764158,-0.006474899850024579,0.005576978425804313,0.005866073138308161,0.5537618363016451,3.8019900174072334,0.7669582373073357,-2.6240646062686097
-0.013742682957439425,-0.006494869058873076,0.005517921981231389,0.005890545118900765,0.5446680952198415,3.77213627972174,0.8090202628274594,-2.604286938513618
-0.014167439829387332,-0.007158701824178181,0.004641455684374046,0.006807773572809039,0.4411580462651586,3.5408765671583766,1.818227791745408,-2.280774698131537
-0.014158205072562048,-0.007145454916282159,0.004663405608036064,0.006793138880547499,0.4435958047883664,3.5528738787102436,1.7999550598049228,-2.292382587612847
-0.01414881993240807,-0.0071324902943655675,0.004685394279362844,0.00677897460684838,0.4460889726614237,3.565033770406464,1.7820001774652303,-2.3039127143195075
-0.01413947079469637,-0.007119770262699207,0.004707119011124272,0.006765046095436242,0.4485886523766684,3.5770166612345107,1.7642679085848159,-2.3152140179225538
-0.014103508012495103,-0.007067566298105728,0.004790967078636621,0.006704208280686657,0.4581236124982469,3.619572614082179,1.6897778069941776,-2.357801436941537
-0.014130458411830554,-0.007107007926796798,0.0047281690525855504,0.006750587678652162,0.45100496672777896,3.5881625909168524,1.7462736258637397,-2.3260710823203663
-0.014121792319634235,-0.007093885831129607,0.004748643661729047,0.0067350442004900065,0.4532855546275387,3.598299496408798,1.7275520524961279,-2.3365183012000625
-0.014112880035521634,-0.00708061612372747,0.004769496327456192,0.006719309552934864,0.45563765644384785,3.6085843914981592,1.7085293118192368,-2.347048812997883
-0.014047559554677581,-0.006991400990492056,0.004916284246760052,0.00661396617660366,0.47305502106445635,3.681333264519614,1.577846077182697,-2.4184430412618165
-0.014037934119373185,-0.006978536041236338,0.004937380996394691,0.006598335422954926,0.4756309369760409,3.6912670167529416,1.5585278899467185,-2.428268516187515
-0.014056849102594485,-0.0070043893214787245,0.00489563924375146,0.00662993078673907,0.4706083577925692,3.671840291487992,1.5972522764258381,-2.4087487574844686
-0.014075020118179772,-0.007029932529167327,0.004854873802533092,0.006660977783683676,0.4657699729841353,3.65264264429077,1.6350855660826833,-2.389269775445179
-0.01406594201097356,-0.00701726286938265,0.004875265770855771,0.0066457021063149055,0.4681765915129186,3.6624003574257524,1.6163769431880548,-2.3990767971025773
-0.01409130608136479,-0.007027821930355477,0.004826627109621313,0.0066439259384913915,0.4611423618362562,3.622223644172047,1.6305582562891685,-2.3744014293700038
-0.014101214379436183,-0.0070395779806570165,0.004805052244875169,0.006656578912569849,0.4585021061160865,3.610347478081121,1.6474482560685282,-2.3638465579675536
-0.014111209420311431,-0.00705192874739327,0.004783032283671409,0.006670052108681601,0.45585268279863783,3.5984145512896393,1.6650818050433565,-2.353003768956192
-0.014018230763514578,-0.006953582890978038,0.004979838550552674,0.006568352457184032,0.48094580382491886,3.7117377069332664,1.52069464272627,-2.447816964586822
-0.014008710669240908,-0.0069409602869753215,0.005000345865842527,0.0065526229806182395,0.48346844394181815,3.720928591796334,1.5013759598608079,-2.4570391167243026
-0.013999176730016646,-0.006928235587342082,0.005020791458800689,0.006536572694139257,0.48602500461971015,3.7298337199769676,1.4818020394457323,-2.4660992397787997
-0.014034615630780796,-0.006951185622167475,0.004951053673244437,0.006551803195428794,0.47611248386859323,3.68078994743022,1.5172218432791036,-2.4325674056540856
-0.014045047596096844,-0.006963093465069535,0.004929079867715517,0.006565232957264044,0.47331129847665937,3.669336291597673,1.5350947631244243,-2.4224113015420894
-0.013996877483393863,-0.006899746064889294,0.005031730469956316,0.006486812284351944,0.48600999473596856,3.714818028805403,1.4389324161347652,-2.467925301579561
-0.014006179218959561,-0.0069129678691855915,0.00501189055632383,0.006504017679456002,0.48357793123525106,3.7071478619593576,1.4591872643846113,-2.459474775106278
-0.013937675689797098,-0.006825937609169176,0.00515326677390024,0.00639286550177563,0.5016604700295955,3.765593260024469,1.3232081343284035,-2.5183030953291556
-0.013928659818547573,-0.006812355810976257,0.005171783754871516,0.006373861250906845,0.5039080544427771,3.7707027284766323,1.3018721974427356,-2.525155431985169
-0.01398469564987558,-0.006857496982346306,0.005062705492433675,0.006419256861303515,0.4885100779638412,3.7067627011511015,1.3756728859594947,-2.4773772453431913
-0.013974212285097898,-0.006845709586225619,0.005083819653038557,0.006405043942716988,0.4912661205711571,3.716515959962321,1.3572835814158564,-2.486235736469482
-0.013963162755905461,-0.006834598120868084,0.005105736941268933,0.00639225757497548,0.4942181048658028,3.7275450919259963,1.33968445536932,-2.495519906971738
-0.013952754196623663,-0.0068252193668325205,0.00512612527109502,0.006382025183122994,0.49706182252077846,3.7385904059095196,1.3245622771981524,-2.5042440770469154
-0.013994666275176563,-0.0068699687259114,0.005042271305793835,0.006434888199928262,0.48591844460426475,3.69817510080837,1.3948929281557387,-2.4688774761694834
-0.014004755338743126,-0.00688312173687472,0.005021362710702499,0.006451508786620539,0.4833090028178146,3.689612170966047,1.4150120018196148,-2.460125638838338
-0.007292321850762319,-0.014237220068235848,-0.006970334139186219,-0.004454213457678776,0.04961438766195339,3.968913764823173,-0.8537903887681096,-2.707589334337758
-0.007278875337756952,-0.014228813892420575,-0.006955928318095615,-0.004475961818857448,0.04643539647105879,3.972567008882255,-0.8328949136672626,-2.712254450837955
-0.007265542401541955,-0.01422017966750314,-0.006941795026949005,-0.004497936276412546,0.043227573795903924,3.976494583723158,-0.8119298678299313,-2.717002370596321
-0.007252374287508734,-0.014211405199469148,-0.006927929146080237,-0.004519965459764837,0.040160440123045205,3.9805789796038495,-0.7910047122644371,-2.721757646780141
-0.007591233601480754,-0.014381534484329049,-0.007302436918114972,-0.004014532233577042,0.11899595371324183,3.905605589651483,-1.294509280689008,-2.599817107289042
-0.00757756796242276,-0.014389920862289162,-0.007269500227613679,-0.004011466589913482,0.1087614361861531,3.8814040468734636,-1.2761449950131654,-2.5922725804139035
-0.007605010296224523,-0.014389080122167905,-0.007315002083751549,-0.003991590966367887,0.12057257453124555,3.8978850456727367,-1.3148144424917947,-2.5917275906444215
-0.007591375196916608,-0.014397487747376106,-0.007282105709161271,-0.00398864087750566,0.11166766493256765,3.8738824047142173,-1.29638122560195,-2.5842976252196723
-0.007549722180286724,-0.014390956443413863,-0.007223715690142252,-0.00403103572671877,0.1038868304053082,3.86130869793627,-1.2431747074479935,-2.5880695872700623
-0.007563620277104378,-0.01439860525838226,-0.007236534037202743,-0.0040083012499146226,0.10667434768802332,3.854126427058301,-1.2633795791721811,-2.5803762483981063
-0.007535909773242143,-0.014383146811700333,-0.007211069427950895,-0.004053871135541003,0.10107886696129702,3.8686140035469037,-1.2229442313894625,-2.5957627389521125
-0.0075222100457197185,-0.014375268295716233,-0.007198524525120297,-0.00407664492761807,0.09833166378802345,3.8758715147625344,-1.2027555018962033,-2.60335506186803
-0.007508594723960452,-0.014367402257829466,-0.007185937589086225,-0.00409924903717073,0.09565795169813696,3.8828983551091194,-1.182612100815633,-2.6107517915420537
-0.0074949913961233315,-0.014359583853197149,-0.007173150984135381,-0.00412167785324714,0.09298388262622494,3.8895722021012027,-1.1624540804241745,-2.61790234932743
-0.007481345253755932,-0.014351775618506027,-0.007160122203366709,-0.004144028388554224,0.09024698466944096,3.8959304694211565,-1.142203143201706,-2.624840052301265
-0.00742685566216647,-0.014319864872148666,-0.007107358752109605,-0.004233530052693074,0.07889796993512223,3.9201455660766342,-1.0604945850698781,-2.6514189978544014
-0.007440378162695826,-0.01432790315326426,-0.007120555142403915,-0.0042112640933344445,0.08171408200960194,3.9142963998170432,-1.0809066043726985,-2.6449814874949493
-0.007453978570620128,-0.014335934738606821,-0.007133727370920047,-0.004188863137101313,0.08456619687430349,3.9082507381885416,-1.1013604939405894,-2.6383699829418834
-0.007467658909145507,-0.01434389969085399,-0.007146947917114379,-0.004166422683477804,0.0874329457691407,3.9021319120801423,-1.1218245256268302,-2.631652335429642
-0.007412655940967446,-0.014328395217651136,-0.00707409633793104,-0.004228606330902982,0.07396251417673694,3.8921156422944385,-1.0476628473675509,-2.639811566982161
-0.007399061477873499,-0.014320515081476757,-0.007060451354919708,-0.004250365050027172,0.07107938018965419,3.897154656195426,-1.0274267610564174,-2.6457241094542407
-0.007385485988768703,-0.014312345224717422,-0.00704700723003348,-0.004272494845929657,0.068207720801713,3.902520307155761,-1.0070230345136386,-2.651758760229471
-0.007372084131750105,-0.014303879169071715,-0.007034022496693213,-0.004294915943354225,0.0653826080385045,3.9083474496345283,-0.986615077784715,-2.65795364514878
-0.007358728250099298,-0.014295429118892948,-0.00702093604016149,-0.004317190165555595,0.06253353978226169,3.9139168461240565,-0.9662200058546172,-2.6639494433083812
-0.007291231719779245,-0.014253800717539436,-0.00695124535606772,-0.004426475508135436,0.04766253162897446,3.935886155639977,-0.8632500679988331,-2.690150089810246
-0.007304828537227515,-0.01426192510527523,-0.006965873334206465,-0.00440510902955002,0.050732151058967175,3.932514408498007,-0.8838870878561024,-2.685544365769833
-0.007318223534774693,-0.014270489606028678,-0.006979539872554403,-0.004383004836182695,0.05369084073909033,3.9278332510620255,-0.9045501453193657,-2.680221791290446
-0.007331653522730057,-0.01427905812159004,-0.0069931011575286575,-0.004360776760358642,0.05661776426248145,3.92290329514451,-0.925214067763536,-2.674706512114762
-0.007345217854606927,-0.014287266972436171,-0.007007116876225899,-0.004338978538403757,0.0595881609375866,3.9185217105680876,-0.9457750840356143,-2.669408045653307
-0.006103972927337309,-0.013270136473050927,-0.005246788508581731,-0.0062521474622261935,-0.2540354197097156,3.5064094496070446,1.017532866582763,-2.4630211546029877
-0.006088872989862218,-0.013258966023517504,-0.005218980542201143,-0.006264655145998278,-0.2567697190834594,3.487987199882332,1.0321238089460085,-2.450883075975907
-0.006137740986039986,-0.013321598782153835,-0.00531105425127656,-0.006176818963687537,-0.24405680929516724,3.5344696596485368,0.9454772648163704,-2.4883917241578426
-0.006123014719345745,-0.013296553222217082,-0.0052830498061658135,-0.006214427981744878,-0.2488230926866358,3.5238949061738336,0.9807984257458308,-2.4777756507756945
-0.006125501083174599,-0.013312438517464923,-0.005288859585529931,-0.006187674078059326,-0.2464237627555097,3.520216834451305,0.9580570746178569,-2.4790052375106697
-0.0061041595868652375,-0.013289847546093005,-0.005249387800128433,-0.006217805516916707,-0.2511950413754654,3.49812007411952,0.9890605390934525,-2.4627218378045264
-0.006060533295981586,-0.013249896276747114,-0.005168538431455077,-0.006267016950739812,-0.2597752175021035,3.4486116710421806,1.041789806813707,-2.4280413614167737
-0.006032023846089744,-0.013224446622608368,-0.005115345346785067,-0.006296984951671649,-0.26506381407535357,3.415177336153913,1.0741007172873112,-2.404754413702182
-0.0060468861315332,-0.013240270799860421,-0.005143531546479448,-0.006277068876983693,-0.2619890180590459,3.431755752430909,1.053752883571281,-2.417016374230792
-0.006067924328135264,-0.013264520846971387,-0.0051833998913203986,-0.006245247750557119,-0.25728072809464925,3.454015458365118,1.0218128564255056,-2.4340182896516644
-0.005976059269993123,-0.01319447677021357,-0.005014456450363496,-0.006319706579805581,-0.2718240422271947,3.3424709835509328,1.1067011379551672,-2.3594322706186444
-0.006003628782642835,-0.013228760076084844,-0.005067753056286816,-0.006275667950828443,-0.2658253033307398,3.372091206329852,1.0637291639316648,-2.382756521596152
-0.005982041460011861,-0.01321763331471475,-0.00502923230496965,-0.00628377300202527,-0.26840020925460295,3.344416942400295,1.0757696930036234,-2.3655344826579774
-0.00645062121553756,-0.013646370285069591,-0.0058401794413353155,-0.005685526190606062,-0.16334772510879905,3.77272092792574,0.44043029864831423,-2.662039990133754
-0.006456691723843647,-0.013662330092510855,-0.0058467675554346775,-0.005657549521268947,-0.1607319016706327,3.7658646677864134,0.4169667440151345,-2.6598547045643612
-0.0064503412689589775,-0.013679963358310092,-0.005830349618093454,-0.005624983409684718,-0.15972219026315373,3.738620696007365,0.3960465393826882,-2.6470438469812625
-0.0064301830004628415,-0.013640388249073106,-0.005804835944052097,-0.005693178883281233,-0.16722916486031805,3.7478746465525776,0.45544548175937244,-2.6484563778460415
-0.00640830687854664,-0.01363177484254332,-0.005767633343785768,-0.005705057543492508,-0.17159517095566426,3.7234267763764746,0.4740739304409906,-2.6347533884199166
-0.0063967507789375565,-0.01361977266267007,-0.005749699317982353,-0.005724541219586593,-0.17464499059424196,3.7173658591194267,0.4936693790879759,-2.6303580959619586
-0.006253083904216441,-0.013472242460676433,-0.005515096327671719,-0.005952767855105636,-0.2118502926809374,3.6204334972733707,0.7266053004073817,-2.560243433129098
-0.006306459575618137,-0.013525707224587253,-0.005604778387732183,-0.005872812252084308,-0.1984559669686763,3.6616416210142946,0.6439785086477536,-2.5897567384056726
-0.006259018835673867,-0.013492046272795936,-0.005524065936263842,-0.005919463469020746,-0.2086296985683686,3.615349705276857,0.6983179172079701,-2.560420196703765
-0.006277195251227567,-0.013502909913223107,-0.005555277917883911,-0.005905433727629235,-0.2050060773865427,3.6347914075671643,0.6805501269555645,-2.5723534930626406
-0.006292106979534356,-0.013518184911452649,-0.005580130551506982,-0.005882399452290048,-0.20120765241017216,3.64575252557275,0.6569864862836589,-2.58029305704139
-0.006381214031435112,-0.013614531683106773,-0.005723051413652515,-0.005731044813201836,-0.17751555566084518,3.6989829221953188,0.505309715613131,-2.6201074834900786
-0.006350732895367042,-0.013574004865576575,-0.005676512762438795,-0.005797233753600339,-0.18663160845979568,3.6889800778131856,0.568105271760212,-2.6103256384795905
-0.006360410766366954,-0.013587672767756818,-0.00569130657994965,-0.005774887197464879,-0.18363639108932686,3.691716157756333,0.5470871194638439,-2.613355894789906
-0.006365798676873447,-0.013606446364037844,-0.005697237617425306,-0.005742490211178425,-0.18076903573983247,3.683345349226676,0.5204661116038518,-2.6109588163938047
-0.006315450823573272,-0.013540887356356193,-0.005618772969490153,-0.005848044320819505,-0.1954220842757215,3.6631948580191755,0.6212831463358192,-2.5925762159680446
-0.006335298730445736,-0.013568862141117799,-0.005649849089156836,-0.005802942419862975,-0.18930858239955797,3.670162950431602,0.5788154254519474,-2.599730507779238
-0.0063194921610073285,-0.013560180368923244,-0.005623119653302532,-0.005814706443315375,-0.19264645514202336,3.6537607692046317,0.5941764247198199,-2.589949003141507
-0.0061320181580808535,-0.013340576826218392,-0.005302348168524696,-0.0061412178951272605,-0.2417883405883323,3.5161560607685103,0.918117034551507,-2.482276358239567
-0.006230733693994749,-0.013472515461727917,-0.005475588517398888,-0.0059453932090745626,-0.2143478516234417,3.5865722938967015,0.7289577049708197,-2.5421782175025904
-0.006225262541368547,-0.013452083701236774,-0.005467047397966668,-0.005979659052743496,-0.21758058746585682,3.592029220420302,0.7578121538110293,-2.542002058107515
-0.006172177064529245,-0.013392329836568436,-0.005374612596782257,-0.006066330859183432,-0.23100001264632078,3.5488600471425964,0.8448769917720504,-2.509111439149287
-0.00615357716373231,-0.013382557115984885,-0.005341874920304604,-0.006076451492009351,-0.23404120011334748,3.526410236894789,0.8590018196292629,-2.495397055655466
-0.0061394712010083225,-0.013369504032994412,-0.005316842226389531,-0.006093775870722461,-0.23708348310353258,3.5123792943183543,0.8773538414208076,-2.4855695153091943
-0.006129951136765368,-0.013357020230570733,-0.0052996980914914015,-0.006111735769232268,-0.23958612613802283,3.5046693229045287,0.8947859446226214,-2.4791801237206204
-0.006206001372814112,-0.013442299428530743,-0.005433520463806618,-0.0059905531833452435,-0.2209371999685327,3.5694302857660176,0.773170513764513,-2.528378949295613
-0.006189250493797354,-0.013428478032031494,-0.005404479357899945,-0.006009107661827489,-0.22443080194538298,3.553025299476951,0.7935736597639308,-2.5173746100149246
-0.006176116445413047,-0.013411908350682296,-0.0053816372138908095,-0.006033483963127177,-0.2279615857279951,3.543396400058288,0.8173379486594857,-2.5094927758007004
-0.005571917448082091,-0.01268821301595488,-0.004156323260527426,-0.006854924868373981,-0.3273663233440744,2.7938207298080653,1.6141337970830116,-1.9318101507544194
-0.005585799478841358,-0.012716329453200753,-0.004194179970249166,-0.006824450710184307,-0.32563068403658346,2.8180706176567445,1.5878956336895085,-1.953441001573817
-0.005543165094113164,-0.01268488633420319,-0.004112480121240701,-0.006837442960296772,-0.32523857455993926,2.759830216035751,1.601888253082906,-1.913982743027138
-0.005523879866002508,-0.012663381646400913,-0.004070988349417551,-0.006853370964937572,-0.3259096371976355,2.7313431920965656,1.616317950299721,-1.892584209270151
-0.005500148310510967,-0.01264030641130674,-0.004022089566253794,-0.006867598246939181,-0.3258329177602913,2.697414448143611,1.629476698504049,-1.8679441077670134
-0.005478376328711033,-0.012616655737307985,-0.00397557319511823,-0.006883673802211999,-0.3258676703427695,2.6654630609467596,1.6439121341422105,-1.8440437440190782
-0.005438258150684713,-0.01250965177409255,-0.0038434222522197056,-0.006998700929295664,-0.3297944849921886,2.5797338596741466,1.7392629711865948,-1.7632104639052
-0.00540970266286697,-0.012503588833596146,-0.0038001723671072874,-0.006983016865551061,-0.3272890493487682,2.547774473986119,1.7276881359873322,-1.7459789708764464
-0.00545591156580647,-0.012589979835792783,-0.0039259453749707525,-0.0069028711642669235,-0.32587010224426377,2.6315508709079656,1.660750128248017,-1.818101604121026
-0.005445533103327151,-0.012550016493295298,-0.003883217771987662,-0.0069495342075224535,-0.32796338335094016,2.604720305393027,1.6990958169658075,-1.7905094267912285
-0.005725402107804179,-0.012915972609319494,-0.0045129898805211606,-0.006622432313151989,-0.3100645541058868,3.0256737753921965,1.4048342014579998,-2.1213239362733067
-0.005636326475277224,-0.012778794977840192,-0.004306162281663604,-0.006769583046939839,-0.3223638315863882,2.8940035894533147,1.5378054325835977,-2.0120853042758076
-0.0056091530466516396,-0.012770403942930893,-0.004260744101583715,-0.006762031670597807,-0.3214976400982091,2.8593598682130446,1.534075146438185,-1.9919924381423122
-0.005585058602106944,-0.012764773588980757,-0.004221863302581321,-0.006752594722334804,-0.3203680516174776,2.8296266813208963,1.5285644821103295,-1.9752316330261983
-0.005569516729664041,-0.012746671756876654,-0.004188529025210161,-0.006767657586143442,-0.32118130858390975,2.8071718783918107,1.5423123581928326,-1.958148985927803
-0.005702362615179084,-0.012893560211090846,-0.004466760666761484,-0.0066415989009772,-0.3120277221039695,2.9943252049026365,1.4238409074244627,-2.098622761244546
-0.005634176912591657,-0.01280399521954935,-0.004316955038375965,-0.0067301271212247115,-0.3194270049710473,2.896476300161555,1.5052390363107435,-2.0214058575669616
-0.00564724694311515,-0.012823333321035376,-0.004347084962826782,-0.006710391716477168,-0.31794090406208886,2.9159547922226103,1.4874956979118286,-2.0373387524267375
-0.0056638365279668415,-0.012847385195020483,-0.004384816256137083,-0.006685686482277887,-0.31595363208075894,2.940289631031486,1.4651453516915076,-2.057127929479788
-0.0056823386160348155,-0.01287135559253968,-0.0044251609527729855,-0.006661997241952417,-0.314010456929668,2.966583220388658,1.4432963933044152,-2.0778001867223903
-0.005941750986654371,-0.0131539384660034,-0.004947566729246574,-0.006369604396885858,-0.27867940019776866,3.303392851002538,1.1558761824647081,-2.3293504327831553
-0.005952380778024255,-0.013194239790218743,-0.004974732191743678,-0.006307948889679024,-0.2726588875659891,3.3087264969041272,1.1026984235112243,-2.3413316337631
-0.005937676980393256,-0.013179528589004848,-0.004946947224884168,-0.006324822358795132,-0.27535717622883343,3.291663834989223,1.119927011189627,-2.328945386464939
-0.005853895181602951,-0.013082364589568646,-0.004782460210481061,-0.006438190445310854,-0.2901503927484111,3.192878513557027,1.230883899145933,-2.2534757026639056
-0.0058714422957859965,-0.013108427667985664,-0.004819053887609073,-0.006405831864204729,-0.28643484504728306,3.213397397999341,1.200724092382312,-2.27071190805627
-0.005918857174650344,-0.013135807783949242,-0.00490477811894775,-0.006387278935736819,-0.2819022081708211,3.2746731189385336,1.175575217290021,-2.309820563424804
-0.005886220660051136,-0.01313306251751804,-0.004850263933270962,-0.006373820686660884,-0.28274929722163394,3.2297226911485786,1.1713417716853085,-2.285233845583996
-0.005785759663143529,-0.012990880205473272,-0.004640105229954532,-0.006543883884014929,-0.3020603670618227,3.1069655281538853,1.3305281589708262,-2.184550649554922
-0.0057853669798365,-0.013022247620812211,-0.004651561485463287,-0.006493787684542879,-0.2979373530920682,3.105666228684331,1.2891896668378082,-2.1921295574614423
-0.005801467086368045,-0.01304239978073475,-0.004684544729873278,-0.006471500758466122,-0.29551444925592824,3.1259282579076917,1.2680247527129038,-2.2080095017013686
-0.0058251730135553785,-0.013061652472346186,-0.004729226717074872,-0.00645480675889741,-0.2928073924980313,3.1561209426690735,1.2499806004250564,-2.228836196171082
-0.0057519301902534585,-0.012976986858274626,-0.0045810096609020376,-0.006544349140424531,-0.3032215669308163,3.0625233793707816,1.3363444588822966,-2.157520004700015
-0.005737714793668983,-0.012946831561490253,-0.004545994461113475,-0.006582426839195315,-0.30664205229578095,3.0432928358284848,1.3698918526288002,-2.1392098233484096
-0.0057093118613156454,-0.012943999927981956,-0.004500585454890241,-0.006568269820366351,-0.30607644058545275,3.0068141208967827,1.362311524144839,-2.119390625388724
-0.007239271560746135,-0.01420267552080757,-0.006913972149612909,-0.004541785745472896,0.037192505295998206,3.984368074749321,-0.7701588408303471,-2.7262867755905362
-0.007186900359874957,-0.014167624995210543,-0.006856783180342651,-0.004628267070508187,0.024933185508132744,3.997091450652803,-0.686586470891191,-2.7425350294476174
-0.0072261086094741606,-0.014194014884857433,-0.0068996858745156665,-0.004563416570151558,0.034140910558948474,3.987693481699523,-0.7492908272287052,-2.730518466763378
-0.007212945072648635,-0.014185275332302197,-0.006885321017101376,-0.004585081131787939,0.030989745680548353,3.99089534090311,-0.7283521614464877,-2.7346298571322016
-0.007199894824274287,-0.014176426669972311,-0.0068711037289820864,-0.004606778407845351,0.027906535339008613,3.9941456830856157,-0.7074282693912691,-2.738696866325603
-0.0071723070103940295,-0.014175493617399004,-0.006823831571607823,-0.004621198034354492,0.02036391859169748,3.9672468271220076,-0.6770613911451128,-2.7291271485296527
-0.007132521270590481,-0.014149752216653053,-0.00677802481308691,-0.004683646981722938,0.010830565037514327,3.971990938508611,-0.6149468098712488,-2.7381255494692147
-0.0071458000840934925,-0.014158558159842979,-0.00679326207856048,-0.004662541098651388,0.01401743338110843,3.970285269493963,-0.6358447960160097,-2.735110442758217
-0.0071591173035997595,-0.014167106709218268,-0.006808655451937846,-0.00464175636931162,0.017208437154161742,3.9688186900891282,-0.6565798663069294,-2.732163076080599
-0.007119317143720942,-0.014140754119190357,-0.006762941846906001,-0.004704947593845209,0.007648870553215258,3.9738509005928893,-0.5939694275307509,-2.7411563780762567
-0.007106164773469713,-0.014131622534716018,-0.006747915993191808,-0.004726352017254473,0.004463747977187371,3.975731097567611,-0.5729343600235874,-2.744134365596015
-0.006950176383993675,-0.01403663407580928,-0.0065482865411053285,-0.004947570745036606,-0.03408564546024435,3.9551508543473957,-0.33820220199430073,-2.752346007921041
-0.007093036257936006,-0.014122361617303654,-0.006732891354032394,-0.004747865530162146,0.001271158100140792,3.9775913645097316,-0.5518152616977029,-2.747042090850341
-0.007079960015631517,-0.014112909988747159,-0.006717967964772155,-0.00476958770318256,-0.001915889014331743,3.979569064476633,-0.5305834497306242,-2.749948472126174
-0.007067158567669721,-0.014103228208384671,-0.006703569822122239,-0.004791509832636543,-0.005048209667328323,3.9819852671480302,-0.5094106003124378,-2.7529936033576594
-0.00705465954051264,-0.014093619481328442,-0.006689487413763648,-0.004813092019501677,-0.008124599251205046,3.984346143874273,-0.4885824284451841,-2.7559134953840516
-0.0070419736444017325,-0.014084417323174225,-0.006674577309184465,-0.004833916932648847,-0.011297964160974372,3.985504209699694,-0.46794221828695154,-2.7581654654109324
-0.007003768493002567,-0.014056216781937738,-0.006629173291456693,-0.004896859990890688,-0.020873660532097577,3.988211960998118,-0.405387504032317,-2.7642055570885105
-0.00701616415038057,-0.014065789352902624,-0.0066437115508906795,-0.004875788352973091,-0.01776026887768488,3.986877332240382,-0.4260803371681858,-2.762059618824733
-0.007028966650302129,-0.014075285055649617,-0.0066588882944290245,-0.00485461799527966,-0.014551024612366301,3.985892556905718,-0.4470781989795806,-2.7599952239855114
-0.006988806692441199,-0.014063194278046075,-0.006596912336949143,-0.004888989422514956,-0.024395984769129245,3.9583582319455766,-0.3985684115783817,-2.7500000600919035
-0.006963078897675764,-0.014046067197338356,-0.00656423186930778,-0.0049271180796955525,-0.03082894928267509,3.9555527148500222,-0.3588796517417871,-2.751260973797177
-0.006976150337989973,-0.014054830335642159,-0.006580851698218951,-0.004907695806567358,-0.027557099728131005,3.957000313939434,-0.3790798040555208,-2.750659070546438
-0.006822404196241176,-0.013953726622339225,-0.006376105516440048,-0.005124667135358378,-0.06631055697015026,3.9211707345657083,-0.14717097928585035,-2.7443362712885384
-0.006834946649760612,-0.013960692820345604,-0.0063942489014732,-0.005109939635577237,-0.06317516381717929,3.9272650226963974,-0.16431037536317916,-2.746791371482707
-0.006842310395899286,-0.013975524279777447,-0.006397833897361394,-0.005081916003508811,-0.06095604115910776,3.9145691715088047,-0.18604561731744357,-2.7397184998464392
-0.006808898776343067,-0.013944414463379193,-0.006357615081261897,-0.005143651425505324,-0.06969567722083712,3.917079536213816,-0.12682112007209892,-2.742917426674133
-0.006797130823029771,-0.013933882132693998,-0.0063428747236879855,-0.0051644449449098065,-0.07289681017577411,3.916817191295547,-0.10645385526845476,-2.7433353063775527
-0.006786956002703025,-0.013921186674033489,-0.006332170806157845,-0.005188831878508131,-0.07566912799467235,3.921547965485579,-0.08478431073111432,-2.74620037229573
-0.006857487185639017,-0.01398767140713123,-0.006417001301955052,-0.005057182407009219,-0.05703400804935368,3.9157199542068923,-0.21083290314538458,-2.7393116266222832
-0.006934184569884772,-0.014044885135340301,-0.00651360163125263,-0.004937143611754465,-0.03771524161533726,3.92224444348196,-0.3325560386702336,-2.7364124741628504
-0.006871661350726477,-0.013997318104341176,-0.006435866244627668,-0.005036974767739604,-0.0534580638620157,3.919061597162654,-0.23224983855975823,-2.7400526475963685
-0.006885253814149709,-0.014004659348560287,-0.0064551474076098925,-0.0050208741589615885,-0.050157977229033916,3.9249623784417405,-0.25087670832157144,-2.7421273507468893
-0.00689957292325899,-0.014011036908882354,-0.006476320200488969,-0.005006186856356634,-0.046553123095005776,3.9330593029678043,-0.2692266076817232,-2.745237737921861
-0.006909874024888324,-0.014023052223654698,-0.006486184046041065,-0.004982243788988928,-0.043978759501684055,3.927051706994448,-0.2900943362931006,-2.741190740048791
-0.0069216061989651545,-0.014034372277569361,-0.0064989334161958704,-0.00495912648249455,-0.040853549440986875,3.923630553877912,-0.3113704738424004,-2.7383302205739652
-0.0066077736963769005,-0.01380060213042502,-0.00607026440092858,-0.005418589402084533,-0.1206531818370601,3.832857983420125,0.17106923524378267,-2.70255991328593
-0.0065884396156058594,-0.013776214450986623,-0.006045644886180419,-0.0054623809839119755,-0.12643427335815252,3.8344665469593537,0.21165224849317332,-2.7025740107764644
-0.006590999271366953,-0.013794234262004485,-0.006042741387885387,-0.0054298879867761655,-0.12439600504370209,3.8166439572027584,0.18782621130698307,-2.6940837280520333
-0.006569396757395864,-0.013770434040174204,-0.006013563322611074,-0.005472223371204073,-0.130454324420634,3.813793564635047,0.22849971731353427,-2.6917327106130062
-0.0065524344051123085,-0.013763203582397332,-0.005985823613865903,-0.005484533453656126,-0.1342102949894836,3.797759629763981,0.24586369659028104,-2.683149533992672
-0.006536066038384159,-0.013754721875671961,-0.0059595991945499095,-0.005498911821094763,-0.13784307681837052,3.7838185822741544,0.2642852265961142,-2.6755309761318924
-0.006518921384410428,-0.01374428842173564,-0.005932624819552506,-0.005516534032812245,-0.14179398559353715,3.7707666593679794,0.2853033073736584,-2.6682145155117216
-0.006498631817468451,-0.013733124712383795,-0.00590017186555026,-0.005534960407798697,-0.14639097265905943,3.7536621204569642,0.30835911057335813,-2.6586638024044933
-0.006477354738756992,-0.013723472648005046,-0.005865369823227626,-0.005550273663983917,-0.15083063651815418,3.7333375183821107,0.3295213482774915,-2.647424015208781
-0.00645738325133608,-0.013713746421917203,-0.005832876578416164,-0.005565537303368972,-0.15510143164162796,3.714775622108086,0.3498784045560724,-2.637018935614243
-0.00644648908362778,-0.013698692290668132,-0.005818030482196951,-0.00559105175219526,-0.15829035387855805,3.7143335702210565,0.373247359346347,-2.6357012864727887
-0.006772450553976965,-0.013913970419369018,-0.006310201615184189,-0.005203786223948886,-0.0792944911687198,3.9123071642085248,-0.06625525917546315,-2.742003325883205
-0.0067602404983937315,-0.013903834458801318,-0.0062939928678626125,-0.005223595065179714,-0.08253652231219767,3.9100877253175725,-0.04613119406494054,-2.74125477545731
-0.006750527856846082,-0.013891539010191002,-0.006283401018362123,-0.005246942402620636,-0.0852442251064728,3.914045276515565,-0.0252187573844805,-2.7435297603563162
-0.0067366782691393665,-0.013884935350354316,-0.006261967194061551,-0.005260293913544377,-0.08866568568061417,3.90416503501794,-0.008172268419110527,-2.7388219368869553
-0.0067226937355948264,-0.013875363548660105,-0.006241842484526004,-0.005278883033450226,-0.09218443539514132,3.897972809968081,0.012294727308593816,-2.735920708950491
-0.006698801114364453,-0.013849722241667714,-0.006211969697215426,-0.00532714641595955,-0.09890832952170577,3.8991837206309774,0.05818438884615403,-2.736713057632332
-0.006706871644012685,-0.01386422280179683,-0.006219085629447589,-0.005300289401232048,-0.09628281442443919,3.8910731141790182,0.03569709620086983,-2.732616045770342
-0.006683406994325276,-0.013842479542961942,-0.006187661658786202,-0.005341138827547151,-0.10264897648177676,3.8870597484567315,0.07644856692080702,-2.730654329420237
-0.006606595763987669,-0.0138163976443775,-0.006061217118118823,-0.005390141978275166,-0.1196055397794666,3.811960984568164,0.1524043291180515,-2.6923161342828696
-0.0066618818845898585,-0.013840670025436092,-0.006149553077951297,-0.005345340757846254,-0.10698952272567343,3.8592044496245177,0.09161254224266002,-2.7166544293464834
-0.006640237366532693,-0.013835702010199447,-0.006112892332421748,-0.005354984040009452,-0.11159845303844364,3.8352094199488476,0.11021341457253951,-2.7044879157025314
-0.006617062349566756,-0.013829866315595019,-0.00607396128160209,-0.005365907288647333,-0.11656358158909705,3.8101204710013685,0.1303642211030507,-2.6916660555543226
-0.012925215429546227,-0.005793299559365039,0.006653958644646913,0.004624648144739883,0.7007619370830324,3.677156500723038,-0.5277584436224813,-2.575936228286879
-0.01296209514062661,-0.005809309560632872,0.006605436563497924,0.004666317324651716,0.6932766130884755,3.6786878432732095,-0.478469407233909,-2.58112446573878
-0.012944618794420245,-0.005800155220305707,0.006627467105909277,0.004644182687661432,0.6964397310814384,3.6754507584331493,-0.502450680380144,-2.577405566847823
-0.01311468858261517,-0.0059128117368374465,0.006419249563489334,0.004889188793710989,0.6686861236114403,3.729487790667371,-0.25604766899241954,-2.621454990841427
-0.012977487694709959,-0.005819388145651556,0.006587191135273819,0.004688885144666948,0.6909832622664805,3.684676049064667,-0.4564526013618874,-2.5859614080192768
-0.012991239775556053,-0.00583019155389408,0.006571893518544536,0.004711832442874265,0.6893018208008418,3.6928207351164204,-0.43591572054936906,-2.591673248408284
-0.013076747149736234,-0.005897647456171664,0.00647331250778884,0.004852627443189096,0.6776813411470985,3.7377154666824817,-0.30590248113863366,-2.6228454264604406
-0.013099860465148792,-0.005899442258801417,0.006436183399704929,0.004862738462551428,0.6704958305249898,3.7205330526863407,-0.27976425866839233,-2.6157909863283257
-0.013069664922168012,-0.005873513179004349,0.006470758667515347,0.004810648060238763,0.674408976196737,3.703314284916167,-0.3268984030225743,-2.604531401308069
-0.013050681896406974,-0.005862648199701503,0.006495336047134621,0.004786515972367274,0.6780389568756191,3.7008523690956276,-0.35344504282685724,-2.6016332695784485
-0.013006566710148802,-0.005844458334577818,0.006556055481799944,0.0047409128181840265,0.6879348694155085,3.705425328955741,-0.41182883457038055,-2.5997976845805133
-0.013028860362488905,-0.005852871403681106,0.006524989131859124,0.004762875526143198,0.6828277500292669,3.7020803668965603,-0.3826752513099852,-2.6002507146331513
-0.013143816819926773,-0.005940808492658108,0.006386324948144412,0.004943685623806346,0.6652691714303504,3.7489185709265693,-0.2080387494173244,-2.6332465824715077
-0.013157866264376422,-0.005952196159110441,0.006368986836754398,0.004966275964929625,0.6630432457842003,3.754314940533687,-0.18605118867600348,-2.6367839291498085
-0.013170627723002946,-0.005964407034517852,0.006354077825273588,0.004989817950200977,0.6613349854905418,3.762002836605458,-0.16478711187627962,-2.6413418727135567
-0.013180240341578445,-0.00597777557281089,0.006344913866362755,0.005014514519648331,0.6610358004942294,3.774435272091435,-0.14587505546633386,-2.6480807381154094
-0.013195235097384756,-0.005984487188635133,0.006323082825105845,0.005029108680823534,0.6572606153694839,3.7704024067941577,-0.12585113826205704,-2.6467127232429117
-0.013206620372519679,-0.006000306270015158,0.006311853553299075,0.005058196495912473,0.6566549424343487,3.7845322646257826,-0.10320430398501945,-2.6542544976420417
-0.013148817057395474,-0.005921638380237756,0.006367608835969813,0.0049131106750831795,0.6594914889444866,3.7128845373260497,-0.21462512994258298,-2.6151510493360774
-0.013140684719234842,-0.0059019368495507474,0.0063703299351028095,0.0048784574456448545,0.6579942185260405,3.6882946506831233,-0.23506827833153057,-2.6019991007311902
-0.013230376606052025,-0.005999529833722064,0.006271272520266651,0.0050614139779150075,0.6486041201505045,3.7587369961881723,-0.07981172288734463,-2.642130514371146
-0.013251223391102712,-0.006016361289608781,0.006244103264382974,0.005093476183233108,0.6449025397670249,3.7637212281276207,-0.04704195295092195,-2.645173894356463
-0.013272256821019396,-0.006011396254149261,0.006206238943298346,0.0050883715497616645,0.6371198026614268,3.7339614035194075,-0.03018905559867118,-2.630737549048893
-0.013291771360978654,-0.006022770406182314,0.006178491832885287,0.005110314552127778,0.632763658277084,3.730892141521926,-0.0030896138406228298,-2.6295185797091425
-0.013316842376890896,-0.00603751473470285,0.006142621919289596,0.005138267052778139,0.6271584538409906,3.726474814351301,0.03161039658685768,-2.627522266470386
-0.013367538069689393,-0.006103994840585537,0.0060836446048608194,0.00525575015482316,0.6217974223757787,3.769571396617096,0.1315144981422313,-2.6483136768609215
-0.013338893466026309,-0.006061204930989082,0.006115277552275949,0.005180606751401575,0.6241668085793423,3.7379713865437276,0.07042544500200822,-2.633219484065045
-0.01336733289399783,-0.0060748962703460665,0.006072531964157769,0.005206060463781429,0.617162786935812,3.7265410176573446,0.1070687566583859,-2.6272999223970372
-0.013396289129877755,-0.0061413100336287505,0.0060483224442908256,0.0053212144338472805,0.6180315251049339,3.7906227288340864,0.1892061434903023,-2.6576747653556105
-0.013387874322986954,-0.006115139963023887,0.006053025933869828,0.00527584911795192,0.6166716753093637,3.762272211673013,0.15899384800774244,-2.644289856299182
-0.012920227399213821,-0.00576860180226555,0.006645218990241092,0.004583067482450402,0.6958173652020826,3.6377690511960066,-0.5429757855858793,-2.5547746344029734
-0.012797914105476786,-0.00569598979556261,0.006784977390379394,0.004407914913108591,0.7128061264219873,3.58458703681729,-0.7097194726088799,-2.509466497836588
-0.01276985076640941,-0.005663134851341027,0.006803419590772976,0.0043418307150510016,0.711164112268372,3.541651904218448,-0.7506001008771374,-2.482374783276048
-0.01278789408001229,-0.0056773336236331795,0.006786521007012456,0.0043737032300331415,0.7103072308937312,3.557336161998349,-0.7260544091121774,-2.493552401836506
-0.012678633209304353,-0.0055613094847858854,0.006860990553730129,0.004135015677798497,0.7056824997528631,3.405869868121401,-0.8732901688191456,-2.3947005802936077
-0.012765742414201708,-0.005631789256426153,0.006786183608054385,0.004292149582580747,0.7032866942999655,3.489980170022366,-0.7614127911242051,-2.4544425770052283
-0.012741346201006136,-0.00561098046682554,0.006806987997798881,0.0042467790508381184,0.7037481216456024,3.4654881065325145,-0.7935421220025604,-2.437406873788822
-0.012707271647133027,-0.005568061246334376,0.006824532792961829,0.004162894306478646,0.7002076753562937,3.4072025988793224,-0.8390326909299922,-2.400544988110751
-0.012735959035768737,-0.005579042838474107,0.006790899861623116,0.004196422602262391,0.6959096474414147,3.4146664053376568,-0.8043498530688792,-2.4094506655353682
-0.012818190280291025,-0.005698256920669893,0.006755392047437281,0.0044224676149922934,0.707467355590583,3.577784917043495,-0.6849135740188969,-2.5090626403592533
-0.012840056902760619,-0.005704318783297589,0.006726003992300485,0.004443385137747897,0.7026059555794131,3.5762923583156483,-0.657444884204936,-2.51155001677138
-0.012863919614573676,-0.005710776042855005,0.006693652489955167,0.004465553134497807,0.6973267086412008,3.573793309569956,-0.6275721395415138,-2.513688331888162
-0.012889617267670204,-0.005718513937270938,0.006659145409653439,0.004490172267899005,0.6916665114291337,3.57186358627186,-0.5954318903170517,-2.5161966653402694
-0.012915467349444815,-0.005739535434312868,0.006633116997095818,0.004535110725529194,0.6897135672729081,3.5914310162228738,-0.5588820881686117,-2.529871172870069
-0.012551263030081389,-0.0054939854168124455,0.006988260895246587,0.003951530811337144,0.7163420472522984,3.327521001630163,-1.025760531186827,-2.3279796361660305
-0.012576496590762806,-0.005504258942147109,0.006961350654005243,0.003984193929895088,0.7135364348220544,3.339297107355622,-0.9960510733324556,-2.3395020762569456
-0.012600635866220972,-0.005516413042734431,0.00693717712662538,0.004018392320941464,0.7114689730950431,3.353792211021517,-0.967489446660092,-2.352092537725564
-0.012630509699444195,-0.005530426726039954,0.00690593664362859,0.004058835925815727,0.7084211719629424,3.369224651849911,-0.9318518816319912,-2.366188641728906
-0.012665329011847089,-0.00553076790348158,0.006856373902854598,0.00408237800926737,0.6997337889270381,3.359922813709296,-0.8909524629965638,-2.3678263296938624
-0.01254864394539088,-0.005461911625952152,0.00696531311597922,0.0039050495818664043,0.7062927609452142,3.2758956414928915,-1.0271964635811723,-2.3001740503238803
-0.0122837586514384,-0.005314854683663918,0.007186247910897103,0.0034955962034305724,0.7101074365602794,3.053665084588722,-1.3079834369536218,-2.120548226302961
-0.012345873085184143,-0.005351798032619495,0.007140852831895958,0.0035969143319828745,0.7120132489555931,3.1147797892131948,-1.246700942799359,-2.168436931745248
-0.012321509836524365,-0.005325249751586192,0.007148147402243248,0.0035420078917494375,0.7069332338292738,3.0728248974434114,-1.2680130299696177,-2.1403983895388623
-0.01241050059026097,-0.0053680651476285405,0.007071478542326239,0.003672124141053039,0.704754328429575,3.14080748021134,-1.1758339287002297,-2.1980116295167558
-0.012519459278179797,-0.005419825564752712,0.006970430148772344,0.0038260149211085345,0.698994516439467,3.2135505476431665,-1.0579017480995718,-2.260978463981639
-0.012438714077677,-0.005380673355059726,0.007045317686435153,0.003711437209874193,0.7032177224336732,3.1594390789630347,-1.1456879824454835,-2.2144233036051513
-0.012466358576363086,-0.005394659395834072,0.007020615193550762,0.0037517646363431603,0.7021623458140663,3.1795318389746785,-1.1160574942217387,-2.2313197389153676
-0.012492952678255578,-0.005409132115097064,0.006997256133050065,0.0037916243899919918,0.7013471486340848,3.1998096410715875,-1.0872911138845012,-2.24795655186915
-0.012379275285422077,-0.005350559592007208,0.007096756048362859,0.0036236231131766784,0.7048282828322173,3.1138496509534184,-1.2081208505350778,-2.176338557237812
-0.012411133289296862,-0.005339378190618596,0.007045924685893446,0.0036353753141876778,0.6948469859626027,3.0972718749003127,-1.1699188212708103,-2.175199082890455
-0.012545609853259697,-0.005428941001262362,0.00694241968024589,0.003857629693175112,0.696143227284144,3.224205168465257,-1.0286195011772383,-2.272135084203613
-0.012155894669848039,-0.00522536638654193,0.007258668799046088,0.0032684170800921478,0.6976615829943066,2.9010121914916525,-1.4197818078764344,-2.00661952079866
-0.01224450522457881,-0.005252573999394692,0.007178014281466028,0.003383576122144923,0.6939780270570298,2.957035430275346,-1.3328076662117334,-2.060154298130915
-0.012193397254425408,-0.00523057361082388,0.0072192319330836455,0.0033101180576621566,0.6939398815681884,2.916507144005927,-1.3810489854992716,-2.0252817687776212
-0.01222377654201406,-0.005233839798397024,0.007185993701388177,0.003342137040921419,0.6902889682810343,2.9268175499245985,-1.3493106929038101,-2.0389401957201136
-0.0120749208285061,-0.005190250032419482,0.007318910319983951,0.0031483908017499005,0.6956529682073458,2.830261549492685,-1.4921524326797153,-1.9465724504819952
-0.012103829388415114,-0.005196215930415823,0.0072916394514359,0.0031839490901958943,0.693729736416297,2.8469123165869386,-1.4640570049171358,-1.963777832610623
-0.012137951259863292,-0.005183498781544556,0.007240588301518365,0.0032025383862083687,0.6845131709905268,2.838449388720203,-1.4227663885055661,-1.9697402421735486
-0.012031148233760162,-0.005148643576524024,0.007328105362110475,0.003057647654374561,0.6845190703896797,2.759928029325206,-1.5192219908575508,-1.8979302789898187
-0.012064070577460022,-0.005159406862859182,0.0073018044960877545,0.0031028066704231277,0.68494163123624,2.7849362117302996,-1.4901071800942405,-1.9206203393163093
-0.01201833721475995,-0.005113388817136582,0.0073085859242895896,0.0030060751478617476,0.6725208335432087,2.7095430416782116,-1.5161394246407394,-1.8688690788337639
-0.011816789784444469,-0.0050445503543035805,0.007450535645034309,0.002720139292746607,0.6626401290772329,2.538516710288295,-1.6768473492654443,-1.7179399095771186
-0.011785700000982174,-0.005023880411969747,0.00746037444046429,0.002665208692896853,0.6562571595787597,2.4982595253074398,-1.6939543919225777,-1.687619764325459
-0.011750703376362102,-0.005005553632498436,0.007475644865267702,0.0026081451191368355,0.6507616656162253,2.4587185732299095,-1.7151623799309632,-1.6561961098492801
-0.011909701533796361,-0.005053619204723296,0.007366006984271311,0.002830274726616761,0.6596886223644679,2.5926521294753595,-1.5935934587943328,-1.7762801824969603
-0.01187399791406955,-0.005035810126098331,0.007385021680487877,0.0027740573226691365,0.6553462061149036,2.5553540465399784,-1.618259550843734,-1.7461028946538575
-0.011842691385214248,-0.005027248407568884,0.0074079381875006445,0.0027315876493868166,0.6544235313424239,2.5306669469108227,-1.6429885029310178,-1.7234420658604432
-0.011998303223660387,-0.005075848705380084,0.0072946782779332005,0.002945435604224797,0.6603818842431338,2.65523324318151,-1.5187664233050173,-1.83553782555437
-0.011985869306048584,-0.005036218492584422,0.007270728702418033,0.002891089084415596,0.6468347122505906,2.601978175429924,-1.5123081382821866,-1.8050780208002806
-0.011943034356747415,-0.005017325740261022,0.007297361259756135,0.002827928661331014,0.6435146265458115,2.5628461496355848,-1.5440311632005446,-1.7722494179464603
-0.012271288287537886,-0.005275912381638687,0.007166434673680783,0.003436164450331586,0.6980313861714216,2.9945969658993623,-1.3105428139217639,-2.0867344443176408
-0.012270768364022175,-0.005240930152012112,0.007135744288036513,0.0033929907349209095,0.6856320774082411,2.9441068667048613,-1.300770501898127,-2.060373115073288
-0.009645085402961431,0.004433299924136167,0.007667118973121911,4.774218406635501E-4,0.1785575353585038,0.24534326688941696,2.1599742883126822,0.2699571300627586
-0.009592430938327113,0.00443795915939227,0.0076614264890197984,5.485630259794381E-4,0.1681638106366602,0.1959806276522355,2.1600044442483703,0.3191650874063681
-0.009534300362445413,0.004420547099876068,0.007630392476044793,6.21472514866146E-4,0.15443652737029648,0.13725108345213533,2.141641683494976,0.36965437877534824
-0.00946679537018625,0.004396650587917575,0.007588822514295429,7.032869043063257E-4,0.13937774149447135,0.06977509994804183,2.1159125947520927,0.4264138905266676
-0.011055111263499529,0.004719481817312708,0.007707581028065006,-0.0015260410803462487,0.5168866589546822,1.6999719803297644,2.0312494643907435,-1.028169649815293
-0.010999622110060496,0.004702929765460363,0.0077206941667796805,-0.0014432703999065434,0.5047406418058955,1.641614386274593,2.0494130418724583,-0.9779019512130274
-0.010900147907095993,0.004700131376621518,0.00776833843627276,-0.0013077352439704007,0.4905425900038417,1.5535702116775647,2.0986229065470066,-0.8917651602861094
-0.0108488755593019,0.004669332356198964,0.007759712283197903,-0.0012234638089117361,0.47322988660272935,1.4886041029497448,2.099860644013456,-0.8418121138499127
-0.010800298745383364,0.004638052174058338,0.007748004971747854,-0.0011436563365193233,0.4563421019972847,1.4262743012548393,2.0983092283365967,-0.7943825519948026
-0.010950565667149413,0.004666077482491064,0.007707563093524473,-0.001358795141281075,0.48661327992191944,1.5749715028248803,2.0478226136070656,-0.9287484669415361
-0.0102908879857772,0.004543891548267807,0.007795284101326063,-4.1030273341428967E-4,0.33633396010110517,0.9042329540955888,2.193794467017904,-0.3249518179149416
-0.01074959180752558,0.00461757879574084,0.007747280502529264,-0.0010662942158594301,0.44231632337417676,1.3688784140807593,2.1046174027880653,-0.7469160520566912
-0.010364373752580305,0.004546379310832328,0.007785294932940114,-5.133372210847408E-4,0.35215187586829083,0.9755583786745073,2.1786096680828635,-0.3930405604883908
-0.010492146533068193,0.004542216720023794,0.007752203822388894,-6.892028417202598E-4,0.37655031784136483,1.0938777473803163,2.1401552691043806,-0.5095405147477493
-0.010456784262219899,0.0045414488432145485,0.00776018484716237,-6.403629796233973E-4,0.3697469905459768,1.0605744908848185,2.1500140113099513,-0.47745374310068833
-0.010423515597523003,0.0045155573157929976,0.007740618787130965,-5.88689885751427E-4,0.3573592446023403,1.0176529738646758,2.139644795921234,-0.4459395408546764
-0.010693680848497464,0.004600781191519241,0.0077509445076111684,-9.836639842765785E-4,0.4281984294765407,1.3088901366984553,2.1145373137329027,-0.6952997669195534
-0.010625961343816888,0.0045957092304882334,0.007769255522407821,-8.890371194845739E-4,0.4150182549989988,1.2444558399961674,2.136299209192051,-0.634480877176148
-0.010573302000534373,0.004549670500308878,0.007737385278383433,-8.023399889704082E-4,0.3935507368036805,1.1724320555314156,2.1198541827024635,-0.5831360957864239
-0.01052870354673617,0.004517088265063854,0.007716154210366655,-7.323570366745482E-4,0.3774303769973779,1.1155560938236315,2.1097812759960033,-0.5407360230786074
-0.010234085608148,0.004507915476185879,0.007764941099364111,-3.262936986524507E-4,0.3170326480768398,0.8354801856690973,2.177677865494331,-0.27238268672673144
-0.010184622671889191,0.0044846904419218675,0.007745833560651147,-2.555210908588012E-4,0.30233563060729857,0.779394946218682,2.168803389327963,-0.2268702629947299
-0.010094660414705452,0.00448690207098068,0.007754527858961839,-1.3159971597009767E-4,0.28368388261289623,0.6938059845423191,2.1841268942662437,-0.1432830155593042
-0.010048628549359478,0.0044718044788514336,0.007740297926304382,-6.766147866448153E-5,0.2708085810350207,0.6444557297938367,2.1781433621132664,-0.10117305888526155
-0.010140744453530547,0.004467534051148701,0.007731503394906233,-1.938856511493239E-4,0.2896589205378659,0.7312801450462109,2.162668367799871,-0.18676294755185874
-0.010025300573846256,0.004430037499476905,0.0076971718427836944,-3.512453428192321E-5,0.2596770826715523,0.6087071735040085,2.1486157303607394,-0.08201150484267887
-0.009966367750993138,0.004415718105268653,0.0076820601014438985,4.427440705283035E-5,0.2453850014437666,0.5482125084835795,2.143099653397671,-0.02859281393585208
-0.009894295784168134,0.004404994289147681,0.007668259636254139,1.4052228305377166E-4,0.22812281914316168,0.476645043865767,2.139318170034478,0.03668753893831977
-0.009835403205693566,0.004415657303904956,0.00767497612070372,2.202800065259664E-4,0.21786326052900362,0.4234621352166917,2.149542218565927,0.09179891947475663
-0.009774082648367807,0.004398490810046839,0.007651007018222912,3.0034065541717676E-4,0.20270952853255172,0.3606562515297602,2.1371893946481957,0.14640514439044125
-0.009694127149543142,0.004374086591380836,0.00761509490258603,4.024577189084346E-4,0.1838885179140153,0.2795648158803366,2.1172930099712097,0.21623520689582063
-0.010278307330089437,0.004481167601522543,0.007731003370325224,-3.836303121802526E-4,0.32094007084863097,0.8668545194591584,2.1483123382272424,-0.312890621293593
-0.009324733527690483,-0.004429110534827618,0.00757746705392887,-8.962199791495658E-4,0.11280246641478475,-0.059133813784150994,-2.118243704205536,0.5619408977146917
-0.009422357223131159,-0.004394160207535656,0.007573704877830945,-7.597551121630394E-4,0.130697330945304,0.027665915058570623,-2.1079152328485278,0.4662788249225383
-0.009369237069150056,-0.004393404238124067,0.007556588386448675,-8.274265997196296E-4,0.12017949003172732,-0.02190445160856148,-2.0990735971436414,0.5138228654846422
-0.00926225968097813,-0.0043938163739047666,0.007519890827572185,-9.626769166441295E-4,0.1002200933574295,-0.12063023375589461,-2.0793661710125266,0.6090333867223245
-0.00890195465849859,-0.0042689154892854965,0.007240928893845761,-0.0013316981561889067,0.04230914696263965,-0.4385259910724991,-1.8913944910287728,0.8750248267436406
-0.009188173441410662,-0.0043616380453236,0.007459660153626895,-0.0010417157681929974,0.08639025087047834,-0.19042668009350686,-2.0390744750856626,0.6654808712481765
-0.009006671255418968,-0.004291686154135766,0.007313588219644568,-0.0012253786198967618,0.05701703018870518,-0.35129761799910103,-1.9401748788507664,0.7978916353949749
-0.009100529242357613,-0.004326204003542699,0.007388786056436592,-0.0011320403338284841,0.07154810508208598,-0.2698637191399533,-1.9912059757598046,0.7304338740102053
-0.00949369201578892,-0.004331270499044908,0.0075307401050331195,-6.516241716650391E-4,0.1412923077328383,0.08469069751809007,-2.069921115004535,0.3900163075137624
-0.009444769508433233,-0.004328163945213818,0.00751461772056512,-7.123986650374212E-4,0.13186136386503947,0.03920870885270606,-2.061508454235531,0.4328867497582465
-0.009597683314060718,-0.004342817110270275,0.007566153781830831,-5.218239748442107E-4,0.16194583994131306,0.18292617614854892,-2.0883344387479856,0.29892358828295057
-0.009535820215171914,-0.004300346508638304,0.007510562945916753,-5.910357899990715E-4,0.147384664231609,0.1185893804058603,-2.051297735409659,0.3469657770392049
-0.01083904928668928,-0.004696558418524871,0.007793121679324146,0.001222341725740592,0.48027620686845945,1.49681159444029,-2.1252189545669107,-0.8373817939204837
-0.010810229338693989,-0.004655621542491303,0.007762329228901538,0.001164720446300789,0.46314303802204687,1.4456241993100984,-2.1071422016714423,-0.8056091758667044
-0.010886859955166904,-0.004689171252449575,0.007763100690451577,0.0012844039898965273,0.48513408924381934,1.5346976162452357,-2.0967587705240196,-0.8782153914269824
-0.010934237165849863,-0.004684647048342157,0.007735248077181399,0.0013463003963289212,0.4902397183003601,1.5731502278778196,-2.069844757089808,-0.9183667858300888
-0.010984142221563091,-0.004678971589115784,0.007703807172612687,0.0014100260369405099,0.4951280830670019,1.6120491848345437,-2.0398909365534554,-0.9596776397890293
-0.009782609385784699,-0.004421639472961122,0.007675800188428664,-2.9167676529837837E-4,0.20689741212526094,0.374475379199172,-2.1549268267505055,0.1412391482691656
-0.009654412076919291,-0.004314704043663986,0.007548958591502972,-4.438695179072982E-4,0.17099107225320564,0.2302559046585866,-2.0707500417722566,0.24379008225329923
-0.00971930636908135,-0.004366990686039078,0.007611773388381915,-3.684185225711895E-4,0.1882988926588094,0.30165129107578864,-2.1125341072135697,0.19242174511466004
-0.010354886212242655,-0.004557622735501826,0.007799036042168189,5.022145705230507E-4,0.35277023755214953,0.9712069518641141,-2.189526188018441,-0.38442728691433287
-0.010224915907993704,-0.0045547680066616485,0.007815789062510717,3.190787974789683E-4,0.3243343630105244,0.844696783942772,-2.2155408300846235,-0.26313829431566016
-0.010269096612471159,-0.004536756037624938,0.007790881608294292,3.788228876051512E-4,0.3300826101315899,0.880222680660445,-2.1928133993123664,-0.30444866076726085
-0.010304610623969784,-0.0045047774166217655,0.007751778476438772,4.2328070302724146E-4,0.33133416141834626,0.9011268030311771,-2.160676333121478,-0.3371595865588006
-0.009850829960062457,-0.004399798142427157,0.0076599763176020295,-1.983105254765587E-4,0.21868874331502317,0.43397187881519805,-2.1371494489935867,0.07605930592052933
-0.010175758421116959,-0.00450863533175445,0.007771856902846089,2.454544341093285E-4,0.3047963848741566,0.7796161666826945,-2.1887086348463884,-0.21808407188921008
-0.010105539297109264,-0.004473407809203972,0.007739816613160878,1.4591062516544745E-4,0.28323714641856107,0.6996615729029295,-2.1723553996513334,-0.1540685443420016
-0.010039455987351153,-0.004409448781776332,0.007675714246577544,5.39357854252787E-5,0.259469661293624,0.6155494838395111,-2.1316227336441753,-0.09601110518270058
-0.009918308855840498,-0.004375020545841866,0.007638826070421309,-1.0710294715166621E-4,0.22987848152374069,0.49105757316864734,-2.115430397378107,0.012272714056107083
-0.009979987216758211,-0.004359658387193635,0.007624970898125221,-2.5237614677468896E-5,0.24036382254505953,0.5444219505323559,-2.0995585959881526,-0.04467507578784064
-0.010578281404140513,-0.004654133929944707,0.007847008251765389,8.411941923900526E-4,0.42205447526823603,1.2305161488144936,-2.198402431992361,-0.5959179391498951
-0.010627793027011551,-0.0046410686496711475,0.00781694240845495,9.067121085773673E-4,0.4278296291337779,1.2703028676547419,-2.17054261686585,-0.640290959563547
-0.010676303186035421,-0.004629552112938564,0.007787748390881065,9.702366772847386E-4,0.4333265637049237,1.3090348883848668,-2.143318407061447,-0.6830914190961681
-0.010556185626699712,-0.00461355155583469,0.0078101196196540285,7.977611133976471E-4,0.40679650298464515,1.1887689748984582,-2.1744466916483254,-0.5725953303068653
-0.01047780653210866,-0.004626661136613035,0.007845825898178853,6.908602437035986E-4,0.3944706959591025,1.1206536167309944,-2.209595809485023,-0.500972818210412
-0.010523603359138312,-0.004595121243909584,0.0077997923590213515,7.469300570769616E-4,0.39579268056872424,1.1488546283494776,-2.1709503999572983,-0.5414334071427253
-0.010438217707173906,-0.004578839559791405,0.007804217427686004,6.233679740162728E-4,0.3748518090879607,1.0603478472584067,-2.1840016895035395,-0.4622324344236198
-0.010403183574651918,-0.004531848075053742,0.007762135118794116,5.642569616027357E-4,0.3568654677366712,1.005866992558823,-2.1574789541386075,-0.42815708636618405
-0.010728752009496037,-0.004619748638468637,0.007757763637117088,0.0010387225010326554,0.43951471035220596,1.3513457837571607,-2.114898797335368,-0.728772436736956
-0.010782450909094162,-0.004611326081615454,0.007727424675480485,0.0011083054498338873,0.4457589441796775,1.3944946825947555,-2.0859627670631737,-0.7747870082112641
-0.011558182276771014,-0.004888101467589529,0.007529323729346451,0.002279583877223115,0.6089691003911745,2.2200723505750397,-1.8063929167958188,-1.4725922514650591
-0.011514130499608914,-0.0048594682454139865,0.007536643030795096,0.0022035270346998713,0.5978904681045217,2.1635130496140356,-1.8224157607766245,-1.429609329307574
-0.011439279052516325,-0.004853391319022223,0.007589584683594208,0.0021077898327507873,0.5936188111905017,2.106963247026956,-1.875152854192154,-1.3732650019955626
-0.011476370971909431,-0.0048415399373066175,0.007548663596790639,0.0021438243709663816,0.590138399491511,2.121420910537573,-1.8394606026415157,-1.395548647216686
-0.01109970472531821,-0.004734021604135629,0.007697090970724657,0.0015932351032639511,0.5266564133042113,1.7474241135459916,-2.0164328831283584,-1.068674013669104
-0.011051018174731394,-0.004724240196313239,0.007714881368194068,0.001523325799111426,0.517881471161001,1.699987714522251,-2.0370776503620136,-1.025887916958264
-0.011397196373154337,-0.00482099081912017,0.0075884562525269155,0.0020313048745478836,0.5799370502956666,2.0476504119677936,-1.8840779144160253,-1.32984421577682
-0.0112645240804633,-0.004784824031479417,0.007645688985030101,0.0018389762986204853,0.5592167679444827,1.9184779816674513,-1.9505841810066216,-1.2160316119198826
-0.011309963943633984,-0.004790367114436846,0.007620128602414176,0.0019003549069077357,0.5641496913600529,1.9573828303972731,-1.9240718670522097,-1.2530202315218697
-0.011352464212870244,-0.004769733951140192,0.0075690623035070065,0.001938693393514433,0.5594309206758901,1.9709801305467851,-1.8807965578370565,-1.278389529606977
-0.01117880406584864,-0.004739134175659066,0.007654358324771096,0.001699254049586026,0.5361477260116018,1.8151842311426314,-1.9726363473972908,-1.1346007094350214
-0.011139501888854103,-0.004704284046375332,0.0076425698092897456,0.0016272629994319358,0.5205691773830968,1.7577118223947952,-1.971603951119146,-1.093563947609711
-0.011234785558729296,-0.004732558777876211,0.007611769058451818,0.0017664552344182,0.5384458795369048,1.8534532715395196,-1.9330114218451102,-1.1768731961589725
-0.011030669618671052,-0.004671848668679741,0.007671558388965467,0.0014674906945940098,0.49833758708842085,1.6460231896319202,-2.00985539806674,-0.996900323708915
-0.009392307777840682,0.0043810905130751,0.007551577703898395,7.942566870327242E-4,0.12406499446079323,-0.00197923055523767,2.0936323662042855,0.49019856907588
-0.009322583685754591,0.004338683934752447,0.007487226555928435,8.679910731689303E-4,0.10954695171949558,-0.07076946425196863,2.050300633505072,0.5424732171291268
-0.009182579213653555,0.004233972689522763,0.007336441930105605,9.975865082947845E-4,0.08379233411346275,-0.20280637846542016,1.9449745800515166,0.6364591132735907
-0.009308965438109409,0.004270065298068142,0.0074164943433839585,8.614211393127012E-4,0.10522710872160504,-0.08954698765396289,1.9970959532342243,0.538314929943284
-0.009259073631867315,0.004232705717211279,0.007363886916620923,9.07806139680939E-4,0.0960279735843022,-0.13660418485337722,1.960427609431163,0.5721041649597247
-0.00488121572412425,-0.003790672549438965,0.0036953633961350784,-0.0027826615000063437,0.03642393400469923,-1.3904305352957715,-0.15814519348962444,1.645502851809484
-0.0066690948422308315,-0.004140915303031541,0.0053643300184391595,-0.002804520604122083,-0.015123934742122024,-1.4505729156536147,-0.7265138343439933,1.7906274658683372
-0.0064882135620496105,-0.004094486520342109,0.005180035605583355,-0.002816888119041984,-0.008392114507373418,-1.4557277008374996,-0.6389623158076305,1.7830250247682786
-0.006285321024613322,-0.004072551806570106,0.0049852740444640276,-0.002849806898466481,-0.001479028983407459,-1.464228793962735,-0.5526540759540229,1.7820608231668877
-0.005433648219924064,-0.0040837465819435525,0.004207366828276895,-0.0029982162145915526,0.027252193139541078,-1.464791567047792,-0.27071943812361104,1.755300342140023
-0.005227957617781935,-0.0038087763049144295,0.003992563114000196,-0.002774984050451551,0.029849908512214144,-1.4071779341571629,-0.22619348632815398,1.6718000182001693
-0.005731792000366205,-0.0040885660729898955,0.004478715335316967,-0.00296801902491562,0.018258846922355503,-1.4756161457309114,-0.35665716946397885,1.7765363697566394
-0.006053250633532924,-0.004088103673981082,0.004774380336943871,-0.0029145352321741616,0.007239122628729592,-1.476083449100321,-0.4648286016805479,1.78834113941646
-0.008538905521453845,-0.004233079217824478,0.006997966441183812,-0.0016891581778711129,0.002370178541603619,-0.7157870613229296,-1.7283678052748783,1.131195777993286
-0.008620115918441168,-0.004164086279714927,0.006992333774252033,-0.001566426517066149,0.012782926651529828,-0.648982324033139,-1.7188987134130473,1.047427460337051
-0.008413152686150144,-0.004193645450970474,0.006882776713745889,-0.001782342035373759,-0.006641883729902856,-0.7972855467530403,-1.6486862045987318,1.198647377280867
-0.008282845067184881,-0.0041259114703824625,0.006740885661529789,-0.0018510903406661102,-0.012538182925606005,-0.8694648608454457,-1.5498246383508267,1.2495622879835082
-0.006771100945009815,-0.0040052487349233916,0.0054098180148070005,-0.002644481459591057,-0.01630397776949638,-1.3961354141227929,-0.751588968198695,1.7179189579946226
-0.00695813143900784,-0.004068067589024988,0.005603908599151763,-0.0026303148754230807,-0.022672903890524912,-1.382205431324275,-0.8518335906115134,1.7189019622621406
-0.007310118366674319,-0.004228714871680576,0.006000645187256648,-0.0026129118376629367,-0.03531959948640959,-1.3459160806385795,-1.0779896497069368,1.7236761126502456
-0.007137758530338044,-0.004141215690947115,0.005799686122674287,-0.0026185286775213955,-0.028969652633883684,-1.365439840861751,-0.9598779646998313,1.7202359932120672
-0.007842229112067405,-0.004196404458069516,0.0064501277287381115,-0.002252703250209959,-0.03398824091673664,-1.128296472386146,-1.3614306534630838,1.5151438273715725
-0.007424553482979285,-0.004130989988181698,0.006052686178713815,-0.0024621895858929726,-0.0334968130925159,-1.279086546828287,-1.1086708925352882,1.6403013628020868
-0.0077025123069153194,-0.004163876391535547,0.006312276971755174,-0.0023215374483324964,-0.03430949450730091,-1.1831922084389086,-1.2713771917070975,1.5587515378057104
-0.007553191124969863,-0.004134430448288048,0.006166963505031692,-0.0023905847345364497,-0.03354354260162759,-1.234795173729564,-1.1790407712678526,1.5999838864789087
-0.008063023916318558,-0.004149954073805498,0.00659580704019004,-0.0020494699347947914,-0.02493033812629294,-1.0027883576674785,-1.454947916786841,1.3839449951273168
-0.008163585826894644,-0.004075233475826326,0.006619103190673575,-0.0019136505442240803,-0.017195772178936326,-0.93011654585686,-1.4661988786877311,1.2952929536457882
-0.007936326876919475,-0.00409308396673929,0.006459081662909329,-0.002101197195182304,-0.026735148310430796,-1.0556841098414116,-1.3631481270638057,1.4201063261809495
-0.00880475228545751,-0.0041881384078397,0.007118529649153874,-0.0013933920308906976,0.03190024264613207,-0.5124997875070066,-1.8034223302397387,0.9218630733461451
-0.008710720830850286,-0.004110844224037163,0.007001642153938728,-0.0014462716308748062,0.023851489410055663,-0.5779649706140026,-1.7197772895767567,0.9638828732372929
-0.009144203741770857,0.004145930294373014,0.007241026825190205,0.0010065201724148395,0.07694248814733035,-0.23870949451686632,1.874167560513456,0.6448636968021636
-0.00904502859905242,0.004153571556000603,0.007206354315965449,0.0011192812470257431,0.06320852587275717,-0.3201483047841788,1.8545816280223397,0.7261320741855228
-0.008989936237439976,0.004066010362353545,0.007105750872857883,0.0011392275918348084,0.05578746206761551,-0.36350746243774706,1.78032817451809,0.7429923152470242
-0.008877327742579072,0.004066388698109306,0.007052882075865794,0.0012555321435627797,0.04221219631393624,-0.4504545670824068,1.7474654418425934,0.8276754117142441
-0.008539003745997985,0.004071485684901567,0.006868939517637143,0.0015869794397331467,0.008543971321685927,-0.6946782645198153,1.629623996461096,1.0661137689762528
-0.008645311011452215,0.004055809097929177,0.0069199794874804975,0.0014780716435232146,0.01806595788921614,-0.6195153514103345,1.6612339934128413,0.9891299925817801
-0.008764156089437775,0.004057128631699135,0.006987051634112292,0.001364021308002148,0.030206628696960124,-0.5342887400343798,1.7046575600003628,0.9067464607515191
-0.0035755385587558346,0.003490330025309586,0.0026267630819824185,0.0025613019877747632,0.04881606480720597,-1.2989797376576993,0.019527229475344018,1.5178312535181389
-0.003903417592482812,0.0036751947948051923,0.0028877286934671687,0.0027082975898904656,0.04799667197062426,-1.3275539148524151,0.03665810655124041,1.556897114689417
-0.004464129586641982,0.0039883313162418525,0.0033554749929800352,0.0029621853597061455,0.046365734393540754,-1.3911949858621289,0.0825354563602645,1.6452104708959436
-0.00423981135390881,0.003625095685023198,0.0031563242127440566,0.002666102643734439,0.044295062669296,-1.3408138217906547,0.07276758809208567,1.5745940341244877
-0.006853493994865979,0.004111558767884299,0.005525142020812619,0.0027114219047511567,-0.020928041108903877,-1.4147150641947432,0.810188130776272,1.7554459236872992
-0.00702435109014788,0.004083841603871153,0.005670603790810393,0.0026168405228272178,-0.025127319377334267,-1.3736682679191377,0.8885748904245082,1.7143670385698286
-0.00740753996184747,0.004051146663828471,0.0059959935880856555,0.0024018500188482668,-0.029534712793076175,-1.261193205748057,1.0737240272266815,1.605270718564807
-0.007204958488303346,0.004096806415372019,0.005839728008537348,0.0025462090776044517,-0.0295133167732688,-1.3345553738785723,0.9829575464751245,1.6822691779088321
-0.0064659971774673405,0.0041209290288474,0.005167393621470039,0.002847837958890227,-0.007353726379832795,-1.4658658237238151,0.6325369057260176,1.795958541046397
-0.0062674709704337766,0.0041074441298550165,0.004978077015435917,0.002886602559820768,-9.115303877957341E-6,-1.4743501267306158,0.5483598266928752,1.7961154981126537
-0.005814305962192135,0.004137695358065786,0.00456357174772513,0.003001194756929852,0.01676653798744159,-1.488219399615678,0.3836195574268602,1.798533295418743
-0.006045978016776873,0.0041086896495285815,0.004772282683822689,0.0029349557614104047,0.007379825934355864,-1.4815342481739016,0.46342304519938243,1.7958569312333648
-0.006732964429858523,0.003927619637511439,0.005347885981776871,0.002587959950847225,-0.012598062792486762,-1.3791905155570379,0.7213461120023948,1.6892524891598841
-0.006554213202714945,0.003984909993704667,0.005206237374098037,0.002696793121937115,-0.0098995503335882,-1.418216577173006,0.6534615755763179,1.7317514114265382
-0.004830501934118929,0.003901652778038186,0.0036607460024701646,0.0028791622813701093,0.038556944195688836,-1.4035485566362087,0.1450796537196075,1.663122612668795
-0.005348295307021116,0.00408628188882484,0.0041311401458125905,0.0030081800094738753,0.029610201555124983,-1.4611757997010528,0.24907314713831943,1.7490354075556205
-0.005106150182831892,0.0038961321151050167,0.0038968615356036636,0.002859470528114153,0.033484137233038405,-1.4164693490170595,0.19869677625813814,1.6835960208728298
-0.005620316976160458,0.003947277824492355,0.0043543631143983475,0.002855221152297971,0.02084862190797235,-1.4428812669766042,0.322671342632801,1.7281435179914924
-0.0035624347562207793,0.0030577211819773093,0.0026099740811331633,0.0022278055967151615,0.04521719135501584,-1.2752531257192443,0.03340965167251992,1.4852730393507454
-0.004669141121373804,-0.003519851875379582,0.003499421333556818,-0.0025680559943823855,0.036922291757517635,-1.3482300870711355,-0.13162332397218976,1.5865960239728076
-0.0031118861001850646,-0.0032467642005222187,0.0022691069183867064,-0.0023706608037890055,0.04920697866164882,-1.2683759914911974,-0.004056102964463522,1.4759913232560051
-0.0036986334192176014,-0.003446867420348089,0.0027222373671067774,-0.0025277722442587826,0.04760075910029484,-1.3014453268706847,-0.02982624459010577,1.5217488134784256
-0.004132766346569747,-0.003334272536942759,0.0030597563320816754,-0.0024358616876129636,0.04269279478240961,-1.3115118851199752,-0.07139462433368826,1.5345095894040741
-0.004444368402502785,-0.0033385803722389565,0.0033071004265538668,-0.0024308566604434242,0.03852823798366352,-1.321942969970653,-0.10530642693991774,1.548846407215226
-0.003515692414119421,0.0026346933618743547,0.002565896677410262,0.0019080816455130027,0.0437585876731933,-1.253581444884218,0.0380235598922809,1.4566054928241725
-0.0025929394277212172,-0.0016314329861012668,0.0018728385718991645,-0.0011758486713596035,0.045511268222073596,-1.2180537813108119,-0.011475962031994984,1.4086869995607836
-0.002349355864826957,-0.002259851089210129,0.0016990390238162659,-0.0016339252991356234,0.047778697483024206,-1.2260484450444709,-0.0036075521165438444,1.4193213545072945
-0.003071236427290326,0.0023042676718706386,0.0022296426736302826,0.0016659739064448043,0.04478449483356128,-1.235798679150965,0.021698746751886912,1.4322454239749367
-0.0023182501363088496,-0.001014578226059535,0.0016704062538136627,-7.301914481080378E-4,0.04568408176843535,-1.2107751655245043,-0.006365049318798706,1.398920201719972
-0.0021282752524119774,-3.014827734610934E-4,0.0015316124257349053,-2.16840641470563E-4,0.04604146046729465,-1.207714641596304,-0.0017112415540971853,1.395003677505729
-0.0021062387109144843,3.4017240377194987E-4,0.0015157904285960854,2.4471719024136014E-4,0.04589408631101364,-1.2079940986475144,0.0018098610960658474,1.395005232859147
-0.0026855652113722105,0.0016181416876270111,0.0019400489791931632,0.001165904680911473,0.04490873673364127,-1.2180279674229444,0.013177190555624467,1.4085182987621467
-0.0024118342589699803,9.172817384110407E-4,0.0017374720611149184,6.597780272069943E-4,0.04517222818407269,-1.2098465955894167,0.0069323376769087645,1.3976918376035459
-0.008434289963979352,0.004023413675557977,0.006766710913887483,0.0016511170884561932,0.0017435534779258355,-0.7571534299944019,1.5588066582130418,1.1144894833197843
-0.0083039777718137,0.003964775513983158,0.006639283017300307,0.0017231124982845737,-0.005125082218981617,-0.8276288761844696,1.4716685059530334,1.1686191909337322
-0.008155248000787998,0.003919688170662446,0.006507333063440634,0.0018096894549789152,-0.011032387651524173,-0.9032556080747222,1.3838602873069206,1.2320253458958808
-0.007875891367137561,0.003990002955843827,0.006346758150990943,0.002063543009890274,-0.023795150814458224,-1.0597989063139321,1.286406870049987,1.399968348059591
-0.007709603440070787,0.003944866524803491,0.0061895054758475876,0.0021369891318278587,-0.02434908053627194,-1.1210075921936549,1.1866965143526695,1.4499016960650355
-0.007553052694880877,0.003944818193788903,0.0060631453083604915,0.0022308009724494706,-0.026810169214083673,-1.180551984552455,1.110743990927402,1.5073450725030317
-0.007430316333343636,0.003845465356989821,0.0059120353142877525,0.0022169143409116777,-0.023454101899026174,-1.195683230986704,1.019086541254005,1.501518498495569
-0.007994481341872556,0.0038722353118870938,0.0063630287171324565,0.0018932476012397113,-0.015656769269539402,-0.9757428948445629,1.289499905454724,1.29266954002277
-0.011742216684207104,-0.004967244371032966,0.007445674294182419,0.0025625442074442128,0.6364815589150643,2.4112037103720843,-1.7004073237827986,-1.6308495049334397
-0.011710674078631406,-0.004940446587351196,0.007448369831284086,0.002502267916471228,0.6272330938413476,2.3648491922640695,-1.7121792905309492,-1.5975759377613463
-0.011648139577705071,-0.004902051130425619,0.007466387650489383,0.0023966507856856873,0.6141597782565266,2.28904949823843,-1.7420905310956927,-1.539098865204303
-0.01160751498975353,-0.0048566806515363,0.007456673087617083,0.002310896636038818,0.5977648447006233,2.2191476361828344,-1.7474321204551637,-1.4917348660036518
-0.011689688991379557,-0.004895209955430504,0.007423019232434401,0.0024378575362110372,0.6112491038219243,2.3056937978216347,-1.7035375525084107,-1.5622826301772827
-0.013106495090389634,0.015521222670439889,-0.0053226356197855484,-0.002974985931772132,0.07807079417550437,-1.4406585466797013,1.2608503243662696,1.9236065657632704
-0.013307252936280923,0.01546788069924139,-0.0051588688448192185,-0.0031004461148924395,0.07583520178235705,-1.4987963888230127,1.1318552777877458,1.9663249284356292
-0.0130661786312296,0.015764431446412843,-0.005170417278205358,-0.0027253510518260872,0.06490897946809622,-1.3207853045646731,1.2438875521177455,1.7475733162543694
-0.013007068978145535,0.015982441505863844,-0.005050014612969853,-0.002509283703361616,0.0544245134336633,-1.2165879197558687,1.2359355108869066,1.6007564825269505
-0.012767194781343678,0.0163297034461661,-0.004956026920794008,-0.0021323129398691325,0.04110076750207262,-1.0282038982605302,1.2796168714709275,1.3636989111730753
-0.012957390207287693,0.01617371928823339,-0.0049387469281855535,-0.0023329118446459886,0.04759538671740724,-1.1314555065781573,1.2226328342175061,1.483307004019042
-0.01254785148296935,0.016898800636758433,-0.00462639860123126,-0.0016652900391840055,0.023352588291928576,-0.7990943872501264,1.220268222181845,1.0574219386733497
-0.01266172346057671,0.016608944758399646,-0.004796298232029319,-0.0018926066361711557,0.03327250194937351,-0.9103120468794873,1.2539833646113931,1.2062081236827888
-0.012371276251160105,0.017185900187823157,-0.004485198463909517,-0.0014345666022057763,0.01587389837590127,-0.6823513549920542,1.2007058311908112,0.909772477285412
-0.005121408200165035,0.022714527005835025,-9.175525334446229E-4,1.7798518313438534E-4,0.22171064845186547,0.2920896992318896,0.34268891712255956,-0.27084267015878266
-0.005902617594382504,0.021637779638498316,-0.001469945721253023,3.3560249927089877E-4,0.1454909349128581,0.3836971696399441,0.40719051549013374,-0.3507556747573982
-0.006707068290938414,0.021056976614528856,-0.001880984474277029,3.8969358217903375E-4,0.10073907665713389,0.3987693987582503,0.4871052947487798,-0.3564329676480104
-0.00788334069453049,0.0204632582978017,-0.0023949694797601173,3.5081088840518054E-4,0.054720661379000994,0.35150970575141227,0.6174037428492167,-0.2976514396243433
-0.007445808806410083,0.021117269223854884,-0.0019847572009283835,3.026535895196752E-4,0.08137672802261563,0.3291353578626141,0.5344434346357129,-0.2871215380228746
-0.008911551438568508,0.019913402356912423,-0.0028556294796885074,2.2858977976590936E-4,0.0247694437199722,0.26263153932992345,0.7519535858079275,-0.19422793180242112
-0.008538572568957046,0.02051992912309284,-0.0024552609269403516,2.352135791759721E-4,0.04006315541754627,0.2635548600285795,0.6529245673560277,-0.21024742738830318
-0.00983370779725204,0.01929532819906231,-0.003323636482979483,2.3187387907408648E-5,0.0073885634449944336,0.13552938118114774,0.9002399707849644,-0.04456651593902101
-0.00952847039865021,0.01990399326468458,-0.0029080540118095453,8.544505772625583E-5,0.012811715017382708,0.15751555392667807,0.7805795869109399,-0.08866827358198391
-0.005708460040464446,0.0239087959652032,-5.038772356224511E-4,3.878277657337162E-5,0.26377057649232255,0.1449462820371484,0.39255205420533046,-0.12613333745549246
-0.0062948915206691575,0.025,0,0,0.2944671858041209,0.02639895643641305,0.4742550492313124,-0.0019644802952171136
-0.011258389180896677,0.01830484751548539,-0.003951295044861122,-5.718666813744492E-4,-9.319164831493196E-4,-0.21421412537381165,1.0976958064694655,0.3547323615700269
-0.0109912953330682,0.018750120188969484,-0.0036546102164649315,-3.949764404157201E-4,-0.0036416510616616086,-0.12713953356418137,1.0047431781381368,0.24309099453615426
-0.010525966664613756,0.019175217094945372,-0.0033925686584420313,-1.955683932229006E-4,-0.001958406059671316,-0.014886164393951795,0.926303030685288,0.10964133836378763
-0.012160079321167618,0.017515578341578384,-0.004312995630792919,-0.0011931529848043356,0.00891684100443167,-0.5586499153235832,1.1668877673022813,0.7561953825548625
-0.011921446258019913,0.0178835978701937,-0.004108042129367295,-9.556624012290668E-4,0.001999052029176373,-0.4380890324601266,1.117912247469125,0.6054193052159677
-0.011671914565971785,0.018284581813668772,-0.0038711590725197162,-7.384464275274594E-4,-0.0031847395999149712,-0.3281000915783858,1.0533227475098192,0.46799374904201235
-0.01372435393545577,0.014697283408829283,-0.005150450267848379,-0.0040765177188034005,0.11852441976421335,-1.91768106957381,0.8096460734910674,2.527901670703628
-0.013581593503462963,0.014913504324949523,-0.005212300064195634,-0.00378891096290441,0.10601404521876089,-1.8046727166487433,0.9451673700965318,2.379267743255483
-0.013723240659169307,0.01483870478195164,-0.00508092971549343,-0.003900279108013801,0.10650310273769188,-1.839446739057202,0.8293401559067618,2.4053428846441345
-0.01357305612236673,0.015068916937004429,-0.005131353776779473,-0.003603854996645645,0.09548857114170493,-1.720340592903586,0.9577028638207349,2.251280254771317
-0.013550295036066702,0.01523524991217255,-0.0050561352758800035,-0.003412567962256023,0.08541640129602551,-1.6335172220987684,0.9757538848061683,2.123519918516525
-0.013503296139173622,0.015410293971853131,-0.0049960107376252885,-0.0032154733978294408,0.0757091931242706,-1.5450836319694206,1.0040541191928074,1.9979812357105082
-0.013867906323440963,0.014620230444387828,-0.005002866345286654,-0.004182137784432095,0.11857891396565189,-1.941401710832002,0.6833572075854678,2.5397117132762026
-0.014046426891758416,0.014399395207987584,-0.004852929699672108,-0.004460843758054017,0.12940413135661258,-2.022580375881287,0.49096522688873406,2.6418496403795477
-0.013997573988695519,0.014546245652229147,-0.0048668398874064924,-0.004274749822229789,0.11941944678377582,-1.9571443437630622,0.5691417807119113,2.545267813526703
-0.014158323313272492,0.014405037982050945,-0.004706680144583606,-0.004440755133570124,0.12436181574971872,-1.9895224416449289,0.4121225411002715,2.577414532813981
-0.0141918510315976,0.014304222027262045,-0.004689090971945377,-0.0045656242695002736,0.13026860542036767,-2.029193959534759,0.35414141456822734,2.6364871506307073
-0.0142071749304849,0.0142015921393358,-0.004691263315128311,-0.0046975892330848095,0.138316243730391,-2.0740874406619803,0.30398373880968915,2.7073166089888194
-0.014547958131046262,0.013666310531814798,-0.004266863359701622,-0.005299285138218541,0.16484402870146775,-2.150968798876343,-0.18785981176804667,2.831433645475745
-0.014304037697928772,0.014129056096425218,-0.004575960032190276,-0.004771294918185482,0.139465832839234,-2.073213495796654,0.20780644230306525,2.699078862582946
-0.014360451494302822,0.014016214861735595,-0.004515167900268174,-0.004904856318649133,0.14567820351732333,-2.1019983613145894,0.11881368345074016,2.743343452308214
-0.01438191074273198,0.013920804345873991,-0.004493725797527996,-0.005025616259347004,0.152789736719651,-2.1338121720273935,0.056837797106113565,2.7968464832849125
-0.01445242303120137,0.013856524372188029,-0.00440145019990746,-0.005085765777183056,0.1537388722792241,-2.1277015984776155,-0.021320086351752473,2.78593913087362
-0.014488002931756833,0.013782449855016194,-0.004353330569321602,-0.005170693992064707,0.1593650495430271,-2.1395950423951917,-0.08465228917228039,2.8078996944938823
-0.014542314949913537,0.013746739073130572,-0.004279666664295737,-0.005194428836963846,0.15803937224895706,-2.1252518223654464,-0.13614745441835657,2.7847714575791587
-0.014619425788180858,0.013626127370495185,-0.004167706451251267,-0.005316947580876711,0.16328581742364887,-2.1254100291182705,-0.25147447304952975,2.791198192410926
-0.014698322985652377,0.013556925497999379,-0.004055137072149353,-0.005365256257259705,0.16307703409377064,-2.1022937510561186,-0.3343203961409478,2.7589397823993367
-0.0147546034313708,0.013458336895975868,-0.003964398790600398,-0.005460336128347605,0.16715115243273063,-2.096497895439206,-0.42514873948489107,2.7587685826583237
-0.014826657101581878,0.013309618245500898,-0.003835511801732739,-0.005605184249932517,0.1743349995912082,-2.085717696820414,-0.5590578101283993,2.7602780471796513
-0.014828744745339625,0.013393919756891137,-0.003854945721415767,-0.005496402784766973,0.16607987093026305,-2.0671809225091953,-0.4995557948985273,2.7189086338200057
-0.01489358487561069,0.0132578220767877,-0.003735577681825401,-0.0056241698015350216,0.1718861767587605,-2.0527594916523335,-0.6202023399303123,2.715038085408161
-0.014906881515290306,0.013157078581424328,-0.0036853288176161604,-0.005740918767196588,0.17925681187415238,-2.05994578455472,-0.6987926769787062,2.741643189331707
-0.014945195662288784,0.01298933151653742,-0.0035707772642968303,-0.005920224680244262,0.1894373040479502,-2.05163748662938,-0.8406669735497765,2.75974802122858
-0.014956936047571166,0.013071075919875047,-0.0035904612524020356,-0.005809143734514548,0.18136902347041053,-2.0363535106565753,-0.7789672976997971,2.719280499431565
-0.015244047708855638,0.01186290746829618,-0.0024339409721776343,-0.006863920008985581,0.23149343838946315,-1.6306071075973276,-1.8231224532784562,2.444453119194643
-0.015279491305473517,0.011808492795360725,-0.0023478275564282583,-0.006867120476357596,0.2289718122086253,-1.580331832544226,-1.8584623409879537,2.3843254594733936
-0.01526477106295863,0.011933570079760742,-0.0024806568080752117,-0.006768554461092986,0.2248426798313072,-1.6459316288768218,-1.7552219707469192,2.435159666131764
-0.015204097949596951,0.012056977491394396,-0.0026525280118243305,-0.006723926012422406,0.22615298030654826,-1.738293307733023,-1.6610534321913057,2.53602653747128
-0.015190548898030667,0.01213174966516843,-0.0027311362166589494,-0.006663362000177518,0.2232442108210246,-1.773355463565231,-1.5970519844351674,2.5632663292978433
-0.015273752427811272,0.012016641856659446,-0.00254702175295921,-0.006676113664205468,0.21904490338624624,-1.6722862396188953,-1.6809503073105463,2.4413415710528548
-0.01523015474010202,0.01218770216125361,-0.002736024255106229,-0.006556767175818183,0.2152212177212649,-1.7607835896097979,-1.5412466299924734,2.518806599025353
-0.015224215938756384,0.012259000270926464,-0.0027989005974919825,-0.0064890561775722555,0.21117978501157794,-1.7848518337142723,-1.4801561440901267,2.531330685696712
-0.0151354413739094,0.012482819870585644,-0.003059478875672154,-0.006343316819014395,0.20771752500555948,-1.8961400489276234,-1.2915841681776667,2.638781547828436
-0.015196180460488932,0.012355201214081337,-0.0029017950623308553,-0.00641804972701738,0.20851226175922058,-1.8279751773554782,-1.399843870630974,2.5684384078813522
-0.015184853210164339,0.012440294382793642,-0.0029750954583501587,-0.0063374806256529135,0.20437395075723344,-1.8526245326175008,-1.3272659222265364,2.581230748765381
-0.015049175761592764,0.012671680003526215,-0.003280133242266421,-0.006212869589814085,0.2036181524592462,-1.9798666178692879,-1.1237766691986717,2.7195851017786876
-0.015098648157200254,0.012602249515002571,-0.0031797187782515923,-0.00624477917812441,0.20268970513350656,-1.9379124349606085,-1.187345218397409,2.670778629598111
-0.01514799790472993,0.012547432676329639,-0.0030881489800764967,-0.0062568718285617424,0.20112840854827013,-1.895927569541098,-1.2358915646802904,2.618010667024416
-0.015005312270344623,0.012896041177950283,-0.0034539240415182313,-0.005983422247220837,0.1903924836567907,-2.0148687004737815,-0.9288330052682465,2.720026464983729
-0.01507147761805979,0.012748012397509006,-0.0032973645585789167,-0.006100680023891671,0.1952906867979642,-1.967684944850079,-1.0615039908455894,2.679092949938239
-0.01507136526690534,0.012823975348142955,-0.0033382523112798273,-0.006010816703730077,0.1888832652802864,-1.969445381624828,-0.9987124725104726,2.663150894355079
-0.015315444573287346,0.011557746695899637,-0.0020585102576032546,-0.007035857781600269,0.2347057222621909,-1.421652024953865,-2.0550141625157945,2.247514633134187
-0.015337078358542491,0.011633311478459018,-0.002120383680812636,-0.006941889860093325,0.22872936456491846,-1.450479856751281,-1.9832421661074637,2.252335739065163
-0.01533200601387409,0.011729471938811221,-0.0022225016740678727,-0.006866335601661721,0.22557243352080739,-1.5046201369139398,-1.9061345375082723,2.293607228401879
-0.015337638162293277,0.011787323552761084,-0.0022744087000161717,-0.006807529253405755,0.22226717921294722,-1.5293934410614185,-1.8562126775262782,2.3057681203513902
-0.015353530448998499,0.011687705861652312,-0.00216202805158167,-0.006872722768674018,0.22441881842243833,-1.468644269291999,-1.9317065296686196,2.252735139920541
-0.01538524091888329,0.011517422883924239,-0.001959261060281154,-0.006967079131828649,0.22647693184976844,-1.3524009472942398,-2.0537007733674497,2.1450798352037634
-0.015396269385055929,0.011319740001957236,-0.001732873163332522,-0.007097263648380535,0.23093455454620374,-1.2182370298253387,-2.198284203390816,2.0319119018594667
-0.015444375869794694,0.011466895218382428,-0.0018603547873658262,-0.0069202036860484956,0.2196636159261662,-1.2853481072667072,-2.0625886128585322,2.0528924037691385
-0.015421264921746442,0.01139219563516717,-0.0017962917278269428,-0.0070084776027076945,0.22532933030236535,-1.2520968822292777,-2.1304292691806856,2.0422405168040747
-0.015397514036595126,0.011199651060231255,-0.0015927627767130682,-0.0071762629975680664,0.2338590069168712,-1.1316929000787013,-2.284722697209608,1.9597731928381321
-0.015419053342346126,0.011137109497916206,-0.0015049488957998404,-0.007182122305816407,0.23194775484300312,-1.0734303713823297,-2.314081520760684,1.8960530184186581
-0.015436900742063255,0.011261517759434765,-0.0016388009202011292,-0.007075331970110037,0.2265562335308892,-1.1546570578051913,-2.2160849779511937,1.952456597290973
-0.015436125065185038,0.011066127141642524,-0.0014096704480865416,-0.007197405801781215,0.230799318735615,-1.009752626053279,-2.3500360301286274,1.8302070862316508
-0.015476490689897074,0.011121650093723751,-0.0014522273411202837,-0.0071021409708628015,0.22418788575487775,-1.031962675502312,-2.2861924836992253,1.8234864334238576
-0.015449991439020249,0.010942903350146868,-0.0012515584125434543,-0.007242230733310032,0.23080913715332826,-0.9036395110096916,-2.418188482386464,1.7283693141984295
-0.01548219062844784,0.011013084822665851,-0.0013202113595274557,-0.007154297647590635,0.22465025600790092,-0.9459467355457306,-2.3515003658973863,1.7451604444233506
-0.01540591140879579,0.010185543227786769,-2.6040730998906154E-4,-0.0075555298500915745,0.23778955767706278,-0.19361035872428314,-2.804218733688209,1.091568890605456
-0.015381890018913652,0.010101253623309733,-1.4427468867254264E-4,-0.007604735271299863,0.24029172861565393,-0.105909150276028,-2.850714154593905,1.0214472634864702
-0.01538083489702986,0.01005558729039168,-7.988168670128706E-5,-0.007608485625656435,0.239885881645447,-0.056747810298692226,-2.8619037122678908,0.9733486364944858
-0.01542378045918707,0.010134472231921625,-1.8797813532411237E-4,-0.007528628402853924,0.2343631868324428,-0.13817283211879583,-2.7992341090800115,1.0251583218009477
-0.015220297305093586,0.008904416702162276,0.001574833588551976,-0.007517288507529264,0.2407822583294142,1.2441725504799923,-2.879928859378459,-0.2857273524318486
-0.015282511301169406,0.009022339504214123,0.0013822193122871743,-0.007486202867920894,0.23428731003881229,1.0884781227752287,-2.8654841614148205,-0.15901823543729746
-0.015250103131901888,0.008944158648960424,0.0015037807874818691,-0.0074929091650235416,0.2372506437414952,1.1857909063247056,-2.866444685692931,-0.24319464584968298
-0.015281328310716885,0.00897777164244987,0.0014407059335568278,-0.00746128246023101,0.23352354641964732,1.1335895485310679,-2.84763173952976,-0.20847380379900113
-0.015292774613877628,0.009165755907575308,0.001186807464610773,-0.007547762518756354,0.2354421269977703,0.9361149786727264,-2.907827174437315,0.00145122954560681
-0.015302228256145226,0.009120739422080646,0.0012418405276518444,-0.00750791203386018,0.2332222474800252,0.9780887080970727,-2.8817316021918917,-0.051579295024069195
-0.015299134232806344,0.009071299294217742,0.001308634260175289,-0.00748614518052259,0.2328106712567606,1.0299982886188859,-2.8668059743732908,-0.10654540778962977
-0.015341041003732651,0.009035340465841117,0.0013314912802118853,-0.00739507634600224,0.22670400399294446,1.0435008990133137,-2.8073075270076493,-0.15200759018771468
-0.01528714658072444,0.009307124215240797,9.968604156207273E-4,-0.00762448480816591,0.23900757646723417,0.7878441753822046,-2.9553509212278914,0.16658585410109727
-0.015281731038302158,0.009270174389546939,0.001050229850230605,-0.007617647462663785,0.23906326805901665,0.8299999369333283,-2.9519545749328686,0.12510436165274116
-0.015319159898989828,0.009330340933581408,9.513950517467196E-4,-0.00757787663434025,0.23505213254413618,0.7499157594430298,-2.9245739054577586,0.183774665948888
-0.015307211216608328,0.009237752162157397,0.001082724317947704,-0.007557975414250209,0.23479469939249178,0.8535983087427311,-2.91397962832109,0.08062301393520176
-0.015328352209388277,0.009197197025805402,0.0011270543500448464,-0.007501997963235612,0.2310534727139418,0.8865341029594472,-2.8783271805422252,0.02949239883688634
-0.015416386680982126,0.010009704655483176,-1.5136619826940462E-5,-0.007546091638177031,0.2338192291193872,-0.006267981462792885,-2.8332385096053865,0.8992002334261417
-0.015417974977504557,0.009962844309174447,4.9955193741594774E-5,-0.00754257870282491,0.2328174567621015,0.04373560307537964,-2.839077498346846,0.8480403280029417
-0.015415350537638886,0.009925802388748071,1.0153371673420082E-4,-0.007545718986596191,0.23272177733782826,0.08341620133440221,-2.8469503267341643,0.8098598744681729
-0.015361559552093314,0.009721753553398571,3.9341160747510427E-4,-0.007618131384003502,0.23685827556041525,0.31039158807843453,-2.919905565051092,0.6153286424927072
-0.015371396405980514,0.009761160844185489,3.3630114798697224E-4,-0.007607026138892412,0.23609788047115307,0.26568036855808536,-2.9080730513689095,0.6543940180431672
-0.0153730934347323,0.009802410001112694,2.779936196310013E-4,-0.007609706569257351,0.23670200626064183,0.2203477026645478,-2.9042750118029037,0.6995947015315743
-0.015413188064780075,0.00989009787874573,1.5127716694351347E-4,-0.007547319490650355,0.23230749985864654,0.12186125852711525,-2.8534069918206657,0.7724838154262456
-0.015411675894887875,0.009855228028790249,1.9985127025023302E-4,-0.007547097373143558,0.23195009953266812,0.15941086679859495,-2.8583929083822337,0.7354377289615289
-0.015408217627621255,0.00982399239531937,2.436175241075849E-4,-0.007549985904613629,0.23190614997013284,0.1932688440979884,-2.8645886506008016,0.7033327143162695
-0.015326075075034126,0.009514162137304225,6.940010404081544E-4,-0.007631662015523333,0.23770724918483177,0.5473132024489759,-2.948870256681993,0.39404551308616026
-0.015342542933140017,0.009625155661050648,5.334571447439695E-4,-0.007632202003455406,0.23779883205505806,0.4206499303605414,-2.9393551429965807,0.514698928725951
-0.015373645259064093,0.00965743962989245,4.812132059464418E-4,-0.007584108929037184,0.23379492475569966,0.3789015014689185,-2.905883469708406,0.5363076019317209
-0.015341571017962996,0.009553343768478622,6.345791563080829E-4,-0.0076154861811020295,0.23629147589778218,0.499977462916378,-2.935433087903952,0.4326362086753645
-0.015355162532883,0.009586723085526858,5.842646286456204E-4,-0.007600264170308046,0.2347521138755973,0.4601070568759079,-2.9228622448789436,0.46475774591444924
-0.015396858501193765,0.00969085556433321,4.300949798899741E-4,-0.007549857329337081,0.23126656499443418,0.33859929899960123,-2.880862580059814,0.5621019216395217
-0.015346119143566839,0.00936396067113107,8.946783124429685E-4,-0.007544161820614179,0.23180153168211656,0.7038461120434382,-2.901659902584122,0.21376297866220595
-0.015358630482813686,0.009480136380125345,7.31130249972118E-4,-0.007563383529981634,0.23254975694042776,0.5751509016877437,-2.9076766349544205,0.3415257902915796
-0.015369379676854873,0.009398976205149569,8.383426279692374E-4,-0.007516816778673683,0.2294621118421307,0.6584719028779342,-2.8826582233215707,0.24577095368605198
-0.015382170596818104,0.009441926102337479,7.755910744969032E-4,-0.007509632120233348,0.22807835841712593,0.6090331192098912,-2.8759562663268343,0.28949125649097096
-0.015494373821265605,0.010708520642659772,-9.377208498245569E-4,-0.0072751296410839975,0.22639667332411242,-0.6840356428303672,-2.513742688818858,1.5016885705822942
-0.015472077945082586,0.010541233640884762,-7.290418895454707E-4,-0.007369276447802089,0.2300975406272896,-0.5373481963657244,-2.612016425785946,1.379000815176232
-0.015488782729331059,0.010594403720063232,-7.932309135186251E-4,-0.007324781738765174,0.22728566398365793,-0.5824951755884104,-2.573412322647719,1.4107825293123446
-0.015494548232758913,0.010650754398186042,-8.638966952793035E-4,-0.0072961359778590225,0.22636110758084957,-0.6322107842018029,-2.542017383901285,1.453572118667922
-0.015441988558859284,0.010326580155023465,-4.492432776539745E-4,-0.007472380735240427,0.23355410643133215,-0.3340425419666384,-2.7243686487725234,1.2043503756753158
-0.015500438551286489,0.01049391894304153,-6.590834472306118E-4,-0.007335088447844013,0.2253039316235333,-0.4850896740687025,-2.6067016710465944,1.3119461648425428
-0.015468567991006753,0.010379618852948538,-5.155487962336213E-4,-0.007416337675186588,0.2298213651438968,-0.3819738129941503,-2.6801499380786704,1.2333902016724618
-0.015492060569072295,0.010435550713908413,-5.846113875165149E-4,-0.007363972857017773,0.22673311887132397,-0.4316129778127273,-2.6373352552095475,1.26611275315547
-0.015441321106381606,0.010229468687341588,-3.1692032987777554E-4,-0.007488545908285822,0.23277706130972756,-0.23509070042599275,-2.7559550516804294,1.1087315755769394
-0.01547530741973111,0.010278488340938453,-3.7866111837822034E-4,-0.007423072167076681,0.2281207987504236,-0.2800871749655042,-2.707807811360666,1.1307443206814847
-0.015483164750228004,0.010879359735760307,-0.0011567416796360768,-0.007220202747941204,0.22650602792233968,-0.8363609614705482,-2.430563763391866,1.6473334896960126
-0.015503520053985927,0.010808541236013465,-0.0010597146534516621,-0.007219454293396472,0.2243073530329671,-0.7682224599486974,-2.454101335212449,1.5730718710981293
-0.01554004191874154,0.010748000390011425,-9.695109234539875E-4,-0.007185600612287772,0.21926383459272533,-0.7028992097931837,-2.456717716991496,1.491319912346312
-0.015204646492205423,0.008823691221591618,0.0016893297251789551,-0.007487476519647728,0.24170311048475043,1.3336837484815527,-2.8547544261613607,-0.3753324525490309
-0.015244426569485804,0.00885990071889902,0.001615418519763848,-0.007446404852092356,0.23695973605091245,1.2717481877289052,-2.8310499488600755,-0.3362095140151778
-0.015218058064440727,0.008777910318374724,0.001737221873242343,-0.007431826673118841,0.23935837243811695,1.367731902922838,-2.8149451096658606,-0.4253206455003991
-0.015214970532854588,0.008733015051431365,0.0017951527060747592,-0.007403339938002677,0.23933526678355063,1.4114754474305602,-2.7922099266900235,-0.47366000023618554
-0.015205746392686246,0.008685077859666906,0.001860897212624197,-0.007381375402869484,0.23998431223468783,1.4618261476451655,-2.7728486900085056,-0.5250711104046247
-0.01515852392713422,0.008620064749788117,0.0019778664650727286,-0.007405390814272409,0.24586595125319466,1.5572882105846364,-2.7800736384414417,-0.5981574448213353
-0.015158945638290101,0.00857345062526707,0.0020333277277163604,-0.007365401803362288,0.24534821090891115,1.5975489471986088,-2.748121860965161,-0.6467256253902646
-0.01515105481499767,0.008529976725846053,0.00209139972091791,-0.007340396302497116,0.2462334340779889,1.641168686825585,-2.725744217206294,-0.692509018116573
-0.015131503795350377,0.008482763720008118,0.002163717957243848,-0.0073292778463793515,0.24868283736778413,1.697317928699292,-2.711107299613193,-0.7436744005387571
-0.015122932393583352,0.00844063411423995,0.002219930908882095,-0.007304179006487529,0.24939056538785614,1.7390089199633922,-2.688010128297848,-0.7873906647788668
-0.01513962041175831,0.008397908043534054,0.002252537797333517,-0.007238698248480885,0.24728554144838105,1.7572571192639084,-2.639239973651659,-0.8254818992568707
-0.0152050426896025,0.008638340130995273,0.0019177666807338298,-0.007345325426577394,0.23958556883085877,1.503818296208258,-2.7441581652597766,-0.5740581532607508
-0.015084350384863726,0.00831393370616505,0.0023982590080432703,-0.007242104202516843,0.2544424526833145,1.8724296801336833,-2.6244757036030033,-0.9193934506381086
-0.015040151522085906,0.008291049526417167,0.0024677233472287573,-0.007286179839769751,0.26099486296877883,1.9334095084467717,-2.646281012213213,-0.9540800596330753
-0.015130381512483766,0.008339190720668006,0.002325845178761814,-0.007197167879607176,0.2480061966628244,1.8098576155243669,-2.6019076096852127,-0.8833219579101249
-0.015123018931777086,0.008298625974169856,0.002376762309049834,-0.0071689457538143455,0.24949578742208178,1.8460697159267625,-2.576101534247873,-0.9227569976794303
-0.014960780154968163,0.00809755739344853,0.0027572689630769188,-0.0071963603053060736,0.2726825644604998,2.149100467540998,-2.541856468491933,-1.1585383463498156
-0.014926707948223601,0.007945451921229306,0.0029451341435523296,-0.0070686571634175355,0.2786812669393442,2.2742964613079013,-2.419487208222776,-1.2993611158485712
-0.014920737496510373,0.007906210914033209,0.0029886129338383216,-0.007030079368790772,0.27984344436915926,2.300893403478065,-2.3840937118375667,-1.332471560801154
-0.014929720830447876,0.007999295009493578,0.0028903190549066826,-0.0071278792297179904,0.27800652581687785,2.242095217887375,-2.4712627533629505,-1.2548935989304486
-0.014949316926863401,0.008051622419691437,0.002816375314741057,-0.007160707285916228,0.27475644598480814,2.1896988899468077,-2.5069510188801583,-1.2027161269330922
-0.014997152077848202,0.008169698956304785,0.0026428260798625927,-0.00722289160885279,0.2671337036061951,2.062772604422184,-2.5779018863859906,-1.0806098781363065
-0.015025411939742777,0.008243284612644201,0.0025347282088034836,-0.0072591657426927265,0.2629663858541503,1.9826103383796299,-2.618540879064487,-1.0034424394736303
-0.015024822255758297,0.008201416347730419,0.002579905298982604,-0.00721597902266056,0.2628618159166721,2.012146092520882,-2.5818967878156496,-1.0421555546443875
-0.015010304828799757,0.008129291055560796,0.0026701855245503366,-0.007159743791417934,0.2653804545740481,2.074715140800702,-2.5290434002217146,-1.1115717483579537
-0.014855688335734037,0.007853576671828595,0.003115838929778555,-0.00705340773844432,0.2907426978183445,2.4045266030273917,-2.377432772117426,-1.4051522950792672
-0.014893235549672496,0.007875566529518443,0.0030497323402844533,-0.007030137916556768,0.2845409331924466,2.3484323660193596,-2.3730718688134615,-1.3693071678864834
-0.014851688825220376,0.007807825340844653,0.003161324112021802,-0.007001449923846434,0.29165513834212337,2.4293247484463865,-2.3310578375441318,-1.4406105357071677
-0.014786325672519923,0.0076701961398953035,0.0033606357264355405,-0.006907792736774652,0.30409632642831363,2.562711773636453,-2.222317856379943,-1.5705579353044035
-0.0148400987213207,0.007764373031964628,0.00321334387816139,-0.006961608672975705,0.2939278805302296,2.4611741137500327,-2.2918202961045187,-1.4773644391481435
-0.014824358017991066,0.007728058673300589,0.003263976590676565,-0.0069353170695984874,0.2971875079220658,2.4944173343408886,-2.262575890263935,-1.5106806736025677
-0.014828663219874604,0.007689304784967633,0.0032901044732686056,-0.006879950593133069,0.29681082393261077,2.50233482515894,-2.2171489327670457,-1.53341634786579
-0.014704945546917656,0.007509027488428369,0.0035923832429723035,-0.0067877239010461525,0.3200459569663919,2.7102299594892845,-2.0828280001366752,-1.715268050399397
-0.014778559400540856,0.007627024705871162,0.0034048826389411336,-0.006860266341565664,0.30547231957190973,2.5853646769335197,-2.178207574356957,-1.6017151839194808
-0.014762131066664318,0.00759434526175954,0.0034518705702140896,-0.006836541839751568,0.30903631188091985,2.615326803901551,-2.150704140906562,-1.6310398912971427
-0.01474046406980217,0.007521887180671015,0.0035344941847774273,-0.006764215221371471,0.3137851982807577,2.6602037363256232,-2.079230486625757,-1.6851493582580381
-0.014761775613513823,0.00755455965962358,0.0034819756289666518,-0.0067835109512818775,0.30932468766112603,2.625287121045678,-2.1052757119735346,-1.6538494061521525
-0.014703685917227,0.0074705855175144775,0.0036209857533021673,-0.006735915749736171,0.320539564097019,2.718023218342704,-2.038221228716146,-1.7356647444700866
-0.01465732250606036,0.0074171367178457156,0.003721866966278895,-0.006712867089070367,0.3297142313256503,2.7880002190118334,-1.9968441235371905,-1.7929574587535984
-0.014704037130070263,0.0074278847432834045,0.0036492855700024245,-0.006676299036324524,0.321110019280193,2.723075528761218,-1.988209813560177,-1.7558092985036955
-0.014622100248751047,0.007296406795277029,0.003847148947893987,-0.006578009621387285,0.3375059929349223,2.842273933079095,-1.8670169279050877,-1.8679119848046037
-0.014643720040997035,0.007367286614080063,0.0037731777138418185,-0.0066568012702617274,0.33252433889789274,2.8105926971930684,-1.9430446060694189,-1.8244910655635347
-0.014644917294481922,0.0073232708515988554,0.0037985146205767955,-0.006592800784969282,0.3328410908744356,2.810672985206741,-1.890438802945728,-1.8413840802370367
-0.014547695125023826,0.007239591708943391,0.003988047206973687,-0.006570351194196625,0.3525985158382235,2.944965371168322,-1.8234828177846307,-1.9426500956874044
-0.01459360158825411,0.007259335818948581,0.003909645848371356,-0.006553382488285553,0.34345486379229506,2.881053017890323,-1.8325109910227906,-1.901900782749419
-0.014637271647723998,0.007263330579399549,0.0038444535891801928,-0.0065151591474319715,0.3349805991426557,2.8208078564967174,-1.8226458529655587,-1.868636636004927
-0.01437556108589505,0.007012308464181963,0.004358644972169393,-0.0063817049213933654,0.38975581492999684,3.1533947658941375,-1.578909636995421,-2.131361011942342
-0.014410591951318559,0.007039128594514519,0.004293134346986486,-0.0063936469092268355,0.38212495688010595,3.1096696192978466,-1.6075115128001378,-2.099119502359717
-0.014539112650974469,0.007197105632240634,0.004023533042765475,-0.006515721100871223,0.35448459363928436,2.9533995461922777,-1.7739528460122271,-1.9623534269204048
-0.014434937428290823,0.007095753044056224,0.00423084923582235,-0.0064596819983207,0.3767607133207531,3.087843305548794,-1.6740488469279622,-2.068878818445887
-0.01443523074861728,0.007063805157083736,0.004244588678018537,-0.00641025436030741,0.37641053821393716,3.0799689511488015,-1.6341357440417572,-2.0751051895483443
-0.014470797832262162,0.007118746676279901,0.004165262906154876,-0.00646233039581117,0.3687556269450058,3.0399760600144776,-1.6951640579511176,-2.0354948482023616
-0.014519373650701932,0.0071633848200979774,0.004070270626529528,-0.006484372540087915,0.35878893776686055,2.9772674925058578,-1.7383315753812922,-1.9867636758108296
-0.014490430478028,0.007146925142575092,0.004121960030153964,-0.006486862126837955,0.3646704620172781,3.0165170034372237,-1.7253316858834054,-2.0133720106568704
-0.014367869260228814,0.006940066141992909,0.004397910751349421,-0.006275125262731038,0.39123787608780214,3.140556417955875,-1.4900278946841012,-2.1463007248340826
-0.014396956269007196,0.006970351959111096,0.0043416148905530165,-0.006298687995747134,0.38480023934517044,3.1088421158614055,-1.5244130229002593,-2.1199307092368014
-0.014379360885279616,0.006898646759246552,0.004394519975532477,-0.006201937575857326,0.3885765184098897,3.1090611541957576,-1.4393820238329005,-2.1405267049144645
-0.01426180921377554,0.006838140649381642,0.004597927933292527,-0.0061942686074729705,0.4145269094480444,3.251954054232243,-1.3676723119888232,-2.236646847497436
-0.014245615095717193,0.0068037548167988755,0.004633135872938034,-0.006150619876409801,0.4179111643458161,3.258469908761845,-1.3251146757557972,-2.2494220383893637
-0.014303697822454157,0.006849494136554956,0.0045281327276048685,-0.006182018977504274,0.4052768966574491,3.196492524324906,-1.3821113318415794,-2.2027677362634166
-0.014342661884777466,0.006873073279454842,0.0044597825980577125,-0.006190202398626782,0.3963116588322593,3.151099091697896,-1.4101481132046059,-2.1709842826169354
-0.014201965860618492,0.006753559872846097,0.00471537000174945,-0.006099238965645821,0.4276139321155555,3.294763967110136,-1.26082469371663,-2.282619094777647
-0.014247521905379736,0.0067651290923711116,0.0046397696726572304,-0.00608769256591185,0.4172070763730065,3.235815654189605,-1.2785718569905011,-2.246654315148899
-0.01418690630088181,0.006713211383635266,0.00474812706787467,-0.006043821378381605,0.43052157014153264,3.2930228188022923,-1.210673138436662,-2.291526118111212
-0.014111632098196944,0.006572149170176403,0.004891250698862244,-0.005860021328500924,0.44525116345508653,3.3066691017987466,-1.0335603442827503,-2.3304653180116035
-0.014166939932724082,0.006673732558209185,0.004787638428178586,-0.005992469660059233,0.4341811927659585,3.297261957458899,-1.161207470967671,-2.3031589570318327
-0.014141623701319033,0.006645481252364097,0.004833125607620244,-0.005961702633936426,0.44006315260835843,3.3147798136229034,-1.1238543178144784,-2.3194483740857996
-0.01413650567038548,0.006603961207179847,0.004847373146536867,-0.00589775390204997,0.4400100284064247,3.2944930861256334,-1.074959711754497,-2.316957256332518
-0.01398581574479227,0.006428761061334044,0.00510324561819868,-0.0056871772061930495,0.47100951728394325,3.3639258084658255,-0.8385088899191045,-2.389912296421636
-0.014060941004501502,0.006530795464882056,0.0049769520432120145,-0.005818889965165896,0.4561718124549449,3.3452797726329986,-0.9739794241166299,-2.3607076099542144
-0.014017755271377408,0.006458033609531045,0.0050509168683468405,-0.005721105768080743,0.46409309116377756,3.34610762352608,-0.8810730743441225,-2.3746757855974674
-0.014043471938380467,0.006490615295303454,0.005007914553850618,-0.005762217827143979,0.45903215280683135,3.337915072740611,-0.9246562089956053,-2.364105762006228
-0.014109581848706225,0.006530682619334745,0.004898882141000087,-0.005794757155260815,0.44430905733673054,3.280056215542669,-0.9872555072944282,-2.3234917494681935
-0.01111020492233353,0.004686291693553061,0.007641482727299275,-0.001578863501825395,0.5119425712776008,1.7209089053872115,1.9757864562187635,-1.0652342451008971
-0.011365066180937178,0.004757701615070655,0.007547916097641786,-0.0019455213090793612,0.5560488707783917,1.9696419061372172,1.8641232789771534,-1.2833389542818952
-0.011171773824010087,0.004687098421154222,0.0076053486189622795,-0.0016579616348844726,0.5181473583587425,1.769886984352274,1.9401069803756064,-1.1143013926645162
-0.01114861877603721,0.004645084074357657,0.007576826383864995,-0.001603322038757849,0.5023489046749001,1.7210003871291437,1.9246107101290044,-1.0847106381047165
-0.011220775874691741,0.004691118446697798,0.007578692570219218,-0.0017221221905648774,0.523423366537092,1.8103576460202373,1.9130295560093062,-1.1534919418916136
-0.011319797951056107,0.0047321014734690815,0.007554084861721533,-0.0018720519417507449,0.5446115770459811,1.9159159775928256,1.8775383856564642,-1.2411250725563303
-0.011271692590205135,0.004710915978386818,0.0075654332477665615,-0.001798341646880046,0.5340440469258333,1.8636830000829996,1.8945551476277844,-1.1981895710670836
-0.011688869362819569,0.004872812696742165,0.007402020009796722,-0.00241705228971795,0.6030321397831685,2.282120073614323,1.6911409634792103,-1.5509606898520174
-0.01165885378145412,0.0048524409330470124,0.007408587402493216,-0.0023656380714461188,0.5957733019489547,2.2449666103715313,1.7037601837672365,-1.5227386903846605
-0.011647941017838078,0.004820420241284916,0.007387138122048184,-0.0023258902953355275,0.5849404935222542,2.2071756943152736,1.6937480733715298,-1.5011860731558184
-0.01142630470041616,0.0047417135849373605,0.007487311132466561,-0.0020076065250765342,0.5532317008460454,1.998172132362662,1.8111010779408048,-1.3217105358174448
-0.011494330593835918,0.004769901350886692,0.0074633767059900874,-0.0021091696298391922,0.5655476483892424,2.0674315047487997,1.7801920255849237,-1.379499918177012
-0.01161036726701942,0.004801007977649015,0.007400136776892628,-0.002267412052713133,0.5781311839318285,2.166956929823277,1.7118675423722223,-1.4687677173382854
-0.011557676823174035,0.004779792697523585,0.007422863154300948,-0.0021902327152445097,0.5700240905627193,2.115903586744358,1.7393810290223624,-1.4257092676207639
-0.012720790286317061,0.005376255975124519,0.006664116430153248,-0.0039016471761524406,0.6415359112009317,3.1120050110668043,0.8362521494715772,-2.242867656687798
-0.012482358952199943,0.0052433465311050465,0.006875925709479745,-0.0035680360808702824,0.6499483400576063,2.9591604858313754,1.0768403969094829,-2.1165728856797794
-0.012640712910128901,0.005352627158026215,0.006754587966478609,-0.0038200464674801164,0.6518839061058314,3.095383008546588,0.9203555577972463,-2.220551817411762
-0.012613886380025563,0.005317847364171434,0.006764103464673652,-0.0037563754788069548,0.6472385196790182,3.050782834820979,0.9472076753957052,-2.1914108829861316
-0.012538705633533993,0.005246325639352136,0.006806967208753333,-0.003612561062417933,0.6404312559233699,2.9609144723788603,1.0191055161987805,-2.128406694141088
-0.012582694798681975,0.0052813360681455805,0.006777258572983463,-0.0036878325819422546,0.642676013087728,3.0043706459660204,0.9772573577507745,-2.1603651454632655
-0.012691364021847474,0.005341295289656007,0.006678706105507974,-0.0038368656932999423,0.6379363128130238,3.0698660100573014,0.8673100763606613,-2.214936429929487
-0.01275659208653479,0.005405553608310131,0.006636010535406077,-0.0039625161031550775,0.6416970511136401,3.1441326740971216,0.7975001296715927,-2.266105822561478
-0.012760763255857347,0.005360988630880808,0.006599428040647959,-0.003904275935099006,0.6291441960167354,3.081143259240181,0.795921298181,-2.2317148718361324
-0.012952476479898755,0.005506484369598341,0.006427871975064105,-0.004203392604223023,0.6218176744400753,3.2149475855981433,0.5832744911269189,-2.3309157054728384
-0.012920014559633276,0.005472376829213144,0.006452788352580355,-0.004140312713030927,0.621201531874317,3.1816358603101205,0.6224093629342056,-2.3086558406914275
-0.012801693309092392,0.005413259486663173,0.00657931662928709,-0.00399827950985225,0.6336965958375617,3.141739422340841,0.7503910912112595,-2.2712431848559267
-0.0128389636656501,0.005426175661134192,0.006536434627383286,-0.004035894343525103,0.6285805127858478,3.147695047071053,0.7110582354206257,-2.279607385564631
-0.012879186532455714,0.00544619949787066,0.006493512837777898,-0.00408406117676963,0.6244901434924451,3.1612805992645523,0.6676446912733934,-2.2923899949075164
-0.0120795324741321,0.005058328264451544,0.007191306790124916,-0.0030067421355062726,0.646007719894692,2.6604799168469544,1.4320294993071914,-1.8620109800235782
-0.011734674720110737,0.004865329340031909,0.007354036942839659,-0.002460899864761275,0.5993264098335747,2.2992675188749145,1.648951577005785,-1.5753124313041376
-0.012047141112231506,0.005024587838732427,0.007195530932804895,-0.0029393839340678715,0.6372955832894117,2.609507679981586,1.4490252815784046,-1.8267607161951143
-0.012012005682599953,0.00499282763295374,0.007203662839580359,-0.0028718645796702333,0.6292470740713944,2.560279050603695,1.468349467489085,-1.7915784449775123
-0.011930686370281454,0.004976230487476745,0.0072715399366981215,-0.00277355633248269,0.6297521904463927,2.510275802427971,1.5356971399672525,-1.7422129929173307
-0.011976172304473696,0.004969491837041159,0.007219323019372189,-0.0028125798997730394,0.6236862391235191,2.5204118970594673,1.4909944630498388,-1.7608608986948862
-0.01189473391611412,0.004941882198200098,0.007275375894398187,-0.0027025761189841536,0.6198032029912711,2.456533443161853,1.5515204278771135,-1.7042024840942478
-0.011840936489212467,0.004913539788282397,0.007301014675139288,-0.002619237541356238,0.6127856368640002,2.4018241357129555,1.5846361987995847,-1.6602090037791242
-0.011790179157897988,0.004876434402020746,0.007313902120883565,-0.0025307952750370476,0.6014852164932966,2.3387078132389543,1.6087331393836417,-1.612857960210637
-0.012430911856567757,0.005225316731416898,0.0069257814840633525,-0.00350654404049313,0.6534831980978152,2.9347494556412292,1.1271286732097365,-2.0928352902926086
-0.01217498102937302,0.005122932618380637,0.007143307603331191,-0.003168010515688851,0.6576068989877649,2.76712202866006,1.3621903861454472,-1.9431716090579003
-0.012151732188454977,0.0050845278877266155,0.007135402308127792,-0.00310340593856996,0.6471093910517093,2.712739639875672,1.371541084941102,-1.9086874919026442
-0.01212221716062065,0.0050454091219781574,0.007133359235366637,-0.0030329576925191165,0.6369920500710639,2.656949494485406,1.3857261215080496,-1.871770830991089
-0.012260677483346673,0.005128161840722083,0.007049362100569198,-0.0032503445540022903,0.6480245325066964,2.790398521394257,1.2777856282324187,-1.9769293195137456
-0.012221115267185249,0.005118480815055091,0.007086714279309527,-0.0032045675694451765,0.6501878441587513,2.7711243286020664,1.3142630897876921,-1.9571178743451407
-0.012389289171935965,0.005189891115870235,0.006948050423944343,-0.0034303830175501757,0.6487441793276782,2.8856688901927847,1.162867465820444,-2.057485741866408
-0.01234512526296907,0.005158051791779884,0.006975069727745682,-0.0033564769666873423,0.6451605237083268,2.8403373589204715,1.2004064050214824,-2.0233967143607825
-0.012324096017035772,0.00511557306217051,0.006964799016724682,-0.0032890568856268876,0.6349092635848658,2.78380643040182,1.2108472967849921,-1.9881845194645966
-0.012292108630619008,0.005106540769607976,0.006994595825070922,-0.0032519744049070752,0.6364559404718799,2.7681347476303637,1.2399518799089133,-1.9725627004967652
-0.013908729211440641,0.006361760868093537,0.005227369857455353,-0.0056072641151412245,0.48729921241697344,3.4045880047881023,-0.7374159912538052,-2.4239070332938417
-0.013843722919306377,0.0063236397509170905,0.005331290587956723,-0.005565730922788225,0.5021795325401951,3.45149841638357,-0.6681671853102431,-2.456106849176902
-0.013882576893879233,0.006331802722146821,0.005268361868408645,-0.005567132571535698,0.49232408825769997,3.4099453700861657,-0.6950125742707507,-2.431404669045389
-0.013833277003710905,0.006274901011948253,0.005343854737264217,-0.005489104470087518,0.5014994360379342,3.416043029738517,-0.6144144411938425,-2.44279819667184
-0.013958798987249317,0.006345986280470153,0.005146089172120063,-0.0055643679022270185,0.47358811788535443,3.3274180186352154,-0.7427488949189253,-2.3823158502057207
-0.013995968724564854,0.006379503695348272,0.005087240735399941,-0.00560408721348908,0.46571396655923497,3.309513605230586,-0.7914222570714068,-2.3668989746070506
-0.013796046185793276,0.00623720993144803,0.0053999617927225,-0.005437367010800289,0.5086931523197872,3.4232584221460898,-0.5585519187382814,-2.451578097446625
-0.013835972027216564,0.006226397661227985,0.005334289595963307,-0.00541020380588568,0.49756855325975113,3.3652157192971286,-0.5697333193056476,-2.419992842600922
-0.013677279001932621,0.006083109094691175,0.005564247249366791,-0.005210243905211965,0.5267774448242402,3.3939990284903483,-0.35077233478232067,-2.450358246399451
-0.013763362779540628,0.006202457837709264,0.005448030534497456,-0.005388288257962532,0.514598709534372,3.4260909066423433,-0.5076588165353351,-2.457155913386892
-0.013730987258507367,0.0061760922508330394,0.00549621676881002,-0.005351797378642484,0.5215197954905015,3.4358326724060064,-0.464645550190477,-2.46541171660931
-0.013710475892840517,0.006127962341565332,0.005520408013004317,-0.005277556658261831,0.5223384587047644,3.407054521247148,-0.40950981757635535,-2.4538944208859506
-0.013655653779971771,0.006038214060080918,0.005588324001820382,-0.005141214009416092,0.5278296780658723,3.3670572148410165,-0.30063363413791727,-2.4385436287814564
-0.012999696312571021,0.005503517155169203,0.006358734419810192,-0.004219288419439062,0.6099404351266015,3.18954887653851,0.5373985057290654,-2.3218754131744035
-0.013262689723659463,0.005764675135192164,0.00610702781736215,-0.004689280064605855,0.5954870942733407,3.3841414305611575,0.19132541821631968,-2.4486364777608887
-0.013236629000009876,0.0057217552501561035,0.006126559800584947,-0.004617847707451501,0.5948283594036856,3.345287261278525,0.23604169733146715,-2.4263893757954293
-0.01320511254908884,0.005680730590453093,0.0061541526274707554,-0.00454807414186651,0.595396047385259,3.3120805739061683,0.2833559106698486,-2.4064915480123905
-0.013047985416553005,0.005512720333936304,0.006295162463670454,-0.004251466415013464,0.6007232080354327,3.1789252568053654,0.4889028684933298,-2.320578746224168
-0.013089332629513742,0.005531782582997697,0.0062465532694719475,-0.004293841989922988,0.5949287794517565,3.183134394012526,0.44464305670561305,-2.3266425072515164
-0.013170085756471562,0.005641350386074471,0.006186616228616117,-0.004479654685120355,0.5969021663596893,3.2820297383919126,0.33191681083683927,-2.3877252079159574
-0.013127344935104188,0.005606857308253013,0.006231802943263212,-0.00441568252280003,0.6008019024793511,3.261833383550098,0.3845470621738967,-2.3734968806292804
-0.013130223906221412,0.005552374663736356,0.006198790116636204,-0.0043372296818149575,0.5892407132514882,3.1882349195722965,0.4003990138988352,-2.332844856600547
-0.013528544265704547,0.00599459173626449,0.005778582671095888,-0.005078158165405214,0.5576342715122776,3.446193818747551,-0.17640338511018638,-2.483921608977139
-0.013432815649352971,0.005911357205759326,0.005902693607605508,-0.0049425698425988865,0.5727850555724623,3.434233521257226,-0.04212195772974597,-2.4791698944585696
-0.01341541639372745,0.0058767314829489235,0.005917152205406772,-0.0048866117163412805,0.5720156337078323,3.4056254368275622,-0.005533059762242025,-2.464178846523719
-0.013503672415554264,0.005954650612342735,0.005805489959246745,-0.005014398002191473,0.5591008449074781,3.421559216791405,-0.1283906732740621,-2.471997405732559
-0.013479330938963906,0.005913255275493454,0.005830030615139931,-0.004948279256537261,0.5600578657400964,3.393347808233545,-0.08077216664460475,-2.4577661199143033
-0.013321332107438614,0.005762926094986737,0.006016351259993401,-0.004697878800972549,0.5798328796265128,3.3365153537196828,0.1401121251051821,-2.425417395556234
-0.01339078948501637,0.005828642658086434,0.005936846832748781,-0.004809109537648939,0.5718085293015424,3.365214045374149,0.04437887458432018,-2.442561961547176
-0.013420552841293369,0.005840142363137399,0.005895261276045329,-0.004830115147220984,0.5655116094887878,3.354387161944597,0.012927623611867292,-2.43724887875522
-0.01337516135750185,0.005803960800597801,0.005951055357749154,-0.004769069600882865,0.5720353817259038,3.346638430652328,0.07181177242544212,-2.4323191855775375
-0.013358030459045609,0.005781468304825475,0.005968143183885498,-0.004732148965143283,0.5730487797123102,3.331715930612012,0.09876276462392891,-2.4238986487033136
-0.013578657188243384,0.0059934633957967245,0.0056984929764664636,-0.005075269761295538,0.5435109558935182,3.394302725283913,-0.21269206450937375,-2.455987835971246
-0.013633521019025093,0.005992813248705165,0.005611941612284514,-0.0050715204136576745,0.5287821415680761,3.338649227658322,-0.25086018223374446,-2.425495109140094
0.006617048690133745,-0.013963454630575904,0.006009851685302959,-0.005131971962897281,-0.1062904343463379,3.6469546442412377,0.01996044317929696,-2.6082824039996595
0.00925681996975454,-0.015200901305208046,0.0077554463256053335,-0.0011067141578122415,0.2149352569991401,1.8892490035456542,2.7715484996054127,-0.8523786617454404
0.009289318026113,-0.015206089722587584,0.007761398570825165,-0.0010580174436251723,0.2156281041713068,1.8526650335537203,2.786795971714736,-0.8170990786194061
0.009314933822469885,-0.015227629757508637,0.007733944463300889,-0.0010118450687554377,0.21186813128223173,1.802817418442831,2.7809579995693805,-0.782506934531384
0.008914328115363789,-0.015102729283666856,0.007727214135590272,-0.0016427518816527263,0.2134529313022787,2.310606603967013,2.6072705596919703,-1.234228559961161
0.008879682449960003,-0.015126044463610518,0.007661566525122455,-0.0016727709475435404,0.20535542029827547,2.3022545289294123,2.558997051874505,-1.2508423289303037
0.008949049255026294,-0.015116708630014184,0.007726690919490513,-0.0015856728246407515,0.21322871404825602,2.2639824326808546,2.6242219416919164,-1.1941806924796141
0.008985742773141134,-0.015124440135644806,0.007737694468121981,-0.0015301330249240103,0.21455642883990642,2.2243873383304664,2.647183499980922,-1.155813697700853
0.009194248537921968,-0.015210265783438932,0.0077073015656158985,-0.0011901330354411848,0.20968354154932456,1.9347004244107893,2.721769236402014,-0.9114441862953889
0.009228618939260016,-0.015225155870559715,0.007698016737138318,-0.00113459472162773,0.20827256706021566,1.885713844360091,2.72998391474071,-0.8709719034077645
0.0089968916008491,-0.015156869006269794,0.007687521492199925,-0.0014936675119498234,0.20837924653150183,2.170473828371847,2.62792706157037,-1.1272286851014197
0.009100559168937618,-0.015170115970962225,0.007727639910346564,-0.001342815234595906,0.21267650309492056,2.067626974102826,2.694105897616972,-1.0220681901976734
0.009064922994509164,-0.015173101125875436,0.007701214846583226,-0.0013903529868137764,0.20972487194784514,2.0935226427912395,2.6652805413424967,-1.0547103770927262
0.00902636945693411,-0.01517342762272041,0.007677005176008346,-0.0014429932823702594,0.20675092727706246,2.1245300339113604,2.6361559716481193,-1.090849913864197
0.009159191540637036,-0.01523043322852715,0.007653025884350178,-0.0012281199456130668,0.2033411722309226,1.9406021105404851,2.679637726989632,-0.9368251782323168
0.009127262051727819,-0.015202660689359488,0.007684863883368803,-0.0012872446012793125,0.20740545614663436,2.0026542829373972,2.6832853230012006,-0.9803994032669517
0.008676595282165668,-0.015039716098175351,0.007650340257629174,-0.0020076179360879,0.20335449510645134,2.5661480796795555,2.441901581782659,-1.4786098415414617
0.008697473789223932,-0.015060564622256264,0.007632469501519623,-0.0019630085092828837,0.20115364463548865,2.521087975067852,2.4470404161687793,-1.447002154441243
0.008721422438871909,-0.015085476368903297,0.007609847954824763,-0.0019115343190864874,0.19864590228863938,2.468151059014548,2.4513442834798176,-1.4103297651504967
0.008761921127458614,-0.015102608734363948,0.0076131336727325435,-0.0018454456133069153,0.1989975611315363,2.4167533272784136,2.475304860527823,-1.3657261118969422
0.008795440390358473,-0.015117962866482745,0.0076129352380735075,-0.0017899093803206802,0.1992857760898382,2.3722467942502874,2.4932920215741814,-1.327939837114071
0.00884500792572054,-0.015129944522726308,0.007629576635805941,-0.0017159274321883256,0.2014272483030691,2.32117313484534,2.5266436449289205,-1.2784486623429674
0.008818719398232864,-0.015131415370174262,0.007607510677690063,-0.0017493286078706784,0.19840629458626582,2.3370086047743235,2.5031137050520087,-1.2997500699424973
0.008856936216286094,-0.015153163137933226,0.007598282508322457,-0.001683318014314534,0.1975120902911236,2.2797511012067235,2.518395619741763,-1.2538815737559679
0.008479483858814871,-0.015003626673217932,0.007530694408220469,-0.0022868789445792347,0.1864078852339385,2.7254565451736803,2.270351176943779,-1.650519825611381
0.008422469535271891,-0.015007060569780618,0.007469405245973879,-0.0023515053919566323,0.17796953243448096,2.7434527616949818,2.210525690594274,-1.6848859117923283
0.008451939269326275,-0.015014930357257022,0.0074856348102243075,-0.0023089280152559662,0.1806645369939273,2.7187459744241327,2.2361508445629537,-1.659614738540562
0.008505165381446824,-0.015022189433007682,0.007524866671380228,-0.002238050130605911,0.18614738047614546,2.683668234025984,2.2855991736303403,-1.6182073402904404
0.008647559767676387,-0.015048053871416528,0.0076111041744844786,-0.0020375933648510663,0.1982867110179515,2.5696215946830683,2.40844128753419,-1.4950578546771938
0.008534836270595769,-0.015039931342133023,0.007523514223792938,-0.0021853634193821168,0.1863560166048401,2.6412332123834754,2.3045385654429817,-1.5837248564976136
0.00861499042091017,-0.015048193845280364,0.007582329475381593,-0.002078632532623524,0.1945440373477643,2.587366114542583,2.377120296372407,-1.519644686311656
0.008570417323574473,-0.015046723633508096,0.007544883059753814,-0.0021354832400217708,0.18941325854138685,2.6129906771563305,2.3351007808997797,-1.5533440549102588
0.006680157790600819,-0.014036413663474856,0.006078173650206677,-0.005001426275860859,-0.09023481602023443,3.6315208995997,0.1333769950316369,-2.598034081499305
0.006633982248132878,-0.013989230127754321,0.006025503360791913,-0.00508661194055866,-0.1016274372052947,3.6360537420290093,0.0568874830248415,-2.6021133417937077
0.006654647632058242,-0.014012659314674191,0.0060481322555067185,-0.005044731877549245,-0.09637274725638671,3.6316220837474056,0.09346914259112193,-2.599095964879318
0.006694594860483179,-0.014067653731528898,0.006084528685411883,-0.004946775693978701,-0.08585330042448815,3.608066592729053,0.17310621866515705,-2.584631348620151
0.006666554984059059,-0.014067997855259968,0.006037444636707244,-0.004950208646684921,-0.090693442777525,3.576120577864959,0.15511057307178328,-2.568585797134447
0.0067426897641361255,-0.014104825697013285,0.00614262379548273,-0.004876519982040903,-0.07525484595925067,3.6131009757907493,0.24085383350544937,-2.5845200816885523
0.006712883946985354,-0.014097071826041297,0.006097630855498387,-0.0048947060155648476,-0.08106278090512932,3.5905395707227146,0.2130822648982458,-2.5740026017255
0.00676269931159229,-0.014124772719463281,0.006163373073573963,-0.004839394472023099,-0.07053669174987807,3.6082520687001876,0.2732035913313218,-2.5804766160691233
0.006785266512235826,-0.014147939675299566,0.006185791368645592,-0.004796146437820185,-0.06537538793227166,3.6010557208721035,0.31017310063752174,-2.574751056848917
0.006838702035354341,-0.014192420787948353,0.006243718420449494,-0.004709841914037883,-0.05360659060075199,3.5950143269422044,0.3882667017481871,-2.566764759458248
0.006811812077048493,-0.014174538620032255,0.006211819710454918,-0.004746049291123868,-0.059572881908715854,3.5923513401453486,0.3527135630551462,-2.567701192069695
0.0068332091312843166,-0.014225934806669917,0.006211063087188736,-0.0046565094227176,-0.0538420105523947,3.543109146671332,0.4108756777121492,-2.5380799654024244
0.006852718592017952,-0.014257461262202453,0.0062199721451783865,-0.004600188043227815,-0.04939754804327238,3.518302651231778,0.4506903858780688,-2.5220581764069334
0.006989852867704112,-0.014333936747013302,0.006380151594701411,-0.004432498956230955,-0.0220419810434436,3.53213226951512,0.6184533447990952,-2.5140482905602117
0.006890741843205983,-0.01428172789178317,0.0062630806961514645,-0.004549897877515194,-0.04160139144778724,3.519734563729753,0.4989705498924031,-2.518855468298891
0.006955755061118352,-0.014319188377461031,0.006337846682069269,-0.004468432966983616,-0.02871876596245331,3.5242769408508043,0.5792751195386123,-2.513865749214759
0.006923598235229893,-0.01430164636494975,0.006300389002772975,-0.004507460146455227,-0.03504244503819375,3.5211579342209745,0.5401512903204894,-2.5159417715462005
0.008167644080256426,-0.014926253454545109,0.007325551044200238,-0.002722979450126985,0.1548376050340959,2.9518714893671345,1.9773251894686525,-1.8953459473681207
0.008134681969537611,-0.014910516486186787,0.007311724392938132,-0.00277569949676307,0.1521598014156065,2.9842401929970426,1.946761929309424,-1.9247179866674922
0.008078230649040292,-0.01489380551851073,0.007271072727864658,-0.002853555404823665,0.14549427411193913,3.0199967347836805,1.890164973773951,-1.9641025441289368
0.008104582392347376,-0.01491226913172712,0.007274572147644735,-0.0028050309862842518,0.14710396123435843,2.9854119449175984,1.9136233773852798,-1.936183570843474
0.008168714048633596,-0.014966227320005151,0.007266937447782247,-0.0026773419262864297,0.14856684310016896,2.8847369986512352,1.9649988291005636,-1.8592559621761036
0.00823368634242544,-0.014959053352748131,0.007348784460222336,-0.002615531650734629,0.15952433759757276,2.8825514970061277,2.0359888529704175,-1.8337559605614493
0.008199978992371064,-0.014983134746708447,0.007275829254912631,-0.0026257714907160523,0.15060719454486807,2.8505094731514373,1.9916722206684465,-1.8295803741198846
0.008299134132621547,-0.014958463404672521,0.007419944021261519,-0.002543521666415686,0.16949280003952819,2.8663102005500902,2.1055333675767973,-1.7993442304217793
0.008335695553795415,-0.014975796443292095,0.00743114915779322,-0.002483812361257737,0.17164254806114923,2.82602987717161,2.1362404543430666,-1.7636621186927661
0.008364188599897853,-0.015004972756993923,0.007414405736151389,-0.002421274688501582,0.17039087736484063,2.7684422790268357,2.151981150067296,-1.722404930876192
0.008264824639805334,-0.01498070534703279,0.007349059911559534,-0.0025581491306714992,0.16043277281051882,2.8386878114769707,2.0600566469315384,-1.7987335205559487
0.008394846019718424,-0.015027078661376718,0.007410191865507432,-0.002363882921637013,0.17058672507443864,2.721512780411716,2.1722171432982837,-1.6856891458431544
0.007901711008285163,-0.014803549830493343,0.007184432733020184,-0.0031369119436526686,0.12804587361968747,3.1811275434634543,1.7119089254948177,-2.1110358356207484
0.007933704087493772,-0.014818770614394485,0.007203552266738034,-0.0030874382124906528,0.13174207483439515,3.155833517232261,1.7457077860144288,-2.0868430276116183
0.007988441308654445,-0.014845463956137379,0.007233539345464971,-0.0030013937798951877,0.13773975681663628,3.1093641811890116,1.8022703624825425,-2.043414896104178
0.00794901375402685,-0.014847884234267944,0.007181711980896674,-0.0030366416330420733,0.13030982884273565,3.105424339778068,1.7583548196758214,-2.05421589922215
0.008012193706376153,-0.01487888319755793,0.007214497856459762,-0.002937568120925303,0.13678150372422618,3.050786528197241,1.8217021486421532,-2.0035244194049593
0.008042213229161191,-0.014909379586793524,0.0072062943752373215,-0.0028716739629944758,0.13738781448065643,2.9969338691027865,1.8472096095442792,-1.9641061727464553
0.007818886876720296,-0.01476440192276094,0.007131088805839214,-0.0032632977594531888,0.11802038969640251,3.241692522765234,1.6220738226593379,-2.170139850851475
0.007843142982308125,-0.014790223118741714,0.007127738958231184,-0.003207908101301835,0.11894333276608339,3.1994635923179753,1.6477313099692161,-2.1393650836320166
0.007866898185706735,-0.014805380503593752,0.007137605256227227,-0.003166840181440751,0.12164128540416445,3.1753605338229174,1.6728721987939639,-2.118732367297771
0.007876407456501823,-0.014829688265540247,0.00711647689658238,-0.003127312325072673,0.11998812070054163,3.134005702890602,1.6809825458952852,-2.09288876601874
0.0077821042584085886,-0.014781193022229718,0.007060549263262296,-0.003273701491575739,0.10893315823040962,3.207002156965117,1.5806018068496075,-2.1616763872494915
0.007484203462211445,-0.014604527101520305,0.006868008945459208,-0.003751823124938516,0.06826262908809144,3.422493845959585,1.234151455938843,-2.361123387048288
0.007515726781379895,-0.014622517573433278,0.006892609257592414,-0.0037035131039526562,0.07331208833024792,3.405245323584619,1.272570559172765,-2.343866125995152
0.007553233544037282,-0.01463539916376002,0.006931098179256729,-0.003657710263351454,0.07989359860675994,3.398224889446556,1.3161305147594737,-2.3307905330424177
0.007578275165361197,-0.014659953223805727,0.006937023270488951,-0.0036041378448202622,0.08255044450512584,3.3649218178984497,1.3479868936555925,-2.305650479226882
0.007621314947786614,-0.014685943673839304,0.0069654639956644076,-0.003534746150366415,0.08868836209520814,3.3341705475830152,1.3989406766515702,-2.277264714507498
0.007594158386402731,-0.01468056851123891,0.006934247722550446,-0.0035631664654129395,0.08359955877412875,3.3345982773592846,1.3685320754309447,-2.284437109803415
0.007627838351769704,-0.014714677042212632,0.006938964255380588,-0.0034900039855951443,0.08707387412656463,3.286557854132474,1.4093371424822017,-2.248614888428188
0.007654417020304894,-0.014732816722446071,0.006952642849967623,-0.0034443394527114445,0.09032363937132976,3.2630081121110854,1.4398177359027604,-2.2283726119387564
0.007725007054284737,-0.014767839342560998,0.007002846784399966,-0.003339865114630517,0.10008218481189105,3.2196557839059694,1.518255198176147,-2.184850025846951
0.007746647768949809,-0.01479215340198841,0.00699991977221153,-0.0032897325430326185,0.10104282328576429,3.182337051940762,1.5419047872395246,-2.1578000881081016
0.007688164394083825,-0.014758905700702613,0.006965248445122133,-0.003382107515474152,0.09373120952694212,3.2269030033624952,1.478025080923207,-2.198953107641319
0.007446150700681056,-0.014621855785531612,0.006793134588158729,-0.003752799595955919,0.05946437777066054,3.37577812000659,1.198141984349648,-2.343092320517876
0.007407745998469838,-0.01462934695742175,0.006729512350611284,-0.003767443631789731,0.05118401791662922,3.345841561031959,1.1603630964286937,-2.3341826485723765
0.007209226481729165,-0.014493589068398005,0.006577390004108432,-0.004085019533798285,0.01903156316944885,3.452779214907082,0.9115200815770262,-2.434576230364183
0.007284981227131843,-0.014549345340589439,0.006635266299395696,-0.0039596196145152565,0.031888279293449555,3.4108281149918573,1.0095923078066897,-2.3964957347513622
0.0072419526500969765,-0.0145233839165015,0.00659730464881727,-0.004022511035208274,0.02440096353192253,3.426308948075287,0.9567377717210771,-2.41337903085941
0.0073171296186240985,-0.014586305131091654,0.006644337461524014,-0.003886275477338816,0.036356292094966915,3.3695939408395295,1.0552935613485024,-2.366401246538721
0.00734659876020648,-0.014615614482595405,0.006656252811084242,-0.0038258760323229154,0.040114402793848,3.338180329030157,1.0944422937142217,-2.3423221771521656
0.00737435828968871,-0.014632896934407552,0.006677719481650357,-0.003783711155462854,0.04493621864578343,3.3241488207090493,1.1275025678407886,-2.328558401242936
0.007387976068114475,-0.0146571154646628,0.006670895496333958,-0.003740536240389462,0.045973033074077845,3.2916012671116315,1.1482181418287452,-2.306744960603514
0.007006524030035384,-0.014373271654121328,0.0063737486902821485,-0.0043639657916569275,-0.018672041341689625,3.4878465023329204,0.6584636165420258,-2.4863552310154096
0.007044167005416374,-0.014394988676414948,0.006414120176158268,-0.0043147391129803045,-0.01161062557311303,3.4856058573510817,0.7049401266760161,-2.4798481447748197
0.007077462318220512,-0.01441294815055762,0.006450235199725494,-0.004272495428714309,-0.005278556057907489,3.4843552586227395,0.7454705673454519,-2.4742732451749045
0.007114562869960761,-0.014437714672052755,0.006485363514404151,-0.0042173720106113205,0.0016445549339412955,3.474200772611255,0.7934714694925616,-2.4627428218077605
0.007164834543588537,-0.014506426343394541,0.006497927934470098,-0.004088385149017339,0.009950051414230053,3.4037070589906127,0.8750388248472022,-2.41368450440488
0.007137286085569854,-0.014476516125490488,0.0064843706738924286,-0.004147155608954365,0.005397243581186366,3.4308992826906706,0.8348580787705145,-2.434005580141951
0.01037935391729108,-0.015291817999467716,0.007726668842657577,5.542613457257135E-4,0.20039722584548744,0.5591264625878526,2.997609803777529,0.4160774372105083
0.010353740108272388,-0.015321950103866706,0.007678122824933108,5.108112457632465E-4,0.1959109720585826,0.5751366300413429,2.964426386861833,0.37962957899615307
0.010421285517364855,-0.015307226313644548,0.007688710044908581,6.106443066102507E-4,0.1963871396783934,0.5022793274889478,2.9762819536470535,0.4588086363003665
0.010463287343008056,-0.01532539712553526,0.007645094541975567,6.653643533700454E-4,0.1915490585994226,0.4452528336074088,2.9508813941073337,0.49976595762703785
0.010505636086367889,-0.015343105404693146,0.007601567726646338,7.19569558203574E-4,0.18698552475131036,0.38921958356369585,2.9252417997325364,0.5402434587556962
0.010550466197721578,-0.015363014667013702,0.007552791388098047,7.75378598453864E-4,0.18230409690709484,0.3307602474192129,2.89593063967552,0.5814823428025289
0.010593001565158418,-0.015381735041704883,0.007506232083448816,8.271470545871596E-4,0.1777479265923214,0.276520531118674,2.86754109351438,0.6196417794261034
0.010112400955809883,-0.015321895663778937,0.0077116526829035595,1.6372380372026033E-4,0.2008921829397282,0.8568455663103814,2.959020638963509,0.10883044944327656
0.010145463369093796,-0.015318493989068902,0.007715362273749343,2.118203134274898E-4,0.20125185606653656,0.8206449714989164,2.9658092197040395,0.14647053102810262
0.010176986253733214,-0.01533367657039047,0.007684921163827099,2.55825932793103E-4,0.1976267371008292,0.7749637927903291,2.9506459357735326,0.1798847193945374
0.01028274196060824,-0.01530322421984179,0.00772553761633727,4.1240841410232834E-4,0.20116833927425362,0.6683268210455459,2.9881996256021073,0.3041219455581236
0.010240103337832332,-0.01530925876216904,0.007721293554353211,3.497937146857367E-4,0.2010341201740653,0.7151846101398346,2.9809943707428075,0.25492619342312
0.0102125110871862,-0.015343772155458157,0.007662709709515172,3.055491412597689E-4,0.1951149533747867,0.7282086629843274,2.940787846410156,0.2178382285663629
0.010313601564571666,-0.015335505990594692,0.007661858904383918,4.5091968513917953E-4,0.19419829291324128,0.615491935020361,2.950549106002087,0.33168303575158986
0.01002230220055879,-0.015306501610486599,0.00774293980577695,3.350994000244848E-5,0.20525040113008775,0.9710345545892158,2.9650940452562615,0.008333882350950254
0.010054112439173353,-0.015335031647676833,0.007690497572844314,7.908181847957091E-5,0.19943517415152578,0.9151552785999314,2.9373411958517655,0.04238293720514408
0.01009064524396361,-0.015353711325359348,0.007655417383095405,1.307105982969918E-4,0.19543051778611195,0.8615727270692893,2.9208036590682904,0.08155299738681933
0.009988925304192554,-0.015331742613153227,0.007696916175482034,-1.4825603136974495E-5,0.2006888278349676,0.9915132413043868,2.931119360942684,-0.030240024598892735
0.009921046231288592,-0.0153140662981583,0.007726716357331729,-1.136152714386185E-4,0.20466354595540068,1.080862773799858,2.937492864605297,-0.10586691872736718
0.009957181487612664,-0.015328013294283608,0.007702942500795226,-6.070748003354673E-5,0.2016098583678347,1.0299162847713683,2.9294090128339634,-0.06553627842412067
0.009876061092999294,-0.015310788031320993,0.007729569750575956,-1.791405563471417E-4,0.20547828013402716,1.133925603560382,2.9306799770294627,-0.15630355553554467
0.0097512423177771,-0.015328608407174546,0.007681934463721204,-3.569954303960878E-4,0.20154547989388974,1.2559816575310434,2.875637116785356,-0.292680044207648
0.009794236595526267,-0.015329943502947287,0.007685849273040501,-2.9517106612586417E-4,0.20147898573431025,1.2084643001259099,2.8873951084130307,-0.24554321457572462
0.009834702820979709,-0.015325810681821676,0.007698258371723783,-2.3749156405822918E-4,0.20262473869981826,1.1677016518962728,2.9033500480161014,-0.20136136408317287
0.00970501750939917,-0.015327479131274501,0.00767591218310753,-4.232900943560893E-4,0.20134259984981942,1.3063359816377071,2.86143901167561,-0.34313706542086986
0.009539987777769513,-0.015257206949355976,0.00776350088039466,-6.778869583671491E-4,0.21335106418093727,1.5464236415663366,2.86977623670384,-0.5351682969312178
0.0094892803797089,-0.015259545916352035,0.007743277289883389,-7.50336516033892E-4,0.21149096138423343,1.5958588065425765,2.843236432662153,-0.5889428024029963
0.009563976493623384,-0.015303600427352154,0.007686109581856604,-6.300530798921158E-4,0.20393824374501382,1.475347872617286,2.8317276942740617,-0.49875395829019104
0.009664701865467855,-0.015330455093114561,0.007662433368260277,-4.8011824361297097E-4,0.19999248415696472,1.3460949843853607,2.8438373509353956,-0.38607572860496736
0.009627488078264114,-0.015323762411791272,0.0076660843993048315,-5.345134273768303E-4,0.20105267944214603,1.390758266573702,2.836772685262986,-0.4268935705310845
0.009592483974880389,-0.01534026719011308,0.007627883629936604,-5.799289435377825E-4,0.1969093955591257,1.4114936563851141,2.8055744695375,-0.46104791467608536
0.009349042299502066,-0.015250364209820526,0.007707547051703594,-9.537812488679464E-4,0.20847383784913584,1.7442649715927707,2.7782330892162643,-0.7392294384112241
0.00938449864253894,-0.015267996504477301,0.007690152913462989,-8.965754324462342E-4,0.20597790093164955,1.6906055822939334,2.780306857890998,-0.6967675558789267
0.00941982934461507,-0.015287707485397563,0.007668187402656659,-8.393109340611533E-4,0.20323008490866987,1.6353634995947066,2.779300940069866,-0.6542761412266936
0.00945988610564272,-0.015301259032961843,0.007658094057780485,-7.781416249607284E-4,0.20150350102679923,1.5821514608590448,2.7858243880684364,-0.6089821536372021
0.017387481318155165,-0.011107104321480647,7.024949959103462E-4,0.0047838897436441605,0.08586444185759737,-0.45123623733994295,-1.3487199512552157,0.6871582478265178
0.017440076444669106,-0.011517289201749466,9.143547215356669E-4,0.004617287415145912,0.08601498046574263,-0.5784786914873877,-1.2413470112853888,0.8025216375596377
0.017773137061244018,-0.010920174452269983,5.183123891462101E-4,0.00446490069724274,0.07559706564126184,-0.33044369266153506,-1.2501475696634408,0.5230563508661553
0.018110014111105986,-0.010710362675894007,3.6407912103975706E-4,0.004201746196281043,0.06643853314747407,-0.23169540500600502,-1.1705029532311604,0.3939689798292505
0.01842544247603219,-0.010449259813166118,2.1754132402513804E-4,0.003964894607662956,0.058509163662663545,-0.13566179817120114,-1.1001547539971848,0.27396476297253386
0.022538976308406858,-0.0047900626333990375,-2.1348708352415992E-4,9.258594479596841E-4,-0.21067688045644253,0.3070075066395108,-0.33809477976014396,-0.28514220936655604
0.021802172927262352,-0.005444908120677678,-3.271553395500396E-4,0.0013130996840361876,-0.14886227377940717,0.36409643058989744,-0.39320842494692454,-0.33318779855196873
0.021102536068443766,-0.006502587819771937,-3.997726088369562E-4,0.0018177194098599088,-0.08562346240873932,0.372692470985468,-0.49470861837274765,-0.3323511610614602
0.021667691102354787,-0.006146456968558179,-3.155457197927488E-4,0.0015026527858427211,-0.11999745962357641,0.3379661939278469,-0.4441426666565679,-0.3050843523603085
0.020467773540997977,-0.007443625314560737,-4.1790732548503294E-4,0.002312942515742985,-0.03708596698148637,0.3480363854079158,-0.6107273285489367,-0.29549906308924795
0.021158750584763714,-0.007143297314416959,-3.280433024515288E-4,0.001913145361243506,-0.06823064366750052,0.3115302571251744,-0.5342756796637006,-0.27037688338703275
0.019938934007793084,-0.008421587816365228,-3.345253669622629E-4,0.00277757519794318,7.433587356884553E-5,0.26330685441320045,-0.741610329822464,-0.19676572169118708
0.02051513003609759,-0.008088417111107986,-3.107255288740479E-4,0.0023980763030454887,-0.022633930945975485,0.2629879800546591,-0.6483107341348487,-0.21058759240756153
0.018817729932493636,-0.009463514011595967,-1.7085241340159422E-4,0.0036508356332668984,0.041387576745173175,0.12947049677190248,-1.008991171604366,-0.017073334724008838
0.01875367752287892,-0.010077484736640954,5.591120837314261E-5,0.0037206464769634216,0.04964764709075719,-0.027012120320318765,-1.0277193297630693,0.14432961643244988
0.019380572062460702,-0.00925356763090252,-1.928191355474131E-4,0.003233291296542163,0.02716727754907176,0.14911611837691477,-0.8777855210765432,-0.06278866801747816
0.019963892103877702,-0.009014233301574632,-2.0114960900866446E-4,0.0028342458701494967,0.01119421321569414,0.1622513927465157,-0.7665611006113945,-0.09555290469976398
0.023785930700795776,-0.005536841960798727,-4.900868319738848E-5,5.42744721515177E-4,-0.2536043500660325,0.14369197472048492,-0.38787980763121516,-0.12539115741040233
0.025,-0.006294891520668866,0,0,-0.2828331571550819,0.0014626468937605555,-0.47253890014859756,0.023098967561741037
0.01744706186847693,-0.011862610310952768,0.0010853274419777047,0.004489235860929526,0.08330284629317265,-0.6782398469139449,-1.1521917381410038,0.8939808641566721
0.016107576310016868,-0.012650985158405,0.002244168218334667,0.005234846239901226,0.12158133148171316,-1.340597934905803,-1.1124300752453846,1.736002468956626
0.016357062451906868,-0.012461100361417015,0.0019628662825512695,0.005149333102608465,0.11446799096559848,-1.1910604421720208,-1.1745077770875019,1.5484908221216354
0.01717258594913824,-0.01202206801993231,0.001276975180237095,0.004662147872127459,0.09034273696052918,-0.7934069239140237,-1.1735713062392723,1.0380603900390686
0.01691822425059652,-0.012167550712960704,0.0014732063185126478,0.004817626850801279,0.09682830253016222,-0.9084341803680337,-1.1848608471220177,1.1843446631415573
0.01665911669600624,-0.012316002157320285,0.0016936845493897587,0.004968066997670466,0.10478513156779594,-1.035523698078892,-1.1835861249363777,1.3464980963951056
0.015654861876554373,-0.013052264624043096,0.002822540300057103,0.005270280412553338,0.13246565467401983,-1.613172158594674,-0.8957615581308153,2.07318175182628
0.01587695025449702,-0.012981148102205832,0.002589482356984464,0.0051571354065753595,0.12371930272833338,-1.4929858661367137,-0.9434041337914448,1.9088535927413766
0.016110123021767776,-0.01289037208541424,0.002354828783946097,0.005043425000925012,0.11519094129348244,-1.3721249965987175,-0.9859112188161099,1.7460301802058347
0.015598331695238887,-0.01326274856873297,0.002955514864475575,0.005109898272561381,0.12635272451520474,-1.6434257484343142,-0.7667247545366518,2.0897322850889455
0.014407893541971518,-0.013946013118209841,0.004457365264500992,0.004982750712429499,0.1496241219189234,-2.11110477522045,0.05320182347416942,2.7581204504054204
0.01431636096330975,-0.014006524705030506,0.004575078879271767,0.004931405813552531,0.14951375786496798,-2.124489700427604,0.14305299204352825,2.782833096624622
0.015300539513400697,-0.013543972589176962,0.0033406203136814414,0.005022581902344059,0.1278136389749315,-1.7759506070727458,-0.5520424135235878,2.2538877064093175
0.015488467290602471,-0.013467299697724517,0.003126293532116364,0.004982241947124121,0.1227769379208585,-1.6877925418725697,-0.6353242074856694,2.1323700970346846
0.014500446459893327,-0.013895428230422079,0.004336999978440839,0.005015577850412241,0.14830412920409253,-2.089270237704604,-0.029446161371383606,2.72062495456837
0.014592025886163897,-0.013820362743586143,0.004217425649608909,0.0050758146623026594,0.14840976504355666,-2.0737190864091306,-0.12073963589989715,2.695752899222096
0.01525505312473046,-0.013719294103335023,0.003424037011235271,0.004861746409969358,0.12084807844081695,-1.771557209837926,-0.4433600929890384,2.2328022168630244
0.014731267596507829,-0.013819118825034936,0.004040737905174595,0.005015332636310475,0.14097106383271385,-2.0056854576503977,-0.19262094211213124,2.585161375293613
0.014897137944566874,-0.013795048092848346,0.0038376253287040365,0.0049653234813813426,0.13366660914770687,-1.9303572729592464,-0.27958404871822445,2.4684098723932206
0.01507220867286428,-0.01376010764749927,0.003631131859170023,0.0049162869230892975,0.12747188048016997,-1.8527073427130316,-0.36417105090132124,2.351351643763096
0.013650262267728242,-0.014461277348904329,0.005363091969672953,0.004384055627240649,0.14175697639241566,-2.0661469670975507,0.8342146474694955,2.780053644869312
0.013597711373064172,-0.014527429306533222,0.005402671396439357,0.00428840294110444,0.13781826010559503,-2.0310454873614456,0.8927096660360313,2.7357047165748445
0.013596793133074036,-0.014608953013025868,0.005361383973860877,0.004178233347755884,0.13059538582835664,-1.9810977275527202,0.9046794024634291,2.6552361690669333
0.013746897323996766,-0.014457122293625875,0.005232146137250058,0.004394383115578348,0.1384747031336003,-2.054332108811425,0.747355215469918,2.7410753554091714
0.013898032030663367,-0.01436310171478924,0.005063202937468061,0.004520512467779839,0.13955285381933613,-2.0790776469924848,0.5966498234659451,2.7530227135472756
0.013840751576087057,-0.014438890539023164,0.005112503366647921,0.0044196860542325056,0.13487990655414037,-2.047950376039151,0.663790653808422,2.71325608938341
0.014245009935499469,-0.014101165986376271,0.004658856659257217,0.0048234191732762525,0.14488746783862758,-2.1090223674141266,0.23591656590138127,2.7607715141168088
0.014138884792750172,-0.014188624105465042,0.004785735007754499,0.0047283115995449,0.14292527955229184,-2.1037486217393755,0.3478690362588748,2.761979692175505
0.014088078575106189,-0.014270566689768439,0.004834385773684469,0.004626511572647694,0.14001326162162447,-2.0776855137258696,0.41578701192144846,2.7261231703307613
0.01402615234232665,-0.014348176538007709,0.004895456745095193,0.004530491601804974,0.13425974064095816,-2.05506748144898,0.490121835400822,2.696308866972736
0.013090371775628955,-0.014796902580352404,0.005911355899764033,0.0038020485189764826,0.13433870943813575,-1.8422560361895075,1.3808765436324377,2.5806632507904617
0.013018971629047627,-0.014806770098899968,0.00599718976307764,0.0037606864207954463,0.13616346539518906,-1.8226665182879522,1.4501116830335095,2.576046093099597
0.012795606851851209,-0.014800456470871477,0.006297366720268366,0.0036627701749531653,0.14682187271871472,-1.7676322042083437,1.679615506620628,2.5870953633471605
0.012945230067074417,-0.014805887303984792,0.006094943153727744,0.0037296301965461976,0.13905039477483683,-1.8066759523859999,1.5241538787571025,2.5810616869004694
0.012874020999642572,-0.014804234519907374,0.006190266062098264,0.0036980892898781166,0.142514198665511,-1.7890291497876165,1.5972659071412831,2.584181396945302
0.012779058525496188,-0.014870646367949282,0.006252878363267074,0.0035623059445089185,0.14007264934971855,-1.717105097696205,1.6771024194144108,2.5057788382294275
0.012462432840698076,-0.014974844350914816,0.00654213556980543,0.0032334116071774037,0.14302328856353444,-1.5193478578909811,1.9562989705769678,2.3373040159327165
0.012524985033668203,-0.014959655943312717,0.006482448433799447,0.003295204403604457,0.14190514653814557,-1.5592032680401806,1.9008722441367187,2.3693026535347532
0.01259021631929579,-0.014945796264713429,0.00641672898206086,0.0033552997746387377,0.14057346514867544,-1.597406216839423,1.8415619761811988,2.3979883614627124
0.012650757585881505,-0.01492762120695092,0.006359991912898336,0.0034158891975762675,0.1396614654049023,-1.6340596295008005,1.7880821578355637,2.428255998717649
0.012726663590454271,-0.014911761938464737,0.006280278191904966,0.0034806841783346565,0.13746660982351291,-1.673097367869371,1.7174155686562806,2.4552377706562782
0.012444616876758295,-0.01504491087124638,0.006485972401564598,0.0031372820123581127,0.13656283437865605,-1.4707083559091838,1.9413034104358997,2.256406277173056
0.01338593327600545,-0.014724343816223328,0.005573729813230958,0.003987987771345924,0.12856840721569116,-1.9159630027853394,1.1035939428642612,2.6040193970229844
0.013480463656778477,-0.014724055889255107,0.005450141414287227,0.004008325468890055,0.1249447620389585,-1.9163457860931412,1.018484406459445,2.5791705079156007
0.013579392755366876,-0.014705810533422447,0.005332108989519975,0.004048640324716349,0.1221454731640854,-1.9241043592262645,0.9312571825902097,2.567968185961068
0.013352337574329604,-0.014811718024121387,0.005560614662300046,0.0038662365924467764,0.12205768698665155,-1.8608213429274614,1.1346770844423781,2.5241724020376695
0.013154307970327243,-0.014874684035705866,0.005768853460871124,0.0037251550543851595,0.12393953719669992,-1.8030489285012334,1.311970816150474,2.4918170594568956
0.013241171426068465,-0.014903823048821443,0.0056378673397469645,0.0037174948252922503,0.11886836063699709,-1.7960767293522157,1.2304729263314005,2.452384996996843
0.013307464530874726,-0.01487992089746562,0.005571595069643711,0.0037674372853254098,0.11801746718570313,-1.8165664856813883,1.1729069561811731,2.466039989931074
0.012383164716973424,-0.01506015713279913,0.006540500242734071,0.003074908287193787,0.1370580484466899,-1.4299057900813084,1.9923196670318515,2.2222974481965068
0.012320393472171976,-0.015063416027651974,0.00660899745908207,0.00302367522806667,0.14052228265216804,-1.39310047393546,2.0495063148992076,2.1983460167841486
0.012280963944416745,-0.015111224305138641,0.00659765854147418,0.002938804435970755,0.13609361603598813,-1.3451579649476406,2.0604562234159167,2.1342991369771243
0.012425073009675266,-0.015103976026290258,0.006443292388771879,0.003055112837287099,0.13161032176495674,-1.428590256765274,1.9318496585592448,2.1890934549457604
0.012272331841811954,-0.015177781008903804,0.006529016904260963,0.0028590153183099664,0.1300877458644395,-1.3067765059018903,2.0320217694586993,2.0638452282843214
0.012114504067145006,-0.015173281355103931,0.006702857571154545,0.0027346029750246505,0.13718887350294529,-1.210503491693336,2.1722231630255506,2.0026333441485193
0.012196392066095869,-0.015183425225386373,0.006603758590710968,0.0027924145789029156,0.1325310042026255,-1.2584418713399153,2.0952779042143845,2.0284426179145387
0.011932818405686522,-0.015199767444549076,0.006854999779012953,0.0025438328650197735,0.1424839842566288,-1.0695077031470808,2.3084319203568597,1.8842470008459546
0.012003017347073156,-0.015223179687352584,0.006754277670299093,0.002585156729065622,0.1362905196363552,-1.1116773263568092,2.234463694479649,1.8995884231155677
0.012071377528851984,-0.01524318132970714,0.006660106853869855,0.002625349445083303,0.13136236578525864,-1.1506789340473798,2.1654170947558824,1.9151094046909012
0.011741360766527596,-0.01528051492777295,0.006927016293345994,0.002280287050538295,0.14187769130743774,-0.889538956291725,2.398435393347446,1.6952170380367095
0.01187303169840337,-0.01525100235864233,0.006844997041585746,0.0024370961470602877,0.13915589416298998,-1.0045265317360859,2.319827148914962,1.8023677026008105
0.011812166245508767,-0.015303586901499563,0.006831140442960899,0.0023293500735459866,0.13594748631876033,-0.9389111656152994,2.32811787708671,1.7194078478001813
0.011007073392043662,-0.015330274890037281,0.007401910329220975,0.0013974101994130004,0.16918713489361895,-0.17357008210314717,2.792897157922053,1.0613368464919066
0.011245196647844924,-0.015297090069559448,0.007302941655055322,0.0017149905939330696,0.16294898145548195,-0.42519731347647655,2.7085144650317012,1.301860945733132
0.011297760150969206,-0.015295689276369108,0.007267617829936526,0.0017790433276748292,0.16053753676663593,-0.4786043428730284,2.680036399948083,1.3482200979422936
0.011357044210292518,-0.015307465018857498,0.0072056780038965715,0.0018400965966682145,0.15596698722616742,-0.535865289662311,2.634254855542315,1.389292741910601
0.011375334311043503,-0.01536659279312474,0.007102241111486419,0.0018172791824620524,0.1480696628092553,-0.545449423722459,2.5692819912085216,1.3611227053844361
0.011069785177062875,-0.01533080836148325,0.007363858769165476,0.0014764785438098158,0.16620469842665733,-0.24080134946393691,2.764277755824647,1.1202514493150362
0.011134865904768797,-0.015327793094795802,0.007328117136592414,0.0015594048292933518,0.16357931275146806,-0.30940710547654166,2.7361740729676325,1.1821788012789367
0.011220719776523815,-0.015335177719321991,0.007259761246926179,0.0016591635962486743,0.15865721710981295,-0.3973848648191497,2.6850018154146778,1.2538399860873277
0.011184395434895274,-0.01534632450564435,0.007266450572901079,0.0016079103596091284,0.1586168211898651,-0.3597821298545951,2.693164945723364,1.214346824773318
0.01067169901074149,-0.015342670094828864,0.007544586891705449,9.483313996603014E-4,0.1810492396721967,0.198449669572621,2.893258339031322,0.7174043976452821
0.010713097830414646,-0.015333041447663056,0.0075443178302426845,0.0010085104298334583,0.1812949198061827,0.1536736378430579,2.8931966729820537,0.7648011599597394
0.01075157229607866,-0.01535368874262227,0.0074924439325945,0.0010514325286270201,0.17636280016487613,0.10537584883266028,2.859958779027122,0.7953998302945239
0.010645224710769046,-0.015394150810928688,0.007466356157971185,8.929723711213466E-4,0.17381119470268222,0.21464164226719565,2.843305412921986,0.669085171736063
0.010956069300134916,-0.015361492337585228,0.007379111019476427,0.0013148338536366222,0.1667717101726192,-0.12074365155022769,2.7815985933210268,0.9944654449604755
0.01099271948957135,-0.01538591700100334,0.007319101061462448,0.0013478069433445785,0.16152351374481747,-0.1614408318845591,2.741983294438091,1.015540220906409
0.010921991878072253,-0.01537970919985026,0.007367223018947394,0.0012616411652159269,0.16501059307739338,-0.08584085827490151,2.775840045417971,0.9518384257748418
0.010795271713244283,-0.01536419074143489,0.007455090445051253,0.001104715812088543,0.17291762167494326,0.05466409769271163,2.835614974195471,0.8347843304756172
0.010885669211885773,-0.015373395388023809,0.007396234915915516,0.0012182372649461,0.1678679709749579,-0.04588989447992448,2.795727359111101,0.9199093497765288
0.01084197685127626,-0.01537031279558483,0.007422871923934035,0.0011630711114372259,0.16996176083586623,0.0021406105617930663,2.814016458032798,0.87848667540855
0.011685776426113495,-0.015327899531489289,0.006910094585816745,0.002182153381742579,0.1387838112798552,-0.8294405183405157,2.4015565927854357,1.6184944267106574
0.011527836002487725,-0.015318552565399829,0.007055812126608209,0.002023655052506162,0.1467740790942306,-0.694921515349201,2.5166612717203076,1.5149499036253553
0.011578509755252991,-0.015350536246828753,0.006968178802716804,0.002051910774457808,0.14084096155746795,-0.7326266581657973,2.4563466880620095,1.5265963422036972
0.011636432045969442,-0.015360532543008782,0.00690619915708515,0.002103962981908556,0.13659857456729693,-0.7793630861806453,2.409726287996971,1.5587794794759962
0.011477482408231572,-0.01535696813194627,0.007039442920472593,0.001938153528079531,0.14444856558753258,-0.6414640283208087,2.5159555846517727,1.447296723810279
0.011425229136975051,-0.015380801824560086,0.007044086254036905,0.0018625260659321384,0.1435105161652044,-0.5896536944056983,2.5271760744348035,1.3899111842006697
0.011399047210914653,-0.015429019018999119,0.006992084578477492,0.0017983130182888905,0.13865805640582954,-0.5578918925530209,2.5008374791761354,1.3350876248503492
0.004772282681518601,-0.011253867341016638,0.0018167788231363263,-0.007639548280607085,-0.17167267257075858,1.186282051578001,-2.199028429980928,-0.579209787761274
0.004776108617082751,-0.011298762280917744,0.0018761762602498165,-0.007612928625289406,-0.1800447780604293,1.2277800544618487,-2.1816447080029326,-0.62132585196542
0.004789390997304635,-0.011335607229681136,0.0019316663050871195,-0.007600669317546382,-0.18689907397855607,1.265974962253382,-2.1744959580649303,-0.6559824018037091
0.004786318565790437,-0.011378807924362138,0.0019829137025857463,-0.007566387193028658,-0.19387683372815465,1.3023827222192332,-2.1511076298830125,-0.6956919182636543
0.004776753291063383,-0.011427273776388785,0.00203471758715942,-0.007520894159981808,-0.2003524273238464,1.3393431768100277,-2.1194013488774104,-0.7388427400996943
0.004819158062530509,-0.011450301316174237,0.0020947039478471604,-0.0075459534973459945,-0.20724102485504578,1.3790834930411335,-2.139498732981215,-0.7627630912790889
0.004857382210807437,-0.011548751482214062,0.0022428146596971017,-0.007505955128763065,-0.2245750824314938,1.4808748732146246,-2.114255866416821,-0.854224543348933
0.004833527389664451,-0.011496434313697422,0.0021613997844455815,-0.0075243482024091425,-0.21534337480000862,1.4251926237485895,-2.1255332185583735,-0.8054368298699686
0.004818620337962536,-0.01159108882940915,0.002259962180114705,-0.007432743572311909,-0.22620139629757682,1.4957243842675487,-2.060765866249771,-0.8869041194275525
0.005052259261068657,-0.011945478975233369,0.002866205443550124,-0.0073273907150491644,-0.28503660996234403,1.9081730495227789,-1.9946781022319608,-1.2230588379590677
0.005034512559957301,-0.01191155999640346,0.0028124861448610146,-0.007345327065691935,-0.28095959139400173,1.8713701026355563,-2.007337504136815,-1.1917016931478006
0.004992814671809359,-0.011888611857600942,0.0027463259661641756,-0.007328717790504651,-0.2739726399233751,1.8271989433089517,-1.993566634493062,-1.1641779888494526
0.004938625077186283,-0.011711888916014225,0.002501783529083195,-0.00744506269838456,-0.25260447734775493,1.658128568836567,-2.0757946479028786,-1.0068590529725545
0.0049838408771855575,-0.011816955756872796,0.0026608526652377213,-0.0073904880004609,-0.26766982116539834,1.767485956080298,-2.0384884063523088,-1.1034716389333223
0.004969807525301008,-0.01178378973008737,0.0026110583339435003,-0.007408649158062671,-0.26317969761312915,1.7332491745369218,-2.051043930590326,-1.0731314845707383
0.004954881062367677,-0.011748544695223942,0.0025579196566735737,-0.007427230892227209,-0.2581604255718717,1.696699750276604,-2.063769857820173,-1.0407564398545937
0.0049572941036684645,-0.01184072463530751,0.002660771098250326,-0.007341991127241888,-0.2662774359399539,1.7690465324440363,-2.001968272320152,-1.1180472722296404
0.004953266070423401,-0.011872277994626264,0.00269016157480865,-0.007307477126853226,-0.26811409089795774,1.789882341501268,-1.9764873061264197,-1.142743205165721
0.00484581714467388,-0.011632406507782222,0.0023298876533076255,-0.007424421854390426,-0.23378845431934317,1.5432488148740864,-2.056320874322925,-0.9257735296932587
0.0047992676435663325,-0.011628903612952457,0.002286509427392088,-0.007382467646684992,-0.22887969081522214,1.515619123101795,-2.024263018711211,-0.9164869708534062
0.004869184520597832,-0.011671616149394791,0.002394344361140413,-0.0074132063468372944,-0.240652526891717,1.5870914874770465,-2.0495365507190964,-0.962373021468352
0.004887536371773858,-0.011707452743383225,0.0024506473527725644,-0.007399236436752139,-0.24638412887585417,1.6255441652430669,-2.0404497811525713,-0.9953780920476952
0.005089927298613184,-0.012001251786966566,0.0029632054177617345,-0.007304346257570753,-0.29273950938479404,1.9744514562580677,-1.9785825078986679,-1.2766386926405684
0.005085961403215931,-0.012046302485191633,0.0030040939660717215,-0.007252110683454916,-0.29411996675566043,2.0029290802297237,-1.9392850760259328,-1.3106225246787118
0.0050473924044516895,-0.011980969323198363,0.00289755709859181,-0.007285785214077735,-0.2863200365008978,1.9303123691938977,-1.963502145247528,-1.2501232484735052
0.005090544590548037,-0.012089772683234789,0.003051460464823997,-0.00720887637043416,-0.2960752937155238,2.0353736900609505,-1.906629816611847,-1.3447271977890127
0.00508320636038406,-0.012131923313080502,0.0030832770505083654,-0.007155695790780886,-0.2961540484197826,2.0571970398192643,-1.8663505369813806,-1.3734717533770988
0.005123043005606866,-0.012151776644366917,0.0031463876294238473,-0.0071691707320588076,-0.30128612644972336,2.100117051933991,-1.8768293314337041,-1.400110657229983
0.005135304842866912,-0.012196579160918087,0.0032015396418970973,-0.007129062652293619,-0.3035066972125771,2.1373995340617102,-1.8463111637504108,-1.4359539775710553
0.00553904226793174,-0.012863464488602918,0.004207787833037546,-0.006576126598414898,-0.30760264217995265,2.7951456324712183,-1.3901358465301057,-1.9865765938625437
0.005354799641803678,-0.01257907823658715,0.003781247658012813,-0.006837734905442541,-0.31707717016590836,2.5238767210544553,-1.6138215363153618,-1.7620908818155758
0.005317134232554307,-0.012521307655695781,0.003690747809560005,-0.006884080103902111,-0.3167432196627444,2.464257328259697,-1.6523598911177204,-1.7130815545879658
0.005315744941715569,-0.012559247042144787,0.003715976779915004,-0.006833489861164228,-0.314491495701057,2.478176249398128,-1.6124659262781538,-1.732976523630424
0.00527665074976524,-0.012396133374550408,0.003542937846371143,-0.007011214871299374,-0.3177828732269375,2.368763866374635,-1.7537063409244948,-1.6213972065083924
0.005271296842049269,-0.012441186391789321,0.0035717599331605535,-0.00694986584405797,-0.31554730074918447,2.385800613030506,-1.7057413138286777,-1.646647938224337
0.005279583105393638,-0.01247686930201724,0.0036095022890165252,-0.006911263511040628,-0.31498517674644605,2.409678138120944,-1.6751867139724077,-1.6710546854274513
0.005290876909168417,-0.012504948941808028,0.0036448198773509507,-0.006884334936255064,-0.3148359101196095,2.4324516174124886,-1.653606943751661,-1.6919916078614066
0.005504061140838594,-0.012832227614067191,0.004141464236560605,-0.006597441050455671,-0.30883371251074215,2.751067793985083,-1.4110190640152653,-1.954951484608878
0.005474596370845879,-0.01279010443588703,0.004076962824403421,-0.006636927664606189,-0.3108806832653328,2.7107524253806443,-1.4454264886859336,-1.922184345090832
0.00542513244474237,-0.012727237756041104,0.003971852442594043,-0.006689624020748966,-0.31263146893402305,2.6430231628375918,-1.4915799013176188,-1.868940393090827
0.005436962081592435,-0.01276466652403293,0.004009985317876838,-0.006646201940068225,-0.310440227781579,2.6647968007810086,-1.456136610297555,-1.891059375458741
0.0053594625306543795,-0.012624139295405977,0.003817900677018321,-0.006781232319477154,-0.31459285806849463,2.544681218316972,-1.568784645599066,-1.7873039590596564
0.0053690162260567244,-0.012673830851798747,0.003862666696821907,-0.006721673595243563,-0.31232429007897783,2.5702815602655953,-1.5210653641043186,-1.8157622150274861
0.0053880591062073265,-0.01271417810729562,0.003913251657827028,-0.006680866694243104,-0.31040972735678957,2.6011180235088496,-1.4875605547503772,-1.8435942300982724
0.005211973035875081,-0.012349055995456767,0.0034243986815261445,-0.007014893460217093,-0.3115755806511147,2.287167290416265,-1.7577552180891591,-1.5656484344707808
0.0051360954206640524,-0.012241258527640568,0.003242302382273295,-0.007078169548502637,-0.30376612778585454,2.164350612703968,-1.8072675617375673,-1.4669418029326566
0.005148177480841824,-0.012281198008299788,0.0032910053233229804,-0.007041925087766336,-0.3051993414027339,2.196644100932677,-1.7794215065535777,-1.4977546955072583
0.005175938126719812,-0.012324150429603399,0.003360197830955331,-0.00701452857207748,-0.30787399124333126,2.243192372628014,-1.7579935410496417,-1.535942405525846
0.005224126318105632,-0.01238479297632069,0.003468351044669069,-0.0069812761112462,-0.3118456083558998,2.316115917086868,-1.7313453277440038,-1.5929428285629725
0.006585790386971132,-0.013966418167760283,0.005955164703455789,-0.005129043000244952,-0.11128683528955921,3.605591448953413,0.004847561077066849,-2.5869970621631375
0.00656200970478969,-0.01394842759750485,0.005923404172844713,-0.0051608105607429755,-0.11670072554166842,3.5976915478478273,-0.02727180682099312,-2.583099707438859
0.0065153340440826475,-0.013919146499023519,0.005857434319083262,-0.00521175808905237,-0.126471235997103,3.573530844460388,-0.08307851463175754,-2.570452989029399
0.006528239023195023,-0.01394684696468893,0.0058670869482003625,-0.00516474545727274,-0.12208940472633308,3.5586800648640384,-0.04706977332910322,-2.562745658078448
0.006455487122439508,-0.013874900305087862,0.005774127128942908,-0.005286134597546251,-0.13925574313885422,3.5466152642713245,-0.16011110953116528,-2.5555100656998864
0.006431919731508628,-0.01384798121832557,0.005744145574271636,-0.005330732094349648,-0.14531380978970174,3.544557814417923,-0.20027473974458668,-2.5536211079435733
0.006483887635797333,-0.013919503488534093,0.005804306280583715,-0.005211393774916643,-0.13100838061451392,3.534863969201733,-0.09838142120813093,-2.550074626447565
0.006452339850384434,-0.013910373140566056,0.005755190668225274,-0.005226506711330156,-0.13647818052418367,3.5065106859897415,-0.12321969071588999,-2.5348753278739165
0.006347490032833407,-0.013770191483489378,0.005625933815978813,-0.005455464278766057,-0.16467860999390174,3.5112272013765056,-0.3220339045417721,-2.532064960110354
0.0063487586182813536,-0.013815668128789704,0.005614958734554678,-0.005379220218998834,-0.15947976740430023,3.4715685399289655,-0.2699932192236459,-2.5129911138166503
0.006395186274290903,-0.013852920772390854,0.005680634505094341,-0.0053204420247442786,-0.14972458021873322,3.493957961231923,-0.210466079394827,-2.526656433531286
0.006356781291188115,-0.01385458827455497,0.0056162392088699616,-0.005315207684288613,-0.1546498287617887,3.4455897378741827,-0.2242575190200645,-2.5005739885741707
0.006304847627607031,-0.013756239822356733,0.005557859154942882,-0.005473721994989997,-0.17098747585918694,3.4690506098858296,-0.3526578743066016,-2.5082804881494503
0.006269336542916959,-0.013742681637991253,0.005501802012806664,-0.005491388035055934,-0.17707245207808384,3.435284853687167,-0.37919985521060817,-2.4888824351606975
0.005689802797678582,-0.01307075983978007,0.004520393378855684,-0.00636165431091923,-0.29008082032145416,2.9823612180515457,-1.1979777739347368,-2.13790484414721
0.005535910162406428,-0.01290651945320111,0.004224188760728439,-0.006511759472166673,-0.3031121756110999,2.7972817636186567,-1.3392493071811897,-1.9990049665189493
0.005570070991679169,-0.012921834003363192,0.004281040643965893,-0.006511470819153412,-0.303259089597816,2.837622658072213,-1.3347242982517604,-2.024344700775582
0.005674298853973177,-0.013037691924813714,0.004484861286515388,-0.006402942147764996,-0.29388878996686246,2.964838002221761,-1.233376421082287,-2.1208258764405454
0.005663810144368162,-0.012995531516351187,0.004452607593353264,-0.0064605604911743345,-0.29833926853467513,2.9522708259800585,-1.2811152147140603,-2.1039966799727576
0.0056254068590825546,-0.012976964834349366,0.004387178809104761,-0.006464828683929349,-0.2994193164861388,2.9057554344705534,-1.290209707952869,-2.0745415660187003
0.005592551806427245,-0.01295310408835394,0.004328141420646962,-0.006479784458948684,-0.300794636239689,2.865978105487621,-1.3066077315451283,-2.047351135364185
0.005675445364588333,-0.01310243223112338,0.0045093027967435554,-0.006305456751969996,-0.28569917436551906,2.9631990221283497,-1.1556715011508942,-2.1344834394705465
0.005743685796622665,-0.013137430116902805,0.004624650886223543,-0.006289196022419908,-0.28243545466358616,3.0427278385974157,-1.1308360917168727,-2.1853283826908374
0.005692639669030082,-0.013142215589405952,0.0045478194438162865,-0.006254519548973142,-0.2816023005540264,2.9801064983531904,-1.112722347810539,-2.1520269228049966
0.005764866611888494,-0.01317180060616137,0.004667212016030813,-0.006247086757859677,-0.2784894832036114,3.0642008597862955,-1.0934710479290424,-2.2041891770138613
0.005785294513028422,-0.013195266499624403,0.0047051812962037925,-0.006220965632801054,-0.2751270779448518,3.085702749800475,-1.0688272409547186,-2.220691050785884
0.005789894486151764,-0.013225958909680558,0.004719698832144418,-0.006175303830739256,-0.27134834680008385,3.0855411032256543,-1.0319308954060071,-2.226555502553189
0.005801610288182012,-0.013262141354880429,0.004745805326279203,-0.006124437084970592,-0.26647024880796705,3.0919796894957234,-0.9898842699510974,-2.2368084104489516
0.005816280089175785,-0.013299810940034004,0.0047758521931862315,-0.006072339110742985,-0.2616259191684134,3.1003974264333682,-0.9464994457081822,-2.2481042125289252
0.005834871654952961,-0.013342411577187987,0.004811743731293296,-0.006013871738758336,-0.25609276501872147,3.1108920628851138,-0.8975257878122705,-2.2610407148332055
0.005929268278032272,-0.01340983154430278,0.004968647969571113,-0.005945270958178123,-0.24425104941788708,3.20449095650639,-0.8218674893308747,-2.3237639917418473
0.005866777977228544,-0.01337586234762169,0.004866157142395358,-0.005974619068257391,-0.2506626097470548,3.1393259242630163,-0.8599828470754461,-2.2822193949891525
0.00589003856860869,-0.013404626589157226,0.004905855706418898,-0.005938471660583055,-0.2461765897063167,3.157559178425571,-0.8269591915944725,-2.2967535302263684
0.006228662735240283,-0.013749647523294637,0.005433085234409537,-0.005473723113805606,-0.18051188275873453,3.378807397509822,-0.3832511881509075,-2.458290288085818
0.006203575682477861,-0.013715331530988658,0.00539873431975527,-0.005525868126932788,-0.18695145197527632,3.374241927092165,-0.4286323634505708,-2.45325580261392
0.0060729865997868745,-0.013532587541167719,0.005204480358107393,-0.00579520392846015,-0.22050691311148787,3.3291799578024333,-0.6675084790112272,-2.409906581313848
0.006091035505612314,-0.013555131531140997,0.005233120330063564,-0.005763384883925185,-0.21582051364311855,3.339313196297804,-0.6382127726342798,-2.418252711821036
0.006103391777469453,-0.013585042839591404,0.005251394314557165,-0.005717627174553393,-0.21134108097078272,3.337012524144289,-0.6004987808036467,-2.4203928037247056
0.006157806054381806,-0.013712863574647861,0.005324528603283681,-0.005521500541014298,-0.19165909543007167,3.319800141738591,-0.442883121672841,-2.4228344693374724
0.00614552016543492,-0.013665161759529719,0.005311754860973649,-0.005596624271934214,-0.1983729480123182,3.33792072753247,-0.49961713118497514,-2.428876353439804
0.006119884409527778,-0.013624170857970533,0.0052748197793675705,-0.005657708460928578,-0.20512264294722193,3.333216744963168,-0.5517264151765637,-2.422379323892834
0.005992207165873343,-0.013452614012994161,0.005072568283468609,-0.005899481727080277,-0.23586158715552027,3.2661602485903063,-0.7699967298891432,-2.364338109177002
0.006015251735708939,-0.013491553734265988,0.005110799857620873,-0.005844103191947471,-0.22942530590268592,3.2767638464662014,-0.7216300933257805,-2.3755422408930875
0.006033023297893732,-0.013532361250012946,0.0051392795362549875,-0.005783512826879698,-0.22302077006806406,3.278052275271841,-0.6713781298281973,-2.381418184487359
0.005944030008522013,-0.01345084290650638,0.0049949299532948055,-0.0058851907493804095,-0.2382892297180421,3.205845270237495,-0.772644913014748,-2.3304067500553676
-0.004412723165944337,-0.00958130794574806,5.578817125538635E-4,-0.007633187268099749,0.16528237993190417,-0.443606361846944,2.0643076739184547,0.9764461489945191
-0.004414134060042719,-0.009457335829979254,7.203999133207237E-4,-0.007603868827695238,0.18579333135618306,-0.5505536356091949,2.0297522587491375,1.0867234626140234
-0.004391026350624378,-0.00952065710834941,6.321428102882571E-4,-0.007597161099877536,0.17057675822152735,-0.4947272225302392,2.0316171915354406,1.0206967771578002
-0.004391117946657616,-0.009397363250364868,7.909009624184717E-4,-0.0075631543814851385,0.18957072695386423,-0.5986907103317282,1.9937204328427447,1.1272387672462394
-0.004350063841924784,-0.009335292572440507,8.56078625187937E-4,-0.007502698826497602,0.1893750136939837,-0.6448835266047591,1.9433582669858198,1.1591710699646418
-0.004360508170367349,-0.009090601117067684,0.0011591261522144035,-0.007417115843525632,0.22100810994090272,-0.8374512432798346,1.854170595732161,1.3582305939514852
-0.004316124134558295,-0.009258414449945258,9.38792863643262E-4,-0.007442888447729083,0.19235367985344579,-0.7011182544108342,1.8917364796384268,1.2040002984197062
-0.004328216588354495,-0.009165826273130057,0.0010552352949789402,-0.007418548797170395,0.2054546197609857,-0.7743179306262448,1.8640072543526773,1.2827056186151269
-0.004309754632251386,-0.00901884274161141,0.0012200403123935604,-0.007336258964805573,0.2162828056868201,-0.8795539382824703,1.7891656346004112,1.3820814600097187
-0.0045299708325971305,-0.010005293234424709,-8.094256668809927E-6,-0.007802142324238205,0.10255937494339282,-0.054642571728353455,2.229612721189427,0.6199031522098591
-0.004505102345755882,-0.009746458599394709,3.5139379597970253E-4,-0.007758180248582312,0.15329920322100365,-0.29739660566900095,2.1728566351294174,0.8618134723770288
-0.004392152177783631,-0.009638731574519428,4.782367600894332E-4,-0.007623818580018323,0.15106821090778785,-0.3924045881843948,2.0632926779930014,0.9159782812293255
-0.004447639100113598,-0.009696055429641491,4.116090282616177E-4,-0.007690664900095062,0.1516216473970852,-0.3431794562160486,2.1182314083433025,0.8863788965496374
-0.0045034427485230915,-0.009955046708143853,6.182667494948183E-5,-0.007773336990902506,0.1093309386630095,-0.1037715972817729,2.203827990236711,0.66045294707033
-0.004511654942422728,-0.009892445201545067,1.4934834963636057E-4,-0.0077793836939175276,0.1242489374748312,-0.16197215150924246,2.202567440789357,0.7240814244517546
-0.0044975109091869294,-0.009819250549496174,2.4987002840298793E-4,-0.007758704618129758,0.137144745167453,-0.2304782370157776,2.18034994684002,0.7895140788087184
-0.004585704141829887,-0.010334578153417298,-4.787099481861423E-4,-0.007832578856379566,0.03259483788514045,0.2670480666976633,2.279627963281035,0.30709679184189825
-0.004561072064768858,-0.01026973371838115,-3.8309149047555883E-4,-0.007816529430941578,0.045312129553402296,0.20090007584940417,2.2626479481924684,0.36622762493547434
-0.004523838180564052,-0.010231509117377089,-3.245873975455648E-4,-0.007781893072181854,0.05026849987054003,0.15917847754225775,2.234099795602179,0.3950566941113275
-0.004523728054827267,-0.010195421454023138,-2.7424420323633546E-4,-0.007785775828713026,0.05837416132311489,0.12503821905333892,2.2339406829926443,0.4305548349465546
-0.004546602076092361,-0.010115967145240181,-1.6451991871634363E-4,-0.00781657640941316,0.07971100680818048,0.051952147574566995,2.2498049206333133,0.5156039742636899
-0.00453033176773131,-0.010063866396682783,-9.038522619219995E-5,-0.007801580613619124,0.08925614895210222,9.282101291632339E-4,2.2343196718699883,0.5622839996642012
-0.004501646442259052,-0.010157758718763326,-2.1983611219712006E-4,-0.007765850556372155,0.06432196908933994,0.08675414487425913,2.2161500103224743,0.46176049930026025
-0.00448340228983397,-0.010043246911116431,-6.0456379660790116E-5,-0.007752430899568603,0.08732369654020651,-0.022596075637846047,2.196320754584176,0.5683304526626002
-0.004600117434936162,-0.010546092081530156,-7.796656592190828E-4,-0.0077985096958658765,-0.0172327577486022,0.47243036093892093,2.270636117094156,0.09841927050736422
-0.004572690105149165,-0.010394829555423642,-5.611454162691606E-4,-0.007806989646722009,0.01675205487408242,0.3225084927309132,2.2655422858324137,0.24404244190030935
-0.004533831811022862,-0.010367219764472841,-5.14851469400608E-4,-0.007771237909458694,0.02001057806766623,0.2893856478490342,2.2371164021629926,0.26331423152924555
-0.0045881283867298195,-0.01049112353790042,-6.996197609328967E-4,-0.007800867868569635,-0.005000967151632683,0.4174368184891476,2.2683610809802257,0.15107223597379657
-0.004568113615772342,-0.01044295147003447,-6.273975333732435E-4,-0.007791469268178583,0.004839675890627829,0.3675366220774469,2.2578394636185526,0.19528077737716099
-0.004225867774843928,-0.008170114823013785,0.0020203754439412076,-0.006732414969896264,0.23064923095566944,-1.333992302332203,1.2976327825423666,1.7970026768089824
-0.004175575443776664,-0.008085501210972904,0.0020514647451330688,-0.006631371861864005,0.22133704375663268,-1.3478503819060539,1.2307512815448574,1.7938814573444761
-0.004118231308523784,-0.00797350109364607,0.0020935613833915796,-0.006505146374575736,0.20989982992726017,-1.3657684805025754,1.1493749965396522,1.7928589148190566
-0.004212712656155238,-0.00826873527649683,0.0019257522405104115,-0.006796037965980938,0.22901743908350158,-1.286810159497013,1.3482149044371508,1.7485808125089335
-0.004203007079880071,-0.008391267237545387,0.0018089833137340976,-0.00687556275180383,0.22616267460330172,-1.2265732747024216,1.411632325600162,1.6881774379466556
-0.0042605097007835605,-0.008931788351429926,0.0012944994010323614,-0.007248753320952994,0.21279327323284195,-0.9287317134685481,1.7187700546962035,1.4141900764212798
-0.004227152894035178,-0.008539546062053217,0.0016847554180635883,-0.006993933127190967,0.2271756266301468,-1.1590137640509546,1.5034394598457317,1.6305008766371734
-0.004166940272661788,-0.008635388245334646,0.0015532965937830308,-0.007004165010305564,0.21064423551388328,-1.0868903247846609,1.5222519631565863,1.5406557593382468
-0.0041809629238816265,-0.008730352098076115,0.001466293660358627,-0.00707138491463116,0.20925860780821412,-1.0361220751459925,1.5767343796075783,1.4947669646532598
-0.004216723529172874,-0.008833379086859557,0.0013786890908618428,-0.0071588805154402775,0.2105919500909255,-0.9821832481577099,1.6465929435274589,1.4528000889371409
0.004191532969935171,-0.007896636856819926,-0.0022092563726412713,-0.006492137039567254,0.22015945843848858,-1.4195384529282817,-1.1298822759845049,1.8632093923239725
0.004148028021341093,-0.0077748354707066845,-0.0022597562844143045,-0.006363824797419228,0.2097799848829945,-1.4378420717450364,-1.0503904119539298,1.8661636006139897
0.00409433812431451,-0.007262758623673953,-0.002515615774777342,-0.005890834727936236,0.18132565041164042,-1.517471643439941,-0.774170915081036,1.9118721018083493
0.004066904993189005,-0.0070725832823929505,-0.002580631920074447,-0.005707534427994532,0.1689171145691132,-1.52798653304207,-0.6820458833974973,1.9083947107953476
0.004010322879662217,-0.006182935640070151,-0.0028160146303917465,-0.004875386412210928,0.11977469833660741,-1.5261815432529906,-0.344093591528185,1.8563010135495916
0.004063678662923917,-0.006356753681226213,-0.002823978662862202,-0.00504930376222704,0.129742271635788,-1.5460280116092535,-0.3984397530157235,1.8911106526009598
0.004008675069638593,-0.006519183294610218,-0.002728828531561992,-0.005182284435117693,0.13617079284390912,-1.5318536724883176,-0.45519472695990687,1.8767749572708479
0.004043470783490446,-0.00688828487651744,-0.0026356936712767683,-0.005530924755652668,0.15738906801716132,-1.5328230811505945,-0.5999105481199797,1.9004489432633236
0.004024994569356232,-0.006703356378541087,-0.002685802601454384,-0.00535575201653088,0.14634735453744419,-1.5344217023254323,-0.5241756449295963,1.8905053491329193
0.004124307377328007,-0.007466433149145451,-0.002432732383870114,-0.0060863471090417355,0.1941819752407521,-1.4981379901701095,-0.8806081032490363,1.9074073975106993
0.004124992561700437,-0.007635565918605525,-0.0023317098630033072,-0.006232775884915099,0.20194813178233365,-1.4626180259577775,-0.9698526118507457,1.8802262335782436
0.0040496990148942286,-0.007715137078640248,-0.002218175075237935,-0.006255117170598168,0.1937517189790136,-1.4147297466928073,-0.993028248122554,1.817232179327506
0.004223699248307332,-0.008707633233180878,-0.0015141585226362956,-0.007094488420048769,0.21933294550552881,-1.06177161815933,-1.5890939830466875,1.5340935024452693
0.004250546731096068,-0.008425772776744193,-0.0018096486401902678,-0.006936845594627233,0.23480251533726407,-1.2261768171337513,-1.452853584980504,1.7034168019461717
0.004203724898956143,-0.008518194478771302,-0.001690378722670443,-0.00696094082819669,0.22268611857330664,-1.1622994206353867,-1.4804092297180926,1.6263642425168412
0.004179965231978679,-0.008604503043502562,-0.0015915705328094839,-0.006996101969806,0.21549848129537316,-1.1078097313533817,-1.5134977519400081,1.5655626790544783
0.004173453403205684,-0.008330540093472168,-0.001843162387900277,-0.0068103454827436625,0.22092896123716407,-1.244602299871158,-1.3653769933106406,1.6961326030243722
0.0041112957932076975,-0.007999084507185533,-0.002068982419617225,-0.006520398628154994,0.2086207313534766,-1.3542276983769383,-1.1607125874446338,1.78026115451288
0.004102825279608281,-0.008224673554732555,-0.0018838840091020598,-0.006683023438922443,0.20891424099364456,-1.2659967508797996,-1.2789871069104566,1.6951347535278776
0.004039787143094355,-0.008102047435039575,-0.0019363269957370568,-0.006550040166247293,0.1982021693069431,-1.2914429118096973,-1.190737334482441,1.70130212870394
-0.004065898481402364,-0.00784535245660419,0.002144282303068536,-0.006370151373971916,0.19954661005888316,-1.385468999490078,1.0649851389648306,1.7955396461672037
-0.004026476458828212,-0.007698611208581771,0.0022097598733753863,-0.006228085970367451,0.19039891187949695,-1.410044016737089,0.9786176780055488,1.8064460344796764
-0.004019035839926511,-0.007516488174580733,0.0023136113900036307,-0.006072706600484265,0.18343910951306633,-1.4474368152763364,0.8857721052356488,1.8359679795495651
-0.003984352838816309,-0.007331825397326697,0.0023844163494158885,-0.005897874793570081,0.17255025945813374,-1.4674445542554515,0.7910639737326367,1.8426818078011238
-0.0038189647054590347,-0.0072291317877873395,0.002294595987125381,-0.005734336246521703,0.15282993377671109,-1.4240163303039994,0.7209262899883911,1.7671419360056786
-0.003746485805705476,-0.00621290710685805,0.0025742816769420292,-0.004836849841791606,0.11078329758130878,-1.4595466201165943,0.35669121851734703,1.7616206630452655
-0.003804924713069607,-0.007038249426298668,0.002366358215464818,-0.005567962408222867,0.14521367274273908,-1.4424709554945265,0.6406872124884225,1.7773850462927887
-0.0038355416543194446,-0.00683933565351556,0.0024695592919787286,-0.005409100375031878,0.1399617519289026,-1.4681659514818375,0.5666957352320329,1.8018601182023024
-0.003809624272927102,-0.006477129692397644,0.0025629784140802536,-0.0050843759242291744,0.1237708644076735,-1.4740191715132775,0.43836858602936996,1.792440569618501
-0.0038802282769591565,-0.006671564593951334,0.0025665040089424556,-0.005277638016530082,0.1353508491192094,-1.4900465782849428,0.5071738402136777,1.8244662748549711
-0.0036927294305553367,-0.007149786780656498,0.0022260208988454763,-0.005615093519305365,0.13894795110980826,-1.3946722216456955,0.6710002333815034,1.715224985205929
-0.0034875351387195106,-0.00609357419258521,0.0023798430662150846,-0.004675805907536975,0.09782934069500678,-1.4007077247689506,0.32354446521784364,1.6753112405871569
-0.002542521908431404,-0.003484112031991443,0.0018393588103359647,-0.002540316953726865,0.0516525278739264,-1.2528096759598124,0.022498968588018378,1.4553628443950768
-0.002443127773238706,-0.002962602929692703,0.0017688491854198384,-0.0021510851561371345,0.050001106858023996,-1.2393953798105948,0.007132137279957383,1.4376852193292182
-0.0034431410787624937,-0.005789671471612588,0.002397719320171054,-0.004414845651348366,0.08857520619486649,-1.3907239656299877,0.2540897237382657,1.6557059409530719
-0.0031926495260887946,-0.004139589694035512,0.0023241183917787796,-0.0030599319657281646,0.056557480842601045,-1.3074559799985155,0.04001476724469311,1.5297992126051188
-0.002869468946387752,-0.003827443544623169,0.0020811387471854005,-0.0028078435240894155,0.054365678637861625,-1.276336369421973,0.030945448014183478,1.4881479850891568
-0.0034305925609419002,-0.005105269142713796,0.0024676290731442036,-0.003848706830315178,0.07212137421737491,-1.3709097436596822,0.13351189488998386,1.62030936168738
-0.0034142281294184456,-0.005456006731120372,0.0024193717657207433,-0.004134798409543463,0.08015714440701793,-1.3795797339202975,0.19045454252222183,1.6352108272021246
-0.0031542653703822946,-0.004558199047535783,0.0022798205594407018,-0.003386533307396154,0.06216850242753091,-1.3190786335703317,0.07766754939742072,1.547058828147975
-0.0031897945184247442,-0.004890044696508979,0.0022893775884460714,-0.0036521869088870034,0.06686283822483502,-1.3330192677208836,0.1128592735523806,1.5681587489468636
0.002691441470876391,-0.0024095475542695657,-0.0019507206551851802,-0.001744382603188472,0.0469754600287331,-1.2333139454898043,0.009226572634644855,1.4293006399302566
0.0032179631904149936,-0.002915460087304743,-0.0023467489271001125,-0.0021209121414274093,0.04663233632450275,-1.2590044127067743,0.018653702225953164,1.4633965031146519
0.0035676799585175126,-0.0034506902307862293,-0.0026201807865945414,-0.002530550053303092,0.048169835489440545,-1.2963270836085086,0.020911429427872257,1.5136008986793
0.0037834533541908286,-0.0038890176279836645,-0.002794637422157655,-0.0028783176238731073,0.051546056826792565,-1.33541900190571,0.014525791027761558,1.5671632704689051
0.0037893026178319757,-0.005809383877910356,-0.0026888387099531625,-0.004494221831093056,0.09667348217648908,-1.4602532620190123,-0.2515713235764378,1.7527400230948904
0.003794223097347084,-0.006072455672019799,-0.0026458809054511977,-0.004725441693329651,0.10735299379645484,-1.4690499568268542,-0.3177402954412347,1.7715861612459662
0.0036358830328761683,-0.004268294470917033,-0.0026738700622896665,-0.003180051778548319,0.05767354688162974,-1.3491464168808216,-0.025597892147473145,1.5874326715869833
0.0038133819809189912,-0.00553199756703597,-0.0027480602699666134,-0.004256445352971393,0.088622109423262,-1.4509389651839057,-0.18932504160528876,1.7361310150365246
0.003891118648748282,-0.005292177416164073,-0.002840570818448376,-0.004058033222836843,0.08062943689180883,-1.4507316663223875,-0.13787596675682548,1.731843543848479
0.003859776914828464,-0.004800476583503539,-0.0028445344682381008,-0.0036325432345776986,0.06714858342557488,-1.410136160387308,-0.064767997574505,1.671941998053754
0.003752174935728602,-0.005084536531786061,-0.0027372698441660557,-0.0038643408075313677,0.07510712582815258,-1.4140567285271368,-0.11401529948200598,1.6808929061497875
0.003640197762608587,-0.004575557930579409,-0.0026699779074415477,-0.0034307579262737127,0.06327935886803408,-1.3682227541922505,-0.054916340126353026,1.615208093758295
0.0020260571910644012,-0.002586243170515591,-0.0014630749180085934,-0.0018710079783388048,0.04933486035095283,-1.2256314851854617,-0.005319564941795008,1.4184234506118172
0.0015962688138719272,-0.0020423258846826668,-0.0011509237238483178,-0.0014733535686262125,0.049505660734473385,-1.2157355113480028,-0.0019452924021757547,1.4058841179530857
-0.0014904110562143132,-0.002163123134109501,0.0010742416051553428,-0.0015603231340207493,0.04984864141903611,-1.2152684520100558,0.0035395361365943433,1.4050219823652637
-7.052250696894256E-4,-0.0020799102199793107,5.074665013616936E-4,-0.001497493787498531,0.05059214547088158,-1.2095317081570511,0.002682204907367609,1.3973614577425213
8.345371471512428E-4,-0.002083850085043632,-6.006454386214562E-4,-0.0015006792150080359,0.05038840004420669,-1.2102446047685154,-0.0029566668002862155,1.3981627483446166
6.56914025929634E-5,-0.002064598870001122,-4.7247789637813073E-5,-0.0014855682228043735,0.05085264633265598,-1.2078665049689319,-2.704206091435348E-4,1.3951198819742185
-0.0017561731143103296,-0.0028300697295053153,0.0012654863641495349,-0.002046411119597939,0.05062456695507179,-1.2226494868324675,0.011528376721645278,1.4148723319278877
-0.0019509275735376508,-0.003465882224493674,0.0014019492134595985,-0.0025138710783916807,0.05226817214150943,-1.2305875484821642,0.02743278822008774,1.425811263857614
0.004324953634561054,-0.009188489149560409,-0.001026670701156974,-0.007424590167635387,0.20192411667648805,-0.7567136425269858,-1.8707459706444143,1.2634674998449418
0.004423847497997619,-0.00974380554639469,-3.439606692945065E-4,-0.007673139234967516,0.13811154252541377,-0.2999903634136598,-2.1099728955100416,0.832625054900853
0.00429645108773849,-0.009245609629546287,-9.470559991519234E-4,-0.007419284673361099,0.18908398236462376,-0.7079567487179125,-1.873391190696385,1.2038951580693578
0.004384324848666861,-0.009679964336983343,-4.2271017508558657E-4,-0.007623174325284718,0.14237424111500172,-0.35623344131732276,-2.0668705101849807,0.8757196315258341
0.004338492355617583,-0.009367570425281632,-8.120940449714275E-4,-0.007501791301571519,0.18226934955147778,-0.6172208563702396,-1.9460292745996408,1.1265683796992898
0.004276787559197022,-0.009307202394551394,-8.659058301881259E-4,-0.007422324914500765,0.17749418291449,-0.6570460204989619,-1.882272464478359,1.145258538142927
0.004350854912493529,-0.009606219533116156,-5.125295765471578E-4,-0.007575933029065768,0.14880022913116123,-0.4188342007342268,-2.0247559591923836,0.9278966508571439
0.0043259876882148105,-0.009528212944583336,-6.066937889648295E-4,-0.007534078831812912,0.1565649210786184,-0.48327699796975937,-1.9862798037896752,0.9850816200386631
0.004308735443287757,-0.00943490594834686,-7.193728857175582E-4,-0.007492850729656317,0.16664786697783793,-0.5589829349521742,-1.9466542039308534,1.0563668597554736
0.004392752256972125,-0.009810510823995852,-2.5138222870843514E-4,-0.007649033590093828,0.11995363115319975,-0.2405273196817346,-2.098645512257194,0.7595184026153153
0.004443546471515044,-0.00985610824966141,-1.9467953177296159E-4,-0.0077054084776416445,0.12003653360320816,-0.19777799513362052,-2.144571456321375,0.7346319164352663
0.004505419786315344,-0.01003485280319369,4.9219498587052745E-5,-0.007775814601422382,0.09222706037948745,-0.028716493595443076,-2.2128069832727983,0.5832618677719895
0.004447501501820272,-0.009924751078732464,-1.0163501614123708E-4,-0.0077136333340566176,0.10679112281424312,-0.13503518003672513,-2.1569565279129743,0.6710954843815057
0.0044749994942358375,-0.009983058036782509,-2.2538015204230836E-5,-0.007743896873124404,0.09895654847087226,-0.07947541604072089,-2.1846903134360285,0.6241119605125341
0.004526987810929048,-0.010141049637607603,1.9851426547060988E-4,-0.007793975501412289,0.0713886926041405,0.0737831505811316,-2.2353797788556857,0.485128523646621
0.004492252414894652,-0.010091959618368531,1.2807685690866216E-4,-0.007760131573439862,0.07762306136965112,0.023690046229486873,-2.2063140686140374,0.5236975047078616
0.004538719611627657,-0.010258331512125393,3.6398240716111683E-4,-0.007794273571515972,0.045710621469918104,0.1867144889887008,-2.245413914624747,0.3721455058634309
0.0045154208766307255,-0.010196002129820872,2.742234536825931E-4,-0.007776919347384905,0.05713824080670432,0.12439585974100978,-2.227495802313666,0.4278645958145812
0.004640914760828454,-0.010820984811822091,0.0011728787968432553,-0.007741812550489494,-0.07951315117102055,0.7429448407519122,-2.24815795463058,-0.16801590886151566
0.0046289214624643795,-0.01087336896658296,0.0012378958957516807,-0.007705718427041195,-0.0910355072246649,0.7882167564743341,-2.224985998624289,-0.2200989861594679
0.004570363336104027,-0.010418592493632549,5.939339092302386E-4,-0.007799387761187065,0.010956382819408214,0.3447616751379154,-2.2617749509537783,0.21984949373658194
0.004536355901149374,-0.010368872476106038,5.176289623009303E-4,-0.007773595210421663,0.019706947359499984,0.2913564763286837,-2.239067353745561,0.26222797038409235
0.004504450756143278,-0.010314251194552228,4.3647559486649344E-4,-0.007749683376367645,0.029122245775586444,0.23451234428825915,-2.2171196569243574,0.3090666305422442
0.0046053124643025386,-0.010677116215578278,9.625575255118357E-4,-0.007761455022338237,-0.04762769581147849,0.5981061327624168,-2.2528591502515245,-0.03072965242013317
0.004602308438569274,-0.010733205294178889,0.0010379377891201588,-0.007737356956130151,-0.06052760334905823,0.6501188119506917,-2.239031844740522,-0.08622487896370783
0.0046063962110555415,-0.010782752910331407,0.0011065678861914706,-0.007721823223322388,-0.07141023060854979,0.697445711228137,-2.2309293549802756,-0.13407314193108882
0.004550094682823638,-0.010638761849082468,8.91226633883327E-4,-0.007716744396597496,-0.04093796752002476,0.5486559309080131,-2.2172758502076966,-6.318157796360526E-4
0.004553793680000537,-0.010482687327929875,6.790598042850993E-4,-0.007766569911286027,-0.0053978947078782485,0.40248649486583915,-2.242591944371935,0.1531865243818327
0.004524411277337518,-0.010533122695453513,7.402849543856129E-4,-0.007722283064859615,-0.018799628423262885,0.44394330916265096,-2.213786949064547,0.09866688039551907
0.004489659595270506,-0.010593489199534659,8.112203542473471E-4,-0.007668609987896194,-0.03375693983170414,0.49240939822513324,-2.1783106430015544,0.034860001389483426
0.004736207329928855,-0.011134025438456202,0.001639340652315723,-0.00767855267282818,-0.1472358878625706,1.06412257660974,-2.2209702382104837,-0.4658511825502459
0.004729172388598823,-0.011183984252133674,0.0016995277288101489,-0.0076404310466402755,-0.1564646131550952,1.1064995478319715,-2.1956093854225753,-0.5132560126931668
0.004724444106409896,-0.011234026697209654,0.001760057257843134,-0.007603547785393441,-0.16519478027303205,1.1492646200818537,-2.170938576358134,-0.5601214720066424
0.004667366654790168,-0.01096921933090167,0.0013841301948421148,-0.00769906908734174,-0.11168946553379742,0.888899155813852,-2.2261869265436887,-0.310141550303561
0.004619528702897878,-0.010931782444818634,0.0013107477047603568,-0.007668187904117955,-0.10324226340486635,0.8391433899876698,-2.2009789984791372,-0.27704733084003325
0.0047041223085194485,-0.011091862602108347,0.0015654078120168244,-0.007670197149292962,-0.13764552157307874,1.013952847775238,-2.212303167046414,-0.4263759112264394
0.004659320883392112,-0.011037453918790014,0.0014693781657693886,-0.00765451919331628,-0.12550206031054914,0.9486462927829836,-2.1974356433952553,-0.37592377862744136
0.004293873515699399,-0.009074086992757593,-0.0011488369902238635,-0.007346865056868057,0.20727860625259517,-0.8361753754447377,-1.8030313799464415,1.3328163119711276
0.004284014584441154,-0.009135562715658095,-0.0010728302699844832,-0.00736423406542262,0.19907129736714985,-0.7891614898815659,-1.8220888037845444,1.281845238703276
0.004245562851945011,-0.009007378101191208,-0.0012028373219874558,-0.007271899029822005,0.2034040430593835,-0.8733864869650311,-1.7434661460864902,1.3533909514917946
0.004233489144478861,-0.008841606904435568,-0.001378881107319109,-0.007178002073945434,0.21372014104974205,-0.9815325436754334,-1.660305499724185,1.4576683905033276
0.004207529838104266,-0.008938595907670419,-0.001260686509869389,-0.007204773996477329,0.20080494384123812,-0.9111519837240556,-1.6895778432642001,1.3786481505930643
-0.004562501441746318,-0.010588406291117285,-8.268002206554256E-4,-0.007745966082573345,-0.0292135438682089,0.5041502242524166,2.2351823161443556,0.05052348846795008
-0.004588398405490784,-0.010626425010245941,-8.871717588008138E-4,-0.007761081822322895,-0.036618143646518206,0.5461357435691709,2.248964303009973,0.016889197059665698
-0.0046111109538847835,-0.010713381205085479,-0.001014338627525848,-0.007754227649276814,-0.05588738319836619,0.6337614555211721,2.2500385764826123,-0.06570318720871825
-0.004593773972837983,-0.010670295218911382,-9.490992131707304E-4,-0.007751728027617832,-0.04658086288001942,0.5887349992582488,2.2451887387699574,-0.02550523292385388
-0.004740668951304374,-0.0110001028354323,-0.001464089440466126,-0.00775999958987904,-0.11992927803081618,0.9420481538148711,2.272970156064747,-0.335838276970115
-0.004710576827149343,-0.010973643907975906,-0.0014124287265052475,-0.0077421506363315315,-0.11341890611115928,0.9072471013779498,2.2581797490814863,-0.31180309699176817
-0.004629984643376789,-0.010757008007497758,-0.0010812758850727159,-0.007757130553133558,-0.06528366397611714,0.6798807860874457,2.255164656948623,-0.10641824491977303
-0.004644064023699203,-0.010803959809596404,-0.001151121584817692,-0.007752504977522036,-0.07577960629664325,0.7279635852689825,2.25487379348354,-0.15106595017118665
-0.004661648615500683,-0.010847638742023899,-0.0012182324300796727,-0.007751857228169135,-0.08543801391460959,0.7740642562848299,2.257265741892127,-0.1922377172825739
-0.0046778462295458114,-0.010892991007381303,-0.0012872415643391197,-0.007747888472331384,-0.0954313054480592,0.8214664358573034,2.2573181546978236,-0.23530087362058344
-0.004682043313597408,-0.010947161597210299,-0.0013622240290365362,-0.007725695774601751,-0.10728820766659701,0.8732363253939013,2.2443922885309964,-0.2877984432180467
-0.00475326200288467,-0.011046160663282843,-0.001533085609118471,-0.0077479290376363035,-0.13012544453678562,0.9893868086219805,2.2669879333576763,-0.3802763023738257
-0.004749353872834076,-0.011103156596891603,-0.0016067222420985377,-0.007710810965094922,-0.1417682564691163,1.0407330942432171,2.243105763494872,-0.43577302727964007
-0.004752781221557908,-0.011154173271581816,-0.0016757294883450976,-0.007683511536578292,-0.1519624339054476,1.088698550853156,2.2259413518308686,-0.48471409710196317
-0.004823992532393138,-0.011263903152292368,-0.0018646671615846903,-0.0076865460774947336,-0.1769967839702105,1.2167902602740484,2.2346763912710106,-0.5892599302152036
-0.0047827090582569926,-0.011241667016241533,-0.0018081552823688925,-0.007658478028736191,-0.17013794960028575,1.1796465698254213,2.2124527475977014,-0.5677997091518968
-0.0047622853687534486,-0.011201881864069995,-0.0017435805516819996,-0.007663318835667912,-0.16166743459732524,1.1356154037537214,2.2137579014753577,-0.5300646779587282
-0.005391786050531437,-0.012361111088033908,-0.0036616196194327803,-0.007156666256160245,-0.3323492649367114,2.4580637569518022,1.8678124980384216,-1.645786148384331
-0.005369653613535693,-0.012346491458540484,-0.0036202606373253623,-0.007155736248793231,-0.3302319466930515,2.42857054989446,1.867230128645139,-1.6264995111096858
-0.005348699694351002,-0.012327548875176446,-0.0035768872120688923,-0.007161200729367895,-0.32834399165601075,2.3980070228064174,1.8716502371887824,-1.604836727495303
-0.005327606722886843,-0.012306680022004537,-0.0035317823449765545,-0.007168658399457198,-0.32629882483069533,2.366390203404134,1.8775897116196496,-1.5818689082301136
-0.0053150155451575955,-0.012282175381950158,-0.0034941716500909562,-0.007188012763879326,-0.32538174274885645,2.3404758981552214,1.8928612909752385,-1.5596160766700267
-0.0052786438151756895,-0.012236415697926332,-0.003407682745064125,-0.0072112593813912235,-0.3214402421962197,2.28032210001216,1.9109514842871977,-1.5131145398090955
-0.005290204318187555,-0.012265249925782444,-0.003448126984907263,-0.0071864272498882425,-0.3224539417013652,2.308138020303218,1.8915370532430313,-1.5382642121604593
-0.0051941245764132475,-0.012054455696522318,-0.0031318979163266125,-0.007345413866170934,-0.30852719949315216,2.089108520285968,2.0128220480502788,-1.3462641026528865
-0.005164360798096638,-0.012031862717670802,-0.003075541265165776,-0.00734200931550408,-0.30371327030751344,2.050486734545475,2.009368238325534,-1.3201250351623044
-0.005251789793418553,-0.012218856229239732,-0.0033589393879463335,-0.007207881974141252,-0.31800898058512345,2.2463328082715495,1.9080264496025008,-1.4909230125661435
-0.005233404723983466,-0.012181866022106675,-0.0033024221850140372,-0.00723512744142403,-0.31576923730832757,2.207418634358138,1.9289800335023544,-1.4573388442804391
-0.005210002627464645,-0.012151964624815277,-0.003246462723970499,-0.007248555634877085,-0.3124896318550383,2.1688257693183552,1.9390293754814942,-1.4273208134297528
-0.005195101779816018,-0.012121367294639779,-0.0031996476721463233,-0.007270083423659709,-0.3101077989432149,2.1365374951396636,1.9553075785681047,-1.3993774536422892
-0.005181322396810819,-0.012092904561504223,-0.0031559639032102357,-0.007289654683983185,-0.3078055449340797,2.1063945262723536,1.9699990722082366,-1.3732565669962111
-0.00482344814036108,-0.011313561382620746,-0.0019280338995059023,-0.007651411755517417,-0.18584095681583748,1.261370270690023,2.211351626769538,-0.6364423830797997
-0.0048533516798892635,-0.01141899219628288,-0.002082571774121755,-0.0076047630075593,-0.20565041388820246,1.367952808476774,2.182271631275038,-0.7360771566021053
-0.004831333652607606,-0.011365963520624398,-0.0019999356406788017,-0.007621806645623043,-0.19538287860719017,1.3113892345557259,2.192138828545015,-0.6858275211456305
-0.004891877400788436,-0.011549232101429186,-0.0022718902821017317,-0.007540194743878217,-0.22839520464279914,1.4988276348841039,2.1405030558636433,-0.8578210853433578
-0.004858688999489776,-0.011536731380914182,-0.002229669803476418,-0.00751708662576073,-0.22305188766464384,1.4716617811939363,2.1221722631204085,-0.8436608795535705
-0.004840602071402294,-0.011503061862520146,-0.002174967638300459,-0.007526151529358905,-0.2168956591097839,1.4342451712963529,2.127299375574314,-0.8119116838118993
-0.004817646194322746,-0.011460343988205647,-0.0021056609087271943,-0.00753667873962717,-0.20876071508047087,1.3869434068690563,2.133092761822986,-0.7716917701596037
-0.004891139399955218,-0.011583916864944147,-0.0023123834579179387,-0.007510378581162788,-0.23274974378695026,1.5276343593816581,2.119587431744788,-0.8888144539415119
-0.005144855158101966,-0.01200163348983567,-0.0030229657519408727,-0.007356443006943101,-0.2999460897934209,2.014235922011729,2.019540868169853,-1.2906734600138086
-0.005131968815950424,-0.0120406365990491,-0.003048670030206262,-0.007301404735411615,-0.29974903665299496,2.032799560601847,1.9775578620966605,-1.3186290809371317
-0.005113528365180544,-0.011980081142465416,-0.0029667463689150467,-0.007349534416866498,-0.29474538809266426,1.9759969370567738,2.0132983024095377,-1.2654630085765435
-0.004924569035312798,-0.011611188286368925,-0.0023731172737021084,-0.007520598257257926,-0.2399971632304791,1.5681321693478478,2.1288241665852436,-0.9168450159992123
-0.004943039932417879,-0.011659122868438405,-0.002445391553597747,-0.007497021378710142,-0.24734576900074465,1.61783690361506,2.113180434793985,-0.9614517537961457
-0.004973462967387442,-0.011750379090373698,-0.002577360584453786,-0.007443769924299934,-0.2603964062224337,1.7091414915182435,2.076705850756863,-1.045243408217219
-0.0049582644042304985,-0.011720883685374611,-0.002529964347596061,-0.007456177236152298,-0.25592669223478964,1.6767191208932595,2.084860541809455,-1.0175066338517988
-0.00492735452810689,-0.011700708268199179,-0.002478912305549276,-0.0074441145156797514,-0.25024007258424863,1.6427823583415064,2.074630496549456,-0.9955235513215177
-0.005087882054482078,-0.01194988282093279,-0.0029080082432158334,-0.00735690516036485,-0.2898576372913904,1.9358582257560621,2.017890937679045,-1.2348477201947097
-0.004992748961228249,-0.011781961984022801,-0.002630905599287909,-0.007432847829509531,-0.26587165627759585,1.7457680069662478,2.069795296415713,-1.0754896084328427
-0.005020500945300508,-0.01181229311835064,-0.0026913799127748976,-0.007430816808163042,-0.2717732176747218,1.7866629302558261,2.0695670985644425,-1.1061895004593492
-0.0050503354589403965,-0.01186790693616682,-0.002781899855341275,-0.007404896629012289,-0.2800025742143965,1.848683104473751,2.051907152295025,-1.1587278674105004
-0.00504266736729722,-0.011837256870080914,-0.002740744570946841,-0.007428051049368391,-0.2767375203771291,1.8201264407097777,2.0685223535214137,-1.1314267952368284
-0.005058689185091713,-0.011913197640571777,-0.002838967821008165,-0.007366887666082427,-0.2840657174318167,1.8886974334656672,2.024167290868992,-1.1982807855597268
-0.005025258863750511,-0.011892357239178994,-0.002782815740816503,-0.007355940404756752,-0.27820818434424877,1.8510344317503464,2.0148574758283635,-1.174016921402274
-0.005388065833084796,-0.012392339381488695,-0.003683124828071997,-0.007112409730774239,-0.33064009125082144,2.471593998341279,1.8322907696919508,-1.6656060744992445
-0.005393425471383101,-0.012420777451851423,-0.0037135868983419265,-0.00707965051458547,-0.32999973463978005,2.4916787986914195,1.8059341568837848,-1.686708726873291
-0.0053767630162036605,-0.012451949769969826,-0.0037164956998172586,-0.0070241204233305815,-0.3265573021925925,2.490952155602558,1.7616601608764413,-1.699364251601308
-0.0053939430597916525,-0.012481635032142177,-0.003762360916647924,-0.0069992459448958025,-0.32670739321426084,2.521943100294082,1.7412160376186152,-1.7254209531700149
-0.014343159065406777,-0.007522709275725813,0.004128757323697637,0.007238467804656736,0.3988247471136486,3.2707859117179474,2.3008612780719284,-1.9727399316571754
-0.014351353508523916,-0.0075090049971231155,0.0041250089637712315,0.007205773993129974,0.3912361412127678,3.2548662807057043,2.2793883664574595,-1.9721806045304557
-0.014373945598830682,-0.0075774806711875935,0.004037477068704421,0.0072897760860559414,0.3909848182316216,3.2095591553378617,2.363795673012294,-1.9136010337958826
-0.01438996286880983,-0.007577618620742586,0.004011326514662486,0.007269610076695086,0.3812439161896532,3.1789105630976255,2.3576324805603908,-1.8987770013146736
-0.0143509201976938,-0.007536365807734408,0.004105994263169838,0.00725140419734257,0.39667605728462824,3.2556135132644743,2.3167459887114763,-1.9581116240685938
-0.014359174649576796,-0.007522671810613366,0.004102336432565942,0.0072186570495816815,0.3891462351587501,3.239848795142375,2.2952447212825633,-1.9576921653227715
-0.01436631353955115,-0.007563751639439794,0.004060334593035682,0.007277069286671611,0.3915869647751977,3.2249763800550073,2.3482464468308253,-1.928523672950342
-0.01438231915004839,-0.007563863820505182,0.004034145439486207,0.007257019542344361,0.3835120626203859,3.1943445710986818,2.3422115418616625,-1.9136673482895754
-0.014358638380875009,-0.007550046640288173,0.004083176970892342,0.007264276823857087,0.39364274000661487,3.240318860665285,2.3325559752029505,-1.9433699607681902
-0.014374663408952729,-0.007550111067445593,0.00405689045432786,0.00724428741096477,0.38560159203442623,3.2095941454821397,2.326661619718926,-1.9284310062524364
-0.014366954075762784,-0.007536373033046465,0.004079616420360332,0.007231482399816768,0.38735310708397547,3.2247421144812827,2.3109993095712897,-1.9431014638351656
-0.014406369904753637,-0.007577577616244682,0.003985283019210494,0.007249242900057565,0.3802823493495467,3.1524131885368853,2.3452251817973555,-1.887164129248978
-0.014451217054154036,-0.007661441085463434,0.0038477055044712585,0.007323765074808559,0.3691587624426585,3.058501686054141,2.435547663886046,-1.796150431952605
-0.014414145122840552,-0.007591361888658725,0.003962252299561305,0.007261391319911035,0.3784039757437674,3.136735978563889,2.3602064244516234,-1.8721928068189688
-0.014443993335646527,-0.007647473016907055,0.0038704595789928547,0.007311446681780318,0.3708060582383932,3.0741652931649526,2.4207450501434877,-1.8114187938652881
-0.014436739097545554,-0.0076334112922549005,0.0038932456976006192,0.007298860248231238,0.37257715924918416,3.089737324475094,2.405659928421613,-1.826663438388301
-0.01442938674536858,-0.007619312085340593,0.003916122072944567,0.007286178543749538,0.37447062958337346,3.1053050122516392,2.3904256914559046,-1.841886695932539
-0.014421852101812196,-0.007605274030476412,0.00393914481853324,0.0072736602430839735,0.3764428211011523,3.120978971634575,2.375247705030081,-1.857077486433112
-0.014462141986151311,-0.007744054766749509,0.0037598531766803943,0.007436770680827011,0.3693572044072917,3.0161873222707243,2.5424935191387465,-1.7269538963595856
-0.014455032777517945,-0.007730047808600203,0.0037831774651886896,0.007424932410080067,0.36976773634446386,3.03277175033354,2.528250311778717,-1.743002386968507
-0.014471021154945007,-0.007730771098526163,0.0037577953246124645,0.007403995438442648,0.3620220776657666,3.003052345126451,2.520481494752438,-1.728789980885615
-0.014447879610072302,-0.007716063272701485,0.003806485926573421,0.007413009919857975,0.37150981640372355,3.0492833702506075,2.5138828700660514,-1.7589799380698334
-0.014463886408111236,-0.007716732939347781,0.0037810125518794907,0.007392120463131355,0.3638913285078967,3.0195115470729665,2.506197998587933,-1.7446978272593554
-0.014440682552685625,-0.00770210129329566,0.0038297726227322568,0.0074010062272337135,0.3743579589723864,3.0657597395080027,2.499406802084584,-1.7748632164615925
-0.014456706100538064,-0.007702721859629495,0.003804189002636626,0.00738018249015062,0.3654198214395476,3.0358635259520095,2.491804487772685,-1.7605068257778533
-0.014449457953670917,-0.0076887566683333936,0.003827345536244885,0.007368236999443229,0.36699651311184606,3.052177380644775,2.4773273641272593,-1.7762335702405423
-0.014458493214288874,-0.007675335514510207,0.003824842789053804,0.0073357385060558765,0.3675320442262624,3.042620349101887,2.4500275638678612,-1.7807982535566949
-0.01455701722069207,-0.007942430061865232,0.0034292577802378286,0.007594882947230049,0.3487175759759202,2.7741073260124103,2.730479143305644,-1.493153831427662
-0.014550530575541355,-0.007928123681040957,0.0034530767992884195,0.007584083088579265,0.3492174622546522,2.791903799113862,2.7178942491246967,-1.510333523183143
-0.014566428904143962,-0.007929546779748732,0.003428732655415861,0.007562237026386159,0.3402294262853596,2.763257428993153,2.70840216447101,-1.4971484145873915
-0.01451742502342398,-0.007856901505356591,0.003571767444629123,0.007528912732586188,0.35558219045755585,2.8795471176527645,2.6528110762423145,-1.5953912026182442
-0.014510669920930358,-0.007842720031054358,0.0035954305790024447,0.007517641308172303,0.3586208437777955,2.897028959893033,2.639362412071202,-1.6121285374798562
-0.014526747885259947,-0.00784384661720488,0.0035704116278330866,0.007496005737884829,0.349059975379149,2.8678122937755064,2.630510087255811,-1.5982648882235717
-0.014476228253964732,-0.007772135412910415,0.0037130436897915096,0.0074602518365142175,0.3653154252795168,2.9825114744915155,2.5707435958059097,-1.6945868515213391
-0.014469207167595149,-0.007758084012921949,0.003736480061631792,0.007448541426975707,0.36809090556441104,2.999429331030358,2.5566491296426896,-1.7108246264202405
-0.014485252160493511,-0.007758910558798339,0.0037111140937853555,0.007427399501942713,0.35851845481388084,2.9696873673415483,2.5486684177191674,-1.696634924588657
-0.014478148176748015,-0.007744825660719427,0.0037344910574223845,0.00741574237744336,0.36008510762712204,2.986424201087372,2.5346333706687236,-1.7127634277383075
-0.014601160777393509,-0.008043135288126549,0.003261375922563573,0.007668473293035597,0.337930215666798,2.6469166747733213,2.816290977548878,-1.3704412254626888
-0.014594990318363588,-0.00802868978236684,0.003285417826791416,0.007658203729523615,0.337428842412643,2.665091166764135,2.8045236772361615,-1.3881816848045425
-0.014610883783009345,-0.008030529403482383,0.003261538812967131,0.007635924993568151,0.3315420577425638,2.6373781853987275,2.7939094557248905,-1.3754170082594117
-0.014228811686439531,-0.007279348308855279,0.004475761764486879,0.006956851170210541,0.4254042767890191,3.4627391363835893,1.9854243842929014,-2.1882439399438414
-0.014220298203458376,-0.0072660391184179345,0.004497522720564163,0.006942638299863226,0.42767488734498477,3.4754132799265975,1.967879873678682,-2.2006546753291256
-0.014228786486453447,-0.007251584097356214,0.0044905163286064545,0.006909220737688873,0.4250259069659556,3.456804950450356,1.9432753852529532,-2.1981785171261454
-0.01422027456067871,-0.007238235011739167,0.0045119972276613796,0.006894807335696247,0.427267964648895,3.4689777596800497,1.925635322252653,-2.210223180361868
-0.014262263152904719,-0.007332571063533428,0.004388742624790506,0.007012749664933365,0.41676948869201086,3.411099405337461,2.054345610559469,-2.137721335396076
-0.014253907049434468,-0.00731932947069562,0.004410599926033119,0.006999109243108182,0.41883823044351715,3.4243009471393653,2.037436608245152,-2.1505252413517355
-0.014245601571301605,-0.007306029475276622,0.004432305248814522,0.006985161704386689,0.42095281691689607,3.4372124830129462,2.0202628841956076,-2.1631763147771266
-0.014237252573779268,-0.0072926886720911304,0.004454006261846521,0.006971036077066326,0.4231517685491028,3.4499949892768,2.00289845466042,-2.175740886623658
-0.014278825367555025,-0.007331415621454732,0.004361398239931764,0.006993100702007979,0.41203609439370265,3.381265602752093,2.0461445753299574,-2.123912529584913
-0.014287531459277842,-0.007344438979793849,0.004339083793948501,0.007005673222154425,0.4097822816377721,3.3672993948927314,2.0622086830965967,-2.1108647792613904
-0.01429620089787347,-0.007357687635432702,0.00431661055676285,0.007018501632035336,0.4075531981631099,3.3532414202257823,2.0784705876270206,-2.097628299414106
-0.014321059521803736,-0.0073981803586850615,0.00425010531336411,0.007058530884187396,0.40121355587909574,3.3120302871627145,2.1279544724740216,-2.0577785115115783
-0.014312949959904427,-0.007384622079585055,0.00427211215328804,0.007045049974373538,0.4032749944111585,3.3256428442657646,2.1114416308369077,-2.07107302672539
-0.014304681820276277,-0.00737111005202647,0.004294258102057759,0.007031664078809064,0.4053834546302814,3.3393461848422015,2.094918667687999,-2.0843469046403578
-0.014328213096991019,-0.007440232967497969,0.004210892170818833,0.007120066774877628,0.3996406583873116,3.3002693541452177,2.1871148516831487,-2.030532285549451
-0.014336184624253267,-0.00745399168988304,0.004188486448110675,0.007133567125609533,0.3975895074911386,3.2860302230262444,2.20361049286004,-2.016612106417169
-0.014359789527954294,-0.007495164397804798,0.004121265307157794,0.007173293482804565,0.3916875971776916,3.2427369919969515,2.252146766736583,-1.9743880015886164
-0.01434409905326911,-0.007467753254392695,0.004166074760057274,0.007146977109818496,0.3955832769570699,3.2717007131482716,2.2199819992339584,-2.0026051274666723
-0.014351960022730781,-0.007481476652306144,0.00414367956331592,0.007160226179120747,0.3936115349656799,3.257281659489807,2.236163361772331,-1.9885360410735682
-0.014329094277919669,-0.007411801310545162,0.0042280856622201315,0.007072042245559435,0.3991759294131183,3.2983615722364408,2.144444336616145,-2.04438505903588
-0.014337116744247222,-0.0074255505051155565,0.0042059052138196116,0.007085621080155591,0.3971464042725656,3.2845261869626583,2.1609775776358373,-2.0308064712616374
-0.014193545065776685,-0.007170926804617359,0.004590594971883746,0.006804608095467541,0.4342708475228973,3.498179081812744,1.830668403612547,-2.2541257295663346
-0.014185430872221452,-0.007156825020837909,0.004611004472162852,0.006787796993576922,0.43637609545059436,3.508071923314921,1.8112505945686481,-2.265025639718234
-0.014201505070655386,-0.007184052608927482,0.004570779378986717,0.006819742497789491,0.4322008897782595,3.4880203251175605,1.84857382148478,-2.24344076696569
-0.014210935165796607,-0.007196479478206332,0.004548658545417395,0.006832125343273252,0.42974123776856693,3.4748525455985972,1.8648905753922664,-2.2315118789369284
-0.014229425073660438,-0.007223555277516947,0.004503703180908705,0.006860572482118944,0.4249423479748912,3.4491877929065695,1.9004959406992936,-2.2069242502145205
-0.014220816527000779,-0.007209665677449214,0.004525312485969626,0.006845210980187325,0.427174569696316,3.460907661576296,1.8820626400919203,-2.2188348566800076
-0.01375034952964934,-0.0065807294679016875,0.0055093149630362475,0.006042330232286253,0.5483395630319442,3.854724697232438,0.9223026292566263,-2.630782058673247
-0.01376910625077956,-0.006586859593190639,0.005475451588963683,0.006045956170314744,0.5427830987162844,3.830695496365133,0.938618745569045,-2.6165861457137365
-0.013783475074761124,-0.0065962850230655784,0.0054496540683650644,0.006057093620880582,0.5387698562869289,3.817183176216465,0.9571436247973878,-2.607237691353021
-0.013796841968404368,-0.0066075395393365745,0.005425626723421041,0.006071752855263128,0.5352113317501722,3.8069933270200953,0.9775050478882507,-2.5992071533594294
-0.013838824708490344,-0.006654787034314203,0.005349169630981649,0.006137908801872164,0.5247539812181018,3.784933283055594,1.0564294620798977,-2.576091883305344
-0.013822654803607006,-0.0066403020894852385,0.005378755758604757,0.0061193883445133665,0.5290435610231873,3.797566105960058,1.0311654889795123,-2.5864085430697634
-0.013809755000674696,-0.006621395889686951,0.00540230810990298,0.006091107772060755,0.5319610440536832,3.799932251372027,1.0010017182226696,-2.592192376829844
-0.013851498210740327,-0.0066669819851681335,0.005325830044812623,0.006153732188405609,0.5214859600086498,3.7755485090282526,1.0772637298432857,-2.5680252049123333
-0.013856042328299886,-0.006650704208618895,0.005318389031956941,0.006122283932152034,0.5191582558467474,3.7525163915258934,1.0568341238489174,-2.559708749611985
-0.013866685109858579,-0.006692860502613636,0.005297002105128437,0.006192724052071855,0.5180436224639758,3.774328770652057,1.1174727687582762,-2.5607506417621226
-0.013864107684940882,-0.006676608575801355,0.00530263911989852,0.00616477881363013,0.5178875290236797,3.763606080160733,1.0943998425998005,-2.5591938168390147
-0.013885537652405185,-0.006718826804160217,0.005261025023356604,0.006229614931560003,0.5134470289939591,3.7660128442950564,1.1588349408294236,-2.549435667079845
-0.013899334428940683,-0.006729999749790484,0.0052351416429676926,0.00624221270435093,0.5096510147753844,3.752457665363955,1.1779967813866108,-2.539173843603361
-0.013886232606775501,-0.00669992233082172,0.005261336303514886,0.006195245404505583,0.5123332768153023,3.747935514539275,1.132864012925794,-2.5447936142771224
-0.013912805113514538,-0.006742808457464325,0.0052095964485995875,0.006257709259754335,0.5061841320511612,3.7406103693547625,1.1992045649188638,-2.5293298380088505
-0.013935809920836416,-0.006794738453563386,0.005161510683428024,0.006337621976626168,0.5011127952676567,3.74413746252107,1.2776959538282362,-2.5163589989530912
-0.013925814898861183,-0.006760971986305944,0.005184090679556428,0.0062828536232606555,0.5029207146469211,3.7337817966608142,1.2275909620333112,-2.520623921149031
-0.013941144647632608,-0.0067754672099936694,0.005154695892065318,0.006299798640793045,0.4988693640861414,3.719510628139902,1.2511883631696963,-2.508871584171961
-0.013751611194408625,-0.006560917356553889,0.005506124134255816,0.0060058700951258264,0.5466391063315373,3.8310666949405285,0.8968267317400186,-2.622481670480919
-0.013751831041462919,-0.006542227892661219,0.005504744689444852,0.005972056746703014,0.5451626792102537,3.810223686083036,0.8728005413583076,-2.6152871946288077
-0.013754817908508776,-0.006522386847144314,0.005498215153632509,0.005935374539031924,0.5427850937009592,3.7838046576144264,0.8491428745708395,-2.6051559654324095
-0.013758277581088763,-0.006501898547671525,0.005490720877541939,0.0058976499854951495,0.5401514505848902,3.7559668930444268,0.8253584320602024,-2.5942148620334033
-0.013430234020360664,-0.006147797490847172,0.005992041045935375,0.0053328068042562135,0.6078941649428454,3.7590029709880364,0.22392577316845144,-2.6412295638882513
-0.013462390415432747,-0.0061501907226450036,0.005937634567093589,0.005336567388205531,0.5977984625624532,3.7235845057985526,0.25256951425463875,-2.622781924760998
-0.013492861427902753,-0.006158748564141713,0.005888284466034239,0.005350203560482949,0.5893691961711424,3.6984068906906264,0.2845707535282966,-2.6091101795187632
-0.013511594550330727,-0.0062396055374792075,0.0058798542786621544,0.005488577315884342,0.5936861313038221,3.7849569578697273,0.3763189499053871,-2.647953347352957
-0.01353706757101722,-0.0062512120804630485,0.00583857119521066,0.005506351789947179,0.5868960281761989,3.7671921460628197,0.4070599328005677,-2.6374767181836845
-0.013514166615514392,-0.006206599502348756,0.0058659856316115285,0.005431046934050472,0.5887996332438442,3.736642145684996,0.3459174582671947,-2.625545930002367
-0.013512889010741415,-0.006178956087956194,0.0058601508890184385,0.005383639435998733,0.58562319171275,3.701139130570102,0.3186556349494464,-2.6090735928163693
-0.013654325389324618,-0.0064243655405984606,0.005667541326297639,0.005791115581866802,0.5672233124969922,3.8240811854717762,0.6756267425381032,-2.64470285649287
-0.013656201313761168,-0.006403334276297088,0.005660957391962757,0.005753145091443489,0.5646277853598918,3.795555196318336,0.6521128085913606,-2.632883730038807
-0.01355638192893569,-0.006310474581011014,0.0058196119384737975,0.005608024113461035,0.5874750895114002,3.820038561705687,0.4828874343492184,-2.658852014826025
-0.01357493752176693,-0.006321834402787216,0.005789420284730639,0.005625275135573932,0.582632494176492,3.8091236002203517,0.5081559516078108,-2.6516947340253343
-0.0135911742209577,-0.006335317545602008,0.00576366069619405,0.005646368184313264,0.5787462371359552,3.80383523435068,0.53395507788088,-2.647160866141791
-0.013641596710940573,-0.006386858595147259,0.005684186315925486,0.005727394194588522,0.56767652946338,3.796716955975451,0.6242537003908383,-2.636067418242361
-0.013607308588935212,-0.006351484802316049,0.005738446613155638,0.005671982909539144,0.5753351003897017,3.8016985910933636,0.5625867161793324,-2.6438527473858144
-0.013628150253786556,-0.006365090552690284,0.0057041638202246425,0.0056918180602510025,0.5697999573589475,3.78912141970573,0.5912100657242306,-2.6352236104557836
-0.01355873900829798,-0.006286695533541677,0.005809699689926798,0.00556576761550676,0.5840391479912371,3.7852827485222806,0.459290518919552,-2.6432707643826636
-0.013555011349668907,-0.006264338138320956,0.005810675809205695,0.005527148132093695,0.5825800020907446,3.7608583354955956,0.43346999174397116,-2.6327722725105263
-0.013673471186359682,-0.006435966513678278,0.005634989765147413,0.005806776847883506,0.5619370701069409,3.809346062000891,0.7006156170119714,-2.6349070920197555
-0.013690377322715446,-0.006447324286258537,0.005606298098574627,0.005822291504739234,0.5574099332464216,3.797439779113575,0.7237111583591045,-2.6265714464637866
-0.013714882495673679,-0.0064514785038745194,0.005563217305509961,0.005822426393076141,0.5498774157698564,3.7653450346158843,0.742151869906168,-2.608624986569126
-0.013730298234326848,-0.006477561443238433,0.005538467630484697,0.005863875546707829,0.5472005214983086,3.771656234658928,0.7815268166452386,-2.6073166737098146
-0.013757630876760374,-0.006478503008325129,0.005490168340635829,0.005856487357258463,0.538627909512194,3.731554289665366,0.7965658136455951,-2.5854496338228965
-0.014175956987752647,-0.0071430999706477505,0.004633480875964747,0.006772745244136681,0.4388725716533725,3.520262373903725,1.792575137243557,-2.2768794490624953
-0.014166242878697775,-0.007129949386502011,0.004656017656939773,0.006758742477905697,0.44141205072798156,3.5328558421316107,1.7746659521797807,-2.288658092009335
-0.01415638085992954,-0.007117306497133581,0.004678503670934615,0.006745588885121653,0.443997359634213,3.5456945714280823,1.757400583820674,-2.3003170104155113
-0.014146834250817676,-0.007105197636175003,0.004700134064117266,0.006732923299185582,0.4465163601728623,3.5579870470538206,1.7407350315979706,-2.3114486611350222
-0.01412104785072781,-0.007064839237966989,0.004760992199305521,0.006684480419944977,0.45325970302584423,3.586813559980571,1.6834371254866503,-2.342078766244263
-0.014138911940864118,-0.007092263675455762,0.004719156034313659,0.006717236607282988,0.4485789043701405,3.5668494669324224,1.7224083675205222,-2.3211286298262697
-0.014130710778715777,-0.007078348492862184,0.004738929456326938,0.006699947438524127,0.45068930454624107,3.575564470894829,1.7025765018866295,-2.331059075432389
-0.014194473407007644,-0.00714037646461358,0.004602658440707462,0.006751047333212651,0.4339361197688765,3.48661684340964,1.7845909007325733,-2.2608921743704893
-0.014064472772203275,-0.006989399816157873,0.004886672110252995,0.006597159322573028,0.4681851179553567,3.649778053824883,1.5741766899002325,-2.402834173672105
-0.01405556043507634,-0.006975820776936342,0.004906633139835876,0.006579897754001969,0.4705087280542279,3.6580061913567543,1.554043454046157,-2.411992054885289
-0.014073789074308818,-0.007002517571446123,0.004866009647279831,0.006613143187141246,0.4657221749524824,3.6403192085205354,1.5935393121356125,-2.393142964690306
-0.014082141999328059,-0.0070154864777450835,0.004846988646959617,0.006629489713940618,0.4635578441069182,3.6322779098176787,1.6125865500352659,-2.3842025046992763
-0.01409729701004465,-0.007015101421493894,0.004820304261445503,0.006616568443089091,0.4593083822847651,3.6050956292625544,1.611010064881682,-2.3702537740226868
-0.014107775056296595,-0.007024465432541256,0.004798700067998265,0.006624537944398074,0.4564791307701039,3.591265476265917,1.624190653837241,-2.3596331498307155
-0.014118792601741524,-0.007035951379431756,0.00477537758122511,0.006635637742249719,0.45357462058013237,3.577393459364431,1.640333488204529,-2.3481807400863164
-0.014129025910863395,-0.007048562987917233,0.004752958559132176,0.006649189046796373,0.4508960690900599,3.5652475441043525,1.6580783823923364,-2.3371688565816613
-0.014024892185606427,-0.006938807933549694,0.004971790261432219,0.006536846569243067,0.47868095724653487,3.6904761809221056,1.498499631871024,-2.441933604285776
-0.014016031732051515,-0.006925689261044761,0.004991060212538771,0.0065197871735324,0.48097693286306686,3.6979126092432995,1.4786354456957784,-2.4503223750542786
-0.014051258476251674,-0.006947526625377442,0.00492237929103926,0.006532815563928582,0.47124700844623063,3.649069311464515,1.5118761552788296,-2.41726737446589
-0.014040322816821535,-0.006938067285649156,0.004944408766127013,0.006524127533888552,0.47424313724683137,3.6626254810570975,1.4977438393149476,-2.4276156230014316
-0.014063063105514154,-0.00695941071421428,0.0048980833727891625,0.0065449864908539305,0.4681291762936122,3.6352691453354757,1.529442766497992,-2.4059246469852202
-0.01401480068553912,-0.0068973295418721286,0.005000157563018523,0.0064698898685625365,0.48064594708916625,3.681568954891308,1.436556000109747,-2.451249821659341
-0.014021813511569118,-0.006911085683144679,0.004984337465078438,0.0064894731345490645,0.47903094831726295,3.6782532288484004,1.4571808408575961,-2.4449469863500863
-0.013948871063703454,-0.006809341483624025,0.0051357466386527445,0.006355875301479617,0.4976530819010257,3.7330600047048255,1.300971564865602,-2.5061363621010195
-0.014002171307314168,-0.006852788238818127,0.005032458887977599,0.0063991773924803675,0.4832086560023338,3.6730871282008386,1.37076306081188,-2.461019479771212
-0.013992385573463245,-0.00684087182066408,0.005052254766870175,0.006384460808682464,0.4857268078592823,3.681499634536745,1.352525740891747,-2.4691774810343374
-0.013980826827838674,-0.0068286920943099036,0.0050751649530914695,0.006370282123855515,0.4887757372960548,3.6925551695964245,1.33358308631592,-2.4787775480915895
-0.013967196720087562,-0.006817871943864388,0.005101448466420623,0.006359668336990267,0.49251483464664175,3.7079737707256073,1.3161331123271813,-2.4902437804033966
-0.014011991880660065,-0.006865697602324138,0.005012290890247343,0.006415497199066841,0.4807190518073838,3.66508502722489,1.3903490079113006,-2.452725523381483
-0.014023278956495295,-0.006879187255984446,0.004989271490531229,0.0064316854098804286,0.4778014844658049,3.6547137919869743,1.4107582128624452,-2.442952897764455
-0.00782855988196046,-0.014503870314936747,-0.0075063369626445385,-0.003618972511744017,0.16304663145836243,3.753034748614932,-1.6324581891081065,-2.442744734639465
-0.007815398985412133,-0.014513051901750012,-0.007473335671803851,-0.0036176029613871285,0.15144750919038985,3.731501561586738,-1.6120596655602242,-2.4377110689369483
-0.007814421202973038,-0.01449702627543871,-0.007494932977711854,-0.0036425312889429243,0.16059337856467393,3.763132102355401,-1.6130804552250229,-2.453104900879626
-0.007801205187835416,-0.014506215632207678,-0.007461820909306195,-0.003641012866444172,0.14916457615401127,3.741444181347702,-1.5927422180468962,-2.4478549679454953
-0.007800304138943855,-0.014490137873033795,-0.007483446067124072,-0.003666072476726926,0.15742490360329076,3.7731150719205537,-1.5935875687118035,-2.463414053071382
-0.007786208832533606,-0.014483205177866363,-0.007471880332871069,-0.003689587383978035,0.15402075612678776,3.783006380396234,-1.574007980302713,-2.4736218296752654
-0.007787029460814423,-0.014499312288764317,-0.007450259500799216,-0.0036644207757537566,0.14699808313485782,3.7512690829214352,-1.573373124070442,-2.457857881777127
-0.007716063272701483,-0.014447879610072302,-0.007413009569542599,-0.0038064871248524638,0.14269111614061666,3.830433806992892,-1.4756372651181924,-2.5216793950977814
-0.007730047808600201,-0.014455032777517944,-0.00742491991843253,-0.003783202434352389,0.1441424192961192,3.8213397769665236,-1.4953903945167653,-2.512418837343542
-0.007716714983783791,-0.014463851918256887,-0.00739206132974016,-0.003781115516957021,0.13493031853974102,3.7986480912003775,-1.4759496311711866,-2.506072030173691
-0.007744054766749506,-0.014462141986151311,-0.007436752569388308,-0.00375988915398474,0.1448396576749995,3.812018606867927,-1.5150551781377242,-2.5030554471159667
-0.007730724198556122,-0.014471002162950808,-0.007403876191560331,-0.003757898561956827,0.13782548660727634,3.7895183202060507,-1.4955913135577006,-2.4966755788028405
-0.007772135412910414,-0.01447622825396473,-0.007460237165164914,-0.003713073087086899,0.15025401165406582,3.7928014521151923,-1.5543665540568992,-2.4836698453046324
-0.007772884015335275,-0.01449233563322091,-0.0074386764704466755,-0.0036878252045237122,0.14491623111231441,3.760986898286314,-1.5539706988899142,-2.467729673727247
-0.0077580840129219475,-0.014469207167595147,-0.007448524018214747,-0.003736514707490465,0.1467420187142135,3.802485732198717,-1.5347037985196632,-2.49349164259305
-0.007744737846443544,-0.014478153818183119,-0.007415531131454204,-0.0037345950640514177,0.1405816860431542,3.7801583904805596,-1.515112714951966,-2.4871413420445516
-0.00775878430436897,-0.014485278971864177,-0.007427102377749834,-0.0037112234302855095,0.14287744094114171,3.7706209027183095,-1.5345537568288756,-2.47748801365397
-0.007702703941371678,-0.014456681532638424,-0.007380108117677636,-0.003804279186511675,0.13229447948091436,3.8075896299284975,-1.4562089534712586,-2.5153264963004216
-0.007702101293295659,-0.014440682552685625,-0.0074010139616764205,-0.0038297579181800693,0.13986599969021596,3.839351005183539,-1.4557671180307385,-2.530874761816166
-0.007688701093603654,-0.014449453285451939,-0.0073680802917996,-0.0038274361352576432,0.1298872823537647,3.816404917654751,-1.4364059779595928,-2.524445194188622
-0.007688162004634455,-0.014433441674724524,-0.007388940331575886,-0.003853000648863573,0.1366290978467235,3.84814367385103,-1.4358061340042563,-2.5399744227441006
-0.007674245540973592,-0.01442615704605234,-0.007376798101762003,-0.0038761970784707157,0.13393880213768627,3.856816307329312,-1.415786272549627,-2.5489408572603307
-0.007674717017256852,-0.0144421575873529,-0.007356003946316795,-0.0038505937162292623,0.12744285720973325,3.8251013404603937,-1.4165536332346276,-2.5334294714913628
-0.0076188106212854685,-0.014396582438974287,-0.007327501082237779,-0.0039685992739773085,0.12275919067757086,3.889972843756448,-1.3350848499596164,-2.5834901104398504
-0.007605183779156379,-0.014405035816600957,-0.007294574878785209,-0.003965755781335109,0.11455847902742287,3.8661496582845616,-1.31652338552884,-2.576172029801732
-0.007632634442496726,-0.0144040413618797,-0.007339937299801736,-0.003945550905350874,0.1259447026067469,3.8819046574101335,-1.3553436354087254,-2.575068960050373
-0.007619019509305962,-0.014412556692932912,-0.0073069564761204095,-0.003942805975437391,0.11717048848962948,3.8582288463843644,-1.3366008919479782,-2.5679022217449146
-0.007660352036567375,-0.014418828737030386,-0.007364587830233004,-0.003899346100563228,0.13176183738591848,3.865340372864178,-1.3957112288076676,-2.5577713739550716
-0.007660755595831684,-0.014434813997258123,-0.0073438585205051485,-0.003873720422620831,0.12482159357435386,3.833638712112593,-1.3966443947297273,-2.5422697870072146
-0.007646481625663306,-0.014411456818519202,-0.007352302032999279,-0.003922461899285506,0.1292199400994033,3.8736986277813714,-1.3755635386166103,-2.566483287490682
-0.007632898683388377,-0.014420026339311644,-0.007319305629291564,-0.003919814226943998,0.11961273812984254,3.8501714260206055,-1.3566494387452044,-2.5594977130281182
-0.007646815015510999,-0.014427439715796448,-0.007331620042743014,-0.0038967910291213196,0.1221458175871417,3.841987586376686,-1.3766717842522356,-2.5509574426137642
-0.007277499747793498,-0.014245797996670034,-0.006936109344802857,-0.004447596956074064,0.04453353657295183,3.9386282350685597,-0.8425427632795962,-2.6943898086780393
-0.007237520559136112,-0.014219309745996602,-0.006894386675795038,-0.004513924101037029,0.03553350380243459,3.951108805508768,-0.7799877976422342,-2.708846961766175
-0.007263834242062916,-0.014237329797415014,-0.006921413041893371,-0.004469365940476371,0.04144833599106613,3.9420515355374603,-0.8215924799727182,-2.6989300748458995
-0.0072504839647687955,-0.014228346024418475,-0.006907622139764026,-0.004491747590561336,0.03845220776786065,3.946480817012841,-0.8006144216020324,-2.703897949890038
-0.007577510475631779,-0.014406136365223095,-0.0072493231459063055,-0.003985666809225598,0.1093436319474055,3.8469172537270384,-1.283473313938354,-2.5726220836537674
-0.007591327191738061,-0.014413684699295428,-0.0072618110862753766,-0.00396297042520623,0.11191579652086898,3.839363037976972,-1.3034274517070523,-2.5646486231443766
-0.007563401677512855,-0.01441510216957991,-0.007215673138170334,-0.003982148448868301,0.10415142464969014,3.820123181263758,-1.2686378047270759,-2.562279009801966
-0.007535262885554638,-0.01439988311767284,-0.007189547231597387,-0.004027436627937252,0.09866556316462764,3.8339795829691226,-1.2282915941968928,-2.577419068199475
-0.007549276640214879,-0.01440771465201447,-0.0072023291461323765,-0.004004528432353245,0.10138095221894257,3.826695246742552,-1.2485016043807768,-2.5696974007491202
-0.0075215041765257055,-0.014391798258165098,-0.00717731847972266,-0.004050472825472128,0.09603929847780203,3.84168488352039,-1.2082285641862642,-2.585251824181457
-0.007507953218764342,-0.01438374926637781,-0.007165214278413548,-0.004073216896120579,0.09339260929349817,3.8491893392815224,-1.188368547539454,-2.5928736965793058
-0.00749449082986841,-0.01437583841988898,-0.0071529253301645815,-0.004095589167691886,0.09075240422752756,3.8562193016489767,-1.1686039188348853,-2.600169843702933
-0.007480896177251923,-0.014368152481418794,-0.007139994636606498,-0.004117602277850214,0.08800044330862633,3.8624403741482003,-1.148720249790408,-2.6070160971445335
-0.007467189201443958,-0.014360407624319048,-0.007126793805303262,-0.004139695382579452,0.0852044268302155,3.8684417177736345,-1.1286288002807414,-2.6137233829363145
-0.007426108533967725,-0.014336346876049533,-0.0070872701273589,-0.004206724352614123,0.07678797546248695,3.88656295979561,-1.067731768524047,-2.6336047683645494
-0.007439625072287688,-0.014344453763165637,-0.0071002137992243865,-0.004184452659271794,0.07955219066244257,3.880483070461311,-1.087907603729602,-2.627049226284661
-0.0074533885207994505,-0.014352479559106865,-0.007113497108248565,-0.00416205486442254,0.08239099936693207,3.8744844259325375,-1.1082906454359565,-2.6204278798726914
-0.007412042990774477,-0.014344821880561019,-0.007054454571518722,-0.004201905567354753,0.0725472538164902,3.8590911807524573,-1.0554267873850982,-2.6219183555609225
-0.0073984324409081675,-0.014337558534219802,-0.007040255193696855,-0.004222563932285207,0.06965275977012873,3.863017433266968,-1.0357484967024841,-2.6272198806099745
-0.007384492507851048,-0.014329732116112368,-0.007025997605267801,-0.004244253493512138,0.06669518700423648,3.8675316490648695,-1.0153734889071766,-2.6328679427828203
-0.0073709403742852645,-0.014321181953882075,-0.007013026899529704,-0.004266798237890674,0.06387077087369109,3.8734919347786128,-0.995019428973717,-2.6391702600284663
-0.007357938893874433,-0.014312123027783777,-0.007001366303289492,-0.00428976495017367,0.06118940019426721,3.8806260382178546,-0.9749500039975629,-2.645947277818966
-0.0073446236739157286,-0.014303796029964209,-0.006988222696000712,-0.004311618178913378,0.058383902017087035,3.885830618841854,-0.9548773615345673,-2.6516928188796527
-0.00727627148600815,-0.014262904097088696,-0.006916412882394145,-0.004419163717065037,0.04343432484276157,3.904908862168049,-0.8525983348454383,-2.6762389109705684
-0.007290501043695906,-0.014269778268123576,-0.006933381125215659,-0.004399764209331626,0.04665753396887649,3.904610443059861,-0.8728672590144976,-2.673242474654131
-0.00730392170135663,-0.01427831648903132,-0.006947108333543581,-0.004377880995690917,0.049585295784195293,3.900152736424427,-0.8933253565636642,-2.6680812479776304
-0.007316976307750416,-0.014287693288594716,-0.0069591724743805474,-0.004354701525700027,0.05233914756867681,3.893513112896688,-0.9138487673583012,-2.661755165416393
-0.007330689675097958,-0.014296354418818075,-0.006972936792323528,-0.004332256931372702,0.055310246471824975,3.888542857309995,-0.9346119323172634,-2.6561560014150634
-0.006081369311225978,-0.013281511619128597,-0.005208841388870318,-0.006222046144973993,-0.25390873474440445,3.4672398805327833,0.9989912093253919,-2.444588199313453
-0.006119032260085328,-0.01332960360922805,-0.005278953595780028,-0.006154970850740136,-0.2443816017819981,3.5020100846137723,0.93323041655077,-2.4726459355123236
-0.006105610537857454,-0.013312582309280598,-0.0052541869696766195,-0.006178876419177698,-0.24780489097453523,3.489943454101716,0.9566673727431824,-2.462925192791024
-0.006087083721445229,-0.013301947739532222,-0.005221036271506367,-0.006189251459004582,-0.2506605534155268,3.467021733848205,0.970510384985585,-2.4485716947495297
-0.0060436898540014595,-0.013264716468115336,-0.005141785102272947,-0.00623363318680046,-0.2586053869046765,3.417934367971196,1.0188336612515416,-2.4148210919170547
-0.006022798703794561,-0.013248896025857068,-0.005103735874549347,-0.006250772754175549,-0.26203327124214454,3.393164526420874,1.0383923863619329,-2.3982872918508615
-0.0060560030476895,-0.013284833526710558,-0.0051655791508770565,-0.0062048487549051295,-0.25504481842793975,3.428167567777861,0.9919158837019794,-2.4243870433226955
-0.006035902426083395,-0.013287966814411549,-0.005131696844163803,-0.006190438788449556,-0.25567365809905324,3.3976685127889654,0.9857000637402485,-2.4086230485636126
-0.005994625792122736,-0.013258986183817711,-0.005057750705542431,-0.006220370513462358,-0.2618489927318248,3.349019034834877,1.0207932252927419,-2.3766721676401836
-0.005956449795153458,-0.013219396811472762,-0.004986765755182623,-0.006268088796527253,-0.26901416766667025,3.3075354617632975,1.069024835983189,-2.346150844697894
-0.005976555212994242,-0.013241037897852609,-0.005024410869227264,-0.006241833315989552,-0.2651756495845392,3.3292856529534895,1.042773008728082,-2.3623709228579397
-0.006433888091924963,-0.013663749141364024,-0.005805374637291715,-0.005651775142318119,-0.16405880854519875,3.7305465295794673,0.4231787472046671,-2.641458583159531
-0.006429017613067136,-0.01369096078589887,-0.0057892100836550294,-0.005602595358537173,-0.16176929175111163,3.6968928602319138,0.3896312651623437,-2.625923715574792
-0.006407819152460894,-0.013652694590977928,-0.005761661635410634,-0.005667574384133094,-0.16923532483347403,3.702927590200184,0.4465433240905285,-2.6259008306594596
-0.0063854274758841974,-0.013637380429125889,-0.005725478331873499,-0.005691099443431832,-0.1742944630015106,3.6844137993398465,0.47373604237410427,-2.614669067558269
-0.006239692264312334,-0.01349278489217986,-0.005489929885495734,-0.005912467098134266,-0.21055927537569766,3.585910259121039,0.6999535063594712,-2.5447824945902506
-0.006219024027001583,-0.013490111014756279,-0.0054539387174518,-0.00591097595444926,-0.21319490905554753,3.557280176443256,0.706300059159645,-2.529004630791521
-0.006292188898698609,-0.013539377708322026,-0.005577672347659154,-0.005844827796338618,-0.19852852601064233,3.6296295750400946,0.6279986755251739,-2.5744818453931426
-0.006252790555224107,-0.013512691916666394,-0.005511214627129927,-0.005881286149796318,-0.20671679625599257,3.591170169485984,0.6710474136655166,-2.5503693792598274
-0.006270756888507454,-0.013529742677786047,-0.00554102728750892,-0.005856225051746259,-0.2023680591112819,3.605223463565441,0.6450124136919023,-2.5601810638368856
-0.00636182604137224,-0.013626097708240201,-0.005686116709260399,-0.005706840661174093,-0.178841568043381,3.6601346869918636,0.49552988996181285,-2.600646224824662
-0.0063374869211294295,-0.013588952503580429,-0.005650261097871943,-0.005767723450150942,-0.18662025565716242,3.656604781108442,0.5512247478047138,-2.594826101511311
-0.006343885587282075,-0.013608766380670132,-0.005657895998907964,-0.005733991317994429,-0.18340670166965498,3.649112151881942,0.5232334199621985,-2.592990344573609
-0.006297587703656131,-0.013560843382580382,-0.005584268780689769,-0.005808278778894469,-0.1951954503060567,3.6208231057898552,0.5979637126129762,-2.572433499102994
-0.006314489200404759,-0.01358362402831572,-0.005610531348369109,-0.005772081045970206,-0.19022762185554695,3.6272429324011948,0.5638712847090951,-2.5785483565537635
-0.006114859926220399,-0.013351419606753017,-0.005273203053735866,-0.0061153898075985,-0.2414763176743122,3.485024692437275,0.9023094298703372,-2.4676298120168094
-0.0062051938429814315,-0.013470133235936455,-0.005430976284065434,-0.005941567870335459,-0.21717508479788444,3.5502234926823033,0.734944228207081,-2.5223288100910985
-0.006152050647343142,-0.013409223359092596,-0.005339717051664306,-0.006029492877585611,-0.23040319885024305,3.5091637118661936,0.8219819632694951,-2.4906607435235064
-0.006131684085328774,-0.013392055758495025,-0.005304128158370217,-0.006051694209684144,-0.2345060535839469,3.4887443943890903,0.8461193554723933,-2.4767739262432955
-0.006118502707439997,-0.013372861294610194,-0.00528064740083281,-0.006079782715231436,-0.2382552449041808,3.4795548279943325,0.8725865462260004,-2.468516111571088
-0.006181807243433107,-0.013452527015712756,-0.005390948984387232,-0.005964655047540338,-0.22188521989173404,3.5270998889789857,0.7610105944663034,-2.507211124696005
-0.006165143198623068,-0.013432591259778097,-0.0053624180463952694,-0.005993605204682877,-0.22610409303586895,3.514796832254976,0.7892954784158107,-2.4974729485755915
-0.006141490866893544,-0.013433976101862028,-0.0053215813612021825,-0.005983004992551608,-0.22783849187318203,3.4796368583646085,0.7887903037632412,-2.478681790905372
-0.006198519567626008,-0.013499234742992758,-0.005417725587726282,-0.005888974397550384,-0.21397699116332172,3.521505818396783,0.6964517717589177,-2.5109533470069896
-0.005546425377674648,-0.012718825670666907,-0.00413826726309209,-0.00679087617433003,-0.3224497465384519,2.773393216180413,1.5633301809797335,-1.9321944572966392
-0.0055144589149920984,-0.012697808481466939,-0.004079387135247486,-0.006796936031687173,-0.3219896562020473,2.731546323048114,1.5709138599048202,-1.9043865180162565
-0.005385427882241407,-0.012510405978295593,-0.003772742708550607,-0.0069537674409810065,-0.3241514892327162,2.5266150121206263,1.7049011525052324,-1.7387410336443139
-0.005489875247817179,-0.012674923195571374,-0.0040300925851502025,-0.0068107078530002365,-0.3218950124524013,2.6974807581024502,1.583874640840256,-1.8798692668672954
-0.005466278288886551,-0.012649481443545996,-0.003980523522565299,-0.006828316004810491,-0.3223314300983379,2.663748690870367,1.5997759154273086,-1.8546412188708825
-0.005451237373176323,-0.012623698304530657,-0.003942532071599443,-0.006852476941419483,-0.32287384537919317,2.6389429581897907,1.6202157772254782,-1.8336238674678573
-0.005428869667981496,-0.01261268071090161,-0.003904273081411265,-0.006850171567581447,-0.3216795335888732,2.6114678049666096,1.6196861291439995,-1.8163920173514807
-0.005408063550353857,-0.012539206700568687,-0.003824336352381125,-0.006933626366730442,-0.32467642963715887,2.561647084037937,1.6878120352929886,-1.7661210563816216
-0.005417028219844833,-0.012581687695829909,-0.0038667731154528374,-0.006883213403789167,-0.32279321103476993,2.5877363170427388,1.646882578168938,-1.794032304296741
-0.005690561424626418,-0.012923797083987831,-0.004462671540378276,-0.006587099171445354,-0.308105297146625,2.9819373267759377,1.3804037988204547,-2.100840429962798
-0.005611925570285808,-0.012797592803905466,-0.004280144567349394,-0.006723594778487729,-0.31873321644805847,2.8684338743734767,1.5020759981689622,-2.005206388293485
-0.00558406816790818,-0.012792377201760597,-0.004236009034903087,-0.0067112163710909825,-0.3174209768852529,2.8345198046950766,1.4947500388316415,-1.986370799412699
-0.005564670094726642,-0.012775073599611641,-0.004197840278662373,-0.006722587513785,-0.31828508224544944,2.808345036704214,1.5059858328285236,-1.9677131527904668
-0.0055344556922609315,-0.012765599079913774,-0.00414858578021756,-0.006714435554707464,-0.31694469042686674,2.7716359831445296,1.502062143897831,-1.9461873582507994
-0.005668632729170886,-0.012902967538809054,-0.004419488392916267,-0.006604353205801462,-0.3096414707506599,2.9529318148174464,1.3974518407878316,-2.0799133256917925
-0.0056170227481748825,-0.012825478458873102,-0.004302817183503244,-0.0066856638792250804,-0.3160455805556432,2.87973648587965,1.4703308170050962,-2.019523704834558
-0.005629923076313031,-0.012852607281183365,-0.004336235978193281,-0.006654099098292044,-0.3136929132410269,2.89957766585727,1.4429723287829523,-2.0378006209100867
-0.0056477889945820816,-0.012879040935943505,-0.004376361640407638,-0.006626571980602594,-0.311541281052568,2.92478018033454,1.4182884639184705,-2.05849850321874
-0.005917621117385992,-0.013167388027349234,-0.004910833732397721,-0.006334369618875052,-0.2774561501128426,3.266386585726323,1.132237893812034,-2.3126954490751994
-0.005932840909521153,-0.013204976645164464,-0.004944621404853387,-0.006280172677393441,-0.2716957170704161,3.2785143073554903,1.0844514094070494,-2.3274643183744286
-0.005918352811420024,-0.01319023871186997,-0.004917451785041343,-0.006297086004112637,-0.2742640972049528,3.262119630345674,1.1015274535040238,-2.3154670768517067
-0.0058212216715318125,-0.01309078164619471,-0.0047324343292093765,-0.006405750302492389,-0.2890478709307291,3.1478436410447346,1.2103175884343689,-2.2315683129931383
-0.005838096942054099,-0.013113414574676581,-0.004766506320422039,-0.00637898057890078,-0.2858010633189631,3.1674760976021545,1.1851990100735508,-2.2474170023989752
-0.005856422149071222,-0.013135525655272092,-0.004802469238835484,-0.00635345311721927,-0.28273975143898683,3.188692408294352,1.1607148197605046,-2.2638772072440325
-0.005893201373844668,-0.013159085026312842,-0.004868616603180699,-0.0063350105763851075,-0.2790230164900764,3.2343563704246843,1.1379555797549867,-2.2936905513989445
-0.005870319426632567,-0.01315355591363658,-0.004829889393834992,-0.006331771457639003,-0.2800923299518763,3.204260122520658,1.1401897460443127,-2.276291078746259
-0.005753718313784086,-0.013017896593288631,-0.0045999826133532465,-0.006481246732462863,-0.29789571927656183,3.064463689788759,1.2838760625502046,-2.169296123954869
-0.005728327870880156,-0.013003091166790923,-0.0045546249655707355,-0.006488736793443464,-0.2990189991245648,3.0322465581639197,1.2939934920115241,-2.1484278225479803
-0.005721060388254039,-0.013029064756236827,-0.004553330264593214,-0.006444027228492731,-0.29602342000304194,3.022720031563236,1.2588870754247343,-2.1498598257715464
-0.005769819133881811,-0.013049172620502078,-0.004636782796670849,-0.006441817120766197,-0.294108724785005,3.083858713738209,1.2489515655707721,-2.187401139484701
-0.005789555564717539,-0.013078418837819003,-0.004677985484146173,-0.0064072025497128055,-0.2904421661377626,3.1072679239560395,1.217319787361436,-2.2069769181009202
-0.00571167355937668,-0.012976127188224284,-0.0045179266198969665,-0.006520109653275167,-0.30225047261237975,3.0109752041985627,1.3222339673217076,-2.1302454548848804
-0.0056811961356979055,-0.012957384994310954,-0.004463170944806224,-0.0065295431164211,-0.30351576517584417,2.972471231071554,1.3344591210549357,-2.1050022157172594
-0.0056980510248388315,-0.013015859847474227,-0.004512848767479183,-0.006450483199484499,-0.296860452289712,2.9943293865755245,1.267864667404595,-2.131474807559585
-0.007224503209631306,-0.014210651236775765,-0.006880523944297299,-0.00453538391456023,0.03253088296378926,3.954697816799809,-0.7595429731990541,-2.713195395724141
-0.0071852004222488315,-0.014184127821735082,-0.006838111502384164,-0.004600237149414962,0.02342450815050107,3.964644226688779,-0.6974260222656034,-2.7255356123764507
-0.0072112117870085585,-0.014202079855485448,-0.006865948729575561,-0.004556727505157268,0.029450443334000143,3.9575855678432816,-0.7388531880347396,-2.7171644926150695
-0.0071980403887187275,-0.014193154920996258,-0.006851771335709289,-0.004578521336926835,0.026401236160847042,3.960985989568924,-0.7180156834401217,-2.721335559334817
-0.0071707576679202805,-0.014191836958741365,-0.00680572850719179,-0.004593494558903142,0.019565920168878592,3.9356563704690264,-0.6882752421394813,-2.712256414939185
-0.00715765049247984,-0.014184114549300074,-0.006790251331913871,-0.004612784946375099,0.016480238227702036,3.9362661816578,-0.6686488018804481,-2.714759703392398
-0.0071170402161016035,-0.014158673651135588,-0.00674286095613934,-0.004674476183259348,0.006870086164253902,3.9393010236762946,-0.6067654077521359,-2.722815477767267
-0.007130468364713598,-0.014167596116467,-0.006758210095492756,-0.0046533067151841925,0.010056431647222771,3.9376522228522757,-0.6276264095587885,-2.719855666348519
-0.00714405634899318,-0.014176122163603018,-0.006774049667205357,-0.004632643639608401,0.013269554372933532,3.936608628549014,-0.6483367510415848,-2.7171450650075406
-0.007103734560046101,-0.014149544483840074,-0.006727758258803081,-0.004695843851869614,0.00369792836078211,3.9411728789404425,-0.5858579099647013,-2.7258237806383927
-0.007090464153881377,-0.014140292917186393,-0.00671267079192769,-0.004717301075077202,5.151019827329945E-4,3.943022750433171,-0.564882176424191,-2.7287612443153573
-0.006947079339768437,-0.01405481065573135,-0.006529108549226881,-0.004916014138143327,-0.0344982688934398,3.9219113381168884,-0.35343543841328,-2.734969691694154
-0.007077119913572094,-0.014130863098382298,-0.00669745242882411,-0.004738988546068693,-0.002697167658587936,3.9448249034756677,-0.5436805812945683,-2.731629078929958
-0.007039519538801085,-0.014100820405708715,-0.006656604664606496,-0.0048056287316962315,-0.011833496453221458,3.9543248169131076,-0.48080099776067936,-2.741777673095788
-0.0070636986835911466,-0.014120975766589917,-0.006682328182298597,-0.0047613982293784754,-0.005978994905781724,3.947047528815045,-0.5220058120804486,-2.7346772853244095
-0.007051388733252538,-0.01411041451935896,-0.00666956477477934,-0.004784486233766258,-0.008941166304768773,3.9513945810805384,-0.5007861889501798,-2.7386623424329932
-0.007026448925073093,-0.014092342444138583,-0.006640449017940129,-0.004825112587559725,-0.01504790857338239,3.9536955531146525,-0.460724951368515,-2.7430855070937827
-0.007000441531216169,-0.014072788414009102,-0.00661005084340282,-0.004868301401073224,-0.02148652546138655,3.9561848065567133,-0.41835640029074334,-2.7475226506965806
-0.007012799092893599,-0.014083121071754969,-0.006623733021452756,-0.004845986717171039,-0.018437121200837917,3.95338513484003,-0.43945898401086997,-2.7445781665163804
-0.0069864891524792595,-0.014077389619849159,-0.006581640936988979,-0.004864467938582027,-0.024806097902701142,3.932017742318064,-0.4099907642569967,-2.7361843656174014
-0.006974300006057095,-0.01407137684934521,-0.006564739878567253,-0.004878811840464716,-0.02780379200922527,3.9275088138040943,-0.393360964474949,-2.7351185801897557
-0.006960546732321699,-0.01406370370407071,-0.0065462653282930576,-0.004896439282589212,-0.031168226182446884,3.923670962394524,-0.37383061908541415,-2.7345310531977325
-0.006804768124723396,-0.013962853735517117,-0.0063386795935506885,-0.0051111923569396,-0.06977535562667773,3.8846893401394396,-0.14396331822874764,-2.726283293660433
-0.006822050869462023,-0.013971370039307682,-0.006364214061324837,-0.005093036719343211,-0.06556427452047675,3.8946033508169946,-0.1660872418749659,-2.730499486960767
-0.006839925810181369,-0.013998547984688565,-0.006378416475073284,-0.005041244963977312,-0.06046115526916362,3.8769978658120725,-0.20860495107169366,-2.7201327515117026
-0.0068232013752265565,-0.013990229695973768,-0.0063541292687327375,-0.005059193829809956,-0.06449965035673294,3.8681606877477246,-0.18707034758597127,-2.716566162421366
-0.006790813910217009,-0.013951908001911071,-0.00632048383203901,-0.0051329635435046796,-0.07329899356397496,3.8823434998503124,-0.12179650263440696,-2.7257642828981754
-0.006774563947887089,-0.013935749527266934,-0.006301116690881569,-0.005164260486596275,-0.07758175851122794,3.8840908971818453,-0.09229398723495641,-2.727390116255731
-0.006855190229097659,-0.014008090701387714,-0.006399175831363817,-0.00502121265924456,-0.05675571171557429,3.8818617776944797,-0.2304380307019925,-2.7216286154720204
-0.006918020661386993,-0.01405316012133248,-0.006478860748512095,-0.004926709386916629,-0.04124207863965446,3.889476116276541,-0.32700748753340353,-2.7204578743602528
-0.006930504760579382,-0.01406389178160008,-0.00649299644539974,-0.004904469377639913,-0.03812374274509401,3.8874702167041124,-0.34804449323922676,-2.718191485675963
-0.006870138078555724,-0.01401692688979909,-0.006419715816997987,-0.005002333040007776,-0.05308045278229451,3.88710623801949,-0.2514034057684373,-2.723285660921295
-0.006888213096479391,-0.014027099170839481,-0.00644474227961888,-0.0049801933233630585,-0.04871771618078528,3.8938551392294523,-0.2763435136654678,-2.725431362556298
-0.006904638897351549,-0.014042323620156033,-0.006463048447527743,-0.004949258826691032,-0.04450646240463219,3.8902795233182377,-0.30509040907448964,-2.722110963216252
-0.0065913536200030015,-0.013812090885133283,-0.006035765158526707,-0.005397822073063996,-0.12278526208453865,3.795781699141475,0.1658200607123631,-2.683940337880582
-0.006568395904871864,-0.01378916243420003,-0.006004221009880698,-0.005438499488152949,-0.1289310569217129,3.790521051892615,0.20568600296736425,-2.680503530544403
-0.00657549184969317,-0.013806176695112039,-0.006009903100824022,-0.005408212664954412,-0.12629787741831167,3.7806247561875708,0.18128786579537848,-2.6759831585276195
-0.006549677315839844,-0.01378414995943993,-0.0059727244126536174,-0.00544685501230287,-0.13278360018850377,3.7698628936312306,0.22116520980370166,-2.6696571382339784
-0.006536390498648215,-0.013772973039798781,-0.005953315721188477,-0.005466236263904888,-0.13606404301984396,3.7637681714697004,0.24131171008740854,-2.6660144331202758
-0.006519264341008805,-0.013769121583727418,-0.005924231563546056,-0.005472191760913011,-0.1393156668426605,3.74390162442362,0.25409172026467614,-2.655522928798762
-0.006498954240013184,-0.013756913212280598,-0.0058925257543993555,-0.005492588578397309,-0.14394427330550894,3.7286013529612547,0.27834424368726046,-2.646921508490625
-0.0064752450792948755,-0.013746636903083073,-0.005854025181282494,-0.0055089439387095394,-0.1487351800449235,3.706124000956119,0.3012972066316825,-2.634570607483603
-0.006453684339893264,-0.013736398737044657,-0.0058192754980015094,-0.005525054230063691,-0.15324073458688467,3.686447638838139,0.32287077277983367,-2.623602925213255
-0.006431407776042603,-0.013717915761606338,-0.005785674340408807,-0.005555249517585694,-0.15852420185260016,3.6737699405427864,0.3545592793510188,-2.615683192918017
-0.006754824871205642,-0.013923105652375194,-0.006273108192673246,-0.0051894805781824704,-0.08253754460325209,3.8756832941824455,-0.06432154869598272,-2.723773761724029
-0.0067385628673642985,-0.013906360887364414,-0.006253423612440822,-0.005221404605527587,-0.08692019276915676,3.877139828768663,-0.03423539832603451,-2.725006659811274
-0.006720649439767721,-0.013894590274638957,-0.0062277099926792605,-0.0052443298786862885,-0.09139765682039623,3.869002907378174,-0.008793346309179747,-2.7212477830802513
-0.006706437793846111,-0.013883928290569763,-0.006207880220008167,-0.005264721020418326,-0.09498577400008307,3.8640434568882127,0.012828507441163794,-2.718964358352409
-0.006686754495070741,-0.013861707756366415,-0.006183987670210784,-0.005306133536186596,-0.10050589956672017,3.866499195379412,0.05134383261467133,-2.7203678563750078
-0.006692533377418262,-0.013876415638115553,-0.006186816345411409,-0.005279263930716575,-0.09839737901528314,3.855039454446822,0.030442422149141547,-2.7145571601503495
-0.006666326808028544,-0.013858313099073477,-0.006148892003655314,-0.005313344260085549,-0.10482447720572928,3.842635451674582,0.06785953340167784,-2.7084092227584056
-0.0065939893361203795,-0.013830204257607483,-0.006032588596560021,-0.005365481853103261,-0.120717907071182,3.777742391654535,0.1425663377613803,-2.675131601848523
-0.006643013886965277,-0.01385377063522369,-0.0061092873617007715,-0.005322465598419856,-0.10969764668662081,3.816304479386021,0.08706160412117536,-2.695108328714618
-0.006620821914426811,-0.013850705401643232,-0.0060711095141488675,-0.005328601398330934,-0.11420321529857015,3.7896794756124916,0.10345851813130334,-2.681575240037979
-0.00660149345268044,-0.013845176176768965,-0.006039264531236819,-0.005338801920972454,-0.11823190531044188,3.7700625404203927,0.12071502001948084,-2.6714711957703896
-0.012982332035356918,-0.005798011855238756,0.006565685176543768,0.004656511728839346,0.6840938990544819,3.644745444329851,-0.46025762443467905,-2.5656955833963235
-0.01294463060615867,-0.0057756283653768335,0.006611206840148743,0.004605058450713338,0.6901212734642718,3.6333635368849992,-0.5122343420501786,-2.5554458645781986
-0.012965399347016642,-0.00578602788756366,0.0065849863659528515,0.00463044437367341,0.6862820572751165,3.6365890227561866,-0.48442760472191987,-2.559544947572533
-0.013119378752488748,-0.0058863650258442445,0.006396712318387082,0.004846970941653087,0.6615368006586482,3.681818927429216,-0.26647241772079777,-2.5972416882085834
-0.012998158301133154,-0.005808323418341606,0.0065468843627723705,0.004679307107158832,0.6816050370229361,3.650545904592582,-0.43794689105100665,-2.5704177101172436
-0.013008642752647528,-0.005821919499535395,0.0065385620202054765,0.004705206839908665,0.681769705513087,3.665527615441045,-0.42006977028397163,-2.5793061427755144
-0.013000974502898255,-0.00579052981856056,0.006531210870649935,0.0046519662896932264,0.6765782593785977,3.6186835753621045,-0.44263070911900365,-2.5540470647143745
-0.013094606638412082,-0.0058705183675688,0.006428245348242758,0.004813681918742715,0.6658957824968733,3.677154812511017,-0.3015573249350489,-2.5930388366630157
-0.013073697911658022,-0.005848883870598111,0.006449718795716006,0.0047718443381576615,0.6675472845455558,3.659080030828172,-0.3354079689147323,-2.5819871151205622
-0.013050721866763655,-0.0058357354439208114,0.006479118568422273,0.004742816748973969,0.6717181022185015,3.655879205603513,-0.3669380734704651,-2.5783396273997528
-0.013027193098445114,-0.0058267792348699115,0.006511669606061082,0.004719969136871696,0.6770060913606071,3.6594191490139454,-0.39711684062370484,-2.5779888117014544
-0.013163274084581483,-0.005930174315370866,0.006348227926688156,0.004930917267308235,0.6565926172514391,3.713273670884916,-0.1943179231616076,-2.616189959881334
-0.013178733547435028,-0.005942743477993998,0.006329166477840127,0.004955500966950578,0.6541141538869252,3.718945318307863,-0.1704501438383728,-2.6199019173329847
-0.013194721158846031,-0.005960081171828208,0.006311467557126049,0.004988013000649021,0.6525057341597001,3.731391584808659,-0.14278600298062002,-2.6269978787483885
-0.013214294415936224,-0.005975205106330752,0.00628633632052071,0.005017404952837599,0.6490662969751405,3.736237045720871,-0.11291810908182366,-2.630242210130364
-0.013164717730679641,-0.005907436571223782,0.0063337852641560935,0.004893738696402485,0.651700525865075,3.6755709995446506,-0.2069559772485057,-2.5968591813774413
-0.013145368094012852,-0.005871903375159403,0.006346373871505898,0.0048306478843718505,0.6503658339235492,3.6361669188591885,-0.24755604667801892,-2.5753150451168434
-0.013162936201898935,-0.005885577728601418,0.00632512086950036,0.004857517594521475,0.647774427063367,3.6424526085848496,-0.22176388763652893,-2.5796480778757997
-0.013237208177767296,-0.005971275884900023,0.006246083817803999,0.00501522751386411,0.6411005641425807,3.7073405053447557,-0.0928587713340713,-2.616398330435561
-0.013259927016410284,-0.005987071765415527,0.006215644849819985,0.005045588753057213,0.6365491011292636,3.709038372544705,-0.05970421954528855,-2.6179308688716447
-0.01328934734879516,-0.00599517207347602,0.006170181521271125,0.005063638885205849,0.6288384077244532,3.691510711235057,-0.02590432741841563,-2.6096533789840546
-0.01331535007776386,-0.006008435770307447,0.006132579723881826,0.00508921844481492,0.6228473627525745,3.684508491655525,0.008068472165958518,-2.6064693871170728
-0.013341649302432715,-0.006025698817640642,0.006095887560234096,0.005120978279037265,0.6175124702077065,3.682360269780608,0.04505009056174287,-2.6055232461063196
-0.013391409606432555,-0.006088037467908463,0.006036732621579143,0.005229713510088506,0.6114204066615946,3.71845204009986,0.13906917181450573,-2.6229008406729295
-0.013366335719831321,-0.006040445509379464,0.006060521949663936,0.0051478554131529275,0.6120048673750725,3.6773794565516447,0.07856156829933349,-2.6029682695359235
-0.013391761990245825,-0.006054514717885306,0.006023370352449954,0.005173144986269892,0.6062830303400378,3.6699419062480167,0.11189630761868154,-2.598986107141796
-0.013416427268793635,-0.0061103381028575834,0.006002419428080941,0.005268485543228437,0.6068009937489464,3.721753171996412,0.17933319690815416,-2.623845071476955
-0.012943228450485128,-0.005747076917325481,0.006594620084677959,0.004559387583053264,0.6832588597586425,3.5862493649468914,-0.5246106368785001,-2.530549408753916
-0.01281241679542982,-0.005674833708992507,0.006747223186160777,0.004383403748815737,0.7023846055319062,3.540698438851529,-0.697469015856054,-2.488657412010785
-0.012797204919627303,-0.0056476158387993814,0.006750515103729502,0.00433374595773679,0.6989768343404156,3.502123484629721,-0.7214254229402951,-2.465900340114081
-0.01269720394816071,-0.005534879531535943,0.006813782316864226,0.004108575893525258,0.692817316399503,3.3566231078372497,-0.8537292856022795,-2.3718033879962612
-0.012793635511879776,-0.005611405537882295,0.0067295457949676585,0.004277504615017565,0.6896956086122424,3.443837904941178,-0.7326601190112081,-2.4343330583852336
-0.012765416809903325,-0.005594827154045523,0.00675927665638739,0.004236954342495938,0.6926207283330913,3.4287964359044483,-0.7680321363485861,-2.4218318427892984
-0.012729124200858198,-0.005543718491277792,0.006774425059609508,0.004140894584466295,0.687249919956103,3.3600494151747253,-0.8162921807941771,-2.379117339012126
-0.012760927794055627,-0.005556933808725104,0.006738059569194074,0.004178815405407461,0.6828361073163295,3.369468664775438,-0.7785421478965792,-2.389385896172754
-0.012837301917521832,-0.005676106716719606,0.006710120463061966,0.004398595739388326,0.6954658465080428,3.5298762333240563,-0.6680165205190703,-2.4866604178923395
-0.012857625816823851,-0.005687774521057318,0.006687228269710086,0.004426909120121479,0.6928487039829644,3.5384867612131314,-0.6414399692063838,-2.494121503524504
-0.012881989282818213,-0.005687749664309627,0.006649824493263648,0.004438971898363367,0.6859031264236907,3.5248956172618224,-0.6134701865876894,-2.490300510901982
-0.012912189802769935,-0.005702272650387077,0.006613197448364096,0.004475690949014461,0.6809865329027268,3.531419892920398,-0.5749156365812836,-2.497695462109584
-0.012940457638903183,-0.005714276385209407,0.006577456718426071,0.004507040981149463,0.6757223048398947,3.5339602257056604,-0.5392733752606227,-2.5025342698766337
-0.012575142560824122,-0.005471668359662556,0.006936600161780013,0.003937641274541403,0.7032282132217095,3.286735624792834,-0.9967224576133838,-2.3114051960650177
-0.012601374518245714,-0.0054836833349430235,0.006909712281211843,0.00397280362393406,0.7006396251848382,3.3005325044152936,-0.9664844253930959,-2.323987002885121
-0.012623509174063546,-0.00549821051088441,0.0068902076449542824,0.004008361357140929,0.7001158121440186,3.318644809286668,-0.9407811386673146,-2.3379346973202693
-0.012650961985456836,-0.005498244149310191,0.006851482967876019,0.004026717879804269,0.693127897315286,3.3116494516517534,-0.9089712196256542,-2.339432390897448
-0.01268473590163751,-0.00550037899703578,0.006805325369810788,0.004051478485637716,0.6857164124560922,3.305558948276603,-0.8703216647304527,-2.3422318441661427
-0.012572442057562614,-0.005437732870030309,0.0069128824040132625,0.0038888924902893726,0.6928632850932334,3.233572196568582,-0.9984365744080123,-2.2825957269363983
-0.012542891944452829,-0.0053963859848092455,0.006919652630439893,0.0038116009006136293,0.6862665356144815,3.1744413152573547,-1.0293874146901378,-2.2449634773220013
-0.012309457627772372,-0.005286082623449067,0.007128350821216979,0.003482410294601774,0.6951323786745074,3.0137105211610837,-1.2712135807258227,-2.106577302025585
-0.012360964600594312,-0.005319168692414361,0.007092729790829901,0.0035680637795381235,0.6974341059700718,3.0660332197787548,-1.2220296193013296,-2.1467734455232304
-0.01234122591017793,-0.005293019955670502,0.007094786928380925,0.003518377211050176,0.6915900011040564,3.026420403955286,-1.2378550286728816,-2.121158656483466
-0.012436276034614476,-0.005345031400613328,0.007018162756041888,0.0036628385379525725,0.691703381514433,3.105293174593345,-1.142695097337172,-2.1852353851741246
-0.012518277648467982,-0.005385262262695443,0.006943589034509988,0.003778682857260579,0.6880255331263648,3.1604673788879776,-1.0560440991813111,-2.2324205110312705
-0.012465293463143875,-0.005356385575663441,0.006989821112615222,0.0037003836019119155,0.6895581757578165,3.121111475560708,-1.1120004359198026,-2.2000900599236792
-0.012492575538129765,-0.005371741687927428,0.006966640500046896,0.0037414801518212627,0.6890566808833459,3.1424064933201534,-1.0834351955731558,-2.21734358712853
-0.012395353668406555,-0.005312316731175268,0.007043018343645911,0.0035878133090176153,0.6884864731991751,3.0569483889293263,-1.1822843706408326,-2.1502190904807104
-0.012428294475326613,-0.005312183741322922,0.007000781477688398,0.003614106302387001,0.6821754613660104,3.056955703492474,-1.1459763542490615,-2.157724191684272
-0.012568387400595403,-0.005404075590623167,0.006891449518139139,0.003840199679286504,0.6831684556253728,3.182516808076309,-1.0013169630871877,-2.2544102204222534
-0.012181312895549844,-0.005190656966153363,0.007196934462144539,0.0032518607848071317,0.6810225273908531,2.8583803331923368,-1.3797634070019684,-1.9921828272600088
-0.012250579493926083,-0.005218290462402399,0.007139916019893008,0.003347752442545839,0.6807039084210756,2.909245367091217,-1.3156117687283528,-2.0369984491204036
-0.012219742122686984,-0.005200174707050312,0.007160407192674607,0.0032984345568296525,0.6786814034682185,2.8790781267967436,-1.3424865509480808,-2.013264712379241
-0.012169539982676315,-0.005148220065915924,0.007172127704732109,0.0031918638832909504,0.6671969442669335,2.7988495632767116,-1.3767107866327895,-1.9582879239977673
-0.01209945972331155,-0.005156349180688569,0.007259201999998632,0.003134352372931769,0.6791181981235487,2.7914618875002875,-1.4520435570640355,-1.9346967480387671
-0.012135801135091648,-0.005138960794963039,0.007202141350394245,0.0031496792219830845,0.6683601771249188,2.7784727273465513,-1.407827574488591,-1.9384767319974503
-0.012068680799195385,-0.005116985456262128,0.0072569056493827925,0.0030603066646902955,0.6682015914996622,2.7308220676479213,-1.4670344996190499,-1.8948967983677816
-0.012036970457417324,-0.005081524865363092,0.007258554579054344,0.0029903283885377436,0.6583921244623815,2.6758589752772033,-1.4833291168010851,-1.8576598609447017
-0.011818233429328315,-0.005002104722974892,0.007407412965448058,0.00268016948433524,0.6462359617252335,2.489489061229582,-1.6518818431342586,-1.6951482963779532
-0.011781654597359362,-0.00497217554201045,0.007413399207396676,0.0026111664561508006,0.6365918838574062,2.437296794531271,-1.6682625884818731,-1.657390988222154
-0.011898229524424174,-0.005007867037839138,0.007333870653639413,0.0027717433098575915,0.6435618288783669,2.5330242762032253,-1.5812837616457598,-1.743160848602258
-0.011859436988410157,-0.004991573496992113,0.007356913641890625,0.0027144369447318325,0.6399224247499751,2.496984511397095,-1.608627536601482,-1.7128075669591691
-0.0119222031677789,-0.004980790085512325,0.0072843081685251805,0.002769468752012469,0.6319822780896514,2.5121360778984427,-1.5456753967765546,-1.7405191241005902
-0.01202664278543288,-0.005045039885697802,0.007235955333073265,0.0029410546781649728,0.6465224686762993,2.6271731376437697,-1.477278309739287,-1.8299494390454727
-0.012012478239545193,-0.005012167312499739,0.007220755832042092,0.002892469660264037,0.6360215935887016,2.582974993190492,-1.476482810607044,-1.8032412937205815
-0.011981338376213055,-0.0049930900699744615,0.007235574403434885,0.0028418567503424364,0.6320740585352448,2.5494129501247986,-1.497031223797177,-1.777078444046958
-0.011950560429519617,-0.004975845021932313,0.007251144949182009,0.0027933620715214027,0.6280395901667288,2.5178213927917694,-1.5174037367329396,-1.7519852434916943
-0.012300808988275388,-0.005248217150808013,0.0071055985858015655,0.0034281974183267964,0.6831647929792483,2.9581919898192837,-1.2703323576787182,-2.075435141671574
-0.012286652951327382,-0.005210640651243444,0.0070898872260336575,0.003370319590847128,0.6723395355916334,2.9040538167378043,-1.274973056119267,-2.0435433348326164
-0.009456394749226646,0.004329132206296229,0.007518816710648161,6.980632876695805E-4,0.13379907390726375,0.050425674406717205,2.0639897476505396,0.42228637895539356
-0.00960653887269233,0.004364237958773736,0.0075894022958584075,5.147530650548346E-4,0.16528390253837774,0.19533963283733152,2.1053066591787695,0.29415347683764576
-0.00952481269180653,0.004335965007904,0.0075431111714016836,6.133388096738884E-4,0.14734119440186574,0.11437840163338941,2.076982450092921,0.3628075345719453
-0.01105486728164842,0.0046595101677118205,0.007645504841251802,-0.0014921810375476284,0.497207227439647,1.6572989284499189,1.987726522191595,-1.0139412711501394
-0.01100380154054937,0.004634597336206544,0.007647511848773262,-0.0014125436691936352,0.48326368162144023,1.598458207724656,1.997248172680261,-0.9664782380423947
-0.010900684703100653,0.004634442132298648,0.007699019929872405,-0.0012769601607711281,0.4700788949846045,1.5117489849647952,2.049057676168619,-0.8804069469183983
-0.010850611252710913,0.004603667117458524,0.007690108330995375,-0.001196247177146174,0.45374731101815297,1.4494357051625333,2.0499070974688536,-0.8322892543414592
-0.010798452650955906,0.004576353153560262,0.007684334792594494,-0.0011151792073425205,0.4382713597734352,1.3879668070333213,2.0530129986135406,-0.7833305763671744
-0.010949615239346516,0.004600451297941182,0.007640184086148403,-0.001324738185293279,0.46643645925058524,1.5311568898429895,2.000191829929141,-0.91470530435809
-0.010330424266885567,0.004485821984634001,0.007727698922732801,-4.55592761658809E-4,0.33267390030913435,0.9178131012532965,2.1403962882562912,-0.36055699158900006
-0.010743435203967791,0.004552931449240033,0.007682244121451792,-0.001032655486078275,0.42336631248932716,1.326597708245057,2.0588453255782984,-0.7327249519671842
-0.010388146704880238,0.004472975661577306,0.007703641266289083,-5.316142302262508E-4,0.34105343160660045,0.9661180162464308,2.116635615515586,-0.4123660677918846
-0.010477091940732921,0.0044952383807635166,0.007706883339882857,-6.568291743547098E-4,0.36277385768876524,1.0579809545602876,2.1090821064019756,-0.49317296814355055
-0.01043623379157834,0.00446419335015934,0.007684358575664164,-5.9453230776048E-4,0.348205584331206,1.006451377608337,2.0972828686972895,-0.45488973913838293
-0.010683336367781293,0.004533654077307825,0.007684617601156217,-9.454989167330232E-4,0.40848206040916946,1.2631384730945314,2.0682430937201985,-0.6783365462215661
-0.01062387429875479,0.004512575774565704,0.0076829952895181115,-8.589974158133951E-4,0.3930476666109765,1.199147597999196,2.074482243420999,-0.6241261198863689
-0.010573990958555228,0.004482627575567246,0.007667568355655613,-7.832880530786814E-4,0.37728141569226986,1.1395901040521095,2.069293970957123,-0.5776908791268133
-0.010525751478260533,0.004456133875376952,0.00765398457921265,-7.118354171198035E-4,0.36277821699667395,1.0836300797868479,2.0651692244021045,-0.5331492917106825
-0.010234425278490257,0.004438788013581389,0.007692681154777627,-3.18457828454508E-4,0.30439734441326666,0.8090574692953287,2.1248239891347396,-0.27267810162704403
-0.010172112984490486,0.0044211343206254005,0.007680838620778702,-2.3274133643512367E-4,0.2885880620603318,0.7441979443847156,2.1224060785640138,-0.2162820397407865
-0.010093423286109468,0.00441614901978497,0.007680905646045329,-1.26640995244725E-4,0.2716325985953225,0.6686791883013103,2.1301640492113667,-0.14507125455894798
-0.010025412858945898,0.004368737300775276,0.007634210479143265,-3.465772287274813E-5,0.2507513467120089,0.5895955764403666,2.1023073398465217,-0.08529186021521566
-0.009945473328261274,0.004344162148522454,0.007608497911407286,7.02452186944976E-5,0.23170859505569777,0.5077972267889502,2.090531882976133,-0.014618145190826062
-0.009842213767272982,0.004337333267394187,0.007595811603885603,2.0458806456436632E-4,0.2099581434296241,0.40993936203020354,2.0901853074485115,0.07761346476809565
-0.009759578338675539,0.004307549039292352,0.0075575067733557435,3.0827982505591465E-4,0.1907565014051348,0.32609415078669574,2.068562932665421,0.14865470489593555
-0.00967376084579879,0.004284988651201127,0.007522830717935224,4.142715301424281E-4,0.17237305485677243,0.24222696133770336,2.0496210187917168,0.22238306241561037
-0.010301522776345912,0.004429517252868071,0.007674016318751237,-4.073965055995915E-4,0.315695199337829,0.867974641282273,2.10422713567823,-0.3332295252360713
-0.010270323827267322,0.004389924961539905,0.007637981170577794,-3.6020088392373686E-4,0.3024601239721643,0.823812066225351,2.081086856901682,-0.3048051079321813
-0.008897319940613237,-0.0041566937030361574,0.007139640727363913,-0.0012796864099638313,0.043430302723351785,-0.4386453487951381,-1.8131486977826046,0.8416074151362263
-0.00931854432313632,-0.004350875468242193,0.0074977989227317495,-8.771568006604992E-4,0.10950584097316128,-0.07329079997080123,-2.058397147035438,0.5489258318766649
-0.009387302356256318,-0.004331034346538221,0.007500627711718693,-7.851142959875754E-4,0.12132344107060973,-0.012999941345427963,-2.055341374720127,0.48422518719407
-0.00924763009163674,-0.00430534467451899,0.0074284675501049705,-9.478363454471726E-4,0.09572747217702511,-0.1413048869041127,-2.0109606390132284,0.5996447386196194
-0.008980996224246387,-0.004187370242996171,0.007207101324584533,-0.0012046613902591144,0.05458281711944307,-0.37249303769758924,-1.8597280939917245,0.7866462751050393
-0.00916522446161603,-0.004266350987057463,0.0073597078848113865,-0.001030738983704921,0.08144222850006379,-0.21610706363433277,-1.964277875885033,0.6594318128023243
-0.009074273442212516,-0.004224532030761254,0.00728288411409616,-0.0011178738474885133,0.06716879722407938,-0.29516004045282646,-1.9116934150014917,0.7228890754110094
-0.009476723149372777,-0.004270287380687526,0.007466743203720281,-6.571250561597893E-4,0.1347174667987796,0.06048051236717402,-2.022653208951582,0.39329772689316406
-0.009411770191091691,-0.0042577142944067135,0.007436857815298451,-7.331896626735058E-4,0.12230441164172268,6.132272530257051E-4,-2.0049241743401107,0.447151112226254
-0.009586518735523117,-0.004266189643405287,0.0074882924196966434,-5.201851111064828E-4,0.15462391126732622,0.1591836398643999,-2.030401927591516,0.29661208468786615
-0.009522123622188216,-0.0042215691884127365,0.007431074494269289,-5.895801801970909E-4,0.13999708191967872,0.09429713443394096,-1.9919115719532308,0.3451122352778351
-0.009646592191907548,-0.00423451310044218,0.007469011506945255,-4.396105967989275E-4,0.16316155019871117,0.20804447191447525,-2.010912556284151,0.23915007628139826
-0.01086101994067954,-0.004644415683163946,0.007727946008167439,0.0012285653932662787,0.4675387050874164,1.483666722664266,-2.075380293891811,-0.8481484091065864
-0.010828123168212578,-0.004611963954562049,0.007708686517874386,0.0011699544176063065,0.4528593425362746,1.435012020732604,-2.066319263356696,-0.8143740082017945
-0.010907714463057737,-0.004634889907110431,0.007696141810377415,0.0012865571274533758,0.4709528557117086,1.5180293635776254,-2.045973834629372,-0.8864190051639113
-0.010954654504567694,-0.004643563809400459,0.0076820775128030785,0.0013528791868297038,0.48015274838614613,1.563372640074219,-2.0290784914962354,-0.9275001457705262
-0.010999196120665267,-0.004622066988981645,0.007637094943818964,0.0013999928288984567,0.47903770520001226,1.5861508518345688,-1.990621747031344,-0.9599423070016345
-0.009786710005166128,-0.004341856265452738,0.007595042892600126,-2.7729401491934823E-4,0.19957131033980105,0.3591065972733951,-2.0943220584577547,0.12829896235077554
-0.009718249597836516,-0.004283260056382223,0.007528015107633093,-3.5772351899891357E-4,0.18067422158315863,0.2827451201083398,-2.0497572000637554,0.18270221922949226
-0.010359776123011841,-0.004476541599705923,0.007712806186056611,4.938905802612902E-4,0.3363103756923716,0.9413081276577281,-2.1263780073622907,-0.3869470735883077
-0.010235173686391227,-0.004480728205617283,0.007736233062691555,3.245138035749573E-4,0.3119457588501941,0.8259462236727548,-2.1566606917284354,-0.2734949220372112
-0.010298417200379256,-0.004424512222695505,0.007669323803942584,4.0249359235476157E-4,0.31402441981157964,0.8632300086343232,-2.1012701255049993,-0.33051951754989223
-0.00986583818906021,-0.0043159861122273125,0.0075762353251042905,-1.7233706875720872E-4,0.21220170384209183,0.42626318464930074,-2.0734494383659254,0.05462137175691556
-0.010169220283747256,-0.004430673540431597,0.007690947276613594,2.2967412836832394E-4,0.28953792028348563,0.7451460255267159,-2.1302653286775084,-0.2137253220055666
-0.010106830147851747,-0.004384026746635557,0.00764730275153857,1.4297292434123455E-4,0.26917975835139457,0.6704405665383916,-2.104190923861355,-0.1582225520857581
-0.010047320741122422,-0.004333146890283678,0.0075978943969123225,6.285888943023287E-5,0.2500881518473641,0.5988316873930937,-2.073193943101637,-0.10655222374120897
-0.009935438589380048,-0.004303715746695586,0.0075676293903384475,-8.18908002080046E-5,0.22449703762779102,0.4872113476588666,-2.0608442171891563,-0.008426999547058065
-0.00999379788925713,-0.004300124648898918,0.0075652301676666115,-6.6903478163548475E-6,0.2352140021297405,0.5397466590163251,-2.0537971372669577,-0.060491093439676756
-0.010594676131817206,-0.004603113323173908,0.0077872238210301105,8.481926047805634E-4,0.41121684673667663,1.219436938447907,-2.153190478253826,-0.6068998154381752
-0.010641423097476886,-0.004587415649975896,0.007755310951787625,9.074816224591181E-4,0.4154993253699653,1.254220776542468,-2.124369733103958,-0.6474782248667491
-0.01069355645492326,-0.004574150540736952,0.007723068515884655,9.737593928751234E-4,0.4208366277770698,1.294212718065608,-2.094544190697197,-0.6921932250864283
-0.010563660156132752,-0.0045689031703401595,0.007760485478872353,7.948858739180103E-4,0.3966756758057129,1.1731622749973027,-2.1376626653299513,-0.5759667836414848
-0.010487891892399034,-0.004563077738602177,0.007775322758373442,6.886922606897911E-4,0.3808203281375833,1.0997867516715087,-2.157367362890765,-0.5069367329612523
-0.01052869300752084,-0.004552823039074681,0.0077535819425098036,7.422346371586269E-4,0.3859570610570489,1.1328067924138068,-2.1368296273698943,-0.5431899289612782
-0.010452992655011635,-0.004517577967351443,0.007736019370477143,6.29461015481557E-4,0.3635564779210632,1.0460023109683474,-2.1328859986636246,-0.47283858937055195
-0.010417076710298285,-0.004478115951725908,0.007702972097260241,5.717800674388684E-4,0.34782071264003994,0.9949864170946088,-2.112955532033662,-0.4384395575401677
-0.010749936553782669,-0.004564806268623738,0.0076920320076240825,0.0010459462300295766,0.42744723850774397,1.3390210705416623,-2.0649504559341554,-0.7400802710117479
-0.010812221262104132,-0.004565530074691318,0.007667395522542496,0.0011288719123911347,0.4370725345634526,1.3935819846569437,-2.0390425076490044,-0.7934865801172157
-0.011552079731341371,-0.004829824688135984,0.007476292182654024,0.0022243313123662995,0.5875938531919277,2.159164942053241,-1.774311431482371,-1.4430836426246778
-0.011505453424736368,-0.004808523210994133,0.007492711433075549,0.0021525068938298866,0.579263465152847,2.1096070176488553,-1.7963485939792072,-1.4024643001151214
-0.011449245215666912,-0.004800638893125406,0.007528593005534858,0.0020794160588624142,0.5748330658654571,2.0654810096302167,-1.8327671483197234,-1.360157115299175
-0.01108902626454622,-0.004673223197175625,0.007640339555244819,0.0015440247867271782,0.5053636745810636,1.6945468669407506,-1.9785599154925764,-1.0449030436618754
-0.011139349903382856,-0.004656864915521221,0.007594257345022752,0.0015986793671909367,0.5051938736999235,1.7223537835257965,-1.9381854356948716,-1.0805419284466256
-0.011403727908210676,-0.004757491276493529,0.007519633206275189,0.0019922654315977385,0.5576243329376354,1.996434985816716,-1.8370540285294332,-1.311484581749178
-0.011300545004940628,-0.004737541628256486,0.007572841912348949,0.0018520399951836223,0.544911545078803,1.906475460514509,-1.893936604401446,-1.2286828772621388
-0.011361463595911938,-0.004717016383854906,0.007509893451948572,0.0019121881294182775,0.5418833606075045,1.9330328882529735,-1.8397040393506734,-1.2665231111568909
-0.011193524262044969,-0.004675166999879593,0.0075797965015388675,0.0016779565444312848,0.5162080147868234,1.7775612331168147,-1.9187918776201456,-1.1277971314894053
-0.011261670431441802,-0.004674746141910527,0.007535840965967892,0.0017621132695662537,0.5216392418289083,1.8278573374144813,-1.8765649602935108,-1.1792908519812597
-0.011054015984358326,-0.004615190392863888,0.007600781196193542,0.0014666675265444077,0.48338135208224814,1.6257672106243444,-1.9567297073749248,-1.002615855195151
-0.009390864495243465,0.004274805793858464,0.007447176865824577,7.636705972410571E-4,0.11978690126646144,-0.015973326668864894,2.0144556043925186,0.4686574106533671
-0.009237558926643158,0.00415420273943771,0.007283718117101656,9.046216500343416E-4,0.09098675560509573,-0.1601720729451529,1.9003780076454502,0.5711093993580124
-0.009333487716341666,0.004190445214327054,0.0073495476340538195,8.061584938085082E-4,0.10706262127944986,-0.07552014871830508,1.943832352156544,0.4999738556342791
-0.005007021240367154,-0.0035095171416755482,0.0037755703368394402,-0.0025403269256574477,0.031397986980938895,-1.3562769780227806,-0.1859905163138009,1.5985945027964856
-0.006211722406025392,-0.00394007414740855,0.0048836211674043615,-0.0027460341431599714,0.0016493202030766943,-1.4331598759823605,-0.5142347177822074,1.7331034710239632
-0.006576816836934302,-0.003955614534293975,0.005217325845676684,-0.0026636046164417236,-0.009658433803721849,-1.4076925989926607,-0.6592897558503285,1.7178694974912212
-0.006381172939455732,-0.003929712743152213,0.005033428392326267,-0.002695449136596348,-0.0030122564413916195,-1.4191459952067647,-0.5769675460574161,1.7218068281577013
-0.00555348629726091,-0.0038256710982244573,0.004276671862021616,-0.002756547610738048,0.02189360151267954,-1.4178195527547466,-0.3041314304998998,1.6915788301157562
-0.005358977680840896,-0.003527027914620666,0.004069185571526982,-0.0025240328025229425,0.023993456407547617,-1.3641448060490509,-0.25475534562486907,1.611970496782135
-0.005853860792787286,-0.0038638239746828017,0.004547128568224589,-0.0027473764480056354,0.013157720928442362,-1.4255352627873457,-0.3897391367609828,1.7085988243560275
-0.006081116598086903,-0.0038601463506782252,0.00474771275762589,-0.0027023922680368237,0.006656959186771791,-1.418992924429742,-0.46330514755506985,1.7063781388934398
-0.006684019721410288,-0.003803115488640922,0.005262582493313582,-0.0024948878287615953,-0.010524337229418377,-1.3525366025144931,-0.6807429270102044,1.6441516657435356
-0.00861414621816314,-0.004061243167415671,0.006906144751533129,-0.001510826821072133,0.014922563358390633,-0.641793984656771,-1.6529965933091053,1.0125139989183027
-0.008508433084779148,-0.004092646976163438,0.0068663578325486654,-0.0016283647658015823,0.005259049564676767,-0.7182424721772733,-1.6298916973851354,1.094816632139894
-0.008372259278552579,-0.004052287694279946,0.006747664479770945,-0.0017238490867108522,-0.004040550922029638,-0.8011766259311311,-1.5488907702430785,1.1644369288079102
-0.008260887993913012,-0.003988071159213776,0.006626614991066137,-0.001773843453970938,-0.007924184836505114,-0.8571829724914143,-1.4649468666842151,1.2031693519094409
-0.006888687889086385,-0.003867730523128892,0.00546338069658349,-0.0024793124613218635,-0.016567740586872628,-1.3372935729981543,-0.7784291269849808,1.6405916362840223
-0.007081629767535783,-0.003945617695009191,0.0056629185259820915,-0.0024689522840585227,-0.022275864028450994,-1.3195429433913455,-0.88306912122809,1.6382936727943334
-0.007275702667199169,-0.004025124464769467,0.005868424955546203,-0.0024479989249846282,-0.028290929448549305,-1.2934127265039643,-0.998630419549448,1.6297402728884303
-0.007796666909772293,-0.004047569122426324,0.006319474111040846,-0.0021627474282718997,-0.027931533036731595,-1.1102876198226663,-1.2719353072720345,1.4616245000639487
-0.007466550981797045,-0.003993615619510436,0.006016618118685379,-0.002320339066231555,-0.028697622063886385,-1.2249531502135207,-1.0846024944561454,1.5585212778408162
-0.007642231230110618,-0.004012314932382559,0.006173242298317671,-0.0022332995047149554,-0.028640989075068346,-1.165734029771054,-1.1796316078448035,1.5065625624795007
-0.00804031226240036,-0.003996821533630494,0.006475717901350499,-0.0019511952617333598,-0.018988803595199073,-0.9800596323803142,-1.3685668306416543,1.3243109932480606
-0.008151251827512019,-0.003952132301775097,0.00652612649181558,-0.0018353414043127674,-0.012600039624777229,-0.9119911819632123,-1.3977803745107702,1.2481579384123882
-0.007913025638470766,-0.003929244587635868,0.006337967453191896,-0.0019917497068103296,-0.020285786830620687,-1.0275354617025185,-1.2777600650782228,1.3554097444969335
-0.00882339272106739,-0.004053853906722064,0.007015412664619359,-0.001303578765800985,0.03592031124523203,-0.49045172794722525,-1.722243670258823,0.8631012261698114
-0.008686342453392523,-0.003973685142543136,0.006878564304728977,-0.0013934122338402025,0.024056765773728808,-0.5827097206033492,-1.6261698740753574,0.9318154751789772
-0.009208340211834648,0.004046230187654976,0.00717699842959233,8.983909302560951E-4,0.0846129323485101,-0.18987499913497644,1.8192661167958193,0.5689032258944908
-0.009106724710767894,0.004052327651274051,0.007143767899833813,0.0010100534012683772,0.07074300712731786,-0.2710575194585089,1.8011569319231333,0.6493664759148409
-0.009042909313731496,0.003975085109830676,0.0070521534418289,0.00104510255972558,0.0625827668762115,-0.321647007623391,1.7342480216900058,0.6778692523571201
-0.008943648159096141,0.003961285684932042,0.006997562950810626,0.0011391191909373868,0.0506929044557795,-0.3964301507004591,1.6992086005655302,0.7472912651974166
-0.008834297985251701,0.003949699221106501,0.0069365657598725395,0.0012406650572280393,0.03896378128193178,-0.47601158640688973,1.6597854213987107,0.8218352652666036
-0.008561289280822669,0.003939760976002435,0.00678196633272083,0.0014879344814203535,0.0134931157811423,-0.6632959812286785,1.5608776711886012,1.0022694399784846
-0.008710571294589492,0.003938439133253267,0.00686426469092474,0.0013518528990731154,0.026730300593910485,-0.5626728790637755,1.6131333849706613,0.9036300141596493
-0.004010053091784561,0.0032614869437207826,0.0029610020725921384,0.0023807265253496025,0.04314661530303342,-1.301541568375313,0.06198883879275662,1.5210569049347658
-0.004644630487500629,0.0036162943051740986,0.003485772740650203,0.0026481172175557006,0.03883788345507772,-1.3584938227347847,0.1253237656688605,1.6012977476963328
-0.004424162541925488,0.003342473189561447,0.003291290542806545,0.002434644954123385,0.03835777029254508,-1.3220988222856336,0.10315942412291954,1.548623344305479
-0.0069341625645688455,0.003930446330411271,0.005527144895701906,0.0025166486614808543,-0.01943022822841289,-1.346501092893651,0.8120200270028376,1.6601660588832414
-0.007092533691028757,0.003914001469631522,0.00565881293810673,0.0024366406468446654,-0.02188522994265137,-1.308060811916295,0.8807205448197294,1.6219623706759927
-0.007262802259293221,0.0038911748904093884,0.0057944674274394295,0.0023389800804499527,-0.02346372345748517,-1.2584417181826455,0.9542587991828829,1.5709980408383453
-0.0068527847429062,0.0037946419956457326,0.005405372453151307,0.002429510629452066,-0.013312923899099164,-1.323147962894117,0.749183200084816,1.6166062008104842
-0.0063792397255152695,0.003935448062464625,0.005033280152354235,0.002701267659897321,-0.003539921326302258,-1.420987067385518,0.5770708927880124,1.7239849995446923
-0.00614603977732492,0.0039018399817785793,0.004815199498917504,0.002726254706068861,0.004356484797520738,-1.426720603869101,0.4877615485171924,1.7204600978174815
-0.005892527016750475,0.003901318452806113,0.004588690190147771,0.002774055395017482,0.01211378374593483,-1.4335537466458292,0.40277071049055363,1.7215136028300433
-0.006725489686443997,0.0037378052719965124,0.005276619315750888,0.0024250949102013085,-0.01096656594662851,-1.3292122434963027,0.6877108379676907,1.6116785520377401
-0.006541692278605961,0.003773136975070036,0.005129661190306879,0.002512509251489429,-0.006962181869934906,-1.362863968514112,0.6202445585665223,1.6490206948907973
-0.00500825006377734,0.0036074086925689166,0.0037859089964095995,0.002621341289782379,0.03248145250761128,-1.370024509318622,0.1853643358007235,1.6174333964790721
-0.0053696531296674975,0.003704372391729322,0.004101165724415746,0.0026722817313957095,0.0252452079660957,-1.3931941530221317,0.2587836595308323,1.653192564055333
-0.005708400169170028,0.0036720647559574343,0.004385812166372738,0.002602887364106836,0.01590308827271422,-1.3885636449983993,0.34206747238238605,1.6516771298843718
-0.003967115328052004,0.0026983876842405978,0.0029079494581696302,0.0019484646804719262,0.03987121119172402,-1.2634325150949464,0.0671459848852476,1.4690221499959204
-0.0047603593887662445,-0.0031705793319174963,0.0035474338964073685,-0.002282430155099786,0.0335829583047735,-1.3110827982250817,-0.1483230998041303,1.5354534882750959
-0.003025428166779117,-0.002630903231646891,0.0021995886168741483,-0.001907915982318989,0.04646176436552322,-1.244952616776679,-0.015755645479104196,1.4446784515653743
-0.00373467771836552,-0.002913855788088963,0.002738125598067509,-0.002116469427367132,0.043196469732998566,-1.2718268108340565,-0.04717029826224951,1.4807427420441288
-0.004329260168203776,-0.002958174843865428,0.003196499961874531,-0.002136384314937068,0.03747204763921432,-1.2860025452637143,-0.09716802346026354,1.5003264250771284
-0.0036854662853402277,0.002209996924836669,0.0026817157060519937,0.0015893141115337218,0.04016127346781829,-1.2367670151157417,0.048977338625624416,1.4329149460033392
-0.004142850170035141,0.002256173496087897,0.003022277048398052,0.0016118492421366558,0.0366298629429591,-1.2372861322159459,0.07804855369742622,1.4341286811512093
-0.0030721546260482394,-0.002008776070980609,0.002226214628124981,-0.0014485868316959575,0.0437743633201785,-1.2279292791897645,-0.0227060184522711,1.421617441882512
-0.002870724136208148,-0.0011615761174862717,0.0020700331038182363,-8.343662792523965E-4,0.043080956982550364,-1.211040726083728,-0.014427568326035678,1.3987954760231174
-0.003113399443146091,-0.0015345413599008007,0.0022497546846163797,-0.00110250267104621,0.04260062103900678,-1.2162528688482532,-0.022937982847784377,1.406414458170646
-0.0033779824528876365,0.0016649403064740343,0.0024440197605571225,0.0011945691022493654,0.041204525285499005,-1.2183356008940152,0.031691856302633,1.4089045970188703
-0.0028639956949065935,-6.057670618719898E-4,0.0020612985033216773,-4.3438225837078053E-4,0.042786895459231734,-1.2047388439262436,-0.008088921855466807,1.3907239246749705
-0.002790176820324634,1.9697015018586397E-4,0.002006992674000878,1.412512775560436E-4,0.04300816373034241,-1.2035056429831228,0.002501905400420274,1.389098449897286
-0.00311612671019617,9.884626225610744E-4,0.002245260476898046,7.081232633898757E-4,0.04174074994883147,-1.2063864470200072,0.0167265932052881,1.3927779249177892
-0.008414601176458172,0.0038697696606117436,0.0066434133570648065,0.0015714685308939134,0.005067573118016357,-0.7459495445904675,1.4661034397669095,1.0665912358477205
-0.008278101782577362,0.003803018795222378,0.006512351667693543,0.0016381012289934506,-8.955861245101681E-4,-0.8140129847272125,1.3774124578268963,1.1190086521554459
-0.008119016050648157,0.003736020341929155,0.006365735959695018,0.0017112150709201245,-0.005982145431728349,-0.8857432804356887,1.2808086592450876,1.176572796979263
-0.007814972952566829,0.003804543267135491,0.006191191751260564,0.0019627708307837356,-0.01830282159765007,-1.0420919742150216,1.1802033186692962,1.3438864375788142
-0.00730117187823969,0.0037109378879873634,0.0057448605504841314,0.0021722243560082666,-0.018480760231335446,-1.1990686879369594,0.9204530661084028,1.4831784094592309
-0.007614520064390511,0.003758683388234307,0.0060145240305457615,0.0020478368855674643,-0.019742908523108022,-1.110080740834686,1.0736023714447482,1.4025691582281223
-0.0074418208000016665,0.003655405014895252,0.0058306866396679894,0.0020599547306488814,-0.016882065376401165,-1.1430527608445884,0.9644732677764228,1.4189864043985538
-0.007941484543701385,0.0036668131690985348,0.006204278418082575,0.0017834525523889768,-0.010199695591987008,-0.9559044409869218,1.178167327268792,1.2332649046613515
-0.011753913152307801,-0.004929305032878845,0.007397799705111725,0.002540338128926401,0.6221521578387904,2.376263141749916,-1.6685950787204284,-1.6185407995929462
-0.011727738310572123,-0.004896514444850221,0.007390125132168854,0.0024814508461217426,0.6105378062305665,2.3277724497346015,-1.6723868563736368,-1.5863075640296374
-0.011589943430461167,-0.004794303599450545,0.007410611681073531,0.0022387985413424446,0.5757491061102153,2.1488458004928206,-1.7236403818362291,-1.452974902214615
-0.01166488839136872,-0.004850212125289609,0.007401243084421229,0.0023704742567783083,0.5952219505492226,2.2461231253360836,-1.6974955165361525,-1.5256024742599446
-0.011636815464935103,-0.0048078813830227714,0.007384585980690282,0.0023028525725412993,0.5801457611432902,2.1890274418011106,-1.695357956530728,-1.4887357040759501
-0.011716026311333816,-0.004851260831882973,0.007357336425527105,0.0024280022333758957,0.5943849492153982,2.275123142403505,-1.6564786940256233,-1.5574196997480467
-0.013273094411674445,0.015689002139878845,-0.005034321709307825,-0.002871581054842032,0.06445602471288357,-1.3904358716864433,1.1275770512996346,1.810065119020484
-0.013445539635358243,0.01557077169812175,-0.004949615853702576,-0.00303853100888747,0.06881965010695025,-1.464845593207519,1.0323171312269044,1.8887610477052015
-0.013261597680081411,0.015926579765680106,-0.004873415287774425,-0.002651825307986661,0.05367284155698825,-1.2868150760733192,1.1031209954525354,1.6584257592519414
-0.012897906784081146,0.016565739471689513,-0.004674008533799348,-0.0020212433299660196,0.03135558585534359,-0.9833637939595409,1.164584871292687,1.2718218812173894
-0.013177603126714482,0.016151716983661742,-0.004779974752119501,-0.0024342388172160206,0.045005878904860526,-1.1846874111796433,1.1137176280858012,1.5219775397788202
-0.013052785800356778,0.016384352142043257,-0.004702883839151894,-0.002209715899722319,0.03676062772891798,-1.0777882909292564,1.1330352790018645,1.3833939273972116
-0.012716856659591174,0.017149357213703916,-0.004334441732619996,-0.0015949862204554385,0.014349144503268985,-0.7800879384858223,1.101609292123339,1.0002965236680612
-0.012852415723145641,0.016831096732859034,-0.004498762975244275,-0.0018313336688255699,0.023662599798275275,-0.8937092018341241,1.1250788655336843,1.1482725590621554
-0.012542204680795966,0.01748950901575603,-0.004164744296607564,-0.0013577173579339859,0.006954624228788228,-0.6635197667598258,1.0748629172785973,0.8540651987367297
-0.0064303139669371475,0.022833564228955407,-0.0010441638217254777,1.279169140637374E-4,0.17734170084832115,0.23182587719399997,0.41797315791544826,-0.20693954167592157
-0.006979764748730693,0.021884882885275417,-0.001545628974516925,2.2596331035810424E-4,0.11895090742996621,0.2903559496328125,0.4674943495534489,-0.2588197460783061
-0.008147977062917719,0.021161871510680604,-0.002059157714389532,2.1633048620230136E-4,0.06202122799828005,0.255389112332469,0.5718531300449597,-0.21309131364100045
-0.007747286269283021,0.02176014367053296,-0.0017055687889442508,1.8610716987666197E-4,0.08909165282049705,0.24397747079111243,0.5136926299739569,-0.20882869421179523
-0.009179223994285219,0.020535420562174826,-0.0025036059328661844,1.225955091506202E-4,0.024393649018166038,0.1737302936409845,0.680284708691529,-0.12028152480049832
-0.008818687111369058,0.02118057272606516,-0.0021133614310052166,1.3206887061203198E-4,0.04119452631985989,0.18005199725591145,0.6003201417121192,-0.13745054040376622
-0.010170834309554327,0.019864342941676674,-0.0029417907931346215,-6.840863595062604E-5,5.749378738088561E-4,0.042934543094422135,0.7975390363589056,0.026728124036340253
-0.00981695347528395,0.02053137612232138,-0.002529942834894689,8.18230604696558E-6,0.008810031822763199,0.08034956059061472,0.6965157388314317,-0.02641461952961809
-0.007028283976472507,0.02389499231068951,-5.910911353483311E-4,2.9508421646640078E-5,0.1914020244662884,0.11932616902207467,0.45646700118173605,-0.09534797657251957
-0.007606340525559075,0.024999999999999998,0,0,0.19836758359700427,0.03274216268463123,0.5341076665071119,-0.0015482259144325276
-0.01145675185384956,0.018705973456429555,-0.003607507075732086,-5.642211841799188E-4,-0.008076910505649392,-0.24360131306519042,0.9771084381052205,0.3589447008406523
-0.011869367843988182,0.018616770527826492,-0.0035762727151586217,-7.208361420517764E-4,-0.010219505823878287,-0.34570143309069157,0.9500639944023966,0.4636014604023659
-0.011197154041453137,0.019221788440432465,-0.003288907641595187,-3.941422109832562E-4,-0.011561236487870155,-0.1628441911266247,0.8881725719249366,0.2540766892715141
-0.010853630195749867,0.019792590091965552,-0.0029506273529262797,-2.372453365542538E-4,-0.011000227681899843,-0.08226795764877708,0.79930611029521,0.15457264384631164
-0.012334933288301176,0.017852777655663805,-0.003981165696639334,-0.0011260588886347694,5.998908625388208E-4,-0.5491743311222496,1.040597362553475,0.7120992240668308
-0.012121241621088017,0.01826315155120004,-0.003756182590308025,-9.056370565191679E-4,-0.007754348768406018,-0.44159120605816776,0.989428606077146,0.5763944303098582
-0.012231321468648111,0.01857707902337599,-0.0035025494713438873,-8.432782095710671E-4,-0.013430641154605145,-0.42682401102601564,0.9066134752733227,0.5444903647594739
-0.013867054353209783,0.014776784222010059,-0.004935548655519719,-0.003987324618488678,0.1074761145238007,-1.8578540093588003,0.712771665805099,2.4103813185006655
-0.013736117160955491,0.015002007546324135,-0.004980807755889459,-0.0037079531511881613,0.09551519292874287,-1.7515717716144696,0.8351877225978797,2.2695612038620188
-0.0138423482557976,0.014903278739019716,-0.004906412316631821,-0.003834527541289768,0.09940747144133796,-1.7947834812485695,0.7489273335655109,2.3179648221283182
-0.01373834157623996,0.01516142105407346,-0.004892665193315826,-0.0035284837593883424,0.0858893816357509,-1.6707433925116117,0.8448183792001714,2.1479163385701914
-0.013699954915928366,0.01536048411129294,-0.004822438923388667,-0.0033092545375742154,0.07466655175082693,-1.575393377712709,0.8774275831849297,2.011680910525152
-0.013645044310089866,0.015573846261105667,-0.0047522836339124125,-0.0030840108178226623,0.0651555832079017,-1.4768494057530768,0.9098916215153477,1.8765306298083486
-0.01400382468320337,0.014712514049252274,-0.0047966567511126,-0.004068041363980839,0.10661598200308785,-1.870009344734229,0.6027276216675276,2.4099735371666977
-0.014121614758860764,0.014522371827390995,-0.004718640856274267,-0.004296662791737359,0.11638753988909985,-1.9408823576014205,0.4742501100535468,2.5046608292058434
-0.014103456556562833,0.014634711468962128,-0.004704090833177702,-0.004159612696599582,0.10996999788854542,-1.889569508016929,0.516614308874395,2.4277565571272657
-0.014214789176040948,0.014497323111137845,-0.00461050255577312,-0.004317733992755657,0.11396218471232604,-1.929151481242992,0.40366388181534274,2.477516916107131
-0.014261682737302012,0.014412260614227457,-0.00457438146159887,-0.0044167637932188385,0.11964139134685248,-1.9562202687968184,0.3450691695897817,2.5156170330845176
-0.014317014157581692,0.014295695837555454,-0.004530395572282793,-0.004553008097439713,0.12628554866902542,-1.992583588347749,0.26743848532926884,2.5683253081023696
-0.014625841186593203,0.013739551568284318,-0.004169506335719309,-0.005165286947138679,0.15280431621429838,-2.084828439491527,-0.18500501844242298,2.716851213742164
-0.014424109333843301,0.014224927853592514,-0.0044074589301225766,-0.004617239819160366,0.12601973034377997,-1.9863291454175107,0.17224780798971598,2.551939834521583
-0.014419069086450496,0.014100459276926842,-0.004429793950216862,-0.004776761418514297,0.13640126713549575,-2.040939254295379,0.12070755639390143,2.6413758006846906
-0.014487312869489866,0.013984649508333882,-0.004351085769985987,-0.004904312878918786,0.14200114729208704,-2.0602542185940114,0.024848111559613143,2.670948726517314
-0.014568551392218888,0.013846263216099048,-0.004248317542315995,-0.005052469924795358,0.14787373307817606,-2.0761274545938417,-0.09368904322424447,2.698314391368737
-0.01474073060156336,0.013701985874983506,-0.004019414600859645,-0.005157050655382846,0.14909814978869584,-2.0360686103866272,-0.2647239071564141,2.641361902403753
-0.014810862321413886,0.0135897096745582,-0.003916728864617002,-0.005260511720927049,0.15300713001772448,-2.029342509122237,-0.3644911375730136,2.6395835489834485
-0.014880602867945715,0.013486000778554271,-0.0038109125940626273,-0.005348584599411912,0.1570675969632571,-2.0149515251764814,-0.458967577660039,2.6269509246662897
-0.014929192989791548,0.013361321546075753,-0.0037212372846541176,-0.005471237869847884,0.16167848747027372,-2.0121393195943207,-0.559392255409554,2.6358445039118625
-0.014991476731051152,0.013245875811729221,-0.0036110151028663114,-0.005568996111519461,0.1664814407520864,-1.9922864315230122,-0.6592816937402636,2.6207844794560198
-0.015024110855930892,0.013138261442305725,-0.0035344257065834535,-0.005674489986934483,0.17123379136722852,-1.984599435099262,-0.746534257441061,2.6259630289352747
-0.015052429882323241,0.013020564103755081,-0.003453513859684725,-0.005793120983462361,0.17685423065889963,-1.9762014732679076,-0.8411404738096379,2.6330719834665364
-0.015326797801199511,0.011866687299707622,-0.0023599178943181057,-0.0067500780427879326,0.2197735607614617,-1.57330059131934,-1.7936639299367327,2.3419032631244945
-0.015388085049027486,0.011820870276191189,-0.0022617508121936737,-0.006710387738583737,0.21339142866384303,-1.5111977771179799,-1.8108286635654722,2.255843593436214
-0.015343343543536595,0.011955161013500581,-0.0024256142784926556,-0.006646520684856252,0.21315065074242542,-1.5995981679047455,-1.7149329605754497,2.344496131421209
-0.015277560900245101,0.012116759219161463,-0.0026292504779280583,-0.006571865681653653,0.21302198984146717,-1.7042170103272818,-1.5939982248570195,2.452382561128713
-0.015347075709549088,0.012050393429131872,-0.0025051237795195784,-0.006551560731644712,0.2075344789084714,-1.6325303645842804,-1.635068023627639,2.359001698726096
-0.015304247937367106,0.01221500552594436,-0.002681738505435217,-0.006440961068943557,0.20445062102447745,-1.7152215982980563,-1.5065999860517205,2.4320955676424503
-0.015297741909082795,0.01232349375265953,-0.00277085426841798,-0.006337496890014549,0.1986027642644731,-1.748222254828285,-1.4171728820492382,2.4473678996497057
-0.015210716587088098,0.012511084124393097,-0.0029943150004042994,-0.006231901464921354,0.19704195934215438,-1.8454878453232662,-1.2672625778741968,2.5470613777679088
-0.015267596540705303,0.01243251553007225,-0.0028802065866003423,-0.006256283058009991,0.1949054412364806,-1.7922030622572205,-1.3295920888716501,2.4840935185126543
-0.015142062826333843,0.01269184577905735,-0.0031834229278736134,-0.006098126170475455,0.1917801283734596,-1.9138896713922502,-1.1151837808521672,2.6069816951808478
-0.015200712966150214,0.01261183427116095,-0.0030695807802176146,-0.006130631043634313,0.1902796352105447,-1.866052128933702,-1.183396638076166,2.550600974743805
-0.015124112763053997,0.012897439744794018,-0.003313077289777502,-0.005877305877075881,0.17956893912670188,-1.932139683947087,-0.949001811870828,2.5881790844599304
-0.015163589012399923,0.012791678201673113,-0.0032139718128723453,-0.005963535033960671,0.18286538581467296,-1.9041042535431156,-1.03671088199315,2.5665356444901763
-0.015405543338332932,0.011599951262638986,-0.0020296746828155255,-0.0068727747930176575,0.22043815478207843,-1.387203275448771,-1.9792599916721076,2.156488292251758
-0.015395241572495314,0.011664112756333795,-0.0021032027651221668,-0.006834781209834319,0.21952837605055212,-1.4284222628209704,-1.933465192999585,2.193790804137988
-0.015405328330924652,0.011736417925211767,-0.00216609771608871,-0.006760356207492207,0.2153958675937198,-1.459552368929844,-1.87194583741606,2.2083574231806478
-0.015467983451304363,0.011560382586576719,-0.0019400865441289265,-0.006816271689692978,0.21319998599386833,-1.3262362054919254,-1.98105775674921,2.068540812673849
-0.01547055176823684,0.011331873862453408,-0.0016952938061262515,-0.006977817183544947,0.21987703070478556,-1.1840370887935034,-2.146487820973263,1.9548693236323185
-0.015523340551582224,0.011493730049014703,-0.0018306478144272797,-0.006788241496699303,0.20787701054260452,-1.255271107144919,-2.003261224083806,1.978362692777954
-0.015499798955561452,0.011410101309157582,-0.0017599361910717452,-0.006881209379850554,0.2139995454493486,-1.2180374379565908,-2.07498915164323,1.9637144322386313
-0.015477042362715705,0.011188685300476064,-0.001529676949443735,-0.007060904792185165,0.22215607791212988,-1.0811499892901517,-2.2413727006862616,1.8649719707721906
-0.015516978989001163,0.011271857907284272,-0.0015983885963169176,-0.00694868166245993,0.2150686253468511,-1.1184672820339046,-2.1609842319921175,1.8714876283630664
-0.015512486914116648,0.011075706078759323,-0.0013778374224009328,-0.007072898905369804,0.21957322056578718,-0.9796112204825224,-2.2915010476072446,1.755867853762146
-0.015537745765121845,0.011140622449824646,-0.0014384615796264554,-0.006997534073582736,0.21480227815200073,-1.0157884381044706,-2.2338844978971224,1.771806137752044
-0.015535908671663198,0.010951478520524003,-0.0012188097511925523,-0.0071017984058406106,0.21828712176546178,-0.8729126142655554,-2.349876784022221,1.6476922190901215
-0.015551072950260158,0.011029614005456285,-0.001303184534478828,-0.007038480333937836,0.2150383809071851,-0.9266936523359713,-2.2933468969788042,1.6864063563972864
-0.015465585073649755,0.010177579273777333,-2.4353854357199545E-4,-0.007452265209448105,0.22855769136963455,-0.17907360336703018,-2.7461366801065377,1.0382747310202765
-0.015436261380748753,0.01007372377203616,-1.0343505664141956E-4,-0.007510083589372219,0.2316375451696304,-0.07352524963465305,-2.800186329855827,0.9530552216628828
-0.015485363089147658,0.010122156978293965,-1.6703484364534793E-4,-0.007422536071909533,0.22515854277759795,-0.12072618484222701,-2.7398635145574803,0.9683484956545138
-0.015277348768733455,0.008898395062378599,0.00154460178512515,-0.007417432509452205,0.23302227297720055,1.2134138580684537,-2.8149786042926213,-0.2954500698092469
-0.015328111506792206,0.008989744109847228,0.0013970587703401203,-0.007390115002978739,0.2278724460745782,1.0951627713916148,-2.8023757556594044,-0.2001022912165524
-0.015305217361771449,0.00894000352782337,0.0014740947050222184,-0.007397810425505119,0.23002512142445752,1.1563298165394238,-2.8048055950500235,-0.25196537126610075
-0.015346089687440006,0.009149665551743583,0.0011809568551591077,-0.007448051073209644,0.2278321087664945,0.9268636718838094,-2.8436454303821823,-0.027218855288295457
-0.015359359193724147,0.009092867624448199,0.0012476798734502488,-0.007396081139641018,0.22500682497279095,0.9772212115262449,-2.8095839234763598,-0.09187686008595443
-0.015388007399340703,0.00904244944205863,0.0012961616110163106,-0.007321059923573911,0.22089148882630855,1.011694668645643,-2.760680350625798,-0.14968434278741283
-0.01538232005913527,0.008999591136450248,0.001352964727114163,-0.007306272594058562,0.22091989400487066,1.0555706084129015,-2.7496596934867785,-0.19441554354023804
-0.015332459335930918,0.009284181997888094,0.0010085156053920219,-0.007535025302347264,0.23203598238973022,0.793801313015185,-2.8983767957124225,0.12694361404765478
-0.01537135720513385,0.009326343187709885,9.354414243674653E-4,-0.007485410066401905,0.22764683043225928,0.7342940385753091,-2.865595655219004,0.16352684187814415
-0.015363516658664077,0.009236058297939397,0.0010589555824785737,-0.007459981406344484,0.22711446509019248,0.8309222353192699,-2.8512104303427765,0.06492775420764581
-0.015387852240004274,0.009187280614987291,0.0011114354858318255,-0.007395878141479367,0.22304617645384409,0.8697327280905743,-2.8106108864558035,0.005957965579242123
-0.015468503203052306,0.010027234857467171,-3.909184836984599E-5,-0.007455012960618681,0.22622326082784458,-0.023970974190006655,-2.776048932845572,0.8830073024860516
-0.015467692963289011,0.00998254854281624,2.170029459658825E-5,-0.007456201096803827,0.22584055812031997,0.022523694597196633,-2.784270268358292,0.837033731414894
-0.01546465410867157,0.009937727333309086,8.279788962170681E-5,-0.007460098738847031,0.22551829360712264,0.06927977647069726,-2.7937177380077642,0.7920519894985102
-0.015451481189523284,0.009904918684061495,1.2826765896363962E-4,-0.007481231469006537,0.2271688764699583,0.10423643317087845,-2.811368486302773,0.765316059819646
-0.015413029037093724,0.009730722749808378,3.7211262991302E-4,-0.007528557046619714,0.22963498131501628,0.2931512528153437,-2.863165706102436,0.5979798149399542
-0.015426190204736573,0.00978203261007155,2.99430557963628E-4,-0.00751321908976174,0.22849977196846674,0.23657833764134445,-2.847582793103772,0.6472255182769361
-0.015458333822096413,0.00987111062794607,1.7388787957502052E-4,-0.007466867243910469,0.22527725798269857,0.13941962899920232,-2.807609194160777,0.7253598402415657
-0.015450506755377388,0.009832525148648855,2.2727990320966262E-4,-0.007476860319045492,0.22599504962023567,0.1806287153215058,-2.819022391411344,0.6885813176166479
-0.015378933051322074,0.009519765164655896,6.704167699838684E-4,-0.007539896093750179,0.23028492271785436,0.5267372183742633,-2.8900665964812267,0.37835562018456376
-0.015418470070266331,0.009658234521587976,4.7065466012617815E-4,-0.007505419077376972,0.22731360217917468,0.3699824001288726,-2.8566305858453003,0.5152272455363752
-0.015399655596864736,0.009614556128812402,5.347414005553223E-4,-0.007528647854056063,0.22944006517665175,0.4202347621904857,-2.8752561546647297,0.475582274548887
-0.015390026127682066,0.009562542870801358,6.086119634177788E-4,-0.007532448931397292,0.22970170319974928,0.478108595947422,-2.8820701598325926,0.42174390257062916
-0.015449068020820626,0.009691376499420331,4.195285441004751E-4,-0.007458745584445829,0.22379128258206285,0.32934738732331853,-2.8244030412000174,0.5369457315224647
-0.015401267589378959,0.009365509408072617,8.714595678351995E-4,-0.0074493033700645155,0.22426710234438915,0.6827260683298578,-2.8413897438973064,0.19817445833661965
-0.015419920477003619,0.009476253989425988,7.170186715268958E-4,-0.007455431960139534,0.22393525118724986,0.56160426544066,-2.8398126165690343,0.31394359750054274
-0.015431702202399743,0.009413146914553848,7.972352025853619E-4,-0.007414426147913025,0.22096253568680432,0.6234625974794082,-2.8174158970381424,0.24079602143755155
-0.015554716874576125,0.010685401990873871,-8.862517266021579E-4,-0.007185549288884866,0.2173862336418921,-0.6436813930466315,-2.475410168388937,1.4278998537607475
-0.015542108896491472,0.010549812538024513,-7.194922396717908E-4,-0.0072502852414981205,0.21961002101715502,-0.5264234796493911,-2.5466988779222794,1.3254795414925378
-0.01555446035354955,0.010620221046791153,-8.047914125841055E-4,-0.00720833385248965,0.21795904275640263,-0.5862868314049744,-2.505613640085048,1.3745150085402882
-0.015507272090788435,0.010332696618962493,-4.456309494558044E-4,-0.007359677913684856,0.22385662095649786,-0.32852169081872407,-2.6599570220951207,1.1577375954205837
-0.015560692299221537,0.010467413725812178,-6.093383716350645E-4,-0.007241808131210337,0.21655790682274367,-0.4458312147448647,-2.5635144603560627,1.2381552125921333
-0.015602624234539345,0.010522365988826558,-6.679817160688855E-4,-0.007159232148915809,0.21141238831795633,-0.4857682271308815,-2.506233847235823,1.2523567302536311
-0.015536879432121923,0.010393055350500176,-5.189643611298255E-4,-0.007298249063212689,0.22001100683905725,-0.3812521319807742,-2.612083606929335,1.1905922696300129
-0.015505333554726173,0.01022563420047754,-3.0385899679937866E-4,-0.0073789529803422295,0.22331344093383887,-0.22314454108366985,-2.694300107826067,1.0565728036207866
-0.015542706341102353,0.01027932945194144,-3.697237378099197E-4,-0.007308662197520334,0.21842652257908465,-0.27087859765507644,-2.643379291400119,1.0805105197735305
-0.015563170355643037,0.010871455570162648,-0.001110269248795557,-0.007096762998326429,0.21522633527499743,-0.7975088939306899,-2.374447483487291,1.563897722936469
-0.015587416611447379,0.010802995748144398,-0.0010176066102956013,-0.007088058660412702,0.2122640313169453,-0.7322916240692553,-2.3918575053867954,1.4905258260486305
-0.015614189381976097,0.010727621415123954,-9.16331420894346E-4,-0.007075244026361539,0.20915256640918753,-0.6604520483473647,-2.4080958290263363,1.4093350966602538
-0.015303784858798755,0.008848237073883328,0.001589633625835405,-0.00734046820166781,0.22906371098259024,1.243856362549579,-2.7622458931635503,-0.3500009448590485
-0.01526182944328628,0.008812195511080608,0.0016630536766480913,-0.007384386134474181,0.23400132500246576,1.3052003527791591,-2.7873451350319383,-0.38809556380912263
-0.01526110988444496,0.008761680419216657,0.0017257118226137096,-0.007349380691026453,0.233369019149991,1.3519237900547116,-2.7605345957549967,-0.4414372272008305
-0.015255016538807148,0.008709203597043597,0.0017938053118750179,-0.007320306201100579,0.2336859447710196,1.4034535089044908,-2.7366593820430225,-0.49648574737881396
-0.01525225190132238,0.008660033941475229,0.0018545832949711106,-0.007287031150434039,0.23367123268713627,1.4487310584702342,-2.710009530587825,-0.5472857019215792
-0.015204390030493892,0.0085901329667803,0.001975428251339929,-0.007306998523486726,0.2393397150907389,1.545905031327969,-2.71344854744655,-0.623599544639501
-0.015197430904342462,0.008542845093248144,0.0020364080032644425,-0.007278323335586228,0.2399484315920227,1.5912124704645985,-2.6885694351347595,-0.6722066154216665
-0.01518651805089514,0.008495841264903705,0.002099796722555269,-0.00725485685243953,0.24095230467189824,1.638726881818888,-2.666421632288827,-0.7206122463829082
-0.015171664411866258,0.008449663047795921,0.0021652790069152,-0.007236906593767529,0.24301610497189255,1.6883112217302305,-2.647475551713383,-0.7685175902871421
-0.015186294215433566,0.008364342134730557,0.002245958955640167,-0.007136871078376566,0.24125141115146417,1.7402074739095454,-2.570173408741749,-0.8457243270596518
-0.015195918363681582,0.008412436466106486,0.002184813034482014,-0.0071663297330570724,0.23973200444533238,1.6958756733486784,-2.5972801812511683,-0.798748969722631
-0.015253135413100555,0.008608332821573111,0.001914515082636573,-0.007244860233664277,0.23324942850664934,1.4921127498386129,-2.676939845162338,-0.5992209320223377
-0.015091223637563714,0.008263513149435006,0.002445703778743619,-0.0071814939198764785,0.25358582781046163,1.9017646911607682,-2.5760023858754812,-0.964239591873296
-0.015139720799925527,0.008268149419356696,0.0023927052746432185,-0.007114396790351666,0.24710407226413902,1.85146614580066,-2.5363001710704,-0.9454624202525939
-0.015171726428343583,0.00830266537626583,0.002325468307918618,-0.007100623942228734,0.24282966569720804,1.797506188252646,-2.5356976720856017,-0.9053455167902948
-0.01500068946897816,0.00807128150352976,0.002738966869572031,-0.007109701573665253,0.2668614273089181,2.1204922530214563,-2.4829960035341005,-1.1647767282547241
-0.015050353572046657,0.008090944326505865,0.002665157825046442,-0.007060866104937116,0.26016926968839277,2.0553262246099355,-2.460143852756436,-1.1287066993952442
-0.014938017287289272,0.007874118932648942,0.0029970071926508214,-0.006968553188504918,0.2777212513479703,2.2955503930305556,-2.3384479245045315,-1.34786533225717
-0.014962494291206106,0.00791620952828058,0.002930023878187906,-0.006985549283483433,0.27359417600935654,2.2472941588419104,-2.3627085721367114,-1.304857936138134
-0.014977134580821621,0.007965682367080503,0.0028672660374087218,-0.007023083852183046,0.2710702716986322,2.2056570641214646,-2.4003146348942717,-1.2602915915121213
-0.014988275355000413,0.008017313124538484,0.0028055133166306413,-0.007066644157774026,0.2689793831230158,2.1651867163952723,-2.441677610579221,-1.2143546507490752
-0.015051031033232118,0.008167920822816773,0.002587019293608063,-0.007142111097107746,0.25968858781121384,2.006743224417571,-2.5288581468570475,-1.0627816098037772
-0.015070567963902765,0.008210676188658074,0.002522337003974279,-0.007158209400230479,0.2562181111894928,1.9586561166914025,-2.5492438566451434,-1.0184509076922994
-0.01506261342132826,0.00813170841188116,0.0026114975198040236,-0.0070870669878884355,0.2574232693057406,2.0176690409272524,-2.4867824870638744,-1.0897780548623168
-0.015092897963627238,0.008110673056420959,0.0026004471353275735,-0.007021829129165438,0.2539642182514047,1.9990574177245908,-2.442869902622068,-1.095950876808723
-0.01490431523729037,0.007833336848548728,0.0030738112840402046,-0.00696386136009603,0.28334496289109984,2.353921568476761,-2.320718369054505,-1.3945570182196956
-0.014955546382057506,0.007838556762590336,0.003007479656223989,-0.006903055236877222,0.27539633968358335,2.2908860303628455,-2.2899908386869554,-1.3644634039224262
-0.014891416384761009,0.0077764616802919895,0.0031386954567112417,-0.006910657895189483,0.28581086942837214,2.392933047937703,-2.2699575653615356,-1.4409639044317266
-0.014831835755493333,0.007639474335741497,0.003325419741834219,-0.006811675309387798,0.29693788418928363,2.5134699449043985,-2.1604546723610714,-1.562130736608586
-0.014872157026020608,0.007721121019154328,0.0032088106951516436,-0.006866032711160305,0.28938868767954157,2.437006044330365,-2.2238894045403623,-1.4881339632073374
-0.014866863893416168,0.007673516651794008,0.003253857162868137,-0.006812452957650328,0.29066309401066087,2.4592245122997465,-2.1763780869508187,-1.5208462189191694
-0.014882485306503332,0.007639875899976267,0.0032603678487623925,-0.006750829825407896,0.2887852439358847,2.450238823779931,-2.1310135741084113,-1.5319098161290874
-0.014745149172660914,0.007486886335091466,0.0035528010972299836,-0.006711231283366591,0.3132356088730506,2.660170334523819,-2.0367212176469587,-1.700014238458304
-0.014809298280911985,0.007584716642519017,0.0033964888245374895,-0.006767401492589411,0.3012635589768787,2.556751499034514,-2.1130675379624866,-1.607386490368121
-0.014779162640260406,0.007510238362754602,0.0034905861017268357,-0.006703881264840283,0.30725170896693527,2.6116656733629955,-2.0461992185778475,-1.6661708395967312
-0.014806635699619227,0.007537766809577994,0.0034344422346002735,-0.006708762474465259,0.3019476040135268,2.5708425097747716,-2.062643672758239,-1.634429684144083
-0.014750004800186881,0.0074441541780036384,0.003575357013424211,-0.006647712721703956,0.3129480625351178,2.660110704804188,-1.9857428487285016,-1.7174257308715732
-0.01469945603597877,0.0073821086024584886,0.0036853274912841886,-0.006617707147013151,0.32271057838111394,2.7337159358424117,-1.9370670538050454,-1.7793141646383293
-0.014750665673505255,0.007397695308131613,0.0036049661779497086,-0.006583872325371527,0.31320535893980006,2.664920001659232,-1.933176776001982,-1.7379068716308275
-0.014665277055105447,0.007290149113651141,0.0037892925952314736,-0.0065248062911631615,0.32957124215525596,2.7831275480275686,-1.8441545541575197,-1.8391447133436138
-0.014688007025121862,0.007332898315591413,0.003731872527548336,-0.006561297787295973,0.324713783956837,2.7519088559207003,-1.8849315934640174,-1.8072426188724726
-0.01467588813238156,0.0072450346386620755,0.003800106542843778,-0.006450624868650137,0.32831517180877684,2.7691829995387898,-1.788652342989675,-1.847562217869674
-0.014584992776296006,0.007207312214329017,0.003950659298660034,-0.006486140367369408,0.34535990645975406,2.8899424344460805,-1.7729456503553573,-1.9250778172632572
-0.014630280532985802,0.0072240768902745115,0.0038762469956412355,-0.006466015502773814,0.3365684557207587,2.8290865768920166,-1.7789150533445872,-1.8867901796513415
-0.014425507228376627,0.007001826522356566,0.004285419039391859,-0.006323486570637597,0.3787006778441924,3.0773619545658817,-1.5594328011732876,-2.0931818815947056
-0.014454174578556835,0.00703478311265246,0.004228086849790932,-0.006349385337628108,0.37251191875399,3.045353530626377,-1.5952149452392836,-2.065558344723096
-0.014569181736128301,0.007152720630021184,0.004001958160560566,-0.0064216090942462185,0.34872214338789886,2.9064744239873903,-1.7126023068139398,-1.9523124896488873
-0.014478107533045624,0.0070741533540854,0.004174703543991686,-0.006388104701241564,0.3677069183012896,3.0204400821652775,-1.6388087201896293,-2.0396129139277464
-0.014520774378427694,0.007115244778062046,0.004091733898521313,-0.006411238634123787,0.3587897762205498,2.968202009261226,-1.6795703566016404,-1.9980045217197768
-0.014415021714315331,0.006926856654352764,0.0043299591078300005,-0.006217370302210686,0.3809500007850839,3.06895343386304,-1.470662369176958,-2.110289802785321
-0.014448210113118604,0.006963111802462964,0.004266035269600025,-0.006245743337759148,0.3737917712567355,3.0343708796243583,-1.5103604614574655,-2.080734443087929
-0.014382395656633335,0.006861379886745087,0.004402126860953358,-0.00614235041123511,0.38751948293084454,3.0908823654079502,-1.395424756045731,-2.1402812346510625
-0.014422695608341207,0.006878740197651164,0.004335099290123019,-0.006138309352175022,0.37910654740440886,3.0422460023243496,-1.4142611770466533,-2.1082652263912256
-0.014290225156511358,0.006796021657532775,0.004564406776003226,-0.006107419808622726,0.4074639474903741,3.191027551572987,-1.3177321195894012,-2.213681139210206
-0.014352376644634781,0.006820327149568887,0.004460855574849224,-0.006101310347536184,0.39398131960894467,3.1154925663993818,-1.3480264564062043,-2.164850223341897
-0.014235531472924187,0.006721221946626559,0.004668827170579585,-0.006025867498195495,0.41913175609672276,3.2291159430398326,-1.2257866945034286,-2.2535525577629727
-0.014285792163961718,0.0067374384134846685,0.00458616457709139,-0.006018712964896436,0.40784021494692096,3.168373387082554,-1.249448957830948,-2.2152011235891957
-0.014217450412965418,0.006674491538537057,0.004706959457368377,-0.005963238473500432,0.4223523057020046,3.2276128703851295,-1.1696683073923062,-2.2634709886217634
-0.014148411687782836,0.006557808883859369,0.004834333839870333,-0.005817899996116933,0.435885025779434,3.2475678944044755,-1.0265379327405177,-2.2995109060116268
-0.01418898215357889,0.006626634118869815,0.0047604149206957784,-0.005904431977258241,0.427995470249841,3.237652645549617,-1.1110011324945024,-2.279681010325842
-0.014180213108138632,0.006579850625465182,0.004781314732883845,-0.005835607271062393,0.42838481511116927,3.219931357999677,-1.057704803318051,-2.2791924714989276
-0.014158772735032006,0.006520364168880232,0.00482236988157077,-0.005753679120733863,0.43195035007811383,3.2084444222713655,-0.9889679356720811,-2.284218715266184
-0.01403154916767263,0.006411277782696211,0.005030251818731045,-0.005640439832427255,0.45851849861255506,3.290716792360023,-0.8369923108455187,-2.3509393123003233
-0.014089294821949523,0.00648578772806913,0.004934911439703636,-0.005733228826464057,0.4475103877561182,3.274032972593545,-0.9333129499618013,-2.3284333411360922
-0.014063652628352711,0.006445925843983659,0.004978010267587264,-0.0056817009811927915,0.4520857397348596,3.2770723792551775,-0.8835648905166099,-2.337232726745881
-0.014139211564041127,0.006482008004023168,0.00485667550408909,-0.005703481026651542,0.43530409096252326,3.207179156488594,-0.9435103732461282,-2.290533977505745
-0.011104191830110752,0.004620566872875839,0.0075780861513065805,-0.0015331495670001408,0.49043008951574935,1.6690091621665284,1.9329210464379063,-1.043557549390816
-0.011372635393961082,0.004700677492987221,0.00748582948184892,-0.0019139787603225718,0.5369475395117252,1.9273491117112795,1.8215290596649216,-1.2690553644605045
-0.011153904203758575,0.004600413683428659,0.007529013957717173,-0.0015833580434142468,0.4886731301445281,1.6929855710278283,1.8910552732183414,-1.0767502468276835
-0.01120302295249513,0.004631042602084877,0.007529667465987064,-0.0016623210851154765,0.5025840404657808,1.751790597157159,1.88298854288133,-1.1225012417023892
-0.01126550915075591,0.0046445781608344125,0.0075033710297335654,-0.001747116655347444,0.5117698004742229,1.8075162075503275,1.853985514203172,-1.1729891454092076
-0.01132154166970154,0.004668785265793524,0.0074899459783150405,-0.0018307381641060564,0.5234345272374039,1.8661111255967542,1.83437168795116,-1.221586491864585
-0.011434653706981726,0.0046679306625088245,0.007409418704809404,-0.001963134982090378,0.5290591877667091,1.9414258362217744,1.7589624015283325,-1.3002472419299165
-0.011697389120959443,0.00482165096816732,0.007345670224353789,-0.002381535692845108,0.5846838336864132,2.235829024685288,1.655196866747241,-1.5321405906768903
-0.011660296539969282,0.004775336359878389,0.00733384570159326,-0.0023012670764802757,0.5691967019832309,2.1715433472602204,1.6586810218857069,-1.4887228018743792
-0.011492467907258322,0.004693951036176372,0.0073913185003393654,-0.0020487226198898684,0.5396325976310711,1.9998557332403533,1.7348653497173736,-1.3485767971395717
-0.01155377191962584,0.004713928896261646,0.007362927354590545,-0.0021333200888254693,0.5475602569768808,2.0545685495515102,1.7029730556286775,-1.3963427158980812
-0.011618921875420785,0.004731719874859194,0.007327365501414435,-0.002219727683176543,0.5546766716575763,2.10825666306221,1.6653218189702663,-1.444533530582922
-0.012740905433183652,0.005330410112009548,0.006604988266844958,-0.0038518733033376623,0.6250562811286984,3.0445442453577485,0.8171784114596502,-2.208407892753057
-0.012471934976975851,0.005198210249330686,0.006853310850082615,-0.003503992539870096,0.6378255919170356,2.8991375053323205,1.0803529230459885,-2.081797907107347
-0.012513811513391126,0.005198497429058399,0.0068016072081209964,-0.0035347911611654987,0.630796761761735,2.898864135396669,1.038174436207103,-2.0897192138245373
-0.012663305646461917,0.005305590238864881,0.006690133781336813,-0.0037721869714786092,0.6337737331232608,3.0263466124980556,0.8956912008363993,-2.186294580932179
-0.01263342433527645,0.00527003274208451,0.006703278339062996,-0.003706816005533945,0.6296224768596552,2.9832861918605578,0.9247233155094751,-2.157456992885846
-0.012557326434555312,0.00519588971747522,0.006745370773487251,-0.003561950953631662,0.6223664692654451,2.8934632947159997,0.9946366301745023,-2.094497156974275
-0.012602103028194325,0.005225265701856663,0.006710691174946564,-0.0036290492344600374,0.6232499108778832,2.927936043405896,0.9531537656814625,-2.1213859953404413
-0.012715333197642509,0.005294039119101443,0.006613615065442973,-0.0037887703900597387,0.6205271578135408,3.0015839070486106,0.8433325654300475,-2.180558690658198
-0.012797628306244655,0.005367759485603059,0.006554206519614706,-0.003933913566848672,0.6227961643645997,3.0804700651747527,0.7582627990663381,-2.2366091755858615
-0.012787899197301007,0.005324963538255081,0.0065386650147669185,-0.0038710903583712053,0.6140144520820304,3.026228664933176,0.7706741911139624,-2.2048561212161144
-0.012976902690161777,0.005448888688755847,0.006358624438097962,-0.004132658339084516,0.6031244194060991,3.1266391975699324,0.5713273300535927,-2.2842810153764517
-0.012930184223682457,0.005413852672112293,0.006402403092656051,-0.004063333053741027,0.6054138167452096,3.098897882519537,0.6224563588508011,-2.263575370542337
-0.012840883971606107,0.005376106127303888,0.006500999184858892,-0.003968138289147532,0.6156697084639152,3.079111794928696,0.714587867111871,-2.2416051737667586
-0.01288493284888533,0.005390968101660575,0.006450394820672815,-0.004010506801113075,0.6098589949606364,3.0847079979193217,0.6696645870881889,-2.2502782919413704
-0.012089104575057172,0.005006981528411666,0.007135166825973275,-0.0029606044883589244,0.6271805259266782,2.6017141825046974,1.40219925423522,-1.8342327742546993
-0.01177220463285722,0.004809442166699767,0.007268040881158225,-0.002450806847305645,0.5791604408349679,2.262174246283514,1.5883876698432975,-1.569608472175135
-0.01205576759469477,0.004969996433322319,0.007137693577768508,-0.0028901957254723813,0.6176914375816523,2.548422066136269,1.4182673597664348,-1.7975670217451611
-0.012013441035596303,0.004937998932707734,0.007153041470035453,-0.002816846421356277,0.610423962213365,2.4982110577692134,1.443442772093283,-1.7599645709310614
-0.011952351164394501,0.004918611114987672,0.007197204662325235,-0.0027377855963189135,0.6082336827078761,2.454517740584066,1.4891674373468378,-1.7205094967911267
-0.011897811409429833,0.00487567775763057,0.007211727118879788,-0.0026414162294424236,0.5966380184222874,2.3866819712395153,1.516754130865033,-1.6701723020707078
-0.011840326570880152,0.004840820001426031,0.00723448107107985,-0.0025500948774485536,0.5874881006677715,2.3255080619900834,1.5484137875545292,-1.6221424606693022
-0.012440460353616484,0.0051696774905354926,0.006869448764946068,-0.0034454034328264683,0.6342648737002016,2.861448543646364,1.107116476262264,-2.0549025620722863
-0.012200652162531786,0.00507634057272187,0.007073479809558179,-0.0031385071175280004,0.6385133628799075,2.7139388223722887,1.3206276505275925,-1.921847225125142
-0.012170901237275886,0.005035318238896232,0.007071204054821578,-0.00306631769864279,0.628077123286825,2.6573368974553895,1.335366538511388,-1.8844803339085578
-0.012137685190708887,0.004991053964621888,0.007069276564232217,-0.002988265548277026,0.6171725802110862,2.596857735165299,1.3506747177885874,-1.8442817154822329
-0.012258699433877317,0.005073846472329322,0.007005641325585495,-0.003186159258220887,0.6301702430649941,2.7220571713650363,1.2632715353878472,-1.940110652294228
-0.012403507913563839,0.005135460512476505,0.006886895004966617,-0.003375828626965677,0.629704669288819,2.8160480903495473,1.1371237754772803,-2.0225710274360336
-0.012366058811178735,0.005101560289897437,0.0069041641553017575,-0.0033063646360119692,0.6245424215794713,2.7705745701498805,1.1663048330075334,-1.9899771881467234
-0.012319909648804667,0.005068971568854882,0.006931517196834437,-0.003231502763236902,0.6209021060417629,2.725618971984218,1.2028222363759193,-1.9557157135309386
-0.013922601646309813,0.006312739742070107,0.005202696102168108,-0.005523517912703508,0.48073546505881776,3.3426192989514285,-0.6941883943412496,-2.39583523152401
-0.013879686276397943,0.0062892522914893174,0.005270099929262345,-0.005499148681785534,0.4906195419380534,3.373193815049325,-0.651405995688064,-2.416542069627695
-0.013876403036606498,0.0062388697671897425,0.005271105640246315,-0.005419510765827272,0.48764304013155174,3.329574616992621,-0.6019601550608528,-2.3981962394532386
-0.013972714969964573,0.0062933200476656065,0.005122468281140026,-0.005476179482751069,0.46681628087137444,3.264762155675897,-0.6976393857876914,-2.353853113306647
-0.014009650098317198,0.006326709721921152,0.005065334470768622,-0.005515592302609333,0.45961894775428286,3.248775684412592,-0.7446728837837232,-2.3398643755323048
-0.014044017680078257,0.006359635103433231,0.005011555094620525,-0.005554082430126576,0.45270221686521855,3.2340146292779757,-0.7897703146680045,-2.32637560594738
-0.013812427840606512,0.006191459167730381,0.005367616001298539,-0.005359975224469088,0.5008649957712636,3.357894568733833,-0.5251635800971032,-2.4198615510847863
-0.013862580974246459,0.00619123778209518,0.005288161073124756,-0.005347789023232904,0.4877920859692577,3.300297818010098,-0.5518326360898919,-2.387077146287496
-0.013714497048358866,0.006036938498109464,0.005495684021041509,-0.005133016139190323,0.5124313526411025,3.304913101952445,-0.3376954448929967,-2.4039088009175233
-0.01372771630125092,0.006079847154900998,0.005483622682016488,-0.005198562039107882,0.5134422048373625,3.336627722106127,-0.3802332341074227,-2.418486574022278
-0.01377654497215251,0.006148959599908231,0.005418583749131073,-0.005299801271273117,0.5067438708476993,3.35555661902513,-0.4674890056587188,-2.422965706171295
-0.01376271953380502,0.006101339101396231,0.005432507218161611,-0.005227036238050487,0.5054875470934671,3.3216346725289667,-0.41922077564260174,-2.40820588076988
-0.01369082687607879,0.005992357410440139,0.005522696956340562,-0.00506630021886268,0.5139058775656439,3.2813248176712064,-0.288631353307639,-2.3936060466121067
-0.013044830041740618,0.0054608781560241074,0.006270486943995614,-0.004176949084085473,0.590393546377259,3.1129490770623014,0.50469096955723,-2.2832371242701712
-0.013292051439689683,0.005717507326722224,0.006040700873870281,-0.004623449818371538,0.579523029011299,3.2995842362508188,0.188444099399254,-2.4042816305531027
-0.013263654907153881,0.005668751662423895,0.006060942585445379,-0.004544407400706107,0.5782515340735624,3.256792468069903,0.23580833661388678,-2.3794952973652634
-0.013227546483978099,0.005624348582567429,0.0060933296589252,-0.004470118244867747,0.5793006637117918,3.2235491073102764,0.2862883048855766,-2.3592097543955437
-0.01309238756432845,0.005477467679661368,0.006212802490467007,-0.004217749411134202,0.582778091715038,3.111871011218778,0.4566704663206746,-2.2869117781162243
-0.013134041885022202,0.005499671661023192,0.006165758624783244,-0.004263199098805796,0.5777139449764004,3.119186398890467,0.4128017324444242,-2.294421113141748
-0.01318807663841964,0.005575189780511331,0.0061268320803879945,-0.004387801094912577,0.5795703785960215,3.1848191525379623,0.34000371579634475,-2.3351948728513676
-0.0131705803462319,0.0055227775634870534,0.006125718105340046,-0.004307434550924038,0.5739073592134952,3.1289688308564796,0.3731190685869105,-2.3026619295254327
-0.01355407773969012,0.005949996853364895,0.005724534364903225,-0.005007316280997257,0.5447562682712234,3.3671218455987133,-0.1632070205737157,-2.442923559360818
-0.013458336118002701,0.00586571456195629,0.0058461537158770545,-0.004872883341202912,0.559119191609033,3.3534726857417856,-0.03326948205454413,-2.4369931967266933
-0.013527267135850429,0.0059092464971638795,0.005753773790919619,-0.0049435470445185195,0.5466997209918647,3.3440087878152407,-0.11505951652224121,-2.4315152941148526
-0.01350250519076752,0.005876113791583866,0.005781357991110981,-0.004891440993940618,0.548885974879556,3.326992312484735,-0.07438524499313554,-2.4228778239319237
-0.013362015745533699,0.005752285109385327,0.005950007075878624,-0.004688353214128421,0.5671596007943726,3.2918443558949706,0.11076815577034531,-2.402586084238402
-0.013345786005564998,0.005720023114202268,0.00596099525715849,-0.004637164497086136,0.566357236922251,3.263687744566574,0.1410934891533768,-2.386729077544383
-0.013416842079309252,0.005797616330584402,0.005884736293946547,-0.004764393365805041,0.560406006549964,3.3046225370106526,0.0409496386181299,-2.410661913276593
-0.01345713801122806,0.00581009189635811,0.00582797120634359,-0.0047873431329934,0.5513851785377683,3.2867104343170515,0.001420335253685611,-2.401565614186993
-0.013391733259926463,0.005768963769161007,0.005911727582032267,-0.004717826127300216,0.5619068190085125,3.289409914311326,0.07727855826894359,-2.401992953286286
-0.013608706469308325,0.005946414092625401,0.005638335345181513,-0.005000493084337274,0.5299972562454948,3.310576695915881,-0.19995568095109087,-2.4122144423915906
-0.01366722713450864,0.005944962448438479,0.0055478139259498805,-0.004995256248752373,0.514896144997556,3.253259050754726,-0.23886571195612108,-2.380497813852751
0.006594193681599949,-0.013997060012561747,0.005954206357948298,-0.0050767276565003025,-0.10761461830300424,3.579384634947181,0.041237267768832575,-2.5729449442201564
0.009272207372461795,-0.015242852360352308,0.007687217650415268,-0.0010651537601688828,0.2065987259929605,1.8249289631391652,2.7402840312286,-0.8202283630907282
0.009307011279327418,-0.01527630999717481,0.007643224141191808,-0.001001605566259012,0.20126628207658828,1.7544754664693787,2.728679323313599,-0.7726606467826523
0.008916101255183813,-0.015143392189290566,0.007657058197540318,-0.0016118211481217766,0.20475997047542793,2.2509254324116963,2.574960679095881,-1.2082084983963446
0.00888252387341082,-0.015163673361605042,0.007598442028272091,-0.0016422240670886082,0.1975138342721474,2.247047900057371,2.531203529334603,-1.2255869837197586
0.008958248269403514,-0.015160778379704646,0.007655332398375944,-0.0015434388606802801,0.20421476111666553,2.1951167346461147,2.5942899941777084,-1.160423891648188
0.009192071249514972,-0.015250724239264336,0.007634270210415313,-0.0011724042325541543,0.20094265147437826,1.8874305588590075,2.6825713907272335,-0.896075482685136
0.009227827169391543,-0.015262995116197256,0.007630363694915642,-0.0011172099487936832,0.20001341906620101,1.8415944643053517,2.6938616649430034,-0.8561994003450474
0.008988803913534552,-0.015190230592371406,0.007623844532752875,-0.0014831890555443274,0.20051437428711408,2.1318590140112534,2.5931589809194553,-1.1164396582712233
0.009078554938593369,-0.015204192240901178,0.007654323787747891,-0.0013532158152752222,0.20387372329874784,2.041641787154722,2.647421175112589,-1.0261090991761483
0.00904487300346423,-0.015208647847067488,0.007626502630167994,-0.0013963011977960185,0.20065479597226885,2.063349494747427,2.6190934824225915,-1.0553617875259524
0.009013880533967886,-0.015209509101324542,0.007606069677748318,-0.0014374597434425504,0.19815753426586424,2.08683335674253,2.595547368798266,-1.0833251707717164
0.009153283620813624,-0.015273858578686527,0.007573672586525393,-0.0012132251609131143,0.1939106850351395,1.8929397975374458,2.636236247822626,-0.92299844239556
0.009122352483634463,-0.015251280489545917,0.007596492244559993,-0.0012670852247082854,0.1966454531804391,1.9460820167686688,2.6358329385028707,-0.9623308864676617
0.009094535830118478,-0.015234240737749002,0.007610782657574306,-0.0013142072883388064,0.19869105787548624,1.990377776419344,2.6318979439428114,-0.9965538238036965
0.008665179975567538,-0.01507529136413271,0.007580258782437211,-0.001991853553731097,0.19455945096444258,2.517106335904808,2.4066265753228895,-1.4615938959943364
0.008690024766399032,-0.015089712671660113,0.007576819914724263,-0.0019482127852591268,0.19437117287046568,2.480631009755442,2.4195981407072087,-1.432150276519148
0.008700171099874691,-0.015112480308636071,0.007546855323716193,-0.0019166011885407234,0.19067183953293323,2.440304801256917,2.412862240778396,-1.4084181807852045
0.0087287980828994,-0.015125597096631582,0.00754785994650817,-0.0018697430478499864,0.19111098936816487,2.4035245794190385,2.4291406290916995,-1.3769784113496593
0.008799474154471793,-0.015148029937696917,0.007564678775968993,-0.001761824014318516,0.1934171683081091,2.3259102177072215,2.4740484100155586,-1.3051342506037895
0.008767435149045419,-0.015146647756856,0.0075426241291640115,-0.0018040238953096097,0.19035623300730528,2.3487058488754293,2.4476384022804534,-1.3321652660627377
0.008825757417045148,-0.015161375814824924,0.0075615248528557244,-0.001717945016102557,0.19288719102534424,2.2894617766703287,2.486057655880494,-1.2750124456220675
0.008851717826297472,-0.015184849468419,0.00754039550427726,-0.0016673818910164333,0.1904988741160447,2.239273355022099,2.489529290770136,-1.2389662333723324
0.008876945816451175,-0.015197111074425316,0.007537336815971993,-0.001626092136075162,0.19022336882584936,2.2050270469137,2.500264440171293,-1.21043375072648
0.008473122104206273,-0.015038446981607357,0.007468024899919775,-0.002261106927969682,0.17883963682737836,2.6717892378572965,2.2444084185308735,-1.62688343679878
0.008432012527352947,-0.015046398318804142,0.007415871749154619,-0.0023018994601476414,0.17193219608305352,2.6763087930570246,2.199323554293622,-1.6471166222768185
0.008503576167150044,-0.01506128274246137,0.0074597329752187575,-0.0022033319814560907,0.17830359565452547,2.6221684578810023,2.2613226808590596,-1.5887670434210512
0.008633602298898566,-0.015086376321380058,0.007534761454845751,-0.0020220667435891676,0.18892282747018171,2.517929178024271,2.369753236357108,-1.4776281805763254
0.008539786320397801,-0.01507990300955221,0.00746271309918655,-0.0021428164154410696,0.17897488941210327,2.576271336568732,2.285175024701229,-1.5499260611865884
0.008585952187766949,-0.015095283819381135,0.00747870565923344,-0.0020731460583067675,0.18145410645111926,2.5297327732340444,2.319370601284437,-1.506095211441908
0.006643435347841796,-0.014050830928801404,0.006008458905503458,-0.004981814554798847,-0.0956339252186802,3.571304580381786,0.1239681401522821,-2.5670045611118266
0.0066175125705113,-0.014026765195666655,0.005978051133159441,-0.005024856332218154,-0.10176131356216085,3.5710067707042525,0.08471726639429035,-2.56779074376858
0.006640165076253833,-0.01408781944549022,0.005982614901987634,-0.004920934828111103,-0.0939270148535246,3.5229477744930153,0.15687281320224866,-2.5406320335688988
0.006674434554025144,-0.0140972785002364,0.0060337326610925,-0.004900479491693825,-0.08748080046267691,3.548391812852587,0.18761655575267236,-2.552952093913922
0.006727053384050745,-0.014131999329034084,0.006099742190109401,-0.004834307354576537,-0.07662870496367268,3.5607790362774288,0.25437163720474315,-2.556622565991533
0.0066885295335178925,-0.014132995479964843,0.006035873711242646,-0.004839519029361842,-0.08327517074912606,3.518811054763266,0.22902246898082126,-2.5357386717936747
0.00674808289635505,-0.014162171998401871,0.006115262879006694,-0.004780608175331815,-0.0715190878000544,3.543469519734017,0.29543576043611236,-2.5454741508257577
0.006773504653703795,-0.014191484524733235,0.006137640221765588,-0.004727266698511562,-0.06588248274574547,3.5306964086453,0.33840110776053484,-2.5363100319218
0.00680396412251406,-0.014213544378132067,0.006172258958075359,-0.004684161526476279,-0.05944258755807549,3.531379374336139,0.37879273963039856,-2.5341236006887518
0.006804755860944187,-0.014252627125591584,0.006146524294333676,-0.004621024933237488,-0.05778826745193814,3.479907500346338,0.4103264354531367,-2.5047596546356528
0.006850464600656171,-0.014302420330558452,0.006183646514978629,-0.004529205843166101,-0.048169240394374514,3.45475366741969,0.4821051415115594,-2.4858964221345308
0.006818113475907725,-0.014285837439496182,0.006144453477624532,-0.0045646587953626005,-0.05482048313263464,3.4480122868959553,0.445314936912985,-2.4852186963109175
0.00695587570168839,-0.01435781653791144,0.006307024352100672,-0.004407325605021605,-0.02818863144526969,3.4685972558401876,0.6053788959805751,-2.481769194879998
0.006884832577754324,-0.014321089337535342,0.006223975286667577,-0.004489208329144691,-0.04188132918539355,3.459526953939132,0.5224580329955679,-2.4849269286008497
0.006917157533990713,-0.01434009997366702,0.006260257422024368,-0.004448700979858901,-0.03564793353901047,3.460965921474493,0.5615986800816358,-2.4820590126832056
0.006956762898107029,-0.014399956762768083,0.006274360405832772,-0.004341473959451903,-0.027696096472043793,3.409250848648204,0.6328646080366188,-2.4472603350418844
0.00813897681736405,-0.01495201011449749,0.007254989515393231,-0.00272426308290527,0.1462367698374124,2.9135452977886156,1.9383987531986022,-1.8853675454626966
0.008111695305520476,-0.014938343910392279,0.007244366666050233,-0.0027678732261872075,0.14401249816193254,2.940444773377462,1.9137127094657713,-1.9094876371858631
0.008077036615624313,-0.01493836566489237,0.00720480864253431,-0.0028031760960533507,0.1384814319162608,2.945005403176517,1.8768918603685338,-1.9240604797112086
0.008169102394931054,-0.015005407178732144,0.007209337988872044,-0.0026341781618648263,0.14241513756986737,2.82099214255248,1.95193622034757,-1.8250380298318583
0.008139125086606785,-0.014992473950472998,0.007195687909647191,-0.002679259338722794,0.1399086548899442,2.8474048546158737,1.9255392320448375,-1.8498157454731483
0.00823025140756483,-0.01500451617161462,0.007276150999437994,-0.002570472265264603,0.15150754537174968,2.8087048662256575,2.0148787580555125,-1.7961842495273557
0.008196913737995113,-0.015024453422239896,0.007210989853331418,-0.0025847059944502436,0.14355665897686096,2.7846559428257525,1.9734765588932481,-1.7956003634082578
0.00816817280811425,-0.015036635144762342,0.007162538203633773,-0.0026016527048849727,0.1379197836361932,2.7718238907099577,1.9403539281321636,-1.7988134635524662
0.008296931458300166,-0.015000170534859913,0.007352847687424355,-0.0025021629654527595,0.1617719118405185,2.7977317031093514,2.085081895372134,-1.7648024434388778
0.008329086575781906,-0.015022063256835555,0.0073520582073323204,-0.0024437319997916746,0.1624009541216196,2.7523337655800155,2.1081698399393782,-1.728481438959127
0.008360788327347239,-0.015045597997512847,0.007347375745188771,-0.0023844005504432084,0.16266912859011332,2.704298361140058,2.128997519046026,-1.690982151169803
0.008260003943308935,-0.015024599814939076,0.007277091014702323,-0.002517271040465282,0.15244252070639872,2.7687662505756996,2.037178729953957,-1.7639379062627716
0.008394310520477611,-0.015071654123287568,0.007339637281175885,-0.002320874586242982,0.16260966497293514,2.651330238948692,2.149271933893725,-1.650220744297202
0.007906927029169206,-0.014847058014913333,0.0071308005677591735,-0.0030774031769659304,0.12323150961957142,3.1057924473196263,1.7123115446923018,-2.0678226079526927
0.007928346271122905,-0.014877635895111329,0.0071149634813822155,-0.003019762422886566,0.12263941686309307,3.054594896719514,1.7311130122482052,-2.032775785588931
0.007966551743905757,-0.014890387049853942,0.0071434610845094665,-0.0029681409568063787,0.12750759787212365,3.032879284338161,1.7699433953622652,-2.0087562724834442
0.008001637315371849,-0.014925062281637718,0.0071364072915894175,-0.0028931678516456952,0.12830852999265138,2.9737340211810195,1.8003444629708636,-1.9649073634621448
0.008034448927937381,-0.01495563848021998,0.007131257045992183,-0.0028257397489788,0.12935158559154583,2.9212060115638754,1.8276795999500812,-1.9253634699271525
0.0078078425304411204,-0.014806750652599662,0.007060081428460776,-0.003218083725547194,0.11058403567274215,3.1666659741851824,1.6078481601684824,-2.131600824931393
0.007840239829981787,-0.014830210189457627,0.007070100191215476,-0.0031594213444073077,0.11338857110205737,3.1302713695177196,1.6415276423592853,-2.1017212589751986
0.007866264037304182,-0.014862249746675103,0.007059614111468294,-0.003095853025279934,0.11420362491832604,3.0782524296383698,1.6664433572304385,-2.064937324548328
0.007769262493455851,-0.014824085899590863,0.006987768266082031,-0.0032292359739667085,0.10172190633529608,3.1322850407075404,1.5656112459896476,-2.1232092439810657
0.007513588518555949,-0.014663556738712063,0.006841453975159658,-0.0036465416421549994,0.0694245119643842,3.3342865969363547,1.2788149474520472,-2.303931322899707
0.007477808544462343,-0.014647957934931205,0.006808773223822221,-0.003693827610546986,0.06335526943909754,3.346016266596326,1.2377334074841597,-2.3188754212433307
0.007545283167551269,-0.01467789373231515,0.0068691175093770875,-0.003603452469132158,0.07430889155923959,3.3219589080519896,1.3154076950686138,-2.2892904199066777
0.007571916727753477,-0.01469101138508546,0.0068906217663727305,-0.003565415777300909,0.07867489088026655,3.309121311620376,1.3459631094828686,-2.275512095654338
0.007515978000909185,-0.01470091856641273,0.00680121359363531,-0.0035925482957760006,0.06726297734511211,3.2730422448771295,1.2886923732598785,-2.2680905026499745
0.007591209139461603,-0.014715972084456103,0.006887141210858267,-0.0035164083564938396,0.07985361105930289,3.273207845943481,1.3701564121989642,-2.2502592041661913
0.007614116591473448,-0.014748957899398224,0.006878238073304332,-0.0034540373226523355,0.08108500466692174,3.2252320624088147,1.3981644842573944,-2.2170757749704886
0.007641776364136044,-0.01477550491636352,0.006882754635018473,-0.003397018717805582,0.08413516186492405,3.1884248030555606,1.4295417607434835,-2.1890264011427703
0.007704947388096834,-0.014805214285744587,0.006928845222019351,-0.003307342604842891,0.09245894415995733,3.153102358580601,1.497390311654728,-2.152531336556846
0.007726862761809419,-0.014838419195705338,0.006915063548155273,-0.00324646357936292,0.09279085376138342,3.1023087588826237,1.52058949850783,-2.1177200300319363
0.007666732893084144,-0.01480238952494834,0.006882457029494681,-0.003341872405195099,0.08534445607580121,3.1500585214023515,1.4572093121147494,-2.160665999603287
0.007427253048491483,-0.014671688107711951,0.006710405475616915,-0.0036944132383426903,0.05267668659231571,3.2855156588476637,1.1914441236601017,-2.2950686014646835
0.007197235896692308,-0.014538364309376668,0.006515743998935204,-0.004024015216264165,0.015245801874235828,3.3752645285858978,0.9200347181407746,-2.3916464311636827
0.0072772501334481075,-0.014596117464864465,0.006576005896516556,-0.0038952384154194615,0.028417803863467695,3.332474535746086,1.0197368226582546,-2.3522900691195554
0.007231076029839239,-0.014577698400756484,0.0065271080700926845,-0.003947934026147459,0.019984742562298877,3.3350717025441554,0.9684359192313109,-2.362230789671655
0.007297428800529978,-0.01463351451629869,0.006566781520219009,-0.003829570653610538,0.03045322293845801,3.2850071312530043,1.0523332019262168,-2.320688060942538
0.0073482441412996095,-0.014660707685979817,0.006610705515378208,-0.0037603266020830683,0.0387439534080399,3.267486874713878,1.110017723911476,-2.3006717866179343
0.007381741051191805,-0.014691402203953211,0.006624955962673536,-0.003696237731577755,0.04303527507868082,3.235014383078362,1.150953811943255,-2.2749924456731656
0.007074518486337372,-0.014450266384796845,0.0064125053584497636,-0.004216232781318014,-0.005880962770721106,3.425985591687966,0.7638713308425892,-2.440827518913908
0.00699907138636541,-0.014420507838379575,0.006322526749447361,-0.004293601254415417,-0.019922495921227915,3.4130430326191603,0.6809665410294244,-2.443932753371721
0.0070401229884987,-0.014438020573869812,0.006370598583049975,-0.0042498776214658735,-0.012315475369757327,3.418656823882564,0.7266332518892088,-2.441552759988543
0.007094103979282611,-0.014480758344502279,0.0064149761855166534,-0.004161007000477348,-0.002741551413769096,3.394531929486778,0.7976843608529903,-2.4195322862384434
0.007154553856896545,-0.014544605444264419,0.006446502390892381,-0.00403657547630439,0.007303567319017537,3.339554477805337,0.883216193138928,-2.377766699998523
0.007117846219456154,-0.014522148192366113,0.006412920989977388,-0.00408779213661986,9.889309753443457E-4,3.3494658981568395,0.839584377524293,-2.3894467366909606
0.010387449399212892,-0.015337782780892165,0.007642355618402781,5.551828987215434E-4,0.19182273539110536,0.5284348969157392,2.9442753328361104,0.41291176607280805
0.01034947446784354,-0.015363230177412882,0.007605468874986493,4.961678134838446E-4,0.18811708764658733,0.5608510650775568,2.9179440525579143,0.36479803180955517
0.010426988323279818,-0.015359344989390766,0.007594649564037712,6.055004849206824E-4,0.1867817488540988,0.4735491521183491,2.9165475399185747,0.45008932425173637
0.010469829605018008,-0.015377422124014257,0.007551705584405203,6.601323419077868E-4,0.18238176215865007,0.4174097227881974,2.8917034829866295,0.49094412742753596
0.010513459528174618,-0.015385272505151804,0.007525615513101177,7.177565143105111E-4,0.17948600508352813,0.3652711677942531,2.8772329061575834,0.5347044577557263
0.010551182179204928,-0.015416776728663506,0.007459850162721466,7.59268038152329E-4,0.17334629820060668,0.31249960582270714,2.837115735844955,0.5637776351521636
0.010603673608518376,-0.015449068203679027,0.007387980193083024,8.185215011152637E-4,0.16668697395523988,0.24550972332779403,2.7934496615348787,0.6063003226354756
0.010138934507692956,-0.015360193777505943,0.007640721291391067,1.9903502992361157E-4,0.19331074532810244,0.8028880727994644,2.9180706774831604,0.13413391841002945
0.010180860084731782,-0.015368963759157814,0.0076212604216292406,2.577046126747777E-4,0.1908607617488546,0.7504368034290546,2.911088056633887,0.17894622508149935
0.010260775539028858,-0.015355483539288011,0.007635078313814748,3.725411095296767E-4,0.1916446154649978,0.6663522830374741,2.9285479136893295,0.26919905627577306
0.010213574971728064,-0.01539269652442244,0.007575469792209015,3.0104170396354056E-4,0.18613374353015208,0.700387208053772,2.886274471438378,0.21127075345483134
0.010305952242886985,-0.015387424320968046,0.00757103926427989,4.3074781648440785E-4,0.18514426249572344,0.599014707110234,2.892543328128386,0.3121337383961705
0.010016577040157938,-0.015355903582968273,0.0076534537724934045,2.4964988953377635E-5,0.19596679587730256,0.943649101698998,2.908561127398111,-5.153556607795567E-4
0.01005370429588388,-0.015385126070042679,0.007600627216866805,7.718313125698249E-5,0.189967297288983,0.8831146187989124,2.881571845448193,0.03853000955198748
0.010102551081950855,-0.015402771656158649,0.0075673681103081555,1.4499203452486112E-4,0.18607713995880323,0.8182426783362217,2.867831157974042,0.09001219202489885
0.009895638554693897,-0.015346119107172202,0.007666989225683966,-1.4819885815128584E-4,0.1986692272640967,1.0848450947091322,2.896195201524133,-0.13338813385894832
0.009972112188536738,-0.01536494137960055,0.007636760278222655,-3.827784031667797E-5,0.19447467561322665,0.9867839858125603,2.8911826882272966,-0.04941861683612234
0.00992910102201817,-0.015358496629555742,0.007646721373317401,-9.969404008367975E-5,0.195918267286744,1.038760259198073,2.889908320069829,-0.09640633419334242
0.009857381427111669,-0.015357698587374416,0.0076430126946969495,-2.0180176890163438E-4,0.19611099707361654,1.117889439919464,2.874283247608366,-0.17492169421803164
0.009726198075885975,-0.015375722026009453,0.007593314808723941,-3.846273580766358E-4,0.19197349913896414,1.242928584579014,2.8173596902823324,-0.31430688923782024
0.009771289064281867,-0.015375253400990907,0.007601310296904597,-3.2143313443772846E-4,0.19227851014720018,1.1961175234864323,2.831844969373003,-0.2664188753562025
0.009817098225205996,-0.015371543553149389,0.007613962999854568,-2.5740363884717846E-4,0.1933436823585589,1.1505562238394518,2.848819680567134,-0.2177421452677714
0.009680874780464003,-0.01537681905476379,0.007582946983773225,-4.4777634981423025E-4,0.19123858588809897,1.2887758142437027,2.800988405200387,-0.3619425586819665
0.009508149572358522,-0.015315725669436037,0.007647905989221652,-7.055315631365894E-4,0.19968366218878447,1.5197764559529314,2.7941012657666966,-0.554947568342738
0.009545454635847814,-0.015353954708655764,0.007590880921788842,-6.420239285565816E-4,0.19322798570409724,1.44573872945246,2.771898551541136,-0.5071267885374432
0.009633856322220134,-0.015373953072053595,0.007577996198981791,-5.139082212710475E-4,0.19113206148585712,1.3391110828423507,2.787004116940646,-0.4115284092370225
0.009577305552378982,-0.015390433575468565,0.007535193503484542,-5.8811791926873E-4,0.18701918425757688,1.3807080230874738,2.7483581674531083,-0.4665777917836729
0.009345075037923143,-0.015301814471050772,0.0076140615301113134,-9.381094324917616E-4,0.19768100917094922,1.691088337156151,2.725481627856579,-0.7256376431656085
0.009384787880296154,-0.015320403323856318,0.007596893179258304,-8.75906017916726E-4,0.19517501305772336,1.634285566159863,2.7287540067284524,-0.6798368554179834
0.0094233186463734,-0.015335592098837681,0.007584307191362216,-8.171159083500308E-4,0.19354288740614115,1.5821733302826513,2.733575622356529,-0.6364585703019258
0.00938943644263207,-0.015366478844603884,0.007517859930174301,-8.522023436113771E-4,0.18645519596535076,1.5823285689723259,2.686701270384009,-0.660783894632213
0.009461638824504943,-0.015353837893445807,0.007565332570395357,-7.580328355143695E-4,0.19136255319895457,1.527285680658043,2.7342462841222694,-0.5925923148804583
0.009301852958147819,-0.015333482497601518,0.007540400807512233,-9.84023005729216E-4,0.1893958945479348,1.6963496460210516,2.671349693978696,-0.7572939567944791
0.017789031611866974,-0.011333160346568482,7.213193287695445E-4,0.004361253132986236,0.07576286227662787,-0.46001531190235173,-1.1775251920742285,0.6466337137740771
0.01778186543505814,-0.011722511605446363,9.040617803732787E-4,0.004255631616690163,0.07621924088187926,-0.5701383828811487,-1.1009518171790675,0.7520085583980062
0.01817030079470254,-0.011151356184150245,5.532532644088665E-4,0.004080985449512599,0.06813767369971391,-0.3544887902981931,-1.1010351730649077,0.5088307453716526
0.018529778886430738,-0.010921657795142441,3.989096656441975E-4,0.0038322995730260263,0.06146555631624289,-0.2574747193468692,-1.035026890168375,0.38781166562976727
0.018802580903808295,-0.01058351728012346,2.417186006334164E-4,0.003660512610551564,0.05391959186121305,-0.1546215026728989,-0.9956684953303354,0.26998417509291184
0.022605313273048346,-0.006136397451171534,-1.655452482248144E-4,0.0011054175128554736,-0.16393686705505375,0.244269085755507,-0.4192254130861198,-0.21926314398521773
0.02190336520216018,-0.006753200313478335,-2.3804874104511203E-4,0.0015023938937067018,-0.1090452743750721,0.27416003807848316,-0.4724320693030232,-0.24160166619538329
0.021184662256081153,-0.007764178799104519,-2.5818491746596047E-4,0.001997229228859542,-0.050355000184815146,0.24773693837914143,-0.5684304326119415,-0.20663755784158044
0.021780648183760708,-0.007444402838879427,-2.0803496323946292E-4,0.0016572746816932104,-0.07900139475564498,0.23109606171584346,-0.5142333581245359,-0.1971720126870805
0.02057433297304096,-0.00873249792242786,-1.9747036369752486E-4,0.0024443226477164344,-0.007413279814167492,0.17157844250942886,-0.6726665210857306,-0.11934070747857665
0.02123155961933348,-0.00840429150588835,-1.7905618562372313E-4,0.002049017281242214,-0.030656604263758293,0.1752531338363331,-0.5933361742014941,-0.13336545003719566
0.019325924880696857,-0.009842908948467309,-2.0497660958864192E-5,0.0033022381456991527,0.03695794894004579,0.025000474438792632,-0.8985269287052687,0.06410094747609575
0.019234313842645165,-0.010421725467690483,1.5871796035579693E-4,0.0033568566832763666,0.0459299501044089,-0.10257328221602878,-0.9068537309714673,0.19563311660800445
0.020563733777143548,-0.009371660485290182,-8.772742531225367E-5,0.0024972382001483243,0.009210664987473019,0.0793851449085158,-0.6914570421924263,-0.026272350530731296
0.019924868289840157,-0.009616215834786088,-6.455219455808461E-5,0.0028980384911643925,0.02398308399286232,0.05712009198861396,-0.7871862085205931,0.01129725365461356
0.023818816886616818,-0.006865241247159387,-3.5120030325361765E-5,6.192181992434306E-4,-0.18403910793111697,0.10538621327126929,-0.4546549660228005,-0.08170203396380826
0.025,-0.007606340525558759,0,0,-0.18431021942885073,8.710799823303698E-4,-0.5329825893135409,0.030607504807403773
0.01769208451719337,-0.012022962712783133,0.0010649447564352365,0.004224905280231368,0.07867787605472822,-0.6624541044982405,-1.0541354077331473,0.8488746806028729
0.01748392141835209,-0.012203561134294121,0.0012245291337374912,0.0043205803483742705,0.08195242923534517,-0.7533649610772618,-1.050994440489646,0.9571855523475487
0.0163619261676661,-0.012766453271595382,0.002108543212949687,0.0049299360446158165,0.10828231539219173,-1.2427750282232675,-1.0284478115719384,1.5791268597648858
0.01665462423366347,-0.012639965499299214,0.001853461759842527,0.004772699113274582,0.09920645875579824,-1.1045251976381119,-1.0488180971600107,1.398538463781269
0.01721753055491461,-0.012379140109680109,0.0014220481605935504,0.004455891394787818,0.08602466379603403,-0.8654774536403069,-1.0505221845513661,1.0928559636562154
0.016946871965232424,-0.012520395588710318,0.0016259398982253718,0.004602820458579889,0.09230726088368774,-0.9782842368854628,-1.0501018947679388,1.235344773677843
0.015830697128083923,-0.01321442864631467,0.0027208021872676745,0.004985176595847097,0.11730590681939364,-1.5258317661575302,-0.814101263538526,1.926226291677214
0.016077988483534634,-0.013146271714117868,0.002483122720892303,0.0048603982797552105,0.1092454552527652,-1.4072226586208456,-0.8567554687779673,1.7647930655023083
0.01634035332017201,-0.013055827919294764,0.0022433894451138014,0.004734115558119146,0.10146110742195509,-1.2858742868811428,-0.8956948126014354,1.6045779546407408
0.015760206639891125,-0.013441344502952307,0.002856833452518411,0.004827418200549415,0.11191672826880196,-1.5567762867511046,-0.6885809798689461,1.9459540477777388
0.01450661309462102,-0.01403845306361706,0.004322865897188812,0.004828584677970122,0.13635732076040277,-2.0307377083756504,0.0401662963176496,2.6212616774799034
0.014381123130865411,-0.014078235774044486,0.00448133237348631,0.004816876279940676,0.13963463901104964,-2.0664444163436246,0.134690288776801,2.6832162377840567
0.015459816117894602,-0.013689631319327945,0.003206173944730662,0.0047756842938201155,0.11422947260974692,-1.6779721130584073,-0.5096173872729987,2.098416400867562
0.01568064639773347,-0.013652713539775305,0.0029834895920948638,0.004680883631701886,0.1061270755763065,-1.5804068263392967,-0.5705187835988799,1.9608776332097595
0.015378995153313629,-0.013838888421610209,0.0033127289007420535,0.004669217605265175,0.10944658451853465,-1.6929949400661042,-0.4160134424763758,2.109502489144764
0.014647744911219208,-0.01396993289877161,0.004148032345806922,0.004863388290811792,0.13392726581818817,-1.9944773181571485,-0.07152181291892878,2.5619038898075286
0.015214671877889739,-0.013901136204916665,0.003491548411381523,0.00468885141534043,0.11404117579287072,-1.7555272871419907,-0.337980130891485,2.197417378179941
0.014843663364769694,-0.013960963310312284,0.003911220827806187,0.0047940161678822,0.12624357239731535,-1.9087777185016164,-0.16965687300943297,2.426450067628172
0.015030331899669179,-0.013936787873763084,0.003695819557051639,0.00473847647559553,0.11892900497983126,-1.83110705606208,-0.257242081619532,2.3077742308426292
0.013693652934792439,-0.014564789325144763,0.00525461406499761,0.004246506146415475,0.13014076581574305,-1.9977669713437796,0.8141031073170845,2.6606682839580436
0.013684617542095079,-0.014681541224108769,0.005209051475193211,0.004092956868862663,0.12070050803152531,-1.9305203882771058,0.8400035212537827,2.5554313222134337
0.013828980365010221,-0.014540802297041437,0.005086470934452757,0.004284188563697843,0.1266965935502209,-1.9918893242333426,0.696964902260313,2.625976772494291
0.0139546822008676,-0.014480170367938104,0.0049457880623835606,0.0043616552727135825,0.12686568289673872,-2.0009028007855805,0.583221305761743,2.620653565112772
0.01429487600837376,-0.014209023102729557,0.004574892182877279,0.00466901415256937,0.13373683852416507,-2.040430775695022,0.24760026031971585,2.645479912242136
0.014179121800697879,-0.014334823215920816,0.004698375531998501,0.0045280856596733665,0.12837989881283732,-2.0180488514035972,0.3746485316424136,2.61945591443283
0.014086542517338622,-0.014457606626733822,0.004783085691850721,0.004381646181503312,0.12358663804696299,-1.9819217592172513,0.47903540312766335,2.573889706374053
0.013056961610167332,-0.014882513937492188,0.005886577953364503,0.0036783358808234264,0.1273589487756861,-1.7821709529444811,1.4020951616570978,2.4922535625597457
0.01298250167962741,-0.014861928263693269,0.005998859329136852,0.003673304011649799,0.1316457372058325,-1.7794443654580783,1.476805754017242,2.5177199062402957
0.012842052121352913,-0.014869560662273858,0.0061728690550232135,0.0035969348567985913,0.13717001295876222,-1.7378675637206926,1.613827061171903,2.510228151218549
0.01291440183831587,-0.014882949310341804,0.0060681577367971765,0.003615332492081988,0.13332694600566827,-1.7496838781145183,1.5388945931974005,2.4964138695389493
0.012805071696527177,-0.014936090794845048,0.0061586066899033095,0.0034932495868152807,0.13267997497640513,-1.684943475041757,1.633083899969965,2.4354420516276964
0.012508251593801279,-0.015033354264926966,0.006423513817080328,0.0031950448430567526,0.13481654118786288,-1.5088027137624742,1.885686297263204,2.2852291899550354
0.012575866867709177,-0.015022661151418034,0.006354265420940426,0.0032524903557787483,0.13322343493740182,-1.5459662159057619,1.825496927091799,2.311564503838749
0.012643225725699179,-0.015010720519035022,0.006285499364770237,0.0033090767916794735,0.13079170314537114,-1.5814619325563646,1.7655905174924997,2.3365961135165936
0.012697355784487338,-0.014977558303819305,0.006252544903652168,0.0033818843572321804,0.1334644967071238,-1.622139542743336,1.7251212838129821,2.380087204128698
0.012755384461178292,-0.014979104757060248,0.006179811590152319,0.0034129172015431074,0.1294320958806408,-1.6422025152877844,1.6687074970843478,2.385294039977964
0.012486105827177464,-0.01510213441975932,0.006375416187742963,0.0030997428500254055,0.12871578751859694,-1.4600171653727516,1.8767902047063474,2.2079321401900125
0.013649292931102067,-0.014771169745886699,0.00520770223530218,0.003974983952786624,0.11509524655305278,-1.8816391285807943,0.8797877135339578,2.48595036862584
0.013449331870516786,-0.01482057988278478,0.005431420713930658,0.0038781528334815795,0.11812268748035025,-1.8585136488534963,1.0499524936282476,2.494470611261283
0.013559689120558577,-0.01482039168184162,0.005292787422709767,0.0038997093464212943,0.11400669841027362,-1.8577219736996107,0.9566773895180863,2.4677679784929563
0.01309137415835799,-0.014966622306774658,0.005776489702775645,0.0035866174968471943,0.118567755205935,-1.7370763039839272,1.3586163768730872,2.404481269866585
0.01338672580235056,-0.014910865564379611,0.005452235906928873,0.0037503656323467226,0.11249868168659101,-1.8032484142748373,1.1044338590075398,2.4225638441695883
0.01319591323250187,-0.014981379138630763,0.005636998680880027,0.0036068861825679197,0.11378496694475691,-1.7446119727897609,1.2640845530581954,2.38212662930906
0.013300958184936094,-0.0149699853517088,0.005517263731168741,0.003654217830820192,0.11115578996115642,-1.7629379457445518,1.1748396577826263,2.3815363341294673
0.012360613928109674,-0.01514687605307647,0.006467852963654109,0.0029599206843043645,0.12934466261256358,-1.3719787620223016,1.9697857801545573,2.1253411828227367
0.012450863699357462,-0.01516580165457,0.006346521789743486,0.003003496954603167,0.12376360425002568,-1.4087245080287136,1.881062501728146,2.134213587360094
0.012327288802121625,-0.015253503497328591,0.006383309215978836,0.0028198359209398107,0.1202755020873315,-1.3006664259124594,1.946089743527047,2.0104099197909853
0.012238085165242206,-0.015264322443751992,0.006464010965529849,0.002740806809841912,0.12249052439887474,-1.245646329286673,2.0148699096382834,1.9674207132655044
0.012148556990840373,-0.015269156904751445,0.006550038823873387,0.002664152460576319,0.12601520963928167,-1.189263862924219,2.086048938492292,1.925766001173073
0.01194791123482044,-0.015278699111246954,0.006736660581114966,0.002480581399607586,0.13288631518025842,-1.0500423535020367,2.2415639678578247,1.8192441939949686
0.012024123876403349,-0.01530366347664432,0.00663104625819282,0.0025244585843715982,0.12736500114521723,-1.0936253433436198,2.165054291448744,1.8363508359772032
0.012085733631404975,-0.015308443012563377,0.006564935259023239,0.0025726140529248975,0.1237951308782421,-1.1322474701271326,2.1135282766825885,1.8615650513824984
0.011749751194333073,-0.0153567903134726,0.006814737416351336,0.0022210110690620466,0.13266082558511172,-0.8727171600579976,2.3341704751841394,1.6356644181035762
0.011888029732319472,-0.015332827997817286,0.006722564462957721,0.0023744059791339206,0.12960393946824256,-0.9862812310376811,2.250519130328705,1.738298087414458
0.01182642889251262,-0.01538174305936911,0.00671388408180146,0.0022726614248478358,0.12670629031591474,-0.9239036875957388,2.2613694979995156,1.6616268774313383
0.011039437734931578,-0.015383583265468315,0.007296444350678524,0.0014073336611040907,0.16001272372638844,-0.2103087119475738,2.7246766193497343,1.0603354518559913
0.011261405905555988,-0.015350423998229189,0.007208088612127712,0.0016972273869918942,0.15495874334314066,-0.4370700162371806,2.64862333562024,1.2785016173823154
0.011318186529460799,-0.015364884608921865,0.007146064584853804,0.0017532866183759264,0.15028670351812193,-0.49118472682381803,2.60364834382646,1.3160420929249563
0.01134195368792485,-0.015426758766995048,0.00703591363863297,0.0017367164450154571,0.1415198296313468,-0.5060195008136784,2.534723257433674,1.2921405347008568
0.011098694555194558,-0.015388277414447385,0.007253930651988817,0.0014773975197827206,0.1568165808954963,-0.2715326206057503,2.693689178500637,1.1115379715746663
0.011157169935023352,-0.015389090716807736,0.007216561519118207,0.0015475855130586715,0.15413407806900603,-0.3308043843132353,2.6652233221443526,1.1629838403662747
0.011214976905367421,-0.015383644090706326,0.007187834818408016,0.0016199080729130259,0.15211103806307477,-0.3886157530987239,2.641712617109047,1.2165207801712523
0.010703938642730865,-0.015391471950454134,0.007448258269423356,9.721758218916298E-4,0.17217135309782616,0.1502038925713526,2.832189810798581,0.7300616360204539
0.01076316235717009,-0.015412765198842578,0.007387815578168886,0.0010411120005220035,0.16652539037592165,0.0810498042438964,2.793816808293988,0.7801904454966713
0.0106658141642743,-0.01545711295722073,0.007352599710281331,8.968885137630626E-4,0.16334452673941627,0.17656071293196365,2.772068080210822,0.6653318240810567
0.011008594748665855,-0.01543651781475433,0.007228945859586868,0.0013396302707856416,0.15386322532000804,-0.1803995703597576,2.685208524642007,1.0019529997832712
0.010952313029587773,-0.015417821397518138,0.007289157111491083,0.0012800244381520106,0.15841127945850156,-0.1212783951267714,2.7257486571779372,0.9602815267545378
0.010907858077115981,-0.015413950385926248,0.007318319212530115,0.0012261697481614267,0.16119861571618266,-0.07419025142958266,2.74597840992773,0.9202769852335123
0.01081656945005615,-0.015421806728556045,0.007349186566756782,0.001106118769211278,0.16334888731986666,0.021972117449207754,2.768591061594137,0.8285348388980687
0.010869309362401346,-0.015425886788166993,0.007317809074967639,0.0011714409073076213,0.16027839595292973,-0.03468903626562401,2.747241942304635,0.8773965873641306
0.01168390251132879,-0.015398345717210903,0.00681405303597685,0.0021205097135287357,0.1307329414008039,-0.8081918165801104,2.3482844522667694,1.5599872701032822
0.01153317824159488,-0.015393052588174508,0.006943511959070136,0.0019699671715035475,0.13756638484742648,-0.6835622994685985,2.4507318778124585,1.461116285035944
0.011607812575352454,-0.015422828149891047,0.006842265398490027,0.0020238709787285757,0.13129434904103723,-0.7400068257833502,2.379313032724474,1.4907032221554768
0.011470559211994968,-0.015435783480601702,0.006929862973184439,0.0018707036974446795,0.1351810606247015,-0.6204590880888562,2.453521819703401,1.384187914776392
0.011370779067907712,-0.015484632377887782,0.006930494344995889,0.0017282969995851191,0.133675153926494,-0.5245788960988125,2.469149717934124,1.276146526155095
0.011421399172373434,-0.015478770884492291,0.006903584309355104,0.0017868952535088135,0.1327569572702433,-0.5700024521006283,2.4461686241679628,1.3180867727277776
0.004725261849940306,-0.011281731154919863,0.0018202137844815396,-0.007572770181110833,-0.1734452617668052,1.191583337695813,-2.1505579806478843,-0.6042874885755442
0.0047346618644738174,-0.01133939433595329,0.0018976411554855377,-0.00754257927356535,-0.18363688515076063,1.245463418294994,-2.1310376400928415,-0.657220057218381
0.0047304190038435,-0.01139353252666132,0.0019600852684855193,-0.007499715723909439,-0.19169173182771673,1.2895588891761023,-2.1016796207195454,-0.7055010017147759
0.0047286039530676826,-0.01144463442235886,0.002019287349946435,-0.007460308613332777,-0.19925698773018283,1.3315169174674037,-2.074637516761808,-0.7505491270355956
0.004694689234246565,-0.011421053099830035,0.0019666365645075253,-0.007444644455835936,-0.19286626582527414,1.2966972096041967,-2.0615115948184917,-0.727419287095186
0.004774151127633707,-0.011475973660140271,0.0020907056238014016,-0.007481269911850157,-0.20726480906161024,1.378986995973751,-2.0919580969440257,-0.7819661049353154
0.004688526174943312,-0.011451487121496393,0.0019974601363445016,-0.007416313063104066,-0.19664051429938065,1.3187077905147153,-2.0415385053389707,-0.7532364582030414
0.004779779324124053,-0.011538711997227138,0.002168211539253735,-0.007437561348461503,-0.21629430330847527,1.4333449936202565,-2.061913859674956,-0.8372749191426586
0.004760576493441899,-0.011596871482924594,0.002218659490735435,-0.007372057012696053,-0.2215350496949784,1.470063819098575,-2.0149088490192226,-0.8844341348201518
0.005014001383557864,-0.011955538814777506,0.002837065875607073,-0.007280931654030221,-0.28066335610028975,1.8894841190760594,-1.9589427690631231,-1.2221387920005424
0.004990600641159045,-0.011923596446384598,0.0027805025232445087,-0.007291570356269074,-0.27626350605232247,1.851184863238369,-1.9660767244872215,-1.191608282284186
0.004950308806484607,-0.011909747843530402,0.0027260387037948697,-0.007267842559560697,-0.27031365341197716,1.8150428662721156,-1.9472730204870439,-1.171724321544967
0.004904997957969478,-0.011743864871394312,0.0025066854121832123,-0.007383122845555208,-0.2518695485951168,1.663896376668763,-2.0296386447448858,-1.0286941654427195
0.004939285662127713,-0.011813774803827752,0.002614660214642322,-0.0073507085125408675,-0.26209634652772257,1.7376970071458537,-2.0076163610315336,-1.092569033597842
0.0049204960081611375,-0.011780455016018149,0.0025609638866045665,-0.007364177526250353,-0.25707020902485045,1.7011028762317706,-2.0166053251481837,-1.0617366493846243
0.004918425437666093,-0.011849242080314201,0.0026323330929723747,-0.007297116945327835,-0.26237771458237363,1.7511798217153622,-1.9677427261720553,-1.1170990118191826
0.004907178867876791,-0.011890127794921178,0.0026637313513887847,-0.007247268901626494,-0.26411554275843513,1.7735727997613415,-1.931034463146957,-1.1467815884248769
0.004758852191407523,-0.011655260096449165,0.002281611286951843,-0.007322038238264386,-0.22784585208207328,1.514282937371697,-1.9795311237259023,-0.9323619259136645
0.004812253338383316,-0.011667958348364387,0.002340871068490479,-0.0073616839227762425,-0.23432680954421573,1.5530218455451121,-2.010081981244053,-0.9509355291821379
0.00483859475999873,-0.01171115747749815,0.002411203010639422,-0.007349064815125463,-0.24121524370527145,1.6007539820025338,-2.0022194629295584,-0.9907020628177196
0.004862472109625521,-0.011738895468950997,0.00246266884942385,-0.007346982436160029,-0.24661603243092473,1.635512186359947,-2.0017595363661993,-1.0174394403851934
0.005042029288855836,-0.012024954586975806,0.0029359040354350334,-0.007234440403236414,-0.2877651818624363,1.9570738654876652,-1.9248863061905854,-1.28273197222883
0.005052738288870011,-0.01206656872585185,0.0029879733962073335,-0.0071997342873700385,-0.2903166891326401,1.9924571848330772,-1.8990708507096952,-1.3167763025544665
0.005000086756780472,-0.01200546288963734,0.00287269079351451,-0.007216487977117621,-0.28144299244530696,1.9147001193654518,-1.9105303666395066,-1.257153157978051
0.00504278234317347,-0.012106049768556518,0.0030147087509179733,-0.007148054759554565,-0.2905048283095511,2.0110428854000797,-1.859892748039096,-1.3429699915009905
0.00504605442638383,-0.012146230106245888,0.0030554672558056124,-0.007107052071947168,-0.29163244441787467,2.0383354396280464,-1.8290739220725487,-1.3722681284583487
0.005079720525587813,-0.01217968595138768,0.003123188110541242,-0.007099356388542054,-0.29650827221344755,2.083956127377565,-1.823434067529131,-1.4061153545045095
0.0050976201242138135,-0.01222371488974245,0.0031826490523904453,-0.007065081106121139,-0.2989047000089846,2.1236611779516874,-1.7973609987348165,-1.4419606846527147
0.005492476228198606,-0.012885361544062503,0.0041517710952537375,-0.006513991662923909,-0.30267127204578154,2.7467014564664116,-1.3458507323906137,-1.9667458843906898
0.005313059252629811,-0.012602993028588883,0.003742408191775516,-0.006774143630615474,-0.31180846104377996,2.4918600972703437,-1.5660109925209038,-1.7541623357078444
0.005282596905557584,-0.012536104679599402,0.0036566642143309835,-0.006837702783943058,-0.31239410902006637,2.4375893614133957,-1.6172947783776122,-1.7053157510283603
0.005274926399555968,-0.012575664545274192,0.003674335070944203,-0.0067808237516786135,-0.30972157750981416,2.445682477730361,-1.573201355100786,-1.7223857569590184
0.005232813669161751,-0.012426075362095307,0.0035117341799725016,-0.006937288910773339,-0.31179661443767354,2.3439583772246557,-1.696817828015497,-1.621525653116542
0.0052398200493155985,-0.012471409042816248,0.0035550450248387215,-0.006886251057202278,-0.31097057058972993,2.3709464755086773,-1.6568554435499887,-1.6507193282444732
0.005257047964364918,-0.012508043822837238,0.00360381830729469,-0.0068536017944285455,-0.3111177709139596,2.402376004456848,-1.6307763783052922,-1.6786321130608493
0.00545495983479508,-0.012844907732540769,0.004078558170390435,-0.006546494887854206,-0.3041305160452244,2.700143827411679,-1.375408303004291,-1.9315863159220774
0.005421562478511558,-0.012807115229416698,0.0040121680661260204,-0.006576728785927548,-0.3054336300294565,2.6579017674906678,-1.4024245456514353,-1.8992790924317233
0.005385816721047208,-0.012763241394475457,0.003938827072423801,-0.00661247551398522,-0.3064931649034302,2.6116242807973156,-1.4337101341225174,-1.8631025150257783
0.005308979828299187,-0.012659305754793486,0.003773633763113932,-0.0066971441672890675,-0.3077876935253259,2.5067801997279022,-1.5058238010322873,-1.7791288961172946
0.005334793555797061,-0.01272300033032014,0.00384671945670358,-0.006631177308920279,-0.30565904735931465,2.550458131965414,-1.4525361713359126,-1.820022623866565
0.005179216462819145,-0.012371974173202085,0.0034032273370905902,-0.006959677451681413,-0.30743544550074114,2.2706735472285278,-1.7156430586854494,-1.567103967803469
0.00509415093503879,-0.012274504274441586,0.003222460125848532,-0.007003911514880503,-0.2987937945364773,2.1496708615738047,-1.750744109276877,-1.474313205992782
0.005126727454842016,-0.012314552859711888,0.0032938558949636384,-0.006984600486897412,-0.3020428316815862,2.1973195793149864,-1.7355719321664531,-1.5114737763993935
0.005132191166198472,-0.01235746936892329,0.0033352457497255283,-0.006938437249722433,-0.3024780825086037,2.2238941601157127,-1.7001684767103324,-1.5400295661066468
0.005185648185660719,-0.012417840200816798,0.0034471690117803,-0.006909158929780211,-0.306998318732772,2.298418943396124,-1.676432273710094,-1.5970634922003277
0.006558850988126014,-0.01398388439806066,0.0059013728291080056,-0.005101240753516153,-0.11421377585049473,3.5531927648345487,0.0076925939160142265,-2.559620183819851
0.006536730296345028,-0.013971387813841482,0.005870220883501672,-0.005123275932160965,-0.1189500145418924,3.541279323834691,-0.017152404926043113,-2.553525043040463
0.0065591167380337646,-0.014012890475989834,0.005887840481329682,-0.005052897163721443,-0.1120919935272183,3.5203760705118095,0.036822890302683715,-2.5420300577122874
0.006493739464972458,-0.013950829260705908,0.0058075995068479725,-0.00515894499397987,-0.12710135465090758,3.513121005404319,-0.060715205963652534,-2.538773180608995
0.006513880314564469,-0.013973711063409007,0.0058310902208450165,-0.005120314436338902,-0.12175586247846741,3.5118722825268436,-0.02704222042232342,-2.5380860314938243
0.0064148064986332435,-0.01389223261588583,0.0056995274137496745,-0.005255823623358102,-0.1434441222808682,3.479440357065815,-0.1595794214317546,-2.5200346411075283
0.0064561111789842775,-0.01395311103642104,0.005744332933869417,-0.005155641965876332,-0.13209477665997518,3.4666551784893693,-0.07710925566603426,-2.5141424089428503
0.006427037974523589,-0.013930208562359225,0.005705539669121117,-0.005193289955675511,-0.13852850605193828,3.4562295311448645,-0.11437614634078923,-2.5082961125368675
0.006309855193021678,-0.013802248723118993,0.005554133967740964,-0.005397678634392908,-0.16572106998701575,3.4353249998786013,-0.29893588423835565,-2.4925925817180654
0.006316886471517242,-0.013848416774099042,0.005552493945036673,-0.005322299346861615,-0.16019091321148202,3.4031500701870523,-0.24609344714248604,-2.477211916608562
0.006370941627590033,-0.013894198224521787,0.005626418846337754,-0.00525079917095577,-0.1489114883847649,3.4253716139656727,-0.17632774643360893,-2.490909020031717
0.006328007399956099,-0.013892578948793253,0.005556926791472367,-0.00525111194275035,-0.15442623175700074,3.3766576919632705,-0.19532620609710635,-2.4643295593766914
0.006263722531555183,-0.013786248530466711,0.00548222098384484,-0.005418615507014162,-0.1729004658251658,3.392161973713186,-0.33198214694707134,-2.4680441866187155
0.005505575273012294,-0.012929261715373062,0.0041911265269113426,-0.006459759349704533,-0.29922226965241877,2.7662150238820438,-1.3015962718022422,-1.988064367303585
0.005469987763312841,-0.012926460184548355,0.00413933079107927,-0.006441449448663516,-0.2972177103593356,2.7274245824863974,-1.2914785203983685,-1.9665424218227046
0.005644435770178745,-0.013074490361294818,0.00445313917122797,-0.0063301507576350394,-0.28885159400349064,2.9280528168605975,-1.180218452540602,-2.109289806896648
0.005542038282251892,-0.012956057790563984,0.004255570517309391,-0.006443948263920709,-0.29820022517479333,2.808659287449937,-1.2846731824304964,-2.017420945425109
0.005619038969649184,-0.01302457645179974,0.004396852075827491,-0.006389979766425218,-0.29370531879932044,2.899184549390337,-1.231470839418911,-2.082404852427602
0.005579204224998249,-0.01299472039820815,0.004326137090372161,-0.0064102960387962095,-0.29557838379744067,2.8527103407858863,-1.2531820117247603,-2.0503250850228514
0.005642460615023006,-0.013125652408498984,0.00446722185646222,-0.006252575377349017,-0.2824872955458395,2.9227276590978444,-1.11996434741504,-2.1170550724809325
0.005716360749962154,-0.013175544482840711,0.004593490548188164,-0.006216205793774348,-0.2774883846817358,3.0044367608216174,-1.0783830844978655,-2.172092743008615
0.005665470456831325,-0.013173061450221697,0.004515818593171691,-0.0061937757695516675,-0.277433802569833,2.944585716694981,-1.0704882198583447,-2.138442608518305
0.005745972040887617,-0.01321425049640252,0.00464888121660515,-0.00617185103269262,-0.27283304354262444,3.033878441595238,-1.038194327358536,-2.1957859766406203
0.005757830542665871,-0.013258145560104476,0.004677164048169403,-0.006110072082245986,-0.267477252137248,3.039507607941832,-0.9882377447865053,-2.2068978048090275
0.005771297890512507,-0.013298452736112413,0.004705915561387246,-0.006054294743532539,-0.2624206367734839,3.046229459789151,-0.9427201290667497,-2.217598939915003
0.005784415707692613,-0.013337179557489842,0.004732728045254817,-0.0060005265782469815,-0.2573178627832053,3.0517278738644182,-0.8991200191472072,-2.2269244242979256
0.005797268810993489,-0.013372418754135824,0.004757669696291816,-0.00595176276734876,-0.25308451812874433,3.0566102809818756,-0.8595776167001874,-2.23505271726201
0.005826363147632463,-0.013388044152857954,0.00480453208158115,-0.005939371975546975,-0.2500565689408178,3.0860863974685615,-0.8434448653704631,-2.2540800977029445
0.005896642456317814,-0.013444445211439013,0.004919483783215912,-0.0058781983067751386,-0.2409053239961377,3.1502281029745536,-0.7800971103954041,-2.298277879506714
0.005845020254129284,-0.01342351697928019,0.004837187440726714,-0.005891674671847087,-0.2453269757869925,3.0960452762600204,-0.803274987067133,-2.2647836961725027
0.006215151432423899,-0.01378855414403122,0.005402560661251592,-0.005408372602636568,-0.1774792969255211,3.3319253807439075,-0.3442610349392475,-2.4348538235202795
0.006176080644363634,-0.013762110966900979,0.005345124734471857,-0.005445178414642765,-0.1842423266362128,3.305709711444734,-0.38376967283926783,-2.418605340017987
0.006056128748236873,-0.013573347123570619,0.005175111998397152,-0.0057238502946187165,-0.2163755195272701,3.2842504041025373,-0.620615729236461,-2.389654170960507
0.006068934132013471,-0.013617877950634731,0.005192735384933741,-0.005655335028460253,-0.2101473812663899,3.273933271162359,-0.5673368233427603,-2.3886014891264415
0.0061274601067932725,-0.013742240093621984,0.005270878246881309,-0.005468745125095589,-0.19064706192572684,3.2630466118715207,-0.4172034411544295,-2.3932045136839184
0.0061096565774107145,-0.013708966432520044,0.005247673230564698,-0.005518416673191,-0.19596560360915619,3.2647342094489464,-0.45734003913506444,-2.391690398927453
0.006079440729437488,-0.01366884018461785,0.0052045837774842285,-0.005576104153920379,-0.20307016073668008,3.2548471292063965,-0.5077516373529541,-2.3827721674758444
0.005963291132995728,-0.013492276900643793,0.005027173631275693,-0.0058257360687295435,-0.23198440806946122,3.210970396639071,-0.7230893276287933,-2.33880174172409
0.0059852468833698986,-0.01353172670235715,0.0050624697348561586,-0.005769869412901523,-0.22599116717391146,3.2187803447271794,-0.6757484852629977,-2.3481009396917325
0.006004832490258463,-0.013571620038462871,0.005092815864445322,-0.005712116698792795,-0.21981846174908323,3.221807627025259,-0.627988609951419,-2.3544125926575745
0.005911205866325347,-0.013492476444532484,0.004944837463805204,-0.005807934537277278,-0.23427167258270867,3.147544742964603,-0.7244449511374474,-2.303069421664327
-0.004349377160404201,-0.009579711594458683,5.463058359087137E-4,-0.0075689163668456174,0.1528317794577614,-0.44145224899848,2.017042941045133,0.9505464432171152
-0.004334493934136945,-0.009461146375351458,6.9364073605235E-4,-0.007525375504282338,0.168275200603762,-0.5399166178585263,1.9729247773246001,1.0461660808643296
-0.004318945003430557,-0.00952321162897896,6.113795446721509E-4,-0.007525884892110249,0.15561155746465294,-0.48692564814941786,1.9796517352460055,0.9862452358935044
-0.00429422061991862,-0.009403548083993723,7.539500325461838E-4,-0.007469709917971928,0.16869131906385404,-0.5830422146394528,1.9264893638471836,1.0757099458913764
-0.004281618011587574,-0.009334384054769254,8.346147044371252E-4,-0.007436032211175533,0.17467534464994314,-0.6362695381613822,1.8949395967230138,1.125780657518995
-0.004232590774320764,-0.009289393594073731,8.720364233660903E-4,-0.007374441826965711,0.17127779549345312,-0.6640558669602878,1.8460855568999537,1.1373527985693765
-0.004263365970826727,-0.009098432607772801,0.001107208784213255,-0.007329194430974705,0.19827998335997823,-0.8123336669912483,1.7934841536430304,1.2980936134582366
-0.004223945490211029,-0.009197659010180364,9.763908346028621E-4,-0.007333097446082389,0.17944417915470653,-0.7321126094483611,1.806986796886614,1.203394138035281
-0.004201194052326329,-0.009012524881431774,0.0011765591461037688,-0.007234284536100882,0.19340716806652047,-0.85963269390045,1.7180145437465517,1.3249421701105588
-0.004462463156989961,-0.0099967412995481,3.6586218485057575E-6,-0.0077308642203348125,0.09397197928123911,-0.06755287749079514,2.1762491455339,0.6068768506511398
-0.004420758617028076,-0.009781545649098345,2.9304267094275245E-4,-0.007674678777118455,0.13027038293855556,-0.26610196863806784,2.1148014453820134,0.7964910988886114
-0.004310624489146459,-0.009643922621469533,4.5656729818917486E-4,-0.007542991168485324,0.13507130660734826,-0.3845148784928866,2.0042603585819214,0.8780864542009829
-0.004361807541623082,-0.009710640706475523,3.7901183760028666E-4,-0.007605155137750007,0.13302666812178862,-0.32844782881659307,2.056657590560658,0.8389251769119609
-0.004444788972669209,-0.009936031809543357,8.618301228822155E-5,-0.007711238778819394,0.10413173077613504,-0.12465940834428867,2.1562682333098113,0.6593402198442285
-0.004434910865556741,-0.009868379338341254,1.774045880522189E-4,-0.007697383711440623,0.11595787757282565,-0.1869376681187317,2.1398088735342315,0.7200664798692759
-0.00437159912678484,-0.009842709885542473,2.0686047885756925E-4,-0.007630419520180431,0.11048586363981408,-0.21189431361240635,2.0878882318799357,0.7222306908490088
-0.004519231174021732,-0.010319715670630494,-4.4644244909761334E-4,-0.0077643595786304085,0.02929869776541086,0.24189544877636268,2.2283291355569426,0.3070489864362156
-0.004495413554094594,-0.010268689281250716,-3.72410011787486E-4,-0.007747086410229223,0.03852725768675666,0.1902730529143162,2.211529964805715,0.35165542700720276
-0.004474994309799342,-0.010212361537499857,-2.9255172633019976E-4,-0.007732662595003992,0.048836874286829195,0.1347161142617275,2.1962964030163943,0.40164951998975573
-0.004473116214225769,-0.010101527097977753,-1.4033868806888482E-4,-0.007739545500205148,0.07294122226260726,0.03092996594157232,2.1919234553795772,0.5087345860254119
-0.004442140942303315,-0.010158625638650071,-2.1620967453859263E-4,-0.007703513946393669,0.0565571409961295,0.08073529410780508,2.170162880480973,0.44533814002552036
-0.004423857587053654,-0.01004936497606281,-6.750823421088177E-5,-0.007690192951650187,0.07738205352948642,-0.0218018214825991,2.150922015702861,0.5448325181570955
-0.004538761689804046,-0.010539160247362747,-7.525346023528593E-4,-0.007735624317571695,-0.01925661471515509,0.45252629739675226,2.2239882848389816,0.0951439870062593
-0.004471694212596488,-0.01036825537664908,-5.044016646764777E-4,-0.0077059160513148805,0.014048266278500697,0.27979979974790464,2.1891071689970754,0.24944484907195888
-0.004516329712901855,-0.010417807152547927,-5.809730701351219E-4,-0.0077424105431783685,0.006702461544415853,0.3342044090752852,2.219809264515766,0.2098716474281828
-0.004518543159296055,-0.010482651758606479,-6.700886189226441E-4,-0.007729548976422065,-0.007822336810630189,0.39523920499575643,2.2152179089641457,0.14706661518089134
-0.00411120073573602,-0.008191263235091065,0.0019175451368449818,-0.006664921035054352,0.21001600235715676,-1.2824533051597007,1.2642955653887642,1.7132293353536452
-0.004039800062782694,-0.00807849522177633,0.001954491223296183,-0.006532704983851725,0.1983271156736238,-1.2999161243576018,1.1786550536669476,1.7095906196889865
-0.003969416748477056,-0.007949726365162915,0.001996491760749525,-0.006390774921430402,0.18691660761884143,-1.3177767603224153,1.0898202820351157,1.7076802245084834
-0.004073005163308321,-0.00830647209703966,0.0017943042669169309,-0.006718881110208712,0.20287926261335468,-1.2202417308137117,1.3096326943274053,1.6426639470686037
-0.0040949167971433865,-0.008450777269693763,0.0016825754980177923,-0.006831720712863269,0.20366449415791468,-1.1606943092693698,1.3934324397946696,1.5912718111044866
-0.004140985250116968,-0.008910187568287476,0.001258369806759178,-0.007132641379640034,0.18994083595630937,-0.9134649106611813,1.6375757921202052,1.3596853232196622
-0.004084078509339999,-0.008563241890425816,0.0015724120279793183,-0.006893959522112136,0.19870576073533552,-1.099494683325575,1.4447789053987385,1.52815523754205
-0.004076614819568054,-0.008680725651718828,0.0014563024197146327,-0.006957230955621671,0.19214126436808351,-1.0339784832356236,1.4975166978174104,1.461009306682371
-0.004098853299785207,-0.00879315510991565,0.0013575586109997387,-0.0070371685575929405,0.18937404020607426,-0.9755682760482047,1.5613383404067214,1.4090643117953705
0.004031640385907711,-0.007848428071254026,-0.0021150536318800626,-0.006351402577018118,0.19527468642859278,-1.3719547033959156,-1.0566738707811958,1.7740031981868631
0.003954275053925286,-0.0073642943541202335,-0.0023419291938961587,-0.005910917923728339,0.17119675903249007,-1.4509624224950775,-0.8011500094877545,1.8222120498558585
0.003923084891596059,-0.007162027680513373,-0.0024136794445795214,-0.005723322272964403,0.15973000309032892,-1.4679341637855057,-0.7058525334980522,1.8262267934671088
0.00388490684523346,-0.0069663771833495735,-0.0024640581168399785,-0.0055379517549437795,0.1488202882117097,-1.4743576323942902,-0.6199301588033821,1.8194680820144782
0.003850419151645864,-0.006354237863677022,-0.0026316602119593508,-0.004987730747550336,0.12035398480286054,-1.486446214265735,-0.3990712415146017,1.8047970795953625
0.003841056864002105,-0.006584102031273189,-0.0025592688317022335,-0.00518793064961611,0.1300463831838317,-1.4809604553953903,-0.47500392962258414,1.8067832826871715
0.0038603248289351636,-0.006782628577008442,-0.0025114347632692606,-0.005368503934538332,0.1390629087072198,-1.4793206327447515,-0.5467771834373226,1.8144072755012794
0.003595020375020005,-0.006221868517594506,-0.002442525204064363,-0.0048078793928661425,0.10499589794092105,-1.423494381864386,-0.35781321805472804,1.7110986242989974
0.003981056767494904,-0.007590534371798967,-0.0022388326999372436,-0.006113930006588517,0.18086134296054127,-1.418961616481443,-0.9139617099161067,1.8016504357093746
0.003944501444870052,-0.00772980075844632,-0.0021240798574123313,-0.006205876458263667,0.17979464885835034,-1.3724739848492042,-0.9733719537441139,1.7512865604133683
0.003812063522170845,-0.007456594861488856,-0.0021762120980686746,-0.005917513821308981,0.15812604441020442,-1.3856222696138427,-0.8174321792567135,1.7326967316566988
0.004115805239018012,-0.008785192598705005,-0.0013746173627470343,-0.007047024662767459,0.19325849426722422,-0.9847803810878731,-1.5670089527708113,1.4233267179441784
0.004096901356249982,-0.008666224896167708,-0.0014819007982735959,-0.0069653023207121465,0.19615886207911518,-1.048340536882611,-1.5010202268264352,1.4809942035660209
0.004118259411705911,-0.008429008318293194,-0.0017175072450956897,-0.00683521954920216,0.20872534452785904,-1.1786770493189904,-1.3929864511375876,1.6155976323275627
0.004089469818039709,-0.008546685862519304,-0.001591193942630708,-0.006888067347439513,0.1999075409411408,-1.1105431567279824,-1.4388870741290376,1.5402362611787848
0.00403417621374383,-0.008330504637181867,-0.0017475630531324732,-0.0067068894448120775,0.195381050212749,-1.1966971905536015,-1.305532030658432,1.6086688234326356
0.003952106023002615,-0.0079764684685488,-0.001964719610084028,-0.006399931212745219,0.1839508130982501,-1.303349844645432,-1.09763015671901,1.689651197706757
0.00395989264543775,-0.008215181109745402,-0.0017911339521345642,-0.006576201606255689,0.18487269160660816,-1.2200791121907921,-1.2184236328199305,1.6117145838713267
0.003916624567710704,-0.008098393720088866,-0.0018502487281300266,-0.006465890731196108,0.17952232962499962,-1.249431971543457,-1.1456874890176039,1.6292691013607201
-0.0039033504032712995,-0.0078009561368407206,0.0020466468792966364,-0.006237602733592377,0.17611637662080334,-1.3386732216156292,0.9974315239666062,1.710833709968931
-0.003846319299742254,-0.007630044794341428,0.002107199197012764,-0.006072875535572668,0.1659167469436332,-1.3614994232111732,0.9028657935974235,1.7185248767311314
-0.0037867518985429923,-0.0074257905640500565,0.002171930531266039,-0.005880367104142102,0.15526943520075967,-1.3826955153693725,0.7993935457603217,1.7242821462654132
-0.0036548808957705,-0.007270781401037347,0.0021419094668818834,-0.005696531888525849,0.1388671540909048,-1.3664175997681374,0.7124507810020771,1.6830375282328036
-0.003639369108702126,-0.007042120569702932,0.002227251686621961,-0.005506149228067712,0.1329022027736108,-1.3906830083252435,0.6235693027464275,1.7015999806105335
-0.0035212218879716924,-0.006438761976024457,0.0023275804286983647,-0.004970820087312513,0.1082364798247499,-1.4018504642576004,0.41637125836218125,1.6865524161835062
-0.0036635045091942707,-0.006892023537699641,0.0023043555706450977,-0.005391733264467434,0.13017851789918278,-1.4130776837344703,0.5712667816409601,1.7236767205866297
-0.0036938264075548053,-0.006677588346746065,0.002403229650570245,-0.005221910033651276,0.12495416914317801,-1.4360290201091945,0.49909962074567654,1.7457466532265606
-0.0035577583105562893,-0.007147956816429404,0.0021186665467755154,-0.0055591639469875324,0.12780504660609984,-1.3541342514400923,0.6522185044307588,1.655876712207153
-0.003246500339967779,-0.006259574870447643,0.0021481556285000074,-0.004757274872613311,0.09344415521017252,-1.3467345928246226,0.35659185606702465,1.6033093118167194
-0.003269885781108511,-0.005978711571204195,0.0022240321148315908,-0.004537276482454275,0.08787030252212231,-1.3584111197657256,0.293329841936881,1.6140628999000775
-0.0023379340790192988,-0.003915580606050899,0.0016789686875863282,-0.002856542146611584,0.05436434266275658,-1.2493630274339458,0.045047029557102485,1.4511273733063632
-0.003135512284066555,-0.005694857043205983,0.002162874552132072,-0.0042867613482514165,0.07958784787495733,-1.337330838493119,0.23449654923423613,1.5806984877961254
-0.002688972117350772,-0.004336178731174639,0.0019294662863310603,-0.0031878089918184636,0.0579568016280093,-1.2758765294556544,0.06899372124787397,1.4877387898186722
-0.0030408593172547545,-0.005252034510338137,0.00214139299293116,-0.003923910894110115,0.07102821175972686,-1.322602843854446,0.16292340555758292,1.5551772695756867
-0.0028330175970654433,-0.004839418262793265,0.002013495967053676,-0.0035824970283346385,0.06311947281824842,-1.2949267038360988,0.11281302999758465,1.5150975773436441
0.0025013377956984145,-0.0030623344541661815,-0.0018116089431436044,-0.002225696550141447,0.05006028956546298,-1.2433400275906499,-0.008553700963707826,1.4424162097112292
0.0029090296829574988,-0.0035755905666746504,-0.0021143279136750064,-0.00261731639957166,0.052369065618124655,-1.2709281774100105,-0.01676576489356091,1.480585218849024
0.003319831929015496,-0.003985048836774231,-0.0024264214981478435,-0.0029435013047002957,0.054512779151294426,-1.3104035523625777,-0.02269092171048101,1.5330474556646594
0.003601906247328924,-0.005653525972023104,-0.002550990962963114,-0.0043277491111492795,0.0878466950448298,-1.4167502468589699,-0.22335843120886673,1.6909363576823666
0.003513745727887868,-0.005905933807332741,-0.0024371283870992405,-0.0045246536678550655,0.09373565014469408,-1.4053224272070572,-0.2792273397687366,1.6781216737990898
0.0032955104088556357,-0.0044839248236238005,-0.00239483781768164,-0.0033362753125088965,0.061494533262357605,-1.3294000502329582,-0.06480039913876122,1.560964342274179
0.0035553804767886775,-0.005332526891840591,-0.0025503741224106456,-0.004050926426640814,0.07924364697969065,-1.3973498558852715,-0.16424804878137902,1.6593723296075369
0.003456133912735492,-0.004914273824080047,-0.002502625075931838,-0.0036947398554855663,0.0686864548987521,-1.365707474018826,-0.10597485630691297,1.612025012682491
0.0018590273373932183,-0.0032198210244947013,-0.0013376376185152469,-0.002332092026965584,0.051868673137379286,-1.226412119415394,-0.020087904717278518,1.4205546963248583
0.001220071354009216,-0.0028656161446111517,-8.765429929328558E-4,-0.0020668348208525912,0.05126428675750006,-1.2133925915658195,-0.011838294611264788,1.4026092873948637
0.0013948733436118113,-0.0034894389705074722,-9.971990870642693E-4,-0.0025198433887535076,0.05176620852941329,-1.2144825012877645,-0.025518406115129188,1.4041168024540622
-0.0010064174465241886,-0.0028271874133280702,7.226232898560069E-4,-0.0020372834049767583,0.051205028887463734,-1.2105862423038707,0.010062768607875026,1.3988482772954318
-2.95467863513848E-4,-0.002807873623961763,2.1182748761767428E-4,-0.0020197589141584585,0.051376817464283735,-1.2051458255279763,0.0032879377013093013,1.3915942112585478
4.446434015921189E-4,-0.0028209481466488977,-3.1879875862519475E-4,-0.00202956369463478,0.05136138999474737,-1.205655126673749,-0.004883965376612572,1.39229743555092
-0.0018828126248159993,-0.003992812752081075,0.0013414162898384321,-0.002897595838166099,0.05387371981995176,-1.2285959037263081,0.04834973029846937,1.4235412757482337
-0.0013077461873038814,-0.0033811481213902607,9.355867373545052E-4,-0.0024401592559860625,0.052042771574470285,-1.2128869540816003,0.022316411743778245,1.4022660960404212
-0.0015194241551195033,-0.0038109394313572244,0.0010817954323445748,-0.002754853731053578,0.05270157891878062,-1.2159275938874112,0.03687610068390817,1.4061973555032894
0.004239152296194181,-0.009186174259859474,-9.95600160235135E-4,-0.007342770435998679,0.18411861110781755,-0.7429971462482593,-1.8126152209395505,1.2197629722159469
0.00433279468487556,-0.009748259359204973,-3.261044803906365E-4,-0.007581247377176247,0.12113677575846113,-0.2952993340335555,-2.0425080239181597,0.7941117093661926
0.004326791156868957,-0.009826285607814317,-2.2443957903242641E-4,-0.0075837557262816045,0.10617336363667125,-0.22693851958372363,-2.051671669015442,0.7215214685776123
0.004217413753836824,-0.00925028416807731,-9.127649667192557E-4,-0.007346518437198802,0.17251252539586567,-0.6913685942637717,-1.8220303264206168,1.1600276380384111
0.0042948565398232335,-0.009658917360522231,-4.347712298898711E-4,-0.007530102796563457,0.12990589415910545,-0.371074011739734,-1.9961351248879673,0.8588224987762049
0.00424762844928792,-0.009367879351763843,-7.833325447132281E-4,-0.007414163602101828,0.16422863695913478,-0.6053861692988746,-1.882698337304989,1.0826056570819669
0.0042048171616320485,-0.009311645167427312,-8.365632036271359E-4,-0.0073559207212232245,0.16278230874965635,-0.6431165027324723,-1.8349729792788882,1.106644544614889
0.004263718514750932,-0.0095763568176876,-5.323678505789864E-4,-0.0074837983809206,0.13734380780332187,-0.43856121319117763,-1.9540946882570094,0.9173123149017911
0.004238407239414208,-0.009499519117018478,-6.212252295066711E-4,-0.007441844618061887,0.1443106001640451,-0.4996175577024557,-1.915849891072437,0.9711951371209936
0.004220176289494492,-0.009426480336289598,-7.048805301318033E-4,-0.007405295938513813,0.1505401068251303,-0.555919508161135,-1.8820148807601922,1.0227819573572554
0.004371190233423538,-0.009890891400682307,-1.4319720456444984E-4,-0.00763338382369287,0.10091923455125043,-0.1690266791740611,-2.0945480858676646,0.6775499065980355
0.004439936301921164,-0.010036197237826231,4.999274354184394E-5,-0.0077071222557561015,0.0824777772804466,-0.03265499892733543,-2.162256618834659,0.5621494272813324
0.0043980497887378235,-0.009972691407306309,-3.55101531411424E-5,-0.007663881108847129,0.08924924419868686,-0.09390589602505194,-2.124583167378343,0.609757351769337
0.0044645161050005785,-0.01014213896334579,1.954927895444753E-4,-0.007728066950006882,0.06303238696073256,0.0676933302996569,-2.18697311713599,0.46726450106458045
0.004429478337502623,-0.010091653036656763,1.2479037002230124E-4,-0.0076945816840021265,0.06913175414010533,0.01746498859090161,-2.1577421417225646,0.5061623403805813
0.004467809800970631,-0.010257006179398816,3.5267882866861895E-4,-0.00771977245509954,0.038220508954100445,0.1754779212700042,-2.190419381131305,0.3565232003954603
0.004434052923167756,-0.010199239164226307,2.7041323520568566E-4,-0.007691453518846863,0.04684079725708513,0.11743193595299896,-2.1646048484183154,0.4041438590031105
0.004279311126059263,-0.009883020082390292,-1.479508358041316E-4,-0.007540754214298291,0.08897298815669565,-0.17771206889090932,-2.024759284431745,0.6541133206188522
0.00456843318025246,-0.01089420441498868,0.0012373269284454988,-0.007633603919063466,-0.09523197361145286,0.7890947688027147,-2.17288392428592,-0.2445428274385086
0.0045749522396997845,-0.010829504269465842,0.0011555822552125306,-0.00766934790559645,-0.08175206674380286,0.7319078279011003,-2.1951911302940577,-0.18234911630471975
0.0045062093851031505,-0.010427738143549088,5.923232295303814E-4,-0.0077296328133249085,0.0037357977671120617,0.3415402324835815,-2.2112387789131662,0.19836144773471423
0.0044651024340364946,-0.010373744730176566,5.105571226426303E-4,-0.007698026264799598,0.01230494576346662,0.28381746949966313,-2.1836028501817597,0.24280010698139273
0.004425388972574596,-0.01031589063075994,4.2589694265139194E-4,-0.0076672582179145585,0.02120114191157141,0.22393128564894407,-2.1561592856927247,0.2902670227750328
0.004542983033268405,-0.010697329346788983,9.67373986134534E-4,-0.0076889243172063556,-0.05428986983901169,0.601379956222183,-2.2007252661921544,-0.058431099875973884
0.0045511769833981985,-0.010762085922676322,0.0010566298434598936,-0.007672803545006983,-0.0676769196261527,0.6632014039032588,-2.193210479608783,-0.11978990398644261
0.004480076452946979,-0.010662164091742162,8.987884710007149E-4,-0.007636590633989317,-0.048882474524946325,0.5532912103968237,-2.1594194286386537,-0.03215523100490288
0.004478117395181721,-0.010485800641034743,6.64195065629987E-4,-0.007686683608680967,-0.011239620153349887,0.39041304578222585,-2.1837487663235433,0.13682103595321163
0.0044702985855522015,-0.010537931869279413,7.31746716319105E-4,-0.007664898666384845,-0.023001244572094248,0.4369754655722019,-2.171385992045862,0.08539592852101882
0.004434299420662471,-0.010566370643691644,7.590474316524052E-4,-0.007620107578784131,-0.030848776449325415,0.4555046002262251,-2.1400615636721905,0.052854774218535
0.004425247768038381,-0.010618101933234848,8.235205719875634E-4,-0.007595391680757248,-0.04195750889441422,0.5006263666128251,-2.1254268267992025,0.0026979050565204142
0.00468645947491147,-0.011209446377416808,0.0017048260303902693,-0.007580752222236339,-0.15862349106393006,1.1124661187727622,-2.1524876511070743,-0.5368242376462925
0.004671217208795932,-0.011157529911772443,0.0016301124872530638,-0.007597461197223972,-0.14869659925512216,1.0607597264667508,-2.1620494078273933,-0.48868254375964465
0.004674880591269176,-0.011254421735957617,0.0017531231719529413,-0.007540204559238428,-0.16589059399442552,1.1470927711834074,-2.1246340283164113,-0.5778538230845524
0.004602854177064216,-0.010992189759478063,0.0013808505252998428,-0.007620692954742647,-0.11508710050094517,0.8886079386307398,-2.1694877514617903,-0.3352641524922097
0.004556479513931239,-0.010951661009446214,0.0013055951716695877,-0.007594026716234037,-0.10651064740554568,0.8372024918577662,-2.1470270669449003,-0.2993566248055364
0.0046180444742506006,-0.01110588123636959,0.0015337013748474868,-0.007574138266032793,-0.137031593596492,0.9953755275920635,-2.1416005274545746,-0.44108562395829504
0.004579135805082611,-0.011054661769247213,0.001447667260201821,-0.0075636240775270565,-0.12666228972592863,0.9363754065310911,-2.1306019807845247,-0.3943699781516902
0.004208238137859375,-0.009096975240990526,-0.0010852713071478387,-0.007278001520778385,0.18705642756062896,-0.8021482020065899,-1.7575072301927874,1.2692234065999966
0.004148204553309714,-0.009000030128646438,-0.0011658673629707196,-0.0071815825804012684,0.184453645115368,-0.8558982852574072,-1.6804896946777836,1.3042368493454892
0.004126401565917999,-0.008895834416472915,-0.0012663178533397006,-0.00711307009815277,0.18817613683132542,-0.9188931870700708,-1.6229725363105523,1.3608602091735422
-0.004497530630797213,-0.0105936483340642,-8.138495388958525E-4,-0.007676683710893276,-0.03339635379566491,0.4944963290051438,2.184341730800106,0.03574763675273488
-0.004533741706869522,-0.010649545097915268,-9.00254283414859E-4,-0.007696111286286687,-0.04418774860246523,0.5547078876493364,2.2027510849905307,-0.013285916545472568
-0.004572612127042628,-0.010758567748175218,-0.0010604337506630276,-0.00769639089921876,-0.06679864736595503,0.6658249543114865,2.210398855117448,-0.11423783473346961
-0.004553260944027326,-0.010711714741771041,-9.904099057527545E-4,-0.007694309722086874,-0.056786045152799704,0.617282113493763,2.2056915264442334,-0.07101413951406797
-0.004701781836165878,-0.011023578748026841,-0.0014743802894368432,-0.0077062207825096445,-0.12384116394487417,0.9505799625162935,2.2348099843551434,-0.3607963329359895
-0.004662706675020903,-0.010989203724686331,-0.001408108938540263,-0.007683849553726176,-0.11579533572659341,0.9058030401825669,2.216190553662624,-0.32965974135829906
-0.0045893416900948695,-0.010804802560803765,-0.001128986433214449,-0.007694821699035493,-0.0764198654883438,0.7132861062332893,2.2123853821069748,-0.15729467224735716
-0.004605507144546416,-0.010850598253822771,-0.0011969530885398525,-0.007691699748077429,-0.08611968069619895,0.7603021049476983,2.213087985468954,-0.2001159508850887
-0.004622095960456234,-0.010895621138076845,-0.001264303617497558,-0.0076882422216668625,-0.09573106776894023,0.806803443737714,2.2134674979942237,-0.24222679930481059
-0.00463846691707681,-0.01093894293023066,-0.0013294999173044273,-0.00768428476467327,-0.10490425312717232,0.8518137841255918,2.2133478270125195,-0.28281998478844944
-0.004700538137214009,-0.011079818867482412,-0.0015476064288358073,-0.007673440828141959,-0.13520539961121023,1.001688270902236,2.213993665883969,-0.4148757928696211
-0.0047033649154023215,-0.011137143971809581,-0.0016235374861130279,-0.00764267475803002,-0.1463728849452263,1.054668707026578,2.1945317423476403,-0.46930564419261117
-0.004709972854692421,-0.011191521792853824,-0.0016970612440252032,-0.007615994890582238,-0.1567186476820164,1.1059314477922901,2.1777908475371586,-0.5204303795576218
-0.004775220615014011,-0.011288415810672916,-0.0018625429845710426,-0.007619125428949647,-0.17805964515956219,1.2184117294400096,2.1857190781492473,-0.6117490961736368
-0.004725899879045456,-0.011248731301632805,-0.0017794787867504264,-0.007595404307005131,-0.16780567780871622,1.1629534533727506,2.1657231545904256,-0.5738860600559162
-0.005362402565818378,-0.012378069339770916,-0.003637713205201731,-0.007108356262443064,-0.32819943489819775,2.439163502656528,1.8294034225967464,-1.6451733646319013
-0.005337130216557718,-0.012357241768127233,-0.003587604053944296,-0.007112874081052782,-0.3260497708175136,2.403939966458299,1.833284339702068,-1.6207030053665499
-0.005313508622426508,-0.012334848986430327,-0.0035384783636297425,-0.007120439125406032,-0.32391150305743605,2.3696689220691343,1.8394774436502714,-1.5959979965746032
-0.0052899443752022785,-0.012304836985637647,-0.003482941463435903,-0.007137112361231969,-0.32189126578937627,2.3313063538904975,1.8527648051385923,-1.566186153231397
-0.005255196290137184,-0.012256462476302936,-0.003397313327045987,-0.007165458438996864,-0.3183631829322571,2.272325263664523,1.8749509918042058,-1.5193054261467296
-0.005261391200015936,-0.012285378994738725,-0.003430589611143163,-0.0071356954953271405,-0.31864841338231237,2.2948211632436486,1.8517131521419832,-1.5419061662106632
-0.005226377010251841,-0.012247774194130631,-0.0033546862320665435,-0.007150047657021262,-0.3145823937246045,2.2426020143615912,1.8628386386437625,-1.5029385914523228
-0.005149493728658849,-0.012072929943656715,-0.003100342574793184,-0.0072821512009127514,-0.30292130097851594,2.0683427684228985,1.9633954976375085,-1.3487427279760895
-0.005209726931498018,-0.012220543269646097,-0.0033102012563701474,-0.007167605306072917,-0.3127663685499766,2.212137014011471,1.87640536051201,-1.4777831561728723
-0.00518854804075846,-0.01218879129355208,-0.0032561008627125243,-0.007185834689167156,-0.3100364718651188,2.175092155022948,1.8903077871623581,-1.4477743098799367
-0.005169720823913665,-0.012154199914136117,-0.0032019148502226437,-0.007208788942480545,-0.3073572918431909,2.1380261576834063,1.907750103988491,-1.4163394660808288
-0.005156000477295049,-0.012116981075739351,-0.0031507374755522367,-0.007238660528359167,-0.3050001563677707,2.1029724793442153,1.9304135668657023,-1.38429985468035
-0.0047767048681189896,-0.011345630075550091,-0.0019350794598079056,-0.007580600205141018,-0.18769253252409412,1.2692775496148816,2.1600090373930634,-0.6647892189655412
-0.004785494389584785,-0.011410124625226212,-0.0020205235988170265,-0.007542475536496522,-0.19856987103990797,1.3288970686533406,2.13479187768832,-0.72409267838139
-0.0047708411310724815,-0.011463615302203089,-0.0020735516609382745,-0.007487504976643013,-0.2053272732670643,1.3671721644040726,2.0961045413695834,-0.7707744845862976
-0.0048547997587180675,-0.011573821747963897,-0.0022700873275891477,-0.007482623760204401,-0.22755994403044957,1.5005905425373858,2.097784110721687,-0.8761780914800391
-0.004816866762005662,-0.011546598340747402,-0.002207224847235167,-0.007467518213500008,-0.22059486288966654,1.4584731285607875,2.085123304322345,-0.8480774869028016
-0.0047877747813724544,-0.011505156058532705,-0.002135584363292142,-0.007471999279811343,-0.21256447965868377,1.4098078072779108,2.0864870927400525,-0.8088587188431277
-0.004868342586908138,-0.011622287054900433,-0.0023376021761671597,-0.007455118067454025,-0.23499021980583493,1.5471217645656303,2.079202057699899,-0.9199062077419126
-0.005103917528074118,-0.012021129469473405,-0.0029984143949722745,-0.007296163706583594,-0.2953157669556288,1.9985846284133133,1.9728224510106955,-1.2959079539390148
-0.005104419689541602,-0.012064958491289947,-0.003042586103494401,-0.0072488981959156614,-0.2971430913054121,2.0290405213705753,1.9372579620445725,-1.3298622899596777
-0.00507057154220531,-0.011994090785064885,-0.002935334298543689,-0.007293723254988835,-0.28993123181843755,1.9556815531913092,1.9701634233827932,-1.26609280831994
-0.004888666249547433,-0.011669904671905887,-0.0024095463628701435,-0.007433683967428015,-0.2423631718943327,1.596487843692992,2.0651708970948177,-0.9636487990276892
-0.004955914696267968,-0.011782308131442553,-0.0025962787510503352,-0.007396551892718778,-0.2613534904550779,1.7237337037923788,2.041653631758845,-1.0694405500399606
-0.004929501654310383,-0.01174984254208471,-0.002535834423819314,-0.00740127886370278,-0.25525836323866846,1.6827757986128407,2.0439184841832936,-1.0376802205605549
-0.004895225028156117,-0.011721364677661262,-0.0024730007304301148,-0.007394144026517431,-0.24872500766924008,1.6406380861389387,2.0372290455540076,-1.008132567233465
-0.005040209534565949,-0.011959782125110294,-0.002868474538923544,-0.007301141787670579,-0.28442343950813304,1.910246044727031,1.9747998811354954,-1.2316273627371894
-0.00496617255670904,-0.01182354526327174,-0.0026509342135911224,-0.007367082173301947,-0.2660464879293533,1.7616092724863495,2.0207434326921185,-1.1056468350015771
-0.005005234273893935,-0.01185907423962532,-0.0027273124072259673,-0.007369941619811792,-0.2735843808514258,1.8131098724847146,2.0243827949084796,-1.1425955512533683
-0.005012562722517438,-0.011926601138221677,-0.002805862449628812,-0.007309175099598939,-0.2790273487711927,1.8677893458342416,1.9799062769538864,-1.1988565973774208
-0.00499199746762015,-0.011898362944444959,-0.002755728505557004,-0.00731823158126379,-0.27476691522365815,1.8336911979732595,1.985955706957709,-1.1716745121020888
-0.005359530033268528,-0.012416791749934744,-0.0036658511946830387,-0.007055481410674561,-0.32632484860608774,2.4567552947589166,1.7871651452420922,-1.6694855405999365
-0.005346596435344961,-0.012453502615945744,-0.0036781189383449813,-0.006996584765412888,-0.32309112977153465,2.4623940888768905,1.7404646715857894,-1.6868779807254142
-0.005357743902255808,-0.012489861360541579,-0.0037206214159801435,-0.006958188412917988,-0.32245910109532233,2.49004721753235,1.7094358488722199,-1.7138181880995709
-0.014367657266793657,-0.007508824393710732,0.004098715397387292,0.007186109064400792,0.38977523443898815,3.2279524861929683,2.2678969718359276,-1.9601075358065654
-0.014398627023115132,-0.007563853432991156,0.004008130116998804,0.007236983967674575,0.3820782260946342,3.167863054707142,2.3301334818157016,-1.9019664342838547
-0.014375555730159119,-0.007522504135442614,0.004076010610882783,0.0071987573281269675,0.38780366383341686,3.2129428943814893,2.2834866241174403,-1.9456780290234816
-0.014390981507560893,-0.007550087039863995,0.004030764188575357,0.0072243749682445605,0.3838813935954373,3.1829902605223173,2.314742522132527,-1.9166121753298186
-0.014383343512825877,-0.0075362708238362365,0.004053331041854216,0.007211516163537344,0.3857961491778045,3.1979347103814337,2.2991092137936473,-1.9311644817693951
-0.014423315140619702,-0.007577236485088751,0.003958661386557119,0.007227511145131377,0.37575982563297233,3.123592812371081,2.3341670427772367,-1.874522830203263
-0.014415277029369773,-0.007563644999235573,0.003981763477523971,0.007215990693590462,0.3777254850641682,3.1394231004559665,2.3196501726046237,-1.889351557216685
-0.014467712737467742,-0.007661947389093254,0.003821774906199124,0.007302974796308161,0.3651393864032522,3.030941295278773,2.424765203127315,-1.7839850829144852
-0.014460624381125243,-0.007648055946577922,0.0038441496627912067,0.00729075610323551,0.3668112752012476,3.046243855418607,2.410189090246974,-1.7989792218276264
-0.014431339266259715,-0.007591066835860357,0.0039353186910945845,0.007239256750081983,0.3738169305506336,3.1075890984987065,2.348861697416259,-1.8594496456003924
-0.014453574009103317,-0.007633921321444329,0.003866572987527822,0.007277952861265333,0.36850624779638297,3.061371740094565,2.3950833652899424,-1.8140019380353383
-0.014446487703681359,-0.007619555477503597,0.0038891395372286515,0.0072646771881809515,0.3701782942064255,3.076434020018651,2.3795046969821665,-1.8290932772649635
-0.014439160813367964,-0.0076051883034561445,0.003911984599636695,0.007251544538176127,0.37193882014724894,3.091709505845703,2.3639297560605144,-1.8442298180529704
-0.014487270041009784,-0.007731427363896787,0.0037326129690410585,0.007383212970173136,0.36078116036031044,2.977925343615446,2.5071846812014944,-1.718224235329081
-0.014480108416452695,-0.007717351402112048,0.0037557930404257707,0.007371467546395572,0.36237446338928553,2.9943016554580253,2.493052475606552,-1.7340409556068608
-0.0144730396001196,-0.007703255973901902,0.003778762668214006,0.007359403466002207,0.36404858895095144,3.0103779420248222,2.4786460241512347,-1.74970796085682
-0.01446582175450852,-0.007689244543320713,0.003801802717152285,0.007347501732208775,0.3658149957848706,3.0265026392001606,2.4643084468352066,-1.765303563358098
-0.014475152206651234,-0.007675688377611477,0.0037988991431625253,0.007314341952671372,0.3633794943932656,3.014944662052265,2.4387112346578683,-1.7687517966341109
-0.014699061038930978,-0.008291542990765968,0.002847423070571005,0.007831617595663058,0.3210089504883061,2.3244206103073983,2.999422408045122,-1.0590389267062825
-0.014715027642738715,-0.00829397680684609,0.002824939272390591,0.007807596054328833,0.3114543587210404,2.2980307348043962,2.987078232542101,-1.047211138423165
-0.014704405031812395,-0.008306313695911128,0.0028227694810569527,0.007840537225177855,0.3184905375642311,2.3046969958361565,3.0092496117099485,-1.0401723893027253
-0.014693670662807697,-0.00827678912808143,0.0028720346023811353,0.007822625643004693,0.32321030227972936,2.344096288152047,2.9895342396825426,-1.077801031509998
-0.014709585657709112,-0.008279180769324298,0.0028495057856744756,0.007798772808695058,0.3119674820157652,2.3174465151886534,2.9774168794665505,-1.0660272474407682
-0.014688233955621808,-0.008262052251258777,0.002896585705660657,0.007813568244981247,0.32395676342647584,2.363624228387689,2.9795985947243526,-1.0964811347851937
-0.014704078047894168,-0.00826444121539858,0.002874025026742996,0.007789949519560716,0.3127849088494569,2.336849876055768,2.967665610692233,-1.0847701288341216
-0.014682750970092102,-0.008247332503838377,0.002921083345718518,0.007804442973336839,0.323363498540195,2.382962380194771,2.9695857860262103,-1.1151203197145192
-0.014698544026775714,-0.00824973218626896,0.0028984820687423386,0.007781033848050608,0.31404353960383297,2.3561831598250564,2.9577816013691454,-1.1034280748959924
-0.01472038797540143,-0.008308832179349622,0.002800337346245529,0.007816447478880965,0.3109977848375401,2.278612356274277,2.9966647497800865,-1.0283356099523973
-0.014709702589809144,-0.008321101100260938,0.002798088647495924,0.00784937905932946,0.31624594912036547,2.28498940497528,3.018976153994965,-1.021198402113446
-0.014725665656958237,-0.008323733321414605,0.0027757144101588148,0.007825312106620382,0.3105277062462732,2.2591865230246904,3.0061754616021013,-1.0094173487670777
-0.014714953661811803,-0.00833590506071094,0.002773385429199715,0.007858141373314696,0.31422002339631905,2.265324465034772,3.028560258124767,-1.0021231393102417
-0.014720158197241128,-0.008350725434314416,0.0027486708378405816,0.00786682040258453,0.3128156021638501,2.245729604300061,3.03796567718029,-0.9829694308842322
-0.014730858294192448,-0.008338658961332268,0.0027510963234605476,0.00783416914097169,0.3100032868037566,2.239757277733173,3.015607713343277,-0.9904747067153333
-0.01472531614604481,-0.008365562078288624,0.002723960688116083,0.007875410788907902,0.3129460057951683,2.2262038648024913,3.0471703628578246,-0.9637815664954043
-0.014735976370262542,-0.008353584352282228,0.0027264982877460396,0.007842974030425916,0.3092153973782947,2.2203024764468533,3.024942732705739,-0.9715113079739045
-0.014730427458694155,-0.008380414850021051,0.0026992461941377486,0.007883915746737559,0.3141475465807539,2.2066545502645596,3.0561881442355117,-0.9445926108479171
-0.014741060717337426,-0.008368491907390065,0.002701894756769038,0.00785164213594343,0.3080421945287115,2.2007508021921374,3.0341374167983663,-0.9525051050500553
-0.014735492086180697,-0.008395283607075693,0.002674495178792736,0.007892346354506325,0.31466729987996717,2.1869598294510846,3.065070601801644,-0.9253901856512656
-0.014746147354834047,-0.008383385925072902,0.002677243202309718,0.007860120747371621,0.3067864911249209,2.181058413246887,3.0431663317359727,-0.93342988956512
-0.014774322728061406,-0.008514792106028148,0.0024753039434922985,0.007957067557471966,0.30779099679405725,2.026657686671269,3.132359442258283,-0.7697954758834239
-0.014769633284930958,-0.008499800570831098,0.0025002982540964485,0.007949249098359297,0.30898702556281604,2.0469157102207536,3.124341561892427,-0.7894240879820816
-0.014785347593440946,-0.008503190855307074,0.0024787990599754576,0.007924923122948969,0.3011821169819014,2.0217624532491585,3.1108404547496806,-0.778817520783261
-0.014764896782867474,-0.008484823888579554,0.002525273134978283,0.007941350596285075,0.31070292216126766,2.067159498058665,3.116221951695533,-0.8089943357965601
-0.014780604628429922,-0.00848815691728696,0.00250370550458304,0.00791710373580736,0.3015884441301903,2.041819210154646,3.1028214509860543,-0.7983179444373877
-0.014778965067767892,-0.008529798353607843,0.0024503081262549353,0.007964800357505724,0.30803489574825565,2.0064106475262893,3.1402465283559953,-0.7501464170839447
-0.014790022604157604,-0.008518224512469747,0.0024539076604710008,0.007932683699972671,0.3005138895337678,2.00170148638415,3.1187337891299625,-0.7592931747819468
-0.01478810837460224,-0.008559854801395402,0.0024002081403201665,0.007980040848651946,0.30642708887765296,1.9656533510329528,3.155667209662623,-0.7107360451835779
-0.0147835602874755,-0.008544819263429005,0.0024252840039211397,0.007972455748670502,0.30800770390971427,1.98608570039982,3.148007395163536,-0.7304735114487296
-0.014799293864956852,-0.008548312875138707,0.0024040153753516797,0.00794784070819648,0.29914004346899775,1.9613456677153407,3.1340763230970032,-0.7200807612116371
-0.01479467093146948,-0.00853325775102298,0.002428988662027809,0.007940316132679525,0.2996768199507327,1.9815610014786884,3.126472102616536,-0.7397195518851466
-0.014563458889128958,-0.007956756752799632,0.0034053997992920973,0.007605610176140205,0.3482115908275483,2.7561307892730387,2.743009553220661,-1.47591640840077
-0.014572952093697666,-0.007943881658522084,0.0034049241864033213,0.0075728938663124435,0.338532943519702,2.745397319464734,2.7209621257140033,-1.4799555910446793
-0.01452413555302291,-0.00787110415992842,0.0035480652063598823,0.00754011159107171,0.35260642639197187,2.862033056954287,2.666170070650791,-1.578530086895035
-0.014533519868249469,-0.007858112025401775,0.003546791355017105,0.007507213748167541,0.3479793785306346,2.8505314416259506,2.643774742380931,-1.5815497696615768
-0.014543999019492741,-0.007913837755386942,0.0034768620689380643,0.007573208352778867,0.3496575055729794,2.80954892112135,2.705212448029156,-1.5274603892660021
-0.014559899686156591,-0.007915242272083114,0.003452444570027958,0.007551464959699788,0.34192360027314384,2.780967412715441,2.6957117495629994,-1.5142158607978455
-0.014537422618955197,-0.007899572429957714,0.0035006146968007564,0.007562258248483178,0.34990905378894804,2.8270749041887875,2.6923860698874535,-1.5445389247438996
-0.014553360738195844,-0.007900964322433595,0.00347606797472827,0.007540578143036581,0.3436581577041698,2.7985269738059895,2.6829097911765754,-1.5311631016590768
-0.014530801440932151,-0.007885327849796304,0.0035243462738931007,0.0075512273471104235,0.3507188218801753,2.8445481238705916,2.6793743980175813,-1.5615685460072486
-0.014540199396176666,-0.007872403725333035,0.0035231981485838878,0.007518419804674861,0.3467878708613012,2.833257403507518,2.6569420409941475,-1.5647994780739871
-0.014546802857138387,-0.007886690321554288,0.003499635610378763,0.0075295584636473996,0.3453343744062118,2.815942717482874,2.669989045591542,-1.5480128765256345
-0.014582604100802955,-0.00793086747169563,0.0034046334584430416,0.007540467369536446,0.3395827172326029,2.739777174649543,2.6937132853046837,-1.487973698756558
-0.014576042783203083,-0.007916570085741046,0.0034282643499752136,0.007529895980150303,0.34087940899720165,2.75733789306927,2.6812716978596023,-1.504887318446425
-0.014503870314936745,-0.007828559881960462,0.0036190301608758583,0.007506309041241528,0.3602665555357827,2.914371773874825,2.625864456163529,-1.6287524953275552
-0.014519901538358462,-0.007829636074641258,0.0035940103913167623,0.0074848111014881235,0.3503843323257025,2.8850846860137125,2.617164203441048,-1.6149127601357292
-0.014497026275438715,-0.007814421202973041,0.0036425701531660804,0.007494914165959973,0.3606371691963664,2.9315307252373786,2.6122963116199913,-1.6453007914118272
-0.014513025636852875,-0.007815474191303946,0.0036175307804182893,0.0074735606621815385,0.35212079903880095,2.9022638083303316,2.6037192363983617,-1.6314527679233028
-0.014490137873033796,-0.007800304138943856,0.003666076087723615,0.007483444404901736,0.3610701897116401,2.9485577232547446,2.5986018413285663,-1.6617984361088647
-0.014506144940159978,-0.007801330312409992,0.0036409629967929726,0.0074621781655538205,0.3540238253355777,2.919281494870472,2.5901470959153463,-1.64787117657577
-0.014483205177866363,-0.007786208832533607,0.003689567564723458,0.007471890173682091,0.3625821864497718,2.9655374297850816,2.5847454722714063,-1.678236963232494
-0.01449924432454343,-0.007787183032755701,0.0036643444428651056,0.0074506537266402495,0.35576409768512063,2.9361476579205923,2.5764393665355705,-1.6641886650351225
-0.014492288601430425,-0.007773035412508411,0.0036877218061649206,0.0074390386701292536,0.3572094222089492,2.952927403726832,2.5626064387925953,-1.6804377479837498
-0.014536401761839124,-0.007830625983641551,0.003568943857171687,0.007463117352908278,0.3496779697058343,2.8603743788007243,2.6028581539322517,-1.6049006271573745
-0.01454334847565405,-0.007844939291046885,0.003545215887217007,0.007474165569750804,0.34804707757698633,2.8430548064934076,2.6160511443401897,-1.5882741627597208
-0.014501735699946372,-0.007759668057892067,0.0036857110842917584,0.007406141096980131,0.3574353444642282,2.9444632694748134,2.534908020260279,-1.6861389453112248
-0.014494548470298928,-0.00774550109754694,0.0037091750239638395,0.00739462980163703,0.3591484107002088,2.961214106746318,2.521035884255838,-1.7022362513095473
-0.014607285815467807,-0.008057600088913429,0.0032372906341143043,0.007678672006030368,0.3376834862355819,2.6285882567323227,2.8279262425390566,-1.3526598282707176
-0.014617025932516058,-0.008044980502240145,0.0032376102580259935,0.007646119988761871,0.3298977589329107,2.6191133175222956,2.805662097014731,-1.3577917188424136
-0.014588774500088612,-0.00801426371656846,0.0033094423224280987,0.007647852197750052,0.3375683191657117,2.6832129229666086,2.7925576889064008,-1.405897858098676
-0.014604740746197062,-0.008016080799703852,0.003285392594738924,0.00762556800550298,0.3331710299773268,2.655473189348815,2.782027421450248,-1.3929368517949403
-0.014582513384860307,-0.007999857235701383,0.003333466292174873,0.007637411277751193,0.33919795140338715,2.7013868548583937,2.7803677843025443,-1.4235683152525016
-0.014598563734440108,-0.0080016092296176,0.0033092380961570133,0.007615063824433606,0.33449330388222803,2.673447494778639,2.7700127172478495,-1.4103951233542926
-0.014576207035553426,-0.007985470484765415,0.0033574879851124306,0.007626881540774112,0.34250899324333656,2.719656192209733,2.7679930888939723,-1.4411464244683423
-0.014592307029597967,-0.00798712041572733,0.003333129607580788,0.007604485401983998,0.33541074676074106,2.6913874961252966,2.757879522536776,-1.427833764337885
-0.014569855515627573,-0.007971103608784271,0.0033814778027589525,0.0076162758609728065,0.3462153366313491,2.737953439554135,2.7555174417706483,-1.4585940467291139
-0.014585938033506787,-0.007972654122987878,0.0033570734642164785,0.007593931927872464,0.33609657695963385,2.7093710816754215,2.7456616270533005,-1.4452615299901448
-0.01457946800831566,-0.007958244304802468,0.0033810259002702,0.0075834320979669976,0.3370527089792266,2.7274050848148117,2.7333707838349373,-1.4626495352289768
-0.014627043022914135,-0.008032297204306345,0.003237826537995314,0.00761379874881793,0.3302515358818882,2.6145389093337,2.778799575366573,-1.3668375862143949
-0.014620960180515388,-0.008017891564729504,0.003261428732566615,0.007603546271772901,0.3313620512775062,2.632387952781601,2.767033994927953,-1.3841666365459913
-0.014245735661985675,-0.007278384913672491,0.0044473177565572146,0.00693783631341363,0.4206046982818343,3.431991984393776,1.9783167400053314,-2.1736830180828868
-0.014237295565944656,-0.007264954639402076,0.004468926218445516,0.006923519542418888,0.4228193033033953,3.4444332791249885,1.9608113792508417,-2.1859822373005446
-0.014246184509507919,-0.007250399160620962,0.004461407840582834,0.006889694870575194,0.420576782069277,3.425684313808221,1.9357361797495793,-2.183333215821135
-0.014237740513606519,-0.007236990300367113,0.0044827120543001675,0.006875295442923808,0.42278973074712217,3.4376484234576874,1.9182376293971115,-2.1952444787439593
-0.01427033324909289,-0.007318415061879444,0.004383250772442038,0.0069801795655547285,0.4142457989006508,3.394674352930592,2.029874730934368,-2.136645961849901
-0.014262194256803013,-0.007305220346670306,0.004404522446188796,0.006966404589483867,0.41634215866519936,3.4072343398058185,2.013026564866642,-2.149024150720297
-0.01425406691939339,-0.007291842625948691,0.004425776989663738,0.006952157910918901,0.4184632995562943,3.4195411209200937,1.9957661077536442,-2.1613209009986263
-0.014295809045931829,-0.007329646092582365,0.0043339006399646844,0.0069719740697102225,0.4078693810147119,3.351256566045524,2.0365262734390868,-2.110209993518581
-0.014286693553142271,-0.007317371811926159,0.0043562765975745715,0.006961095326342085,0.4101845526381867,3.3657381770161376,2.021808439281259,-2.123068202934426
-0.014305035892319956,-0.007342512139032906,0.0043109230383878575,0.006983560401960791,0.40553373870949766,3.3364908818393952,2.0519137488972983,-2.096906643897792
-0.014313934697605142,-0.007355847382350937,0.004288133898555379,0.006996114896062162,0.40328283884188426,3.322165485388378,2.0679721852335042,-2.08355955699017
-0.014338486234771327,-0.007396668622345265,0.004222272907799906,0.0070365124699040766,0.39707674400316234,3.2818225309734785,2.1173900669085772,-2.044158038539157
-0.014330548789678895,-0.00738303459135306,0.004243932617725154,0.007022885895454895,0.39907872839783737,3.295036346377089,2.100910793131407,-2.057234145105046
-0.01432241532056467,-0.007369405950863707,0.004265815077211612,0.00700933108404729,0.40113659542958713,3.3083951238605196,2.084386548867936,-2.070335172652699
-0.014345115604207285,-0.007439472113141991,0.004183550185237199,0.007099350539639082,0.39512432573392703,3.270537718990806,2.1776226219079344,-2.0170248065083833
-0.014352995806311985,-0.007453480317487521,0.004161230380816902,0.007113197487949189,0.39314180093878853,3.2565558050034418,2.1943012531693284,-2.0031571960961085
-0.01437618548546829,-0.0074949390274399764,0.004094793335708704,0.007153384722284225,0.3873620235137137,3.214260398621946,2.2428109503380775,-1.9614384323045464
-0.014368503876154147,-0.007481203308166428,0.0041168996027636925,0.007140227093495231,0.3892597017714885,3.2284592132781067,2.2268908964746257,-1.9753883545114694
-0.014360816750002002,-0.007467389516653794,0.004138973438732668,0.007126790987808802,0.39119371212729287,3.242482929781515,2.210710196137726,-1.9892558051222002
-0.014346410449957462,-0.007410387829153983,0.0042004823533890795,0.007050139937721579,0.39507914868204863,3.268443347781236,2.1338566171766917,-2.030919793873624
-0.014354429043931726,-0.007424392774175122,0.004178251592606207,0.007063971486777045,0.39305909700274927,3.254710575814428,2.1505476190245005,-2.0173278202350065
-0.014208232960082405,-0.007171458597898219,0.0045650467921829856,0.006791693672376977,0.43044336353557994,3.472369645779854,1.8279451998235174,-2.2408622687202002
-0.014205253916530127,-0.007155496680185306,0.004577424371942098,0.006767079566123906,0.4311383624974953,3.472666839646116,1.804778329177143,-2.2476298153610337
-0.014218217603311928,-0.007181391961793543,0.0045433097481867085,0.006799273852798506,0.42783581808961774,3.4577651478842526,1.840311505475359,-2.2293288313313133
-0.01422927647860602,-0.007193628105091679,0.004518613507770594,0.006809606172667273,0.42501125468095075,3.441811380868329,1.855679996092613,-2.216123930253108
-0.014245181751695733,-0.007223638857163167,0.004476808898234338,0.006845199658449289,0.42091943272373433,3.421518884355077,1.8959406297061172,-2.193062755130655
-0.014241409492489386,-0.007207856348409356,0.0044910566630883214,0.006822089179528979,0.42183112129760486,3.424323216687245,1.8735255294984765,-2.201274357871244
-0.013770275353032685,-0.0065689491376374936,0.005472752542246606,0.006013106245354504,0.5411817926846413,3.8096215730709955,0.9156296495000559,-2.609280111395312
-0.013787905770244467,-0.006577721190514346,0.005441280181117478,0.006021790854132249,0.5360449152989367,3.790556053847889,0.9346456551728063,-2.5971342480631523
-0.01380197360313709,-0.006588147649535113,0.005416213031403722,0.006034654684324522,0.5323458813395209,3.778698598775936,0.954070286332623,-2.588451362880223
-0.013817524628991813,-0.006600300517024695,0.005388413487361743,0.006049757619479612,0.5281738789840311,3.765996516512996,0.97614110518367,-2.5788803391149666
-0.013847548956626165,-0.006634613639067231,0.005334156809054662,0.006097541101524017,0.5208106513231696,3.7510391549260906,1.0324415269205078,-2.5628181712558735
-0.013833230478867127,-0.006615884815937341,0.0053601820665484775,0.006070661506576349,0.5241734983874483,3.75610838379963,1.002547468817587,-2.5699676804435145
-0.013870459726552582,-0.006659711057260634,0.005292190360470034,0.006131335378688083,0.5151232245442826,3.7373022330680015,1.0736305151900487,-2.5493157325536147
-0.013869465910013557,-0.006638499178805071,0.0052949609749349995,0.0060940417042930186,0.5143316380338928,3.7192961418419777,1.0451079905876834,-2.544764493306936
-0.013884854926333706,-0.006679477843010613,0.005265295861415943,0.006159374239697128,0.5117465810930862,3.731787100823925,1.1046028253362812,-2.541411147465992
-0.013904914268043762,-0.006711076352780907,0.005226941854987218,0.006205243288642089,0.5071234752526418,3.7266296926121982,1.15328664660068,-2.5304273185087705
-0.013916476211311252,-0.006724452323295528,0.005204987083321524,0.00622279530632129,0.5041871890928534,3.718876481670814,1.1745895899442103,-2.5227007955834435
-0.013907655369157723,-0.0066896947114944575,0.005223932903269445,0.006165700193315026,0.5052841122152884,3.703458058700011,1.1249924712693777,-2.5235324884751296
-0.013936353077768178,-0.0067331193273270935,0.005168649621042285,0.006227088972916998,0.49857061229723915,3.692978406716119,1.191330440943439,-2.50647197117124
-0.013954969768846956,-0.006788745368059794,0.0051280378765463175,0.006315201165734406,0.49520173084994196,3.7064682042925203,1.2725946602779106,-2.498075670386583
-0.013948880318445463,-0.006754921555328041,0.005143696460285272,0.0062585925049877,0.49568777083492516,3.689862754256907,1.2241438959178081,-2.4988163131234074
-0.013957880094772805,-0.006770499761880629,0.005125556560958721,0.006280940999866475,0.49367358880189177,3.6871784550509106,1.2475737177891941,-2.4930032856135207
-0.013771285471293733,-0.006550094085709799,0.00547019168999171,0.005978814970841191,0.5395197855971503,3.7878370710469444,0.8918011802256229,-2.6016314820294166
-0.013768597080512224,-0.00653176695882502,0.005474132674768848,0.0059470631080759786,0.5389537125359417,3.7724680125821353,0.8673757222993939,-2.597148438048037
-0.013774952235060558,-0.006512005228816932,0.005461787655136851,0.005909588931489165,0.5356745136975164,3.7413174754852734,0.8457050599685129,-2.5843185244261306
-0.013778609282274106,-0.006486556446560358,0.005453832201063318,0.005863410605080447,0.5328352502673726,3.708726357527375,0.8163271413833907,-2.571556022607447
-0.013452871379624367,-0.006118319041027433,0.005943252605592346,0.005282378785980992,0.5964865840474233,3.690549138471258,0.21655728653621445,-2.6073635603070966
-0.013483769227045366,-0.006125907149477589,0.005893435911285634,0.005294764040741813,0.5877454039488184,3.664720679809441,0.24804844076713797,-2.5934975654929
-0.013507488943892957,-0.006132382989666329,0.005855430189339472,0.005304878746905928,0.5812069367716985,3.6455489300073864,0.27226031569412257,-2.582994750553996
-0.01352527312954789,-0.006151818167010743,0.005831192844861313,0.005336742199030325,0.5782056498446143,3.6500998427910636,0.30325227302959284,-2.5841152167765213
-0.013540131316612558,-0.006221741427141862,0.005825391539951181,0.00545494628529328,0.5821132887049235,3.723750555927236,0.3801073078148535,-2.617420786593365
-0.013562462444938951,-0.006241277784304992,0.005791947056527711,0.005486233577779405,0.5775078951905216,3.720606743623591,0.41553870474925064,-2.613850945300174
-0.01354052420100531,-0.006184293761154479,0.005814520643088975,0.005390733739579836,0.5776879982477414,3.6740605567966833,0.34443908882394675,-2.5943603085470834
-0.013675434982231414,-0.00641074509907345,0.005627965102650084,0.005761402993704825,0.5589668815412124,3.7762251272221654,0.6721663053959065,-2.6213542033597688
-0.01367125811186138,-0.006382642304492179,0.005631140995092099,0.005712895384329279,0.5576876632494975,3.7488247488337194,0.6375464786006871,-2.6110056155129153
-0.013579675351258778,-0.006297556374724278,0.005775550357107717,0.005581788563661095,0.5783801376349932,3.771004528228643,0.4854156538174031,-2.6344472605609437
-0.013598505696747157,-0.006311198631508527,0.00574558652983543,0.00560264266592294,0.5738354525274322,3.762760880287354,0.5127461300210207,-2.6283848218199757
-0.01361177235120391,-0.006327528136927538,0.005725746747897036,0.005628903076889949,0.5714175621251457,3.7651208016223223,0.5391296130602159,-2.6275498777119948
-0.013652706243043305,-0.0063591428744073746,0.0056598706819498855,0.00567599006326705,0.5614032189721286,3.7468577715774587,0.5999450242680856,-2.6134276994977017
-0.013634626735198437,-0.006335637367673235,0.00568730098776453,0.005638683617819717,0.5648042872814217,3.7434038055544154,0.5628090921277252,-2.6148649026563837
-0.013580141706227043,-0.006266448642634023,0.005767506555475019,0.005527502173461047,0.5749019410470498,3.730107843414239,0.45344278708623215,-2.616244325851086
-0.013587451882252197,-0.006236468293440654,0.0057477928163875225,0.005474846673896535,0.569311808412932,3.6821952299012706,0.42846091084592597,-2.5938746237251737
-0.013699645833287652,-0.006424832466801087,0.005587050806252129,0.005779744913894194,0.5524222909965754,3.757234768512458,0.7024183282058327,-2.6088270386984997
-0.013732362514801295,-0.006422859965659134,0.005529356954553633,0.005766836925864274,0.5422173574765471,3.7072914001015174,0.7179106744075011,-2.5821043108773227
-0.0137506022994455,-0.006446897448043793,0.005499862383919371,0.005803278422538188,0.538453177029635,3.7073677284424202,0.7554088580586011,-2.5780415200012885
-0.013778099803261326,-0.006457360763372941,0.0054527358010823266,0.0058125511065870395,0.5309813760191878,3.6784015449016247,0.7813667213347112,-2.5603990942628108
-0.014213327637689899,-0.007135993189349977,0.00457226871699946,0.0067262602406629865,0.42908797925405545,3.4524048180885116,1.7741302052096926,-2.2451921347059307
-0.014184366000141122,-0.007127023068637305,0.004625845340501437,0.006737244522559696,0.43654092451726173,3.499744007346574,1.7667200180312579,-2.272976146539697
-0.014174096991330194,-0.007114072973111631,0.004649046951086145,0.006724106762349678,0.4391897377331941,3.5130901059338737,1.7493234067857024,-2.284973147562067
-0.014163246154928907,-0.007102091122953777,0.0046727786505370425,0.006712986583643789,0.4420291195421557,3.527629215249392,1.733315445797688,-2.297161813756835
-0.01415352624842973,-0.007092371196660606,0.00469357961822626,0.006704636558332704,0.4446046939428391,3.540925287145589,1.7203455103083851,-2.307795608540049
-0.014139297661068627,-0.007061735721720278,0.004730173814204584,0.006663518326140558,0.4482256007047063,3.553074761802614,1.676515180035006,-2.3258919927732062
-0.014150607693297394,-0.007076559646253475,0.00470484309495279,0.00667965058251007,0.4452573945827184,3.5395560345700483,1.6971085729545643,-2.3132494562222985
-0.01420265774870922,-0.007123721272213587,0.00459581727739567,0.006715003463141816,0.4317818154147037,3.466752560132781,1.7582019479119246,-2.2574205130398464
-0.01407978443033488,-0.006988748106342997,0.004859705594768525,0.006583988947009023,0.46386804010983307,3.6222126750508474,1.572620450190878,-2.388728986441971
-0.01407547014445003,-0.0069730054508619025,0.004872136450970825,0.006559523450327987,0.4647885042373119,3.621165810414055,1.5493593670878811,-2.39378952692551
-0.014093555112249984,-0.0069998201251302425,0.004831896236636916,0.006592637509698942,0.4600962134173866,3.6038158387882366,1.5884376521460484,-2.3751706309790674
-0.014112052020676134,-0.007007928816375544,0.00479676616474303,0.00659205591168528,0.45517110755362317,3.5755723069485295,1.5993218625069774,-2.3575235777188666
-0.014126143005980918,-0.007019169699769246,0.004768357619483937,0.006600258094545991,0.4514091187845044,3.5565167372422652,1.6148087654680057,-2.343524572802766
-0.014137414466289204,-0.007031979335190439,0.004744272485336453,0.006613283818747726,0.44847713894456565,3.542958174458383,1.6326324137085189,-2.3317862353491114
-0.014146484887237236,-0.007044861289374058,0.004723894417377292,0.0066280906496586555,0.44615415341559395,3.5330546787922787,1.6506416788694411,-2.3218817559301397
-0.01403610563305695,-0.00692180620650268,0.004956175370086642,0.006498271357227277,0.4750515710173571,3.6599654781184836,1.4735902340423939,-2.431752849328906
-0.014069633960759493,-0.0069424909853734165,0.004891276912327835,0.006510137916909201,0.46592992493895674,3.6140072221801076,1.5045685558430257,-2.4005856547590265
-0.014055914716955983,-0.006930499680292648,0.004918769535205655,0.006499182704916176,0.4696437797854043,3.630745457334022,1.4868999986508393,-2.4134466943738526
-0.014081433150929907,-0.006954518011466082,0.004867092672067887,0.0065223843016890826,0.4628775952429816,3.600418248892353,1.5221338963888054,-2.3893307839401188
-0.014036448846606382,-0.006897676937738223,0.004961590527063576,0.006455207906000431,0.47448156204592984,3.644067062165951,1.4383541058465223,-2.431368381533908
-0.01397039032153563,-0.0067993381742648094,0.005098870016021775,0.006324589087932305,0.4909485203342005,3.6883715885672186,1.290237241105259,-2.4853324732690116
-0.014017209535987436,-0.0068505416251732985,0.005006268905114148,0.006385121332980437,0.4788323302803958,3.645759518430418,1.3691114748577407,-2.447200739298367
-0.014011451130574875,-0.006837479702939054,0.005019114259700381,0.006365882694538563,0.48009741093413055,3.6464751518445233,1.3499143368349296,-2.4515935169460867
-0.014000793650403498,-0.006823036965931732,0.005040754867427787,0.006347331361428181,0.4827790599082693,3.6543113780919683,1.328184970888722,-2.4601331259048163
-0.0139871751549185,-0.006810042423286981,0.005067236005420369,0.006333056396617105,0.48636878673433476,3.6679219123532065,1.307965887323116,-2.4712637630370473
-0.014029894903610495,-0.006858561385398795,0.004982180601788735,0.006390698951019918,0.47540619473175344,3.629607213564121,1.3817515659896313,-2.436131433775461
-0.014045423250225557,-0.006871409307113381,0.004951998159855816,0.006402626717552171,0.47132035289047103,3.611721815366304,1.4012876817448683,-2.422611961715921
-0.00791383775538694,-0.014543999019492741,-0.007573214723672498,-0.0034768479347191683,0.17650860973375015,3.688731458349288,-1.7471327561691352,-2.377967655906081
-0.007928123681040955,-0.014550530575541353,-0.00758410077406798,-0.0034530377756386015,0.17889352053752314,3.677579641144948,-1.766009581943596,-2.3666518936957495
-0.007915165650318273,-0.014559983098879096,-0.007551165396014027,-0.0034524460226362072,0.16740124874535403,3.6573129789859613,-1.7448544315888503,-2.362967507970201
-0.00789957242995771,-0.014537422618955197,-0.007562245915802973,-0.0035006410441950804,0.1733748240669605,3.6997715711971098,-1.7281473739865703,-2.389203020301182
-0.00790082858583617,-0.014553450435278573,-0.00754018683155347,-0.0034761135163363694,0.1653167795353628,3.668282298553048,-1.7260556676033356,-2.3740097371803306
-0.0078853278497963,-0.014530801440932151,-0.007551197916059346,-0.0035244092355277788,0.16985741951629507,3.710718246952705,-1.709079433090186,-2.4003046039574203
-0.007886510531975586,-0.014546845285366079,-0.007529171468312396,-0.003499784317958113,0.16337291988928324,3.6791523284832834,-1.707206233015526,-2.384927053737974
-0.007871104159928416,-0.01452413555302291,-0.007540078082116657,-0.00354813677009826,0.16652328390480106,3.7215617222874333,-1.6899675741406766,-2.4112066302755495
-0.007872227691918926,-0.0145401593029368,-0.0075181520938513114,-0.0035234557814722,0.16146932026573557,3.6899380381863964,-1.6883279982454151,-2.3957295079322574
-0.007842720031054358,-0.014510669920930357,-0.007517655276500127,-0.003595402092884796,0.16411870096216133,3.742761574476342,-1.6517021906121443,-2.432351944478555
-0.007829597220973402,-0.014519840947909262,-0.00748475821017422,-0.003594174003213144,0.15399772537734505,3.721417071671716,-1.6312980806979969,-2.427422934327027
-0.00785690150535659,-0.014517425023423979,-0.007528897381357688,-0.0035718005559707603,0.16464866380135834,3.7322631436901665,-1.6708485511495743,-2.4218726315427688
-0.007843791326892502,-0.01452661992853492,-0.007496024737442636,-0.00357068316877042,0.15676730165631067,3.7111345782373024,-1.65042162285917,-2.416990608052068
-0.007857992290092439,-0.014533403806598379,-0.007507128333366391,-0.003547103132886363,0.15934369962070602,3.700623503600383,-1.6694171788442127,-2.4064211067596264
-0.007816283758084462,-0.0145293843431605,-0.007451851921811028,-0.0035926924749799106,0.1518445018903343,3.6962063460583603,-1.6161070807106246,-2.4175375295183117
-0.007802001153743136,-0.014522687650856658,-0.00744015525160763,-0.0036158628988622837,0.14951167923898276,3.705824431966629,-1.5969979978745972,-2.4275036699318338
-0.0077877130439671935,-0.014515878811432374,-0.00742844171468941,-0.0036391178905929105,0.14709358010159249,3.715425805294069,-1.5777842065689611,-2.437417765571423
-0.007703210889293464,-0.014473012545591343,-0.0073592675612693835,-0.003778809063220098,0.13256014103468114,3.7725455289512735,-1.4618796474757543,-2.4953374034373645
-0.007773456939317406,-0.014508935475091021,-0.007416796098234704,-0.003662457610088068,0.1446295813564179,3.7250721678494045,-1.5585043957678115,-2.4473029620808977
-0.00771724241657457,-0.014480114797391475,-0.007371191244587342,-0.003755842849451981,0.1349478882853474,3.7637187185514827,-1.4813290570723525,-2.4861933680339003
-0.007731208997788907,-0.014487321612339822,-0.007382710078404135,-0.0037326906618700244,0.13726149388911535,3.7543886065634022,-1.5006464002263822,-2.4767449978148677
-0.007759261968472758,-0.014501854261824728,-0.007405264567276097,-0.0036858637159709225,0.14212220383467866,3.7347839891785672,-1.5391911169527823,-2.4571616812199255
-0.007745179591583831,-0.014494622832667302,-0.007393939695745364,-0.0037093132721961243,0.13963487134241293,3.7446115716828428,-1.5199021219508555,-2.4670058529268246
-0.007689135566441196,-0.014465869469439603,-0.007347167201939889,-0.003801787638241704,0.13004775253467457,3.781181592533424,-1.4422971532748223,-2.5043415697820883
-0.007675054754851081,-0.014458592650163938,-0.007335070949319633,-0.003824887994964181,0.1274745503200039,3.7898397273597193,-1.4225995245087975,-2.5133136723295384
-0.007661000521784767,-0.014451199551325568,-0.00732300252472047,-0.0038480584216251464,0.12491938597944481,3.798498241122189,-1.4028240926259448,-2.522233761181742
-0.007605123070527505,-0.014421282146752423,-0.007274040509277512,-0.003940125051427411,0.1145013846714185,3.8314336214835794,-1.323309285783606,-2.55642796035028
-0.007618995309811087,-0.014428854418996384,-0.007286257944252938,-0.003917172954532664,0.11715103626798244,3.8233425613386456,-1.3432024625563754,-2.548053040823723
-0.007646974745749219,-0.014443770667058388,-0.007310857967653358,-0.0038711739197194966,0.12238187098465304,3.8069872521845514,-1.382996330601207,-2.53100732243616
-0.0076329634421442695,-0.014436340864621417,-0.007298570456263666,-0.0038941911077456366,0.11979736723724792,3.815224237271807,-1.3631161025083989,-2.539591836452292
-0.007262172426733597,-0.01425518531848403,-0.006900398650434826,-0.004439796127274527,0.04022585537258385,3.9066582239625665,-0.8319472078546397,-2.679948006521794
-0.007222751255520409,-0.014227214022687373,-0.006861175208789813,-0.004507759918963537,0.03147108209718969,3.921983801908778,-0.7697012774084668,-2.6957165815374715
-0.007235069830493081,-0.014236260399729793,-0.006873287447265122,-0.004486086252373258,0.03420904807696162,3.916874250281215,-0.7894249244714362,-2.690661539727298
-0.007248019566332149,-0.014246233149809467,-0.006885390830239713,-0.004462433496930784,0.03702476021079593,3.9103948478259416,-0.8104041623976145,-2.684696434970046
-0.0075773236625441805,-0.014422461713994352,-0.007228569199894427,-0.003959869321133632,0.10685286781659507,3.8132242440368596,-1.2884634399923838,-2.554690467539496
-0.007590982975365112,-0.014430112887487708,-0.007240523160960307,-0.003937241601542297,0.10939490700601107,3.8053111667168555,-1.3079953013836965,-2.5465823023950516
-0.007563312596381967,-0.01443129179843193,-0.007195407914931292,-0.003956578864212544,0.10237120250860059,3.787056641335927,-1.2741144522725822,-2.544325345915737
-0.007480440411307169,-0.014384327989156252,-0.007120096029016316,-0.004091700937955877,0.08640691345870294,3.829573085528434,-1.155280524608779,-2.589208820110423
-0.007549024543474459,-0.014424706791466957,-0.0071809767902512875,-0.003977709949178018,0.09952310703843664,3.791995811572225,-1.2543160728882068,-2.5508816544931396
-0.007520601579206705,-0.014408593937950534,-0.007155491823873172,-0.004024216329645551,0.09411168365450286,3.807076640447231,-1.2137328962715925,-2.5666340274869692
-0.007534248098663311,-0.0144173935220378,-0.007166514183009331,-0.004000245000760245,0.09660496799111278,3.7978356371513926,-1.233639247591457,-2.5580048937682185
-0.007506767220966268,-0.014400432509241945,-0.007143224982407998,-0.004047228665655607,0.09145351954931831,3.8146881823494057,-1.1937311795146568,-2.5743823429302606
-0.0074938959583633865,-0.014391977350091947,-0.007132689026157942,-0.0040699444874902615,0.08906183318187007,3.8232389980155506,-1.1747409137310658,-2.5823457014819984
-0.0074800648359640036,-0.014398641091859513,-0.007102563753186674,-0.004068931697427432,0.08498355075811027,3.800928031446064,-1.1608593711547273,-2.5736325772882536
-0.007466693077914731,-0.01437721318253469,-0.0071062489656602895,-0.00411270295416689,0.08359460658273334,3.8343778444509833,-1.1356750595931386,-2.5952622995290224
-0.0074529302523387445,-0.014369180043657755,-0.007093301712548753,-0.004135104771316169,0.08081240745323597,3.840742210401706,-1.1156026892556528,-2.6021234948204737
-0.007425007314973732,-0.014353106801332838,-0.007066284848069711,-0.0041798953366202546,0.07513858210301728,3.852406103173848,-1.0748448366587924,-2.615212269776276
-0.007438795832384902,-0.014361196693256242,-0.00707953151496252,-0.004157578307065988,0.07795628564950141,3.8464827811039974,-1.0950470646796184,-2.6086879377256693
-0.007411466022305694,-0.014359087438724785,-0.007037348932429575,-0.004178917624992751,0.07129544880180676,3.8307522920185795,-1.061859545227373,-2.606530356316674
-0.007398636584197513,-0.014354725376584818,-0.007021315067682326,-0.004194260852003913,0.06838481531893874,3.8297278722357473,-1.04476939998822,-2.6089273585226347
-0.007383865368763427,-0.014347958788636192,-0.007004698006574322,-0.004214646660578947,0.06521435522490761,3.8316918225425884,-1.0242460920991994,-2.6133571796110497
-0.007369261310859253,-0.014339505072852969,-0.006990073136677331,-0.004237569880174585,0.06218949882258185,3.836756664110682,-1.0030282039724303,-2.6193984330929645
-0.007356319851691208,-0.014329696013840874,-0.00697949538186158,-0.004261612397815965,0.05956496366411298,3.845437991004522,-0.9829256687712329,-2.6270079932460075
-0.0073448642558806634,-0.014319033181597328,-0.00697213054093644,-0.004286117240022898,0.05750903133685927,3.8566959143336907,-0.9639180498924894,-2.6356725813373876
-0.0073301678706422764,-0.014314349125861815,-0.006952789798957274,-0.0043025576500556545,0.054038039708299346,3.853680517925182,-0.9445962042408781,-2.6371573137614313
-0.007261064613123318,-0.014273592369448954,-0.006879794302902747,-0.004409259827433158,0.039068893559347034,3.871186910048952,-0.84288905034661,-2.6607370507613344
-0.007275102113837754,-0.014279372230924523,-0.006897497910602482,-0.004392005030876638,0.042226029572253125,3.8728590416553925,-0.861975043726499,-2.658924183765645
-0.007290510534292161,-0.014284744799888283,-0.006917826191228655,-0.004374540744017213,0.04590316042259218,3.8762427797162085,-0.8823874173679718,-2.657711582276168
-0.00730136138308104,-0.014295855910521975,-0.006924394067559659,-0.004349880183796388,0.04789948341384943,3.8646309027065473,-0.9013419937945154,-2.6491422300880547
-0.007315368789968933,-0.01430629111816942,-0.00693676634059743,-0.004324519328409185,0.05088955899912046,3.85672581965521,-0.9232553617040881,-2.641925090473556
-0.006065467460569717,-0.013303430357716356,-0.005183996338494485,-0.006177208182520711,-0.2517626820470937,3.434370554977867,0.9667334816419647,-2.4313934088798006
-0.006096928840936579,-0.013340413315377926,-0.005241494784462481,-0.006127073818614979,-0.2442844241031177,3.4638938080905706,0.9171132570394892,-2.454268694781049
-0.006079162888329412,-0.013324076875900773,-0.005209577301241463,-0.006147726786648759,-0.2480703490636993,3.4453777056418926,0.9389629510082681,-2.441270010827615
-0.006015133413955741,-0.013278120349767051,-0.005095191077916933,-0.006197676877573429,-0.2581910735381529,3.3714481988462306,0.9970894011685594,-2.392591111370191
-0.006042432648906134,-0.013306680106768215,-0.00514508305736103,-0.006161559044560938,-0.2526461433325384,3.39954002841711,0.9605274313874244,-2.4132777173753577
-0.0060230243531333005,-0.013302129745530081,-0.0051117034834819225,-0.0061607218957050024,-0.2546029657321347,3.37356853361281,0.9652484427335162,-2.398382851514951
-0.005966635984834326,-0.013268942273377913,-0.0050126361762817965,-0.0061906523645449,-0.2616890418054076,3.306330762694724,1.0038337345064823,-2.3555958207673213
-0.00598300835249618,-0.013288131328267462,-0.005042782288468449,-0.006166277650595852,-0.2583258250298073,3.322479119344685,0.9800858068497433,-2.3680720198648255
-0.005927095521070117,-0.013232750830787723,-0.004940875294632558,-0.006231556247950063,-0.26807641461293436,3.2628710225172988,1.0464121320260418,-2.3248310947000856
-0.005948198209482419,-0.013250519218396423,-0.004978975631605961,-0.00621246801427072,-0.264875361665223,3.2866815252923494,1.0259834534400039,-2.34130320279036
-0.006406923893750947,-0.013678067336078785,-0.005753578624662429,-0.005622391834718993,-0.16659000465541052,3.6776098525231222,0.41393458180724485,-2.614686836123807
-0.006405417302581689,-0.013704948411418671,-0.005743701717208898,-0.005574848402845453,-0.1637542430715959,3.6499033075456317,0.380304168640656,-2.6020769248196243
-0.006382733643505889,-0.01366526367278982,-0.005714116897293269,-0.005641317456723082,-0.17140750151760686,3.654999575461814,0.4383357551787876,-2.6015774808827294
-0.006359879169950432,-0.013651721186917891,-0.0056770977630420496,-0.005661334454233443,-0.1761840656022465,3.634656000185487,0.4627930460132214,-2.5895117006489135
-0.006223502569763249,-0.013517102226456208,-0.005459672653534655,-0.005865300947097009,-0.20918529237554043,3.5453318020663263,0.6693793484729146,-2.526270144751976
-0.006271499910101494,-0.013560620639325208,-0.0055385362807691945,-0.0058022733628008616,-0.19824864228524539,3.582924347043203,0.6035027415488274,-2.5520691928519423
-0.00624657847626636,-0.013541565732832522,-0.005497394420364236,-0.005829107499673777,-0.2035043845376088,3.5611874596865545,0.6332474292672567,-2.537993290297747
-0.006334751306808174,-0.013637740205582682,-0.005636071985744889,-0.005681284868764174,-0.18122193466772024,3.6110836486773463,0.48798087396697515,-2.5755790188867587
-0.006321223617531638,-0.01361152635272982,-0.005617492925162373,-0.005724492609016488,-0.18599209190138402,3.613913096186859,0.5255027711010168,-2.574454256656647
-0.00628616362829292,-0.0135867038387224,-0.005560387764985531,-0.005760252067429027,-0.19334194307208197,3.583764031930485,0.5661421838826365,-2.5555559401702674
-0.0062990349401705805,-0.013607282336824664,-0.005579477842169391,-0.005727244859591172,-0.18928796439031673,3.5856963329379203,0.5364699261893199,-2.558838899871406
-0.006262262101331459,-0.01358975261599904,-0.005518442960895612,-0.005749425904902036,-0.19548822569371102,3.5474806835923802,0.5672130042590808,-2.5362956730815585
-0.006095011252013891,-0.013368397625823111,-0.0052400452116820725,-0.006078240679640989,-0.24059664261449495,3.4475614939490744,0.8785659673504381,-2.450484456084746
-0.0061752314983979095,-0.013482210450616733,-0.00537848882129363,-0.005911206545682984,-0.21854000045383024,3.4990508169146612,0.7216848711480317,-2.4964048388600517
-0.006124357666143192,-0.01341910258966463,-0.005292102241073977,-0.006002470445147362,-0.23145591883418318,3.46334330926631,0.8095603444119656,-2.4675169042907465
-0.00610225564707797,-0.013399048864588425,-0.0052538252123095295,-0.006028641383523325,-0.23593659231958525,3.442422244773518,0.8370440062542892,-2.452926854174034
-0.006150143494858215,-0.013459434699287415,-0.0053361354274270925,-0.0059422430886837685,-0.22392842175160485,3.477176772553193,0.7541318064594525,-2.4812374528591
-0.006120537835223358,-0.013447867324475607,-0.0052857235482915285,-0.005952032517789173,-0.22789056579965464,3.4419877809334944,0.7714123890249854,-2.4603590863330833
-0.0061705983934611415,-0.013515265308584842,-0.005368760039792301,-0.005853164271467496,-0.21462033655905532,3.4713469232614886,0.6786532475984135,-2.4858901507850173
-0.006194986719686058,-0.013533662085249447,-0.005409095406180303,-0.005828712100975479,-0.20972113457851219,3.4933099149193523,0.6515859520732374,-2.5002207154479916
-0.005483020675597465,-0.012707177682347224,-0.004040559199591571,-0.006760023915418691,-0.3188017904461799,2.6994682460116186,1.5433535016828728,-1.8913604135052897
-0.005500368718382454,-0.012737682717710017,-0.004083495295798627,-0.006729624696631124,-0.3172276444731387,2.726658398712592,1.5173771716474695,-1.9147167895170383
-0.0053614994870856735,-0.012535681934843852,-0.0037594535536542802,-0.006900680267556289,-0.3204847659476671,2.513354486197175,1.6635309169105768,-1.7417867696276284
-0.0054513987205404854,-0.012691461585378516,-0.003986554638122541,-0.006758482396820255,-0.317450117626433,2.6608151157588154,1.5445380434716103,-1.8669540211253552
-0.005426614327258564,-0.01264986114104838,-0.0039258262514522526,-0.006797370699055597,-0.31881799343291056,2.6218235024299523,1.5774235992661543,-1.83403725676267
-0.005395959373553024,-0.012617934958220238,-0.0038629275085192293,-0.006817484843437996,-0.31841129122698675,2.579423729902062,1.595480307460738,-1.8024581130432626
-0.005375998378695902,-0.012578496336028184,-0.003809112412414869,-0.006855121616644683,-0.31923624780665305,2.544756862977579,1.626558132576289,-1.7720682112897725
-0.0054947370129911815,-0.012778433101770018,-0.0040989776487879844,-0.006667618887731143,-0.3135454850524236,2.7300325218780195,1.4680781984784035,-1.92873558524388
-0.005656790264860188,-0.01293616751107276,-0.004416737710433699,-0.006546104061777572,-0.3050957549501616,2.941250406883317,1.3512928359241672,-2.082946103362243
-0.005585200606930028,-0.012820970207168875,-0.004253214075666912,-0.006669898100666753,-0.31461989069359536,2.841383021245911,1.460774205669556,-1.9985447515552857
-0.005550251281693115,-0.012805946370526422,-0.004193978880117137,-0.006667275280384037,-0.3140212374166924,2.798088348839645,1.4623140641707424,-1.9718555433669118
-0.005515253840802854,-0.012800674035437304,-0.004140580983746503,-0.006650315589731023,-0.3124909457122665,2.7574967388519567,1.4522781361239454,-1.9493645608809278
-0.005631977690105674,-0.012913891312993937,-0.004369172029813628,-0.006563499350227364,-0.3068007168704874,2.9094599489311235,1.3687348937265968,-2.0602661892625633
-0.005593663379813613,-0.012854371920396191,-0.004283100264173583,-0.006626460772242764,-0.3115644904675188,2.8567766082470674,1.4244692065030702,-2.0162240530786733
-0.005610025327901242,-0.01288603869511448,-0.004323124828478694,-0.006590562733446117,-0.3089107345075473,2.880331999782742,1.393414600852437,-2.037392109621303
-0.005896273459265015,-0.013186662845444093,-0.004880416001352397,-0.006291544140937251,-0.27515517942829826,3.2325740610710105,1.1018246939264573,-2.2988186129187174
-0.005907433294312892,-0.013212452603401599,-0.0049044655184074006,-0.0062550991253331545,-0.27143893846327094,3.2414914376209936,1.0699320918799564,-2.309077112536244
-0.005799675877705694,-0.013118270703842212,-0.004706613893458027,-0.006349796447507502,-0.28550498321228285,3.1161193491899684,1.1688545064764362,-2.220972476618764
-0.005823275043821523,-0.013144565698518483,-0.004751761443952796,-0.00632091680205272,-0.28181917648615307,3.1431418156240425,1.1409432482621513,-2.2414046872374915
-0.005845425541218712,-0.013163506344020482,-0.0047923294498142385,-0.006302443230554482,-0.2790693304576944,3.1690906541210393,1.1215610548307902,-2.259556310705079
-0.0058697962123613855,-0.013178484742453504,-0.004835412651824412,-0.00629109324320054,-0.27670217766258315,3.1985839664599998,1.107261087234476,-2.278718241578584
-0.005734229801162405,-0.013053868646174202,-0.004582789266032739,-0.006413428892089333,-0.2929133968659879,3.038304516462658,1.2319981114549596,-2.1641952118722902
-0.005696950755625653,-0.01305502140738539,-0.004525751928373768,-0.006389815180084009,-0.29225854664606116,2.991863645795332,1.2192318637013468,-2.1394932543748695
-0.005748330196027624,-0.01308390046528872,-0.0046150483122081075,-0.006374900065123,-0.2895743567302311,3.054081838910619,1.1984866918209658,-2.1797032286210487
-0.005768189892832719,-0.013107693226116773,-0.004653754462878456,-0.006348942508401001,-0.286241466116476,3.0770166334741167,1.1739943315497046,-2.197449002519623
-0.00565055455196792,-0.012969054440881459,-0.004421611578742917,-0.00649240259532799,-0.3012826319702417,2.9354432933846346,1.3087920928086645,-2.08839320414367
-0.005668079757686606,-0.012997234926816715,-0.004459765981350072,-0.006460625854774105,-0.2984932593468322,2.9574039787293254,1.2806053730746678,-2.107188052429042
-0.005667909456801388,-0.013036124042262382,-0.004474600035571757,-0.0064015416184863986,-0.29401754216548653,2.957034795713785,1.2332220241361773,-2.116298414961737
-0.007209461540610145,-0.01421929699421822,-0.006846138560921402,-0.004527887936852103,0.02840975719762386,3.92379707480481,-0.7497443053156587,-2.699105047620432
-0.007182919733412888,-0.014200902584719418,-0.006818162587099348,-0.004572213660181898,0.02234273559281336,3.9313752402447864,-0.7079673543921974,-2.70787066208802
-0.0071956705439079685,-0.014210670304543073,-0.006830785788776141,-0.004549366812645477,0.025215403635530733,3.9261628014576666,-0.7287413356627263,-2.7028306100883266
-0.007169439824815762,-0.014206167941902093,-0.006789936922974206,-0.004569360948469795,0.018819729732877783,3.9083074945733287,-0.697843843610275,-2.6975969412801986
-0.00710115629565248,-0.01416802856742891,-0.006706873091212967,-0.004664685151979417,0.002771790983657933,3.9058891469553587,-0.598622285971044,-2.7070726949630077
-0.007156863855827766,-0.014200781219448521,-0.006773347869896814,-0.004584329975561802,0.015820374482811175,3.905389101468597,-0.6807612679381426,-2.698094275054242
-0.007142632370284288,-0.014194057899996228,-0.006755062602744124,-0.004602216330179571,0.012474425146470609,3.902993431695353,-0.661018859839377,-2.6990948652679347
-0.007114650700868347,-0.014177208710911299,-0.006722058915599553,-0.004643249964602873,0.005934812203308946,3.9039672847974605,-0.6194804247378224,-2.703997544633015
-0.0071284429826616305,-0.014186019081759272,-0.0067379388881176625,-0.004622215076287621,0.009154541766773992,3.902728891825815,-0.6403432725604157,-2.7011951333166446
-0.007087801326520267,-0.014158757204025344,-0.006691854624431373,-0.0046861113311439245,-3.7506310974676774E-4,3.907841141639284,-0.5778262497007676,-2.7100897800181034
-0.007074429527910371,-0.014149440158871792,-0.006676691289756031,-0.004707513135389556,-0.0035457002022879548,3.909577493086619,-0.5569783218994363,-2.712938558035411
-0.006943937235026471,-0.014073742223966802,-0.0065092985324553395,-0.004883417786567646,-0.0348239952930923,3.8877176542773353,-0.369033882348254,-2.716982144504771
-0.007060617818035744,-0.014139949004544154,-0.006660754760022018,-0.0047292700411984785,-0.006825441319500136,3.910854791787702,-0.5355598971422387,-2.715544481474397
-0.007037252078309247,-0.014115290544933457,-0.006640581819010479,-0.004780894317813757,-0.01241110576413061,3.927008157800209,-0.4916812069255151,-2.727374471581703
-0.007024619595929829,-0.014109462549591084,-0.006623182210237462,-0.004795504291538703,-0.015493958799812304,3.922557796034972,-0.4746153147524334,-2.7265776084522613
-0.007045410470068048,-0.014129086773401807,-0.006643365572954501,-0.00475380623647315,-0.01046905838908598,3.9126308467698325,-0.5116402675088626,-2.7185486524361404
-0.007010160830512126,-0.014101475001925321,-0.006604245524223343,-0.0048143992595139585,-0.01897632586601992,3.919454497694431,-0.4539758110519974,-2.726680594144339
-0.006994357574075793,-0.014091276164097295,-0.006584572313574186,-0.004837470509286815,-0.02285272334581871,3.9181963494850516,-0.4301452518291779,-2.7278751821640106
-0.006974539958606039,-0.014088312393748111,-0.0065519960938676585,-0.004848833074009461,-0.027459943422196435,3.9000715437961695,-0.40961269449832755,-2.720360895539239
-0.006958659053970304,-0.014082129079739028,-0.0065288334957852604,-0.004864441952626276,-0.031281054245127,3.8915563510427416,-0.3897940796008233,-2.717508972642881
-0.007084996952139278,-0.014177514915862326,-0.006670576140949478,-0.004654753911674532,-0.00113883926056601,3.8724722182509557,-0.5906198378510706,-2.6911920767997244
-0.006784655400561188,-0.013971797273334481,-0.00629729696549738,-0.005098449889477066,-0.07358793728403472,3.845780929621498,-0.13898997214934336,-2.706988944908747
-0.006802271276412831,-0.013982709529294007,-0.0063217632985335835,-0.005076233802701917,-0.06931076089268766,3.8525605770662508,-0.16346215924333463,-2.7096055167934696
-0.006838744414366733,-0.014019557861172975,-0.00636239282871278,-0.00500428877722135,-0.059818156582997876,3.844246478719023,-0.22942664352042372,-2.7028746437344537
-0.00682202951543169,-0.014012317764785799,-0.006337712357045743,-0.005020332853610788,-0.06369783448395526,3.8342787398907014,-0.20922218657261352,-2.698736068507552
-0.006802147447555825,-0.014004920263309843,-0.006307483607135392,-0.005037017964076073,-0.0682742444597972,3.8203913938574794,-0.18668555096118808,-2.6926446025606925
-0.006767748835234469,-0.013959394177821757,-0.006274811368191383,-0.005122984180335223,-0.07775570023587473,3.841631642752486,-0.1134741959520905,-2.705631726053212
-0.006750777418164178,-0.013946555232774941,-0.006252248645338518,-0.005148091887362301,-0.08206139837356509,3.83757789723882,-0.08757975753797805,-2.7042353895241633
-0.006765945759955674,-0.013978717426263039,-0.006259993753198754,-0.00508905645145284,-0.07703092500821283,3.8122114998194965,-0.13293378445738366,-2.690315459421593
-0.006853184372292311,-0.014028531268201125,-0.006381807997635896,-0.004985471771023985,-0.05637314896515394,3.8485908230001384,-0.2497950958556789,-2.704126997964375
-0.006903618032435301,-0.0140609295450849,-0.0064478470395584395,-0.004916707898432462,-0.04419952451347191,3.8601175618527437,-0.32264163350998554,-2.7060649377103423
-0.006926282707432681,-0.014084134001247903,-0.0064705570422326,-0.0048700864053309095,-0.038547387401976184,3.8505823069209626,-0.3638384952672867,-2.6987818197777673
-0.0069135099610033255,-0.014072614929158303,-0.00645670484382349,-0.004893662905896269,-0.041665682529099364,3.8536489463318415,-0.34214874852108434,-2.7016749600678245
-0.006867837122823703,-0.014040579418449493,-0.00639934671058794,-0.004961046311493578,-0.05277459274832439,3.8482791784875303,-0.27347246533045294,-2.702822675424328
-0.006885233670221771,-0.01405614834834117,-0.006418999706299244,-0.004929645363741401,-0.048391883577474766,3.8455434101667687,-0.302852473128629,-2.699906023754603
-0.0068384939096353126,-0.014036455203155163,-0.006350669764042649,-0.004974657305837946,-0.059259458353371285,3.819023559736523,-0.24620648871666218,-2.689462510553679
-0.006573013245999435,-0.013824907131011716,-0.005997603819070804,-0.005374838913744955,-0.12494136598042317,3.755163358750487,0.1599746083865716,-2.663411015675122
-0.006552353235324629,-0.013809036183967803,-0.005967555955182864,-0.005402649626033601,-0.12995670481309265,3.7451533404330486,0.18948962550750068,-2.6577864488056693
-0.006525163425266697,-0.013793342664863567,-0.005925597513926594,-0.005429527896467099,-0.13607287408310834,3.725406499666069,0.2216648744436884,-2.6469550572078027
-0.0064985092908122245,-0.013781736391775276,-0.0058828789038575325,-0.00544866707317472,-0.1415398726302726,3.701384649498165,0.24807742828936072,-2.6338983158884868
-0.006480425349755917,-0.013768263143702613,-0.005855813410244238,-0.005471201609151283,-0.14585101845066245,3.6907615775777907,0.2724557377927472,-2.6276626125775366
-0.006454209491802193,-0.013766590435878391,-0.0058104243412336,-0.005472117786153442,-0.1499006319200429,3.656398827461053,0.28552241004318907,-2.609480922657277
-0.006426505702126842,-0.013750030251777887,-0.005767401395091693,-0.0054984961412623545,-0.15574535052008917,3.6352413215129715,0.3167788017427448,-2.5973207866855392
-0.0064024501784943726,-0.013733282252600357,-0.005730548977254357,-0.005525035398467111,-0.16114222397510677,3.618656169351133,0.34630370406548133,-2.58743638693935
-0.006732376677310452,-0.013932064747473551,-0.006227851283119438,-0.005176081223225964,-0.08661732263959715,3.833504786900938,-0.05903540725866422,-2.7027642275582227
-0.00671524082183797,-0.013915764047820692,-0.006206420667820057,-0.005206915837796231,-0.09125638291565592,3.833001912025356,-0.02938490436373056,-2.7029726048191516
-0.006704283150823757,-0.01390118952306447,-0.006194784790945256,-0.005233932100683183,-0.09420759413003958,3.837928977243293,-0.005678999299095116,-2.70571796339738
-0.006689306323950517,-0.013893460595807301,-0.006172126792214743,-0.005248947926556561,-0.0979049760379011,3.8280729572501073,0.012718905848820022,-2.700927648589895
-0.006672539606265929,-0.013879107454679913,-0.006149585107349394,-0.005275725202089588,-0.10204406294955924,3.8241979198957017,0.039715987745978225,-2.6991188916493587
-0.006650363980954182,-0.013872143179772811,-0.006113486765489827,-0.0052893579191330715,-0.10703665076832476,3.8031518692372197,0.06119147448201477,-2.6885218931793866
-0.006578101017498762,-0.013849725840946616,-0.005995883342421536,-0.005330981121212912,-0.12196616383998114,3.7329893183170286,0.12791160215805328,-2.6525149106337094
-0.006624766257935397,-0.013874532217057416,-0.006066899335858544,-0.005286195875625051,-0.11148939862167306,3.765537605859823,0.07332905116166778,-2.6694700469857926
-0.006599242388123598,-0.013864795625010156,-0.006026388458176633,-0.005304141162915994,-0.11686621454095614,3.7433427764580105,0.09895828175327316,-2.6580451110896672
-0.012989747331699383,-0.005774484400176166,0.006538939408890735,0.004622059292051669,0.6760354894565747,3.6001310393407775,-0.46192451129422984,-2.543104544050357
-0.012968911203142265,-0.005758563872441162,0.006561701351702825,0.004588423661282623,0.6782863681694558,3.5882381042793043,-0.4914455450826924,-2.5345668711053957
-0.013123004621524381,-0.005853966289573496,0.006372791555137502,0.004795295960428534,0.6535251956135489,3.6266312157105993,-0.2806660982097664,-2.568838624192906
-0.01314918623434438,-0.005847737405793793,0.006327182542357995,0.004792625230011495,0.6443491936551651,3.5952579357194585,-0.25711270509029865,-2.5542260294412653
-0.013020071069310662,-0.005800020680890005,0.006506659650055057,0.004674398277190776,0.6729189734284732,3.620404763944396,-0.41738633912777295,-2.556897098983556
-0.013014560217134985,-0.005771822846685855,0.00649806036562674,0.004627551034857343,0.6680142953804434,3.57850852733124,-0.4357493791663291,-2.53427172920061
-0.013101482837381037,-0.005834327099259807,0.006396479301387453,0.004757196527867832,0.6558039178406087,3.613076020254837,-0.3135183816155714,-2.560169017578566
-0.013075618830138231,-0.005817655780161302,0.006428412964934862,0.004722180782302674,0.660085234721414,3.6069242835340227,-0.3491612368294212,-2.5548769722067473
-0.013048302827883374,-0.005805716762334986,0.006465046720179979,0.004693757258725148,0.6657374907633562,3.608608886366253,-0.38408146932890913,-2.5533746091565184
-0.013185868163953982,-0.005916198115198943,0.006303587619555046,0.0049132665701896346,0.6465870682295504,3.6701477974324983,-0.18009192366470703,-2.595198731697099
-0.0132000438898493,-0.0059334040719376735,0.006289030808603628,0.004944829598183131,0.6457457440317864,3.6839787899468326,-0.15501914443233797,-2.602988045095834
-0.013224075690811861,-0.005942906476405708,0.006254054975834206,0.004965584227281143,0.6398025263672479,3.6759889165421127,-0.12492804060196505,-2.599947422377619
-0.013186726157013138,-0.005889094038382961,0.006288223635471252,0.004869115968023003,0.6411598760194622,3.6269207751016777,-0.1956645506584377,-2.5729470210126766
-0.013174744970570638,-0.005859303949800684,0.006292169271365654,0.0048179443255261896,0.6388560980612147,3.5915724509612477,-0.224963654083927,-2.553874278845224
-0.013165796039599293,-0.005830473374698066,0.006291411530499504,0.004769442146750761,0.6357096236199462,3.555323137034436,-0.2496753436982984,-2.534317398142576
-0.013257367159626074,-0.005951666242626063,0.006203271830120656,0.004986306225972432,0.6312734227441158,3.6574989265747107,-0.08680394377592181,-2.5916071273500063
-0.013285857410696133,-0.005963927826745634,0.006161880810088249,0.005011225556552083,0.62443467264493,3.6479773082687914,-0.05138126492283413,-2.587502393836205
-0.01331246550051739,-0.005977627262652834,0.006123993298073885,0.00503763688637383,0.6185585161792345,3.6417912707994513,-0.017039346227146385,-2.584840142291211
-0.013340024576968338,-0.0059918313271900185,0.0060844787510960785,0.005064425126108362,0.6125654073413976,3.634559869865544,0.018279425835094076,-2.5814776602327036
-0.013366487616757973,-0.00600525275386752,0.006046182795751056,0.005089237336258489,0.6064825490668714,3.6265913047074716,0.05174293644216025,-2.5775499895967653
-0.013417523092881696,-0.006069340912752395,0.005985683319889509,0.005199197585162307,0.6006055019212714,3.6625105602970893,0.14588296840897394,-2.594822576493255
-0.01339161112051885,-0.006019991147102883,0.00601037632929751,0.005115583867923916,0.601121781633008,3.621175414780225,0.08477470328536184,-2.5747163248403315
-0.013416447871054874,-0.006034039653538668,0.005974515872507948,0.0051402769004248354,0.595584319882506,3.6143870046433153,0.11680503043177094,-2.5710228191029483
-0.013446997980004302,-0.00608158921044706,0.005940610322386814,0.005220430246698799,0.5930297085073123,3.6464859841368167,0.180562182069829,-2.586154997700211
-0.01296961553535227,-0.00572584159313661,0.0065396905557816845,0.004537530172991243,0.6702036991500516,3.534422031021063,-0.5029684774174794,-2.506149592533971
-0.012831759230529172,-0.005650417240768995,0.0067003191572036795,0.00435662623877757,0.6901229427289768,3.489863251817892,-0.6807085085509619,-2.464619474012794
-0.012819124711124527,-0.005624402014735733,0.006700840446713185,0.004310791765431656,0.6861440744750504,3.4534218019735285,-0.700905459413136,-2.4433113387622636
-0.012719506938892178,-0.0055058696894735295,0.006760059085721001,0.004080804092330075,0.6785613077462412,3.303617544296714,-0.8307152921358593,-2.347165795025307
-0.012821839889616594,-0.005593845910263605,0.006675187733133864,0.004266799486966969,0.6771377835473594,3.402870397808518,-0.7039372084027581,-2.4166373114586808
-0.01279266211260812,-0.005573695419589901,0.006703836125369932,0.004221277886314913,0.6792404111271696,3.3834665992318995,-0.7402104801421351,-2.401872311457462
-0.012753915373269812,-0.005517537358864453,0.00671949781420651,0.004117888959680466,0.6734551043308844,3.3102345400258244,-0.7911973904752428,-2.356336803813497
-0.012788489231925574,-0.005532781590098845,0.006680753177871229,0.0041594689826956925,0.6690302746462545,3.321183655891875,-0.7510504245385109,-2.367622172540955
-0.012864648716834083,-0.005659766543496765,0.0066570323048014335,0.004387693694351269,0.6831842520665614,3.488356683629231,-0.640868841796817,-2.4685239802639134
-0.012901579115382797,-0.00566613318145422,0.006605258646561601,0.004415365670563601,0.6746380516889171,3.4788276356681576,-0.5976579380231034,-2.4683294223631065
-0.01293447291586381,-0.0056783146946129594,0.006563184525424335,0.004449085826060091,0.6683762515583674,3.4796443522085316,-0.5576212787161107,-2.4728832650525256
-0.012965444826032504,-0.005688490446465823,0.006522377523272851,0.004478162721900793,0.6621852629851536,3.4774517238889247,-0.5205217779572751,-2.4753397411863847
-0.012601104050132636,-0.005448003719169796,0.006881663124301467,0.003923025503934865,0.6895308239148693,3.244189671828907,-0.9661496997896092,-2.2939165998094393
-0.012634063800950019,-0.0054622853013944535,0.006847196402901629,0.003965128673060949,0.6863463158644519,3.2592591965462883,-0.9288953189886249,-2.3082414615597373
-0.012669576216865338,-0.005470537128534842,0.006803971818681885,0.003999818260921134,0.6803138472410933,3.263322423566359,-0.8888408240215296,-2.316774106819039
-0.012705854296124525,-0.005461980026177009,0.006746806367605628,0.0040105634771418625,0.6692535414583595,3.24036253472957,-0.8487900345458214,-2.31069397230822
-0.012597350520697579,-0.00541040181505917,0.006857180706561349,0.0038689448062574285,0.678727249310838,3.187325455765454,-0.9693182855392896,-2.2626180427606033
-0.01254296806579651,-0.005363910235608286,0.006893468714121103,0.0037682655721063287,0.6758254425550244,3.1258907898466344,-1.0264767626249816,-2.218967526019524
-0.01256292556989653,-0.005376073269944046,0.006876546518976972,0.0037986868804374364,0.6754682935413264,3.1413735495724975,-1.005536924754924,-2.2312244238259407
-0.012337617817571806,-0.005257502743112854,0.0070683984139308,0.003471093859971609,0.6799959179673446,2.9748220330278827,-1.2330132599184047,-2.093218249291303
-0.012376579668426797,-0.005277095967790036,0.007036684875961354,0.003527914793836237,0.6799630912531506,3.0051750006854996,-1.1954281507631601,-2.118463969842725
-0.012463720522599229,-0.0053134973648486065,0.006956307896247167,0.003643402468059304,0.6756112392017625,3.0579999254143195,-1.1072838946877168,-2.166094071724229
-0.012519288254991809,-0.0053501830850251715,0.006913767828080891,0.003732909478036887,0.6764092857918064,3.1080318095706256,-1.0511828907275875,-2.2045800536950746
-0.01249411602947971,-0.0053327102496974815,0.0069326031448178225,0.0036913512521557046,0.6758588553325559,3.084366486587026,-1.0767483170255423,-2.186666779592304
-0.012415874691372668,-0.0052755142028984865,0.006985903698762908,0.0035576205084756007,0.6722854797088691,3.0040347229840965,-1.1525460181226668,-2.1268057322612854
-0.012445245523001764,-0.005284846164446777,0.006956407022687484,0.003592453228418489,0.6696842807212405,3.017290896386493,-1.1226524088757828,-2.1403183454486086
-0.012589401079603428,-0.005374665632041996,0.006840013161268616,0.0038152486689366984,0.6693868330944285,3.1355033837909194,-0.9763592125577184,-2.2331823668480877
-0.0122113553327755,-0.005156103076841341,0.0071309616268716925,0.0032392217836552787,0.6643796520325972,2.8181826561212855,-1.33658774348574,-1.9793958430941074
-0.01225803175892708,-0.005171583466316819,0.007089947937288019,0.003298855445063917,0.6630605296478757,2.847081048253155,-1.2934711325519788,-2.0064210242528238
-0.01220044176177247,-0.00510803306333854,0.007101225225696345,0.0031741868726833165,0.6491556807096573,2.7537149954553226,-1.3315258225841033,-1.942751541590974
-0.012159905213008165,-0.005102109660885697,0.007141844384978643,0.0031306397878022633,0.6521438804929168,2.7370594071715453,-1.369924303534825,-1.9235170844886575
-0.012112149496598923,-0.005104626285780451,0.007197464121584001,0.0030886949231006215,0.6588628952835959,2.727754439994603,-1.4183807779848359,-1.9058190868195488
-0.012076194979620508,-0.0050575375700419424,0.007194217814448541,0.003002693225326088,0.6459133188194705,2.658382620816471,-1.4349023080266412,-1.8600331267976336
-0.011823127819559485,-0.004953200125004572,0.007355525920962588,0.002638240578393638,0.6278564270683648,2.4368979724990627,-1.6210297947638708,-1.6714633448731437
-0.011792658497217352,-0.004924583866764696,0.007357143612376819,0.002578284110518468,0.618185051866851,2.39085107447145,-1.632421389142611,-1.6389267471928428
-0.011891390396433188,-0.004961358013622115,0.00729682262720771,0.0027183041868815293,0.6267778978247183,2.4771217779994488,-1.564131045709024,-1.7134544182208387
-0.011857617881989274,-0.004941555438621098,0.007311269076761469,0.0026636790486471,0.6216026362410487,2.4401165758938483,-1.5843130627410398,-1.684412433309276
-0.01192873360327695,-0.004941264419068637,0.007241260900724756,0.0027366607247468967,0.6176003954602418,2.4701245026130434,-1.52088889097992,-1.7213867820757707
-0.012050023231869742,-0.005006847664493387,0.007176522011647853,0.0029233964861267326,0.6310528438930093,2.589342734667808,-1.438959734084184,-1.8171500850876685
-0.01201863344309615,-0.004970206121154891,0.00717641908252901,0.0028548947581467725,0.6209590576360147,2.536381075702499,-1.452573560571633,-1.7810866435313126
-0.011977492643581767,-0.00494675479484512,0.007197389689727913,0.0027908052112747823,0.6160977419215388,2.495247496816669,-1.4796103104440197,-1.7483868939084408
-0.012308260670200829,-0.005170240239385575,0.007029275541350791,0.0033404400970972925,0.6551915180654292,2.852504800880251,-1.2414487223100876,-2.0213360709827106
-0.012327531222097218,-0.005213293161409473,0.0070427763060504365,0.0034084173405751414,0.6667611351570141,2.9123483711656406,-1.232571636089786,-2.057847276111083
-0.009491288690527901,0.004252374234840399,0.007453188945578838,6.346659520993659E-4,0.13642587091571204,0.07115819351240965,2.011270682998966,0.3774115380637135
-0.009586313084952407,0.004262327039656288,0.00748445741399431,5.196545118737204E-4,0.15433836671792148,0.15822034164258406,2.027503122634385,0.29629182290416467
-0.011057107902123683,0.004592108082675552,0.007575747573762936,-0.0014579753981408107,0.47651065144487764,1.612308592262574,1.938836329104822,-0.9992999370957755
-0.011000889979189528,0.0045784158304690206,0.007591845353425672,-0.0013795019125735421,0.46621500764594864,1.5586684402468267,1.9585906321250968,-0.9516349431115781
-0.009652433137640463,0.004182844099712056,0.007420402833653777,4.2360468164097E-4,0.16048922483994718,0.20395973219395777,1.9734059614328732,0.22673491041179814
-0.01090429259299917,0.004566993163080633,0.007627822303602536,-0.0012498648282496614,0.45069190547704047,1.4722689459660963,1.9981652458574575,-0.8705826473040471
-0.01079707516742534,0.0045083227512553925,0.007615192058418715,-0.0010852508630388507,0.41964648212064576,1.3473726254719833,2.0040723876807003,-0.7713370175821925
-0.010851390786888354,0.0045366027462428555,0.007620882181629748,-0.0011675758398685858,0.43495028683050085,1.4095593978382832,2.000714126539314,-0.8212188871590563
-0.010963460767556282,0.004532702813326013,0.007564779607043204,-0.0013090091710865398,0.4486492884322511,1.4991713924172603,1.945495767509126,-0.9116518766437797
-0.01035854384865795,0.004418417657731342,0.007653083049190656,-4.815541580631423E-4,0.3246538512635421,0.9158085445155745,2.0829385585066724,-0.3838253528371829
-0.010738724813879252,0.004480732787316339,0.007610183713954641,-9.98854696579163E-4,0.4038236351059504,1.2824739658535724,2.0081240611536173,-0.7183851596850998
-0.010415403675233593,0.00441119128160617,0.007634559638813655,-5.553556194885322E-4,0.33329832270690574,0.9642992022534534,2.0633863882709425,-0.4335759386487405
-0.010475636076315712,0.0044286021578240084,0.007638657901922279,-6.385833791773757E-4,0.3481266030820322,1.0259260216081216,2.059786684921938,-0.487215818030207
-0.010674507836094393,0.004459062590809792,0.007611411996256334,-9.078534016452884E-4,0.38825911781836786,1.2159762655722772,2.016928259600593,-0.6614468797493881
-0.010618747535437772,0.004451028568667315,0.007621651217248597,-8.325914276010931E-4,0.3775113950082542,1.163508693386858,2.030951403554622,-0.6131549188247902
-0.01057517297383622,0.004416615000223567,0.00760003375521645,-7.655201916254812E-4,0.36260326002229754,1.1083470915935758,2.020613688292116,-0.5720728134121665
-0.010524033160394717,0.004397453429676323,0.0075949163912103655,-6.939921122811858E-4,0.34952946211706076,1.0547395615501325,2.0227563369245716,-0.5267535262089278
-0.010223590938640729,0.004372786345032005,0.00762631140603659,-2.964284746599811E-4,0.2901810963905032,0.7746328574650195,2.0773338228098086,-0.2632366199178065
-0.010155871277624145,0.00434685805129951,0.007606420350751589,-2.0519412154451327E-4,0.27307793811754305,0.7033065212951083,2.069303658082332,-0.20313393335974964
-0.010088072794237513,0.004320103079864257,0.0075834983011525345,-1.1539985367404959E-4,0.25591058518896154,0.6321671895214145,2.0587484038001223,-0.14342983239742232
-0.010014731819816172,0.004290736012738507,0.007555891975397989,-2.017937100814799E-5,0.23776782795395943,0.5562344796334053,2.045119404733962,-0.0797234817948741
-0.009929817988371318,0.0042474539158104205,0.007511786772616117,8.70418393543402E-5,0.21704564906551524,0.4670575222459084,2.0196112040970586,-0.007544495474011393
-0.009829132950081438,0.00423300639585605,0.007491408286913144,2.124606889951353E-4,0.19641924656794454,0.37242723612098305,2.012770245652867,0.07947273344494625
-0.009744674899509313,0.004216643723334288,0.0074665220578697565,3.1565878061729993E-4,0.17960906300944465,0.29286171252061166,2.0010354497909044,0.1513126061430022
-0.010327522709439076,0.004366876431303387,0.00760606512442821,-4.318247675485557E-4,0.3089919973171746,0.8667176729823992,2.0519174623391696,-0.3547360865276672
-0.010274181158045818,0.004341750776418376,0.0075887532936919026,-3.5872737400982895E-4,0.29415513594894205,0.8090409467870113,2.0446753496376404,-0.30743167282801376
-0.008950571156667074,-0.004072891530057461,0.007093555320064623,-0.0011834306071401895,0.050850225228996064,-0.39440028609566197,-1.7737247520840225,0.7748223181669182
-0.009329262746931221,-0.004252762696486051,0.007406744246346553,-8.3131614735287E-4,0.10802404035085869,-0.07340732829245376,-1.9882310345532928,0.517129258958696
-0.009239970569256585,-0.004200938648891969,0.0073274509606537875,-9.187083391604935E-4,0.09215302531135917,-0.15525186840665664,-1.9339461580529456,0.5802408793450488
-0.009053448552404529,-0.004108499541635286,0.00717034645348294,-0.001090539142729621,0.06407303601559733,-0.3136117524326951,-1.8258919339661699,0.7064044210857171
-0.009149752544655207,-0.004152646906656225,0.007249252226138237,-0.001003075402767408,0.07780101716898148,-0.23394775651320385,-1.880111118234005,0.6419794940083229
-0.009452163343562693,-0.0041826598484086775,0.007376797275998651,-6.639211778474819E-4,0.1261271899608054,0.027156305152733807,-1.9557328267483225,0.3981872310668076
-0.009384826791064947,-0.004184654227912495,0.007359889064468323,-7.440936604576591E-4,0.11522434330127829,-0.03121920650236131,-1.9479143272440453,0.455263299258032
-0.009575714556912961,-0.0041786620716416905,0.007402072230433081,-5.153767802679622E-4,0.14688838537667903,0.13543242951259182,-1.9653959433068835,0.29187844739343594
-0.009505950660935309,-0.004131576241090755,0.007342562539079891,-5.877782646411099E-4,0.13259540018633872,0.06742228772083249,-1.9251442014022009,0.3437086009493226
-0.009708694737994177,-0.004201894098422608,0.007447459477698939,-3.579904195521208E-4,0.17194602323704863,0.25760731629030337,-1.9895059542312492,0.1808426594255185
-0.009639507578631107,-0.00416310723817378,0.0073994998496637095,-4.3572207132090544E-4,0.15655974608061063,0.18902094947144163,-1.9582955220824747,0.2353106991543954
-0.010874694390491072,-0.004582926390848222,0.007657847896351538,0.001218665581201514,0.45128064278086144,1.4573310716291867,-2.02359320238349,-0.8490980247841967
-0.010944984525464389,-0.0045825901161039104,0.007624234009556597,0.001309961044358602,0.46048536306348303,1.5157883008751796,-1.9897898413064092,-0.9071879534370846
-0.01101630015011363,-0.0045619556953297846,0.007567303479453966,0.0013904612147023175,0.4633004428094492,1.5601262376353826,-1.9394065269829495,-0.9600899368824806
-0.009793786885028674,-0.004239597134159606,0.00749451665475294,-2.5729660600271395E-4,0.19095700131418433,0.3420278989408284,-2.0181708384771224,0.11103239575784506
-0.010403914539742792,-0.004418462824828022,0.007644333419825025,5.416815692478728E-4,0.33284576522073994,0.9570667260167759,-2.071759559660442,-0.42389245337510534
-0.010354311256655892,-0.004404492600423194,0.007639610186495882,4.7344512534192636E-4,0.3207605813909422,0.9061849863910918,-2.0735931655549935,-0.3795054960844913
-0.010229822098080077,-0.0043873271956788905,0.007640385489884186,3.062936369569354E-4,0.29400434702011236,0.785516276492034,-2.0870502508177577,-0.26858462220897755
-0.010327187603188112,-0.004364388462252872,0.0076036016229956635,4.3099643859565286E-4,0.30849674582177505,0.8652457277304502,-2.0500747013093235,-0.35409765139512545
-0.010277641431609238,-0.004356171864848372,0.007602777125973978,3.652253795128616E-4,0.2976679697230689,0.8173443692199884,-2.054487913541765,-0.31048127445442636
-0.009887355539138038,-0.004233071718468125,0.0074957303760020905,-1.3965876312976744E-4,0.2072595967384501,0.4248811131727854,-2.0110571226455654,0.028739969136435683
-0.010169873610309126,-0.004347317865817009,0.007605775493009173,2.2350878415277792E-4,0.2757939646870851,0.7160479272453029,-2.067440745432887,-0.215378084244469
-0.01010568036218108,-0.004300347264569145,0.00756297083558819,1.3720731345976322E-4,0.25647602595456204,0.6417581470337513,-2.0418473843632463,-0.15935444445606292
-0.010037926312424708,-0.004260048762613457,0.0075253023050678505,4.9443031419643946E-5,0.23832582424712542,0.5679441284829173,-2.020006021069413,-0.10114153208410408
-0.009966867259863538,-0.004237812431227343,0.0075033959418761694,-4.013933779922152E-5,0.22248469389413048,0.4976644390935308,-2.009943041343789,-0.04020035307532303
-0.010603431175822431,-0.004548428365583575,0.0077267985862708695,8.429268198823348E-4,0.3987072902452566,1.1991259777400172,-2.108522640279887,-0.6097318269289121
-0.010653717755767176,-0.004528246241444367,0.007689329667915729,9.040514613395265E-4,0.40222070882624833,1.2338199554128122,-2.0753602367731268,-0.6518500248475373
-0.010711240674663669,-0.00451515653919739,0.0076555199669548464,9.757901829618453E-4,0.40829843130675986,1.2774363821084271,-2.0439065510648793,-0.699848174436963
-0.010561227681255404,-0.004518231563931369,0.007708115208991047,7.76664013628341E-4,0.3836611049957161,1.1454828995665192,-2.1001346380870767,-0.5694888154697598
-0.010506033162025474,-0.004507388575682083,0.007712157309828503,6.990786800914559E-4,0.37084699023101453,1.0901118835543693,-2.10951172999679,-0.5197902128266283
-0.010465516659073238,-0.004446149291690411,0.007659045406471018,6.29410398779565E-4,0.34999780836998295,1.0249023286720063,-2.0757121686283218,-0.4796930696180089
-0.010438626016514792,-0.004379967973561544,0.007597950246590277,5.789709791941262E-4,0.33138262780034594,0.971470506788229,-2.034288837218729,-0.4519044895799135
-0.01077368922882082,-0.00451059703006912,0.0076269699231734855,0.001055844554455513,0.41674024596585674,1.3286579746465763,-2.0155147826900763,-0.75201703768621
-0.010842645777374902,-0.004515794853035297,0.0076036232104503216,0.0011472294119854896,0.42817974746182014,1.3897466154687204,-1.9897864517853774,-0.8101751216002587
-0.011544112507185476,-0.004770296852784902,0.007424555276381091,0.0021670869762039353,0.5666023381399342,2.099066774247369,-1.7437930536713588,-1.413041849106814
-0.01158730496072803,-0.004729836411005949,0.007351243718556568,0.0021833447315041544,0.5535395469410355,2.0882222350261035,-1.687698320338349,-1.4239648877011193
-0.011496781622706093,-0.004749370649197903,0.007441444843537321,0.002096120908779055,0.5581830864935173,2.050759549449992,-1.7656224386515655,-1.3731097673430475
-0.01144749777708096,-0.0047367486943683396,0.007466660522690631,0.002028965627210026,0.5523016162521994,2.007845012195078,-1.7928825408434625,-1.3345425889374836
-0.011109210449927801,-0.004609734841085086,0.00756435487701439,0.0015332737040982761,0.4873318610841611,1.6651576844701743,-1.9225973302892923,-1.0446540342204749
-0.011169185319282971,-0.004611196962923582,0.0075306062938893985,0.0016086064086010927,0.4935039948678157,1.71179642769358,-1.889504746017716,-1.0910616780552103
-0.011414449167027232,-0.004698847647799366,0.007454035343016366,0.0019621564470212686,0.5383881028921963,1.9537410856915554,-1.792029415095849,-1.2974506086899025
-0.011324506516106088,-0.004670362550023972,0.00748952243538267,0.0018353707137669045,0.5242544345528329,1.8692919736013742,-1.8335694665475197,-1.2240285642669992
-0.011374948459605547,-0.0046672285908937,0.007451508060270789,0.0018931471461519438,0.5259324547893369,1.901379351825629,-1.79857092051178,-1.2587343195536522
-0.011229694188403135,-0.004614809135064397,0.007496993291717913,0.0016846972149893048,0.4997382782176906,1.7591260727316607,-1.856171160424991,-1.1375890262359503
-0.0112923138729544,-0.004611307967834092,0.007453350163336724,0.0017575072720944736,0.5031103009517742,1.8010300356120725,-1.8156274383587243,-1.1821082623525336
-0.011079599800515386,-0.004552166465144221,0.007523636703065017,0.0014641363752179606,0.4672224818974135,1.6028639282485393,-1.899441911927379,-1.0071521163350896
-0.009439054520442386,0.004165148823196338,0.007356985236672925,6.748274824170446E-4,0.12337145825588068,0.013698457936517068,1.9415395643419568,0.4058807845052003
-0.00929766904439091,0.004075932333537176,0.007233639490693155,8.103365887030626E-4,0.09778707193453386,-0.11496029314998298,1.856703773469676,0.5044705576048808
-0.009386055406258207,0.0040930158830537215,0.007275965095857008,7.16094403834925E-4,0.11193951418273781,-0.0393486882491394,1.8828037846423356,0.4358582101058478
-0.009274240008692949,0.0039600458844850014,0.007124871239775566,7.984947789310847E-4,0.09171575594573748,-0.14077789173096178,1.7734893514969452,0.4975220841636107
-0.005170950745816816,-0.0032239796713764844,0.003879788312865362,-0.002294866165387974,0.026596811897817884,-1.3195369269278636,-0.21375370826020976,1.5496569509743632
-0.005018633360925621,-0.00292067157327547,0.0037289123578966472,-0.0020682761627933283,0.027941926315052695,-1.2839694740018532,-0.18300112758467982,1.4996363432495472
-0.005476228718476717,-0.0032806119460081283,0.004132783480141869,-0.00230829721649459,0.02090420761737582,-1.3237254098497064,-0.2739475300057748,1.5581891521821654
-0.0062543319684104795,-0.003769103077445956,0.0048783611332067845,-0.002584432634415605,0.0011990652265538623,-1.3880149707680343,-0.5151831060580089,1.6701173461971528
-0.0064670344267424755,-0.003760240564679731,0.005060920540698893,-0.0025227983663071826,-0.00402187806520684,-1.3680253418338921,-0.5906017300248151,1.651448863148539
-0.0057182214653418465,-0.0035136113255249506,0.004367401194364414,-0.002467431476862567,0.01599739638223017,-1.3580219993705283,-0.33864844007979583,1.6095210777740638
-0.006032417189678437,-0.0036396268798727354,0.0046568554781393654,-0.0025202125199431254,0.008073607417546563,-1.372173063868517,-0.4324341034215901,1.637979186383344
-0.006588151316862305,-0.003581688857403585,0.0051117287735471,-0.002336343365500203,-0.0052230844946939,-1.3097790540945609,-0.6106057445688818,1.5738507432464133
-0.006813839395537994,-0.0036528177092963326,0.0053224670413725425,-0.0023234071535023306,-0.010686982573899198,-1.293432323917347,-0.7066050125720899,1.567138474890872
-0.008554304403526565,-0.003968679790479344,0.006799498234473111,-0.0015111528707516806,0.012317247232161162,-0.6715404202198204,-1.5748802701628752,1.017172568510927
-0.008446211042274497,-0.003975498950037573,0.006738847468397061,-0.001610267041247914,0.0035694195837273923,-0.7421741330283741,-1.536417560721979,1.0877543065762743
-0.008346378066813213,-0.003911211561165693,0.006629509683027464,-0.0016534973116026574,-3.363105471354332E-4,-0.7934018300915692,-1.460651571586838,1.1227536696294538
-0.008215282443933613,-0.0038553780992978443,0.006505712694929863,-0.0017202151817382984,-0.005991396212160231,-0.8582288237367116,-1.3776144614039214,1.1736289635656483
-0.007022163077073526,-0.003728124389223054,0.005523680253295458,-0.0023082860736642155,-0.016187050731143775,-1.2727678540885263,-0.8060506558373935,1.5571388259638306
-0.007207823307746921,-0.003797547081541427,0.005706758487741901,-0.0022866020633025724,-0.0197444700053491,-1.2470961826219134,-0.903800897790293,1.54362380956179
-0.00739599796083814,-0.0038351925824173985,0.005879027130428003,-0.0022263318262398953,-0.022548493764460834,-1.2039259592180864,-1.0000921489365575,1.5091191813079587
-0.007751592059933497,-0.00388350819748784,0.006187733788919858,-0.0020626838630039995,-0.022184993330797178,-1.087716744000091,-1.182996360131004,1.404523078504407
-0.007582529548660372,-0.003851052137782805,0.0060374124387455805,-0.0021383336260725853,-0.022840587097899104,-1.145087653824268,-1.092028546990733,1.4542189999883524
-0.008057574385074585,-0.0038327634546960706,0.006383437238872634,-0.0018207151122863452,-0.012261661004130158,-0.9362312731219282,-1.2994688671706622,1.2455442465512336
-0.007871746591704008,-0.003761201350973787,0.0062083625218150576,-0.001894875906727457,-0.015294277610055617,-1.0073645196921033,-1.1876685758079086,1.3018707636997668
-0.00891556355724786,-0.0039422472606662675,0.006969299738724024,-0.0011581076739626713,0.04816609792572742,-0.41663667453772674,-1.6790881488032674,0.7622296393435207
-0.008795095143977683,-0.003921242112538403,0.0068947631040141245,-0.0012638520874954703,0.03503974601200339,-0.5018554794214758,-1.6300221184766293,0.8401749951136889
-0.008708205453155026,-0.003831794885670332,0.006782378579909082,-0.0012979412280346404,0.02797895675590111,-0.5542991599493794,-1.5488268914568906,0.8697534729016744
-0.008598652693425222,-0.0038681198361119416,0.006750221958912115,-0.0014141742721610782,0.018881984683709146,-0.6304061336125018,-1.5329200167482446,0.952642605948847
-0.009149954838868553,0.003925845526324594,0.007053141894684505,9.162726172570162E-4,0.07454612874477269,-0.23962776983089146,1.7268015810658355,0.5847966190039481
-0.009024100956702042,0.0038704063642931584,0.006958938057881695,0.0010205916034655268,0.059404979426144706,-0.3339899104446245,1.6626604572116486,0.663227723086295
-0.008908971204581007,0.003848550664936359,0.006892176240472752,0.001121845856257334,0.047466381167896705,-0.4167927544506163,1.6190090628638008,0.7387177731462184
-0.008801113421226723,0.0038264025137088927,0.006824753482470975,0.0012115608619525696,0.03635138372682594,-0.49104201378150075,1.5750340944424417,0.8064555506196841
-0.00852112358728929,0.0037929257922221086,0.006652543139550118,0.0014378017153915,0.0138393707467164,-0.6700906071485935,1.4636312129387845,0.9752667364792427
-0.00866184632154993,0.003788981980951929,0.006726740334827044,0.0013163550239156578,0.025896067948737087,-0.5806396551829298,1.5094582409162054,0.8862622197249992
-0.008984176708494555,0.0037631158250152714,0.006858593164321627,0.001014696776140776,0.05546702531992666,-0.36049071476943084,1.5857843981613833,0.6640866731811749
-0.004397891511146208,0.002941206045128144,0.0032485850372650227,0.00212059635936414,0.03720002624690227,-1.285416410085724,0.10405834747349156,1.5004667026325007
-0.004829973903394153,0.003204233720845572,0.0036053658228785116,0.002304903915072265,0.032661170428735564,-1.3159538105909585,0.1582774734946519,1.542696655704502
-0.006987214919861324,0.0037508546829451424,0.005503141707568874,0.00234111359658388,-0.015819557163833774,-1.2858794169883412,0.7965769263608226,1.5745831680345972
-0.007147291184071114,0.0037312480690818136,0.005628349655206374,0.0022585805324754227,-0.016992146779087666,-1.2450215613827604,0.8599400850573246,1.5317144373405787
-0.006849701163550404,0.003629421505417684,0.005344122729294388,0.002291472261513203,-0.011835600247578236,-1.2813400594845759,0.7167440909666888,1.5507222598077364
-0.006280664746984613,0.003685919894632899,0.004880168735285627,0.002506386284228671,0.0014677344239025743,-1.3668498311384918,0.5159737207280363,1.638933787878475
-0.006018878902066399,0.003645088938194852,0.004646300469893763,0.0025277987356453705,0.008840546786223542,-1.3741541494915792,0.4294267685948639,1.6403135254338632
-0.006650117770836676,0.003564302441193286,0.005157770254722228,0.0023033875465149106,-0.0052154441723154706,-1.2974090438152712,0.6301550745159107,1.5607036085040453
-0.006462945335864792,0.003558094381280811,0.005000744973708962,0.002351877772335528,-0.0019032179043134497,-1.3190859740310583,0.5631828573213674,1.58058813035985
-0.005271542614322701,0.003324304168364382,0.003972456988798843,0.002366134727978099,0.024767737335523825,-1.333407792525419,0.23423585665759658,1.5682555175721806
-0.005563115737460776,0.003444275716926445,0.004227435872254811,0.002431269599105944,0.01936652839529407,-1.3487203270838335,0.2988387847049607,1.5951685775598008
-0.00585532068897607,0.003394551136699264,0.004459910980391648,0.002347210032947612,0.013547359584332655,-1.3323231193710192,0.36717576026551585,1.5757914780105209
-0.0044554188241643245,0.0025274355451006558,0.0032691289354548274,0.001802197169815967,0.033760566000305574,-1.2534618483943942,0.10794028115267808,1.455596062038646
-0.004683677730811933,-0.0027237803064850217,0.003454748717076576,-0.0019393546594187983,0.03193555708352342,-1.2676108125701147,-0.13470186483877844,1.4751441283534434
-0.003641192548831941,-0.0022760480854821146,0.0026507641247839157,-0.0016388159375687985,0.040810763620880895,-1.2395389596145174,-0.04677768727474063,1.43684468536359
-0.0042035772787713975,-0.0025039601978152377,0.003078542252748387,-0.0017946994534710108,0.0370417632122528,-1.2524170659982834,-0.08505003070446761,1.4547185935211326
-0.004522819590701702,0.002060050786759951,0.003293064237803203,0.0014519479814163719,0.032830442280585875,-1.2199422112572187,0.10231891484349642,1.4115905547133656
-0.004069686672426,0.0017208564564590483,0.0029481185222048757,0.0012216380752589544,0.03590759007166854,-1.2124484800437993,0.06262280865998864,1.4004212520415262
-0.003610849249235179,-0.0016939135541591444,0.0026140235054615394,-0.001212157593953614,0.039581748502426274,-1.2176860977749102,-0.04060148060246537,1.4075518228942319
-0.0034650359789579876,-0.0010215609534977668,0.002496388752557917,-7.288219111920385E-4,0.03951796181089174,-1.2026530756732565,-0.024285597791090126,1.387606214304769
-0.003806952933508566,0.001088451725909928,0.002742383660152312,7.723950300159974E-4,0.037203939798221765,-1.1973769418840077,0.03496665191365871,1.3803419431204225
-0.003506173177716694,-2.617754675821359E-4,0.0025188580072804784,-1.8608557097134085E-4,0.03887333706033471,-1.1930242525244559,-0.006866647608280238,1.3748049612168203
-0.0036154051210205104,4.432606599674265E-4,0.0025974961561314874,3.1480350028949343E-4,0.03810996650186993,-1.1919208858068464,0.01270190670589833,1.3730927625752898
-0.008411909309596517,0.0037110466423596004,0.006533614069803447,0.0014782931385936284,0.009392297042736615,-0.7234621047237669,1.3810828138140459,1.0107764336782112
-0.008263888985284592,0.003616724996526672,0.0063847749322865155,0.0015324193137999413,0.003801784808091861,-0.7900841265853887,1.2809024879537494,1.058858376386082
-0.008080900166352076,0.0035375946831051764,0.006223855841100318,0.0016076655241146168,-0.0023441147243424914,-0.866395437975255,1.177709596325039,1.1210735417162347
-0.0077538654749152,0.003594611327873058,0.006033360475932723,0.0018466203826796965,-0.012128560402579818,-1.0184599329409574,1.0734451567706624,1.2839128221605085
-0.007325927866391647,0.0035806964711715423,0.005707527425615984,0.0020580861286205758,-0.01399754017858107,-1.1593362463693913,0.8949353908181653,1.423482105647059
-0.007215863210379853,0.0035978548729374707,0.005628713378719981,0.0021209355577177817,-0.016363942068458814,-1.1935067697761943,0.8550855094666648,1.4605107148852896
-0.007568021486617176,0.0035268590627691773,0.005865719940641671,0.001898995371631567,-0.012852678114668116,-1.0705422947142118,0.9755830830163607,1.32618214742537
-0.007411119157954704,0.003510207159061183,0.005741937255254618,0.0019642230441273435,-0.014369570770550183,-1.1170675702313828,0.908504021599229,1.370377762465443
-0.007885673035354415,0.0034558644756582622,0.006052460740344671,0.0016746663154722072,-0.005994520063820483,-0.9364801732816154,1.0715310632709854,1.1789905593867995
-0.011768538787439822,-0.004874941705169706,0.007332422260621891,0.0025062665705088308,0.6018694908782916,2.3262494976920967,-1.625988652496121,-1.599780693822696
-0.011634422861006558,-0.0047536024609096585,0.007335096738381847,0.0022547357068291624,0.5617885658716829,2.136747189519688,-1.666008476666707,-1.4633824646533358
-0.01169158989470935,-0.004788393752478152,0.007319388567369716,0.0023464369332201287,0.5733731685126838,2.200445228884139,-1.6413225646738783,-1.5132761491741074
-0.011753713492533305,-0.00480229300807964,0.007277961006318878,0.002424989935757135,0.5771315819687608,2.245856235011365,-1.5995334876730503,-1.555640502102599
-0.013518184725117805,0.015805754353448817,-0.004727151019731914,-0.0028355810401022408,0.05550514583895655,-1.3686916931236512,0.9724223555264793,1.7362029219438964
-0.013450682278968208,0.01610007848027579,-0.0045930824276906755,-0.0025622793296265433,0.04413832072461268,-1.2441558874895382,0.9830930376089749,1.5667834087216066
-0.013170246832638557,0.016684951254310087,-0.0044009731090841235,-0.0020388492431280014,0.02514576139115168,-1.0012350555066185,1.0292750879061179,1.257253246001315
-0.013343237653609282,0.016394378113387693,-0.004479695137287464,-0.002299777611633242,0.033848143970907345,-1.1239462854383835,0.999205974185747,1.4099005394492397
-0.01290848315548902,0.017429635781204586,-0.004029011982688368,-0.0015146920206597651,0.0054009176303326314,-0.756600565146242,0.9857859429204595,0.941912184572551
-0.01304982491025363,0.01707388920000401,-0.004201896569036908,-0.0017551239081310956,0.014852858174392273,-0.8691664813775745,1.0063479132799857,1.0854727662077066
-0.012759858722641092,0.017811938301394787,-0.0038338146642314494,-0.0012858561257866183,-0.003002978627151893,-0.6479508507160441,0.9522899832143885,0.8057099715127659
-0.013083109197001758,0.0176807214412283,-0.003772290920881295,-0.0014421373618638917,-4.284712804970066E-4,-0.7329516356791128,0.8941464703787403,0.8937751258877586
-0.007729556953612586,0.02269628601605811,-0.001238346598500054,9.542006815977342E-5,0.11401586036337266,0.17696754812153556,0.4795635630545799,-0.1484598093009892
-0.008466703547896418,0.02191000991405563,-0.001697716493383217,1.1354803575310513E-4,0.06416351260350685,0.17193603976765334,0.5361367727278598,-0.13774126804567025
-0.009471512664521812,0.02120003358524553,-0.0021367546166893743,4.72538031512919E-5,0.02164464516649541,0.10191895977775571,0.6169148504940437,-0.059023960827122024
-0.009132726116844781,0.021763245725832554,-0.0018147539768607259,6.390347674316606E-5,0.03812052968753891,0.11626973234553421,0.5650292431433453,-0.08002574761334241
-0.010465820314395686,0.02049849866557397,-0.0025391500191136586,-1.1012601698777381E-4,-0.006808746697292951,-0.0166881265099717,0.7019186108085718,0.0711672247690181
-0.010117542232706526,0.0211947023235837,-0.002145017497394351,-3.6984865831666485E-5,0.001333093264070457,0.023120746962472894,0.6247467696318757,0.01998086073069275
-0.008332167796055686,0.023853915738975925,-6.667178214685873E-4,1.754329211956764E-5,0.11063711953975576,0.08316056803759551,0.49909282961882023,-0.05504911075128529
-0.008904526525626398,0.025,0,0,0.09126986923806335,0.036245923133326474,0.5672878450114178,-7.077286516064641E-4
-0.011123840149627395,0.020420585814844246,-0.002538743303259442,-2.338258501609998E-4,-0.020796755406427118,-0.11547297545283298,0.6969706190701763,0.17132230598533768
-0.011752390157719374,0.019057732252194724,-0.0033005237455437804,-5.820249951754469E-4,-0.01650993750563144,-0.2852728942821919,0.8739090661766894,0.3806897621721496
-0.012116982354155155,0.018843801248685656,-0.0033557013497503034,-7.349788828894999E-4,-0.01574428167690782,-0.3762219084138769,0.8721897455590121,0.4809051800459043
-0.011629348635676063,0.01972763241557859,-0.002892282957560512,-4.248951244910254E-4,-0.022829900715809252,-0.22124210145543197,0.7697215966688152,0.293996608281552
-0.012571829553943007,0.018345543668468526,-0.0035464418062306807,-0.0010180884721833477,-0.011752894816953003,-0.5234925287836466,0.8930237336135336,0.6498596128747235
-0.012477185970066196,0.018816128120699244,-0.003271224857468834,-8.379746471294617E-4,-0.02029475110390247,-0.44427971345990086,0.8279057986755624,0.5466788126464343
-0.013994033495116433,0.01488229490807327,-0.004738786614698498,-0.003867121051316522,0.09708889553417309,-1.7874050381177076,0.6410424789904673,2.2875386786448533
-0.013913589041315039,0.015060058648833426,-0.00475035516736248,-0.0036608619672353843,0.08682016221357271,-1.7104205813022388,0.7202011674262663,2.180784134178751
-0.013809328263651962,0.01575749472692904,-0.004490905974637521,-0.0029426384674816866,0.053230661734229766,-1.404311027663649,0.8169424602414238,1.749650482675133
-0.013893652389083262,0.015281347235101345,-0.004663363257184615,-0.003420289040975489,0.0756102258869845,-1.608011354349767,0.7535986036515667,2.0328244064325465
-0.013869100044916793,0.015500746233451499,-0.0045744971370034575,-0.0031950405201699532,0.0650537864930069,-1.5114210492951428,0.7792501810543483,1.896933034427686
-0.014175572555308717,0.014779082153170626,-0.004568573330260191,-0.0039844891590025315,0.09821205667695342,-1.8063367845704763,0.5027835960934937,2.2948858420352933
-0.014218696796745782,0.014613343662767604,-0.004572015699491815,-0.0041763895684905775,0.10802324351061564,-1.8738748856990368,0.43429711197180315,2.3928114737156356
-0.0143136282740237,0.014533601469252219,-0.004480765662518874,-0.004260538744116102,0.10831680391007925,-1.8865448751213056,0.35207831707861614,2.4024180769013674
-0.014364779394630593,0.014433062968139745,-0.004442712379333592,-0.004373676640860157,0.11394466853315208,-1.9164160104842165,0.2875730909358444,2.445254558799969
-0.014465203103383232,0.014369886533665187,-0.0043339518022158475,-0.004429379853215255,0.11424641443904489,-1.9110750558993599,0.20498598754655536,2.431645829911828
-0.014550662175866685,0.014294222596172707,-0.004243031032924517,-0.004499332813200871,0.11791830087358843,-1.9121320557130044,0.127909094871864,2.4301308640056067
-0.01471038874937709,0.013859506908283172,-0.004068746127144943,-0.004974470801929107,0.14014924835326578,-2.002263611829244,-0.16069160819159808,2.5789812543688
-0.014572065773934195,0.014150996328098827,-0.004232742198358105,-0.0046666313204313595,0.12473219102211609,-1.9595620109095369,0.055146200622884285,2.5044288542867945
-0.014656718565589302,0.014001284157414843,-0.004136559419342715,-0.0048212572423747,0.13195757581938392,-1.97927230496523,-0.06052652941974745,2.5372368327026282
-0.01484755758844937,0.013834391403932146,-0.0039000602980316626,-0.004942286433557548,0.13285007253770845,-1.9443192160165188,-0.23714705827231128,2.487093176343532
-0.014873272413250404,0.013707628363839278,-0.0038565455206127823,-0.00508190181950718,0.1417251907766548,-1.9656831606818463,-0.3196844791665482,2.5296164062924653
-0.014967755606331193,0.013621950261638824,-0.003731273182053151,-0.005132826290355034,0.1406289965213217,-1.9366087311435598,-0.4062524510730077,2.4912045292017537
-0.015032946360369094,0.013494416919623336,-0.0036293043588911055,-0.005244659203895296,0.14610272228997642,-1.92737047954084,-0.5063501637998359,2.488893679200728
-0.01510599601569451,0.01334855958698164,-0.0035068147231272777,-0.005366823211369381,0.1512263530432166,-1.9094092026140785,-0.6217502115814743,2.477868231550913
-0.015099875392536478,0.013213828826236559,-0.0034716114493030226,-0.005527663596062187,0.1597579940150032,-1.9282643945791829,-0.7115127596466853,2.5269618167878427
-0.015153320140653258,0.013109389723841373,-0.003371434601703522,-0.005608021680990942,0.1632958539496809,-1.9044217967457995,-0.7965924362615695,2.505645891424915
-0.01520909479310735,0.012985069885203544,-0.00325643426532252,-0.0057040959091708,0.16638925062412938,-1.8743535082346463,-0.8964387674098292,2.4812168150728726
-0.015450779636735149,0.01181418442474676,-0.0022011204870538677,-0.00663382154685693,0.2057531028819602,-1.4675763752118112,-1.7937582700750816,2.181606076884807
-0.015421847294533247,0.01190010665609759,-0.0023047498760673884,-0.006596380542273953,0.20559172678438567,-1.5238359538324093,-1.7358175358428023,2.2382628291291007
-0.015405958660735866,0.011992999550035549,-0.0024006974730401893,-0.006532442088624288,0.20395372473401588,-1.5707595771931584,-1.6668819140823783,2.2783350474299557
-0.01538446225898787,0.012153731704556449,-0.0025542314860851584,-0.006406975895760014,0.1979065825893581,-1.6408349947661336,-1.542792941161353,2.3312944999211953
-0.015428036864203094,0.012067998896012538,-0.0024435525397418522,-0.006436103319125001,0.19702506775640558,-1.5841802688109758,-1.6008785842816633,2.2687963300829166
-0.01541061202631692,0.012264755323713537,-0.002614058299048271,-0.006269270461961635,0.18936178953760985,-1.6559182421214853,-1.450230888155611,2.31573486455891
-0.01538666685690367,0.012408756580419546,-0.002740480922772705,-0.006152963725905534,0.1839970095706558,-1.7059236856878222,-1.3402495929331497,2.350941911606411
-0.01532784227271832,0.012551646771218856,-0.0028945928139298477,-0.006067363820662268,0.1823816819883855,-1.7703279599501704,-1.2324636472838257,2.4137631281854746
-0.015278169302535245,0.01271259935860551,-0.0030432384664615193,-0.005944180395969548,0.17746029536298819,-1.8212998110904413,-1.1076197215890062,2.4547989521176725
-0.015261570626056561,0.012866788529368256,-0.0031426381798838545,-0.005790648088753777,0.16976123668548826,-1.8401896615990945,-0.9900440452413192,2.4511758329141817
-0.015474727385677995,0.011663177253706894,-0.0020376489822397487,-0.006726550216593989,0.20830365251428856,-1.3783147631195722,-1.9007018678554144,2.102862766403796
-0.015511478788642105,0.011754026132286344,-0.0020947411560846983,-0.006604342790948729,0.2005490667732712,-1.4004772553726879,-1.8179753907398928,2.0946420995792803
-0.015549698847205213,0.011580790666175143,-0.0018989831370995,-0.006687956733374031,0.20195160236165546,-1.289220694383661,-1.9286517579673188,1.9887055405941616
-0.015592609174438598,0.011509308795518532,-0.0017970821147412753,-0.006680977601648821,0.198522686135036,-1.2251458975277394,-1.958700122851696,1.913046668489492
-0.015553114992295716,0.01134229004558266,-0.0016515139447372958,-0.006850248568582919,0.20814112459324807,-1.1458544095491092,-2.092770707805563,1.8720016703170093
-0.015583002818981615,0.011426720005373363,-0.0017199746324322222,-0.0067513697978791795,0.20198681905190072,-1.1822858597379449,-2.0196770043914785,1.883822721681481
-0.015568020477992314,0.011212267411055575,-0.001500897047826265,-0.006910117082656841,0.20946386466794342,-1.0516215027586406,-2.1692359610103917,1.7842442334021833
-0.015591303337287251,0.01127676348423461,-0.0015570439557535064,-0.006836819184217623,0.2044406729211338,-1.0838776239827859,-2.1139117540729058,1.7980441016222777
-0.015584365678465759,0.011098111600558614,-0.0013639621767780519,-0.006951157668274056,0.2096027792621417,-0.9630597831145443,-2.2298807544486654,1.6986337242215281
-0.015604551685763905,0.011156313737587445,-0.0014179137605863051,-0.0068886770120377624,0.2045610408913768,-0.9952801916784233,-2.1815270002397145,1.7149353641696414
-0.015621560644351093,0.010931013778119784,-0.001153880314064241,-0.006979068242854755,0.20650373692249743,-0.8217113983727913,-2.299844678271569,1.5522717546381157
-0.015600209933691999,0.010992918381356284,-0.0012355354031502882,-0.006982025595972195,0.20891086904855416,-0.8779965509862262,-2.280690523474372,1.614660899263622
-0.015617894937852095,0.011046562286250148,-0.0012879403131641019,-0.006928117233990496,0.20447379871292615,-0.9106164502017681,-2.237987857239487,1.6334888563342012
-0.015531770458394245,0.010168234954218895,-2.250507401463149E-4,-0.0073399921715201705,0.21909300551907548,-0.16330794342239052,-2.683594539585241,0.9818803775817918
-0.015501258340297945,0.010064502510914442,-8.879647017097168E-5,-0.007397890767477961,0.22206836843838637,-0.06107216514287827,-2.7359566959913093,0.8993398550628234
-0.015553040331306969,0.010106181015959724,-1.4199385103590728E-4,-0.007308340727618397,0.21548819272924388,-0.10041950028953987,-2.6768322754355562,0.9071430890552573
-0.01534040116111907,0.008893714172560801,0.0015095875356948166,-0.00731057330547233,0.22515390795779852,1.1787821122582063,-2.7465216858201047,-0.30299337927699277
-0.015371412122893512,0.008947164253351817,0.0014243941198429264,-0.007293237165488351,0.22159161415623205,1.1108908280619547,-2.738870488360375,-0.24854596417949118
-0.015406872741274948,0.009133467888835487,0.0011712123215788647,-0.0073377024112174505,0.2198468624492583,0.9142867028607488,-2.7733499789814537,-0.055565800291563654
-0.015422739763794786,0.009077917153991158,0.0012330638297135346,-0.007283006773079386,0.21697620063946596,0.9602162330215273,-2.737671438671877,-0.11657679743762513
-0.015433591856653208,0.009020595368434157,0.0012981490187843573,-0.0072345091802191565,0.21477596852618452,1.00848778323117,-2.7054139988287123,-0.17703425301750916
-0.015429685488045025,0.008963753975353204,0.0013696721336812665,-0.007208720983389704,0.21470437403254208,1.0628128824225922,-2.6867547686954745,-0.23480941561548338
-0.015398597901678246,0.009279904459669619,9.857303338914863E-4,-0.007419482384275152,0.2232003038242575,0.7717251985409442,-2.824812258698884,0.10465751711667302
-0.01542865073888486,0.009325764958232088,9.133026037181844E-4,-0.007387298455689654,0.21990749119190559,0.7137515044400392,-2.803550419415773,0.14684734353998016
-0.015453217025240253,0.009176382432602227,0.0010944765650517064,-0.007281746793998379,0.21461134058363748,0.85166227939624,-2.738657533229762,-0.01804164600434543
-0.01542908862712434,0.009230896150849236,0.001036141660208327,-0.007346725696407566,0.21848257952932107,0.8085258974192673,-2.779428259291104,0.04449818937084988
-0.015520930922516536,0.010005692979070543,-1.006029368704007E-5,-0.007365029536957173,0.21839199582630456,-0.001073827531449026,-2.726529363378207,0.8275159723662516
-0.015517707887006975,0.009952087122393026,6.139042134916004E-5,-0.007369455338934382,0.2186883784020084,0.053411712995517995,-2.737446154911901,0.7748440687306241
-0.015504691993493153,0.00989947249508086,1.3222635162313335E-4,-0.007389050218327616,0.21950745808720587,0.1075534815978034,-2.75676477574716,0.7282658161937628
-0.015472914607963567,0.009737010982516477,3.538075463610075E-4,-0.007425471999488244,0.2212780085638559,0.2780649317856861,-2.7991734417498297,0.5744703905353842
-0.015494173564387259,0.009786406148909592,2.8448513806566357E-4,-0.007396103093497322,0.2191651490360819,0.224286532452267,-2.7756457152798,0.6161724374646685
-0.015503960029116798,0.00984167485424092,2.0950665762262325E-4,-0.007385616985071561,0.21859441303534485,0.16671284030992942,-2.7624570201960466,0.6687591787698507
-0.015438274621134366,0.009529877892376054,6.397053171989189E-4,-0.007439736391149651,0.22237683963561863,0.5007267379504868,-2.8265211895613302,0.36587376764149276
-0.015464545636285267,0.009633078652323997,4.948999957141106E-4,-0.007420260042871266,0.22047142593601926,0.38742913645022087,-2.8062636681770816,0.46696547199858923
-0.01545319661873238,0.009578718480503517,5.703252485125813E-4,-0.0074270264262639085,0.22106634591418536,0.4462947048940747,-2.815007498104697,0.41303079228914363
-0.015512078050777232,0.00968959294424801,4.102671739513089E-4,-0.007350428895441459,0.21553285687090362,0.3212864543512963,-2.758344267918011,0.5057772879816106
-0.015535653855250364,0.009643773745664701,4.657054211773158E-4,-0.007301743466764666,0.21123483223479286,0.36349782162073685,-2.7329474764841533,0.4479382971865095
-0.015459435187013053,0.009369379099345166,8.447939887238841E-4,-0.007351850168395693,0.2170369420507097,0.6591154307166313,-2.7799552590940237,0.1851091934669303
-0.015473361271702927,0.009454720274630691,7.28697239564773E-4,-0.00735743686832307,0.21643299211231187,0.5684969513138389,-2.779796263112587,0.27212935509135805
-0.015474615745985288,0.009495199862634135,6.752520320295774E-4,-0.007367688900685199,0.21661630941041596,0.5270686046459558,-2.7839056228672256,0.31494420822761987
-0.015497885801060455,0.009415314944150746,7.719108317145088E-4,-0.007303403323191521,0.2128168713751257,0.6009435317994286,-2.7480260582515506,0.22250358995569244
-0.01563064468683879,0.010654968349592857,-8.227034947736787E-4,-0.007074682963294033,0.20684270263587098,-0.5942260866673025,-2.428047930538187,1.3385732129213757
-0.015615960701300936,0.010585985284006403,-7.429868066822525E-4,-0.007119752898006939,0.20928502347037004,-0.5386775716109394,-2.4693564470089098,1.2947399339343626
-0.015654605868688155,0.010536997739316043,-6.720827845518219E-4,-0.007071935304879122,0.2042662911368724,-0.4858381434108705,-2.45702197496885,1.2238032258900873
-0.015639753406994614,0.010471620656973647,-5.955470196453666E-4,-0.0071122276535019,0.2062004603686591,-0.43194309419439975,-2.493685916114325,1.1804878606477782
-0.015578153426997388,0.010339076187516581,-4.413767688247671E-4,-0.007240041370934481,0.2138433175491992,-0.32259127121136455,-2.592473728706547,1.1099264366083021
-0.015611028702822381,0.010405583253010798,-5.195276110615517E-4,-0.007173359159120963,0.20980790719640777,-0.3783128958181347,-2.541468752110273,1.1449550718963002
-0.015575660299396533,0.010220602494233458,-2.891071490905659E-4,-0.007261166166867518,0.2135256133329221,-0.20983937413458267,-2.628812599685912,1.0017070899659808
-0.015614511254974494,0.010279478869520109,-3.5964208209686275E-4,-0.007189576661340205,0.20849600380205582,-0.26109787684901686,-2.577185082206425,1.029601833102176
-0.015647489809219855,0.010855363327629554,-0.0010545141269685291,-0.00697280725995397,0.2040836028549147,-0.7525103953367035,-2.32052748295697,1.4752039117104736
-0.01567691690587836,0.010778191309842632,-9.528710260209731E-4,-0.006958508919061415,0.20060910472811858,-0.6805197980929231,-2.3362303650826335,1.3933562643475679
-0.015695555391340498,0.010692927342818058,-8.462581007187337E-4,-0.006960407324874517,0.199176869615028,-0.6057750265950922,-2.360702915390203,1.314127435176112
-0.015370759612122342,0.00883650886018758,0.0015593694300023034,-0.007224520211517629,0.22060180865722914,1.2123590955839483,-2.6883494553620584,-0.3624905513100715
-0.015320797379439425,0.008783313563866956,0.0016569857616117573,-0.007268445062617041,0.22599349665075247,1.2918673222023696,-2.7113407163012626,-0.4174599784863079
-0.015298520461244742,0.00873099011316886,0.0017354796022061331,-0.0072667631037763945,0.22889080772457865,1.3534469501227082,-2.70514776630979,-0.4717718403532493
-0.015300702611396736,0.008684335564402963,0.0017889582490567258,-0.007228825522601048,0.22765764144553632,1.3923189086930565,-2.6763760078046173,-0.5185886583936733
-0.01539353849588187,0.00877675764718499,0.0016148156487769182,-0.0071487068611593456,0.21728005269292147,1.2502007562458164,-2.6361340197943197,-0.4214416356769714
-0.015302169110893951,0.008631017715420916,0.0018497958882919563,-0.007185990467720287,0.22744006648856482,1.4361966143617002,-2.6431228205673087,-0.5712438679565297
-0.015236633179520563,0.008338570824212162,0.0022272117378185578,-0.007038739540037887,0.23449712161881905,1.7136804137139936,-2.506438516399943,-0.8555103082754466
-0.015251118042836015,0.008556695481952412,0.0019755795351301324,-0.00720615010827056,0.23286874319100878,1.5363212410006064,-2.6455779432848376,-0.650332832702401
-0.015232558762256293,0.008510973478543194,0.0020430265407252544,-0.00719662958307085,0.23566757227754617,1.5879931533060754,-2.632753933940099,-0.6975884516359137
-0.015234216847465622,0.008455340457667167,0.002103639565512378,-0.007146293867005264,0.2348490889172092,1.6303575985685508,-2.592591327610812,-0.7503465298241937
-0.015240441310677756,0.008393353231041211,0.002165630787661386,-0.007082437240618327,0.23393306077788914,1.6712289436421652,-2.543158518248258,-0.8057402550661159
-0.015303674764320709,0.00857380642853767,0.001913742116020377,-0.007138876327886922,0.2269034272244876,1.4818416218165902,-2.606441390824019,-0.6262847475891588
-0.015129850120465705,0.008226236511502965,0.0024460530528731157,-0.007087370714072963,0.24872405925680838,1.8892716233322024,-2.510461709940824,-0.9855226275644856
-0.015181866199110727,0.008250170838145901,0.002370373849732203,-0.007035487907139115,0.24148238642869693,1.823773060860954,-2.485743564520506,-0.9480610248430675
-0.015240182237635295,0.008285221365174374,0.0022792841232794725,-0.006984561003410133,0.23387899416044425,1.747182221678664,-2.463401530203141,-0.9007381059439065
-0.015044729459882574,0.008040302693254073,0.0027205410270489945,-0.007013662030817367,0.2609086633516143,2.0907154643126575,-2.4183354801848953,-1.1721706696143646
-0.015098306639821986,0.008065860554998174,0.002638247623242125,-0.006966919057172979,0.25318896544832814,2.019893942093962,-2.399115943361379,-1.1299937073826578
-0.014991726858400417,0.007874847988250784,0.002933066875710901,-0.006898373746456577,0.2697426752725858,2.2332786284136525,-2.3006364672605386,-1.3209075164865782
-0.01502060170211373,0.00793096151063282,0.0028496016541049896,-0.006924577366273373,0.26497137611265215,2.1743898893013944,-2.334114933386642,-1.266536849146105
-0.015035007357938009,0.007984863108308251,0.002783756137221947,-0.0069657663713768095,0.26261906272833396,2.131316410750245,-2.374299252877527,-1.2196097857004202
-0.01505094269560155,0.007893769951558058,0.002848576386196588,-0.006842373312430093,0.2613640995235159,2.158898027792709,-2.2772232096747036,-1.2789574049238752
-0.015111147154082278,0.00816360062076261,0.002528787178891156,-0.007050923555598665,0.2510672239189989,1.9481668157475176,-2.4735757054735745,-1.0454568795714587
-0.015142069030857012,0.008101251367956985,0.002558448512061467,-0.006943285474065765,0.24748535633723923,1.955457117745808,-2.3957412496468766,-1.0849399454181292
-0.014997318271291296,0.007816613032242086,0.002977017529275259,-0.006823121438689017,0.2694649569467517,2.2524095377227096,-2.239945527512521,-1.3582360879031155
-0.014946300901699345,0.007793885034576258,0.003056882111441094,-0.006861496808139804,0.27732175096563777,2.320391898420563,-2.2510687832984186,-1.3999566165075732
-0.014934959498915207,0.007738250187403807,0.0031169754200512764,-0.006808438201041662,0.2794591208243082,2.354952253333067,-2.2017381686869566,-1.4423601970224398
-0.01486959140777299,0.007595458019237233,0.003310408903150212,-0.006709827808102691,0.29144591001558345,2.478397147178771,-2.0910385099247333,-1.564862609239307
-0.014919790612408232,0.007677855646263005,0.003184105458355242,-0.006753001452120528,0.2824279996000376,2.393595247318068,-2.14876670618557,-1.488088965540797
-0.014924366452862695,0.0076131460917207615,0.0032282068382327596,-0.006667298447314421,0.282547659205898,2.4075008781881415,-2.0797321681080896,-1.5225142837283168
-0.014792560619467147,0.007465398510364141,0.0035038099065066064,-0.006628890792604356,0.3055012157293444,2.601986698564041,-1.9895552323903083,-1.6796063536798762
-0.014854555159845068,0.007544387703807736,0.003367184031326877,-0.006661920921251119,0.29425884101182304,2.5092040675274365,-2.044446656399275,-1.6013471165443314
-0.01482838680356486,0.007494931679185033,0.003436217606308634,-0.006627617391663845,0.2993797639164961,2.5514958390736813,-2.004548837042059,-1.6424093625862632
-0.014803904021518398,0.007416470916374815,0.0035213146822571863,-0.006551366381798446,0.3041168407633503,2.594648596766934,-1.9305965122325504,-1.694648803357534
-0.014792985083274798,0.007373269341395911,0.003563568946986631,-0.006505649316626562,0.3064968111566641,2.613046707300035,-1.8882920760522126,-1.7200281966813056
-0.014753520786531325,0.007341172473847961,0.0036366077848706485,-0.006504068990813634,0.3136606285576438,2.6658418411579707,-1.8687688441303827,-1.7593410675176426
-0.014723477982172307,0.007279953501377922,0.003714126853045986,-0.006451361686182386,0.31942722215425573,2.7070898365004834,-1.8117957862409269,-1.8025889615213957
-0.014719201828567174,0.007223392294075576,0.0037519244193474784,-0.006377847486227578,0.3203405029432615,2.7124810861700235,-1.7508082057865484,-1.824221979437429
-0.01467981976638727,0.0071893054100168885,0.003824938737264659,-0.006368753230162797,0.32818397015686845,2.7617155906264226,-1.7247485564011045,-1.862016857859463
-0.014630093376538865,0.007171045598617623,0.0039046563170833343,-0.00639047142090252,0.3373580802490422,2.8257935452314786,-1.7178310557564413,-1.9026716829419235
-0.014479141348515249,0.006997154761465843,0.004206002398690483,-0.006271341415863997,0.36738258749996094,3.0010568201346453,-1.5467906242379874,-2.0523786148634717
-0.014496468661467664,0.007032630286408699,0.004165271398477364,-0.006309638704670948,0.3639756511957898,2.985876191119218,-1.5859124005270235,-2.033463367228157
-0.014619965124455287,0.007123801199136151,0.003942905826695419,-0.006332545088717024,0.33894241872668457,2.8344522408600117,-1.6666929882696497,-1.9222840384168403
-0.014583164707451213,0.007092674815889769,0.0040108105992708995,-0.00632137744121973,0.3465409894282421,2.8791416861774057,-1.6396545471930273,-1.956469420314913
-0.01453436471137663,0.007058108007485003,0.004097935289364239,-0.006314404101141798,0.3561488884591908,2.9390961541169607,-1.6094416231168458,-2.00001071774836
-0.014497427272415764,0.006961512611930192,0.004193024063097473,-0.006203029633224671,0.3640578479184255,2.9665787357676314,-1.503182094048873,-2.0433201161882057
-0.014475038149916556,0.006910223065651894,0.004245567262662157,-0.006144913624768177,0.36801368897865006,2.9820140097518975,-1.4469621960213814,-2.0659311529488473
-0.01441084722101147,0.006826929935705892,0.0043697590023211745,-0.006068944978576706,0.381153805981089,3.0389545493050343,-1.355725102440478,-2.1197153613013175
-0.014466736398544738,0.00685128867529593,0.004278435843976778,-0.006063856137671158,0.3697868767664882,2.9738273590564823,-1.3815000459960636,-2.0765317524229245
-0.014339686572750131,0.006758265823621095,0.0044976271260586285,-0.006014800692376718,0.39569103240273695,3.1052462845772877,-1.2767397787880332,-2.1742639739894805
-0.01439712219830555,0.006777125327367555,0.004405230547250695,-0.006003754725328085,0.3837871652383664,3.037214010859932,-1.2998654273776307,-2.1308260394511085
-0.014273573743901036,0.006683531670281513,0.004617300620760024,-0.005942734240753919,0.4096149989672711,3.156748146230441,-1.1873130364015905,-2.2209548946893816
-0.014328317789204625,0.006700551743937341,0.004529325803295645,-0.005934110947283384,0.397451490627223,3.0929999289798356,-1.2118184415894764,-2.180478854690365
-0.014252802154584302,0.006628682208821799,0.004660242829432647,-0.005870450214422513,0.4130404800074616,3.1538541808699523,-1.1240359123071475,-2.231101189316197
-0.014193764666237733,0.006539845512119807,0.004765569294117328,-0.005765886089357347,0.4243749915834272,3.1761740834044563,-1.0177683694483146,-2.261823213215259
-0.014227340094935299,0.006580239441511541,0.004707792530372183,-0.005810189866755554,0.4176867018534029,3.158380757935014,-1.0672809870048054,-2.243605906012115
-0.0141939110571911,0.006488139856169577,0.004771487381328204,-0.005686020194651052,0.42308941642588627,3.143017362985017,-0.9639087058063464,-2.252036138818058
-0.014081940841019814,0.00639560286157002,0.004951508010764028,-0.0055947264657223925,0.4456941704165049,3.2156138597046895,-0.8385862299289807,-2.310078765950713
-0.01411790372971643,0.006434237786732093,0.0048935079481697286,-0.005639108541824906,0.43830237543523914,3.20001015048402,-0.8885247024086221,-2.294626162749905
-0.014176330334338483,0.006430264549050221,0.004803918343317567,-0.005606047718770799,0.4251083622124902,3.126148787272339,-0.9014627283865436,-2.2520665636937474
-0.011117596662403573,0.004548615120490334,0.007498899465278775,-0.0015087965675131178,0.4700939221280348,1.6293683456061936,1.8763953873142003,-1.0354100993606485
-0.011378621040174447,0.00463113156420005,0.00741406023985492,-0.0018721054572723953,0.5147922027583359,1.8750694615438517,1.7734110321815264,-1.2490489451123201
-0.011196090797746208,0.004556759747334588,0.007460941841853028,-0.0016084731488293037,0.4796013767020149,1.6926483354259407,1.8377336538897209,-1.0957743929154982
-0.011173325315344691,0.004503928436488328,0.007423477006926279,-0.0015500469051116033,0.46243981423161407,1.6394347749926268,1.816579364191989,-1.0642393654834592
-0.011258075989266486,0.004573167659718058,0.007438472667690126,-0.001692406774187005,0.4892460267287801,1.7485634504390941,1.8120128328733538,-1.1454687404224622
-0.01132099389205656,0.004593306924883562,0.007417006777345817,-0.001779350837428552,0.49960156495111546,1.807109609908711,1.786469756409879,-1.196348630559778
-0.011436457185783686,0.004603565642344846,0.007347064975174959,-0.0019187393047146143,0.5090104332682697,1.89040007993827,1.7189773516395146,-1.2779191023534522
-0.011491195138712194,0.004619773844336653,0.007322340187950793,-0.0019916802624041076,0.5162238949367702,1.9370399722971106,1.6919842487513435,-1.3192142013288353
-0.011718883784747362,0.004755775051832293,0.007265625371233806,-0.0023474672622846794,0.5622254600893902,2.183943342532819,1.6025108598548476,-1.5141547872961674
-0.011676256126591438,0.004727973458919711,0.007276379854760524,-0.0022785800428165074,0.5532618816805233,2.136066065772021,1.620139249071422,-1.4770500852361323
-0.011552298190362907,0.004645581455054683,0.007300095844570517,-0.0020784241830376607,0.5261071472112642,1.9944932965886615,1.6647585600051735,-1.3675440630912439
-0.011609570813992044,0.004664799077430554,0.007272875408228935,-0.0021555393493186592,0.5330720386065094,2.0433718300114188,1.6348885440871148,-1.410204073978649
-0.011659305557262776,0.004687598636340883,0.007253479751242235,-0.002227009147481332,0.5406650129075384,2.090389953739988,1.6110416764552533,-1.44930692083619
-0.012769279786339302,0.0052849168463807855,0.006536584928136133,-0.0038078219085547374,0.6076847035879133,2.9787007923501068,0.7904735084756876,-2.175502949975528
-0.012490455247713604,0.0051557437102267125,0.006797647659796377,-0.0034653352038084913,0.6222121760354219,2.8444535787077974,1.0551817414186269,-2.0552543411944666
-0.01254208783536804,0.005151468726860588,0.006731226881682818,-0.0034964707158852775,0.6125763623050573,2.8380852582818306,1.0044140505013779,-2.06095290379316
-0.012685105146880668,0.005257696319610764,0.0066276112549065935,-0.0037232556734746237,0.6166433236990784,2.9593980030090923,0.8728920216802368,-2.152271458561538
-0.012653188095231211,0.005231435720055907,0.0066501173365789475,-0.0036697751429525414,0.615481823756135,2.9302367045459223,0.9031831458974731,-2.1309463856765367
-0.012603401101019636,0.005159684569550966,0.006661555963445346,-0.003547669274147943,0.6045836362507396,2.845125594495564,0.9464088832787682,-2.075226307520221
-0.012645994460501343,0.005192154531321623,0.006631455287075745,-0.0036154324367233086,0.6061702159412932,2.8813574076884487,0.9078910650060481,-2.1024829349619507
-0.012741988992443885,0.005244303974746232,0.006544912431164284,-0.0037395266930945466,0.6024921391958066,2.932676203667152,0.8173238738489682,-2.1457293068326724
-0.01304151919139944,0.005398151674439433,0.006240111612042621,-0.004088766153099847,0.5775087506627363,3.0354616442181537,0.5210675415425862,-2.2391617556199406
-0.012837354492572084,0.005324752182844894,0.006472567869378561,-0.003897114467763882,0.6038641118542069,3.0130454386843275,0.722560716103304,-2.2039812227466413
-0.012821463747991401,0.005280953899294445,0.00646548043015125,-0.0038308567580140466,0.5963483405015877,2.961804678161368,0.7407141103076977,-2.172835079852135
-0.01298497157438703,0.005374459977885808,0.006303874249377191,-0.004033477191481521,0.5847791765863714,3.028207969694277,0.5773210669474662,-2.229465424485113
-0.012935097175265422,0.005350223087180583,0.006357168700162307,-0.003978763592061796,0.5896023945236736,3.0155868738761966,0.6272367823327376,-2.216987363341007
-0.012885281641378726,0.005333252030893582,0.006413829451525557,-0.003932487819444905,0.5960649825375942,3.0100844097320345,0.676093509606927,-2.2081879918231064
-0.012110647843990607,0.004948589332908283,0.007061608704137677,-0.002918612247839914,0.6058777245154215,2.540783452529137,1.3597296353170751,-1.8078938277529482
-0.011784299437058231,0.004730306230065391,0.007185605981464344,-0.002392994824011854,0.5531201362006845,2.191914617111682,1.5386650645443574,-1.5381886625163224
-0.011840313923679421,0.004767832735697848,0.007168901676050158,-0.002482963191924205,0.5638319435911279,2.2531723617744004,1.512871590419785,-1.5856166094149644
-0.012068535436145987,0.004906294585117449,0.0070690616562963495,-0.0028362358484447336,0.5955887909227228,2.481692420095921,1.38131152423598,-1.7659433136397336
-0.012015814031268902,0.004870771992824065,0.007091799330070678,-0.002751320078401186,0.5881310784632415,2.4264193556653963,1.4129439120416005,-1.7233559340603153
-0.011959055083506849,0.004836848922467724,0.007118128650217084,-0.0026641165251349553,0.5805039708101094,2.3705858349500804,1.4469986932194978,-1.6790716439327869
-0.01189946522604787,0.004802364495169907,0.007144768951557331,-0.002573417621057592,0.5726262032168831,2.3122640563643455,1.481165397431164,-1.6325951045409888
-0.01245918532952782,0.005116658252508839,0.006805513552429567,-0.0033952762945298125,0.6155617185095769,2.79525783152075,1.0790874576904865,-2.022145456401203
-0.012226352871217986,0.005024070251171746,0.00700031884089048,-0.00310250263495904,0.6181828885496773,2.6560113051228247,1.2789630451067138,-1.897122437346771
-0.012186767850121037,0.004990507635157119,0.007015710158770236,-0.0030313300935435007,0.6114068818853423,2.60839088533058,1.3049658360881138,-1.8622649004039011
-0.012173463384156221,0.0049396817809533745,0.006987594026728646,-0.0029649778986782925,0.5971203508205143,2.5472956974026206,1.2998963157060708,-1.8264412514585466
-0.012282990977240558,0.005014981816016032,0.006929623985096314,-0.003139989795796818,0.608667347409181,2.655739677391168,1.2229883896676748,-1.909755486920328
-0.012420928401088653,0.005077159469189939,0.0068204752288241995,-0.0033199849948967095,0.6094605517344366,2.7453198707212034,1.1081277981811921,-1.987172515537644
-0.012377009974717657,0.005041308553529188,0.006843692920756949,-0.0032448632068114588,0.6047351603971506,2.6990361796625977,1.141827964137539,-1.952929410433968
-0.012336281161328006,0.005012539090369828,0.006867629673666982,-0.0031802085491550404,0.6014966064938317,2.66067906395786,1.172858947607902,-1.9235200792523623
-0.013931938967296036,0.006252772915211282,0.005184455351190565,-0.005425514498165985,0.4745143552281058,3.2772033120389024,-0.6415642452845143,-2.3664492341207786
-0.013914962970771095,0.006198656941166435,0.005206955478258186,-0.00534580471474918,0.4749161988326284,3.2480790061844558,-0.5847366769928658,-2.3561725342519284
-0.013988011610926896,0.006248446105859644,0.005096914582013941,-0.005401297493943021,0.4606006783180595,3.2091404432266244,-0.6627845169260651,-2.3274090229740465
-0.014089544632572663,0.0063470352280673905,0.0049412827822866295,-0.005516459915265849,0.4418814620042209,3.170161812570318,-0.7936800302768912,-2.290917289226031
-0.014024355011592514,0.006274855424090241,0.005041722068248058,-0.005429883276880434,0.45323870240015424,3.189451576175911,-0.7020014823836739,-2.312440396180241
-0.01405858750927072,0.006305822081005035,0.004989362355423071,-0.005465201206799084,0.4467939688742553,3.174610896852854,-0.7438941748817308,-2.299454762517087
-0.01384015917178387,0.006145343986258448,0.005317811651153032,-0.005281042693852982,0.48989694304098,3.2811841515978712,-0.49996263247373257,-2.3810621379195003
-0.013896180040384365,0.00614811288349251,0.005231227609186845,-0.005272419452395382,0.47595192760830685,3.222872325203744,-0.5318027065347889,-2.347110196415716
-0.013750170280723702,0.005994564515949308,0.00543197671598919,-0.005063341229753117,0.4989547978089593,3.2253529322613512,-0.3278981809092793,-2.361844094298672
-0.01377327313455747,0.006050515803078122,0.00540706767381703,-0.005146136155736743,0.49844004595741037,3.258440865226053,-0.3845308155413304,-2.3766146173478906
-0.013815900364452724,0.0060992548363014544,0.005349129648097231,-0.005214238668879747,0.49218516911220433,3.2623414176212293,-0.44796680176908227,-2.374705649883332
-0.013726752945298138,0.005946389739145453,0.005457565414869365,-0.004992640508814598,0.5003524793808124,3.1985398011242925,-0.27839070310906733,-2.349607029879003
-0.013094958947450512,0.0054184457148262885,0.006177689259311452,-0.004136490368963505,0.5702628944409159,3.03763281171604,0.468785418275007,-2.2450483765683296
-0.013330454050994556,0.005668214684984709,0.005961787709912367,-0.004557366531101841,0.5619456754390154,3.2104906025378304,0.17859550211227534,-2.357050767786305
-0.013292929969639688,0.005615268017643082,0.005993561222478703,-0.004472223807556533,0.5616840520219464,3.170716395374416,0.23315378840828357,-2.3333897139461297
-0.013257368564169337,0.005564599783730089,0.006021871923258462,-0.00439084275121026,0.5614629361919202,3.131035545980278,0.2832140047435929,-2.309330947538479
-0.013143208837807473,0.005442503148560394,0.006123506341399254,-0.004186121951874348,0.5645882643491711,3.0446287841051536,0.42038078474602686,-2.2528493069703455
-0.013186098194543505,0.005473022377256006,0.006079078860427341,-0.004241915510968274,0.5608750724768786,3.0601468552427984,0.37465051398805244,-2.264776124828305
-0.013221270291986605,0.00551667875430704,0.006050775845978399,-0.004313260372773406,0.5609840909603303,3.09376503828848,0.33088128642612297,-2.2861736139534443
-0.01358009176803768,0.005901210713228661,0.005669678709699872,-0.004931391945677936,0.5320300718549009,3.2860674075186096,-0.14849640735176273,-2.400337646098549
-0.013502231915104348,0.005832301379446773,0.005767114032670015,-0.004824230699407631,0.5432794247869345,3.2750191144389613,-0.04695871377314618,-2.395487835806169
-0.013545472122169867,0.00586003781282641,0.005710180938341522,-0.004868163363593359,0.535420754720992,3.2699679386850984,-0.09646029155025738,-2.392454977947844
-0.013494403348726994,0.005786214865638378,0.005763222604385524,-0.004754069204877971,0.5388326232058618,3.2279910380818166,-0.01347827401856927,-2.370197569100293
-0.013393196855100218,0.005728044134264823,0.005893327707871249,-0.004656398553139142,0.5560629379819794,3.2380978461855423,0.09797232656958205,-2.374157055603108
-0.01337566559107773,0.005691160557951816,0.005904570101313652,-0.004599006844432802,0.5540248560151831,3.2066665189525168,0.13042293311852454,-2.3564222696715684
-0.01344515306306815,0.005750407935308208,0.0058242160898517034,-0.004696166015335384,0.5460158343919921,3.2251239629989916,0.04447621563890702,-2.3682426071946847
-0.013640321489656985,0.005895745276397041,0.0055762620799363035,-0.004921659286023683,0.5161669404301322,3.2251549028303295,-0.1869400659287467,-2.3669558396723933
-0.013704135492877864,0.005895821284438458,0.005480162654121378,-0.0049183873298488286,0.5006617624269779,3.1677839336197593,-0.22917811554111392,-2.334726523033759
0.006579226320324772,-0.014038200560261303,0.005908520137614355,-0.0050094294581924945,-0.10702638602927171,3.5141484877311586,0.0730538161908433,-2.5381665963161546
0.009256548668900185,-0.01530304217855784,0.007573516651962728,-0.0010589990184086565,0.19370690946976116,1.7699828086047087,2.6737005808457996,-0.8123552732179764
0.008912776345259544,-0.015190431181999415,0.007573373736172929,-0.001583941400884532,0.1946682742164305,2.188522897549626,2.5340007383596492,-1.1836960998237183
0.008952259548994,-0.015211030512986045,0.007564258231838082,-0.001518312331641259,0.19337480283554728,2.131706425185758,2.5478628951545725,-1.1374598936375373
0.009193716056188864,-0.0153001216378547,0.007548611529051513,-0.001145381627103396,0.19108772829257398,1.8277495446084393,2.638353291756801,-0.8733779328832981
0.008985333654304668,-0.015229940315738912,0.007552927946881388,-0.001462650471059918,0.19209967992684387,2.0820924091545154,2.5570865317219265,-1.0980033349828737
0.00906160460631497,-0.015240212257682469,0.007581432981795394,-0.001355071991620108,0.19517474455787445,2.0096206388686153,2.6035780311585843,-1.0241226879462033
0.009023831828672868,-0.015241834118201805,0.007556185008038007,-0.0014044408207302044,0.1923446241643543,2.0373726866704622,2.5752244141346985,-1.0575363970622529
0.009145891050094765,-0.015312057372247412,0.0075037486079571804,-0.001203215435451529,0.18624334178528784,1.854185640683069,2.5976550962827294,-0.9128669196280861
0.009114829025119052,-0.015296008627116098,0.007514893213459548,-0.0012528590600005335,0.18752893233237058,1.8983727862536426,2.5915237410213208,-0.9485840218423238
0.009085059502811068,-0.015270399397346396,0.007542612619835755,-0.0013064769656657843,0.1907728815413107,1.9532729244630354,2.593736185896653,-0.9878481977384738
0.008887483616384114,-0.015222068391470708,0.007502268700703273,-0.0015952902358957184,0.1862552332130621,2.163937372723326,2.488985682513624,-1.1869366562718162
0.008665876528457083,-0.015114750694372221,0.007514815236058665,-0.0019578298907728404,0.18656006374247885,2.4570314052231574,2.380353393241449,-1.433270121080355
0.008693918763959651,-0.015146915392863475,0.007484322823317229,-0.0018965516791224536,0.18320475835439673,2.393591889687483,2.383524265840837,-1.3898107248302944
0.008723955632445868,-0.015170694753863885,0.007468696932634438,-0.001840267604840954,0.18185239064106565,2.34154618659544,2.3931479295422853,-1.3508145071137847
0.008790018417677056,-0.01518274788014666,0.00749899009547375,-0.0017479376415207115,0.18572088567604295,2.2833287673844525,2.440312069919297,-1.2909800628148973
0.008754423655511708,-0.015191157558715172,0.007458221592462721,-0.0017864873298144572,0.18022773736816336,2.294223009585812,2.4045037738633397,-1.3138909825644423
0.008817399591241323,-0.015207112157531837,0.007478235361679012,-0.0016953479256604628,0.18313381900885858,2.2318610554390204,2.444801135606939,-1.2536922023811483
0.00885074404335028,-0.015226661264193662,0.007469179449055876,-0.0016391162823704152,0.1824010735201129,2.1830988058275618,2.456656137076653,-1.214761775164266
0.008466418608270463,-0.01508009862939353,0.007394925324373439,-0.00222971913812386,0.17012542498126007,2.609401347322565,2.2148060828166014,-1.5987603822080318
0.008425804248606101,-0.015097198949690648,0.007329802476487999,-0.0022605979281520717,0.16208316792986924,2.599834292335703,2.166696377323824,-1.6109986262087783
0.008502115632733937,-0.01510710358160184,0.0073847800909215555,-0.002163007192195064,0.1695302420939118,2.5523670478558986,2.2336424334600733,-1.5548900572948072
0.008620365932899299,-0.01513052617645124,0.0074506248229993756,-0.002000775317132868,0.17851736018730427,2.4588433156124228,2.328645414948536,-1.455955167612845
0.00854181587082365,-0.015129084498855697,0.007385118208080824,-0.002096531826671373,0.17012867325662442,2.5008550036911683,2.257817226949306,-1.5119830010465567
0.008581435541876443,-0.015144435077717908,0.007394887817050102,-0.002035992275962943,0.17181719555857922,2.4586134650311964,2.2846304509638498,-1.473630659347585
0.006601589600981288,-0.014073337842553008,0.005927103981239794,-0.0049494002389326155,-0.1012582533386024,3.497975488491733,0.11956867104768885,-2.5285739052305547
0.006613793603681831,-0.014109155595984833,0.005927743781262006,-0.004889494234773098,-0.09725871279141127,3.469135647126648,0.15958716113329716,-2.5121152298233147
0.006643882266461567,-0.014130134368110267,0.005964843140953227,-0.004851282100658286,-0.09093151293210945,3.47560645465714,0.19710398904082238,-2.514253241004188
0.006707442821548227,-0.014170161675424814,0.006044057570605942,-0.00477563452045764,-0.07824523950179164,3.491606001648457,0.27387446693893175,-2.519298141359626
0.006665496280555823,-0.014171335879151238,0.0059757250104736795,-0.004781335571268456,-0.08537673008180252,3.447892237120346,0.2466003481958767,-2.4974326424887394
0.006730224612132449,-0.01420647518075964,0.006057940375515584,-0.00471252029179258,-0.0727138096949913,3.4682149394375443,0.31972042142849744,-2.504453380219125
0.006761800976749219,-0.014244260403817042,0.006083696776112959,-0.004645050093651807,-0.0658456234255569,3.4501454863190664,0.3722616816860032,-2.4916378102545536
0.006851560172201605,-0.014339114459445548,0.006158408845606098,-0.004471335024653389,-0.04714028752947344,3.406332745690366,0.5087931425556305,-2.457740631327091
0.006780347713999742,-0.014292262845733409,0.006080495064067865,-0.004564629738921216,-0.060808709374097804,3.4053670861522742,0.4219764542324,-2.464228440191505
0.006812385342533726,-0.014332636972984147,0.006102198418137255,-0.004492955995617126,-0.054080242364267506,3.3811274470213144,0.4744601884507055,-2.4471473299711284
0.006911164289569383,-0.01438164518733441,0.006218570575385083,-0.004386032655582053,-0.03593373478437271,3.398107709823884,0.5839536500058967,-2.4463437530904084
0.006875668436254224,-0.01436156549426271,0.006179075837769616,-0.0044289258462303785,-0.042672497919001996,3.3963878819990234,0.5427040373661304,-2.4493622665573054
0.00691776010390882,-0.014420671023384443,0.006198060858027112,-0.004323907597625788,-0.03435507439737636,3.3501488130207755,0.6136495088123783,-2.4174586401566827
0.006950396296759614,-0.014445691987059778,0.006227559486131146,-0.004274015875528313,-0.028296025408646553,3.3407555845307955,0.6549619172020775,-2.407941383196387
0.008103198691318703,-0.014978558138383042,0.007176203827331987,-0.0027313084411664146,0.13671010911196782,2.875737293978027,1.8927838044219638,-1.8775922114364985
0.008064041152983212,-0.014980768892734742,0.007129169713526509,-0.002768057584173328,0.13008287120482412,2.8774949002052956,1.8518448122600524,-1.8916420672034355
0.008141880282955965,-0.015029346263744477,0.007145013352692932,-0.0026363915503882954,0.13525078922280065,2.7884548221435903,1.9165280732553127,-1.8168785352534351
0.008115831800237474,-0.015020355030183093,0.0071297986850040644,-0.002672513271263415,0.1325452523985793,2.8072105225780373,1.893261287141375,-1.8358982571839157
0.008147818974153153,-0.015063072686100874,0.007102615305396545,-0.0025944075825100666,0.1308314588073598,2.735061858272143,1.9110911390984773,-1.7859454440345937
0.008222188916685757,-0.015045988458597044,0.007205644186612786,-0.0025354366986850576,0.14384890040366038,2.7447379978828796,1.9907583014380814,-1.7651836678796624
0.008185092708834146,-0.015061095132972003,0.007144677462284566,-0.002558391459555724,0.13663494959648817,2.7301715309798027,1.948377633109774,-1.7705581879063061
0.008292070211562473,-0.015046524904328779,0.007276826704779482,-0.002459817123965064,0.15333091172932234,2.724917802070001,2.0601901447420907,-1.728702041543453
0.008325960596048045,-0.01506812838723094,0.007277999477193916,-0.0024008750134244805,0.15424515715501677,2.680674853638852,2.0841980885379523,-1.692504133816284
0.00835773558706656,-0.015082651228799988,0.007287063962402256,-0.002351343181778313,0.1560775475094582,2.647648596895016,2.108446477785939,-1.6629387620362475
0.008252473343878153,-0.015070245953557625,0.007200754159535053,-0.002478332338479298,0.14420891675848677,2.699173967550933,2.0111854461658107,-1.729886938207385
0.008378789844380022,-0.01511754918168835,0.00725376180834056,-0.002294289974933384,0.15315839387876662,2.5870499275846854,2.1118125649543042,-1.6233133321875128
0.007893054994102852,-0.014889657069029854,0.007055479280760919,-0.003037791685822664,0.1151047157816013,3.033852098211017,1.6916915138954203,-2.0320651603168187
0.007925882465931075,-0.014915213300102932,0.007060319407942537,-0.0029766923777685573,0.1173823246349515,2.9923165693442453,1.722406090444734,-1.9989931229907414
0.007960349157274657,-0.014941884971053282,0.007064504066630374,-0.0029128738336481473,0.11958794688325013,2.948199836015828,1.753692234480102,-1.9638202795404094
0.007993817843453883,-0.014974690018965458,0.00705793360537785,-0.0028431242273820223,0.12050387816015577,2.8938068805389876,1.7813733434236647,-1.9232073641993217
0.008029837427730746,-0.01500369275839541,0.007058381308292128,-0.0027757158172376606,0.12220294608750552,2.844809024398712,1.8111155065259348,-1.884692751961553
0.00779577888816521,-0.01485340277075355,0.0069832274932710775,-0.003169246839071716,0.10292150321370298,3.0869233794540416,1.5923981888444512,-2.0901416710796408
0.00785048975435372,-0.014904874275284183,0.006983195756150271,-0.00305757362189981,0.10633466794564654,3.0074539832373386,1.6453232449307293,-2.029722198073689
0.0078304651597157,-0.014872010665825367,0.007002142475021853,-0.003115682809063737,0.10703472579813038,3.0596112840760696,1.6275066088399495,-2.064917400203624
0.007756339844705193,-0.014872600100492088,0.00690882925923162,-0.0031786344155191938,0.09442147617582486,3.0512629266293523,1.5502715249203638,-2.0807633053864873
0.007473501072995723,-0.014696653461420002,0.0067471009656739425,-0.003628260400062759,0.05945220185347723,3.264014115224065,1.2440532358610088,-2.2725466106338743
0.00754293528805595,-0.014723599885531763,0.006811819402899455,-0.003541821025652501,0.07035528724056482,3.2451656895568743,1.3205006174342213,-2.245793799872309
0.00749978050310771,-0.014728118274090948,0.006747408576417792,-0.0035665348578080612,0.06173973208239506,3.2233603884225714,1.2768244345090236,-2.243046680448336
0.0076033073622289865,-0.014787384601166246,0.006817237380524916,-0.0034108994895639066,0.07607830289760342,3.1593020343385865,1.3905404498931988,-2.181786876335784
0.007566151392692429,-0.014767392546341969,0.006791571033412534,-0.003465405301129502,0.07095750145711617,3.1812967775943215,1.3504268384881217,-2.2033695238039948
0.007709221341586654,-0.01488765092419294,0.006830766290522508,-0.0031985722619604535,0.08473498122879529,3.021344676317994,1.501734268831206,-2.0759551513617596
0.007623841256228395,-0.01482352500360932,0.006800567871421562,-0.003347761741549857,0.07644970029207877,3.1063215995476794,1.414232580474972,-2.1461969480387992
0.007674757734062167,-0.014848810562223126,0.006835364742565583,-0.003275384762973077,0.08294731724515018,3.0766259178185154,1.4668155459801488,-2.116528902627327
0.007417896623307524,-0.01472126389577808,0.006642580149877988,-0.0036315104945820946,0.04783042177433247,3.203513170403149,1.1935313829964294,-2.249123093150765
0.007171052290541555,-0.014586228056017768,0.006431242516144567,-0.003967199591766884,0.009626588131996397,3.2875539533287332,0.9162236781215095,-2.344447743887386
0.007242646619638419,-0.01462895453771412,0.006492953613623225,-0.0038673369597656015,0.021288439545331887,3.2637743766375364,0.9986860422472459,-2.3182278501521663
0.00720229478719171,-0.014621482714882556,0.006442443940938745,-0.003899977476602984,0.013554874097128073,3.253198928676018,0.9586878163089855,-2.318891363393915
0.007257231805982917,-0.014667567578901114,0.006475050986466462,-0.0038043509382397435,0.021488718156955886,3.213758765157608,1.0253543544523485,-2.286005601648421
0.007296655193167866,-0.01467995110455464,0.006517917441420154,-0.00376421283049727,0.02908270503306502,3.2142789998583985,1.0659471481322618,-2.2792485449676794
0.007323310001467091,-0.014717042815767922,0.006516643921075823,-0.0036967578336566036,0.031199786482997423,3.170982808103407,1.1016220679768483,-2.2485755064281836
0.007363864410572185,-0.0147438319910657,0.0065441201186688044,-0.003635114450131739,0.03747081080333121,3.1477736621617325,1.1465523395286201,-2.2271147583737725
0.007046340262963997,-0.014481890185891362,0.006341912056020735,-0.004180565228847958,-0.011266032432524843,3.3595876411084613,0.7560068703237158,-2.4061336127005215
0.00699652400894612,-0.014471138083687128,0.006276134121223922,-0.004217651683331814,-0.02051675755620451,3.339344890470992,0.7074501926692528,-2.401158401125055
0.007066706980634596,-0.01452187793733456,0.006337158139624321,-0.004111854465902468,-0.0082403259343291,3.3162797002563624,0.7941038338242491,-2.377619549416661
0.007121800334204168,-0.014569860320167006,0.00637484529759588,-0.004015575288831465,0.0010798596718135523,3.2819596656197176,0.8648481613593922,-2.349047330418767
0.007085850608446242,-0.014555005960170776,0.006335817722080072,-0.004054295269719364,-0.005052181481937577,3.2809940114432146,0.8264955658149606,-2.3539485006666805
0.010388742136162504,-0.01539108159759755,0.007548044265159522,5.448653637059463E-4,0.18244527760327947,0.5039330823518212,2.884476106796907,0.4001923041679359
0.010346451509900073,-0.015406471909992335,0.007530080900016033,4.832509468623571E-4,0.1805358438030017,0.5447593770390504,2.8701223916142737,0.3514320577604945
0.01043133593891259,-0.01541715999466081,0.007492667129230552,5.971403668266866E-4,0.17687694750101268,0.44537745136595047,2.852280544095898,0.43867896107053056
0.010489059408099782,-0.015433609064905538,0.007449320211613161,6.708784889846381E-4,0.17228526622020365,0.3753804371286324,2.8280627078649476,0.4942387279658634
0.010545204071839585,-0.015471669034331432,0.007368584040713069,7.344766222815222E-4,0.16492382398287794,0.3021382871620882,2.7799609789435107,0.5398945913111938
0.010580325910758817,-0.015503087029215544,0.007305300276943984,7.705391846948206E-4,0.15915575468126375,0.25600081243376266,2.7415553959203742,0.564225370602096
0.010628983964757059,-0.015511331111126481,0.007275757345463854,8.303017224589336E-4,0.15646828346907002,0.20256362970341338,2.7240782837777435,0.6092777969690716
0.010162291979951695,-0.015414467752614843,0.007542480264177634,2.273089622757295E-4,0.18297833390295518,0.7455540442364735,2.8598656068130412,0.15297620452539973
0.010256918765038198,-0.015416394695220055,0.007528059451559971,3.58112844174277E-4,0.18094825965907355,0.6398609357836128,2.8611111910021454,0.25384458849818486
0.010210027547748367,-0.015435495389103368,0.007500812429130585,2.910378337170125E-4,0.17850627563877128,0.6819293141213391,2.8394849834727887,0.20101282980042665
0.010308491610939566,-0.015447459613300286,0.007465922365818321,4.238080699608854E-4,0.17490859028171452,0.5682141397611326,2.8268835925115847,0.30257121464189435
0.009999900923223125,-0.015410867789199591,0.007555482273432871,1.564111761021752E-6,0.1855730425094331,0.9255577490311595,2.845764642654426,-0.020908150278418407
0.010055566833075362,-0.015440000192367043,0.007503790586662714,7.838851626936845E-5,0.17989797168374555,0.8470558275876242,2.822421801679845,0.03705638755992984
0.010113508899900165,-0.01546227990178753,0.007462602057649248,1.5677353585590928E-4,0.1757184747272901,0.7717860587429133,2.80483175023155,0.09642432428372638
0.009894603000051757,-0.015389545989451562,0.0075891571930482805,-1.4658661983524526E-4,0.19008765871567215,1.0538917730081756,2.848726002833256,-0.1335450434198416
0.009940987354015975,-0.015404624368442867,0.007565047817062578,-8.079602086468882E-5,0.18690005050062178,0.9935114899787082,2.8421951499864666,-0.08380948778767172
0.00995738136650107,-0.015449899951862753,0.007486157960190339,-5.640041048068932E-5,0.1791326166744788,0.9453193303304339,2.797066867795282,-0.06648236399722511
0.009849217136707828,-0.015412070731559596,0.007545503037349654,-2.0808948204029346E-4,0.18574149567950268,1.085686807166904,2.8140885879837714,-0.18109187473446073
0.009699854321942328,-0.01542379185374896,0.007503890179999438,-4.125411920910404E-4,0.18281807854621504,1.2300315799930857,2.7590678910184168,-0.3353773383719125
0.00974891046145138,-0.015422380308104031,0.007514684263818219,-3.4543499593438725E-4,0.18358829533852375,1.1814210305850716,2.775889666983884,-0.2848935521091969
0.009798062607458968,-0.015426708835000268,0.007514051578673701,-2.772087332190458E-4,0.1829325534942243,1.1278590989111825,2.7855096483269404,-0.2335942857160412
0.00971968546765031,-0.01546384684652624,0.007437814920570399,-3.7849317579714906E-4,0.17584986201046873,1.1784235080285377,2.7249450208824717,-0.31003954334346945
0.009654936261586079,-0.015429401276010411,0.007485267517102005,-4.727862074749705E-4,0.18112401451348867,1.2702105019785412,2.738204483437284,-0.3804698132749887
0.009498701599009389,-0.015376688020404579,0.0075370424246636305,-6.998397484482701E-4,0.18786405200896225,1.4695631699082032,2.7286689453842015,-0.5492664047042882
0.009536101060414475,-0.015398144152970706,0.00751054371113809,-6.424484396697427E-4,0.18446412043752086,1.4137933123826427,2.7237153737679805,-0.506637823939641
0.009603761741578298,-0.01543653396874938,0.00746143937977338,-5.406112144817852E-4,0.17893871618549997,1.3143424970184066,2.7125111942205944,-0.4309955703379827
0.009552175579332786,-0.015439748360268872,0.007442835761507254,-6.092692804390598E-4,0.1773284035790793,1.3609534262677834,2.6894680509534212,-0.48152265780604137
0.00934324542601757,-0.015362334169500922,0.007507314529469101,-9.162231042989859E-4,0.1854302198043776,1.6286932469339344,2.6667477212937203,-0.7072576994438727
0.009424185076477902,-0.015383840732862867,0.007500159029036253,-7.989301576519688E-4,0.18429701009198293,1.532980522118722,2.6872604389901977,-0.6215067820880432
0.009393421127259615,-0.015401384633257109,0.007458909000536291,-8.340593391836613E-4,0.1800283731472099,1.5440289472916864,2.6557545472272004,-0.6462979271159852
0.009367660431780094,-0.015395318089809417,0.007459816105071684,-8.707143289047069E-4,0.18047826352040527,1.5732446388750594,2.648572501684135,-0.6729835207491169
0.009455591947167727,-0.015409921806171848,0.007465602650512246,-7.478049818955405E-4,0.18046304329054472,1.4788241338009807,2.6769636083209143,-0.583610886401306
0.009260945734947932,-0.0153671724233367,0.007464365150742489,-0.0010241738193232288,0.18127860915438276,1.6959508940837915,2.617406762195328,-0.7838275603542018
0.009298260171512812,-0.015390231537178228,0.0074409308678225474,-9.64869399482613E-4,0.1787122790002452,1.6395291237458884,2.6170244252299075,-0.7405307704484883
0.018173507385799845,-0.011580906351461867,7.31715106253956E-4,0.003980990362590032,0.06944688233095679,-0.46670873361837223,-1.0342280266644532,0.6172797448922961
0.018094361179271882,-0.012013889872374383,9.21597503876074E-4,0.00391537101708686,0.07177257283987737,-0.5791725234585926,-0.9715218056349606,0.7311479567964804
0.01861864666970028,-0.011381723967850586,5.554372499554967E-4,0.0036868242418341764,0.06231841916063944,-0.36157183818524224,-0.9629103006629194,0.4835012296727074
0.01908443748717111,-0.011022599632285995,3.5983502077815635E-4,0.003408277479588873,0.05481486340109842,-0.2406440399364553,-0.9020375772901426,0.3393155291500139
0.022663609289831837,-0.00745169866437873,-1.099456422651528E-4,0.0012291656324139686,-0.10830553693288528,0.16596608212087324,-0.48138836777697847,-0.13798829998060702
0.021955713241932996,-0.008059061655390252,-1.4175725267632233E-4,0.0016387324235285258,-0.060919709715988944,0.16661977673985098,-0.5313530182678204,-0.1324679593206531
0.021226256883646363,-0.009066040806673404,-9.859265335784536E-5,0.002103784665522132,-0.009934279695847629,0.09805712851829955,-0.6136695689504973,-0.05614058505240616
0.021817999070729024,-0.00873925369069696,-9.749488390504424E-5,0.0017638223997918606,-0.030793368097274086,0.11078501229755704,-0.5602181167317216,-0.0753117158250046
0.019844387633862544,-0.01022494600918785,8.144067394452063E-5,0.0029532254842081075,0.03636451006678563,-0.05294586991590288,-0.7983032190223929,0.12473889453957344
0.01959495224690502,-0.010778903097179302,2.3522822823097031E-4,0.003085750679513263,0.04828979274878546,-0.16225562911351354,-0.8216883963281323,0.24169329391046776
0.021205822345093352,-0.009753365607542057,-1.1198486105039761E-5,0.0021388214462221837,0.012531013984844309,0.015205674850682442,-0.6235635519037355,0.028262285666999624
0.02050179496465192,-0.01005562850421702,3.448824167941774E-5,0.002547523058461802,0.026206465606119878,-0.022419415909900233,-0.7028735788468577,0.07678383810797888
0.023842185482083292,-0.008176890726346357,-1.964565911062751E-5,6.675503025258643E-4,-0.10422918208192043,0.05976792697762084,-0.4995317159064581,-0.03189161955237863
0.025,-0.008904526525625851,0,0,-0.07558616500790885,-8.845809168925809E-5,-0.5667894893938364,0.03567842238917011
0.017814766974838643,-0.01233944236041802,0.0011421826441637651,0.004007890069541344,0.07440311269234971,-0.7043908436853853,-0.9525039147237105,0.8727121475964278
0.01755949877059255,-0.012595143413182092,0.00134435008792937,0.00408811344954589,0.07844190250918438,-0.8113043147915185,-0.9284019905545345,0.9974609539810073
0.01816123126526494,-0.012402263913422893,0.0010324554017759656,0.0037333622386203254,0.07126557372174246,-0.6409363770258795,-0.8801584761006964,0.7831832734633513
0.016635392707055583,-0.012953446412013833,0.0019957073162299136,0.004582995970550439,0.09439776502623115,-1.1579281671033934,-0.9211804401313248,1.437030807831862
0.01694463710077254,-0.012856272016602586,0.0017637716957911523,0.004410448764160236,0.08770738837352021,-1.035605785271706,-0.9283361166888123,1.2783331748527085
0.017249339078395758,-0.012739402825423662,0.0015498148747325957,0.004247357518990414,0.08268824871714858,-0.9214273192477066,-0.9302251527111328,1.133738092717252
0.016022132545795646,-0.013399587576204738,0.0026130422750998365,0.004688237957838758,0.10343558877091798,-1.4389436861609048,-0.7310208903487095,1.7834261835488687
0.016289332477730924,-0.013336022623640122,0.002377481141170728,0.004557347142456046,0.09638753486581704,-1.3246884896958095,-0.7698193726577774,1.6303548818458908
0.016567378555772505,-0.013242409508262928,0.002143049722550713,0.004433883289787954,0.09076820426496655,-1.2104052065500006,-0.8073559602728902,1.4828411050348251
0.01594638010691873,-0.0136484745528848,0.00274269022811461,0.004523404582585569,0.09761759309942984,-1.464684213734282,-0.6083267877540698,1.7986020193289658
0.01582349003062784,-0.013833316686975636,0.00288737228567648,0.004432346703102303,0.09552064529872101,-1.5026931391668952,-0.5098618086711879,1.839107937195146
0.014616383727870953,-0.014165728249278815,0.004177498279136834,0.004634721425317053,0.12291443159276706,-1.936694495026863,0.03783625553926534,2.4675657002648594
0.014458958761903942,-0.014195201700665627,0.004367973706785252,0.0046453532474897,0.12698432969426435,-1.9862536861420816,0.13907356509211652,2.550097734311091
0.015585626952861817,-0.013884775300327404,0.0031152192624974216,0.004514372210574027,0.10076588587281445,-1.5959083210627203,-0.4420691746928257,1.9664741471650475
0.01538386059614268,-0.014015123889613484,0.003327806573908181,0.0044886961409609715,0.10156840764615212,-1.6605629742139236,-0.33341581762114836,2.0506595632198272
0.014781683496035845,-0.014135434694511673,0.003983248595945804,0.004614358564602031,0.1174358323254232,-1.8807856565157655,-0.057958417977409936,2.3777870655862885
0.015177206284934491,-0.01408483525526708,0.0035448175303246336,0.004511827858634235,0.10532968942848846,-1.7318550457859434,-0.23864346168231276,2.1515411628606285
0.01497710325298999,-0.01411863673173487,0.0037617526060354923,0.004559009485798036,0.11080439225557005,-1.806015095347192,-0.14975592213925268,2.261706556107939
0.013797080631375677,-0.01465829800720786,0.005076251016139624,0.004131218971839576,0.11866998699331367,-1.9309112124184515,0.7452820068186464,2.535116314203204
0.01375699621780048,-0.014778092329542898,0.00506993231998032,0.003978149243508499,0.11042588336835805,-1.8696335895598926,0.7952341425674212,2.4466944646722038
0.013933275808833854,-0.014635190865119099,0.004914067081125004,0.004163871899740788,0.11522851289698323,-1.922569198507283,0.637418812110557,2.50016309654203
0.014072620687074622,-0.014593719225332032,0.004755991057686545,0.004211451214477421,0.11258154598274646,-1.9167407879024,0.527211723839404,2.4727889913911896
0.014366157628525668,-0.014356087833905115,0.004457220028505343,0.00446755800713568,0.1195751274074186,-1.9497181101705496,0.2587777274364947,2.49694940229166
0.014238472206232394,-0.014526114376730945,0.004573447058472798,0.004279735557426583,0.11198333863844347,-1.9099433348659802,0.39684443222129845,2.4446019062005604
0.012980945538862098,-0.014950812582767096,0.005926047783196975,0.0035602218300124677,0.12354303077736607,-1.7242645046076608,1.4620916853918575,2.4245341340235846
0.012881386212544277,-0.014953274313573926,0.00604772853693302,0.0035108072715082594,0.1275207432534592,-1.6971792870787945,1.5553293304526472,2.4203017027626506
0.012817957122404012,-0.015020044458369509,0.006065223001087305,0.0033967027842736045,0.1227763503485856,-1.6381317234304333,1.5984798978604997,2.3473356315905853
0.012556606425881432,-0.015097248030394033,0.0062993003997171585,0.0031522346962403265,0.12644798155221693,-1.495044472190935,1.8141371626893437,2.2294170821600203
0.012631458627775509,-0.01508461421177386,0.006225062207682521,0.003214061118111487,0.12451158824043275,-1.5340266148124588,1.7503357026131037,2.257542036741541
0.01272522263223318,-0.01505891116544025,0.0061397859720671265,0.0032996151471211513,0.12365595211529777,-1.5846889460485796,1.672652291244535,2.298407818895036
0.012531231061052018,-0.015167513802762059,0.006254874192287833,0.003055720419155351,0.12094753378546765,-1.4453481585111205,1.8090059995304166,2.153018918153158
0.013032051022940291,-0.015036624539977742,0.005792402620498424,0.003477348943321092,0.11383145611374586,-1.6838733067487364,1.4008266376065062,2.3375230963924114
0.013676460046104504,-0.014901568219170498,0.005104522100414128,0.0038183528636617265,0.10431169156989592,-1.8081738899363882,0.8710455210530706,2.366135782234108
0.01352112689263802,-0.014949247771458785,0.005264170948770227,0.003734399611855511,0.10600022051749748,-1.7850665721088264,0.9943509996186116,2.3617204865250288
0.013124223989088418,-0.015072543184033942,0.005653913717159211,0.003471356243196251,0.10831623141621659,-1.6805180948223553,1.315499653972607,2.3005427125411764
0.013395511076381102,-0.015046328334707546,0.005352255044387241,0.003589420395477359,0.10229768085314637,-1.726495238981119,1.094259122169116,2.2995571248909017
0.013263443666233022,-0.015100616904739872,0.005469429841875437,0.0034871199312178835,0.10215345308109657,-1.684481534097181,1.1970252599694946,2.266454389431457
0.012418444544104616,-0.01524342614650014,0.006297525461309882,0.0028961308157889284,0.11769266109357114,-1.3529166738845326,1.8737399435285818,2.049455522892614
0.012493038678707465,-0.01522650538262061,0.006235135903947883,0.0029652923616133677,0.11631182252228305,-1.3966569574919996,1.8180229317663694,2.0858432099593496
0.01238650263449934,-0.015334558005095223,0.0062317444617007315,0.002778156976881122,0.11074434044810254,-1.2923172688745008,1.8586305646413432,1.9554367187412802
0.012288460302643122,-0.01535774225685372,0.006305497058316622,0.002684015154831316,0.11215405672105594,-1.230810382816134,1.925547523356064,1.901239415264831
0.012195480992900078,-0.015344325794606295,0.006413538810635941,0.002626458436614912,0.11636485075180718,-1.1845127419592052,2.006187663261794,1.8773818662594304
0.012127627238981344,-0.015345797970913186,0.006478513266022175,0.0025707835260454694,0.11908617603802577,-1.1429366518753588,2.0585631609473256,1.8468468702809393
0.012224208940973515,-0.015408463902284102,0.0063111027989045925,0.0025858998271560446,0.11004073973043467,-1.1728748482247022,1.9497096818276656,1.8328513615218618
0.011966446567732157,-0.01536175327618366,0.006612582415830484,0.0024185995479013805,0.12356045186235874,-1.0314151845618549,2.1724513820844247,1.755677603678888
0.012056982521947828,-0.0153804153808008,0.0065043874202200406,0.0024790546675463473,0.1180693026437175,-1.0844580332740312,2.0924769479977603,1.784564347297676
0.011762307128533827,-0.015432739142052482,0.006701656399002357,0.002167952003500601,0.12456945423835697,-0.8595776261465141,2.2699261792364425,1.5822345702216243
0.011900825521690996,-0.015418744626523524,0.006599725181891476,0.0023081889518210825,0.12053938097483664,-0.9652329954740889,2.183040545001561,1.6730742852986735
0.011834914797665363,-0.015453022306971823,0.006613194714257845,0.002218357863344989,0.11918996623286324,-0.9066718270704852,2.206260469137767,1.6088488220407768
0.011063653270188795,-0.015446535976428526,0.007182307510554392,0.0014008094202460737,0.15034712239780068,-0.23652027044064558,2.652547387384932,1.0460505086321594
0.011271595423169764,-0.015426058224496376,0.007085104094841164,0.0016576390306450586,0.14496527732619266,-0.44023087747532713,2.5729616735682037,1.2359708900400992
0.011318332639600973,-0.015484985920309738,0.006965584695725893,0.001670726456735002,0.13599038319222967,-0.4775055663942843,2.4966265083898858,1.2354736084332834
0.011127154051618076,-0.01545156537894606,0.00713738965057656,0.0014735315623000695,0.14742685560489946,-0.29948260714460356,2.6198053117576876,1.098834050941594
0.01119488108226187,-0.015448624451976818,0.007100452162248931,0.0015545574319546214,0.1447941417749372,-0.3653739268617718,2.590733981005982,1.1582190092932576
0.010725978181797838,-0.015468641742047215,0.007310438769497197,9.700295721050705E-4,0.1596478407809181,0.10990181458528421,2.7456691287891553,0.7199496340333407
0.010785643859112735,-0.015476791287940923,0.007272503905884915,0.0010425209379228784,0.15632752738350744,0.045807167831455664,2.7214642804623774,0.7740534040459361
0.010687085877072624,-0.015528013925088844,0.007227989738105997,8.980698620108346E-4,0.1525998364854382,0.13848599627714606,2.6950689599254143,0.6593140871193929
0.011019266972326266,-0.015498361025692256,0.007125529462210056,0.0013190834362816369,0.14549548854978245,-0.19378459055876907,2.621166554777039,0.9784755561809383
0.01096895081239645,-0.015474223885063313,0.007190058295960392,0.0012711644452842131,0.15021007210690202,-0.14206690259204763,2.66365466337289,0.9457300251229194
0.010910006901157615,-0.015472939158444252,0.00722179911344565,0.001199486171311363,0.15242919051098722,-0.08215884264139815,2.686095736549408,0.8925907650255811
0.010844052295915466,-0.015480893502940504,0.007240109381472448,0.0011140115123265662,0.154233283846172,-0.015467230421464922,2.6998822685952533,0.8276009782370588
0.011690524041820069,-0.015477931822942574,0.006700338281365397,0.0020617622421765253,0.12219120496289247,-0.7920009908474919,2.2846481871548403,1.5033204073706097
0.011536720095490123,-0.015473541903600493,0.006826480974304637,0.0019117255288257958,0.12850579808858795,-0.669390823241471,2.383503949835964,1.4043716404260318
0.011609841227312817,-0.015516109393127031,0.006711930851356935,0.0019529729584264611,0.12089163720252372,-0.7192193463749038,2.306423738889983,1.4233027459928247
0.011467283215175691,-0.015513302036222124,0.006821453292166037,0.0018106084275935233,0.12635565764870707,-0.6033075422002031,2.3919762482477136,1.3274406601443705
0.011332468099004357,-0.015542389422938821,0.006872191487203762,0.0016481056903795595,0.12847341221448952,-0.48290028126459034,2.4406981734688133,1.2090525708949622
0.011401162878296657,-0.015534453378423269,0.006837623802295335,0.0017265770533821934,0.1266258248113887,-0.5435666883616297,2.410969935496684,1.2653222153322128
0.004669688602617361,-0.01131099796825976,0.0018184748324310187,-0.007497490604617835,-0.1746939945951073,1.1933626680567662,-2.0956194353703057,-0.6286214379367044
0.004665445414737726,-0.011376321266871083,0.0018932078821340475,-0.007448265008542123,-0.184653763315459,1.246392377467602,-2.061859647915059,-0.6861744879026298
0.004660224737850308,-0.011427896236930192,0.0019495295806636816,-0.0074063973981461275,-0.1914838364131018,1.2860861162810255,-2.0328904932171046,-0.7302018914422237
0.004707084886675629,-0.011498486349636355,0.0020652935619341023,-0.007398760264887719,-0.2043591190702003,1.365402247814911,-2.0305783997635913,-0.795249919398052
0.004648668222082031,-0.011471764554991533,0.0019910614352698468,-0.007363241733799664,-0.19661872596293536,1.3162425750353106,-2.002456815573769,-0.7665548573032558
0.004707112822682714,-0.011563377862568093,0.002138369551480317,-0.007348304679909909,-0.2126724573350187,1.4168881374867797,-1.9953534092444423,-0.8498665415986162
0.0046985945570606116,-0.011631257121136693,0.0022057416507862593,-0.007285847784759354,-0.21974487571069565,1.4646918677499894,-1.9510123233348702,-0.9041870541356057
0.004705095922707885,-0.011679388522549433,0.0022624356313940604,-0.007252111102301474,-0.22509359133884674,1.5040500552709963,-1.9274492086775157,-0.9435593450733354
0.004959156677930016,-0.011966165257807908,0.002791817861476843,-0.007219493210408775,-0.2747606106811313,1.8601826428969157,-1.9118864985424098,-1.2171500305235166
0.004901400066483584,-0.011940083977641638,0.002708288754873124,-0.007193204396774638,-0.26661678732425553,1.8045824714810508,-1.8913445157371658,-1.1834731652958055
0.004865977118702402,-0.011775952388775327,0.0025056912136357285,-0.007316647473936888,-0.25076366074493167,1.6654984385806835,-1.979993559772387,-1.0482436983191874
0.004888025975173102,-0.011816804372767034,0.002569462184705422,-0.007299452755750629,-0.25626035431639993,1.7087942442848745,-1.9683635487951763,-1.0851544308266095
0.004865501946727088,-0.011861742880435462,0.002594844238073247,-0.0072362989533076225,-0.2575191397283509,1.72765432210942,-1.9218550241502725,-1.1158256042735701
0.00485476470842573,-0.011911771558428815,0.00263491763892076,-0.007178900053063139,-0.2598164691736308,1.7557491429103715,-1.8798248236751516,-1.1513502095485306
0.0047667913680305655,-0.011711747613788721,0.002349111100817487,-0.007281313796859536,-0.23461720795274574,1.561196408940045,-1.950977615211212,-0.9792805811073173
0.004815249732972901,-0.011756050918988334,0.002438702655586113,-0.007287252151568973,-0.24324239461360864,1.6213805858206116,-1.957033431132751,-1.0231303142930015
0.0050032202919998575,-0.01206740327959087,0.0029358337641462867,-0.007154288353289575,-0.2844886776499493,1.9578383038877833,-1.8642035064858704,-1.3037770512778277
0.004947264583225543,-0.012031466128284882,0.002843237466560736,-0.007142152326695141,-0.2767146509608452,1.8956501087874902,-1.8545593818409725,-1.2623064184471693
0.0050294568654551085,-0.012177986138421,0.0030658362715768606,-0.007057729592407126,-0.2905169176354465,2.044983845318281,-1.7918390589969846,-1.3888103282898074
0.004997415395106288,-0.012137827164067383,0.002994885257654629,-0.007073912106718054,-0.28618231450223935,1.9974752733999304,-1.804064320362359,-1.3515369214523527
0.005044063726164157,-0.012229907568486102,0.0031274705706314165,-0.00701245110720916,-0.2928451937678688,2.086003430052656,-1.7576483747934797,-1.4281532520865687
0.00503072104299209,-0.012291813734929083,0.0031645130897292803,-0.0069317294326876775,-0.29166599411196703,2.109271366976015,-1.6968885298027032,-1.4626080518374867
0.005437797159290731,-0.01289468965879714,0.004079287338518989,-0.00646575330613626,-0.2987681673858757,2.689482243402843,-1.3141249736390976,-1.9384621471082488
0.005264598421094831,-0.012619978062410171,0.0036906021205732917,-0.006715956803057613,-0.3059440157541747,2.451743567539003,-1.5232333154019946,-1.7392672446157975
0.0052401685849469345,-0.012547290661662061,0.003610315059288011,-0.006790679552088002,-0.3075671752075588,2.402689264168092,-1.5826274894272132,-1.6918890619477196
0.0052336620740463195,-0.012588155627807495,0.0036299169184140423,-0.006733884752703825,-0.3053662324596822,2.4121013769074353,-1.5388839911372294,-1.7094574827546278
0.005195184100498475,-0.01246472721110517,0.003494444859291486,-0.006859157646573824,-0.306580416674985,2.3281600553625954,-1.6374705672796246,-1.6278591187511358
0.005209324275330778,-0.012511580371990641,0.003546217265427487,-0.006811994497293142,-0.30647532311416953,2.360571323333374,-1.6004975678940536,-1.6594536815857206
0.0053996148923033905,-0.012860659432994246,0.004009747759151461,-0.006488395253900243,-0.299329222025082,2.644965425674896,-1.3357464556380882,-1.9062003779560828
0.005362869427121622,-0.01282282872222442,0.003940187261174021,-0.0065160538147295615,-0.3000259588185925,2.6010846113315114,-1.3607814186392373,-1.8732748453960166
0.005324202658157296,-0.012784239646032126,0.003867504112523196,-0.006542239177603435,-0.30030733492584444,2.5547780346107376,-1.3844992082516778,-1.8387645513011395
0.005252311705349838,-0.01266266140968086,0.0037019458692268544,-0.006652029074076965,-0.30265556549944517,2.4538971204821167,-1.4745555250432159,-1.752873347466085
0.0052696079553429705,-0.012708447270218299,0.003752145583690442,-0.006604874495807164,-0.30107436936519477,2.4834900683501075,-1.4369032129550001,-1.781087929946328
0.005286590447945799,-0.012755235780352616,0.0038015446486063184,-0.006555318355459838,-0.2995874222735333,2.511685435113742,-1.3975591955815627,-1.8083672754257816
0.00513782883766748,-0.012407066748955945,0.0033809795752054142,-0.006883822883329863,-0.30192210748913767,2.2526008502029424,-1.658116403574865,-1.5715556132132313
0.005075651190805121,-0.012339084361316735,0.003254238722407688,-0.00691407006116066,-0.29638374903226544,2.1687551183411777,-1.6827770818829502,-1.5076333824177757
0.0050977849243372545,-0.012387987640749694,0.003318653939295979,-0.006874649641280246,-0.2979375037024557,2.2103098859630976,-1.6522861716712172,-1.5446651090000785
0.005143245788324356,-0.012454895547302045,0.0034236406272113687,-0.006830477287755322,-0.3014164301058722,2.278951097113302,-1.6170263700456162,-1.6007330864658782
0.006526522867297911,-0.014003746189590861,0.005838282737953061,-0.0050700239985841606,-0.11781937766867166,3.49346505468169,0.009824085667364079,-2.5281297813509265
0.006540192435081804,-0.014042626355423832,0.005842220884788425,-0.005005325511383844,-0.11294007877038066,3.465974656768372,0.05480878525512942,-2.512974155098474
0.006480903940295479,-0.013995507221386825,0.005767052771806951,-0.005085540340345856,-0.12523762609133846,3.450883422197024,-0.02236403564619022,-2.5057545535533605
0.00638708402825767,-0.0139345726816121,0.0056384528325685935,-0.0051854188325047845,-0.14347363191536447,3.4055190609648416,-0.1277262515613853,-2.4810376566175836
0.00643122083818985,-0.013999093333228248,0.005684808660978319,-0.005080988328501229,-0.13189272733940918,3.3917906026534967,-0.043564011177741994,-2.474190533454317
0.006416838510069047,-0.013961333288686694,0.005676762742273404,-0.005142258252772199,-0.136537266529574,3.4132423493712105,-0.08765146060497316,-2.485590599465374
0.006273976124010934,-0.013838723503056448,0.005485307314789935,-0.005334139540195151,-0.1661483174585926,3.360575745861638,-0.2716592287353845,-2.4534008678230097
0.006283917558601423,-0.013886672420063676,0.005487614908596256,-0.005257633682809212,-0.16006024793425877,3.3312652882442433,-0.21805276493291972,-2.439160024545439
0.0063434540946727125,-0.013938179229533975,0.0055666187459426095,-0.005178224003000165,-0.14808089927456358,3.3526683272453788,-0.14274286086060461,-2.452382692780987
0.0062960633561670665,-0.01393341876998608,0.005492483772760434,-0.005183748155960714,-0.1541448361104226,3.3043688568466583,-0.1664779503885552,-2.425716939474359
0.006229546664569218,-0.013828907447941186,0.005416150080012775,-0.005345165414669888,-0.17169009213676023,3.3167692529485557,-0.2965233336649295,-2.428637808130425
0.0054843922864362404,-0.012973773585873509,0.0041806470169803355,-0.0063833904655274335,-0.29371984837028936,2.746940303071042,-1.2445824883603425,-1.9880731289124827
0.005429697869626328,-0.012949214418635564,0.004093206949397624,-0.006384841830339694,-0.29302258265471903,2.6874213855303677,-1.2526275515492322,-1.949975401987526
0.005610657800191328,-0.013099029000757396,0.004411325881831462,-0.006274817371511314,-0.28500099860673417,2.8879473279041266,-1.142398737164855,-2.0923763151745853
0.005601047520490598,-0.013066495391036055,0.004385790296424644,-0.006317482288302383,-0.2880602454118443,2.878197455869538,-1.1770430725117143,-2.0802282441914723
0.005526563218965461,-0.013013191290542297,0.0042571433369188215,-0.006352172246714118,-0.2913088814952319,2.794651845526317,-1.2148815646185784,-2.022914700250125
0.005568124322751593,-0.013044650605610464,0.004329517884536358,-0.006330718432218926,-0.28961694284671063,2.841121885876785,-1.1922906791295318,-2.055243037798407
0.005598788515240202,-0.013128420974614374,0.004403494526745334,-0.006225124475759734,-0.28119659438288874,2.8726326419530044,-1.1059290642670405,-2.0897544042039424
0.005612614929910183,-0.013165017447232447,0.004434994663880283,-0.006178566341193992,-0.27738070348537663,2.885241101986932,-1.0679627567136742,-2.103790226491684
0.005685529924512739,-0.01321450863794992,0.0045570340871081355,-0.006141635826152737,-0.27263942971934835,2.962093018714284,-1.026756718244011,-2.1558946510043913
0.005628684153733799,-0.013209545632440915,0.004471107338060888,-0.00612105044925305,-0.2725759885005676,2.8981141478695593,-1.0214469406059175,-2.119088951397465
0.005707496541216726,-0.013257357358130273,0.004600299179711658,-0.006087650412522152,-0.2679545191851152,2.9801018694513233,-0.981241823872603,-2.173514600636748
0.005730106157063201,-0.013291092578926694,0.004641638005002086,-0.006047006821222652,-0.2633583745256463,2.999321464463794,-0.945928488834786,-2.1899944178725357
0.005732865972760331,-0.013333791598240712,0.0046536816801278705,-0.005983619045732692,-0.25827821232577414,2.992531792472603,-0.8974992094048505,-2.1929117572638646
0.0057538784722591056,-0.013376195323998988,0.004692070768644647,-0.005928343020792449,-0.2527194498386534,3.005184848495204,-0.8518336905695437,-2.2063802802554204
0.005789847965807962,-0.01341913275852577,0.004752027860979953,-0.005877416296111284,-0.24700612119356258,3.0330279876267032,-0.8062636969796736,-2.228299389361354
0.0058602789268808655,-0.013485392913238912,0.004865358099504709,-0.005801516277374528,-0.23722779947076097,3.090284602436331,-0.7334443581754067,-2.269654939759261
0.005805820142902849,-0.01347598453815912,0.00478145942216216,-0.0057969046765610896,-0.2399327433736745,3.0314092180279535,-0.744018156172587,-2.23479151414161
0.006177744586391177,-0.01381585625155259,0.0053365262317158595,-0.005359520123329387,-0.17786031851981207,3.267609908060894,-0.32593454556395113,-2.4004944083886692
0.006118352094950756,-0.013795741867885973,0.005246926078270579,-0.0053826101350705055,-0.18545711157015918,3.2148051563102795,-0.36293190365316147,-2.3696122100492327
0.006019535248979964,-0.013613732059082447,0.00511406151184231,-0.005649219904566124,-0.21396091143596455,3.2162267012772183,-0.5783812219891876,-2.355696263183379
0.006040584586031121,-0.013647492521306504,0.005144911993995991,-0.005600996481887838,-0.2082238871977217,3.2215840247632612,-0.5378017764849159,-2.3619944702100697
0.006081945033133834,-0.013749535852226016,0.0051977548930382846,-0.005448835061244707,-0.1934649178125579,3.2052898738887663,-0.41955801703808476,-2.361165845664679
0.006056371465291924,-0.013712917780714146,0.005162721619426467,-0.005501312402056182,-0.19943742156587263,3.1997553264753837,-0.463660525257251,-2.3552904502210565
0.0060354509718865395,-0.013680542496427622,0.005133627854170025,-0.0055476201037979785,-0.204798186634507,3.1956706981339837,-0.5023171629072541,-2.35027987903499
0.005931788901059403,-0.013534456891733024,0.004977981720385292,-0.005748909373219278,-0.2284466540670161,3.152863224201052,-0.6758829753262449,-2.311166257695113
0.005963291036117226,-0.013568092947112002,0.005027208191631944,-0.005705660460782123,-0.22223884009686962,3.173676865720486,-0.6357787673901537,-2.3267941773740928
0.00597176972695309,-0.013610460148642062,0.00503903783584629,-0.005641620194581033,-0.21697881008431977,3.1616650815956686,-0.5876864715095332,-2.3244131287540597
0.00588060089407434,-0.013541328081941802,0.0048986583191631015,-0.005722110937518655,-0.22976975996472424,3.0899167993068257,-0.6709812980883251,-2.276067523800331
0.006046895046932579,-0.013793456879391729,0.00513640285397544,-0.005374422806333914,-0.19149942863680647,3.1378371930230884,-0.3828503873471653,-2.3256442782900457
-0.004270787161907406,-0.009570443585007145,5.411980076047569E-4,-0.007489404298621682,0.139671596522682,-0.4439444980216191,1.9576982863582784,0.9252247969589967
-0.004249040410079858,-0.009484099481728105,6.427463656000932E-4,-0.007448183542178195,0.1481313420580246,-0.512991158115783,1.9191248313657536,0.9885356542540957
-0.004192230028944881,-0.009379559715327434,7.526259205977664E-4,-0.007365458177221623,0.15217213250762393,-0.5892912587532287,1.8487142476138287,1.0475826164980118
-0.004149036206302045,-0.00927695074014635,8.580590602456176E-4,-0.00729289359885272,0.15649414738493914,-0.6610670651792453,1.7864017375423182,1.1067330955449626
-0.0041554919289203554,-0.009104278408551101,0.0010549940383102656,-0.007233504007518528,0.17612319347265779,-0.7862663503020864,1.7271815546620986,1.2361852817934016
-0.004122792670681797,-0.009190316998151354,9.464387646767249E-4,-0.007238269211413994,0.16087232857491102,-0.7194922031743217,1.7388496491313803,1.1580695618749484
-0.0040768177865072785,-0.00901165030131403,0.0011214073830593666,-0.0071248518734079854,0.169328821497752,-0.8326255180828578,1.642513687790052,1.2588219646696224
-0.004218224180023514,-0.0096468176139038,4.365836805324343E-4,-0.007453281389970967,0.11849369942430653,-0.37762130966246993,1.9381647083572362,0.8390752347463151
-0.004389316511262711,-0.009991464157997444,1.0387395000030804E-5,-0.0076551474988390406,0.08421776166455085,-0.07712525249110735,2.119774227671084,0.589320585966
-0.00432674043017546,-0.009787325034796792,2.748872577361914E-4,-0.007579806391891535,0.11298294477822936,-0.260893616054731,2.045026201636743,0.756541913224273
-0.004267223242148458,-0.009723250014053914,3.4920302358732325E-4,-0.007512839992404644,0.11459461520885705,-0.31541189418934573,1.9894414228078985,0.7917276774581837
-0.004359774547321288,-0.009917281212655948,1.0783644486458845E-4,-0.007623145438398419,0.09422871845700188,-0.14554530817208447,2.0892861971077505,0.6492324666675827
-0.0043152284397209376,-0.009857849473956033,1.8270654523404274E-4,-0.007574780048214634,0.09886861149028581,-0.19950134892464977,2.0477181623323752,0.6890324749337138
-0.004449018842797931,-0.0103148569421169,-4.283062602785489E-4,-0.007691791352392024,0.023753865173288088,0.22661887143201778,2.1742899233270907,0.2962505831789943
-0.004422579226073597,-0.010257613897335387,-3.475527117312005E-4,-0.007672872513433707,0.03343819118030286,0.1699373251226034,2.1555572507066256,0.34533708607979796
-0.004401496727804176,-0.010195915869288882,-2.627235760142578E-4,-0.00765829436743403,0.04395610803549719,0.11059734652817145,2.1395986611211963,0.39919468890370785
-0.0043868643854768664,-0.010119245571817273,-1.5957196689281254E-4,-0.007649305414251225,0.05816009524939264,0.03906648401099938,2.1265098299417047,0.4680484498881547
-0.004343323129350787,-0.010058080488661747,-7.707038340032346E-5,-0.007607697827078164,0.06488177364598678,-0.02000181214196364,2.0901558477536444,0.5134679973923449
-0.004465749085318708,-0.010533039480957927,-7.240153168622935E-4,-0.007661582083789808,-0.022013186189212445,0.43170722306569137,2.168673020918139,0.08922979073663835
-0.004404172883179518,-0.010370678928772562,-4.949085538418844E-4,-0.007636029204040595,0.00800479413552524,0.2712459344245976,2.1371940123290436,0.2335254454902911
-0.004433105373574222,-0.010450934990101045,-6.069842634209365E-4,-0.007648790345856206,-0.0068056253725551,0.34973547964015056,2.1530599693416623,0.16237899055193547
-0.004359957369866918,-0.010414490297866619,-5.433312961421458E-4,-0.00758269656550566,-0.004450637997574554,0.30353834584836975,2.100510144501834,0.18403708312757225
-0.003975534947361234,-0.008196135937909087,0.0018171798621144052,-0.006573675265717851,0.18743039305733175,-1.232723512259198,1.2148934490856969,1.6282790528558164
-0.0037969858614077335,-0.007926149620630114,0.0018855061758043003,-0.0062687430157611496,0.1627942202677979,-1.2662609636734452,1.025686543207554,1.6178638338478686
-0.0038888411928214087,-0.008074843487875929,0.0018479711393879557,-0.0064312581370687865,0.1757229656008911,-1.2475108917397397,1.124920245039114,1.621132591063823
-0.003981879625801041,-0.00839020176051815,0.0016624851443937604,-0.006708303365507422,0.18541667437724546,-1.1523599392514419,1.313121762144299,1.5515306803768203
-0.0039408692663505445,-0.008300481136445733,0.001710170454755504,-0.006620643682378932,0.18097371997370132,-1.1784872652723148,1.2525622335181026,1.5665359109750288
-0.003954751907869987,-0.008499731024731831,0.0015513817727465012,-0.006756893691457336,0.1775786650958386,-1.0925863550361397,1.3529163199413785,1.4853487541480679
-0.003989231904142454,-0.008885906788925865,0.0012096191871768973,-0.006993757938492619,0.16392590153633443,-0.8918007596390077,1.5413379033009937,1.2933459187453773
-0.00395833077542626,-0.008619872776380317,0.001446243203643004,-0.006830056541163129,0.1734623461211879,-1.0329985445877787,1.410133605715184,1.4270701047915917
-0.003969061178302214,-0.00874252863005607,0.0013382991276899116,-0.0069055330152268555,0.16966092439906436,-0.9695088259063024,1.469961012208632,1.3665100819569345
0.0038595265000893096,-0.007836109264811472,-0.001990681951844562,-0.0062388559824768436,0.17069962908556904,-1.3128708177142936,-1.0021170380064006,1.6766466156254747
0.0037807560124727578,-0.00725128709424846,-0.0022525901088756733,-0.00573572742738005,0.14979290747203391,-1.4090133273132286,-0.7242336661162185,1.7456446002263306
0.00373897643670365,-0.0070643137850881395,-0.0023001486883449033,-0.005563320726773901,0.14028596832821935,-1.4186212557935998,-0.6437458928764146,1.7440981322917095
0.0036865800221765697,-0.006867292364369407,-0.002332690694505552,-0.005379247031002122,0.13116224297904056,-1.4216148861285538,-0.5646826898244638,1.735650725467858
0.003640652117393648,-0.006464527789072855,-0.002420854704264416,-0.005025181460258265,0.1148825156403087,-1.4305349835346688,-0.4288454241182662,1.7285065281183967
0.0036612754470431294,-0.00668067828472951,-0.0023744601925877787,-0.0052139758238260725,0.12341123748246612,-1.4263052643265632,-0.4991069836415089,1.7323842347242417
0.003346900677650587,-0.006149103423805778,-0.0022527926375151453,-0.004690863526421945,0.09450533422084668,-1.3697090203685176,-0.3346548353450911,1.6341168075540915
0.003449590768562265,-0.006360575657499642,-0.0022886604200851126,-0.004887645003834733,0.10356159735820798,-1.3876219602809723,-0.39099451163796556,1.6638762192179215
0.003799366163086976,-0.00765902695223424,-0.0020537750156417634,-0.006070526629758593,0.16177244981256247,-1.338543082586025,-0.9053079123364218,1.6873524386599679
0.003675812142904302,-0.00752062546853918,-0.002035460922946832,-0.005901444167476854,0.14563505646577127,-1.3286319223551912,-0.8174659195257566,1.652725988269324
0.0036501277743592794,-0.007355622735456939,-0.0020983395309805528,-0.0057615058483473725,0.14054800168592477,-1.3512282465088719,-0.7452895274160806,1.6687353512784124
0.0040116815737057335,-0.008862101171914927,-0.001244043252442665,-0.0070005322066135625,0.16918386320546533,-0.9114306311006121,-1.543837193621669,1.319411683074464
0.003987338265419162,-0.00873985485371332,-0.001350503488943316,-0.0069184833869431585,0.1726099494555078,-0.9761370706725275,-1.4781370813982468,1.3777932643878994
0.003970901448064462,-0.008610107803771737,-0.0014622415641329866,-0.006834098464907669,0.17616254995669067,-1.0417714223470664,-1.41195357303779,1.4391599870068472
0.0039642705859632065,-0.008460307797715361,-0.0015913730361118165,-0.006739718313519841,0.180224029453405,-1.1143107073074503,-1.339009356813227,1.5092578742821592
0.003886356185268534,-0.00832331697951106,-0.0016563835669784553,-0.006597748987350545,0.172115526283818,-1.150982110721353,-1.2412060710444326,1.5262950270379199
0.003790789901402339,-0.00801084445414348,-0.0018240148839794195,-0.0063253888592824156,0.1621730779792725,-1.2371194930854716,-1.062585416992814,1.5884936597769939
0.0038123244103593678,-0.008182845075131803,-0.0017159372052735838,-0.006456546982728641,0.1644606833561804,-1.1831385737944478,-1.1487445587282574,1.5409255371793371
-0.0035123428535512153,-0.007261189671824615,0.0020347849335746395,-0.005629189407184105,0.12810880738862904,-1.325099900086517,0.686348895122212,1.6215543306993445
-0.003714986236523268,-0.007755848118258701,0.0019328430617393825,-0.00609842382779478,0.15252527849008124,-1.2869868893151468,0.9268800069985411,1.62079901986444
-0.003627314961361241,-0.00758257456373658,0.0019656844393339764,-0.005924790862982387,0.1415603063304102,-1.3003533769964972,0.8329278534567964,1.6169549278712727
-0.003560738184841922,-0.007410832786719612,0.0020028618930355156,-0.005764179889395757,0.1335248720599926,-1.3136353564368122,0.7510708639959739,1.6181596774997846
-0.0032424465215617005,-0.00660725957530341,0.00205765861129884,-0.0050301768077394985,0.09978466106680177,-1.3273057549486416,0.44548820898426705,1.5870085581511975
-0.0034805158041708744,-0.006979339331452452,0.0021240193400937895,-0.005396907330919757,0.11961509485081245,-1.352243792903921,0.582766450105168,1.6417470834948469
-0.003453999253316856,-0.006746609549697389,0.0021829852366807485,-0.00520266696891218,0.11337686034244628,-1.368024022612193,0.5044605218480985,1.6510184242811496
-0.0033981755184995972,-0.007144120528649073,0.001996448214721058,-0.005494842279672095,0.117229157866328,-1.310606966662821,0.6263196521023507,1.590587696677092
-0.0029984462570024186,-0.006398451274898432,0.0019239087693319697,-0.004807948972288618,0.08589312625974106,-1.2908742908080557,0.3736979879979864,1.5290746138747526
-0.0029996242183087628,-0.0066847289093888915,0.0018516326118452827,-0.0050226908641851425,0.08915987535484965,-1.269114642637728,0.44215128301257806,1.5067648435122414
-0.002957838891044993,-0.006044066644966896,0.001966785900569944,-0.00452906488775318,0.08073986443268978,-1.3015336240636677,0.295224759290659,1.5355947423468452
-0.002103945664234753,-0.004406268714441908,0.001489345217381479,-0.003209774954079627,0.056402838109441446,-1.2372178865834693,0.07416434615472918,1.4360847874315041
-0.0027699352642420495,-0.00563778791642907,0.0018869281655192794,-0.0041881283375512675,0.07109802658539534,-1.2850316196059184,0.21671256671595354,1.5068177993775789
-0.0023618805937505837,-0.004815007752315156,0.0016584827228886265,-0.0035277101781599177,0.059744404367833064,-1.2528902277624228,0.10878951855213133,1.4580804685487891
-0.002575081122879648,-0.00525082322007224,0.0017835292565352657,-0.0038720820134133913,0.06512242657492218,-1.268088903578304,0.15845248690695876,1.4810078008027727
0.0023174975346706055,-0.0037078261594855493,-0.001668314450777794,-0.0027014660320269428,0.05307143054030585,-1.246313530001791,-0.03466017164273602,1.4468507655050826
0.002755054090573371,-0.004240974529078936,-0.0019833718846367816,-0.003118596843242294,0.05739371579615006,-1.278595335233885,-0.06048955489274442,1.4913614348036115
0.0033347848756417595,-0.005620865423004879,-0.002333617450396996,-0.00425835434613448,0.08127470595731584,-1.3707574848123671,-0.22096601219689335,1.6235222068985584
0.003252213142415635,-0.00589295911949357,-0.002224765403599035,-0.0044649249917298245,0.08637392766477595,-1.3564816269151978,-0.2747585600454536,1.60889036113528
0.0029367385401801414,-0.004844586559912428,-0.0020935508511017577,-0.0035949069192386736,0.06415322942545187,-1.3050309797233244,-0.11241705737642431,1.5288868505456534
0.0031531583501583347,-0.005278307447314507,-0.002227694749464265,-0.003957759243391805,0.07295219501018614,-1.3375932608638428,-0.16613150774160498,1.576143843945986
0.0017806437353220666,-0.003853276605804387,-0.0012704086467380399,-0.002792653807309219,0.053207196433210924,-1.224773837935242,-0.041375286952524105,1.4182298421413824
0.0012439867628791829,-0.0039215615453579555,-8.813935977274664E-4,-0.0028274997403234365,0.052425861288338635,-1.2064005406176392,-0.03551668331244402,1.393062694604064
7.76131920579337E-4,-0.0035612978084446885,-5.521184129160384E-4,-0.0025619838944704737,0.05185598057957823,-1.2014024219644395,-0.017418631512842755,1.3870046235645415
-6.155065930464603E-4,-0.003468825839984476,4.3831294151219086E-4,-0.0024943228870981595,0.05182036758636488,-1.2006148326842803,0.013127964132648886,1.3859606806000064
2.671821308080953E-5,-0.0034880087941630616,-1.8981964222435633E-5,-0.0025051995828769516,0.05145135459809976,-1.1968898074167698,-8.175145479689905E-4,1.3806218559491013
-0.0015018316521687896,-0.00436539278406167,0.0010544227017579165,-0.0031532559693981744,0.05346666979303473,-1.2070991644245268,0.0590296610371348,1.395345396420874
-9.959385546795207E-4,-0.003923049773231425,7.04319723566704E-4,-0.0028233894261426935,0.051965327765284945,-1.199398447014554,0.029707441209506663,1.3846218683412443
0.004157672905569378,-0.009184716545092255,-9.659274481520146E-4,-0.007267471543035107,0.1681079646566889,-0.7295146658265644,-1.7591872909988793,1.1793199053274923
0.004256727760892311,-0.009799561097601234,-2.5188487608625553E-4,-0.00751175643987717,0.10023384363807004,-0.24978546877923047,-1.9956209960347142,0.7207097861633325
0.004231346264345638,-0.009716272018515774,-3.5296610694270835E-4,-0.007476941534752742,0.10970598381140673,-0.3201329668812398,-1.9620393536840328,0.7845151958205926
0.004137214078477662,-0.009272178664990725,-8.595340351161244E-4,-0.007280506561788834,0.15488466306718263,-0.6624551603397517,-1.7769340117845942,1.104554865792714
0.004199651118405406,-0.009628102968245865,-4.5616679076659634E-4,-0.007432174506509646,0.11873941014144833,-0.3918636565264069,-1.9207060575626274,0.8475824483402107
0.00415517071190961,-0.009364562505654662,-7.591157494170131E-4,-0.007326587460881601,0.1471967979817228,-0.5960590164174758,-1.8189038744161417,1.0422992839085312
0.0041707111624425365,-0.0095515772787911,-5.427329386624288E-4,-0.007389498669095864,0.12494965749664834,-0.4520328293646784,-1.8820811997595517,0.8997008406721548
0.004150939603572963,-0.009465534758664143,-6.400193060232176E-4,-0.007350732854948244,0.13351105733305882,-0.5180410713496827,-1.84569634673312,0.9610419203035109
0.00431567059062344,-0.009968865600164536,-3.9127053963843756E-5,-0.007580319002005711,0.07841658483139591,-0.10134746090500722,-2.062021106648562,0.5878690865968617
0.004361782598606555,-0.01005503916908221,7.358653294780637E-5,-0.007626479908881088,0.06754071606692007,-0.021674104018886534,-2.1040108665890007,0.5216781472995277
0.004388904267090164,-0.010132930194661056,1.7789287144442205E-4,-0.007650545418542342,0.055795185497537224,0.05165227408424659,-2.1285526190707214,0.4557013207773614
0.004387977583568728,-0.010258119181150403,3.437258789514317E-4,-0.007637385620411537,0.029773634840707938,0.16564435123015864,-2.1291931566388844,0.33708288765178124
0.004365706075096845,-0.010195515061771908,2.586675211968567E-4,-0.007621832765521782,0.03980532604299765,0.10608451468763398,-2.1123696077284086,0.39088830713175554
0.0042163192428112065,-0.009953493418516141,-5.6491251704171684E-5,-0.007482037225989005,0.06787554427043842,-0.11851624171754427,-1.9869161494274301,0.5715862918526248
0.004179642221856407,-0.009864464666782147,-1.6474810866019165E-4,-0.007442523993241384,0.07804948393017218,-0.19501887103484747,-1.9495008317585505,0.6383567205913389
0.004517114636895565,-0.010915899410100008,0.001241242251373999,-0.007571555989018999,-0.09912828495999323,0.7929003981309947,-2.1278968187808522,-0.2679326895392727
0.004513602408923171,-0.01086300975298351,0.0011722328032133912,-0.007592088222769965,-0.08896710837390086,0.7446476051566933,-2.139863340763903,-0.21887730968079452
0.004513831141536814,-0.010809352702685921,0.0011032987252319302,-0.0076153465010028246,-0.07824961723096158,0.6963002707029222,-2.153780462487674,-0.1683286658808242
0.004433555548783856,-0.01043672184921292,5.882392340608115E-4,-0.007652455652527679,-0.0037906852259598496,0.33658267591991825,-2.154546693601328,0.1761711596809867
0.004386588218307657,-0.010377496654446233,5.00539379357695E-4,-0.0076168714237428445,0.004964872506692117,0.274387522448954,-2.1233664791920828,0.22372791891212218
0.004343755055717404,-0.0103126868094269,4.087908913454111E-4,-0.007584913164645996,0.014505792356332153,0.20922687994269154,-2.0942384861461925,0.27608206625932835
0.0044658940638378575,-0.010745573561805928,0.0010019696021038634,-0.007592215786693676,-0.06636479623076984,0.6255849993971986,-2.1321456706210267,-0.1125998938573697
0.004402180372307342,-0.010678664071457731,8.935589129804956E-4,-0.007552513263210256,-0.05460219413771646,0.5498538009661843,-2.0976737341265896,-0.05663130136151339
0.004412541786450253,-0.010509836874303765,6.793214346492465E-4,-0.0076134901115953455,-0.02056161648475428,0.3995345962712262,-2.130971257360534,0.10309727586687592
0.004373749368001013,-0.010572493342105537,7.49551403728379E-4,-0.007557490511299797,-0.03511304852426761,0.4483829667909815,-2.093618325131428,0.03864298334885564
0.004349759569460993,-0.010631898831097294,8.174561385618611E-4,-0.007515955415808766,-0.04768624682229199,0.49614732101043485,-2.0665935936700586,-0.019319511971372536
0.004630517827079247,-0.011213707592522871,0.0016749054471837208,-0.007522010257824238,-0.15645989734683383,1.0941916775857055,-2.108759625896241,-0.5398254247403996
0.004589588889695773,-0.011165784127375516,0.0015913089304435476,-0.0075107574156270005,-0.1467963156139709,1.0370741940264478,-2.097565470808172,-0.49576786194316186
0.004612693620920457,-0.011275715401833556,0.0017384462550413553,-0.007464954797469171,-0.16579389611134787,1.139881497198396,-2.0692071993139893,-0.594743087543884
0.0045352722586488575,-0.011008356175313297,0.0013665141177056754,-0.007544271844899703,-0.11677748963042378,0.8806747950833681,-2.1132431535284706,-0.3527614998724066
0.0044905394715395635,-0.010963049503672837,0.0012877243936765363,-0.007522574696600964,-0.10787729413850868,0.8263164955590804,-2.0941141499710976,-0.3126750134901148
0.004535569901700217,-0.011116846725014111,0.0015003335184070755,-0.007486035252784873,-0.1360653234295528,0.9750027734428544,-2.0759222664855197,-0.45132379185549876
0.0045317919843795625,-0.01117279598510068,0.00156555435144862,-0.0074500742727021205,-0.14550848713242717,1.0213740498337922,-2.0520822051261196,-0.5011586027954527
0.0045155198482751385,-0.011061742713384566,0.0014221100154426334,-0.007496719854262706,-0.1263694192637368,0.9204993682971636,-2.0806761723293428,-0.4017236121740052
0.004492883967500643,-0.011151457173530882,0.0015175498391635878,-0.007424983867206083,-0.14057130962196782,0.9889527225726533,-2.0319841577613555,-0.4814258943275558
0.004088631025647197,-0.0090905894078737,-0.0010422483353984783,-0.007168777263033609,0.16475830134563266,-0.7820129701873402,-1.6806336090232816,1.2110707971125132
0.004032451018774477,-0.008980776904880888,-0.0011337504224433147,-0.00707347817466521,0.16377236321626756,-0.843110475601727,-1.6044306059614666,1.2562263364680433
0.0039114254889031745,-0.008951504112977746,-0.0011091904641151106,-0.00696112182604624,0.1464395279836814,-0.8334643220242769,-1.524618453737702,1.21365318163374
-0.004419985162911233,-0.010598054673442997,-7.960071486833306E-4,-0.007596293976116163,-0.03811998917963998,0.4813920470395056,2.1246827935432933,0.020830415565151264
-0.004451686058498441,-0.010658912407699998,-8.849621150862839E-4,-0.007608883763970315,-0.049074320307241355,0.5437216731438993,2.138480071327105,-0.032535555949643295
-0.004531598504143409,-0.010805764480979835,-0.0011060353766573839,-0.007634941332001472,-0.07712928638706619,0.6978789927008329,2.167969772081855,-0.16337246681667364
-0.004483622077520138,-0.010718636759286145,-9.737794393093281E-4,-0.0076202289016443275,-0.060238251269783445,0.6058460763310906,2.1511577442509533,-0.08544102948980148
-0.004519908225856345,-0.010758077104938618,-0.0010389853313975171,-0.007642240650119396,-0.06787381963677307,0.6513148056459456,2.170173501156411,-0.11918584094877874
-0.004643514339886704,-0.011050830592906123,-0.00147800782347882,-0.007630947466231558,-0.12754846850178547,0.9554047625152756,2.1806618765205634,-0.38923266039260396
-0.004610262220404424,-0.010997225082620368,-0.0013911980201447693,-0.007625645614657054,-0.11607434394449508,0.8957748664027757,2.1734527748203845,-0.33984849606101125
-0.004550805027888932,-0.010853548906952552,-0.001176498213662905,-0.007634035551681441,-0.08704777139627497,0.7469652397745347,2.1704735047439354,-0.20728513780334915
-0.004565063604997099,-0.010898051879769728,-0.0012407513306176765,-0.007628391441413984,-0.09599690100431696,0.7916455160864788,2.16920572446745,-0.24848913109922766
-0.004584043251070588,-0.010945504015232714,-0.0013112150570730654,-0.007625047907347853,-0.10575044274601286,0.8404952492172598,2.1697769978423422,-0.29225109237470215
-0.0045026947369450135,-0.010849867843023539,-0.0011506478725126818,-0.007586865257827415,-0.08652811617077347,0.7297392968490582,2.1350318183075068,-0.20734286939808122
-0.0046519435224959636,-0.011118011819967933,-0.0015686207382119152,-0.0076014249303111925,-0.1405119826069571,1.0185052263752599,2.162613847413366,-0.45201849062100236
-0.004655449878559554,-0.011175626865907926,-0.0016432188628371098,-0.007570509744972294,-0.15117072761143016,1.0707298542872987,2.142825380724924,-0.5054242735143127
-0.004659875175185783,-0.011230178280445717,-0.0017136265602262033,-0.007540859245505527,-0.16103004984615063,1.1200316768576786,2.123707732176903,-0.5554508036894035
-0.004722146810839027,-0.011318629449112364,-0.0018635650209395456,-0.007544464490363151,-0.17943251989035566,1.222259503537199,2.1313849505263214,-0.6378726194247389
-0.004662989342862165,-0.011292854022693616,-0.0017920745302884929,-0.007503052999628013,-0.1714083155183517,1.1752510496206063,2.0987681048491598,-0.6122422020368853
-0.005328249647932097,-0.012394440592500439,-0.0036071916383094674,-0.007057421896626563,-0.3236051396488699,2.4155508694648096,1.7893147908938951,-1.6417306730306376
-0.005300597724411544,-0.012370012853982577,-0.003551820798437875,-0.007064665520003313,-0.3212797795672009,2.37710651862577,1.7954817845962499,-1.6144175962216938
-0.005273191001663187,-0.012344497824575489,-0.0034960828827065066,-0.0070729600581538555,-0.3187477424714422,2.3386178373170625,1.8023547552370551,-1.5866775904839796
-0.0052482577338423585,-0.012315866452529741,-0.0034409303467831157,-0.007086688840810229,-0.3165553480503845,2.3008503825015336,1.813309388236151,-1.5579593849254343
-0.005223814583010917,-0.012284238424908703,-0.0033838310617330942,-0.007103818621477633,-0.31397450236032537,2.2618956615996435,1.8268139576676978,-1.527442323650656
-0.005192245887511319,-0.012258227081658196,-0.003323186570155091,-0.007107277877393973,-0.3105330373540162,2.220262635081633,1.829711332341503,-1.4982172314469808
-0.0051144999496846024,-0.012108315720685275,-0.003095759840054922,-0.0072102344394103955,-0.2995021300004144,2.065551640239844,1.908110155920357,-1.3655098284086213
-0.0051665867724024934,-0.012228162335019162,-0.0032662541146563843,-0.007120125267291365,-0.3072905767200726,2.1814050870190553,1.8395819351721807,-1.4684638624061563
-0.005142734385070737,-0.01219404865698063,-0.003207787215958234,-0.007138587061598456,-0.3044786066360791,2.1416887797221276,1.8537049519939985,-1.4365475552037932
-0.005125937633077073,-0.012152046539089592,-0.003149923031758839,-0.007171493748431735,-0.30180107084447644,2.102474581969578,1.8787407262729146,-1.401122217668796
-0.004723724710640573,-0.01137981832358611,-0.0019387981140023905,-0.007502969467377733,-0.18906570315980567,1.2752064647772803,2.1033895929762063,-0.6930609194264216
-0.0047248584904418375,-0.01143650897013128,-0.002006940440060313,-0.007462693054475541,-0.19753413997973743,1.3232696534338986,2.0758631079758505,-0.743351114151416
-0.004732963000996635,-0.01149707055204411,-0.002083537952843329,-0.007424798524471727,-0.20659247639674172,1.3766833842083235,2.050188830240934,-0.7966197756626973
-0.004803214924848391,-0.011605771646092625,-0.002263860116141662,-0.007405596748888071,-0.22670098862971383,1.4992654479388876,2.04079479946882,-0.8975142164778048
-0.004756341956484194,-0.01155531516533496,-0.0021684878342132373,-0.007401632760311915,-0.21590345081753778,1.434984301421708,2.0354539258250974,-0.8488841586283781
-0.004827264638245816,-0.011668755256350569,-0.0023547129014380645,-0.007375311906142609,-0.23607894385498132,1.561699742640691,2.0205410960244508,-0.9538069295599012
-0.005070563803248642,-0.012098119184705955,-0.0030375198570926493,-0.007181598723354212,-0.29372990772256885,2.0261845550983537,1.885663704424408,-1.3451719817676375
-0.005057106945254866,-0.01204727973497342,-0.0029739507825609175,-0.007224463749163197,-0.29043597357782763,1.9828001384616376,1.9178090704972737,-1.3035685338616185
-0.005020825468445801,-0.012006578965868916,-0.0028954385503942854,-0.007234326205431521,-0.2842307758193298,1.9296410449256072,1.9244324881612211,-1.2631494920993445
-0.004850891937676916,-0.011717482465802363,-0.00242900378480812,-0.007355137680590952,-0.24347520518766966,1.6125898550894682,2.007246402449136,-0.997950643846019
-0.004917297784899623,-0.011803053293048446,-0.0025823430407571463,-0.0073399232184990755,-0.2587699229105395,1.7162770204402256,1.9989768614459573,-1.0796206168893443
-0.004879710771138964,-0.011768885440314163,-0.0025107626518973687,-0.007336038746411804,-0.2513894057337111,1.6682294520876744,1.9947091596778106,-1.0449545114507242
-0.004920322446326266,-0.011845919894719918,-0.002630671325827851,-0.007302082370967635,-0.26234834763696663,1.7498643519324826,1.9715239346478213,-1.114705182711177
-0.004990727575798175,-0.011968353577325166,-0.002826160904061738,-0.007246219523500723,-0.27871283334981856,1.8826905850494222,1.9325681312837375,-1.2263498493742084
-0.004951188786343659,-0.011880206175288035,-0.0026964079195417024,-0.007297785042377194,-0.26868576738030714,1.7942632679100219,1.9694526884563486,-1.1485013635799495
-0.0049665839592632705,-0.011928306670367395,-0.0027612035959716885,-0.0072644781152624025,-0.27356176606537946,1.8385568884412697,1.945395981012754,-1.1896382725687837
-0.005320665608970321,-0.012433848643636216,-0.0036290932901711236,-0.00700027308906314,-0.3212402933452469,2.4281742683558165,1.7440936683864534,-1.663431828705982
-0.0053182796160264854,-0.012475061555646351,-0.003657880095033206,-0.0069450627925467965,-0.3191271281773697,2.445198235986297,1.7004831230903192,-1.6871836214015306
-0.005321335716941324,-0.012520277311334899,-0.003695458089932087,-0.006888775520512557,-0.31727930186030134,2.467855100441422,1.655897518926334,-1.714468348848827
-0.0148350122143311,-0.008726164497562944,0.002123019236156554,0.008058215908651028,0.3014154252139244,1.7399788784886654,3.231480330005793,-0.49055339811298476
-0.014830985862161486,-0.008710978821122076,0.0021483003484504175,0.008051512855318715,0.300381159001885,1.7605204536326466,3.2252750927882325,-0.5107216395569948
-0.014846451980472705,-0.008715080965293455,0.002128028866774434,0.008026617033947666,0.2943743874219387,1.7371307863446181,3.2103661691291343,-0.5014220114988185
-0.014826911844453403,-0.008695805978438997,0.002173573208289803,0.008044726916189772,0.29994172964231447,1.7810566590420283,3.218900720054499,-0.5309087286753059
-0.014842435737814555,-0.008699894471021886,0.002153148305866981,0.008019830654851,0.29505754806377515,1.7576389242654604,3.204032541313459,-0.521439849221582
-0.014822790206067778,-0.008680646132284168,0.0021988484091260848,0.008037855160798886,0.3005826671602371,1.801662342576203,3.212353412314123,-0.5510991579188137
-0.014838383346424337,-0.00868468780489692,0.002178277417806572,0.008012915534908254,0.29550273095948715,1.7780911411845726,3.1975577058345053,-0.5414349893665037
-0.014818620992578935,-0.008665499445531182,0.0022241213971330113,0.008030898707380331,0.3022959797589292,1.8223478694132715,3.2056622763814864,-0.5712490444812378
-0.01483426227011283,-0.008669461971695824,0.0022034444734305232,0.008005928201532298,0.2956810815826492,1.7985425767654777,3.190961738205727,-0.5614318788739848
-0.014814404250277427,-0.008650366081149911,0.0022493680723661325,0.00802386413834543,0.3040697437087855,1.8430376877335315,3.198869507328059,-0.5913175698791252
-0.014830050057831959,-0.008654242048631222,0.0022286387473838304,0.007998929835351458,0.2957389647892588,1.8190330267887658,3.184271908004339,-0.5814271290588481
-0.014838990856811767,-0.008741362845101056,0.0020977070166207103,0.008064842129015759,0.3018413923537691,1.7193373383880914,3.2375490131574924,-0.4703773817735004
-0.014850457651493685,-0.008730272320615764,0.0021028645814804617,0.008033252659408673,0.29367067395118096,1.7165228050200716,3.216552060516277,-0.4813447813313228
-0.014384345704534332,-0.00750847212257394,0.00407196527461959,0.007165482506364837,0.3853267758885041,3.1990768050911913,2.258000940250614,-1.947111299068493
-0.014392880307103265,-0.007494574567803911,0.004068126457912588,0.007132897915841802,0.38350973851583464,3.1858981084209756,2.2328070337282395,-1.9485552124147463
-0.014407541643279898,-0.007550027174122983,0.00400432244912119,0.007203888188339654,0.379633075102581,3.1545849342732484,2.304736149202425,-1.9038640409150211
-0.014392479300635192,-0.007522159562674655,0.004048984186367625,0.007177695224138755,0.38332091355704817,3.1837578238317072,2.273262396144067,-1.932605086914782
-0.014400155099326567,-0.007536121830216996,0.004026448315043493,0.007190739952731736,0.3814332029967132,3.1690159357621,2.2890289977079337,-1.9181716243156866
-0.014484197768736622,-0.007662360015630892,0.0037961255960963004,0.007282062274269426,0.36158940903103337,3.0040451141300326,2.4135802938481334,-1.7721374834821884
-0.014440973040506087,-0.007576486384900198,0.003931434873265229,0.007204267825258281,0.37187537278203603,3.094380203979681,2.321770293300197,-1.8618788113315234
-0.014424073363410159,-0.007549961692970994,0.003978119494997801,0.007183434405118806,0.3759076774181343,3.126866941474971,2.2944348982624923,-1.8913702319521637
-0.014432403060930037,-0.00756296981833928,0.0039551914126532755,0.007193684181043312,0.37391232390964674,3.1109335303365833,2.3079045584476314,-1.8769179514924998
-0.01447695138895859,-0.007648777567838484,0.0038183855824250484,0.007270676474412653,0.36327786720622773,3.0194269538773244,2.3997199221851844,-1.786917294673575
-0.01447075082229158,-0.0076347394786234766,0.0038393216330222953,0.007257088584702511,0.36474210975492555,3.0330520555858462,2.384371161146437,-1.8011488355916987
-0.014449323243177237,-0.007590507095003619,0.003907564065668331,0.007215739413076066,0.36989214459371184,3.077946991715106,2.336311930486804,-1.8465808901474488
-0.014463473856435056,-0.007620198766993326,0.0038622213950983016,0.0072439559625372294,0.36648018546411487,3.0483908877146724,2.368869934187835,-1.816398008441823
-0.014457332656227723,-0.007605104861623909,0.0038836907024510175,0.007228361300519557,0.36797478329764144,3.0617900021259246,2.351708260838637,-1.8310434409889724
-0.014503922360130895,-0.007731960537232254,0.0037069788983565386,0.0073614801651860845,0.3566975003036079,2.9506426836860107,2.495359958815706,-1.7065303044426747
-0.014496557363009928,-0.007717935399637763,0.0037303086008131964,0.00735023930499763,0.3584112883741557,2.967222192457756,2.48164275141642,-1.722324668448458
-0.01448968659474377,-0.0077037501027571705,0.0037529432706490027,0.007337927267828789,0.3599926378682396,2.9828975609673383,2.4671545679127003,-1.7378087694098234
-0.014482673106494643,-0.007689573825959914,0.003775698687802438,0.0073256584258542005,0.3616253657407134,2.998628617732837,2.4526292872698563,-1.7532638134853455
-0.014513115616133221,-0.007718547620420352,0.0037048194889528325,0.007328919514161974,0.3549157467861015,2.9405892149078814,2.469924758713825,-1.7107622923756942
-0.014492381350471458,-0.007675612184257395,0.003772636415640913,0.0072915575339911306,0.3597089628101949,2.987112772764434,2.426134157149026,-1.756866904504492
-0.01479260927722873,-0.008574904804645981,0.0023751005072281746,0.007987549591025859,0.3047091153394923,1.9452071986865345,3.163222628537323,-0.6909236796730758
-0.014803847586042964,-0.008563398094845824,0.0023790229044671663,0.007955339862912107,0.29889999591183997,1.9411313687512604,3.141588242469919,-0.7003976267546808
-0.014677221759479867,-0.008232630029493522,0.00294555902689627,0.007795238152051453,0.32306961034153586,2.402180576614888,2.959445132287343,-1.1337458685693909
-0.014693011005337762,-0.008235023173663784,0.0029228759169712248,0.007771947067845941,0.31545399939643165,2.3753850558137626,2.9477283145038338,-1.1219985237337855
-0.014671646377591765,-0.008217944972024238,0.002970031556975529,0.007785946671542083,0.3240454488931376,2.4213731629012782,2.949151038714499,-1.152345714808112
-0.014687462646125806,-0.00822030461590362,0.0029472325135114327,0.007762703682346327,0.31663272936914216,2.394466386861051,2.937513524072859,-1.1404964884994968
-0.01466602487878274,-0.008203277475351161,0.0029944921222639013,0.0077765718013092155,0.3258909698965501,2.4405634999895542,2.9387207576325998,-1.170885354871718
-0.014681862119929936,-0.008205588176835718,0.0029715819828709175,0.007753374798694058,0.3175311468052611,2.413490710192154,2.9271697555893783,-1.158944555674872
-0.014660357317958712,-0.008188627683509354,0.003018917962103527,0.007767122216486204,0.3275540635137724,2.4596982348161878,2.9281881335465703,-1.1893419961297127
-0.014676190831725148,-0.008190893954289463,0.0029959264752768174,0.007744013094036294,0.3183701271034948,2.4325010876821618,2.9167207671042843,-1.177348256036112
-0.01465464375057933,-0.008173995740642209,0.003043293219307975,0.007757604063084037,0.3281306564460233,2.4787061256383915,2.9175633002717567,-1.2077226983867466
-0.014670462177113147,-0.00817623384561306,0.0030202390868603528,0.0077346119090161,0.3194216471286419,2.451483071335861,2.9061684043543683,-1.1956906116880444
-0.014648884232660607,-0.008159381790995322,0.003067627290724575,0.007748013718628163,0.3280065741166518,2.4975833219194463,2.906818818617557,-1.2260545127640627
-0.014664707006949709,-0.008161598874116266,0.0030444919539466624,0.00772511288879267,0.32074538333260044,2.4703787350576683,2.895492533156144,-1.213951908607078
-0.01461336537145513,-0.00807208403983508,0.00321315154289525,0.007688804217036757,0.33621382049946497,2.6100908963613656,2.839484843825708,-1.3348049205643548
-0.014623161372155956,-0.008059466448753945,0.0032135846554598364,0.0076562030013323,0.32853565574969995,2.600709690241771,2.8173015059393336,-1.3400505344151898
-0.014619399384801344,-0.008086586996046873,0.0031889736661668846,0.007698863541255101,0.33454418131193214,2.591486359995578,2.85097474796502,-1.31686460883854
-0.014629258055053372,-0.008073997539026965,0.0031894933963645274,0.007666234319479054,0.32740624924938894,2.5822356060064173,2.828835857628094,-1.3222164689008904
-0.014625387795527458,-0.008101108812757923,0.0031647702245438396,0.007708844404891051,0.3334277059181427,2.572814866524382,2.862374829514002,-1.2988496669767495
-0.014635300866480091,-0.008088558412738842,0.0031653702952592583,0.007676216284870709,0.3262523952718745,2.5637147902043687,2.840250409494786,-1.3043133466354326
-0.014643078820777488,-0.008144785978910383,0.0030919447868352373,0.007738341500111035,0.328573183495182,2.5164077329553516,2.8959193499452476,-1.244351371087451
-0.014658937190119023,-0.008146971014803533,0.003068687398061421,0.0077154764391228195,0.3220683320359336,2.4891503837746938,2.8846766745112116,-1.2321302241921044
-0.014637227572066366,-0.008130208448819102,0.0031162526198777016,0.007728584619879277,0.3303019469841809,2.5352424496123134,2.8848615632131462,-1.262596109113154
-0.014653127547864993,-0.008132344520805447,0.00309286087359632,0.007705734232149816,0.3231263141309326,2.5078334613805064,2.873732078461522,-1.2502463344849504
-0.014631330544227506,-0.008115649345237109,0.003140532610218969,0.007718750311410438,0.33220077030812933,2.5540638240347824,2.8736725016767948,-1.2807634148866822
-0.014647247525915544,-0.008117729329440314,0.0031170411026874693,0.007695944847631918,0.32402884396862935,2.5264899635662452,2.862682221481086,-1.2683194709854968
-0.014641298398536983,-0.008103134961678249,0.0031412185538626258,0.0076861173941715115,0.32506038774502494,2.5451294929471313,2.8515289555981167,-1.2863465114992405
-0.014731515413212217,-0.008296196029635184,0.0028026148971802174,0.00778306442007,0.3112203056892844,2.277528933202835,2.96927088046257,-1.0412183524048462
-0.014726004410883559,-0.008281312248870272,0.002827237809732683,0.0077743852871095575,0.3122433236724404,2.2969371624737946,2.9597369153091715,-1.0599247005907533
-0.01472036501592832,-0.008266566093278714,0.0028517907723015577,0.007765907089416946,0.3132364878123029,2.316282766304486,2.9503073375055435,-1.0784586472559752
-0.014714694261135856,-0.008251909519013379,0.0028762171822115643,0.00775741377470632,0.314131284797089,2.3355004735086307,2.94081573973592,-1.0968580352128152
-0.014709112300598001,-0.008237247764670087,0.002900481491498907,0.00774859595005706,0.31495181372391007,2.3545260167472875,2.9310221835931265,-1.115196022996499
-0.014736879528989352,-0.00831119879623868,0.0027779613129492934,0.007791951832498368,0.3102186862375487,2.2580890159215836,2.9789117213752814,-1.0223574965557367
-0.01474209244899663,-0.00832628044331147,0.0027533254646843757,0.007801007076339377,0.3092473773869638,2.2386551471528597,2.988621039076041,-1.0033853520525016
-0.014747122131921217,-0.008341387683382244,0.002728805196848673,0.007810222460417085,0.3083541615931024,2.2193110586914853,2.998381311140028,-0.9843688615553149
-0.014740509980012716,-0.008410168207199323,0.0026496887168657277,0.00790070894667489,0.31377850353384956,2.167091982010938,3.0738693339648844,-0.9061357668031921
-0.014751227731569673,-0.008398289518144293,0.0026525297505897993,0.007868448664656698,0.3058236312634548,2.1612625406637522,3.052044660914596,-0.9142788151305533
-0.014752037833366349,-0.008356444442907012,0.00270441045095807,0.007819396080836212,0.30760191186430186,2.200043104509644,3.008033913570521,-0.9653794489109487
-0.014757058576683862,-0.008371395484460222,0.0026799588304893766,0.007828098006160494,0.30694105908702846,2.180654973210059,3.0172607669705633,-0.9464415906324327
-0.014762209728980784,-0.008386285475247042,0.0026553730915181858,0.007836335909417862,0.30626489468032375,2.1610906939594945,3.026072953392554,-0.9275092301262374
-0.014760113266848321,-0.00846986220007,0.0025501961347153142,0.007933382314029564,0.31093489550963616,2.0872707649579527,3.1080146429285285,-0.8284909372396577
-0.014775788655258916,-0.008473140277116821,0.002528613752458307,0.007909251396877584,0.30218193237047175,2.0618958349488676,3.0946960628058346,-0.8177884199348743
-0.014755282782341355,-0.008454915646326118,0.002575076517973005,0.007925341345178668,0.31000754551951476,2.1072270445494192,3.0996910096291024,-0.8479481967183738
-0.014770945984181522,-0.008458144328348837,0.002553470926002138,0.007901292505251479,0.3031809636998947,2.0819177868408656,3.0864365857333778,-0.8372016348465817
-0.014750405375308927,-0.00843998436859241,0.002599952768528044,0.00791721526550261,0.3101647422166179,2.12714869074318,3.0912163141673705,-0.8673933439982161
-0.014766103208955666,-0.008443159220294238,0.002578257121165287,0.007893173521043885,0.3041771556324324,2.1018123498101975,3.0780161632608594,-0.8565397523464018
-0.014745481092211746,-0.00842506850832781,0.0026248328255244467,0.007909001402468597,0.3119026630190678,2.1471204214908104,3.082595490175921,-0.8868017967929586
-0.014761224183540417,-0.008428181928375824,0.0026030122674625352,0.007884950834275003,0.304792492616363,2.1216206747382746,3.0694582248039275,-0.87581907341122
-0.014756264854950484,-0.008413221466629303,0.002627774258519389,0.007876706365159794,0.3052197040607521,2.1414324546824957,3.0608007543967055,-0.8950667789443322
-0.014801465137518554,-0.008506586334165026,0.002457302802312331,0.007900566217678593,0.3006186341754353,2.002645748786183,3.0930860981474098,-0.7736195177015582
-0.014796762550530232,-0.008491484501264178,0.002482120919172897,0.00789273167581009,0.3012825750864585,2.0225824431254087,3.0850782160715844,-0.7930329201974794
-0.014791880097996736,-0.008476388318540041,0.0025070691272577896,0.00788503877103628,0.30199838112896954,2.0426194182227353,3.0771057007671754,-0.812424962223579
-0.014806106637709773,-0.008521629819018807,0.0024325698376525106,0.00790827053916894,0.30006455400727794,1.9827468305889724,3.1009251260474198,-0.7542481108516026
-0.014815484149235808,-0.008551764589802524,0.0023827817286778516,0.007923036179633582,0.29886683641200046,1.942588339860146,3.115947857840407,-0.7153533106551472
-0.014810812206427321,-0.008536662072353806,0.002407730538772164,0.007915675994711121,0.2995069413907778,1.9627195234728416,3.108481540249958,-0.7348547394323685
-0.014589241508174956,-0.007945208223272035,0.003380778158472439,0.007550817807521366,0.3382791121802419,2.7219547918627804,2.7059496004358152,-1.4709036900922283
-0.014550077224327882,-0.00785935032020969,0.003521633072749704,0.007485494660996422,0.3464377168512671,2.8258687951467056,2.6293900003819015,-1.5715945147812358
-0.014569525687262096,-0.007902319459961537,0.0034517103351629163,0.007519158675202986,0.3421962702484633,2.7746804358567476,2.6686665267935425,-1.5216551389807174
-0.01456305722408218,-0.007888061144811777,0.0034750161609885043,0.007508174496030196,0.34353040761669157,2.7918261840846856,2.6558245300184726,-1.5383226691765486
-0.014556606527526779,-0.007873742915916169,0.0034982737258293125,0.007496914239439211,0.34492795496863166,2.808842092459784,2.642707941116832,-1.5549496704871169
-0.01459908781030294,-0.007931959819775285,0.0033803818150757096,0.007517705515102352,0.3357105882675296,2.714262414815766,2.680252983086042,-1.477765404381139
-0.014592463614545468,-0.00791773596458205,0.003403905274842693,0.0075074730752065525,0.3371050901682237,2.73176687039205,2.668128870419164,-1.4945202733193759
-0.0145859206797506,-0.007903589195175944,0.0034271662580014207,0.007497063771497947,0.3384992581068342,2.7489744499372475,2.6558553496531765,-1.5110766225335326
-0.014529393068047505,-0.007816448346820833,0.003592558020122641,0.00745218368154136,0.35121970494202276,2.8775866230377756,2.589717027568922,-1.6213614074760676
-0.014522474711635416,-0.007802318821946285,0.0036159164626128463,0.007441025317080072,0.35267379938917714,2.894503596749548,2.5763753979517503,-1.6376434035370082
-0.014515631347174394,-0.0077881454484198245,0.00363912272726608,0.007429531321704076,0.3541482851994973,2.9111835278582174,2.5627272809288546,-1.6538282689819697
-0.01450875364244591,-0.007773910413573409,0.003662351465246618,0.007417828245565931,0.3557382930318711,2.9277912713468504,2.54885014800954,-1.6699874820293739
-0.014546219421663157,-0.00781727007485337,0.003567109222137398,0.007429721111447725,0.34712808871719725,2.85063773108657,2.5770307459631856,-1.6100975630772043
-0.014553609394638749,-0.007831506853141513,0.003543007132005256,0.007440048881312617,0.345494617693129,2.832924093833905,2.5897557032970995,-1.5934828313235945
-0.014560592593474087,-0.007846100800212544,0.003519085138708709,0.0074512947665714415,0.34395903986992454,2.815549381639281,2.6031091184402193,-1.576729761162657
-0.014518725934253074,-0.007760421870523621,0.0036596097713448537,0.007383966077460541,0.3533024613928056,2.916787832965188,2.5227603661086824,-1.6743005739168189
-0.01451152378520383,-0.007746050783316276,0.003683158903386993,0.0073723274194664465,0.35494848382678806,2.933518305631378,2.5088042294095785,-1.6904398103538696
-0.014633222548852303,-0.008046707773273433,0.003214016214419442,0.007623742317299395,0.3291088454230707,2.596441448738038,2.7902835669784114,-1.3493940444651853
-0.014614940110742146,-0.008003400881577869,0.0032849587785676766,0.00759291635827149,0.3325451312152116,2.6500838175792123,2.7549145818999174,-1.4014783161204294
-0.014608849540716016,-0.007988796545450252,0.0033086244583470314,0.0075820708245478595,0.3338782709713655,2.6678170394818106,2.742544764120314,-1.41885149353223
-0.014602531552799025,-0.007974153408212793,0.003332563803899163,0.0075713439059419615,0.3353566174720757,2.685756006771863,2.730171881733987,-1.436285000467228
-0.01459594212508041,-0.00795961206144551,0.0033566992719525264,0.007560990051839372,0.33687214481257644,2.70388066383623,2.718013283461229,-1.4536693624771162
-0.014643475647745256,-0.008033873919196445,0.003214011899402337,0.007590780507838113,0.3266420094010702,2.589762668138785,2.7648316683173486,-1.3571800062162842
-0.0146373482824734,-0.008019661019924613,0.0032373470356798603,0.007580995476708396,0.3278775789378914,2.6074160599174383,2.753516763983239,-1.37419515767417
-0.014631579436738804,-0.008005289106468666,0.00326029168145931,0.007570288664306787,0.3290254299521585,2.624525656374718,2.7414851532577393,-1.3911144984380888
-0.014262756267480942,-0.0072775220968880885,0.004418861515246872,0.006918880710934639,0.4163050352144129,3.401729216882211,1.9709226613019248,-2.159218513464093
-0.014254688437776464,-0.007263920666469363,0.004439840006571113,0.006904074175182744,0.4184068368062573,3.4134101977447844,1.9532778795261174,-2.1711639365783637
-0.01426181312935548,-0.007250468528263177,0.004434873798322569,0.006874086654721346,0.4166664991081362,3.398292668645722,1.9307598109875133,-2.1697018766284426
-0.014257168737968728,-0.007234466064736968,0.00445100521236617,0.006851685803529616,0.4178038314801044,3.4030498591093585,1.9084137627524602,-2.1791225563949115
-0.014278386685191352,-0.007304503324833164,0.004377557171758494,0.006948209433135454,0.412302712547519,3.3785703427352947,2.0057141654978423,-2.135378982995299
-0.0142711524809531,-0.007291178223509213,0.0043971908523305235,0.00693329311906818,0.4141497504203758,3.3892519627438795,1.988433611118607,-2.146798229744459
-0.014313680998586665,-0.00732692614073184,0.004305712582576657,0.006948374261737652,0.4035055422853859,3.32001615792977,2.0252586176227587,-2.0962744976520606
-0.014303247512706176,-0.007315025291528887,0.004329939011713104,0.006939662927835394,0.40610316548137027,3.336674926260953,2.0118271856459824,-2.109969380697905
-0.014293559458376348,-0.007305225479278363,0.004351690230088014,0.006933506281137765,0.40855199172670964,3.352200638909804,2.0010479863648793,-2.1221175081388215
-0.014323451688731142,-0.007340043439765349,0.004281820235926361,0.006959631244343214,0.40106213015020603,3.3044763841140594,2.040570222505846,-2.082533748948404
-0.014332404074702515,-0.007353687220722742,0.00425888718447999,0.006972463414449786,0.39882376866976393,3.2902073322034515,2.0568266640338257,-2.0691302539363607
-0.014356022043463243,-0.007394883524747487,0.004194673839301621,0.007013984693099995,0.3929265316456723,3.2517906936148635,2.1065248697430143,-2.03067201840973
-0.014348422828904923,-0.007381282198005078,0.0042156486112173075,0.007000206040878142,0.39480921639220196,3.2643308414830408,2.090160187030525,-2.0433441837401074
-0.01434065537330341,-0.007367498090610227,0.004236913205867805,0.006986168084910894,0.39676038188148416,3.2769556108346194,2.073476425581237,-2.0561008198259834
-0.014362435650765504,-0.007438769660484766,0.00415568973782176,0.0070782614962931955,0.39104142103082656,3.2407900599126864,2.167633545392006,-2.0034131516476603
-0.014369944458993693,-0.007453151694278547,0.0041338256157524905,0.007092971197619108,0.38915115442887854,3.227504848813926,2.184835619033962,-1.9897435727231725
-0.01438492993040282,-0.007481059710831467,0.00409041047662338,0.007120576503269597,0.38544788228019317,3.2004491366505268,2.2175523498428373,-1.9624919789838808
-0.014377950488708248,-0.007466996992598278,0.004111413702163992,0.007106074309235409,0.38717305154902704,3.2131911255276253,2.2008483700955725,-1.9758220217112417
-0.014363880027114688,-0.007408671327169256,0.004173059661297103,0.007027629740312089,0.3909727565455982,3.2386309742874135,2.122902174354237,-2.0175719195353228
-0.014372207380834346,-0.0074231535845981,0.00415013026604398,0.0070417128589573,0.38892116883802325,3.2244823426955906,2.1399072122771945,-2.003613869566703
-0.014223912535397112,-0.007164964343383201,0.004541215950094262,0.006765842421839444,0.4263992488461614,3.443092311546408,1.8145204687765328,-2.2287049782272224
-0.014227616121708827,-0.007146793443160766,0.004543166900378328,0.006731492836941606,0.4253505204694255,3.431175022996874,1.786917784174351,-2.2300195169294725
-0.014236871501986676,-0.007177290154988528,0.004513454712950677,0.006774570100161264,0.4229736653158335,3.424206500008585,1.8295344880510533,-2.2140436536003487
-0.01424770271499255,-0.007189120146600061,0.004489496091853693,0.006784273095865511,0.42032769846538603,3.408690280091545,1.8441727927717764,-2.2012678931899035
-0.014260310547894076,-0.007215305634250719,0.004455392850328956,0.006816248155055869,0.41711735504129344,3.3934051335645683,1.879174420136249,-2.1825299315554427
-0.014259247175894217,-0.007199715986253411,0.004464889374564512,0.006791032359743013,0.41727499544206703,3.3915278061014265,1.8566097348970527,-2.1881586686970174
-0.013791424708591968,-0.006555734349825031,0.00543438531730649,0.0059810144682024705,0.5334300977781861,3.761951827223332,0.9078996109720139,-2.5865046865341497
-0.013804371218118528,-0.006570189324075522,0.005411653418633148,0.006001536336744834,0.530483648428272,3.75644429141166,0.9317962161309591,-2.5804280233254375
-0.013821722958302241,-0.006576850303193964,0.005380860495745667,0.006006138075605885,0.5254957650187403,3.7357561686079266,0.9474268161641168,-2.5678085663018524
-0.013841625657884332,-0.006591982937142564,0.005345541655523685,0.006024372729224993,0.5202825586846976,3.7193057848145545,0.9745669464240826,-2.5555513187151178
-0.013862325872073315,-0.0066121468609037426,0.0053085329370634446,0.006050710667860997,0.515113174410141,3.7059362902470414,1.0081558731160543,-2.543736223207754
-0.013891197616667442,-0.006650170361351716,0.0052558691061933595,0.006104104642162679,0.5084173019922846,3.695031451238492,1.0674838332831067,-2.528831826423064
-0.013889220959726771,-0.006623648945705001,0.005260714928781795,0.00605832504716862,0.507730239334692,3.674040605810974,1.0322053527256487,-2.5237485778295894
-0.013910908741159618,-0.006663852224556502,0.0052201926047102986,0.006118312167565321,0.5031043952546917,3.6754665083322027,1.091507557514879,-2.514897785571138
-0.013928974168289102,-0.006705257729114831,0.005184740870032178,0.006181823331803795,0.4995956009920372,3.6818857515310484,1.1516815397086153,-2.5078868907903202
-0.013928769579295258,-0.006679602865819463,0.005187501380219923,0.0061367229851436765,0.49854411957234007,3.660453236844275,1.1173266246253117,-2.5028308134161
-0.01396200527651574,-0.006733759266309374,0.005123247861100446,0.006213580001267722,0.49112302876344266,3.6512345867651903,1.198029284607346,-2.483801727794104
-0.013952210071205626,-0.006713854413452553,0.005142863329089676,0.006184154475245468,0.49298605696847664,3.6511832059093847,1.168992125486012,-2.489034153267273
-0.013973884546986995,-0.006777257726216567,0.005096183777187986,0.006283264902954677,0.48919028314510665,3.6655801378606223,1.259972563346431,-2.4795246193039735
-0.013970080157911782,-0.006755708029064861,0.005106081325656735,0.006247507542321992,0.4894051800818257,3.6552998002467443,1.229628779754597,-2.4800126704516967
-0.013982035662297037,-0.006738204934331081,0.005087552043110021,0.006209758651651344,0.4853549087162105,3.622022687051924,1.2082664687271236,-2.466816621416458
-0.013792533816306197,-0.006532308543011483,0.005431612953952261,0.005938948639037682,0.5316699067730674,3.7357221124651376,0.8788176876639887,-2.577224178969597
-0.0138003739425162,-0.006500538147464845,0.005416449670198573,0.005880059595235279,0.5272094705594509,3.6907847742755098,0.8432574082269587,-2.5591219840126516
-0.013803581925667281,-0.006468497387010239,0.005409211143199381,0.005823104559360551,0.5239629700103433,3.6528575564745585,0.8066257067181494,-2.5444277364181525
-0.013478320260333474,-0.006091755558068348,0.005891601596509013,0.005237473840804532,0.5850189988256499,3.6249800701782426,0.21436515429439798,-2.574505320127668
-0.013508666719091095,-0.006104013167741541,0.005844793529379416,0.005257300110245246,0.5771909613476436,3.6067583544932886,0.24850096119695134,-2.5642501553410284
-0.013526304792803662,-0.006122977645948995,0.0058210488491891536,0.005288211237114536,0.5751325098176806,3.6112659334640482,0.27827811567792426,-2.565471921217677
-0.01355125676522965,-0.006154006843277036,0.0057880407957024505,0.005338658290364478,0.5710954443233573,3.622029752749911,0.32457796790428367,-2.5690069558767634
-0.013545587494892963,-0.006131361242023739,0.005791226587116843,0.005301138451134852,0.5694455097645216,3.5996609536583732,0.30010751325961865,-2.558737776781717
-0.01357497084385579,-0.0062074581238294145,0.0057619921613474194,0.005426827320049242,0.5697344449895007,3.661188631068339,0.3914033501792109,-2.585469707982313
-0.01356969086207779,-0.00616967315298461,0.005761224346691784,0.005363454950810939,0.5667518056881236,3.619925632941661,0.3522542179249461,-2.566661666559262
-0.013696239764915562,-0.006392688575653228,0.005588806779785112,0.005724177498897983,0.5508411747927972,3.7248953355187555,0.6634651381453224,-2.596532893668052
-0.013677021263203517,-0.006354592188301227,0.005616675019636439,0.00566250610603859,0.5534903312921954,3.707314402375129,0.6097254313709372,-2.5927676919686835
-0.013692852788025742,-0.00636944833664029,0.0055914236685443005,0.005684513948476837,0.5497605977292882,3.702598581264353,0.6354588230701859,-2.588030905725618
-0.013605327360649495,-0.006283291275414713,0.00572767763181991,0.005552906593627061,0.568650734865148,3.7180553156298486,0.4880256417049211,-2.6078858651951013
-0.013627246516492655,-0.006304003150885734,0.005694013042098766,0.005585025202613349,0.5639236363946153,3.7144686453252573,0.5241929865566699,-2.603444502594217
-0.01366361719456629,-0.0063310422434012465,0.005636023181664265,0.0056246435801404066,0.5553280479588941,3.697787640215157,0.5760018682480962,-2.590914751141224
-0.013651586016586817,-0.006311172929370766,0.00565328005667065,0.005592775902219295,0.5571025675642125,3.690273029480349,0.5473448103724599,-2.589485509726781
-0.013686772215730406,-0.006329010950371522,0.00559572963120256,0.0056160336535779004,0.5480664530041142,3.663782755385392,0.5880350164333498,-2.5727839013174028
-0.013608306357242179,-0.006214358123044182,0.005707103236120469,0.0054344661393776325,0.5603887334548926,3.6284496983523726,0.42129254670469246,-2.567194167141477
-0.01361004661258547,-0.006249516600678678,0.005712129965150013,0.005494034146184715,0.5636619390147989,3.669469438002946,0.4569497933742785,-2.5857027854484502
-0.013721880548264969,-0.006397716642265222,0.005544728936117328,0.005726011694290039,0.5433237116542974,3.6939786815875837,0.6834554185736038,-2.5789920108797078
-0.01374432369170811,-0.006400232945452493,0.005506104477955137,0.0057240125519538755,0.5367782147811575,3.665038340383087,0.6985689082422923,-2.5628145118755543
-0.013758788786067358,-0.006415195417421098,0.005482633426442677,0.0057455924756949954,0.5336375924600678,3.6609153062415767,0.7230948500248006,-2.5581271391020466
-0.013775098597302407,-0.006431430472517214,0.00545590557972161,0.005768559304658179,0.529709995808389,3.6551129532033273,0.7499369884404652,-2.55221203811016
-0.0138030809169632,-0.006432281437142705,0.0054077933370937975,0.005760856771184736,0.5215959038443869,3.615955704979215,0.7646492561688507,-2.530632014828408
-0.014218366384501788,-0.007120854038235825,0.004570262821914549,0.0066959011556227185,0.42765175702009695,3.438641742261828,1.7510018459688765,-2.2441213001414786
-0.014231083469944152,-0.0071283460100215,0.004545460147210596,0.006697055328805885,0.42441592845100123,3.419336377640429,1.7593571667057477,-2.2312688707444424
-0.014244099148766084,-0.0071377702681265824,0.004519339176385796,0.00670104543842204,0.4210567770321071,3.4001793463207832,1.7702806410308622,-2.2177203336591766
-0.014192900568385356,-0.007110827329265621,0.00461799111431134,0.006701687997346239,0.4342826888080636,3.4791085016502348,1.7410382484038551,-2.268841733904388
-0.01418161232381089,-0.007097102201000964,0.004643048638436988,0.006688130980675684,0.43716135542130613,3.4936049305101435,1.7227792255848458,-2.28164665689109
-0.014168092728187073,-0.007085707268152536,0.00467094409353698,0.006680338364415482,0.44070627481796176,3.5127164210565573,1.708118178542831,-2.295892065904916
-0.014158003824474744,-0.007057156240519771,0.004699396930728223,0.006639660172102864,0.44320619962411995,3.518422174223938,1.6673916208242687,-2.3097030290437175
-0.014171530898717798,-0.007067937140749513,0.004671955557234906,0.006646701379302088,0.4396164660886031,3.499503089526718,1.6814472800844389,-2.2958540102125196
-0.014212531109828851,-0.007107236107439479,0.004585962948956971,0.006678002293764601,0.4290604962886769,3.443947272518845,1.7322786676354127,-2.2521604857113906
-0.014095380734561097,-0.00698004994320748,0.004834935312435788,0.006556441194926953,0.4593959108500894,3.5902022511913567,1.5591612820255405,-2.375107716898539
-0.014093864638613746,-0.006963974019810592,0.004842498922288035,0.006529451288786905,0.4594349799837703,3.5841279871947664,1.5357327946767088,-2.377518833036145
-0.014114442346801481,-0.006988908753894043,0.004798809190710171,0.006556926744719189,0.4542354836998013,3.561732434857108,1.5712872707099426,-2.357093706920334
-0.014132723542072935,-0.007000584213529561,0.004763214289166735,0.006562628772951049,0.44936838507069227,3.5360738589114256,1.5871980537365034,-2.339528809660448
-0.014147014705534205,-0.007014290901628132,0.004733836624125651,0.006574755931732914,0.44564150566018795,3.5181076632280317,1.6059981146276583,-2.3252445895002762
-0.01415702568637794,-0.00702903975302221,0.004711385804139921,0.006591953452451977,0.4431327223660289,3.5077133509174736,1.6264750494540792,-2.3144981774298476
-0.014162697249331396,-0.007042515414582085,0.0046967348538212985,0.006610431245023277,0.441756235651572,3.503979022127536,1.6454767745444188,-2.3076271039763454
-0.01405876199996786,-0.006910008330931256,0.004919140144012463,0.006460978984040811,0.46842373287278444,3.613306043134742,1.4572059666934951,-2.411078051043822
-0.014086732251100284,-0.006939622053857055,0.004862088083301971,0.006492278262602233,0.4611176381480158,3.582705406350707,1.5004811626349952,-2.385082470437958
-0.014079413540911039,-0.006923055897055714,0.004879478066136375,0.006468767936734862,0.4627355973007608,3.5856861187460365,1.476550431875234,-2.3921883781485174
-0.014100494241698716,-0.00694877196361001,0.004835443285034393,0.0064978417779365,0.45742630772375215,3.564231735123634,1.5135981636889408,-2.372263715867767
-0.014062590234410142,-0.006886758329413059,0.004918280334970528,0.006417481468114022,0.46670202888899,3.592367174289697,1.4241878868343105,-2.4074783714542307
-0.013993332330584456,-0.00678882728159036,0.005060013460472576,0.006291722358266226,0.483821863595473,3.641859693959121,1.2793598948782072,-2.4634975915828985
-0.014030674558771928,-0.00683829466895515,0.0049851284857046685,0.00635456631772822,0.47468499410270554,3.6145619915116893,1.3532275131560565,-2.434320568390294
-0.014023106768966198,-0.006818796267743027,0.005002305124573087,0.0063253936012767084,0.4761511100058607,3.6138196966698897,1.3251858529557186,-2.4397317667624905
-0.014009777212972273,-0.006802300143268629,0.005028770932927875,0.0063050559022207716,0.4795557667911771,3.6243317100256554,1.300527164664988,-2.450198707088402
-0.014050814090678715,-0.006846209724221799,0.004948251174328024,0.0063548821209951185,0.46917906608066223,3.586149610022454,1.3663287502205577,-2.416725579098568
-0.014069537979364782,-0.006860024820728555,0.004912585854565453,0.006366092995963829,0.464194835316242,3.5639003884264997,1.387085517996047,-2.4006105108848854
-0.00810110881275792,-0.014625387795527457,-0.0077088530631752965,-0.0031647487628781363,0.20242587562089978,3.5321113309836814,-1.9857188346833423,-2.2224415629596153
-0.008115649345237107,-0.014631330544227503,-0.00771876963650239,-0.0031404853761868045,0.20606283061387684,3.519135950801527,-2.003593000603096,-2.2093910055115984
-0.008103005612316284,-0.014641366898302359,-0.007685771416406345,-0.0031413189852569135,0.19406925554889518,3.5012385565254327,-1.9812450847610645,-2.207716878011668
-0.008130208448819098,-0.014637227572066362,-0.007728596256456548,-0.0031162246884638583,0.20797503835887146,3.506083600964496,-2.02132300475181,-2.1963180465594663
-0.008117657842802576,-0.01464725439568935,-0.007695766727000304,-0.003117158105013304,0.19574665037265862,3.488387363967798,-1.9989600320732366,-2.194958050331739
-0.007985470484765412,-0.014576207035553426,-0.007626883073779113,-0.003357485243602808,0.18665606910441288,3.631479310795298,-1.8405977373290565,-2.320506007031236
-0.007999857235701381,-0.014582513384860307,-0.007637391095224766,-0.0033335132702344383,0.18859188979447647,3.6196340081209804,-1.8590129061112075,-2.3087379081773913
-0.00798706884765327,-0.014592076695407298,-0.0076046764117992304,-0.0033335317945591496,0.1784788853368863,3.6001417538994516,-1.8375753347388957,-2.305674521600189
-0.007971103608784268,-0.014569855515627577,-0.0076162958677912515,-0.0033814330713049915,0.1842178232964162,3.64320506160508,-1.8220673946437322,-2.3322057794079183
-0.007972637819445608,-0.014585739289205826,-0.007594122378663846,-0.00335740429383101,0.17636893931179018,3.6118826307255922,-1.8191709099129103,-2.3174192624888392
-0.00794243006186523,-0.014557017220692069,-0.00759490486477015,-0.00342920905219685,0.1803773729368026,3.6662787176300413,-1.784773310019015,-2.35527321717424
-0.00792950939809553,-0.014566464142708816,-0.0075620613492925525,-0.0034287649861670278,0.16969745139063772,3.6462142998069154,-1.7635722838782286,-2.3517934048244626
-0.007956756752799629,-0.014563458889128956,-0.007605634980989497,-0.003405344323039857,0.18192920181803904,3.654813161843577,-1.8034525184635328,-2.343800971579069
-0.00794385839884253,-0.014572918816445846,-0.007572836142344629,-0.003405038968378003,0.17207873443515023,3.6349429189656264,-1.7821842011718747,-2.340481040770521
-0.007958230072337173,-0.014579349769394958,-0.007583508606233607,-0.0033812487031527768,0.17429814651907924,3.623489367379964,-1.8007057425971855,-2.3290235348915673
-0.00791640035421476,-0.014576286486165808,-0.0075292000669792475,-0.003428060307291822,0.16756107136950993,3.6219528993346004,-1.7475099355437074,-2.3427090263867965
-0.007901983746143024,-0.014569875582483202,-0.007518072175317281,-0.003451514451564591,0.16536376795925953,3.6326405374641735,-1.7288951472037792,-2.3536085322949964
-0.007887561289155907,-0.014563350542245668,-0.007506934566303694,-0.003475054772911194,0.16308320603730905,3.6433250667233943,-1.7101759997484571,-2.3644655954796576
-0.007873177407649331,-0.01455666540913623,-0.0074959154208468085,-0.0034987055359823826,0.16074996317908427,3.6541164655850946,-1.6914025997095947,-2.375324922141813
-0.007858899243442189,-0.014549798146065334,-0.007485140939759016,-0.003522438103361964,0.15843672024724598,3.665084230504989,-1.6726532849268352,-2.38620220399333
-0.007830543941511761,-0.014536034830145176,-0.00746341496220414,-0.0035695259839451303,0.15406593894500742,3.68642461028227,-1.635103387012407,-2.40744127584807
-0.007844733826694204,-0.01454283822068283,-0.0074744918531841715,-0.003546121817020645,0.156226913346341,3.676045281765377,-1.6539373914176265,-2.396996580242973
-0.00781713368196644,-0.014545822960701942,-0.007429937298661691,-0.0035677514728630765,0.14877990994098841,3.662051000629791,-1.618034938647453,-2.3993388127201043
-0.0077738423947440495,-0.014526153675181279,-0.007393563681849134,-0.003636435367940567,0.14147786646559146,3.689229230212224,-1.5606444161099822,-2.4283147308860076
-0.0078027301604929,-0.014539513506240859,-0.007417669951952358,-0.0035903492236525393,0.14633560965450645,3.6708538101138193,-1.5990349203034515,-2.40890021677343
-0.007788272886528339,-0.014532970568725717,-0.007405488799243211,-0.0036132474704169693,0.14389495256081583,3.6798762126582187,-1.5798741291313922,-2.4185480827556485
-0.007689502408739313,-0.014482695896772986,-0.0073253738237418166,-0.0037756545125960214,0.1272485678623245,3.746332995892207,-1.4460004550977026,-2.4857403963748976
-0.007703632135713327,-0.014489572316639387,-0.007337757088910748,-0.0037531490007898685,0.12978397380035356,3.738231762681579,-1.4653495374159835,-2.4770164093910014
-0.007759483618694266,-0.014519101085969948,-0.007381903516687841,-0.003659821030050156,0.13908743445884816,3.698850122544156,-1.5413990484924038,-2.438152767170866
-0.007717533815643406,-0.014496626670641692,-0.007349394391997915,-0.0037304807107351235,0.1322139714738405,3.729412623027432,-1.4843706646397201,-2.467933736286454
-0.0077312683686552525,-0.014504185881795896,-0.007359933634096279,-0.003707116973788138,0.13446495486187174,3.7192241564714403,-1.5031752792584034,-2.458129580992004
-0.007745224197134744,-0.014511806509150899,-0.007370554190116971,-0.003683396313937387,0.13673498461353573,3.7087628195268576,-1.5221639270570149,-2.4480667779661704
-0.007675278030702952,-0.014475576003586671,-0.00731300755070857,-0.0037985203063897154,0.12470521000311165,3.754645310472197,-1.4264145236059367,-2.494559351245545
-0.007661062870961696,-0.014468153570414715,-0.007300888274553664,-0.003821753216515801,0.12217167698856564,3.7633328271179596,-1.4066999585289839,-2.5035286848733347
-0.007646935805902675,-0.014460558069495194,-0.007288962419624037,-0.0038450935495950773,0.11964789586820081,3.77216248153189,-1.3869743790288294,-2.512500058101244
-0.007604688123271177,-0.014437900925495274,-0.0072522137230748235,-0.0039142800330804325,0.11192235716859648,3.796895223307645,-1.3275451682248685,-2.5381452806195863
-0.007618689455891792,-0.014445568300220398,-0.007264355903119188,-0.003891192343359631,0.11446908331947196,3.78862991501495,-1.347356775446302,-2.529657271780419
-0.007632824990880392,-0.014453047366194564,-0.00727678297157599,-0.0038682022229754444,0.11708899419074319,3.7805662856720414,-1.3672101040454232,-2.521190917540631
-0.008144785978910383,-0.014643078820777493,-0.007738336316949104,-0.003091958586491899,0.2084160258214813,3.4928896080002345,-2.038901632466641,-2.1832454008409363
-0.008132305961429359,-0.014653095315849128,-0.007705660567366168,-0.003092988119367451,0.19787430324303554,3.475407664668539,-2.016573962796332,-2.182068661312357
-0.008159381790995318,-0.014648884232660605,-0.007748004638060752,-0.0030676503170965035,0.20942744706163471,3.4795352396534,-2.0563804153172414,-2.170096205010915
-0.008146945713032617,-0.01465892932136921,-0.007715384921365461,-0.0030687674938145574,0.20007336890567254,3.462232225580705,-2.0340341751749604,-2.169048288048566
-0.008173995740642207,-0.014654643750579328,-0.0077576069322538325,-0.003043285519571256,0.21182009983818442,3.466058667040268,-2.073793544855096,-2.156806237033209
-0.008161594309674091,-0.014664741048193437,-0.0077249832365005435,-0.003044499540969217,0.20193387980518349,3.4488828406652736,-2.051363490106445,-2.1559056488524235
-0.00818862768350935,-0.01466035731795871,-0.007767134834070741,-0.0030188853662068706,0.21449875311939495,3.452494254160582,-2.091118862306782,-2.1433988163894546
-0.008176263043077102,-0.014670490133218689,-0.007734532646163234,-0.0030202208255198696,0.20353717330699175,3.435427644855571,-2.068614998559767,-2.142649142302203
-0.0072462436041962714,-0.014265413283757274,-0.006863084515587608,-0.004430836441186955,0.03575193721007253,3.8730252441403543,-0.8214251923112584,-2.664575000417591
-0.00722128847421314,-0.014241616475854438,-0.006844477550454496,-0.004483888348309724,0.030531186102340423,3.89392258298752,-0.7783131706099287,-2.680661371664384
-0.007208310758130645,-0.014236499195932418,-0.006827392761432624,-0.004499020991014493,0.02746494238337707,3.8910218164093906,-0.760893227146428,-2.6814156164039296
-0.00723020390130347,-0.014255022550541186,-0.006846351012460351,-0.00445664159247595,0.032197346942464504,3.87752425644462,-0.7971719134060404,-2.6700399397213173
-0.0075899720443103474,-0.014446928999430965,-0.00721771980647513,-0.003911615600659202,0.10720531343842367,3.7703403283167076,-1.312003965194734,-2.5278788934738503
-0.007577168172017465,-0.014438635290493664,-0.0072080628387226784,-0.003934477295667946,0.10499595493628137,3.780061300779814,-1.293609962854049,-2.5367170672402857
-0.007549762723413592,-0.014441352047742613,-0.007161652504072735,-0.0039509209161273234,0.09793258122749583,3.759042595533779,-1.2609508100252322,-2.532673860382896
-0.007563194799329251,-0.014445492777314084,-0.007177602640177257,-0.003934345414995079,0.10080661504629444,3.758410841069652,-1.2786528561570407,-2.5287219008825343
-0.007466581973502574,-0.014394166270311369,-0.007086190087547917,-0.004085430098909545,0.0820163899784548,3.8008070875170152,-1.1429262250455159,-2.5769111730119962
-0.0075339929255195245,-0.014435508430055576,-0.00714401168373615,-0.003971777795118426,0.09470264982632128,3.7614865891354854,-1.2398580782066535,-2.5381818316965568
-0.007506679055557873,-0.014415473105493858,-0.007125015600117563,-0.004023279703120471,0.08996205896622093,3.784661420931406,-1.199525615463024,-2.5579741609356796
-0.007517058400943209,-0.014428134063060392,-0.007126234765040485,-0.003995747044867089,0.0912343136351952,3.765969218249929,-1.2168062368106398,-2.5450525185564534
-0.007489834981617957,-0.014411063984032224,-0.0071034629419879525,-0.004042241606459084,0.08616857158295942,3.7827277432542497,-1.1776133538859794,-2.56120044732999
-0.007469240478013315,-0.014411881199489664,-0.007069687768256039,-0.0040552644698211735,0.08114304628508977,3.767905633863528,-1.1535456019035484,-2.5581613529711187
-0.007452047028365523,-0.014387120563440084,-0.007071016668000912,-0.004106662334920475,0.07898637634135565,3.804788029423919,-1.122656383759467,-2.5826411896616115
-0.007439403971556499,-0.014376732790368866,-0.007062609113583945,-0.004131917689513014,0.07683495276962785,3.8163373000917544,-1.1030639163594949,-2.5920216138081598
-0.007422028890482076,-0.014372776929472903,-0.007038985641346438,-0.004149790478373238,0.07275605628568467,3.8117539619889063,-1.0808283906929015,-2.593635808615606
-0.007401589238439816,-0.01437198532128427,-0.00700674244718459,-0.004164283912520269,0.06785212361741688,3.7986224148508114,-1.056763975048715,-2.5911257390154643
-0.007384501125060495,-0.0143671012549874,-0.006984472576696841,-0.004183023583804527,0.06400911923389718,3.795454719621066,-1.0347452595577258,-2.593250509688674
-0.007368066171023345,-0.014359585564329728,-0.006966045682899339,-0.004205447406338465,0.06051301345966833,3.7974884740557777,-1.012217416182496,-2.5980251538743526
-0.007352054335812573,-0.014349417895236062,-0.006951023956118157,-0.004231784853326707,0.05728009981724439,3.8045364732459013,-0.9887842850699734,-2.605406591453459
-0.007335149211297029,-0.014335877716237767,-0.006937933426839112,-0.0042640669389997195,0.05405881920938278,3.8168816770409646,-0.9624344908512379,-2.6158356344395437
-0.007315002535879753,-0.014327097322865318,-0.006914127857199492,-0.004290258354110023,0.049645112006147574,3.8172231556471696,-0.9350315081938306,-2.620229288237869
-0.007245441934602303,-0.014285747918906414,-0.006841294011256334,-0.004397098707221419,0.0347698720976653,3.8349094846453737,-0.8339855564598228,-2.6437255882401307
-0.00726115311769544,-0.014292955952626791,-0.006860244536022458,-0.00437675966071819,0.0382856830849096,3.835415622119975,-0.855511262747024,-2.6410069310487816
-0.007280445389894647,-0.014301422957757035,-0.00688371716535832,-0.004352207146385356,0.042599126952368546,3.836352892638256,-0.8817445140274877,-2.6377674966201803
-0.0072980008875764,-0.014316550639484428,-0.0068971381127846095,-0.004317348365555012,0.046043565299161655,3.8229739275351515,-0.9101044656707645,-2.6268770782683646
-0.006052141820052644,-0.013329767030020603,-0.005164006048960287,-0.006126562758289461,-0.24890902571193266,3.4037022702621385,0.9296857873800833,-2.419853589447239
-0.006068236640321388,-0.013356603345544482,-0.005193613604881885,-0.006087660442334663,-0.24412600972223755,3.414633454071392,0.8940001142190497,-2.4306164786963866
-0.005999529129790139,-0.013306933059498172,-0.005072885827819965,-0.006142301375879977,-0.25487089642846567,3.338610949685753,0.9565539570052529,-2.380384116973391
-0.006022124146931087,-0.013330948397205417,-0.005113494369457179,-0.006111865645499181,-0.2503432397409095,3.360594853512047,0.9262791719110296,-2.3967333155328565
-0.0059423111708988684,-0.013274840019511926,-0.004973443519178878,-0.006169642134341157,-0.2617029238859429,3.270917667832177,0.9930136588899282,-2.3374862251951503
-0.0059537341835343965,-0.013296022381306331,-0.004995499913876877,-0.006140032288119916,-0.2583618603395675,3.279374161421956,0.9665698575974552,-2.3460963329457267
-0.005968390420738136,-0.013319744667860456,-0.0050228702028487365,-0.006107459613563924,-0.25461833715126353,3.29076267858671,0.9370144227395585,-2.3566639156461027
-0.005897053186916709,-0.013243353671718219,-0.0048939203474288725,-0.0061996874602114295,-0.26739184979281666,3.219415969723775,1.027747884187865,-2.3033434900048673
-0.00592056213069239,-0.01326340318149043,-0.004935899604835068,-0.006178240825608323,-0.26386163138601076,3.24505396164914,1.0051497330340966,-2.3212140044743914
-0.0063802524603491385,-0.013692482595044523,-0.005702977725668469,-0.005593198960750955,-0.16862013829945618,3.626356128849013,0.4045881619697857,-2.588580637956483
-0.006383206083611844,-0.013717813995132873,-0.0057014489695375245,-0.005549518324881908,-0.1655083734144314,3.6069720142709905,0.3721394429083969,-2.580110357684334
-0.006356581532693975,-0.01367935587350498,-0.005664945598075421,-0.005612499141036956,-0.17349974946282368,3.6052617821343733,0.42868563624290573,-2.576233275259737
-0.006338560872108235,-0.013663674838831552,-0.00563720391579994,-0.005636770208498397,-0.17744444604331702,3.593982581073166,0.45378894972777284,-2.5688083208626753
-0.006219412234745277,-0.013554296734125192,-0.005449034054590009,-0.005799930236798956,-0.204682030282599,3.5133598634212926,0.6210308870024654,-2.5136886373038334
-0.006241508699256583,-0.013574940202636089,-0.0054846521213193404,-0.005770025353224338,-0.19974944414463827,3.5293829053937453,0.5904736335111481,-2.524832273411839
-0.0063178787960562095,-0.01366038050217134,-0.00560207774435337,-0.005638833872701943,-0.18044200460207427,3.5680690659825154,0.4638178194560917,-2.5545635229088326
-0.00630125494026322,-0.013636785432677009,-0.005578024753933714,-0.0056764959910665476,-0.18523435338604702,3.564732047284554,0.49794543020391574,-2.5505590799817015
-0.006272036763073627,-0.013617738351496463,-0.0055309713815497605,-0.005703336027124527,-0.1909803097929961,3.539453968951158,0.5291678857052596,-2.5349669906811108
-0.0062400992311753235,-0.013608748204129063,-0.005477614154992184,-0.005711700201891282,-0.19563073775946951,3.5023464786776266,0.5476972289594353,-2.513888764880558
-0.006192368111451529,-0.013564107464302314,-0.005401814533964706,-0.005776069106459733,-0.2061190582313332,3.4689687258465534,0.6130091487989469,-2.4906859388003846
-0.006072803326667916,-0.013390661047826503,-0.005203444929765175,-0.0060317310021567585,-0.23913522573124577,3.4048254800853797,0.8483904699918147,-2.431114352099684
-0.006145307192979599,-0.013496873079694773,-0.0053267004829278255,-0.005876823326802657,-0.21904361371389477,3.4476396337710766,0.705275145174094,-2.470502018924248
-0.006098245175802983,-0.013432413740421994,-0.005247826356671399,-0.005970481555571363,-0.23148281945745677,3.419094966650236,0.7927737760631149,-2.4455480370977303
-0.006077549305888127,-0.013418178159088209,-0.005212554557308943,-0.005987077398876704,-0.23524701988342606,3.3976555282288343,0.81201100913995,-2.4316318339293397
-0.006117729108618454,-0.013478649295587985,-0.0052805898194430885,-0.005898953191759294,-0.22387376246938598,3.4202587833837215,0.7312477703135362,-2.4530226758197986
-0.006096758199786556,-0.013459693425486134,-0.005245470648979119,-0.00592394596331815,-0.22795308962532196,3.402117032551678,0.7570312356296546,-2.4403512278185535
-0.006144764620576895,-0.01352758176579293,-0.005324192670912265,-0.005824718760041919,-0.21522711713257908,3.427902272660924,0.6660330949476293,-2.46373174904719
-0.00616474714769096,-0.013552076140578299,-0.005356142563180178,-0.005789050130187113,-0.21029466798452345,3.439315650596846,0.6324595306702312,-2.4730572055591815
-0.0054589978580349904,-0.012734017973887225,-0.004022947085455216,-0.006704656916920057,-0.31477753470689745,2.680634978971192,1.5007969497198077,-1.890175598362237
-0.005470485497125857,-0.012761917033918057,-0.004055309544349933,-0.0066737536649551805,-0.3128945414456313,2.6998539483900412,1.4750961996941838,-1.9083215147223367
-0.005428581520346269,-0.012727142016506782,-0.003976566042572345,-0.006692229921755955,-0.31256865660201305,2.646697451265524,1.4932657698527148,-1.8707862781152298
-0.005323481809428386,-0.012573824482787332,-0.003736236894696509,-0.006820406916130007,-0.3145312786818368,2.491297434804968,1.6017204986891578,-1.7443726823588679
-0.005406393991259164,-0.012697654953622564,-0.003928244830922331,-0.006716710684641184,-0.31343916517050024,2.615439994756086,1.5145000901624652,-1.8459802051149332
-0.005377419322120678,-0.012662125461175476,-0.0038666686445786662,-0.006743673688890686,-0.31367920740894223,2.5751452809967486,1.537899535730243,-1.814631475198201
-0.005349782369118769,-0.012622740185631823,-0.003804071026181846,-0.006775815827461889,-0.31391240150839256,2.5346175794409764,1.5650463950084026,-1.7818286335509212
-0.005462810120074708,-0.012790483366133365,-0.0040605573350333025,-0.006628191898266274,-0.30989638953441556,2.6981890648447178,1.439191520120865,-1.9157513819386083
-0.005482193997351535,-0.012816107950383132,-0.0041018250549188515,-0.006605426957817688,-0.3086749340120399,2.7242018661914664,1.4193718164193048,-1.9364787394879384
-0.005618305693566502,-0.012957661872190053,-0.004368358619107463,-0.006489208406133659,-0.3013520326100975,2.8963099053435815,1.3107070032530184,-2.0647154563746164
-0.005554354258883739,-0.012850045662403624,-0.004223192533348195,-0.0066059425111741924,-0.30999390429154566,2.810487718927497,1.4123130870571894,-1.9909311950004243
-0.005514874291423266,-0.01283753488929134,-0.004159688317567364,-0.006597175649887853,-0.308875590987,2.7639901807086065,1.4095832020654306,-1.963188315802218
-0.005589794325363461,-0.012926083036627886,-0.004312001881141018,-0.006517915962110379,-0.30371401750434396,2.860595551882167,1.3374698724583614,-2.0376752848225586
-0.005567324432799378,-0.012890740003985726,-0.004262349812594415,-0.006555231665946342,-0.3065486741360419,2.8309452761026943,1.3701290369819683,-2.012728260398015
-0.005873241215163042,-0.013214352818948956,-0.004849363964047423,-0.006234906876331007,-0.2718327924222226,3.1951867336603206,1.0612735376011895,-2.284365373290504
-0.005867411630025166,-0.013251699772722168,-0.004847784972481617,-0.006172036954821085,-0.2667753350413381,3.178146580752863,1.012581603330409,-2.2823827528025076
-0.005767700436617032,-0.013134459163176076,-0.004661118501462602,-0.006306795388460342,-0.28321660637248963,3.073268619636224,1.1402617620340514,-2.201311743747055
-0.005787810318172857,-0.013156213413081652,-0.004698846742976812,-0.006283499424079449,-0.2802144200981342,3.095647273525076,1.1178417302488206,-2.2181546423714784
-0.005812790037723031,-0.0131797907918971,-0.004744529232190941,-0.006259402370410164,-0.27716667115238797,3.123573610679714,1.0936729355643948,-2.2382928581486308
-0.005840719546165142,-0.01319847829822633,-0.004793538919386616,-0.0062440138773376995,-0.27436009507446446,3.1560400640961954,1.0756219983749402,-2.259814454168825
-0.005661904953983466,-0.013072106062580566,-0.004478567111045687,-0.006343653742451562,-0.28931388260674074,2.9488456917477177,1.1881102647727475,-2.120060297062618
-0.005715876217593297,-0.013088168333324901,-0.004566245131566288,-0.006349836439725829,-0.28842329122480237,3.0132381434663036,1.1840201086959843,-2.158579869869564
-0.005685511872839579,-0.013089982580909232,-0.004520433014732005,-0.006329944443135884,-0.2876415707402417,2.976166026272315,1.1734236655382222,-2.1388306817148033
-0.005735758188496387,-0.013123454439753077,-0.004608168077511007,-0.006306502707702193,-0.2842614932483243,3.034540989498932,1.1459788706128176,-2.177893211019462
-0.005628400908028396,-0.012996822900016806,-0.004399814434666242,-0.006436985616180367,-0.29746857989473097,2.9097474668107313,1.267402193093404,-2.0815345015245854
-0.0056419095441958,-0.01302461234534447,-0.004431028210421918,-0.006403485270746542,-0.2941734406457819,2.926027790093565,1.2387302065363361,-2.096854745725761
-0.005640919370659959,-0.013051898559261036,-0.004439749834938459,-0.006361999514377717,-0.2914996750761314,2.9247650740600157,1.2058868404140826,-2.1024310524834497
-0.005596977510417325,-0.012996358405305103,-0.004352941476008538,-0.00641860202893077,-0.2957194279818013,2.873234899357371,1.2571273526363766,-2.061767769002162
-0.007193833173394055,-0.014229142329602143,-0.006809834264844841,-0.004518573940364299,0.024153317889639325,3.890570876706647,-0.7403461651481397,-2.6837251513079448
-0.007178252542765312,-0.014219754961905954,-0.006792189161636339,-0.004541978149968211,0.020573595890016533,3.8924466653487535,-0.7171985776763491,-2.6874416421033485
-0.007158446863778286,-0.014217684481433644,-0.006760272534259361,-0.004554620488244439,0.015874418270534305,3.8767511268749253,-0.6952576707079797,-2.6821490754683395
-0.007098463581937693,-0.014186980192198469,-0.0066854157880862864,-0.004633050613952853,0.001990005372454013,3.8701321850230603,-0.6113886536923011,-2.687935907179454
-0.007142139879846448,-0.014212604398484449,-0.006737118569792171,-0.0045705928710116014,0.01202124726435524,3.869601227431174,-0.6748449264744103,-2.6808887555327376
-0.007126589399792201,-0.014205193241336091,-0.006717305693456482,-0.004590040433375959,0.008431404210540576,3.8670804210235814,-0.6535439775815136,-2.681972701271086
-0.007112141556318644,-0.014196439524710966,-0.0067004621984200425,-0.004611162316848772,0.005125289121175544,3.867739319161856,-0.6323587960957376,-2.6845657241901986
-0.007071738878250401,-0.014168235529377753,-0.006655778338625621,-0.004675946396245867,-0.004193243895923114,3.8744411634752436,-0.5701987271396668,-2.6941634544219073
-0.007058545768313526,-0.014159008313694118,-0.006640895251832031,-0.004696917307056923,-0.007324212407057468,3.8761277099043396,-0.5498888594670692,-2.6969207747731603
-0.006941002389255483,-0.014094014148086345,-0.0064888554692039075,-0.004848719057546295,-0.0350542307722359,3.852044262524657,-0.38565052173114744,-2.6980758439399337
-0.0070442851581867085,-0.014150644328636738,-0.006623287423008385,-0.004716673696226272,-0.010601656337645883,3.874938607273414,-0.5292919005193611,-2.698207260117558
-0.007025052915217611,-0.014126860255447876,-0.0066096387906152245,-0.004764869180462688,-0.015186791735158417,3.8937892627315036,-0.4906332134576967,-2.710958108288755
-0.007008952716822304,-0.014120240665951337,-0.006586936635570755,-0.0047818977075337055,-0.01911582041787925,3.8868221154720004,-0.4699328994030711,-2.709187901739581
-0.0070274579763192875,-0.014144995146947892,-0.006598844377406738,-0.004732489686329067,-0.014657647437816225,3.86613185571105,-0.5087011189807614,-2.6956271653858495
-0.006993517443103034,-0.014112637192714184,-0.0065660912223689935,-0.004800242606742659,-0.02270550344252309,3.881961335168875,-0.44903787017023467,-2.708416317058718
-0.006976161461823747,-0.014106711689529233,-0.006540459807105649,-0.004816081767145608,-0.026831297782091024,3.8719165032473435,-0.42808801607689867,-2.7049985057129997
-0.006957722029796824,-0.014101734758051543,-0.006512139763918724,-0.004830373456250678,-0.031110539230104945,3.8589281135862206,-0.4072756379635127,-2.7000209943162976
-0.006994597217743242,-0.014129742783542804,-0.006554294356663143,-0.004770108136353652,-0.022331830846945025,3.855157702464716,-0.46527175509920726,-2.6937577262954497
-0.007068707653146789,-0.01418684819565868,-0.006634475373546435,-0.004645114192340109,-0.005145708630972982,3.839614758678564,-0.5823889419249307,-2.6755762975827504
-0.00708203243356513,-0.014196454389185773,-0.006648908294613552,-0.004623437341629872,-0.0020658041554787766,3.837005563615755,-0.6028508599622797,-2.672234072795043
-0.006776803681652251,-0.013995088040979221,-0.006269100330952641,-0.005058580102514309,-0.07405112569960848,3.8028868186591214,-0.1579282971097888,-2.684849705002324
-0.006823642356341593,-0.014033408167296719,-0.006326718946349059,-0.004983017251463859,-0.06257528259592458,3.8055420199802916,-0.23173531632846459,-2.683336490836132
-0.006803780233505692,-0.014028881420753292,-0.0062950073884107,-0.004994763218482891,-0.0668472470425277,3.7880919940087066,-0.21216900088708543,-2.6753754080167433
-0.006784798048840095,-0.014020296459699422,-0.0062673902853044835,-0.00501316611095489,-0.07138560142931037,3.777347676095617,-0.18950417380656118,-2.670828208242416
-0.006748104954745401,-0.013972318854060778,-0.006232403290356038,-0.005102881382879767,-0.08101346037347085,3.7985535758530524,-0.1135908391776649,-2.683977959051275
-0.0067273219050758845,-0.013959463950692948,-0.006203307011758694,-0.005128198012537409,-0.08605744072514504,3.789744060508205,-0.08561254750494952,-2.6802034284043734
-0.0067520727026138426,-0.013996561710657385,-0.006224925855503491,-0.005059838450967059,-0.07905787613254539,3.7703630543233504,-0.14175992277262892,-2.668917425442265
-0.006921082321534507,-0.014106227315058917,-0.006445093201120244,-0.004833115913207008,-0.039341098798602564,3.810245801993345,-0.37984665718909194,-2.677490974533221
-0.006848701020802394,-0.014049578597476166,-0.006359650177197431,-0.004949537936891257,-0.056640047277051346,3.8118980134990963,-0.2671438843894364,-2.684881068612874
-0.006894907869243394,-0.014078713026607655,-0.006419802882344041,-0.004887819664428411,-0.045727436923809844,3.822511314091782,-0.33240688549239733,-2.6866558715101547
-0.006906457727317156,-0.014094535044976937,-0.0064283895622538,-0.004857338164390021,-0.04286099929725302,3.8116297398268544,-0.35679598051259354,-2.679681726678537
-0.0068615524985906305,-0.014065192236039935,-0.006371315658884055,-0.004919450112949753,-0.05335622672211975,3.803924629607381,-0.2924709671183274,-2.679560783268139
-0.0068758654367606226,-0.014078204992566703,-0.006387075439848007,-0.004893447836226586,-0.04990829836772038,3.8011697864788205,-0.316384432331725,-2.67684300029247
-0.006829616864264774,-0.014053639879594444,-0.0063236988825858655,-0.004946560470641032,-0.06050731492671598,3.7832984362249067,-0.25630402232515154,-2.670975956849967
-0.006550142261109427,-0.013840264791373152,-0.005950803417763866,-0.005347551814093142,-0.12748205369930013,3.7065021210445743,0.15355030351231636,-2.6386276943977496
-0.006524008824274559,-0.013826748569996878,-0.005910551685890399,-0.005370750504087575,-0.13319351025504844,3.686685996711876,0.1824201683213159,-2.6279753632502723
-0.0064958957635244145,-0.01381011644995385,-0.005867858106612562,-0.005398797516718973,-0.13930157875852503,3.6671006705515157,0.21530439552278904,-2.617146699105127
-0.00647284417334541,-0.013790817059952451,-0.0058346659563136595,-0.005431191232363388,-0.1447422483282771,3.6565673737510482,0.2484660641147369,-2.6107770294176706
-0.006447147838803284,-0.013794916256741382,-0.005788652104749975,-0.005422367686387092,-0.148131980591785,3.617955855521319,0.2547670667426599,-2.5905633774890635
-0.006373205787492897,-0.013742614592646113,-0.005677397546458703,-0.005505456488893265,-0.16417107623163743,3.5701905276623767,0.34552937136197076,-2.5621237812790603
-0.006423539736188236,-0.013780546726539208,-0.0057526628125013695,-0.005445356362645293,-0.15329462033327187,3.6009682878568445,0.28149063601219165,-2.5808437982824723
-0.006395528875044064,-0.013765090334168057,-0.005709256508382981,-0.005469340533518718,-0.15872462768596277,3.5787340940764847,0.3106737504417219,-2.5681103416977247
-0.006707519426972539,-0.01394111961094807,-0.006178754108027567,-0.0051627443914084555,-0.09100033868676384,3.7889740799344467,-0.052524254461719315,-2.6804460060108166
-0.006689704796603753,-0.013918274374127154,-0.006159697597909339,-0.005204799760377111,-0.0959277644628296,3.7959874201058277,-0.015784648987541432,-2.6844999148402913
-0.006671836725128238,-0.013902656619422285,-0.006136259745520853,-0.0052338636055034105,-0.10047119895784513,3.7927861362255504,0.013011360237573228,-2.6831189365824386
-0.00664706468467819,-0.013897241009615452,-0.00609520646405295,-0.005245025600809002,-0.1056499138569381,3.7668068527040863,0.034283087750332515,-2.6700976504998724
-0.0065550871923462685,-0.013864452870722372,-0.005949184511176773,-0.005305306479309005,-0.12474126509205152,3.6854027158246105,0.12312151983913242,-2.628173584742328
-0.006619444642200321,-0.013901530493446938,-0.006044581901287839,-0.0052389419470051605,-0.11030587828377289,3.725473392588036,0.04580164392250247,-2.6490626788983422
-0.006573739246111799,-0.013878280034132467,-0.005975610274848474,-0.005281024863569224,-0.12026995773307604,3.6937792550084825,0.09752046829399479,-2.632709148022544
-0.006596532440141929,-0.013890354079495633,-0.006009854570647708,-0.005259390836707002,-0.11546265048898259,3.7091592360896315,0.07138641152376628,-2.6407201063395678
-0.013000833046659293,-0.005742315157261588,0.006501402780007084,0.004575897197694198,0.6650866308095976,3.540476834921496,-0.4627065957001887,-2.512742948156872
-0.01313579824215252,-0.005820998568920121,0.00633416882994811,0.00474607895387797,0.642774049914517,3.564923584744988,-0.28489562247184835,-2.537425398215543
-0.013042647638421506,-0.005775145431428589,0.006455753306461737,0.004643214992324811,0.6604217187759495,3.563758598813188,-0.4040073371042811,-2.5292021030732403
-0.013032118834297411,-0.0057489026711704675,0.006456544728483007,0.004598171748280108,0.6573080220908543,3.5297580605425347,-0.4264328136212024,-2.5101520173657432
-0.013105026073750378,-0.005799309478937271,0.0063711003548870245,0.004702404641863969,0.6472714575292525,3.555422451619236,-0.32725357928116755,-2.530147621449865
-0.013074493016311126,-0.005782005003991137,0.006409530360643055,0.00466514628783686,0.6524123647936647,3.551406544784927,-0.36716759050254644,-2.5255392333334767
-0.013216707384084043,-0.005905106913117026,0.006247478138364271,0.004901987961369221,0.6351608928582025,3.6246391012250223,-0.15629761624834967,-2.5732332764398733
-0.013252528945880354,-0.005916343863694479,0.006194518425095501,0.004927488681793154,0.6261970939338511,3.608800333602236,-0.11459392643200629,-2.566455543168408
-0.0132127679163751,-0.005864023197706375,0.006233416207508732,0.0048346150251852545,0.6285252100550852,3.56625208047053,-0.18471403479258572,-2.542704924751361
-0.013200434150750787,-0.005826318528262773,0.0062341997763529075,0.0047715595944291525,0.6245705207703168,3.520579354572583,-0.21764153080780416,-2.5181416066402744
-0.013168211351576968,-0.005800938193279256,0.006272115470112257,0.004723252498203537,0.6289017655433956,3.5087943385548974,-0.2624832976437628,-2.5099768102377453
-0.013284034342768545,-0.005928514613094103,0.006148815609681197,0.004952818961398968,0.6189110963082789,3.5972845747300934,-0.07685734983176234,-2.56154548807154
-0.013313267439792529,-0.005942811277140404,0.006107479888017382,0.004980569221972643,0.6121222137608743,3.5902515541264965,-0.040338994562676415,-2.5586219309147
-0.013336989489814403,-0.0059626975574716785,0.006077236479685802,0.005016112562777327,0.6085926614926024,3.5957027816302785,-0.005230406613453489,-2.5617562672213245
-0.013367392658704845,-0.0059686472978168585,0.006029964661504431,0.005029134469366322,0.6001771486124811,3.573963059725663,0.02609590605761955,-2.5509931194163014
-0.013391912322091762,-0.005984902424075247,0.0059963175882093754,0.005057843363141024,0.5954182797239297,3.571961782193352,0.05902857266089733,-2.549980928528399
-0.013443101527085161,-0.006045173258498643,0.005934379543688414,0.005159695611997083,0.5891440168702261,3.600911802953061,0.14780920617462082,-2.5638052991436537
-0.01341676217009246,-0.005999934340329958,0.005961358568533106,0.005084108300751786,0.5903926285890951,3.567171682529245,0.09122394567089954,-2.547380358069708
-0.013438381640710952,-0.00601529308051601,0.005931533679591094,0.005110307785128591,0.5861428606326652,3.565570472124029,0.1207338987709951,-2.546252709517659
-0.013473749410934635,-0.006054606226280529,0.005886945364718006,0.005175775182169603,0.5812976667509034,3.5803550994354496,0.1802435662452215,-2.552786940805925
-0.01299814760625137,-0.005700506932500408,0.006479743529856322,0.004510080008858431,0.6559205789701882,3.476145049683042,-0.4811330706917298,-2.4782420955538282
-0.0128511840039698,-0.0056187255459643915,0.006648949729646935,0.004319095071887964,0.6761374837180735,3.4289195714219605,-0.6659374044954035,-2.434828392643594
-0.012849922421970096,-0.005581863823451494,0.006625465059933415,0.004263814991384118,0.6666812472738691,3.3715824417479596,-0.6751088717994427,-2.4037786721237526
-0.012746210822925451,-0.00547672442747792,0.006700940874404054,0.004055425193172756,0.6638249870998368,3.250592349887556,-0.8035788292184763,-2.3227808779916868
-0.012826657088986332,-0.005551588181106913,0.006638658007671777,0.004207419275132481,0.6643587013783349,3.3349323910527677,-0.7062798901740519,-2.380686013243928
-0.012782347941722625,-0.005489123719214463,0.006658695237024924,0.004093630398825928,0.658471739815285,3.2572862667548184,-0.7631571149076416,-2.3319953668769515
-0.012819121252742654,-0.005504000547514732,0.006616735879831997,0.00413489065267928,0.6536399922706159,3.2662245672201364,-0.7217514541558553,-2.3422554856684026
-0.012889620788296691,-0.005628709881980778,0.006598256039432373,0.004353153714173579,0.6681942511196032,3.425615569345885,-0.620914859461438,-2.4382311640652077
-0.012924596120275493,-0.005638433860768011,0.006552179262244801,0.004384197067492659,0.6611392538103297,3.4224761900663085,-0.5801437818846543,-2.4409524627813486
-0.012958703254562245,-0.005650328637569981,0.006508448822918111,0.00441727562142558,0.6547556830729172,3.422144296509694,-0.5399668364700255,-2.4448085271814333
-0.012990808788026345,-0.005661333776372814,0.006466800882733609,0.0044473885909551555,0.6485832259687344,3.4205163692653806,-0.5024488890555782,-2.447475408074183
-0.012631729763157504,-0.005418311700647333,0.006816439101371099,0.003902911525216933,0.6734577466766599,3.192691407545429,-0.9314077595706624,-2.271921982987049
-0.012672265100157794,-0.0054297971687567725,0.006769489539904237,0.003944954125695074,0.6673506099715129,3.2009118479696137,-0.8867572113082831,-2.283602739023183
-0.012715939327677908,-0.005418220335474767,0.006700825223846421,0.003956018727720543,0.6542711538921927,3.1730739701028257,-0.8399281963564483,-2.2756552395921514
-0.012740422822653558,-0.0054406882113169465,0.006683154773858774,0.004001622202038135,0.655008820666183,3.199053236913189,-0.8124955775423445,-2.293803063521186
-0.012624255646511753,-0.0053774842198856705,0.006795384028392572,0.0038425706715520844,0.662632241124769,3.133874044007047,-0.9386213697276723,-2.2387178008391913
-0.012543396817615075,-0.005334269753882287,0.006869370982428023,0.003729426276912687,0.66652725403151,3.0825658870566364,-1.023291781436184,-2.1956929102845
-0.012571066347223055,-0.005341255838003012,0.006838415452619708,0.0037581280527103664,0.6629277790781031,3.0894762237320603,-0.9940729294783559,-2.2047700564047332
-0.012369897867203475,-0.0052256019887202965,0.007001401979483258,0.0034585297126571955,0.6634832356619582,2.932542102762241,-1.1910380140242187,-2.0783814551748656
-0.012405597223984322,-0.005243867704601862,0.006972482629005776,0.003509771778576301,0.6636380376540812,2.9593424870794953,-1.157304250279639,-2.1006855103830713
-0.012470618175454614,-0.005276516288633655,0.006917321975189124,0.003601258043199721,0.6625308588823983,3.005068859190819,-1.0941064868828128,-2.139181838191059
-0.012499487836405023,-0.005290994612303066,0.006892015120394141,0.0036413546021964696,0.6614573912009282,3.0242870562741047,-1.0655061896382438,-2.1554380290395527
-0.01252439543046182,-0.005313204320340104,0.006877508196068184,0.003688250052562981,0.6636339730813109,3.0540760660779647,-1.0416097344082351,-2.1765256911182966
-0.012447719750255696,-0.00524651922453022,0.006922000506547022,0.003545932622433943,0.6569226524721586,2.9637900597554556,-1.1133531705940667,-2.112218314024394
-0.012613170247222735,-0.0053381608200062216,0.006780367146914727,0.0037827071559826306,0.6534844007630242,3.0792735248670127,-0.948981696273817,-2.20691467881224
-0.012242311384149503,-0.005115404663438494,0.007059692732137531,0.003219666182065696,0.6462313247023123,2.7712604654579702,-1.2920871813357493,-1.9624579948116114
-0.012291338942456367,-0.005120861122505407,0.007007516534342679,0.003268014561550486,0.6410381975835499,2.786033798906805,-1.2446754768579813,-1.982003248976355
-0.012330770822137224,-0.005133884037099953,0.006972099210114549,0.0033160260623320203,0.6396211196775877,2.8076139082662124,-1.2088872364721899,-2.00249312333051
-0.01218738956539008,-0.005059818418689674,0.007074086178710006,0.003108200002230867,0.6344388301694116,2.6905498451256045,-1.3278563260456362,-1.906214137381108
-0.012232149094235242,-0.005066542491531597,0.007029610812527704,0.0031551074489610635,0.6313292608392266,2.708125599330294,-1.286729765633446,-1.9264253528047937
-0.012136446238557093,-0.00504319848623834,0.007115877981987318,0.003043710333055068,0.6347450544889764,2.65792965604856,-1.3710921086224348,-1.8760614252163204
-0.012177881954687018,-0.005019238924657969,0.00704973836331309,0.0030548902046410426,0.6222989903756334,2.639718366209613,-1.3230988012281464,-1.8768508448909806
-0.012099874014216415,-0.0050000882442420335,0.007117613527554773,0.002963296867754484,0.6236390433683628,2.596600179949855,-1.3893960990713567,-1.8344499093665567
-0.011828240205399,-0.004898324605472788,0.007298869037236136,0.0025914791654816686,0.607907829769548,2.3794773804522262,-1.5877179891966622,-1.6451811340199476
-0.011882569694086678,-0.004911137745657616,0.0072588181556962035,0.0026601320756993205,0.6097946875307222,2.417558422040111,-1.5471615401929613,-1.680955632992274
-0.011964634026702094,-0.004893094542290552,0.007162226399961775,0.0027245460919637695,0.5985282981649193,2.4314913764841175,-1.4668844825487926,-1.7122279293968694
-0.011917921471032883,-0.004880477715016925,0.007196670080225407,0.0026661705069075527,0.5974732671073201,2.3997826594703766,-1.501594064345066,-1.6827623243719696
-0.012065598466134244,-0.004952051679196251,0.007111706922076729,0.0028807416773034456,0.6107607611277671,2.5312789482740903,-1.4020043836833407,-1.791297891983042
-0.012021652897797382,-0.004906892112277238,0.0071173478133193585,0.0027930898311519466,0.5993169111285829,2.4668976751888034,-1.422853457844288,-1.7460685948372918
-0.011995861102294801,-0.004854345925045234,0.007097388119491173,0.0027162342219667276,0.584312445413073,2.402202372848182,-1.423509832208682,-1.705260498026742
-0.012361949038004444,-0.0051675561951866605,0.006962790465272902,0.0033814949974152455,0.6459794462811,2.854359957580446,-1.1857313496008233,-2.034646522928661
-0.012364055145089509,-0.005119143988864294,0.006920728825715983,0.0033254804136313002,0.6306555243698635,2.7923200595725746,-1.1724935349409917,-2.0013306512620024
-0.009550292601495973,0.004146866538131069,0.007366788047448718,5.390317808527861E-4,0.14057568676515955,0.10806796933576399,1.9404556499524719,0.3088016762250983
-0.011043115128355596,0.004505179994656907,0.007496954375818995,-0.0013940079818664814,0.44986030328933785,1.5440084918065116,1.8867481143239588,-0.9678713903751391
-0.009653904228503605,0.004080107518331787,0.0073245438001888095,4.047073569963901E-4,0.15389755508375,0.1873148272365233,1.89977078913919,0.21245144207293687
-0.009721424662803596,0.0041337685803123705,0.007384537351849475,3.330621003958429E-4,0.16886839700629527,0.25557169212322495,1.9402459006366422,0.16192913076899002
-0.010909635417574679,0.00449676836939567,0.007554558442607953,-0.0012240185966193682,0.4318942172249976,1.4337015125186092,1.945966900740433,-0.8613595920149609
-0.010798853382050822,0.004437319054253215,0.0075432593127408585,-0.0010587440244366675,0.40151831506317376,1.3089632441412047,1.952986369651984,-0.7612487875679425
-0.010851594166809923,0.004465997316919658,0.007549802284082097,-0.0011371616441110345,0.4159612967059549,1.3683850309013132,1.9505824880815947,-0.8088592818588883
-0.010970845971386416,0.004458901139977461,0.007488197267833314,-0.0012820977807387931,0.4290647382110007,1.4591309812889526,1.8910967385687882,-0.9017423897115281
-0.010388161553753049,0.004345152166755414,0.007573474063106426,-5.065623160848111E-4,0.3154201030323529,0.9122505243430511,2.021808128850534,-0.40675122130561175
-0.010735270608919774,0.004393004721938681,0.0075238668154564686,-9.618291450350032E-4,0.3821137758475008,1.2323958842432272,1.9471022530891244,-0.7024554562198445
-0.010475250853282537,0.004348236461454043,0.007557898580744265,-6.189371802985769E-4,0.3314982831367291,0.9900586743579726,2.0012754587215054,-0.48138145374726454
-0.010647157804782436,0.004383316594555226,0.007544641670145834,-8.475121967982486E-4,0.36659299590536304,1.1537035423737476,1.9724453712453676,-0.6287627326022575
-0.01056296415363416,0.0043423868738669946,0.007529477562843271,-7.287863587025811E-4,0.3445207555652196,1.0626106719436839,1.9712038545710389,-0.5541496225785459
-0.010234631105926343,0.004298261946727444,0.007550320283699663,-3.0231100170269564E-4,0.28037646630702584,0.7572191137456531,2.0202807957410176,-0.2720188661636713
-0.010155953413622156,0.004264597022749959,0.007524446379516031,-1.9908887858302254E-4,0.260650905646619,0.67523655942931,2.008639732690756,-0.2036650854380386
-0.01008601429587916,0.004233364333235582,0.0074978175390423216,-1.0927816320420473E-4,0.24360837393352033,0.6028762490569495,1.9951983484256843,-0.1436058690163249
-0.010012899716700663,0.00421712293783685,0.007483622265596586,-1.7553638559448787E-5,0.2284798807481183,0.533188246595021,1.991017648404366,-0.08122513450364398
-0.009971129618076599,0.0041676227058635214,0.007435645389268416,3.36568907489688E-5,0.21502264409078667,0.4825472395872924,1.9585496599140835,-0.047760019097883445
-0.009895304626725238,0.004153737648037738,0.007419738367297673,1.2544321593978435E-4,0.20074610417688674,0.41232604985355065,1.9529543896729324,0.016136142842245352
-0.009803856850428075,0.004135181310352069,0.0073953593768935075,2.3443838771346846E-4,0.18270401696625396,0.32784636199793665,1.9418944615606943,0.09237227201084225
-0.010320072286461547,0.004279421357264646,0.007520198996344061,-4.083191432615023E-4,0.29207936840529664,0.8257912011279898,1.9897608761610466,-0.3450918367114481
-0.009028319951917572,-0.003982443164740082,0.007052119779554368,-0.0010631220221677007,0.06070125027670576,-0.33283677726042254,-1.7354131471642134,0.6908360509281052
-0.009317494223621133,-0.004142517788240776,0.007300224455366644,-8.094402433582326E-4,0.1029149569307287,-0.09321092226273887,-1.9070432452300767,0.5026378162384546
-0.009231055070668407,-0.004085087169633344,0.007219317348014744,-8.874160159097244E-4,0.08850967416250245,-0.16945536707051675,-1.850715863714077,0.5598734158232096
-0.009132779290087777,-0.004030356854076082,0.007135060366957442,-9.737060297298972E-4,0.07411063963407409,-0.25106762610569233,-1.792395078349825,0.6239115726621643
-0.00941266559911571,-0.004098836095934523,0.00728871447684734,-6.874206792360358E-4,0.11605792912622068,-0.01631842726646471,-1.8909114706989352,0.415217031776693
-0.009490731292902302,-0.004048951325655844,0.007263488884803003,-5.857915758682192E-4,0.12577723993926904,0.04446865942355144,-1.8651732875039149,0.34204108415358614
-0.009756513460867292,-0.004155233593328171,0.007409211000307588,-2.9368354616348075E-4,0.17656129084404343,0.29047351883861217,-1.956364202097611,0.13452599163280754
-0.00958676109696487,-0.004086409223410961,0.0073182286346458476,-4.838341020263378E-4,0.14324770763756337,0.13061290312688315,-1.899984930826505,0.2691362992939971
-0.009686379823434238,-0.004114578380906636,0.0073615125418806234,-3.7203601124531725E-4,0.16146254529205492,0.22111117619918366,-1.9254655069592979,0.189541923323408
-0.010905360781801996,-0.00451014958507068,0.007569931040384438,0.001224808928451506,0.43499001231378315,1.438142390276697,-1.9573229783653903,-0.8604112747108869
-0.010974479555905638,-0.004503524961915818,0.007530329780701727,0.0013084617276399155,0.4415519250159125,1.4894526763055753,-1.9198019285131653,-0.914083502935836
-0.011043770558792073,-0.004493510352222875,0.007485219688418399,0.0013886928718603168,0.44683204918294,1.5367369391927514,-1.8783644429403175,-0.9654012264135577
-0.009833118466871894,-0.00414575040172655,0.0074079929027298765,-2.0017484736340247E-4,0.18878704259884968,0.3559866398665448,-1.9490570200279949,0.06797786142909007
-0.010382133763729848,-0.004348044744563035,0.00757748064703371,4.993419481754995E-4,0.315192753144383,0.9077142761425642,-2.0253756693022784,-0.4012262291455891
-0.010235430563117617,-0.004311658256741034,0.007563537022095747,3.048853054091523E-4,0.28228471421985585,0.7627891227534932,-2.0299538622880484,-0.27300405606387934
-0.010318394792254595,-0.004295266981076152,0.007536035175565754,4.086611645743223E-4,0.2941680176711467,0.8303985223069618,-2.001580731937162,-0.34433629635343305
-0.009925315777211162,-0.004152949872634212,0.007420366188454909,-8.899895159344268E-5,0.2053956837035226,0.4383162873516615,-1.9508950655648272,-0.009527516736596782
-0.010170548013335763,-0.0042599885789441645,0.007518797381861974,2.1717518741326365E-4,0.2625306004088677,0.6867381676591022,-2.0030498842205393,-0.2163996286164052
-0.010097437011681861,-0.004212266282416488,0.007476835520104848,1.2262515348142824E-4,0.24268051275915425,0.6064930700644392,-1.9784380190795385,-0.1540175077489074
-0.010016899401845155,-0.004175896944108538,0.0074437913885847,2.2357819434973943E-5,0.22393790354428314,0.5248441280487713,-1.9607465579666565,-0.08621336199143405
-0.010606595384383796,-0.004483194036506099,0.007658251721228033,8.266809981477659E-4,0.3831323128709803,1.1687552416319245,-2.058843425287361,-0.6059816627857133
-0.010666059747333,-0.004461132316666284,0.0076164094253486905,8.975418648925732E-4,0.38756141411058037,1.2095397482003971,-2.021584831035222,-0.6543751757373865
-0.010730495860056808,-0.0044520138623089294,0.007584350348534107,9.775326255905073E-4,0.39552762774429856,1.2598862580071708,-1.9907517807771342,-0.7071822185420561
-0.01053995038807657,-0.004442353181729282,0.007636069542273293,7.268122860563202E-4,0.3621091889873708,1.0896556496924303,-2.050647311527918,-0.5442549421709648
-0.010493644047716999,-0.0043723566049339415,0.007577507372841053,6.483157120077168E-4,0.33954522595783093,1.0167788043499695,-2.0135399376032574,-0.49882510826305065
-0.010444819145807607,-0.004315504575140823,0.007532381123804177,5.727952666250102E-4,0.31978647160470247,0.9493117419683578,-1.985992947473327,-0.4530228417676914
-0.010797878669211093,-0.004451571518583164,0.007557845679911465,0.0010632675444578446,0.4051376788597834,1.3159307058877248,-1.963379755142457,-0.7625362522643803
-0.010860622301857137,-0.004445883533531088,0.007526019405930159,0.0011398001973571697,0.4121585196484548,1.3640781665141308,-1.9327198508641972,-0.812239547520991
-0.0107515597813886,-0.004386619418691104,0.007511581536158049,9.798366545424317E-4,0.38278470120298197,1.242515170702218,-1.9363235524028786,-0.7148106626998074
-0.01153776698126963,-0.0047063469638814175,0.007368286060622201,0.00210942831922134,0.5450243764618574,2.03809365564534,-1.710166744748136,-1.3828051767885843
-0.011631580679490543,-0.004688449770667727,0.007276883780114926,0.002198162915026149,0.5408041436930441,2.076139219931463,-1.631946324803595,-1.433271741230123
-0.011586008088182867,-0.0046660052565694774,0.007292685783739644,0.0021310387838467362,0.5330933528519025,2.0312950689907834,-1.6524651296820558,-1.396569984245448
-0.011480242706848007,-0.004682490419517368,0.007389627763444081,0.002026143101819301,0.5357273375106315,1.9823579048195266,-1.7365926961422617,-1.336022154598925
-0.011143685677264068,-0.004548308016672468,0.00748366919910684,0.0015404092694720135,0.47203799678416675,1.6484677827280165,-1.8618680214176673,-1.0547536302636633
-0.011199264739506993,-0.004561880466603656,0.007463980983179341,0.0016153657037992646,0.4815004411786111,1.6984309262392518,-1.8394015191324773,-1.0994345457803627
-0.011420025800260738,-0.0046347417140611795,0.007388262845957637,0.001922401861009301,0.5179463867900659,1.9047060937589968,-1.7485061440655973,-1.2782402323230146
-0.01135616326589454,-0.004614263497671049,0.007413421016896924,0.001834454067024298,0.5080858271846055,1.8468835313605025,-1.77727589277243,-1.2279419067986694
-0.011255311746159702,-0.004547036296170938,0.007415127834054575,0.0016726471730176124,0.48132245108991717,1.7275291814685627,-1.7970719333317502,-1.1356048887649453
-0.011326154047552892,-0.004546212409771225,0.0073688314821397,0.0017541863622177296,0.4859934667968338,1.7749533047920132,-1.7541360112613085,-1.1843889557627085
-0.011110520885331855,-0.004484153113189153,0.007440228732323861,0.0014641739623665372,0.45110154901204086,1.580744656420945,-1.8375124935130638,-1.0133591452352055
-0.009467455804139257,0.004059738676841878,0.007267612644104739,6.148541618822106E-4,0.12319943035630887,0.02583138051404826,1.8700980697221896,0.3628879389799096
-0.009376810348299834,0.003994455126846776,0.007185585900071245,6.984524894377299E-4,0.1072052207437514,-0.055770434587126834,1.8133097471070159,0.42431932607835926
-0.009249291276115616,0.0038239797009974354,0.007003473129037283,7.806701423264975E-4,0.08484374035835164,-0.16607917813938508,1.679590247570985,0.48771274975627105
-0.009357198646878485,0.0038648178627240367,0.007069302731291623,6.830511144193165E-4,0.09959960138097564,-0.08069387802411211,1.7231969408049863,0.4142060218498366
-0.005121807948371232,-0.002535298180664457,0.0037712522986073182,-0.0017653939956643243,0.025946490769074047,-1.2404459588062517,-0.1837905901868493,1.4401130678911431
-0.005404137282016241,-0.0029351164491719164,0.004030188501972094,-0.0020427230738534756,0.02204540554863371,-1.2771934283799096,-0.24593213625463026,1.492513104067017
-0.005721513389231688,-0.003141007033145345,0.004308688246846847,-0.002163284234408335,0.01615876889284384,-1.2943868379965162,-0.31987125767716257,1.5203773191992438
-0.0063175259361471425,-0.003522410568147767,0.004870086803450129,-0.002359255901893833,0.001807598418883772,-1.326987696689702,-0.5108016146542065,1.5835247629699796
-0.006014142379071501,-0.003333481722873037,0.0045782361187669965,-0.002268796773799878,0.009722808722705046,-1.3118881539142697,-0.4043035383413334,1.5512609792102126
-0.006522329531815602,-0.003342217219168975,0.004990219120775165,-0.002159854932893695,-5.351640998518535E-4,-1.2646562593509463,-0.55353162929965,1.5040897463387244
-0.006736746343024244,-0.003430376966820072,0.0051870379279116184,-0.002167415309562911,-0.004958141588083532,-1.2525433305211362,-0.6389314655545523,1.500078649524446
-0.006963268025771215,-0.0035058700305614678,0.005392974501995241,-0.0021499382865678416,-0.010693960130774172,-1.2292204366654307,-0.7346186782563507,1.485165831998213
-0.00847204092912486,-0.003840884670604307,0.006657686132629514,-0.001506507285818579,0.009713047341286085,-0.7072346697282725,-1.4719855269416477,1.0223815424921785
-0.008311585541045786,-0.00375514879780787,0.006501961962656163,-0.0015822514795365728,0.0023009734873601427,-0.7872384623369162,-1.3663936528787757,1.0827691881543975
-0.008164016849243056,-0.0036929413211285594,0.006368787899889739,-0.0016511030669398054,-0.0031710816470930246,-0.8548090445121103,-1.278918677626837,1.1375407336516246
-0.00717486200022746,-0.0035766593697373204,0.005587727299085565,-0.002122200787305184,-0.013912678215937174,-1.1984135764990482,-0.8328840494776973,1.4619150691394553
-0.007336501282310752,-0.0036740112274668457,0.005756775111985945,-0.0021261121690967703,-0.018473843634283175,-1.1787339748200534,-0.9256408598881427,1.4568540937983865
-0.007522101407394884,-0.003655135998374791,0.00589208362246505,-0.0020188274346980045,-0.015966696447871322,-1.1173065747140756,-0.9982606222531437,1.3928632595689752
-0.00769715236580728,-0.003702588862967435,0.006047955040755817,-0.0019581399513845525,-0.016494148772619552,-1.0656663924168404,-1.0893681451514163,1.3493066806669403
-0.007992539060017286,-0.0036322417702335475,0.0062195479914778605,-0.0017270331403419173,-0.00742522602789577,-0.9254504658725463,-1.184417980820353,1.1971760464947547
-0.007823730758201537,-0.0035707068900944663,0.006070270662065336,-0.0017889454895064687,-0.01058835011080187,-0.9848069474359463,-1.0924691646667952,1.246304434671446
-0.008991649946329531,-0.0038447387020320496,0.006925061698678785,-0.001041443814938276,0.055889155682492364,-0.35749244786868645,-1.638189754331017,0.6799353790234633
-0.008847576301972016,-0.0037968903135374267,0.006824496772030076,-0.0011552232310199546,0.041363419215936024,-0.45743958522104966,-1.5704753642939762,0.7665720018830412
-0.008731092515922335,-0.003709919551248283,0.006704949298058706,-0.0012166684347461006,0.03238313009101897,-0.5286239817791484,-1.4860439521833295,0.8176853697299913
-0.008590473610240392,-0.0037209123580428066,0.00664051947581104,-0.0013404678204376453,0.02065408122781907,-0.618577602489708,-1.448151680255922,0.9091239709298369
-0.009115332312962262,0.003749118431725684,0.006898484407313728,8.859742302003234E-4,0.06942765893579783,-0.26680596976528,1.6063855016834299,0.5688368591455363
-0.009237893951582926,0.0037027508277585465,0.006903563463161813,7.537549487305052E-4,0.08181477362050439,-0.1786132976585382,1.6001105323884766,0.4724080769430324
-0.008887660907258533,0.003720478916641971,0.006785383830469535,0.0010845078960855222,0.0460068478795344,-0.42582905492371387,1.5358263229840388,0.7193474808434722
-0.008776955848468503,0.003719008428607794,0.006733710298606271,0.0011815365004325584,0.03634540825766175,-0.4990142293574789,1.5046544684518728,0.7911593703359237
-0.008564638083241658,0.0036555212464358614,0.006581913151826367,0.001326464314679971,0.020405611072525563,-0.6265252639367223,1.4038713433406043,0.9040405825879404
-0.008697232732990874,0.0036508157669099387,0.006646665906623604,0.0012162872554580268,0.030273371096635044,-0.5445737527630741,1.4426157564556186,0.8211983332880732
-0.008998099965606722,0.00363775297031824,0.006770256813998943,9.51797499871213E-4,0.055909897251496254,-0.3471897603884017,1.5140676166317488,0.6231951086505877
-0.004860798162427474,0.0027273087615135765,0.0035903682985420986,0.0019307775985862392,0.029430855891823694,-1.2663086095019827,0.15669428364047652,1.4739174110237654
-0.005243349620377613,0.0029064121940412524,0.003902066465935591,0.002037177768724604,0.024672941359756968,-1.2780936670857577,0.21736597840041347,1.4928707726228299
-0.00704558834060699,0.0035371865609565064,0.005469897944098011,0.0021435519231416933,-0.0122325088822076,-1.2191397121370275,0.7730079754499676,1.4774360044344959
-0.006809639050497477,0.0033982524556841896,0.005234736065677841,0.002118330953406297,-0.005975226054548693,-1.233524584622412,0.6575055839975756,1.4770702450514575
-0.006213590477236914,0.0033912817964593467,0.004753024039955465,0.0022750989179156594,0.004553821209151896,-1.307939257693272,0.4656706310918879,1.5524520468167624
-0.006534769233124464,0.0033326571244666637,0.004997169867090697,0.0021490713686757325,-5.043828246178082E-4,-1.2615830643533066,0.5559701819810052,1.4993266720971958
-0.005633878102535634,0.0030922533435682954,0.004231815545373836,0.002137251456858023,0.017903838331532456,-1.2906379925257043,0.298202354827015,1.5140546647589337
-0.006000320521945811,0.003134118952792156,0.004528154040605836,0.0021119809251648734,0.009746245432643514,-1.2768980550622437,0.38438158801875094,1.500153902712636
-0.004899648831924619,0.0022887092710804817,0.0035849890872908827,0.0015987030790355378,0.028544917172103505,-1.2258723025841123,0.14665462951924124,1.4196067119349396
-0.0046674360085928665,-0.0022531809732007258,0.0034109073498467548,-0.0015865975475010668,0.031014791444708503,-1.2293296616014493,-0.12150669000681162,1.423997728308388
-0.004214672117908647,-0.0019302100413242586,0.0030615134569351725,-0.0013693898063121311,0.034901932448776894,-1.2196644023333567,-0.07627540252247743,1.4098776483532454
-0.0050872869569379385,-0.002106323037835388,0.003707932414394397,-0.0014518714032921059,0.026633976484740834,-1.203507597781489,-0.15851511365852655,1.3888314748488135
-0.005401134445150387,-0.002254887486267641,0.00394977394135166,-0.0015322381907319524,0.02188015760100701,-1.1992670101645078,-0.20528881862362205,1.3849336258328122
-0.004912667051336245,0.0019351228146111039,0.003568938569713757,0.0013399025314134265,0.02796863002831157,-1.198535761163704,0.13133901546441468,1.3826603936886162
-0.004688769332009598,0.001627241449829307,0.003389985723387168,0.0011313108855582797,0.02984288969273827,-1.1898327589831457,0.0976723367140825,1.3696234186368244
-0.004429376363750092,0.0011856839507000357,0.0031875943616621574,8.27753799988851E-4,0.03251603664812367,-1.1809777372933608,0.061645148571895424,1.358262597823208
-0.004189558769983354,-0.0013164199633031758,0.0030214044462952383,-9.271688075901595E-4,0.034672075785725065,-1.1939460516700484,-0.05575803863849454,1.3758923233298272
-0.004168708723887701,-6.306388496970395E-4,0.0029909218211647995,-4.420634909991467E-4,0.034224419093894565,-1.1776565990884567,-0.028071614243378996,1.3536506377372122
-0.004269368988551038,6.173624523509498E-4,0.003061376071427072,4.3154077784433707E-4,0.033428149349084106,-1.1730643118632502,0.029744802448226793,1.3474752429282235
-0.004203632095825961,3.009247637887899E-5,0.003010547392993218,2.113565045268673E-5,0.03386034171894941,-1.1710505271870195,0.0014667970985365079,1.3448908512799387
-0.008444790111548464,0.003510222154051849,0.006423129993274885,0.0013400296736155984,0.014922830939152377,-0.6766733486801912,1.291441982889255,0.9254533924991148
-0.00823400284126314,0.003426076091969159,0.0062540780027409105,0.0014391799938801642,0.0066591240554819435,-0.773437982609276,1.183030182241626,1.0083657010627054
-0.008044247969800392,0.003316236241824672,0.006081302301132998,0.0014925224789849704,0.002087748878369187,-0.8424372647060049,1.0725282656419797,1.062258306108874
-0.007672930127873093,0.003389339529622677,0.005875615933716861,0.0017470081066263412,-0.007891041420665455,-1.0044759422572904,0.9689836308724779,1.2399381217589545
-0.007259236426631426,0.0034296427961250913,0.005594005536149116,0.001972276545889076,-0.010935364705290032,-1.1410130172232729,0.8272904093493417,1.3851275262874145
-0.007459151827243704,0.0033587359216526494,0.005711616475414295,0.0018306905742340761,-0.008355778187846647,-1.068464744331581,0.8804034992998994,1.3019843673025313
-0.007820610222734488,0.0032305903012582963,0.005899704437033825,0.0015641585007559612,-0.0018297514947531945,-0.918058807473184,0.9656202673788249,1.1295094453093488
-0.011810741458504477,-0.0048212371314967474,0.007243960424170213,0.00250160398629237,0.5819617853181568,2.2921612177790744,-1.563019825093468,-1.596505319170319
-0.011793188430568041,-0.004748477438885779,0.007194013795155979,0.002418104647041203,0.5588432137168934,2.2131161114630356,-1.5408181709865538,-1.551443949431652
-0.011681046714575368,-0.004711642979927465,0.007257366172079105,0.0022699901419356576,0.5484555732103845,2.123370879693058,-1.6078543924406148,-1.4723059478153788
-0.01173734256441073,-0.0047316324247478605,0.007227708552670793,0.002346012115639441,0.5542008011870764,2.170421401830317,-1.5755809673617736,-1.5132191664768502
-0.011672811625155603,-0.004654941048278073,0.007212832422166776,0.0022143919363138754,0.5309404098771682,2.0687354433795515,-1.5840556483175894,-1.4428268143744143
-0.013737942611961658,0.016032561300331,-0.004395607528952774,-0.0026879256216254806,0.04381330119578983,-1.293430414617827,0.845429740302488,1.6027342930738826
-0.013349487665724243,0.016977756150477002,-0.004086445084377866,-0.001903265897164851,0.014913258737855256,-0.9440849532655845,0.9180202769216963,1.1583740336436954
-0.013650172901617989,0.016342474232862936,-0.004280529949730571,-0.002420077864434994,0.03311578755964428,-1.1761249864868144,0.8682832620087647,1.4479268362387163
-0.013529044677280616,0.01668395865061213,-0.004156900714343124,-0.0021430455652793902,0.022951517717749007,-1.0542237087568862,0.887206413149893,1.2905252303191326
-0.013301459424933144,0.01737053806746943,-0.003860584522932457,-0.001661160250053769,0.005873824484599529,-0.8359430882231706,0.8796569050384733,1.0161052409188913
-0.013118445968300469,0.018074508964741248,-0.0035050101073684425,-0.0012708125976111497,-0.009828809911602643,-0.661209013374222,0.8267191974162686,0.7943429770128189
-0.013351243577014227,0.017751494441436547,-0.003596728247162151,-0.0014760091249932542,-0.004464678694659639,-0.7575248594213038,0.8153566950016342,0.9075450769182668
-0.009081986384139236,0.022685086610698003,-0.0013206739287681107,3.409552256526227E-5,0.049400851670734124,0.08761163445741828,0.5198925017336795,-0.057165496204021796
-0.009803253899138855,0.021952942507828498,-0.0017275389013204662,6.388104828715411E-8,0.012838130087799044,0.04540956859267937,0.5634091864380767,-0.010144025055509964
-0.01075729886960803,0.021176333874550448,-0.002132509998547268,-1.2025340532054514E-4,-0.017085888370546125,-0.05524774992790347,0.6213844707273632,0.09850698426131127
-0.010413187774420976,0.021781016976263376,-0.0018129351120628637,-5.660008350321238E-5,-0.008773870975968755,-0.014189124836161245,0.5756422223772655,0.05070476009861304
-0.011385923723921918,0.021167193941787454,-0.002088652883781317,-1.9867967158213314E-4,-0.03476539951779727,-0.1295579762550261,0.6067202473676181,0.17279763278476187
-0.009642312410924324,0.02384712949640992,-6.918360510896781E-4,1.1700430616186371E-6,0.026040248959218193,0.03475307205535025,0.5184962097935851,-0.004887919506301432
-0.01019884633779643,0.024999999999999998,0,0,-0.019638217355189985,0.035681466032999765,0.5703267520300301,4.059733348600115E-4
-0.011772611304123281,0.020448929066403297,-0.0024424769400666207,-3.393328516579102E-4,-0.034802531674731775,-0.2062253888590928,0.6634063306798841,0.26070368215115014
-0.012259226290348816,0.0192913711803484,-0.0030332473427403385,-6.560227853384243E-4,-0.025581364577105976,-0.3584155042401144,0.7801766261526925,0.4429919710901191
-0.012144847635562967,0.019936486247248385,-0.002673047470133842,-4.902123065876325E-4,-0.033827999915090896,-0.28832475981718353,0.700781700494171,0.35374218691564047
-0.012889115776606924,0.018678899616779206,-0.0032224305404159955,-9.81155901912039E-4,-0.019959435675403054,-0.5289230402331925,0.7834508593372576,0.6335354992469338
-0.012702924968207394,0.019107138388918938,-0.0030245582545319607,-8.032176376244745E-4,-0.025970209615472868,-0.4472413378734629,0.7511059906582614,0.5353206894196698
-0.013991604301981498,0.015917718045293468,-0.004243109271029826,-0.002829132033720741,0.04532186526765128,-1.3434302382136674,0.7267526623625392,1.6459264626706975
-0.01413890842831533,0.015006305298936703,-0.004524818483805255,-0.003729678149257743,0.0853902366129664,-1.709820118309606,0.5714001434738578,2.1526224912485916
-0.014061557379239562,0.015183215489921117,-0.00453374463633108,-0.0035373508420459667,0.07674416930187536,-1.6397319231275094,0.6434085959671602,2.0591142391888706
-0.01406582492163566,0.015643222561138415,-0.004314841718592023,-0.0030830842708626342,0.05565757963095575,-1.447118273527354,0.6809123799177083,1.7841762146603213
-0.014100386127276971,0.01538868862663869,-0.004401712455461489,-0.003329759726303712,0.0674228876815347,-1.5474953558563527,0.642939832344756,1.9250765988989793
-0.014338496588044918,0.014926994806790023,-0.00433635196991678,-0.003809872175704857,0.08391640112362836,-1.710477684244479,0.44094598557054226,2.136592757671114
-0.01434738264321954,0.014699493667145186,-0.004396314847290121,-0.00406215691962926,0.09838873881746447,-1.8044941920693238,0.37872949322149146,2.2775345441108183
-0.014475827438552117,0.014544806941177164,-0.00428736619213944,-0.004221232573107532,0.10435014655285045,-1.8357405553295916,0.260349114725319,2.3144397689838505
-0.014606078318568026,0.014432370618480446,-0.004157984918575484,-0.004323351833322861,0.10644035228856343,-1.840021959825198,0.1511293162511198,2.3150250902597485
-0.01469019958174899,0.014291900415984073,-0.004079045964939632,-0.0044627365331106,0.11095818645868298,-1.862587704226616,0.0539186461420259,2.3478097207810724
-0.014823678704037176,0.014006803373602423,-0.003935620950791969,-0.0047484734222752725,0.12369100070919263,-1.9039588678162558,-0.13783899769565863,2.4171229383154063
-0.014778332740380904,0.01415918946217281,-0.003986322022036353,-0.004587785733773845,0.1152768720062133,-1.8747864423075116,-0.0454486180340791,2.365993412483395
-0.01495748961134655,0.013951034475431853,-0.0037791118259100655,-0.004755420507241286,0.12097399725909816,-1.8598002398864684,-0.2221903917039519,2.3521663309758796
-0.015018383748798471,0.01379410504561979,-0.003696487614773955,-0.004905483373816318,0.12835403719172522,-1.8714374384898318,-0.326845393158111,2.377224852726154
-0.015129138776754286,0.013644694492213214,-0.003549141740953512,-0.005014797796263375,0.13127889172421472,-1.8478122889663668,-0.4470860439375099,2.3525039086598905
-0.01519724531028753,0.013501515192025788,-0.0034435002926187885,-0.005133523369125085,0.1353003388230749,-1.8358490396324159,-0.5504295865915892,2.3481647319365018
-0.01525644816416567,0.013380743247949241,-0.0033465444083917695,-0.0052280440314833795,0.14133125679398342,-1.8185470212071828,-0.639157475487247,2.3374743632060415
-0.015243469426709158,0.013235929267865775,-0.003315826516628816,-0.005396761008988524,0.1473357295370676,-1.8416731024242574,-0.7279316256307845,2.388568594760048
-0.015272559063356277,0.013089702665322063,-0.0032295995893813108,-0.0055359678361202235,0.15565265444917492,-1.831816585568258,-0.8323829782971061,2.397261553651206
-0.01537119949279227,0.012983065629673787,-0.0030785951380849635,-0.0055707765066099766,0.15341916262027955,-1.7732230232102226,-0.9181172531415992,2.3261594564805628
-0.01552715872054825,0.011859501133946904,-0.002177603447295079,-0.006497282421001707,0.19535716548802798,-1.4385379316132372,-1.7340647893446428,2.1109921808493173
-0.015513984028472956,0.011993925018924656,-0.0023045805415536206,-0.006398637371456745,0.1901995215593382,-1.5013417835323364,-1.6370509590427604,2.1600746878986254
-0.015523703456923381,0.012162260163772977,-0.002430443423156379,-0.006236874912167788,0.1824830686731853,-1.5523908569133398,-1.5086264532852915,2.1824046714907914
-0.015525648439442239,0.012328681797090377,-0.0025501209814583147,-0.006081116763068464,0.1752286263388241,-1.5963415115078428,-1.3853441629328456,2.201356909630071
-0.015494055646196304,0.01249769397295385,-0.0026923979787066535,-0.005952609078090542,0.1700846782043045,-1.6516983882116627,-1.2655276110409266,2.2422207715125033
-0.015461206188109797,0.012664937700941315,-0.0028251139420489156,-0.005819436081234469,0.16406662345866943,-1.6978869789052826,-1.145551369854535,2.2730295477086098
-0.015423258392450564,0.01283087835625958,-0.002952317462632644,-0.0056853275819334055,0.1586167892217879,-1.736652856338911,-1.0270566381534498,2.297554792589679
-0.015586698987949855,0.011670844400701678,-0.0019578936336945747,-0.006570627497458514,0.19471167446606932,-1.314133097114443,-1.8487559266208589,1.9851648005193783
-0.015624229415989092,0.01178013738257683,-0.0020288249297884184,-0.0064381008906330235,0.18741922033934164,-1.3444878619502907,-1.757642201364556,1.9856986821076987
-0.01569232587958328,0.010914888410245242,-0.0011034020103373528,-0.006879034122782718,0.1983060569851843,-0.7820550548320717,-2.258456033154899,1.4778375580107717
-0.01564843823598354,0.011573193736589087,-0.0018201004282281553,-0.0065603007070836996,0.19037399993590373,-1.22869430669993,-1.8896516471286036,1.8842322721200908
-0.015674928788285643,0.011466603086481505,-0.0016986293064907333,-0.00659772683388683,0.1909560226257506,-1.1561902879862682,-1.9470994742135328,1.8115835850441593
-0.015657054084705975,0.011336423704992726,-0.0015789149472556527,-0.006705993349006555,0.19600452581220315,-1.0874201914007324,-2.0395109951839534,1.764276759665272
-0.015662246721027572,0.011221523130528075,-0.0014556970793134867,-0.006767412610798848,0.19756416764190682,-1.011687293191958,-2.107125289181323,1.6970820071115058
-0.01567345292430884,0.011108410188455573,-0.0013276387034896248,-0.006813505533977695,0.19802095063210914,-0.929942074698558,-2.166573854325653,1.619666270164313
-0.01568037320253371,0.011003757255423992,-0.0012087016477761797,-0.006856043932970323,0.1985416486021607,-0.8526590743202852,-2.220080039093063,1.5474813413647566
-0.01560571762380049,0.010157224966546145,-2.047531240259511E-4,-0.007217263622270501,0.2088721343343262,-0.14622785964805154,-2.6158072685884215,0.9219758019240117
-0.015572435999749218,0.010039600286383975,-5.442917858152192E-5,-0.007277907854397885,0.21224698544813617,-0.03402021769186494,-2.670515498837222,0.8298910138936345
-0.015629681386927927,0.010086020251534952,-1.1264054773532574E-4,-0.007181777803468031,0.20511068496867,-0.07660734319220452,-2.6077794611297596,0.8397707526902186
-0.01541984413632219,0.008894900425824854,0.0014583729173531096,-0.007183371490086394,0.21496208990276916,1.1304890978470101,-2.666956074778489,-0.30399454028614764
-0.015472052976913158,0.009116642950922842,0.0011598995011957664,-0.007222202989220145,0.21161406663552085,0.9001265365831036,-2.7007474634892596,-0.0828427020436129
-0.01548689176138722,0.009052388393792224,0.001230869500919192,-0.007165686590630867,0.20885990902119742,0.9526049589298092,-2.6640002471083832,-0.14967994110798877
-0.015491906668216244,0.008987472108959471,0.0013060208685843732,-0.007122950075123327,0.20749537045068145,1.008598506739747,-2.634950670992034,-0.2145676336915697
-0.015479038083355344,0.008932800560519552,0.0013780675077916546,-0.007112332666856387,0.20871580988495256,1.0637412184352777,-2.6254934059570205,-0.2678252234065714
-0.015466514844331418,0.009276182165399008,9.620613556829352E-4,-0.007303752343983738,0.21465528357492383,0.748836046596271,-2.7519942872220664,0.08442186753932412
-0.015479461207896662,0.009329589310139063,8.886254785146515E-4,-0.007303436241206664,0.21350879924365143,0.6918706591615464,-2.750836719298738,0.13737013711197688
-0.015524816140165994,0.009162939955140708,0.0010779893224742733,-0.007158910157046723,0.20592420674523426,0.8338186124414618,-2.6624030719563057,-0.04343466649072939
-0.015498623344143187,0.0092270643111864,0.0010105102549122927,-0.007229995884450154,0.2097612553704893,0.7840643125570205,-2.7065812590765397,0.026283508133726433
-0.015583061827699411,0.009968688291671121,3.752809575322126E-5,-0.0072597448371485756,0.20938049168833825,0.03543234241818732,-2.670693724428251,0.7542283494386756
-0.015563214585094695,0.009920499624508833,1.0106012681917658E-4,-0.007291070157663178,0.21184500297885905,0.08383989524903795,-2.6958587830752334,0.7171505597238531
-0.015573472574762243,0.009868946324532432,1.67394006967159E-4,-0.00727047528312003,0.20960200882719662,0.13452517248523557,-2.6903413019871696,0.6599529776595644
-0.015542881272582689,0.009741891218755632,3.3648934499403994E-4,-0.00730713381047837,0.21206865991967047,0.26384744356385,-2.7268355439130825,0.5460450803569684
-0.01556537137065002,0.009803496379091893,2.532206620632139E-4,-0.007277620484846175,0.21020469362690317,0.19997358397245768,-2.702399869139495,0.5980758246058483
-0.015502019432520407,0.009537102039027866,6.127199032827025E-4,-0.007333130798781894,0.2144797944598745,0.47758237733573167,-2.75996390097998,0.34957712764094295
-0.015518857054927226,0.009593654559177921,5.346483394397707E-4,-0.007318974583999438,0.21289805024627736,0.4171074702652255,-2.7473760191201264,0.4024787889493386
-0.015585080125695054,0.009680760500984792,4.0843417140877834E-4,-0.007226483740349822,0.2057299913112634,0.31857516381612133,-2.684221596226199,0.4652071391093563
-0.01557437961033454,0.009620673036145453,4.873929959119047E-4,-0.007232304369181449,0.20673642576537152,0.37904999309341425,-2.692531332641178,0.4087760592474615
-0.015520066824766835,0.009364743983548777,8.28885129271959E-4,-0.007249060514986055,0.2092597730374857,0.6434164416753148,-2.7164360180134364,0.16366587075758965
-0.015529247978226607,0.009474884437131511,6.85467661250069E-4,-0.007269916182700604,0.20993360414994863,0.5330816820800744,-2.724805588783458,0.27492930368253704
-0.015553042531327868,0.00941523624977685,7.537681340894269E-4,-0.007212035412203227,0.20562585051565652,0.5841747590081068,-2.6921221459887263,0.20684617214226134
-0.01570120910462777,0.010597050207101482,-7.31315924912093E-4,-0.006981784341300624,0.19867554211932453,-0.5252835927630155,-2.3957142705415495,1.2357885314593722
-0.0157138159664008,0.010507901015936192,-6.217255774481662E-4,-0.006985970167120297,0.19668653641719946,-0.4471177968788,-2.419110759288827,1.1549728523621174
-0.01569327265368556,0.010418660464597633,-5.187760415300953E-4,-0.007038511157768645,0.19921374732037148,-0.37467055976200286,-2.466523195218238,1.0964709638795995
-0.015657420997913254,0.010343673132664573,-4.3347994798082667E-4,-0.007109824535615602,0.20363432471109957,-0.3135305060951114,-2.5203963969690473,1.056797620724641
-0.01565393702110756,0.010213658628009346,-2.7184778512837857E-4,-0.007133253262220197,0.20326193878211227,-0.19532274860875073,-2.5585377731034167,0.9433891929047248
-0.01568267122494161,0.010277810167614561,-3.482222139526973E-4,-0.007079238422602297,0.19951545388799335,-0.250539225238245,-2.5168025173972746,0.9820938713884159
-0.015735288809796667,0.010842356473861238,-0.0010036079295399644,-0.0068448033185459995,0.1935223259127051,-0.7111493045412031,-2.264117989670656,1.3914413863230994
-0.015780054132244228,0.010748135331247223,-8.809568239340262E-4,-0.006812895577503011,0.18734881818740126,-0.6253445957054801,-2.274070593879912,1.290138222063378
-0.01577031813647774,0.010651597444000202,-7.741808308005207E-4,-0.0068591251756943365,0.19051757408083753,-0.5515172237203227,-2.321146501104251,1.2262139777437389
-0.015446191641172719,0.00882213027780456,0.001527433799929196,-0.007096330449772682,0.2111858804094703,1.1783318413965878,-2.607759924979598,-0.37541245528048034
-0.015356039486452417,0.00871682553311777,0.0017106070880329243,-0.007165724491598651,0.22137435184253945,1.3261424783906428,-2.640782204291886,-0.48235477313668534
-0.015340218169659792,0.008657942486191405,0.0017900553517272099,-0.0071473526848982215,0.22312517599396986,1.3860984020144334,-2.6226675479356527,-0.5407758707741428
-0.01545229104825908,0.008763979343384303,0.0015901855576269468,-0.007049098205371286,0.20970678755984912,1.2233710721279925,-2.573906614777591,-0.43063412157213643
-0.015419271957275858,0.0087245715566923,0.001657361208636929,-0.0070731534661453545,0.21388020083422984,1.2770401209531723,-2.5846681399577873,-0.47014315146612395
-0.01535847024411338,0.008603012726754056,0.0018383833106011339,-0.007077913567888837,0.22033172118834207,1.4178543779258141,-2.573352363048837,-0.5910704371734226
-0.015295389692668047,0.008319848926934548,0.002193682189089221,-0.0069367917953859,0.22741865819881027,1.6761365731346907,-2.442459274914413,-0.8562076767661683
-0.015285765192365117,0.00836599391112646,0.002154542679711583,-0.00699156223581055,0.22849495668171427,1.652475361651208,-2.4836710958994623,-0.8191232885287227
-0.015293509965742223,0.008504145094944543,0.001999582153172169,-0.00709792202939046,0.22780057203214096,1.5444243940016238,-2.571258281762766,-0.6933817606305942
-0.015303680037649101,0.008423522119120206,0.002078355622296714,-0.00701510292269402,0.22611205363047798,1.5966660816569291,-2.5081111425608893,-0.7645333354806712
-0.015363645855558028,0.00853963473347621,0.0019042472073194751,-0.007021103909618437,0.21945113504954875,1.4633813097486144,-2.530275538047625,-0.6487530562553437
-0.015186462831866119,0.008198939885691377,0.0024178023968706394,-0.006979095986179668,0.24121832752454822,1.8527051813712248,-2.4409284974500616,-0.9897829928424667
-0.01524870554809555,0.008232039730348188,0.002325055729508058,-0.006922771064308536,0.23305795675922156,1.7743858986412953,-2.4158465186998472,-0.9426518400980619
-0.015305918942911468,0.00826877120505856,0.002235749146332361,-0.0068760104101082825,0.2263068872650574,1.7008774972838552,-2.396860813745631,-0.8956294477602489
-0.015094695284670683,0.00800993487667169,0.002694996110126814,-0.006912083858314529,0.2541446288559639,2.0544242447442076,-2.3521373212539363,-1.174688251754317
-0.015152163829552758,0.008040007972789804,0.0026061388506469444,-0.006866080168260988,0.24643844825127356,1.9798311041074046,-2.33560381885582,-1.1282742494730031
-0.015050432138695084,0.007844371529986394,0.0028920471040127242,-0.006787073907930377,0.26147331499615095,2.181701997634572,-2.230980319346818,-1.3132304523346408
-0.015084239128141746,0.007944788927102561,0.0027660438446456856,-0.006855270521336631,0.25578555561592137,2.0987711839565155,-2.3008570534845982,-1.2273574567412744
-0.015100644714789066,0.007877113821718478,0.0028076370980707525,-0.006759342942286424,0.25439512075023424,2.11350310123521,-2.227955924287635,-1.2670831158656277
-0.015197243876805927,0.008138360093109547,0.002466836064087708,-0.006904267168023791,0.23964410554984614,1.8797253855688723,-2.383010727940288,-1.0352627841549873
-0.015209990990743947,0.00807577902883927,0.002513665811611965,-0.0068243969617295544,0.23853895648427578,1.9035689233748523,-2.322002927085762,-1.0789045097114407
-0.015053026480468216,0.007786794432221225,0.002937481075208697,-0.006718069109280801,0.2618444816149743,2.2024363367729847,-2.1749090201750474,-1.3493708513354805
-0.014995122082339217,0.007760045204850235,0.003026879229300922,-0.006759341221468536,0.2703791137025738,2.277210370322262,-2.185806772363939,-1.3961315034935489
-0.014986485522915764,0.007700109824158915,0.003085407455361202,-0.006698727882693717,0.2723143536705488,2.3084109436913463,-2.1318551775934336,-1.4375387887588937
-0.014916019855596466,0.007551157991350294,0.003284212371860587,-0.006599696152791593,0.2846363442834426,2.4330845024709764,-2.0203679763909146,-1.5604214772925005
-0.014986764810487385,0.0076352919581033395,0.003135190917959678,-0.006620583465542103,0.27293424552678625,2.328556849147763,-2.0674264213548352,-1.4746881399317422
-0.01497757522466958,0.007568717892665215,0.003195541108439413,-0.006550703268322417,0.27492669944642373,2.3571404831324245,-2.0064566150820204,-1.5154225324700918
-0.014848740022774037,0.007439708715172341,0.0034472071181271785,-0.006532939531228458,0.29670035238951725,2.535784738362454,-1.9358190584850787,-1.6555810008988348
-0.014900140414018643,0.007483011588987324,0.003352018854439965,-0.006531798620817223,0.2875040147672178,2.4662629086790324,-1.957736920252566,-1.6035653069370641
-0.01480841806325921,0.007336369604953286,0.003565934278948948,-0.006440366889186451,0.3042040256800354,2.5968620152328694,-1.8424693660487317,-1.7244754220984189
-0.014849022015434154,0.007372757160497214,0.0034900580135940116,-0.006445600404780477,0.29705983357771126,2.5438506135521526,-1.8651664881572108,-1.683771649288573
-0.014792164500242322,0.007289908816938455,0.0036152539184763255,-0.0063952556161505,0.30749188158615054,2.6197564348985907,-1.7986721550010827,-1.7524728834263021
-0.014772505412159784,0.007232060807950278,0.0036746311567950334,-0.006337351662782486,0.3111787669292179,2.6454132955372462,-1.7433378567168578,-1.7850929527110981
-0.014745031291753705,0.007169026628997079,0.003745752891402338,-0.006278676384387382,0.3167016256242308,2.6780624654874683,-1.6843557656692627,-1.8224470581898617
-0.014680606784925552,0.007128064947545707,0.0038552851167485583,-0.006282598792974339,0.3283529237435832,2.7564502267043696,-1.6566633274543283,-1.8781131280288696
-0.01453373293593034,0.006997447211409788,0.004125013616725188,-0.0062258201831347235,0.35644065385921125,2.926989184630979,-1.5396138720564945,-2.0110717524269113
-0.014642387560262794,0.0070757809771924435,0.003934119321580523,-0.006244052942696972,0.33585289654200623,2.799137095985077,-1.607887472904924,-1.91723239627593
-0.01459351661302437,0.007036153952534419,0.004021704863203904,-0.006230744474353143,0.3451727001954609,2.8560952457962148,-1.573469622839359,-1.960425184225002
-0.01454675523253964,0.00692901443849788,0.004133335037339105,-0.006115423296418092,0.3541957303824513,2.8934280540490067,-1.4614131995237916,-2.01081785649026
-0.014517542566167007,0.0068751708912138665,0.004195642987239822,-0.006060231982606488,0.3598976416733952,2.915751077534488,-1.4050259669498846,-2.0372832089254453
-0.014456844368629061,0.006793859270799419,0.004311359697783539,-0.0059862739157389745,0.3715925581039321,2.966404363721965,-1.3187898236460944,-2.0861237090838567
-0.014518671478476781,0.006822675585956237,0.004211948911893633,-0.005983223446616403,0.35952412995104316,2.8984189436119645,-1.3485754761240871,-2.0399746726975287
-0.014385022844087346,0.006717961615537162,0.00443935791237715,-0.005923228201557486,0.3856349378525516,3.027456718218802,-1.2347539167724575,-2.1387233924622016
-0.014368601141254114,0.006671087985995925,0.0044753778795187955,-0.005863807028244623,0.38844024150820955,3.026752943785146,-1.1836549947703998,-2.148436229318963
-0.014448560997744888,0.006734070812196547,0.00434094215164146,-0.005904166635935191,0.3729587670910024,2.9537201285183614,-1.2549718555037377,-2.092411448239842
-0.014321706260477764,0.006638906246570257,0.004552918661854301,-0.0058446635961608,0.3982465712782791,3.070253539169752,-1.1444830485341717,-2.1806358682416564
-0.014380070152735114,0.0066313348662640215,0.004467278884448816,-0.0057974894443181026,0.38559866910616236,2.9934398038099403,-1.1434500742529383,-2.1371665532810797
-0.014289739412644126,0.0065754766214432304,0.004613201476631624,-0.0057676552333717455,0.4036815593026231,3.076431893076791,-1.0733068271421848,-2.196927612969682
-0.014255052478614146,0.0065163605248261995,0.004674820125752789,-0.005697420030811606,0.40993820326962244,3.085208160799759,-1.0063667760162405,-2.213150845267387
-0.01423936422435771,0.006439480353163698,0.004707876157788998,-0.005589792886216837,0.41098723107060325,3.0573594960043327,-0.9272218152437773,-2.2099324276604992
-0.014142310704583275,0.006368695123504357,0.0048598242676971,-0.005527635910562763,0.4302166536215868,3.123925173458607,-0.8319659732201526,-2.2605618904600706
-0.014217135364822907,0.00637262774215708,0.0047471762554031635,-0.005500613091266674,0.4137924613801954,3.040567185724141,-0.8582577131981736,-2.210484969850396
-0.011127798149752885,0.0044721998271892195,0.007419117980189329,-0.001478077274720003,0.4496109093070942,1.5853666366385382,1.820878409422604,-1.022578341752275
-0.011396517167038999,0.004550742983732016,0.0073257321400692086,-0.001836844794882605,0.49176184761744995,1.8239710535891174,1.7132902821522702,-1.2329720774950916
-0.011189204361217092,0.004453965794275887,0.007366795564066023,-0.001539492000828412,0.4497462116948531,1.616954505127175,1.7761164267476364,-1.0617732316265123
-0.011242362127568616,0.00449184188709644,0.007370702895296636,-0.001623428126358861,0.46440375851041843,1.6794484462488692,1.7699895559059535,-1.1099069642983308
-0.01132034131264859,0.004521090191463192,0.007348982013383131,-0.001731103615006408,0.47837002000807766,1.7526903184776044,1.742261356190827,-1.172435841818803
-0.011480565158755743,0.004548089613402325,0.007264132918741382,-0.0019276305543900645,0.4946400102038257,1.873475542491721,1.6579114978737912,-1.2857385604297615
-0.0114475764777326,0.004491471559782448,0.007236161966541535,-0.0018519322674579268,0.47699987561126267,1.8107359866397161,1.6470881587799884,-1.244854519994071
-0.01154754816119355,0.004559388902485492,0.007225103830194334,-0.0020078569502258053,0.4998288901144438,1.9211382926037042,1.6201530662423311,-1.3307967634325006
-0.011723245765294973,0.004685536277201281,0.007198296252375101,-0.0022920108433185614,0.5399552172286127,2.1214332793678525,1.5625790015399232,-1.4846067583054248
-0.011608114695111794,0.004592681822055574,0.007208698050449367,-0.002097107616271987,0.511313068529257,1.9818166001763444,1.5970105895363782,-1.3797954573622162
-0.011671213835364673,0.004629551287707168,0.0071914225672866485,-0.002192040133683571,0.5231135374235979,2.0461607341812953,1.5720865063422809,-1.4310968363744327
-0.01280312486194455,0.005236476948423019,0.006460830298367331,-0.003763221206268759,0.5890991006638849,2.9112007374645654,0.7597112268216288,-2.141759781149071
-0.012517087015918313,0.005104956417033451,0.006727147908467529,-0.00342262741789019,0.6033187092486149,2.7817484009901605,1.0219065808878514,-2.025077251542188
-0.01257581560252267,0.005101183485009358,0.006653530635770656,-0.003457938789439522,0.5932248337524082,2.7762782954380287,0.9662651546687161,-2.0319039428558923
-0.0126311553994568,0.005107522755936251,0.006590743964105419,-0.003501279519604648,0.5863454377400041,2.7809576279297157,0.9157659035800275,-2.0431448644326187
-0.012701948912008236,0.005200079832022989,0.006566244719479248,-0.0036595977712621233,0.5981671621527903,2.88426159138735,0.8548563607482765,-2.1126198514588936
-0.01266933116605331,0.005144306833121587,0.006569062556477338,-0.0035701047489551736,0.5895762205039459,2.821240544804439,0.8831977628590802,-2.0718306683716405
-0.012776318936423276,0.0051918175948737445,0.006466383348203438,-0.0036915536189079906,0.5830183830875505,2.862623207824223,0.7855253665309395,-2.110425911537901
-0.013099136753821529,0.005353408084290847,0.006137730128301082,-0.00404939991949873,0.5565977771386845,2.958893799319238,0.4794797183611567,-2.200174853884142
-0.013046681466594441,0.005331373390057952,0.006196410893934793,-0.004000323906827203,0.5629295740900523,2.953293064555608,0.529217107020589,-2.19247244826091
-0.01287981776069208,0.005275197015516028,0.006385241291883036,-0.0038527906651480773,0.5838126117919215,2.939548840267925,0.6866380644296867,-2.167305195599226
-0.012851281849284458,0.005239432651813645,0.006400369120341866,-0.0037920176015219824,0.580226702213368,2.9038278851030204,0.7151716132062321,-2.1434558947617077
-0.012991443744757953,0.005306464769811145,0.006256228539489854,-0.003944794821838931,0.5685846586810696,2.9432541141709514,0.5820621864880512,-2.181411888326803
-0.012933769018501035,0.005282340970720099,0.006318586803647673,-0.003887651837914044,0.5747881188837383,2.9327607096760997,0.6365260823976308,-2.1695467753606237
-0.012139330883180597,0.004877527705023002,0.006971980417261428,-0.002869996748873935,0.5813053330309129,2.471074719080842,1.308867923772514,-1.7771908875950513
-0.011794170337109795,0.0046677721187253045,0.00712199246152867,-0.002348402790414019,0.5338155446656979,2.1394368804936477,1.5009757858107147,-1.5141509057357663
-0.011846338506757037,0.004695407402203333,0.0071001267147245304,-0.002423775657285573,0.5412611610208026,2.18749762811481,1.4743187735028582,-1.5533922020598006
-0.011899249168476013,0.004728656118622655,0.007080935418937202,-0.002504825575963166,0.5496385060047954,2.2404790326530706,1.4481477231754607,-1.5952056493837004
-0.012078564542510427,0.004832076979540073,0.0069962234702205675,-0.002770059577165291,0.5718788407457271,2.4061506074434855,1.3443175927540543,-1.7279888345136578
-0.012027197451401435,0.0047908198285037396,0.00701258191029456,-0.002683028349888596,0.5627238298881448,2.347933777030274,1.3712055731457446,-1.684389845385611
-0.011961691218498547,0.004762848345690385,0.0070519615378303755,-0.0025957461471851195,0.5576488942981593,2.2975165336651977,1.4131287938766375,-1.6413812974577924
-0.012482673587032667,0.005057064387322669,0.0067326082354130035,-0.003341395960405239,0.5950548016740608,2.7242141894230696,1.0465156987203421,-1.9867462178801374
-0.012243521562902118,0.004956054236955244,0.006925519144556809,-0.0030422154135185922,0.5954027659337812,2.5807791136060154,1.2419546369606496,-1.8602916831109795
-0.012217228794008354,0.004882994170692702,0.0068950005011033004,-0.0029419809769925804,0.5762471089468982,2.495925601750224,1.2432624922516116,-1.8078713818667642
-0.012190170834634468,0.004829665150594177,0.006880803311252593,-0.00286385699732931,0.5627234381456978,2.434298236745301,1.2492510442872122,-1.7684001768090032
-0.012319682271718702,0.004959356650648161,0.006844454437694118,-0.0031075741655953375,0.5877582954016853,2.5976425637097673,1.174397200339252,-1.8852252362440913
-0.012437135532100784,0.005011087996951929,0.00675129712539041,-0.0032551260625564237,0.5884013355169965,2.6686740969248084,1.0799437120463995,-1.9472775198773677
-0.012381812934158435,0.004978076862800877,0.00678941438903588,-0.0031764590431706155,0.585944325033271,2.6265684124545228,1.1229119442009232,-1.9134918334891982
-0.013970075427140004,0.006205700428357532,0.005122345921335098,-0.005341020743970668,0.46211796632883706,3.1929810165946644,-0.6166174484130399,-2.323229262631958
-0.013952702087145902,0.006151855994676915,0.005145085808343791,-0.0052636989751465935,0.4629064640881703,3.165583018572479,-0.5623617826196731,-2.313279066608109
-0.01402322218500706,0.006220502543955647,0.005041963034670607,-0.005347185390265166,0.4507517473902137,3.146806808982142,-0.652833197249406,-2.2943499582630573
-0.014127112448384271,0.006293929677462057,0.004885582062465672,-0.0054210253856081265,0.4302735716846814,3.088012312854553,-0.7580278126692742,-2.2500482948977054
-0.014072422185749212,0.006249541270032352,0.0049681786341632785,-0.005374551934551085,0.44067921625830736,3.1154955589014808,-0.6982360315392467,-2.2721987166088495
-0.013877320838991868,0.0060930396503538,0.005253837200086716,-0.00519229728211443,0.47665313779058677,3.1921791494012672,-0.4765773806717943,-2.334828566756474
-0.013929354199367012,0.006108542946404279,0.005176568855569064,-0.00520402942386111,0.4651991289520911,3.1524294517143514,-0.5154283185698519,-2.3100097288708703
-0.01377954246225255,0.005951003299776363,0.005379058739143127,-0.00499391259109269,0.4883603451770884,3.1536241838340415,-0.31384890978248275,-2.3235898618359223
-0.013816129217796402,0.0059901823451463075,0.005331220458578454,-0.0050477357845328035,0.4827568374978625,3.1566705243319184,-0.3631509845105844,-2.3226971512485908
-0.013856283653978028,0.006038810090387229,0.005278428687687061,-0.005114230616245017,0.47736651019441645,3.163353669667734,-0.42237719352759723,-2.32284660021681
-0.013768729042027174,0.0058996002029836,0.005384917133301051,-0.004918589425350838,0.4858623243319647,3.1139606953705976,-0.27177856720240046,-2.30372155818886
-0.01315128839508589,0.00537793935189481,0.006079826257516599,-0.004100253526998408,0.550707352180425,2.9654755433038904,0.42961689383072627,-2.208039215883137
-0.01338188940717214,0.005653559101733389,0.00588023646474642,-0.004544735401594915,0.546676030405851,3.157627756972441,0.1426538951752168,-2.3297204045494624
-0.0133572737316163,0.005611029268474818,0.005898521006010832,-0.004478853507208087,0.5458618503834498,3.1241330164737637,0.18157452597621349,-2.3101816290886394
-0.013325523864067606,0.005555510034379294,0.005920534160200727,-0.0043932153590721945,0.5442377622444113,3.0796477540962734,0.2299197777356714,-2.2838446660509963
-0.013288863731235258,0.005500743241871727,0.005948292154368484,-0.0043079142753795025,0.5433523984130079,3.037980356367411,0.279727142936818,-2.2583892902516585
-0.013200478040414266,0.005408472106700694,0.006027840446315761,-0.004156999047472367,0.5459822062350871,2.978056767346065,0.38076521883728814,-2.2187360067077617
-0.013248344586370168,0.005450062921063481,0.00598167454871766,-0.004227400382383249,0.5433835603307672,3.001821908430587,0.32935875546401844,-2.235424105052769
-0.01360594092369202,0.005845598194458074,0.005614346867837093,-0.004846754165655735,0.5188524866279504,3.201170321725479,-0.1307301236749389,-2.355146929964881
-0.013555536699730938,0.005795635348317588,0.00567481015454392,-0.004771297144451768,0.52493591050177,3.1887268637518824,-0.06464382713321572,-2.3491458087981485
-0.013516855111546239,0.005738769440609469,0.005713678582432932,-0.004685054390232027,0.5268357441559405,3.1566793175731243,-0.004411394475951306,-2.331753021022516
-0.013426391125708325,0.005681305398705658,0.0058260493242028024,-0.00459171913522322,0.5403643817802252,3.15883729223609,0.09429990216131465,-2.331628676782746
-0.013484359945887928,0.005695604066284118,0.005746501079238043,-0.004619131785994522,0.5281496070937779,3.133081474207335,0.042653392888033076,-2.3184013371270864
-0.013676600184681262,0.005840301106381622,0.005507611793751582,-0.004837232953749709,0.5013826935132069,3.1352521944967044,-0.17529643239129936,-2.3185517356136374
-0.013745450734243507,0.005847764704663819,0.005408088661650029,-0.004844357428730809,0.48611757207029155,3.0843350294755436,-0.22381578943570588,-2.2891941047921684
0.0065588500886314014,-0.014079848090867306,0.005854080090590367,-0.00494317967324941,-0.10727726371409356,3.4444581137447243,0.10020039477065089,-2.50066509939915
0.009212534718889807,-0.015352131038177258,0.007468016640592338,-0.0010951531083856147,0.18203591109529513,1.7536313884053207,2.6029438530726705,-0.8349339268456061
0.009224463442256671,-0.015394741861807103,0.007401032149706233,-0.0010597136026759544,0.17491854444475757,1.6978215960058833,2.5722476225203312,-0.8073389266504785
0.008915874813093154,-0.015234970258405213,0.007499495471213685,-0.001550032212468756,0.18609083321788455,2.1267576459601867,2.5008091288909724,-1.1555080509448847
0.008952676165654897,-0.015259988226353436,0.007481044016673014,-0.0014862618307824318,0.18393777353478832,2.067943049161236,2.508513532971092,-1.1103594271080288
0.009166051311695981,-0.015347144414161303,0.007453978202889177,-0.0011587866601839721,0.180523108938724,1.7978124480483,2.579370912569191,-0.8796615037775731
0.008994577990773512,-0.015281078242304971,0.007471398589798725,-0.0014190061569010696,0.18257330096102853,2.0104361597428766,2.5217730305182067,-1.06308142528926
0.009042935974315169,-0.01528167158534117,0.007499172031695561,-0.0013556272621276053,0.18606648175098137,1.9728155127582656,2.555138599276196,-1.0203768709805259
0.009116719200897513,-0.015340854341031919,0.007439347443263157,-0.0012264815323939967,0.1791206675803887,1.8447000467087664,2.5540843618868205,-0.9267286020910096
0.00907419042485846,-0.015318821358009403,0.007453706571560523,-0.0012937138545145012,0.18085221533556053,1.9037596348391983,2.545158259558873,-0.9745990295148886
0.00888107981204788,-0.015261168960619928,0.007432252017415957,-0.0015770073369418107,0.17846062599219478,2.117236189928221,2.4540273139454456,-1.1698316369157487
0.008647834499913704,-0.015163338579305493,0.007419880214240425,-0.0019399748534585162,0.17542613427765932,2.395893189748648,2.3319040644072047,-1.4129404417986582
0.008681231416376122,-0.015189593844471529,0.007403971414679483,-0.0018780849179167072,0.17384741878112422,2.339890898095643,2.343661218366329,-1.3705916366437594
0.008717967614758288,-0.015222623915737981,0.007378733045316709,-0.001807538218510993,0.1716937366007054,2.2726522972575065,2.352286606452369,-1.3214474956663367
0.008772741433914473,-0.015233073254352037,0.00740265772476012,-0.0017324258043894308,0.17440748712409568,2.2252697281388403,2.38963536698089,-1.2731722172345457
0.008813532261707092,-0.015248304332797776,0.007406996416522994,-0.0016707345231666035,0.17523959732634486,2.1791773207729457,2.411146754748826,-1.2320186600538618
0.008840424443169648,-0.015279018926791543,0.007375113156849936,-0.0016158697467559744,0.17174408301314306,2.1215941073080806,2.4096539259053302,-1.1924709890789187
0.00846188096957348,-0.015130161202195826,0.0073117006639881075,-0.002188694712417509,0.1610182561731582,2.5353330639271143,2.183267655644116,-1.56339808352613
0.008417872912789951,-0.015139901568233426,0.007256087402944629,-0.002229679982126153,0.15388272958642799,2.5390743639558964,2.1373479629282803,-1.5831078589811185
0.008499213329161353,-0.015162086683917853,0.007295201645106887,-0.0021171368702986855,0.15975511119701055,2.47204254187375,2.200050699524919,-1.5158283121409195
0.008607340594869499,-0.015178943865762257,0.007361207940692807,-0.0019758998782833694,0.1686083101697461,2.3951791286990765,2.286489732086752,-1.4309947805438645
0.008549857863113727,-0.01518681928832954,0.00730025013788878,-0.0020370362699359923,0.16129554777072289,2.4128699949047054,2.2311452404284613,-1.4648767258999986
0.006578558342441771,-0.014115149960278439,0.005867571893548065,-0.004884148381057607,-0.10244491612187645,3.4252275130649497,0.14363061067333896,-2.4892258634643656
0.006604776075880717,-0.014139338068469324,0.005896644243449836,-0.004841998014206759,-0.09642289752605063,3.4243365471761984,0.18054958151222308,-2.4875720983279668
0.006619980741315728,-0.014173017607475009,0.005902049399496268,-0.0047860527881422,-0.09208551539834342,3.4004040281029053,0.21909904350268497,-2.4732506441459843
0.006684944137509575,-0.014215755771302767,0.005979907921220909,-0.004706900643304124,-0.07958964743117881,3.4127096578537928,0.2962048843316491,-2.4762205601031386
0.006644227944545334,-0.014205568034137951,0.00592162596902281,-0.0047305485727451935,-0.08661494186612641,3.3859297979697955,0.26132598816643626,-2.463586491722149
0.006705572186928824,-0.014255016710878107,0.005987849341668967,-0.004640781091976725,-0.07447888527718803,3.3840708114798375,0.3411508995710962,-2.4582588558319647
0.006730474934967564,-0.01429784810654816,0.005998972878313282,-0.004568324387359609,-0.06859024328718487,3.353741242416523,0.3905144390999424,-2.438721056324569
0.006835828009855026,-0.01437693614002588,0.006106295528165191,-0.004417749115032912,-0.048952271748218035,3.343169304567063,0.5219160371014375,-2.42258588413933
0.006760320332688836,-0.014345896188944217,0.0060126867957002094,-0.0044868057661816806,-0.0621370236003251,3.319976544405286,0.44556516095576354,-2.416413879506638
0.006790063092426967,-0.014385991406685334,0.006030081537959777,-0.004417547448791568,-0.05615366087634561,3.294422371057795,0.49380230879355574,-2.398584602175744
0.006871273720548748,-0.014413689284855005,0.006132848389014961,-0.004350470477806522,-0.04231522834110184,3.3232593245244075,0.5725025209535913,-2.4070876937597947
0.0069004991482401416,-0.014461407519190252,0.006140065841630816,-0.00426861779275247,-0.03689662321789649,3.28258628334575,0.6237818988908859,-2.379736127118077
0.006936283528376755,-0.014500759516418039,0.006161973713020029,-0.004197067357088898,-0.030360131115421126,3.2561022353246725,0.6742705637703211,-2.3596201567941724
0.0080756840608946,-0.01502758940550833,0.0070756061675583065,-0.002704591808631172,0.12551228287126284,2.8018281571773374,1.8506045578781332,-1.846354262003766
0.00811352047597918,-0.01505385222815079,0.007079338069127178,-0.0026386397239994736,0.12755643124370053,2.7555511694332044,1.8801859508716008,-1.8086383620919981
0.00812165278354374,-0.015089865033278645,0.0070367810178140365,-0.0025923594575758056,0.12392079083721874,2.69958634932446,1.8770730118642713,-1.77512353536208
0.008157878976975775,-0.015105188077513453,0.007052690944971471,-0.0025402743767622324,0.12673382865830873,2.6694671126427676,1.906590386352642,-1.74683822870559
0.008208398358533358,-0.015091020256259044,0.007125078651971247,-0.00250334348283791,0.1353388616801187,2.679029001742437,1.960150016670571,-1.7348668829488705
0.008287965352057626,-0.015093941478549555,0.007201090590667612,-0.0024165232681350956,0.1452330860245894,2.652761759059899,2.0359015727342697,-1.6921916622706945
0.008330278761317263,-0.015110315303128,0.00721811027096812,-0.0023546266384890796,0.1481454808683739,2.61478867636191,2.06911881190168,-1.6564308336614781
0.00824281210502259,-0.015119713110459428,0.0071178597418248115,-0.002438604892742535,0.1356027983084421,2.6272391301146665,1.9819547168684404,-1.6949879820960485
0.008342336217683733,-0.015148702510017454,0.007171816154593507,-0.0023046169210517277,0.14369787380125987,2.5537853805620205,2.0629410232754557,-1.6198694357584666
0.008382662291053052,-0.015169899719998235,0.00717766854725459,-0.0022408925156283278,0.1452212542680156,2.508692662836449,2.090074187388792,-1.5809987438816675
0.007884465714026668,-0.014935668892290843,0.006983143986353185,-0.0029900838286681694,0.10833750515965569,2.959125142182964,1.6764211627204963,-1.9927248409195581
0.007917932789169833,-0.01496350437544055,0.006985311557991292,-0.0029268594845359448,0.11015214118444976,2.9150626011635414,1.70622130702456,-1.9581300909172128
0.007842802054164702,-0.01495049329705412,0.006913795174684976,-0.003009305463003105,0.09974015668058488,2.934791464047722,1.6321066653400982,-1.9908149231057448
0.007952258389767557,-0.01499492797746225,0.006982527775790473,-0.0028589266576042535,0.11169032894832971,2.8646218215975705,1.7350631426930272,-1.9196441709090355
0.00798437584264111,-0.015026933645024112,0.006975310112283812,-0.002792824824875404,0.11254137050697788,2.8131515060077343,1.7602712393745679,-1.881146082207094
0.008026309801831957,-0.015059935885767754,0.006976426054116272,-0.002716853735485024,0.11460031898052829,2.7589946688638882,1.7934005806809077,-1.8381335577553244
0.007797499385606283,-0.014911071310816124,0.006910342501237217,-0.0030961269118316877,0.09689764914303264,2.9941452460476743,1.590195039901145,-2.03709193433285
0.007739414576175621,-0.014920971834971363,0.00682647760164132,-0.0031326567631527378,0.08661803963969672,2.9732954699009486,1.5309990334764778,-2.04048975317189
0.007805749312917311,-0.014969207672503588,0.00684539717066589,-0.003018942643391631,0.09276546308874493,2.9043432289634836,1.5932694983501365,-1.9833984697063518
0.00745875788420034,-0.014747323890500257,0.0066695944697030595,-0.0035686200017784795,0.053255916259734325,3.178177300127207,1.239132955799709,-2.2256284189283906
0.007507730269377354,-0.014772095566589986,0.006707694661782711,-0.0035012869495874535,0.06051649508559199,3.156018889041658,1.2917804956452466,-2.2020934008451096
0.007570651206614621,-0.0148215426401182,0.006733549807038343,-0.0033903907493577023,0.06755075974196546,3.0967764259324073,1.3603488194767133,-2.1533293246407266
0.007532468952686811,-0.014808621332686251,0.006698511633528964,-0.00343509711298274,0.06140602909175717,3.106590039932495,1.321066370113864,-2.16774252366005
0.007582228437492395,-0.0148597855647462,0.006703501436982956,-0.003332273200228427,0.06637141486850738,3.040802242522431,1.3747768936849705,-2.1179147980559567
0.007698917705414385,-0.014931890077733226,0.0067631807828937894,-0.0031519824301437967,0.07966413967130448,2.9517388781275553,1.4906414155526728,-2.038172257938547
0.007659566210579512,-0.014914588049135369,0.00673567114034149,-0.003204366253392002,0.07419574331921863,2.9723336250582872,1.4523890117501752,-2.0597470341442925
0.00762006495070092,-0.014883041947914948,0.00672411130907945,-0.003274261199945698,0.07093799931461618,3.013353527629723,1.413117441167464,-2.093109770503467
0.007403668529557857,-0.014776562113214995,0.006562888489501181,-0.0035654997834610983,0.04248615349152613,3.1139628047858063,1.1913149997755825,-2.199304338657548
0.007125354988228999,-0.014609738348917078,0.006343168371693372,-0.0039560984612217265,0.001047200835236614,3.226831448401664,0.8849092583132905,-2.3157801937147
0.007158166527183981,-0.014639922063036786,0.0063617800570822435,-0.0038966267593560874,0.0059564415617000994,3.2021982587800655,0.9258390713659715,-2.295841609640847
0.007208527343801927,-0.014674685605207611,0.006399549410104356,-0.0038211499723677577,0.013690183535807308,3.1790266481843608,0.9831413972929706,-2.273817269657377
0.0072540735591763205,-0.014724582501465851,0.006413605508365263,-0.00372676245807433,0.019547955823299906,3.1293814880531503,1.039608420312302,-2.2364413589821983
0.007307790174934881,-0.014763171400324784,0.0064477518404999325,-0.003642992923742533,0.026695236776577005,3.0971283844223225,1.0986893864339649,-2.207625974119648
0.00734845982330811,-0.01479366095299825,0.006470718944209662,-0.003577436228996224,0.03170414647661545,3.069161769004062,1.142987974866074,-2.183372023726598
0.007006065134084589,-0.014529279791157548,0.006241197102757977,-0.004127230432849201,-0.018625308684985752,3.265132142473573,0.7460371518129196,-2.355964209717611
0.0070490256879298255,-0.014562020790190148,0.006275799132047943,-0.004060721669039114,-0.011115176162737224,3.2476800340950147,0.7979024813796486,-2.3396199674160485
0.007074703712010701,-0.014600686887428022,0.006278651502281176,-0.003993178579193227,-0.00759674329517842,3.209839366843412,0.8372485306903512,-2.313319151651173
0.01037714790641987,-0.015450211816161734,0.007448052346884589,5.161810659028992E-4,0.17263614714014494,0.49200023457039965,2.8209653550755265,0.3735515399042612
0.010439256023379901,-0.015480554830976226,0.007382261033112598,5.923341773561348E-4,0.166357884935269,0.41302912122713126,2.783947452193907,0.4299399976241962
0.010495376016915423,-0.01550972182261094,0.007318947383254789,6.585389746973049E-4,0.1603749547225207,0.3433202545172334,2.747233478145351,0.4784239369822987
0.010545105820206969,-0.015522382361062445,0.007283990999312937,7.193045333000022E-4,0.15682071282438742,0.28749997715390474,2.7273863365699835,0.5234841433144706
0.010584784991801868,-0.0155537349677991,0.007220508174167642,7.604975595750459E-4,0.15199460593829184,0.237576302793948,2.6893536706863905,0.5525298388294253
0.010644050600410128,-0.015580193973191063,0.007158539364335065,8.261319377523007E-4,0.14657273987922306,0.17111277873310457,2.652405853581372,0.6000673115193376
0.010340667201546442,-0.015501984679281594,0.007366918112558593,4.5723728016223953E-4,0.1656422383845414,0.5099483467988611,2.76828243199504,0.32489627342816657
0.010176586765909677,-0.01547887326016817,0.00742917725574485,2.4098577748434794E-4,0.17178264179883587,0.6952053344218289,2.7915333780507408,0.1605122606378119
0.010240756417482379,-0.015474983615486524,0.0074287565162978525,3.279922730801876E-4,0.1718955575138034,0.6288546304600064,2.797783177548444,0.22709239388563787
0.01028313949466957,-0.015521105089787289,0.007344229251837485,3.7802917706833726E-4,0.1632876191996446,0.5626878392710947,2.7498623885772564,0.2627407393695819
0.010003036465095412,-0.01547555021014724,0.007442493134519878,6.315838179670192E-6,0.17440313931999776,0.8808287925518595,2.7777318894392935,-0.01917801674491217
0.01005989920259403,-0.01550376118547815,0.007393404481105567,8.265137058374146E-5,0.16934986678940858,0.8047662901658067,2.7559585284204284,0.03799287299761794
0.010122802160515941,-0.015527039938817978,0.0073510044322293655,1.6542970470102727E-4,0.1650545767514007,0.7268631627454631,2.738128036002063,0.10006886681331206
0.00989816039935116,-0.015452461224950757,0.00747877314026864,-1.3732984834653893E-4,0.17875611808586914,1.005546140075807,2.7828635051253228,-0.12818772560024785
0.009944680768825065,-0.015505989290969803,0.00738883262242418,-7.157154711357132E-5,0.16980737997390305,0.9221687857304534,2.7370231191913774,-0.0792877911509482
0.00982999716106742,-0.01547446619943118,0.007434718943838133,-2.2807739421819406E-4,0.1748695389534354,1.0599483942141419,2.7447986878656327,-0.19697663960092535
0.009678933367328127,-0.01547309961099275,0.007414528840444836,-4.315992680310068E-4,0.1737023019385456,1.2111052006852578,2.7028297093034435,-0.34961641970857643
0.009764111108600437,-0.015483860630055574,0.007410300579982868,-3.156094498495869E-4,0.17273802462251828,1.1190223290826031,2.7180301871649317,-0.2628360119198599
0.009709880704821846,-0.01550902619568496,0.0073587536847991636,-3.838851984745393E-4,0.16809427415224873,1.1533290763290882,2.67751611288605,-0.31387746978175285
0.009631020463102083,-0.015485194347481189,0.007384006390492688,-4.930063455255845E-4,0.17117456917207743,1.2475522691249807,2.6748700777812355,-0.39508551640399653
0.0094954504723069,-0.015442743407406598,0.007421605597443927,-6.842428043288925E-4,0.17568606098900452,1.4114052688852206,2.6632396531983002,-0.5363003007960739
0.00957673403883532,-0.015499874664715889,0.007346446583748331,-5.612514908814228E-4,0.1676761613705364,1.2865922544486115,2.6412713142642654,-0.4451168900117722
0.009521341316477128,-0.015501441693242985,0.007329294098452115,-6.332532546356752E-4,0.16632701159201516,1.3360601119953703,2.6185899152685064,-0.49758050234284124
0.00933465522719172,-0.015413428792592427,0.007416082315024645,-9.07462756681469E-4,0.17580989136664868,1.5843020899675861,2.614993911755692,-0.6985056596370867
0.009414237693190363,-0.015429262466748786,0.007418493174970317,-7.964771489437089E-4,0.17588926787658218,1.4983469532968483,2.639532826786292,-0.6182697644395567
0.00937158599221765,-0.015432023032260586,0.007398514035142829,-8.51810642813008E-4,0.17368063224197394,1.5337104663677392,2.6165152471361957,-0.6578845356551667
0.009439354174689529,-0.015466315194069685,0.007363918728227709,-7.509421053335736E-4,0.1701220283860572,1.44119673708781,2.6165883218247834,-0.5840902669723668
0.009256573115955482,-0.015418641174546527,0.007374966428942001,-0.0010073423221170581,0.1718985271156741,1.6459988009460034,2.5690662238377384,-0.7690889670114834
0.009292258449650136,-0.015446342531947021,0.007343423460685322,-9.49512024685447E-4,0.16866102574287353,1.5880621509168502,2.5636392329888484,-0.7267291021406718
0.018586838624199256,-0.01188279613238114,7.32585747598324E-4,0.0035939993649914113,0.0660735448672395,-0.4713699800267788,-0.8993956106608177,0.5924610953866426
0.018439012299377798,-0.012256448679104439,8.926934018556168E-4,0.0035892273866631333,0.06887796904964413,-0.5646106140936007,-0.8629032134401781,0.6911284866922409
0.0190974100172285,-0.011700657012177484,5.586074470055577E-4,0.003284925657587198,0.06188524717308785,-0.37325606591983357,-0.83311148621421,0.4696940073416571
0.019713379843479775,-0.011370012805838216,3.6771171231187247E-4,0.0029412428214909813,0.054853012412276254,-0.261079800840934,-0.7644127156104429,0.3349952488862809
0.022700692600620066,-0.008755159383511003,-4.9384127438594955E-5,0.0012994995827363392,-0.04667318373294206,0.07579501287122081,-0.5190442378030288,-0.04572122983647097
0.02196411231074302,-0.009395188194646352,-3.4441481856235134E-5,0.0017149286996890106,-0.008117090354667232,0.04237054366870694,-0.5617590905953361,-0.007329433665514783
0.021817791462436682,-0.01011825757132476,2.787934694414067E-5,0.0017988512674897692,0.021136814828858236,-0.027388100347204618,-0.572661298700482,0.0641040845000789
0.020310709937665802,-0.010854162910986773,1.9320863414927308E-4,0.002628236408899947,0.04509374018492661,-0.14741355984805235,-0.7083005370375671,0.20616150967379474
0.02116124780430611,-0.010513420177509173,8.894820424801675E-5,0.0021526720869123298,0.03506402321626793,-0.07832913075377014,-0.6209134509375485,0.12204400435125039
0.023869994115431007,-0.009478378011844415,-3.0467053548845016E-6,6.777334269480365E-4,-0.019978315692136858,0.00919752924912058,-0.5189204322928579,0.020741203601703225
0.025,-0.010198846337795699,0,0,0.03524714026045562,-0.0010655587288532166,-0.5705664628917754,0.036984279855715195
0.017597758092734162,-0.012973475328790814,0.0014505865924056385,0.0038809950297147918,0.0743724491133979,-0.8583385173427321,-0.8188984772184753,1.0304768671684394
0.018001408341017797,-0.012753566465874246,0.0012030159797556462,0.003707190568992224,0.07228284858505714,-0.7309968645203782,-0.8253799459582921,0.8783523154575412
0.018480685977773643,-0.012652752803290772,9.921736737607996E-4,0.003429119508603508,0.0685805354345828,-0.6208558350528844,-0.7840182071131956,0.7399170709645208
0.01690426503845089,-0.013187474797998398,0.0019019748136334732,0.004236725138473258,0.08374378426282118,-1.0870572374761485,-0.812219273758351,1.3196890419179415
0.01723057310251221,-0.013109220654951688,0.0016840804695745393,0.004059549327465672,0.07898072458778906,-0.9766396109079519,-0.8145279201048784,1.1779681509612558
0.016771562061706553,-0.013450394878776136,0.002063330241617837,0.004154670355160721,0.08237532993937939,-1.149291575278131,-0.7236728174770664,1.3852011274552654
0.01621884311608816,-0.013623109287021788,0.0025103230725768903,0.004377631569493925,0.09045445039614426,-1.3557604435804855,-0.6433207368389483,1.6494744720310026
0.016511428836582645,-0.013557932463237771,0.0022719456849356317,0.00424519278785507,0.08582242742344083,-1.2445057939414423,-0.6823489675987428,1.505180657136435
0.015816475771884664,-0.01407089451970861,0.0029271728766554327,0.004225296154917227,0.08654594053182768,-1.4809717089225025,-0.4070656959375159,1.7935680107285858
0.01608832092374051,-0.013909725522182063,0.0026733766642810072,0.0042211067882929635,0.08608423730706108,-1.3934644021387756,-0.5132294535348622,1.6822969574049345
0.014729740005313987,-0.014331258404457207,0.004029620959209077,0.004405911901069113,0.1076729142340167,-1.8346006687985035,0.0500664389693451,2.304655411625402
0.014548916858701195,-0.014356382108953637,0.004236267314261099,0.0044259298894664964,0.11241054394737081,-1.8886832768496091,0.15292145846000457,2.3926222624943954
0.015578138719505372,-0.014172164820147928,0.0031525484845483166,0.004246596459221292,0.09009653256321469,-1.5558384402527448,-0.31528219947641084,1.8942848807649642
0.015341281895435153,-0.014248286221338176,0.0033832390811099583,0.00427599941807522,0.09279445471354014,-1.6310382207603162,-0.2204313908168569,1.9975961089840324
0.014916936904536965,-0.014311559999743774,0.003822625172240361,0.004369066867355789,0.10212848763277253,-1.7735173361468093,-0.04192860638515523,2.2074993591809964
0.015115999819681493,-0.014289054346584605,0.003611535028017926,0.004322846963092221,0.09770863645023382,-1.7055137926696025,-0.1290736628809779,2.1055990310467227
0.013905075537323931,-0.014775322575080657,0.004890081045642315,0.003990924914616386,0.10623240843231786,-1.8537342718475365,0.6852603192038828,2.3984367366470374
0.013829450618801625,-0.0148806542058029,0.0049326753967707145,0.003860076788236859,0.10033898115735443,-1.8077077129880181,0.7560089947387066,2.3399553080721773
0.014041439226524649,-0.01476312057547668,0.004731694496807096,0.004007201478442641,0.10341398446708534,-1.8383821660297388,0.5868355036788723,2.3580588162808183
0.014177703458563376,-0.014693961888757285,0.004595261982225398,0.004083909056887266,0.10370167857355823,-1.8454344974107681,0.48214944851990077,2.3533593306807785
0.01444775768336383,-0.014537247171841404,0.004321593141567748,0.004234977432299017,0.10453546763986034,-1.8475103143031248,0.2731838139192724,2.333856950624128
0.014338058200252649,-0.01471025823792093,0.0044039370409827625,0.0040511756805485626,0.09739279232703373,-1.8024638652271874,0.3877763495517261,2.27414924846418
0.01292788895780358,-0.015060188072846245,0.0058973088576492,0.0034027715797075994,0.11632092484349477,-1.6457426900952545,1.4884246636544123,2.313321792932942
0.012830343494161124,-0.0151141346502591,0.005964368633698258,0.0032913666863739308,0.11571654350366055,-1.5874897341814098,1.5615462316253588,2.2547304548935525
0.012606731054827666,-0.015173209076080087,0.0061641845220122915,0.0030970981778455984,0.116405632965551,-1.4747640216727695,1.7397833690364701,2.16407217897807
0.012681104498972126,-0.01514493480707825,0.006107808115315811,0.0031738978729603214,0.11767444929586494,-1.5193494830866927,1.6844840765111642,2.2054281950614545
0.012747545450743265,-0.015156255403886789,0.006020912071219439,0.0031986862999306294,0.1128191324491529,-1.5369412297491278,1.6227429893703615,2.20474365514864
0.012569783372452934,-0.015250200457245122,0.006126981036983102,0.0029890816435630806,0.11184674266485244,-1.4184365010392455,1.7435001230741591,2.0824716476326532
0.013025738685838421,-0.015144921081123062,0.005711135196224939,0.003347084006638868,0.10645366195008017,-1.6202578391367204,1.3870602064184723,2.2350874657360253
0.013820525836036855,-0.015038807512132407,0.0048650808507523695,0.003676035394506911,0.09164316261612487,-1.7271319636107128,0.7791164496518665,2.2205457270311597
0.013665123056582558,-0.0150905016958271,0.005013581071915505,0.003596036187839377,0.09118772254148756,-1.7078513761737077,0.891467205736478,2.215791194290002
0.01351907748453041,-0.01514211870608998,0.005148326413117404,0.0035091307853645916,0.09174507676981149,-1.6802294578475527,0.9988947573199302,2.2002177647633356
0.013136816726922226,-0.015205091002866825,0.005536622198474575,0.0033231525034482534,0.09764026742876825,-1.6081337559620328,1.287547794371615,2.1805955296487625
0.013381305987053884,-0.0152076671821776,0.005260506023053981,0.003400608555365727,0.09022433480564608,-1.6377952939312392,1.0988194689261876,2.1641818227832452
0.01325983667120102,-0.015270005455424755,0.005351287958521306,0.00329441818850885,0.08996480676029855,-1.5916812871131587,1.184866008739916,2.121118998995938
0.012492134864015974,-0.015318510339993032,0.006139262398752974,0.002866473764845588,0.1087182249565842,-1.3502894946333779,1.7802400395618998,2.000980410773497
0.01243475256724517,-0.01540260857850758,0.006109773547827132,0.002742113927577812,0.1035419620660167,-1.2832947612269698,1.7907542813194806,1.9106016011321174
0.012357934726865524,-0.015431557211388265,0.00615497455450146,0.002660730209256978,0.10306969868430439,-1.2331175485002437,1.836614980318992,1.86166438102212
0.01227819065875006,-0.015439415037600913,0.00622389371246877,0.0025962370814466167,0.10508031737259904,-1.188578411967901,1.8934683728377748,1.8264082311093546
0.012145947318719897,-0.015420471289083307,0.0063721336156582565,0.0025136577650125553,0.11218103647994405,-1.1228317110142705,2.0026108504195563,1.7905637368781309
0.012213851446113541,-0.015483372539315898,0.00623548157363945,0.0025067449340784864,0.10267566932534693,-1.135121227051881,1.9189979928356706,1.7653062598428548
0.011980806519210845,-0.01545616906406906,0.006481185014405924,0.002344918300600983,0.11460479299520983,-1.006098927921695,2.102208628574667,1.684303641403856
0.012063676402624113,-0.015468507566912272,0.0063913564472371145,0.002402886848918865,0.10934604532036471,-1.0540566025337983,2.0358236197139914,1.7143625958881745
0.011790863048145113,-0.015528517582061654,0.006552174663537068,0.002114988653415214,0.11431460519330085,-0.8521283574338199,2.1840668786095474,1.5257807322182833
0.011897272402990322,-0.015510319212904418,0.006486697038284935,0.0022251737454258087,0.11120660639065476,-0.9312132943804218,2.126195406328767,1.597628714544312
0.011086428391745217,-0.015514047476042903,0.007064398837821073,0.001389617832451,0.14112549531877652,-0.25919810694526885,2.5794228905227317,1.0281263005653838
0.0112539964193487,-0.0155206879707064,0.006954502227027059,0.0015762452708249536,0.13339934117588736,-0.41527738446909707,2.4979606119341615,1.1617765291912523
0.011162097075294667,-0.015522816237972982,0.007007429302510207,0.0014717131903058454,0.13705260924956716,-0.33055029721694024,2.538789972938145,1.0864184763650544
0.01074963788842094,-0.015544214968204918,0.007178076516926499,9.698678117746332E-4,0.14793534742549996,0.07166558430731963,2.664025426209007,0.7120176654939264
0.010811581431574829,-0.015532779162068454,0.007171020674869926,0.0010509874819421667,0.14816498416776228,0.011065020352995284,2.6585035128427905,0.7739131726862511
0.010709835393890078,-0.015605081170110231,0.007095880853418469,8.982026269040651E-4,0.141701122229025,0.10083200590000506,2.61450630433594,0.6520697547535689
0.011033604577460547,-0.01557244107179497,0.007003533756609699,0.0012967756279511167,0.13535578030000275,-0.20886108138831463,2.547295059314216,0.9518735636325301
0.010954370033500728,-0.015546399930069494,0.007083837715539402,0.0012171625551114413,0.1414181837033696,-0.13240612482635164,2.5998195600067535,0.8967982700629518
0.010871202771190103,-0.015555157892466354,0.007109321211964865,0.001113628226143587,0.142836431704727,-0.051494502168274066,2.618919412793792,0.8187360627559883
0.011688417760247415,-0.015569050953312319,0.006580579189810784,0.0019879657867072193,0.11370480170757334,-0.7659545722626109,2.2203622014979882,1.4351318302180138
0.01176008331372922,-0.015613770067698507,0.0064670334812629345,0.0020192773129054154,0.10705804605139206,-0.8053575260938357,2.1470902764132935,1.4458247799778203
0.011528648994951044,-0.015559042628985604,0.006713422600123967,0.0018404050988672135,0.12043088482634977,-0.6448123945528045,2.321444145288989,1.3389359596253867
0.011607159915196195,-0.01559516448971651,0.006607059693039668,0.0018910103952792783,0.1134003465597027,-0.6988233149029452,2.249661530008652,1.3668858604976275
0.011299865928369507,-0.015604900622652226,0.006802727977778059,0.0015733452910407237,0.12249609319233688,-0.4479439141401446,2.404164472433434,1.1469021035282463
0.011445208937947926,-0.015598219941229383,0.006717556207658828,0.0017286079395701147,0.11827690725005292,-0.5703506594939416,2.336734086980629,1.2565367985813365
0.01137205851181156,-0.015589057879483621,0.006779266900192602,0.0016595162184061302,0.12300522492351332,-0.5107994245520747,2.3819114911805723,1.2093995304854719
0.004600733591501883,-0.01134154242038414,0.0018079885556738055,-0.0074097670189873935,-0.17492039909662946,1.1897374116336794,-2.0310761901201015,-0.651766577704589
0.004603691558363508,-0.0114191792184248,0.0018990399982969038,-0.007358865436300225,-0.18640878905617544,1.2537981280315813,-1.9966410170717135,-0.7180821578131545
0.00464565806880672,-0.01153499742807167,0.002059191115275527,-0.0073128247191917165,-0.2042505521658707,1.3644980240266296,-1.967313107139623,-0.8188227293011058
0.004586823905852712,-0.011498540975389791,0.001975083019444723,-0.007285770029844505,-0.19538641412608346,1.3083961721805404,-1.945268002360377,-0.7821124135140215
0.004642240007775442,-0.011603858873169233,0.002131132173736944,-0.007256118305251338,-0.21193945814862017,1.4153219079141686,-1.9274600966612458,-0.8740902298009964
0.004702894295834143,-0.011728728672466378,0.0023120943308230692,-0.007208488888628399,-0.22969123077205977,1.538954430675619,-1.8962349123215714,-0.9817714446234099
0.004642275827432421,-0.011670363954945834,0.002201139098586146,-0.007202772253627049,-0.21913684145036968,1.4642713821394173,-1.889814674760909,-0.9262049418326449
0.00466052134640639,-0.011713994396212532,0.0022611912627565406,-0.007183029710539912,-0.2243299027497206,1.505275806146496,-1.8765771060715841,-0.9628309369646357
0.0048951626939606994,-0.011997740920068889,0.0027581930124535056,-0.007130419952206041,-0.26918014260924134,1.8389234530143426,-1.8450231936938195,-1.2243025484023222
0.0048419016833671676,-0.011964972243487353,0.0026743068230163226,-0.007116108664689769,-0.26153798332882877,1.7830733384636908,-1.8336486804192003,-1.1872405664752872
0.004818469594310199,-0.011819659271326048,0.0025079057303194472,-0.007232630664803909,-0.24933829380447498,1.66934441048172,-1.917782601899614,-1.073562182124834
0.004806275181693007,-0.011882141499076892,0.002559613925233347,-0.00716379613055364,-0.25268476750334873,1.705611840333239,-1.8675834668132765,-1.1182657683324768
0.004807177890868744,-0.011931813322219468,0.0026090116362758736,-0.007117732651844419,-0.25613715815344884,1.739479277422244,-1.8340946345670939,-1.1548823465750346
0.00473459933490946,-0.011783689260205194,0.00239580204396399,-0.007189293412328975,-0.23759207248646222,1.5955631491755768,-1.8837537940424374,-1.0297302630031735
0.0049401314762842615,-0.012099540873652316,0.002899265015822713,-0.007065280628508311,-0.2784315316435208,1.9335353269001059,-1.7972953786875825,-1.3082214862222672
0.00488426470374693,-0.012062205474614819,0.002807535145453926,-0.007055960146189714,-0.27081135265305223,1.872445026777511,-1.789872292135397,-1.2667279051890519
0.004985750614219108,-0.012200695838092454,0.003037808209499182,-0.006995828508540415,-0.28601568325063464,2.025628022128935,-1.7455705543624191,-1.3897341050104386
0.00493387510199626,-0.012167101882778975,0.002952839139333523,-0.006988729805391552,-0.2796148859244694,1.9690395308395308,-1.7402555465515686,-1.351495145805308
0.004982756711635404,-0.012259412893693162,0.00308418853378927,-0.0069289302150838524,-0.28641449669058744,2.0555301183733463,-1.6952235403881601,-1.4258705904038862
0.004981361211609805,-0.012304887440816824,0.003119721079052528,-0.006877390110388068,-0.28652197067233776,2.0778871968835904,-1.6566432998131895,-1.4528077606862018
0.005006342482699266,-0.012343085870820085,0.00317804946036276,-0.006854251917421886,-0.2889671466879597,2.115893561770719,-1.6387921776570764,-1.4841940975386836
0.005382613939475557,-0.012914927882746256,0.004012736253819211,-0.006403339283588522,-0.2934455632682958,2.6355565973092983,-1.2720824809586089,-1.9138853485793168
0.005204369597301806,-0.012629161181961807,0.0036196247467528003,-0.006660528791486694,-0.30023539510420455,2.3990876007921105,-1.4841013607521245,-1.7150324810046949
0.005183466111104458,-0.01256418601690439,0.0035506214911528557,-0.006726810509243905,-0.3011717482261868,2.3579612435118436,-1.5358396436335382,-1.674914210721825
0.005156171227626309,-0.012508069661903792,0.0034779566250723623,-0.006775678708259636,-0.3009331068868106,2.3124331406481757,-1.5744850839834366,-1.63459419408821
0.005339178976420704,-0.012879019656480757,0.003936724439952318,-0.006425048354035851,-0.2937855874315272,2.587281373372628,-1.2931986798554487,-1.8793404657194934
0.005302721158283722,-0.012839039324165765,0.003868026231098574,-0.006455362598579719,-0.2946702833603712,2.5450879710014056,-1.3198041683074708,-1.8470671707341746
0.005266392260115,-0.01280161810055149,0.0038006443440626136,-0.0064811793404621456,-0.2946390933817882,2.5030963381469316,-1.342721772333329,-1.815405692498523
0.005210154793223972,-0.012693790108797598,0.0036669187018171273,-0.006582611285265154,-0.29725192856577576,2.4241911919702415,-1.4242634430222252,-1.746006236888004
0.005154306943932294,-0.012666428159805704,0.0035800980849317672,-0.00657863339791514,-0.2940525627464247,2.366539823857556,-1.4250346605569526,-1.7083625514282084
0.005222359279889281,-0.012755524246347719,0.003718304098505924,-0.006511986981597342,-0.294742737707753,2.451590743767262,-1.3698033029298744,-1.7764111630464112
0.005088145011859033,-0.012436149830447888,0.003343804914409908,-0.006810224550995599,-0.2961202196488974,2.2246308104499395,-1.6035168931079447,-1.568030364066117
0.005032974126582754,-0.012399450939476914,0.003251828956991918,-0.006810557420730787,-0.2910158154934747,2.1634689716469,-1.6053024896584527,-1.5262292200545675
0.005096592678542243,-0.012495487592492117,0.003396900110805977,-0.006746025111639292,-0.2953416996800651,2.256624617301546,-1.5545632316559794,-1.6028367969820303
0.0064939433137215456,-0.014045429142760215,0.005765784487491005,-0.005003832173293505,-0.11953662728276528,3.4123502887041965,0.032394867930929765,-2.4847202636252033
0.006518476138065776,-0.014077300710109951,0.005790222722620855,-0.004950831616974759,-0.1136261477472295,3.404341107522579,0.07504562353705044,-2.4797703217160922
0.006450909604337844,-0.014042630523592494,0.005697916297926806,-0.005010459376002733,-0.12546522592178921,3.3689206567492356,0.007542292189029821,-2.461689590543623
0.006403289129906545,-0.014042471302731736,0.0056222896370508105,-0.0050122889507145,-0.1317862211667806,3.3186366060169274,-0.01583737749607383,-2.434625731821112
0.006371075488883036,-0.013992314815088436,0.005591104977512153,-0.005092196744408715,-0.14005020045236408,3.3326171321793963,-0.07787441256142735,-2.44221688293421
0.0062376252919450455,-0.013878965118220432,0.005415917657522665,-0.00526606833031986,-0.165708057184512,3.2855276072629978,-0.24222574313468828,-2.4134820469771436
0.006250300987561337,-0.013927334205436875,0.005422046809837155,-0.005190650842621296,-0.15965285700663248,3.2596147927851256,-0.1896944791677321,-2.4006981145221142
0.006309103206755414,-0.013981521735286643,0.005496970700323887,-0.005108244671060867,-0.14800296767783405,3.27599366031015,-0.11464734105030548,-2.411027866640684
0.006260663383944824,-0.013973317612163532,0.005423953649038449,-0.005119302034825873,-0.15416156235256653,3.231803499040328,-0.14172361973642625,-2.3863953959577984
0.006184969695719377,-0.013870257755639742,0.005335114638933665,-0.005274546647534157,-0.17170448619980672,3.234100241532708,-0.26832748122653255,-2.384379726019382
0.005470578419088883,-0.013038113176176926,0.004187297687095252,-0.006284467199635974,-0.2864785133075818,2.735449054457334,-1.1705883435381041,-1.995477493284074
0.005369919028740583,-0.01297119626484272,0.004020685637637322,-0.0063190414970105075,-0.2878460703384515,2.628794058219483,-1.2095268655948275,-1.9224165614624862
0.0054252203726576735,-0.013004485333136567,0.004110576634343607,-0.006305502609462055,-0.28771678243107984,2.6870160360094317,-1.192476393880992,-1.9616596137317177
0.005566556754720317,-0.013100085987323222,0.004347076841476027,-0.006249146263017958,-0.28351169801352877,2.8383469484665613,-1.1295888968698848,-2.0651367495501325
0.005515041778265909,-0.01307183218682074,0.004262951326593719,-0.006261564977218814,-0.28488909953124103,2.7830192613743905,-1.146962423468018,-2.0287263829258286
0.005565341073364618,-0.013152807837151797,0.004362347045053438,-0.006172052771452176,-0.27790963673744423,2.834241990361616,-1.0713364193180153,-2.0728531176758316
0.0055751659236192835,-0.013200574930997423,0.004390505939438959,-0.006107860342104285,-0.2726076849535382,2.8402879043378104,-1.0212587332543857,-2.084831902070338
0.00564653683697255,-0.013257596397194392,0.004509362478020793,-0.006058697275686969,-0.26708593498320893,2.9109156597560726,-0.9711023735735722,-2.1345276987037014
0.005585474837356019,-0.013246424132466579,0.004417421238254695,-0.006046448876426753,-0.26805792068607964,2.8458435841658853,-0.9737076208590302,-2.0956977963828476
0.005679003745198377,-0.013308550478203653,0.004568353267213392,-0.005998010561453727,-0.2614744753220947,2.9372571044203,-0.9196236465901676,-2.15759791950242
0.005694206655333083,-0.013371960495698706,0.0046021010550061645,-0.005910352816237857,-0.2541316221378152,2.939251075277895,-0.8521788014778574,-2.168118135848251
0.005720155774749246,-0.013423561789485913,0.004647780272935464,-0.005844073997547681,-0.24806539474811504,2.953405068834506,-0.7983992075398859,-2.183297625798303
0.005747107264318801,-0.013474443633911018,0.004693141052536989,-0.005778412898522424,-0.24153428493367393,2.9667591838472895,-0.7449313969501975,-2.197422400883346
0.005821844860382357,-0.013535282776204636,0.004808989754963606,-0.005712562292277851,-0.23239927246300382,3.0263454788884143,-0.6798034583819924,-2.238949114866376
0.005770794290483551,-0.013518172507939718,0.0047316213485855815,-0.005721506913267288,-0.23588236059292594,2.977118166635923,-0.6989727946889066,-2.208554859554456
0.006128254068677753,-0.013858522334678143,0.005249490574665141,-0.00528615454882313,-0.178269288068537,3.1809615217615033,-0.296998327182294,-2.353877758478433
0.006065880873388704,-0.013845118970459447,0.005156363022202421,-0.005298308142531881,-0.1846543974084448,3.1237498560267074,-0.32686423990075125,-2.3205670873276296
0.006021161044742568,-0.013829686535652173,0.005091212440144043,-0.005314957724765431,-0.1888072444153631,3.0870968659037623,-0.3525641591670221,-2.2986309311934656
0.005995575023066465,-0.013659237379733395,0.005073141032541963,-0.005571587856906502,-0.2098955198569978,3.162297623315393,-0.5316283171484234,-2.3294387860320502
0.00602632740543735,-0.01375537322775004,0.005110423840306488,-0.005429285565388023,-0.1970802178245463,3.1396213688111914,-0.4257701500356044,-2.324108676109097
0.006005070635271917,-0.013713727330979699,0.005082735433242919,-0.00548920029183498,-0.20312275623735385,3.141450328800053,-0.4726107414926178,-2.32206949767984
0.0059148580006324804,-0.01359484628897217,0.004951261320460423,-0.005650062066515824,-0.22198638376772578,3.1040730562224153,-0.6105340004375858,-2.2899528243216913
0.00593228033654609,-0.013651776076232058,0.004975855704570829,-0.005567356053336339,-0.21448266994403506,3.094929162500005,-0.548210270989956,-2.2901856647891203
0.0058415274969528695,-0.0135898025190888,0.0048396942615262515,-0.005636483532229744,-0.22545831335663766,3.0248408009012784,-0.6213174781124864,-2.243862231969088
0.005995608250009058,-0.01379834991814229,0.005057499980000913,-0.005358009952509692,-0.1940025824266383,3.079922795872392,-0.3887330661778163,-2.292667768576371
0.0059738370335047615,-0.013842384924260846,0.005018168102622525,-0.005288258342850692,-0.1907332374680635,3.030400554464853,-0.3507173918061534,-2.2667050748665196
-0.004177918076980413,-0.00956419499942171,5.291467428618697E-4,-0.007398972425477741,0.12461386392784977,-0.4425540847571017,1.8904102527010622,0.8924062715275415
-0.004154461115876327,-0.009487910528324926,6.145797367133521E-4,-0.007359549629578714,0.13024477100815762,-0.5006913967753709,1.8543673384894706,0.9446601178382826
-0.0040932162081895925,-0.009437463909084625,6.576192595120295E-4,-0.0072902979289451745,0.12840942712428452,-0.532626405363402,1.799199138423808,0.9583231729989429
-0.0040720900873726104,-0.009351427790934628,7.491782544138238E-4,-0.007247113333710275,0.13369682136380986,-0.5947925296369715,1.760022639047211,1.0151653329739547
-0.004050708776592773,-0.009246345502662309,8.587457803864571E-4,-0.007194449854584878,0.14250972531840544,-0.6672317069240367,1.712815387871559,1.0830467504016237
-0.0040347809513827815,-0.009126351329216645,9.823918980261014E-4,-0.0071365500504610435,0.1518042076002538,-0.7476286034778418,1.6611119195680482,1.1601773805913236
-0.003939512096423316,-0.009019277685017897,0.001054264005702986,-0.007013019920892235,0.14518411579409832,-0.798234841514911,1.5658837308453373,1.1848922096243502
-0.0038492421931451692,-0.008928113716207376,0.0011043087925497726,-0.006901446749304016,0.13805089498007397,-0.8337145185415377,1.4818303676467297,1.1977634674409605
-0.004166769633287521,-0.009732327830178987,3.2446055906100685E-4,-0.007417063466193288,0.09747183681831284,-0.3047987493677436,1.9190076515574626,0.7473862738566713
-0.004114827656162568,-0.009646053176200564,4.1979760898819366E-4,-0.007355299083418295,0.10256751570307697,-0.37242321925131533,1.8654537593772726,0.8004749921733939
-0.004301720137654013,-0.009991344134190951,9.955805212732636E-6,-0.0075666436113186195,0.07211587877305926,-0.08212506794506857,2.053606239514241,0.5629578300515786
-0.0042319748070424506,-0.009821906454835098,2.2148665417856103E-4,-0.007489681241557843,0.09209202362736048,-0.23095049950343377,1.9812355240803279,0.692636777473772
-0.004264071435753351,-0.009916424440615678,1.0469960550529282E-4,-0.007527439749302786,0.08071973823535188,-0.14915728830338273,2.017713705015844,0.6192128579845098
-0.0043726240305426885,-0.01030755778964062,-4.065687016735534E-4,-0.007614784644364576,0.018099888284210133,0.2087551059554522,2.116258234052044,0.2869294900985582
-0.004341927891402849,-0.010246301964215358,-3.224278848700179E-4,-0.007592286532988366,0.027472430380921873,0.14922334138902424,2.0943974429337104,0.3377208867574251
-0.0043408231709118564,-0.010181483845823909,-2.3801425137786212E-4,-0.007597995876417326,0.04030397595104427,0.0909257321271406,2.093376514582346,0.39780337156209933
-0.0042980921817494765,-0.010129728336959293,-1.6788816088612123E-4,-0.0075591448663279185,0.04551283475612002,0.04036095091122368,2.0598855718234645,0.4350477909855363
-0.004251376009179645,-0.010065580046743072,-8.408149812601575E-5,-0.007515960305424751,0.05206878307803601,-0.019788009481440414,2.0220161626006248,0.4813098097312815
-0.0043866738680607845,-0.01053389209804055,-7.037022050908393E-4,-0.00758110948861894,-0.026733682099341655,0.4163725795564121,2.1085326137509415,0.07643565537764128
-0.0043526712070600425,-0.010593418216797693,-7.699817377079248E-4,-0.007530545056614571,-0.04022005392509633,0.46264799812086094,2.0747497455294655,0.01646629816239973
-0.004329243536887335,-0.010360193927162337,-4.6755584839439714E-4,-0.007562484923487107,0.003713333236485847,0.24977004275222536,2.0810715772777955,0.22895950147206465
-0.00434355260688909,-0.010478174212967411,-6.214142608548652E-4,-0.0075521359542969025,-0.018208359645578185,0.3581780881202951,2.0824336237586745,0.12166399092754211
-0.00429065051773349,-0.010420811753275694,-5.37047912137309E-4,-0.007512654132274844,-0.010600040761307867,0.29790181359061535,2.0482300382270355,0.16595326875311214
-0.003607770989506598,-0.00789140617200249,0.0017741728098872643,-0.006137188065865635,0.14087154019283088,-1.2159427599634913,0.9551694342762458,1.5311785942776455
-0.003831910173175833,-0.00822815267603222,0.0016951701028264654,-0.006499331359461701,0.1658107706575769,-1.1726077364703753,1.1762097553268862,1.5347298323238425
-0.0036910378928561565,-0.008083374261184016,0.0017061288231980316,-0.006315106730407243,0.14843670899464542,-1.1814173813163127,1.0622572056601287,1.5128379714390883
-0.0038458549943329633,-0.008393547274679765,0.0015741278408124303,-0.006614227763478168,0.16424293783822022,-1.1084896545436103,1.2570456036450077,1.4741613678082266
-0.0038298202144284406,-0.008549943299347936,0.0014348319622803753,-0.006695488967960292,0.15609604889786774,-1.0318420208479404,1.318877833745996,1.393442369142109
-0.0038493523400476358,-0.008797677971406022,0.0012261233979110936,-0.0068408694211057166,0.14614179632523447,-0.9087684944046924,1.431146723165954,1.2737736960535677
-0.0038356580230488675,-0.008683066162001417,0.0013224949331983847,-0.0067724444544004685,0.1506040745506896,-0.9667424971971074,1.3779346403346162,1.329092716110262
0.0030263989489269986,-0.006087163898730222,-0.0020114928825910833,-0.0045754102795160885,0.08296601094282992,-1.311439414217291,-0.3075720478344984,1.5506950267621027
0.0036822602074116206,-0.007824497298080137,-0.0018676292251997683,-0.006130650952259681,0.14912870362177202,-1.2584661851589243,-0.9479256492970906,1.5869601494304273
0.003589637554227601,-0.007163356154004266,-0.0021371638075547757,-0.005584061416228716,0.13229879895646424,-1.3612521594378537,-0.662257489283501,1.667285538223837
0.0035759397048565084,-0.006977938668565078,-0.00220093710440126,-0.005430334970314385,0.12539940602373478,-1.3802286843052265,-0.5925148675570576,1.6815672417054608
0.003475710345510098,-0.0068147082195563384,-0.002178112124524238,-0.0052641388090897126,0.11698163508225755,-1.366669194570601,-0.5284035728291482,1.6535020415019412
0.003425661175611704,-0.006571083453764064,-0.0022131561002248236,-0.005052598542205304,0.10643756890935184,-1.3731711782459952,-0.4491697094497013,1.6492783949112784
0.003212978414441604,-0.006401601358604135,-0.0020888139754078852,-0.004861587291196801,0.09507287286382106,-1.3330196231807674,-0.3894847250268289,1.5890128538998065
0.0035957920052209816,-0.007651885234444915,-0.0019049329191603629,-0.005960514592142751,0.13880045068748895,-1.2745889320029475,-0.8539301555064512,1.5867527724677126
0.003521711249683429,-0.007479997559070954,-0.0019398172415879648,-0.005798662357344344,0.13049494532365283,-1.290012319864129,-0.7698548951746708,1.588629834298107
0.00345446248177196,-0.00729209038389683,-0.0019769628452644557,-0.005628957383207737,0.12274147865592465,-1.303944562219639,-0.6883170901658979,1.5928747016561278
0.0038772245002819086,-0.008823346501996869,-0.0012158487779450873,-0.006874739599912648,0.14934522900904376,-0.9007866745464542,-1.4560025149187765,1.272965789678844
0.003849338341443652,-0.008691542177019278,-0.0013221591009001299,-0.0067870597576350925,0.15251853190543183,-0.9657479669240842,-1.3881754208481922,1.3316926003965575
0.003832004626276675,-0.008554526088834872,-0.0014321046105899382,-0.006699620353452452,0.1564300718869809,-1.0300729223721505,-1.3221553598305869,1.3922609326138529
0.0038187263986433255,-0.008428004893895495,-0.0015297017213220501,-0.006616344082627885,0.1584113962935879,-1.0846856054127212,-1.2610539790183841,1.4442354005893836
0.0035735332957931845,-0.007984798165946203,-0.0016927073702167922,-0.006181655030905119,0.1356271175165523,-1.177705048912667,-0.983504355544692,1.4869009279811827
0.0037291228069450794,-0.008322938790065586,-0.0015578397184516939,-0.006492307338617745,0.14938266254264895,-1.1028268252635927,-1.1791297130148737,1.4425444972102655
0.0036359011522362423,-0.008154200875064691,-0.0016213872453492509,-0.0063282083693742995,0.1411051632856938,-1.1401850619268414,-1.0738202660029905,1.4606922171511245
0.0037737844687149563,-0.008912662149572918,-0.0010854070530961553,-0.006836629051107782,0.12716165042172037,-0.8266097280412884,-1.4360530765247217,1.171752431748752
-0.0033901613580877695,-0.0073322568262876395,0.001911354620948153,-0.00563280931434377,0.11821636703944394,-1.2791509228029305,0.6907760856543598,1.559297455888947
-0.0035085020118340187,-0.007704181240099167,0.0018134989386689988,-0.005954974219349793,0.13004844450347852,-1.236328346437636,0.8532654070054465,1.5339757340373879
-0.00342977119546751,-0.007513619268413904,0.001855823047382948,-0.005782108127248195,0.12265302925883304,-1.2560087956295545,0.7637442584445387,1.5418304220723122
-0.0032030023078584284,-0.00694979548230621,0.0019210207154881362,-0.005279967307855531,0.10214152519860355,-1.2860280376101905,0.5386272331441077,1.5428751717379436
-0.0032355288648438377,-0.007217911966772686,0.0018462297308779736,-0.00548901534448289,0.10613813710693318,-1.2564271653254968,0.6260528651344508,1.5180487531369384
-0.0028432283649953635,-0.006910122907876981,0.0016735788595324957,-0.005141755933991211,0.08311128670156494,-1.2108136426864775,0.4793325035286911,1.4340722753822697
-0.00273843948934957,-0.00660235591016171,0.0016833401962595767,-0.004896791069904345,0.07829601591319561,-1.2264862716596234,0.39517931628862124,1.443297080404015
-0.0027361938392165648,-0.006303952658341284,0.0017495192786818347,-0.004680583819761031,0.07568719129535595,-1.2509219132331844,0.3333089800046008,1.4701418370182255
-0.0025503646524242946,-0.006035981627529576,0.0016639690955260451,-0.0044507974116193,0.0702299912440919,-1.2378606152386278,0.2701817216949803,1.4485813756176213
-0.0018358459571215754,-0.004875907967526684,0.001270680568819632,-0.003535886204390422,0.05563993901483927,-1.2130049999913142,0.099977422110622,1.4045267198797167
-0.0023370293084517507,-0.005671984145589994,0.0015616447757748674,-0.004155619486359351,0.06372090990158726,-1.2299024642036611,0.2026855615139361,1.4319969360575104
-0.0021077646565133066,-0.005288706732967816,0.0014361932420698701,-0.003853851034621925,0.0592452369632273,-1.2214176371281613,0.1468938499399877,1.4177381909399722
0.0020998972919774725,-0.004294957396924499,-0.0014908524323532762,-0.0031277251391256867,0.055821795909649176,-1.237817194014892,-0.0670845888787232,1.4365014593953396
0.0024068732463567465,-0.004794887360157395,-0.0016932667078131888,-0.0035160664030505114,0.05976965657001427,-1.2566683247572266,-0.10741523849422417,1.4630885460691696
0.0029578591140640843,-0.005686958470120888,-0.002024559966398404,-0.004253290597716889,0.07616278180270553,-1.3101379764408618,-0.22963765579300915,1.5425834848322795
0.0026967581181633307,-0.005270843938444927,-0.00187355678613004,-0.0039002458721478198,0.0663905733819994,-1.2813229659597107,-0.16279967026204048,1.4986812889288676
0.0027430039420254324,-0.0059539295245311045,-0.0018193680747829826,-0.004422548472728006,0.07317513803334082,-1.271372577481845,-0.26809257297572375,1.491227078553978
0.0027374716747676354,-0.006198995020323495,-0.0017714272485361362,-0.00460370731648702,0.07572110204077251,-1.2584671703363357,-0.312491243461354,1.477730080976899
0.0014730187657532063,-0.004375938655487803,-0.0010334925401118938,-0.0031596998199698023,0.053649167831325346,-1.2052034338200395,-0.05891886253026029,1.3934941347903402
7.952660491294926E-4,-0.004327855686545425,-5.551212465705994E-4,-0.003105527212629914,0.051154842926991226,-1.1855749559559519,-0.03345031194410047,1.3663977520788275
2.773060543769392E-4,-0.004045832534528317,-1.9485575256672724E-4,-0.002900646320080339,0.051564727660600204,-1.1856240572283436,-0.010001679580114543,1.3667681409851669
-3.3749224994138253E-4,-0.004151811316708368,2.364078039540816E-4,-0.0029753692376398187,0.050676615547310906,-1.1838984927679481,0.013051578701474149,1.3635585154150471
-0.0013000276309350228,-0.00499159559326596,8.860390274463549E-4,-0.003586581534789421,0.0520613683129495,-1.1788608459174321,0.0827559998424408,1.358882001785486
-8.938082120303088E-4,-0.0045793727199866605,6.184275111079958E-4,-0.0032838511318761397,0.05121338589739812,-1.1796882546833605,0.04458823448677573,1.3585439995594675
0.004045888547199517,-0.009202590442062368,-9.047829905419106E-4,-0.007174801138609166,0.14589307163700524,-0.6974494283749063,-1.6948537265974772,1.1123552365353035
0.00415072211577829,-0.009776352346273168,-2.693848043834242E-4,-0.007407178159292523,0.08796863007146792,-0.2684081767365795,-1.915158741231792,0.7045070029915003
0.004150591708243586,-0.009689407868587192,-3.7395206838521957E-4,-0.0073957177635158786,0.10135800435492341,-0.33922011405607366,-1.8990997708684116,0.7774456422076507
0.004042321390718596,-0.009319273161630434,-7.759169417646045E-4,-0.007210849540204623,0.13286714769326344,-0.6143832551806706,-1.7308514444005898,1.026351944192033
0.004104122357317253,-0.009618235457539643,-4.5060533758457827E-4,-0.007340491788044869,0.1048180705549452,-0.39428143403691435,-1.8518534530850956,0.8192191088602653
0.004044224518886781,-0.009423955993333436,-6.600579460341863E-4,-0.007242605914334148,0.1210529798606551,-0.5378287564298878,-1.7629773975652985,0.9485438809108456
0.004067358574730417,-0.009524506244411307,-5.517607955822934E-4,-0.007287912040091256,0.11196342169441047,-0.4642608316892609,-1.804873575065823,0.8800465202551125
0.004256990832501867,-0.010045643931029113,5.906476501632009E-5,-0.007522022978276625,0.056713020061325954,-0.03674384631857603,-2.024944933706134,0.5008633122690149
0.004299076921412121,-0.010143526357736441,1.856490624832932E-4,-0.00755925977570717,0.04300982693688087,0.05266197861119691,-2.0611961621784864,0.42265613852368
0.00430725242190776,-0.010236725789139214,3.0599465152922036E-4,-0.007558761145806469,0.025982242240462968,0.13643995446536927,-2.068402535973495,0.3387533509154455
0.004154370159607315,-0.010026437536034313,3.370117759862198E-5,-0.0074230183256641545,0.047958802014061934,-0.058895213654866864,-1.9484197418827505,0.4898034039010046
0.004073763842524645,-0.009833345425365026,-1.942298214331428E-4,-0.007340523946915618,0.06885221546872715,-0.2207083068256301,-1.8699120962845235,0.6313974056975226
0.004111930526218949,-0.00993252869469644,-7.895529459520503E-5,-0.007381760068680063,0.05823663989946103,-0.13915337100753147,-1.909325790091079,0.5590704100019086
0.004451795215878505,-0.01090274290990043,0.0011946611792164527,-0.007512707173220919,-0.0968594146625935,0.761370240948881,-2.082806383594287,-0.2591135672469465
0.0044554880114853835,-0.010826354657936169,0.0011007399545400283,-0.007549597891845147,-0.08242619657647055,0.6950578699504345,-2.1055723473112167,-0.18871921157807434
0.0044040246564044875,-0.010790734333910527,0.0010351453645844483,-0.007513177762306612,-0.07600990598410653,0.649565513747435,-2.0756791965444563,-0.1597042466061367
0.0043529999666256725,-0.010445672288271075,5.819943007055561E-4,-0.007569035232971948,-0.011181717592081772,0.3305051330897742,-2.0927509653775256,0.15362038662215502
0.004253772136448273,-0.010306267341368582,3.869838429367523E-4,-0.007496854024366861,0.008052837975542558,0.19161197977218247,-2.027235057373179,0.2634597470001156
0.004301096109543022,-0.010380745786130062,4.886091415418279E-4,-0.007530804151531019,-0.0022702179214905117,0.26398399055585187,-2.058848578789696,0.20455484035683405
0.004377391831564727,-0.010737903214425568,9.592901208329138E-4,-0.007507125157317259,-0.06687289772428458,0.596141975222356,-2.067529973077821,-0.11349504580086535
0.0043248828884248375,-0.010691808098673403,8.837474099531016E-4,-0.007472132090398226,-0.059505897451381635,0.5430938647193209,-2.037616084807841,-0.07664516195876042
0.0043206701807267,-0.010513498694708818,6.605194264023848E-4,-0.007520867396447812,-0.026531660672408985,0.3852043866945576,-2.061500662060581,0.0856774394872754
0.0042945716941024635,-0.010585709693558171,7.434721136681676E-4,-0.007475898395796032,-0.04139658185521646,0.4436961113888363,-2.032716254158674,0.016230601303492073
0.004288102240462594,-0.010642580062380813,8.113785927380622E-4,-0.007452649022162897,-0.05208195212844498,0.49183199705005787,-2.0192022687250812,-0.03582291619057477
0.0045503919419690834,-0.011227943313473392,0.0016422720811978214,-0.007434802936268326,-0.15501166658609075,1.0747579073168962,-2.04375607361791,-0.550207645484123
0.004538589646474124,-0.011295164697971089,0.0017133374814005994,-0.007381145312690054,-0.1650841941865595,1.1256062066838979,-2.0070811668780224,-0.6078810151758178
0.004485293978278105,-0.011199279400478143,0.001569295879748435,-0.0073898588443501575,-0.14795579353380248,1.0258280100661283,-2.008212779903643,-0.5228423572461844
0.00446710048727189,-0.011026831514980613,0.0013542563291694093,-0.007467714176382143,-0.118919345810464,0.8740579690498439,-2.0568196472484512,-0.37093232468943493
0.004415439023656959,-0.010972801214270455,0.0012633102410240444,-0.007444580899608476,-0.10902612688245994,0.8110566580813324,-2.0359811233541127,-0.32362834659622003
0.004460520788672114,-0.01110201738236759,0.0014408434044926573,-0.007421607016098723,-0.1316729853059396,0.9355759707799872,-2.0264818330035514,-0.43746572719205556
0.004450497102781543,-0.011165206544343564,0.0015094008692813263,-0.0073767823754875075,-0.14155177060875998,0.9844288478528129,-1.9962976847806768,-0.4921168142443779
0.003933842966996464,-0.009103958346926948,-9.664213811826058E-4,-0.0070426432365936565,0.1371329166023254,-0.7428256166359878,-1.5932006096240587,1.1270189511009647
0.003815661753717438,-0.009022291099344664,-0.0010002673409984632,-0.006915060805254942,0.12576695004552396,-0.7713711643434308,-1.4974184362687974,1.125343425721033
-0.0043629166876830725,-0.0106608376964593,-8.579607968426487E-4,-0.007519654568599566,-0.05255757618040808,0.5246845545572419,2.071476664104956,-0.0444395870389318
-0.004408832441203693,-0.010726540261416414,-9.565057980549274E-4,-0.007542294794620145,-0.06371664029493507,0.594071732862247,2.093322113033493,-0.10028276000233106
-0.004458447476548222,-0.010795701794480857,-0.0010631293659407414,-0.007565138695413054,-0.07619102663567984,0.668774765144761,2.115161710481709,-0.1602009775845328
-0.004594408496639228,-0.011098129967528422,-0.0015105274357586505,-0.007554850945483557,-0.1346863161342121,0.9798999479285718,2.1266152490374437,-0.43409237736575773
-0.004583381367243837,-0.011048819459521292,-0.0014426251044899257,-0.007571063963154126,-0.12567036032766837,0.9326255209208865,2.1358116588533798,-0.3888046092194778
-0.004539634411386153,-0.011010894396753217,-0.0013719522664231672,-0.0075473179943078145,-0.11734162147646351,0.8843368559464275,2.115740453048112,-0.35496217206079184
-0.0045083756730909625,-0.010895374393548507,-0.0012111589255707626,-0.007572295976620219,-0.09519018609154661,0.772093331465173,2.1270733663341495,-0.24944298916281935
-0.004519017831807898,-0.01094836246468091,-0.001283159882210549,-0.007558020703226999,-0.10544842341066075,0.8224963743875192,2.1197673919467905,-0.2980688332747989
-0.0044509581207286255,-0.010878296748042915,-0.0011639005921123566,-0.007522822041584478,-0.09228463771060515,0.7397582566521796,2.088768463911963,-0.23682561493045381
-0.0046011589518351066,-0.011155190821449328,-0.0015851702902270426,-0.0075285059398591475,-0.1452977307819234,1.0322934274548219,2.1101694127722355,-0.48634301843055566
-0.004553501504416973,-0.011134911422690633,-0.0015325021936162674,-0.007493309500187169,-0.13980363413785402,0.9970885427186846,2.0825429883749687,-0.467602704856718
-0.004600001111044895,-0.011209726555832964,-0.001651066060821006,-0.0074943423383612385,-0.15454997924284541,1.0788434226238026,2.0876068127184992,-0.5355911524798613
-0.004600213392580024,-0.011268412582796794,-0.0017216392754262242,-0.007457528478923141,-0.16398992326335304,1.1286879460800405,2.0631360919273454,-0.5878304671232942
-0.004662061316723295,-0.011354543628541137,-0.0018651934536367302,-0.007460178196190627,-0.18095567242720456,1.2268749958333183,2.0697662451183727,-0.6669526387801471
-0.0045996764161550215,-0.011330236928701746,-0.0017941099192453627,-0.007416375341240836,-0.17342092074254667,1.179903687697869,2.0354577109527927,-0.6418451554611542
-0.0052890720773419555,-0.01241140533142327,-0.0035709047943588007,-0.007002384266840809,-0.3185098373064074,2.387744600408629,1.7465526589043885,-1.6360632489346252
-0.00525836931635777,-0.012384569623992156,-0.0035106874557615277,-0.007010277466872787,-0.3159945811712606,2.34635738052452,1.7534146507607271,-1.6065714397249276
-0.005228468237738658,-0.01235685204488047,-0.0034510161395779476,-0.007019320656488612,-0.31315386213853597,2.3055277310762325,1.7610032512370986,-1.5770140837388835
-0.0052100537225623165,-0.012323749403770758,-0.0034009813904748386,-0.007044038920861509,-0.3118896511360974,2.2721063936159474,1.7804795147490053,-1.5486050980547075
-0.005153714963298493,-0.012266063418710144,-0.0032845013268505167,-0.0070644645946805725,-0.3058800800200419,2.192930512055118,1.7967494180866344,-1.4897726650738403
-0.005173258121805173,-0.012302573052625193,-0.0033388808218817764,-0.007038036813783074,-0.30769474413925296,2.2293324181762704,1.7762222741807956,-1.5209747581082131
-0.005080592277734553,-0.012144845803026194,-0.0030923632828764695,-0.0071390254330119885,-0.29603054371998433,2.0633847590321555,1.8535408293313418,-1.3819384846348195
-0.005115796215497314,-0.012241829175127141,-0.003219332214417334,-0.007059988012079147,-0.301161947730209,2.14848518355505,1.7934326137354708,-1.4603095576378213
-0.005092546278112164,-0.012193155983930016,-0.0031497409201105384,-0.007095394829212199,-0.2981937468649443,2.1019329080309426,1.8204067014392826,-1.4195295175820382
-0.004664899201740029,-0.011415586055554039,-0.0019386659377737313,-0.007419773735630005,-0.19006579126269144,1.2785168614440765,2.0423906690872493,-0.7202997754842624
-0.004667586957064935,-0.011480521224824415,-0.002015016004884238,-0.007374665202224358,-0.19915911082492196,1.332205519242538,2.011508291422459,-0.7759757523482897
-0.00467948437363414,-0.011550315760384063,-0.002102212686988873,-0.007332602520450362,-0.20886411272268185,1.3929498872066373,1.9830071272847918,-0.8356221003324383
-0.004762893627965174,-0.011672125843211317,-0.002303323216056146,-0.007311579702243147,-0.22970314130902694,1.5296681472962523,1.9722429425681607,-0.9470632981154493
-0.0047249396585335715,-0.011616482689625342,-0.002211252758239465,-0.0073223966689024205,-0.22052028579827423,1.4671617753042006,1.978151818803019,-0.8961059081271978
-0.004657400630620065,-0.011626199320814408,-0.0021670486983018868,-0.0072521586620422065,-0.21580045238386256,1.439611106714371,1.9254393686790034,-0.8939637336297821
-0.004793259249661775,-0.01172722263007825,-0.0023886283170359147,-0.007292370812912547,-0.23850723922484054,1.5877207791959427,1.9598129848621972,-0.9964208987566664
-0.005036642294641748,-0.01213275577092554,-0.0030327976656559824,-0.007113566711969613,-0.29062493507486836,2.0229768128187438,1.8340866093010273,-1.3598509441786373
-0.005030122981209176,-0.01209055737290136,-0.0029864663976021787,-0.007153547658724372,-0.28843280717382236,1.9918220743633839,1.8640621167066922,-1.3279695573796935
-0.004999335515507578,-0.012055510588905588,-0.0029204354490552403,-0.007163423977556148,-0.2837794242994049,1.9471974842829953,1.8710533032414733,-1.2938615337318244
-0.004967323774327127,-0.012016667810842022,-0.002849722687469596,-0.007175294175806369,-0.2782451933944903,1.89958726517534,1.8793790062096412,-1.2567999494873439
-0.0048233037680935524,-0.011780624024585407,-0.002471855261609096,-0.007272627261439644,-0.24634762243239747,1.644128664404203,1.9468191734403073,-1.0442050155737006
-0.0048660547753584076,-0.011835885566294346,-0.002568820980551199,-0.007261142917494823,-0.25555254129767246,1.7095553615312116,1.9399146070439213,-1.0959914759001605
-0.004898781183189451,-0.011880237624578967,-0.002645535867651009,-0.00724912602312988,-0.26230768244642133,1.7613724771251213,1.9320725856885166,-1.1373174923102236
-0.004936859995669463,-0.01197218475354068,-0.0027752888309422346,-0.007193237001509401,-0.2724430214266127,1.849447307820783,1.8921074093682486,-1.2160821627311276
-0.0049092296174035035,-0.011925996590007952,-0.0027019437851338846,-0.007214174615435247,-0.2667614835691419,1.7999489362752084,1.9068003100636048,-1.1747277201258022
-0.005281177019986714,-0.012455498144527425,-0.0035953397635688175,-0.006939786179113831,-0.31591786979149766,2.4015743647498624,1.6974729188437598,-1.6594306403793853
-0.005278577522327372,-0.012501265498964399,-0.003626313224473031,-0.00687926137052227,-0.3137809702040353,2.4194996999493483,1.6500162206386142,-1.684538458433842
-0.005286502462045826,-0.012544200171901282,-0.0036674127523051666,-0.006830320632459494,-0.3123887157035885,2.444528751999541,1.6113682036990713,-1.7114168878213967
-0.014869097381817622,-0.008863386307324788,0.0018943084169831153,0.008115025643281515,0.29689738934218624,1.5515380472863705,3.2823672287932815,-0.3073778148309048
-0.014865501922029584,-0.008848092431344247,0.0019198523395610701,0.008109020652711778,0.29986368367661487,1.5728133041212775,3.277087772739133,-0.3279437765266722
-0.014881129348383126,-0.008852665025849776,0.0018999691622854156,0.00808321409506215,0.2913198406093213,1.5501674767380986,3.2613249427774704,-0.3189839409011483
-0.014872644766016243,-0.008878691396530594,0.0018687576016609027,0.008120947617351097,0.29513630121717715,1.5303872688062128,3.287537894447114,-0.28673637679016134
-0.014884706434391532,-0.008868052426922448,0.0018745096854969896,0.00808920150439129,0.2917618812963234,1.5293562879086693,3.266379045647804,-0.29855026909252397
-0.014876144037403229,-0.008894007537775724,0.001843210996066552,0.008126784057018253,0.29482517541154335,1.509404484361404,3.292538813585485,-0.2660766860813155
-0.014888174218391281,-0.008883419534821422,0.0018491222959296043,0.008095194977101454,0.29183750087298144,1.5086121910390136,3.2713515785053637,-0.27815047370706164
-0.014879595159429935,-0.00890933457005921,0.0018176462602457518,0.008132540221823237,0.29389138205807225,1.4885497152158702,3.2973335212867334,-0.24541257581510412
-0.014891569080654046,-0.008898765626685207,0.0018237785386295456,0.008101126841959015,0.29183635254658663,1.487872681428552,3.2762322597263718,-0.2577672451517006
-0.014882998096217483,-0.008924672332571876,0.001792093991321978,0.008138209436018487,0.2940729523498343,1.46786589534244,3.3019173202309298,-0.2247694314772265
-0.014894880752552221,-0.008914109401105553,0.0017984601794312773,0.008107030928941909,0.29183617886702184,1.4671316485524637,3.281058225853245,-0.2373693214273467
-0.014886352812552905,-0.00894002066470317,0.0017665842902177076,0.008143785181368345,0.297651535682781,1.4472685150739835,3.3063034249398204,-0.20419281600526443
-0.014898148923504622,-0.008929467916787514,0.0017731063170913133,0.00811284917098455,0.2911354555180426,1.4462907445907567,3.285783003739773,-0.21690270144894122
-0.014889659273885171,-0.00895537940604795,0.0017410487172456821,0.008149282520889041,0.3001603710576959,1.4264549184360245,3.310539613799674,-0.18364994503810086
-0.014901470786248523,-0.008944844830692984,0.001747641225884261,0.00811841050201787,0.2899919785003427,1.4252220038302752,3.2902904451374906,-0.19634216759444548
-0.01489291744632119,-0.008970748396413332,0.0017154456373440804,0.008154710244373867,0.29970956377288355,1.4053461730412782,3.3146947884710216,-0.16306057631372206
-0.01490482721798741,-0.008960232439582225,0.001722099393068246,0.008123742235706702,0.2894484607143614,1.404052574191131,3.2945988931837005,-0.17573220385315944
-0.014896127296621684,-0.008986127475825481,0.0016898075837966887,0.008160061357902535,0.2990709227016808,1.3840928358980602,3.3188058003333274,-0.14241062790571607
-0.014908140482707206,-0.008975632759185075,0.0016965409195110446,0.008128985583432046,0.2893631986075613,1.3829155106535966,3.298765219476595,-0.155101313143335
-0.014899288792197039,-0.009001516484536438,0.0016641472680731528,0.008165333086997562,0.29842454601576257,1.362768439019737,3.3228516506476944,-0.12170753392924037
-0.014911395360637694,-0.008991047551971866,0.0016709684549970148,0.008134170433318157,0.2893148898483137,1.3618098994529708,3.302788480113836,-0.13445687303174678
-0.014902401901103014,-0.009016915263030919,0.0016384629314242667,0.008170525709435147,0.29726508965102477,1.3414175132288184,3.3268039105137253,-0.10095410590545008
-0.014914588260738345,-0.009006473235862043,0.0016453889744992443,0.00813930069303921,0.2894068275711166,1.3407344042731857,3.3066829601903875,-0.1138048029013448
-0.01490546659203643,-0.009032323652033134,0.0016127735339515681,0.008175635382221253,0.2967667636815072,1.3201130784841084,3.330641385372136,-0.08017355939476324
-0.01492075317688432,-0.009037325384361099,0.0015942769088630668,0.008149438902083474,0.28944304899793855,1.298673784507195,3.3141485051923456,-0.07248599804447574
-0.014908482834330765,-0.009047741492513606,0.0015870834368719852,0.008180661213946153,0.29741187086166637,1.2988503156747313,3.33434713166753,-0.05939295244214932
-0.014917702512273772,-0.009021901739100344,0.0016198253900924313,0.008144401122224585,0.28955149718268386,1.3197016224906262,3.3104751211525865,-0.09314949388423516
-0.014810140026172798,-0.008635246202199699,0.0022745624926982454,0.008016758732028428,0.3043491874065999,1.8636148463417184,3.191993107975773,-0.6113038988576766
-0.014825757790436203,-0.008639052074382954,0.0022538212821853272,0.007991923620564742,0.296051340637908,1.8395528003906063,3.177492776742323,-0.6013945625367499
-0.014805828367996316,-0.008620139971822548,0.0022997156703699812,0.008009579481439134,0.30366167893809637,1.8840565482897624,3.185014359417717,-0.6312458936356073
-0.014821431758967758,-0.008623891046899406,0.002278950533786595,0.007984828936583132,0.29675221498227566,1.860028233161007,3.1705833897652824,-0.6213084617718949
-0.014801469324203571,-0.008605047553236286,0.002324855261135208,0.008002318554561981,0.30359575952004997,1.90443810130762,3.1779036457228,-0.6511673416736247
-0.014817095135607033,-0.008608745525029306,0.002304019445872721,0.007977593516185507,0.2974848251011722,1.8804052750438773,3.1635164684099517,-0.6411596454370591
-0.01479706294397708,-0.008589969109727749,0.0023499839173616983,0.007994975168407472,0.3039871711348219,1.9248110892797108,3.170641432539878,-0.6710622919759709
-0.014812728955292396,-0.008593614436657534,0.0023290454515086417,0.007970249150075036,0.29805556038879416,1.9006997452723147,3.156317605541805,-0.660951243235332
-0.014808317862119733,-0.00857850028847743,0.002354039668307385,0.007962824755616575,0.29855823339778115,1.9209327987669302,3.149007950188867,-0.6806911793301113
-0.014862191902274979,-0.008719150823649258,0.002107911202394973,0.008001895535243067,0.2936599479215809,1.7197141336648782,3.192278318436705,-0.4976284234059995
-0.014858212735775186,-0.008704007813895276,0.002132794107167312,0.007995197782817586,0.29394112998732075,1.7399795736985444,3.1860199275547116,-0.5174446106360363
-0.01485428958147343,-0.008688806783173067,0.0021576559233634465,0.007988170216053518,0.29428035062849395,1.76019989527107,3.179452487102447,-0.5373210781439233
-0.014850323120361482,-0.008673512724148088,0.0021826346403366497,0.007980958765300734,0.2947261283556943,1.7804911935310146,3.172679785965387,-0.5572903938013979
-0.014846181319222296,-0.008658163008375405,0.0022078035644425387,0.007973833374066057,0.29526260416487293,1.8009307642474786,3.165896941669983,-0.5773011560499265
-0.014841822065391733,-0.008642853573936427,0.0022330760020364744,0.007966957572792454,0.295814026951638,1.821457435378217,3.159229205310726,-0.5972331507444625
-0.014842921746160495,-0.008756573701192635,0.002072352556610075,0.008071394370757221,0.30111323872666296,1.6985700989761774,3.243516498045698,-0.4501497942096277
-0.014854445544552036,-0.008745498490298763,0.002077624165331676,0.008039776004987785,0.29322402179173035,1.6958305541976755,3.222607518943352,-0.4611915242761178
-0.0148468048396387,-0.008771796903417485,0.0020469710267704,0.00807786866635279,0.30017313347790847,1.6777347768774533,3.2493914997515376,-0.4298557812391694
-0.014858384751997517,-0.008760766158953978,0.0020523261035821114,0.008046246664513514,0.2930003872151979,1.675110062476494,3.2285533321542705,-0.4409790891154392
-0.014866243607506845,-0.008734319335048835,0.002082879827967289,0.008008309196967552,0.2933535009936658,1.699306119197437,3.198266742205585,-0.4777715729483126
-0.014401682533148405,-0.007507695765492963,0.004044675194167274,0.0071434078974351055,0.3813687059055264,3.169791406742519,2.246828115315608,-1.9340863884958417
-0.01440051438914587,-0.0074822247958685195,0.004064564087109785,0.007104042756164841,0.38189835631743413,3.1740819649290595,2.2106728488809204,-1.9495997704994648
-0.01440992526334544,-0.007493001324627477,0.0040419697225811775,0.007110108963169819,0.3796287483827409,3.1574345476142436,2.220954534402655,-1.9361973059311275
-0.014416845494649614,-0.007536322214654616,0.003999697491721084,0.007170674572774568,0.3776609345017376,3.1409119588408134,2.279208185768898,-1.905293979783756
-0.0144103166350779,-0.007521707075345666,0.004020779348167782,0.007155368285963102,0.37925538234106865,3.153719960557103,2.262047261092587,-1.919127591011773
-0.014432025638724328,-0.007537938644276347,0.0039744958339553325,0.007154712692487654,0.37425362518956257,3.115439291397893,2.272435025430936,-1.8927706028601041
-0.014492179368730923,-0.007650727268329914,0.00379349736310262,0.00725392396544938,0.3600191003441033,2.994348978736354,2.3918449172355265,-1.77482364250968
-0.014500917395131692,-0.007661418572134135,0.0037714421999361304,0.007258834485963455,0.3580468141160902,2.9774867939111904,2.400472290935006,-1.761183817982347
-0.014459447249287131,-0.007575341252812816,0.0039034797146141353,0.007179463570656407,0.3678246494264632,3.0643041956322503,2.308438164276346,-1.8489901455207807
-0.014450488054985456,-0.007561545442274647,0.003927912120513772,0.007169083737395904,0.3699239637267479,3.081386233396962,2.29462517193535,-1.864349585501705
-0.014440856012116098,-0.007548682963136948,0.003952637654375087,0.007160808738937866,0.3721680432010213,3.0992794556047376,2.282358037005825,-1.8795410904079397
-0.014479371482339722,-0.007622247863425621,0.0038360768894558908,0.007226816978126545,0.36307159288152874,3.0220997793563518,2.361064293676443,-1.8035961637120859
-0.01449092675995051,-0.007635316883376342,0.003807909999717203,0.007232036701158685,0.3604080879231657,3.0003455987653287,2.3713802306495846,-1.7864614476286784
-0.01446823544844749,-0.007589620748354276,0.0038788738047898868,0.0071906215149358564,0.36577834320111213,3.0472582533128034,2.3228527775901107,-1.833349839354179
-0.014477865823313976,-0.0076054612684272474,0.0038516704298678923,0.00720292893271035,0.36350079582512596,3.0283608783601683,2.338696346305148,-1.815973273363206
-0.014521237028800982,-0.007732145744921193,0.0036808475778970025,0.0073383502186890595,0.35308179796238187,2.9230920070557835,2.482298739331721,-1.6949280001817344
-0.014505841433485912,-0.007704509636898451,0.003727829267832356,0.007317521889114847,0.3565847158938808,2.956762360869123,2.456118073863941,-1.7262950681451692
-0.014500388404025075,-0.0076898123516554945,0.0037485569108230052,0.007302553580380782,0.3578590781119877,2.9700582054872733,2.4399361445475507,-1.740949667495357
-0.0145301342153862,-0.007717966612923044,0.0036798797625531596,0.007305254168078913,0.3513970209117285,2.9139896727808168,2.4563508491197275,-1.6998982818400272
-0.014521468963088072,-0.007706756704544765,0.0037024323833342683,0.0073000828997705335,0.35331596156342887,2.9312838683825,2.447623481098646,-1.714084768790563
-0.014511084724861645,-0.007674801498840346,0.0037449862960022887,0.007265796854777046,0.3557943672868102,2.9575348459554642,2.411614405359004,-1.7446044731439085
-0.014819991103459836,-0.00856691737441766,0.002357884081089079,0.007930561030288273,0.2982280120108432,1.9224974147976077,3.1234719865371043,-0.6957723203359989
-0.014703615942745754,-0.00822252269968139,0.002924650669552729,0.007739389802453345,0.3158175454153698,2.3734008179281036,2.920871449555335,-1.1335283649208492
-0.014698082151873411,-0.008207754107695987,0.0029488495447584054,0.00773001972876912,0.3168065999139782,2.3922506724040375,2.9105287808280838,-1.1518612742818035
-0.014692419368350614,-0.008193005159125343,0.0029731191622550117,0.007720710674880338,0.31788398004645174,2.4111378052347106,2.9001665926135725,-1.1701532330804545
-0.014686636178008578,-0.008178328780952367,0.0029973910632429272,0.007711513174084414,0.31895984689526397,2.430015331251792,2.8898308056226796,-1.1883489901908082
-0.014680816693265458,-0.008163717066707356,0.003021570461873112,0.007702282263091731,0.3199730336970404,2.448789624023352,2.879416111038053,-1.2064343454485886
-0.014675056854917462,-0.008149106062333537,0.003045606691225691,0.007692785686165535,0.3209572040361668,2.4673851436541026,2.8687448211190403,-1.2244426249333091
-0.014639422424734162,-0.008061213555340887,0.0031900069008684207,0.00763361167259984,0.32789422463399825,2.5781422026839693,2.8016726161196672,-1.331781481018732
-0.014645550743031097,-0.008075819054974585,0.003165915647701968,0.007643552192490344,0.3266747600991314,2.559754795653644,2.8130683563292984,-1.314029430325934
-0.014651599750135476,-0.008090458201507488,0.0031418223121425786,0.007653487810273652,0.3255051175615464,2.5413300354161343,2.8243999481502757,-1.2962051501773837
-0.014669333419549423,-0.00813445197263737,0.003069575252847052,0.007683006155932815,0.3220053215623558,2.48585579404044,2.857795515286332,-1.2424217008009213
-0.014663528068859734,-0.008119769181192386,0.0030936105973543193,0.007673148851475116,0.32316121225760175,2.5043359752917485,2.8467161260295852,-1.260392686673155
-0.014657600826536712,-0.008105101239034473,0.003117716961273245,0.00766333061385313,0.3243440638296103,2.5228503759874177,2.8355978067451186,-1.2783299494253122
-0.014748658172871909,-0.008298174173554556,0.002779876458243237,0.007756970570899621,0.3074725066104407,2.2540432482821475,2.9523778341032987,-1.033515092883391
-0.014743093800512516,-0.008283105271879814,0.002804639806681724,0.007748292376905586,0.30838838269174257,2.2735214032358155,2.9428387900283677,-1.0522984200076042
-0.01473727921692701,-0.008268289868953269,0.002829339997879954,0.007740150600519832,0.30936388309238483,2.2930137550645213,2.9336512877893814,-1.0708285795559016
-0.014731294708717821,-0.008253738114221025,0.0028538781526682585,0.007732428060267281,0.31039221146236495,2.3124217018615187,2.924740364106434,-1.0890783280423761
-0.014725470241255428,-0.008239258148525387,0.0028780858568563626,0.007724356426631887,0.3114100003341637,2.3314832828375747,2.9155422904148725,-1.107157029801681
-0.014720043881977132,-0.008224602759189516,0.0029019550895869888,0.007715251494555425,0.31235132409042027,2.350072265510223,2.9055349844232095,-1.1252433353183804
-0.014753988932064956,-0.008313424929800821,0.0027551061750321873,0.007766071305577699,0.30661410066482014,2.2346065958106034,2.962172376136817,-1.0145451185408865
-0.01475905243691715,-0.00832881063798456,0.0027304151204770003,0.007775595991099654,0.30582051789538583,2.2152805133032785,2.9722096361764057,-0.9954422321654687
-0.014763652037003222,-0.00834420497852595,0.00270617625051132,0.0077857300687734715,0.3051194286145478,2.196398563992702,2.9825865480824567,-0.9763930582344328
-0.014767358323110531,-0.008401207484664224,0.002630693316619657,0.007844438583725537,0.3055069964959352,2.141423257300012,3.0347209354476683,-0.90850630890687
-0.014768255585315493,-0.008359357611616118,0.002682153570266495,0.007795407077248305,0.30442921170320364,2.177598749807119,2.9925302597336434,-0.9575482968519583
-0.014773368319304751,-0.008374218870690725,0.0026578408620085672,0.007803721847749149,0.3036260966762207,2.1583375625241694,3.0014079372163986,-0.9388585769404006
-0.014778714826518808,-0.008389029940652834,0.0026332698908471635,0.007811410101824825,0.3027988312820546,2.1387575546048763,3.009778604867695,-0.9201317583925711
-0.014786881142402739,-0.008461351113462011,0.0025320131344788335,0.007877432745245381,0.3026395853168378,2.0626495766021633,3.0691325095053297,-0.8317319099527952
-0.014782021409254859,-0.008446320882392886,0.0025567416534073976,0.007869417302626717,0.3032242614096024,2.082447103511027,3.06079565052856,-0.850978698398421
-0.014777297126082918,-0.008431257740729024,0.0025813037140113436,0.007860958162650533,0.3038847346198978,2.102041550320687,3.052069940192943,-0.8702031572252719
-0.014772422585411261,-0.008416203125024004,0.002605959448723096,0.007852591294437336,0.3046798411734292,2.1216996510477597,3.0433473067249124,-0.889394817834991
-0.014803258075113504,-0.008464500529450436,0.002510225729029102,0.00785253105590987,0.2992604245462338,2.0408393139119565,3.052717910420489,-0.8247008483391763
-0.014817906740922768,-0.008510011616723942,0.0024355061291589306,0.007875462540896381,0.2972760145469943,1.9809228359062114,3.0764794580851285,-0.7667000926581721
-0.01481344494459602,-0.00849487382843705,0.0024599775547018837,0.007867299117381975,0.2978398894856252,2.0004808258105453,3.068275512927727,-0.7859635524151488
-0.014808580136362286,-0.008479600150991922,0.0024849955241684012,0.007859516457396633,0.2984966066757581,2.0205254245486084,3.0602423161948855,-0.8054136646645338
-0.014822581105669606,-0.00852493790464818,0.0024110325011325842,0.007882861432621303,0.29664984880937867,1.9612525689041267,3.084049265294075,-0.7476258744049625
-0.014832202146585644,-0.008555212267911158,0.002361097267279226,0.007897090034964612,0.29541061837710286,1.9209983285685917,3.098657425501434,-0.7088445077561484
-0.014827538254059606,-0.008539965101422674,0.002386083739693592,0.007889694712162732,0.2959918699607808,1.9411101860834707,3.091176027121571,-0.7283641696285305
-0.014606040785953428,-0.007946244405468534,0.003356269193805436,0.007527366618663058,0.3342405576466267,2.696110899777045,2.6919703214358663,-1.4607032078017994
-0.014567074119251774,-0.007860753106457565,0.0034957495601099244,0.007463167880096051,0.34256751495193916,2.7987675591880965,2.616792290094962,-1.5601261694036805
-0.01457946472594296,-0.00788945599759269,0.0034502155567981492,0.007486384015919061,0.3398882894366006,2.765909842422159,2.643347097610313,-1.5274891958168153
-0.014573283980520909,-0.007875198325555952,0.00347291381723043,0.007474968895374179,0.3412098349164054,2.7823470224581794,2.6302615105608833,-1.5437666543311972
-0.014615732216714307,-0.007932693896756894,0.0033564466359862805,0.007494236016656796,0.33251271353003303,2.689363848677879,2.6659703556846917,-1.468069378501765
-0.014608949282926796,-0.007918754467734823,0.0033797814359135497,0.007484771672924685,0.33389514781139257,2.70681291093847,2.6545061080787034,-1.484514893375301
-0.0146026659772333,-0.00790456855352504,0.003402595503692623,0.007474071212517011,0.33522323345270205,2.7235251806252827,2.642117695264879,-1.5008244609386319
-0.014595805130771328,-0.007890874423107255,0.00342566871404796,0.007464739966734773,0.336662400140471,2.7407145516435594,2.63069612371507,-1.5169392866436127
-0.014539086445247165,-0.00780325603843757,0.003590556785843833,0.0074191845073153335,0.3487283297488278,2.867726701401942,2.564205565219629,-1.6262892465715566
-0.01453233619327754,-0.007789144841120796,0.00361345375815305,0.007407804813148014,0.3502326216456102,2.8841136489037225,2.5507582870247583,-1.642235257405435
-0.014525591666346259,-0.007774852122945732,0.0036364242212113228,0.007395985896014672,0.3517673567093081,2.900407626283616,2.536892511225268,-1.6582241461062883
-0.014555686122286693,-0.007804046967415823,0.003565537619462917,0.007397162841864647,0.3453658389424883,2.841690404242982,2.551584220384513,-1.6153299957659455
-0.014563766071106524,-0.007817682872859734,0.0035411890849756738,0.00740567796687041,0.3436141302264733,2.82345777484273,2.5629524612149237,-1.5990153177578073
-0.01457196805265574,-0.00783238309325623,0.0035156185425527856,0.007415377358632562,0.3418345678652526,2.8044655285462174,2.575414749597416,-1.5816758567029476
-0.014577959492289497,-0.007847647071575337,0.0034926194496826203,0.007428824942217943,0.3405256145760522,2.788431914567802,2.5902687907520274,-1.5650975025558678
-0.014535714301231644,-0.0077614479366471855,0.003633466781832796,0.0073622157981542225,0.3498135506435462,2.889713333130881,2.5106866198088262,-1.6625294042307086
-0.014529450607365282,-0.007746545338847187,0.0036559743648591505,0.007348672112615043,0.351243695535623,2.905043388484646,2.4954913490931534,-1.6783406073347773
-0.014649858749962353,-0.008048205379674371,0.0031901408000213614,0.0076001661441512025,0.3253780924513918,2.57155788305726,2.775860399339495,-1.3398610893666243
-0.014625844807367302,-0.007990632557927837,0.003283406265108074,0.007558982216527091,0.33019337767530516,2.641618774289706,2.7288990605605714,-1.408204670437861
-0.014619798261821207,-0.007975704580585012,0.003307141784774538,0.007547609207117208,0.33139911928729143,2.6591794973431564,2.7160915246457518,-1.4256228540452496
-0.014613139945276661,-0.007960800862407318,0.0033316130653644363,0.007537010304366939,0.332763856883787,2.6774794803820345,2.7037046272737815,-1.4432458076758425
-0.014660316421109465,-0.008034965870550597,0.0031903475304302866,0.007566522767379284,0.32350294059334267,2.565384562387958,2.749671465985102,-1.3480845729958004
-0.014653637507263938,-0.008021251125728032,0.0032137667682353363,0.00755837672554618,0.3248094113672169,2.583359317186188,2.7396391523905774,-1.364731857091617
-0.014648391400886064,-0.008007310344128942,0.0032354412172504866,0.007547600123003589,0.3258425507535975,2.5993588984651272,2.7277758859305803,-1.3808562770171482
-0.014643077407275398,-0.007992798992862723,0.0032577212622876693,0.007536011341981387,0.3269223189294043,2.6156460734341516,2.7151482319204194,-1.3974531953442046
-0.014278574800238815,-0.007278028554032185,0.0043919099535604635,0.006903476857833839,0.41239012961952215,3.3741517115961237,1.9661078088210964,-2.1453817305975678
-0.014274590583942006,-0.0072617998548860935,0.004407351396350251,0.006880269591691314,0.41334742917729106,3.378244993175929,1.943374385486569,-2.1547091814482973
-0.014277169567064877,-0.007241902758810167,0.004413500424373609,0.006844269616200182,0.4128467612373745,3.3700694747832043,1.9131819737690143,-2.1593803831831484
-0.01427859606779233,-0.007223969624461295,0.004420332757328094,0.006812828738444132,0.412458962418412,3.363944122568887,1.8864853291172439,-2.164023180868899
-0.014291002690322666,-0.007289980577377424,0.00436450490848737,0.00691068070022014,0.40918519432108225,3.3544849470620193,1.979377147952324,-2.1302537014537872
-0.014332995072016208,-0.007323505936185452,0.004275815932269499,0.006922176235979731,0.3988769697902595,3.2867021101657428,2.0125037356740005,-2.0815519318502393
-0.014321594924194601,-0.0073105693715185245,0.0043020676112435095,0.006912923703252042,0.401680691718363,3.3047172349715876,1.9981391777333812,-2.096338865815945
-0.014308455504510077,-0.007299200106922272,0.0043302755613806075,0.006907878510825098,0.4049475773544127,3.3257790351420637,1.986512722268859,-2.111894906292767
-0.014342897584707989,-0.007337311216010146,0.0042514556414095595,0.0069342492429938256,0.39643173250241953,3.2711538367839563,2.028529761466917,-2.067549923453423
-0.014351467482227495,-0.007351489179223292,0.004228963130492875,0.0069481844853469974,0.39430434721599616,3.2576953683510905,2.0454769653913885,-2.054358985904446
-0.01437309875592175,-0.007392460782505757,0.00416846223039741,0.0069910064088175355,0.3889364665905127,3.222919579097106,2.0950394577648184,-2.01797617952542
-0.014366072858190075,-0.007379674611872694,0.004187888350274462,0.006978077316174857,0.3906624731914626,3.234423592373634,2.0798082215616804,-2.0296912392007775
-0.014359118976111094,-0.007365644227017767,0.004207876613795857,0.0069629207276954595,0.3924177169787448,3.2455783780940473,2.062644140625526,-2.0417856247312263
-0.01438039968669465,-0.007438693412241552,0.004126603840958895,0.007057486987636196,0.3868259957446012,3.2103257710104045,2.1583387021923266,-1.9890726053857575
-0.014385315576365677,-0.007453441401861114,0.004108768236755989,0.007075601166528297,0.38566570920893023,3.20145926994667,2.1771588292560153,-1.9773690021824806
-0.014398423911108535,-0.007465625728658947,0.004079401377211308,0.007079920648513537,0.38248694240416287,3.1787766017080195,2.187839812739419,-1.9604492183060793
-0.014381327413826665,-0.0074066211701750775,0.0041461267794511356,0.00700467663578998,0.3869524654825313,3.209235325951967,2.111572498043985,-2.0045049096912524
-0.014390971553718483,-0.007421658137966057,0.004120842053372848,0.0070179851811312316,0.38460529703317453,3.193007351837976,2.128498543184762,-1.9893561066973502
-0.014247283108762701,-0.007157355222272847,0.004505115017733727,0.006731073506241732,0.4203375899317817,3.400580967856157,1.7978507685401637,-2.2101606516885632
-0.014254664654340516,-0.00717334403672432,0.004485261787415558,0.006751042976655877,0.41857910610922133,3.3924772680926045,1.8192893668410703,-2.1995532709092895
-0.014268633737101242,-0.007183991989469212,0.004456762834708597,0.006755625015548256,0.4149926315605105,3.3714893412023472,1.831192167622105,-2.1845312895054003
-0.014280329390529834,-0.007202184230086767,0.00442835928106882,0.006774756806786664,0.41214933046915897,3.356111279465974,1.854320590238523,-2.169243377807416
-0.013818624784681351,-0.006550896255387281,0.005386019858245645,0.005961478941445941,0.5248518093598563,3.714546561415438,0.9132398464762969,-2.561879420562778
-0.013846239463162954,-0.006565069699866011,0.005337537335638112,0.0059749155731571085,0.5173539607986685,3.685940950117875,0.9421470081145218,-2.5433061131309884
-0.013869007798820516,-0.0065821295323413645,0.00529746535221145,0.005994883648226084,0.5115102582347677,3.667082839642996,0.9722311797461581,-2.5293355304492384
-0.013886685058182106,-0.006599750434156568,0.0052660955406600134,0.006017644166714316,0.50710434418067,3.6561064216535306,1.0007632331619751,-2.519438959278671
-0.013914393349510916,-0.006635264237697345,0.005216000863567684,0.006066402280069162,0.5008180925119451,3.644745690888289,1.0552490712182898,-2.5050998834399825
-0.013911257951913288,-0.006606062601315563,0.005223042789097646,0.006017080593400197,0.5002266484720267,3.6237670396242962,1.017084560694285,-2.500353247473544
-0.013941128610343596,-0.006653354341125678,0.0051681193053813345,0.006084389589450899,0.49364577712712976,3.6184093523420238,1.0864644832582293,-2.4864362666666397
-0.013955181334699857,-0.006685860492875743,0.005140691314560797,0.006133531863830704,0.49121669125879963,3.623320290901703,1.1325216075049402,-2.4811258593648424
-0.01397854734028342,-0.006711284996897848,0.005097151925631885,0.0061648518151053424,0.48548122883584466,3.6065695988179454,1.171542639579038,-2.4655293024661753
-0.013995795048452638,-0.006759604930323482,0.005060394749723811,0.0062389807374883055,0.4822384210504227,3.615944055545444,1.2397662802316545,-2.457739436476366
-0.014003277929452267,-0.006730001399831358,0.005051772790236743,0.006183075869928889,0.4791689090378162,3.5815978260737595,1.2015173251869256,-2.4470497654366565
-0.013824292941659698,-0.00651821477832475,0.0053753080546220305,0.005901864649496935,0.5211045720131825,3.672853302456097,0.8752551649916086,-2.5458825876866835
-0.01382943574087889,-0.006484498705955872,0.005365261446509597,0.005841374738909205,0.5173932850189763,3.63135556142188,0.8371932225783655,-2.5296725559700417
-0.013831893473094714,-0.00644974923112359,0.005359525291998645,0.005780814586759963,0.5143170239695055,3.5928854393973135,0.7980644448296533,-2.514855952329888
-0.013508216369299867,-0.0060681811068422145,0.005834492665653588,0.00519789571648192,0.5728260918146191,3.560501270906076,0.21840508782151494,-2.5417439106216193
-0.0135481011079102,-0.006095676200203669,0.005776939148660442,0.005241766923084866,0.564329944180655,3.551337793424751,0.27143651848449607,-2.5353632838553715
-0.013577001678973407,-0.006132327353678255,0.0057392068459072776,0.005300414793969311,0.560511885523121,3.564099703662542,0.32397568768287527,-2.539679820207717
-0.013604708115487888,-0.006170279461303859,0.0057027044315923,0.005360850692980979,0.556762691803894,3.578265765486837,0.37740957825571064,-2.544242837940741
-0.013632696980860786,-0.0061923595391880915,0.005661125146990104,0.005394192258760547,0.5506995854545932,3.5713360352169103,0.4169036219245969,-2.5384104262847154
-0.01371614087724198,-0.0063706223138500296,0.005551223663409362,0.0056805954473223555,0.5428158038864183,3.6712634741851544,0.6500774990159441,-2.5708700793626833
-0.013703603922906274,-0.006346696300904788,0.005569489295118461,0.005642515985780592,0.5443564009719312,3.66128939438608,0.6169397895487441,-2.5689515355433694
-0.013635698904275406,-0.00626897970791855,0.00567237505448437,0.005523228511055759,0.5576079663526426,3.660115481737144,0.49347611240858663,-2.5784639339147257
-0.013653208550787388,-0.006290214007386807,0.005646582297405044,0.005556395908621339,0.5546544012056674,3.6627136633690336,0.5264346364979074,-2.577298180542424
-0.013678745668984773,-0.006301406669454283,0.005604893855592325,0.005570462847064898,0.5479028356297686,3.642166743750877,0.5540189867674777,-2.564743384236935
-0.013708569628968076,-0.006316128965337309,0.005556420024406281,0.005589016880321436,0.5403509379717741,3.6196606997013716,0.5872038456027066,-2.550468132596089
-0.0136433535079417,-0.006227553529286052,0.0056508502784808606,0.005451648935031014,0.5513940300047614,3.6004899374095314,0.45749810813925235,-2.5507029454468593
-0.013658797220116235,-0.006192948346437591,0.005617809429064339,0.00539142291317789,0.5431011441238109,3.5404631735064696,0.43483059690679626,-2.5215241602626537
-0.01374255282227902,-0.006375089551754407,0.0055063036235270405,0.00568119081861944,0.5351963013005921,3.6396171545573544,0.6697348410191853,-2.5529150329351604
-0.013766521732095962,-0.006387329441865416,0.005466561107426388,0.005695345034411207,0.5289172972420219,3.6197408745690534,0.6960129075371809,-2.5401096789886712
-0.01378544379533208,-0.0064063680846815985,0.0054359775780506445,0.0057221749489151244,0.5247882891567669,3.6136688014865226,0.7268168778815731,-2.533707793987879
-0.013835620264964238,-0.0064136064619460175,0.005351220333716226,0.005718145960439202,0.5106575522446671,3.551540423041479,0.7592225967556487,-2.4981479938166475
-0.013811828559120354,-0.006398957659347335,0.005390469243375091,0.0057011992147600376,0.5169052587506551,3.5694911827553986,0.7316583884714922,-2.5104842194519645
-0.014232242664830695,-0.007108961437072661,0.004551861349799394,0.006663270411557489,0.4240919203808348,3.411022208033272,1.7311158530314976,-2.2345124414525714
-0.014250670803949879,-0.0071194035128756585,0.004516396470490355,0.006664213983203948,0.41931778670898373,3.383427303341025,1.7425531163888406,-2.2162416831498497
-0.014263842239464856,-0.007136953152302141,0.004486618607214089,0.006681516794190872,0.4161276204997905,3.3667142392681444,1.76479123787126,-2.200846638310095
-0.014203365976042607,-0.007091695576912864,0.004607995799484386,0.006659687157811091,0.43130263291093823,3.4540436863290167,1.7113150120007337,-2.2633385089282574
-0.014188033049937713,-0.007078182301296883,0.004639620938457445,0.006650025770376571,0.4353695964850525,3.475166877974765,1.6940702798190765,-2.279388663719509
-0.014175514112701224,-0.007050133029856683,0.004671886334924582,0.006612712950964086,0.43845789972420596,3.4852620970538903,1.6550592310962846,-2.295090323980421
-0.014189008361566733,-0.007059834507246058,0.004645109538897727,0.006617822729851311,0.4348050534925051,3.46626587267795,1.667368744065613,-2.2816245473829975
-0.014225682100918242,-0.007087303903428511,0.004571965723926139,0.006632587918715442,0.42556540441926755,3.4146136994111225,1.70124051530346,-2.244570015051153
-0.01411516773491644,-0.006965843203205102,0.004804805610612743,0.006516246036289918,0.45369416759921044,3.548413706217737,1.5378327725309189,-2.3581320545073723
-0.014137855966353115,-0.006979358731940735,0.004761312664488506,0.0065218667910636715,0.44772943538821347,3.5167683660854223,1.5563486807536469,-2.336813220962991
-0.014156136349849097,-0.00699455545588107,0.004724885035283281,0.006533425610550015,0.4429810833016978,3.493235135590442,1.576984045469276,-2.319164748484978
-0.014169451599369776,-0.007012486665640797,0.004695923347344821,0.006553317846333208,0.43957177362699557,3.4790668701689076,1.601520024432867,-2.3054352719431113
-0.014176016834114744,-0.007031871921550518,0.004677777490882583,0.006581029356143847,0.43812293157882093,3.4765193169821917,1.6286516607560306,-2.2971826678673977
-0.01408269509500544,-0.006899020164942812,0.004880144462325295,0.006424487472096716,0.46139096627193515,3.565915540097865,1.4424850739166972,-2.3894985655981564
-0.014102712874974863,-0.006929004807599497,0.0048372777065028285,0.006461831576859514,0.4564986048291679,3.5495295495127865,1.485359418853993,-2.3710755189335053
-0.014099483171679052,-0.006910641271352281,0.00484795134901649,0.0064324320980326645,0.45689602444164706,3.54455536442672,1.4593693051628451,-2.374391336272454
-0.014122677031412761,-0.006940077331891384,0.004799589243985796,0.006465942224599301,0.45123364815370953,3.5220104062919515,1.5010111193269264,-2.3528383189662248
-0.014088308649011935,-0.006873926869488101,0.0048767871316970635,0.006377038853466827,0.45943788797211144,3.5413379712164024,1.4076178362704121,-2.3842548349073414
-0.014017380460565448,-0.0067762787561617055,0.005020070955852162,0.006254844293543486,0.476626245400888,3.5930240675905414,1.266021768062864,-2.4407220287947378
-0.014051119603618706,-0.0068176632053120224,0.0049537651116636225,0.00630510567933533,0.4683152591344518,3.566756996817481,1.326958764016427,-2.4147584661222177
-0.014034801418636366,-0.0067939712768510544,0.004986666124543301,0.006274614592729375,0.4722311172874742,3.577186003223797,1.2926166562767298,-2.427182202479265
-0.014091882174476555,-0.006850502191435702,0.004876291884284121,0.006334253413601119,0.45785221262888404,3.5212481938379065,1.3756681646548932,-2.3805174192774894
-0.014078240244679071,-0.0068312955206832554,0.004904093806551497,0.006310582955732771,0.46120614594917025,3.5313917520601987,1.3483939116181853,-2.3916761797093717
-0.008119669191714354,-0.014663482852813837,-0.007672993669616574,-0.0030937604745241765,0.19579146712718495,3.453136526615489,-1.9990052798957947,-2.174823616004773
-0.008072084039835076,-0.014613365371455134,-0.007688794676227313,-0.003213173976123813,0.19638823845433698,3.557882004223636,-1.9497611286911412,-2.248088319307999
-0.008086586996046871,-0.014619399384801347,-0.0076988585286774346,-0.003188985298154644,0.19888479510147705,3.545039930152328,-1.9677614249846351,-2.2353660360159493
-0.008073789639605583,-0.014629322284894912,-0.007665798045807169,-0.0031896747941051683,0.19103143819433813,3.526737130080565,-1.9457265848419085,-2.2328689891316493
-0.008088375305881624,-0.014635387534127499,-0.007675776050776435,-0.003165500665129443,0.19263542174562923,3.514028281859986,-1.9634964627715579,-2.2203529144357748
-0.008014263716568458,-0.014588774500088612,-0.007647818907930309,-0.003309519544419952,0.18986236124295675,3.607641255910533,-1.8773049785925775,-2.2969081500646764
-0.008001498816143886,-0.014598366279544703,-0.0076151321060165,-0.003309649752760917,0.18072133196388104,3.588266615493025,-1.855882327532057,-2.2938034056862047
-0.008057600088913425,-0.014607285815467807,-0.007678659389293154,-0.00323732003437815,0.19432835082591113,3.5705823313029783,-1.9317177728851525,-2.2605940393189283
-0.008059255226060302,-0.014623203660314209,-0.00765579577503165,-0.003213794678242565,0.18920586214381685,3.539316808922989,-1.9279121209090972,-2.2452669501506364
-0.008028689782366835,-0.014594990318363584,-0.007658170365419988,-0.0032854953101798382,0.1908801152946481,3.595470813840502,-1.895497419220595,-2.2849784022055033
-0.008015916637571877,-0.014604621244101194,-0.00762545523105967,-0.0032857533271323128,0.18304127396592396,3.5762457907366394,-1.8740591392571477,-2.281820936890183
-0.008043135288126547,-0.014601160777393506,-0.007668450503225052,-0.003261428906311844,0.1923603361556351,3.5831150589718006,-1.9136287494106983,-2.272887284830647
-0.008044771777496967,-0.014617045907722385,-0.007645748314213605,-0.003237842045341038,0.18729290139193366,3.551759247168279,-1.9100414188562012,-2.2575537044621785
-0.008030332629562755,-0.014610849680054617,-0.0076356470224985895,-0.003261823348706901,0.18526512265551098,3.5640722713517,-1.8921018871336563,-2.2697368366612367
-0.008090056975015239,-0.014651808312588643,-0.007652535532492891,-0.003141969398146855,0.19185781678114486,3.4783387441490627,-1.9636086837129232,-2.2001095869077747
-0.008104876642784127,-0.014657707447179353,-0.007662771854660618,-0.0031178073062597417,0.1938975285492672,3.465724460528231,-1.9813691171097059,-2.1874754959382163
-0.007988585638505862,-0.014608206784758713,-0.0075826516477647135,-0.0033097014957491765,0.1780514800441189,3.5652114641301833,-1.8391975955974742,-2.2857654939209033
-0.007974097368478952,-0.014601905955453095,-0.00757210430719571,-0.0033334633794987896,0.17599717223369346,3.576849969958087,-1.821001941290665,-2.297412248137117
-0.007959596042002826,-0.014595536794466476,-0.007561471454305969,-0.003357256344445937,0.1738775480590782,3.5883943181254954,-1.8026880890333452,-2.3089702785989634
-0.00793078018987361,-0.0145826754591976,-0.007540140561665424,-0.003404593608505586,0.1696725321611299,3.6110618449235967,-1.765982764964116,-2.3316697568730196
-0.007945154913301352,-0.014589108024113942,-0.007550841483599746,-0.003380993981125602,0.17175865126215736,3.599837648242661,-1.784345935228319,-2.3204112461815556
-0.0079175769601276,-0.014592816933662803,-0.007506590563044061,-0.0034035073737931597,0.16426705342247952,3.587583973878047,-1.7480713685061964,-2.3244720722021577
-0.007903082279875755,-0.014586671175436683,-0.00749511117388895,-0.0034265430196918343,0.1620116746629716,3.5977166085206513,-1.7295854962014623,-2.3350908409806865
-0.007888506835675003,-0.014580380101121261,-0.007483564754414559,-0.0034497773526244997,0.15973577936245278,3.607895981377332,-1.7109126790670839,-2.345716180807084
-0.007873947009677468,-0.014573824912694653,-0.007472256444514898,-0.0034732867247012195,0.15748286682363435,3.6183887834332764,-1.6921758400316467,-2.356453172949187
-0.007859475794765057,-0.014566921470654678,-0.007461406453837823,-0.00349712861786824,0.1552860275381062,3.629387301707648,-1.6734583790826127,-2.36737794896524
-0.007845355229741523,-0.014559588825217502,-0.007451503672922193,-0.00352118132174065,0.15321096954389854,3.6411320102511193,-1.6550781645882016,-2.378528151677495
-0.007831360475503662,-0.014552395109226833,-0.007441413586186968,-0.0035448466975954445,0.15110703354614488,3.652396411838279,-1.6367435729594513,-2.3893400805846032
-0.00781794717998288,-0.014561949172746206,-0.007408425474138411,-0.0035434898941812567,0.1464584821367575,3.628758018887685,-1.6200721153295132,-2.381283240026549
-0.007803583977597675,-0.01455635089792462,-0.0073953731221901515,-0.0035649057935282515,0.1439793228795034,3.6361513172660476,-1.6014275450638296,-2.3900480221302947
-0.007759539378021599,-0.01453701461149486,-0.007357419800486009,-0.0036331525371980657,0.13652053013767299,3.6617653412025746,-1.5437160656406288,-2.418197565491323
-0.007774115884597928,-0.014543976777808757,-0.007369365994982949,-0.0036098349989699655,0.1389388821303029,3.652382908809855,-1.5629440990134909,-2.4084433268895427
-0.007788846708656337,-0.014550478756363687,-0.0073820074681907105,-0.0035869625449924916,0.14142735892592764,3.6437456697840758,-1.5822409434007023,-2.3989922126063803
-0.007675518875469058,-0.014493092198056971,-0.007290287644189313,-0.0037715348896447194,0.12248324382479088,3.718617836149068,-1.4305441693704777,-2.4750131144749243
-0.007689950169346628,-0.01449971063553867,-0.007303467932634631,-0.003749371996359677,0.1250964952096594,3.7113730775250002,-1.45001572523706,-2.466729738755159
-0.007703954426097692,-0.014505906794440464,-0.007316410183937714,-0.0037281107957796993,0.1276413444786282,3.7045606283197317,-1.4688220430253887,-2.458760362296403
-0.007745056103675479,-0.014529763664356451,-0.007345836860667219,-0.0036567272177514616,0.13413676062736643,3.671524721983604,-1.5244827344673288,-2.4280797072033304
-0.007717387808131979,-0.014513255996492065,-0.007326798513860081,-0.003705514186430565,0.12985419621427488,3.694895818378258,-1.4870625027899065,-2.4493814335246387
-0.007730579450276709,-0.01452210222202404,-0.007334645923101055,-0.003680825318055615,0.13175317495899533,3.6818732161499423,-1.5051072821236968,-2.4382315900813265
-0.007661036983570684,-0.014485793474337911,-0.007277763261652214,-0.003794678146553643,0.11991377715175412,3.7269739623183535,-1.4108016140819422,-2.483864711495102
-0.007646617926866939,-0.014477976346773738,-0.007265838642916114,-0.003818472978027596,0.11738323706649596,3.736151590630723,-1.3909401389513418,-2.493094705842744
-0.007632621523898886,-0.01446994715012253,-0.007254664053016211,-0.0038421672414206283,0.11495399266607785,3.7457080559635574,-1.3714564591760985,-2.5023611667273253
-0.007604061891854368,-0.01445491379249086,-0.007229610137596814,-0.003888168871211116,0.10974573698717051,3.761676142245039,-1.331839520075164,-2.519208284494543
-0.007618256386092932,-0.01446273588700865,-0.007241698818199144,-0.003864809214368691,0.1123129718470726,3.7531631783564605,-1.351638537464053,-2.510550839988436
-0.007590066216640464,-0.014462143592321727,-0.0071987165975374206,-0.003887831377479259,0.1055574456427982,3.739676080127053,-1.3166815394556186,-2.511125819266488
-0.008134374544938823,-0.014669296311777713,-0.007682869505731959,-0.003069688268270574,0.19754317644446392,3.440239590908569,-2.0164104280781,-2.161999890041353
-0.008149043136387597,-0.014675173258599688,-0.007692424558570654,-0.0030455068143376367,0.19929961388525788,3.426988689602979,-2.0336322677186445,-2.1489646039288233
-0.008163746868437344,-0.014680987401144428,-0.007701952037173034,-0.0030212986716281203,0.20113992577276,3.4136521783693685,-2.0507831076204415,-2.135832829297025
-0.008203277475351158,-0.014666024878782739,-0.007776578153100609,-0.0029944759962010343,0.21608798659469133,3.4388237292762027,-2.1083151604567876,-2.129936759709199
-0.00819094267753033,-0.014676164489897283,-0.007744042768137113,-0.0029959537713515577,0.20524733562076838,3.421896307324635,-2.0857990117977327,-2.129282606214105
-0.008178479476500777,-0.014686644291325351,-0.007711595963502369,-0.0029971884781266026,0.2029880586892818,3.4004258615865326,-2.067882855339175,-2.1227083548603045
-0.008217944972024238,-0.014671646377591765,-0.007785936455036909,-0.0029700586743242143,0.2164639363971761,3.42499065894776,-2.125375921084142,-2.11643078606093
-0.008205618925068972,-0.014681792335340997,-0.007753453479462846,-0.0029716792439379593,0.20725039502538936,3.408255986028759,-2.1028741979006367,-2.115809170165082
-0.008232630029493518,-0.014677221759479862,-0.0077952186764068425,-0.002945610113217159,0.21676874664566462,3.4109538778059836,-2.1423409853970736,-2.10280740712003
-0.008220292920528297,-0.014687408886553859,-0.0077627100687813295,-0.0029473556358263937,0.20936757856161184,3.394456718700988,-2.1197975306268737,-2.1022356478559967
-0.008247332503838375,-0.014682750970092102,-0.007804434251978143,-0.0029211052580652964,0.21828507085854612,3.3967289312980475,-2.159261617252612,-2.0889671040005
-0.008234987397037392,-0.01469302095222981,-0.007771826537515645,-0.002922951987284018,0.2112526850472325,3.3804817397985976,-2.1365782891818053,-2.0885648878203273
-0.008262052251258773,-0.014688233955621806,-0.007813584617459455,-0.0028965399769510214,0.22144572860770964,3.382385074590548,-2.176154998358677,-2.0748742011805277
-0.0082497314577364,-0.01469859877313847,-0.0077808829836974935,-0.0028984715287879493,0.2126939579410416,3.3663611775505307,-2.1532780085453234,-2.074789816261642
-0.008276789128081427,-0.014693670662807697,-0.007822659546396937,-0.0028719414735047266,0.2250132517444213,3.3679851872946664,-2.1929817330070156,-2.060599250395305
-0.008264532571145783,-0.014704095337245668,-0.0077899638177461525,-0.002873958868936719,0.21383899956191801,3.352159265934031,-2.169958957543177,-2.060903852966016
-0.00838041485002105,-0.014730427458694156,-0.007883903990428402,-0.0026992799842305236,0.23449086363579622,3.26448129543116,-2.3073773360909158,-1.9592072665279856
-0.00836849880893866,-0.014740976835985744,-0.007851724444010331,-0.0027020268135260228,0.22507362758627228,3.2497842529498553,-2.284309280927643,-1.9604272246606518
-0.008365562078288622,-0.01472531614604481,-0.007875389977408748,-0.002724020237637141,0.2335168813015379,3.2796067488967253,-2.291378919683623,-1.9738673588932694
-0.008291542990765967,-0.014699061038930978,-0.007831647181399075,-0.002847341846540731,0.2271641819854399,3.353527305108017,-2.209681076572824,-2.0462588277943934
-0.008279368046853952,-0.014709494858404336,-0.007799069719696614,-0.0028494547465454413,0.21515125534385912,3.3379070793171084,-2.1866214755902322,-2.046903621238881
-0.008306313695911128,-0.014704405031812397,-0.007840549295927072,-0.0028227364555271812,0.22816870683937743,3.3389730323071496,-2.226239219174579,-2.0319013742102623
-0.00829420866989127,-0.014714832453245244,-0.007808110929752207,-0.0028249509666122704,0.21683434865319126,3.3235560979205587,-2.2032008194453265,-2.0327846554200524
-0.008321101100260936,-0.014709702589809142,-0.007849374487512818,-0.0027981018481444166,0.2294359336154824,3.324304054082327,-2.242683389133915,-2.017496206444103
-0.008309044859008009,-0.014720138385610752,-0.007817026754249235,-0.0028004262766917368,0.2185901033647724,3.309060690132671,-2.219646010290625,-2.018548061095378
-0.00833590506071094,-0.014714953661811804,-0.007858123518873283,-0.002773436104409848,0.23081570382475056,3.3095177605136237,-2.259023268455725,-2.0030208705088297
-0.008323885675874861,-0.014725407536337817,-0.007825835619893874,-0.0027758773086496006,0.2202433860475226,3.2944341233410053,-2.2359680584888153,-2.0041970804662337
-0.008350725434314416,-0.01472015819724113,-0.007866795193063023,-0.0027487426750861716,0.2320497488871988,3.29461543190637,-2.2752553002394187,-1.9884769976302898
-0.008338741328210034,-0.014730637421243383,-0.007834553885684393,-0.002751294202987761,0.22188868513484117,3.2796799324678285,-2.2521858186728316,-1.9897268643392856
-0.008353613892999852,-0.014735829751451041,-0.007843181045641301,-0.0027266726767608885,0.22348417776977228,3.2647898958428243,-2.2682990374331093,-1.9751342312467342
-0.008395283607075692,-0.014735492086180694,-0.007892336730041975,-0.0026745234000507684,0.23465211504550446,3.2492037669678138,-2.323244081676136,-1.944486702494218
-0.008383389214383424,-0.014746090352107069,-0.007860157656510866,-0.002677351681419617,0.22681762152380217,3.2346575644608215,-2.3001995805057383,-1.945617082171733
-0.008410168207199323,-0.014740509980012716,-0.007900695565656745,-0.0026497287464341732,0.23529060104203206,3.2337615656696475,-2.33901121877991,-1.9296342291403388
-0.008398283145964873,-0.014751189297815123,-0.007868446338329992,-0.002652630622871018,0.2285479219711011,3.2193835394709858,-2.315940183489778,-1.9307178210470772
-0.00842506850832781,-0.014745481092211748,-0.007908984184228904,-0.0026248848476884364,0.237050288481834,3.2181798355721924,-2.354709882043072,-1.9145819199595682
-0.008413190058606966,-0.01475625950768044,-0.007876622658576485,-0.00262787011896494,0.22998318682214022,3.203980814006344,-2.331545517087079,-1.9157413451977325
-0.008439984368592408,-0.014750405375308931,-0.007917198684645254,-0.002600003100265797,0.23930154719242538,3.2024926191517764,-2.370338507948129,-1.8993274976935268
-0.008428122944008869,-0.014761270047512431,-0.007884752008031517,-0.0026030871291838,0.2311649979097383,3.188491383637728,-2.3470630769915997,-1.9006877395271182
-0.008454915646326116,-0.014755282782341356,-0.00792533473642298,-0.0025750963607801378,0.2414703262888808,3.1867225993309933,-2.385881637153447,-1.8839117985722857
-0.00844308512132582,-0.01476620658133746,-0.007892862695222304,-0.0025782906041995277,0.2322912332108981,3.17293112105391,-2.3625176279545808,-1.8855477637064035
-0.008469862200069999,-0.014760113266848318,-0.007933391215525604,-0.0025501680067145085,0.24353483391741163,3.1708848342216585,-2.4013298602622823,-1.8683800069857723
-0.008458072289754537,-0.01477107129402814,-0.007900946980916835,-0.0025534822626053218,0.2334458200861144,3.157291976858413,-2.3779045413607984,-1.870309885422109
-0.008484823888579553,-0.014764896782867474,-0.00794136741480656,-0.002525220436184573,0.2455325488274888,3.154991395623932,-2.4166738693602765,-1.8527796801042833
-0.008473080269991242,-0.014775867981561887,-0.007908994480712262,-0.0025286629228618847,0.23461783084203128,3.1415650970396864,-2.3932154946628725,-1.854962320890772
-0.008499800570831096,-0.014769633284930958,-0.007949259914454186,-0.0025002647256409712,0.24693546290384202,3.1390339763895554,-2.43189047281301,-1.8371688736620853
-0.008488103680983322,-0.014780599947488015,-0.00791699486955194,-0.0025038351103889565,0.2358667852056133,3.125749566690928,-2.4084435439449425,-1.8394972585276614
-0.008635246202199697,-0.014810140026172798,-0.008016779037444674,-0.0022744909166084195,0.2590025791175418,2.9899954438947627,-2.563848510095519,-1.6921234240472824
-0.008623954893194589,-0.01482152006627386,-0.007984673936120007,-0.002278841783362798,0.24629330753987363,2.9783413052446495,-2.5401740041655785,-1.6961984397708123
-0.008620139971822548,-0.014805828367996316,-0.008009591606016555,-0.002299672966179589,0.25736062461614556,3.006797901361429,-2.549600759974871,-1.7086641414402497
-0.008608807945634706,-0.014817243548122172,-0.007977334582871037,-0.0023038523383692926,0.24534116944307036,2.995028469139498,-2.5258899906894143,-1.7124716910088311
-0.008605047553236283,-0.014801469324203573,-0.008002320674008554,-0.002324847651932475,0.25518419732031644,3.023575504802626,-2.535225942869241,-1.7252017988976958
-0.008593652308716957,-0.014812884255825125,-0.007969957063311774,-0.002328901394403429,0.24447126427121915,3.0116665428264624,-2.511513962834281,-1.7286517606870218
-0.008589969109727747,-0.014797062943977079,-0.007994969407364638,-0.002350003556605629,0.25297490850672644,3.0403336551760716,-2.520740921998852,-1.741674931606959
-0.007229627936164498,-0.014278166309685382,-0.00682240389574837,-0.004417958174782538,0.03127648660596393,3.8346965693245205,-0.8121562882366192,-2.6465655362774956
-0.007209329380371036,-0.014253832470814916,-0.0068122064428008085,-0.004469100824840187,0.027239295484232876,3.8603970030299632,-0.7742045767855004,-2.6644078769408828
-0.007193098581489184,-0.0142479967934237,-0.006790414623655347,-0.004486882495079769,0.02339920045739952,3.855767493206328,-0.7531355019439138,-2.6647311758505823
-0.007212491597856759,-0.014271992063692169,-0.006799770905623867,-0.004436954401526818,0.027263761264692227,3.8304316575826607,-0.7899194651297617,-2.6473475109933324
-0.007572844932584686,-0.014457869782652297,-0.007177294812516291,-0.003907700540793208,0.10175786227025999,3.738988747845323,-1.29435342372708,-2.5154817726983474
-0.007534638213004308,-0.014453856594851247,-0.0071226880474861845,-0.003942542595178116,0.09295651788877403,3.725697446685914,-1.246989614487936,-2.5183480567465786
-0.007552371941261623,-0.014458529112337656,-0.007144615389972744,-0.0039221213924334275,0.09684402653046555,3.7264804787439814,-1.2697926571960876,-2.5141117386154446
-0.007451006009450698,-0.014405813595388001,-0.007047674107814835,-0.004077371300478811,0.0771875453922577,3.767684114347855,-1.129595093150108,-2.562475898950325
-0.007519225573618271,-0.014447607561174436,-0.007106164150553848,-0.003963549072000617,0.0899393678190598,3.7290566479727407,-1.2264192673733365,-2.524200090217422
-0.007496325506555911,-0.014429799670664961,-0.007091483276823614,-0.004007939111580472,0.08611260383491111,3.7500621919573063,-1.192697957090602,-2.5415950477929594
-0.007504200176157901,-0.014443900975136745,-0.007087065102279267,-0.003980153984392105,0.08654439665507009,3.7274055165620914,-1.207261263533947,-2.527127513789071
-0.0074757657858942885,-0.014429269505551979,-0.007059639225404808,-0.004023176263629395,0.08115678625444817,3.7382979210231695,-1.1682486274435606,-2.5402447249481064
-0.007455214880453652,-0.014425109750181955,-0.00703200407979124,-0.004043848060517007,0.07659465673888778,3.733278443827054,-1.14262807802198,-2.54246573187288
-0.0074309107866367555,-0.01439539115637306,-0.007027501731997428,-0.004107478381842955,0.07318367357109272,3.774246927237887,-1.101631345232745,-2.5708850249827613
-0.007407066971469732,-0.014391980193460574,-0.006993098871538791,-0.004128508105377743,0.06770105338343052,3.7642612795336112,-1.0725879553671611,-2.570907664919197
-0.007386628978461375,-0.014387360775814345,-0.0069654153720387245,-0.004148946368544944,0.06305538967585163,3.758564664731862,-1.0471081744891888,-2.57238946057161
-0.0073682637548215186,-0.0143810572515502,-0.006942801078657727,-0.004170537072225194,0.05911935592598156,3.7571705510814906,-1.0232998414007806,-2.575688712440826
-0.007350582116309903,-0.014372705640199195,-0.006923359288760283,-0.004194808934751052,0.05540245944884529,3.7597426168874706,-0.9993087553353276,-2.5809532188538866
-0.007333063190825006,-0.014362256143930214,-0.006906233003437495,-0.0042222061629179145,0.051875140279376515,3.765950339041573,-0.9743970938882237,-2.588122611805016
-0.007314872382242427,-0.014351160932629052,-0.0068884523733964064,-0.0042508833073366505,0.048148619014624285,3.7724161246042294,-0.9483285783601255,-2.595502033419215
-0.007229675503187692,-0.014298686894707648,-0.006802106486268863,-0.004383718756901275,0.03033560060379299,3.7976675450689057,-0.8253830488561839,-2.626132099454488
-0.007296192883713637,-0.014341167168764808,-0.006868447116925982,-0.004277863750364295,0.04422566840532347,3.776023998329201,-0.9223278103211369,-2.601306248004203
-0.00724476052059628,-0.01430670944452412,-0.006819094585162631,-0.004362582867122276,0.03359785062339272,3.7961877936424604,-0.846448457268245,-2.622494533774464
-0.007260559200606045,-0.014317225219751121,-0.006834573909587635,-0.004336814847587603,0.03687808372548904,3.7904992128598285,-0.8697834801414691,-2.6163418314595366
-0.007278466531048885,-0.014328899592668738,-0.006852104790755063,-0.004307855977058891,0.04067134225103523,3.7841011139644647,-0.8960346028950131,-2.609310494509637
-0.00603458630011098,-0.013359449086713063,-0.00513703972077979,-0.006069233588367843,-0.24579134664156,3.3657619844692843,0.8889790485075607,-2.404575473561635
-0.006047213428994843,-0.013383521415662167,-0.005159951005136753,-0.00603387960085925,-0.24178712095607927,3.3723944516944035,0.8575638516941524,-2.4122535316390135
-0.005987874659557647,-0.013343519208969267,-0.005057795109528237,-0.006076526150311136,-0.25040002995177507,3.308037018119211,0.9075446865662036,-2.370309616442467
-0.006007356040883453,-0.013361946220714734,-0.005091839628369804,-0.006054019039159208,-0.24669810670883194,3.3270450996092413,0.8845445953390492,-2.3838550664316007
-0.0059224301726048785,-0.013295200606600053,-0.0049442064384707584,-0.006127319163534025,-0.2595852878661053,3.2376932733648984,0.9643267450487273,-2.323138959254337
-0.005934345513977796,-0.013324923919563884,-0.004967842145297079,-0.006084265351382945,-0.2551566195143447,3.2433804796034686,0.9275535529829743,-2.3315766426973816
-0.005951842362263825,-0.01335871530812454,-0.005000317585260557,-0.00603668628694111,-0.2499177257974772,3.254034635800974,0.8859529323795987,-2.34320179094636
-0.0058864227286015,-0.01328165197334944,-0.004883800072887274,-0.006132867082022741,-0.26238053297948155,3.1944967891824265,0.9773320925858223,-2.2969816500529254
-0.006354470874721384,-0.013713700729939849,-0.0056528694738675065,-0.005552733021207206,-0.16962573621442775,3.5714951524060123,0.38684111555999495,-2.5608069958573014
-0.006323713555032383,-0.013689176425980866,-0.0056058693443961005,-0.005590243034854849,-0.17647603281140165,3.5514881989649534,0.426460354263376,-2.5481032386053903
-0.006208962416304526,-0.01359198617868565,-0.005426863908462948,-0.0057329257382794105,-0.20109890231719027,3.472058030468788,0.5749678779261772,-2.4955831716681858
-0.006291877410885151,-0.013671960544941365,-0.00555502830891437,-0.0056142875187019416,-0.1822825404156199,3.5230374945469403,0.4567060340037781,-2.5312216431307744
-0.006271980057812263,-0.013650860950646151,-0.005525122597016191,-0.005646555316937093,-0.18713858887406315,3.5132024231050685,0.487842806572458,-2.523968563672833
-0.00621236354986857,-0.013634039853819611,-0.00542692101613751,-0.00566268151743891,-0.19569841986712275,3.4461530738964252,0.5224563272765512,-2.48576857187896
-0.006243461857217174,-0.013644032022137521,-0.005477831061731812,-0.005652418078868773,-0.1911267208796077,3.4800544702264204,0.5032643438211407,-2.5052990259913064
-0.006173732038830823,-0.013588516182872983,-0.005367812874236619,-0.005730070206089017,-0.20500555090813757,3.4269896354477134,0.585723228625935,-2.4704866854043317
-0.006046701372440932,-0.01341824730125489,-0.005160891040129061,-0.005975635543319339,-0.23684278057505573,3.354973795240838,0.8120977857405534,-2.408306707076506
-0.006113201002619618,-0.013519177633954332,-0.0052716707226244585,-0.005829471527165509,-0.21886201870545843,3.3902264153489314,0.6800791191725443,-2.4419826465078383
-0.006068149638382231,-0.013450615840829705,-0.005197498104159222,-0.00592934088649892,-0.2311571705993467,3.3677436938598677,0.7700148639891224,-2.420194762099978
-0.006080448009872047,-0.013489213443088451,-0.0052179539343519205,-0.005869189918780175,-0.22546457873873,3.363562375503218,0.7205205936831238,-2.423315000985317
-0.006129928481207144,-0.013554570924318185,-0.00529754420716723,-0.005775249638396411,-0.21316854433344604,3.3908270012799737,0.6341126807450372,-2.4466692933669383
-0.006146818858330606,-0.013580873117656446,-0.005323561284407418,-0.005735965377532083,-0.20834358501931832,3.3962906899697245,0.5994278088021208,-2.452716905330539
-0.006099223113830819,-0.013555052323076444,-0.005246609641162781,-0.005765830101106865,-0.21525654757312768,3.350193418704449,0.637354906902877,-2.424264305655581
-0.005269612384348134,-0.012585854208036897,-0.003674412485802554,-0.0067636980242372765,-0.30858165477431293,2.4444940667185544,1.559988474050293,-1.7250496713913444
-0.00543232832823326,-0.012769092950437584,-0.0040060779024446635,-0.006636768675037312,-0.3093294799723691,2.6611139157223147,1.4487825838330541,-1.890487758202777
-0.005393787466615517,-0.012743483141670342,-0.0039383501982414295,-0.006645006064930409,-0.30883021125493326,2.61501584997773,1.4587516944764618,-1.859297682646597
-0.005296788163768375,-0.01262972859890682,-0.0037387089022944443,-0.006727028865977099,-0.30854910177461287,2.4855349462950387,1.5298685235133502,-1.7593928418158782
-0.005360554434513055,-0.0127118477505309,-0.0038746381593550926,-0.006664340944741422,-0.30826820241143654,2.5729997331182326,1.4764879602430936,-1.8285010138511029
-0.005325068887805211,-0.012672691662700786,-0.0038032847745532116,-0.006691157182425015,-0.3084534021632273,2.5265778486104584,1.5000737230897923,-1.7932224468875486
-0.005432842357372196,-0.01282692642145279,-0.004038326474160615,-0.00655682101366443,-0.30457019624263265,2.6736916727345728,1.3857722083609525,-1.9128908802339768
-0.005472222697050556,-0.012861691959729069,-0.004111366801895752,-0.006534275830573766,-0.3034853853975256,2.7215278767470945,1.3639085707237628,-1.9472584233480845
-0.005571474266205543,-0.012971448132960499,-0.004305082696478881,-0.006439694140138917,-0.29766150210254994,2.8428864495633945,1.2773355480062198,-2.0395357791824416
-0.005514811560643037,-0.012890710583053184,-0.00418625055943563,-0.006520862798009607,-0.3034799395093682,2.772029487334368,1.348607792105524,-1.981614391540884
-0.0055396585416024316,-0.012936718202522618,-0.004243537427346614,-0.006470470460671869,-0.30008813318697786,2.8045667081629335,1.305763713938127,-2.0105372111469304
-0.005843515791174183,-0.013277656373186977,-0.004814678217954903,-0.006119525264363269,-0.2640093819608725,3.1404733351605247,0.9769115690385783,-2.266476598156029
-0.005838848910787513,-0.013237311325785935,-0.004799299035637459,-0.006181264607607958,-0.26933881657132736,3.1447816335706626,1.0262303602130276,-2.26135166471803
-0.005749319240183284,-0.013164445376774855,-0.004641095944819872,-0.006250375430438119,-0.2793712092753196,3.046075774837549,1.0990837038988526,-2.192761153473972
-0.005774101384300995,-0.013195748524056932,-0.004687849848857944,-0.006214556543857177,-0.27535787226135916,3.071688190063101,1.066064385720112,-2.2131159092578643
-0.005805408392658956,-0.013220232473478732,-0.004742722482906452,-0.006191895284048412,-0.27182395703549705,3.1060936784607502,1.0418136502622042,-2.236812114442803
-0.005626079075627802,-0.01308728377862019,-0.004430187636032639,-0.0063007580807685004,-0.28674893310654426,2.9061182339994605,1.16020733322608,-2.0999442288764616
-0.005657838366289002,-0.013111788385311901,-0.004485817636348221,-0.006281649722589953,-0.2842953458111852,2.941647741234672,1.1399850207338622,-2.1245985745406846
-0.005694989070706477,-0.013122828715943393,-0.004545465361100154,-0.006285233645768734,-0.2838714399213427,2.9849124738746386,1.1364095415287983,-2.1506327425708314
-0.005709436306886089,-0.013164528249770768,-0.004579846850481555,-0.006229416149981823,-0.27893209114231793,2.9976218246624042,1.0899513519238664,-2.1661523765975677
-0.005603057437982663,-0.013038056352342512,-0.004378279063419216,-0.006360595364303625,-0.2914526699050155,2.8810031140138537,1.210440559566748,-2.075567881430753
-0.005563649246303524,-0.013017802769015652,-0.004312623591743527,-0.006367277821016557,-0.29250110689389336,2.836108527658771,1.2216796728304875,-2.0465349340561345
-0.005584267415178009,-0.013097602536759442,-0.004372057564324804,-0.006262451147421911,-0.28436493182493366,2.858345029477151,1.1371475031367648,-2.07582897825467
-0.007177981585883467,-0.01424088471309039,-0.0067716268311192205,-0.004506120079619598,0.020026903425372816,3.854217381327858,-0.732367403853352,-2.6664969422032807
-0.007161027480204352,-0.014235603615621428,-0.006747876674144158,-0.0045229415170302675,0.01600608569356934,3.8473747493092705,-0.7111256352589274,-2.665602689180282
-0.007143261285383691,-0.01423194214951866,-0.006721168616693856,-0.004537175935379489,0.011903864032008977,3.8366668562564974,-0.6904092638394902,-2.662638417819137
-0.0070957373988314205,-0.014206456285520277,-0.0066634767961743085,-0.004600827400096289,0.0010079962284306706,3.8338372457900856,-0.6240077479058374,-2.668475503029945
-0.007125087043638168,-0.014226087895911982,-0.006695727152950664,-0.0045550892296474165,0.007615868397204528,3.829186045341316,-0.667868592227169,-2.661427951365646
-0.007108941740668631,-0.01421692356303706,-0.006676604412439027,-0.00457753564564095,0.003941350542953963,3.829084993977023,-0.6449928732578717,-2.6638716450831805
-0.007055878272171415,-0.014177976356947723,-0.006620108641340346,-0.004665239931438428,-0.008092162728120682,3.8412442737868457,-0.56296648205858,-2.678262367223398
-0.007044249410701755,-0.014167925459840358,-0.006608663325485928,-0.004686847030884124,-0.010700768300895504,3.845856998317674,-0.5437477016434217,-2.6823641468898667
-0.006938417715330125,-0.014116219586795405,-0.006467562952549979,-0.0048109079087939296,-0.03527039609188835,3.8142059400100474,-0.403678502302861,-2.67785258404373
-0.007028551476589393,-0.014163914475727016,-0.006585029475221527,-0.004699448886245665,-0.014394839114214061,3.835875041971647,-0.5257042440844336,-2.6790071950897656
-0.007006624653856951,-0.014142085851861688,-0.006565165360585607,-0.004744721258296576,-0.019504306500067018,3.848185402168067,-0.48697943466919064,-2.6885043284546377
-0.007014624743542533,-0.014158651823092786,-0.006565434392160138,-0.004713412320714589,-0.01769155315963868,3.8296868304765597,-0.5084292791671777,-2.6774120674510713
-0.006977992004590436,-0.014127622636683776,-0.00652719904127564,-0.004779140816955047,-0.026174084502455865,3.8401781600006504,-0.44849329160077595,-2.6875864366932123
-0.006957578704034982,-0.014123051403248845,-0.006495450608193517,-0.004793397436351467,-0.030903060762046436,3.82483048384233,-0.4264019712562696,-2.681561197013154
-0.006986398519108836,-0.014146666103792956,-0.006526594004689224,-0.004743564043584962,-0.024158771552470756,3.8187933117608623,-0.4725930157365424,-2.674939293718305
-0.007053098664259895,-0.014195289994164228,-0.006600576554465254,-0.004636702773036786,-0.008777755872853957,3.809414906200847,-0.5742807159716049,-2.661203529264724
-0.007064662625652415,-0.014207620518688242,-0.0066096282780933905,-0.004611297250431314,-0.006390255686670101,3.800627393010086,-0.594927272581102,-2.654749070805869
-0.007079626389683182,-0.01421330622718664,-0.006630059571777832,-0.0045957196042565925,-0.0028110051574406973,3.806084798794397,-0.6136534499295266,-2.6555991460761077
-0.006759646427082511,-0.01402398567562154,-0.006221450955733483,-0.00501101563059026,-0.0760384491607166,3.7417565863554607,-0.1751136623721104,-2.6533133875485384
-0.0068084513595338195,-0.014053739505642175,-0.006286982254352611,-0.004950720724135583,-0.06491126232954729,3.758162697600022,-0.2402883116008987,-2.659002878985954
-0.006781612454404196,-0.014048606897833216,-0.00624399931636293,-0.004964713635045901,-0.07061312461654211,3.7337971836497514,-0.21535735924654412,-2.647708687736252
-0.0067007034969698235,-0.013971587981412355,-0.006149875496516354,-0.005110125234018866,-0.09058947875869684,3.740006387420261,-0.080706900892749,-2.655069244818172
-0.006724449456292915,-0.013993137277488011,-0.0061788689931471606,-0.005069717844862583,-0.08471457596748923,3.7408262798939367,-0.1191464523141614,-2.6545732443467855
-0.006738100206636801,-0.01401528984790474,-0.0061894718983972665,-0.00502941703966467,-0.08088579039959522,3.727676083262194,-0.15122227900428814,-2.6469164531454368
-0.006916168625053229,-0.014131279742053929,-0.006417991674306609,-0.004791403263546223,-0.03984990251439147,3.7661588186126225,-0.39829286670492664,-2.653966173891682
-0.006898202445235,-0.01411722263382925,-0.006397587848129711,-0.0048204305892582955,-0.04407777225658341,3.767645616062367,-0.3707876172348204,-2.656574182523173
-0.0068415315028011745,-0.014073143967342243,-0.00633116608544691,-0.004910218895809824,-0.05733479466056406,3.7688447050972615,-0.2843756239254884,-2.662254514007461
-0.006880170497695647,-0.014100889724879632,-0.006378411440347101,-0.004853191786904377,-0.04824408282781668,3.7720042809762826,-0.3411073163822507,-2.6606549680435374
-0.006857462648051669,-0.014090081626965118,-0.006346964776379193,-0.004877366408941277,-0.05345096348192391,3.7623292501064856,-0.3128694014730675,-2.657397230149266
-0.006819169266613465,-0.014077669268602858,-0.006289632081968379,-0.004907312288061182,-0.06178471661884504,3.7365035971496767,-0.2713915420521371,-2.6464999905035627
-0.00634460253239037,-0.013746163126001928,-0.005627559767327,-0.005495862152948995,-0.16734985656791465,3.5291738931660523,0.35128743167344906,-2.5402545601396573
-0.006526525666220215,-0.013862960075039163,-0.005900260475458434,-0.005307829461626029,-0.12940613758885522,3.6497084234007895,0.13935967978016042,-2.609589301549397
-0.006493970383626778,-0.013844777717343418,-0.005851342550500853,-0.005338622103010146,-0.13625855201867318,3.627322565060578,0.17590490623973423,-2.597397843413867
-0.006460877305374435,-0.013823279681663199,-0.005802391488738736,-0.005374306321561293,-0.14354103251379782,3.6069330905029195,0.21569740506347876,-2.5859281778261587
-0.006424256728348259,-0.013813379438180779,-0.005743099166786995,-0.005389091412544233,-0.1497008396149259,3.5695393060684144,0.24283730388674837,-2.5656171612875345
-0.006358053093620492,-0.013778665145801953,-0.005641404826862374,-0.005442300194519486,-0.16240336198937746,3.5171884907611424,0.3085329607589054,-2.535793143055838
-0.006392841487943757,-0.013797722022529567,-0.005694685248481267,-0.005413325806815161,-0.15556010066879425,3.544129204235627,0.2734506426490176,-2.551290197368847
-0.006679164928156354,-0.013949568178286527,-0.006124405033947401,-0.005150755648602794,-0.09609374745567238,3.7416151186967794,-0.04325498037480726,-2.656570860136831
-0.006660568214142795,-0.01392519966288161,-0.006104735857687573,-0.005194958866681848,-0.10127413433880951,3.7490629258250334,-0.0050891795460536035,-2.6608320760443678
-0.006629927517319945,-0.013925899647029566,-0.006050896392787758,-0.005195856564969021,-0.10672310451234356,3.708970353222128,0.012652682648079573,-2.6405035955589464
-0.006546918638368438,-0.01389032489157442,-0.00592382872049971,-0.005260557215780608,-0.12392081906534098,3.6451426881575952,0.09817538044548267,-2.6076267434373293
-0.006520434634326437,-0.013894194523308376,-0.005876737845808129,-0.0052541337884758265,-0.12759387534824224,3.607355330627256,0.10761268527805905,-2.5879302837986087
-0.006599513313881709,-0.013920160864054697,-0.006000974581210809,-0.005207486681578139,-0.11253643814549684,3.6772856452705427,0.03662286641210063,-2.6243588676933105
-0.0065707930823598265,-0.01390789917276867,-0.005957127980816434,-0.0052297759214959905,-0.11840037287944576,3.65530553465641,0.06607334554359436,-2.613039631034973
-0.013032723108730883,-0.005716077094439688,0.006435953458923498,0.004547432201753834,0.6494126459917576,3.4780138800116682,-0.43870275240262396,-2.4827472049008352
-0.013137881531380999,-0.005780248511782414,0.006308802081052683,0.004682263625521367,0.6335200891376299,3.5012752977873256,-0.30296042168763654,-2.503925809531316
-0.01306633986559147,-0.005742404623499078,0.006399367398614588,0.004600322787802056,0.6460771271429852,3.4957137905831606,-0.3930682610144488,-2.4952862209054136
-0.013104881985138362,-0.005760621909508841,0.006349675414622187,0.00464150978439718,0.6389530682240241,3.4961487042823047,-0.3454887491170218,-2.498706082435842
-0.01327978465939362,-0.005896421855217479,0.006141055429677765,0.004900087043056135,0.6142747492041409,3.554535959488369,-0.10128829501137346,-2.5393413025015255
-0.013253048754170537,-0.005873473178260203,0.006173345193748034,0.004858271163005294,0.6179777715912621,3.545054502423802,-0.14038783712474412,-2.533476466275428
-0.01324125268065574,-0.0058308786262271485,0.006171812121011999,0.0047880308515687135,0.6134886063106612,3.493677779210969,-0.17596261860695936,-2.5060136132248014
-0.013194445234258882,-0.005781727080665204,0.0062210790347850264,0.004699945184913052,0.6177661158536097,3.4605673295911017,-0.2467077579946085,-2.4859189149959557
-0.01323414734025342,-0.005783884385692214,0.006160302371376108,0.00471279156153185,0.6068575369220328,3.4324052178871187,-0.20789572224293468,-2.4731684342154376
-0.013171563866953217,-0.005761488145247714,0.00624631527497379,0.0046624577406060965,0.6202741327818772,3.448594551548471,-0.27873182722746276,-2.4781270987981645
-0.013315234980810997,-0.0058999259912536055,0.00608559244555816,0.004911419914420724,0.6044143073345606,3.52721022240642,-0.06643717157637526,-2.5261967624939836
-0.013352867947829736,-0.005930120227923367,0.006037833617159405,0.004965024810310559,0.5984167881970643,3.5344157745905074,-0.013246010132858074,-2.5306094980449454
-0.013392846917667137,-0.005947301927428945,0.005980185060554821,0.004996848118726165,0.589432983909494,3.5197051874893988,0.03302100959089228,-2.523245810940402
-0.0134166773753715,-0.005968358449188386,0.005949715818835454,0.00503267856576989,0.585842899651172,3.5246709137597287,0.06794144869985891,-2.525743916683841
-0.013465509166924516,-0.006016170467457194,0.005887469887638288,0.0051125661576299575,0.5783308220040979,3.5384276455812125,0.14356249934225318,-2.532092478106774
-0.013449888753170085,-0.0059808718625176775,0.005900541098572924,0.005054735861369337,0.5777594392322326,3.5081345140204294,0.10453478281698357,-2.517061443112066
-0.013500353309277742,-0.0060247668288047,0.005833580625786806,0.005126931842251163,0.5692477531738008,3.5131746919994704,0.17775272229128844,-2.518481852303033
-0.013029456656814339,-0.005668980554649686,0.006412902436649089,0.004474197305236213,0.6399094875887338,3.4087815845051144,-0.4595089498960712,-2.44512897611083
-0.012880293505128128,-0.005590765468589508,0.0065867364955740195,0.00429217526801838,0.6607184599042001,3.37122752759865,-0.6400237531634491,-2.4077170069114118
-0.012869085536248602,-0.005553926962577023,0.006578537785853807,0.004232632169447492,0.6542164515262553,3.3205144325215223,-0.6599297984320226,-2.378693655681962
-0.012775218146814633,-0.005445147698926663,0.006637905270423503,0.004027826749170051,0.6480459316216872,3.1951097886874975,-0.7751025677470952,-2.2970165723459974
-0.012858196282954232,-0.005516121428771263,0.006569047378300413,0.004172546332985597,0.6471006481831695,3.2688887731580287,-0.6782754797463405,-2.349131096811814
-0.012813746795418489,-0.005457608277548115,0.006592643645906151,0.0040664119269153915,0.6424553085658588,3.200454692349655,-0.7333378578695758,-2.3055038932448735
-0.01285220678010076,-0.0054720710509479145,0.006548278366671154,0.004106865956829061,0.637151608662172,3.2074009121388003,-0.6914070302020577,-2.314575148773079
-0.012915418762645896,-0.005598432196661958,0.006539861213952316,0.0043202967165583105,0.6535295715545498,3.3658052918712404,-0.6004218105321549,-2.4092530921206117
-0.012947780205460705,-0.005608683483748144,0.006498448172510703,0.004350179733861111,0.6473031264100951,3.3647863482397917,-0.5634027762089597,-2.4125749850642433
-0.012982930477057225,-0.00562334016826873,0.006455272979742572,0.004387053987555552,0.6417265206074464,3.367728529114556,-0.5223860660090708,-2.4181397897865895
-0.013010169907440378,-0.005636355918782264,0.006422459366769049,0.004417561603917958,0.637293563230822,3.3716799078604938,-0.49026955815353757,-2.423133442357587
-0.013036945947867834,-0.0056297139215463685,0.006378497398261093,0.004417986931760977,0.6289388054649779,3.346492173207782,-0.465125261265,-2.4121499093368213
-0.0126615943508655,-0.005381735945963494,0.006748216389331238,0.003872597261389633,0.6558317533083655,3.1328261427772794,-0.8985457297183633,-2.244704150630513
-0.012694963229604644,-0.005393254258873438,0.0067114304863626515,0.0039090779654134605,0.6518324749677566,3.1420466668531652,-0.8630486882686335,-2.255275382318113
-0.012724298170061729,-0.0053828459836085234,0.00666406890909738,0.003912657355782519,0.6426260995603058,3.12035733480572,-0.832412991592426,-2.2480432207263275
-0.012758891519725275,-0.005401368568528369,0.006629933932223128,0.003958090734692464,0.6401300075322057,3.137461282303033,-0.7955549946196959,-2.26275937600372
-0.01265392086730828,-0.005340657963490145,0.0067281498815848296,0.0038126048132236796,0.645763472685796,3.076051239758162,-0.9062157083160399,-2.2122023376904134
-0.012559391165658958,-0.005302691002509834,0.006823796017679806,0.0036994601235478797,0.6537792166066009,3.036158049725245,-1.0034659986223928,-2.173469001097137
-0.01259814770755293,-0.005298845497883736,0.006770428343923295,0.003721010759540906,0.6448579496492671,3.026493596690837,-0.9625322242994222,-2.175289526518565
-0.01241791414266297,-0.005194607139070273,0.00691696309385109,0.0034586042242129226,0.6457436061634639,2.8933277031504328,-1.1346450611145533,-2.0677619989361307
-0.012495845875131055,-0.0052468274913721955,0.006861643537991388,0.0035824104930764797,0.6485887060788823,2.9635415002788927,-1.0633172655729215,-2.1216810646573308
-0.012533317996977102,-0.005269138716257737,0.006831419541488338,0.0036378172134170724,0.6485434053953895,2.991866653144477,-1.027396593409411,-2.1443135477995217
-0.012480977782368645,-0.005196134912940893,0.006840533115680836,0.0035080975259521936,0.6359092039912663,2.896289328299152,-1.0710277584738934,-2.081916710655739
-0.012642234358170162,-0.005296053481545413,0.006710832911325974,0.0037463168410988294,0.6354531576385388,3.016780182630281,-0.9169812618889476,-2.1774872929515925
-0.012280343009784906,-0.00507144543253207,0.006978960183255979,0.003201727837494762,0.6268986013042231,2.722554446513996,-1.2415797889535438,-1.9453271849201947
-0.012332446422875528,-0.005084294319607713,0.006929487056043605,0.0032593684836398776,0.6239980319630613,2.7456140449228528,-1.1948192652153005,-1.9692158401367086
-0.012217513130080501,-0.005019787885485896,0.007006557635828042,0.003090172045437465,0.6178705314964037,2.6492088890413616,-1.285930635526758,-1.8913949197143245
-0.012266093939520202,-0.005020103024287066,0.006952741579757665,0.0031317372954712676,0.6123403677695879,2.6588682965033823,-1.2403647551152146,-1.9076588420678646
-0.012151002442612921,-0.004989619307776343,0.0070536837345463845,0.0029987062571568634,0.6152803417160794,2.5984057054474268,-1.3379534874696217,-1.848284576345882
-0.012200696205800946,-0.00497737490790368,0.006989578042390356,0.0030291492524409432,0.6061691155717169,2.596359156720648,-1.2878838297777244,-1.8590516294584523
-0.012119453860988519,-0.004938554631804289,0.007043789660453292,0.0029160236971618333,0.6018202586662831,2.53209776680742,-1.3481863959430722,-1.8053455032712733
-0.011872336354591805,-0.004843926259621285,0.007207346331391163,0.0025855372860644835,0.5870019850576439,2.3427348775106824,-1.5231615703536452,-1.6404622878062125
-0.011946142442228774,-0.004828832287490156,0.0071236282903596754,0.002643951625246183,0.5790887286522616,2.357644685832448,-1.4546813840246045,-1.6686880962428465
-0.0120839610284783,-0.004889719714603342,0.0070391686596680434,0.002833325670036783,0.589398677877934,2.4683127725206546,-1.3613959681739465,-1.7626624666393351
-0.012045390854234495,-0.004842071744371557,0.007037783914637896,0.0027500926240235754,0.5769985619314534,2.406082458347683,-1.3762232717817566,-1.7199854238724022
-0.012003847714291782,-0.004801543637962578,0.007044346238035856,0.002672048255862428,0.5671733604069137,2.350989972584348,-1.3948702374874145,-1.680310181941126
-0.012405875343127227,-0.005130439575659747,0.006880104364191428,0.003371671636522497,0.6280567722611803,2.8098011095252784,-1.1338371953640929,-2.01958342829504
-0.012388715591318208,-0.0050801773817487,0.006860635459048767,0.0032989801878542534,0.6151856630634788,2.746587632047948,-1.1396488903940416,-1.981415419032832
-0.009570278336353235,0.004015004862653751,0.00725030851621115,4.886616848617069E-4,0.13611524624589852,0.1067219297619955,1.8487225498506454,0.2718952724311396
-0.01102015097252488,0.004420640149833471,0.00742685606408963,-0.00132282087216758,0.4251506502469402,1.4730334285630096,1.8418155625779449,-0.930318886622271
-0.01108751583826078,0.00441653888277405,0.007388167279161244,-0.0014003431290580855,0.4303936421232301,1.5203072704425855,1.8056190472119156,-0.9792738714625243
-0.009661812591701485,0.00398925708591652,0.007243434038326604,3.810878110325596E-4,0.14870913723833148,0.17934837036959594,1.8362303452157953,0.19433204460132317
-0.009756720093687242,0.004035921540056065,0.00729836621903729,2.794354991640981E-4,0.16664913874393264,0.26719819251157667,1.8713519047543699,0.12197019101741581
-0.010802692773146461,0.004376980826364843,0.007482471194348896,-0.0010394456387553873,0.38758401980455953,1.2788601243204196,1.909358559092821,-0.754038895641928
-0.01091622821980793,0.004419413036827407,0.007475384297593227,-0.001196759085019117,0.41251501723178347,1.392767846754369,1.8896910839739587,-0.8510044232968745
-0.010852202565901048,0.00439298326019389,0.007477752546304411,-0.001106829119052048,0.3976061038384869,1.3271992357877431,1.899797626009321,-0.7959265778858161
-0.010773580609360947,0.004335473642672792,0.007453548910088449,-9.877336984573568E-4,0.37394765704915783,1.2335254299189644,1.8923628800541237,-0.7244095069695137
-0.010973514004471845,0.004378793462137454,0.007409676847938004,-0.001246858731618575,0.40893095445142363,1.4126916748637317,1.8364658272430157,-0.8859212569868206
-0.010427637983599268,0.0042629395609803545,0.0074845865872397175,-5.400297097617699E-4,0.307405124625207,0.9123573466306784,1.9528611447513884,-0.4347142769225913
-0.01071399121422064,0.004314039321271331,0.007454485928553459,-9.073552078120666E-4,0.36104427135599954,1.1745018773147111,1.9000859864439354,-0.6739425651808629
-0.010533366831791213,0.00424949542063761,0.00744702526314265,-6.671561021841991E-4,0.32094625585553477,0.9958740598980526,1.9146372765028024,-0.5208786967081284
-0.010631725859155413,0.004283449385057033,0.007451916653341067,-7.96908283544381E-4,0.34243712090785966,1.092466941364754,1.9075877409158775,-0.6039751749242063
-0.010233545797874657,0.004217230387465174,0.007471050528544361,-2.91852698426122E-4,0.2672200381304734,0.7275738837373064,1.961771631581297,-0.27005771250828975
-0.010152115610035801,0.004174476257471171,0.007437300720279721,-1.8779059532036155E-4,0.24697728778880038,0.6425557342151774,1.9440851169474997,-0.20100034486933785
-0.010054347615726754,0.004137499548796119,0.007406691923636896,-6.731385851880433E-5,0.22551322759003709,0.5467046487798948,1.9296366994677359,-0.11938034467808331
-0.009965026519926212,0.004084109970729454,0.007356743168264916,3.9492937472874626E-5,0.20500254502599044,0.455312465772082,1.8992960003851174,-0.04670828605536386
-0.009872863833467787,0.004055051589614919,0.007326108259967324,1.4653687944585897E-4,0.18718457311263784,0.3696630923503739,1.8834438717260438,0.02798065833384877
-0.010301365533512628,0.004175076538943743,0.007422046733073581,-3.6967838086966824E-4,0.27139396743813177,0.7709590113595455,1.9188804595052438,-0.3256170207686689
-0.010381126848395851,0.004186667623389308,0.007420243806478324,-4.682326794214242E-4,0.28643866470939305,0.8428379798474336,1.9100799393137116,-0.39195066334015055
-0.009111830064614695,-0.003897303084841323,0.007015351964576408,-9.443115656580173E-4,0.07037975001875553,-0.26886973166440803,-1.6999523466287825,0.6065890132599533
-0.009319491329666236,-0.0040239352631641955,0.007194571512356379,-7.698719937850057E-4,0.09971891986712912,-0.10037705638241538,-1.8246450207358953,0.4755675363187633
-0.009219740125332788,-0.003956383245787437,0.007103666829178804,-8.547969947843276E-4,0.08436863211273972,-0.18423111724320518,-1.7609556057107607,0.5389945440761094
-0.00941799174692595,-0.003977564687465953,0.007182071182252719,-6.48936230822381E-4,0.11197256468132076,-0.023653640529284235,-1.807119623406652,0.38833011283655067
-0.0095434552922222,-0.003955633588959411,0.0071922256069905394,-5.064839298125541E-4,0.12907638811693314,0.07650186019595549,-1.8055489557402813,0.2851283060697116
-0.009760587391007476,-0.004074347951425458,0.007334056415623479,-2.7941975273480633E-4,0.17061400438252708,0.277770355467921,-1.898554153830409,0.12276440031838388
-0.00966558847371597,-0.0040123557174486105,0.007264677217493431,-3.804804306012925E-4,0.1508443447897034,0.1860938670357832,-1.852569213921737,0.1941108360666934
-0.010934170835436477,-0.004430272703692918,0.007477727997444646,0.0012236766784799117,0.41737629414385685,1.413340568340422,-1.8889692472406703,-0.8671944616125857
-0.011002285007286377,-0.004442668922236143,0.007456957702135237,0.0013123754951812885,0.4284881520972664,1.473133947503153,-1.8651964201064224,-0.9218887424357043
-0.011061963720387095,-0.004421220288622488,0.007406019838723979,0.001372771790778339,0.4291855306838661,1.5046076808989,-1.821780888334094,-0.9616243164756327
-0.009865847498967793,-0.004045132192462094,0.007316560143627679,-1.540675465825531E-4,0.18488698066151807,0.36132341011708186,-1.8766792387535902,0.033138917830586284
-0.010385769030236334,-0.004259461680547244,0.007489431171121083,4.8729887672429353E-4,0.29944700398917007,0.875322949726863,-1.9605067248799946,-0.4000380000612009
-0.01044761314910309,-0.00424909806455254,0.00746689681709716,5.618448406125641E-4,0.3073940516465002,0.9237103798192813,-1.9377664076262024,-0.45055519603867167
-0.010244317666824059,-0.004224485080699714,0.007476868756758356,3.0601792576868416E-4,0.27006230488168986,0.7393762247426946,-1.9650528080984413,-0.2791170496342017
-0.010322414823979432,-0.004198080671514443,0.007440933725432205,3.986991247858905E-4,0.2786630244644126,0.7971773104556089,-1.931000294643751,-0.34375739772518893
-0.00998180649658057,-0.004080035547812616,0.007353218362985523,-1.9559988918009165E-5,0.20689576775681687,0.4688018568467239,-1.8952203118191513,-0.061116945544404784
-0.009945445075080791,-0.003992982080188225,0.007272822445210091,-6.0022407248844486E-5,0.19257234408058443,0.4164146454621454,-1.8367283850149356,-0.034679729853959056
-0.01017054886590082,-0.0041638567234215966,0.0074258118602157095,2.0944270500783036E-4,0.24870548473109075,0.6550404810449727,-1.9337608359578378,-0.21648087964071985
-0.010083009892677313,-0.004113272313783546,0.007382985823451141,1.0103590531933288E-4,0.22759524629593866,0.5641980240929133,-1.9092009977467537,-0.14367934281177128
-0.010612639339526756,-0.004402657170600441,0.007574831428211261,8.095992763873255E-4,0.36600471682966024,1.1341427671452635,-1.9981430413987995,-0.6024067387059361
-0.010682900745519058,-0.0043873066230528,0.007536772112822518,8.940260618932762E-4,0.37238716918569376,1.185945824497095,-1.9625689949237304,-0.6588967500934663
-0.010555785532494736,-0.004361496782038829,0.007550410766421649,7.250444423184098E-4,0.34662238533969975,1.06563335946199,-1.9870866459304317,-0.5503535749499618
-0.010516972739995653,-0.004286304150299232,0.007486784429802536,6.563114087785768E-4,0.3258050505199961,0.9984071651939886,-1.945113282179836,-0.5111266432831921
-0.01071393860176118,-0.004324416681716756,0.007464538002199131,9.108637028406731E-4,0.3633136661313331,1.1794532468227832,-1.9072613589076188,-0.6753447293123078
-0.010819443546081671,-0.004384692595440397,0.0074832715697521765,0.0010631880686874163,0.3912372805906143,1.2966024688309348,-1.9077605051484638,-0.7688943248847365
-0.010877026252017528,-0.004388293513919172,0.007462624678860097,0.0011351208312028265,0.3997988175460629,1.3441671402712583,-1.885986303317561,-0.8145631715898685
-0.01077531989191026,-0.004312492575286375,0.007430839864567743,9.812172779275945E-4,0.3687609626335811,1.2227179054928732,-1.8760967341218713,-0.7219822531604371
-0.011536170573845303,-0.0046340323199550275,0.0073017825535664485,0.0020519001287544747,0.5221180489052929,1.975483754775704,-1.6694264877935125,-1.3530954002357036
-0.011635274373713545,-0.0046263036950204015,0.007217433058523656,0.0021520746420418697,0.5215774874266889,2.0244748386306917,-1.5959131019081443,-1.409252435151758
-0.011587950960050171,-0.0046110623788863415,0.007240941686965574,0.0020901256726156697,0.5163244515925328,1.985967415118995,-1.620845986562233,-1.375421516375308
-0.011481574865924035,-0.004599495825791616,0.0073105895026698816,0.001966056701199716,0.5096485989875758,1.9146491391041984,-1.6865895878182082,-1.3055239417061058
-0.011198063724256864,-0.004487634145794452,0.0073934310275345924,0.0015694899924972268,0.4597443393897182,1.6458588935877407,-1.7924384745376631,-1.0775764434445891
-0.011409641737488237,-0.004548451886479038,0.007314537336641364,0.0018499311865601106,0.4912538749917902,1.8304902127023257,-1.7036137880316178,-1.2407656326605403
-0.011285350627808215,-0.004470656653968948,0.007324326860985074,0.0016593589883154966,0.46200969418132315,1.693483435539182,-1.7323557461740329,-1.132784208196816
-0.01135864592333537,-0.00448411680058653,0.00728964071339146,0.001749909691959597,0.47037114389202495,1.7503636919696888,-1.6972937895852045,-1.185519201812051
-0.011145096370827631,-0.004390229643446846,0.007332291178391419,0.0014526608498738555,0.4294494666970791,1.5442936363149702,-1.7597395037215655,-1.0133471890345513
-0.009481720077939572,0.00391548707508076,0.00714392286278419,5.6467620321224E-4,0.11855727188983768,0.02213112532793499,1.772400850556267,0.32714142613306624
-0.009344089770173395,0.0037352150502251848,0.006959992045227824,6.60603492226859E-4,0.09502051732004894,-0.09909752470166999,1.6369089820032918,0.40186880553913634
-0.009439369115082665,0.0037902315572699366,0.0070288091617997745,5.795951431667185E-4,0.10810024736882487,-0.02271154810252185,1.6843136852794642,0.33974460570135323
-0.005580436870416513,-0.0025566114893293425,0.004116348572807926,-0.0017340381834143952,0.01892233103307636,-1.221420754150949,-0.2538027185482878,1.4175132105161
-0.005748988483280058,-0.002845682567190005,0.004283825726839926,-0.0019293757708131593,0.016492086019938592,-1.2485826879849695,-0.3059430856262613,1.4568982078438124
-0.006024992186792194,-0.0029918692778461626,0.004520684553464168,-0.001996246541824273,0.010966162166641473,-1.250065621235218,-0.3771569454605374,1.4640967466694903
-0.006270184107237703,-0.003192365252701264,0.0047531476685194,-0.0021030266562804874,0.004689868197404453,-1.2632263091152731,-0.46003744572129296,1.4902592544751352
-0.006503079720204702,-0.003099336427802268,0.004911666141349857,-0.001975263827092707,0.00242785349937994,-1.2181307169106732,-0.5125211212919426,1.4353902796185731
-0.006721971074299036,-0.003182063871493428,0.0051011377568767466,-0.001978192991342658,-0.0019928802029811356,-1.2015706454605262,-0.5907737818020204,1.4228696782341403
-0.006898088247811434,-0.0033181292665956917,0.005277876687019252,-0.0020260351901694854,-0.006882805642344422,-1.1986893896534099,-0.6730749895100008,1.4334410785688103
-0.009084673163582586,-0.0037551223783494547,0.006891847129776787,-9.172985370445986E-4,0.06562345503881938,-0.28861755477465856,-1.604015934865794,0.5913120667808563
-0.00712845546765816,-0.003315971578949203,0.005452136827035876,-0.0019405184992379498,-0.0074850686075486885,-1.1493378860531196,-0.7514608218591555,1.3813566392547736
-0.008423235413711696,-0.003652767028075754,0.006501808279686301,-0.0014358553874954738,0.011263047404822339,-0.7085444712007076,-1.3555359228469033,0.9840870069382294
-0.008273717025584888,-0.0035766822890819696,0.00636619211263928,-0.0015011233851410881,0.005068109259186354,-0.777983008478797,-1.2654171815138318,1.0392192646602298
-0.008107079382995956,-0.0035069123205414424,0.0062230376746151015,-0.00157116177382347,-6.730190156521366E-4,-0.8485297579526395,-1.173884950586273,1.0985619729192269
-0.007390960840804183,-0.0034384319106819257,0.0056958861673618725,-0.001920601629383048,-0.011438211917368598,-1.1073734511591218,-0.8792327816856912,1.3513623461452988
-0.007630869380334068,-0.0034940909258265687,0.005895715925239332,-0.001842424264440642,-0.01155296572881878,-1.0411693686588597,-0.9888380493005383,1.2905939944994953
-0.007944806254694974,-0.0034331194006426134,0.006079449889246359,-0.0016251201008818407,-0.002327780008344938,-0.9069802386423075,-1.0850069150306672,1.1458794287111596
-0.007799438275983843,-0.003400725773720026,0.005967305897002036,-0.0016867784476134115,-0.005649062770193809,-0.9593870337352962,-1.0188858990922363,1.1951189506767876
-0.008961936638642464,-0.0036944260100577396,0.006797641393191555,-0.001006811446413092,0.05280127677609243,-0.3737978596645592,-1.5389704511902809,0.6613832380605481
-0.00883138193048083,-0.0036314260129807867,0.006695919618260551,-0.0010942629039378102,0.04065652184418867,-0.457639673161684,-1.469177223062337,0.7308427649328545
-0.008678698514165833,-0.003568371313221107,0.006581140826101465,-0.0011909173806832476,0.03004491696981007,-0.5484488121930712,-1.3921149623181812,0.808780861080165
-0.008526021154511695,-0.0035693452873516844,0.006504335453144923,-0.0013109768964758796,0.018666691289105843,-0.6382432441055933,-1.346398374597145,0.8982193476524912
-0.009141806089968004,0.0035758358589501717,0.006776864128179816,8.01540182901241E-4,0.06843957088182583,-0.24767319667787308,1.5067613559702147,0.5117472663312602
-0.009307800103828852,0.0035939149649572262,0.006840611802011493,6.564943549045109E-4,0.08601042969088411,-0.1312901324962444,1.543908043871678,0.40120374468800507
-0.008826570909655688,0.003579816427150623,0.006657548142470661,0.0010755353802936833,0.040783077488715624,-0.4571559102962683,1.4390183508198544,0.7193956382448051
-0.008656152502038592,0.0035107507514034876,0.006532019188876872,0.0011809218540653023,0.02876952292566547,-0.5562912849821847,1.3559406974811614,0.8056138974412804
-0.008972430321948754,0.003479499400252011,0.006648073684527043,9.127677473374148E-4,0.0530680145689561,-0.35824044117611337,1.4170619432543983,0.6026543830732157
-0.009107758039629472,0.0034143016306437345,0.006651030006976194,7.775570415111714E-4,0.06498978533053665,-0.26954229382281564,1.4059474374690333,0.5030149498350628
-0.005269955543624482,0.002450301081865439,0.0038735593199857713,0.0016885610031621907,0.023690653360194516,-1.2264315846121046,0.20047809290398558,1.4211943898092825
-0.005594172587490507,0.002640345138563479,0.004137629796307954,0.0017947788454648077,0.018670896711575655,-1.2304788606094128,0.26249405943661647,1.4298221970784326
-0.0070336718153269214,0.0032459644122801203,0.0053568579992012985,0.001923417994815345,-0.005503252491730937,-1.1548428059732556,0.7028692725112554,1.3795780612874358
-0.006741444810950308,0.003083901251554855,0.005087953785019603,0.0018981358123482943,-0.0014820308666613873,-1.1791536203749151,0.5794833339171888,1.3902878465972384
-0.006344851967482456,0.00298721034995899,0.004764581111541933,0.0019279318113286695,0.005954538006583271,-1.2179819714761388,0.4549801142587344,1.4283414911927734
-0.005953961373497981,0.0028052981372748828,0.004433151756398047,0.001866506741130801,0.013781764124837047,-1.227459616448756,0.342721211062417,1.4329974225213167
-0.005269444193691308,0.0020576695878170574,0.003835530738467059,0.0014019115510583381,0.02413587328242911,-1.1898591652975303,0.17547232012053474,1.371584556599178
-0.0048218441706311035,-0.001657642647243161,0.003486663235061621,-0.0011463578626207825,0.02895195135850421,-1.1853703470163042,-0.10897323346237078,1.364520263844113
-0.005786992550304328,-0.0021869876665343386,0.004218991864778567,-0.0014398308223926278,0.018379859654836937,-1.1631545442546558,-0.25365630243807485,1.3405100479741074
-0.005432387279692804,-0.001804882204005496,0.003928517283615437,-0.0012085198995855143,0.021920111142408407,-1.1580480806022102,-0.1740639446025926,1.3288460103434774
-0.005182653308353998,0.0016419429775687213,0.003740665013871478,0.0011136560642300275,0.025297597579645004,-1.1641235061246764,0.1372334805116797,1.336164779733547
-0.0049972727845173865,0.0012407223241669846,0.003587614981758741,8.44774170672506E-4,0.027403276836291766,-1.1541725434597794,0.09518605545399104,1.322733119414458
-0.004773673508745144,8.346667768720057E-4,0.003417197040210372,5.722998072183887E-4,0.028823438561057225,-1.1531510274787284,0.0564298309977353,1.3199352662528485
-0.004799920187833355,-9.386024226125366E-4,0.003438745820259714,-6.432581321275155E-4,0.02889301470823737,-1.1545467716884694,-0.0646179982701592,1.3222757750910719
-0.004847917588948551,-2.7919844006468964E-4,0.003456941808988739,-1.901162522667441E-4,0.028999048026491923,-1.1379348063194266,-0.020633008101420294,1.300507288458216
-0.00483681891148821,3.151314608110358E-4,0.0034497386864459924,2.14691344001197E-4,0.029047368294849916,-1.1390150646385282,0.02236779305185833,1.3019415347362908
-0.008585536508041782,0.0033250728871449197,0.0063814316105950284,0.0011442603655779672,0.026974040717001133,-0.5774042911862899,1.2415102388276047,0.7948715471591347
-0.008393883605146174,0.003321460728864754,0.0062831403102541206,0.0012745268991204261,0.015312027251821575,-0.6772139018786129,1.1854226060800144,0.8954278633050018
-0.008237653315329057,0.003194124430178301,0.006129289069977774,0.0013059004127845082,0.01141533733513527,-0.7363973845725393,1.0824369944919399,0.9371452881813876
-0.008021371259077916,0.003044512108833141,0.0059342500096630215,0.0013452521781896383,0.007965404430986535,-0.8070833641650833,0.9592831504160324,0.9921483789245256
-0.007551719882633751,0.0031610350653824763,0.005692903937351436,0.0016509656251676413,-0.0037850218219557473,-0.9987239385409888,0.8534862474256645,1.2047093483899962
-0.007288151597549425,0.0031338460640567643,0.005501389013339304,0.0017451339132166334,-0.005077389532777265,-1.070138981626459,0.7597799394988929,1.2797562204434423
-0.007747719061667361,0.003016554386228547,0.005759097579446134,0.0014661637409876963,4.1132894923457785E-4,-0.9060708201589414,0.8683128110971872,1.0926272849981835
-0.00784450683575427,0.0027898825105426286,0.0057233663135389115,0.0012869850715875413,0.006285152222901912,-0.8341971822667339,0.8203000778369754,0.9933513875131209
-0.011849000443987793,-0.004760813870351179,0.007154852067415789,0.002485232573958302,0.5614516421937559,2.250174689872333,-1.5027114357980624,-1.5865220364021482
-0.011830655477456691,-0.004706405284267132,0.007123640233257721,0.0024181987275751137,0.545051280263153,2.1906452983882123,-1.4913836230377822,-1.5507705991389689
-0.011783088024030774,-0.004681105739290546,0.0071431882449153215,0.0023489422315177613,0.5379905380529203,2.146011319386052,-1.5155504001550468,-1.5144879179164044
-0.011721407633510221,-0.004657575774942415,0.007174943223893248,0.002266700219170914,0.5313771329141876,2.095601321322555,-1.5498320867449724,-1.471055423895363
-0.01169474872448834,-0.004590733020832352,0.007138141623974942,0.0021846048380179343,0.5115907053090968,2.0253021050007756,-1.535461755776468,-1.4277860471602593
-0.0139969844960085,0.016252305425393798,-0.004063254398024089,-0.002555296951762064,0.03296654063052229,-1.225511624434693,0.7234517165601694,1.4845640483496967
-0.013698229665922221,0.017098416543598206,-0.003796718766590379,-0.0019129637745487166,0.009240859188913134,-0.9535184336696901,0.7879481947859893,1.1411662396025075
-0.013887951207103847,0.016672229251497257,-0.00391568005433032,-0.002227772301964265,0.022074962124374372,-1.0875194921576419,0.7521454477367825,1.3085170073894405
-0.013669837330604735,0.017581853240962186,-0.0035341759082551665,-0.0016313583118089186,-0.0018384191249981934,-0.8322069038644969,0.7505769705117786,0.9848886261334205
-0.013976691919426562,0.017391315370398126,-0.0034701652682493874,-0.001791078161670984,0.0030711203950331955,-0.9015265879384936,0.6809226659456618,1.0598655714890306
-0.013328619681957646,0.01860240561628633,-0.0031061575620020218,-0.001101111039499587,-0.022752554565490603,-0.6000438796890782,0.7166536801070326,0.7030690395080551
-0.013563580279255989,0.01804030949870053,-0.003325719214738294,-0.0013835189750497415,-0.010853062689653694,-0.7254769043619812,0.7308864482176275,0.8530379833269165
-0.010374991248970018,0.02267344092820519,-0.0013318489940889052,-3.009220688444153E-5,-0.011969826119544811,-0.008023078401130132,0.5294036317647959,0.039014309745803256
-0.011078288042730196,0.021946497600846184,-0.0016921277261827737,-1.0575730258249805E-4,-0.034214484175393585,-0.07666040599202484,0.5561162935606586,0.1122324147327781
-0.012055286100866673,0.02115624035679639,-0.002015525290380429,-2.7573796652637415E-4,-0.05076384190796731,-0.2030800826327013,0.5791129481723284,0.24593644919517108
-0.011710820675879148,0.02171670825499293,-0.0017615913481831727,-1.7659272368905624E-4,-0.051090555860287976,-0.14308189293720647,0.5528215304863504,0.17936958656141705
-0.010936926929961654,0.023838033115547785,-6.816648460616401E-4,-1.5704115773856316E-5,-0.0548245891318363,-0.017496634244723943,0.5108092376671199,0.046537528195052975
-0.011493410904072555,0.025,0,0,-0.12376086100774998,0.031107824971942227,0.5424388876324965,0.0015814043836184426
-0.012464768497440866,0.02046829388279224,-0.002314483556640735,-4.370233497256088E-4,-0.04767936515946955,-0.2899863780206107,0.6158863991001381,0.3423336805503355
-0.01268044359331975,0.02114846862873569,-0.001923497495911184,-3.3875451657550587E-4,-0.06516309461784531,-0.262916294362956,0.5444886015173972,0.30460400425927975
-0.01281339613038187,0.01969011013896468,-0.0026601535074612078,-6.62630768346121E-4,-0.038214321950888856,-0.39816967966772465,0.6652229163084034,0.4680747025575606
-0.013135688517166838,0.01912767294156094,-0.002879176603128753,-8.80454608030142E-4,-0.03128350857919709,-0.5017036087418089,0.6883339415993383,0.5873914508458592
-0.013526864514024604,0.01896081312416274,-0.002836713768142606,-0.0010024495589092415,-0.029673487347867056,-0.5680864366331566,0.6461546364766299,0.6558140171348888
-0.014277782760757807,0.01624066629725626,-0.0038507067284442504,-0.002598197996531159,0.03224658978673422,-1.2302274165033091,0.6103876574359308,1.4720637576580107
-0.014201514446987015,0.01604048120132473,-0.004005808853982533,-0.002750483876755127,0.039740049072746246,-1.2979418827055833,0.6350173900704938,1.5684192928549494
-0.01427554084066262,0.0158095234285248,-0.00404953423255787,-0.0029512251752159663,0.04664297768177988,-1.3751806249968563,0.591300920659907,1.6673135255954998
-0.014295377120417547,0.015200150767396736,-0.004284799872291829,-0.0035247742914604817,0.07267342428059247,-1.6044354187428704,0.5142693837804546,1.9878376663474064
-0.014320023601812618,0.015502301040179318,-0.004141052937190467,-0.0032301451971798356,0.05803039591409267,-1.4837120856527237,0.5434069325753913,1.8137975475850576
-0.014505553128433425,0.01505553124812214,-0.00412019602123694,-0.003662749067593573,0.0761262805691385,-1.6273098769907377,0.3800670251216369,2.00468768615683
-0.014572097072023577,0.014797168659640834,-0.0041220355508571295,-0.003925131154358816,0.0856802565338611,-1.7117725859172028,0.284601197704496,2.121508016054985
-0.014697100699748916,0.014623284476544568,-0.004024472820650496,-0.004089803518946334,0.09147339468124589,-1.7422009457363978,0.17066935640692185,2.162442736703237
-0.014759319945494512,0.014459872181227145,-0.003981544102716712,-0.004253508355747144,0.09964618760775028,-1.7799782650961358,0.08400722853004942,2.219780710784993
-0.014885354931092207,0.014343041438349358,-0.003855315474525004,-0.004344751639401154,0.10235637381752637,-1.7739303867744847,-0.01643495533035569,2.2104967869817163
-0.01496664095575199,0.014139750813350697,-0.0037733904711611073,-0.00453969358675175,0.11076159361944457,-1.80418557895244,-0.13642014008465797,2.2586162466755444
-0.015131187059695758,0.013980121740654215,-0.0035880408998818776,-0.004644075318845886,0.11177316407855642,-1.7761201882291278,-0.2714966956140843,2.2213322761662906
-0.01523688459965233,0.01381293712918017,-0.003457560659126786,-0.004771436463833258,0.11704958821019451,-1.7633661974498474,-0.3888207481209207,2.2129618232116974
-0.015320973899208789,0.013644873476046409,-0.003340371118733671,-0.004903046091238312,0.12135087143825009,-1.7515830191615545,-0.5011185044008051,2.2082849743649358
-0.0153740243552519,0.013485710610227082,-0.0032487175795747635,-0.0050377652654145745,0.12678670020742946,-1.7456050679815058,-0.6019328502755474,2.2145837914676565
-0.015364636895983805,0.013328430657662203,-0.0032144992894024295,-0.005209714025106779,0.1364887983283033,-1.7632277885102812,-0.6944372581329372,2.26155807778945
-0.015433686750729243,0.013164960644679004,-0.003086857125436597,-0.005330410761181699,0.14089733039435362,-1.735152534032881,-0.805708809088775,2.238713465980135
-0.015544797513188616,0.01298420187203378,-0.0029009661268649613,-0.005425751596323748,0.14191425908006525,-1.672207721200792,-0.9313918676027587,2.1713137418161463
-0.015640976941865586,0.011914731204147669,-0.0021316153235086855,-0.006310600650118418,0.1802031438589051,-1.3923339881090815,-1.6575108215866183,2.009367401348747
-0.01564407455050189,0.012268295749170733,-0.0024003476899780093,-0.006007586071187894,0.1665865600405723,-1.5076933754510746,-1.4094704532889588,2.0774319722387635
-0.015641806646810037,0.012060245742510436,-0.0022483343749303652,-0.006189609089629566,0.17524435848947653,-1.4455104845664872,-1.55508237382101,2.0436267842642386
-0.015641002840652028,0.012160447078205086,-0.002325344682978332,-0.006105011170989024,0.1726054548385497,-1.4770877117557077,-1.4860187914741225,2.063471036070316
-0.015644257050310997,0.012419675400679328,-0.0025015721706180354,-0.005872097174341427,0.16130430025117834,-1.5437969504944429,-1.3054007115561674,2.093420699658368
-0.01574312338158465,0.012331557933716007,-0.0023572631208958416,-0.005847234965334727,0.156058621531114,-1.466276821189227,-1.349741927644461,1.9945070687081354
-0.01563929845413389,0.012595781909431069,-0.002613292831074515,-0.005715413753144781,0.15300957712848115,-1.58047189198388,-1.186352098305157,2.106481256872946
-0.015599944990983168,0.01279055879220718,-0.0027558487612528264,-0.005567709090628454,0.1475143230320866,-1.6281140618250036,-1.0584672527634051,2.138940482717032
-0.015711621254201186,0.011673741232875763,-0.0018684617481825184,-0.006406064652743446,0.18130516461045051,-1.2448457189114273,-1.7960134866712674,1.862332143794253
-0.015771013402423067,0.011817052430041523,-0.0019494607978193406,-0.00622769749543929,0.17149666168898775,-1.2775298049050614,-1.6807281876455848,1.85550564631636
-0.015775553164868363,0.010943361077904695,-0.0010986300561759397,-0.006743204569117973,0.18773850710042847,-0.7717209605622631,-2.18845149573735,1.4269424935768316
-0.015764115815624122,0.011542932276301297,-0.0017125779279600058,-0.006428348818185455,0.1792727313899771,-1.1522153419737318,-1.8567094646071796,1.761346114942554
-0.015772996646826163,0.01140153838843408,-0.001572725640863808,-0.006506443290847438,0.1802925204056687,-1.0711124833574288,-1.9383781873619164,1.6894739048312353
-0.015754217574466177,0.011285594913321395,-0.0014690137292619183,-0.0066006837846131,0.18527620251990845,-1.0092512133010256,-2.017263097787663,1.6470953065067016
-0.01578712696266853,0.011174888474049198,-0.001338437788035022,-0.0066156334036027034,0.1830469732854806,-0.9251479237305823,-2.0606187897327533,1.5581721198876932
-0.015786767840646115,0.01105498372424667,-0.001213398857649649,-0.006676231487602046,0.18543160145212648,-0.8458118213099954,-2.1247022007921887,1.4881496216763492
-0.0156902471996458,0.010148893533142874,-1.8824938052599508E-4,-0.007080036690686895,0.19798723310050895,-0.13232068638413444,-2.539886864191827,0.861901270262932
-0.015646643189746526,0.010006516669153068,-1.1759957490736429E-5,-0.007155242136258892,0.20250861767074865,-4.136570469108368E-4,-2.604803241243981,0.7546360855631304
-0.01571416781492779,0.010067008822428225,-8.631593364736798E-5,-0.007045389506617392,0.19431737945176072,-0.056118959305289685,-2.533400759601182,0.7740212330156045
-0.015500507574260754,0.008870571340419547,0.0014379449924297677,-0.007042099149487383,0.20592777749720856,1.1059744873803092,-2.5784427264126974,-0.3285517675945279
-0.015544139814365891,0.009092658891747216,0.0011536594255854343,-0.007094808368648407,0.20297022124705075,0.8896591423697275,-2.6218338250845536,-0.11571191586312667
-0.01555533031405648,0.009016700070061941,0.001237625421167326,-0.00703898282090932,0.20103746533469383,0.9516136659210152,-2.584966376076007,-0.19022189111603513
-0.015543491017072709,0.008937950267067183,0.0013353326907333135,-0.007014871030930202,0.2011008297898971,1.02521093434856,-2.5665281515863367,-0.26469566423901864
-0.01553978049600395,0.00929485395603836,9.091823124926374E-4,-0.0071906675259849765,0.20565328710051972,0.7038082822096038,-2.6818379977780604,0.08728945920206688
-0.01560332504167837,0.009143247766473359,0.0010659092010654172,-0.007025352640970899,0.19676129348369523,0.8189926515453222,-2.580737213817816,-0.07332522082206767
-0.015578322931993181,0.009221131207088852,9.838704934046363E-4,-0.0070987478158072706,0.2004084686735537,0.7585978384430633,-2.6258942955830844,0.006041956079677558
-0.01563713864251169,0.009913303888866729,1.062834627818355E-4,-0.007168082050955817,0.2027033971230032,0.08763719348097455,-2.6247195514047097,0.6711711775173963
-0.015649644768205725,0.009827921224190989,2.128908660018088E-4,-0.007140999390109385,0.19929091522354633,0.16835913747334671,-2.6190275134312633,0.5826032938341682
-0.015627664422905373,0.009754078172173084,3.0854173163236614E-4,-0.007168085879175375,0.20206194419312387,0.24162024688880804,-2.6426268731557028,0.5201975990510493
-0.015657180531431066,0.009694389636861322,3.786578469477033E-4,-0.00711079875998862,0.19661059981893905,0.2944357615245817,-2.614309934892072,0.4499040774537888
-0.0155833471764404,0.009548581401401999,5.768635223613435E-4,-0.007200665554282856,0.20394481389658717,0.4474838103899215,-2.6785318909698623,0.33240957578214686
-0.015645722037960604,0.009620924316123358,4.719641672772459E-4,-0.007115516740589329,0.19764979779239614,0.3656354545215846,-2.6227318257411443,0.3825477742934944
-0.015597383556126432,0.009363719445954825,8.030303691458329E-4,-0.007122672556527669,0.20022484091255618,0.6197852567037035,-2.638999120506465,0.14323465380820855
-0.015620628496459005,0.009457518438098396,6.802695751082137E-4,-0.007115136906056025,0.1981631016858407,0.5253547545016328,-2.6314425854169916,0.22988129948373828
-0.015800825219442954,0.010558312438201588,-6.589359081988548E-4,-0.00683908219910976,0.18542235145238914,-0.46863435254646557,-2.3326237912840644,1.1334076119165089
-0.01578696816211133,0.01045192238032612,-5.3886882761472E-4,-0.006885269475176973,0.18937598840072165,-0.3844943376721801,-2.378916586332002,1.0594974111464774
-0.01575196295226761,0.010331769741973201,-4.036302082716211E-4,-0.006961579509777565,0.1915275319009535,-0.2886461377073018,-2.442897873042447,0.9835142247701507
-0.015742531300827006,0.010229206628468853,-2.816567006342692E-4,-0.0069897831376931835,0.19279441047765244,-0.2000605558129154,-2.476590132900089,0.9018079076221345
-0.01587554928872827,0.010829767857376918,-9.36162356484016E-4,-0.006643338492145289,0.1786582712498026,-0.6544263170943166,-2.1732153981053535,1.2730727883959976
-0.01588527573353233,0.010661732721443976,-7.513457002375272E-4,-0.006684545581279393,0.17825315011416865,-0.5290241650349586,-2.2326050996699234,1.150858658160158
-0.01551447324361471,0.008788973604839946,0.001521764242438576,-0.006970485535634335,0.20319468152734652,1.165694251261378,-2.5287286355523455,-0.40425295665416033
-0.015414066389984092,0.008658912028727185,0.0017348662442053715,-0.00703484663425344,0.21395656306792094,1.3340514415071247,-2.554129453016817,-0.5323725499643452
-0.015487979903350244,0.008707463630399726,0.0016296093288933992,-0.0069571913528597915,0.20619055500278763,1.2468810430675574,-2.512922107111216,-0.4805229213092917
-0.015427915794968142,0.008579485267853841,0.0018118908001316157,-0.006955918266390355,0.2118494839153555,1.3863070223834375,-2.4967714382909763,-0.6029162965639415
-0.015355412404179933,0.008311125485645514,0.002149679937316311,-0.006843963179518448,0.2202344233009912,1.6318894583542642,-2.387245895423199,-0.8472551541629837
-0.015336983695125594,0.00836499619465541,0.002111059364861037,-0.006916663133758158,0.22271386938049345,1.6109004848360957,-2.4395548952476864,-0.8074021614320842
-0.015365308939288209,0.008469985724736567,0.0019777701343688388,-0.006963111133902653,0.21917895394945006,1.5142641843646707,-2.4849289364417633,-0.7107099305975514
-0.015369534312879195,0.008410840219670099,0.0020363029998102943,-0.006908524542635812,0.21807593018772548,1.5531530905977744,-2.4429752238661795,-0.7608569799907609
-0.01543299542491551,0.00850737315803058,0.0018848397237245368,-0.006893794018688033,0.21134988971898486,1.4364748996414338,-2.4497466491481106,-0.6655373785729387
-0.015261720334563848,0.008174467817525847,0.0023692636139889234,-0.006850165489546568,0.2318623602621668,1.7982868662894635,-2.3611113919583917,-0.9846626852170594
-0.01532166006319078,0.008212160476199281,0.0022769754655461417,-0.0068026801497771275,0.22451137829730974,1.722706589401391,-2.34295003838237,-0.9360038284305202
-0.015374319751523062,0.008252570509810427,0.0021906866546673102,-0.006766494564339376,0.21823634506075587,1.6533197396576682,-2.331287475754472,-0.8885247978797058
-0.015409135778319236,0.008298926058910095,0.0021155340365482185,-0.006758582148192605,0.2137025523492438,1.5961963415609521,-2.3360662780314105,-0.8425225518030764
-0.015152375794056134,0.007977057964763798,0.002663620279986683,-0.006799820874302402,0.24691400651544562,2.0126012616369784,-2.281046879472442,-1.1744793155946678
-0.015215543990366455,0.008010146026312117,0.0025683540012626824,-0.006750692055696826,0.23840964347418445,1.9335055625792104,-2.2638895756521435,-1.124952489646408
-0.015109647258034193,0.007816593139964086,0.0028489379874168347,-0.0066808891979290705,0.254036053108551,2.1298789576190864,-2.166819474322128,-1.3025189542244373
-0.015154101683862768,0.007910796467918339,0.0027203950079834477,-0.006727174834700267,0.24709434381964548,2.042869774722822,-2.221787742379234,-1.219959366329997
-0.015150842001345897,0.007853550595363823,0.002772807412710479,-0.006669747812633376,0.2476703459831159,2.071648138816312,-2.173578854992244,-1.2592750366818894
-0.015273715047364758,0.008115449697425111,0.0024139360107515574,-0.0067773186523561605,0.2306649589138818,1.821883558067532,-2.306158068252294,-1.0257964544658777
-0.015279210169516777,0.008049459015442054,0.0024693428056028186,-0.006705995660803752,0.23023609566454414,1.8531097726590124,-2.2505115860986717,-1.0720702833020697
-0.015112962734553714,0.007758535336109432,0.0028925819082771843,-0.006612054003300447,0.25399010120821214,2.1491576058716784,-2.111924826191368,-1.3368298630922038
-0.015052676397895776,0.007724608350175113,0.0029881941563914623,-0.00664690947547525,0.2627593330867639,2.226023347350683,-2.116163136092005,-1.3877763382777066
-0.015050209315466134,0.007655780795157118,0.0030444364717118685,-0.006569912619595401,0.2636964709326126,2.2514475178315476,-2.0521575104750274,-1.4286091365351519
-0.014969722747254617,0.007502902168585877,0.0032516075239649015,-0.006479151718507672,0.27749693575064865,2.3812506970547713,-1.944954453421863,-1.5525569538968165
-0.015044905558393329,0.00758502293428395,0.0031030840877673996,-0.006493082440931227,0.2653175851233507,2.2775722585449034,-1.9875874018510407,-1.4692537958292482
-0.015024313457562727,0.0075264329679097285,0.0031691963940220446,-0.006446817066606441,0.26901361411830493,2.314492540615018,-1.9419871708203793,-1.5096842234904138
-0.014918304418521756,0.007400705869282153,0.003383611678039976,-0.006407979128241262,0.2864455009499145,2.4580258085685625,-1.8657185402916703,-1.6287940506711818
-0.01496391275276019,0.007443666968222995,0.0032987228799715106,-0.006412694057900956,0.27825909543781463,2.3990472934338594,-1.8890378337040823,-1.5828089227693847
-0.014854397930813449,0.007304740232086883,0.0035245971081480925,-0.0063515950813740766,0.29725068109217573,2.543489223122116,-1.7923610857510923,-1.7063865170281038
-0.014921811872519482,0.007331059039722279,0.003422532788944489,-0.006316467066767187,0.28636387075674646,2.4622377853429938,-1.7941105842192118,-1.6541649356189467
-0.014842676916123558,0.007241033436529976,0.0035766396849635155,-0.006280363506270534,0.299974807299926,2.5602697209971086,-1.730728207108309,-1.7356265564443631
-0.014823928566807802,0.007176944824118911,0.0036361396142555254,-0.006214526374966597,0.30338750364163974,2.582700301439061,-1.6707211475578447,-1.7671923917473207
-0.014746568089572467,0.007105689749245974,0.0037758083867445126,-0.006191360025763767,0.3167641520097067,2.672006650237389,-1.6171763813237707,-1.8375986122939103
-0.014796690899996223,0.007122087857477921,0.0037004809905599374,-0.00616748885017226,0.30853916585561636,2.6128228400375084,-1.622069526202327,-1.7997018205867874
-0.014714138038377518,0.007056455117349017,0.0038434084222581997,-0.006153505585749315,0.32265357036848913,2.706593326072108,-1.5728058432289893,-1.8707763305103164
-0.014603463017017832,0.006976591792881182,0.004033030569152079,-0.006137181541925964,0.34329000390664843,2.831832893016029,-1.506420985540082,-1.9633120012816014
-0.014663530605034107,0.007016058810934232,0.003931610770687311,-0.006141821981272469,0.3319825945116275,2.763489755280554,-1.53957313007722,-1.9139855689976508
-0.014618669779800433,0.00692272483283248,0.004033204065007031,-0.00604851893944381,0.34060372378976317,2.8010447957270923,-1.4469928177696505,-1.9596548205907414
-0.01458147255248607,0.006859338191018026,0.0041093757917496304,-0.00598831973608834,0.34746769262877336,2.831251156693948,-1.383995079544775,-1.9924728722150888
-0.014513529503761467,0.006758501958038917,0.0042396139826175565,-0.005894481198621388,0.3601572441383944,2.8828500955713476,-1.2818586336602815,-2.0455923282359634
-0.014565588789582789,0.0067942160599056165,0.004154165756686781,-0.0059079881950959605,0.350077756082145,2.8316947315141245,-1.317824233853191,-2.007699109278774
-0.014427915541068446,0.006666694426699198,0.0043887089335259135,-0.005819247308826519,0.37605625295015394,2.9511020896295332,-1.183966090010345,-2.10512646483077
-0.014510931530617444,0.006690282274737032,0.00426285704440213,-0.005798687436405838,0.36037136661546393,2.8611526897513446,-1.2125952999459313,-2.0472558410953385
-0.014359055385259202,0.006581820885236275,0.004508465661010169,-0.005736959707090944,0.3891567223953852,2.994839944318983,-1.0903927053956617,-2.147695548640598
-0.01442307243561604,0.006598164786818453,0.004411500582673543,-0.005722552725060733,0.37644390643110065,2.926580148723533,-1.1148519273547224,-2.1040786968497733
-0.014333979807748226,0.006518552307280758,0.0045567187043972016,-0.00565792795367205,0.3929671537146961,2.9915898198257485,-1.0238147730113154,-2.157384179149179
-0.014285090324456315,0.006379416180854501,0.0046466326416567,-0.005479144982672813,0.39948025168710893,2.968399251779591,-0.8822353527101315,-2.1662408045122885
-0.014309342234738323,0.006449564586004273,0.0046030440732929825,-0.005569668261954348,0.39640155383073333,2.9819639049319853,-0.9527075697841169,-2.1633689913933907
-0.014197139604091753,0.006305457954163227,0.004781075350343459,-0.005409947482123297,0.4155825649722103,3.0184704252251477,-0.7912746801429273,-2.2069865189309255
-0.014259804346833682,0.006310338668203475,0.0046893104062261425,-0.005390370666000827,0.40265950237162224,2.9537123427697485,-0.8139802919683108,-2.167388918967182
-0.011160402280687463,0.0043974585843977575,0.007330512279379306,-0.001474160355944191,0.4325028304020901,1.5598416922365874,1.7560775438720542,-1.0261741248481373
-0.01139106510212136,0.0044665453900476935,0.007252124362765781,-0.0017737681204551983,0.467528954036945,1.757937493291067,1.667541718451112,-1.200727719725126
-0.011242133932731817,0.00440440023620769,0.007289624835842797,-0.0015703842294632583,0.4408023293640864,1.6195199810652026,1.716583996287879,-1.0837932428919579
-0.011320500550894404,0.004430912263535028,0.007265648707806439,-0.001673471328070159,0.4534920170468563,1.6884066827438498,1.6883788749542197,-1.1435977599621132
-0.011458223572778927,0.004430265239190185,0.007174282055647402,-0.0018209803262756456,0.4604471460857389,1.77223418831224,1.606275008803014,-1.2303583526366846
-0.011528410730310551,0.004468516435195849,0.0071584845609911915,-0.001921019822359689,0.47385718233754076,1.8400345817582602,1.5835234409682946,-1.2853325991742024
-0.011613044045307056,0.004508072980399716,0.0071302928966763,-0.00203702847858415,0.48720062887685617,1.9160793988644718,1.5494421424937135,-1.348667668194758
-0.011758584009278029,0.004599777554430555,0.007093481664649958,-0.0022555675125750262,0.5145050499075036,2.063372409484311,1.494443851777987,-1.4652309738824114
-0.011684104222910592,0.004547963408009063,0.007109530656925948,-0.0021395571787425904,0.49930394857113497,1.9842797085277961,1.521639838548295,-1.403817776597099
-0.013156631728989758,0.005308790277694758,0.006038333772966525,-0.004009380670982194,0.5366954547822663,2.885808043730195,0.44066401712848474,-2.162193347086553
-0.012843600312192296,0.005191955562386821,0.006380908708867647,-0.0037271137280408197,0.5714276532481222,2.8491719857971365,0.7244640972118277,-2.111094693408837
-0.012552304493345072,0.005047619940272544,0.0066435273691264575,-0.003378193113798653,0.5825891511616085,2.7142960460162313,0.9810291557531022,-1.9930451390302906
-0.012622792601893414,0.005054113355852298,0.006564113205032759,-0.003431556220457023,0.573784135039447,2.719793058730232,0.9184450003952335,-2.0069489485546073
-0.012685976613980573,0.005079774406195086,0.006505200029311761,-0.0035008940268591205,0.5703711394247152,2.7442709622934047,0.8641715572619376,-2.0301362347221352
-0.01275092576710523,0.005127462791222336,0.006456702601152325,-0.0035967493001439884,0.572028527839978,2.7910579732113523,0.8080452665003007,-2.065971865144109
-0.012816324772845453,0.00515062646044107,0.006389785337676411,-0.0036608926640715835,0.5659947103311775,2.807098993700982,0.75001102890262,-2.0833069462241203
-0.01310060642078298,0.005283874996963034,0.006099727183390285,-0.003957396657584724,0.5426859751827707,2.879649923636201,0.49157714636299105,-2.1543624563556922
-0.013045771724469706,0.005270932125787931,0.006164937519481742,-0.0039198515046411165,0.5508932148021677,2.8843587761598615,0.5398953861229591,-2.1525382990983553
-0.012908399057914117,0.005212582088800315,0.006310449638221588,-0.0037851121680284377,0.5641442272236391,2.8581805895865893,0.6657282386256148,-2.1237253281600257
-0.012997971931403037,0.005223668785959776,0.006201345782676995,-0.003839120092947131,0.549790760518163,2.8464944272414554,0.5871667349250745,-2.1259282979437937
-0.01213795344171412,0.004802274649810178,0.006912153987839177,-0.0027919643919355123,0.5588461839738348,2.393050026365018,1.283735757607998,-1.734502850184212
-0.011839942358444067,0.004622544623811834,0.007043634426869332,-0.0023536053306648344,0.5203569422542716,2.1192016676928986,1.4460068706675617,-1.5158938620261557
-0.011899567787101058,0.004652309484184446,0.007016055531759551,-0.0024360109058011985,0.5269651725873277,2.170176650963875,1.414734820937955,-1.5580402329017753
-0.011951466574606488,0.004692560212071189,0.007002488234107709,-0.002520582241539021,0.5373770307838648,2.2267952927334824,1.391980991866382,-1.6011913755586054
-0.012088269205153506,0.004752123717689711,0.0069211889205417895,-0.0026993968716156097,0.5474715931064753,2.32943289278658,1.306682530842336,-1.6888003691616653
-0.012024161385622916,0.004699328677157071,0.006940197057361631,-0.0025925294469463065,0.5354312718095925,2.258852074595404,1.3379334417658075,-1.6358635257590295
-0.01225349436777711,0.004818357076852561,0.006806323944110078,-0.0029036094834200654,0.5538109335563344,2.436696724953141,1.1925732459957905,-1.7828069702519518
-0.01220284668649215,0.00476717215059244,0.006818959000431195,-0.0028103915179015335,0.5440106777337058,2.3745751627955687,1.2188053042330627,-1.7380445696139384
-0.012509408122696833,0.004986488346162336,0.0066500601154271454,-0.0032777544324445796,0.5723629453314034,2.6452347626624246,1.0105981031710707,-1.9466832832103733
-0.01230529608242059,0.004875591654901422,0.006795364833457005,-0.0030049578159258884,0.5648882952188531,2.5049643166014453,1.164624586997087,-1.8309952004438235
-0.01236819092532693,0.00491889641647046,0.006759811559664547,-0.003100120642464491,0.5711413617121122,2.560100732082733,1.1213017957239997,-1.8738206710819043
-0.012450980574717213,0.004926516928968402,0.0066733866817474735,-0.003169022701495854,0.5631070749865171,2.5769536678207285,1.0510127787500088,-1.898096083404207
-0.01400961474169303,0.006161968069275273,0.005059841542972061,-0.0052630048471023596,0.4502838508607047,3.1136978255684364,-0.5968550605996131,-2.2817134673510133
-0.013986516895531367,0.006098880757217886,0.005090064484973677,-0.005175205550774779,0.45149660734742364,3.0853227529588865,-0.5348290678459696,-2.271540151437034
-0.014177171172382937,0.006247980005833953,0.004812642325577454,-0.00533364208718728,0.4172750668250146,3.0008246498614524,-0.7347374729621401,-2.203983193269059
-0.014069205910357306,0.006183383610439192,0.004971796444058023,-0.005276632147255965,0.4378874382254379,3.067868431509431,-0.6400125705026937,-2.25210709237369
-0.014127856191796063,0.006217266923171284,0.004885458141907974,-0.005306859730697285,0.4268780846612193,3.031287050096156,-0.6911924090175307,-2.226212631083015
-0.013933608228824189,0.006048950321729369,0.00516392728338341,-0.005113724289421311,0.46054062577379307,3.095620192938824,-0.47045261002526306,-2.2824024612405096
-0.013842998443074263,0.005917071340459193,0.005278916904510987,-0.004935442915856643,0.4701538097481976,3.0636926379173226,-0.3269465854213127,-2.2736329368641766
-0.013892434081652274,0.00598202121466492,0.005216429333883734,-0.00502293544441442,0.4644739234654561,3.076623473884883,-0.399546926405495,-2.276745544377777
-0.01381496137994104,0.005852049771591084,0.005307885464343913,-0.004844347162183992,0.47068086140202864,3.0288409147102446,-0.2682548551203887,-2.256907936747727
-0.013783672853602526,0.005806552173094023,0.005343834967402944,-0.004781744635854511,0.47308651623937675,3.012931712677985,-0.22171624766964354,-2.249720497680115
-0.013213687784638661,0.005336786430701864,0.005976044933485046,-0.004064158450806195,0.5308487197865362,2.892664571257851,0.38802420355706735,-2.1701793098663127
-0.013419659739755292,0.005616086241827736,0.005810843781581947,-0.004496261620769506,0.5325747931267754,3.089195636066752,0.13006341251545608,-2.2927060513742448
-0.01339564803316703,0.0055525009638168555,0.005820104264645894,-0.004402103057995815,0.5284065498497834,3.0339101177580976,0.17554901046494895,-2.2607681058815365
-0.013361059086963166,0.005488942215555755,0.005842744517732211,-0.004307017955059871,0.5259087936058601,2.984902189447478,0.2264115536325915,-2.231480891508579
-0.013319623024519021,0.005428766272529292,0.005874446189436632,-0.004215601704081793,0.524926669468362,2.942158013951239,0.27881228274339037,-2.2049806864747556
-0.013273734235522345,0.005372694773716128,0.005912063086966853,-0.004128706201778944,0.5246511600013233,2.9044172629485794,0.33128593754430424,-2.1805898646633186
-0.013638305736142477,0.005780528488466935,0.005548117949778566,-0.004750162169712315,0.503423198359446,3.1056530031422334,-0.11374570154551734,-2.30349012231764
-0.01359348472230363,0.005725178808192972,0.005597397832461034,-0.004668980311671588,0.5071929560540486,3.0832326049934475,-0.05166635453504249,-2.2916506602187585
-0.013548589422484157,0.005673261266953021,0.00564595702713636,-0.004591958458997487,0.5108759171994485,3.0620098676745955,0.007142654667223491,-2.2797740389968695
-0.013484811006632772,0.005634276289844229,0.005724239929254878,-0.0045305561478764045,0.5202491441560295,3.065039180297513,0.07215485922749937,-2.280771253233968
-0.01372566651658872,0.005776290688064431,0.005420343168578349,-0.004741832574924794,0.48350026214867287,3.0311546541070773,-0.16803325555896848,-2.261454756995693
-0.01379300416854273,0.005756339740977681,0.00531991951099683,-0.0047095869635809,0.4666564129371199,2.959618154574787,-0.19766120466418188,-2.220715859175168
0.006526315622485581,-0.014122796787994784,0.005780267259778212,-0.004877540024196869,-0.1089811370520122,3.3628483345110274,0.1204657676879949,-2.456481915269873
0.009181184384062846,-0.015395915834777979,0.007378826647633394,-0.001115259191958467,0.17234666630137574,1.732169791225653,2.5462186487281566,-0.8460646359608753
0.009209065591699959,-0.015439646114459743,0.007318702673799361,-0.00105908697631544,0.1663180034360484,1.6635681395917101,2.524644335653796,-0.8040057168504852
0.008916159231104354,-0.015288802234441743,0.007409297225896938,-0.0015144595495445985,0.17592777133816107,2.0577173366597674,2.458918700461173,-1.1255582959952204
0.008957674171202709,-0.015315267819376518,0.007391413235185453,-0.0014452784645036293,0.1740770375995551,1.995480973955324,2.468163761880152,-1.0768551140828626
0.009127840715290865,-0.015392154509048642,0.007358794551185966,-0.0011856184401078443,0.17021554036391476,1.7788126334997052,2.5175777065033778,-0.8948309535873892
0.00901839694292231,-0.015337600999327952,0.0073904553030425466,-0.0013548839722763773,0.17384853398280578,1.9242972845249438,2.492245966088452,-1.0143432543422284
0.009073242033845713,-0.015375192996860793,0.007358445320087742,-0.0012640753412557217,0.17034629458402717,1.8398280940227425,2.497637587658817,-0.9496864108721511
0.008875792725185731,-0.015315492688416702,0.007338970533027495,-0.001547551071004396,0.16815563731427963,2.052322687665398,2.408990115589438,-1.1439571530672363
0.008636857176944632,-0.01521339023118895,0.007330040589427024,-0.001912586857315092,0.1654535539413923,2.3312008852688595,2.290344916601215,-1.3866691955170223
0.008673598086575526,-0.01523145432013405,0.007330180324069733,-0.0018543764527081644,0.165997999337283,2.2862898412274233,2.3095324930414494,-1.3484781885491812
0.008689709535671141,-0.015263072289813391,0.00729191414439132,-0.0018107475709811555,0.16174720866630035,2.2347818544269034,2.301954220387466,-1.316610132415232
0.008730113536869692,-0.015279321342291964,0.007296120510310783,-0.0017503191808656566,0.16266860044796308,2.189933698373831,2.3235313173601493,-1.2768437759239173
0.008786351796859737,-0.015295656061119815,0.00731034203887896,-0.0016706994672481647,0.16464392942350783,2.1347796624624924,2.356182237414307,-1.22478844205028
0.00883500243136831,-0.015325155178067828,0.007296132982736373,-0.0015912157053843176,0.1631128603987006,2.067332361672538,2.371787273360577,-1.1707380606323232
0.008440227210337096,-0.015184698787594078,0.007207628603199922,-0.002163823582724008,0.14970820604895504,2.4650954326154166,2.134614200677737,-1.536297999247122
0.00849366732718162,-0.01522040589839892,0.0071997414388279566,-0.002072581333530939,0.149487031070106,2.3922675591147935,2.1626975722942614,-1.477887132740608
0.008593691310150807,-0.015232638488259266,0.00726451836925162,-0.0019477942638580984,0.15789965011115722,2.327581470391927,2.2416868625924504,-1.4039603483396592
0.008540758857156428,-0.015254243685400971,0.007187339095630002,-0.001990846570200549,0.14880866694213177,2.324378545814389,2.184064385703005,-1.4244944126161865
0.006566051984380089,-0.014166444543326245,0.005820347745633255,-0.004804045838018176,-0.10039059962823584,3.354517656855017,0.1808810736037811,-2.4501240540776155
0.006597321718025258,-0.014218526356178797,0.005840595463449608,-0.004718001443962602,-0.09284563300383818,3.326080374731324,0.24237526593288924,-2.43221996893749
0.006646875449266768,-0.01425718886772846,0.005894980516726863,-0.004649301092568603,-0.08317876142338755,3.3274638269837564,0.3037740033149449,-2.429918482300747
0.006678857974722601,-0.014308530886564773,0.005912553886796062,-0.004563650452379705,-0.07611757827439226,3.295624590767877,0.36290498925924575,-2.4090820095621805
0.00671004476713639,-0.014357843661682057,0.00592819294240468,-0.004481427728420515,-0.06941121902794944,3.2635190757132952,0.41855256035622584,-2.3877060059974675
0.0068156295592667745,-0.014426794375915021,0.006039276314101497,-0.00434849389518182,-0.0509690750580477,3.263232353828402,0.538475861278913,-2.3776143800343816
0.006742386654355202,-0.01440410783234956,0.005945765388163168,-0.004403596701878826,-0.06288669930670408,3.2341683040279476,0.47151996021148784,-2.3674717626609305
0.006774398674437437,-0.014428736568871408,0.005976389380902267,-0.004357919352226673,-0.057132833140361196,3.229186342339682,0.5097169636695441,-2.3614769930647883
0.006842658424406931,-0.014466133402148652,0.00605045473906244,-0.004281348207970908,-0.0457876623901474,3.233780139669143,0.5822939533739461,-2.3572140622847546
0.0069458944754795275,-0.014566912409272145,0.006122315519254167,-0.004096914888623019,-0.028063274235696312,3.1757481197945414,0.7157597701500028,-2.31038935639608
0.006870773669057578,-0.014507692294667848,0.006060260540983846,-0.004210721504510617,-0.040417704915265924,3.201337174598636,0.6269703150857328,-2.334673024452759
0.006895683809072468,-0.01454886277986325,0.006064424720593767,-0.0041420395070072055,-0.03638808571410429,3.166211907304784,0.6677645301361959,-2.3106132647744597
0.008078254954090165,-0.015092884950089314,0.006986685931105353,-0.002631666835723162,0.11742753541267383,2.702567560460214,1.8344441826352873,-1.7906599014748446
0.008115583117705615,-0.015124579095607112,0.006981549767248861,-0.0025621561133029086,0.11853925444253548,2.6499503163351963,1.8599442403622661,-1.7498638195494256
0.008138960383380387,-0.01515909740729246,0.006957089716012437,-0.002503981508753167,0.11708727009763341,2.595461902688696,1.8705962978892987,-1.7122840095603882
0.008188444691525796,-0.015143852026162108,0.007028488132754169,-0.0024701692516602143,0.1254044544084257,2.6059976270936396,1.9217878880011223,-1.7020403487576488
0.00828889432624332,-0.015150918960538787,0.007117249599016537,-0.002359567529118208,0.13681643687252454,2.568018269078778,2.0123235137746005,-1.6470523322300945
0.008230696557897287,-0.015168299987689447,0.0070352593492940384,-0.002403125933391071,0.12690390692735884,2.5603580619913866,1.9515775311144072,-1.6630722083273954
0.008330685701816784,-0.015194893937385566,0.007092001267378352,-0.002273616303159821,0.13529682192738043,2.4920640601850317,2.0312029162046024,-1.5915621594419447
0.008387471296900362,-0.015220266092176048,0.007106383497077657,-0.002189661170012756,0.13812923649258346,2.436290624842869,2.069702817158938,-1.5415369472484715
0.007876632226437827,-0.014990271036833406,0.0069014082973966025,-0.0029327120260727577,0.10063059385317404,2.8737583661604416,1.6606445837232344,-1.9465821106215702
0.007910933188140434,-0.015007588174096512,0.0069181426045521275,-0.00288210832233491,0.10411946819871627,2.846873537058862,1.69161516312881,-1.921661459268956
0.00783429038223366,-0.015002633070788906,0.006835967234143648,-0.0029551963659311523,0.09343129647490316,2.854699366811253,1.6174777118493806,-1.9472292042228114
0.007933286266612305,-0.015043839079950912,0.00689523027538716,-0.002820790306885593,0.10336408299121529,2.7911959116866707,1.7068572574604175,-1.883696957531367
0.007970834459161325,-0.015084691097365363,0.006882197458605708,-0.0027414356161609443,0.1039801982538688,2.7281909585119712,1.7342330825568337,-1.8372316062623992
0.00801887206647379,-0.015123823458224,0.006881209032178593,-0.0026550776808187473,0.10605902369312566,2.6663014237798657,1.7698913256534414,-1.7883133414750552
0.00776126595565602,-0.01496564573284855,0.006796819865699528,-0.003060433790081005,0.08582784159226382,2.9069067920102687,1.5498250404211615,-1.9965907271925953
0.007717340331379179,-0.014962491945653938,0.006747860479899013,-0.003100017918038424,0.07921102232813375,2.907886816118912,1.5075536425574048,-2.0080016039712927
0.007785106443232659,-0.01501300016533702,0.006765369377714014,-0.00298463454916373,0.08515803529843612,2.8381415850890175,1.568866827016876,-1.9505946607755458
0.007450519557481292,-0.01480705185736239,0.006591971070214101,-0.0034940614735188415,0.04778652713498548,3.084428055537438,1.2410933674722837,-2.1723308347105896
0.007495103480590799,-0.01482494305081125,0.006630701801182507,-0.003439970577606212,0.05486240330140844,3.07102061171045,1.286529055403645,-2.1550156690908517
0.007528643170679435,-0.014862951404469471,0.006630927571786329,-0.003367073731733612,0.05750346923696669,3.023040065495878,1.3231551581053032,-2.1193739101240507
0.007568257640888591,-0.014907364561340937,0.006630071105654387,-0.0032820853971169545,0.060694874980054325,2.9666686544168823,1.364236822911064,-2.0774104026253615
0.007669142134731194,-0.014975033362220233,0.006674328547285794,-0.0031228630181339523,0.07116718521877625,2.884003104366389,1.4608491926987512,-2.0057347339589726
0.007610441934185558,-0.014943196097123005,0.006640667707748138,-0.0032063348175760723,0.06503058878694168,2.9217903292723104,1.4055925044028852,-2.0414574765049895
0.0073825128784776916,-0.01484624009158529,0.0064601556404598175,-0.003486827242746481,0.035590878526024404,3.0057373495012034,1.1844995183930875,-2.1388190872132813
0.007100898061622644,-0.014651991511708838,0.006269634813732455,-0.003907860961260176,-0.0035851490579219387,3.154631140952222,0.8806625816175256,-2.276287275620095
0.007140871691717044,-0.014695406141486846,0.006285460903667114,-0.0038275997002416057,0.00162502964368997,3.1162593183711107,0.9307324033603299,-2.2470238633824535
0.007185970506526227,-0.014726576936932004,0.006318195379343125,-0.0037612723053702854,0.008723262582528089,3.09537883441938,0.9800488262464878,-2.2272854064793783
0.007197042045906202,-0.01477550604074062,0.006286262201064528,-0.0036889968270565447,0.009228238690362834,3.0334485039078003,1.0044073955300803,-2.188026391557123
0.007255763349889361,-0.0147922346616615,0.006348456218516751,-0.0036342398749645284,0.017761493868984287,3.035300281535941,1.0598906127996726,-2.179351736017027
0.0073012699051962174,-0.014807675478989493,0.006393469332852959,-0.0035872463387572615,0.024957429693191972,3.031522798802202,1.1039417951388075,-2.1690982693297234
0.007327495031145903,-0.014836147745473016,0.006398818776096579,-0.0035340578399517862,0.02731122680673221,3.001444994607117,1.1333369764363983,-2.1462066337546903
0.0073329919017598765,-0.014874983400167668,0.0063659313103174246,-0.0034802540347730337,0.02709604044044362,2.9498144207881656,1.1449871547888801,-2.114227752886091
0.007007776425104425,-0.014603553347947794,0.006180357203856493,-0.004018922483906919,-0.01822165937156564,3.1662595164789034,0.7827401954647587,-2.2965700321009272
0.0070321591116909235,-0.01465403204169981,0.006171310663913167,-0.003936884467078052,-0.014605620954934872,3.114054482625047,0.8241984120967555,-2.2616817284117
0.006937394382326891,-0.01461936140490458,0.006067419488374864,-0.004025600876746519,-0.028432922694407402,3.103453558660354,0.7337451453734691,-2.267690874821418
0.010392636821962495,-0.015518889332654731,0.007328138668684676,5.223160353247123E-4,0.16157963701562014,0.4482558933859951,2.7478419651186745,0.3736673975954506
0.010449980047969237,-0.015553736954863584,0.0072572456515809305,5.888384842269813E-4,0.1552755890625969,0.3762458801417749,2.70742188920623,0.42190532147469123
0.01066176827355321,-0.01565569283667789,0.007032674528171841,8.22702941140743E-4,0.1359273186386707,0.13852396194974784,2.577120653390169,0.5908155402818397
0.010518324165710571,-0.015577983298674606,0.007200106884471718,6.695914660950162E-4,0.14989022590263437,0.2987715459436697,2.6752392889125565,0.4815260703230559
0.010592219439095689,-0.01562736227388534,0.007099389763217075,7.473215026480867E-4,0.14159932037285053,0.21215260429788454,2.6161668571103402,0.536428950656389
0.010338658182696449,-0.015563202164006827,0.007264603408190796,4.435881804198441E-4,0.1560058276772358,0.48763908636960623,2.7056621699608123,0.3103516043176489
0.010209244445818189,-0.01554969016560317,0.007305544275467665,2.773319307243389E-4,0.15992938959834127,0.6265094947874382,2.7198869381356263,0.18428447922296257
0.010270875275631924,-0.01559722429673204,0.0072189019204707055,3.5119136777928364E-4,0.15203161150032343,0.5427790703551886,2.6729019577028423,0.23807678288389614
0.010000771540279441,-0.015542788598200777,0.007327556876026577,3.779290904033257E-6,0.16349235713057306,0.8429646883770262,2.708682841441352,-0.023476989910342933
0.010063703166290246,-0.015574911129387555,0.007272933336865433,8.581103745448946E-5,0.15779452762247034,0.7616964854134518,2.6843793498607753,0.03758176713995435
0.010130128400022219,-0.015600805198861298,0.007226926702701146,1.7046748025513651E-4,0.15336845728436932,0.6823569730663414,2.6648157482978436,0.10069217617243333
0.00987272362836188,-0.015536450872828816,0.007332677575710328,-1.6530992316700423E-4,0.1644199574413794,0.9747953213159412,2.6921466808173897,-0.15095519171102326
0.009936011213361426,-0.015578784887828491,0.007265339240012267,-7.992311767226005E-5,0.15771491237346288,0.8860082177658518,2.662592892072487,-0.0877739749958703
0.009799998139813897,-0.015538178924148329,0.007322512774139378,-2.6082612731665556E-4,0.1640176898018211,1.0451299833569239,2.6737118949100505,-0.2226159919585964
0.009661981111747625,-0.015525415997433008,0.00732217437332857,-4.438592095370141E-4,0.16474423676859765,1.186623379176928,2.646608810249495,-0.35853140311830684
0.00974224233772526,-0.015552414224472844,0.007290704458817257,-3.344229964767488E-4,0.16105081990563427,1.0906581420765658,2.644640143544138,-0.2775203924249105
0.0096943554334486,-0.015552726820729182,0.007282321538560986,-3.965990837249965E-4,0.16038197275781907,1.1356932339876151,2.6304721693154414,-0.32356791119653633
0.009610495469107498,-0.015546383435662172,0.007276156482494256,-5.063534431951803E-4,0.1603775656259491,1.2183601136265028,2.609637057163386,-0.40450014221145086
0.00946843610074841,-0.01550834521726504,0.00730234135750455,-6.998770736947844E-4,0.16377106925442983,1.377826900863757,2.590493430532043,-0.5459527244512751
0.009493964004370598,-0.015546067021742141,0.007247016875381209,-6.560043846918238E-4,0.15818441115110726,1.3234784999386897,2.5667259147513244,-0.5135227215559577
0.009541933314839095,-0.015565166444735342,0.007228421473851435,-5.897123658532489E-4,0.15606264903949119,1.2653971409569722,2.5677906340600853,-0.4650899889006701
0.009332383126098156,-0.01547201531393716,0.007316330807538836,-8.876996937849476E-4,0.16560449362928356,1.5290887177167714,2.5611944534241924,-0.6816284329713623
0.009387095423657843,-0.015480710743639865,0.007321930877823484,-8.140271145464832E-4,0.16587911893163884,1.4741326654147147,2.5794920858517822,-0.6290322756419919
0.009417120227556487,-0.015527931765697986,0.007253483450817807,-7.594488778963192E-4,0.15919067724389382,1.4055527472533074,2.5508967432287757,-0.5881053165982274
0.009244096563991833,-0.015474812982604731,0.007275842269178654,-9.990800033319546E-4,0.16198047449499628,1.5999484677774267,2.5137873602271266,-0.7600498591804968
0.009287591210191699,-0.015509022358575767,0.007237481461932801,-9.300947305692313E-4,0.15793916716845877,1.5317310638573927,2.5068946338191966,-0.7101068064187696
0.01893812174407123,-0.012323842675992314,7.6359736056457E-4,0.003237893801746962,0.06618610086517902,-0.49830293970443323,-0.7755650525524699,0.5976933596329005
0.01963823922817913,-0.012087121899866191,5.392155112495415E-4,0.0028609319147603757,0.06446885008188931,-0.37725759409726584,-0.7108016366405514,0.45202441914261554
0.02037023345466656,-0.011707691599556156,3.396864491310492E-4,0.0024970346879729026,0.06167988399266091,-0.2633413661087622,-0.6548301140371972,0.32050958637415533
0.02274441664267748,-0.010064500196640486,1.3801147238128632E-5,0.0012980813810477144,0.016665911282384847,-0.020647980086612366,-0.5265720777185091,0.051799781567224985
0.022008114160504574,-0.010876499935278772,8.588210903230031E-5,0.0016704754616116036,0.04749548534213354,-0.09781129537784378,-0.5484635821248273,0.13188951142113337
0.02116046494367377,-0.011309762384292169,1.8974610122394312E-4,0.0020995812500282716,0.05600532634917698,-0.17152913870388023,-0.5960567289344416,0.2146249062628247
0.02392678535109308,-0.010774271344783306,1.1908534479412331E-5,6.356353239709805E-4,0.061805575965863994,-0.03983580062279002,-0.5122447801934462,0.06893019005414036
0.025,-0.01149341090407286,0,0,0.13781034036777304,-0.0021089342641255025,-0.543291358708772,0.03456216710981523
0.017570575330343403,-0.013388785053522033,0.0015761607104203372,0.0036884871130468256,0.07253009608549027,-0.9076756512328376,-0.7081059667298573,1.0718020139521085
0.017997118175412358,-0.013242987298573594,0.001334574165045247,0.0034977839328845877,0.07020360956061018,-0.7914913393982147,-0.7126478192867945,0.9298868619434266
0.018439442607449112,-0.01308590037415254,0.001113322865125706,0.0032950389977681534,0.06907689191272194,-0.6833897577186984,-0.7048557665997186,0.7990392703434015
0.018847428007418926,-0.012849751140920542,9.152050325814509E-4,0.0031340583642707823,0.06938492902589433,-0.5822081553542761,-0.7057870738803094,0.683135383730215
0.017116873253447445,-0.013509883131365691,0.0018594359281231885,0.0038999553764027,0.07549579458002065,-1.0435425119560666,-0.6943137400039322,1.240425764941856
0.016795110779505285,-0.01377812848478658,0.0021230234307246295,0.003921322955722156,0.07575656808913357,-1.1524715128900984,-0.6088771354147148,1.3682629952775283
0.016455463805760483,-0.013886912983981241,0.002383080932363536,0.004036779415708509,0.0791500537057851,-1.2626401344330966,-0.5556110392701848,1.5075316192512676
0.015808466908557035,-0.014369949564553766,0.002957153431456237,0.003968555900463852,0.07842449646437473,-1.441857777592386,-0.29217190343556704,1.7293296565174556
0.016024864771287926,-0.014214992631879367,0.002764676782405026,0.004002030448515271,0.07888935790620766,-1.3884720509273227,-0.38739639144395066,1.6625651817849316
0.016318577889258425,-0.014205017956755078,0.0025313941130793716,0.0038692634481706095,0.0736112408050907,-1.2914229940187913,-0.43145442462730793,1.532192571246877
0.014846855505878068,-0.014470030334396655,0.0038849911809391317,0.004218528806596702,0.095397674716856,-1.7480906412045325,0.04914586557186818,2.168414428844596
0.0146745033452288,-0.014552769293573667,0.004061534508063438,0.004171796699193548,0.09716418736037517,-1.7738265142192806,0.15864423480329368,2.211948082790514
0.015533120192150904,-0.014443959425346119,0.003203139218463742,0.004014204123652242,0.08083126441566642,-1.5222682580128344,-0.20021333189780746,1.8374106114346789
0.015261838509029483,-0.014485727177219446,0.0034584195610330294,0.004073167890555725,0.08474879617285996,-1.604807864691711,-0.10410696958968513,1.9531373763314008
0.015025679046032038,-0.01449061173942496,0.003694639797317377,0.0041446716295453845,0.0909786070185664,-1.681848998559324,-0.017482323077509538,2.06769108146629
0.013989035881285874,-0.014926363469170756,0.00472577905025475,0.003816140715167778,0.09373359435549691,-1.7666545922778452,0.6520485556668786,2.2550248978256984
0.014208091941148344,-0.014877244017122898,0.004496998877476431,0.003871447273826771,0.09096591123819033,-1.7558919121308434,0.504802243527544,2.215588995521627
0.014537560321360218,-0.014737112750379228,0.0041741098099708634,0.003995092225591527,0.09066873878472463,-1.7423601636629444,0.285190296753238,2.1709259182615592
0.014412847175482857,-0.014871598586997294,0.004273385423034858,0.003863987066485699,0.08655469154376616,-1.7180124836459636,0.3859970614523313,2.1432231574725145
0.013976240653948294,-0.015172334317224027,0.004629047961922231,0.003543332562732326,0.07932997572984109,-1.6521865336107602,0.6932115347576328,2.0872513733472355
0.01291710301628619,-0.015203341278527039,0.00578565783398871,0.0032317486182438537,0.10397310556459506,-1.5620325719376302,1.4657570424112434,2.1772696277378
0.012805342620086767,-0.015212195908217499,0.005903393104410676,0.0031663844274533192,0.10712857404462753,-1.5248106969360888,1.5573707588121524,2.1577278966951194
0.012694569599532711,-0.015251700296764321,0.005989316594329918,0.0030619022398346613,0.10751303535236026,-1.466191192926491,1.6380921948092575,2.1056329613521547
0.012598741727708973,-0.015334324698951421,0.006011269537407373,0.0029169327114307157,0.10487851964040726,-1.387150673723682,1.6879354774517066,2.0135925343389647
0.013006769192244368,-0.015294693924102282,0.005608944614753728,0.0031710093323108145,0.09445717195610716,-1.5345645958585121,1.3753320884329285,2.100885043548263
0.013794553279704176,-0.015238039576017909,0.00479040994732357,0.003453592081893131,0.07955528332090146,-1.6318955858527886,0.8124123122310148,2.081294766738264
0.01362719410229439,-0.015282763362822298,0.004944326558538196,0.0033775052794774844,0.08098911019937581,-1.6117208598408677,0.9234918701818525,2.077477861476655
0.013488392010456216,-0.015287446211969705,0.005090615153624178,0.003341549904233726,0.08408394052130785,-1.6041686922541978,1.0186691367186482,2.0906155248673635
0.013133579783047624,-0.015357168278659896,0.005422359458328827,0.0031553769688807353,0.0874636252707592,-1.5273517981408726,1.2680697192123793,2.0526258250602143
0.013383515745309407,-0.01536486757639748,0.005151509511292035,0.0032305288398042126,0.08087207202652856,-1.557250649796125,1.0870897324808537,2.040875204772609
0.01325341011953839,-0.015407050316946391,0.005258327560757561,0.0031457809944544493,0.0822437593798027,-1.521289054461564,1.1745233575495866,2.0139187855723644
0.012544302832000243,-0.015441315195777378,0.0059598850961223495,0.0027737771295561734,0.097418015322995,-1.3125224627478744,1.690436222388644,1.9071375289557686
0.012427604866416607,-0.015504655574842137,0.006009461956843463,0.002637126720029768,0.09561523597746806,-1.2324521986677726,1.7524438415628438,1.822403242493744
0.012307125679682548,-0.015533381798487653,0.006092722433034824,0.002527804611516468,0.09750088695116986,-1.162980931158786,1.8262690804837367,1.7604892800157612
0.012124775420054912,-0.01552796113300503,0.006265824173847777,0.0023979473495643784,0.10254245484528961,-1.066979063328515,1.9593683477700796,1.6924690498457513
0.012202860658500332,-0.015570542075434382,0.006146924822521036,0.002418818598794617,0.09715588982218867,-1.0940597653056285,1.8816993423267583,1.692536144383703
0.012006561569590362,-0.015565601850622876,0.006325237279964695,0.0022703746580826282,0.10310313851662045,-0.9828819734676212,2.0189712384984824,1.6100504983007293
0.011871243858542737,-0.015625380196386592,0.006364742565406291,0.0021075748186145777,0.10224699655384618,-0.8769444881044455,2.070847302595949,1.4983092360672339
0.011787499053447004,-0.015692010752159483,0.006347129809838113,0.0019835775669053164,0.0990084946430879,-0.8018204277789722,2.079874690726485,1.4065496118179963
0.011112690930058828,-0.015593255203270626,0.006929711410229277,0.0013756910141983177,0.12991223573093016,-0.2822128283617423,2.4974608156215177,1.0064728207735734
0.011199697941477293,-0.015615311753552581,0.006847873624996408,0.0014593663567136633,0.1251661383515532,-0.359934909179611,2.4413064758770724,1.0645414072056683
0.011055669565608632,-0.01564047837696871,0.006889475979482779,0.0012866655932185862,0.12665890371450625,-0.22992651485715504,2.477984175588451,0.9360635699179218
0.010803830216580304,-0.015614499263468763,0.007044998727376288,0.0010076369375783265,0.13766606489141817,0.007557179202624791,2.582354703871021,0.7329615313810914
0.010732964720631488,-0.015684006459450655,0.006964157040450254,8.973302712019085E-4,0.1306457435036242,0.06589139941258405,2.535964540986656,0.6441948927227191
0.010985247448427438,-0.015645091638515605,0.006917565913334811,0.0012049743217220042,0.1282391293426507,-0.16564818659090288,2.4990096834916358,0.875790252153795
0.010899378046623678,-0.01564041843474859,0.006964371468102815,0.001108708934451178,0.1311408199766957,-0.08559131179096008,2.531286968895191,0.8054206018946192
0.011270684199497885,-0.01567815977603242,0.006715820038207009,0.00149829297063234,0.11762025334484341,-0.4155910984557204,2.358314891615394,1.083227814452291
0.011672428603184239,-0.015684950674566395,0.006441238582399437,0.0018864424360167053,0.10293886201826453,-0.7252750417539576,2.1500693543085796,1.346259535580725
0.011521493453337191,-0.015679609768567127,0.006554331743874786,0.0017488843721645627,0.1082872625510425,-0.6157816425800003,2.2353451051558006,1.2560361783933323
0.01137577785081955,-0.01567943333127368,0.00664991261101143,0.0016053129032563892,0.11307214074735941,-0.5020210790186787,2.308593366910667,1.1586698039737124
0.0045140735625449615,-0.011373578479359844,0.0017860615751589411,-0.007306651672267726,-0.17460093163090193,1.1783426452256707,-1.954786382960849,-0.6722869239763518
0.004525391315586398,-0.01145880087234819,0.0018874742203060914,-0.0072582602244918235,-0.1864781340729527,1.2497271913350738,-1.922387023928718,-0.7431543213087405
0.0045818196826275465,-0.011575043853828687,0.002053540838680466,-0.007223761347925504,-0.20396149059178895,1.3639361352072745,-1.9018332507924678,-0.8427792913705993
0.004521041014350622,-0.011540056077484002,0.0019710272354160796,-0.0071956286401863015,-0.195750581661856,1.3088562416926697,-1.8790442433917447,-0.8070377547737072
0.0045803140682569524,-0.011649300390207014,0.0021296482192805772,-0.007164630180381207,-0.21159291282830092,1.417323857951598,-1.8602583544621683,-0.8999742677637484
0.0046558321064196165,-0.011765376747289408,0.002309138637205208,-0.00713551943797388,-0.22906476305748455,1.538934115055673,-1.842622501443356,-1.00074737197143
0.004595097602695664,-0.011723051094801519,0.0022161078204769886,-0.007118052151383544,-0.22001053130819812,1.4769092356013271,-1.8281834075279162,-0.9579036809551509
0.004829146470757527,-0.012023611365356157,0.0027168936726987493,-0.007047664679938079,-0.2631246105947124,1.8122125045675503,-1.7831889833901202,-1.225221492123515
0.004781313228796851,-0.011979741508065763,0.0026297740990329772,-0.007049701315718085,-0.2557650146162415,1.7543560474589555,-1.7840222553483749,-1.1825573361920003
0.00474068942063084,-0.011853385137650975,0.002470894948860084,-0.007132428922028081,-0.2436680596614406,1.6473047946550852,-1.8429694166762525,-1.083034344086821
0.004751634652060965,-0.011920439802038517,0.0025458168217506604,-0.007080375880895404,-0.24965360381120147,1.6982240395230666,-1.8056393533972448,-1.1338151901928202
0.004662544162696495,-0.011833465965446844,0.002381820124318958,-0.007082456097456527,-0.23463648019615824,1.5890508453436187,-1.8048589202211371,-1.051975374208709
0.004874543401788702,-0.012131368000714243,0.00285950650515138,-0.006976931977714723,-0.27209869207091325,1.907078508549702,-1.731366658895686,-1.3101964139952245
0.00481460977997846,-0.012092327906337632,0.0027643178321398003,-0.006967195022669191,-0.26448046576145146,1.844076229424827,-1.7240076818855343,-1.2672472162967796
0.004928665845759177,-0.012233472943161468,0.0030036868542227383,-0.0069134403585699175,-0.28001896612264404,2.0019781711233304,-1.6842182913578865,-1.3917803733696592
0.004869458442178115,-0.012201952393065063,0.002914522809543642,-0.006899337581197336,-0.2733271765421002,1.943047273426432,-1.6740749649687492,-1.3533050326075635
0.004932348611868775,-0.012294368346257686,0.0030571930612790575,-0.0068503208029517615,-0.28143765473814136,2.0360262400653286,-1.63723676805052,-1.4294070066608595
0.004954447928410772,-0.012335808825543162,0.003114206481334739,-0.006821887445496567,-0.2832185728211878,2.0726308823103285,-1.6157163114041644,-1.4609835605055383
0.004959631378573416,-0.01238477146255001,0.0031573180143203267,-0.006771199190866024,-0.2839841436285471,2.099552919080168,-1.5777810408072634,-1.4901576428430747
0.005319475710471611,-0.012934787864727107,0.003936612280986031,-0.006338299589655359,-0.28812467701707356,2.5755964467594805,-1.2297405331349245,-1.8852501169815523
0.005131340386243103,-0.012607512286935579,0.0035147707366554007,-0.006635466752789312,-0.2945136101972789,2.3275090018484246,-1.4692612136810184,-1.6719306992857803
0.005109226632235964,-0.01255753232606937,0.003454883985750761,-0.006680622107419911,-0.2949296235141167,2.2910102077676218,-1.5044869090516981,-1.6388673682272434
0.0051068456315504305,-0.01265022952054648,0.0035116183934058324,-0.006566060816028325,-0.2904327759955938,2.3206712730133208,-1.418461170960034,-1.6798869163235604
0.005273395783341206,-0.012894960480932308,0.003857018879732974,-0.006363330881909365,-0.2884409384631698,2.5262821573829797,-1.2532838907464503,-1.8494253466938932
0.005250286778068163,-0.012851569416466669,0.003805536770072347,-0.0064057922972031636,-0.2901929446854886,2.4977421075184636,-1.2872556250309064,-1.8241629706591802
0.005111617064994264,-0.012688564562220476,0.0035406573417567826,-0.0065223054287586475,-0.2889801180677341,2.3359305118592735,-1.3853031363393122,-1.6978239930667136
0.005207523763503944,-0.012824311758970681,0.0037364309607940405,-0.006414214049119398,-0.28882017445540065,2.4532382948741938,-1.2975324413762772,-1.7937124099664612
0.005145656049260994,-0.012734814257414996,0.0036095631491778924,-0.006487622981995026,-0.28937617128742527,2.3777873931839166,-1.357097179447737,-1.7316909047105589
0.005163785669649995,-0.01279029967837687,0.0036629277379267035,-0.006429793528559701,-0.2878924414331293,2.4069772086487875,-1.3125773391681212,-1.7605876097772892
0.005035105270876816,-0.012473710901940886,0.003308759462495866,-0.006725933066903452,-0.29003609703033834,2.19728106846858,-1.5417777425606145,-1.5664908716126573
0.0049714876545713,-0.012449356964959015,0.0032180218130898057,-0.006707028344375581,-0.28416700996041194,2.136865065884276,-1.529756590755991,-1.5287586336486372
0.005044291023008078,-0.012543962473508414,0.0033680571293151994,-0.006650064250252083,-0.2888482727710951,2.232040409051281,-1.4844727631439074,-1.604803469661949
0.0064730046452725395,-0.014095479371220049,0.005709148660828468,-0.004925242694406391,-0.11843204568203268,3.337463772966743,0.06726935374140314,-2.4439452965510466
0.0064241383565969675,-0.014078552000602542,0.005639787075001235,-0.0049547385649125,-0.12625211881994142,3.304754601605848,0.02718687653430259,-2.426693397123367
0.006359010844479792,-0.014050033929329154,0.005549701715504522,-0.005001300342115347,-0.13578599150038836,3.2654497400321603,-0.029350999371574666,-2.4056458619688406
0.006380448087614092,-0.014088116738662943,0.0055675439307009515,-0.004941542730832357,-0.13059313526581448,3.2510684228844724,0.014706762641688522,-2.3975141002320197
0.006316505627322153,-0.014029248533451225,0.005491490497390298,-0.005033783385968872,-0.14335277462996784,3.240761239444209,-0.06708331440811587,-2.3921042275407554
0.006197497466944389,-0.013922006174965274,0.005341077593175225,-0.005195023994350108,-0.16556138600098957,3.2070498539024483,-0.21341183687318768,-2.371145122994626
0.00621990106477972,-0.01396383194865164,0.005363726966535398,-0.005131882876834327,-0.1592744914549059,3.1970126026517764,-0.16595168030328553,-2.3667101701672846
0.006266857289542693,-0.01402265145149662,0.00541711955888739,-0.0050432116953279755,-0.14888539891467312,3.1959732773884877,-0.09362656945286374,-2.367184542647026
0.0062187838406837165,-0.014007921742202835,0.005348400074826579,-0.005064188422624564,-0.1551569305062209,3.159921366618367,-0.1255082928204931,-2.346782329047144
0.0061391472603029296,-0.013917288211703356,0.005252438840203075,-0.0051969389921547185,-0.17109057684040588,3.149155662302809,-0.23674954591208527,-2.338369107047427
0.005458626416698156,-0.013097831083579889,0.0041924989664918885,-0.0061941266596298545,-0.2799817216307163,2.723456827741316,-1.1038920100402185,-2.0004394974474002
0.00541001455450081,-0.013065060443120292,0.004113239438944615,-0.0062133219275603,-0.28119520417567895,2.6738259377238234,-1.1250145279085324,-1.9663389935789046
0.005302975108187641,-0.01299331362141974,0.003940157905128792,-0.00625078896860689,-0.2822420356993218,2.5656125818454605,-1.1661534213916285,-1.8916286578386943
0.005358651715963258,-0.013030687815004337,0.004029975257813535,-0.006231932807646314,-0.28201449386162064,2.621714459155912,-1.1455265134641655,-1.930444048967811
0.005506896272737968,-0.013137365915271728,0.004273748957838406,-0.006163898293408271,-0.27774092241848986,2.7725339490167498,-1.0740940576891636,-2.0353952636643577
0.005532024218655983,-0.013185381886452078,0.004324217767659828,-0.006108345434804992,-0.2732825822700211,2.7955593749554644,-1.0287206140994472,-2.0568615526529124
0.005447497555862636,-0.013150162651530444,0.004194476697331533,-0.006115396661609782,-0.2743179887347615,2.710564041692862,-1.0470276710635993,-2.00250347060225
0.005528825917172882,-0.013233960042483514,0.004333029742647477,-0.0060376154708520905,-0.2681123839489658,2.7876023096159277,-0.9765722372839954,-2.0604083467780625
0.005545471968214148,-0.01327694007168452,0.004367395713245361,-0.005984217273137488,-0.26340387183137504,2.7991878449409966,-0.9347035266699864,-2.0737432417282515
0.00559275133081734,-0.013309530944374766,0.004442360031758216,-0.005958598521687481,-0.2608215112419224,2.8432385926688375,-0.9075077595013863,-2.1040961494407138
0.00553267862077775,-0.013316292081025244,0.0043581055966379345,-0.005922741870856554,-0.2592044025256296,2.779840680602541,-0.892700057396872,-2.0683095284585225
0.005625973234997115,-0.013367964103800221,0.004501427146442195,-0.0058882552314289465,-0.254630145943759,2.8664514286172387,-0.8497702017015719,-2.125762768044377
0.005653362732034327,-0.013421699680462765,0.004549435607380611,-0.005821179737847004,-0.24840646156194637,2.882145307182211,-0.7961328800579756,-2.141987413775516
0.005682553996528018,-0.013477909835180034,0.004598495934941123,-0.005750259943174064,-0.24173547740426135,2.8965666590030867,-0.7393708386309418,-2.1572476555428737
0.005717078844179816,-0.01352845780363917,0.004653033328485709,-0.0056884621602125,-0.23567957749152083,2.91599825306472,-0.6884182753316185,-2.174274472402722
0.005766308955331108,-0.013577090928113924,0.004727560441440424,-0.005632798636296143,-0.22889164935899828,2.9495957686823426,-0.6380454337167417,-2.199014996679885
0.0056972549184063255,-0.013582599849066075,0.004627234931920289,-0.005603574449796374,-0.22961361135264421,2.8765519702877578,-0.6350580448346492,-2.15654472375723
0.00607397068533211,-0.013903686328005795,0.005156667967616397,-0.005210537197789001,-0.17748154257969828,3.0919194005375243,-0.2686263863542298,-2.3051752975256368
0.0060185103764461585,-0.013872096865066578,0.0050797263301784095,-0.00525077822197071,-0.18475281931705556,3.0571196500964923,-0.31242143092364366,-2.2836119124287433
0.0059476466954967245,-0.013706379386349025,0.00499544621741091,-0.0054877207831430875,-0.20729407537868214,3.082390346708373,-0.48932269523648847,-2.287641586091294
0.005965228684444378,-0.013758962588746832,0.005016721683328438,-0.005411798107426778,-0.20067742303909117,3.0714337153442828,-0.4335011015639058,-2.285159013418603
0.005868841235260359,-0.01364654864347147,0.004879877889337939,-0.005558811056805726,-0.21783566035113464,3.028178946382878,-0.5603411742345156,-2.251188078402654
0.005894771967616926,-0.013693274724307966,0.0049165401985235314,-0.005495223262267204,-0.21157197272851266,3.0326545588450267,-0.5100908449687429,-2.2577884215369615
0.005795538379837397,-0.013644322470944553,0.0047710530259608445,-0.0055423761535469815,-0.22063254016420483,2.9520855265705284,-0.5688491919644312,-2.206769443471369
0.005935467351549278,-0.013808037038337967,0.004966138742129996,-0.005332619577923096,-0.1965910519963239,3.0118749434891012,-0.39120862301620335,-2.2539709675317643
0.0059667284201474855,-0.013884743011902956,0.005000676109218725,-0.005224482848392654,-0.18659029912792685,2.9974079070645017,-0.3130456896028188,-2.249606185402634
0.005923182863514325,-0.013863888905556154,0.004940227975524489,-0.0052483602288434,-0.19127724964590545,2.967718381428687,-0.34153411450361687,-2.2311565553392794
-0.004066075316413075,-0.009545227067593783,5.277579465018658E-4,-0.007291191010035698,0.10906063009892085,-0.44793154721180034,1.8091840343773051,0.8630787567426046
-0.003983128166998083,-0.009439615498522706,6.268662069569275E-4,-0.007192523636292699,0.10962225094379116,-0.5194151633387074,1.7276494398128435,0.9118409260599412
-0.003964221137208287,-0.009328631379864342,7.419328439179331E-4,-0.007145515102009792,0.119819652693425,-0.5963400849853856,1.6843941936518279,0.985532731017524
-0.003958985563497067,-0.009219619510105715,8.560354506884922E-4,-0.007105979248845743,0.1298530649389511,-0.6706578258622525,1.647308813052841,1.0603072183685749
-0.0037622416047599348,-0.00886211985746388,0.0011264382404891644,-0.006805329654003449,0.12934339837119943,-0.8520251044509847,1.4116288251054407,1.1953901105475646
-0.003740820135418702,-0.008948412362838694,0.00103859017791475,-0.006826999972753175,0.1203982346112902,-0.799093201621766,1.4314570618894145,1.1362176502355694
-0.0037972562090858573,-0.00904298330206972,9.731197003944467E-4,-0.006908813788258969,0.12151099158408775,-0.7544126189078978,1.4947607306258897,1.1039396001050983
-0.003890378431577384,-0.009132430317283582,9.211446417606884E-4,-0.007017563715707384,0.12756970147750388,-0.7165543143994261,1.5774822429498345,1.0885294866970938
-0.004111033139174156,-0.009820601960407321,2.1237923236301368E-4,-0.007374119491599883,0.07574176361737882,-0.23100365728097214,1.8942716030820785,0.6538334693801465
-0.0040573339848808355,-0.009735336777220154,3.069031529259424E-4,-0.007315291292164328,0.08154658049023883,-0.2987034469846803,1.8430196412917177,0.7070659168672778
-0.004000858458853058,-0.00965019022281803,3.9620209971787324E-4,-0.0072518655044219145,0.08567473333463826,-0.36252970253963346,1.788579952476349,0.7560147971423178
-0.004202458838328285,-0.009999236699416388,-4.5601307859749727E-7,-0.007469204228647955,0.05806113192691608,-0.0797942261113125,1.9811578870874966,0.5270963813449762
-0.004142130646331746,-0.009925164045161087,8.890710600399362E-5,-0.007409947935536424,0.063372128318939,-0.14439173572513256,1.9302080392604917,0.5741964296203744
-0.004056011638645457,-0.009885335524700908,1.3221780272548213E-4,-0.0073276431854554765,0.05894491002030805,-0.1785919036560497,1.864369241378703,0.5828547346399522
-0.004289008358116243,-0.01029579040930651,-3.7894656065363725E-4,-0.007532990282476574,0.013103826129082384,0.18682448977338154,2.0537711617059187,0.2803567814997095
-0.004260131318156034,-0.01021402409468056,-2.719617927077746E-4,-0.00751466808723786,0.02562576347933925,0.11123550580188232,2.033390769667829,0.3487547531002479
-0.004206035174009849,-0.010139962787784387,-1.7486196424526206E-4,-0.0074682492164286325,0.03368310302146574,0.041581012811515224,1.992222052572166,0.4028990837778335
-0.0041566265348641235,-0.010075128206936432,-9.288026637575517E-5,-0.007424048588228088,0.04006989740183776,-0.017367913156824368,1.9532232806607068,0.447815899602863
-0.004305198953498329,-0.0105499447442505,-7.021199013196021E-4,-0.0074961736094613625,-0.034226293180680274,0.41444896212484844,2.0455276732469954,0.05009566416613292
-0.004288848036548682,-0.010624534357519502,-7.895371116253044E-4,-0.007458943220752503,-0.04882849076097567,0.47597447162814294,2.0227445376703774,-0.0192408112571104
-0.004238406016279366,-0.010355247655323148,-4.454416878521043E-4,-0.007474084063457437,-0.0020050014437913394,0.23239193006960293,2.0138304942652145,0.21625972662187956
-0.004254542239793822,-0.010488609341571378,-6.134363065156434E-4,-0.00746251172384592,-0.02549009914322482,0.3510445961807571,2.015511019985913,0.09870949375070857
-0.004218201336684405,-0.010428155084763273,-5.312335686908079E-4,-0.007440923759360583,-0.01741618634267847,0.292374082554328,1.9941928619502558,0.14752027121304284
-0.0035180239885432467,-0.008025624842312666,0.0016306165068415077,-0.00617778140731932,0.12851837369100136,-1.1487977618148273,0.9824452813262562,1.448319515025098
-0.003387999967771422,-0.007855225551927327,0.0016474202104274182,-0.005998312985405597,0.11828795522152158,-1.1625188962537056,0.8794986333502736,1.4417716495397441
-0.003676754175013046,-0.00828602276121279,0.0015531493877874736,-0.006436276246788864,0.14324705779171878,-1.1029892624274735,1.143090032802904,1.4315884680837818
-0.003518020442628604,-0.008177184375269436,0.0015320793276180937,-0.0062732506056854,0.12730372275753185,-1.0980996595368537,1.042316187236813,1.3963975847740437
-0.003675056567378206,-0.008460955198181557,0.0014196533009846312,-0.006538359414351697,0.1377357832054846,-1.0292319764927347,1.2147651171948757,1.3566925262434015
-0.0036885217133983423,-0.008626220266813258,0.0012942066574059983,-0.006637288199366378,0.1326469664393293,-0.9566477812920354,1.2864908272471889,1.285704078784837
-0.003717839862930441,-0.008761899614005053,0.001194193432214781,-0.0067258535618904755,0.12976308155032434,-0.8954909308317388,1.352217912977233,1.2296517271775629
0.002909143149905488,-0.006446424612711996,-0.0018457478849775758,-0.0048234113772943074,0.0834456312154662,-1.2711449775132888,-0.376758203444222,1.501981228373073
0.003474553285974763,-0.0078043197097978426,-0.001734179701424778,-0.006007545787795676,0.1267285466261687,-1.2005371353220013,-0.8834580767243821,1.492964492745864
0.003349926747264027,-0.00705322146156347,-0.0019952856527286657,-0.005407855488631598,0.11102650270246461,-1.3103271781474353,-0.5894164497669755,1.5829599517059234
0.0031617428423107016,-0.00674938725803,-0.0019544210070764254,-0.005116464684772817,0.09818354632906265,-1.2971892020814393,-0.4766206915610342,1.5498902139691115
0.003386527901932039,-0.007626168828817741,-0.001769058503062578,-0.0058423611085424215,0.11968076443083354,-1.2200632674074798,-0.7947813923692686,1.4990871983099712
0.0033648496349709903,-0.007434797963814229,-0.0018467145594548838,-0.005697276007560246,0.11633381438598825,-1.2543816807977008,-0.7212983359467611,1.5314887006587625
0.0032712525899616833,-0.0072915750329581,-0.0018413998317546722,-0.00555598356539411,0.11086069871836424,-1.254177835955257,-0.6561857485364999,1.5188214864445955
0.0033642455687781115,-0.007963622076864406,-0.0015698638999776212,-0.006056063892456207,0.1140046575548882,-1.125257786707863,-0.9126423910557736,1.3994461856530298
0.003729776564434475,-0.00878243084418782,-0.0011820515270849917,-0.006744422821287882,0.12993782894875003,-0.8880809970898104,-1.3655414644233728,1.2243924336126781
0.0036987834524160198,-0.008638996322942955,-0.0012888981997459593,-0.006651038015448983,0.13324920623410416,-0.953298399692028,-1.2959375637320436,1.283894589145028
0.003690954381229943,-0.008483396775628524,-0.0014109672335940666,-0.006561687382664455,0.13908499649932005,-1.0244355656877284,-1.2300811655611323,1.3546265105719806
0.003439176080303753,-0.008156306313256602,-0.0014978255886387382,-0.0062154799979185675,0.11850979282373537,-1.0839370228969771,-1.007636655742427,1.3687919112587006
0.003530474313933063,-0.008365868141161947,-0.0014086439274759463,-0.006392066943787646,0.1227207725679965,-1.0303298365311233,-1.1196832984569605,1.3296955051233155
0.0036732613633428898,-0.009012989088814503,-9.525050649838697E-4,-0.0068024371221199744,0.1073010073915308,-0.7478777022227668,-1.4181862731871446,1.0686081039414448
0.003615266293458316,-0.008885920697273515,-0.001040793687370663,-0.006708391057572275,0.10762220563367571,-0.8068349212304957,-1.3461806335328357,1.1162513149043212
-0.003208741810267344,-0.007425456403416639,0.001740084692391422,-0.005626395478410275,0.1057939784441786,-1.2148837570337603,0.6873424993197924,1.471184306699783
-0.0032831688464127666,-0.007626413790223787,0.00169798462177033,-0.0057958470194733455,0.11089267333744733,-1.1907551620311316,0.7709801650665672,1.4560921325748557
-0.003187309137816909,-0.007793842568980613,0.0015506675461487427,-0.005862975426089725,0.09981470056014285,-1.1266648158033041,0.8035660311200965,1.3771162991448924
-0.0029793708932920903,-0.007237593741702698,0.0016577097389276483,-0.005411744660635425,0.08987669909506754,-1.1943941725239189,0.58776204124038,1.426551497336211
-0.0026789030181553547,-0.007139161661623117,0.001490249371223835,-0.0052500693886742495,0.07394378228371307,-1.1466165567986837,0.5093774763903082,1.3530854326737027
-0.0024731379101612214,-0.006879486883590859,0.0014302978668513258,-0.005023491486140625,0.06725048306854753,-1.148564307001332,0.41895800982639464,1.3441102136654863
-0.00238000634641309,-0.0064373928268738135,0.0014694007959196868,-0.004704542567387682,0.06592805503837407,-1.1838080371029729,0.32314605066033003,1.3802909946224757
-0.0021218200629424537,-0.006072323681891148,0.0013548998280742686,-0.004409710492855043,0.059321552936374485,-1.18170417440521,0.24095407602319133,1.3702246139764307
-0.0016361932562160596,-0.0053835673037856,0.0010948675325826052,-0.003880262333056238,0.053974573945296346,-1.17992636213483,0.12951005709591398,1.3619280009405823
-0.0018973244009337943,-0.0057468722899366815,0.0012417373500388407,-0.004156449000493571,0.05663945296544003,-1.1802664666901388,0.18255725765352424,1.3654332330445202
0.0018411152047399415,-0.004852566134205595,-0.0012758285989859916,-0.0035195169350223095,0.05600756286402304,-1.2139299864456599,-0.09833685857971708,1.4058427110604257
0.0021885853594855154,-0.0053191324860657405,-0.0014919195613291407,-0.0038836432567916734,0.06073872468664687,-1.227251112395786,-0.1533825973233169,1.4264139934373612
0.00253237332681153,-0.005698065685304036,-0.0017010307661383935,-0.004200484145146663,0.06685445713507633,-1.2521529928980006,-0.21647113926541686,1.4624091192109072
0.002460916645556912,-0.006098464548176885,-0.0015885803501356737,-0.004480949350882157,0.06853898324062925,-1.2216936276191588,-0.27387025933900383,1.4270158588259212
0.0025597391230001054,-0.006445224083998772,-0.0015932001125938268,-0.004745736510302117,0.07106782262924873,-1.2099389541926673,-0.34367306234357103,1.4170998059892457
0.0012701338775422608,-0.004926673584578757,-8.68411001755131E-4,-0.0035398398617960216,0.051710863614261575,-1.1800789235607347,-0.0771944411067872,1.3596517316394487
7.246390346006683E-4,-0.005093489643527129,-4.87484052677278E-4,-0.0036324440683531954,0.0491526304978701,-1.1515803767044546,-0.0513671518492795,1.32290377198861
1.7069350816912543E-4,-0.004789285272524973,-1.1653513624946642E-4,-0.0034156465309774413,0.048511483719631876,-1.15900257151357,-0.01033869042101889,1.3305877704944853
-4.279188692564406E-4,-0.0048486634183349826,2.9146916101766056E-4,-0.0034590711285401457,0.04976082226502884,-1.1575500508210506,0.026483537902240183,1.3308155813346483
-0.0011818840950474795,-0.005519088193040175,7.756666388797893E-4,-0.003940035608769806,0.0490354928062627,-1.143570958530826,0.10582443978070578,1.313508765139692
-7.996403152006963E-4,-0.005195723434317558,5.348956990639965E-4,-0.003704150752012887,0.048350667934686724,-1.1478174556791692,0.06049158167555826,1.3180941278031062
0.0039161022068804315,-0.009243935693705465,-8.162174900132195E-4,-0.007077996803149509,0.12100517853254976,-0.6475008349431529,-1.628849500743488,1.0244954779551427
0.004049357638049077,-0.009717901359699615,-3.2605774679410137E-4,-0.007305768013964377,0.08264128581884567,-0.3124903372527787,-1.8343466571011808,0.7185618577404729
0.003925557500878148,-0.00937026337060833,-6.864348990866267E-4,-0.007124346173629917,0.10918898314558757,-0.5617714127881756,-1.6721366993824638,0.9393042450703056
0.003987063796460552,-0.009597916999868793,-4.524933239146803E-4,-0.0072305964495358215,0.09078886903019749,-0.40146893778399967,-1.768472637427408,0.7921254851446174
0.003947090009702414,-0.009489816978270709,-5.633930060279297E-4,-0.007173172090015521,0.0985749274400592,-0.47857097551904854,-1.7172171846925728,0.8598888779963693
0.003955026486380953,-0.009800090932410433,-2.2211390334971897E-4,-0.0072299847021412705,0.05952826300333402,-0.24456581161028312,-1.7836892082901052,0.6217555950516155
0.0041909425304754505,-0.010124355586148319,1.5467627150116107E-4,-0.007454707298493926,0.034876647043393216,0.02702185783928063,-1.9805419833677969,0.41296611422073587
0.0042159950313451905,-0.010218670397403108,2.7316954155261544E-4,-0.007471234817216495,0.020924043511560356,0.11064195402491539,-2.0007380961128765,0.33464470294240395
0.004099756183339131,-0.01009360153781148,1.1297602837639028E-4,-0.007369720744135026,0.03092151349723705,-0.005492386853445305,-1.9132282547657162,0.4176202158054535
0.004047502695774206,-0.010009942368485474,1.3426128324302713E-5,-0.007323118021955452,0.03890633009546404,-0.07729511388412248,-1.871022587560821,0.4758521534391969
0.003995383789894807,-0.009908621149094838,-1.0229324740142655E-4,-0.007273542939429583,0.04846412200988099,-0.15996781932058932,-1.825277316412931,0.5459928982055829
0.004358581950538737,-0.010914463023415208,0.0011670037970346805,-0.007417097695346839,-0.09852217271611124,0.7442651501534642,-2.0111309908519384,-0.2737948075523841
0.004344494232397302,-0.010980367392844123,0.0012384246242784702,-0.007373454516778813,-0.10949762329898309,0.7953542032718561,-1.9821955238451647,-0.33175841291209557
0.004383780582331468,-0.010846714686330701,0.0010960547870364548,-0.007470647691580456,-0.08635917677137846,0.6929963729285942,-2.0473456450321383,-0.2119380433786522
0.004353163838677678,-0.010788088334046722,0.001011990498686677,-0.007464610332922644,-0.07677481597682496,0.6339120024991158,-2.0387096384238035,-0.16107557549388435
0.004263596354099434,-0.010455478502494666,5.745574378182048E-4,-0.007478847830081632,-0.01886453428403394,0.32390801268785924,-2.0252340451114645,0.1298857280974217
0.004149188661110823,-0.010302800512488022,3.675692686362537E-4,-0.0073969940382218454,3.5526737847002766E-4,0.17563632391814496,-1.9509474494625187,0.2461649783797586
0.004204971098573035,-0.010385725269424393,4.7697849873219343E-4,-0.007436466806532395,-0.00998735266322251,0.2541712879516929,-1.9875525597867163,0.18279397798277294
0.00429995335804814,-0.01074931653046864,9.450501979020516E-4,-0.007427911502599255,-0.07029115961333621,0.5869759425196449,-2.0080597978620602,-0.13059066618445084
0.004245507630772696,-0.010689434843759128,8.542787994598649E-4,-0.007396970839612799,-0.06173631585954905,0.5224288523983106,-1.980232163722463,-0.08162149384704458
0.004235413967229688,-0.01053443369942697,6.646404053721676E-4,-0.0074328216180074074,-0.034685080724475494,0.38763809786118436,-1.996102000428457,0.0547080963907094
0.004225785531217826,-0.0106140389604723,7.579750316713185E-4,-0.007401783828424879,-0.049215731806913736,0.4541039329056855,-1.978324678209555,-0.017152162926976165
0.0044761087152327675,-0.01125700416997328,0.0016302423624940056,-0.007346321350138422,-0.1562977223672711,1.0697580464425778,-1.9784458180941373,-0.5720235958943273
0.004475230031014792,-0.011314586194530145,0.0016947740737686397,-0.007309413771325475,-0.16436367085800604,1.1154821635325933,-1.9536550202918224,-0.62021887842038
0.004420397959960936,-0.011216816127831595,0.001551091788082963,-0.00731868495574444,-0.14793033705677217,1.0157528957780182,-1.9551605848808784,-0.53531442480525
0.0044418619533941345,-0.011356131345326472,0.001719188389481464,-0.007252107324225989,-0.16839198227259275,1.1343472018985665,-1.91247505274606,-0.6518008797675379
0.004380122784315759,-0.011049352940809514,0.0013365624054807858,-0.007373032559684209,-0.12089911499463445,0.8644040357086133,-1.9864518021856665,-0.3914701410654344
0.004300359432759458,-0.011023143470238929,0.0012666652202790577,-0.007311834504368625,-0.11599430471482053,0.8165521922829979,-1.9380098143237494,-0.3686221007535845
0.004380467629675368,-0.011142232102926163,0.0014437359127392223,-0.007324140153911884,-0.1356027558239594,0.9409631452571386,-1.9549491815676032,-0.4710113725391301
0.003765150415857393,-0.009156040803205989,-8.530240962211354E-4,-0.006925551106270021,0.10678564179245018,-0.679258755967931,-1.5133982905587084,1.0188449240990478
-0.004290474467529047,-0.010688193811785419,-8.677140247965745E-4,-0.007440205530721512,-0.060188493572529735,0.5316343982772943,2.0130740859473253,-0.07632414305572321
-0.004328117606417546,-0.010736351961957139,-9.394662358233155E-4,-0.007459704597020806,-0.06752354653492398,0.5825367970269476,2.0313373480389463,-0.11644418526225485
-0.004364820436842565,-0.01079998768296747,-0.0010311317087250626,-0.007471262050800599,-0.07894360218181501,0.6471125721928361,2.0446634780171773,-0.1709852224544228
-0.004394503867143826,-0.010858065288304904,-0.0011144301079104614,-0.007476271515438464,-0.08828114330959992,0.7060156395985616,2.0523630641488744,-0.2217507867786342
-0.0045291058119286505,-0.011087021812123975,-0.0014604059830233584,-0.007496303693015855,-0.13100614464741425,0.9470528870752799,2.0819909550164257,-0.4244621981631304
-0.004483372964811086,-0.011052933478085895,-0.0013943124667060419,-0.007469976544546994,-0.1236883216732535,0.9019088915060489,2.0601190430075147,-0.3940596706999771
-0.004464636632028974,-0.011000605412696728,-0.0013211201804949311,-0.007478632739205334,-0.11457047503633898,0.8505542751456602,2.0634000651984974,-0.34736941189851983
-0.004452095785675731,-0.010940089303515334,-0.001240900685693174,-0.007495761282274283,-0.10366939672563281,0.7941733120442264,2.0724194547846877,-0.29310824834768195
-0.0043850256817241605,-0.010922363353130302,-0.0011883246604255085,-0.00743887030860306,-0.10027253875727606,0.7587631757920517,2.028345567588229,-0.27983597066779625
-0.004544912102467499,-0.011184993330128205,-0.0015878569745979515,-0.007455549088821667,-0.14802982757545471,1.0366409932417087,2.056986297326155,-0.5122223502700279
-0.00449792215921438,-0.011149221182223237,-0.0015177787121022862,-0.0074310843361116005,-0.14047953601114146,0.988816859037917,2.0365062281133963,-0.47957071966982173
-0.004538397165641401,-0.011243957454269808,-0.0016536628847146032,-0.007413353542946591,-0.15714114740318405,1.0834658938679438,2.028422573011588,-0.5637280236537715
-0.004537485125430219,-0.01130528400032963,-0.0017242442647827066,-0.007373569425570106,-0.16636970521934805,1.1334434929769304,2.00175140078117,-0.6164723532137136
-0.0045993345820855664,-0.011393001207997588,-0.0018662506173336574,-0.007373135998633704,-0.18246893704830305,1.230861994970066,2.0060785378031647,-0.6956085941834443
-0.004535952821255986,-0.01136734375534924,-0.0017937890332504266,-0.00733112488813873,-0.1750677687968817,1.1828774921684613,1.972952940941804,-0.6689165614329483
-0.00524537311980986,-0.012430062243104457,-0.0035305300223141723,-0.006942590366676,-0.3130197765665759,2.3570117892594493,1.7007168914610518,-1.6290804965209915
-0.005211732105981926,-0.012398184721138218,-0.0034638060442044594,-0.006954517596761624,-0.3103113514326879,2.3117977978825865,1.7108666226168772,-1.59605808786559
-0.005176472993613499,-0.012359209249000436,-0.0033896474943118575,-0.006972831365374083,-0.30746914609884485,2.2618813356831873,1.7258322056644706,-1.5581947255420572
-0.005122693288756101,-0.01229256489795292,-0.003270782273357302,-0.007006983968179442,-0.3020966328143659,2.1821675563854748,1.752864166869646,-1.495921921659278
-0.005133817296072638,-0.012333941051514755,-0.0033181346373100766,-0.006967661672993855,-0.30292466742510954,2.2131034383637647,1.7226302265195386,-1.5260870860625293
-0.005044722965331497,-0.012182069237526199,-0.003086317261634389,-0.007066335127889366,-0.2924132372197841,2.0586937832191126,1.798413799653695,-1.3963836249404717
-0.0050803207385680706,-0.01228027943021736,-0.003211429927366313,-0.006985710107267921,-0.29698420859259134,2.1417545217787897,1.7370844191123624,-1.4729679309411283
-0.005052001221560737,-0.01223845579512001,-0.0031437326339243082,-0.00700953943820515,-0.29416976471659106,2.096627966460893,1.7553729300977756,-1.4362884799251414
-0.004600195663240328,-0.011458438165670102,-0.0019406177480518819,-0.0073274600271917775,-0.19137266076410409,1.2833623461581816,1.9748522783819291,-0.7505978087202879
-0.004603121012336641,-0.011525207845162897,-0.002016236777722311,-0.007280942937805938,-0.20006510152283627,1.336487311790018,1.9427655879902488,-0.8056336144028003
-0.0046165526810623605,-0.011583487476462529,-0.0020892956905155906,-0.007248698511973355,-0.2073735420263413,1.3872091171996306,1.920883952324531,-0.8541481750678799
-0.004596258146843211,-0.011630162196436873,-0.002122524753125773,-0.007193898371732709,-0.21103690494621968,1.411794447247166,1.8815089492561108,-0.8878833573618238
-0.00473799020385123,-0.011728089728148776,-0.002341510572062622,-0.007240800200588915,-0.2331880546596942,1.5575362361822622,1.9209028675300037,-0.9873274307651781
-0.004690290688481963,-0.011689190723737596,-0.002260410079115784,-0.0072304623645732735,-0.22502241821334626,1.5032984214892058,1.9115831010744364,-0.9488157771865116
-0.004617114829414951,-0.011683777231951008,-0.002194477130834291,-0.007169469878266243,-0.21806758933670842,1.4609184017487815,1.8652441867519884,-0.9323582532066407
-0.00475266498563134,-0.011790556814898434,-0.0024187993155891266,-0.007199420500482328,-0.24011015748216652,1.6106600999324852,1.891804195384381,-1.0384016275924564
-0.00500797978686382,-0.01216506129423606,-0.0030307990762663594,-0.007053490843193723,-0.2877550649848899,2.0213298342918566,1.7886961234145917,-1.3732124410310538
-0.0049858719534628,-0.012115881733157498,-0.002962551429048104,-0.007087493590896394,-0.28414364892614574,1.975782935949333,1.8140937698877992,-1.3329324313512625
-0.004947129430814044,-0.012070862379193375,-0.002880195585152651,-0.0071012940619874275,-0.27809856629917307,1.9207031289420595,1.8240820104182713,-1.2903336162722672
-0.004909425158814067,-0.012027371604337684,-0.0028007201729834193,-0.007113106648476731,-0.2720714099537867,1.8674715243774103,1.8323919554938073,-1.2492339069249432
-0.004797375599866702,-0.011854250939966126,-0.002523636524768096,-0.007181778712424452,-0.24952374717900225,1.6813828914295659,1.8803822058358344,-1.0958030636959297
-0.004845103227358607,-0.011908747206075343,-0.002622700355207485,-0.007173173465267136,-0.25858596009808754,1.7477563435318666,1.8753010504127283,-1.1471098390613415
-0.0048750574171730465,-0.011976930994310563,-0.0027183136890672793,-0.0071334673187277015,-0.26574204963256226,1.8121839152237806,1.8468740317982204,-1.204167712853362
-0.005235094175444285,-0.01248134559438985,-0.0035565178056548123,-0.006869984671662403,-0.31006310084565336,2.3710028202522033,1.6444314695536892,-1.6542385751186541
-0.005237727684784467,-0.01254000611233266,-0.0036021044412260566,-0.0067980354813081045,-0.30787017039312364,2.3976931383479907,1.5882728659098002,-1.6870728086177667
-0.01486185842455165,-0.008832809929953066,0.0019453406400854456,0.008102944118536088,0.30109815018119895,1.5940224724909708,3.2717403693105904,-0.34839714533145694
-0.014877426714852553,-0.0088372932500412,0.0019254692297702213,0.008077288690438542,0.29103106032766984,1.571081427922884,3.256215957890999,-0.3394254858421448
-0.014858166927964265,-0.008817538964686684,0.001970771984337561,0.008096796515095024,0.30047891426066925,1.6150664248258229,3.266318751511692,-0.3687829866601433
-0.0148736618539948,-0.008821961348360963,0.001950926225495926,0.00807133167870897,0.2913405997782899,1.5920063856713609,3.2510016165649023,-0.3598266643105496
-0.014854427471532412,-0.008802279697245053,0.001996181181874891,0.008090569591855282,0.2999903931165221,1.6360008308028526,3.260797618737177,-0.38915332916464146
-0.014869886246491708,-0.008806655196687411,0.0019763155315986043,0.008065239702886239,0.29188530549102737,1.6128573076260302,3.2456206580869846,-0.3801701970805657
-0.014850640095209084,-0.008787032289485816,0.002021580042566039,0.008084260523214707,0.2998649262346035,1.656880598946562,3.2551567999485886,-0.4095155459560769
-0.014866091527284088,-0.008791355873708422,0.0020016681865746636,0.00805901228047691,0.29235092176907784,1.633642904957938,3.240076544656961,-0.4004677399163879
-0.014862262433292152,-0.008776057801313214,0.002027003556860117,0.008052671506453932,0.29273860002311863,1.6543866068264705,3.2343833989778035,-0.4207345610156878
-0.014897129247384004,-0.008857332852460096,0.0018800455032238342,0.008057459570895355,0.2908095825370205,1.5334912044719553,3.242352056488977,-0.31615865943983334
-0.014893464262954003,-0.008841813085640741,0.0019055881774650196,0.00805146509082494,0.2912411991631551,1.5544065344845015,3.2371739653374108,-0.336603346956597
-0.014923773872101637,-0.009052764499069886,0.0015686917087163919,0.008154365961392908,0.2893458352752827,1.2775883340995737,3.3176808738380443,-0.051787442539943156
-0.014911450597951643,-0.009063168625695952,0.0015613536153515882,0.008185610813404345,0.29672600225708784,1.2775398899407666,3.3379208723344864,-0.03857911801190722
-0.014926731544832343,-0.009068246516346813,0.0015430538857699391,0.008159261746380257,0.2897709791511627,1.2564859790295149,3.3211309024050197,-0.031040626502832135
-0.014914369853492293,-0.009078604893063716,0.0015355821314153575,0.00819048458080024,0.29434557312884785,1.2562326760765892,3.341374112332424,-0.017686168091603484
-0.014929572873862712,-0.00908375083205184,0.0015174264967733524,0.008164210491545544,0.2901750310932459,1.2354421405264862,3.3245444939554964,-0.010276530785061432
-0.01491724057216887,-0.009094050136367162,0.0015098348409597138,0.008195270138216849,0.29434839236091187,1.235091586909722,3.344691161368796,0.003233505768125856
-0.014903900303804724,-0.008888204894046469,0.0018295309277351457,0.008069813145740621,0.29017621401850463,1.4920968403968242,3.2527590151933823,-0.27535348973607415
-0.014900551057471121,-0.008872819008941366,0.001854708803209229,0.008063697705798643,0.29045328898270123,1.5127349200813318,3.2476348359089644,-0.29570011354943976
-0.014907125675961155,-0.008903543888544982,0.001804475850388835,0.008075945467236376,0.2899275611210715,1.4715589273692447,3.25782725862894,-0.25503664922213853
-0.014910134107299938,-0.0089188839568304,0.0017795415465032933,0.008082310388060622,0.2897888202257584,1.4511378401062058,3.2629993600056886,-0.23467128413088365
-0.014913218084809117,-0.008934278991838344,0.001754419664906301,0.008088400474630332,0.28988783182419514,1.4305405241826412,3.2679107365444966,-0.21422363482062987
-0.014916813048328668,-0.008949672900741402,0.0017288675408815171,0.008093353689342208,0.2899171786787886,1.4095512285842569,3.271939951788195,-0.19389527514642982
-0.014920314747015164,-0.008965072567965101,0.0017033456975538111,0.0080983046150258,0.28982443923199347,1.3886027251847954,3.2758900534866187,-0.17355825243843015
-0.014923720427593198,-0.008980506889171534,0.0016778121616853878,0.008103282304357253,0.28967240889968027,1.367641861423331,3.279792376581788,-0.1531592058725294
-0.01492708642062242,-0.00899595250935333,0.0016522581645984369,0.008108164082763556,0.28951768200311534,1.3466516231485393,3.2835619012250308,-0.1327378181416672
-0.014930336607437708,-0.009011417166314685,0.0016267259821064015,0.008113099205916978,0.28935121989955065,1.3256733333071666,3.28730704231365,-0.1122642655825845
-0.014936429465617919,-0.009042241676167467,0.0015760034707951248,0.008123133066963696,0.28923263265570226,1.2839793636825292,3.2947216719480585,-0.07135339087134766
-0.01493340896139228,-0.009026852531400528,0.0016013295364580495,0.008118171930482941,0.28925457670535915,1.3048019753650133,3.2910866961124925,-0.09178343710093749
-0.014837394248022598,-0.008627628028650474,0.002258252652174419,0.007960105394828129,0.29627739095673694,1.8418975629860415,3.1525176271331605,-0.6170401428227384
-0.014833051489413633,-0.00861243101063794,0.0022832582334735008,0.007952950652108022,0.2966844354347828,1.8621652597895169,3.145521444532801,-0.6367895206785801
-0.014828744239871827,-0.008597233217577839,0.0023081774015828263,0.007945554785787274,0.2971368225356934,1.8823316607283715,3.1382821993426138,-0.656513419501954
-0.014824388363008456,-0.008582066677514268,0.002333048896250769,0.0079381001721551,0.29765621746868987,1.9024406827508804,3.130938907813078,-0.6761691652879599
-0.014878230342279704,-0.008723083313855608,0.002087799188031193,0.007976288911841217,0.29048953382771875,1.7000853820329198,3.1748970603525137,-0.4923938293695102
-0.014874153044429274,-0.008708101961943406,0.002112405146873595,0.00797003443132712,0.290898596691823,1.7201110989274413,3.1689988757744545,-0.5118319190824981
-0.014870430314099214,-0.008693042194482735,0.0021367467296751074,0.007962894680506552,0.291225053837955,1.7398221812983075,3.1624063666340585,-0.5313503265318335
-0.01485382131782353,-0.008631327086909774,0.0022372379320063393,0.007934301805403486,0.29292245920119425,1.82116768445757,3.135162547774202,-0.6110756011694648
-0.01486675272952996,-0.008677758264023259,0.002161302274547243,0.007955294845734583,0.2915634548774378,1.7596514326424468,3.1554023314055546,-0.5511217507365797
-0.01486288074394595,-0.008662232568097937,0.0021863142166298716,0.007947644483359877,0.2919086019425103,1.779848787202573,3.1482621447981978,-0.5711786452802644
-0.014858553327599966,-0.00864666744472851,0.002211758729845504,0.00794059499474698,0.2923709120897838,1.8004550120273428,3.1414692872235164,-0.5912684114594383
-0.01487028890289724,-0.008749589801315037,0.0020576672448471213,0.00801464884275631,0.29298026463500454,1.6787408707677063,3.2041427754937324,-0.4577717167043023
-0.014874240007995724,-0.008764954324487524,0.002032362293116794,0.008021065433797292,0.2926000149772064,1.6580938419795672,3.2100146763578015,-0.4376270101016311
-0.014882488255166417,-0.008738222392249738,0.002062768331997165,0.007982183213573635,0.2900677128495374,1.679667899185058,3.1804942197300936,-0.47274211769850566
-0.014420358164555211,-0.007506187058444095,0.004016018819961851,0.007118624893510961,0.37717868629936846,3.1387655283774474,2.233937553727745,-1.9205739918956706
-0.014416728678721005,-0.007476738317453578,0.004042538647528742,0.007076209305847284,0.37833955913081657,3.1475873036814224,2.1939260549089767,-1.9400872184356766
-0.014429131119377162,-0.007489998697127984,0.004013632367626537,0.007082583065877842,0.3753959724611416,3.1259861932861726,2.205950048418963,-1.9231366298483745
-0.014430637228220753,-0.0075216693197822405,0.003988601243858552,0.007130749673069584,0.37469427743402534,3.119943396208125,2.2500703494530954,-1.9036383967451742
-0.014447716095225022,-0.007533057030836936,0.00395346103754611,0.0071279661741585265,0.37088662823190305,3.0904227725516815,2.2561566349392064,-1.8839538064097108
-0.014508131011141685,-0.007645784735616428,0.0037733063187328293,0.007225818943688356,0.35675862959695137,2.9702984331299196,2.3740367556991564,-1.7671845867148408
-0.014520777919385655,-0.007659165265614096,0.0037433247902420304,0.007229647524266297,0.3539054268740736,2.946739713361606,2.3835168948701804,-1.7491084507492725
-0.014478182445203235,-0.007573957681409646,0.0038755646858061876,0.007154060106667188,0.36381534519787123,3.0343077009052646,2.2947434774601123,-1.8361906740228406
-0.014469783948166733,-0.007559766877397328,0.0038992753718708286,0.007142538849164542,0.36577114704876285,3.050389884154829,2.280230255967638,-1.8512380877472328
-0.014459766196310547,-0.0075458431184935795,0.0039252246690569285,0.007133232737833951,0.3680917294369841,3.0688939037766443,2.266896645256901,-1.8672155661774463
-0.014496532045372938,-0.00761676038286089,0.0038141904545187367,0.007196592738936522,0.3594580776227585,2.995922472768838,2.3420813141048993,-1.7951082740340478
-0.014513424807595161,-0.007628669188726492,0.003779098820937956,0.007193176341667953,0.3557601247476696,2.9662760584265864,2.347137464092658,-1.7751936111971205
-0.014487595510813326,-0.0075872179021984065,0.0038509393766176024,0.007162713638604432,0.36169741780724324,3.0166195820194908,2.3071632452155417,-1.8208976736986735
-0.014500584064171606,-0.007599267043316373,0.0038217696280722076,0.00716485465045756,0.358749181463855,2.9933868921658697,2.3154248637710526,-1.8037737005722672
-0.014539753358782923,-0.007731771564239207,0.003653649710413403,0.007312839786575911,0.34931615272270383,2.8942583640713817,2.467688060617547,-1.6830784068439864
-0.014520819878661544,-0.007690600522153562,0.003717116673347332,0.0072767494497997095,0.3535648359146809,2.9374289206126707,2.426139092206555,-1.7265050544018146
-0.014549139909607411,-0.007716327142887744,0.0036531325199105264,0.007277465735508797,0.3474909285399082,2.88504315388346,2.4400563122406784,-1.6886037415847792
-0.01453743367177348,-0.00770215913032842,0.0036825525085629487,0.007272041234931116,0.3501094953006543,2.9078218752959266,2.429700459092914,-1.706857659039483
-0.014531223401494462,-0.007672200097227383,0.0037169383376379956,0.00723559332551766,0.3516730558354289,2.9266490709080415,2.3938389876693473,-1.7327429255917408
-0.014836487684615986,-0.008570432307439662,0.002336478550952326,0.007904947325754594,0.2949243062418401,1.9012343093685207,3.106387582971337,-0.6893664882362378
-0.014714721961319342,-0.00820976952527288,0.0029258361298496517,0.007705590449090745,0.313275939255367,2.368549413772316,2.8950387711193435,-1.1434215360350501
-0.014709157045082577,-0.008194913536090887,0.0029499740807669636,0.007696124745265666,0.31425488117829037,2.3872436463856315,2.884595151391696,-1.161643076130722
-0.014703306365379816,-0.008180175052898525,0.00297426645610608,0.007687093273968547,0.3152993840743345,2.4061155365382487,2.874401206693321,-1.179781984760336
-0.014697274940669426,-0.008165643357132803,0.002998488072078509,0.007678437595273431,0.31639874967241516,2.424973392571566,2.8644443104848807,-1.1977152583513553
-0.014685728582239639,-0.00813657191577615,0.003046097418413073,0.007659781045081749,0.3185261626593748,2.461696971812597,2.843421740253131,-1.2332255167927662
-0.014691328904941502,-0.008151175831637948,0.0030224689179768594,0.007669554905609918,0.3175034485818892,2.44357287307916,2.8542843530275737,-1.215496668080761
-0.0146561821636867,-0.008062814543569543,0.0031659853211353692,0.007609841521398978,0.3241386115926695,2.5531447485609102,2.787096922972823,-1.322227930746908
-0.014662300083747496,-0.008077569288036811,0.0031418752677357096,0.007619853265051719,0.32295151634381764,2.5348032071445705,2.7985258783733724,-1.3044712479166514
-0.014668357785655015,-0.008092286362132018,0.0031178151900078453,0.007629735652660649,0.3217909297005253,2.5164478721156125,2.809786030632768,-1.286707517205433
-0.014680171096509554,-0.008121816338704787,0.0030697691094917633,0.007649578068825442,0.3195687597342291,2.4797444176599313,2.8321639615242487,-1.2510175005377409
-0.014674362871286926,-0.008107011251445084,0.003093744029802895,0.007639536769814569,0.320633565500321,2.4980491809058125,2.8209198084010585,-1.2688975751768172
-0.01476646488136476,-0.008299985345606277,0.0027567481775640154,0.007729648943132811,0.3044056037871801,2.230768791981951,2.93436376388272,-1.0262162469573095
-0.014760925815999588,-0.008284594963326867,0.002781711764238262,0.007720684192896325,0.305316976229101,2.250301277770743,2.9246057690284,-1.0451716327484857
-0.014754990514874436,-0.008269529849370455,0.00280669507852517,0.007712571807878643,0.3063049399782,2.269952644519869,2.915428279128808,-1.0638327053038552
-0.01474859157448275,-0.008255016499756889,0.0028315278170410736,0.007705694940894048,0.30739323120971207,2.2896477132416346,2.907144021933991,-1.0819898017670229
-0.014741906039216717,-0.008241013640685302,0.0028560665063107438,0.0076997225808514815,0.3085209955551558,2.3092308806236304,2.8995207670651575,-1.0996579452399644
-0.014736274718688214,-0.008226708770371518,0.002879643101285832,0.0076915038569174395,0.3094622807577605,2.3276679479637203,2.890245086501761,-1.1172864760170815
-0.014731609418529351,-0.008211778936625733,0.0029027043861221576,0.007680798607409473,0.3102658110454409,2.34525387093805,2.8790825081816696,-1.1351951918666663
-0.014771743576623869,-0.0083156068926092,0.0027317429396349555,0.007739130165043293,0.30355230234277736,2.211249557884639,2.944452208665647,-1.0070167240409582
-0.014776639155625,-0.008331585817391783,0.0027066702193683837,0.007749476052630208,0.30275908842865157,2.191769101712747,2.9551277904379414,-0.9874528846932913
-0.014779930919299421,-0.008347466768284729,0.0026834685854110613,0.007762204650353024,0.302301407206147,2.1741485986820845,2.9673113109963456,-0.9683519686345683
-0.014784004055392333,-0.008403984062648832,0.0026085325827079468,0.007819179914145607,0.3020022024073798,2.1190383946385354,3.0181671354228925,-0.9012166260320281
-0.0147844831709764,-0.008362332569159392,0.0026599817391839546,0.0077715045141979406,0.301610192262473,2.1557729787613193,2.9769009863604334,-0.9499836793496951
-0.014790146477090522,-0.008376755911263732,0.0026357243488632364,0.0077782700722322995,0.30072390964448553,2.136404776588941,2.984594904310143,-0.9318230176062876
-0.014795721515931096,-0.008391544216976899,0.0026110713597794545,0.0077854217360711535,0.29988873800192656,2.1167452715566597,2.992559669674083,-0.9132314057290815
-0.01479818683092156,-0.008449496324877447,0.002535013386639397,0.007845035583926083,0.30000134267370987,2.060707943480874,3.044789476753456,-0.8438001144367276
-0.014793679494983156,-0.008434360097480558,0.002559297240259411,0.007836251523625824,0.3006192564382882,2.079966620182299,3.0358773311666454,-0.862907059035145
-0.014789109656016437,-0.008419121527497098,0.0025837139979400336,0.007827289746689321,0.30125829597446513,2.099285105613052,3.026756236195584,-0.882088146813297
-0.014814453433044354,-0.008452705733530746,0.0025133036348104856,0.007820551376946245,0.29723327932940946,2.0394944903170713,3.028553338747575,-0.8368720360055483
-0.01482037791444741,-0.008467392792189018,0.002488149867082932,0.007826115449628026,0.29637136360726574,2.0191440273030463,3.0350612198802707,-0.8181623983874574
-0.014834190318700093,-0.00851336445353664,0.002414146454748814,0.007850598956634208,0.29455869522553324,1.960177918690313,3.0598469901417977,-0.760234512826138
-0.014830307968894613,-0.008498578456936148,0.002437420136614389,0.00784192601805367,0.29503444695239395,1.978636973993441,3.0513832532353704,-0.7788360849329222
-0.014826228541256722,-0.008482899183958578,0.0024619887667262103,0.007832493788131924,0.29553546685483917,1.9980500438828146,3.042197549904399,-0.7984729849278001
-0.014839616068387532,-0.008527879367935682,0.002389576562566799,0.00785614243617704,0.2938208924617332,1.9402743077172018,3.066037598833646,-0.7417256230879793
-0.014849142537612622,-0.008558874074833845,0.002339088741266638,0.007871018414297147,0.2926227543030793,1.8997593997173825,3.081124625144352,-0.7024266357127927
-0.01484515660306196,-0.00854322627577466,0.0023637656265583936,0.007862160440832171,0.29307695460627375,1.9193886329631062,3.0726156823630006,-0.7221774054938032
-0.014623689072543458,-0.007946743980163134,0.003331318955206552,0.007501954690010596,0.3308948322528296,2.6700522318909354,2.6763125895148083,-1.4508484162582624
-0.014584334671037093,-0.007862493425942819,0.003469365866595468,0.007440965413377028,0.3391297537796199,2.7718223474072587,2.60411392427455,-1.5485088802245581
-0.014589584137404299,-0.00787672012059812,0.0034482156679966672,0.0074536754096127525,0.33798796464529635,2.757062895817327,2.617939644464405,-1.533034282578394
-0.01460450622107351,-0.007879651802534339,0.003424295888018751,0.007436387350264905,0.33504629251901236,2.7333754035468205,2.6088005273303843,-1.5218697988004966
-0.014633203522239707,-0.007932051836857598,0.0033329459593963964,0.007467735775281633,0.32911578185539075,2.664327340149257,2.649414326870844,-1.4592398612238073
-0.0146235795090987,-0.007920344030945287,0.00335786235864821,0.007465625734079948,0.331098973445214,2.6845475152388603,2.6434215439609914,-1.4750505677323569
-0.014620296301411246,-0.00790520319655092,0.0033773353359661316,0.007449381046870697,0.3317326825389931,2.69727201069826,2.627352285713894,-1.4904388168060176
-0.01461273203005232,-0.007891258444374835,0.00340150500356051,0.007440852147890917,0.3333414829185155,2.7154625332828215,2.6163994125329766,-1.5070179619723787
-0.014548858570977034,-0.007790261676338755,0.0035881365628155537,0.007386516280149858,0.34685996976364036,2.857949417343549,2.538802028277662,-1.6309363442800235
-0.014542734507447091,-0.007776002293840106,0.003610054704197563,0.007374047095868167,0.3482332110109618,2.873145771354347,2.524680475363461,-1.6463692968098547
-0.014563582851371595,-0.007792376875760261,0.003564729314093925,0.007369208229161958,0.3438808738168956,2.8344177263774135,2.5297510145038067,-1.6199962664764622
-0.01457263030932849,-0.007803434572331201,0.003541513261207822,0.007372688883845155,0.34194044659649014,2.816041272365412,2.5369779517475384,-1.6053869647489114
-0.014582791985997061,-0.007817450827326057,0.00351397053727864,0.007378715833147329,0.33982072829113014,2.7946807032112506,2.54697898894242,-1.5876518447995116
-0.014593945951441485,-0.007850685483370848,0.0034669302339576337,0.007410480237185098,0.3373357276251687,2.762969816692961,2.5807074129105256,-1.553033600555643
-0.014593411128649085,-0.007833917747233299,0.0034834691971828953,0.007387380162187062,0.33753062877092865,2.771457558325466,2.5595410606369007,-1.5675589668517833
-0.014551522588972344,-0.007763717851134744,0.0036081642807957144,0.007343946514264307,0.3465901193848215,2.864311164857801,2.5013279607369223,-1.6505966744855016
-0.014550023993424508,-0.007747437247893545,0.003624788255759771,0.007322080198575969,0.34700329589577866,2.8727349943249965,2.4808016569337474,-1.6643382723921523
-0.014667077722307473,-0.008049415638096974,0.0031659846458954068,0.0075753511191335105,0.3221878783609147,2.546734115643089,2.760317649908783,-1.3306259222313737
-0.014637589584724615,-0.007977715412050152,0.0032807368850940187,0.0075237499747964195,0.3280499623913769,2.6323890703919486,2.701796433397044,-1.41460883638222
-0.014631533767119037,-0.007961950213017478,0.0033051267242020896,0.00751123889558077,0.329281740071333,2.650160106265149,2.68798571449056,-1.4325653992186986
-0.014677910855275362,-0.008035452465112615,0.003166532209127665,0.007540401616778054,0.3202297600993764,2.540624013563868,2.7332575465655604,-1.3392632324996583
-0.014670312411255014,-0.008021470285014263,0.003191306601123677,0.007533415614328181,0.32166089101441925,2.5598727009898457,2.723927226661971,-1.3564529459034078
-0.014662599755382708,-0.008010195783902411,0.003213375248006986,0.007530039799741493,0.3231865449121011,2.5775519655247754,2.717767717457967,-1.3710580707688262
-0.014653041600025755,-0.007981165097135597,0.0032562490462728438,0.0075053762229691625,0.3251043780918153,2.608333678415573,2.6916414029548195,-1.4034420101752676
-0.014662358666242332,-0.00799465395855805,0.003229832304744593,0.007509608440186098,0.3232363653341241,2.587243749148778,2.6992817256304495,-1.3860204510488277
-0.014294332985011631,-0.007270105057009046,0.0043698391974840356,0.006874067681590059,0.4085002454972484,3.3456932972045084,1.9489136876740545,-2.13483171364323
-0.01429600017864493,-0.007252609131805654,0.004376436519722401,0.006843241641935521,0.40812584358383946,3.339847574319554,1.922741569771578,-2.1396188404709267
-0.014299398319020183,-0.007234011589411307,0.004380541943262235,0.0068089527286074245,0.40741484461368677,3.330612609868543,1.8947062999682005,-2.142985580316249
-0.01429762968411214,-0.007215930764233077,0.004392725915128259,0.006780737709726817,0.40773804652118384,3.3299692931111244,1.869183907711888,-2.1502747717586095
-0.01431261253659571,-0.0072816110429376356,0.004333193512305143,0.0068744189249439576,0.4039932456471625,3.316236245907149,1.959275656273815,-2.1150943521491175
-0.014353910661026,-0.007320028572852515,0.004243638651815945,0.00689430309687574,0.393901257549274,3.251154273780331,1.9992029007849357,-2.065647222501949
-0.014342465789684908,-0.007305807202340853,0.00427050818185112,0.0068831733812778,0.39669862975107334,3.2688900984451306,1.983242767808666,-2.080816204148896
-0.0143287117154387,-0.007292731272427192,0.004300457524621717,0.006876098052558157,0.40004717185106714,3.2904822915359246,1.9695578731065015,-2.0973619504631302
-0.014363288571796104,-0.007334725191935717,0.004219767147211388,0.006908190051745499,0.3916187984929011,3.236717182256697,2.0164569456301056,-2.0518558453957954
-0.014370651111098172,-0.007349729273670381,0.004198863696430851,0.006924566303259705,0.3897843262725711,3.225433184603642,2.034829661705862,-2.039420711838012
-0.014388109436637184,-0.007392153901265877,0.004144454619716413,0.006973806807953861,0.38548557625445135,3.197874284435969,2.0876833026839345,-2.006036303357656
-0.014384067831625125,-0.007378842924348941,0.004159330807772129,0.006956881263135566,0.38647209823079415,3.2043291960879956,2.070526905295903,-2.015507338729417
-0.014377623260866463,-0.007363989886211806,0.004178916990333036,0.006940023374095377,0.3880849321944118,3.214541600378429,2.0522053813133367,-2.027462043642647
-0.01440173414499631,-0.007441869073801318,0.004090211910484757,0.007038076418071941,0.38200008668241064,3.1745466818609356,2.1520397125946116,-1.9705312764807421
-0.014421815607563554,-0.007457034613214804,0.00404802364856601,0.007039034982116985,0.3773454633358004,3.1406024347339687,2.163265580576183,-1.9468279043613859
-0.014399679965270213,-0.007401665545829482,0.004119849242047168,0.006976144049615642,0.3827342897029901,3.1787659228961433,2.0958380895467354,-1.9922566314311858
-0.014413170336774346,-0.007417142863636771,0.004088335387218184,0.006985649392595044,0.3795983103484879,3.1563899556500528,2.1113089655262596,-1.9740285102683155
-0.014272819858370927,-0.007158825155522107,0.004461663363790377,0.006709645441828166,0.413989818152081,3.3578165758871323,1.7939750893447464,-2.187694536526321
-0.014291187378408616,-0.0071764561797757675,0.004422841964454576,0.006721589559533094,0.4094390725781671,3.3316856152108785,1.81454548526907,-2.1672847460211724
-0.014307857936767594,-0.007196543416820503,0.004385542884669607,0.0067387663254066124,0.4052801750536838,3.3085863802943827,1.838635431119264,-2.1473891638561047
-0.014283181856917394,-0.007134582645973983,0.0044555659893486385,0.006659788679789583,0.411525251752815,3.3339979476138657,1.7572443305689263,-2.18482643571638
-0.013850664110346746,-0.006535139453925626,0.005329685372601979,0.00592077769700031,0.5142498195853321,3.6498512524318865,0.9068467662951935,-2.529900850607971
-0.013875791468942541,-0.0065534197172052696,0.005286061350073643,0.0059419113653338485,0.5078070197994505,3.6294761665734057,0.9390223834822616,-2.5149520493861015
-0.013901481076442863,-0.006574826704273185,0.005241191002087924,0.005967549295870617,0.5016418154255108,3.6104155316249065,0.9747659063048439,-2.4999503298907464
-0.013928863524452578,-0.006586927240940926,0.005193563537883479,0.005975704524040502,0.49415167612946603,3.5799808072905437,0.9989796502256775,-2.480556197452566
-0.013942654547251639,-0.006614634192156194,0.005168307350374465,0.006016666670248227,0.4918495972156919,3.583025967334126,1.037704425946982,-2.4760831755434114
-0.013966504874228286,-0.006635037463804098,0.005125821298156081,0.006039688115876383,0.4857508730383537,3.5637997716460035,1.0701439172129843,-2.4607981938557155
-0.013969488269396257,-0.006659230785346952,0.0051185235191738765,0.0060797172593282135,0.4862538218162614,3.5790488903499935,1.1016804123481976,-2.4634422884132756
-0.013987153140431134,-0.006678436000735605,0.005086123579456837,0.006103266058104655,0.48165389410304815,3.5670203002183913,1.130753627223698,-2.452205292779443
-0.014008395270870598,-0.0066990100775127575,0.005047175284824106,0.006126750472972272,0.47661324127183785,3.549859233473605,1.1621738461695512,-2.4376870980536878
-0.014024647295750372,-0.006747440898630645,0.005012247768275917,0.006200486046279499,0.4736234333463131,3.5603881574630196,1.228641044869091,-2.43088442302186
-0.014031336893897002,-0.006717733205443916,0.005005331307047628,0.006145557983915451,0.47085678115098323,3.528087297693529,1.1911074523414642,-2.4210129043269943
-0.013856906432842563,-0.0065018214523995185,0.005318429472504973,0.005860658290818868,0.5103997651804314,3.608238506716623,0.8694361270222136,-2.5136633811939553
-0.013861500382621544,-0.006466843336405688,0.005309742870828075,0.005799082705957955,0.5068287507943011,3.567617579472006,0.8307271390582186,-2.4978140783009537
-0.013864584294324385,-0.006430424299376354,0.005303260892428495,0.005736362243766163,0.5037950616718061,3.528099438228683,0.790984189823661,-2.4822532713863623
-0.013540107408252062,-0.0060382686599545,0.005773259067879045,0.005148261020719699,0.5600203220474472,3.488328983024998,0.21866489570609993,-2.5046733359637163
-0.013576517686820897,-0.0060545788954628164,0.005719007963861012,0.005173153483063301,0.5512155410727507,3.4695252987696206,0.25829668053597227,-2.4936235259035127
-0.013598008953187113,-0.006086283068483629,0.00569263708221692,0.00522313953616537,0.5490067894786633,3.4844021999775037,0.29963573010545513,-2.4997078180586083
-0.013621659183661728,-0.006119011472564537,0.005662303502859781,0.0052743503554781345,0.5459607537945823,3.496903750321121,0.3437885217160476,-2.5041825032446963
-0.013648633815994843,-0.006156768330674517,0.005626840589899041,0.005333106136762004,0.5422711083460278,3.510300626929183,0.39524541822758236,-2.508394585341836
-0.013735924814159459,-0.006340815369113577,0.005513364380008843,0.005624362005581169,0.5343332026545969,3.6107336920882567,0.6289625015653355,-2.5421497145328975
-0.013674564519644095,-0.006260550403268249,0.005604712343745231,0.005501903273221987,0.5453736355011226,3.600021475045259,0.5098655080631063,-2.5467732572917776
-0.013713028447401075,-0.006278169098809247,0.0055429374247451925,0.005523832540874033,0.5355471544407792,3.5708811991704255,0.550950771296567,-2.5286269008674527
-0.013736881587163057,-0.006303984864800138,0.005506718457050799,0.0055617939174898495,0.5310921438608566,3.5687547513667055,0.59097311500427,-2.5241207247585065
-0.013683363960867737,-0.006214161984467019,0.0055812739035712286,0.005422668094499133,0.5382379206811101,3.535152566467911,0.47050512543004075,-2.516461438781398
-0.013685892707140985,-0.0061739862150406956,0.00556930671091596,0.005355994950752833,0.5336553539368128,3.4866311704998085,0.4347946461879609,-2.4937060142777003
-0.013770525273440765,-0.006353820617711248,0.005456210038231761,0.005637182862964329,0.5254281397256907,3.5783089604818947,0.6617726105063594,-2.522392660613979
-0.013797496023748437,-0.006373270034171651,0.0054125531620126425,0.005662230793302484,0.5188112371597765,3.562510439435606,0.6965360816975679,-2.5106823664292084
-0.01386500141018399,-0.006397489538457048,0.005301055286290571,0.0056810879503000405,0.5015609835542747,3.4956934336073653,0.7551416632096072,-2.4696375925482545
-0.013837556478513983,-0.006373723196561075,0.005345358928454126,0.00565055863985861,0.5076224740056184,3.5090368973796586,0.7170247983862514,-2.480917561951029
-0.01425509537729983,-0.007090630741727741,0.004521300583673604,0.006612201098886465,0.4182895330739744,3.3667068896045755,1.7010166803225548,-2.2183849208430604
-0.014274052434219277,-0.007113563247229757,0.0044800029414245705,0.006633333699400453,0.4135665708289487,3.3428602656185604,1.7296388354457763,-2.1973995275209024
-0.014209760976663752,-0.007064256420585624,0.004608117345843773,0.006607520636723118,0.42962466782351955,3.432798922500191,1.6707827143001237,-2.262602367274702
-0.01419571702513451,-0.007041589277281696,0.004640632737495202,0.006581066785015451,0.43314388212546245,3.4472949660159373,1.6403766554717756,-2.2783927127811086
-0.014241071839451142,-0.007061048477467757,0.004556758455804297,0.006575131458287376,0.42162946690613906,3.3794205859124236,1.6618655893204328,-2.235803530725406
-0.014143671261112432,-0.006955119537735863,0.004758992365990284,0.006475698221939624,0.4457474065859475,3.494699954489078,1.521797138764209,-2.333363425229194
-0.014164994563366303,-0.006971141227398774,0.004717513642682924,0.006486395794261061,0.44035031092946225,3.4671718369704734,1.5434349164146095,-2.3133985332613496
-0.014183954106838509,-0.0069904468949957615,0.004678886580451906,0.006504061761875798,0.43557033218368985,3.4448132975027,1.5692979960937705,-2.295016752904406
-0.01419569533177362,-0.007015467388919639,0.004650249813579765,0.006536821772326424,0.4328456131178852,3.436413658910698,1.6033049428017119,-2.2819728183161807
-0.014107665210596306,-0.006889618798547034,0.0048394682171661535,0.006390265298852663,0.4543323700886633,3.5187051741420805,1.4302523465862238,-2.3672603295471313
-0.01412494084662071,-0.006912483418007523,0.00480364022335622,0.006416864143453217,0.4501773772329095,3.5031960785882843,1.4623192165142276,-2.3517664210824347
-0.014149035662723186,-0.006929245915601779,0.004757690514466354,0.006427455672980986,0.44399862822335345,3.4725516425340897,1.4855775157356053,-2.330001567326566
-0.014115542272031031,-0.0068575292767226615,0.00483418261583735,0.00632982667160026,0.45173534107475943,3.4870926884243336,1.3867680937452165,-2.359998136888912
-0.014045600321576222,-0.006764830035600187,0.004973302569732461,0.0062175661604408515,0.46832385197235477,3.5393807777333346,1.2551340302728085,-2.414763249421272
-0.01407890473375003,-0.006803333703877654,0.004908937111579227,0.006262248892404706,0.4601421011320966,3.512168869376499,1.3108576545606618,-2.389293273960884
-0.01406174778524278,-0.006783869565731075,0.004942135818576742,0.006240047121246802,0.4644616287999121,3.52670626855051,1.2827477839501482,-2.4026416516211615
-0.014107787723494223,-0.006829725032416309,0.004853990110589888,0.0062879203558064015,0.45308335892573653,3.48271502013889,1.3488914902934372,-2.3657684925903055
-0.014097636606610148,-0.006811608079362812,0.0048752804946300765,0.006263982493118878,0.4554956128339205,3.48759241091659,1.3238601518441917,-2.373579171482986
-0.014129112683469438,-0.006830226415542392,0.004817828478226957,0.006274225788957458,0.44772734747579623,3.4492065750724614,1.3511952745601854,-2.3474141987363795
-0.008121728406541564,-0.014679978552637354,-0.007649633729290783,-0.003070066237117905,0.19213148740895555,3.4190268246656275,-1.9971826726050133,-2.1568178603899733
-0.008106872381230834,-0.014674388033245183,-0.007639180649815328,-0.003093817108160112,0.19016289550393298,3.431225705066456,-1.9796479078521398,-2.1692738582515667
-0.008060675819093475,-0.014639511333866442,-0.0076326597551065875,-0.003190447119725075,0.1878089948703893,3.503934679732238,-1.9281277587122372,-2.2253544358948614
-0.00807531222283314,-0.014645713523060865,-0.007642529614859797,-0.0031662316777251354,0.18980632332239078,3.491136027417277,-1.945853820369283,-2.212772230952211
-0.008003013312364768,-0.014614461275858628,-0.007593016131215854,-0.0032859908977072917,0.18002838434318771,3.5534289846047815,-1.8572146703386243,-2.2740194298426313
-0.008046142836107172,-0.014633276650538605,-0.007622804632048047,-0.0032145248085695024,0.18584190871570702,3.516580823436693,-1.9104156562385233,-2.2377748761547998
-0.008017374259211186,-0.014620726048130995,-0.007603104803945064,-0.003262264201726917,0.18195532361524716,3.5413862526263387,-1.8750395796412949,-2.262114726925485
-0.008031720989464182,-0.014627010913618564,-0.00761297438029663,-0.0032384558502955713,0.18388467396497574,3.529072673099396,-1.8927353206544961,-2.2500278467604393
-0.00807667794914682,-0.014662673762667952,-0.007617958600967706,-0.0031423050293956016,0.18616242121655502,3.456033775002904,-1.9437611861160795,-2.1944531946745474
-0.008091749796790065,-0.014668767500202344,-0.007628255268526262,-0.0031178200544911207,0.1881235270325494,3.443259983047683,-1.9616736190977377,-2.1817095079690456
-0.007990027418584154,-0.014624539228191262,-0.007559987869733568,-0.003285762052937372,0.17480746588856674,3.531282106653785,-1.8388926873670275,-2.2677679637312953
-0.007975529683904928,-0.01461833668506979,-0.007549421754874931,-0.0033092769959939925,0.17273313088143916,3.542709421761162,-1.8209179246375446,-2.2792854454836626
-0.00796091366471948,-0.01461199197984979,-0.007538737461726571,-0.003333031574051224,0.17063860995421423,3.5541898424905223,-1.802697210412348,-2.2908328795863113
-0.007946308473565351,-0.01460559440124478,-0.007527975941684335,-0.0033567703281763383,0.16850620909389083,3.5655454245337452,-1.7843899359275177,-2.30226656588664
-0.007931912213984605,-0.014599125086363069,-0.007517442726209695,-0.0033803198979069954,0.16642885671333094,3.576846366194759,-1.7662501826086736,-2.3135492086465828
-0.007874667641204215,-0.014591571400463889,-0.007447720533503582,-0.0034472907492141542,0.15473965149352817,3.5817178638388323,-1.693094939700801,-2.3367079777989237
-0.007918806288045028,-0.014609128401756712,-0.007484398894665483,-0.003379400048764266,0.161744516003667,3.553905004725148,-1.7488794553050242,-2.3062340303122615
-0.007904354515965864,-0.014603662852739915,-0.0074721358081056,-0.0034013250625916504,0.15942557947325728,3.56267185405315,-1.7306802324212678,-2.316080201082368
-0.007889504899109607,-0.014597837691202284,-0.007459682129457946,-0.003424050019545197,0.1570592684092945,3.57186299803913,-1.7119157258962494,-2.3262441867639088
-0.00785988285825071,-0.014584903539304825,-0.007436241195099697,-0.0034709617149641936,0.15246402399513617,3.5921642319628755,-1.674254031701136,-2.34742169977148
-0.007845108473796977,-0.014577560967713244,-0.007425562143828113,-0.0034955056067077876,0.1502300884177126,3.603749835872273,-1.655315787260255,-2.358692888251849
-0.007831699002962163,-0.014568940551873195,-0.007418477272749901,-0.0035205368989299755,0.14854372265388185,3.6180689794937884,-1.6379501603498599,-2.370916305230141
-0.007818309400972978,-0.014576301735128899,-0.007388802148334603,-0.003522395493491831,0.14430747700389351,3.599428184518196,-1.6212466273352732,-2.3654520325005333
-0.007804961726172644,-0.014572510831490122,-0.007374833331504549,-0.0035401748621698144,0.1418081204858617,3.6034632010547187,-1.6042129723876641,-2.3720498195991913
-0.00778974024240392,-0.014568202705174761,-0.007358759676348552,-0.0035603042250336374,0.13896261541724406,3.6078000627609796,-1.5847784545232566,-2.3793708442708232
-0.007744797353429238,-0.01454826714765761,-0.007320329501440274,-0.0036295728209587625,0.13142189337118448,3.633712597694096,-1.5264932052994966,-2.407739484140062
-0.007759419648038956,-0.014555572400944081,-0.007331880458331269,-0.0036059341297793785,0.1337860115350489,3.623877285217304,-1.5456180525584353,-2.397798847948031
-0.00777443030868346,-0.014562373591368728,-0.0073445167157551354,-0.00358259803375924,0.13628204790319207,3.614937922922547,-1.5650873907120644,-2.388172815368804
-0.007661086135572613,-0.014504197147928695,-0.007253820381522678,-0.0037666208622012397,0.11758738444304274,3.689664978351314,-1.4149043644556123,-2.4635707624974263
-0.0076759662694129175,-0.01451110434001844,-0.00726728619244598,-0.0037438628949953974,0.12024795982841763,3.6822194979950136,-1.4347716019073948,-2.455118909991359
-0.007690912582760216,-0.014516332180089101,-0.00728290667946479,-0.003723467264498299,0.12311451958865992,3.677933345915513,-1.454351218904958,-2.4483130443133962
-0.007704097791268366,-0.014520334533954593,-0.007297385458581866,-0.0037062834257798223,0.12572395792206775,3.6751829089124355,-1.4715097022775487,-2.442817713839929
-0.007730127063334302,-0.014540944076454917,-0.007308559566830685,-0.003653193516473516,0.12902696736227745,3.6433186607116173,-1.5072135926389014,-2.4175270799307813
-0.007714057473164781,-0.014533055669908432,-0.007295288807741328,-0.0036787703432937724,0.1263276272266519,3.6532775548412952,-1.4860201285115173,-2.4278899759015644
-0.007646266877954309,-0.01449634336249877,-0.007241507208982291,-0.00379066386049901,0.11505669606964641,3.6987804398216473,-1.394836779643147,-2.4728657125438223
-0.007631384731428861,-0.01448761532917485,-0.007230034860324602,-0.003816004770756588,0.11247952501789422,3.709338317465598,-1.374402703297058,-2.4829126142112945
-0.0076193557600130035,-0.014478207885446705,-0.007223624660587108,-0.0038400387279896183,0.11078410841743395,3.7223795434539086,-1.3571846517811195,-2.493455360823918
-0.007601571062043745,-0.014475152661200153,-0.0072001151645441,-0.0038587563864871982,0.10679146027309717,3.719573305660855,-1.3345002305293947,-2.4969450946829403
-0.007579388983215258,-0.014476759533799599,-0.007163902782585804,-0.003873442765256458,0.10135675709416252,3.705033164199573,-1.3079829953787987,-2.495075818768018
-0.008578499802467924,-0.014808442372910383,-0.007962550976738965,-0.0023539741226215236,0.24360633719728206,3.0282446599924886,-2.4970573314341387,-1.7447399045635918
-0.00857490480464598,-0.014792609277228726,-0.007987538622892025,-0.002375137663978285,0.25077749645147973,3.057054478954752,-2.50615168770406,-1.7580341396804455
-0.008136364683952938,-0.014685907489070392,-0.007659097627535743,-0.0030460508724980324,0.19393014220284835,3.4059150463656622,-2.014230203710215,-2.1439478798612264
-0.008151042928728406,-0.014691923217857289,-0.007668305877290092,-0.0030218116276191013,0.19567375294776168,3.392410190596563,-2.0311739150495747,-2.130821055888697
-0.008165868764140228,-0.014697620356360769,-0.007678037240748421,-0.0029977441878856165,0.19748068650728737,3.379333475529687,-2.048265617296824,-2.1178060847847906
-0.008193180287727865,-0.01469220396368192,-0.007721185125160457,-0.0029731672819336813,0.20473140293994344,3.38718460525828,-2.084849207513652,-2.1095470689151115
-0.008180675213115949,-0.014702967658508799,-0.007688133943826017,-0.0029740683101363596,0.19933221225360478,3.3667583394236043,-2.0653198338177394,-2.1050090180646657
-0.008207815092158408,-0.01469780667042971,-0.007730451458644716,-0.002949100889402262,0.2063471470032133,3.3736403181936545,-2.1016033330543897,-2.096211667929429
-0.008222434070293693,-0.014703503561593686,-0.007739373599833676,-0.0029248726164167464,0.20792787219613204,3.3596875874531285,-2.1181867787648283,-2.0826287067241487
-0.00823714506242776,-0.014709231973766413,-0.007748184520056509,-0.0029004373450621803,0.20959706678084397,3.3454491635833876,-2.1347399488415575,-2.0688194337195056
-0.00825200928569371,-0.014714872736326526,-0.007757151317689791,-0.0028758671275491074,0.21137976994521437,3.3311603096613323,-2.1513718206738717,-2.054881079126613
-0.008266987530995489,-0.0147203198925251,-0.007766398962752527,-0.002851330881903588,0.21318003654739845,3.317040856475288,-2.1680716515538268,-2.0409439579372557
-0.008371397812691144,-0.01475691143914789,-0.007828263565944195,-0.0026801091639079466,0.2239289808409122,3.2155230469184306,-2.281264007212797,-1.9411186349854417
-0.008356478646588313,-0.014751773138700608,-0.007819795437700205,-0.0027046577298637325,0.2224984122986642,3.2304644489684704,-2.265463464110954,-1.9557197793536967
-0.008281968937357501,-0.014725615183104604,-0.0077757250133457375,-0.002826905193603357,0.21486408781966035,3.30301645007601,-2.184698787593437,-2.0270145500224106
-0.008296885085513144,-0.014730883804552716,-0.007784842218696643,-0.002802522302249748,0.21643056547192693,3.2888431609474367,-2.2011266590821847,-2.012996545871831
-0.008311763040382628,-0.014736139176035617,-0.007793762016968217,-0.002778136448187169,0.21797004773373976,3.2744945105139496,-2.21737872116187,-1.9988676708190083
-0.008326649165658015,-0.014741357263656607,-0.00780257999539105,-0.002753721050984157,0.21950719008155598,3.260014578807365,-2.233519558612724,-1.9846312477554735
-0.008341557077190155,-0.014746579548359782,-0.007811242835445403,-0.002729211950751097,0.22101237512219304,3.245314505637761,-2.249547218658765,-1.9702356182321707
-0.008386292787430373,-0.01476209108896103,-0.007836458955981444,-0.002655484895935187,0.22528374276840732,3.200302756141975,-2.2968781243852265,-1.926347241449019
-0.008401173013282167,-0.014767327978422501,-0.007844364508431984,-0.0026307592436903902,0.22663495514259582,3.1847749285241123,-2.3123037793199632,-1.911389494552069
-0.008416085520108337,-0.014772518893969385,-0.00785220854670608,-0.0026059909021843384,0.2280466371742728,3.1691398232900307,-2.3276417970108105,-1.8963260644201927
-0.008431057326468235,-0.014777591613536483,-0.007860144832850293,-0.002581224221860022,0.22948760690672307,3.1535329387311832,-2.3429603411988205,-1.8812119438071002
-0.008514792106028145,-0.0147743227280614,-0.007957065761117214,-0.0024753105887167838,0.2469707748203117,3.1229634373423267,-2.446951478610446,-1.8215837119807006
-0.008503133057728285,-0.014785285388243636,-0.007924908497295336,-0.002478990476378982,0.23736086666826225,3.1098344259108326,-2.423564209171413,-1.8239180386723037
-0.00852979835360784,-0.014778965067767892,-0.007964790090793372,-0.0024503419514553056,0.246189290581336,3.1067173280422615,-2.461868569877501,-1.8059756211927818
-0.0085181609327754,-0.014789961619432157,-0.007932664384706342,-0.002454102066022442,0.23910807826265343,3.093782614161354,-2.4385310030300116,-1.808241071975354
-0.008544819263429001,-0.014783560287475501,-0.007972443565224084,-0.002425324289333526,0.24651779322660328,3.0902857877821304,-2.476696377756617,-1.7902200532310026
-0.00853319476349554,-0.014794648750553849,-0.007940234534718605,-0.0024291439763327815,0.24072685354935083,3.0775630200776543,-2.453314097906413,-1.7924847818173422
-0.0085598548013954,-0.014788108374602238,-0.007980028589887805,-0.002400249179285271,0.24844335914500915,3.073715226401655,-2.4914634830451776,-1.774233749894152
-0.00854825777367195,-0.01479931665142483,-0.007947691171050264,-0.002404118500546462,0.24188920027861852,3.061202546855814,-2.467957525248165,-1.77665273130864
-0.008563362979921529,-0.014803920001460392,-0.00795512379752533,-0.0023790527824015003,0.2427603451914937,3.044756301884647,-2.482533005353382,-1.7607391057768804
-0.008446081123513687,-0.014782534021615395,-0.007868186287314546,-0.002556478350487859,0.2309129581716203,3.137977064595482,-2.3582595793997125,-1.8660615147583408
-0.008461145444269279,-0.014787350943159278,-0.007876312545700342,-0.0025317595741964276,0.23231653489278267,3.1224631272615366,-2.373525013054009,-1.8508757885557985
-0.00847623820186028,-0.014792044220968832,-0.007884508207676541,-0.002507078700235085,0.2336954205382402,3.106988834015389,-2.388743100196424,-1.835659134379114
-0.008491332572141713,-0.014796638825434453,-0.007892702075496494,-0.002482441427137796,0.23500276049554417,3.0915117824236678,-2.403873217786813,-1.8204017166202977
-0.008650366081149908,-0.014814404250277427,-0.008023879715141142,-0.002249313454564456,0.25937463517307197,2.9731230263965647,-2.5779453402695527,-1.6756314574673639
-0.008639088250402263,-0.014825731408664179,-0.007991941574078237,-0.0022538580896431424,0.24748969146299135,2.961595738212299,-2.554346217382277,-1.679829573368884
-0.00866549944553118,-0.014818620992578935,-0.00803089561203798,-0.0022241341493005147,0.25862258545042377,2.956113651330957,-2.591888484484135,-1.6591795772641034
-0.00865421390062494,-0.014829917338090396,-0.007999075080182785,-0.0022288567944286877,0.2489851426718694,2.9447482265773606,-2.568371262364075,-1.6633655523579638
-0.008680646132284166,-0.014822790206067778,-0.008037833443099461,-0.002198929071978652,0.25790262769022737,2.93892155870371,-2.605706007298395,-1.6426795747015472
-0.008669342931922988,-0.01483411032813626,-0.008006027710443814,-0.002203795840724761,0.25056017885653276,2.927757888588525,-2.5822114373785148,-1.646820562538789
-0.008695805978438997,-0.014826911844453403,-0.008044698558332977,-0.0021736784133223074,0.25812786761406825,2.9215429287244454,-2.6194309528219897,-1.6260169617960594
-0.008684492343217073,-0.014838309629270345,-0.008012813504003404,-0.0021786565038175933,0.2519116628255241,2.9106186360897843,-2.595871416729773,-1.6302074933299797
-0.008710978821122078,-0.014830985862161488,-0.008051492236298807,-0.0021483768409615955,0.2595788548849203,2.904016974694082,-2.6330812503265504,-1.609123051109617
-0.008699683615467765,-0.014842489043938702,-0.008019495145836652,-0.002153435118602715,0.2528971490087905,2.8933467812184674,-2.6094041220865414,-1.6135199387492385
-0.008627766527555696,-0.014837494419508428,-0.00795998083877149,-0.0022579612450742046,0.24580576082688274,2.9444502207329335,-2.534253999737142,-1.6772787889066674
-0.008612594533864364,-0.014833426327118955,-0.007952361023134895,-0.002282662657471135,0.24466295149927444,2.9606042127700642,-2.520072866712287,-1.6932382846393061
-0.0085973654591926,-0.014829213683333538,-0.007944768451682927,-0.002307527184297098,0.2434506270256536,2.9768833566859247,-2.505771356075711,-1.7092533159347985
-0.008582108074977354,-0.014824844847308739,-0.007937249113690247,-0.0023325294625350513,0.2422117670414167,2.9932978362642095,-2.491382229419504,-1.7253152508751908
-0.007213631489898548,-0.014292428948543634,-0.006781639252573701,-0.0044022659232963645,0.026728132268575396,3.794853082705313,-0.8044968533350522,-2.627511354162181
-0.007178517849175008,-0.014257789323125611,-0.006756430276988428,-0.004477321814066039,0.01956901530199789,3.824614507862036,-0.7448019135265463,-2.650125653949198
-0.007190582969233014,-0.014269867745445575,-0.006765108055598671,-0.004451272801553687,0.02204801792680727,3.8142730968461125,-0.7655773991696223,-2.642339989043482
-0.007198422188103923,-0.014287070509034798,-0.006761574082047044,-0.004418734682995643,0.023223296200083936,3.790923786283382,-0.7851703026636717,-2.628050939288389
-0.007557333334613523,-0.0144766469343391,-0.00713003226915241,-0.0038903327092148286,0.09610995612696388,3.6935797625383233,-1.2814216747620912,-2.4947172384089473
-0.007520663617122582,-0.014463340397893454,-0.007089457039634969,-0.003937970546481234,0.08873417975576975,3.699224852808346,-1.2335100095915772,-2.507413554180318
-0.007534068009167319,-0.014475578046710198,-0.007095430038855577,-0.003909244248517875,0.09061454884868728,3.6830449470287934,-1.2533820732322365,-2.4950392827047234
-0.007434115085999339,-0.014419756999311542,-0.007004744734672621,-0.004066489305078206,0.07205701905838725,3.7297826059330403,-1.115999839122031,-2.5455638541380448
-0.007504412941376952,-0.014460740990518596,-0.007067309434564336,-0.003953695134072513,0.08510941756305468,3.6948960028512956,-1.2134785961428582,-2.5091627791036153
-0.007441634102635164,-0.014438106203566317,-0.006995591673638132,-0.004032504987332861,0.07219924171328578,3.7000139468813082,-1.132207676368758,-2.527279745030601
-0.007484414639164222,-0.014450956390714578,-0.007047718531029952,-0.003983079136710744,0.08128664845277865,3.701891430415245,-1.1866263128361585,-2.518010449662737
-0.0074595293175729,-0.01444583070647778,-0.007014766189296098,-0.004008290891593179,0.07584166651176132,3.6965829853871033,-1.1558390702095211,-2.521119326228005
-0.007411588150538093,-0.014414461755684607,-0.006974997707444673,-0.004089673281855988,0.06695501858082155,3.7248054094352834,-1.0879048474324888,-2.548059022275615
-0.0073896636056193545,-0.014409912139526174,-0.006945221575956073,-0.004110951646121727,0.062140288527732575,3.718420020730767,-1.0610462949499737,-2.5494758092390826
-0.007369512691113799,-0.014403079913690534,-0.006920651696652176,-0.004134448967211019,0.057795545398967085,3.717110061730287,-1.035307877220938,-2.5531962921077107
-0.007350340272155447,-0.014396457880832634,-0.006897243492690231,-0.00415675865085538,0.053737380913964274,3.715686367631277,-1.0108173685400619,-2.556556144363153
-0.007332001376799989,-0.014387565729111594,-0.006877433119908172,-0.0041819874957488975,0.049949709110020286,3.718642600488394,-0.9862269152239166,-2.562085786161599
-0.0073137316873368476,-0.014376800221646635,-0.0068595020839863205,-0.004209995804444412,0.04630438647777085,3.7246481580231077,-0.9607498375835809,-2.5692143449916798
-0.00729499305501589,-0.01436679713995555,-0.006839764427104363,-0.004236863303012545,0.04250725245387995,3.7284988466584754,-0.9351025529291029,-2.575165260101343
-0.007230025379598844,-0.014316303509371997,-0.006785180005983828,-0.004354417768311881,0.02971045252033509,3.7664577589203745,-0.8367434660629938,-2.608784736840461
-0.007214565758265676,-0.014312765237214363,-0.006763223021096331,-0.004368153525957878,0.026181169506971035,3.75958057391173,-0.818386249857836,-2.6077934284065525
-0.007275804774910302,-0.014356533642242403,-0.006819317077546444,-0.004264207276725327,0.03851341496225542,3.732031745163567,-0.908881010472672,-2.58093154027847
-0.007241410696409822,-0.01432952582434512,-0.006790672039238557,-0.004326769243059845,0.031729463689017794,3.752448731244282,-0.8567596717069873,-2.598890008806063
-0.007257107315748182,-0.014343855763615533,-0.006801863249969419,-0.004295011291396682,0.034699333445250134,3.739786498603434,-0.8817713803782362,-2.5888696984684185
-0.006016583764585511,-0.013393125884896323,-0.005109529744030263,-0.006005993364596983,-0.24211334222586972,3.3259896837805387,0.8443308268809274,-2.3884376533561986
-0.005981396545489823,-0.01337918921003563,-0.005050529663582724,-0.006015189667961594,-0.24586977769733445,3.285091724627183,0.861410384041489,-2.363665759501998
-0.005897314401020051,-0.013322354480792152,-0.004907707571696353,-0.006072391786476777,-0.2568686473736839,3.195857829314793,0.9276205435965897,-2.304948999235704
-0.005951962385273308,-0.013395162098910663,-0.0050039756883539475,-0.005977613590593177,-0.24517760958424045,3.2395644159614614,0.8404770414644679,-2.3410380837715654
-0.005912317996223303,-0.013357066650395733,-0.004936279481109098,-0.0060230850124530074,-0.2517672637324658,3.2031312001416024,0.8857802953562067,-2.314767826764711
-0.005926457640355477,-0.013385467083685926,-0.004962007822824522,-0.0059832355405633215,-0.24775055233682647,3.2105925199877525,0.8516060047561268,-2.3234280782311263
-0.005856731080336783,-0.01331768277908222,-0.004842385997150853,-0.006062143213565851,-0.25851447978408965,3.145689732758184,0.9294167330577922,-2.276343230829543
-0.0063194543498200475,-0.01372892096109809,-0.005589248211981908,-0.005521780457630374,-0.17252626755469616,3.511354712657458,0.3799752972273253,-2.5294514526650143
-0.006285453475827537,-0.013708785819371162,-0.005536396745871021,-0.005550673695214698,-0.17885043317542793,3.4838987032492135,0.4141526309487263,-2.5130204257902324
-0.006179894316868714,-0.013624233264468835,-0.005373907366885069,-0.00567180631683098,-0.19997229621751036,3.4102912258956253,0.5408247513346603,-2.465073873093863
-0.006187310609740694,-0.013653028635678108,-0.005382271169505322,-0.005625556832484448,-0.19588587796650903,3.3996009319660843,0.5048829991572331,-2.4619661465705844
-0.0062518889356357335,-0.013683649112649951,-0.005484992812385965,-0.005587219509065215,-0.18567582189725687,3.4603493957409417,0.4532544170284557,-2.4981282483972103
-0.006212965453380067,-0.013668970031746658,-0.005422452517586634,-0.0056043464081707095,-0.19129950062722692,3.4210457861607613,0.4803029322818467,-2.475256254552854
-0.006145619667420378,-0.013614347912475932,-0.005318199782228716,-0.005680095262028052,-0.20405432898591094,3.37251186831762,0.5588758777163595,-2.443216165127238
-0.0060348583471352,-0.013453708974782406,-0.005142367793332255,-0.005912648109080805,-0.2329754819907303,3.321730903531101,0.767491595861993,-2.395236591259031
-0.006009777768893371,-0.013437937850120402,-0.0051006890364020925,-0.005929677373006279,-0.23663230257850223,3.2962808896221163,0.787821824193558,-2.3789103402504375
-0.006074747452272719,-0.013532890621555632,-0.005207380452753505,-0.005795233852635862,-0.2201312703836021,3.331369362305892,0.6669991754617176,-2.4111813060412004
-0.006042563070936333,-0.013483129446713137,-0.005155386131227038,-0.005866870110763526,-0.22868731931440547,3.3167253952352227,0.7305160161413186,-2.396568773931081
-0.00604920213881836,-0.013513928120130483,-0.005166016522900102,-0.005818525509734047,-0.224456715644531,3.3089036898033344,0.6922445535199153,-2.3962909038667224
-0.006110730258796122,-0.013592775316153778,-0.005262820950199607,-0.005706872015176507,-0.20992331817168525,3.3417058585610167,0.5902532344664807,-2.4238920063377027
-0.006067435171262839,-0.013575939518984127,-0.0051933357130060365,-0.0057227819988218175,-0.21502140973485542,3.296974501324867,0.6161673868042065,-2.39711415599284
-0.0052234800279106364,-0.012591606644112593,-0.0036193055735142575,-0.006721944117504869,-0.30385485583013366,2.4039679755498358,1.5301123015314668,-1.706438715204683
-0.005240447121261519,-0.012636734136528167,-0.0036703145415393087,-0.006676850640174777,-0.30317576566036913,2.434781260739591,1.494251223138695,-1.7355980433952511
-0.005352760064361128,-0.01275763851143312,-0.0038908726280181055,-0.006597263509045775,-0.3046115200012728,2.5768815949892034,1.4247466357638643,-1.8433124304286679
-0.005378789228914037,-0.012799679849669537,-0.003949424417730021,-0.0065580609251447075,-0.3029677215955969,2.612453718335623,1.3919661857156247,-1.8733545059705887
-0.00527087607266857,-0.012686849276798064,-0.0037408739039588314,-0.006633872746048902,-0.302628603919626,2.478472128370275,1.4592159438559504,-1.7724788488907353
-0.005307896570071145,-0.012737490245891523,-0.0038194953202949186,-0.006593238617872428,-0.30235100998906406,2.5277053866910926,1.4251959759681558,-1.8121313042689968
-0.005378097151329264,-0.012861995648802645,-0.0039809644863147255,-0.00647269877188475,-0.2981053511790232,2.6232251304616336,1.3258543716609636,-1.894868223631285
-0.005423448440540709,-0.012889432155798955,-0.0040568069438239795,-0.006463919796507342,-0.29829602886872625,2.6738317154089875,1.314378109954113,-1.9287670982664535
-0.005464903029100446,-0.012909176988339127,-0.0041241272886118115,-0.006462615133530534,-0.2991004810711573,2.7201138384115815,1.3085614152744178,-1.9584152578097906
-0.005520184419212484,-0.012994433011779419,-0.004240363356583925,-0.0063753475289398944,-0.29308480929925235,2.7869673894884364,1.2339031910241787,-2.014537427223843
-0.005488119424818132,-0.01294806044507851,-0.004174713103935099,-0.006422149730317903,-0.29627841299794294,2.748965346383173,1.274353014840077,-1.9832633044623085
-0.005814008958463444,-0.01331077604259769,-0.004774199889563238,-0.006054218994568271,-0.2603637852922047,3.0946755517920135,0.9333393267584144,-2.246734597064592
-0.005804210273847435,-0.01326584140313587,-0.004750624948571885,-0.006119864254154531,-0.26610048622701016,3.0942734049485865,0.9858460268195907,-2.2387957373405913
-0.0057306471843529905,-0.01320734784595596,-0.0046236856058934845,-0.006174828877531725,-0.2737647078683534,3.0166376781830375,1.0435630353175727,-2.184975437452705
-0.005761871428680296,-0.013244033792780163,-0.0046803408690159675,-0.006133713584598379,-0.26919260525489536,3.047275718775133,1.0056276895147098,-2.2087718916756405
-0.005618673079268731,-0.01313932805821114,-0.004436207218324134,-0.006219604018948769,-0.2806628789753148,2.8945459724556595,1.098671667559582,-2.1041645207231894
-0.005665619178622742,-0.013159051394434748,-0.004512010326224056,-0.006214841509903421,-0.2789769646857812,2.946434972759358,1.0866198184455789,-2.1367732550753935
-0.005681252063157934,-0.013210056129536471,-0.004549467308299772,-0.006146220251733481,-0.27350905761753413,2.9577560875633924,1.031197722527957,-2.1525939721948117
-0.005554412425421269,-0.013066503646738144,-0.00431765480328192,-0.006291200535851932,-0.2870402519327749,2.8257438708565172,1.163879130501272,-2.0514060647252967
-0.005529236673156693,-0.013039934711656286,-0.004271416195717099,-0.006315276410158638,-0.2890834697304986,2.7980959862622488,1.1860551157499801,-2.0305186284766252
-0.005539918851312494,-0.013122431656844636,-0.004316054718104724,-0.00620256305471237,-0.2803741532410407,2.808327171674337,1.0979694620093958,-2.052666258711214
-0.005572818896879387,-0.01316067841464374,-0.004375627840868354,-0.006164490991372167,-0.2769140427655951,2.841686326280534,1.0638707262492402,-2.0785379048285004
-0.007163166038980179,-0.014255118987148275,-0.006733144320470326,-0.004489004179792372,0.01603520425798799,3.8150137911646715,-0.7271963471467936,-2.6474448008066775
-0.007147384728022925,-0.01424927470093895,-0.006712062120568256,-0.004506056747938882,0.0123010711715759,3.8104204568486955,-0.7071082273189352,-2.647509196746239
-0.007126366423297528,-0.014251440424814974,-0.006674760163245809,-0.004511775379948786,0.007428213933664897,3.7867459646850223,-0.6876331340750673,-2.6378359974314414
-0.007088987685918024,-0.014226938984321306,-0.0066338965220261725,-0.004568863810953855,-8.744005943879884E-4,3.7923261826772383,-0.6331047289214099,-2.64663522068462
-0.0071050327693476896,-0.01424070983697726,-0.00664865611359694,-0.00453899215196507,0.0025793221235866433,3.784669529820994,-0.658886526494297,-2.6399943026208432
-0.00703473583869404,-0.014187691356800713,-0.006575746132815608,-0.004656517635263017,-0.013039249443050693,3.8031389342197177,-0.5509652903052951,-2.660269503011396
-0.006936962798482634,-0.01414102166807139,-0.006446216623380535,-0.004768705308421435,-0.03516572839928266,3.7739169920120834,-0.4244769154769949,-2.6560248911652518
-0.007013204054184624,-0.014178440920598862,-0.006546742944658033,-0.004680039453943661,-0.017997476976230716,3.7959007361901844,-0.5236034048214028,-2.659091100322842
-0.00699808058778139,-0.014163739674626174,-0.006532910951177382,-0.004710372457894223,-0.02131648396941282,3.8037276503889683,-0.4976811601769337,-2.6652842796547485
-0.006962203776978566,-0.014150655805633714,-0.006481948270707876,-0.0047444969912161196,-0.0294459977158924,3.786183471641693,-0.4546374455833662,-2.659952379888763
-0.006978894473215433,-0.014166150861680214,-0.006498218692952949,-0.00471266755522277,-0.025656537332994195,3.7795477995782214,-0.48249444734631924,-2.65434422555221
-0.007041508931634816,-0.014216313542725784,-0.0065630679167090955,-0.004605516165854812,-0.011517100628195305,3.7631172300495277,-0.5800072205770185,-2.637244168208408
-0.0070666907535639045,-0.014229154294032409,-0.006594416836010245,-0.004574135395023957,-0.005909304969729388,3.7668613679776475,-0.6134159052789449,-2.635797899831594
-0.0067340401280798975,-0.014041829099041232,-0.006166607893476657,-0.004984458220138411,-0.08003921465635706,3.68711489666812,-0.17499585654790104,-2.625361920254323
-0.006753473148248441,-0.014057494625992527,-0.006190210735452366,-0.004954510326424705,-0.07549739780980824,3.688705412825613,-0.2039235093314666,-2.6250883806324183
-0.006792641335384938,-0.01408144786534898,-0.0062417951182918915,-0.004906340603400166,-0.06682705774712884,3.7007768127360556,-0.2551602651510239,-2.6290610117126882
-0.006768076698247579,-0.014075131090030913,-0.006204042550268728,-0.004921856628179405,-0.0718575618175406,3.681512586372489,-0.23129438308541456,-2.6202432425654756
-0.00667111815184544,-0.013982402002109486,-0.006092711595956492,-0.0050946473252460244,-0.09526121832750721,3.689453106590746,-0.07312527427676602,-2.6293462735751465
-0.006693173058438174,-0.014004788650026646,-0.006118208129507945,-0.005053651832657589,-0.08982877992106143,3.687397498374646,-0.11042986313841553,-2.6274547748218438
-0.006714358103834713,-0.014025377022996449,-0.006142699708812832,-0.0050155410563991676,-0.08460082777377086,3.685779530489789,-0.1453151649502417,-2.625647696118697
-0.00691222201575972,-0.014159230581188098,-0.006390420590973019,-0.004745015313418175,-0.04005301325715655,3.7196299227242835,-0.4193407700656557,-2.628799053744864
-0.006890126216673545,-0.014147758586346933,-0.006361535556605734,-0.004770632132555608,-0.04509314088165365,3.7131962922186887,-0.3912126105682605,-2.6274986418314037
-0.006875178288529177,-0.014127693548870501,-0.006350708971145043,-0.004808626181143715,-0.04846097566300197,3.726667606927253,-0.36137836243241706,-2.6363554759749177
-0.006832683080783464,-0.014102707532455468,-0.0062958526500663595,-0.004861517754828738,-0.057846031352485165,3.715874489921592,-0.30524064883271507,-2.6342044564786877
-0.0068531314075086155,-0.014119823578679531,-0.006318805819119152,-0.004827583328310263,-0.053542935927265396,3.713877956031087,-0.33669834616882693,-2.631379932447944
-0.0068100914334435795,-0.01410133689566663,-0.006258372246322659,-0.00486888860024345,-0.06271162604199083,3.692623285965893,-0.2867377390057214,-2.6232927394160908
-0.006317828556297023,-0.013766914200523629,-0.005576887852157612,-0.0054574891873604625,-0.16848118789723757,3.476304002286255,0.3361354136588461,-2.512897284240887
-0.006494558005986029,-0.013880558551170227,-0.005838216063286879,-0.005277312076185204,-0.13315708893688186,3.5896315194634725,0.13551948446043183,-2.578416519227932
-0.006461956257281788,-0.013865004483433212,-0.0057888453647057464,-0.005303071082026967,-0.139231108641344,3.565067716176516,0.1681105622231006,-2.5650626365877893
-0.00642745284060317,-0.013848852187736163,-0.005736320178651922,-0.005329041328613377,-0.14571500002306093,3.538130501499112,0.20144803840342287,-2.5502285674153424
-0.006399529791011774,-0.013830146292505424,-0.005695561416580314,-0.005358972007465046,-0.15164330441726193,3.521548592689823,0.23398817283037507,-2.5405941157531355
-0.006320851913731884,-0.013805922978558122,-0.0055713559261024006,-0.005392755649455513,-0.1640288948102164,3.445731509509993,0.2909618087925688,-2.4984420915386303
-0.006360973545338035,-0.013828245664267588,-0.005631519830812911,-0.005359282117275753,-0.15655700979876222,3.475126463119576,0.2513643069103684,-2.5155102218300063
-0.006644891839591826,-0.013959161950867705,-0.006059874714686144,-0.005137160722277714,-0.1017110219904638,3.6864805117868156,-0.03229047180221512,-2.6285119687545517
-0.0066077901625167445,-0.013952382939773944,-0.005999540721216701,-0.005151561986582595,-0.10854843225396825,3.648929106988654,-0.002928815164224732,-2.609480854067162
-0.0064989424604325295,-0.01391528945314951,-0.005831396420577639,-0.005218439636353207,-0.12918529999032902,3.557835215809849,0.09554505765013815,-2.562151125307835
-0.0065364484897086845,-0.01392451599035996,-0.005890903036111187,-0.005202263409673635,-0.12273765454469054,3.5935233307573813,0.06638438595164002,-2.580958727455115
-0.006572592038751483,-0.013942898851813431,-0.005943995018003131,-0.005169724028322518,-0.11523641868121155,3.6168916865239775,0.0272132880219316,-2.5930798869260276
-0.013069442642771417,-0.005693352627556894,0.006366323876451699,0.00452585322456371,0.6343704201287674,3.4198599852610023,-0.40965587851690705,-2.4548400725313506
-0.01314182887563678,-0.005738205473284065,0.006280080051932876,0.004618013165441478,0.6238214999374055,3.4364556548418186,-0.3185433595247849,-2.4695877358678895
-0.013107228998851278,-0.005715319050434018,0.006320869712744982,0.004572158410669051,0.6284411193429661,3.427111100173572,-0.36272981654946923,-2.4619406700799584
-0.013294007681405859,-0.00586386422087099,0.00610349752207414,0.004850418980336341,0.6042388091588181,3.4954710564667972,-0.10797438761781165,-2.5089974003392927
-0.013274233757893255,-0.005837680039403331,0.006122901385296934,0.004805395375665755,0.6051560655597573,3.475668309800761,-0.14140313366057272,-2.4978639957408104
-0.01332622220941122,-0.0058587613747257085,0.006050219882753089,0.004847507172772686,0.594442974803454,3.4602581000743187,-0.08216081669780187,-2.4914248825455965
-0.013272848204599579,-0.0057998965559409865,0.006107665914651034,0.0047458918641805825,0.5991659224338455,3.4239673013469454,-0.16374815472844348,-2.4704098644228414
-0.01326983970844193,-0.005760463052418354,0.00609406754770497,0.004684314370241182,0.5929906888871843,3.372896030480269,-0.18721833587112385,-2.442863631095603
-0.01320742360307683,-0.00574862493728855,0.0061843406526051435,0.004651882737313911,0.6074879309646972,3.4034242291833228,-0.2504508480389922,-2.456180529793716
-0.013244409971333302,-0.00573652706279693,0.0061217516629377584,0.004642158455462542,0.5956722042883058,3.359623954705651,-0.2220903929409149,-2.4344996850470104
-0.013179579693158375,-0.005719068015447,0.006212113266176113,0.004599318902708511,0.6095167915887468,3.382133666735807,-0.2905525405511462,-2.4429867644906405
-0.0133565144190234,-0.005878673851493932,0.006010737728861979,0.0048832308606829985,0.5891518329437476,3.4606077768784966,-0.043307550011671116,-2.4923053768930674
-0.013394359433611109,-0.00590251211871147,0.005960327695791187,0.0049252892569247525,0.5820512659887004,3.4581005336056982,0.0043504298865280795,-2.491506096971165
-0.013435923766674058,-0.005932883020141135,0.00590568574647337,0.004976981172164936,0.5750460649483825,3.45909477577122,0.059146661049419735,-2.4920898493714696
-0.013488344463846495,-0.0059829168350436675,0.005839282506508454,0.005059210838716531,0.5672889411513876,3.472173885909521,0.1367176431230082,-2.4980799803198046
-0.013472802414858653,-0.005947915387217876,0.005852281408461477,0.005002827973663593,0.5667863006904535,3.4430815933289454,0.09926539340743303,-2.48346248849576
-0.013530149491960932,-0.005987530480684832,0.005773854494907169,0.005066846424138456,0.5563110502704006,3.435845653262852,0.17225504312760975,-2.4786415564220476
-0.013069112833282721,-0.0056456009475371535,0.0063395748100538085,0.00445354273037361,0.6238916024955844,3.3503686631013845,-0.4274047003454728,-2.4173025535785584
-0.012907291295320446,-0.005558200340623796,0.006525709290946092,0.004257382882226271,0.6455889528068024,3.309522955360157,-0.6184047246280704,-2.3776942053905903
-0.012891638079093007,-0.005526694301081218,0.006527933544313494,0.004204288548733492,0.6412672988266879,3.2704344176281452,-0.6412715578960523,-2.354295601314271
-0.012806230029894167,-0.005410532819441292,0.0065712146542956,0.0039969727424154335,0.6321368294269522,3.136535107269981,-0.7462155205467921,-2.268943982710091
-0.01289100354105232,-0.005488773480379443,0.006504303061689198,0.004149756239479716,0.6322086731239973,3.2161403875304697,-0.6488112379102021,-2.3243765452588985
-0.012847356621236088,-0.005424773829243619,0.006523874771256968,0.004038280575816125,0.6264969429505055,3.1429330008540117,-0.7029141090371088,-2.2780029049584183
-0.012884230497174728,-0.005441410094426769,0.006483399789400425,0.004079839276985791,0.6223489452388699,3.1528235849835062,-0.6635807610849995,-2.288165749642692
-0.012942930661393902,-0.005565800144261516,0.006478526785595677,0.004284878393834309,0.6379083818004917,3.3037039459471003,-0.5793848436526097,-2.3788351535523593
-0.01297464947851578,-0.0055893801444425635,0.0064466628550172,0.004333221455177292,0.6360896407187148,3.322013675149198,-0.5408037078619167,-2.392368083330116
-0.013014791576592227,-0.005595975496311626,0.006391483046734362,0.004359376089314289,0.6268624611531065,3.3103255719071285,-0.49802724023373873,-2.3902438209770973
-0.013060188475547081,-0.005602430233295205,0.006328296999098212,0.0043861522247693845,0.6169984074812361,3.294644095410716,-0.45093419592810974,-2.385897932878511
-0.012700149069514034,-0.005349975459764924,0.0066731988941329335,0.0038538388219408223,0.6387123061774488,3.0799890854786858,-0.8583272579007729,-2.221885164662251
-0.012751547716200714,-0.005351411307571094,0.006605259723598903,0.00388612147423254,0.6287053814448349,3.070470417553882,-0.8058477175817124,-2.224352953821311
-0.01279886650839572,-0.005360794289577291,0.006547880984688537,0.003925159922661985,0.6209478440902254,3.0708362311903437,-0.7576731928414513,-2.231322275339092
-0.012688449673867805,-0.005298399399764689,0.006651992830088049,0.0037783259326516203,0.6270554160444667,3.012348961197224,-0.870222552035515,-2.1824968543618137
-0.012577939416109622,-0.005253366675869659,0.006762311039735535,0.0036486438610218957,0.6355944342607845,2.967118592131261,-0.9797924447851988,-2.138976112455383
-0.012625386012886692,-0.0052502652671823505,0.006699256410682758,0.003676170418034951,0.6256629862597008,2.9581364083206085,-0.9317618412066268,-2.1420983147410637
-0.012463460582529375,-0.005137508963352176,0.00681645850379186,0.0034235289666271836,0.6208168303747675,2.821051611730633,-1.0786171335791097,-2.0372067649222836
-0.012542848258096127,-0.00520774819515156,0.00677238734314012,0.003566797528910246,0.628322259252835,2.909583071366767,-1.0104689424866093,-2.1008643351531364
-0.012520583919496358,-0.005144242643028899,0.006752178152230322,0.0034727375323214357,0.6139046998641637,2.829639331107694,-1.024145751945966,-2.0525270757887015
-0.012674332546936612,-0.005249991510294276,0.0066361349909204925,0.0037067062337773596,0.6166952213187272,2.951183151489977,-0.883191319199757,-2.146079919288588
-0.012317539145997881,-0.005021383684306216,0.0068958716644633355,0.00317530823169008,0.6065255577452118,2.668465882886163,-1.1924972486042733,-1.9239974754055564
-0.012363384494946564,-0.0050369082514434334,0.006855932604708581,0.0032292176059713065,0.6051240025714476,2.692418921491001,-1.1536319617253028,-1.9465182038124733
-0.012248192298563306,-0.004972019653947474,0.006933341846383422,0.0030635401015951143,0.5995638952170322,2.599928860790961,-1.2426291545374653,-1.8717025802521003
-0.01230128603558262,-0.004968894859300857,0.0068723313570737,0.0031034754224017057,0.5925173266051993,2.605552074522383,-1.1933304169585766,-1.8861855026894536
-0.012171955181242738,-0.00492486485429188,0.00697691464093621,0.0029479449546427863,0.5928098615264822,2.530536004369367,-1.2961947348977823,-1.8170470152754705
-0.012221746965384929,-0.004932925820630429,0.006930317984981909,0.002998992899381913,0.5900723760830471,2.5506376689599763,-1.2546022732244502,-1.838981622621943
-0.012144365978362354,-0.004874920984905638,0.006964652691732365,0.0028716766845925915,0.579808386947267,2.4694668040141856,-1.3034127644627531,-1.777686687052972
-0.011912499137817315,-0.004760565517927734,0.007096231323204091,0.002546992412894832,0.5587406744429338,2.276381564492467,-1.451628655417957,-1.6176649861453518
-0.011966733153875097,-0.004767106109000653,0.007050829979530224,0.0026044571457481663,0.5583821535599547,2.3033050881351813,-1.410869084473727,-1.6457429482802837
-0.012104813236408532,-0.0048194850487999616,0.006959489885213388,0.0027806432811178024,0.566161950293265,2.401072974821925,-1.3175023019352234,-1.7314451520857859
-0.01206184530081112,-0.004770088853149602,0.006961620396603046,0.002693879504981417,0.5542100305738127,2.3386315617419426,-1.3347224406613807,-1.6877280257982432
-0.012008994079221687,-0.004745305379761797,0.0069923014687984005,0.0026225708468059755,0.5500340953790942,2.2972695997870405,-1.3677123166441503,-1.6531225918302688
-0.012441020654194064,-0.005078823689297611,0.006798140090326715,0.003336902210523247,0.6070554817688287,2.7485108931310624,-1.0893702579678057,-1.9928665768208995
-0.01241134075797496,-0.005023525040811633,0.006790463762603074,0.003250407567358724,0.5950764895535708,2.681509407183206,-1.1059175860365282,-1.9499832363706613
-0.00961019091992007,0.003901974821090506,0.007158249239871672,4.235990872091053E-4,0.13589977896178948,0.12423707919001592,1.7735795594371513,0.2245489165404921
-0.011039749265656575,0.00434036856637198,0.007341297801736206,-0.0013056060727870723,0.4070568305238686,1.438780686131775,1.780580857340366,-0.9260866828722271
-0.011123243097791544,0.004322119742820643,0.007281486335889744,-0.0013910826748753091,0.4102983761861428,1.486446653450863,1.7287526570515614,-0.9802034466413714
-0.009730410923399964,0.003909383929611302,0.007182390170119908,2.9400523628098E-4,0.15348763038269264,0.22237408470730938,1.783228777972411,0.131116085712321
-0.009851793080744532,0.003921784924407298,0.007204851295915714,1.6173003608528354E-4,0.17252974364934667,0.3236621550457452,1.791398905368714,0.03587048680712862
-0.01083417895650612,0.004324484243693777,0.007419293016536643,-0.0010566496148840586,0.3794275574908481,1.2754414599151505,1.8608602925615882,-0.7695830224886689
-0.010908678179580075,0.004333330877309099,0.007396184838411514,-0.0011492070371564524,0.3905459685206709,1.337492978689289,1.835562945107782,-0.827705406570813
-0.01078312438998676,0.004268395472942468,0.007386012576255012,-9.739126109414973E-4,0.36059644896989096,1.2060336292441007,1.8437071029270655,-0.7205523592520597
-0.010969272325147796,0.004281766889870593,0.007320749423359291,-0.0011965379031401806,0.3855473439546067,1.353696006348571,1.775829257031026,-0.8619362196057461
-0.010468297870318747,0.004168227654918368,0.0073853314933111916,-5.693079541400844E-4,0.2966373475266604,0.9079202528589879,1.8761078847686374,-0.46121509469595523
-0.010547942855461448,0.004152742456532543,0.00735186489119014,-6.5980188891768E-4,0.30554878390069856,0.9661385318017383,1.8440566249634085,-0.5226713196873535
-0.010712653699238833,0.004223577566070903,0.007368996446859567,-8.746904316916413E-4,0.34198499019208356,1.1287651263242366,1.8395949478954063,-0.6594167809911441
-0.010620221451265198,0.004187880533940137,0.007364761371188993,-7.545100668516101E-4,0.3224077964966206,1.039286587990931,1.8462539767034098,-0.5831198488701937
-0.010237136837689457,0.0041115492016340835,0.007370176267103915,-2.8461151319906066E-4,0.25193768695190233,0.6945391063550435,1.8861565223006171,-0.2708724824267214
-0.010140936508378709,0.004064495127648397,0.007334701583976844,-1.67076625544027E-4,0.2308589937229942,0.5989834521924734,1.8679301480494812,-0.19186474771127585
-0.010052311049942527,0.004021305565754057,0.007298832197512129,-6.232311264067671E-5,0.21184168806089287,0.5125311250160224,1.8478820303879357,-0.12048436628080873
-0.009958324809826894,0.0039779533455467165,0.007259592947749467,4.5083651343094953E-5,0.1926873853052787,0.42370181176210714,1.8256700550993423,-0.046216760999507965
-0.010336254443132244,0.004089568187443564,0.007336703305099379,-3.985405905939863E-4,0.2646806169227982,0.7692278845490397,1.8523848434055263,-0.34999451073765137
-0.01042037726613126,0.004078251983581551,0.007311727033740527,-4.944646170939377E-4,0.27491468524571566,0.8336130283966053,1.8262380345655893,-0.41620257938417654
-0.009205285476468943,-0.003818392973184068,0.006984596656312307,-8.227852361299997E-4,0.07982382191323266,-0.19958376121955104,-1.6681466652497747,0.5196378965816221
-0.009317999182122127,-0.0038832244374061037,0.0070734481039248865,-7.289591967979289E-4,0.09564598146852722,-0.11055990518216481,-1.729329622197841,0.4483234840344171
-0.009175183916361249,-0.0036962058179194276,0.006878350200333063,-8.110791924284984E-4,0.0740240960390011,-0.22323412382039964,-1.5854913472947143,0.5137036837118906
-0.00943724174623914,-0.003848541769405981,0.007076686188443579,-5.957007903761861E-4,0.10944691332363625,-0.019382298364981006,-1.7225892917102918,0.35077576343209427
-0.00954724339598546,-0.003829933785752705,0.007085196155813394,-4.771744996584216E-4,0.12351692591525479,0.06477888803846395,-1.7210336660032692,0.26437013341922583
-0.009645990763147778,-0.003884238045347221,0.007148816618026978,-3.8207362274390817E-4,0.14004511220478924,0.15015283938325008,-1.7634824141512062,0.19482662926189745
-0.009755992474891053,-0.0039575778981121535,0.007227816376702639,-2.714534433702307E-4,0.1608419393653666,0.2518024859926746,-1.8168961354488313,0.11533985143671031
-0.010922379556124467,-0.004356571371563233,0.007412175387667105,0.001175725664874229,0.3976101516774251,1.3611032322792276,-1.84488140991844,-0.8430698778877341
-0.010997040365910609,-0.004364816304726614,0.0073851899438024384,0.0012679652990001094,0.40826843289641823,1.4221392782503082,-1.8163363102915024,-0.9007536750663946
-0.01107149337383256,-0.004352280092547446,0.007336267120283306,0.001348155678971356,0.41261118745380826,1.4685407053262716,-1.7728640665341964,-0.9513483053958641
-0.011115053167199783,-0.004310593826466553,0.007275280927415119,0.0013757819833738613,0.40715938415220904,1.4736516547133478,-1.7257083600559073,-0.9714069273934219
-0.009860339185115315,-0.00390949619169554,0.0071946385695903425,-1.5151370220625932E-4,0.17217358229289756,0.3279690966458784,-1.7828570041938099,0.02835225245577922
-0.010488474005954079,-0.004206537300624861,0.007416918982492439,6.021082392459743E-4,0.30666331603921054,0.93993122511386,-1.8972979503906948,-0.4801244035285427
-0.010412917971677474,-0.004173661080688179,0.007401909391966389,5.040878272186733E-4,0.289453101440244,0.8639706155353057,-1.8936942911546972,-0.41644492693250845
-0.00997706219391029,-0.003914719340187514,0.007203733513093819,-2.3020991523542663E-5,0.1901947473978214,0.42366821246797237,-1.7808961916002157,-0.06310602261355897
-0.010251517896501042,-0.004120259301809827,0.00737675221007202,3.0269562550303653E-4,0.25570177856685566,0.7097079245998389,-1.8896662540937843,-0.28306000841164175
-0.010338869455430746,-0.0041166468172572565,0.007361402384308302,4.058542223863217E-4,0.2686319753158267,0.7810619996679183,-1.8705247390512532,-0.35334791802453697
-0.010057668182399438,-0.0039924608818298615,0.007272549959735171,6.778937162681672E-5,0.20934667286568562,0.5091620522281802,-1.827713449039827,-0.12511196040861036
-0.010176928660485583,-0.004052340571241252,0.00732099102736674,2.0817521399568627E-4,0.2348735349262243,0.6252346690101517,-1.8545378563958914,-0.22100676179370424
-0.010626741827197222,-0.004300287318377029,0.007469733756722905,7.959211283886581E-4,0.3452387596195657,1.096231430687973,-1.921001477409552,-0.6021599562204677
-0.010563373037561623,-0.00419867797173456,0.007390810987593887,6.90111992621541E-4,0.3165159513947314,0.9981198932152499,-1.8707417578105414,-0.5395761869149779
-0.010718834732715095,-0.004250843267310278,0.0073925747925679755,8.913768841322065E-4,0.34847506834468284,1.1470435256708296,-1.8555792340158808,-0.6683430658764998
-0.010856715388106432,-0.004317544979980783,0.0074034544038271205,0.0010806895956768745,0.3806781986320408,1.2889691938722814,-1.8471623437520786,-0.7854420699968399
-0.01079906527225136,-0.00424981109897866,0.007362541162355145,9.857520160228444E-4,0.35867015732166807,1.208775851127237,-1.8253173220164538,-0.7292754019325411
-0.011553636171073961,-0.004565401270918468,0.007225991458541637,0.00201875232584342,0.5020410253393858,1.9296664517203979,-1.6192098482850346,-1.337179150528829
-0.011626154928811286,-0.004561560494359047,0.007167032645891296,0.002091605735595434,0.5021333670884832,1.9659648970857015,-1.5682273211636437,-1.3775735021001845
-0.011497064874270569,-0.0045086152759084746,0.007216581603218542,0.0019169396467747302,0.48407275585362125,1.8527040577229579,-1.6253267693829212,-1.2813816124132436
-0.011239579161313995,-0.0043930541507132175,0.007280833943929273,0.0015607439839238708,0.4375447317492594,1.6101957746909996,-1.7112364367855306,-1.0789112436323578
-0.01142786338517952,-0.004451717681563187,0.0072140130498464195,0.0018034493716400344,0.4650188680668354,1.7694851948748276,-1.6367932062301487,-1.2188610466657825
-0.011343589341052666,-0.004396310716439134,0.007219889762475373,0.0016766716084511656,0.44552235640631815,1.6790928711800954,-1.6551048503831363,-1.1477481142615422
-0.011190138508204273,-0.004303925596821043,0.007228644127797289,0.0014550775817990973,0.41181431536544943,1.5201874062215797,-1.6841831653178636,-1.0205817848412728
-0.009550744841594398,0.0037821583770698644,0.007046138043054178,4.6411658215147507E-4,0.1215580017466268,0.06237996550749677,1.689532789317532,0.2547582378069971
-0.009467101635776902,0.003652706026152382,0.0069249343812791,5.208063310046103E-4,0.10644978371315049,-0.013112829031502373,1.5991414913476127,0.29845873810642504
-0.006019560513376827,-0.0025816965861476973,0.0044437933148475444,-0.0016895400317246743,0.012429333491738316,-1.189769891685719,-0.33363607020572145,1.3787871988120517
-0.006329795014705534,-0.002871596610821873,0.0047278342955227965,-0.0018441590812408066,0.007416798502875243,-1.199846099806625,-0.43638389732864685,1.403791701579235
-0.006670649633715845,-0.0028901923200102485,0.0049833792368377955,-0.001775529420290577,0.003068284712435552,-1.1547528529071762,-0.5250736789345191,1.3521767466665635
-0.006986085165985843,-0.003055259313565543,0.0052592245121401236,-0.001800088414752611,-0.002422647263068726,-1.1264005415361324,-0.645983439379882,1.3316397236351218
-0.009075627950618994,-0.003616904032188405,0.006784141493129233,-8.749074170874414E-4,0.06307329558866338,-0.29359674158983506,-1.5180735708016593,0.5657701757625894
-0.007308595832897716,-0.003128057103283651,0.005513590872953508,-0.0017329631226196147,-0.005496421175598564,-1.0634591012098713,-0.764508073853219,1.2708991007383954
-0.008402135079450796,-0.0034746880501877898,0.006377923052411847,-0.0013515316108168778,0.013802175049450081,-0.6952501952396116,-1.2600960589702608,0.938367167545508
-0.008234249887062041,-0.0033776362167504057,0.006226672554692896,-0.0014110220254752363,0.008362977939255374,-0.7661645229832069,-1.1611827011587552,0.9944017564824151
-0.008065180154526648,-0.0033550327768861786,0.006114266038104341,-0.0015034287052749355,9.999316606761762E-4,-0.8395954664961727,-1.0953112267302574,1.0657005941598905
-0.007635400007085992,-0.003224680871679084,0.005776048335892598,-0.0016541943464010807,-0.004713145093854243,-0.9834610191201756,-0.9017290379195868,1.1967310336583046
-0.007905119374778835,-0.003240398752613061,0.005957519774026664,-0.0015252245684678736,-3.4612054962491627E-4,-0.886962214261934,-0.9973157707637038,1.0971237647151826
-0.008940850436039689,-0.0035212449351328264,0.006664636210627464,-9.553547866190808E-4,0.05077447906345379,-0.3801261286052258,-1.4335036961178453,0.63239318097832
-0.008783544057636936,-0.003447480164718975,0.006549199598782439,-0.0010521663877449494,0.03815101280349809,-0.47412131056416323,-1.3558529232554333,0.7123419349028944
-0.008578979864959228,-0.0033692357174147404,0.006405236530389624,-0.0011699881101453775,0.02532719101025832,-0.5857267949594966,-1.260988098915635,0.8098869390415987
-0.009252146964948485,0.003424001127311141,0.006701598171641731,6.587281001674446E-4,0.07709135897577392,-0.17433963816020756,1.4343266548824654,0.41072295110913143
-0.00940445221778734,0.0034587057076661287,0.006764856563282093,5.355453916087483E-4,0.09262311226358629,-0.0703066059917775,1.4738124032884288,0.314207959672498
-0.008815376120977493,0.003346409519493471,0.006497333215136834,9.8461345763179E-4,0.04081763320250808,-0.4481237851482537,1.3098257180334076,0.6686472398523259
-0.009011423582697227,0.003333262139469653,0.00656389132870613,8.279686344582896E-4,0.055761490025061575,-0.3287748362560118,1.3432921823098807,0.5469799588839578
-0.00915976289046934,0.003261779260538834,0.006565358249191557,6.87728563909667E-4,0.06557684942627194,-0.23410147847805884,1.3299835716992232,0.43996634244157035
-0.005684406203402957,0.002207111412604152,0.004148543206452317,0.0014667037455434533,0.018358073517857856,-1.1748609073682028,0.24130812061658966,1.353308201433178
-0.005925879656295193,0.0024641764807425658,0.004357232464475181,0.0016187772125329832,0.014551162791167934,-1.182690958581262,0.3049597885863787,1.368616027860503
-0.007057970665725902,0.0028929573453033135,0.005259521981072962,0.00166116045146689,-0.001257294729943205,-1.0807654041588515,0.6318549349906734,1.2691784212128805
-0.006695942669852473,0.0027049707576547004,0.004955156920627138,0.0016363427942712647,0.0050184324447343715,-1.1186247341452153,0.49916652685007284,1.3023260499838305
-0.006297570396093287,0.0025376198201040607,0.0046368710150120895,0.0016077988379784565,0.009843555096801971,-1.1520955530257735,0.38424281370455177,1.3328152922822987
-0.006188049516247705,-0.002192603281480997,0.004500146010492165,-0.0013859559607958456,0.014499262535354818,-1.1212854360854474,-0.31818044064495304,1.2887763926632163
-0.005693338732910074,0.0017892832968152317,0.004108265945273193,0.0011730371399387414,0.01999345993819618,-1.1341525233504137,0.2010771901941448,1.2994304314075078
-0.005375071808966801,-0.0011762898458182948,0.0038432190390477908,-7.807898305029976E-4,0.02413899987387894,-1.1228053268921159,-0.11449467137642418,1.2808211888921488
-0.006035326823999379,-0.001808382720958982,0.004342583434566415,-0.0011470477753243947,0.015932681714972488,-1.100110682775567,-0.245612940815875,1.254720888885022
-0.005866822499437128,-0.001354150823429464,0.004183913800749145,-8.639411565531715E-4,0.0197823231244019,-1.0839721883763394,-0.17162257021340224,1.2314507890911255
-0.005540317457099534,0.0013223579115983978,0.003963933615325334,8.688276034350466E-4,0.022009311713919042,-1.1159847867054868,0.13941675484593882,1.2719070330619306
-0.005347148931493685,7.562529537900241E-4,0.0038043107029096523,5.000836960258706E-4,0.024802619253701384,-1.1078548028504966,0.07302945708241866,1.2608254305787072
-0.0053982599118656905,-5.605854853465898E-4,0.0038318307209290457,-3.6857467429619227E-4,0.024070983289761972,-1.098358184687218,-0.0564128684913399,1.247502974628672
-0.005481258404353987,8.560114318624092E-5,0.0038780786532405134,5.579510762631322E-5,0.02367228521769518,-1.0839747295003959,0.00915566976553043,1.2281205474409551
-0.008719975799748442,0.0031695269876341843,0.006349644182719058,9.80127010835691E-4,0.03453541244229625,-0.4887207523737869,1.1981974380334222,0.6799737140583932
-0.00848304090879153,0.0030920671814217687,0.006200261351660014,0.0011020889479096089,0.023527408311763674,-0.6053841850940392,1.1045760126818258,0.7884991896480018
-0.008254046269208906,0.0029927878731504627,0.006036052824991913,0.0011892990592387578,0.014483884807673483,-0.7005816081129249,1.0035460458898289,0.8753185135777614
-0.008120937053253804,0.002788626961591499,0.005873322914918006,0.0011547357459935938,0.012921466319728297,-0.729421976986504,0.8902032139585029,0.8810942766250306
-0.007478691703934892,0.00280891146674952,0.0055107892199026875,0.0014529007375427604,0.0020925479707670645,-0.9563511196228786,0.7273011621937638,1.1266432529069663
-0.008012148897143972,0.0026153722291186493,0.005745777948093822,0.0011165940684422521,0.012250596366830863,-0.7491422965313352,0.8012792673354399,0.8875113166956228
-0.00776002692243033,0.00253081231132515,0.005579544744312707,0.0011772728706756295,0.010719115549458202,-0.82613432989061,0.7151004540091805,0.9668938381686125
-0.011885888788807693,-0.004700192246731497,0.007068817403801851,0.002466124431024157,0.5417473626713102,2.2082341082616725,-1.4458301492525159,-1.5749342973000868
-0.01167878055744724,-0.00450583606938169,0.00707765628406607,0.0021010660247351765,0.48789317271385085,1.947433666690326,-1.5045571307430714,-1.383306256054327
-0.011842309239861945,-0.004641897959367333,0.007057903149837077,0.002372684257266299,0.5256107576441614,2.1372961501025247,-1.4529590169977527,-1.5261576866925992
-0.011775035170361554,-0.004603472343363399,0.007082848368904504,0.002274812991205862,0.5150068930156441,2.0743229613149743,-1.4843373084632263,-1.475451647878469
-0.011756162103641467,-0.004526109558803557,0.007033021396122617,0.0021925013935983856,0.4940450039973901,2.000541650913832,-1.4615489942541233,-1.4317515584523461
-0.014235829468843693,0.01653599661132441,-0.0037412176651066345,-0.0023740878842130326,0.02294198603213954,-1.1392236143113388,0.6294806365810591,1.3533478759303537
-0.014182745943114444,0.017010665347165776,-0.0035427342719095067,-0.002048810996397216,0.01109646556872293,-1.0074653043873585,0.639221697574451,1.1851834329916286
-0.014281401700505068,0.01743252170883631,-0.0032768318992517096,-0.0018092281810197712,-3.0670382762208254E-4,-0.9085584093767143,0.5980930964012018,1.053307568694716
-0.014052436336355743,0.017836032097002047,-0.0031989843960221606,-0.0015640968389474782,-0.00854487111726856,-0.8087332904661951,0.6351470733362218,0.9366681631679004
-0.013866814192944736,0.018521613458155565,-0.0029339168643661906,-0.0012228594118078365,-0.022881405155298705,-0.6674709825503035,0.6253570526154285,0.7670222888523328
-0.011665496186933596,0.022656928244340558,-0.0012778788288735129,-9.191423136356374E-5,-0.06761285954661982,-0.10158641089238737,0.5084837836326015,0.13149020482688686
-0.012359015037121578,0.02193301281526095,-0.0015781347639457443,-1.9974526279114202E-4,-0.0747032899965684,-0.18663922158041382,0.5142927388472901,0.22102406874107514
-0.012972687847296344,0.021711711678464824,-0.0016005786138482748,-2.693445272626956E-4,-0.08455379727318188,-0.2460606327560421,0.4934624589859119,0.2802133135500775
-0.01223004733174382,0.023826754425703034,-6.377397615365982E-4,-3.1208272873218457E-5,-0.12534564788420444,-0.06727896706251789,0.47727860888671864,0.09313162950232702
-0.012795049137372562,0.025,0,0,-0.21073080559880772,0.023680679289531367,0.48664124178932094,0.0026169407032607915
-0.01311477778080959,0.02038506553694777,-0.0022207007873881273,-5.344488606258065E-4,-0.05615446331622676,-0.36333451705088665,0.569127405461923,0.41536105161981657
-0.013337849563283904,0.021114279057118268,-0.0018191626686317162,-3.992983322937149E-4,-0.0756406667039747,-0.31808762431895427,0.5014310704246957,0.3589501076935362
-0.013517185911334956,0.0194924207834382,-0.002564229514652437,-8.236337926906465E-4,-0.04070856174477543,-0.4961499092446849,0.5993011607147086,0.5664539727267236
-0.013877217923206151,0.019063918366222225,-0.0026579241573083867,-0.0010135517625685486,-0.034400997812928304,-0.5843669923031154,0.5825173916582629,0.6649314775661637
-0.014473545733785375,0.016354425098145636,-0.003651254362830107,-0.0025268620148679397,0.02754133869409402,-1.1908043607858623,0.5416158344763916,1.4068256479782522
-0.014491946540758614,0.016049587239007665,-0.003766419864836512,-0.0027622377239569502,0.03699488866802813,-1.2824449651678427,0.517327679726316,1.5288762536370883
-0.014579467928656284,0.015706719874622115,-0.0038284302937875284,-0.0030480063912666573,0.04782809071616195,-1.385586917779891,0.45071440170718585,1.6636958348714395
-0.014603026651112362,0.0153339827420148,-0.003936921885296669,-0.0033829525829989844,0.06132258335706869,-1.5089050348908073,0.3869689724424164,1.8313226288357354
-0.014735795114157804,0.015053656494057065,-0.003890472198410411,-0.0036398871101254514,0.0712402159686099,-1.5811270215306763,0.2710229648430813,1.9287530961898047
-0.014833688256704544,0.014817617635399329,-0.003845732733299126,-0.0038586059118513832,0.08096375912554171,-1.6369579668420473,0.16663709296918094,2.005652119903423
-0.014935937840252086,0.014577934999261327,-0.003778347704169645,-0.004080243381441347,0.08885822372734974,-1.684812235633979,0.048879587588509306,2.072448947581586
-0.015107997708760128,0.01436717450611827,-0.003617557517291596,-0.004244878441982312,0.09350415930567767,-1.6880284451933496,-0.09493397344428804,2.077231517852489
-0.015241828894906634,0.014185653227514387,-0.003481660632552512,-0.00437965309514553,0.09860524152015056,-1.682417577552723,-0.21615144169813463,2.074895322883853
-0.015365895183750353,0.013997249190806768,-0.003344477912335228,-0.004515315464419388,0.10312644395223529,-1.6713740648847504,-0.3367690199807219,2.0675487914567583
-0.015460751603834956,0.013807106148235358,-0.0032256040340236185,-0.0046574163124991795,0.10763963340939854,-1.6618028207498987,-0.45115758496706154,2.0654658942048916
-0.01552181359060893,0.013595205905168923,-0.003124108366330772,-0.00483314696476151,0.11691549514358233,-1.6590020875923506,-0.5722825243865528,2.0802442134140375
-0.015553399719630838,0.013366998187190855,-0.0030330430434514144,-0.005038914890033038,0.12347449869818607,-1.6621917430116577,-0.7015640838427829,2.105663330173772
-0.015665492274642624,0.013146647054698707,-0.0028494097795746455,-0.00517179661032446,0.12793858575642203,-1.608806824300406,-0.8415161837441442,2.055060759344269
-0.01574991968467325,0.012932212475611545,-0.002682264611360641,-0.005305257421096295,0.13236387562478702,-1.5555726972085724,-0.9712355308696458,2.0079848733218344
-0.015763958742236177,0.011977415325008615,-0.002084698216118224,-0.006114567111911611,0.16736746034322378,-1.3448647996873024,-1.5783276181584915,1.9079716624130985
-0.015846120063384116,0.01190687700355604,-0.001967289572641787,-0.0060720253222339505,0.16007462483794535,-1.2753020851807504,-1.5976784919601958,1.8162829301045647
-0.01577492747149243,0.012156509979890729,-0.0022100842700380307,-0.005959386406641904,0.15935696690282955,-1.4005915050104767,-1.4579617718341678,1.9380471208515215
-0.01586322734966372,0.012318874761261239,-0.00224871441594833,-0.005733334387503177,0.14740365982623155,-1.3967896904160964,-1.3368580279620785,1.888373030828665
-0.015815063221286025,0.0124863400547383,-0.002392614376016983,-0.005642184637615017,0.14428635634892872,-1.4610064393299689,-1.2402098104307273,1.9473864675554482
-0.015789182428411902,0.01270422471278699,-0.0025366734224384446,-0.005476956620335742,0.13936864562461596,-1.5110501721697707,-1.107905563246257,1.9806539012651456
-0.015874276077811583,0.011664598246428876,-0.0017481240296872544,-0.006207746785180394,0.1644427103216439,-1.1560693877749653,-1.7363976662003218,1.7115523175602367
-0.01593872722019397,0.01183240846551739,-0.0018425453149137378,-0.006016795032423556,0.1559398233411399,-1.1968809777366027,-1.6132945699989392,1.714666185265578
-0.01589428452781771,0.010979414036687469,-0.0010860163009251951,-0.006557656112609756,0.1747656963676993,-0.7537634614154093,-2.0943098984529276,1.355460086024576
-0.015983305671302815,0.01089846520002984,-9.678900569614335E-4,-0.006465416099286689,0.16582923965522767,-0.6713013659666331,-2.0737662998293245,1.242026535274392
-0.015895859402325418,0.01148401049074934,-0.0015753979518103695,-0.006295035733483909,0.1681582813203385,-1.0552466065155368,-1.832704445380484,1.6203689695375247
-0.016001615861094963,0.011578028002506308,-0.0015939620904588214,-0.006105707705408133,0.1559542338559569,-1.0549524597453608,-1.733267009793081,1.573834690305976
-0.015891804215549643,0.011293665858758208,-0.0014004704045690523,-0.006409241809577644,0.17120903545628136,-0.9537002921488317,-1.9384948008497815,1.5339430396407716
-0.015911756388740747,0.011129186924911418,-0.001229776428042231,-0.006465974744751906,0.17071898514698128,-0.8458715430576852,-2.012013297357004,1.430094425054233
-0.015781618781648268,0.010141034161879574,-1.7294556803562885E-4,-0.006935557719324944,0.18747672277333707,-0.11839275789581098,-2.461447725535724,0.8030046172200399
-0.015744721307422733,0.009965996610766293,3.680905720885853E-5,-0.006996665543109329,0.18983303320669243,0.03630370787673897,-2.519477359872909,0.6661644089013091
-0.015795150080407848,0.010052716703815742,-6.747777698079171E-5,-0.006917822906151616,0.18577556582491334,-0.04062345935624572,-2.4642537490391887,0.7190178455404631
-0.015599747084898804,0.008847255218091307,0.001405355064542818,-0.006877671004723646,0.1953933895386682,1.0706159254370815,-2.4780245267642154,-0.3483847481623113
-0.015625578095342204,0.009059330819333475,0.0011531382599919025,-0.0069515957715595164,0.19406499971903826,0.8826213417891059,-2.533940904825187,-0.1551263508774752
-0.01563333773330091,0.008964299698506482,0.0012567891166618153,-0.006891966908652721,0.19193211278073688,0.9589189587156631,-2.494014627626742,-0.24285196241045146
-0.015677940174599107,0.00912016445389611,0.0010591821659619307,-0.0068998087025805375,0.1888158365706593,0.8083882954835374,-2.504999391849817,-0.10284729171223059
-0.0156361819665832,0.009293783887545402,8.738186393455421E-4,-0.007035658639376844,0.19517469312621263,0.6718805539670782,-2.5876353236668623,0.06632916530635195
-0.015669317210397857,0.009203158036289074,9.674223400546522E-4,-0.006948461822887747,0.19025732732470438,0.7407241545522759,-2.535438020999162,-0.025028981213224475
-0.015728346329824842,0.009860498751814639,1.656349177144072E-4,-0.007017105980547536,0.19146671277930952,0.13342013304650527,-2.5436144301787493,0.5769071779062728
-0.015718804849911817,0.00975087548029281,2.99899644022211E-4,-0.007020471781913034,0.1907988557808437,0.23423460963931464,-2.5563655400099745,0.4789283134557519
-0.015708631220682463,0.009665309714732576,4.0544612001901313E-4,-0.007023172172585612,0.19189785428419256,0.3141028622207279,-2.5648131719168323,0.4025073895928493
-0.01568281871947942,0.009537266023492322,5.661427118463495E-4,-0.007036961817563134,0.19346109178205442,0.4368475205616226,-2.5810109394071503,0.2889752632744143
-0.015725327025119466,0.009605561309480355,4.7405931162552707E-4,-0.006985147265236175,0.1879797030850936,0.3661903357520204,-2.546532705901647,0.3405120156189408
-0.015689593874932305,0.009378890142335857,7.538720155036904E-4,-0.006981269270620323,0.19024679334927772,0.5786544012514353,-2.553942169101941,0.13663854085794624
-0.015717155499662586,0.009464910607299905,6.437574288537019E-4,-0.006963882831916656,0.18791373545730714,0.4946986236704153,-2.5410117797708955,0.21095515285515623
-0.01592076131293848,0.010493080825891654,-5.572494963097667E-4,-0.006674988317764134,0.1740994247802088,-0.39240659889487145,-2.262910592245584,1.0051091654400244
-0.01585720884301484,0.010373044997750267,-4.3488619923675464E-4,-0.006792841877387587,0.18041043575930704,-0.3064515756573497,-2.346274644799492,0.9518334793950707
-0.015854330000853574,0.010245796402023175,-2.895112561003262E-4,-0.00681450034909857,0.18136187042595717,-0.20161631413474362,-2.379508739316129,0.8506474456968397
-0.01603455749585283,0.010769131839696616,-8.191129583341087E-4,-0.00643868225564438,0.16127820792015332,-0.5682720711145633,-2.091429323594569,1.1252080846068597
-0.0160855396626689,0.010895618838617798,-9.277914761138103E-4,-0.0063264800272966005,0.15777114744309462,-0.6372210679959528,-2.01238954949259,1.1711300343242306
-0.016051490148665467,0.010597115308951075,-6.382800777201288E-4,-0.006462960885072582,0.16077028720336808,-0.4434795902872061,-2.1380034496043443,1.000972054640681
-0.015579863319641896,0.008744343694441702,0.0015294820426250211,-0.006844732332778197,0.19628025533396679,1.1623359719496593,-2.4494793147306244,-0.44047881695382385
-0.015495382144294557,0.008624472849731845,0.0017146551108267718,-0.006888949521316793,0.20486213743676104,1.3064502357473937,-2.4626318177195947,-0.5541195161594353
-0.015555108284168928,0.00866998639271209,0.001625160369274872,-0.006832723536873081,0.19892821729116614,1.2342000706561325,-2.434691290663806,-0.5076769840742251
-0.015505026120227463,0.008549525612361405,0.0017867502604900587,-0.006821194462581707,0.20357602426732893,1.3555312964971031,-2.4129869477964214,-0.6174410186631601
-0.01541080637197227,0.008361669696757999,0.002052126070078075,-0.006808990872346944,0.21400525781118554,1.5539187968956387,-2.3764936142676985,-0.7918960400366125
-0.015430608618000044,0.008433879671724464,0.00196290940985001,-0.006839644108087752,0.2115682065742577,1.490355673547236,-2.406568978038504,-0.7283216009176557
-0.015505478938332533,0.008472629645842568,0.0018653513688624576,-0.006763423634805066,0.20356045367608844,1.4093432853121977,-2.368842664381173,-0.6812557116549433
-0.015339603765237443,0.008153927291765261,0.0023158626334078033,-0.0067248058409318245,0.22284053953137692,1.7417071427793174,-2.2864185778099837,-0.9745881672534477
-0.01545701066681578,0.00831497858185433,0.0020598058526364134,-0.006706140559639926,0.20938013033940886,1.5491996367220195,-2.3094862112071826,-0.8177256238734183
-0.015398981181740885,0.008197674217205806,0.0022212312927321477,-0.006684553814440268,0.21569705985571086,1.666154818865061,-2.2741804437946587,-0.9228970773290132
-0.015448465574579835,0.008254414350906856,0.002124848552476337,-0.006667080902980806,0.20989905297113146,1.5928972075513987,-2.2761898765469613,-0.8659380066277952
-0.015217346234208576,0.007940669549934741,0.0026280317120685355,-0.0066771854449785345,0.23896023082951864,1.9660351187014997,-2.2045314996253462,-1.1725088839154871
-0.015282182884271254,0.007977887823451062,0.002530024955130451,-0.006631610151973904,0.23069366515247056,1.8863556479647416,-2.1914041779825273,-1.1205298026291113
-0.015179100182195116,0.007795723406337475,0.0027899322804360764,-0.006572140947494461,0.24514036529392833,2.0663473946703426,-2.104975410133415,-1.2822199611475693
-0.015165751828483148,0.007733217903088408,0.002854140074584873,-0.006520247801606866,0.2471857990061132,2.1032831548146658,-2.0581233540412573,-1.3254251498570127
-0.015210916035853459,0.007867481010290805,0.0026970456363075413,-0.006609163718763492,0.24021966102155815,2.00550259435391,-2.1468246273886424,-1.2232656963165143
-0.015357147274068107,0.008092355683848362,0.0023561566766216115,-0.006644435884267669,0.22070920226714205,1.7607187499200752,-2.2277618648783335,-1.013352280352638
-0.015337442657887187,0.008020278152507726,0.00243906442558033,-0.006601978317098476,0.22375077571994542,1.8150037751816872,-2.1873545480585888,-1.0700149527771057
-0.015122276636769821,0.007685133676986256,0.0029395005731945316,-0.006518460209899019,0.25373204096519814,2.1647350501710663,-2.0395053617988244,-1.3745804490600853
-0.015187497722523697,0.007688797028359759,0.002864391440351684,-0.006445916393086016,0.24508416408496064,2.096720342055977,-2.006766732233488,-1.3395399326988433
-0.01511048073701282,0.007604579182101977,0.003012834699297824,-0.006440775352420213,0.2558742851774733,2.2017382108587213,-1.9722225882849607,-1.4237996427331512
-0.015033962614946236,0.00745542697427856,0.003205937574774615,-0.006351336921139426,0.26872364833078977,2.318784165461063,-1.8696594073384034,-1.5368100247923204
-0.015095401142549867,0.007520094869735033,0.0030899254379638014,-0.006360519355089724,0.2590757841294912,2.239459191095016,-1.9023308955638945,-1.4731096120552716
-0.014998158159601996,0.007372225985052177,0.003302559710189723,-0.006288732868080543,0.2748060037843934,2.371283395020105,-1.8051757995516822,-1.5920451778629743
-0.015075652453987598,0.0073884906511280015,0.003199490001356621,-0.006227814183042197,0.2636707530612107,2.2852592840845225,-1.7905522436746601,-1.5400778093798693
-0.014915905106289153,0.007257223095012973,0.0034733695475438905,-0.006229109398187113,0.28824545013530006,2.474483323640307,-1.7231457853375642,-1.6836447520119704
-0.014994420917185301,0.007280660545513161,0.0033621745253179865,-0.006180648106654571,0.2760123448930158,2.3852905432786984,-1.7197548605217887,-1.627369616359524
-0.01489983436204719,0.0071854359980247215,0.0035334555991168724,-0.006153524951086218,0.2914150558728046,2.4950878700293617,-1.6578322667961218,-1.7158570935881696
-0.014871286157610904,0.007106100458982438,0.0036110250734596974,-0.006078516759517304,0.29661989694144947,2.526545427287783,-1.5881772394126246,-1.7551686458178524
-0.014795367150671018,0.007052492822268503,0.0037360493182210974,-0.006076478007489319,0.30927905691388347,2.609857604851211,-1.5520229095064926,-1.8168495050991766
-0.014736034200780533,0.006994652731029114,0.003841629589252473,-0.0060505286908463735,0.319705003240257,2.6725525042302074,-1.505122232353975,-1.8675908412253708
-0.014673520247690645,0.0069562910699499485,0.003943294777702478,-0.006050539487492754,0.3304371226139801,2.7408123763776397,-1.475473055745663,-1.9166041816016153
-0.014673547424302236,0.006872259116379062,0.003976374892297174,-0.005934977893133444,0.3306582789682149,2.7237479475996005,-1.3901211411233254,-1.9269963657199392
-0.014629532411305518,0.006799299790422694,0.004063039494660235,-0.005868022407617533,0.33833563843747877,2.7569203648944582,-1.3203632717396252,-1.962831175095175
-0.014585439353914126,0.006730410194436087,0.004146347842957193,-0.00580415739900252,0.34644608376123326,2.787517740343211,-1.2536348204495626,-1.9955412189660302
-0.014492156858270936,0.006618791836930785,0.004307784173821819,-0.005709265960328797,0.363013079560009,2.854902439927509,-1.1412319828788833,-2.057559506697849
-0.014567982903416052,0.006649347088116502,0.004193674411294669,-0.005703263927869289,0.34891335678928265,2.780112035012763,-1.175511092433087,-2.007073931104468
-0.014408426984650502,0.006530134830655404,0.0044463822885591675,-0.005632960679421384,0.3785411345207675,2.911098972349096,-1.047196472133242,-2.107341263730937
-0.014471580049447944,0.00656054153373219,0.004350123261233967,-0.005639439954456096,0.3658867771845497,2.853543563553239,-1.0840681218023864,-2.067284854395881
-0.014387950833365094,0.0064537591077066725,0.004488711230655494,-0.005534744458984779,0.3805570175234992,2.8958943179717527,-0.9723279419521921,-2.1109329755250426
-0.014326083454404183,0.0063187210356365365,0.0045936167969393,-0.00537283899252656,0.3893646211869504,2.8885325644256543,-0.8391512733696086,-2.1266757896761472
-0.014358812321581071,0.006385764699961947,0.004539740580772374,-0.005452661707136964,0.3849403409832781,2.8914701206519013,-0.9051942971153663,-2.1188252774570704
-0.014233193447141771,0.0062430036858258315,0.004731601361446308,-0.005304416708634471,0.4058148939942204,2.9388057023619942,-0.748593547759386,-2.1672381052270944
-0.01429997736381415,0.006243357726070259,0.004636566855534158,-0.00527758657042392,0.3924795127704814,2.870715193263617,-0.7690053320070093,-2.1258024716052577
-0.011210979074116402,0.004317138318783087,0.00722877499169977,-0.0014852436384397022,0.4166669151602082,1.5421680496407377,1.6814188770683722,-1.0379575433807595
-0.011406715584256422,0.004370405198957726,0.0071563041118014896,-0.0017268992204496688,0.4427689028435235,1.6995105196163645,1.6042240115996798,-1.1786449534604628
-0.011314838828180516,0.0043220768396822545,0.0071719947574602465,-0.0015997650319338548,0.4248825767230925,1.6113798549569034,1.6290683739267102,-1.1063597902580067
-0.0115173499694737,0.00435438761196721,0.007068032652685435,-0.001829152231767923,0.4436853669833608,1.7508668863960928,1.5308941289104092,-1.2377038555589543
-0.011834888947633095,0.0045409902143217565,0.0069800666006258555,-0.0022791314224554064,0.49718086486117813,2.0475725854241733,1.413170120347026,-1.476955380926829
-0.011609937758135904,0.004404134362710529,0.007043866688348481,-0.0019562059780824574,0.45937906919542576,1.8353499714983454,1.4993063374345146,-1.3068531007630668
-0.011691140096169214,0.0044536121835675015,0.007023980289580575,-0.0020724105027096697,0.4737948842241289,1.912777718046544,1.4711486002306964,-1.3689230948136968
-0.011762521386580273,0.004504085017506204,0.00700939417775995,-0.002180683296712335,0.4876277377202038,1.985672379526379,1.4469030752261292,-1.4257433344122032
-0.013211279277290072,0.005268771153841161,0.0059474085247412396,-0.003973817072044628,0.5193791377222652,2.8218802945271175,0.4056413237667461,-2.128340873388723
-0.013163791742319415,0.005231961648476826,0.005991549356710303,-0.003911325624142245,0.521529871368332,2.801417624977556,0.4499110173255824,-2.1130395553556034
-0.012878738527847301,0.0051410056832676895,0.006305714824246285,-0.003680154656431399,0.5536733893553022,2.7849293109408335,0.6958843768701045,-2.077620355517171
-0.012608561645256325,0.004979634444785562,0.006530365491840926,-0.003334684114295913,0.5572338732862198,2.63837161324475,0.9230022554228913,-1.9579886449970787
-0.012691715670415113,0.005014781357313862,0.0064557520903819445,-0.0034262267024033934,0.5538948700954521,2.672333924681833,0.854801649543595,-1.9891450795075192
-0.01276210971657911,0.005052398541229111,0.006395282818757617,-0.0035110216630456523,0.5525085921522289,2.7063304005989086,0.7963865526765804,-2.0179975931067506
-0.012822821141587474,0.005093274693116264,0.006346476749662489,-0.003593025953952733,0.5520841577409185,2.742447989123907,0.7447339910815313,-2.046521500655214
-0.013089490281448908,0.005207380881554147,0.0060749059118681056,-0.0038539955414975233,0.5307214844222053,2.8007894155683357,0.5132733568161956,-2.107071219912417
-0.013045372854687909,0.005153161008586819,0.006102951625897617,-0.0037683215372394815,0.5272310209578744,2.7571477001640567,0.5559313538354775,-2.0775097073386406
-0.012973614005478609,0.005134473951938146,0.006183094778115479,-0.003715347861829942,0.5360705380333409,2.7561072998789515,0.6161065124836017,-2.070655956669785
-0.0121563127280665,0.0047214205596569645,0.006830069225227507,-0.0027266862814810462,0.53452021337294,2.318790530105042,1.241650034491333,-1.6973657067754033
-0.011906104562785387,0.004579010969005603,0.006949978831075583,-0.002377148232806777,0.5064569106018996,2.1086809886324223,1.3785904945857286,-1.5269680861252484
-0.011894478725635324,0.004507489071184496,0.006902491840894967,-0.002304955566060752,0.4879233709152862,2.043939844068389,1.357436570594557,-1.4889203888845668
-0.011978675264214806,0.004613324182121374,0.006913002778883778,-0.002472761243064086,0.5141137508093897,2.1652364828586967,1.3392773635533726,-1.5743704938848224
-0.01210542568160564,0.004666821611470243,0.0068371264894371364,-0.0026314766527526724,0.5231764921589357,2.2538387347747606,1.2631518204951198,-1.6505802368073035
-0.012055682187804315,0.004621628050081641,0.006848882055454533,-0.0025470017624494895,0.5130850560439595,2.198126631165521,1.2850342280928675,-1.6090607143744353
-0.012328729341544505,0.004784661752983973,0.006702448914790768,-0.0029264429842954707,0.5383913926238807,2.4165721846688295,1.1216940247440104,-1.7851763145983135
-0.012265117997919354,0.004753263997224928,0.006745058762076083,-0.0028455570490715874,0.5356993732236506,2.3744970141749433,1.1645430501635532,-1.7497873180771695
-0.012232747627459083,0.0046927670266935645,0.006732626033839943,-0.0027594133768964503,0.5224762217916551,2.3102325569143844,1.1730684177725503,-1.7071386169652791
-0.012551210626564694,0.004914231230844622,0.006551871858941451,-0.0032230300174471214,0.5481981038125997,2.5693680179360032,0.9634655827566804,-1.9095635799992985
-0.012405536365456365,0.004835705537282516,0.006657924054225778,-0.003036865640307424,0.5448502309083764,2.478387166341608,1.070700356345865,-1.8339207129804647
-0.01250959332022325,0.00484782677406292,0.006553054915995387,-0.003121689462939215,0.5365736859723985,2.499684335592782,0.9874136782857624,-1.862688875883172
-0.014053987733110514,0.00611211857087303,0.004991430620396299,-0.005176180295614212,0.4375247478713698,3.0279865415438043,-0.5756104896582263,-2.2361586434297593
-0.01401711012809345,0.006040484575509809,0.005040473466454919,-0.005081652374571258,0.44072467693280554,3.0077238763047576,-0.5043618813008042,-2.23097256095232
-0.014192493485229388,0.006182578934390514,0.004791793119556977,-0.005233267913960399,0.4110624405445922,2.9402513992324937,-0.6856464729592934,-2.1753399739603307
-0.014126861173762292,0.006138930122692672,0.004886338873725409,-0.005192859127641703,0.42349100759648106,2.9752638926667383,-0.6266698597144948,-2.20164342506169
-0.013980388137357552,0.0059766947040929335,0.005087630249930224,-0.004997860847768618,0.4445442627011362,2.990603969853265,-0.440380765621534,-2.226134115793661
-0.013897185327551522,0.005845252558959146,0.005189043151375483,-0.004824556207127624,0.4521848531544193,2.9535800172237745,-0.30982044633779887,-2.212999846078191
-0.013940452351642874,0.005909262509614478,0.005136825825320406,-0.004908892702466948,0.4482497178711156,2.970520866551339,-0.37400687673626315,-2.2190857401783965
-0.01385356249736951,0.005782521394705373,0.005239798204536288,-0.004741273590702983,0.45595155197193465,2.935150484540469,-0.2476043522639206,-2.2052348503279884
-0.013284954466849595,0.0052781789857752354,0.005855630344296355,-0.00400659788064284,0.5068352623332225,2.8016743197600706,0.34665768002704633,-2.121087176389769
-0.013470380448612353,0.005558504592255595,0.005717495482749,-0.0044215951000132975,0.5127837837310806,2.9941053038111636,0.11668224279264881,-2.240487802934227
-0.013439301757247633,0.005482891303684955,0.005732563893978116,-0.004312445779712369,0.5084251610956455,2.93430044843899,0.1694150517778814,-2.2053878137044163
-0.013397394111542442,0.005413241477052405,0.0057627112626503045,-0.004210609486171783,0.5065437351918858,2.8857779271684865,0.22456057801132798,-2.175818370539384
-0.013349084948168683,0.005346593819584787,0.005800397154338771,-0.004111768372357105,0.5059872013525846,2.8421061179757867,0.28078945897031643,-2.1481417459607655
-0.013677206598550595,0.005714687426177017,0.005474164729561662,-0.00465489710722515,0.4872361906714205,3.009066050643139,-0.1023210147091111,-2.2503375075767464
-0.013624414765367382,0.005648190878633795,0.0055304325879598,-0.004560012115003385,0.4908520011074858,2.982509233608336,-0.03302171445855293,-2.2359119864322348
-0.013559484512686487,0.005580896369631328,0.005600704054081049,-0.004462118213207963,0.49643065659386426,2.959900977242325,0.04304790567013479,-2.222817784426681
-0.013839038292107734,0.005712483059674815,0.005246570024013229,-0.004644945625209561,0.4528239794125794,2.8866218177041674,-0.19922930868413716,-2.1793161820621454
-0.01376294147073305,0.005703857972847047,0.0053505146071615205,-0.004637497426992285,0.4675863499285727,2.935200586657093,-0.15030098292990432,-2.2081856089296004
0.006474429070517408,-0.014143576574804528,0.005688578990524185,-0.004849732800821674,-0.11464777703955076,3.289060558265981,0.1097984132512407,-2.4167236369834884
0.006506212502315527,-0.014180955826748567,0.005719345825217096,-0.004788580057038524,-0.10775453810855033,3.280632969232396,0.15851647346594566,-2.410793843378332
0.009147150524543797,-0.015449677071013822,0.007273068836700412,-0.0011326448616469744,0.1617679299422198,1.7022607856959677,2.4810260893984943,-0.8541516261671626
0.009185791290705703,-0.015497487879573503,0.007212932218831792,-0.0010620740287128295,0.1556635502731728,1.623977504869332,2.4636471805717677,-0.8022714792104306
0.008913915026680732,-0.01534592047164165,0.0073136489204169665,-0.001480906006778418,0.1654625070450482,1.9893444157604987,2.413572240674146,-1.0969310827413687
0.0089634968295708,-0.015378687194749231,0.007290396924568656,-0.0013996478858779692,0.16319460542785116,1.9163274126547158,2.4228565896032896,-1.0400059112882791
0.009082959996174518,-0.01544341637898592,0.007251135067134763,-0.0012158267697146233,0.15904963750098264,1.7576731790616213,2.448356138058155,-0.9110790252840303
0.009022661175889806,-0.015412487798653571,0.007269225652637546,-0.0013070605891310186,0.16107780281322992,1.8356728626422456,2.4354583135723433,-0.9750993708296498
0.008861266007803176,-0.015367223716292048,0.007245598839552457,-0.0015315878173937363,0.15841833442700226,1.9991739026428839,2.360622905303688,-1.12712066983158
0.008642224689127445,-0.015268591319458411,0.0072465409495424005,-0.0018625262098327757,0.1563991740568246,2.2538230799732393,2.259732938620811,-1.3469252964643543
0.008681974080058562,-0.015311315580373287,0.0072095708191395385,-0.0017835064199065137,0.15315026972259752,2.176639576153987,2.2644338542419145,-1.2921821710961148
0.008731505336637692,-0.015343545627211276,0.007194978564862348,-0.0017021009559594661,0.15200201307562852,2.107881241513038,2.281576421620063,-1.237447690213931
0.008791866120115238,-0.01537347151385976,0.007189692412432897,-0.001610339265216818,0.15177968165536257,2.0354222831578492,2.306286576740266,-1.176139872431122
0.008436862771908967,-0.01525089765634059,0.007104218840849211,-0.0021090562906043333,0.1389350861337758,2.3748309199183044,2.097446384045419,-1.4909427350262427
0.008378458008374758,-0.015282181317426277,0.007006817008318446,-0.0021442055316492465,0.1283363838807163,2.355864722804181,2.032205423235446,-1.5023346520480028
0.00848771772598915,-0.015284166375070124,0.007097514342942662,-0.002025099926315443,0.13919499937799007,2.3086644314396785,2.1229922256544618,-1.4373595735356746
0.008585108612003787,-0.015293842550576246,0.007162185368666513,-0.0019084338878422279,0.14712520685554778,2.250324672944988,2.1977368651661533,-1.3692874252012988
0.008534510304499475,-0.015307589511771719,0.007100592964280489,-0.0019542085627127447,0.14024058717273905,2.2570068251354267,2.1486174918098424,-1.3928503953956919
0.006539806568985361,-0.014228272396820289,0.005746318616183227,-0.004711478760865866,-0.10023027179420825,3.261604336668537,0.2157189476265853,-2.3982837880361743
0.006579661737050907,-0.014275620332875796,0.0057809458245535955,-0.0046330456615364885,-0.09210219366758622,3.245982389036629,0.2755503391952205,-2.387009120912548
0.006618712260666067,-0.014323073165430815,0.005812236462331936,-0.004554058959695354,-0.08410711531707458,3.227030034604372,0.33443769710894594,-2.3733137383859195
0.0066548689321068175,-0.014371538974860877,0.005836566930486949,-0.004473812274700963,-0.0767279873360316,3.202241009241425,0.39114220354720164,-2.3559626429390828
0.0066933597739773235,-0.014419139980824747,0.005862931605091052,-0.004394109294392743,-0.06917475139626633,3.1780497298760135,0.44761836654215686,-2.3383500428296813
0.006787882214754037,-0.014468645528941901,0.005967926166470975,-0.004294947991681321,-0.05373887729743245,3.190542373710611,0.5435220219896016,-2.337080579092069
0.0067378320228335285,-0.014454677795400767,0.005904358001552264,-0.004330057245622562,-0.06164666924021021,3.170293568749258,0.49986073996369834,-2.329758703607208
0.006810187350514773,-0.014517865368090374,0.005964588990275557,-0.004216295949690537,-0.04939454045757576,3.1465362175074065,0.5875663835566741,-2.308331205780082
0.006889325106746374,-0.01459897475091409,0.006015931070845088,-0.004072899037051558,-0.03651222719747855,3.0995611340349076,0.6875687406438599,-2.271037560217786
0.006842279714083026,-0.014564468145013639,0.005975796132277007,-0.004138711933805697,-0.04368163536057006,3.11186918448996,0.6357847650631676,-2.283770669408565
0.008077196494051284,-0.015161645268275688,0.006890619915857155,-0.002560882315967888,0.10896250010417766,2.6037533596636355,1.8131901137203212,-1.7358575146339725
0.008117561354615974,-0.015205124636439383,0.006871783079717529,-0.0024785726076944287,0.1087248338074788,2.535884547733784,1.8360685724236068,-1.6856083791112606
0.008179589084202262,-0.015207832364451428,0.006929135671544245,-0.002415708009868897,0.11621165446606431,2.517856724130127,1.890560806867793,-1.6564332947880567
0.008258121988230392,-0.015222855871208977,0.006983222453220582,-0.0023227192350300453,0.1234453152320171,2.476030107506102,1.9543231008555484,-1.6081783158442828
0.008323556856934027,-0.015256389435851418,0.006995416210629144,-0.0022245063616011043,0.12594810799061798,2.409837496007125,1.9971578033373365,-1.5503151788098164
0.008325510912074806,-0.0153178847728053,0.006908690712726706,-0.0021675624705029587,0.11840015138711989,2.328342773015921,1.9717367788061944,-1.5055889998848742
0.007874920729171621,-0.015043865379869183,0.0068292928829144775,-0.002872568951768534,0.09513437165904749,2.7934794619234142,1.6507550698942874,-1.9012308958565816
0.007820516134020437,-0.015049045020792264,0.006760659680661599,-0.0029134090382451306,0.08623461773245068,2.7867306331953148,1.598248105622451,-1.9116681866120717
0.007909404856373098,-0.01510141165792698,0.006792855429455878,-0.0027781508544156568,0.0937638838384819,2.7089165690814956,1.6729837804289105,-1.8433968021418108
0.008007307865089767,-0.015193200502327885,0.0067762633679929905,-0.0025932114286134765,0.09679535499372864,2.571343825681638,1.7411594806527162,-1.7377766624834567
0.007954604220546512,-0.015150075323276592,0.006778011812651232,-0.0026856265360492124,0.09460848838442376,2.6369343529072484,1.7043282762733287,-1.7898306933773507
0.007722485684625065,-0.015017131467809261,0.006686772532741249,-0.0030307376404262246,0.0755216016258871,2.828534588037389,1.5090234269789062,-1.960605220872044
0.0077686442440555396,-0.015074410727392702,0.006669703612594964,-0.0029272924654808723,0.07706806600272441,2.7495397830988133,1.5468532323799178,-1.9030928977406727
0.00745532209475194,-0.014875181734752227,0.006522989232969747,-0.003401996281557732,0.04545702188194183,2.9862389467602592,1.2554159293873883,-2.112940201414571
0.007650716126638556,-0.015052520800017443,0.006560120538003092,-0.003044932324522055,0.06226930589993187,2.772712017572362,1.4411905531166125,-1.9442453598337224
0.007503515789076387,-0.014933560500260824,0.0065191129224444104,-0.0032953043536131954,0.048853161682628425,2.9153268274631348,1.3054781379926839,-2.060757315599403
0.007555756963101764,-0.014962525230691932,0.006551017495325211,-0.0032226269307770996,0.055195924684197886,2.8850522580153775,1.3547434572107075,-2.031860594702342
0.00758973230741045,-0.015015597268731022,0.006531175523610438,-0.0031338271082774092,0.056384912281862584,2.816462258653758,1.3868583358610738,-1.9836603651298026
0.0073754004937531155,-0.014910715533824653,0.006382809972589068,-0.0034084659449213077,0.031299734240692156,2.914144588852142,1.1879231627789137,-2.0850381109212397
0.007063693657715898,-0.01471466531605462,0.006161687318039734,-0.0038385146793644682,-0.009838999258526077,3.0514134579607837,0.8732091095633835,-2.2192306083234867
0.007127347365671365,-0.014765994698533262,0.006201537104144826,-0.0037380434295623093,-0.001248247138721438,3.0151663003278055,0.9426560460957035,-2.187827469126489
0.0071571127820998426,-0.014817533603558834,0.006193195696652739,-0.003654256885208116,0.001759274784619179,2.9615213365578663,0.9822476326952675,-2.1505035058956805
0.007206178586036702,-0.014819297269019979,0.006256193704695186,-0.0036257790130425705,0.00983462623913292,2.9787625745054966,1.0238875432714178,-2.15336300019901
0.007272824155676084,-0.014858618341909366,0.006304731544081942,-0.003537092000078997,0.017930416722475542,2.951723974971713,1.0895914187479685,-2.125915524829765
0.007306880654356223,-0.0149231239245876,0.006283410168232479,-0.003434599542591355,0.02112205692830622,2.87829263144341,1.1308261298496787,-2.07532264560118
0.006966421591083658,-0.014662676406502151,0.006072300187145594,-0.003953201430508521,-0.02464402890935401,3.0656524414641932,0.7755306126853676,-2.2408786661435016
0.006998612940539758,-0.014700810377351459,0.006084607364946669,-0.0038869057623164734,-0.019548937645320168,3.035309893698618,0.8159911599514974,-2.2181399848959984
0.0068935615732958234,-0.01466748766292707,0.005967689019690249,-0.003975713227723894,-0.034233865863475064,3.0183570548500422,0.7220918723886959,-2.220857766195854
0.007002997043629304,-0.014746994382456701,0.0060511643666673,-0.003822236891814201,-0.01892493023515386,2.9799528499978143,0.8366575397374587,-2.1836655837360612
0.010678454091045009,-0.015722094931281325,0.006924061337792918,8.207214783698127E-4,0.12841455645191782,0.1103671737095657,2.5121613528255295,0.5842282778929894
0.010394840919569907,-0.01560043347929114,0.007192574579270409,5.083393120161286E-4,0.1494882569657259,0.4167067932698712,2.665399347512602,0.35727806448008276
0.010461074903617201,-0.015639948551153006,0.007114083269423067,5.825942206391551E-4,0.14287211444847278,0.33801216549250107,2.6213723851517385,0.411000757631077
0.010610292761493348,-0.015716925665699228,0.0069531597365401826,7.423703083151422E-4,0.12944468697741943,0.1749199332988206,2.529025872343496,0.5262119195493521
0.010534095841605001,-0.015679642901270142,0.007032754900850725,6.619585135809791E-4,0.13589785792939005,0.25586040829987816,2.5748487755032063,0.46820719044961473
0.010333059613032049,-0.015643358468133837,0.00713403804402945,4.227926935386727E-4,0.14471469981720664,0.462756583845124,2.6264841237062018,0.2900040840562323
0.010200781980384002,-0.015633119046425337,0.007168150781658057,2.579376439169509E-4,0.1479103732989151,0.5973130692557259,2.6365583752479615,0.16545504464068786
0.010142486323330025,-0.015662273292627007,0.007125322792660987,1.8225289797153393E-4,0.14433669672927985,0.6407251962718364,2.605684091519345,0.10762128502941673
0.010264260332565068,-0.01567553999090988,0.007092148581628586,3.3249847252038363E-4,0.1410810747927508,0.5176430628196127,2.5967455174687153,0.22020574914017735
0.009997295353096531,-0.015617736575959416,0.00720228981807623,-1.5236283356392364E-8,0.1516953101071696,0.8039775005435242,2.6342273886697214,-0.028717107921687034
0.010072221323025338,-0.015658040319378827,0.007135494038758767,9.44121599625073E-5,0.14533385063954538,0.7104170976997797,2.6041694457818436,0.04137562923614035
0.010119155370738809,-0.015707098009796867,0.007054373362431844,1.5071067648882326E-4,0.1390058057083179,0.6426684099309757,2.5620265941834943,0.08241174019614457
0.009823514686876776,-0.015585529863823921,0.007245715589315178,-2.24924180525659E-4,0.15672832984990603,0.9907256066392218,2.633431405643357,-0.1964645051312901
0.009871346196830662,-0.015612165015640181,0.007205902081898626,-1.6111782261629456E-4,0.1526093582253021,0.9279815571218947,2.6181545089215743,-0.14899526119642015
0.009926422583897018,-0.015655498286482227,0.007138250068833022,-8.862588922460247E-5,0.14671397104196304,0.8505179136090689,2.58745630135923,-0.09584510154661342
0.009767410453205084,-0.015596348449622599,0.007221027283567517,-2.956754482348421E-4,0.1545136711493398,1.0363776120655064,2.609430023659916,-0.24908330792348224
0.009651950479678742,-0.015579047807505242,0.007230513153121063,-4.462067005891685E-4,0.15594504404004383,1.155561683114889,2.592772316545869,-0.36007616434611434
0.009705722533269526,-0.015597729878549857,0.0072094278543421595,-3.742778289644568E-4,0.1534981940321557,1.0927918839746027,2.5914414721355357,-0.30707224438447733
0.009590942615540084,-0.015607736640950423,0.0071702723970939195,-5.174104936699148E-4,0.15078490498907005,1.1886586460415371,2.5464522226892083,-0.4116054275951126
0.009448309068091729,-0.01556660861765749,0.007199634498058696,-7.076924098595342E-4,0.15385777372507584,1.3460108011163368,2.5300082368948154,-0.5502446705376007
0.009489805399415213,-0.015588774221129618,0.007175568056628462,-6.491741851167559E-4,0.1510164141797554,1.292349343691822,2.526930822130968,-0.5076353311874738
0.009519610640205352,-0.015632117203736796,0.00711324731663802,-6.003430627540359E-4,0.1457933546335881,1.2322768283179608,2.4998381254618987,-0.4712508812318505
0.009346659527400884,-0.015547303793197235,0.007197248227713832,-8.415711318855736E-4,0.15394366898399406,1.4480113964482901,2.5022883555580955,-0.6460162959185501
0.009401732579116705,-0.015583181328913695,0.007157802272389119,-7.606873659355012E-4,0.1493525240166697,1.3716006111731276,2.4958929147940636,-0.5876678932829538
0.009230089715902442,-0.015542627455433035,0.007159134424854863,-9.876629471284295E-4,0.15056629142192055,1.5460880447867658,2.44971774926057,-0.7484449083368568
0.009281681247710455,-0.015589068076338522,0.007105302805640544,-9.05871029599232E-4,0.14561706506241665,1.4628729866316723,2.4367570514809214,-0.6890169773978642
0.009173659992076451,-0.015556994619870548,0.007111567740615683,-0.001050141997522134,0.14547422449211292,1.5759416541137574,2.4088406277216436,-0.7905605304749659
0.01947777338256608,-0.01283715333715241,7.229828331688554E-4,0.0027721250098995047,0.06998423472720833,-0.4908924336056608,-0.6406943692057938,0.5667689652397919
0.02029508114209927,-0.012516774036571792,4.779179809575585E-4,0.0023975421301920476,0.07311636160538736,-0.3636828337949643,-0.5985544321466704,0.4202708519137624
0.021103861318033088,-0.012107957942506947,2.882505472189313E-4,0.002035829981468935,0.07464706606256787,-0.25672383576937974,-0.5613785468818898,0.30024196620069876
0.02297485584403897,-0.011360734553950286,5.949727896135716E-5,0.0011313591676440648,0.07801789842268463,-0.1007885700889315,-0.5007697256333379,0.13000182847766953
0.02200883880812829,-0.011798640464205895,1.5416310856088285E-4,0.001601084817218667,0.0786341142110263,-0.1754860385836454,-0.5190130421932971,0.2097086050076076
0.023936658554756823,-0.01205306144890091,2.433097108104725E-5,5.885803985318364E-4,0.13497164083468707,-0.08029696215262071,-0.47909759102600996,0.1069785294048634
0.025,-0.012795049137372533,0,0,0.22198011636294754,-0.002915440388991263,-0.48746958021253545,0.028767648397072385
0.017528372380288416,-0.013846055925847332,0.0016930608722574541,0.003469136415220928,0.06730664599718716,-0.9456211798652668,-0.5880346149765457,1.098987135448947
0.017954205709579674,-0.013693663803896732,0.001448334005675037,0.003312776056846652,0.06762312678488715,-0.8370225390289064,-0.6110102222013003,0.9680580693434434
0.018420148430063062,-0.01356287970868911,0.001216725906089466,0.0031142942437015664,0.06780664387305818,-0.7306977685833829,-0.6133097069447189,0.8402304411216669
0.01898409220316691,-0.0133153588207665,9.59250899758667E-4,0.0028984240075559,0.0692700136299871,-0.6105897615993708,-0.6171333519782377,0.6994249312981379
0.017154052754736835,-0.014038970166145363,0.001939845442921119,0.0035583910993700735,0.06806502473774288,-1.047778163021669,-0.5356249449071521,1.2226900639522347
0.01674408419739736,-0.014236262177513274,0.0022294319005373322,0.0036393402636056243,0.06766526096055875,-1.1593615948121314,-0.45981336198630324,1.3570393891794947
0.015769839879622192,-0.014675551681817275,0.0029929305755893817,0.0037239233041617705,0.06818738732052339,-1.405373750685422,-0.18085186336545858,1.6682989213136967
0.016114281570877333,-0.014522171065297521,0.0027121672566046,0.0037158495186591966,0.06893013864622022,-1.32419932079422,-0.2976058859044959,1.5642029900845422
0.016448772923970803,-0.014513085602608966,0.0024601442138194826,0.0035814096357462467,0.06547384139926013,-1.2271661593658447,-0.3486112707866342,1.4351499472301992
0.014887646038573166,-0.014664156520754687,0.0038167719816167302,0.004003208006038038,0.08551227330584328,-1.671460820883479,0.09743292336110711,2.054955854696401
0.014723045246818982,-0.014773200589234481,0.0039678860705176745,0.003925396446747489,0.08475299776588953,-1.6819846312201219,0.20410293268511373,2.073615306452168
0.015429808576842749,-0.014719130823113727,0.003287323475105895,0.0037996723447582827,0.0730495071333282,-1.496694898706006,-0.07822512354922107,1.7958606842214289
0.015125141524034555,-0.014723320507509111,0.0035717435521096827,0.003884038024467381,0.077481429880411,-1.585940469884008,0.02377080972999152,1.9230810184447582
0.01416684803959602,-0.015106695926097886,0.0044545831942370785,0.0036216597740659153,0.07952689689836116,-1.66086593403292,0.5708017144211062,2.080160272644044
0.014373385151860346,-0.015060556678733895,0.004254646732446048,0.0036662438356718477,0.07741968935457473,-1.6491633711470406,0.4491270418336181,2.044586327902413
0.014608947914457883,-0.01497072738714482,0.0040390593414133145,0.0037386378904706854,0.07577333420987718,-1.6389311207792703,0.310888553904246,2.013884173029876
0.014132777657293896,-0.015340554524719517,0.004390897493821817,0.0033795213405309436,0.0680492930147832,-1.5652177224485395,0.6208273020594626,1.9452576519458866
0.013943426620161618,-0.0154080751011688,0.0045486572155753816,0.0032963500884295037,0.06814627051447354,-1.5489629891590864,0.7324390664264732,1.9416091861235587
0.012837151539710562,-0.015335547911650245,0.005757072824913057,0.0030474424736470457,0.09707422306859119,-1.4688952807902318,1.4984058338752495,2.0515162844055017
0.012692651266379602,-0.015408545980438415,0.005841235284088724,0.0028942536064506187,0.09540065987711054,-1.3852081084103223,1.5886960156104193,1.9671931179780657
0.0129908369724628,-0.015450088141444508,0.005497403636889467,0.0029995234294093193,0.08475440649343861,-1.4508170751884364,1.3556796978250325,1.9714407527155269
0.013746091355401707,-0.015446117494030775,0.0047266319085816555,0.0032300702560851325,0.06951701459000399,-1.5361689191715,0.8505854343917939,1.9475959455598348
0.013539794302122703,-0.015462470252654837,0.004925541873186639,0.0031709629871433625,0.0721290169978502,-1.5223114913551612,0.9785493178701065,1.9581815833782237
0.013152973298839332,-0.01551842486850536,0.005278101421665426,0.002995846982871576,0.07687180882721074,-1.4506635032621142,1.229351391002302,1.9273535267868034
0.013334894103882961,-0.015531068453037708,0.005086296834295127,0.0030455331507765193,0.0728802235117537,-1.4719330786841918,1.1066475367747717,1.9211503201518758
0.012643555819727537,-0.015555653253205813,0.005750165980899303,0.002719870388400871,0.0849956567467215,-1.2973104356453808,1.57834418611564,1.836512056689459
0.012517706715427946,-0.01557087789987018,0.005855719257582362,0.0026313297314581076,0.08879022518364191,-1.2420164573135792,1.6620144597708222,1.7944263651981476
0.012404286313669322,-0.015650166815436933,0.0058798446887932615,0.0024864481699996143,0.08467718506609427,-1.1598931704262505,1.7084395522616749,1.7011720737791884
0.012253090662119687,-0.015666874582780592,0.005996130362126847,0.0023698120603639506,0.08816209186706443,-1.081775049795418,1.802107722080861,1.6379500153019622
0.012117437256471492,-0.015645756612155618,0.006136574180527068,0.0022892039665880766,0.09389812797290964,-1.0184096569857386,1.9013135756365263,1.5995820389054758
0.011989156019597363,-0.015720919196139105,0.006155616229848959,0.0021277517680826485,0.09037454383538283,-0.9188922623514308,1.9419320211149966,1.488731465183694
0.011867271602299783,-0.015746522713120104,0.006219785782910923,0.0020099428349477136,0.09299570810684457,-0.8380743067836539,1.999847140298113,1.412643892397594
0.011756162869483987,-0.015821652385265384,0.006209682306917082,0.0018621636968036907,0.08879802590979734,-0.7477141913867156,2.0164603179595004,1.3061353421776598
0.010724792173982041,-0.015760084219098497,0.006850706537711278,8.614745931768012E-4,0.12265599765210941,0.06178353646494812,2.4686702790873043,0.6118091776138697
0.011112812758021392,-0.015682810739152803,0.0067973253126773344,0.0013276964132542801,0.12134663538281738,-0.28047963716095414,2.419897694315679,0.9608397039167521
0.011196637348311826,-0.01570772181533359,0.006716160708158182,0.0014036367843352651,0.11376658276213794,-0.35085426225405125,2.366066276378776,1.0120671924535252
0.011031997915284501,-0.015725752523761606,0.006775348179789339,0.0012180506810305367,0.11758121051338417,-0.20929739808035697,2.4131846197455484,0.8763687961040526
0.010819108174738287,-0.01574658633606722,0.006836833167525978,9.730288758583459E-4,0.12175887745561186,-0.021405242253950206,2.4587482259787143,0.6951009899753321
0.010935656200495287,-0.015743101117294326,0.006794068134042667,0.0011045052685348005,0.11915498965754734,-0.12517321504190568,2.429458953374248,0.7920057724588699
0.011282603601271687,-0.015784262001758222,0.006560774659230278,0.001449078128080898,0.10522480333381358,-0.41465694263709796,2.270324754846581,1.0338221766232467
0.011586183856848642,-0.01582339630524542,0.006323156943916394,0.0017129987774278097,0.09350429446809584,-0.6337651552342701,2.102893535126194,1.2091853807855022
0.011436846539175679,-0.015806418671302818,0.006439863316513692,0.0015862456089383028,0.09897568526016477,-0.5302875003897967,2.1860100557003963,1.1259889325602952
0.011344966444785151,-0.015900620556430524,0.0063691939967282065,0.0014442894089087936,0.09327549627161533,-0.4491976357985171,2.1592589930197343,1.0172911123217596
0.0044480320097113005,-0.011505000786103396,0.0018816814176006787,-0.007156494994738157,-0.18699270540475754,1.2497190371147486,-1.8477935553514284,-0.7705153906686201
0.004443942832829977,-0.011423039484878652,0.0017926480954959586,-0.007209607653171998,-0.1769884816651395,1.1866741341626454,-1.883799239189333,-0.7058690667344852
0.004513044755871947,-0.011622545958681344,0.002050072596131085,-0.007126583565101545,-0.2036378404830557,1.3649561341414873,-1.8306386478623897,-0.8691235596306986
0.004460043116202047,-0.011573815235278917,0.0019609179774942374,-0.007117290657759312,-0.1951206312415639,1.3048756515223883,-1.821517362223375,-0.8244131406400752
0.0045072259478329026,-0.011696704559228142,0.0021192319628959115,-0.0070639416707191085,-0.2108355617230621,1.4137396812990257,-1.786398155509022,-0.9228538175704405
0.004588087876918049,-0.01180479413463946,0.002290091902392302,-0.0070438379996820835,-0.22607385858826726,1.5283904517014786,-1.7753590194767923,-1.0156349616660367
0.004527906289442088,-0.011765989016909282,0.0022029209195336577,-0.007025615395498784,-0.21747912026418828,1.4709394908736917,-1.760306646534755,-0.9762714533863047
0.004755318645126102,-0.012048128477033666,0.002666860454001815,-0.0069620472748335585,-0.2565783871575127,1.7797933680769573,-1.7198466306061497,-1.2218797001936712
0.004702514185307889,-0.011990770355244344,0.002565208118025098,-0.006973392015552463,-0.248584065565751,1.7123521597149252,-1.727489794505493,-1.1699288003662465
0.0046704228830861325,-0.011909508332326887,0.002461062102480324,-0.007021463969775237,-0.24122365568980894,1.6432234837846187,-1.7612829559505905,-1.1074131941458136
0.004585862712087938,-0.011883585362493407,0.0023620817142713086,-0.006974274690142252,-0.23204734099442634,1.5780623582499258,-1.726032876342744,-1.0698679580845332
0.004804793183392841,-0.012165174582890998,0.0028169798354407416,-0.006885727927578973,-0.2658878948973023,1.8787629654954954,-1.6644615966067189,-1.3104088141729513
0.004737976534247794,-0.012124637984647137,0.002716054652337954,-0.006873300007202953,-0.2579152739517807,1.812767168350952,-1.6554252617904537,-1.2655469435744366
0.004802154533916416,-0.012240424876576445,0.002875821770096798,-0.006806489102913528,-0.26740671632395147,1.9166773914345876,-1.6067255234994366,-1.3544398590990208
0.004869681654363365,-0.012274674369659809,0.002973952750245028,-0.006822641917245705,-0.2743368154028209,1.981111547904754,-1.6175385780473028,-1.3967268962602388
0.004891564803164873,-0.012352579197102274,0.003057816701600751,-0.00675543314521753,-0.27700010430312055,2.0341770791652287,-1.5677493707497088,-1.4477866058164526
0.004900971276011526,-0.0124283469773986,0.0031238021880550253,-0.0066791142964206735,-0.27754128336875933,2.0746011825746393,-1.5114500053506896,-1.4910320589916477
0.005249747820265685,-0.01295105313036847,0.003851935731753435,-0.006275929102883124,-0.2824392427060019,2.5116262740800637,-1.1905271798416857,-1.8529725535828832
0.00506330385410172,-0.012616425986199255,0.0034377890062243024,-0.006577096964730634,-0.28832989164982986,2.2728928209542727,-1.4290415138352113,-1.6458759384696884
0.0050736599084807675,-0.012672216607571394,0.0034846206769530456,-0.006516862496118667,-0.2868456114893911,2.2984849928717193,-1.383848489874248,-1.673679838286482
0.005201400747350553,-0.012897917430661968,0.0037650977692088093,-0.006316226054596841,-0.2832046431067404,2.4605438793094474,-1.2250588894942005,-1.8136458342442852
0.005072720080234296,-0.01272341777615292,0.003513326104183342,-0.006454122064108958,-0.284186740162019,2.3123800858506676,-1.3371873029092558,-1.6935717217147868
0.005140917845950664,-0.012848941681419363,0.0036646142018121708,-0.0063419766678147185,-0.28201701207932905,2.398767189919376,-1.2493840226356434,-1.7689301523240915
0.005097000271869326,-0.012787601053086848,0.0035783280732505913,-0.006391096196754172,-0.2826446342029658,2.348627695354978,-1.288891724511924,-1.7279737218909366
0.004978670380822447,-0.012522504092279877,0.0032770419033860787,-0.0066283750237928485,-0.28332371043959076,2.171541580532302,-1.4712281683005994,-1.5676182880967715
0.00492163382750496,-0.01248789728967534,0.0031885645368233293,-0.006627448417507826,-0.27883765240538577,2.114227584030689,-1.4729635855424055,-1.5282591014788125
0.004982847321469282,-0.012598113942068983,0.003331118760357196,-0.006543661655885891,-0.28166166797377884,2.2017351773096276,-1.408421339490366,-1.6035248142244598
0.0064191442606725746,-0.014129648859062746,0.0056093749174684114,-0.004875436691775628,-0.12263236089332283,3.2488457405580067,0.06931500882350485,-2.3956021043964273
0.0063279506283437335,-0.014086212398547475,0.005487450453902945,-0.004945868707561317,-0.13687507800305362,3.2008418580738014,-0.011467922717748115,-2.3700887353619584
0.0063503097489649996,-0.014138037211236404,0.0055004586774994165,-0.004866233301148568,-0.13021307725341733,3.1748612458704444,0.04284000508146673,-2.355185097344526
0.006275034399703278,-0.014077344078447504,0.005410207970264653,-0.004959821946491277,-0.14317431760527136,3.157072461499093,-0.04182923247920322,-2.3458315110792154
0.00616675598917703,-0.013978713240905192,0.005278053542879986,-0.005105720290393159,-0.16272996895846156,3.130879045730048,-0.17056318225544037,-2.32981671009215
0.0062190620815551455,-0.014066212999837192,0.005329722510292506,-0.004976051071431008,-0.14950851444531435,3.112447143098439,-0.07395952897723897,-2.320780102975791
0.006174094563527362,-0.014036157945391883,0.005272063985590962,-0.005019668115211872,-0.15644368490509672,3.0935457952945495,-0.11671783280462893,-2.3096924047841494
0.00608343565596692,-0.01397054343602599,0.00515518793560437,-0.005111419307749071,-0.16991449852123217,3.0546149690949727,-0.2045216003338759,-2.286109006218791
0.0054016759312556124,-0.013124466031732451,0.004122859664099052,-0.006127359602711755,-0.27522413044527333,2.6656706199863947,-1.062532062742532,-1.9724287825956133
0.005345272469111356,-0.013094796230431346,0.004036048398662438,-0.006138253031385171,-0.2754321599952061,2.6110293727070033,-1.0781677271000472,-1.9360361852165602
0.0052279052167117064,-0.013017187502215788,0.0038516196525554517,-0.006177777670146377,-0.27585593781662604,2.498496627874809,-1.1210140658997636,-1.8579311035288821
0.0052868501329590275,-0.013058523739315559,0.003944869199370693,-0.006155619702961027,-0.2757573568413451,2.554938088841418,-1.0981579096890413,-1.8975822680027534
0.005471650055015193,-0.013201698646341282,0.004243663082007665,-0.006055610025950535,-0.26984663298242634,2.7319315889613285,-0.9992094610059584,-2.0234084555298133
0.005399767898899606,-0.013188020815534463,0.004140493620287262,-0.006039572733677157,-0.26908524622758123,2.6618526168247745,-0.9989626394947616,-1.9807292521493485
0.005487247828020366,-0.01327893194695491,0.004285808101723427,-0.005955108895147819,-0.2627058191373109,2.7396089361586187,-0.9240234835487994,-2.039611018026365
0.0054854196873567115,-0.013349822032909756,0.004298946786442197,-0.005855773297062783,-0.2551688007076934,2.727969228404625,-0.8539395572393521,-2.0425297165228358
0.00555250228948018,-0.013366235409202282,0.004395964741601511,-0.005860528825811052,-0.25398432202530813,2.7911492630877217,-0.8444435109154912,-2.081744682950737
0.005583354631987644,-0.013426598413794752,0.004449595616624179,-0.005787327800569314,-0.24836077075041743,2.8089235544960567,-0.7868758530239569,-2.0997052741857574
0.005624233799936479,-0.013472191159441744,0.0045138017488123225,-0.0057375609124428895,-0.242511003732678,2.838106296059853,-0.7437929365347571,-2.1222960689072834
0.00563845364001109,-0.013540530067624254,0.004540569390578939,-0.005645025431844746,-0.23559618671441138,2.832315668472479,-0.6767547733920393,-2.1262341357846224
0.005641551933678303,-0.013619448596110813,0.0045494041040781965,-0.005534375367572269,-0.22692078703923993,2.8094199275294613,-0.6021687358303138,-2.120168363270547
0.005717183035389852,-0.013638592762564926,0.004657289449723071,-0.005528924503291292,-0.22323582092286534,2.8753398248137576,-0.5799146403457057,-2.161036129293258
0.006002417297491137,-0.013942118158954611,0.005042132203292963,-0.005144965955820822,-0.17859679865509454,2.9956039701700696,-0.2527514277309774,-2.2510712128576045
0.005892055867893093,-0.013755862875869938,0.004907628879118953,-0.005401344299136571,-0.20415576319094522,2.996688621493377,-0.44863261438920266,-2.2416932674602497
0.005833035702888369,-0.01370580663961734,0.0048241514710046585,-0.005461763365224435,-0.2125300555419732,2.9622700820436205,-0.5048486044969063,-2.217741901395073
0.005746168118782102,-0.013708180901091353,0.004698158184629389,-0.00543692718044553,-0.21525527684652565,2.8747359234084082,-0.5122062697317822,-2.1663826247778144
0.005867294304410554,-0.013830236187816855,0.004863562851878508,-0.005287580740963859,-0.197238932413728,2.9327433583364257,-0.3830253681004323,-2.208783540592167
0.005923961296471773,-0.013927141455981144,0.004931084379908919,-0.005156793393911243,-0.18453979152652175,2.9312926367655727,-0.28553420928726775,-2.2127361029639716
0.0058718087750020955,-0.013890790815037152,0.004862042297507525,-0.005201273484146673,-0.19158623588548743,2.9039824753789323,-0.32831296329076975,-2.194845614408127
-0.0039356115711379,-0.009559091297006448,4.8549210220708803E-4,-0.007177793387820992,0.08823609485627561,-0.4262322748956038,1.7260482887229147,0.8029741045849846
-0.0038789067887209936,-0.00948733717414443,5.507050205562644E-4,-0.007113934987646789,0.09009040692996732,-0.47289650045334464,1.6731256402276042,0.8359416912633615
-0.003865010076262313,-0.009395455771943648,6.435904018391977E-4,-0.00707989179877119,0.0980135543803231,-0.5360386630150141,1.6414578876581432,0.8970856767094048
-0.003832439549697949,-0.009268966929431906,7.638628685544002E-4,-0.007016679995469594,0.10591657892604399,-0.6178999417436079,1.5864655720968481,0.9724522822174453
-0.003632505744822505,-0.00888005578163759,0.0010531525984368948,-0.0067182895448938355,0.11071938811533334,-0.8137907564575463,1.3526543418108656,1.1271638280044873
-0.0036628549252800445,-0.00902878915681491,9.341267898255899E-4,-0.006800874390772889,0.10426993995040092,-0.7373560250918231,1.4174741387475212,1.0549712940907838
-0.0037435586668747352,-0.009153762077114783,8.476986921968653E-4,-0.006907791072453209,0.10486083757000082,-0.676472162248576,1.5005057112070406,1.0112598966157007
-0.004011971305305778,-0.00982353217034824,2.005767034321403E-4,-0.007283106282439747,0.06274509329720795,-0.22762842411341191,1.825814081319933,0.6204200147818769
-0.003947309676912238,-0.009748337936251522,2.789435186736626E-4,-0.007217738782907961,0.0656208171087699,-0.284371878831478,1.7704177241469654,0.6604685787288213
-0.0038753788564800753,-0.009661724950747578,3.6397707231252264E-4,-0.007143545426943132,0.06811520328517157,-0.34623573507763733,1.7078123625881771,0.704391408506455
-0.004099850229303352,-0.010020486652011808,-2.601677560358363E-5,-0.007371567075686514,0.04258859402660014,-0.06630970408112562,1.9087852680173494,0.48041675383812654
-0.004037272167957705,-0.0099669632365797,3.6533125419235535E-5,-0.007313363994077515,0.04431630308110845,-0.11234241642956798,1.860163655324232,0.5090361689483839
-0.003987839361368174,-0.009899532228080389,1.1238366913757956E-4,-0.007266291904333974,0.04894325593340008,-0.16721916545821933,1.8190446774278826,0.5512923218706792
-0.004191717282512006,-0.010291417072205671,-3.5974149263576764E-4,-0.007439004626011054,0.005564789831390963,0.1707868912351733,1.9821032936341971,0.2645827289249271
-0.00414389609980855,-0.010213947523638215,-2.6006528618226373E-4,-0.007402755726019742,0.015011990370127485,0.0992287105243681,1.94813880203699,0.32327116364108127
-0.00412608890030127,-0.010141368517748751,-1.7136629180603975E-4,-0.007391881192807509,0.025483916724243612,0.03664345973391086,1.9340073701177487,0.3824875963557197
-0.004065345255207623,-0.010097076331560866,-1.1557965571385561E-4,-0.007337568082865459,0.02674272016295515,-0.004683305831507567,1.8889482035067449,0.4064246664127849
-0.004229031825491033,-0.010677707068573891,-8.349899222601723E-4,-0.007385237161392766,-0.05961943735709251,0.5090515980438833,1.9702653335610576,-0.07304668837476895
-0.004209020839836597,-0.010586376581695495,-7.201895509905663E-4,-0.007393858880271123,-0.045240668733771375,0.4270198375609705,1.9701635318246227,0.005277048092488636
-0.004138164132453896,-0.010380914579245623,-4.591071018887044E-4,-0.007374127175995866,-0.013859127586165,0.24046009833041632,1.9393793140361206,0.17570009312767934
-0.004159353312368094,-0.010494641887023664,-5.984258840468988E-4,-0.00737064536741826,-0.03148956452713533,0.3399157925154636,1.9454007554634896,0.07968372947077175
-0.0033571475325587883,-0.008068290647186966,0.0015032485211164987,-0.006117669591660817,0.11113578043204485,-1.0911922768570503,0.9479274003422528,1.3635038326577975
-0.003221522943248871,-0.007955160247698705,0.0014858458348205638,-0.0059796715462229815,0.10245065386806473,-1.0907729506619332,0.8680064847800985,1.3441294570141662
-0.003501674265242166,-0.008358878540330192,0.0013975250956644954,-0.006370611793329533,0.11893509078055416,-1.025134263185065,1.105762385483773,1.3191370531026523
-0.0033661197493295783,-0.008239638664393423,0.0014009091034795664,-0.006223713906096773,0.10952941841927669,-1.035205823058026,1.0124111348984517,1.3067133086742395
-0.003507714096761604,-0.008551119020104825,0.0012600030682675485,-0.006478162726397898,0.11333773333320173,-0.9469355812179137,1.1787995310312442,1.2390530450539403
-0.0035580785491060164,-0.008724264120573833,0.0011497384852620976,-0.006596360869319606,0.11042223256294792,-0.8775655926281404,1.2627875728458993,1.1774059488048694
-0.0034435069117047293,-0.00885058276433502,9.978100516337398E-4,-0.006575334495086912,0.08956937558384913,-0.7899891404781721,1.2517069737232351,1.0655020703338771
0.0027584434830712724,-0.006800429854670629,-0.0016460628668772015,-0.00504186123885093,0.07863481737732446,-1.2091002352317555,-0.44161104783593247,1.4259086505701932
0.0032449607367126413,-0.007774946654633654,-0.001597704000183917,-0.005877151115137587,0.10537123054014287,-1.1454573664294154,-0.8126767163558678,1.4047784894876274
0.003002645862388391,-0.007155693520501419,-0.0017039364460062177,-0.005362864974969594,0.09142179564104672,-1.2121947701657445,-0.568640713363182,1.4475214176025926
0.003139189359591013,-0.007513059763104398,-0.0016540531578126735,-0.005658309485422925,0.10014914063259364,-1.179184761756206,-0.7012944752942529,1.4272258469609176
0.0031692369175347094,-0.007945912474850325,-0.0014593192590929849,-0.005948844724218851,0.09725602343163879,-1.0804863056502512,-0.849280633213421,1.3263527930662353
0.0032252255666420852,-0.008136031845115054,-0.0013843168549930172,-0.006088658018143401,0.09807706131932369,-1.0356218790046814,-0.9295228753916399,1.2867447442856441
0.0035642619471136106,-0.00874211993255552,-0.0011381348718029185,-0.006608873644126043,0.11093463596142061,-0.8695905780505756,-1.2723092684575954,1.1711223878238683
0.003526364853997763,-0.008579962119431715,-0.0012476992129265751,-0.006504862432063263,0.11374409862799295,-0.9379629702674367,-1.1978807669723457,1.2341377090589647
0.0033042592979319846,-0.008334483576665554,-0.0013048519788034308,-0.006241770056008262,0.0993377478273658,-0.9849634905049413,-1.0235592000960783,1.2451947457510693
0.00338000844027309,-0.008502947126620987,-0.001230083487300989,-0.006374223603773914,0.1013009203083474,-0.9357193968149158,-1.1100359022598476,1.2063096000574431
0.0036058807529922763,-0.009132488919042718,-8.202896908902742E-4,-0.00679608662888267,0.0884391213677014,-0.666894712780718,-1.4183559964643278,0.970383817920683
0.003491967957697377,-0.009022203814594164,-8.759810217386494E-4,-0.006675364915610874,0.08482216347230208,-0.7092008104137302,-1.3274514607145285,0.9905501955088007
0.003461506936637669,-0.008859821020835667,-9.980967649273966E-4,-0.006591221493381387,0.09073967822734691,-0.7884741596693067,-1.2631316355293916,1.0679529494908249
-0.0030065841529838392,-0.007605201940145365,0.0015256129945585438,-0.005665791506968736,0.08925567635057077,-1.1290823189767438,0.700417253830811,1.3598643275755065
-0.0030112086609950257,-0.007906486638167303,0.001385495701741103,-0.005852721592818563,0.08547621952094696,-1.0543307026227058,0.791991530324795,1.280283368537816
-0.002686629027122136,-0.007431007502984808,0.0013947219652990872,-0.005439399518914408,0.07225096130107685,-1.0969626705052589,0.5822781567416788,1.2981100937370968
-0.002412220677169432,-0.0072376857231518255,0.0012898920954549674,-0.005236603044906169,0.06160400717853864,-1.0826222942990642,0.4833477386044582,1.2664241754108927
-0.002183086141772441,-0.00706840268344486,0.0011967506146625601,-0.005074208835445225,0.05455260896553651,-1.075338902247015,0.4085738857536024,1.2475937827236074
-0.002076093296933878,-0.006761301213868974,0.0012010131476170567,-0.004859534557056074,0.05504936412015778,-1.1045293528345272,0.3391552640301057,1.2779500324817707
-0.0019837295207600436,-0.006417384760226634,0.0012069465140428697,-0.004621017776156425,0.055308170524446656,-1.1341902358310219,0.2743550671822265,1.3108912575799958
-0.0017060776055146812,-0.006198714900537728,0.0010580088413880398,-0.004438172326764551,0.05173960568425812,-1.1263516755770115,0.21476967328677524,1.2971626802791436
-0.0014801856989900576,-0.005852670489528909,9.483095497274759E-4,-0.004185489250880018,0.050127956856019895,-1.1379358337145469,0.15656445672866445,1.3085051071371707
0.0016379300671729873,-0.005422436623577805,-0.0010930758141431797,-0.003907296217203219,0.0533218501165059,-1.1783401967723621,-0.1326658083290293,1.3594270529042918
0.002375422161543614,-0.006815223536909349,-0.0013824328529978855,-0.004957894513674562,0.06408716488888189,-1.1411246441173015,-0.39196169594484226,1.3312749142817104
0.002016462193668555,-0.0058759951747046815,-0.0013089044053917023,-0.004259798399820279,0.05819722450996222,-1.1837037963621049,-0.20679164714455192,1.3709559560813465
0.0021764379629437055,-0.006418570693911119,-0.0013349371758509584,-0.004654173174648855,0.06024330539970749,-1.157957271249311,-0.2970480039102397,1.344311014246977
-0.001123087099969151,-0.0059369727501599355,7.075466597900653E-4,-0.004210531958306459,0.04521808791394414,-1.1078073827925103,0.12713900334390593,1.2681572841932336
0.0011001324785144433,-0.005520660994428523,-7.210416201042526E-4,-0.003936014048621656,0.048356380940345965,-1.1393604531337251,-0.09871693951209298,1.3079297813262645
3.3538756034194714E-4,-0.005387569493694758,-2.205701427321855E-4,-0.003819232643682213,0.046168793141779366,-1.123572705346318,-0.029099514622202644,1.2876625953450478
6.922588426107343E-4,-0.005612381421237701,-4.4769290495195026E-4,-0.003976202570337114,0.04454388654804347,-1.1167582700852885,-0.06711291929637496,1.277236343696907
-2.1468391965132164E-4,-0.005440576348689144,1.4046182704714259E-4,-0.0038522230012425188,0.0443822918101191,-1.119948353381912,0.019168471819877835,1.2806472698042668
-7.576432357100321E-4,-0.005765380509563327,4.8307421945647974E-4,-0.004078145986182883,0.04383233300728693,-1.1056494371995187,0.07951321932224222,1.2634192488859208
0.0037838627584094267,-0.009311629626970621,-7.064963408638974E-4,-0.006990079031949251,0.095708592190607,-0.5820689813484873,-1.5698571011130473,0.9238322393848987
0.003899417807310074,-0.009686842142763805,-3.403752183029017E-4,-0.007168011262208473,0.0679855192081772,-0.32890273823871313,-1.7280483146998409,0.6931173098879708
0.0038080469790386985,-0.009448939076072955,-5.742470765087003E-4,-0.007045838172196151,0.08464505451778707,-0.49262409128726775,-1.619737460365019,0.8377040844473441
0.0038484168818140397,-0.009573875882263588,-4.5293103224193276E-4,-0.0071059004863521374,0.07538302809183849,-0.4085912776442275,-1.6730663218077815,0.7613428274676397
0.003843156150556122,-0.009776370159891992,-2.3737403949901188E-4,-0.007130281082907164,0.049286245516691994,-0.2597509029206993,-1.7057836586688702,0.6070231282670746
0.0038688719785297887,-0.009877880638892913,-1.3010160363733728E-4,-0.007160280604510602,0.03969530138272256,-0.1839585512431686,-1.7361604563631807,0.5356040854204364
0.004092740814821724,-0.010197053180541767,2.3504528525598105E-4,-0.007356325315458228,0.013185916105473195,0.0803838557016452,-1.9112553039439353,0.32676366290959385
0.004001591099794588,-0.010111496190003604,1.293508912300462E-4,-0.007278613635046747,0.01876066197852677,0.003069908312032441,-1.8450060968925042,0.3797224991531419
0.003910188108543173,-0.00999976209458261,1.8623092777279025E-6,-0.007199780279708633,0.02682298098220429,-0.08970928371752121,-1.775630458462342,0.4496130077443135
0.0042648804140742675,-0.010943444969597661,0.001159060268147199,-0.007316281667435502,-0.10361007711540673,0.7403807273272146,-1.9361657590392691,-0.3012763574479012
0.004289412889276538,-0.010842456886787304,0.0010520868986570295,-0.007382154953409862,-0.08670065500171385,0.6632535743968413,-1.97965749964192,-0.21323874558477923
0.004165931314880495,-0.010472404425215515,5.734517421129683E-4,-0.007381797604449549,-0.027417032143233915,0.32236355806003253,-1.952352353621117,0.09990831898956233
0.0040289151389837135,-0.010309840207509236,3.5886419377637724E-4,-0.007284654072506765,-0.009859995790091862,0.167281135998991,-1.864907564069825,0.21828689329672699
0.004096147429469691,-0.010396569291315133,4.6992383073379574E-4,-0.007332191067448884,-0.019039055661526222,0.24751637254646577,-1.9083978327794358,0.15553135227344886
0.004188545670569653,-0.010770642100851885,9.298036313067063E-4,-0.007315760515394196,-0.0763888229022867,0.5771486549623769,-1.9238966407180147,-0.15652020121887614
0.004149287400608926,-0.010666699185474525,7.968133588027989E-4,-0.007314559493673648,-0.06063999475914161,0.4821591443427556,-1.915119627214206,-0.07049025547547148
0.004141830254130592,-0.0105653762782342,6.770836797919937E-4,-0.007336710891081711,-0.04453816488855536,0.39649133505399187,-1.924548464469585,0.015765936758472265
0.004405410102801406,-0.011292451572341594,0.0016264223608509819,-0.00725935071106544,-0.1580425082787971,1.0700491186886316,-1.9145633604255645,-0.5972332067252987
0.004356526537329592,-0.011227950726509636,0.0015261041343767147,-0.007253744875002506,-0.147672390155739,1.0007376908584933,-1.9066380354294974,-0.541247918548286
0.0043706532377795395,-0.011377000995522132,0.0016955344029727394,-0.007174991231031008,-0.1674506805375063,1.1213714840447901,-1.855230211217173,-0.6623518605739015
0.004292473863784538,-0.011098079127350351,0.0013470731176490837,-0.007266985240584028,-0.12719324956926872,0.8748553394288997,-1.90857088998642,-0.4317021077925127
0.0042199838704530404,-0.011035977710110396,0.0012421845001028622,-0.0072326062097711795,-0.1169020064183501,0.8018825116038723,-1.8783147324587148,-0.3790311752092009
0.004282092966974383,-0.011188154887405068,0.0014404948026939593,-0.007209500821607096,-0.13974226980734106,0.9425532472146586,-1.8701740063736259,-0.50528635662884
0.003627422790242626,-0.009265219263156255,-7.057099676087905E-4,-0.006854122551860467,0.08038719184667405,-0.5902784249285126,-1.4669478083882568,0.895350758234091
-0.004246260743540198,-0.01074761852326584,-9.235902447028594E-4,-0.007377689979297961,-0.07188412199878937,0.5720790928182343,1.9695814730257937,-0.13280452159045145
-0.004291972979040708,-0.010800519590017574,-0.0010033786609191088,-0.007401145459569068,-0.07945302187829087,0.6288459133414182,1.991179754701842,-0.17646168277573218
-0.004172783200556314,-0.010739845943875293,-8.887782902571115E-4,-0.007312123983669624,-0.07159464087249455,0.5487052787663655,1.9185207905809634,-0.131539734803124
-0.004308898605440918,-0.010880010868574787,-0.0011044333290336974,-0.0073849946696537,-0.09323127912798826,0.7003460433381453,1.9844079900949383,-0.2451223251156378
-0.00445737494289235,-0.011109534442201108,-0.0014480623877495945,-0.0074144619197239825,-0.13277555300220334,0.940942120059996,2.0215392768662332,-0.44420107071365184
-0.004418662377084127,-0.0110614445923426,-0.0013706059737947395,-0.00740327826694562,-0.12379611249268345,0.8871887259484561,2.010211536166949,-0.4018864542193046
-0.004391902098856523,-0.010996971087688509,-0.001280789622410331,-0.007410347449977807,-0.11281028498683342,0.824173513295975,2.0115662782564843,-0.3455746015135705
-0.004312837572143261,-0.010979750786767729,-0.0012227948859092946,-0.007344118388453904,-0.10937801382553715,0.7849642355760066,1.9598866804429662,-0.3315883604399375
-0.004477914790666539,-0.011217931424510734,-0.0015864959310037004,-0.0073717552962554575,-0.15056722771073391,1.0384433334905692,1.9955780311574107,-0.538710727121752
-0.004430489845701449,-0.011178590222416539,-0.0015133872171948124,-0.007350276236385184,-0.1428811931542203,0.9884384959962252,1.9769915032023861,-0.5033105849562314
-0.004466553797993429,-0.011282425330331655,-0.0016530938649490753,-0.0073216968712093294,-0.15991035976339152,1.086170431367144,1.9611927122947328,-0.5927542992668512
-0.0044830589224359296,-0.011337584558319933,-0.0017254716543032532,-0.00730178557319275,-0.16804091940112448,1.1368465027320134,1.9491033729956304,-0.6399088271585321
-0.0045328275855270285,-0.011432175973124655,-0.0018636782258685798,-0.00728376041852899,-0.18352082842818754,1.2326831928945359,1.940496872034018,-0.7223188488248868
-0.00446691466046036,-0.011393542274278983,-0.0017764094132487207,-0.007250086523000976,-0.1748436076987282,1.1740576243626852,1.9130366652746673,-0.6844904094690581
-0.0051963661507646135,-0.012451345394338922,-0.003485921769435133,-0.006876596295391945,-0.30714126606918524,2.323234838389602,1.6508903249413105,-1.620822603488213
-0.005156543365393069,-0.012417633182070857,-0.0034116605098469936,-0.006886047923548125,-0.30383383086350996,2.273352295258851,1.6593876528019031,-1.585148570292606
-0.005118303731172849,-0.012380183124630276,-0.003336828287959823,-0.006900266639612994,-0.30046291025546296,2.22352502509105,1.6712335772749023,-1.5481956325890414
-0.005079266049259805,-0.012330661571031252,-0.0032516587670762395,-0.006926752997477665,-0.29701384068124675,2.1673524340817227,1.6922657687536249,-1.5039157110054542
-0.005000650290290559,-0.012211731587290301,-0.0030636355680077007,-0.006996192095275179,-0.2876363888718416,2.043002965936543,1.7455815258743004,-1.4018715454083754
-0.0050319151775908375,-0.012297677269397138,-0.0031706600723707275,-0.0069260741438869336,-0.2917734865443274,2.113053940163305,1.6926713114671526,-1.4665719746214412
-0.004998070537499607,-0.012262406193860268,-0.003103643043510401,-0.006938092709481762,-0.28813456749796795,2.0686817045716874,1.7020303424445562,-1.4330036245398254
-0.004533268065405327,-0.011504543829754936,-0.0019423743054522052,-0.0072326035314091335,-0.19224429644425303,1.288248100568012,1.905200519557112,-0.7806982320708385
-0.004546499241877748,-0.011585552259514414,-0.0020376013179758943,-0.007184189913429519,-0.20219965543399002,1.3547326563428521,1.872360352579774,-0.8460907755452711
-0.004543317983584316,-0.011672519223192184,-0.0021238848942353294,-0.007113966163920705,-0.2112653320475624,1.4151875181537308,1.8231872997557563,-0.9114266681596899
-0.004690842467515904,-0.011761352628818285,-0.00233508421434455,-0.007169783040665336,-0.23173081968083584,1.5553372622502828,1.868318077092735,-1.004281629702252
-0.004640824098720301,-0.011736383424938934,-0.0022674444064022703,-0.007146874109622979,-0.22459881274367985,1.5106884797699833,1.850238449189981,-0.9762386091112966
-0.004694873262469915,-0.011817694389857724,-0.0023948777504803477,-0.007124284606860121,-0.23655625313092515,1.5965179017574829,1.8358550695015345,-1.0469366194081617
-0.004574597428239848,-0.011748208502586073,-0.002224129335505592,-0.007079720050324797,-0.22017913914405676,1.4833967980863905,1.8003656842608333,-0.9725750604201379
-0.004729969167183488,-0.011866285681861264,-0.002473826668336032,-0.007111423673617538,-0.24378135340664062,1.6495410997198043,1.827709960667452,-1.089940948820642
-0.004958828496518278,-0.012175351431109892,-0.002986693261936773,-0.007000752666684742,-0.28244549433744043,1.9917067649886793,1.749215125943912,-1.3647973960943274
-0.004922590366283027,-0.012132215951000806,-0.0029102779892091865,-0.0070161643164588635,-0.27741052693625384,1.9408741573214086,1.760580729924355,-1.325185858706963
-0.004884580612794355,-0.01208704010146265,-0.0028304603668078197,-0.0070309330519367,-0.2716924194284525,1.887800260506884,1.7713186009579827,-1.283775593755106
-0.004845607209683161,-0.012040559483090721,-0.00274880275231385,-0.007044858935167555,-0.26563394460900436,1.8335332826125816,1.7812086750872602,-1.2413792225592033
-0.00476209167511712,-0.011922900513834071,-0.002557976883493514,-0.007087067197783501,-0.2510732215034364,1.706138306703778,1.8108007174058514,-1.1381012423831318
-0.004804147225263838,-0.011986785493884251,-0.00265834039278955,-0.007062360425521775,-0.258434987036492,1.773300629129617,1.7936295886071607,-1.1934257571228846
-0.005187482564403833,-0.012508232359635389,-0.0035166631419284665,-0.006799330022689642,-0.3040452237334603,2.3398287156654085,1.5915104381419438,-1.6481651417039591
-0.005182979323549156,-0.012567738703086959,-0.0035524118697551833,-0.006722002033234943,-0.3012509087158028,2.358829137143653,1.5322417304015825,-1.6764202667951122
-0.014956549907973092,-0.00934226676397499,0.0010962550518761496,0.008260767598711593,0.30049307031756783,0.894485971808018,3.3801559134518677,0.3390973825777288
-0.014971434632471891,-0.009348187524983695,0.0010794995145125953,0.008233801279150047,0.2902321762220201,0.8745999368125853,3.3624677384223,0.3450762603659187
-0.014958591675504214,-0.009357840677385803,0.00107030851820234,0.008264169282329543,0.3009351235296266,0.8729797589737861,3.3813229663828657,0.3601240297979997
-0.014954459204666776,-0.009326699183653659,0.0011221731710941226,0.008257286709738652,0.29912627262672453,0.9158633874836651,3.378886988236255,0.3180810501805084
-0.014969298931485799,-0.009332595847356335,0.0011053569920883067,0.00823048961690367,0.2903211686702334,0.8959286190895449,3.361312370873962,0.32407752847717425
-0.014952319584569098,-0.009311138089096707,0.001148091182319558,0.008253722902942741,0.29843296859860935,0.937182640265349,3.3775082848845934,0.2970509774240342
-0.014967152608741036,-0.009317007661318585,0.001131190599603858,0.008227023116028702,0.2904436811279188,0.9172226310553703,3.3599773504374046,0.30309015596479655
-0.014950131067195256,-0.00929558363336138,0.0011740067993374842,0.008250076536077759,0.2983017455124802,0.9584751503564517,3.3760156022707064,0.27601747916229347
-0.014964974977762701,-0.009301422091989585,0.0011570092203113701,0.008223440542090656,0.2903713079479164,0.9384972989075139,3.3584881473210637,0.282115960477001
-0.014935974281465732,-0.00920240493186779,0.001329341166209928,0.00822647590946691,0.29888621030722373,1.0865155269286007,3.364046222032338,0.1497142786848679
-0.014951020196289978,-0.00920792254736373,0.001311797167993048,0.008199904319465599,0.2892669435065875,1.065860034348729,3.346873481400124,0.15644884087205335
-0.014938455742167744,-0.009217916319918092,0.001303478697225733,0.008230613215540146,0.2984396938353734,1.0650715623742688,3.366340166303566,0.17067185629467127
-0.014947893672597865,-0.009280035969880423,0.0011998973155085912,0.008246350789820923,0.2972749023922712,0.9797013044409951,3.3743881632550963,0.25498266174352835
-0.014962751234301602,-0.009285842961289715,0.0011828165139337607,0.008219771468504859,0.2903499206790578,0.9597725300687526,3.3568754555581592,0.2611585231558065
-0.014945607421372955,-0.00926449525245532,0.0012257703952165081,0.008242544521450146,0.29558562939476346,1.0008833573233913,3.3725980854124624,0.23391742855865413
-0.01496050432100856,-0.009270264173008271,0.0012086102361691155,0.008215969108358414,0.2905577645140159,0.9810211439307616,3.355121425314408,0.240212953684708
-0.014943272334665861,-0.009248961635249483,0.001251661181957406,0.008238652469511616,0.2952659860882888,1.0221496574250954,3.370641153136353,0.2128101278133684
-0.014958247065516123,-0.009254675927614557,0.0012343945800996879,0.008212004281022076,0.29064285254952504,1.0022086831927535,3.3532044263740963,0.21927246229588124
-0.014940888434177029,-0.009233435272781452,0.0012775751189195697,0.008234673679387931,0.2967545312133637,1.043572035405044,3.368543789984109,0.19170788153470933
-0.014955937904750352,-0.009239077462108282,0.0012601903758420983,0.008207953646280117,0.29026851336793386,1.0233759115939474,3.351161712727997,0.19832803269696853
-0.01495352824189254,-0.00922348494791115,0.0012860021649912488,0.008203917026490799,0.2896631245123225,1.044591540572671,3.3490498799065023,0.17737978322174366
-0.014973538475445676,-0.009363802760726929,0.0010536013510896135,0.008237007485035731,0.29051663666186406,0.85326268257546,3.3634773045712123,0.366100481180053
-0.014960584488801502,-0.009373420771600327,0.0010443199203517104,0.008267493423763152,0.29994032352044936,0.8513578061348722,3.382404507825786,0.38120805474184766
-0.014889548162919116,-0.00882639181959749,0.001931158186932891,0.008045834985862478,0.29158246708006375,1.575358244066541,3.2321976150383365,-0.35687834283748393
-0.01488569016512241,-0.008811053054448133,0.0019565215020854276,0.008039986046289317,0.2917900253984245,1.5961247760988895,3.2269999370645457,-0.37705009176320986
-0.014881900126709188,-0.008795711492148165,0.001981788790479488,0.008033830107229224,0.2920010307031616,1.616789281237523,3.22151383800543,-0.3972272036451438
-0.014878096238838836,-0.008780343265947899,0.0020070611735408077,0.008027498145631412,0.2922734122461402,1.6374376213910657,3.2158340278911948,-0.41742382721971244
-0.01490587053308118,-0.008830757029124421,0.0019112100917937898,0.00801926175997838,0.28811178031179585,1.5560368069761878,3.2139903276974593,-0.3522240720435646
-0.014913105287819969,-0.008862219772409068,0.0018599281614579044,0.008031716742807808,0.2876654577750905,1.5141880569508643,3.2247012134282813,-0.3111190097528187
-0.014910201752546788,-0.008846422914537732,0.0018850983768668968,0.008024204973842076,0.28774387135309,1.534603239877926,3.218479158738195,-0.3318244097284135
-0.014932354720518112,-0.009099244177176212,0.0014918157896351353,0.008169085451618733,0.2898574104680391,1.2143756412540905,3.327833955699195,0.010487236066958679
-0.014920062725815756,-0.009109504197630085,0.0014841147760374328,0.00819996701169229,0.29658567949296594,1.2140458456508194,3.347839141745593,0.024112838352145505
-0.014935146762443329,-0.009114747949178355,0.0014661466388445588,0.008173771553073804,0.28945310688468634,1.1931880823699181,3.3309457578609716,0.0312917307051005
-0.014922836286880738,-0.009124966919156605,0.0014583611851144488,0.008204586326777707,0.29719630693781496,1.1928951301636106,3.350830411894153,0.04498919438676822
-0.014933444075470769,-0.00918690126417368,0.0013551612740935028,0.008222262059858829,0.29794443133637727,1.10784128499232,3.361650343797146,0.12879233536793697
-0.014948455795999694,-0.00919239801065318,0.0013375420512874287,0.008195841703798057,0.2892785737271995,1.087128366037397,3.344589560698187,0.135558674758393
-0.014930865148160086,-0.009171405472706824,0.0013809635001572217,0.008217967788790139,0.29682017399183,1.1290961756434534,3.3591315658876675,0.10785407061846293
-0.014945872713008908,-0.009176893319092943,0.0013632402448904369,0.008191649232731227,0.28951662093462494,1.108347493287795,3.342152017774412,0.1147091177333074
-0.014928237524093786,-0.009155917713659414,0.0014067665592572742,0.008213590024149264,0.2964085331031799,1.1503550777889782,3.3564808461376345,0.08688644463818594
-0.014943270093717253,-0.009161380908493982,0.001388930588110607,0.00818731254545675,0.2896629846395471,1.1295262258014238,3.3395511921782597,0.09387538685594614
-0.014925561228420123,-0.009140438143537983,0.0014325694425503372,0.008209128912494172,0.29659500379964937,1.1716347227422337,3.3537076907753662,0.06591764967503522
-0.01494062360018128,-0.009145843926591521,0.0014146518784619712,0.00818286622904528,0.28964157412604624,1.1507140836822376,3.336805733946868,0.07302667767118694
-0.014937916424034104,-0.009130288784213557,0.0014404055338553578,0.008178344912713143,0.2894964431577392,1.171940218720622,3.3339306206089674,0.05215324234248612
-0.014939499594552437,-0.00905770239491226,0.0015505015645238974,0.008127871097277048,0.2891151529584693,1.2630070529546398,3.2981337676474713,-0.05084804028163764
-0.014942371011098738,-0.009073289010565769,0.0015249108298382348,0.008132893646207931,0.288920840688508,1.2419728369309124,3.3016869856503512,-0.030117735162422613
-0.014944974873116093,-0.009088843756100121,0.00149951032375447,0.008138226752667385,0.2888953736104547,1.2210909456951866,3.305395901494465,-0.009337519403590929
-0.014919640553017696,-0.008893003164448497,0.0018100182560062412,0.008044202778613868,0.28734537903269186,1.4734705220162085,3.235141884522968,-0.2707728699911977
-0.014916547556301488,-0.008877690276602868,0.0018347428173359616,0.008037785783816297,0.28748092381971163,1.4936054997660693,3.2298384080270766,-0.29085113532953905
-0.014922842856600197,-0.008908318847331516,0.001785157506264429,0.008050247396145939,0.28722419729894616,1.4531589362885853,3.240124816024506,-0.2506587961275464
-0.014924755211065559,-0.008923600270126716,0.0017612926120171622,0.008058511042125684,0.2873068845544619,1.433876401141091,3.246581877909694,-0.23041664164196127
-0.014928585519533003,-0.008939167815512161,0.0017354826415054705,0.008063223791372844,0.28704197012291904,1.412656476891453,3.250508332273079,-0.210025371841932
-0.01493258411285813,-0.008954425275468995,0.00170997223622998,0.008067201292215833,0.28672498932908025,1.3916459111321002,3.2538335368520923,-0.19010494969334893
-0.014936128948625255,-0.008969924112010265,0.0016844209113767554,0.008072032617822458,0.2865444559231635,1.3706565345104156,3.2576998658835046,-0.16978288591681487
-0.01495250074892167,-0.009046931568713267,0.0015578955663010043,0.008095713287119404,0.28589361059597795,1.266734151752515,3.275692874518582,-0.06862704642479737
-0.014939732113131153,-0.008985350944453322,0.0016589040864100782,0.008076520739191155,0.28634103143165873,1.3496696074360575,3.2612579735815994,-0.14957352557307727
-0.014943383967315262,-0.009000839690054344,0.0016332329283114623,0.008080780828257063,0.28613759154571006,1.3285440137797957,3.2645934948738993,-0.12930113081811398
-0.014946605091917252,-0.009016387643364555,0.001607751755740211,0.008085717869493502,0.28602541989217806,1.3076304116683388,3.2683356741777883,-0.10886674547386747
-0.014949429882051751,-0.009031726193157962,0.0015828268026566955,0.0080910823006585,0.28599091288237416,1.2872088928759238,3.2723047376945122,-0.08862680409432959
-0.014963888007338907,-0.00919780608804442,0.0013201703591433427,0.008169267691692572,0.28938573296741327,1.0735854722519702,3.3250104801639395,0.13574803545566108
-0.014849321808196128,-0.008616142952732388,0.002262235618783411,0.00792756265238273,0.29345347191565324,1.841426417296388,3.128497260543595,-0.6306554959476082
-0.014845162671901746,-0.008600857683053778,0.0022869854968179536,0.007919940799063207,0.293901954643685,1.861371183217173,3.1211319845516776,-0.6503134938765348
-0.014840859615414459,-0.00858558211378067,0.0023118097658005906,0.007912407929477975,0.2944033676991287,1.8813684020247188,3.113760956075055,-0.6699311631827304
-0.01486563142631323,-0.00861985093331826,0.0022413536666196746,0.007902142268275484,0.29077457648744653,1.8213788249872847,3.1112849850030817,-0.6248887188595861
-0.014894741621170255,-0.008726623376246292,0.002067975189904956,0.007949516783576131,0.2877918539830502,1.6811340882100054,3.1565384545497337,-0.48800549027335477
-0.014890037351356763,-0.00871202607665509,0.00209247050188343,0.00794485581992251,0.2882998942206018,1.7011623195141776,3.1518075200438846,-0.5067830608959918
-0.014886339061626739,-0.008697344286038633,0.0021161332965190876,0.00793813557595244,0.28862685196507426,1.7203172288570496,3.14556709979381,-0.5256726167088668
-0.014883361462001081,-0.008682309337897754,0.0021395655687495465,0.007929634461374785,0.28885143768705007,1.7390749157885381,3.137997029523653,-0.5449440090305327
-0.014871000294436375,-0.008634802913799786,0.0022159807661110797,0.007906990099196902,0.2901086738640492,1.8006743827302538,3.1165811280131526,-0.6057201724461713
-0.014879599998131607,-0.008666678049709503,0.0021644786998918013,0.007921819199669151,0.28921069503194374,1.7591425663819027,3.130756671142383,-0.5649816202600645
-0.014876323567998666,-0.00865062882064451,0.0021894393829296273,0.007912566568060652,0.2894736518098591,1.7790703375863384,3.1224186477655524,-0.5854553884604505
-0.014886626976937609,-0.008753640233754944,0.0020374128327376334,0.007988365361839762,0.28968335797498573,1.6590025559244654,3.186252133302581,-0.4527140255622291
-0.014890519837180692,-0.008769187465192181,0.002012048230034669,0.007994930355955283,0.2893551789993048,1.6383564540817968,3.192220854221788,-0.43249047078547426
-0.014899334263518664,-0.008741956534906786,0.0020425288208510543,0.007954864263310149,0.2873256717811015,1.6603773027436384,3.161753198611848,-0.46828217897398966
-0.014440471181347054,-0.007503045505830158,0.003986538095541724,0.007089657086875908,0.3727881004781644,3.1060244391114593,2.2180540280283876,-1.9070439621182513
-0.014440561781785464,-0.00747254474522375,0.00400782507148821,0.007041676720918299,0.3729361506863245,3.1088043429879706,2.175238317173298,-1.9239844406897544
-0.014447254537705324,-0.007487898827476905,0.003986632212395041,0.007057881407927358,0.371360295851699,3.0965251683746433,2.1930918407955025,-1.9104060101886087
-0.01445445461023089,-0.0075153951768706555,0.003955803313637524,0.007092264429708307,0.36955248451485373,3.081755365319614,2.2274422312062048,-1.8893150584386829
-0.01446926316614278,-0.007528448056108368,0.00392332030260329,0.007094727569164854,0.3661678265442552,3.056080616895093,2.2370749226437536,-1.8705735408154365
-0.014531067659014046,-0.00764210581704854,0.0037417918282821538,0.007190831794991587,0.35191490243879125,2.9351645883569883,2.3534919234424247,-1.7537861932253753
-0.014538027120678206,-0.007656421287086521,0.003719777820813866,0.007203249198740058,0.3503196748498051,2.920511648669357,2.3679427835351645,-1.73917779726091
-0.014494341367955655,-0.007573019313112379,0.0038515061122965577,0.007132620034390471,0.3603471296688439,3.008599332690089,2.283442507830709,-1.8250167173485525
-0.014489762412819823,-0.007558740042246011,0.0038693058691685977,0.007116421993819101,0.36141330588342496,3.0184740038295677,2.2666538739287687,-1.8372145112883531
-0.014481104296120805,-0.007543135514127805,0.003894240136991438,0.007103045546941644,0.36346031637764886,3.034885186205529,2.2504059505893736,-1.853049014505426
-0.014519784379674067,-0.007611697338012452,0.0037829714273281165,0.007159524863417714,0.35463212802181326,2.960276122565414,2.3199211285149683,-1.7820281029631209
-0.014536175412216882,-0.007623060813660845,0.0037494089381583696,0.007155868409090763,0.35103232430764164,2.9320133687610235,2.324545842167746,-1.7630700557772343
-0.014506549831127613,-0.0075819522712529674,0.0038260936343047116,0.007131102500321797,0.3576826732954696,2.987496197337359,2.288071395263976,-1.8105835991310963
-0.014518888410616104,-0.007593237152946252,0.0037987275643093497,0.00713282986580593,0.3548253986979088,2.9657904440877108,2.2956315367886586,-1.7946095381897116
-0.01455881385874496,-0.00773019769669066,0.003626947220152271,0.007284941256243327,0.34544727236151024,2.8653829351662954,2.451316686639887,-1.671837325533837
-0.0145448074621421,-0.007685093634153078,0.003686004438640977,0.007237024250900537,0.34870180278759705,2.9016690287859337,2.4015309739906248,-1.7143446012883625
-0.014566407060980923,-0.007716486490033356,0.0036276466783550627,0.0072547483095243255,0.3440188671300139,2.8583743280333977,2.4275885426718142,-1.6771156149656785
-0.014562297291975968,-0.007699381363111782,0.003648209127070934,0.007235129545868945,0.3449345035244243,2.870269464192148,2.408017560946569,-1.6923703482368198
-0.014552371665869564,-0.007664900377937901,0.0036915551021751342,0.0071973032503702405,0.3473599211613841,2.8959288887120795,2.3693985626179077,-1.72352754717442
-0.01485298050279924,-0.008573847419365703,0.0023153871643114663,0.007879288034711851,0.29219231959122366,1.88084181126637,3.0890743432363457,-0.6834527705236034
-0.014863402921291449,-0.008563318219939622,0.0023189252200230413,0.007850494789270045,0.29027947311442764,1.880655053310671,3.0676591293479203,-0.6953192499816565
-0.014726425633112822,-0.008196693796712994,0.0029265017673264534,0.007670574864556134,0.3111799450847684,2.3634894443783225,2.8681331240963797,-1.1533708577124526
-0.014720615583650606,-0.008181732656975941,0.0029508567719778995,0.007661336890477532,0.3122164308896224,2.3823184273081455,2.857796818143878,-1.1715731679350851
-0.014714288152495666,-0.008167141130926496,0.0029753731594063357,0.007653209354608004,0.31334762145154743,2.401440319046458,2.8482242155790622,-1.1895211065690725
-0.014707671429189753,-0.00815314565096624,0.0029995295503705277,0.007646115779515142,0.314552671385902,2.420419692080863,2.839431178695817,-1.2069118709368425
-0.014697141268507512,-0.008124041494897346,0.0030454955553772655,0.007625753479907423,0.3164696490057692,2.4552983469484837,2.8172581185693937,-1.2416121119945152
-0.014701657025543984,-0.008138792808040479,0.0030232785814454425,0.0076374485714261675,0.315638289436826,2.4387861483195326,2.8294202377129962,-1.224408422107753
-0.014673480026583067,-0.008064398373508426,0.0031414606173048028,0.007585255509485391,0.320944601237851,2.5281224197208445,2.771754166980966,-1.3127403034413632
-0.014679244779955984,-0.008079390288737503,0.0031176891221161994,0.007595977592807551,0.3198243739272418,2.5102499661276205,2.78364737614138,-1.2950531921510706
-0.014685655009987449,-0.00809398383308351,0.00309343893225135,0.007605009584417759,0.3186334497903221,2.4916299952688465,2.7942534018486396,-1.2773999768710922
-0.014691363208185872,-0.008108984386451142,0.003069581965208366,0.0076154855436797566,0.31753805884508474,2.4736082013892333,2.8058403754594803,-1.259603699903799
-0.01478478268543046,-0.008301735284498544,0.0027333150968411285,0.007701525383007723,0.30120067943310014,2.207143759147947,2.9159461699122886,-1.018816172220151
-0.014779430289566792,-0.00828595101177965,0.0027583691783080607,0.0076919344243599605,0.3020590945370521,2.226601066483773,2.905726762795926,-1.037974896197899
-0.014773595022646404,-0.008270395775040424,0.0027836478421567443,0.007683213636678655,0.30302140463447746,2.2463463613643886,2.896071513893833,-1.056966384067624
-0.014766960284346627,-0.008255436292211557,0.002809113190250666,0.007676308976101473,0.3041436772935739,2.2665014530017626,2.887700865588531,-1.0755137181324275
-0.014759379193257961,-0.008241909416813936,0.0028339969839868526,0.007672463278927572,0.30538924322135624,2.2866305146953803,2.881658217915726,-1.0927901469280583
-0.014750559675750155,-0.008229363609836293,0.002859230099779034,0.007671628622936064,0.30698075716560264,2.3075189219714267,2.8777791959461445,-1.1094344442943074
-0.014748216882865853,-0.008214139667115324,0.0028797064922397864,0.00765696376345894,0.30726966585418897,2.3222853729669155,2.8639863213079946,-1.1267086069333396
-0.014744256135435098,-0.008198591292733566,0.0029024158151764365,0.007644360159206185,0.30800375175520184,2.339172122358686,2.851408254028714,-1.1447770789570726
-0.01479014962885607,-0.008317779647234286,0.0027078591671055637,0.007711204951836804,0.3003576190451516,2.187336762911159,2.926213000248012,-0.9992975300310342
-0.0148031270039351,-0.008303329493475195,0.0027102620244424083,0.007673300696662285,0.2980794894720105,2.1839578617737025,2.897474421786231,-1.0116735962329495
-0.014794310488014741,-0.008351906144252661,0.0026616645896946124,0.0077432399864039965,0.29984055576772245,2.1532971482985475,2.955497132012561,-0.9594537110032351
-0.01479568852711501,-0.008335475452684963,0.0026801265487202985,0.007722287605568493,0.2994641431916834,2.1658177118065285,2.9377170268335417,-0.977812693617514
-0.014801309905730345,-0.008406579150284421,0.002586049235211014,0.007792647639193903,0.2990473957754091,2.096776157241053,3.000554241779996,-0.8943199015553379
-0.014801488590044072,-0.008364289555057075,0.0026383755211159157,0.007745224327235554,0.29867199517016924,2.1341544087500495,2.95953314245201,-0.9434284199103483
-0.01480744175471127,-0.008379017368566024,0.0026135681493725093,0.0077517281314667145,0.2977503577551261,2.11436234124382,2.967065340667317,-0.9250198341724231
-0.014813056343155469,-0.008393743432002122,0.002589101353413203,0.0077586234754356284,0.2969294985800532,2.0948743477923197,2.9748053618595667,-0.9066489632976501
-0.014809955535026788,-0.008437797306942791,0.0025371574502165736,0.007812128655478979,0.2978535273471461,2.058402716699995,3.0199704812786794,-0.8555619423131512
-0.014806641609324609,-0.00842216497860882,0.002560565364808049,0.0078007332994103765,0.298247817704736,2.0765220309704144,3.0091678986231085,-0.8747847098211358
-0.014831275125305196,-0.008454783931978786,0.002492627153302554,0.007793983873955536,0.2943531408153184,2.018949220900375,3.0107827112650623,-0.8312122921109449
-0.014824620832217552,-0.00844237821158792,0.002515494196089436,0.00779204648089839,0.2953785623509762,2.0377712252015243,3.0071451598775596,-0.8471826372771292
-0.014838870135790312,-0.008469853694995321,0.002465378491121129,0.007796984950441147,0.2932453591868818,1.996613251183205,3.0155755721862527,-0.8119236083718037
-0.014850708995067744,-0.008515513190182195,0.0023942942476006487,0.007824166192064183,0.2917569514557123,1.9405505433027683,3.042042417760747,-0.7552111710125217
-0.014844335913871312,-0.008503207591169407,0.002416811157010708,0.00782248073828212,0.2927005832158663,1.9591258250615469,3.0388359659778277,-0.7710235597466775
-0.014845996622517472,-0.0084870728704152,0.002435864781880359,0.0078028345397237,0.29219295410312407,1.9727273643261503,3.022618867202124,-0.790162435717167
-0.01485786965047848,-0.00853019248601149,0.002367897910391863,0.00782676550613432,0.2907489906085077,1.9188540567588286,3.046211735734216,-0.7364349131829179
-0.014864861161097238,-0.008547166257103675,0.0023386755155254874,0.007831777416109055,0.28976592979763754,1.8950762606479274,3.052328467287228,-0.7149127828711349
-0.014642738631259115,-0.007946541340014672,0.003305383641802199,0.007473614436425445,0.3272433472661183,2.6426975185067563,2.658723748571678,-1.440946273961231
-0.014604172967258213,-0.00786396658258796,0.0034398224664951007,0.00741475856229369,0.33518038718589477,2.741486457006719,2.589066139364417,-1.5356919867133434
-0.014620849266207499,-0.007875593171335574,0.0034052864893340065,0.007407314931864423,0.33192772319417957,2.7113437140721786,2.589607182930832,-1.5161069209285936
-0.014652369363797683,-0.007929696061262445,0.003309044977489499,0.007436554030354974,0.3255365006319366,2.6381542193837504,2.6293929326796266,-1.4511218802495611
-0.014640403944705845,-0.007912362172905644,0.003342508631052183,0.0074301817525918865,0.32793327906429076,2.6644270607373044,2.6185994918347757,-1.4730358568387718
-0.014632269283617038,-0.007891659519195876,0.0033739152102289856,0.007413325986025516,0.3295873909665637,2.686747759322069,2.5999410426636334,-1.4957249672638258
-0.014562485367562609,-0.0077766206370706165,0.003580584548455814,0.007347795312214035,0.34419510361761535,2.8424513652838037,2.509810904003054,-1.6334043130201334
-0.014580136437016226,-0.007787462666211793,0.003545225807100295,0.007339258159020837,0.3406890842577522,2.8113096516542093,2.510094034411709,-1.613723412694145
-0.014592268977692972,-0.007801619792076595,0.003514936954147402,0.007342863660713755,0.3380916503506684,2.787253491370753,2.5187869155216913,-1.5948892273252595
-0.014602788221112323,-0.007815680333497306,0.0034870516397563834,0.007348334002395423,0.3359515861814342,2.7655609543976762,2.528428455553824,-1.577069922309972
-0.014611404408751975,-0.007846049184432134,0.0034466008240918024,0.0073792531483873455,0.3339949352573206,2.739238093078107,2.5601517509879357,-1.546756577548318
-0.014616183291974701,-0.007828390517956628,0.0034563562595312093,0.007347673452030434,0.3331756844579705,2.7401668998374897,2.5337729667561004,-1.5586442466143369
-0.014568252076714116,-0.007757572772044135,0.003589184099952475,0.007312195420716453,0.3433090477294287,2.841026235841781,2.4802439478856617,-1.6447880417581846
-0.014569143021856286,-0.007741534912239648,0.00360198747982095,0.007287645823284656,0.3431550163990793,2.845559896624932,2.4585208988884064,-1.656550328498593
-0.01468506023950074,-0.008050478552319816,0.0031411973936882366,0.0075492609833952215,0.3188538612251528,2.521244525262789,2.7440551129090998,-1.321223713447294
-0.014652642502889265,-0.007963971650244806,0.003274323461068893,0.007482720290078715,0.32521075521260495,2.618815709677374,2.6710649880966195,-1.419721123884017
-0.014696489563802324,-0.008035615745045724,0.0031419872550812263,0.007512478280696942,0.31679870932544035,2.5150158494304873,2.7156844708434673,-1.3303241734676627
-0.014688333653637605,-0.008020718877566365,0.003168281907591801,0.007505252053630936,0.3183046618024204,2.5354340794834935,2.705935283130945,-1.3485128740399173
-0.014679104486315273,-0.008006223588525442,0.0031955450357458166,0.007499964484912623,0.3201304266869352,2.556976403754735,2.6974732253171534,-1.3667747438069922
-0.014670190691270608,-0.00797666790433226,0.003237788361392917,0.007473857903517059,0.3219524964570441,2.5868534649335975,2.670390372413864,-1.3989741711906063
-0.014684726013103507,-0.007989861171384453,0.0032049472025204788,0.0074698910934094835,0.3191259840562108,2.5589379346927696,2.6727895267612385,-1.3794080048053246
-0.014316061984186884,-0.0072635977742006395,0.004337326987635055,0.006841128549389339,0.4032473992306919,3.307656211464803,1.9319697674396281,-2.1187525932463966
-0.014314555194589193,-0.007244365029955908,0.0043500674282830575,0.0068109429216812335,0.4034466163533351,3.3070066585126696,1.9048419725803931,-2.1266977149508826
-0.014321966706450745,-0.007222944960385504,0.004349044054846812,0.006768363317213013,0.4019461067209274,3.290630342504276,1.8719254257772566,-2.127466767949034
-0.014335126334243288,-0.007272835851598022,0.004300978666565228,0.006836854668138717,0.3986160315870388,3.2770521897638294,1.9386766719665067,-2.09944716197823
-0.014376266309162937,-0.00731705733121074,0.004209186347424911,0.006865851453124496,0.38878830812682436,3.213883637448475,1.986204718558616,-2.048567091516136
-0.01436556723588185,-0.007301521484845225,0.004235405897208821,0.006852027506347383,0.3913119587679861,3.2300530772447895,1.9683849025072444,-2.0634667621103406
-0.014352015163326228,-0.0072863234925138395,0.004265962156148714,0.006841478257697015,0.39452287509463796,3.2507504948653376,1.9518719803210967,-2.080439249122865
-0.014384581505065892,-0.00733254973641994,0.004186705502171728,0.006881928857715156,0.3866422311981719,3.2013932146531157,2.004713507514255,-2.0354574321462944
-0.014387881148784044,-0.0073498725722772745,0.004171032755114479,0.006906178834486999,0.38596242902590105,3.1969559172859325,2.027790106512572,-2.025399441218361
-0.014401767644911072,-0.007382457946772968,0.004128707912568822,0.006943148592336544,0.3824095554169666,3.175191699394834,2.0676996770221012,-1.9996570508839355
-0.014397732867158992,-0.007362327077260066,0.004147654642774946,0.006915434656423921,0.3833509637174475,3.1813321344478527,2.041127669616212,-2.0120302540939066
-0.01442867044632535,-0.007434690109559588,0.004052232492949837,0.006995838941803161,0.37586099980022564,3.1304608236019096,2.1283818993154515,-1.9530612990351865
-0.014444873116769265,-0.007450599430438572,0.004016082852534901,0.007002274535337998,0.3720731181282115,3.1033319713758227,2.1424060626186896,-1.932304945351308
-0.014457172226371773,-0.007463286623326253,0.003988236738915387,0.007007874749129459,0.3693601768884545,3.082636719861848,2.1536448890685684,-1.9161860123944436
-0.014420297462053464,-0.00739282859580644,0.004092710738559432,0.006939112709354134,0.3782604784312658,3.144983506108721,2.073789395450341,-1.9801269565308406
-0.014437786591644242,-0.007409843820095101,0.004054204082319621,0.006946422465176079,0.37400975409522513,3.1165156433762298,2.0892792703017267,-1.9583117449966612
-0.014300988019293746,-0.00714805958988422,0.004420056789006685,0.006665538301913641,0.4069938092613931,3.308345993784648,1.7721845651521606,-2.1663843193426495
-0.014317851212193573,-0.007167794336142745,0.004383133889528844,0.006682061673220032,0.4029488955444913,3.285720225694569,1.7956422531187453,-2.1470601618067975
-0.014335042795389745,-0.007190906214055273,0.004343869234481692,0.006703321868812717,0.39892593042108987,3.262906647055479,1.8233037282683793,-2.1262403020617016
-0.01430394528816484,-0.007116846863560391,0.004429369194171146,0.006611653726997665,0.40637410206397107,3.29499163684842,1.7282173302467838,-2.1712380485273424
-0.013883803240139984,-0.00652000888289894,0.005272427591592241,0.005880965595188667,0.5035963973974206,3.586189131297037,0.9018455804183808,-2.497936210544331
-0.01390355769776564,-0.006543644185251898,0.005238372450175506,0.005912996485047838,0.4993790789975091,3.5790298210466696,0.9374995304579287,-2.4892007664406948
-0.013935409208085243,-0.006554629639128318,0.005183742657608909,0.00591751405116664,0.4906969992851332,3.541850162536505,0.962072048471345,-2.4663964954845583
-0.013954139333915972,-0.006584001707660167,0.005150537962238278,0.005958672995258177,0.4871889902576325,3.5395974349555113,1.0035532184261857,-2.4589061988485454
-0.01398301614373069,-0.006604503421043588,0.005100164928929543,0.005979301974312448,0.47963418055742923,3.5137997449282414,1.0373540029658617,-2.4401596436867767
-0.013998078740162042,-0.006644083681686909,0.0050710857894046635,0.006038643756891721,0.47728676231724343,3.5230191280003997,1.090142203237714,-2.436252986018198
-0.014013229788758434,-0.006671141408375077,0.005042375601166966,0.006076446520955656,0.47439130355526543,3.5210272232341104,1.1277793974851,-2.4287155228288313
-0.014036826596172084,-0.0066854633836434425,0.005000533277293413,0.006087553622488432,0.4680595201604942,3.495860741010428,1.1511234106835386,-2.411356291349357
-0.014054493120558662,-0.0067361970644232196,0.004963002697255885,0.006163223763928609,0.4651968046679275,3.505285249548305,1.2191976604775931,-2.403756152662855
-0.014061305495446104,-0.006704419848205659,0.004956518695553277,0.006105412830429292,0.462334241468456,3.472266086456138,1.1799223040730225,-2.393641830327786
-0.013891841326077485,-0.006486143843019436,0.005258633083004658,0.00582002012582734,0.49930551603005785,3.5427866854593453,0.8655208058537877,-2.4804680181054706
-0.013896231291645399,-0.006447064434260476,0.005250690493647383,0.005752547233889166,0.4959276657379155,3.5002628655783696,0.8230359814197349,-2.46382195493598
-0.01389725894343644,-0.006407792794065297,0.0052479421134334495,0.005686834750982212,0.49331247802029315,3.4622251345491715,0.7806445336526268,-2.449200913350247
-0.013581095491627334,-0.006000802482208128,0.005696697705711641,0.005086820257304042,0.5436315993499073,3.4002576872421395,0.21985797148075584,-2.4589365859331953
-0.013615345732935616,-0.00603972444792428,0.005652695264942053,0.005146875399254808,0.5389376162531891,3.4106356543828906,0.2741133338844623,-2.462469780697735
-0.013660958263778535,-0.00611607058842847,0.005597733865861474,0.005265186857882514,0.5348754825096637,3.4494632048118654,0.36783822564405866,-2.4783752479146988
-0.013649475029903588,-0.0060760501106209225,0.005607083679268507,0.005202038809785249,0.5336344262505537,3.4161756125312013,0.32663024034155025,-2.463116445712
-0.013689031894495213,-0.006135319070931214,0.005556434436560357,0.005292608057157051,0.5287775959255908,3.4395607822750827,0.402635432131655,-2.471282220737562
-0.013769470848992877,-0.006314457892666183,0.0054534335029038684,0.005571229897698457,0.5224182817236428,3.53753378435394,0.6200495959187723,-2.5055129127844196
-0.013718030336942645,-0.006237945152036441,0.005528047664352513,0.005455649080036719,0.5302803418038248,3.5193038087115553,0.514570563590845,-2.505115113539533
-0.013757493013027323,-0.006270180101792113,0.005467583356610544,0.005500490360651792,0.522006391178021,3.505455023507495,0.5688949928468441,-2.493542002231854
-0.013720045662901073,-0.006191594510540569,0.005516747795570758,0.005379001503748066,0.5257622748419825,3.4659356892081745,0.47206618230942304,-2.4804896260998834
-0.013715472127127405,-0.0061531363191606805,0.0055171805988680185,0.005317339592714951,0.5233043078066324,3.429237439111847,0.4347676499526898,-2.463867676450272
-0.013811041849652187,-0.006333647910675941,0.005386181378236205,0.005591849230183626,0.5119236835826421,3.503460010714473,0.6618519972184255,-2.483843830764325
-0.013886396755588478,-0.006362877963255929,0.005263925826938568,0.005616646291527006,0.4932700809730641,3.4343420664843696,0.7284783877863433,-2.440657503774031
-0.01385551048630465,-0.006336212808122158,0.005312915794527755,0.0055828208912764,0.5002004001149811,3.4486411150950835,0.6865576905097001,-2.4526472699222643
-0.014272227604131169,-0.007058095649763282,0.004506284985954631,0.006543348584451515,0.41391505592730377,3.3277147317426157,1.6532039739887632,-2.2096362944203154
-0.014287612518516925,-0.007083567530845224,0.00447051577875096,0.006571768597978805,0.4101476040436009,3.3113273435062758,1.685559751583815,-2.191947004284945
-0.014225399126727687,-0.007030160793202921,0.00459488365440928,0.0065368305836883255,0.4253383784399815,3.393451803606616,1.6207922755637512,-2.2541790453993378
-0.014257289766924927,-0.007036064439679399,0.00453961200465962,0.0065197859746284805,0.4174028991431838,3.343986927894106,1.6251977655351122,-2.2259018209090677
-0.014173104151784646,-0.006945778980839277,0.004711869590136891,0.0064370880961830135,0.4379955109405804,3.4415202112021848,1.5079153739884783,-2.3080702957274286
-0.01419535552323554,-0.00696241442216951,0.004669084991397857,0.006447750838340094,0.4323566069516113,3.4133351866295,1.5298639091074167,-2.2875897202236684
-0.014219577092396908,-0.006989274261841323,0.004619449831920368,0.006473338160417759,0.4264070892061694,3.386178128246548,1.5650438031303877,-2.2642309625137518
-0.014137219554881585,-0.006879748831648823,0.0047916746502555405,0.006352172839385995,0.4463853035017326,3.464953999171794,1.4177780169620784,-2.3413612464663363
-0.014157096749773721,-0.006901130194913191,0.004752201454108206,0.006373832053352699,0.44144368041738563,3.4445990127912576,1.4471744331950154,-2.3238315677030896
-0.014173517073724023,-0.006919914291730405,0.004719082030029928,0.006393206818564109,0.4374459706290553,3.4279888760003248,1.4726337370341565,-2.309025995830477
-0.014147858128891678,-0.006847162582004053,0.004782200321930045,0.006289717360610159,0.44306266327919924,3.4295016734750194,1.3748024381626494,-2.3318271507277935
-0.014076383245669703,-0.006756468278146773,0.004922322947326577,0.006184178019136801,0.45953982502203466,3.485171308089633,1.248880461117672,-2.38739441469168
-0.014100334769801002,-0.006791337079736663,0.004875006447723789,0.006227870397651298,0.4539619696896729,3.4705556003244205,1.297316615440144,-2.369973231273043
-0.014086232117687197,-0.006778963940112936,0.004901387911163693,0.006216040898748444,0.4580614079914273,3.4846855650794746,1.2795010599490906,-2.381081034153552
-0.014122915561326416,-0.00680234906010018,0.004834627344729049,0.0062315338378196245,0.44866983483396516,3.4421938983375364,1.3141235438566075,-2.3514327902664296
-0.014151466050663773,-0.00681434957063165,0.0047841743940808664,0.00623243238417761,0.44139555177217477,3.4052809663738484,1.3322955967915584,-2.3278296994389667
-0.008726164497562942,-0.014835012214331098,-0.008058212001555569,-0.0021230328704487543,0.261942487433386,2.886409677036737,-2.6466540540075285,-1.5920060899353088
-0.008714925019130838,-0.014846611893750557,-0.008026143813859065,-0.002128151922854792,0.25356074469546036,2.8759738517844604,-2.6228665001098115,-1.5967452113819138
-0.008741362845101054,-0.014838990856811767,-0.00806485351458724,-0.002097662498065757,0.26465208730821477,2.8687806247162473,-2.660134333779685,-1.5747336836016768
-0.008730201146963355,-0.014850646509340752,-0.008032802133249523,-0.0021028541562859112,0.2540593514569928,2.858539808366594,-2.6362847124721007,-1.579879611690739
-0.008756573701192634,-0.014842921746160493,-0.008071411265449044,-0.0020722869375176907,0.2669095876675636,2.8511522471143613,-2.673498455206795,-1.557404151891321
-0.008745486230365354,-0.014854578231296246,-0.008039474793935015,-0.0020775877460866917,0.25457899455794664,2.841075756704427,-2.6496539836482103,-1.562924090580446
-0.008771796903417485,-0.0148468048396387,-0.008077880342555202,-0.0020469257261265905,0.26755065105041903,2.833489136194346,-2.6867142623154527,-1.5401112600707192
-0.008760765125278564,-0.014858422644171759,-0.008046123133402945,-0.0020523569145417734,0.25539139470665123,2.823578361145993,-2.662948155368699,-1.5458740629932832
-0.008787032289485812,-0.014850640095209082,-0.008084263667088304,-0.0020215679676378238,0.2668625530101615,2.815729039862499,-2.699774999301232,-1.5228692199802458
-0.00877603862789239,-0.014862230346588562,-0.00805265946035548,-0.0020271160880299885,0.25661160857365234,2.80599080091207,-2.6761098336313895,-1.5287280865374369
-0.008109202826580118,-0.014690873837080705,-0.007616354690465847,-0.0030699024111110387,0.1873633716947315,3.3972887235338036,-1.978594698947249,-2.150871393342197
-0.008123755434604902,-0.014696489123217105,-0.007626234565731659,-0.0030465785922720455,0.18917695035730364,3.385052899381028,-1.9954976062145355,-2.1385589161453464
-0.008093851444232669,-0.014686123229478834,-0.007603927753572266,-0.003092907281635203,0.1851565813434227,3.407559588815911,-1.9603902870173726,-2.162448268259728
-0.008047202591317202,-0.014649919582373869,-0.007598595261897816,-0.0031910804404670233,0.1823996820665961,3.482071988839838,-1.9085341943936769,-2.2197871534970592
-0.008061856906510973,-0.01465628686120655,-0.007608270209748343,-0.0031668293120437952,0.184300840543655,3.4691880070690435,-1.9261049314808123,-2.207245196328613
-0.008004375295977976,-0.014630720736571906,-0.00757021343753628,-0.003262357221777704,0.17681978491265002,3.5196548261948846,-1.8565705712999898,-2.256161534682725
-0.00803273158030351,-0.014643541146505448,-0.007589008856309015,-0.0032150822892695516,0.18054043121919372,3.4947622334297503,-1.8910778716151808,-2.2321135978123863
-0.008018530795577182,-0.014637100717053137,-0.007579710010455908,-0.003238816471477038,0.17868871527634347,3.507374045082873,-1.8738601718650443,-2.24425130295375
-0.007991474502471842,-0.014640703226473277,-0.00753760712329668,-0.0032622320807471146,0.1721385041668553,3.4978940955432556,-1.838748052350567,-2.24975238554477
-0.008062954771321228,-0.014673369796775823,-0.007583342648088263,-0.003143087407995442,0.18122385064049842,3.433969288180164,-1.9241528951745448,-2.1885553627492254
-0.008077953390637183,-0.014680533089831985,-0.007591923958300045,-0.0031174982363824694,0.18295070765659452,3.419292707507075,-1.941598897072064,-2.1749450359372364
-0.007977004230238354,-0.014635068860736025,-0.007526368328136653,-0.0032848250494620234,0.17000788438475234,3.5081580050554098,-1.8209893921413858,-2.2606194861760778
-0.007962376617837321,-0.014628588632846795,-0.007516015814465493,-0.0033086540289680526,0.1679506036875105,3.5199163944789653,-1.803024428430872,-2.272286251369314
-0.007947454680123759,-0.014622198070869142,-0.007504953747436166,-0.0033325808772057927,0.1658164422524405,3.5312263857530817,-1.7845552907376947,-2.2837864020687775
-0.007932730176381388,-0.014615840448954148,-0.007493941792437211,-0.0033561803018640397,0.16366619798285384,3.542236075025389,-1.7662636061844894,-2.2949987518637873
-0.007919986846589764,-0.014623214137894922,-0.007465445078805243,-0.003358622451999434,0.1596079852254851,3.525229428033691,-1.7495778366744268,-2.2906181079965195
-0.007860489625329021,-0.01460340767332103,-0.007410700902701781,-0.0034441044729932526,0.1495973638375141,3.5544700390092747,-1.6750833710190205,-2.32707881619046
-0.007875528341717354,-0.01460954655214274,-0.007423131956759406,-0.0034210708051351205,0.15196910167126612,3.545140278346675,-1.6939718304708788,-2.316905818633072
-0.007906428394395492,-0.014620520236062773,-0.007450531905532925,-0.0033757232187230646,0.15701523358693817,3.528528318106361,-1.7325894664928414,-2.2972129340689604
-0.007890870116926298,-0.014615471361876018,-0.007436129986523485,-0.0033979458110904096,0.1544187103480281,3.5360551066521198,-1.7131629742359635,-2.306709101528884
-0.007845299357837291,-0.014596708754532143,-0.007398682892186591,-0.003467978138133622,0.14725221197484964,3.564653852596949,-1.6559175045881156,-2.3377140918670065
-0.007828691988404019,-0.01458870175197597,-0.0073862999757162,-0.00349495057233631,0.14473441469720674,3.576874616520364,-1.6348481855333417,-2.349868719116768
-0.007808315655342334,-0.014589428749990349,-0.007356115941906368,-0.00351274479610382,0.14009836659829603,3.570158153659183,-1.6093800726349154,-2.3529866867798552
-0.007791488050408461,-0.014586256794964959,-0.007336351372278143,-0.0035326341900471857,0.13673545939798495,3.5718904388290746,-1.5882383279479002,-2.3594020486454013
-0.007775086016709135,-0.014581407733106873,-0.007319374366275152,-0.00355438713393717,0.1337379664644479,3.5768283157196024,-1.5675373387750324,-2.3673359588513345
-0.007646101289910819,-0.014515603719502196,-0.007216382671252872,-0.0037616138136291537,0.11261079141715531,3.660204158376421,-1.3989002597761149,-2.451841149584405
-0.007730091368254037,-0.014559439161105565,-0.007283651518920396,-0.003625973347604542,0.12652182852105584,3.6061602878682986,-1.5096393235067032,-2.397340018698039
-0.00774413631848073,-0.0145673046917413,-0.007293612244358086,-0.003602244150714301,0.1286549372090405,3.595236377849932,-1.5279135637977903,-2.3870593765030823
-0.007759221996600576,-0.01457494155727295,-0.007305223265056179,-0.003577861334253782,0.13104514014106136,3.5848759958386123,-1.5473412710391585,-2.3767189734659735
-0.007661034405390854,-0.014523714100091081,-0.007228352553998099,-0.003737232736559093,0.11512450258533637,3.6505869026247564,-1.4188577063934167,-2.4422585875670886
-0.007677138936298219,-0.014529847637327833,-0.007244473852878863,-0.0037147414859820716,0.11811637342020469,3.645119815768705,-1.4397890086103102,-2.434549543079734
-0.007694172930110031,-0.014533157563523552,-0.007265542418175505,-0.003695533211474138,0.1217108211677793,3.645379774546942,-1.461373785927674,-2.4296141783939462
-0.007715655551919299,-0.01455339075607495,-0.00727052259189605,-0.0036472958797783193,0.12404350210211286,3.6130953082046555,-1.4910163488543164,-2.4055363694490652
-0.007698994034802235,-0.014550411191432243,-0.007249902484002135,-0.003665865448750589,0.12052642458026198,3.612841035521076,-1.4700833524380075,-2.4104373866981583
-0.007630793218459341,-0.014507297203066465,-0.007203912330183914,-0.0037865018906788187,0.1100412928552978,3.669787315428739,-1.3783397886373534,-2.4614691796540398
-0.007612432075849553,-0.014496170036698995,-0.007190168884726392,-0.0038180040666230377,0.10700503238816096,3.6831917595346537,-1.3533284386701563,-2.4739876906374767
-0.007587324493887516,-0.014495268198380706,-0.007152986841530516,-0.0038389493812217216,0.10119542647957906,3.6726998073930317,-1.3227504587254264,-2.4751545556402323
-0.007562501731214484,-0.014495343240549637,-0.007114970220995853,-0.0038577401316318752,0.09531836813453685,3.6599617335834576,-1.2930672928735705,-2.474843039111754
-0.008566850408582991,-0.014820334085922626,-0.007929803018782865,-0.002357620062526464,0.24095165388156548,3.0098070627267606,-2.4769243564585453,-1.7413891754495232
-0.008138113950496002,-0.014703133140214606,-0.007634079825873282,-0.0030220929562365397,0.1907425926771352,3.3705414119581185,-2.0117593656512827,-2.125121906353747
-0.008152986138836851,-0.014709239705439782,-0.007643252566347289,-0.002997659677412338,0.19248226994874393,3.356882074095925,-2.028663930118895,-2.1118725231311735
-0.008168146340147725,-0.014714402137030446,-0.007654113245670109,-0.0029740193981346694,0.19444730158706072,3.344881797526249,-2.0460764327759366,-2.0993064505942516
-0.008195313202284872,-0.014708341135648312,-0.00769780967459745,-0.00295047999789947,0.20111705871335128,3.353932057694212,-2.0820389667168357,-2.0921162602820043
-0.00818292893369915,-0.014718921242248875,-0.007665363981253452,-0.0029515282223824854,0.1964297263927769,3.3339938597147873,-2.06311660147435,-2.087418888128435
-0.008209748379677511,-0.014714082236392978,-0.007706471519780622,-0.002926603291667079,0.20272710854284837,3.3401676940234317,-2.0982567715815805,-2.078803377500082
-0.008224226169425506,-0.014720057101970994,-0.0077146372955189035,-0.002902331145621115,0.20427384073056135,3.3257263684447627,-2.114307750268967,-2.065096604869254
-0.008239061722132872,-0.014726033130541957,-0.007723065411388118,-0.002877585446645063,0.2058135125589616,3.3110184473351194,-2.1306631263552345,-2.051056847844173
-0.008374268099532036,-0.014773143555496101,-0.0078040352674011776,-0.0026579934561917914,0.2201540114317969,3.1824310502563367,-2.276513961344732,-1.9239223697120735
-0.008254277589384785,-0.014731706736758561,-0.007732272514706176,-0.0028526980690004038,0.20748145030345275,3.2966480850844206,-2.1474635380624085,-2.036970715959097
-0.008269583300934214,-0.01473689830386011,-0.007742199610808236,-0.0028282152045434185,0.20924792477914186,3.2830152224513482,-2.1644337657002506,-2.0231617044141905
-0.008359340310766935,-0.014768004983404658,-0.007795687752998563,-0.0026824198062253665,0.21869090896107737,3.197318464684137,-2.2609351454594484,-1.938457899605748
-0.008344360030864782,-0.014762830332739943,-0.007787166233619569,-0.0027068922982195365,0.21720671210942663,3.2120945379475185,-2.2451686190397346,-1.9529260377768602
-0.008284661098526961,-0.01474196367585602,-0.0077518849241268615,-0.0028040806899761604,0.21097560722504446,3.269463478268159,-2.1810505600983983,-2.0094508972359644
-0.008299563217654222,-0.014747198421056698,-0.007760907511216059,-0.002779885781535735,0.21257708228396074,3.2553961129722997,-2.197250862960026,-1.9955251976599389
-0.008314456595691924,-0.014752328594393486,-0.007769922175634905,-0.0027557590429528483,0.21417033676046568,3.2413384019731297,-2.2133496112501727,-1.9815679192485065
-0.008329397454891854,-0.01475747123513167,-0.007778799799236963,-0.002731495572298605,0.21573401527876815,3.227036817934963,-2.22936784335927,-1.9674274457600858
-0.008389066475591468,-0.014778596392987396,-0.007811527880439525,-0.0026333178743622805,0.22146057525730214,3.1667650345298752,-2.291633682980039,-1.9090373807308676
-0.008403860883503799,-0.014784148702019695,-0.007818671229875679,-0.002608487683039017,0.22270187364820337,3.1507228388291764,-2.3065423226741752,-1.8939390412225656
-0.008418781790627342,-0.014789519692516177,-0.007826088471040273,-0.002583653480447213,0.22397160803046604,3.13481158246962,-2.32154196073115,-1.8788043410868092
-0.008433823677571622,-0.014794647136563388,-0.007833879457051494,-0.002558883846794852,0.22528709517824672,3.119147189423941,-2.3366671127169893,-1.8636878366552339
-0.00850641465447057,-0.01480119608172215,-0.007900772852410832,-0.0024578004969757514,0.2361976388215767,3.0759125793027025,-2.4188691864725143,-1.8050473760344865
-0.008521451014542996,-0.014805927360271377,-0.007908315712449418,-0.0024329812580041184,0.23730204042598899,3.0597943070019267,-2.4335648813941435,-1.7894224580120575
-0.008536484497051817,-0.014810842050839481,-0.007915356589996737,-0.0024079254773911227,0.23842916534920508,3.0431334594835877,-2.4479944329796317,-1.7734999338332216
-0.008551622497385601,-0.01481567416894143,-0.00792247166131421,-0.002382769355090551,0.23966910221094864,3.026411922678998,-2.4624347806696707,-1.7574580106723126
-0.008448950980523347,-0.014799537192054957,-0.007841995296436243,-0.0025342090598280617,0.22664474377348112,3.103723734817659,-2.351879458783712,-1.848601844856382
-0.008464146063146353,-0.014804189214863076,-0.007850419464816237,-0.0025096452530216033,0.22803720699131477,3.088543587027108,-2.36716394115123,-1.833554380574837
-0.008479368210584657,-0.014808600718052773,-0.007859114490389158,-0.002485241025557677,0.22946149781200273,3.073623157021348,-2.382479778370115,-1.818572591178759
-0.008494545163161905,-0.014812821214308715,-0.00786792016297762,-0.0024610321829571674,0.2308997537245073,3.058892861801041,-2.397719237442485,-1.8036605138881108
-0.008703427503112806,-0.014858610866307574,-0.007993862873296483,-0.0021332278622800227,0.2505504638295035,2.859609616679398,-2.602119779786524,-1.5951026301064053
-0.008642884362213383,-0.01484149115014941,-0.007967502385325358,-0.002233347064550808,0.24683520577614268,2.9282751041381965,-2.548276100558386,-1.6612991603778748
-0.008657953277581346,-0.014845621417970389,-0.007974563878345046,-0.00220861886125604,0.24774496691213735,2.911687666313387,-2.5620032883580546,-1.6451126364551472
-0.008673012400930193,-0.014849933139261971,-0.007981114353522565,-0.0021836848708316928,0.24860830818937749,2.894586012433899,-2.575441297251189,-1.6286534055806776
-0.00868815322682629,-0.014854291320024538,-0.007987480937022546,-0.002158551995794376,0.24953527904465847,2.877183450163272,-2.5887767989033588,-1.6119724435301104
-0.008631591978178225,-0.014853549447198707,-0.007934933740195707,-0.002237113015163231,0.24147217605870155,2.9124122920385216,-2.526919383445661,-1.6609765538654775
-0.008616441287066267,-0.014849942164769604,-0.007926634229193768,-0.0022611978703687766,0.24020232093750324,2.9276404803081584,-2.5126276261929106,-1.6764733812924753
-0.008601144447213693,-0.014846083882628813,-0.00791846960807818,-0.002285662166664574,0.2389495278685789,2.9432344059521536,-2.4982077838619294,-1.6921751334410693
-0.00858576154122624,-0.014841915499850181,-0.007910597190990286,-0.002310487051767791,0.23773163213410162,2.959271491212125,-2.483759191540257,-1.7080827164918226
-0.008570353845044237,-0.014837492035163923,-0.007902974315903212,-0.002335541260296088,0.2365411441550167,2.975617082574893,-2.4693044317825987,-1.724101947028968
-0.007197005461151188,-0.01430589684429149,-0.006740985720425911,-0.004388252310512469,0.02233829749639021,3.756537102569478,-0.7959035235588255,-2.6092300997544817
-0.007168907148523605,-0.014274616400959011,-0.006724345641294688,-0.004453675981377616,0.016764578903963965,3.786217965847571,-0.746545132537901,-2.6305605151758744
-0.007179219680824841,-0.0142929111239954,-0.006724079806101897,-0.004418374008594194,0.01855398380199247,3.7636049165155314,-0.7693198694340122,-2.616249368488426
-0.007541250921018781,-0.014495792731158969,-0.007081938865208681,-0.003872900351482502,0.09023012477488945,3.648108163118352,-1.2680589727390157,-2.473892133837253
-0.007510973355414772,-0.014478918659504939,-0.007055774584973134,-0.003920845735118511,0.08491840037174735,3.6639075538167307,-1.2273265763712151,-2.4903684320301314
-0.007521340555016867,-0.014493714526270447,-0.007053985621208377,-0.0038906432982671853,0.08578601354334148,3.6415145374024354,-1.2441578085945468,-2.4753259944850754
-0.007419438211592745,-0.014441477816386892,-0.006956892461345196,-0.004041900887512758,0.06676802930677594,3.6795077826621414,-1.1082826376272576,-2.5210815936470428
-0.007487847591063757,-0.014476978032685342,-0.0070224000633028775,-0.003940253456137475,0.07967891088279595,3.6545531759544674,-1.199828715484976,-2.4909504875029076
-0.007439873017557189,-0.01445835574547342,-0.006969632275439332,-0.004001999919832889,0.07008857911841167,3.660907801117329,-1.1381608851157898,-2.5059779961244146
-0.0074627921584422595,-0.014470183576797652,-0.006991600399627057,-0.00396813157472153,0.07440507550811758,3.652703171452565,-1.1686318849891182,-2.4960045040362697
-0.007418806672833154,-0.014465866825573307,-0.006928363472934074,-0.004004265606375112,0.06486829595911378,3.634164649543655,-1.1174429951936158,-2.495879356607428
-0.007393210557515805,-0.014434432880063477,-0.006923585599967779,-0.0040699001906443185,0.06118194016313466,3.6755197511569793,-1.0758730053352121,-2.5247822082613625
-0.007369976345448989,-0.014428158451747039,-0.0068939068521925205,-0.004094390834307025,0.056113096458565874,3.67150792144821,-1.0473464661473353,-2.5276429303306447
-0.007353018643281136,-0.014416190366702334,-0.006880138536756173,-0.004123718887439554,0.05312505830229612,3.6816415112751257,-1.0232228457945056,-2.5369503278714904
-0.0073330692830274385,-0.014413416504957572,-0.006851508516836893,-0.00414012521897613,0.048758805139902835,3.672731098036763,-1.000150980949586,-2.53617426161965
-0.007311221711145285,-0.01440375798310331,-0.006827055616580555,-0.004168308251492287,0.0441766459244825,3.674423460496932,-0.9718793935180589,-2.541595953460114
-0.00729535531765009,-0.014389529103935228,-0.00681665577542182,-0.00420010266077997,0.04148833066464914,3.6881191256571073,-0.9476270949779197,-2.5524667930580573
-0.007273990244034041,-0.014385610812802988,-0.006786526705255609,-0.004218364758508758,0.036731225095652596,3.6790530461250093,-0.9229017811199632,-2.551592249636133
-0.007219800921489259,-0.014333370029949914,-0.00675152159894165,-0.004331704415700542,0.0265402260729023,3.7278826260903375,-0.8364545250860184,-2.5891688715433445
-0.007197842078712502,-0.014328790263550406,-0.006720162500757601,-0.004350276154320314,0.021687558209455445,3.7175342772912927,-0.8111132720743967,-2.587300400598082
-0.007254072761985637,-0.014372879266987207,-0.00676755668242749,-0.004249673897414721,0.03287817799141631,3.686148744925068,-0.8950891255770915,-2.5593938565336387
-0.007232313031404873,-0.014358097969326817,-0.006747326339961475,-0.004285068027054372,0.028517580889083634,3.6948267916456063,-0.8641263278906602,-2.5683330350132327
-0.005972738250955059,-0.01342262490191283,-0.005039562956038217,-0.005941077788511606,-0.2406009111704947,3.254746111438014,0.8069576130765126,-2.353650475784015
-0.005871691549782477,-0.0133573998247238,-0.004871640193466495,-0.006005743706300176,-0.25308280538770006,3.1516365271775655,0.88255186492393,-2.286139207184686
-0.005923963754784268,-0.013423227814492416,-0.004961235141907613,-0.005921898624103334,-0.24271083537926247,3.192336164139245,0.8057598178380535,-2.3189173102624245
-0.005892145376559452,-0.013393009738595247,-0.004908048274485492,-0.005957682357165569,-0.24787443937862588,3.1645315351191523,0.8409244986358294,-2.29886812448181
-0.005827418777247361,-0.013356142263793844,-0.004802067259556706,-0.005989305408049524,-0.25396714605053744,3.0976548558393513,0.8806310008349937,-2.2557354407751546
-0.00579022339025257,-0.013342285915434111,-0.004742481152762271,-0.005995140230563357,-0.2565649894983563,3.057286562853402,0.8935845079712976,-2.230857381671513
-0.006279369693134403,-0.013750130317519229,-0.005516799689275129,-0.005480439343098894,-0.17488930512953418,3.441743466077432,0.3676981051842116,-2.492980814310481
-0.006244922529669727,-0.01373095321121203,-0.00546387026941676,-0.005507095227408092,-0.18082440862175309,3.413887610929366,0.399789421055567,-2.4763772464594385
-0.006154879325104088,-0.013653000881296248,-0.005328717269771959,-0.00561856502024348,-0.19881534124724434,3.358243723423619,0.5115465764503657,-2.4390637182571306
-0.006176756387237314,-0.013684883379833196,-0.0053599797054015704,-0.00557082325962529,-0.1929877382840737,3.3631838802023037,0.46999919824639363,-2.4446603124248623
-0.0062104689729173945,-0.013709232294012975,-0.005411243930103025,-0.00553714581588468,-0.1869174427148632,3.387381329501371,0.4339049086674201,-2.4601022816171856
-0.00610859832532479,-0.013648717260410349,-0.00525377924476906,-0.005615116948276082,-0.20299556875432873,3.3033157182676054,0.5252239015142092,-2.408089486162016
-0.006008255117417753,-0.013479032916834036,-0.0050993379258997456,-0.005862112550710807,-0.2311336634982122,3.2741195693165532,0.7372657527804405,-2.3723987918143536
-0.005980296545979853,-0.013460995947240489,-0.005053606920332518,-0.005881744745278736,-0.2355601286241927,3.2470295978501182,0.7600736418978149,-2.3548292763368774
-0.006034221630309814,-0.013549948941693648,-0.005140720829133617,-0.005755439935362055,-0.22083149175062297,3.269908530271764,0.6503884511398258,-2.379016643889406
-0.006013933280198412,-0.013514594741393585,-0.005108651482612148,-0.005806350076425549,-0.22643180138244554,3.2632785432688434,0.6938044626847314,-2.3709959688979
-0.006065417388349832,-0.01362408452209094,-0.005186583488795673,-0.0056444758979662035,-0.2094142828076073,3.265754670314891,0.5604841133879757,-2.3846506144805244
-0.006018926754941561,-0.013602585052366025,-0.005113815039736146,-0.0056667711924431804,-0.21523677664745236,3.2218263003191927,0.5912236974839674,-2.357749959378481
-0.005181310854775384,-0.012629226537316601,-0.003590638754152009,-0.006643979488138752,-0.2982532768043902,2.3785253735232317,1.4727821912633257,-1.7044676395314926
-0.005196461352242714,-0.012698230958609367,-0.003652180589235054,-0.006567615261548044,-0.2960894192189038,2.4130444609783157,1.4137288665116496,-1.741358889361921
-0.005322772621691891,-0.012795691569403302,-0.003871797457594904,-0.006526014858021381,-0.29960388267368554,2.5557058576171237,1.3720881396969118,-1.8421570195001251
-0.005338151850248392,-0.0128396634282344,-0.003915573268133961,-0.006477254246332015,-0.29708643832787784,2.579474489230708,1.3332696231677084,-1.8657791752401842
-0.005243583575102277,-0.012749151317911066,-0.0037420972209227976,-0.006534336347240293,-0.2965796074195554,2.46971789967599,1.385070761690389,-1.7845387941093354
-0.005276934328747931,-0.012787760236072023,-0.0038069182369816846,-0.006506200115235869,-0.2961121718515541,2.510092856576254,1.360855088826196,-1.815758235529024
-0.005494453115249274,-0.013036087241932368,-0.004220257985243686,-0.006300884664379111,-0.2874870547501772,2.76053965477818,1.1797618193879775,-2.0089273058036707
-0.005324430353091225,-0.012890142693115511,-0.003922337472709276,-0.006400947478634352,-0.2920318791365433,2.5746706285307996,1.2762629606250548,-1.8750276461769533
-0.005368235590149139,-0.012922190509129603,-0.003996505637067687,-0.006384619750217564,-0.29199201318645457,2.622057616193118,1.2593005817336136,-1.9081882659077642
-0.005424355965438122,-0.012954606665469872,-0.0040881766641712855,-0.006374130102561245,-0.2925884691453245,2.682266558138873,1.2449133689151246,-1.9484569962693679
-0.005463845652590785,-0.01300301330824071,-0.004163882106624099,-0.006329972595366058,-0.28971717547749337,2.7267940279071574,1.2061865232685633,-1.9834011230118909
-0.00576202134906044,-0.013304962105964753,-0.004692914840717274,-0.006040163777920675,-0.2616049812126769,3.0336754513882203,0.9338407131270949,-2.2116102616464186
-0.005756444707289389,-0.013352213170516145,-0.00469239597361939,-0.005965728377583816,-0.255834330430842,3.014936860360923,0.8791676638642001,-2.2084205740441485
-0.005709847238941232,-0.013265078094212939,-0.004605592089571426,-0.006077049032848349,-0.2667432665633969,2.9813548457626107,0.9726892639692186,-2.1755422759079637
-0.005656705209319839,-0.013254625287709002,-0.0045237401421025555,-0.006067882683361017,-0.26724710620881426,2.9227571536219106,0.9761604882916293,-2.1407586854397906
-0.005615257260824711,-0.013209705905135394,-0.00445142773393177,-0.0061142500103540665,-0.2723484919119381,2.883198050337374,1.0186622128341332,-2.1108213540835954
-0.005506344928594229,-0.01308319385381033,-0.004254610054095004,-0.0062405777827261805,-0.28349391458159084,2.77345346450056,1.1319620566677155,-2.025599933855231
-0.005497122864551781,-0.013140573075315926,-0.004260901786929615,-0.00615429561698026,-0.2770452437239092,2.7622453622572185,1.0684772480239202,-2.0300802899968176
-0.005521590739146188,-0.013175284527752731,-0.004306354231855561,-0.006117522406927295,-0.2744272556897461,2.7856346968414964,1.0372425126207985,-2.0495460792336044
-0.0055537116464372035,-0.013207662810725138,-0.004361548002466936,-0.0060871050883299456,-0.2712086445233048,2.816607742326902,1.0093542222777083,-2.07261082803637
-0.007102736204251017,-0.014267866550057183,-0.006620461138492315,-0.004494605254817763,0.001708033679746687,3.7368983505922935,-0.676286851690259,-2.613800416197533
-0.007145211387297552,-0.014272550731780064,-0.006686796331994113,-0.004468074506846928,0.011227830018470523,3.7681118229740025,-0.721233812106285,-2.624473780393933
-0.0071214192029081524,-0.014277397485226998,-0.006642818549114647,-0.004470683599970676,0.005849842813617676,3.738163720040295,-0.7011207728261032,-2.6115877687098417
-0.007077897063413318,-0.014255083699174205,-0.006590521291081742,-0.004526249323918319,-0.003704908041725789,3.7348244596042477,-0.6433617560320305,-2.6163695207684925
-0.007080386230130936,-0.014287265546357536,-0.006566298058721927,-0.00447202559733354,-0.0032413761284854977,3.6845465466252527,-0.6687021473396849,-2.5878047757139377
-0.006646075423228084,-0.01399280406112506,-0.0060442248956967,-0.005079372278485687,-0.09893785350703779,3.646100287605796,-0.06809632811444936,-2.607119983611003
-0.007014496773146895,-0.014206206818381145,-0.006526037715221366,-0.004632526666864845,-0.01747284411729065,3.7524097833911987,-0.5472725871307698,-2.634899394295094
-0.006936453562502894,-0.014170244120361487,-0.006423023233047026,-0.004719198182738262,-0.03479614012098276,3.728491842090419,-0.4491111987203605,-2.6310774669455395
-0.006988737082779972,-0.014190442486730534,-0.006495457410569837,-0.004668157793624217,-0.023299830394088256,3.7513164517848914,-0.5114373515287377,-2.637567383314557
-0.006961152506511931,-0.01417983907025382,-0.006457299865235349,-0.004695227444123575,-0.029262169107360236,3.7395345555206663,-0.47844791799252034,-2.6343518289306638
-0.007017305977571005,-0.014238550848362492,-0.00650387980318065,-0.004577377367643235,-0.016926351744716513,3.7035600352191373,-0.5749627391861288,-2.6073636668922315
-0.007045370646707841,-0.014249403057506955,-0.0065413615548178755,-0.004548689016708769,-0.010645677643898665,3.7132275422827763,-0.608754256570104,-2.608949953770084
-0.006791849468180899,-0.014111173922776324,-0.00622103663726683,-0.004856147946037716,-0.06550038357075513,3.6585968048993847,-0.2821788364083167,-2.606038147488463
-0.006707446550712922,-0.01405972985021656,-0.0061107957770274906,-0.004958183863023671,-0.08413503089624265,3.6329355281752886,-0.174141935153008,-2.5974834449268047
-0.006730752264265822,-0.014068360801361434,-0.006144984863613593,-0.004939902041153637,-0.07919545757046474,3.648149602424362,-0.19839012270726525,-2.6044310709313994
-0.0067457517393693074,-0.014086690683974633,-0.006159030931049547,-0.004906399079973845,-0.07568511465341643,3.6407342934551683,-0.22616915894047948,-2.599466076829874
-0.006768215521012713,-0.01410204225255702,-0.006187178320598178,-0.004876334492155964,-0.07073978425657436,3.6450243237370876,-0.2564255012094558,-2.6003279715655516
-0.006662559332488211,-0.014016613221788146,-0.006059385995186547,-0.0050371305238840055,-0.09469289331607916,3.635927711605788,-0.10255578736361452,-2.6011367003868178
-0.006685394422895958,-0.014039933703727478,-0.006085027612155334,-0.004994784268081958,-0.08912648232938586,3.6330476253483543,-0.14026888644516036,-2.5986420035019857
-0.0069103636629459396,-0.01418981182782818,-0.006364374691069103,-0.004694213853800315,-0.039764839344762264,3.6717507855685603,-0.4435078814509044,-2.6024991366874723
-0.006883257228900073,-0.014175267542466678,-0.00632990717647814,-0.004726286486554563,-0.04560160035547422,3.6652122754837744,-0.40920189383425815,-2.601672716681215
-0.0068543501013149846,-0.01415306918696109,-0.006297494047636959,-0.004771163922169956,-0.05185669582918112,3.6670494270924654,-0.3672300630192477,-2.605476880475765
-0.00681411401625513,-0.014133685889149521,-0.006243436811813837,-0.004813433513655992,-0.06054691849925004,3.6515396367508615,-0.3191204256231419,-2.600408195721546
-0.006278912631401581,-0.013790519810073513,-0.005506134120408935,-0.005413489729912517,-0.17059643444589032,3.4073106338901185,0.3223556215058361,-2.4766196662569744
-0.006465168748671546,-0.013901592029290435,-0.005780119309345883,-0.005241370905489927,-0.1354190350828305,3.5310284943342327,0.126602174955199,-2.547782461001116
-0.006429720080406823,-0.013891075228506104,-0.005724823747365701,-0.00525822587174056,-0.1414285475537231,3.4986437892732725,0.15427335765741115,-2.530323102360919
-0.006388386900978146,-0.013870335915780322,-0.0056634159781285,-0.005291047395842635,-0.14913996130236848,3.4688786865073564,0.19445744287091468,-2.513753648606382
-0.00628956655221402,-0.01382727407602773,-0.005513863180717928,-0.005354387511010353,-0.16571120628266223,3.3890266204099477,0.2787751081586446,-2.468520799023457
-0.006318782256030961,-0.013846621247649625,-0.00555615690864886,-0.005325432402264131,-0.16039598951024478,3.4070264360065496,0.24754869312310693,-2.4793108775351236
-0.006348061973265243,-0.013869183015414465,-0.005597207059260726,-0.0052905882723386635,-0.15429122568128756,3.4216128113013946,0.21221865522712785,-2.488096926807459
-0.006619110887528951,-0.013986223859227122,-0.00600179309309513,-0.0050930082499909745,-0.10430082057249428,3.621795300871572,-0.04491577100535236,-2.59494449621322
-0.00658052188038843,-0.013981507639263526,-0.005938907977939437,-0.005103871382859524,-0.11099213754920063,3.5815635429608803,-0.017422489966146846,-2.574369939665411
-0.00647543998226779,-0.013936204539121366,-0.005783312765905421,-0.005183539827065272,-0.13105614358435838,3.507184717320618,0.08521840588901292,-2.5355585513536187
-0.006504320477633431,-0.013952408763011357,-0.005824588157356239,-0.005156090687462319,-0.12532821937657945,3.5240901565803564,0.05389094167120966,-2.544606033054127
-0.006540982456130981,-0.013969477074499649,-0.005878223903801127,-0.00512628700666752,-0.11839313987056573,3.5486306085143675,0.01698315764870047,-2.5574386115251286
-0.01311104344455416,-0.005664842468283818,0.0062873303210877465,0.004496692945906023,0.6167745904225939,3.3517178068554436,-0.37899400770656366,-2.421609071796865
-0.013149837179415492,-0.0056924872004714125,0.006243554086636318,0.004550454548483198,0.6122725215466654,3.3652614133465977,-0.3305407358427362,-2.4318422141164384
-0.013310001759716937,-0.005820288693786562,0.006058927620171602,0.004784499388787555,0.5924858455340741,3.421543669829048,-0.1191261686841785,-2.4704962787696414
-0.01335539877771448,-0.005831012080425215,0.005992734787294237,0.004808245090364361,0.5816976193114404,3.3982456441087527,-0.07325207690923852,-2.4593474637203987
-0.013307613980636184,-0.005766184538118306,0.006038740561527034,0.00470043059728197,0.5840645612413088,3.3516157488893037,-0.15066328303069576,-2.433001647797585
-0.013285359962061885,-0.005718927544993829,0.00605142381963212,0.00462428206778706,0.5814733730808063,3.3066323885575533,-0.1936855216996383,-2.407795740010384
-0.013217071815825508,-0.005706661807840692,0.00614888478530825,0.004590219274878405,0.5973567511377701,3.338861651950996,-0.26107805145277707,-2.421781146266279
-0.013252617892520819,-0.005700630463611721,0.0060923384129936324,0.004589608271306303,0.586890673900761,3.306069027194024,-0.23140367874406423,-2.4058678688693442
-0.013194657973696886,-0.005675066869711154,0.006167014356236542,0.00453678268726888,0.5971310161758819,3.311554153943161,-0.2954688669415069,-2.4055956770757416
-0.013395160040070594,-0.005849579707082245,0.005938325338420854,0.0048421143816307875,0.5739475313054573,3.388344223986589,-0.02831832463679731,-2.4549255174188125
-0.013437870388285936,-0.005873027850137683,0.00588063795314006,0.004882764432347724,0.5655443339012473,3.380748306189352,0.02142562928617181,-2.4513718506503053
-0.013478496536108192,-0.005902661902477253,0.00582770834815689,0.0049316662864137195,0.558766793226603,3.380889942954077,0.07312260424091581,-2.451352154985884
-0.013511363646887044,-0.005940245983579726,0.005788636504129813,0.004991754300317588,0.5552041768699234,3.3962374111062847,0.12395926879443246,-2.4588422010748334
-0.01356298967848131,-0.005938665684410559,0.005707218263204967,0.004989485728884406,0.5410907231133364,3.3451310299862684,0.16166455618430228,-2.431444218770516
-0.01310791594606598,-0.0056117162496470115,0.006263063094491207,0.004416468655828836,0.606839921190338,3.280037455260761,-0.4015414272826569,-2.3819777252981567
-0.012932769580889444,-0.00551657997833671,0.006462388319143907,0.004209014527308535,0.6291311529909507,3.237820757325999,-0.6010216445373429,-2.3413635110851523
-0.012843963168304176,-0.0053739507684024915,0.0064954093857975395,0.0039667953059297515,0.6146314502213716,3.0752987076945435,-0.7118498292614793,-2.2398356198493468
-0.012926980026101759,-0.005459764028712788,0.006435165203572907,0.004125749027538599,0.6170020798208511,3.161586500103773,-0.617992714576204,-2.2981797009017804
-0.01288441927598667,-0.005393461404028947,0.006452652644813994,0.004013666712131061,0.6104765713015338,3.0881753253775597,-0.6699676656118293,-2.2520977894846954
-0.012917358961989579,-0.005417003646213283,0.006422049422893041,0.004061736151941319,0.6090071418303158,3.1078105176045008,-0.6345178803670564,-2.267036278377262
-0.012992406446267103,-0.0055403000465278004,0.006391029146880826,0.00426905333138197,0.6199998588799608,3.243519894020683,-0.5357553536588262,-2.351026276527247
-0.01304606798633097,-0.005550255083525645,0.006319224918329183,0.004304692457093687,0.6091779134393747,3.230445779709649,-0.48045166908077747,-2.3490085863580994
-0.013094450975463133,-0.0055608800647723965,0.006255077061882607,0.0043375682880506345,0.5993975653262988,3.2192978778807118,-0.43095538792653837,-2.347129478513852
-0.012737107273719284,-0.005303758185381417,0.006591700446365568,0.0038143434830573857,0.6186854848482967,3.0099812108597486,-0.8215576341436669,-2.1885887830345254
-0.012789973755788251,-0.005309725358566039,0.006525799230404208,0.003851984853196464,0.6094949556659975,3.005809002744188,-0.7693355447816951,-2.1937622789422053
-0.012839775803587255,-0.005320194161700368,0.006466429253059702,0.003892277143787913,0.6021592141457798,3.0065411139961653,-0.7204818283394925,-2.2007692950607782
-0.012722958450591654,-0.005249957510924602,0.006573356389174045,0.0037358343951525348,0.6074020896474916,2.9431766822446126,-0.8357004958737875,-2.148997981102869
-0.012607749245646992,-0.005195495373349464,0.006681934031273097,0.003595185749363078,0.6139608442030201,2.889461396605181,-0.945091832299088,-2.100894768045364
-0.012651912984254643,-0.005207838978021344,0.00663503429338688,0.0036389680276281778,0.6089353547110401,2.9004207654492387,-0.9032208043866394,-2.1140763277242174
-0.012500472242349897,-0.005084242822554741,0.006731718522933039,0.0033862367709975205,0.5999042362590125,2.7569958693939776,-1.0343329086265969,-2.008451163217447
-0.012583048434490115,-0.005144409810353448,0.006675769799237319,0.0035154424117498258,0.6037776211930165,2.8275407008545543,-0.9640419248982789,-2.062173275030043
-0.012554497082572358,-0.005096687062469232,0.006676025660668437,0.0034383420924076363,0.5948425932164488,2.7715372074853355,-0.9855945309332255,-2.025751249551837
-0.012699661305285073,-0.0051960936431494405,0.006566440627831917,0.0036531653999823236,0.5978236759354564,2.8796876873292763,-0.8568864412205234,-2.1097728163050777
-0.012366880556566234,-0.004975160830742908,0.006804029978103936,0.0031618261930655076,0.5867794633315796,2.621679525566627,-1.1354864809510603,-1.9082537664524355
-0.01242866096630035,-0.0049767810223470925,0.006735429414515744,0.0032097226633465196,0.5795392302092999,2.6296568608943574,-1.0806903644676122,-1.9239135647115426
-0.012270906318637045,-0.004915588451648808,0.00686345386031112,0.00302069147287207,0.5803737008520956,2.5412583258703894,-1.205816916368109,-1.844398742106126
-0.012338103954211045,-0.00490911351087267,0.006785418969548069,0.0030665975677661756,0.5713830115658483,2.5453531549893227,-1.1452366214882124,-1.859915584739172
-0.012217223505236794,-0.004868821138708412,0.00688369355330625,0.00292703112941274,0.5715637451622856,2.480637113110278,-1.2384589732156581,-1.799838421390344
-0.012173587373471406,-0.004799579817528438,0.006873942901908867,0.002819246771772452,0.5554569908610109,2.3995605635534094,-1.253329400533292,-1.7457363442594025
-0.011962182510995538,-0.004699283702516147,0.006998194960660032,0.0025366261284704497,0.538485278938865,2.237007984025315,-1.3863330729793384,-1.6094199676892325
-0.012119395149244597,-0.0047403771288638645,0.00688128139883237,0.0027145201366882334,0.5423740997436203,2.3270507917498695,-1.2776109323561708,-1.6941771579116764
-0.0120503617161349,-0.004688504596180001,0.006906686668343541,0.0026052399250561806,0.531574233699775,2.257482464481887,-1.313677453566571,-1.6408173651888072
-0.012476237750463642,-0.00501595809980235,0.006709819086508993,0.003288833452911046,0.5846240392680668,2.676757954388957,-1.0451463888281696,-1.9590151355224852
-0.012471494798947392,-0.004950189524002802,0.006667346244918696,0.0032100723965600196,0.5676043807052253,2.603308980730161,-1.0376811474516832,-1.9164472810366653
-0.009680947673470672,0.003783844017167198,0.007068979184696524,3.3034759756422964E-4,0.13860750213941977,0.16353322424940886,1.6979817820276446,0.1566563737402543
-0.011169927440510768,0.004233001514208983,0.007176849355641676,-0.0013945334516065626,0.39331518702892027,1.4639065234388564,1.6524776797196756,-0.9883096424413772
-0.011068616000980452,0.004226346940882723,0.0072230880758465945,-0.0012814426936341168,0.38300272423014453,1.3922264127254353,1.6966010859961693,-0.9189995061332741
-0.011142543550498658,0.004160714797776969,0.00712830487636128,-0.0013276953753663225,0.37507976115531927,1.4038549536889604,1.623624980056401,-0.9516500333688163
-0.009802487328355283,0.003795966494015749,0.007092768092055197,2.049386655974094E-4,0.15547788426473827,0.26029867794576017,1.7074724980321034,0.06534171082921082
-0.009904210811749956,0.003817312083060946,0.007117546240264098,9.911699732581283E-5,0.17082236011655214,0.34446084633382135,1.7191882846611677,-0.01143913546873905
-0.009957421481772442,0.0038806657298562455,0.007173721969774174,4.4015360709323214E-5,0.18409659454264213,0.4005472154071848,1.7590608342262612,-0.04938710143654908
-0.010880286799872603,0.004236873686691623,0.007318278803253143,-0.001074859150985857,0.3653752231669332,1.2637503578929008,1.7847714740089735,-0.7881501947902133
-0.010799574778253489,0.0041706137389579566,0.007289287392280998,-9.565593147107247E-4,0.34197835127463944,1.1698294524790098,1.7736727275914717,-0.7167862867376998
-0.010981410565453336,0.004167767279032582,0.007212085639012238,-0.0011583108278011274,0.36174715485209585,1.2997776297137837,1.699534053440302,-0.8459606982632536
-0.010512601014715144,0.004073513476761109,0.007287705188594797,-5.994938803713087E-4,0.2873432933831155,0.9052446408700251,1.8003480565006733,-0.4872528437365001
-0.010605227109216938,0.0040845951964054925,0.007274048365985622,-7.077482159793076E-4,0.30148839583224524,0.981928847410633,1.7820516799756876,-0.5588333144730906
-0.010711159907753834,0.004106002288335513,0.007261508728401046,-8.339993866450876E-4,0.3191166696797095,1.0723296400359634,1.7627214573630068,-0.6410408047843656
-0.010284179122201956,0.0040258309125555895,0.007285646107807518,-3.2933185774498575E-4,0.24741923357255918,0.7046731366067484,1.818814764487818,-0.305524805481423
-0.010210108969222769,0.004017256209256684,0.007286074078770005,-2.4355494192691333E-4,0.2354636445598462,0.6417071115822992,1.8252259599434282,-0.2467987681190697
-0.010144697943836361,0.00395897305191912,0.007238781901406872,-1.6472593170949052E-4,0.21874827934841137,0.5708859118222968,1.794705350685924,-0.19446786915684136
-0.010050532901960226,0.003904802349884533,0.007194734098881622,-5.7932481357376444E-5,0.19923781049182546,0.4805510810664093,1.7685881024520997,-0.12071770325580966
-0.010359210340224604,0.003985163551945139,0.007238310389807178,-4.0842435530170153E-4,0.25268916527547064,0.7511177981108473,1.7771215211921023,-0.36240505938538337
-0.0104652364384602,0.00396526988050718,0.007201325134620685,-5.225531238539162E-4,0.26413613179100376,0.8267993307160539,1.740856562223652,-0.4415438689256806
-0.009322286406800214,-0.0037221188748006546,0.006943653269128451,-6.78110320870148E-4,0.09146135598079784,-0.11540807545170953,-1.6256109367554663,0.41405672245238845
-0.009226372333303076,-0.0035566136046537924,0.0067895179375864435,-7.199107903949341E-4,0.07721734614728913,-0.18999659260239007,-1.5091007081011005,0.45122992272539614
-0.009474474453378894,-0.003722775242051056,0.006981984906328501,-5.29041047596122E-4,0.11019651533216131,-0.002589106267518322,-1.6444260328677223,0.3039842385075726
-0.009615171473131564,-0.003751460920108167,0.007032312265837662,-3.9292312157128455E-4,0.12809525836674016,0.10812618224944515,-1.673410687840194,0.20286722682023364
-0.009735448779333834,-0.003824166744793721,0.007109776573656072,-2.7851912822521736E-4,0.14847786922079087,0.21240150009607348,-1.7260615119853837,0.11876111396804401
-0.009839069701970609,-0.0037670474224048914,0.0070715213014589514,-1.645844437904902E-4,0.15777609297453418,0.2837556486980182,-1.688137369212529,0.0354340169259793
-0.010946234289026484,-0.0042850101827484905,0.007334250888675933,0.0011715247619208738,0.38406675335745605,1.3385431824605127,-1.7881175867929626,-0.845670173580996
-0.011040342427216484,-0.004272435222830202,0.007278515583904125,0.0012727587798579871,0.3904198100831536,1.3992335462693486,-1.7378680757877443,-0.9103286239682012
-0.011128195221508728,-0.004234098592811103,0.007199784732561556,0.001350222519571261,0.39044300932856163,1.4370354751592116,-1.6736531339462604,-0.9608255258027169
-0.00995529795760778,-0.0038157587855192905,0.007117842911532723,-4.485106055965689E-5,0.17761950045960137,0.38447517223084887,-1.716272354958843,-0.050538071874324374
-0.010501493131432556,-0.004124945235849791,0.007337394835515953,5.985857121716622E-4,0.29422577245718556,0.9170380604722851,-1.8380791949163253,-0.4834293818165733
-0.0104096691037839,-0.004060432587088959,0.007297382674832288,4.786266948034013E-4,0.27062802304123507,0.8181356427511742,-1.8168541397309348,-0.4064051219780989
-0.010066560569348139,-0.003862898761704653,0.0071579809561124275,7.444108032744344E-5,0.19693788303923324,0.48298044402678825,-1.7387162082715972,-0.1343904549039113
-0.010296727653900134,-0.004010699797910911,0.007270331665105032,3.4159581537813625E-4,0.24711230484873073,0.7098580082265925,-1.8063325775853976,-0.31523265958336516
-0.010183324232126553,-0.003926418978923508,0.007207201116819718,2.0547046926381682E-4,0.22046412871659823,0.5927288200469832,-1.7678955960043796,-0.22439782625097296
-0.01065545575431387,-0.004181219591744256,0.007348059333584568,7.938332276238891E-4,0.32562409405676235,1.0640619949872538,-1.8304586584847555,-0.6096227951108792
-0.010591189536856546,-0.004092337777334786,0.007284939631040572,6.93934169079082E-4,0.3008915456130215,0.9743958634529583,-1.7911277669016987,-0.5493976100394801
-0.01077506951337258,-0.004156098809675039,0.007285054247621158,9.2343390662695E-4,0.3361124951552553,1.1443769572564284,-1.7730898465464882,-0.6962812586401282
-0.01086935502399861,-0.004212081734491076,0.007299999560080389,0.0010520702304377162,0.3589093063820327,1.2425596090655437,-1.7734155218572951,-0.7752586565364016
-0.011592900823542395,-0.004477641330610299,0.0071191445953039095,0.0019936655626604776,0.47854056427078395,1.8817674081420603,-1.5471156406475208,-1.3255136150439657
-0.011517837810025593,-0.004411049898433377,0.007116098631623581,0.0018691494670078264,0.45808936713191856,1.7917623697414753,-1.55986766544041,-1.2583316727831095
-0.011285373965848958,-0.004299481002006086,0.007169952845833925,0.0015550389021937682,0.4177030052642347,1.578569497563591,-1.632090328537034,-1.0811039414629675
-0.011440872732194208,-0.004351094311979732,0.007117034119106805,0.0017495870578988564,0.4396981318423501,1.7061155483002828,-1.5740749036725135,-1.1923575322469435
-0.011372454767544768,-0.0043003399448546566,0.007117513391618359,0.0016465509409119288,0.423234804601205,1.6319949908679487,-1.5853668289668752,-1.1348913168464383
-0.011223655143587691,-0.004194525967710928,0.00711424733495221,0.001430224719080674,0.3890221920327566,1.4752517562720597,-1.6043294589946235,-1.0126143773977168
-0.009625144821175002,0.0036486826521471617,0.006951129632071209,3.6669282515625876E-4,0.12451945400314611,0.10348161804735358,1.6081369332905353,0.1839080142626773
-0.009563365687846423,0.003497220059971322,0.006824881792430606,4.00386007683878E-4,0.11048228689292616,0.04376569379981219,1.5104693640139673,0.20976924593466986
-0.009505163816049421,0.0033669173923775567,0.006720116504193706,4.287402962273877E-4,0.0988211246588548,-0.006927814996079548,1.4288720086439448,0.2345682865505772
-0.006527989981022617,-0.00247798970786774,0.004786666306698746,-0.0015179621753285148,0.007393341061891925,-1.1110235220066438,-0.4233223006212362,1.2822740094017784
-0.00695497684607734,-0.002654907988510637,0.005120710171569846,-0.0015305407487837743,0.002862780053650937,-1.0605541389333235,-0.5527506764554161,1.2324602706754806
-0.007234004974730524,-0.0028648396121333276,0.00537082673484771,-0.0015812019594009887,-3.2128936735920896E-4,-1.0321880162917108,-0.6748716938001645,1.2158576536692027
-0.00907608869399503,-0.00342688753347988,0.006649178557892608,-8.080356400450153E-4,0.06199299574896016,-0.29003429773111594,-1.4078379721033316,0.5255000123312686
-0.007547536304866313,-0.0028795949297082315,0.0055797299608683635,-0.0014701833707134132,0.0023855232191373576,-0.9481154612504278,-0.7673399255900968,1.1249026711223404
-0.008370104768329095,-0.0032604814990611643,0.006236018202726352,-0.0012581249807135477,0.015155632817865845,-0.682318577330726,-1.1504286793213696,0.8906768452635011
-0.008135988200166849,-0.003152773348050984,0.006051610768994484,-0.0013432370830878707,0.00849199867616695,-0.7758381527945143,-1.0351858060393615,0.9715697469920597
-0.007865280039936985,-0.0029914667059201235,0.005819460112666763,-0.001394468661075666,0.004310546776152192,-0.860011301677715,-0.8946980136558347,1.0411823397850348
-0.008917805385641011,-0.003309892682738038,0.006514640641360932,-8.920910755007438E-4,0.048826518406466506,-0.38493820661647987,-1.3126479710981884,0.5994617032164523
-0.00875044762176919,-0.0032839217905200205,0.0064311978839840965,-0.0010068312177749549,0.03637368204719405,-0.4804986211893233,-1.2622656647094357,0.6904249370365088
-0.008506326741781802,-0.003169588849963724,0.006253879436627958,-0.0011234957641990872,0.022585337955294674,-0.6011990289510506,-1.1457822757218232,0.7961566899999772
-0.008651394571070278,-0.0031831160846921462,0.006328165507364145,-0.0010330295775623749,0.03237106945664377,-0.5266048964711735,-1.1888484952493503,0.7215655238224333
-0.00936927585803288,0.0032743133064869925,0.006628357712910807,5.234457360703749E-4,0.08550562507978825,-0.10166382261449268,1.3637256061532725,0.31170477643853073
-0.008967165402993879,0.0031393446024938314,0.00642666767377177,7.934372201048262E-4,0.05087294420474032,-0.3469684036648362,1.2332900785138825,0.5332888771479246
-0.0092324255011157,0.0030722084919680053,0.006465578266405603,5.803693155526872E-4,0.07024824326528145,-0.1906504508418342,1.2374564095828477,0.3684006825610257
-0.0061417498147321595,0.0020667708376023333,0.004449464307904526,0.001306912264261807,0.014598444200814822,-1.1129119101495268,0.29341217337626696,1.2751273411533932
-0.007101615850654861,0.0024947025035182103,0.0051737561226435505,0.0013818576150774096,0.005586960738893817,-1.003448561654091,0.5524771908506718,1.1609618496851102
-0.006684027307050001,0.002258430298223428,0.004846583565059778,0.0013358983460075716,0.008133948586269138,-1.0553136845908002,0.41769845704036396,1.2089004671678214
-0.006570427131572394,-0.0019079792879985622,0.0047078533897481805,-0.001131293544084484,0.011468994378348089,-1.0322569960601882,-0.33596584106898,1.1731011922535226
-0.006074357107869194,0.0015137255723527848,0.004335000325464835,9.476106149988915E-4,0.017224690371527154,-1.069980602471029,0.2115992010259343,1.2141125241740107
-0.005889169088970647,-8.117923059680371E-4,0.0041606179322659165,-5.115222061979669E-4,0.020303624206555553,-1.0527126177682653,-0.10558197343302887,1.1883670226733702
-0.006391479732272433,-0.0014188375696447516,0.00452656546604084,-8.502372890991104E-4,0.016017126315179372,-1.0172194322962176,-0.23240740409210023,1.1481399882377417
-0.006249493347770557,-0.0010364906939273947,0.004401469011551607,-6.27696299165258E-4,0.017690109693284398,-1.0140041634608774,-0.15982445527062958,1.1401073799360606
-0.005947133877452868,9.922203448966401E-4,0.004208281854960513,6.231594158246805E-4,0.01988176452529349,-1.053863788224241,0.13212578003930478,1.191091254176454
-0.005846753594589599,5.077518933047172E-4,0.00412047102357452,3.203905731659327E-4,0.02108216774379641,-1.0493667457567277,0.06455469314105819,1.1835212556997503
-0.0059514037646627655,-3.104062360460455E-4,0.004181087924378715,-1.9328549678149364E-4,0.021078667841141017,-1.0320387358526586,-0.04150646417325482,1.162017989816153
-0.006044651815904571,1.475799581901131E-4,0.004236217782544492,9.09540697586317E-5,0.01971739765193307,-1.0167809523697755,0.0199258490008583,1.1416851971736757
-0.008749324048498631,0.0029429911680042007,0.006234948389553462,8.692490241777794E-4,0.037776269853189305,-0.45617015098063224,1.096102900401881,0.6171333910402096
-0.008449213589969687,0.0027629689812308724,0.006019766737910716,9.709913888012111E-4,0.024403372834447264,-0.5860460821243231,0.9552110582203072,0.7288551648567678
-0.008271117467260183,0.0025619775655475706,0.005851274935880856,9.707590657141988E-4,0.020453191087713565,-0.6412353089294426,0.8377584017899881,0.7688834264472287
-0.007473951628304148,0.0023248694870098797,0.005352346291176334,0.001163683689363416,0.007605971099285527,-0.8844041566221345,0.5928516086692732,1.0165564021540592
-0.00803519592824561,0.0023934421481746106,0.005674472382883484,9.947898408165566E-4,0.015263658491060391,-0.7133752135097066,0.7294188313539623,0.8331505506982421
-0.00783551252269498,0.00227565899256452,0.005534331793347277,0.001012797033885022,0.013634936447282486,-0.7682416649049952,0.650939091427431,0.8830862825043034
-0.011917223655488918,-0.004615367796995479,0.006969821190348416,0.0024193387234427723,0.5162145164577856,2.1444431996782463,-1.38574491620809,-1.548845639982445
-0.011667229692765482,-0.0044312132580380525,0.007023705529187567,0.002032203390738776,0.46745400015015637,1.8843508954481991,-1.4759085313933822,-1.3479086341211002
-0.011736415900816201,-0.004447787535448901,0.006983840635252453,0.002111034431322918,0.4725612174738401,1.929663345354246,-1.4387338003575076,-1.3895983455818277
-0.011855032706057238,-0.004536320419711453,0.006959268422098639,0.0022937761262733333,0.49595726331567314,2.0519758018444847,-1.3971511641190852,-1.4840505478243264
-0.01180287024804264,-0.004467904269033192,0.006947022100473781,0.0021890344296061114,0.47811698879627695,1.975113245077671,-1.4035084114856697,-1.4303327182622314
-0.014597825603893359,0.016691409333401932,-0.0034188860075208974,-0.0022956583093118256,0.01790930208674132,-1.0936248195573273,0.5103876979912102,1.2765613653903773
-0.01460129203610636,0.017252768611104235,-0.003175037071596387,-0.0019418962054749487,0.004407550397912278,-0.9556816400948452,0.5163361733390838,1.1012268883076715
-0.014516108843123883,0.017713480372841754,-0.0030183257281240195,-0.0016794435236319107,-0.00665862627626605,-0.8557560797499261,0.5314221922688058,0.9793691596126727
-0.014381343547094456,0.018257981181913602,-0.0028367684765999417,-0.001399933075167634,-0.01819696478902384,-0.7460088529473414,0.5419720940872091,0.848802613621389
-0.014292085539824568,0.01885447780142206,-0.002600669962659455,-0.001137706016943946,-0.03128858135665197,-0.6429743852490014,0.5294495480198017,0.7258146901652615
-0.01472037421754521,0.018564870140283986,-0.002551819070082272,-0.0012908503267073492,-0.025310230145799834,-0.7062848666197831,0.46930128056206805,0.7931681528800346
-0.01294933382258103,0.022642850604642877,-0.00116314528873359,-1.4285356466316485E-4,-0.11236873700863871,-0.18014240794233297,0.46046450792908195,0.20747286267350892
-0.01361149660066165,0.021911338257225216,-0.001405906992811864,-2.6987186930017425E-4,-0.1038037667203998,-0.26899849367397594,0.4474725514717673,0.30080652470057695
-0.013916238000655008,0.021219429421358182,-0.0016533419123023272,-4.1419322255768255E-4,-0.08811533574519835,-0.3450161735974946,0.45312258498034214,0.38184704219122995
-0.014216654340760223,0.02171324337982748,-0.0013832191940116982,-3.284427045188043E-4,-0.10700805223910988,-0.3141539708202755,0.4140215871090932,0.3447151873272446
-0.01353537150623291,0.02381721463159589,-5.627007681266991E-4,-4.324302869487666E-5,-0.1793858094493597,-0.10788497046572966,0.42171263055264824,0.1288609705542814
-0.014112023702453479,0.025,0,0,-0.2718053285825603,0.01524256300754914,0.40900406656814753,0.003229256210806542
-0.01387502298909618,0.020396820730637536,-0.0020289262257932143,-6.037236450862712E-4,-0.06491574875246818,-0.42237441573867285,0.4962965665359231,0.47173005161508724
-0.014176927235088175,0.019484088632942046,-0.0023551189411791244,-8.984549893456386E-4,-0.04516131484566768,-0.5473965838982667,0.5128564964652421,0.6137721211767198
-0.014493433612642307,0.020998318866956574,-0.001617471748118283,-4.904490757141831E-4,-0.0867200223543635,-0.3929781290845566,0.4144510035662425,0.4306038351312342
-0.01477825089012988,0.016311972279387254,-0.003444291963003033,-0.0025678375096324503,0.02811839536808908,-1.1868746863260233,0.43421539871868814,1.391473346557934
-0.01488084893932987,0.015947663527005804,-0.003495966472979124,-0.0028419056182769826,0.03745989013287009,-1.2799317409071185,0.3658273170578836,1.5081341541782882
-0.014913765785942376,0.015602928823721225,-0.0035773359046692307,-0.0031206701179282287,0.04868193453909248,-1.3747381605714872,0.30629126866653184,1.635004426703172
-0.01494601952979647,0.015252389588766076,-0.0036432173459700463,-0.0034237687224495553,0.06004032890165068,-1.4756222444868616,0.2303554427740271,1.76995627197777
-0.014961642683826172,0.015012314632136405,-0.003682257763264199,-0.0036436758559249367,0.06919761036141134,-1.5436895482242585,0.16753000969009865,1.8667694154179526
-0.015099556130218706,0.01484134655075577,-0.003580772628789374,-0.0037773354006430154,0.07337213327791052,-1.559417637639685,0.06918580056558866,1.8854121093085434
-0.015243963841168407,0.014614309845161292,-0.0034680374043419386,-0.003954563141872397,0.08034094029447127,-1.5777884955691326,-0.05418421434785833,1.9136952992207894
-0.01538432316920312,0.014418983773491234,-0.003342550258638541,-0.004093498418411514,0.0848666885454899,-1.5776086813391574,-0.16770905643783832,1.9165246126905242
-0.015188200569519337,0.015438403921906825,-0.0033891885470673662,-0.0032266705831454474,0.05155886670220813,-1.3747865816341518,0.18289280619756232,1.6267270455393439
-0.015510862589112072,0.014208598700084599,-0.003218095750469051,-0.004242355388018281,0.09007988419952973,-1.5746536971962255,-0.2842138140358222,1.9193026229795283
-0.015613859535459337,0.013989075389063813,-0.0031022242588693645,-0.004401072893527755,0.09663217035616457,-1.5701331656397333,-0.40121861620150107,1.9236807448858748
-0.015713284270847182,0.013743906225213022,-0.0029713116477130402,-0.004576334998672022,0.10137272695986052,-1.5590986371407003,-0.5315861778538035,1.9219177129854859
-0.01570512017622303,0.013517115101719622,-0.002928371900502882,-0.004792945109302905,0.1110781513379631,-1.578454196378568,-0.6428786265103349,1.9709289072377647
-0.015809023993976348,0.013330917336180437,-0.002779390000458674,-0.004895046202673506,0.11363038175551965,-1.5367186410264173,-0.7504037106011352,1.9278951860270876
-0.01589818922864421,0.013097241285269186,-0.0026176573624385456,-0.005038540987015185,0.11845483579280126,-1.489957918267647,-0.879669769178902,1.8884903337321557
-0.015954403581228793,0.01286447094757839,-0.002471570209105846,-0.005193903070704906,0.123403665402754,-1.4442307125155123,-1.0066182106639479,1.8545511692033372
-0.015931488829424002,0.012015489720798713,-0.00198691894820279,-0.00589495043904278,0.1507061362075756,-1.2698136245108562,-1.5068251791474643,1.7722872031387937
-0.015971728435256346,0.012212983497623618,-0.0020943156888786475,-0.00570398107769332,0.1430356239416797,-1.3093193537273582,-1.3801906345708155,1.7816757312401401
-0.01601129423869915,0.01240698234033753,-0.0021855707554938545,-0.0055148913937539895,0.13543170007556335,-1.339442903881553,-1.259987560067822,1.7819353823986106
-0.01599001547872227,0.012631704567682622,-0.00232809830090375,-0.005356104495918634,0.1292681681263734,-1.3946787722526335,-1.1349169385174356,1.8206095460410097
-0.016084571527392948,0.011916207889043986,-0.001807504732858977,-0.005794115302019724,0.14288596430735348,-1.1587557091335763,-1.5191429604686928,1.6254533058630776
-0.01604310890652793,0.011736843463657732,-0.0016980218402255218,-0.005957874250808074,0.14972395011210268,-1.106727650059826,-1.6309136906788544,1.60020116007364
-0.016139511638021013,0.011601356281311986,-0.0015322691813969083,-0.005926173439975574,0.14450138454741082,-1.006010524626886,-1.6650681542990782,1.480230514267909
-0.016042057736205702,0.01102295770104526,-0.001067982101069889,-0.006336404146281676,0.16030329688577202,-0.7316379204811224,-1.9862633569135597,1.2741966540252851
-0.016070248927308857,0.011423733252810547,-0.0014225982199514416,-0.00610896934386288,0.15229061413416414,-0.948663568319411,-1.7838440593985383,1.456286298249675
-0.016058668986027518,0.011216658451614056,-0.0012434772231241804,-0.00622882302113341,0.1574595489925759,-0.8411083021923993,-1.8902790793432283,1.3670731404837964
-0.01618861444131331,0.010966729748364842,-9.582641537923185E-4,-0.006164323252366871,0.14903243640038585,-0.6500899156526393,-1.924934258000566,1.1459667410793302
-0.016179162968669843,0.010820809703952432,-8.244899066982171E-4,-0.006226111828107874,0.1498413272500796,-0.5629059248363754,-1.9830865953784038,1.0678193334391448
-0.015888719067980492,0.010108570786911159,-1.2972389854291067E-4,-0.006772348622560397,0.17605251992021206,-0.0846810616054367,-2.3767686499883207,0.7195236803794951
-0.015685165811831846,0.008780863593060772,0.001426699823173355,-0.006713699206260263,0.1861165305547565,1.0764872413621476,-2.376627116044679,-0.40221418845326123
-0.015814463950032196,0.00988698694459448,1.2772137775056934E-4,-0.006883687617369534,0.1820290064495569,0.10535695582577362,-2.4647910001135904,0.5636001281333227
-0.01587722429739292,0.009974935461552335,2.297102109312807E-5,-0.006791081553634635,0.17685979775046753,0.02740573748086545,-2.4032474980240734,0.6126041379185415
-0.015718726364625055,0.008903370267680325,0.0012784630786751513,-0.006733280177574469,0.18307849426616765,0.9660628032994655,-2.397261383362384,-0.29719411299640314
-0.015731046244950482,0.009040184843857489,0.0011242788135869565,-0.006783349955404526,0.18321607185990002,0.852740738560362,-2.4335942272909583,-0.17913922421933362
-0.015762060582811727,0.009154097093370289,9.849776708543087E-4,-0.006787382934298397,0.18086538157955367,0.7480745280490971,-2.4392531355246017,-0.08109370758460965
-0.01575727487756048,0.009284499105238906,8.404703335926462E-4,-0.00684474139531311,0.1825403002023487,0.6409054778433038,-2.4743295935473424,0.035826128023105926
-0.015813131255864362,0.009787615925940176,2.443360847789572E-4,-0.006876986951764064,0.18167304479311944,0.1924485194876504,-2.4703394687017046,0.4757615516068245
-0.01579490109077269,0.009664234381645513,3.914591818186992E-4,-0.006887578655715431,0.18278286102355581,0.3028537092369665,-2.486089194862291,0.3713146881504788
-0.015794123556892407,0.009541032980501806,5.350026721255278E-4,-0.006863849300077171,0.18099839462776554,0.40993406208861044,-2.479020125783134,0.260504466227947
-0.015792061969335924,0.009417139363104232,6.780457079468093E-4,-0.006834638968061662,0.18009785300506984,0.5178263087133416,-2.466225131110404,0.1488957443255057
-0.016076996226280584,0.010439858920607052,-4.6997719714125856E-4,-0.0064598357224913945,0.15920904078416379,-0.32529680470448646,-2.1646025128731625,0.8777019071361004
-0.015974910346215232,0.010341377018847067,-3.8156640122660577E-4,-0.006622368074247541,0.1676303047552906,-0.26630702489902297,-2.2623238820455733,0.8600114728890699
-0.015995482501320067,0.01020014821073528,-2.2540952630005135E-4,-0.0066078129084779615,0.16536014757588,-0.15371666572326156,-2.27574331611191,0.7409311483088313
-0.016187979898571927,0.010683087179129861,-6.899049220718141E-4,-0.006253678905088814,0.15029251179527978,-0.47221201540668684,-2.0222196062712254,0.9785245262302255
-0.01620289892862179,0.010533370341795363,-5.406703505519842E-4,-0.0062680657031777475,0.14811111012069442,-0.36942335834775525,-2.0546794665037837,0.8750901655220087
-0.016201839110516238,0.010407141647065469,-4.162697170244104E-4,-0.006291782107833531,0.1503744559669829,-0.28241593571999524,-2.0859831646404654,0.7919123462561272
-0.015639682962663784,0.008674714019061235,0.0015649412904997495,-0.006713858897108192,0.18999494910293888,1.1799202858301958,-2.366463870550616,-0.49456974537799797
-0.015578491256176667,0.008602239189685189,0.0016803072944500082,-0.006753105965644188,0.1963995229427212,1.269847730999478,-2.3805420564208397,-0.5625408136885998
-0.015589893162677369,0.008510953563024403,0.0017647589465580576,-0.006673215428474614,0.19421544184436665,1.3263104221490138,-2.3231648706358725,-0.6346863229880338
-0.015499839700109607,0.008380833918287634,0.001961142966607581,-0.0067003943794450155,0.20398110934320288,1.474614242047115,-2.3182517455503664,-0.755796244810106
-0.015570819984760322,0.008436151226235374,0.0018525949415923546,-0.0066450805349253985,0.1971860036115865,1.3886881466761998,-2.2964582838964733,-0.696906831536436
-0.015424395346260486,0.00813141128974715,0.00225965526298489,-0.006591946651507194,0.21315335951696587,1.6824538352402258,-2.2092995841047416,-0.9626314852809225
-0.015528561620712606,0.00828354044927182,0.0020311815208424577,-0.006583745852698471,0.20116777718070195,1.5142405711584297,-2.2359782575374294,-0.8222704834907181
-0.015486874815065168,0.008197634929748406,0.0021450965790573563,-0.006567734563627132,0.20628234848878804,1.5957011178389362,-2.2103004159620094,-0.8960607225602084
-0.015762128598940463,0.00869722819923692,0.001466607887901196,-0.0065557515592166785,0.1786422949356932,1.0959784008995863,-2.2786970207420527,-0.46388005856736675
-0.015286741587857875,0.007899260542588295,0.0025925413450069985,-0.006547138486554241,0.23069785889072283,1.918950259560363,-2.125368788086608,-1.170058998673281
-0.015356817413216789,0.007947503916464779,0.0024829261882085073,-0.006507393984626491,0.2220414686424311,1.8337050611400578,-2.118990411039018,-1.110577174841416
-0.015229354180757142,0.007734852063832452,0.002784154347597646,-0.006446381742839776,0.2397153364618174,2.0397486204130426,-2.023367474361178,-1.2938866136127618
-0.015277364517597312,0.007804885495108803,0.0026789232090822673,-0.006462482091749524,0.2320954165326836,1.9670301271761146,-2.054131160574539,-1.2314047721820511
-0.015439178181221197,0.008020383868316976,0.0023437697719445576,-0.00647269435330268,0.21272708717643932,1.7283396962808522,-2.1202347115946636,-1.0326920908970527
-0.015176357779778167,0.007630417104952514,0.0029199699076091225,-0.006394564416955121,0.24728366692411993,2.126570116215928,-1.9615541836745256,-1.376203806858001
-0.015243748186830214,0.007660364392939166,0.002824741158036485,-0.0063501242645589125,0.23802757274878397,2.050533596832216,-1.9527455930791497,-1.3265948219182402
-0.015173734280743143,0.00755102551669962,0.002979395144506581,-0.006309309567823382,0.24851596686596275,2.1509835992274833,-1.8934641450963807,-1.4161260431683702
-0.01511833120783143,0.00743653591359034,0.0031191996456285897,-0.006239196468074554,0.25699694767391873,2.232620160410899,-1.8170368714466332,-1.4966029349573224
-0.015163516309494902,0.00748244898123024,0.00303750020832426,-0.006243443126060285,0.2502645868827697,2.1775758833907775,-1.83807936367903,-1.4525804460823573
-0.015077518103585926,0.007307763447040017,0.0032464359575353524,-0.006130620964545863,0.2644235228954619,2.2942568554331295,-1.7161537661620425,-1.5689151767863707
-0.015146584310348954,0.00735791073258136,0.0031360205962314663,-0.006119644717498765,0.25441796903054975,2.217157804167533,-1.736163075252189,-1.51150486443103
-0.014982288715168513,0.007200409559698446,0.0034221357060135933,-0.006093954201554347,0.2786964294922147,2.4034941739891225,-1.6484132213431273,-1.6600168318357291
-0.015070843545946733,0.0072152821465530734,0.003307010899028963,-0.0060276494715522065,0.26614640975717213,2.30996256537852,-1.6353658536712288,-1.6028679210859706
-0.01496283792859263,0.007128701042847095,0.003483986268673023,-0.006023576888928247,0.28247716385914323,2.4257613988461646,-1.587062264228879,-1.6915452928508354
-0.014938654916951326,0.007059972666263924,0.003548247839426542,-0.0059597734486643685,0.2864127288457378,2.4503429107695687,-1.5290777895220076,-1.7228497037237775
-0.014880639652749725,0.007017201520384255,0.003641645835214474,-0.005956389844714093,0.29579588855302297,2.510582115204794,-1.5014297431129577,-1.7682927356721854
-0.014814656086017475,0.006965354990404341,0.0037499577427707923,-0.005945375079012389,0.3066555337838301,2.578332981338521,-1.4634853184114425,-1.820322221293506
-0.014748445278458183,0.0069209639452615535,0.0038560678359842305,-0.005941229219873031,0.31776029658582194,2.6468330138350633,-1.430075802696125,-1.870653066830501
-0.01475284937079146,0.006852332585982814,0.0038770185015092424,-0.005846420552604777,0.3169883242843695,2.629047966857572,-1.3634522997687395,-1.8754573796572054
-0.014710342498248485,0.006794860795429197,0.003954493436097318,-0.005802116175884494,0.32450781546477697,2.6639412869189942,-1.3121681393589524,-1.9085066716757064
-0.014660803849299398,0.00674471438536818,0.004038221913934747,-0.005770495064351964,0.33330633962604245,2.7064103243343345,-1.266684496784671,-1.9441669563048714
-0.014649768269472965,0.0066763008040135715,0.004074138121533886,-0.005685490990688759,0.3345281319175351,2.699000390549545,-1.2029094776655533,-1.9529052115902001
-0.014544610902881406,0.0065563536907679056,0.004249041121279602,-0.005589435678813378,0.3523363656101925,2.7705725407390203,-1.0874967788377665,-2.0180086627995557
-0.014631245007124592,0.006599761851544553,0.004120304080451099,-0.005594483129370891,0.3378032242117528,2.6935833727923995,-1.1328087402537828,-1.9634952819822937
-0.014484725120622141,0.006481584042762745,0.004347510711709701,-0.005520953490028574,0.36274667624180884,2.80345275905314,-1.0131917844876515,-2.050557148330722
-0.014565393254802467,0.0064791361279790075,0.004237269669540213,-0.005471609074189802,0.34769926723246103,2.717416917606206,-1.0213655692590013,-1.998245785229086
-0.014365639125014807,0.006264628067075006,0.004543082492434126,-0.005279179317522316,0.37987217631411224,2.8174021005793155,-0.8044489418372978,-2.090168360976353
-0.014446373141116116,0.0063943159579321575,0.004415470989142283,-0.005420418873269939,0.3677136315347442,2.8030011830474866,-0.9305579557765028,-2.0636462135065465
-0.014405675810931634,0.006322706263656461,0.0044814741443741915,-0.005341331442910271,0.3738377105643213,2.8085797715348306,-0.8616305613474925,-2.0771380879647254
-0.01427257471049872,0.00616830882629357,0.00467877846300085,-0.005183192388016338,0.3948271525422142,2.851925785044528,-0.7005987542099276,-2.123122566877956
-0.014367659189326256,0.006182960588636205,0.0045466985236668886,-0.005165858727752924,0.3768081947256099,2.7693926193651044,-0.7406643366748165,-2.070577229572058
-0.011257703083872075,0.004229378691412925,0.007125148380583407,-0.001485132898250422,0.3995534006485591,1.5176152788843014,1.606931211462878,-1.0435204521229389
-0.011423920492206578,0.004276977811620194,0.007064916899790874,-0.0016840415630603072,0.4210636041431442,1.646637339570354,1.5445397078675136,-1.158167435449423
-0.011342393517908344,0.004225468389696243,0.007072155338500766,-0.0015698330552978523,0.40348668750554506,1.5664164044524607,1.5611294420581017,-1.0939580790093044
-0.011514884520932732,0.004226822449586933,0.006963994218506145,-0.0017403315830359471,0.41330231023190195,1.6626084860764723,1.4682834490536736,-1.1918851949351632
-0.011611040225801698,0.004291106443162396,0.006950027945354354,-0.0018755950669975144,0.43166273782495707,1.7550723562533468,1.4440481495105735,-1.2654691783297591
-0.011843479062510888,0.004459334571603974,0.006906840942431609,-0.0022189196453166627,0.4761487359571533,1.984913923676636,1.3724665522894233,-1.444964530272345
-0.0116986414817532,0.004349110521970496,0.0069327280807888305,-0.0019997553688218725,0.44755818546368403,1.838230998273272,1.4179916378435136,-1.3314570299946686
-0.011776179249426727,0.004405244037349931,0.006917976798685772,-0.002114290387226162,0.4622550361962632,1.9146381975558082,1.3936337198117619,-1.3912315245720348
-0.013235999724586375,0.005189782734231332,0.005879504092578113,-0.0038795108100082897,0.5008705646479282,2.7337690988119543,0.40214747780290094,-2.0778141452014336
-0.013164878047426394,0.005167883612069941,0.005959479192642319,-0.0038298130461758956,0.5097115824936281,2.7362722568217412,0.4595600450498594,-2.0746246544534133
-0.012908515778084762,0.0050738470760328435,0.006229796781222805,-0.0036109776505642934,0.5339292318956622,2.706347372113011,0.673156767352416,-2.034812642022633
-0.012698533973777897,0.004941963114196868,0.006401167095311861,-0.0033446990219386623,0.535595558082601,2.5954445237996864,0.843430914639934,-1.945210432903408
-0.01263726452742492,0.0048982277270438294,0.006443575628213003,-0.00325856931690094,0.5332908164451556,2.5530363767604345,0.8899746587414151,-1.9121341147511706
-0.012776843677568095,0.004979765804481578,0.006332934269852886,-0.003432144424109992,0.533547422702814,2.6281609877982466,0.7810722487654477,-1.9741091278887477
-0.012844375428818148,0.0050193321950455375,0.006276056023994263,-0.003514055943953587,0.5321241337620376,2.6603573785648056,0.7267073794684361,-2.0006778750777694
-0.013118914172803848,0.00511848532741445,0.005993190965348821,-0.0037522916613492298,0.5082494664950343,2.701178973959191,0.5020471240693715,-2.050039287491186
-0.013046872907400258,0.005081794001946477,0.006064002452067293,-0.003680040459808135,0.5131839262967245,2.6840228322107866,0.5618664238620531,-2.034154634068996
-0.012980361765946736,0.005057140666126532,0.0061326340894219,-0.0036225631686749304,0.519898145111823,2.6747810815756847,0.6160858163765341,-2.022817276844043
-0.012180307572618313,0.004633269682167552,0.006739691941273292,-0.0026600563452908016,0.5101286771660017,2.2436204942013718,1.195161198182786,-1.659544590863706
-0.011964306245295847,0.004515034839201717,0.006848220031116827,-0.002372742454814137,0.48849637523953576,2.0762493580662427,1.3112468640497006,-1.5222498151316655
-0.011925689721226785,0.0044347334358795015,0.006819197698274424,-0.002270674485691061,0.46905749751366604,1.997863329578405,1.3071559541517834,-1.470320476110684
-0.012047211172017605,0.004536375171989677,0.006790982130314331,-0.002461877146040273,0.4910122290819205,2.121936685460804,1.2603807402018765,-1.564867492346729
-0.012121654802183399,0.004579804637229316,0.0067553925817568925,-0.0025625634454715727,0.49947821298819095,2.181142523999686,1.221583457633596,-1.612846094616463
-0.01241192173393848,0.004734052678681059,0.006579401413833118,-0.002933481232187632,0.5182956681534209,2.3798260056250844,1.0434535619339316,-1.7778247997398984
-0.012320504080998544,0.004689943977567056,0.00664244587947844,-0.002822847852775514,0.5149189395048612,2.3250776271847933,1.1042484215264652,-1.7312376172382444
-0.01226003766933936,0.0046015848058144375,0.006639468452222422,-0.0026905048129333424,0.4975661908221807,2.2344256744783144,1.126220341249274,-1.6686770606779266
-0.012591455516860717,0.004846693179280708,0.006461683621203654,-0.0031727316271591907,0.5269727567320118,2.501688384486346,0.9208115752989195,-1.8756406851724121
-0.012496457667641243,0.004768935223438569,0.006513820021465823,-0.0030274678679825437,0.518681198487463,2.421640778115618,0.9837746198743124,-1.8152751911075777
-0.012561919170099278,0.004794878544562705,0.006460348670541846,-0.003097371920350415,0.5183103243433149,2.450585393251049,0.936791349896399,-1.8414480818590349
-0.013331774425589223,0.0051728399629474816,0.005751254251149137,-0.0038836948999252242,0.4823091892824017,2.6821146690554056,0.3364555079083744,-2.0519216985005753
-0.013286088630112125,0.005116735892744618,0.005784833699736482,-0.003801982220483377,0.4808191275782251,2.647057393908697,0.3798368515575738,-2.0282503166007295
-0.014108046171921233,0.00605357610386396,0.004910604542514516,-0.005076127463122985,0.42261087113852597,2.931876329593468,-0.5535235900371097,-2.1839231010946847
-0.014071754974906453,0.00598028759428577,0.004957691876975627,-0.004981957950077103,0.4258037076782401,2.9106531493962606,-0.48518088723161307,-2.1775540739625554
-0.014209436538006687,0.0060852221528743256,0.004768338448895981,-0.005089583315596706,0.4035765097315602,2.8585471708125105,-0.6164072279871006,-2.1361382197142036
-0.014036819257519456,0.005906970018454413,0.005000511676388308,-0.004886984977904303,0.4283294700258842,2.885349328966924,-0.41955302152004975,-2.168131045326938
-0.013935804099552081,0.005780982579401772,0.00512496845969565,-0.004729342707355784,0.43956960955580426,2.8691513045216444,-0.29086270600362873,-2.165910459522373
-0.013993163901068093,0.0058277482871189465,0.005052187091427989,-0.00478529580076655,0.43077201045386804,2.8604520817253105,-0.34813209182280763,-2.1580821598695525
-0.013911271360288949,0.005723989879239098,0.005149356606983963,-0.004654014965155846,0.4388288304506314,2.841656799988795,-0.24504680346373,-2.1520321025172673
-0.013889071802597804,0.0056730147262664555,0.00517056612126294,-0.004586800678999735,0.4388965120203089,2.8168441848987134,-0.20549473570751348,-2.139102920834574
-0.01338587271204082,0.005254092850070579,0.005715233513707605,-0.003999172957877307,0.48500561402721015,2.73614024394571,0.2790869770003123,-2.087093245122089
-0.013522523767391654,0.005484698400222352,0.005619635119619547,-0.004326165061870848,0.4916038818928902,2.8881974975731137,0.10910981038808355,-2.181144197649647
-0.01348283989321078,0.005401446216086113,0.005643942707623889,-0.004209064609422663,0.4881354632311277,2.8294996987250687,0.16700363751990124,-2.1460442558599087
-0.013436996547641489,0.005327961343763329,0.005677453162983557,-0.004104738079532057,0.4865421818285968,2.782565089373555,0.222659500101144,-2.1167667217827812
-0.013723670937967506,0.0056311996883754364,0.005387549040727031,-0.00453761724989303,0.4681327767565558,2.897593767050713,-0.08862150768076682,-2.1877772845993078
-0.013667819781145193,0.005560938909473308,0.0054454370939049845,-0.004440632783479541,0.47181737625836656,2.8708025825717964,-0.02015185904847303,-2.172866454351927
-0.013614271911777696,0.005487701552063307,0.005496621755646757,-0.004338732998760281,0.47349046476663686,2.836851775830398,0.046059703441795496,-2.1529375973445712
-0.013823461841675471,0.005633181428385203,0.005251615644368787,-0.004537321302181748,0.44902755093930363,2.830072703140459,-0.1486569508637243,-2.148336816555398
0.006446970434074679,-0.014185211508821025,0.005626228064500608,-0.004788013496476922,-0.11528183847290151,3.2203906610671225,0.12963969249741744,-2.378598468231676
0.006475779179017245,-0.014238995228458241,0.00564333474465729,-0.004703418260165412,-0.10796667136345235,3.1923670992445126,0.18762308562229002,-2.361254933405801
0.009110685356019747,-0.015521169034059144,0.007139417716841281,-0.0011429235990039466,0.14840704834693177,1.6573089404647876,2.4029694767634453,-0.8558320915471695
0.00890910119521762,-0.015410049176573688,0.007206932158348475,-0.0014470431735867288,0.15442188170591942,1.9176889258862067,2.3626382180725725,-1.0675716730543015
0.008966923035553062,-0.015450879286311094,0.0071758131629148375,-0.0013533889855433087,0.15168078615359473,1.832926781833527,2.3704639341222635,-1.0020746931496387
0.009032435946771908,-0.015488521831718125,0.007151821831344198,-0.0012538370218544875,0.14960655824351524,1.7470256588489852,2.3827470987742854,-0.9327623822799999
0.008845892796962622,-0.015432878323045704,0.007131445886058762,-0.0015078810286727872,0.1467985620331259,1.9327386596999052,2.3033882242019232,-1.1040231033066734
0.008624448841398994,-0.015336903714310313,0.007126396541643608,-0.0018303345926368765,0.14401984157771666,2.1749759680621943,2.2032942690367103,-1.3156648843687913
0.008671258052772308,-0.015381140613515275,0.007093142923904974,-0.0017444237719116617,0.14135766555542692,2.095595204281908,2.212152790073077,-1.257129220112615
0.00872601195187602,-0.01542324887754028,0.007067151042025654,-0.0016526062114551098,0.13977657159742088,2.0152413858449716,2.225784562190143,-1.195088260369489
0.008784461969806978,-0.01544950677251728,0.007066014328070273,-0.0015683668854060162,0.13977089422700317,1.9513893276753351,2.2497948903890874,-1.1397380511373312
0.008430725272840226,-0.015315006196466833,0.007003620525142696,-0.0020606766898245456,0.12926866179159283,2.2924875238546734,2.059839910092855,-1.4501955405689506
0.008377809168586981,-0.015333234051070501,0.006932076521235267,-0.002100654268392893,0.12145688133448149,2.2901095145373893,2.007667645401284,-1.4674478749045115
0.008490454329402894,-0.01535435203473741,0.006994920709103588,-0.001964440908889018,0.12926992434786896,2.2173660769081507,2.087956199415794,-1.3890705979678788
0.008561299074733237,-0.015356523622559161,0.007047905515186733,-0.0018857426484514752,0.13596518932197607,2.182074767493115,2.1423322578129453,-1.3443853101356529
0.00651088972582846,-0.014290726039307445,0.005668940213691512,-0.004621125638592701,-0.10033688709762324,3.1699479209512087,0.24617491758453225,-2.346415093333896
0.0065502605299683925,-0.014340661668406814,0.005699767650739374,-0.004540571713856517,-0.09227768502541138,3.1506686086947506,0.3048478800436611,-2.3327234956798866
0.006590879807583383,-0.014390371122420429,0.005730470304224571,-0.004459701603752731,-0.08437195301793297,3.1302588161623586,0.363188948497379,-2.3178351244901276
0.0066336324389788,-0.014440548298430746,0.005761859125753751,-0.004377290922371769,-0.07624244013304393,3.10849803287578,0.42203544995320946,-2.3015537369383066
0.006682367652526048,-0.014489793752862634,0.005800220452665744,-0.004294266065648317,-0.0684250004585447,3.0896776019720504,0.48318264329331223,-2.286100408858289
0.006746597166951119,-0.014517643108554345,0.005873342594233252,-0.004236294582076556,-0.05798438587673443,3.1029648374948766,0.5422610046682762,-2.288401609056967
0.006770992373154031,-0.01458247440119081,0.005861699879090693,-0.004136971611980952,-0.05333363090542642,3.044312429834846,0.5941189843997349,-2.2499745221183125
0.006821136686220509,-0.014626756103503852,0.005899112267972419,-0.004058474899050177,-0.044830502046319116,3.0240779886249194,0.6508942231573903,-2.232465372560416
0.006823594214194191,-0.014688999982309953,0.005855440348168652,-0.003972263167553614,-0.04316168333465553,2.9542571707163914,0.6811671706443085,-2.1890154315126624
0.008063744547834562,-0.015232854069291007,0.006780585206550852,-0.002501455620999814,0.09933458076283293,2.508768524603266,1.779876770576557,-1.6862156963611792
0.00812831626361138,-0.015264194072886313,0.006801598756200816,-0.0024105476033939133,0.1030352880605346,2.4542561596967585,1.8255824105483265,-1.6368618730673143
0.008191778726512597,-0.015282304156716506,0.0068371064166030905,-0.002332628668991157,0.1083113112725463,2.414984007337384,1.873615117161367,-1.5958928182421017
0.008261093234207048,-0.015300254624106342,0.006876049809703952,-0.0022480697486752803,0.1138417750997499,2.3719044833119223,1.9254140525327144,-1.5503113839264573
0.008334082932212602,-0.015380408205685784,0.006827545560157977,-0.0021047803411893373,0.11180248447251047,2.2466435711925565,1.9507549549546166,-1.4584188246570815
0.008268389699739738,-0.01536952054939116,0.00678594168188594,-0.0021790777559924698,0.10613346292741625,2.28185752311424,1.9029783631641737,-1.4984111506788833
0.007839382050383606,-0.015112269618695304,0.006701776212215174,-0.002826397200875908,0.08311201225595617,2.696637597179628,1.606352435705851,-1.854760204809436
0.007993772797202536,-0.01526690441518237,0.006665985506568093,-0.0025306672402854477,0.08787774468431402,2.4756463426336315,1.71011388851535,-1.6864382590072466
0.007883488009137631,-0.015174239047955234,0.006671138853162701,-0.002721815539663906,0.08309684595879184,2.609866172373758,1.6353439694350433,-1.7929909879938801
0.00793565783508129,-0.01522390303166937,0.006662482136494819,-0.00262499592446818,0.08502518850919515,2.539234017854128,1.6707809501379172,-1.7384847296063646
0.007701341278476441,-0.015094158072138245,0.006569038571448838,-0.0029581847464512753,0.06615884178999899,2.7194634337775523,1.4841472913486562,-1.9012128050672426
0.007750073680290991,-0.015143129936147385,0.00656481407430842,-0.0028650738140244968,0.06893995831187212,2.655404866639875,1.5224171240384914,-1.8521296812501793
0.007433977731409928,-0.01495887881869832,0.006404875065738678,-0.0033106025286405946,0.03727425120885781,2.864281280422695,1.245317674645415,-2.0437569903312522
0.007644019437832066,-0.015109696437212444,0.006485477838340176,-0.0029840523885197446,0.05777172791254297,2.695376848030767,1.432736095794628,-1.8994024242690912
0.007593760093043172,-0.015088570810081843,0.006452165967317043,-0.0030452221975734686,0.052512747569231466,2.718700019814993,1.3898201336219227,-1.9240596087899517
0.0075068371439478455,-0.015012907726003865,0.006434802259000131,-0.0031957539127052065,0.044989050773227186,2.8068889556574983,1.3130832465835398,-1.9949168662224575
0.0075406881622731734,-0.015068105064829326,0.006413557476926417,-0.0031067467171743825,0.04623046823586018,2.739178102395645,1.3439182886901393,-1.9472470121883272
0.007345849071038538,-0.014983502791544662,0.006270325723795189,-0.003335981208218903,0.02465050132162352,2.810433143075786,1.1724619013202033,-2.027027688502941
0.007045472528878091,-0.014790318161703767,0.006070280551255114,-0.003745118368638511,-0.012711663760207543,2.9466224640845406,0.8847600341511913,-2.1573546239001673
0.007101268346856261,-0.014841956689256143,0.006097522618910608,-0.003650529465756839,-0.005827786720523102,2.9071179159935716,0.9443396348264327,-2.1249669226182726
0.007174576731117249,-0.014884427824327124,0.006152933216022094,-0.0035581718505325573,0.004060850167954295,2.882824015838198,1.01346849025013,-2.099376100384528
0.0072375778170761925,-0.0149370466977103,0.006182370103284533,-0.0034570092238088985,0.010789767965180384,2.8382192829674824,1.075849016047357,-2.061997338501968
0.007279847495620645,-0.014973995848318733,0.006198670628255501,-0.00338695283478163,0.015638678976805466,2.804604494191732,1.116492089396046,-2.0343895102567253
0.0069383117631170305,-0.014728978518151761,0.005979057098753003,-0.0038740705470615283,-0.027726934692155952,2.9690164088570334,0.7808751611680773,-2.185097666897963
0.006861441195381581,-0.014726558019560722,0.005877567074183806,-0.003907740365228434,-0.03805527131107783,2.9320874476131817,0.7237517176082267,-2.170998503527824
0.006968894327895745,-0.014800199539021902,0.005960752550746867,-0.003766351027091077,-0.023046451802509943,2.8996839157049084,0.8294935913966338,-2.138213120812246
0.010656001430386672,-0.015795391863001145,0.0068196051910034755,7.717578909078258E-4,0.11938594700688952,0.11886526167490157,2.4509965276704544,0.5417654928627078
0.010398609344117071,-0.015690771209992387,0.007046095103880437,4.951442183144749E-4,0.1371518236982886,0.38286754052526556,2.5780097597396954,0.3419846111005831
0.010471903872432742,-0.015739335877971192,0.0069542496916729585,5.730782040198457E-4,0.13004922650011966,0.2991904748780719,2.5265505184189805,0.3975809078841604
0.010558147780119813,-0.015782146054550993,0.006867203888396717,6.634871267322536E-4,0.12331566190402286,0.20903178431436906,2.4776787262657525,0.46305264182024014
0.01033111362361188,-0.015732979667870756,0.00699112191668639,4.059172833456184E-4,0.13282628016902095,0.4331698364291919,2.54171392495958,0.2724731787185553
0.010187697089178235,-0.015713181367033594,0.007039950102368132,2.3435554253974257E-4,0.13743278783635723,0.57552608704744,2.559886050168093,0.14470121225766877
0.01025629761832417,-0.015749204284113916,0.0069758494211712655,3.1370377750709086E-4,0.13146423056257492,0.49736784929110467,2.527719568730209,0.20267001396872703
0.009989684056809172,-0.015701439017734697,0.00706584345116159,-8.466098475160214E-6,0.14014834552985297,0.7663559187489697,2.5540515616120243,-0.03687130626965492
0.01006309659089039,-0.015742019011284976,0.00700071403304317,8.10088295964869E-5,0.1340221216773929,0.6784417886447818,2.524879871114155,0.029211067620095652
0.010132314289837158,-0.01575849723207097,0.0069719857320576315,1.639416536347671E-4,0.1316518366930591,0.608167648023356,2.5153256648051188,0.08991996358819983
0.0098048137373053,-0.015642007605979114,0.007150521304096062,-2.4252969556933567E-4,0.14856258324996216,0.9717026820387867,2.5758535758689454,-0.2099271894420899
0.009859411780147258,-0.015676529277506446,0.007099684094409984,-1.7103189090665258E-4,0.14286141238858507,0.9005898762831451,2.5556756972590318,-0.15719353997924718
0.009899591674331625,-0.015737844887397018,0.007004257116368863,-1.1724374259097077E-4,0.13492740322295124,0.829274277741953,2.507029448022237,-0.11867819393738631
0.00973015602716968,-0.015661575528845673,0.007108871940819263,-3.334332804601062E-4,0.1438541243409036,1.0272504539580316,2.5394527350681826,-0.2772161368721375
0.009648258941411733,-0.01564420789510176,0.007122858126510509,-4.380459885006464E-4,0.14655492585920712,1.1111857020166838,2.5321984655657612,-0.3531963222013821
0.009573442682707975,-0.015679433416694942,0.007050363774607027,-5.227961223974487E-4,0.13942999954091187,1.1515708238426667,2.4776184552649685,-0.41481376290738364
0.009445209969569292,-0.015633911817776305,0.007089557837228073,-6.911353813646436E-4,0.14398992307347266,1.2933528323106043,2.470223711523962,-0.5362084760714242
0.009498340603020959,-0.015684440918665353,0.007023843706348808,-6.12545496899717E-4,0.13793672866739518,1.2105537816645473,2.447365881778843,-0.47859440837573164
0.009351364102965137,-0.015640150650239465,0.007049312835313967,-8.029499156714238E-4,0.14037065861277528,1.3637362165188338,2.4263095911493724,-0.6144285707592388
0.009266002873815475,-0.01568118425351713,0.006954139808109716,-8.893780901252516E-4,0.1318410937104215,1.3964777725881274,2.3560820998553775,-0.673321095847613
0.009208398871956406,-0.01561431578335352,0.00703578565695166,-9.837954804001892E-4,0.13900838613955793,1.4970146028493223,2.38093958988777,-0.741794347917147
0.00912886470931674,-0.015606899153137843,0.0070125722274483404,-0.00108091929302174,0.13676136169633457,1.5619811868601996,2.346515205949411,-0.8078347155782754
0.019555902148342505,-0.01361629456026028,8.161693907623142E-4,0.002501784812264025,0.07514594266787379,-0.5483232436617457,-0.5341514024311445,0.6181232087319476
0.02026779334966576,-0.013307227912350611,5.83292058771371E-4,0.0022337641537292573,0.08085904729011889,-0.43768301417854155,-0.5245875617002299,0.4916129205905608
0.020994666633338627,-0.012996089298764543,3.944964128654351E-4,0.0019431177230721348,0.08864547699968238,-0.3418673708970927,-0.5077910963047422,0.38465048154885656
0.021712508192733293,-0.012597147638594304,2.444440720475937E-4,0.001655849530163144,0.0948417478285213,-0.2535811293605557,-0.49578412168711,0.28898034618920565
0.022739671201846768,-0.012663436898280263,1.2289991186079932E-4,0.0011478389365598537,0.12124608871825518,-0.18603907975577702,-0.45730429457852495,0.21330645563666617
0.02391935687729434,-0.013399400264926616,3.563622460118818E-5,5.245599693373665E-4,0.1900501576697826,-0.11636840107754239,-0.42148814809520013,0.1373716239605036
0.025,-0.014112023702453375,0,0,0.27975368533277883,-0.0030110258996665635,-0.4098390981016414,0.020947098028528996
0.017527147254673636,-0.01434363996211508,0.001763058542237019,0.003196868998715566,0.06267596938431264,-0.9532962247167934,-0.464202559378454,1.093088159288177
0.017849843467120263,-0.014102421615663129,0.0015641213259758105,0.0031665574885581054,0.06395979116749977,-0.8775371855681404,-0.521792658936499,1.0058076930930315
0.018320086600768646,-0.014057629344345792,0.001335271229334969,0.0029533262302144296,0.06549060836868716,-0.7783771587301106,-0.5216543542835752,0.8847189312290732
0.01891941704978102,-0.013895755423608923,0.0010689825122772393,0.002722386122717883,0.06914509146889891,-0.6622673978164525,-0.5276145550690842,0.7482030283439006
0.017170908163531867,-0.014584903561631241,0.0019895413305458364,0.003220277716639932,0.05962352724943648,-1.0322764831470066,-0.39223343797957594,1.1850110585678078
0.01674729893390256,-0.014690921717550896,0.0022628889579534173,0.0033332141786952805,0.059609929661275714,-1.131992404153521,-0.33241527890314826,1.3098314250557943
0.015634368583018206,-0.014987667029300667,0.0030879927777651434,0.0035066263402904305,0.061076386485200106,-1.3831758637589873,-0.056145528598387236,1.6335367412984059
0.01600887014989445,-0.014907684112404668,0.0027933484024047716,0.0034549020953794436,0.06023316474994218,-1.2995980380761358,-0.16396912332064942,1.5228383576995335
0.01637037225349349,-0.014823318901698142,0.0025257471812497015,0.00338990986678704,0.05809481410710713,-1.2173399691844382,-0.24908100012791015,1.4142819158398632
0.0149127625621204,-0.014940120575994665,0.003743612770943045,0.003722021801283642,0.07345530550249359,-1.5782167949039165,0.16845719976276416,1.9158639931961505
0.015254893080523408,-0.014999147060897573,0.003414143069226111,0.003594908469402112,0.06572898558289397,-1.476515531789782,0.057816754428081645,1.7665697651729364
0.014343464042304922,-0.015287310043533155,0.004203151809165095,0.003437269286646631,0.06698443658692277,-1.5639206462370014,0.502952071409799,1.9254178669567203
0.014550740830327072,-0.015238572350519675,0.004017589576946464,0.0034774086570128304,0.06779094145214827,-1.5503579667910632,0.393587354507634,1.8952799776228353
0.01475229411323531,-0.015173930178154485,0.003843215394619304,0.0035214858779465466,0.06680022133294143,-1.5364826054928742,0.29017168915267894,1.8655803614007382
0.015457541320104832,-0.01530058165508931,0.003193391617265957,0.003292027783679492,0.053321636217455844,-1.355701418870405,0.07030979581620656,1.5947431216048582
0.014288899060503043,-0.015472715913657765,0.0041825950537988914,0.00325730779487803,0.05981303291735864,-1.497882172668189,0.5549629889533252,1.836485941189935
0.014123415733143435,-0.015579867681537777,0.00429150434665258,0.003147122709546427,0.05750465496203727,-1.4686598853549782,0.6472672537668687,1.8096883027500652
0.013896258614996427,-0.01563849879101947,0.004475385536367894,0.003066754582077551,0.05813234985782622,-1.4528949626087295,0.7687338941064956,1.8094880164861287
0.01282375833688926,-0.015546473296858494,0.005582927427997037,0.0028244866698327905,0.08162012871007275,-1.3602688668717033,1.4527063562670934,1.8761613628026406
0.012709686166193564,-0.015671231149806397,0.0055795108810464235,0.00264672280430349,0.07738584203359641,-1.2671923414017028,1.4956137230596187,1.7635592564874436
0.012999886086498194,-0.01564275270102061,0.005330242848264646,0.0028121953746620006,0.0731651351335836,-1.3607737510647053,1.310004382715727,1.826119944472789
0.013668953928482927,-0.01568067107869606,0.004665415625618508,0.002986863458871812,0.05906746196494267,-1.4310159062286925,0.8942037131284138,1.8060703465913888
0.013445590891577729,-0.01570414549431395,0.004860671749920647,0.0029102932032900476,0.06145835006307337,-1.4055590023663347,1.0226206119954346,1.8007178031263396
0.01320408638695195,-0.015731798589376653,0.005067754372572072,0.0028077879386666027,0.06337307695635398,-1.3609710172588,1.1649921244240484,1.7784128514321365
0.013341152039691745,-0.01589124286249366,0.004828638887517732,0.0027085713449643057,0.05374692392641185,-1.3133567483240336,1.063278093920313,1.683860172370132
0.012569360477622263,-0.01570498220440505,0.005676177769192944,0.002538101538554605,0.07830188381059074,-1.2038192405971524,1.5778363902328878,1.7072071236600193
0.012454895248016337,-0.015798319600420597,0.0056855629146811346,0.0023880871178111234,0.07358228816839825,-1.1199286524733516,1.617009072296278,1.6095146283327861
0.012318170843425708,-0.015802309117769524,0.005796759218446488,0.00229853216499486,0.07711893201705526,-1.0603190191032363,1.7004099014033809,1.564208195942893
0.012132708430304718,-0.015815298025804555,0.005934021668092827,0.002160744103021569,0.0811695210967197,-0.966153755741236,1.8063840803016176,1.4865863550237624
0.011929119819314703,-0.01587836788926627,0.006018257804015033,0.0019610856912192823,0.08214786529425104,-0.8359837425931441,1.890304123811834,1.3583534996561824
0.011790986242445522,-0.015967980441159223,0.006010607532759705,0.0017901915536212864,0.07803412913220342,-0.7313749435879885,1.9124711608512162,1.2380671040443618
0.011662876682594777,-0.015960451823838324,0.0061031499821607126,0.0016907781870330243,0.08181513460267155,-0.6553696354491061,1.9790596257946813,1.1754621217076513
0.01075052720081375,-0.015857528494998867,0.006697060761321678,8.571457932357698E-4,0.11130853886070667,0.026508866789521687,2.379725824793671,0.6008795572473257
0.011132215128508167,-0.015801923445231406,0.0066166575533640895,0.0012868255733483474,0.10835152125397583,-0.2924008957987157,2.3156207390772714,0.9176292911781313
0.010999649830709252,-0.015844092368705123,0.006619591558625115,0.0011289074058220654,0.10697296698660343,-0.1828990553217198,2.3261878066473067,0.8004573545617336
0.010878257875403058,-0.015856659920501556,0.0066519565135893565,9.952810523154807E-4,0.10877921975519046,-0.08222866894166808,2.3501343704081883,0.7023125905226181
0.01122109769780355,-0.01591555641670311,0.006415269360686949,0.0013180833838772135,0.09574852824877132,-0.3556442470466434,2.1965984258256923,0.9276882911661913
0.01147381889803418,-0.015972248893589534,0.0062036329535938494,0.0015212612834355488,0.08530175364352442,-0.5297016115755594,2.0566326452841164,1.0615450833452853
0.011313493843711145,-0.016026227567697112,0.006222511253605684,0.001348123941487712,0.08474338815513727,-0.4124531445468353,2.0843050590980714,0.9383049263169646
0.004383956359247351,-0.011560234438991289,0.0018921877601886718,-0.007062118936163993,-0.18869026116320778,1.2601258548863916,-1.7790450935259983,-0.8033158354914726
0.004363644909510432,-0.011467724420578933,0.0017849488784872638,-0.00710906495093542,-0.17778234647416283,1.1853782990442143,-1.8098706327130991,-0.7316005566029776
0.004424986526501155,-0.011650835185114911,0.0020111709903509124,-0.007030069561859454,-0.20000884086720766,1.3419736367399626,-1.7592437754453667,-0.8757258237034647
0.004332350782014778,-0.011625045044680413,0.00191795722835362,-0.0069726356226023104,-0.1919511009633846,1.2813158134730698,-1.715020076069552,-0.8419922621762306
0.004438110913004236,-0.011767445192678961,0.002131784473540956,-0.006950454605006742,-0.21161951662978867,1.4256783116454945,-1.704555165020761,-0.9598035630521873
0.004511009106759585,-0.011837950103198339,0.0022562851037311676,-0.006952087968752729,-0.2221536329729811,1.5092785048380974,-1.7080836857490496,-1.0229452081891386
0.004512529947063982,-0.011914842774375427,0.0023267864022797936,-0.006888151380519901,-0.22704320156326543,1.5574667496971728,-1.663123624914285,-1.0738674443927991
0.004666351671668089,-0.012077681742550958,0.0026071241468481987,-0.006862272143950881,-0.24918013555397192,1.7416553492216258,-1.6471905498229018,-1.216210179090872
0.004581414092110487,-0.011993268965805035,0.00245612858569462,-0.006873487985342223,-0.23754191392431515,1.6424804814861493,-1.6541402009481325,-1.1409466933540904
0.004729985696900357,-0.012200359724347283,0.002770355570238104,-0.006791960395174215,-0.2593031221968245,1.8480418177446676,-1.5963620639786777,-1.308351369168525
0.004739248686003922,-0.012270074343104256,0.0028344594306550022,-0.006728556263153026,-0.261400896191864,1.888770568993717,-1.550452395166826,-1.3505216684509345
0.004656781010952848,-0.0121641694315344,0.00266931536669741,-0.006771929933482491,-0.25115538894382494,1.7822624815666488,-1.5821944886321864,-1.26514638126994
0.004793897689292833,-0.012325248461795921,0.0029328434672766138,-0.006711913795910109,-0.2672625426434308,1.9521699947341489,-1.5377543911901197,-1.3989870576776675
0.004710981495467384,-0.01232444484278449,0.0028464720512429106,-0.006652448859448282,-0.25955115938848006,1.895283177910186,-1.4959405475852574,-1.3701639428542467
0.004815054917608998,-0.012410935830674416,0.0030177231659644092,-0.006636332404796768,-0.2698524377530979,2.0048644203291706,-1.4821866868242035,-1.450688056530985
0.004847898917201086,-0.012488078784410998,0.0031067515778776915,-0.006575642770478147,-0.27157325195706195,2.0594815868170886,-1.4372941778431398,-1.5000052163579927
0.005170413623085291,-0.012970567228179804,0.003758461855050925,-0.0062057845095788095,-0.2757118413968709,2.442998614054226,-1.1474791287118686,-1.8177489264296673
0.0050111093620690775,-0.012680014356310446,0.0034142434767121086,-0.0064661993862416825,-0.28084392410560005,2.2498054932744673,-1.3499886335440174,-1.6494493842259657
0.005110412039406697,-0.012920416183639814,0.003660834852915774,-0.006234856669537926,-0.2755561292234597,2.3847162724605746,-1.1742773345780855,-1.7752529641568764
0.005015102999168667,-0.012769359074695416,0.003469256448728955,-0.006362347596766266,-0.2773382054759114,2.2762890222023575,-1.2742567202802138,-1.6840311243962145
0.005043818986951339,-0.012858773850461526,0.003549800410137607,-0.006271977195033932,-0.275006427691525,2.318645819064283,-1.2067912297771792,-1.7260468535439644
0.004901060201640257,-0.012561006061904462,0.0032137936383944544,-0.006530781392511038,-0.27502406105082017,2.125785828236364,-1.4027870108256588,-1.5538663064890434
0.004817054953437316,-0.01255449919048989,0.003116214562639063,-0.006481880619190932,-0.26794699017802026,2.0615342703652257,-1.3709979203430283,-1.5177035687063303
0.004918923038794233,-0.012656209542519024,0.0032926855815305837,-0.00643421445559444,-0.2741598236379322,2.1701281190865322,-1.3319560213934152,-1.6006201924017966
0.006378683373424729,-0.014190809485179609,0.0055203146915027,-0.004785046884591103,-0.12285130500068299,3.1518376224017786,0.09960622403058339,-2.341343086348649
0.00628639506197809,-0.014134493900157618,0.005405724670040849,-0.004873683060905674,-0.13694599808779742,3.118189757477889,0.01130330068592529,-2.323863348205992
0.0063066475204690215,-0.014192817899070669,0.005412286288623169,-0.004786340156035394,-0.1301611197344721,3.0853219929504316,0.06723807277577841,-2.304713873823775
0.006222861748843012,-0.014124435470130687,0.005315141847929856,-0.00488940403738075,-0.14384738710991732,3.0682224477658813,-0.02347733957062791,-2.295959792071986
0.006113180919767083,-0.014032568555880205,0.0051827027301411316,-0.005021809947220007,-0.16188136216074459,3.0380091677560794,-0.14076416272706674,-2.278063871200338
0.006152689986453832,-0.014095373188134011,0.00522177496546246,-0.004931303669451809,-0.15311091054889636,3.0272813821241327,-0.07439033472606098,-2.272647767388196
0.0060315285235762,-0.014023343462308832,0.005065932101651378,-0.005029572558165558,-0.16882571530627163,2.969076725885937,-0.1747585701968398,-2.23801790074547
0.0051487169094950975,-0.013041418452561937,0.0037602197201130933,-0.006104486827756903,-0.2699148935738309,2.4309574947643893,-1.0773895853739026,-1.823228474284259
0.005335987414456647,-0.01316219170149809,0.004046423648917888,-0.006043203594658111,-0.26893807043629275,2.602081569059312,-1.0106108623124934,-1.9420496342174236
0.005272098441706516,-0.01312880957108566,0.003950880529594548,-0.006055601243016003,-0.26908615818559295,2.5434196752676965,-1.0280161637510499,-1.9027277844698711
0.005208637278273485,-0.013088345717858323,0.0038542636943285536,-0.006075879737268802,-0.26931640048647637,2.4857497938705713,-1.0502063901494054,-1.8627563460084586
0.005407272181243045,-0.013255848811747538,0.0041697930802556534,-0.005950714280317592,-0.26252948045560015,2.6642814603573393,-0.9339393625897285,-1.992359444241167
0.005334591901176129,-0.013233651049668801,0.004065986116799609,-0.005947253393296946,-0.2623010947582025,2.597688748930583,-0.9423751974075242,-1.9502492796278152
0.00541042722966153,-0.013324776120740074,0.00419083795874631,-0.005858532244812894,-0.25616180422983464,2.659675639267857,-0.8682333907268546,-1.9990835309539696
0.005434639955386813,-0.01338563720039645,0.004236365125801853,-0.00578596828047664,-0.2504443974454674,2.6730830188138257,-0.8139168913656359,-2.014613682225629
0.0054948360893526385,-0.01342720498311088,0.004325975977329839,-0.005752612062372139,-0.24694460433491255,2.722279190749273,-0.780078426674465,-2.048765976279285
0.0055492196461251276,-0.013504295146750611,0.004411692744991009,-0.005665743783629788,-0.23951574753647753,2.7561883239358025,-0.7100109238555353,-2.077409932563483
0.005422850308692447,-0.013437593118115616,0.004229628335719859,-0.005711136619309963,-0.24512556305869876,2.653129694300966,-0.7648407930174523,-2.0087612381416426
0.005558175870012609,-0.013597281404595428,0.004432289335598423,-0.00554006796517736,-0.22973006266707524,2.7379133108008538,-0.6241417865776668,-2.0755846138585974
0.005590733977603445,-0.013659097102183009,0.00448004932967575,-0.005464563625628522,-0.22359713150544316,2.7476388994382868,-0.5678246288032416,-2.0865940429232337
0.005647077486780227,-0.013699053948560795,0.004558537665585976,-0.005424540523973591,-0.21826276017382076,2.7847675343249145,-0.5290500260617597,-2.11214240758609
0.005935155282533299,-0.014002301927288923,0.0049326962718068065,-0.005050719487838945,-0.17646555422849886,2.8960912944750477,-0.2189956046131556,-2.194645291786991
0.005796829558224146,-0.013787063788230584,0.004766366939686301,-0.00533574643347664,-0.20542557431371014,2.8869243410241445,-0.433568579922739,-2.1792374990701497
0.005687344549572618,-0.013774245796629924,0.004612759774938615,-0.005329782903326645,-0.20969040709977946,2.7912175205662,-0.4588232857689562,-2.1213081471613005
0.005802549454792731,-0.01387973973311435,0.00476530131009002,-0.005205328529043291,-0.1950940119977348,2.846041752544672,-0.3509925443974517,-2.1602001417382417
0.0058435658577489094,-0.013963273461235466,0.004810946941996762,-0.005094611058509385,-0.18555232737841854,2.8379138327108673,-0.2730724404752782,-2.158899864383343
-0.0038093218393621176,-0.009570452868212162,4.492765654426194E-4,-0.007072385491415276,0.07132293283436646,-0.40775827211285137,1.6477728776939216,0.7507387483088843
-0.003801815320981919,-0.009472461645631137,5.488164964003839E-4,-0.00704601079111144,0.08084260344905128,-0.47538696399635993,1.621500017831735,0.8185819213772907
-0.003741588045888824,-0.009399172165940266,6.082095545372284E-4,-0.006979533089692051,0.08143849280298894,-0.5191575521260477,1.567475215835909,0.8484286831009474
-0.003691825516059912,-0.009283602374217548,7.072154878517214E-4,-0.006908896885652077,0.0867573103885498,-0.5873931966238121,1.5083080652305492,0.9074987597920815
-0.003509221777845954,-0.00900768761478367,8.946603225895264E-4,-0.006682037063696439,0.08743059645224223,-0.7201310711654764,1.3319811387695812,1.0056586348411487
-0.0035676944035245638,-0.009181113276408784,7.640515600389042E-4,-0.006783767253026423,0.08035584805839112,-0.6315324166511692,1.4117554209920653,0.9254812605450303
-0.00391229866694358,-0.009852046803429264,1.6108585672762463E-4,-0.007196404110094457,0.047405454952147534,-0.20345530785799268,1.7618398569130498,0.5676502753653535
-0.0038256992279242295,-0.009765622678630884,2.4692922649133557E-4,-0.007114284284356633,0.04952869696364085,-0.26726991611078765,1.6928179931768408,0.6100529014358057
-0.003738047674256233,-0.009659392170400925,3.461628172594557E-4,-0.007028097851456875,0.05266483664692289,-0.33963073392756943,1.6199702201618045,0.6626603840338564
-0.004000392043090619,-0.010041116923539456,-4.8865624770130156E-5,-0.007279853327521271,0.029259779229195346,-0.053573774075887474,1.8403728057434627,0.437823901107573
-0.003921643027988352,-0.009969783405343826,3.141018558923984E-5,-0.007209566354479328,0.032654145160664505,-0.11227192501414507,1.7807282082888851,0.47612998956616537
-0.0040806977702579515,-0.010288578171039963,-3.413170271653363E-4,-0.007335019309394247,-0.0024459775488857786,0.15560694226079727,1.9021599028944285,0.24570774755816685
-0.004036030060489598,-0.010192067318191183,-2.242609070572617E-4,-0.007304497930671055,0.009117400240256245,0.07158519042714838,1.8711880330778567,0.3190516383660263
-0.0039797963000006665,-0.010118247654944927,-1.358611723639692E-4,-0.007258687670817092,0.01567207351699807,0.007396321434559724,1.8300372232179445,0.3690886818963186
-0.00413197802754864,-0.010679846543337285,-8.065206199749639E-4,-0.007294570563347918,-0.06331097441233204,0.4894992329507534,1.90065053799514,-0.08331369836575835
-0.0039947893856689416,-0.01038807445710331,-4.4212855541358006E-4,-0.0072417409570137,-0.024389557102447865,0.22674361550127212,1.8375779208521814,0.14706128103902014
-0.0040919412579066,-0.010591510659893263,-6.939681975245189E-4,-0.007284011766122215,-0.05092010680329936,0.40861906749239235,1.8858411156206636,-0.011954821695025755
-0.004044250067533241,-0.01049228507497295,-5.69437346723562E-4,-0.007265409505860681,-0.03717969011627122,0.31879105274867436,1.86403303580963,0.06648793519858816
-0.0031471247160862774,-0.008159590842603025,0.0013265903196815335,-0.006062127349869094,0.08982808809233449,-1.0094030069711584,0.9114202567641214,1.248672407627226
-0.0032663805603419622,-0.008438351222819112,0.0012165459802101835,-0.006274818665735169,0.09187990889385281,-0.9359859454870413,1.043821247474724,1.1881215541962138
-0.003358378882335889,-0.008675706158394329,0.0010948053166009554,-0.006444328308672537,0.09086729194615274,-0.8554968966153983,1.1581710376247811,1.119279517758641
-0.003328844288085121,-0.008991457959165847,8.421773030409147E-4,-0.006554208942562202,0.06932204184597078,-0.6973705318902977,1.2381378020216898,0.9483101163189956
-0.003274011411496371,-0.008824324727824259,9.487955388107077E-4,-0.006455830661574952,0.07389988004300743,-0.7701426247823916,1.165872678618235,1.0157535109974087
-0.002843714725317761,-0.008117740645265853,0.0011853844759386922,-0.005895977822157633,0.06739092348556795,-0.9566419478878859,0.8030270996104708,1.1583143269144172
0.002589396929392617,-0.007167828522855672,-0.0014231739927706938,-0.005242350149622379,0.07025710610240189,-1.1256984714944112,-0.5006258282041695,1.3241693506144037
0.0030034926081221438,-0.007787532326349967,-0.0014397241756016787,-0.0057782526369347794,0.08649152163388722,-1.0850446644710254,-0.753724743420115,1.3118071881270745
0.002791869734017344,-0.007507532453752726,-0.0014311996384694199,-0.005522956648413708,0.07723702928930548,-1.1024911054231656,-0.6246516896100021,1.3123230083338278
0.0029843553756345813,-0.008060488506335126,-0.0012906889491246705,-0.005928812654004643,0.07924829474517626,-1.0046482787652362,-0.829814945734844,1.2233184295022095
0.003065799093180958,-0.008316022876336843,-0.0011910892764147273,-0.006104400822936184,0.07813266575476306,-0.9371809156609819,-0.9328322860097141,1.1616217313826767
0.003353851040249334,-0.008705731747217688,-0.0010705492413112944,-0.006455066186163679,0.08884583386549595,-0.8409593822334906,-1.1655557583102016,1.1026548904953382
0.0031848722932589584,-0.008529725157501892,-0.0011160572751672995,-0.006273597546254002,0.08001654593194875,-0.8823916817545152,-1.0408740574987807,1.1193339238470104
0.003471598393659823,-0.009206073198769295,-7.126356577192512E-4,-0.006722214254630643,0.06777269366470177,-0.6027328952231056,-1.3665206955159483,0.8762205303202409
0.003333753768365337,-0.009117977021568574,-7.433626426723685E-4,-0.006600030389160022,0.061974909000418896,-0.6300768965250605,-1.2742638068014327,0.8799103498793135
0.0032825081954253247,-0.008940156755854887,-8.651200515343059E-4,-0.006505753911726835,0.06752453768343436,-0.7154917474971462,-1.2021461117362382,0.9591712961318236
0.0022009916698377437,-0.007187568699133988,-0.001176071766620918,-0.005150646593804806,0.05356682146985089,-1.058688645576449,-0.4336518999355831,1.228591654156645
-0.0026896606949806004,-0.00781561293554172,0.0012431690506708119,-0.005668446435072042,0.06580215989407207,-1.0108945858742808,0.6799712654210983,1.2032908486492617
-0.0025822621386989526,-0.008090070946999784,0.0010646953635537726,-0.005772594939747288,0.051660434931692055,-0.9156284617261219,0.7169766588863832,1.089845305321216
-0.002383346801205218,-0.007587639728717048,0.001159027983263397,-0.005434768000062395,0.05367647244589593,-1.0095972118192618,0.5511854354472189,1.1810094037696628
-0.002100945461222405,-0.007372468320099728,0.0010666385736032551,-0.005233814183260777,0.0468735266730459,-1.0097910927852354,0.44773830206708326,1.1683208525213395
-0.0018546126120939641,-0.007091257061226062,9.954300643786479E-4,-0.005016461780157212,0.04355661951872381,-1.0279353510171167,0.3526232865019514,1.18172396274678
-0.0016215589770207292,-0.006654332328648603,9.383407823290498E-4,-0.004715174074110332,0.044717968894268094,-1.0671763503530214,0.256561449200346,1.2231819133833584
-0.0013364408696056817,-0.0062857495987126534,8.107549687611273E-4,-0.004451109694190354,0.04414117898148356,-1.0866897472724553,0.17891041293002977,1.2435439391968048
0.0013847164332504987,-0.00596666168785864,-8.746479779048233E-4,-0.004251515009589809,0.04857094716613108,-1.121264497277134,-0.15732970784450215,1.2871228911455432
0.0019634734740754264,-0.006846003583481994,-0.0011133044683407055,-0.00489075598566381,0.04980560037421266,-1.0798428259269617,-0.3343357130538536,1.2446915943448535
0.001682614179817623,-0.006430513236195039,-0.0010105809347285301,-0.004584392633345449,0.04896205517814068,-1.1005605911638245,-0.2385827427038987,1.2650068940214398
-8.475137910086332E-4,-0.006263093070152921,5.104255422411123E-4,-0.004395469790205966,0.038721388865026525,-1.0599668776363558,0.11429906848682796,1.2063086316549951
8.752036411983831E-4,-0.006025387445216283,-5.4356538567537E-4,-0.004249816985067788,0.0423607563498671,-1.0859132720646534,-0.10504018590499554,1.2398367881443002
2.914432202783662E-4,-0.005971116417746987,-1.8126956456110386E-4,-0.004192434755587361,0.0394320292125806,-1.074964575281374,-0.033940717532639365,1.223114754021054
-3.151093061815212E-4,-0.006126295894641419,1.9197190098675434E-4,-0.00428870369732224,0.0382015453602822,-1.0587684064390839,0.04005752098325551,1.2037456739676191
0.0018556457712090063,-0.007216517209977834,-9.672024402168106E-4,-0.0050886320437216045,0.04235846357761832,-1.0066064614015586,-0.37199787591905054,1.1558568957341975
0.0036514820019755544,-0.009406963863421765,-5.78475501276552E-4,-0.006910317269593492,0.06947926708361023,-0.5030688276615782,-1.516030209822209,0.8108755658415011
0.0037544109345167337,-0.00968452100497089,-3.22901134613667E-4,-0.007045040848554029,0.051807813446283865,-0.32241629817179546,-1.6345517036315527,0.6490219522607354
0.003691579503593068,-0.009541294277292958,-4.566773662783168E-4,-0.00697086273607182,0.061502169361912294,-0.4177278798778991,-1.5691315262461918,0.732659499513355
0.0037379550161369887,-0.009832865219832856,-1.6918572318353544E-4,-0.00704684953792939,0.031905850803193254,-0.21561653260844965,-1.6452359677704744,0.5347387531806147
0.003790486774670503,-0.00994917077988373,-5.0983459007283343E-5,-0.00709622591000813,0.022842558087579543,-0.12992214310040098,-1.691703377500949,0.4598209520354453
0.003957562630905414,-0.01021617414140739,2.4448099760656354E-4,-0.007231592772809847,-5.727351084135623E-4,0.08441201598108666,-1.816502259859967,0.283432431004264
0.0038765311148300455,-0.010123077787883296,1.359946534608971E-4,-0.007167262968644994,0.006459764800568954,0.0055376905808965995,-1.7595321207199497,0.3425644797659552
0.0038122087153568823,-0.010047747062219937,5.2818848430178335E-5,-0.007114805822561047,0.011954689299140514,-0.05500916258618823,-1.7129806183601377,0.38825731455998325
0.004146838184710475,-0.010967682376752224,0.0011337156367667224,-0.00719899975817219,-0.10681637061116704,0.7259971848900503,-1.8475037365799538,-0.3228795188927143
0.004169148005398171,-0.01087223334939282,0.0010377391771866577,-0.007259211595212954,-0.09254442422855534,0.6555778566080338,-1.8873805670356776,-0.24352412008326674
0.004090711104005537,-0.010823430439865963,9.532103477536427E-4,-0.007208083663980269,-0.08571433910596524,0.5964887011924848,-1.844170565525242,-0.20586946645945856
0.004053280340280663,-0.010496694894458768,5.764468694101226E-4,-0.007272517380790403,-0.03769747209444491,0.3236514208480798,-1.8699425214942835,0.0640971131413341
0.003898043241324162,-0.010318182126496121,3.49909031695369E-4,-0.007167427618257152,-0.019605110034287818,0.15963694023816818,-1.7742538812344788,0.1896556256732358
0.003971914380656932,-0.01040952817389581,4.6200701293099797E-4,-0.0072174943616326445,-0.02865188996784457,0.24121245458043059,-1.8203420711623812,0.12584237398432643
0.004071693302051083,-0.010736094750058914,8.503113207185153E-4,-0.007222090802335309,-0.07354405199122559,0.5219507691801173,-1.848751201578971,-0.13468827677684583
0.0040259554785010004,-0.010620677348139016,7.084884268659222E-4,-0.007216777625153965,-0.058186617231384866,0.4196414579770614,-1.8359476791035567,-0.0425593016097025
0.004294264027235868,-0.011300098942043755,0.0015670716983563046,-0.007155777314655983,-0.1546521815383519,1.0328538134306504,-1.8361535430226235,-0.5952706665833106
0.004271965167777412,-0.011415278890497484,0.001671722171866671,-0.007065362080696246,-0.16745122183576852,1.108968981136284,-1.7740421273636866,-0.6813380876976945
0.004197369764555515,-0.011127920404968551,0.0013306321781395385,-0.007166914049319766,-0.1292787947025615,0.8665829252286287,-1.8338608575157391,-0.45297711623986087
0.00411960307979836,-0.011058296585570882,0.001218392018927278,-0.007133780626515425,-0.11902031031137426,0.7885183355771742,-1.8036715370736294,-0.3953440197652818
0.004186920267478458,-0.011231629599935955,0.001433813009984084,-0.007102543433734653,-0.1429880455069129,0.9416405397775499,-1.7909724642497356,-0.5338636752871256
0.003486547613233282,-0.009378326366013176,-5.654525789227679E-4,-0.006779271383981774,0.05458037471415277,-0.502416257146813,-1.4153347063002746,0.7744889991223882
-0.004193572312852584,-0.010841345618444345,-0.0010125742854384917,-0.007293719924260347,-0.08754926193311549,0.6372173617907286,1.9117263284690844,-0.21689417824396842
-0.004097342503959847,-0.010775643683760466,-9.028506135981515E-4,-0.0072312940391065636,-0.07912907215617998,0.5595216647910574,1.8588195427193888,-0.16598752668235048
-0.0042285540982740935,-0.010954401976611308,-0.0011553117759597888,-0.007278178429978292,-0.10443745372175141,0.7394403653445002,1.9076397920624373,-0.3115113069927103
-0.00414686519269282,-0.010946486205627375,-0.0011105944467457594,-0.007208316394306745,-0.10398622833174483,0.7088589848908802,1.8535474964850978,-0.30526321694646885
-0.004382451239583161,-0.011134374540404827,-0.0014358758455775254,-0.0073302896469052406,-0.1344449396049938,0.9351279440710328,1.9592502951337207,-0.46430638889979486
-0.004328733306896924,-0.011074481271248535,-0.001339211420275354,-0.007312318890484691,-0.1242764133961464,0.8679083197725993,1.9417316965843132,-0.41251675475976823
-0.00423391164166695,-0.011050276163352923,-0.0012646346190955957,-0.007238213615619107,-0.11902295868981146,0.817963093255795,1.8833339536271563,-0.39123909333126394
-0.004404112848007654,-0.01125692836674382,-0.001586361659706868,-0.007279801362350752,-0.15293745595802918,1.0417361730615224,1.9281282446667378,-0.5679764906003437
-0.00436478184756857,-0.01120552192049149,-0.0015060584367515173,-0.007274196443991074,-0.1449156362864307,0.9859777221882654,1.9208817002184773,-0.5231615583445938
-0.004408308911931302,-0.011339073376440047,-0.0016789764899752138,-0.007232790935842475,-0.16477897430708954,1.1076511654732863,1.8970413250844218,-0.6353263218684165
-0.004459650860704901,-0.011474857082684165,-0.001858456726267533,-0.007187915962867004,-0.1839062313094212,1.2325270019211791,1.8699954656735664,-0.7485138352739978
-0.004403063361507129,-0.011422595724006262,-0.001764779766531287,-0.007173715457642503,-0.1747995330273714,1.1684816959580682,1.856760730799531,-0.7009565107821093
-0.005140472210548873,-0.012477173041623718,-0.003436663568316295,-0.006801340976499856,-0.30041910113753095,2.2860633776810535,1.5948878632723351,-1.61161855176918
-0.005095685406231035,-0.01244024973929146,-0.0033558115798175484,-0.0068111896051611465,-0.2967935010203497,2.2324698446761206,1.6039229493822924,-1.5732659867784993
-0.005052370057912514,-0.012398340423339024,-0.0032734813219954377,-0.006826877942485669,-0.2930799869680034,2.178303586719981,1.617091869388046,-1.5330218137101388
-0.005012859983381379,-0.012352999182439088,-0.003193198442061175,-0.006848135495834312,-0.28945415351499365,2.125771220561123,1.6340020130955042,-1.4923659660279773
-0.0049426421432825565,-0.012246627564772633,-0.003029740543996552,-0.0069104968255257184,-0.2817070715266559,2.019248635233193,1.6818240564715605,-1.4046305464812738
-0.004970951967989598,-0.012306846910385189,-0.0031097391749154717,-0.006866982641584936,-0.2850830109841498,2.0710868204650166,1.6489592744282275,-1.4503439680970571
-0.004454054410311988,-0.011556764863178129,-0.0019391546810344216,-0.007124564916148587,-0.19309714044864398,1.2899569602500789,1.8259282944644946,-0.8108355174950778
-0.004460112600292006,-0.011649338540877739,-0.0020363018588209565,-0.007060733621638991,-0.20259565406631727,1.3581659463708073,1.7820434259865465,-0.8806213935916408
-0.004473743440144598,-0.01175826368369855,-0.002151715459751773,-0.0069869047020158,-0.2129725535163731,1.438210862205977,1.7312180647405326,-0.9606511294005936
-0.004629028627852859,-0.011808877032151818,-0.0023289881567036337,-0.007075102871425341,-0.23000514668447364,1.5539069226489015,1.7987171753130993,-1.027284771726013
-0.004671861064165985,-0.011861399791558827,-0.0024169762880517243,-0.007065773203700119,-0.23727483998725413,1.6128532283349188,1.7931822794438825,-1.07374974670452
-0.004537726688492456,-0.011837322405375777,-0.002278182576634757,-0.006974482544961784,-0.22425005897560354,1.5228769374459643,1.7248253944299459,-1.0281184853479803
-0.004682748578310992,-0.011928729805033315,-0.002490129274315481,-0.007014376280653353,-0.2436312984541277,1.6623745095709601,1.7566446502806323,-1.1230704081945702
-0.004897151973539564,-0.012195194530710189,-0.0029380249167824594,-0.006928830331415273,-0.27602373051635215,1.9588953346551314,1.6957928885817743,-1.3579192657904722
-0.0048619797305691145,-0.012148965530371212,-0.002861825935968548,-0.006948487405282905,-0.271376121349352,1.9086654665011034,1.7104491869356233,-1.3177423635669376
-0.0048212152762360195,-0.012104048542675522,-0.002781262765735754,-0.006960874338903814,-0.2654884862609337,1.8554881562793089,1.7195596004880664,-1.276763920504325
-0.004779217567817636,-0.012061180161873656,-0.0027017262820036958,-0.006968982045626268,-0.2598728574038995,1.8028673613749346,1.7253572971257203,-1.2368648012140155
-0.004717813742010248,-0.012010410500535057,-0.0025973054852402124,-0.0069674482404989075,-0.25084181067985295,1.7339108617564567,1.723552756859357,-1.1869325488718132
-0.005129287986276693,-0.012540084911077208,-0.0034674585075059046,-0.006716441123559457,-0.29719811516981404,2.301694319314674,1.5306347761772203,-1.639190408598189
-0.005122291239430965,-0.012606581299410176,-0.003503070835535527,-0.006630178161798944,-0.29396793889639916,2.3195122567368602,1.4656511512904176,-1.667598990547735
-0.014974762596007742,-0.009498265893762124,8.362155653646178E-4,0.008291127547453118,0.3011872776965724,0.680627964315924,3.386515888824716,0.5505864033802474
-0.014973162020172494,-0.009482641786463353,8.622548136494978E-4,0.008288460078357537,0.3010310457771787,0.7019130484998012,3.386500561145955,0.529491722138497
-0.014987787073539247,-0.00948904970453219,8.46253727654009E-4,0.00826131377739186,0.2929597660076922,0.6833225743643235,3.3680899167295095,0.5344010286594268
-0.014979269682969048,-0.009545166597241007,7.580287134413403E-4,0.008298641128825545,0.3012162742890174,0.616620074174169,3.385926046932519,0.6140530168045502
-0.014977816440745884,-0.00952952844693864,7.840963018812658E-4,0.00829621868963202,0.3010913772204149,0.6379426716085519,3.386236618521842,0.5928816233284051
-0.014992391576478999,-0.009536102800343572,7.683215584062807E-4,0.008268938670771895,0.29399864788210556,0.6194673602712609,3.3677503847194434,0.5976384999254694
-0.014976314074054054,-0.00951389482992714,8.101603748734667E-4,0.008293713996116822,0.3011317314953429,0.6592911912533407,3.3864294825079924,0.5717187073885862
-0.014990916636672237,-0.009520415295007389,7.943003251240465E-4,0.008266458960604281,0.2936308048890472,0.6407195764167494,3.3679814465262123,0.5765705577829578
-0.014989380921117885,-0.009504724571197614,8.20287806191116E-4,0.008263916702726233,0.2932733323145238,0.6620102316036323,3.368095597464677,0.5554840876767532
-0.014985798598725458,-0.009623420217022645,6.276801958651383E-4,0.008309517112320771,0.30561386708575106,0.510211840870145,3.382413396078782,0.7195943156043798
-0.015000338770267135,-0.009630159013655507,6.125008217012512E-4,0.008281794093600678,0.294983275193291,0.4921273474837056,3.3635977709534433,0.7238771642291407
-0.014986956843082835,-0.009639082495257915,6.015862163543417E-4,0.008311446840946446,0.3061908285500993,0.48876002520525463,3.3813510736064543,0.7406568486360415
-0.01498459116027727,-0.009607761596875476,6.537480249732545E-4,0.008307506888969682,0.3040417119922572,0.5315395259721715,3.3833650614009136,0.6985315612473865
-0.014999080748653483,-0.009614477335835958,6.384974308672604E-4,0.008279965171937255,0.29491955152083843,0.5133743143234021,3.364675714129902,0.7028413288046346
-0.014983334538301009,-0.009592106779443133,6.798192643000271E-4,0.008305413974487866,0.30307724419690085,0.5528148969847578,3.384199674994946,0.6774421796676465
-0.01499781413388266,-0.009598795217043618,6.644839535953707E-4,0.008277975747170459,0.29489848786041,0.5346060339610051,3.3655715754678677,0.6817952684937318
-0.014982028743765488,-0.00957645590985768,7.058953346995293E-4,0.008303238272569853,0.3026308141517493,0.5740826730659769,3.384910790113786,0.6563330100645828
-0.014996520379475936,-0.009583114181858737,6.904607273747347E-4,0.008275861674953276,0.29469308059962523,0.5558265027641939,3.3663102079798617,0.660748339877321
-0.0149806737880534,-0.00956080913374961,7.319636875647175E-4,0.008300980798010131,0.30187639294737595,0.5953425357001884,3.385487026453081,0.635206385197733
-0.014993809014070637,-0.00955177672998109,7.423661259890872E-4,0.00827134614808066,0.2942834018178391,0.5982512378011552,3.3674014343686594,0.6186822130603263
-0.014995183618961322,-0.009567442575204336,7.164200716096107E-4,0.008273655516744716,0.29446882576679534,0.5770430903318289,3.3669213229191555,0.6397127688816925
-0.015001563189027184,-0.009645857249499219,5.864782202564906E-4,0.008283515298705808,0.29544375279939755,0.47089352562581954,3.36237479696207,0.7449179636256744
-0.01498806588318487,-0.009654748287466774,5.75451948681096E-4,0.008313296991160889,0.30522154669929136,0.46720229497403937,3.380193813183214,0.7617684118538786
-0.014964423181448458,-0.009404598895283897,9.92276706780901E-4,0.008273900967487757,0.2970171988742554,0.8081333918113808,3.384299950848862,0.42361638595583573
-0.014962528329925276,-0.009389006894728722,0.001018303214663201,0.008270738102415427,0.2984030307494424,0.8297107098101315,3.3834038511520586,0.4023762549733345
-0.014977503924030189,-0.00939515288378546,0.00100167053538097,0.008243401110300115,0.29182663569055833,0.8106807839329234,3.3652358436755576,0.40823665293350847
-0.014975569258228806,-0.00937946057113276,0.0010276518068054517,0.008240194439295257,0.29112133338254725,0.8319500198935071,3.3643921259711793,0.3871598348805228
-0.014986805506288564,-0.00935401887794364,0.0010630289372106987,0.008206552799233659,0.2907118828950157,0.8623232533867476,3.342435297573442,0.3439892101898257
-0.014984533893160122,-0.009338401364312262,0.001088836005657448,0.00820359863025053,0.2905098834008864,0.8834985084107222,3.341530871119693,0.3232752715908504
-0.014982321087188893,-0.009322811820939591,0.0011145503212986708,0.008200362297893388,0.29025558103864474,0.9046084460245584,3.340361263897704,0.3025349721190827
-0.014980141785756665,-0.009307218841531914,0.0011402300461219354,0.008196879518839871,0.29005277406304253,0.9256950818185006,3.338953591645328,0.2817468651233579
-0.014977906068515357,-0.009291629474275144,0.0011659079907109613,0.008193329633630148,0.28989864731058107,0.9467840350729048,3.337433543316347,0.26096913682188566
-0.014966543058001125,-0.009213367751332633,0.0012944684400391943,0.008173068463269284,0.28942826584187653,1.0524541344447558,3.3270987264685155,0.15641467019834185
-0.014975619865842177,-0.009276041666523837,0.0011915845139321112,0.008189699148848645,0.2897054738385849,0.9678826380808959,3.335790910271855,0.24019066820418897
-0.014973436618444046,-0.009260419582024611,0.0012172322732205982,0.00818567011316633,0.2894858330502128,0.988968082484812,3.3338046494390325,0.2192898874805558
-0.014971332906321806,-0.009244741807364695,0.0012428918283402363,0.008181276735103495,0.28936412743558654,1.010061285165371,3.331497617538368,0.19826236325026106
-0.01496905954396568,-0.0092290332956176,0.0012686596782544213,0.008177015442006092,0.28938346098465245,1.031240508388146,3.329220385054206,0.1772619421200222
-0.014989032913924916,-0.0093697184366164,0.0010370953381538756,0.008209450039403432,0.2908170495634635,0.8410520509328591,3.3432273795126757,0.36480477920454984
-0.014901720126460469,-0.00881545657820314,0.0019366152329538153,0.008014103146141595,0.28848195595852316,1.5768701785636485,3.2093079467345205,-0.3721639923032258
-0.01489800085120252,-0.008800121382937594,0.0019616681588365196,0.008007939998987633,0.28875717326127154,1.5973201104864698,3.2038488862745935,-0.39217855933448326
-0.014894313194881803,-0.008784691849649907,0.001986783943241673,0.008001460073009446,0.2890576095800497,1.6177796937246463,3.19809145845311,-0.41229577838478776
-0.014917667111961871,-0.0088197485042368,0.0019171084585386858,0.007988320383232652,0.285922408960741,1.5585617176255582,3.191565128042852,-0.36779280468010583
-0.014922914402646493,-0.008834701791576046,0.0018914442628330667,0.007991061527320766,0.2853760468081315,1.537389038331991,3.1945278130179324,-0.34858119201015686
-0.014926972583459134,-0.008867518078020394,0.0018410894992677523,0.00801025231382205,0.28546786469396,1.4968970485598667,3.2099999402247206,-0.30567200049591337
-0.014928962758253388,-0.008851706307850284,0.0018621893386875038,0.007993809534096943,0.28471212184044176,1.513245883811678,3.19756721080154,-0.3267852325575063
-0.014947695756237714,-0.00910434123845373,0.001474080818689497,0.008143121387595027,0.2890027740581356,1.200168415643118,3.3087256626365984,0.011327844675699332
-0.014950560579167322,-0.009119944909795069,0.0014483620284800429,0.008147627627478206,0.289063407656537,1.1790119445520013,3.311714828268721,0.0320750201427502
-0.014961231029269611,-0.009182329499815943,0.0013457164990861214,0.008165340022768903,0.28925682864909996,1.0945958137532055,3.32276426497813,0.11517438705073059
-0.014958635190199078,-0.009166849503632064,0.00137120279196911,0.008161114068847284,0.28912210488356344,1.1155577923970401,3.320241370740931,0.09455211305083953
-0.014956029624004996,-0.009151287781149113,0.0013967890632214342,0.008156678860413354,0.28904859931498766,1.1366009294903883,3.31750689287408,0.07380598227087719
-0.014953345369524139,-0.009135635969514963,0.0014225297316203909,0.008152159817628101,0.28904454594575196,1.1577688671290975,3.3146497593120174,0.052954997049403214
-0.014955936830149877,-0.009062545061145401,0.00153207326198641,0.008099749697785501,0.28577077574355375,1.2454894771262948,3.2786059608007094,-0.048175348849031234
-0.014958227110738853,-0.009078382871748267,0.0015066460923228474,0.008105940339556153,0.28588085267023416,1.2247283016087727,3.2829542856861234,-0.027138902831076034
-0.01496035585022708,-0.009093718243633999,0.0014820377234494046,0.008111934296839462,0.2859902798065495,1.2046099272061868,3.2871051568210228,-0.006704548352398173
-0.014933704700433969,-0.008898115901602149,0.0017915289415881574,0.008021998935483884,0.2850680500166728,1.456462670050721,3.219865098582671,-0.26587034774388096
-0.01493515370689152,-0.008882380863368528,0.0018131468804280552,0.008006930066674937,0.28437556779586387,1.473386952878009,3.208533113363029,-0.2869637469108261
-0.01494171232286855,-0.008912787150159822,0.0017640190360939962,0.008018477785325344,0.2840159321056271,1.433299660705069,3.2181193033854183,-0.24746933414291197
-0.014939025523903525,-0.00892966335351927,0.0017414885826689138,0.00803641679302355,0.2849642704384926,1.415776515536536,3.2313792887597748,-0.22450561746980408
-0.014948583501141869,-0.008959343380362276,0.0016908274622378543,0.00804078274566288,0.2841353003423714,1.3739297265560888,3.235512150073536,-0.18638603073760865
-0.014945117136233024,-0.00894336610137823,0.0017168379787764847,0.008035376433708415,0.2842643649428236,1.3951843945957434,3.231185923629458,-0.20716597526584954
-0.014952022661781902,-0.008974817355612065,0.0016655417059134767,0.008045685294060386,0.2839636969084249,1.3532146944087302,3.239419836826157,-0.16624039626542209
-0.014969062251666205,-0.009050965601065128,0.0015406002796394145,0.008066982728437809,0.2832052762043387,1.2507611236162914,3.255692523426854,-0.06730644116324606
-0.014965187704539194,-0.00903629426308671,0.0015651273820161543,0.008064336593619855,0.2834469122545294,1.270960495194987,3.2536907474396304,-0.08620960940369483
-0.014956429299505242,-0.008990005245782801,0.001639951852961407,0.008048381763714219,0.28362361115302764,1.3321179546951027,3.2417127794845917,-0.1466928036386883
-0.014960611280486757,-0.009005852880612153,0.0016135368066435842,0.008051788980219835,0.28334167274581384,1.3103930460797333,3.244448212006779,-0.12624403737140424
-0.014963007181032795,-0.009021564126792246,0.0015885531215636128,0.008058282713641313,0.28339610825175326,1.2900527249868838,3.2492573616150877,-0.10560752040234132
-0.014979920639434477,-0.009203021198016744,0.0013028506982612398,0.008141206022226082,0.28598707587809985,1.0574241759464653,3.3054077198739873,0.1374020645920556
-0.014976991860089118,-0.00918759194063897,0.0013283240670480428,0.008137934703369825,0.2860168922005228,1.0783815070628273,3.3036239103598795,0.11716166079886059
-0.014861434370897111,-0.008604736357951899,0.0022657721591214527,0.007894878929830927,0.29122969935409476,1.8410464050598403,3.1042182156282583,-0.6441829007561172
-0.01485803794382836,-0.008588970486127475,0.002290216879700378,0.007885389319521792,0.29154550591803324,1.8604638354926293,3.095467722316567,-0.6641547998481383
-0.014882648913050517,-0.008622460624044329,0.0022214531960098797,0.007874496501685228,0.2879019586667692,1.8019458387816554,3.0925242631254157,-0.6204282525196665
-0.01487580368975703,-0.008609644975282002,0.0022452133344106973,0.007874245040437322,0.2888744742290584,1.8217131592499425,3.0906424217669293,-0.6368787831684214
-0.014912080151146596,-0.008729708870313017,0.002048228490388047,0.007920945614782958,0.28492804184537196,1.66210568940574,3.1370243529785102,-0.48416446694610166
-0.014906569290773284,-0.008714689689166366,0.0020738669136769975,0.007917457597692029,0.28552679847007956,1.6831320630086417,3.1330802354867013,-0.5033053378255062
-0.014900415984564548,-0.00870232718519884,0.002096430781792053,0.007917353366107318,0.286352708803172,1.70191015711247,3.131698201660038,-0.5190892998331464
-0.014894821263381198,-0.008672325224337786,0.0021425984815506885,0.007899856650506298,0.2867344702051305,1.7387364015337226,3.116214956973853,-0.5572600755953143
-0.014902423366321381,-0.008686790638986353,0.002115878418161705,0.00789959427603998,0.28567095018367533,1.7164509467453326,3.117686437751653,-0.5387706409096863
-0.014889657805964898,-0.008637916854095014,0.0021940123449904893,0.007876813453398997,0.2869945116523703,1.779329242597919,3.096116388624703,-0.6007100488971564
-0.014896859394218347,-0.008655629327840286,0.0021633494059467976,0.007880694815340655,0.286036964943398,1.7541842346676515,3.100995500523688,-0.578185114628078
-0.014903478233533088,-0.008757790245787893,0.002016741384570803,0.007961284650706515,0.28694450052071163,1.6394258089965208,3.167689215036536,-0.4478923654590745
-0.014906944064627066,-0.008773589378058394,0.001991544968409647,0.007968724275296766,0.28668579657189314,1.6190382393715914,3.174260929741713,-0.4274951332289741
-0.014916929038058982,-0.008745663713940572,0.0020218613927126556,0.00792626832424015,0.28443511966081786,1.640634519018097,3.142262517257807,-0.46382961218543
-0.014460991427993009,-0.007497123955279065,0.003958700676627903,0.007056034179624,0.3682292391472144,3.073315652622714,2.198400907549918,-1.894809070718254
-0.014460363145983994,-0.0074785810929223736,0.003972702890146568,0.0070279517950572355,0.3684485458010199,3.0762304983918054,2.1731454384439135,-1.9055320041527857
-0.014477766375525898,-0.007509024239058668,0.003924250800732747,0.007054534013399792,0.36445225526306985,3.045027094472244,2.2055111650032155,-1.8754752874954403
-0.014492943929537884,-0.007524375955649348,0.00388985188327589,0.007059966899165964,0.36107562403722987,3.0188778196727246,2.2179134700100387,-1.8553905572921703
-0.014553843623238055,-0.007640781026770225,0.0037089917917084297,0.00715975697389467,0.3472906586190993,2.900287193068469,2.3364536589114704,-1.7390678813301805
-0.014509909861488752,-0.007563145393589245,0.0038352970779430146,0.007098427886198259,0.3571527534323599,2.9858109335815084,2.260515306894163,-1.8198783230363655
-0.014505101438514707,-0.007541626754473266,0.0038586521906976592,0.007071621262051951,0.35821763494972997,2.99709173799331,2.234288385210519,-1.8363501351994975
-0.014557540366433298,-0.007616760616101189,0.0037226454867155838,0.007119569747680807,0.34670441072763486,2.9007865199189333,2.3023995653099023,-1.7524444615267196
-0.014541318947273089,-0.007598224484987211,0.0037612290122091105,0.007112350412667395,0.350277521818034,2.9299067619253814,2.288183606520581,-1.7756521063221231
-0.014528216451471059,-0.007575860529742379,0.0037980381094485176,0.00709511914002594,0.353137401863777,2.954812339274699,2.266514648402207,-1.7989233688018829
-0.01457846815709891,-0.007727628229596087,0.0036005034499093105,0.007254941676949592,0.34146009975276576,2.8362243300762384,2.433329013584752,-1.661010769262188
-0.014569118460057822,-0.007678443926438443,0.0036557389821161392,0.0071955280861894675,0.34380298504962276,2.866362200919127,2.3756904020296794,-1.7028150371553517
-0.014583531032466675,-0.007708941351189456,0.0036091421849031038,0.007221115042706494,0.34064850072879743,2.8349485462341115,2.405309523392228,-1.6715162452214816
-0.014583769650587714,-0.007691408593775494,0.0036235693596447715,0.0071953589244364525,0.3406810159506058,2.8402510718148584,2.3823661765331634,-1.6839713415545134
-0.014577035997558213,-0.00765612551891027,0.0036624909928774855,0.007152676462069302,0.3424270904647421,2.860842601329645,2.3411171735756824,-1.7129725923660748
-0.01487020312259939,-0.008575871377379647,0.0022956034641477972,0.00785105845696084,0.289291682343092,1.861282140169788,3.0699039698811266,-0.6791734175048801
-0.014879827282348771,-0.008560831971015237,0.0023058628747376036,0.007819385612250486,0.28749867179276406,1.8664469624973836,3.0459591657621825,-0.6965053782723595
-0.014738581053149803,-0.0081831520459946,0.0029270041292693686,0.00763445955295737,0.30898415527759604,2.358027043388217,2.8405614988699277,-1.1632718876766568
-0.01473226268177276,-0.008168141153772988,0.0029518294961070226,0.007625928967654389,0.31010294738942273,2.377276584046648,2.8306569708368023,-1.1814939534725957
-0.0147247924034968,-0.008153910897167846,0.0029771604493994044,0.0076200094914361674,0.3114208438122191,2.3973521708343237,2.8226131439042406,-1.1992964782806472
-0.014716717710203747,-0.008142193806572951,0.003000420464414333,0.007618023214486816,0.3129034174551185,2.416364943313597,2.817808733860752,-1.2147137908942383
-0.01470709958395342,-0.008112053111836555,0.003046037846028835,0.0075948684345104114,0.3147142048963016,2.450340169317649,2.7934612231055573,-1.2497543653461325
-0.014716946166289565,-0.008126020241664143,0.0030181167862949215,0.007597249024375479,0.31283440776993415,2.4275330826113817,2.7993561578131048,-1.2313447088927514
-0.01469136938787056,-0.00806654574065707,0.0031157753678645217,0.007560571727937626,0.3175996421315374,2.5022211915694044,2.756677052485873,-1.3024766825830536
-0.014694575702684004,-0.00808144039964279,0.0030955509494808675,0.007574954173525762,0.31704922398797575,2.488020437824332,2.770791179900894,-1.2861856779458332
-0.014706203223798156,-0.008094727955912226,0.003066146053307535,0.007574103429154586,0.3148398018940182,2.463413726056689,2.7745704000432374,-1.2677260249640228
-0.014798304483469275,-0.008287463822802309,0.0027346395115196652,0.007662895130957865,0.298846317214654,2.202678617915234,2.8867501479357407,-1.0305829321908728
-0.01479301818324267,-0.008271233529769014,0.002759902873381418,0.007652638757955215,0.29970193727178424,2.2221155621315734,2.875965627466598,-1.049947908088867
-0.01478661845858912,-0.008255394427990103,0.0027859351464001422,0.007644447062698114,0.3007521623206959,2.242473666223559,2.866563605529428,-1.0691797852369012
-0.014778711728414728,-0.008240252176396352,0.0028128891195674213,0.007639304702283492,0.3020996482217711,2.264051209270178,2.8592706670046995,-1.088129302083084
-0.014768441432776919,-0.00822190582529305,0.0028463454566932255,0.007633906740242704,0.30384197852011535,2.290956446802697,2.8508753977499404,-1.1113007408133635
-0.01476364662344623,-0.008201047960657312,0.002876027079897005,0.007616438374854334,0.3045948853189626,2.312800483427571,2.833746813664556,-1.1351337743140244
-0.01475717348927787,-0.008184666689046003,0.0029025005467978038,0.007606815196332534,0.3057480046450134,2.333198435634466,2.8228860147427124,-1.154734476712134
-0.01480987275299974,-0.008318470246159343,0.002684482839284777,0.007679548156959729,0.2970317389402331,2.163438915987731,2.9051919001617645,-0.9929369729507664
-0.01481673092892645,-0.008289847440014847,0.002710631640426974,0.007635710190781125,0.295668331229103,2.1788187839947795,2.8693792005396763,-1.0223457852416695
-0.014819210463441285,-0.008304516251467674,0.00269048204014648,0.007648417427408205,0.29533713876665085,2.1639810175859577,2.881268151871114,-1.0056136427267095
-0.014811111844267026,-0.008349907973164414,0.002645147401515191,0.007713044147275197,0.29699478286957454,2.1354742282340626,2.934761728618246,-0.9573573841997322
-0.014820388652579494,-0.008333717352381096,0.0026542976720706807,0.007679523004881819,0.29529376166700794,2.1383723698183403,2.908664623573261,-0.9730271889536334
-0.0148197368032868,-0.008408767920930232,0.0025630534018280244,0.0077638722866458865,0.29591110780101243,2.073859454088272,2.981419813204596,-0.8876798131644986
-0.014821437805204491,-0.008365817363936231,0.002614214340105859,0.007713675083596684,0.2952410491948423,2.1098739031796474,2.938647335065536,-0.9366815956918835
-0.014822885098227686,-0.008381867927703051,0.0025929365832351,0.00772903232141491,0.295217048367987,2.094224347183881,2.9523786065658713,-0.9180210469736109
-0.014831343029106894,-0.008394571444733169,0.002567987069544701,0.007728839151289466,0.2938054519277196,2.073480489464782,2.9548913819034612,-0.9014757333414362
-0.014826532081533745,-0.008426289833359892,0.0025337213953310796,0.007771438720901359,0.2948800461718443,2.0504048871745684,2.990020857260574,-0.8657640618730776
-0.014850690323392183,-0.008455961778656656,0.002470537025485209,0.007762166628742246,0.2911121113322331,1.9967588278826882,2.9893744667564435,-0.8261945101201046
-0.014841040010156206,-0.00844033184636892,0.0025004787281766704,0.007761947910406992,0.2926469673981343,2.0215944510558503,2.9863042359741407,-0.846365281545124
-0.014858803248868091,-0.008471004087230111,0.002442989731096357,0.007764163128728481,0.2899452318341116,1.9740954629979182,2.9934751599641327,-0.8070090001031943
-0.014869525806072929,-0.008516381538256422,0.002373932762298266,0.007792581367967787,0.2885899512849224,1.9200575311994792,3.0206238894285753,-0.7514346630591144
-0.01486049804925829,-0.008501503600444752,0.002402311687204507,0.00779288035160429,0.2899910026909526,1.9436676984758468,3.0183364487167066,-0.7705751036568785
-0.014868896759664582,-0.008485740598434132,0.0024138029706717436,0.007762265430121393,0.2883467507709319,1.9496183937491482,2.9948023824977597,-0.7878814126510242
-0.014877388906763744,-0.008530975788928162,0.0023471382652073725,0.007793801674931432,0.287524609724591,1.8979185183852005,3.0238345089100136,-0.7328265050166598
-0.01488800000067167,-0.00854483962196511,0.002318580028066445,0.007789362487181389,0.285883359035687,1.8737070910169107,3.0230044077316403,-0.714786770577975
-0.01466308215368148,-0.007944740057030155,0.003279547092971929,0.007441355864080168,0.3234484429018106,2.6147832336448933,2.6382200983783672,-1.4318865216716838
-0.014627345734822397,-0.007858784659142712,0.003412233407353077,0.007374625316334696,0.3308045237769046,2.709900106481038,2.562928442611978,-1.5267683328960124
-0.014642229809901914,-0.00787471728211594,0.003376422234831218,0.007375673573903541,0.3278307012719257,2.680696256415828,2.5703342039677897,-1.5047595558438756
-0.014669983426788092,-0.007929130807929976,0.0032857062671361402,0.0074102247603918415,0.3222258931635575,2.6134476018836663,2.6131805785305717,-1.4422022312418892
-0.014664809672871818,-0.007913297476051517,0.0033082437794745745,0.007396251390390802,0.32325110391809525,2.629069155287926,2.5984676953207004,-1.458935027042706
-0.014654356532326046,-0.007893543456192764,0.0033416704918004443,0.007384302668187038,0.3254093411207553,2.654017268155109,2.5832955616684994,-1.4818375691601346
-0.014586282174046806,-0.007769200329409714,0.003552761691965918,0.007304532327061963,0.339583560037158,2.809240959542935,2.481528317040872,-1.6243431416961556
-0.014609818889244544,-0.0078013753648613765,0.0034901624799617984,0.007318302978437638,0.33464068361483157,2.7611240938376125,2.5045388673828004,-1.5843518631941549
-0.014605448023459176,-0.007784314988231844,0.0035117913957181147,0.007300051328690099,0.3355804752307637,2.774586281983666,2.486158281783512,-1.6005817461447374
-0.014622281404974371,-0.007811332771456816,0.0034634740513992644,0.007315189170474777,0.3321262666408979,2.7385321910943126,2.507299434491171,-1.5688398957401988
-0.01463522661374736,-0.007841682780192673,0.003417313564066718,0.007339701168694893,0.32943048654107104,2.7063090647421135,2.5349726660027283,-1.5364901183600599
-0.014634182063842056,-0.007822943760919025,0.0034361309874352056,0.007315012861020336,0.3296406826231952,2.7161501094970295,2.5124149909335665,-1.552392084468667
-0.01459005531442213,-0.007746925654516543,0.0035669847153207567,0.0072673453142547756,0.3389669638930713,2.811925048790694,2.449790525281648,-1.6391166483273274
-0.014704124760031318,-0.00805139285030546,0.0031153954299620768,0.007521435876534981,0.3153399346323505,2.4946861249178736,2.7267389858722537,-1.3115068882114862
-0.014676776466063494,-0.007958832779270895,0.003247011158636005,0.007440272550519453,0.3208055101725102,2.5877285830018946,2.6429560176382556,-1.4119828119540552
-0.014704955622251343,-0.008021384557564194,0.00314582290803438,0.007481170522772244,0.3153206228632467,2.5123033845552616,2.691081016524653,-1.339922440005517
-0.014715657340554161,-0.008033006340259071,0.0031198133501991253,0.007480211997905572,0.3133410994790524,2.490694186859708,2.69452027822013,-1.3238461135387791
-0.014701228982926313,-0.008004166624135955,0.0031685034646659303,0.007464222839668766,0.31605364285383436,2.527765153730235,2.6744141275218705,-1.3579345647419765
-0.014692372612992697,-0.007971710785314104,0.003213263033238402,0.007434538503782436,0.3178344529343671,2.5588049930299523,2.644285345726882,-1.3922844380386803
-0.014702875859179579,-0.007986099665635928,0.0031848208664238898,0.007438065169961145,0.3157840061213803,2.5361335186787564,2.6517461224202767,-1.3738539332315731
-0.014339348784643212,-0.007248661693976433,0.004307157339552386,0.006793091933543666,0.39772350111078214,3.2664198060271437,1.9028384453763734,-2.1044906963854597
-0.014352995339602666,-0.007214981987124468,0.004302635597435365,0.006724886945691838,0.3945798836656654,3.2384451919295785,1.8515937007137209,-2.1041070508245068
-0.014399849721470348,-0.007315041468608756,0.0041725985422524465,0.006837745309767394,0.3832668599700624,3.175262332627236,1.9742760582141081,-2.030242343761391
-0.014361878875710249,-0.007263586022547881,0.004262547979720493,0.006794529830838221,0.3923998886544245,3.231619309875011,1.916370941759318,-2.0806181003581066
-0.014390404423015224,-0.007298412622097532,0.0041972636862456164,0.006821119557436189,0.385553756921217,3.189173106364908,1.9547777287397,-2.044416308681338
-0.014378341028998393,-0.007281459121323865,0.00422616476124917,0.006806466402271717,0.3883710524860859,3.2070118495182753,1.9355864978384967,-2.060644446906125
-0.01440922889966736,-0.00734086701307316,0.004142393448468538,0.00686883752968683,0.3811008972048339,3.1616898711963333,2.0063124250650506,-2.012113107301156
-0.014420717946934905,-0.007366930758876821,0.00410829300068838,0.006897688986489895,0.37828583394589677,3.1440957180035425,2.037493068584739,-1.9917089487570718
-0.01447226023852076,-0.00746607260183735,0.003962921700604817,0.006994696946289095,0.3661461449914002,3.0582945955312355,2.149535692239346,-1.9032603975966615
-0.014453779328009881,-0.007428335326075962,0.004017073529617513,0.006957315241047492,0.37056776831723054,3.090184877896828,2.1071006085875514,-1.9368048285447574
-0.014467233158804403,-0.00744768273783827,0.0039832200525977655,0.0069720421194815725,0.3672040232303336,3.0677133917860533,2.1269242383565756,-1.916726791047877
-0.01446139740551601,-0.007405648949667556,0.004020062198341914,0.0069134474529795615,0.3690763075484341,3.078936497059016,2.072360344474844,-1.9420279655215729
-0.01444940457118642,-0.007380417075824285,0.004054823089337813,0.006887455724754785,0.3718655117543342,3.0982847598445384,2.043463144958761,-1.9630818330791728
-0.01432703330480196,-0.007135968719888944,0.004383117845744117,0.0066216656319679065,0.40102157178022185,3.2630089135096827,1.7494802627682164,-2.147434470466752
-0.014344997838499775,-0.007158831896431768,0.00434333774849831,0.006641916103762502,0.39660656261962496,3.2398256317964176,1.7764343980659056,-2.126773342040216
-0.014365202732711448,-0.007181704216517581,0.004299757545071676,0.006659516496940398,0.3920484563044872,3.212467928117857,1.8024028100261076,-2.1038387657188626
-0.014314482404353486,-0.007083645887618119,0.004426653565968271,0.006548133485536711,0.4041108628783846,3.2685685716835478,1.6809951961622,-2.1693650805256826
-0.014334827741127727,-0.007101256638871126,0.004386147680630625,0.006558446985930098,0.39900090840330443,3.2414959547985123,1.7008812946286014,-2.1488387450851523
-0.013923238619733592,-0.006513456480237581,0.0052054489601076484,0.0058531776350861575,0.4919917100408226,3.5229666250854703,0.9092225194733558,-2.4642240388089944
-0.014025174395839304,-0.006613358822315169,0.005028492891846558,0.005972643964292725,0.4690085611445775,3.4587625858549953,1.0595258604906113,-2.4075170754156043
-0.013959579017557299,-0.0065268218756423975,0.005144030170472893,0.005859708390608896,0.4827150415500238,3.482912110113092,0.9376346988820448,-2.4391683958229846
-0.013981435440618039,-0.0065582978223472106,0.005105958643690937,0.005902317071895258,0.47843894868809084,3.4780997053522253,0.981568177585234,-2.430147938627376
-0.01401313033475085,-0.006582100016710478,0.005051383472490311,0.005926640465725823,0.47074502863013346,3.451824143626962,1.01895722336363,-2.4104130135152952
-0.014041987608715587,-0.006646870297718002,0.004996725574763133,0.006019736710421554,0.4656045998655114,3.459408708869784,1.1042890385369624,-2.4003324249999385
-0.014064704519344787,-0.006673605464605242,0.004955300396950139,0.00605176959289671,0.4605744627957483,3.445235471930259,1.1419663445793313,-2.386170451706557
-0.014066916402538097,-0.006607537953225199,0.004959914853854171,0.005941077666273145,0.4576405310106226,3.3941481667869247,1.063215289343811,-2.372573358473335
-0.014087369620694073,-0.006724928763150351,0.004909440983873165,0.006124306503405633,0.4558928815845809,3.4468519460380596,1.2104186091992994,-2.374460682788662
-0.014093217333409567,-0.0066855946670758785,0.004906104620045307,0.0060552980500500645,0.45343059562477345,3.411365996152792,1.1623653310562367,-2.364483787674473
-0.013929481254302776,-0.0064675682023913215,0.005195401857967837,0.005773687917015412,0.4880714206624784,3.4731696598148147,0.8592134021715242,-2.4449697431629933
-0.013932745518742453,-0.006423584896748262,0.005189794089311688,0.005699663915305621,0.4846270144080713,3.42933971774309,0.8124328806402957,-2.4280085952413217
-0.01393090667047286,-0.006379493374954301,0.005191934692072692,0.005628300532978896,0.4827253274966054,3.3923118547895057,0.7651202083665942,-2.414210107398313
-0.01361541258791895,-0.005949508365669065,0.005628797001831565,0.005005026945627585,0.5286272493943724,3.30748331665218,0.20656947077674645,-2.4104009848435086
-0.013630547610243824,-0.005995676297533876,0.0056173416544387875,0.005076215867244996,0.530084418567491,3.3447215917435273,0.25088334356479625,-2.428733196076398
-0.013663719410203288,-0.00602324237906893,0.005572050731926633,0.005116958060126826,0.5241407496713464,3.34196310012956,0.29409105147798176,-2.4256285591418956
-0.013694093278315963,-0.0060940693415282845,0.0055397993568165535,0.005225690385056465,0.5235873685125655,3.3879550732597785,0.37079921505952584,-2.446100923848604
-0.013693008883621086,-0.006053466644793809,0.005532856812922303,0.005161479066250638,0.5195154454115511,3.3447584618974533,0.33693275782840454,-2.425123966092566
-0.013728100653707418,-0.006118898107822032,0.005490502890542971,0.005260376439223066,0.5164249479874377,3.3776448381806987,0.41282562701310926,-2.4382510169197356
-0.013804958753784569,-0.006284298444767738,0.00539109352739922,0.005511997953210931,0.5101345417569004,3.4609137899484783,0.6088104764049306,-2.4667745394567
-0.01375968641781457,-0.0062130148133414465,0.005455647964905498,0.005406177296336404,0.5167532550353106,3.442031646479998,0.5153184929243003,-2.464863592568736
-0.013801221797206433,-0.0062359284586978305,0.005391412980751026,0.005434062340705699,0.5071150310727398,3.4160767835139585,0.5600752971853438,-2.4476214856155134
-0.01375776819010347,-0.006157397614690538,0.0054499289908827514,0.005316791380240735,0.5124618005610745,3.3853351615835225,0.46394289394565635,-2.4389691042032937
-0.013928465417501763,-0.006331787225415545,0.005194203695671952,0.00555210531135843,0.48036504363381066,3.352631647101468,0.715725096014883,-2.398841097739424
-0.01384531953348239,-0.0062995900861409345,0.005326603680891061,0.00552591950773345,0.5000866105506062,3.42577067565415,0.6445740583763134,-2.4449204774907503
-0.01389007788270566,-0.006313646805216075,0.005255037668943166,0.005535339918126939,0.4895102567490066,3.3836279688555067,0.6802522095391127,-2.4190896264298534
-0.01428477270318106,-0.0070277189446131625,0.004497744384494957,0.0064828558211754705,0.41086093450975997,3.297187217091239,1.6102824413424923,-2.203867235500923
-0.014307109120563414,-0.0070515997110252296,0.004451940409433981,0.006502622212895026,0.40544316670077146,3.270191016784211,1.6391810858142166,-2.181391896378909
-0.014258657381789417,-0.007003433760964571,0.004549666839102466,0.006464869699743066,0.41713560315340537,3.3293668780288743,1.580626985045814,-2.229191248354922
-0.014201213265308448,-0.006927691104790854,0.0046704006396250134,0.006385199600945074,0.43062173771935836,3.3875117387535636,1.4825910000196747,-2.2848170429146655
-0.014227806410294364,-0.0069517190405211345,0.0046185895252378725,0.006404463474056615,0.4243070889552886,3.356553629475787,1.5137122972609396,-2.260567233018818
-0.014250148709808777,-0.006971285730306032,0.004575148881219269,0.006418973253975412,0.4185981523420711,3.3297802597414146,1.5383960840195614,-2.239896333120102
-0.014170731814001315,-0.006869663461025083,0.004738047694085916,0.006311128475716209,0.43727358979742087,3.406020766607013,1.4054126061606038,-2.312475610237346
-0.014187135546691496,-0.006895725251465531,0.004703418813063911,0.006342572699292093,0.43372505953225193,3.3938914575544517,1.4400965938310077,-2.298101112338195
-0.014214980274116181,-0.006898352362485705,0.004656541171422806,0.006326242355026192,0.4267066876353705,3.351709609220971,1.4437001923361248,-2.2743555961070405
-0.014183893057540746,-0.006829376280486842,0.004726816490563048,0.006235027565945004,0.4335870674240336,3.3638626862705427,1.353690363589479,-2.300922479583854
-0.01411379005397248,-0.0067598110730725195,0.00485880740488757,0.006166249250006183,0.4499210112033203,3.429642075034903,1.2583789846744278,-2.356005086390395
-0.014151739446810203,-0.006778792605240402,0.004791806989766716,0.0061733042494005125,0.4407833368812554,3.383817347650164,1.2868715713129442,-2.3256442547645975
-0.01417327988252133,-0.006798185958192981,0.004751899577057463,0.006190943434966453,0.435422301665895,3.3625395636051563,1.3132346486046353,-2.3087096491680104
-0.014199270507199468,-0.006797983936495567,0.004709418412249759,0.006173042790677394,0.4293859264296601,3.3235239198859405,1.3149268025844334,-2.287163541525005
-0.008718815383281672,-0.01486278038804892,-0.00800044168853273,-0.0021078389825793242,0.2516361902306162,2.842084368255436,-2.6155265198238116,-1.5781579057606676
-0.008924672332571876,-0.014882998096217483,-0.008138198264631474,-0.0017921446557127459,0.27510870381704755,2.6515600853270693,-2.8121602992818002,-1.36395829410516
-0.00891399159197309,-0.014894973174739099,-0.008106724768749381,-0.0017986075241013236,0.26368383841502047,2.6433128926559335,-2.788431498175687,-1.3710280507989874
-0.008909334570059206,-0.014879595159429932,-0.00813252428398839,-0.0018177182463452993,0.2737862582743849,2.670043812730722,-2.8001199806045913,-1.3820053941741757
-0.008802279697245051,-0.014854427471532412,-0.008090570342552,-0.00199617773274255,0.26676602711617015,2.797847964276863,-2.7127138254039713,-1.5055943272103323
-0.008791313639920645,-0.014866038027832339,-0.008059023121871555,-0.002001828210534787,0.2578818091416885,2.7882637926057754,-2.689087447363484,-1.5114995292583613
-0.008817538964686684,-0.014858166927964265,-0.008096803423680002,-0.0019707426834653374,0.2679540622177903,2.779870772627809,-2.7255564268063686,-1.488213995230594
-0.008806597093774866,-0.014869825898131411,-0.008065253079614516,-0.001976504499229183,0.2588249651659891,2.7704197484165047,-2.7018993710559047,-1.4941993603882742
-0.008832809929953063,-0.014861858424551648,-0.008102957206789375,-0.0019452859916344694,0.26923678742924645,2.761820903372786,-2.738287821634186,-1.4707464846000315
-0.008821893590715465,-0.01487355552763877,-0.008071421835040922,-0.0019511697149719516,0.2595424440119804,2.7525066430740868,-2.7146029040805293,-1.4768221636636183
-0.008848092431344245,-0.014865501922029584,-0.008109026159864027,-0.001919830444321276,0.26934629556094414,2.7436791483821374,-2.750876594335626,-1.4532431454527839
-0.008837201564473887,-0.014877224058020078,-0.00807753453241627,-0.0019258248377689747,0.2603935116707245,2.734534874780675,-2.7272136557288813,-1.4593636703874564
-0.008863386307324785,-0.014869097381817617,-0.008115013126414262,-0.0018943640571527848,0.2687880262933679,2.725405195545809,-2.763325023605661,-1.4356800200136783
-0.00885251719775049,-0.014880864281213357,-0.008083529425380077,-0.0019004487853711168,0.26147019605900795,2.7164722632749094,-2.7396901724132507,-1.4418367073870988
-0.008878691396530594,-0.014872644766016243,-0.00812092578267639,-0.001868853969910193,0.269422231338329,2.707001867493734,-2.7756746669111334,-1.4179592445089433
-0.008867845869883824,-0.014884492985409772,-0.008089379108207825,-0.0018750243109508572,0.2624088882219404,2.6982919132448013,-2.752003513948884,-1.4242550959884406
-0.008894007537775724,-0.01487614403740323,-0.008126764966827097,-0.001843296142204578,0.2715429662612657,2.6885282008648788,-2.7879471580852613,-1.4000420974046872
-0.008883203374396454,-0.014888076509504272,-0.008095155406354762,-0.0018495571108336302,0.2629268484647556,2.680015291604244,-2.764200830488273,-1.4066059759245737
-0.008898592777204898,-0.014891572043401418,-0.008100938719739091,-0.0018240735925144427,0.26323804731641515,2.661682569205961,-2.7763444988729753,-1.3888648793162803
-0.008734236727703496,-0.014866737251754976,-0.008007257962188437,-0.0020825489008097155,0.25274181516472444,2.8247686457044865,-2.6289595005629667,-1.5612581387012432
-0.008749617039217648,-0.01487048441948941,-0.008014241208183955,-0.0020574539055127736,0.2537854540494587,2.807697305651002,-2.642343987394266,-1.544460762644597
-0.008764945857123086,-0.014874151398957034,-0.008021147796079332,-0.002032450436013845,0.25468803201733375,2.790630665390655,-2.6555789213463328,-1.527658457766227
-0.008780248004045236,-0.01487792982519733,-0.008027649364143923,-0.0020073377331859097,0.25545633124484546,2.7732011032063757,-2.668540800348394,-1.510669954966996
-0.009032323652033132,-0.014905466592036428,-0.008175638517744808,-0.0016127571618070227,0.2778302475324932,2.5196932636960945,-2.8928174945543517,-1.236489736603413
-0.009047741492513604,-0.014908482834330765,-0.008180669062065351,-0.001587043427053707,0.27940975667422646,2.5005932764676033,-2.903903910157952,-1.2178790025296635
-0.00903725072726127,-0.01492071641211358,-0.008149412022460127,-0.001594475950558078,0.2688811018012455,2.4937721113258515,-2.880265403085265,-1.2260335785415022
-0.009016915263030915,-0.014902401901103013,-0.008170525857090254,-0.0016384619438286937,0.27614960574832853,2.5387871073556743,-2.8816187270584357,-1.2550506782605286
-0.009021767425154393,-0.014917679781976794,-0.008144308312301715,-0.0016201006075614568,0.2686326517343098,2.5127332472064405,-2.8691640425027285,-1.2444178223453601
-0.009001516484536435,-0.014899288792197036,-0.0081653350082105,-0.0016641379529523605,0.2752942946887331,2.5578369208353866,-2.870324229803719,-1.2734852002515555
-0.009006309637769013,-0.014914563833815689,-0.008139191430395208,-0.0016457067108698608,0.268270437051129,2.5316315402801504,-2.8579931821366373,-1.26270204752962
-0.008940020664703167,-0.014886352812552904,-0.008143785510020443,-0.0017665821893262958,0.27507524823400015,2.633035515913123,-2.824047193841178,-1.3459613349623976
-0.008929376125562735,-0.01489830572397254,-0.008112450015067675,-0.001773171531678389,0.2644401751078695,2.6249020029473953,-2.800412851190733,-1.3531114244032214
-0.008955379406047948,-0.014889659273885168,-0.008149289597888075,-0.0017410151021700325,0.27430867888866517,2.6144128235123043,-2.835786525482885,-1.3279879688784146
-0.008944742603533564,-0.01490160864138023,-0.00811804150801148,-0.0017477429031262735,0.2654569659726311,2.6064212897910077,-2.8122340359461386,-1.3351352704329826
-0.008970748396413332,-0.014892917446321189,-0.008154715905748608,-0.0017154187057207995,0.27413935016377566,2.595665755682689,-2.847406733908246,-1.3099492409624256
-0.008960103868706151,-0.014904901780989745,-0.0081234720759317,-0.0017222919653902614,0.26642969979418,2.5878461986779295,-2.8238708682315905,-1.3171133070442194
-0.00898612747582548,-0.014896127296621686,-0.00816006515238611,-0.001689789429775505,0.27470328779919606,2.5768024604417463,-2.858921701692769,-1.2917838150389291
-0.0089754791638197,-0.01490816913910691,-0.008128784044143899,-0.001696804544206853,0.26714967928689276,2.569183815234583,-2.8353547290378973,-1.299040751110894
-0.00899088068511828,-0.014911390708923708,-0.008134022192436911,-0.0016712762279018356,0.26773540335201057,2.550447165618334,-2.8467261982895415,-1.2809054270307463
-0.008097185447508032,-0.014703482937510597,-0.007581245338771864,-0.0030668669177051407,0.1823854569220886,3.37235016466877,-1.9604976659308362,-2.1428756103348587
-0.008112017348804328,-0.014705222191956743,-0.007597537906787558,-0.003048385610336007,0.18512023384056953,3.3681050329709725,-1.9785554637692422,-2.1346581151679396
-0.008125069561461726,-0.01471397580539912,-0.007600467063500088,-0.0030228416875069802,0.18590767758088822,3.3496967047582373,-1.9925546028059304,-2.1198041912947208
-0.008080281057895078,-0.014699229093281566,-0.00756605463630155,-0.0030906973154705155,0.17983415818405224,3.3814569073405925,-1.9404236097626184,-2.1543711850306217
-0.008033380893491555,-0.014660442016052313,-0.007564036817462886,-0.0031917834386420035,0.17743842771758064,3.45985288233082,-1.8890926348011414,-2.2136942751733866
-0.008048049532749433,-0.014666899391648655,-0.007573632638871294,-0.0031676049653325835,0.1793267203164434,3.4470491744598064,-1.9065240326628785,-2.201268341008926
-0.008005672398786304,-0.014646981811645147,-0.007547344870778335,-0.0032389727116666684,0.1740446107258676,3.4860432913121593,-1.8559894471279084,-2.238112451990719
-0.008019088735026924,-0.014653848837781818,-0.007554978786069022,-0.003215681652473766,0.1756305086807399,3.4727597413355027,-1.8720132332410244,-2.2259959707609522
-0.007992768679866835,-0.01465498800233504,-0.007517897056276823,-0.0032415814898721766,0.16981790071121586,3.4688261267915523,-1.8385000275112469,-2.2340101854298218
-0.007978968143063921,-0.01465196797839464,-0.007503791018807149,-0.003259852726589987,0.1673908868249092,3.473857331069397,-1.8214894724497686,-2.241841655713509
-0.00804991608824681,-0.014681782739011679,-0.007553301111835024,-0.0031459957735476608,0.17692269677992653,3.416826269098723,-1.9060666385843628,-2.184786918867031
-0.008061965729672412,-0.014693401413968753,-0.007551263897542617,-0.0031179480983665117,0.17715371615193504,3.3934453491388976,-1.9188458302644875,-2.1678601575030245
-0.00796358623398266,-0.014646371958972289,-0.007491249081343771,-0.0032831246287456585,0.16502171965367154,3.4837391721070152,-1.8027509472586287,-2.2527612465924047
-0.007949722693081232,-0.01463764302679303,-0.00748524225202125,-0.003309048307923049,0.16364565061363412,3.4998941977892115,-1.786125993293437,-2.2663921998677705
-0.007931963637932688,-0.014635815249546784,-0.007463557565428248,-0.0033293359021698767,0.1600135023598457,3.5013348642868136,-1.7638696786609065,-2.273627549228854
-0.007846413603697299,-0.01461561993181576,-0.007373542707590576,-0.0034401861769649557,0.1445792456224233,3.526799616147535,-1.6575360288107859,-2.316991417213043
-0.007911283847360819,-0.014637526784528159,-0.007432593466285186,-0.0033474062520417263,0.15530735081161692,3.494933252049131,-1.737845528587162,-2.2775814914204537
-0.007861134599006525,-0.014622254304733559,-0.007384820891852473,-0.003416982826820477,0.14678449178336372,3.516623122605487,-1.6758243776779016,-2.306551396348247
-0.00787675440109431,-0.014628707112423693,-0.007397443256413943,-0.0033930879844776642,0.14921817040938867,3.5067506864573943,-1.695142076272061,-2.2959219441426857
-0.0078933367120731,-0.014634171266937127,-0.007412639094507112,-0.0033695307197693816,0.15193537904984258,3.498762195489507,-1.7156129545094119,-2.285914165259106
-0.007831053910220766,-0.014610338077226762,-0.0073593007936092955,-0.0034619878551890616,0.14203656943890938,3.533891889679014,-1.638374316591367,-2.3259465822975915
-0.007813258417539054,-0.014607740030196742,-0.007337719840813003,-0.003482099927400712,0.13840506039849176,3.534754979532025,-1.6162368483180531,-2.33228622836034
-0.007794430113669118,-0.014605468060706284,-0.0073140982321231824,-0.0035024821165205795,0.13455676931455976,3.534419213847807,-1.5929203107415455,-2.3382078690634516
-0.007776427524179892,-0.014601218131123299,-0.007294236525937483,-0.003524722217548981,0.131175692318347,3.537894340919641,-1.5705735885516836,-2.3458306507674016
-0.00763239288928313,-0.014525803312034118,-0.0071826698780387225,-0.0037573062944177447,0.10825468188092383,3.6340591285358874,-1.384467579530506,-2.441433534846473
-0.007759191016731097,-0.014595487646510226,-0.007277320774002256,-0.0035482241632113745,0.12810484533872415,3.544174105005007,-1.549063842380545,-2.354656672969133
-0.0076447845219597445,-0.014536452260667269,-0.0071875842830432385,-0.0037314042965238205,0.10976938479911012,3.6186091295665546,-1.4016547014270355,-2.429448515061463
-0.007717306591738598,-0.01456879615314848,-0.007252439884836645,-0.003623279944676,0.12231884043528155,3.583167497791231,-1.49508972162434,-2.388744382188777
-0.007727972054700324,-0.014578166512409634,-0.007255495091029377,-0.0036004656950798346,0.12346757746442417,3.5683294866614417,-1.5092523018824837,-2.3774246616877837
-0.007743015384894929,-0.014587621861804186,-0.007264625592429766,-0.0035737297978469147,0.1255742899125978,3.5546496945811583,-1.5286164933554691,-2.3653663372263733
-0.007661003574131436,-0.014545195707253723,-0.00720046337521589,-0.003705194667055244,0.11243771803525048,3.6082579996922974,-1.4229240303510908,-2.4191274345864398
-0.007679740119906728,-0.014549617467671735,-0.007222484141445752,-0.003683177913422445,0.11625027552182106,3.6070226240125662,-1.4464241395903328,-2.4129841552630906
-0.00770298134994913,-0.014567863321431616,-0.007232725474969442,-0.0036368341541483627,0.11921623186697826,3.5799318213229854,-1.4774941963627777,-2.3912970190513216
-0.0076873567837634355,-0.014565382369983174,-0.007213086941492494,-0.0036536075801512262,0.11586384061710228,3.579096753796887,-1.45820248864824,-2.395462627891991
-0.007615057644711778,-0.014523081766530483,-0.007160074729279708,-0.0037751690306461996,0.10455083405226683,3.6316084949503478,-1.3629744197825744,-2.4449627723211194
-0.0075928988569224165,-0.014518154877169393,-0.007132870403597088,-0.00379989708579313,0.09990273894434178,3.63084641295502,-1.3352658843187195,-2.450649348372163
-0.007572832541659436,-0.014512728100570294,-0.007109258682707331,-0.003823479118731836,0.09576324318681695,3.631644389037299,-1.3100836617927774,-2.456473919814078
-0.007549390192773709,-0.014519781062317116,-0.007065151211739102,-0.0038304162212139327,0.08977752844522567,3.606552065300737,-1.2844465221548875,-2.448779926856196
-0.008554946275673358,-0.01483284781098125,-0.007895561235641274,-0.002360762598629987,0.2353741218013993,2.992195524621419,-2.4548425316520546,-1.7401860384600238
-0.008139411133626097,-0.014721480926993838,-0.0076068132644906,-0.0029974389023486527,0.18733347123289604,3.3335423107377733,-2.008289364240372,-2.1055699684464604
-0.008155268476895692,-0.014727115033024625,-0.007617821808720989,-0.002972644402905331,0.18931171118698953,3.32077133695238,-2.026276031332943,-2.0924098766719683
-0.008171107661219802,-0.01473067582989484,-0.007631913019676127,-0.0029503573809363287,0.1916661394161883,3.3118864785621116,-2.044755571508512,-2.081196852721764
-0.008197403780258506,-0.014724285324248113,-0.007674719049940157,-0.002928260261646378,0.19812592646770263,3.3212097150652724,-2.079409193630171,-2.0746545736972632
-0.008184926799911642,-0.014732915692377743,-0.007645464576891382,-0.002931884459727414,0.19391302976945124,3.305659201710097,-2.0611028415875343,-2.07213638102525
-0.00821104429066633,-0.014730841834290983,-0.007680963447917127,-0.0029044299929177537,0.199367184570164,3.3059886866275563,-2.0941193009798167,-2.0609920068458276
-0.00822556841661089,-0.014737191400808966,-0.007688456264355363,-0.0028797905691906184,0.20082238920114057,3.290830912867364,-2.1098710063935844,-2.0469339356520666
-0.008377092803027392,-0.014789647967633867,-0.007779326412269452,-0.00263581125246965,0.2167699900822582,3.148942639319379,-2.271744576383085,-1.906240609167556
-0.008240882103124007,-0.01474374906041847,-0.007696390878107673,-0.002853931112093863,0.2023186673563099,3.274957205069579,-2.126351542559948,-2.032138876323597
-0.008362374876618226,-0.014784450861518144,-0.0077714464214887835,-0.00265990821038535,0.21541779399817404,3.163840236122326,-2.2566646207590506,-1.9206441885215562
-0.008256983052238858,-0.014748981166724203,-0.007707242254759138,-0.0028286781019772928,0.20423872522015782,3.261348523189221,-2.144147442610667,-2.018085405148149
-0.008272525683790116,-0.014753324098349006,-0.007718696952098436,-0.002805059544636692,0.20619044700564756,3.2493806467991653,-2.1614850302777433,-2.0050522344406043
-0.008347172777606545,-0.014779669616593494,-0.00776214462841743,-0.002684070531754287,0.21382214623101167,3.177859569839993,-2.240682230896578,-1.9348031344554355
-0.00833217807954267,-0.014773831369611476,-0.007754674197005112,-0.002709126525176617,0.21248049343958364,3.193697945080544,-2.2252970827775265,-1.9497187119964752
-0.008287372931472121,-0.01475827529880932,-0.007728156805366101,-0.002781462393305623,0.20782612329457303,3.2361219640623493,-2.177629850072887,-1.9916367804768955
-0.008302186311117989,-0.014763905901842499,-0.00773628723192163,-0.002757039620359052,0.2092957901377044,3.221332702632236,-2.193316863931152,-1.9774388449707445
-0.008317141093415352,-0.01476808895657762,-0.007746814760279595,-0.0027340730396883113,0.2110909319778336,3.2091788909504895,-2.2096624168316983,-1.9644447030946293
-0.008391525430280709,-0.014795907267563788,-0.007784920901027537,-0.0026108315942942376,0.21782649461460088,3.1318952141734617,-2.285802591732758,-1.890897270003945
-0.008406227583602143,-0.014801888399979963,-0.007791111350578742,-0.002585795076790271,0.21894858917208118,3.115142007888794,-2.3001500824050987,-1.8755404673253862
-0.008421249979494009,-0.01480740685672245,-0.007798262599002778,-0.002560828171168116,0.22019975274735112,3.0989958962627013,-2.3149549021168845,-1.860289145578667
-0.008436440507025402,-0.014812498300368758,-0.007806147121320676,-0.0025360657459126365,0.2215326643583154,3.083428187833421,-2.330032233291575,-1.8451983317203113
-0.00850960158612662,-0.01481734067287177,-0.007875904674911503,-0.0024366016788912076,0.2322092836269222,3.043441870227578,-2.412496945424028,-1.7884347570673682
-0.00852452242751979,-0.01482254000430968,-0.007882383021144688,-0.002411587812789787,0.23326228300101556,3.0265588370991563,-2.42653946074217,-1.772580955661443
-0.008539588971880665,-0.014827909958748858,-0.007888534251539061,-0.0023861660293847497,0.23425996131207458,3.009122775408905,-2.4404703340832996,-1.7563628719140894
-0.008451761380644936,-0.01481717886749498,-0.007814699013494748,-0.0025115239772523627,0.22294534650165074,3.0684099535469547,-2.3453415736653365,-1.8302674239690901
-0.008497690177134629,-0.014828736886612117,-0.00784356637277117,-0.0024401706042224444,0.22754204741907166,3.026916632929272,-2.3918595942815917,-1.7869184633262065
-0.008467186755143923,-0.01482141043118416,-0.007823959489572747,-0.00248726376281776,0.22444129868074866,3.054012368512088,-2.360886867037356,-1.8155374997169098
-0.008482608948958777,-0.014825154907948106,-0.007833885019166908,-0.002463450816522937,0.2260119234580422,3.040340992936809,-2.3765805976595726,-1.8011071785868118
-0.00869150985424603,-0.014871030037887374,-0.007960278622706462,-0.0021382820518195205,0.24524528898196277,2.844524112187924,-2.579580399199356,-1.595927203346182
-0.00870705128119355,-0.014875514671904384,-0.007966490074361565,-0.0021125894544669495,0.24614453908186182,2.8265969717715813,-2.5928497946905122,-1.578830834535408
-0.008646587039387225,-0.014857375923742025,-0.007942521589407803,-0.0022129678268977804,0.24262806466774603,2.896683812984786,-2.5407401851243567,-1.6453055767700426
-0.00866143723225959,-0.014861684324776907,-0.007948935419493026,-0.0021885102739793703,0.24358323069741505,2.879972786107894,-2.5538990760161995,-1.6292467245157802
-0.008676320284762387,-0.014866323299156263,-0.007954613152458873,-0.0021636554330405687,0.24443655654557392,2.8624822860609567,-2.566684706354737,-1.612795425641971
-0.00863537206850327,-0.01486924568675249,-0.007910518682995091,-0.0022168503154200363,0.23804240068618385,2.881179746026472,-2.519970923477484,-1.6447172724023928
-0.008620456376925023,-0.014866429139412857,-0.007901164223613364,-0.0022397246060347977,0.2366572649371903,2.8947641661589234,-2.5056050845611306,-1.659270825497833
-0.008605097091954004,-0.014863324544813913,-0.00789173343127138,-0.002263399909965542,0.2352451831308425,2.908932077007161,-2.490835546787348,-1.6742862335859214
-0.008558335678545368,-0.014850826752609791,-0.007867363449381125,-0.0023380588468089156,0.23148274775599442,2.956557233936104,-2.447082236074501,-1.7217898290010363
-0.008589526471843722,-0.014859613671274747,-0.00788300152636453,-0.002287877539393716,0.23392034405724207,2.9241414495699893,-2.476114349972303,-1.689847036273594
-0.008573924549646707,-0.014855379717533859,-0.007874985741977548,-0.0023128473824731606,0.23268064130679825,2.9401481261364726,-2.4615634907154083,-1.7057486242422228
-0.007176500186734651,-0.014319141614983245,-0.006694565003729616,-0.0043765125072775255,0.01717016305046756,3.7160502473107293,-0.7834536620747,-2.5901694394311554
-0.007158078246504902,-0.014298846243040265,-0.006683530657443923,-0.004418585555744155,0.013517253350944709,3.734676896744625,-0.751894717578793,-2.6037007850354175
-0.007522872111147308,-0.014513655101452772,-0.007032418060119995,-0.0038591530598377304,0.08435977276249919,3.604623760467853,-1.251994787933642,-2.4544613305245657
-0.007497507418741156,-0.014503159962951586,-0.007006340728636042,-0.0038932839334286243,0.07958206989749243,3.6108104612451406,-1.219697669655736,-2.4642091465048384
-0.007396839992894789,-0.014459364328424382,-0.006901538893948089,-0.004028591060326884,0.06021954164939946,3.6323013493026424,-1.0904318629537,-2.499791684804375
-0.007466910142006015,-0.014497707610260277,-0.006966022038224543,-0.003922955383087051,0.0732118230451667,3.60406702811014,-1.1831810581203046,-2.4678121488221962
-0.007436415559209789,-0.014488145269856685,-0.006930290343294004,-0.003958251487504818,0.06703583931925967,3.604074939582762,-1.14564207369917,-2.474960737611046
-0.007405963230211363,-0.014486436845465057,-0.006885462078202362,-0.003980883936702405,0.06051654550629904,3.5892497680283744,-1.1114042538816007,-2.4734903694665387
-0.0073717575331224555,-0.014453222905555818,-0.006869272303909921,-0.004053985117057658,0.05511423367084365,3.62731268313414,-1.0603837774445102,-2.5024717186786742
-0.007343117895428839,-0.014440248782214287,-0.006838595476263983,-0.004091825509587081,0.04954093771593998,3.631592519993621,-1.0236751972745657,-2.5109614700116993
-0.007311674667359168,-0.014432042032722426,-0.006798015131989425,-0.004123347376558458,0.043096257158535316,3.6246627561486338,-0.9863144402940486,-2.5134774368895503
-0.0072832371066545295,-0.014414892691142548,-0.006771096642893507,-0.004166646528296959,0.03771698062568296,3.6345102500011746,-0.9479934794769244,-2.5246767698617383
-0.007254139700341327,-0.01440317964934019,-0.00673701246241265,-0.004201269571719021,0.03186237243251679,3.6335571972915304,-0.9117902280877456,-2.5296761995691592
-0.007202638787668958,-0.014354711574093367,-0.006702750706523646,-0.004305797802867074,0.02228441579054895,3.6768299747945306,-0.8318391136870723,-2.563542105039877
-0.007176521175721262,-0.01434680181423443,-0.006668202468597092,-0.004331525151308712,0.016585952127911394,3.668990768085909,-0.8009003338665165,-2.5636708704239806
-0.0072310815054751065,-0.014389997764595305,-0.0067136020897330265,-0.004234557865318387,0.027381942817255034,3.638864063249876,-0.8809530988518713,-2.5369854435576147
-0.0072101722759726926,-0.014379402153508924,-0.006690713553444738,-0.004262330527536146,0.022802738739434246,3.6408128628877185,-0.8538005035638498,-2.5418694040478753
-0.005943400221640148,-0.013462203916612792,-0.004994491829107633,-0.00586684497042617,-0.23674999616817685,3.1999351100339797,0.7590976674963695,-2.328644155895715
-0.005903850612254122,-0.013462142065400279,-0.004931917233117985,-0.005852984790061557,-0.2383925973740714,3.15146982475353,0.7596509232865427,-2.3013646196125452
-0.0058441699191640745,-0.013398055506577454,-0.004833269083580736,-0.005930915237609403,-0.2486923255956058,3.1039821248605475,0.8326386855678197,-2.2656216876393027
-0.005874103230957187,-0.013436511725635298,-0.00488358946568354,-0.005882381333623474,-0.2426956609645989,3.1256906105509827,0.7891829197099919,-2.2833768530420095
-0.005784914618982458,-0.013390564431586314,-0.004741150917206983,-0.005918982024229803,-0.2505391435075867,3.0365536878427997,0.8380627426197054,-2.2263979013149426
-0.0062403725296801904,-0.013778239600924048,-0.0054459218712739725,-0.005428621863064372,-0.17609439380868486,3.370428248781749,0.34803033863314137,-2.455602655366624
-0.006201981570823104,-0.013755682122794814,-0.0053882998054193285,-0.005459703867548849,-0.1824791389326976,3.3416185254349817,0.3838662581591215,-2.4381743764600956
-0.006132660472224981,-0.013695392263824489,-0.005286594393789417,-0.0055448372575097405,-0.19573200950899264,3.30142494075877,0.4675770948629947,-2.4111539552760983
-0.0061622534900566545,-0.013729676172440705,-0.005328849086467308,-0.005495158188733812,-0.18926916614975187,3.3129796204358635,0.4228163413281885,-2.4203385926213894
-0.00609219739260535,-0.01369632768715783,-0.005221563320161172,-0.005535023820422311,-0.19864465482824248,3.2523123818451216,0.47506137914713864,-2.3836961977104316
-0.0060616882004600695,-0.013672319145492884,-0.005175944975410198,-0.005566575054912342,-0.20440186051695666,3.231483325724144,0.5071805761414964,-2.369934201846545
-0.005967243239019358,-0.013503115001207603,-0.005033671567624953,-0.005809748472783653,-0.23054865197564328,3.210563430855295,0.710178014247733,-2.340007233485411
-0.005980954597494578,-0.013559925711155435,-0.00505524420492811,-0.005723751428333248,-0.22294925291838472,3.199142997297717,0.643650487735001,-2.340332328508722
-0.006024733397998018,-0.013652696450301944,-0.005119413133906153,-0.00558891870314537,-0.20894438429019477,3.199846186272035,0.534681459177392,-2.3502190186952006
-0.0059905536676604886,-0.013642286438395405,-0.005066574648614698,-0.005596815092658759,-0.21237142413359195,3.166004061036702,0.5508253209136512,-2.329989378390891
-0.0059691537135643825,-0.013613238507414234,-0.005034818322480858,-0.005636621883651517,-0.21697756961682688,3.1570239559049136,0.5852598060543972,-2.3220946355379595
-0.005120158713972978,-0.012675751735411437,-0.0035434221728288854,-0.006543795987048039,-0.29031668377761927,2.3394645058717853,1.4007021901317518,-1.6965483103227987
-0.0051806586058366156,-0.012773291599496557,-0.0036750548120530087,-0.0064620336048689915,-0.28987375399884296,2.4182152324520363,1.3354173546676502,-1.7628859217992792
-0.005133251470698613,-0.01273833008583829,-0.003596114783142036,-0.006475125946090621,-0.288647165790445,2.367793000166596,1.348625201357849,-1.727207379104318
-0.005281962126034281,-0.01284505510915037,-0.0038436673133421177,-0.006434191202440084,-0.2926821199206006,2.5264927126683854,1.3055831887834655,-1.8384426326522207
-0.0052284567508400675,-0.012811412938003867,-0.003756561480198779,-0.0064440596763763675,-0.29155006639800973,2.4699669567916476,1.3181364320237068,-1.799882393824598
-0.005270052619388497,-0.012907648813090531,-0.0038586252438252743,-0.006344646059975934,-0.28736930571593283,2.5253350708536213,1.2396520805325526,-1.8515919356252035
-0.005452653902692188,-0.013059861324175089,-0.004170416243484455,-0.006243921955912754,-0.2834625313705301,2.71737356105853,1.1423064506400378,-1.9897121624353644
-0.005303730077359091,-0.012947343025069407,-0.0039212803607432045,-0.006312261538057698,-0.2860066664525099,2.562128919124475,1.2118773978990067,-1.8803923751779512
-0.005355116498415535,-0.012984847435556078,-0.004006453616691343,-0.0062919225079219035,-0.28590915862101096,2.615498824869668,1.1907970908240781,-1.9178787050705595
-0.005403268577976094,-0.01302502791973023,-0.004088558878687636,-0.006264636412928262,-0.28453582106062764,2.6659413141023927,1.1644662897849913,-1.9541418528042194
-0.005715507038980412,-0.013334473863918209,-0.004627679707163253,-0.005975132119253526,-0.25832626889058163,2.972530484756533,0.895081664547181,-2.181749163004429
-0.005729557139171067,-0.013388779535677334,-0.004657261342473973,-0.005899597642393278,-0.25216010010903717,2.9738625461740376,0.8367387226439741,-2.190409291051814
-0.0056627975137788005,-0.013310756877226345,-0.004544812437658267,-0.005987550227052733,-0.2611185298879229,2.9190245462774667,0.9150640193288683,-2.1476180052662817
-0.0056141975020873305,-0.013280170957064977,-0.004467079048480465,-0.006010722454564208,-0.26447893983096593,2.8717348005676633,0.9418463502330573,-2.1158633211992854
-0.005562634010917542,-0.013258782831143278,-0.004387555358902392,-0.006017981588706378,-0.2660359132236037,2.8198634417298947,0.9564011584010775,-2.082795243331591
-0.005448100883495093,-0.013122170931746708,-0.004186114459648771,-0.006154598745922498,-0.27709832591294864,2.712377915558711,1.0758027718159993,-1.9986347121941137
-0.0054645497404079355,-0.013183801793793805,-0.004228524818191338,-0.006077164293167861,-0.2718892136230157,2.726056882265485,1.016402397452703,-2.0170090695311043
-0.005503242058010026,-0.013235683351937984,-0.004297336943674048,-0.006023106275124054,-0.26711467005573075,2.7608690101807936,0.9706711165255967,-2.0453968165517598
-0.007105144327984037,-0.014296033402655395,-0.006599100256501377,-0.004447089254988862,0.001889645883710579,3.6925227229770456,-0.6982884080058146,-2.588534850629598
-0.007131168584820088,-0.014301123588698249,-0.0066371617629178625,-0.004427197866560682,0.007647587408963486,3.7070752293156226,-0.7268714628067764,-2.592633731341564
-0.007085824156864894,-0.014312803033411519,-0.006552559983404124,-0.004428022923616271,-0.0024043347703054216,3.648033441958242,-0.6912205268579908,-2.566432817812892
-0.007051435451819388,-0.01428039568690815,-0.006524783768100479,-0.004495129321782796,-0.009534570361736773,3.6691769527972498,-0.6368416286565041,-2.5833958549432166
-0.007059497459044452,-0.014311893921714195,-0.0065106458766901595,-0.0044405098258061245,-0.007971899291862776,3.6263851706505608,-0.6660187564574241,-2.558129381901045
-0.006629614421340441,-0.014022101371878344,-0.006000805293420044,-0.005031438078846702,-0.10002130528579657,3.5907650051019773,-0.08729787476115841,-2.578024783432438
-0.006991488754016915,-0.014225801755068485,-0.0064714299895811955,-0.0046079061214895104,-0.0223733033011517,3.698405416039948,-0.5419822572113254,-2.60785151383279
-0.0069377932380945305,-0.01420196697941825,-0.006400861914811303,-0.0046655411701017465,-0.03394782439438934,3.6814655059262837,-0.47643416640496766,-2.604882363673276
-0.006964690226685527,-0.014214107057251306,-0.006436190586756186,-0.004636575949757723,-0.028209048614758033,3.6899733929817207,-0.5092516301838556,-2.6064759839790064
-0.006994896297949093,-0.014253287664368518,-0.006454623306220137,-0.0045611781317275515,-0.021542356089073962,3.6589619420473882,-0.5659162224749302,-2.5853002600989616
-0.007016413759089619,-0.01427295294118087,-0.0064736802171700015,-0.004520937488476551,-0.017025692170726348,3.648620160990812,-0.5996015407741643,-2.576670361630607
-0.006911244396140904,-0.014223777149977511,-0.006340182607225621,-0.004637658987417344,-0.03874780963014741,3.6225753489387493,-0.4717184849480151,-2.5748124922941193
-0.006681286789446436,-0.014078457703063324,-0.006056008571390042,-0.004930700581830081,-0.08759218297420272,3.579585338816313,-0.1746446959918481,-2.569700043068568
-0.006773191227679182,-0.014134464075564618,-0.00617459296268397,-0.004821106021886071,-0.06822833296550855,3.60671735807076,-0.28925785595867654,-2.5788157381419095
-0.006713049754918542,-0.01409605974758223,-0.00609853327862525,-0.004896378647361904,-0.0809688304386146,3.5921666176980724,-0.2122543501022119,-2.574859341882391
-0.006741788757402042,-0.014119721435828174,-0.006131812764862632,-0.00485187347007559,-0.07464011224503686,3.592599718060964,-0.2536651142105945,-2.5732610977974684
-0.006649002882302025,-0.01405841135453161,-0.00601355977821009,-0.004968483129524506,-0.09448247736967087,3.568410232070526,-0.13472716883118588,-2.5651620016479657
-0.006654517987015606,-0.014097047552896126,-0.0060010311385794305,-0.0049037886544201085,-0.09110168181930649,3.527056119664617,-0.1743889847862254,-2.5422484247222363
-0.006881224574221869,-0.014211167518232483,-0.006300197053648802,-0.004667335132820549,-0.04500194942442132,3.6112300528816275,-0.43717130719353586,-2.5716409928367447
-0.006849642751846115,-0.014196312833932476,-0.006258964463325647,-0.004700547555310369,-0.05145316727784514,3.600782598679277,-0.4000058477409552,-2.5689227528435983
-0.006817232235014606,-0.014178976590404242,-0.006217709410097084,-0.004737411981532508,-0.058395541114129486,3.5920160584163057,-0.36056278253519275,-2.5670139786027
-0.0067805139983508865,-0.014168430329403618,-0.0061644060864473405,-0.004763362526528848,-0.06547266566399351,3.568477440359952,-0.3241868599712085,-2.556962360865583
-0.006246872069559421,-0.013827937412617263,-0.005444331376990774,-0.005348720647819814,-0.17006918123228315,3.3378337242577456,0.2921631616612416,-2.4403014512635415
-0.006439075650772833,-0.01393946339787213,-0.005721773221463616,-0.005178147740991734,-0.13582152929846722,3.460771097191731,0.09917120819808455,-2.5108957384691166
-0.006396277156120312,-0.013921406504676298,-0.005658335607707818,-0.005207132606733313,-0.14327247858462877,3.4288422598469688,0.13726863657650887,-2.4934559885402177
-0.006357416690808306,-0.013908612344593618,-0.005599414981171638,-0.005226628051193317,-0.14940278260296858,3.395873112308166,0.1669691773922428,-2.4752980079187985
-0.006280181598228466,-0.01386557410924917,-0.005487821960312334,-0.005291307316702426,-0.16272011739670098,3.345027857530915,0.241195818299627,-2.445963956949573
-0.006314750473170761,-0.01389209990478118,-0.005535645010344074,-0.005251091273487707,-0.15582661395756706,3.361702798947093,0.20102163189908714,-2.4561338270327866
-0.006240794728932775,-0.013877618182060522,-0.005421351012156859,-0.005268500838750049,-0.16521794002179813,3.290152504178257,0.24254610935142656,-2.416031402428311
-0.006592829294135409,-0.014020791485798626,-0.005939935105792659,-0.005037125671741417,-0.1063820099103099,3.5499910670923565,-0.06384800727118624,-2.557199203114738
-0.006547587149950966,-0.014018962162766135,-0.005865844978338432,-0.005043657818695583,-0.11350570654786898,3.5004323485754045,-0.03615912785843404,-2.531587937003416
-0.006469664852411634,-0.013972433683744371,-0.005758602455753294,-0.005123686367851114,-0.1288250078631432,3.4621204762179354,0.05089863098217442,-2.511791713280402
-0.006504407761204201,-0.013996957798872464,-0.0058049978431604955,-0.005082298906807651,-0.1216419708058958,3.4756492953050198,0.008807988614474781,-2.5188861169278876
-0.006435728488399263,-0.01398586105304508,-0.0056975853093261565,-0.00510230549439642,-0.1319272738694846,3.4099529877338197,0.05417735047129506,-2.4839606166780026
-0.013162971373774692,-0.00563154117269255,0.006192137390700785,0.004463012295854122,0.5965094653918755,3.2735389156456267,-0.34240767824704044,-2.3826172860969357
-0.013389930745975795,-0.005804240121250011,0.005928493218707561,0.004771399832655084,0.5682109913962065,3.3349987979121005,-0.05934863131784669,-2.426453483835847
-0.013354586745192193,-0.005774506016583754,0.005970494219256397,0.004721017488468941,0.5727111760143254,3.3255991118245656,-0.10548203111353803,-2.4206445558874443
-0.013335049458513992,-0.0057162666240392415,0.005975493475939737,0.0046296950611770865,0.5681207503033822,3.2667082964183476,-0.15182873231274926,-2.388140720839162
-0.013310246504833503,-0.005682786437210394,0.005998025380609371,0.004575122938820895,0.5682992099916965,3.2424650838767475,-0.1888484189343449,-2.3738627464862794
-0.013277862980665427,-0.005671673764475539,0.006041168148248279,0.004551930869037501,0.5752007751926529,3.2508751714212427,-0.22192773074936475,-2.377015367872602
-0.013238392023191077,-0.005669392506233904,0.006098855122749692,0.004539464214472614,0.5845482394066867,3.2748784808977827,-0.25796409235552215,-2.3880975439410665
-0.013220103047289284,-0.005631280883863667,0.006107623026752823,0.004478412466225969,0.5823658856252872,3.2375386494383736,-0.2902771574985468,-2.366418296701173
-0.013436966178484491,-0.0058079392038199494,0.005857939916866304,0.004782237096743067,0.5566827941860267,3.3006814859372007,-0.018738896844752013,-2.408940024553638
-0.013486316374767158,-0.00584259114859404,0.005794891339305368,0.004839054890834075,0.5486190900989908,3.300825336655166,0.040672196759815225,-2.409244707978583
-0.013536067486403926,-0.005881092497933439,0.005731237634985189,0.004900160332753277,0.540694260895945,3.302668101981694,0.10282237530279603,-2.4098714865491453
-0.013594450655714588,-0.005891451804442681,0.005644877292311688,0.004916276882821039,0.5273430478756981,3.2620976165023623,0.152147229395594,-2.387483253965114
-0.013149730027963583,-0.005565002330487764,0.006177218468710519,0.004361627551565852,0.5871312566879593,3.1939920590217095,-0.37817861265520253,-2.3375129567828234
-0.012977043288311431,-0.00547618953435248,0.006374695253899548,0.004171040069043188,0.6091832551069974,3.1629317232540046,-0.5655758378087078,-2.3046042881824893
-0.012888191148657389,-0.005337804986554485,0.0064127175803857656,0.003940017855047633,0.5962265757309372,3.014874542431903,-0.6727132283200595,-2.2114415552724984
-0.012959518381567052,-0.005418745770245008,0.006364848137050085,0.004083189104494998,0.6000443822192255,3.0941095633276468,-0.5935279796688756,-2.264233459585569
-0.01293190118123459,-0.005372475800576024,0.0063748641221391894,0.004007390531780299,0.595425294119606,3.0446027614195352,-0.627198514404936,-2.2332195537669226
-0.013031975687893419,-0.005492212320587626,0.006306328473676156,0.004216137278660616,0.5997399950138314,3.159394647537496,-0.5090803790263078,-2.308211386509552
-0.013082608101887414,-0.00550967066900074,0.0062441166650930675,0.004259879523698127,0.5915883460772865,3.157757271521127,-0.4568554582502991,-2.311900296606568
-0.013120224088251628,-0.005526201436094789,0.006199348470545452,0.004296351627861679,0.5861329322705889,3.1598640958163777,-0.41746169575502606,-2.316182923117345
-0.013156000850698176,-0.00551436897779589,0.00614221779104096,0.00429097091442997,0.575974541169157,3.125883600845249,-0.38878693224854527,-2.29993627183929
-0.01277764808126832,-0.005254475028162592,0.0065055116094177275,0.0037727311864880907,0.598218445572838,2.9383536123703546,-0.7832329276833218,-2.1539272278066472
-0.012832116807948978,-0.0052654476062391695,0.006441627681245285,0.0038161046415708887,0.5904157143185677,2.9398413004764614,-0.7315322733309494,-2.1617616020069814
-0.012884878496372383,-0.005274149036835295,0.006377972037637525,0.0038538656636718216,0.5825578743108264,2.9369911878674944,-0.6820221644397115,-2.1664780604585023
-0.012760816265455301,-0.005196102925437412,0.006488888308113308,0.003688399203988991,0.5867150429829177,2.8703012248915374,-0.7996605287283597,-2.1129385727293335
-0.01265243581051784,-0.005147349096131189,0.006592148247837553,0.0035634813587907548,0.5928683358707642,2.8260329045546366,-0.8988085949077397,-2.0723478682506244
-0.01254859518256276,-0.005036331757240375,0.006639876458370109,0.0033624023655862765,0.5797147694361731,2.7013025507851243,-0.9829311103412657,-1.9850127736572334
-0.012620176290611025,-0.005074936491990343,0.006581538756260352,0.003454879340992801,0.5796022308461038,2.743475122621146,-0.9228625769086545,-2.0201607241688824
-0.012734640788315784,-0.005137095174874856,0.0064832131447173,0.0035995095797605723,0.5769847705135293,2.8046276042848284,-0.8229030364900671,-2.071652760509441
-0.012418722443393157,-0.004907803182259612,0.00669571360802048,0.003125123858369272,0.5621943892961198,2.5536934392990838,-1.0750269368420626,-1.8792238517185536
-0.012299019351219414,-0.004841859364271424,0.0067764226608235225,0.0029640176314948315,0.556884818907193,2.469110071574774,-1.161084316105945,-1.8097048658463721
-0.012372087609956468,-0.004845689408774265,0.006701177458394944,0.003023394283256669,0.5498225559075122,2.484360297980958,-1.1008121313483963,-1.8315222606113601
-0.012254964942667687,-0.004778766573348668,0.006774641829375989,0.002863770554777999,0.543184938211811,2.3972990608597615,-1.1801259910395727,-1.760715672359009
-0.012200739015178316,-0.004715048273412681,0.006781180314357932,0.0027563750431989224,0.5300454003000715,2.3238978193007696,-1.2046042893363254,-1.7089376923699218
-0.012001753044681438,-0.0045968634009953754,0.006879035333199758,0.0024780047959322682,0.5087766722177713,2.1587678376248367,-1.3156616462054804,-1.5760961089655565
-0.012140352571606117,-0.004658598863172351,0.006797289512623755,0.002652402800696615,0.5190507347042511,2.2562766861219328,-1.2336051492962399,-1.6588945789477465
-0.012084286639390327,-0.00460777796897411,0.006811533700199728,0.002558115497269977,0.507900019846949,2.194578983678918,-1.2586531818434825,-1.6130687804241588
-0.012501801086924223,-0.004888653276652821,0.006589742077417111,0.003161695477562719,0.5476360180896406,2.540497498870229,-1.000848064101976,-1.8854527167854311
-0.01253204441696549,-0.0049617354550413545,0.006606542400111111,0.0032645940225293556,0.562635386659824,2.618555181438851,-0.986766400696183,-1.93515925893546
-0.009766709353348267,0.003664888590140769,0.006981900572599752,2.2935210508445955E-4,0.14240298628769413,0.2115980215701346,1.6223843001961675,0.0820330054300395
-0.011216797757213116,0.004150218066708339,0.007080300105545882,-0.0013989681381227205,0.3791041558623784,1.4451140055113543,1.582752492734585,-0.9961175519678583
-0.011074358617701124,0.004109310969957357,0.007117970932550538,-0.0012306484029119098,0.3589085293190142,1.33084940129023,1.6247300321502127,-0.8947621153920319
-0.011156448233210764,0.0040954123627977125,0.007065691330712555,-0.001308774487269436,0.36225125693520444,1.3762225717449192,1.5802624929635525,-0.9437350367436019
-0.009899936206089243,0.0037041732600055673,0.007023135464594697,9.85340742890459E-5,0.16151581439712173,0.31882588348626933,1.6456072939497712,-0.013421902929742139
-0.010014246796138333,0.0037808664255850563,0.007089006596186491,-1.7446529554861772E-5,0.18270211855388574,0.422508781542397,1.6892327713921595,-0.096458800212481
-0.010900289286415402,0.004108240673933848,0.007194174155094339,-0.0010444038029560603,0.34118851653465226,1.2115730567264176,1.6957321876485445,-0.7770414975791207
-0.01081033577541917,0.0040779984451191,0.007202310676171858,-9.34452873587991E-4,0.3257580826914726,1.1326215530383326,1.7104574332554325,-0.7084261254446044
-0.010995640362602643,0.004044064512859346,0.007098357957736916,-0.001118589341657147,0.338960105362439,1.2444141705391474,1.6196748417260032,-0.8284181068131486
-0.010575646909814655,0.003983717791806183,0.007192059379413072,-6.479313337222928E-4,0.28141668618694954,0.9177984891148362,1.7250031607439225,-0.5250570301243546
-0.010675186359534202,0.003992641244449184,0.007172242337822055,-7.589583973646028E-4,0.295039483670882,0.9953812459766737,1.701891356754116,-0.5982778717971877
-0.010762970195944459,0.004011633254675229,0.007160839861845026,-8.597423137641179E-4,0.3082141611041787,1.067470467780996,1.6856846640181833,-0.6635852481951362
-0.010260202821785285,0.00392090614421581,0.007195018715286757,-2.897434700739687E-4,0.23029266645166652,0.6519938728901121,1.7523213307013383,-0.2838678043364351
-0.01015173730498213,0.003835059126941205,0.007130249394694276,-1.6469868580541093E-4,0.20594350590854385,0.5425268800132895,1.7117169049635075,-0.19896160871262458
-0.010379612553299382,0.003880214001656516,0.007143217860946435,-4.138508651697921E-4,0.24114906401315864,0.731503113400851,1.7042436291489176,-0.37137199322972303
-0.010468301066939701,0.003861533168750821,0.007111008045913777,-5.047715752341086E-4,0.24970067830025383,0.7915503113820211,1.6736811934100477,-0.43423939621378616
-0.01054098487997151,0.0038944034385299192,0.007123215998250464,-5.887741456692542E-4,0.26410502404914116,0.8574462121085753,1.6771017899583047,-0.4901801685819108
-0.009248170346901542,-0.003362532867619738,0.006657935474813351,-6.452002936702766E-4,0.07592184759075409,-0.17860093302921812,-1.3988549597384485,0.40358223897118833
-0.009419974296378442,-0.0035332729656453177,0.006823370877826197,-5.38571516630747E-4,0.09623038691764982,-0.05521899040114042,-1.5206198688306567,0.31373857494545626
-0.009574131567054712,-0.0036258111630499993,0.006924886855702012,-4.1230984685854106E-4,0.116152825937424,0.06432007521392451,-1.590807311724305,0.21633191710357408
-0.00972099618564104,-0.00365987475637846,0.00697302387556968,-2.741408635511181E-4,0.13729706699703503,0.17605029809315084,-1.618450502254216,0.11534550788073174
-0.009856846739092675,-0.0036537703475993575,0.006980234035543975,-1.3912722670867542E-4,0.15279343854161637,0.2770142615494125,-1.6144834892559055,0.01628822434729764
-0.009937018354641185,-0.003710060193185276,0.00702936470048573,-6.12334194090646E-5,0.1673160038568075,0.3481173365875628,-1.647661840512138,-0.040469468120744666
-0.010967137701897282,-0.004182165738783948,0.0072313379746758435,0.001149136280084126,0.36311843062795385,1.2975014277284098,-1.7143406398502192,-0.8393143764752328
-0.011057242871139933,-0.004178081821727254,0.007185901031127648,0.0012455448418346698,0.37135863895118953,1.3571670499680875,-1.672914755465969,-0.899551894583037
-0.011128006750233082,-0.0041304656870622776,0.007109732476247255,0.0012970074747412725,0.36732886305679097,1.3774094319737353,-1.6131244347835592,-0.9349607698680916
-0.01005657920001755,-0.0037210626458960604,0.007038784385383902,6.0718525981642E-5,0.18202630924464802,0.44107428156322276,-1.6469686042571592,-0.12827275052575196
-0.010507706281175175,-0.004014136855267042,0.007235376810529348,5.801546060859678E-4,0.2770961195951073,0.8778851958763426,-1.7625072768036019,-0.47780658965672046
-0.010412126402696134,-0.003936319067119021,0.007186161067597132,4.586179602067626E-4,0.2532600079170089,0.7755025715411276,-1.7340877119079592,-0.39936985966760413
-0.010176016991293474,-0.003782545490384922,0.007084187930973104,1.8670029824440436E-4,0.2040777261596809,0.5470346931578502,-1.6741697638361044,-0.2164555931737603
-0.010299561797821644,-0.0038584875937008063,0.007136141247911815,3.2485875645226294E-4,0.22786238411634133,0.6631399486734696,-1.7050120062600385,-0.3106471096238181
-0.010695959139959552,-0.004061646214354847,0.007226720746788976,8.028681409038449E-4,0.3092200515627513,1.0410257399969753,-1.7390308502797203,-0.6237419698885583
-0.010790634546149095,-0.004048805577293755,0.007183684366210861,9.024481923532709E-4,0.3176022772578343,1.104327146196169,-1.6994706669430268,-0.6892007790444419
-0.010623149876696502,-0.003973400795058217,0.00717050469968107,6.97000375371127E-4,0.28546660306580446,0.9491031493799177,-1.7050423817131006,-0.5585766295143677
-0.01088950917512759,-0.004088962133583308,0.007181671078079496,0.001024817554870581,0.3367522684525878,1.194570043048192,-1.6884102786515844,-0.7661285124984784
-0.010847399123525546,-0.003989287682318057,0.0071116830497411215,9.415499472767879E-4,0.31385215800459226,1.117098161980287,-1.6431096857055636,-0.7185567385521839
-0.011611363936303723,-0.004372854527688367,0.007016792831638935,0.0019346401602910212,0.451388866252362,1.81307775590355,-1.4831076796867466,-1.2958319738586594
-0.01153668972533565,-0.00430363208285482,0.00701223473267019,0.0018131767081478926,0.4323696642565867,1.7256775551321726,-1.4938480930305456,-1.2301936548765167
-0.011205584399588058,-0.0040888581301482705,0.00703477384991876,0.0013548908157023558,0.3655215283037534,1.4027347372605903,-1.5542891732656543,-0.97228112717606
-0.011343808689964832,-0.0042064643137953925,0.007055307209229908,0.001559901988383294,0.3996936484931863,1.5550106647151158,-1.5498116688710308,-1.0892504233645022
-0.011446801364027055,-0.004243515547733219,0.007022197276272449,0.0016852824611369515,0.41417986047848815,1.636716786408045,-1.5142728796366915,-1.1598182126214047
-0.011298606012972426,-0.004098697633696669,0.006992297038891941,0.0014524771683411218,0.3739827202829855,1.4640026652465792,-1.5155276460498077,-1.0307741178495142
-0.00972200015862743,0.003511276960395821,0.006857712075242425,2.5622406913072045E-4,0.12826977847213397,0.15769997102003355,1.5257514232726408,0.10157619728591015
-0.009653566187730332,0.003356564998199106,0.006736227490876697,2.9909788427082926E-4,0.1136232609831417,0.09284056222149707,1.4308467953587647,0.1344536744191751
-0.009543199681826802,0.0032499495569763785,0.006646045491726524,3.763989593025395E-4,0.10056066212503934,0.009815742872691975,1.3637799318067179,0.19871640834089327
-0.006962474708532081,-0.002246951273744298,0.005023391040903018,-0.0012628515526117044,0.009054385160572718,-0.999789489861946,-0.46865552066116356,1.1457291524405322
-0.007377925886853008,-0.0025118610251386652,0.005350962130798763,-0.0013060174281560534,0.005451014370264831,-0.9382721530262971,-0.6213008561825509,1.0867551664218011
-0.009280699315230387,-0.003179108036249444,0.006544762944407789,-5.710752463970493E-4,0.07448618801784301,-0.15958515095843334,-1.3008613624468357,0.3529428441139932
-0.009075302439729972,-0.003189622036354571,0.006493139553017032,-7.308277332741946E-4,0.05850095370686838,-0.2858720980937561,-1.2774902590180819,0.4795591191329983
-0.009219813762422877,-0.003024456925165045,0.006433571437076778,-5.771597317554153E-4,0.0679529529568076,-0.19742881046175595,-1.2109259844519824,0.36649114110479486
-0.007799132081124201,-0.0026472830830174487,0.005643157334849748,-0.001226276723823541,0.007254665095457435,-0.829325431040839,-0.7613814829425828,0.976337946439095
-0.00835200832461063,-0.0030295554656703475,0.0061042227454697244,-0.001151204751931584,0.01795480810302171,-0.659795452183468,-1.0438180862185507,0.8363926974865404
-0.008120984616432701,-0.002839997240270064,0.0058961935629375595,-0.001181506380090557,0.012571075054840964,-0.7362938554416737,-0.9088403747704231,0.8945477378450709
-0.008823737950440278,-0.0030984145396915955,0.006349973504784028,-8.800851096034247E-4,0.04139231301062651,-0.42683469452755485,-1.1850867972496297,0.6076792117087829
-0.008597480676400895,-0.0029944195258706494,0.006199864140676793,-9.858371397816065E-4,0.030214087773970288,-0.5385839184754176,-1.0872225591545048,0.7077985106518482
-0.007056439939965017,-0.0018438001277644692,0.004993989587739009,-9.964471680007018E-4,0.01108784906992221,-0.9316759941600203,-0.39961644392010653,1.0502167173001988
-0.009487779934033085,0.0030866316085709,0.006529886075273133,3.9240158258653334E-4,0.08819173904509449,-0.033952859601267475,1.2697171839129384,0.21375849108743314
-0.009371470254654455,0.002924998531935088,0.0064097478207377516,4.467582702903603E-4,0.07674168949670591,-0.11062580813210517,1.1752207996876038,0.2662441330770534
-0.00911020715247369,0.002840125743874807,0.006299030185500569,6.028549123554288E-4,0.057135652198046935,-0.2582401859861522,1.1050725990780672,0.40307999968977365
-0.006654439602173308,0.0017433769717339234,0.004734173392153696,0.0010132613370069522,0.013404803707931944,-1.0019355423445255,0.31887117461847114,1.133745618612185
-0.007212845508793916,0.0020031408987273374,0.005118808579560873,0.001052734761878473,0.010062073223951293,-0.9133306469097209,0.4615200382762535,1.0342048741384169
-0.006892247296652123,-0.0014564780251251556,0.004832572436975571,-8.024626000716499E-4,0.014402890245139627,-0.9305004904128552,-0.29639463202456323,1.0430177247250336
-0.006523275871352124,0.0011855466711661019,0.0045818983637118645,6.921566422010025E-4,0.015769450802279594,-0.9797829953011262,0.20586199263123786,1.097636183137691
-0.006384810374865327,-6.0353613849543E-4,0.004455169006764796,-3.5620275013987325E-4,0.017926100969355017,-0.9757460427141408,-0.09951637439652272,1.0891815882428568
-0.006716303442731483,-9.935801146567348E-4,0.004676222434807931,-5.585269007662479E-4,0.015554541038825769,-0.9338467825645017,-0.18856007096344563,1.0396194412878756
-0.0064135749437428825,5.571050664605676E-4,0.004470154770588244,3.271712646795806E-4,0.01821198787555073,-0.9693594467513262,0.09289905599047743,1.0815253965146878
-0.006474710015008769,-5.903231102115697E-5,0.004493047603128857,-3.417189814119098E-5,0.01871025342004386,-0.9512105173860418,-0.009876143827325481,1.0570079636000747
-0.00881581827758381,0.0026611562671070227,0.0061156759231181515,7.264863505479202E-4,0.04109454797603743,-0.40411435566434956,0.9789702558269383,0.5304490937912677
-0.008599866586196755,0.0024687956464105086,0.005950612438872772,7.716918262594652E-4,0.03170233451746191,-0.49189342150621895,0.8618995744573131,0.6028654920825841
-0.008371492877044596,0.002292890020617013,0.005790100314380166,8.076316632151301E-4,0.024336619796845347,-0.5741887868686879,0.7552863883570834,0.675278109612011
-0.007735531632839838,0.0019361622640424409,0.005385373101081738,8.73468855427273E-4,0.013485124006738318,-0.7632994834535679,0.5325061682878226,0.8602041905605368
-0.008111447751370415,0.0021183013595640126,0.005617426012791537,8.357196099426026E-4,0.019241385432216027,-0.6567094292549679,0.6502079924608039,0.7516782482367904
-0.01195376954106657,-0.004516124755006494,0.006858297995499886,0.0023644995494504855,0.4890406128270583,2.073420945748179,-1.3193610429111036,-1.518504616142508
-0.011719272552589038,-0.004353006560278703,0.006920311154025575,0.0020217305896010895,0.4485535125429449,1.8501355360978502,-1.406668672449049,-1.3430876453549456
-0.01179438856042958,-0.004402648593452926,0.0069015455260688805,0.0021287379538829556,0.46168582174507755,1.9204325167395737,-1.3804402320602498,-1.399077167120396
-0.011882787404425586,-0.004424484536283415,0.006847068322956554,0.002225002900283861,0.46651274331143255,1.9732501066282724,-1.3314140794120775,-1.4479825104301123
-0.015071409573903738,0.01662681930647077,-0.003126863254011844,-0.0023468120211743286,0.019261444597652208,-1.0884460474592004,0.36873404613657096,1.254738385116151
-0.014994757406810106,0.01707511656628408,-0.0030128052982797125,-0.0020641633947743637,0.007554329343038592,-0.98950981132374,0.41178905271960736,1.1325969832861011
-0.014921100624163184,0.017567890833513514,-0.002864230262599524,-0.0017815042028885878,-0.0026722855559595422,-0.8880303257684382,0.44017507294746555,1.009281005700785
-0.014811519794788536,0.01804891846591655,-0.0027252671558170437,-0.0015309115785882771,-0.0146139768608543,-0.7968665280113222,0.46260405480409883,0.8988036262616744
-0.01470788468926204,0.019094489094865004,-0.002335433620064615,-0.0010770912383075027,-0.037923795751628624,-0.6254591137211328,0.45547842958656365,0.6955300326799305
-0.015058731647263658,0.018767157367510237,-0.002328652710069408,-0.0012226242583324829,-0.030080671252071332,-0.6821126610252927,0.4096167588120915,0.7578557002200422
-0.015078865117255123,0.018368755982352304,-0.002473849067165096,-0.001393722568329168,-0.020674215333035702,-0.74387528642447,0.40995939403785736,0.832100511362371
-0.014246550418663073,0.022617184295289184,-0.0010064430679191524,-1.792971106107224E-4,-0.14255173525076478,-0.2365945172214628,0.3924049019532466,0.26000922214991323
-0.014890871148426072,0.021810640397545156,-0.0012150551870334701,-3.270429036544088E-4,-0.1174757745332402,-0.32688085742212186,0.3652858243841542,0.3550380107218822
-0.014868294495237681,0.02380314294700005,-4.6666343730140773E-4,-5.08469981937803E-5,-0.21160342017150444,-0.13492219923740742,0.3499565632698141,0.1503568490095568
-0.015454229691227492,0.025,0,0,-0.3008168233912845,0.007553782754093401,0.31776092556143004,0.00352755631097248
-0.014792166357805147,0.020002405021067256,-0.001937320349956424,-7.722764575678441E-4,-0.06045426254316873,-0.5115826336193098,0.41711693995154164,0.5623450033469027
-0.015269648839111206,0.02084737425130385,-0.001484625820999684,-5.496948897858203E-4,-0.08612218130259987,-0.43004077785057043,0.35195983253041824,0.4661252321999969
-0.01566067413066352,0.021536297523299552,-0.001154690341616384,-3.9195941217390096E-4,-0.11067110454020986,-0.36603896528203106,0.3135095023428246,0.3925447396648113
-0.015153928949108327,0.016201929172291712,-0.0032095270152077194,-0.002636850295253035,0.02934257364299123,-1.1842019982113838,0.30839743217070753,1.374698336528137
-0.015259778049204338,0.01579938286558924,-0.0032445136777356992,-0.0029273929643060964,0.04029480155722994,-1.2705375648022155,0.22320249510355136,1.4850989750715298
-0.015421049919029945,0.016485069913729007,-0.00294156249922854,-0.0024244151035861493,0.022204092244495748,-1.0907352811842155,0.26596283873847504,1.2500695035814544
-0.01522470498554534,0.015100414280719803,-0.0034247908671680644,-0.003511198663144009,0.06148078761251102,-1.4588052084419696,0.09511746565726385,1.739148173862558
-0.015325021381230854,0.014833651088795398,-0.0033719078209307925,-0.0037263240467384274,0.07089086020089459,-1.4998906925128161,-0.011346327710262895,1.7995176610111738
-0.015530756604349633,0.014684389199225035,-0.0031992655987571118,-0.003798078485605427,0.07156177245469192,-1.4740599657153852,-0.11757802108350668,1.7644427901952768
-0.015670561533677067,0.014453745515391372,-0.0030799015049296284,-0.003952047991683389,0.0780674804670961,-1.4749134271572029,-0.2304558771812044,1.7706216410956899
-0.01545055770892927,0.015304216114894168,-0.0031982582244743257,-0.003290591850265008,0.054059098467672616,-1.3548917492041745,0.07183992937014974,1.597908723757338
-0.015457678839705304,0.015541001677680794,-0.0031493969072709863,-0.0030995032788218627,0.0465421341248806,-1.2996507231501915,0.1203808128532178,1.5201501729205604
-0.01578871881417814,0.014206874563267817,-0.002964652773754957,-0.004119094513102926,0.08307395128454446,-1.4729030463508745,-0.3481251483823445,1.77649799134134
-0.015877529135316554,0.013962878998048123,-0.0028599670312317634,-0.004288951735642413,0.08884708510714057,-1.4688804174119012,-0.46230643464745175,1.7833362659279566
-0.015916560348308822,0.013781180348050754,-0.0027959102978421103,-0.004425787364672136,0.09684320606422478,-1.4666962055934232,-0.5475808061442863,1.7961482474457469
-0.01595604276309214,0.01357215265611525,-0.002716270924407338,-0.004583455324144563,0.09949619567087961,-1.4642519353899748,-0.6447116048725979,1.8033886325002582
-0.016075856907641226,0.01328534985297056,-0.00253258188681841,-0.004746890747764077,0.10514577375305996,-1.414083568387394,-0.788631741162373,1.759273953332656
-0.016128382508229355,0.013021820838902303,-0.0023947568496165625,-0.0049233135543916,0.11074215813360556,-1.3759996348932917,-0.9185674034306323,1.7350206919560713
-0.016159196835318853,0.012779989287729963,-0.0022665405036278205,-0.005089756375075843,0.11622682656454737,-1.3355593633433063,-1.039444908050438,1.7094207377283077
-0.016121048587166304,0.012125814047338347,-0.0019280184575724828,-0.005611730473938246,0.1361534361781732,-1.210134426454742,-1.394482332261035,1.6495636429446645
-0.016234993168031123,0.01199265409977663,-0.0017627949344389774,-0.00558137931492209,0.12992269517120775,-1.1168527276275282,-1.4337368266467339,1.5359607730852984
-0.01617646660288888,0.012308669006342,-0.0020036805824044375,-0.005426616332753504,0.12727483066836529,-1.2363574124729875,-1.2842436366429337,1.645834540985051
-0.016210952596306002,0.012548220036353096,-0.002113022587449541,-0.0052199817712540175,0.11931647621334884,-1.2731717977539925,-1.153145918964766,1.6551879308804922
-0.01626442377837407,0.011791758325521122,-0.001604528838264337,-0.005673097645948797,0.1326584470986574,-1.0317311944384178,-1.5246762342672624,1.4568467714312332
-0.016377187453068594,0.011961232545900778,-0.0016540089694317614,-0.005452111097514112,0.12523126954236938,-1.0452332651089031,-1.4087557540775066,1.4336633277245334
-0.016305845333177197,0.011614665104574196,-0.0014502315906137148,-0.005726460488785543,0.13389282986876264,-0.942214343074874,-1.5942422085265453,1.3690907884125287
-0.016266188627000137,0.011473300367093667,-0.001361528661888118,-0.005846035167318541,0.13730507965917385,-0.8960612869832482,-1.673862591943495,1.3414922521819355
-0.016200059808542333,0.011123478814154642,-0.0010963386266308408,-0.00608876510366512,0.14594140907300338,-0.7393883157940194,-1.8564710593407747,1.2236550705945695
-0.016236163166355566,0.01130749296937511,-0.001239971742661223,-0.005962639535934823,0.14125315329575658,-0.8254968495835221,-1.7611378264030952,1.2886951975942067
-0.016337217382704102,0.011030322492428205,-9.614857881755835E-4,-0.005952459380401704,0.136014790590012,-0.6459140042687198,-1.8209129723963102,1.0927981354445981
-0.016290889766968776,0.010900025593536262,-8.622077808458325E-4,-0.006055283243513709,0.140275633798788,-0.5831594153995524,-1.8917214351992757,1.0494516260380229
-0.016339681793026868,0.010775623614007865,-7.357893530022956E-4,-0.006030149272915516,0.13752400077380023,-0.4975803830490076,-1.903033932816067,0.9535848035736628
-0.016003735395077455,0.01004997112694708,-6.14554016603588E-5,-0.006602502491149632,0.16370213386795426,-0.03436185268931585,-2.291700271187669,0.6197169100077273
-0.015808635592106275,0.008827578206768754,0.0013094798453153129,-0.00656459322802904,0.1745976576612008,0.9800721334910082,-2.2952954390919516,-0.3572653332954105
-0.015915283026006918,0.009845210487486798,1.6834008921117418E-4,-0.0067267442283689026,0.17129367855170133,0.13461864032955004,-2.3806643235249534,0.48748591144479875
-0.016027836440479917,0.009919194900978671,7.967084705385456E-5,-0.006565025879526007,0.16112297507791187,0.06950409450324159,-2.285015384894743,0.5063152710134049
-0.015842239513899493,0.008959062076744913,0.0011579736459101755,-0.006583651940380517,0.17229710620902752,0.8689354448772555,-2.314553557824054,-0.2508807770124695
-0.01586489098936815,0.009085046899233031,0.0010164921688589337,-0.006607949748809437,0.1698343891881713,0.7642702347187603,-2.3336023111396624,-0.14788218496938468
-0.015872628211320575,0.009206989194068009,8.840827295965216E-4,-0.0066449936687231,0.1705870471025324,0.667075661359521,-2.3576139838916492,-0.04718352606500343
-0.01587815312110669,0.00933788166416884,7.405479689778454E-4,-0.006681637422542429,0.17024630957724754,0.5603514401070656,-2.379155766572365,0.06296998399102162
-0.015917282035271648,0.009719167624712725,3.09455802418317E-4,-0.00670993206691058,0.16996497878006098,0.238920590528545,-2.38082004589818,0.380206954673097
-0.015901817716418114,0.009595109225114525,4.506401044193018E-4,-0.006712204406277033,0.17091127133585246,0.3441782894388746,-2.3894535346740526,0.27863038883548
-0.01589190721063015,0.009468494570477359,5.930980093029537E-4,-0.006698454454358843,0.1705443330505169,0.45055410393615397,-2.3861362954894503,0.1727347364824892
-0.016132976066484842,0.010284178571460603,-3.0149671165012024E-4,-0.006403130804415797,0.15317100647684498,-0.20436954026157642,-2.158837809924322,0.7394410902136271
-0.016104727989918244,0.010135781797396331,-1.4983508256538976E-4,-0.0064543653834159736,0.1566443007266184,-0.09611410740067709,-2.2038715878905437,0.643145585280341
-0.016353182024451633,0.01062272449728575,-5.935639951891776E-4,-0.006050641273937473,0.1373255722145863,-0.40191190465506227,-1.9377551745940267,0.8577986001231072
-0.01634603792426417,0.010449846052008143,-4.350700095541675E-4,-0.006092462037123061,0.13697839826898886,-0.2940297299309009,-1.9824840380866249,0.7549893993484408
-0.016282884516616712,0.010321720911608667,-3.219298962561959E-4,-0.0061934417788362,0.14285641014609005,-0.2143047192158432,-2.048701438995049,0.6981176108545174
-0.015695785793797514,0.008571013029922239,0.0016328057257083905,-0.006568066739800387,0.18462728510955403,1.219547831344334,-2.2714230924017857,-0.5706411537605779
-0.015661603833678994,0.00844664874853724,0.0017764289114799367,-0.006529248349963104,0.1880175543384831,1.3218185408845884,-2.2330098868317534,-0.6711943810168536
-0.015601830661448709,0.008365076171821199,0.0018975234243881506,-0.006549663788940577,0.19426828106075386,1.412514648164957,-2.231866646904295,-0.7440979151941552
-0.01563285334668133,0.008286746698512079,0.0019459472160628273,-0.006448966614381083,0.191103101432652,1.437930474832829,-2.163531048882427,-0.7926865742460759
-0.015525119169401962,0.008119058336219155,0.002182680136106485,-0.006451300676318998,0.2027426583137382,1.6095593349729924,-2.1320062323317845,-0.9386303256602101
-0.01559619127977715,0.008200012687450945,0.002052352772572156,-0.006427928224008593,0.19472403335864472,1.5126660718992662,-2.136362049097654,-0.8625170617845873
-0.015557294099580713,0.008018842507328249,0.0022399477385497144,-0.006324951541036723,0.19985958212181207,1.6345762204368046,-2.0447743470093966,-0.9913765320847228
-0.015897119116588972,0.008741496413251136,0.0013465757241574261,-0.006396668673810582,0.1672343540191673,0.9979832081956931,-2.194283027965708,-0.4176242317340099
-0.015846145702990054,0.008603011419940455,0.001507196754232002,-0.0063853480289565,0.1712855220690954,1.1140710897904373,-2.1743523418231683,-0.5250131769473462
-0.015364974871738652,0.007856193174247803,0.0025499836431899267,-0.0064084440873515,0.22321428115567984,1.8664608057651932,-2.0439531070708035,-1.1631329191992164
-0.015430384296324571,0.007911019937676803,0.0024428896006625164,-0.006382058822349821,0.21341174498767032,1.7860604499693995,-2.0465001611389564,-1.1037559205350058
-0.015306669617693261,0.007708480283017689,0.002723084850501738,-0.006328453940516593,0.2312384930397178,1.9752743415606429,-1.9599940567630176,-1.2714257572671217
-0.01536379514708569,0.007772207985447095,0.0026167570668678263,-0.006326889732647892,0.22188223599482532,1.9003912843749906,-1.979676045136864,-1.2109905883292802
-0.015525067796460594,0.00792208186943373,0.002346786844601621,-0.006278431892064759,0.205312492616428,1.7039115436699521,-1.9977386389518497,-1.0611129433728592
-0.015249738270845761,0.007573155566179026,0.0028807620626180035,-0.006249707840660625,0.2397196605362956,2.0706739972423542,-1.8766658847918782,-1.3667825051013909
-0.015312464625628356,0.007625745289042159,0.0027771338331109984,-0.006236171808579839,0.2294856676632732,1.9964995946305533,-1.8902418741461697,-1.3103661342617725
-0.01524048474673106,0.007487832095385814,0.002948437641048692,-0.0061673427374911195,0.2401325982445396,2.100690929093352,-1.8093480205955554,-1.4095182091247798
-0.015199512821327693,0.007417580666760754,0.003039293558688368,-0.006132779473565791,0.24794666516804129,2.154688776196092,-1.767216889708348,-1.459886881890621
-0.01518057760811385,0.007255572716494409,0.003157202936679489,-0.005969435146087197,0.2517971885138413,2.19600693106376,-1.6358840481868069,-1.5277810400784446
-0.015227913667247243,0.0073415210004746465,0.0030543915406001077,-0.006019373836633811,0.24478133147782793,2.139637491431119,-1.6915926509257329,-1.4733317566747213
-0.015048942337878832,0.007134133230214619,0.003376342441021692,-0.005951422998156811,0.2707286007746537,2.3357428415002564,-1.5695812282521997,-1.6382941986334154
-0.01515075787591743,0.007149049406112294,0.003249217418251882,-0.005875747579061274,0.25615612661689197,2.233143247530947,-1.5558302257275936,-1.5753435548695691
-0.015015481893422417,0.007057622447190674,0.0034547904850422266,-0.005889317388335654,0.2760518834899273,2.3699784214532156,-1.5100244352777967,-1.6764370734793557
-0.014962807480056092,0.0069902711433521975,0.0035507964608022797,-0.005852342193911147,0.2842963535015968,2.421399886786175,-1.4608016272924127,-1.7221823052394931
-0.014900237443248808,0.006929121934830412,0.0036556094542436403,-0.005828245341377909,0.293294616244794,2.481505360400924,-1.4168209947079868,-1.7711999692490963
-0.014826211957376316,0.00687789123502923,0.0037711657075362617,-0.00582227511360306,0.30613240667880043,2.5532686340393926,-1.3795933730197303,-1.8251739560794686
-0.014803345741798288,0.006784144082413593,0.003835825757420148,-0.0057187204434775195,0.30893417821686503,2.5612322018079445,-1.2967164670324027,-1.8488663958147245
-0.01474340917811039,0.0067043836474989325,0.003940802632022036,-0.005658244904236819,0.31899641053399147,2.6058768404950894,-1.2280703102899813,-1.8912825756649367
-0.014700510386662487,0.006627914007391884,0.004020358406080673,-0.0055867995477185545,0.32633536303903804,2.629509402047011,-1.1604299568054057,-1.9195264125060738
-0.014633696341027819,0.006519948520853822,0.004136703666568611,-0.005486078927900838,0.33649574087895623,2.6625254895693007,-1.0634183291281938,-1.9579482706174984
-0.014696477880841588,0.006565325952373307,0.004042518196195824,-0.0055071293559452224,0.3255803800481698,2.6148101012401206,-1.1058713298224403,-1.9209802321006944
-0.014538399609560153,0.006404631993321823,0.004287888458550702,-0.005385888221295844,0.3518749555378942,2.7138193501901475,-0.9542434954866854,-2.007204030653273
-0.014629339917656511,0.006433864270234566,0.004161124130058939,-0.005374641049864543,0.33627980709485567,2.635166993501116,-0.9906098051715314,-1.9540488553160884
-0.014442212791144667,0.006248211569065956,0.004439795794917523,-0.005222327138875071,0.36564260816146993,2.7333151629253027,-0.8099305899323276,-2.0402443605564833
-0.014498390428004103,0.006319667908636057,0.004355130056877634,-0.005292101953752418,0.3566275914861667,2.7144953439097126,-0.8778648525104559,-2.0193461628638403
-0.01432805185879307,0.006079021430526683,0.004605546634855943,-0.005039962516172077,0.38043267042869616,2.746266173347994,-0.6518502933573979,-2.067245031971966
-0.014415348303387518,0.006110723376177363,0.004487134302995382,-0.005049487330835704,0.36644425560822147,2.687022275249888,-0.6997590196548453,-2.02632263700399
-0.014450221741481856,0.006166855307989864,0.0044367450461045965,-0.005109756593218204,0.3618456944542053,2.685153434790191,-0.7499576960993871,-2.0192041528874602
-0.011302916913913769,0.00413563306621164,0.007020273693181021,-0.0014776152516039374,0.3821369087385877,1.4885480970983156,1.5327096216160256,-1.0442491291949063
-0.01141258827136879,0.004163275539554199,0.006977782202816162,-0.0016014272676819535,0.3943369603398565,1.5670433024186128,1.4918308514103424,-1.1146670664297227
-0.011510754350744093,0.0041026788953271425,0.006868049221757307,-0.001655790096450449,0.38641222870129416,1.5821250990033568,1.4104236585155994,-1.149119775214056
-0.011613653816001535,0.004172508395890451,0.006854338577976988,-0.001795320025657257,0.40526580923176464,1.6770674220326403,1.387567015933371,-1.2246425621286423
-0.011707226285385439,0.004241553771942293,0.006841665936379865,-0.0019278822779409015,0.4227400533630227,1.7661887113179027,1.364699804463175,-1.2949141747907662
-0.011866942651527141,0.004363326333398276,0.006812802195768827,-0.0021613338799262847,0.4523811559374958,1.9209002344736505,1.3172352983594442,-1.4154061965594307
-0.011794350818019628,0.0043019955960531325,0.006822932711986532,-0.002050062336604128,0.4373584137791471,1.8466480766819477,1.338073841157663,-1.3583638621181218
-0.011954862625107046,0.0043507659670581535,0.006731597988635466,-0.0022251966405005684,0.44781140147666915,1.9447652096367651,1.2556365237681408,-1.4467678195077625
-0.013209231378959282,0.005092108375139783,0.005868938112055876,-0.003749369909939404,0.49030722470305166,2.648975465211739,0.4388874088030863,-2.024970813140369
-0.012937492005131838,0.004995143236097621,0.006150757005612531,-0.0035288905843353893,0.5138139078246081,2.6211251121214256,0.6527823867950194,-1.9867232040119056
-0.012767372029473738,0.0049104677141418255,0.006302188586987672,-0.0033461615961819973,0.5203438157097374,2.55958063380388,0.786322859536401,-1.9319422464974878
-0.012710236815872215,0.004869843002297139,0.0063428456561414265,-0.0032686574846711313,0.5180551229602623,2.523287126178584,0.8288074336058545,-1.9034595192031338
-0.012656179986527872,0.0048383139299415494,0.0063841597709752675,-0.0032022550938062395,0.5181561551844102,2.4940608389221635,0.868543691333938,-1.8794351920191539
-0.012856634157623162,0.00492453229227442,0.0062068116609402535,-0.0034078357026417483,0.5105548819951854,2.5643135986083085,0.716553639048537,-1.9445429056997248
-0.013129823785861042,0.005032080215068287,0.005937997314035146,-0.003650049429105445,0.49137268837170106,2.615391628105885,0.5044105074609648,-1.9990525677936262
-0.013033150859623407,0.004995422842544635,0.006036492417379847,-0.0035696365322340187,0.5000424211605584,2.603398585271279,0.5790173929646777,-1.9846904528659286
-0.012203272830675132,0.00453131936939037,0.00664356113859105,-0.0025808595346774794,0.4836227623272203,2.1613972588634227,1.1474418750804516,-1.6164468528675024
-0.01203367802589516,0.004419276205029649,0.006715367226911913,-0.0023473177065769526,0.46319257554023896,2.0232267706869993,1.2285267730970675,-1.506543138787539
-0.01212917206783272,0.004468311483132199,0.0066665841812858255,-0.0024661460612105256,0.47189533947967927,2.090393458953008,1.1799470713312503,-1.5625077126327682
-0.01250248682950834,0.004684828527096928,0.0064518050209166145,-0.0029425125356332023,0.4990692352158401,2.3451048951164633,0.964307093366723,-1.7707241725785379
-0.012417816118481896,0.004640241053717313,0.006509404420840403,-0.0028409893070548693,0.4955940734925371,2.295932123229664,1.0186897006044833,-1.7294535467880208
-0.012347610875397689,0.00459255622840688,0.006547422610892158,-0.002744966205396273,0.48915595909111553,2.2435498069602255,1.0596179374461203,-1.687892587186249
-0.012313406575117146,0.004498688144470868,0.0065169241494195135,-0.002630108763768309,0.47054903806879766,2.158438541709573,1.0605922507108845,-1.6325279246855886
-0.012630781557569661,0.004784009461149196,0.006378240477952636,-0.0031272894048630707,0.5088496057499493,2.4427470718683324,0.8818349708382845,-1.8458418878962048
-0.012578284029795524,0.004726356209088095,0.006398562532746066,-0.003033621077368221,0.5010066787943365,2.3881346075175895,0.9141360321468763,-1.8064317495782964
-0.012594443561849479,0.004635676252109068,0.006325047993010255,-0.00294777435577122,0.47993344761907014,2.308694311254578,0.8888786477428313,-1.7607156132044837
-0.013425499219891859,0.005161109114095374,0.005629527742235053,-0.0038899180512583648,0.4650543334903729,2.6361174865028647,0.2746563826489001,-2.028287403097234
-0.013361849164819204,0.005081075324815339,0.005677068585029656,-0.003777430535356029,0.46322520824789165,2.590131071604198,0.33410789768830185,-1.997397174819023
-0.013291588435894841,0.005047873164864295,0.005749106971721377,-0.003719126675669427,0.469781889045498,2.58407963824399,0.38691200709274687,-1.9904574634592394
-0.014167566955942493,0.005986032773591458,0.0048243435437919265,-0.00496461602424619,0.4066483673302281,2.8295351694380337,-0.5292970740406151,-2.1275693466010757
-0.014121351994774434,0.005918420649509296,0.00488438399521632,-0.004883766777541956,0.4112179578338086,2.822148531471406,-0.4651624954906248,-2.128509820118233
-0.014259829467749114,0.005991580389661263,0.004698564445692965,-0.0049448567986485744,0.38944037740962495,2.752417543183413,-0.5677384723957947,-2.079283128744921
-0.014113975491123292,0.005829512420333379,0.0048876503323781436,-0.004764565906167473,0.4082441560635522,2.7653697118600173,-0.4052792212164457,-2.0998612312931115
-0.013990655081890927,0.005732385906392566,0.0050428822738543865,-0.004655465080885049,0.4251867259248238,2.789423435666548,-0.290901206086188,-2.120339461068353
-0.014063947126256686,0.005752015844732035,0.004946992461345689,-0.004670278204042869,0.41103556514718653,2.748934056181073,-0.3369441240718614,-2.094432723102902
-0.013955412886748704,0.005662456951402688,0.005079499036597899,-0.0045661786317869315,0.42503807162993296,2.7617354624720694,-0.2351428357967746,-2.106178191987573
-0.013903443723949652,0.0056164622514541206,0.005140867060496506,-0.004509701999376928,0.431758709520835,2.7616766430012545,-0.18476056121336418,-2.1079982522843013
-0.013486926664104068,0.0052378738742572695,0.005580456768779245,-0.003997436200178449,0.4651908406961387,2.677998666989047,0.2146780673299604,-2.0561245347800488
-0.013568864080814974,0.005396750367612814,0.005528591479268245,-0.004213743351779899,0.47109097732536975,2.779468785739146,0.1104274160831903,-2.1188272550980707
-0.013540860877563338,0.0053165475121540835,0.005538659160130497,-0.004106005092680537,0.4661902703546817,2.721940920122878,0.15583623139730698,-2.083967960039644
-0.013770940620122761,0.005548014447757821,0.005302977566970101,-0.00442429920349426,0.45015898519096503,2.7929564477049325,-0.07729505711013834,-2.128017495258487
-0.013714470046526551,0.005469403070563347,0.00535801896163528,-0.0043194641086341775,0.4526562161290844,2.7608597765348803,-0.009249115264667136,-2.1094466427776983
-0.013653587924288321,0.005411892935892448,0.005422049545672269,-0.004240966674457396,0.4574510566417159,2.7465323929377834,0.051069582490877785,-2.100641439115081
-0.01387414552971826,0.005544031516837404,0.005165524468672279,-0.0044158304672260945,0.43094028777363563,2.72390047276202,-0.1335788001417523,-2.087260734897397
0.006406818751097312,-0.01424740022195589,0.005536084839214163,-0.004698285854546205,-0.11548201351391159,3.1230384702674403,0.1577169940625425,-2.32368341654144
0.00644029826460037,-0.014303541951996573,0.005557807416685626,-0.0046117874342867125,-0.10782153805807816,3.0972050638102946,0.21663989510781287,-2.3070395712993057
0.009048368805116435,-0.015571597358690785,0.007028958530701533,-0.0011920419604563891,0.13822216171874435,1.6521619667230831,2.329732163313792,-0.8846008438437792
0.008903283852317355,-0.015484780096395812,0.00708524792478589,-0.0014090131314366675,0.14268953512746066,1.8385729396853474,2.305063480969259,-1.0346527989844647
0.008971354059963767,-0.015530748700527106,0.007052235933753383,-0.0013034291334062312,0.13980977838530315,1.7454050579283507,2.314539260732435,-0.9615926614383733
0.008825377636515367,-0.015512238662635652,0.006995762462483459,-0.0014819038228677057,0.1339423281934344,1.8576807243230145,2.2356207374763284,-1.0778826332674498
0.008603095698699869,-0.015412347092659755,0.006995785451018717,-0.0017974129167360544,0.13146133009583572,2.0935863900876472,2.1423931930641236,-1.2832707904965759
0.00865922768090408,-0.015461268672474536,0.006963062518266577,-0.0017005875641406827,0.1292585820069616,2.0078756742531314,2.15451392798017,-1.2184818673345994
0.008731668256464096,-0.015506747046409723,0.006944267941141315,-0.0015900233526742213,0.12826459275859284,1.9181406775506993,2.1771311467643906,-1.1454875336083832
0.00841288797778802,-0.015385280117994355,0.006886572929379152,-0.0020207877648433063,0.11867097584046214,2.211383443460822,2.0107494085917392,-1.4133559033937648
0.00846336531309806,-0.01541064832745818,0.00689087597114239,-0.0019478944951008756,0.1197960434490467,2.1601724260393165,2.037125936019299,-1.3689649508986463
0.008522611591084642,-0.015438757057989356,0.006896158704314224,-0.0018639954640015549,0.12115270938402657,2.100498353535817,2.0673751410723153,-1.3167505619723183
0.008360981173165829,-0.015440117556540244,0.006766313289673215,-0.0020281419215229042,0.10724940240688027,2.165552217297286,1.9450271535866392,-1.4055477265738583
0.0064791594005725595,-0.014357729279552922,0.005586165438105057,-0.004527315271598509,-0.09988497896028609,3.075373261175379,0.27575948500791614,-2.292023856339027
0.0065218437239571376,-0.014408299334310384,0.005619833613143457,-0.004447054558346131,-0.09197832932088389,3.0577680726395204,0.33357211401843273,-2.2789101524732924
0.006564938033848027,-0.014463957000765904,0.0056488963131695455,-0.004358940521481597,-0.08392496563516001,3.0324757659062995,0.39397602368162893,-2.2607166359581483
0.006608806894042921,-0.01451968268685419,0.005676506425316702,-0.0042703327682652925,-0.07588953484455664,3.005189220597242,0.4537444340920866,-2.240585002826633
0.006682147874902281,-0.014581543590504384,0.005738407112517121,-0.004164855772902816,-0.06412862177978289,2.9879031372961835,0.5338718480424413,-2.2239090931724017
0.0067480463480903185,-0.014671163603520564,0.005766201094700825,-0.004022065157517061,-0.05370768399615834,2.9308356287973205,0.6211272886265194,-2.182426175629167
0.006794253967356324,-0.014752303562481188,0.0057685433775457725,-0.003897996497023954,-0.046193698728699,2.867905718004327,0.6868670415157351,-2.1383909399718504
0.008056273798724357,-0.015307363099834707,0.006674475043428873,-0.0024352869624220557,0.09117092601118841,2.413202600372795,1.751408894805501,-1.6337682975506473
0.008128153140096772,-0.015337329346236847,0.0067029063620795025,-0.002341447447326377,0.09530366048757309,2.360499113351368,1.8009620642523962,-1.583885669685399
0.008198901320122924,-0.015352498889848146,0.006747420751362262,-0.002261137688875345,0.10146712825336761,2.3235634255644606,1.8534229203883135,-1.5427004353509695
0.008278721394715121,-0.015451806523147328,0.0066819515965660225,-0.0020984647614716305,0.09813853780515126,2.1803136379147836,1.8770776474480635,-1.4390519959882535
0.00821222376938089,-0.015415720815312929,0.006673755358403822,-0.002192276884087158,0.0964069996530866,2.242973466250136,1.840206452148648,-1.4934458987553838
0.007983570665190707,-0.01534353513585667,0.006557734099624581,-0.00246440586808665,0.07924361945306617,2.381564647653622,1.6813112195975506,-1.6345529889360628
0.00780318722329532,-0.015199347201277002,0.006554152715389541,-0.002761504169413394,0.07091187402695143,2.5805954127586017,1.560991864286487,-1.7953679207720386
0.007916082284979496,-0.015300571605242673,0.00654560550974008,-0.0025639094172698416,0.07614897314850776,2.4435724633314693,1.636816283967918,-1.6875102751946238
0.007858691869145949,-0.015258427454886161,0.00653973467455666,-0.0026543834907713343,0.0727761987848834,2.501687194227834,1.597885209182767,-1.7354611468443897
0.007672699139870646,-0.015158158602095705,0.006461253090734709,-0.002908090828741539,0.058037440682491,2.6337360473613862,1.4541319733378426,-1.8563192150304266
0.0077154354552875825,-0.01522010230227207,0.006435310761624325,-0.002808097123324749,0.059374833761567776,2.555706500593365,1.4841193618643767,-1.8001650219417422
0.0074180398299278395,-0.015036829765551867,0.006302237473182571,-0.0032260326264503757,0.031911517055759,2.7584895338420954,1.2383511036124524,-1.982351694799922
0.007601580551131511,-0.015155073901728993,0.00638548716296627,-0.0029638877576378584,0.04932143313807812,2.6335205136775577,1.394068357245427,-1.8709599476224976
0.007535827845264075,-0.015130368110207194,0.006338750120699281,-0.003038196621707279,0.0423049057195794,2.6583636111690807,1.3397345976045454,-1.8990290104733571
0.00747718838065994,-0.015088142243615908,0.00631724853144494,-0.0031266607502723437,0.036828488435662825,2.703703969503373,1.290476518450711,-1.9378600946020865
0.007289134950671153,-0.015022195776924782,0.0061621315580556125,-0.003322622219093418,0.015378123820117653,2.7472782828565427,1.1306407551619284,-1.9974894984609013
0.007334592231177867,-0.015065609328593051,0.006172960221091209,-0.0032437080566130173,0.01999541081394259,2.704798351421277,1.1721500921485364,-1.96371468262573
0.007015284435361451,-0.014867604865762855,0.005963690398726154,-0.003658208884653413,-0.016963979112734465,2.8409601216532856,0.8852455836351121,-2.0956361014248537
0.007085381798425918,-0.014926954812483717,0.006000597584791178,-0.0035496761178393835,-0.009043606569849412,2.7986920431528124,0.9535306956271598,-2.0598531650711713
0.007161659839757605,-0.014974109540064598,0.006052525714078962,-0.0034521859367199277,5.297442920196121E-4,2.7688348868726247,1.022321856356719,-2.0303547973845766
0.007230141287480872,-0.015008353159153482,0.006104067509306117,-0.0033730250343800556,0.00850773628939516,2.7482819572761645,1.0820061922679303,-2.0072927993630496
0.006870611635126611,-0.014800808203023206,0.005831566213999716,-0.003805965039849161,-0.035877576195098536,2.8522228414861215,0.7579434689893494,-2.120409806452599
0.006924226374456887,-0.014882635566082146,0.005834885877615136,-0.0036788871149906616,-0.028927607945539863,2.7859159416025965,0.8233279447499423,-2.07243728484802
0.010612900130074134,-0.015902741918165708,0.006672343097662098,6.93180366980766E-4,0.10933539985548271,0.13773991053305376,2.3665565861864724,0.47744285701949446
0.010396483117926021,-0.015789582023703945,0.006891771643471288,4.739594224106929E-4,0.12536766790083576,0.3550452232567032,2.48705231753847,0.3201405110818553
0.01048301224721135,-0.015853924527156667,0.006776347164053857,5.606384779153496E-4,0.11658357780934799,0.26008045912102834,2.423962187338343,0.3820442728977007
0.010297439115777782,-0.015823101783679596,0.006855755740917994,3.529589048199589E-4,0.1218871603571106,0.4338594187786828,2.4611342119166686,0.229220009573742
0.010198583709068414,-0.015806537713291186,0.006892119027066116,2.3941112573068623E-4,0.12569293818616067,0.5278678865211891,2.4750473109485562,0.14525051163910596
0.009980782875334805,-0.015794834586270706,0.0069176652590345255,-1.7588999414885104E-5,0.12822484030222195,0.7273313666403257,2.4685565492646186,-0.04546433352105541
0.010092252618348896,-0.015838136627565714,0.00684974428921547,1.1305065309644906E-4,0.12185292736213395,0.6099282591476992,2.441935886677182,0.04992123596455734
0.009794884708371681,-0.015735130592033693,0.006999513182333211,-2.443422922944961E-4,0.13520440731919336,0.9236566200916807,2.4890102790546282,-0.21207113540587752
0.009869383327902785,-0.015828887080027425,0.006859675341705763,-1.4708410053823837E-4,0.12362572551984412,0.8066227586392113,2.422320320751161,-0.14087573500438796
0.009659845789454745,-0.01575402875178702,0.006949975081486106,-4.0358758305127643E-4,0.13160676819650285,1.0281480625461095,2.4393754366022087,-0.32783578635198035
0.009527327245668897,-0.01576272099195491,0.006908417248467603,-5.582793859978788E-4,0.12766977107662195,1.1311858744417795,2.3920765340285244,-0.4380755637398886
0.009431200817650733,-0.015722773813182416,0.006944714292914372,-6.815813041072451E-4,0.13149708117636374,1.2355347142388464,2.391089514201887,-0.5263360795306604
0.009337149367350223,-0.015760205777717397,0.006857664680559652,-7.792279053022993E-4,0.12310047420910918,1.2802881990690584,2.324350951894861,-0.5941236950107481
0.009246763295717183,-0.015762499439072538,0.006822313482896969,-8.808941237185904E-4,0.12126194088634161,1.344158038102181,2.2851033917933146,-0.6631778308483955
0.00916616704236634,-0.015702932911376644,0.006880781026020389,-9.957632214134557E-4,0.125315024603234,1.4505704888682036,2.29302458090121,-0.7444727734398856
0.009069278744607123,-0.015668421155687826,0.0068901299910306205,-0.0011208311073805735,0.12636470830107013,1.5472027457531732,2.2700342556076905,-0.8301361965877919
0.009178269151522115,-0.015803720265563766,0.006734347288633204,-9.410954250663609E-4,0.11367805583819197,1.3595078762171582,2.224928097817721,-0.7019579072736714
0.019469364875172066,-0.014311169818538232,9.147331981664476E-4,0.0023163289609830586,0.0740809187657766,-0.5971675325686289,-0.4466750583748957,0.6628866153744295
0.02017995782968849,-0.014032390412115191,6.739912978659023E-4,0.002084751156474767,0.0846737688646622,-0.49205717304876123,-0.4548927493863255,0.5447796085769315
0.021019310551130786,-0.013819030547547318,4.515164581558537E-4,0.0017625529154642518,0.09947106489950135,-0.38950625591043786,-0.4413995218816064,0.42957621986009226
0.021874560847438513,-0.013507196529781119,2.711030200476888E-4,0.0014397363236852362,0.11631139851630422,-0.2950253245704783,-0.4350031986603607,0.3260071936996309
0.022883189716641605,-0.014049186222081029,1.4034299829553118E-4,9.227360332185896E-4,0.16124900272412376,-0.22580057832653336,-0.3858505661083267,0.24869552018014293
0.0239467414481429,-0.014751633248801672,3.9525009023310194E-5,4.2037859883182826E-4,0.225540340778233,-0.13197233213840595,-0.3497902175953487,0.14741280593003714
0.025,-0.015454229691227304,0,0,0.3055797536758057,-0.0031769868452903513,-0.3180985413815969,0.013582246857285271
0.017590462882553014,-0.014822789150653515,0.001765255797246736,0.0029078931559755046,0.056060736318205344,-0.9300636032750668,-0.36016984447342953,1.05320759879515
0.018007004350710336,-0.014607007618398813,0.0015381141463133832,0.002842369008515787,0.060186532842697475,-0.849171438043869,-0.4166798392745377,0.9585181867115792
0.01876990059735753,-0.014484047895818029,0.0011884899897832448,0.0025618033424040627,0.06624290630934491,-0.7090349220368695,-0.4377129808749492,0.7924827135250746
0.016973848176859898,-0.014944809316140534,0.00212533050046696,0.0030814047616181013,0.05368456070376358,-1.0585040757012236,-0.29093301145816297,1.209454925862071
0.017269095640722914,-0.015002598854212162,0.0019503019448699845,0.002934723985906807,0.053637740299029055,-0.9904016289614319,-0.30317016744877545,1.1234786542940276
0.01666193442173479,-0.015099089708880164,0.0023233356103786397,0.0030964948087599063,0.05267009247933507,-1.1151080429525442,-0.221638114462496,1.2798786355197482
0.01585648742202243,-0.015291493682605779,0.0028802539081070476,0.0032058823984662927,0.050831313807619426,-1.2708018271645691,-0.034508024589338916,1.4795037896259495
0.016260501046576496,-0.015217421457159352,0.0025913000519354125,0.003146517983860901,0.05060241347183365,-1.1922758022894768,-0.13262607170477816,1.3760689793342369
0.017548949785979234,-0.015293484107798655,0.0017979284807372808,0.002671713420153047,0.049932854070225484,-0.9173216603309357,-0.2661156191183455,1.03051679336763
0.015054536654378262,-0.015290179827160497,0.003537648437620133,0.003374272856882385,0.05683695452384823,-1.4421625692412905,0.19787293275983814,1.7207969053261893
0.01449728159026968,-0.015467579321658433,0.003989469797679814,0.003263044290932826,0.05764467505430549,-1.47702267204187,0.45568388716976654,1.7936819963396804
0.014757781716875768,-0.015419078079839742,0.003767913228154196,0.0032938880808992504,0.0554833190611801,-1.4562437876647334,0.33668097456705587,1.7501882851124435
0.015263382615383828,-0.015556707041681123,0.0033006584311913445,0.003118387055790581,0.04774745578597048,-1.3305514391240187,0.18053602104177396,1.5661152362210218
0.015625812776451427,-0.01568039237750665,0.002994073383894818,0.0029634834761500485,0.04172950670485509,-1.2383607046214304,0.10159892241549998,1.4360679296622612
0.014353438162612224,-0.0156931783268836,0.004031681822921403,0.0030571735974517017,0.050212353938781214,-1.4111308810600083,0.5467620740184015,1.7112817300371526
0.014092556416201758,-0.01581931748324705,0.004204880869759669,0.0029270562248148797,0.0483325411823822,-1.378510849373206,0.6758485547214378,1.6869289088831187
0.01382627715952513,-0.015887308042469482,0.004402959031870265,0.0028296682589599217,0.04826919186273033,-1.3529029808558095,0.8066873519623813,1.6755805849645469
0.012835785729153996,-0.015747730256659875,0.005395338655123706,0.0026397077185394973,0.06930498231160735,-1.2713743029549602,1.392309990548702,1.730418052868729
0.012687027456475018,-0.01578209159157358,0.005498390835257356,0.002534142498360793,0.07165145236311324,-1.2124144849066458,1.4763601835385187,1.679597690166048
0.012990730591451935,-0.015862721662318235,0.005160169491607031,0.002606102317832681,0.06095540913391289,-1.2615090553812534,1.2707735050275064,1.6734034164733826
0.013555582305235967,-0.015950270628595768,0.004601523589222404,0.002717090027862901,0.049516370150344755,-1.3125146643166514,0.9425146234740148,1.6512522211373013
0.013159102402842363,-0.015977245060490558,0.004924938584646084,0.002572288242320419,0.05348640593402663,-1.2492697323108015,1.1525410702597483,1.6203811523932676
0.013341398211850713,-0.016092754539691362,0.004688568222110216,0.0025363875895756545,0.04605865432938073,-1.2320639501079034,1.0385910750437504,1.5667409005142021
0.01257819463594146,-0.01588830228727057,0.005494289436797631,0.002383211732026051,0.06535211742282741,-1.1310675240499997,1.5100561282670772,1.5807332390741806
0.01241052881268171,-0.015950829455457432,0.005571335906883912,0.0022353680251809287,0.06678755935791882,-1.0439823233420398,1.5856150631661323,1.4958892133193584
0.012244840855643691,-0.01598944447005836,0.005661376962941933,0.0021017574899470123,0.06706101008897757,-0.9600647299119366,1.6626559604257387,1.4175983616295147
0.012071211343160242,-0.016016864471692996,0.005760726381090506,0.001964826814293727,0.06896961408237247,-0.8696591126467782,1.7436938569735878,1.3348914819178164
0.011898308415550151,-0.016060306270592368,0.005832958793054905,0.001810664537467345,0.06862250185451767,-0.7672540691279509,1.8103635857862372,1.234825727622087
0.01173689386396409,-0.016102213241832725,0.005889055317100001,0.0016613946005668617,0.06996541196810653,-0.6674361501303164,1.863265722395597,1.1365302729057747
0.01157471348966507,-0.016129372749547365,0.005953208381506178,0.0015165029095507798,0.0717139802155325,-0.5670127083762481,1.9172166181116845,1.0402598939552037
0.010707663970005403,-0.015999131193878857,0.006506922121814542,7.667813387037436E-4,0.09721640956599066,0.04635550203971039,2.2728175627700153,0.5244166251745109
0.010823186780245278,-0.01596087651601004,0.006523631361720866,8.990757223310737E-4,0.10017891970151085,-0.04381054412951999,2.2797709475979118,0.6239912097032393
0.011080723027293647,-0.01595329534203707,0.006431440688326344,0.0011627297409537178,0.0951738294550596,-0.24658446095506506,2.216514253632372,0.8141923019366991
0.010938882452676369,-0.015984246272676778,0.006448367955828093,0.0010083525394582774,0.09492601319905124,-0.1367318531884827,2.2338844213348192,0.7019598236988692
0.01116750163032807,-0.01606518045338988,0.006242920748373415,0.0011952327895201449,0.08402176728424361,-0.3057975941599023,2.1085808521895046,0.8273582193714589
0.011408216425157955,-0.016150967256219877,0.006017205449774322,0.0013669194328030686,0.07247722024372673,-0.46011700566837194,1.968997032131435,0.937871968158516
0.01126534450840773,-0.01615281092731443,0.006085319689566658,0.0012429564400391387,0.07579857697398534,-0.36684994805387744,2.017502672848945,0.8529954425263153
0.004274680811544399,-0.011538985962191162,0.0017951376861354994,-0.006985969173031572,-0.18071205428346312,1.1971069125339497,-1.7208403707632773,-0.7722449264857013
0.004340781983383352,-0.011709728331092725,0.002003188554672448,-0.00691682694854373,-0.19931172954300783,1.3412739211036955,-1.677123442791317,-0.9021215588622536
0.004247587722465085,-0.011654382652603129,0.0018841759093720292,-0.006883618461417986,-0.18960191792613376,1.2618114899295192,-1.6494148438100946,-0.8480738586226896
0.004346949103619282,-0.011798178936150091,0.0020876658926203807,-0.0068538538615971175,-0.20696515531377227,1.3998187193693559,-1.6337712327012945,-0.9616716922780064
0.004417000764326127,-0.011885873054609239,0.0022209653110885634,-0.006837692342643898,-0.21803366667714097,1.4882275021738136,-1.6250576028454005,-1.0332571497980754
0.004454074009374585,-0.011984701504379969,0.0023365737625832147,-0.006782699594724003,-0.22676847225420424,1.565021953414398,-1.5877861539711808,-1.102958033034357
0.004574746377063989,-0.012114370180804324,0.0025513634414991403,-0.00675734985703313,-0.2427792760705175,1.7057677006827456,-1.5716307188254897,-1.2124465905442812
0.004484810951231282,-0.012070691474264946,0.00243399451112412,-0.0067301387732765705,-0.23287258903710248,1.629952635132083,-1.5512239105229624,-1.1623127765206294
0.0046592240144426224,-0.01225989381001714,0.0027462768885881876,-0.006679997423357273,-0.2541025286190353,1.8313945599968517,-1.5163818780340341,-1.3191839094412974
0.004563794098520803,-0.012212339396008916,0.0026176902650500867,-0.006657167093738301,-0.24465441842350208,1.748866416093213,-1.5007522317166042,-1.2639916652696372
0.00463868836322439,-0.012360006039991746,0.002798734990298477,-0.006565598009549649,-0.25398304074250055,1.8635532850663468,-1.435702127829985,-1.3637710191805665
0.00472590552742538,-0.012400664578028549,0.0029163402423693714,-0.006584380607363057,-0.2611546233799516,1.9388706567151954,-1.4468223091388914,-1.4139348681355024
0.004752464569758093,-0.012495668431792596,0.003008505727570745,-0.006502537896633235,-0.26336767658828614,1.9943381342055788,-1.3880278740574126,-1.4674195286342453
0.005084296169372001,-0.012995412226990405,0.0036613404693131915,-0.0061275635340752544,-0.2692250573983417,2.372201451809777,-1.1002908448052429,-1.7815485811110527
0.005076441764317517,-0.013057751891082246,0.0036766187343102935,-0.006046695127902392,-0.26433160153559543,2.371478871182167,-1.0438613430414057,-1.7910769322053537
0.004936400750299493,-0.012744417680156345,0.003362963340025216,-0.006343324837633667,-0.27229988944257516,2.2078401722610868,-1.2655158875371602,-1.6406789382687734
0.005021688671922205,-0.012950732472871523,0.0035657835798598814,-0.006148178488017623,-0.26784791602113733,2.3152931523245868,-1.1205336458542943,-1.7410706906320315
0.004953882082163239,-0.012831474637886552,0.003428857984608355,-0.006252018682979552,-0.2694767969641006,2.241277728678171,-1.1994167115825827,-1.6768229077111416
0.004969091323694282,-0.012901726628735724,0.0034807120481304514,-0.006177781746112387,-0.2672826248830733,2.266249363599674,-1.1457719745881578,-1.7039409024385659
0.004835566032905067,-0.012628969499337936,0.0031823402708085415,-0.006411586762395169,-0.26773785069113126,2.099595877817143,-1.3199055839088045,-1.555800377409893
0.004748285045682076,-0.01259877317500345,0.0030686965118833804,-0.006389281526059364,-0.26171495784445004,2.0270371023797504,-1.3082838856325427,-1.5091459611253797
0.004846554941997812,-0.01272473551631994,0.003249382338446302,-0.00631116639295337,-0.26586975368365123,2.1348721416712846,-1.2482166238340315,-1.5956678905659516
0.006333461565632317,-0.014252741805984362,0.005425813861126995,-0.00469678583964244,-0.12293580627441959,3.0550751197602217,0.12549600160390575,-2.2864026600815763
0.00623516687560417,-0.014188059198220339,0.005309509468004466,-0.004796000477955372,-0.13770652670515096,3.0265646694241286,0.03214006885681995,-2.271993817929918
0.006255868497209822,-0.014252765793645672,0.005313664635863514,-0.004701755381659809,-0.1306898396158724,2.989855959389054,0.08986402146224516,-2.25018412556012
0.0061604522074147836,-0.01417727922777601,0.005205620498489104,-0.00481269665334605,-0.14491632894246584,2.9708914097283627,-0.00655212703335696,-2.2405944450422193
0.006059007230156018,-0.014095413964993206,0.00508617567274,-0.00492769323010351,-0.1599867420109191,2.943618423875399,-0.10687211915638355,-2.2244312052133925
0.0060938796122450645,-0.014155908160720952,0.005117686626400386,-0.004842683162640627,-0.15268868937687632,2.930182664903061,-0.04745608731786306,-2.217065904499206
0.005967369631015638,-0.01408343566578907,0.004959644946840828,-0.004939101445064632,-0.16711089146336666,2.872773997432104,-0.14485139666059324,-2.1830058895691162
0.005124607405210587,-0.013119246149045048,0.0037589556805185703,-0.0059946637983994125,-0.26226532979233624,2.4146336298462594,-1.0027458399358693,-1.8258363729533722
0.005262528958860555,-0.013203388983736684,0.003962377406089845,-0.005953587702227594,-0.2621672486933466,2.5338703952282056,-0.9570712884897318,-1.9084056118084194
0.005191642727647972,-0.01316489045028549,0.0038590416872173847,-0.0059695534831807765,-0.2621146172166056,2.472551987104857,-0.9773472037540379,-1.8667456239716163
0.005339948174685446,-0.013308014291245717,0.004092490310880537,-0.005850827635438709,-0.25549348142151135,2.5966383554587735,-0.8741620137610714,-1.9597217422421755
0.005262228743592452,-0.013282747793217815,0.003984242661693915,-0.0058503845540140926,-0.255538751393497,2.529891822999986,-0.8856007670180045,-1.916661355314974
0.00536135032871469,-0.013396269505498477,0.004140017010848276,-0.0057426355515948916,-0.2480116489416375,2.6046972276681717,-0.7967722780496675,-1.9751637314312787
0.00545266259381207,-0.013496389695308775,0.004278433836774446,-0.005642760829288788,-0.23955495419507053,2.6682564544063303,-0.7132667727370489,-2.024096499540221
0.00548426118053181,-0.013558947433427698,0.004328335463903418,-0.0055689530514387315,-0.23383730306105993,2.681584105605172,-0.6582962676258272,-2.038053503557199
0.0053707625785198885,-0.013482464210578955,0.004167267389168444,-0.00563221191833578,-0.2399795104622746,2.5987805611676187,-0.7216282647575283,-1.9806967040348094
0.005467103282686861,-0.013627426210110783,0.004310935150860507,-0.00547163526719835,-0.22699094358709263,2.647954462445,-0.5984771363510526,-2.0236596608140274
0.0055267303148446405,-0.01367415610520696,0.004393295440420445,-0.005426173710663681,-0.22168140805463862,2.6858329999005126,-0.5570146666630129,-2.0503805911867166
0.0055783544883539725,-0.013708124918131295,0.004464019542624746,-0.0053940731070149205,-0.21814626209446758,2.719505607961934,-0.5254056216801247,-2.073353976188169
0.0055994999803037305,-0.013764141050406879,0.004492429426107087,-0.005323211398324302,-0.2122956507733524,2.7175384419716617,-0.4759387490931178,-2.0760250350585117
0.0058713275662525535,-0.014058596308218816,0.004831766524425216,-0.004965533697184468,-0.17489233612154387,2.807180359520833,-0.19033532554385535,-2.143687766554794
0.005713561130271804,-0.013856381258527893,0.004643767281557891,-0.005221570297757264,-0.20094899526129587,2.7781408054154313,-0.385014326613152,-2.118230776827722
0.005619415010125753,-0.0138356511518343,0.004516801309742308,-0.005230914207847021,-0.20481051174982734,2.7063936621750546,-0.41448813657374833,-2.0734774593318144
0.005722237103098872,-0.013950692887838154,0.004645704052495563,-0.005094110111647089,-0.19119573347253174,2.740764924032938,-0.306771063415815,-2.1000967539126414
0.005775534457880211,-0.014035056070757064,0.004705456916284938,-0.004987201925752845,-0.18135182813457254,2.7415235111481047,-0.23046992389961266,-2.1034827141983707
-0.0036798083899286706,-0.009521099622977678,4.7425416554033043E-4,-0.00695754823283793,0.06142964531768287,-0.4310939140115346,1.5576205322093628,0.7428156578927317
-0.0036431767099542977,-0.009399021486961218,5.841593340618559E-4,-0.0069019178841365604,0.06936765003132236,-0.5067352921786066,1.5092501095690305,0.8132552159559603
-0.003574731197610494,-0.009324407305332539,6.364148956802344E-4,-0.006830798976497421,0.06915545981078608,-0.5456748029558118,1.452592431025982,0.8384654940147914
-0.0033909444549949028,-0.009168402412856496,7.200163811756142E-4,-0.006654297230384846,0.06288557484132858,-0.6115514865910477,1.315251903947642,0.8703354434433973
-0.0034737132858684108,-0.009299366777743208,6.320589171658471E-4,-0.006749933700363538,0.06096169985958448,-0.5471588141639097,1.3910413192539102,0.819760322113021
-0.0037962382212525193,-0.00989110971002171,1.1231489686614036E-4,-0.007098932030616491,0.030256972404398768,-0.1739782375282192,1.6895154962759715,0.506327399337542
-0.0036849222717007346,-0.009781124500934314,2.1715248326208969E-4,-0.006999285411454371,0.03367592234267696,-0.25087235403868435,1.605607132906847,0.5589359370261932
-0.003598786490085059,-0.00964557409976799,3.397920901458273E-4,-0.0069150635517628714,0.04024608482006703,-0.3404483445767777,1.5327306550992696,0.6317113760744183
-0.003897828049682028,-0.01007333180724118,-8.253044370837536E-5,-0.0071878970854779645,0.015326873659067096,-0.0318774219337355,1.7717344675173374,0.3869873084636679
-0.0037767262477481495,-0.010007907543146937,-1.0609967944035733E-5,-0.007085263118554915,0.013284172603976926,-0.08667924028185246,1.6871708445553626,0.41159915479424747
-0.003946577208716347,-0.010290473001211114,-3.2603124580741295E-4,-0.0072136269314230705,-0.012334318271765789,0.14280441676776381,1.8080530987783423,0.22007374773994284
-0.003909808889134777,-0.01019478002719445,-2.165259880715254E-4,-0.007191520557329192,-7.978992966918332E-4,0.06333055089728214,1.7834012047090229,0.29187146376682743
-0.003861463613217079,-0.010374664547309502,-4.05211114952597E-4,-0.0071275304133894225,-0.029228746956630417,0.20022708703913403,1.747027858364336,0.13841021021433045
-0.004031241154045161,-0.01069362316869937,-7.904729668012537E-4,-0.007199925480344181,-0.06822351418984808,0.4792179137661386,1.8283355892221553,-0.1023797117635923
-0.003897583521835134,-0.010501531368840706,-5.472653072989647E-4,-0.007134418062615152,-0.045096004659727365,0.30357876092865466,1.7622247392083792,0.04146437556858024
-0.003793838357748978,-0.010449706599877165,-4.7182016860364344E-4,-0.0070574247452094355,-0.04279274976974392,0.24910350237004683,1.6975122090346866,0.07090943411209859
-0.003973321807014825,-0.010603495161315191,-6.753453981673639E-4,-0.0071752187188494935,-0.05697253747445031,0.3962577273636097,1.8021422278225858,-0.03324539364743309
-0.003216639572393441,-0.009167369051360959,6.690701135362316E-4,-0.006538396450361785,0.04622393699870921,-0.5880954097015737,1.2273008468994826,0.8153685175620083
-0.002968602449506442,-0.00839239698002031,0.0010980636634691841,-0.006093078373353948,0.06786617368677926,-0.8902598495001451,0.9205773052993326,1.0997705928051535
-0.003112914539467526,-0.0086734191606082,9.878823470298949E-4,-0.0062976993399623754,0.0669419256314116,-0.807306834592197,1.0541209806711143,1.0303259605077948
-0.003126412435888593,-0.008930457596617895,8.156815560704192E-4,-0.006406223427623467,0.05495079677849086,-0.6934974148914116,1.1279950969736865,0.9123949321251611
-0.0026635831393504957,-0.008342329077494768,9.826195355439613E-4,-0.00592697866949872,0.048332855556353145,-0.8506458250394008,0.8022730281722986,1.0254319166575845
0.0024070086654973347,-0.007540523072165919,-0.0011887654281211666,-0.005414957659580826,0.05593372730692648,-1.0242409875497829,-0.5465577724273403,1.198765371614872
0.0026758621297451137,-0.00790040678696419,-0.001198600267906819,-0.00571008415829811,0.06280942865530213,-0.9864294602777247,-0.6974067923835835,1.1751624334645638
0.0027615547896589925,-0.008273248715708885,-0.001064012982509201,-0.00593782489015482,0.057185706857306264,-0.8907424907669538,-0.8180583760560868,1.079117886658768
0.002918459498787352,-0.008545606734934277,-9.84873173527142E-4,-0.006137973429078171,0.05779006357397589,-0.8218092664771142,-0.9431750554519499,1.021309033526409
0.003088977849395144,-0.008752024242047515,-9.256456245936062E-4,-0.006316596304776233,0.060605828671033035,-0.768750464390744,-1.065317131203915,0.986041236169764
0.003284016533067331,-0.009320246628891199,-5.661710566809895E-4,-0.00662339708378768,0.04132056587125554,-0.5118253308959454,-1.2946182534414954,0.7476349564629315
0.0031426958817639987,-0.009130988316553977,-6.749611279899121E-4,-0.00648097556367497,0.04223090666472453,-0.5972174598270684,-1.1835259346319338,0.8121693269502678
0.003042951074626681,-0.008962180471404397,-7.646311388531218E-4,-0.0063678759863635085,0.04530018332117227,-0.6652717367893453,-1.0980723930463239,0.8699098035193066
0.002014966002152738,-0.0075392470829587326,-9.716899591138583E-4,-0.0053037735743816155,0.040092706621871914,-0.9636720180052493,-0.45789207110729885,1.1116607079224206
-0.002352797010617894,-0.007918798451188843,0.0010210727313138925,-0.0056024487965749365,0.044876513675356104,-0.9239476372786811,0.6139541379158348,1.0834746684826255
-0.0023645230695379916,-0.0082557660587921,8.885900854122406E-4,-0.005767152543712924,0.034718174804866005,-0.8294433657072994,0.6864758160844535,0.9785764451738909
-0.002058710556598079,-0.007751404067717158,9.305910224882953E-4,-0.005426689017962844,0.03664430013222864,-0.9226089779030281,0.5051423156939859,1.065787135980395
-0.0017415464805750783,-0.007511191406189148,8.350097954461739E-4,-0.0052245029143607605,0.03196498400643683,-0.9364664436338196,0.39180483023222307,1.069913672421342
-0.0014126295411641802,-0.007181609718696752,7.293198447824177E-4,-0.00498801862869265,0.030940270244675775,-0.9662620877669843,0.2815431050013075,1.0976920839061124
-0.0010833692039145411,-0.006784204846392753,6.028205278675192E-4,-0.004723598089795982,0.03366265734039069,-1.00482790334239,0.1842726020236182,1.1404913505003658
0.001163836299973905,-0.006514953009191918,-6.799615342124457E-4,-0.004574152509339547,0.03840216965868564,-1.0479058292207268,-0.1749371404753639,1.1935591396332772
0.0014897211481766368,-0.007007620323321984,-8.021994661367924E-4,-0.004903509599240662,0.03643793030027099,-1.00321057700323,-0.27601234043575285,1.1436739939233942
-4.998896702236199E-4,-0.006758354535544873,2.765247499310043E-4,-0.004664599860071506,0.027466928204947814,-0.9827687855494468,0.08423047108618982,1.1075988125645804
6.188345725623507E-4,-0.006566551140833928,-3.550812368426073E-4,-0.00456202462830433,0.03213475210988107,-1.0133313416849299,-0.09613576720595303,1.1469780302290389
4.8210227510824125E-5,-0.006639049616190634,-2.729507119480742E-5,-0.004586393728055603,0.02878416065906506,-0.9924508103405589,-0.007910284892883148,1.1198021956439124
0.001609000518588012,-0.007501982664408921,-7.687365745959984E-4,-0.005191716518334752,0.02801846790407735,-0.9241533135385879,-0.36095357634528474,1.0513512045258135
0.0035254545213380404,-0.00953789546938803,-4.2892771789403784E-4,-0.006841457115534287,0.044033644433746626,-0.4056878183754207,-1.4700045826321355,0.6823001134887182
0.0036393550100565822,-0.009746044847862248,-2.47454872620434E-4,-0.006959396436628948,0.034933594810445924,-0.2739609451819891,-1.5723410954826675,0.5719826116657888
0.00361808153999514,-0.009646206572140395,-3.421908208398165E-4,-0.00693021583970386,0.03998601509994738,-0.34144381403663565,-1.5436697149531136,0.6366324927257075
0.003607290159926262,-0.009844739671953396,-1.4859030493720947E-4,-0.006942423936712817,0.018118253817604485,-0.2041687075965079,-1.5647061110485203,0.49284381023328727
0.0036621006732183454,-0.009951384053196257,-4.572518592001835E-5,-0.00699057788786845,0.012089720262296903,-0.12974790388823051,-1.6093967895051178,0.42812388510112503
0.003731489066886036,-0.010033088377657567,3.63296654445467E-5,-0.007047525990046777,0.006739102623239852,-0.06842703606570161,-1.6592508164453974,0.38198510005715725
0.0038189392059682047,-0.01022601554416434,2.420073806642207E-4,-0.007110339992687119,-0.011915984649388435,0.08108773830987438,-1.7223625697753355,0.2496854545281658
0.0037528369389887724,-0.010133707661445338,1.4065369681589567E-4,-0.007061882712888177,-0.0037145047442012588,0.006747146105288245,-1.6774943943583465,0.3095968939101534
0.003770270869452317,-0.010325054917639593,3.396833782784165E-4,-0.007058060917281284,-0.027556986525979158,0.1528621551134405,-1.688444119389309,0.16411401933118208
0.004042170017975172,-0.010994301356870287,0.0011160289251303435,-0.00709668700135833,-0.1099527905012042,0.7172180159566518,-1.7699257868261267,-0.34381609747306396
0.004036154891142944,-0.011076632452343506,0.0011980482605447236,-0.007054310598449164,-0.11969043581326688,0.7774784093143885,-1.7429763294067027,-0.4075365602369555
0.0040652436903111785,-0.010901840965077564,0.0010282687638535485,-0.00715533280337718,-0.09728205793898338,0.6521336376671235,-1.808901039545084,-0.27041265238490975
0.003996369197364331,-0.010823124754288486,9.18266087505678E-4,-0.007126024165439645,-0.08700959277871878,0.5735668006704663,-1.7803625145592612,-0.20902604810324976
0.003915739953244553,-0.010514662802649238,5.653103667510362E-4,-0.007147030333385215,-0.0458193661430459,0.3168974588362911,-1.7732229077312898,0.032930382847210164
0.00383936018063881,-0.010421219720946352,4.506341891445214E-4,-0.007100801306787047,-0.037227802148755956,0.2330448756310403,-1.7299060920338072,0.09892130227342909
0.003941339796198025,-0.010729033536927349,8.002817521928039E-4,-0.00711100955188386,-0.07500307387055738,0.48804073300313394,-1.7613906433251179,-0.1363952708901417
0.003894383414135063,-0.01063105697889694,6.834259044842628E-4,-0.007099988356035397,-0.06403947118168009,0.4034278361492893,-1.7449332787873888,-0.06170564968712222
0.004159523815604424,-0.011462260336614592,0.0016461729820761602,-0.006942874333273708,-0.16746897125920626,1.097269766010218,-1.6835616953242931,-0.7028191048513889
0.004169024204989812,-0.011345602686034328,0.001538909161555923,-0.0070220774437823085,-0.1550207590019288,1.0192157469857774,-1.7364813220988575,-0.6192630973242679
0.004086198703705047,-0.011159595681129895,0.001306748882568917,-0.00705563903594704,-0.13066681621841078,0.8544180379084524,-1.7502496713948033,-0.47280862597375256
0.0040925719374101215,-0.011268404998034132,0.001418765685900359,-0.007003328658459105,-0.144698356947345,0.9356410562440047,-1.7171200553754518,-0.5547187304867435
0.003359309541315741,-0.009533618525128813,-4.033792449468792E-4,-0.006719911481673244,0.029923903484261494,-0.3939680787129573,-1.3758422219507607,0.6390827973085348
0.0031898537469068496,-0.009513211795208705,-3.9106672777270313E-4,-0.0066009362754305325,0.017329453143542138,-0.39348334122288003,-1.2801392526544129,0.6075691105885396
-0.003991341662300914,-0.010810343110618056,-9.028489456672201E-4,-0.007126285953902194,-0.08555448746653521,0.5625689442562889,1.7794783667152065,-0.19918953238540396
-0.004063226085851419,-0.010894409627623818,-0.001019540633597397,-0.007156517131757903,-0.09662280612712902,0.6458107237920981,1.8093103451686017,-0.26478219772338146
-0.0041578306691830115,-0.01102626996070448,-0.0012021604132814387,-0.007182134699492282,-0.11522332204089918,0.7751680845916162,1.8386790531773085,-0.37038909082234106
-0.0040889922886951325,-0.010993169955921693,-0.001135566528369209,-0.007137294833506694,-0.10953203855273733,0.7291477930430418,1.8014639735695048,-0.3431364239426407
-0.004296026802138298,-0.011175751724532055,-0.001434721946003385,-0.007228743615006125,-0.1380157482356388,0.9383999321899456,1.8841391871950577,-0.4960773108168888
-0.004242234037534107,-0.01112284010319213,-0.0013482651771992195,-0.007209087456450836,-0.12963758006175727,0.8779847134006976,1.8657568270070688,-0.45075001200787346
-0.004161438148462106,-0.011117970052748321,-0.0013017314656761198,-0.007140780951194462,-0.12735201929159867,0.8475503900197862,1.812970645560202,-0.44390063946127994
-0.004310828502412289,-0.011281964748360216,-0.001557693177696969,-0.007181149762192466,-0.15271516490672207,1.0258577206384685,1.8541526293702548,-0.5823756079670527
-0.0043179088481849134,-0.011400199239034157,-0.001685791412366199,-0.007114262297855782,-0.16750525508773198,1.116682819881796,1.8100845060298665,-0.674856938009137
-0.0043607768178400095,-0.011506149673426648,-0.0018219423717435804,-0.007080400216177943,-0.18172986445544823,1.2114532299591778,1.7903231130990938,-0.7600658159746212
-0.004866858473372551,-0.012260225392299085,-0.002959473093014522,-0.006835881841055969,-0.2742552647606156,1.9715626150198897,1.627501090549117,-1.3871804166241075
-0.005077081869903839,-0.012506303028047656,-0.003381234737993949,-0.006718589595222218,-0.2932394049789951,2.24464168043782,1.5345325205910079,-1.600212900284699
-0.005027074489163234,-0.012466105269360268,-0.003293998425798424,-0.006728868102278593,-0.2893717438594759,2.1876593013880776,1.5441680300674905,-1.5593695210045058
-0.004980746477080953,-0.012420132773214774,-0.003207443160803089,-0.006747190719472887,-0.2855274283242721,2.1316404242030464,1.5593358901930972,-1.5172372077818663
-0.004938605749667428,-0.012370386356003857,-0.0031230776809002786,-0.006771363983322387,-0.2818347827859507,2.077237710430848,1.5784336546169582,-1.4746690098561361
-0.004902803521008597,-0.012316762534699523,-0.0030426805721854642,-0.0068029800261621256,-0.2781373286951964,2.0255387152593034,1.6026657090497147,-1.4320593978787624
-0.00436401887575194,-0.011620147792810873,-0.001936236040554127,-0.007002161050310217,-0.19385779642460185,1.2922558941549,1.7369624176054617,-0.8436921701362109
-0.004370639399275049,-0.01172366326657857,-0.0020386487960766943,-0.006930147288191663,-0.2030527769966994,1.3640157962915664,1.6875260044087,-0.9169968615281266
-0.004375833550699879,-0.011819523839475866,-0.0021293821306479868,-0.0068594079148171375,-0.21088286286924127,1.4271287925403742,1.6388561644115074,-0.9817965185915717
-0.004453197853567882,-0.011857444483527622,-0.002225853782190371,-0.006889527811272467,-0.21908907753220883,1.4903249960108371,1.6625385017544683,-1.023079041158973
-0.004594193307079127,-0.011899321840453178,-0.002383863788559478,-0.006967374701438641,-0.23354104744757634,1.5931749652889153,1.7212144340143316,-1.0827645631941343
-0.00449253437264989,-0.011933855146329796,-0.0023263285805655023,-0.006856086538854759,-0.22714138237413625,1.5571776136370599,1.6402000179390417,-1.0812913878014332
-0.004636052916907652,-0.012001084826522799,-0.002512739981388507,-0.006909857429917342,-0.24272208969423045,1.678846873289835,1.6809129451270504,-1.1596177337374884
-0.004829860221865024,-0.012208272788544847,-0.002878501097638903,-0.0068613895364258715,-0.2694937446972229,1.9187280457457303,1.6465241994470963,-1.3442299414412189
-0.004804038165148482,-0.012159278541796423,-0.00281127815661786,-0.006891169271294772,-0.2657916753574391,1.8749764182946738,1.6683649382060253,-1.306412034538169
-0.004753762436543457,-0.012130525685232959,-0.0027366569089300355,-0.006880018735969375,-0.2593632817502684,1.8258122888858865,1.6602680608738112,-1.273561566155417
-0.004722613661428765,-0.012083643712353674,-0.0026661628967893825,-0.006901176544420977,-0.25527649813780295,1.7796840539046073,1.6753954374846132,-1.2353978662395113
-0.004670790373190584,-0.012065704185888041,-0.0026011440769618537,-0.006877141272550838,-0.2487985587520391,1.7373887712186167,1.6577184816773454,-1.2097912590890194
-0.00479657928659749,-0.01227305466389294,-0.0028957909566160235,-0.006768460307928923,-0.2668612217460767,1.9291800886218258,1.5785922195400657,-1.3711598370487297
-0.0050637456470843676,-0.01257618300011623,-0.003412543430478629,-0.006625576303525944,-0.2896129048904536,2.2596656528616177,1.46516866142721,-1.6281196644770557
-0.005056064486025751,-0.012650719764464224,-0.0034503858467320493,-0.006530934282087523,-0.2860655541577443,2.277827868057359,1.3950196506631547,-1.6574061707580772
-0.014971512360572394,-0.009467022656507902,8.882681721265564E-4,0.008285712683292349,0.30000659110263383,0.7231124229835202,3.3863694646261955,0.5084131576971477
-0.01498614468191446,-0.009473406457151045,8.721710489905005E-4,0.00825863813950753,0.2928098499879747,0.7046289281110188,3.3679620406316535,0.5133492743631796
-0.014969813631697155,-0.009451408652823318,9.142615411524528E-4,0.00828288481353774,0.2983378898743757,0.7442521662262095,3.3860978318506887,0.48730290920575375
-0.014984477104669401,-0.009457790371067662,8.980376279967751E-4,0.008255844176562667,0.2928724835534309,0.7258930591624728,3.367693373209185,0.4923369357296022
-0.014968065848509118,-0.009435799924780783,9.402534529292877E-4,0.008279974458272723,0.29695643268054484,0.7654187800546302,3.38566490944902,0.46612539790389923
-0.014982797661468117,-0.009442174318809919,9.2388836420085E-4,0.008252896232363577,0.29295321790159606,0.747102180495154,3.3672686743929083,0.4713438713392333
-0.014966269026450152,-0.009420196622188312,9.662571781276845E-4,0.008276980046717633,0.29642784547391354,0.7866972409409447,3.3850621930395186,0.4448840672100715
-0.014981093976236433,-0.009426530691125364,9.497684353747419E-4,0.008249806116364498,0.29284227145276404,0.7682805757300469,3.366699187886567,0.4503389499636516
-0.014979339500199113,-0.009410852046983479,9.756987394471387E-4,0.008246620200636169,0.2924538885740093,0.7894627366800037,3.3660112107546767,0.42930274607359203
-0.015001086226950103,-0.009479786618909483,8.562353244675316E-4,0.008231683653069909,0.2923215489188164,0.6928237372588768,3.34827102251791,0.5120046821329726
-0.015002742700239562,-0.009495467966492739,8.304067591229785E-4,0.008234247638794946,0.2925853082964908,0.6717111941224444,3.348305693182168,0.5328777859385041
-0.015007241198833213,-0.009542728100284502,7.526410363968627E-4,0.00824186277824244,0.2933626870797106,0.6081979858351746,3.34793100712772,0.5958800149629156
-0.015005825791409884,-0.009526996635209319,7.78516000522064E-4,0.0082393470298455,0.293084371257128,0.6293226406971729,3.3481353634380437,0.5748908107386916
-0.015004323213419725,-0.009511224128463412,8.044693466029172E-4,0.008236808202163133,0.2928337295025735,0.6505190660049666,3.3482623851162816,0.5538661117074738
-0.015015382764361214,-0.009636821800361545,5.97651727075884E-4,0.008253774991519032,0.2954761984483852,0.4819454888343852,3.343193378832703,0.7207893462131088
-0.015013978562625265,-0.009621120869645679,6.235578982381191E-4,0.00825232834325673,0.29512055191220427,0.5030029091562311,3.3445151408824834,0.7000969817275119
-0.015012635962035307,-0.009605438310657417,6.494076582773473E-4,0.008250583626389198,0.2947019465481681,0.5240392012024286,3.345566376782457,0.6793300848041937
-0.015011337667017866,-0.009589747267368724,6.752453312339055E-4,0.008248568590155795,0.29432516962355987,0.5450836637731876,3.3463690436083398,0.6584741934824486
-0.015009997380284086,-0.009574064277718777,7.010679692369032E-4,0.008246459730589949,0.2939998504818501,0.5661274176800936,3.3470417473091874,0.6376186881191225
-0.015008617337680346,-0.009558403703171401,7.268514161436805E-4,0.008244257209380953,0.2936767143630912,0.5871533573841962,3.347583742268234,0.6167805804925863
-0.015002708027561177,-0.009661588817065393,5.604147913453065E-4,0.008285221183017983,0.296231090030242,0.44970290669058227,3.361063753372004,0.7659799668203501
-0.014989125709257181,-0.009670417450053835,5.492940711231588E-4,0.008315066251220679,0.303763485112634,0.44564098819519854,3.378948333469735,0.7829538648451185
-0.014990136311907442,-0.009686089839949742,5.23132165433666E-4,0.008316753259423387,0.3024771240461144,0.4241767591033792,3.3775965954413887,0.8041955799879347
-0.015003751318281397,-0.009677346448079154,5.343241434273395E-4,0.008286950969235608,0.2970990006065213,0.42856628662087476,3.359689809108581,0.7870506320275882
-0.014992009811233263,-0.009717443732062379,4.708826039188186E-4,0.00831987551209833,0.30371066063507934,0.3817815420929443,3.3744825795377054,0.8466190823636307
-0.014991097682117146,-0.009701765314618095,4.969881252868162E-4,0.008318356713109584,0.30208809762976047,0.40288830256945984,3.376113695227678,0.8254402652643261
-0.015005556128019243,-0.00970884062948329,4.822005717210613E-4,0.008290411389457762,0.29827305681666966,0.38643292710816673,3.356742346694926,0.829136252864272
-0.015004692246966581,-0.009693103998298248,5.082447475301455E-4,0.008288699002130253,0.2978760774114606,0.40748627969474444,3.3582589132962704,0.8081058439840324
-0.015016734162882598,-0.009652587811554427,5.716473062709278E-4,0.008255162147320734,0.2957249950890732,0.4608250588433603,3.3417554937615663,0.7415537451031763
-0.01499287269095979,-0.009733124950832917,4.447955348727964E-4,0.008321310926420416,0.30639383079663707,0.3607144507440992,3.372693914665335,0.8677075858600363
-0.015006403011859971,-0.009724560488350464,4.5617088969395663E-4,0.00829197377047314,0.29818713452108064,0.3653347807065033,3.3550626749451644,0.8501504511291779
-0.014993686313349191,-0.009748808830033834,4.1867464612139153E-4,0.008322665797954052,0.30745236340191995,0.33951431093465595,3.370759527279944,0.8887659413265587
-0.015007268546206176,-0.009740287104865887,4.301153048142621E-4,0.008293323841317804,0.2981333740535513,0.34416230826108457,3.353179050294518,0.8711663176314256
-0.014994450670793703,-0.009764495229330011,3.925027253722634E-4,0.008323940891723348,0.3063267938936518,0.3181834610798202,3.3687135336147254,0.9098764376454308
-0.015008111467768434,-0.009756037721501186,4.0402012872845953E-4,0.008294545457722654,0.29863408880351466,0.3229807706958883,3.3511479959560364,0.8921952178561182
-0.014996448082291579,-0.009811568152997377,3.13999087303428E-4,0.008327271978778578,0.30598977075157074,0.25474715782886714,3.3619588588388383,0.9733592272799344
-0.014995831562063067,-0.009795875029713488,3.401421773836942E-4,0.008326244946970365,0.3047438955540001,0.2757277681560945,3.364335316590202,0.9522369898620194
-0.015010084130179048,-0.009803284837787023,3.257945522316561E-4,0.008298217692740688,0.30074511096978873,0.2598796597070971,3.3446410038588836,0.9551854167583081
-0.014995165756016561,-0.009780184008954095,3.6631316203592385E-4,0.008325134486977144,0.30491499314836745,0.296877581957987,3.3665770453560544,0.9310530966296354
-0.015009512280172513,-0.0097875605245727,3.518269238834759E-4,0.008297010573727006,0.30030921945054256,0.2808495875352544,3.3468902615774674,0.934227883652118
-0.015008865220220177,-0.009771804616434432,3.7791003650927555E-4,0.008295765036659313,0.2995213537522668,0.30187044165952864,3.34904678446035,0.9132257652285783
-0.014997015310364325,-0.009827263240783757,2.8786855414418945E-4,0.008328216287139438,0.3078419722094942,0.23384892451186587,3.3594293440043668,0.9943957807170873
-0.015010622612938306,-0.009818983261447556,2.997969334547624E-4,0.008299307195413093,0.30087839954509604,0.23890396401204517,3.3422540999696424,0.9761126021494283
-0.01499753324023817,-0.009842960155646504,2.6172639309811243E-4,0.008329078772560356,0.3091121846540367,0.21292608117420495,3.3567495055373033,1.0153784109617345
-0.015011148467062141,-0.009834682822818205,2.737907035853233E-4,0.008300243790685112,0.3009755968513593,0.21788710908952638,3.339708329936142,0.9970404686251905
-0.014992953311869566,-0.009401395604093433,9.849715557611655E-4,0.008215869623394089,0.29095230017140333,0.7983000869029836,3.3450254208065124,0.4070346528212207
-0.014991103310206151,-0.009385526845955646,0.001011042984004204,0.008212521929105059,0.29087422313203165,0.8196842606092912,3.344065943783747,0.38582800026805103
-0.015002892864355638,-0.009359693366202874,0.0010465777110174395,0.00817761615018702,0.28714692857070245,0.8472177876294724,3.3221487583389036,0.34445611716150526
-0.015000308935725902,-0.009344011547004682,0.001072468554260947,0.008175342770891025,0.2870902220701171,0.8684796818912904,3.3217196489309013,0.32396305641895373
-0.014997836143961815,-0.00932847918007169,0.0010980592824768995,0.008172740899402184,0.2870227557781177,0.8894952174331424,3.320990744037236,0.3035876903625328
-0.014995650365099639,-0.009312934693860969,0.0011235108522955133,0.008169393253263478,0.28688500115812654,0.910372362920934,3.3196818997793476,0.2830386817047343
-0.014993446107530686,-0.009297347558828935,0.001149014938959838,0.008165883171220904,0.28674632719137527,0.9312883437905491,3.318197436694622,0.26242288404259434
-0.014991009696486349,-0.00928180253455672,0.001174548077429829,0.008162669431472145,0.28666448776312864,0.9522476520593913,3.3168492650564354,0.2419452467925806
-0.014982725119752046,-0.009218725034018802,0.0012770059659870626,0.008144693963250849,0.28600321257549016,1.0361824944605835,3.3072714953144557,0.15803979805021132
-0.01498856195474875,-0.009266220368958515,0.0012001221590019085,0.008159279109817409,0.28659394894149587,0.9732442850542128,3.3153129709371387,0.2213940316844252
-0.014986900455856376,-0.009250491012867554,0.0012254754318576418,0.008154101408725509,0.2863504407221818,0.9939812395776356,3.3124754683892754,0.200302960913477
-0.014985152065436618,-0.00923462952700861,0.0012510384382466216,0.008148842269122237,0.28611339391230634,1.0148839747835672,3.3095217169646065,0.1790741528964537
-0.015005283738025982,-0.009375608633043346,0.0010203967820343436,0.008180190596469468,0.28726056912112896,0.8257442907547977,3.3227047989538403,0.36532630058916804
-0.014913791926375252,-0.008804660117280419,0.0019417996145256586,0.00798276703544752,0.2862245069835711,1.5787152431260978,3.1865631724870345,-0.3873136643862574
-0.014910936645730477,-0.00878912835112351,0.0019662080284794273,0.007974797229067175,0.2863589575769976,1.5983967716354526,3.179789182629745,-0.4074257281216264
-0.014927982232508663,-0.008810169417703094,0.0019220782841969028,0.007961404454221773,0.28397326037403015,1.5605378818973206,3.1721395011030724,-0.38103221908201507
-0.014933723450699177,-0.008822746091533685,0.0018995218859145949,0.007961351346890785,0.28325096866912897,1.5417869487720475,3.173034981908678,-0.36509423881060027
-0.014941137968394453,-0.008836827842528918,0.0018734900312751609,0.007959327308040559,0.28236856901971713,1.5199905425211198,3.1726214090160076,-0.34736826251044045
-0.01494349907525953,-0.008865691251576019,0.0018304889471428016,0.007978253929990993,0.2826051008434112,1.485695222148368,3.1876442818903943,-0.30988982385168834
-0.014950540938229367,-0.008850616877889676,0.0018463263960085822,0.007953257817271497,0.2810518234454787,1.4969506803338677,3.16933415333396,-0.33026757881264945
-0.01496349475081641,-0.00910918187549519,0.0014565388908811367,0.008115902569324374,0.28589153708108567,1.183641404031999,3.2897777684266316,0.01360845960123966
-0.014966399488924422,-0.009125169001727582,0.001430365730340494,0.008120468843919931,0.2858772634455145,1.1621535505994538,3.2927910272303684,0.03469119616291561
-0.014974303617454221,-0.00917228403612304,0.0013534477744357382,0.00813409265500077,0.2860124714162442,1.0990283705493251,3.301377477839113,0.09698276935775686
-0.014971780900202793,-0.009156806476496067,0.0013787034573498327,0.008129655137054258,0.28594484717063956,1.1197546461354968,3.2986518522990376,0.07650353359171623
-0.014969120836955702,-0.009141089270686704,0.0014043775448922121,0.008125157728988251,0.2859174392036344,1.1408266772133955,3.2958209143076664,0.05573190790886684
-0.014974484449376544,-0.009067829796401984,0.0015117526408369604,0.008067981897171625,0.28269667809930804,1.226888348535499,3.2565043668222975,-0.0458553769187034
-0.014971827100669572,-0.009083798690806203,0.0014895370667044358,0.00808354944248612,0.2836972809359454,1.2093039255498543,3.267348597082075,-0.023470238326312384
-0.014976603599807346,-0.009097360883743076,0.0014660145789768004,0.008083245828077087,0.28321456677969176,1.189783261809444,3.2671117964405165,-0.00635926232544324
-0.014950329206737521,-0.008895720763336069,0.0017820301463379814,0.0079892795430244,0.2821919181812571,1.4462344958310203,3.197004119925021,-0.2712337335838471
-0.014956939059296258,-0.008880488266044718,0.0017987199681594147,0.007965202420941205,0.28069465518777253,1.4583274202713525,3.1794435376630905,-0.29201233534465704
-0.014963456076529547,-0.008912159744336743,0.0017482664791516939,0.007977654813570408,0.2803462193375608,1.4173735235503673,3.189759160902702,-0.2513609672386456
-0.014955865167681943,-0.00892921762602624,0.0017293731667297732,0.008004668981276374,0.2821061154038969,1.403550623394427,3.209260527044208,-0.2277654093958363
-0.014985571481486035,-0.009052776869338983,0.001526808231945864,0.00803698362443734,0.2803860455096097,1.2375517437465435,3.2348914494393486,-0.06885677297076266
-0.014962806233830445,-0.008965489580756828,0.0016713673222792298,0.008018665348448594,0.28184825269093644,1.3562920488473604,3.2203402829899788,-0.18071182436390287
-0.014965849817117042,-0.008948476453791905,0.001693937157633892,0.008000483622759728,0.28082071604408204,1.3738584580200024,3.2071264492093836,-0.20386304976658914
-0.01496845587445745,-0.008978790870306898,0.0016477986350967608,0.00801774955865779,0.28124349793602144,1.3366794835501823,3.220104687954985,-0.16405305622251112
-0.014980949394683262,-0.009039261940209821,0.0015499630648711704,0.008036591706916832,0.28073695481791944,1.2567190608230343,3.2344679178602758,-0.08588199644193806
-0.014976720302984591,-0.009027105487910869,0.001570851917976458,0.008036251779629923,0.2811803452994614,1.2739995073968717,3.234051773197444,-0.1011963220223788
-0.014974469816877714,-0.008994362183173807,0.0016206722587926252,0.008017618715088647,0.28065955430028944,1.3141815988517322,3.220436555360052,-0.14449094207208077
-0.014980045478941856,-0.009011922981463874,0.0015909514297116065,0.00801950087187163,0.28014657141070237,1.2896686346390147,3.222147130511423,-0.12224389318094321
-0.014995502055952657,-0.009041144464539469,0.0015373510559670985,0.008010505487627422,0.2783813901072484,1.2447604024002963,3.216393958040507,-0.08675465370486206
-0.014996758903702334,-0.009208001048876022,0.0012855997660781568,0.008111520971486331,0.2831902580357901,1.0418399622453591,3.2846680255304164,0.13809608592077668
-0.014993351717144969,-0.009192407366386298,0.00131143090963377,0.008109172655283936,0.2832902878090095,1.063078562445168,3.2835246712274717,0.11799008311659041
-0.014989869850662405,-0.009177535515744082,0.0013361952005948778,0.008107209236306853,0.28343454692878467,1.083467564302354,3.2825665761833744,0.09885840105960529
-0.014930218640956831,-0.008732626197397972,0.002028201718871277,0.00789091495262271,0.2819301238791058,1.642751468117576,3.1165414716251054,-0.4805540341916074
-0.014877837571859776,-0.008592917338992041,0.0022655267005053663,0.007854405510279711,0.2882278465023988,1.8365946904774566,3.074654049470493,-0.6574500430507717
-0.01490197576653732,-0.008624244857871926,0.0022006503735084357,0.007842123070904422,0.2846966336019263,1.781417203779127,3.0704880806597514,-0.6168819700422014
-0.01489324212221995,-0.00860837547207075,0.002230091850348295,0.007842325754861284,0.2859656122031833,1.8058829988467437,3.068512796216566,-0.6370713464532995
-0.014924783168778535,-0.00871667193603685,0.002054872687442998,0.007886558347202907,0.28249350531050976,1.6645348531598179,3.1119173344424222,-0.5007209587415041
-0.014917393199741408,-0.008700773702799623,0.0020832061749507195,0.00788554275142707,0.2834802989676461,1.687968037640436,3.1095405346843226,-0.5208174978184387
-0.014912041031447882,-0.008670341808744129,0.0021293978572830274,0.007867376766060133,0.28380427481873255,1.7246809816996562,3.0936073474377,-0.5591307130978506
-0.014925865803575767,-0.00868474750299193,0.002097318275862323,0.007855994499777518,0.28173305439811425,1.6969532614998106,3.087420763877511,-0.5407002558103433
-0.014909531159827774,-0.0086397810004021,0.002172801871161051,0.007843463460002602,0.28373706313754016,1.7584011365957581,3.073414771190316,-0.5972027007841377
-0.014920073460323296,-0.008654382539065884,0.002143465149101889,0.007838468969931149,0.2821798873958623,1.7335493638004493,3.0718052325396883,-0.5785729288893049
-0.014920861183332695,-0.008762610905213545,0.001994869706375303,0.007933914263455829,0.28407541765825606,1.6188487834792056,3.1491236616303016,-0.4421952657643122
-0.014921811848103312,-0.0087780679806537,0.0019724589387325633,0.00794549468658886,0.28431000995974887,1.601188589859967,3.158495701411581,-0.4223297520814757
-0.014935693078598126,-0.008749263466320526,0.0020005346172095565,0.00789559416542366,0.2813401718478485,1.6201920736727373,3.1213825270415465,-0.45955188236281214
-0.014483933517267157,-0.007484550517293543,0.003932101990933612,0.00700957585302582,0.3633795528428526,3.0380407375502725,2.168604750185611,-1.8845362421006728
-0.01450379420463415,-0.007502232534118696,0.003889232196221906,0.007013250914061128,0.35905697569492917,3.0048086974491905,2.1817522384890533,-1.8600308379553787
-0.014520621560319897,-0.007521755425622625,0.0038496948998091147,0.007022854277273266,0.3553246817591706,2.975945489383377,2.1985542509810547,-1.8366776617458342
-0.014584552069213389,-0.0076257814428890985,0.0036758730134064397,0.007098853147898258,0.34131468962460454,2.857648484938271,2.2966874163489712,-1.728148420345598
-0.014535287320894869,-0.00754754048802697,0.0038087203499714345,0.007044002701862618,0.35206889335873204,2.9491864254507165,2.2244287504458744,-1.811114542949795
-0.014571811780225078,-0.007595955312198565,0.003717856003187254,0.007071105782729966,0.3440970161071981,2.883884656102722,2.2660554592094293,-1.755882614655851
-0.014556813239042926,-0.007570994999091881,0.003759071104344289,0.0070527507185554035,0.34744854863677993,2.9119279367947146,2.242598691017775,-1.781777555576779
-0.014600972027449656,-0.007722727838633872,0.0035722209759039467,0.007217983616801891,0.337116262221646,2.804175409269091,2.4105434536038035,-1.6502075905749705
-0.014594428686708351,-0.0076737540667799415,0.003622781915137209,0.007155946709240721,0.3388220044486531,2.829616013186753,2.3521389470442986,-1.6893076887861296
-0.014605033945036,-0.0076973295302787325,0.0035879021003225845,0.0071761695823582845,0.336495450488932,2.806603908229055,2.3750402023991364,-1.6659327006005538
-0.014606204805683554,-0.0076485547287661855,0.0036263050666072052,0.007104501700592591,0.3368378227118398,2.81940339636243,2.3118584468639836,-1.698641918084726
-0.014891205569691542,-0.008575121195719937,0.002275948708517942,0.007813662474244086,0.28580335875052526,1.8409706742627208,3.044160192601883,-0.6778994297042232
-0.014901565010704648,-0.008558081868406868,0.002288021262122275,0.007779031262622765,0.2838191612906618,1.847213105510951,3.018008941942428,-0.6972175508995746
-0.014750829045285286,-0.008169044414316524,0.002927886447859386,0.007597713561164677,0.30684283328471323,2.352775715560126,2.812490704547756,-1.1734502846994799
-0.014744500414771001,-0.008153849702937605,0.002952708501107962,0.00758892795764816,0.3079292767337491,2.371893108130148,2.8023632156077833,-1.1916350970405967
-0.014733864152374654,-0.008138704600090299,0.0029827931438798764,0.007586750896205281,0.3099042176834064,2.3964423336815504,2.7964457073298052,-1.2114295790644627
-0.014723844052985987,-0.008106491480257917,0.0030308471730601584,0.007561807320087779,0.31168647971976665,2.4320022902188074,2.7704758262487252,-1.2483052800246026
-0.014739886140926308,-0.008120737070903933,0.002995072451098493,0.007554905469394141,0.30877745815466445,2.40118576150499,2.770466455357438,-1.2272348428710247
-0.014711823895191128,-0.008072124723717924,0.0030833559847701156,0.007536454859348342,0.31387838435685794,2.470954157101204,2.7431911389631023,-1.2877580685361087
-0.014729346243397425,-0.008087966752910805,0.0030439594845046293,0.007529856099683693,0.31070377938551336,2.437214680534575,2.7441633333500266,-1.2644037410673503
-0.014768296946050466,-0.00817078911181306,0.002904570214876275,0.0075723726990978065,0.3037862628655005,2.3292874851795577,2.7965805912160375,-1.1649285433716237
-0.014813017876329874,-0.008272532425791713,0.0027351950360593644,0.007621821946871316,0.29622266523741253,2.197063555738749,2.856007454915986,-1.0421884220786248
-0.014807387653496132,-0.008255519477004777,0.0027615062915380263,0.007611175542021298,0.29713460373377126,2.217190696978633,2.844750755708654,-1.0622093106975041
-0.014800163157885078,-0.008239406961341062,0.0027885616415803446,0.007603921520864153,0.2983235671940388,2.238424314447871,2.8358533775759622,-1.0817426557953722
-0.014792980645131959,-0.008222438070170424,0.0028164981543134728,0.007595374194560121,0.29949327723234,2.2601865924783024,2.825797483597522,-1.1021404086021525
-0.01478614881977105,-0.00820296235705996,0.0028467943274219885,0.007583048046189251,0.30066377805882266,2.2832924932937044,2.812521981590823,-1.1249727116477979
-0.014777921740342865,-0.008183840951540592,0.0028782637423866637,0.007573066692481398,0.30203820163487877,2.3076674992820014,2.8007497631586813,-1.1478280859834429
-0.014833498974926793,-0.008275103041755516,0.0027087189359131327,0.0075918388039339655,0.2927665763520095,2.170791756204535,2.837065315897559,-1.0329372916729953
-0.014830929520239705,-0.008315828959674495,0.002663804641562527,0.0076421339595254085,0.2933883381809199,2.1410102721187285,2.879777627131767,-0.989817403314083
-0.014835524245136506,-0.008295073913133649,0.002683106541449251,0.007611258802300221,0.29241471922586265,2.1525436437471037,2.8546242055229425,-1.0109533998945395
-0.014854342250619148,-0.008279579577137198,0.002679915117260779,0.00756354976823474,0.289269171347504,2.142983412339436,2.8196767610425226,-1.0216974460504644
-0.014847157926999522,-0.008332546255293095,0.002625786917381011,0.007634373514736154,0.29069378596795836,2.108521753124174,2.87851281878499,-0.9669280706952338
-0.014834281256013564,-0.008352384334017755,0.0026162783568806362,0.007677503010749819,0.29304893638635643,2.106583000764784,2.9114903419765894,-0.9484632252416821
-0.014839641877767493,-0.008409207444884175,0.002540852997743688,0.007730848475893871,0.2926205152744934,2.0512021309973494,2.959203654596427,-0.8827746652244478
-0.014841167338817412,-0.008375843768417275,0.0025802124632617724,0.007691974521557733,0.29206927961604195,2.0787477000593815,2.926189025390716,-0.9204520592177798
-0.014848026676025606,-0.008394529880917432,0.0025498813660310496,0.007700934625825264,0.2910431059425714,2.0548138910163787,2.936106075358494,-0.8976445487732814
-0.014851659594115448,-0.008424218814855665,0.002509288328706369,0.0077268145612077255,0.2906577023566563,2.024470798648347,2.959445469444788,-0.8628639343510204
-0.014867851303983359,-0.008458447142369778,0.0024493888942384258,0.007735698114981778,0.2882327022360333,1.975878801075551,2.9719370299376813,-0.8199603746930906
-0.014866302116249952,-0.008441349968997022,0.0024724140602424252,0.007720373853627131,0.2882718346540009,1.9930697217838147,2.95841177470209,-0.8400613019081498
-0.014877677706438094,-0.00847027935088335,0.0024242925886049475,0.007731379488851582,0.28668555494795545,1.9545568034509506,2.971178686619247,-0.8043714001260341
-0.014886146407871743,-0.008517786501913396,0.002355300814198245,0.007765471047449202,0.28584585282603947,1.9014339658284007,3.0024261150177027,-0.7472420158642705
-0.014883524198355688,-0.008501105814211155,0.0023792633397127162,0.007753064190984143,0.28605973977504845,1.9198552042918156,2.9912090492842514,-0.7673478185967645
-0.014886219172986787,-0.008483316873830691,0.002399067645472101,0.007730331952416803,0.28536900001530713,1.9335698092005935,2.9727941960471043,-0.787687836583739
-0.014897801829836483,-0.008529307709540182,0.00232885066405379,0.007757055843539328,0.2840680043483292,1.87854829458157,2.9986004569793905,-0.7318998188203302
-0.014905851444646519,-0.008542340953728836,0.002304130767994799,0.007756179180456799,0.2828282268565359,1.8580307527613749,3.0000878226578442,-0.7153814593539574
-0.01468402226619072,-0.007940181635990234,0.0032559127509044464,0.007404732589239976,0.31956960420595676,2.5878353271116716,2.6141702983521644,-1.4249726728459413
-0.014651449581971579,-0.007854851055376045,0.003382501972662029,0.007335237094161027,0.32620142057080187,2.6768139428370303,2.538088477197101,-1.516202708946423
-0.014666988443164433,-0.007873911111697869,0.0033431886997609558,0.007339529807018759,0.32312472582666724,2.645639455034703,2.548656139166839,-1.491489376387119
-0.014685633677398766,-0.007917738809315523,0.003275794735997647,0.007372322813578624,0.31934390783032124,2.5974990491484244,2.5859269402603786,-1.443831870884897
-0.014679414940255268,-0.007895320741522278,0.0033058640751392377,0.007351009012206808,0.32065631474850226,2.6176067040072017,2.5642420950006266,-1.4664881030983097
-0.014611294975597674,-0.007762528647395134,0.003522863061703353,0.007261096207920603,0.33466744448194846,2.7744541038445765,2.45386344861994,-1.613877776865479
-0.014626361727572845,-0.007793942080256384,0.0034735164067225053,0.0072851002481264,0.33149464423648517,2.739828818157287,2.4821310858450083,-1.5802289017450324
-0.014627025898679244,-0.007776430531724896,0.0034882565193003487,0.0072595253120064235,0.3313906719198008,2.745940869110211,2.4595340077954373,-1.5934938479104672
-0.01464414090517326,-0.007806923927564727,0.0034368811182724237,0.00727893469926985,0.32797730694912003,2.708558349949158,2.4845049015925045,-1.559314804751781
-0.014657677357889113,-0.007829018344004686,0.0033979223214441715,0.007290926783629379,0.32521805246537433,2.6796069126845077,2.501172419002995,-1.5337437467682025
-0.01461980010900861,-0.007740125988139426,0.0035303515596528195,0.007217849133053768,0.33320042276058853,2.7701479548423404,2.418993271242506,-1.6254212312308118
-0.014726238321407086,-0.008049536944784056,0.003088852914691999,0.00748557420764473,0.31140202904801245,2.466197410081915,2.7035172274318913,-1.303171105025234
-0.014701074319921098,-0.007953707586318982,0.003219785182810044,0.007397971937919468,0.31630260805185767,2.5568500445661813,2.6152604185076886,-1.4040635884225037
-0.014720260545199024,-0.00801376310877291,0.0031338179401480333,0.007448415467366624,0.3126267309155319,2.4962243537035698,2.668029583834701,-1.339785760282955
-0.014736083329586133,-0.008027439075606246,0.0030993020101313146,0.007442483697195554,0.30972386767785104,2.4667726987712952,2.669115879652679,-1.3195079638416363
-0.01472120682028558,-0.00799266305395358,0.003154177723290598,0.007419619817631379,0.3124936187602156,2.507435368137305,2.642771590454976,-1.358819172641441
-0.014714912984145005,-0.007971802694814557,0.0031834661444478858,0.0074016291517178595,0.31368836782470616,2.5278699443028,2.6242267407636457,-1.380822507314248
-0.014372691965238722,-0.007236921148796736,0.004259486294094937,0.006740725914250537,0.3898546405903696,3.2102539539009,1.8758703909841572,-2.0808317766376714
-0.014384799948880929,-0.00720484886227844,0.0042568286619749365,0.006677551141471155,0.3872910610220643,3.185728091976408,1.828310478090778,-2.0810646983987824
-0.014415793645878723,-0.007296270462355709,0.004158162295600071,0.0067912963974592405,0.37990762269971695,3.1482723928751715,1.942369565239528,-2.0247886520774645
-0.014427962511838657,-0.00731666175629506,0.004127172842039299,0.006810686152329471,0.3770473332693572,3.13045908611782,1.9655265095739256,-2.007160288291377
-0.014393229940187102,-0.007254198412551065,0.004217393741450941,0.006747723080489148,0.385079526830116,3.179746529497311,1.8928844729356247,-2.0582356389175582
-0.014405735591479146,-0.007276478339622129,0.00418526371793233,0.0067703703606951495,0.3822635755181034,3.1624174230982507,1.9189857311838743,-2.0402458187900945
-0.014428747840139318,-0.0072775569065946484,0.004148385632206421,0.006748472245534784,0.376984838059951,3.1262195210826644,1.9124664398278135,-2.021414843800411
-0.01444587623663213,-0.007342686844524013,0.004083616403415868,0.006832406269733015,0.37277810327645966,3.1033330341535152,1.9937693343457374,-1.9823459759438842
-0.014492599144176475,-0.007456262037806302,0.0039383472257562314,0.006956120013993256,0.3619875846138548,3.02715515935012,2.1257112620624046,-1.8931540400537978
-0.01448271340683976,-0.007421537204621168,0.0039767618911497535,0.006914093115131338,0.3642585706237404,3.0448006563954,2.0838236678687774,-1.9180488584641497
-0.014483302408000802,-0.007388097791417102,0.0039974869944981025,0.006862049989304785,0.3643946524783392,3.0450698304907307,2.038796392538709,-1.9333897833168618
-0.014479905199042856,-0.007357428307796281,0.004021904516237729,0.006818628041559904,0.3654839844916209,3.050575282589359,1.999373212253434,-1.9496363821644984
-0.014373998168954896,-0.007151863926660819,0.004300197336988368,0.006603528910854818,0.3900404665506307,3.19251753877221,1.760060860517271,-2.1046964099416576
-0.014360962574321717,-0.007122549266160324,0.004334668899562751,0.006568880459512537,0.3929729445555546,3.206083608030952,1.7240157755026817,-2.1225346771578866
-0.014399374833243024,-0.007168659705157705,0.004251867258658024,0.0066062194605824584,0.38420794922338736,3.1565186476916316,1.7761287148706464,-2.079653123358518
-0.01433662200027302,-0.007065717130868046,0.004398543327447238,0.006499748649129383,0.39856658881288204,3.2286078542152006,1.6535089096658557,-2.1543587687451367
-0.014359919110023017,-0.007080561212769046,0.004355026541129147,0.006502931577139965,0.3931073396772229,3.19688854322493,1.6690368150589137,-2.132361590619866
-0.013963107955866515,-0.006490870137234093,0.005139270192846593,0.005798326191108928,0.479989621160875,3.4471229758304993,0.8977989341004903,-2.4260176202547714
-0.014049346031617976,-0.006578808673388164,0.004991745222272809,0.0059029637593679615,0.46113303881294937,3.3976545056221927,1.0252239541698802,-2.3806817592961664
-0.013995171623040648,-0.006515166156118883,0.005085406924201265,0.005824290765942226,0.4728054410226728,3.4232654847865738,0.9361586653863917,-2.4079168289840482
-0.014029606885934891,-0.006540854095236068,0.005027269800537969,0.005850419795385606,0.4645249538277004,3.3960227944543884,0.976140909000736,-2.3875181308586995
-0.014090269159906653,-0.006642086618470797,0.004917278308768619,0.0059851840302226995,0.4527352628541511,3.385586159731446,1.109483239773394,-2.360126948100149
-0.014088587947015035,-0.006573367428289269,0.00492826371931257,0.005873985342931373,0.4505430590354879,3.3389559842334715,1.0294077443202843,-2.348600978364779
-0.014102155859937205,-0.006601716860302262,0.004903052179789712,0.005912784955390796,0.4486636111338913,3.3402935538485528,1.0649887564540916,-2.3434479040335017
-0.014125064943352863,-0.006707129379443688,0.004849958400719687,0.006071934685011677,0.4460944794791195,3.378883366793747,1.194227258750631,-2.3411893755671493
-0.01412702119084326,-0.006659972772155051,0.004854571920597679,0.005993608028744816,0.4439314116906288,3.3452977425967956,1.138139009712887,-2.3333710468424544
-0.013969731689631448,-0.006444216579981999,0.005129212462919186,0.005718832580507471,0.4758784288362667,3.3981047610796398,0.8490042937352095,-2.4067823290432195
-0.013967632162541597,-0.006348613270414153,0.005132077186814513,0.00556539134937158,0.47121798895467576,3.3188065053530464,0.749228686069194,-2.376994818765216
-0.013972863262965797,-0.006395373994836181,0.005124310341862618,0.005638364223028574,0.47277145441396967,3.3522919088331693,0.798603545036058,-2.3889170406956635
-0.013646867300276018,-0.005896504027719903,0.005566536644087426,0.004922577287104776,0.5143564894100664,3.2203066406257705,0.19205930687165665,-2.3642917121270384
-0.013677164828533926,-0.00596510381279898,0.005537411260220295,0.005025493653687812,0.5145165684612807,3.2653251707075692,0.2598931699658648,-2.3863168813490723
-0.013716774379336367,-0.006009432957284393,0.005486312789297899,0.0050900894832455424,0.5087708298420694,3.273560286242582,0.31813086642670063,-2.388201989235639
-0.0137423254056951,-0.006065762934998748,0.00545796925035065,0.005174339118430992,0.507888605095762,3.3060490052435716,0.3775805955226627,-2.402535989016396
-0.013768676070967302,-0.006109006953270309,0.005424479373483865,0.005238016775075986,0.5055249171354806,3.322773241996644,0.4288596686932739,-2.408265846507722
-0.013845205480346196,-0.006251986218633432,0.005322250324756737,0.005448878446024672,0.49687669675772456,3.379214999705131,0.5985128192158403,-2.4248037375779155
-0.013803479769906543,-0.006185072358313265,0.005381054784101323,0.005351805942104466,0.5025317531547597,3.361505263551479,0.5146454501906003,-2.4226507908270096
-0.013837167264667017,-0.006210801409453387,0.005330603091288538,0.005385015977874863,0.49554512113213195,3.348242511263257,0.5560346069009355,-2.412198530246987
-0.013808875212604722,-0.006131062725654738,0.005364842370559306,0.00526524876560857,0.49648729533829844,3.3012703265076797,0.47069240621643366,-2.3940646551171754
-0.013960427704825524,-0.006310280281672107,0.005142431456985239,0.005507039965425878,0.4710007776306019,3.2941376844618313,0.7087492456525664,-2.368469285651798
-0.013992267608135253,-0.006317397137439296,0.005092465564432851,0.005507205305055876,0.46297326994699556,3.2618909193286236,0.7290563461518731,-2.3488710302969587
-0.013933405262360712,-0.006284895323330275,0.005184025983507441,0.005475760144196185,0.47572138455948515,3.304181561450639,0.6725803809465084,-2.377764900114212
-0.013888235769209502,-0.00626661957301614,0.005254644775761079,0.005460375400550292,0.4865365162401946,3.3415837960964834,0.6339779497203332,-2.401603313304238
-0.014292133713669667,-0.006998459539214854,0.004496895475410206,0.006429159135752918,0.4087913796324131,3.2749020227742016,1.5707912923931688,-2.201562337606582
-0.01431458265355726,-0.007012446242598102,0.004455379422623193,0.006433084466973456,0.4036199350202447,3.245253369313961,1.5866914713673312,-2.181075811624185
-0.014339463957363033,-0.007030006593354275,0.004408652950162865,0.006440216985754035,0.39770371542155575,3.2130094329787737,1.6063909044252487,-2.15798022285578
-0.014281270393422954,-0.006971076314879389,0.004524438040520447,0.00639364042273912,0.41131931844232444,3.2811959842178813,1.5357734337875442,-2.2137566251405576
-0.014237107981306885,-0.006918724656029469,0.004613970141133492,0.0063429927168217595,0.421575417763091,3.3270005971477485,1.4699721176402105,-2.2547961923997195
-0.014263428997227962,-0.006940926519149223,0.004563796579230125,0.006358874996287595,0.41512746712202514,3.29625298459894,1.4977992652686467,-2.2313131518454004
-0.014210587538825842,-0.0068639165294666436,0.004673720558861297,0.006272879946787427,0.4274130290300199,3.3413266014945187,1.3989844491753212,-2.278798143825002
-0.014238857038448247,-0.006885704270676024,0.004621222359131381,0.006287774731753365,0.4206657894075295,3.309139312859407,1.4271302021386054,-2.254804964888353
-0.014222902112270702,-0.006819062176118829,0.0046657492807984325,0.006191040325256236,0.42385776231993116,3.299666883550787,1.3426373778013874,-2.2683138905775846
-0.014158943014554023,-0.0067336267993098635,0.00478943280095877,0.006094472018528216,0.43765302260840716,3.3457340725248224,1.2314790912500297,-2.3161708938073597
-0.01419004252725272,-0.006764432416431373,0.004732247479807337,0.006124648391783901,0.43073237869050235,3.318366971091621,1.2726678994053404,-2.293078154678286
-0.014226234956411827,-0.006778862851247811,0.004670439753397316,0.006123910897035158,0.42230408579675177,3.273709317833869,1.2935520536188154,-2.264386387732145
-0.008722741721456859,-0.01487957765957807,-0.007973418479197261,-0.002087029854100419,0.24713600854394804,2.809172094641298,-2.606434636411702,-1.5618241691981833
-0.009202404931867789,-0.014935974281465732,-0.008226490921823903,-0.0013292489201278187,0.28494427869181405,2.3057297695490706,-3.007706185925818,-1.028892643630143
-0.009192433128921058,-0.014948550552882826,-0.008195640584044928,-0.0013375035146995723,0.27284462664635395,2.3007005705059,-2.9843491156514603,-1.0389266712003076
-0.009186901264173679,-0.01493344407547077,-0.008222273741722937,-0.0013550895974686489,0.2842481440990059,2.325368766931006,-2.997851966811167,-1.0481238220327285
-0.00915591771365941,-0.014928237524093783,-0.008213586570101197,-0.0014067858746544795,0.28075656696646456,2.3647253909155888,-2.9777608388116197,-1.0866618355834992
-0.00917140547270682,-0.014930865148160086,-0.008217971550706582,-0.0013809399103116638,0.28265095327262396,2.3450326068377807,-2.9878639346695213,-1.067409409114394
-0.009161261411248093,-0.014943470712656948,-0.008186824151415155,-0.0013890539966671868,0.27262919232663657,2.3398046999345254,-2.964337969074688,-1.0768868600225137
-0.009176853837489198,-0.01494605254215278,-0.008191245955354058,-0.0013632608733269486,0.2726462794502356,2.320266534108115,-2.9743887627721293,-1.0579472479802077
-0.008918667072770907,-0.014910663493412206,-0.008081082787915512,-0.0017794471324036624,0.26254911584842744,2.610985574679716,-2.7794650034150816,-1.3534568514155352
-0.008903209027686626,-0.014907424726525323,-0.008075054356693886,-0.0018047297190397357,0.26178840906606604,2.628977731123216,-2.7673985164997394,-1.371091736407246
-0.008795543456930602,-0.01488180351426409,-0.008033792060632818,-0.001982107853384038,0.256231283739586,2.755438197657186,-2.681255105693138,-1.4935020037973414
-0.008810855092492633,-0.014885611847423687,-0.008039891075976297,-0.001956869489934669,0.2570829528201643,2.7376274386530017,-2.693870692112259,-1.4762715919588958
-0.008826188703087476,-0.014889284138829171,-0.008046082505716519,-0.001931671796243782,0.2579352196605977,2.7198899145253566,-2.7064542951629202,-1.459026685958471
-0.008841524631686424,-0.014892899834187562,-0.008052202773071426,-0.0019064738992591176,0.2586916641552683,2.702089560383619,-2.718925499643315,-1.4417146327056791
-0.008856855581487421,-0.014896604436922298,-0.008057975269194972,-0.0018811683139591687,0.25937481643077526,2.683973236621909,-2.7311522320565413,-1.4242307050459095
-0.008872230153150737,-0.014900374197962469,-0.008063482561096798,-0.0018557086522064238,0.2601064124702737,2.66555702097943,-2.7431940279994307,-1.4065583043796057
-0.008887699263580955,-0.014904012240549195,-0.008069131551269483,-0.0018301798072157453,0.26094061079956293,2.64715868472176,-2.755265442384338,-1.3888062944251225
-0.008738344364910075,-0.01488323653057936,-0.007980820671877527,-0.0020619043425848305,0.24819214043911786,2.7923600529785997,-2.6200823705613243,-1.5450929153920414
-0.008753787273589492,-0.014886514239011725,-0.00798859822565088,-0.0020372840166191183,0.24930867892673034,2.7761625241530954,-2.6337128982795934,-1.528678818678476
-0.00876912641770187,-0.014890011458433846,-0.007995706964776738,-0.0020125572737952654,0.2503180164345578,2.7594621936921224,-2.6469104726797887,-1.5120707124291668
-0.008784405728441847,-0.01489403821798542,-0.008001615202818115,-0.001987404325340768,0.2511326311291227,2.7416935498788786,-2.6594473306535957,-1.4950130533824069
-0.009124966919156603,-0.014922836286880736,-0.008204578628312763,-0.0014584038214528027,0.2787923610071573,2.4040333333424497,-2.9572487026228766,-1.1247576139690199
-0.00914043814353798,-0.014925561228420125,-0.008209121838877637,-0.0014326095079494972,0.2793864772582195,2.384409912913797,-2.967556493723331,-1.1057913575769198
-0.009130133947963257,-0.014938049468973348,-0.008177962737496242,-0.0014406144633897007,0.2723980478786862,2.378723741510544,-2.944033691472782,-1.1144979705338736
-0.009145681978239855,-0.01494079763412294,-0.008182403093523832,-0.0014148500729808768,0.27260602577890675,2.3592984254691705,-2.954222647765897,-1.0957344455289253
-0.00906316862569595,-0.014911450597951648,-0.008185613154561356,-0.0015613432413285032,0.2795276022131751,2.481473234723244,-2.9148427335527103,-1.1993134331766087
-0.009052739418300246,-0.01492367706859162,-0.008154484062071914,-0.0015688569131696846,0.26935936174123093,2.4747658786822004,-2.8912844744474593,-1.20755501053751
-0.009078604893063712,-0.014914369853492293,-0.008190472916499695,-0.0015356461438434707,0.2786637807665389,2.462280208692716,-2.9256283325967485,-1.1807954773412208
-0.009068213943986802,-0.014926600751372298,-0.00815943948377619,-0.0015432467190855828,0.27016611538846286,2.4556984825223824,-2.9021560301033102,-1.1890143125319754
-0.009094050136367162,-0.014917240572168871,-0.008195253377527634,-0.0015099259460942197,0.2782054262356264,2.4429774223713947,-2.936283999955234,-1.1622392746865242
-0.009083675507338344,-0.01492951298869198,-0.008164231654769831,-0.0015176302879663821,0.27098779987115046,2.4365536418590215,-2.912839034058385,-1.170440585144519
-0.009109504197630083,-0.014920062725815756,-0.008199955807672105,-0.0014841757707570993,0.2784265961545115,2.423560011159008,-2.9468251265343084,-1.1435689295589442
-0.009099139321950169,-0.014932401874480425,-0.008168891563494844,-0.0014919950195514183,0.2715838413962072,2.4173403619156453,-2.9233560066251787,-1.1518378570561003
-0.009114621615226257,-0.014935248667366967,-0.008173463959596115,-0.0014663281895923273,0.27202769549623357,2.3980674749974367,-2.9337480209762283,-1.1331945440475382
-0.009026520065365388,-0.01493336436191045,-0.00811796161908588,-0.0016018659186284301,0.2667337142696165,2.4810615659033677,-2.8588285195096392,-1.2276236240268832
-0.009042112239095157,-0.014936302186184289,-0.008123225308632867,-0.0015762921159033284,0.2673598309971623,2.4622903123586295,-2.869925205045961,-1.209312524439091
-0.008995461761027742,-0.014927054992192384,-0.008107806418865217,-0.001653016271296494,0.2654804499463724,2.5187980139222184,-2.8366294148113287,-1.2641484127581426
-0.0090109598656151,-0.014930259406440683,-0.008112857711505073,-0.0016274700980289547,0.2660898671374938,2.4999426158067437,-2.8477432671724237,-1.2459265127070205
-0.008934044611734242,-0.01491385200962892,-0.008086965439422463,-0.0017542772922139883,0.26318646801953355,2.5929855783380766,-2.7913336275683673,-1.335833513829189
-0.008949360433488644,-0.01491712091514389,-0.00809247300674809,-0.0017290965275023656,0.26373746241210827,2.574740721168776,-2.8029055217512173,-1.318111062067951
-0.008964665678901316,-0.014920467622680183,-0.008097649383899412,-0.0017038366041687875,0.2642910988264342,2.5562241305635003,-2.81422817614957,-1.3002496697880082
-0.008980026105078306,-0.014923794167600521,-0.008102727562669672,-0.0016784755106096126,0.26488395620363564,2.537557137972412,-2.8254490715729847,-1.2822590844392077
-0.008084165988128807,-0.014718190229242104,-0.007541852383909308,-0.0030621392297638865,0.1770424236443238,3.343552774774062,-1.940976412272278,-2.1330572615763734
-0.0081049796290198,-0.014723074318767782,-0.0075608181639635836,-0.0030333652176255973,0.18025749115058848,3.3328819577127535,-1.965394345010567,-2.119235997137095
-0.008123857851994135,-0.014734085296458239,-0.007567546780195006,-0.0029988035445908637,0.18180886526157905,3.3098475479602336,-1.985681670231412,-2.0996934729395402
-0.008066780980413633,-0.014714036105277288,-0.007525928516783249,-0.003086109273393121,0.1743515205117667,3.352309063166963,-1.9204889177138504,-2.144464520049587
-0.008020289058632247,-0.014668889769841037,-0.007533774462071013,-0.0031943379002350126,0.17312231264956798,3.4421569065676585,-1.8711255953709927,-2.209527313625108
-0.008032794709991043,-0.014679682583769447,-0.0075339721593203285,-0.0031669006562220774,0.17367745878570226,3.4207606965670148,-1.8850009813459374,-2.1935051345271943
-0.008003840369370184,-0.01466623168267963,-0.007515861390223615,-0.003215038309277927,0.1700693261042079,3.4467271411399585,-1.8508657621163689,-2.2182087045032772
-0.007983887985641924,-0.014669055312482498,-0.007484950370584977,-0.0032318206584222033,0.16544765371859735,3.4397657323352067,-1.825527969889986,-2.2220101822321645
-0.007965074669864854,-0.014665639418475089,-0.00746475420621319,-0.003255540169363431,0.16203882199388756,3.445037821176878,-1.802498249026063,-2.231739306886618
-0.008040818253055505,-0.014696972041952527,-0.007518263630981265,-0.00313575928280114,0.17222319648322373,3.3863449782523283,-1.8918793366539661,-2.172352053457398
-0.00804865253441317,-0.01471305831028242,-0.007504050116480733,-0.003106608203375711,0.1708211110462865,3.3544895120800313,-1.8983965549973882,-2.1526367054504956
-0.00794357737320998,-0.01465726106614668,-0.007448017202541144,-0.003288462139274414,0.15894814752206812,3.4595976389574186,-1.7766225065279966,-2.2472733881958544
-0.007919054837699306,-0.014657064533952477,-0.007414947658558207,-0.003313001783958511,0.15376727004544066,3.456952889394119,-1.7462131343371656,-2.254593311729859
-0.00783435554296264,-0.01462652735413172,-0.007341291699950739,-0.0034361269625028576,0.14025954582531666,3.5024628420322705,-1.6426522017025125,-2.307921045623263
-0.00784618528190933,-0.014634608374838607,-0.007346502581499975,-0.0034138064585139158,0.1415822894224449,3.489006728261946,-1.6572068467380088,-2.2967457799982003
-0.007897386694813609,-0.01465469820151962,-0.007388749390392589,-0.0033373435809787885,0.1494825091757163,3.45851786869119,-1.719604032689572,-2.262994165252515
-0.007861639033655528,-0.014642205462037261,-0.007357281569266264,-0.0033887196899401464,0.14375752278832235,3.4770773568299447,-1.6760892978928854,-2.285153231535484
-0.007878175044969482,-0.014648797181907917,-0.007370785253940229,-0.003363908281813327,0.1462501357821913,3.4670483739560187,-1.6962327770948569,-2.274158928721716
-0.007818265257266126,-0.014626809981573506,-0.007318322016758528,-0.0034505829949643576,0.13666356175974295,3.4982690928482576,-1.622889807359288,-2.3109473959694458
-0.007798787403843752,-0.014625968783382855,-0.007292087908919067,-0.0034695108140704134,0.1325606226375464,3.495253607111984,-1.5990984465219216,-2.3155932357728233
-0.007778305614222471,-0.0146221965113723,-0.00726833562001884,-0.003493219304643677,0.12858266454086323,3.4973902806839754,-1.5740883951669653,-2.3232273030056
-0.007760137591136894,-0.01461712950809359,-0.0072494452483762165,-0.003516475497666215,0.12537739184583033,3.5022668406809854,-1.551810117971632,-2.331545452062898
-0.007623764968258447,-0.014547383013859966,-0.007142347658634885,-0.0037319452004740275,0.10373336465770144,3.5884091854162214,-1.3787105298651439,-2.4187766792909406
-0.0077412575868651586,-0.014610607087660472,-0.007231307679075173,-0.0035422491192423386,0.12212636950905699,3.5094181336377495,-1.5285853906375173,-2.3412337089626973
-0.007644410004783772,-0.014561013711262527,-0.007155567835819796,-0.0036952660205625786,0.10680324337234585,3.570816926765231,-1.4059454394217337,-2.4032977570294167
-0.007709526116004729,-0.014585201692388352,-0.007219380521769747,-0.0036060244209587945,0.11847863922930145,3.5483991316295636,-1.4876925206889757,-2.3721205111708894
-0.007723684693263107,-0.014600655313769468,-0.007219372279342798,-0.003571651144946252,0.11942796539749805,3.5232007771984075,-1.5065260874238933,-2.354077252377083
-0.007667639865929507,-0.014570846938482212,-0.007177069447068191,-0.0036619220743983544,0.11087432174572151,3.561015698093098,-1.4353578124468667,-2.391303535578132
-0.007688540082400006,-0.014584150164909944,-0.007190289975623561,-0.0036252136030663295,0.11375412610061908,3.5431467843404225,-1.4623326389150797,-2.3754346567256843
-0.007598050706405281,-0.014543689952349457,-0.007108718018485506,-0.003757599069778093,0.09831438919863202,3.584193105611185,-1.3474828354777355,-2.4234853175457967
-0.0075716541448101185,-0.014538023280185514,-0.0070763084975095075,-0.003786285059117818,0.09285805706143177,3.5828233885737673,-1.3151968352066754,-2.4297825281800125
-0.0075475576617807655,-0.014544880118943004,-0.007031926503981907,-0.0037940867903633003,0.08708829172925568,3.5587328981148665,-1.289150716325385,-2.4225488300878855
-0.007527036224994659,-0.014538409240721951,-0.007009038967318657,-0.003818825797990939,0.08301508264366873,3.5607627440987097,-1.2639525772505047,-2.428886054745126
-0.008542687064267722,-0.014846002669732431,-0.007859972184615345,-0.002363567512428267,0.23030895823710826,2.97331928873087,-2.4325473032273632,-1.7379900026589958
-0.008141155991543737,-0.014741392319902008,-0.0075777715288097075,-0.002970576224996756,0.18374215320167245,3.2939430873016575,-2.0048024155435393,-2.0844286287269393
-0.008158803595999948,-0.01474549927888683,-0.0075932242960006025,-0.0029458308478117704,0.18633953309533088,3.283998091492266,-2.0251440073984566,-2.072028920867609
-0.008176752845440153,-0.01474703233613493,-0.007612934322006955,-0.002923761952914513,0.1894961789588818,3.278776958906004,-2.04658634092959,-2.0618484366528453
-0.00819644407250098,-0.014743674662668791,-0.007642441956734346,-0.00290549627108747,0.19385373315530388,3.2826056974734716,-2.07175945848141,-2.0554487504453363
-0.008212721670978971,-0.01474599276857769,-0.007658601422323731,-0.0028839650436992374,0.19653419612927553,3.275464616496471,-2.0909358772674076,-2.0447823001955547
-0.008225311619031273,-0.014756790567190932,-0.007656473955193456,-0.002856329579364856,0.19659932101314984,3.2519475079089344,-2.1025129220008014,-2.027369340321515
-0.008379405896464553,-0.014807158238691501,-0.007752433523391627,-0.002613335934330108,0.21314681635038626,3.11424095454173,-2.2657994406572377,-1.8881458630827817
-0.008365849295141172,-0.01479883664345843,-0.00775122038553922,-0.0026393668828581535,0.21281496423183563,3.134726964817741,-2.2538535617743336,-1.9046857245475066
-0.008243981480449816,-0.01476209181999961,-0.007670332399195842,-0.0028282488468540155,0.1990209481402259,3.23799637996863,-2.1232708280317483,-2.0121157327243746
-0.008350504354180884,-0.014797587107821229,-0.007735991337556962,-0.002659597585348742,0.21037313574218594,3.141950246186969,-2.236240349103132,-1.9155343159477656
-0.008260599592647777,-0.014766322127065842,-0.007683259783288462,-0.0028037235139275595,0.20114311412249355,3.2262675882897143,-2.141809895459941,-1.9988279017473218
-0.008275937850421192,-0.014767607979938225,-0.007699314981327728,-0.0027840704886217503,0.20376203341719573,3.2203339971374474,-2.1598867900382346,-1.9889518832892246
-0.008334322872083036,-0.014791729725650356,-0.007727335017556556,-0.0026859671324076695,0.20883619274686985,3.158095653160195,-2.219712326991559,-1.93110360508088
-0.008320673015102975,-0.014783310114193898,-0.007725640410148638,-0.0027121626969707105,0.20839016905127136,3.178324186795207,-2.2071734142306636,-1.947493739731908
-0.008289351548177759,-0.01477572057207034,-0.007701774296906285,-0.002758586349367385,0.20434212214860367,3.2012616535455862,-2.172776297976736,-1.9733205760118004
-0.008305232480296552,-0.014781823568147518,-0.007710239640820511,-0.0027324817331968797,0.20587958328234382,3.1853551213569893,-2.189287021916059,-1.958131508189502
-0.00839332805425067,-0.014814430473148621,-0.007755646663468701,-0.002588028799625113,0.21391495987257017,3.0955459789070665,-2.278493837691467,-1.872300840613656
-0.008408337087788062,-0.014820654224131515,-0.007761644970066665,-0.0025625152837298135,0.21497248707209268,3.0783282026917895,-2.292822089111766,-1.8566242103743396
-0.008423586546938052,-0.014826183069142981,-0.007768896932602131,-0.002537421759662338,0.21621221974836127,3.0621750729784707,-2.307631203698748,-1.8413165660116972
-0.00843902476650415,-0.014831039836261287,-0.007777313262419101,-0.002512764419360512,0.21760442220678697,3.047041731181384,-2.3228702725932084,-1.8263725944970666
-0.008512380427846387,-0.014833772799452444,-0.007850148141711808,-0.002415814103388722,0.22862577795950398,3.010694368201575,-2.4056901728793334,-1.7715672796897237
-0.008526963218210401,-0.014840596218804722,-0.00785333173152053,-0.002389720780043216,0.22919471576308528,2.991022298643364,-2.418125140812494,-1.7546323710621154
-0.00845465352465384,-0.014835212266264953,-0.007786922948613048,-0.0024885323661633448,0.2191536301088786,3.0329309536972566,-2.3385696776818965,-1.8117834703982851
-0.008500164996745153,-0.014842978145935104,-0.00782148402365852,-0.002422093827722627,0.2245035088965616,2.9989109507370806,-2.3861490216947296,-1.772384920101846
-0.008486287967220077,-0.01484107040158364,-0.007810293739128899,-0.002441961501405076,0.22277931029946996,3.008608823683233,-2.3714608305974916,-1.7841295121963736
-0.008470485236806402,-0.014838615796391407,-0.007797890980104934,-0.002464777552996549,0.22087876042678214,3.0199788016081044,-2.3548128137061464,-1.7975986723585808
-0.008710879129730677,-0.014893145816294423,-0.007938053758541773,-0.0020911984882653126,0.24211318081171726,2.792294022272333,-2.583469372837207,-1.561458001130086
-0.008679081540848765,-0.014883469407303023,-0.00792630030863224,-0.002143849938383829,0.24039333253882808,2.829463009081121,-2.55696218194872,-1.5964866596422562
-0.008694608570792132,-0.014888881767275519,-0.007930898475089888,-0.0021175287480721173,0.24105771882071478,2.8101630643353737,-2.569483065665192,-1.5788895196991453
-0.008546093010272454,-0.014864744860494767,-0.007830702436223398,-0.0023401353606194476,0.2262160143488818,2.936804272256491,-2.4244374848179433,-1.7191239288120344
-0.008650118158089583,-0.0148730699823517,-0.007917753746879592,-0.002193176917832757,0.2391116069180513,2.8656504485946943,-2.53331465581847,-1.629332953905107
-0.008664260796739818,-0.01487834246102998,-0.007921663315262095,-0.0021689180058872028,0.23968402662254637,2.8477105941455423,-2.544797427285047,-1.6131908924855705
-0.008638631201735393,-0.014882943745978174,-0.007889230682210294,-0.0021993642505141156,0.23503886843497349,2.8543439166782067,-2.5138037676185903,-1.630737124059555
-0.008624772553969698,-0.014882188535571269,-0.007877347450484976,-0.0022187401318412296,0.23328241835790284,2.8635578154271566,-2.499331718073065,-1.6426613860827433
-0.008609513989002787,-0.014880740156406386,-0.007865225303221602,-0.002240560346403167,0.2315120945737921,2.87462397684132,-2.4837498284992914,-1.6561449661973568
-0.008593546444452345,-0.014877797573497874,-0.00785489880324852,-0.0022646748363062915,0.22996680977958658,2.8885897827985048,-2.468310674340104,-1.6712896976983325
-0.008561817135292889,-0.014869464563954571,-0.007838213801910118,-0.002314800066085237,0.22740234062348766,2.920291151546397,-2.438872816041096,-1.703064821151852
-0.00857760040058853,-0.014873943737998182,-0.007846019389094084,-0.002289569627191365,0.22861605469055188,2.904005257366634,-2.453371283348315,-1.6870408991519545
-0.007147654406370046,-0.01433206274841822,-0.006635380099051761,-0.0043691487669677434,0.010623437812923197,3.6696184809156804,-0.7632159838680498,-2.5688771025409665
-0.007155286936222206,-0.014364293906718468,-0.006617472036711825,-0.004313622624856704,0.011598904884574962,3.622578855194206,-0.7903867791294332,-2.5410522530118986
-0.007499744839458192,-0.014534555684931274,-0.006972689125202215,-0.0038442044643767705,0.0774982071610734,3.554207926032022,-1.2319769255301651,-2.4319304812632225
-0.007472466897495863,-0.014527192030965558,-0.006940263115849206,-0.003874380645288725,0.0719123241185039,3.553408166447794,-1.1991715245175991,-2.4380289970205484
-0.007378175941799828,-0.014480938432020325,-0.006848835846269617,-0.004007048506464612,0.05486615942447635,3.582038172186762,-1.0790296555244103,-2.475502050056581
-0.007444338205429542,-0.014520673267662904,-0.006905304503622397,-0.0039033943296979535,0.0664807636643569,3.5499597627944084,-1.165862662520767,-2.442653713077407
-0.0074161048230337165,-0.014517802141510423,-0.006865844420643035,-0.003926474295886461,0.06057642874033425,3.539325888701644,-1.1339813055797574,-2.4430464757098083
-0.007389424003574475,-0.014506458699150007,-0.006837970507761725,-0.0039608979615429465,0.055555331067815364,3.543955185794706,-1.1010950068741012,-2.4514878303643557
-0.007349252898654054,-0.014476213660151593,-0.00680944600869763,-0.004032232389803864,0.04892589119123197,3.5723275105316765,-1.046040613437681,-2.4761697248218297
-0.00731585696995312,-0.014466464727592705,-0.006768295944970928,-0.004067281317730446,0.042014227788353085,3.5677697379282307,-1.006542684206419,-2.480439223653093
-0.007283545037945795,-0.014453471507324138,-0.006731785098709499,-0.004106057626928933,0.03580708091813491,3.5684940973695554,-0.966999262423689,-2.4872241926987986
-0.007231161914813553,-0.014417090621836898,-0.0066867808690055566,-0.004191633902357233,0.02615555048216998,3.593094051907111,-0.8953239529331649,-2.51109689053135
-0.007250162128274218,-0.014439551535827247,-0.0066940387984360545,-0.004146256539859673,0.02903565477494812,3.5689653868505933,-0.9260197129922635,-2.4938730109330716
-0.007179172564891166,-0.014381786489395679,-0.0066389759672500215,-0.00427411805568183,0.016186520312800604,3.6125702559172157,-0.8240930780565253,-2.5313715950260742
-0.0072046073353332594,-0.014409306097807058,-0.0066526439124104395,-0.00421774712522468,0.020463853652565336,3.5864796962282353,-0.8644816582580753,-2.5121468176928112
-0.005912137821815411,-0.01350096403163284,-0.004946588109173693,-0.005794938619046335,-0.23337448866950736,3.144817229549723,0.7147816269563806,-2.30260316147041
-0.005865510381672041,-0.013487670326023708,-0.004873573689003455,-0.005799816762523297,-0.23670884491014713,3.0955328083181377,0.7308066659259241,-2.2729745075065826
-0.005814575650512168,-0.013454534605836047,-0.004793107528272419,-0.005832682884756128,-0.2426943847355158,3.0491398389008073,0.7676998281066914,-2.2423630433727033
-0.005749317952922349,-0.013444868463984072,-0.0046936240039426695,-0.005823283563331438,-0.24452070791039285,2.979073234122254,0.776533668253994,-2.200858932291661
-0.0057021220934000486,-0.013428670540179167,-0.004621715376713364,-0.005829616932763908,-0.24732703368005296,2.932559958770465,0.79168590470032,-2.171954915989098
-0.006197912982584684,-0.013806471071032334,-0.0053708046518754085,-0.005377194694228467,-0.17717483091942318,3.297832637187312,0.33008099776501837,-2.416901535490522
-0.006151826268891416,-0.013780141918009572,-0.005302814088719803,-0.005412504950640441,-0.18456238426973368,3.2641813430750815,0.37078741104188945,-2.3964989228589686
-0.006105509747184279,-0.013741987152895558,-0.005236064835853815,-0.005465123548770045,-0.19283923812497045,3.2375008389821476,0.4226268964939997,-2.378896451566348
-0.006052530217832628,-0.013723222613165872,-0.005155393735928198,-0.005484410228266164,-0.1987531406867514,3.1890329347407156,0.4538006698349169,-2.349974007826772
-0.006024406185688867,-0.01369315534681374,-0.00511500938713639,-0.0055253831059831745,-0.2041953423253517,3.1754730045974293,0.49075481865089354,-2.3398707225582016
-0.005922257955687238,-0.013547444144186288,-0.004963156386700303,-0.00572563000280248,-0.22720213481228788,3.1353995809397683,0.6617984887078966,-2.30274879786255
-0.005940945608741283,-0.013588553589826647,-0.004991816555015574,-0.0056672135658714165,-0.22157223396234094,3.1370081151730527,0.6151421904782072,-2.308147249244191
-0.005987486942525029,-0.013683531772359283,-0.005058569341280329,-0.005531930763986857,-0.2074715428540945,3.1391300877542094,0.5068918768189756,-2.3183557792199476
-0.005952358037454937,-0.01365981209416356,-0.005006183389952409,-0.0055601079432951615,-0.2121692681493925,3.1128438233316342,0.5368716810850382,-2.301221644227972
-0.005928781209031514,-0.013627805889812345,-0.0049716708586136525,-0.00560319747505705,-0.21711210949564844,3.1032719133487543,0.5734186264903094,-2.2927532318226294
-0.005058952332343347,-0.012735777209362129,-0.003503581966938917,-0.006430289288587264,-0.2825072251243744,2.304328855070819,1.3205036234640553,-1.692041022126846
-0.00517214132714285,-0.012834044360312425,-0.003696370896211326,-0.006379810674710109,-0.28555982046271156,2.423645829852983,1.2747008635368047,-1.7794882493306983
-0.005110026349097413,-0.01280859892631196,-0.00360555766985399,-0.006373253437477149,-0.28221461064662173,2.3642898516079476,1.274932513356352,-1.7411869786890153
-0.005212069324124277,-0.012884578415317777,-0.003772360152787711,-0.006339739305482399,-0.28475682768798577,2.4681522764337998,1.241418644284144,-1.8151076220936402
-0.005238674806829495,-0.01295350800536546,-0.003838595613275339,-0.006266359231304408,-0.2817970211881824,2.5018034455354194,1.1846884554678818,-1.8479364336969848
-0.005388094768934935,-0.01309483757583966,-0.004094047806889853,-0.006160750567851473,-0.277458635897271,2.652450549146637,1.0890632486229646,-1.9597867114369338
-0.0052866181808046905,-0.013005699113417684,-0.0039236722147616065,-0.006225214049896565,-0.28031654174995824,2.551226822425129,1.1491824460915099,-1.8859203677226863
-0.005335467471207485,-0.013053239905163565,-0.004007537895418452,-0.006188842379114572,-0.27876946540783903,2.6003266079940555,1.1165672794876238,-1.9226215084868399
-0.005668797503844365,-0.013383080384795285,-0.004566408235400602,-0.005883605247456241,-0.25289486813991563,2.908807098326911,0.8378036187473848,-2.1522324138979605
-0.005660555742246047,-0.013440216496934871,-0.004562310536902114,-0.005797004340628064,-0.24618804008332562,2.8849237982900218,0.7773183976543108,-2.145724749941836
-0.005611730533284092,-0.013347112792776639,-0.00447718439267995,-0.005912504968206855,-0.25660118999704334,2.8559791530115834,0.8704203700755481,-2.1167765799277167
-0.005570842673831802,-0.013312735351294187,-0.004411547386354214,-0.005944426002128218,-0.2605196849634328,2.819804121308362,0.9012244130015328,-2.090920178889055
-0.005518552924314178,-0.013306738610702001,-0.00433608890381145,-0.005930022331240321,-0.26017419956019044,2.7670745574111835,0.9005182949099922,-2.059600919552896
-0.005387339598311242,-0.0131802588475835,-0.004121260293454728,-0.006044089209036084,-0.26944496902813336,2.650103106278781,1.0037960774140264,-1.9728538007799672
-0.005429902298933276,-0.013248840028425999,-0.004198910216375918,-0.005970692014824205,-0.26421352735105974,2.686359912576013,0.9445961288077193,-2.0043428603650466
-0.005464747292665351,-0.013294289321815065,-0.004258198356679079,-0.005923787406066536,-0.26020840889835234,2.7153650238374216,0.9053588378069757,-2.0277079816143133
-0.007109331518060551,-0.014329744530526965,-0.00657544515416386,-0.004390348373460037,0.002485503042057522,3.640911166576335,-0.7246017415178352,-2.5588331934064947
-0.007074761249104493,-0.01433907776580351,-0.006511421374365355,-0.004390319120279402,-0.005185595500395392,3.5967891901335034,-0.6978661123089678,-2.539134117370424
-0.007027112779348796,-0.014307717219374983,-0.0064618285341975995,-0.004460250491641351,-0.014675631416377266,3.604396185433201,-0.6336802190260965,-2.5502540965459572
-0.0070372415816629405,-0.01434546139304158,-0.006445905125172095,-0.004395658125346514,-0.01277442561971488,3.5551092400650317,-0.6678092781458097,-2.5208182027650303
-0.006607867788827999,-0.014058948506640271,-0.0059450600648896105,-0.004972386800940432,-0.10111292584955844,3.521836505038625,-0.10972429064456683,-2.5414414441904225
-0.006969236763088142,-0.014249547996954411,-0.006415455020652002,-0.004576385713774666,-0.026725955528475173,3.6402572793428303,-0.5406253240291158,-2.5780299914428415
-0.006939733015621673,-0.014237044055082325,-0.006376842097423888,-0.004606839270445311,-0.03300497129749052,3.6307730180736217,-0.5058901043889018,-2.576209325409519
-0.006980861797545913,-0.01427868138375253,-0.006410923160525071,-0.004524683094003505,-0.02420255434942302,3.6070167260245314,-0.5723675273021454,-2.557798229992702
-0.006998299858819536,-0.014301665086665721,-0.006420342423670458,-0.00448105345620321,-0.020454357060662,3.588041221801734,-0.6039121074700461,-2.5448107059418312
-0.00691434242523176,-0.014254485467192414,-0.006321857129484967,-0.0045864506613850315,-0.037500813958365804,3.5806517196108567,-0.49800424932372256,-2.5508366905586914
-0.006884008867703228,-0.014248201290790173,-0.0062773362843624855,-0.004606002857058284,-0.04358665816983171,3.5609120388492386,-0.4683567976674144,-2.543034784338339
-0.00667830913883356,-0.014119564009425935,-0.00602711072989857,-0.004863222503880647,-0.08592294871250651,3.524717276380557,-0.2101918307084056,-2.5396866690914774
-0.006741969212272868,-0.014158070497746639,-0.006107890907907774,-0.0047885723050958146,-0.07276208445454103,3.5423806908099738,-0.2875258246657129,-2.5453599449345963
-0.0067085550891596395,-0.0141410013575439,-0.006063816023479888,-0.004822932428397695,-0.07955298967246278,3.529650428672081,-0.24954004597006693,-2.5405613824582827
-0.006622352694813622,-0.014096143108286793,-0.005948794566112386,-0.004909598287433737,-0.09655384345755212,3.4933876748377557,-0.15327037965190585,-2.525238634485179
-0.0066389787852003165,-0.014138987224187015,-0.0059518531721753365,-0.004837694241245693,-0.09129405695494389,3.4597866829282684,-0.20193200889718235,-2.5057110209269418
-0.006848695835427007,-0.01423662280188939,-0.006228561477740198,-0.004634964823487213,-0.05056372146210573,3.5433928536154693,-0.4313803803670955,-2.53675379168564
-0.006813096744501599,-0.014222801917110645,-0.006180655705857206,-0.004666862135728066,-0.05763623142545437,3.5277828587610167,-0.3931338540051194,-2.5313195285434955
-0.006786039351641657,-0.014198706421729696,-0.006153211940645187,-0.004712591569314514,-0.06336148008496871,3.5335106185842333,-0.3535980351147283,-2.5369004638613264
-0.006748179993787836,-0.014195658000986653,-0.006093843988458126,-0.004726092300668412,-0.07007099624169362,3.4998982758864368,-0.3235549901684391,-2.5210692593081614
-0.0061997570878012265,-0.013859958589403629,-0.005360978952540052,-0.005292355137091409,-0.17148621967857422,3.25832039264744,0.27395453772383943,-2.3975801599050492
-0.006401411383507843,-0.013972337105096965,-0.005647457225987028,-0.0051243756231766704,-0.13806743655577589,3.3850453455752514,0.08361905401467501,-2.470525004042873
-0.00636102829696372,-0.013958172822465371,-0.005587768790159909,-0.005146652881551122,-0.1440991247044501,3.3536844785968865,0.11541775533275385,-2.4532999266146867
-0.006316234742427655,-0.013943044853994833,-0.005521439402729421,-0.005169397537589548,-0.15085493497865346,3.3180370505266663,0.14896661026339877,-2.4334915101216517
-0.006266976574801553,-0.013919639462457193,-0.005450686465329087,-0.005203903675805311,-0.1587475646479121,3.2841858542167546,0.19108556123683937,-2.414208848365029
-0.00621018631427321,-0.013914981336575356,-0.005362781057880294,-0.005207000553294246,-0.16475104397454454,3.2264747575725834,0.21597501418498347,-2.381826298699165
-0.0065717018046496005,-0.014058101900902257,-0.005886060717481018,-0.004977385431217951,-0.10706476088320448,3.482809216173767,-0.08756627475628316,-2.5213655814082423
-0.0065377855442840605,-0.014061189352899758,-0.005829249359356927,-0.004975299020767054,-0.11144553599254373,3.442429180178382,-0.07123360286096438,-2.5002077801296934
-0.0065048744880284465,-0.014044829391675829,-0.005783763905340773,-0.005004152648161126,-0.11786766849919285,3.424522705252081,-0.03782212815802503,-2.4912439939544275
-0.006458989421652765,-0.014023800348998434,-0.005719115333548612,-0.005040374085567703,-0.12602547154489055,3.396793960873715,0.0059358258514457815,-2.4768441718188297
-0.006409488236191999,-0.014021286759617077,-0.005640853181726539,-0.005045789385808756,-0.1327313905617973,3.3461923232748085,0.03272882894331001,-2.4496668212471397
-0.013207800226679578,-0.005580271854141679,0.006100832035360249,0.004400645282327398,0.5759447452836342,3.1798116813112363,-0.320523065458157,-2.333676740810669
-0.013407541988417213,-0.005758163598338891,0.005883580293714454,0.004703512382786713,0.5560528725698982,3.2635949591996076,-0.07015091766300928,-2.388524721243034
-0.013376616925230227,-0.005725712487680107,0.005917165273339503,0.00465056564339576,0.5592407479227205,3.2476192451350476,-0.11225075716615482,-2.3790311797159345
-0.013451236151261288,-0.0057500806828471125,0.005814997557270778,0.004696278964431402,0.5443418637216006,3.2201153771114663,-0.03960070409961573,-2.3657069450657087
-0.013340506302346037,-0.005668346172128565,0.005947017208445917,0.004559417416381086,0.5599538247661957,3.2037634822607837,-0.17010569381414295,-2.353726027181417
-0.01336999969892494,-0.005686323124338931,0.005910945897320931,0.004590995220634358,0.5542074512784017,3.204731407647715,-0.13734166546112922,-2.3552996252812863
-0.013312453820580172,-0.005638718080414796,0.005975413919075782,0.00451062023271576,0.5605030289254557,3.1867451739531685,-0.20680499544809447,-2.3431430506282607
-0.013268345844097668,-0.005632321777137431,0.006037202513868064,0.0044916843407872,0.5707709612491642,3.2077093405728196,-0.24724592322456126,-2.352657837730494
-0.01325101983409943,-0.005594927299033874,0.006045156659210481,0.004433063966180196,0.5679256645004265,3.1721683056032055,-0.2772803794694562,-2.331946599420645
-0.013492740157554757,-0.005776099182034509,0.005762240173174587,0.004738786317703325,0.5374536760108867,3.2176848264756273,0.006905321387666796,-2.3648725887303885
-0.01353949319612914,-0.005810899132878491,0.005703662430007034,0.004793593812525165,0.5304981064790343,3.21910843437391,0.06204008995013371,-2.3656678142258083
-0.01357936133273752,-0.005841126811917862,0.005653055025421142,0.0048399777575708625,0.5244654646680144,3.2192880678705222,0.10928031620783021,-2.3652862680131634
-0.01362600327808538,-0.00584180221318413,0.00558326156887827,0.0048408703172785434,0.5133495268813492,3.180219785867233,0.1425285005169634,-2.343769758536013
-0.013198747264493911,-0.005530036454291237,0.0060892640738869006,0.004325992544717051,0.5685923312062875,3.1222108902364885,-0.3457554287896034,-2.3010299776077687
-0.013016659378145454,-0.0054290155924624035,0.006291745701698122,0.004121432480315518,0.5896000398323654,3.084270067233991,-0.5376911343835385,-2.264663606939098
-0.012948368242413385,-0.0053032883258297536,0.006311585210107938,0.0039218533132022735,0.5762358028525006,2.953692476107381,-0.6211909487434202,-2.183158397090649
-0.012993551076793486,-0.005364550670584669,0.006286514326076484,0.00402356387397642,0.5807141833353135,3.0125975376217125,-0.5710362618295447,-2.2216369303482026
-0.013077068926418132,-0.005447842997656687,0.006218218980861784,0.0041708122275140235,0.5799163242927433,3.081439254328576,-0.4778698237991427,-2.2686680199949367
-0.013127187234093472,-0.005479121792777376,0.006164716405995392,0.004231942410396992,0.575271359538072,3.0965623155057593,-0.4249397425527208,-2.281199605710024
-0.013184115726968619,-0.005471482857998491,0.006081117647332362,0.004239113045460915,0.5611436580893864,3.0593996849611647,-0.3767809225028098,-2.2645106808026196
-0.012822915934106444,-0.005201858582426916,0.006413410266988007,0.0037291995000504033,0.5767678120137748,2.865310318951094,-0.7426212338060773,-2.117997644997607
-0.01287096894826352,-0.005227324850686641,0.006367447594812602,0.0037861334141048196,0.5740118029663649,2.884513792528777,-0.6981536338796459,-2.1346906503054233
-0.012988566789136992,-0.0052437085487002585,0.0062247305069094505,0.003861093999549574,0.5557640696702478,2.8719440313094275,-0.5926163142920037,-2.1401071677464873
-0.012924633309969333,-0.005224779699735305,0.00629667341897068,0.0038083626600996907,0.5637791786232803,2.8680978965944877,-0.6503659626949608,-2.1313577057257302
-0.012808928064863766,-0.005140019381172232,0.00639252153774435,0.0036437213658988177,0.5650851792086713,2.7963445767063337,-0.7564804421293837,-2.076464506718176
-0.012703306860069832,-0.005073562145014806,0.006480131131620394,0.0035034937499592105,0.5665491903462888,2.735720346931434,-0.8483876651000887,-2.0275005121348815
-0.012607178775439055,-0.0049839067248617615,0.0065348317567234795,0.0033388685474410643,0.5583916576399407,2.6425760571248578,-0.9247073154066553,-1.9603175075300268
-0.012673218340048087,-0.00501134250514925,0.006475455368689309,0.0034112868802727903,0.5554993263625009,2.6694365046955473,-0.8704803154506229,-1.9850428431287774
-0.012782686225109585,-0.005069436994504957,0.00638100547840443,0.0035427548051961953,0.552978148892417,2.7220215390728444,-0.7790287977984303,-2.0298779391012847
-0.012451980417135041,-0.004808936217346636,0.006588930224717745,0.0030405055369751442,0.5333181588076044,2.456478717664733,-1.027258933428801,-1.8287127314779477
-0.01235261188382368,-0.00476073476912098,0.006660193844675782,0.002919077365626146,0.5301497937784867,2.3972453753521132,-1.0962818502001577,-1.7784333412675788
-0.012286608527076507,-0.004686556077050078,0.006674203473562445,0.002794290559528623,0.5165958175626114,2.3157121926727684,-1.1292659216052519,-1.7202005298613814
-0.012228832586232604,-0.0046242632504709,0.00668608838935484,0.0026890364131899173,0.504884346605947,2.247174589085684,-1.155838843338987,-1.6705872285324814
-0.012069433059410096,-0.004512058400908357,0.006752630239390842,0.0024581542948282713,0.48431047596834886,2.108742793190181,-1.2362124242859,-1.5620534294555453
-0.012160923265897324,-0.004566146818128987,0.006708511738748196,0.0025809368214270395,0.494008379733023,2.1800494581293752,-1.1884134022796744,-1.6198797450416167
-0.012549642313546872,-0.004807969971081474,0.006482345999908407,0.0031039515189845404,0.5228341449852781,2.4629217504228476,-0.9489495326838854,-1.8466565983680299
-0.012586922131557385,-0.004895285310185053,0.006498790030600619,0.003224390985032289,0.5392464202306514,2.5502072640752336,-0.9309347411820318,-1.90369510777198
-0.009884822790614685,0.0035448372115248444,0.006896187600667182,1.0606920189637838E-4,0.14846954629340106,0.2792431878993528,1.5454398129217035,-0.00984537920553784
-0.011240858769798075,0.004042858275475677,0.006978377946874142,-0.0013653607350190414,0.3591338106637956,1.398206267546251,1.5133013251763894,-0.981278362508081
-0.011112093239523363,0.003995456723494053,0.0070046355756776795,-0.0012148489371777177,0.33973764252755184,1.295174689623158,1.5438411113819883,-0.8924060105119606
-0.010036239182132709,0.0036051048259152885,0.006945896299017256,-3.821031097240704E-5,0.17041775774952617,0.4004044044932565,1.575279726302104,-0.11494872431181125
-0.010138693399681452,0.003710389002749922,0.007026949660774872,-1.4367869632938624E-4,0.19190243649620464,0.5006124356994044,1.6319363926426882,-0.18891611094089902
-0.010872146271617837,0.003976946025080211,0.007091862623428973,-9.627747235250036E-4,0.31403541200289403,1.1284251623086112,1.6271086865140751,-0.733131600983591
-0.011004706456002253,0.003897949119525675,0.006973515376838613,-0.0010650745531991075,0.31321803559748856,1.1793175245266319,1.5330953127848035,-0.8040004678786016
-0.010638886674488025,0.0038831957837899378,0.00708897225376686,-6.890051203744655E-4,0.2730057344841645,0.9251881446467786,1.6442414945104034,-0.5592797193581837
-0.010755541350148825,0.0039048404677167145,0.007072194573241877,-8.166249765704153E-4,0.2894895039357695,1.0164983894336659,1.6232325186689815,-0.6424460193983479
-0.010291873518729781,0.0037438461552364234,0.007040818109971246,-3.0279862944012514E-4,0.2140337350044175,0.6227729241176682,1.632535749295075,-0.29915015505171955
-0.010428869550795758,0.003781008014624923,0.007051064623715636,-4.4826915582016694E-4,0.23543718537336047,0.7354072815834424,1.6311692059825407,-0.40008937573803627
-0.010552756118744136,0.0037837383987883223,0.007027945553950089,-5.754273525193637E-4,0.24947150960445416,0.825472191943258,1.6055045856165688,-0.4869736251464988
-0.009450188210192702,-0.0032843434203008743,0.006652409826627022,-4.5934415339584153E-4,0.09210379611585344,-0.04908480695568979,-1.3764469744434698,0.26135927427332234
-0.00964419675701796,-0.003458715587041108,0.0068088763257350155,-3.2126585180910925E-4,0.11740182977032833,0.09557335549508095,-1.4915607967673632,0.15157570964182845
-0.009813396049540034,-0.0035445889073382527,0.006891631984736256,-1.737090970093048E-4,0.13961082162959665,0.22830935649556539,-1.5463971433818196,0.038394930183906086
-0.009971759252776127,-0.00358088856841187,0.006926820132887477,-2.3941468287185403E-5,0.1610677809002394,0.34850275545995263,-1.5639276319057605,-0.06990700177210986
-0.01102558624504554,-0.004073391633060819,0.007110050452336535,0.0011629402243873296,0.34681648863859843,1.2797574031919041,-1.6246462114148879,-0.8549760518248897
-0.011138063730736648,-0.004022658976292314,0.007014373067625492,0.0012537443630226076,0.3472411104792405,1.3252634050860796,-1.5483062023448346,-0.9141419815687515
-0.010152300000284912,-0.003624630113150203,0.0069569651487696735,1.522132869266157E-4,0.18619649711625416,0.48862399051099464,-1.5772600050370285,-0.1961699048120352
-0.010529586131280636,-0.0038743483447317784,0.007108833011714696,5.720950470126603E-4,0.2591618441831591,0.841561971816199,-1.6672877702112585,-0.4800685085961845
-0.010424848536254321,-0.0037881828678801607,0.007057702443471941,4.455062518501065E-4,0.23515290050464263,0.7345395025933183,-1.6366023938290761,-0.39761594689699037
-0.010297776148162045,-0.0037017748489343023,0.007005727522730462,3.034842020124074E-4,0.21030105063405344,0.6147366245672864,-1.6053812041831714,-0.30147033149911645
-0.01075052039974202,-0.003944802761840787,0.007107602143523301,8.242736315799781E-4,0.29546584495476597,1.0294468982709493,-1.648801887716933,-0.64470033147051
-0.010655767774294169,-0.0038440404302096526,0.007051577785829388,6.956739929503222E-4,0.2691343787501024,0.9210838453391812,-1.6154501262667254,-0.5651930621559006
-0.010942351174979489,-0.003975995781454991,0.007063591362714008,0.0010349265260775758,0.3208824911390869,1.1758688877009436,-1.6005837783383108,-0.7800335154954731
-0.010864203465752037,-0.0038895408727562175,0.007022041403775395,9.221466932456277E-4,0.29864026720282494,1.083518560411522,-1.578445232959435,-0.7119697355494682
-0.011640539744305333,-0.004264181116428186,0.006907524320288262,0.001883843694754887,0.4266620415533842,1.7509312270574695,-1.4141258749755752,-1.2706231476823948
-0.011548775082760535,-0.004182015919113648,0.006905625005253146,0.0017423757824096434,0.40476984055912624,1.6512180792794358,-1.427718347274576,-1.1952976109363187
-0.01124386813118117,-0.00400063332218273,0.006942789462793311,0.0013460170182937568,0.35080099452309216,1.3774115590521667,-1.4898308825630817,-0.9720949045422386
-0.011435960885808097,-0.004102225786770796,0.0069144564162625845,0.0015862368144665252,0.38232246558613786,1.5431186247037179,-1.4490927483236136,-1.1094830855938314
-0.011350181233781051,-0.003989950480797511,0.006876503888960459,0.0014405127808724567,0.35553111765410866,1.4314700181124407,-1.4354217309951258,-1.0293391339431537
-0.009838392111049865,0.00335546825039172,0.006753135587480198,1.3784236819558817E-4,0.13150189163059903,0.2180256051606909,1.432534478117246,0.012340308197009613
-0.009721720384969193,0.0031547009093998886,0.0066058009315869744,2.192680534621805E-4,0.11200228556891265,0.11669654046886922,1.3167574235085528,0.07705377576128643
-0.009429381673579637,-0.0030258361929100244,0.006481599205308921,-4.248069403089285E-4,0.0830351364472145,-0.07248061738439897,-1.2323132682968148,0.24304423574711181
-0.0073873320876998,-0.0020449274396257804,0.005228416018615741,-0.0010307631450248778,0.010029670326886732,-0.8735268806522914,-0.5024290100883303,0.9898738977637969
-0.0077616812724448404,-0.002258141110419441,0.00549082765521218,-0.0010299557052215553,0.012443171825530867,-0.790444976563609,-0.6317714111446214,0.908130962358297
-0.009033816110348904,-0.0029236974451128167,0.0063229357586826315,-6.774865233668887E-4,0.05413794265854754,-0.30208805129750144,-1.1349175246500767,0.45791840526601396
-0.009279869273225482,-0.002804020915198368,0.0063217945496156025,-4.828084258725166E-4,0.06794578578379412,-0.16407525387717523,-1.105537133057621,0.30443716200806564
-0.008124662184115517,-0.0024583469582651796,0.005741839118433906,-9.885571823757752E-4,0.017274533998526683,-0.6877428833522905,-0.769655278690332,0.8091384948789287
-0.008453564117213878,-0.0026977595657824514,0.005991724906590483,-9.401700170745626E-4,0.024710773461888602,-0.5775033560359012,-0.9286353864693757,0.7133729517708439
-0.008798047825023246,-0.0027926209665881854,0.006174380144588518,-7.833078677226805E-4,0.03970079015425864,-0.4208026509779215,-1.0349509202456846,0.5611554498606998
-0.007380496652968277,-0.0015809641591559792,0.0051236966343649265,-7.807071369243788E-4,0.013477702765483707,-0.8283574035223163,-0.38376542494138594,0.922040661323286
-0.009629152924658858,0.002861461850690049,0.0064144200413715205,2.564516541652196E-4,0.09298219253899338,0.036989495751339065,1.1578172174352257,0.11201432357420235
-0.009379770396446573,0.002713663773897121,0.0062935498728425325,3.9966446203651293E-4,0.07358928796630036,-0.1100194044087756,1.069656839744263,0.23955427574600305
-0.009172998395856698,0.0025611941229144474,0.006171424117975167,4.924373184035335E-4,0.05846179109185256,-0.2200976265319853,0.9789583518830666,0.33335798580297865
-0.007106855182066354,0.0014225444326586882,0.004949056451401943,7.478611615244898E-4,0.013320485177417978,-0.8813601071789022,0.31329646024929375,0.9809665031433097
-0.007516357074786722,0.0016085272778174667,0.005199426384051581,7.649485731157008E-4,0.015466439142300583,-0.7951282737786496,0.4089298199579853,0.886844562224615
-0.007353091484627452,-0.001031938769082784,0.005023975223969537,-5.037606190391376E-4,0.01701638549654935,-0.7980274224996933,-0.24667830646505015,0.8760365054640288
-0.007041072109694526,8.620660393987041E-4,0.004844574692740245,4.5269444720944587E-4,0.01643976491504392,-0.8622819743891855,0.1843240314980725,0.9507711804188045
-0.007027782590047734,-4.099151693532101E-4,0.00480686804248263,-2.1451212592790052E-4,0.016925841887128496,-0.849221242750285,-0.08754464375932337,0.9314851557324288
-0.007017382848372282,2.6357646699673643E-4,0.004796531636734159,1.3791999923938155E-4,0.01686842159608007,-0.8484432627713466,0.05565740567118422,0.929568901102677
-0.008947023272685367,0.0023789496608838953,0.006027831359899836,5.668742716983972E-4,0.04612191168679572,-0.32736147711912095,0.8731542733788858,0.42449965998357725
-0.008722902813226175,0.002194045168118067,0.005883521528039164,6.16852944768698E-4,0.036234293854432144,-0.42013215471066806,0.768631866954605,0.5053073717589283
-0.007910415386412246,0.00152153358657451,0.005369152258706212,6.306046905853485E-4,0.01981408444425567,-0.6745227620659023,0.4329568089244373,0.7456751164597061
-0.00848332749258223,0.0020007359678507635,0.005731598346967122,6.481066565681741E-4,0.029491656998061656,-0.5069977932175328,0.6637199844661968,0.5844804360107901
-0.008205368164650622,0.0017681101991393877,0.005554364713105804,6.541763370693771E-4,0.023477120024812368,-0.5941074221623858,0.5474094999349858,0.6659337550350662
-0.012000989496487422,-0.004412988488042872,0.006738966423926645,0.002315285457218846,0.4626507009797825,2.0077669247628673,-1.2482419332857846,-1.4915639895815695
-0.011755520426722657,-0.004232270404457269,0.006799109870459002,0.001963534374145409,0.42163569685724306,1.7814937269706326,-1.3324043462864898,-1.3136013143042933
-0.011830596696274443,-0.004320060066220417,0.00680865895277482,0.002095579125757162,0.4423593899361908,1.8744605644695815,-1.3229485163531438,-1.3815043281605632
-0.01194434001909813,-0.004315125785894142,0.006714037470652239,0.0021873173145237276,0.44053182196092405,1.9143442230426386,-1.2493272806018305,-1.4270782563173758
-0.015304364575738716,0.01738771940916984,-0.002722265180395073,-0.0018848520726765488,0.0014456844119732043,-0.9143863341381591,0.3528351729270022,1.032851177713415
-0.01547480889666972,0.016926589194859003,-0.0027754731968133825,-0.0021444490262112,0.0121016347456024,-0.9955822196318502,0.29006789617003176,1.1292551875298724
-0.015370924711170533,0.01792055617012912,-0.0025020442682704203,-0.001608205511053567,-0.010392369439185688,-0.8164025031257786,0.35486433802842676,0.9126785627935429
-0.015343525950636755,0.0192604762176051,-0.0020343294495216093,-0.001039084930285679,-0.04129554917481006,-0.6153522000205877,0.36520939087706944,0.6765460184235849
-0.015566953004906929,0.018585946765478832,-0.002183447864287111,-0.0013059354626265163,-0.024856059996579843,-0.7078663168037468,0.3329653242588156,0.7813194417798665
-0.015619487848608338,0.022606745234442047,-8.050638354786844E-4,-1.946731655205779E-4,-0.15597355370329133,-0.26383650768648576,0.3096475416579921,0.28240453748216293
-0.016831295095168813,0.025,0,0,-0.29564868267602507,0.0016147097192399104,0.22217131110066238,0.003702205130771609
-0.01624210380424081,0.02377771352067319,-3.600497135784663E-4,-5.391813029323703E-5,-0.2183681071047661,-0.14632523984160606,0.2693437971495454,0.15629789872844035
-0.015688149147326007,0.019963006184892093,-0.0016734910163463638,-8.043402223370436E-4,-0.05996556275391749,-0.5312853142050553,0.3210677632059072,0.5761762109340306
-0.016102047964163656,0.020774364620958122,-0.0012948390769845946,-5.712819259993419E-4,-0.0831997820040986,-0.4432597627285369,0.2818530977917922,0.47512472211540197
-0.016500304179766844,0.021761051771069736,-9.108465917005286E-4,-3.412202243022399E-4,-0.11718106601656474,-0.34443369953369846,0.25503428126067224,0.36560070750240564
-0.01560448897395789,0.01612035447041384,-0.0029143212064032674,-0.002651784443500536,0.030614264199223192,-1.1486202884265542,0.17712979117293567,1.3191859906443228
-0.015619534286867274,0.015743398466104494,-0.002986611110908716,-0.002917889313917603,0.040824256904544186,-1.22548966828337,0.11451124559361212,1.42144467459415
-0.015800613201510046,0.016549657424609718,-0.002681841901942841,-0.0023482728546618797,0.020427990833983903,-1.039768794222648,0.18540402156808866,1.1783747312736021
-0.0159945379277091,0.01623924166954724,-0.0026298546694074605,-0.0025175217470995446,0.02957802400342898,-1.071372175823732,0.10608337794918425,1.2188918802665636
-0.015601936895296582,0.015020578067783997,-0.0031119102355411576,-0.003488002191401711,0.060569498539240825,-1.3838800279018424,-0.038768903109361964,1.634514827105202
-0.01583154365280554,0.014744810884225842,-0.0029401063045030513,-0.003644829974455223,0.06626848693041519,-1.375270664159973,-0.172975679751546,1.6259380967736714
-0.015977226263879925,0.014458745670232184,-0.0028196336533645606,-0.003823378680151861,0.07185557969036764,-1.3750978788511394,-0.2937001126669219,1.633379734443167
-0.01577056690306878,0.01541965039066885,-0.002929029053371696,-0.003129550003606597,0.04759469691071466,-1.2642586119760624,0.014492542034607269,1.4690302188177853
-0.016090020530905438,0.01416033722177574,-0.00270590758975623,-0.0040155518951933795,0.07932280311732608,-1.372060859224846,-0.41759608400332565,1.6418679179052182
-0.016143765682718598,0.013831984934268366,-0.002614396293897516,-0.004254024768839331,0.08645016195700099,-1.3775047407604728,-0.5508494485043239,1.66516354302856
-0.016281884864178774,0.013496503941699108,-0.002429003922594915,-0.004437604494508369,0.09253864817189415,-1.3314103462077929,-0.7004157394286983,1.6259668836195071
-0.016328786710470104,0.012719995934708257,-0.0021115826961016116,-0.004991008400277955,0.11059615940600694,-1.2498976331425486,-1.0534498976985274,1.5959279287801136
-0.016338931597618962,0.013191745856971457,-0.0022928318392627894,-0.004632797340223428,0.09857649855102761,-1.2969469265175393,-0.8341635064319785,1.6054762295071427
-0.016343716898924075,0.01291212780289426,-0.0021842722726511626,-0.004838354581521208,0.10526768283384931,-1.270135231389096,-0.9616205981912035,1.599274679223871
-0.016351326187928845,0.012155444129624897,-0.0017927567862882688,-0.0053579594619685205,0.12080884646473246,-1.1169036370545902,-1.3232711896382219,1.497125169504473
-0.016396962376728826,0.012399215461231182,-0.0019027416706960253,-0.005154630238613583,0.11420048842151793,-1.1592558436344598,-1.197644253314081,1.5146120059025792
-0.01641394593131392,0.01259098365644012,-0.00199004969312347,-0.005009163280705901,0.10921113889836839,-1.1909531180495279,-1.1044207169228792,1.5307527706438082
-0.01656778706854875,0.01202052187825132,-0.0015805564740428847,-0.005225334785193973,0.1129457655566538,-0.989366391784533,-1.330025323384113,1.3325545006441863
-0.01646753268740912,0.011845891255520522,-0.0015262128133398806,-0.005424501248817379,0.1186102301617454,-0.9696747151861823,-1.4343634113737624,1.3446512341514485
-0.01645421820415194,0.011677839185431652,-0.0014183060659891113,-0.005528635868458237,0.12368847314639321,-0.9138696142322892,-1.5115298665461656,1.2991059395353972
-0.016404996458315693,0.011529691537795162,-0.0013355884409976242,-0.0056578810800883336,0.12774551728462966,-0.8683748495670354,-1.5934293258357846,1.2746086588570569
-0.01642905136276719,0.011364736861694438,-0.001198909405864833,-0.0057077052864704875,0.1277405720746707,-0.7882466128267844,-1.6500243093552796,1.1952101834278255
-0.016382450655670622,0.011207622097209637,-0.0010931328092232873,-0.005829285341266096,0.13248254928253134,-0.7258815839542826,-1.7328256504211883,1.152996934634526
-0.01648915251740698,0.011083609414526529,-9.520194844622536E-4,-0.005749117636546742,0.12590323634329031,-0.6307518460656688,-1.7262534371247056,1.0361085707312803
-0.01647213710632258,0.010900469286777322,-8.064138430944995E-4,-0.005829192891034305,0.12943564603528343,-0.5385662690043599,-1.7928695766117746,0.9534390561691638
-0.01650469448176782,0.010716912424703146,-6.42161629375125E-4,-0.005838257019893346,0.12650506807442088,-0.4298359650557559,-1.8265412244209258,0.8401676191785795
-0.016159330048391308,0.010007528198385884,-1.647063632611673E-5,-0.006379832460047857,0.15054513238624992,0.001775632051033587,-2.178378902818277,0.5265302298524747
-0.015946434146751804,0.00888344869063846,0.0011840586845895962,-0.006402723613400121,0.16344685629924663,0.8789959764000336,-2.2084607935303313,-0.3079697040352041
-0.01604185219290882,0.009783353377617432,2.243174884626077E-4,-0.006534655128008416,0.15928943119068992,0.1752242577259059,-2.2796494487146948,0.39408074943533583
-0.01617259527702199,0.009853766164425034,1.3975426721827614E-4,-0.006355443995513744,0.1496558577816007,0.11455680860695515,-2.177904100283108,0.4078432559670227
-0.01598411954348096,0.009010506302190236,0.0010418259587621737,-0.006408972580675603,0.16038595287529803,0.7752368321020079,-2.2187568253579433,-0.21066678714848355
-0.016002568515041754,0.009148935623262548,8.96226652044692E-4,-0.006438661062246823,0.15903960884767687,0.6700205545392497,-2.240600921318599,-0.10435167863907825
-0.01595993598588552,0.009270061348186358,7.869199580683245E-4,-0.006541215158946188,0.1644272567213594,0.5911596113996418,-2.2998411897444226,-0.003831803889913479
-0.01599917185547375,0.009396293548980127,6.423846765606732E-4,-0.006523225103171707,0.15919859081463897,0.48406028388881034,-2.2891284593991306,0.09311423057917245
-0.016036706929658973,0.009639482350471918,3.7792969794747097E-4,-0.006522654496492538,0.15811637369596174,0.28793904169204126,-2.2814460073819482,0.2806785299933361
-0.015984703145122584,0.009524894831872152,5.100955885809152E-4,-0.0065755586315658894,0.16367405974566027,0.3872098330825041,-2.315703198601533,0.19965120146146087
-0.016281839891254875,0.010151277682677186,-1.573575993271918E-4,-0.006208660337086397,0.14233936211096607,-0.09946306176665465,-2.075325549144562,0.5843498051816035
-0.0165298909552623,0.010506401095755088,-4.564389130664381E-4,-0.005849044639152668,0.1258791088461114,-0.30245177200728307,-1.8607528902030204,0.7118712633578612
-0.016466725067131437,0.01028955817908628,-2.732506665538694E-4,-0.005956401232166096,0.12888622695767116,-0.1784572937362634,-1.9367838817059568,0.6073108128986576
-0.016014787881330053,0.008782623654649201,0.0012463757962285823,-0.006261704360483894,0.15779614116244756,0.9177624469321071,-2.124906436245554,-0.3783316656373701
-0.015792555039455272,0.00846229606997024,0.0016716579014139,-0.006366610019347424,0.17556165488893447,1.2318166613543715,-2.1470632264882195,-0.6344585266371779
-0.01571563923730087,0.008350588879265196,0.001826824458295393,-0.006388976960194977,0.18366999459931346,1.3461850960710573,-2.142532147144772,-0.7289705401788217
-0.01572153384366331,0.008221824862149538,0.0019354248367932775,-0.006286411055640248,0.18288319979511233,1.4140877200134898,-2.0667208184679997,-0.812733152105093
-0.015662485776290435,0.0080941624983387,0.002089460042195373,-0.006259465950892995,0.19025742430327303,1.519303440641698,-2.0280708955119633,-0.9101700899669869
-0.01564345930902597,0.007954516810429508,0.0022177868208412966,-0.006166446482979209,0.19218758991509688,1.5972232179278374,-1.95201640811655,-0.9988205155490367
-0.016004932313402827,0.00865292362624938,0.0013699958019507,-0.00620658139014884,0.15775714080162442,1.0034943769861402,-2.083490745951204,-0.46971994100916264
-0.015958229947771786,0.00848978769266117,0.0015417484241593844,-0.0061718262278752205,0.16229705756734683,1.124186976687245,-2.0474704363088914,-0.5862420173682034
-0.01546915605625571,0.007801409836564445,0.002492258199826587,-0.006232692478914143,0.21205161627967334,1.7986640878117617,-1.943100918708696,-1.1508956159965373
-0.01541410993312579,0.007664093245349057,0.002646602211890062,-0.006162029514639093,0.21977598312208624,1.893279124266179,-1.8694061312736072,-1.2450118726559871
-0.015600924627222904,0.007824207644284263,0.0023541784132413055,-0.006102482300009094,0.19704633695591459,1.6824518787453524,-1.8898580951887676,-1.08502760716599
-0.015359451631864756,0.007522051927408358,0.0027995243642884656,-0.006077531379374355,0.22664182307039638,1.9810276521719283,-1.785545561706316,-1.3350936176809687
-0.015300696171489346,0.007399286049209969,0.0029401345552167685,-0.006009145202944645,0.23529062519717533,2.060569228516913,-1.7126432384931067,-1.4135210721852642
-0.01527770568754315,0.007144757739344649,0.003109054407199392,-0.005755545615968949,0.24072637780106781,2.116218824958278,-1.518745525821833,-1.50684381960251
-0.015309844349665841,0.007273943920599466,0.003004274008470505,-0.005865625695349378,0.23485289681535224,2.0737976680146724,-1.6104008267297674,-1.452453087195172
-0.015109850024697922,0.007051511822825468,0.003345507497533915,-0.005799336113372917,0.2626130975119824,2.2756682098539294,-1.4840759403877557,-1.6223908148515258
-0.015198800808290122,0.007066975953064011,0.0032360248365573474,-0.005739342539527237,0.25167612044243354,2.192413192095645,-1.4771061108560213,-1.5689957604554132
-0.015058305118347371,0.006968694718267082,0.003444750212537723,-0.00574589777993256,0.2696957972115026,2.323552659896324,-1.425534911634845,-1.6687476802782932
-0.014983525855616893,0.006909013573176838,0.0035609308150078164,-0.005735389303273784,0.28174409065664835,2.39409568205213,-1.386740166659242,-1.7234485783987297
-0.015273887144167279,0.007030744045119414,0.003170048195693006,-0.0056341952271972435,0.24209786036805775,2.1256107354631015,-1.432669720322004,-1.5360512724724684
-0.014933362155351456,0.0068150324280726576,0.0036600298903138695,-0.005659618271192663,0.2888436694109468,2.4328368123526976,-1.3130933488412804,-1.7653918331769505
-0.014864093444116516,0.00670022477016913,0.0037873195403939713,-0.005567657731293152,0.2996496091018989,2.4813602829035375,-1.2209008175154585,-1.8160934262410449
-0.014782109238185685,0.006593869200934846,0.0039238806782902905,-0.005488839686829806,0.31258194014056473,2.53742662806928,-1.1328324554618672,-1.8688626508238129
-0.014346662509384576,0.005988109221425439,0.004582816596012074,-0.0049122419441216605,0.37443395484662556,2.6773251206458775,-0.5948320508874935,-2.0324146713972984
-0.014735111112041198,0.006485249222313417,0.004012441406163136,-0.005379426358967603,0.31965674168488395,2.5506003073139305,-1.0423037434610365,-1.8938867281086242
-0.014606152940310854,0.006334455770402179,0.0042100351806347615,-0.005256739263876598,0.33892314965615994,2.617752798146516,-0.9086333855165182,-1.9573294968586128
-0.014697286248196587,0.006379763986537147,0.004083806560855413,-0.005266482816138971,0.3229906471562364,2.5506416024314906,-0.9562891818842807,-1.9084037373558693
-0.014551528274961208,0.006213685897437769,0.00429866711230844,-0.005126251495912966,0.34499331932085914,2.6163342188780203,-0.8074456536341897,-1.9706747571929792
-0.014424611107062309,0.006027755035190871,0.004479565489968141,-0.004936856416685883,0.3616846433392524,2.6334888260167237,-0.6457678533536749,-2.001064927971218
-0.01450658397655769,0.006097420695469247,0.0043686331518285075,-0.004995348881314281,0.34948724547523446,2.600367870464028,-0.714643702333566,-1.9729275206294543
-0.011384831237152272,0.004013500376686768,0.006875105620812248,-0.0014857463013047433,0.3621025730584654,1.463297093433789,1.4304241037328609,-1.0552343538622546
-0.011519264751969032,0.003989032126965778,0.0067760949696707125,-0.001592280845523674,0.3636548566255411,1.519388943606266,1.353286979044159,-1.1174179260308061
-0.011621263478110024,0.004052836065197,0.006758399494094007,-0.0017214138181501292,0.38099432147407347,1.6054834810797336,1.329997066026728,-1.187674674605508
-0.011725015254194095,0.004129703767437956,0.00674428292433047,-0.001862873788538635,0.3991065101006385,1.7003411314797405,1.3072864532408237,-1.2620219196314342
-0.011801989962504594,0.004206461219408785,0.006745036856876735,-0.001984024270959396,0.41645389818177536,1.782726246635071,1.2939386388255387,-1.324589995324001
-0.01191301256594468,0.004251515326543156,0.006692707653734393,-0.0021108167387230326,0.4266628142179911,1.857170818985861,1.2446665958821803,-1.3886260245748738
-0.012035415204182328,0.00428628035197892,0.006618272413688182,-0.00223582021798392,0.434316119983335,1.923619297276016,1.182012571069057,-1.448871965283332
-0.013238399393673297,0.0049764514237624295,0.005782420633410365,-0.0036183288052551873,0.4662439271199977,2.5372080694099606,0.4339521217628663,-1.9582674991715974
-0.012978816221153072,0.004906749579103133,0.006054860359909732,-0.0034426503412764687,0.4909985150399568,2.53128478476053,0.6240544576556099,-1.935937115070579
-0.01279499236124454,0.004837708600621894,0.0062278161266600025,-0.003277469760759169,0.5012862334625301,2.488355264993112,0.7612022389368907,-1.8921880865001033
-0.012711161514911841,0.004792796279936875,0.00629515348204803,-0.0031829246291335124,0.5010137538854216,2.4508674071249703,0.8209538041148124,-1.8604142015866814
-0.01289965266354025,0.004822508038507912,0.006101073076625815,-0.003311047215907768,0.48490754876171066,2.4654180792744906,0.6825874100508323,-1.8887858781185136
-0.013121625180314895,0.004900535824182942,0.0058855752724828615,-0.0034908488485303067,0.4706274309457904,2.499468990428678,0.5218811903248642,-1.9277301084457616
-0.012225330750473527,0.0044061349134168195,0.006536095423189138,-0.002481599280430544,0.4543556423550142,2.0658754976864273,1.096235705144091,-1.5642348879269152
-0.012141290378681693,0.00432956776431654,0.0065583533270939945,-0.0023526304611730907,0.4403218727475084,1.9864875496470165,1.1286950023240172,-1.5035268052622326
-0.012518138276906036,0.004572201060727573,0.006363912690444528,-0.002836894525915005,0.47273479409087876,2.2489152198658036,0.9329211070272355,-1.714906831078305
-0.012426289933051497,0.004532323160464725,0.006430064902692121,-0.002738920648723581,0.47098737780570593,2.20518097279346,0.9894846693503839,-1.6765089629106573
-0.012404707596923583,0.004436150228949817,0.006389383064272581,-0.00263211510010562,0.4523297583447409,2.1249645402642403,0.9837954169240677,-1.625164578932417
-0.012331902032875448,0.004386782672848503,0.006425868849767387,-0.002538101035905156,0.44477241886706176,2.0744696402158573,1.0208950819087503,-1.5845927952818308
-0.012684320961724295,0.004696787675730808,0.006267204178426058,-0.0030636060367473196,0.4840434250948778,2.36505133234704,0.8313104685923972,-1.805636509243126
-0.012676930276994148,0.004599623617591174,0.006217986799534077,-0.0029572318629216597,0.4660559897238354,2.2819871013991384,0.8258961551954579,-1.753429957784143
-0.012614816674172694,0.004529079862288398,0.00624035120282138,-0.0028504225863637887,0.4570888128611848,2.222214836083925,0.8589501715857956,-1.7103291637073161
-0.013530986779800202,0.005155702719350799,0.005497124657755858,-0.003901927996662589,0.447820771832677,2.589663759404498,0.20764360721893624,-2.0038155770783184
-0.013460525933564931,0.0050623950763223355,0.005550386592658926,-0.003775974564733765,0.4457635394906994,2.5401190105993723,0.27362463871079495,-1.9709208120265271
-0.013362373611910304,0.004972994807859308,0.005634153528752101,-0.003647662189280681,0.4480595953384027,2.5000668913559525,0.3523512598445998,-1.9420111601712544
-0.014216643294380476,0.00588930044088146,0.004753932990440656,-0.004820072782119573,0.39251381386380785,2.723373516212192,-0.4842661541307035,-2.069537388184825
-0.01431256263916368,0.005924820381882251,0.00462785993522676,-0.004839920085335033,0.37639668251230324,2.668702316511386,-0.5419646490729637,-2.031940253320574
-0.014215915060881124,0.005788608693504386,0.004749665257416895,-0.004687650685233031,0.38694957830234034,2.659662043444796,-0.42274954693049205,-2.0362058400353615
-0.014150062193669738,0.005723571194848279,0.004830528100531895,-0.004617011844446613,0.3953989359484331,2.6656895405400345,-0.35832930478073494,-2.043870033873238
-0.014059324835621615,0.005652605887821116,0.004941075797091123,-0.004539880976408235,0.40631678309166247,2.6809937195523212,-0.27970660440319633,-2.0569916263746424
-0.013975039145419355,0.0055694642826016865,0.005038538978588498,-0.004441789494786879,0.41507628508097055,2.677864299598679,-0.19831747145076165,-2.058502053202837
-0.013598380701341523,0.005241944213786844,0.005441353761435582,-0.0040183420919429405,0.44594210191770456,2.6317921667836255,0.14191859319546188,-2.0312405295195117
-0.013650269444682403,0.00532811421068123,0.005402017886638435,-0.0041323697634270936,0.449285393366684,2.6776920461462654,0.08274088197529951,-2.060031396190183
-0.01362731298619523,0.005150237069549607,0.00537745753208537,-0.003908335267699322,0.4321862351208267,2.5453964655976873,0.15089346973129578,-1.9789016397379964
-0.013822103174878936,0.005449188656061796,0.005212725528363209,-0.004294105224092757,0.4313684020914787,2.6816789764435387,-0.06337241467904163,-2.0631274724367437
-0.013749463734619452,0.0053631156332392595,0.005284926856423614,-0.004183040490616689,0.43396227940676463,2.6546411769114737,0.011408276781673827,-2.0471358968655866
-0.013950183337410185,0.0054466898783022116,0.005048874852830746,-0.004286362339040916,0.4092292887050775,2.60503818776918,-0.13000960795290514,-2.0168468708604084
0.006364669656551331,-0.01431347066933692,0.0054430874742329265,-0.004606038039175733,-0.1154625778003283,3.0257366211603345,0.18467712561035532,-2.267902923912231
0.006403370112023067,-0.014373225323654391,0.005469179116551441,-0.004515941094179105,-0.1073148611801615,3.0009277129285317,0.24538798918442875,-2.251282405609414
0.008977778049804245,-0.01561649955546455,0.006923595848809483,-0.0012501388831460591,0.12811145849477443,1.6563904493154735,2.2574252390511766,-0.9190484705758902
0.00890108106735182,-0.015572037546797063,0.00694939922836233,-0.0013609265355778255,0.13047285078842386,1.7487337291869138,2.242986073510126,-0.9946550561224531
0.00877484041910102,-0.015569518906044308,0.006878170720865775,-0.0015025864125141452,0.12331615156943856,1.8273001298550675,2.1659348588424443,-1.0840909675028958
0.008831238563277104,-0.015591933815589033,0.006878959447857176,-0.0014273072975529888,0.12299914603588272,1.7715990445899732,2.187057059715736,-1.0345403409272766
0.008579687999993832,-0.015499545795626327,0.006850008103927058,-0.0017587811205347374,0.11812745086669908,2.004411923081847,2.0758298484658333,-1.24642884145147
0.008643644125618358,-0.015544582609095865,0.006829302060974316,-0.0016597385821588743,0.11720727125409973,1.9238614915501502,2.0949513294025977,-1.1818444316191103
0.008706085410550499,-0.015594145976810664,0.006798504790523724,-0.0015608060490501744,0.11567994829195631,1.8391606641206757,2.1066348198753073,-1.116273726894421
0.00843185009728765,-0.015468483923581335,0.006783269620307328,-0.0019345652209456913,0.11015771122311237,2.105181500090978,1.9849720605631627,-1.350130331493704
0.00849216870534617,-0.015535553891091541,0.00673463001318043,-0.0018226469796801894,0.10740643581914266,2.0046029221447133,1.9950156776997738,-1.2765749104527748
0.00834710679014586,-0.015514513727883943,0.006652480275852932,-0.001981661191168018,0.09795536395974917,2.085420222602678,1.9010373894804748,-1.3662708005354778
0.008261701843452705,-0.015533115943419532,0.00655884538512602,-0.0020472238979666055,0.08884639516174536,2.09404161603224,1.831511749140431,-1.3954795221832703
0.006448160481521821,-0.01442998288552106,0.005502947200232669,-0.004428971100666368,-0.09930804177141439,2.981016633403098,0.3061187716553957,-2.236800499767131
0.006497841380048161,-0.014469649230135532,0.00555089198811501,-0.004364413274797517,-0.09095650383901106,2.9785344324870433,0.3579426297371394,-2.2323545341583153
0.006522620059585355,-0.014530589938742546,0.005549937958418995,-0.004274646161666695,-0.08531765377067757,2.9355816684217384,0.4081140526664308,-2.2042535031296544
0.006577245484739914,-0.014607624142111787,0.0055775827055580115,-0.004156773336798106,-0.07589879339777396,2.8946179298059236,0.4816334517335921,-2.1749127674455817
0.006641088777498753,-0.014691226814265232,0.005608908513794953,-0.004027713350982447,-0.06544971132898963,2.848389099414461,0.5614030274978328,-2.140565939771346
0.006702773537176802,-0.01477386124523878,0.005633149522402282,-0.003900638447283867,-0.056450204642514094,2.7973683214124683,0.6357553351291142,-2.1026892216282334
0.00678005938173043,-0.014820888474459882,0.005698997117093257,-0.0038136873705262716,-0.04527380292569136,2.7869297059097393,0.7034803551647635,-2.0888300415799774
0.008042842834990188,-0.015405032703352944,0.00653541142703195,-0.002355113401438067,0.08034825281355683,2.2968296953790244,1.7114322050646018,-1.5699182528876467
0.008137441159726517,-0.015417793222730071,0.006604912946820032,-0.0022595012557051187,0.08847463735033069,2.260572985805665,1.7808254758549886,-1.5244471227352367
0.008184488659298874,-0.015494096353432692,0.0065459767649187145,-0.002150283993180296,0.08598235204629827,2.160339340485572,1.7900636832315766,-1.4542984800487286
0.007963439091435345,-0.01540559498817495,0.006460646990122011,-0.002422378377211331,0.0720392545293,2.3106960172409337,1.6492994081861316,-1.5973698160899024
0.007982986499292815,-0.01545888079425507,0.006412786202912748,-0.0023565700959624117,0.07082266082173641,2.2457017028790354,1.649815028356323,-1.5546132803403716
0.007918973376002792,-0.015366683780373737,0.006466387573144082,-0.0024964535786179093,0.07172243723057604,2.3630945203539344,1.6240612726342079,-1.6390638453121809
0.007772066192424331,-0.015289241047445803,0.006413174613016444,-0.0026917647565711574,0.06111282789622074,2.469106882404376,1.5215005946285673,-1.735734954329873
0.007844661112685907,-0.015351689143115058,0.006411872332371464,-0.002571678521008157,0.06327447628748177,2.3896589620519406,1.5680259430195476,-1.6721540530144754
0.007625742643092948,-0.015224130540575332,0.006333957303236499,-0.0028703522483827936,0.048480215409345356,2.5490370813672403,1.4098725815106476,-1.8147151986897256
0.007669179791169237,-0.015306355836773129,0.006286830452481003,-0.0027515182273158273,0.04820672298562206,2.4514472056264043,1.4369879875767682,-1.7467012689604295
0.007393116160405658,-0.015123241766196846,0.006182520246860546,-0.0031402185861647836,0.02515598280955882,2.6466894248350132,1.2234521095634407,-1.917715612751074
0.007539483797942015,-0.01521009726615351,0.00625530295416158,-0.0029463889055132146,0.038954075362375946,2.5607185682986895,1.3410445697914515,-1.8384228447613389
0.007462266086534636,-0.015172219374833582,0.006210071802393499,-0.0030401938611251465,0.03134911275797378,2.598072090608211,1.2800181627572533,-1.8754356935657135
0.007255244668037845,-0.015079517757013987,0.0060652785068680375,-0.003273510433391854,0.010130612394735066,2.6703307733405457,1.1115242640753975,-1.9548324088344506
0.007306197917683735,-0.015148756738067586,0.006056667439413598,-0.0031635893128186044,0.014174566032425428,2.600930344423641,1.1574659908551725,-1.903124402347993
0.006982026404454197,-0.014968417960331106,0.005835977564932883,-0.003546578792633512,-0.02111889766961959,2.713637936772515,0.8882013533662086,-2.0196711237797307
0.007076457749060743,-0.015023721329274936,0.005903300800619554,-0.0034347793696444737,-0.010463837822278025,2.684580866600872,0.9686238183331319,-1.9892079747711675
0.007165737987485994,-0.015064218431566783,0.0059736696174866105,-0.00334077482843727,-8.924547183155016E-4,2.6655105110757074,1.0413821172681752,-1.9649876944225422
0.006822927995121621,-0.014897588061286177,0.005695196950553088,-0.0037006209674503494,-0.04019509883541003,2.7258982844554045,0.7592985293319557,-2.045047623011634
0.00688560580529138,-0.014961194835755063,0.005723332798123357,-0.0035968071605375768,-0.031017206301524814,2.6852132931124317,0.8196850433948194,-2.012480045887181
0.0069066374414499705,-0.015034169672937787,0.005690180516593194,-0.0034995722828201287,-0.029132327076017712,2.617588895906821,0.8530559293363119,-1.9664795670962056
0.00898571778317394,-0.01570138181949112,0.006800194374368125,-0.001197907152303719,0.11754421824239195,1.5730864718066513,2.2028000031868467,-0.8788124312481822
0.010599394139722594,-0.016026367077734978,0.006497570602621777,6.469541295265672E-4,0.09753444898537998,0.12929047051779213,2.2682794625649705,0.43628779121744277
0.010494337381889585,-0.015976708444088057,0.006592596756671123,5.470986846549134E-4,0.10324622551150497,0.22330578982656357,2.3197514272250603,0.3655585899746015
0.01036540787579883,-0.01592506057834319,0.006691897220185753,4.1556953714832595E-4,0.11051801593150268,0.3433867301039148,2.3714097250862225,0.2712805081163401
0.010208475874058438,-0.0159250104607754,0.006711010486569845,2.404544218406383E-4,0.1121044130183024,0.47673475392758524,2.373017652334959,0.14221953532479048
0.009972031950414875,-0.015904649359354157,0.006748947876316503,-2.5368150898902343E-5,0.11527848306983847,0.6836747929749195,2.3734333148664706,-0.05276735446303125
0.010064861757667739,-0.01597333167168645,0.0066466044425870065,7.856562656020722E-5,0.10769021785990729,0.5784487378527384,2.326025667306379,0.022290239852921858
0.009732661397314855,-0.015853465211415303,0.006807634072550958,-3.0279820853725274E-4,0.11952177192724474,0.9075131334389394,2.37407661007121,-0.254593511927717
0.009836347361648875,-0.015947397843693673,0.006677533378871903,-1.7533200346368357E-4,0.10975601432948646,0.774249616837777,2.3182767652466585,-0.1622267979337854
0.00958330698817651,-0.015875118347205994,0.00674922871991938,-4.6885295508399487E-4,0.11504461884859839,1.0135077108180293,2.3184248965326364,-0.3733079721464651
0.00942897572234613,-0.015854593914503525,0.006742897705757313,-6.466749883939438E-4,0.11475430582909672,1.143814158818022,2.2862012450910556,-0.49857217800067133
0.009272220900814821,-0.015866204883556195,0.006676987008682599,-8.15614248440894E-4,0.10962136930462885,1.2479633394528238,2.2197032179227025,-0.6137698955587
0.009065591649629348,-0.015783490329303887,0.0067168143729603455,-0.0010722386934590023,0.1119540030145849,1.4507779559936238,2.187165013546101,-0.7904035234650132
0.009136674445541176,-0.015899982453669307,0.0065779211501916296,-9.477181123247182E-4,0.10205171263636399,1.3137176477846177,2.1407007461175724,-0.7008559425435722
0.019341675902850103,-0.014963504206310934,9.987990955752576E-4,0.0021415061181393586,0.07070966635660735,-0.6288829879130019,-0.36393939470617526,0.6918341096265807
0.020076750191914045,-0.014809379015267252,7.50285762878826E-4,0.001902633554875673,0.08395761829196714,-0.5312045241390746,-0.3745706329104966,0.5808818266450976
0.020673622875967617,-0.014512668795280325,5.711284705175895E-4,0.0017449452431391183,0.09645685935118997,-0.45351168473574954,-0.39269167704536556,0.4957150202229713
0.02165318793108969,-0.014659960348644772,3.5314935383603125E-4,0.001321217342034411,0.12351460541481621,-0.3573698436642658,-0.36221827388527666,0.3869328822735048
0.022791765804286785,-0.015396352174050144,1.6663400936243997E-4,7.754656734393398E-4,0.17089639662918377,-0.2567418776812272,-0.30855141493625643,0.2746038077775208
0.02388320570970066,-0.01612405060899962,4.541375081090348E-5,3.3826381202857486E-4,0.229032133752606,-0.14295519549499655,-0.2698863547439561,0.15317237003859152
0.025,-0.016831295095168744,0,0,0.2978151216428743,-0.0031676432491970804,-0.22244622235681688,0.007745624718204548
0.018032373561918096,-0.015214500369860919,0.001553010219282676,0.0025374588367000034,0.054126990497437986,-0.8330855733785526,-0.3054739367480565,0.9293315225564583
0.018573251527674778,-0.015057085262156027,0.0013035851301280762,0.002404458134875914,0.059965002826205864,-0.7454728654600338,-0.3466886383536765,0.8268100401620009
0.019158720644351424,-0.01559597734423946,0.0010791754915033447,0.0019767700596719563,0.06338103238454228,-0.6515527002017122,-0.28438482336700716,0.7115685384561372
0.01781859491484357,-0.015652397002093685,0.0016542889236232379,0.002397917533338812,0.04684848813272114,-0.8494292007250802,-0.22310659260951615,0.9442179180656648
0.01705803916811321,-0.015369555760698705,0.0020709586334536063,0.0027959836927390356,0.04683168834882944,-1.0065667151259172,-0.20903503488470007,1.1381232640039929
0.016561546951463068,-0.015548511100033366,0.0023650017001637723,0.0028371444534609287,0.04275129420877111,-1.08486677625598,-0.11105802801256502,1.2341368969672082
0.016107597485963496,-0.01563701193633731,0.0026564671338651616,0.0028950221139999234,0.04174099585923266,-1.158527990539282,-0.015283752697148692,1.3288313638931284
0.01739179101775251,-0.015808094417665886,0.0018650402125748747,0.0024490407431390936,0.04155270844411741,-0.9091530821691602,-0.16331994252225712,1.0143543024389663
0.0159128198105066,-0.01603303473601491,0.0027241056326878193,0.002665554304214232,0.032458435562625905,-1.121231179522727,0.09347972334202938,1.2814658505840224
0.014983101172404284,-0.015641694198466588,0.0035082085971287545,0.0030822763469443293,0.04777864650606062,-1.353056259383032,0.2879980849072053,1.6048837010716854
0.014689403676628006,-0.015694652895065338,0.0037384635616318153,0.003056375392569998,0.04726462981657729,-1.3779104584702975,0.4056298788313876,1.6463726507535734
0.014551627208080306,-0.015925713822890965,0.0037684418966150933,0.0028640674948197903,0.0397063224897737,-1.3169564413761325,0.4846294665230091,1.5725045223759844
0.015255791832057417,-0.015884431360417815,0.003225462053765256,0.002862777802504804,0.03678066044315619,-1.2505045897048712,0.2384641966830431,1.4574206014233022
0.015543602100513546,-0.016069569623251588,0.0029688792550206923,0.0026947912941621714,0.03276625052361802,-1.1673494498377235,0.18533047057286894,1.345742831954482
0.01429623810708328,-0.016016950709544085,0.003939006969595372,0.0027776746027836333,0.040131910339444854,-1.3023359629362974,0.5942244015258048,1.5681472619790722
0.014014455759609265,-0.016103402567860175,0.004127312667814541,0.0026768227967342057,0.038347212196312326,-1.2765511371913079,0.7168520070262883,1.55326518210061
0.013746720311943674,-0.016159845409802077,0.004313602768629316,0.0025849554300508833,0.0390664446753101,-1.2475741711616397,0.8362088877813426,1.5376014980842359
0.012778588042981525,-0.015961766101385208,0.005259897126224474,0.0024252071943075457,0.05934729302557972,-1.166180248202702,1.370865908059555,1.577603086713361
0.012967651605846859,-0.016115063790418833,0.00497736365856872,0.0023837501739841786,0.04874018694208641,-1.1559644917414624,1.229566408672911,1.5174642515730496
0.013515111674752412,-0.01623961143904923,0.0044501093148197855,0.002466930714429295,0.03691330304750761,-1.199807803545063,0.9382604030700695,1.495255311138531
0.013156369057926016,-0.016227425296703037,0.004741414673564707,0.002366701833888513,0.04136594277716951,-1.1516858071232638,1.112394158022312,1.477702698444788
0.013330205368355275,-0.016304742090235164,0.004551229324674473,0.002363718484344837,0.037220938688739956,-1.152733294339503,1.0163133638225426,1.4518575512524077
0.01255310597677015,-0.016093265292896272,0.005323855295044936,0.002204479490552497,0.05730306796564157,-1.0450329356437722,1.4561722886244288,1.4490000950301194
0.012349156822236227,-0.016151439848584,0.005421750297394687,0.002045925297036467,0.0561894398203796,-0.9498501427430815,1.5425330650554177,1.3566842601611395
0.01215851607451907,-0.016186835081323774,0.005521166321762464,0.0019039568623494126,0.058046721341226744,-0.8593826552878205,1.6240515935058035,1.2735380578649371
0.012001955170723985,-0.01615847138265427,0.005656422886581259,0.0018192194636386353,0.06285623434714083,-0.795133829083473,1.7113241400305472,1.2270684242259624
0.011854131007572741,-0.016234052791394123,0.005669032739004726,0.0016674188929673066,0.0598202120136224,-0.7013606151039739,1.742580193761613,1.1250529266270133
0.011671577386232828,-0.016288461815405116,0.0057149410808745955,0.0015028004163514087,0.06059912545148113,-0.5927711995058864,1.7908524529446408,1.01504194615403
0.011486865475967887,-0.016312221695417305,0.005785043832973058,0.001349078880242477,0.06217381618663526,-0.4854478283097649,1.8464391814503929,0.9125824112254906
0.010664017753504883,-0.016133149883898495,0.006332549823569234,6.85616412359247E-4,0.08859005643326144,0.063782781160981,2.1776290545389174,0.4606092071863029
0.010834071233017982,-0.016108682110741,0.006315981294299383,8.598490603942282E-4,0.08745351236171915,-0.061477723332793825,2.1653158983155767,0.5863079553115657
0.011015232652441673,-0.0161105592498715,0.006247948358968012,0.0010332716688946362,0.08322375821175922,-0.19528085272632154,2.121618681347311,0.710040706590163
0.011130922267224988,-0.016226181650334685,0.0060523458482713436,0.0010925150528767514,0.07377447239928638,-0.2717345997607284,2.011286416124674,0.7420180655455754
0.011303882424328997,-0.016298457815956964,0.005888483500005555,0.0012086759904101115,0.065581365058812,-0.37785027448128666,1.9151206282527793,0.8190380981071909
0.004159931218495402,-0.011593584217956811,0.0017681488473662071,-0.006857330308682294,-0.17886436726381852,1.1844637334524883,-1.6259262928830331,-0.793174309739287
0.004255123299076112,-0.011761876592834179,0.001985570410569574,-0.006810687935710643,-0.19786447004504124,1.333297749656803,-1.5999184959529709,-0.920645383470143
0.004176074049389286,-0.01170211116875571,0.0018755575122092975,-0.006794381053879197,-0.18952352869645922,1.2592275632314731,-1.5848340653907398,-0.8666618634653295
0.004284255786582153,-0.011877379343290615,0.002106409877979871,-0.006743912735325145,-0.2083668311769297,1.4154419262867435,-1.5556982088354523,-0.9982343703715028
0.004351339897822448,-0.011973591357118982,0.0022402905500492416,-0.006715393078711505,-0.21787482892976184,1.5043479513883666,-1.538473165088915,-1.0717082079581006
0.004405095237555927,-0.012040521709473992,0.002339811173556051,-0.006697990708896394,-0.224847542339418,1.569775266848013,-1.5276404293356225,-1.124089414605164
0.004476891840846974,-0.012167235555622897,0.0025025056443582247,-0.006637044966312411,-0.2358814082057508,1.6753644698724866,-1.486230909711914,-1.214331098039019
0.004408760883667563,-0.012110387101773132,0.002397739795795674,-0.006639700535046105,-0.229013518505128,1.6079763638332456,-1.4873568663782801,-1.1640027726463742
0.004552209036521876,-0.012309049253570396,0.0026775693540820916,-0.006556326593594272,-0.24546927628350537,1.7869340541157717,-1.4297684042076435,-1.3104418249389012
0.004462899137075532,-0.01225931734182334,0.0025574652886458955,-0.0065423784397055165,-0.23710475468814937,1.7108659443078285,-1.42003841903391,-1.258099207044106
0.004558325859095087,-0.012397097614425541,0.0027442561089620655,-0.006474602329636703,-0.24710754242476957,1.8280372587655833,-1.3726039900706242,-1.3542409413945566
0.004626574997371019,-0.012471011952153211,0.002861382574965813,-0.006445170764699803,-0.2525318315769863,1.9004573504804585,-1.3509281790716066,-1.4111739990600205
0.00465586749373177,-0.012569889391994205,0.0029533373821662764,-0.006361910131251996,-0.25423015340572824,1.9549352787084902,-1.2919369757882047,-1.4630250185530775
0.005015457362052937,-0.013129470818696781,0.0036286146309851826,-0.005929213094556888,-0.25628250779448997,2.3282460442242514,-0.9698093095508414,-1.7759199841675652
0.005003331350960859,-0.013029372867254425,0.003576661169955697,-0.006043695925271438,-0.26096233593268847,2.3100343083062307,-1.0489908050076766,-1.7507583340716744
0.004864049351892175,-0.012816989022517917,0.003317566158502322,-0.006216874434196198,-0.2637065832604167,2.169896839603917,-1.1808348671974398,-1.6333590379179466
0.0049312373124417086,-0.012970071899141969,0.003466512800775141,-0.006076771024155835,-0.26113524578917274,2.247263636919694,-1.078469495731852,-1.7042371594443944
0.004894829564992916,-0.012897580283317051,0.003391843001511494,-0.006141567423012375,-0.26202410443863594,2.2086997260734793,-1.1261965634310627,-1.669989592985497
0.00475564361245559,-0.012703542200498456,0.0031369540709889287,-0.0062800270314004375,-0.2591277875583888,2.063749941106298,-1.231031960805334,-1.551504343073776
0.004680026945799129,-0.012649828602686247,0.0030254763828385105,-0.0062926590210323555,-0.2550171116459426,1.9962738739612766,-1.2431923617182359,-1.5025988354653759
0.004768746865640317,-0.012798285152889954,0.0032011527400783064,-0.00618359286125579,-0.25748524430090486,2.096513069682343,-1.163598608866061,-1.5877961891907721
0.006284155065571287,-0.014318713165319805,0.005325860791832532,-0.004605957188668962,-0.12290462059954722,2.9567252907926336,0.14975388913494622,-2.2296568602795905
0.006173329344939404,-0.014245842560921018,0.0051990636590256295,-0.004715000992707251,-0.13841923225292285,2.9278019232999175,0.049776649483738084,-2.2152651836098634
0.006198949558352136,-0.01431710950665004,0.005207095247926854,-0.004614130070922313,-0.13073851297726544,2.891700693442853,0.11089927536421078,-2.1930997534528758
0.006087697304237317,-0.014230467321326356,0.0050847279197800835,-0.004737846679137681,-0.1461226820609056,2.8705329957942882,0.00588441932660571,-2.182498977527667
0.006006230199459613,-0.014173518912234864,0.004989468317658406,-0.0048156785864804106,-0.15716912202508518,2.8452187681411654,-0.06382648972392531,-2.1677769643889504
0.0059006511493991725,-0.014147287430079548,0.004851763206956562,-0.00484649960624457,-0.16473742625453144,2.7778282007325363,-0.11533090182516766,-2.127731157106623
0.005101963001455641,-0.013200937028568142,0.00375798329878438,-0.005882396891293554,-0.25540929054593775,2.3988557275687996,-0.9289683685113782,-1.8277128407234662
0.005178624524583609,-0.013248043336664253,0.0038678334054393845,-0.005857992570749732,-0.25451817239045155,2.4608317178227854,-0.9023404395514302,-1.8709186936727307
0.0052688319993546605,-0.013372324424716878,0.004014171014089487,-0.005737249017748845,-0.2471878359909563,2.5277731577038725,-0.8081399469301146,-1.926180307430765
0.005195309437423295,-0.013330500452611433,0.003910557919280703,-0.005760950426344233,-0.2495972943118477,2.47022267624219,-0.8348965407530601,-1.8864235380786845
0.005280938610628663,-0.013460262239633015,0.004046722723062884,-0.005628686062261057,-0.24015292609259073,2.5265592161089105,-0.7341541103328205,-1.934431184798642
0.00539414451002238,-0.013569344710372896,0.004209249585835246,-0.005525802319092167,-0.23160757222166173,2.6003786756989737,-0.6476861875673378,-1.989803341320368
0.0053126291192490726,-0.013534925994544944,0.00409898817674638,-0.005543739423085419,-0.23370405378098308,2.5397515417636054,-0.6739588682623188,-1.9496343883592206
0.005394057450791851,-0.013656612308930095,0.00421663104334066,-0.0054117258869690295,-0.22368056358311733,2.578980705188243,-0.5751878647194814,-1.9836114711159472
0.005443429991435193,-0.013708742619604555,0.004283822319478516,-0.005357422685009282,-0.21860633397582127,2.6046538650115187,-0.5314211226663175,-2.0033513182410516
0.005521936257190282,-0.01374482087448058,0.0043883524147977,-0.005330165276075668,-0.21496124092780863,2.6586737545544987,-0.4981540666359651,-2.038841455555506
0.005532106962101962,-0.013819149714022358,0.004400991522105338,-0.00523404527191481,-0.2073285471994353,2.640343268181237,-0.43700289584403434,-2.0322170157493002
0.005800094486087437,-0.014122009066432354,0.004722036153357719,-0.004872970392202,-0.17185404618977254,2.7136786517974865,-0.1601479273900658,-2.0887630686548504
0.005627086215724046,-0.013918469834219935,0.004521302953478249,-0.005121413216916971,-0.19621908168180655,2.6778471522870095,-0.34750762791365136,-2.060339685502928
0.005555459229829059,-0.013889031594524436,0.004428667242100333,-0.005146962617415746,-0.2014769983038413,2.6327668691135915,-0.3799656666551191,-2.0312495847847627
0.005641106466648933,-0.013994452914600006,0.004531892813994963,-0.005023211562238995,-0.19046181532639286,2.655288174306254,-0.2874918200821753,-2.049453889990367
0.0056955302884817,-0.01402843974437895,0.004599360962210526,-0.00498597934555159,-0.18311798975349408,2.681783596415153,-0.25209164635115283,-2.066926419152521
0.005719795895312357,-0.01408807250500634,0.00462194090488959,-0.004910123936136506,-0.17838566974559797,2.6709274728162664,-0.20319421067972346,-2.0617063055402207
-0.0034972460726452877,-0.009458932611331931,4.957198812535264E-4,-0.00680509490322112,0.049088096856760625,-0.45288508793954035,1.4386868409470919,0.7264609447162864
-0.003338965662704942,-0.00934527153223162,5.586397969768315E-4,-0.006666715346449289,0.04330711958499506,-0.504616983386348,1.3283933897014497,0.7493399407630438
-0.003449558965780134,-0.009653975391783214,3.1121848059475436E-4,-0.006803410868266249,0.025591004804221173,-0.32628762981890624,1.4454725498035799,0.5849730438136683
-0.0036530393425660344,-0.009917467418106216,7.94109640266343E-5,-0.006982377385990972,0.014708497708202928,-0.15336766782243583,1.6003545808870945,0.45090873710295126
-0.003543134467133792,-0.009798918292204065,1.8748555258884384E-4,-0.006889250952819839,0.019498981998420664,-0.23468769563432065,1.5205342271627753,0.5096958704736679
-0.003643330496476231,-0.010046325572815127,-4.8368511670621476E-5,-0.006975790592542648,-9.374709454722978E-4,-0.06173455868644727,1.6034846371256744,0.3539486768883153
-0.003744331957219397,-0.01014921606391313,-1.5613052384241173E-4,-0.007053881086696732,-0.006770726747309935,0.017976688842459527,1.6724950261740792,0.2957203378037278
-0.0038101865049912603,-0.010276290883356024,-2.940035833363614E-4,-0.007097672341415416,-0.0190420770063561,0.11903597697763312,1.716083145527872,0.20851842524321249
-0.0037467465101803325,-0.01037631218213669,-3.8872939088251904E-4,-0.00703122799427507,-0.03581950482122867,0.1882884011780955,1.6715158963550698,0.12180729741390132
-0.0037018167690178612,-0.010473053386011774,-4.777593337005859E-4,-0.006977904791484072,-0.04972682311793602,0.25415555196048834,1.6354393486119612,0.04313861953762633
-0.0039197557987949725,-0.010715819927901308,-7.79647570319097E-4,-0.007096784299577581,-0.0739792143431744,0.47375434305914405,1.749271762796974,-0.12736542372015777
-0.0037745200403594757,-0.01054733366037894,-5.673702950503299E-4,-0.007021103485303204,-0.055607804032548135,0.3205409327243682,1.6760623302621498,-0.006879815901938933
-0.003852323321448486,-0.010626388443099667,-6.673084957503243E-4,-0.00706586029763919,-0.06425642560888987,0.39234055336112345,1.7177702097492362,-0.06146016484002293
-0.0031068289043553873,-0.009368351690411402,4.8761855249347333E-4,-0.0065191759023208945,0.02318625677414866,-0.466126120343839,1.2132194839167079,0.6703539903135062
-0.002997579872668723,-0.009139473980509329,6.272452986914945E-4,-0.006396113971432375,0.030862818536721497,-0.572351807415607,1.1167328172530502,0.766489232365795
-0.0027779557652529117,-0.008622967239917664,8.804453350504787E-4,-0.006100434837369683,0.043224067502676905,-0.7680361831992618,0.9091585355357815,0.9470662851688916
-0.0028967293532475642,-0.008873331419303682,7.736303575161724E-4,-0.006255551570094051,0.03981883129437031,-0.6829271695717568,1.0148039582594164,0.8698463423943253
-0.002873082665663579,-0.009380906595029142,4.3035521367956205E-4,-0.0063816404973406566,0.006748137562921753,-0.4373036791934089,1.1007116154770042,0.607370942088736
-0.0024520836571019044,-0.008575329650431113,7.778372584399569E-4,-0.0059341725318552896,0.02637364125251902,-0.7357575257326839,0.7793216900041536,0.8817287255295622
0.0022242314791969743,-0.007890383300116715,-9.669936863217506E-4,-0.005545637471808828,0.039660449850521334,-0.9111754656484772,-0.5733027427035867,1.0614876492785585
0.0024090011006860385,-0.00822443199084822,-9.223177484792956E-4,-0.005769496314267247,0.03762290377305027,-0.8468034545276951,-0.6942771475933674,1.0003008562771531
0.0025965468136354966,-0.008553836708811775,-8.455878139698422E-4,-0.00598792706128804,0.0353576732347261,-0.7655705356728165,-0.8263927402167167,0.9263948854279057
0.002815455877470291,-0.008842122239174887,-7.648164670403106E-4,-0.006201791629866387,0.0353826966760202,-0.6841421635731625,-0.9738158279922714,0.8613950494746765
0.0030148591718307744,-0.009380108929154701,-4.595058882845772E-4,-0.006464991492675218,0.015518117263693374,-0.4505735812311401,-1.168949525733468,0.6403715338402746
0.002885117569078644,-0.00914561080339071,-5.919901491122478E-4,-0.006333501737983321,0.02387710773318209,-0.5544668255764612,-1.0664743927418738,0.7331933786400099
0.0017928062214894666,-0.007898217063669591,-7.570998922272692E-4,-0.005426630731807478,0.023294959670804857,-0.852663116916203,-0.4607915835809256,0.9749727720532296
-0.0020418279645733678,-0.008130662987248355,7.949991917533395E-4,-0.005601910744012128,0.024328746934186404,-0.8219768613892834,0.5661398546063944,0.9501958115195593
-0.0021075490746503608,-0.008499238414552421,6.817621432829315E-4,-0.005773451289550363,0.013859247511875278,-0.7163227347018716,0.6472820540514411,0.8357001227661552
-0.0016967804195320965,-0.007965251583587256,6.943812696137835E-4,-0.00543368731460576,0.017958534605457554,-0.8262694229921604,0.44463396708531905,0.9402198655713753
-0.0013181650753506132,-0.007714880833791928,5.817974523303556E-4,-0.005241088550382743,0.01568549901114921,-0.8508767121191907,0.3173648558377136,0.9574831984095553
-8.318025073900137E-4,-0.007376836161043917,4.014618780357678E-4,-0.005013485288421378,0.016786999291402937,-0.8895081548544813,0.17837463166181447,0.9961087251037526
9.315192933372044E-4,-0.007091182214749552,-4.8448809799198355E-4,-0.004877327887775251,0.025692258513602618,-0.9465053068946997,-0.18010776533126635,1.0673961352076915
0.001220833725620389,-0.007430864371407109,-5.865872737640812E-4,-0.00508842402867888,0.021007665160623128,-0.9034994276736444,-0.2672601078931353,1.0190406678003365
-1.589075196581323E-4,-0.007259214343310403,7.824493928998693E-5,-0.004916448577329066,0.015308037486322616,-0.89077153168703,0.0322330694015851,0.994387254101115
3.9755482256547114E-4,-0.007155309878106673,-2.0197320370662786E-4,-0.004871826275253445,0.018248320881927963,-0.9154246957338997,-0.07852603289435549,1.0240329993468622
0.0012979794192732937,-0.007905740740546273,-5.340230573666565E-4,-0.005322732546184948,0.009968636297419878,-0.8041201759714695,-0.3318427133274829,0.9019066744984353
0.0034775177188645806,-0.009727866386532325,-2.4755810128740483E-4,-0.00683298441320742,0.02085979753060993,-0.27915901228901957,-1.4722035443397767,0.5420352293813718
0.003498639759043075,-0.009925691428391012,-6.609495495159814E-5,-0.006862503558825271,0.002227158708741755,-0.14762696589142207,-1.5062829065033776,0.41089845189258484
0.0036098656048589237,-0.010092470494875718,9.293276539511153E-5,-0.0069480295185076184,-0.009328970711016528,-0.030203280216121398,-1.5848744834567636,0.3135408703630737
0.003687889415368667,-0.010217362194844665,2.2101460897982093E-4,-0.007002616018117404,-0.018652518747962175,0.065357583701933,-1.636422647763773,0.2337029212140128
0.003654590963172457,-0.01034476559707992,3.4355053498238286E-4,-0.006961450031463192,-0.03734212514593714,0.15459569927225164,-1.6128838567560446,0.13380198115473158
0.0037228022102416044,-0.010422784322306148,4.3174844227058466E-4,-0.00700397593532584,-0.041868686990324096,0.22109770786527538,-1.6528466731604492,0.08232416689438864
0.003987384357841225,-0.011132733357773839,0.0012310209296668853,-0.006987364383164661,-0.1264877796572582,0.8035014975200175,-1.6949553912276876,-0.4480031333416893
0.0039475573119423625,-0.011042539050908556,0.0011233117789085335,-0.006996757137125818,-0.11585881093038027,0.725514602279875,-1.6952152765958879,-0.37878492238151407
0.003946225632413386,-0.010930273513295622,0.0010101482320909452,-0.007042908594730589,-0.10149845460442698,0.6428065808282734,-1.7229504996662184,-0.2939148416653418
0.0038602626814711128,-0.01084601464121277,8.929824866107144E-4,-0.007004010832285793,-0.09165037151229594,0.5587452812520023,-1.68585903378977,-0.2305008367729741
0.0037603909503135377,-0.010550348059124958,5.671127945005154E-4,-0.00700902261455484,-0.057080776657161506,0.31962969087930754,-1.6666311157174936,-0.010225795009385462
0.0037984062841215976,-0.010715095650400703,7.421458849831871E-4,-0.006996593207637298,-0.07664560638337235,0.4484117654839594,-1.669561211514871,-0.13287244568394233
0.0040633695368794374,-0.01152764515776552,0.001645727663996731,-0.006826068362215658,-0.16890615505871692,1.1017940615070863,-1.5987060014618701,-0.7346859414209582
0.004026190609327907,-0.011380135899397282,0.0014882102605517052,-0.006886964925053487,-0.1544063524490916,0.9896682676806668,-1.634855696922129,-0.6293441987394379
0.003984657694602073,-0.011234480360473111,0.0013281483982484157,-0.006934100480427884,-0.13674227686235782,0.8759970103766616,-1.6604732616886262,-0.5228480647066331
0.003247909456204874,-0.00969571922110841,-2.5057789959811327E-4,-0.006665701096613553,0.006406536319867547,-0.28870989505062833,-1.3375257176035495,0.5087755335292216
0.0030431740321155286,-0.0096363656717604,-2.7362801060631475E-4,-0.006524993125246345,-0.001467134867346535,-0.3119313066803007,-1.2206141594671454,0.499995531074739
0.0028447484580328255,-0.00958682181803666,-2.8422571158861316E-4,-0.006399439883034029,-0.009100514748772506,-0.32683185526097286,-1.1147584832070974,0.4884131325140513
-0.0038742411087282613,-0.010839473803952459,-8.912505389196561E-4,-0.007017784090952015,-0.09119459201062424,0.5574134655843631,1.696119700079622,-0.22512731038541292
-0.003930689738460809,-0.010927210780529502,-0.0010009591044876848,-0.007031230515618142,-0.10148891880681378,0.6367534690958506,1.7137898409021037,-0.29183672142895895
-0.003997068197299382,-0.011005819323650372,-0.0011082897468381989,-0.007053654228169293,-0.11091715642429927,0.7133581292188785,1.7375325261032801,-0.35247856322316556
-0.0040761778184457,-0.011076427641164772,-0.0012166167740652722,-0.007088088011307636,-0.12076218436804641,0.7889825519801376,1.7691529648069089,-0.4083960368214035
-0.004204565281143629,-0.011224192371076643,-0.0014359406175650862,-0.007121780599383494,-0.14225939188571687,0.9424991021658486,1.8055974511576844,-0.5295222567577503
-0.004080779808167297,-0.011183528500527562,-0.001328084303312279,-0.007038855403538199,-0.13461726610919642,0.8698181125207095,1.738738279248439,-0.49047916799449204
-0.004178851580058821,-0.011372676845024757,-0.001571454466871097,-0.007014077079184339,-0.15912938849063815,1.0419971808470525,1.7322355841624313,-0.6402103807008631
-0.00423235142128499,-0.011493697662691614,-0.001723211499650678,-0.006981728036647401,-0.1740143794122364,1.1484400880350594,1.71476280248793,-0.7344335684498575
-0.004261206613259891,-0.011590397707525998,-0.0018346457252464657,-0.006939587775817217,-0.1842219416339106,1.226453809868197,1.6881182150133711,-0.8068724661765273
-0.0048350174181578465,-0.01233166465950657,-0.0029811706179853847,-0.006735638143538727,-0.27110744572347073,1.9840682826120173,1.5540560652808546,-1.416655070207753
-0.0047739742580973745,-0.012333218317451735,-0.002917934417104689,-0.006688978726966185,-0.26570383640394485,1.9419959279343406,1.5215686068908683,-1.3961243571830078
-0.005005681602796055,-0.01253877437643471,-0.0033192828929236215,-0.006628685794409984,-0.2853536020464666,2.1990173970190763,1.4701664820763904,-1.586334805148458
-0.004950509246795105,-0.012493259999232802,-0.0032249329162014236,-0.006641905815469448,-0.2811648383772134,2.138451408423372,1.4820991007126911,-1.5423912673140643
-0.004901472941332361,-0.012440792740635268,-0.0031332621939986365,-0.00666571695688581,-0.27728043350891735,2.0801428885669684,1.5012675495211083,-1.4975712303145619
-0.004862730533425863,-0.012384834265165437,-0.0030504656925701844,-0.006698977529797616,-0.2740166337638754,2.027832509872772,1.5267096151899004,-1.4546471522329425
-0.004271645665611737,-0.011692904550394727,-0.0019364852965848697,-0.006874614591913123,-0.1938416527798866,1.2980679477963288,1.64438812088461,-0.8785246645948431
-0.004275707598648894,-0.011784910085407711,-0.002021055109298278,-0.006809067206104213,-0.20130285333983688,1.3573756554731753,1.5999771144189243,-0.9393036059366825
-0.0042984947694219185,-0.011873565649568318,-0.002114639683742269,-0.006757461432933267,-0.20814097732516376,1.4210592300047544,1.5657219886317264,-0.9992899864299393
-0.004376858365470967,-0.01193498886015981,-0.0022296908629902816,-0.006766424944589363,-0.2181365802028727,1.4961429365833916,1.5744250312508026,-1.054611863758817
-0.004544903134179942,-0.012014088863765988,-0.002441188371369194,-0.00682630573148573,-0.2353331505948406,1.6331556143193444,1.6203030157281046,-1.1445583977443687
-0.004431656339906865,-0.012046378340145407,-0.0023676650613356867,-0.006712405251545184,-0.22733765965030311,1.5874541075928406,1.5381586451642026,-1.1342811897074494
-0.004600978742626009,-0.012087304005679431,-0.0025536866628524074,-0.006802494229181023,-0.24386392472729934,1.7069427851554855,1.6039198917816242,-1.2039413917254456
-0.004751767619397566,-0.012209294647937522,-0.002799470790171644,-0.006799637756191391,-0.2616564319706542,1.8669451728077358,1.6017630036878412,-1.3203857621096373
-0.004676525752051989,-0.01214589510523866,-0.0026736564190571327,-0.006804672464025966,-0.25273666013288926,1.7851659673248155,1.6057245845562917,-1.2603904339711682
-0.0047225756920727825,-0.01230174785421525,-0.002841417035923843,-0.006683995008692704,-0.2605289904288173,1.8926021687609642,1.518716259790599,-1.3621999469364583
-0.004990638246306705,-0.012616144818206112,-0.003351535989243895,-0.006527881225635642,-0.2817323706736807,2.213790182998933,1.3963606069723289,-1.6145300808747314
-0.004980600737016143,-0.012693880524279255,-0.00338629309400239,-0.006430108549508459,-0.2776892081255247,2.229369828115795,1.3254591305683976,-1.6414636217925545
-0.014999399612075604,-0.009464189693665038,8.819227327415274E-4,0.008229031370576942,0.29200893508408216,0.7138371852726845,3.348100150378802,0.49122726024130886
-0.014997771485793274,-0.009448618306846934,9.075263974138353E-4,0.008226095179848894,0.29165924623453954,0.7348021296735512,3.3476647227423926,0.4704105640801055
-0.014996197264818094,-0.009432984403454707,9.331845051592035E-4,0.008222849086991101,0.29133801429741246,0.7558298220470091,3.3469547653399254,0.44944034881872225
-0.014994615246283953,-0.009417236993618473,9.590001045325255E-4,0.008219391613590988,0.291101503418937,0.7769979045038163,3.346041920587919,0.4282909227022497
-0.015014588142177468,-0.009470534664755075,8.65909669690189E-4,0.008201454913330701,0.288910583607407,0.6995154536888832,3.3286645083269093,0.4917563284116216
-0.015016409542975685,-0.00948611431136206,8.40356223357471E-4,0.00820373689796612,0.28911170262998825,0.6786359168514248,3.3285809147268854,0.512249226569944
-0.01501804470701365,-0.009501905461353611,8.145189739451781E-4,0.00820628541412313,0.2893596201001479,0.6575448689817894,3.328591960554703,0.533105290848042
-0.015022303337725881,-0.009549401871497927,7.369319519157873E-4,0.008214163613525992,0.2902492262994756,0.5942917578450593,3.3283745190750946,0.5960291924871748
-0.015021051567955473,-0.00953368676930128,7.625683605746047E-4,0.00821142709940413,0.28991728201047356,0.6151743674998235,3.3284247132911617,0.5751480756405131
-0.015019605479373484,-0.00951780957828976,7.885113109530486E-4,0.008208839390179216,0.28963554490079385,0.6363231841908351,3.328528222374459,0.5541306339116119
-0.015031175495769414,-0.009643331331327819,5.829720802439593E-4,0.008224017392142137,0.2917929639561223,0.4689876348365139,3.3222812795555448,0.7191762245284945
-0.015029437290738636,-0.009627593257361042,6.088575594057603E-4,0.008223316263679841,0.2915964428418247,0.4900368368592667,3.3241042913345056,0.6988254011096194
-0.015027809708020057,-0.009611975820438835,6.34517325624735E-4,0.00822224692458843,0.29138332743953305,0.5109159550661485,3.3256012300224636,0.678508358601905
-0.015026493208973826,-0.00959632774780282,6.601307648966332E-4,0.00822037197043825,0.29108804819888867,0.5317540979478769,3.3264938662111554,0.6578975945391417
-0.01502518567781088,-0.009580627245332117,6.85812660091787E-4,0.008218285602307168,0.29078530359966764,0.5526527668271664,3.3271835633920337,0.6371744747403788
-0.015023691745734737,-0.009564990653702995,7.114346707173871E-4,0.008216410451644009,0.2905261481487304,0.5735201024318893,3.32794020008007,0.616621475040443
-0.014999111866663509,-0.009905763358590825,1.57088347987111E-4,0.008331709250057419,0.31192043571819694,0.12895781290223846,3.344825556160419,1.0992748690389784
-0.015013176661448066,-0.009913359787598651,1.4346403649273523E-4,0.0083034496177347,0.3025307958653137,0.11292130475344116,3.324982899341681,1.1016564462676788
-0.01499938322454241,-0.009921467368795327,1.309310826560171E-4,0.008332161240060046,0.31300675862411853,0.10790632552821573,3.341549285427632,1.120184949806963
-0.01499879118445591,-0.009890060497518439,1.832343060941769E-4,0.008331175217933157,0.3103543358467753,0.14994072661630514,3.347978475258207,1.078334310907653
-0.015012840347768381,-0.00989763342949111,1.6951816761886455E-4,0.008303030316862548,0.3023796799501198,0.13386950567903322,3.3282202075154514,1.0807863105861937
-0.014998421182633167,-0.009874358919918412,2.0939290797753556E-4,0.00833055869986937,0.3095315741129425,0.17092804967354439,3.351013548232649,1.0573516793438675
-0.015012488595788494,-0.009881900888504032,1.9557917698418214E-4,0.00830246299711354,0.3021750493569297,0.15482358981521446,3.3312860909572692,1.059885792906783
-0.014998001866155191,-0.009858658760762435,2.3556344543443317E-4,0.008329859712168602,0.30943775270396745,0.191939320539758,3.353938395626099,1.0363576608086047
-0.015012098287391184,-0.009866154341776767,2.2166016153927487E-4,0.008301790894950709,0.3017540382408801,0.1758100613062947,3.3342091766920725,1.0389478683606328
-0.015011648968542986,-0.009850407430258024,2.4774243640750786E-4,0.008301055244537116,0.30127687114184803,0.19684122803869242,3.337018062117369,1.0179894432158436
-0.015017915903483012,-0.009668439637953519,5.455392958712055E-4,0.008256726154580847,0.295927404214921,0.4396243995994851,3.340357052906182,0.7625149586650425
-0.015018889230415111,-0.009684341027723713,5.193904394630594E-4,0.008258534077585622,0.29614619414223026,0.4183909593688779,3.3390483007281517,0.7836622798450296
-0.01502032620993999,-0.009715991904230444,4.6740854546335953E-4,0.008262584171411931,0.2969216867358793,0.3761950069637046,3.336546052498575,0.8260371833690554
-0.015019654434153847,-0.00970021077174772,4.933259837787558E-4,0.008260566610263852,0.29645445673427884,0.39722824357594444,3.3378287309356804,0.8048913406860195
-0.015032686136493242,-0.009659260957354724,5.568357223402781E-4,0.00822503721026923,0.2920512036415301,0.4477634998411523,3.3205827002680053,0.7398872437232668
-0.015021131624186118,-0.009731727712789922,4.4152148561061726E-4,0.00826414458155053,0.29746386402378583,0.3552151286722922,3.334896771559128,0.8469685132350165
-0.0150221066380109,-0.009747519309520683,4.1550090444711954E-4,0.008265195809512791,0.2978945855306771,0.3341668453089917,3.332830698255837,0.8677776103416558
-0.015023019683185208,-0.009763398357945765,3.893445879507989E-4,0.008266203505630012,0.29817674818490986,0.31303545663954907,3.3306519040372495,0.8886904619122916
-0.015024571885148927,-0.009810786252526254,3.114301370723607E-4,0.008270464363455571,0.2992566245917691,0.2501276226580687,3.3245668989774315,0.9517858065845061
-0.015024155836585042,-0.009795085576005925,3.372423218950316E-4,0.008269036892763154,0.29879145004285496,0.27095748617780524,3.3266409259388854,0.9308416482366092
-0.015023688080753586,-0.00977928549222887,3.632115876615861E-4,0.008267517790620892,0.29843935406837035,0.29192815433146185,3.3286052176311114,0.9097634743808233
-0.015025047158292087,-0.00982644528507773,2.856663229737454E-4,0.008271588663037703,0.2997691465000356,0.2293659588644056,3.322234334273275,0.9725692546373033
-0.015025577212859166,-0.009842137194857147,2.5983384355495706E-4,0.008272428503454122,0.3002488096061666,0.20858310743571892,3.319642068707233,0.9932881400374022
-0.01500890871445213,-0.009407892779186114,9.677739844691729E-4,0.00818724864174195,0.2877335233836917,0.7827019217152102,3.32489154179622,0.40817008444209507
-0.015007358825824482,-0.009391731742549465,9.940131884798172E-4,0.008183290036037265,0.28744675178267637,0.8041402168034439,3.32353960139999,0.38660378903482706
-0.015019876788821218,-0.009365242397193716,0.0010300799408011242,0.008146941726915609,0.28428813560642824,0.8326634271266858,3.30067734667432,0.34393131336967175
-0.015003900248963293,-0.00927212291875384,0.0011828989277807682,0.008132571956025717,0.28402553212447895,0.9579574134621932,3.296552953859854,0.22319713450281756
-0.015016885224477985,-0.009349317605548869,0.0010563623402617855,0.008145443739521299,0.2842982632628886,0.8542088769514912,3.300790819414892,0.32350120450951275
-0.015013554349567429,-0.00933391622375755,0.0010819876679728521,0.008144667900147505,0.2843655126544742,0.8752595991257145,3.3013020414919967,0.3038924486611962
-0.01501116951141924,-0.009318603290182593,0.001107017863370893,0.008141916413750934,0.28426297968390396,0.8957755858145143,3.300389645328637,0.2839228770855368
-0.015009427417411098,-0.009303010787091181,0.0011321451284368753,0.008137604283637946,0.2840529929522384,0.9163169608152032,3.2983596744719432,0.2632710776637372
-0.015006897545843773,-0.00928740112118145,0.0011576668411608802,0.008134638397370672,0.28398798124145447,0.9372315673667674,3.2971886538358715,0.24292662449651217
-0.014999708189494065,-0.009224080966058321,0.001259268975146077,0.008114839689236429,0.2831887983387486,1.0202417088987465,3.2864023748934117,0.15900270828150506
-0.015001638796684471,-0.00925638035705761,0.0012084473175449563,0.008128658352955303,0.2839065438794984,0.9788878815091911,3.294601569026169,0.20249211199142855
-0.015001918912405286,-0.00924057638492776,0.0012326791936107468,0.008119619929212119,0.28330122201767316,0.998501462049501,3.2890585782022015,0.18073503248894493
-0.015022401707962088,-0.009381594838701903,0.0010033340331488982,0.008149352703665921,0.28438530987222016,0.8107794124984217,3.3010924222400533,0.3651296474817171
-0.01493091233378661,-0.008793617129831774,0.0019429243324116192,0.007942160302586133,0.28306196460202576,1.5763186079944294,3.1574879476487254,-0.40267254132785274
-0.014944436115757846,-0.008810144620566238,0.0019084198138682848,0.00793138233675897,0.2811597937523374,1.5467754160820932,3.1513460452540922,-0.38212137574867805
-0.014950290969056505,-0.008824916311225532,0.0018828429737758998,0.007932885508006802,0.2805164706198144,1.525672915710375,3.1534706911750896,-0.36349629355637875
-0.014960413856891026,-0.008836291691481172,0.0018586167078076972,0.007923698658031117,0.27908201133898375,1.5048117774066274,3.1479377823031096,-0.34958165749938597
-0.014964217056700325,-0.008865879584288488,0.001813792898717826,0.007940366542055316,0.27913056021186883,1.4689615718955034,3.1613732430043844,-0.3117769315987761
-0.014968449891736384,-0.008849536682439872,0.0018335300923085223,0.007919690943197805,0.2779430116036485,1.4837245783157558,3.14608169635601,-0.3332089471417928
-0.014980050518234964,-0.009114110591858364,0.0014385419831546298,0.008087348937819457,0.2831565540173933,1.1672360747221349,3.2698538541389586,0.015424401754496558
-0.01498236974093102,-0.00913072064904881,0.001411955016639014,0.008093314100148854,0.2832523902958654,1.1455129498014216,3.2738138644856742,0.03735217326723769
-0.01498776832543472,-0.009162492423721962,0.0013603879693420945,0.008102325771199263,0.2833112263524584,1.1032658944342832,3.279525217122171,0.07898751464315833
-0.014985102591963178,-0.009146775010613546,0.0013859115159082335,0.008097951164350185,0.2832819438254655,1.12416378079507,3.2767922888449488,0.05840813258822702
-0.014991293587080802,-0.009064665365684224,0.001505358702056398,0.008034085583099124,0.27968481501139636,1.2196329465276894,3.232975076671105,-0.05433695034729893
-0.014989762011335698,-0.009081572659920314,0.0014811859728699336,0.008048043079313177,0.28050080554798157,1.2004277119496407,3.242717726072897,-0.0312781056865564
-0.014994581959432627,-0.009101557441097126,0.001448218640041757,0.00805174626671438,0.2802562333536481,1.1733580045081309,3.2452664312326847,-0.005696881837564906
-0.014970603060880303,-0.00889540511001105,0.0017668111778230513,0.007951656687073325,0.278757717362859,1.4308476946387108,3.1708931270756318,-0.2741518133478092
-0.01497790677044092,-0.008878843491301053,0.001784714939176162,0.00792548219189826,0.27709318297343016,1.4437498306008807,3.151895726288475,-0.2964151073091974
-0.01498124188939314,-0.008909235383916162,0.0017389507751340515,0.007942665562970425,0.27725793391497877,1.4071266138236231,3.1653943159475997,-0.2575026711737814
-0.014979964241351765,-0.008928968630057744,0.001711647474563177,0.00795984469075836,0.27805829018835354,1.385765515681966,3.178179703069411,-0.231688394990249
-0.015003283089374674,-0.009051753491087125,0.0015165265547431054,0.008003003020982093,0.2773825677529846,1.2271090636171278,3.211337831991944,-0.07447619828918711
-0.014979496739114946,-0.00896495687664728,0.0016600022333680099,0.0079871671734619,0.27908387778721266,1.3448441174077388,3.1984756937238603,-0.18440353445830435
-0.014986604729512108,-0.008948476877309037,0.0016786683773367234,0.007961994189910537,0.27732734832558487,1.3586406188183906,3.1804788799264183,-0.20721434403592962
-0.0149878287265548,-0.008981376591601954,0.0016301546137733388,0.00798347033403912,0.2779579400157058,1.3198962232380478,3.196451606541162,-0.16425455119574758
-0.014994535258450143,-0.009026474381582428,0.0015595817523548635,0.008002380753082296,0.278148832157411,1.26267836590506,3.2105633602859376,-0.10602121321355448
-0.014993874908312513,-0.008997097391742514,0.001603005528699169,0.007983317323728286,0.2774863627660182,1.2974108341072392,3.1967688175444846,-0.14468188533584647
-0.014999715036225042,-0.009010623383599644,0.001579228546556915,0.007981842515881608,0.2767609306394396,1.2776575685879763,3.196072685418762,-0.12801769133770907
-0.015010470540734214,-0.009035655937224015,0.00153535177120096,0.007978829273029916,0.27563467445512185,1.2412407272152455,3.1945120847192636,-0.09731652951332846
-0.015014488729090144,-0.009212869305748323,0.0012682024022681734,0.00808018430114043,0.28019766970045107,1.0260757191301233,3.262887289284349,0.13834623914211266
-0.0150108270804104,-0.009196734334970601,0.0012948169439309344,0.008078108220407014,0.2803263621138525,1.0479265414476358,3.2619491512340395,0.1177896505069098
-0.015006091416510204,-0.009181429232374926,0.0013207908054863277,0.00807837351535417,0.2806765706519254,1.0693639728045221,3.2625396785548104,0.09868319619078135
-0.015000885316485366,-0.009168947361683603,0.0013427824013409148,0.008081025871978866,0.2812313070845725,1.0876482215864427,3.2646617420469894,0.08349657209891963
-0.014941250712207798,-0.008719802251274045,0.00203604328142335,0.007859933461572974,0.2798599952959028,1.6464861600228289,3.0939221626103244,-0.4966701548928449
-0.014949726068361867,-0.008732708363900056,0.002011055620464414,0.007856120385324227,0.2786982483653649,1.6254550904245553,3.0926133870293206,-0.48052712809680775
-0.01490342677088239,-0.008591294929778325,0.0022428604448159555,0.007808095618475736,0.2839825909550555,1.8128970129410604,3.0426732792482665,-0.6570214721945496
-0.014919079728209762,-0.0086272498728654,0.002180534628142939,0.007814959346970742,0.2819066705892033,1.761922695179044,3.0522887900246363,-0.611907333768916
-0.014917787716293632,-0.008609690543417196,0.0022049443350314144,0.007800663794856092,0.2818292794210229,1.780678559653357,3.040167828187058,-0.6333789963138806
-0.014941177576868967,-0.008702425849343907,0.0020596815938323724,0.007844700277987187,0.2795080186078162,1.6646939370527623,3.081630426663071,-0.5183308113989313
-0.01493375965287353,-0.008669472574390599,0.0021107120095154998,0.00782818360522679,0.28022245312915844,1.7053892327751126,3.066573814913608,-0.559303400569076
-0.014945708931185527,-0.008682966651376708,0.0020818349464856384,0.007819323455754654,0.2783444224322109,1.6806615303012848,3.062110600433902,-0.5422155955477754
-0.014929652541946604,-0.008639283709811733,0.002154724025648661,0.0078076802609553944,0.28036590640284437,1.7398115488914614,3.0488770947525707,-0.5964889943242503
-0.014939656268133573,-0.008652840339383626,0.002127514443010434,0.007802657246858717,0.2788398924889966,1.7168375471545303,3.047157703488433,-0.5793573861346831
-0.014940401837969436,-0.008771265288251581,0.001966062674703936,0.007906017090397672,0.2810071236852925,1.5925007782189236,3.13059282198726,-0.43173186941702124
-0.014958030955207723,-0.008750254287110007,0.0019799419772868576,0.00785644452549094,0.27769182907580997,1.5997319306596738,3.09455222855216,-0.45864451743917395
-0.014514376142116472,-0.0074770113796553735,0.003890907057616022,0.006962545447403336,0.35714162065628213,2.99136884169871,2.1422244326641358,-1.8660414899595088
-0.014533112757919278,-0.007496639121622944,0.0038488809295720793,0.006970253564223734,0.3530028604642998,2.960276280582253,2.158252930685802,-1.8417255451567682
-0.014553485437051466,-0.007518105624340578,0.003803111596272253,0.006978270173008154,0.34881304865180973,2.926246990077257,2.1753030317531006,-1.8151077859614346
-0.014617790073900098,-0.007620077581676251,0.0036322943736471075,0.007048979409665638,0.3347922405832801,2.8098110190197523,2.268210384020233,-1.7094187801334026
-0.014601377740018299,-0.0075951562840640046,0.003675336705304171,0.007033396528957049,0.33840548209086313,2.8399733582672293,2.2467447058278345,-1.7361566276528506
-0.014572858129689455,-0.007541283427745814,0.003757551519421761,0.006989438731187485,0.34435914534587075,2.8932503257081716,2.1944968238024773,-1.7881356028631392
-0.014587332595112626,-0.007567099035099459,0.00371712166668456,0.007009784270643977,0.3414428582036582,2.8668343291498886,2.219265787747054,-1.762889624714042
-0.014628943606665609,-0.0077154162780829864,0.00353854445849709,0.00717070650293914,0.33174792168781625,2.7654528615755765,2.381138825777725,-1.6376972309019877
-0.0146254092604093,-0.007670662101850154,0.0035808346786018537,0.007111689133369555,0.3328916052126272,2.7848063299873007,2.327120244840215,-1.6711671118511193
-0.014637007767444754,-0.007692105384617601,0.003546691320374891,0.007127199896609445,0.3303791236573482,2.7613210367804117,2.3461670754922954,-1.6489791880231965
-0.014638012746311971,-0.007644927660491397,0.003583747989161949,0.007059080083231137,0.3307400349323771,2.773830618283966,2.286569406282366,-1.680027751547659
-0.014914431640895735,-0.00857160908667387,0.0022579394453701783,0.007770013279900476,0.2818439158343193,1.8213117513545527,3.0139157011371807,-0.6795227020251446
-0.014921043831383325,-0.008551315369191107,0.002277710423592993,0.00773894967211669,0.2804847059629027,1.8342928478860199,2.989832957605904,-0.7027725369086829
-0.01476625065910709,-0.008155021266061838,0.002924637276621331,0.00755633429968501,0.30407182342643746,2.3432041521245925,2.7816776580709885,-1.1818510052876798
-0.014759161135185155,-0.008135444942491132,0.0029549709889504223,0.007543304045270554,0.3053793433711656,2.3660425541502828,2.767501354754006,-1.2045036221610326
-0.014745568294156568,-0.008102541947838302,0.0030077679462890763,0.007523349259122678,0.3078182924615908,2.406152667190769,2.7446493284986526,-1.242989365720584
-0.014759933044565906,-0.00811521921308181,0.002976110764637256,0.0075170841623779395,0.30512384076061777,2.378979197479078,2.744631643589733,-1.224364680079998
-0.014739293088068652,-0.008067338242652706,0.003053396968452081,0.00748853565783912,0.30898177486708694,2.437524668048684,2.7112897785798165,-1.2801327332924883
-0.014750255928688654,-0.008084031227023555,0.0030217835392021926,0.007492955814685608,0.3069182801499734,2.412361751782692,2.71949011294274,-1.2591417695653673
-0.014788843385192632,-0.008161875819608842,0.0028895861675136943,0.007529471519168345,0.3001974873289412,2.3098646583828226,2.7664485818781124,-1.166066523601794
-0.01482915858315871,-0.008256156885309415,0.0027355963357648116,0.007577090213671416,0.2934118745036077,2.190716233605904,2.822724114983542,-1.0543778167309588
-0.014822384362212802,-0.008238363749286158,0.002763829114006792,0.007567317527820091,0.2944234539365507,2.2124643335987657,2.8118192558998327,-1.0752987035398578
-0.014812916745953166,-0.008224449885864788,0.0027907340030239886,0.007566103689438124,0.2961505594689292,2.234404228052846,2.8073783951456353,-1.0930498087306877
-0.01481149955243946,-0.00820564832486332,0.002813674002097822,0.0075462565565836545,0.29619799426559124,2.2502203637299067,2.7895053825396254,-1.1130329289258152
-0.014802360952234474,-0.008182988085936694,0.00284991145068121,0.007533727792139616,0.297809927764207,2.2779940726992653,2.7751963559145327,-1.1395550051337953
-0.014852219965390052,-0.008257428009146278,0.002707785208708031,0.007541873048298062,0.2895418137927606,2.162687643813925,2.800122379831111,-1.0456081818020255
-0.014868938866689782,-0.00826342210904274,0.0026820521674245945,0.007522176366826676,0.28694700524278105,2.1388008504799307,2.7889004491555114,-1.0340426935307259
-0.014858359044729395,-0.008305736013056996,0.002644984850899545,0.007586408212218101,0.2887026433227246,2.1176231025337455,2.840816221575856,-0.9927546421633034
-0.014877517549877968,-0.008280879281281397,0.0026524736047477426,0.00752811129564396,0.2855497142516978,2.115509924708008,2.7970111296311937,-1.0132445882603178
-0.014876444917029165,-0.008328300561157447,0.0025985256350971077,0.0075821712237267415,0.2858159474194904,2.0789299369036076,2.843223066661004,-0.963418971824752
-0.014864397330654538,-0.008356447003202216,0.0025782673180079203,0.007632504588496563,0.2878495038856827,2.0690915257108387,2.8825917163679913,-0.9360710530359889
-0.014861026105696737,-0.008406800065599957,0.0025208015878394833,0.007692501534650564,0.2888956897631452,2.0295826174805787,2.93297658295957,-0.8806814536885176
-0.014864942004630078,-0.008384560769881035,0.002543766091581068,0.007662099801391307,0.28805469014761553,2.0445406602090106,2.9081785350725045,-0.9047462678196513
-0.01487553819573558,-0.008421269343160042,0.0024875559918744222,0.0076837203461364275,0.2866166614385524,2.0009726998523676,2.9300019003349576,-0.8610410979361832
-0.01488587014951285,-0.008453637246828986,0.0024366469309460756,0.007700331918941158,0.28525492672822667,1.9610251652466644,2.9472714199763828,-0.8220416228330657
-0.014887988882653058,-0.008436350559336442,0.002455875564581294,0.007678800904233732,0.28457064656213094,1.974253368236856,2.929640169982694,-0.8413076740150258
-0.014897912982183476,-0.008469517244823208,0.0024044227929959036,0.007696467951875718,0.28331877733351457,1.933970592064336,2.9475809742279604,-0.8015486068567269
-0.014902491128012571,-0.008511161623982492,0.0023473246825382846,0.007730915838956632,0.28306530669363333,1.8908739790535647,2.9779400961426785,-0.7525542377961753
-0.014903084218292085,-0.00848994136080162,0.002373550546974404,0.007708538844655445,0.2827109927727242,1.9099579381805454,2.9592580819920777,-0.7771386699571176
-0.014919338437598535,-0.008527838402568521,0.0023093808072193293,0.007718846454222981,0.2805553574821818,1.8581826479239785,2.972540015844916,-0.7305481765224694
-0.014937373357565087,-0.008541095446032234,0.002274882859477275,0.007701182466009525,0.2777502425662721,1.827811113211385,2.962796526364443,-0.712542697819369
-0.014710104763827742,-0.007928910436750269,0.0032322791892400375,0.00735210369321359,0.31488488181356766,2.557820139891046,2.578132148985843,-1.4211959309803404
-0.014679206432864314,-0.00785099972143494,0.003348074773281772,0.00729118468734749,0.3210584087998542,2.6391728628858364,2.5107787579456926,-1.5035638210833537
-0.014695273361667491,-0.00787403441354524,0.003304738989442274,0.007299911022775289,0.31784549350738217,2.6058622508218683,2.52544378784683,-1.475638408873589
-0.01470458484222794,-0.00789981682265825,0.003267755986392519,0.007321313516343494,0.31601565854629216,2.580365507584841,2.5484003523976484,-1.4490336658971206
-0.014727904060639969,-0.007905997526681285,0.003230934112094809,0.0072965095092717095,0.3119058067831231,2.5454069513574726,2.5363263641546423,-1.4313108893975282
-0.014637706633641258,-0.007758842187195335,0.0034887538064752904,0.0072203833595394255,0.32963458805704793,2.7370868348070245,2.429338845564773,-1.6003047755043662
-0.014648946166831251,-0.00778360452820558,0.003451146099150509,0.00723989523196255,0.3272362814573934,2.71128399520385,2.451733834987498,-1.5746945847691027
-0.014671623086577941,-0.007802810870685859,0.003402565115972172,0.007235700550135673,0.3229507650477707,2.671062940731224,2.45805968319252,-1.5463239794627006
-0.014691021469000472,-0.007824732429663802,0.0033562106323575154,0.0072391629733573855,0.31907639919225345,2.6343626391754422,2.4696229630604916,-1.5178663804751802
-0.01464982583374227,-0.0077343161094424705,0.0034930107786885233,0.007169866245428479,0.3275972747617301,2.728619855193245,2.3898748215932173,-1.610955398614806
-0.014751034410115505,-0.00804420879145252,0.003062830790691948,0.0074415338127674915,0.30698964876913354,2.4366931418707143,2.6742167522419593,-1.2968452624023457
-0.014728259042106484,-0.007950710598817438,0.0031870072208442205,0.007354655213429251,0.3114657982910956,2.5214986192856945,2.587957191596006,-1.3928085223667261
-0.014742431175590598,-0.008003919001118402,0.0031153062052589014,0.007402903170029979,0.3086064144890716,2.4724330257298277,2.6365958323256327,-1.3381950310336135
-0.014759800575384315,-0.008019441152598035,0.003077293151380594,0.007397100541553414,0.3054087757506934,2.440352268215482,2.638453413080145,-1.3157453401046733
-0.014743693629327403,-0.007975835816213984,0.0031420104054139873,0.007364915848449504,0.3084419047405988,2.4869255222568962,2.60340538334716,-1.3628903476373375
-0.014405283986751045,-0.007229025650843351,0.004211791227716533,0.006695748344961312,0.38270335981840925,3.157240071921086,1.854819342098468,-2.0568957896063846
-0.014413240430693456,-0.007197533979922674,0.004215601719357037,0.006638350427288109,0.3810573714907949,3.1402179916540938,1.8105485779647634,-2.0602793288306094
-0.014442061787329647,-0.007293471680916128,0.004118539173107775,0.006759638360512532,0.37410456187536717,3.106699563041222,1.929012066408206,-2.004950607638372
-0.014454007208930707,-0.007313308070223658,0.004088443466115799,0.00677805317615989,0.37131309888208075,3.0894059422234617,1.9510219412511745,-1.9879454123951839
-0.014427978404894338,-0.0072521205053084495,0.0041636700127370705,0.006709402695161231,0.377432868281201,3.12477272784298,1.878502668322444,-2.031065215056446
-0.014449087874306552,-0.007271330440914506,0.004120132535578734,0.0067179453757239115,0.3728566685128953,3.094126191001935,1.8968017039834002,-2.007668952275765
-0.014479163822191821,-0.007325592455654104,0.004042346965577966,0.006770497521804021,0.36597169515211014,3.0510042607857564,1.9574952573165973,-1.9634734230372464
-0.014511945622004035,-0.00742938385447737,0.003926937963496328,0.00689313220134378,0.3582764978472997,2.9991289062428756,2.0802837569160797,-1.8921649398567417
-0.014527107907411392,-0.007449464541954772,0.0038905696588606097,0.006906277744140169,0.3545408258680755,2.9744108308064523,2.099310782417916,-1.8708960326076713
-0.014514792974678078,-0.0074012312785720555,0.003941056258145296,0.006847278322852015,0.35781338730864953,2.996281118304489,2.0418371421732275,-1.9035130987109026
-0.014514481988570901,-0.007368041596537464,0.003962587632321167,0.006797386973526345,0.3581890945125567,2.997688632523793,1.9985917772190902,-1.918704747740137
-0.014507259222515745,-0.007339674629927595,0.003990980449322794,0.006762188492909139,0.3597737749408291,3.0085624894946403,1.9647903305770356,-1.9361449779632802
-0.014399416164341655,-0.007127078609752258,0.004271698127125829,0.006540757088610143,0.3841439005253689,3.1478749613281667,1.7217888082187094,-2.0901117381898153
-0.014388621267940866,-0.007092179798232217,0.004304546798799971,0.0064957203360482,0.38660236701215994,3.1560484553447954,1.6787106590695642,-2.106599376838258
-0.014434106309143838,-0.007172995339365911,0.004195380047493333,0.00657997673655602,0.37630692447919817,3.104132421856221,1.772826012309931,-2.0505576292361507
-0.014424856555172897,-0.007144526570881269,0.004223689322837638,0.006544453272380279,0.3785328878317849,3.112885117833773,1.738460949179292,-2.065377902212228
-0.014363929668207435,-0.0070472327415704835,0.004362791159360386,0.0064465896924301444,0.3922590938937219,3.1810973265867957,1.6250314113974438,-2.1351459910545043
-0.014382387403927813,-0.007063668523567489,0.004326774751270792,0.006456433268102184,0.3879024464197944,3.1579312497503365,1.6430760314795845,-2.117244277076776
-0.014368230209693656,-0.007012906630590729,0.004369926854883222,0.006388802401530286,0.391376939935661,3.164284448151823,1.580497308738438,-2.1371843371286796
-0.014004993526622052,-0.006468896656397601,0.00507120767174953,0.0057442142205587415,0.4678629796115152,3.371776507918858,0.8883697518360442,-2.387439449118044
-0.01407267504179198,-0.006542842302495538,0.004956964499145244,0.0058326359677842,0.45396711907047654,3.3383343240459227,0.9907507152321554,-2.3543847814917105
-0.014033768363355521,-0.006494610083531253,0.005023389656579349,0.00577311183858466,0.4616502986418067,3.353967249372149,0.9258980925854615,-2.3725806429285936
-0.01406172623940818,-0.006514145067496929,0.004976963234734863,0.005791614531452888,0.4552552738236205,3.331644804389066,0.9557943321987427,-2.356162528105706
-0.014131296036237412,-0.0066175092007082275,0.004853898371942892,0.005922428321805707,0.4415223968352419,3.310492782997309,1.0895982605562244,-2.3232152079147492
-0.014156750126444968,-0.006638310290978809,0.004809917878404992,0.005941502846277485,0.43564249057116716,3.288912949885058,1.1183874199014188,-2.3064049487477516
-0.014106709731304163,-0.006541236914461704,0.004902436602700197,0.005813038609481411,0.44576289569689587,3.291346025085619,0.9979595115834174,-2.327912514011986
-0.014133727576819844,-0.006568056684727307,0.0048563866698784755,0.005841895305714855,0.4395788199757478,3.273864206107235,1.0341328433362555,-2.312624244530052
-0.014170122047538604,-0.006677893535980081,0.004781841330503842,0.005997246031737834,0.43375262145142074,3.2953877811574293,1.1667166836075629,-2.3011592747806957
-0.014187920778251952,-0.006637381437651579,0.00476036809416711,0.005922047342196398,0.42886691365068047,3.2455112014658183,1.1227726618936196,-2.281880043857736
-0.014015204451673714,-0.006418982122171534,0.0050561306966349145,0.005659452715433639,0.4630674743586198,3.3177944794018353,0.8390125223962633,-2.365324476380082
-0.014020916835302436,-0.006357323530955608,0.005047812175431792,0.005559397410846158,0.45841533817407415,3.260163003317982,0.7791016018643208,-2.3420094569466063
-0.013677319390987383,-0.005841102840924896,0.005506745740372829,0.004838426210351175,0.5009725424048707,3.1354158410316266,0.17618232227774552,-2.318548002826066
-0.0137088258573861,-0.0058911656939804255,0.005472018137355765,0.004911160054149375,0.49905505919000764,3.158700829924467,0.22893504343943416,-2.3297457990670924
-0.013746748019195244,-0.005943678649855728,0.00542678592482143,0.004986592501340395,0.49494421461412946,3.1770350265063994,0.2887608864105597,-2.3375597392513936
-0.01403040052963566,-0.006299622572131842,0.005032797939992038,0.005465921341704983,0.4533799250885045,3.2025008295051873,0.7271264978728063,-2.3166969003747835
-0.01379144050609731,-0.006001898983867467,0.005370593885074465,0.005069042612115428,0.49012927198922895,3.1920222035658585,0.3577489344614722,-2.342347011512397
-0.01380418406782026,-0.006073567556424951,0.005363274058419034,0.005176652589879559,0.4926755765705831,3.249886291049249,0.42073209375422166,-2.3699709071209667
-0.013881092411533348,-0.00621631547955214,0.005261588024576235,0.005382546190422462,0.48475053997419987,3.302637927218098,0.5838507043755526,-2.3856178822612235
-0.013856159737043043,-0.006162229128041656,0.005294932559411025,0.005303846028789895,0.4868837256201064,3.2796919756670957,0.5230588619119177,-2.378526265600781
-0.013856822996206823,-0.006098891503315187,0.005285944089625966,0.005205603411771862,0.4822201806155368,3.2192328635900807,0.47023538731990927,-2.3500170973529624
-0.01398196080837104,-0.006271146032022766,0.005107204340851387,0.005438478678419484,0.46311662167080797,3.2351519343755823,0.6808081436041871,-2.3396570899194544
-0.013934267876451807,-0.00623321332595362,0.005179550614591795,0.005394224223222256,0.472548444215132,3.256958276777478,0.6249687660616033,-2.3572431340006115
-0.014315634156841959,-0.006976877124506509,0.0044670391922119685,0.006375184144657272,0.40321435258386146,3.23090402215159,1.5405333734674083,-2.1846642667089022
-0.014345593221917025,-0.006990685543700766,0.004414244070417358,0.006372631399150476,0.39631327958234985,3.1908170746314415,1.5551445498902297,-2.1585792317080514
-0.014307618830058927,-0.006935475438400011,0.004494488482863337,0.006315464691916713,0.40472389785880697,3.2270841431263695,1.488340141754492,-2.195208798877332
-0.014276083803982658,-0.00689736799946551,0.004557467980524595,0.006278730677527351,0.4120697970318163,3.258141191973866,1.4414231950413738,-2.2234925646410812
-0.014257845899485077,-0.0068480221834509875,0.004601514390423855,0.0062129495504475015,0.41551637078231346,3.262399723580853,1.3798336737195431,-2.2397897279045487
-0.014259580993431005,-0.006796211027178731,0.004612797028241417,0.006128945983724113,0.41458907190005195,3.234594670708482,1.3167235398590635,-2.2380688643912703
-0.014202899068397267,-0.006713701785691105,0.004722365633325197,0.006034618916206724,0.4263933036389403,3.2706025048978886,1.2133738429048562,-2.2787674009719243
-0.014226877379129723,-0.006741833619025088,0.00467803275896617,0.006064225042835705,0.4213673526700766,3.2526268076108473,1.2492246991545182,-2.2618128956316523
-0.014260181147098887,-0.006751042645326445,0.004623078378512921,0.006056995429521266,0.41372444219333687,3.2106947737761025,1.2632108860500628,-2.2359303030026747
-0.00928003596988042,-0.014947893672597863,-0.008246346099551983,-0.0011999269738726366,0.2836821859257089,2.2062293978758363,-3.0548975986729894,-0.932654162251509
-0.00929558363336138,-0.014950131067195255,-0.00825008089916096,-0.0011739742064540727,0.28589395857684274,2.186120600689837,-3.064010386246586,-0.9129947795211715
-0.009285759798608123,-0.014962881057989888,-0.008219448200565855,-0.0011829421116358629,0.2751155951918885,2.182230405334598,-3.0408206220107066,-0.924033214801315
-0.009311138089096707,-0.014952319584569097,-0.00825373021241254,-0.0011480378930706805,0.28675975609345594,2.166042794394463,-3.072994985694462,-0.8933475287010669
-0.009301395688968634,-0.014965056495996968,-0.008223237790972239,-0.0011570759529192876,0.2750208339313481,2.162273540672324,-3.0498906468733344,-0.9046424993135881
-0.009326699183653657,-0.014954459204666778,-0.008257294151169936,-0.0011221178683037372,0.28632647572207265,2.1459670329698644,-3.0818381785762345,-0.873787804124016
-0.009317022384605396,-0.01496716681960844,-0.008226969595915302,-0.0011312266551475976,0.2753261961643449,2.1422764306566275,-3.058854754294043,-0.8851705775494105
-0.009342266763974991,-0.014956549907973094,-0.008260775923054695,-0.0010961917848041332,0.28587160565399133,2.125860438279409,-3.0905489402293305,-0.8542926489687374
-0.009332632655246738,-0.014969247984250105,-0.008230571959770656,-0.0011053904019816645,0.2757825367312036,2.1222215716470085,-3.0676507402928546,-0.8656474759288789
-0.008726900922666465,-0.014896890297640623,-0.007945729540629524,-0.002065626299148668,0.24321043175742105,2.7753280517008254,-2.5974169792927153,-1.5445294364211684
-0.009217916319918088,-0.014938455742167742,-0.008230622556801763,-0.001303422143457329,0.2843938500509674,2.2860647302502404,-3.017410162749814,-1.009753440801262
-0.009207979407213393,-0.014950990434011989,-0.008199949840008158,-0.0013117964221983551,0.27333261211605403,2.281115319239355,-2.9941736365402267,-1.0198540436880388
-0.009233435272781454,-0.01494088843417703,-0.008234670767829617,-0.001277596845909424,0.28303315289408576,2.2663006382839144,-3.0269624966232045,-0.9906611795942867
-0.009223494868748619,-0.014953407401966995,-0.008204109849282576,-0.0012861178771252197,0.27407199018069023,2.261496898074194,-3.003817903141956,-1.0007602205802952
-0.009248961635249483,-0.014943272334665861,-0.008238639324621152,-0.0012517490999682313,0.28196927450771875,2.2463905097092587,-3.0363802414454373,-0.9715057987310237
-0.009239006526238994,-0.014955824514232307,-0.008208091560995202,-0.0012604175315217255,0.27481137723983884,2.241811521674744,-3.0132653539600827,-0.9816547655096278
-0.009264495252455318,-0.014945607421372954,-0.00824253097687457,-0.001225860311573417,0.2820466945455727,2.226344873010678,-3.045685913580803,-0.9521825649740413
-0.009270135224190209,-0.014960601715139582,-0.00821568348636917,-0.001208814975966475,0.27535249205313267,2.202161623890903,-3.0317093418589987,-0.9433224595624665
-0.009254547700437304,-0.014958234037300384,-0.0082119255492179,-0.001234652072179433,0.27528540565714116,2.2220334497360494,-3.0225442337947723,-0.9625195484000343
-0.00919800021228722,-0.014963937186478994,-0.008169227958410812,-0.0013198502955458458,0.27188670668719084,2.2698632653531003,-2.972897353561627,-1.022562887306041
-0.009182379165919127,-0.0149616136911883,-0.008164571033947616,-0.0013454220497176553,0.2714889111980437,2.2890206714383687,-2.96292951844805,-1.041364590145031
-0.009150910623950083,-0.014956528916056764,-0.008155425415864953,-0.0013970689017399711,0.27048287206176197,2.32784953404767,-2.9427286654422438,-1.0792350572055993
-0.009166657798246696,-0.014959163574986145,-0.008159919043226492,-0.0013711873812116695,0.2710009747257364,2.308341404963619,-2.9528354670864343,-1.0602695492039247
-0.008923374205868258,-0.014926504610130335,-0.008054963077026306,-0.0017602560868116002,0.2580542358062354,2.5804274139910324,-2.769344358591099,-1.3384587872891658
-0.008907931135081216,-0.014923641231425594,-0.0080483564905655,-0.0017850787498976865,0.25720390386001263,2.597683037215164,-2.7571330983804994,-1.3557370337329504
-0.008892281209211454,-0.014920547869637667,-0.008041842060836425,-0.0018103310727653314,0.2563705193672081,2.615334839556603,-2.7447723527208185,-1.373270392555243
-0.008799682018667017,-0.014898087854343873,-0.00800730085604935,-0.0019621975404170012,0.25189353657200814,2.72373630019915,-2.6717890454373223,-1.4778464323934977
-0.008815041319197022,-0.014901822839849976,-0.008013460283396563,-0.0019371014702273131,0.25271710547144943,2.7061246163757064,-2.6843082395950884,-1.4607388417378395
-0.008830406240976698,-0.01490527843156768,-0.008019964230593276,-0.0019121874734168958,0.2535929883307842,2.6888411096276332,-2.696907462542759,-1.4437268349821528
-0.008845687347006312,-0.014908892792239522,-0.00802592779146129,-0.0018872164281034034,0.25439286588324944,2.671181778608393,-2.709125951785437,-1.426576622458816
-0.008860977961023652,-0.014912993081210408,-0.008030818871520719,-0.0018617966890183272,0.2549985871426221,2.652519198266766,-2.72075991111303,-1.4089782814074374
-0.00887653312907985,-0.014917037097017612,-0.008035848047844454,-0.0018360088979401112,0.25561763688743083,2.6336182132577304,-2.7325240235184176,-1.3910813994566966
-0.00874268105772993,-0.014899905966148685,-0.007954328099415443,-0.0020409764654176917,0.24443703795020677,2.759634443173479,-2.611521207792872,-1.5282560839451573
-0.008758042880127683,-0.014901926415087816,-0.007964197342819777,-0.0020177141896983684,0.2458208766382822,2.7457914229694538,-2.6258428949938666,-1.5129848934094732
-0.008773346357272059,-0.014906084435910315,-0.007969949262116617,-0.001992598190027312,0.24659251262599,2.728013925722409,-2.638265011182975,-1.4959982683298507
-0.00878839475865345,-0.014910847259564675,-0.007974197052046163,-0.0019672869366776174,0.24717081564938279,2.7092120726319853,-2.649766580071287,-1.47870171461254
-0.009119588762614428,-0.014950876766967094,-0.008146733621577515,-0.0014487090921245919,0.26954273479403223,2.3669338887769515,-2.9224931424922755,-1.1169859114485925
-0.009135211707155066,-0.014953735610875903,-0.008151084146271177,-0.0014229415657441606,0.2699952375362436,2.3474389361165353,-2.9326385166307696,-1.0981697830401125
-0.00905766514349689,-0.014939148335644472,-0.008128456202376252,-0.0015508013318324047,0.26787058846946815,2.443558184623862,-2.8809035894409614,-1.191008103223477
-0.009073142871300783,-0.014942051415714386,-0.008133347850320891,-0.001525349478059148,0.2682728868086897,2.4246530118841343,-2.891590468539656,-1.1726507822413215
-0.009088581105617805,-0.01494502356515666,-0.008137902361413147,-0.0014998792202059897,0.26866835899386826,2.405533672818176,-2.9020001186529103,-1.1542047697316817
-0.00910404787408085,-0.014947978959254394,-0.008142328835119431,-0.0014743467771162226,0.2691008918517223,2.38628653974968,-2.912274344827378,-1.1356583496326207
-0.009046952650096337,-0.014952097362146205,-0.008096410997937271,-0.0015581274426222944,0.2627880567793748,2.432578392641485,-2.8584608059912555,-1.195153284607322
-0.009015370436244416,-0.014946552016594577,-0.008085010496111322,-0.0016092962084364446,0.2614903536256827,2.4695737745234356,-2.8357716087002767,-1.2316857760843496
-0.009031167845128535,-0.014949529819725667,-0.008090416391924439,-0.001583582277258983,0.26209593944669934,2.450813798880208,-2.847005682949028,-1.2133388624566006
-0.008984320314156092,-0.014939877020660011,-0.008075405603246523,-0.0016603131316723727,0.26043925946745133,2.5073827461781915,-2.813961673758389,-1.2679986880523944
-0.008999784272531995,-0.014943229294235786,-0.008080226512366675,-0.001634900643435587,0.2609885385184008,2.4885752758064297,-2.824885460713898,-1.249938108206198
-0.008938637158480497,-0.014929503502822543,-0.008061002797163853,-0.0017355448268869878,0.2588158088749881,2.5629319776503228,-2.7811000951771643,-1.3211695565799995
-0.008953758086768722,-0.014932910453501235,-0.00806599449247442,-0.0017106944221191283,0.2593927010631392,2.544719778819738,-2.7921755496519585,-1.303665734865894
-0.008968936126870025,-0.014936464580470273,-0.008070578371895095,-0.0016856185512608235,0.25991530232408083,2.5260889672848097,-2.8029930102648275,-1.285934311160365
-0.00892805528018569,-0.014941946129080818,-0.008029613908140491,-0.0017415822563880557,0.2543827933153668,2.550673046160174,-2.759722134686078,-1.3234602261130117
-0.008070877175587812,-0.014729920192534185,-0.007506943992560157,-0.0030614059427686072,0.17218943667465364,3.3209914694129203,-1.9219532084983413,-2.126529897190067
-0.008084891638348492,-0.014739398728081202,-0.007510260681887476,-0.0030344027818677752,0.17313042299856377,3.3018936196642685,-1.9367805994226697,-2.11111155088128
-0.00812519165288503,-0.014756978578857417,-0.0075336781643365386,-0.0029687764268231565,0.17757824513724538,3.265034044419895,-1.9810140498839994,-2.075979721746769
-0.008104840492554848,-0.014749471406032706,-0.007519902619696706,-0.0030002601147007747,0.1750670081603706,3.2811820995316334,-1.9584413281263806,-2.0924737071505954
-0.008054766292521555,-0.014730484374887488,-0.007485523701854068,-0.003077762781880124,0.16890821044209517,3.320323382439486,-1.9022242105497036,-2.1324037434867793
-0.008011933569244463,-0.014684623651141666,-0.007498975132605157,-0.0031822023908448928,0.1685303357761724,3.4102178458600734,-1.8581797275423158,-2.1959184338845934
-0.008020857847889291,-0.014699680097591775,-0.007488093103542229,-0.0031531294252329866,0.1676049904703928,3.380609664847551,-1.8667205587254416,-2.1769500733359446
-0.00799140117548814,-0.014685447757000942,-0.007470567530769752,-0.003202284878755495,0.16409327952156064,3.4075430285777046,-1.8326103751399374,-2.2021925643026807
-0.007971356520187899,-0.01468385494164206,-0.00744628466078378,-0.003224795472309788,0.16018817413732722,3.4093936369349294,-1.8081100264347596,-2.2105346255659986
-0.00794982578271999,-0.014680924529049634,-0.00742182392160599,-0.003250322551264485,0.15627243152984668,3.4133693728032246,-1.781964629085482,-2.2204338174881495
-0.008027869205846078,-0.014714979632030237,-0.007474253899574831,-0.0031259033233615344,0.1663459482045719,3.3506667530321077,-1.8725669946545056,-2.158551008737943
-0.008037487130165255,-0.014729635015232515,-0.00746466131942265,-0.0030969768158303915,0.1655163284861166,3.322181759457378,-1.8814585726949766,-2.139934594685864
-0.007927277016836504,-0.014679746152690742,-0.007393266118997836,-0.003274210720656009,0.15163551349292625,3.413328308413601,-1.7544346841754113,-2.2284203519546586
-0.007902878170843584,-0.01467735823438437,-0.007363780836792059,-0.0033011939451800232,0.14697122383088437,3.414982968925056,-1.7248814553218546,-2.237769356592882
-0.00782883519254099,-0.014643571330897498,-0.007309828671059484,-0.0034174357026870053,0.13647678989149759,3.4678996889207103,-1.635975886318371,-2.291064212837074
-0.007844743004158303,-0.01465749713999634,-0.007312455072523551,-0.0033834344074213656,0.1376433972519884,3.44408369272478,-1.6551923352416178,-2.2729646585436907
-0.007879603990090618,-0.01467327731440702,-0.00733800793319469,-0.0033290418121693587,0.1425981970639397,3.4195594579835364,-1.6968841402780914,-2.2481298381750183
-0.007862841870795206,-0.014661368658323449,-0.00733192121744525,-0.0033611574707033192,0.14124420327492215,3.4398744441561595,-1.6770314461590954,-2.2647033440625624
-0.007806780368958702,-0.014647762815991236,-0.007273359755593068,-0.003431755547297031,0.13123122372574295,3.4549439125252204,-1.6093658625802814,-2.2911348903779793
-0.007781684651407033,-0.014645835300457061,-0.007240990899088681,-0.003456990392695831,0.1259149997332899,3.4527781487143763,-1.5792362099224186,-2.2978338816886748
-0.00776347724690056,-0.014636796421336674,-0.007227676942081196,-0.0034857417611240714,0.12348525809768154,3.4653750583987657,-1.5570910439610792,-2.3103247546234487
-0.007742549991580841,-0.014636752006925819,-0.007198277819440646,-0.0035040413401911034,0.1189433455385759,3.4597816425747525,-1.5321729879172603,-2.313625446531011
-0.007603622906151224,-0.01456959597605989,-0.007084648887295161,-0.003714903936875013,0.09669491516177349,3.5377221344059464,-1.3596440251262054,-2.396174923164772
-0.007624468094548846,-0.014577490831073603,-0.0071053468390220595,-0.0036869748891814,0.10055612372487009,3.5314742145871745,-1.3855191341400965,-2.387044844441124
-0.007720927744583484,-0.014626894850724416,-0.007180755583782609,-0.003536522690660595,0.1156045666168183,3.472174612300698,-1.50579303828388,-2.3268780327125724
-0.007644679284712861,-0.01458892565235407,-0.007120357523442699,-0.003654175503392512,0.10363280219533193,3.51782713660359,-1.4112151243366193,-2.373892447673924
-0.007696671923977212,-0.01461157868866097,-0.007166241082947457,-0.0035788357570585775,0.11232618202423986,3.493495576738888,-1.475589727878772,-2.3457184683472607
-0.0076677492118083146,-0.014601643495940337,-0.007137508943383608,-0.003617048919333341,0.10723276219497065,3.5023579147349877,-1.4402972734817945,-2.3588468194224608
-0.00758129165446297,-0.014565903979881258,-0.007056314737084097,-0.0037375316456589075,0.09229714249026973,3.53504278831856,-1.3330115242779417,-2.4006031786084665
-0.007557734113077368,-0.014565989834499677,-0.007021430383211719,-0.003755173019787016,0.08719581066222694,3.52443190789397,-1.3060849989839463,-2.4007575840850475
-0.0075314571801489184,-0.014566601657380227,-0.006981878992750494,-0.0037736614833620494,0.08151093946575617,3.511405797658572,-1.2764637386012707,-2.4000847491058734
-0.007503746881629219,-0.014564111149961291,-0.006943855106820002,-0.0037973016161649913,0.07570158932089831,3.5028212309329674,-1.2447898452849,-2.402066662987878
-0.008529990301810971,-0.014859940521531495,-0.00782276875596573,-0.0023659926466776666,0.2249697027643067,2.9534710641323545,-2.4094703112944487,-1.735416901838347
-0.008144726918934923,-0.014762053841156331,-0.007549933432816752,-0.002941050063319583,0.1803468371757296,3.2532821217072,-2.003113707225644,-2.0620076814243014
-0.008164124947760016,-0.014764848179742674,-0.007569357264837684,-0.0029160977514428687,0.18345492553689177,3.2455879874618154,-2.025645561995456,-2.050094520873422
-0.00818510999524852,-0.014764580373238708,-0.0075953595331719045,-0.002892869882770732,0.1874852507754549,3.243247295751097,-2.0510459643268177,-2.0401600240079785
-0.008205198073510526,-0.014761525358718566,-0.007624579257091971,-0.002873750927979656,0.19192328211259393,3.246136116197373,-2.0764028874483276,-2.033102249322887
-0.008231349284441122,-0.014775998655252446,-0.007632815958209019,-0.002826317688122038,0.19378176719518933,3.213327035534889,-2.1028091280505223,-2.0051599250203442
-0.00821539336546796,-0.014774008083736911,-0.007616928540144485,-0.0028470503725932525,0.1911116683950723,3.220119813070221,-2.084336457178048,-2.0154928996642343
-0.008379284526711507,-0.01482714187002337,-0.007718831983982919,-0.002591328945808196,0.20862424082941175,3.0761375896836785,-2.2556606534683166,-1.8695546317490674
-0.008359590909876362,-0.01481718597705115,-0.00771356611641994,-0.002626467869711286,0.2076006258569219,3.1014593658583465,-2.237581795088687,-1.8913036352159003
-0.008248758845223797,-0.01478072136373215,-0.007645879946077304,-0.002800522679753384,0.19596028666353169,3.200650192170858,-2.121956114013276,-1.9911310272458336
-0.008336309245231495,-0.014811927599298908,-0.007696131637484738,-0.0026606160264664746,0.20475604310741866,3.1185889102514683,-2.212747591161761,-1.9106188986033565
-0.008269896234752647,-0.01478579659663062,-0.0076625365153661995,-0.002769821923424724,0.19873150313395802,3.1861993034738894,-2.145279195566306,-1.9745113343323943
-0.008314431104111192,-0.014801528689669309,-0.007688394655333843,-0.002698748004717685,0.2032801111889226,3.1447071325369396,-2.1916422683423664,-1.9336594044064115
-0.00829127093935989,-0.014796180767785267,-0.00767050565128831,-0.0027324976932189605,0.20032664632231897,3.1610359656193334,-2.166473042777877,-1.9523160820644911
-0.008395098952718484,-0.014834064939686595,-0.00772461129191037,-0.002564275849679432,0.20970445892068698,3.0576351013392262,-2.270485724672202,-1.8529566559834902
-0.008410394449055492,-0.014840429526829091,-0.007730559988936965,-0.002538440843446979,0.21075752660733374,3.0401797406490942,-2.284818236703675,-1.8370853217108187
-0.008425919127248596,-0.014845752656768735,-0.007738321029023208,-0.002513404456085746,0.2120601450482594,3.0244173572591073,-2.299795076403934,-1.8218932734920539
-0.008441678306193539,-0.0148499710998514,-0.007748017733403135,-0.0024891936800656525,0.21362818001369863,3.0104343861293454,-2.315493823450033,-1.807406363807676
-0.008512458714867846,-0.014853951842914881,-0.007815220189497471,-0.002394856248936941,0.22373159220662983,2.9727887336810648,-2.3934602502491233,-1.7536582817603585
-0.008457741155625679,-0.014853301878322228,-0.007759368016367976,-0.002465458109171034,0.21541217094743972,2.997769970698767,-2.331914239433159,-1.7933521483924857
-0.008491980686035263,-0.014857409566327992,-0.007788129811175034,-0.002417640935721665,0.21981674830796302,2.975592675388875,-2.3683091376974463,-1.7655016792514944
-0.008474324204419119,-0.014856233622051844,-0.007771773748811048,-0.0024413832140127013,0.21730799541843557,2.9854059143754488,-2.3490416600762316,-1.779124817996079
-0.00871516111051783,-0.01491131084614118,-0.007909173199759959,-0.002068915108755793,0.2380311072508292,2.757291783039993,-2.574118039660407,-1.543505373611267
-0.008698629110587957,-0.01490737552803046,-0.007901331006252496,-0.0020951343977593175,0.2369075365983884,2.774641638348594,-2.559854300251574,-1.5607865776691041
-0.00866724825716372,-0.014893400416045916,-0.007897507310730365,-0.0021507694150201474,0.2362963568850704,2.818713833636377,-2.5370242667703455,-1.5984784445359004
-0.008680243457473282,-0.014903425161721984,-0.007891614858210513,-0.002123828343521272,0.23546160423534082,2.792955492103365,-2.543476804539861,-1.5795178712384799
-0.00853401407842465,-0.014879009480682931,-0.007793820041387131,-0.002341503478936163,0.22102618440905317,2.9164098462551924,-2.4020866968150227,-1.715879017441617
-0.00854957405653157,-0.014883832341217066,-0.007801031760658431,-0.0023165005222451347,0.22220349627000766,2.9000667254678802,-2.4161810323643063,-1.7000884348918277
-0.00865113316081703,-0.014892498755814915,-0.007884049902472717,-0.0021734535679389082,0.23430389970894863,2.82983322082099,-2.5204617162983562,-1.6126190193086172
-0.008632387635408556,-0.014897862574034783,-0.007856870452640623,-0.0021936072985970067,0.230514038449571,2.830983297353978,-2.4966320818244685,-1.6235898668149182
-0.008615139808827667,-0.014898403417792886,-0.007839521675136588,-0.0022160980635316375,0.2279891413268423,2.839607434444748,-2.477761599644388,-1.637004886326373
-0.00859815727898644,-0.014896612947052816,-0.007826365290706972,-0.0022403152067086815,0.2260695709400786,2.8520190815582764,-2.460696447934382,-1.651926000033891
-0.008581454968270154,-0.014893207834689622,-0.007816123191545924,-0.0022656118022310015,0.22453289626388798,2.866952045371905,-2.4448976299266616,-1.6677938726444845
-0.008565243360806664,-0.014888751063771502,-0.007808002726387586,-0.0022912113246707304,0.22328111191687014,2.8833197440104836,-2.430174543431356,-1.6840153680909218
-0.0071262958523728576,-0.014363740562491442,-0.006571651872362219,-0.004328068608008213,0.005153391241673099,3.600003380023161,-0.7619115317909396,-2.5330124812178347
-0.007142715658068601,-0.014394524957888316,-0.006569178283702455,-0.004271572366120239,0.007946748303766293,3.5635538961889033,-0.795744792543099,-2.5095949421402106
-0.007474839440896608,-0.014560806689352562,-0.006904873123856628,-0.003822490421540038,0.06974493430064138,3.494555469016266,-1.2119054611522235,-2.404293544832715
-0.00745146133844367,-0.014546248970634737,-0.0068868142682798825,-0.0038601549862819122,0.06600618661037713,3.5083519263465006,-1.1819929356548387,-2.4174996775072786
-0.007362265885606335,-0.014508362216201562,-0.006794626099130673,-0.003975062721741976,0.04961428768385614,3.524773988445404,-1.0727721439823064,-2.4464348623867447
-0.0074226704342789124,-0.014546943623278775,-0.006843043098969634,-0.003878347760465587,0.05983744568203995,3.491986170648737,-1.1509642351108187,-2.4147710439068857
-0.0073846101372211335,-0.014538753860552681,-0.006795205061181248,-0.003915223584697362,0.052268323764447414,3.4854806643124374,-1.1076070555032382,-2.4193571281970985
-0.007324343173730508,-0.014508044905366106,-0.006737419213610644,-0.003998591029613926,0.04158620369411265,3.502440346839507,-1.0328863933235966,-2.4415328623461527
-0.0072879354763093806,-0.014492752297646572,-0.006698020380807831,-0.0040431188096065685,0.03469916213829424,3.505378086037521,-0.989099863050833,-2.4503829647865416
-0.007255628069102402,-0.014479060861156986,-0.006662615397656932,-0.0040822062378281935,0.028686291675654573,3.507111068877164,-0.9503172632116651,-2.457521072396163
-0.007215818904643851,-0.014443418061614702,-0.006636751709156559,-0.0041585809477529614,0.021931914944519626,3.538478638645408,-0.8934072233425142,-2.482739518899953
-0.0072285604311147405,-0.014468363826398278,-0.006631788252440091,-0.004113313675548006,0.023349392683514273,3.5065228881674826,-0.9183253493628701,-2.462134614215926
-0.007162265785251185,-0.014423464921519198,-0.006572641102820703,-0.004216766262367339,0.011394536934782715,3.531880970687888,-0.8307172604919218,-2.488229273166613
-0.007186376492802297,-0.01444474112606929,-0.006589809046362527,-0.004171690036884684,0.015653889669183484,3.5152721971608782,-0.8652122486151471,-2.474621249970888
-0.0058704816761130174,-0.013543114311542872,-0.004883166991555745,-0.005716155686580473,-0.22986490311020671,3.0775285442173366,0.6694600345775013,-2.2692442838825233
-0.005817734231469727,-0.013528565888627424,-0.004802548877467575,-0.005721391350301958,-0.233205115195069,3.024387789655036,0.6871464027610945,-2.2371220558292113
-0.005766279218417339,-0.013495505898418036,-0.004723394099369451,-0.005753774421457898,-0.23897986112589145,2.98055912245658,0.722664072585439,-2.2078650011118754
-0.005697146086408776,-0.01348718369903358,-0.004620685147869418,-0.00574190373717915,-0.2401979460656052,2.9091709735885156,0.7303305029306103,-2.165483941713171
-0.006146415929770641,-0.013839707446940287,-0.005281918272134707,-0.005317789879340457,-0.1784480777088142,3.214536172363865,0.31047129026639797,-2.3719932839886657
-0.006096775819324696,-0.013807701364570964,-0.0052110285461768385,-0.005360591047735553,-0.18577281369517093,3.182599578054843,0.3560352200326499,-2.352123288787148
-0.006048129962148266,-0.013773549915615023,-0.00514146186273855,-0.005405338591061292,-0.19344746809094424,3.151843929926373,0.4021507409475024,-2.332406217074347
-0.005997426174514184,-0.013734716330082495,-0.005068631115369599,-0.0054552499277330585,-0.2009650544019887,3.1203619870706336,0.451834305084775,-2.311618959592955
-0.005886103234491885,-0.013603809843744789,-0.004907083763613062,-0.005628126857474864,-0.22204350234977005,3.067368397131275,0.603057785134907,-2.269854203248409
-0.005944226540967586,-0.013710585876861728,-0.004989911989221412,-0.005480582432910015,-0.20688577212727385,3.076547243076995,0.4854834864794802,-2.2845903060465678
-0.005895345450905079,-0.013673615413912496,-0.0049185921315719194,-0.00552489186900724,-0.21363294945437053,3.043539496598364,0.5297975861642071,-2.2625030956440306
-0.00498351915878404,-0.01276801915841542,-0.00343099732572852,-0.006344563718061681,-0.275256181761043,2.25057552361416,1.2633462377127957,-1.6694661597534606
-0.005025868362340399,-0.012821315683566202,-0.003509409106803992,-0.006306613348584088,-0.2754620255005135,2.296397309445424,1.2331032616630404,-1.7062121838633553
-0.005128863523378574,-0.012893257302081781,-0.003671109418737424,-0.006279310638504927,-0.2787120314687433,2.3961742005264526,1.2046946423928526,-1.7765373125774435
-0.005066212989036858,-0.012873232927721703,-0.003584104764042017,-0.006267440265366027,-0.27552467436083067,2.3398681065638995,1.201743650674951,-1.7408885003662433
-0.005162372855770068,-0.012960720361266958,-0.003743923345005042,-0.006213781556429728,-0.2763842390013836,2.43474508059993,1.1540514486290538,-1.8112650045709076
-0.005206949635956836,-0.013025650781624626,-0.003828050817327282,-0.006155535397730086,-0.27418772920625806,2.4804179465659857,1.107409966771992,-1.8491469024481655
-0.005319398865089878,-0.013128259410141705,-0.004013138100710083,-0.006080198457822857,-0.2712907110735991,2.5869358889876195,1.0394317129865618,-1.9278384132146298
-0.005260184800771416,-0.013080841390883518,-0.003918270990046023,-0.006112270911922463,-0.2724963845380928,2.531428220217446,1.0700599328714,-1.8879638968825712
-0.005304089047278151,-0.013217811715105316,-0.004021093911225922,-0.005954156055112987,-0.2628286867806539,2.570877240307001,0.9514945688127437,-1.932266258861952
-0.005610096897990073,-0.013418248844294123,-0.004486572276158774,-0.005809445926121009,-0.24885103336478157,2.8381252688629335,0.7969067343343353,-2.1159103921646856
-0.005626172709579394,-0.013485124448198127,-0.004517983831967756,-0.005719786803186715,-0.24205164576064905,2.836445755951623,0.7313781552274307,-2.122884568241575
-0.005543651098802925,-0.01337768436150475,-0.0043855817405143846,-0.005840753461666931,-0.25320936604426314,2.779807934912792,0.8322248537681965,-2.0767376181300548
-0.0054706914154650284,-0.013354828009116446,-0.004279597320130926,-0.00584271520465402,-0.2542820182875473,2.7126306002671527,0.846941038873683,-2.034271926239469
-0.005357010508137937,-0.013271582303114336,-0.004106124453606852,-0.005906878926725197,-0.25918952763364245,2.6157673248866122,0.9104804498255169,-1.966232578400058
-0.005407591575302183,-0.013319369571532534,-0.004185809263119382,-0.005864634955801502,-0.25624023770366006,2.6578023774748156,0.8729706170101975,-1.9973706545710643
-0.007093007598376025,-0.014370263017881232,-0.006512759513538957,-0.00433267585639075,-0.0016387709265533038,3.5626282662210866,-0.7344119543721225,-2.5169380402547863
-0.00706083398721611,-0.014368509687813205,-0.0064633615567359125,-0.004349337577175967,-0.00839507565913411,3.5393336978284653,-0.7038079952312497,-2.5083679131498715
-0.007035778804199459,-0.014382582158801047,-0.006411700648081239,-0.004337588846854549,-0.012877958309785309,3.4974867151432356,-0.6901509842981866,-2.4878916202724364
-0.006999782432194893,-0.014333937109390153,-0.006395971551189483,-0.0044287406278268006,-0.020254078028956384,3.5406956301828427,-0.6269835372068604,-2.51769253685811
-0.007002918705871729,-0.014374514478048163,-0.0063670530467013165,-0.0043634212683196436,-0.019487835550152984,3.482863675330735,-0.6561269599008464,-2.4840413585111913
-0.006586747598758561,-0.014097946314174915,-0.005889887748446427,-0.004910956066924903,-0.10193760424342913,3.453310510832883,-0.13329812266217747,-2.5045671965216063
-0.00694099175551359,-0.014278546859600198,-0.0063463790461603855,-0.004538743014898182,-0.03199237819637409,3.5702934583014785,-0.5381545648568586,-2.5419295720271973
-0.006966903516170242,-0.01431446359435523,-0.006359423434324566,-0.004471996380432413,-0.027007592349314786,3.541016142794898,-0.5854052808537746,-2.5221000046397966
-0.006895592981051034,-0.01428578792768373,-0.006267769120001634,-0.004541867994947087,-0.040717524389572234,3.5184793564622097,-0.5056971546850527,-2.517699121468748
-0.006852952994146798,-0.014277366879765515,-0.006205899420352343,-0.004568244584348201,-0.04873126527807071,3.491189473936974,-0.4656763965374598,-2.5066314077279936
-0.0066738422255479225,-0.014165566563755939,-0.005992589639046912,-0.004789184998489671,-0.08406606731102595,3.4631855031775616,-0.24749739661608808,-2.5055763496357986
-0.006702628410623222,-0.014187048593019927,-0.006025857861476123,-0.0047493357797926,-0.07824736386589586,3.465502059633564,-0.2847258391124791,-2.504992487846754
-0.006642248465075098,-0.014176961088274672,-0.005935236715079852,-0.004776244490169554,-0.08837480984183882,3.417831766379469,-0.2363591734966417,-2.4818991336810354
-0.0066026997367264004,-0.014137537731643363,-0.005894266268752176,-0.00484517709128957,-0.09694586620722678,3.4242331685735543,-0.17807580279605603,-2.487614214684314
-0.006617859376568197,-0.01416673205850591,-0.005902242599845566,-0.004796377116267908,-0.09308517066058301,3.4056266900049024,-0.2123988673447153,-2.4763601871227667
-0.006811249420203399,-0.014263908833635536,-0.006149041266052527,-0.004601308755901469,-0.05650239144240223,3.4707651879192762,-0.42370232542164493,-2.4990457657323346
-0.006766981268272864,-0.014241501984888525,-0.006093827780923392,-0.0046482083818161915,-0.06500972605355766,3.458688081201213,-0.37384639640539236,-2.4961342170904075
-0.0067116849484120935,-0.014229884476473291,-0.006013489493134517,-0.004679106964698614,-0.07464718315009976,3.420937740684654,-0.32571455943366034,-2.478953469917227
-0.006149911706243238,-0.01390835024226113,-0.00527120073111311,-0.005211738490908315,-0.1709008174844047,3.1672131248174757,0.2418254002885942,-2.3482350575137505
-0.006366572325744849,-0.014008537935698605,-0.00557776771296663,-0.005066442421383263,-0.13906531749682446,3.312417973340595,0.06444332497710319,-2.4312787767989974
-0.0063749075216544245,-0.014056330976975801,-0.0055720233562668135,-0.00499118460542064,-0.13401183082670046,3.275851478935516,0.01637492525954157,-2.411214508564789
-0.006321698748631503,-0.013996610484219584,-0.005511459674560606,-0.005084834683566272,-0.1454509099048039,3.275691519211744,0.0952177063202519,-2.4110731767430553
-0.0062755360200836136,-0.013983133860307593,-0.00544392788238219,-0.005104628271033544,-0.1514719144956539,3.2389557799271826,0.12671568934792085,-2.3906078651189078
-0.006230999080312279,-0.013960992762473454,-0.005381755402925442,-0.005136934297070113,-0.15837759550175431,3.2110317182840817,0.16435482077777183,-2.3745056429344755
-0.006182431579827168,-0.013965664136856926,-0.0053056417815333864,-0.005126614573824664,-0.16239394557295242,3.156697333485148,0.17705199004309782,-2.3441003489799974
-0.0065503018437918226,-0.014096824347977991,-0.005831656126130628,-0.004916617258404314,-0.10742154033608099,3.416305394189346,-0.11101496165379647,-2.485388671366019
-0.006509907008535141,-0.014094535722570169,-0.005768141644091121,-0.004923930279766903,-0.1135292153843871,3.3768233371608543,-0.08613586416365195,-2.4647811021839057
-0.00646832613520647,-0.014085040788063998,-0.005706572964192222,-0.004942062693405629,-0.11995912306163718,3.3437803703735223,-0.055319409209280794,-2.4475305571329717
-0.006419296694904661,-0.014080854340499875,-0.005631205168505509,-0.004951322356958394,-0.12624159916486175,3.2975044683685644,-0.026914505067482556,-2.4227521002819272
-0.013257073500622066,-0.005548766366260691,0.006015029077714548,0.004368151489487659,0.5586111044992627,3.1120864783350197,-0.2890236595228232,-2.298881000739343
-0.013423237890949303,-0.005690141490232143,0.0058340116713011874,0.004604271081843106,0.5427054125419523,3.1708501744620707,-0.09282981819748229,-2.3381453956073552
-0.01348850401693654,-0.005713392621126232,0.005746701179078187,0.004645541701398582,0.5303551983380236,3.1496870678783755,-0.030821340178076476,-2.3275562071339415
-0.013374587917585138,-0.005631148847614597,0.005881715208530139,0.004510960005665517,0.5450890797662763,3.136083487573259,-0.15921853990158427,-2.317393363971903
-0.013310243358760613,-0.005587938128802809,0.005956425115757056,0.004436467162632598,0.5530740889249931,3.126737650479925,-0.22963918744370493,-2.309748697916462
-0.013428778678723769,-0.005617101405277349,0.005798091295679518,0.0044990309540060575,0.5307872236032131,3.084268503755021,-0.12270747015965162,-2.290257556182989
-0.013541598068789308,-0.005742747143839327,0.005678674720032416,0.004692396986433505,0.5218855287271006,3.1417233606832977,0.024417288079130777,-2.3237117995711447
-0.013600791873743615,-0.005780387318511105,0.005603160491668086,0.0047498293675657015,0.5119015564879086,3.135497855904689,0.08778879276526506,-2.3201656347829194
-0.013653412764520931,-0.00579886914250706,0.005530998628220441,0.004776875994019675,0.502318993403406,3.1121634573962473,0.13431504596593807,-2.306590068413311
-0.013249417005629642,-0.005485987281809576,0.005996826568677424,0.004277581630178578,0.5492767651955673,3.042552422322491,-0.317005575959549,-2.259012954666584
-0.013060832816679042,-0.005375308269875846,0.006201255842737895,0.004064908772808161,0.5690605073241003,2.999920066464123,-0.5085276529365622,-2.220741939178738
-0.013027636936799307,-0.005308792229941828,0.006209441301711521,0.0039627024701294885,0.5618097277501918,2.9344799180224883,-0.5497162923604265,-2.1798381161829714
-0.013049396923567758,-0.005248653594371402,0.006148274392320718,0.003892133138674299,0.5454887874460206,2.8581169586440103,-0.5404055136921798,-2.137437280047208
-0.013144178938399812,-0.005404908884954657,0.006103086463324657,0.004134645160655931,0.5567378883316018,2.999654253396471,-0.4292089390525065,-2.227483525644448
-0.01322916306849669,-0.005414473756362212,0.005991574068091829,0.004173353653871169,0.5415577965367947,2.9713880993095887,-0.35549542706939036,-2.216763317054785
-0.012885927005933911,-0.005163037368521292,0.006309726730200519,0.0037113449022335146,0.5569868200234774,2.807178492280727,-0.688612002064767,-2.0916399782289443
-0.01303068850432391,-0.005188876697192114,0.006140488617357435,0.003807732305906726,0.5372942397078823,2.798675167038992,-0.5641986150147112,-2.100735023734994
-0.012963508174470437,-0.005167365297369334,0.006214111652068733,0.0037524344487902274,0.5449217947362247,2.7940587035703266,-0.6221553776367963,-2.091730519559843
-0.012866158266746659,-0.005072396676317333,0.006280897235664748,0.0035890926250356507,0.5409422348437009,2.7126567796438668,-0.7083707154192735,-2.0339660392450862
-0.012745967006470781,-0.004998179588914869,0.006380824750679676,0.003437153400648527,0.5424062714210339,2.6499196110053904,-0.8077663797907347,-1.983293745894419
-0.012682107540699573,-0.004923786713420386,0.006408694291577656,0.003314242291907257,0.5335193795987175,2.57761320785567,-0.8557942093548352,-1.9326568085619298
-0.012837116364190672,-0.004995369000735643,0.006270796268828199,0.003481711065084482,0.5284692494130149,2.636901829624403,-0.7326321007064283,-1.986065175928216
-0.012523041566640872,-0.004721166791873565,0.006454011800063668,0.002993761505338685,0.504932419094564,2.3793985632744206,-0.9549324674165988,-1.7941764743334037
-0.012590273045730745,-0.004740100074908073,0.006394477375830938,0.0030555828586346736,0.5024598872053885,2.4006712494188163,-0.9069148822683827,-1.815657952634521
-0.012438482483640023,-0.004697919359767526,0.006527073024654481,0.0029140720321040215,0.5074621843752828,2.3497699074508556,-1.015441818212116,-1.7642910647098498
-0.01236434449301906,-0.004666917319748493,0.006581866130920105,0.0028310770443762913,0.5061934630922895,2.311360943234639,-1.0648742509126385,-1.7303775330740785
-0.012322836940501111,-0.004593782627232814,0.006572657576352023,0.0027286239983764474,0.49158894521179247,2.2398117101245325,-1.078107302433413,-1.6819104486289767
-0.01210552866220509,-0.004405743762008136,0.00664287567009497,0.002392084286549269,0.45761458254013,2.034293167178349,-1.1759932339925998,-1.5257873719471229
-0.012260862099887897,-0.004523753629620155,0.00658392427337666,0.00261639707908571,0.4790335189638717,2.1683206843380938,-1.1044342412314778,-1.629949298842407
-0.012186184300265523,-0.004461850563425883,0.006610180431491988,0.002503711757242932,0.46860635297684156,2.1002391220986953,-1.138765206289487,-1.5777801461817946
-0.012648750075051859,-0.004805639976692627,0.006372013754161334,0.003161696610156258,0.511585452909991,2.462959756409781,-0.8706199171683887,-1.8600834941513686
-0.012651378776258274,-0.004713201053769854,0.006312263212401683,0.00306260677754119,0.49114268711724796,2.378452776670786,-0.8574589566182154,-1.8099842016405279
-0.010045660156054667,0.0034281095003142847,0.006810751761139097,-4.4692514552570574E-5,0.15824280250086772,0.37180165918247626,1.4672421583637918,-0.1236384179068921
-0.011261726186298338,0.0038975301167244393,0.006852615889531782,-0.0013090206934806322,0.3335051405992669,1.333181888471862,1.4287314753472546,-0.9554470218527428
-0.011146149868366944,0.0038153212527760137,0.006845970263565446,-0.0011629194617394708,0.31078100498090383,1.225406543549167,1.433450981226722,-0.8695005225605329
-0.011025334719511108,0.0037616881982286835,0.006857717764347073,-0.0010279479398274537,0.2938341096014086,1.1285115765853349,1.4506174547189745,-0.786929080608097
-0.010227720755115681,0.0035478405077467717,0.006891560710108499,-2.190898394503779E-4,0.18693627850969882,0.5245668011938721,1.5214921076444532,-0.2477544800370109
-0.010876874274391619,0.003794218004715743,0.00694046020783646,-9.000226960500418E-4,0.28480620385603833,1.049627670660538,1.5194222125901364,-0.7025814050035829
-0.010714954987791056,0.003773994111795813,0.006977428457741069,-7.350008518688368E-4,0.26674028437774516,0.9345096341126714,1.55701038367795,-0.5953937394925073
-0.010451908473174518,0.003635640581587782,0.006929695832158355,-4.451593208256664E-4,0.2208513128619252,0.7053769416826585,1.5381249715882175,-0.4042504233397897
-0.010625387200962122,0.003656393688674634,0.006908673210556266,-6.16123369827611E-4,0.24191410976834082,0.8311388815846327,1.5126251270432471,-0.5205522628263257
-0.009649236313584466,-0.0031967749530448742,0.006625867102053145,-2.823227574070575E-4,0.10615429947218806,0.07516997210914837,-1.3391036310487532,0.12433282922397128
-0.009881454782088624,-0.003366342906167768,0.006763324395539178,-1.0089791579132307E-4,0.1365500930705039,0.24856740202300825,-1.4384428352220344,-0.015284243171933717
-0.010104645791478023,-0.003445607889598238,0.006822057945191276,9.837824893083177E-5,0.16523579216923087,0.41579766490631015,-1.473023804704538,-0.16363511700495156
-0.011056792454408335,-0.00393541138498504,0.006981248369317429,0.0011323748101910605,0.3242184346158597,1.229999697364504,-1.5337106498539201,-0.843850151030029
-0.011168544403963707,-0.003907193700314744,0.006906693396841583,0.0012271407455761716,0.3276457869600366,1.2839394497765342,-1.4729650862673591,-0.904608816098812
-0.010284446386236821,-0.0035320086301087457,0.006873784714946409,2.7104565727358276E-4,0.19117318538313657,0.5602164573671969,-1.5042676996643871,-0.2853371114592094
-0.010561695941570023,-0.0037296889327442535,0.0069820445025739865,5.719033587820802E-4,0.24386841085069064,0.8128479421704441,-1.570345532736704,-0.4876158949053842
-0.010449667929216715,-0.003624397796208066,0.006921436295742611,4.409685840311684E-4,0.21919316825764557,0.7004209204794362,-1.5315969781400867,-0.40174132995581696
-0.010781004287210893,-0.003805658701602973,0.006982513465286582,8.100487113896338E-4,0.27792438342627945,0.9921799740472071,-1.5562254942812588,-0.6437531938211603
-0.010693586712893971,-0.0037203569038990643,0.00694077512749221,6.988288472836863E-4,0.2564317085461927,0.8996126661129328,-1.531720151066892,-0.5732228758734662
-0.010982814550051543,-0.003840475616174158,0.006936632874350334,0.0010199681581010381,0.3023747923431923,1.1385768839107362,-1.5087128918115604,-0.7781465916023396
-0.010895365089820919,-0.003786212412699487,0.006927427374062295,9.150377729212971E-4,0.2845183213658069,1.0589583074667965,-1.5086338184979275,-0.7133897092661406
-0.011671938176043185,-0.004141399647777088,0.006790413730195202,0.001825467933943117,0.4001539834706667,1.6843642679718724,-1.3412735435307572,-1.2424657600591775
-0.011588669250404679,-0.004031442336584152,0.006763805844043762,0.0016793603708008076,0.37551143410578686,1.5773175815892857,-1.3373798527626837,-1.1648997614276644
-0.01128218299766811,-0.003885526426284608,0.006832870912932057,0.0013215326176277697,0.3332383204513843,1.3381528604639312,-1.4133767700749285,-0.9637142969995595
-0.01146854569749198,-0.003957102962131482,0.006782894946799706,0.0015281560660808755,0.3556182800781729,1.4752853538766038,-1.3633893538204067,-1.0820317283577576
-0.011387707001393414,-0.0038890153493515173,0.006778558592315171,0.001417976625003455,0.3384980561580875,1.3964730832765466,-1.3684365217418217,-1.0207086702489974
-0.009980326408083509,0.0031978374336653907,0.006648434122051655,1.2398065874011377E-5,0.13703579568068702,0.2884897960170721,1.3375117932388443,-0.08314624043672834
-0.009923678552416096,0.0029766072893884273,0.006504880508097055,5.274434637637595E-5,0.11997777736026356,0.22321950296719797,1.2191552452672647,-0.055006226034460766
-0.009689635937784201,-0.0029917478274116434,0.006498990986277475,-2.276374911694905E-4,0.1034285646895908,0.08230438371852353,-1.2274606218012252,0.08610959131723593
-0.009607897311178868,-0.0027586425739093545,0.006353617447109049,-2.5829142160693264E-4,0.0892112926672497,0.01893693337524009,-1.1044068296396228,0.11645595868543171
-0.007784974065435569,-0.001827846941531829,0.005382392853881104,-8.057724892703287E-4,0.01568846285064879,-0.7375213523280112,-0.5074188129740916,0.827026438895159
-0.00813692183215235,-0.0020570272381051228,0.005609491986685699,-7.9922448704859E-4,0.02009459126087512,-0.6420189292735651,-0.6333469047362601,0.7323071251741896
-0.009082512782690665,-0.0026116106278664623,0.006173186093353461,-5.577181819077262E-4,0.05409687709785777,-0.26693740283157436,-0.9922229674284085,0.3852857827650293
-0.009406160834558053,-0.0025120565178304104,0.0061953894021951625,-3.4694049825877317E-4,0.0712532125971811,-0.10035814982487612,-0.9744793955218772,0.20774677541307848
-0.008468935554410731,-0.0022580588116845562,0.00581649053221767,-7.517816152911673E-4,0.027657118330417896,-0.5314013730922015,-0.7576892667010613,0.627314523387395
-0.008797175313044853,-0.0024298240952051373,0.00600382804753584,-6.592525434341675E-4,0.04024976932498728,-0.3996694440661838,-0.8759767578386587,0.5041587128766695
-0.007832189635906676,-0.0013960106998914914,0.0053090964075697905,-5.926466563414707E-4,0.018920776356687527,-0.6894019163204091,-0.387826429738155,0.7586142005034944
-0.00987752218676744,0.0027235600799626566,0.006355768192375918,7.696664403412857E-5,0.10743434949353946,0.16856614710456996,1.0892919683055224,-0.03288664622118904
-0.009634075109088723,0.0026441228774988232,0.006294867344991173,2.2806040686234355E-4,0.08725815007332698,0.028252382852375933,1.04800095222649,0.09496963540252697
-0.009479146772810434,0.0024685190070921487,0.006186094496342901,2.980778074985198E-4,0.07448133490708798,-0.06286336277018902,0.9577197241711183,0.16614736924784124
-0.009289698553621327,0.0022935247311825576,0.006073386665273832,3.7065628062547877E-4,0.06094953764149642,-0.1601260802945079,0.8677403054547845,0.24700974426083497
-0.007954139882618593,-9.379938018966899E-4,0.005286691301469679,-3.740653381316143E-4,0.020890343882158286,-0.6285036261254203,-0.26656356480568816,0.6760339734637957
-0.007614393220554291,0.0011580983813745034,0.005168495258644735,5.254243828095583E-4,0.017423719506521985,-0.736611885290725,0.30098432586169693,0.8061013678423601
-0.008057447613932893,0.0012157593463146001,0.005371549423778752,4.685520603261358E-4,0.02192056578317817,-0.6090020945388042,0.35665975747746215,0.6608241967067779
-0.007723535045456221,-4.907059305304506E-4,0.0051458241916835555,-2.1155366580721965E-4,0.019741037702787036,-0.6801232508240297,-0.13088433355525933,0.7304246674275697
-0.0075701887166873,5.850866868543773E-4,0.005084533352693246,2.6556872303572725E-4,0.018579678395042515,-0.7235868290150399,0.14918591470681716,0.7824435863642131
-0.007576746345925292,4.6016478180548504E-5,0.005065927518913329,2.0515758532001756E-5,0.019748232689027857,-0.7142154000636588,0.011340706998476299,0.7692113252341585
-0.009075132608243537,0.002114799028692439,0.005953436381816223,4.356517343971831E-4,0.049713082253031955,-0.25985770023775806,0.7735344721159878,0.3329434926696469
-0.008804703062234706,0.00194245660145017,0.005818641663818782,5.042594320007207E-4,0.04028370236663633,-0.37304807825207453,0.6790046223119095,0.4399954082647306
-0.008326721431387156,0.001424014284768031,0.005516541444270103,4.871455380322727E-4,0.026259734363396587,-0.5305495933546097,0.4463926826935785,0.5819714254082043
-0.008661849977770922,0.001615091739174075,0.0056761679286066674,4.5623284244099884E-4,0.032895615909985694,-0.41698867332582906,0.5433873475732273,0.4659000171603475
-0.01206846146343962,-0.004317112544605479,0.00661232016963046,0.002287000977991064,0.4402081964590185,1.956708002208318,-1.1714757761629386,-1.4738787269715432
-0.011783128437055172,-0.004122344418264635,0.006697241959413394,0.0019063518227989296,0.3978180516889585,1.719771633417664,-1.2709358645644437,-1.2857402032811056
-0.01189003770420328,-0.0041926091483685856,0.006668042575357365,0.0020462129386610993,0.414426718593961,1.8078622482254174,-1.2365581734239506,-1.3560956635327752
-0.012008279138521717,-0.004231569118506789,0.006602207795037259,0.002169980467604854,0.4223202418814925,1.8761152951224642,-1.180164459664601,-1.4167204152769886
-0.01576060446101147,0.01744877232107367,-0.002457501795339562,-0.001837701452381882,7.395548459470958E-4,-0.8817149954696158,0.2654525424450249,0.9851678237993385
-0.016051926768431278,0.016984219712886665,-0.0024266654606901385,-0.002066413903589546,0.01251004799673919,-0.9379679509968657,0.1782337689737318,1.0505249469166662
-0.015968048549926967,0.01802603670840225,-0.002184481215313517,-0.0015435204179677835,-0.010258570997193238,-0.7800515236674325,0.25784107738662954,0.8621703240527215
-0.01600052011267561,0.019195158721248853,-0.0018158228311889702,-0.0010615570236396225,-0.0380987060971654,-0.6202379965006495,0.28259177895216614,0.6753594160637842
-0.016148054945419855,0.01856348619110399,-0.001948828691173458,-0.00130162846014168,-0.02179154426674363,-0.6976313255942307,0.25059337213917354,0.763787691352255
-0.018261042029916935,0.025,0,0,-0.25732572186009994,-0.001393215770417576,0.1317150982401226,0.0032788375306924376
-0.01770933510025808,0.023707479439509897,-2.547916740732572E-4,-5.4620307178547974E-5,-0.19501304061218025,-0.14445728122674173,0.1863665351763113,0.15036131826138902
-0.016960679542231908,0.022637847895562085,-5.920377386046749E-4,-1.8356818303317415E-4,-0.15256104474496368,-0.25765423723999287,0.22865703850389082,0.27077187110188117
-0.01649489646241936,0.019876737563805688,-0.0014482250065713433,-8.187262828746165E-4,-0.05323178254236676,-0.5321404147988619,0.2405503406826078,0.5723415246186797
-0.017000041933098058,0.02070945597955906,-0.0010830971813397424,-5.679440400736972E-4,-0.07475151751055022,-0.43689085356456786,0.2107313075075922,0.46422986622456647
-0.017511453242393848,0.021533412091359994,-7.670896043866345E-4,-3.648299130825018E-4,-0.09795417061505231,-0.34828596841696585,0.18728685879553608,0.3665115500301326
-0.016012775081956084,0.015837947854354936,-0.002691576960979502,-0.0027783563026693324,0.036617284649716704,-1.1412451960607077,0.04063236150722201,1.3057365596398791
-0.016276888650885255,0.016557492847682827,-0.002394085786517421,-0.002280328596710062,0.02165228937218619,-0.9831540820385242,0.09416718045040351,1.1038533678408824
-0.016305122811748736,0.016145724700387516,-0.002452283329520446,-0.002521994120047809,0.030986299491597265,-1.0424671343781413,0.03326998620042739,1.1807671216558682
-0.016035126307838706,0.01508028402576056,-0.002764309394079838,-0.0033149018354176915,0.054802789638454925,-1.2657072837665468,-0.12409770709296007,1.4739935018329098
-0.016173703730592986,0.014771074461345452,-0.0026704657135487113,-0.0035012261581515674,0.06222557655382143,-1.2746238977798166,-0.23287521784109647,1.492807581599285
-0.01630907997710002,0.014415403558227988,-0.0025571630475973305,-0.003714592728053245,0.06908588130886005,-1.2764853087256014,-0.36084193920640967,1.5050335539647148
-0.01625849948878914,0.015421864248002733,-0.002576774022992095,-0.0030047201085813386,0.046496818647236704,-1.162877993009704,-0.08784308620379842,1.3361731433166693
-0.016442305555530664,0.014085272465904491,-0.002423808356511337,-0.003897293749197149,0.07449014379538275,-1.258937197860334,-0.4853572828957377,1.4935432452243809
-0.01653399645525987,0.013746085357819899,-0.0022984939815510474,-0.0040950471542213485,0.08122419858194956,-1.2379874334332595,-0.6122155506071018,1.4835427298024155
-0.016606073090250285,0.013393158045882847,-0.0021608425663646545,-0.004301802710648582,0.08597613812410927,-1.205852362082833,-0.746620219871413,1.4634668069448347
-0.016523391044123887,0.012762327046108371,-0.001993987115318037,-0.004799768525251817,0.1024026023934964,-1.1746258145978083,-1.0132714658650943,1.4835846154455101
-0.016600062743170323,0.013050645778833522,-0.0020551103529596166,-0.004543405630010646,0.09387699255467076,-1.182210500163328,-0.8841081531298339,1.4606588966682212
-0.01659099368156734,0.012285242868873917,-0.0017179586400897073,-0.005048595098626242,0.10844478277184467,-1.0537383583058322,-1.2100401538899839,1.3786469905889402
-0.016609636957857908,0.012525159777228234,-0.0018288024139668357,-0.004883426898190729,0.10247418388007225,-1.1014581895503228,-1.103110930562475,1.4075708639904683
-0.01674616367925339,0.012149006711704576,-0.0015551456466528601,-0.004983664825603937,0.10195204676635797,-0.9622842860128145,-1.2313430833000463,1.2664180485873486
-0.016773080292391974,0.011986728351716639,-0.0014501517761220507,-0.005044642556750077,0.1048937449823564,-0.9066362260357239,-1.2879217670442524,1.2135494899879875
-0.01667418618149883,0.011779187324633147,-0.0013747144821792798,-0.005246835287575322,0.11099253993949862,-0.8718158387739281,-1.3973398049770545,1.2068466445657762
-0.016610341505720466,0.011517004701632711,-0.0012301247692830103,-0.005437540349074156,0.11688438269140143,-0.7946772873918934,-1.5193296103875558,1.1540856404438429
-0.01659441878872911,0.011255990691608129,-0.0010474367117002611,-0.0055637842333087365,0.11991612645040071,-0.6867073960024169,-1.6194170556535563,1.0588432481027839
-0.016674163873353683,0.011023166224101351,-8.434576340947313E-4,-0.005553697901158367,0.11523945856970379,-0.5571415777365166,-1.6570688668777371,0.918149132329615
-0.016706957350492886,0.010822056535308995,-6.792993194150286E-4,-0.005571600069729851,0.11326761867578305,-0.44909169282135025,-1.6955160850769289,0.8081513992602679
-0.016665600655240205,0.010645593757469422,-5.483213597004268E-4,-0.005659163045755628,0.11866981393559332,-0.3623115811603154,-1.757665893120479,0.7357816805383591
-0.016316031506407144,0.009952955292655457,3.483995527775251E-5,-0.006164639322146553,0.1382221925012157,0.037173598987253524,-2.0706211946669657,0.4366378069543196
-0.016103290039909512,0.00889936920457499,0.0010963404573600417,-0.006200952067552666,0.15031108460526463,0.805250409847009,-2.1000643984581386,-0.29065543779275943
-0.016173022651603787,0.0096826720824266,3.126087314765664E-4,-0.006337025422122308,0.14951144444707376,0.24066455744383064,-2.17816621428855,0.2796718142564916
-0.016317679584495932,0.00977678654134008,2.0344731690840964E-4,-0.006151550200488652,0.13758611953539054,0.15800738667397593,-2.074962572716626,0.31376154133206513
-0.016141342363010736,0.009080435571185924,9.115030574559151E-4,-0.006224695823166923,0.14770020372578177,0.6724080800927782,-2.1213812914138845,-0.1618221122986789
-0.016127006229003562,0.00927803242403512,7.258707074201154E-4,-0.006310793834110041,0.15022228134869994,0.5402480032861511,-2.171919187803736,-0.01627075928301354
-0.016141773780016015,0.009502081589976504,4.995708820171087E-4,-0.006348428351378764,0.15069895022072366,0.3764210853859052,-2.1904909684292835,0.15020190825242594
-0.01648377639872208,0.010064055068684264,-6.971517316481248E-5,-0.005946403542290604,0.1278498588784203,-0.035335376950628265,-1.952296879175069,0.4605413815742461
-0.016658323112708304,0.010362844032542805,-3.171253974523496E-4,-0.005711071719203481,0.1177537619809863,-0.20608521268920815,-1.8136339392796426,0.5846119742866579
-0.01672616485304661,0.010501307510154458,-4.218849359012143E-4,-0.005612438034599026,0.11142098427826004,-0.2771580969188294,-1.7532935857622107,0.638497767374605
-0.01668710963139375,0.010172600560629465,-1.575385177138382E-4,-0.005690980796543176,0.1154471304153228,-0.09478266406834267,-1.82033695270665,0.46813646759315114
-0.016139832918936323,0.008731855434918948,0.0012302227598362976,-0.006075698482482839,0.14783776939387824,0.8952812375398179,-2.0223393430192864,-0.4024730131940159
-0.01624766461706725,0.008825970974797653,0.0010982796511005517,-0.005984632470376738,0.13993487023851403,0.7973749331011606,-1.981863202253129,-0.33243611129207873
-0.015877068769932157,0.008312642849798631,0.001746478207757942,-0.0061585970452227145,0.16974307842615527,1.2674853657563945,-2.0166459863736974,-0.7163142901676662
-0.015841514440121187,0.008120854539870485,0.0019290648342616906,-0.006064938470469401,0.1729288691293578,1.3854340525546922,-1.9374871140491166,-0.8409286355269873
-0.015797351573257484,0.007979350811955135,0.002072739596889429,-0.006008225827207093,0.17729398799135285,1.4783020087718046,-1.882210683395597,-0.9333513291017314
-0.015722048463366337,0.007863876271041955,0.00222053608755911,-0.0059997689590501335,0.18610893484799476,1.5780330207635402,-1.85294633398169,-1.0199056064061003
-0.01613828047169898,0.00855772127802303,0.0013800175735790684,-0.005987854935065332,0.14703156054018948,0.9961699976579849,-1.9608227895195285,-0.513493594786414
-0.01608259804331338,0.008363136103112786,0.0015721649956318923,-0.005942684796037507,0.15243149583237878,1.12746953245028,-1.9154569812750861,-0.6411639743537796
-0.015568526506890211,0.007685254422538662,0.0024836593591317153,-0.006012415725487532,0.20142153027970314,1.7571582307456899,-1.811495193220985,-1.1670103570718435
-0.01552218074994784,0.007535667045511819,0.0026282173642077733,-0.005920445234186535,0.20794910095375804,1.8385710800213213,-1.7273699699646372,-1.2531154252102918
-0.01572061949025013,0.0077202564442627195,0.0023236279455280226,-0.0058793530415698495,0.1871997903518762,1.631565162685688,-1.7635571684355165,-1.0896424168164331
-0.015451456488448359,0.0073665840725178015,0.0028030345949870443,-0.0058249156346233824,0.21854177269493258,1.9357949482564347,-1.632780251224455,-1.350907970015546
-0.015391015482002023,0.007051790407596736,0.003034454684736778,-0.005556352613422878,0.22803749495921047,2.0229428203010724,-1.4217024561521645,-1.4699695657851917
-0.015439008445350896,0.007185130819601324,0.002917197916130463,-0.005652147179857057,0.22129092932627423,1.9724900079131766,-1.5050521880043901,-1.4129146733812155
-0.01518180330912483,0.006958816751918229,0.0033059391372641,-0.005631674773064864,0.25502972747478886,2.208175114882069,-1.394989645889586,-1.6001194052706234
-0.015073105160126655,0.006839254325560339,0.0034822337591739823,-0.005580884431228352,0.2694072362445031,2.3011072169679103,-1.317031167775869,-1.6803397255340309
-0.015320092412136714,0.006931343212310825,0.003165518377167609,-0.005487760470742069,0.2377001057755598,2.086507906126276,-1.3498160713746072,-1.530858459837665
-0.015439669498466178,0.006935753858577117,0.0030377550124438967,-0.00539524849416381,0.22433616608321777,1.9900035633416926,-1.3305375148253606,-1.469822953825499
-0.01499793614894502,0.006708180789819803,0.0036204590472649107,-0.0054816678322144735,0.28053727006922996,2.354692112690302,-1.2200548103618358,-1.7362354298843046
-0.014924398202308259,0.006595738472274944,0.0037457381433233894,-0.005397040723297019,0.2903039498622066,2.401531492490975,-1.1346597038769495,-1.7836369822159186
-0.014842803174503792,0.006506234103406635,0.0038715958082728096,-0.00533964619096459,0.30285606584063224,2.455235586492213,-1.0645882049737283,-1.8310130707598749
-0.01440825747415471,0.0059173688698661246,0.004503993038216519,-0.004799998779567761,0.3605416879080003,2.5882090273421148,-0.5686942284597851,-1.9813737435315775
-0.014814710262173786,0.006381341526238032,0.003936263008692583,-0.0052021788486659734,0.3062094520726725,2.445494035308998,-0.9680467367021207,-1.8411050781905018
-0.014722345232365883,0.0062549940007879,0.004075107232026899,-0.005095752677307529,0.3188415231347932,2.4824918132751344,-0.8672460114029483,-1.8803921753951796
-0.014646746886658762,0.006101580343322479,0.004190832594781449,-0.004940648833290511,0.3272591963902319,2.4854911752271716,-0.7486710266905795,-1.8989802462449716
-0.01455445549003086,0.005965743007042608,0.004317557322136575,-0.004809588475538046,0.33793813509456994,2.498103363982313,-0.6406874304748676,-1.9196879660908057
-0.011452006809255254,0.0038370052611178722,0.006704191270997814,-0.0014441840761195656,0.3342203321407122,1.4026136679572085,1.315918495070408,-1.0392648387144938
-0.011634695426006788,0.003905306925153414,0.006642874906549581,-0.0016368500224274495,0.354046150255196,1.525115997395055,1.260120736742733,-1.1453362474073439
-0.011735536437448929,0.0040155057657566195,0.00665413784278886,-0.0017917806360487547,0.3770491005077431,1.6334728937958007,1.2536465678863056,-1.2275529489225445
-0.011870000404054202,0.004093481437807562,0.006612840092744348,-0.0019555041167673985,0.39348870108662987,1.7352581933889861,1.2111456195345827,-1.3101213145852222
-0.012007720243695588,0.004173250945312247,0.006562369645053781,-0.0021226016213838936,0.41107424206950754,1.8363284679780538,1.1605964273079084,-1.3936366904535182
-0.01214707693707628,0.004179788001303454,0.006453438582132028,-0.0022298733339292105,0.40867514570671,1.8829064896972902,1.0797979317634547,-1.4434653644542454
-0.013268624682069546,0.00486592629354691,0.005700294691704428,-0.0034980154764420895,0.4449893376870811,2.4386198731380726,0.42631230392703673,-1.8991212148197338
-0.013024473282291671,0.004802308916317818,0.005949728297148549,-0.00334173255464458,0.4660248404498617,2.432950409668624,0.5937088448911413,-1.8793878387496503
-0.012815659813764514,0.004728421851806802,0.006143247689628102,-0.0031664195230712605,0.47679040081204704,2.38979483250272,0.7397630619007588,-1.8344481036086306
-0.012939114089775251,0.004731157768513275,0.006009161950146043,-0.003226965298400461,0.46272172829839786,2.383711031748866,0.6530533914522563,-1.8416281716130172
-0.013180957876028496,0.004764493017190699,0.005756467049727287,-0.0033559919259094476,0.4406593108232288,2.37634076091233,0.4914739857728992,-1.8546353153037174
-0.012283711053303123,0.0042657537027130646,0.006391981532922899,-0.0023969105890296635,0.4236364890334316,1.9763482671004624,1.020727621262192,-1.5189484314664052
-0.012524379602009009,0.00443939119504761,0.006276632025514235,-0.002709281353973376,0.44510088271505144,2.1438876248042735,0.9048458181512187,-1.651968340165336
-0.012429652467983115,0.004323004426204998,0.006296011682395031,-0.0025421721994632624,0.42800155931426026,2.045132140231937,0.9432811271391169,-1.579213696119303
-0.012784064851763342,0.0046105575770565245,0.006112338172168638,-0.003024490186910729,0.45790508804796587,2.2919032204477876,0.7531639773528241,-1.7708861553328
-0.012711861705894553,0.004524828285021156,0.006139657107184864,-0.0028991195772040145,0.44697954395693673,2.2242588842424453,0.7928654726179916,-1.7217632172717003
-0.01268728903726963,0.004420009534198449,0.006106532826996033,-0.0027813656835578367,0.4303968611400691,2.1436749232599275,0.7966021306186231,-1.6690624210868499
-0.013585366327984552,0.005068359631469257,0.005402598614285836,-0.003804012808668974,0.4275195049643608,2.4999681760873265,0.19595152635033608,-1.9504434994518538
-0.013506531253042001,0.004968019979364202,0.0054627836617228516,-0.0036726684548486163,0.42621464301139617,2.451709100633827,0.2633801141273451,-1.9175862098135246
-0.013427145700439765,0.0048600075507464185,0.005516560121579432,-0.0035315755035495995,0.4238209837843436,2.394267077493905,0.32898591786060316,-1.8787320299496197
-0.014330231727653579,0.005813069975730287,0.004603291271683301,-0.0046901818881916755,0.36896259154911226,2.588991859473225,-0.4803175828982774,-1.9898472530525488
-0.014272687306355395,0.005691256871755555,0.0046710774459605905,-0.004550184070715244,0.3708885379369309,2.558990226868065,-0.3915881820171652,-1.9781422749610125
-0.014175635437076064,0.005628990893334865,0.00478904165728398,-0.004490719409176517,0.38481226422974696,2.5860609846252576,-0.32083080500117384,-1.9991629534293165
-0.014104434564701148,0.005499193789658535,0.004863613359472308,-0.0043382973637654575,0.3868521606552302,2.5485907927826807,-0.2266887797914096,-1.9803779270954611
-0.0136885866074861,0.005084152670431949,0.0052841713082217995,-0.0038355046337324563,0.4135992699872226,2.471707541749399,0.13193611186250823,-1.935530416251419
-0.013744660126131592,0.0052112853794468355,0.005251421858610189,-0.003993258326142987,0.4199572397453343,2.539999501341896,0.06546367121926285,-1.9779725915573674
-0.013873578010990645,0.0053264795334114125,0.005120382150638567,-0.004138504372656431,0.410833473770634,2.5610991002237227,-0.04283050082198626,-1.991147477739242
-0.014037671901021613,0.005328599522055819,0.004919933536468802,-0.004135081380943367,0.3848252328888258,2.476679100332868,-0.12544242226735194,-1.9396925110267296
0.006319754163120635,-0.014385226703003429,0.005345495512610332,-0.004509181250509409,-0.11499085285872612,2.92608182553731,0.2113156228365547,-2.2098361063151652
0.006367192150466769,-0.014449515017886978,0.005379859734006745,-0.004414018651173215,-0.10620673424694331,2.9038806810000573,0.2757704769917591,-2.1940031318465754
0.008878310474774704,-0.01566851276276678,0.006792327421064614,-0.0013322283610414376,0.11632242714193938,1.669266014612298,2.165371054205765,-0.9671626813463704
0.008780649129759002,-0.015642713446333282,0.006773909480898429,-0.001451658875646989,0.11437659372044273,1.7497001735702036,2.1240668628173727,-1.0437486587111169
0.008704494522338894,-0.015673343987096088,0.006683579961910908,-0.0015126967068391434,0.10571217451940794,1.7620368197635659,2.0599649942013563,-1.078057448640165
0.008561865068327564,-0.015598380403633996,0.006696048844616554,-0.0017074052374808021,0.10460319073718698,1.9063962538668273,2.0101326097243164,-1.2013045615479943
0.008641944316010716,-0.015620992881247287,0.006718263942286891,-0.0016103218735764359,0.10904832732721578,1.845339547894092,2.0498959314019314,-1.1426480100646388
0.008474096129513045,-0.015649773616016778,0.0065635288778154955,-0.0017579153823985307,0.09389215859339663,1.8923469851855363,1.9261022780467079,-1.221816174017283
0.008402361284091171,-0.015573124777800188,0.006615433719901589,-0.001883020404883934,0.09608872475497549,2.0005066284743305,1.9138277519322935,-1.302811285055958
0.008299283643704396,-0.015602710742836574,0.006496904006075443,-0.001957366865862158,0.0853216345447947,2.0072886130719922,1.8296041336887552,-1.3361029861627252
0.008199054694142343,-0.015601046458511405,0.00641974997697935,-0.002048831430408741,0.07824667439664203,2.0405981845181937,1.7609246497067932,-1.3815461901035755
0.006431699839072911,-0.014517313955113478,0.005432721505895175,-0.004310573521900182,-0.09565340067303199,2.886712102133274,0.34983332173954157,-2.180016732808785
0.0064749698215486136,-0.014615298767385572,0.0054355885286821925,-0.004169988334044288,-0.08625243479818083,2.823960106466465,0.4266894863045893,-2.137924772823475
0.006533839480861563,-0.014707403054918808,0.005457571206405235,-0.004035060481019595,-0.0758027009369334,2.77211927662843,0.5051141368476068,-2.1009261337783944
0.006606759046707844,-0.014807733733035731,0.005486814449317433,-0.0038864002042954854,-0.0643240534215954,2.7151984395387703,0.5907003775702117,-2.058678055127093
0.006701630036422702,-0.014896452546422564,0.005544764838238593,-0.003745341596274289,-0.05231872320563196,2.674433631810873,0.6809474840859115,-2.0243293229195203
0.008058492126916046,-0.015502555325662524,0.006426073937452264,-0.0022537080597108783,0.07379792822700859,2.181879331747347,1.6938331899999,-1.4990924289595677
0.008118359559757739,-0.015579124558526215,0.006381321521000115,-0.002136896160257205,0.07197430736599385,2.0858786706238077,1.7123690379067287,-1.4280462567327683
0.007959774452250956,-0.015526142272750936,0.006309546510869202,-0.002315005594399642,0.0628145301195764,2.1770533180621805,1.6152034783978526,-1.5191114654902946
0.007890383990871538,-0.015455078681333995,0.006331750438483872,-0.0024356346644476543,0.06189367492184949,2.2649188791315624,1.5813409675928258,-1.5872987182063427
0.007745983842555967,-0.015415510964930266,0.0062398315616141176,-0.002584718073468157,0.05067002709548531,2.323099943146261,1.4813866191860616,-1.6524267903769234
0.007558360339458387,-0.015296210589795365,0.00618194570780026,-0.002840526537690943,0.036929713921001306,2.461266170453127,1.3516231301979775,-1.7736032021196875
0.007600536454837644,-0.015396955701574932,0.006116034482672499,-0.002707545412207666,0.03683468802503389,2.34892125327981,1.3754678764748396,-1.6957674587673306
0.007371818201645677,-0.015214736375618161,0.006064748449854401,-0.003049673846683245,0.020222878597741027,2.5359492360095817,1.2112342898984567,-1.8519333946680623
0.007454509051760703,-0.015271853607513968,0.006096707460948314,-0.002935376900403276,0.026497667182281335,2.4814426042403173,1.2738955098290603,-1.8040869950386147
0.007280356776325138,-0.015234863938220072,0.005943309162885504,-0.003081502528330277,0.009191868362236363,2.500312521645125,1.1439296964278163,-1.8437511076890503
0.007196049882255676,-0.01516891495425772,0.005911337982889634,-0.0032025801341757287,0.001772117891736985,2.5557395091867767,1.0777051589920956,-1.8908627891119347
0.006980571073240104,-0.015082644304669405,0.005737903916821339,-0.003409758063035996,-0.02049158579902238,2.5912201468256932,0.913476447544307,-1.9410155752005596
0.007082406049003048,-0.015124551327252423,0.005820980487146881,-0.0033123318684340555,-0.009272913133677759,2.576089049273355,0.9911331607845407,-1.918911552046538
0.006792210810974223,-0.015023162918138086,0.005561929328803367,-0.003558589864411806,-0.04085972543761431,2.587991123144708,0.776018359989311,-1.9597939295786748
0.006875914040673155,-0.015124428912914427,0.005581661424984099,-0.0034062898975868203,-0.031498199146608535,2.518274918089359,0.8528561658971888,-1.9059398898543627
0.008930538088002822,-0.015787045685108782,0.006647609320751885,-0.001214223977357172,0.10652996579076714,1.531194476834446,2.117720326991272,-0.8812041359359669
0.01052077959433119,-0.016111654876852913,0.006395413265428431,5.46841275702305E-4,0.09112800372194373,0.175911829939845,2.210996079377295,0.3611543771345786
0.01041367840344131,-0.01605174220782179,0.006499777923636879,4.473502553370568E-4,0.09803379135224967,0.272236988820484,2.265677759927513,0.2896513578684436
0.010286902358885923,-0.016066792648289887,0.006496021501545179,3.1130743774366297E-4,0.09573456028668066,0.3697305708895566,2.2581759540333093,0.18956379005600862
0.01015254912723818,-0.01604950863409738,0.006532052163170057,1.7078306715301585E-4,0.10022301777179357,0.4809573459674924,2.270222617711903,0.08739057245630187
0.010038943242638723,-0.016122403299145154,0.006431302775652045,4.907714640458397E-5,0.09203541203920872,0.5431154853045522,2.2067095682810893,-0.0018730399559619552
0.009934509791498493,-0.016035452725066617,0.00655423141946002,-6.267707780162546E-5,0.10106407607311758,0.657288876671613,2.2629769922176277,-0.08165087725826513
0.009682787258778879,-0.015983701712132044,0.006605786362610493,-3.3959955419617414E-4,0.10494400276962866,0.8750409716414708,2.2591811243653197,-0.27974593611839
0.009788739098943046,-0.01608212226577646,0.006476853126485597,-2.1423083511370303E-4,0.09577429278106843,0.7473393887406442,2.205581193958448,-0.190345846992482
0.00952323531707567,-0.015993761652910617,0.006561496850504987,-5.094697857284362E-4,0.1017951573661785,0.987218310351384,2.21129920627826,-0.3989450608485667
0.009368459012023454,-0.01599462291837671,0.006521224583818632,-6.727464835920467E-4,0.09839136620115775,1.0950688657830236,2.163118815087831,-0.5118045290633132
0.009223915457286,-0.01600641578895685,0.006459294978550373,-8.184052586549963E-4,0.0935146839268196,1.183046377639001,2.1039838462008045,-0.6097367050535163
0.008999113798674716,-0.015909387915628535,0.00650672263643266,-0.0010854910294643809,0.09602292911223714,1.3912935207564434,2.0735375350940237,-0.7902812476266904
0.00908089165578974,-0.016030679600676955,0.006373098988802718,-9.528200826798891E-4,0.08789987194922554,1.2543364246576487,2.032720199836572,-0.6969094578229039
0.020002067580630778,-0.015523365901846607,7.914956158270401E-4,0.0017115936292850847,0.07981816792490104,-0.5458595375091259,-0.30105819102893244,0.5912887092952338
0.020756539070810247,-0.01535651802174429,5.74163762084418E-4,0.0014948038070646977,0.09853652083095736,-0.46084746391817316,-0.31732152565457944,0.4967673912421194
0.019585647446365942,-0.016077062215287815,9.235726903618075E-4,0.0016684422442617398,0.06752146090161344,-0.587821627971377,-0.24041195763361228,0.63614483031636
0.021666875774477252,-0.015986375431757103,3.6444445288756725E-4,0.00104393610433743,0.1255118908948342,-0.36816475562343975,-0.2706295891325818,0.39227468074966954
0.022721460218205522,-0.01676979826485043,1.734012591578857E-4,5.981407757783743E-4,0.16262913590927883,-0.2590081829266932,-0.22918098027806819,0.27233231187000323
0.023839266787568727,-0.017540995179899436,4.508187954570557E-5,2.400641855300087E-4,0.208021702936992,-0.13668167075243412,-0.19023930093671512,0.14262331973972067
0.025,-0.018261042029916928,0,0,0.25806727507959126,-0.002682509299322759,-0.1315841671897028,0.003770516264580114
0.018396325839873835,-0.01577581935262551,0.0013845449731774546,0.0021565035193873493,0.05126628962018459,-0.7543342221225513,-0.23583009706245145,0.8296229988312034
0.019057900781570134,-0.0161829200554627,0.0011073265556896653,0.0017902363966900777,0.056007507284848115,-0.6491851036622694,-0.21345843407338308,0.7050088566954762
0.01784418648806116,-0.016217525975864306,0.0016133388692266242,0.0021193110543195133,0.03913260506050017,-0.8081332283061541,-0.14263359559578517,0.8900355304496026
0.016927212170864576,-0.015968425464726443,0.0021068898312456273,0.0024877921421727904,0.03671926070100312,-0.9698888250403358,-0.08667685262028772,1.0881914080792485
0.01641905397710134,-0.016052529116065348,0.002396666086745178,0.0025562836941022764,0.032763137672741936,-1.0396518188640453,6.956478529692883E-4,1.1743577950735686
0.017321746202259295,-0.01643246432702831,0.0018471587158737114,0.0021452533513910033,0.030538268745812367,-0.8625964906271727,-0.0663489466670266,0.9538498221245365
0.016147115489335867,-0.01645611183991614,0.002491386943368835,0.002360065987063195,0.023912334085637227,-1.0154464909955243,0.10474001412811464,1.1460018451028595
0.01569433457919062,-0.016425974258702937,0.002779938776951064,0.0024378055747440886,0.02388170501089147,-1.074517103486759,0.19459113157275987,1.2244024082217129
0.014876906025390286,-0.016005879357096613,0.003479610498168608,0.0027966681386573902,0.03638924178894352,-1.2635535950202164,0.3737543383318598,1.4868868482263002
0.014552277677120157,-0.01622112167299728,0.0036485584465835714,0.002630761798443262,0.0317813796754915,-1.2260729981174345,0.5056952460190977,1.4526171997675872
0.01522925150436167,-0.016324015383615637,0.0031189237881863586,0.0025460352937532876,0.026208550693665043,-1.1463600535425564,0.29940685037614395,1.3247104021368834
0.015429639616042276,-0.016692556414386113,0.0028745645989040726,0.0022903992045836697,0.017008441743882895,-1.04668135801781,0.28253409787198586,1.193887572939633
0.014216554789379094,-0.016336380344713818,0.003851824673931173,0.0025188934487683032,0.028995125387841825,-1.200591678184783,0.6352306764928556,1.4361874814579234
0.013908387773522657,-0.01640061341738452,0.00405103086258178,0.002427782453027432,0.029704508287172544,-1.1739131210838725,0.7566386021069017,1.4221317298485519
0.013656397145439267,-0.016377160518848924,0.0042548926405407495,0.002395090420197128,0.03175468441463553,-1.1650381289824314,0.8636251132909379,1.4313049901859474
0.012720232632330004,-0.0162705079731575,0.005040514309307399,0.0021542782206284343,0.04470673073534408,-1.0349914749688383,1.3188114178587613,1.3853162332856717
0.01297463432650234,-0.016385912893421943,0.004759485033939036,0.002178413773759686,0.03803901897284562,-1.059210527090517,1.1690250896254677,1.3716400791104164
0.012827623010774277,-0.016474035497553576,0.0047947402373856775,0.0020560808307580466,0.035945851817702906,-0.9963358861705828,1.2152894068443854,1.3049974092345322
0.013450583099175637,-0.01648390272722357,0.004340987264582365,0.0022639492970160276,0.029343241676609618,-1.107686565452223,0.9413537280670358,1.3752998697048364
0.013187564798071587,-0.016480016448508623,0.004534526257677301,0.0021877390022572852,0.033504437811712584,-1.0703121668422007,1.0557045627307806,1.3527192828220291
0.012484001678985097,-0.016344964778736853,0.005144327388972807,0.001983355654886072,0.04449590255672519,-0.9366930407929118,1.4094114637414508,1.289998257277331
0.01225701249996701,-0.01636743558008415,0.005276235106545255,0.001843122707393365,0.04772683712136,-0.8473946504631887,1.5059840484378837,1.2114400150891498
0.012029993554389884,-0.016359582524407317,0.005428389821550478,0.0017092331300341682,0.05020339348173554,-0.7541843911684258,1.609063699360339,1.135640402392923
0.011794613796042191,-0.0164356887142698,0.0054861554750877855,0.0015093164658885121,0.05046833379120554,-0.6262372254902838,1.6694657258443364,1.0049607211911697
0.011570029331804458,-0.016486340978051996,0.005547543736709844,0.0013258429378611174,0.05053027059529861,-0.5034437157823852,1.7253743828177737,0.8819800306905431
0.01136192819940749,-0.016513769468853603,0.005611663160630322,0.0011598813663122277,0.052184258905978005,-0.38916210461858397,1.7750825342364003,0.7715714825194664
0.010572391039472521,-0.016262852408703392,0.006179082156624251,5.661550219852769E-4,0.07748330109956623,0.11529000181230496,2.0957255000201442,0.3670354188750271
0.010749806544479615,-0.01629021163547983,0.006100408482072445,7.25901716648872E-4,0.07392555135816031,-0.013114183344022397,2.052539180971785,0.480913586844202
0.010942231956059388,-0.016283983371932736,0.0060499493138729135,9.024256863050978E-4,0.07094475624149472,-0.1437066281058469,2.020439946487801,0.6065496297248107
0.011119990326273442,-0.01646297734556171,0.00576669008306789,9.910355416834166E-4,0.05891193863856803,-0.2545289333597796,1.8680901905984784,0.6597156315959921
0.010643395724250798,-0.0164103680330601,0.005972365997508921,5.999207439329406E-4,0.0664520696566717,0.04968537818288959,1.9877148695586306,0.3859277434167635
0.004038351375089782,-0.011676120029810753,0.0017578508102854518,-0.006710095816723445,-0.17986141510163642,1.1854738291879505,-1.520022812205214,-0.8269320363069986
0.004133051259427128,-0.011827525981404189,0.001949932275301545,-0.006671457496050192,-0.19544073387449204,1.3155127456599167,-1.5000069770887674,-0.9368524439246892
0.004208203569060662,-0.011975480702978119,0.002125255576838948,-0.006611174412950914,-0.20810801426119838,1.4325804144003766,-1.4627372846997284,-1.0384203945255852
0.004308872181678162,-0.012083646468483833,0.0022910756148154794,-0.006592483310134739,-0.21997833685737328,1.5403511330103807,-1.4529200296569835,-1.1231409779801178
0.0043681342070254715,-0.012189840301019992,0.002421321748051857,-0.006541068529829531,-0.22768735376732294,1.624002288410409,-1.418909166236908,-1.1947502668076249
0.004353929215973017,-0.012308306836726653,0.0024912602207736146,-0.0064251115308842435,-0.2305287658580427,1.6697623915572242,-1.3397583651803957,-1.2488028689703903
0.004462432348958352,-0.01236913250269484,0.0026328195703217805,-0.006438755836582024,-0.23876817263980102,1.7583295791030877,-1.3485283569627875,-1.3107144849665866
0.004502822923970255,-0.01247906427316635,0.0027426621901812808,-0.006358415832749253,-0.24359281671411734,1.8243041942363643,-1.2934240336721488,-1.3714312662190418
0.004571608350037662,-0.012557265457440025,0.002859218203029717,-0.006322767150493122,-0.2471121508911141,1.8958526245840122,-1.2675905618823122,-1.4277786540664212
0.004586005355407909,-0.01265500967980677,0.0029300578574103513,-0.006231566616484316,-0.24773069814762969,1.93573880155547,-1.2045957771505227,-1.469035925217881
0.005015715147515575,-0.013226522625178212,0.0036607058144401197,-0.005812416432064279,-0.2486090190318273,2.3309219138343757,-0.8911159462247136,-1.7899997156541523
0.004932528143900305,-0.013192780308562992,0.0035512506762920967,-0.005815686713970335,-0.24733397673753005,2.2667844748477197,-0.902705156205362,-1.7470589756639676
0.004876432257492092,-0.013079953645080331,0.0034464577024283924,-0.0059212451727426296,-0.2518732448884378,2.2190673746930485,-0.9776380382204877,-1.7036269372412927
0.004801952977178433,-0.012897447297332722,0.0032858569401679892,-0.0060914228197895695,-0.2563655589760672,2.13991762102895,-1.0980295479949544,-1.6297625190656237
0.004847373066414577,-0.012974769000744235,0.003371537299480423,-0.006027540667015667,-0.2538077563978133,2.185171070292311,-1.0517516540384328,-1.6685990210303188
0.00464595042186702,-0.012764914744050929,0.003051327723102077,-0.006150818062685797,-0.24918050512445042,2.0040231373172084,-1.1475531756728221,-1.528365408704586
0.004708406723444706,-0.012879646792418539,0.003174290021750791,-0.006061192574966172,-0.24915638458382702,2.0709391885372135,-1.0838631298089618,-1.5865108809980502
0.006230969910324957,-0.014390989133181683,0.005220275717560422,-0.004509858735105257,-0.12196963968316778,2.855927110195467,0.17382128744301517,-2.17065438784771
0.006101841626818189,-0.014309374317907686,0.005076344818601138,-0.004628939516864647,-0.13856564484980669,2.8233074470214308,0.06699021951637842,-2.15403146984509
0.006150215043476154,-0.014378607162469768,0.0051155280727117145,-0.0045327312888134635,-0.13013734617575223,2.806774610675539,0.13115134831044176,-2.1430207253666125
0.006007046911291933,-0.014286916505537685,0.00495571271097574,-0.004660913783900698,-0.14622166869201428,2.7681083636165087,0.016534183328152208,-2.122455414983086
0.005821575894015496,-0.014219463102929465,0.004728500116332899,-0.004745472975143372,-0.1619702416258886,2.6740385148086543,-0.08621241076394111,-2.0662790189137747
0.005928416320027528,-0.014227265181725901,0.004868076233882384,-0.004739937278914385,-0.15685023355939626,2.7487972509665326,-0.04956680835579438,-2.1106725562086015
0.005085730841723165,-0.013317448791539073,0.003770956922297804,-0.00573206430247524,-0.24517542664754746,2.382705515923725,-0.8298314465333981,-1.8319171858296117
0.005166109069670569,-0.013431077243680575,0.003896031545421507,-0.005623239010949467,-0.23877271982564555,2.436640315970076,-0.7479076943467177,-1.876857434950036
0.005221597667495684,-0.013544088741651023,0.003984550497962785,-0.005501541791287545,-0.231321757411086,2.464485955943242,-0.6616418697320353,-1.904496728936789
0.00529636191212493,-0.013633841474788367,0.004089362474042666,-0.005412085857163304,-0.2241969710495029,2.5055939564946406,-0.5930949248923619,-1.937033119239238
0.005351808546995392,-0.013730692615462654,0.0041663537808283154,-0.0053047296998674715,-0.21687869038756605,2.524779186037939,-0.5173369681993281,-1.9556762003782693
0.005435729959001854,-0.013789167833344943,0.004275576982886566,-0.005250758701028431,-0.21084062956260885,2.5731488632245187,-0.468087860723789,-1.989460854767503
0.005460602274154575,-0.013892091015104626,0.004305544704628918,-0.005124005835829447,-0.2018964272176562,2.5581113861015043,-0.38768174243387793,-1.9850768476490737
0.005704740042390393,-0.014167491573507328,0.004587836882604447,-0.00480498859529493,-0.1716158900124284,2.6181305704011426,-0.15145134874550956,-2.031447797423187
0.005537794601319586,-0.013987336918011248,0.004398276606234937,-0.005016136973101079,-0.191164841839034,2.579070941018316,-0.3085256596559835,-2.0021266546109584
0.005623080201722043,-0.014087366069956012,0.004496037147311629,-0.004899757587639321,-0.18090844989697047,2.5979711099125953,-0.22323747095471755,-2.0171964113868124
-0.0032685704537828058,-0.009572518211859568,3.556705712555898E-4,-0.006663265380474271,0.018812211232816938,-0.36373769386466076,1.3319986015487986,0.5904477335250434
-0.003340057345253725,-0.009793933743752514,1.7588408009636212E-4,-0.0067389438024421855,0.004332948214507526,-0.23057186289527457,1.4007149097834404,0.46564280196710234
-0.0034880552339560007,-0.00998288782547583,1.2969204529241607E-5,-0.006855555464560332,-0.005382094409120414,-0.10898696208319811,1.5040510793493096,0.3687415839641134
-0.003554499700891574,-0.010174149013433526,-1.6875178014127937E-4,-0.006900566386396871,-0.021546980195366498,0.02640429529067392,1.5523210167046786,0.24395381280821957
-0.0036521908514796256,-0.010272299478371258,-2.7196341200386664E-4,-0.006968559451376733,-0.028323113932372718,0.10233436439830694,1.6132112567416137,0.18740747195353877
-0.0036417771503526944,-0.01039549836485046,-3.913991560596876E-4,-0.006943837427773833,-0.04199729470855781,0.19010407691985629,1.6024850970906013,0.09490693195661791
-0.0035997094758620507,-0.010481536422865579,-4.6623050696784925E-4,-0.006895991197084725,-0.05554662815314774,0.24763309057724006,1.570302122499344,0.027019796208185887
-0.003654309079603635,-0.010587933085961815,-5.795291320057003E-4,-0.0069155711384415305,-0.06481949235255408,0.33134021681474257,1.5946667820516511,-0.04674726227949976
-0.0038028782457181012,-0.010744585162573206,-7.728165307576165E-4,-0.006991164995077535,-0.0790085819310525,0.47181171209324546,1.6678158610899019,-0.1551008297444606
-0.0037458805149684095,-0.010645565377588647,-6.582701689808681E-4,-0.00697370116088291,-0.06999784089888193,0.38860584337490367,1.645780233988391,-0.08358606696277557
-0.003011576628864657,-0.009596546229665682,2.993713167585188E-4,-0.006499913308071742,-5.834897395630368E-4,-0.3325426783308558,1.1994677753458414,0.5166527014108854
-0.0027772412740058212,-0.009630096388130076,2.462325170934868E-4,-0.00636647590563224,-0.01553758222264436,-0.3011335309459448,1.0865785165953434,0.4519585438284101
-0.0027225824052532553,-0.009154311837461694,5.439812929901319E-4,-0.006247812491296807,0.012117271841712761,-0.5321853919223752,0.9950956317388348,0.6891426581260919
-0.0025738489807846615,-0.008881003894054204,6.614772495571395E-4,-0.00609551329164383,0.018525435884962988,-0.6345591698753527,0.8835472284626545,0.7823677656776233
-0.002616547453320256,-0.009436599199423818,3.475727329897965E-4,-0.006252782877017797,-0.010750182862651383,-0.38958928432078194,0.9882425257116535,0.5258222932819897
-0.0025777790152435275,-0.00967220736910195,1.9797350057555507E-4,-0.006264267879459444,-0.027517727140413683,-0.271074908175428,0.9948682559741646,0.39689256464639744
-0.0022248705413674915,-0.008845273458889757,5.71428036426137E-4,-0.005934038990994984,0.0038225951324768986,-0.6072598523411755,0.7426883434243648,0.7235748277548862
0.0020076533114799584,-0.008250785756762271,-7.377074516848677E-4,-0.005642349229936348,0.01889461313464993,-0.7822943035660063,-0.575585299437869,0.9039572712937923
0.0022213224720599315,-0.008567237764283865,-6.955032727025565E-4,-0.005839484494571918,0.015685860611445016,-0.7075465683139117,-0.6970291220062751,0.8334628687473874
0.002408956139428746,-0.008855245881988433,-6.231911744875164E-4,-0.006013054142386166,0.010971343689934049,-0.6241550197716871,-0.8143129672779182,0.7563089485471907
0.0025452216852817847,-0.00914564796409316,-5.044615455969876E-4,-0.006156650759675566,0.002728615235096775,-0.5180904837675162,-0.9175662972921036,0.6542063330969122
0.0027081475743433235,-0.00940871987249981,-3.8085238771158337E-4,-0.006295698506506767,-0.004417661063407707,-0.4084914848296282,-1.027173213882854,0.5568353294188241
0.001606380949566254,-0.008296452912863765,-5.637898694667719E-4,-0.00554788869168694,0.0039135343171973445,-0.7274882887232811,-0.46035232156664835,0.8227088886192098
-0.001695170575982747,-0.008412725415030041,5.613535304993901E-4,-0.0056142700958604535,0.0021158560660953884,-0.701032590181764,0.5027463506406818,0.7962075140517747
-0.0018394769883140856,-0.008760080555038468,4.911908150642181E-4,-0.005771525295718624,-0.0067013514769242,-0.5997452502150146,0.5922428176455145,0.6908284962224299
-0.0013231619220899422,-0.00826117503031186,4.660837810476466E-4,-0.005471015619446743,-8.571087525968162E-4,-0.7127345577398182,0.37404691296642584,0.7973983138167239
-8.96596870884686E-4,-0.008030020618473127,3.461058891854603E-4,-0.005311955812332305,-0.001305749758890678,-0.7481255985833855,0.23680429086804758,0.828644965549931
-3.826370685568057E-4,-0.007862735671585606,1.5619210160348968E-4,-0.0051981193042454415,-0.0012446655148175044,-0.7694989721777604,0.09652888630054403,0.8474364941585381
7.75948248726798E-4,-0.007647795914008814,-3.448291082976167E-4,-0.0051358142415210166,0.008528686690619658,-0.830888646590746,-0.18208197032678838,0.9246795183012946
1.7552851503781368E-4,-0.007731888318221579,-7.541097243115011E-5,-0.0051353031845814,0.0024086799066139046,-0.7947984987991285,-0.0428366983622805,0.8780340876364999
0.0012141274753232965,-0.008405538285235803,-3.948029182115123E-4,-0.005500884368309312,-0.009374565005410286,-0.6642964607378619,-0.3549735706751988,0.7389281448075716
9.183255581275062E-4,-0.008158011272131086,-3.3534486929081116E-4,-0.005363946834396161,-0.004457695856630513,-0.7148390561675576,-0.2515011765024979,0.7909868676698454
0.0033197553849480047,-0.009890297269329182,-9.145854910183815E-5,-0.006730356079972177,-0.006615750115614387,-0.16908468108406735,-1.3982383878472626,0.3977816887261895
0.003403716450465095,-0.010091152433044589,8.468763975505649E-5,-0.006791550458242948,-0.020484064876358597,-0.035921671367685044,-1.4590439133445716,0.27768397740861267
0.003511118749146008,-0.010279023148380917,2.6322068671095393E-4,-0.0068583526363526085,-0.035566919025942105,0.09698265826866649,-1.525584928480729,0.1624977217469383
0.003580491306293044,-0.010479859836078274,4.613892210524367E-4,-0.006881565977510795,-0.05545589213824432,0.2440743613801095,-1.5589066958587583,0.026095449610928086
0.003882353187813699,-0.011150419244014125,0.0011977696268911295,-0.006895092975679438,-0.12674594765993885,0.7843599116318,-1.6242214921901341,-0.45564289496024596
0.00381243311219054,-0.010999160523072551,0.0010238217556377404,-0.006907141852887558,-0.10994519488119316,0.6587394460733033,-1.6214271154489381,-0.34433645423112125
0.003706421214172296,-0.010853786489068457,8.467457652120495E-4,-0.006879342453417929,-0.09375088352336645,0.5309004453210199,-1.5873379459153616,-0.23838673781536937
0.0036267684301887807,-0.010679332376881645,6.590144197596051E-4,-0.0068713999529884315,-0.07548696028210777,0.39233221100038945,-1.5664140244772762,-0.11511257285909803
0.003931273630676526,-0.011532156384470863,0.0015674177777542204,-0.006724573646986798,-0.16336843059150827,1.0553237550598402,-1.5214659857790158,-0.7197957762345185
0.003842973959196189,-0.011321893676610548,0.0013343509672496064,-0.006779091487019988,-0.14380855042775018,0.8888927491544764,-1.5469690464679837,-0.5717886884556068
0.003097846681581679,-0.009872956233435466,-9.60894571641008E-5,-0.006579690162067885,-0.017940213728618776,-0.1767371229501191,-1.272857693490356,0.3676643551456908
0.0028614681994660203,-0.00981665331234185,-1.256584910578959E-4,-0.006431336200422169,-0.02486607927923677,-0.20363669943634657,-1.1449696233689586,0.3615142195132282
0.002596093312408483,-0.009692261304426538,-1.876423595107302E-4,-0.0062756795092973735,-0.028272103446363796,-0.2621093564830094,-1.00482943742486,0.389106957459798
-0.0037682208962331884,-0.010859855428993401,-8.737364062699607E-4,-0.006925428089202326,-0.09479973049880326,0.5485960019071847,1.6247011079763092,-0.24164766743792893
-0.003811623004521169,-0.010957200626739957,-9.834434952962854E-4,-0.006923379195547288,-0.10483459879488095,0.6283374740926718,1.631149873363496,-0.3132014643528815
-0.0038741552679574702,-0.011055666195292657,-0.0011039281666595233,-0.00693179670719826,-0.11621603893155165,0.7152660683413562,1.6455992826704673,-0.38665137206993494
-0.003971859382063209,-0.011132011741282186,-0.001222633310316494,-0.006975119802926234,-0.12621257701277264,0.7987762034493562,1.685417370774605,-0.4467351927762893
-0.0040775884077883864,-0.01130747203377358,-0.0014486815807025417,-0.006969213085301157,-0.147829963553789,0.9587517315408691,1.6932539371301025,-0.5827809448911453
-0.003993049811100748,-0.011243097163119865,-0.001340800128339959,-0.006936342976080608,-0.13828412630908352,0.883801218292834,1.663423337188273,-0.5287297514655592
-0.004133661304312555,-0.011481016171597306,-0.0016474272443689109,-0.006910441069631075,-0.16765057027858823,1.099342794402368,1.6600772509962085,-0.7123524828937637
-0.004052434232797227,-0.011426580879140918,-0.00154679233349023,-0.006879969832130025,-0.15968350983378857,1.0319780111087553,1.632526706717848,-0.6648583771901487
-0.004142346954005261,-0.011572103078513583,-0.001736803767930177,-0.0068581751302846305,-0.17756311077172773,1.1627538701287117,1.6256808248759047,-0.7758366595157103
-0.004196099945065408,-0.011657383487318545,-0.00185042084878832,-0.006841313135406782,-0.18625621996564728,1.2411334094117403,1.6176513976837081,-0.8416454592395624
-0.0047854581596110946,-0.01239210898749705,-0.0029728843163828694,-0.006635301480284183,-0.2667861927090193,1.976040885364487,1.4824098132449812,-1.4305419756895974
-0.004730240734047661,-0.012367515422146862,-0.0028974538289436233,-0.006621906528054798,-0.2620426849122804,1.9269625858380057,1.474243643765256,-1.3984871299733233
-0.004924766569142907,-0.012575015260418704,-0.003249649641581509,-0.0065309115830694195,-0.2768737235062786,2.1486436797875186,1.4018474524487325,-1.5695078065027512
-0.004863205390091222,-0.012518862677480008,-0.003144101003081192,-0.006552231922454574,-0.2731050010613018,2.082273199989061,1.4201209184773986,-1.520007150993701
-0.004813025410777848,-0.012457290312650356,-0.0030478429247131245,-0.006585024289633419,-0.26922946636254336,2.0222169190326333,1.4454639083154117,-1.4722381322622615
-0.0041833787080255294,-0.011759287012599018,-0.001930072441059425,-0.006758500667973739,-0.19418148452512263,1.2988442790002501,1.5611477664232154,-0.9048707384356905
-0.0042072052976122295,-0.011869868220600644,-0.0020403566927407082,-0.006693127746625214,-0.20208257970873175,1.374100402328777,1.5181592858823405,-0.9770384106210167
-0.004261941441015751,-0.011963905722595444,-0.0021593369834837874,-0.0066584917148248155,-0.21099744711349566,1.4534135195820566,1.4966617563976234,-1.044510176136476
-0.00432319750715214,-0.012050820397043952,-0.002278004635625602,-0.006630372070574841,-0.21921732878671432,1.5309902456202449,1.4790995734030303,-1.1085679671761
-0.004369451404789016,-0.012121870955651006,-0.0023720816503208816,-0.006601831548660821,-0.2256081468682416,1.592585335174173,1.460204061567042,-1.1596255561887745
-0.004514003125910107,-0.012116589023465327,-0.002497120857396824,-0.006710273355183365,-0.23742892164413879,1.6711317154570835,1.5381004863158765,-1.196622351665796
-0.004434421586117052,-0.012144298517769225,-0.002446597339388406,-0.006627728564240244,-0.2313765282497966,1.6398860269502051,1.4791530665717914,-1.1897875206371078
-0.004580609533940337,-0.012188202862643787,-0.0026152332081467995,-0.0066922675803288275,-0.2456289404650752,1.747402483974897,1.5253440129924118,-1.256135680706989
-0.0046551578972372065,-0.012256590636935214,-0.00273983513152508,-0.0066802584867471084,-0.2536620180339489,1.8274676089327666,1.5167504124161697,-1.3163550359869003
-0.004650428388424813,-0.012363832254541903,-0.0028133026739002235,-0.006569880036634327,-0.25458899865544454,1.8731476949431793,1.4381646066221854,-1.3697985078711032
-0.004912686856545732,-0.0126626900786549,-0.003289354412706081,-0.00642280172291448,-0.27349182854196724,2.167319885193958,1.323995779521793,-1.6004748272962763
-0.004915704301529671,-0.01275201861272488,-0.0033430992525471863,-0.006321917154615259,-0.27020360871343113,2.193690247358593,1.2515071461424512,-1.6343442957169445
-0.015013486744376787,-0.009929098702307628,1.1739053266440878E-4,0.008303743721973874,0.30294911096016125,0.09198435184507793,3.3215924976112663,1.1225172674386261
-0.014999605253615366,-0.009937172394430335,1.0474195670771716E-4,0.008332531431133869,0.3127290319302254,0.08676218386382455,3.338156705704448,1.141113417971234
-0.014999901308554829,-0.010031415039578107,-5.232528627480921E-5,0.008333025462916643,0.3154006897785579,-0.03891048930834453,3.315340864039906,1.2665883753390401
-0.014999975326556125,-0.010015707763366568,-2.613566914441604E-5,0.00833314900720621,0.3156420171157448,-0.017930333265546015,3.3194799125951744,1.2457689354414532
-0.015013963860656699,-0.010023635157757902,-3.918578625534158E-5,0.008304452006992981,0.3057826501740993,-0.03288859551562556,3.299102590524637,1.2474284327063625
-0.01499911186666351,-0.010094236641409177,-1.5704973036782108E-4,0.008331710109529522,0.3167077748167214,-0.12208698050777113,3.297744910914425,1.3499833695933905
-0.014999383224542409,-0.010078532631204675,-1.3092188495384647E-4,0.008332161546959881,0.313946711162542,-0.10149331976065666,3.302325046756492,1.3292237971276715
-0.01501320236637857,-0.010086671590804903,-1.4358519314826648E-4,0.008303455222855262,0.30838897253740744,-0.11553287609452716,3.2818061772430975,1.330340291053828
-0.014999605253615367,-0.010062827605569672,-1.04757410019766E-4,0.008332531310372057,0.3128037954089878,-0.0808101675213062,3.306765198567317,1.308366294903763
-0.015013496009549362,-0.010070923983567695,-1.1749829421204445E-4,0.00830377288999558,0.3083021562601276,-0.09491387123971295,3.2862821621689187,1.309645050140791
-0.01499977794963127,-0.010047121697559919,-7.854467385878431E-5,0.008332819465795374,0.31397225325014555,-0.05992138960654066,3.3111000709045313,1.2874618479645208
-0.015013754988915518,-0.010055168257095215,-9.140363287529779E-5,0.008303978280243382,0.3076103603031393,-0.07430902960614633,3.2906101532999554,1.2889223819581954
-0.015013912552559907,-0.010039400124294636,-6.529294546961158E-5,0.008304201303263316,0.30660175947309193,-0.05364158518032775,3.294880814889439,1.2681810819971366
-0.015,-0.01,1.3293417379431488E-8,0.008333190139115085,0.31401436068466276,0.00292252010118476,3.323488662493362,1.2249583750966238
-0.015013950443984318,-0.010007884447072752,-1.309648006249388E-5,0.008304650779424836,0.3054094663981081,-0.012078692188596406,3.303225009618236,1.2266684781276382
-0.014999975326556125,-0.009984292236633436,2.6148180487595583E-5,0.008333149021625904,0.3114364468724587,0.023694288497183854,3.327344019102974,1.2040813336721436
-0.015013928046359606,-0.00999214269122905,1.298134134407219E-5,0.008304690324484651,0.305426422430233,0.008732390205334964,3.307182727934148,1.2058917884523046
-0.01499990130855483,-0.009968584960421897,5.2316330935508684E-5,0.008333025582499777,0.31037444852181795,0.04455425283175707,3.3310588624120565,1.1831092741741764
-0.015013917721658129,-0.009976396063009188,3.906375479797275E-5,0.008304529041955026,0.30532177315320225,0.029503971511764093,3.310941652162937,1.1850837030633912
-0.015013730314601138,-0.00994486045918981,9.128522978492093E-5,0.008303990476950256,0.3037366014205716,0.07109096127606439,3.3181013098539007,1.1433817054118107
-0.014999777949631272,-0.009952878302440087,7.852625431321265E-5,0.008332819659160426,0.31138561461953707,0.06560070257559077,3.3346590876172377,1.1620955952518572
-0.015013871732629644,-0.009960633352829077,6.516666935561876E-5,0.008304257236687486,0.3046794952198542,0.050269054703191644,3.314554576181314,1.1642426840226527
-0.015028322021815463,-0.010015802805549544,-2.6027527818085784E-5,0.008276015750263247,0.30521884908116087,-0.01995655348007175,3.282764181837124,1.2213401400696169
-0.014998421182633165,-0.010125641080081592,-2.093801858718879E-4,0.008330558951692013,0.317477501581522,-0.1635786033251862,3.288139187107775,1.391406793880299
-0.014998791184455908,-0.010109939502481563,-1.8319715843416568E-4,0.00833117604518648,0.31799810812940366,-0.14277692967553013,3.2930065959264936,1.3706862464303757
-0.015012627988046484,-0.0101182025086453,-1.9580786934995475E-4,0.008302259925103488,0.30891618365587026,-0.15686157979015478,3.2722852907260704,1.3716631754920163
-0.015012924591473705,-0.010102428767115723,-1.696860371228826E-4,0.008302928396304832,0.30841280611320254,-0.13620213994121744,3.277123002364142,1.3510087594969031
-0.015012859126715883,-0.009455083700349516,8.912065178644028E-4,0.008198862931410493,0.28869825195965865,0.7201896465200531,3.3284601548466415,0.4713530993930701
-0.015011462377955406,-0.009439591762219118,9.164145273410537E-4,0.008195424533956724,0.2884011724240643,0.7407759624478705,3.3276142397089283,0.4506808698117318
-0.015010181775362915,-0.009423884536427478,9.418880090516177E-4,0.008191493634972116,0.28808780233261005,0.761568600444046,3.326384326606495,0.4296343061006113
-0.01502787877935659,-0.009461459383686322,8.752150883590957E-4,0.008171775803336464,0.2861161270603289,0.706378936809711,3.3093519329792254,0.4718380273216088
-0.015030221068217867,-0.009476645641376893,8.502587406204965E-4,0.008172966644059662,0.28619720472307547,0.6859827210339268,3.3086352827527965,0.49136449175543623
-0.015032137098007624,-0.009492390541232583,8.245703204175031E-4,0.008175030000312155,0.2863842905223523,0.6650292177071434,3.308390451806123,0.5118466119822965
-0.015033356906198128,-0.009508431663352662,7.98646429043521E-4,0.00817838883518939,0.286690077561536,0.643922341339697,3.308925741575404,0.5331049401139224
-0.015037234367070466,-0.009556028067962808,7.214992236410276E-4,0.00818675969108307,0.28763305656463073,0.5811404664775289,3.3090318563544936,0.5958650919530922
-0.015036561756635208,-0.009540599623795111,7.463344186192425E-4,0.00818307161777481,0.2872144157920569,0.6013259456173299,3.3084034388541284,0.5751877689081063
-0.01503537471671774,-0.009524605997944446,7.722124500394322E-4,0.008180036286186902,0.2868791085954499,0.6223614369110163,3.308217555332511,0.5540553138254593
-0.015047914557411647,-0.00964968630450694,5.684632544826759E-4,0.008192422325470947,0.28881720633886504,0.4567873629707508,3.300216837343434,0.7163247432577702
-0.015045735254887721,-0.009633778758631884,5.945533056597557E-4,0.008192632857476937,0.2887024819326218,0.47795230884899914,3.302653890509053,0.6962515083752646
-0.015043188253940395,-0.009618316934288754,6.200406094379068E-4,0.008193508766474419,0.288646981708605,0.498665930786737,3.305415512606763,0.676954810815449
-0.015041644842520081,-0.009602899051405807,6.451875639273637E-4,0.008192237180701544,0.2883956946436325,0.5191005084667638,3.3066743192634322,0.6569831161427352
-0.015040791465134073,-0.009587169400125923,6.706222539698352E-4,0.008189336966804751,0.2880167728353083,0.5397497064693279,3.3068201101933075,0.6361086290386692
-0.015039187072571646,-0.009571396536386877,6.963332664752576E-4,0.008187730268689587,0.2877841091137188,0.560651499484547,3.307770414494214,0.6156271016080189
-0.015027665579556114,-0.009920939689397308,1.3010543128817503E-4,0.008275086124632873,0.3025339900286394,0.10455478117041218,3.3045931076859376,1.096930675681943
-0.015027229725388133,-0.009905213283665915,1.5600237984339578E-4,0.008274954429828556,0.30205284595026033,0.12527043343231534,3.3079922527404206,1.076390792893207
-0.01502687123565214,-0.009889494577927326,1.8187943114135086E-4,0.00827448883430427,0.30153503006971905,0.14600313631997183,3.311105133069963,1.0557220487690502
-0.015026518156885521,-0.00987371810204244,2.0784600110845366E-4,0.008273827277398919,0.3010708792481407,0.16683183877212246,3.314033706882007,1.0349106918020878
-0.015026084648161247,-0.009857905758799626,2.3387394476609324E-4,0.008273142222298758,0.30066800895242546,0.18772511300063946,3.3168854896960283,1.0140672869416998
-0.015033858831607674,-0.009675346202109055,5.305256286485285E-4,0.00822658206140133,0.29238456475044755,0.42643036669877077,3.3191480574223236,0.7609932080179532
-0.015034646013837423,-0.00969150807576318,5.041683471642241E-4,0.008228725406481242,0.2928030068573689,0.4050898167136277,3.318031479348661,0.7824309870360745
-0.015035306576328294,-0.009723244265544733,4.5254059431990105E-4,0.008234152145256106,0.2937840692647877,0.3633524502054488,3.3164306336284635,0.8250660220357123
-0.015034965785780376,-0.00970751878855599,4.781378914078856E-4,0.008231580651638232,0.29330502208280973,0.38404216856222423,3.3173386873361537,0.8039640612851927
-0.015049518121233812,-0.009665942530646444,5.419643673010341E-4,0.00819325190572029,0.2890525682042277,0.43532493926406385,3.2983598418651354,0.7372019239816202
-0.015036290656489535,-0.009738916623817257,4.2688425204488945E-4,0.008235250991573266,0.2940990306088777,0.34260668318959414,3.314480682354461,0.8455761889184251
-0.015038482517912533,-0.009771001981472342,3.743164785743856E-4,0.008236587497893258,0.29472898555095844,0.3001636543636505,3.309693983376937,0.887246535092595
-0.015037606937194305,-0.009754857526347747,4.0072681513248404E-4,0.008235555118042212,0.29436196972339546,0.3214692718385432,3.3118950403093,0.866137185847171
-0.015039161948297713,-0.009818325696452636,2.971281394205659E-4,0.008242300859408533,0.29620122181290376,0.2380240423301638,3.3046078252069857,0.950341952128397
-0.015038950186237543,-0.009802763594607296,3.225266625970444E-4,0.008240576728720903,0.29572158147554767,0.2584571364192502,3.3064525821251105,0.9296228195719493
-0.015038831565024884,-0.009787029126134347,3.481750948613398E-4,0.00823846526308185,0.2952251162252242,0.2791002030428063,3.3080054480104835,0.9085627781161475
-0.01503973247577803,-0.00983389736540187,2.7165480603397147E-4,0.00824313388886237,0.29657738780213266,0.21754432432282464,3.302106853616485,0.9707302877974434
-0.015040356725267717,-0.009849598109037046,2.4595990850421367E-4,0.008243697428760117,0.29694691661358114,0.19690719273598242,3.299339051133334,0.9911888250439801
-0.01505367980913142,-0.009825792528928253,2.8311123611628495E-4,0.008214323891777535,0.29349346140573246,0.2266747033234968,3.2848342182629264,0.9484849420136533
-0.015024720749432032,-0.009414843911686925,9.500983186265078E-4,0.008159160699156842,0.285082625164355,0.7674096244780167,3.3050627653795175,0.40954343553225986
-0.015024472817380957,-0.009398361065399156,9.761215879122636E-4,0.008152633520754434,0.2845586543647128,0.7885518217833566,3.301997304012184,0.38708243902750056
-0.015037699217781563,-0.009370851449684064,0.0010132968350421944,0.00811479400244815,0.2812138621096496,0.8178231462971918,3.278307525906048,0.3431493582311616
-0.015034685814022493,-0.009354284276466071,0.0010403944517015772,0.008113135477843066,0.28121165067786885,0.8399921909403328,3.2783547824778196,0.3220537848945111
-0.015015650310899766,-0.009263787740441084,0.0011896254630011204,0.008105486287696466,0.28162130329142643,0.9623729721362254,3.278322359411699,0.20710202725739763
-0.015019904403328073,-0.009277218233674956,0.001166745330301971,0.008104247543221798,0.28129582134629416,0.9434850281018915,3.2768319033550983,0.2236734312565345
-0.01503030521898095,-0.009338666164678246,0.00106666012890084,0.008114371252565112,0.2814500144637266,0.861590233676467,3.280251375876151,0.30281887866409013
-0.015024964559711283,-0.00932436273541938,0.0010913813562321377,0.008117915837677684,0.2820211771655083,0.8820250377677266,3.2835748383160164,0.2857194291714742
-0.015025710394403986,-0.009308874935274445,0.001114988448825247,0.008108940932661762,0.28124972318105,0.9011101258871647,3.2783645664026326,0.2643072512779103
-0.015023820561338073,-0.009292869739317216,0.0011406380798766652,0.008104641447590967,0.28114304127710477,0.9220216371498583,3.2763028933441447,0.24335064335733936
-0.015017713256769635,-0.009229527434174573,0.001241025122434054,0.008083191293670038,0.28016733418633283,1.0038077989786534,3.2643831504335803,0.15973673248202494
-0.015020759237345789,-0.009248268097274089,0.0012107395788969893,0.008087448417755052,0.28020853705328713,0.9790477561739833,3.2665862865839577,0.18398191982661563
-0.015040445484381606,-0.009387731751196554,9.858268447127787E-4,0.008116907000141775,0.2812819569775751,0.7953750228297706,3.278481427414142,0.36475366522476366
-0.01495551636373931,-0.008792500600715212,0.0019238487460064852,0.007896647498135017,0.27896855746668464,1.5566969446140426,3.1259332844104386,-0.4052840865293101
-0.014966662365131856,-0.008815779195696833,0.0018822664217059103,0.007895720708411366,0.2775410196931197,1.5221854323809472,3.1271483842912557,-0.3762602789554269
-0.014980556785656046,-0.008836180262654675,0.0018425981868900596,0.007887078012710614,0.27574315402860156,1.4887018138203256,3.1227140367107933,-0.35123328513681656
-0.014986502280961655,-0.008858710313413062,0.001806379276761687,0.007894140961083854,0.27525914490450015,1.4593348688943344,3.1290913657077577,-0.3230652892484214
-0.014997279933634436,-0.009120380320923861,0.0014182913095910459,0.008058457494931469,0.28029199226979656,1.1489670194696797,3.2497960640041126,0.018894236615282282
-0.014996574501950613,-0.009136571976273619,0.0013943556151967708,0.008069793232741757,0.2809951948418959,1.1297560599628569,3.2574461114357804,0.04096286765206574
-0.015004667675840353,-0.009152606141671432,0.0013652594028039475,0.008064084659117036,0.2800108566558129,1.1054099069814123,3.2532751099031216,0.060142210844019155
-0.015008673042760177,-0.009068077960430765,0.0014889118779029401,0.008003628001366921,0.27683433476542124,1.2043618907582372,3.2119305216152845,-0.05413341503571072
-0.015013552473215822,-0.009107900582095929,0.0014268012994693173,0.00801986875581927,0.27718349075619936,1.1539565110259193,3.22321370714694,-0.002430178478728185
-0.015010957416627028,-0.009087684727229534,0.0014584488387797913,0.008011983324515084,0.2770167882547127,1.1796618858367987,3.217778401279642,-0.028662727663201017
-0.014991935427503003,-0.008895141454304764,0.0017508685756272527,0.00791239598105656,0.2752208195148451,1.414797585125999,3.1437974588783946,-0.27698755381054835
-0.014997225197060468,-0.008877431537271944,0.001771781321618936,0.00788922557027241,0.2738176590385914,1.4304118280591311,3.1268953024677453,-0.3002003928694165
-0.015000250640701089,-0.008914501980870508,0.001717162639817136,0.007911810143596166,0.2741885449498847,1.3869209486234653,3.1444250204935646,-0.2531122661823621
-0.015004198199059399,-0.008936895393379532,0.0016823947122947761,0.007921141150732293,0.27414276595001147,1.3588511442670237,3.151874412089508,-0.22480950403915415
-0.015026032195858961,-0.009049125301863305,0.0015053538653649104,0.007958808371855447,0.2734722960992661,1.2153189856857975,3.1809659765689653,-0.08307083314289898
-0.01500349477710781,-0.008963022645302948,0.0016454952662904167,0.007941358942575727,0.2748687305991852,1.329806842567588,3.1667954651981702,-0.19095305430536488
-0.015006247618767468,-0.008984371564527551,0.001612789898738237,0.007951434217865956,0.27510607667048187,1.3034642981315925,3.174434382265114,-0.16364447140130972
-0.01501515843546848,-0.009017753197924193,0.0015582742596065926,0.007958019149705673,0.27445856331182356,1.2588920550848612,3.179841830163257,-0.12176894816363848
-0.015014961099952219,-0.00899986896528521,0.0015843161673719968,0.007946129116024095,0.2738222043259848,1.2796167442771764,3.1712522163864105,-0.14502592817571044
-0.015028312209300366,-0.009027684786347571,0.001534995159031065,0.007940354242540384,0.2724506666946554,1.238604577030237,3.1679516670180408,-0.11145130769038922
-0.015032603503470826,-0.009217550387130466,0.001251068904702084,0.008048154902071288,0.27720136477286683,1.010588691339815,3.2407296894395192,0.1381939502541014
-0.015029489757707883,-0.009201259362541276,0.0012774169198296363,0.008045040148969963,0.2772519499171547,1.0321284150136798,3.2390757280900786,0.11743469435138267
-0.015024887262533317,-0.009184381889301138,0.0013054838549427577,0.008044226949620904,0.2775316876327114,1.0551857473820643,3.2389537338066456,0.09636975303294949
-0.015017206127641377,-0.00916826978943224,0.0013342119705282629,0.008049498884179983,0.2783686830534473,1.079102300181516,3.2429466488131857,0.07726059860107472
-0.014958884754740824,-0.008713795241135983,0.0020287167341715225,0.007823375262780057,0.2768967050264775,1.6371651281422608,3.0682602663781062,-0.503952608587885
-0.014971348046211044,-0.00872924403013827,0.001997053297115863,0.007814757993037854,0.27511474893377263,1.6102451246983904,3.0640036650004485,-0.484753780986745
-0.014928716998464158,-0.008588605498679578,0.00222214647656889,0.007761686691079565,0.2797007862808854,1.7908391213427992,3.0107612121640024,-0.6576714794522981
-0.014937535620315072,-0.008622868886285532,0.002169066492859447,0.00777868618599875,0.27887962809596356,1.748729171895093,3.026971696388675,-0.6157899930105534
-0.014940571802905622,-0.008605172351084338,0.0021893737082349994,0.007756881636541079,0.2779663791734993,1.7633182648194974,3.009816685785537,-0.6367507767109568
-0.014963296546334673,-0.008690381425657935,0.0020562515942453377,0.0077950043062948934,0.275793421870409,1.6573152471798436,3.0462973809790133,-0.5326100064308951
-0.014958911046930798,-0.008664025124304595,0.002095200893043848,0.007779159042619941,0.27595538663099717,1.6878768820798538,3.032469237114605,-0.5647531487152883
-0.01495247883194051,-0.00863902329624503,0.0021340388600982712,0.007767649804815674,0.2766913145087329,1.7187014740157103,3.0215727544739104,-0.5952271447052188
-0.014982703645496925,-0.008748022575300595,0.0019619822811563787,0.007810708964452192,0.2736063031265112,1.5809801264449606,3.0631100611833495,-0.46161892115253617
-0.014968324268557863,-0.008771017772621077,0.0019427831319670248,0.007855666186454975,0.2763301156501386,1.5689123732958734,3.0959310768740633,-0.4328341869485893
-0.014545416141838796,-0.0074700686186547,0.0038490430505294555,0.006916161718973392,0.3509477599364696,2.9446384896299644,2.1170138236137706,-1.8468713646140016
-0.014560981165650036,-0.007490654858796835,0.0038115387272197,0.006928724466306197,0.3473426249858426,2.9188647630995948,2.1356064365402694,-1.824773897225357
-0.014589712820762676,-0.007503797984298169,0.0037599777385812915,0.006914477256886646,0.3417008168706691,2.8742497873020616,2.1371109603391307,-1.7971882986111232
-0.014645059033007257,-0.007614984537407635,0.003597389760403373,0.007007830172338544,0.32972201189141787,2.771719511791924,2.24495834619972,-1.6944841348315574
-0.014631413780733404,-0.007591088300160267,0.0036352598965743352,0.006990647470498373,0.3325107894012855,2.7970334582282224,2.2235500077360406,-1.7182684309894374
-0.01461546711872166,-0.007570715731547105,0.0036736057295735647,0.0069808593642233545,0.3358384418082064,2.8246240893843146,2.207482113737771,-1.741271935200238
-0.014613055685055396,-0.007539005894539818,0.003700642929637735,0.006938038010279852,0.3365534746860543,2.8343149587006837,2.1687965977931882,-1.7613777716929242
-0.014659187258974304,-0.007706479174907628,0.0035035189527739537,0.007118671904863428,0.3262198527397528,2.7246985138700404,2.3487870929396775,-1.6248984574388416
-0.014660649908932639,-0.007671833455037283,0.0035301040005873427,0.007068321285964888,0.32607026709450926,2.733633686061009,2.3051607758772357,-1.6476636915208436
-0.014674511717799443,-0.007628906759062632,0.00354509411215612,0.006990875411642795,0.3243594369021823,2.7263259129139152,2.2436302068884744,-1.6666023405104755
-0.014941246681340694,-0.008564559097147229,0.0022412138818807673,0.007717217362761119,0.2774910399777312,1.8018667921812062,2.9771425105225964,-0.6847252155610216
-0.01478399638896894,-0.008139580408292567,0.0029199873580948864,0.00750994630477445,0.30098235358703246,2.3316278041109118,2.7474123892392686,-1.1903543862202348
-0.014803250614437307,-0.008143229720361012,0.0028926867092867294,0.007484709414872688,0.297743748384278,2.3050640489713534,2.7325286135816005,-1.1790522077217431
-0.014781071396567909,-0.00811984233355239,0.002945035787680885,0.007490332284932426,0.3015629262997534,2.3488810654302577,2.728986621209445,-1.211089415267885
-0.014770967508803008,-0.008094850583666787,0.002984372646484187,0.007474947177878116,0.30337418466549476,2.378441393138886,2.711532143537699,-1.2397106724051354
-0.014767059759335961,-0.008066160201759667,0.0030196692672620246,0.007445130776881811,0.30402423984593546,2.4020338307471545,2.683728698959175,-1.2688865952543733
-0.01481945213289952,-0.008158001675716979,0.002857161184872414,0.007477463116659406,0.29493557367575546,2.2747743163068606,2.7321750752486866,-1.1581320772113575
-0.014846513017994724,-0.008238082471635955,0.0027363253872852017,0.007528826948762199,0.290474387107468,2.1841240975853746,2.7867705185868434,-1.0675459345994989
-0.01483755601209654,-0.008216392323662973,0.0027711374720837717,0.007517909375130791,0.2919630720329545,2.210930081333977,2.774094759462237,-1.092848995008259
-0.014830276044030111,-0.008185646991763901,0.002813937617681003,0.0074934000245100085,0.2931226741561892,2.2420516106053614,2.7500781059638726,-1.1265330007732297
-0.014870603187815612,-0.00824279796436161,0.0027035784503687665,0.007496309052856817,0.28664975197501735,2.1525585161021072,2.7670392737569824,-1.0547154050022707
-0.014889593187974642,-0.008257554269054435,0.002665606717607924,0.007483087566595514,0.28360231423997767,2.119711110035413,2.7623031645277902,-1.033474213710755
-0.014889520576601279,-0.008303738379851927,0.0026128631337347425,0.00753427256464545,0.28363153198672114,2.084012705538072,2.8064235676852323,-0.9857340877628072
-0.014903785976215778,-0.00827886943209894,0.0026257323512869283,0.007484369606865582,0.28135313828399333,2.0874969163504997,2.7682658652642993,-1.0072670525461656
-0.014896614550739973,-0.008347413391077443,0.0025541116639375655,0.007570339494852654,0.28287126793193723,2.040935900154066,2.839672009367123,-0.9374493930761147
-0.014902614457852143,-0.008323916547734796,0.002575162905559261,0.007535341231130736,0.2814608830815729,2.053449935135001,2.8117193447358035,-0.9607805553785826
-0.014890142183389228,-0.008374046757927644,0.0025293840944705455,0.007609420266320205,0.2838250354350568,2.025868410756028,2.871146771915761,-0.9102099488115217
-0.01488484559509922,-0.008399649015500096,0.0025041467810705434,0.0076453870115815335,0.2848949062393562,2.0097267749153933,2.900185143116414,-0.8832111000561428
-0.01491406001660375,-0.008364251257947342,0.0025155846994897057,0.007560127158019281,0.2798866104279321,2.008169758190622,2.836627839193305,-0.9148787546402815
-0.014901374591362607,-0.008419193446146564,0.0024629611833663976,0.007638668721683892,0.2823104942999841,1.975020890606837,2.899619241316485,-0.8577131286482285
-0.014910853450383415,-0.008446290738105494,0.00241995195839942,0.007651019160926761,0.28107794269303144,1.941268282587426,2.9129901471094177,-0.8254324478125171
-0.014923350118771134,-0.008473543346584369,0.0023735579545141263,0.00765793473633132,0.27919986192646534,1.9040395948399116,2.92255593449339,-0.7922938141293567
-0.014925051676120878,-0.008500989954860082,0.002337626793723076,0.00768257559850895,0.27930718404145954,1.8773802881132233,2.943746285652971,-0.7607495488120747
-0.014945755625307595,-0.008518657725996135,0.002295048402712002,0.007665166290404373,0.27616536018330606,1.840429038014161,2.9351038789480217,-0.7372004132751705
-0.01495968746860049,-0.008542882352046718,0.002251093518365789,0.007665154185824952,0.27427342892516565,1.8044331416777728,2.9389846291016277,-0.7074529848329045
-0.01474143589089372,-0.007925935577375772,0.0031940212142272904,0.00730345208801558,0.3091831950855269,2.5169497218664483,2.5481347654473567,-1.4073728919692943
-0.014711107766673259,-0.007847625841605562,0.003308123246501145,0.007242424858818102,0.31525941045403943,2.5963271346176424,2.481209214116687,-1.488311626815168
-0.014729178249578407,-0.007876899008134894,0.0032568307357084625,0.007256328452982999,0.3117531241303601,2.55799982342502,2.501245107023354,-1.4547427433242732
-0.014753424364882878,-0.00789845434021332,0.003204706303919932,0.007250737613168191,0.3074150714495086,2.5149182759028563,2.506569878084058,-1.4240728427499967
-0.01466934681798849,-0.007756047318264504,0.0034470627916465264,0.007174265733502757,0.3237322042645609,2.6927833021902554,2.40252472189408,-1.5830680444220155
-0.014680366400299173,-0.007779092676731918,0.003411694985038645,0.007191299563472796,0.3214163144163162,2.6683157306087466,2.4224810681716598,-1.5592730297430684
-0.014702487135359139,-0.007794979504105463,0.003367449937640207,0.007183221365666087,0.3173383981262495,2.630962667721142,2.4251112891121434,-1.5342085373475107
-0.014725107261845472,-0.007816229865192452,0.003317998946028859,0.007181269613831365,0.3130669178209191,2.591011808338944,2.433260705322445,-1.5049794104059473
-0.014683837731511176,-0.00772903194111638,0.003450287280603106,0.007117860959044711,0.3213626559504635,2.6821019372850348,2.3592022047371084,-1.5937275204779793
-0.01477773138691088,-0.00803533713131441,0.003038377292064973,0.007390629420946425,0.30235058553032057,2.4075104842722688,2.639888704941989,-1.2928481838381038
-0.014758332703672827,-0.007948055393023184,0.003150615778793412,0.007308005337931251,0.30626124346852396,2.48282801588527,2.5591717521738135,-1.3798443021258489
-0.014767740847567006,-0.007994029219784139,0.003092995434119217,0.007353201908825491,0.30447750404188106,2.444872569494606,2.6028383104947825,-1.3349356134830976
-0.014783481967919693,-0.00801156861224543,0.0030554183703921604,0.007352369752921627,0.30129385042613155,2.414312026824901,2.6084168161342025,-1.3117809669269658
-0.014772960410116645,-0.007969529352998241,0.003110765372051394,0.007314498286055272,0.30327657766269184,2.451948121191606,2.570860209747502,-1.353994600908817
-0.014442667697407652,-0.007211539824113758,0.00416244788025195,0.0066315461741743836,0.3746546278643268,3.0971351703989716,1.820417331474967,-2.0326150793868902
-0.01446403573091864,-0.007177073777850944,0.004147164178086402,0.0065577117366604435,0.3700764845192082,3.0599787991637806,1.770176847156486,-2.025812145030029
-0.014474971686661287,-0.007288127613728982,0.004070652854564111,0.006717324251273015,0.36704534027994423,3.055583643771492,1.9098168412404932,-1.981239843304507
-0.01447111316355457,-0.007244672121861507,0.00410085463231374,0.006654514305126299,0.3680675078573153,3.0579417978014214,1.85465497697693,-1.9996064811502878
-0.014515539779114742,-0.007307285453295663,0.003997787136821276,0.006704432349718515,0.358587495783044,2.9954403811785766,1.9197218394408126,-1.9428121996913397
-0.01454251467691447,-0.007418424209432554,0.0038881419987061394,0.006842310298628426,0.3518753916463806,2.9534990304897253,2.0514431249577814,-1.8747586043107425
-0.014555739084095562,-0.007443908384203177,0.003851495597624304,0.006865389209531526,0.34908190720445204,2.931792759975162,2.0778907776234594,-1.8526919860150854
-0.014554428926155641,-0.00738179002466481,0.003894041147144905,0.006774537727104958,0.34991561225671225,2.937535901819825,1.9989970622303406,-1.8827932355957235
-0.014547205323658408,-0.007340025336354464,0.003930727240317532,0.0067201686927142665,0.351565354053133,2.949087566659966,1.9490606373410968,-1.9060040596394647
-0.014430498152066592,-0.007117972482993613,0.004227482046468787,0.006498040141329745,0.37737269404837315,3.0991139800399643,1.702990459003902,-2.0674060913078307
-0.014417599766274958,-0.00709176532849285,0.004259446701877105,0.006469101136585782,0.3805099791867754,3.112479196685315,1.6723563269105786,-2.0834938956839832
-0.014403369090674557,-0.007066309641153127,0.004292812054492389,0.006442135249292494,0.3837589312257366,3.127293130638227,1.6427789968982,-2.0999072633826135
-0.014460887317069371,-0.007135926717136862,0.004172228041581937,0.006497648181887307,0.3711128632313493,3.0577655734859386,1.7186978899845289,-2.0392292588345273
-0.014396011619631045,-0.0070334540786548055,0.004318137993702453,0.006397336586086572,0.38516797304536915,3.129280318719615,1.6025106452411497,-2.111671818191122
-0.014371309894769225,-0.0069815083076138935,0.004377287279757477,0.006337003427697515,0.39050363240492203,3.1497482681236852,1.5409745422748804,-2.138944156077349
-0.014393072895894202,-0.00699455251993909,0.004338331512612994,0.00633934302827806,0.3854590178030687,3.1221785425283732,1.5548067886260877,-2.1198517017959757
-0.014052977076164467,-0.006449534859347847,0.00499478505973584,0.005692148511995675,0.4547344665320798,3.2935786204726107,0.8837580865314812,-2.3461584552336343
-0.014100075326591516,-0.006508638272672503,0.004915969968491689,0.005764387118519207,0.4453097326684822,3.276724502742026,0.9606564071057903,-2.325800109210231
-0.014072505961590969,-0.006483779910863572,0.0049618121406907545,0.005737847550549538,0.4523445193315158,3.294423865808814,0.9261501400493823,-2.3405476762102904
-0.014173890131732316,-0.006596338034396991,0.004788929799393987,0.005865028928044433,0.4307798599769885,3.2387330008744835,1.0741031422642395,-2.2867005840677446
-0.01414348590934748,-0.006513101733956634,0.004847023365797083,0.005749999573967387,0.43546323588202707,3.223270148113531,0.9772124765771971,-2.29422224851885
-0.014173049511131403,-0.006547685237676423,0.004796807195733444,0.005789011846978803,0.42937345417101874,3.2081645801239795,1.0212633131848117,-2.2788406416006874
-0.014219263503323596,-0.006611034712856155,0.004715425923649129,0.005862572062101935,0.42028438296849163,3.1877727411396,1.0992775744912182,-2.2543756373923585
-0.01421766450887983,-0.0066616919462681055,0.004709097058526827,0.005942928814569326,0.4222793485765813,3.2196443233819374,1.1552402649920177,-2.261859667721762
-0.014069412209319905,-0.0063984397137653685,0.0049709815468498625,0.005604421982306333,0.4483199901326391,3.2331406054392198,0.8373737727048366,-2.3198893536583216
-0.014076319797414041,-0.00633298471334866,0.0049619250205863085,0.005500133928098609,0.4437707345020468,3.1749004588771323,0.7759199214753937,-2.2958877352966556
-0.013695155824826406,-0.00579281077286784,0.00546848672890244,0.004766930760974236,0.4918234165563503,3.0719063699021656,0.15841317241495695,-2.2841941225296027
-0.013733651278398137,-0.00582546488905402,0.00542023830893531,0.004812641330190112,0.4861847455668596,3.072169155516328,0.20254029672743568,-2.283205640121786
-0.013812527134939185,-0.005921216366606923,0.005324400927310399,0.0049455966771780775,0.4776816094250152,3.094931622617572,0.31236508098062754,-2.291622972975802
-0.0137717730357711,-0.005871025654077866,0.005374485282391989,0.004876271161801626,0.4823214055211183,3.083564662716005,0.25478858542146593,-2.2877365456970993
-0.014030687080440005,-0.006248411939751534,0.005031454760374341,0.005387179506401624,0.4504848651287895,3.160678170955951,0.6804285750733299,-2.299079642649869
-0.0140796031612209,-0.00626790864455766,0.004957431812503201,0.0053997069251469935,0.44000985038576435,3.121240400108144,0.7172210011846704,-2.2733844504418914
-0.013862640307920449,-0.005963513476556742,0.005257703537096176,0.005000776136895427,0.4694595025175036,3.0878593682875928,0.3703355497123997,-2.284791612101954
-0.013856954417999619,-0.006034794755903965,0.005276901189858511,0.005108076698569868,0.4771949345905691,3.1589626713061194,0.419487015399078,-2.320561409917081
-0.013925422477663473,-0.006173084686825973,0.005188587905000986,0.005303444305081735,0.47099605843420306,3.2135613637252867,0.5671813561758824,-2.3390305165714627
-0.013903295453102697,-0.006122547790877045,0.005217610846018028,0.005231516658460361,0.4722370905749919,3.192009976293519,0.5138392186747862,-2.3318484180245327
-0.01391146908867061,-0.006069147062988764,0.005199305221718571,0.005148786318665098,0.4665005188830447,3.1355475984690924,0.47478357389243625,-2.303900270890619
-0.013992475889213424,-0.006199420404985072,0.0050877299919714755,0.005324729138283053,0.45644462718728407,3.162691355720234,0.6209689452201838,-2.3063908033639104
-0.014352606046834344,-0.0069531197001409155,0.00441708223442153,0.006307720604161704,0.3946557498889137,3.1672160828598854,1.5074099176660405,-2.157082706119415
-0.014319120675618547,-0.006895229001256994,0.0044896163040495035,0.006242718887785717,0.402051899204951,3.193827415791309,1.4379214330051127,-2.188576768050494
-0.014344980978313032,-0.006914252362891056,0.004442632758731163,0.006252781839991893,0.39566351249940424,3.1639504629406527,1.4600885857174415,-2.1666325944747284
-0.01430860720573296,-0.006857493927295856,0.004517976316300774,0.006191047549000245,0.4039848000846811,3.1930980340821935,1.391881774242754,-2.1986454102962694
-0.014303670237045214,-0.006809845234721016,0.0045395405285654005,0.006119715420738517,0.4046775550514208,3.17853367022,1.3347237975633135,-2.2031216492585277
-0.01429994062381027,-0.0067637650404954236,0.004557616320015011,0.006050309382004765,0.4047470493953625,3.161901281108005,1.2807014492608078,-2.2051967036354347
-0.014255029196487906,-0.0067011283964287065,0.004642459457020854,0.005981879352447096,0.4138680224214314,3.191159241160331,1.2048374430464477,-2.2367579084917644
-0.014293423744549477,-0.006724454917729748,0.004577360037295626,0.005993578578954142,0.4058044211005244,3.1513770677763433,1.2352104833417754,-2.2085169263523374
-0.009357840677385805,-0.014958591675504214,-0.008264176056115652,-0.001070256587868017,0.2853336585792547,2.1056978704770195,-3.0991269894084197,-0.8348283812947447
-0.00934822506809163,-0.014971299670458455,-0.00823404514822578,-0.0010795716051244218,0.27620245225615353,2.102126763328396,-3.0762766689088754,-0.8460914508898533
-0.009373420771600324,-0.0149605844888015,-0.00826749403700422,-0.0010443166176282745,0.2843370426993859,2.0854469174465566,-3.1075644964848603,-0.8153669009456971
-0.009363806081083384,-0.014973322165254356,-0.008237392230589608,-0.0010537603390141672,0.2766638226143993,2.081999423002068,-3.084742024798139,-0.8265113667403288
-0.009389006894728722,-0.014962528329925274,-0.008270730847135631,-0.0010183640029234693,0.2833119128360697,2.0650779196148497,-3.115862376297208,-0.7958502320930632
-0.009379392167685715,-0.014975327071841462,-0.00824059839426871,-0.0010279268417268637,0.27714082745733076,2.061820715212644,-3.0930421467568334,-0.8069124324187414
-0.009404598895283897,-0.01496442318144846,-0.008273887962181984,-9.9238619836277E-4,0.28285458759627524,2.044585382595919,-3.1240292888291425,-0.7762026269964254
-0.009395002020052083,-0.014977315324022175,-0.008243668663652665,-0.0010020438658863951,0.2774778778126606,2.0415731063369766,-3.1011850278933966,-0.7872922230774719
-0.009420196622188312,-0.014966269026450155,-0.008276966185756586,-9.6637549987405E-4,0.2833761777979568,2.0239993924293307,-3.132077180794678,-0.7563711869280257
-0.009410649753236798,-0.014979270334365987,-0.008246639161147524,-9.760981699961821E-4,0.2775536695383103,2.02124857753976,-3.1091994884698426,-0.7676348973922664
-0.009275736091566227,-0.014976047043039018,-0.008188653070322155,-0.001191845008457631,0.2731986042605052,2.171774478286171,-3.0192764826976926,-0.9275277915709247
-0.009291524379970354,-0.014978231061432664,-0.008192589270671362,-0.0011659146858516288,0.2736081963717643,2.151919799659097,-3.0284423908823483,-0.9081709873776248
-0.009307280282541732,-0.014980261468622426,-0.008196626033760533,-0.0011400827780577002,0.27391839638555276,2.1322044353214884,-3.0375704173884546,-0.8888579323374562
-0.009322953516944305,-0.014982275742922796,-0.008200471239484615,-0.0011143586585382486,0.2741084210866261,2.1124743340736125,-3.0464768514385923,-0.8695740582999075
-0.009338554525680184,-0.014984295852378435,-0.008204089624775158,-0.0010887179058595112,0.2742596976433325,2.0926926928215193,-3.0551451427210465,-0.850301975332253
-0.009435799924780781,-0.014968065848509118,-0.008279964948910102,-9.40335478258289E-4,0.28480553189979047,2.00337870621909,-3.140015991029824,-0.7363605969337265
-0.009426336174617205,-0.014981162791121954,-0.008249565129751895,-9.501001837141661E-4,0.277352985978396,2.0008550800228395,-3.1171243208619193,-0.7479174678395523
-0.009451408652823316,-0.014969813631697157,-0.008282882446942107,-9.142812214642256E-4,0.2866139615309782,1.9827819946879905,-3.1478498417336382,-0.7162367657183316
-0.009442042464102006,-0.014982964383292574,-0.008252493133752953,-9.240887515229321E-4,0.2769902083066614,1.9804210337128871,-3.1249866533415602,-0.7281274049783114
-0.009467022656507899,-0.01497151236057239,-0.008285716135455978,-8.882360124443889E-4,0.2878589010287535,1.962232464158002,-3.1555711164550444,-0.6961047832562498
-0.009457740953257555,-0.01498466369171881,-0.008255435443937103,-8.981085989715233E-4,0.2766707967054191,1.9599794446140846,-3.132788200014492,-0.7082659548089859
-0.009482641786463353,-0.014973162020172496,-0.008288464110724099,-8.622186704513793E-4,0.28745995391648427,1.9416966342483715,-3.1631574388290566,-0.6760615459069644
-0.009473416482717724,-0.014986280681947703,-0.008258349767251058,-8.721724071593498E-4,0.2766714731840368,1.9395392962455416,-3.140498441776655,-0.6883440060182763
-0.009498265893762122,-0.01497476259600774,-0.008291127772133085,-8.362172809325822E-4,0.28580569251274923,1.921106213972475,-3.1705954233287716,-0.6561100816240594
-0.009489075563661164,-0.014987865643182914,-0.008261143039253996,-8.46251176142509E-4,0.2770729634679098,1.919069641616421,-3.1480539595828625,-0.6683861078714117
-0.008731513321649554,-0.014914699713106293,-0.0079176441505681,-0.0020433646325772135,0.23924507317318366,2.7408303674048113,-2.5884466979599767,-1.5266764887091722
-0.009213503975653636,-0.01496623765519884,-0.008173682937322348,-0.001294438892939776,0.2721687615414419,2.2507231901201266,-2.982623815372184,-1.003820927725146
-0.009228946547718954,-0.01496862625408329,-0.008177754962082147,-0.0012690423570647328,0.2723631773943292,2.231377894630739,-2.99203607371521,-0.9850173397205816
-0.009244425180992511,-0.01497111990340839,-0.00818146492117855,-0.0012435057873851575,0.2725548725759234,2.2117123575045627,-3.0011883333942646,-0.9660413075021216
-0.00926001579904353,-0.014973640680815905,-0.008185003627839848,-0.0012177575894319638,0.27282434707458764,2.1917789511310666,-3.0102151986070145,-0.9468591177427669
-0.009203561033274231,-0.014979463965720094,-0.008142321259157813,-0.0013022724565107302,0.26721153100463463,2.2410689271585604,-2.9605124279908694,-1.009041792180451
-0.009188017327299179,-0.014977484427961143,-0.008137149892645794,-0.0013273742534368161,0.2666971058628931,2.259531384619614,-2.950399315626889,-1.0274879763602192
-0.009172200850622017,-0.014975344801635074,-0.00813195002815583,-0.001352947003401341,0.2661827942909715,2.2783704500372117,-2.9400705717677824,-1.0462357048142963
-0.009140201296835338,-0.014970089907177749,-0.00812265876578923,-0.0014051240737777812,0.26531539857209546,2.3174868345076813,-2.9196115600819414,-1.0843821358070513
-0.009156192895140353,-0.014972924032054217,-0.008126994812344827,-0.001378940217889916,0.26570690489901644,2.297687175537876,-2.9297092981913213,-1.0652530446784587
-0.008912880243886869,-0.014939876373077463,-0.00802184847776972,-0.0017652664099703514,0.25338234238034185,2.5663043186960213,-2.747252201355685,-1.3398311963777176
-0.008897155590457928,-0.014937472767307232,-0.008014114463978551,-0.0017899421840526805,0.25238466624828654,2.5827606339459415,-2.734418446388075,-1.3568489174935061
-0.00888108686501777,-0.014934472015740068,-0.008007042851364067,-0.001815521280130914,0.2514778101485919,2.6003213915220127,-2.7216271521337223,-1.3744949506953983
-0.008803717959382234,-0.01491496276345409,-0.007979688710716191,-0.001942113588754339,0.2479106746110555,2.69122023709429,-2.6618975672826646,-1.4615576627266769
-0.008819231239507895,-0.014918287350542535,-0.007986615632285322,-0.0019172962021112097,0.2488506051001557,2.67431310355323,-2.6747069471861677,-1.4447204081189708
-0.008834444676201201,-0.014921191546760188,-0.007993894311285353,-0.0018932013333679062,0.2498359671653572,2.6581836617475294,-2.6874188210141585,-1.4283562077210992
-0.008849393901670732,-0.014925319479081794,-0.00799852705720088,-0.0018684325560087024,0.25042303165872837,2.6399736042917143,-2.6986799399012287,-1.4112510237926357
-0.008864759842764887,-0.014930672685865523,-0.008001056248303424,-0.0018420556853794318,0.25068225041791936,2.6192627778129203,-2.709109609286793,-1.3928319718195665
-0.00874753982356458,-0.014916505470532427,-0.007928504954896283,-0.002019582696870027,0.24072550749041488,2.7271596437946113,-2.6035220135711072,-1.5112120117862256
-0.008762941862474985,-0.014916398808880413,-0.007942130532307204,-0.0019982318085622094,0.24272981732396195,2.7170223950418357,-2.6193571821788195,-1.4975769237302488
-0.008777135631117802,-0.014923438889773395,-0.00794157139920247,-0.001972327750500894,0.24252209618039708,2.6950992736286943,-2.6281507619877047,-1.479537823990871
-0.008792029179305477,-0.014928718902047167,-0.007944642788029062,-0.0019469605897101418,0.24298555329618673,2.6756639960273074,-2.6388618119936873,-1.462143940744966
-0.009108740200492155,-0.014964015709096395,-0.008114534295952677,-0.001456862064214562,0.2645955701624744,2.3568357323131384,-2.89970945932906,-1.1220575450808512
-0.0091244013970745,-0.014967020928859405,-0.008118706476479763,-0.0014311313278717707,0.2649918541482068,2.337341524017012,-2.9097284450823646,-1.1033507710098418
-0.009062585460205101,-0.014954634837250295,-0.008102178154217834,-0.0015328752406217059,0.26344858751964145,2.4143745906013305,-2.8696427629940504,-1.1770490582271338
-0.009077875337558503,-0.014957791498978738,-0.00810635443442313,-0.0015076877771988087,0.263846257838672,2.395355856201066,-2.8797318235983984,-1.1588735847694807
-0.009093205508198353,-0.014960982695046704,-0.00811031537650534,-0.0014823906891396012,0.26421982849101383,2.3761295657784243,-2.8896432294065213,-1.1405691168044465
-0.00905191345260215,-0.01496746556282239,-0.00807053974484607,-0.0015402406047400027,0.2590061566109206,2.403513533004013,-2.8476718547701108,-1.18082213066739
-0.009036088531629407,-0.014965789413329255,-0.008062940871200795,-0.0015650004034688557,0.25809581507620644,2.4202702945140224,-2.8355059955940463,-1.1984019890673878
-0.009003663408972545,-0.014960024838375142,-0.008051223038178137,-0.001617170603049998,0.25677295578250975,2.457807763798385,-2.8123274100439453,-1.2354718629041388
-0.009019576409216043,-0.014963694857548705,-0.008055479290042964,-0.0015910046607195735,0.25720690600663415,2.4381171319279904,-2.8229843947928477,-1.216821019438228
-0.008973014585160434,-0.014952805951471436,-0.008042776270569603,-0.0016675997327808125,0.2558441871907619,2.495645472529523,-2.7914163468726687,-1.2712933016835442
-0.008988317665017532,-0.014956429442457328,-0.008047046997253246,-0.0016424195802448875,0.2563227380349931,2.476800930585227,-2.801920919227213,-1.2534465504164631
-0.008943147953782704,-0.014944932265002804,-0.008035437873087768,-0.0017172681599927464,0.25508313211518985,2.533410162793231,-2.771136995818043,-1.3064493027241817
-0.008957630094525876,-0.014949236679228858,-0.00803816877433543,-0.00169283332593693,0.25532476440795726,2.5143740444510887,-2.7806018685275755,-1.2891369564068078
-0.008932041373428614,-0.01495543818692359,-0.00800744806367839,-0.001725555812512615,0.251166205277761,2.525125586048606,-2.7511978758714815,-1.3106260640140246
-0.008918250745667197,-0.01495542183652817,-0.007997025710271381,-0.0017455590410506963,0.24976814032147712,2.536196701713118,-2.738351074765007,-1.3241880714177592
-0.00951389482992714,-0.014976314074054054,-0.008293710705879686,-8.101974402771301E-4,0.2846163550909038,1.9004179138459147,-3.1778952782362526,-0.6361481075576769
-0.00950473741636442,-0.014989453803905421,-0.008263754050763699,-8.203062605989453E-4,0.2775291894241168,1.898533273092977,-3.1554098412422307,-0.648415122384252
-0.009529528446938641,-0.014977816440745884,-0.00829621443554466,-7.841433385726484E-4,0.28459494949996156,1.8796429619781858,-3.1850691570465504,-0.6160790373116533
-0.009520417178292018,-0.014991030000240184,-0.008266215823386791,-7.943227851655435E-4,0.2776877486189939,1.8779277257501479,-3.1625901689633245,-0.628428294032194
-0.009545166597241006,-0.014979269682969046,-0.008298637957849414,-7.580641944160757E-4,0.28520397657931895,1.8588187280150306,-3.1921182712090475,-0.5958805129052941
-0.009536114780015405,-0.014992557751459912,-0.00826859749560689,-7.683132823401509E-4,0.27756991635154454,1.8572749022597657,-3.169648390077972,-0.6084102950383058
-0.009560809133749612,-0.0149806737880534,-0.008300980100797481,-7.31971382177918E-4,0.2859979576883523,1.8379772149366038,-3.1990438371484147,-0.5755738394927472
-0.00955181960127235,-0.01499401561004339,-0.00827093667725143,-7.422998834501752E-4,0.2773418859636849,1.8365930461243074,-3.1766122804974692,-0.588352922057676
-0.009576455909857678,-0.01498202874376549,-0.008303240310279092,-7.058705825449225E-4,0.2868846147337401,1.817141033906056,-3.2058529521962966,-0.5551924118523546
-0.009567521360325936,-0.014995396824890409,-0.008273243554574016,-7.162994660796558E-4,0.2770822380939319,1.8158913541590953,-3.1834853479613603,-0.5682521882412449
-0.009592106779443133,-0.01498333453830101,-0.008305418006443967,-6.797689739994676E-4,0.28768467120534386,1.7963245125130713,-3.2125503772572226,-0.534784318973376
-0.009583213594114997,-0.014996699335600586,-0.008275521108986507,-6.903215045597908E-4,0.2768292492558176,1.7951760115447184,-3.19026479927626,-0.5481021920123843
-0.009607761596875476,-0.01498459116027727,-0.008307512227380338,-6.536791945201699E-4,0.28779521563864124,1.775520071679049,-3.219126932162643,-0.5144122264709551
-0.009598891629582282,-0.01499792816018163,-0.008277759493188435,-6.643702816056239E-4,0.27668671195822037,1.7744530649222086,-3.1969421819891486,-0.5279008549455497
-0.008063784137552934,-0.014747565601477983,-0.007471157525098561,-0.003046524344140818,0.16751959648139136,3.2870257104842664,-1.909373446027894,-2.1115155236005996
-0.008080541968385702,-0.014766739134687016,-0.00746318168810181,-0.0030047088550912223,0.1672224346175664,3.24957921747885,-1.9250150172456075,-2.0854117431630232
-0.008129449378103408,-0.014780018273951812,-0.007503344587144454,-0.0029357407030674823,0.17405706408263596,3.2204158747510347,-1.9796543065399608,-2.051097709296523
-0.008107119562777385,-0.014774850085156513,-0.0074838239108600485,-0.002966253516191285,0.17077877735095356,3.2323052977518327,-1.9545562803397025,-2.066084148544691
-0.008040697190974347,-0.01474814777071945,-0.007441008496255576,-0.0030699786814808957,0.16288745800201143,3.2864454076957847,-1.881543577797259,-2.1199332664667625
-0.007998391414164982,-0.01470315382999393,-0.007453463612795453,-0.0031717677512121552,0.16244264448340764,3.3730332326284125,-1.8385436466658474,-2.1813587761924786
-0.008010476773936733,-0.014716689289941005,-0.007449115586221251,-0.0031416895313577157,0.1623111866122339,3.3470460394443755,-1.8510741483228377,-2.1631459808928537
-0.007978089522465396,-0.014703555937866365,-0.007426177919072122,-0.003191897108413038,0.15817044073291078,3.371265266024473,-1.8137084661834189,-2.187862552418245
-0.007959882519350767,-0.014698506917839993,-0.007409528698650326,-0.0032168618158368066,0.15534981975452086,3.3798646525018854,-1.7922266337562562,-2.1989784580003824
-0.007938655309561591,-0.014705022277715415,-0.007371925593088255,-0.003229269021700909,0.14998469354145375,3.3653163820530803,-1.7657525566159546,-2.198727083618881
-0.008017529228057483,-0.014737946636954196,-0.007426619994859275,-0.0031069678752496744,0.16022726719296929,3.3059831061142693,-1.855790950215909,-2.1388585582675135
-0.007910818194760675,-0.014701864079333486,-0.007339442344784915,-0.0032606032049001406,0.14485996156119527,3.3685956032695015,-1.732576452532636,-2.2101010058719646
-0.007883128290860792,-0.014697499124402878,-0.007308566104137346,-0.003292945828562204,0.13977730569179816,3.3734818283183086,-1.699791167743044,-2.222066130751027
-0.007822628788600242,-0.014668206481522228,-0.0072671679560647184,-0.003389064980207439,0.13160826799095024,3.4191240100582534,-1.6285574814875747,-2.266556758367573
-0.007850369949658287,-0.01468558047627702,-0.007281014972317696,-0.0033397856268371703,0.13487925146990423,3.391151599989704,-1.6613303162137691,-2.2424184812128742
-0.0077910592497496935,-0.014675164047780392,-0.007214262152499839,-0.003407979163761628,0.12421199815086928,3.3993508180442302,-1.591180198384636,-2.265662411511513
-0.0077571304159986115,-0.014662326511142871,-0.0071846113773584835,-0.0034556091927359445,0.1188481197378912,3.4154071119519998,-1.550997129466278,-2.2847825631563308
-0.007725663910825977,-0.014655937198289603,-0.0071492065957647144,-0.003491588446501006,0.113152340792174,3.419055046887156,-1.5139338045528292,-2.296061069389253
-0.007588782678575839,-0.014587025317344723,-0.007041278827897587,-0.003700804710120946,0.09183104039618742,3.499249519231781,-1.3461767537951523,-2.378624895731515
-0.007605379334655967,-0.01459608276185035,-0.007054232240536776,-0.0036748213927394664,0.0943405385942888,3.489315638415313,-1.3669492168503143,-2.368702908387567
-0.007624835683257611,-0.014602028074560958,-0.007075011596084367,-0.003650964243484471,0.09804091257105205,3.4858976825802643,-1.390368946117128,-2.3615746034213827
-0.007698067945249968,-0.01464694477623671,-0.007122230997292023,-0.0035274274487818863,0.1086106953472342,3.4277345829068557,-1.4810979820985486,-2.3088598615914058
-0.0076411824623587145,-0.014618862197955253,-0.00707733921104456,-0.0036137529387834113,0.09957823197706639,3.4608161058511855,-1.411998592603758,-2.343136417416123
-0.007668102040109173,-0.014635583106830758,-0.007094490939754171,-0.0035681906408794287,0.10334795734847126,3.4392678444798492,-1.4452655117817506,-2.3237294504069257
-0.0075678987442068454,-0.014591101304436043,-0.007005805326430448,-0.0037107015432497783,0.08697293177986211,3.4830179537878583,-1.3233151541910066,-2.3749511244154573
-0.007540889376832997,-0.014594248458015222,-0.00696262542862544,-0.0037261831699192988,0.08094037560652084,3.465803139794494,-1.2936473363840164,-2.372115591313278
-0.0075109721598267155,-0.014594009046525323,-0.006919283118906665,-0.0037482088334547694,0.07463227470445288,3.452994512018528,-1.2604577727258175,-2.372221262311941
-0.007478431444450223,-0.014590284580856414,-0.006876094888179674,-0.003776575381255478,0.06815320356653122,3.444565021093942,-1.223996700096029,-2.3751491209323654
-0.008517602398519,-0.014875807119342001,-0.007782776682692096,-0.0023659054596086595,0.21940125698953614,2.930013180997516,-2.38588641681812,-1.730784883924638
-0.008235876207486082,-0.014792124764731737,-0.007612322971002142,-0.0028019673085799817,0.19127662441031992,3.1812323773144784,-2.1021447498341024,-1.9869612042458873
-0.008149746437598145,-0.014783558804224299,-0.007522628484631248,-0.0029092178711976296,0.17709438129093555,3.2114168815039927,-2.0027404841786076,-2.0383049419538057
-0.00817177643369061,-0.014786041893720486,-0.007545440931414119,-0.002881830488277132,0.18077061307800465,3.203800510869946,-2.0281207647117,-2.025429301269393
-0.008196366892149217,-0.01478437074175365,-0.007577650615931226,-0.0028562619762092824,0.18559850298955333,3.203224824600653,-2.057915964574226,-2.014964697367304
-0.00821874095820766,-0.014791355095768968,-0.0075932702913496805,-0.0028225237623003504,0.18826841831557883,3.185986540512923,-2.082052766863949,-1.9967234691270292
-0.008380590402889817,-0.014849079993988122,-0.007683746051337173,-0.0025656787690074216,0.2039747251725014,3.0344846517053097,-2.2462106735169765,-1.8484917661694087
-0.008361793638491644,-0.014842954526916167,-0.007673293107531557,-0.002595214340791666,0.20220688261076616,3.052124546094977,-2.2276696563438865,-1.8659557830759426
-0.008340651948766674,-0.014835734359463067,-0.0076617721670679114,-0.002628684926387275,0.20021889698649128,3.072236243593203,-2.2067190709112325,-1.8856679072857105
-0.008250850271565342,-0.014801994218712658,-0.007614076809140591,-0.0027730860009470074,0.19183033509778336,3.1592281938681324,-2.1161301374699097,-1.969332107197997
-0.008318615354581659,-0.014828172524467156,-0.007649468508158481,-0.0026634886572158606,0.19815781331445437,3.0928656527258394,-2.1846327782699952,-1.9059610067631672
-0.008272542175847246,-0.014812339268544417,-0.007622617449118077,-0.0027358554545689976,0.19350661108255274,3.134690468878627,-2.137564815712978,-1.9474681152652027
-0.008295887692232164,-0.014820419115928879,-0.0076363286212802915,-0.002699194954836759,0.19584888298158243,3.11362513913277,-2.1615287070445146,-1.926553031129884
-0.008396906832843507,-0.014855008171868382,-0.0076915889076736585,-0.002539309324946323,0.20530219127496582,3.0177888254254017,-2.2618348112130495,-1.832599969462622
-0.008412430340846733,-0.014861268635543679,-0.007697826585761317,-0.0025135061217701937,0.2064283575114256,3.0005850406202943,-2.276205095980415,-1.816803917986001
-0.008428336114514571,-0.01486593826389873,-0.007706945928574792,-0.002488879369752526,0.20790776338747616,2.985992130765385,-2.291681716263012,-1.8020676193794032
-0.008444379187312997,-0.014868661364453353,-0.007719306220011618,-0.002466055768742028,0.20980959624560816,2.9747034612977683,-2.308244938624961,-1.7888208744374905
-0.008499334758843482,-0.014874980559545926,-0.007765588728119805,-0.0023901515733298143,0.21677639430158782,2.9398588659996268,-2.366075769699794,-1.7447896674143577
-0.008460797504250132,-0.014872181601496406,-0.007730549349227883,-0.002441823547247212,0.21155469351543313,2.9615608302421594,-2.3247021753734978,-1.7744228425485995
-0.008479313474115907,-0.014875242825936545,-0.007744564057474251,-0.0024153189718191435,0.2136920471197888,2.9481589682377414,-2.3436261025456697,-1.7588146077064588
-0.008719624535977664,-0.014930301242995376,-0.00787909084740693,-0.002045881087098869,0.23382260837056287,2.7212621756661757,-2.5642930277361686,-1.524993556925957
-0.008703348564600023,-0.01492578311605651,-0.007872666693645837,-0.0020721000834762536,0.23289380358192943,2.739389863609167,-2.5509841084747262,-1.5424020749760707
-0.008687417224913459,-0.01492210612140134,-0.007864863109924814,-0.0020970449355100875,0.23182494766404596,2.75568039092084,-2.537234432907987,-1.5587639443746424
-0.008661413569985602,-0.014909476992218,-0.007863478675056835,-0.00214374780376193,0.2315542425765114,2.793505434995001,-2.5192301429196373,-1.5904277635492325
-0.008672561804453558,-0.014920714451068191,-0.007853810421017732,-0.002118385549109282,0.23012050350354016,2.7671036690351114,-2.5228018905365306,-1.572273513295552
-0.008523032239379013,-0.014891929657726196,-0.007760562729619722,-0.0023426722436747783,0.21640632893332748,2.898190953502695,-2.3820075595959507,-1.7129344592414308
-0.00853774870283478,-0.014897978592602537,-0.007764867529508766,-0.0023177384905719786,0.21709257106616872,2.880325221677231,-2.39431633237181,-1.696962991950105
-0.00855246384604236,-0.014903347376795524,-0.007770167681548941,-0.0022934552321869565,0.21797681232269964,2.8634919050984595,-2.4069041919108662,-1.6814390816175486
-0.00864223319081409,-0.01491431658792367,-0.007837096942373804,-0.0021649810970779514,0.22778146866803203,2.7960763400475908,-2.495534588290058,-1.6022794996097003
-0.00862241589628747,-0.014916824401127774,-0.007814109686231115,-0.002188975789660478,0.22450392751942835,2.802820004533137,-2.4728524555647415,-1.616187314613281
-0.008603611940057855,-0.014916214175736409,-0.007797367502909015,-0.002214351034878194,0.22208774576715937,2.814181132556588,-2.453329970976774,-1.6315398787491209
-0.008585725368698201,-0.014913501538154387,-0.007784965568491967,-0.00224037260908849,0.22026566383710552,2.8284821933013604,-2.4360840483590525,-1.6476737106370472
-0.008568477620418749,-0.014909053076285705,-0.007775981877296333,-0.0022671320166327328,0.21890274319290157,2.845278098275496,-2.4205147868149663,-1.6645671486415694
-0.0071068738855261234,-0.01440091935484096,-0.006506940165964342,-0.004278137178586877,5.978501553931198E-4,3.525595449688192,-0.7656609738640475,-2.493579381235588
-0.007126333233904019,-0.014432153620643744,-0.0065086656929949785,-0.004220483141974325,0.004089654186606773,3.491640085463468,-0.801382784986821,-2.4709674300285958
-0.007442074001871521,-0.014579146247931205,-0.006835504293222959,-0.0038177325747270037,0.06144736819603191,3.446332473856933,-1.1817968620286277,-2.384452579493559
-0.00734778916020135,-0.014539763741576901,-0.006738985434205266,-0.003936643514080032,0.04461653016555648,3.462884341282668,-1.0694881900619995,-2.4141182839136905
-0.007318462584838179,-0.014544324851251783,-0.006690337033017907,-0.003947517504118213,0.03863112637556407,3.4383794737654645,-1.0412170007401695,-2.4059454147128108
-0.007397088646747908,-0.014578336224812746,-0.00677023936034758,-0.0038485004024920236,0.05254242485501281,3.424936982442724,-1.1340331874668694,-2.382038326771824
-0.007364204443108964,-0.01456663269272728,-0.006734500336967415,-0.003886564159118916,0.04633839619393383,3.4270386000973625,-1.0961358880934273,-2.390114399687038
-0.007290807058883042,-0.014531154682459994,-0.006662711444965732,-0.003983407044594587,0.03354071294233856,3.443696952120193,-1.0080933513041168,-2.414453270561259
-0.007257433711610392,-0.014518319226309728,-0.00662568225935932,-0.004021586053453565,0.0274761558556493,3.4440777836845435,-0.9695919656908946,-2.4209600344081044
-0.007226152834463251,-0.014501961380983213,-0.006594817582387836,-0.004063352631435143,0.021855534829693834,3.4504711170736644,-0.9316896697648339,-2.4303167741368132
-0.0071950405443625045,-0.014477827935926462,-0.006571163983613468,-0.00411638185012485,0.016565603867071205,3.4683014584428298,-0.8902421174750242,-2.4461074932780638
-0.00715123116704668,-0.014466908500542108,-0.006514632656562145,-0.004155059689683143,0.00819379214106525,3.4554898527571223,-0.8431144817558484,-2.4460513944648254
-0.005819156506442116,-0.013590231274751044,-0.004806179668147235,-0.00562924242989499,-0.22593758064277572,3.000556312312405,0.6220094372928942,-2.2298432466721345
-0.005743624504833504,-0.013561778559464882,-0.004693679727780099,-0.005648247563591945,-0.23128893940967957,2.931711052907843,0.6543234654754967,-2.1869064562334284
-0.005657915642185759,-0.013554622476172219,-0.004569275015737776,-0.0056312609009455256,-0.2337902398055353,2.84688717693836,0.6632996771134346,-2.13643468669167
-0.005593628446837995,-0.013533694821602153,-0.004476676662900993,-0.005639828751895824,-0.23638982424144933,2.790822190926725,0.6831748745353254,-2.101051074540593
-0.0060906758828439996,-0.013872662239782313,-0.005188711524508523,-0.005259678741946811,-0.17944511447207975,3.130951888857067,0.293510372801229,-2.326069433811108
-0.006037410516529229,-0.013838296609261683,-0.005114319792469531,-0.005304491549337476,-0.18726873861488139,3.098317472470663,0.3403784527892602,-2.3056403480362526
-0.005999127297504577,-0.013795375423713552,-0.0050632435598391015,-0.005363116792216348,-0.19416254216324266,3.0855272171850796,0.390616736805302,-2.295706171144836
-0.005945530433310535,-0.013781023220229222,-0.0049845229627511626,-0.005374710707461479,-0.19886545599745567,3.037980316071554,0.4152805314578214,-2.2674533064635214
-0.005825756249503013,-0.013655904210123603,-0.004815396331034735,-0.0055334542307374284,-0.21817178824763125,2.9783660254487576,0.5549676729237342,-2.223031439580531
-0.005891677635335026,-0.01374554355700676,-0.004908017013459853,-0.005416543735805988,-0.20555350240371126,3.002124637420526,0.4588096398880462,-2.244163275074048
-0.0058452806371597065,-0.013713205295236263,-0.004841796022546378,-0.005453805098764518,-0.2116318342599603,2.9711515960713015,0.49656477824466166,-2.223548899994525
-0.004937184621953573,-0.01284178647671974,-0.00341441744639049,-0.006230254843533442,-0.2682036703953654,2.230392691233062,1.1850333395473918,-1.6727059778300981
-0.00499931472282717,-0.012900479402866259,-0.0035161540928121755,-0.006196170218907163,-0.26890178674412346,2.290445427902331,1.156169691952915,-1.717747017179352
-0.005066733303161536,-0.012957826631967003,-0.0036236614543515575,-0.006164224382534818,-0.2702502537633799,2.3535699081773314,1.1275791731887697,-1.7643275362956052
-0.0051193353718351695,-0.013043141632841846,-0.0037241030801265034,-0.006086953210999689,-0.26771161503508156,2.4059551441139297,1.067899151529314,-1.809093451312487
-0.005174375311228243,-0.013111017980229468,-0.0038187452246560842,-0.006029640806456228,-0.2658206068186711,2.4566666862134645,1.021585083403463,-1.849450480308562
-0.005238299340341369,-0.01316118115472405,-0.00391771264181713,-0.005996826017768883,-0.2646218443461803,2.5132578923342432,0.9904968082845799,-1.8900948915867894
-0.005232457174069474,-0.013239897344213524,-0.003934135535521735,-0.005892566928852065,-0.2581512280505016,2.5063597724242865,0.9189217655072076,-1.8970228686103563
-0.005275273791813964,-0.013309274060589328,-0.004007904526131815,-0.005821613533916526,-0.25360455416003846,2.5391445006797784,0.8639519952476943,-1.9256686256689464
-0.005549673800183609,-0.013476274581555064,-0.004409050298627132,-0.0057048619288474775,-0.24254715231769988,2.763887042152877,0.7365646139672172,-2.0790460932182113
-0.005542331552210349,-0.013548559164205822,-0.0044066691555840155,-0.005602139659177062,-0.23456248239512406,2.7378605263209783,0.6683564276880087,-2.070863315517965
-0.005475844436149107,-0.013437050407863447,-0.004301454182025196,-0.005731807703999445,-0.24566752289743568,2.702545120224993,0.7690211218681356,-2.038152420714862
-0.005406041181859628,-0.013399876662612577,-0.004200384733344235,-0.005755375005310297,-0.24853291506336286,2.6447613583178904,0.7977852026276612,-1.9995184353160802
-0.005337866737188797,-0.013353939595449333,-0.004100301801210993,-0.005789240580726801,-0.25131731815161445,2.589970975626356,0.8323828327829234,-1.9614028391023413
-0.007063378738050533,-0.01440516500558949,-0.006435178393816075,-0.004290720585210239,-0.007878208997117995,3.4852390680674357,-0.7283285885348071,-2.476898441485654
-0.007014521008195981,-0.014419260229512787,-0.006347344503424356,-0.004289277167342709,-0.017151584898142586,3.4267022794719404,-0.6933846050762905,-2.449858836824855
-0.006961476461437128,-0.014359499732272171,-0.006314458974739271,-0.004402626769285878,-0.02722075382281058,3.4706017630652535,-0.6111329645705678,-2.4823274074779627
-0.0069666693821087014,-0.014406697517992404,-0.0062841368017340785,-0.00432735845103496,-0.025883037519040624,3.4075351203386988,-0.645268150567603,-2.4449802254953372
-0.006565561723741924,-0.014140122289598817,-0.005833593143260568,-0.004845759575993885,-0.10236788775234155,3.38363950211467,-0.15800428724176843,-2.46650045104662
-0.006915834475227097,-0.014333079068188214,-0.006263633212788624,-0.004460182696627352,-0.03611163537033813,3.469560001290536,-0.5557571815879631,-2.4872693757261364
-0.006862349245745622,-0.014321900383188911,-0.006188008437705361,-0.004494967267504551,-0.04578571327404802,3.4389556734259235,-0.5052817044198145,-2.475460486918252
-0.006815362156878554,-0.014309107078040187,-0.006123623953785954,-0.004528779441057986,-0.05424895848939226,3.414672421864609,-0.4602022058423247,-2.4662380818907095
-0.006662669618689557,-0.014211103086404444,-0.005947477274252698,-0.004718489434367222,-0.08357856937769638,3.3969412348777084,-0.27778329131672613,-2.4687167987880163
-0.006617909821644935,-0.014202411391280036,-0.0058820066899425765,-0.004739931048989245,-0.09069299145775399,3.3642136206991338,-0.24202665515211877,-2.4527971136864157
-0.006587609330322368,-0.014177713078778202,-0.005848188671732687,-0.004783408611795063,-0.09684710154763042,3.3631409905268725,-0.20305244480408943,-2.453838083602306
-0.006770424961208564,-0.014296060910138625,-0.00606240931752981,-0.004561242278234756,-0.06215255115036573,3.3916908102112804,-0.41753631734372093,-2.4572356028813935
-0.006720479835999062,-0.01428043427910884,-0.0059948731277440345,-0.004597724422707916,-0.07111909156247904,3.3663722739065496,-0.3706361808713688,-2.4468775108708747
-0.006670504919608476,-0.01426415179396892,-0.00592742496189673,-0.0046338471985696945,-0.07952213513437732,3.34082716736889,-0.324562090318207,-2.435913312272572
-0.006131756900967324,-0.013967545572360938,-0.005228252174400171,-0.005120020553596867,-0.16652139153662882,3.1042419518015265,0.19238364988181142,-2.3144645341753067
-0.006087690324477998,-0.013937885595852618,-0.005169508774920526,-0.005160633747054226,-0.17332434522113524,3.081705938368921,0.23313759985074975,-2.300735883448466
-0.006375143123490763,-0.014096109446197644,-0.005556018006772222,-0.004929381686354883,-0.13044345041641686,3.238122807853279,-0.018863899816873548,-2.39036683691769
-0.006329460622425251,-0.014047201229306331,-0.005504847608704701,-0.0050059774310247255,-0.13993469940453454,3.2378045263277246,0.045136552601189615,-2.3904376693145584
-0.0063450932913076425,-0.014084220076945871,-0.005514547768978236,-0.004948611608050781,-0.13528942593853435,3.2195658342890083,0.00539024254721499,-2.380364887005592
-0.006281211974560493,-0.014039550140545098,-0.005433268247727482,-0.005017528408140612,-0.14567034134183007,3.1959805827620342,0.0723827032258356,-2.3673238598986868
-0.006219299678143294,-0.014021334052195066,-0.005344867643582683,-0.005043760121478881,-0.15375703187459597,3.149167647655435,0.11311395422782988,-2.3410539378781863
-0.006152435495131153,-0.014020780831734228,-0.00524432630648437,-0.005041530109566607,-0.15989303360961357,3.0844071647139653,0.1379092983780064,-2.3044032485719153
-0.0065235890005833136,-0.014142434408514247,-0.005766041240140063,-0.004846800198627644,-0.10823238782329646,3.3389809316410823,-0.13574225867921788,-2.4431179093635578
-0.006478430979518984,-0.014141399401105734,-0.005695863090818446,-0.004852745843309275,-0.11393982725232392,3.2951825241539594,-0.11012034356659435,-2.4200489059791686
-0.006438241498569729,-0.014124678598336498,-0.005641196121267075,-0.004881911057716227,-0.12108932065674347,3.2726992619754824,-0.07481056807592078,-2.4084936920800923
-0.006394743704944894,-0.014132342407814778,-0.005570644570665574,-0.0048726996716333135,-0.12524026032712324,3.2224410569811357,-0.05966560097575114,-2.3812294029471737
-0.013317137544410598,-0.005514655688741653,0.005914823877094769,0.004333818940041662,0.5392624118825743,3.0381284129888573,-0.25189013843160685,-2.2599799374443736
-0.013534563742161682,-0.005681305796771968,0.00566879805314241,0.004602544939491006,0.5150720503475772,3.0808186174141903,-0.012973680643281745,-2.290220450307691
-0.01348782645483358,-0.005640110433962326,0.005721932094767781,0.004539228937219929,0.5198289541991966,3.0694916290701397,-0.06724287240276684,-2.28345426492689
-0.01338966610767306,-0.005558477092408937,0.005830897739379504,0.004409561589100288,0.5300568017753547,3.044241277594622,-0.1777917505621942,-2.2665257465904003
-0.013465237092275288,-0.005572277605808185,0.00572966290771748,0.004440315991055641,0.515551165475877,3.012316928798851,-0.11452564473585282,-2.2506274834461526
-0.013597880978549836,-0.005689023911967551,0.005580259799688213,0.004617071794517584,0.5018850885068766,3.0425146780185437,0.03573681962139236,-2.2694271590934716
-0.01366779345496187,-0.005738242567047327,0.005493976736786165,0.004688690990146967,0.49179956961043064,3.0393111829906263,0.10917216390092666,-2.267101245373983
-0.013309934408412777,-0.0054369872002246146,0.005891291101603268,0.004224646932383418,0.5282320300592755,2.956028293402554,-0.2838572949906553,-2.212471215190479
-0.013114090985271682,-0.005296843477363352,0.006088624416715853,0.003979215256109755,0.5428869579287282,2.8889097810239237,-0.478122832957215,-2.160885239463052
-0.013100503092360284,-0.005212872474357861,0.006063591048205619,0.0038650310224470144,0.5295084292213846,2.8030312444154823,-0.5038894412662729,-2.109205932484436
-0.013208365902301948,-0.005331047001759358,0.005980494181390308,0.004054944187102985,0.530728459145084,2.888636048131284,-0.3937755097025421,-2.167473057032017
-0.013296044392844533,-0.005353022394358749,0.0058736964206337035,0.00410800675497891,0.5171191162891177,2.8733871326437015,-0.31903273323747805,-2.163837170311685
-0.012946237789161137,-0.0050880062794928455,0.006191385837416599,0.0036456792614064193,0.5305615040137267,2.7134511963976986,-0.6416837066818085,-2.042585260608202
-0.013073423702643007,-0.005131903722408377,0.0060567729661967695,0.003752373046930612,0.5185497987500886,2.7280088005997976,-0.5360790980920941,-2.0625803021148097
-0.013008732343764998,-0.005128756545945458,0.0061360257893460415,0.00372290802950912,0.5297564883433499,2.7413251321281717,-0.5882774828969105,-2.0647586604020742
-0.012935732733199685,-0.005004997067564989,0.006158368140510721,0.0035399318487877,0.5159297350895673,2.631171368113945,-0.6538011917394496,-1.9927400328741094
-0.012797003996751908,-0.004915432792748159,0.006270915455407223,0.0033674223900030235,0.5173081714023219,2.5621134942501858,-0.7628898970354365,-1.9367778821382196
-0.012753438837211008,-0.004827242807847923,0.006268609037971326,0.003244054813971217,0.5033656284311564,2.480677122486948,-0.7918480186635692,-1.8832016409562156
-0.012900948443983236,-0.004918210049173709,0.0061517240185193665,0.0034214930454118417,0.5032172730862738,2.5528979900285953,-0.6821509533824827,-1.9420994890815682
-0.012506029448808437,-0.00464202779573145,0.00642050801087553,0.0029003520585291357,0.4889759834790956,2.3072103858179034,-0.9539376469566407,-1.7489287625864722
-0.01258993440545207,-0.004650837986020676,0.006339089580260514,0.0029609331641448043,0.48268834670400246,2.321281063062148,-0.8941706026014139,-1.768182684150975
-0.012432887123059327,-0.004587733296343781,0.006459501162677391,0.002798085911703888,0.48214805453191495,2.2521111603145596,-0.9964007282949974,-1.7058311958643773
-0.012366958170550828,-0.004494205317931718,0.006462762829766204,0.0026625712820890026,0.4660976423343028,2.1647385282611005,-1.0223745391410228,-1.644078111105611
-0.012202574991422795,-0.004324708813058085,0.006501636453928325,0.00239280411756358,0.4371829246080484,1.9992650435345598,-1.0879929853126808,-1.520989054085048
-0.012291679227413217,-0.004408765831176254,0.006477287076467115,0.0025308055908812525,0.4519068567768387,2.0829567226260703,-1.0526427339679687,-1.584508917021813
-0.012727487880359175,-0.0047318939056356195,0.006241249892843644,0.0031249587729553006,0.4867271002813773,2.39522662883723,-0.803271604108912,-1.8290503977316612
-0.01270051130591477,-0.004637428169333914,0.00621529101512239,0.0030094108367555903,0.4711460940925983,2.3146212626555074,-0.8136086359316607,-1.7764378527743785
-0.01021885179077576,0.0032970958348833147,0.006708328583889666,-1.9019452617712412E-4,0.16509783552459825,0.46110381623862323,1.3755559616578112,-0.23442332412181702
-0.011275841450094795,0.00372350918491024,0.006715768082126337,-0.0012337358221449163,0.3057617403233022,1.2555684490505679,1.3372932543638998,-0.9205334842050369
-0.011112849266177869,0.0036485361166079516,0.006736690050236111,-0.0010592657823446563,0.2814571905727746,1.1321812579767778,1.3600691437108428,-0.8162926767035871
-0.010967818298171152,0.0036568570576826845,0.006801139178822408,-9.339816871744946E-4,0.27233191419019337,1.0497206370322576,1.413907933891909,-0.7346052436443423
-0.010429804851586873,0.003401874594831714,0.006757601322518931,-3.851995779073456E-4,0.19414763338653526,0.6235422737152464,1.4057811274999867,-0.37247963931751843
-0.010798935030248012,0.0035877714871838003,0.00680764524534498,-7.580364091776796E-4,0.24835582721438756,0.9190372421152198,1.4284840661628795,-0.6214848140962167
-0.010608381394852885,0.003500823864017454,0.0067948897370776725,-5.627912420883417E-4,0.22071895181851628,0.7685434420756958,1.4268883665816132,-0.49461270508418087
-0.009882576426166337,-0.003109127656367586,0.006587430689625202,-8.894733925025326E-5,0.12390051962303268,0.2139637906940068,-1.291791985073944,-0.024610844684638793
-0.010110388793104531,-0.003230542618235968,0.0066688469558731514,9.513169774041324E-5,0.1509970031116409,0.3776689054503047,-1.3484422658998587,-0.1645857173126459
-0.010256761571454304,-0.0033730879775280874,0.00675913617707824,2.2972280849514127E-4,0.1745788020178883,0.5035717950477892,-1.4139389733776853,-0.26224288350059727
-0.011083786517832428,-0.0037935091278038244,0.006857402595753035,0.0010954395693136521,0.30325381628123355,1.1786775927237396,-1.4460840239879886,-0.8292204661572992
-0.01120895279725657,-0.0038073879728851776,0.006810278207834965,0.0012162102427565602,0.3138301254932469,1.257489502915226,-1.405008653498688,-0.9027632161456559
-0.010447328388687347,-0.0034209813289529196,0.006768590240670866,4.0387551332046143E-4,0.1978002623474169,0.6403578476678936,-1.4139549382230383,-0.38476429588934374
-0.010642663549553984,-0.0035705345620025463,0.006838558703414564,6.108235346440374E-4,0.23226290029387237,0.8132581140771595,-1.4586090133930631,-0.5229122489322843
-0.010826895670769514,-0.003648958804182624,0.006844803654419488,8.02946452328991E-4,0.2600474052890256,0.9592949675165902,-1.4537008313098883,-0.6477015368716191
-0.010997289789367263,-0.0036988392189111225,0.006821230813791144,9.768205044145448E-4,0.28194277949727325,1.084431213721598,-1.4272383544644407,-0.7581486159070122
-0.011728830556588939,-0.004020066471948082,0.0066621252269748995,0.0017894907457856552,0.37756478023006834,1.6336158763373037,-1.2593638869350519,-1.225672555560472
-0.011566166777765514,-0.003907680751837354,0.0066874419395999505,0.001582056827809213,0.3516562709771673,1.4949114753025254,-1.2938195776320698,-1.1149766926052527
-0.011661082010472626,-0.003925338587075794,0.006640008917454457,0.0016714303727582672,0.35678912204199126,1.5481287869310563,-1.254917775415688,-1.1640647467702954
-0.011337379120970019,-0.0037462987950371562,0.0067009571882867755,0.0012977727268332821,0.3126724422048839,1.2973431775445217,-1.322852090895277,-0.9566412394914907
-0.011482589035799124,-0.0038223030674475592,0.006676157026711625,0.0014612757345260979,0.3332257172269948,1.4088013167049926,-1.2953755022828572,-1.0491222706145662
-0.010184218981863197,0.0030668269480639,0.0065569460658770765,-1.4601324475010515E-4,0.1471058018035927,0.3953681305831427,1.2527618698702232,-0.20786732249593406
-0.010152652058317209,0.0028433442345792647,0.00642240401512431,-1.1049409655952795E-4,0.1315959153177864,0.33999346143459985,1.1382120976232821,-0.18567167068238913
-0.010120212190974065,0.002586916996831647,0.006282776314526019,-7.840818200993724E-5,0.11705073551428025,0.28755026646885135,1.013789260918915,-0.16484401412122765
-0.009879087964411693,-0.0028683577608263782,0.006438342676813472,-8.164927454422166E-5,0.11153678512668976,0.18460323730687878,-1.1634690282290283,-0.031772297465836756
-0.009865994382912448,-0.002651126076019711,0.006316198937875946,-8.153246431000772E-5,0.1040211665633239,0.15617185342030723,-1.0534931735469664,-0.029460821151653705
-0.009717492576408084,-0.0024702718538986462,0.00621456222326167,-1.6078320326899567E-4,0.08807121567330788,0.06214004872579502,-0.965905920325948,0.04237121701010662
-0.009569207354643896,-0.0022203491502302167,0.006085023718442119,-2.1641814905125781E-4,0.07400896453239815,-0.024663387297401886,-0.848390158961093,0.10472039951636906
-0.008215763684979546,-0.001636582547913225,0.005524378340970562,-5.981509191470792E-4,0.02349580776075295,-0.5816280045743851,-0.5047259776594436,0.6454123147458904
-0.008465514231527905,-0.0019031870588165055,0.005693971861077395,-6.191023814228606E-4,0.02841829097170203,-0.5072457028285187,-0.6258420586796963,0.5789480087842016
-0.009180011666091868,-0.0022074437955407495,0.006014294703171169,-4.0787238674646226E-4,0.055078688949201864,-0.213422459919616,-0.821517608353602,0.29305229622253925
-0.008808465089756091,-0.002010030163036403,0.00584293328355576,-5.229622296918102E-4,0.039610812192591355,-0.37461001254670473,-0.705461938385432,0.444596525279712
-0.008309862765147332,-0.0012474568599152055,0.005473883536285124,-4.2714676943801135E-4,0.0271524918501469,-0.5285503002076882,-0.3872024058886559,0.5741653478605303
-0.009805362285149688,0.0024289072307877298,0.006200517264847079,1.0763955149624837E-4,0.09262104162837849,0.10549961671657804,0.9473924823765378,-0.004514356160545004
-0.009568976675479665,0.002248042024793814,0.006097121091277483,2.1968200417992546E-4,0.07511849163210442,-0.02320001228940619,0.8606732749374114,0.10677724723074775
-0.009441176865739732,0.002006311233745309,0.005982132575418118,2.495236960540473E-4,0.06475985595969737,-0.09063972388630905,0.7508249556392714,0.15470065553626747
-0.008162855798885735,-5.972829007195098E-4,0.005330008240072054,-2.1581401666175012E-4,0.024942680844392755,-0.552423929786322,-0.17714213355030733,0.5861691207345061
-0.008350222604284658,-8.698933176022282E-4,0.005426309360711123,-2.8776183617563685E-4,0.027046996103187136,-0.4989118551821131,-0.26971069834101025,0.5314790245459147
-0.008029655737612542,8.260294446547007E-4,0.005303336176795515,3.1834477009011177E-4,0.023254097718204168,-0.6009141107986046,0.23884210676223924,0.6447468087060678
-0.008360051540709552,0.0010761818835236712,0.005460778461396273,3.5639634805834965E-4,0.027520307934454126,-0.5032370022085396,0.3364760870871825,0.5407690561494118
-0.008161709999793624,-1.824912532855192E-4,0.005305880244189243,-6.572084757234479E-5,0.025485552834271893,-0.547167455290189,-0.053743257596785506,0.5777404129577204
-0.008093595667931566,3.368393347743922E-4,0.005286798314948112,1.2499135943568954E-4,0.02417254682752823,-0.5697887168506838,0.09797486941049462,0.6034863598359638
-0.009184085475157684,0.0016759909697707624,0.00582569091941485,2.9628428309832637E-4,0.05085862273635905,-0.20594406067948753,0.6036785340337855,0.2495489887844205
-0.008799985962425207,0.0012379773134015373,0.005625099849045251,3.100466190043807E-4,0.03807576808821137,-0.3516717155185063,0.4182195318034951,0.38287276307140855
-0.012116153393130144,-0.004206015861261438,0.006496369091561077,0.0022293637209734878,0.41549448238475933,1.8914584721852297,-1.1064743163434232,-1.4441651121772514
-0.011886396785261542,-0.004021838109719128,0.00655143127190347,0.0019152344570142821,0.37977862065558077,1.6960700212056774,-1.1756881809653095,-1.2908361201680112
-0.012022111174844642,-0.00410503289877775,0.00650483823676701,0.0020796189755838746,0.3963128644087508,1.7953017700927008,-1.128841872257959,-1.3722260060111173
-0.011436783617657658,0.0036171937606973934,0.006559458499151277,-0.0013113092293672473,0.2979062521174792,1.286197133235296,1.2239417359615492,-0.9732609757659345
-0.016400313617712752,0.017505347344030236,-0.002118336760022377,-0.001759666242449836,0.0032310452288738948,-0.8295812141692258,0.16301972992613642,0.9167890663709837
-0.01659973051948884,0.01691856549098304,-0.002145074971483758,-0.0020322960839801365,0.01680422130890571,-0.8936367653912417,0.08268642092644417,0.9932659128862887
-0.016584828558931817,0.018162495483773043,-0.0018736926092030538,-0.0014428745579290571,-0.010208744718734397,-0.7293134124522221,0.17785345024945806,0.7963954363973417
-0.016777962508314162,0.018924365076584154,-0.0016068744532674157,-0.001127284676428408,-0.025829083473441452,-0.6288761877417216,0.18814340632567655,0.6799587733989584
-0.019831828375502458,0.025,0,0,-0.18695195216689872,-0.0015641515219551579,0.05235870573480316,0.0020247138826265908
-0.01917270459373385,0.023676331756391267,-1.5041739432805818E-4,-4.594667726775101E-5,-0.15251071929321133,-0.12130627868481829,0.114331366219889,0.12395805517175486
-0.018450265901565274,0.022342513703030552,-4.3880230600266306E-4,-1.9838371057454704E-4,-0.11432281906564289,-0.25261557475523283,0.14453647580735876,0.26170279710270644
-0.01833657174541647,0.021119877500653042,-6.868378704614582E-4,-4.1452867251957676E-4,-0.06977049140914156,-0.3568715920931809,0.1299680512011933,0.37324145761316274
-0.017332093413035887,0.019775111176292232,-0.0012189320544040117,-8.095681352456957E-4,-0.04278509186188572,-0.5168036697965502,0.16382390643407538,0.5510641559075841
-0.017783435755446893,0.02053938236184162,-9.273786936982181E-4,-5.74897636579359E-4,-0.05964655318954148,-0.4286722319514354,0.1509686359867929,0.45267219185572966
-0.016542133938534025,0.015777268938992266,-0.0023556570234709116,-0.0026980207591445625,0.03835768314996088,-1.0581415996477757,-0.06540706947261511,1.1984893270892065
-0.01677645920748539,0.016315395322499225,-0.0021503647596618192,-0.0023273330859253974,0.029111943482420972,-0.9512767722802316,-0.015487014386525335,1.0630422380076725
-0.01645805993138284,0.015048515038506988,-0.0024612702130706442,-0.0032003956059152004,0.05294562558269749,-1.1689426964370677,-0.2049709202326658,1.3475688265593877
-0.016482873553798447,0.014692999059962934,-0.0024436277615255035,-0.0034389655727087532,0.06164951033692541,-1.2004877983550575,-0.30150742243975476,1.3974551375117321
-0.016719464856382673,0.014409550903874897,-0.0022638760604081136,-0.0035336092285881255,0.06440870893880817,-1.157758141300713,-0.4066526288890722,1.3493286041268122
-0.016755216528618697,0.015363622290690014,-0.0022547335325449835,-0.0028966734281538984,0.04705190042326101,-1.0676212014665893,-0.17563837107223715,1.215326603109177
-0.016826996584548008,0.014030946945651943,-0.00214639095628565,-0.0037351260609372982,0.07093238898544436,-1.140837454231063,-0.5276245455142455,1.3414186132770183
-0.01690269590169567,0.013640507845917027,-0.002023317167834149,-0.0039488123023356135,0.07682982222947204,-1.114773450432536,-0.6561364548965533,1.326940888226748
-0.016978866979578133,0.013233459494056056,-0.001869313302925646,-0.004157255020083516,0.08195357330174365,-1.066700233785298,-0.7916793162443618,1.2891187800441373
-0.016846502450047915,0.012771874794216799,-0.001790176186852333,-0.004536254022613941,0.0914133835210406,-1.0569410938872552,-0.9710601108248935,1.3168517719958006
-0.016859627013894134,0.012397283231189464,-0.0016183562614077182,-0.004744959474512117,0.09663234232198634,-0.982529730608406,-1.1120717664908069,1.25737584085379
-0.016952609376230714,0.012117626188198161,-0.0014300192496705078,-0.004812093725853211,0.09653843822313164,-0.8840620939048601,-1.1947144385907291,1.1563480052067783
-0.016924655156428197,0.011867299655795992,-0.0013076491391430453,-0.004959144533704852,0.0988682469556076,-0.8217274462949814,-1.2895737049469693,1.107441048897595
-0.01688926176520533,0.011646716216007366,-0.0011929855248518602,-0.0050919317890212165,0.10232555540906711,-0.7590112311575198,-1.3754529168358653,1.0584890230255057
-0.016867031433942567,0.011401321422522896,-0.0010460016779840575,-0.0052133369887178435,0.10451572463446816,-0.6731239107248125,-1.462890598025048,0.9851657823721566
-0.016891156587760935,0.01115922868477162,-8.7450367989965E-4,-0.0052716941870554306,0.10546110645759248,-0.5661821028062021,-1.5250970479233477,0.8810343079622663
-0.016910054285620632,0.01091915478306712,-7.010992827668384E-4,-0.005319473272984153,0.10592408770911942,-0.4554902114879558,-1.5780262301448236,0.7727610846124932
-0.016897811155517663,0.010643630680988137,-5.033583751442439E-4,-0.005392233324346592,0.10616848324174454,-0.32750245391337235,-1.6414331095612078,0.6507654318648889
-0.016480967838556678,0.0098643181004203,1.0993622296954124E-4,-0.005945500744007472,0.12712547192034432,0.09143412634322216,-1.9652245796266927,0.33416725603891845
-0.01627524840364143,0.008978003142586639,9.541797023637413E-4,-0.006012760043180143,0.1385265233130917,0.6959439560056165,-2.0049067855341716,-0.2323583295510823
-0.01632762717534779,0.009580466667327774,3.8823501754480183E-4,-0.00611241991745548,0.13555630604713906,0.2914816257120476,-2.062712984149371,0.1745171246946037
-0.0164546080212377,0.009702563243885617,2.578660906297921E-4,-0.005964963346583699,0.12802908657837228,0.1960315710656499,-1.9828827855638136,0.2345458153706638
-0.01630856099362888,0.009169847772895002,7.71377389924684E-4,-0.006037711892551965,0.1363132197044513,0.5661173368895066,-2.0247314475991414,-0.10472245540750659
-0.016337448804540695,0.009379955112101183,5.720677546179139E-4,-0.006058799834249873,0.13427503417042033,0.4229775950526317,-2.0376741393763376,0.035546768273592794
-0.016672151915651506,0.009955467253633313,2.3226968281884344E-5,-0.005711590803065103,0.11617521668522475,0.030781704953300626,-1.8451188253791206,0.34653563873044874
-0.016881725056707413,0.010344352817088728,-2.803647318411603E-4,-0.005450836586529567,0.10629477793553797,-0.1787761679662667,-1.6953424667097203,0.5074143033669732
-0.016885559396530022,0.010073216213772416,-7.210739100406577E-5,-0.005460624866073432,0.10508029832146419,-0.03598435102181868,-1.7194698504216352,0.3647089455662981
-0.01640278205060168,0.00884831663306933,0.0010143088188444046,-0.0058049196252988496,0.1305518635520996,0.7316539297048875,-1.8919296923616191,-0.30956629783247164
-0.016314452059892227,0.0086702739752578,0.00119819206931741,-0.005832532778679255,0.13614610199270707,0.8612268177808575,-1.8929707774035038,-0.42357096989910475
-0.01602741083789928,0.008180011801561003,0.0017515845036455118,-0.005889911727054532,0.1575950438689779,1.2475478668550937,-1.863081454366829,-0.7583358989907634
-0.015969149443911618,0.007999755237924955,0.0019276144938883933,-0.00582983872223405,0.16409448150246222,1.361291230617988,-1.8032042763541922,-0.869474377635309
-0.015882082023119998,0.007815416640828491,0.0021247993267202304,-0.005784889794501707,0.17290185052677115,1.4871643283406188,-1.7456051217762296,-0.9869698085917139
-0.016287046114290948,0.008446308165529999,0.0013892534807295569,-0.005751640849073634,0.13810030559800124,0.9879360803774729,-1.8313049976895448,-0.5557308610224433
-0.016228273129684816,0.008249038637015663,0.0015721920929039174,-0.005705894229854367,0.14236780208793662,1.1093520239256083,-1.7856960850569321,-0.6745090361095692
-0.01568530866125806,0.007566419700830495,0.0024567269191081227,-0.005781034247836515,0.19287198793175328,1.703809747147799,-1.6808186424027867,-1.1699085622196386
-0.015631358705150426,0.007411190685265643,0.002601791611417244,-0.005692693151846631,0.19907865875003009,1.7816096280888287,-1.6001146953295982,-1.2514909080368088
-0.015858251139671604,0.007612910358501007,0.0022779813668149106,-0.005645503126005005,0.17576753088771732,1.5681349987319138,-1.6397277159862298,-1.0827075747137778
-0.015597765492870725,0.007238647463980368,0.002731322764990541,-0.005560653448800245,0.20426653640180728,1.8388710509156112,-1.496202143200785,-1.3222491035785404
-0.015559864092953606,0.007046793742335352,0.00286545311816858,-0.005407556104045544,0.20957545652612825,1.8900473914796831,-1.3800041694000649,-1.3886486660069772
-0.015236985489429651,0.006819207984958673,0.0033032769528201847,-0.005431369224693178,0.2470593546165771,2.153779711844083,-1.2816110774288056,-1.591948623420736
-0.015124441367954884,0.0067190649474748315,0.003468544461613018,-0.005402644743192686,0.26416403158039287,2.243233195777178,-1.2196240369166709,-1.6645847141922292
-0.015396450131099809,0.006799294386839142,0.0031400144819698325,-0.005287665564588956,0.2303398189547751,2.024255579342807,-1.2448368989733425,-1.5129409875574604
-0.015560383250030086,0.0068520615908704945,0.002952075477254718,-0.005215329717302476,0.21070148823813997,1.9002505776917051,-1.2564826463138716,-1.425867531457383
-0.015089318083520105,0.006581210018162822,0.003555249338714528,-0.005269263663517063,0.26730839418518554,2.2546192396137177,-1.1210990088184618,-1.6916098795681798
-0.01497693932722006,0.006443138825281534,0.0037260494049002365,-0.005180627959473273,0.2832729362886788,2.3225831559562757,-1.0230653518975636,-1.754526274027986
-0.014489430355795776,0.005808979383776438,0.004404078610843548,-0.004638233929430681,0.34201593160263677,2.4709358842166846,-0.5301858889477574,-1.9142221719261554
-0.014925455014261008,0.006259777674288072,0.003829013438365375,-0.004994880850394088,0.28833310975443377,2.3161048034829466,-0.8946354500798916,-1.772390437351762
-0.014817850928485745,0.0061171399273598145,0.003980993897707972,-0.0048812721965784895,0.3016450351314712,2.3554381300994787,-0.7890435667616941,-1.8127312652318348
-0.014737485885155279,0.005977915973374583,0.004094116442142483,-0.0047516799123647376,0.3102138869704043,2.365183149322622,-0.6895668380201062,-1.8319207958678823
-0.014672494884040398,0.00583495612246376,0.004182838695631445,-0.004607740729354537,0.3160331498774498,2.354267995543387,-0.5932758777816362,-1.8353905675374023
-0.011654273805932536,0.0037125144486855237,0.006499402221430097,-0.0015326948172994506,0.32173323192559816,1.4313150045610934,1.1724047772012138,-1.096661947678287
-0.01183964290689617,0.0038715503794842622,0.006484155622206585,-0.0017737230737402117,0.3527237834738802,1.5905343792144977,1.145679932141139,-1.2209633624325598
-0.012062943166110018,0.004008584492713603,0.006410324820799861,-0.002034010350648589,0.3790027298335362,1.7472474087206835,1.0756470474528426,-1.3491139152295286
-0.012266704134109588,0.00407089928052343,0.006286312433858208,-0.002219794794413969,0.3880718288709836,1.8412439780320897,0.9807876154304637,-1.4332912505654465
-0.013344518806974277,0.004743586269486628,0.005566004364168288,-0.003380823321420265,0.4182065332732318,2.329153479029952,0.3919753092386669,-1.8334409084905625
-0.01306517883897051,0.004669483317933475,0.005841219832030581,-0.0032105908866769685,0.4388522552487551,2.319538434559355,0.5697689884206465,-1.8106629294310086
-0.012914676011452889,0.004610609728533372,0.005974540646117451,-0.0030859181062967062,0.44509876193896275,2.2877919564268345,0.6646349202384524,-1.7803122526344881
-0.013232085444068911,0.004629166370994907,0.005643387163279203,-0.0032239654387646826,0.414756706598891,2.268326932031563,0.46705911640126013,-1.7892499042762966
-0.01243125018951586,0.0041501540777873925,0.006192804199037395,-0.0023880343100167248,0.39594257918538256,1.925684362686838,0.9053086380077945,-1.5056378978747453
-0.012601964333271671,0.0042597946798835955,0.006100376720067988,-0.002583048170571364,0.4084168863395616,2.0231064755997035,0.8257121265961398,-1.5845375105076296
-0.012841162875011346,0.0044563004675197745,0.005972469480982935,-0.0028930688798618456,0.4255495928559036,2.1746186813970145,0.7035980794308403,-1.7023438326068523
-0.01276607169278526,0.004309667005618291,0.005971747686433724,-0.002713687163336712,0.40669133106494737,2.0703207558144032,0.7354244130815293,-1.628761930800578
-0.013651699616885608,0.00496910243699112,0.005294328877744565,-0.0036961893037491217,0.40788007883562877,2.403717920775159,0.18080122610466207,-1.8914473755588446
-0.013552076618462573,0.004875260809812819,0.005379391808278613,-0.003573876774693402,0.40867133389811394,2.369757241472955,0.253879905948587,-1.8672025285366431
-0.013528749230179903,0.00473425714440864,0.0053597564671755546,-0.003411948669316363,0.39543752138829796,2.280229325896705,0.28846167977104226,-1.8094873975599646
-0.014419293060903013,0.005675583734465063,0.00448923460593159,-0.004495394139585596,0.34773897229838685,2.450696693682024,-0.43545071875835095,-1.9092026505788213
-0.014306065474843681,0.0055325916460164035,0.004619596283599846,-0.00434759127619748,0.35773477678588744,2.4458453882307007,-0.325371306390664,-1.9133521551241535
-0.01422712969047495,0.005352392057115865,0.0046971123208993685,-0.0041451247471287365,0.3580492964951052,2.38989393261,-0.2170840907206342,-1.8838040218444723
-0.013835637474119547,0.005022602538655335,0.005095965147831838,-0.0037743542107507894,0.3864164628078487,2.370481066576683,0.07090744515500215,-1.874392683985191
-0.013934052049617847,0.005173637165819041,0.005014803314896853,-0.003953242810389048,0.38730206055891353,2.4272045560659943,-0.02212409117625147,-1.9104572029174822
-0.014133987776537136,0.005179398931583679,0.004782748919675645,-0.003952791041598416,0.35926516314329543,2.338338452277112,-0.11511356928178233,-1.85430432905685
0.006268168083786401,-0.014465446908640812,0.0052370065095741665,-0.004405089380435688,-0.11439422184853865,2.8207344742005103,0.23722234681517282,-2.1472717769101095
0.006331436153545068,-0.014525891067672525,0.005292662271099112,-0.004315436966275255,-0.1045795249958631,2.812122304191383,0.30242873130651077,-2.1392220755437075
0.008788925388511783,-0.015758825229692814,0.0066123698867949846,-0.001375867028208156,0.1016290584928692,1.6362884394396302,2.058583426277005,-0.98455464586411
0.008691158660500213,-0.015748180252233575,0.0065703280627090865,-0.0014803739954534988,0.09835121169935913,1.696320449134657,2.009221134019759,-1.0483692787946988
0.008588350715452903,-0.01572579899752201,0.0065370771085558315,-0.0015958177212157581,0.0936706919483966,1.767069233312064,1.9599338106381272,-1.1194367712965636
0.008461222020778269,-0.015753909721864554,0.006415367750502785,-0.0016981515965149275,0.08309682822621554,1.7965710073525187,1.8685022583341415,-1.173071220203017
0.008356121343942166,-0.015701780646787622,0.0064099507669106515,-0.0018310929439970117,0.08112698986789336,1.886568495183866,1.8256092935162544,-1.2525800804397171
0.00822909923277225,-0.01569258761820827,0.006327069328848582,-0.0019507051776608067,0.07261509457790817,1.9381112732449683,1.746845154512062,-1.3146027249329093
0.008116645469105331,-0.01567263731696365,0.006263884089404614,-0.002061850143957666,0.06628815006882348,1.9896193316672826,1.679321526164568,-1.3720346137257688
0.00635991419455979,-0.014617858077339589,0.005282450087743084,-0.0041890818952902585,-0.09673909764863363,2.7510325732313725,0.3675174815280245,-2.09898492370407
0.006425916777304833,-0.014711557920855312,0.005315742534755471,-0.004054831240911023,-0.08599779510806531,2.708370885374423,0.4477411971986653,-2.067740447461738
0.006488401895243315,-0.014814747253445518,0.005333407487061025,-0.003909655907580258,-0.07522482534815274,2.6497954170773834,0.5259342043315338,-2.0259935722384577
0.006555803498133207,-0.01491556192908954,0.005352556494659739,-0.003767231233320647,-0.06604627911928458,2.5921681252407573,0.6014610633566609,-1.9835194029870038
0.006640980670039674,-0.015017295086925637,0.005386358075453756,-0.003618996133959738,-0.05497768241754004,2.536407071533621,0.6833113920950779,-1.9397725266939971
0.008000475135121777,-0.01562495697999978,0.006226098840389861,-0.0021963844864706507,0.06077559476015392,2.0649078281572923,1.6158819338889505,-1.4425346205817817
0.007866535214731301,-0.015589241366853907,0.006151998126327962,-0.0023320156927369054,0.050458082325758775,2.124774633800087,1.5337736861942766,-1.5063188631797308
0.007768328530730061,-0.015521270496736787,0.006140581441030761,-0.002467177329637601,0.04707538067701858,2.2071467112487766,1.479036909973432,-1.5769705460630714
0.0076456912598232086,-0.015514615727903877,0.006032481321648422,-0.00256118084777734,0.03496320135522519,2.223901868212717,1.393360765694937,-1.6102739430493307
0.00746259415340649,-0.015373316145521555,0.006000233059707704,-0.0028228744966678205,0.02422168038387125,2.3706992457554734,1.2765026202547618,-1.7333729771988893
0.007521409342612568,-0.015475724944525399,0.005953350308414041,-0.0026819737438901494,0.02603131954544547,2.266672962757223,1.3119521544999309,-1.6573294706905646
0.0073341448595733725,-0.015336271695373082,0.005902929050192752,-0.002940480750517594,0.011897172303478936,2.399991956195777,1.1857106406531364,-1.7717701430032076
0.00719357302046723,-0.015305639927783804,0.005781487081272227,-0.003052260391729057,-0.00121200007987315,2.412696564488295,1.0880443904729613,-1.7989472722088833
0.007104200041684644,-0.015222135833450619,0.0057590430977706815,-0.003190208165500494,-0.008502171691658848,2.480121985990469,1.0196389449187644,-1.8547294641124572
0.006977908425496025,-0.015210838119139085,0.005627396166377099,-0.003263536420112786,-0.022072631248516165,2.4625916744044427,0.9337181959687432,-1.8587778253330642
0.006682160327990506,-0.015118884244189957,0.005362903014423855,-0.0034868181980745048,-0.04899425487466307,2.4603263478969852,0.73481661604868,-1.8860118150811753
0.0067738809470289894,-0.015175784490510746,0.005425382327950194,-0.003388580089004892,-0.039540204602736155,2.4381603936209584,0.8021867833230932,-1.8629462961115453
0.00686086949620227,-0.015227761423103683,0.005482993357961816,-0.003295424281957155,-0.029691278463766492,2.4157675233034257,0.864386634436238,-1.8397604782171229
0.008842352101805312,-0.015902802226054502,0.006440911343203425,-0.001245324138156879,0.08990124338664003,1.4850953384611028,2.0024162601931335,-0.8913762516227361
0.01038788177702444,-0.016208871907584212,0.006284587241061574,3.9643596865532364E-4,0.0843286808599114,0.25838624600732646,2.1479720991111972,0.24740798937236036
0.010177543873187155,-0.016208247875334085,0.006306787670844569,1.87495051281225E-4,0.08603729473277631,0.41212480119303313,2.150760362628761,0.09812575771787188
0.010112964153898363,-0.016329454132217133,0.006145961440897368,1.1859110933908736E-4,0.0749978309342009,0.42694034839230655,2.0629847941396826,0.042883767507747805
0.010017230824394882,-0.016277145577626728,0.00621744250977463,2.693123687826045E-5,0.07924230855805003,0.5080739762978658,2.0932659374970677,-0.019485372955813155
0.009887334615141893,-0.016194830570691904,0.006326213908255864,-1.0404303219655897E-4,0.08708212264799865,0.6284056567205084,2.1374754788564965,-0.11275395695732494
0.009629452568957354,-0.016117633039376307,0.006405498746840699,-3.7468526120214117E-4,0.0915006132787335,0.845516712915539,2.1480692625879034,-0.3035027357234848
0.009730309174824283,-0.01624169924972333,0.006248286227896949,-2.562248369211921E-4,0.08098246209855559,0.7184312520924544,2.0811499149022183,-0.21899996021129622
0.009463082150527248,-0.016133228438446306,0.0063507987080960795,-5.402303541360993E-4,0.08750684683524855,0.950178204198885,2.0957564487815663,-0.417234497452079
0.009303199154566726,-0.01613127713730408,0.006311705098563145,-6.996328177627264E-4,0.08453222865386388,1.0550378477852325,2.0492112330755172,-0.5255941035041753
0.009174748595196305,-0.016118200485106204,0.0062885772500620276,-8.290498896435123E-4,0.08257901369318423,1.1417596577380607,2.0143276793182356,-0.6117849075536471
0.008930439778640793,-0.016053082669640815,0.006280003089368742,-0.001088906244648031,0.08042373480448219,1.3240692285609208,1.9565236515337194,-0.7827022227208377
0.009045333013657224,-0.016192295682863844,0.006143749655813658,-9.245501448884318E-4,0.0738157135361905,1.1689633329550106,1.922725035152116,-0.6701883512668366
0.023799481693974365,-0.019029508510073068,3.9018136822902134E-5,1.4325622781221104E-4,0.1639011486570672,-0.11483651956878162,-0.11694652500994702,0.11773388559150443
0.025,-0.01983182837550245,0,0,0.18720271307324024,-0.0012577972261876855,-0.05208413822780308,7.835145172943224E-4
0.0204575422574187,-0.016405426810353892,6.512779607910426E-4,0.0013087251850780396,0.08465432345836225,-0.4857764424736165,-0.2278358482784695,0.5193492287939181
0.019493754913464376,-0.01675822548742793,9.306421975438895E-4,0.001467750291586564,0.0569136966225249,-0.5770551765681816,-0.17238969726147832,0.6189640879969848
0.02151653542313415,-0.017300430816096706,3.747928799369838E-4,8.137208396540083E-4,0.10680374792088242,-0.3622951210262149,-0.1848815757892008,0.3809648739520268
0.022633948548232214,-0.0181962042264182,1.6440775615957524E-4,4.191251577137568E-4,0.13446754055301516,-0.23799262535035562,-0.15284044515420614,0.24670400692110098
0.018573961362589125,-0.016710859842731473,0.001264946937501883,0.0017196414771405261,0.041349523759825584,-0.6828278915318446,-0.13367146888710202,0.7407700643396763
0.019118027109451353,-0.017441763093036917,0.0010092506842879635,0.001329716840057338,0.03950032269596719,-0.5819809083881339,-0.09742272831614637,0.6238320686493245
0.017808161475802407,-0.01694948304687639,0.0015599199205782897,0.0017968198074361367,0.02662328380243977,-0.7549099324000296,-0.053227108147343806,0.8237733712383059
0.01672755916612701,-0.016607575536354807,0.00213280431518523,0.0021765655000815683,0.023479109909963596,-0.919783576453135,0.02891696966588661,1.0245931376501078
0.017233972557112575,-0.017042349209977093,0.001808036174479545,0.0018661988867688503,0.01874657956356779,-0.8093762195240105,0.013491791561803251,0.8887733367139149
0.01628343901479562,-0.01689048302727996,0.0023206471320199526,0.002091234642571055,0.01500000973533173,-0.9309393139971334,0.13004370792684147,1.0393560617652784
0.015826221335457163,-0.016912480873732892,0.0025730084560518216,0.002128486022291889,0.013167309871311133,-0.970207597334368,0.215419927397069,1.0926120036847449
0.01483256244452731,-0.016438552114065353,0.003357751393762151,0.0024771642898033792,0.02363334923176286,-1.1508481208051595,0.4266706729742274,1.3407085619543506
0.01443881691115708,-0.016567317191713633,0.003582391995330765,0.002370859079086946,0.021740104531434726,-1.130110050516134,0.5593850157045884,1.3306493847379104
0.015374635410481964,-0.017110682677674512,0.0027758849981874174,0.002039921789622621,0.007114893166381773,-0.9655620287143695,0.3248601415424756,1.0935929006645375
0.01509080402611112,-0.0167567237289453,0.003068960817639494,0.0022621452910911934,0.01628210415326818,-1.0561738728756185,0.3724606293870561,1.214460045880467
0.014082146923313749,-0.01667319625374323,0.00378044552957118,0.002258278966115218,0.020589874311782178,-1.0970472581594481,0.6826996161249684,1.3071006578156934
0.01369736319188254,-0.01668581586697767,0.004039954362392285,0.002180865266682609,0.021565266938289918,-1.06999319942286,0.822753504883888,1.297506468273286
0.012647185778650457,-0.01657842168635148,0.004831239500717006,0.0019060434239216528,0.03380407543461769,-0.9153743967834275,1.2680038602716255,1.2165221329887814
0.012944517466834341,-0.01665953663582636,0.004570616261080737,0.001976302468938595,0.02715406584143742,-0.9656943869693341,1.1254541523956645,1.2366987935610483
0.013316857143740094,-0.016816072613865436,0.004213759687614391,0.0019970367638357752,0.020405996215817204,-0.9860020721259507,0.9522494731735226,1.2190887598400053
0.012730115723859061,-0.016846148578012428,0.004561840227587415,0.0017737190299016163,0.023931341221122088,-0.8606337842718028,1.1676797312293627,1.1184665705397074
0.012372277672009328,-0.01661482996106164,0.004973754292489276,0.001749763838449786,0.035157556059945964,-0.8197668649763964,1.371039901676464,1.1308097289094883
0.012148129197662465,-0.016546961286391323,0.005171693344336663,0.0016682524419732643,0.0411203941408909,-0.7556426947782395,1.484118783744489,1.0899973302813777
0.011925093330966608,-0.01662111554423377,0.005225001949797407,0.0014930363029019894,0.03996489155771033,-0.6471765915104744,1.5390441236804324,0.9805925884367251
0.01171685816528663,-0.0166245786321265,0.005328238517812636,0.001359394084654567,0.04436584494033739,-0.5538405036392674,1.6103699432356582,0.896873248957724
0.011228468260666237,-0.016707182648852535,0.005447507206506274,9.857204858490884E-4,0.044624712339699835,-0.3004318376566779,1.7076951548773855,0.6453026463664159
0.011508199593984787,-0.01674493074070372,0.005297686574371844,0.0011659466323009138,0.03942728791783063,-0.4370061539872556,1.6176961479912768,0.7639676703514464
0.01046846912280491,-0.016422859868364913,0.005989476410838313,4.4037794020785167E-4,0.06700305150555765,0.1638254161710365,1.9952304500074896,0.27269417838646287
0.01082028849165416,-0.016495189839231313,0.0058234935630293305,7.325977527902204E-4,0.06049009213416862,-0.06942356403958705,1.9090162247519546,0.4778037238180647
0.01097916354508008,-0.016694922202934486,0.0055428009570024995,8.036540207382688E-4,0.04798574218159151,-0.16499476029521465,1.7660225710740376,0.5201102615489495
0.01108301269872296,-0.016864638779299272,0.005323377600927017,8.297750274008838E-4,0.0385240658845766,-0.21585443580342506,1.6585065831943495,0.5335442436938498
0.010606609984221912,-0.01658092752706664,0.005768179202366094,5.330144183280806E-4,0.05765168939380356,0.05675147318064699,1.884254666917873,0.3359708814506988
0.003864171957302468,-0.011679825366948213,0.00164627461438272,-0.006584500641464624,-0.17178078936445665,1.1182763215422458,-1.4250711260678017,-0.7996856125324489
0.003959170439260059,-0.011832756563974776,0.0018286376869782225,-0.006546518022060019,-0.18594189304807607,1.2424760553876089,-1.4073606944832102,-0.9046980430192196
0.004038527378409807,-0.011978002752276855,0.0019954130864789188,-0.006493620758300998,-0.19726115369625838,1.354209648445784,-1.377178915088001,-1.0009683954811586
0.004137673895845183,-0.012113119124514973,0.002170595103548244,-0.006452755863241323,-0.20967913636570892,1.4675685775915683,-1.354378217536029,-1.094428210506405
0.0042437254041826486,-0.012216909103661877,0.0023316873512655018,-0.006434783779131272,-0.21901661387637564,1.5707494647665625,-1.345103471911459,-1.173951019051822
0.004236615574886609,-0.012350954983539794,0.002413924564537342,-0.0063135054052813,-0.22225265118993676,1.6241896226877377,-1.2642947805494322,-1.232748642926171
0.004344407242013226,-0.012461959662240708,0.0025807971698368413,-0.006277880447742197,-0.2301484887077556,1.7260470429593053,-1.2405450279450119,-1.3126921950647044
0.004453588746346183,-0.012617918450043798,0.0027761659446217776,-0.006192345254667845,-0.23772103339358924,1.8419913342589154,-1.1820295701812855,-1.408568335201691
0.004508990174665685,-0.012770241432625418,0.0029116647247990897,-0.0060704125274172495,-0.23948185118370582,1.9178934227983062,-1.0999888406723641,-1.4784479461744722
0.004928665384016911,-0.013314847655033405,0.0035825245085831336,-0.0056710335211175985,-0.23924259597448955,2.2654397421499826,-0.8095192007332813,-1.7599277563785132
0.004810802809212051,-0.013204296694068236,0.0034145430474101907,-0.005749085013166808,-0.24048896668606864,2.1811107393714972,-0.8713235374161158,-1.6956595055276205
0.004730080792338484,-0.01302290468712799,0.003259338337370803,-0.0059149674985294115,-0.24549527505954666,2.10998923306845,-0.9850830060385397,-1.630412954094288
0.004595302560199277,-0.012914682080691103,0.0030685656151117906,-0.005965425242801915,-0.24082159725300037,2.0045674441179924,-1.027200505529122,-1.5514773144270535
0.006158781089556514,-0.014470907787195026,0.005088857794845424,-0.0044086870894010635,-0.1215979023579624,2.742082266190131,0.1923052765875348,-2.102942220728122
0.005723474373128719,-0.014308341589779422,0.004580859378869403,-0.00462667269557944,-0.15841029393287273,2.5573969804927397,-0.0549942674131784,-1.9956491616944907
0.0060403100702632676,-0.014412962186565506,0.004956176984602815,-0.004492742915842586,-0.13478794666446167,2.704932302932161,0.11001577756404378,-2.0833681437147855
0.005886827891049612,-0.014352238593338075,0.004776930482696243,-0.004574737564061209,-0.14843650259832722,2.6405714684851227,0.019751390530489323,-2.046089178828588
0.005015476800271295,-0.013439086690387925,0.0037141940830682572,-0.005557877325349157,-0.23362901694384772,2.3225048337328533,-0.7274255290897069,-1.8070024994079745
0.005090241900368021,-0.013557163084454787,0.003824854913773043,-0.005442235821146487,-0.22736959420596267,2.363988390129173,-0.645208784000647,-1.8428879632325945
0.005181780683031602,-0.013643342562035296,0.003947480027578447,-0.005365833013778311,-0.22152678291431735,2.4168624501283036,-0.5846762013038536,-1.8825054686276068
0.005217790430214895,-0.013757902278380913,0.00400043823224495,-0.005235640274698636,-0.21286077089844427,2.418933779968835,-0.5001954238794859,-1.8905614504519461
0.005316353280562753,-0.01386422859624585,0.0041245919987226215,-0.005128438134850796,-0.20368402594884774,2.4610865247255522,-0.42001891373385025,-1.9231787887954055
0.005386190510587868,-0.014003634275257516,0.00420621396125024,-0.004969941642988934,-0.19187919563001785,2.464117858457374,-0.31719828891306584,-1.9310394897165588
0.00558537535883497,-0.014225315489226396,0.004425851588062004,-0.004721339908930263,-0.16919663292280787,2.5077098236609703,-0.1391750919287669,-1.9640220042301901
0.005471037310570583,-0.014126312722416212,0.0042991821819449196,-0.00483160880500895,-0.18082574209615918,2.474909098919486,-0.22366813961252976,-1.9413961759542036
-0.0031356845562663903,-0.009790607409600287,1.632656763827045E-4,-0.006599210062692006,-0.008693234827733405,-0.22683937762802356,1.2867852207562167,0.42562800108574533
-0.0032687609420846272,-0.009993021861751758,2.6481068757031586E-6,-0.0066968937004387415,-0.018548410073424986,-0.102545236755751,1.3757648289464124,0.3207284021482675
-0.003386887225098499,-0.010181123999160902,-1.637452833809438E-4,-0.006774847089531162,-0.0312687441300727,0.02215869626249947,1.4512382998151503,0.21379552904916418
-0.0034984041266907205,-0.010375239275751378,-3.505946386245995E-4,-0.006836576168977856,-0.046392126149769224,0.1628006579616744,1.5150508128436169,0.09237784973238151
-0.003500670432439658,-0.010575970731035689,-5.332282536570852E-4,-0.00680180743964505,-0.06771253925376676,0.3008676886145365,1.501728078998915,-0.048239075405330366
-0.003629437554383592,-0.010749572963524369,-7.251465553718355E-4,-0.0068534726761377085,-0.08343179087250446,0.4423151452670266,1.5576532093924766,-0.1656227103115682
-0.0029080189112886193,-0.009837011812831508,1.137270709833325E-4,-0.006459805164476903,-0.024124470456893865,-0.1938047101494144,1.1703693915910636,0.357575525356225
-0.002676368992250355,-0.009857575256606407,8.83795054871436E-5,-0.006329218159667875,-0.03542666164372394,-0.17788423574051823,1.0556308696362395,0.3110276697919518
-0.0023692400443239394,-0.009214865808312447,4.25716747711749E-4,-0.006091235204924369,-0.009337167344538324,-0.470882484103437,0.8527120154553972,0.5876931399420836
-0.0023705939169647726,-0.009576182269718802,2.3101129527660217E-4,-0.006152983773886585,-0.028828110688510242,-0.3071380389365488,0.8926427851587296,0.41457622383949594
-0.0024201220829408437,-0.009851907664452597,8.087893498119287E-5,-0.006198588594024868,-0.04382316648214984,-0.17578850535961588,0.933887207311468,0.28171383649077836
-0.0020029722535928815,-0.009126749383381517,3.8733741432267667E-4,-0.005923290485405565,-0.018598691343582354,-0.4781539233459932,0.695524107944438,0.5674790080692865
-0.0016704601198592878,-0.009075199156364837,3.3409280703669526E-4,-0.00580141398218912,-0.026163718163720335,-0.47497259236401324,0.5658039233899266,0.5446627484012275
0.0018457440856198615,-0.008643044137228646,-5.358309946636729E-4,-0.005737119405785521,-0.0014641390653440632,-0.6406828005193388,-0.5806081649534743,0.7366927549395572
0.002090242742845223,-0.008858365208775336,-5.258161487979215E-4,-0.005886528565905721,-0.002773641806953672,-0.588652973830531,-0.6948951130650556,0.6938766024677014
0.002179241951821553,-0.009165424622085855,-4.087636127652673E-4,-0.005999525967200708,-0.013781844970214882,-0.47618504070243534,-0.7688714494238468,0.5773501270152454
0.0023442727796253236,-0.009514014680303124,-2.614536040600218E-4,-0.006132806768417605,-0.026683234550065358,-0.33463517475209675,-0.8755519050205781,0.44042814033884137
0.0014875097260261668,-0.00871570727466118,-4.0215833052740217E-4,-0.00565894247033786,-0.015162728818065413,-0.5884840633545155,-0.4686957572593931,0.6609149321153325
-0.001376493651337796,-0.008775249732607224,3.541498538192357E-4,-0.0056491647747604805,-0.019740925802395923,-0.5599455955716958,0.4376857154392328,0.6259403904992643
-9.909705653683432E-4,-0.008487895983569686,3.0474032454878375E-4,-0.005488879237549057,-0.015748125986729953,-0.6273227239831644,0.29353780359392767,0.6910857831157642
-5.370783766887252E-4,-0.008467291550246963,1.6520885215769862E-4,-0.005427458323681137,-0.020074607150801147,-0.6172842836733884,0.15765248004645602,0.6705959364749239
-4.696565175709035E-5,-0.008311163038217642,1.5482958966217255E-5,-0.005354974414920873,-0.016616023814287558,-0.6523019707098455,0.012639984049347913,0.7090077897342467
4.674026591128151E-4,-0.00815307703267104,-1.6938793560526864E-4,-0.005315789652361304,-0.010491222062642953,-0.700318599198818,-0.12748973588451576,0.7662597427784689
0.0011616616088857919,-0.00879304288687645,-2.918798525771736E-4,-0.005607695048376973,-0.023889748182839447,-0.5419357378371323,-0.36800542845141665,0.5986439858213205
7.817821616787503E-4,-0.008624455381434913,-2.1937247555590974E-4,-0.0055002377906183935,-0.02346407531119832,-0.5783489529828314,-0.23771789173846708,0.6302812085700648
0.00318120925293875,-0.010102756508551821,8.705080067770064E-5,-0.006635525377833128,-0.0338352730440561,-0.03636533406724816,-1.3308511528351816,0.23595732122461896
0.003311063203761049,-0.010256356749720592,2.2301098775344002E-4,-0.006714791999655458,-0.042917509976367986,0.06859073405458348,-1.4056866600682367,0.15236796462970745
0.003339819065465689,-0.010450356811286437,3.9237392081777647E-4,-0.006710094642363905,-0.05946378530129448,0.19730058954580854,-1.415919426150838,0.025546376590010026
0.003415308257175702,-0.010642081393970512,5.718672718750167E-4,-0.00672482516712422,-0.07646299041412695,0.333323956697051,-1.4434752840755036,-0.09857124890394693
0.003710027964429733,-0.011167654881468073,0.001133304933159338,-0.0067565422488912235,-0.12569831263243939,0.7473308839217955,-1.516249608334541,-0.4575988320906765
0.003603730160723271,-0.011007758215359681,9.486916753278632E-4,-0.006746267433550683,-0.11029848877573735,0.6136543278855023,-1.4936326604492043,-0.3449425219402395
0.0034988323177567193,-0.01083266107643698,7.596807549561164E-4,-0.006731753799097173,-0.09376040968092207,0.47496477983259083,-1.4658174125837446,-0.22596924330247228
0.003744355534906035,-0.011527533952406875,0.0014526255244203983,-0.006594980275594996,-0.1566569797921058,0.9846643412211379,-1.4207508587069826,-0.6910078157137863
0.0036248881731999155,-0.011351616257279908,0.0012471662958688171,-0.006607890155965512,-0.14068754257322205,0.8404208091295547,-1.4143853893380098,-0.5696676835033793
0.002933565606332584,-0.010095948191243261,7.342565939602562E-5,-0.0064782630662404694,-0.04265042158731338,-0.045343966724537506,-1.1964508131229703,0.20825733448150788
0.0026533896399845193,-0.010015581842007171,1.3509700964977707E-5,-0.00632016965784886,-0.04696634884888546,-0.09374231931617555,-1.0517899288819914,0.2214820737212628
0.0023722346548787345,-0.009894401240101783,-5.5393411500388394E-5,-0.006177563115184971,-0.04771476087128299,-0.15413477661093644,-0.9142238731192617,0.2546316961420461
-0.0036642981511104053,-0.01093812318832344,-9.095799640877834E-4,-0.006817308825835664,-0.10345714812253252,0.5802004672788242,1.544701379062694,-0.2982062905461816
-0.0037293356279616548,-0.011079239393133537,-0.0010631468337640587,-0.006809949761849613,-0.1181643760255089,0.6927662794254917,1.5511737226936797,-0.39847293511512655
-0.0038452070144907595,-0.011226937539590193,-0.0012505111006989565,-0.0068292212856432355,-0.1343946858608598,0.8261462686724127,1.5785061175338346,-0.5075537055418126
-0.003947999564079498,-0.011352548912900239,-0.0014185793681021819,-0.006841900131035291,-0.14830394936773483,0.9445930095830267,1.5977614560039226,-0.6025606906136348
-0.004035685585194706,-0.01156078540577787,-0.0016572900529243618,-0.006783879936353318,-0.1696773355614248,1.1138656493287422,1.5680306245942763,-0.7534539704762823
-0.003940818955349392,-0.011484985905771752,-0.0015322313461160605,-0.006760093223383041,-0.16117675675764617,1.0275005454413029,1.5447958511905726,-0.689819472315938
-0.00406508656161713,-0.011693595731616182,-0.0017905542462647822,-0.006717741083571856,-0.18225210441898468,1.2070532207205067,1.526788840716227,-0.8420787486578076
-0.004717575341339972,-0.012446017338262177,-0.002938843616650029,-0.006531471678163503,-0.26049657768318163,1.9513958441783197,1.4094847518629952,-1.4322266231556973
-0.004825859899904074,-0.012620448572201905,-0.0031665104261213886,-0.006414926951807627,-0.2671236208106849,2.089441755458777,1.3226798421402564,-1.5483753480113511
-0.004770062610957242,-0.012535624495873594,-0.0030532146811481317,-0.006471457183541176,-0.26403882173721,2.0212190923036393,1.3650949244386996,-1.4915229082087544
-0.004084527179597782,-0.011857060000256282,-0.0019377608046540846,-0.006615289257654053,-0.19401924305865978,1.3096476958030066,1.4601631722299437,-0.9436418362783846
-0.004141727380145285,-0.011986502753414525,-0.002081262779965998,-0.006556463326947534,-0.20432852010513355,1.4058524731859035,1.4234483568639822,-1.0289538408978804
-0.004211651606976615,-0.012081552418069592,-0.0022082675179706207,-0.0065275836908496995,-0.21292166080649969,1.4888785259222939,1.4065265184521338,-1.0968792374856424
-0.004287727387663922,-0.012156485267117366,-0.0023268518759181106,-0.0065158032394568716,-0.22145025592625853,1.5647005179263171,1.4005636352422306,-1.1555708713725223
-0.004373413777816525,-0.012219853961183776,-0.002447606564095114,-0.006517849006388296,-0.22907240752459282,1.642129796511319,1.4024992460848564,-1.211493599391906
-0.004481990222297196,-0.012222115276081453,-0.0025481552451540636,-0.006590208811170953,-0.23816892177460483,1.7047417376043457,1.4537245233399256,-1.2447816222744772
-0.004555937905119128,-0.012298321778068437,-0.0026736189509016027,-0.006569217430631291,-0.2450559346990034,1.784634438839143,1.4386919433970637,-1.3065352105830523
-0.004553617912079402,-0.012391601111636239,-0.0027360146115417336,-0.006476842733762959,-0.2473582901869748,1.8224952805248826,1.3743543176172595,-1.3501097548796785
-0.004610445852485292,-0.012462359117134373,-0.002839447040442693,-0.006443551831165469,-0.2514359496497712,1.8865670175765519,1.3504867284430817,-1.4015752728236086
-0.004836915867705078,-0.01272663905693758,-0.003239567618580346,-0.006303203488301862,-0.26532284949755164,2.128070499017477,1.2430806994862083,-1.5923896304137681
-0.004844943044731119,-0.012819563798790717,-0.003297079832016617,-0.006203032688927294,-0.26243437585306,2.156044134426382,1.1724333729381655,-1.6259536389560318
0.02376096059902417,-0.020568487099613893,2.7583738964241764E-5,6.35983717852381E-5,0.10451572834412,-0.07928232894542997,-0.057291311658056,0.08086436248099814
0.025,-0.02153459934225116,0,0,0.09431011868614851,8.818843337504664E-4,-5.047409960914665E-4,-0.001789388176318122
-0.014994450670793703,-0.010235504770669994,-3.9250137889044876E-4,0.008323941131266846,0.3210090398190861,-0.3071382078484307,3.2509454094241104,1.5359285639242446
-0.015007968036914142,-0.010244015740143138,-4.0421217436562E-4,0.008294973101575995,0.31312985489959194,-0.3202741340170477,3.2299832313751957,1.5357614962440052
-0.01499368631334919,-0.010251191169966168,-4.186536182355716E-4,0.008322666766951871,0.3209993464837645,-0.32747352982757777,3.245116742794926,1.5563903688310619
-0.015007169743716305,-0.010259739814463485,-4.302574213906076E-4,0.008293679745899805,0.31374825122079675,-0.3405906144183086,3.224157637756339,1.556178929835285
-0.014992872690959788,-0.010266875049167084,-4.447985465720402E-4,0.008321310518455974,0.3211229363231062,-0.3477720118117089,3.2391763733560492,1.5768473213197005
-0.015006310225228041,-0.010275465100321284,-4.5630797637082504E-4,0.008292326036359453,0.3141704262937639,-0.36086549294220344,3.218219987568368,1.57657234386926
-0.014992009811233265,-0.010282556267937627,-4.709153920153169E-4,0.008319873466008088,0.3225082188478713,-0.3680093663751883,3.233127899728442,1.5972673699638376
-0.015028082522428815,-0.009936736885874918,1.0409543640377697E-4,0.008275078829500189,0.3029168790941949,0.08377728122913942,3.3010218772805686,1.117508829416006
-0.015028443136024416,-0.01003161417504603,-5.204766715356151E-5,0.008275511537590962,0.3056313489097579,-0.04059614176798836,3.278464647869034,1.2418144991337356
-0.015027312213908205,-0.010094891114083392,-1.562031169345964E-4,0.00827490771288199,0.3074554676199928,-0.12309079004502356,3.261465635164328,1.324732647289518
-0.015027640286693456,-0.010079096349013696,-1.3020158709311732E-4,0.008275238809822448,0.3068228774745528,-0.10253057991535859,3.265929727807604,1.3040828836863538
-0.01502808588541763,-0.010063304799841645,-1.0420111162464671E-4,0.008275154179023454,0.3062979748448635,-0.081931380698546,3.2700578696003118,1.2832475120883124
-0.015028392681511347,-0.010047467669652721,-7.813458072940945E-5,0.00827516739572716,0.3059468802519371,-0.061272167206064966,3.2741885404715876,1.2624415434109624
-0.015028166072683159,-0.010000032834493309,-6.995468600880523E-8,0.008276407505478091,0.3046749991592472,6.707532683377181E-4,3.2869139890102583,1.2008703111505616
-0.015028182877308718,-0.00998427118379954,2.5874038685948284E-5,0.008276273185210611,0.3040737027340796,0.02133856885265534,3.2906562578609333,1.1801625293212956
-0.01502833518565186,-0.009968467652222786,5.187927311865782E-5,0.008275686563184191,0.3035692481192487,0.042092088534649234,3.2940486780009848,1.1592056094763945
-0.015028333195378623,-0.009952601931618192,7.798424930425862E-5,0.008275225166652266,0.30322283477411816,0.0629319099042373,3.2974675134295843,1.138265993174805
-0.015042811433682413,-0.010007941949815809,-1.3011749762875167E-5,0.008247100449676832,0.3012182633441895,-0.009916196518188689,3.2662359168761808,1.1975893930031616
-0.015043306747978604,-0.010023728206556724,-3.882100752655111E-5,0.0082459459916931,0.30153295172281774,-0.030395869150203755,3.2616040808749633,1.2175679179915804
-0.01499753324023817,-0.010157039844353498,-2.6175539311940375E-4,0.008329077701371215,0.3166772281891366,-0.2050948128817339,3.2781137158609917,1.4329268050754171
-0.014998001866155195,-0.010141341239237567,-2.3557255935499223E-4,0.008329859351431646,0.316802651684936,-0.1843805607511045,3.2831752670543985,1.4121648785892502
-0.015011807749981919,-0.010149749696825373,-2.4804934585092203E-4,0.008300829746908255,0.3104599779340927,-0.19795866970376275,3.2623477914826746,1.4129010940130564
-0.015012259337044802,-0.010133982318624795,-2.2193752039225429E-4,0.008301553265346885,0.30970998963579,-0.17745093683980884,3.267357188551537,1.3923013866997147
-0.015026927481260525,-0.010126632620198455,-2.0842258475636536E-4,0.008273145690269629,0.30839786283082166,-0.16422718123766344,3.251606182657841,1.3656798678757835
-0.015027143350686256,-0.010110737850977177,-1.8227587688375633E-4,0.008274073295306167,0.3079920226686858,-0.14364777627191638,3.256606452319931,1.3451944732539818
-0.015026306881933552,-0.009446170498946539,9.000235490781847E-4,0.008168861158621303,0.28586721758777833,0.7266328367132234,3.308843480483626,0.4516984631835705
-0.015025930791364403,-0.009430944247942719,9.242223295700649E-4,0.008163459437153534,0.28540321209692504,0.7463026546874004,3.306575687809271,0.43101947382526634
-0.015039660248981568,-0.009453533848120178,8.831468672441184E-4,0.008145598094152103,0.2836477159185601,0.7121375911872722,3.292345638680852,0.45466438859114133
-0.015043698631647083,-0.009466806887289103,8.607014194137098E-4,0.008142817889512821,0.28333000682957415,0.6937209274289934,3.2891855408045614,0.47054555819316995
-0.015046766381574478,-0.009482612357566395,8.346658811633603E-4,0.008142741508376851,0.283333978671789,0.6724599126778658,3.287558592660608,0.49033063033797575
-0.015048160192334731,-0.00949866533942608,8.088500351417588E-4,0.008145845666399192,0.28356630661975174,0.6514832744761626,3.2879878124115725,0.5113227472959226
-0.01504739762582929,-0.009515203933114884,7.829961847151698E-4,0.008153161571093286,0.28435085577511116,0.6305780633139826,3.291125406483963,0.5341845020941939
-0.015065646076668063,-0.009656037321664937,5.538915773618826E-4,0.008159008635716959,0.2856090765165788,0.4445195618167754,3.2770490102083762,0.7128565578478926
-0.015049236099129105,-0.009547973577314604,7.304628045322561E-4,0.008160528940415128,0.2850852967779488,0.5878840577671618,3.2923508604584955,0.577621654746385
-0.015052714951819826,-0.00956183103314733,7.073624118574181E-4,0.008158106579627776,0.28487234176895854,0.5690320866979751,3.2890570363666796,0.5942875631047051
-0.015054301794273108,-0.009531903693103094,7.542460798258069E-4,0.008145308377508133,0.2835637733655711,0.606957107373563,3.2839742908658316,0.5528054177680138
-0.015063371112417566,-0.00963957797769316,5.80686948516671E-4,0.008159343283785122,0.2854998441625991,0.46622090552544865,3.2796340764262486,0.6923058006178983
-0.015059662485459164,-0.009624054907808162,6.063898464474722E-4,0.008162556062848896,0.2856541284634688,0.4870989939457994,3.2839472712580355,0.6738858973677154
-0.015054974928786487,-0.009609557333286342,6.307790140273428E-4,0.008167808599135339,0.28614029148393066,0.5069732013977489,3.289421269995285,0.6573842742914953
-0.015056729853564245,-0.00959401566171197,6.550180823967634E-4,0.00815992628034562,0.28515814295147596,0.5265314423154317,3.2862225224256387,0.6352807579745647
-0.015055633366989072,-0.009577700864600849,6.81270983695497E-4,0.008157253712900188,0.2848941270122705,0.5477977496059431,3.2865205551992354,0.6139507141546332
-0.01504204064238312,-0.009912725410747844,1.4270199771372282E-4,0.008245816732767168,0.2985793119193408,0.11416845545609146,3.287444601904889,1.0735798338499178
-0.015042780579263301,-0.009928449376229505,1.1696073369237346E-4,0.008245255162355537,0.29888753567265786,0.09359258684108679,3.2836074788972476,1.0936667653671748
-0.01504156022895946,-0.009897127266625146,1.6822578994157218E-4,0.008245689586954019,0.29821636459689754,0.13459279241662772,3.290745895824402,1.0533635009086966
-0.015041305669066226,-0.009881397715020574,1.939434058861149E-4,0.008244923722762136,0.29776676009360276,0.1551881213651292,3.293589527841202,1.0327204952017477
-0.015040893160100877,-0.009865486941188698,2.1996560129508946E-4,0.008244276927884863,0.29735445479148476,0.1760470397899002,3.2964781780833508,1.011917325364555
-0.015056210971342339,-0.009904609799746859,1.5497593966999946E-4,0.008217013806552194,0.29543769961792915,0.12403638099376936,3.270571895899183,1.0505055040407945
-0.015050213038818205,-0.009730416204730549,4.379787009009983E-4,0.008205906350646684,0.29107605823467336,0.35132977121250525,3.296491446109872,0.8236411690689348
-0.015050607422469456,-0.009682432006271892,5.152078181896509E-4,0.008194962863284349,0.2893870013981601,0.41368025222641,3.2969851659440934,0.7587010970291495
-0.015051094570169924,-0.00969917654550658,4.8815859614156524E-4,0.008197727555332955,0.289828059601118,0.3918244034838803,3.296191897354283,0.7809290704004476
-0.015050331873693078,-0.00971529945570109,4.623444254511708E-4,0.008202644474697434,0.29054531049231286,0.3710003290333184,3.2968391816938962,0.8031927585135402
-0.015067215739561773,-0.0096727095430798,5.26935781435425E-4,0.008159917393554393,0.2858553160221448,0.4227281039939133,3.27519590133965,0.7341035273924047
-0.015052203622635459,-0.0097459334955056,4.125492054096866E-4,0.008204888063057912,0.29119783720651565,0.33079372004074165,3.2931846053769687,0.8429971371258153
-0.015054003533174085,-0.009779023883338765,3.587768510648265E-4,0.008206988786545714,0.2919222576461326,0.2874965848467746,3.2887445139375013,0.8858886637063795
-0.015054172541582901,-0.009762505631734572,3.854382785106229E-4,0.008203919182565881,0.2913429496746672,0.30893531309790817,3.289667061308958,0.8636976720709381
-0.01505324352660014,-0.009810348896366738,3.081947823717867E-4,0.008213154037606004,0.2930826806060321,0.2468368366429595,3.287013685549795,0.9282717271265145
-0.015054049743461702,-0.009795107531765788,3.327561357234432E-4,0.008209374669991672,0.2924271735507278,0.26655725581378786,3.2873815781986235,0.9073352146463997
-0.01506602744962747,-0.009818665521645628,2.9304322258875786E-4,0.008188899938317768,0.2907896251875112,0.2345218962404872,3.269607500868383,0.929181813881824
-0.015054800076264852,-0.00984115403968018,2.5807242719140636E-4,0.008213951210793923,0.2937538880103419,0.20657591528572714,3.281599018270789,0.9679634925878221
-0.01505524019115475,-0.009857056211586154,2.3223649188414355E-4,0.00821481732447405,0.2941423802189868,0.18586411689083746,3.2790019257276515,0.9886545827236589
-0.015069153146426258,-0.00983239339780054,2.7053323475832557E-4,0.008184441717784487,0.29058521439987156,0.21646047973637803,3.2640984245554647,0.9447891321562888
-0.015038973281626494,-0.009422830299651574,9.316324512111245E-4,0.008134627977727103,0.28273916237851243,0.7515167401791087,3.287670794120573,0.41320036880027233
-0.015043649906506947,-0.009406461568048453,9.552690252304948E-4,0.008118702942107578,0.281291865161245,0.770406631357871,3.278222840463869,0.3885931934138908
-0.015055566831406164,-0.009376533166434805,9.965781190868904E-4,0.008082740751446915,0.27821792258730044,0.8031336854964989,3.2560941648789705,0.34243579989782386
-0.01505356071714189,-0.009359699310429612,0.0010234342652932892,0.00807911598063512,0.278030065628662,0.8250013410277145,3.2548033596115933,0.32071462728101907
-0.0150499005802755,-0.009341911026989684,0.0010524982173740621,0.008078033200195947,0.27813969951066003,0.8487711683446856,3.2552354307373492,0.29842163245453784
-0.01503204886817722,-0.00926494909544492,0.0011792943427413613,0.008074541183555039,0.27882084790426576,0.9526703206451955,3.2570229267542943,0.20217355078503116
-0.015038254658583428,-0.009281636005844904,0.001150604982977669,0.008071187360462216,0.27821676108700943,0.9289614635007447,3.2539339930649605,0.22220820120586862
-0.015044671023295975,-0.009321422781329174,0.0010864613701914343,0.008078449698691757,0.27838226389192705,0.876610263293889,3.256774004664845,0.2731200994086382
-0.015042754947427087,-0.009299064187105036,0.001121690873726111,0.008071264468338502,0.27805789013549637,0.9052009485983311,3.2530932281647558,0.24385805109141187
-0.015037026162046338,-0.0092337448334264,0.0012241458834530339,0.008048529323962404,0.2769634479039371,0.9884490061694633,3.2404442089436745,0.15833751702239282
-0.015044656486014819,-0.009250525302458065,0.0011946639006993696,0.008042896745680097,0.276117226824405,0.9639716919938227,3.2359538032170687,0.1780036103423339
-0.015059295035874632,-0.009392605057467536,9.701359268989071E-4,0.008082514398377512,0.27809339067952044,0.7814824326183519,3.254757954534451,0.36229687923066
-0.014982384515642226,-0.008793177781493557,0.0019006693068070871,0.007848939758378767,0.2744793702905149,1.5335938023924112,3.093260282391602,-0.40554574220857925
-0.01499395838682071,-0.008816629378315547,0.001858973155975938,0.007847287612077645,0.2730731897681031,1.4990613195320035,3.0939969024798226,-0.37672202281900447
-0.015004172587937932,-0.008839713761000066,0.001818957899243986,0.00784733967427492,0.2719149790141064,1.4660870468231944,3.0957424326148044,-0.3484130203182532
-0.015012971743144251,-0.008863377619029594,0.0017792943193709833,0.00784995927697789,0.2709665998122697,1.4336030723237723,3.0991271086388825,-0.3193712554732317
-0.015016635092579817,-0.009131378311344264,0.001389900672565039,0.008028538214723225,0.27736330609846943,1.1239889247604278,3.229053338115576,0.028003133518852055
-0.015028108895708268,-0.009151551369392628,0.0013528659130483608,0.008018975182569514,0.27597674780898274,1.0930049931444092,3.222231329520509,0.05148781268137192
-0.015030709956283915,-0.009073666216800098,0.0014664549484300425,0.007966029897791055,0.27323523765171687,1.1837345319289678,3.186174678250008,-0.05205716472298152
-0.01503604878105895,-0.009112143104939392,0.0014065603308488323,0.007980223946174085,0.2734274153931357,1.1352277752058049,3.1959853167232013,-0.0029257785700737265
-0.01502849940490561,-0.009093320063389424,0.0014390078816578263,0.00798263929742332,0.2744031009787699,1.162055115889681,3.1976387055063578,-0.02572046746778438
-0.015016765095163542,-0.008891065591569408,0.0017377979486209623,0.007864219705576235,0.27104449447565276,1.400543964305472,3.1105575568469015,-0.28489071367786445
-0.015025418056932822,-0.008919727771570402,0.0016911502826129244,0.00786987080718514,0.2702319109773343,1.3625892315983938,3.1159441681932445,-0.2496183352651067
-0.015052435155299478,-0.009056027852764272,0.001478154173472081,0.007914408637129245,0.26917232760658266,1.1903421132080558,3.1506142560242854,-0.0799248513707125
-0.015029453414845772,-0.008946650774810837,0.0016502383609557699,0.007882066602873309,0.2702112883621304,1.3297611515458188,3.1255115188760088,-0.21595274780886883
-0.01504804261110225,-0.009031307300553038,0.001516642244268779,0.007906365830759543,0.2692712257059255,1.2215331295574654,3.1447193959634476,-0.1108536397537969
-0.01503061895805266,-0.008978352496136441,0.0016043519884163303,0.007902370715099817,0.27081736164560194,1.2933394998974528,3.140598179343481,-0.17562432188935415
-0.015038323872252618,-0.0090074212233032,0.0015574527186718952,0.00790824164824006,0.2702830319106535,1.255170987517965,3.14545944931307,-0.13967849149468028
-0.015048425768730861,-0.009221563482089397,0.0012363749464643608,0.008020265290964858,0.2745800895152324,0.9972465141400756,3.2215197609122344,0.13805066480640774
-0.015048494438671851,-0.009206332478994522,0.0012592058496928846,0.008011795294488637,0.27408805897786426,1.0156220944296246,3.2161888703583723,0.11780221000341128
-0.015047009294305556,-0.009188631054749178,0.0012865283647257857,0.008004723731992056,0.27376221557670416,1.0377311383265886,3.2117966787413437,0.09484170264193882
-0.01503870595049596,-0.00916992478390631,0.0013192188169748303,0.008009717564143074,0.2747489075498868,1.064840124416046,3.2155729608427746,0.07266550082545671
-0.014982558608369676,-0.008705314381770959,0.0020194513785451594,0.007774344198400173,0.2729019951239799,1.6250319788723655,3.033986943478659,-0.513786623163876
-0.014996186114080724,-0.008725368627257367,0.0019809790046299643,0.007767741201248713,0.2710276912133461,1.592795089613154,3.031621803401119,-0.489198920598787
-0.015003005096033268,-0.008744136427921176,0.001950109227110236,0.0077716499806075815,0.2702325233941492,1.567799651825554,3.0361269322091036,-0.46639815564853715
-0.014954847793556856,-0.008589303400922647,0.0021965306922199362,0.0077174396265547235,0.2756530810054079,1.765179698348932,2.9809068312531846,-0.6541786497796299
-0.014963970885898382,-0.008615393426116735,0.002154322007259419,0.007726068193423058,0.2744907912168666,1.7314319109383562,2.9903596372058017,-0.6225979977497361
-0.014992330451805187,-0.008673763302273365,0.0020526222037792353,0.00772974793463134,0.2708100962035402,1.6482196357237382,3.0002376875760928,-0.5513411493098012
-0.014985146628418626,-0.008639728291567946,0.002103442207552904,0.007711836469959642,0.2715123670176807,1.6882313830226907,2.9839690695068017,-0.5921416041296631
-0.014999332628377757,-0.008768111948324565,0.001920877684065172,0.007798114899952384,0.27138058006947746,1.5460422799997746,3.056369471033602,-0.43711096960745005
-0.014581178600499258,-0.007462730105920355,0.0038011434651586515,0.006864196362183662,0.3436194321759648,2.892091231312986,2.089385664431099,-1.8248003605919119
-0.014614517637572853,-0.007473762964823207,0.003744995784346792,0.006842087909426249,0.3372443006957498,2.8423443405052895,2.086549276253983,-1.7955175460589612
-0.014631975946909868,-0.007500659318474907,0.0037010605055796037,0.006860633375520077,0.33365709258239923,2.813509370604251,2.1109077507761715,-1.7693578554030422
-0.014663566846291373,-0.007589922385647624,0.003590590288914314,0.006949730671301565,0.3263431479157475,2.7513644216607536,2.2027244761475493,-1.6976040461664674
-0.014644153411523012,-0.00756123267865226,0.0036396754602359073,0.006932662237263877,0.3308560435251427,2.785168270658485,2.178900719122952,-1.7273888922416027
-0.014650627528782526,-0.007528923559087871,0.003654207279011868,0.006879080946954108,0.3293552681888677,2.7823442351497785,2.135619486727372,-1.7413184945816986
-0.014694120456667284,-0.007696316556630931,0.003463552414506753,0.007059513383436892,0.3197678836406402,2.6788761952721845,2.3126637288048104,-1.610062344007391
-0.014703006754558623,-0.007661578507146563,0.003479670146277539,0.007000499898061549,0.31853618346813933,2.677333208457172,2.265040141597316,-1.6275266073078536
-0.014695608056763971,-0.007595775145396254,0.0035414383986826165,0.0069188968668805455,0.32075242525604847,2.7051005062764153,2.191052133603433,-1.673002137316536
-0.01471555087553131,-0.007623353114511694,0.0034927175577999098,0.006932495390560616,0.31653458423128766,2.670587841364138,2.2119339241202436,-1.6435011640692887
-0.01497287433674923,-0.008566814394042107,0.002208309692027802,0.007665621510003283,0.27242363817765475,1.7693902457809687,2.942940520465525,-0.6782105054046456
-0.014803869685076312,-0.00812263271672535,0.00291425519213113,0.007458888115338874,0.2976712825144358,2.3183164431013683,2.710086329655836,-1.1989589841605774
-0.014819347989963793,-0.008134398127675791,0.0028829366727984177,0.007449448316044739,0.2949027549276607,2.291198757424118,2.7076783564588696,-1.181270944800155
-0.014801935302716524,-0.008101289893092735,0.002939439880305566,0.007435906150026869,0.29787572771754306,2.3349511011182233,2.6891643060232298,-1.220336498952168
-0.014797646260826693,-0.00807604825946788,0.0029713622520106783,0.007411476272360316,0.2987826920560049,2.3567191897353053,2.6660581707023705,-1.2461064089575296
-0.014840934767508534,-0.008136286684146002,0.0028552078168365357,0.007418842104233423,0.2915533233168878,2.263720061391402,2.6889196046531763,-1.1709974764950672
-0.014799485251344842,-0.008049698438527481,0.0029965236485605226,0.007376276904108858,0.29857451757860926,2.3709383463947167,2.6357659195945815,-1.2698381074668565
-0.014851151176929799,-0.008161586300526625,0.002815859334873414,0.007433047879160223,0.2897440715927541,2.234086438700619,2.705102108711594,-1.1425559169545074
-0.014867233563896659,-0.008217368833020544,0.0027359124503272946,0.00747269673804776,0.2870490931635541,2.175320441492824,2.745405948677671,-1.081555235972037
-0.014859628186207674,-0.008189283075006205,0.002775733497255366,0.007452227154960544,0.28839289600727863,2.204544806381001,2.7248898259824874,-1.112238059046496
-0.0148984743552787,-0.00822746092978076,0.002689383884084199,0.007435637047702233,0.2821871890594698,2.13200436240832,2.724515222047116,-1.0607735046002615
-0.014918239184738589,-0.008251895903945672,0.002640250014586749,0.0074321224307696415,0.279128230474851,2.0917795821377627,2.728472619576984,-1.029917103770144
-0.014918629814499013,-0.008302782671215684,0.002582266966059892,0.0074870119149569245,0.27922857394226513,2.0525377525804753,2.7755628086022806,-0.9782307524079409
-0.014929149543447907,-0.008277105406771434,0.002600035796309625,0.007442664517600069,0.2772076825806253,2.060858786617421,2.741284725790946,-1.0012388373047771
-0.01493186243039129,-0.00833734773537147,0.0025282250380373717,0.007503022608983175,0.27703785140758064,2.0109512159378404,2.7937076152519924,-0.9387273750446623
-0.014915993602607803,-0.008391959109957731,0.0024805802973786374,0.007586184627225657,0.2799241374538108,1.9829085272334817,2.8594809171751576,-0.8844578359183924
-0.014935272107177442,-0.008369846322963323,0.002486653955971163,0.007531795296533894,0.2769359905572189,1.9809505477970202,2.8193083493812225,-0.9035917840421458
-0.014933026836693083,-0.008419639901912239,0.002429645775175775,0.007587066914609389,0.2774518946666857,1.941411287250826,2.8655340420275652,-0.8503916990904375
-0.014946632908670677,-0.008449424223918976,0.002379725295381233,0.00759502488464914,0.2754112084441474,1.9016112566032513,2.8764118793667266,-0.8148261544785466
-0.014989651177550896,-0.008542018910688549,0.002223660870189182,0.007614039351129225,0.26955865705362786,1.7764827937597836,2.904768038647972,-0.704266609473522
-0.014956573539450107,-0.00848509428175052,0.002326149990034974,0.0076141506573222115,0.27421070360999006,1.8601459550795563,2.8954594406844474,-0.7734004432076695
-0.014975637987929204,-0.008514338686128739,0.002271434628446948,0.007610992061188887,0.2715578632318904,1.8151573402399477,2.8983280057540113,-0.7374831347278207
-0.014772689446029727,-0.007920469100410426,0.003158841444217356,0.007252151527082615,0.3038911261442789,2.478291179820254,2.515811955356142,-1.3957856353824563
-0.014746469450804786,-0.007842168702722847,0.003266141344741687,0.00718663795557535,0.30904965661377665,2.550811646888201,2.4471815176474383,-1.4729515754699474
-0.014765349646608082,-0.007868551804955456,0.003217185464554576,0.007195273881608518,0.30549033897603234,2.5135381927207665,2.4627709770145043,-1.441873640850935
-0.014785434928297522,-0.007891239163104885,0.0031701360193077343,0.007196818260159772,0.30198178598082087,2.4763226057780536,2.4725478387611726,-1.4130766021242545
-0.014705517979641081,-0.0077588256787263915,0.003395066043543334,0.007130119286598369,0.31706941941042494,2.6410661891628746,2.3796603762392934,-1.5592713310297517
-0.014735170298485424,-0.007782290045181966,0.0033346829209913477,0.007122424850790447,0.3116008793623873,2.5914655885131026,2.3860229170209517,-1.5246713891233663
-0.014764419264359207,-0.007805568739871246,0.00327544967895435,0.007114249434849637,0.30635878957511115,2.542622707146951,2.391490570684758,-1.4906695659297031
-0.014722153546688007,-0.007721269014913892,0.0034045254644788233,0.0070574535628018945,0.3145213993998432,2.6318000930622074,2.3234215832800484,-1.575794582210193
-0.01480526503925222,-0.00802084926459596,0.0030188704536435536,0.007332084924164531,0.29783566813080564,2.3809933510966084,2.5992184320400855,-1.2933546751954033
-0.014790957673257797,-0.007945848432381204,0.0031111056430179374,0.007258705771546509,0.30058776160755585,2.4412191797954805,2.5290832650297186,-1.3652394476509244
-0.014804077196758181,-0.007983877903588696,0.003057340292636719,0.007287810964361875,0.2980274672718419,2.403785759852541,2.5598943700435033,-1.3264688777171336
-0.01448486160827057,-0.00720273322756801,0.004102200750815524,0.006576844791093622,0.36547260755326455,3.032659600350461,1.7969857803748266,-2.0021441017379726
-0.014497681885273785,-0.007162128534722024,0.004103476864240741,0.006503011176537247,0.36327321306470645,3.008606948966582,1.7422708363457093,-2.003920317585988
-0.01451423831223405,-0.007265134380061286,0.00402390992545434,0.00664216882169079,0.3590037274102338,2.995309049839403,1.8665107316741913,-1.9592964035577516
-0.014509807953037763,-0.007226959998711381,0.004051570504770228,0.0065890672611772115,0.35978937670539796,2.99869407590471,1.8199612214272556,-1.975416185795649
-0.014551853369207205,-0.007285479219948609,0.003956098446710466,0.0066342189001528966,0.3511975351075727,2.9414920772015987,1.8790258103203497,-1.9236351751792904
-0.0145824780938139,-0.007418854445053498,0.0038286894527685025,0.006798348117702162,0.343774244375945,2.894244329021259,2.0333032330718623,-1.8453042613182462
-0.014594763544567835,-0.0073799269687984045,0.0038358321256286238,0.006727889311421047,0.3419690946611707,2.8790174626493465,1.979291916414145,-1.854110134201123
-0.014586172919193575,-0.007348045570194453,0.003868274321800138,0.006690546959819373,0.3438936402114284,2.892529139033284,1.9434742212475704,-1.8739116039135906
-0.014586776853907586,-0.0073079163323171775,0.0038915793089818146,0.006631213408638822,0.34415022470770035,2.891965435970274,1.8938501365083142,-1.8894036122397238
-0.014449469472138017,-0.007089073410969464,0.004211521664410681,0.006436345852672624,0.3734465287617735,3.065102786193082,1.662755264928615,-2.0588968141050366
-0.01443026476407472,-0.007054512186367139,0.004256244563887725,0.006400303994428177,0.37768373601261424,3.084923523582073,1.6235787524019276,-2.080842073308766
-0.014483804383067417,-0.007088110846140855,0.004159772513541722,0.006404069162146682,0.3669221737328099,3.0155913135316865,1.6545483403832109,-2.0324332908205673
-0.014515737110645424,-0.007114552688111522,0.004099550395165381,0.006414819741778681,0.3595840029802169,2.975162179845651,1.679899585140125,-2.002007904243992
-0.014430827304944934,-0.006994996307395571,0.004280031181637317,0.006308547844027417,0.37766043040495495,3.068248370986161,1.5503672475999932,-2.0902131362584204
-0.014396801500111822,-0.006957235053153112,0.004346832032001633,0.00627852935729047,0.38527583812693694,3.104830990892196,1.5085727546390306,-2.121490642855083
-0.01411398280243517,-0.006451971271269324,0.004898462711696762,0.005668488374005887,0.4399092555718917,3.2176989756424,0.9055611479834014,-2.302031327247596
-0.014174173514185375,-0.006466005012000314,0.004804055815546849,0.005661820312342344,0.4268816254546158,3.1529773890949495,0.9369099412140047,-2.2617941503409797
-0.014214504052747788,-0.006553358668530393,0.004731643127931693,0.005775695872470563,0.4204089711511662,3.158332918618871,1.0364463554736796,-2.249025938124283
-0.014199639885009585,-0.006507571066770795,0.004760407003353493,0.0057130184863288585,0.4213277905940796,3.1484984269409857,0.985497811391223,-2.2518617232282043
-0.014251413474686348,-0.0065789581479204625,0.004670967358204743,0.0057947173352159926,0.41153605291472567,3.126652490978984,1.0704815934221077,-2.225580352565579
-0.014270752459279654,-0.006629011809001011,0.004632558777903283,0.005860340726904014,0.40948832849252625,3.130425829002323,1.127132252791367,-2.217630311333093
-0.014124883820182906,-0.006374820591929194,0.00488613678314135,0.005544449068338785,0.4346619294663279,3.148857473972385,0.8323384534010464,-2.274374575131363
-0.014132787281116128,-0.0063001665649158505,0.004876952437289151,0.005428172395819705,0.4297457005802035,3.085776220708691,0.7653207699867183,-2.247953264670933
-0.013875904225171569,-0.0058930713605856435,0.005227147393989926,0.004895982846178899,0.4609505470614752,3.013235384072886,0.3290094597294066,-2.245422453011452
-0.013741295198102537,-0.005757344630313411,0.005393521919631814,0.004714042738267018,0.47831625653578996,3.001008036738406,0.16666437758616062,-2.244605328094408
-0.013795152415218054,-0.0057984132654769335,0.005325616791501325,0.00476920903022842,0.47003328075479917,2.9961065568371654,0.22303644595968405,-2.2402023346932913
-0.013833733509489892,-0.0058462150594931536,0.005279741425412505,0.00483389714519464,0.4663760644771447,3.007653397275164,0.27496401378245455,-2.2447043712209163
-0.014068995013758988,-0.006203962045060332,0.00497258484641975,0.005307335663344049,0.43921572544991744,3.0840318519163503,0.6573833241957495,-2.2593059901410464
-0.014129568284929388,-0.006232519396817916,0.0048828877236670445,0.005328706453414087,0.42725921465076083,3.041041517199164,0.7046921221330215,-2.230054845566251
-0.013922837910117152,-0.005929237196768142,0.00516489912589941,0.004940645518810429,0.45373606915534465,3.0033223157840667,0.37832913821980013,-2.237216302668294
-0.013916177977065139,-0.006000862945767883,0.005184032749042461,0.005046258265808754,0.4605396331950103,3.0707442445782056,0.42572206797863194,-2.271907812300204
-0.013967519792386971,-0.006113557007665977,0.005119612117132271,0.005201996329831741,0.45686759629311874,3.1171454293861376,0.5377657175018555,-2.288862662535926
-0.013959911464198806,-0.006043658682416552,0.005124428057055269,0.005100029669476624,0.45388883678831704,3.0656279302353764,0.47934079189225665,-2.265129337719391
-0.014051263364842782,-0.006134914698149606,0.004996514983494668,0.00521049572247126,0.43947486570463995,3.0487700077080606,0.5925059121184213,-2.246056561033702
-0.014386303745828402,-0.006915804070721065,0.004377878594700822,0.006223006184606032,0.38702212410420334,3.1056097741544373,1.4593122210552105,-2.133789685637875
-0.014359254441552366,-0.006871635265775013,0.004434462448114209,0.0061755088161041406,0.3929913569693006,3.126994019725857,1.40810285076369,-2.1579171699517024
-0.014350146429915953,-0.006818619276807077,0.0044648031175199285,0.0061002692349709856,0.3942816511329375,3.117689726729988,1.3460117994950538,-2.166562243607069
-0.014346237692724736,-0.006773811070587856,0.00448343637510181,0.006034133396919112,0.39472080004603444,3.1035078572641885,1.294442107947148,-2.16954381866114
-0.014336418141659714,-0.00672718355027262,0.004510540941224613,0.005969452400792098,0.39627612700353504,3.0949879899999058,1.2415251055032146,-2.175663377621994
-0.014310383514255884,-0.00667793759908095,0.004561826846978105,0.0059110953704507125,0.40080893890820585,3.104746233396741,1.1853212422048307,-2.1923086114526242
-0.009416679385148178,-0.014994665551318816,-0.008219010082731688,-9.598750612848146E-4,0.27476954894952516,1.9915930409453055,-3.0955358749039035,-0.752708249859749
-0.009354109585091051,-0.014986302283734099,-0.00820753421841753,-0.0010631310357790934,0.2743924308305407,2.0728659620688012,-3.063616813283268,-0.8310240690144873
-0.009369649225346718,-0.0149883469084749,-0.008210718519063992,-0.0010375283108168302,0.2744741691740526,2.0528875519775873,-3.0718560313349106,-0.8116802294008281
-0.009385226827783736,-0.014990451371984176,-0.008213623555105435,-0.0010118186960903826,0.27452955378639926,2.0326711649501275,-3.0798730167020847,-0.7921995818129131
-0.009400898334321546,-0.014992577942133142,-0.008216346158263358,-9.8593344855183E-4,0.2746200931320307,2.012216045497944,-3.0877412565896116,-0.7725386646180353
-0.009265377674236677,-0.014989666357321409,-0.008156605428431276,-0.0012008379367014772,0.26822286331166373,2.162962071724394,-2.9964452423690813,-0.9338895917223394
-0.009281442125708117,-0.014992036119032201,-0.008160405179854153,-0.0011745691787123983,0.2684887925492739,2.1427883793084668,-3.0056192032153946,-0.91432499829335
-0.009297498870277992,-0.014993903605160756,-0.0081649927423409,-0.0011485394654848196,0.2688727851884869,2.1232235043125893,-3.015161378287345,-0.8949107091288494
-0.009313294231510333,-0.014995685277099541,-0.008169430807679746,-0.001122924536452771,0.269247629181375,2.103928057390213,-3.024435387385164,-0.8757581111765215
-0.009328895005197567,-0.014997642853866596,-0.00817324842771974,-0.0010974948293899919,0.2695141001252466,2.0844689938151917,-3.0331959357022806,-0.8566922606267414
-0.009344399315484444,-0.014999561309808685,-0.00817691935978672,-0.0010722071269576845,0.26976410190236927,2.0650606278850083,-3.0417537622574717,-0.8376967978005939
-0.009432535236710718,-0.01499660694235906,-0.008221809645855935,-9.337415218018883E-4,0.2749836563318135,1.970993852577454,-3.1033550411075166,-0.7327978852392985
-0.009448387833156253,-0.014998336335676023,-0.008224841972239395,-9.076792004125059E-4,0.2752230873541159,1.9505927590436603,-3.111226419404987,-0.7129256908903853
-0.009464173117692121,-0.014999881461389607,-0.008228028263616986,-8.817735160028692E-4,0.2754030252179152,1.930414747662214,-3.1190826024831106,-0.6931507508312963
-0.009479880069882657,-0.01500136268557595,-0.008231128669086337,-8.55992870530244E-4,0.27544852763002686,1.9102993082511464,-3.126783033718412,-0.6734302528819408
-0.009495546887754764,-0.01500293078930487,-0.008233861396213965,-8.3022249127892E-4,0.27537977261058405,1.8900009880276671,-3.134175601762997,-0.6536616893793407
-0.008737154073399742,-0.014933373170533648,-0.007889010736311425,-0.0020191578008028847,0.23524318257715357,2.7046521213052412,-2.5798150924920713,-1.507483889841387
-0.009218832713128889,-0.014981672664865284,-0.008146718712958363,-0.001277422252400709,0.2676141159180119,2.222407312270573,-2.969998471448068,-0.990716113779636
-0.009234092760657132,-0.01498424536472097,-0.008150230843583762,-0.0012523593958413705,0.26785722445325777,2.2030987865459086,-2.9789056348530605,-0.9721673945029926
-0.009249588741818233,-0.014986952261293164,-0.008153436531007398,-0.0012268365369344444,0.2680634943555507,2.1832429457877716,-2.9876644968955386,-0.9532287760364079
-0.009208965607846849,-0.01499471771238217,-0.008115899384560176,-0.0012852597123342812,0.2633555208198339,2.2128853389273377,-2.9484337778700653,-0.9955108910814982
-0.00919383115086588,-0.014993369470270438,-0.008109853984713084,-0.0013092275338664886,0.26272536042640066,2.2298975251849957,-2.9381534054118252,-1.0130604977669255
-0.009178003699309193,-0.014991830581462695,-0.008103607015956487,-0.0013343133402901766,0.2620745351435765,2.247729925745977,-2.927379094337382,-1.0313779811405281
-0.00916179775556345,-0.01498984929769915,-0.008097806508047827,-0.0013601842846891544,0.2614866556550854,2.2664471053599478,-2.9165999026281777,-1.0502422514155023
-0.00912906001744571,-0.014983697037861237,-0.008089630493460898,-0.0014136267940012858,0.2607594347450297,2.307077861377819,-2.896480339073818,-1.089203352779438
-0.00914519925262949,-0.014987397925641369,-0.00809247987005267,-0.0013868879534201164,0.2609431777334268,2.286101331610803,-2.9058107473183217,-1.0696850012000938
-0.008902505243884027,-0.01495446125636351,-0.007986730349131194,-0.0017690210402887708,0.2484129439836901,2.5502077078395673,-2.7244212010846987,-1.3401567469925946
-0.008886238073680315,-0.014952249198149256,-0.007978180570004304,-0.0017941160694276619,0.24730046342031084,2.5665146123691707,-2.710966064305055,-1.3573416899784638
-0.008869495472903654,-0.01494936944712289,-0.007970304010263246,-0.0018203428618438105,0.24628248875854528,2.584117396417486,-2.69747938559351,-1.3753147081095243
-0.008807855965848233,-0.014932368774855978,-0.007951292771507973,-0.0019216353367625678,0.24388190512590316,2.658236779879624,-2.6516591541095114,-1.4450061423208809
-0.008823709505749766,-0.01493472066413317,-0.007960158145127292,-0.001897296227985263,0.24504732232272688,2.6428402278180205,-2.665398244008492,-1.4286722958998428
-0.008837830315443848,-0.014935460385783052,-0.00797039958005998,-0.0018766587991038415,0.2464640771621888,2.6312775464467646,-2.6786613194661077,-1.414979541225232
-0.008850942797734764,-0.01494533025781111,-0.007962903745710341,-0.0018500091085754179,0.24532271487407395,2.6048286513449503,-2.683063072121542,-1.395674765408595
-0.008758588204445856,-0.014935276004366014,-0.007904194974584786,-0.001987957844416646,0.23737824670036375,2.687234286347549,-2.600009843486045,-1.4872648174772876
-0.008778883095355561,-0.014943390894354548,-0.007906884433335003,-0.0019528918843676748,0.2376640270657794,2.6596234962340817,-2.6138764195440882,-1.463213684892701
-0.008796187265329837,-0.014947434699573275,-0.007914125207687377,-0.0019254038531819507,0.2386779800744927,2.640787085538943,-2.6277659167800596,-1.4446968992056293
-0.009097665176157945,-0.014977270940646126,-0.00808205460656382,-0.00146510475829381,0.26007895013104404,2.346394891791571,-2.876977888026222,-1.1265905232195246
-0.009113291406729528,-0.014980427375124028,-0.00808599823895355,-0.0014395208805821661,0.260449381070925,2.326968854356096,-2.8868143522409664,-1.108055153902516
-0.009067394680117705,-0.014970218006244084,-0.008075686311776313,-0.0015152157612047098,0.25955673921975636,2.385184121679362,-2.8583254730402072,-1.1628580728050613
-0.009082040665151276,-0.014974084846604554,-0.008077988907971055,-0.0014906810712466056,0.25968640863520503,2.3657786912629244,-2.8669823124088576,-1.1450984207537458
-0.009056037897603272,-0.014981062210455157,-0.008047540123913073,-0.0015249477257244402,0.2557082351634014,2.3783864056399633,-2.8379169579359997,-1.1685421276941037
-0.009041979839627921,-0.0149811443109025,-0.008037924552099668,-0.0015457749990172504,0.25448986754170017,2.390732017467572,-2.8257503992213864,-1.1831377259789375
-0.008992435522466233,-0.01497109207629555,-0.008022429296087603,-0.0016258655446556541,0.25279457480329726,2.4496079046208785,-2.7918159283586212,-1.2400992136597964
-0.009024793739603599,-0.014980999833157078,-0.008026462513138507,-0.0015712928203768658,0.2530732745146511,2.4060089876627235,-2.8109874975843607,-1.2009698496451762
-0.009006059918596768,-0.01497970135259331,-0.0080158970829846,-0.0015997782569725399,0.25170824157141847,2.4242370761449368,-2.795801974733134,-1.2209369036036757
-0.008961855814339672,-0.014963781509128568,-0.008014038028498817,-0.001675929059535806,0.25189758106371485,2.4870617507266286,-2.7710245540736222,-1.2755460858107495
-0.008976278786799902,-0.014972009219787849,-0.008009139679627514,-0.0016488798200477806,0.2510066297042965,2.461746725101786,-2.776474353771578,-1.2558583799091056
-0.008945068000233695,-0.014964525315798855,-0.00800026684326609,-0.0016998339763154861,0.2500112799794651,2.4996454109419157,-2.7549887277337937,-1.2917972403726632
-0.008925999782167621,-0.014970406721738995,-0.0079750994950335,-0.0017230283457650242,0.2466961934218808,2.5054442367033727,-2.732164116164899,-1.3066973834366165
-0.00890872170006758,-0.014971623198756773,-0.007959779336130207,-0.001746934307476628,0.24462907875129822,2.5171006462082546,-2.7150961611830664,-1.322649687558781
-0.009686089839949744,-0.014990136311907444,-0.008316749243811808,-5.232005125113639E-4,0.28477528097716703,1.6707391753720262,-3.2500520636588224,-0.41271764353271817
-0.009701765314618097,-0.014991097682117146,-0.008318349981382757,-4.971008875206044E-4,0.2831692975361655,1.6496112311937923,-3.2558187876105955,-0.3923269051449186
-0.00969302217501526,-0.015004565104518412,-0.008288908670282978,-5.084624943118656E-4,0.27716814147702534,1.6493823483658276,-3.233944979654438,-0.406017032818868
-0.009623420217022647,-0.01498579859872546,-0.008309522662360078,-6.276063484977355E-4,0.28670727318061123,1.7546859372520263,-3.2255652744195107,-0.4941110749245241
-0.009614554796419096,-0.014999106064934875,-0.00827991555186429,-6.384395486672771E-4,0.2768059398559713,1.753719627247001,-3.203490945408362,-0.5076611187496852
-0.009670417450053835,-0.014989125709257183,-0.008315065906689545,-5.493033750416923E-4,0.285687805216479,1.6917832571382823,-3.244127406310693,-0.43309300164863523
-0.00967731274073741,-0.015003554292737814,-0.008287305026056966,-5.344879351951307E-4,0.2769694065022646,1.670315580195407,-3.2281208885219725,-0.42640484243616333
-0.009639082495257915,-0.014986956843082835,-0.008311450978195845,-6.015297424522976E-4,0.2853147562691358,1.733775961515868,-3.231867154418626,-0.47383208661640525
-0.009630214892190665,-0.015000266856174399,-0.008281927582628468,-6.125033129425975E-4,0.2771205300657769,1.7329503764350953,-3.2098701414487123,-0.487403726636471
-0.009654748287466776,-0.014988065883184873,-0.008313299090271696,-5.754237128318806E-4,0.2852072567248547,1.7127946145623785,-3.238054992706097,-0.4534893719885169
-0.009645893088597625,-0.015001415973922466,-0.008283789675220912,-5.865300942799345E-4,0.2772433518608459,1.7121165420030386,-3.2160714545022775,-0.4671246745474144
-0.00966159803948388,-0.015002516883807009,-0.008285573614621384,-5.605156587612141E-4,0.2770504050961056,1.6912274085736179,-3.2221462283552484,-0.44679127409933145
-0.0095112449835678,-0.015004603728527008,-0.008236217341742772,-8.043473256268634E-4,0.27531531320383423,1.869425559292237,-3.14127641803271,-0.6337627690084212
-0.009527007174474968,-0.015006267937808281,-0.008238431760889705,-7.783586390107418E-4,0.27532426768718304,1.8486966823449027,-3.1482350344458427,-0.6137426883145816
-0.009542801058595576,-0.01500783029916985,-0.008240676683122465,-7.523399654851905E-4,0.27538149759582287,1.8279767503226492,-3.155143284240005,-0.5936740840397418
-0.009558585076831346,-0.015009266202503068,-0.00824298682574276,-7.263635475431286E-4,0.27544728756698184,1.8073438630995387,-3.162008911167938,-0.5736144643028932
-0.009574338640446751,-0.015010574343689659,-0.008245359223912584,-7.004598866662231E-4,0.2755082100586645,1.786821201933346,-3.168824225654347,-0.5535887899779747
-0.009590048933320753,-0.01501175429200004,-0.008247792437498064,-6.746469468455876E-4,0.2755470108409827,1.7664207172976585,-3.1755857420048232,-0.5336105656208127
-0.009605704447497818,-0.015012830506551918,-0.008250236132000927,-6.489339518576178E-4,0.2755207858245352,1.7461197579302323,-3.182261670460352,-0.5136812987927665
-0.008135617616310029,-0.01479923144169526,-0.007481285043059891,-0.0029056436388274778,0.1716633961632747,3.1835221291166476,-1.9814258310899124,-2.029395702542358
-0.008050930929398473,-0.014770702661139152,-0.0074201853708650905,-0.003030856705248138,0.16103294202944748,3.243442399761365,-1.889027504074683,-2.0933060787395834
-0.008064262405430962,-0.014789759545017912,-0.007408293216085621,-0.0029932323251665315,0.16008809599713877,3.2072346438698576,-1.9004058551894651,-2.0691436618458114
-0.00808796489123508,-0.014795425665416773,-0.00742899808483001,-0.0029613559990203913,0.16365200615390665,3.19519660509558,-1.926715319455978,-2.0539090772693025
-0.008114728993500239,-0.014800467451993355,-0.007454055147699273,-0.0029266913546139406,0.16757633825389318,3.183482807060471,-1.9566221760542248,-2.0375322552091535
-0.008022856075503137,-0.014768530672093888,-0.0073880868216119515,-0.0030625550199520142,0.15600474624338997,3.2481674012986326,-1.856426359143694,-2.10611322856303
-0.007988880307685136,-0.014727301277479893,-0.007405352841481432,-0.0031499342971656667,0.1563822506917704,3.3256955510879846,-1.8232466037721158,-2.1597474972663657
-0.007961485869755517,-0.014719176686142268,-0.007381490866206596,-0.0031880176260879038,0.15222891521,3.339855577770099,-1.7915525418267755,-2.1770497444723866
-0.007941699951359559,-0.014730403787229979,-0.007339337388883571,-0.003192857144891889,0.14653702637717536,3.317387194160447,-1.7664899723091358,-2.1719159629703126
-0.007921232481763683,-0.014726222284459712,-0.007318482246993413,-0.003218268564327577,0.1429967108836457,3.3236206753916124,-1.7427131012554795,-2.182282436950318
-0.007994482462286656,-0.01476031625139716,-0.0073641498551536904,-0.003101778076806248,0.1519419799783992,3.263448115680086,-1.8245181965616932,-2.1244762924465808
-0.007893432568116717,-0.014727609067675989,-0.007279874185109169,-0.003243065893695479,0.13733521081588426,3.3181908299882577,-1.7098351229945563,-2.188641352408283
-0.007861681119371165,-0.014719313154212741,-0.007249341508024834,-0.0032839003090886954,0.13236412185337534,3.329664490991458,-1.6732205798234971,-2.2052437465060977
-0.007816009468969489,-0.014697169256841218,-0.007218411674209655,-0.003355534644388008,0.12628297501324715,3.3633318681718527,-1.6205174877277602,-2.2381315223954457
-0.007835054160969725,-0.014715845704909664,-0.00721853570996509,-0.003313062281775059,0.12719518396426865,3.3320587380230764,-1.6423187993244845,-2.2150093764451313
-0.007789943679044018,-0.01470667456440557,-0.007170219644736299,-0.003365965906910011,0.11978843193613493,3.3408916508901756,-1.590235649057746,-2.233778835848697
-0.007763533733888852,-0.014697744805669358,-0.007146265256591562,-0.0034012747242946188,0.1155978316439248,3.3516677156532295,-1.5596708659004774,-2.2476783851933786
-0.007731804470925829,-0.014687936181012539,-0.007115738284335253,-0.003441996006452924,0.11033527476882245,3.362049566590789,-1.5228940972357154,-2.2627244881677355
-0.007705480850962829,-0.014675645363592466,-0.007095378965299779,-0.0034811341006101616,0.10654384735075342,3.3774532042668794,-1.4921102773367236,-2.2787787973911486
-0.007583655372473057,-0.014611748657121866,-0.007003444243615692,-0.0036688314618562048,0.08824797205087825,3.452117685134549,-1.345309596309095,-2.353552862804314
-0.007607996894958256,-0.014626036563238132,-0.007020820284577607,-0.003629596614434398,0.09196829237071312,3.435682108330909,-1.3753082570726798,-2.3380159835864656
-0.0076727268606054085,-0.014676862014382733,-0.0070483255120221055,-0.0035064284458738238,0.0997323054500553,3.3659915663923132,-1.454935053651641,-2.2816074806615685
-0.007638241054918502,-0.014655272170235592,-0.007027326380303203,-0.0035643498369989234,0.09493420452722356,3.3938378822880035,-1.4137055404573002,-2.3065297011939485
-0.007555038812231909,-0.014621691616028032,-0.0069501501268752494,-0.0036760041356515903,0.08134643306312377,3.422951839879373,-1.3152826626665197,-2.344405057629807
-0.00752223525150623,-0.01462609728922204,-0.006897756123055698,-0.0036936610430433896,0.07425087720670188,3.401783012532795,-1.2802913480275058,-2.3404290132802577
-0.007486677961939276,-0.014625693752552018,-0.0068471241423468205,-0.0037194770501864176,0.06713977075061395,3.38733921039467,-1.241960121102071,-2.3405576001317954
-0.007448418668309319,-0.014621161814360748,-0.00679721486461925,-0.003752278966244167,0.059989223478507096,3.377959285391458,-1.2003653236856,-2.3438449266890706
-0.008506740601593973,-0.014895180277432252,-0.007738618084163506,-0.0023601939474518292,0.21326957709897298,2.8998844105036423,-2.36218231346188,-1.7220053298101947
-0.008384179365837132,-0.01486819962081837,-0.007655979107150608,-0.002540591615198193,0.20052466443929579,2.997980272435968,-2.240742283033036,-1.828769308261617
-0.00822967901984859,-0.014810608915304155,-0.007575541622884842,-0.002787335235733107,0.18637423396125577,3.147379458511909,-2.0879640385392864,-1.972360327200964
-0.008155604195276682,-0.014808932574943506,-0.007490404233055539,-0.002872174476719822,0.17335962697383686,3.1629127897368012,-2.0018622925409897,-2.010766225296361
-0.00818101753235535,-0.014811337202808845,-0.0075169948089555474,-0.00284126987479376,0.1774953225890659,3.154712873526267,-2.0307602462364436,-1.996316557837751
-0.008206624264962055,-0.014811477147247053,-0.007547078207720245,-0.0028124568265849837,0.1821649349321942,3.150130673920993,-2.060665881803725,-1.9834289487244605
-0.008366233130142465,-0.014867173717079999,-0.0076382568657411025,-0.0025633769862872147,0.19774722721629837,3.0059440900543883,-2.2210045389350452,-1.840979119905412
-0.008344395675124983,-0.014861417178289609,-0.007623839492023859,-0.002595804023104925,0.19550575958130953,3.0234627837654204,-2.1990486753445206,-1.8596035972938922
-0.00832300293488469,-0.014853588268425706,-0.007612965063297464,-0.002629843417663275,0.1935816503000918,3.04427205616993,-2.1783054557445714,-1.8795998250583075
-0.00825013225836065,-0.014830134940944043,-0.007568234585875766,-0.002741254995165222,0.18603119938010007,3.1064780209734644,-2.104398217648266,-1.9427889829234348
-0.008300729442838918,-0.014846652850925247,-0.0075993176988994665,-0.0026638040144094806,0.1913684376564364,3.063322250886,-2.1558786907784797,-1.8990362540970935
-0.008277176289555932,-0.014839550281765599,-0.007584133778018203,-0.0026992882422367166,0.1887803910794236,3.082575518262695,-2.131839545853399,-1.9190274446454723
-0.008398725974241794,-0.014877101656815779,-0.00765685256796047,-0.0025133786421583895,0.2008045395637886,2.976624236884589,-2.252576511455391,-1.8114656646961393
-0.008414277340412888,-0.014883490372164293,-0.007662770433409638,-0.0024876173150467345,0.20191116450667512,2.9593396489067705,-2.2666193469287284,-1.7956914798472237
-0.008431326139610517,-0.014886514622832952,-0.007675672456291252,-0.0024635020762656997,0.20384067840719686,2.947369291088411,-2.2839546624392004,-1.7817793420956274
-0.0084481069429757,-0.014886169696576593,-0.007693766065678691,-0.0024431012610715112,0.20655797157924344,2.941325931367437,-2.3027603401940464,-1.7707941430925191
-0.008485664539071054,-0.014895317921940661,-0.007717016586750986,-0.002386717761555931,0.21011894328539274,2.9090452553998074,-2.339011687651754,-1.7368794739996753
-0.008462754538548896,-0.014894330285054429,-0.007695217008715769,-0.0024164374010877785,0.20682208765512725,2.920611902060834,-2.314404200114381,-1.7536607285056982
-0.008724121352583098,-0.01495111530836925,-0.007845917330173558,-0.0020214533047709787,0.22918604244278482,2.68268378594604,-2.5530252118665184,-1.5053892259883364
-0.008706435704157764,-0.014945584645246862,-0.00784018917741675,-0.002050280386678215,0.22835272971730983,2.7032783219461436,-2.5393108437294063,-1.5246053719902781
-0.008692796705731962,-0.01493814721838298,-0.00784123171986409,-0.002075318950330789,0.2285726938544105,2.724482151705669,-2.530912850259494,-1.5417819633784116
-0.008676202018996519,-0.014938766437016844,-0.007825203070969062,-0.0020970749067397263,0.22622427863546316,2.7334815875777916,-2.513424813639713,-1.5551308754068571
-0.008655061549191925,-0.014932506580733314,-0.007816962694428138,-0.002131031335539206,0.2250701220739841,2.7567805739311844,-2.4961020960898916,-1.5773560611617443
-0.008520296717174781,-0.014914748274163324,-0.007718871578079635,-0.0023233917490407476,0.21078017563361934,2.8586991329590026,-2.3651005011772956,-1.695559030305043
-0.00853975738534269,-0.014915802645397089,-0.007736294230174553,-0.0022975462779617835,0.21339102676671792,2.8475522695879163,-2.3853838721425573,-1.6804256772144825
-0.008553943502369507,-0.014924808482684208,-0.007734744722315457,-0.0022705750402179513,0.2131902673827811,2.824764358941873,-2.394908792473488,-1.662423465232041
-0.00863102596536345,-0.014936820891857872,-0.00778722278314358,-0.002158904618658315,0.22091392908891236,2.763054925566682,-2.468119986433349,-1.5932735214028824
-0.00861016184251033,-0.014937446070497452,-0.0077666647259498805,-0.0021857047655224914,0.21797175469610638,2.7734916306248234,-2.445938650063009,-1.6092190081845825
-0.008590625222062446,-0.014935085857068825,-0.007752310583886374,-0.0022133729554006235,0.21590725593195845,2.7880457118655735,-2.4270498269134175,-1.6262521106450103
-0.008571983520414855,-0.014930928235695447,-0.007741674996335207,-0.0022414562711639587,0.21437534034200953,2.8049742882399378,-2.410125884594717,-1.6438510144382887
-0.0070854835223175,-0.014440173519561167,-0.006438317144947116,-0.0042268314799140646,-0.003940132139609146,3.4491550871840544,-0.7682043667623604,-2.4526837403153654
-0.007110151668137459,-0.014466762762532615,-0.006452037722896734,-0.0041748818370402705,2.1885583206632638E-4,3.4268618502725667,-0.8048757015242153,-2.4359342867902893
-0.007407153781871396,-0.014613516825624076,-0.006746148824438841,-0.0037906509202731875,0.052254109588639124,3.3712894808167206,-1.1553007625932825,-2.3490060824989176
-0.007332301608379121,-0.01457302723796961,-0.006680590760159712,-0.003896672005975519,0.039969968320504264,3.399157847752591,-1.0658748149121715,-2.380522566333754
-0.007296495183954758,-0.014569411449734882,-0.00663162838479059,-0.003923251086292517,0.03309065672153124,3.385365909763719,-1.0288172002857954,-2.379465194130248
-0.007359753791300446,-0.0146049485360277,-0.0066867297791888885,-0.003833188865958469,0.043459913672058134,3.361925996914689,-1.1043726316012608,-2.3534210679413614
-0.007260429988521708,-0.01455937711599884,-0.006588668769828437,-0.003958644743341678,0.026968095399188183,3.3806297833499612,-0.9895947384222431,-2.383458419737197
-0.007223649167655089,-0.01454560966312995,-0.006547900386603069,-0.003999282548900974,0.019826982109382996,3.3803429912099365,-0.9485415699518803,-2.389905653829846
-0.0071966050829343755,-0.014522586772977878,-0.0065301146292934195,-0.004047891353721459,0.01594326270309943,3.399297956277929,-0.9128179618554398,-2.405625880746338
-0.007160562849123613,-0.014517049647581505,-0.006481463771206271,-0.004074581636319283,0.008876720382124177,3.3846251105232708,-0.8763077254468667,-2.4032213778536
-0.0071185628367934515,-0.014506597038586462,-0.006428300529529221,-0.00411067944761518,0.0016363569590472481,3.3725735529983614,-0.8328095548376796,-2.402880345546778
-0.005761687211836481,-0.0136440952217853,-0.004721612298317356,-0.005533399419109347,-0.22192664875682236,2.9176480874057162,0.5719277739834673,-2.1864423529351744
-0.005679853912666597,-0.0136298126943171,-0.004603840819496605,-0.00553083840228951,-0.2251854439986193,2.842167488579886,0.590347142038622,-2.1405851256824544
-0.0055885410230830344,-0.013607161816416356,-0.004474790137209861,-0.005535693741335057,-0.22811950980321208,2.76312890467031,0.6144771214080976,-2.091499540031895
-0.0060258499074713825,-0.013904047092211026,-0.005084557247868031,-0.005204090499352426,-0.18106537715019047,3.043306282203636,0.2812570233201095,-2.277290849025046
-0.005963327365678009,-0.013854078185974348,-0.005000765150565416,-0.0052692159463233875,-0.19040230323591775,3.012747484139775,0.34223726979289554,-2.2571977994800787
-0.005889722877797519,-0.013820451239507838,-0.004897322336704979,-0.0053059535597334735,-0.19767035208932507,2.9596113582956,0.3882233184742651,-2.224149564316623
-0.005785208480350246,-0.013716172624065154,-0.004753981060981798,-0.005435084432707582,-0.21319600115670626,2.9093363596239814,0.5006377419684748,-2.187426745051601
-0.005829226822733972,-0.013774721005295795,-0.00481402302819544,-0.005360431381144966,-0.20536270151715377,2.924182508285629,0.4405540392095702,-2.2004381831754762
-0.0048600301038575254,-0.012892628489899178,-0.003349492573435018,-0.0061282230635377665,-0.26034197495845146,2.1816295750314403,1.1196301162655564,-1.6534235149964964
-0.004918741759026437,-0.012935843660235528,-0.00343701291577818,-0.006110046594177688,-0.2623205361966953,2.232659793173869,1.102746054965406,-1.6905335940553792
-0.004980990610743458,-0.012973327084291214,-0.0035268104173257495,-0.006099120266270776,-0.26408841238341174,2.286224176829543,1.0899936642722359,-1.7278100047480334
-0.005010935682954409,-0.013059142608890913,-0.003597409195421192,-0.006011801556955096,-0.26071097450647424,2.319169866570356,1.0265051040336084,-1.7606536178314731
-0.005083721998134932,-0.013139054438460059,-0.0037152677694639725,-0.005950244185619124,-0.25862594408329515,2.3825000398776104,0.9768526739294309,-1.8096037632019957
-0.005155710123340993,-0.013211979164996182,-0.003828363177383626,-0.005893191299901617,-0.256565252898791,2.4421436659567513,0.9291295798162125,-1.8551569697017807
-0.005189441302263821,-0.013298505768206353,-0.003895098150658646,-0.00579893476141322,-0.2512590868842092,2.467067022338814,0.8607463749602656,-1.8809456390586412
-0.005215181450499094,-0.0133642019122522,-0.003943603021170735,-0.005726251596570327,-0.24717992049800097,2.4836175713714583,0.8084199926524928,-1.8985201369613485
-0.005274269842124188,-0.013398740217055838,-0.004026707032609177,-0.005705331050976564,-0.24518713093968605,2.52942612796403,0.7857067060244912,-1.9300370191153775
-0.005481009631207129,-0.013524278149227527,-0.0043203224101577625,-0.005614762295608485,-0.23704051194908235,2.6875160957368416,0.6891592490148478,-2.0385109096445686
-0.005501916236320914,-0.013603882093681786,-0.004355990933387711,-0.0055137595787501485,-0.22950840708277134,2.6850370113769455,0.6191899761353169,-2.044432900599333
-0.005406059919712671,-0.013489687937922776,-0.004215153652433798,-0.005635222672713131,-0.23970399841499487,2.628120974314088,0.7170956125042008,-1.999365511752952
-0.005339081918357725,-0.013444360964654062,-0.0041195123894662644,-0.0056707769585631835,-0.24311493223920613,2.578136276014442,0.7524206295393602,-1.9644614513443084
-0.007043578572473716,-0.014455348060190977,-0.006360805686635132,-0.004221915327690347,-0.01185521704947271,3.395798842673153,-0.7393855986443962,-2.4276946757538904
-0.007007516882084045,-0.014460799444401849,-0.006301427379678618,-0.004228745250240762,-0.0181233792733409,3.3619651779440085,-0.7112657980173263,-2.412852085183479
-0.00697575594613201,-0.014447922775273795,-0.0062641323235601435,-0.004260905760831651,-0.02400856098230694,3.356710989901035,-0.677236934193069,-2.414032539055033
-0.006916046825687499,-0.014394653290319942,-0.006215922632374007,-0.004364301675918229,-0.03476081920044483,3.384212263977051,-0.596140175469907,-2.4376824436670117
-0.006929297345327858,-0.014444334602527585,-0.006196784056965685,-0.004283897141155302,-0.03207404507831354,3.32688321045261,-0.6370905150899707,-2.4023922228756613
-0.006544725960169775,-0.014189096338524823,-0.005774881212111592,-0.004771355339290825,-0.10192624262360143,3.308811071318732,-0.18708444518644082,-2.425069043111456
-0.006867480540984565,-0.014376701689897312,-0.006155041023029154,-0.00440823425748237,-0.04394712195674952,3.3691812371273255,-0.5461116833618477,-2.434474353937335
-0.006826872324270801,-0.014349359654760783,-0.00611262974523133,-0.0044628539677658285,-0.051138724673258605,3.371625504903149,-0.4970066325794911,-2.440081144152306
-0.0067809714162931954,-0.014346831056169119,-0.006043749860223664,-0.004479795166207077,-0.05868677784658414,3.3361779445969346,-0.46105530826923674,-2.424032395335454
-0.0066199395058074454,-0.014251672895901492,-0.005856605761419352,-0.004662781560259745,-0.08738056813997643,3.3091419666277404,-0.28235220093902824,-2.4210818358792
-0.006577132633406949,-0.014230286139815494,-0.005802672859172451,-0.00470297548805607,-0.09536806159825441,3.293913652023512,-0.23930129967051547,-2.414916764987621
-0.006727548317169242,-0.0143345877876046,-0.005970237329083139,-0.004512443735861086,-0.06756162102627615,3.3060806422453983,-0.41465988496749157,-2.411257548920896
-0.006675755421830766,-0.014316424255656338,-0.005902872021063296,-0.004552275900374154,-0.07605200274686008,3.2834936451014016,-0.36664282519315267,-2.4022871988507686
-0.006632766541040089,-0.01429541274768841,-0.0058502302504840455,-0.004593268332585859,-0.08372823057304946,3.2706344262091465,-0.32343900421293953,-2.3978376726543544
-0.006086315399157061,-0.014005047055099773,-0.005150628502110527,-0.005060597329621267,-0.1664202297706722,3.0328329127876246,0.17343768312865884,-2.2744997501619335
-0.0060217837803339894,-0.013977967072041688,-0.00506263813653047,-0.005094695286845943,-0.17377276706458591,2.9905450115874026,0.21610951545876245,-2.249290057848526
-0.006341674404642192,-0.014126799428751882,-0.005492058931990841,-0.004883647419233237,-0.1316989930489837,3.1768784010854056,-0.0294465291809911,-2.3565641980634418
-0.006300562843444339,-0.014095124612227412,-0.005442216314577058,-0.0049327650302730735,-0.13921288745034233,3.166147343859554,0.015538082959717881,-2.350842967570284
-0.006240289081640416,-0.014093859387795664,-0.005351913043097185,-0.00493482487935988,-0.14505780249188072,3.109590341828533,0.04196954500646944,-2.3193838792961015
-0.006099813285096286,-0.014072648162005319,-0.005151625515645735,-0.004962448348982122,-0.15907836147367158,2.996410774761182,0.11166967403919138,-2.254752225899249
-0.006172192995985406,-0.014085357127945548,-0.00525366441614487,-0.004946470956054476,-0.15222524004520802,3.0530483552806182,0.07547292864363049,-2.287354883607929
-0.0064926064877422265,-0.014192628351307957,-0.005692468466154641,-0.004772046970689128,-0.10845046626760517,3.2553258415692645,-0.16076718636937562,-2.396814882807721
-0.006430409978273642,-0.014183756054198113,-0.00560168095143778,-0.004791694081561792,-0.11730414063070083,3.2059188761558906,-0.12009963284362246,-2.370957171254728
-0.006351795037132786,-0.014188136515641046,-0.0054812924869239825,-0.004790801115210908,-0.12567211757923638,3.129873691565876,-0.0844823893013835,-2.3295587122090597
-0.013386489811432157,-0.005469764889794208,0.005799971797575013,0.004285502478762832,0.517609147021833,2.950195523274628,-0.2137551593439794,-2.2126218490199956
-0.01355598674727604,-0.005623526301655116,0.005619342015923556,0.004521624828533903,0.5024231084139048,3.005440822988756,-0.02584450887179886,-2.2484442934444604
-0.013518477015512436,-0.005583027816865295,0.005658711853137528,0.004461442392341073,0.5054401332025773,2.9889057561080774,-0.07093359984012038,-2.2385332753489333
-0.013458898460245004,-0.005500698621243765,0.00571230392802077,0.0043399340453609365,0.5066794696802045,2.9409785424728097,-0.1483068882563721,-2.2098322134705697
-0.013509396356131473,-0.005535480303203562,0.005655059419131969,0.004394314871116107,0.501111706087511,2.9459453102015978,-0.09815394167260583,-2.2138661688110317
-0.013613516164593926,-0.005612919345186101,0.005535327504597634,0.0045101243578357965,0.48947939638377724,2.955674203765199,0.008313020405776748,-2.220754778979859
-0.013669391622525562,-0.0056454740914081555,0.005466623589587434,0.004557330722521676,0.4812033949685331,2.9484425958286735,0.061194070409483194,-2.216821981071593
-0.013738316609937351,-0.005677526875583808,0.005378779328379096,0.004601601285719289,0.46991545379891747,2.9293752582241557,0.121084034367396,-2.205463370774947
-0.013381354351895672,-0.005384014684734951,0.005772761351022246,0.004168362135755049,0.5053953062122511,2.864439783924166,-0.24562710065071788,-2.162749633531348
-0.013184999429115921,-0.00523632127545042,0.005966280193995446,0.003923714620441491,0.5182737904663139,2.7981121818855423,-0.43241598240891305,-2.112758142809343
-0.013149893982283396,-0.005157925190924552,0.005973585428232501,0.003812286824598277,0.5104864149515492,2.731291872169384,-0.4731437111426136,-2.070352826131995
-0.013276613614081794,-0.005259281010683824,0.005858341716765096,0.003979919497277219,0.5051267125734721,2.7864100935538043,-0.35727256962199755,-2.111712899850696
-0.013370378694876584,-0.005291104848505608,0.005750058805198583,0.00404366677039171,0.4934536374597119,2.777832725264632,-0.2804933243936953,-2.1113588541730723
-0.013120041164135647,-0.005088232005302996,0.0059771221251041775,0.003715042753924958,0.5035068413004691,2.671110840866574,-0.5053668713563567,-2.0323864864178858
-0.013040595109744759,-0.00504265195537601,0.006051617848020831,0.0036296478071286098,0.5068620989082274,2.646814912483011,-0.5701010370583618,-2.0116979687594534
-0.012998697360044678,-0.004930056507389762,0.006043761865281782,0.0034782553840077483,0.49285936130092195,2.5492293582702277,-0.6082437080391867,-1.9488262082768182
-0.012863780706613868,-0.004829949545393793,0.006145804223373287,0.0033026838576902004,0.49079685832923853,2.4753576083178412,-0.7088316320564915,-1.8916705627219839
-0.012814771860381189,-0.004751505517577281,0.0061569530437086736,0.0031914439232442852,0.4805242538026445,2.409785671007887,-0.7413869998505176,-1.8467328473870173
-0.012973359532237827,-0.004833455342631174,0.006023365517732974,0.003356047461988852,0.4772908591895511,2.466114205798935,-0.6289941288810438,-1.8963223098395687
-0.012545801665249887,-0.004552481544651699,0.006323960445249645,0.0028337895752767513,0.46724836657508456,2.236183063650848,-0.9098869433341239,-1.7108260617070277
-0.012647393603764068,-0.0045614882592422785,0.006226274010522178,0.002901725550414716,0.45995944922584864,2.250566753746827,-0.8416064689972138,-1.7309060497049977
-0.012230013768630366,-0.0041948151351795665,0.006393444609804325,0.0022995240893263985,0.4101467637360109,1.9135685942930742,-1.034569991759682,-1.4739728253677264
-0.012486907312997628,-0.0044625576291681115,0.006327033907946088,0.0027091757978338657,0.4531778584613087,2.15785363292041,-0.9342902432953802,-1.6555799452639597
-0.012406576319445781,-0.004388638894049196,0.006357796038303272,0.0025886917061443185,0.4413305831287566,2.0897199870588543,-0.9717391002874397,-1.604368609817751
-0.012353079917438952,-0.004266585549963975,0.006331149116311294,0.0024429871427832585,0.4208264317064482,1.9907394483433938,-0.977735463422804,-1.5369225327443274
-0.012805410835115058,-0.004649121736094984,0.006110732381117285,0.0030759500440020147,0.462104359970791,2.3233050804139883,-0.7414430060471681,-1.7926779405958622
-0.012766091794030033,-0.004526305698562557,0.006085204853449392,0.0029282066026955944,0.4444087085693695,2.2256926856039843,-0.7578130519074247,-1.7277607298884397
-0.010424722363973321,0.0031629598012117375,0.006594108783832244,-3.4413508419481054E-4,0.1740427809030203,0.5616575979772288,1.276130439963792,-0.35300687778961287
-0.011245693372351977,0.0035254471782996057,0.0065915213276119535,-0.001114815499893019,0.27627610030555066,1.1498578308821006,1.255031360436693,-0.8570028136019641
-0.011395341577881187,0.0034458350883113963,0.006468592929296158,-0.0011926889291558112,0.2727008910375114,1.1907540054427785,1.166089893938794,-0.9113484169551882
-0.01100987407295742,0.0034733228154681032,0.006653474167749978,-9.020470867544677E-4,0.25168568259265905,1.0024191782565663,1.3066414502018635,-0.7239424914704956
-0.010647244331629079,0.0032668869795432253,0.006621291573489623,-5.419168733279189E-4,0.20124083717536764,0.7220735871611502,1.2923281735091885,-0.4904717882607584
-0.010793786884031426,0.003403442162665359,0.00667663396207797,-6.980253439246829E-4,0.22797169904666953,0.852102830221604,1.3305776976451444,-0.5930189718195753
-0.010137691186176174,-0.0029835560502748733,0.006507251381332576,1.0649032381861358E-4,0.1379236929025348,0.3530140385786574,-1.2116738026645193,-0.17926335688037218
-0.01037126521693728,-0.003170162748561625,0.006606324645016882,3.0268324324433954E-4,0.16932431855377497,0.5302246396078192,-1.2869188015785202,-0.3224022509286191
-0.011164649830142346,-0.0036409951236690947,0.00670846033797981,0.001100035317159418,0.28521797217822925,1.1567812464053453,-1.338797492784529,-0.841650716864489
-0.010627602835946642,-0.0032896798285535064,0.006640884834987812,5.311042097895291E-4,0.20125335638801176,0.7159887052549454,-1.308325278827728,-0.48153732592367643
-0.010825965305591575,-0.0034079638864612854,0.006669986306115262,7.264893013170078E-4,0.2297715080861283,0.8719066838736044,-1.3244657137531013,-0.6110686564033077
-0.01099678826964804,-0.0035118377595631856,0.006685164851353317,9.048979095456715E-4,0.25523575733149534,1.0096513000358154,-1.3298361620749697,-0.7247196325042397
-0.011340305701246722,-0.0035326011596256567,0.006551804728492744,0.0011931986986715617,0.28071161744852197,1.201777065611285,-1.2236129678888716,-0.9067946966291126
-0.011781768680296427,-0.0038780357322676963,0.006527844191945144,0.0017345700473014967,0.35387402646668153,1.5715417741492208,-1.1768657658339514,-1.2002573912576444
-0.011640200255773565,-0.0037895310283822797,0.006559427754533198,0.0015689611665845088,0.3338160374004736,1.4646937641470301,-1.2089961809650749,-1.1129286879268685
-0.011495266483283847,-0.00364626246599648,0.006547438277905287,0.0013726996752285716,0.3049616239285377,1.3277845818473357,-1.21299941492523,-1.0080263659170348
-0.010405082717613288,0.002923117094655268,0.006446764484962015,-2.9602018338515773E-4,0.1547687432674267,0.49913073876528796,1.154533965902495,-0.3285595516746492
-0.010329068261449446,0.0027128078998463583,0.006335677843227911,-2.1970497292382197E-4,0.1381315391101863,0.4189663791793392,1.0587054364605435,-0.27692917750730484
-0.010394779737614296,0.0024969124692468918,0.0062164487110263926,-2.3690918544409218E-4,0.13140563754622425,0.42008527049524774,0.9512867598101998,-0.30161596236997607
-0.010161888615927825,0.0023159700818447277,0.0061492965459011015,-9.14163427347593E-5,0.10936824370917604,0.2790981028968109,0.8861216397612649,-0.18331186722765966
-0.010111567117561527,-0.0027153970678609504,0.006351796302283799,7.769106405245458E-5,0.12271278001305208,0.2998750674440771,-1.0766586042763244,-0.16157320200625477
-0.010019044811095808,-0.002448498750922477,0.006215355237790905,1.5074150232131927E-5,0.10551951660671484,0.21889314300466392,-0.9521987260855447,-0.11377408312072403
-0.009848938397679488,-0.002250230118632628,0.006120346851392159,-7.484650021017595E-5,0.0905429713494583,0.11662258074607809,-0.865025013170159,-0.030153679179324832
-0.00981073279280659,-0.0019586190421210592,0.00599939273921355,-8.012398222397482E-5,0.0810878734892691,0.08106305775554846,-0.7377737140414212,-0.018897095595784494
-0.009463663814371937,-0.0019339123216814303,0.00595834207256199,-2.2955428115543523E-4,0.06545229792985849,-0.08041799319055842,-0.7208496989481201,0.13882293749488886
-0.008690197981484939,-0.0015490484781605974,0.005667320081900314,-4.2762087025033965E-4,0.03476576620770782,-0.40335413663563685,-0.5215721431572798,0.4492598563189033
-0.009154017451864116,-0.0017412153733893322,0.0058399372886604566,-3.20626833201071E-4,0.049725747172730206,-0.21892213659781443,-0.6276756029680649,0.26670716297374025
-0.008724036500053114,-0.001016239454407772,0.005563050698295228,-2.6746717215168E-4,0.035317928572850425,-0.373321377710035,-0.33728029011896693,0.3983002584939304
-0.00982949890007715,0.0020429479211613276,0.006032898987147513,7.569958756088311E-5,0.0843564506035809,0.09376208117839414,0.7742646466881531,-0.025640692178352516
-0.009660430652257251,0.0017457539451102653,0.005914289577350673,1.2886675968093456E-4,0.07026970885316473,0.004248489623363189,0.6486462438555116,0.04254130198512462
-0.008624671462275581,-5.053302002826606E-4,0.005471708745415484,-1.407389752111226E-4,0.03272292664059134,-0.3994221862233002,-0.16348363669968466,0.4164463804291013
-0.008587239915483023,6.753698843554614E-4,0.005477211530546907,1.9350291612001686E-4,0.031755117549891014,-0.4151082535162365,0.21774439561013387,0.4356705820846813
-0.008632514766301959,6.998770361667613E-5,0.005453736593354945,1.935762627281754E-5,0.03251287916092646,-0.3933113483247102,0.023057262360012487,0.4059853272585598
-0.009604078486600491,0.0014474100930388387,0.005820302671528433,1.2252213184523627E-4,0.06574772843837479,-0.02741560911448766,0.5283669956321764,0.06030865881356724
-0.009373696301777935,0.0012045991588514994,0.005734296132160323,1.5993880229402328E-4,0.053567035870954884,-0.12477234706733442,0.4307092081876061,0.1459762655540162
-0.009189689774326907,8.095327869421231E-4,0.005634168860090321,1.3664622550351132E-4,0.04639384596249974,-0.19748590794866613,0.28219150382692876,0.20789800159911367
-0.011932636681150872,-0.0038412941805087133,0.006400271278588434,0.0018198648739769755,0.3484436993339313,1.6070974697049774,-1.0883947689344158,-1.245564756651363
-0.012165757324471956,-0.004062453888283245,0.006363572093388995,0.0021466906937275617,0.3874384968201113,1.810917476480762,-1.0345248723788345,-1.4025096583601375
-0.01206895014114979,-0.0039241099644018495,0.006352778398342729,0.00197409170581996,0.3649983679592416,1.6988646628463366,-1.0462620056838075,-1.3195951825532013
-0.011598792898752971,0.0034601296719898155,0.006371816495156153,-0.0013469232021187684,0.28383927439137047,1.288126822171739,1.0959144327379884,-1.003745637912419
-0.011455709029681058,0.0033187396707395093,0.006360626313804603,-0.001173892859264285,0.2611098508730625,1.1672997053109333,1.0917379267260177,-0.9093955737353625
-0.020746463007642952,0.023705556490657295,-5.970330394363873E-5,-2.8212930844419865E-5,-0.09533557603152566,-0.0779315519047526,0.05342630073103249,0.07843008710105416
-0.02153459934225118,0.025,0,0,-0.09485343083951288,6.605054828502078E-4,-4.0685857555286515E-4,-9.061670501607997E-4
-0.016910553935199378,0.017275168761492155,-0.0019212923539167416,-0.0018081504917420131,0.011651355430677328,-0.8156646815567148,0.07371255757563215,0.8977736718284859
-0.016923084896820113,0.017738490844267037,-0.0018230511020503163,-0.0015935387474762142,0.0027614372624313564,-0.7586058203522432,0.10957646396131604,0.8300847207952892
-0.01718303466963087,0.016855627227595586,-0.0018607671303069034,-0.0019650123018311594,0.021834543944123815,-0.835396805937226,-1.8150300015236267E-4,0.9200714291278148
-0.017262128714471643,0.01820240319544916,-0.001585968994150269,-0.0013597715550060158,-0.004160611243115178,-0.681714779532856,0.10257596852400551,0.7386364201533223
-0.017691233315246066,0.018944652156328415,-0.0012821588087493369,-0.0010432865662146366,-0.01601387087757661,-0.5792069068650231,0.1018719034558644,0.6201611931057643
-0.02003729314751741,0.022302440905149868,-2.4288180185179446E-4,-1.5097625670968233E-4,-0.07050663927440602,-0.19594318864442148,0.07108842598199733,0.20072585038472843
-0.019252100377646894,0.021331721584300314,-4.7972703112983986E-4,-3.24203304420794E-4,-0.05718290054211712,-0.3008954890171282,0.08593311157934647,0.312248543695484
-0.018765788294088075,0.020354094331744607,-7.287422431531198E-4,-5.519747549056745E-4,-0.03689858686263602,-0.40008566498524306,0.08316576765048998,0.41917934232817905
-0.018244990503690776,0.019656073919634455,-9.797161308202427E-4,-7.727458767420332E-4,-0.026292747629435283,-0.4845433776045778,0.09049874477862373,0.5127859326759782
-0.017082293198121896,0.015790630485564026,-0.00203479929943322,-0.002546876692345551,0.040174305993470154,-0.9625349945222123,-0.13524323767244487,1.0797198308424767
-0.01745542238424898,0.016297870315710325,-0.0017945311134347156,-0.0021807433107358513,0.034016779834630244,-0.856662250774079,-0.09846561065294028,0.9478480762234619
-0.016891662115043223,0.014858980707694387,-0.0021749068450627874,-0.003166723571507885,0.05575348088653043,-1.0839670980979832,-0.30411751079417915,1.2433612699214558
-0.017141576203751133,0.01438939995696391,-0.0019908956526864317,-0.0033517130561306484,0.06265961408953302,-1.046956200703148,-0.44026842874043765,1.208536261868989
-0.017310042639415185,0.015275276574094122,-0.0019283630776161657,-0.0027652386077587337,0.048850640814020026,-0.9641154899606622,-0.2513378865197798,1.086918918905587
-0.017221940534668054,0.013914865143431439,-0.0018791342371045868,-0.00359678247591489,0.06903488260001535,-1.0280556268062624,-0.5718347193338951,1.2012059180470285
-0.017254250674028793,0.013514268414904738,-0.0017794145408725813,-0.003813250930931949,0.07381513626902592,-1.0034519541004332,-0.6881597529786593,1.188622366521553
-0.017316088464595047,0.013222743704301482,-0.0016697608644489358,-0.003938893254297985,0.07709103339193699,-0.9619977905744881,-0.7731615930008731,1.1525395685095532
-0.017222461417468173,0.012923083576559878,-0.0016285154660518467,-0.0041681698306651185,0.08060693706400358,-0.9556092174512877,-0.8754768310960227,1.1646269317886089
-0.017167192350807846,0.012609067027751358,-0.001543366636510876,-0.004378564175278024,0.08527597855893349,-0.9250151578732314,-0.984316169431347,1.1505742020979328
-0.017161802311660247,0.01230566231746742,-0.0014171685579773335,-0.0045377408147657975,0.08889751923173322,-0.8642516835630983,-1.0859740196242862,1.102770423925768
-0.017374323899681705,0.012466977048326167,-0.0013828566913147526,-0.004288498011386185,0.08215765750756651,-0.837740231748812,-0.9954406106224425,1.045478718685037
-0.017168539053218537,0.012021289510747147,-0.0012784310572065422,-0.00466598000621278,0.09041601258322439,-0.7938954673318238,-1.1751745448101458,1.039668694390116
-0.01714636309678583,0.011748801500036161,-0.001145215423850083,-0.004802470792185157,0.09253240477905765,-0.7221882470598345,-1.264504168496426,0.9776798669792238
-0.017070654379079158,0.011524339693873672,-0.0010464714757491707,-0.0049619644790781965,0.09671975429211814,-0.6662016913114246,-1.354915380144472,0.9401909164051945
-0.0171463555771604,0.011304648547243876,-8.881043333362637E-4,-0.004963356882687322,0.09390252476862672,-0.5700050148356747,-1.3884127599410176,0.8366194203001304
-0.017174875754850404,0.011060191608314649,-7.280144750719787E-4,-0.005005244151892091,0.09357788601997515,-0.46941583525647085,-1.4361790395901368,0.7371603806778558
-0.017207519916318786,0.010788007846871757,-5.464414644561051E-4,-0.005033264709677094,0.09179561584064057,-0.3525814824389175,-1.4773884811351363,0.6187867537449757
-0.01718674834053319,0.01048485011428836,-3.4902409255157635E-4,-0.005101845445239614,0.09287388340258694,-0.22186834706206385,-1.5330604918481434,0.49510162916792494
-0.016641740366980663,0.009733974609176979,2.1060127345354533E-4,-0.005735174532892798,0.11788598489117781,0.16339591439682935,-1.8667261226493819,0.2206573219754935
-0.016460638357051242,0.009043693164798952,8.312138956780316E-4,-0.005807423410177176,0.1260496175709793,0.6018157276669097,-1.9024992493490707,-0.1879152184670452
-0.01654684683559415,0.009508970735566356,4.1454554035209396E-4,-0.005820725267999594,0.12230433557373342,0.3077310639453898,-1.914383951981298,0.09583051755456648
-0.01651459909944321,0.009262835751740963,6.312467704121749E-4,-0.005806761728097202,0.12353261053678306,0.4605612690798449,-1.9075968561378038,-0.05459109913335953
-0.016853785691162405,0.00982465091226014,1.2062669283917513E-4,-0.005491128349832983,0.10620653793082495,0.09858259856140293,-1.7455536042018964,0.23710247596931455
-0.01713039356300143,0.010171978475831865,-1.384466668531345E-4,-0.005186158846081212,0.09407500129011791,-0.08013240909632567,-1.5908345049581645,0.3639971959111134
-0.017050111614660378,0.009932684060112159,3.134374719754368E-5,-0.005274674591149446,0.09786770206549404,0.03731734627610168,-1.6421490360363016,0.2613892433143068
-0.016591556462773924,0.00889086799171636,9.083725827201916E-4,-0.005599881040621152,0.11813896537594924,0.6494553247938706,-1.7930931743354492,-0.2732787935527195
-0.016501228639627434,0.008727863608366618,0.00106971535687609,-0.005639870984808621,0.12380859531381364,0.762415446791085,-1.8030625547593537,-0.37107120063018934
-0.016507494015974605,0.008520027553589382,0.0012227659174838823,-0.005540104497670541,0.1241095754410374,0.8641974988611009,-1.738870399743641,-0.48245802342906857
-0.016164848026635183,0.008039780194427075,0.0017631608337704402,-0.005643456004009151,0.14849125935410676,1.232025486024696,-1.7258370827145388,-0.7941802317822763
-0.016119377520755596,0.007849704547601012,0.0019235820127828276,-0.005560990282177949,0.1522404409777387,1.3284572134520223,-1.656186043224386,-0.8940171878959725
-0.016054447217123412,0.007661530792537564,0.0020917878097629016,-0.005488125814985243,0.15932131717767703,1.4291010465697331,-1.588102121547163,-0.9934355027928375
-0.016452575573723982,0.008290525989320823,0.0014146921292030887,-0.0054843323663372944,0.12693121874869143,0.9887491569652697,-1.6893287214178836,-0.605989025942182
-0.016338182550982055,0.008110957454291764,0.0016045709459309213,-0.0055034265414619496,0.13695974888577492,1.1167183006478647,-1.6749533708182223,-0.7173074346195459
-0.01581091537563816,0.007433239248903119,0.0024272453037994875,-0.005539545484864225,0.18171449676818696,1.647078637045986,-1.5509524317972072,-1.167806383090019
-0.015741027476721032,0.00729482728231039,0.0025673669905875874,-0.0054822934273380235,0.19025934206893239,1.723712146452827,-1.4902094369548893,-1.2412032972198586
-0.015983850927515315,0.007469685191313087,0.0022615619774943745,-0.0054060413333450975,0.16687093805574274,1.524072203890883,-1.5124670910177833,-1.0878861517075105
-0.015751626990716885,0.0071307842468912065,0.002643058518520204,-0.005323734877997515,0.19041746105933824,1.7431115790902048,-1.3872151147251852,-1.2825304288970303
-0.015728437887838745,0.006934181315978583,0.002756151138500171,-0.005161995449868988,0.19467931355609772,1.778881740429992,-1.2756280020442174,-1.33531403516893
-0.015696820465950632,0.006762041284334086,0.002857286722504887,-0.005025622859152216,0.1989470546080409,1.8082338646422371,-1.181263399006518,-1.377307577109545
-0.015277375675681852,0.006623198013199046,0.003331918338359108,-0.005187338438532778,0.24467556549213135,2.1061940434547632,-1.1407091827176903,-1.5907994050761833
-0.015540986383771323,0.006634351751158206,0.003055345007960552,-0.005014712368081208,0.2146055632088983,1.9119544002506677,-1.1256219638513567,-1.4625814363882588
-0.015171088663418464,0.006451658389968958,0.003501935391903649,-0.005070073414203717,0.2567952399097104,2.1655769959328386,-1.03167131978503,-1.6517127802620364
-0.015079376746328005,0.0063269505202316785,0.003637434894700517,-0.004985990448943095,0.2688458905075661,2.2131977382378145,-0.94865724951675,-1.6970684921018382
-0.01507940352208631,0.0062040262402631545,0.0036649894123663646,-0.0048485493539550855,0.2673165208868619,2.185847775144637,-0.872261273327301,-1.691047888414366
-0.014598443934189149,0.00568572027968695,0.0042758586488557465,-0.0044571303273893545,0.3215675192580128,2.3388164380856242,-0.49563007805847265,-1.834923207804157
-0.014986779915880755,0.006093379015182341,0.0037894684885157385,-0.004772409460136468,0.27844194681219414,2.223432094792645,-0.7971334457273805,-1.7270416727211713
-0.014880838765239584,0.005995074442224758,0.003925040614858021,-0.004710108343181502,0.2913103049886079,2.2687953634393874,-0.7258065519068518,-1.7658902885530323
-0.014856048139936767,0.0058617687128287325,0.003968782652734575,-0.004568959643712484,0.2913386159278944,2.241275358261533,-0.647224260812047,-1.7572514309878937
-0.01479710935068221,0.005707553685119691,0.004047833100273982,-0.0044173788272677044,0.2955802925743511,2.223079030860624,-0.556185573264104,-1.7560808322694006
-0.011843969499889612,0.0035989190376620782,0.006310530361746927,-0.0015969738464160492,0.3101402506629852,1.4489414165202537,1.0470359271778795,-1.1370538439531452
-0.012068444842121084,0.0037627058167169977,0.006255918440102104,-0.0018552703430455362,0.33809807059925356,1.6077626835833756,0.9971020398236287,-1.2643850262815783
-0.012230538798073492,0.003907587033441068,0.006219171700898984,-0.002065801378407694,0.3604812541787147,1.733811723663258,0.9567668618828403,-1.3636265179949092
-0.012425336736652135,0.003932537295280268,0.006077045280091655,-0.002200487843661163,0.3597025242593928,1.7912051397181135,0.8618963981744194,-1.4202486765611457
-0.013429550200054761,0.004607667677048242,0.005423998670211545,-0.0032541072224821816,0.3904896817535921,2.2189062049140094,0.35669837456317804,-1.7661764046448611
-0.013084877647536398,0.004453919910239959,0.005723757966060027,-0.002990798358340457,0.40351790399494986,2.1630407566100978,0.5567440649379755,-1.7129401560478894
-0.01331155080426815,0.004488333607170161,0.005504695475260025,-0.003098813212301541,0.3877656979785445,2.161728857380011,0.4288161682132974,-1.7231890403481722
-0.01326625064967,0.004346706444995789,0.005497154382595201,-0.002942270424646184,0.3732179548955382,2.079024852555325,0.45627753480435895,-1.667648668587369
-0.012604572033898698,0.0040304702690425525,0.0059767803305446334,-0.0023786108102501076,0.37005025293688926,1.8769160035081194,0.7862224408779358,-1.4918001154052603
-0.012770528275904879,0.004137953608343932,0.005882334237548044,-0.0025547565637849437,0.37810825920273095,1.958581109662396,0.7114270224971876,-1.5585621637749572
-0.01295202926109332,0.004259496857347373,0.00576898729395707,-0.0027471062501524613,0.38531039967037245,2.0405100777017355,0.6237975163805304,-1.624758321833216
-0.013723296019249317,0.004805104534230142,0.005166845856498853,-0.003519549743755137,0.37934345935653674,2.2719300834634972,0.17527799037384575,-1.8098304082797532
-0.013631328991576297,0.004617913459095782,0.005212968741007014,-0.0033045435500124176,0.37020891908443815,2.1825100148082615,0.2505244335641242,-1.7492565554293737
-0.014518899566580503,0.00552188424982474,0.004367883089821262,-0.004288653807238605,0.3257182527332938,2.3128305686067674,-0.39404795954413147,-1.8264954255072439
-0.014425661288727935,0.005359661465733413,0.004467816105122611,-0.004122633830769631,0.330445907704473,2.2872721944492693,-0.29406327725498743,-1.8159734638048788
-0.014332821093812356,0.0052060501783779125,0.004560223857480067,-0.003963572459664691,0.33415124841556504,2.2585663115668884,-0.20313799482680298,-1.8015206323740685
-0.013953991724890027,0.004824888262167396,0.004919135008030793,-0.0035587830203926483,0.35383145042843717,2.2092836883898155,0.061955482246230036,-1.7725159339707142
-0.014042527277290981,0.005009425948541065,0.004858076369526425,-0.0037634658042920593,0.35832415720387867,2.2806726951315315,-0.023502389582182828,-1.8187475025713138
-0.014249800139545583,0.005027806835318097,0.004631547949699504,-0.0037745736469254787,0.3338595088316145,2.205690276290533,-0.11392420306506036,-1.7702118687097685
-0.022393920664747352,0.0237394627158639,-8.670068811795358E-6,-8.957786763624164E-6,-0.03388465303135057,-0.028052961322655532,0.013222704761594263,0.02884085950478371
-0.023267296774415826,0.024999999999999998,0,0,-0.015181868329631887,0.004085941443377053,-0.012928007278591872,-0.005299207463971979
-0.023826413586255393,0.02387554543339129,3.1258555681681655E-6,2.9673973426158116E-6,-0.0014017202201775211,0.005694540067903003,1.2236760057512402E-4,-0.006387250692522664
-0.025,0.025,0,0,0,0.0015354493331693666,-8.524466534449976E-5,-0.0013511491779661124
-0.025,0.023267296774415816,0,0,0.016734747886065254,0.00736253538539329,0.012043403507878225,-0.005057273676161752
0.006231457498925083,-0.014581968298878636,0.005133486256721046,-0.004255616720761852,-0.10947718258742399,2.7023257315665816,0.2868873129618749,-2.0749019012142553
0.008675968588340409,-0.015853978831566733,0.006416877142179712,-0.0014329722785431718,0.08701066307896158,1.6105752324397327,1.9430827726976607,-1.009288650953467
0.008518234691968246,-0.015873127300811675,0.00629680236593884,-0.0015684899191213437,0.07695048562996093,1.6651337369551522,1.8454925547616845,-1.0846444127185342
0.008379237526553264,-0.015846743048719032,0.006240260351207858,-0.001709188740166607,0.07124663705130875,1.74227369935517,1.7777971217076811,-1.1641533378901967
0.008257144456883787,-0.015816401960574357,0.006193325511275161,-0.0018351204678561546,0.06553317031558346,1.8120193884584683,1.7171008334652613,-1.2345478718811231
0.008153179760810855,-0.015778448914859616,0.00616322837959336,-0.0019494624991607198,0.06153722005544685,1.8781708055164148,1.6676159907917083,-1.2970085378222733
0.008019057140946938,-0.0157934873413461,0.006042419020479175,-0.0020447709883496586,0.050870845568264204,1.899186926378579,1.5789105881490855,-1.3391824101781624
0.006294592808958175,-0.014722253813491619,0.005143453507253987,-0.004067277197881831,-0.09674874378137115,2.6273617201062724,0.38608919336245723,-2.0234145247844437
0.006380008509207254,-0.014811749454089702,0.00520077751433036,-0.003938972182708812,-0.08477198295006157,2.5983715711494364,0.46707152777530536,-1.999900131776835
0.006411451691798175,-0.014926061610055961,0.005172261189275226,-0.003793007172180625,-0.07695607400848671,2.5195939857544736,0.5285991385220666,-1.9459590151251625
0.006485121470238351,-0.015030664399327924,0.005194708723854235,-0.0036504693055151595,-0.06670764878621703,2.4644786844233924,0.602322831303706,-1.9043645272737375
0.006562290010270355,-0.015130587669891015,0.005218295984694392,-0.0035130359323062646,-0.05748761995603923,2.4098162885276118,0.671838486609405,-1.862107598700874
0.007864442163165798,-0.015741592902348084,0.005977040890643985,-0.0022028715754997285,0.04241762981504993,1.9775039964656222,1.495946712881148,-1.4171793514692625
0.007715810544641203,-0.015666415789706883,0.005932452428900018,-0.0023733520163341675,0.03557725365948116,2.068244243492773,1.4165382030729603,-1.5001920456527462
0.0075220788866223395,-0.015611816705576192,0.005814058470311052,-0.0025513234414880587,0.021887699382128367,2.1326629461652296,1.2994179999172422,-1.5718429499837716
0.00737375098144471,-0.015507529325709524,0.005775866960010894,-0.0027420976483158296,0.012546689879265827,2.2304138395035302,1.210509943177849,-1.65692885978191
0.007197888482461643,-0.015448399261632677,0.005655332559450739,-0.0028999929735070117,-0.0011934497495738117,2.2731143199225694,1.0972649199958138,-1.707861756190809
0.007038097830852704,-0.015370138700324665,0.0055582172227341626,-0.0030620980075760644,-0.014715977316554813,2.322769990099609,0.992309896945202,-1.7594483286618166
0.006901259858449601,-0.015312133923065435,0.005460193586103435,-0.0031859421131821613,-0.02648215770011132,2.348264352323622,0.9030346223012702,-1.790244380472283
0.006653006745956171,-0.015246401894976296,0.005239588032836953,-0.0033543233370884567,-0.04786936239178558,2.342299261000566,0.7484377283620028,-1.8094889167533708
0.006775384209363576,-0.015315621669888719,0.005322030663235743,-0.003233880598839814,-0.03675158917292185,2.316520974341063,0.8284628419364991,-1.7824421039302984
0.00874513346476074,-0.016031097218214052,0.006220461708307783,-0.0012721005415106746,0.07579921373965005,1.4348961915643008,1.8844217290801673,-0.8961805081519819
0.010247849858240843,-0.016406005839467573,0.006037612152112273,2.4074678620971453E-4,0.06985859442008134,0.31490865654985917,2.013480707922616,0.1300652008819583
0.010056040164926939,-0.01643837422019078,0.006004205236845271,6.331334966701764E-5,0.0680140874137573,0.433199205304811,1.9866270159551795,0.005515361729353942
0.009841841496583835,-0.01640724214568812,0.006038214420688316,-1.3471714773403105E-4,0.06991877699569848,0.581122264239533,1.9872423812879687,-0.13350755108712423
0.009556296929395726,-0.016274341866111795,0.006178296748506923,-4.198508062777861E-4,0.0777999861566564,0.8188354239961741,2.024695271334799,-0.3325085121139919
0.009656504216281137,-0.01637292855515426,0.006063967654309115,-3.0982535381131267E-4,0.07088573252561278,0.7130120526764615,1.981401802180453,-0.25568382333189954
0.009673404779113819,-0.016499905254607095,0.005903225582406926,-2.7804952660343083E-4,0.0626532397663316,0.6531832506225694,1.905827209607913,-0.2325837848631373
0.009381428733541971,-0.016291091437817064,0.006118859876367019,-5.819697115077501E-4,0.07298567102879165,0.9199594466665876,1.9708450066138312,-0.44243806039795336
0.009214474928154064,-0.016262129157360836,0.006110507186881713,-7.446973298739596E-4,0.07244718714205695,1.0325112216836088,1.9399740761870954,-0.5503282015565117
0.00909641346656397,-0.016361848058563434,0.0059454233632461025,-8.18671303604001E-4,0.06299350533338548,1.0429288759362139,1.845195196563076,-0.5952113076667036
0.008844089322022897,-0.016205716226379896,0.00604421492042008,-0.0011003003463956609,0.06685401320684632,1.2645858205294944,1.8367658272088783,-0.7791077998478598
0.00893758595568185,-0.016360726216341305,0.00589006737282013,-9.557107333671016E-4,0.05896799011488501,1.124238265364079,1.7918067694240938,-0.6819708961224524
0.022561548720136094,-0.019704946249119157,1.341400050518884E-4,2.483286005728609E-4,0.09040247793518315,-0.19273069064360226,-0.08436653058378835,0.19717169990385383
0.020143160722912987,-0.017718635326717594,6.807780388304874E-4,0.0010281962139644175,0.058550238413158366,-0.47331736958467896,-0.12126552699596516,0.5007708840531918
0.021365398446374435,-0.018831546338470437,3.417602857401072E-4,5.483296573001924E-4,0.07236544559698145,-0.32056920987724574,-0.09679293834912563,0.3331310038332993
0.01837258981998922,-0.01759422653439427,0.0012556261139160415,0.0014256610622117645,0.023444839483984094,-0.6439048444270545,-0.03898189929829635,0.6933448319402563
0.019012019750123423,-0.018422582919830142,9.408776603779922E-4,0.0010371662123135944,0.017977214671532373,-0.5292601316528022,-0.02214987550558565,0.5614552075636277
0.017486329118091486,-0.017701745678833796,0.0015884166001628383,0.0015332531290056393,0.008819317245508175,-0.716500835359029,0.04455805854793794,0.778048235889117
0.016627566720333567,-0.017231638907259896,0.002067696550098319,0.0018683901335942081,0.010045073276147736,-0.8482791307639602,0.10875265972055968,0.9366308508869875
0.017010411400343806,-0.017442488737945253,0.0018428640254285933,0.0017156590128456228,0.01018782769448191,-0.7856372929038398,0.07607947970865339,0.8634600386877674
0.016150870429645175,-0.01742923898365926,0.002261401185390876,0.0018206300329002823,0.004080030807582326,-0.8585055367232105,0.19621085891256348,0.954672428713175
0.01570351480870865,-0.017382318914511346,0.0025075167856987153,0.00187561929665551,0.002394020851397049,-0.8958906078918455,0.27237603040854624,1.0032364040996897
0.014699333106504637,-0.016906860850670485,0.0032619787911062205,0.002159556041428531,0.012309146766182083,-1.0363969556022676,0.4859850601297931,1.2006670854787755
0.014309550256552674,-0.01698391242615235,0.0034753996522829222,0.0020807124512960853,0.011442538905372059,-1.0177490341095599,0.6008687282026396,1.1914648019170306
0.015308712473023182,-0.01762879829759928,0.0026358451127812574,0.0017555480183176102,-0.003658164168366168,-0.8689888090304718,0.35930259583489615,0.9779344158395075
0.014984418483700222,-0.017254198782338057,0.0029510448148088015,0.0019584911666299496,0.004145497962143679,-0.9514716857116835,0.4207506414437687,1.0853882165384023
0.013918621201410346,-0.01705939165954696,0.0036827512968229995,0.001978690477104177,0.009660763494733911,-0.9807255944373131,0.7198867791482787,1.1646725327326426
0.013559713045534272,-0.017142756651029007,0.0038541319193070756,0.0018556674479904471,0.01014992419084808,-0.9263550159150798,0.8274185429140736,1.1168102907961446
0.012477230628264828,-0.016855734891277337,0.004702590035425335,0.0016581939034313513,0.02576485915924565,-0.7900842841655048,1.2578852784361507,1.0571484482529294
0.01295001086626487,-0.016998891068005336,0.004314558448366121,0.0017657153812485886,0.017602363737782307,-0.8689429929943149,1.054724077552972,1.0975169344940712
0.013205240854647155,-0.01727430203589048,0.00397630332989542,0.0016878789248686067,0.0078018995765040755,-0.8448135767967059,0.923400816396892,1.0354783537650418
0.012640918718504658,-0.017125766677716255,0.00439372366907253,0.0015781699261789718,0.015440956689023134,-0.7668560449502743,1.1310739557443894,0.9930179955666097
0.012148055154762223,-0.016843619027692974,0.004894686348105882,0.001502268516154871,0.028945864719368216,-0.6856760696816043,1.3777564561826967,0.9691159101021121
0.011792463394079926,-0.016851860306338076,0.005063296044413593,0.0012983214676768869,0.032476212811529674,-0.5477305410244616,1.4891217870420574,0.8435852776931018
0.011289690607322189,-0.016985490545682276,0.005130173247132088,9.312508360136585E-4,0.03298665853237271,-0.3085027390380783,1.5608155723702386,0.59866228078321
0.011597959199326595,-0.017045292605021037,0.0049582293119393795,0.0011003653357616822,0.02629395417308258,-0.4379600368234549,1.4650125436920316,0.708439981476399
0.010375428426070544,-0.016613461934942106,0.005763791642804949,3.330774318991675E-4,0.05712853754387683,0.19435430029104997,1.87945283702067,0.1942757067344061
0.010740042010971814,-0.016749650064964233,0.005541068990687911,6.06113777816659E-4,0.046407949000944214,-0.03179308943759724,1.7720509578916157,0.3809615047854579
0.010875193025844759,-0.016918147807369024,0.005320937054262196,6.680591024932136E-4,0.03927905403338791,-0.1094873039627851,1.6645878489821186,0.42126721003353884
0.011053305945770798,-0.017044109175368312,0.005141062912731041,7.585018752098889E-4,0.03244833203440477,-0.1942741982693875,1.5779505667901677,0.481997296162474
0.010505107674599471,-0.016807950837969397,0.005516155187936223,4.13078053029316E-4,0.04599872378233438,0.09570055378304305,1.7609369470802594,0.2456266575541687
0.0036718208469781566,-0.011712088494986578,0.0015498691848829908,-0.006437075227871056,-0.16663098477575466,1.0637785699583329,-1.314963780536987,-0.7859636331853146
0.0038080112708196593,-0.01182113557594478,0.0017163791221947572,-0.006454447458353284,-0.17757720378314054,1.1745457100714962,-1.337373056510361,-0.8693518264355042
0.0038473498663127454,-0.011985204112237031,0.0018596579435916029,-0.006365857658853947,-0.18776425491934326,1.2736820373480802,-1.2840627252146002,-0.9620565331062455
0.003945714337901713,-0.012133932443181132,0.0020330794014969625,-0.006315712201560075,-0.19761969267501223,1.3872119708684576,-1.257834772506757,-1.0565081812092367
0.004081000503838102,-0.01229074327650801,0.0022424841454717803,-0.006271306025411287,-0.21034741202009521,1.5188898104737978,-1.2335129853495166,-1.162637433580013
0.004148725065537811,-0.012477870568840638,0.0024128766696487128,-0.0061500862004293,-0.21750673580923954,1.6240549942277267,-1.156774392098778,-1.257760592961258
0.004348087773936614,-0.012773025612324863,0.0027530914230995073,-0.005983356141990502,-0.22797982127155203,1.823185927012249,-1.0479320516393245,-1.422636319190863
0.0042403306312760935,-0.012630686336205607,0.0025792332201716723,-0.006062158207855884,-0.2241218842292135,1.7227353351915828,-1.1002707594072911,-1.341361972537241
0.004447772678343394,-0.012913249798824111,0.0029155442285870125,-0.005894059859655655,-0.2312656844530828,1.9125094100734288,-0.9873616356668352,-1.4958784967073324
0.004317361521739203,-0.012920702533890438,0.002789194895293409,-0.005824642069927677,-0.22392861079580265,1.8384481834350654,-0.9494782091778315,-1.4504506367791965
0.004883660336787717,-0.013438441894045092,0.0035600820135569923,-0.0055106362035299465,-0.22765880114361942,2.230904151943979,-0.7138932810153136,-1.7495203944276423
0.004767113875471975,-0.01335125473761648,0.0034076403972033292,-0.005566176606861311,-0.2297294094543381,2.1553416554566773,-0.7605080875349716,-1.6943047125826693
0.004646536741813266,-0.013212007794672251,0.003235199743976312,-0.00567101088584097,-0.23025790663431986,2.073508193013938,-0.8350711108071599,-1.6297691381890231
0.004539934626247953,-0.01306172440447075,0.0030701856520786454,-0.005784637522767388,-0.23247029012026713,1.9917881103901351,-0.9138812423299122,-1.5622614331947144
0.006070209936566527,-0.014571032752823157,0.004932428635756659,-0.004287425234775472,-0.12159459689531237,2.613263118934986,0.21157514118343054,-2.0250456017397833
0.005581282705721818,-0.014376091776614325,0.004390400415457283,-0.004536858583223784,-0.157511696930922,2.434119600528099,-0.05018425694348198,-1.9191643012256876
0.0057381906820811734,-0.014460040502426483,0.004559056584434507,-0.004439216771376851,-0.14658267002482772,2.4838441321664253,0.03810567035543367,-1.9498265026883053
0.005902716251075047,-0.014523094356556064,0.004741350450722452,-0.004358357639226349,-0.1341067103242648,2.5446919577075024,0.12438767309442615,-1.9860154663371368
0.004938178224907578,-0.013575742829221863,0.0036483254756653747,-0.0053712445540423336,-0.2207365444048994,2.2562944642871283,-0.6231427428171878,-1.7755995297759208
0.005057537307377562,-0.013724378305975535,0.0038058602433562313,-0.005233179186018516,-0.211992829211173,2.3144578860445617,-0.525561929824086,-1.822474407823998
0.005137287067970426,-0.013873385991259283,0.003908178554891132,-0.005077320200613515,-0.20275986469982724,2.3350122284881785,-0.4243482906265874,-1.8438898074679153
0.0052166025734542345,-0.014014218516164417,0.0040010309143754886,-0.004927022096921835,-0.19108471440047184,2.3479180296690885,-0.3277899173798912,-1.8577387055072323
0.0052907490084581526,-0.01415285719567021,0.004079232429513516,-0.0047755048031276484,-0.1800928443131429,2.349299407888904,-0.23418351737210966,-1.8624792318020666
0.00541248799452746,-0.014301279211360254,0.004203717174734715,-0.0046144476004462915,-0.16728255969543784,2.366486883812146,-0.12830192776813532,-1.8762787732021757
0.005458908003097965,-0.014457783514513803,0.004228427645331814,-0.0044350496967351565,-0.15447645870255405,2.3264690280619438,-0.033590454367612654,-1.8513960462551005
-0.0030374864499064912,-0.010044626917390867,-3.7606125599366166E-5,-0.0065434449744765895,-0.03485868186600093,-0.07382568867583307,1.250019391819108,0.25272104428246783
-0.0032101494226969176,-0.010164816755061472,-1.3869866962119078E-4,-0.006652272298024583,-0.03804695463197628,0.00461818586457253,1.3478929294767314,0.20066496518010185
-0.0032772170223050365,-0.01036483485806074,-3.1112372857879144E-4,-0.006679141064669702,-0.05345882311178695,0.13528700822580256,1.383611108746817,0.07699236809136746
-0.003368859670172542,-0.010527065183635814,-4.630886109380793E-4,-0.006716621363025807,-0.06555071315522823,0.2523485395591034,1.426950793902302,-0.024191776517028484
-0.0033844983865402548,-0.010737811526812607,-6.453511406675493E-4,-0.00667859269891917,-0.0870307680069523,0.39213720669189545,1.4138803245142422,-0.1639971707458149
-0.003514245451549349,-0.010907364099327722,-8.291883492999702E-4,-0.00671820009300538,-0.09982506156500716,0.5291915387247177,1.4620390944913872,-0.27634160689689097
-0.0028024300805009,-0.010093656286286055,-6.778386942294881E-5,-0.006400989265632872,-0.048267528145167264,-0.04963104602831552,1.1285826130219954,0.19375075870737013
-0.0025349480483123133,-0.01011611427913603,-7.369148962904188E-5,-0.006256225330310995,-0.057441403893750735,-0.04101649663058007,0.9965420970694495,0.15431939213142046
-0.0020727261572807774,-0.009482111434678493,2.407235524130876E-4,-0.006013490724717034,-0.03379480556151198,-0.3349773372468134,0.7574395558938583,0.418442399726914
-0.0021614779572734577,-0.009810670744500634,9.0762989924124E-5,-0.006080342077942619,-0.04798734389546134,-0.1897737480179534,0.8161527607679581,0.2735572098711429
-0.0022600259871176595,-0.010107819139230548,-5.999850400448059E-5,-0.0061261361461959095,-0.06281397257730344,-0.04967700864845015,0.8689379200182642,0.13648008603694836
-0.0017443188003525587,-0.009429533843577042,2.1772840437421257E-4,-0.005888376718766633,-0.03957501540024677,-0.34263293899158404,0.6220216540880347,0.4046928356871627
-0.0013374092009578473,-0.009261130509827988,2.1085972346656645E-4,-0.005747668155768073,-0.04035637408589977,-0.38990826868599887,0.45827328945621554,0.43608043481181386
0.001767283763381089,-0.009066640553033339,-3.586706059315392E-4,-0.005829327319655149,-0.022433310820925107,-0.48485401655139077,-0.600449422689879,0.5597220329101934
0.0019120598439700287,-0.009500593920417022,-2.1132602377602687E-4,-0.005955160295561138,-0.03950546912813998,-0.3196879268421,-0.693224732698276,0.3911445877932382
0.002097248101547097,-0.009791259673585156,-9.720439706638016E-5,-0.006052741945464412,-0.04858983197459768,-0.19774654080274737,-0.7874069899146201,0.27653963113298485
0.0013297216387567604,-0.009089495711001148,-2.570400140010462E-4,-0.0057133986316194865,-0.033630117396636565,-0.45013988045847103,-0.4452693438768996,0.5023943340482512
-8.228092455239757E-4,-0.008980759334483203,1.739701094381173E-4,-0.0055953875092502195,-0.03667087753524411,-0.467672479526219,0.26696712272520773,0.5063680751345762
-2.5566771024753576E-4,-0.008876705130460934,5.8599495443523493E-5,-0.0055201665949861966,-0.03672571268028544,-0.48941073693454246,0.08065779936160099,0.5233672192766291
2.4309648880915235E-4,-0.008735856061181206,-6.249242748150103E-5,-0.005485328377743342,-0.030958305899489637,-0.5321674625799581,-0.07538352496262202,0.5718317677279542
9.210538021318191E-4,-0.009084925403899177,-1.7595976881678354E-4,-0.005631855059967898,-0.03941321139020343,-0.435951584040778,-0.30483942400139363,0.4743182675497973
5.46807539360871E-4,-0.009040736728049633,-1.0827571965302613E-4,-0.005575465828831326,-0.04170919758544712,-0.4417239069712552,-0.1783559486926945,0.47288139592866096
0.0030958684620774057,-0.010356125411746894,2.8100693677494607E-4,-0.006559627378518189,-0.059041039406176984,0.11691894411614502,-1.2819532109912328,0.06565828081890383
0.0031791838872092144,-0.010590046884974417,4.7707904464120316E-4,-0.00657541348895476,-0.07547956568920483,0.2701503173690592,-1.314301751157255,-0.07593868907438868
0.003271784334889673,-0.010809466736767599,6.723402790762316E-4,-0.006582536519270032,-0.09381980355909897,0.4199627687152892,-1.3399838628809018,-0.2116656113025371
0.0034915907612534667,-0.011174362979253498,0.0010425037990079305,-0.006599635656182551,-0.12362633235421351,0.6936281011360985,-1.3905446668217072,-0.4479870941340644
0.003368981509390598,-0.011003541246573989,8.578411258343335E-4,-0.006584299971882463,-0.10919250182121244,0.5602439996018899,-1.3605862567661264,-0.33633909271416584
0.003540467735329468,-0.011547950382040926,0.001353960188964224,-0.006448965553720362,-0.15121441835359442,0.9299844886128535,-1.3083513640646973,-0.6755502062182189
0.0034121043234148726,-0.011368816971708065,0.001156036381956956,-0.00645937866318859,-0.13785481129733423,0.7903454482742861,-1.2967938040233464,-0.5590036835375108
0.002768911977354252,-0.010319961570768699,2.188795398229908E-4,-0.0063676201427345465,-0.06490842322216944,0.07582277459648586,-1.1109603595114788,0.061695759435029425
0.0024379975909556264,-0.01023591080992226,1.3895817860764124E-4,-0.006202251953392177,-0.06657226630747183,0.018715563342558385,-0.9513798915192867,0.08309752403936001
0.0021181306523271456,-0.010124889929384663,6.382457540634095E-5,-0.006064966433474745,-0.0666993711941765,-0.04419971612497075,-0.8058150974461763,0.11803375639703591
-0.0035363693408628455,-0.011079285149658849,-9.830372128463757E-4,-0.0066701100852599934,-0.1161141642860098,0.644709172774269,1.4380797405901014,-0.3893075637882413
-0.0036162448129035615,-0.011279422060173811,-0.0011841891006754447,-0.006637336911640574,-0.13344891235009818,0.7932759275244587,1.4312411188685574,-0.5238585942455528
-0.0037845186319261114,-0.011445633467984221,-0.001408682692359486,-0.006669421176928427,-0.15197752384261595,0.9492164883600009,1.4716945413851776,-0.6457543123664635
-0.0038799078082463415,-0.011639246050630058,-0.001623978813210553,-0.006621271917995512,-0.1702188255584833,1.1002226145272198,1.4498493514376212,-0.7782445708868704
-0.003929299126573031,-0.011830555164661834,-0.0018062128916451735,-0.00652785175584793,-0.18369502137398486,1.22822967609998,1.393474391182879,-0.8974884691456116
-0.004663362698237257,-0.01254338329391741,-0.0029449952447915227,-0.006394343063418954,-0.2554398610528768,1.9505414630601543,1.3146525308157384,-1.454951286392301
-0.0047522851970724315,-0.01270780007895319,-0.003135517256655763,-0.006273481477627061,-0.2591150276953011,2.0623091977615644,1.2266016704471197,-1.5513706255985324
-0.004714673392689506,-0.012622095913903716,-0.0030464805134345287,-0.006343326139347753,-0.25833695891192826,2.0109753425478023,1.277118706900687,-1.5053384666662302
-0.003981207001499405,-0.012011067343703927,-0.0019759754479507867,-0.00643122148955083,-0.1961681282068886,1.3447143164900042,1.333676377650574,-1.005233826435053
-0.004079861149683049,-0.012125077566338686,-0.0021323680873007074,-0.006405852050621538,-0.205976512911365,1.4457487779421037,1.3216017137767826,-1.0858977378740258
-0.00417819130670344,-0.012214291988443742,-0.0022740313227349856,-0.006395024233238826,-0.21517798356167397,1.5352554392969902,1.3172376541867534,-1.1545480766781309
-0.004289373722128123,-0.012298827149797999,-0.0024269018928483985,-0.006392364961872134,-0.2251519628067744,1.629771306091795,1.3175906888885702,-1.2251841535933499
-0.004433555404880029,-0.012365425513358171,-0.0026030891430947885,-0.006423620134431998,-0.23623615919982036,1.7400106334985534,1.3383646955453679,-1.2997743220102125
-0.004517722009487745,-0.012468066895078301,-0.0027505901552137167,-0.00637846109240379,-0.24297913853591088,1.8310595293236385,1.306349151428341,-1.3723292339103377
-0.004556611583756818,-0.012551083914979643,-0.0028402680909191814,-0.006319950126611257,-0.24580366746356197,1.8841016313190264,1.2655941403073034,-1.4194560150965003
-0.00476719612073208,-0.012801218775989743,-0.0032009151728154164,-0.006179425887146103,-0.2571747500308405,2.096299597180655,1.1606364890793837,-1.588179774556844
-0.0047864394667010025,-0.01289071874047851,-0.003265363859896255,-0.006090638724434845,-0.25485648708506364,2.1281081746957864,1.0988914200170858,-1.6215485415783413
0.02384871287333145,-0.02385328051322876,-3.095615416205886E-6,-3.0325407494965173E-6,-0.0011142809184253465,0.005969727083874172,3.6360189110506416E-4,-0.006412148604617041
0.025,-0.025,0,0,6.947046258898209E-5,0.0015136673837579573,-2.9710050761089316E-4,-0.0012072358645974506
0.025,-0.023267296774415816,0,0,0.016181458058703652,0.0071980660150754395,0.012708227898534671,-0.005372961121984564
0.023580179795673804,-0.022232180535042015,1.3911753745064201E-5,1.5897273501082242E-5,0.03572502937492646,-0.038205661586787086,-0.01608614572526131,0.03795675364581624
0.022613041951928828,-0.021018411558052574,8.695695071663461E-5,1.2318214394187602E-4,0.0501360377921453,-0.13311581481454432,-0.03785118149146283,0.13515591319812115
0.023267296774415826,-0.024999999999999998,0,0,-0.015288198838172373,0.0037375069468175864,-0.012677115294075334,-0.005477633097205863
-0.014995165756016561,-0.01021981599104591,-3.663628736402722E-4,0.00832513258393978,0.3200512201295937,-0.2868253598688999,3.2566444227889555,1.5154556174524156
-0.015008700890651724,-0.010228304851639013,-3.781890774149221E-4,0.008296213072965887,0.31265087910813333,-0.29991687111708404,3.2357084866389756,1.5153370158846275
-0.014997015310364325,-0.010172736759216247,-2.8792745974411604E-4,0.008328214068458377,0.3168919902385034,-0.22569136472233717,3.2729371298575862,1.4536557025477348
-0.015011285918595586,-0.010165494589956262,-2.741282176197211E-4,0.008300065761053977,0.3111046303570355,-0.21840291207475557,3.2572457604151466,1.433453273170617
-0.014995831562063067,-0.010204124970286515,-3.4023143040304407E-4,0.008326241453159897,0.3185042357210664,-0.2665245097947437,3.26220574236217,1.4949313615237907
-0.015009395086466204,-0.010212611189626878,-3.5219013456987185E-4,0.008297348271100432,0.3123929513332451,-0.279547397083812,3.2413009537819257,1.4949048037427908
-0.014996448082291579,-0.01018843184700263,-3.140880864093862E-4,0.008327268556209591,0.31737719362067884,-0.24616446046236803,3.267634965553938,1.4743296221050455
-0.015010066484987416,-0.010196920667454609,-3.2619269138104426E-4,0.008298350310892514,0.3121268945047145,-0.2591802491197979,3.2467406488977892,1.4744504355238668
-0.015010702860728786,-0.010181217406252243,-3.001748178278721E-4,0.008299244271415608,0.311680024985364,-0.238804659694273,3.252046487145846,1.4539668252836453
-0.014985798598725458,-0.01037657978297736,-6.275927567020153E-4,0.00830952359459182,0.3266908912208624,-0.4892873590473196,3.194308060225977,1.7192303428749163
-0.014999127667463934,-0.010385469298867881,-6.384978886202169E-4,0.00828014012892289,0.3171599184618445,-0.5016568230790747,3.1729583102134495,1.7181870379278747
-0.014984591160277273,-0.010392238403124528,-6.53697023385029E-4,0.008307510610563746,0.32669309479410125,-0.5094339625308476,3.1873983357901534,1.7394062681581142
-0.015005426121241594,-0.010291190633486562,-4.8235655112796437E-4,0.008290841507877006,0.3143295676354332,-0.3811241597618596,3.2121185042223686,1.5969219388593865
-0.014991097682117146,-0.01029823468538191,-4.970219171975985E-4,0.008318354607634703,0.3242375603093972,-0.3882639497588674,3.226952455438274,1.6176366163783278
-0.014986956843082835,-0.01036091750474209,-6.015135265130355E-4,0.008311452193064664,0.32515089962855587,-0.46920695117912037,3.201075647827295,1.699028552006493
-0.015000268448301603,-0.010369770285446486,-6.125049499229848E-4,0.00828218863313916,0.31677149473355115,-0.4816517106347092,3.179821979989452,1.6980826700215312
-0.014988065883184869,-0.010345251712533227,-5.754325789097136E-4,0.008313298454262938,0.32311470934742564,-0.44913584358999764,3.207698091716191,1.6787422726578176
-0.015001393329692836,-0.010354077833715333,-5.865117309475932E-4,0.00828408961665912,0.31666256271279214,-0.4616281558978557,3.18652918386358,1.677941842811218
-0.014989125709257183,-0.010329582549946167,-5.493099665985371E-4,0.00831506520807,0.32289118741743544,-0.4289406469768278,3.214211931498202,1.6583747332271344
-0.015002511545042842,-0.010338376064424285,-5.604958820879493E-4,0.008285828454145225,0.31633392126617405,-0.4415994104709457,3.1930603748101514,1.6577414106893877
-0.014990136311907444,-0.010313910160050264,-5.231562100776226E-4,0.008316751689516367,0.3241981095827331,-0.40860347687763915,3.2206388384459443,1.6379938644005716
-0.015003570076857936,-0.010322654906676648,-5.344551308629521E-4,0.008287507995685795,0.3155042563210511,-0.42152518079028206,3.199478631255133,1.6374932388122916
-0.015004528916450523,-0.010306921711883342,-5.084051949912381E-4,0.008289204016238907,0.31467631814717795,-0.40136046094201777,3.2058463870947627,1.6172226565341885
-0.01501397518879941,-0.010378668963478152,-6.232918463847545E-4,0.008252889995068067,0.31622500100747875,-0.48688206939943823,3.159406107856954,1.6901865542306231
-0.015022595540324922,-0.010236829409219555,-3.8984032862272394E-4,0.0082673233520663,0.3117640433713213,-0.30637298634138715,3.215354926929653,1.5086684423293495
-0.015021860275377755,-0.010252566723654993,-4.1573909956669347E-4,0.00826600385035549,0.31221425378918766,-0.32652244807099895,3.2096009091304794,1.5288902366932382
-0.015020988430720588,-0.010268330074051741,-4.4169596418658233E-4,0.00826477097781489,0.31268269282629607,-0.3466974361044108,3.2038197921779505,1.5492217349676831
-0.015020049360333415,-0.010284092188063131,-4.676560762785611E-4,0.008263491378520789,0.3132427155322857,-0.3668493776374484,3.197938193486635,1.5695517120054288
-0.015043366616167548,-0.009944394842261417,9.087442745244784E-5,0.008244831282748765,0.2992400810879148,0.07276894449167808,3.2797498587664946,1.1141092684613094
-0.015041814693575415,-0.010103200484345822,-1.6879282371581533E-4,0.00824536310524148,0.30396248966212075,-0.13314287377943657,3.2406198877372963,1.3209307769689647
-0.015043594809072662,-0.010039667371530865,-6.487042926616304E-5,0.008245021032658595,0.30190624561446183,-0.051036240951554825,3.2570205694214667,1.2378607779503288
-0.015041639724681503,-0.010087287705080862,-1.427980770493117E-4,0.008246789361116084,0.3036275702336848,-0.11264831841364276,3.245791514017808,1.3008402425758578
-0.015042612023184397,-0.010071571904953025,-1.1705533580032096E-4,0.008245733697613026,0.3030015029833073,-0.09231211572726529,3.2492727941632356,1.2797840781823833
-0.015043438994771488,-0.010055692265300885,-9.106558419818066E-5,0.008244796241234196,0.3023873498371316,-0.07176520445580466,3.2527963570818774,1.2586182712259204
-0.015056121415226345,-0.010095688460285576,-1.555487612206147E-4,0.008217422255555287,0.3007276279056999,-0.12231894923719876,3.225127440561241,1.2969884143899637
-0.015042632567533909,-0.009992235932563228,1.2676125979255917E-5,0.008247442263264444,0.30083276618223026,0.010497607521966617,3.2702654031492444,1.1773380181797106
-0.015043090078587153,-0.009976459261786369,3.846921742900413E-5,0.008246332663544182,0.3002702893670542,0.031019242988772063,3.2733074619150586,1.1563376510809162
-0.015043537609961051,-0.009960479377328186,6.458119948592337E-5,0.008245057900084465,0.2996936165459955,0.05180928702259618,3.276215779634826,1.1350388405372824
-0.01505706320711974,-0.01000024901660901,-4.4336941441154273E-7,0.008218706947412597,0.29802716839938276,2.9039254410642706E-4,3.2500132946805462,1.174217380271864
-0.015058114075204554,-0.010015712155655063,-2.5563701083530744E-5,0.008216550028699756,0.2982315360656198,-0.019615172120865155,3.244911525568913,1.1931433760803678
-0.015059129927091288,-0.010031647708951959,-5.142590737837362E-5,0.008214282147319901,0.2984495021141531,-0.040072219914664205,3.2395680450132427,1.2126137864768098
-0.015025995021861057,-0.010158339162256587,-2.6060530815590223E-4,0.008271748855723774,0.3092151534632089,-0.20525521008429481,3.2416984375352746,1.4068566843742287
-0.015026529115240746,-0.010142515703713474,-2.3455847645592444E-4,0.008272400068078077,0.3087887962291844,-0.18478424950759254,3.2466505130115073,1.3862689052062709
-0.015041823782873526,-0.010135347154456957,-2.2129189096028554E-4,0.008242609213062357,0.3047235055021423,-0.17443207544860642,3.2300502246679197,1.361595791820805
-0.015041990915723447,-0.010119224543527991,-1.9495447288969344E-4,0.008243741402779753,0.30430423531873524,-0.15373336775828772,3.235227150110972,1.3410698478347685
-0.015044208619788143,-0.009438443361377162,9.050450298879847E-4,0.008130753777485395,0.28226196469656184,0.7296485088342776,3.2836631313970805,0.43172378921824583
-0.015056208332182464,-0.009454789109301764,8.747507545824035E-4,0.008113815484617601,0.2806823452183616,0.7044499316353808,3.2707106932018886,0.4475744656541559
-0.015061480021403794,-0.00947180772224377,8.461519705909708E-4,0.008110034235526557,0.28023660773164644,0.6810238480766951,3.2665321854168092,0.46769694121388955
-0.01506493965953536,-0.009489370213988622,8.174251532744346E-4,0.008109761679682666,0.280221919196324,0.6575862782671288,3.264604686953056,0.48944884190476795
-0.015067266137680968,-0.009511519308658246,7.819217170133312E-4,0.008113063882543488,0.28051737599301546,0.6287718403580683,3.2645496071955487,0.5178920626936457
-0.015084173680337048,-0.009662504020110149,5.391323424794268E-4,0.008124228382126245,0.28233952725252826,0.43215311838185516,3.253056926613206,0.7090318763761552
-0.015082086023951216,-0.009645682906550594,5.662399706151543E-4,0.008124186200460857,0.28218329909861856,0.45406639948086164,3.255415982328955,0.6880792980818212
-0.015064912946233864,-0.009549271799887933,7.233636563644157E-4,0.008130225017031596,0.28223541171696814,0.5815321645551625,3.271851155226479,0.5699621840180898
-0.015070153575964846,-0.009566727568597576,6.942060516451288E-4,0.008125462165466927,0.28181062381925776,0.5577508314790284,3.2665658669519693,0.590243296440625
-0.015077850699694457,-0.009533442268803696,7.440224175344867E-4,0.008099871420309596,0.27930454495998264,0.5976624762513185,3.2533113205213033,0.5412244538988168
-0.015079277587564494,-0.009628178412416834,5.946260409025814E-4,0.00812517282057818,0.28216045649161864,0.4770501787272327,3.2584881330135467,0.6666159603525025
-0.015075000349542261,-0.009607788321397802,6.279978214001362E-4,0.008128013058545878,0.28227487471154383,0.504109210698949,3.263103601879563,0.6421599712710796
-0.015074189476367305,-0.009585006644991628,6.64184929353928E-4,0.008123077067792875,0.2817276597780498,0.5333204597384636,3.262707035078543,0.6122594206753521
-0.015057518259737028,-0.009919966706544018,1.2995792605286635E-4,0.008215399492528204,0.2956268485314569,0.10406479010959431,3.266220836387706,1.069495235247319
-0.015058764380542234,-0.00993587457421343,1.040703314062693E-4,0.008213764101758473,0.2958380004536462,0.08343028451530977,3.261679341514322,1.0891738164968816
-0.01505634773192171,-0.00988927304123716,1.7986299032026205E-4,0.008215587189658575,0.2949314194699673,0.14394145147358958,3.2728923473788285,1.0302173620680222
-0.015056037196357576,-0.009873273366327153,2.058516422316094E-4,0.008214821986473421,0.2944964350809491,0.16471988905207172,3.2757106558793194,1.0094187879232164
-0.01506864111023506,-0.009897320402573687,1.6588163171930877E-4,0.008191807308943344,0.29268540458626996,0.13275384753974362,3.2558484860707706,1.0303398580351784
-0.015071607769241274,-0.009911052025672655,1.4351294682218973E-4,0.008186893028914411,0.292456516533919,0.11491935835438417,3.2497899062427322,1.0456949092820382
-0.015065864443078477,-0.00973637914888441,4.2537973484315495E-4,0.008176053971355788,0.2881732934941304,0.34088543839117685,3.2757936192311203,0.82008598518925
-0.015062655576937584,-0.009723113733453349,4.472839444306938E-4,0.008179819841211081,0.2883638852841508,0.35858345881621456,3.280474830777037,0.8047388085323032
-0.015068222235650817,-0.00968980732867747,4.994239835357058E-4,0.0081618307891936,0.28620625949152495,0.4005204541476703,3.273874281568869,0.7562521825878155
-0.015068833934354488,-0.009708555668943134,4.69340756031673E-4,0.008164659165478429,0.2866741399561708,0.37626430954470674,3.272819791615519,0.7808339570752155
-0.015085736232734341,-0.009679398253291267,5.12037272428035E-4,0.008125113691597873,0.2825699398759945,0.41028846620545684,3.2511775843851716,0.7303617774678307
-0.01506976703711837,-0.009752667957877523,3.98548332111285E-4,0.008171332999039755,0.2879480405746177,0.31923784380109504,3.2699429880468043,0.83885912175556
-0.015067589428309202,-0.009787770260739018,3.425550442606128E-4,0.008181426994545176,0.28950021718449526,0.2742551871941845,3.270410532886389,0.8870696694203163
-0.015073301825178438,-0.0097716395494453,3.675415914597005E-4,0.008167591253960023,0.28782090157776746,0.29427004268502926,3.264216976139473,0.861343736576907
-0.015071745514565032,-0.009803744491741095,3.162717428461785E-4,0.008175559610532361,0.2891361069624034,0.2531106488636798,3.263675823289002,0.9049688754917871
-0.015082315251414501,-0.009821048293391518,2.8710464680046474E-4,0.008157044479381622,0.28764098975618363,0.22965973228066097,3.248434411861419,0.9194606942200593
-0.015071052538789341,-0.009848325817115448,2.4465663769719713E-4,0.008182518782583774,0.29065397209573346,0.19574206338894926,3.2597637504420756,0.9641905111729804
-0.015068829036563248,-0.009864587434804313,2.1868696084889643E-4,0.008188606347587326,0.2916826525926488,0.1749829236328521,3.260479108143584,0.9873200869514005
-0.015087199813878755,-0.009839513057725307,2.569828589892903E-4,0.00814968122259332,0.28721616600348515,0.20551943135536413,3.240171768973482,0.9397208251240249
-0.015056473617991346,-0.009423531129775212,9.233709016005866E-4,0.00810088984633961,0.27958777537888185,0.7437999308855011,3.264747186011324,0.40529457246134865
-0.01506721031845758,-0.009408934735746225,9.415725580690478E-4,0.008074127322369033,0.2771464112508224,0.7578653438349416,3.247807499263359,0.38040459531477855
-0.01507054774295715,-0.009381608484451038,9.822335493601564E-4,0.008056116899364075,0.2756783194196968,0.7904630753334726,3.237681651310312,0.34237171607754435
-0.015072067501464738,-0.00936672160141079,0.0010043848401785139,0.008046687441085451,0.27490102265073774,0.8082416304471128,3.23231410070762,0.32184087076078655
-0.015071536199543495,-0.00934788142280911,0.001033414185506764,0.008039254049841666,0.2744034365840822,0.8316956910262966,3.22850026313314,0.29702356910501687
-0.015069473324385952,-0.009327129373076778,0.0010659887060159503,0.008033611600358202,0.27409939186663884,0.8581133485025457,3.2259207063944153,0.2703350002970724
-0.015052835898371336,-0.009268497344528273,0.001163186743127041,0.008036616257265454,0.27525559231229385,0.937873474170032,3.2309308364627323,0.19893250836710727
-0.01505561917859112,-0.009285293538179855,0.0011362966683511689,0.008039795109033585,0.27524490110403893,0.9159822899889816,3.232334046335988,0.22022941525713285
-0.015067599758686552,-0.009302070481285802,0.001104939047459056,0.008025219338128406,0.2737137519752895,0.8896720473036525,3.221595816947008,0.23782994854639933
-0.015058067798486051,-0.009235012653777047,0.0012109845631518385,0.008009213679929754,0.2733349595236834,0.9759041917960988,3.213541569513904,0.15252788167431372
-0.015067943031157785,-0.00925279625059641,0.0011790991268067297,0.007999848975198467,0.2720616408702474,0.949374448121011,3.2065533377518634,0.17251647692046937
-0.015078541213385144,-0.009394386022167576,9.592122889936378E-4,0.008046241148280375,0.27467639522012494,0.7713301165828352,3.230078985892074,0.35569305725715056
-0.015010554188763152,-0.00879502721770782,0.001875167739956987,0.007800280488566738,0.2700415910380722,1.5086647571593481,3.0601837569844164,-0.40431180030667896
-0.01502021013788115,-0.008819530355968577,0.0018340390539828817,0.007802751621097589,0.26896603425377924,1.4751012037944875,3.0638400152215106,-0.3745271736834413
-0.015030280687494409,-0.00884314386788032,0.0017938403144226428,0.007803332189735049,0.2679279001911692,1.4421411134352533,3.065978990293329,-0.345944621091364
-0.015039920875965894,-0.00886847904457405,0.001751648829290489,0.007805553739551809,0.2668661195119441,1.4077293074206632,3.069223838552133,-0.31532349886662786
-0.01504269517200237,-0.009134119012507219,0.0013700743402911169,0.007981120784989727,0.27301414974055677,1.1052149277044399,3.1964638590764527,0.024201260557692252
-0.015048743492029497,-0.009153008851280604,0.0013385293184906273,0.007980969898839405,0.2724297813071912,1.0793123272850682,3.1961753204431074,0.04730638253573436
-0.01505740609861839,-0.009117188278742168,0.0013861160507304873,0.007943431340725756,0.27004936383598305,1.1163851833952425,3.170772639406896,-0.0019111390556369502
-0.015057559359223389,-0.009088753312503006,0.0014274874133475236,0.007925674354823978,0.2691417736981662,1.1493963854055942,3.1586186850803597,-0.03886415796572354
-0.015048091523174231,-0.00889608434340136,0.0017074376693468156,0.007811597433379208,0.2661830637303702,1.3718906391455798,3.0749979341267566,-0.2818043891439474
-0.01505464301877564,-0.008926110096675998,0.0016609786727291055,0.007821731113023684,0.26574637693610054,1.334583994601011,3.0834752913347874,-0.24518541360238413
-0.01508056750170228,-0.00906149692250912,0.0014523348295650532,0.007866224233401454,0.2648821919660556,1.1665539168450707,3.1180201490187565,-0.07897709240877761
-0.015074263365349031,-0.009035732689730687,0.001493135149514385,0.007861230541529417,0.26514930611815535,1.1996648730571648,3.1141494976166872,-0.11038572351125377
-0.015058352875274473,-0.008955738133969613,0.0016169405239531316,0.007836092887437219,0.26590092079929706,1.2994673816830835,3.0945841433518555,-0.20859232620939164
-0.015068888915827458,-0.009011852019304148,0.001530602025647381,0.00785532856428057,0.2654005915179463,1.2299641671386405,3.1095559639262453,-0.1395989813533949
-0.01506254048006821,-0.008985400998255236,0.0015723073068319698,0.00784904012290368,0.26579916815613314,1.2637186283989659,3.104490954540904,-0.17190597475780803
-0.015065936940979243,-0.00921517705711855,0.0012364393395919214,0.007983704414629785,0.2713022076489764,0.9956526290864757,3.1968137633447813,0.12369674004775232
-0.015067687613353115,-0.009193627744108151,0.001267520629762945,0.007968593548595476,0.27046468141927354,1.0204147272495465,3.1870342957423237,0.09486379342246903
-0.015064593928373619,-0.009168670370584999,0.0013061920078306654,0.00796032824779644,0.27024959855676706,1.0516930875066837,3.1818684180789805,0.06319068594973463
-0.015019895246704154,-0.008752223416807014,0.0019252128908448236,0.007748784348448624,0.2678894730507724,1.5454110376433727,3.021462806116331,-0.4565680312900497
-0.01501306427413752,-0.008698469945034756,0.0020021629933206493,0.0077153457969443276,0.26802288177396666,1.6055171285840113,2.9933216808739904,-0.5210528527176663
-0.01502443701423591,-0.008727024403378454,0.00195489666992205,0.007719866175322241,0.2666177689581672,1.5672151882531706,2.99943188119141,-0.4867495014792454
-0.015019985207882742,-0.008673021787624448,0.0020294153839553243,0.007681445161109827,0.26638609752021,1.6246172205811704,2.9676560462663817,-0.5506584660051842
-0.014986662078013661,-0.00859196680800559,0.002163492187367944,0.007665709471969124,0.27054535665077495,1.732711184824294,2.946633999911534,-0.6476334165941829
-0.014993233123368433,-0.008614769433691438,0.002128340282053764,0.00767541869554029,0.26981296512408254,1.7049289833778538,2.9562467689593457,-0.6205895560597091
-0.015015748848222875,-0.008650230929180403,0.00206258061017579,0.007668757680788619,0.26687740760985307,1.650525370277659,2.9563767922483706,-0.5775436603785877
-0.015011602171498118,-0.00862605814130975,0.00209731589537585,0.007654349885499037,0.2671505102461389,1.6774506742018236,2.943669969997061,-0.6058411561492972
-0.015028490905196881,-0.008773175898735514,0.0018901243472833186,0.007750925206074721,0.26684048891106865,1.5168265058286377,3.0248810663714205,-0.4313212554571331
-0.014619404744886719,-0.00743806188422563,0.0037622323779336396,0.006784998658052752,0.3367050615420371,2.8393200613224425,2.0398798804513625,-1.8097647129896715
-0.014650501861134833,-0.007462110465329504,0.0037014420380811846,0.006784352073075524,0.3303066272048602,2.7926024222898396,2.054322160353014,-1.7762270462079262
-0.014673301619510791,-0.00749616737280619,0.0036456192532497767,0.006806382970014306,0.32577779970501947,2.755801301466052,2.0839358586187298,-1.7432359249358444
-0.014693463121752775,-0.007449256947208336,0.0036497126291733764,0.006717807776141535,0.32285947884306104,2.7350301911839714,2.0179478185205606,-1.753119301524687
-0.014690650980913572,-0.007547552530966183,0.0035844031667938018,0.006857930289839319,0.3220219838421718,2.7227075966974037,2.136053166673587,-1.704153971265867
-0.014735840319327643,-0.007687306391230351,0.003414147078556109,0.006994051770902517,0.3125458138149155,2.6243791328826407,2.2742033811898676,-1.5902966575788111
-0.01473632894897195,-0.007652386630988339,0.003441596245237751,0.006946284762783905,0.31253875525944397,2.6343627241100527,2.233211450497035,-1.612402213064683
-0.014728996270139615,-0.007582176633322855,0.003505867791395632,0.0068598990056595805,0.31505769375893616,2.662936766387961,2.155504154090647,-1.6594693369737576
-0.014754853901903342,-0.007619294811037922,0.0034425647376414123,0.006878853371455876,0.3098843645149996,2.618877251349321,2.1834247941584857,-1.6212259796283817
-0.015005670530791482,-0.008569230659411904,0.0021746792847899495,0.007612664592700631,0.26751192669262674,1.7363506215659663,2.9079874212127046,-0.6714106962389441
-0.014819270772593323,-0.008061541566606045,0.002960007956717163,0.007361515010900753,0.2953275061453354,2.338770895999685,2.630559791341958,-1.2501820857898192
-0.014829167966937526,-0.008111941461967873,0.002895217412752251,0.00740765117462231,0.29350106009660554,2.2942670607125364,2.6747303790478623,-1.1989618505573525
-0.01482640229779729,-0.008082671127648574,0.002929377766266284,0.00737656928039446,0.29391603591234355,2.3166461825318616,2.646483051407103,-1.227610753348322
-0.014856187769085436,-0.00811588718807726,0.002858901965691254,0.007371705215324148,0.28900281915222814,2.2588813932945406,2.6536269786592674,-1.184197155971496
-0.014871252079086784,-0.008134832757854883,0.002821140348193449,0.0073713095328584175,0.2865246842289491,2.2283257347132275,2.6589670328758337,-1.160347573906902
-0.014827141675180181,-0.008038137674531019,0.002974414348764998,0.007321369417074759,0.2940243519648056,2.343245052636767,2.5985123693696983,-1.2678975621592004
-0.014883548865321995,-0.008163072126410424,0.002776676536088596,0.007385433425764914,0.28444292230396045,2.194765618427173,2.6757421918189386,-1.1288099282003274
-0.014891356842418553,-0.008193214599257126,0.0027350885707423055,0.0074079709525428075,0.2832706108585159,2.164761070611146,2.6980360549711033,-1.096916021021521
-0.014918673987239969,-0.008202660492785393,0.0026940337618150583,0.007376872045878913,0.2789947356754552,2.1268477135677966,2.681224159601369,-1.0779505323889986
-0.014933620532866872,-0.008226734446040534,0.0026511772488157933,0.007380719844626022,0.2764555567068168,2.092910464844419,2.6898628236446602,-1.0494781188317983
-0.014951574137530668,-0.008255110634332563,0.0026003344302403548,0.007384072934671758,0.27372187007967724,2.052542990075454,2.6990335320773027,-1.0158765695872638
-0.014954517834802672,-0.008295285256752955,0.0025522700268316664,0.007422593837118588,0.2735124124038028,2.0194391157695963,2.7328412650670133,-0.9752639691258205
-0.014968393740633898,-0.008328745935939345,0.0024996728807794217,0.007436144882337079,0.27132222815149387,1.9788284884231675,2.749020565659174,-0.937403063409153
-0.014962446950734872,-0.00835805254534138,0.0024721317358954477,0.0074760353891343044,0.2724606157354876,1.9618919870096148,2.7809610767940574,-0.908906111440578
-0.014951193461241685,-0.008391649846741563,0.0024444065762754407,0.00752876021087663,0.2743709999439306,1.946155504709833,2.8218712743436796,-0.876469265017298
-0.014972146990783988,-0.008419268176347373,0.0023903079085232756,0.007523019341296862,0.2712021824398015,1.9015188182253129,2.82364802917737,-0.8421635958776674
-0.014983886784669555,-0.008452706921090212,0.002338609108788275,0.0075372887745252795,0.2697283909096387,1.8612968504323018,2.8392200832497654,-0.8037612432543179
-0.01501642457045347,-0.008543347378041995,0.002196899108092627,0.007570725120412955,0.26545709484974206,1.7500563407767147,2.8764797166204903,-0.6988889863240438
-0.01500819412366634,-0.008516161850761077,0.0022380748200135935,0.0075588069863349846,0.26649802687256435,1.7821309638611968,2.8642894604130142,-0.7301485380537774
-0.014996612525681496,-0.0084859258236767,0.0022860444669627303,0.007548926366546603,0.2679613421852274,1.8199310738540604,2.852726685928996,-0.7652384592859494
-0.014806887376226027,-0.007913123631116415,0.0031222396120438624,0.0071948867327466534,0.29811756260413963,2.4378354744025397,2.479802166452327,-1.3843307383101529
-0.014783669842854468,-0.007838130758209908,0.0032212235101836176,0.00713081258416562,0.30259754698756475,2.5032457782166504,2.4141577781234638,-1.4554603899112912
-0.01479561335606424,-0.007864812256085311,0.003181564906873898,0.0071489301050637905,0.3004226911970518,2.475686145748703,2.4349857075635346,-1.4285371293322238
-0.01481864537997418,-0.00788202384584838,0.0031364174688987244,0.007139336077431371,0.2963695510259972,2.437964355228921,2.436364886434825,-1.4029085521315565
-0.014749041278115698,-0.0077457416857085555,0.0033477326546881812,0.0070554314463091355,0.30939071616895003,2.5865164844914017,2.3335026416354636,-1.5426543840495606
-0.014764975270832174,-0.007772476285823594,0.0033036924387173996,0.0070699819326218855,0.30635163784284264,2.5551606628197394,2.3530888933719516,-1.5144423107817888
-0.014789794918663297,-0.007780662694600165,0.0032641104144309914,0.007048063352212829,0.302243510747227,2.519244549600407,2.344799288781688,-1.4943615862945474
-0.014805751163550354,-0.007807021461224553,0.0032204635708491997,0.0070611008321034285,0.29918371353640993,2.487799230973082,2.3629721413614058,-1.4663865793745412
-0.014764563514865145,-0.007710391836070752,0.003356764579762053,0.0069884126846346045,0.3072203187500618,2.5782381679250896,2.282073721742154,-1.5576173549575356
-0.014837526351992557,-0.008006621961925205,0.0029934300042353365,0.007267775173263949,0.2926286660919138,2.348895313248533,2.5558321588428865,-1.2909556427612825
-0.014832341366354633,-0.00793948716498984,0.0030652733207296415,0.007192379820348919,0.29384114649516907,2.3920514141083324,2.4880692176478747,-1.3500491991289374
-0.01484696359628481,-0.007974035066793079,0.003013944110829795,0.007214395812711764,0.29096412915683306,2.355399844214102,2.513079232901251,-1.3143031939716898
-0.014525565543022834,-0.007191126330471633,0.004046881715388659,0.006519902073316402,0.3575079902969445,2.972083091684191,1.7704991770586422,-1.9743818345381456
-0.014535013062401767,-0.007151382888597772,0.004052969616583499,0.006451741664853637,0.35558215041638075,2.9538121713202554,1.7196919041946015,-1.9782365166836322
-0.01455326113810678,-0.007231133933594468,0.00398443304947487,0.006552303681636694,0.35141905709252413,2.9364260150496486,1.8112656924300246,-1.9413066007604007
-0.014594101292771514,-0.007261377478188772,0.003907762428880278,0.00655586385995413,0.3433282391883275,2.880636382156706,1.8346431429347632,-1.9009216892880942
-0.014625345290747022,-0.007396079464337475,0.0037812203347746087,0.006717942539566893,0.33579417893489943,2.8345835084570923,1.9856855202041694,-1.8250857898825215
-0.01463104593470474,-0.007352927137540041,0.003800251786561206,0.006649818626284197,0.33531066953907257,2.8289297573808905,1.931110128379531,-1.8394943066675602
-0.014619163711071317,-0.007322585993064826,0.00383583654231811,0.006618742885629145,0.3378722376967737,2.846252411993763,1.899364507391542,-1.860121052574809
-0.014627328902447903,-0.007287228084266703,0.0038449787036541616,0.0065594409679372795,0.3368154248358283,2.835015177076744,1.8539143226909187,-1.867561640737361
-0.014470782144971526,-0.007042195617884598,0.004199772274589502,0.006346223519083921,0.3692878342517277,3.0240298342181995,1.6013404034544512,-2.051543970253812
-0.014474873462465959,-0.006981420778027438,0.004218766419169904,0.006251312388549016,0.3684568614409858,3.0029546480420906,1.52882213269287,-2.05801382719706
-0.01451601178740846,-0.00706296862494998,0.004122895555052435,0.006337781452914963,0.3594272974108787,2.9654785131712433,1.6186731454013958,-2.0129935473756064
-0.014550114196806269,-0.007081235055000611,0.004064277237921979,0.006334393889907458,0.35310125795344666,2.921914625852804,1.6332295136760375,-1.9834473865345903
-0.014561858605938066,-0.007119105523006698,0.004029200869620629,0.006379230872467921,0.35039103313147124,2.911924737859882,1.6749294845266023,-1.966139842334507
-0.014443526507627716,-0.006932106130535553,0.004284789357226795,0.006202648506004328,0.3752330372794752,3.0315205809677193,1.4744478845071334,-2.08799706119175
-0.014505200412919448,-0.006937684217052333,0.004190733919011493,0.006161499279267225,0.3619100243223908,2.949683780095359,1.4756433098715307,-2.0404986193099206
-0.014175517468360255,-0.006408061478552524,0.004806984097088004,0.0055727445919146685,0.4238714906347894,3.1118716570629457,0.8798033524108994,-2.2473883696313344
-0.014223872861639685,-0.006449936920752412,0.004730081162366408,0.005613111927401948,0.41491826285175165,3.0819477441137324,0.933332692103133,-2.2227375556527984
-0.014294292823271368,-0.006574239650122764,0.004606576674825943,0.005763184643108799,0.4029990473625282,3.0700176603136144,1.0728584529952412,-2.1933898405369376
-0.014268815449006779,-0.006515466111702485,0.004654203841152072,0.005688738529175225,0.40682507984154764,3.0678501940782636,1.0081587723259426,-2.2031053741970115
-0.014333223994513557,-0.006608915972794942,0.004541622805703748,0.00579262378148199,0.3946951269879208,3.0399379546882055,1.1146118152748947,-2.1690757993226395
-0.014186375535783766,-0.006333997918098092,0.004795561362820194,0.005456716874434219,0.41937740996843725,3.0492960888543514,0.8134176933798468,-2.221500250759483
-0.014184288092107594,-0.00626209510179817,0.004801798393407928,0.005351519834586384,0.41654304042385,3.003285090764592,0.7492649258936616,-2.203593534909802
-0.014174912878233468,-0.006208047065976468,0.00481681814539008,0.0052763484752565495,0.41635465276251715,2.9755125550800243,0.7006133237250796,-2.193769100157668
-0.013932859224232902,-0.005865159395431738,0.005141577132045539,0.004847508022893159,0.44627844120596816,2.9403443850506865,0.34120284616473295,-2.2040778859877492
-0.013969749517591494,-0.005896719924034861,0.005093621998051047,0.004885849266808789,0.44095461951004883,2.935065090674954,0.38056090729649167,-2.198911676889028
-0.013890827318307703,-0.005833086793683748,0.00519607522888735,0.004808234961740278,0.4529627369980351,2.948328078900054,0.2988474435610788,-2.2106851630993325
-0.013818472478623695,-0.005709573723202964,0.005274457807320197,0.004642437393180119,0.4562464828605467,2.898799485342398,0.18610560770889745,-2.186848753453272
-0.013869109227307892,-0.005777692398081033,0.005217100856121551,0.004732836816292776,0.4524784635122863,2.9186021248332406,0.2530809415678061,-2.195879031944655
-0.014135816203476573,-0.006161363164418995,0.004873641518825514,0.00522237588417306,0.42247878867601957,2.9826153832210496,0.6480276251290397,-2.203592496764403
-0.01398877629557355,-0.005967209510638516,0.005074590117436435,0.004982499749880297,0.4416895180136922,2.9753402131007225,0.43792097888613435,-2.2178007030488494
-0.014028800809016995,-0.0060521257274188155,0.005024431421335448,0.005095553927153461,0.4390772683287669,3.005760935458319,0.5181073908983417,-2.228860136572521
-0.014112089467753672,-0.006079739710307414,0.004905891994385263,0.005112310846710798,0.42250330424048954,2.9466906103656787,0.5751114265631084,-2.1906656678257495
-0.014420955105926966,-0.006872321251671938,0.004339839235673306,0.006129966610046483,0.37897929401411773,3.0420599154007957,1.4071003521770225,-2.109963419871111
-0.014393499454178626,-0.006832495187971443,0.0043942887082170905,0.006090092808659668,0.38496209641398765,3.0642264227982476,1.3622479909366363,-2.1327028319662173
-0.014397259499967608,-0.0067872031865441355,0.004402135012337737,0.006018864692019503,0.3838061015539434,3.0411556101419865,1.3111057081847959,-2.1306817886378333
-0.014389991223949678,-0.0067362501346868685,0.004427196463002685,0.0059472761415196905,0.3848885566163802,3.0289831922167605,1.2550860380857645,-2.135644470733032
-0.014377531471915986,-0.006669396603549041,0.004462460749548306,0.005855578445628168,0.38658849690826974,3.0144399648410434,1.1826136105587846,-2.1418205022046286
-0.009717443732062379,-0.014992009811233265,-0.008319870349886776,-4.709670033509947E-4,0.2829686583031589,1.6283893453473668,-3.2614509371921385,-0.37179281824267235
-0.009708742809896021,-0.01500556611368273,-0.00829035429136906,-4.824129277984632E-4,0.2771955013971639,1.628400632979014,-3.23959388218408,-0.3856446975133208
-0.009733124950832917,-0.014992872690959788,-0.00832131043698623,-4.447954922420281E-4,0.2843026082255484,1.607133404571587,-3.2669694001803578,-0.3510673038966409
-0.009724492757779264,-0.015006516497358463,-0.008291723678771167,-4.5632032299808804E-4,0.27677028387946573,1.6073663840003418,-3.2451253077149715,-0.36524645637997694
-0.009748808830033833,-0.01499368631334919,-0.008322668772211777,-4.186116076023997E-4,0.2860554291531303,1.5859106047092537,-3.2723824919809346,-0.33021629684378495
-0.009740256018483153,-0.015007370381992876,-0.008293102859454839,-4.3021734608240876E-4,0.2761012088186257,1.5863110647921081,-3.2505973267925357,-0.3447911365359269
-0.009764495229330011,-0.014994450670793703,-0.00832394391316997,-3.924436581113318E-4,0.28713157981507925,1.5647431698003293,-3.277688215874272,-0.30935423860742983
-0.009756004791623885,-0.01500811640535791,-0.008294509941339857,-4.0414677141404866E-4,0.27550219186561803,1.5652649162667915,-3.256017158612099,-0.32427406510490825
-0.009780184008954095,-0.014995165756016561,-0.008325135122006763,-3.6630936025031097E-4,0.2865655648554674,1.5435993314672007,-3.2828690959518485,-0.2885851793200126
-0.009771733734537926,-0.015008780086502296,-0.008295896111006548,-3.781088005039784E-4,0.27524132135794765,1.5442244018645612,-3.2613518976976636,-0.30369753986694525
-0.009795875029713486,-0.014995831562063067,-0.008326243123770357,-3.4019566439262675E-4,0.2847261650616968,1.522419154081118,-3.2879085715041847,-0.2679223588728571
-0.009787456817423818,-0.01500941260213331,-0.00829716537002348,-3.52072280927089E-4,0.27539017057742293,1.5231578326713253,-3.2665373737153622,-0.2830853706690539
-0.009811568152997377,-0.014996448082291579,-0.008327269551021758,-3.140649020356859E-4,0.2834131055376475,1.501166272611156,-3.292810944431325,-0.24726364659680675
-0.009803187236580595,-0.015010047993102946,-0.008298253338239053,-3.2601551540779574E-4,0.27560106673136847,1.5020422344616142,-3.271524046361964,-0.26247603960950644
-0.009827263240783757,-0.014997015310364325,-0.008328215140023184,-2.8789704732084376E-4,0.2837174968831102,1.479863193193398,-3.297594050793483,-0.22650558706119653
-0.00981892854589664,-0.015010666499071209,-0.008299196627962123,-2.999401174648946E-4,0.27545825266883267,1.4808841630038578,-3.2763334523722594,-0.24187257953758648
-0.009842960155646504,-0.01499753324023817,-0.008329079086197486,-2.6171278751536704E-4,0.2847112524797036,1.458557724290025,-3.3022635093495505,-0.20565820609181387
-0.009834673641425198,-0.015011219348318859,-0.008300088347900698,-2.738635332459926E-4,0.27497244518813696,1.4597090497882645,-3.281032990321241,-0.22124091249835456
-0.009858658760762437,-0.014998001866155195,-0.00832986025298805,-2.3554571725875397E-4,0.2846336008370487,1.4372637969704634,-3.3068055331280797,-0.18481648887152968
-0.009850413867459126,-0.015011687868185443,-0.008300964554961222,-2.4779729440125236E-4,0.2745566278961597,1.4385312706659594,-3.2856565859984848,-0.20055426502123544
-0.00987435891991841,-0.014998421182633165,-0.008330558677636437,-2.0939491158186894E-4,0.28353046016295297,1.4159558113339028,-3.3112113756923143,-0.1640226885088751
-0.009866151226852806,-0.01501210361781913,-0.008301765225122923,-2.217325283939091E-4,0.2744504206842852,1.4173339682134338,-3.290164934178645,-0.17982552573375654
-0.009890060497518439,-0.014998791184455908,-0.008331175092570434,-1.832339874522712E-4,0.2829286638303604,1.3946165986856915,-3.315490874458112,-0.14322547016968354
-0.00988189025121872,-0.015012494419761983,-0.008302436803582044,-1.9566213450976412E-4,0.27438768282987674,1.3961032039826293,-3.294512123238159,-0.15908509001974533
-0.009905763358590827,-0.01499911186666351,-0.008331709593319785,-1.570595348364715E-4,0.28297793965487844,1.3732558264348549,-3.3196499071926415,-0.12238876673579042
-0.009897628563186782,-0.015012845473712217,-0.008303007327983834,-1.695936734369118E-4,0.27412397378931663,1.374853656964991,-3.2987132430359343,-0.13833549799878783
-0.009422768926658928,-0.015010846132136544,-0.008189653105512272,-9.433741817421944E-4,0.2700744005687412,1.963192237774473,-3.080394657100079,-0.7402785638297326
-0.009406691391125271,-0.015008576969149048,-0.00818731891856102,-9.698119260116829E-4,0.27005632128312124,1.9842236304167784,-3.072798940212016,-0.7603455089323817
-0.009359849364120211,-0.015001491836234027,-0.008180365510157503,-0.0010469740726775907,0.269978186748372,2.0455843932506528,-3.050082041215196,-0.8187014205400976
-0.009375293876661762,-0.015003708450543095,-0.008183072120614726,-0.0010215983469891328,0.2700633546312346,2.025610351496461,-3.05789730439542,-0.7995496268658662
-0.009390864608295356,-0.015006113056314644,-0.00818528871304827,-9.95924747084446E-4,0.27009318303541646,2.0051486140304466,-3.065394803009369,-0.780135400609706
-0.00925459252475223,-0.015003162217230373,-0.008124654144805009,-0.0012103783784594856,0.2638737635328754,2.1544114783629635,-2.9737536719729785,-0.9400676927555143
-0.009270800669034898,-0.015006630440565124,-0.008126486853769632,-0.0011835049416393892,0.26385056763576337,2.1327845329701756,-2.9818547883758186,-0.9200717152724086
-0.0092876555797443,-0.01500840112900472,-0.008131749255020622,-0.0011564901315452845,0.264334267632136,2.1127941253769613,-2.992072202703478,-0.9000191326423552
-0.009303796211093025,-0.015009384927282703,-0.008137981848019104,-0.001130932659097224,0.2649420307493399,2.094513512518755,-3.0024592965647035,-0.8810292915545982
-0.009319327579626236,-0.015011120612713903,-0.008142269116973492,-0.0011059021617872103,0.2652651977632899,2.0756627435776385,-3.0114220795943396,-0.8623261090930313
-0.009334782859407932,-0.015013315133127987,-0.008145452381423925,-0.0010807378327746902,0.2654544644342125,2.0561545767301532,-3.0196481271510804,-0.8434709407754194
-0.009350113875707408,-0.015014647444531735,-0.008150086463700587,-0.0010561489191430512,0.26583856679126733,2.037863681262355,-3.028582650177546,-0.82504045095488
-0.009438915799994818,-0.015012700782667315,-0.00819264319651227,-9.169817521822962E-4,0.2701774673755218,1.9425353165387749,-3.08832388931382,-0.7202120089223935
-0.009454932681404002,-0.015014186812802983,-0.008196119683417933,-8.909197875842729E-4,0.27035218158976665,1.9224048954174975,-3.0964179326171575,-0.7003604765754919
-0.0094707542880207,-0.015015390569159208,-0.00819989241208108,-8.652489742835698E-4,0.2705831222881307,1.902754309619576,-3.10454576170222,-0.6807690249386084
-0.009486385610501446,-0.015016710567031126,-0.008203182157284399,-8.3980771989436E-4,0.27075129036727863,1.8830563290338382,-3.112244581081439,-0.6613110278285389
-0.009502002260206822,-0.015018475696349962,-0.008205407508614255,-8.142052997594866E-4,0.2707490314762074,1.8626998449114873,-3.119218658182255,-0.6416929695290056
-0.009429207793414548,-0.015027771604052062,-0.00815905225442916,-9.26196128202831E-4,0.26568704664266524,1.9334144026331497,-3.0647918712782936,-0.7267728838951371
-0.00874325842589172,-0.014955602746691369,-0.007854519758974299,-0.001991509726540636,0.23037566086212422,2.6627158588340425,-2.5687681096524675,-1.4855698056684157
-0.009223604767507653,-0.014997428026741364,-0.008118874187956185,-0.001261248953690934,0.26353845455419944,2.1942121085360946,-2.9567312060193363,-0.9777679348021006
-0.009238805528890998,-0.015000330808808693,-0.008121625082525405,-0.00123625380609616,0.2636785474884575,2.1746250081099237,-2.9650741649172585,-0.9592729328672703
-0.009213697725544128,-0.015007995762465455,-0.008092982539328688,-0.0012705420147525448,0.2600666892147461,2.1886614297070994,-2.9379709325505328,-0.9838080762254766
-0.009200105073462965,-0.015008749888697917,-0.008083874499972327,-0.0012908490755649904,0.2589602696919555,2.2009888135851203,-2.926819225926325,-0.9985189855911586
-0.0091841626101104,-0.015008449082458583,-0.008075312768035284,-0.0013152551519218262,0.25799516966746144,2.217019273519668,-2.9148561094478436,-1.0162280956208045
-0.009167804730660747,-0.015007041791027867,-0.008068451844663186,-0.0013408601299793666,0.25725873126801396,2.23492362445276,-2.9035641358492543,-1.0348353578805527
-0.00911835002136068,-0.014994550074807406,-0.008062244081510267,-0.0014230184655676448,0.25705937563040543,2.3005901454581488,-2.8767059060432962,-1.0949034334121495
-0.00915106915886905,-0.01500526086687635,-0.008061892040298222,-0.0013671949700674888,0.25657060551272254,2.2535904844010504,-2.8921881702050602,-1.0539434519703317
-0.00913241533437427,-0.015003321942969513,-0.008054261160298294,-0.0013964512539652511,0.25571337599173627,2.2741358001694496,-2.8792546755391584,-1.0750920632804954
-0.008891785109544276,-0.014970124164362194,-0.007949552728402823,-0.0017722923375316588,0.2433088115525974,2.5326899660273123,-2.7006289466669173,-1.3398914002109528
-0.008875386624942801,-0.01496774302739338,-0.007941178885811674,-0.001797479612571144,0.24219497723307315,2.5491261681679145,-2.687282180342056,-1.357081344516037
-0.008858520230829324,-0.014965991662787663,-0.007931102218153109,-0.0018227556717068099,0.24090693850850234,2.5647051952768085,-2.672789862558304,-1.3741689352729891
-0.008812199796827052,-0.014950390675400691,-0.0079220590117713,-0.0019005656696280862,0.23969819484343854,2.624490517466373,-2.641108287862654,-1.4279913361607743
-0.008830603611946148,-0.014950810356859842,-0.007936390497943521,-0.0018743613288637188,0.24174939281727972,2.6105715192594343,-2.658716024537918,-1.4107789484262756
-0.00883995353909462,-0.014967274729231034,-0.007913952491023972,-0.0018478906575240866,0.2384905631156252,2.5762894969471777,-2.6539719010717295,-1.3905743095439922
-0.00876416181882625,-0.014961008936131422,-0.007862711851146799,-0.001958288025013935,0.23153980028602641,2.639767144860748,-2.5853203122276134,-1.4633480451447805
-0.008784582407997649,-0.014965117430301234,-0.007872517566546623,-0.0019267366689375914,0.2328301478670459,2.619063816102305,-2.6021274318890586,-1.4423370787500975
-0.008801577552054336,-0.014964629130726137,-0.007887502071209822,-0.0019036192766633668,0.2349902514483524,2.608103284677226,-2.6190835623974014,-1.4274713028416943
-0.009086714224568247,-0.01498855641486677,-0.008053518718673837,-0.0014742570997856156,0.25622199556522,2.3389915983526364,-2.856524001934122,-1.1319394085510808
-0.009101269083199571,-0.014996335169515368,-0.00804809111138124,-0.0014475061861591236,0.2552107308502319,2.313701421822453,-2.8608896333480085,-1.112168714022837
-0.009069204443591269,-0.014989733636528557,-0.008039870763362197,-0.001499606538764429,0.2544310668808128,2.353050652484152,-2.8406369878211497,-1.1497398531180119
-0.009049609030295044,-0.014996779537543387,-0.008013611283612136,-0.0015239771796954971,0.2510327968089221,2.3596354889828457,-2.8171931116817563,-1.166097355497637
-0.009030584755834403,-0.014998465589630082,-0.007997647447425383,-0.0015508379629527115,0.24892545392274204,2.3736723128522765,-2.799339852196745,-1.1846729827017348
-0.008987683151933858,-0.014987499215686081,-0.007988378788108428,-0.0016211686612869374,0.24808249230350143,2.427501051787942,-2.772282470712588,-1.23476372874036
-0.009014437697023927,-0.014997247378610294,-0.007988887482133005,-0.001575318897792395,0.24790569023087397,2.3895186512669935,-2.7865687193601474,-1.201870355027012
-0.008999652713560562,-0.0149975663380368,-0.00797804402342794,-0.001596664666928964,0.24639917270655748,2.401610557923459,-2.77341956892827,-1.21661767250484
-0.00895659208558013,-0.014980949710501967,-0.007978209868367933,-0.0016710324549574895,0.2468846454518566,2.4637331290785407,-2.7505366527694957,-1.269869682602833
-0.008968758279840254,-0.01499426037999545,-0.00796232722287211,-0.0016438067112757979,0.24451973238813654,2.4325493956837954,-2.749261326111324,-1.2494694964243873
-0.008935642316834023,-0.014985991668065288,-0.00795348552767536,-0.0016975333093401537,0.24356042368539013,2.4725819420769386,-2.7269996996740695,-1.2872161155602642
-0.008897699859715119,-0.0149895922710737,-0.007918395282337823,-0.0017489622911674517,0.23888453185158867,2.4966105844063775,-2.689137302840924,-1.3213908819092464
-0.008916274556774621,-0.01498944012436129,-0.007932707833094604,-0.0017226751122966296,0.24075615302496267,2.4824161550868244,-2.706294911120152,-1.3037446417614103
-0.009699889968682414,-0.015019505451984494,-0.008260761380057298,-4.938909755133787E-4,0.2746864199659748,1.6217963134938171,-3.2182829696242146,-0.39275040650714693
-0.00968415981201049,-0.01501840202862053,-0.00825943208385547,-5.198086289449113E-4,0.2749104497146699,1.64276312873508,-3.21271806698077,-0.4130545024955357
-0.009621316193518427,-0.015013904667344992,-0.008252492797329177,-6.232745825233281E-4,0.2753978528768934,1.7257746184241338,-3.1887363592489386,-0.4937545772699809
-0.00966842300026589,-0.015017375826775503,-0.008257765919235936,-5.457106472622658E-4,0.27506795463281913,1.6635599146230493,-3.2068673091873134,-0.43330478277368867
-0.009636943414268675,-0.015015083621479795,-0.008254367032873905,-5.975477062743756E-4,0.27523474930866504,1.7051872209771022,-3.194905246330801,-0.4737336453092959
-0.009652654929463217,-0.015016290195750135,-0.00825602922264086,-5.716657752877653E-4,0.27513476103172124,1.6843770116587875,-3.2008918910180184,-0.4535602320314979
-0.009517800886252576,-0.015020421739060522,-0.008207159947595745,-7.88236108196348E-4,0.27066856060592087,1.8418147425866442,-3.1258890608309646,-0.6217636425260018
-0.009533730969718343,-0.015022203203814331,-0.008209100757960176,-7.62104951815367E-4,0.27061140531078515,1.8208996428429203,-3.1326347185258574,-0.6016791041394884
-0.009549649502159996,-0.015023754069871787,-0.008211309999236442,-7.360578293261877E-4,0.27059141732513453,1.8001962952060777,-3.139459956869922,-0.5816236031294669
-0.009565503390698244,-0.015025094289178595,-0.008213732567780642,-7.101666261728157E-4,0.27060358474128404,1.7797375639967736,-3.1463184756439238,-0.5616522246616354
-0.009581277185509177,-0.01502623453382543,-0.008216345500957588,-6.844473122148965E-4,0.27064190265914617,1.759525365171658,-3.153194559332233,-0.5417778967715635
-0.009596948702755344,-0.015027150316680957,-0.008219194177176285,-6.589378097764414E-4,0.2707179718408321,1.7396129036886607,-3.160112294157958,-0.5220304219606103
-0.009612471347474137,-0.015027935230583602,-0.008222083138172324,-6.336820452937801E-4,0.27081168513719067,1.7199403140673315,-3.1669381420199483,-0.5024459398934172
-0.008129818481315323,-0.014825004479162377,-0.007434894924089893,-0.0028809006959938815,0.16594320704094714,3.1364463644597746,-1.967151566718067,-2.0070348626032835
-0.008037039945900595,-0.01479807793248971,-0.007362203469876831,-0.003011059071598669,0.15384516000443535,3.192971922790367,-1.8669318944006787,-2.0715299186879084
-0.00806525762426797,-0.01481484707810072,-0.007372100120479619,-0.0029613459939493458,0.1560323474534587,3.160927955052784,-1.8956182686688885,-2.044198331702351
-0.008095676271550464,-0.014823183839840819,-0.007396605305889681,-0.0029194207895249114,0.16022824850279727,3.143399758171428,-1.928427459611526,-2.023647281971026
-0.008004730638572813,-0.01479100227452883,-0.007332304344015551,-0.0030526617684652545,0.1489696658366273,3.2066196221684664,-1.8309997441232546,-2.090364528649023
-0.00801409735593852,-0.014816641523222557,-0.00730661418214165,-0.003011350755302417,0.14658163424627346,3.159934790712792,-1.836714300919401,-2.0620019118571546
-0.007961707608110649,-0.01475026991872196,-0.007336700014882146,-0.003147362333669781,0.14714392818148594,3.2812169225179817,-1.7875230499224772,-2.1455427876106588
-0.007931679947567166,-0.014749993906298635,-0.007298241112490874,-0.0031771042910588338,0.14151523984240197,3.280041017579942,-1.7524077944371943,-2.155152443262889
-0.007911528701747687,-0.014745179196976871,-0.007278849762800267,-0.00320275725042153,0.1382431637270344,3.2873140164022536,-1.7294063115726046,-2.165844326004286
-0.00789486568247986,-0.014753482986953056,-0.007245434459199121,-0.003207759266705994,0.13404108188077737,3.270386289535213,-1.7093037660838803,-2.1621054123151393
-0.007973279438713931,-0.014785267175406297,-0.007301012396011777,-0.0030912235413567825,0.1440339956974914,3.216896613803891,-1.795695457007939,-2.1068731169714137
-0.007870773505833147,-0.014749702647393163,-0.007219213019594154,-0.003235275282729606,0.12984680238276466,3.274815245048835,-1.6817969056927067,-2.1723524387763224
-0.007840047513854179,-0.014745318027487518,-0.007184828847129911,-0.003269316029706881,0.12433402434053166,3.2788802372575243,-1.6468547806401512,-2.1842617230314123
-0.007807162752995505,-0.014731847609729828,-0.007159468224390764,-0.0033168297139716044,0.11982164061271595,3.2981830336957327,-1.609815742251826,-2.204983056867846
-0.007772608848997011,-0.014730263790992508,-0.007115362822143596,-0.0033493829461335423,0.11334860433184558,3.294790634551802,-1.5705183389042974,-2.2134266328889214
-0.00773874296406409,-0.01472415023490392,-0.007077832451244784,-0.0033867301245132874,0.1073197761885455,3.298664534246606,-1.5322104051622756,-2.225444483016403
-0.007699564738370273,-0.014711273944813676,-0.007041313334992151,-0.003437028161193089,0.10106095659224014,3.312184391220078,-1.4877870800264184,-2.244046173565817
-0.007663981787129398,-0.014714535809165633,-0.006988581111333388,-0.003461573419441948,0.09397239449102829,3.297126730506517,-1.4487233214826487,-2.2451298963579895
-0.007575749705016804,-0.014647876153141809,-0.006948093078665326,-0.003623120985135172,0.08301473845038419,3.384896545450259,-1.3430605964939843,-2.3176825538626784
-0.007603064225114617,-0.014675501512160892,-0.006952855076435011,-0.0035634358958880237,0.08584939854675273,3.3462413230678436,-1.3775147249329773,-2.2888566147505816
-0.007635696927775775,-0.014698843419933319,-0.006969383959496725,-0.0035056212891891475,0.0901553135941243,3.3162022183530406,-1.4160869879803657,-2.2634390636450896
-0.007538742112797603,-0.014658981213879088,-0.00688236898495477,-0.0036348227275889394,0.07486096531179011,3.351797715585782,-1.304908843029912,-2.3079561550006917
-0.0074993931045421805,-0.014662995234847279,-0.006822064763670526,-0.0036573820057550495,0.066856773024483,3.3296710869634327,-1.2638897999779741,-2.3045583069873135
-0.007458970597947735,-0.014662110944830635,-0.006765940256937227,-0.0036866368688246534,0.05916377065720784,3.3146037294472386,-1.2215523929490093,-2.3050102779521233
-0.0074169700948456116,-0.014656946478950697,-0.006712222579186854,-0.0037220122280352814,0.05147520160128532,3.304946540247848,-1.1772820565322535,-2.3085287766304705
-0.008494488222477678,-0.014918338108427678,-0.007687047511484828,-0.0023523676018534644,0.20632599289146733,2.8641455501956283,-2.3351537541440934,-1.7109294735116676
-0.008377549795780962,-0.014893012419148147,-0.007608083629026209,-0.002521984068287983,0.1942499487640221,2.9553298724920896,-2.2209804485119276,-1.8106524982226335
-0.008222617518968725,-0.014834631420702996,-0.007529314619208631,-0.002767358570246964,0.18043537849285926,3.1040034713969002,-2.0709075704985795,-1.9530656263909882
-0.008161857936866771,-0.014835629178829421,-0.007456703271509373,-0.002833597941575432,0.16966104715522376,3.1126635049250186,-2.0006313168855567,-1.9821325453961294
-0.008193871729737016,-0.014841603811059412,-0.007484996997778521,-0.002791395919050879,0.17414642098161479,3.096497985969638,-2.0353163027483485,-1.9609894712451814
-0.008237604266112029,-0.014852986546707983,-0.00751766554357611,-0.00272929787400745,0.1794113728752389,3.067109935203285,-2.0811421573949684,-1.9279196316970222
-0.008348889902730259,-0.014888378563319588,-0.007584857538092329,-0.0025610943555697797,0.1907102008197966,2.973123598937427,-2.191418949049989,-1.8323922908557468
-0.008325794570700392,-0.014880677542697847,-0.0075721904956419775,-0.0025966917662268827,0.1884454649379466,2.9941035395490534,-2.169213538165449,-1.853130044693131
-0.008306304920721801,-0.01486934188722526,-0.007568982383243983,-0.0026319636891532984,0.1877333467574953,3.020251402016299,-2.1523666591747563,-1.8748365887582288
-0.00826041643243385,-0.014858873630849243,-0.007534303610569019,-0.00269667495112377,0.1821702516117977,3.051187298932462,-2.10480204413,-1.9102292234661442
-0.008283349735622772,-0.014868881883401769,-0.007544176049653412,-0.0026591002942107193,0.1838770181363301,3.0273080996704187,-2.1266468952254356,-1.8883388337905773
-0.00839719814312903,-0.014902124597169176,-0.007613977364074115,-0.0024887023699061085,0.19534281680758334,2.932129984599348,-2.2380800473772697,-1.7901858928105019
-0.008417647330134684,-0.014907994456725457,-0.007625739541006717,-0.002457802253897343,0.19722176090812862,2.91412083268505,-2.2574703610562614,-1.7718618246713496
-0.008442347873816498,-0.01490935913812116,-0.007649072416140164,-0.002426209136967394,0.2006313921965732,2.902058961177261,-2.283716137332482,-1.7543920604158356
-0.00846934997424802,-0.014917091716686332,-0.007663786887732165,-0.0023849700461411522,0.20291389889882108,2.8772643163907556,-2.308713172837938,-1.7294633872939882
-0.008728636840089826,-0.014973653886530188,-0.007809864778559396,-0.0019958002109819527,0.224346084368485,2.6417752237326906,-2.5405010040869453,-1.4846512091958883
-0.008709618535981876,-0.014968176158218062,-0.007803041999619789,-0.002026128252360132,0.2233284192156135,2.662948752436187,-2.5257152276438988,-1.5047824021716723
-0.008689100030786384,-0.014960005978435525,-0.007799358652175035,-0.0020607883231214476,0.22278802245702953,2.689386663368283,-2.5111527068214876,-1.5280789870305878
-0.008665087955909773,-0.014959946674240937,-0.007777999171631556,-0.0020927718997209087,0.21987881554360908,2.7038204982786773,-2.48692968046743,-1.5477662834200447
-0.008641428299409833,-0.014960473533703514,-0.007755650375965996,-0.002123468562295334,0.21666963719488755,2.716588769949141,-2.4624587334406773,-1.5663617657403783
-0.008506087407148272,-0.014943325336101487,-0.007656542737094388,-0.0023130301505058654,0.2024945834681158,2.815264239421903,-2.33280660757581,-1.681739459971336
-0.008534105309904711,-0.014940940554920899,-0.0076879848489089814,-0.0022801562147685413,0.20693915638644514,2.806309217542174,-2.3638381321388526,-1.6636752117705584
-0.00855681001310267,-0.014948863694017702,-0.007696459080232526,-0.002243692925910621,0.20826301862132876,2.7815435370299575,-2.382720182745803,-1.6405425217987906
-0.00861832019099578,-0.01496119647040565,-0.007733200514371231,-0.0021529725830156284,0.21355201121490652,2.7282424806501084,-2.438339751641579,-1.5839548177119658
-0.008596320059007777,-0.01495916985286684,-0.0077162508345242796,-0.002183329050988848,0.21115702747277074,2.743554012513823,-2.417090313405962,-1.6025143423765804
-0.008576297738825267,-0.014954248555366485,-0.007705839930393193,-0.0022136822678558905,0.20961971299958695,2.7624142849943456,-2.399589382303351,-1.6216276869228248
-0.007069147598279824,-0.014487981131552002,-0.006370846914955901,-0.0041613886544285906,-0.0075609159409946326,3.366379715291664,-0.7793588180747075,-2.406779507759642
-0.007374147846661228,-0.014649030101262955,-0.006660004996126858,-0.003760794912627339,0.04397398923248678,3.2982356865966103,-1.1320902737323342,-2.313519997920037
-0.007270314709480344,-0.014596025465722624,-0.0065660254332205155,-0.0038993357175964192,0.027138150810193395,3.3289220690769072,-1.0131736960379962,-2.351440213349226
-0.007307104486871024,-0.014613082156499105,-0.006601846559715409,-0.003853303032405578,0.03346240981636723,3.321902890776678,-1.0547993888888791,-2.340479700601098
-0.007335994241510507,-0.014642689420021735,-0.006612368987573491,-0.0037934480169656234,0.03708135394890122,3.290069464115759,-1.092556447452182,-2.316323775396904
-0.007227303861468475,-0.014598238557312192,-0.006501321434112866,-0.0039200319323092194,0.019177986682864686,3.301567382204077,-0.9729157329682189,-2.34330165989931
-0.00717791012105833,-0.01456687292280291,-0.0064597476261995575,-0.003991949440909645,0.011103054570742387,3.3201326700824936,-0.9144664632968135,-2.3626334916138494
-0.007133967753407408,-0.014548539433334543,-0.0064123900607365465,-0.004040920612110595,0.0033656089081390657,3.3204459102347443,-0.8665654778626892,-2.36979450716335
-0.0070863159847657205,-0.014552340755976001,-0.006338852220530078,-0.00405795136931826,-0.004782746491724654,3.284893768512856,-0.825787232343879,-2.3563468254447724
-0.005705699221460037,-0.013712505642428166,-0.004640536805711874,-0.005420644560607779,-0.2155762823814065,2.8342308733977926,0.5117923969442736,-2.1426584120760075
-0.005621655872600766,-0.013698712449635659,-0.004523301978246994,-0.005418288442557707,-0.21875731747647967,2.761883063157675,0.5308281061998991,-2.098365288324208
-0.005539472412288418,-0.013684894323904163,-0.004410784147544683,-0.005415179828727864,-0.22122104313555987,2.693381619984907,0.5477969284040026,-2.055954284157878
-0.005458419819872155,-0.013670774220865803,-0.004301930271481131,-0.005411470950841311,-0.22206007724914353,2.6287445362478596,0.5621187618633022,-2.0152459588173794
-0.005954211298268032,-0.01394340697508644,-0.004971767972010755,-0.0051373048342732925,-0.18115833320148658,2.949531450707329,0.2638455658204509,-2.2241655681022667
-0.005884608689213019,-0.013902251025387486,-0.004878726686328137,-0.0051868538585816614,-0.18938185177578928,2.9090015386770633,0.3154563031673634,-2.1985829795160114
-0.005816464175115218,-0.013854893458732802,-0.004787876573473315,-0.005243016351357843,-0.19719892488014398,2.8717142342063458,0.3698657808745928,-2.1740463787599684
-0.005742608835831595,-0.013800104111242642,-0.0046885434557858525,-0.005305805954032731,-0.20554228842069452,2.8302897077490394,0.42916643298011703,-2.146249744670379
-0.004831061310682311,-0.01297643163033926,-0.0033535062836812673,-0.006017326379823208,-0.2543776889683085,2.173879546910143,1.0460878742223396,-1.662177309300384
-0.0049087266339542,-0.013027885558330083,-0.0034640722894407412,-0.005997396852919622,-0.25582791817132605,2.2378522460892456,1.0262160149010848,-1.707763212564988
-0.004990127317066425,-0.01316927056070168,-0.003611911536653471,-0.005869592555122288,-0.25154253029739815,2.3098457688325236,0.9327748057281166,-1.7703369101249555
-0.00492185819496505,-0.013114541150867659,-0.0035121457252207658,-0.005902587049971656,-0.25254770632227025,2.2552876091001313,0.9612805194716163,-1.730115600119842
-0.005054391882798472,-0.013240693636518128,-0.0037116186298148707,-0.005812408307832479,-0.25072443062471744,2.36021344445313,0.887451392217898,-1.8096120834675202
-0.0051172948603714135,-0.013293508670905224,-0.003803540432078831,-0.005774600894110686,-0.24835685984829836,2.408745067527452,0.8540635474861947,-1.8451075354079869
-0.005142777496152626,-0.013373073377016865,-0.0038546388609696663,-0.0056863987006134,-0.2438192777572716,2.424306575598887,0.7924566743315776,-1.8632640529796516
-0.00519563264220021,-0.01344844017276224,-0.003936351838847268,-0.005612375173125301,-0.23844983467960582,2.4579494950816105,0.7370752324059265,-1.89173082548406
-0.005270295322731329,-0.01347393698115149,-0.0040354643159489605,-0.005607266112190145,-0.23889923734814505,2.5153716751209316,0.7216921894538233,-1.9290003789163808
-0.005410281322120882,-0.013590180736779952,-0.004232600386573907,-0.005503504301088211,-0.2303591509943595,2.609278131483032,0.6303950002163442,-1.9971010909640958
-0.005320657871514838,-0.013539819606422383,-0.004110025443632925,-0.005540123031071945,-0.23342686177501304,2.5449489586799623,0.6702359605981566,-1.9532755979537162
-0.00539009674295144,-0.013670648912190515,-0.0042124403597839696,-0.005392298677963826,-0.2218262310125158,2.5720990628415934,0.5634808444861498,-1.9805120615282483
-0.007018948526233257,-0.014496264365314005,-0.0062884120250010335,-0.004170715817223391,-0.01610067332045953,3.3199379427379028,-0.7399733258270769,-2.386669167357631
-0.006984780357385255,-0.01448520179171768,-0.00624674691498367,-0.004201276749531767,-0.022412682511262896,3.3114127997367904,-0.7054765860683315,-2.3862263664769663
-0.006947300547953519,-0.014488454710420517,-0.00618824840303463,-0.004211057735838155,-0.028323167752907445,3.2801849126120253,-0.6764606483622587,-2.3727234142828197
-0.0068671820646388475,-0.014441454331955877,-0.0061055882245806044,-0.004309994318466321,-0.04223521251327983,3.28345086773237,-0.5864554815290607,-2.3841152768801304
-0.00690211413262178,-0.014485759829346688,-0.006123384785644822,-0.004231863123749329,-0.03654274841076806,3.2515625716376677,-0.6388329758007125,-2.361242591956074
-0.006522091447774464,-0.014250490487361489,-0.005707362970648493,-0.004680064954398604,-0.10112387448632175,3.221639829096897,-0.2230444060279482,-2.3760246330553803
-0.006807575781312018,-0.014402479539674828,-0.006044814521288528,-0.004387484861836158,-0.052851992964790144,3.287309854335732,-0.5174053902336911,-2.3927888098525254
-0.006740129313116808,-0.014389337510965376,-0.005952496292982223,-0.004426281877501602,-0.06348712742875094,3.2498728630642675,-0.46048619251573214,-2.3771214413811212
-0.006574759064602373,-0.014297333254497694,-0.005761122575564768,-0.00460104330817554,-0.09107903885924006,3.21764958926959,-0.2887333957119647,-2.3708620225009347
-0.006680367718731521,-0.014376480046575624,-0.005871545707705984,-0.004460540130904134,-0.07278992057734583,3.217031102966503,-0.4109971045322846,-2.362973230006259
-0.006622873793351388,-0.014347481538417601,-0.005803759765402961,-0.00451663228887161,-0.08283975842763124,3.2030576129815445,-0.35396282522713163,-2.3591385968464285
-0.006024285516894842,-0.01405363304830381,-0.005047845896470909,-0.004985462630240501,-0.16637298308924894,2.9418338439737046,0.15167794244232755,-2.222854898939252
-0.0059523523097708255,-0.014028838746374029,-0.0049513573066807355,-0.005014863168105108,-0.17321734687366155,2.8943906357488234,0.1925872788595189,-2.1945365549657017
-0.006041647915683748,-0.014124820130319312,-0.005053127445195955,-0.004885110866503395,-0.15895627343968413,2.90817654356653,0.08937995955751109,-2.204250631370298
-0.006281089584224655,-0.014165878731814392,-0.0053854789803129835,-0.004827183759612329,-0.13549691884742707,3.0858913993397485,-0.03442039967088729,-2.3057139100200907
-0.006187043123749021,-0.014155631062601226,-0.005251547756509738,-0.004843838220035482,-0.14446253441662738,3.0111612483537775,0.012776546573193387,-2.263551456912809
-0.006114663504094427,-0.014142133052226917,-0.005151779501698602,-0.004862662076991868,-0.15164972543275587,2.958343030796183,0.05055229468598845,-2.2333926893405267
-0.006451698847380454,-0.01425723061807685,-0.005598008547223712,-0.004678861438309179,-0.10973391960961036,3.152768017058641,-0.18848466333449612,-2.339392319315888
-0.00637628445140096,-0.014259116969561156,-0.005485508957302417,-0.004683885756560703,-0.1184489813655515,3.0858076817584394,-0.1510587972949147,-2.303045034861775
-0.0062862882700401735,-0.014261073585573825,-0.005353884502861562,-0.004688072610323242,-0.12698595761670892,3.0081778784643096,-0.10961605061413672,-2.2601643767181567
-0.013461947995955828,-0.005423756051411324,0.005679944059422347,0.0042358362160973065,0.49527496772635654,2.8623211685592413,-0.17407272893611034,-2.164491083467522
-0.013574359149997568,-0.0055498372856658835,0.005570182879254995,0.004420228021549947,0.4896135824463518,2.9198265487797603,-0.04691478221467977,-2.200140070443011
-0.013533713360368144,-0.005475995608887158,0.00560150436081868,0.0043157103423456114,0.4881157200118254,2.873454220004614,-0.10474045699554883,-2.172655592975691
-0.01365755474637386,-0.005563802377315654,0.005460316632704695,0.004444197728207959,0.47420818170116746,2.8804991763168304,0.014715942871066577,-2.1784637453253013
-0.013731748636580244,-0.00559338095507531,0.005366987716260208,0.004485805008605682,0.46255809145060517,2.8583245561494723,0.07480212167770352,-2.1654887789919055
-0.013801496578864751,-0.00562032455638168,0.005278585087750494,0.004520905935092191,0.45187031175761855,2.834258668687291,0.12941219837074333,-2.1510300991085
-0.013865453900291862,-0.0056381115696267775,0.005195825765848898,0.004541509326611464,0.440345197106421,2.8049968079836685,0.17442236217564006,-2.1330946327326594
-0.013461620244787927,-0.005329813084537866,0.005646098928902714,0.004111463798546004,0.4822901241563446,2.7725109669294405,-0.2049913191230647,-2.111840985539184
-0.013180601791041269,-0.005090958355286239,0.005903672986000377,0.0037388919832434106,0.49288347681426936,2.656099603004749,-0.4596304141547726,-2.027702469337287
-0.013245912397878085,-0.005151389952196313,0.005849863951844738,0.0038340664055751565,0.49329476060110433,2.6926217968016775,-0.4020164784780357,-2.0535848161354533
-0.013348534972474116,-0.005191857121561921,0.005738050270942489,0.003911638217669694,0.4825584621835701,2.693276175844485,-0.3203041987416065,-2.0595679208386337
-0.013452783658579477,-0.005224766907403864,0.0056190059365886615,0.003975039391098205,0.4690358331698297,2.6807815885904667,-0.24047212633379678,-2.0567485772287566
-0.01314583799995806,-0.005016882145197958,0.005911536294151664,0.003636976676977556,0.48702115111443506,2.597656486928337,-0.4942785302021347,-1.98952907431268
-0.013096057785050883,-0.004952381369705697,0.005940214744663385,0.003542502297528426,0.4819796339583271,2.550576394849218,-0.5360220468477408,-1.9570733861021459
-0.013091881454011373,-0.004857524141067005,0.005899757148603819,0.003430461902531544,0.46654663423163617,2.467890452303114,-0.5447910007484945,-1.906594957432038
-0.012923760612620336,-0.004718498905002824,0.006019615135266768,0.00320620719414002,0.46322386577702845,2.373892390999727,-0.6634011018882996,-1.8345180244209023
-0.01306108861615346,-0.004746492907759952,0.005881919441520178,0.003293587032330256,0.4524566840176853,2.381511218474604,-0.5708694505534657,-1.8493005847481256
-0.012634628848173585,-0.004440387897642549,0.006169578868211354,0.0027731339331188145,0.43785961408109475,2.1547996681878003,-0.8330654184817463,-1.6710107312239304
-0.012334242898639373,-0.004081970149432901,0.006236576973532349,0.002271461519262406,0.38699556525501994,1.863497652785078,-0.9450155826668073,-1.4556804104696857
-0.012534205040577003,-0.0043109627864405566,0.0061921477501439065,0.0025929316719845515,0.42043718013605325,2.050631450368926,-0.8755255518352306,-1.5951794424551917
-0.012472267175944123,-0.0041562372404112665,0.006160269918886228,0.0024171326544898367,0.39637003070769145,1.9366064649220676,-0.8833900914530124,-1.5167057448318517
-0.012910000567199577,-0.004571393464195756,0.005959626216395685,0.0030425837796741856,0.43942612250066243,2.257902085060722,-0.6673856708320088,-1.760208087972073
-0.01277365581412437,-0.004391616398811327,0.0060063931620945215,0.0027968222328494264,0.4187811391485366,2.1267779514125387,-0.7390272720593224,-1.6668069043643137
-0.012892438612222421,-0.0044338336707642695,0.005909523988464622,0.0028936987977414945,0.4161879880263825,2.1576691325305934,-0.669661940829977,-1.696450759990088
-0.01066364642101926,0.003021119727942106,0.006460346137766832,-4.995010722207584E-4,0.1816225073066349,0.6663963114021118,1.1645505647945293,-0.47512081251606336
-0.011249769731879836,0.0032949057228173553,0.006440158106626418,-0.0010163573117813983,0.24651852612659525,1.0606216767566021,1.1489370553122262,-0.8116803426525765
-0.010911855963629494,0.0031872253807994975,0.006497628831494281,-7.266787132955603E-4,0.21312580592041414,0.8500005407131902,1.1933260060973314,-0.6258546197623153
-0.011421605198315246,0.003171351895852048,0.006290573243299969,-0.0010810335767864443,0.24056028910508634,1.0968550296054989,1.0427995049423395,-0.8651314988720502
-0.011611570528265816,0.0032344598919744456,0.006233311795451556,-0.0012352156461727063,0.25651071821808985,1.2004608605044844,1.0050408204857313,-0.9542981265281586
-0.0103833055573997,-0.002845317904133563,0.006403891838349948,2.7068505941800963E-4,0.14871062967961268,0.471127169866599,-1.1180218744116743,-0.3111408875459322
-0.010609215807047143,-0.0030020992911041974,0.006460334229347639,4.5574727789566633E-4,0.17660481563114883,0.6312119296291946,-1.164382813020496,-0.44414003040911293
-0.011185192811249085,-0.0034004923133464995,0.006534937463147632,0.001012728985397745,0.2550985600290269,1.0687721581783427,-1.2169174494479285,-0.8018985050668829
-0.010834587545426197,-0.003148656348658185,0.006496217547859653,6.574841081220952E-4,0.20367009935780692,0.7955102922403392,-1.1924089129259128,-0.5799147984856776
-0.011024925702695807,-0.0032767721025425234,0.006516894055115129,8.419566665197887E-4,0.23063626053463784,0.9392496820316955,-1.2058672896111011,-0.6981014685067795
-0.011348506652776844,-0.0033528510808986892,0.006432401887956382,0.0011141556657875812,0.25836637397563395,1.1306050769891958,-1.1418163668834262,-0.8694531159403935
-0.01150732747569688,-0.0034102226261904854,0.006389996328615997,0.0012561240374101392,0.27373289128848505,1.2272524154586424,-1.1097891474699606,-0.9525983937804537
-0.011840214739513452,-0.0036725226527920623,0.006357700681982487,0.001641548611934338,0.3215438364805206,1.4847233163177942,-1.073986670833259,-1.1580129676857205
-0.011675936292007565,-0.003546027180384136,0.006380744697339032,0.0014494664714767745,0.29768241579166194,1.3589535287380192,-1.0980894182808303,-1.058073260326745
-0.010598917954634276,0.0027111352320194062,0.006296271585670228,-3.932161175956434E-4,0.15492195548376067,0.5626988531177647,1.0264089759932815,-0.414722759276
-0.010626161756999408,0.0024609412138392917,0.006164764805530475,-3.64069413947265E-4,0.14223802643538913,0.5304197445673461,0.9097758712628575,-0.4092742327256598
-0.010482062417359026,0.002255657700752095,0.006093563379521975,-2.5474028246013665E-4,0.125419197044131,0.4290839543947172,0.8359127170017483,-0.33119614329213737
-0.010266859083290343,0.0020251458190676847,0.0060200591050441725,-1.2670619203436183E-4,0.10575166018707227,0.30032197370101305,0.7534348949467394,-0.22544502946581604
-0.010385097501878719,-0.0024938806243626085,0.006216026165670491,2.308472426016456E-4,0.13010343641568414,0.41426258627080254,-0.9509158008065989,-0.29622758043097414
-0.010171828226983115,-0.0021291847620090276,0.006067312415820879,8.802587564368684E-5,0.10437578501201907,0.26473414896851516,-0.8027267086923614,-0.18447383663944028
-0.010113598275801699,-0.0016785052698057405,0.005904430688968739,4.56678779829083E-5,0.08899524775554606,0.2029339648001884,-0.6170341474822026,-0.1556665659815362
-0.009604349806453215,-0.0015419342471257934,0.005846605210492185,-1.3122911441233972E-4,0.06547076438099196,-0.025613576079367376,-0.5653095406413873,0.060810015722505224
-0.00915565948156901,-0.0012607347316856057,0.005710974764458285,-2.255774629903384E-4,0.04789021134589802,-0.21347128491880898,-0.44462896950478875,0.23909614218047323
-0.009176732167097698,-7.349453383006904E-4,0.005622038673488349,-1.2588581774550725E-4,0.045698192496411154,-0.20139994300698746,-0.25530380811347747,0.21070408174869817
-0.010075971050918436,0.0017653012574840741,0.005934042407158458,-3.3797237317107584E-5,0.09011993941795936,0.19276979607886527,0.6532965257504451,-0.1402255247037317
-0.009939307035330879,0.00149223749298583,0.005850147643956079,1.6677797524832863E-5,0.07827973060956066,0.11752528382728263,0.5462776549111052,-0.08148553611067223
-0.009175023400504117,-2.027454508007765E-4,0.005578070344270845,-3.452787644398837E-5,0.04510673832279662,-0.2006748693674287,-0.07004442567571907,0.2033527838289287
-0.00915284815182384,2.982839069391595E-4,0.005578467531684869,5.2120405619553735E-5,0.045002674843660946,-0.2084624224296611,0.1028468853103227,0.21307169787884775
-0.009793933760622712,0.0012021752345769915,0.005772783269656189,5.105161103578855E-5,0.0693606046209778,0.04724896639786316,0.43502032230105486,-0.02475560190703632
-0.009671030146974343,8.867833982677072E-4,0.005704907279972805,6.053407083210035E-5,0.06195409396505227,-0.008138149526902257,0.317665839031615,0.01944112094021661
-0.0095533381674771,5.541830598373741E-4,0.005651670165789958,5.120211563087037E-5,0.05654466045140181,-0.05763531236516907,0.19610690467128944,0.06207540284020394
-0.011990196672215101,-0.003531497116475628,0.006177510882222876,0.0016477298120067697,0.30430127131964557,1.466749734739751,-0.9613899769559501,-1.167535241987857
-0.01208500213422063,-0.0037078524981423917,0.006212521782774242,0.001826555220306784,0.3295766118479672,1.583919310221816,-0.9728907305128862,-1.252020477613361
-0.012278565280139691,-0.0038625877398193887,0.006156071789394847,0.0020598966107603124,0.3526648233625672,1.7194214101827092,-0.9208096932356751,-1.3592187184046973
-0.011838697792911398,0.0033486655120088444,0.006170660276038773,-0.0014406829726707432,0.27805454625781184,1.3333790928730653,0.9638444797839066,-1.0657246731852121
-0.021517900738949488,0.022484706674764595,-9.658890956818182E-5,-7.903198952928377E-5,-0.029273589465325517,-0.11824274824223015,0.02177260288889922,0.11983116290706984
-0.017502830273507058,0.017461981625989144,-0.001620963225459087,-0.0016317528699680338,0.013174585923815775,-0.7390720076969349,0.02336386450244374,0.8040952328240704
-0.017696333242984284,0.016809113054049654,-0.0016260072172119091,-0.001882683761114196,0.028782863695892315,-0.7796289139992777,-0.05889766281432214,0.8545346962917921
-0.01808438217535919,0.0181339649051408,-0.0012872453929455435,-0.0012767202864566163,0.008583333487411358,-0.625351239159213,0.02267731951231924,0.6726098526166872
-0.018442249304404666,0.018895442871430992,-0.0010498883696312188,-9.737936539213109E-4,-0.0033896134027253883,-0.5355761299065444,0.041729756570163624,0.5691953399716914
-0.020149724401579784,0.02109837697562947,-3.642454977882284E-4,-3.0367242025206E-4,-0.02665167822328484,-0.2721593607659171,0.03853153731144042,0.28066303715587826
-0.020955563541906582,0.021475269262023585,-2.197214405814156E-4,-1.9814563824033303E-4,-0.015787821279651573,-0.20495555091857093,0.01843365662201533,0.20919738034233162
-0.019733417682975263,0.020251424736858998,-5.359826510154228E-4,-4.88414425051618E-4,-0.01161670732449929,-0.3532648855460882,0.02848437571041879,0.3677372796890311
-0.019159953497205978,0.019364747327766125,-7.798069464311241E-4,-7.531152503329049E-4,-7.09504564605052E-4,-0.4516643358144798,0.020874356054744376,0.475362143989764
-0.01774091373603499,0.01575466640583828,-0.0016890908350321516,-0.0023719694351015115,0.0447260860576179,-0.8556647450841958,-0.20168765307820627,0.950134052067161
-0.01818123482905304,0.016334099991295536,-0.001453751115288186,-0.0019766251181534277,0.040965216209068324,-0.7545852995869572,-0.15184181983624792,0.8259834767004125
-0.017465473789649095,0.014755088530578435,-0.0018302341887916956,-0.002996550755734667,0.057278145688408506,-0.958899698082731,-0.3695086526416232,1.0900316983749117
-0.017592793271998825,0.01422041194450581,-0.0017132015178990972,-0.003232560254692696,0.06331048228311181,-0.9379752860090743,-0.49496042098905585,1.077169625023007
-0.017933281051641485,0.01517005711955653,-0.001600319816803881,-0.0025958152555320183,0.0537680441188891,-0.8521500824080829,-0.30967738570401954,0.9527686168189797
-0.017603324049688392,0.013715580727806305,-0.0016287772403552937,-0.0034974454906753637,0.06869887623572592,-0.9213882118653701,-0.6202159253306756,1.0735937783843001
-0.017535927957957317,0.013374342545126492,-0.0015908810635677142,-0.003717215915649935,0.07246516804300987,-0.9150190238475895,-0.7146750997897624,1.0827512520593627
-0.017588935293942825,0.01306856449086025,-0.0014826326675231297,-0.0038398909285653287,0.07390126670198839,-0.8726693366925414,-0.793515407623479,1.043049695672484
-0.01746157122670013,0.012723273190676697,-0.0014361635101467244,-0.004098874369761334,0.07950505154447751,-0.8579070129935388,-0.9062431096082791,1.0497385684537273
-0.017440574190712918,0.012219803606303042,-0.0012502881750742418,-0.004348564471031889,0.08205943395893661,-0.7685180161121581,-1.0553791066274891,0.9757224516293571
-0.017668463004844235,0.012454657943043923,-0.001245120090121539,-0.004069613731846272,0.07681864724460012,-0.7594492114510426,-0.9486150141627118,0.938825910114644
-0.017445310837031956,0.011903469072003002,-0.0011054551842295845,-0.004475052145154614,0.08422792054485441,-0.6898325973582141,-1.1415710431126886,0.9049023824332921
-0.017379757389751817,0.01152969485178979,-9.406108835962636E-4,-0.004668065857661371,0.08566324462543654,-0.597343165446227,-1.2556034364247821,0.8265631312647821
-0.01737654809135364,0.01123178042499236,-7.767682498092737E-4,-0.004761621463561197,0.08743123331201927,-0.4969478606852986,-1.3268836117209881,0.7333015693212651
-0.017490123628231016,0.010987085155019697,-6.101552055819795E-4,-0.004713333159782565,0.08307697851213726,-0.3897072903299168,-1.3354610873449362,0.615557421281876
-0.017489410030987355,0.010651136899297914,-4.1486784043991387E-4,-0.004773952067223793,0.08297615847338578,-0.26390658344043016,-1.387209456884044,0.49234666165758284
-0.01744217026199961,0.010292774060544284,-2.0233820119268113E-4,-0.004857157822282923,0.08342273846242088,-0.12236952700277541,-1.4440585700166713,0.35912650372402016
-0.01681673741509361,0.009571742221844296,3.2094916647843304E-4,-0.005508658648159106,0.10703199923300845,0.23769934101054827,-1.7603923388996143,0.10295014001511203
-0.016673458408779557,0.009113906642614033,7.089887473968464E-4,-0.0055774360358644285,0.11489774426607728,0.51062304145806,-1.791058443563147,-0.14648299620796898
-0.016755565921790134,0.009339506966211004,5.12352162410512E-4,-0.005538665518934103,0.10957406023572881,0.3723318892062942,-1.775748013743253,-0.021964526212489854
-0.017090462247444784,0.009702633477745005,1.9287415876377827E-4,-0.0052173999625822615,0.09439906814973216,0.14790286317143678,-1.622534270969198,0.14237343584489573
-0.0173361228950022,0.009903926037397096,4.251404903228244E-5,-0.004970550384829167,0.08616768508985373,0.04367890554744953,-1.5087393952937607,0.20813305780940072
-0.016786289383860876,0.00892763483377285,8.14600976590898E-4,-0.005393577219078334,0.10795294271722074,0.5804098940056543,-1.697324357545019,-0.2442447208105391
-0.01672464017563366,0.008684291015770288,0.0010109374271812714,-0.005373650879851449,0.11155423388447562,0.7131593005535259,-1.673853223777382,-0.37310420663032495
-0.016708771468783936,0.008370606658542404,0.0012322061407406373,-0.00525529457200991,0.11362151572646027,0.8566661141175239,-1.595020589616712,-0.5250302816359166
-0.01635758197664013,0.007903830318408007,0.0017284758246218959,-0.005355184909119436,0.13567602093685063,1.1859205258555994,-1.579910819976188,-0.8032369489898752
-0.01619157210743618,0.0075170939855968046,0.002074367835760807,-0.00524877011403695,0.15138024789422758,1.3901811242385487,-1.4656941221234188,-0.9985519077727378
-0.016288654631505736,0.007696458980999735,0.0019010870951626285,-0.005285526325984687,0.1422509796924718,1.287210448295376,-1.5152769866787514,-0.9036195775260453
-0.0165994071889486,0.008043845769505238,0.001496923836050844,-0.0051985783467085505,0.12002992326731232,1.023351238155394,-1.5344794263845325,-0.6857212504632642
-0.01577481284211533,0.0066002630383074,0.0028450026451852326,-0.004819924156289027,0.19195862059369548,1.758163995366296,-1.0829628421580069,-1.363237166168048
-0.01592511871206481,0.007260592834764286,0.002424587268450951,-0.0052865876725031275,0.17374595695441572,1.6062929817231293,-1.4150638288627153,-1.1761953025409604
-0.01609769957950642,0.007353219617977837,0.0022352350906630586,-0.005209190547360706,0.15895301305266477,1.482739083598342,-1.414920551750616,-1.0830810187140378
-0.01587272056368983,0.006797245377014545,0.0026827911011426046,-0.0049272208951331034,0.18185115927986428,1.6926731564152997,-1.17446522123749,-1.297361003382868
-0.015922818354669393,0.00702037311438268,0.002543649053304885,-0.005083328685999818,0.1754731699118817,1.643543582108845,-1.2848691957802936,-1.2358883752442715
-0.015993520441871186,0.006654061608493811,0.0026324983417079246,-0.00471590642406385,0.17144689704964652,1.6272820430935722,-1.0854514208771675,-1.2694153402599413
-0.0154060059630182,0.006440164067720013,0.0032551767914182554,-0.004909226449075832,0.23004015620118193,1.9926642467798812,-1.0194955334555915,-1.5381352551564274
-0.015680439388440718,0.006421950236014235,0.002991145892521432,-0.004717037144721861,0.20128049416959334,1.8109254912529054,-0.9974584668685705,-1.4174586342784072
-0.01524255051135488,0.006263581618916711,0.003473912147670275,-0.004823136921859576,0.24872694711148233,2.0812381938880757,-0.9163948827358992,-1.615685708944582
-0.015166855173172115,0.006079969431455086,0.003594383206795951,-0.004667760626273629,0.25538946192337914,2.0957559680771727,-0.8078417764687934,-1.6426990445412601
-0.014738861773736995,0.005529416254105983,0.004120091791036094,-0.004238221286262874,0.29682561912806144,2.1898993810345555,-0.4591605665741603,-1.7429762788540073
-0.015039074520595044,0.005916131613932662,0.0037594361028860136,-0.004551923523642026,0.2692126336694974,2.1378213012933927,-0.7056040322771455,-1.683538674455466
-0.01495448004614,0.005757936223066984,0.0038701266935432703,-0.004415285368245956,0.2758685596467232,2.1430148865817977,-0.6126272693810647,-1.698203810883832
-0.014962327326049966,0.005575524518565734,0.003877185276313221,-0.004217105675856131,0.2712484506505031,2.0817115557829866,-0.5294710794320644,-1.6661114523404372
-0.012095372863683992,0.0034956259212831717,0.006088202725032015,-0.001686589584087265,0.3007857318601404,1.4825480243566327,0.9068336989677798,-1.1892879152987075
-0.012337573147759566,0.0036939323750040725,0.006020003700316286,-0.001964285737985815,0.32772085436864123,1.6423861557465944,0.8511640772888562,-1.315983588050803
-0.012590881302717224,0.0037933709828212054,0.005871133393861565,-0.002172500328252496,0.3376098339396512,1.7416213031642087,0.7522472118123534,-1.4015342956229533
-0.01351814856604253,0.004465088401680544,0.005283861599802355,-0.003124640539448688,0.3648502023574786,2.1153087949462415,0.32253471187984323,-1.7014503802765726
-0.013162028052168743,0.004247854425980606,0.0055613414987521785,-0.0028126702677840937,0.3693077151699404,2.0273794497225732,0.5113992126774928,-1.6275534111892458
-0.013424032457455923,0.004329999834471135,0.005334409470590173,-0.002967568858637633,0.3572849878510231,2.051648789284926,0.37752611360777144,-1.6556772867866802
-0.013326206832113245,0.004234290008399654,0.005397145881364531,-0.0028488884199500686,0.3545811053749505,2.008292992843858,0.428249819380034,-1.6227513693244504
-0.012784440836258236,0.003916762148401593,0.005766264630223732,-0.0023646506488261905,0.3464355814919606,1.8309136382725277,0.6774744847801032,-1.4746937653912504
-0.012918366426184331,0.004048271675678227,0.005706506125050871,-0.002536615583692593,0.3595139325002361,1.9126344280569143,0.6250451986155419,-1.5383033155372199
-0.013100191301352213,0.004059129511053443,0.005545265205336541,-0.0026138675889633904,0.348016195558494,1.9217225744547728,0.5348819017833318,-1.5548650664988501
-0.01385275333694289,0.004634450139170954,0.004984112635852135,-0.0033492491138913277,0.3479547202169839,2.1359860741022128,0.143718947263099,-1.7233073365291218
-0.013750959117485124,0.004451723709424162,0.00504303005112157,-0.0031500819770808332,0.34107644041955254,2.0623687184002146,0.21463619402598175,-1.6724915509884468
-0.014640388659248937,0.005354215964023794,0.004228441848784139,-0.004071962048619811,0.30265914962524393,2.1729169509417523,-0.35934748589269244,-1.7390151048238194
-0.014533807899624147,0.005193914168330493,0.004338061940712606,-0.003919723949851072,0.3083204350704806,2.1576392514572027,-0.2674128538672727,-1.7339171094471306
-0.014416538417105827,0.005061730404497284,0.004454635340672239,-0.0037948834874481927,0.3152718412906651,2.1516455815393463,-0.18527901959268092,-1.7332949622370506
-0.014091988571942507,0.004636413451948539,0.0047364167513595165,-0.0033640684255040747,0.3224696827667608,2.0698502093560482,0.042859791013605174,-1.6819102879566301
-0.014185366437803921,0.004831313819694734,0.004672388096098128,-0.003566603518176677,0.32727302750517695,2.1326831588491193,-0.036368619936845974,-1.7239834267067768
-0.014389330840049487,0.0048772767361531235,0.004464784935632724,-0.0036029460330392012,0.3071593867802212,2.081478656814674,-0.12260310085465971,-1.6889583914752375
-0.023470850538969277,0.022370967696370193,-1.4581977691820784E-5,-1.589662917145961E-5,0.029004372114650182,-0.03799694441228358,-0.014229175339977137,0.03761522676924029
-0.025,0.02153459934225116,0,0,0.09394092147233123,6.479252065475779E-4,-0.001315934077304635,-0.001566412800579534
0.006134490387011913,-0.014732766149904337,0.00494056073397504,-0.004079472497222708,-0.10670074383845864,2.5332628188184327,0.3190259563810121,-1.9704649255500204
0.00857551698579383,-0.016020552814405863,0.006142615940296311,-0.0014297139474872577,0.06796095654580957,1.5207039264334214,1.8059599611421964,-0.989976152971607
0.00839819064460622,-0.01600907969859024,0.006051305656574781,-0.001588180388119933,0.05987458542570528,1.6002303831461993,1.7198291833175972,-1.0782759798574728
0.008282277445790706,-0.01592858202308587,0.0060738753308388176,-0.001736062603442557,0.05976339916508684,1.7061262850749308,1.6885455496150885,-1.1675375694301973
0.008143952504345974,-0.015917130337205713,0.005991607160156156,-0.0018552534157640751,0.051084245656224554,1.758835479075451,1.6140045809455539,-1.228921922526241
0.00800150218195608,-0.015953226217678987,0.005847435913879993,-0.0019370629987201988,0.04352876924662957,1.7637992123221689,1.5219669630542374,-1.2584004805087678
0.007870540239991022,-0.0159121247677175,0.005794174250436149,-0.0020622011415283967,0.03586486223405052,1.8255370738140078,1.4581695462943884,-1.3205033262003145
0.006253488881016649,-0.014885953775733691,0.0050069366631976765,-0.0038754609648005292,-0.09045616885046713,2.479517318732063,0.43695312090199767,-1.9291662319338412
0.006330486905616755,-0.015031094411630704,0.005016167986754084,-0.003689851750103988,-0.07849321731852703,2.4035924680331493,0.5248795489813521,-1.8741525239678392
0.006409716045571936,-0.015163385688374699,0.005026688093819682,-0.0035208552736417445,-0.06712727086012783,2.3314294845264594,0.6024289740279299,-1.8208483580892096
0.006492913436747206,-0.015295024649688776,0.005033741645758149,-0.0033538598100725336,-0.057476675630739,2.2575471264619438,0.6760922853218388,-1.7648355518739998
0.007714249068128153,-0.01586336800118732,0.005722150630264198,-0.002207465291122954,0.027658641570707687,1.8917364841268471,1.3787745620947496,-1.3878001953743258
0.0075399920275032095,-0.015796545125429298,0.005644180999889629,-0.0023750065971129557,0.017631855173960816,1.9656934210913037,1.2875857599289642,-1.4617322034718245
0.0073748148794879126,-0.01571148392926911,0.005580701853984772,-0.002548464948367187,0.008275687801545218,2.0446924076309245,1.1993215105727002,-1.535321820464877
0.007197265128756243,-0.015634376720859537,0.005486810898288497,-0.0027172929912715857,-0.0038206837970855383,2.1061768215299677,1.0977755941329503,-1.5982696535606549
0.007035481905279181,-0.015571520417255895,0.005385180884061963,-0.0028584217505522335,-0.015137684407345335,2.1457791771358985,1.0036092993552483,-1.6422776975295406
0.006861782551186814,-0.01547287902485062,0.005291711334319583,-0.003034529863983441,-0.0286466762497164,2.2030283178769667,0.8987168560620739,-1.6977663306520865
0.006631411544336399,-0.01544250864568856,0.005079021648407457,-0.003154254782081304,-0.043886824770119626,2.181136258140192,0.7727832947512816,-1.7023504598015171
0.008640969924278798,-0.016195758188544133,0.005960313474751791,-0.0012797246980709705,0.059521656353013035,1.3644044418702028,1.7546292726795178,-0.8869495329742617
0.010157213548560987,-0.01662121410463316,0.005771313434296551,1.476502801686016E-4,0.05655283555505203,0.3253714999152757,1.8757602042917105,0.0633419624552876
0.00994680309421919,-0.016623470046237106,0.00576996577626027,-3.159374061068149E-5,0.05718513250297802,0.4508205282473843,1.8634183822897434,-0.06139750544753828
0.009767105103768513,-0.016609583691273768,0.005776802226606697,-1.8506844594850201E-4,0.056722289539499,0.5609854364549137,1.853262313352552,-0.16846277167038073
0.00949663737189843,-0.016455093464689777,0.005932379337925419,-4.4154177856859294E-4,0.06392201663555806,0.775287659367656,1.89923446154997,-0.34488904146771693
0.009570007256045236,-0.016633838654218216,0.005723548177968297,-3.483001382908598E-4,0.05521428791001531,0.6629769399872365,1.8100911869632423,-0.2768706065470004
0.00925197300472563,-0.016462713321393836,0.005866854652606238,-6.535846089864296E-4,0.05969084826332373,0.9089482672213255,1.8357108107521698,-0.48473472029463227
0.009036757931540337,-0.016534267419986443,0.0057158296623302934,-8.119625794429159E-4,0.05242922525364369,0.982809954737797,1.7367042625617601,-0.5831899901725351
0.008731346101223343,-0.01637838604765689,0.005783624365776781,-0.0011189956820094433,0.052612092908564244,1.2089487057089008,1.707028376916709,-0.7797185413715156
0.00882995748481262,-0.01656363277514385,0.005608381597842671,-9.651386429661506E-4,0.045728960539791585,1.062805162912438,1.6569362238124279,-0.6771803617080662
0.02121446400713145,-0.02057337925891089,2.5667515455196177E-4,2.9081126044390064E-4,0.020055599259220593,-0.24217536730979258,-0.01866361348207983,0.24868523144342758
0.020115308842240328,-0.019447891198176605,5.442557208800177E-4,6.12350266016245E-4,0.02024660541103755,-0.3809303143268079,-0.02249195072658127,0.3973590649838524
0.020112461148001953,-0.020552607199425726,4.301649663811763E-4,3.965264613685803E-4,-0.01113528145230087,-0.30978875405378287,0.022066715038994204,0.32087310711019773
0.018039239677565683,-0.018273615213875237,0.001281468393863343,0.0012332363561920157,0.004470216662229818,-0.616804066070804,0.035192606220303964,0.6625346833717455
0.017361957318674206,-0.018264963377433115,0.0015344509172717095,0.0013237020990593319,-0.004475941754392956,-0.6669144796317054,0.09559996105816958,0.7214096508118543
0.01826411045591832,-0.018967146763162884,0.0010933344311500246,9.732457853067915E-4,-0.007884825809286972,-0.5414164470296069,0.05814577655256219,0.5762464281475181
0.018892983027466,-0.019559367367538518,8.215290117168512E-4,7.336354250688455E-4,-0.011798235742094378,-0.45436190757817146,0.044815043960119254,0.47857618015170056
0.016759291209326725,-0.017889377843587566,0.0018625777907814518,0.0015451852034982156,-0.0027308564862701737,-0.75324524157219,0.13925959240760447,0.8235763441160928
0.01696076529350163,-0.018578355318699526,0.0016219998086759331,0.0012430602369925294,-0.01569667392575715,-0.658542934550829,0.15447091279865727,0.7130794161242364
0.01587641836120548,-0.017982686242716765,0.0022397777773387035,0.0015675435571451883,-0.010618919190544486,-0.7909740271173458,0.26991333647120697,0.8747386322056927
0.014556442009117848,-0.01737895087573014,0.0031454796614149654,0.001865979865830145,0.0012872430640145274,-0.927427523389288,0.5274497498351814,1.068178589324418
0.014157876702586709,-0.017314879315493453,0.003405429425285253,0.0018613012471986074,0.003522677791953417,-0.9303349422915812,0.6351421404880744,1.0856743754039369
0.015215522199969822,-0.018211170728549247,0.0024709931390970025,0.0014686529706069683,-0.017343445873388538,-0.7699535099112126,0.38670354201841434,0.8593233084140931
0.014816190785770109,-0.017785757923670126,0.0028313830683186977,0.0016622464039813733,-0.008219991220417772,-0.8460677967209526,0.46378719738957025,0.9595011370637233
0.013807700695917663,-0.017495574628176556,0.003508183046990847,0.0017040300618367187,1.446221301781236E-7,-0.8645403900831417,0.7206686733805706,1.0209563121680836
0.013447129121295746,-0.017493883750329276,0.003704489744582825,0.0016306426391101288,0.0024485519437102885,-0.8272353849033326,0.8214035575447125,0.9918432051863622
0.012301925398316878,-0.017174250254886534,0.004528915975649043,0.0014094716939035779,0.016885198018649794,-0.664513347909228,1.2241311449620893,0.8959676675673439
0.012877571407918549,-0.01740469843206196,0.004062607776908828,0.0015172457834688091,0.00648414026404216,-0.755327713195807,0.9988869571439684,0.9436224515131064
0.013141075854846718,-0.017702691748313192,0.003730100334121142,0.0014468884540068435,-0.0025067201392681795,-0.7376606717390252,0.8753159041264457,0.8947290198358875
0.012503581383949205,-0.017504435298272402,0.004171334914732147,0.0013363051746277214,0.00689934324194897,-0.6512941126472341,1.0815947467399838,0.8414822346659586
0.011917939947665133,-0.01718722735807602,0.004694375157354898,0.0012180839932551008,0.02041529609157139,-0.5375788400548044,1.3285633068199705,0.7793870617384097
0.011153593761517165,-0.017241794950759278,0.004913109444524285,7.683662285352929E-4,0.024061158131801177,-0.23183979312843658,1.473141187417806,0.4838206833213608
0.011405852153176011,-0.01726088727462082,0.004819373697272302,9.113830854659406E-4,0.02204602041229693,-0.3352485871593925,1.420705912552812,0.581351051594741
0.011651412946653032,-0.01729954801702821,0.004698671428675953,0.0010343295290276945,0.019425320474270837,-0.42580634620602603,1.3546616448592486,0.6615183658323526
0.010262436460006078,-0.01684258608229982,0.005501768547373959,2.2067747081881714E-4,0.04512569457275784,0.22495426067177968,1.7498460939340619,0.11211402503005528
0.010654718278622006,-0.01700427437759817,0.0052723127972541875,4.93186582176501E-4,0.036118676998714024,0.0011840480012704274,1.6467930531974595,0.29927593916533596
0.010865183073994495,-0.017210829240181153,0.005013992287922263,5.958710628846891E-4,0.027752772832533665,-0.1047801378027222,1.5273417063693218,0.36730509502792963
0.01039156170860388,-0.01705723225048469,0.005250086504609226,2.987770320115207E-4,0.03614654619097252,0.1298472624524959,1.6358972964633491,0.1647879878257118
0.0034635077513723296,-0.011750560135221487,0.0014513299656193342,-0.0062869722603534324,-0.16019579397533726,1.0141744665568242,-1.202262489551565,-0.7725239964659952
0.0036312019760610273,-0.011932806867351285,0.0016759805719380597,-0.0062714350406415445,-0.17536492851127172,1.16273976209735,-1.209197462460059,-0.8925368346950543
0.003729873151543071,-0.012129622695726667,0.001869440013029029,-0.006192251903736141,-0.18624243834762064,1.2917350929894484,-1.1685042460755393,-1.004119555064771
0.003839858610461032,-0.012306909771843148,0.002057926358134945,-0.0061204995455063265,-0.19698774107014103,1.4126637772382338,-1.1299332260263748,-1.1056323716501983
0.0039359896854775965,-0.012482115033892842,0.0022331506818039876,-0.006030989771392417,-0.20415593812434144,1.5219931257868036,-1.077735776779584,-1.1989147153437119
0.004034895740888591,-0.012656934950758243,0.0024074534611641,-0.005932400312697864,-0.209649087866965,1.6252649865726208,-1.0188289898522667,-1.286140780148634
0.004159903242158512,-0.012843526855427695,0.0026066221929771224,-0.005824401550108305,-0.21524949238115162,1.736681535731984,-0.9526075536518555,-1.3786589024443276
0.004372725166410739,-0.013066606797509867,0.0029012469599559044,-0.005705472824267327,-0.22155741389389158,1.8945523467295586,-0.8738244033531463,-1.5022473287621845
0.004220642412005003,-0.013017233922532269,0.002734376435795848,-0.005688057224695721,-0.2159742106213879,1.8020989854290241,-0.8697573296464289,-1.4390940557015457
0.004750377003479332,-0.013539538508137789,0.0034306003553710744,-0.005351569217000619,-0.21652477400819128,2.1390946313450034,-0.6343683063611564,-1.6985788968581943
0.004582640977522572,-0.013398395879742097,0.003219078039068309,-0.005446955260288801,-0.2176416742948013,2.041550281056294,-0.7058349019383677,-1.625280784754052
0.0044471898183825595,-0.01324089526799917,0.0030345031979808206,-0.005560348558400801,-0.2197996076016485,1.9554824283515317,-0.7823274097856441,-1.5570905644596371
0.0059424376356936965,-0.014695417254001926,0.004725164736012356,-0.004146093766539614,-0.11973075277047286,2.4578450915193586,0.22594556872388516,-1.928758957315113
0.005586709535303656,-0.014546503803512707,0.004355156002595521,-0.0043357927264390745,-0.14382333013807666,2.3535848632498113,0.042494299840790624,-1.8677570790684677
0.005748133336208184,-0.014653972894758324,0.0045110157337246585,-0.004207708581919323,-0.13098257030820418,2.3810233602279607,0.14053665083526748,-1.8838494696963626
0.00485411190796289,-0.013718198184490623,0.0035720299730515243,-0.005184480322143373,-0.20780340630661517,2.1852620053988825,-0.5264604530383732,-1.7393658858213994
0.00468669168960845,-0.013712601778443582,0.003388250842253546,-0.005144540738821267,-0.20244993406224557,2.0879881597022587,-0.5239013689107056,-1.6754340130815126
0.004948098843256383,-0.013873547280464965,0.0036899061885616855,-0.005034037377330499,-0.19980109218465178,2.2171449286487745,-0.4300849187383305,-1.7672313764414689
0.005064636840894742,-0.014000761471612288,0.0038250675412268274,-0.004914257907720105,-0.19008964283165,2.2584666369374733,-0.3487861619699784,-1.799444022412477
0.005092185507260727,-0.014160687941605904,0.003850502029480705,-0.004737901635934002,-0.17928770625768717,2.232282811935892,-0.2533169668266337,-1.786334222247005
0.005195662548685345,-0.014313896815204272,0.003952614442638507,-0.004579125280478137,-0.16727702661385455,2.2399045658522785,-0.15714389599623724,-1.7943489214823363
0.005409725323909501,-0.014608389763348386,0.0041389523048128195,-0.004263279494043415,-0.14359883689775657,2.23423669301144,0.02863718725682195,-1.7921143544281006
0.005304401026323384,-0.014456696965876557,0.004053107210112081,-0.004428074749747716,-0.15554776850344354,2.2447888295838,-0.0651063485077054,-1.7984603343526884
-0.0029938503569558834,-0.010328475702883849,-2.4842674929921284E-4,-0.0064984523415514955,-0.05982215373617877,0.0935520985828228,1.2281662465511582,0.07368906183244382
-0.0031835083828870426,-0.010581469526518653,-4.7086595243365186E-4,-0.006579789266220516,-0.07543792714395854,0.26592242754456835,1.3176836905196951,-0.07042259281356265
-0.0031765170583691,-0.010821805643636318,-6.548720930263715E-4,-0.006517259311385507,-0.09477243174284566,0.4114251309820588,1.2862199671361951,-0.2191916019766887
-0.0033182500888743758,-0.011001432424575791,-8.383024113271625E-4,-0.006551510234367896,-0.10876288459735828,0.5476524246176887,1.3338621324926463,-0.3331386420606431
-0.00267354395185273,-0.010385206258727391,-2.5109157631153083E-4,-0.00630805275273097,-0.07062535227850426,0.10791279610191808,1.061936359930735,0.018206554724942297
-0.0023771971952113885,-0.010400521069513174,-2.2594240024985637E-4,-0.006158303789865511,-0.07667267868526882,0.09993279547443489,0.9199698500103018,-0.005257129230117719
-0.0018228809599506292,-0.009801274687543103,7.814614575385506E-5,-0.0059498658870019774,-0.05611901941262903,-0.18927185627539964,0.6733195681332202,0.2472376192893407
-0.0020118989263450985,-0.010041695198287197,-2.2264838585681814E-5,-0.006024160605375891,-0.06305747494597798,-0.08153098307269639,0.7586251834272915,0.1503060981631265
-0.002054295780819634,-0.010360698270242552,-1.717317963844044E-4,-0.0060237938057121,-0.0794432809107718,0.06633466233564429,0.7767258737700412,0.001288581918993701
-0.001469641594885424,-0.009767914557109804,7.223891055223093E-5,-0.00583842611560481,-0.05952108331437934,-0.19754532965918645,0.531671200303779,0.23669467750776815
-9.790039000626203E-4,-0.009578150393207746,8.667338071828569E-5,-0.0057133689357068375,-0.058235022794297715,-0.26313227698781544,0.34299404804087,0.28773251295589125
0.00151188871911364,-0.009490791015631626,-1.659158901519711E-4,-0.00582592806924829,-0.04720822074055497,-0.3091127767750064,-0.5368727361670884,0.35700113789216253
0.0017395425769342523,-0.009922398597719187,-2.7138263307673665E-5,-0.005925686937281389,-0.06310988178857725,-0.1360653890098776,-0.6431224979600879,0.1864581806826377
0.001074373548771831,-0.00949776030453759,-1.137155425245564E-4,-0.005722892505138375,-0.05383544536049032,-0.29409666421863445,-0.3750875390592041,0.3240398831259798
-4.8176683995123455E-4,-0.00945699398077958,5.40575581619227E-5,-0.005634947924481242,-0.05699821363441876,-0.2996167529649864,0.16520713291230926,0.31612905057933965
1.1061605321432768E-4,-0.009306833715571828,-1.5937631094131133E-5,-0.005596110523874138,-0.05272580667293192,-0.3487410830764622,-0.03727291737062715,0.3664052628928652
6.301791495468176E-4,-0.009464904212341451,-6.997331434106543E-5,-0.00565065813865243,-0.05622443629915274,-0.2980607888579972,-0.2167520405372043,0.31697488830971793
0.002906515570446631,-0.010584103368914459,4.191127171020677E-4,-0.006408068689496712,-0.08135704489795009,0.236476660573431,-1.1688954742769555,-0.08395629193683439
0.003061913743402614,-0.010777369328266704,5.911049363704081E-4,-0.006457778011159349,-0.09204483916198215,0.36992888449399625,-1.2307179769375334,-0.1943089161430498
0.003103974379563057,-0.011011099610851276,7.712781546290484E-4,-0.006414057208621674,-0.11061475848881709,0.5113008244202408,-1.2181359676986983,-0.33107681905662617
0.003243969047063038,-0.011185896167667315,9.487592280408363E-4,-0.0064345841489711056,-0.12080481482878658,0.6434259576382121,-1.2563925804781908,-0.44023273830391246
0.0033204505322893527,-0.011578552574940533,0.0012578533713483902,-0.0062988145756869415,-0.14602644812288537,0.8805810969079545,-1.1917903031031205,-0.6637625912532146
0.0032138031470093087,-0.01140784448764609,0.0010902844027684871,-0.00632089521450028,-0.13757601533148237,0.7596283681193086,-1.1878816002043224,-0.5599971841903478
0.002577455132087833,-0.01057619538494368,3.55020712446558E-4,-0.0062307536164626365,-0.08377809017248894,0.20416703363594643,-1.0063631415920609,-0.08942956412676462
0.00221103663856615,-0.010501289398206548,2.579341035068101E-4,-0.006071833312961918,-0.08434826258481297,0.14046545441161418,-0.8412960915308201,-0.061568065584285715
0.0018507423413729235,-0.010404087974463423,1.7072709850886192E-4,-0.005943626399851662,-0.0828977776640974,0.07953634563084395,-0.6903249549692797,-0.026034853832928334
0.0032590413015951823,-0.01177097093362581,0.0013468644388155075,-0.0061604115224141495,-0.15541717950575273,0.9602661022509981,-1.104559829521023,-0.7502019675850926
-0.0033906180577874417,-0.011228456421270934,-0.0010410073656579395,-0.006509629003231679,-0.1273516817932359,0.7019414839011024,1.3221603201474552,-0.4746619456328924
-0.0035962335570437327,-0.011480400350664954,-0.001333426040609976,-0.0065216580264863076,-0.1495717672388548,0.9082483417777871,1.3588840141885705,-0.6437667495861423
-0.0034369187711432263,-0.011411328989590169,-0.0011994891823399825,-0.00645441814124171,-0.1397490251776651,0.8228015883956504,1.2972590797068306,-0.5861854925293731
-0.003671421755172473,-0.011636126767755588,-0.0014935850781499043,-0.006482916352488532,-0.16186317299803576,1.0214358596185331,1.3434990486230773,-0.7437137146422953
-0.0037312005016069873,-0.01182485850691106,-0.001668238790316205,-0.006403028906726309,-0.17575377529191408,1.1462349799980294,1.2989960701005268,-0.8578241315945423
-0.0038337945487907314,-0.011957601128835666,-0.0018311144647348613,-0.006376890038698671,-0.18468424766529368,1.2553725799601878,1.2905543987451895,-0.9459520386747317
-0.004610807408194716,-0.012643118983350965,-0.002949121559341128,-0.006258429730392386,-0.24955397981840247,1.9482680157348968,1.2223254380390733,-1.4741129393591983
-0.004698227852120988,-0.012772146853090405,-0.0031108475917439337,-0.006172346681671452,-0.25361055042805664,2.041245629826403,1.159593618462033,-1.5509670592495428
-0.004670838046824449,-0.0127042513030961,-0.0030458727473872617,-0.006229400948016104,-0.25224806729929067,2.005605763761609,1.1998173142061412,-1.518281733373654
-0.0038304828617945993,-0.01209360335721489,-0.001919753969291431,-0.006276873549105515,-0.19115896404634328,1.317793316291488,1.2272330388084174,-1.0102129609284551
-0.0039300426018793735,-0.012195349929135346,-0.002060644662889834,-0.006258516816881985,-0.1988175480922377,1.40701530155665,1.2207062597895624,-1.081125525559709
-0.004047500748081541,-0.01229207127110945,-0.0022154896165646493,-0.006250257426559629,-0.20882714839057062,1.5028490710550617,1.219328681211764,-1.153895221417167
-0.004168248298291673,-0.012377171048818024,-0.002370372806131184,-0.006249336260940379,-0.21712163326267106,1.5985553583938612,1.2210846946314369,-1.2241854122786149
-0.004295106157413149,-0.012459735119866908,-0.002533793597964355,-0.006250462958597053,-0.22766562140446342,1.696762026379132,1.222809810296342,-1.2962575806128511
-0.004422641033296138,-0.012541411649330744,-0.0027023628924711393,-0.006248837685216135,-0.23704935166874488,1.7988578787085263,1.2207514732352382,-1.3700519810861105
-0.004514907623370104,-0.012644990482306518,-0.002852282586149528,-0.006200496104650528,-0.24125723344801261,1.888932698742261,1.1857697721973133,-1.4400529162825033
-0.004688615613834486,-0.01286994637046595,-0.0031482444217424137,-0.006061305213909532,-0.24817035889729697,2.0573363789078063,1.084416206599417,-1.5761941724471749
-0.004728948874149805,-0.01299101014998949,-0.0032451737377850952,-0.005949729093418759,-0.24606871626606783,2.1054388820060876,1.0077110508461191,-1.6225771687167485
0.022482850978858798,-0.02359711041243332,1.0190720817252059E-5,1.0397285563323182E-5,-0.028119980599424253,-0.029529366925692153,0.012408558293005752,0.03101856506159487
0.021952895454766,-0.022032920571277047,9.244521334616258E-5,9.11819121844639E-5,-0.002878658808674902,-0.12143496038151462,0.0024588105162309877,0.12217915443010342
0.02153459934225118,-0.025,0,0,-0.09662913960600518,8.780600370671105E-4,0.0027914501666906726,-0.0027018194804198756
-0.014997926341072958,-0.010401180803511045,-6.645094644140447E-4,0.008278027667862049,0.3179017436338824,-0.5216102627400248,3.165991484750943,1.7382764790496508
-0.01498333453830101,-0.01040789322055687,-6.798178400440803E-4,0.00830541384115467,0.32576707249104403,-0.5295842103327602,3.180372354871787,1.7596005362454317
-0.014982028743765486,-0.010423544090142324,-7.059256710887722E-4,0.008303235659330362,0.3251848175323101,-0.5496280153241307,3.1732478394861015,1.779798595255724
-0.014996634047744664,-0.010416891758867673,-6.905299621092404E-4,0.00827591192625565,0.31875712938648265,-0.5414903510944803,3.1589596091496723,1.7583477820423015
-0.0149806737880534,-0.010439190866250392,-7.319923536850422E-4,0.008300978484516228,0.3262725100915685,-0.5695077281224264,3.166025198287661,1.7999379256048738
-0.014995259973555898,-0.01043258230839352,-7.165291381790209E-4,0.008273779789065716,0.3193509918699135,-0.5613045710565051,3.1518521014383123,1.7783803381629948
-0.014993852580722439,-0.010448251814069933,-7.42493541055363E-4,0.008271539151432557,0.31951569555696796,-0.5810922431506055,3.1446023391102034,1.7983528888236933
-0.014979269682969046,-0.010454833402758998,-7.580263432835671E-4,0.008298641669941641,0.328506569635856,-0.5892994173861823,3.1586802760655943,1.8199715178886116
-0.014992446973453954,-0.010463918362651136,-7.684385160576477E-4,0.00826911964026049,0.319598605176584,-0.6008775020540145,3.1371643440456416,1.8182668600951588
-0.014977816440745884,-0.010470471553061363,-7.840659549106023E-4,0.008296221774733235,0.3299145807999242,-0.6091370657767833,3.1511902952255846,1.839923899921109
-0.014943272334665861,-0.010751038364750519,-0.00125167154563179,0.00823865121603327,0.33825960359213275,-0.9580713484821429,2.996355594877065,2.192917171341277
-0.014955914970108312,-0.010760922914885776,-0.0012603506571236681,0.008208470808797608,0.32838353342174864,-0.967347444551052,2.974234500209603,2.1888419989889054
-0.01494088843417703,-0.01076656472721855,-0.0012775521091932364,0.008234677560278481,0.3382662629451729,-0.9770417449346964,2.986611535052903,2.211995320411636
-0.015023264475215266,-0.010221152317051353,-3.64041281638821E-4,0.008268585247339658,0.3112507696733861,-0.28626754672752824,3.2209865436758203,1.4885100414116244
-0.015025384069027077,-0.010174111493011168,-2.8657353048353555E-4,0.008271075587181285,0.3096700894060623,-0.22564171959455095,3.2366765037261644,1.4273924074727125
-0.015023969031733588,-0.010205509935667505,-3.3828562145103404E-4,0.008269592614517707,0.310690098719043,-0.26615022251272347,3.226383414549851,1.468267284061899
-0.01502470016655711,-0.010189838717179532,-3.124739008001085E-4,0.008270372885187817,0.31015321421583936,-0.24594636257959665,3.2315804763823164,1.447876437758265
-0.015012922770985933,-0.010394421205527584,-6.49174329633793E-4,0.00825057350302986,0.31666776703916427,-0.5067000454653624,3.1524133400806726,1.7099973120141445
-0.015019175334370262,-0.010299869189333762,-4.936178850140988E-4,0.008261898909046767,0.31381548628056954,-0.38695482768535494,3.1917923583881205,1.589734267723304
-0.015014992016159592,-0.0103629573956452,-5.974672889898285E-4,0.00825508558894558,0.31567436855880654,-0.46706254054170165,3.1662447606550277,1.670363987393605
-0.015016135709081084,-0.01034724900478821,-5.716017675733385E-4,0.008256850348400324,0.3150940061985666,-0.44714969320660597,3.172756583043862,1.650290539487149
-0.01501733886737276,-0.010331495155769983,-5.456385926198511E-4,0.00825832913388243,0.3146235788358212,-0.427119554836306,3.1790396032582575,1.6300055862305924
-0.01501834124916771,-0.01031568213393674,-5.196162868195952E-4,0.0082600382501391,0.3142580749407751,-0.4070376881558318,3.1854055208631546,1.609814500488014
-0.01502825921433173,-0.010387588666740154,-6.337961558332129E-4,0.008222242798471125,0.31240563796039633,-0.49453656936964224,3.138064257567819,1.6837048244575008
-0.015028966738308674,-0.010371864157227819,-6.08210459754007E-4,0.008225126856931423,0.3120613484452735,-0.47495254100698725,3.1452922501900358,1.6644368618357193
-0.015037504775556328,-0.010229682918003281,-3.756609192860529E-4,0.008238879951802612,0.3077729202531629,-0.29518946150587655,3.2001206563119315,1.4836309950163502
-0.015036983107849988,-0.010245361720541796,-4.0126581724066754E-4,0.008237246595150712,0.3081920157650611,-0.3151015605477614,3.194281828804059,1.5034278530237681
-0.015036189068534706,-0.010261161940797603,-4.2710487181485575E-4,0.008235953994713274,0.30867193838920465,-0.3351711901654837,3.1885453763960707,1.5235920838180357
-0.015035088879895018,-0.010276941593176554,-4.5296169928008483E-4,0.008235092892454443,0.3092096230503701,-0.35523501109408917,3.183004355563892,1.5439977515057846
-0.015034038514454846,-0.010292704454760227,-4.78776060032833E-4,0.00823395647238809,0.30971451710296144,-0.3752345495804335,3.177228054286655,1.5642524086685066
-0.015059502076974889,-0.009952164779875698,7.760293495476287E-5,0.008212972525082985,0.29615973272837465,0.062356300473079794,3.257532513917653,1.109721747640248
-0.015057024040681946,-0.010111484904167512,-1.8112594652589683E-4,0.008214479740136114,0.3009182842141462,-0.14241402509854736,3.219062440312548,1.315998302946744
-0.015059575215470552,-0.010047867461254212,-7.774046547426556E-5,0.008212957701458497,0.29878440601389694,-0.06086765284669898,3.2346889111233925,1.2329041093834225
-0.015056391775210426,-0.010079867616219821,-1.2983680630357264E-4,0.008217858043521648,0.300273858393635,-0.10204161602090218,3.229566470648804,1.2766752387184133
-0.015059103666332627,-0.010064326360642036,-1.044692450141338E-4,0.008213254857889679,0.2992822510053182,-0.08197860687708958,3.2306996058914272,1.254304617329144
-0.015069015442312372,-0.010089306083125374,-1.4437889114068148E-4,0.008192285067260724,0.2978402332486969,-0.11321343105132561,3.2110934027629936,1.2762063056665995
-0.015071178023420178,-0.010103138169296045,-1.665600186152999E-4,0.008187087804994055,0.2977040126878095,-0.13058221623994756,3.204219710442986,1.2914048724848304
-0.015057538090566423,-0.009984782976048205,2.468529146883557E-5,0.008217657480321933,0.2974932536585207,0.020262195533727614,3.253011977368286,1.1537818319122726
-0.015059462854313066,-0.009968802963495907,5.060016930466026E-5,0.008213543592757637,0.2966179268389842,0.04087616921276185,3.2541073223942547,1.1313460311676673
-0.015069922433956504,-0.00999367706235176,1.016087552856526E-5,0.008193163854879663,0.2951639488159106,0.008857702315203865,3.2353372687489257,1.1539160684238587
-0.01507222302091361,-0.010007420411415868,-1.2040730835327411E-5,0.008188628357796957,0.2950453628426594,-0.008695300213425643,3.2292081356717257,1.1693813677181455
-0.015074672053078067,-0.01002329130911343,-3.7624471374388325E-5,0.00818363918180263,0.2949662936022921,-0.028893677268236186,3.222243221649569,1.1873297784574246
-0.015075995556821445,-0.010039597356332712,-6.388053346782903E-5,0.008180687824167856,0.2951104687320986,-0.04961136265012294,3.2164054186514615,1.2067746782545132
-0.015040557807704894,-0.010167132808962894,-2.732908858071887E-4,0.008241694339547146,0.30574868626733825,-0.21522750451107028,3.220460067943024,1.402807210530537
-0.015041253281999267,-0.010151318433389659,-2.474131796476395E-4,0.008242109984160374,0.3052419056691171,-0.19494014931302092,3.225242084393368,1.3822718529516764
-0.015057092513037983,-0.010144500248790569,-2.3466087510002457E-4,0.008211361368495583,0.3016788480142815,-0.1843935982166056,3.2080766598594366,1.3572480514980063
-0.01505783410243484,-0.010128100789004656,-2.0800752022047178E-4,0.008211470135003741,0.301137049111226,-0.16349161797791611,3.2126730106085675,1.336019295470221
-0.015067608739160507,-0.009441071538226074,8.916650529382102E-4,0.008086354501595285,0.2781386759827154,0.717488560770308,3.2533897338565594,0.42323707449572096
-0.015077119653273458,-0.00946005915635291,8.585451795255192E-4,0.008075304064152912,0.2769867956293152,0.6901849750089415,3.2442393681364066,0.44374813951437503
-0.015077903921080507,-0.00947737454254971,8.313972007062186E-4,0.008080245486641113,0.2774601917172755,0.6682361972343344,3.245928463303322,0.466393783145732
-0.015086662477407864,-0.009493804791902632,8.027436372039231E-4,0.00806925025313155,0.27641873481350837,0.6446169504155049,3.236954992436743,0.4836045044139449
-0.015093906527966893,-0.009516092457821031,7.656830132767843E-4,0.008062988642905082,0.2757381779532779,0.614354877129585,3.230482830929867,0.5091973202136574
-0.01510309598206515,-0.009668866711520282,5.246406695247186E-4,0.008088835471930142,0.2788632324142752,0.41984030336123085,3.228768014673635,0.7050319412506804
-0.015101473352190226,-0.009652260240221706,5.510797209256797E-4,0.008088023659152203,0.27863136460258336,0.44116504092135594,3.230561011770327,0.684268778794319
-0.01510060655581974,-0.009634709075219218,5.788036387260029E-4,0.00808530969848975,0.2782326045878103,0.46350206281470246,3.2311611362233177,0.6617445084616985
-0.015085200570421209,-0.009553698460716721,7.09979360811039E-4,0.008092108707344394,0.2785669551073455,0.5698466489908672,3.2458174910907513,0.563961271376945
-0.01508763319723994,-0.009571747454605189,6.810020666920792E-4,0.008092937058186948,0.27867624842940264,0.5463900488437269,3.2442457998086467,0.5864748695766714
-0.015101499971620656,-0.009538130626710507,7.290226229108329E-4,0.008055617777153705,0.2750474525840146,0.5844730415207061,3.2232190942355463,0.5340560252178247
-0.015099471867712409,-0.009614399870225188,6.108901242005397E-4,0.008082158106471534,0.2777963675754824,0.4893618565006837,3.231751342871282,0.635728035183022
-0.015098795816225814,-0.009589352536768606,6.502038180196979E-4,0.008076469944572605,0.2771916921327224,0.5210617633999913,3.231150014518261,0.6031265364702584
-0.015074178307017986,-0.009926871955081951,1.178528500807276E-4,0.008182745283382649,0.2924007834408237,0.09448909828201758,3.243738004781772,1.0640056157243405
-0.015075740206988002,-0.009943249492511004,9.138774381221738E-5,0.008180439951688809,0.2925449587362104,0.07344080824675714,3.238690597438587,1.0838126742248961
-0.015074492514615272,-0.009881770661827693,1.9048053215446427E-4,0.008178979854382025,0.2909926811918315,0.15241550309638338,3.2507878505510033,1.005106049504681
-0.015084688808506351,-0.009899631439416341,1.6097835082011492E-4,0.008160274692111934,0.2895264711290619,0.1289065368644686,3.235089753841645,1.0197920390797328
-0.015089477833404868,-0.009916951677512517,1.329120737692172E-4,0.0081520021833565,0.2890431962617244,0.10657487353917978,3.2261522637279776,1.0380885763903376
-0.015084119405320529,-0.009741437813287858,4.138899382524469E-4,0.008141049670698819,0.28477513637837526,0.3313931857899198,3.251982457127234,0.8134526261257243
-0.015078406706105727,-0.009725010942851144,4.4114014085164314E-4,0.008149148009069128,0.28545244716387114,0.3533904181353067,3.2599717091385974,0.7958654737477068
-0.015086481039661818,-0.00969649430416824,4.8479610526153133E-4,0.00812744099000274,0.2830212053816638,0.3883509083449503,3.250146850945757,0.752453733172853
-0.01508772961904998,-0.009711623370543725,4.6055071189001677E-4,0.00812817359486917,0.28311328227703547,0.36882524041127446,3.248290238611472,0.7715609320500075
-0.015105584596614234,-0.00968592582030608,4.972976116551173E-4,0.008087869046110663,0.27892457474309346,0.3978019135575827,3.225666504714957,0.7257283499321961
-0.015089282895086875,-0.009758162941070644,3.86367366538181E-4,0.008133897556852883,0.2843901204913611,0.30920086817307263,3.244501715679174,0.831698785670972
-0.015085480181168391,-0.009789741244651116,3.366875133461277E-4,0.008146453713042455,0.2860666887406733,0.26937590839850256,3.2472390413227123,0.8759874528436377
-0.015097280682427473,-0.009775436440402192,3.576134028906097E-4,0.008121097457923823,0.2833071655521335,0.2860102266355165,3.233194145533371,0.8484310690797878
-0.015095179425302136,-0.0098080328432561,3.061602249007618E-4,0.008130044779919328,0.2847281853310876,0.24482281748910337,3.2332653345114934,0.8924918944634751
-0.015102405434357138,-0.0098267444237171,2.7549755896440214E-4,0.00811833355047259,0.28381918813584944,0.22024728359110002,3.2222712998681557,0.9112323247846245
-0.015088730094005411,-0.009862490376624119,2.2009420916398485E-4,0.008149130558204947,0.28761468869801704,0.17604808958782917,3.235394204523853,0.9683578236502238
-0.015108280587568808,-0.009847199509735952,2.423910425295692E-4,0.00810922977739896,0.28336032825874385,0.19376099865077775,3.2125652808703395,0.9330657421188783
-0.015079752000986818,-0.00942729215252859,9.081468594860587E-4,0.008057457985810717,0.2755098530848286,0.7300641218953913,3.235054223369413,0.3988010694928516
-0.015086025339713361,-0.009409612013721484,9.327545911850031E-4,0.008038240471760074,0.2737148911138443,0.7495252519605342,3.2235428811999425,0.3723736937151698
-0.01508852972743404,-0.009378129651497615,9.79784916259898E-4,0.008020191301381664,0.2724289208345709,0.7872784739980582,3.2136479563630824,0.3295977269544204
-0.015092697075957534,-0.009356497893066584,0.0010107987813070419,0.008002782743597362,0.27096340712733785,0.8119823775314147,3.2033529224543975,0.2993146374558506
-0.015093157154061725,-0.009335034530038507,0.001043028642278062,0.00799222040418277,0.2702506456346691,0.8378873743511183,3.1975151350782105,0.2709518631563705
-0.015091803799340825,-0.009312595718495935,0.0010774444439152972,0.007984330191141824,0.26985759608317356,0.8656689443876308,3.19340660456299,0.24210312756265842
-0.015076288020610732,-0.009274879966075435,0.0011416864471033813,0.00799530339217105,0.271321032204086,0.9185513686355369,3.2025860635323946,0.19855717788527832
-0.015091608235310411,-0.009292264928698274,0.001108040264020752,0.00797494435516046,0.2692126020944679,0.8903083385571418,3.188060291578277,0.21556866372920802
-0.015089845263832813,-0.009253324771501818,0.0011670365710613401,0.007958833333358957,0.2684026799315022,0.9378589464336713,3.178729708847777,0.16537299278011178
-0.015084349323120595,-0.00923107025336814,0.001202960354878678,0.007957592384647478,0.26876446710275287,0.9671100832341103,3.178620600370276,0.1382985842032698
-0.015101065924174765,-0.009396662210382463,9.462894543406892E-4,0.008004159250425061,0.27077888740070083,0.7595002862620214,3.2015523265077945,0.348302039314615
-0.01503895135007456,-0.008799537972467967,0.001846281229543169,0.007753753842295691,0.265623547267358,1.4812151176496864,3.0290934950229285,-0.3996707210741603
-0.015043636177865083,-0.008823275682569213,0.0018105288848542795,0.00776419047305601,0.2654112133153717,1.4528455882348257,3.038025450730221,-0.37107092471250963
-0.015060141294374035,-0.008843142916114238,0.0017708724850954893,0.007750403411143916,0.26320105649646136,1.4193050643979317,3.030236133615809,-0.3477299509513418
-0.01506935853056294,-0.008870677496336193,0.001726531498407208,0.007754889277639235,0.26229730170953985,1.3834438150641726,3.035148050720285,-0.31488286034434004
-0.015069228672019305,-0.009139444159344264,0.0013464774041372768,0.007934724495532406,0.2685506683975074,1.0834078429075769,3.164758655371759,0.02383961033495197
-0.015081540884593198,-0.00911127533304493,0.001380139983553146,0.007895152197238435,0.26592428831595666,1.1090092619592096,3.138008279116662,-0.015703955348222984
-0.015094139817605587,-0.009085223276693878,0.0014099571282355121,0.00785618648926002,0.2631194068333474,1.1313483687136474,3.1114794974485833,-0.05188322141173068
-0.015082487926358681,-0.008900365071206295,0.0016763956214897054,0.007753432224989238,0.2607891321432351,1.3423985661677984,3.0359618731847062,-0.27981527706345116
-0.015084477931597598,-0.00893420600478487,0.0016285230288622526,0.007774057061359953,0.26117462313626966,1.3047188618994363,3.0516254694772162,-0.23859341327915987
-0.01510893513188754,-0.009060927476972066,0.001435340601740296,0.007814231591895872,0.2602713728461113,1.1496478695257288,3.0828473988506424,-0.08548531624101065
-0.015096071265390625,-0.009042446516058367,0.0014695707808458271,0.007825887808730968,0.2618624848169592,1.178265816372673,3.090375979367831,-0.10606729422375685
-0.01509625885083634,-0.009019425805030772,0.0015018875242031804,0.007810697460788547,0.26119870212496515,1.203746603096464,3.0795383037765487,-0.1348841755455089
-0.015088409875571914,-0.008963378012848987,0.001585428478611653,0.007787317149350831,0.2612749005645915,1.2704059497687152,3.0618756534613074,-0.2031477238153593
-0.015093904323235374,-0.008991824110617776,0.001542101217925808,0.007796722448506791,0.26097140050759865,1.2356973188517089,3.0692797127051104,-0.16879919080789027
-0.015088089053894678,-0.009202966072102645,0.001242512170925517,0.00793554681086067,0.26728357503617256,0.9984395033576249,3.1643882940866654,0.10057424559601082
-0.015091767293998358,-0.009179548657588712,0.00127485685817474,0.007915807787687064,0.26596247569730774,1.0239715223128625,3.151454036887738,0.06918591115969573
-0.015089015181282325,-0.00915650734048816,0.0013100663801522228,0.007907900316121853,0.2659273915020404,1.05233507735285,3.146411515788934,0.04036812899324034
-0.015044210589676948,-0.008748668405675368,0.001909907731895692,0.007703495007279929,0.26402076462621954,1.52903816032023,2.9906817256505707,-0.46071510858457193
-0.015039296559071925,-0.00870253327473767,0.001974496189163189,0.0076735777050048635,0.26393430171337784,1.5791282253508456,2.9658098184905977,-0.515202305668597
-0.01503623480472121,-0.008682949071203852,0.002002533308969186,0.007662166764451478,0.26424282614942013,1.6009141356881458,2.9559597071559938,-0.538174211970502
-0.015058183466687632,-0.00871956291380524,0.0019365440681495486,0.007655404713987633,0.261446789620921,1.5465996746708859,2.9555119979380424,-0.49470881242099557
-0.015042502456215568,-0.008659819919664694,0.0020269186591448623,0.007631579421119428,0.26293839709759453,1.6179869917046539,2.9328068799783833,-0.5646215169181444
-0.015019405893984622,-0.008599423384231475,0.0021241413053314294,0.007617202166788414,0.2655829406025357,1.6957112355088544,2.91536406119841,-0.6356675076505827
-0.015042926173517003,-0.008628994132642216,0.002065787958433926,0.007603980576265922,0.26247846349698717,1.647025898760131,2.910666750917738,-0.5998057456483815
-0.015059591774298954,-0.008775531821715194,0.0018619136167073258,0.007698541889166692,0.26209622740263194,1.489445037800676,2.9898898422663414,-0.4288220285916467
-0.014670364923710096,-0.0074146223650084315,0.0037050861212241173,0.006694924921903204,0.32755991467996254,2.7703424899846567,1.9877649802134703,-1.7851243499117593
-0.014719200787142476,-0.007417594218546545,0.0036350843215507103,0.00664538504753213,0.3181716628885431,2.7038660477499676,1.969635476351433,-1.7500949427137165
-0.014729231750756253,-0.007445737810010639,0.0036026277160628993,0.006672985390322359,0.31630040324639735,2.6871639321969036,1.9974044028660116,-1.730379362165524
-0.014722479091480983,-0.007488486614574554,0.0035826536669647533,0.006739275613245365,0.3172776207569235,2.6901015450507093,2.0497395492681107,-1.714279797021147
-0.01474544141417812,-0.007534497485150271,0.003518665785062432,0.0067755838950656405,0.3121695283332237,2.650991597095233,2.0911216098678866,-1.6751992469185881
-0.014775239622961397,-0.007663514722366406,0.003380647591989579,0.006912776431571752,0.30597046269349626,2.579366149308491,2.2216251284179607,-1.581589174980509
-0.014771872457705566,-0.0075725866795222085,0.0034551532190758532,0.006795759993816442,0.3076662823680336,2.607921671999392,2.1201898660196554,-1.6374748934521903
-0.014799244355478207,-0.007612532009669898,0.003388708826102214,0.006816022030757264,0.3024864577419187,2.562470584762028,2.14967322721651,-1.5976870878378893
-0.015041798548578764,-0.008563719063541003,0.002148393851806677,0.00754746091263858,0.2620251140908858,1.7082766972580694,2.8643392335003695,-0.6728654392546182
-0.014847503433310774,-0.008061348764675227,0.0029260229084707556,0.007319625441740371,0.29054487900159437,2.3040257254780205,2.604949514710474,-1.2380028424848197
-0.01485549795641479,-0.008090424496409404,0.002886410284209905,0.007342560461797205,0.2892161962794661,2.2761990987251584,2.62791502170349,-1.2081923024062842
-0.01488377987383115,-0.008105630305545548,0.0028372662043768125,0.007318508832354295,0.2846648371494322,2.2325838738503028,2.6179241910513276,-1.1824702071813205
-0.014904865849154623,-0.008133233665684763,0.002783961541114936,0.007319110736478702,0.2811671861276884,2.1900055853033424,2.626350760026576,-1.1486862201762997
-0.01486423859637806,-0.008030439511601538,0.002937283242760494,0.007258092998669814,0.28802453138856127,2.3022159721767697,2.5579698313945536,-1.258056322147744
-0.014921759569294653,-0.008168936398320555,0.002726919903460465,0.007334378869465598,0.2783942889477216,2.1467894396765854,2.645726198460959,-1.1090359595380683
-0.014948015671863608,-0.008197147146539645,0.002667441810767897,0.007326239343627187,0.27437261528242224,2.097991101098248,2.6482885847822852,-1.0729558027358514
-0.014966663503038742,-0.008226020439656584,0.0026159035390820565,0.007329538375676168,0.27161271440477336,2.057206513768172,2.657686940951418,-1.039132439123754
-0.014984183285209953,-0.008260771898466515,0.0025591733309085723,0.007340085886865219,0.26883809859126645,2.0133891746735917,2.672791241659223,-1.0000969111786537
-0.014994859387582582,-0.008339427371296705,0.002460097540428964,0.00740565050848995,0.2673359509080369,1.9429089865117832,2.731884807259366,-0.9193750510840101
-0.014992137146241922,-0.008300821167463529,0.002506416684343898,0.007369971223038775,0.2675349350977944,1.9752463148844106,2.700852375391442,-0.9585455617337203
-0.014993116864771236,-0.008381272483890156,0.0024138019307439747,0.007451051995721692,0.26788057666095844,1.9114730740267378,2.769689278171584,-0.8770985070456039
-0.015022939526925133,-0.008353870619522105,0.002415145523586064,0.007376423699810212,0.2635363741885644,1.9031639898137698,2.716426221807318,-0.8974552206182118
-0.015010978626096011,-0.008420411150085043,0.0023502529616775164,0.007461675769574824,0.2653410898125203,1.8615756975604072,2.784176902364164,-0.8322450192698422
-0.015022083569213286,-0.00845602148854954,0.0022973452054599335,0.007478601445622253,0.2638989791420912,1.820953674016318,2.801668358566566,-0.7924825812596654
-0.015041125164202501,-0.008524498823236,0.0021970356818968545,0.007512523382827684,0.2615688455740202,1.7438170585992065,2.835388909672364,-0.715750355029754
-0.015033339417887733,-0.008491229736056457,0.00224451801029215,0.007494055643602585,0.26246380325227675,1.7800325542726314,2.817898311753527,-0.7527975612847815
-0.015069756121981772,-0.008537658649532015,0.002154797595768521,0.007477873880547317,0.25767376934478603,1.7059844995181184,2.81499631996421,-0.6970870975093517
-0.014841255464851955,-0.007899674078762346,0.0030917071178134677,0.007130466758428226,0.29263643320791305,2.400910776711793,2.438004154947404,-1.3774122611835293
-0.014825948666523293,-0.007841261147232348,0.003164270452586045,0.007077856250579309,0.29560398973096785,2.4473134096452624,2.3860209937559946,-1.4301667280947412
-0.014848858728742044,-0.007868217998484178,0.003111113212631285,0.007080890486303304,0.2915553568804332,2.4064079132014755,2.3981391904963054,-1.3978081340055706
-0.014790661708876055,-0.007745793182580833,0.0032928104727540713,0.007001502073819903,0.3023985764989819,2.531520461217276,2.304775997400433,-1.5183871342233282
-0.014823167745118953,-0.0077724535758100545,0.0032280973705525033,0.006993855562452638,0.2968630558909035,2.479729749259636,2.312270383330176,-1.4814690855425354
-0.01484822503925777,-0.007803214081418297,0.0031697283470531455,0.007000199603970082,0.2926237436689851,2.4356869353319612,2.328306108708493,-1.4459635437720644
-0.014812329784368394,-0.0076985519717282045,0.0033037645141237282,0.006912392569319285,0.29951010183827204,2.520119596883388,2.2376983983960135,-1.5371325729406509
-0.014877489860854852,-0.007992405234426223,0.002958988325975118,0.007193414442082081,0.28607194580469836,2.307860140531504,2.5071351335169756,-1.2845001597564008
-0.01486818210633337,-0.00791430042643789,0.0030448196271555808,0.007111543439131078,0.28821369881475056,2.360359707757506,2.432559770019525,-1.3523714420378097
-0.014883390038733428,-0.007947788352470031,0.0029947871455911377,0.007131323963369803,0.285362180822365,2.3247654029876963,2.4558256980373976,-1.3183347029446935
-0.014574224315271611,-0.007170011015356786,0.003985856166200321,0.006442119221253593,0.3480370528119847,2.9014717046372924,1.7317605882843874,-1.9439187101566608
-0.014611069308791098,-0.0072100476898136106,0.003911425217779853,0.006464737767491217,0.34025869333453146,2.8542749545069586,1.7684358320175668,-1.9050530022622956
-0.014634318184168516,-0.007246459609192069,0.0038581496243787782,0.006494013181274452,0.3356267262710547,2.824662302765824,1.8036399643334389,-1.8766667772495151
-0.014669998061611013,-0.007365957978243835,0.0037367778697793698,0.006626721638835711,0.3278545473078052,2.7745593747061785,1.930571822224806,-1.8065459295754496
-0.014664493945102781,-0.007316812841005757,0.0037746222297428173,0.006563211981604548,0.3293235951836034,2.784013445561526,1.8751885197489568,-1.8300246214077114
-0.014673159037184247,-0.0072614024465753714,0.0037947141289210863,0.006476315784223522,0.32840642244707646,2.772856649800556,1.808293898483489,-1.8439398924583215
-0.014523754944619195,-0.007002592771266513,0.004137484111799994,0.0062418108555526075,0.35847259124063796,2.9413236040356834,1.5467656736321245,-2.0177877847583154
-0.014554889223126893,-0.00704649504690383,0.004073020402771431,0.006279334601523956,0.35264654577150384,2.9090227786688607,1.5917319173678186,-1.9869628218961783
-0.014559939011376385,-0.006944115035953473,0.004108461284449271,0.006126533445086578,0.35166908308056133,2.8802280237876197,1.476606363547779,-1.9992923702941428
-0.014594187326626571,-0.00707294405841241,0.004004074620047356,0.006282971579521637,0.34445504373191266,2.8613342647925784,1.6145050365507319,-1.9527490878613667
-0.014601876053505342,-0.007124509362297043,0.003968513068512568,0.00635021880337275,0.3428796360617585,2.858470861411278,1.671814257223954,-1.9352736291208348
-0.014490892117475994,-0.006871384680608668,0.004235932916201549,0.006075168549324731,0.36490670936748365,2.9489731773863674,1.4024382926218235,-2.05730837530996
-0.014538679729326336,-0.006897011016443841,0.004157064470573267,0.006075482339522253,0.35579781575760405,2.8953512554964753,1.427121072068575,-2.0200209251369334
-0.014578972027771192,-0.006894460920772678,0.004100183760755832,0.00604011254924447,0.34808106319826876,2.843455486753027,1.4210541857196475,-1.9910482950020758
-0.014242571613277594,-0.006376726387505882,0.004709238482687825,0.005495112453242492,0.4082385016716002,3.0143079438384137,0.8685229146080763,-2.194246034687428
-0.014289002559096826,-0.006424545285431456,0.004636038089680866,0.005543274726034025,0.4005893118613881,2.9909711638760363,0.9245104727024253,-2.1728318508879485
-0.014338167530024516,-0.006544679361693603,0.004546192761770303,0.0056941583620808344,0.39304492868029645,3.001060201703501,1.050077333840634,-2.1582039137445777
-0.014340841736218374,-0.006472083197663101,0.004553977468631238,0.005586198391611798,0.3901395382443594,2.9585819669015962,0.9803120027839022,-2.145728643724919
-0.014393286200405135,-0.006590145287827835,0.0044565318246629635,0.005728909939237707,0.3825953757777836,2.95808381544247,1.1030831060927735,-2.124379351691068
-0.014197379994219883,-0.006169233727800209,0.0047849678531020085,0.005212354379381828,0.4092954872013149,2.926434379307847,0.6768362205365561,-2.168676862417103
-0.014258158751123969,-0.006282126328384809,0.004693639927854774,0.005350425338757187,0.40206025913666915,2.9377350128450144,0.7893975763616966,-2.1615340505989775
-0.014223901267148668,-0.006215718067598162,0.004746027890009729,0.005268943705639229,0.4061376640705912,2.9302654599917926,0.7233514740693737,-2.165454715215295
-0.014027696143603614,-0.005896792513703769,0.0050121769972372035,0.004874718214292751,0.4287926931400286,2.885052351411726,0.40818546484406276,-2.1686993945363375
-0.013984367767135462,-0.005848050240879511,0.005067033042627678,0.004814937101043011,0.4350042134714077,2.883331449677559,0.356670825863162,-2.1709554892811993
-0.01395346860707403,-0.005790790856638521,0.005101964508968485,0.004740454981930621,0.43591386097957535,2.8628292276254705,0.305804600682915,-2.161931936844311
-0.013921369511837844,-0.005694365856791009,0.005130619631978826,0.004612586134261798,0.43501777732173375,2.8107648088680786,0.23428527966837295,-2.1347245350531274
-0.014194286797996706,-0.0061080979311172075,0.0047897881566032795,0.0051266928073340585,0.4080988234769451,2.8883383875901854,0.6283831620435149,-2.152029260631535
-0.014082686586181555,-0.005976833072608035,0.004942116283089652,0.004974357811470577,0.42343006039556036,2.8982437814893864,0.48729678515637875,-2.1704357017360123
-0.014181172266935167,-0.006032925256175094,0.004807050151887544,0.00502568664967602,0.40663469847895045,2.8493166362397377,0.5674181142045177,-2.1354413985182337
-0.014096056508162067,-0.005891704987913234,0.004917155847377143,0.0048529237492559085,0.4155501321377235,2.824153268895434,0.4362550671294071,-2.131888849754745
-0.014450297677712828,-0.006812067640870049,0.004315405355984839,0.006017963198667541,0.37308416729373245,2.9814184154892844,1.338592524226654,-2.090479540749388
-0.014435984634046639,-0.006758026517915111,0.0043526993085443305,0.005948184012833039,0.3750311998616711,2.9791189665404607,1.280301784007189,-2.1017708079644795
-0.01444532213038878,-0.006701104204792809,0.004354619979376626,0.005858155887694145,0.3734452942249494,2.944405032054998,1.2204370758606355,-2.0940554814321395
-0.014453215650690724,-0.006623993453624724,0.004362226991583905,0.0057412254859776,0.37045675777466197,2.902238741990946,1.1430238595991875,-2.0848498602660435
-0.014514520744617416,-0.006810527798710029,0.004221910885831298,0.005968720972683476,0.3607560749795975,2.8991968332349347,1.3358008341995444,-2.0434264680887604
-0.009715709910530645,-0.015020623170226156,-0.008261899615378217,-4.6781801495082335E-4,0.27454053827446995,1.6006236400850364,-3.22367664727521,-0.37229437648315805
-0.009731605454229658,-0.015021585402293017,-0.008263180871289598,-4.416468942548473E-4,0.2745116312907212,1.5794685070252383,-3.2291036592025932,-0.35174651470359825
-0.009984292236633437,-0.014999975326556125,-0.008333148675581787,-2.6185730841679876E-5,0.2805077461515392,1.2662598121508783,-3.338554722465078,-0.018031391236946463
-0.01,-0.015,-0.008333189984915767,4.616943794285685E-9,0.2821846036169377,1.2448776914890856,-3.3420030701359225,0.002823692401014525
-0.009992080975257896,-0.01501388469696916,-0.00830476237667225,-1.3145898936488404E-5,0.27238880536200455,1.246955265650193,-3.321305142853697,-0.013226405571427716
-0.010015707763366568,-0.014999975326556125,-0.008333149162413712,2.612136658137219E-5,0.2778712143389113,1.2234712984793163,-3.345279577503361,0.023489160822116505
-0.010007801763241373,-0.015013855802945087,-0.008304828699262433,1.2899000395395954E-5,0.272387876909951,1.2256298825932612,-3.324662919803614,0.007751420620768984
-0.010031415039578105,-0.014999901308554829,-0.008333026004452883,5.227342133744783E-5,0.2767416349657162,1.2019489443850204,-3.348410522528424,0.04420443840440033
-0.010023507520709681,-0.015013875085933498,-0.008304621293953119,3.891910077773012E-5,0.2727468026605333,1.2042820136000534,-3.3277657211584626,0.028627971017770402
-0.010047121697559922,-0.014999777949631272,-0.008332820593259705,7.844550900357801E-5,0.2757845115093119,1.180323143888888,-3.351386439836953,0.06506417632387419
-0.010039239255497741,-0.015013870160955354,-0.008304283727612334,6.497352912632224E-5,0.27247493051964783,1.1829260408889815,-3.3307165333506497,0.049476639289693924
-0.00974747111787512,-0.015022319888213046,-0.008264728198602385,-4.1555826190012567E-4,0.27452100857094436,1.558542705073448,-3.234612720551251,-0.33125343843171356
-0.009763257138067239,-0.015022863417260142,-0.008266460314482776,-3.896202809993803E-4,0.27446795287628317,1.5378552055154762,-3.2401416899199202,-0.3108629873795117
-0.009779002412323734,-0.015023355830413176,-0.008268106105194089,-3.637424072912854E-4,0.27427934085492506,1.5171864079779167,-3.2455325515115914,-0.29048978666999864
-0.009794758097778014,-0.015023962257422733,-0.008269344867435996,-3.378180753746173E-4,0.2739689298005639,1.4962854178025677,-3.2505971331362384,-0.2700392328094543
-0.009921467368795326,-0.014999383224542409,-0.008332161804247867,-1.3088904167817269E-4,0.28258356206708757,1.3518794388807847,-3.3236777010542586,-0.10153918034490482
-0.009913364414511046,-0.01501313853231461,-0.008303512070987498,-1.4352966524117734E-4,0.27382217335480435,1.3535968753783125,-3.302799945604541,-0.11755984389185183
-0.009937172394430337,-0.014999605253615367,-0.008332531728173647,-1.0472126738032268E-4,0.28167608767725394,1.3304764668327638,-3.3275704659284044,-0.08068434712904857
-0.009929101160509459,-0.015013385117806956,-0.008303929017077593,-1.1746287356789526E-4,0.27366701485379025,1.3323226490689295,-3.3067628715150215,-0.09675913938448265
-0.009968584960421896,-0.014999901308554829,-0.008333025336722791,-5.2352193829242325E-5,0.2821179307802096,1.2876519437954759,-3.335017642629045,-0.03886768371897459
-0.009976351869761401,-0.015013825180429485,-0.008304695122449648,-3.9198531760866236E-5,0.2728333477296188,1.2683224843263572,-3.3178843815051153,-0.03413795310729029
-0.009952878302440085,-0.01499977794963127,-0.008332819662784737,-7.853547479274334E-5,0.28193948351944687,1.3090561467959136,-3.3313513026246793,-0.05977762806567025
-0.009944844454669687,-0.015013595409974578,-0.008304238511846937,-9.138652551814119E-5,0.27339711868512223,1.3110138687245418,-3.3105796089614175,-0.07594038535331148
-0.009960598547674459,-0.015013740186187752,-0.00830449751324739,-6.529336642148387E-5,0.2729319142390023,1.289676090788565,-3.3142855516170857,-0.05506688245339996
-0.009810543424654474,-0.015024671276132611,-0.008270202080643883,-3.1182392864570143E-4,0.2736830257009304,1.4751577169923455,-3.255349915419139,-0.2495043866346787
-0.009826351685798151,-0.015025314062961448,-0.00827101342384867,-2.8579774747251006E-4,0.27351081206854627,1.454007615137111,-3.260004081205713,-0.22892658936058916
-0.009842153282583383,-0.015025773297995816,-0.008272009613796054,-2.597993184958066E-4,0.27338807819260197,1.432998661913044,-3.2647017533939793,-0.20835764010395483
-0.009857930996790417,-0.015026118253503215,-0.008273050076138036,-2.338440790104199E-4,0.27319086536105375,1.4120672458652948,-3.2693509927899993,-0.18780088104974138
-0.009873697029036343,-0.015026493210773139,-0.008273848171461387,-2.0789721611261445E-4,0.2729037630876487,1.391041214582769,-3.273769425217052,-0.16722227422495803
-0.009889459599559105,-0.01502689088423813,-0.00827441978902839,-1.8194931200474714E-4,0.272626472612637,1.3699260888568021,-3.27796724680023,-0.14662029729667678
-0.009905217792249928,-0.015027207633508616,-0.008274972461182641,-1.5601144549953893E-4,0.27238909682025186,1.3488362797070204,-3.2820792589914807,-0.12600967921814057
-0.009984122451388142,-0.015028015230490405,-0.008276583075192743,-2.6133327475956663E-5,0.2709757494498996,1.2430402108805032,-3.3008285151666343,-0.022534936989785512
-0.010062827605569669,-0.014999605253615366,-0.00833253269273746,1.0464404122494374E-4,0.27612842961160544,1.158633779429422,-3.354215302864617,0.08611810590068675
-0.010055011241749866,-0.015013823760526667,-0.008303845323573077,9.108873713189486E-5,0.2720210615573258,1.1615232703355467,-3.3335453679469675,0.070329555984943
-0.010078532631204675,-0.014999383224542409,-0.008332162229850405,1.3085889770155442E-4,0.2773114536341448,1.1369409573467344,-3.356910287700591,0.10735326261478755
-0.010070817086117512,-0.015013700325820186,-0.008303374590861674,1.172557560834347E-4,0.27124473460002857,1.1400800593531877,-3.3362955258547067,0.09122048166296516
-0.010094236641409177,-0.014999111866663509,-0.008331709367756892,1.570716496400145E-4,0.27846955049191147,1.1152917286216713,-3.359482834364076,0.1286995181875272
-0.010086632895015643,-0.01501347737365725,-0.008302916283885712,1.4344008198657153E-4,0.27038846556032725,1.1186189145125203,-3.3389931578215624,0.11216343416852718
-0.010109939502481565,-0.01499879118445591,-0.008331174244807471,1.8327439051420572E-4,0.2793693387039191,1.0937063855187428,-3.3619475417114404,0.1500881618735528
-0.01010243505563523,-0.015013158332551528,-0.008302465838013848,1.696062563170764E-4,0.26961191058730943,1.0971585601316736,-3.3416257366910966,0.1331502451153238
-0.010125641080081594,-0.014998421182633165,-0.008330557030588772,2.0946404914379334E-4,0.28008697579603753,1.0721912652384034,-3.364318407765515,0.17145971228171927
-0.010118211538402123,-0.015012754003183908,-0.008302004018094581,1.9573591576274604E-4,0.26892328633312007,1.075708374631188,-3.344170177573156,0.15417366081378583
-0.010141341239237565,-0.014998001866155191,-0.00832985818588804,2.3562795087782304E-4,0.27998414339268274,1.0507340897561783,-3.366591404189856,0.1927390501533147
-0.010133957764844338,-0.01501227452413628,-0.00830151287658866,2.2182244709828024E-4,0.26838717855583055,1.0542772406577077,-3.3466110270300056,0.17523178324865876
-0.010157039844353498,-0.01499753324023817,-0.008329078034976617,2.617591681698891E-4,0.27832063408091995,1.0292862193109336,-3.368742255732874,0.21387574228878323
-0.01014967680078275,-0.015011747816266218,-0.008300939330105792,2.478693605230864E-4,0.2681979561316992,1.0328668512148147,-3.348918453184354,0.19630551677597374
-0.010172736759216247,-0.014997015310364323,-0.008328215825845746,2.878851417652441E-4,0.2762682033254144,1.0077895829398391,-3.3707563724411056,0.23493360720703163
-0.010165384847572049,-0.015011216005873336,-0.00830020060331501,2.738962378990284E-4,0.26828079169403146,1.0114591724900297,-3.35104094134261,0.2173537945075725
-0.010204124970286513,-0.014995831562063067,-0.00832624230755138,3.402103033127055E-4,0.27651240904166047,0.9646931308956977,-3.3744229971222155,0.2772045646889145
-0.01019683288107444,-0.015010098212621009,-0.008298290984651381,3.259835610680776E-4,0.2675629607272612,0.9685848065862862,-3.354762302267979,0.2594007333186273
-0.010188431847002629,-0.014996448082291579,-0.008327270405282845,3.1404068849776934E-4,0.275886799313405,0.9862417524578029,-3.3726465465835234,0.2560403851272858
-0.010181102129785742,-0.015010682791493,-0.008299286149368068,2.99930360016553E-4,0.2681329429349643,0.9900313342080577,-3.3529671762424784,0.23836798554597813
-0.009412473264319312,-0.015025644860956066,-0.008156264554226132,-9.53428770046178E-4,0.2655852788343804,1.9548243421817013,-3.056787986489215,-0.7474170783744248
-0.009396345102128511,-0.015022222360609351,-0.008156072326852448,-9.802488346567443E-4,0.2658583650761744,1.977189231955683,-3.0504436251961615,-0.7677476295925652
-0.009365442463887406,-0.015016615736553279,-0.00815330696226088,-0.0010312387856894875,0.2660191014649868,2.0185680156691657,-3.0366298972865664,-0.8062860928194212
-0.009380505825479935,-0.01501968200495922,-0.008154091956205865,-0.0010062367312627196,0.2658495819986925,1.9980046278557524,-3.043075432523436,-0.7874101634019203
-0.009243510270984637,-0.015014650787399397,-0.008096527003670018,-0.0012212707003779809,0.2601071002679393,2.14914188290384,-2.953207347877065,-0.9473229304615278
-0.009355268395579232,-0.01502795907922411,-0.008126533610896798,-0.0010419370771654252,0.26249904201250307,2.014103582953114,-3.0170892825765874,-0.8138436400238305
-0.009257863263189682,-0.01502305397479645,-0.008087982296794723,-0.001194809155445685,0.25866113328996737,2.1225895089995928,-2.9547122341715015,-0.9273489665352381
-0.009277518479508964,-0.015024169152654183,-0.008096046596861544,-0.0011640716818433932,0.2595284366850232,2.10094807689346,-2.9676495588100518,-0.9046680382782951
-0.00929481594364772,-0.015024575445399029,-0.008104034602827012,-0.0011372387894781984,0.26032647980066786,2.0825362028991132,-2.97946022858428,-0.8848460148725944
-0.009310181445236959,-0.015022746457026203,-0.008115201592947412,-0.00111440798100778,0.26170186558669206,2.0690644519427526,-2.9922021953170232,-0.8680349784045515
-0.009324999904960843,-0.01502805482626331,-0.008112115214000884,-0.001088892358043865,0.26093966264983814,2.0461477069839487,-2.996577140958983,-0.8488176871687853
-0.00934093376438212,-0.015028973533073926,-0.008117902157194483,-0.0010637518034661763,0.2615213485717704,2.028026923652828,-3.0063699651514777,-0.8300749114679702
-0.009445655954198199,-0.01502935750394048,-0.008162583899705136,-8.996126724005806E-4,0.26587420077943597,1.9129245032673514,-3.073040520536461,-0.7065932686790067
-0.009461765468010197,-0.015030259243697885,-0.008167134040745429,-8.738007135806692E-4,0.26621283856993344,1.8935924663296906,-3.081691178284759,-0.6869754722875087
-0.00947744543476542,-0.015030624371970502,-0.008172392825116497,-8.488308810888069E-4,0.266625811447843,1.8753095733112175,-3.0905424533502153,-0.6679601691566384
-0.00949272685372669,-0.015032153087422439,-0.008175040687527961,-8.240221124705098E-4,0.26669989568886576,1.8558556532399366,-3.097629120066744,-0.6489890403467754
-0.00950834933298895,-0.015034818258629892,-0.00817540168953332,-7.982525543623438E-4,0.26644074547068547,1.834492561601813,-3.103392387246107,-0.6292416336965503
-0.00941915115952955,-0.015043488529096727,-0.008124201283793262,-9.355080359893155E-4,0.2610584536227965,1.9239298669386022,-3.0405252177950803,-0.7333297240304751
-0.00943620250041023,-0.015045298546764056,-0.008127620863538325,-9.081020781800173E-4,0.2612286616035431,1.9027439036512186,-3.048898335650834,-0.7125842620757582
-0.00874879646327074,-0.014980236849546176,-0.007815428135352449,-0.001962936396297937,0.22510242746554274,2.61779029361417,-2.5553219241347667,-1.4625767649922226
-0.009227029741489359,-0.015015896380286681,-0.008085181121277261,-0.001245806616288379,0.2587262663994641,2.163894276891073,-2.9396430337843755,-0.9651885762407275
-0.009208597667663944,-0.015023507194965377,-0.008060402237020543,-0.0012696364565914868,0.2556080275691753,2.171190457772832,-2.9178244467048073,-0.981996685908536
-0.009191129431675693,-0.015025311662556379,-0.008047113483700954,-0.0012950386066274504,0.25397810125205217,2.185621469590719,-2.902715427792699,-1.000269362141079
-0.009173995590398007,-0.015024661488791535,-0.008038503619550587,-0.001321219767294557,0.2529963654387966,2.203080674697604,-2.8902595188077,-1.019221265780837
-0.009157601208068472,-0.015022560125826806,-0.008032889481408676,-0.0013470636863617059,0.2524293358528679,2.221790148526257,-2.8796940817939607,-1.0379907250702514
-0.009112722892168839,-0.01501126842154623,-0.008027020757317987,-0.0014210090203388762,0.2521830181002684,2.280569381071531,-2.855386692051111,-1.0918824310867061
-0.009141253600260682,-0.015021885869470654,-0.008024414888424812,-0.0013719313199206092,0.2514836393177052,2.238218617921213,-2.867541902121109,-1.0558950167994168
-0.009123810230002269,-0.015024884320642558,-0.008008165837839698,-0.0013961002734001386,0.24935940267286735,2.250039658709808,-2.850688426927421,-1.0729059349423367
-0.0088807069728236,-0.01498714147735354,-0.00790984796337363,-0.0017748772285630244,0.2377007555378222,2.513538179533781,-2.675543933729514,-1.33907692896773
-0.008865573889875642,-0.01498158221458473,-0.007908218180373908,-0.001800524466053033,0.23764413049440275,2.533918491446801,-2.6661724896594925,-1.3569785486281232
-0.008849758867529414,-0.014984706224046069,-0.007890109083529979,-0.0018202657505866188,0.23511212615079158,2.5405615526600784,-2.648657256724375,-1.3695644252857926
-0.008818779968023422,-0.014972223817042616,-0.00788787332836023,-0.0018734965902931554,0.23487381727885756,2.5833676572898834,-2.6295276153971625,-1.4065416395961938
-0.008833156946488641,-0.014985634250401048,-0.007875237660445044,-0.0018426866054607287,0.23313719969524344,2.5511088329311327,-2.632214009932801,-1.3841327299703403
-0.008770885380621441,-0.014986405945862348,-0.007823033910755091,-0.0019277600348602084,0.2261219606684742,2.5930330153906223,-2.572020697095638,-1.439023075992946
-0.008796139400385483,-0.014987980418786712,-0.007841080404597021,-0.0018919341670336196,0.22860451436242019,2.5733198197308345,-2.5950630142702855,-1.4157514881510616
-0.009081943070740776,-0.015005569144817377,-0.008018273092227966,-0.001470379842160876,0.25130208953185723,2.3172921223299388,-2.835790925960556,-1.1274571780110627
-0.00909417178217985,-0.015018054008696276,-0.008002580596475397,-0.001444296841170048,0.24894880214996284,2.287336747756539,-2.8335661704489215,-1.1077604780330235
-0.009060594957729205,-0.015011879406087118,-0.007992545430268587,-0.0014978036083665687,0.2479284722239554,2.3267522149329545,-2.811858834561375,-1.1461146324285467
-0.009036674810918415,-0.015018395034634442,-0.00796455052041413,-0.001528517152781871,0.24419369373946956,2.337783455858801,-2.7855285448019083,-1.1669319626190002
-0.009020688966762691,-0.01501233070586001,-0.007965062619325112,-0.0015558807010856203,0.24449682974424966,2.3608069925089175,-2.7776868418172165,-1.1866473902894368
-0.008982913690339423,-0.015010365927407555,-0.007942586847681789,-0.001611942793606559,0.24168496399557646,2.395642412734983,-2.7469495491116116,-1.225588659598717
-0.009004846087785538,-0.015014420452384504,-0.00795034754830815,-0.0015774443880440098,0.24252565804740558,2.3710514614739497,-2.7621568509275165,-1.2013466168261522
-0.008885783687855595,-0.015008288285950683,-0.007875295518532631,-0.0017515354757583186,0.23300745777492685,2.4757977210796938,-2.6620661605231075,-1.3203250874395103
-0.008946106066658233,-0.015000944099579522,-0.007933614014942756,-0.0016715524270992305,0.24071832560407036,2.440409592252561,-2.7229994928361942,-1.2675293995369314
-0.00896140287642083,-0.015013520942401505,-0.007921521685698436,-0.0016405945199236137,0.238817803518477,2.4083850002005947,-2.7252703101189057,-1.2447772573707865
-0.008925628685260626,-0.015007963692078902,-0.007905731182494083,-0.0016955942769173308,0.23693689851489028,2.4456266805938154,-2.6984149892637475,-1.2828663728681422
-0.00890421748116471,-0.015010529485174229,-0.007885136876340426,-0.0017239509002458069,0.23421961599298766,2.4582035596660123,-2.6768983852578323,-1.30154582338235
-0.009706652187764892,-0.015035199399457161,-0.008230880730571058,-4.794924486234428E-4,0.27005181519055405,1.5958433438343527,-3.201345892620401,-0.3823663623970593
-0.00969086371139812,-0.015033761394167936,-0.008230295400096004,-5.054081632623127E-4,0.2703142579280628,1.6170951414540473,-3.196326739709153,-0.40260946888016536
-0.009675211181892856,-0.015032681242963792,-0.008228847170626106,-5.310201416652219E-4,0.270427985764588,1.6376954992601804,-3.190725645694678,-0.4225997146749247
-0.009627879593938083,-0.015029034456127494,-0.008224140905026886,-6.085036204737903E-4,0.2707906111202348,1.6999387857531947,-3.1731417292753847,-0.4828980810726115
-0.009659359555423522,-0.015031779505190733,-0.008226815561030333,-5.569007242053775E-4,0.2704759717998257,1.6582489941472172,-3.184627008926665,-0.4427736792767684
-0.009643466259580019,-0.015030516879287685,-0.008225309711407404,-5.829253513391733E-4,0.2706093041481537,1.6791884879036594,-3.1787701600919913,-0.4630230725554911
-0.009524530259130047,-0.015037078537277268,-0.008176574106965607,-7.717412426193605E-4,0.2663069559679579,1.8129302170406845,-3.1097441607075766,-0.6089107879135519
-0.009540684910790947,-0.015038864259821871,-0.008178482210439887,-7.454290087768246E-4,0.2662670613125247,1.7919032515847124,-3.116443898183856,-0.5887029305204217
-0.009556696399682641,-0.01504026988188669,-0.008180905802194096,-7.194558447198444E-4,0.26629397317431797,1.7714228719159195,-3.123328457009393,-0.5687265718331841
-0.009572566706102709,-0.01504141441143519,-0.00818361703241389,-6.937713606206111E-4,0.26635661492275936,1.7513342614915717,-3.1302661045610196,-0.5489417957148999
-0.009618968872712361,-0.015042885356686903,-0.008194217004623671,-6.190737150855848E-4,0.26687468934873043,1.6942693268524656,-3.151789805622457,-0.491204186791048
-0.00958832599142038,-0.015042252820914342,-0.008186719421281373,-6.683341058335979E-4,0.266465266845131,1.7316506100652662,-3.137335457688083,-0.5293154085073816
-0.009603891440021198,-0.015042608871360849,-0.00819054282751189,-6.433186351434369E-4,0.26667415481580664,1.7126745522325797,-3.1447174297104517,-0.5099808005432632
-0.008139503573008975,-0.014861062446000195,-0.00739162037272125,-0.0028278397058630234,0.1613169722089377,3.0699923407696237,-1.9673289042423756,-1.9684048561715664
-0.00810591118000525,-0.014853958323034787,-0.007362718255854749,-0.0028718130357008307,0.15666643046897508,3.086869137211225,-1.931610967180683,-1.9899449062946453
-0.008037371534765728,-0.014832781331263353,-0.007311608147445339,-0.002968057971802335,0.1481519861413935,3.1300391963282332,-1.8597359237438338,-2.0377289836361068
-0.008068891847464696,-0.01484796871229446,-0.007327429377905215,-0.0029174765206421514,0.15119474262958862,3.101042514267004,-1.8915896822280767,-2.0109900634267994
-0.007986580983797785,-0.014817086238512689,-0.007271905127757788,-0.0030382077219272903,0.14151271726948242,3.159570970635573,-1.8053874253508815,-2.0713483499577907
-0.008004763676655677,-0.014844259839318197,-0.0072551998633505815,-0.002986758999405694,0.14065645941541705,3.111203145251274,-1.8206488424615797,-2.038934896876461
-0.007940776582097716,-0.014779536207012138,-0.00726790987366916,-0.0031302815197904953,0.13870366993764413,3.2262007385229308,-1.7591237650015794,-2.1229415972513075
-0.007912708303708802,-0.014768295129931325,-0.007247777907713791,-0.003171638592728902,0.135078770312236,3.2448764475137004,-1.728366540141711,-2.142356000046627
-0.007885991910543904,-0.01477685574879822,-0.007201361269006472,-0.0031857861314093096,0.1288420398091569,3.227562252894748,-1.6969034939238832,-2.1415758288121527
-0.007951348418930743,-0.014813270412820434,-0.007233413790239676,-0.003077391940965584,0.13563615472257198,3.1660353693153094,-1.7662445359213452,-2.0867018778431405
-0.007852314640336618,-0.014782908489942098,-0.007149549632878997,-0.0032090256806840195,0.1217764416835467,3.213377980636341,-1.6584299738567003,-2.1443066364794525
-0.007813638477791174,-0.01477253136901442,-0.007113290990496173,-0.003257347677869733,0.1157735563509482,3.2267704777344868,-1.6157934417913766,-2.163443711536288
-0.007784445321812931,-0.014759135887137087,-0.007092808188381772,-0.003300640407481628,0.11195815872115286,3.245736663136479,-1.5836653577132709,-2.1825944899025242
-0.007751901177547188,-0.01476204597501269,-0.0070459579432193,-0.003324858519960725,0.10557168685625186,3.2349251985905343,-1.5475504606842847,-2.185965379463337
-0.007713217426933878,-0.014755675223722405,-0.007002804628194981,-0.0033658505834290252,0.09912318114013512,3.238144819641697,-1.505096641591524,-2.1985129022131935
-0.007674894839668545,-0.014748704011860611,-0.00696037962115847,-0.003406511385825449,0.09253147965877562,3.241246553833182,-1.4631862036957777,-2.2105541272938454
-0.007639149878159086,-0.014739872053672375,-0.006923227193788728,-0.003446862571881811,0.08681417151721883,3.2471819543114555,-1.4241290250399414,-2.223207426513359
-0.007563724106721363,-0.014694074747494018,-0.006875541097618011,-0.0035672660066357995,0.07664089097179812,3.3012141953429457,-1.3378409583886002,-2.272994823987738
-0.00759704513386894,-0.014731055043051715,-0.006876854845233518,-0.0034913742174044827,0.07957329904373776,3.2499911777279102,-1.3782192793602568,-2.2355163355987955
-0.00751626384807779,-0.014701301247853694,-0.006801167416528134,-0.003591791242293193,0.06702085760813202,3.272579182844265,-1.2890038524895793,-2.2678737380083334
-0.007473349966714987,-0.014704295764674273,-0.006738222581535758,-0.0036177081513374602,0.05884364191726183,3.2517182222348056,-1.2454132104120996,-2.2654898455604315
-0.007428910654657405,-0.014702135225916098,-0.006678969363547733,-0.003650700717344088,0.05080541563015484,3.2377818928156255,-1.2001275389189372,-2.267007488522417
-0.007383964382939812,-0.014694939834192566,-0.006624280821656984,-0.0036898878927073262,0.04309690805215861,3.230437584831282,-1.1539544203185634,-2.2720185514471147
-0.008478790095629978,-0.014944365124242022,-0.0076277697643900915,-0.00234587515342578,0.19840602145541342,2.8256045068810423,-2.303309427021462,-1.6998718670613637
-0.008377027904909518,-0.014924431389884136,-0.007556370683227085,-0.002489355661935803,0.18759133301634648,2.899913500240986,-2.2048001825669625,-1.783317713920338
-0.008352275344415813,-0.014917724602901422,-0.00754105216189077,-0.0025256447368032374,0.18517911196900994,2.9199823340830995,-2.1811253566477427,-1.8043166732900406
-0.008217793574792019,-0.014860977162955341,-0.0074824580183974155,-0.0027424026699861288,0.1744721122309578,3.056646836003536,-2.055614236087839,-1.9306873128959536
-0.008171331040564608,-0.014865848207925907,-0.007421410483378857,-0.0027879653961786557,0.16581901378978278,3.0565410952654233,-2.0015407045861484,-1.949108045783978
-0.00819585990505969,-0.014871331939420177,-0.007441251246972995,-0.0027548304386664723,0.1691199261198492,3.042359926942865,-2.0272163441025826,-1.9320532209096801
-0.008239520811165574,-0.014877413789395033,-0.007481471774479608,-0.0026993964664100358,0.1749941823646859,3.0224192164303614,-2.0738926279934913,-1.9041624555565926
-0.008326855684692264,-0.014910105636865957,-0.007526070799430203,-0.0025634942465843605,0.18273438523220328,2.9413607588080466,-2.15689880285569,-1.8261377040987241
-0.00829864791956223,-0.014896908890675731,-0.0075164736762018,-0.0026104660946720233,0.1809806702466412,2.972858245670736,-2.1317359114309755,-1.8541723415815756
-0.008265780066040564,-0.014889438242222844,-0.007492011697450116,-0.0026562790877635496,0.1771064441195642,2.994753202836072,-2.0984543465459455,-1.8791121820539638
-0.00839934201875496,-0.014931368626754466,-0.007568383160154265,-0.002455561966787671,0.1895696868529355,2.879864239247621,-2.2254304556569022,-1.763328811176031
-0.008424068665995087,-0.014937052791888145,-0.007584574233538929,-0.0024200226047686644,0.19193700382742998,2.860688118351476,-2.249019608666092,-1.7426071968020225
-0.00845130233361518,-0.014941912908315515,-0.007604266391054934,-0.0023820476343340458,0.19503216926569011,2.841430702842167,-2.2754885140735968,-1.720546637228449
-0.008378867819932757,-0.01495456543708401,-0.007509650227486811,-0.0024558001101760794,0.18195413351181622,2.8472287212845444,-2.1918968290142935,-1.756039997853016
-0.008733150035540028,-0.014995029488902979,-0.007776046464554364,-0.0019714552259949883,0.2198525333661871,2.6036014970997994,-2.5288531032561297,-1.4651272932535837
-0.008714759056434191,-0.01499138767237501,-0.007766713945064687,-0.0019991411806991872,0.21843840035016185,2.6211504450736225,-2.513632162356736,-1.4831807172744043
-0.008696755094152504,-0.014983180412274751,-0.0077654720582442036,-0.0020301906702619873,0.21844786030124036,2.6457756235514513,-2.5019297756900447,-1.5041493795202863
-0.008676827269198079,-0.014986334856654952,-0.007742489820043378,-0.002053762842485578,0.21526209915901803,2.6525267088002233,-2.4798850126666423,-1.518054421609416
-0.008652586506302603,-0.01498707201084345,-0.007719690437841541,-0.0020848681643206696,0.21200869845687528,2.665464264315951,-2.4552676509328317,-1.5368949021139333
-0.00862799616692651,-0.014986998754163896,-0.007697689514444943,-0.002116839592553745,0.20915802407175108,2.679474734726162,-2.4307117779250844,-1.5562500992672208
-0.008517063970335716,-0.014970748998850316,-0.007621333943803098,-0.002272618652287644,0.1980716846284903,2.763333816241157,-2.327943462629191,-1.6514234851188607
-0.008489707704151053,-0.014972626137233632,-0.0075916380798908495,-0.0023045622820017943,0.19396563950334847,2.772591559345896,-2.29848306232028,-1.6689442448268645
-0.00854241835967681,-0.01497145703770364,-0.007644481091222785,-0.002240285047068491,0.2013961537220487,2.7500970740010398,-2.3537482965473036,-1.6327149987323042
-0.008562111647424866,-0.014970799297735543,-0.007664289060270059,-0.0022160849261761476,0.20422430140431755,2.741472903899166,-2.37442765083729,-1.6188532716301878
-0.008602990269836434,-0.01498627183622977,-0.0076761179558199446,-0.0021496563665515025,0.20602431007652675,2.6943185131424148,-2.4060801588981247,-1.5760170180621118
-0.008579525089816407,-0.01498077032763286,-0.007663746166724029,-0.0021846582051780247,0.20420729067398166,2.715823827275029,-2.385899922890873,-1.5979829642003567
-0.008528135773012093,-0.014996900028793869,-0.007588360680884085,-0.0022338763246723867,0.19411382592444001,2.714403577204427,-2.3236211285215664,-1.6224569177186152
-0.007037189785212608,-0.01454141797201098,-0.006276467635414207,-0.004096076365676579,-0.013480223640271188,3.2687571810417495,-0.7782742630659093,-2.3539319347529966
-0.007340851635187523,-0.014681787264827904,-0.006578019743868693,-0.0037351749620598905,0.03601499654052559,3.231766034828755,-1.1085749297038874,-2.281323818651835
-0.00726084488836742,-0.014637493540005552,-0.00651040742078889,-0.003844924256886631,0.02350501629463822,3.2602544386594503,-1.018613578939772,-2.3130205834309288
-0.0072979935667558055,-0.014664808009386077,-0.006535348086690178,-0.003784770240480771,0.029074988207635075,3.237566056481145,-1.0626124143903815,-2.2928372632436296
-0.007219341819049677,-0.014651015014722275,-0.0064379229964188975,-0.0038486652949798173,0.01616476303836305,3.218802532786736,-0.9848580676915135,-2.2957427351326665
-0.0071786361784801495,-0.014631275557779882,-0.0063991805424381135,-0.0038983824801709505,0.009510565715569677,3.2258826253581847,-0.9407269749784765,-2.3068389568235195
-0.007124645954339199,-0.014604810827504429,-0.006346698753604421,-0.0039634955471434105,4.87160919439458E-4,3.2334146602642053,-0.8823285551190522,-2.3199730121191178
-0.007057527040775963,-0.014599112866864487,-0.0062553985060798045,-0.004003329046473075,-0.01029255100595308,3.202329455157631,-0.8221240451500974,-2.3112648825467765
-0.005644805661882044,-0.013785060569673324,-0.004553621476326292,-0.0053052058264971376,-0.2095930245664754,2.7487679793522557,0.4540393686384962,-2.096325444068611
-0.005556160007859919,-0.013771774255780928,-0.004433962168216766,-0.005302542259934869,-0.21184553064093015,2.6776182902183177,0.4733814317286901,-2.0522629350192756
-0.005489530684228461,-0.013735355702972189,-0.004345226184111056,-0.005334560582353278,-0.21608633265906776,2.6345926175638716,0.5077391124913443,-2.023375639322482
-0.005413249293688281,-0.01373837894959523,-0.004245628145993153,-0.005310799950779924,-0.2152194614333883,2.5713071528129205,0.5086800630030561,-1.9847552913304118
-0.005877345691024788,-0.013993262082652223,-0.004853034653461278,-0.005056980535292208,-0.1808154931065357,2.8502331185525835,0.2407607075193572,-2.1674549973581914
-0.005803403462331628,-0.013944449727822645,-0.0047579457636337,-0.005115200759724625,-0.18907331737923497,2.812864085022508,0.2968917922046228,-2.1433165269802568
-0.005748481313647823,-0.013887724352143175,-0.004688962964740499,-0.0051848029912253514,-0.19643960997696758,2.794194287539683,0.3534846887591263,-2.1293911364076004
-0.0056678610771392765,-0.013871161616616102,-0.00458000677941929,-0.00519255847196175,-0.20061054929349934,2.7320875436011938,0.3793747660991887,-2.091140437067912
-0.00497345513936035,-0.013263942501745039,-0.0036211742453515863,-0.005749510170725969,-0.2433303157664443,2.2994462800463147,0.8545058179003078,-1.7747118490938991
-0.004814505988670551,-0.013101197269164757,-0.0033837054426758073,-0.005867597941496586,-0.24545389719768515,2.176853869259231,0.947186043220338,-1.6806817717889222
-0.004888925803728052,-0.013214129524587392,-0.0035072351297979923,-0.005771557870725366,-0.24292404638537804,2.236367097622509,0.8777576476432801,-1.730682827996192
-0.005034391682626931,-0.013354076355377812,-0.003717638822076728,-0.005666899654740216,-0.24028402437706942,2.3419677409843405,0.793771111492118,-1.8107924885883642
-0.005096823032637594,-0.013479644569133873,-0.0038200164777845657,-0.005538283108977777,-0.23301660965556306,2.3789290276875312,0.7039027795319255,-1.8458919796609903
-0.005212584873801233,-0.013562655466028407,-0.003975939498666848,-0.005475286377120595,-0.22967768566156804,2.4543878390388763,0.6470543449012701,-1.9001825361458207
-0.005313809033267029,-0.013632174237148884,-0.004111434414448248,-0.00541939496486915,-0.22527411607230416,2.5198880953117526,0.5943700584934396,-1.945711018046646
-0.005344959781634472,-0.013715508421421801,-0.0041570322817396895,-0.00532215185106014,-0.2182484401497419,2.5232098734966724,0.5298956175036454,-1.9537977561440847
-0.006810413871509946,-0.01446322546323293,-0.0060049622044911505,-0.004295987619507807,-0.050483068926832644,3.2137965201481515,-0.5566915559094582,-2.348780314210226
-0.006980304535617321,-0.014530747226364316,-0.006202117650194168,-0.004135665934503576,-0.023065258930114744,3.245950687637397,-0.7255282604936248,-2.348085636445267
-0.006911838067588836,-0.01453639235078795,-0.006097662640257354,-0.004154058952468464,-0.03369573688204105,3.1928172870837077,-0.6738288237717694,-2.3248266056344975
-0.0068480352845996205,-0.014511652253521327,-0.006024084198334091,-0.004212755573757374,-0.04412030583148096,3.1805161877851895,-0.6121681234397621,-2.3247997942181224
-0.006491625693345009,-0.014336368221946097,-0.005615875012951959,-0.004556546626624572,-0.10036806803180423,3.1070279830065504,-0.2679316817284065,-2.3103377603154187
-0.006752593620267912,-0.014447540126541664,-0.005930966258955422,-0.004336339661631383,-0.06016593409398563,3.189781813693926,-0.5058050288348922,-2.340248601390296
-0.0066939761484647265,-0.014439449529150094,-0.005850445022387465,-0.004364109064433436,-0.06866614745692369,3.155364042891232,-0.46055526112762096,-2.324856442584703
-0.0065558579749054715,-0.014380550093571651,-0.005685121805846926,-0.004480956610370274,-0.08941592491659174,3.1131108574834268,-0.33541424717140184,-2.3099486111424326
-0.006621924056925134,-0.014431599916428148,-0.005750546677782403,-0.004392946809086844,-0.07813249021497369,3.1095179357184977,-0.40894059740270544,-2.3030673744381116
-0.00587750379429779,-0.014093588231917373,-0.004832741699505295,-0.004918076763809436,-0.1710770629280667,2.7912113076448133,0.16154748461894275,-2.134877448518037
-0.005958983777805512,-0.014111175068242627,-0.004940914037173476,-0.004899854287065307,-0.1647860026393345,2.847589092769251,0.12539604226300072,-2.168467570266308
-0.005996390525860172,-0.014176648553672917,-0.004974990842628176,-0.004811004995179621,-0.1576014593792619,2.8350203741403583,0.06498224907338339,-2.1618942965396237
-0.006057654807161059,-0.014202811960808935,-0.005052011412339027,-0.0047761722672125945,-0.15068278506010294,2.8664226330191904,0.025325874723155412,-2.1803900717857734
-0.006204154704771059,-0.01423972738116961,-0.0052450748669869325,-0.00472267049151709,-0.13622863353002188,2.9578109524323186,-0.05828167177504275,-2.2323049327397517
-0.006130881479513892,-0.014222779276607596,-0.005147674616251299,-0.004748296451205402,-0.14367035174213624,2.9108407938788052,-0.016555612409265508,-2.2058036180524585
-0.006221472920981808,-0.014303800766843377,-0.005243961203579819,-0.004631427303526983,-0.13062656539450448,2.9195556263704074,-0.11141299457265352,-2.2093610154282337
-0.006406224036527988,-0.014329987966031745,-0.005494970894306496,-0.004577542207932845,-0.10940858538552638,3.04393652208927,-0.2174685280175693,-2.2768360762529025
-0.006329791451305696,-0.01433338091690404,-0.005383904743065129,-0.004581066800426146,-0.11757448782953529,2.979652728225657,-0.18158123131164464,-2.241741547205375
-0.006266477408516328,-0.014335358692627063,-0.005293672861623672,-0.0045840422582837815,-0.12247333207844036,2.9284429096671563,-0.1530455876966426,-2.2133122639499465
-0.0064290326416581965,-0.01439151467124964,-0.005496325613291239,-0.004486351640444714,-0.10372076799866518,3.00311047012853,-0.2712077994563912,-2.251301228112371
-0.013549607538681408,-0.005382211273782498,0.005549064612304682,0.004192557463353307,0.47287430525869417,2.7763374412493036,-0.12855106745368042,-2.116596711879604
-0.013631970262131629,-0.005460495964967156,0.005464847317414633,0.004303653674756794,0.46740036656700024,2.8017369004002353,-0.04569785277437561,-2.132675200183062
-0.013732558775146082,-0.0055031193542536775,0.005343034292922579,0.00436446439746008,0.45297486457551434,2.778981354290916,0.03457048314631628,-2.119880167984187
-0.013791173486633852,-0.005550038475508891,0.005276474411471891,0.004426707864820446,0.4465350299172338,2.78183295740155,0.08953097162098561,-2.121158018962857
-0.013866794250216773,-0.005556810069040783,0.005177708264809366,0.004433122167737429,0.4329565153736919,2.738402524004585,0.13597403032345698,-2.0956235919018376
-0.013921514439108499,-0.005605546507991617,0.005114843109144909,0.004493765195482604,0.4280168944251647,2.7408750137211957,0.18816448612361006,-2.095604006108164
-0.013552456612441236,-0.00527082404359921,0.005508724192021901,0.004049079389374534,0.45837168759643737,2.676898800007766,-0.16211357145134295,-2.0576751933980657
-0.013243537853466466,-0.005042779033830605,0.005805063224514743,0.003699559419545119,0.4751975780000181,2.594128913648351,-0.4210766209058096,-1.9941010381579105
-0.013321955579010888,-0.005102646198874704,0.005734623546778759,0.003794029634363414,0.4729434263071034,2.6223349544352197,-0.35731978679426274,-2.0153775127496028
-0.013429053303390504,-0.005103752376288647,0.005603765312363774,0.0038198973619471134,0.455864303074857,2.5855270716908403,-0.2847953544155359,-1.9984441088735918
-0.013545130157850221,-0.005148410235488877,0.0054773491216661705,0.003895243661630327,0.4437325588982243,2.57776103509948,-0.20066221117285246,-1.9974441910170626
-0.013204901447508029,-0.004916931608274545,0.005796108926806217,0.003537903373651372,0.46157140540414854,2.4949451385371764,-0.46292716659303185,-1.9309364309980614
-0.013189139293179991,-0.004776020175922983,0.005752461912442045,0.003371687350959072,0.4419395287058225,2.38440154716914,-0.48577793925490104,-1.8594646148468106
-0.013041313087700396,-0.004619266524851575,0.005843756102556997,0.0031474439648478685,0.43350497609604716,2.2847681076784156,-0.5846127889136855,-1.787250861041491
-0.013147540941781161,-0.004672449201233738,0.005753194298609345,0.0032434891100029837,0.43064761828801545,2.3121907986822268,-0.5171651113602588,-1.8112874915482788
-0.012701087776201346,-0.004281191958445544,0.006019028282415796,0.002654538286327709,0.4055912755545244,2.0463737970574907,-0.7697460329392328,-1.6088763670488344
-0.012505773876142701,-0.003949141252736578,0.00601928642998976,0.0022577344227501374,0.36203252408985476,1.814813426651211,-0.8239145661046525,-1.4421966232172512
-0.012631094665576445,-0.004126447793537904,0.006002944445547745,0.0024765697050081223,0.3835321491186403,1.9389064908186688,-0.7873592047368819,-1.5342021408406872
-0.013037806806946049,-0.004478962539673624,0.005783052810561529,0.0029991724262098188,0.41157231837710057,2.183696021091322,-0.5840477405406648,-1.7235068442090264
-0.012874032039994482,-0.004276362768641718,0.005851754836006332,0.0027309059418764623,0.3939997826611941,2.050540109760742,-0.669009610387994,-1.625308104439186
-0.013028919902829783,-0.0043215336455738225,0.0057218598190909515,0.002837772542225695,0.3890194894275123,2.0783374907198326,-0.5849251152708295,-1.6535531635354557
-0.010914303420499753,0.0028613580375299783,0.006304180594009892,-6.311315204255104E-4,0.18443543807224916,0.7583710046595878,1.041789875008045,-0.5832984786167681
-0.01124796845400193,0.003002345482452105,0.006269271976442657,-8.95807544131381E-4,0.21750028901287383,0.9604073103258431,1.0241004711821173,-0.7567692399669786
-0.011543008247747589,0.0030063087112768244,0.006144100894313429,-0.0010803506134616,0.2310515091125934,1.0898338928747415,0.942941528380619,-0.8771137513506327
-0.011813092110857093,0.0031020737791981555,0.006055636565540979,-0.0012856601662947006,0.24968933349029535,1.2258123188505279,0.8910666916593671,-0.9954535088556558
-0.010683428421814571,-0.002708998838591989,0.006278846729240188,4.459020889008125E-4,0.15986587405972041,0.6068457645751718,-1.013465373426765,-0.45698078939288983
-0.010844766667426115,-0.002914084195052574,0.006353287751007885,6.000488801144199E-4,0.18513016480634972,0.7369601049757734,-1.0785122829825404,-0.5560571976033071
-0.011231971048302529,-0.0031903422694058133,0.006384220210934286,9.600082750896049E-4,0.23472375417151414,1.0150295825301792,-1.108070584229523,-0.7834013049410214
-0.011075048953849899,-0.0030013387882350216,0.006332413334418634,7.816646192340733E-4,0.2072073163027147,0.876889911988075,-1.0679517044897215,-0.6764572489541197
-0.011472811590348565,-0.0031986058462945125,0.006282134879035033,0.0011277290851705553,0.24674540532312586,1.1280779260349207,-1.0373739328218685,-0.8897375914932457
-0.011676339605623056,-0.003300475712412471,0.006235894918768198,0.001311558758104837,0.2675658557529171,1.2516548396422686,-1.0070805497793813,-0.9928104210457908
-0.011842921863754213,-0.003432088434761077,0.0062144249578863706,0.0014929527016127287,0.2877578056046191,1.370077141863826,-0.9904117200588215,-1.0885634631397876
-0.01087156791578344,0.0025639826027309236,0.0061612626476103315,-5.25365377814913E-4,0.16305862214384595,0.6681669308541259,0.9196185909580575,-0.5287583799625769
-0.010783480759606013,0.002277018064447141,0.006050341388574783,-4.1139230135619505E-4,0.1419526184239929,0.5733411893623598,0.8124119331931535,-0.46514047354258853
-0.01061788247102203,0.002020477181415088,0.005977394580846244,-2.8499634191365476E-4,0.12337536954931634,0.4602344564299247,0.7249799677263563,-0.37817455921914717
-0.01041714700762994,0.0018048528873286403,0.0059260281777432635,-1.7180362349552097E-4,0.10600030346051019,0.3483740911361858,0.6546490921887571,-0.28526757987141105
-0.010775206204198027,-0.0024076922665317133,0.006110327696110924,4.35190797386764E-4,0.14980121131513577,0.5920970780240006,-0.8674205184606515,-0.4721649038574736
-0.010557033063635968,-0.002190558096105906,0.006055003587033794,2.831016162700182E-4,0.12626650302243692,0.45595279913605635,-0.8015773903883193,-0.36197250475129816
-0.010521103157534966,-0.0018501876821019456,0.005929104096047087,2.1886725487906838E-4,0.11258981844527972,0.39817953450734794,-0.6654637267907281,-0.3307981495699725
-0.010493204124546334,-0.0014509957436985694,0.005809520509415483,1.5894330293618066E-4,0.10060135876479039,0.3502456316748129,-0.5125035831007284,-0.3055396135684098
-0.010080338382888177,-0.0012364483347636224,0.0057841909296774885,2.412814759162933E-5,0.08058509033170368,0.16659927348578182,-0.44581276268147346,-0.139631263074065
-0.00967022113618864,-9.762712141235339E-4,0.005720241629588105,-6.71038273029203E-5,0.06242819522740705,-0.007698220403052641,-0.3500670235607037,0.02114224311503728
-0.009710781021995733,-4.483509785037942E-4,0.0056540971889209824,-2.655012286658742E-5,0.06102086857785096,0.00254386133315784,-0.1591042224454264,3.437062972490868E-4
-0.010335542013193384,0.001520471940493055,0.005844527219446866,-1.1520551509021415E-4,0.0957515883862854,0.28884735245020515,0.5465535110108367,-0.24540672403931288
-0.010157996173568181,0.0012806829991712251,0.005792278266593693,-4.690205920079168E-5,0.08434404146924813,0.20076587772806373,0.4606289036403851,-0.1700678949074966
-0.009740868397438752,1.1593124922589579E-4,0.005638704625402911,6.021001097970242E-6,0.06096090463161997,0.012422370440064381,0.040937446609994384,-0.012492248590064895
-0.01013213921461557,9.59754058720238E-4,0.005726350882163728,-2.9437919421788655E-5,0.07869858264939561,0.17737244745476854,0.34184905769715024,-0.15948312735172965
-0.009984995982307369,5.880478795315929E-4,0.005675614927586268,4.594913151729655E-7,0.07061015130880956,0.11053794045994669,0.20846410791771489,-0.10276985662541184
-0.012007952876472,-0.003376078843300953,0.0060820890084917366,0.0015584482588242492,0.28412238681815144,1.4018720545494443,-0.9061690618138301,-1.1288773658689528
-0.012162363945075399,-0.003482088713941998,0.006036019237317136,0.0017154618033651712,0.29921149133753605,1.4949433173164808,-0.8741994853824142,-1.2037533980779989
-0.012473046776819345,-0.00370059982592049,0.005919630910637839,0.002040634429000739,0.32641035150155306,1.6728518427181436,-0.7889423718413299,-1.3483882678394659
-0.012305385217188844,-0.0035964513814936688,0.005993658572795559,0.0018746871201128273,0.31440082876183784,1.5853301227684993,-0.8420101945083217,-1.275514306696281
-0.012079430600100582,0.0032211464768417374,0.005959126940324098,-0.0015009850738437254,0.26807622606673487,1.358327775401918,0.8341800194490748,-1.1077310545314771
-0.022164523334672104,0.0211332733911805,-1.1881858031167587E-4,-1.4767004549374018E-4,0.03223664388823994,-0.15445711703502155,-0.026265318167812118,0.15700849485283117
-0.018434715933443077,0.017207434715994913,-0.0012753443359288833,-0.0015590007790738183,0.030808622148754856,-0.666567706607128,-0.07683314042691496,0.71961442762524
-0.0191787616052466,0.01824768456577696,-9.10739683736177E-4,-0.0010625577075985629,0.025148154384166066,-0.5272053952394754,-0.042646151020027064,0.5595405377401027
-0.020977305782436447,0.02023446693086575,-3.1621204467482006E-4,-3.6404446103461993E-4,0.022646952726304518,-0.27663948967910995,-0.023657287492605403,0.2851265470930014
-0.02014393748701292,0.019117721672516994,-5.694803520964743E-4,-6.813511284576831E-4,0.029036933030883182,-0.39834458767823855,-0.040031881116661956,0.41663117834085345
-0.018448607977727793,0.015682873438210013,-0.0013635406588476445,-0.0021798104331883753,0.05267977599081077,-0.7498717835340242,-0.2512960421923381,0.8251288048869139
-0.01896994224191892,0.016361071880089666,-0.0011333278276749025,-0.0017491263985844002,0.05251148409312421,-0.6538943644474263,-0.19058636316918395,0.7090006201013016
-0.018062818129451704,0.01457722653088895,-0.0015086603387576645,-0.0028324642250115097,0.06016658517321307,-0.8389248519236796,-0.42304781125505014,0.9460846978778904
-0.018061626924784555,0.013970310777365819,-0.0014418971988684687,-0.0031235940412477664,0.06612516289409427,-0.8267959309013619,-0.5461997168367287,0.9474131693938813
-0.01860322012886904,0.015020923928216906,-0.0012895309164125646,-0.0024081743136441375,0.06122074230172495,-0.7406256481373279,-0.3528054163382228,0.822175937995997
-0.01793153300166261,0.013356421842745658,-0.0013906971970548288,-0.0034854140548989674,0.07007149454947416,-0.8172863254589106,-0.6907794187776956,0.9575111697561758
-0.01791489871769837,0.012852849638405878,-0.0012687443694814544,-0.003723152537426743,0.07241633045168004,-0.764341588465719,-0.8130736226416228,0.9153287594103193
-0.01848292614163319,0.01366502704494177,-0.0012080316209909013,-0.0030378691503817196,0.06733757447622292,-0.7261267379706134,-0.5893627363110877,0.8316628554162335
-0.017762399473568207,0.012118129650968971,-0.00107787112852654,-0.004133688137660026,0.07630641553651295,-0.6692468030448385,-1.0155373036952453,0.8464959195304614
-0.018080351988845247,0.01240337375584573,-0.001062572072679409,-0.0037900857616980656,0.07180745864014638,-0.6581029016423338,-0.8927154154022646,0.8053280939604001
-0.017773127234553873,0.011737742263163438,-9.134658498873531E-4,-0.0042581664092392465,0.07706725754031861,-0.5750667457647606,-1.1002741025616773,0.7586061417475182
-0.01770990331669426,0.011292312781417527,-7.213836819487518E-4,-0.004440551755575611,0.07819211010923953,-0.45958083226189034,-1.208274882609895,0.6551019390011229
-0.017706544312242018,0.010085825628709466,-7.073929696780447E-5,-0.004608191747264641,0.07356579748176385,-0.03483781039801128,-1.3516209369458503,0.23782608396458424
-0.017807640627883647,0.010885269313903826,-4.940816550986373E-4,-0.004440035834703245,0.07415231386405406,-0.3159309214274751,-1.2439586794530912,0.5046927980596797
-0.017786210031630806,0.010482205065021614,-2.84883643849914E-4,-0.004512950800001577,0.07346829159364544,-0.17821901068231874,-1.297103569224122,0.3719978475606527
-0.017032972495079773,0.009416669991737903,4.027242154294951E-4,-0.005243131888033592,0.09748587268575394,0.29289892298141,-1.6371416033846222,0.004744861868205603
-0.016958534313376777,0.009118749442905893,6.286931367824653E-4,-0.005260864588811197,0.0994233635302889,0.4479230134128619,-1.6416514718614843,-0.14287806142470408
-0.0173261361934666,0.009559951101202497,2.6490761472055337E-4,-0.004955554337574351,0.08466737372620614,0.19495134836891895,-1.508308474453263,0.055349898400980625
-0.017649874418543487,0.009731194378045014,1.323656633789111E-4,-0.0046525344861192775,0.07411699326693967,0.10472093044243769,-1.37835923610505,0.10475115327451705
-0.01698812297111191,0.00882186723375534,8.229804666249858E-4,-0.005144202910576225,0.09782397710151956,0.5769665689526572,-1.5773442789269263,-0.283895408572175
-0.016989018287302936,0.008531169230649064,0.0010096696683289579,-0.005040315353514663,0.09652616649059899,0.6990464442029697,-1.514992459251788,-0.41398033548647056
-0.016996714254825865,0.008188955139735908,0.001211581096252745,-0.004889704582788736,0.09697826640691717,0.8248265990237893,-1.4245774594925185,-0.5508215196898196
-0.016268940937343636,0.007337063113031844,0.0021136087670448503,-0.005046615356154655,0.14688819529729016,1.3911387381507598,-1.3565737655020322,-1.0286356314496834
-0.01655484079405091,0.00775265330216341,0.0016957922780021148,-0.00507088142790704,0.1243547589855077,1.1387386533670971,-1.4421056225967173,-0.8079907354743462
-0.01645209407641717,0.007484539077755018,0.0019079216832651369,-0.004991127987785765,0.13124671752805014,1.260276367697786,-1.3672010479591123,-0.9255160819909334
-0.016864797533844123,0.007823486972776007,0.0014791550723451668,-0.004829908845664079,0.10601349028875477,0.9907372202148997,-1.3608121370221322,-0.7078131750664182
-0.01594512606280319,0.006407865967640778,0.002756969471049624,-0.004536567845760669,0.17687295842763012,1.6583208842206505,-0.9732532647208216,-1.3129343418465365
-0.01616171868946378,0.007131291478681335,0.002295551666392771,-0.00498027526440866,0.1561257475741902,1.4859767942099733,-1.2861094697134499,-1.1186707751952099
-0.01609709394086937,0.006868490721735243,0.0024630030069204847,-0.004820140353591076,0.1624061013321403,1.5540924398513198,-1.1729466878650696,-1.1969903984462704
-0.016134750508243312,0.006540645000176036,0.002554470694765541,-0.004525593984106624,0.16151672777177464,1.5575022331917023,-1.0155716953479446,-1.2304803702544544
-0.016180849118787425,0.00669523673411057,0.002462692965130522,-0.0046192610879098395,0.15722182249928057,1.5255155957498898,-1.0790636794331452,-1.1940628298646385
-0.015526738141808794,0.006244938704235068,0.003188928606303288,-0.004640672595922573,0.21669800103867373,1.8920963621364877,-0.9106417254460467,-1.4891137707286337
-0.015780252116758046,0.006234898652687983,0.002953311399787478,-0.004483759141885994,0.19201176433721848,1.7423204816922662,-0.9019942301633473,-1.3854569137901445
-0.015399694516112658,0.006068152942369589,0.003356063061063601,-0.004536066244743797,0.2283787028559345,1.945362308084462,-0.8164960869380081,-1.539421913573204
-0.015252574155925788,0.005926545308922438,0.0035325763183061015,-0.00446524072459479,0.24500133564763932,2.0067881361712705,-0.7365231828921764,-1.5935485818593293
-0.014873067832256124,0.005372315540517127,0.003980296511352357,-0.00403155659773046,0.2754895271588022,2.062244181942592,-0.4265175679021036,-1.662010771242029
-0.015174078519296181,0.005700222370253218,0.003645452875756635,-0.004267812665912717,0.24913531317057339,2.0001638732811062,-0.6200829560014965,-1.6022753839988424
-0.015123526935570447,0.005431478213576287,0.003721802282936957,-0.004015244781960929,0.24926514914878825,1.9566309898642071,-0.5001917460260673,-1.5852864703038565
-0.012348967560970396,0.0033746340111149315,0.005854827665872694,-0.0017394510310096009,0.28728948224701917,1.4931153936188937,0.7708712440573761,-1.2191585778957181
-0.012586778904980677,0.003523105973613489,0.005749699698583753,-0.001958798246085847,0.30193388389299164,1.6074458954882616,0.7041546237625922,-1.3133637943428267
-0.012802126265959418,0.0036641990786818444,0.005641789781682751,-0.0021607455156835115,0.31406977764371113,1.7032492900416394,0.6348994867458111,-1.3913075901009353
-0.013632203953324429,0.004291823890941049,0.005117410216841683,-0.0029728029479126595,0.33605568459796104,2.001171795359964,0.2827988683930183,-1.6284143895501677
-0.013287322484577344,0.004082690747209865,0.0053807882990160325,-0.002694075593167939,0.3403116323109315,1.928680574088199,0.4458377092250278,-1.5677643303089985
-0.013485594326282989,0.00415406440929372,0.005217598862273038,-0.0028111556498417165,0.3334512771950426,1.9495884460209967,0.3556631200656786,-1.5884340644691621
-0.01302017071288485,0.0038263072758417957,0.005524983348181134,-0.0023789069890044223,0.3256506481330707,1.7983034648869174,0.556404239214867,-1.467101866996815
-0.013250275191736074,0.0038661448754285423,0.005338976306312562,-0.0024870930131954756,0.31881355809531997,1.821572617850709,0.45765454332709793,-1.4926067370229044
-0.013990648881314079,0.00444442744784107,0.0048011990084593165,-0.0031659499877751715,0.31815126886692946,2.0049964577515493,0.11520209179032377,-1.638331847975439
-0.013881611071897433,0.0042557475239317424,0.004866312704795099,-0.0029725416235337004,0.31149195629697984,1.9412298138882325,0.1814357265529636,-1.5930185425518049
-0.014755426834083147,0.005171724246626721,0.004103213682670783,-0.003852627422673307,0.2811116015045809,2.0470286858291797,-0.3241200977054446,-1.6588601905720195
-0.01460178743370685,0.004973858856498521,0.004253506239218139,-0.0036772410000129735,0.28915794443079673,2.038311643797698,-0.21738833677763275,-1.6580648156113147
-0.01420451321817108,0.00445197705239757,0.004591962500473419,-0.003181094714982774,0.29776789593091724,1.955199628594773,0.03397058435017635,-1.6062384360865476
-0.014365420399035584,0.004630678193613411,0.004459270157945836,-0.0033540997955611653,0.29504626884726187,1.9831832003354573,-0.05491170229913584,-1.624590845914167
-0.01454101302751715,0.004770704084743324,0.004299811909804812,-0.0034795279196015174,0.2855667507808137,1.9817240956310247,-0.14347575904666227,-1.6229249895898097
-0.02364581803495843,0.02058747823954541,-3.284333092469775E-5,-7.115882238448526E-5,0.09943179097060734,-0.08626447316929163,-0.058150025720858915,0.08783899520344261
-0.025,0.01983182837550245,0,0,0.18701876468407486,-0.0015090350307096205,-0.05259420996912106,7.811069197912844E-4
0.006035565138196594,-0.014882163347913105,0.004754215775408205,-0.00391653455170616,-0.10383417797439563,2.383356380971574,0.34165936624681453,-1.8759604873708915
0.008430702345609734,-0.016168811201889375,0.005879421708906456,-0.0014664977475951487,0.05314543896296331,1.4677274769785074,1.6700140094300984,-0.9946491177949763
0.00823292379296303,-0.01609314811751614,0.005847697137054748,-0.0016674944134117131,0.04864017122581988,1.5903857751363053,1.6010601899040926,-1.1081400917484772
0.008061713183078908,-0.016056961801638757,0.005774835851172477,-0.0018193483079151558,0.040793441595252916,1.6658713025237044,1.524279633719366,-1.1860944918219432
0.007912247841417551,-0.016086426840486875,0.005638503133946792,-0.0019042852076487902,0.03133501560286381,1.679469205525886,1.4364438804169994,-1.2216109946259974
0.007744165807888459,-0.016060097042757796,0.005543410917197087,-0.0020346213008019913,0.023622082996863667,1.7301433847320211,1.3548607786305589,-1.2794308947956587
0.0061477804259803094,-0.01504393721602939,0.004802715130551138,-0.0037144502873439358,-0.08912850923357152,2.3217620850504095,0.44733639398137376,-1.8288393607717375
0.00626293875589427,-0.015158415234203354,0.0048683985306800445,-0.00356351962168171,-0.07654632851108698,2.2849206061571747,0.5322450912420716,-1.7979702708675416
0.00629926860138346,-0.015305725601251392,0.004822645711475101,-0.0033969887594090674,-0.06851864143745558,2.19526536634612,0.587585731040197,-1.7343695219312487
0.006394051970189197,-0.015466842814431104,0.004822475260651196,-0.0032057729432471496,-0.057574552026827756,2.1111040962785803,0.6634204964865776,-1.670613378485477
0.007551869485491728,-0.0160062079487336,0.0054488685081300154,-0.0021949046516114117,0.014476273181966108,1.7965091052137867,1.26323585820549,-1.3489556284918143
0.007361308870103608,-0.015920751513710953,0.005373829204234576,-0.0023735232371073084,0.003963156650545131,1.875655892260779,1.1731803049296874,-1.42446887101245
0.007224548407462856,-0.01580794495663123,0.005357500437534252,-0.0025436624983798286,-0.002208273775149715,1.9651321394002572,1.107924953304849,-1.5008042049171633
0.007052838756669052,-0.01578199488481939,0.005225920182191028,-0.0026519176060118307,-0.013800514780633067,1.9797412999136241,1.0169213243975967,-1.5283423986671434
0.0068658601555293885,-0.015721585160494725,0.00510235265367152,-0.0027909282023363714,-0.024586727648060316,2.009447532420399,0.9191729121910824,-1.5655303629328554
0.006698224934820207,-0.015632492330870905,0.005010269595382694,-0.002941670431212486,-0.03665960185223791,2.0535031297015256,0.8298293057443324,-1.6091432335832476
0.0064825333167352174,-0.01566171608355282,0.004784471982517327,-0.0029886222808373987,-0.04717739305829315,1.9974827546951528,0.7323435765916272,-1.5858077578208256
0.008510593798616465,-0.01636754160727539,0.005691756046535687,-0.0012974898134361435,0.04629077807612309,1.3046367533145862,1.624016514495853,-0.8827667901709749
0.01003711692852844,-0.016845745140952377,0.005506089610863226,4.494119894313178E-5,0.045384411019411076,0.34787705762395177,1.7433608213950471,-0.00980059338959152
0.009821501316868125,-0.016818660954934037,0.005530719070458478,-1.2482492315574474E-4,0.046542692645686785,0.469380001950974,1.7421084344440552,-0.12549579708747552
0.009630100756024752,-0.016806484097628915,0.005527152775794499,-2.7615963124371707E-4,0.045881128695686973,0.5744342949954248,1.7263680408658366,-0.22849074934333616
0.009363750934053292,-0.016654681400692012,0.005661033067473286,-5.142061667417273E-4,0.0510531912929526,0.7656442201029572,1.7581501854798802,-0.38845579991456597
0.009469972296708226,-0.0167879069834851,0.005525256956036461,-4.042522090106299E-4,0.045730547620085465,0.6622003240145499,1.7096118555089563,-0.31387677063059016
0.009157766016337466,-0.0167072758102119,0.00554976723709085,-6.644636623112658E-4,0.046053123975345604,0.8458019159394118,1.683812465467769,-0.48478082020967955
0.008943357174384924,-0.01674986281632781,0.005438047618036013,-8.141982894954566E-4,0.04030720699055924,0.924452820595916,1.6075523444625281,-0.5769835821127399
0.008606039775252582,-0.01657658181009462,0.005501965114046745,-0.0011278077825506991,0.04045282558828487,1.1466000496238882,1.5749562471127447,-0.7718296426709416
0.008709040285992028,-0.016782829460428385,0.00531981610145698,-9.703239138458343E-4,0.036013506922032305,1.003436682432916,1.5255853874777452,-0.6692934350777722
0.020306598098530724,-0.021217384956826447,3.2788585563620006E-4,2.7489725235131613E-4,-0.02605864615333283,-0.25605816862996006,0.03492273914078567,0.2634327829149929
0.02083822296202332,-0.02182241485926832,2.0392995233054043E-4,1.6657497586139336E-4,-0.02993975278582544,-0.1892916220702282,0.031560283118230024,0.19359283036088432
0.01938972884796568,-0.020344704295952573,5.941986887488142E-4,5.011793719845199E-4,-0.022726847021988215,-0.3667974009125114,0.0487767697898718,0.38252895701579354
0.019696683901256697,-0.02110363501133197,4.3617408355821243E-4,3.3478188163683096E-4,-0.03913021965558485,-0.29544075149242616,0.05876775409057057,0.3054562865100542
0.017567379508171724,-0.018934476030699376,0.0013258726016276356,0.0010590006171264895,-0.017315205039326546,-0.5876363661109741,0.11243716215635055,0.6300453825478994
0.01800043521765996,-0.019732848823936576,0.0010339024672504768,7.726743644385264E-4,-0.03246658750402409,-0.49023910544860566,0.11096352090205118,0.5195751608169211
0.018576295050888272,-0.020441030204172327,7.574943905884948E-4,5.466339358959146E-4,-0.043008895809872716,-0.4023540641665612,0.09708302045001048,0.4221498450791877
0.016346976965359524,-0.01857927261145948,0.0018633238400389935,0.00128593377766276,-0.02054582264514739,-0.6878565668076346,0.2260717829658563,0.7512709558519491
0.01677786550314652,-0.01922943361265706,0.0015295130882524415,0.0010186676417562478,-0.03395677434843966,-0.5950014940190983,0.19808291028087757,0.6411771504141726
0.015650040442405273,-0.01875862631965117,0.0020908329285272893,0.0012342673843309386,-0.02857602469633443,-0.6825675499794351,0.3230066251121848,0.7509347352977024
0.01423056571504645,-0.017829397432391703,0.003111839549206459,0.0015905358578691847,-0.00878579951967199,-0.8213142097424352,0.5933334582675182,0.9454150459062944
0.015030311691575048,-0.018909958750893303,0.002284700308288479,0.0011641354601275684,-0.033537521823833405,-0.6606652027476881,0.4122495237583785,0.7328982373628099
0.014600045903020449,-0.01841304527446618,0.002668956950707095,0.001348698524946558,-0.022228750804218055,-0.7275407297228041,0.49463299605555405,0.8205356109468012
0.013597234467174757,-0.017969220158587967,0.0033501796977262123,0.0014232176518720171,-0.01009569047687644,-0.7432318941625027,0.7304330576638188,0.8734366860517737
0.012135794118030079,-0.01754537783453628,0.00429891198862625,0.0011703199587505006,0.008697286549931819,-0.5469252928054598,1.1639181789823103,0.7421782021581028
0.012748353396815439,-0.017867820335711406,0.0038003067153765465,0.0012580635544627106,-0.003341925241234059,-0.6353395508884024,0.9445752768074257,0.7897598354246823
0.013050887422836574,-0.018213066777036286,0.0034474691498939127,0.001195780291409005,-0.012174170600795918,-0.6264965604140915,0.820998268925503,0.753590670696027
0.012316925264109643,-0.01790869825472198,0.003946690336473907,0.0010979443992396654,-0.0010373888483046474,-0.5360562494931668,1.0319163704412553,0.694555647005636
0.011016226993649104,-0.017446904335441944,0.00474789906587856,6.366766607458809E-4,0.021552147242199195,-0.16655652984262484,1.4093997664336977,0.3939070515798089
0.011797969422487184,-0.017550643461029018,0.004423957709549446,0.0010168083592965325,0.010243498572289572,-0.44388166550417624,1.239007442602125,0.6444712960963112
0.011265042986911458,-0.017533797741957256,0.0046057068078521795,7.53013784884073E-4,0.014380776069424674,-0.25910604234934825,1.3413113259368947,0.47281475790890887
0.011532668342938006,-0.01746277281329837,0.0045914597388574925,9.154828329087583E-4,0.015464525389061044,-0.36295179819928564,1.3213663496139567,0.5786153378264917
0.010125370879047753,-0.017077455688085143,0.005244344663272535,1.0759813699652348E-4,0.03619564511448823,0.25952745130360516,1.626769090464732,0.03370542760231978
0.010551222177717616,-0.01728183606462053,0.004994387910208201,3.8146445878682464E-4,0.027742947718441744,0.035783027758881654,1.5223275445476163,0.22055323847728556
0.010752796325524616,-0.017550199894828738,0.0046996200886350115,4.6527235909466744E-4,0.017637277431402146,-0.060590542266393356,1.395441427549642,0.2775257304387008
0.01025338378929608,-0.01732589342726192,0.004976360262034956,1.8463376836811134E-4,0.026681604858728006,0.16632536437692336,1.5117281713097113,0.0851913762381966
0.0033580641159807892,-0.011960991558383795,0.001518858621733709,-0.006101400822622044,-0.1649271000116773,1.0795360282173148,-1.08251477756862,-0.8539140240902158
0.003493289832636415,-0.012155512366045082,0.0017185880235544794,-0.00604563361043315,-0.17643362840181379,1.2113475469488357,-1.0634570737945543,-0.9641499426403008
0.0036411191996181223,-0.012301093281520847,0.0019041043223875383,-0.006018910555509609,-0.18599774738343483,1.327654383556669,-1.0582503986070848,-1.0552838908234525
0.0036936045222169776,-0.01248920714340528,0.0020420362495596135,-0.005902944765525618,-0.1912079251147865,1.4163712499543093,-0.9924793169750342,-1.1359623461824384
0.003797899401171879,-0.012672192885943465,0.002213276033798717,-0.005805847241627973,-0.19675387853208828,1.518490795662245,-0.9397318893650851,-1.2220979072772826
0.003915041907155491,-0.012861111280559763,0.0023941798437916053,-0.005698340084004752,-0.2014434809998689,1.620663767977952,-0.8787481784939623,-1.3074562317603915
0.0040429627081085915,-0.013044993351722673,0.002578756099958513,-0.005588118630803419,-0.2037357473290302,1.7195013515615776,-0.8142652683501286,-1.3878006261421076
0.004211454558226116,-0.013217496150605263,0.002794001540593237,-0.005492557095190823,-0.20786662431402952,1.826459461067874,-0.7546327012251275,-1.4720821074521095
0.0045363481911641235,-0.013601793138052373,0.0032130264857918316,-0.005218263243766987,-0.20453580344503705,2.011734599657825,-0.5798198665165687,-1.619490217771758
0.004348257903256228,-0.01344499853805253,0.002989437598891665,-0.005318550272296252,-0.20539518541946555,1.912277367698427,-0.6498637962859631,-1.5444040674102029
0.005785172080606503,-0.014873882668924147,0.004474538339414747,-0.003954721676749794,-0.1153905471583214,2.2761145614096914,0.24849322249878433,-1.8129415094562784
0.00554644260541152,-0.014785511880977306,0.004241516497346484,-0.004067111350827105,-0.1285372404295573,2.217455164416004,0.141179074921526,-1.7789573298405377
0.0053347675428789655,-0.014763164342374522,0.004019717024868942,-0.004095098118709349,-0.13352107696673235,2.1353378962281964,0.07928275223892951,-1.727165501654015
0.004743770455586176,-0.013883470896267455,0.003466097877978375,-0.0049758185961143895,-0.19331231921903327,2.099383314820184,-0.4268809036772146,-1.6900727753096143
0.004525445656122635,-0.013832980579198021,0.003233262130230835,-0.004976883021491344,-0.19050728319387303,1.9915859196191363,-0.4527636339733359,-1.6160748600101036
0.0048804829509253595,-0.014093143175273165,0.003619477084449245,-0.004777779740351275,-0.18150586574703387,2.133993174254174,-0.3074786337928522,-1.7201684546558729
0.004974181355499326,-0.014325041334844081,0.0037089425348221816,-0.004542037928394009,-0.1660381054396365,2.1228832182662263,-0.18028131213298135,-1.7177218487773047
0.00509674158421385,-0.01450590084272485,0.00381836343889231,-0.004360705704359904,-0.15388194893550253,2.125016065836609,-0.07834073756071129,-1.7209845569569995
0.005222964662214146,-0.014654719501454036,0.003926159682893854,-0.004208665253743058,-0.14285833479879215,2.130043334953601,0.009966352552003838,-1.7243443072750197
-0.0028994557997060943,-0.010706289084041323,-5.020367974043581E-4,-0.006378750512740656,-0.08957497947943419,0.3065842233821347,1.1554199226872528,-0.15437557955001793
-0.003024186146223514,-0.011030584586665391,-7.587791189854553E-4,-0.006360356248294339,-0.11090135120957702,0.5089806761854127,1.1749661228908315,-0.3400469813575091
-0.003201315845257508,-0.011204718967489279,-9.445808624614332E-4,-0.006401206044417411,-0.123149729807835,0.6439088264148887,1.2301600547655613,-0.44759945461795586
-0.002543627925919817,-0.010709066224294956,-4.270737851067576E-4,-0.006188684810322275,-0.09326020248810461,0.2699785838225432,0.9807916040756471,-0.160145609130476
-0.0022014399782872484,-0.010709522469598639,-3.5927887957514843E-4,-0.006033467375638358,-0.09418740012141306,0.24174477898008848,0.8263702581672437,-0.1629880296632519
-0.0016637600275398678,-0.010180951353274754,-6.986993551942937E-5,-0.005897656928953558,-0.0764302127815444,-0.024558258730197204,0.6156934961226534,0.06704527917955821
-0.0018103577660315052,-0.01068221005762161,-2.768101542003911E-4,-0.0058914900639447446,-0.09446109085257857,0.20332836489157113,0.6633717397580461,-0.15239706436432074
-0.001159865794428798,-0.010109159990067852,-2.9713571449919236E-5,-0.005766753741052303,-0.07692373711581975,-0.057475388855074076,0.4190245930431889,0.07913391139031907
-6.89106603582085E-4,-0.010038707872355591,-7.083597089827694E-6,-0.005687518023493261,-0.07717129369064023,-0.08703841415624196,0.24524520669591635,0.09585563131748742
0.001263974567799535,-0.00993019796247594,-1.6780095845673265E-5,-0.005791162139228197,-0.06938522643990318,-0.12972991513124998,-0.4564136098586589,0.15703819903646551
0.0014597189245893131,-0.010344620472289042,1.1282233745438426E-4,-0.00582703865262385,-0.08348610801734208,0.0430318769363072,-0.5334303374294391,-0.011165042283195044
8.054406897605878E-4,-0.00994369170268372,-8.058965546261056E-6,-0.0057034249657576105,-0.07328400292595898,-0.12305384796567621,-0.28670974183183523,0.13570976766678375
-1.813828593339496E-4,-0.009919332503364563,2.801276159386418E-6,-0.00564668531511786,-0.07469235469989512,-0.1316957010413882,0.06375509002209145,0.13552238771834038
3.2846231521203704E-4,-0.00992297548418694,-4.7309816008956216E-6,-0.005653577103684598,-0.07462653245686951,-0.1302069824378946,-0.11589153486208059,0.13524505997827005
0.002788733065008401,-0.010900389521442603,6.014929706015208E-4,-0.006268673128794908,-0.10242530083627277,0.4011458877937217,-1.0777181262594249,-0.26277492446670664
0.0029448151588119926,-0.011266269299572316,8.841198269053266E-4,-0.00623049876132973,-0.12354739486258537,0.6244825484395403,-1.092617983317582,-0.4642010722187914
0.0030455855954978463,-0.011623006203025433,0.0011458334020231617,-0.006125366591552612,-0.1427123852654488,0.8289087617089734,-1.0547366329637666,-0.6517279023873842
0.0023715887917561415,-0.010864595467518091,4.7371013130928166E-4,-0.0060736138193822654,-0.10157935483147672,0.3321266094559023,-0.8880926310399732,-0.2381174501353005
0.0019868938699136762,-0.010804661114145011,3.597330381873482E-4,-0.005930618103308113,-0.09939780409298078,0.2705029645657228,-0.7283565386089701,-0.20726926092080025
0.0016227793399524561,-0.010743937327910747,2.6622711786501355E-4,-0.005821478500619087,-0.09770626864203359,0.22044607253451942,-0.5854937603035798,-0.1789300804964251
0.0030919004356003295,-0.011936794817760393,0.001347005653807468,-0.00598108778471236,-0.15584386211435672,0.9872717029483543,-0.9838021349241178,-0.7991737357356948
-0.0032291462953845385,-0.011393259735516574,-0.0010876152319602601,-0.006336627040787264,-0.13607246722927072,0.754428161031864,1.1993714740453827,-0.5540684247789986
-0.003472063814073294,-0.011629490467820983,-0.0013740352939250156,-0.00636136055012064,-0.15409913129284328,0.9548429182548991,1.2466310325842824,-0.711698220500129
-0.0033035889482110566,-0.011554183926911122,-0.0012325182806551878,-0.006301569308689954,-0.14655622948349245,0.8621126876740416,1.190689579291415,-0.6488147509741394
-0.0035386966042728527,-0.011829443187472116,-0.0015486670564163337,-0.006283507174555472,-0.166185206596021,1.079093114855195,1.2081031389812136,-0.8242634676040973
-0.003666772586057672,-0.012039292846942802,-0.00176866483313654,-0.006220041092629354,-0.18016794838932437,1.2269259377753075,1.181551601942689,-0.949777352949096
-0.004578196384044602,-0.012776094686182222,-0.0029856517686848074,-0.006101679599558644,-0.24337599954654962,1.9636334830128566,1.1170331788219219,-1.5064077945986172
-0.0037406401938128928,-0.01226482498779814,-0.00195764222568489,-0.006098437769404387,-0.19080548346752232,1.353265085336537,1.1115821817126907,-1.0642512055260382
-0.003900563656404755,-0.012385455048646988,-0.0021509961700734996,-0.0060910852265452335,-0.2010042881041664,1.4711422577418836,1.1143606433198103,-1.1529478320849134
-0.004031147335011982,-0.012475933516188505,-0.0023098386854704285,-0.006086787361317442,-0.2101564975359189,1.5644105414935912,1.115136586236224,-1.222482594426434
-0.004168205978678489,-0.012522264760657636,-0.0024550402380414827,-0.006121463444409554,-0.21866908709971283,1.6509486443189156,1.1385564470275444,-1.2805058420354862
-0.004269963076562603,-0.012626132689246986,-0.002604535619610512,-0.006082116930919996,-0.22515736432062416,1.7380396215617437,1.1132552023121438,-1.3495342602260492
-0.004411015690318266,-0.01272027542329085,-0.0027885213238883974,-0.006067756510170566,-0.23431692946807878,1.8451413432606463,1.101743208743766,-1.428120384758686
-0.004586480199838766,-0.012960834821215572,-0.0030789209895497813,-0.00591222878391022,-0.2391274424942236,2.0061482505049617,0.992929853815851,-1.5593278132039459
-0.004656268233035098,-0.013125997237840917,-0.0032172293261505734,-0.00576824640825735,-0.23625473065180194,2.0712444650953947,0.8967817711809359,-1.6197548230419316
0.020806247557504227,-0.023236240169105263,9.03818337217965E-5,5.12376430255885E-5,-0.07723184845173196,-0.10486745440002274,0.05395865043975613,0.10602761475848398
0.019831828375502458,-0.025,0,0,-0.18498342977132365,-0.00199264794680352,0.055200447474175296,0.0038675503550690995
-0.014938455742167742,-0.010782083680081914,-0.0013034353601998766,0.00823062023017198,0.3377140931897529,-0.9960313897755042,2.976749067443049,2.23108286114317
-0.014953541291841982,-0.010776526088474103,-0.001286165633129852,0.008204372889429797,0.32898051549409696,-0.9861342489535928,2.9644344935606415,2.207864050845711
-0.014935974281465736,-0.010797595068132215,-0.0013293065717956507,0.008226481479207806,0.33722341521255333,-1.0149681875436125,2.9667830814454645,2.250172903243176
-0.014951091995756135,-0.010792132092471665,-0.0013119967311082355,0.008200237391685484,0.3296626953397577,-1.0048405822177193,2.954546053400628,2.2268459764889923
-0.014930865148160086,-0.010828594527293183,-0.0013809741477955877,0.008217965987062497,0.33805909211551244,-1.0525089865064383,2.946557619054122,2.2882094438791882
-0.014933444075470769,-0.010813098735826325,-0.001355153112139828,0.008222263338099774,0.33733617017438866,-1.0337961873112564,2.9567207946914102,2.269228068418304
-0.01494599507608956,-0.010823274000149237,-0.0013635784471156627,0.008191840988137994,0.33070926244184834,-1.0420004639653593,2.9345099031646886,2.264607679516738
-0.014948570409232526,-0.010807718510799855,-0.0013378097920863597,0.008196069410145687,0.3302722195346815,-1.0234598982675134,2.9445768875867153,2.245766547660921
-0.014920062725815756,-0.01089049580236992,-0.0014841659940861192,0.008199957516253662,0.338761234746955,-1.1266135746108745,2.904761632869223,2.3634706158675343
-0.014922836286880736,-0.010875033080843399,-0.0014583851473462049,0.00820458191005292,0.3387011402883951,-1.108216950374482,2.9153750532680043,2.3447286166918544
-0.014935240875120376,-0.01088535746166335,-0.0014664132980858136,0.008174085203066369,0.3325696385797689,-1.1156051205108424,2.8930900569467792,2.339368283041964
-0.014925561228420127,-0.010859561856462023,-0.001432587047865028,0.008209125807728087,0.3388521147053291,-1.089716032491607,2.9258837405069227,2.325940289893504
-0.014938018714226467,-0.01086984601336202,-0.0014407114835813684,0.008178617198513928,0.3320199052516528,-1.0972856170990533,2.9035956323035452,2.3207406928545855
-0.014928237524093783,-0.01084408228634059,-0.0014067822375332262,0.008213587359781995,0.3387129167102872,-1.071141372914069,2.9362803631850958,2.307107036739323
-0.014940729332616788,-0.01085432814272891,-0.0014150097667235734,0.008183101215406823,0.33148161697987394,-1.0789096936451665,2.9140103377621074,2.302075859790636
-0.014943382612732712,-0.010838805952513913,-0.0013893045006118014,0.008187518319620472,0.3310573040511183,-1.0604804222537714,2.9243211353888765,2.2833706687435478
-0.015011727491543272,-0.010410220735762001,-6.751556128836519E-4,0.008248344768704575,0.31703568956392475,-0.5265679484864174,3.1453845781639207,1.7299446065551372
-0.015010325838009252,-0.010426004585036957,-7.011571882330421E-4,0.008246346244729695,0.3174405717351932,-0.5464400651509217,3.1384226721675543,1.7500461679051933
-0.015008797789135686,-0.010441707021080446,-7.270542244010796E-4,0.008244440762698695,0.3179739513619903,-0.5662124176597513,3.131470223991505,1.7701306038672244
-0.0149605844888015,-0.010626579228399676,-0.0010442670422436875,0.008267500075670994,0.3333326505349364,-0.8050925078748459,3.0698127494188747,2.037802889280855
-0.01497351612889767,-0.010636136988293785,-0.001053650149479224,0.008237483617750214,0.3251980897344371,-0.8153530364946192,3.047888752977949,2.034881775835112
-0.014958591675504214,-0.010642159322614203,-0.0010702569700819576,0.008264175823348466,0.33278601594838925,-0.8245517070433751,3.061028542777161,2.0573935727881687
-0.014962528329925276,-0.01061099310527128,-0.0010182654449940067,0.008270742868065723,0.33415247925893893,-0.78556049156008,3.0785015999615344,2.0182210515028953
-0.014975473406897304,-0.010620491588461185,-0.0010277488005037084,0.008240791068287021,0.3244022628851959,-0.7961192025789372,3.056605568204055,2.015407241437916
-0.01496442318144846,-0.010595401104716106,-9.922769181199417E-4,0.008273901186616172,0.33390704037893465,-0.7660483272368125,3.0870771450350616,1.9986465883559408
-0.014977344929717131,-0.010604852607347885,-0.0010018704666929293,0.008244080918807267,0.323750570799707,-0.7768106368400548,3.0652468006758906,1.9959152699504907
-0.014966269026450154,-0.010579803377811692,-9.663012940478587E-4,0.008276975164797544,0.3326293141989287,-0.7466097031136555,3.095527362942583,1.9790485428891527
-0.014979164032467797,-0.010589215803804527,-9.759923708193354E-4,0.008247293646671908,0.323423799770914,-0.7574226504081235,3.073776914446778,1.9763771875008238
-0.014968065848509118,-0.010564200075219219,-9.403226697683276E-4,0.008279966782817217,0.3312420971500979,-0.7272246919179742,3.103851301213824,1.959395977556819
-0.014980960437044435,-0.01057357932127905,-9.501013209845914E-4,0.00825037435132926,0.32323484890544196,-0.7379765364788607,3.082152750394218,1.9567760986307412
-0.015007347800636228,-0.010457355151243063,-7.528271781945256E-4,0.008242219670116119,0.31858122445924303,-0.5858365619842579,3.1242822005061828,1.7899589326077747
-0.014991022911005493,-0.01047959783065383,-7.943911203158453E-4,0.008266556038965157,0.32001388197314623,-0.6206376300232858,3.129567154802665,1.8381463392551165
-0.014976314074054054,-0.010486105170072863,-8.101329519725565E-4,0.008293716661424403,0.32975021312841385,-0.6290618667926822,3.1435641697331085,1.8598650910400114
-0.015006032708639677,-0.01047303132525681,-7.785846234926625E-4,0.008239545916898794,0.31912431779016875,-0.6053791910424925,3.116753320905804,1.8095386901832413
-0.014954459204666778,-0.010673300816346347,-0.0011221687553189155,0.008257287090117698,0.33363272031239966,-0.8631500159678596,3.043141220784381,2.0964730795708144
-0.014956549907973094,-0.010657733236025016,-0.001096220602109361,0.008260771960092141,0.33313421709567115,-0.8438975588116323,3.0521446914662405,2.0769596885867205
-0.014969386216032521,-0.010667421859240578,-0.0011054747137741062,0.008230743183735947,0.3263191120597288,-0.8536585099948678,3.030166978554115,2.0737214482405295
-0.014971478248016859,-0.010651783727924198,-0.0010795676571502494,0.008234149517101157,0.32583594219489176,-0.8345300584664322,3.039084411504956,2.0543293334596715
-0.014952319584569097,-0.010688861910903293,-0.0011481116157423057,0.008253719903649535,0.33371136358338144,-0.8823181783544968,3.0340122565678875,2.11593014566417
-0.01496724623053443,-0.010683045469089195,-0.0011313581302589226,0.008227256210372132,0.3268447606278813,-0.8727340132224816,3.021140066388639,2.0930536174458094
-0.014950131067195255,-0.010704416366638627,-0.0011740382957828375,0.0082500719844451,0.33396926766307233,-0.9013711717313945,3.024771321714963,2.13532343340795
-0.014965047187022748,-0.01069864762770457,-0.001157212304418526,0.00822371291747729,0.32741464734916276,-0.8917467756316712,3.012023910637352,2.112332968150359
-0.014947893672597863,-0.010719964030119584,-0.0011999329386236813,0.0082463456502787,0.3352411931630472,-0.9202983866726894,3.0154266531028955,2.154623787646998
-0.014962794362457623,-0.010714222325512801,-0.0011830272642845288,0.008220106605858986,0.3278058981248852,-0.9106991147336186,3.0028089361994503,2.131553215661389
-0.014945607421372954,-0.010735504747544684,-0.0012258023963077251,0.008242539959129698,0.337112687437084,-0.9391666616104617,3.005961780515707,2.1738123509008194
-0.014958229214778032,-0.01074534015438145,-0.0012345683671532931,0.008212493115452706,0.32802870369168824,-0.9484984663788377,2.9839194499714163,2.1697923346418264
-0.014960516030585144,-0.010729778938349505,-0.001208804616297001,0.00821638065371579,0.32792686640392915,-0.9296115469913871,2.9934507206841086,2.150703865380145
-0.014971274576540154,-0.01075525488016754,-0.0012431003413746566,0.008182362013872334,0.3272952816937678,-0.9510300280862488,2.963692712299338,2.1589988132156006
-0.01496905528837545,-0.010770933493398504,-0.001268802242022753,0.008178036680905117,0.32767964709461306,-0.9696874228585841,2.953872261974311,2.177734076718028
-0.015038119173937247,-0.010214166057142251,-3.5029316539302003E-4,0.008240126535919353,0.30733377700191805,-0.2754246550118032,3.2056089512142516,1.463848064742358
-0.015039814226841483,-0.010182915651960549,-2.991212226076504E-4,0.008241198118250574,0.30628367988578237,-0.23545090460803242,3.2155663987216925,1.4232846951836995
-0.015038976160863677,-0.010198622922757259,-3.248406098461518E-4,0.008240720375033381,0.3068042225578065,-0.2555558168778605,3.2106344678510923,1.4436929350743617
-0.015052290404359054,-0.010222702613673888,-3.6194505209543264E-4,0.008210700347234248,0.3043890657077956,-0.28389939809166953,3.1850313292011587,1.4589098368560327
-0.015027367490998407,-0.010403471987291668,-6.596646549756497E-4,0.008219498128971799,0.3127974218579272,-0.5143034879726897,3.1307995116828393,1.7032772804259155
-0.01503337968511325,-0.010308556487480346,-5.046407417004184E-4,0.008231844699217825,0.3101095251537554,-0.39522161527962113,3.170764469557229,1.584079598729155
-0.015029936072281045,-0.01035622034170061,-5.826652431424728E-4,0.008227295169165467,0.3116468298009987,-0.455344986651866,3.1520016088637806,1.644851539266418
-0.01503140657416698,-0.010340512092052003,-5.56879509726271E-4,0.008228312313240421,0.3110727355738105,-0.43549263482484074,3.157970994978179,1.6245095019639717
-0.01503271454321043,-0.010324574927873682,-5.307577931753404E-4,0.008229525448128395,0.3105185043319785,-0.41536117429500935,3.1640578541358924,1.6040151200437485
-0.015043322541994265,-0.010396514984731018,-6.439354763712913E-4,0.00819014364147748,0.30913571025780945,-0.5012849724094345,3.1160714205064326,1.6759527267854224
-0.015043575531805376,-0.01038064369248287,-6.184237694192253E-4,0.008194026470497641,0.3088878957799364,-0.4818432963094635,3.1238948488533502,1.657266766979001
-0.015043712434133128,-0.010365236786282154,-5.93652647834158E-4,0.008197839530871201,0.30866209774104697,-0.4629277071520272,3.131458216673099,1.6391458653703828
-0.015052346053286396,-0.01023806444516019,-3.8678248858038216E-4,0.008208078714007585,0.3046702020984699,-0.303182872686508,3.178780368780519,1.4775814544643933
-0.015051974665596811,-0.010253958599949481,-4.125313731853663E-4,0.008206036776603753,0.3050395316533561,-0.32315253270187666,3.172656637297136,1.4972714573996575
-0.015050812834922656,-0.01026983660895977,-4.383875956360552E-4,0.008205377710340968,0.3055773812640484,-0.34320736378520506,3.167301736282204,1.5177309916690938
-0.01504900738063261,-0.010285496025453625,-4.640190816208374E-4,0.008205852304002491,0.3062433323225319,-0.3630954124941541,3.1626215203504073,1.5385851690098695
-0.015048121205260164,-0.010301165400306077,-4.894796641082178E-4,0.008204334997110844,0.30672207564752924,-0.38277962994477993,3.156669913752873,1.5583541116302488
-0.015076689009632707,-0.009960129590186098,6.416285947243776E-5,0.00817917296107813,0.29283669955312536,0.051805708461591736,3.234131716744216,1.1047225776989693
-0.015073577142231795,-0.010119685136559123,-1.9304161321283592E-4,0.00818107080015206,0.29760216432377445,-0.15129201486929042,3.196076520282432,1.3096591269288247
-0.015076664408994446,-0.010056270466441542,-9.071665147175274E-5,0.008178829020628367,0.2954081498965067,-0.07077152256302004,3.2111021969201627,1.2272097929786963
-0.015076315853294282,-0.01007470175741985,-1.2041429349732802E-4,0.008178692044193235,0.2959164052023863,-0.0941672080673456,3.206365462960794,1.250734222673619
-0.015085070144410637,-0.01009313441240558,-1.4952990428161546E-4,0.008160390345571209,0.2945854420281762,-0.11684787333269857,3.190235531938353,1.2653519753787486
-0.015088224640705979,-0.010110135214511354,-1.7654671080356192E-4,0.008153007548502471,0.2942430821057258,-0.137963165657548,3.181225128488368,1.2833880908169741
-0.01507683619964493,-0.009978795002606587,3.4092559041660666E-5,0.008179318417922668,0.2933028671584686,0.02794173407840667,3.2299971752268446,1.1285454968772575
-0.015086057936043793,-0.009997105648934248,4.558541679811654E-6,0.00816132095198737,0.29195903132688067,0.004665500018293155,3.214366943745731,1.143609541323493
-0.015090176524560673,-0.01001425189087829,-2.2920752713332636E-5,0.008153182519736334,0.2915256044640227,-0.017006382698228132,3.2051978321171553,1.161590183011571
-0.015092592052943374,-0.010031098194553906,-4.985179379168295E-5,0.008148201617133928,0.2914909768852478,-0.03823421751021988,3.198043979801852,1.180611605557268
-0.015093672663175657,-0.01004737372157427,-7.585180670893295E-5,0.008145664384292782,0.2916465727765245,-0.058712263425026036,3.1925119861462963,1.200035409912694
-0.01505516999174476,-0.01017597721763567,-2.858831691749186E-4,0.008211603424299862,0.30277673576284775,-0.22451957819114562,3.199327338081361,1.3983504631312036
-0.015056221706197305,-0.010160315968715668,-2.603846010558332E-4,0.008211384230591938,0.30221908217333077,-0.2045682955286627,3.2036524998922964,1.3778476191357034
-0.015069968158746599,-0.010153586699217653,-2.4799277572658143E-4,0.00818495387524218,0.2991224526291776,-0.19443072423462784,3.1892201489858207,1.3553424510163
-0.01507589587868247,-0.010138481822961617,-2.2307947962244592E-4,0.008174810481377118,0.2974891938695255,-0.1747511530383218,3.18712281901973,1.3306496482304464
-0.015091462840652319,-0.009445682193984607,8.752496657485387E-4,0.00804218868479496,0.2739688327720309,0.702815947146004,3.223245272153566,0.41742300925415515
-0.01509895192592066,-0.00947164366653239,8.325233370589937E-4,0.0080375939341559,0.2734519752275593,0.6679929500237227,3.217882888652106,0.44788150728792886
-0.015111159477171461,-0.009497009147512536,7.891926816828511E-4,0.008023266993982474,0.27209019866139994,0.6324946099504114,3.2059230062751816,0.4748561371224012
-0.015119413510624242,-0.009520840944335997,7.498234346117347E-4,0.008015559054592898,0.2713701096881849,0.6004460882601271,3.198416450076451,0.5015842557020312
-0.015123732347707412,-0.009674193297162039,5.115701204627977E-4,0.008050082762104631,0.27525332015222737,0.4088804594562904,3.2025286891973193,0.6984162873844629
-0.015117985778961418,-0.009658875834731535,5.367556222915922E-4,0.008057618302103586,0.27587422653232824,0.42923038100155,3.2096108577744706,0.6822450899314427
-0.015120971015682624,-0.009642871319160628,5.609235317887871E-4,0.008047956299709514,0.27474968962886237,0.44856187463528846,3.205447356209396,0.6595444522455508
-0.01512181841047379,-0.00962270749822564,5.91999249824553E-4,0.008041171140353175,0.2740298858421832,0.47348219899361915,3.203630710083947,0.6328229288183808
-0.015109149144716732,-0.009562860582819537,6.883213031491618E-4,0.008048618384712568,0.27441389237403535,0.5513525568450772,3.215813017590796,0.5622210901854271
-0.015123478598889056,-0.009541846953190889,7.162672749363012E-4,0.008014578216837214,0.27122761540647305,0.573311496100416,3.1955771121575,0.5267132230552806
-0.015122135102542206,-0.009601084183370238,6.253873871677477E-4,0.008034731442475187,0.2733202723135564,0.500291616649503,3.202101587637756,0.6045268751002952
-0.015123352566682319,-0.009581473287951205,6.553295677372066E-4,0.00802683357862981,0.27243555812135345,0.5243298678475171,3.199252708490001,0.5783083959132654
-0.015092159761738168,-0.009933835693855593,1.057540617080702E-4,0.00814765016941763,0.28900425191051143,0.08499253537078892,3.2197728282493254,1.0574753266587449
-0.01509334705333748,-0.009950420480637583,7.918403919976825E-5,0.008146026067879826,0.2891758825294814,0.06390385583366794,3.2151471668099965,1.077657686051847
-0.015098600782253961,-0.009885024587327889,1.832392389712823E-4,0.00813179811093258,0.2863222230891273,0.1466461938792505,3.2197545919847417,0.9894534324306271
-0.015105376699567902,-0.009905360186609273,1.503720599503192E-4,0.008120066677019698,0.2855044121586569,0.12048268260759785,3.2081067189526604,1.00997579426351
-0.015108987934945875,-0.009924606135482536,1.195850798034135E-4,0.008114193223437698,0.28530995088912486,0.09602203061945147,3.2003748757422614,1.0315210660852208
-0.015101487984443855,-0.009746849816007045,4.0215660477398423E-4,0.008108034127385729,0.2816601487534801,0.321623957017595,3.229436729005829,0.8080802050563513
-0.015101828372129348,-0.00972719790382033,4.331172563824146E-4,0.008103714164955813,0.2809739340314938,0.34644943271557754,3.2297478511427746,0.7821482275608732
-0.015106423423378014,-0.009703412702316977,4.6964819453738753E-4,0.008089993555104784,0.2792876052696989,0.37559302664963273,3.224450151521577,0.748001926206514
-0.015128133714098588,-0.009693167199327238,4.810849301203208E-4,0.008045770490504008,0.2750310410618448,0.3843517332726631,3.1969846395973143,0.7200590884078552
-0.01510980300093065,-0.009760977100346145,3.784169340399405E-4,0.008094282368093541,0.28047344250442835,0.3024218101625229,3.2181411901124677,0.8205409407014894
-0.01510928973590095,-0.00979489153418787,3.249949409139407E-4,0.008100606027617419,0.2815929447799066,0.25971831877918466,3.2164747290243567,0.8648120897260894
-0.015116575727963603,-0.009777229490929712,3.517245690652831E-4,0.008083753295997281,0.2795563841506104,0.2809737761849364,3.2085824099627898,0.8366858950654882
-0.015119840411671732,-0.00981202709223455,2.9651150708017733E-4,0.00808245316854034,0.2800027451086935,0.23682463275443846,3.2016929530852747,0.8790438539446971
-0.015121617111759869,-0.009832645750036497,2.6384971618248905E-4,0.008081590454986468,0.28032981582366134,0.21079799058394233,3.1974224233998374,0.9040849851128379
-0.015115365800557046,-0.0098691311376785,2.069782071718309E-4,0.008097629503115607,0.28253795081442257,0.1654869699241811,3.2008970621092527,0.9556142307036329
-0.015132633106201904,-0.009852092437888014,2.3208276916713796E-4,0.008062390920745491,0.2787578955934184,0.1853959976312374,3.1814961071819567,0.9204528015180028
-0.015106051993991782,-0.009423334049596064,9.03706800444276E-4,0.008005526135301968,0.27076682444200145,0.7249606533589308,3.200469434133194,0.3808923480011645
-0.01021981599104591,-0.014995165756016561,-0.008325133135698107,3.6635245854553376E-4,0.27574671965337383,0.943160240204862,-3.3760686926984085,0.2983201849318787
-0.010212562449656586,-0.015009436564452916,-0.008297267288635647,3.520397102525247E-4,0.26706227758727913,0.9471398747460126,-3.3564714698303284,0.28048211216826385
-0.010235504770669994,-0.014994450670793703,-0.008323942636717891,3.92472586400059E-4,0.27381218417710007,0.9215985524857438,-3.377566058057028,0.3193743733206938
-0.010228282326820545,-0.015008737464677346,-0.008296140299692648,3.780808612853085E-4,0.2669365385290279,0.9257020507335972,-3.3580493469497,0.30156395072065284
-0.010251191169966171,-0.014993686313349191,-0.00832266898540629,4.186102038983221E-4,0.27297702836218024,0.8999829874785906,-3.3789226759681217,0.3404820058266529
-0.010244006784017035,-0.015008029792180515,-0.008294851303061727,4.0412150139303924E-4,0.2667704570266556,0.9042539393025547,-3.3594508822805333,0.3226067755644722
-0.010266875049167085,-0.01499287269095979,-0.008321311838268144,4.447714402094105E-4,0.2735668848544,0.8783547461611759,-3.3801561272891134,0.3616996329374162
-0.010259750977158368,-0.015007280088279487,-0.008293461198451162,4.3018899022612584E-4,0.26620749234456453,0.8827810937684514,-3.360712993374626,0.34364997529281033
-0.010282556267937627,-0.014992009811233265,-0.008319872603783088,4.7092829053429114E-4,0.27417128551683445,0.856766081086529,-3.381274563174236,0.38295950965459635
-0.010275504742974987,-0.015006448592502266,-0.008292048401528695,4.5627627989620895E-4,0.2654637526701491,0.8612924223481869,-3.3618887448651766,0.3647403354068805
-0.01029823468538191,-0.014991097682117146,-0.008318352497037721,4.970586016809051E-4,0.2737909686328137,0.8352211715488677,-3.382271777719136,0.40417200362489886
-0.010291242494177797,-0.015005538143821134,-0.008290612862763405,4.823451982232932E-4,0.2648773624347207,0.8398141872483421,-3.3629785697932952,0.3858663934703972
-0.01511653298110044,-0.009373329684331938,9.750066751222267E-4,0.00796497060036701,0.2675072268804128,0.7816787948514223,3.1768267568601227,0.31095260490364657
-0.01511729492141597,-0.009345201518104545,0.001016839914883297,0.007951222679325116,0.26650804701160413,0.8152405333951941,3.1692694913615775,0.27414413367835944
-0.01511613760372657,-0.009320901254678096,0.0010536345342218375,0.00794235888164773,0.26605870324206204,0.844817873715093,3.1646251964282466,0.24321085935463124
-0.01511354638966783,-0.009297868221238254,0.0010891136049146115,0.007936395144993046,0.26581597103712035,0.8735047184106389,3.1617239631280243,0.2144122311908023
-0.015108320060396984,-0.009269698279884912,0.001133428465267495,0.007932459222921268,0.2659151732354506,0.9094026735988824,3.160252860661935,0.17996931987423068
-0.015112325883066253,-0.009238179106873587,0.0011778784531525721,0.007909040700331105,0.26419132279472884,0.9445840874902037,3.145557054259377,0.13810039676445454
-0.015106843821387878,-0.00921459659747067,0.001215345603991512,0.007906885204270492,0.2647207067153499,0.9750067874371581,3.1447289455347636,0.1096271179421305
-0.015127859304335828,-0.00940149023311282,9.279486051048444E-4,0.007955370759801468,0.266434522825893,0.7432041656105416,3.168533537051822,0.3424466087339073
-0.015071224916442128,-0.008810686858111474,0.0018059924844921467,0.0077059810467751105,0.26087629797474005,1.4445020661176573,2.997924485347372,-0.3872385918696259
-0.01508954540435276,-0.008844195118947023,0.0017471786885092488,0.007699586651750316,0.25861975110290164,1.396183246714294,2.996237857035819,-0.3479991733690519
-0.015095995784507349,-0.008871765489192008,0.0017053604901105979,0.0077087617342049535,0.2582464658519395,1.3628461050885836,3.004254086077746,-0.3154403331300267
-0.015112041900326402,-0.008887798722444341,0.0016721074425842647,0.0076923026424487615,0.2561556826308597,1.3345989039880437,2.9942999436063196,-0.29738475453328017
-0.01510090588393817,-0.009133241221636468,0.0013369387055517134,0.007872514319047069,0.26338226869295633,1.0726121015141645,3.1226249297708537,0.007343537401000279
-0.01511555133530913,-0.009107843207152596,0.0013647316230849676,0.007830764949274316,0.26034796543911926,1.0931091860961455,3.09445803486707,-0.028296521652372342
-0.015120613395709553,-0.009081020263406672,0.001399753326647743,0.007805455156329634,0.2588282437144871,1.1202129169305015,3.077249658530058,-0.0628500810301744
-0.015112816773231418,-0.008915904147931007,0.0016335771849324539,0.007710950967803662,0.2564748733601443,1.3046410780573117,3.008406096076859,-0.263824728643785
-0.015110168733185181,-0.008943724649050947,0.0015975479492163047,0.007735019934960392,0.25759730837871453,1.276929451766166,3.025933268018476,-0.2299417104916308
-0.015137612651138058,-0.00905934849970026,0.0014197926952080817,0.00776156471690019,0.25580962679311653,1.1341637311559383,3.0475320388762053,-0.09310711335915238
-0.01512033147717793,-0.00903464968604918,0.0014650821022829288,0.007777131279091214,0.25799478656238395,1.1717986195562584,3.057369223887655,-0.12028076733298383
-0.015124323992810848,-0.009001508331291753,0.0015085479183346753,0.007748646340155227,0.25644867066406785,1.2054794922468888,3.0373888074874666,-0.1615702150172668
-0.015123003824297477,-0.008969379496975764,0.0015536634125479438,0.007729734206920012,0.25602450623008904,1.2409097145842163,3.023562236295699,-0.20041585190505454
-0.015114545291962257,-0.009192223695093926,0.0012438507271634429,0.007880592934368207,0.262711263753826,0.9971071858794934,3.127456234915598,0.07860685523668058
-0.015118580128082183,-0.009161632293286355,0.0012858898099374603,0.00785628022975473,0.26122887146776114,1.0302131438949773,3.1115247408849678,0.03866126003048693
-0.015078417598101097,-0.008744600925020716,0.0018874177799790917,0.007641197739597048,0.2587185906834594,1.505424804182691,2.9486410783618457,-0.46510619606078635
-0.01506394209402101,-0.008684894604521669,0.001976486525920853,0.007616601389588757,0.26001100750622824,1.5756116803841282,2.925875154348503,-0.5345355755974626
-0.015092852234596157,-0.008709304140004008,0.0019212167308596106,0.007587902359305498,0.2561488912015765,1.5282580034044055,2.909673878150093,-0.5052596726928388
-0.015073363712755888,-0.008649676038680856,0.0020132447332974865,0.007570786884416303,0.2581390246525847,1.6011960570624149,2.8914414770372012,-0.5738066416937625
-0.015060793877386772,-0.008596431691736689,0.0020908381028124814,0.007545374642479505,0.2594226695097675,1.6614869943106283,2.8677021890016934,-0.6343844470715662
-0.0150771289171301,-0.008621217758069847,0.002045674887028911,0.007539978089571996,0.257159941104629,1.6244840698573106,2.8675449246874853,-0.6052045932753021
-0.01509680962966194,-0.00877665542171744,0.0018309776019566,0.007635153093283212,0.2565315814969243,1.4591159825102595,2.9476927579697443,-0.42773205621071014
-0.014754771685400856,-0.007459243320735026,0.0035587177198617937,0.006662865075445644,0.31170607227954317,2.651670246977086,2.000617589589814,-1.707050346261815
-0.014715052943825364,-0.007377172741592203,0.003666849673080751,0.006594103543977923,0.3195676964300282,2.713279608365601,1.924921883746755,-1.7706468379460933
-0.014757006896381148,-0.007426155301634256,0.0035778048806788814,0.006615571744341264,0.3119220193903178,2.6533372697359083,1.9621555751446322,-1.7210243082440677
-0.014750085086429228,-0.007392620145825405,0.003608997795465084,0.0065776056920911555,0.31344122288539555,2.666088876757562,1.9276192810620159,-1.7404165937735887
-0.0147697839012366,-0.007488093613656321,0.0035186265852004367,0.00668490417360549,0.3090865000276383,2.627506524824813,2.025916908239989,-1.6832013267738122
-0.014788865783592387,-0.007528088838859505,0.0034649428178108585,0.006716486453268769,0.3052859167455002,2.595675683641712,2.060946116851276,-1.6508164403790264
-0.01483092602736294,-0.007651454340651574,0.003317270386243607,0.006828310067664046,0.29667966759914083,2.5109260759059406,2.174142766508624,-1.5553577222118953
-0.014824037867363568,-0.007556615218083676,0.0033979451815928283,0.0067132447260970845,0.29896644416305135,2.544574528699959,2.0741418592438374,-1.6136034763093272
-0.01485230379914002,-0.007599479065908712,0.0033295696623424505,0.006735505680453435,0.2938933178281691,2.4987060002147845,2.1052053156841826,-1.5728194373813376
-0.015083359512869397,-0.008567047688595784,0.0021069227369247853,0.007482118855402055,0.2557381200916398,1.66787320613983,2.822224883894368,-0.6635521693089955
-0.014945866064709006,-0.008130471974949644,0.002740285651943644,0.007255211663766574,0.2749128432076183,2.1450171815470545,2.5866724675901622,-1.1352724333246191
-0.014889117815408442,-0.008065199609265852,0.002872623818364561,0.007263284253303505,0.2837582336526831,2.2515832566165415,2.5721523163750635,-1.2166810942125685
-0.014922988628920964,-0.00809645842612204,0.0028013589381345318,0.007250157654568851,0.2784138501269702,2.1927233845480365,2.5737985466162656,-1.174809128822112
-0.014909184851742467,-0.008020153916846812,0.002894086660483661,0.007181390832441182,0.28100638026695307,2.254476446593276,2.50920788247813,-1.2468328982388037
-0.014965670257111438,-0.008162182496576824,0.0026851100689967143,0.007261255337333583,0.27163919912568085,2.1021047678217974,2.5990304762936876,-1.0990058489165555
-0.014979169355993874,-0.008196134529094273,0.002634455857271396,0.0072782835613429365,0.26971116991875715,2.0645178064918404,2.6183619711031296,-1.062974627953576
-0.015003418034767492,-0.008220223983465972,0.002582692958739542,0.00726785010976723,0.2660942894857889,2.021806138149817,2.618167749073464,-1.032234072710043
-0.015018715431013574,-0.008263014103198359,0.002520419744978004,0.00728985291726916,0.26386018863862176,1.975564463823343,2.642068697090083,-0.9871577773065706
-0.015030136227099283,-0.008313781664150015,0.0024528654742067128,0.00732469027734517,0.26235448506075754,1.9266407720777268,2.675280361734505,-0.9351131388945284
-0.015037337218893117,-0.00838608322621027,0.0023640748890634174,0.00738600163953639,0.2614041989973606,1.8634697870447063,2.7290803480785755,-0.8614740161548368
-0.015059247936279439,-0.008348788352063376,0.002384615974937981,0.007315015824149102,0.25810498460735126,1.8712404985439333,2.6768918634445797,-0.8930563248195921
-0.015056929048152807,-0.008466087976691926,0.002252137812686838,0.007432226508568532,0.2590222631947078,1.7792346961166075,2.773573967838616,-0.775053167882476
-0.015057324083143978,-0.008427082387533013,0.002297342675420397,0.007394413670960944,0.2585108267956817,1.811176514460557,2.7423010018277094,-0.8153164185273739
-0.01507641844806637,-0.008499888525800914,0.0021939542302861804,0.007432514879575366,0.25630103935616727,1.7326256405731042,2.779551175367172,-0.7361756423895448
-0.015106078936191827,-0.00853313914648637,0.002127470883829812,0.007415025261032227,0.2524648899013711,1.6776963261524662,2.7737917381225228,-0.6964562800305104
-0.014877436902443171,-0.007880954060776513,0.0030641741302280083,0.007058002208106251,0.28695161125282326,2.3651015008612895,2.3901710065142123,-1.373429009377732
-0.014876129473593147,-0.007835985054924766,0.003106119953863676,0.007004328770323156,0.28746164258531487,2.38705300787028,2.3435258597536293,-1.4074306807305645
-0.014843638159165777,-0.0077314995036122285,0.0032364206452738346,0.006915226707215504,0.29374539199368616,2.4688590888499005,2.2536249406227764,-1.497492544725568
-0.014860935481200457,-0.007766530531424251,0.0031851873037828096,0.006937463201364985,0.2905986249918095,2.4343396574324507,2.279949103548146,-1.4643949511925078
-0.01489190201857539,-0.007789087151513826,0.003127381885557143,0.006925668278183638,0.285674747888016,2.387214907814712,2.283102819146642,-1.4319660634469573
-0.014865530120582747,-0.007689999780735661,0.0032424409077529965,0.006835004195122,0.29075732102278606,2.455526014637925,2.1948110718391685,-1.511438023581136
-0.014923791819218471,-0.007975487744095516,0.0029201834313175444,0.007108196683437893,0.27924760359588013,2.2621324762266197,2.4520014002098205,-1.2770697983542973
-0.01490649974187926,-0.007903626887335058,0.0030080847941091923,0.00704626884901802,0.2825171806834072,2.3191363456239666,2.392023012636234,-1.3415987458500658
-0.014928463146862516,-0.007935176999899542,0.0029526441994400542,0.007054086664536928,0.27836931839615253,2.277537598954683,2.4074774555761085,-1.3066876417867883
-0.014632870569019532,-0.007158777255299583,0.003907027371424495,0.006370391073732607,0.33650423138414004,2.8207509449324264,1.703250144216917,-1.9039127178738837
-0.014670862131809934,-0.007204835677258098,0.0038291945944950523,0.006399163324661983,0.329267689450439,2.7740761081694667,1.7448196148438322,-1.8636919127870823
-0.014716753053435977,-0.007333661704237216,0.0036915152278879306,0.006532234554537916,0.32004808986088834,2.713937209295833,1.8746305245269734,-1.7872072347867685
-0.014722027378304081,-0.007282660781210577,0.0037145626347718937,0.006456533221669787,0.31945183784349446,2.7087803859772652,1.8153574387200642,-1.8025417262634384
-0.014715310114867292,-0.007233023042545274,0.003751975304077061,0.006394928760554796,0.3209549959981957,2.7174810141709487,1.7627402179804972,-1.823756288656331
-0.014597195751988529,-0.007004844977451335,0.004030041031275861,0.0061827106461690194,0.34403538798274674,2.845579846786766,1.5383853358366364,-1.9634018906619306
-0.014616039477153077,-0.006930515196483995,0.004033838460712543,0.006061641091621464,0.34106166957571876,2.806044733251484,1.4556852812295025,-1.9606068082483439
-0.014648161500454955,-0.007031367030403229,0.003946285383201949,0.006176464247825413,0.3346724264790022,2.7854991726911043,1.558727644688126,-1.9221615265782195
-0.014646239450670943,-0.007101708959409741,0.0039163742318014125,0.006277104603814796,0.33490812600711156,2.797570848782249,1.6357550163538053,-1.9088868714539622
-0.014559461737272916,-0.006842414576331277,0.004146697020003867,0.005980996216361447,0.3512394008225032,2.8531989177886805,1.3675211330402952,-2.009371786892221
-0.014622816496798438,-0.006867892346949742,0.0040481842820553554,0.005968434662606679,0.3400019074812461,2.7834470808977945,1.3899906515737566,-1.9627207900346322
-0.014307625396259217,-0.006344797776426615,0.0046175302791772515,0.005418595184921693,0.39392425548436,2.9233143200944514,0.8570699956566914,-2.1441081124223484
-0.014350021967297849,-0.006388418181989174,0.004552012097104374,0.005460792260424687,0.3866898806656556,2.9024376365769737,0.905518040133198,-2.1250743531153673
-0.014398266130696344,-0.00650790527292781,0.00446503486190563,0.005606783053799014,0.3797397920696923,2.911672658687704,1.024364531373453,-2.1114929518545544
-0.014398393616694871,-0.0064340087365255495,0.004476896679346902,0.005501113920316864,0.3780441412808721,2.8741727070588285,0.9561878182790551,-2.1009187110707828
-0.014459348265849955,-0.006541559235133961,0.004371439614814793,0.005619785402313848,0.3681928326478247,2.8584640120160754,1.064583354516129,-2.0737381384904725
-0.014251702145149377,-0.006156927552112451,0.004708319760542478,0.005175210617261242,0.39753555638911164,2.865300823237181,0.6854209133823549,-2.1325646545205
-0.014326227172049849,-0.0062637368549727755,0.004598191066323528,0.005295204496222673,0.3874057043243779,2.8564541361741305,0.7931278396323976,-2.1144674905775993
-0.014276965742057732,-0.006215878629516856,0.004670647144544708,0.005248316751202325,0.39697787250017535,2.8773918713757336,0.7401904029781102,-2.1330962980966817
-0.01404560688940903,-0.005804953032100178,0.0049776587862860175,0.0047447722601428625,0.41903473021493554,2.801653420497686,0.35919962658739607,-2.12374614289426
-0.014021659153569267,-0.005717115286808234,0.0049991612970849185,0.004630471262245583,0.41758374474921905,2.7549423646981652,0.29710075757755444,-2.0997019210775143
-0.01400027739494109,-0.005621284538765091,0.005013905676213875,0.0045065724540867096,0.41438153935520944,2.6994230304758555,0.2365688418547894,-2.070196638154794
-0.014263833556133261,-0.006076220935987606,0.004693219435893535,0.005058770711212641,0.3928489285014333,2.80209721180761,0.6288066862472173,-2.1022719801591556
-0.014169556648468426,-0.00594246303918601,0.004819775127742648,0.004904391027825615,0.4035573191079238,2.7972702441409703,0.5009255882788537,-2.1117099950863225
-0.014236306675372925,-0.005995973474313496,0.004730463255694288,0.004958109051921081,0.3935707016284045,2.775915630831095,0.5619827336998704,-2.0933804527106235
-0.01415307702114274,-0.005839427539545003,0.004836010452344812,0.004769159145963546,0.40143964741597865,2.741764488523827,0.4276009401156609,-2.0844993645587517
-0.014497052638214296,-0.006753507422681696,0.0042648009230776595,0.005898869223294189,0.3630367802503888,2.901102361686118,1.276019262456762,-2.0574809141942434
-0.01451374021022578,-0.006661068390265459,0.004266644743080777,0.005755351802562616,0.35953993243313215,2.8465210073485276,1.1837834352223977,-2.044510739526413
-0.014523656277290159,-0.006574967259168492,0.004273833875812655,0.005628059552728791,0.35668869707966183,2.801072412897368,1.1024952407752318,-2.0332715444846
-0.014575190538481251,-0.006773494940069121,0.0041473113471154266,0.005871767933677626,0.3488669687775156,2.8135930642872267,1.2965983723973673,-2.001698116349957
-0.009722754922317231,-0.015036477397905132,-0.008231667686024095,-4.5309980754204207E-4,0.2698116810662711,1.57431265910825,-3.2065046707580254,-0.3617221655251926
-0.00973888772949603,-0.01503727275289017,-0.008233236270123056,-4.2674815680947276E-4,0.2696819052651929,1.5532052285497666,-3.2120887686227655,-0.3410676547829236
-0.009999826815274055,-0.015028026194791001,-0.00827666422275236,-2.810324012089748E-7,0.2706486355036524,1.2219409465885496,-3.3041832149025567,-0.0018919410426204194
-0.010015492538908535,-0.015028089670324664,-0.008276460818605268,2.5508101757949035E-5,0.2701505934030082,1.2007709933579858,-3.307281538796882,0.01873866567530617
-0.010046991520861805,-0.015028435946813344,-0.008275074816577742,7.733707905986576E-5,0.2693022475296935,1.1578348363730944,-3.312641876081462,0.06026613911658588
-0.010031188519231344,-0.01502825029111164,-0.008275883977597197,5.13394324208565E-5,0.2696689980027566,1.1794111092080888,-3.310063982273217,0.039427087891507
-0.009754794033178053,-0.015037649071319076,-0.008235413079477937,-4.008275910732349E-4,0.2696456961481198,1.532756917019386,-3.2179253288600904,-0.32070716446358644
-0.009770533130806239,-0.015037745827540321,-0.008237937189441507,-3.7520622063195796E-4,0.2696737268688014,1.5127328597517413,-3.2238715797817226,-0.300542452926674
-0.009786278456166307,-0.015037919303386275,-0.008240128659590383,-3.4953972999474223E-4,0.26966176919275014,1.4925206607664396,-3.229541362567035,-0.2803134117137462
-0.009802094066220046,-0.01503892169361485,-0.008240494474904077,-3.2362027898584695E-4,0.26938641916787853,1.4712658350344185,-3.233982820163997,-0.2599085488624507
-0.009920976252220446,-0.015027432667800983,-0.008275527983129687,-1.3007533446832327E-4,0.2721215352744813,1.3277731405768973,-3.28612172404473,-0.10538141931854295
-0.009936743648160206,-0.015027658714345457,-0.008275901360186308,-1.0412164367042901E-4,0.27182402233374936,1.306630191495352,-3.2899753098141287,-0.08471833369122973
-0.009968348918142649,-0.01502795578386242,-0.008276418662571393,-5.20981304827168E-5,0.2712661527870117,1.264216851724984,-3.297328515803113,-0.04325704249302407
-0.009952532571779499,-0.015027890509845543,-0.008276083853485149,-7.813083819572164E-5,0.2715618272596027,1.2853917657581901,-3.2936354443435536,-0.06401213670330418
-0.009817974169393158,-0.015039875897086436,-0.00824078390064762,-2.9760468929917544E-4,0.269085889583591,1.4499169366680313,-3.2383134212926055,-0.23940579994037578
-0.00983390543426315,-0.015040452514142972,-0.008241652578584951,-2.715540345529233E-4,0.2688632448289509,1.428832116939562,-3.2429529537513937,-0.21883852597175416
-0.009849766713042435,-0.015040598329304824,-0.008243191506637215,-2.4565957362111156E-4,0.26874657920896233,1.408206176063109,-3.2479364586071795,-0.1983502696132903
-0.009865537196047955,-0.01504076478752467,-0.008244497715620781,-2.198977554776626E-4,0.2686133768163832,1.387595991129456,-3.2526807865686638,-0.17794297053845556
-0.00988128603378422,-0.015041239971769671,-0.008245004519028988,-1.9413342738639145E-4,0.26836109747862386,1.3666334035093863,-3.2568302169380954,-0.15753250350423223
-0.009897046093908504,-0.015041669210246064,-0.008245424981134447,-1.683518770364503E-4,0.2680935945782756,1.345642197397941,-3.2608536546728417,-0.13709121358216828
-0.009912808111960655,-0.015041821324387123,-0.008246220312718796,-1.425835927509093E-4,0.26788587253663415,1.324854943367557,-3.2650502380517206,-0.11662541838836997
-0.00999186061663262,-0.015042430902991469,-0.008247807670406592,-1.3291591880110943E-5,0.266538742453027,1.219782281249093,-3.283453119009277,-0.013681499863956175
-0.009976141228904044,-0.015042465998039094,-0.008247538886538288,-3.900269269425778E-5,0.26681174970380045,1.240648778854502,-3.2799645686055663,-0.03419051896932745
-0.010062924590150754,-0.01502852539307326,-0.008274271024467131,1.035422587236554E-4,0.2689916255369916,1.1361248287353154,-3.315175029351899,0.08128982803193968
-0.010078924805612654,-0.015028420005384832,-0.008273668883641096,1.2985999941480628E-4,0.2687580929351188,1.1144556991883976,-3.3177813578982724,0.10241755315143387
-0.010094904898517897,-0.01502812309827953,-0.008273265179274044,1.561523659656312E-4,0.26852905013145206,1.0929374317679075,-3.3204430064986465,0.12353616378878306
-0.010110820174048086,-0.015027675911468676,-0.008272981407848426,1.8234803317441803E-4,0.2682766287906299,1.0715889283812563,-3.3231006735127875,0.14458621527710872
-0.010142391236218407,-0.015026413250311179,-0.00827262313641232,2.343489010924528E-4,0.2676495255123212,1.0293972499052073,-3.328299322301407,0.18640405574430616
-0.010126652894170899,-0.015027091859376706,-0.008272794345329853,2.0842048987959418E-4,0.2679991896561748,1.0504178607631418,-3.3257374557059705,0.16554627845851164
-0.010158059521791976,-0.015025776206917592,-0.008272196467263376,2.601581807464359E-4,0.26718262893893024,1.008376102568169,-3.330610637900412,0.20718321247656898
-0.010173740661971529,-0.015025274830881244,-0.008271319505497697,2.859677705596159E-4,0.2666771418275851,0.9871721755823241,-3.3325527874424377,0.22797438643351345
-0.010205283941803043,-0.015024106857677402,-0.008269333236878425,3.3788230583194594E-4,0.26594319827735763,0.9445202912080656,-3.3361000165159527,0.26981940734920157
-0.010189498542422607,-0.015024772434841486,-0.008270255927924339,3.1189470895306054E-4,0.2662741447976336,0.9658207728198606,-3.334310954390087,0.24886727184645338
-0.009385686176081562,-0.015033976888804295,-0.00812847933459648,-9.91819003167773E-4,0.26223614203522466,1.9731178564510532,-3.030217392366042,-0.7760402205964451
-0.009400312404577896,-0.015041869897980165,-0.008119439693328684,-9.655926535104474E-4,0.2606965298571103,1.9466969610813334,-3.030603594230994,-0.7560408117793234
-0.009369043864742283,-0.015035775329849578,-0.008117601295663116,-0.00101695059276707,0.2609724606632757,1.98871335993015,-3.0174017740023187,-0.7948207600941392
-0.009238984251569986,-0.015031189269364687,-0.008062339740235062,-0.0012192973842019273,0.25545141852283976,2.130079056069194,-2.9322836643398174,-0.9447733562720254
-0.00935031866087707,-0.015044507077353848,-0.008092178921913988,-0.0010420050381572362,0.25783177886798986,1.9970191988708883,-2.995378603367134,-0.8131864460745003
-0.009251811445390348,-0.015040939846382766,-0.008050501446588322,-0.001194634723664956,0.2535049114615968,2.1035210328373397,-2.931257583764755,-0.926116654814417
-0.009267701198422398,-0.015040863195099521,-0.008058916516200583,-0.0011705118930388527,0.2545481856929999,2.0876176589456867,-2.9426960233626267,-0.9084379880897275
-0.009286215922911898,-0.015041575433410037,-0.008066973780262022,-0.0011419027336799865,0.25534802978522997,2.0677558710919386,-2.9549869687659296,-0.8873246287523745
-0.00930803486581795,-0.01504125649282326,-0.008078401044704213,-0.001108648607607129,0.25661674141666935,2.045728548366395,-2.970459848282691,-0.8628010892976861
-0.00933011888976023,-0.015045357637942567,-0.008081118576486324,-0.0010727432982611399,0.256593223627641,2.017149848836698,-2.980972612542596,-0.8360090267581866
-0.009452922739572524,-0.015046481618836843,-0.008131927766716158,-8.814320414479931E-4,0.26153021224039946,1.882617211498301,-3.0575931277816157,-0.6923704772554492
-0.009468905907741557,-0.015045829327909358,-0.008139345953838946,-8.565778773281415E-4,0.2622207321511722,1.8655323451587889,-3.0677948021532386,-0.6735343142160223
-0.009484146547086627,-0.015043600981901148,-0.008149405236487326,-8.33400933516351E-4,0.2633947948397622,1.8511219713406288,-3.0792422702697513,-0.6559436872694511
-0.009498051305137952,-0.015049051472143068,-0.008143780826407413,-8.094906540622343E-4,0.2622541548097899,1.8284374656797464,-3.080817073384885,-0.6376194681405813
-0.00951502088633999,-0.015052311697345422,-0.008143372499606687,-7.815687743844393E-4,0.2619797844895957,1.804987966352136,-3.086467474414793,-0.6162675423617016
-0.009409997008894243,-0.015059529188268207,-0.008089263967578296,-9.430985587761798E-4,0.2564426611088029,1.9131529431668264,-3.0166873266278382,-0.7385942691740371
-0.00942663425623924,-0.01506125868204381,-0.008092745556251972,-9.16583916763778E-4,0.2565905126749786,1.8927520551587833,-3.0248895607481185,-0.7185626837328685
-0.009443636331321796,-0.01506377050953018,-0.00809465840562934,-8.89169169907473E-4,0.2565734626521941,1.8708539631197352,-3.032228159477801,-0.6977971149175662
-0.008752686278655183,-0.015009720093158756,-0.007766655767120835,-0.0019329298261993434,0.2186537603597094,2.567004131200548,-2.536580918922763,-1.4378967957916198
-0.009219732601468413,-0.015038033509910268,-0.008038845520713912,-0.0012447621513050286,0.25242889762146875,2.1394479180184516,-2.9108998402765884,-0.962902003567149
-0.009199511051627626,-0.01504275250419525,-0.008018698781681391,-0.0012725925337299722,0.249891324352254,2.1524643912020562,-2.890975047249715,-0.9827525955253552
-0.00918041493931607,-0.015043716692551522,-0.008006089028394657,-0.001300636093748331,0.2483926020216687,2.169432134085247,-2.875614942297137,-1.0029305591940891
-0.009162800094148882,-0.015040922421599169,-0.008001206782611141,-0.0013285184337187563,0.24792056546230504,2.190160168290658,-2.8650253338229064,-1.0232011871926792
-0.009148479430489478,-0.015035745557613353,-0.00800255262813286,-0.0013528761235575852,0.24830363846976708,2.2111585862083762,-2.859203133417421,-1.0411037514089139
-0.009104446361835057,-0.015031178875704652,-0.007984382793333153,-0.0014208828238557287,0.2463212288092683,2.258493956009863,-2.8289575592256564,-1.089966643432977
-0.0091339372098219,-0.015039760287150821,-0.007986314585019477,-0.0013720588333065555,0.2462527397247183,2.218864435557522,-2.8438255746708863,-1.0544915504099743
-0.009117471061428734,-0.015042455042566913,-0.007971285883967831,-0.0013947418116718525,0.24425430846772075,2.230073829850434,-2.8282293753218557,-1.070382424141917
-0.00886367233078011,-0.015004095845340872,-0.007865913547674762,-0.0017856632473473607,0.23178361559653654,2.4989981835597974,-2.645349199764979,-1.3436163008073017
-0.008839463212769726,-0.015005119046297885,-0.007845154156969644,-0.0018184833341664756,0.22900113196569793,2.514974613943576,-2.6220769765567122,-1.3649924831288347
-0.008817829145026022,-0.014998847435387623,-0.007839203095222834,-0.0018533147521974985,0.2282605332089904,2.5404627137583904,-2.6069171435735754,-1.3887731440663862
-0.008778707716182855,-0.015014022085341187,-0.007780541670398193,-0.001894370867897722,0.22042576169869801,2.5428909745729666,-2.5579759341802575,-1.4125652095744117
-0.008801964003278134,-0.015014532519798493,-0.007798491409401415,-0.001862423211781852,0.22308773194207304,2.5262622865088487,-2.5794613756816713,-1.3919216685153275
-0.009071968918013616,-0.015025431686996358,-0.007974578730894561,-0.0014722931011020499,0.2452913864356898,2.2961946932205737,-2.8081725187297164,-1.1268058427750705
-0.009087913850731119,-0.015036894454174816,-0.007963335231897914,-0.001441616611349034,0.24339895577971987,2.2649645964726495,-2.81007740154296,-1.1040821865535368
-0.009052610292853766,-0.015034358907381341,-0.007945398250698857,-0.0014947757522847862,0.24139736784460333,2.2998327122408426,-2.7836655594604856,-1.1416448168768314
-0.009033980463001544,-0.01503945788042145,-0.007923703157670249,-0.0015184154352236609,0.2386189057071891,2.3082245517965116,-2.763437771460767,-1.1575002320875711
-0.00901706804508776,-0.015032998205853628,-0.007924324631353466,-0.0015471297352971463,0.23891447025565762,2.3323484585695504,-2.7552965883189278,-1.1781767670637546
-0.008969078110726813,-0.015033797817348832,-0.007889802566875563,-0.001615272962619481,0.23452445747298042,2.3708302740178393,-2.7136368294960636,-1.2248956725875415
-0.008993653889754262,-0.015034317020161198,-0.007905943464981175,-0.0015798588634736912,0.23658468379902495,2.3499240722639327,-2.7342534010712534,-1.2005753911271029
-0.00887468420555794,-0.015030984577195955,-0.00782593239251004,-0.001749768268583165,0.22641432831948435,2.4483250906293645,-2.6328716523883045,-1.3156035322483677
-0.008893705354478258,-0.015027034095644745,-0.007847367231602216,-0.0017263174553027699,0.22929779337991235,2.440246603088422,-2.653308876274751,-1.3006112806043901
-0.008940158234539423,-0.015028236487676159,-0.007879347239179553,-0.0016602271968462407,0.23335171932319027,2.4024942453660816,-2.693466310176142,-1.2561327094749475
-0.00891186613371822,-0.015032237100018594,-0.00785145743284803,-0.0016970976354192585,0.22965405543238335,2.4183496676497316,-2.665042018637651,-1.280354691940743
-0.009681914943963732,-0.01504798128509467,-0.008199984046722897,-5.166354809015924E-4,0.2663899220380708,1.6119240708812927,-3.1746721095483292,-0.4116041333098513
-0.009713399213859464,-0.015052059213086562,-0.008198760042384812,-4.650477467499704E-4,0.2655699073592153,1.568579104039663,-3.183090131455927,-0.37138219615179185
-0.009697161202813944,-0.01504973660073223,-0.00819991515540154,-4.916942744311163E-4,0.26607341795332656,1.5911912768537617,-3.1791151490088194,-0.3921547668537744
-0.009666322090517808,-0.01504767496590421,-0.008196926826987935,-5.417928828705521E-4,0.26628874298677885,1.6313454690401883,-3.1681035345397235,-0.4312066929438698
-0.009633896962480402,-0.015044741302712153,-0.008194559751099848,-5.946213559670766E-4,0.26662110105428116,1.6740809145543134,-3.156693085411467,-0.4722350267067405
-0.009649859392124838,-0.015046953207609346,-0.008194298857591917,-5.684245237180962E-4,0.266239195178641,1.6521979782016551,-3.1614678674607894,-0.45191351809159075
-0.009531651974146719,-0.015054560406401041,-0.008144620740945989,-7.5454331213532E-4,0.26181230313686626,1.7830912947262474,-3.0929041222098443,-0.5955648503194261
-0.009547904034406814,-0.015056080027438482,-0.008146977715413575,-7.283500244259144E-4,0.26182505703435877,1.762439702568628,-3.099798743189698,-0.5754761060101455
-0.009563851501871766,-0.015057194128588768,-0.008149847131868603,-7.027492151847817E-4,0.2619222039484379,1.7425363114773214,-3.106827658339506,-0.5558098906764668
-0.009624614340421823,-0.015056051674272024,-0.008169733265444328,-6.064617868531245E-4,0.2634461733313407,1.6720976971143344,-3.1384673243783503,-0.4815338861562739
-0.009579685023666788,-0.01505819375371411,-0.00815272623702003,-6.773419107704262E-4,0.2620010601361485,1.7228044363005377,-3.11375375885774,-0.5362579659057515
-0.009611117885454884,-0.015057571602400172,-0.008163044664999937,-6.275602067329906E-4,0.2627876996075477,1.6864133097481806,-3.1301219201068524,-0.49785944248167563
-0.00959559045210997,-0.015058550733636713,-0.008156711923616744,-6.519826824949331E-4,0.2622334617445073,1.7036560766601305,-3.1213103450536615,-0.5167150141773277
-0.00815078580579672,-0.014895677242032926,-0.0073524269669798595,-0.002775665740132245,0.1572318643609304,3.007378053048495,-1.9690245538654565,-1.9310761382055264
-0.0081157523914297,-0.014891651660620816,-0.007318020044425297,-0.002817271059789328,0.1520957670646577,3.0194362914410924,-1.9317669797350565,-1.9504330385611455
-0.008077443385711336,-0.014885601252584724,-0.0072822095528762435,-0.002863972156153555,0.14663862821556586,3.0343498426068867,-1.8914089607636975,-1.972185315045172
-0.00803415199907896,-0.01487477580590268,-0.007246672880867964,-0.0029206390679243277,0.14096004842023577,3.05664147062345,-1.8466126832823073,-1.999301566256335
-0.007967874042384677,-0.014845796481331745,-0.0072078492095716375,-0.003021043268493571,0.13388421062823117,3.109152694375475,-1.7794430272170787,-2.0501409583218195
-0.007988280453724577,-0.014877475574033764,-0.007187798097197024,-0.0029626971171532973,0.13282751182850835,3.054321482854182,-1.7959590947132564,-2.0133794685125745
-0.00791073119803222,-0.014804862779204188,-0.007194057904535644,-0.0031267678082299334,0.12948797443950952,3.179361767017277,-1.7217315323881264,-2.1072510854216264
-0.007877829442879687,-0.014804806429587165,-0.007152330295446643,-0.003157531497623993,0.12334376471312329,3.177257157272704,-1.6850671919619793,-2.1164039567972543
-0.007855445121066191,-0.014818379845394228,-0.00710534058921799,-0.00316071779565152,0.11791598192219019,3.1517088557018584,-1.6590738371065352,-2.1091344667969776
-0.007928760087273602,-0.014842858569978223,-0.007163705652973501,-0.0030621279399111138,0.12743241100111088,3.1137825551100504,-1.7368074750859284,-2.0653445617593764
-0.007822494322043396,-0.014812775963305049,-0.007070887552590724,-0.0031974146926920864,0.11246438159468157,3.1580947477167247,-1.6233841387293186,-2.1226055295789146
-0.007776915351733776,-0.014798990690935985,-0.007030416691843102,-0.0032550295692207335,0.10571081889880427,3.175687733156896,-1.57451150978185,-2.1456493620160035
-0.007728052292057195,-0.014797469068800086,-0.006968841851222154,-0.0032984031793036397,0.09725765441904383,3.170239719850176,-1.5219093602065286,-2.1560852344296957
-0.0076863624630624785,-0.014790430766969134,-0.006923171243653019,-0.003341820573367091,0.09031429213159024,3.1737923777334967,-1.4773144459670833,-2.1692715361974817
-0.007647270986382809,-0.014780442540860061,-0.006883989387704404,-0.0033861717931809366,0.08414538121353908,3.1815032588596286,-1.43556353017854,-2.1837856780145386
-0.007616898412577399,-0.014765969191650855,-0.006861270778284345,-0.003429048655651722,0.08009112699838995,3.19760729661929,-1.4026764818318922,-2.2006156523724876
-0.007547270350602842,-0.014752926637934361,-0.006783217967126103,-0.003498734806303835,0.06868973367443719,3.198713462036771,-1.329142427732503,-2.2180422895957004
-0.007586318505521421,-0.014774008540828143,-0.006810688710202464,-0.0034415124377791275,0.07404437793588452,3.1761106572484925,-1.3717257258711246,-2.195720835087069
-0.0074921419909501005,-0.014748272948375152,-0.0067139189426043,-0.0035443443460414295,0.059195041718361575,3.1883030585727137,-1.2725631776675843,-2.224435580917308
-0.00751177039667634,-0.0148005033724992,-0.006680504765359796,-0.003460531227737543,0.058947568566290375,3.113127204902101,-1.2997759349604656,-2.176112128696241
-0.007444338967772878,-0.014749501138843532,-0.006647588632720448,-0.0035753319272886137,0.05058923636238039,3.169675874914659,-1.2252769244000532,-2.223893396113805
-0.007346900926897415,-0.01473507856350692,-0.006530233010803215,-0.003657598450779728,0.03466818879300925,3.1538893109315485,-1.12838432569199,-2.234115203316202
-0.007395821758996934,-0.01474546165900563,-0.006585987575673386,-0.003612647505556363,0.04249484719337504,3.1577608419160903,-1.1773416904951055,-2.2268502307780356
-0.008461826008618185,-0.014972903394780449,-0.007563769623877587,-0.0023382825135797518,0.190089312007139,2.7841580880548524,-2.2693630051687887,-1.6875834420095692
-0.008353680355686934,-0.014948433038841526,-0.007493290492193523,-0.002491610248415027,0.17944931631217542,2.866364745750331,-2.168053989808882,-1.7766075001902137
-0.008329647983514937,-0.014941986307165707,-0.007478254795189419,-0.0025262098020663363,0.1770582268874408,2.885139514347035,-2.1453852577523986,-1.79636315127496
-0.008214450166214596,-0.014891113225264922,-0.0074318603356198385,-0.00271183429267069,0.16848484233933614,3.003549368416987,-2.040883258463442,-1.9044753447914633
-0.008181853013990216,-0.014897117289895298,-0.007385723657636183,-0.0027406656659299043,0.16205522790757257,2.9995855361917125,-2.0027524693817678,-1.9151666328516386
-0.008241073812136573,-0.0149110896943191,-0.007430721494063034,-0.0026599989255745027,0.16900946014132676,2.9627633540585094,-2.0625879382948438,-1.8726839948276395
-0.008301991135018892,-0.014933517721606976,-0.007462147267088639,-0.002566925155467435,0.17447980895948903,2.9079880707991173,-2.119454161325155,-1.8196086344807638
-0.008271666000214445,-0.014923458254675235,-0.007445112215996824,-0.0026121593040147532,0.17163641347182865,2.933711879855465,-2.0909088097558204,-1.8453230566410788
-0.0081670993535146,-0.014929361828075811,-0.007320277978784648,-0.00272006011913509,0.1543128495230297,2.9467141038329854,-1.9757841340498536,-1.8927403775728049
-0.00840165898373805,-0.014962669286189082,-0.0075199845769841475,-0.0024206190782616976,0.18366639183529332,2.825190595633275,-2.2119070879249167,-1.7349984414559911
-0.00843143138338332,-0.014970705284174976,-0.00753707992010538,-0.0023770733464895627,0.18628362458965964,2.800243906439736,-2.2388664028765426,-1.7093511480714223
-0.008377262875306508,-0.014986213345872539,-0.007457388882324847,-0.0024252307613033025,0.17552491826547997,2.794747146586502,-2.1745329133064697,-1.730282291195884
-0.008358591535402518,-0.014973423585728066,-0.007458600028277957,-0.0024599567885767596,0.175460785426127,2.8225359087690007,-2.161281158648865,-1.7522982981629753
-0.008724752269652367,-0.015014089006022092,-0.007735578246498503,-0.001966492239341079,0.2146674098586223,2.5778423099803636,-2.5065668076332037,-1.458181426454369
-0.008693470578361987,-0.015009997395690198,-0.0077159652781798455,-0.002011246343342842,0.21178809728014272,2.6037794326067893,-2.479363726692544,-1.4868816161488865
-0.008639995574922394,-0.01501060704083822,-0.0076680660173911825,-0.0020801879387108064,0.20531017979374022,2.6340325831133,-2.4266410558068325,-1.5289173994325247
-0.008664270281612468,-0.01501824365318588,-0.007676401467746689,-0.002042144876317223,0.2065816819506025,2.607793775866625,-2.4451060096770445,-1.5042081059863486
-0.008614864847474585,-0.015019586400746224,-0.0076303636134624,-0.002104277051821484,0.20033821585845565,2.633343546394715,-2.3958590329683873,-1.5414411864995736
-0.008502080714042477,-0.014999097672530583,-0.007559885211809422,-0.0022637974988422116,0.1902144845953612,2.7228768439647415,-2.295819107964163,-1.638892467815335
-0.00847527163379825,-0.015002403339070177,-0.007528629048069974,-0.0022931463570357124,0.18604647529623938,2.729302344165134,-2.266693477866966,-1.6543918042845542
-0.00855548537869089,-0.014998648663361643,-0.0076111884450415284,-0.0021982403006301793,0.19737351307506998,2.6982291754442778,-2.35023411493856,-1.601504115363294
-0.008583579249516504,-0.0150118492274441,-0.007615042656557998,-0.002150819621598103,0.19801013414759927,2.6624272411940235,-2.369995199095882,-1.570716222708871
-0.008534711336027232,-0.015020916493202389,-0.007554741548060002,-0.002203176383552295,0.18996303287736133,2.6720924079378827,-2.315643177363122,-1.5989515310320195
-0.00851602097243336,-0.015017674417958645,-0.007542546406373428,-0.0022291145424197683,0.1881893597274287,2.6861421963855,-2.298972103600739,-1.6144823782372053
-0.006997952762604265,-0.014591847799111539,-0.00617627632173148,-0.004039826595964421,-0.01971259810966111,3.175789209399429,-0.7695121029978119,-2.3035789526525963
-0.0072973196912284495,-0.01471933575351775,-0.00647845491545952,-0.003709052062532328,0.026921914360209732,3.1560429248418633,-1.0779848531085727,-2.244626410681644
-0.007245846457369908,-0.014694459921444424,-0.006432230766169666,-0.003773041018536726,0.019161072092291623,3.1686682950608334,-1.023520779624912,-2.2612945342104886
-0.0071874070021123474,-0.014688436784583994,-0.006356753940657698,-0.003813204743899353,0.009699808059453514,3.14927348845756,-0.9691825600618221,-2.2594123462939013
-0.007134339432843265,-0.014674835999978555,-0.0062955741520924055,-0.003859430348802723,0.0015057792187780136,3.141085418824734,-0.9180344120353451,-2.2630598470694037
-0.007076914908840364,-0.014663906804861,-0.0062252515226528865,-0.0039025830535294585,-0.00780449824766164,3.1252415694491664,-0.8650917292420698,-2.262200793286637
-0.007022142848893631,-0.014640353041722962,-0.006169096930176566,-0.0039605535911526706,-0.01615194301726531,3.126019581269626,-0.8105642319445243,-2.2701937022957224
-0.005574848956400667,-0.013856105342336443,-0.004456098424834215,-0.0051943107263922456,-0.20354747941876059,2.6613025725683612,0.4029541501091116,-2.04697094894763
-0.005468673703189316,-0.013825950402197088,-0.004317848669810161,-0.0052108729082352935,-0.20708172219757578,2.587070229263946,0.4368713208192717,-1.9997699870539738
-0.005346458507139459,-0.013805812165466853,-0.004161889079231338,-0.005208207574402937,-0.20977760704514356,2.5000753796093282,0.4611855285921331,-1.9449860810683786
-0.005793573100406846,-0.014043460389309337,-0.004728530975640463,-0.004978043016153583,-0.17945996486272994,2.7516586759142565,0.22033119320387537,-2.1099304794307367
-0.0057031911220475524,-0.013974072290248418,-0.004617083737858906,-0.005059629600625552,-0.189438409463087,2.713664245445023,0.2915606197640222,-2.0846267944379933
-0.005612640223397001,-0.0139357105999676,-0.004500531489492377,-0.005096081180951615,-0.19478969096305113,2.6590129267945954,0.33618135231234425,-2.0494292386145867
-0.004898969548692671,-0.013339198233294602,-0.0035542788903897495,-0.0056307479238837535,-0.23564252153083684,2.245037990218964,0.786468926659816,-1.7492597768967821
-0.004765752870179336,-0.013258385632198489,-0.0033804615534722307,-0.005669212638546125,-0.23566148749818297,2.1523744435413845,0.8250082833607938,-1.6845154246129297
-0.004957029818375393,-0.013488473499030953,-0.0036549300223116016,-0.005478899160181592,-0.22810868739092813,2.277487240196559,0.6856937728053922,-1.78249740223513
-0.005065306220976821,-0.013620832218279052,-0.0038040435135173398,-0.005358079672018652,-0.22059866975122736,2.337371474383208,0.5980565411252537,-1.8304411950648685
-0.0052253333454573975,-0.013738392917754878,-0.004008792374058954,-0.005261461469225863,-0.2139761397570308,2.4285596179153663,0.5145970659273483,-1.896164237202822
-0.0052750800394166355,-0.013866728276924098,-0.004073935356565458,-0.005116165495428872,-0.20414224703264433,2.4307834173291694,0.42173398109253657,-1.904208269552488
-0.006776753299443115,-0.014513325724202546,-0.005919658534068298,-0.004233395508802146,-0.054394568686386695,3.1290060651439293,-0.5609547753934021,-2.301263724850244
-0.006936784336630493,-0.014591040978153369,-0.006089578568838897,-0.004065902199527397,-0.029414887809938017,3.138736934644078,-0.7204277344021031,-2.2891385311393098
-0.006870437615962496,-0.014585469582314511,-0.005999744333230759,-0.004098873718527857,-0.03914859859148837,3.104268719043897,-0.6670578069526979,-2.2761335692574622
-0.006803078976617513,-0.014575930785857658,-0.005911668533545973,-0.0041356948499868575,-0.04904060058356894,3.0724958928804518,-0.6131850589557438,-2.26415604256599
-0.00648733682973304,-0.014430557283551658,-0.005558076590457174,-0.004421523995152423,-0.09450761151233487,3.0090485700357976,-0.3281414926713455,-2.2518128516059535
-0.006711518615034326,-0.014505999762098876,-0.005831115122410745,-0.0042630854389630315,-0.06338678653797246,3.0918024973300073,-0.5118070785597667,-2.2849268650243335
-0.006657323566712656,-0.014485739812290866,-0.005767035816345053,-0.00430646347227398,-0.07188118153519198,3.07610681832141,-0.46455921108319453,-2.2799719099226974
-0.006554255972354464,-0.01446953441003846,-0.005630431927380387,-0.004353339363555846,-0.08503085789850047,3.0189283397810844,-0.39095237605727085,-2.253353451642564
-0.006609439070654565,-0.014498533937467712,-0.0056907531021221066,-0.004299939152339446,-0.07648462058961673,3.0281248154688982,-0.44182335597145184,-2.2546537468839536
-0.005801011619584415,-0.014154609215752494,-0.00471631307625515,-0.004829814633572322,-0.1689298583540719,2.6963552458571,0.13646420617300484,-2.078839793156036
-0.00590041505825205,-0.014196001067734798,-0.004839013059317525,-0.0047806829133871685,-0.1610287687475249,2.747195799733888,0.07971454289468616,-2.11007861053545
-0.005988878817087424,-0.014256403393131415,-0.004941024835989954,-0.004701877179673598,-0.14966152348054215,2.7758801255858643,0.010043342599919411,-2.1269887698207612
-0.0060689130897166,-0.014288221660829123,-0.00503899814385354,-0.004658647083523426,-0.14293505021721,2.814039083850329,-0.039566953660248656,-2.1493219048823637
-0.0061511687207431555,-0.01430525414176422,-0.005145592334328721,-0.004632818043159689,-0.1350312978326822,2.8639344181737147,-0.08345824325274372,-2.1777238025469754
-0.006199275500838323,-0.014377590033082175,-0.005182603407268879,-0.004530806668844803,-0.12628787864214908,2.8434993224233485,-0.15116954433638505,-2.1642257583753124
-0.006358911134077622,-0.014402316398452701,-0.005391952598272361,-0.004480636725015843,-0.10985381262968937,2.9401264668873743,-0.2418989011672473,-2.216694507043485
-0.006280484487024073,-0.014398295074816752,-0.005284993883143531,-0.00449519494547733,-0.11754224906703516,2.8859704161492874,-0.20136684753845932,-2.187056921652602
-0.0064062670685780185,-0.014480813477977833,-0.005417511647522403,-0.004364982392839913,-0.10067895254325053,2.9032426919626877,-0.31496349623301517,-2.1917385859354046
-0.013653392602975318,-0.005332826558497202,0.005399146310138423,0.004138893672303298,0.4473246540662737,2.6797788941237286,-0.07928949514639737,-2.061377725426444
-0.013722607659145592,-0.005415808836080886,0.005333323377714325,0.004249559749142143,0.4456798053227794,2.7113148748419116,-0.007368479345690368,-2.0809217364156356
-0.013829585009781717,-0.0054530563095473985,0.005204092777571087,0.0042989355348917666,0.4294391402760187,2.6795541800398675,0.06921455453445365,-2.0627028718662888
-0.013962118696777706,-0.005510188023459527,0.005045143423721722,0.0043664734438030395,0.4117928625323461,2.6431577111624613,0.16430690446264104,-2.039360172261287
-0.013667267322166568,-0.005202984733587263,0.005344255446133141,0.003977068477709723,0.4310003194263296,2.568966611701138,-0.11199699644339543,-1.9950026131560368
-0.013362017905402469,-0.0049778659431538655,0.005636560490420832,0.0036535197594102296,0.4488276986861056,2.5033918678347757,-0.35153118563936886,-1.9442431357974022
-0.01351563700786116,-0.005019835857424599,0.005469761471610456,0.0037353506491832884,0.43272546127236117,2.487990166995148,-0.2489949736224996,-1.9396354665261526
-0.013653583042662393,-0.0050682974946296725,0.005321316353418323,0.003812854417290594,0.4176009153726005,2.473295437998256,-0.15658403560490933,-1.934922443666041
-0.013623756166605083,-0.004950533243080038,0.005320927913301369,0.003671114166073792,0.40818546024104013,2.399340741238201,-0.19952141324547273,-1.8886615356603802
-0.01333550236018667,-0.004807766091904288,0.00560100534582767,0.003450247485845937,0.4283504436723406,2.378253486308498,-0.3911968499839724,-1.8639972743155087
-0.013280797278031466,-0.00466244152801259,0.005604253437134432,0.003274397510345337,0.41431380474027807,2.2831388501161864,-0.4369763012576365,-1.8008974897753747
-0.013167893156005582,-0.0045486951750932855,0.005678268227090658,0.0031180919424169933,0.40924594513158313,2.220289396751337,-0.5074043343231825,-1.7549283081154734
-0.012641772273063664,-0.003770056127131583,0.005818847379947625,0.002177444649934533,0.3305656480853291,1.7373266591876544,-0.7229827981306739,-1.4042221809931568
-0.012823338730315709,-0.00410816290150866,0.005820101195556363,0.002551189986168177,0.37171039592436306,1.9439196221025004,-0.6805502042517104,-1.5520017858526176
-0.012755450399264746,-0.003914973795447245,0.005790660874073474,0.002350212188226525,0.3486668255759338,1.8275777113261806,-0.691085297782188,-1.4703616799471968
-0.01318627551571853,-0.00437905275756304,0.005589842871635137,0.002949869148220125,0.38433753523992564,2.1057220216515726,-0.4991709769664445,-1.680946135547419
-0.013158758353213663,-0.004228229968542214,0.005556723659616117,0.0027926638159026206,0.36692487917576355,2.0159608826584305,-0.5122374193974886,-1.6200406381774919
-0.013025988129938732,-0.00412117656249107,0.005638889453171683,0.0026451396740697374,0.3611451939142616,1.9566975339163812,-0.5754908652907594,-1.5736290408014462
-0.011194789364415163,0.0026826017908821963,0.006122153197902287,-7.45520105689671E-4,0.18768457447127973,0.8451969339035569,0.9064949130968403,-0.6830397036527919
-0.011480841848800591,0.0027921989836044883,0.006064293387268434,-9.483291157030544E-4,0.20824866026682656,0.9964047177505265,0.8801469783694721,-0.8143303339672919
-0.011766037500578029,0.002859820448600881,0.005963096349957846,-0.0011330889213113833,0.22582863100324405,1.125084386914171,0.8262743164446883,-0.9271142920829388
-0.01204721853889144,0.0029445910805788456,0.00585018749584664,-0.0013201841226340193,0.23974267451057787,1.2454708717827883,0.7663790517100751,-1.0314189317530131
-0.011024725264127259,-0.002678388241618286,0.006175461144324475,6.457022027997473E-4,0.17772515402346414,0.7663320706134336,-0.9404880547279114,-0.6109885147172517
-0.011349130386558198,-0.002888115601593818,0.006167536881591976,9.127724082100892E-4,0.21058859849307637,0.9695907988167914,-0.9509126042860948,-0.7798270926366861
-0.011655703993447513,-0.003009174750292891,0.006090716638069717,0.0011474804101845616,0.23566417227625472,1.1341038431570336,-0.9100236035638235,-0.9200133177448152
-0.011890826584484985,-0.0031926907567175955,0.006057928969739172,0.0013805613925470803,0.2616818329456346,1.2869487866131644,-0.8931148127587906,-1.042811708972482
-0.011081841688958845,-0.002344192092986423,0.006003505226772518,5.771107974430834E-4,0.15890496791759512,0.7182266346749563,-0.7946706359175916,-0.5942937714617449
-0.01112341329915425,0.0023838168092569327,0.00600791488175068,-6.098736088451594E-4,0.16482018936787404,0.7446864801483865,0.8031346775710003,-0.6160466810867553
-0.01099222237497109,0.002028696428691672,0.005902696160837211,-4.499291534636257E-4,0.1401977465423684,0.6240325581534688,0.6874191849062986,-0.5295636066750723
-0.010752271764284399,0.0016299402201074903,0.005821685081954735,-2.712562987364975E-4,0.11580599790664402,0.4725133252900263,0.5628647580929393,-0.41142761928120514
-0.010917199310081796,-0.0020336282401276903,0.0059227713275981095,4.189146029713497E-4,0.13736958636968802,0.5935487302125394,-0.6982849122312926,-0.5017792181034454
-0.010880497044325943,-0.0016122998784972248,0.005791164048268224,3.1108765154702584E-4,0.12076662085881652,0.5226671412019823,-0.5451974697804403,-0.45844131980169983
-0.01082054793418128,-0.0012789798428329633,0.005716617463116394,2.2691844738770636E-4,0.11014630546407125,0.467375597971858,-0.43048038271981826,-0.4200461465283361
-0.01056692659693373,-0.0010308399821949506,0.005704831384370814,1.2693484593886292E-4,0.09561187348887579,0.35226090275383787,-0.3553248097598163,-0.32193938831898533
-0.010191024688407564,-7.279135111959796E-4,0.005688230956950757,3.119158468255581E-5,0.078474565009767,0.19388893603372812,-0.2568384495054774,-0.18039304689110994
-0.010261083715806453,-2.388499605149523E-4,0.005641354225936434,1.3617178757193167E-5,0.07786062629289286,0.21216881867020324,-0.08344557919445617,-0.20443750847567807
-0.010543649210704439,0.001167301914899835,0.005734991086098131,-1.3895725371486055E-4,0.09669753466951711,0.35096163342211056,0.4058512402322338,-0.3166640635084414
-0.010348008342156654,2.6095028809266705E-4,0.0056365379772019795,-1.985981939255024E-5,0.08086714280518327,0.2451052068504517,0.09056165242468321,-0.23508106236227774
-0.01045502897871922,7.290662418145242E-4,0.005669153049459277,-7.202705142253072E-5,0.08768813572823075,0.2958385330862359,0.25218973255976734,-0.27634246743943475
-0.012153455316830304,-0.0032420291946084704,0.005922722322639789,0.001552719507689813,0.2722000792307087,1.3873230051311845,-0.8132957500555459,-1.1322405184573405
-0.012641671987620963,-0.0036103302812833765,0.005746347565812375,0.0020500344251320173,0.31290776600233194,1.6567269946243435,-0.6965595178002583,-1.3499300333422604
-0.012347196838493512,-0.0033548571546709034,0.005847054127879298,0.001724756764724323,0.28536097526929183,1.4844646397459185,-0.767138936392134,-1.212730300894874
-0.012518099453826365,-0.003468565825707866,0.005776736804851731,0.0018869204119743826,0.297191355879925,1.5704032060783077,-0.7229779612983461,-1.282458292322955
-0.012331003057451743,0.00306999346054342,0.005732116703331868,-0.0015280316731763478,0.25557562335045975,1.367083066458205,0.7059101111534801,-1.134229339518695
-0.022419701370812395,0.019646751543513464,-1.517563215898576E-4,-2.72612300688359E-4,0.08700984696220022,-0.20542717679891823,-0.08447180599960379,0.2105800881314268
-0.01956716137404288,0.01712402487185205,-8.865220292493739E-4,-0.0013313392258752891,0.054234010854327865,-0.5542746428492139,-0.1441183481420293,0.5930038913149384
-0.020420305983255088,0.017875256592247507,-5.991452967606799E-4,-9.295108303601789E-4,0.0626677455891854,-0.44131899488986676,-0.12166136252340594,0.4652272485040472
-0.021361798563362913,0.018740387626115566,-3.469671878441642E-4,-5.654067440404499E-4,0.07444287115827326,-0.3248582182738781,-0.101560970621752,0.3380586113270739
-0.01917309321318023,0.015571651151953081,-0.0010737024311133986,-0.0019809877969265088,0.06412917862253624,-0.6502522431645964,-0.2868675518371006,0.7104666153888647
-0.019792688461177765,0.016169571307375216,-8.539327798476423E-4,-0.0015752504587172214,0.07076623780922264,-0.5622297897857956,-0.23547483665381638,0.6061604137391409
-0.018699555064542784,0.014286809035055267,-0.0011994030256778168,-0.0026739187467234036,0.06630202483293123,-0.7165055494427993,-0.47034647700136645,0.8047240457978344
-0.019302129335420866,0.014836940334637887,-0.0010073820508533155,-0.0022028169935650274,0.07032321455309297,-0.6339424334932408,-0.3803862288984708,0.6986348373487329
-0.018422837765125554,0.01317260247542734,-0.0011390972341778023,-0.0032711173872553806,0.06877027604501428,-0.695527830005746,-0.6895828219827359,0.8108881337789012
-0.018467051087291225,0.012722009670911494,-0.0010151967625127822,-0.0034133492472626184,0.06929342747937685,-0.6323658230244708,-0.7723528319179284,0.7513603531298639
-0.018822150549811973,0.013417106379813287,-0.0010343794451113245,-0.0029508506128706528,0.06954304485821118,-0.6455708922825439,-0.612550044478194,0.7402579009158662
-0.018959853543871648,0.013786911759243245,-0.001039542159324837,-0.002742620279893986,0.06934549302972114,-0.6502775489282329,-0.5432995563349439,0.7352119035049463
-0.018166569585420983,0.011989731265454695,-8.898091876557783E-4,-0.003869071404246923,0.07070303657109668,-0.5611953734695864,-0.9614836970345665,0.7077481266142485
-0.01855847960268001,0.01228554905959473,-8.643130771087249E-4,-0.003498608283771991,0.06791367039193054,-0.5492167040448012,-0.838464006904532,0.6687310425023146
-0.018188255827989344,0.011559647516867446,-7.194042863620842E-4,-0.003974931369478979,0.06861758971581765,-0.4595388198307097,-1.0338271100585301,0.6086633217157909
-0.018186910073250604,0.011128490281645012,-5.402672891152778E-4,-0.004071773097175658,0.06807206394789585,-0.34548315857915163,-1.099488489183306,0.4991871296782064
-0.01800529340655723,0.009893056055933224,2.9771776012132178E-5,-0.004334210312009906,0.06450897842337829,0.03369817796708081,-1.249703948098211,0.1390749842341875
-0.01809758482714628,0.010288647709083786,-1.6442241084559206E-4,-0.004248720287005987,0.06478294275671383,-0.0979812705396171,-1.2065995944950785,0.26243243992126786
-0.018162829663347306,0.010707632517928846,-3.5641187523893005E-4,-0.004157322084305216,0.06552024021494308,-0.22662488478767048,-1.1549496946474358,0.3843539939842022
-0.017276110500187018,0.00924197415819551,4.75775143208916E-4,-0.0049573178461866175,0.0850257839602846,0.3396770525803325,-1.5077756732634926,-0.08468792402683893
-0.017197220512828182,0.008969686274054615,6.666317979508134E-4,-0.004974471351811271,0.08980606113818539,0.4691901835885527,-1.5089544305251685,-0.20606406215194575
-0.017571274604542324,0.009363308564094458,3.52522540746674E-4,-0.00468864723619035,0.07552113162060066,0.2536834530773317,-1.3951787865731242,-0.03724836324695493
-0.017899906028088337,0.009517818054382524,2.2796338816741862E-4,-0.004404604924601104,0.06514966373064883,0.16825794238037448,-1.2809077845662398,0.01356947938150318
-0.017273035377470155,0.008699671496424363,8.088352308331417E-4,-0.00482242125111862,0.08496373190119523,0.5635574176771475,-1.432697424365988,-0.3152271702085479
-0.017244709589034107,0.008418514428588323,9.798687959308753E-4,-0.004753121310769975,0.08727257847553029,0.6723134679320041,-1.3872653957628396,-0.42705180856100483
-0.017190052413871542,0.007913480790647366,0.0012703780058918018,-0.004590916242741594,0.08893574991965093,0.8485851325800166,-1.2817989617005001,-0.6107219127948578
-0.017284895931933306,0.008159480132753177,0.001104148664368794,-0.004615813984799685,0.08408747292305956,0.7474119722663323,-1.3135330908064302,-0.5137303459059893
-0.017468370927321415,0.008266355991968219,9.78400335395014E-4,-0.004497462071308155,0.0763548950636245,0.6647933122529724,-1.2773161809126694,-0.4507768265560285
-0.016441620233894616,0.007199171405148221,0.002055776346421978,-0.004802624227275627,0.13421510835489467,1.3259149383194486,-1.2494357599181862,-1.0072843262922822
-0.016773316028859803,0.007563026302240059,0.001665084792525468,-0.004762993251574547,0.11219258760109492,1.0977519498339676,-1.300401881486943,-0.8119181945392716
-0.01666958235111828,0.007314069492174772,0.0018491479745875983,-0.0046957816344169205,0.11999871823734296,1.198194143762988,-1.2379048830074044,-0.908003225734842
-0.01707827745583462,0.007623470251043806,0.00146665690051344,-0.004541618442820752,0.09398210780387102,0.96427893866037,-1.2324434841474934,-0.7203309132857476
-0.016008523118003364,0.006218811136718219,0.002758057004667804,-0.004336405829986525,0.17173230073890092,1.6209708700765084,-0.8866031456197402,-1.3013173289565378
-0.016205669111753928,0.006362000627389566,0.0025543958191885864,-0.004336028885614998,0.1555976807677769,1.523001862039113,-0.9335630874151205,-1.2217501139773221
-0.016379256907152206,0.006879607088114756,0.002238321347531325,-0.0046190692052374485,0.14107261380138914,1.405343526065069,-1.1266433429987577,-1.095210198334861
-0.016355702769563593,0.006579647106664165,0.002366925971480195,-0.0044099452624015755,0.14266132520557617,1.442391739952467,-1.0070650669480232,-1.147873669518219
-0.015654253576308275,0.006041937213530492,0.00311676908375307,-0.0043766400119292495,0.20350471216479707,1.794976755233406,-0.8126389769297112,-1.4373602825068845
-0.015866432413183945,0.006073888657989103,0.0029177326875474132,-0.004291670182422556,0.1830840605252369,1.6865052892166361,-0.8286384791399539,-1.3576258769923533
-0.015490912159604877,0.005794603316564462,0.003319261230082387,-0.004224579610734779,0.21700644540280645,1.848432191450073,-0.6960304700845283,-1.4902250271501472
-0.01501280133903852,0.005185718483459018,0.0038434799218873415,-0.0038044663277461,0.25395034772522296,1.9374966547744925,-0.38943814286321526,-1.581723950546711
-0.015393035070275783,0.005474492365735803,0.0034563867793534603,-0.003961601546106765,0.2222723126141851,1.8363074670233248,-0.5565021083274005,-1.498044559539936
-0.015260015793942011,0.005195777044948328,0.0036050935114435227,-0.003744120306400724,0.22875401292828848,1.8325889311970085,-0.43940769137435004,-1.5063946636760657
-0.012604456229406166,0.003227523739713051,0.0056125699031088485,-0.00175043176669177,0.2708617854773033,1.484380849550501,0.6426128898653136,-1.2308230466954402
-0.01285162888898258,0.003389938420998469,0.005494209526674587,-0.001964450044525504,0.2832753875841867,1.586678447012452,0.576816936621504,-1.3137991271131366
-0.013003932881144788,0.0035665416946623796,0.005440327547654523,-0.00215643935843124,0.2982583384632886,1.6761274809604056,0.5382450316584717,-1.3833505206883736
-0.013731262974589464,0.00407730469295961,0.004965037799213823,-0.0027844893922210367,0.3080877470470436,1.8841163604093263,0.25520421836248625,-1.5509505153885674
-0.013512537255637516,0.003908277281781001,0.005118608077956264,-0.002590074937984431,0.3064984063107314,1.829942177611889,0.34789030662321097,-1.508043449916729
-0.013206483548285925,0.0036098437551131805,0.005289603503729929,-0.002255394946484827,0.29275292694563987,1.7048634934246298,0.46127124412889886,-1.4113000384241106
-0.013396693690511146,0.003688757356080613,0.0051545726046902055,-0.002371732534248476,0.2931420884751769,1.7396385742742315,0.39178896962865667,-1.4418932705006902
-0.014162679716321628,0.004235628287070624,0.004595525673562515,-0.0029730091478008328,0.2866368003860613,1.877395915725587,0.0809044737670513,-1.5523897284464943
-0.014022062609976226,0.0040334558416506615,0.004687603880037013,-0.0027777884252094807,0.2830320632259305,1.8232305792642958,0.15108425327875455,-1.5135782846460406
-0.014870707840624296,0.004950322466931369,0.003983451137634042,-0.0036066027657486077,0.2596571693556316,1.9229891823487382,-0.28271034659943944,-1.577818703617002
-0.014706890561510378,0.004790483390277383,0.0041375793715703055,-0.00347838453790989,0.26942282439155124,1.93025284214099,-0.19740446894663938,-1.586527993597805
-0.014454399689331094,0.004314537730461868,0.004334683317977524,-0.0030468194248030383,0.26713901108287125,1.839977396458098,-0.0240900943193513,-1.5278957579929175
-0.014641635903283448,0.004581223247174178,0.004185800223171579,-0.0032846619986540994,0.26510847210467064,1.8806921287695106,-0.12932895987414708,-1.5549485967399834
-0.023750319045411153,0.019001559223092785,-4.2443772904642414E-5,-1.5180320419040972E-4,0.16253437165510534,-0.11989748824398873,-0.1187610321490198,0.12303890836643704
-0.025,0.018261042029916928,0,0,0.258022397982156,-0.002718419059062231,-0.1317495246137219,0.0037054070049711966
0.005950021418870497,-0.01506102302288514,0.0045770636638516335,-0.0037291661154500665,-0.09723856895907751,2.2344132842054774,0.3752245197248642,-1.7784430154494657
0.005767897757466814,-0.015095232166182217,0.004368032756512311,-0.00371768755440646,-0.1014100419398519,2.148311560247266,0.3223597014071505,-1.725561393687753
0.008284717476513858,-0.01632560341084872,0.005617613547146307,-0.0014885249544623275,0.03950863462326453,1.4097448325355384,1.5428571015267776,-0.9892957428071588
0.00805121674862025,-0.016251576694813412,0.00555698308827944,-0.001698135803333316,0.03213429178496451,1.526976177143894,1.4592605882500298,-1.1025617890882857
0.007819008709241923,-0.01625839941718962,0.005397377928292784,-0.001846009287276227,0.02384555647688282,1.5739951766210198,1.3475571116597598,-1.1668043484886226
0.007597079503060376,-0.016234055281231882,0.00526609363886234,-0.0019968759536500656,0.012222536980168425,1.6277027564881072,1.2471124775343883,-1.2312721143850134
0.006100942155512468,-0.015255845540180292,0.0046425969783633935,-0.0034949671823646974,-0.0810156642093761,2.1670163969657454,0.49163390074104024,-1.7253750383309376
0.006178031230407104,-0.015437260544038295,0.004623705186672142,-0.003292574846608306,-0.06927284509679622,2.0772280330460386,0.5658865828899328,-1.658673916787498
0.006266511313832153,-0.01560809816501359,0.004612509920991153,-0.003103363770998981,-0.05765669864901902,1.9914233019412613,0.6331076078503138,-1.5935517475443677
0.007367530006580538,-0.01614687899411695,0.005175040813468299,-0.002188433213430442,0.002739559685146022,1.7114283390832299,1.1514072647115443,-1.313638394907173
0.007136302789341505,-0.016001272185098694,0.0051155714766757355,-0.002421883340050945,-0.007553268455537069,1.8214490734041355,1.0524033178703298,-1.4117926597062396
0.006886283389558648,-0.015954263233600705,0.004941985159566031,-0.002574202618509301,-0.02061174586447481,1.8481317330190172,0.9346666111677918,-1.4518154523432207
0.006648982067913423,-0.01586499329893357,0.004799725016722407,-0.0027450173085257442,-0.03412005383127307,1.8880787524489568,0.8248390697512091,-1.4978752822225059
0.006428021467408904,-0.015852494211643482,0.004611316991213822,-0.0028309602748475575,-0.04326838529805654,1.8708826915595853,0.730399594508461,-1.4985453991572915
0.006310045692017999,-0.01576373110903411,0.004560103434136124,-0.0029462239985446168,-0.051328072098247836,1.9060511390215673,0.6724019935643722,-1.5309874555565297
0.008369653474990866,-0.016560175810974593,0.005409140792800942,-0.0013035885940415489,0.033859793482064644,1.2395823901349015,1.4939167980349533,-0.8708261302072734
0.009869659274257295,-0.017061022436410313,0.005259837731295473,-7.554987737215457E-5,0.03637835560974336,0.3879000888739885,1.622479085899495,-0.09110259433174452
0.009678222695784052,-0.01696566015909875,0.005351420089273491,-2.2177788696539977E-4,0.03987802763041718,0.5047571845451588,1.6510442241967138,-0.19185901430413463
0.009490443656552975,-0.016972542387037468,0.005320097319157879,-3.5912826460027253E-4,0.037066333474373776,0.5941494575332226,1.6223363050160307,-0.2825553703970674
0.009295558880864871,-0.016871988377848906,0.005396059037754314,-5.203866469365457E-4,0.041280207797706366,0.7167395920482006,1.6354491176392358,-0.3886796199848966
0.009074351900674986,-0.01697587384407119,0.0052300047126111115,-6.545526481827229E-4,0.033950970807326376,0.7772714082051414,1.5414424991912536,-0.4727040255452793
0.008852269426952095,-0.016935297588125134,0.005208110473328664,-8.187026786966121E-4,0.033261428690734875,0.8817115198394241,1.5049588850612903,-0.5726926525409815
0.008485647505880168,-0.016806925159088607,0.005204883784923332,-0.0011118733515556418,0.029799417599129047,1.0720148127274174,1.4465645989834288,-0.7496487435525946
0.008641542717848148,-0.017036934859937177,0.005032687598881252,-9.218673908393075E-4,0.026832682863919797,0.9172578273943318,1.410513773792559,-0.6321394652996596
0.019758340296539993,-0.022010773001798354,3.111061891624452E-4,1.96954733773056E-4,-0.06757638336494275,-0.22804622144979175,0.07731596039777251,0.23516474045884417
0.01904331338200929,-0.021267330483797614,5.260625653134191E-4,3.47416072662E-4,-0.0600573092604362,-0.3152407346154858,0.09475620355407584,0.32786622686961103
0.017252365462673752,-0.019851149171594015,0.0012249527044085676,7.918055830676204E-4,-0.04551018394942908,-0.5124557501623226,0.17303671454515993,0.5468711517977272
0.017705118326669073,-0.020626281252314287,9.278574087837645E-4,5.578747521114672E-4,-0.06371839126133322,-0.42370029529675785,0.15842675411332283,0.447342003876479
0.018225494863166474,-0.02116221277489842,7.013666641461535E-4,4.1152639845189415E-4,-0.07342715609626004,-0.3574370429103349,0.13728843563058069,0.37402679524565496
0.016046854219738723,-0.019388190553836986,0.0017396653163677287,9.91746517567512E-4,-0.042662943134866266,-0.5958549083740309,0.2801225320986449,0.647221563010412
0.016459621947180498,-0.02005428281044312,0.001408820510838153,7.657257260060762E-4,-0.05879756689419047,-0.5140657614405234,0.2463732671875514,0.5522455910220524
0.01538561298063975,-0.019479238741229525,0.0019407207836921994,9.616865403316422E-4,-0.04709040092473598,-0.5873471268126383,0.3578247801177239,0.6434426740188063
0.014850007547066005,-0.01946998524013525,0.0021308503396234553,9.484703571973655E-4,-0.046474832217076066,-0.5788190846861647,0.424829432437955,0.6399108623170896
0.01397427292749356,-0.018534795751038467,0.002882249343981557,0.0012319464535700075,-0.023114488931760078,-0.6734391852348276,0.6036489329349665,0.7714107142833372
0.0143658246628498,-0.01914733699184532,0.0024401512550436158,0.0010330295263956653,-0.03817392311661672,-0.6039833207059848,0.5038538446276696,0.6772476401692318
0.013398881753380651,-0.018642184675281708,0.0030568606821205313,0.0010987108245958594,-0.02321657951841101,-0.6020729475617476,0.6994327030629816,0.7024385910853463
0.011911960550247284,-0.017898420607935,0.0040995023093294185,9.467957776212798E-4,0.0019464914140778923,-0.4338778810691151,1.115533317387703,0.5996645801401096
0.012531139088417194,-0.018372859432438143,0.0035424867842144435,9.967757794004594E-4,-0.012047148000829082,-0.5125789349417612,0.8951478388847071,0.6370708230247475
0.012879656738190326,-0.018745093524085068,0.0031855744007911603,9.56274180233537E-4,-0.021603705989259255,-0.518938083519854,0.7753114792690264,0.62080310897952
0.012076139115004655,-0.018276235275724542,0.003761041751337389,8.862256261062894E-4,-0.007414814034390535,-0.4289473203072039,0.994186931353667,0.5639294343467675
0.012195282938512849,-0.018606563518837948,0.003493265064660806,8.238483124228972E-4,-0.013415559351869383,-0.416185303357507,0.9061647727964981,0.5326522394144767
0.011056224596276525,-0.01782542632931318,0.004391758531609537,5.779717716503013E-4,0.01074231978042879,-0.17159479175233353,1.2656019516752595,0.35546955611698794
0.011476025588093576,-0.017834668260231223,0.004284219676797944,7.771105469929224E-4,0.006898761724400348,-0.30913042683424025,1.2084725648473575,0.48762543890542054
0.009934519454879952,-0.017312718194682854,0.004994606055107602,-2.262372376096884E-5,0.02800554898662212,0.3099071234290278,1.510428966311059,-0.05561199680156554
0.010427756648037927,-0.017593606045658565,0.004698255756947258,2.7236142300436416E-4,0.01957649014493443,0.06908535221472124,1.3964233060447404,0.14586436201942524
0.010644860430207964,-0.017854431892437912,0.004433007768705411,3.639493946946604E-4,0.01333600678013513,-0.024020069539235415,1.2887755921358561,0.20850010450927117
0.010837757099689154,-0.018046730466536334,0.004238049295409558,4.3268296694564393E-4,0.006361037293035806,-0.09296501341053684,1.2125916420742013,0.25895486188209865
0.010089384839122894,-0.017629594336968032,0.004680623860695388,7.418710198001258E-5,0.02054064483067872,0.2004843378080529,1.3836000767958394,0.011835824306453567
0.0032234672302608276,-0.012195672880383394,0.0015615593431695452,-0.0058865342721700084,-0.16610714637268506,1.1348461550883522,-0.948714013106024,-0.925752189655393
0.003435152250656396,-0.012428388120656265,0.0018195910901447363,-0.005826228007977046,-0.17843664831009148,1.2940380691530835,-0.9336480997128556,-1.0538193339414088
0.0035410906886249654,-0.012667051760441691,0.0020066262033371644,-0.005695653619012847,-0.18432513347235582,1.4096927179376173,-0.8677923861587714,-1.1537024519707548
0.003666773862667656,-0.012876737146602956,0.0021911127665347942,-0.005581438295497483,-0.1888185711685104,1.5154766148314487,-0.8092695013888488,-1.241324099513493
0.003783927148518405,-0.013078898030025335,0.0023613795984453855,-0.005457555115742016,-0.19109318588898114,1.6058594893323377,-0.7432379530886467,-1.3170029172492776
0.003932492554242067,-0.013281836331091215,0.0025539821135198066,-0.005332521574396988,-0.1927071741237021,1.7003116490095265,-0.6748361853784123,-1.3934612476502968
0.004082107030001008,-0.013494885777605865,0.0027439942446611586,-0.005185811815093574,-0.19037631426756665,1.7856072984621072,-0.5921035524554387,-1.4625521622167075
0.004277884949154142,-0.013727706784266318,0.0029733207314082267,-0.005019285760978674,-0.18778377339511623,1.8776589918159703,-0.49524311350847,-1.5356852141491901
0.005568230888229391,-0.01503631292495433,0.004182437505947392,-0.0037989122872621466,-0.11213298861870494,2.1048923884667645,0.2413236703291563,-1.7018035263380649
0.0053717657010635845,-0.014932019447662953,0.004012919529553784,-0.003917866337579657,-0.12219736261791485,2.078747883578505,0.15324095803501672,-1.6873897415460772
0.005192012536917915,-0.01484318742467143,0.0038519324451461675,-0.004012292145932202,-0.13034867001622966,2.045432927869237,0.07976590813217149,-1.6670761824139844
0.004610912654379624,-0.014076004983538382,0.0033359818695392284,-0.004746736375174174,-0.17763675772240184,2.0017166005714393,-0.3290698571592881,-1.6314657827418675
0.004356641421908182,-0.014031795562471378,0.003080868247380047,-0.00474158580806475,-0.1742929440541907,1.89196164671406,-0.353306845989041,-1.5556896124321085
0.004727785241213863,-0.0143162854505256,0.0034523727531722073,-0.004520191114414132,-0.16457386496033807,2.0094669920163333,-0.20849526423835127,-1.6415945385026849
0.004852230300696819,-0.0145603337837307,0.0035576638297964325,-0.004285869473891293,-0.1495432085694218,2.002442537840468,-0.08899531324111885,-1.6391766876738336
0.005029954458699031,-0.014725430582127509,0.00371222574214657,-0.004129030111178615,-0.13806442269932942,2.023618882618253,0.003770823240044141,-1.6538113839085307
-0.0027106402143475972,-0.010998450347028404,-6.39249705361921E-4,-0.006199452897525688,-0.10734105128025866,0.4428970564959562,1.0270542515999515,-0.3130813635367979
-0.002850714312444744,-0.011169381271557104,-7.882868876523053E-4,-0.006216407185956321,-0.11737695614138395,0.5584877251799502,1.0654107866801381,-0.4080657287206507
-0.0029926964092188515,-0.011345157283764798,-9.52822211211162E-4,-0.006224122538094575,-0.12787228197373515,0.6768174806499445,1.0980846886241922,-0.508531671179611
-0.0023994904161138463,-0.011054408116860799,-5.788654935508156E-4,-0.006035357400396197,-0.10992099938020734,0.42860196797954114,0.8801977059793412,-0.33042099227955796
-0.00202367079844011,-0.011050231002952658,-4.723816957446936E-4,-0.00588585494901171,-0.1091653930074117,0.3858774062653443,0.7230027514030342,-0.3171098240666677
-0.0016732796550656367,-0.011047434257897427,-3.8079306401299227E-4,-0.005771213331448336,-0.10756256162910192,0.3542271817276165,0.586209958122795,-0.305985941831808
-0.0013483627044600412,-0.010690146453178666,-2.0297329799623162E-4,-0.005756190060413722,-0.09605654386395011,0.1839943774946782,0.4821863336260171,-0.15702200453290693
-0.0013426135722618723,-0.011155316386476022,-3.2903369719463043E-4,-0.0056565707941046255,-0.11083727045843353,0.37484446694156165,0.4563401053956363,-0.3416383272983839
-8.118492825371322E-4,-0.01056145658101166,-9.809250481441504E-5,-0.005669360814231013,-0.0931447306043658,0.11710308104948175,0.28695584015884873,-0.10764378328438136
-3.918206587556334E-4,-0.010359619157880315,-3.0431970270540423E-5,-0.005643750334908054,-0.088517549843572,0.033819717904876485,0.13840048741041983,-0.03210096141682813
9.987240137976112E-4,-0.010395349513591839,8.654851173195355E-5,-0.005717701285622736,-0.08821404944715816,0.054288984279224343,-0.35750163328657697,-0.040529768420661465
0.0012922572426997316,-0.010685028737860052,1.9255420625335166E-4,-0.005743447149213472,-0.09606590106888044,0.18034480229051697,-0.4604953021585169,-0.15478554247603798
5.483210130521658E-4,-0.01044210942401948,5.23484464036504E-5,-0.005649998967338764,-0.08998211527370172,0.06735673929482555,-0.19407170873736088,-0.06280894685755388
5.759984503227244E-5,-0.0104609813471406,5.752945012314984E-6,-0.005621273828715968,-0.09098186856706371,0.07161010133016409,-0.02007884006686174,-0.0717786246439144
0.0025377585572688563,-0.011209674579971272,7.027913083719411E-4,-0.0060487384982092045,-0.11771397132263679,0.5238526512598264,-0.918256559594438,-0.410565155835316
0.002679345453819429,-0.011535273771567808,9.280146196500807E-4,-0.005987751035090458,-0.1321444148673517,0.7053339320789797,-0.9199887342123015,-0.5721129793465664
0.00278498368985796,-0.011866547139484146,0.0011445126196784124,-0.005877909876765035,-0.14513039828706328,0.8778043458884089,-0.8850673855770471,-0.725892891659499
0.002138239498466006,-0.011187261573158129,5.635149480081969E-4,-0.005889220191542931,-0.11424636723353258,0.45985951645241924,-0.7546798602238297,-0.38099998710785427
0.0017437327067107826,-0.011145197938499867,4.328138402351531E-4,-0.005766755600989839,-0.11111010123224148,0.40187045414978323,-0.6049198604800585,-0.3491166934805477
0.0013355360217363044,-0.011076536183312108,3.060956285148503E-4,-0.005675048781481167,-0.10805698620819974,0.3421304750550225,-0.4583721879422749,-0.31051431636433974
0.0028802606804093707,-0.01220358019165978,0.0013537551248832707,-0.00573148490984521,-0.15474432212190967,1.0374074210204662,-0.8271696313235718,-0.8684107524779703
-0.0031034273765596235,-0.011584510696644665,-0.0011511853690020443,-0.006174964288881416,-0.14279402029915642,0.8248533897415647,1.0909514996390313,-0.6395803517078634
-0.003275238586457332,-0.011789375864875945,-0.0013673750792310474,-0.006158657505718068,-0.15702066356986252,0.9736250516008711,1.1053433034770608,-0.7624005680562084
-0.003413868055729105,-0.012052338741116608,-0.0016074782308461895,-0.006072844689003022,-0.17015970072435707,1.1391072889750633,1.0725332270992436,-0.904802890412942
-0.0035439916107584558,-0.012219609249295597,-0.0017893519272088854,-0.006027481108902638,-0.17947031175180564,1.2569679143859778,1.0568570031755362,-1.0006047211413693
-0.0035566461698783858,-0.01243073697126577,-0.0019089779222012852,-0.005881229364604368,-0.1837119010243022,1.3416094665008316,0.9723666039358713,-1.0823581929249038
-0.004424371468683606,-0.012920621359324543,-0.0028950030412356713,-0.005875186848315012,-0.2310321637234697,1.8993602467592527,0.9766222558445149,-1.4886932206546641
-0.0037413857250005026,-0.012523887342738689,-0.0020969775082498986,-0.005898630345407723,-0.19385249986798178,1.4492626296890292,0.9921476565675124,-1.160617606794222
-0.003912133503113322,-0.012561592631497948,-0.002254646457779525,-0.0059525671816140525,-0.2030804563704271,1.5371181456813297,1.0303172905952664,-1.2195345179053725
-0.004076595370831289,-0.012672435433664737,-0.0024519204971793014,-0.005939236363683172,-0.21327115833371219,1.6494556231411113,1.0235879145848283,-1.3037515906607882
-0.0042573384494156985,-0.012820193717037333,-0.002687874269997143,-0.0058925831887157885,-0.2212645879206541,1.7846508871520312,0.993020565954888,-1.4050666715043738
-0.004475514591502415,-0.013144167493220272,-0.00303282568443768,-0.005670784348400437,-0.2246138432472988,1.9648543483873502,0.8466167946292266,-1.5539816535751838
-0.004593920836234061,-0.013317432950800932,-0.003209929485753917,-0.005537153185644624,-0.22217091850502088,2.0466738916646947,0.7579352471817589,-1.6219447712385955
0.019078800773855886,-0.023535745341818667,1.7597055791325296E-4,5.6994386989828905E-5,-0.14963637101517288,-0.13621468228570655,0.11992201905143292,0.13836852435814342
0.018261042029916935,-0.025,0,0,-0.25720741370256783,-8.703098519231566E-4,0.13196297208944532,0.0032702460871019616
-0.014899288792197036,-0.010998483515463568,-0.0016640985112955184,0.00816534317312601,0.3437888496286549,-1.2528134974458536,2.8273535790140056,2.4924930053175376
-0.014911330924215883,-0.011008939275380672,-0.0016711993812669188,0.008134915716058651,0.3349079885000023,-1.259990606629881,2.8050601512486355,2.4860811316045965
-0.014896127296621688,-0.011013872524174524,-0.001689741236054789,0.008160075249762226,0.3441519581717394,-1.2706328785870067,2.815827214476648,2.5105979537243646
-0.014908160075442399,-0.011024358425807868,-0.001696723986894201,0.008129583451873007,0.33516802785735084,-1.2777538119146874,2.793503184586463,2.5041303951930085
-0.014892917446321189,-0.011029251603586674,-0.0017153629718970511,0.008154727683117254,0.3448968765595079,-1.2884306785677437,2.804188736837638,2.528649656925291
-0.014917240572168871,-0.010905949863632842,-0.0015099236825668466,0.008195253681306773,0.33924986065088564,-1.1448960567736446,2.894041629153484,2.3821500022785105
-0.014932401154472655,-0.010900860132423458,-0.0014921096581861975,0.008169495890413546,0.3330229250042067,-1.1338713690480013,2.8824873088958696,2.3579498578590776
-0.014914369853492293,-0.010921395106936288,-0.0015356619552409194,0.008190469738634418,0.3399030190127659,-1.1630816807493674,2.883207283264678,2.4007540050346208
-0.014929512563902634,-0.010916352818239175,-0.0015177908553486415,0.008164825672971505,0.3333764684640466,-1.1520858754024716,2.871772183093086,2.376471255649612
-0.014966713753442745,-0.010786679978898511,-0.0012946443911373432,0.00817372742483853,0.32801465865890994,-0.9884100997364237,2.943950892147321,2.1965930797206066
-0.014964220921102072,-0.01080242749841744,-0.0013205420709373318,0.008169524750279412,0.32835707091316285,-1.0071456248217598,2.9340043953277806,2.215559154706909
-0.014958952219167447,-0.010833683342259502,-0.0013720442546668113,0.00816125324382429,0.3291776779209094,-1.044295881471954,2.914059377329903,2.253333336573936
-0.014961605730793795,-0.010818099434594093,-0.0013463637875119879,0.008165416959415105,0.32874898728661917,-1.0257959820259952,2.9240632212273425,2.2345193013207587
-0.014947987090498369,-0.010895918426248201,-0.0014745270949679202,0.008143536750929216,0.33068416320266875,-1.1175780335118548,2.872802542462647,2.327787621902063
-0.01495083797654754,-0.010880344765989168,-0.0014488621780383408,0.00814803587413346,0.3303254075857547,-1.0992989793252137,2.8832752625364466,2.3091802096062115
-0.014953605372677425,-0.010864779138643218,-0.0014232307174143926,0.00815250866805902,0.32997380067222687,-1.0809969052004202,2.893652558561643,2.290583080621417
-0.014956298283222473,-0.010849229872708045,-0.0013976388133943916,0.008156934038898266,0.32959676272387445,-1.0626754326178673,2.903920157931546,2.271990486772212
-0.015022554308909246,-0.01045092769348137,-7.375016388552403E-4,0.008214442127631531,0.3144291694154622,-0.5736570828840594,3.1105116426253647,1.763824057940807
-0.015026130287796398,-0.010419466735231446,-6.857924749572464E-4,0.008217219042742209,0.3132704272996459,-0.5342441837431653,3.1237013581752104,1.7232995726420148
-0.015024386136241663,-0.01043533577071456,-7.118589688035609E-4,0.008215791458638351,0.31384839104669576,-0.5541264814588033,3.117071914255073,1.743706774410107
-0.01498953319769899,-0.010495292066454493,-8.203679967457543E-4,0.008263936776209279,0.3208147962903954,-0.6403362250363857,3.1218703814363646,1.8580088628936402
-0.01497476259600774,-0.010501734106237882,-8.362202766171702E-4,0.008291126882387631,0.3284957339590058,-0.6489989128046165,3.1358261811411885,1.8798430106118074
-0.014973162020172496,-0.010517358213536655,-8.62299868995928E-4,0.008288455184985107,0.32732016324262236,-0.6688158653060529,3.1279955752112585,1.899845216758324
-0.014987941696496039,-0.010510985419851708,-8.463586199358077E-4,0.008261334336714594,0.3218016534703642,-0.6599512515724858,3.1141234445050006,1.8778541419479275
-0.014969813631697157,-0.01054859134717669,-9.143381342656081E-4,0.00828287641323361,0.3295849176910065,-0.7078518665483143,3.1120361696168852,1.939658736625665
-0.014982737364157785,-0.010557944809258181,-9.242008211576351E-4,0.008253315267761721,0.323061059486298,-0.7184958063579195,3.090369103168964,1.9371264477414452
-0.014971512360572392,-0.010532977343492103,-8.883390612008475E-4,0.008285704990499746,0.32776349606088173,-0.688419924762885,3.1200749799807816,1.9198054341086468
-0.014986248821748913,-0.010526658377216676,-8.72336415639364E-4,0.008258753151313062,0.3225876424125011,-0.6794918712160837,3.106329102585122,1.8976687055433301
-0.01498450032979697,-0.010542308014200023,-8.982837363609017E-4,0.008256106968876124,0.32292770396924736,-0.6989980753897882,3.0984274210507987,1.9174288297049948
-0.014986847968606073,-0.010645812483650633,-0.0010628899858336554,0.008207388792667138,0.3240657506116584,-0.8185656200990149,3.027470489192533,2.024738367968323
-0.014988849796240482,-0.0106300745808564,-0.001036995031035638,0.008210724775926307,0.3236943374359196,-0.7993594733881365,3.0361985558098117,2.0053276560715685
-0.014990665175787433,-0.010614370679189572,-0.0010112131013291657,0.00821422651271155,0.3233413690404681,-0.7802222605885633,3.044924538537552,1.9861090691751018
-0.01499237443500702,-0.010598693326186603,-9.854931582828996E-4,0.00821774314663446,0.3229103150377331,-0.7610972658187086,3.0535741554379285,1.9669519347772761
-0.01499412425327728,-0.010583020211950518,-9.597371360466431E-4,0.008221000822772337,0.32238221406232975,-0.7418833877501657,3.062009843382602,1.947623802034167
-0.014995915098994254,-0.010567360130610636,-9.339621398862349E-4,0.008223994652963076,0.3218312432405464,-0.7225959850125737,3.07022041982527,1.9281410128534777
-0.015021232641904027,-0.010466448017931977,-7.628545331232584E-4,0.008211938274452173,0.31484983843449305,-0.5929005413557374,3.103229627412654,1.783136047194384
-0.015004704563690983,-0.010488776373997413,-8.044358152863349E-4,0.008236694879123034,0.31954606280785175,-0.6249411017620455,3.109026645897177,1.8291019909575417
-0.015020209644357513,-0.010482139993700434,-7.883603686956757E-4,0.008208615092975989,0.31519358382568724,-0.6121966171121497,3.09534252327483,1.8021634844698287
-0.015036251222539277,-0.010460049482904616,-7.476554870675698E-4,0.008184661268618944,0.3113829789247519,-0.5803247079987313,3.0899068558001956,1.757119095531282
-0.014982586344956307,-0.01067727205261238,-0.0011147050078759433,0.008200680230939115,0.3249375227617399,-0.856893820918278,3.0097691964873907,2.063587685735026
-0.014984736318422412,-0.010661552051291516,-0.0010888152796010193,0.008204083541494935,0.3244974354687804,-0.837766026236534,3.018679796768741,2.0442013392149394
-0.01498036710772876,-0.010692957252970486,-0.001140549876478679,0.008197246494782533,0.3253561923744434,-0.8759454813811756,3.00078316841149,2.082925616390872
-0.0149780497657249,-0.010708572790598512,-0.0011663109854369751,0.008193856096108348,0.3257903332816143,-0.8948973089775055,2.991777613868074,2.102222237576313
-0.014975710095906937,-0.01072411977207396,-0.0011919536754526096,0.008190365095481546,0.3262939348497505,-0.9137149876496059,2.982673859551806,2.1213728739313695
-0.014973455071683484,-0.010739659860459423,-0.0012175178057344785,0.008186538054614959,0.326824135658954,-0.9324036676986577,2.9733231879772606,2.140275831231362
-0.014986824533701823,-0.010749554940317945,-0.0012258486597372163,0.008155669157748178,0.3229329474096676,-0.9373112256242649,2.9522216145863136,2.131229796779411
-0.014984959446262484,-0.010765242308202012,-0.0012512223683433176,0.008150776433682007,0.32321209549149016,-0.9557137215198513,2.9422015994334214,2.1493836994409765
-0.014982903488850894,-0.010781138283208242,-0.0012769842670415862,0.008145955550592505,0.3235268188159519,-0.9743598226073019,2.9320523601045854,2.167890154416241
-0.015053301690688508,-0.010207575971299208,-3.373085139533328E-4,0.008211007845892815,0.30385502102362877,-0.26468556679705685,3.189738970976809,1.4392787718447186
-0.015054495629606755,-0.010191974404868015,-3.118806960748293E-4,0.008210854891167891,0.30326107365695537,-0.24484324929031007,3.194233024542287,1.4188330421703892
-0.015067435339270711,-0.010230353564158171,-3.718596906670396E-4,0.008179606053139195,0.30119647842765396,-0.290998442682243,3.1638121659530847,1.4519248458850778
-0.015065294075527775,-0.010216518443765818,-3.499458495346571E-4,0.008185993399224486,0.3014279164140964,-0.27408283800528427,3.171812105262793,1.437433605872151
-0.015042600771906315,-0.010412709173108397,-6.700636542282689E-4,0.008186907589530867,0.309480823606815,-0.521183178276526,3.1084487751383936,1.6954638332239134
-0.01504851283993426,-0.01031722119993704,-5.152634244274507E-4,0.00820003762219554,0.3068897239372255,-0.40259589243723387,3.148870377471827,1.5770212001901616
-0.015045041531969715,-0.010349749991008319,-5.684236166671103E-4,0.008199160310422322,0.3081539367443818,-0.44354560784103897,3.137513778378499,1.6194236000861826
-0.015047895130798147,-0.010333961825871004,-5.423441062367822E-4,0.008197382575389473,0.30725535772384993,-0.42341444478856066,3.141758120748856,1.5975381589921749
-0.015059242982945755,-0.010405485926965127,-6.537399112009124E-4,0.008156495986119434,0.3056202664989805,-0.5077586425409142,3.0932561560140566,1.6673468437698358
-0.015059260252453596,-0.01038922982925979,-6.27878178874914E-4,0.008161003434592126,0.30543626568500976,-0.48811379599409627,3.1015409063771524,1.6487071336447394
-0.015058189321792318,-0.01037348763832005,-6.030788374409361E-4,0.008167319119260415,0.3054858093894563,-0.46930246433851114,3.1106499845226594,1.6318151527319584
-0.015056868926016893,-0.010359616085066654,-5.812699349592926E-4,0.008173483292718437,0.3056145226497207,-0.45274280155149116,3.1189906260436437,1.6172613788669488
-0.015068202128156336,-0.01024646994182072,-3.9760801931867793E-4,0.008175399824089977,0.3013659548962692,-0.3109090855040868,3.1564055159007123,1.4705413185371636
-0.015067618155635882,-0.010262929722205057,-4.241137402783205E-4,0.0081736017707361,0.3017813964229377,-0.3314246057282986,3.1502862811205024,1.4909284142334511
-0.015065234101742231,-0.010278552634506949,-4.49616892653301E-4,0.008175306442409267,0.3025062958755605,-0.35121090322983745,3.1464585816810167,1.5122095602292054
-0.015060907474900664,-0.010293770153889065,-4.748918446971525E-4,0.008180734967816341,0.3037804858473629,-0.3709126971467781,3.1448985866412245,1.5351486489328103
-0.01506425301963966,-0.010308810878173317,-4.982827250093763E-4,0.008170982877332545,0.30321929590131697,-0.3887484467411792,3.1342585949424766,1.549236614478583
-0.015095494090990222,-0.009967280998148599,5.217243666484784E-5,0.008142333970019426,0.2892585038984515,0.04247629421938626,3.2090754925836777,1.0972888854599676
-0.015091410676376997,-0.010126801501446186,-2.0293697893468342E-4,0.008145403264287232,0.2940192876940799,-0.15856477202109512,3.1721132574755124,1.3008541698097875
-0.015095579574604558,-0.010063741624915244,-1.0193441781389174E-4,0.00814132091423146,0.2916854107212265,-0.0792273442109102,3.185764156753009,1.2187237875216346
-0.015100210744312954,-0.010081465515624602,-1.29980715498855E-4,0.008131388063226476,0.29110625164540677,-0.10119020967624959,3.175130744126428,1.236392061431731
-0.015106370437174815,-0.010099552144520504,-1.5838091374426207E-4,0.008118247702578395,0.2902026405602052,-0.12332453541076276,3.1623732127035247,1.252860090774741
-0.015104331279608077,-0.010117139698301636,-1.8646595332428843E-4,0.008120938366171566,0.29110381429776894,-0.14535355565089822,3.159499871196588,1.2763913988996802
-0.015100411211991622,-0.009984898378094298,2.3962851604348213E-5,0.008133025054739083,0.28867607633738296,0.020168266901991194,3.19921076695671,1.1153097179819464
-0.015106796004005872,-0.01000358551806158,-5.8308963711435535E-6,0.008120646121072472,0.28788012079239134,-0.0033118163876055934,3.1871290423759953,1.1331917267038347
-0.015109514282983162,-0.010022458869567971,-3.580280351357988E-5,0.008115207142203512,0.28775064584197624,-0.026916422244737007,3.1793306251204867,1.1543810066755142
-0.015111521237041249,-0.010039616019856763,-6.299594042178737E-5,0.008110960605395628,0.28776701399462606,-0.048325979491787026,3.1726083558076996,1.1739588303643995
-0.015109779899080564,-0.010053911926670954,-8.57318511022252E-5,0.008113926872411947,0.28850038592426386,-0.06623063840048558,3.1710257417887378,1.1932877166695324
-0.01506782666231104,-0.010184661598565393,-2.982992445156246E-4,0.00818549304169244,0.30025920577340615,-0.23377878638062013,3.1807782356246226,1.3958164177995565
-0.015073629311666613,-0.01016950207745645,-2.7319102489527675E-4,0.008175941425610898,0.2986374976494401,-0.21399272277447134,3.179220795697173,1.3711898205839452
-0.015087167942709888,-0.01015519319395436,-2.4872412357430836E-4,0.008150958425319784,0.29553398531325015,-0.1944480802354418,3.167869222187628,1.339893030045034
-0.01509524507486264,-0.010141865744984236,-2.26622913932112E-4,0.008136506188042604,0.29345930458626324,-0.17697044267457934,3.1626008024071597,1.3155597665917613
-0.015119292763408128,-0.009450692492339277,8.569673620552384E-4,0.007990931012684737,0.2693410701786401,0.6866470111112754,3.188495388220892,0.41023861817567026
-0.0151290623484509,-0.009476883341085063,8.135853617755575E-4,0.007982000052917144,0.2683214091576485,0.6512662778088121,3.180252627639819,0.439410907835223
-0.015138960105485655,-0.009502789575065758,7.708076216881299E-4,0.00797225202691029,0.26754703822881587,0.6164103742059349,3.171360843027768,0.46786336757099284
-0.015145736038202339,-0.009528305881156881,7.298320365334625E-4,0.007967837546469798,0.26694098651121484,0.5832566390260386,3.165962362270653,0.49714720235681303
-0.015147221227465582,-0.009677372086794795,5.013686973106768E-4,0.008005630120216654,0.27111680892328316,0.40018837315874406,3.173056710295232,0.6874460951926166
-0.015140680216549665,-0.00965617360858588,5.355444704608405E-4,0.008013285605695059,0.27166762785644577,0.42770811790385477,3.1809279806285056,0.6643868081260814
-0.015143275988886462,-0.009632489928427258,5.713689546622434E-4,0.008002500829226204,0.2704744922743403,0.4563289421383228,3.1769449569283545,0.6323826322246803
-0.015144458194097743,-0.009610684566528607,6.045316824668639E-4,0.007994561374957273,0.26964540872867876,0.48288795216985364,3.174433167296335,0.6036466805216602
-0.015141594329281324,-0.009559096730931518,6.842601343752936E-4,0.007985323032788693,0.2686948263764059,0.5469240227027393,3.1742929289600843,0.5389231943087244
-0.015144953372054319,-0.009587689996234439,6.395970032651061E-4,0.0079872871996325,0.2688932653506107,0.5110158829829325,3.1723798613316982,0.5737895294781884
-0.015111257754023728,-0.009940780264549934,9.381176811589606E-5,0.008110557026618002,0.2852986964099085,0.07556709789474654,3.1946443883322932,1.050154613870488
-0.015108772838842417,-0.009957170259573989,6.789651560563156E-5,0.00811603311557104,0.2862909635751685,0.0550328608920959,3.1945995603246016,1.0729854267848247
-0.015123038141171151,-0.009891459318556433,1.7107968709511201E-4,0.008084608116567625,0.2816717895097431,0.1369194885826376,3.188192598325788,0.9779361390234619
-0.015127486331217932,-0.009914329905371817,1.3474190995986559E-4,0.008077562034979177,0.2813686105899815,0.10809979534981908,3.1791202310305167,1.0032557583560493
-0.015126884725082286,-0.009933517764706083,1.045723216363395E-4,0.008079789330416668,0.2821144906364662,0.08419805758589805,3.176592001760251,1.027885572380986
-0.015121639142894489,-0.009743526327952732,4.0376613479129906E-4,0.008068244686185137,0.2777046283428592,0.32249725612804,3.203999517841162,0.7895642740504974
-0.01513300203683847,-0.009718469961865964,4.407286447256786E-4,0.008041561881895094,0.274813092590988,0.3519252423427875,3.190499224165763,0.7494182247213567
-0.015153625440250633,-0.009697677350780008,4.6872273533119906E-4,0.007997748858845487,0.2705657666312902,0.37393355471270157,3.1651060099151773,0.7092706340519674
-0.015132847202752,-0.009764796895020281,3.685880943922813E-4,0.008050223981330843,0.27622737630584343,0.29420899394831895,3.188852123301306,0.8090209666200652
-0.015135949998813198,-0.009792339840806987,3.251260311994258E-4,0.008048501568752723,0.27648267904609886,0.25951841340955367,3.1831718206181665,0.841957744418613
-0.015144926018999767,-0.009825165286606874,2.727496560040014E-4,0.008035579333940265,0.2756545709283517,0.2177481853311716,3.1692163022464763,0.8770605790451462
-0.015142210746637479,-0.009874042952245537,1.9680688327115421E-4,0.00804600392710851,0.2775321862746058,0.15732980187115023,3.1668921143552975,0.9408043851667136
-0.015159399357054988,-0.009852371466735942,2.288557661740174E-4,0.00801082306907351,0.27376875309363236,0.18281895663932668,3.148523656784098,0.9005022256084291
-0.015139758010602822,-0.009429026988180975,8.818553467915756E-4,0.007943892588208748,0.265143890991046,0.7054832527824696,3.1588561802509463,0.3725544443723212
-0.014869097381817617,-0.011136613692675216,-0.0018942964567579396,0.008115029002928249,0.3472379650942261,-1.4113503492001336,2.719627924453279,2.653664652910282
-0.014880922590318051,-0.011147452150224654,-0.00190054010135094,0.00808418749691088,0.3376517130822831,-1.4170740524867986,2.6971699860809726,2.646005156190608
-0.014865501922029584,-0.01115190756865576,-0.0019197903543916102,0.00810903554784913,0.3471393522461586,-1.4286330093158555,2.7070917377382435,2.671170114606268
-0.014854427471532412,-0.011197720302754953,-0.001996193569832434,0.008090566444900995,0.3457021717478539,-1.4800829089487344,2.6688406098803887,2.7235678438322997
-0.014858166927964265,-0.011182461035313321,-0.0019707619986713237,0.008096798716074488,0.34529565410264,-1.4630798565335592,2.681669967902353,2.706149669712444
-0.014869869904469944,-0.011193497229347987,-0.001976790327533367,0.008065864639394987,0.3392319210660148,-1.4681390534209695,2.659272042421264,2.698124157188621
-0.014861858424551644,-0.01116719007004694,-0.0019452866761178191,0.008102956933289874,0.346131145474702,-1.4459075478682462,2.69442777983348,2.6886657533431233
-0.01487363415988823,-0.01117817506582125,-0.0019513877030927563,0.008071985532540139,0.3387827812202154,-1.4512132048823998,2.6719633725995546,2.6808133988483323
-0.014877321424560122,-0.011162817143938205,-0.0019259559542262972,0.008078094981660967,0.3381564865599133,-1.434189094614487,2.6845983074089244,2.6634305092131245
-0.014850640095209082,-0.011212967710514192,-0.0020215849301751937,0.008084259322230567,0.3471519492224299,-1.4969445442392615,2.655924956904056,2.740863595579128
-0.014866065424710848,-0.011208780839638324,-0.0020021315779632305,0.00805967025423353,0.3393327165828122,-1.4849800452970567,2.6464789811919753,2.715328207768508
-0.014889659273885168,-0.011044620593952054,-0.0017409727871768581,0.008149298509764594,0.3455014888436368,-1.306228953269391,2.7924286750013985,2.546649155003912
-0.01490170073117123,-0.011055215868116537,-0.001747771793073571,0.008118594178614713,0.3357483306511329,-1.3130640140894443,2.7699834275517854,2.5400091284497974
-0.014886352812552904,-0.011059979335296836,-0.0017665878720633573,0.008143783998571782,0.3449178247312563,-1.324037423483012,2.780535894243086,2.564624369522231
-0.01490495188668591,-0.011039780243783997,-0.001722241876962542,0.00812414223585073,0.3353625833211093,-1.2954435773699513,2.7818098489529706,2.5221026718669397
-0.010221022388398164,-0.015023363739828308,-0.008268391128276901,3.63799329620941E-4,0.2655236771479376,0.9232950366751776,-3.3378025873650183,0.29073179523447795
-0.010236749715495297,-0.015022708168363022,-0.008267096638525434,3.896760470723498E-4,0.26501176237521656,0.9019677575038839,-3.3391963258348603,0.3116250501101136
-0.010313910160050259,-0.014990136311907442,-0.00831675147552044,5.231637724163483E-4,0.2723141974843688,0.8136768835292084,-3.3831298968020036,0.4253177808088448
-0.01030695252461558,-0.015004580201132177,-0.008289097006998723,5.083717706707572E-4,0.2645786070795974,0.8183661220611044,-3.3639480212493367,0.40698127084265373
-0.010252552248697453,-0.015022091582904434,-0.008265531252146461,4.156570996199098E-4,0.2645564808720859,0.8804668723078201,-3.340345660345218,0.3326096577107735
-0.010268423440313507,-0.015021343287567648,-0.00826403331301938,4.417623902516331E-4,0.2642037416496568,0.8589366302284995,-3.3414802802995074,0.3537019879626309
-0.010284271266040614,-0.015020422256802538,-0.008262700506496313,4.678538213932307E-4,0.26386055537807623,0.8375293665677085,-3.3426549467861304,0.37479439244383556
-0.010300032243043425,-0.015019402449116327,-0.008261399538716928,4.938165853947328E-4,0.2634416150916908,0.8162707688327578,-3.3437714699430345,0.3957969585748297
-0.010329582549946167,-0.014989125709257183,-0.008315067844395223,5.492719060915333E-4,0.27101482711157554,0.7920912066572937,-3.3838424829195852,0.44647991670856985
-0.010322649579641647,-0.015003603607548077,-0.008287442795845236,5.343709144194681E-4,0.264393711825376,0.7969375559634136,-3.3647617161334202,0.4280497152108942
-0.010345251712533228,-0.01498806588318487,-0.008313299939174136,5.754085304098957E-4,0.2714877335040731,0.7704812211577391,-3.3844317455379387,0.4677597109416231
-0.01033835683126475,-0.015002597126048083,-0.008285666337020006,5.603786137184114E-4,0.263903772253038,0.7754994974071102,-3.3654235810945567,0.449091287033117
-0.010360917504742087,-0.014986956843082835,-0.008311449249291447,6.015512131352454E-4,0.27281821640979215,0.7489095533976454,-3.3849216066635965,0.489119778571953
-0.010354075804470727,-0.015001509758059708,-0.00828386458876419,5.864101869754525E-4,0.26303705764108837,0.7540456705053008,-3.365991165746309,0.4701744033444257
-0.01037657978297736,-0.014985798598725458,-0.008309519026905597,6.276542505286445E-4,0.27252580798261666,0.727398259327997,-3.385307078279574,0.5104039375851811
-0.010369788891101845,-0.015000323454543713,-0.008282076866088063,6.124472012801543E-4,0.26232129536425797,0.7325925302471004,-3.3664938982324,0.4913336309677267
-0.010392238403124527,-0.014984591160277273,-0.008307509433833016,6.537163622627981E-4,0.270428879064446,0.7059002832819367,-3.385566509752605,0.5315396144253607
-0.010385490258820728,-0.014999088729473092,-0.008280208450844173,6.384699163974402E-4,0.2621169388498388,0.711146020023877,-3.36687370627951,0.5125195931283395
-0.01040789322055687,-0.01498333453830101,-0.008305417442056522,6.797774289988952E-4,0.26856523393677695,0.6843649106431782,-3.3856844105531505,0.5526181639947748
-0.010401189234630702,-0.014997854819797554,-0.008278162618456875,6.644759880264898E-4,0.26209312819409053,0.6897042080459129,-3.367064421160759,0.5336587545071031
-0.010423544090142324,-0.014982028743765486,-0.008303240999069641,7.058625691369783E-4,0.2680749964359656,0.6627922574027065,-3.3856586812692036,0.5737647563318863
-0.010416891908829619,-0.01499661133140501,-0.008275956604880522,6.904728159753257E-4,0.26178652318789636,0.6682682784822034,-3.367076894578147,0.554738692047548
-0.010439190866250394,-0.014980673788053402,-0.008300980566989262,7.319651110574479E-4,0.2686008046743408,0.6412230666274269,-3.3855013764427877,0.5950182725857736
-0.010432596526340189,-0.014995315561095908,-0.008273671508208515,7.164694893790291E-4,0.2611373064514417,0.6468354761880412,-3.3669674799373404,0.5758041029970246
-0.010454833402759,-0.014979269682969046,-0.008298637837475479,7.580646413473364E-4,0.2693725795118527,0.6197021185919992,-3.3852331337872346,0.6163276983374226
-0.010448295772333936,-0.014993937060413845,-0.008271367614713516,7.424666015739657E-4,0.26033815126683096,0.6254023853839535,-3.366773878165215,0.5969017725033847
-0.010470471553061363,-0.014977816440745884,-0.008296214698725964,7.841402398117402E-4,0.26953837744145415,0.5982482569476621,-3.384867538425539,0.6375976796421019
-0.010463977276565666,-0.01499247215580718,-0.008269056550117275,7.684491244666257E-4,0.2596175471631495,0.603978080142296,-3.3664985797838978,0.6180462771238749
-0.0151392776986538,-0.009356297551329083,9.906256183176113E-4,0.007914865856819575,0.26323072338686937,0.7926691710026734,3.1443477387952243,0.2795369642555568
-0.015149006647318101,-0.009379029407112022,9.527457003856754E-4,0.0079063758804147,0.26213416145083984,0.7616708029907492,3.1373141021903286,0.3045546177294762
-0.015145915151010943,-0.009329344704720252,0.0010275401438005728,0.007890554269549087,0.26119428128645333,0.8217729305035099,3.129573860177996,0.24251970861414665
-0.015135645155141503,-0.009305608799007695,0.0010672276070020526,0.007898774446035647,0.2624077993458384,0.8542716497032876,3.1361686267562563,0.21615635669330718
-0.01513765770063983,-0.009280895142606448,0.0011025730745090028,0.00788329944749269,0.2612397700796501,0.8823392824593631,3.1268568725318566,0.18401299752609487
-0.015136968929651023,-0.009250475822200574,0.0011473627537112957,0.007869606253315951,0.2606792470644666,0.9181599746722927,3.1187289524678334,0.14563573337545496
-0.015135679891517453,-0.009215706487416615,0.0011985210922304153,0.007854164409204148,0.2598932652183552,0.9590307105918622,3.109280016439232,0.10207037898107939
-0.01516102375225039,-0.00940644075554836,9.07188476717594E-4,0.007895124634191161,0.2609107945541749,0.724468667806244,3.1280654900717977,0.33429946782591163
-0.015114016716958965,-0.00881309771922374,0.0017699701737290254,0.007633670890707814,0.25449790372171915,1.4095304371933757,2.94985760260529,-0.38554689346747656
-0.015126545160935964,-0.008855791037026198,0.0017043148335822568,0.007643841367883688,0.25336427778367604,1.3572089295318897,2.9598699059875564,-0.3361966761125292
-0.01514255806701555,-0.008893036906117877,0.0016433404752830858,0.007642851265219379,0.2517045212871396,1.3078718409800816,2.9617086376825643,-0.2935128247098562
-0.01513653721248629,-0.009129215733144675,0.0013220742872425357,0.007805089602687824,0.25764377843587943,1.0570574581188323,3.0773292940835995,-0.00653161944742421
-0.015148616341907945,-0.009092962721296954,0.0013661397763844645,0.007762104797492167,0.2548564982185942,1.0907216959208907,3.0483564710247855,-0.0541291426551594
-0.015145274355769029,-0.008935732658742564,0.001584303394831243,0.007667748590441963,0.2521806961493993,1.2618185209180168,2.980632031651464,-0.24342628515144618
-0.015167342323494353,-0.009061673941340501,0.0013984272886579596,0.007709894372846747,0.25155952134211834,1.1140837641101955,3.0130671002694873,-0.09591552708772247
-0.015158794715399796,-0.009024723011049748,0.001454496788587854,0.007702273591076303,0.25182845480689403,1.1589650733793693,3.0071290790095633,-0.13890868352180621
-0.015156764855670002,-0.008978726085566638,0.0015185406658258108,0.007676340096796254,0.2513072092265547,1.209207666980953,2.988296771253856,-0.19366545469257337
-0.015150184642844056,-0.00918528406277672,0.0012345869699725259,0.0078114600184039625,0.25691959809761516,0.9864106231387045,3.0812427940652536,0.059712316848903636
-0.015155234865378904,-0.009154873760416588,0.0012751021361599377,0.00778568480937013,0.25507579437472155,1.0180203121890703,3.064310360890285,0.02069255530247582
-0.01511766327656403,-0.008738621397136872,0.00186370475792208,0.00756959981603858,0.25294467762793343,1.480220812435837,2.900745575702358,-0.471141610090728
-0.015133745255085177,-0.008697728138692086,0.0019026111211645528,0.007509854742489142,0.25001269122326614,1.5064798658999872,2.8573488890543675,-0.5161648502074901
-0.015105161424098673,-0.008670416873555353,0.001960313910021188,0.007535097660867878,0.25380713367219254,1.5551682023705427,2.8705292704855885,-0.5482986174112728
-0.015108416596556014,-0.00863279882660784,0.0020044362768752264,0.007498081096112496,0.2527572919904339,1.5872471095778644,2.841687058128358,-0.5894488224894415
-0.015100144225434821,-0.008598188100681631,0.002054151661479741,0.007481995884091999,0.2537438841594368,1.625520229344194,2.8265976387596576,-0.6278781823456097
-0.015140777475333413,-0.008774832685705928,0.0017992394652937003,0.0075587877295755545,0.25005129453759584,1.4273888578582943,2.8971588131948267,-0.4297752819178517
-0.014794742821888926,-0.007447471485212912,0.0035130023074237226,0.006602593433725816,0.3055363689138701,2.6021000503215492,1.9687842441312446,-1.686634265978843
-0.01476011128482074,-0.007355191883806246,0.003619045859910143,0.00651613216278583,0.31245490049061314,2.6564374621224114,1.8817179119172158,-1.7493153065494627
-0.014793393536907402,-0.007393997400982316,0.0035498248207124316,0.0065328424497771,0.3059137912168149,2.610695111571704,1.9107266907330696,-1.7113277208124704
-0.014835493434511415,-0.007488857613296811,0.0034311480325515046,0.006611662518086822,0.2980375515403293,2.543914109307005,1.994734989358404,-1.6409527569933322
-0.014885039402745662,-0.00764187039738156,0.003255616993558887,0.006750261914209886,0.28836913342596754,2.4466910942055056,2.131817508268352,-1.5291733812140915
-0.014876645223164585,-0.007544291468156185,0.003338940179425449,0.006636355796307162,0.29070891099536994,2.4821034559462145,2.0332543693421723,-1.5877153997412172
-0.014898220980766314,-0.007590545544879074,0.003277802881068554,0.006669872752098893,0.2868409911836322,2.4448800060335163,2.070351951634648,-1.5502994545948885
-0.01512695614219865,-0.008566778527500526,0.0020688939297114216,0.007411069494027493,0.24999266256697525,1.6304101321375948,2.776296002305548,-0.6581095525535728
-0.014991150721292638,-0.008130658193062645,0.0026897606900982795,0.0071890747720221885,0.26832214371220925,2.0946881804091437,2.5467229867412544,-1.1177217180732038
-0.01496876136247971,-0.008091362669931029,0.002754576791342013,0.007177877439542612,0.2716241606455602,2.144004517775954,2.528853081126474,-1.1608148281742119
-0.01494175781054378,-0.008052653440749862,0.0028240468888779888,0.007172702185038834,0.2759660059696607,2.1976681813257284,2.5142400833735468,-1.2051105003224227
-0.014958936777425741,-0.008004835619429404,0.002851088584544538,0.007093360287083113,0.2735830361773364,2.205400129822376,2.4530307517128414,-1.2374294960529306
-0.01501201002286953,-0.008174976274628409,0.0026212831694706023,0.007206693209204978,0.26496477537247437,2.043524780389544,2.569340733554746,-1.0707028998437236
-0.015043061351942508,-0.008217167375521677,0.0025441337022596195,0.0072055216045175926,0.26055759649294513,1.9827199727113751,2.579422585045211,-1.0219381757063857
-0.015060554978349853,-0.00826438964145154,0.002475807030429373,0.007228184995256696,0.2580399634915345,1.9320260751375606,2.604540338165155,-0.9730208873035732
-0.015087932558684087,-0.008304347934469138,0.0024051354234379727,0.0072272133469598885,0.25392350945695813,1.8759742300977447,2.6129915469931926,-0.927543853978099
-0.01508085799523707,-0.00838447464867995,0.0023234069435401853,0.007316498261074492,0.2554559848971572,1.8226960583119836,2.685100725318438,-0.852566907867267
-0.015098718247982541,-0.008349696818861253,0.0023449201424167224,0.007255359749006525,0.2525872441037207,1.8320635248862396,2.639993362802445,-0.8816354692144932
-0.015146486378624688,-0.008532210227414237,0.0020927973049592315,0.007349604085410638,0.246733649235237,1.6432031081762297,2.731922901554324,-0.6909621572992478
-0.015095479722452666,-0.008456217745519709,0.0022274958468047625,0.007361680963296756,0.25363808979715935,1.7517728655305282,2.7269741515879278,-0.7776672971059199
-0.015102386264282671,-0.008416115379270197,0.0022669955820820557,0.007313280816418475,0.2519672336590542,1.7775525838118664,2.689187572449941,-0.8162704600441106
-0.015132931238585287,-0.008491237009238784,0.002152628773309458,0.007334660719921443,0.24848621245506147,1.6890960775382171,2.715873960338843,-0.7349699223836871
-0.014923695899259255,-0.007863919918714846,0.003023265842652801,0.006975329143454222,0.28023471269075734,2.317268964216763,2.3383634094850376,-1.362587698961297
-0.014922795021322491,-0.007820526915734592,0.003062466175772475,0.0069240887154073645,0.2800938406818511,2.337206527069046,2.2945525556739947,-1.3938255026361477
-0.014897746458822046,-0.007736397484727717,0.0031643303765247067,0.0068529319453232,0.2850870611307971,2.4001676838686863,2.2237410856204787,-1.463860033491564
-0.014947170815729214,-0.007779597417918287,0.003067938789794535,0.006843199605284632,0.27722868885328245,2.325027641154373,2.2361826437597156,-1.4087965566077132
-0.014925202607836864,-0.00767965001084241,0.003176046661229531,0.006748647074178666,0.2817579119969868,2.386733236583652,2.1476703731390674,-1.4838616666756244
-0.014968004638520115,-0.00795259683424692,0.002890083581730547,0.007020438313226767,0.2726349650054955,2.2227358712566887,2.394543593557795,-1.2745525270246996
-0.014960629495961296,-0.007896385181350182,0.002950202772498314,0.006964762675083782,0.2738779261067739,2.2587805491981494,2.344342460004604,-1.3204087032346725
-0.014695990400973606,-0.007139149153099763,0.0038283500850310776,0.006283731047497447,0.3254917242333765,2.737614191315473,1.6649744228429577,-1.8645259557098413
-0.014735627623503304,-0.0071833723168184095,0.0037510201398756548,0.006307153189496519,0.3179188291797406,2.690286109592243,1.7021857244854897,-1.8249049922185938
-0.01477082887309592,-0.00730072459784759,0.0036375600582217132,0.006431435168805791,0.3108866494545585,2.6459585246641395,1.8180248337411105,-1.7628561651669976
-0.014772972443330668,-0.0072356292017510815,0.003672055308564089,0.006341676639283091,0.3114810395165373,2.6448413060604596,1.746907823996509,-1.7837010687309092
-0.01465958109336035,-0.006968608928742868,0.003957492822110262,0.006079156833082313,0.3330630497047811,2.760135256583973,1.490063715081803,-1.9245858824982378
-0.014697208075391727,-0.007000507580288423,0.0038918828454953544,0.0060915012302056515,0.3256334501319805,2.7197819409908086,1.517449085574418,-1.8931558241422177
-0.014675548051484643,-0.006904109443732533,0.003961461949825233,0.005977042027821195,0.33064035509204664,2.7284539634326923,1.4215439692613245,-1.9222197147661557
-0.014714098828583641,-0.007061886655952464,0.003841012674324399,0.0061609212588642865,0.322996933048667,2.70760350578523,1.5785475812833643,-1.8698003260365623
-0.01474519372613611,-0.007004223641322969,0.0038250517141837663,0.006055581457941383,0.31879899387037436,2.663146596268557,1.5128488226092995,-1.8597706613324376
-0.014636515990267624,-0.006802014925837441,0.004052511157019142,0.005866655316504057,0.3374393948313874,2.7496537980623432,1.3229870195401112,-1.9578860638129358
-0.0146776051303632,-0.0068475945661690225,0.003980023247533963,0.0058980824816455306,0.32986836719356666,2.713648728566466,1.3650455545499025,-1.926565683806969
-0.014371254506949474,-0.006324480139274274,0.004529328418007135,0.005360062428720661,0.38044632132418393,2.845130966029647,0.854965890412618,-2.09934243099578
-0.014398180889061158,-0.006372998947332173,0.004485751441599355,0.0054150915448559185,0.3773313904493885,2.8429610349582384,0.902400567469648,-2.0911172972018957
-0.014459559434985211,-0.006464955818722813,0.00438562932655964,0.005511830148062602,0.3670428127870043,2.8230756077471617,0.99453811158386,-2.064972510851565
-0.01444301878712111,-0.006398171755449228,0.004419533444683858,0.005427589644043403,0.36813613683051905,2.808630648308483,0.9333004256353913,-2.0664836770022266
-0.014525519881683257,-0.006486332238044787,0.004290223167661678,0.005504288758048193,0.35554344574134994,2.762292527674967,1.022425800194984,-2.0245418050061903
-0.014394992242226288,-0.0062549884486686,0.004503558830496294,0.00525267353832251,0.37452654376125705,2.7826896133481185,0.8043427095524114,-2.07034168489072
-0.014348353592283836,-0.006160134055433793,0.004574498577738048,0.005142460710227837,0.3793994041944583,2.77419188196949,0.717381871386711,-2.076361482492311
-0.014126464432453273,-0.005735940069621387,0.004862596178045967,0.0046375878630573325,0.39977504930971847,2.691585812142547,0.3556413106887499,-2.059496160645406
-0.014085195350774599,-0.005652969898268061,0.004907448529023296,0.004536506914072079,0.4005234137207664,2.6640313446608874,0.2929003479545071,-2.0466657898067675
-0.014089919771692265,-0.005547428692841769,0.004888284651310158,0.004400682225287513,0.39337316805450695,2.589263815671164,0.24260162643689495,-2.004455677238251
-0.014339109679132862,-0.006023808257737655,0.004592146874207648,0.004962018616529063,0.3768299181030008,2.7044935203926563,0.6165053822460752,-2.046435033359135
-0.014275201728961844,-0.00590403792029014,0.004676777155486085,0.0048235011069486244,0.38238902297680394,2.6858837108237066,0.515892092034319,-2.04490441467431
-0.014235382735937392,-0.005769932915901957,0.004723348124860856,0.004658844530629516,0.38199532118815355,2.6335605972723983,0.42038043183134804,-2.0214011126395337
-0.014577567166793613,-0.00669857635670385,0.004166747569576825,0.005765301989044267,0.3475783883911245,2.786124756818229,1.2226210325364903,-2.001139625700443
-0.014591195253011538,-0.006612289109951929,0.0041714314977121135,0.005637189957062983,0.3445253392543454,2.740799318973218,1.1417773690826198,-1.9901872615840628
-0.014599260456063787,-0.006520512997784628,0.004182659730280304,0.005507532253273009,0.34258696859271204,2.698678676570878,1.0603356759207234,-1.9802025753386763
-0.014653153323471014,-0.006735266040695545,0.004051681613771763,0.0057631736501821814,0.33425569664081456,2.7119864027291807,1.258080656542899,-1.9494496099352168
-0.009730200281981108,-0.015053095230319885,-0.008200078031516511,-4.377638274974281E-4,0.2654482688563007,1.5466281023907509,-3.188689144909102,-0.35006273364190976
-0.009746466649841462,-0.015053385378215814,-0.008202575914386298,-4.114719949728115E-4,0.26545258523077636,1.5260664187951376,-3.194802538144059,-0.3294726904271878
-0.010054691314119365,-0.015043899309307565,-0.008243881690085013,8.94093000053909E-5,0.2648133239514739,1.1344227754223792,-3.2933781041982697,0.06823669187325225
-0.010007442152210744,-0.015042415393537697,-0.00824785865068049,1.2195882801342993E-5,0.2662580950093536,1.1990228782574093,-3.286701900943284,0.006660578838813142
-0.010022981183773995,-0.015042765475533624,-0.008247003609117955,3.76070139913844E-5,0.26584686934673635,1.1779353399060357,-3.2892722856267405,0.026929848166477217
-0.010038662468914277,-0.015043357540262668,-0.008245487175309053,6.323312015666787E-5,0.2653539560986821,1.1564094465621724,-3.2913598517135116,0.04735618315755568
-0.009762139505187162,-0.015052989610239015,-0.008206145411938688,-3.862336083560044E-4,0.2656367046920208,1.5068918464795693,-3.2013634111352736,-0.3096624376782416
-0.009777727060307446,-0.015051933763232307,-0.00821083837929567,-3.612052499496801E-4,0.26591862852018416,1.4884190675714555,-3.2085573825948868,-0.2899630727493662
-0.009793586039563028,-0.01505292873971737,-0.008211319976264972,-3.353825844160363E-4,0.26565576385432293,1.4673244979190991,-3.213078303385451,-0.2696661715798257
-0.009809460062696961,-0.015054682605781916,-0.008210112932210857,-3.094322020168599E-4,0.26517699537952216,1.445363255031433,-3.2164509126892313,-0.24927558619062898
-0.00992858682581751,-0.015041877450828967,-0.008247028661035728,-1.167876360901229E-4,0.26769001550406674,1.3040681838131862,-3.2691886746336016,-0.0961107482906464
-0.00994438191463167,-0.01504222124651143,-0.008247082705394834,-9.094736984275138E-5,0.2673705871822733,1.2829205415655485,-3.2727629940797094,-0.07556342806141599
-0.009960250746657729,-0.01504243836405987,-0.008247212408628128,-6.49906721304927E-5,0.267085311816009,1.2617441951418413,-3.276331194707994,-0.05490646787445418
-0.009825570743514608,-0.015055827051807974,-0.008209968015402275,-2.8319511066341694E-4,0.2648383114806254,1.4236923066025435,-3.2204809310943396,-0.22862876003301236
-0.009920353017555323,-0.015056197790148182,-0.008217997042116088,-1.2940825571985338E-4,0.26405265462293886,1.3011372399152155,-3.2483921516839698,-0.10691109252496445
-0.009841761861855638,-0.015055960322783267,-0.008211657150919744,-2.569514727688809E-4,0.2647551977444844,1.4028847704680019,-3.2256268405774695,-0.20791929472900147
-0.009857513738107573,-0.015055147179991044,-0.00821499547276996,-2.315027312187331E-4,0.2648838808317929,1.383502505137688,-3.2316551661406536,-0.18777217398381107
-0.00987317298078893,-0.015055536777761358,-0.00821575355019735,-2.060599187731177E-4,0.2646556156418842,1.362941429288675,-3.235936794508183,-0.1676461876606986
-0.009888838930734242,-0.015056539304851119,-0.00821511667194143,-1.805509208437844E-4,0.2642737433395839,1.3417188432232352,-3.2392510246219106,-0.14748619652672554
-0.009904662378017912,-0.015056725269689578,-0.008215940812128045,-1.5485413348557638E-4,0.26407180923602264,1.3210386293777165,-3.243472625528097,-0.12712879539979174
-0.0099994841461603,-0.015056713959567938,-0.008219353888103595,-7.981819152543399E-7,0.2627065401775979,1.1967673650574893,-3.266297703560569,-0.004634703982586385
-0.009984068432054488,-0.015057208064643248,-0.008218258651234859,-2.5849341911533014E-5,0.2628548375226539,1.216679270710362,-3.2624010852483534,-0.024624293107056144
-0.009968143618805126,-0.015056943883388645,-0.008218488901379335,-5.173226366812346E-5,0.26316723643483914,1.2378849548916602,-3.2591997232060907,-0.04521293931214512
-0.010070990829714783,-0.015044097550553465,-0.008242764515347398,1.1602656872531366E-4,0.26435659205090506,1.1123269649220358,-3.295697260789026,0.08950720391756506
-0.010087300109659176,-0.015043858931222384,-0.008242327631264638,1.426745989146724E-4,0.2639946106517952,1.0905337011845173,-3.298396663054413,0.11085456111040766
-0.010103463992644795,-0.015043375054661036,-0.008242198774412403,1.6909990248164085E-4,0.26368561419403075,1.0690806020589496,-3.301204015341853,0.13206188437528432
-0.010150875007810737,-0.015040761474611794,-0.008243109122055949,2.467383634652208E-4,0.2629911964433121,1.0067610506669198,-3.309901584032113,0.194561399264075
-0.010119473618733861,-0.015042668295274772,-0.008242338429523472,1.9529376095538226E-4,0.26342009536043753,1.0479575687391625,-3.3040949853250794,0.15311891960512772
-0.010135291691186236,-0.015041736696357487,-0.008242758775401949,2.2120146770145477E-4,0.2632015740384394,1.0272130718740324,-3.30707404661281,0.17398104662884695
-0.010213776434410625,-0.0150384040133045,-0.008239592525779348,3.496145800515129E-4,0.26148662276735113,0.9225117629935232,-3.317302747064293,0.2773667080753563
-0.010166360436316942,-0.0150401617425419,-0.00824254635227604,2.7207643121036164E-4,0.2626706674860219,0.9860955499499259,-3.3120338819721655,0.21495410777096444
-0.010182056824530045,-0.015039907961211582,-0.008241094732161579,2.977080238887358E-4,0.26220608551726765,0.96483751138772,-3.31352867263464,0.23554940827942805
-0.01019797480294351,-0.015039357634081506,-0.008240025075110062,3.2372945347777094E-4,0.2617960733073447,0.9434675729515442,-3.315243580040626,0.2564883630979163
-0.009381856722168557,-0.015050836791132281,-0.008094075955870675,-9.90395085368608E-4,0.2575735374523908,1.9549016630716858,-3.008800899055002,-0.7743637846679449
-0.009394616741973207,-0.015060569284996725,-0.008080771436393025,-9.664593657382743E-4,0.2554193462826106,1.9284505120496793,-3.005966124523814,-0.7561027127412908
-0.009362519148636764,-0.015058425215682809,-0.008070867266468483,-0.0010168802669058895,0.25464883806638156,1.9655402023122204,-2.9879134497901787,-0.7939032114012758
-0.009234458663795173,-0.015053399892356677,-0.008017583357589314,-0.0012142635825570325,0.24926898681968607,2.103359362037928,-2.90559684347371,-0.9396970011389153
-0.009339689926593446,-0.015063300092803591,-0.008051101817087833,-0.0010496742979457985,0.2522969637911943,1.983098182318433,-2.967673254603906,-0.8180930781656633
-0.00925718456551462,-0.015058978022856368,-0.008018929006058209,-0.0011770973754637428,0.2490540439290165,2.0731609826308257,-2.9159627614571697,-0.912262588216846
-0.009275604426983861,-0.015056465571109507,-0.008033135933299773,-0.001150537369845409,0.25084927335826895,2.0581258144453827,-2.9315627458531486,-0.8929301155053547
-0.009293486510780387,-0.015062301933426048,-0.008030934976333408,-0.0011205197316116894,0.25013557778277423,2.032056062365367,-2.9377068754621143,-0.8705311223832143
-0.00931642302143758,-0.01506417124014443,-0.008038496855884628,-0.0010847620470220128,0.2509354159719798,2.006058124933898,-2.9512639196633548,-0.8440447459310289
-0.009461393028958771,-0.015064485972077931,-0.008100139254809144,-8.612526536138466E-4,0.2570438086876093,1.8502832902995208,-3.0418596012319807,-0.6766544033209202
-0.009522612311077516,-0.015070703061031419,-0.008110040570609886,-7.633440709441174E-4,0.2572390913874203,1.773759544796077,-3.069012133596482,-0.6021506088917353
-0.009483119288316681,-0.015063635039894661,-0.008109904864920131,-8.276560100120478E-4,0.2579796573193998,1.8270734929139552,-3.055346706273188,-0.6511954235399483
-0.00950495542756393,-0.015067962276573522,-0.008109305015472142,-7.919389405714956E-4,0.2575361879217146,1.7971608675309374,-3.0625483415978922,-0.6240061754638715
-0.009400905143385747,-0.01507768077532336,-0.008050472670826654,-9.49540746723212E-4,0.25120670003630924,1.899633593580836,-2.990705758523632,-0.7429170203278518
-0.009417542849941146,-0.015074869990677751,-0.008062758140389696,-9.251108648375107E-4,0.2527123287347907,1.8853058229116642,-3.0039896353114184,-0.7246638213795111
-0.00943328087495216,-0.015080683699664081,-0.008057893335798717,-8.985236594443558E-4,0.2516630309345656,1.8609066670662922,-3.0068934764024053,-0.7045160072647101
-0.009451410428397599,-0.01508445517398024,-0.008057704676257932,-8.69098349116413E-4,0.25136775669078015,1.836428506860125,-3.013270028197521,-0.682259826219617
-0.00873826928265398,-0.015034406498221247,-0.007711534635150677,-0.0019315962544240524,0.21130476969615536,2.5368614980023225,-2.5043337332344113,-1.4324234382045424
-0.00876215417965854,-0.015041289569364137,-0.007719189858948817,-0.00189430349444962,0.21247138436057275,2.5105924685838077,-2.5215445973093504,-1.407583605552784
-0.00920971212669029,-0.015061496944351112,-0.007988893097365219,-0.001246967419484645,0.24566302217000915,2.116209413820261,-2.8792235786476628,-0.9628913657866761
-0.009187671052007443,-0.015063843810947152,-0.007972269403523101,-0.0012784552312724662,0.24366031123953755,2.1340217029436874,-2.860581446247451,-0.985455247790223
-0.009166108243941921,-0.015062996294075577,-0.007961624676695303,-0.0013108504777980393,0.24239898322561373,2.155546730547419,-2.8453126601305034,-1.008785260455606
-0.00914674268893592,-0.015053583479359103,-0.007967999250070593,-0.001344905331370655,0.2436340285654395,2.1869767259600583,-2.839965137733405,-1.0339198626053019
-0.009099740255751774,-0.015056107771006402,-0.007934944953671565,-0.0014123387637500725,0.23965278588841812,2.2260892640737384,-2.800859150290642,-1.0815258489891375
-0.009125421249732667,-0.015060343958330134,-0.007942695355733567,-0.001372235561544456,0.24035841253610665,2.196861268575509,-2.8168151074750813,-1.0528041071074046
-0.00884973547904884,-0.015030849091957245,-0.007807099972418374,-0.0017842575572612027,0.22417816523881892,2.466758951993484,-2.6103633804477684,-1.3383633349821216
-0.008822630356376098,-0.015026584085638435,-0.007793540381130372,-0.0018246918424005161,0.2220455015731562,2.492734351333189,-2.5890719769419204,-1.3653966527013017
-0.008793190285761572,-0.015044539921045761,-0.007738508309663362,-0.0018502559547063648,0.21510977700501016,2.4848723712288447,-2.5477527564980575,-1.37892730590619
-0.009069604388873468,-0.015053714456616747,-0.007920490400830161,-0.001457634618265532,0.2380002379806925,2.2562065127229656,-2.7791518663571915,-1.113554004287959
-0.00904286576286664,-0.015057293950414647,-0.007896669670906535,-0.0014939093193681596,0.23492401153930545,2.274056186724445,-2.754116942452963,-1.1384290623235576
-0.009024316871263274,-0.015053233093925887,-0.007891932532572492,-0.0015231751181044681,0.23460069019747457,2.295794649918193,-2.7426478369459715,-1.1591618076573258
-0.009006288218231993,-0.015056559393843705,-0.007873794777973196,-0.0015466922067209317,0.2321051000471055,2.3059584545162353,-2.7246167122030154,-1.1750450152325715
-0.008954181859479864,-0.015058143065447279,-0.007835071023891464,-0.001619193980961468,0.22738044831327617,2.3458011570064046,-2.6792735001667363,-1.2243458211849558
-0.008981729186354055,-0.015057760324128975,-0.007854905644087563,-0.0015806909380692467,0.22986631407041916,2.3242850626177867,-2.7029523882805915,-1.198197504721959
-0.008864045502010129,-0.015052562852332602,-0.007779336496691974,-0.0017480772311875676,0.22037745818549676,2.4226908857650207,-2.6054692317747516,-1.3111035194401477
-0.008892112201279674,-0.015053203918723874,-0.007799181881303555,-0.0017090569905449033,0.22293369938801536,2.4010302079152956,-2.6297273752716817,-1.2852909442246887
-0.008924110079397087,-0.015057413087430535,-0.007814995497768608,-0.001661681058876579,0.2248340706420798,2.3703878965934666,-2.654044953134712,-1.2531070924222127
-0.009687802587621587,-0.015061434643378373,-0.008174688093932297,-5.041327776301319E-4,0.262856625993394,1.5896390598359211,-3.1606037346505382,-0.40211390249648993
-0.009673970106186064,-0.015063221023928992,-0.008167998101429215,-5.258491416753206E-4,0.2622059024509125,1.604454616037531,-3.1523727880284724,-0.4190440382587128
-0.009721339081916943,-0.015069907463518965,-0.008165068543849333,-4.486752816332547E-4,0.2609053452798256,1.5392946785142476,-3.1641832836451846,-0.3590126732022226
-0.009702191083472967,-0.015068681293281372,-0.008163533219641016,-4.795365982733316E-4,0.2610575175322554,1.5640512130963595,-3.157802301327275,-0.38306166366316574
-0.009657467313303173,-0.01506397684499402,-0.008162558280994249,-5.520124685295071E-4,0.2618167024812579,1.623544448276063,-3.1440804294237163,-0.4393842083500314
-0.009638542813339899,-0.015063391960644724,-0.008158944784528955,-5.823223109288996E-4,0.2616851378311314,1.6469359922958215,-3.1361147668792673,-0.4628863159967182
-0.009539173372957304,-0.015072760750693024,-0.008111529824315568,-7.366938065458908E-4,0.25716232526796573,1.75236547278371,-3.0754611461140864,-0.5817692149683357
-0.009555267379312025,-0.015073361388494022,-0.008115518331504925,-7.112299909501485E-4,0.2574146487856685,1.73316034499586,-3.0831794710795073,-0.5622744968401436
-0.00957088962527934,-0.01507439369024747,-0.008118338564509749,-6.863432479892293E-4,0.25749756972983734,1.7138623379491802,-3.0899752940791916,-0.5431641521963019
-0.009620640926289831,-0.01507180470281201,-0.008137688079485226,-6.085330820600047E-4,0.2592065170178295,1.6586070187367346,-3.1175396352033027,-0.483223229921459
-0.009586951130870219,-0.01507599698940333,-0.008120001145707533,-6.605761266717626E-4,0.2574222361234611,1.6933087282106725,-3.096140324580565,-0.5233551629665197
-0.009603770871848808,-0.015075358904105976,-0.008126077443816543,-6.342322800361786E-4,0.25793159152478057,1.6743830148823846,-3.105161836687913,-0.5030730509008227
-0.00812899554129599,-0.014929239163969385,-0.007277435591873077,-0.002760305897093739,0.14827172727058469,2.9532857807810124,-1.9348892727580977,-1.9101909577337353
-0.00809022629897684,-0.01492588660655392,-0.0072381005844429315,-0.002804097083938434,0.1426092789403233,2.9642847287250897,-1.894372839119032,-1.9298616374652473
-0.00804952568258908,-0.014919575237875474,-0.007200200223188354,-0.002852472527171312,0.1370932651722541,2.97927451947768,-1.8525700220717083,-1.9519897587069337
-0.008006966511268952,-0.0149148631021225,-0.007157111868404009,-0.0028999800778871407,0.13080740437356883,2.9903479081469313,-1.8082687931301284,-1.9722296850382117
-0.007947446445216411,-0.014878189489511702,-0.007137433943676345,-0.0030010725389717986,0.12602818473515873,3.0538368379278906,-1.7515249534729682,-2.0263501649489393
-0.007967180859567075,-0.014907554520962912,-0.0071202337046017295,-0.0029470122943679824,0.12502207267252452,3.0042881696342487,-1.7675378629766594,-1.9926743409284395
-0.00788466434441951,-0.014841025284597072,-0.007111337002204212,-0.003105523722056252,0.11988076278017201,3.115078799544416,-1.688737696932216,-2.079875465751375
-0.0078419440417609,-0.014850414715285183,-0.007045189238000915,-0.003132454972271334,0.1112624417582007,3.0965980493907512,-1.6417665882130212,-2.0823640938559946
-0.007910496074658045,-0.014874006972404204,-0.00709814637261109,-0.0030408837814003948,0.11966806491740174,3.060539686437716,-1.7124535417152742,-2.041613722837342
-0.007699045675275614,-0.014834649794301607,-0.006884164559299911,-0.0032740805988375065,0.08812049890762673,3.1036190673610595,-1.491638681107738,-2.125828576669075
-0.0077947216003660235,-0.014853437747620364,-0.006981879424567843,-0.0031701010393061857,0.10300155231873466,3.0868005881326757,-1.591342228421109,-2.0904027645330583
-0.007744095570389197,-0.014842863635095509,-0.00693143117872477,-0.0032264950743870514,0.0951972301124474,3.0975433681868556,-1.5384782048006194,-2.1104705637171652
-0.007655784249153593,-0.014825683193856446,-0.0068394496416548925,-0.003320154280782203,0.08181192175194928,3.1097074973122463,-1.4467892192283818,-2.1403561049309903
-0.007610536075675751,-0.01481199602715094,-0.006797127493483581,-0.0033729829149158137,0.07509401954352139,3.1214623975572553,-1.399873711822897,-2.1582557430071954
-0.007559842554882171,-0.014808095804352849,-0.00673518422982352,-0.0034159567893481675,0.06687594521295497,3.115068191213023,-1.3486220175214647,-2.166309250141547
-0.00752897540137268,-0.014839504171343661,-0.006658314483660737,-0.0033971516689107863,0.059096364552356694,3.0584916884636346,-1.3210152308085177,-2.140283801826544
-0.007463619114268558,-0.014798848922208984,-0.006618500642668858,-0.003496027884727019,0.05093288669336798,3.100862263197105,-1.2525893540490112,-2.1792800995749215
-0.007487401927474836,-0.014845868709303328,-0.0065970446964784,-0.0034180203266295475,0.05198047588720673,3.0378077627401026,-1.2818750405346195,-2.1369980852612795
-0.007304547644742812,-0.014781269425565647,-0.006424854398716612,-0.003620550842460863,0.025873292281119575,3.0699555727463395,-1.1005092750577996,-2.1917416503974034
-0.007412164481520048,-0.01479856554101607,-0.006550411127637198,-0.003530565849116368,0.042585973747017884,3.0843072462391365,-1.203483078596418,-2.1799825187259887
-0.007358645653861083,-0.014792993962298868,-0.006485064412435216,-0.0035720235295708266,0.03418537874987642,3.07362795150788,-1.152462963588494,-2.1839756232292533
-0.008443094645262187,-0.015004816716360801,-0.007493342421839772,-0.002329315732308433,0.1812416974750515,2.7388569405637635,-2.2326259089011007,-1.6735868984445148
-0.00833541691579239,-0.014973738682927317,-0.007434107649676005,-0.0024862680339257297,0.1719167685678,2.8296410096153797,-2.136884298039575,-1.7656288230420436
-0.008307668465483331,-0.014968398159851048,-0.00741344679898509,-0.0025233877718085426,0.1688612894618359,2.847130260779345,-2.110165174381368,-1.786012742050992
-0.008207162219445674,-0.0149313972391893,-0.007361905899349895,-0.002674737338878664,0.16025387217148954,2.9353805070349597,-2.018140383519901,-1.8716868060916045
-0.008245040959763288,-0.014949545098616563,-0.007375692851737128,-0.002613408041752023,0.16283150507014252,2.8958820476432057,-2.051741712014655,-1.836315679581656
-0.008277460317466135,-0.014960248818224709,-0.007394090447716714,-0.0025659481065796606,0.16589145090307458,2.8694383129774614,-2.081778284801207,-1.8097362284554157
-0.00814450514447541,-0.014966886363302536,-0.007239207246013864,-0.002701926928785014,0.14473038086053577,2.887925414574903,-1.9393812005433289,-1.8697208101566554
-0.008181615193135284,-0.014968562452770897,-0.007277650317801501,-0.0026611467918886624,0.15011724637423862,2.878180528638905,-1.977697455341486,-1.8510388561486144
-0.008404788732579209,-0.01500427834537714,-0.007456312372427847,-0.002374985884637935,0.17605139206213202,2.754769018368466,-2.1938268450478304,-1.698295842684257
-0.00837306652085201,-0.015016754578509987,-0.007404798293068676,-0.0023992262463219142,0.16966808265363056,2.7461048561612196,-2.1553697931641813,-1.7072600411653476
-0.008348017647086892,-0.015004097090881272,-0.00739936241905418,-0.0024406398358343627,0.16835165254224344,2.77521519242194,-2.135888287727049,-1.732496985762495
-0.008713447317248046,-0.015041324136669476,-0.007678859688613913,-0.001958432929126483,0.20705668393342228,2.5415756152043056,-2.4757929677052286,-1.4480325008724078
-0.008685003138695848,-0.015043195222858656,-0.007651586801128597,-0.0019937968214226685,0.20330066499798938,2.5557796728091975,-2.447477583689494,-1.4695123699021264
-0.008640260072295795,-0.01504113438525164,-0.007616426064839436,-0.0020529194033214733,0.1985802094785741,2.5848109575526537,-2.4060864429683133,-1.5059208152249275
-0.008662152121838405,-0.015049897308199542,-0.007620592717145826,-0.0020174108043100976,0.1993470305927439,2.5585110856537825,-2.4210314194565594,-1.4825552107151672
-0.008619642769194892,-0.015053076651905828,-0.00757822419587718,-0.002068480872474547,0.19393692395043072,2.5771805551453095,-2.378334621768175,-1.5125907672745178
-0.00859122090403938,-0.015047694615471978,-0.007561998208607216,-0.0021087955507296664,0.1914950995777374,2.6008760796420916,-2.3544594144433115,-1.5377427665246888
-0.008460952712972349,-0.015036942105147147,-0.007458836110597445,-0.002276987659045267,0.17751469250793517,2.679455601456009,-2.233138982581439,-1.6361139390542354
-0.008493965477507762,-0.015028031902683094,-0.0075047199052351585,-0.0022460510567138825,0.183474503446176,2.679372118660329,-2.2710139681286527,-1.621245931073892
-0.008557389007241319,-0.015038123521222135,-0.007547249467555029,-0.002159362817020585,0.18934441319724946,2.633280890443538,-2.3275908979386553,-1.5694715407541708
-0.008521211561577242,-0.015043425992583305,-0.007505162951786448,-0.0021987034062685897,0.18384164978411197,2.6423901220305854,-2.2890233259009425,-1.5906746438906068
-0.006964057178769024,-0.01464985280297694,-0.006079664724283937,-0.003971995774834332,-0.02484470612858963,3.0803845219602017,-0.7682091741750957,-2.2502390888737067
-0.007250040826294237,-0.014765319276626063,-0.006367570842704512,-0.003673551598280003,0.01784719696606775,3.070212777335307,-1.0477571999770336,-2.201447881056876
-0.007194467090564071,-0.014749663470439281,-0.006307642637546194,-0.0037253086343316346,0.009247492261996539,3.06760596742261,-0.9945094980630395,-2.2091721158654445
-0.007151811034367014,-0.014729370743139555,-0.0062688124278874905,-0.00377524631280931,0.0031460393529283265,3.075583602872108,-0.9517018239459164,-2.2206858373075464
-0.007090005378932009,-0.01473478560681745,-0.006179595181001738,-0.0037985609958137165,-0.006009931387202942,3.038188004927644,-0.9019053093035474,-2.2073431531211285
-0.0070119780546482775,-0.014705670101867109,-0.0060987334721507485,-0.003874390058972829,-0.017875033501795232,3.0361450367598857,-0.8284404557142057,-2.2169627191336296
-0.005519971326925187,-0.013944807891694017,-0.004378812366181119,-0.005067710756241805,-0.19608276257433535,2.583146480455387,0.3421718639239182,-2.003212843922484
-0.005383547753444913,-0.01392930028450267,-0.004206743233589566,-0.005061631417964805,-0.19891235285571368,2.488291918950535,0.36862424357627127,-1.9433347956134774
-0.005698982913154903,-0.014100780787462885,-0.004592553431878227,-0.004891052227386919,-0.17733434309532603,2.6480205803180046,0.1984106961008728,-2.048543303113424
-0.005597426107505677,-0.014035588737138652,-0.00446999012387114,-0.004963176478693209,-0.18704769966347232,2.602855245523706,0.2650265570664309,-2.019114220385497
-0.004757301811338179,-0.01345983701218862,-0.003422295180345421,-0.005441907100726324,-0.22208580599713887,2.1470858662171604,0.6865009908107255,-1.698297462327648
-0.004876804923253779,-0.013644147310303376,-0.0035884458153872018,-0.005274219598799698,-0.2142237010755693,2.2082406695992147,0.5746824122876751,-1.7500846499549445
-0.005024224046385964,-0.013784846132521953,-0.0037718909155294356,-0.005153875908012299,-0.20776079634209163,2.2806000296321898,0.48565575313809467,-1.8048536244915534
-0.0051542401252602675,-0.013893836172971127,-0.003928798550701912,-0.0050569270032946026,-0.20052717862394984,2.3416082361681103,0.4097100298206236,-1.8489496536783332
-0.005271096644604907,-0.01396286703535814,-0.0040678653046229436,-0.004998513178336012,-0.19513543459106172,2.399727178492827,0.35580968447553357,-1.8885036354408584
-0.006727358967776164,-0.014571327555681114,-0.005808495887978603,-0.004165983019408987,-0.059031190002074956,3.0287423999870744,-0.5584679463519109,-2.244778680645309
-0.0068961158592410155,-0.01465193610736496,-0.00598356272477446,-0.003996170549794585,-0.03452326665528784,3.0389424882311693,-0.7172844256660645,-2.2332123479367687
-0.006827002877040591,-0.014646020682676125,-0.005892658955366414,-0.00402976587377243,-0.04406171131218716,3.0055787273803243,-0.6642366504666879,-2.220498348952257
-0.006752225904240756,-0.014641978588901785,-0.005792896355020276,-0.004060445345483132,-0.05364116125669382,2.9655762850596914,-0.6104980856684827,-2.203371836799562
-0.0064869816275570785,-0.014524562826526281,-0.005504423623314021,-0.0042902950015344665,-0.0894625054613275,2.9176715792866568,-0.38450120224697587,-2.1956430583500537
-0.0066495693382616836,-0.014554420335111394,-0.005711184750857314,-0.004211431118414938,-0.06969543337169933,2.995952475723052,-0.49851285511159193,-2.2316620233396365
-0.006564122419018885,-0.01455137521346969,-0.005594667638169939,-0.004236765463521908,-0.07950384075241453,2.9428727060630084,-0.4441677655889889,-2.205768539735688
-0.005715148734924395,-0.014211290548175774,-0.004592191596954958,-0.004749505010131684,-0.16738629875811253,2.603363785979609,0.11903839313840026,-2.022632363495104
-0.005799196640365489,-0.014277030931161665,-0.004684967561914113,-0.0046697923443825735,-0.15877053649686423,2.6252827296107117,0.05443192677965123,-2.0371703296499066
-0.005906885780849263,-0.014330919483909042,-0.004809496270839792,-0.004602345773949666,-0.14860625586908502,2.6680784960014727,-0.012340912014024987,-2.0627735429180643
-0.006002917220742933,-0.014343547017931418,-0.004931396516277678,-0.0045854135399536105,-0.14235808356115326,2.7271383113467214,-0.05300042297879874,-2.097119284690733
-0.00608197749305114,-0.014398534174731147,-0.005016375848946763,-0.004509943871745678,-0.13304526015601914,2.7434651663804805,-0.11660703857360154,-2.1060895176370575
-0.006148723867813621,-0.014459710452301208,-0.0050802896649507715,-0.004424388563827827,-0.1232518088276501,2.7440651638365225,-0.18126187651135925,-2.1042931016933197
-0.006225507549523602,-0.01447461605436583,-0.005175626415845584,-0.004397468330663211,-0.1172419718056746,2.7843871723958586,-0.2228086268480982,-2.126942430148402
-0.006307547664282839,-0.014483438399480554,-0.005281546159895551,-0.00437582107620794,-0.10950516213245909,2.832791021437302,-0.2669860585426422,-2.15300300151957
-0.006348993875888968,-0.014551177893003597,-0.005303151525014715,-0.004278870164211069,-0.10202079321438229,2.8020988283270714,-0.32603886529920934,-2.1318222419568653
-0.006425448013872655,-0.01458270718354243,-0.0053882192175277325,-0.004223548277098703,-0.09287413494519177,2.8232198569489486,-0.3823336521105871,-2.1408978591024757
-0.013796131812785894,-0.005292359153396464,0.0052086237381356185,0.004095397411882153,0.41979506637434627,2.5753625190553397,-0.010954862429262401,-2.000291693619428
-0.013935651158591703,-0.005342886919111547,0.005047191670250601,0.004157742910102575,0.402413549186391,2.5402555096340205,0.08102942047440921,-1.9783155689847793
-0.014079195844619394,-0.005403611163191987,0.004881443391785135,0.004223113199478472,0.3844471778142163,2.5016468698925105,0.1736576585357337,-1.9532162152435915
-0.013789625620938975,-0.005114010606147377,0.005172429201952475,0.0038787143022225227,0.4034415250403763,2.4512346226903268,-0.06984622546316038,-1.923979630922451
-0.013518248009584332,-0.004851724825958275,0.005410179056331668,0.003540952544992897,0.41006260818297996,2.3624594380652346,-0.2769499404042184,-1.8622204622009126
-0.013758189328908405,-0.004961464984655156,0.005169586375656762,0.003698828161438452,0.39172388478447023,2.360261971050449,-0.1254735288950561,-1.866620590741021
-0.013679991631073838,-0.00484849164298587,0.0052269091974316865,0.0035627537202293667,0.38924353693095487,2.313232499646217,-0.18920298592443968,-1.8352375890405708
-0.01345791022741371,-0.004661612470103469,0.005412368514221639,0.0033183799856848807,0.39367837875222994,2.2476195432754618,-0.3355231472557197,-1.7870702168122123
-0.013358170961533595,-0.00446771023612093,0.005449002807575195,0.00309009888420813,0.3799905388887651,2.1415762775864184,-0.40443790396216434,-1.713021039530233
-0.01284182923349589,-0.003673698601611027,0.005613773756988099,0.002184330328872478,0.31417757492346404,1.7118211598948174,-0.6188439325302834,-1.3994219094107812
-0.012940778634778667,-0.0038997041167988383,0.005623480453367206,0.0024133992495517826,0.33705440029724243,1.8324996330364047,-0.599527835583542,-1.4867576683758834
-0.013321327871587832,-0.004245360345122232,0.0054059956411603586,0.0028581281852524914,0.3566186039790101,2.014676143402817,-0.4307281288320752,-1.6268134562268008
-0.01323241254775502,-0.004070917366453428,0.005427429825223527,0.0026670881305301646,0.3429848383393544,1.9258917061073786,-0.4723188584504307,-1.5625944606810178
-0.013126468580743492,-0.003931610501217637,0.005472169775499887,0.002507398246154107,0.3320948858921512,1.8543445509973921,-0.5158614019093137,-1.5096631222711732
-0.011474620910218303,0.0024848553521893643,0.005927215895059615,-8.180295360883566E-4,0.18607368924017723,0.9101535698331474,0.771753919346046,-0.7602820244089504
-0.011716786085023731,0.0026438777628609005,0.00589046512038467,-0.0010033260946648965,0.20644251516303216,1.0419485473415513,0.7688415570053337,-0.8701439728647452
-0.011991865922850122,0.0026629717486484276,0.005761791922149516,-0.0011403078196977718,0.21392405664386113,1.1387114305077757,0.7019967886271922,-0.9576242617275855
-0.01230870489219068,0.002767399139851791,0.005624996454314642,-0.0013320974705011955,0.229245758930162,1.2574740532699489,0.6408346794194578,-1.0586323675506704
-0.011353434567060155,-0.002488491022595938,0.005975325761809557,7.600572320356573E-4,0.1819121084039174,0.8632009337603694,-0.7981842936921696,-0.7162291081591593
-0.01163021728877146,-0.0026504682927142626,0.0059328907810690295,9.640311298438215E-4,0.2034829916502325,1.012553742111464,-0.792619344157193,-0.8423140728826369
-0.01190192666998711,-0.0028287803869957314,0.005878627729533122,0.0011857194525535357,0.2249961141920551,1.1602662083097746,-0.7763426732016664,-0.9636241131364752
-0.012144134046978535,-0.002966142903736852,0.005803112059140637,0.0013785243618706271,0.24337193489966677,1.280522675671662,-0.7404202341251594,-1.0635178080508956
-0.011338643099326983,-0.002112760694058485,0.005830649132973179,6.202609660958398E-4,0.1593268437430214,0.7773486188600599,-0.6673326132161853,-0.6647795049079096
-0.011431301936825289,0.002134604894122577,0.005806147838015782,-6.659698913260181E-4,0.16336787507088116,0.8162609421746351,0.6600380367803429,-0.6994489592513653
-0.011244909425550162,0.001725369590066722,0.00573245279010328,-4.6256613501969814E-4,0.13916071031530283,0.6784024693852411,0.5476615768941485,-0.5946784099063692
-0.011095075695009131,0.0013404155244122642,0.005670939401412926,-3.130495389614758E-4,0.12109047015464829,0.5769395714049769,0.4320523844570303,-0.5178780787056878
-0.011293631641749477,-0.001732034180270286,0.005719651603962732,4.810196884865331E-4,0.14032445165618043,0.6976973887077135,-0.5428960372428874,-0.6128088090657489
-0.011201368217459325,-0.001331120317008065,0.005641405343065733,3.3843870559445785E-4,0.12436490482693606,0.6146062315756429,-0.41977734894811564,-0.5521902489928511
-0.010995986798268487,-9.545018971556676E-4,0.005617257365457324,2.0103238051475674E-4,0.109559787740989,0.5099524554702541,-0.3094175943472728,-0.46782319487720486
-0.010772027731449153,-5.48444041496858E-4,0.005606330350734357,8.970202112108328E-5,0.09699171660598203,0.40860818560551315,-0.18208153305526317,-0.38389077892065343
-0.010826867456633605,1.4267950685798348E-5,0.0055703884697353165,-2.4888614726969794E-6,0.09647251406574191,0.4193814284532667,0.004905733636740725,-0.39628314044971874
-0.010968029030787698,9.141978408471517E-4,0.005616364914560156,-1.8730723444319974E-4,0.10827999937334665,0.4969239466685273,0.2977290784689444,-0.45695901515983955
-0.010891341982214245,4.6598484727635846E-4,0.005577765447084839,-8.731226238251522E-5,0.10035709678901834,0.4497972279040266,0.15233146361982028,-0.42225047179379166
-0.012368248672898948,-0.0030797304341456597,0.00571211448052207,0.0015507391550988441,0.2554532520057029,1.3783791641108625,-0.6949751624154579,-1.1454180737165454
-0.012769163773244486,-0.0033852202123129532,0.005554848954684006,0.0019302315917046754,0.2843270941324005,1.573731097593657,-0.6078810471342065,-1.3006439499966673
-0.01257499813519763,-0.003207928563150062,0.0056254590448386295,0.0017246163852446276,0.2692992635872342,1.4707523899239467,-0.6488086528078972,-1.2201723186917233
-0.012609777905010324,0.0029192586778318767,0.005492388941657342,-0.0015425522117184576,0.24259227997706537,1.3726971285247973,0.5822463427273942,-1.1545246395101136
-0.022611068534639896,0.01815751255416578,-1.6825859747582076E-4,-4.287038095651554E-4,0.1343206719209633,-0.24110531730421123,-0.15445901620531247,0.25007512547741567
-0.020607295402001926,0.016712982510555217,-6.034002223975695E-4,-0.0011838823261445689,0.0852323696260021,-0.4635714148662317,-0.20728285342640218,0.4931831782128246
-0.021604221203021804,0.017293790378380674,-3.5716727262737107E-4,-7.938934026749327E-4,0.11050447049726664,-0.3545495809194548,-0.1865722314170901,0.37291104097624633
-0.019935987549173726,0.015366198167289824,-8.10013905893105E-4,-0.0017839754346745116,0.07951005994105322,-0.5540555290906012,-0.3176305289639029,0.6021358515721841
-0.020523644366358503,0.015860259079169863,-6.398711280509773E-4,-0.0014386237017863642,0.09076887559631958,-0.48474600252850025,-0.27404101344699605,0.5215192163006404
-0.019424388218951604,0.014150330074553021,-9.162194631075847E-4,-0.0023911149186339117,0.07419857938638298,-0.5965194040646792,-0.469387065556999,0.665540434228942
-0.020070616060146103,0.014647335738038586,-7.44761061966327E-4,-0.0019537359263426626,0.08399705641470778,-0.527838047069254,-0.39207066511924293,0.578662718665421
-0.018927244284716777,0.013024832590216417,-9.252469573124449E-4,-0.00302911338414702,0.0682499164046746,-0.5914450152328962,-0.6679099989379021,0.685048612759034
-0.01889898415747235,0.012593127062486859,-8.404897466230188E-4,-0.0031838822284477584,0.06825939828342609,-0.5426365716028034,-0.7403617740611943,0.6425472366318485
-0.01937048871435244,0.013415307507313895,-8.475997695955758E-4,-0.0026591291013538586,0.07248922467560937,-0.559424935680542,-0.5724321480083442,0.6355241218624191
-0.018639640532477644,0.011831712280111241,-7.024485802683143E-4,-0.0035698704908284366,0.0653264298416203,-0.45408776828899455,-0.8971181901640807,0.5721516895734912
-0.019098280264572606,0.012173340322758361,-6.834080744864299E-4,-0.00317554597165194,0.06492888179939606,-0.45295208724079444,-0.7738250828567992,0.5471279421687884
-0.01865338454082622,0.01137789587723027,-5.472621002124946E-4,-0.0036618624068313747,0.062212810232703065,-0.3562449587165712,-0.9556279410269898,0.4762362470609997
-0.018599446462762858,0.010948183682522167,-3.994660436764561E-4,-0.003774804202248692,0.06011539908205774,-0.2589761478714947,-1.0152749523098843,0.3844911876129233
-0.018276143608186603,0.009661679582598186,1.2842105185871248E-4,-0.004091895247804104,0.055796154918873166,0.10019807846525164,-1.1620931439955733,0.04898075287342763
-0.018415143181739844,0.010074958103406178,-5.792309360640618E-5,-0.003987995288971229,0.05615622443038557,-0.027045026932725147,-1.1185543662571809,0.16588581301794073
-0.018509488367360466,0.01048820888350338,-2.2779183088090341E-4,-0.0038947573647123783,0.05800206379447099,-0.14263180178780496,-1.0746167654639474,0.27578354269768596
-0.017541687885044323,0.008967982728678455,5.828117315360401E-4,-0.004641610776886614,0.07496843778417274,0.4092831042207327,-1.3684491810754233,-0.1937154461297885
-0.017831456852762773,0.009206881305940594,3.976410733641894E-4,-0.004424864527045622,0.06561520399120173,0.28333514521784425,-1.28696569890563,-0.09677007568709058
-0.018160126721917996,0.009276064380500887,3.1582818910985564E-4,-0.004151600124192551,0.05679458074477706,0.22908577248186549,-1.183149160515619,-0.07136391033680366
-0.017385968249826984,0.007706992501874702,0.001277706273651344,-0.004334393468654865,0.07989382622639397,0.843872344383092,-1.1713779560203275,-0.6328715824268555
-0.017599734908045922,0.0085598973960683,7.855056879200277E-4,-0.004480822869770852,0.07064562296247119,0.5398283181158362,-1.2879032882631514,-0.33627776132440107
-0.017523752101686142,0.008009491504251226,0.0010811467070161514,-0.004352771981540087,0.07371044308356008,0.7258980152332165,-1.2042966458853013,-0.5231666460180319
-0.01769593884408146,0.008261883277954244,9.003120982651496E-4,-0.0043037176474284115,0.06683234767907913,0.6127384663010141,-1.2048215217330118,-0.4234732747905838
-0.016722170811826653,0.007046344895686155,0.001931809834670827,-0.0044813955730185285,0.11670706499353399,1.2251770530123365,-1.126694942854833,-0.9556461871331586
-0.01699694439411716,0.007280905414247832,0.0016649564347019402,-0.004417748039807331,0.10007356037871748,1.0715322136667578,-1.1459011160574748,-0.8290137862906438
-0.01729066380279305,0.0074639666399662664,0.0014288171972658083,-0.004291636529277976,0.08404342461449917,0.930963693583011,-1.1309633592584836,-0.7155505597225823
-0.01604492718153314,0.006029053513308806,0.002776235907940839,-0.004156716348584537,0.16883975904886833,1.596298200048276,-0.806718191317688,-1.2951363493879038
-0.016262997861276905,0.006146213510945549,0.0025701578848737502,-0.00413090590619829,0.15115328130997194,1.496922060970044,-0.8447676088563364,-1.2176637795691443
-0.01649805727518033,0.006332732963130238,0.0023390081807676977,-0.004135476568528573,0.13322347688186384,1.3910839670209614,-0.8970161398160058,-1.1287647546259356
-0.016702217033745095,0.0066583452682624535,0.0020907306759093327,-0.004236440282441947,0.11969170187293922,1.2823835040989773,-0.9896929135143362,-1.0286389377630203
-0.015864636195952655,0.005836262004878151,0.0029719087998532692,-0.004085387715176154,0.18278683371183016,1.6663442916343383,-0.7313382011303899,-1.3577213960656778
-0.01571696140431687,0.005506648419762958,0.003157461956152133,-0.0038638246292809525,0.1922669291810082,1.6948008870129725,-0.6007066757685408,-1.3940843261284754
-0.015130592514969012,0.004943788493028044,0.0037357873357260034,-0.0035431433787525657,0.2343292995912318,1.8215282181811723,-0.33795538039231227,-1.5059781669505987
-0.015564153836071355,0.005170400412676166,0.003330618093300924,-0.0036247393620065715,0.20026961812373398,1.7038416345433736,-0.4748908062990788,-1.4133228843722283
-0.015355014651611968,0.004978939937477878,0.0035295768014066394,-0.0035178121733424094,0.21448688539812183,1.7462288180080576,-0.3879418991682801,-1.4496142557527418
-0.012902750160369972,0.003096101071662712,0.00535203200661228,-0.0017647390422451217,0.25490727024888366,1.4799188438422577,0.5172077150137236,-1.2426003216732526
-0.013150209802701925,0.0033213217288774704,0.005240969911226091,-0.0020078757118515947,0.26917686127926016,1.5856230543763756,0.45866348331971324,-1.3258396354814115
-0.013850629366778682,0.003817327423550856,0.0047948663771839725,-0.0025665986182762286,0.2785045516976832,1.761879214222822,0.22429548417366116,-1.467933527540026
-0.01365482863765137,0.0036195722949874383,0.00491632473551363,-0.0023665358530339455,0.2734939150879425,1.701510069704333,0.2962038686258492,-1.421034324667634
-0.013427176964169141,0.0034474651032276593,0.005059088457030426,-0.002178380660116348,0.2707003562887884,1.64271619349198,0.3710423297087733,-1.374100376400654
-0.014322517011042585,0.00403556070560503,0.004417146117166314,-0.002793987278462299,0.26104064480978856,1.7726659969317724,0.054292098028379136,-1.480955864790986
-0.014184224054867207,0.003778958381575949,0.004497625389067609,-0.002563960622810451,0.2540589884361306,1.7089016931752978,0.11974903155550641,-1.4350020291878236
-0.01495039120917724,0.004654174498472179,0.003900911116722006,-0.0033113285547156156,0.2402223416198461,1.805971046715918,-0.2239590665584643,-1.500615111113605
-0.014690107812365943,0.004080105138033098,0.004098121954523988,-0.0028252244287528955,0.23594886114151334,1.7112331370780394,-0.052373280927125725,-1.4383168809727904
-0.014826046892607015,0.004348987453149662,0.003999203131062234,-0.0030513789613495746,0.23808460205472323,1.7554669742702627,-0.1301003464460204,-1.468315725521342
-0.023824857773400297,0.017523459343195522,-4.6245701809598624E-5,-2.4451737694378833E-4,0.20757720759676632,-0.13843560505991195,-0.1912902699433254,0.1444993088957459
-0.025,0.016831295095168744,0,0,0.29781488071055584,-0.0031730418145636853,-0.22252100741809225,0.007754425999188995
0.005853974418188554,-0.015259015783910854,0.004386647731061111,-0.0035362476230691095,-0.08992838490918137,2.0880702276876364,0.4005438924331189,-1.6813382484511405
0.005669373252125961,-0.015221275798845912,0.004216004299599857,-0.0036000870663736944,-0.09923431608831232,2.04947290604507,0.32974148316512003,-1.6600778735279178
0.008124433384339299,-0.016509079976395075,0.005332612684814948,-0.001495563945839479,0.027917369827682014,1.3425652635668104,1.4136272029119186,-0.9740499428187172
0.00792347285278719,-0.016431417299618674,0.005292758825769124,-0.0016690231813868681,0.02219021078327532,1.4397377297544804,1.3515574768490783,-1.0650057857806736
0.007706694975390697,-0.01647889692046315,0.005111423472620697,-0.0017682716665473038,0.013472783774113078,1.455146405536059,1.247513308857427,-1.1038389376925848
0.007428941489025894,-0.016410116339356188,0.004988583993660984,-0.001964458036500159,0.00512068995159371,1.5366034969792575,1.1430441163991114,-1.1872101827634525
0.005946439554777099,-0.015453583066570263,0.004386750842311249,-0.003326569007675976,-0.07803201128769345,2.006744858853892,0.4820477409149831,-1.619085240344443
0.006081006972743051,-0.015597175077039664,0.004442266833908559,-0.0031600478412788595,-0.06584562011196322,1.9579020997693708,0.5589883717398534,-1.5792325614536542
0.00612397986146438,-0.01577527976991416,0.004384779531536259,-0.0029851619504497402,-0.05763945489775605,1.8680413775476363,0.6035750087250439,-1.5127856601835692
0.0071719898471261714,-0.01630503606250936,0.0048926874067229615,-0.0021662329939790264,-0.005255549019167447,1.6213897105898945,1.045856575382636,-1.26994413571794
0.006923247907134201,-0.0162230896590394,0.004767547351946912,-0.002338586966973535,-0.016729806402047284,1.6777343170706127,0.9453038863185025,-1.3298600432604832
0.006679709874008749,-0.016133599984200563,0.004638266796607927,-0.0025054222270163543,-0.026941535089477327,1.7255512269910476,0.8459485361974716,-1.3803595425366293
0.006448180683842206,-0.016048752455978633,0.004503696655112798,-0.0026548766529848234,-0.03729033855276659,1.7582589436197054,0.7508025457169333,-1.4174455829806627
0.006243603216738993,-0.015933516322269626,0.004399777385361402,-0.0028140793132498437,-0.047484247490716926,1.7992372955780354,0.6665957392582501,-1.4569318015159782
0.008209408737566553,-0.016770431689172745,0.005115321502182968,-0.0013046573428177344,0.02473424960646491,1.175842013823775,1.3658455357248862,-0.8558504733338497
0.009610660299271224,-0.017208278067507205,0.005082084712460493,-2.442468994343006E-4,0.031508134264287085,0.4741933495046898,1.529225922605949,-0.20407770437741019
0.009261139923308827,-0.017185628057414984,0.0050525747612137255,-4.80412752188907E-4,0.030685605355557786,0.6291918429366289,1.4890841677700202,-0.35740865428628327
0.00889264209608889,-0.01723120502740528,0.004919247933769051,-7.044129207494877E-4,0.026233996120388993,0.7565709080148262,1.4001572923358057,-0.4962537802228621
0.008342943509337383,-0.017039186474474895,0.00491539903053228,-0.0011028894670469665,0.022591763727382405,1.011430381706779,1.3257472372372734,-0.7331706716641784
0.008528622073455196,-0.017308923116212654,0.00473209326995918,-8.944198919095255E-4,0.02146658712389612,0.8494702857971062,1.2909896097853515,-0.6061722757076157
0.018408596651949678,-0.022249061118137174,4.6203083203272694E-4,2.1310327890710758E-4,-0.11097136806563711,-0.26170015950491415,0.14597274918346767,0.271534389272534
0.01690005163041954,-0.020800987365664537,0.0010844630596680543,5.482579188968291E-4,-0.07888770488453965,-0.43033638246164724,0.21949864171591757,0.45735399782551805
0.01744395508076431,-0.021555348931729796,7.754823622615222E-4,3.625291824534862E-4,-0.09971448871153588,-0.34798673526362567,0.19165350602004813,0.3664702238565503
0.01571207039687753,-0.020137482300179716,0.0016079132631020242,7.508939146012357E-4,-0.06458613202647713,-0.5111610269613057,0.3179545652401132,0.5535518606800732
0.016068524470226928,-0.020918453858726385,0.0012588108110180715,5.349116998343576E-4,-0.08808457286484299,-0.42858325574632533,0.2847580982445401,0.459257107990836
0.014482035568246471,-0.01974401490500243,0.002140881803819784,8.365438252016996E-4,-0.053154322640863616,-0.5306208260068757,0.4617919572853233,0.5884144127922962
0.014981024103066941,-0.02007380559726658,0.0018519161182742154,7.577299372122423E-4,-0.06271428747864825,-0.5083698308377639,0.39451423534419067,0.5567400426105023
0.013727217594397864,-0.019193161117269878,0.002646527047478097,9.489852551441048E-4,-0.03656343526751942,-0.5544046488872848,0.5952786273610656,0.6319060238456055
0.013965954019485256,-0.019704746663325598,0.0023213963950573014,8.081702971419975E-4,-0.04860359344721444,-0.5059274986535683,0.5273307675215847,0.5687822959638362
0.013144121198625998,-0.01924017018846498,0.002814071194540597,8.463570015502321E-4,-0.033171295721177,-0.4884820728483648,0.674592595162177,0.5697652271387056
0.011630956399214382,-0.01828377073811499,0.0038823077791672925,7.233772342813975E-4,-0.0034366664618267913,-0.3179759061745276,1.0593665001326402,0.45779720709756827
0.012464308067005084,-0.01884253568568065,0.0032583493517868954,8.267813600564999E-4,-0.020513951120388396,-0.43878089633116163,0.8253135557551928,0.5400733945763844
0.01268860289887647,-0.019159744385608652,0.0029975336517128787,7.847950270582918E-4,-0.0274668257640589,-0.43894150855888325,0.7459743635243149,0.5250662202686636
0.011831447056336916,-0.018652012661622305,0.0035610457254053305,6.99808972929625E-4,-0.01077687736977224,-0.3343565227090371,0.9470838337420274,0.45062243102350336
0.012073381365800382,-0.01888917453872412,0.003337036373834651,7.110283830025675E-4,-0.016299343954167114,-0.36342945027510765,0.8693372680600124,0.46629961064026026
0.011082844783902306,-0.01830192556479033,0.003986738966247842,5.005670739358037E-4,0.0014116848319870924,-0.16327472355479988,1.1157431518338232,0.30583954491913296
0.009736926993005313,-0.017610248019997794,0.004690005753134103,-1.310951499468474E-4,0.02148876853059285,0.34019312124747664,1.3746212786804277,-0.12520751146408468
0.010281706937857989,-0.017955107604478455,0.004373788502206336,1.684991001783178E-4,0.012554556473906122,0.09962538428777924,1.2651190413717865,0.07673860727173094
0.010568757419954684,-0.018284642321394533,0.004069943094909667,2.8152464135162763E-4,0.006071045274271395,-0.009548854917051377,1.1529953615091013,0.15668265069107248
0.010674451527540508,-0.018615923139921244,0.0037946452786567523,2.933867386853943E-4,0.0016747461169417635,-0.045274193182497084,1.055460329019464,0.1703321214243913
0.009902015211660106,-0.017979992729728576,0.004356254190046192,-2.5253507122043625E-5,0.014722051485714328,0.2285502427710128,1.2507541013547765,-0.05368156997464985
0.0030975161634433563,-0.01246228290534596,0.0016018752281179664,-0.00565764636635067,-0.1649435744068478,1.1917790730708206,-0.815643778301869,-0.9928193175775052
0.0032611478763799047,-0.012697268624427034,0.0018100262156083783,-0.00555907858144898,-0.1723610485763218,1.3162463694405833,-0.7778634925620557,-1.096645934583525
0.0034413289170367976,-0.012872054079319357,0.002010378437489595,-0.005497140791184352,-0.17822562160419808,1.4273001340877145,-0.7565754737447662,-1.1832014319624489
0.0035074788429725126,-0.01309561571133424,0.002137271393831889,-0.005344876313595621,-0.17808318233054357,1.4979202086098022,-0.6803986946899442,-1.2456370736148246
0.003638813015964108,-0.013313094358841164,0.0023073661981193017,-0.00520923044071259,-0.17867630969017104,1.5821629369272268,-0.614180383490559,-1.3152440098842548
0.003783583223938675,-0.013532648568927039,0.002482641453280723,-0.005064216205432986,-0.1771401229171599,1.6600425138035906,-0.5407585530958069,-1.378934701030552
0.003935676021797039,-0.01376463058363209,0.0026586763209853707,-0.004898399004149301,-0.1742536437427011,1.728368236710428,-0.4564863219339989,-1.434966913619591
0.004080274421151116,-0.014007789917975055,0.002818087563692697,-0.004709106153495923,-0.16671611503191028,1.779299198141888,-0.3600952056821989,-1.4769633347334095
0.005483030005565284,-0.015273127493142644,0.0040122984966485765,-0.0035692478534782406,-0.09923351068341583,1.9661445698025626,0.2907245307508906,-1.605351427516647
0.005355988618253081,-0.015122169951466957,0.003939323620515536,-0.0037268595380507063,-0.11016404138261046,1.992504877962915,0.21300644394011026,-1.6277825562822001
0.005175417076143639,-0.015058793944937626,0.0037806358306875705,-0.003797663218292159,-0.11714771468958422,1.9575611625193872,0.15013312975210225,-1.6062346396570064
0.005016676564506086,-0.014925347560871844,0.0036583475436854974,-0.003929919824607134,-0.12548615982236433,1.9528666893665307,0.07506197071518265,-1.6041431238993369
0.004467342730620285,-0.014300311549006234,0.00319413210464374,-0.004499890122221877,-0.1604611860959376,1.9016419295578804,-0.23280236075465774,-1.5677025531822768
0.004205367372539296,-0.014276976179439857,0.002946224900609052,-0.004482955752783382,-0.1566745252263513,1.8023591729653832,-0.2521965884781418,-1.4985651247709717
0.004581035517998751,-0.014543240972249178,0.003291987178809196,-0.004278918101303503,-0.14795334317432465,1.8982080062361784,-0.1264504915795531,-1.5679627165771937
0.004679742953609451,-0.014689992881314949,0.003372320121644559,-0.004145596259608495,-0.13972581575778417,1.9000583713658077,-0.06118976321765116,-1.5701253123572294
0.004799101103645368,-0.014863094379312186,0.0034604014109286367,-0.003985955433174158,-0.13051555082238475,1.8952598378736545,0.017067985467138645,-1.5668463343004058
-0.002655263868813831,-0.01132808645036044,-8.086643864079009E-4,-0.006060325597458347,-0.12512274228687673,0.5998634735280612,0.9500119022185425,-0.47388531956774443
-0.002865613630682877,-0.011564924659508143,-0.0010268912283044821,-0.006062353755044311,-0.13508777443833492,0.7612588082068488,0.9909315183193318,-0.6046350448798569
-0.0022489720626138665,-0.011403325382777158,-6.949058176070757E-4,-0.005859176763332263,-0.12170828078932665,0.57216428472608,0.7704197934187845,-0.4800534058993064
-0.0018438939808368,-0.011428445158202192,-5.626010225984497E-4,-0.0057104356776368735,-0.11855206663439093,0.5317829656561405,0.6131927598567954,-0.4660824639920192
-0.0015139106316746581,-0.011372020886462116,-4.3731279528019167E-4,-0.005636117219995557,-0.11599169164903025,0.47340038044454247,0.5016698690917524,-0.4283945627987302
-9.593166545451031E-4,-0.01106909840121762,-2.1515572657086862E-4,-0.005602152015002782,-0.10760521271244712,0.3205477876950844,0.3252110131814023,-0.30154363704187515
-0.0011989566660969675,-0.011474256740677764,-3.640572186583175E-4,-0.005533692525768296,-0.1143733936065674,0.4909978386317612,0.38414471068928474,-0.45392805419597776
-3.6427559588189125E-4,-0.010925355195888395,-7.042618679430763E-5,-0.0055646680633954435,-0.1031259309804615,0.2500525722293456,0.12433638710972486,-0.2442873155130789
8.541278788795214E-4,-0.01091771530685126,1.6557646970882776E-4,-0.005618066413721956,-0.1033211952550732,0.25799514130790396,-0.29373018621983565,-0.2442835090226534
2.6068863672772216E-4,-0.010944477351308693,5.1325015814506965E-5,-0.005555363723404779,-0.10406600701358516,0.25519454783461665,-0.08824688307236243,-0.2504776894736436
0.00228991641114566,-0.011538662434182265,7.690524439318776E-4,-0.005823490400704498,-0.1276780502614188,0.636798899292149,-0.7644994107625259,-0.5396611036213129
0.002486653453576231,-0.011799937144460808,9.67433118977393E-4,-0.005786759777213911,-0.13609277992463076,0.7845170996374711,-0.789948929160547,-0.6631890865515743
0.0025261538730290837,-0.012100691628621138,0.0011121224825262064,-0.005651831984177977,-0.1442131874542285,0.91072821460098,-0.7362674688364678,-0.778081181962956
0.0018995466540009229,-0.011560777904632263,6.282768095829629E-4,-0.005680589326790795,-0.1222226823463652,0.5925678645621336,-0.6175006173398324,-0.5203686311726791
0.0014701141328657345,-0.01151710456438016,4.6296436338245575E-4,-0.005578520391476451,-0.1183559229100739,0.5280791944702602,-0.47231107701876635,-0.48015930880953794
0.0010302048293095998,-0.011450233224370563,3.0612795119103696E-4,-0.005511007673298221,-0.11451613298263286,0.47034254795608293,-0.33014937726614774,-0.43985531366339076
0.002615250230590983,-0.012371131664666508,0.0012657130225525758,-0.005532901555032905,-0.149702286829233,1.0272189423655669,-0.6971434328564434,-0.8798780367123926
0.002822544586632251,-0.012491943134032617,0.0014360708716038935,-0.005533140174581225,-0.15562972659181576,1.1212545822498259,-0.7245807946519057,-0.9517214076673725
-0.002947087944506769,-0.011844969598395996,-0.001218510569961922,-0.005963013881677313,-0.14842491955946968,0.9071482535521503,0.9536959373596644,-0.7378367381835167
-0.0031177408385809026,-0.012101602218988181,-0.001448186618346024,-0.005895983157470436,-0.16087209620228762,1.0640127430947055,0.9419501060516743,-0.871173076414852
-0.003331082149005923,-0.012303653502666717,-0.0016863697728417024,-0.0058649732015608495,-0.17182272798395415,1.2130888955768666,0.947086307777819,-0.9878707292722385
-0.003327836344345764,-0.012582234566688723,-0.0018114397996506148,-0.005668760034426211,-0.17517972624443054,1.3055524849395335,0.8408999002429348,-1.0780065322125238
-0.0035723728970183796,-0.012673654676476024,-0.0020334744705375924,-0.0057037752113106065,-0.18611330699516102,1.4244805404977798,0.874174235772052,-1.1637881209828806
-0.00428550076524901,-0.013038595956522703,-0.0028046665816906153,-0.005695504083801139,-0.21770845740974895,1.841715594830413,0.871424444513293,-1.4654480410649706
-0.004322626383449039,-0.013182648800998462,-0.0028916251870780363,-0.005569550086659608,-0.21539133342802724,1.8788664869758493,0.796217885869655,-1.50354693991764
-0.0038207943499566606,-0.012757852125134264,-0.002270298738709328,-0.005744875340044197,-0.19749043129064384,1.552384215968605,0.9049807176927909,-1.2530979519441783
-0.004076608111481631,-0.012943130432318744,-0.002571403812774028,-0.005694872172970814,-0.20901926053851608,1.717019225654272,0.8767116468104242,-1.37716590122392
-0.004364912648149239,-0.013351293792774357,-0.0029827002755063938,-0.005417780976328244,-0.21102581224617328,1.9170786765867245,0.7039834941373015,-1.5413369762204618
-0.004528589835643144,-0.013529088707180809,-0.0031913850446243504,-0.005291571412929169,-0.20842939467384025,2.010347566976018,0.6211669768727043,-1.6140062884663025
0.01769465910042513,-0.02369633286219579,2.5826761961480295E-4,5.5617058083452964E-5,-0.19439586492874691,-0.14599531228700904,0.1873943731928763,0.15197572516577343
0.016831295095168813,-0.025,0,0,-0.2957537760728071,0.0016972027632253459,0.2220548252583887,0.003550058271389754
-0.014911450597951645,-0.01093683137430405,-0.0015613861468208548,0.0081856047397978,0.3404501165666341,-1.181186082660065,2.8722563280607347,2.419279686930231
-0.01492658199387386,-0.01093182986957941,-0.0015434437780179006,0.008160066175576788,0.3337088704087176,-1.1702396789607574,2.860941192197832,2.394920980441013
-0.014908482834330765,-0.010952258507486398,-0.0015870946656002293,0.00818065903284482,0.3409780172288303,-1.1992037967398594,2.8611950205543004,2.4377235784627374
-0.014923608179895685,-0.01094728198064644,-0.0015690553083930255,0.00815522641248845,0.33404970227193104,-1.1883196545877472,2.85000506052057,2.413293774862509
-0.014902401901103013,-0.010983084736969087,-0.001638445165078655,0.008170529369304867,0.3430192186257323,-1.234982284861098,2.8387552193755554,2.474327151312708
-0.01491445392041277,-0.010993522241057716,-0.0016456748771491532,0.008140158862628933,0.3346449072938391,-1.2421563265773274,2.816497111359798,2.4679746169026284
-0.01490546659203643,-0.010967676347966868,-0.001612780853364786,0.008175633932359453,0.34184276960371857,-1.2171275251361628,2.850030299165097,2.456075127960483
-0.014917537182963946,-0.01097811349458335,-0.0016201541085654975,0.008145294637262627,0.3344965988710001,-1.2242652158240352,2.827802700015449,2.449815006721749
-0.014920590719187029,-0.010962706118023012,-0.0015946214683976708,0.008150309498177908,0.3343339350555066,-1.206323763250252,2.838965630671565,2.4315904645940445
-0.01492679648796178,-0.011004008697315062,-0.0016526979849785619,0.008109990671507193,0.33345051131784637,-1.242932866822423,2.7968332072244384,2.4555537560351013
-0.014923699689648911,-0.011019447517128689,-0.0016780572327440796,0.008104624184605669,0.333799928847934,-1.2605219056227899,2.7854059709109715,2.4733775360762977
-0.01492054329756688,-0.011034896416898393,-0.0017034360447669681,0.00809918453052688,0.33416656089833113,-1.2780714430899793,2.7738597647084657,2.491169039882823
-0.014942064261328583,-0.01092697993676744,-0.0015257759211324761,0.008134472095179604,0.3314787967976675,-1.1539321520732388,2.851631782947489,2.3648914506513177
-0.014945053515479754,-0.010911467778207376,-0.0015001770111921656,0.008139029655892962,0.33107600851442537,-1.1358001661033634,2.8622582685659546,2.346376593347156
-0.014980582726354311,-0.010797165897522146,-0.0013030600690904903,0.008141382737369106,0.3238925196768116,-0.9932019549001511,2.921897492783081,2.1867804846667336
-0.014977913193925503,-0.010813115942150607,-0.0013291822564235193,0.008137331306997836,0.32432485274236283,-1.012057650861905,2.9119743325634615,2.205978681007254
-0.014961030530933568,-0.01090675611609136,-0.0014826772225175419,0.008112070251352617,0.32683789138351355,-1.1218033817863222,2.851346276010115,2.3179523026424422
-0.014972327496881164,-0.010844338999752928,-0.001380448816567915,0.00812954300039468,0.32521638200677255,-1.048937268489552,2.892386188533973,2.2437371223951676
-0.014975073919443228,-0.010828807830174404,-0.0013549783947196066,0.008133567713518088,0.3248025916179092,-1.0306475332985512,2.902246412634039,2.225062860828477
-0.014963975753443706,-0.010891077981065008,-0.001456977190582299,0.008116525665472248,0.3264448057053399,-1.1035612762709113,2.8618019909851653,2.299336798344779
-0.01496682776227415,-0.010875422761888466,-0.0014313409081710751,0.008120961234309972,0.3260246733980398,-1.085311880197521,2.872160088415488,2.2807527433783576
-0.014969623771954835,-0.010859868223069098,-0.0014058618869781253,0.008125261624424064,0.3256296136301484,-1.067126245153981,2.8823207799369803,2.2622271317424922
-0.015038514784530064,-0.010445115847639954,-7.230946809199953E-4,0.008185035830212377,0.3107275053970923,-0.561613376843331,3.095640857692636,1.7374110668785845
-0.015041253191314463,-0.010429231742543427,-6.968786615679317E-4,0.008184609625997362,0.309928395665852,-0.5415985276703089,3.1011815785113233,1.7160002387298086
-0.01504963288875814,-0.010454627135961275,-7.346974574485594E-4,0.008160331820350445,0.30826453832689216,-0.5696481240479037,3.0778890731046094,1.7346094414362754
-0.015003212327230517,-0.010504570497526775,-8.304011225183722E-4,0.008233967602525405,0.31988071067628865,-0.6445644817821926,3.10127848702338,1.8488307599197193
-0.015001473244430616,-0.010520342656426158,-8.564016464932517E-4,0.00823155015287372,0.3202333627345444,-0.664208258455382,3.0936394050201597,1.8687676676737464
-0.014997706054179542,-0.010551709235182345,-9.081825699058785E-4,0.008226805010372836,0.3212685392617361,-0.7032492924841699,3.0782538167613342,1.908558967082845
-0.014999569753677064,-0.010536046798052366,-8.823398152594078E-4,0.00822929845542651,0.32070769554215084,-0.683790402898908,3.0860436624197103,1.88876104237604
-0.015000591459194496,-0.010655670807215559,-0.0010720538200257963,0.008176223160937607,0.3202064143235286,-0.8244316432660251,3.0059826629621864,2.016450989404491
-0.015002760326538677,-0.010639776684987695,-0.0010460174748480736,0.008179378111275571,0.3197288573241294,-0.8051590963237129,3.0146421353561426,1.9968571630610554
-0.015004572330998493,-0.010623939267121801,-0.0010202084870458092,0.008183015052941037,0.31932172832747124,-0.7860356807083714,3.023467345943464,1.9777002052576365
-0.015005963390409348,-0.010608231140582737,-9.947602764614728E-4,0.008187230763838203,0.31901009248495327,-0.7671631963835926,3.032488758855614,1.9591350089859525
-0.015007343314684358,-0.010592509457250314,-9.692616819652447E-4,0.008191296495031393,0.31868884132126546,-0.7481998630444807,3.041370321370739,1.940447400860961
-0.015009318422133265,-0.010576810497616329,-9.435207013152438E-4,0.00819401876606394,0.3182020973328561,-0.7289697628899631,3.0494195427450896,1.9208858527413304
-0.015011124938128026,-0.010561167771353089,-9.179197935465858E-4,0.008196866284674231,0.31774628181229386,-0.7098118434587349,3.0574420289995192,1.9015067311838976
-0.015035751245268817,-0.01047534800210561,-7.72207882125199E-4,0.00818055827208871,0.31161555389351175,-0.5988524092206678,3.0818267848422587,1.7749521613284163
-0.015019032581425779,-0.010498035618809158,-8.142172085148477E-4,0.008205344031367344,0.3155732568592274,-0.631720965234571,3.087344494955502,1.821505751765801
-0.015035174797636502,-0.010491246411059382,-7.977033832530857E-4,0.008176230971825058,0.31185948550782383,-0.618046773626317,3.07333446029136,1.7934367851003186
-0.015050776297323902,-0.01046819629222473,-7.558401134932926E-4,0.008153701320674158,0.30809649326125527,-0.5854861578510899,3.069085270534075,1.7484118952714558
-0.014996170464203326,-0.010687336075137582,-0.0011239059404267223,0.008169582345438088,0.3211235236798073,-0.8626685429326076,2.9883112862264287,2.055293481320518
-0.014998392552665307,-0.010671522452687253,-0.0010980151783950111,0.00817296302366944,0.32067859453551817,-0.8436028901347531,2.997207550558987,2.035933874037548
-0.015014437622771689,-0.010665752394972465,-0.00108135945173004,0.008144838362245608,0.3169224588466895,-0.8297688074920736,2.9845392581101895,2.007836765226868
-0.014993770232414319,-0.010703081671099934,-0.0011497547764462888,0.008166396135612193,0.32163522611679934,-0.8816727446054887,2.979474227647351,2.0747238731371724
-0.014991204678813446,-0.0107186139301218,-0.0011753352652343193,0.008163454773849306,0.3221428309585525,-0.9004461345556282,2.9707872443875334,2.094060218145114
-0.014988797155449254,-0.010734034098212157,-0.0012006403971855561,0.008160091943974365,0.3226130713478879,-0.9189620745147807,2.9618468739114134,2.112962459980316
-0.01500200560376639,-0.010743873704264455,-0.0012089958135643253,0.008129699292293333,0.3193831381247228,-0.9234414571339219,2.9412229450323135,2.1039462917595504
-0.015000935287926205,-0.010759334540311652,-0.0012334519186588315,0.008123531716819425,0.31948868250083856,-0.9410900425419656,2.930761763517759,2.1206690530258467
-0.014999484056275257,-0.010775334823021824,-0.0012588920664550207,0.008117627914045895,0.31966646820760186,-0.9594250806837749,2.9201258181548266,2.138318999640951
-0.014997561172712198,-0.01079164226491789,-0.0012850142761668256,0.008112268284432024,0.31993720372969575,-0.978242756405251,2.9095584127489755,2.1568016983782137
-0.015071923321565213,-0.010202125784925967,-3.2583158261241345E-4,0.008175059886211198,0.29966902615163654,-0.25507355282203986,3.169358622210108,1.412877399098203
-0.01508451398141387,-0.010238185974261451,-3.815991233360708E-4,0.008144836962398976,0.29769711005851235,-0.297787573074447,3.140402436081438,1.4430815784375055
-0.015081945534581,-0.010220240685250244,-3.533710405180831E-4,0.008152722490483254,0.29796994272987426,-0.2760522820115176,3.1504792115382325,1.4242748449881655
-0.01505878243655793,-0.010422154397519473,-6.80342393339483E-4,0.008152547361692436,0.30589946263412493,-0.5279526812093502,3.085088004121648,1.686867893572608
-0.015075656353290457,-0.010414257228359371,-6.629208783372772E-4,0.008122110412468573,0.3021218926493883,-0.5136184741634752,3.0702133393599076,1.6579170537874395
-0.015065045236679554,-0.010326183018523224,-5.258772045881713E-4,0.008165554329542012,0.30335161379689324,-0.4098815939473052,3.1253963475771758,1.5687855012476921
-0.015064957410879985,-0.010345503832383382,-5.567337321051032E-4,0.00816116824513795,0.3036220667429605,-0.4335115930076364,3.116442458983163,1.5914743643060232
-0.015075973633656752,-0.010398067908687332,-6.372879950771675E-4,0.008126070653059954,0.30188739187532976,-0.49417780573970876,3.0781103634451927,1.6392161299747012
-0.015075258428332917,-0.010381167074451528,-6.107678209197467E-4,0.008132044286404959,0.3018483883578595,-0.47408848421986755,3.087362481347961,1.6207911254951377
-0.015072454990179713,-0.010364103924541875,-5.844591193898536E-4,0.008141928880491785,0.30227269518394156,-0.4542298885017471,3.09891521772175,1.6044369943688752
-0.01508540073211809,-0.0102554077712212,-4.0887851642479827E-4,0.008140153619177666,0.297832550916238,-0.3188570001075188,3.132407926083706,1.4627073849731829
-0.015084157604014487,-0.010273378548327704,-4.3770124647189956E-4,0.008139278727809033,0.2983909416182175,-0.3411429759655848,3.1264157285350254,1.4853692657212987
-0.015079567510842518,-0.010294363722819003,-4.71996834372425E-4,0.008144087654018054,0.29974284022019076,-0.3677246072131633,3.122797984926596,1.5151214034526508
-0.01508202446298445,-0.010316422938641042,-5.065253488490065E-4,0.008134609511055137,0.2995543613803226,-0.39408361228596495,3.1101731639203263,1.538255445046545
-0.015116964368883365,-0.00997224371837062,4.377802016006612E-5,0.008100457043999644,0.285031106895635,0.03598489915857172,3.1814386727041946,1.0849606548023936
-0.0151107806204777,-0.010133681594477665,-2.1215803296116312E-4,0.008106963689047163,0.2900886985154563,-0.16528669628452478,3.1465468842630737,1.290351982904019
-0.015116963282563416,-0.010068723398965505,-1.0891282337331194E-4,0.008099334737468789,0.2874076148001457,-0.08432772938823159,3.1583061663946013,1.2049668087016003
-0.015123002809476037,-0.0100893332159896,-1.4115308994989428E-4,0.008086523441010263,0.28661785120820854,-0.10946191444245686,3.1452648438669026,1.2246257514642014
-0.015125250507120365,-0.01011471960550453,-1.8100830787360218E-4,0.008080442271942557,0.28673611410870353,-0.14054888056418344,3.135130646137884,1.253396621287305
-0.015124291402993414,-0.009991468644036794,1.328541309576991E-5,0.008086491447704194,0.2840493751843063,0.011973863868825292,3.1683700359384406,1.1026771199867547
-0.015130327628597649,-0.010011328738491702,-1.8022646917384527E-5,0.00807480682854213,0.2832838475296808,-0.01261781436435845,3.156548079905225,1.1220666350410367
-0.015126729822412435,-0.010030352755673237,-4.801557982452663E-5,0.008081565494675948,0.28458198116322814,-0.03627026103136828,3.1563838024097364,1.1487428147938556
-0.015131162738017945,-0.010050104868042987,-7.900019082358227E-5,0.008072477138618013,0.2841043951945148,-0.06054646463753389,3.1460900025933327,1.1690873916321822
-0.015085841172310733,-0.010186755530352226,-2.9932533135429814E-4,0.008149824726130241,0.29645279590389123,-0.2339425151149976,3.1583723616426997,1.3797402129236414
-0.015097332287947114,-0.010172564170182934,-2.7527807788850235E-4,0.008129112186096547,0.29370680998471155,-0.21483333229160362,3.1496760629154887,1.3508184287650753
-0.015110970256066154,-0.010155170612081354,-2.461569031937531E-4,0.00810448788257829,0.2905173905895883,-0.19176199516801448,3.1393326431846345,1.3162015391269488
-0.01515120481612287,-0.009456415078829569,8.364248588536494E-4,0.007932684327243061,0.26400775571370977,0.668437383368741,3.1492367595768607,0.40230763657450913
-0.015154213530010098,-0.009482868061672506,7.956244295477267E-4,0.007936515723996295,0.26426750560925794,0.6356507437184078,3.149535078944427,0.43460624452081326
-0.015172365523152334,-0.009540242539884012,7.033837201991237E-4,0.007921281679527452,0.26281793268891124,0.5609820054829583,3.134091623692029,0.4983315026324772
-0.015171470588091039,-0.009506066715320874,7.549295293618745E-4,0.0079119743695497,0.26200935570385164,0.6021956513137683,3.131265223395835,0.45558906907090696
-0.015173123408783724,-0.00968020549338376,4.913139508961217E-4,0.00795686727197918,0.2665284044599327,0.3914588349700531,3.1409167836959053,0.6748341856878061
-0.015176667147919315,-0.009698706340609629,4.6237923600439014E-4,0.007954060968639425,0.2665205920914777,0.3683079993376118,3.136536994501192,0.6958802481028614
-0.015164029018412498,-0.009662784576627476,5.199349405799983E-4,0.007970238966505637,0.2677257819163721,0.41455088511595584,3.1519387600827464,0.6584234945953814
-0.015167248029513945,-0.009641883182156794,5.51027545707247E-4,0.007959155073703041,0.2663665917624259,0.4393462137840732,3.1474057347094404,0.629947716733274
-0.015164482435131924,-0.009620617440980587,5.840997183183303E-4,0.007959056785423647,0.2665531313211828,0.4658387463930122,3.1499564396892845,0.6046241655082574
-0.015170083855497736,-0.009599518351933484,6.146258190296644E-4,0.007942844143978667,0.26478279076839556,0.4901154105093189,3.141840512450534,0.5745945145701471
-0.015172063971969008,-0.009571091735619632,6.570312938246561E-4,0.007931116333104676,0.2637015884772605,0.5239187245484738,3.137329437443135,0.5375301751503915
-0.015132042118382514,-0.009953985993285055,7.215112341522554E-5,0.008070635920378823,0.28155871272263816,0.058538752407915014,3.166515506629477,1.0492786944193444
-0.015149206698974413,-0.009900769738491494,1.5454364364247684E-4,0.008034651745818555,0.27686919791692693,0.12384164981967129,3.154540171375587,0.9688253213824399
-0.015151447735655736,-0.00993015116561551,1.0862159469947707E-4,0.008032122248387221,0.2772475977530387,0.0875354341285545,3.147116355440809,1.0036039764596996
-0.015150896800721932,-0.009742885514359827,3.995247380708075E-4,0.008011712928181298,0.2723401914938057,0.3187083589844201,3.167422815037749,0.7685307857007934
-0.01516731021288175,-0.009718367868751196,4.3420189746306014E-4,0.007975774831135332,0.2686038521502421,0.3460833322009742,3.1478210253021053,0.726595458049002
-0.015161961083476116,-0.009770611320900844,3.548641775309459E-4,0.007995190058999105,0.27100473439508127,0.2829584921423212,3.1524199947471243,0.796025162089064
-0.015170053238740608,-0.009800488174736994,3.0766312794378584E-4,0.007984160387605016,0.27040467879590535,0.24529115379149422,3.1404330430616603,0.8278770089245128
-0.01517867375667973,-0.009830463298863683,2.6050235881651135E-4,0.007971548449535772,0.2695927350554504,0.20778379337712383,3.1272456340355315,0.8590487930859511
-0.015184310413349495,-0.009854055057534556,2.237088278685615E-4,0.00796339543907454,0.26916483711956407,0.17863902207179494,3.1179203813983354,0.8841113340801424
-0.015173664832543654,-0.009878388852695522,1.8731131938832095E-4,0.007985971367162581,0.27184742532014344,0.14987429354784457,3.1278866946110706,0.922065625708777
-0.015199393261219227,-0.009867337799681639,2.0195530766891823E-4,0.00793605517925649,0.2668449060904969,0.16134599711861164,3.0982366403739663,0.8894400730282428
-0.015173115433507932,-0.009435789319659754,8.590114356094137E-4,0.00788394747556956,0.2597394538819134,0.6852730421489001,3.118589953736674,0.36608223344823415
-0.014846804839638699,-0.011228203096582519,-0.002046967193761993,0.008077869654998519,0.34785825293095024,-1.513750937607228,2.6428830837837207,2.7580368566652207
-0.014862246628269822,-0.011224049966474891,-0.0020274227465185662,0.008053339298008525,0.3393463852151734,-1.5017560647803718,2.633539130240177,2.732421869343836
-0.014842921746160493,-0.01124342629880737,-0.00207235046186495,0.00807139490522817,0.34729629878755547,-1.5305168399509437,2.62971249830359,2.775135536761398
-0.014858391125208635,-0.01123931850160339,-0.0020526992783556236,0.008046900668219044,0.3396490119023468,-1.518466198785972,2.620477657542976,2.749445304893475
-0.014835012214331098,-0.011273835502437058,-0.002123016573647828,0.008058216617887052,0.3486043145096272,-1.5637248845261962,2.603113410463304,2.809118553128304
-0.014838990856811765,-0.011258637154898948,-0.002097705021194053,0.008064842662212576,0.34730180074885086,-1.5471768719163492,2.616453899564918,2.7921750061862394
-0.014850487899279665,-0.011269800785798208,-0.0021032064801491945,0.008033885205818743,0.3401869875097156,-1.5516329506616786,2.594109998820329,2.783315293358734
-0.014854466187519592,-0.011254571427025047,-0.0020779678359693775,0.008040423352468531,0.3400663752122835,-1.5350923473625502,2.6073422597918565,2.7664208822570906
-0.014872644766016243,-0.01112130860346941,-0.001868811072161117,0.008120935968331753,0.34594390391201396,-1.394098440342014,2.7320169022260266,2.636092797738174
-0.014884461087511213,-0.011132108428819494,-0.0018751602465621377,0.008090201085424159,0.3374714595509502,-1.3998937135086467,2.7096310876894414,2.628546204645175
-0.01487614403740323,-0.011105992462224282,-0.0018433132039120425,0.008126761402052976,0.34424050751405316,-1.376814639131198,2.744276531927328,2.6183895416758056
-0.014887975976059897,-0.011116787272935033,-0.0018497894234611233,0.00809606648773338,0.33752231573682273,-1.3826716597458775,2.721931191808869,2.611028236683516
-0.014879595159429932,-0.011090665429940793,-0.0018177770657662894,0.008132511193292167,0.343460292025526,-1.3593938284729148,2.756442395147912,2.600542741902409
-0.014891482757011769,-0.01110145672889506,-0.0018243733564291583,0.008101779845493777,0.33744950767087434,-1.365401194457281,2.7340708599419212,2.5934142986601505
-0.014882998096217485,-0.011075327667428128,-0.0017921975609039738,0.008138186403018421,0.34383555679684835,-1.3417892536610145,2.768531258945338,2.582599095581441
-0.014894960083960658,-0.011086082187434189,-0.0017988801970833213,0.008107403802668368,0.3370568024127855,-1.3480527207611732,2.7461023225276615,2.575691892324865
-0.014898373985649457,-0.011070659783816245,-0.0017733287630635316,0.008113000926349897,0.3364076843313128,-1.3306060758930498,2.7580698992288206,2.5578774216046924
-0.014896689618988315,-0.011142994468011064,-0.001881244156678736,0.00805941825442076,0.3363079173524364,-1.3995125189043802,2.6900706656785753,2.6146621484614223
-0.014893235322796322,-0.011158422877864838,-0.0019064947592707918,0.008053126269223792,0.3365526998521995,-1.4164770615035078,2.6775315105246906,2.6317873052957914
-0.014881912052023813,-0.011204755967112913,-0.001982839647521909,0.008034881138826869,0.33720301583543605,-1.4675492561070167,2.6396480441658845,2.683943659115641
-0.014885835396853321,-0.011189398384817938,-0.001957434123282337,0.008040800663485574,0.33691411067467164,-1.4505855642254508,2.6522388222792745,2.666508093783906
-0.01488963230356037,-0.011173923827599616,-0.0019319253913120825,0.008046866957700143,0.3367234527485193,-1.4335176767607487,2.664879461470392,2.6490648535352057
-0.014878024187221235,-0.011220027330344598,-0.0020080517701071016,0.00802879395848833,0.3375493865743003,-1.4843043673401832,2.6269632666549447,2.7011115736022457
-0.014914151485097052,-0.011065946018600855,-0.001754357210602809,0.00808780753342163,0.3347505753858338,-1.3130869810146668,2.7502189641223684,2.526575408639518
-0.014917383602598151,-0.011050383868586392,-0.0017288349876366834,0.008093546147907757,0.3345014880230793,-1.2955653295656264,2.7621226468464584,2.5088548049415302
-0.014801469324203571,-0.01139495244676372,-0.0023248866749115446,0.008002309426839172,0.3496811356921232,-1.6933176464835258,2.4924803659496346,2.9417583768410775
-0.014812623378626736,-0.011406371309516472,-0.002329436744893448,0.007971251645079296,0.34184109087643955,-1.696908119066774,2.4701970821024237,2.93170168488265
-0.014797062943977079,-0.011410030890272255,-0.002349998261000887,0.007994971147103206,0.35070338077852536,-1.709110523277405,2.4781947695915862,2.957941844585695
-0.014805828367996314,-0.011379860028177457,-0.002299729569082946,0.008009575324294124,0.3498836767945733,-1.6774301878364224,2.506681231242491,2.925491240784043
-0.014817030001007528,-0.011391239538301417,-0.002304365353044679,0.007978522959717392,0.34174691122568884,-1.6810862692914637,2.4843749055044366,2.9155221337312196
-0.014810140026172798,-0.011364753797800305,-0.0022745486004330565,0.00801676257704818,0.3501520157580289,-1.6614671880762468,2.5207777093504466,2.90916129111096
-0.014821378725247239,-0.011376094272780272,-0.0022792829989587656,0.007985731506077233,0.3414571034452158,-1.6651747915922324,2.4984563123738575,2.8992653183229486
-0.01022937998112565,-0.01503769707816538,-0.008238520972498416,3.7513527724582153E-4,0.26111581700861347,0.9015994543112918,-3.3188374672503365,0.29793412119927637
-0.010222126289569701,-0.015052630541552757,-0.008210082410253575,3.609608187815E-4,0.25766827445151513,0.9007287035499277,-3.2986444073668166,0.28510600113068835
-0.010245141650723657,-0.01503737029086484,-0.008236490917252544,4.0083731485956157E-4,0.2606008809866947,0.880160877600232,-3.3196762232811223,0.3186083394104185
-0.010315724827636721,-0.015018388842998694,-0.008259920574330922,5.196577495350228E-4,0.262944577240368,0.7950579970593495,-3.344690260499679,0.4167138975612503
-0.010261219536472311,-0.015036838910863297,-0.008234629577402897,4.270731191344241E-4,0.26010911684735677,0.8584032894509127,-3.3206010136671504,0.33973483693989953
-0.01027732466441946,-0.015035908816979143,-0.00823336822485405,4.5341597667129346E-4,0.2596993055203611,0.8368494352357284,-3.321863634881604,0.3609957724134128
-0.01029322663996349,-0.015034754627537483,-0.008232406147605995,4.7946760929059917E-4,0.2593453313172173,0.815684454613019,-3.323235245493668,0.38205515364098486
-0.010308893784960976,-0.015033512743168956,-0.008231485484540724,5.05153351300408E-4,0.25901557542939496,0.7948555208000436,-3.324540470580309,0.4028381519675473
-0.0103314306310055,-0.015017449465518494,-0.008258112737719715,5.454907199403934E-4,0.2624554285411557,0.7737387398222709,-3.3453161965918423,0.43762634982570975
-0.01034720516218817,-0.015016469772337365,-0.008256188995963839,5.714306159253713E-4,0.26207316970681976,0.7523245066822967,-3.3458002230499475,0.45862293207376226
-0.010363001791372764,-0.01501527312543017,-0.008254507869250584,5.974491037298153E-4,0.2617475239952732,0.7309979214778001,-3.3463855585882203,0.4796891209769047
-0.010378759456042096,-0.0150139374581093,-0.008252929774247228,6.234318952312901E-4,0.26131498463109,0.7097767635571425,-3.346970174585566,0.5007403859209519
-0.010394493166405233,-0.015012684107950133,-0.00825101454668631,6.493423129564983E-4,0.26074326539211173,0.6884899438809112,-3.347251806531048,0.5217423611265203
-0.010410237862560746,-0.015011544805684007,-0.008248690971151688,6.752217357559683E-4,0.2601690720322361,0.6670800422296025,-3.3471850604559523,0.5427213194041055
-0.010426003118922306,-0.015010381615495305,-0.00824622844496596,7.011222409877754E-4,0.2596959688267275,0.6456346936161829,-3.34695773743147,0.5637177284043119
-0.010441776787479573,-0.015009079446391712,-0.008243856810057792,7.270608131914871E-4,0.2593078688529163,0.6242452264693864,-3.346727403986406,0.5847469658628622
-0.010486105170072865,-0.014976314074054054,-0.008293712262839554,8.101810679352643E-4,0.26851329903117976,0.5768377063199721,-3.384399207202071,0.6587515710142459
-0.010479630108680436,-0.014990943368548003,-0.008266700083623199,7.943943884861413E-4,0.25916713890173654,0.582582134430317,-3.3661163432262,0.6392117991415889
-0.010501734106237882,-0.014974762596007742,-0.008291129889895122,8.361951684134556E-4,0.26657872681465294,0.5554170637329202,-3.383808322794771,0.6797884047018382
-0.010495259412556439,-0.014989385818898908,-0.008264230965116052,8.202981336177911E-4,0.25900415822430145,0.5612236124353247,-3.3655883974624885,0.6603526629431226
-0.010457523532733303,-0.015007605813800373,-0.00824165034441901,7.52995504295111E-4,0.2589381758426776,0.602974438330031,-3.346542257959784,0.605777436811921
-0.010473198761129806,-0.015005993468225946,-0.008239559479360422,7.788482627581879E-4,0.25852002333539575,0.5818553569203299,-3.3463644953495995,0.6267491739598755
-0.010517358213536653,-0.014973162020172494,-0.008288465651501735,8.622025696677135E-4,0.2646158703017556,0.5339416677383805,-3.383072802087819,0.7007815469229469
-0.010510887594766967,-0.014987821619839017,-0.00826159987215157,8.461852771283908E-4,0.25893107665103526,0.5398904178964017,-3.3648882507500706,0.6814393761278169
-0.010532977343492102,-0.014971512360572392,-0.008285717690862327,8.882208819351232E-4,0.2634031301699035,0.5124034361557893,-3.382179190677712,0.721827060331338
-0.010526537767443526,-0.014986246429992092,-0.008258805690734195,8.720902663103834E-4,0.2587081643676879,0.5185591505987929,-3.3640197803558003,0.7024764852955548
-0.010548591347176688,-0.014969813631697155,-0.008282885190114714,9.142566141034446E-4,0.2633217905571365,0.49083429049724075,-3.3811300834708624,0.7429885121116014
-0.010542220187085291,-0.01498463495752858,-0.00825589088097234,8.980364537739164E-4,0.2581919392964382,0.4972081053749973,-3.363011223651854,0.723496001234655
-0.010564200075219217,-0.014968065848509118,-0.008279969075445402,9.402999349581162E-4,0.264002958036022,0.4692863473998265,-3.3799412333999874,0.7642607095045816
-0.010557924742176372,-0.014982954643207931,-0.008252919539310748,9.240210263975088E-4,0.25740583547233037,0.47583323560307916,-3.3619019644492596,0.7445361951115009
-0.010579803377811692,-0.014966269026450152,-0.008276971247044495,9.663330659924603E-4,0.2646033648949202,0.4477974416515938,-3.3786305073157856,0.7855851596361988
-0.010573626078624526,-0.014981187327675545,-0.00824993567939319,9.500139005433936E-4,0.2565516654614663,0.4544532309033751,-3.36071669281484,0.7656115107597832
-0.010595401104716108,-0.01496442318144846,-0.008273892560440678,9.92348480086573E-4,0.26486249414437724,0.42637785845873827,-3.377214386631422,0.8069066639815684
-0.010589303821597652,-0.01497933925898879,-0.008246936050434138,9.759830851811942E-4,0.25579531211343415,0.43308787701896506,-3.3594467553824887,0.7867094937318805
-0.01061099310527128,-0.014962528329925277,-0.0082707330563982,0.00101834638696824,0.2649775042502485,0.405026823020236,-3.375707151462777,0.8281866897666532
-0.010604952079575179,-0.014977422819538634,-0.008243900328802588,0.0010019155233217324,0.25513238477678996,0.4117458927206434,-3.358071300411741,0.8078180797651556
-0.010626579228399678,-0.014960584488801503,-0.00826749369880407,0.0010443197890637915,0.2645967946116,0.3837358740652292,-3.3741106990548233,0.8493763052541051
-0.010620567988708125,-0.014975445494305004,-0.008240816683829954,0.0010278045407925574,0.2545720030504793,0.390437670000443,-3.356580332110456,0.8289318222186867
-0.015167638792423534,-0.009354582442376646,9.808982295110029E-4,0.007861337218176535,0.25851574039795117,0.7830191193586306,3.1088442132754177,0.2660625937127326
-0.015182356965722593,-0.009381500630763996,9.352919339145062E-4,0.007845411350765717,0.2566480756824599,0.7456778402029656,3.0967764409505416,0.2939843457025448
-0.015177989770608552,-0.009329026187636395,0.0010136686930270799,0.007831073823440227,0.2559649406786594,0.8084778800003647,3.0900707066004016,0.23012921632700545
-0.015165498356559634,-0.009299921124485713,0.0010616430261083363,0.007840859183990618,0.25743089637586,0.8475581453371371,3.097851591247437,0.19823615330168812
-0.015165694421211878,-0.009265159289664664,0.0011118885271089425,0.007823989249291069,0.25633805697230266,0.8875377501342024,3.0878000388449203,0.15466966885924086
-0.015162406160796768,-0.00923687131082894,0.0011542652392658131,0.00781601820923512,0.25629493245019147,0.9214515602133929,3.08329282364798,0.12049611429119497
-0.015175855582980725,-0.009210036497218816,0.0011857803026102218,0.007777835179018758,0.25344736274056184,0.9453981616609167,3.0584179130271387,0.08312491430897341
-0.01519479226115312,-0.009411146430443764,8.869718534627605E-4,0.007834276724623904,0.2555972605215673,0.7064351133364006,3.0875387245934216,0.32580842114093217
-0.01515970327902419,-0.008816256497067453,0.0017316399545910758,0.007557917341546111,0.24807620315918208,1.3729333092137563,2.9001906769040833,-0.3829415853474271
-0.015175723696864119,-0.008859574681599,0.0016638594859935878,0.00756208655374254,0.24623847159665133,1.3187186649211107,2.906214041074232,-0.3341398808923102
-0.015185553286614382,-0.008903611881384227,0.0015994522292976335,0.007576019189676817,0.24569396784308664,1.267964526598669,2.9182379671317134,-0.28435936212865925
-0.01518033915774499,-0.009124734391694565,0.0013033972250926851,0.007723632117794359,0.2509421645361755,1.0379460430599925,3.0228943655025153,-0.022321694058945355
-0.01518583223878688,-0.009084761742730273,0.0013555811447049082,0.007690837703743668,0.2488169161749237,1.0782317315823053,3.000816054203927,-0.0714632418666937
-0.015192083174880059,-0.008948545881811132,0.001535793243046268,0.00759499035421374,0.2454411163345023,1.2179528637655765,2.933186841320483,-0.23305872369177125
-0.015205855670239077,-0.009046573731925264,0.0013958145885268774,0.007632883769292665,0.24532991518265715,1.1075613017582742,2.9617756875865564,-0.12043933748920656
-0.01519891979858752,-0.008995031792823559,0.0014694413908747479,0.007613164382458838,0.2453714324649028,1.1657004929340014,2.9471433335294654,-0.17981738611166745
-0.015190915138954184,-0.009172690271358199,0.0012305865868326958,0.007731050716980714,0.2502720475970261,0.9795520049833915,3.0278235785677583,0.03335548070833156
-0.01516709379674247,-0.008729534511431877,0.0018363167704878586,0.00747962656317324,0.24588465471449436,1.4507329754155056,2.8409922671482333,-0.4796270669650965
-0.0151699733187683,-0.008687499313694535,0.0018862483388807235,0.007441715453899003,0.24489773647342847,1.487552926819955,2.8117701512432607,-0.5252334918879232
-0.01515082692132353,-0.008651744031385725,0.001945682603434851,0.007444170670178863,0.24728288958620342,1.5352166868765489,2.8091040786448684,-0.5651920720458531
-0.015144301824875393,-0.008604689297757265,0.0020083883161629446,0.007415556991629974,0.2475149453123696,1.5825643219407668,2.784555126814467,-0.6159667687665923
-0.01519951797570344,-0.008699677841592934,0.0018479775615723097,0.007402935116844459,0.24137329569938465,1.453695649538077,2.788178071855726,-0.5102588878998365
-0.015190047803911387,-0.008775044115730997,0.0017616327167100842,0.007476211679467403,0.2432169857941837,1.390650423895968,2.843242453676187,-0.4289657668095515
-0.014841013440446265,-0.007421231566794706,0.0034693913045464515,0.00651731614469517,0.2980520962983715,2.547997791365679,1.9195816393476155,-1.6687198720706353
-0.014880883920161977,-0.007441949677765821,0.003404189744608095,0.006500724141267197,0.29120412446075145,2.4963299784481823,1.923636566988367,-1.6343428274364737
-0.014818636329101458,-0.007326440963813448,0.0035584193043989433,0.006416683551887355,0.3026187313139039,2.584939190764009,1.8281290308538758,-1.7215485936450305
-0.014847826893571957,-0.007369403253243391,0.0034937305304233975,0.006442504727488485,0.29717400862566284,2.5457283907420405,1.8619158553959594,-1.6860015233963779
-0.014907096733096157,-0.007484982449575579,0.0033419140871250095,0.006526581259396556,0.2871711519060168,2.4573208757463765,1.9563693629466663,-1.5983186990246703
-0.014943798007921416,-0.007617456079971462,0.0032010168000155647,0.006649667948221025,0.2797111255412364,2.3832287929355815,2.0732788892521756,-1.5089869421491315
-0.014942737246850172,-0.007545457053224592,0.003255048345969433,0.0065620398901478,0.28036005328803154,2.4028394357955123,2.000637657599217,-1.5477097797152513
-0.015178703429936049,-0.008559696275424144,0.0020327413938942373,0.007322209340484573,0.24280522759992348,1.5926764907544853,2.7187484307242973,-0.6580121964875537
-0.015010004419728384,-0.008094634732609626,0.002705471815446192,0.0071222411028998706,0.26554292212447156,2.0964019002276153,2.4970735781250792,-1.1413930570922004
-0.015038367010210172,-0.008126895661236628,0.002642246906245977,0.007116682575991121,0.26121500875780357,2.046091412965595,2.5029162434796572,-1.102930284128005
-0.015000773701915259,-0.00804747230940606,0.0027622599574689396,0.007083053336804264,0.26699775552274585,2.1343030787675947,2.4603404473169603,-1.1845251967593782
-0.015014167126607358,-0.00798774247741709,0.0028044588225612263,0.0069974491406474765,0.2653723459963005,2.1524826759691087,2.3931567269431295,-1.2263851313342047
-0.01506219322975888,-0.008169531341018754,0.002573626988687189,0.007127588250183136,0.2576431354385225,1.9941570958617347,2.5207113945414386,-1.0574316705269877
-0.01508500602629987,-0.008214914278694379,0.0025031115928914253,0.007141394896827268,0.2543638634977636,1.9411205558680955,2.540326783769904,-1.0097784861443595
-0.015106425597776127,-0.008252467850693728,0.002442134570479894,0.007147920495182344,0.25120205061790873,1.8943451436827183,2.5531656763418726,-0.9693781235046196
-0.015132627179616585,-0.00832487688494633,0.0023391973728339277,0.007180036672332497,0.24779811560376283,1.8180527777010178,2.5885369251804664,-0.895800007106278
-0.015129669545179362,-0.008284357277159666,0.0023854466285884433,0.00714510140159261,0.24828454848238843,1.8496924116653084,2.5586030445413623,-0.9335995010703619
-0.015130959243970359,-0.008376869284788509,0.002284029044038597,0.007232195523805595,0.2482240013759267,1.78108315486738,2.6311337263904977,-0.8474766432647344
-0.015179439128235273,-0.00851041261594885,0.0020893020374464573,0.007278597499374795,0.24206279704788258,1.632903655601958,2.6838065432891747,-0.7073033603023798
-0.0151473102766093,-0.008435932829829802,0.0022028399381988886,0.007262020383805092,0.24607333259968772,1.7208089383885525,2.6607204271044362,-0.7869746925211943
-0.015179305779916894,-0.008470857973671603,0.002134522367396095,0.0072440335201214455,0.24193453301393647,1.6650351369737755,2.6556642084672855,-0.7463050719204108
-0.015217728160340113,-0.008524518954242407,0.0020402445407239314,0.007231049026410047,0.23748068444153905,1.5896454981960793,2.6563109697504057,-0.6870942733550979
-0.01516843911654534,-0.008342099197646011,0.0022865881282327456,0.007142822882161323,0.24349424476872356,1.772502935093487,2.5694375256823365,-0.870517899014866
-0.014976776541954416,-0.007834332457703179,0.0029859781266700037,0.006870438294060804,0.27212361336990476,2.2682737905830006,2.271228131745483,-1.3566031505683733
-0.014964245986385495,-0.007723138695493425,0.003093784627356107,0.006753706471919058,0.2750954424182137,2.326179298665401,2.1682273567761303,-1.435806367937378
-0.015003130913989964,-0.007768853788572352,0.00301019927530762,0.00675974839885021,0.26922583091381597,2.2650438764275904,2.189311965305279,-1.386513523607414
-0.01498714801484275,-0.0076619961360842115,0.0031144252887847106,0.006652284970125246,0.27253317524869486,2.319907635850346,2.0936467762592277,-1.4595717461009823
-0.015021991042220113,-0.007930066469027011,0.0028488619251011062,0.006921674766722355,0.2648193966301227,2.173355354036563,2.332393704648037,-1.2664480738548907
-0.015029627976806877,-0.007869990999658,0.0028936308789518565,0.006843179455234729,0.26423933084426027,2.1932094027556452,2.269475208435452,-1.3058558264593199
-0.014764967885444628,-0.007115246843937362,0.003746219574292695,0.0061874969394585776,0.3135188427818181,2.6506180821762633,1.6227410030274785,-1.822786013514719
-0.014793772890085724,-0.007172214000429521,0.00367857806623523,0.006236781839509483,0.30899372578595574,2.619078290703774,1.6741195692120603,-1.7888258125942378
-0.014834472744824958,-0.007270763046150473,0.0035705118413051928,0.006327379542133256,0.30099967286139084,2.569109649497816,1.7639358134960237,-1.7313140557414235
-0.014846940344318233,-0.007200467376416362,0.003593493749774385,0.0062233430331598595,0.2991364555598719,2.5560339591294405,1.6881346277233986,-1.7456150184935115
-0.014723361774216187,-0.006940334361601431,0.003881785904707818,0.005987685569161087,0.3218218871187108,2.6789092423806546,1.4521793777950003,-1.8848286751951997
-0.014732722959249262,-0.006863713196621855,0.003899540753208018,0.005877163845467712,0.3206119103428841,2.653981118384316,1.3763108992835382,-1.8878877778264178
-0.0147923813611404,-0.007048581860626012,0.003741874055001635,0.00607395259501579,0.3099011270926429,2.612696500582183,1.5487322072863876,-1.8195864310878627
-0.014798918591348605,-0.006969807748146518,0.0037686345785167843,0.005964356351713895,0.30904608368367376,2.5968131387213753,1.4705401652809107,-1.8299394715297483
-0.014720369896759476,-0.0067852479980464765,0.0039445819650080005,0.005781744892440723,0.3227020347518104,2.650604823818096,1.3028583676799956,-1.9026564902711802
-0.014450479374802497,-0.00632194062625631,0.004419866148344813,0.005318772287375785,0.36493225137335183,2.76233901986808,0.8709622918495903,-2.0491489103966942
-0.014508480620061824,-0.006396954648409298,0.0043297052215134834,0.005391527571819334,0.35713879188724396,2.7404529731237477,0.9429432228485316,-2.024737759278228
-0.014602814235848603,-0.006419043469049534,0.004199125749506743,0.005369892684915501,0.3401099406488067,2.655086329436511,0.97567019352581,-1.9690235256574466
-0.014464662524889333,-0.006206710545515687,0.0044139921063527454,0.005156464272096775,0.3606089590786825,2.6918802910720987,0.7833064240604267,-2.0195919129242204
-0.01444688258884665,-0.006066394528829937,0.004448523792218947,0.004978747106596663,0.358765320837562,2.635452459001908,0.6776879342313603,-1.9987238634600735
-0.014200476773447872,-0.005633721360357329,0.004758048298045541,0.004492329360177505,0.3806916476974655,2.572667603584908,0.33265884873211243,-1.9903077559596196
-0.014212359619992124,-0.00546270030090249,0.0047269022356609125,0.004279011624776507,0.36774384460686155,2.461535488822806,0.25660006927476525,-1.9262982570390876
-0.014413409106335293,-0.005938444408186432,0.004496974229789292,0.0048252558033024355,0.3600958254153555,2.595366148715826,0.5836430413118955,-1.9843407252937733
-0.01436024165201821,-0.005811383348959512,0.004565188410716557,0.004679632253046359,0.3637105257903795,2.566339645633526,0.4894374956047359,-1.9750839684071926
-0.014315282854761465,-0.0056991659515130836,0.004618186127918218,0.004550285709292006,0.36557218402875735,2.5346328079806226,0.41100906182348085,-1.961575797840893
-0.014667177445346272,-0.006651942756792568,0.004057788881967775,0.005641044751523743,0.33168352368203774,2.6716990065999764,1.1809110812022616,-1.9410537774247232
-0.01467326812273966,-0.006562098040735948,0.004073880645699535,0.0055175551215804995,0.32987961638303204,2.6369770824475345,1.1017624323563613,-1.9354926570535411
-0.014678915432742036,-0.006465446744866601,0.0040896298678849,0.005387380252335973,0.3278769369611593,2.598140732440236,1.0223975189032286,-1.9267328123220813
-0.01474537591871101,-0.006696352690670155,0.003940910245635778,0.0056463080497814256,0.31902832557424826,2.60146790584742,1.2207253617805556,-1.8902327743462892
-0.009738312158187625,-0.015070135981722492,-0.008167904439565462,-4.2147337043576264E-4,0.26095162438127045,1.5181724184914562,-3.1706860617304127,-0.3377565438449585
-0.009754450494047757,-0.01506965868255041,-0.00817178413011257,-3.9570550584645743E-4,0.2611701387210558,1.4987335232010255,-3.1775474923792157,-0.3175770588856675
-0.01004587452233431,-0.015059407917681419,-0.008213304798711534,7.45119242358895E-5,0.2610654491919488,1.1328617472632823,-3.271465032317636,0.05527299782430306
-0.01006254358073658,-0.015060607650913055,-0.008210300181954561,1.0150819141580654E-4,0.2603685760423453,1.1096639953354315,-3.272618806332677,0.0767370386545831
-0.010014912875035956,-0.015056751460964626,-0.008219219206158162,2.4279299204286986E-5,0.26239739623742714,1.1762877367608053,-3.269321763133776,0.015369922909399784
-0.010030023765279896,-0.015058241989952351,-0.008216032191590351,4.8807844054900384E-5,0.26169573263364504,1.1549510535016336,-3.270209313720325,0.03482511056303839
-0.010006250267789469,-0.01506941800940377,-0.008194126469617875,1.0162581524748794E-5,0.25934292959349475,1.1766725177507111,-3.2511183114394684,0.0032458248015395695
-0.009768861706706884,-0.015067684581536393,-0.008178154013126028,-3.7292006428187664E-4,0.261677844584733,1.4829093175543873,-3.185461052478202,-0.2996619939464435
-0.009785136974561728,-0.015065256450128938,-0.00818557019125405,-3.4714216932077414E-4,0.26245339356740316,1.4651040260159458,-3.194468081780426,-0.27934745136688255
-0.009800459808962703,-0.01506920305426447,-0.008180045255521592,-3.2190940181685057E-4,0.26132283605935624,1.441784539847599,-3.194962091271897,-0.2596319916167346
-0.009816683781631558,-0.015071832797660034,-0.008177082241606334,-2.9546386797304255E-4,0.2606852235455992,1.4186905130398817,-3.1972218350321238,-0.23892293588303673
-0.009936233714594065,-0.01505630271640877,-0.008218626150120143,-1.036042244772694E-4,0.2638176069007303,1.2803001307552744,-3.2523571785724386,-0.08641363826597626
-0.009951923752873631,-0.015057338961549519,-0.008217215446185628,-7.807231661172705E-5,0.2633144585379102,1.2588206708994178,-3.254879420766248,-0.06619909884308704
-0.009927117716135598,-0.015068958886423007,-0.008193026656800759,-1.1773402203817744E-4,0.2606589723559786,1.280357576822631,-3.233696612416499,-0.09836091655780328
-0.009833649747002718,-0.01507254567272885,-0.008177810984503521,-2.6809815013241093E-4,0.2604489202025426,1.3965559379757162,-3.2019363833073293,-0.21739782477496475
-0.0099127071587307,-0.015071522853320418,-0.008187102083577263,-1.4084780146302836E-4,0.2601278138473328,1.2965690624667714,-3.226635436137221,-0.11680741318193348
-0.00985026862656411,-0.015071488775140918,-0.008181798287015443,-2.414801696382571E-4,0.2606054251909115,1.3765392540053616,-3.2085723325185778,-0.19636902134912518
-0.009865183897574183,-0.01506791740225646,-0.008190405177310662,-2.1780762461038277E-4,0.2615273995889822,1.3610409394993734,-3.217692361199088,-0.1775181561230004
-0.009880678088485414,-0.015071612020175186,-0.0081845146712937,-1.9248590466960707E-4,0.26037110884110665,1.3376190910069485,-3.2175904328716585,-0.1576599985248435
-0.00989621576825134,-0.01507273408492269,-0.00818355467844758,-1.6735268734780013E-4,0.2600239440966197,1.3166288677310478,-3.220586299742319,-0.13784186360065312
-0.009992365656433631,-0.01507207714000093,-0.00818883157090943,-1.2261933709980727E-5,0.25889961458111616,1.1925397725737639,-3.2448550392847175,-0.014758303234640497
-0.00997633138928191,-0.015072924279760175,-0.008186947252210698,-3.813313832848079E-5,0.2589103276222641,1.2127254934623106,-3.2403238993875374,-0.035362890627079396
-0.009959934227325518,-0.015070438620827777,-0.008191468665061217,-6.466141136547666E-5,0.259888124874021,1.2363172587446325,-3.2398080122817063,-0.056281344150323945
-0.0100795326848485,-0.015060420046201181,-0.00820983491078036,1.2906623273757425E-4,0.260038962114069,1.08716025386337,-3.2754233435758806,0.09876058738509304
-0.01015917494354785,-0.01505487101205485,-0.008214152300035861,2.5868651496209136E-4,0.25921523511200467,0.984517595798119,-3.2918588355839975,0.20291291238630735
-0.010096088984718999,-0.015059893354675788,-0.00820986496223827,1.5594005749022398E-4,0.25975603690906995,1.0654533809907984,-3.2783990813039456,0.12027711932141143
-0.010112394083602991,-0.01505912018299789,-0.008210207310786132,1.8242882640015547E-4,0.25951962354898145,1.0442226256050453,-3.28146645572579,0.14151589576084153
-0.010144105537814118,-0.015056359945345002,-0.008212816336065519,2.3409179508500417E-4,0.2593028858405908,1.0037297025193856,-3.2885286971327754,0.18308314084685226
-0.010128443671222469,-0.015057925060823036,-0.008211218320107948,2.0854844534650793E-4,0.2593705588559227,1.023606209061213,-3.2848667023402016,0.16250659136533027
-0.01020675047618473,-0.015054160767040614,-0.00820939301212005,3.358479550885426E-4,0.25782322793007784,0.9205358863542327,-3.2959601604735407,0.2648228767235857
-0.010174318128568463,-0.015055037918599102,-0.008212032750420985,2.8321219143708144E-4,0.25868473509427653,0.9638731962085362,-3.2928265165070685,0.2225622566835266
-0.010190456981241517,-0.01505544629884874,-0.008209140465577337,3.092952287649412E-4,0.25803287955709503,0.9417027934888548,-3.2933671868926973,0.24342373225458938
-0.009378961996999634,-0.01507440412948012,-0.008047405910933192,-9.845891204411734E-4,0.2511874655126333,1.927196931851626,-2.980720955798812,-0.7692065119112091
-0.009352286883318364,-0.015081931450772829,-0.008021212354166689,-0.0010219685331681742,0.2480795083788819,1.945461336984138,-2.9555391483214115,-0.796727135751368
-0.009222644648407377,-0.015082187975854514,-0.007956952903117445,-0.0012165562850696783,0.24110986367074716,2.0750927838666944,-2.8673124682375577,-0.9394499868388223
-0.009246865560490472,-0.015079967234321538,-0.007973864967503195,-0.0011817029067191238,0.24320885406418644,2.054568895369878,-2.8867777714625897,-0.9142544465688786
-0.009326471698632368,-0.015085395034017032,-0.008002790763098754,-0.0010595095117331913,0.24592177045161515,1.967584577947201,-2.9350595929329946,-0.8243670198849395
-0.009273433937290005,-0.015078609270755572,-0.007989981846776966,-0.0011426527066927662,0.24498818308573525,2.030157131264579,-2.906659233086035,-0.8858390074817653
-0.009300286911987202,-0.015085095260973614,-0.007990929156516363,-0.0010991259739988248,0.24470399338614768,1.9945916799994279,-2.9180321332908137,-0.8535685013310615
-0.009471638953509208,-0.01508704334322513,-0.008060337217308493,-8.368903418875167E-4,0.25134680313984165,1.8110103153968826,-3.0219329734556837,-0.6578776167496421
-0.009530380384153244,-0.015090501581508035,-0.008074189141575738,-7.446142064129139E-4,0.25226200101308477,1.7412244694171373,-3.0501626008133305,-0.5876914258263266
-0.009514465857891896,-0.015086329654450923,-0.008076929950923847,-7.707557821467798E-4,0.2529440938052959,1.7641246792397052,-3.0464857338364157,-0.6076299649983677
-0.009496071288071188,-0.01509235240831315,-0.008058915382314727,-7.971973092891903E-4,0.25078207728783086,1.777463636905743,-3.029528245551979,-0.6276868674260973
-0.009392059455264655,-0.015100620567661455,-0.008002888246518498,-9.534222870110142E-4,0.24506140801323648,1.8798467004422286,-2.960003426179988,-0.7449744022919004
-0.009416044566214286,-0.015098134611303585,-0.008017519276621263,-9.179521545934602E-4,0.24661279940615538,1.8575678941730858,-2.9771828646984373,-0.7185799899645258
-0.009439328955600776,-0.015103421735741166,-0.008016644009659358,-8.803191122471726E-4,0.2461136928478411,1.8260313959487313,-2.984983632356105,-0.6901760654158507
-0.009459531976371694,-0.01510806569870187,-0.008015465230307784,-8.476824542511099E-4,0.2456398550850918,1.7985175038842052,-2.991372688049008,-0.665493232821844
-0.008738306368055757,-0.015065609685891775,-0.007657634072044944,-0.0019058681280005806,0.20442825366517495,2.488058798005006,-2.481186887531782,-1.4105716355529656
-0.008770322110398594,-0.015076695532231751,-0.007664333713189002,-0.001855009312649097,0.20525368674758915,2.450535806295821,-2.502124281288468,-1.376520118095054
-0.009197773294215165,-0.01508571005507364,-0.007936909899693987,-0.0012514057098772997,0.2388129008707288,2.093986148691656,-2.8458482463981003,-0.9643339743166376
-0.009172511235397498,-0.015086384444210621,-0.00792161219809396,-0.0012881294199395146,0.23704826507344298,2.116741718801619,-2.826714006123904,-0.9906215710503005
-0.009143709905480673,-0.015081732357385585,-0.00791375025419431,-0.0013328695066156385,0.23635134367279823,2.149756046967029,-2.8098520777947833,-1.022910279753783
-0.009083310279025538,-0.015084175430640862,-0.007872969900594913,-0.0014187675302314677,0.23146604435198911,2.20021589718418,-2.7611132833201535,-1.0832924128504873
-0.009112188820697961,-0.015084794092011654,-0.007889436812045415,-0.0013768000923159468,0.23345032239411082,2.1738636841731935,-2.7829218254077297,-1.053705791845659
-0.008834162704715225,-0.015061967156193354,-0.007739929849856595,-0.0017815018703100922,0.21517449544210906,2.429744059111315,-2.5710939736401186,-1.331660502668582
-0.00880383078886267,-0.015087571544306691,-0.007671799118747972,-0.001802302234815218,0.20644335143730294,2.4118376386772202,-2.5238750191714825,-1.341009576051609
-0.009053892560781802,-0.015083765136764958,-0.007855269870198118,-0.0014610861673887531,0.22937320971796957,2.226183612167912,-2.738278160531657,-1.112887390160467
-0.009022790000425987,-0.015079234227377518,-0.007843427591466244,-0.0015082034839642628,0.22799989233595724,2.2588835451292737,-2.7174731369255545,-1.1459425372729306
-0.008996198223374009,-0.01507817111881721,-0.007827698277238426,-0.0015464300532921293,0.2262198284757933,2.282270790172516,-2.6967208137114804,-1.1722188988053854
-0.008939553111978825,-0.0150866009847136,-0.0077736661135841675,-0.0016195636562826006,0.21933914333617624,2.3149636418614974,-2.642165834926947,-1.2208503041406409
-0.008971170024217559,-0.015085599965364705,-0.007797345816302631,-0.0015764250338353369,0.22239497575695463,2.2916593902729114,-2.6694140011625005,-1.1918803160994653
-0.008869579500075594,-0.015086135644630011,-0.007724083820900131,-0.0017154545951214085,0.21289290672689254,2.3681087614183802,-2.5827438782683934,-1.2848220188134374
-0.00890679463372049,-0.015086060073814675,-0.007751371795634427,-0.0016649246886485472,0.21667407263879065,2.3407549342819896,-2.6148376396724093,-1.2513275621549498
-0.009730367241390094,-0.015087430683930557,-0.008132373189556077,-4.308589762209536E-4,0.256453696820309,1.5094131411773162,-3.146224767953592,-0.3454273942704458
-0.009683696351223108,-0.015077863181777887,-0.008141414555920086,-5.069914254307394E-4,0.2585415355763448,1.5763999251441432,-3.1387193607718875,-0.4045697607649387
-0.009666539689992227,-0.015080669302702077,-0.008131943522372856,-5.335666019451276E-4,0.2575449188684756,1.5939025848291737,-3.127845889645133,-0.425231002470089
-0.009713531748506088,-0.015088423058350097,-0.008127100809718806,-4.5737451830194826E-4,0.2561141997090284,1.5288234914521135,-3.1382740772490756,-0.3661339657923297
-0.009695715452726265,-0.015092407203536665,-0.008115572468279215,-4.8473935024138823E-4,0.2548345069936045,1.5460429009617693,-3.126085937573686,-0.3875166564915111
-0.009649522111065156,-0.015082106810373093,-0.00812499679554623,-5.601542427304519E-4,0.256989046829227,1.6126299451679842,-3.118506171750939,-0.44587732404262576
-0.009632169886070048,-0.01508609665621786,-0.00811278274493961,-5.865292524317315E-4,0.2555996168834454,1.6287070241075376,-3.105765475266514,-0.4663300488039089
-0.009547157238880517,-0.015091559995591215,-0.008077570838538687,-7.181586573397577E-4,0.2524386514616827,1.7209645253407342,-3.0576983755331786,-0.5675029727683731
-0.009562615452681849,-0.015088324316362658,-0.008088681928498818,-6.950541919487474E-4,0.2536941800750807,1.707095154316638,-3.0693852003483877,-0.5498353821686877
-0.009577021817691071,-0.015093606166553053,-0.00808278747015032,-6.709555529098238E-4,0.2525861888226802,1.6843986299812441,-3.0704288939385314,-0.5313471661356067
-0.009613629760603537,-0.015092357419231296,-0.008095642698935729,-6.14009736939019E-4,0.2537213566921919,1.643396615699409,-3.0896237086807434,-0.48758622792900747
-0.009594790833932672,-0.015096008531048194,-0.008083298872615184,-6.424956803583666E-4,0.25231251124799897,1.66114272079322,-3.0763105949209866,-0.5095091317481281
-0.00810534603656702,-0.014966299255339155,-0.0071963966369444155,-0.002742835419633497,0.1388326934810615,2.8951616263599225,-1.8986818419366636,-1.8873954813874712
-0.008063853001521413,-0.01496348191566498,-0.0071536634522912585,-0.0027877478138770167,0.1328528580797748,2.9051690469245965,-1.8562598927162843,-1.9069755219318534
-0.008019447906741865,-0.014957414557195466,-0.007111560573605691,-0.0028383222055823917,0.12672575765784197,2.919387460395949,-1.811613078581688,-1.929398232281273
-0.007970414379418235,-0.014946959170850822,-0.007069321892774232,-0.0028974481448627676,0.12049781816922432,2.939419303225114,-1.7629872283846761,-1.9560375094042055
-0.007825383693354117,-0.014883855835548432,-0.0069801934011782165,-0.003105476152310587,0.10453815098259497,3.0396224193830887,-1.621377914494809,-2.054992613795799
-0.007922850385398259,-0.014920685657463495,-0.007049218603153786,-0.0029729882326563445,0.11638915864961755,2.982992778734402,-1.7184956209598725,-1.994768631837669
-0.00786898002295752,-0.014893023618680815,-0.007021569333869949,-0.0030555362920850616,0.11112876538752023,3.0271336192128686,-1.6660892025319103,-2.035434569807745
-0.007795265551233698,-0.014897006218246175,-0.006925822882615404,-0.003115323531470738,0.09840080394201652,3.01599481635257,-1.5889739009754769,-2.0501152946932657
-0.007670212815816174,-0.014866891553878292,-0.0068072826866245285,-0.0032559221992427547,0.08054165991803483,3.0472370738439647,-1.462689142701041,-2.1005939751738403
-0.007709777668955501,-0.01488456763819326,-0.006835319135432879,-0.0032020220688349457,0.08532985731616773,3.025876218183255,-1.502385588337454,-2.078439920523681
-0.0077569640913337096,-0.01488816040150856,-0.006889752460585205,-0.0031586968359802285,0.09272457021920098,3.0262740343980323,-1.550182753837271,-2.0664107434932935
-0.00762428155033627,-0.01487020314890489,-0.006744871160422696,-0.0032873356996718714,0.07274580941378456,3.033635287015191,-1.4168723618791355,-2.1039275039990226
-0.007568892836452074,-0.014867397919788264,-0.006677471210748528,-0.0033323155848714145,0.0635421884465792,3.0260367641032384,-1.3623032590639783,-2.1123745029189838
-0.007519945954738615,-0.014877968689570411,-0.006602659421873927,-0.003354007802617415,0.054979115764791794,2.9993087059711083,-1.3160983765540664,-2.1073537605557173
-0.007435600431032017,-0.01485374564324636,-0.006521072070251393,-0.003442694264135826,0.04360988934193643,3.0112758899096312,-1.2343795128854325,-2.1318300792464124
-0.0074750327221524675,-0.014902549244361896,-0.006517901068322375,-0.003353762617884407,0.04645744907925853,2.9524407590141837,-1.2766098044657257,-2.088741432856924
-0.007258281220408288,-0.014833081130693438,-0.006311248122202003,-0.003578702946042407,0.016716269556223254,2.9806233050742037,-1.0715488605555812,-2.1460954089557753
-0.007317482504417591,-0.014846598529075902,-0.006375020058537723,-0.0035264270069180564,0.0252523100724396,2.983596092231679,-1.1261177969037879,-2.137591624840722
-0.007374955746039627,-0.014851008576416358,-0.0064452615310151,-0.0034853924338687724,0.0337421758181086,2.9966398474675917,-1.1783089278230996,-2.134896092174584
-0.008122964127304176,-0.01500587405815835,-0.00715849012186917,-0.002681091922515078,0.13561410674419114,2.8286600794595884,-1.9048501617044433,-1.8453064748773984
-0.008423068577360781,-0.015041354342362137,-0.007415250407584155,-0.0023171959091527095,0.17178500120894677,2.6878844959957697,-2.1931567092117206,-1.6567381257864822
-0.00831620202292751,-0.015002129238684263,-0.007369804429636805,-0.0024786071744602243,0.16435763420389085,2.788615673479924,-2.104132874642243,-1.752312717615738
-0.00828531598584249,-0.014996529851201484,-0.007346351902424788,-0.0025188558325961127,0.16069528439582512,2.80693176757918,-2.0748044754321135,-1.7740785497387896
-0.0082186536067944,-0.014979297014312805,-0.007301788961749363,-0.002609939883658825,0.15396477084911633,2.8523792707531843,-2.012611156654302,-1.823538759288595
-0.008252320429341613,-0.014989651023788193,-0.007322114137594524,-0.00256236917919817,0.15729749614300534,2.827157625861592,-2.0434912169480977,-1.797494444477146
-0.008160843571089425,-0.01500294971172134,-0.007204019921249423,-0.0026454176194896655,0.14153480423182405,2.8264399157968163,-1.9443793830162919,-1.830963505246222
-0.008191427263492193,-0.015001482560023607,-0.007239206508028745,-0.0026150232486300104,0.14653360997481166,2.8224306139326187,-1.9761638251254738,-1.8178512856413689
-0.008385463590537054,-0.015044418162861348,-0.0073736427532673085,-0.002357543998031625,0.16625815258002186,2.6972439085362443,-2.1542201378703534,-1.6772503553027853
-0.008350199796221747,-0.015045030678688197,-0.007337722326057428,-0.00239690442158455,0.16133016648374185,2.7087017198558736,-2.118834367321757,-1.6974778299672704
-0.00832538386310555,-0.015031389525758537,-0.007333880812347654,-0.0024383955792947973,0.160368130676161,2.7385170329899493,-2.10027264192367,-1.7227945940668654
-0.008141684575189708,-0.015043590941894176,-0.007124183852903723,-0.0026213073486983213,0.13296591973761643,2.7661640304867485,-1.9116168104522744,-1.8048939067995058
-0.008699649347047462,-0.015070666842393516,-0.0076170888870808,-0.0019517649578272482,0.19929848041109158,2.5039358928812696,-2.4417658883089692,-1.4380807738628218
-0.008673770223514687,-0.015068573564318267,-0.0075988795869282744,-0.001986640064294838,0.1966316722822563,2.5223909545939818,-2.4191604131077526,-1.4598068594241072
-0.00871491413550635,-0.015095473343532942,-0.0075875605989917504,-0.001911728111584177,0.19571931870681086,2.4568355259730357,-2.4382307132786103,-1.4085106255333757
-0.008644502770900332,-0.015074941761569672,-0.007563191566913084,-0.0020182297633037035,0.19239093026899473,2.5292407263107184,-2.3874369501610886,-1.4776918951069393
-0.008607868162933036,-0.015082118098847075,-0.007519547200313253,-0.002057727407918524,0.18658290631942573,2.538348134850405,-2.348432391878792,-1.499782977589328
-0.008571938810875077,-0.015081448544805082,-0.007489020314401158,-0.0021024382781364287,0.18284171970457982,2.557971034756408,-2.3148750422981244,-1.5262177202340084
-0.00844205989171186,-0.015076397816536727,-0.007377911391855234,-0.0022615583923267096,0.16792270794193023,2.6251943990875044,-2.193344034483007,-1.6170574333438863
-0.0084882550747303,-0.015068647732543404,-0.007433632222813701,-0.002214714009210031,0.17494051781690856,2.6174644779640084,-2.2423013505410414,-1.5933048067755347
-0.008533368534421002,-0.015080156824011084,-0.0074565095387862795,-0.0021503102229897043,0.17812116564111033,2.5789109101519787,-2.278928371240639,-1.5541785906843486
-0.006925660685829888,-0.014717003137705548,-0.0059717138502226675,-0.0038954669403157296,-0.029486881584653426,2.976956962416704,-0.7665828894191423,-2.1915101616612542
-0.0071997828534519,-0.01481410595809584,-0.006252771545320986,-0.003636179675684311,0.00839140280383348,2.98300943040493,-1.0168272867639088,-2.1571786211507487
-0.0071413710340429235,-0.014782708360362214,-0.006204855789141309,-0.003708477624665179,6.548458817062314E-4,2.9995157103112415,-0.9595677736540366,-2.176153851317277
-0.007085745517313403,-0.014804281435759334,-0.0061112156357837465,-0.0037074692117251796,-0.007728806213989958,2.947643478475032,-0.9206523873259762,-2.152527061471273
-0.007027928904567317,-0.014785175907189425,-0.006051568629809133,-0.0037600474246251296,-0.01575436921060364,2.9451755026383464,-0.8689258714565699,-2.1591444807436067
-0.006966261760778552,-0.014770082430865559,-0.005982477571159537,-0.0038073683389042807,-0.024377282621916123,2.934132221331352,-0.8167466542349466,-2.160099658186457
-0.005474105292327853,-0.014068766834144293,-0.004309711655287891,-0.004903166511844186,-0.1853226275882948,2.5010520893861705,0.26096630650203356,-1.9560760225534903
-0.005334129148551105,-0.014077854651676323,-0.004137312067493927,-0.00487110536644788,-0.1861521513199069,2.4030373476138975,0.2748696705717007,-1.8946369831140395
-0.005586100973563524,-0.014191988146683026,-0.004432446249925781,-0.004763032866744351,-0.1721145373847342,2.5235485255429873,0.16030811239301626,-1.973447792929146
-0.004689352474896169,-0.013680399792833907,-0.003386839638979119,-0.0051799820500829175,-0.20460451228880383,2.0930761222214205,0.5427690268292763,-1.676806377089277
-0.004836461247974545,-0.01383812968849555,-0.003563783335682878,-0.005046968396879916,-0.19882176016864997,2.158200847541089,0.4525837166074503,-1.7273164023091818
-0.004987198415392979,-0.01397373848732774,-0.0037373433532179937,-0.00492969531654132,-0.1917122643043211,2.2197251236767213,0.3689413055881127,-1.7730091879094736
-0.0051566679195164805,-0.014085093781122474,-0.003928170084578942,-0.0048340292031117905,-0.18548633989748506,2.2903142430080856,0.29025577923650153,-1.8231479437828477
-0.006680758246696239,-0.014642496590845128,-0.0056951132647839525,-0.00408161308884216,-0.06268177432017474,2.921929290154934,-0.5634510301115022,-2.1831286490126636
-0.006851361279965414,-0.014720338453228893,-0.005868931093251492,-0.0039197961381627205,-0.03924246867305365,2.9333621281596005,-0.7136624710570773,-2.1732651278913173
-0.006788797627676674,-0.014700470580054187,-0.00579986745909397,-0.003968945043112887,-0.04804776938448417,2.9217332333568593,-0.661880259492061,-2.172520013177997
-0.006727606916021426,-0.014714798924522647,-0.005707625767979702,-0.003970118622239209,-0.05488197712256316,2.872410557113895,-0.6269280127881168,-2.1478768904397714
-0.006503618718400409,-0.014626176846250134,-0.005467387899174717,-0.004149242745340458,-0.08332987282362449,2.8311644234675963,-0.44824185604091754,-2.1408513068688055
-0.006595543801720032,-0.014640451285039621,-0.005581482751096875,-0.004107816600599271,-0.07218240819381534,2.872943107454366,-0.5094539686476832,-2.1598177305223776
-0.00566914291090702,-0.01432325883227007,-0.004509450589733426,-0.004605595782228772,-0.16013498984589392,2.513657950521455,0.05968506207447768,-1.969243678925787
-0.005804783687342115,-0.01441679206076485,-0.004653809186715364,-0.004492599450979972,-0.14632016174362958,2.548764967739548,-0.03280140214815061,-1.9904801920301427
-0.005959672436563359,-0.014451989221675073,-0.004837788301410122,-0.00444559101908957,-0.1366469465387887,2.624743876435961,-0.10407421593516666,-2.0354490760841144
-0.006073252549799003,-0.014515294931007628,-0.004959169153618951,-0.004358160243364905,-0.125187808197353,2.654091353528438,-0.1827104277937979,-2.050836492191797
-0.006163606245856039,-0.01453251706831927,-0.0050683269317784605,-0.004327772759809422,-0.1170637572952548,2.6981658127552746,-0.23050943873819132,-2.0747922257024998
-0.006257143143081865,-0.014584878654891945,-0.0051653682709943876,-0.004248480468496931,-0.10762066105791904,2.714912649670573,-0.2999386769367434,-2.0822068873093382
-0.006348563489629461,-0.01462405174912523,-0.005264433346746771,-0.004182876692748857,-0.09685049559565258,2.738975397379012,-0.3653669870438833,-2.0920671367267207
-0.006426927027779137,-0.01469538975004905,-0.005326375541932782,-0.004075584200976142,-0.08691925944950103,2.7227072028920905,-0.44031828581073357,-2.0769375648915864
-0.013935357161947685,-0.005173731796066961,0.005013334235320014,0.003953677227019733,0.3858879704048784,2.426256072277038,0.022685782767801695,-1.9096895709867858
-0.014052149224976876,-0.005268482521513877,0.004892553839333047,0.0040622332276779236,0.37856856932260974,2.430992098952758,0.10937650710375457,-1.9112316463013026
-0.014194668096522898,-0.0052814462666495665,0.004726690528880647,0.004065840832048989,0.35770483577508877,2.3661894895430677,0.1763873428680995,-1.870565927908934
-0.014344807444147702,-0.005349087032179265,0.004559822130393909,0.0041244657267847555,0.3412890696547725,2.325081146983908,0.26121584247158186,-1.8419781138806144
-0.013927225057162913,-0.004985225474548746,0.0049831996957817185,0.0037354065643154448,0.3709712359931046,2.311758205634454,-0.035291882548170166,-1.8389528508468775
-0.013653899587112717,-0.004696133330948817,0.005211918079263061,0.003391664966953506,0.3760805109130441,2.223317427077339,-0.22809470142930002,-1.777102266821977
-0.013846104329964803,-0.004786353636150491,0.005027633425352537,0.003510941860806127,0.36269166877894865,2.222082929247216,-0.11922947472580647,-1.7797387975891499
-0.013604249359021658,-0.004488320737396695,0.005202860831885325,0.003164952941591881,0.3596891152625626,2.1124034674900063,-0.278883799532665,-1.7015043365549805
-0.013542044387477723,-0.004274499168944868,0.0052006537276978355,0.00293891353059372,0.34166798166607887,2.0052782000043234,-0.32440932214625035,-1.6288205770768551
-0.012975620303040274,-0.0032320810768934677,0.005344477952671036,0.0018876879762470204,0.2655816505846238,1.5368686405348548,-0.5098330607654341,-1.2856350484270251
-0.013026668800600293,-0.003434704276650954,0.00537524586390914,0.0020589793312949457,0.28342831771626176,1.6218019971746422,-0.5149555665079135,-1.34700742129394
-0.013113701848995256,-0.0037040051519558175,0.005399688202966351,0.002305978388918748,0.30759648668888634,1.743788333549938,-0.5054668777014818,-1.434182597857273
-0.013450305463828464,-0.004051752573108912,0.005218814111383614,0.002706903056182816,0.32563626484426184,1.9018068700151318,-0.37325404720396227,-1.5553055606476676
-0.013319461742249785,-0.0038622493083890264,0.005276228674477901,0.00250259431247479,0.31359968221116524,1.817503051586688,-0.42780870056404335,-1.493181713535982
-0.011828949985989282,0.002329251048731231,0.0057140639888513586,-9.075315120584432E-4,0.18793586730465006,0.9978207719779454,0.6444994700450034,-0.8516944259756204
-0.012273928819357948,0.0023963060296636448,0.005513836480199083,-0.0011084023293359967,0.20193688171078822,1.1427051125756054,0.5609264611201117,-0.9781170670499914
-0.012592890948283681,0.0025937956004079723,0.0053931433204922295,-0.0013301944135594164,0.21741344029101786,1.2686929773497704,0.523645815439563,-1.0821851894538028
-0.011695060625537022,-0.002281483073156931,0.005755859142227916,8.317586443773712E-4,0.1812542861300073,0.9422406802370441,-0.6582774738549838,-0.8033889333423622
-0.011907030262678087,-0.0025205128050554324,0.0057486632151465275,0.001030572431943038,0.20319348589918312,1.0713626840345072,-0.6823539859299896,-0.9066352774466143
-0.012187040647368926,-0.0026277556803860676,0.005642341799290649,0.0012033517493320563,0.21592775770044306,1.1831128258171841,-0.6406050194090663,-0.9995819706594772
-0.012363332292205733,-0.002825806169995225,0.005614501616243319,0.0013888166594634203,0.23510177337932553,1.290185770213489,-0.6376077841993368,-1.0844172298453736
-0.011734896996696909,-0.0018841533850102433,0.005607731157515643,6.815719282192999E-4,0.16168494231160688,0.874582459260255,-0.5293634371900632,-0.7640490986750265
-0.011706924823666042,0.0018694764880906392,0.005614673681078621,-6.668311490579062E-4,0.16014441691222395,0.8625736498052811,0.5295526880293212,-0.7532634826008421
-0.011570981899563435,0.0014509202731635752,0.005554870857977674,-4.7113602359699896E-4,0.14024798933323288,0.7555579250682637,0.4207612444446855,-0.6747664855846067
-0.011384388275302833,0.001092735842299225,0.005540994835094788,-3.127508666295816E-4,0.12571688276537918,0.6562097266181299,0.3289312429530232,-0.595104777265806
-0.01170376380087039,-0.0014367287464154815,0.00550393175112298,4.996557922891429E-4,0.14375791372886906,0.7966713941825636,-0.40196820096567537,-0.7108959947112774
-0.011505888085884323,-9.896395158654427E-4,0.005486150251959941,3.043818358034925E-4,0.12700191119018844,0.6867656477207674,-0.28858955847240825,-0.6249686013839968
-0.011353680399755905,-5.853234934888858E-4,0.005480079947814389,1.6198476286408963E-4,0.11594067846182894,0.6131421924907988,-0.1752148283315396,-0.5667897450095992
-0.011195208333287304,-1.931327629093502E-4,0.005496310516091325,4.744887443337724E-5,0.10867692558924653,0.5497227901878676,-0.05956855232303494,-0.5128636211962726
-0.011324824143871993,2.0522770779275818E-4,0.005463111079245604,-5.550965282498104E-5,0.11244918623876722,0.5921798024143462,0.06130973796892638,-0.5509573625829002
-0.01143869004277632,6.896826743807039E-4,0.0054660672815613105,-2.0181199251354326E-4,0.11933517030841855,0.6454859362817414,0.20417915584153637,-0.5943235158054425
-0.01262637452194168,-0.0028810123620736975,0.005468001863137384,0.0015237003190691214,0.23795734645016378,1.362863747257303,-0.5694647083058221,-1.1480877967358725
-0.01280525849892998,-0.003069232860893916,0.005412221263414913,0.0017132466971260393,0.254319103818801,1.4568335892067081,-0.5454465805498218,-1.2219869080178192
-0.012918862142359707,0.002760739054812315,0.005235215244146839,-0.0015372241040688577,0.2291120810374593,1.3727486650049074,0.4632384721823036,-1.1672611374066533
-0.022705513251830817,0.016739127210696654,-1.7598073478771893E-4,-6.069353049706503E-4,0.16223745046851834,-0.2607920314303466,-0.23071879734013992,0.27434298860762824
-0.02152831732477481,0.015941460796337965,-3.937856249049756E-4,-0.0010972021972895328,0.12067342969338203,-0.3824803097287832,-0.27286904633522324,0.4077493603325309
-0.020753907834584178,0.015111516279244832,-5.705201717500809E-4,-0.0015593922017043628,0.0983749498034693,-0.4582753283048802,-0.3378862446398622,0.4951719235729298
-0.020144148422474528,0.013928719299793505,-6.756207485103728E-4,-0.0021297749391287236,0.08322641296675994,-0.4911619190155254,-0.4666519732949263,0.5447144620268674
-0.020715452367479653,0.014399450429930969,-5.551130978304001E-4,-0.0017564408856705883,0.09680432048817464,-0.4452166531207281,-0.4021220837958869,0.48728243051679876
-0.019456623270166864,0.012721172257208566,-7.077367446545547E-4,-0.002815662912196887,0.06928880217242554,-0.48006731317568,-0.6580198621095744,0.5573968391792956
-0.02024094581431111,0.013203693397805465,-5.783146807508663E-4,-0.0022723249509166523,0.07962601143220797,-0.4321179268274004,-0.5364677314444125,0.486962969273997
-0.019152450103407433,0.011629397572946705,-5.278512629402571E-4,-0.0032623878979374725,0.06093008784577402,-0.3545056147428333,-0.8311767116968358,0.44897779245838326
-0.01967990825016982,0.012013535646204759,-5.153577186770872E-4,-0.002850956759257431,0.06352629567954891,-0.36314624209453733,-0.7125729626052557,0.4367336439141207
-0.01912349427074629,0.011086671351485318,-3.7438242036327434E-4,-0.003372299414911878,0.054776064777206195,-0.2511934599359141,-0.8888675756597831,0.3476931079292193
-0.018892518406527718,0.010660813178198097,-2.6151496841008825E-4,-0.0035867592510005265,0.05382586308651164,-0.1691248517373526,-0.9697308608779585,0.2795506339170342
-0.01849157678388465,0.00941526295969963,2.1776866559524384E-4,-0.0038975815911422044,0.048835386807826106,0.1619624272853176,-1.0925178116080052,-0.028948259845983287
-0.018688278983969627,0.009779707625956435,5.944747252828171E-5,-0.0037672133166311264,0.047879269222913,0.052584835581949964,-1.0468007985370422,0.06818570904198858
-0.01888813766324849,0.010247506134196057,-1.156577338601876E-4,-0.003615586266452663,0.04831474424940957,-0.06978164216711137,-0.9896145629519261,0.17931081912003233
-0.01799714533742224,0.008872957962856127,5.313364461446366E-4,-0.004219353386011697,0.05899914164339316,0.3720021554023791,-1.2003839719885245,-0.20414988340926962
-0.01847314000452475,0.009032258559813813,3.759419217929302E-4,-0.003864302676600567,0.04506881772069715,0.2690203784090804,-1.0760443685444534,-0.13702115436415008
-0.017604254659330517,0.007472681692799567,0.0012757226849363775,-0.0040613628324689946,0.06961161530474237,0.8336846485802747,-1.0592293386623286,-0.6496643090553188
-0.017757944502583802,0.007762980100669455,0.001094898596627364,-0.004070691077127858,0.06258543029946122,0.7267929778785011,-1.0881086014846169,-0.5522662290679259
-0.017983891857467262,0.008430390113281467,7.352972404329846E-4,-0.004121380373859527,0.05640431096103137,0.5051068901493645,-1.1474857664148213,-0.34064741953811684
-0.017903944425886564,0.008043281384202017,9.25746252702339E-4,-0.004063299399872027,0.05777042876160892,0.623699323718503,-1.1058603470030948,-0.4578007398162364
-0.01790274322412579,0.007537063322828288,0.0011236626848232516,-0.0038741356931918506,0.055864678114279274,0.7405266495166032,-1.007942483939243,-0.5808788220431361
-0.017024804835498293,0.006912039248128943,0.0017940851553418754,-0.004180165739496657,0.09911726927679827,1.124348313094648,-1.0233667680008762,-0.8969505201827283
-0.017419472489890724,0.007135245721515348,0.0014924787469469925,-0.00403007121575124,0.07753147827883865,0.9520491054390154,-1.013202903290236,-0.7593195080384761
-0.016210071198523794,0.005826317845818727,0.002688031627752385,-0.003906600820512886,0.15360142110692176,1.5122334768642454,-0.7312638723328443,-1.245280675701325
-0.016615015382836426,0.005974376569158571,0.0023498048923211667,-0.0038098436426066457,0.1249161337466671,1.351772529538394,-0.7681626836656602,-1.1198327630316207
-0.01688434100314706,0.006334515092682855,0.002070153249721505,-0.0039060256138833166,0.10790587909973574,1.2361834698468226,-0.860504611697627,-1.0163004337310075
-0.01706340323328456,0.0066009968435620965,0.0018761786246227203,-0.0039657571160909965,0.09632912581986916,1.1474092560564717,-0.9212961659301616,-0.9357846829891894
-0.01608038189041788,0.005535186396020621,0.0028470580414401495,-0.0037342866923058935,0.1621223851049385,1.5458269916136531,-0.6311639541489464,-1.283385102323604
-0.015921807032917273,0.0051803624131887315,0.0030264748240530484,-0.0035091089528535924,0.17042008384278232,1.5698908631524486,-0.5129422551952593,-1.3135565365869508
-0.01572538365527035,0.004998748205704182,0.003207375762348086,-0.0034253115377101684,0.18369185258901977,1.615869947261218,-0.44298370204764026,-1.3523821907221176
-0.015300847200170472,0.004728893326150045,0.003585912235668304,-0.0033092571534950933,0.21261178057258404,1.709683683500634,-0.3123965616055204,-1.4291035791441145
-0.015564789228278149,0.004856139828123287,0.003352567444980952,-0.003352934282176191,0.1933417907554937,1.6468411086599037,-0.38539823851161087,-1.3791552307187438
-0.013224129586881047,0.002959018797890798,0.00507873028763749,-0.0017564956831119729,0.2382003147113009,1.4661735823047806,0.39990446887974057,-1.2425724714488326
-0.013435902099038655,0.0031755778427431597,0.004978891179767996,-0.0019659765538884836,0.2491891351194365,1.5468331675208062,0.35315444932748086,-1.307400634710517
-0.013989548188736784,0.00348117260151707,0.004607348947911692,-0.002297911076579729,0.2464620175437478,1.63272189685191,0.19179878662880287,-1.3782529050058208
-0.013710190399257447,0.0032529101267305322,0.004784391625032316,-0.002077419303735968,0.24261830259821263,1.5735785011512402,0.27467041398533626,-1.331336302935733
-0.01454308488446678,0.0038057807455029193,0.004195455994599733,-0.0025948273687920013,0.23222282355065718,1.6617960866352723,0.019106055426619136,-1.4032547501387211
-0.014387109354777858,0.0035242660805476634,0.004289107374391715,-0.002359644345410739,0.2276149758945372,1.6056312611451682,0.08216568939646202,-1.361970573498733
-0.014909984115605998,0.0038638435134318106,0.0038943751483738118,-0.002627577206860202,0.21057593727450621,1.609791922649759,-0.07233771804908977,-1.3659087252466533
-0.01520265037895252,0.00442349063314528,0.003672013496069357,-0.0030635467209333485,0.21049934936059134,1.6713217125682995,-0.22559762015573484,-1.4058476272221394
-0.015052882007808572,0.004128967778176074,0.003790561738624102,-0.002834895937776413,0.211090434973872,1.6412207493403825,-0.1414086521778821,-1.3871595323983075
-0.023867590343131715,0.016099092955735802,-4.667156953074019E-5,-3.450008280624748E-4,0.2282089256541238,-0.14488964520755387,-0.2713113834268277,0.15522525310945853
-0.025,0.015454229691227304,0,0,0.3054488995421482,-0.0033786444245575645,-0.31820639273129275,0.013761571009293247
0.005678931360930438,-0.01544492609477334,0.004133212619609354,-0.0033799195624279743,-0.08555748828467584,1.9410552072203673,0.39119687796506236,-1.5827187118149066
0.005419239083361643,-0.015483598822033309,0.0038751411958328494,-0.0033771239508479808,-0.08898328125860343,1.8580588264967723,0.3259023824813789,-1.5305306784899297
0.007911484952540708,-0.01670246983699922,0.005024870207315228,-0.0015180585169193624,0.017559324610247017,1.2865524625078066,1.2768323476502033,-0.9661811681189417
0.007696439994553936,-0.016689085910403714,0.004913797823147543,-0.0016448702661127053,0.012898960749166377,1.336207044687621,1.2001719579703014,-1.0216648595193378
0.007498333411939709,-0.016680292037461145,0.004801695677071827,-0.0017525860798570214,0.00529406098181794,1.3738449809125723,1.1260285474483245,-1.0691947482612765
0.007232021190057864,-0.01661553874035465,0.004684520444182413,-0.0019207826539340727,-0.00232509917909748,1.4406366039251646,1.0353833308599023,-1.1383401920580607
0.0058736231177072724,-0.015718376937363058,0.004188465385553716,-0.003092530802916327,-0.06784025933682819,1.8517348921536796,0.5081306229487256,-1.5115427569706246
0.005990343893155816,-0.015968567152947376,0.004163192691235429,-0.002848240870128037,-0.0543455064112764,1.7481037891566331,0.5812502190348184,-1.4318057241114397
0.006955382803511874,-0.016526238618307775,0.0045642106363350836,-0.002100585965121873,-0.011020348041255068,1.506908785805894,0.9403128456078198,-1.2056994969361465
0.006698864255577861,-0.016425624168204898,0.004450667299660136,-0.0022718108372047838,-0.02054303146714981,1.565440807334905,0.8505256660995876,-1.2635016515492836
0.00647270094002615,-0.01628487708944618,0.0043722536133356206,-0.0024559338666136983,-0.029226910889606127,1.6333212163945103,0.7698321084098428,-1.3252818730706926
0.0061655965721660955,-0.016238842706410454,0.004158662109338866,-0.0025826071410445027,-0.040602194074192126,1.6355511775456029,0.6618577988201305,-1.3425114392280357
0.008022289598310884,-0.017004752877104103,0.004803921166492308,-0.0013000383937543023,0.016682221467787504,1.1119340703106266,1.2373998148752625,-0.8377933677288486
0.009387128091608675,-0.017582603794113496,0.0046804767697633245,-3.365239472148893E-4,0.021600807094521748,0.4769542313167738,1.3511549530698017,-0.26070783647033896
0.009039706058170687,-0.017560025891083863,0.00464006147107986,-5.378243858984769E-4,0.021082254476774667,0.6058353867789651,1.3100541933145162,-0.38896355941838173
0.00869191042774093,-0.017569303491521613,0.004545490959655347,-7.246805859002548E-4,0.01986996031691321,0.7150744306722964,1.2449710773269886,-0.5026393786508051
0.008170150304221002,-0.017307151087668223,0.0045998585058076025,-0.001088342328602349,0.016669832634284776,0.9497821732616082,1.2002698288925473,-0.7137120563293925
0.00833207375741806,-0.01758672323609567,0.004418420838780115,-9.030173366823393E-4,0.016998073719339313,0.81084064135315,1.1650361124788644,-0.604788896999583
0.016973954961777657,-0.022685288202840867,5.777903993688449E-4,1.7648667281282962E-4,-0.15463059190848613,-0.25292049021794316,0.2279719673121228,0.2656797178406611
0.016470636538644313,-0.0218001117786044,9.055345942035011E-4,3.3381220472482944E-4,-0.11892120765320692,-0.3408096117738238,0.25706861757474386,0.36182775628040065
0.015346154078223965,-0.020919353857340922,0.0014396905541336493,5.326648433210099E-4,-0.08874044095453276,-0.42378565191294354,0.3443669025166514,0.4584026291089076
0.01569030544520233,-0.021589803150042226,0.0011305853003967315,3.806424998489199E-4,-0.11270880993770964,-0.36086436467866806,0.3109337555989735,0.38673114843502443
0.014244518334442086,-0.020334406593828236,0.0019582892662559272,6.464751180712186E-4,-0.06628863084968317,-0.450409575727637,0.4629019477806307,0.49915811350739153
0.014630719218543425,-0.020981569525385112,0.001591638477444947,4.997247051098419E-4,-0.08733938131941014,-0.39960886174025334,0.40364512649028367,0.43688067522592205
0.013358180807035403,-0.01976296477033933,0.0024736506481334328,7.227548851679448E-4,-0.045466911330212606,-0.4499718035818896,0.596305534908686,0.5147196178637518
0.013637774448580038,-0.020407189521199794,0.002084380780350579,5.814012604313245E-4,-0.06269362265326835,-0.40472729867461316,0.5186162633860903,0.45474008698411866
0.012738203084570866,-0.019754815182735835,0.002643371308804201,6.338822369290896E-4,-0.038328834601055135,-0.382703338687327,0.6657148216989285,0.4509788234558406
0.011407321301701544,-0.01873936205838654,0.003593105344493811,5.407999804975454E-4,-0.00728263900011135,-0.23040497373559218,0.9737847782748782,0.3445691705225003
0.012220208250754538,-0.019322310147563575,0.0030236814910188712,6.396689235248903E-4,-0.025411832595758514,-0.3490630451555847,0.7797393222939588,0.43290602600768807
0.011716655388215102,-0.019102506484814707,0.003278106601361895,5.626782224997284E-4,-0.016706700340497784,-0.27486599791590677,0.8692023465311386,0.36859061180972724
0.010974137949046855,-0.0188384873737251,0.003591668710553548,3.770860071839862E-4,-0.005471205471963863,-0.12122592415064072,0.9845080524971489,0.23090487442960836
0.00952082387374426,-0.017975258355336525,0.004337479741871652,-2.1837591306399177E-4,0.01628959774730331,0.3568779570591551,1.2291154571160374,-0.18194385639800517
0.010098763762193739,-0.018343307887128367,0.004046299704966141,6.990403103374763E-5,0.009223500906298124,0.13178862056805038,1.1410594710640194,0.012543885601109625
0.010303846425302243,-0.018647037357810207,0.0037969094674344546,1.46661674947668E-4,0.004347254857171796,0.05525126156368216,1.0561701107841104,0.06736594548470944
0.010551469684818371,-0.01889812936461662,0.0035915128897577317,2.2352105584874784E-4,4.147494301411642E-4,-0.016356803765643035,0.9884556968683139,0.1260499299145831
0.009684484942242062,-0.018366440428112956,0.004018280259787492,-1.1217378920658828E-4,0.011552373063174401,0.25262597073625287,1.1208669745979016,-0.11040711578436206
0.0029211666196078175,-0.012755487408833026,0.0015934385005111158,-0.005396006047438316,-0.15910208269120965,1.2258694505135377,-0.6706390094031711,-1.0407307321682338
0.003194629406747087,-0.013031494476773767,0.0018760542248679973,-0.005290133843320896,-0.16631788735591943,1.3761898076189492,-0.6413199745311776,-1.1596746501316264
0.0033383806740517456,-0.01329343546225021,0.002058484600635398,-0.005133981527257996,-0.1671531068181097,1.4698373744448758,-0.5732490253916539,-1.2378682378427348
0.003487452143940879,-0.013550353180174494,0.002235861148904681,-0.004968993237032696,-0.16574185781593087,1.5519802288666609,-0.49890885659721734,-1.3045754823124673
0.003616718997004408,-0.013790819343293478,0.0023846508124397967,-0.004800418561071836,-0.1619328695201959,1.611110402931766,-0.4221251986925479,-1.3538067889005785
0.003758381009765796,-0.014039530046640969,0.0025344903573590372,-0.004617862821051433,-0.15593674464636312,1.6601170688428504,-0.3389709115280499,-1.3940562896536506
0.0039055681511778826,-0.014290217890302617,0.0026771521572352508,-0.004425370630809721,-0.14818254286146335,1.69609523775496,-0.2519029222548277,-1.4234480452138571
0.0052062952577246226,-0.015329952192577448,0.0037311431082921237,-0.0035381969021771,-0.10042707851477585,1.864055830163217,0.23622552653626877,-1.5391716322531686
0.004898584544472415,-0.015165517197837455,0.0034918640971646694,-0.003703223479716252,-0.1117058433636705,1.8345386552289327,0.1281768659825193,-1.5229514170203002
0.004321110716699102,-0.01455917017240253,0.003046742028719356,-0.004237552916321234,-0.142622415344376,1.8020764923820372,-0.14113157536710766,-1.5015950576222163
0.004059608051455889,-0.014500097799842768,0.002813519013154636,-0.004261685637965347,-0.14145938596535304,1.7239021244491333,-0.1768194147440913,-1.4458426244518845
0.004476271842444613,-0.014816025110356124,0.0031660530497131965,-0.004015110561014429,-0.129944607050118,1.8019661205690023,-0.040672684602452054,-1.5016344628840752
0.0046132920346972014,-0.01507838402127581,0.0032506779297540927,-0.0037826789434834847,-0.1164371210364952,1.7777596922061165,0.05645345487900468,-1.4847148929124363
-0.002552030721920069,-0.011751466504138388,-9.764424552709225E-4,-0.005835609829339236,-0.1377594427348129,0.7762960778481005,0.8243953303919557,-0.6513838099000532
-0.00206566839411709,-0.011815320702547667,-7.843786208971624E-4,-0.005630667875291365,-0.1306399761969309,0.7152290515885705,0.637666261759492,-0.6267822543611351
-0.0015415988756458656,-0.011780485878006132,-5.585463035860057E-4,-0.005499522424741687,-0.12368215634964463,0.6348476705501181,0.4689927204503351,-0.5754414994724034
-0.0011487799565754462,-0.011859417051322905,-4.2405775319717486E-4,-0.005389231867480876,-0.1206642534533624,0.6277601480111688,0.33843582607640615,-0.5786681669338622
-6.898421060327144E-4,-0.011608059050073201,-2.2231799158062716E-4,-0.0054142292363471975,-0.11559018419226008,0.5108813394923231,0.21345265960481985,-0.4841387291133778
-4.694587243005204E-5,-0.011485295483378127,-1.3827132217500691E-5,-0.005415370795164079,-0.11273965148152594,0.4531961176674674,0.015155599556314457,-0.43639927968331554
5.040339725628084E-4,-0.01143183353684924,1.4611188842665192E-4,-0.00545129402574969,-0.11251218604685752,0.44117823851688126,-0.15992776283928126,-0.4223042055832726
0.002146861933063845,-0.011952776358376173,8.690907399351845E-4,-0.005594791430699074,-0.1338983878561797,0.7826824683839346,-0.6413541387159726,-0.6837169669385971
0.0023003618017623136,-0.012380753348799031,0.0010908106951273905,-0.005425475099218474,-0.14107439914534092,0.9616967211744712,-0.603142991955215,-0.838543748746103
0.0016362008104851488,-0.011950355520885416,6.416304876928318E-4,-0.005452919441333263,-0.12662289886373304,0.707001629854976,-0.4781429946701587,-0.6377807448149092
0.0011661829755001008,-0.011921890966375881,4.42491806752158E-4,-0.005367757075279793,-0.12130523382546086,0.650862670277449,-0.33801303059596277,-0.6003796619632341
7.149881160246392E-4,-0.011880599261757819,2.629452714790019E-4,-0.005321335871782937,-0.11832908311609147,0.6070702044593017,-0.20730537725450363,-0.5695765065216404
0.0025543880475233575,-0.012693716171615377,0.0013368860858539223,-0.0053190635743728615,-0.148399219242177,1.112131835542091,-0.5962393813452637,-0.9609506440750286
-0.0027474583132351908,-0.012139449267041042,-0.0012496355473258379,-0.005715160053194684,-0.14938717473294136,0.9780409533821798,0.8009359256841027,-0.8240568660428645
-0.0030136903047080113,-0.012450798134900343,-0.0015421659239728883,-0.005631487215456887,-0.1619907046788991,1.1623204404380125,0.7936933593139975,-0.974158796754706
-0.0031153405351696632,-0.012783105866302205,-0.0017372052454914702,-0.005443617367263711,-0.1664152280711494,1.2920810038128556,0.7095288871829252,-1.0872781060067203
-0.0033778860102942213,-0.012851458248521285,-0.0019540065661352835,-0.0054891298569914315,-0.1755788196698662,1.3986589095441373,0.7493228703909897,-1.1628076481311436
-0.0036333666311758606,-0.012956798042400186,-0.0021931195578794153,-0.005502715422445826,-0.1859936268375013,1.5198187083701489,0.7661656910522107,-1.250894404862647
-0.004152537924742693,-0.013223351850219982,-0.0027396861728022494,-0.005464694620853792,-0.2039517897913981,1.7985679235035312,0.7418727019880229,-1.4538875971081897
-0.0038733458740567907,-0.013083253930649179,-0.0024404602707388413,-0.0054868562764479045,-0.1952575823620205,1.6470360555973629,0.7598869940941532,-1.34447907768158
-0.0041459650978104825,-0.013444032879307682,-0.0027925292918979986,-0.005253605128189385,-0.19599870066519107,1.812440691722194,0.6257206981358152,-1.4774902973436066
-0.004292228384792853,-0.013605461013019605,-0.0029673145169830622,-0.005142616371074046,-0.19455288583812824,1.8855511572262067,0.5584332480017112,-1.5361407553568454
-0.004467339670446264,-0.013763524117339344,-0.0031663358670615594,-0.005033166515807303,-0.19326952544933165,1.9668265320882858,0.4869634981213636,-1.5974813248261095
0.01624733998791474,-0.023798127386984655,3.53531231310705E-4,5.21955425117998E-5,-0.2195647321266966,-0.14404223249692436,0.2689263044489141,0.15393089478935373
0.015454229691227492,-0.025,0,0,-0.3008454379803004,0.007634005843997124,0.31777323649667016,0.0034682326916194287
-0.014939048627359605,-0.010942458969103138,-0.0015513108967927546,0.008129807737359546,0.3318690284584472,-1.1719602663032058,2.840893831483022,2.3832903412921493
-0.014935998525760726,-0.010957881619747152,-0.0015767518053706553,0.008125068566108793,0.33225315304536013,-1.1898646779078044,2.83007455224546,2.401564124525546
-0.014929843469545604,-0.010988604774443298,-0.0016273889923857972,0.008115249132883041,0.3330758146686827,-1.22532067074574,2.808113627175825,2.4377017242742145
-0.014932913686907204,-0.010973244674185222,-0.0016020942666539124,0.008120258934109436,0.3326608434187061,-1.207644060895927,2.8191779396646726,2.419712358456319
-0.014942408814387126,-0.010999084113685526,-0.0016342358769528122,0.008084542063807874,0.329200266101025,-1.2283154996302708,2.78752248514523,2.426940883717622
-0.014939521163618288,-0.011014523853619092,-0.0016593046674269352,0.008078905905907747,0.3294662222191898,-1.2456926139690732,2.7760875743378595,2.444362442992057
-0.014936412447075545,-0.011029998576516273,-0.0016845438255762865,0.008073478865122401,0.3297702440216383,-1.2631555035694702,2.7646549224513737,2.462026931620286
-0.014933305600059718,-0.011045443206601606,-0.0017096965836995157,0.008067895409856418,0.33005887169828413,-1.2804983598074713,2.753089812896769,2.4795306505121286
-0.014954836539935698,-0.01093783372565915,-0.0015337622560897405,0.008103369610221905,0.32768326689696203,-1.1579303125423595,2.8304490570637593,2.355020019803271
-0.014957961163639863,-0.0109223404256582,-0.001508284349032903,0.008107728054819156,0.32727535434409555,-1.1399397704343608,2.8409164422601854,2.3365488357659907
-0.014991818417149702,-0.010824299080243635,-0.001338284505256342,0.008104540449097149,0.3208715602018406,-1.0166517520547058,2.8897027005007625,2.1961365876748076
-0.014995252705214545,-0.010808267434543805,-0.001311797135072982,0.008107268904267021,0.32026579750601303,-0.9975134321399662,2.8989468213430705,2.1760026708911684
-0.014974041601898502,-0.010917726927380744,-0.0014908833551821878,0.008080662052746572,0.32346516305971895,-1.1255363310308024,2.830136187483481,2.3078987523085512
-0.014977408922846255,-0.010902161172523238,-0.0014652703702362543,0.008084326945594496,0.322976013576946,-1.1073629979059747,2.840094026827489,2.2889808410201806
-0.01498590683438346,-0.01085506394921044,-0.0013886695249249387,0.008097493681040561,0.3217942428025848,-1.052836080611977,2.870803725530738,2.2334926456666673
-0.014988753573612667,-0.010839705631118293,-0.0013635889258411524,0.008101296230146833,0.3213743420910666,-1.0348762916191978,2.8804152842237234,2.2150669311338445
-0.014980015716691058,-0.010886015906504507,-0.0014392329444145365,0.008089595689378337,0.32266021909105697,-1.0889170506520571,2.8510777101386613,2.270530099574707
-0.014983253248894449,-0.010870656077109181,-0.0014139614946693591,0.008093014256578991,0.3221784916584535,-1.0708851100025776,2.8606479900759676,2.251756738312432
-0.015057510240834591,-0.010440686274652776,-7.101110443837733E-4,0.008149406940330695,0.30634540030364565,-0.5505409044294426,3.076654061642139,1.7093430757970336
-0.015065111898562881,-0.010459087782384295,-7.3679172386751E-4,0.008128875916562214,0.30486590774233296,-0.5701016150939712,3.058201884105367,1.7207834798346282
-0.015017453630322261,-0.010514026705470872,-8.403458652718352E-4,0.008202642404578311,0.31604969481705925,-0.6514294556672985,3.079569422340491,1.8413607004449855
-0.015015250846703005,-0.010529866428016793,-8.664490509651843E-4,0.008201031285900861,0.3166556534967942,-0.6711171751875312,3.0724014642980997,1.8617530973530687
-0.015012962411847209,-0.010545531580682043,-8.923000597746252E-4,0.008199472263360397,0.31727389138618883,-0.6905904980588158,3.065251648264429,1.8819897624201578
-0.015017112233465024,-0.010649745257175549,-0.0010550977897178743,0.008147146561754968,0.3163551898673375,-0.8103335930650647,2.992754760893554,1.987659627832062
-0.015019229411575128,-0.01063350729066232,-0.0010287126122113987,0.008150444161033518,0.31590375873763626,-0.7908211346747941,3.0015226164765156,1.9678982141709793
-0.015020430112544725,-0.010617730860270035,-0.0010034302539444944,0.00815511635520119,0.3156672573001355,-0.7721544481842698,3.0107716322641807,1.949734702847662
-0.015020516715213773,-0.01060215772332569,-9.789050336020658E-4,0.008161677914999504,0.31562886195579726,-0.7540959170692413,3.020917937011913,1.9331433138965795
-0.015022727926437605,-0.010586261016839122,-9.529255755592261E-4,0.008164098893351172,0.3150848221861989,-0.7347075628042973,3.028850963893483,1.9132522993519812
-0.015024933799688679,-0.010570578961682254,-9.272735243439793E-4,0.008166259417653006,0.31455456108526253,-0.7155219024973594,3.0364753805766544,1.8935107283457666
-0.015026305818078583,-0.010555131833520914,-9.023102516029242E-4,0.008169764830759908,0.31419733721025306,-0.6968733475402465,3.0446835735908198,1.87501157443118
-0.015051347810463847,-0.01048408060372809,-7.807777960616266E-4,0.008147273763821043,0.3080821990502345,-0.6041739973293354,3.059501191808605,1.7653808244286646
-0.015034130089086583,-0.010507467706942534,-8.23839088980894E-4,0.008172521628780861,0.3121970364816196,-0.6377108702896922,3.0650075149652927,1.812754182207332
-0.0150510075682333,-0.010500426645468559,-8.066998055503799E-4,0.0081422803753773,0.3082581552281641,-0.6236212880284021,3.0505056623447486,1.7838587493634612
-0.01506754394320287,-0.01047609055139491,-7.627493969202781E-4,0.008118633527846057,0.30442774949889295,-0.589424454296171,3.046127191420006,1.736680296857528
-0.015010028169697261,-0.010697700598599945,-0.0011332783346128703,0.008137893351277353,0.31780480459775573,-0.8679422302003797,2.966654835123769,2.046509187513369
-0.01501257737938277,-0.010681744099432811,-0.0011071926330654123,0.008140790087598604,0.3172961982405647,-0.8487671853923077,2.975309985616527,2.026787415404472
-0.015031508816587477,-0.010660579246997306,-0.001065338505052863,0.008114561900483151,0.3129160909718504,-0.8163901711533242,2.970427084530065,1.979444412840978
-0.015026768524024816,-0.010675313264740385,-0.001090412301663401,0.008116714600559464,0.3140280468120039,-0.8351035629269135,2.965194495150986,2.000867465155796
-0.015007335163663765,-0.010713552459553721,-0.0011592566661403955,0.008135139895926026,0.31834418312182816,-0.887034184585113,2.95803209873277,2.066253962839784
-0.015003959490827758,-0.010728524912674566,-0.0011842074647012838,0.008133956866611556,0.319039870116919,-0.9053858483787662,2.9505676914452397,2.0859422222031054
-0.015015268048700636,-0.010738926974955182,-0.0011944370310867445,0.00810705497748183,0.31629866936965323,-0.9115094572598792,2.931590001946032,2.0804673008998145
-0.01501634755924378,-0.010752937528583039,-0.0012154151345759015,0.008097684039054713,0.315894943149748,-0.9264137076416535,2.9202263368198875,2.092696196729517
-0.015016220379402957,-0.010769074390627712,-0.0012402133925020476,0.008089333792123633,0.31576742858752377,-0.9441335869644499,2.908374457969678,2.108544840694774
-0.015014835041886422,-0.010785625990353244,-0.0012662538200749968,0.008082959342530963,0.3159080651323665,-0.9628274557968691,2.8972963828938187,2.1264118870457787
-0.015013005020895346,-0.010802459687789987,-0.0012929132680355173,0.00807707665299784,0.3161350870598745,-0.9819547789804138,2.886268759517135,2.145033025620645
-0.015095220512664454,-0.01020774896702662,-3.314971201240127E-4,0.008128628574379267,0.294877286926352,-0.258586128388179,3.1394519255052598,1.3954043197909594
-0.015099136488791121,-0.010247291575735961,-3.9360687165735156E-4,0.008114804511342626,0.2947300420925613,-0.3065242859149484,3.1195443383115276,1.4385166987490414
-0.01510493663178859,-0.01022939098359692,-3.6434230235352614E-4,0.008106464070074926,0.2931464722502483,-0.28367476900554145,3.119772509794135,1.4112195373792351
-0.015076647834354154,-0.010430590432174277,-6.883519016047174E-4,0.008115399216102112,0.30208558159974247,-0.5327921464327449,3.060608956777926,1.6751363911906225
-0.015090432821999162,-0.010421708549599415,-6.703508629708582E-4,0.00809143165327417,0.29894011191003134,-0.5183331285654629,3.0498588144162366,1.649098472483114
-0.015092858410229004,-0.010407536155210608,-6.474692881869966E-4,0.008090809059881602,0.2982588873542858,-0.500881692884957,3.0543717671848802,1.630416122717081
-0.015083395161826916,-0.010335141044813555,-5.358860925049279E-4,0.008127707042537416,0.29952616466568555,-0.41651974039524003,3.1000506486105763,1.558525988545097
-0.015087521849481263,-0.010353040934234019,-5.631959973585603E-4,0.00811542993274682,0.298836095765128,-0.4371681044670153,3.086962956873275,1.5745622715534184
-0.015093749426210607,-0.01039030691030702,-6.202232478481395E-4,0.008093827348508852,0.29790658143956134,-0.4801902961704903,3.061956463613345,1.6099904302569847
-0.015091934004574911,-0.010371807982795623,-5.916527282616549E-4,0.00810219158987839,0.29809622427766364,-0.45859786879226055,3.073010269371606,1.5910647107956024
-0.01510280409520926,-0.010263845332165667,-4.1913356765927763E-4,0.00810477535720912,0.2942195904871297,-0.32605128051389926,3.1085834910811774,1.4541790033269113
-0.015097790658403437,-0.0103255610112679,-5.174685631276988E-4,0.008101980097680794,0.2962603082954291,-0.4017353270639429,3.087876524324449,1.5315116824726074
-0.015104373141977928,-0.010285186560613502,-4.524977765667736E-4,0.008097712361666438,0.294211215666428,-0.35163440393282785,3.09790261503133,1.477500252329663
-0.015102373736453178,-0.010308452085778056,-4.895361541970802E-4,0.008096840185399398,0.29497588370881317,-0.3801293387338088,3.09020012246761,1.5066920742510488
-0.01514242779001948,-0.009976325894834883,3.683043023634478E-5,0.008051141040017471,0.2801305392377707,0.0307454207364271,3.149439371219177,1.0683330337815704
-0.015132943138539141,-0.010140713494267877,-2.2119690208116088E-4,0.008063346367979613,0.2857609651228716,-0.17165476666415935,3.1179349057772843,1.277419035881618
-0.015142084771444318,-0.010073785118239217,-1.1571292822106482E-4,0.008050425127876073,0.2825184080412763,-0.08907234265685705,3.126757757384842,1.18809686515155
-0.015148375886992109,-0.01009769522104896,-1.5271346762983295E-4,0.008036979089732417,0.28183409068602905,-0.11783148880709966,3.1126360413324097,1.2112300204628799
-0.015153409850176934,-0.01012321110510979,-1.9208595808742045E-4,0.00802546785413978,0.2812431301193541,-0.14838899288943594,3.0992174095898037,1.2371382900306944
-0.01514882141446249,-0.010000429616367684,-9.14434857438828E-7,0.008039072621021258,0.279466456686334,0.0010975189163501783,3.1366065317739023,1.0926108437212825
-0.015151123225422187,-0.010028255282406758,-4.431173218852901E-5,0.008034453817665823,0.27971357806427966,-0.032938850895803895,3.1275222033550882,1.1246594950397943
-0.015161857340728849,-0.010055471000841336,-8.637107301299463E-5,0.008013151605556636,0.2782356762703284,-0.06571196447478948,3.108030779728754,1.1482706162390437
-0.015107353427196664,-0.010194330102839159,-3.085445600770234E-4,0.008106852938689837,0.2920420442192552,-0.24036089818170794,3.1300231678625106,1.3669275562314043
-0.015117565615975437,-0.010176487253841437,-2.7908339269016604E-4,0.008089281600359804,0.28949233905818333,-0.2171477490649067,3.1242758466628913,1.3353503527939452
-0.015136346835442783,-0.010165625631953298,-2.5986148788261274E-4,0.00805423364698171,0.2855176125934427,-0.20163549428223612,3.1057823219563727,1.3039111358050173
-0.015183013209618165,-0.0094706035075547,8.037994837169372E-4,0.007878209451282649,0.2589567310971952,0.6406686246808627,3.1121333938202445,0.4053618731950762
-0.015202856114461519,-0.009553723879897624,6.739763801131151E-4,0.007868258750197489,0.2579827971226678,0.5362130448550447,3.0980675086061606,0.4995299729377373
-0.01520269193174189,-0.009522437066488153,7.204119641337326E-4,0.007858949609327419,0.25714679639695087,0.5732196379541915,3.0949883336245922,0.4607255398760866
-0.01520193011764536,-0.009494841970196876,7.614370330961214E-4,0.007851360948411852,0.25660005084142923,0.605990085096872,3.092477339947209,0.4267730101349011
-0.015193823997704336,-0.009710680675260925,4.407505584283329E-4,0.007923980992724693,0.2637243522366099,0.35076772343738,3.1153711411206477,0.6999566338371933
-0.015195447664223682,-0.009686601042234164,4.76813995181225E-4,0.007916005886527737,0.2628669148344968,0.37949252547097595,3.113512109114666,0.6689453977140558
-0.015191488170792215,-0.00965840138853658,5.202449637113929E-4,0.00791722678809152,0.2628621733619058,0.4141698995450364,3.1179940447810486,0.6361768026435041
-0.015193225839110093,-0.009621827776351415,5.748862092275722E-4,0.007905078595203561,0.26151961312683353,0.45762817532220756,3.11460857826093,0.5895330884042645
-0.015200649618648055,-0.009586100990167507,6.264091901646659E-4,0.007881670198567387,0.25921204248766866,0.49840257191108167,3.1034376397548797,0.5409522690534074
-0.01521454771546472,-0.009697839439402164,4.5595426202447336E-4,0.007882440594122736,0.2599975817500446,0.36249804309942557,3.0904188827333896,0.6712540209729401
-0.015161768782260126,-0.00995688171456098,6.662912077960862E-5,0.00801339812803198,0.2759831809674809,0.05448074120332689,3.129819753710427,1.0282286227252946
-0.015178982121503969,-0.009909085178052056,1.3964442138212588E-4,0.00797813279165887,0.2716633212649647,0.11220474150025485,3.117122983373815,0.955814007571124
-0.015184940819915596,-0.009936827662003565,9.666820789538842E-5,0.0079683168953399,0.27105302008348536,0.07833124119083247,3.105525781036924,0.9851003084012406
-0.015188621125488784,-0.00974154071166794,3.9489983544467507E-4,0.007939573953028392,0.2656330262558593,0.31441550898434806,3.1209612220428786,0.7416388205426285
-0.015195879028581622,-0.009775360810288467,3.423049122118341E-4,0.00793141203354309,0.26509067301268946,0.27259604828672007,3.1105866193800087,0.7787357665650187
-0.01520293845683351,-0.009808980750207226,2.9027244893572876E-4,0.007922847812255539,0.26480546266878985,0.23121404483712135,3.0997425321451146,0.8153911326731702
-0.015210428876241808,-0.009841705883526921,2.3976997476959653E-4,0.00791263027232633,0.2640765246922177,0.1912273893309538,3.087861494895774,0.8501880794039318
-0.015202190260060202,-0.009891020611709211,1.6565145162520357E-4,0.00793276234456649,0.2668460828244561,0.13266631664849837,3.091878462623137,0.91624744641418
-0.015226371923900984,-0.00987151859294198,1.9318368900962703E-4,0.007885585485316433,0.26222294548763786,0.15441698849204846,3.065645504922163,0.8749599526324624
-0.015208859774274837,-0.009440869915337866,8.382179797898902E-4,0.007819577834725408,0.2541250879262376,0.666829752701721,3.075850212647676,0.3566734591991909
-0.014830985862161488,-0.011289021178877924,-0.0021483131147110378,0.008051509391402246,0.34949415169887027,-1.580239396076129,2.589648772664097,2.825954828440246
-0.014846489939276156,-0.011285024601446843,-0.0021284112559429857,0.00802721305709294,0.34013869136916886,-1.56810193316574,2.580729034666953,2.8001011355063103
-0.014874215980697764,-0.011235319639764657,-0.0020331830230776765,0.008022371000239671,0.33782410518611083,-1.5009048608185986,2.614052506896932,2.71800276612749
-0.01487033270010897,-0.011250631155081183,-0.002058361288799444,0.008015889982850827,0.33801579376015356,-1.5174729441765102,2.6010282796624744,2.734882159749571
-0.014862307202753326,-0.011281102991052082,-0.002108597176297111,0.008002996495714012,0.338545988897971,-1.5503768041145323,2.5748568889370413,2.768542653705173
-0.014866314912114683,-0.011265885360506102,-0.002083531461034424,0.008009523236924901,0.3382462902228145,-1.5339973261893591,2.5880037267580254,2.7518087882053517
-0.014900122161136621,-0.011127672986224323,-0.0018561215145005319,0.008065488345444323,0.3359564699434481,-1.3825550259397927,2.702373939506396,2.5974983601245967
-0.01490363699428726,-0.011112391143777711,-0.001830950914357602,0.008071203083232552,0.3355599617859557,-1.3654674042456068,2.714425076562429,2.580077646086624
-0.01490720431733255,-0.011097026521660626,-0.0018055809808618466,0.008076711426416716,0.3352188578361112,-1.3481639565917698,2.7263585787667193,2.562365388190458
-0.014910741852853878,-0.011081527303571944,-0.0017800000122032667,0.00808220078867384,0.33496414216589204,-1.3306632846247506,2.738280960303864,2.5444645883622736
-0.014912658212118226,-0.011138548516316274,-0.0018619333821861762,0.008034031898060538,0.3318929169441362,-1.3843256780034432,2.681670017075658,2.585184337495057
-0.01490954171850018,-0.011153931066011527,-0.0018867029491839067,0.008027288248597676,0.3320421314379627,-1.4009319645489047,2.669091550322637,2.601653497640887
-0.014906246547460455,-0.0111695716253968,-0.0019119375020733072,0.008020484153876392,0.3322154335631511,-1.41779881453429,2.6562552345184796,2.6184534778609145
-0.014894217825587098,-0.011216247510751514,-0.001988792748970516,0.008003055461955013,0.3332041470331813,-1.4691079253149966,2.6186944097299585,2.671352301205353
-0.014898450683289904,-0.011200972276180715,-0.0019634310056775395,0.008008407586567958,0.3328228507016188,-1.4521965791166467,2.6309249482180515,2.6536874383781517
-0.01490257312548053,-0.011185346750919591,-0.0019376260988029457,0.008014071599754646,0.3324678374802807,-1.4349541239506525,2.6434258092815672,2.635823712180675
-0.014890377489918302,-0.011231448460437547,-0.002013677687745997,0.007996889138751089,0.3334461965849324,-1.48556440057035,2.6060900031809076,2.688161572376643
-0.014927148085754923,-0.011076946539995988,-0.0017607366764497356,0.008055635661325328,0.3305234294006532,-1.3154528825505996,2.728879253477119,2.5145045057702853
-0.014930378774529055,-0.011061083084282372,-0.001734961745556236,0.008061660554238672,0.33025992850625324,-1.297817316133558,2.7410376494108135,2.496759339939006
-0.014808195691798245,-0.011421490805403904,-0.0023544640839771556,0.007963855277766475,0.3416660547582962,-1.7126377648608588,2.455877382673655,2.9477557242388777
-0.01479260927722873,-0.011425095195354023,-0.0023750787800495003,0.00798755625686397,0.3521618770416472,-1.7248704749341128,2.4637992010606866,2.9740122776560356
-0.014803760920682934,-0.011436603660298255,-0.0023794374407132553,0.007956307699448979,0.3416167704185767,-1.7282631173777256,2.4414129086174725,2.963671681664217
-0.014788108374602238,-0.0114401451986046,-0.002400165073541701,0.00798005378957275,0.352080837589813,-1.7406568027506915,2.4492586601328123,2.989990131629669
-0.014769633284930958,-0.01150019942916891,-0.002500269400527819,0.007949258586025116,0.35192081091112204,-1.802589056796265,2.3902203159946973,3.0533819838850422
-0.0147743227280614,-0.011485207893971856,-0.002475330644789585,0.007957059491342918,0.3495088900981848,-1.787370836837373,2.4050750218708927,3.037707788426117
-0.01478527504335748,-0.011496891309556778,-0.0024793162211457966,0.007925807590814174,0.34276964277002403,-1.7898009856261108,2.3829433549019243,3.026753658324368
-0.014778965067767892,-0.011470201646392163,-0.002450332970609351,0.007964792590867489,0.34863534963225723,-1.7720118239067812,2.4198496075748075,3.0218648575820635
-0.014789990826134906,-0.011481856227952085,-0.0024543755568387977,0.007933500408004,0.3430681381902471,-1.7745346803371616,2.3976867286817245,3.011102956035827
-0.014799274343683201,-0.011451710418805905,-0.002404397384969693,0.00794868349939532,0.34205874218110405,-1.7437786200566683,2.4268661022696194,2.9795083406656
-0.014783560287475501,-0.011455180736571001,-0.0024252636942479295,0.007972461695823501,0.3501844356685595,-1.7564166612412009,2.434588604683293,3.0059356719889028
-0.014794680831396309,-0.011466799339314495,-0.0024293844146645416,0.007941083237414761,0.3427527957941723,-1.7591970590597674,2.41229672828976,2.995326653565473
-0.014814404250277427,-0.011349633918850096,-0.002249365727825551,0.008023864904012712,0.34915014821937235,-1.645473244050084,2.534736239651986,2.8927375255511305
-0.014825665127326458,-0.011360946792893905,-0.0022542055468818124,0.007992875807736778,0.34133706439319855,-1.6491809628616636,2.5124484742436732,2.8829540453328466
-0.014818620992578935,-0.011334500554468822,-0.00222416541914172,0.008030886674421507,0.3475996236115457,-1.6294086826657523,2.548570545129756,2.8761727440777682
-0.014829922030244172,-0.011345807053702271,-0.002229116183569455,0.007999891774871216,0.3414625850586923,-1.633122217323068,2.526306756991112,2.8665621751107753
-0.014822790206067778,-0.011319353867715836,-0.0021989147107153665,0.00803783703996443,0.34750408485915313,-1.6131725468092621,2.5623348644250896,2.859481115168022
-0.014834164705279413,-0.011330659983052875,-0.002203984377800016,0.00800676608188858,0.3414150383257996,-1.6170027742479183,2.5400147333243495,2.850057583054575
-0.014826911844453403,-0.01130419402156101,-0.0021736182461868305,0.008044714657368675,0.3487877067995613,-1.5967497057600617,2.576042861028313,2.8427303378862057
-0.014838356675922574,-0.011315476731555174,-0.002178805192401668,0.008013585805375254,0.3409372270720494,-1.6008005462004553,2.5536329922675347,2.833457784592749
-0.014842460498003996,-0.011300255631879037,-0.0021536065427830565,0.008020417121890168,0.3403696239723812,-1.5844974504033322,2.5672144468062243,2.8168037343302115
-0.014824028467180533,-0.01141789357089381,-0.002333874517965962,0.007940435765228718,0.34031247660606906,-1.694486504862546,2.4515355084991524,2.9158628112639757
-0.014828539356907706,-0.011402721046857746,-0.0023088279570032386,0.007947613287716336,0.3400751423889182,-1.6787269244657337,2.4656350201113164,2.8996851622419517
-0.014832967909155873,-0.011387528218382,-0.0022837855514972315,0.007954777253257751,0.3399232126224094,-1.662910772454094,2.4796574946726015,2.883485530186493
-0.014837252700916693,-0.011372341442411444,-0.002258839935001459,0.007962009718233761,0.33977788462607084,-1.6471116533957735,2.4936137512492524,2.8673879559384314
-0.014764896782867474,-0.011515176111420451,-0.002525199647906758,0.007941374126174988,0.35319430473935043,-1.8178242851273672,2.3752146990987413,3.068893449817507
-0.014780578528748834,-0.011511929649649333,-0.0025041902224446715,0.007917908888044943,0.3423547787994608,-1.8049908515428112,2.36800830651509,3.0422420490875193
-0.010237316057040995,-0.015052691714658978,-0.00820748493954839,3.855154299350215E-4,0.25710781651061115,0.8799743376913414,-3.2990288013421387,0.3048067005794739
-0.010216092846727602,-0.015068337151055784,-0.00818002163976343,3.4880202674308496E-4,0.25400622631463743,0.8976808225821383,-3.277628404911105,0.2738635584672445
-0.010229394077127979,-0.015065119251504572,-0.008184273724221917,3.7069377947386025E-4,0.2543440901640045,0.8820043149267043,-3.2823492144510604,0.29169392259782373
-0.010253584609410659,-0.015053078854309843,-0.008203889047968387,4.1172764659909905E-4,0.25638858096077893,0.857529946197943,-3.2988290178959097,0.3257899928163049
-0.010324450895076163,-0.015032576722014183,-0.008229806420373138,5.305847596955597E-4,0.2585969828063704,0.7739370776677089,-3.3252505218293806,0.4233843590865087
-0.010270335367098716,-0.015052138405118862,-0.008202634692309245,4.389368463827716E-4,0.25601414733645944,0.8353175678090407,-3.3001889107705984,0.34770746943651704
-0.010286582930693415,-0.01505081002922895,-0.008202046217657667,4.6540316946044495E-4,0.25570462952682793,0.8140075118852289,-3.3018573992128766,0.36907619578658957
-0.010302380924256461,-0.015049172242627884,-0.008201973476122072,4.912110126383992E-4,0.255470146143838,0.7934682508647044,-3.303750673272416,0.38995437822164875
-0.01031758763929421,-0.015047547799258371,-0.008201826524178911,5.160692096204439E-4,0.25524533035790303,0.7736765577424557,-3.3054588968098124,0.41007722961333837
-0.010340207678692127,-0.015031929335500337,-0.008227334251435466,5.562548194386055E-4,0.2580494610353798,0.7525307491133693,-3.3253716492255045,0.4440836463604217
-0.010356210904156683,-0.01503087797899537,-0.008225419672881642,5.82405532228584E-4,0.25757989082573013,0.7310165822349445,-3.3258303463364247,0.4652155707144832
-0.010372152788926862,-0.015029312495953654,-0.008224351083281978,6.085801391445891E-4,0.25723867358625085,0.7098689458251367,-3.326791657274771,0.4864352101363644
-0.01038790412267152,-0.01502782343048026,-0.008222998551763984,6.344215984372697E-4,0.25688702060688257,0.688893283074797,-3.3274754974376575,0.5073840279522418
-0.010403612397298704,-0.015026774595747227,-0.008220609925918367,6.600584138854768E-4,0.2564017803842684,0.6676798930919042,-3.327379484893901,0.5281112682531964
-0.01041940192448598,-0.015025909488843596,-0.008217657901979418,6.857512986972575E-4,0.25584249681988463,0.6462286864716903,-3.3268353840592657,0.5488525308643705
-0.01043526901992567,-0.015024828491426936,-0.008214928445906723,7.116101174254749E-4,0.25531402494060895,0.6247787790271553,-3.326378496185066,0.5697497029054631
-0.010451138799980096,-0.01502340731536036,-0.008212685774228403,7.375605603980778E-4,0.25485358974626543,0.6034939207889671,-3.3261861875641685,0.5907644731326792
-0.010704416366638627,-0.014950131067195255,-0.008250077284627922,0.0011740002337307456,0.2598832087766957,0.27708044202476834,-3.364187682300347,0.9545961695103661
-0.010719964030119582,-0.01494789367259786,-0.008246345556875439,0.0011999332593992113,0.26060608948936453,0.25578130749277395,-3.3618349993295227,0.9757376137177621
-0.010714117344117544,-0.014962909633485186,-0.008219952913782481,0.0011827447771941412,0.2520254504698322,0.2631881685980612,-3.344645511728874,0.9549733380406787
-0.010688861910903293,-0.014952319584569098,-0.008253728313673624,0.0011480507139897571,0.25924436131671896,0.29844696258665626,-3.3664451419919357,0.9334516652908115
-0.010698485294863848,-0.014965132270746076,-0.008223641222669895,0.0011568594358913695,0.2528717252949308,0.2844124833202018,-3.3469521407679648,0.9339479714751208
-0.010642159322614201,-0.014958591675504214,-0.008264175460298982,0.001070261845886825,0.26314743530693807,0.362470556661237,-3.372406684749486,0.8704388515935263
-0.010636148058319183,-0.014973424416533487,-0.008237655584431706,0.0010536382097345455,0.2542417292391619,0.3691806159057702,-3.3549624873278394,0.8500267778965274
-0.010657733236025013,-0.014956549907973092,-0.008260776845305873,0.0010961849198632971,0.26114080941306245,0.34117820778467256,-3.370568552805976,0.8914121968118657
-0.010651704464184881,-0.014971387135252699,-0.00823436088821435,0.001079422015441047,0.25412848014878214,0.3479772365424955,-3.3531923253317757,0.8710639699485617
-0.010673300816346347,-0.014954459204666778,-0.008257294968950236,0.0011221110160111927,0.25968523438288754,0.3198305533579309,-3.3685802131358584,0.9123923098903587
-0.010667267156036215,-0.014969342027166677,-0.00823090358926497,0.0011051950546359672,0.25397140854868283,0.326802321699654,-3.351255314745657,0.8920358802854969
-0.010682860739498657,-0.014967267532779981,-0.00822731145225297,0.0011310025976028696,0.2535648826566088,0.30562058230133576,-3.3491660795233176,0.9129811614052921
-0.010488794382240804,-0.015004344410517794,-0.008237388641889444,8.045730545294965E-4,0.25801099653268283,0.5608326364357269,-3.346058470866694,0.6476251252751616
-0.01050436633955667,-0.015002773606444255,-0.008234895428877854,8.302167264965099E-4,0.25742354716854554,0.5397635879954917,-3.3454599859161234,0.6684375506808821
-0.010466896552487377,-0.015021654433230593,-0.008210948888609427,7.634267684285003E-4,0.2544708109303597,0.582516418345913,-3.3262666209352925,0.6117580413736908
-0.01048244106605415,-0.015019709435891924,-0.008209480376817882,7.890088585952431E-4,0.2541382088162584,0.561902682845621,-3.3264525686603545,0.6325517802513207
-0.010519990928003277,-0.015001295835875833,-0.008232023807397125,8.558910486493563E-4,0.2568242657603483,0.5185404004035769,-3.3445356747090504,0.689274063479801
-0.010535718174045786,-0.014999841131989303,-0.00822889043485204,8.816974131975786E-4,0.2562832617532173,0.4971427521892298,-3.3433693380870833,0.7102154918971313
-0.01055154748335395,-0.014998310144749978,-0.008225686201228865,9.076713923266323E-4,0.2558245288826269,0.475628880436131,-3.3420920825205633,0.7312949699919394
-0.01056741400409282,-0.014996620664478435,-0.008222593951130418,9.337444478354509E-4,0.25542611230893336,0.45413457772369575,-3.340827434690738,0.7524590365728986
-0.010583238271964552,-0.014994781434420347,-0.008219627611018805,9.597902351768855E-4,0.2550279471606463,0.432761999876954,-3.3395813635192195,0.7736045571392137
-0.010598986743238415,-0.014992834973955428,-0.008216719349939451,9.857410859939366E-4,0.2546031303897868,0.411532335794284,-3.3383055587471513,0.7946734436948715
-0.010614650402072455,-0.014990788787442075,-0.008213860431100894,0.0010115820848436614,0.2541607325043423,0.39045120022847474,-3.3369943219479157,0.8156533719569765
-0.010630214918472077,-0.014988661444594981,-0.008211023499298399,0.0010372843375104216,0.2536779778926495,0.3695252673981409,-3.3356288636605798,0.8365228042096149
-0.01520522753713723,-0.00935065314071752,9.705475009564514E-4,0.00779050566212347,0.25242038800004957,0.7723050596032862,3.062124303582929,0.24679371382276583
-0.015213775032528264,-0.009385593931065202,9.166048318624461E-4,0.007789284826946534,0.25195996315261027,0.7290302965727703,3.059446999754213,0.2864067805850396
-0.01520275208432722,-0.00931016342503957,0.0010298373269396364,0.007777332817723924,0.2515863271987903,0.819443681765871,3.055243124122,0.19798409500263378
-0.015192834459551394,-0.009279250725446433,0.0010786738826528937,0.007781153159621213,0.25270981209064863,0.8589784703493024,3.0588848712466414,0.16327228057379709
-0.015198801012668545,-0.009243541763762618,0.001126653492765487,0.007753157142509812,0.2506474390006252,0.8966674110431254,3.041400139148757,0.11751627330986356
-0.015219766553203291,-0.009205516805647275,0.0011696569705330758,0.007696503170425559,0.2467533533292385,0.9288980671711772,3.004762054724957,0.06558876813499492
-0.015232887004465376,-0.009412615951674655,8.701776911138479E-4,0.007764951170221524,0.2496242535497428,0.690916838938656,3.041925173445385,0.3119499229081372
-0.015218332608755925,-0.009140635075866512,0.0012602871773029227,0.007664880474398561,0.24560027122616934,1.0002715101395565,2.9842345666083543,-0.011555363508772622
-0.015212383731773919,-0.00881935917589245,0.001689261630233642,0.007471449446101529,0.24081979079424023,1.3324111281662228,2.843999708503723,-0.380098341835132
-0.015227606743206456,-0.008869484559595416,0.0016147650980782573,0.007481172202311406,0.2392904773581124,1.273826770672919,2.854108244649458,-0.32517366416933563
-0.015230103600583213,-0.008915296212285255,0.0015541830048424595,0.007507920453312126,0.23981560610026698,1.2272617004553699,2.874404605748324,-0.2742378807828087
-0.015227008021834375,-0.009097863427427876,0.0013139256782083214,0.007625799817656665,0.24328577281520938,1.0415481080840339,2.958182147167189,-0.06397519915012893
-0.015259674083611228,-0.009051106448955073,0.001357847474210841,0.007542178626684497,0.23777193989852916,1.072264758705188,2.9026418418626023,-0.12349385711310316
-0.015235888138494908,-0.008962876595372185,0.0014885216844699263,0.007529068138015697,0.23966975458066272,1.176025502182357,2.8907514543226736,-0.22094294598849426
-0.015245382343857928,-0.009007851306486599,0.0014235271593930935,0.007540900229195402,0.23909378622196972,1.1247664934464894,2.9003845416556184,-0.17090492328187204
-0.015238547649823657,-0.009169425453882517,0.001209915516866203,0.007644541574403931,0.2429982541319747,0.958858331587746,2.970885465104813,0.017941414021641646
-0.01521795570097256,-0.008733344460108821,0.0017924965476497805,0.007398712126462745,0.23893434645985154,1.409033639166532,2.7891369149714413,-0.4733002630322744
-0.015201551689532296,-0.00865974922021549,0.001894876546246109,0.007368115613318036,0.24027604070324446,1.4879071505256165,2.7611764281333175,-0.5522696592640396
-0.01519558496420048,-0.00861140139955752,0.0019575652174991433,0.007338573664459536,0.2407788958833105,1.5348454018636153,2.7362855994367608,-0.6029813113643656
-0.015241015372501584,-0.008688261702513942,0.001829657910204727,0.007326857008114654,0.23544245655805707,1.4323932649891358,2.7385665471709615,-0.51917065442791
-0.015246041111490792,-0.0087780622388779,0.0017165879157478288,0.007385908888381061,0.2357309734603901,1.3477312689869188,2.7853599368253934,-0.4246856919211835
-0.01489369643435005,-0.007385812889096036,0.003424281769991163,0.00641519425479811,0.2901645265486501,2.4887323210093903,1.8605024913898205,-1.650188773132237
-0.014927118537031681,-0.007428919322450972,0.0033541621395462634,0.006434049599542138,0.2840648682065603,2.4439628363400216,1.8900793440707324,-1.6116334417234284
-0.014892394727054604,-0.007319533445530446,0.0034668574397001403,0.006331931601547416,0.2910980538815288,2.4974995642946616,1.7934017110846905,-1.6769724338668655
-0.014979677185871116,-0.007460564140837806,0.003268141572775673,0.006416326994149269,0.276508266759415,2.378151176048961,1.8986398703104468,-1.5662214412101882
-0.015006508322252305,-0.007593511969380271,0.003142628495382062,0.006547349519737751,0.2710589482120531,2.3180248598786,2.0157612406741294,-1.4863141797757333
-0.015026059087208733,-0.0075176148800724304,0.0031732886795427374,0.006434359885156866,0.2685572794766941,2.3145435812054154,1.9326629275769742,-1.5129396295170785
-0.01524116482521344,-0.00856684214151454,0.0019722053482157473,0.007229955812224521,0.23416560722700555,1.535886581196496,2.661967165632539,-0.6418410675853486
-0.015050976749772835,-0.008076788209283987,0.002678405616437948,0.007044680057927011,0.25972525496913074,2.0630043538703746,2.44694899753307,-1.1399221693039756
-0.01508444565271231,-0.008119129346558333,0.00260098119782476,0.007042686615556519,0.2548973367413568,2.0028174081281747,2.4574618990827415,-1.0921375216656701
-0.015060811666849009,-0.008024289016421417,0.0027182648583696893,0.006973934275589973,0.25863779924298824,2.082297851378357,2.391069675582283,-1.1778747824932685
-0.015074872687311771,-0.007966982621962665,0.00275622596281257,0.006892114359433224,0.2571817139180037,2.09770182979662,2.3279505145495136,-1.2154044184049173
-0.015112073342472398,-0.00816396801910494,0.0025274969364882656,0.007050010609044013,0.2509990862454616,1.9470988069329296,2.4734763938078896,-1.0445936160197948
-0.01513544943738527,-0.008210497118542192,0.002456597157703393,0.007063585449900622,0.24752627291827053,1.8941283965751563,2.492819115843675,-0.9969845378342651
-0.015145557318987708,-0.008251438548296255,0.0024044260233513598,0.007089456466460043,0.24659941968593327,1.8573813814891402,2.517621294677524,-0.9583883870091607
-0.015175805070832299,-0.008288655167392866,0.002336302151974286,0.007081258579129072,0.24227717712422286,1.8035201277769948,2.521111471607874,-0.9166518346666129
-0.015186779196258035,-0.008382552121897606,0.0022257903188196257,0.007152949285979032,0.24096585971239778,1.726182611204029,2.58356332969951,-0.8286307246944628
-0.01521968322463668,-0.008480636077885097,0.0020881224898237336,0.007190427993760135,0.2368502030855266,1.6229870428704023,2.624066252701503,-0.7291704393999371
-0.015207126009949612,-0.00843075141470511,0.002154617314195509,0.007165801813744735,0.23817556254579333,1.672044650359983,2.600339601901526,-0.7789276361509788
-0.015269650193679115,-0.008505007660439403,0.0020185005793587948,0.007134819552814491,0.23087124737494508,1.5628909361836298,2.5937543526237596,-0.6969640999181353
-0.015217385683585683,-0.00833021460187333,0.002253665768307614,0.007059308535745657,0.23687738281717488,1.736768260053679,2.5169886334732987,-0.868263365244378
-0.015046441428171792,-0.0078093681428056455,0.002926263779783431,0.006752246130000419,0.26251654885900594,2.2006840747180534,2.200383711920264,-1.3383589960988
-0.015027359039582017,-0.007710688851042313,0.003028694452712022,0.006661574880171114,0.2664027493425214,2.2586309839026506,2.1178286214899837,-1.4093960377919537
-0.01505679167211684,-0.007755997166471259,0.002958300884831296,0.0066781008320519215,0.26155006190676583,2.210137837406375,2.143228029333256,-1.3667971330407904
-0.01505521183857904,-0.007646679759462347,0.003045565421990207,0.006553446887609429,0.26329696246188466,2.2488378364389674,2.0407653165875392,-1.4310782405107858
-0.01508687218808828,-0.007906506317283441,0.002797270812313083,0.006809625659888658,0.25611382651543874,2.1145392933042824,2.2639110461417347,-1.253480088319184
-0.015098319551637316,-0.007843803348913988,0.002838711158044866,0.006725389329712574,0.2551733746574562,2.1304002094320555,2.198663067767473,-1.2905518394578515
-0.014856615565734699,-0.007116155621522692,0.003624963709740248,0.006104859019940633,0.2988352903069918,2.543110635636619,1.6014789198799557,-1.76212259673957
-0.014905063752048864,-0.007241782691543911,0.003495911976714453,0.006220173774630058,0.2902224848697265,2.4878951352195133,1.7115952692703573,-1.695556447152739
-0.014905752932849134,-0.007176204040298865,0.003530915392896794,0.00613622555414873,0.29041460232807537,2.4886251976732137,1.6472313927411055,-1.71466634039908
-0.01480664862396846,-0.006896972583135113,0.0037889138306122657,0.0058626566178193165,0.3083167897335908,2.577562635301881,1.3997649353936135,-1.8354566349786072
-0.014792323139884043,-0.006825889726532877,0.0038350236789108844,0.005781231262484965,0.3102033675483843,2.5811099885037865,1.335617008601488,-1.852517330867979
-0.014864612408599296,-0.007019098075853666,0.003661282060163407,0.00597261400658751,0.2982220959312179,2.5284673693075512,1.5065280762350355,-1.7783722382577445
-0.014875755083110358,-0.006937311817848912,0.003683173002384868,0.005858644222600638,0.29689999491198776,2.5080684045079056,1.4279989132627422,-1.7854728999940377
-0.014927970401633748,-0.007061610705403088,0.0035608256258609834,0.005971251381609584,0.2880618541754345,2.4619130572591077,1.5330954993426749,-1.7292531900856698
-0.014818148943404007,-0.006749800734988374,0.003828973391109858,0.005663608572908979,0.30725941471523904,2.5380142191174673,1.2653841240490786,-1.8416925262792454
-0.014569237121854862,-0.006294937259412573,0.00426458991886709,0.005223934889261191,0.3434235316389506,2.6355396972320837,0.8714408626567123,-1.973618431984564
-0.014684221146198266,-0.006355132168918014,0.0041053810192933715,0.00524219070802387,0.3261814026580712,2.553713858446161,0.9352918032382839,-1.9136452483990583
-0.014577710277490268,-0.00614147459884996,0.004273463067265425,0.0050214008473577895,0.33953694130400575,2.5602548756695875,0.7614759066729196,-1.9431613524795062
-0.014557846979736878,-0.0059895593726420945,0.0043118903479175625,0.004837942672740189,0.33825927707877845,2.5069260270943468,0.6562907261944712,-1.9233731116353752
-0.014353450884872613,-0.005553025816998909,0.004564004163356289,0.004362759983606925,0.3509937324986088,2.427610129847121,0.3524687744797958,-1.9009526060027224
-0.014518064667836365,-0.005842745679910947,0.004368213748421563,0.004670487137186445,0.33945815241788874,2.466779545708357,0.5573709610085582,-1.9088594787103184
-0.014457010351003543,-0.005702225906055929,0.004443981494386664,0.004517618503716885,0.342802901437032,2.4393177255609135,0.4618280312163137,-1.900314494836249
-0.014762864194777375,-0.0066066147181092424,0.00394501914485139,0.005517826780808981,0.3158013935415402,2.559680196681802,1.143070829791964,-1.8805452484434533
-0.0147401959539543,-0.0065157818927648525,0.003998381634119339,0.005415555826839947,0.31748089598843776,2.555282971615993,1.0676999817023167,-1.892157215019245
-0.014773732681647587,-0.006420111899946621,0.003978725401794773,0.005273999493215745,0.31316335998659467,2.493642987831503,0.9938155381530421,-1.867015465587808
-0.014850541708507909,-0.00664924389538872,0.003820813564849665,0.005513045013912355,0.30143888730531015,2.4831930577498516,1.1788231723579263,-1.8264796168503892
-0.014496395463202735,-0.005414471365063318,0.004390512535506408,0.004170847604466414,0.32335172138580953,2.2754247364983584,0.33964410095694014,-1.8063912436809402
-0.009747033109453424,-0.015087622782947572,-0.00813509767802204,-4.0434393408028284E-4,0.256519287849855,1.4888496948032701,-3.15246105939956,-0.32472901440183405
-0.009763886017653088,-0.015086201526767274,-0.008140827961529202,-3.7777627057082906E-4,0.25696514096278444,1.4696403042742159,-3.1605684508593104,-0.3039223855503754
-0.010071638936910763,-0.015077863743379133,-0.008175732365993097,1.1540767746370002E-4,0.25581932837277327,1.0833332686927326,-3.251463979670517,0.08653715805038707
-0.01003671788338016,-0.015072224776640854,-0.008188153039865316,5.933551946433024E-5,0.2580122625111693,1.1341358643210955,-3.2531565174743813,0.042229996315599934
-0.010052488107534379,-0.015078634282535863,-0.008175017939872901,8.45578799260339E-5,0.256031239640154,1.1079484047071022,-3.2474943641351506,0.06189670042586059
-0.01002087338330023,-0.015075339775941355,-0.008182291296710028,3.3718893127132186E-5,0.257503392365566,1.1523226548943073,-3.246251888662169,0.021614038366974057
-0.010003542155139397,-0.015086439675101919,-0.008160509607861322,5.772530343065116E-6,0.2550888286503051,1.1654215150691811,-3.2286131260450204,-0.001316557085589434
-0.00982455881998136,-0.015090380914750323,-0.008141538546287507,-2.804664637714828E-4,0.255915392474713,1.3901628139409372,-3.1765459133192793,-0.2277698653291682
-0.00978472013673901,-0.015085427541640578,-0.008145707520690201,-3.446986934542723E-4,0.2572365699637102,1.4447187269416681,-3.1691115532319776,-0.27801254770828643
-0.009806298623925463,-0.015088949645205966,-0.008141938687165602,-3.0977265707052564E-4,0.2562795903631501,1.4143572789708452,-3.172236354056622,-0.2507397490331144
-0.00994259829522768,-0.015075688938100627,-0.00818044631443887,-9.243639659731026E-5,0.25871694419464,1.2540441492606729,-3.2289226492233394,-0.07864494692278519
-0.009923620061643202,-0.015085662022212341,-0.00815982599338695,-1.2244940807476447E-4,0.25650299898424983,1.2693089279319454,-3.211441787577878,-0.10293419559469914
-0.009843032896119841,-0.015089886160906637,-0.008144712625374464,-2.5104739358142907E-4,0.25599521911027967,1.3675069394627248,-3.1830975190256527,-0.20460049847631967
-0.009904181607610318,-0.015089772993614609,-0.008150509721653527,-1.533261541285597E-4,0.25561579185659106,1.290301374061036,-3.2011032467000144,-0.12753757378242345
-0.009864878448968412,-0.015087323595251275,-0.00815204815553231,-2.164078509099721E-4,0.2565501458894626,1.3424906992054335,-3.1930185378346785,-0.17721637795378034
-0.00988622424585396,-0.015090253828053984,-0.00814819941450587,-1.820082077247676E-4,0.2556305699311329,1.3126734333578642,-3.1955231701086286,-0.15022033661697207
-0.009984517548176225,-0.01508975885152854,-0.008153857192824835,-2.470218194591944E-5,0.25455123860905754,1.187210948380863,-3.220455128018617,-0.02572434508319894
-0.009961503909758487,-0.015090319797628739,-0.008152266645463584,-6.154657509089378E-5,0.25478462011766295,1.2164141920943468,-3.2146982641836312,-0.05497009504519829
-0.01008867314698461,-0.015077086496636312,-0.00817632964478124,1.4286061467019945E-4,0.2556010068246177,1.0614335631913203,-3.2548931440641424,0.1084929281613639
-0.010166504320285725,-0.015067272084481557,-0.008188779202948089,2.6911453297377697E-4,0.25589280511309687,0.9652415435459671,-3.2760852639267677,0.21015974645062685
-0.010153201254358396,-0.015070250379837306,-0.008184393349684052,2.4734133161937415E-4,0.25554421365032126,0.9808355193579931,-3.271064565331575,0.19248849717295144
-0.010105289387259794,-0.015076386951113232,-0.008176598525092242,1.696452111414769E-4,0.2553592068122184,1.0399611225731158,-3.257958731501239,0.12991988305791247
-0.010121748299290011,-0.01507517145589173,-0.008177701549180788,1.9622573276233338E-4,0.25522711462687636,1.0190401863397758,-3.261478738638495,0.15123668403405174
-0.010137950074056707,-0.015073231329296673,-0.00818006415265113,2.2247775949489209E-4,0.25525431985323316,0.9989472060500851,-3.2657253529996564,0.1723666713690126
-0.01020004134662651,-0.01507143383489616,-0.008176268828904586,3.2255540987701387E-4,0.253791327985903,0.9170660221518737,-3.272803588126726,0.25257452332447333
-0.010181604441174693,-0.015073115481568006,-0.008175420399398814,2.927060561116731E-4,0.25396449984093494,0.9405911311557313,-3.269499286418437,0.2285465402087094
-0.009366693692988069,-0.015102867922603333,-0.007987761441867018,-9.90863512190635E-4,0.2433747052399747,1.90352959945152,-2.9419109731179316,-0.7727697030954438
-0.009210370848168739,-0.015107844215568647,-0.007902505793542063,-0.0012209319686285521,0.23424860954895776,2.051965357139269,-2.8326485935829253,-0.9407287666804077
-0.00933953290401882,-0.015108094357246669,-0.00796579955812157,-0.0010294181838153907,0.2408873550075384,1.9247943897552793,-2.9191950322853955,-0.8010708421174156
-0.009236690146220547,-0.01510470615291653,-0.007922203119341545,-0.0011839560273483043,0.23639162181624265,2.0311284596106014,-2.85425341479966,-0.9142779417982173
-0.009259140839118885,-0.01509977571103661,-0.00794292070475331,-0.0011533026133008389,0.23892097385866112,2.0159302110271162,-2.874776085264559,-0.8923345496891757
-0.009310637845479438,-0.015109788955264512,-0.007949264797582853,-0.0010718516621731134,0.23908687915731205,1.9518230418590237,-2.8987967368630874,-0.8322078544245496
-0.009281462232105173,-0.015107669882319697,-0.00793922649993299,-0.001116272059124948,0.23809393041869273,1.9835822414233786,-2.881744783811652,-0.8648281951949671
-0.009480686742868715,-0.015112797491910348,-0.008014171043962874,-8.135965252713343E-4,0.24520293824564435,1.76979643356667,-2.997877352554091,-0.6396726708037098
-0.009540649945467564,-0.015111243937797203,-0.008037502404222636,-7.219718466272166E-4,0.2472809580244463,1.7052458205767331,-3.0315382231205343,-0.5702398568071761
-0.009518182101243767,-0.015110426890727708,-0.00803172375358261,-7.568673000946669E-4,0.24683132193627969,1.731300501387412,-3.0207914882927613,-0.5967831689568491
-0.009499391363239372,-0.015118294683709,-0.008010252927459391,-7.830330475392543E-4,0.2443760548126523,1.7427655886916014,-3.00185928363059,-0.6164450952215121
-0.00938258941979797,-0.015128560563988156,-0.0079459890449707,-9.559611030605526E-4,0.23772359348700803,1.8548234022720627,-2.9239396925752144,-0.745779445512528
-0.009407703897595265,-0.015124831161626072,-0.007963392538190327,-9.197833655988459E-4,0.23972239808826432,1.833269216709254,-2.942912863765539,-0.7190076184042535
-0.009428065304073904,-0.015120341583714243,-0.007980014611098193,-8.908374575376397E-4,0.24162014323931585,1.817273294881573,-2.959735328025732,-0.6974959075147964
-0.009446518482256088,-0.015127056224110712,-0.007974387072424085,-8.60322790125263E-4,0.24053699529506253,1.7894903929886112,-2.962920267164455,-0.6744169061638786
-0.009467606836581,-0.015133644488892308,-0.007969729518962803,-8.259585429117093E-4,0.2396635680969942,1.7590800417623236,-2.967413840735705,-0.6484557479368266
-0.008744745075891023,-0.015105588302718576,-0.007594437923233214,-0.0018652765366805096,0.1967888542515002,2.4232041255692107,-2.457849102073767,-1.3777012982308123
-0.008778199136640637,-0.015117844213598703,-0.007599850316552278,-0.001812419423556944,0.19749606959589003,2.3836814537782036,-2.4783769953126975,-1.342278445608491
-0.009183731684627423,-0.01511250036882355,-0.007879448514543754,-0.001257242021734668,0.23137205732114532,2.0706001240134735,-2.809061710057081,-0.9664198715742628
-0.009156125808782348,-0.015111495615372643,-0.00786589735922895,-0.0012977661518885648,0.22996668384040178,2.0972632662538913,-2.7900292385486853,-0.9953727861239899
-0.009126913429836231,-0.015112495280037925,-0.007847265511409783,-0.0013392026400188056,0.22775604623232634,2.122167218612697,-2.767428049167965,-1.0246857910935125
-0.009068146922062394,-0.015114553706613167,-0.007808199690672057,-0.0014215702776185868,0.2231146279619549,2.1704574930761997,-2.7209409105599884,-1.082179111032138
-0.009098358381539504,-0.015114832135960652,-0.007826097561082698,-0.0013785898512211241,0.22526856841258344,2.1440899818836647,-2.743742089801204,-1.0521914189285388
-0.008836127020871675,-0.015105526953442727,-0.007665240395525655,-0.0017458129366372704,0.20570146626435395,2.3628777329036086,-2.5382012850535287,-1.3015781440310812
-0.008809921175476092,-0.015124199131631978,-0.007613271059638845,-0.0017662534339562632,0.1994630238117599,2.353463937844313,-2.501106793574352,-1.311826931944287
-0.009036835685764555,-0.015113904051478612,-0.007789740888700931,-0.001466004835611101,0.22109549207060283,2.1977449427530504,-2.697167424529914,-1.1130694446959029
-0.008999220505412181,-0.015111841927909665,-0.007769088380167504,-0.0015198079515928986,0.21835075076121166,2.2314702500034644,-2.6692041606115473,-1.1502397115196017
-0.0089246203024594,-0.015111548222876288,-0.0077189027879559615,-0.001622535064987463,0.2122525161542891,2.2901808864913953,-2.608492694425866,-1.2196446633040328
-0.008956441772598554,-0.015120841493348108,-0.007724425615017163,-0.0015727334395132173,0.2129993027526212,2.252504948864489,-2.6267964685952623,-1.185038422793
-0.008862646933592004,-0.01512366463718573,-0.007653370890754916,-0.0016971790015973866,0.20407894849694191,2.3178671479088577,-2.546540399877693,-1.2672063282455792
-0.008894942827047322,-0.01512299583483465,-0.007677825315375712,-0.0016545421481886753,0.2072670865331538,2.295682210479562,-2.5742210119915723,-1.2393975746034147
-0.009658883296827118,-0.015096440433274764,-0.008099298413527608,-5.41884044545787E-4,0.25335830157217504,1.5856186432006842,-3.1054057882787722,-0.43193443368845924
-0.00973882580267018,-0.015105499088934113,-0.008098637952925751,-4.140761354806867E-4,0.25180482155724665,1.4802579723914933,-3.1274078553331517,-0.33285625425922033
-0.009723157730349414,-0.015103063494236202,-0.00810040706809641,-4.3923477810629493E-4,0.2523834820793781,1.5016905815190869,-3.1242700182549417,-0.3523687104660063
-0.009675959187339541,-0.015100765623839841,-0.008094877672354226,-5.140235031281629E-4,0.25245545026868293,1.5606092912795797,-3.107614271991906,-0.4104073787809405
-0.009708409281378236,-0.01510916075462221,-0.008085579924418718,-4.6121818450808476E-4,0.25068658878621997,1.5129896202870918,-3.110994493077339,-0.3696128148535555
-0.009691722920991786,-0.015112363248027685,-0.008075837881410435,-4.86712119046474E-4,0.2496528864134529,1.529455536394842,-3.1003335856789622,-0.3894192214021366
-0.009643975294426692,-0.015102142482103856,-0.008084546852508338,-5.638840721891501E-4,0.25172115339333395,1.5969197831632356,-3.091952060309906,-0.44901760634178783
-0.009627150919258337,-0.015105152314394195,-0.008074397801037842,-5.894343535307778E-4,0.25057128968131653,1.6132445600429641,-3.080765655867455,-0.4687049059939937
-0.009562248635036592,-0.015109449461235819,-0.008047699043807173,-6.89152609695906E-4,0.24823729879852904,1.6829472282860771,-3.0445571112825647,-0.5452140340266451
-0.00958486157756349,-0.015116026843350762,-0.008041738544388296,-6.521955106124007E-4,0.24708497856786002,1.6497191441312922,-3.0480292337311963,-0.5169093192372812
-0.00960978135389788,-0.015117774156901062,-0.008045358631735751,-6.130998512169703E-4,0.24715941169916242,1.6192635875796308,-3.0578326074293156,-0.48697291051384534
-0.00808175054589385,-0.0150069461914226,-0.0071116185283630505,-0.002721279796831995,0.12940351358853477,2.833339683082705,-1.8627124510482147,-1.8617137075931822
-0.0080364794207655,-0.015005253184666072,-0.007063662886531934,-0.002767539691107508,0.12296110958582855,2.841692892401316,-1.8174686017959332,-1.8809689401748073
-0.007986281206666983,-0.01499919883064679,-0.007015510424599074,-0.0028223083298336373,0.1162521268248674,2.855839831161496,-1.7684495811373038,-1.9044651963132184
-0.007926278295750587,-0.014990102077893586,-0.006959187279893039,-0.0028883410240524957,0.10804809197245456,2.873193282875114,-1.7100727095475035,-1.9321737299893207
-0.007826311774471857,-0.014925582726520436,-0.006926555026811912,-0.0030536255257246673,0.09995650530871042,2.972769481095179,-1.6181833623211939,-2.01705792913777
-0.007871227308062846,-0.014955602579792664,-0.0069408492452705,-0.0029782438887260084,0.10358635377237223,2.9273279733427255,-1.660076690557995,-1.978711641225552
-0.007776012984001982,-0.014934969274614913,-0.006853458015610513,-0.0030851761613330266,0.0912255810721833,2.954964974917674,-1.5666778211513614,-2.0204983052671697
-0.0076621749353599005,-0.01491935399413526,-0.006733160524423179,-0.0031963952237596617,0.07436124354066566,2.9656468060739054,-1.4549402410072292,-2.0552780264072794
-0.007723985648998525,-0.014934557005890145,-0.006790608918513424,-0.0031285777126071166,0.08303430670550214,2.9506361780008237,-1.5150733781512928,-2.031386044977646
-0.00759764942620598,-0.014929488300870923,-0.006640985334150792,-0.0032328364301782674,0.06375442874476438,2.939798015620406,-1.392939842911103,-2.0550678651668655
-0.0075411187379343545,-0.014934398411171761,-0.006565065421384298,-0.0032678346768563638,0.0547994651325564,2.921918259641079,-1.339998023112139,-2.056996108422359
-0.0074632884184515375,-0.014963695952435003,-0.006435911997814423,-0.003285234687450012,0.041438562831476455,2.864616478638679,-1.271463018618725,-2.038448495280591
-0.007400428594736563,-0.014925632866171525,-0.006398687872455206,-0.0033737829148479453,0.03424004353266894,2.9009630749246478,-1.2119540389925174,-2.0725119121326885
-0.0072066660246991755,-0.01488711617569784,-0.006191560406831471,-0.0035374246701751987,0.008086184829587244,2.89086996096943,-1.040324550587879,-2.099426754529462
-0.007271382998630763,-0.014904793699851863,-0.006256875087632529,-0.0034785732971934,0.016702854289724716,2.8901397200013217,-1.0976760812933721,-2.088595913066642
-0.007337081762822975,-0.014916444379629239,-0.006328419330010287,-0.0034248775183699574,0.025564031502018945,2.8952980649720974,-1.1555927526158902,-2.0805297107495417
-0.008103654890609645,-0.015048571885270298,-0.007076248490414151,-0.0026541145331376976,0.12688697397850776,2.7652600479358935,-1.8723236543818158,-1.8171179166784002
-0.008400958644257482,-0.015079912374600732,-0.007333185813561222,-0.0023053617736367563,0.16201329749373197,2.6358999523660454,-2.1516440664118033,-1.6396129883373718
-0.008294921800745458,-0.015035386293511394,-0.0072967235466845,-0.0024680654664883395,0.1554836792705797,2.7415545094472455,-2.067780378955328,-1.7363912132577377
-0.008263322876838971,-0.015023365568044242,-0.007282415158624067,-0.0025149543658915803,0.15315725358595544,2.7695904370799442,-2.041109222426499,-1.7630941071740664
-0.008224098379041552,-0.015026269327526754,-0.0072370078853077665,-0.0025540567983844066,0.14703940693147524,2.775171435335252,-2.000218145786812,-1.7807882677463012
-0.008180723904289474,-0.015038445879463708,-0.007173210586601172,-0.0025867704624866505,0.13921001342501985,2.7663926970793713,-1.952312778407812,-1.7915516705870076
-0.00836013836247188,-0.015079583594928057,-0.007294137770335246,-0.0023516528460500227,0.15679274637677595,2.651297168539551,-2.1121559378933292,-1.6639511587820144
-0.008317865985339032,-0.015070233993993893,-0.007266741004017038,-0.002407664716760386,0.15288599568304898,2.679851500463602,-2.0752961967357186,-1.6952411758276502
-0.008130436864321739,-0.015086405796157313,-0.0070509029536298526,-0.0025872615864377994,0.12544218127235618,2.7030915621085385,-1.8865693858966124,-1.7742492808796386
-0.008164796702720183,-0.015074669803681977,-0.007103724328399214,-0.0025649859312444454,0.13160437055888138,2.713802072609902,-1.9239030437321234,-1.7685628186906943
-0.008677940008207131,-0.015104011586645393,-0.007542733256882166,-0.001951626892755071,0.19003755509027093,2.466003103000539,-2.3987009286619423,-1.4314420318946883
-0.008713929878330381,-0.015131490300015444,-0.007526094682375091,-0.0018838661381803538,0.18819366314189215,2.4042159629426467,-2.411888967690267,-1.3848413284788987
-0.008592057312949418,-0.015113200976442925,-0.007454716679190091,-0.002050092528613263,0.17883222537634405,2.49949359818387,-2.313948348640358,-1.488521977882006
-0.008631058021424649,-0.015122842279741264,-0.00747225332648254,-0.001994189492356888,0.1813996554759467,2.46440952826299,-2.343463022613499,-1.4535067353897573
-0.008417992930049443,-0.015118240048515245,-0.0072897149635802886,-0.002249692969980012,0.1577202079661053,2.5710699355616,-2.148446679349538,-1.5994498305813332
-0.008554888198946639,-0.015127414508225632,-0.0073993104788497846,-0.0020824413653063585,0.172190396732443,2.4968501278408106,-2.270936429378342,-1.504155255431115
-0.008461744516003905,-0.01511807150712584,-0.0073305701703884904,-0.002199961203352145,0.1627601763254836,2.553407015394651,-2.189700515815478,-1.5725081710905133
-0.008506530902857313,-0.015121882166451842,-0.007365251475144885,-0.002144491461989549,0.16775931534027136,2.5279567932552918,-2.2294740540677442,-1.54071028971091
-0.00689281349752127,-0.014797576387394243,-0.005863142668250355,-0.003801393106247559,-0.033116006554640844,2.8665717709507383,-0.7731647592872749,-2.1266275516063726
-0.007126265496611029,-0.01486047896159838,-0.0061130805169959815,-0.0036139420818430837,-0.0027013200356462465,2.8941543932735976,-0.9690013983203647,-2.1135910642662794
-0.007043156772413739,-0.014858258342829188,-0.0060077523713570795,-0.0036573641437952927,-0.013250257543271656,2.8635574858230295,-0.9036337156027462,-2.106123487282645
-0.00697042588327801,-0.014837977527294616,-0.005931126733473891,-0.0037164721111782807,-0.02296538822701938,2.856100597447435,-0.8430770210466069,-2.110755194915684
-0.007144800700407009,-0.014946527211037761,-0.006057264343854985,-0.0034951252567682225,-0.0013239439817320066,2.7962050363432986,-1.003913386886181,-2.0500444951967993
-0.005423877000016194,-0.014232176466103162,-0.00422781052915635,-0.0046974134992816136,-0.17224481256520754,2.401527068537589,0.1657120373041416,-1.8973244631852293
-0.005272814122358712,-0.014221038832850008,-0.004051557955118345,-0.0046935095954545245,-0.1746379823581128,2.3148580249046757,0.19779939560491047,-1.8423589622654561
-0.005524023856108632,-0.014372054821486352,-0.004322556951277651,-0.004538831010716137,-0.15944468501284795,2.400862014997404,0.06551563546708118,-1.8983565814297318
-0.004633777664051996,-0.013920115348932104,-0.003352676575628827,-0.004912296562650784,-0.18845971301622086,2.0358050901492803,0.40773600716130093,-1.6495908361248206
-0.004797302343373989,-0.014058224588192425,-0.0035305187528339196,-0.004800158174725754,-0.18223988100854768,2.097978031711659,0.3304431639584049,-1.694961214833422
-0.0049574613927149186,-0.014187387792933971,-0.003700396438853735,-0.004688385048781545,-0.17661388949730536,2.151723241938558,0.25163590300186844,-1.7341821181695838
-0.005124338714123313,-0.01430268486641055,-0.003874738780474738,-0.004583733629439632,-0.1675846065389048,2.206203946414583,0.17230528599764058,-1.7722121360289618
-0.006638716734606435,-0.014724268597424331,-0.005583712724225423,-0.0039848930271846805,-0.06501977160266338,2.8138155049485287,-0.5742982933555084,-2.1190660891311324
-0.006785791161115187,-0.01477921625094148,-0.00573740403070657,-0.003865613882374195,-0.04650115577388777,2.8342184492487497,-0.6918520254077521,-2.1181665311671662
-0.006701469990061656,-0.014779806577978932,-0.00562733359739251,-0.0038932643129401525,-0.05611153637459919,2.790670342551176,-0.6369825983089313,-2.098959342940255
-0.006536477353336542,-0.014743970127137051,-0.005438324788342437,-0.003987124942387538,-0.07370711008344126,2.739250326981158,-0.5228764261144024,-2.0801657510979443
-0.0056623407039498985,-0.014513032685700146,-0.004452964940256533,-0.004375259218325884,-0.14447645015021846,2.4115539072913204,-0.04494552261456818,-1.9050674462103916
-0.005833328297557583,-0.014571620236240342,-0.0046396567034746,-0.004301916637390186,-0.13426566773168033,2.4750755332369905,-0.1270328536446965,-1.9428396536569004
-0.005974861303832198,-0.014605320459232143,-0.004799812005907172,-0.004252674826771447,-0.12408289022929313,2.5346272902668407,-0.19381238745465798,-1.977081579164058
-0.006116065540345513,-0.014645609430892015,-0.004957811072569843,-0.004189382820998466,-0.11357580857651216,2.5871196123280407,-0.2690075918329327,-2.0059447854293153
-0.006282989891596852,-0.014723081286675314,-0.005128768543409484,-0.004068156835303334,-0.09698478032345771,2.6202375482384856,-0.3814741059462823,-2.019610857307212
-0.006419260166276235,-0.01481016943132798,-0.00525031685892859,-0.003932150887603522,-0.08179630263682901,2.6193167262659447,-0.48694624787689983,-2.010746273960646
-0.01304334456262372,-0.003024249304537323,0.005228183535534806,0.001756032990614961,0.24560454291687392,1.4718306466075235,-0.46145505080889243,-1.2422704670858198
-0.01411890626548793,-0.0051076379446072205,0.004788848335073635,0.003871857690538297,0.3556205057059789,2.3034900184101055,0.08506672451394683,-1.8334131932784898
-0.014299087439738747,-0.0051627464864872534,0.004593528885763746,0.003919375876401889,0.3364957759148999,2.253128298890305,0.17585521112972577,-1.7985852148285397
-0.014470537700853783,-0.005227400592184402,0.004409306053107312,0.003966862581361975,0.31833948816911845,2.2029238533833584,0.25851179370942234,-1.763395846698543
-0.014087171705544958,-0.0048565873747918814,0.004781576174649818,0.0035954001193579774,0.3416424076476469,2.1815193528086705,0.002493111225906182,-1.7548513777895296
-0.01382862155675887,-0.0045340798304801975,0.0049849135854471505,0.003243180277755406,0.3411722700905396,2.0880138345289043,-0.1702907128662532,-1.690991623629003
-0.014057131913894514,-0.004608447730395602,0.0047670259742942376,0.0033347259759924953,0.32393118339467947,2.0652076240545587,-0.06199411320611845,-1.6791295845669492
-0.01378251585098455,-0.004291365474079486,0.004970809170678128,0.002995364391759986,0.3230122714231864,1.9754865218413513,-0.21806428731599245,-1.6147919981260703
-0.013707040264314706,-0.0040482627857297135,0.00498017314884681,0.0027537976464663736,0.3070049369280455,1.8739700588235149,-0.26642382086135274,-1.5434795502127958
-0.013195770111426114,-0.00321396458962251,0.005173165107945265,0.0019378852645945395,0.25954948659767596,1.5497939545252912,-0.4334300407900753,-1.3017227335135872
-0.013247215429140716,-0.0034306796484981444,0.005198983925781422,0.002120562963178918,0.2743407104604258,1.6321958103761642,-0.43322355643723576,-1.362108638934252
-0.013422016767631818,-0.003589019832596912,0.005103536731659325,0.0022935954776858547,0.283672217310258,1.6975685522846717,-0.37865803258933756,-1.4120089562708413
-0.01357954596549868,-0.0038092265056275674,0.0050310608074090775,0.0025156447234659274,0.29365994008458546,1.7823530933718688,-0.32304311965145455,-1.476647489054181
-0.012598714033897533,0.0023094944173901,0.005304643118186422,-0.0011626208152503946,0.2001092497925582,1.1949252894268092,0.465295796306623,-1.029734463512036
-0.012142224580355836,0.0020067163384814585,0.005462077377025236,-8.655655717640802E-4,0.17698123066702467,1.018630428983535,0.491401207014113,-0.886807791471422
-0.012454151371938522,0.002104513914134533,0.005329203083411408,-0.0010066735254992021,0.1866063874705119,1.11676163286186,0.45355272055114415,-0.968343616656259
-0.012879843263233054,0.002394134193707235,0.005158384078944977,-0.001289899676098062,0.20517296574072033,1.2662721362100664,0.41580626693571837,-1.0903416818768867
-0.01212090608172592,-0.002214076592024168,0.005534646871801698,9.60336345168145E-4,0.1871561009652361,1.0577804077497561,-0.5499345737957269,-0.9126645804802368
-0.012543458907997336,-0.002505875084008842,0.005395156457598132,0.0012612074904255752,0.2114199570495596,1.2329841862988131,-0.5187339303021211,-1.0554535957805433
-0.012124810949319612,-0.0017235893966722428,0.005395752465427794,7.264595242072351E-4,0.16401074066606616,0.9624229078479444,-0.42355173381418415,-0.8470225661553971
-0.012042887416296296,0.0015750439685332362,0.005397762140729622,-6.39671004161299E-4,0.15645567921598721,0.9159136236563966,0.3969750144905702,-0.8107953360255279
-0.011884830619769542,0.0010082406423184461,0.005355929624694278,-3.751403732210017E-4,0.13677313333703747,0.8046696195615494,0.2650038920921754,-0.7272508857079141
-0.011926202017950301,-0.0010637916175285592,0.005348521312166311,4.034438513467253E-4,0.1386767525910684,0.8219205336791923,-0.2759196248977891,-0.7397418180081816
-0.012139360744664299,-0.0013331885782437408,0.00530595536752578,5.544104213327593E-4,0.15183687324658984,0.9091054502553815,-0.3229872780780869,-0.8103989653597796
-0.011916149103785072,-6.562792214625978E-4,0.00530097923767009,2.453508309861703E-4,0.1312531175835311,0.7882263843716443,-0.17002738641870763,-0.7176641116635202
-0.01175041713077337,-1.719946356135637E-4,0.005331122345052363,5.9367224070537884E-5,0.12323677088212294,0.7239254619289621,-0.04606833046885738,-0.6660238992857347
-0.011846419917547103,4.265581729366022E-4,0.005308303268079243,-1.5393140063586387E-4,0.1270944818991425,0.7573491862477634,0.11332834002370058,-0.6920860487241258
-0.012925023194010883,-0.0027246756110063143,0.005220595881540813,0.0015148563054301334,0.22713991880927134,1.36200477000174,-0.4559100642509947,-1.159676190112166
-0.013269541684183038,0.0025524409573862003,0.0049443834534500415,-0.0014829146628963835,0.21097687492222847,1.3551546443789,0.3449988415271363,-1.1644151918995729
-0.022761726115122213,0.01534619931004023,-1.707243569565927E-4,-7.931180803520836E-4,0.16935064855754056,-0.2593529657022533,-0.3116394050894505,0.27759064050149235
-0.021653235248070384,0.014599448558999079,-3.515276868250458E-4,-0.0013333012526616725,0.1233291998999946,-0.35594549839789164,-0.3664957030778951,0.38594472179080797
-0.0210609831341768,0.013740165309670477,-4.376114702978676E-4,-0.0017609392901314703,0.09952411873560657,-0.3813551080031248,-0.446070940818376,0.42107906689001556
-0.02032899300945234,0.012461173442524832,-4.632337016313599E-4,-0.002390293300319517,0.07268517566351235,-0.3546146011993192,-0.5998211760650022,0.41066060232616136
-0.021058209728192043,0.01296633998685148,-3.799007777979812E-4,-0.0019175275074366663,0.08925523401229547,-0.333770447007371,-0.5061817872594158,0.3758584197099486
-0.01971202883407839,0.011360385016203912,-3.657481698493943E-4,-0.002943343085349055,0.05525384476614747,-0.25945833723205136,-0.7647900758665995,0.33360873572499466
-0.01952970358394602,0.01092051176287277,-2.788660789465904E-4,-0.0031157686912619523,0.0510375040679476,-0.19080536225495512,-0.8261950433324318,0.2747939205164322
-0.02039651714106782,0.011801429505035571,-3.5114344704901884E-4,-0.002467957894345242,0.06264545387439245,-0.27358679420312887,-0.6445313164026379,0.3295831386758032
-0.01937189673776622,0.010527244396667957,-1.8249852142418634E-4,-0.00325526592498901,0.046515565218666836,-0.1206606417660079,-0.8752139563508069,0.2083215838307397
-0.019923382015865247,0.010764133725561564,-2.0472360355468385E-4,-0.002874694235008255,0.0447252846239673,-0.14753820613794663,-0.7680859669185204,0.21581479947824853
-0.018860194600824266,0.009326604649628832,2.1666953552592814E-4,-0.0036075671615167725,0.039248841237501796,0.1620349935244794,-0.9943757025941592,-0.05117037209962653
-0.019296075863216845,0.0098276696503081,2.5896779255402885E-5,-0.003322893743099881,0.03712381033320883,0.028134096254349563,-0.9050356296909055,0.06222933756859334
-0.018429104870419363,0.008624579023653059,5.451947248646672E-4,-0.003822833228122754,0.04432898600874697,0.3835020296650404,-1.0512637590919747,-0.2502990074776172
-0.018894456359855046,0.008849098221393067,3.7810221076427496E-4,-0.0035224995614004917,0.03240820023803681,0.2737519492854363,-0.9594810577338792,-0.16732515267234518
-0.01786873568676274,0.00722984186994334,0.0012455863558487271,-0.003767819376849079,0.05596384886944874,0.8075398846435363,-0.9504350543444081,-0.6502270094923847
-0.0181060170657892,0.007796094808560809,9.521894822201944E-4,-0.0038270396944045143,0.049332345080068285,0.6384912448456249,-1.0123440403665327,-0.4910710528623649
-0.018304008525372558,0.008156383641313145,7.551748306863433E-4,-0.003798567287213303,0.043235176435827465,0.5171758393113371,-1.0239877823459782,-0.37991574431249014
-0.018211985769764117,0.007440298068233461,0.0010362984192764668,-0.0036242728766366574,0.04231378852488895,0.6878964282253809,-0.9275421537560965,-0.5505922281257644
-0.01736285912829797,0.006728098754258394,0.0016614342440580685,-0.0038498974840220726,0.079812407010947,1.031778684334338,-0.9142407044837197,-0.8437784980830393
-0.01779808179577123,0.006877716780713516,0.0013906887081637058,-0.0036521897083380307,0.058322387394681964,0.8828010744740352,-0.8844613267176694,-0.7257026613488408
-0.01646604153475414,0.005600857734280266,0.0025378657103695486,-0.0036120867063869394,0.1333136890847333,1.4025151350864924,-0.6574225511971504,-1.1738373075757735
-0.016903214718146188,0.005663939371464626,0.002219585710515433,-0.00345219521071981,0.10405147872200991,1.252523582126707,-0.666979794894431,-1.057500341956499
-0.017099832391479542,0.006013632473986653,0.002015694466517795,-0.0035796409953676,0.09297209026086282,1.178245485614723,-0.7503419563602848,-0.9885351201288771
-0.017260071224816226,0.006364285027715302,0.001827860518132326,-0.0037042865422399498,0.08503439425305918,1.1029926531648286,-0.829773037518888,-0.915824530560517
-0.016279284758353125,0.00528816367850342,0.0027303253345923617,-0.003458004443254417,0.1446253371269788,1.4521447094165685,-0.5646259543144857,-1.2214080598857497
-0.016177505006760264,0.005001565917317483,0.0028451253540818042,-0.003277398124918303,0.14818588223367318,1.4624685723042103,-0.48281881986495356,-1.2370369491285753
-0.01589508087456277,0.0048055547381609075,0.003084213945161702,-0.003215799198172366,0.16633502847494278,1.5302703999829996,-0.4112840892741101,-1.2934635511103119
-0.015601440840057953,0.004520720615076606,0.003336851100502033,-0.0030639887197862477,0.18215091114889165,1.575629698761251,-0.31087134605869043,-1.333285204929972
-0.014282183671999077,0.0032351760484616208,0.004331705586615273,-0.0021242152561971503,0.21650280630205926,1.5394343288268209,0.12193655099278804,-1.313131915142015
-0.013644855892442213,0.0028506018367027786,0.004746606406033947,-0.0017621025205488872,0.22043589770794375,1.4556333894791746,0.27631224830483947,-1.2442756310750518
-0.014008610795097107,0.0030560866364186387,0.004514228801864916,-0.0019639969018860897,0.22051848967922827,1.5077158119950462,0.19123641922491627,-1.2865627474852694
-0.01476338693464866,0.0035517105165489933,0.003988154721901086,-0.002381582416926839,0.20629553231439077,1.5609819308851256,-0.006932922415692269,-1.3313491699666586
-0.014635607531187495,0.003224148477422064,0.004055994390701211,-0.0021260970399310975,0.19910822120438643,1.5038365130242017,0.0444225249594204,-1.2884215938476264
-0.015073661335650426,0.0036476301873833703,0.003748671079892519,-0.0024409070222550463,0.19104491449949373,1.5318509792763986,-0.07757351043878312,-1.3089559816806176
-0.015257146822984714,0.0038808687229514014,0.003613718815975406,-0.002607423935360772,0.18747472093020967,1.5426111692206528,-0.14148657473493495,-1.316132603585871
-0.015431356024335229,0.004176511208345192,0.0034797029713757063,-0.0028186770544737024,0.18547983280623712,1.5594450957139439,-0.2171836061623329,-1.3264553070826979
-0.023913444918436954,0.014700247084086356,-4.181784003664686E-5,-4.371931082364343E-4,0.22281848772813692,-0.13525195570083295,-0.3524013239799509,0.15102239039451945
-0.025,0.014112023702453375,0,0,0.2795933381688732,-0.0032613494572231254,-0.40981010814088986,0.021194269619380382
0.005520233439602826,-0.015714504449609513,0.003875377734856473,-0.0031566094985410625,-0.07551963803312466,1.7826411846412988,0.4014041232998871,-1.4724585178109597
0.005208587166934519,-0.015655314676951488,0.0036259456818804876,-0.003246358961642624,-0.08259367366117783,1.742023969153598,0.31163970553217246,-1.4499179592387106
0.0076806316547555365,-0.01692889252929907,0.0046959840679820135,-0.0015172647185412202,0.0098231465674614,1.2199345226726115,1.1433306803465528,-0.9457935780098524
0.0073323704096533125,-0.01692038320191499,0.00450605781857466,-0.0016860110647497525,0.0029267657106604966,1.2776913558464769,1.0288864887655895,-1.0147693981608616
0.0070050969589901604,-0.01685121698369262,0.0043591638554670254,-0.0018644730903338853,-0.0056677626131905615,1.343143405865604,0.9293078060109211,-1.0843590527450784
0.005677684467546425,-0.015985097382404483,0.0038921850924942304,-0.0028991171441805044,-0.06055574409830956,1.6939895748179803,0.4879615406034609,-1.4022044419994055
0.005852539403054312,-0.016169678981914206,0.003946421805439019,-0.0027134451083459187,-0.049165345910739906,1.636352554850459,0.5587358707254396,-1.3538534485966698
0.005884240516400761,-0.016388992482441064,0.003860005684573436,-0.002535718190578101,-0.039968965121457485,1.545972085691747,0.5846235948676919,-1.2858401457794968
0.006701003341584633,-0.016737230902730754,0.004240770948844028,-0.002051180425401566,-0.014136017982424838,1.412521487501263,0.8385005187027464,-1.152451871659412
0.006371121857773913,-0.016577570945519877,0.00411364939152262,-0.002268859196668725,-0.024989567060190513,1.487502541022398,0.7375192926061941,-1.2240294536635627
0.006061853325765021,-0.01653881509926782,0.003912540931994268,-0.002382175210008626,-0.031791698356318704,1.4937658369240778,0.6433806941756511,-1.2397011673064664
0.007815950537135751,-0.017279315912337397,0.004469833259289555,-0.001275821358536324,0.012521348472508959,1.0406969127212176,1.1106928519407486,-0.8092410824372464
0.00915351140215175,-0.017956184373340633,0.004306164351329128,-4.0360014447271276E-4,0.016828891937496177,0.4771286626397087,1.1978475756710034,-0.3012518104149064
0.00884034887245085,-0.01782361923694793,0.004359117775411921,-5.838998326094724E-4,0.01874176890879841,0.600512201951976,1.1947569492852819,-0.4146463876788574
0.008518069708861901,-0.01790532444138429,0.004208955906473103,-7.170978971082431E-4,0.01607098757042016,0.6695395402504759,1.1173625153050717,-0.49454330332088153
0.007973529821678703,-0.017603541639335286,0.004273076819083053,-0.0010649314134743364,0.014752788618868246,0.8897014827874287,1.0792580471947038,-0.6913287305314553
0.008160811748263733,-0.01783562639757666,0.004155829309881083,-8.978912506562735E-4,0.01688227746703101,0.7749156035491048,1.0673034484712625,-0.5956729987741485
0.015648531734884622,-0.022597104267626157,8.037950911487677E-4,1.9623163654014058E-4,-0.15559776488739321,-0.26497446133459285,0.30791940610078156,0.283469000099468
0.014994280835426636,-0.021815008712445527,0.0011932916085766793,3.279754032537219E-4,-0.11842677097476924,-0.3288495063280854,0.3581067424698597,0.35660191431509475
0.013940097122128967,-0.02106989882309894,0.001713467992711403,4.475827009492778E-4,-0.0837758328725871,-0.3601173535201596,0.45745633418216913,0.3990610838683399
0.014271247452920974,-0.02169166951857895,0.0013817229738479272,3.344150349084846E-4,-0.10699623785697729,-0.3183433235845355,0.41082183680143924,0.3489838714612765
0.013014806507935753,-0.02044775975537647,0.0022116919456100694,5.090961992179765E-4,-0.055656249996924,-0.3483959395693445,0.5725754951149714,0.40018497188560237
0.013303089900452753,-0.02112336052123019,0.001821713513959249,3.948803645752754E-4,-0.0755864470712284,-0.31507949984770006,0.5033617819559194,0.3555606259754818
0.012115942760597506,-0.019984998790004913,0.0026505763581407306,4.755577369800165E-4,-0.03427129142646213,-0.2807047434441638,0.6970285757117894,0.3449335289938624
0.01241808593299754,-0.020469826852591556,0.002322480459189828,4.3047625725539055E-4,-0.04684084943890365,-0.2846145059457787,0.6191761146940243,0.3370721152224129
0.011207887032934643,-0.019257474398320526,0.0032630672650568317,3.9193519507505593E-4,-0.011724219361547874,-0.1635575012304278,0.8797009270763233,0.2536321189587964
0.011610531123263892,-0.019765170770296887,0.002872120436579265,4.146211883077722E-4,-0.02285374891538414,-0.21612264994521851,0.7651861396218402,0.28777664447951473
0.010671875437721605,-0.01928162046298311,0.0033071531603549274,2.3246291022625557E-4,-0.004714133297683659,-0.04720407931070265,0.9006498340421408,0.1380686514820907
0.009260219422571988,-0.01834549050788487,0.00399672201850828,-2.981766128446264E-4,0.014398761714381814,0.37610073097947266,1.0970299087073154,-0.2334216294026689
0.009892697488354833,-0.018771081035613923,0.0037065714389325406,-1.3001555137928798E-5,0.007588547162421802,0.15729276198313977,1.020139795163136,-0.041471681996389335
0.010205469516709692,-0.01911889596576771,0.0034474956200698545,9.540656858047943E-5,0.002848368716451114,0.06040937768052559,0.9420600629432162,0.037292994050604704
0.009429339142229006,-0.01878604777914555,0.003671754217324408,-1.8518833804441644E-4,0.012539751041424784,0.2726452144591553,0.9967659160908627,-0.15705015310423856
0.0027632852165786967,-0.013067565430452602,0.0015785612245578522,-0.005135437629590434,-0.15135667512761322,1.2558403786158758,-0.541713210366268,-1.0795715115414701
0.0029983087504448958,-0.013343136899524238,0.0018118219166197741,-0.005002401963264545,-0.1544284847709325,1.371757941661766,-0.5005234562381328,-1.1715632003813463
0.0032095523071390734,-0.013545770854784006,0.002013587116872571,-0.004902318247794352,-0.15490313204718395,1.4622478993755792,-0.46603986601190917,-1.2415236056358092
0.0032988872111672216,-0.013800972282486904,0.002126029062752125,-0.004722430343128396,-0.1519075168238961,1.5089239014750506,-0.39197512840066806,-1.2815096351646498
0.003436131624755284,-0.014056774629145792,0.00226658822832064,-0.004543703730232951,-0.14531451747839064,1.5573571816685776,-0.3190654268725168,-1.320797086142395
0.003575916842709049,-0.014326947915496775,0.0023986947111110444,-0.004345211696759406,-0.1384349808054187,1.5916319904038672,-0.2385427202948467,-1.3496363885857454
0.003769187261165077,-0.01458015979998841,0.0025626455946905296,-0.004159638661155835,-0.13078699487513504,1.628117724344124,-0.1611528795890245,-1.377404915756913
0.004897988612280739,-0.015538230665764013,0.0033946235536641335,-0.0033720493943019095,-0.09103480515126972,1.7137887707330297,0.220981548276155,-1.4351134498995741
0.004589040958566469,-0.015370913735328227,0.0031716842545840983,-0.003526803601611396,-0.0997470673475705,1.6940048616304697,0.12940475076072902,-1.4232593097270143
0.004075758530066961,-0.014820682178908749,0.0028113661487343335,-0.003984082318994453,-0.12483653052643603,1.6804330658829016,-0.07547281327340072,-1.4166683624389553
0.004263200646057985,-0.015156522480912572,0.002933135437808009,-0.003707166160477404,-0.10913803644782828,1.6656353584923431,0.03358167261320657,-1.4059565518533315
0.004315526032632493,-0.01550885006498894,0.0029157971010748667,-0.0034158868705875894,-0.09172241145544181,1.5988477804946815,0.12014647116149327,-1.3563717452206736
-0.002336770598138264,-0.01216498637797792,-0.0010377274130343214,-0.005552255661124317,-0.14036475272750495,0.8951058669713553,0.6608795043392882,-0.7765414938690385
-0.0018555368552031983,-0.012222713557394536,-8.146372515243047E-4,-0.005383140573315278,-0.13148131880728597,0.8321778864923587,0.5051609077532858,-0.7414429121782485
-0.001367323805516107,-0.01223682067831179,-5.886100877585794E-4,-0.005269675944778409,-0.1250928849238353,0.7736318150146562,0.365017506785886,-0.704924043833623
-8.608545634806339E-4,-0.012156926876211187,-3.5434387253593263E-4,-0.005227801190944425,-0.12048181867390838,0.706070811962409,0.23309531460655067,-0.6549646446980056
-3.310367526768665E-4,-0.012016913808295119,-1.2789324339152725E-4,-0.005240448344852739,-0.1174604800343055,0.639806863685961,0.09235134494575138,-0.6008159507977827
2.0991554960865232E-4,-0.011915010473534535,7.780633494402963E-5,-0.005274439487948298,-0.1169910832716116,0.6024792759911409,-0.05927716881672764,-0.5698630889825255
0.0018156541634577435,-0.012373086854421615,8.336352091109887E-4,-0.00529903437510364,-0.13195196212191262,0.8746320184908577,-0.46845675590275543,-0.7809725593794647
0.0020756555066769457,-0.012768906198795052,0.001071268377154088,-0.005146288661965106,-0.13624545738560398,1.0321076824027278,-0.46341472764860453,-0.9103784505507521
0.0013244016659862375,-0.012376395818976788,5.948849272486852E-4,-0.005197247523966459,-0.12477187786938666,0.8133455718559933,-0.3369767227522389,-0.7402271830071899
8.389492002094991E-4,-0.012339049794856172,3.667102883890462E-4,-0.005146193748035383,-0.12066437959973215,0.7615625287860633,-0.2141835276121364,-0.7030941379449765
4.73738406332585E-4,-0.012243992095088209,1.9946620237303262E-4,-0.005155881031527507,-0.1180939320670509,0.7152371094553169,-0.12420984608724508,-0.6664411173266064
0.00234917564186668,-0.013105448628262137,0.0013138280511497385,-0.005005489780929191,-0.13906805534625702,1.167197175934377,-0.4494966524361592,-1.0187787436941529
0.0019047513336540474,-0.013188398994850963,0.0010541008296360472,-0.0048625744862607,-0.1280959468902909,1.1020231251759738,-0.34948949827661485,-0.9737935644118253
-0.0026142351040733744,-0.012526744621000103,-0.0013201953490143171,-0.00543999191634579,-0.150710827119553,1.0778196489962115,0.6561790772868398,-0.926718484608653
-0.002846695024875014,-0.012742137213742183,-0.001539220283603128,-0.005379870282326516,-0.15538734900197795,1.2030765314539507,0.6557602738652842,-1.0237691951516747
-0.0029264334526069727,-0.013002013694838452,-0.001673399248409804,-0.005227717940854196,-0.1577873803994303,1.2869115888995113,0.5954515170093374,-1.0966563984132414
-0.003197413259191684,-0.01307825293839384,-0.0018917711544748376,-0.005256058587905267,-0.16571642252460728,1.3873209953789312,0.6249189111437429,-1.1694294869749646
-0.003443868692024363,-0.01308524430475255,-0.002083543800305529,-0.005331454967818649,-0.17589082937283984,1.4725876201745207,0.6721243523904407,-1.2282399036025942
-0.0036432985132383773,-0.013246724652663628,-0.0022935436399374176,-0.005265968295735225,-0.18056345476181143,1.574380918891786,0.6430719166069636,-1.3073698224842902
-0.00391346971374552,-0.013371666481158251,-0.0025607862099225037,-0.005245216338784998,-0.18901466285846116,1.7010776514688664,0.6292467054148397,-1.39913137256734
-0.004006676817622105,-0.013668391259366208,-0.0027078107299429166,-0.0050036404057965745,-0.1801627661167793,1.7570489275941181,0.5037762663987393,-1.4508609233576581
-0.004242080392790676,-0.013835411946688636,-0.0029531571959520646,-0.004906455715518877,-0.18077672842260875,1.858029349632844,0.4418198472079878,-1.5256879504116247
-0.004054129748991765,-0.013938184056732679,-0.0027878763451008597,-0.004767615679640877,-0.17096061492867318,1.7714149296465795,0.3900778404473514,-1.47054620879281
-0.004418009270502748,-0.014010667895381005,-0.00313998589504842,-0.0047747565374206295,-0.17619836198168407,1.9215862183376606,0.3630897182107469,-1.5750303384503532
0.014879551628496733,-0.02380514695475652,4.6497526312875605E-4,5.071596467369743E-5,-0.2118652990885256,-0.1348589492526271,0.3492976087523323,0.15023476363399088
0.014112023702453479,-0.025,0,0,-0.2718379869186989,0.015270902449345328,0.40898038685300603,0.003191041003386144
-0.01495170879171688,-0.010953268978014817,-0.001559125244604992,0.008098878740438445,0.32810295858723454,-1.1757858515097939,2.819869343825244,2.3733248591143847
-0.014948546109160132,-0.010968570966043022,-0.0015842824514607442,0.008094368023358693,0.3284976011335105,-1.1934442047852991,2.8092756344203074,2.391442443122567
-0.0149453642464544,-0.010983774581726183,-0.0016092749646692752,0.00808978793664885,0.3288962684202322,-1.2109377006752087,2.798625852412561,2.409387603904568
-0.01495771421877068,-0.010994172861127543,-0.0016161812150571957,0.00805967148343261,0.32558995346133024,-1.2136305497256272,2.778566680720911,2.398842898280565
-0.014955465698638428,-0.01100946619687645,-0.0016404443890555705,0.00805307816455095,0.32570471932879314,-1.230362890976805,2.7668949324817507,2.4150761164809222
-0.014952674336154402,-0.011025160036483036,-0.0016656356447355102,0.008047030934023975,0.32593241357262537,-1.2477380995084093,2.7551839244258205,2.432339335573985
-0.014949130939294031,-0.011040535726901118,-0.0016908586018585389,0.00804241887258954,0.32632998847451117,-1.2651985840800395,2.7442383516957256,2.4503917502033343
-0.014946457511934054,-0.01105578998523167,-0.001715229698863888,0.00803613009042174,0.3265266415366827,-1.2818886072442808,2.73251821098749,2.466854350710024
-0.014967502795763078,-0.010948690732382076,-0.0015416619746098342,0.00807254180470955,0.3243488340072183,-1.161400755552614,2.8096693812992757,2.344975829926378
-0.01497099262869092,-0.010933453801595291,-0.0015165087424286845,0.008076120308205925,0.32385246792031896,-1.143641191709069,2.819573394113523,2.3263931056168343
-0.014985167919212785,-0.010928568513649574,-0.0014999535344601533,0.008052955816483036,0.3205956479943945,-1.1301837702110011,2.8109239617135535,2.3007209585116244
-0.015003273420787663,-0.010835051006219594,-0.0013479834668962474,0.008076730183729076,0.31798270487859726,-1.0220324559379141,2.870286699212301,2.189598278834046
-0.015011319609226963,-0.010821120767496037,-0.001322210668408475,0.008069680653002382,0.3162455492443231,-1.0028629003815068,2.8735139789457094,2.165014414500794
-0.014991864043272234,-0.010896726464014376,-0.001447982048956906,0.00806077659222036,0.3196466695523963,-1.0933621904736872,2.8313148756998663,2.2625793659150046
-0.014993535480649339,-0.010914693571121573,-0.0014738486706271843,0.008046334878176693,0.31881632653324604,-1.1110155594526034,2.8149562662563588,2.2760594443057873
-0.014997569265103563,-0.010865416520865714,-0.0013973215769393992,0.008069382723336413,0.31886119620386105,-1.057344641590766,2.851498759214972,2.2258823795155216
-0.015004725346558691,-0.010850992858974624,-0.0013712584112738641,0.008064632978038196,0.3173461700898658,-1.038177867557602,2.856318020645055,2.2022389038664048
-0.014999686262183029,-0.010882289428660532,-0.001421445961260318,0.008055152875083802,0.31799144035402355,-1.073872818258206,2.835904386199682,2.238089362037259
-0.015080725102831092,-0.010448199990354642,-7.147584786237841E-4,0.008102169958072914,0.3013089427149587,-0.5524444621915423,3.046745675037378,1.689968400449536
-0.015085192003173896,-0.010466722420458204,-7.423153969055495E-4,0.008087725313022744,0.30045400563524977,-0.5728599808467311,3.0318578103811844,1.7051487976897757
-0.015032297851870541,-0.010523917691843724,-8.505972141794248E-4,0.00817007106213042,0.3126756762202865,-0.6578546163649546,3.0572327930103396,1.8332110854948802
-0.015028233476365884,-0.010539400376559968,-8.766592111057785E-4,0.008172128611287877,0.3136984707759663,-0.6776118360452061,3.0522958445385533,1.855367601021765
-0.015034541105766755,-0.01064324949734013,-0.0010370359964892249,0.008116683520145511,0.31231952028468074,-0.7954502408085151,2.9789796464266334,1.9575686472342806
-0.015036256336066691,-0.010626644527860557,-0.00101043461280771,0.008120789606889304,0.31195786176891666,-0.7758198726500148,2.9882182027661366,1.9380729026171515
-0.01504000702214102,-0.010549964238231395,-8.888070256962363E-4,0.008145261462589164,0.3110064139341355,-0.6857353109491304,3.033011804727713,1.8518143581785975
-0.01503611729788123,-0.010611916047153232,-9.875249020191588E-4,0.008127454902159078,0.31195705755846154,-0.7590180373927454,2.9980160012752184,1.9228573593481963
-0.01503471241685424,-0.010595539425813729,-9.625053042725271E-4,0.008137102383088488,0.31237853958438117,-0.7407189375806494,3.0100824978748637,1.907418853979101
-0.015039611186853048,-0.010579974504384158,-9.36097814661148E-4,0.00813410274377605,0.3111233383562552,-0.7207966609885808,3.0147780893622236,1.8845232621387022
-0.015040636537361365,-0.010564181847257076,-9.109115148106119E-4,0.008138476338149701,0.31090269596788417,-0.7020795445089477,3.0235644790814127,1.8663194613322134
-0.015067963265174074,-0.010493181361625912,-7.89422995688294E-4,0.0081120596664129,0.304447355490117,-0.609374511816562,3.0360688126339395,1.7549590356340925
-0.015050232034218833,-0.010517165468609377,-8.33349315489546E-4,0.008137803062640031,0.3085254568524154,-0.643601222465605,3.0415887138035056,1.8031885702253228
-0.01506734372293074,-0.01050942147097069,-8.150650811683909E-4,0.008107591188330711,0.30466605933690255,-0.6285826623801364,3.0274609341089627,1.7734469635210786
-0.015085929585234272,-0.010484975466713146,-7.705243810255403E-4,0.008080324498340756,0.3004059080186415,-0.5939485010347906,3.0210439184812583,1.7242585281837364
-0.015050180776063214,-0.010653648617684324,-0.0010460608592788299,0.008082163602602992,0.30868492914792706,-0.800534867769162,2.9558504887579224,1.9475517894200036
-0.015021946757927437,-0.010708365676389192,-0.0011439097899599683,0.00810986882314002,0.3149718701633073,-0.8743884064675911,2.9469234691280537,2.0408469449479365
-0.015030002289515013,-0.010692943056936367,-0.001116142168038275,0.008102103944440067,0.31312376300636496,-0.8534575272147675,2.949633968533472,2.0143494814574825
-0.015046120899710705,-0.010675784563979296,-0.0010820177001674071,0.00807966163865343,0.30953188583692254,-0.8270657604521139,2.9451032081552992,1.9753845471866234
-0.015023393628111153,-0.010725184136241926,-0.0011691148790830433,0.008098677765320824,0.31445232296929954,-0.8924071846692103,2.933433050343332,2.05560879696668
-0.015031439698611019,-0.01074427921574854,-0.001194274006502567,0.00807367210430302,0.31247954909689896,-0.9095748961019888,2.9116406020594017,2.063311078093115
-0.015033202089143433,-0.010761853983333866,-0.001220150298113454,0.008061168639387635,0.3118737883921223,-0.9278708469961291,2.897077477057134,2.077919624436976
-0.015032579314978919,-0.010779284559373978,-0.00124695905816145,0.008053038653711613,0.31183090822927856,-0.9470307004200126,2.8848172063242004,2.0955008298077824
-0.015030433965129035,-0.01079591742162609,-0.0012733162046536831,0.0080479995911073,0.31212754288607286,-0.9659871709529154,2.874460219498,2.114290952767815
-0.015028897085136612,-0.010812225564893745,-0.0012988015070674473,0.008041813998701521,0.31232176729931,-0.9842072024415778,2.863595694597624,2.131802447565041
-0.01511932298854453,-0.0102136507151952,-3.3735332064177304E-4,0.008080960987961336,0.289886744135168,-0.2622773668626354,3.1088911085746633,1.377851810121544
-0.015118027003425792,-0.010249627817434569,-3.940785099464075E-4,0.008077803366847226,0.290856218186398,-0.3060858736269973,3.096643691746228,1.4215365439165248
-0.015127165691575427,-0.010233544567303215,-3.6737723591493174E-4,0.008062807344427247,0.2885641540633929,-0.2851293987075201,3.092307423028086,1.3933196351092685
-0.015096831232850518,-0.01043654551371602,-6.916348535425926E-4,0.008074759390590146,0.29767311982881073,-0.5340113636694697,3.0350936982413135,1.6581990748218807
-0.01510739649806186,-0.010419304427795066,-6.617115283248861E-4,0.00805956068918901,0.29515800970383,-0.5107971919086491,3.032292433172603,1.6269515561251968
-0.01511129225599537,-0.010400282116318013,-6.310494641397331E-4,0.008057419075402502,0.29422728656892244,-0.4874172689160587,3.0374535375523455,1.6013694013546493
-0.015103756137416203,-0.010342389699543628,-5.425487311522364E-4,0.008086594374171028,0.2951630915819597,-0.4206085382503025,3.0734232300841104,1.5443114848915587
-0.01510957860778408,-0.010360734944197574,-5.698640468609261E-4,0.008070970465033396,0.2941384593558611,-0.44110628566095483,3.058340852046234,1.5587821053084578
-0.015112690814638336,-0.010381146917986389,-6.009075731194532E-4,0.008059832005348147,0.2936931054815996,-0.46450338360386506,3.045189166960803,1.5783630720266544
-0.015125532173774799,-0.010272278506792123,-4.28222723888092E-4,0.008059328947056792,0.2895826118249654,-0.3320299988477791,3.078928676809797,1.4401347199321888
-0.015117403805704095,-0.010325399275363292,-5.128453839317913E-4,0.0080641858066004,0.2920305269801587,-0.39725942410951887,3.065607292514949,1.5099783164835292
-0.015128940259601055,-0.010301081096627245,-4.724827328059615E-4,0.008047196938788722,0.2892884634290274,-0.36579694259511397,3.0630941811584806,1.4697634302718772
-0.015171556053800585,-0.009982705179958334,2.6407074020403786E-5,0.007995266803234242,0.27474997576625904,0.022918819596391932,3.1130278106089126,1.0517646311855249
-0.015158021086512055,-0.010149178258534425,-2.319894179334267E-4,0.008014312326759266,0.2809158410158548,-0.17928596833059454,3.0858000352650277,1.2636648889391553
-0.015171153074363961,-0.01008138522964465,-1.260903074341187E-4,0.007994255969252627,0.2769740949135389,-0.09657082977441687,3.0902728216609217,1.171143283746125
-0.015178771871646502,-0.01010694966303774,-1.6505405483079443E-4,0.00797819865610417,0.27594821994975277,-0.12675070461951968,3.0742671597442457,1.1946857378959932
-0.015176379264303569,-0.010132571881857256,-2.0465613845791934E-4,0.007980783231496872,0.2770231857390999,-0.15754511267530227,3.069548647690594,1.2270098704311048
-0.015179058655609567,-0.010009305987360719,-1.468528518668999E-5,0.007981108875440778,0.2739926064698129,-0.009255194125921655,3.098485520443665,1.0777603116360777
-0.015185186474511317,-0.010036525149775384,-5.648621004439017E-5,0.007969120489918324,0.2732657528127331,-0.041905340928025024,3.085042334747356,1.105288496235719
-0.015193225465907423,-0.010063118496188687,-9.701652476624137E-5,0.007953067389770606,0.2724470322530345,-0.07343243566404344,3.0691210722051836,1.1300793408854075
-0.015135825273224466,-0.010194745752150451,-3.054496854085243E-4,0.008051725245981791,0.2862145643311142,-0.23695664746586395,3.0964260275988598,1.3389075825228862
-0.015163245346942258,-0.01017600893048662,-2.729650822550706E-4,0.008001463955500825,0.28041776224544973,-0.21088141130773772,3.071044910109262,1.2902848999399923
-0.015220112294497571,-0.009471125199809664,7.900376796170211E-4,0.007809665068006108,0.25302764234656944,0.6279473498873913,3.067091854880306,0.38899774218043276
-0.015235595289071521,-0.009568917242921518,6.420463433119565E-4,0.007811927109261458,0.2530071713812945,0.5096784222415173,3.0599329738666547,0.5014636152234714
-0.015235464833035138,-0.009535106600670452,6.915926702050312E-4,0.007802235829599651,0.2522807928013964,0.5490403300657817,3.0568671421191524,0.4602442104994888
-0.015231974033146816,-0.009502663093949792,7.4004455999293E-4,0.007798441163911944,0.25199144289260317,0.5877047910626719,3.0572458734406047,0.4222450031114479
-0.015220345661874402,-0.009721031138820313,4.2007893105139906E-4,0.007876108198571192,0.25956441286037985,0.33392595438530176,3.0832161794208552,0.6961588371950461
-0.015220877061442638,-0.009674146214046605,4.900425968401755E-4,0.007865619492462632,0.25812868486844603,0.38935969117735164,3.0826907397986036,0.6384144511836894
-0.015226448682023143,-0.009641391825195774,5.374907960629802E-4,0.00784776772968838,0.25633712768817324,0.42690856236363767,3.0751952617201295,0.595019717523487
-0.015232170221804295,-0.00960490070920079,5.900469358889206E-4,0.007828041238550895,0.25448419981015885,0.46851096304072676,3.066618082033983,0.5471943228197537
-0.0152422407552905,-0.009696743263777277,4.519972526910209E-4,0.007830578834385806,0.25510066464909503,0.35863647079821676,3.0573415125265657,0.6534933880761785
-0.015193374047750924,-0.009963157713099064,5.5993539835631896E-5,0.00795326548955441,0.2702208128152927,0.04636136803371948,3.0908072786590846,1.0103880459440815
-0.015212513947199496,-0.009917177570181575,1.2519722510867306E-4,0.007915031196400529,0.265553611989158,0.10081547298504147,3.0758396580378773,0.9401588573056677
-0.015211558285123314,-0.009944512630512213,8.377847585689921E-5,0.007918196222422094,0.2664348433740115,0.06831331377564959,3.0725795723132188,0.9736824844107999
-0.015224884513869844,-0.00978694063487856,3.205073249714083E-4,0.007878527601738244,0.2602879067911017,0.2549048765961863,3.075112053217118,0.7737678904316605
-0.015229600569947373,-0.009751669414743709,3.725982816419906E-4,0.00786422454694731,0.25855588787444056,0.2960615048055519,3.0712534506284963,0.7277995140005038
-0.015241450213544432,-0.009813247037887631,2.7889784840755684E-4,0.007851121193141283,0.2580988498100805,0.22187162420664347,3.0536197727469343,0.7945403657319067
-0.015242899559849855,-0.009845945044798545,2.2993113339177658E-4,0.007852188825017774,0.25859454670632953,0.1833455274856254,3.048993655234635,0.8326998574403301
-0.015259073969664878,-0.009869385875833867,1.9345990879663568E-4,0.00782437992929315,0.2563767198845183,0.15459982036904044,3.027672834574902,0.8494758613734253
-0.015236944169046588,-0.009898010782246286,1.5253212327309048E-4,0.007867903770022255,0.26086013701993865,0.12238006350785983,3.049830926008726,0.8990802944332615
-0.015249235347262795,-0.009443934807536889,8.191107440384718E-4,0.007746777490251505,0.24781798940719504,0.6495527271353067,3.0280214079522625,0.3432420357066119
-0.014858364744893325,-0.011296363895680188,-0.0021336188479029027,0.007996141389335827,0.338803626165153,-1.566625958279839,2.5614743219111986,2.7850303426020075
-0.014886731423840394,-0.01124687259293583,-0.002038665645254293,0.007990009835955035,0.333620092485483,-1.5019678989305982,2.592970258178457,2.704640182999921
-0.014882723069120076,-0.011262286340241656,-0.0020639071516771346,0.007983607873473174,0.33387605360564643,-1.5185293066821837,2.579972426664151,2.721572407934113
-0.014874562121022903,-0.01129252630746947,-0.0021135622960958404,0.007971057374598347,0.33437515881389285,-1.5509504430426067,2.554224725206644,2.754863549063074
-0.014878481030338767,-0.011277414227149856,-0.0020889106413244356,0.007977697158719791,0.33419146483768586,-1.5349211324299115,2.567279955609338,2.73857283368315
-0.014916008835482735,-0.011123406355947801,-0.0018372784618903694,0.008039988120205383,0.3316580973996448,-1.3676795404601478,2.6936844105042614,2.5683617739016955
-0.014919684581834508,-0.011108211695386241,-0.0018122536954680985,0.008045223675110654,0.3312984074094687,-1.3506659564763572,2.7053319850056745,2.5508292546678355
-0.014923457299783026,-0.011092720874642829,-0.0017866877986792709,0.008050336907360968,0.33091842130683663,-1.333214430395306,2.717021657366189,2.5327797215196877
-0.014928300428953234,-0.011134169300716854,-0.0018431540460517829,0.00800920451548688,0.3282203058776632,-1.3691308549368975,2.673604468950209,2.5563250218988394
-0.01492589024052003,-0.01114922066959765,-0.0018667477381203886,0.008001575243308629,0.3282297154617153,-1.3848449072093532,2.660991409556896,2.5713411347813353
-0.014923291589316287,-0.011164910522994004,-0.0018913468175588163,0.007993610781956513,0.32823988631358064,-1.4011670587194403,2.6477793421065976,2.586970219889901
-0.014920087633304475,-0.011180990984323945,-0.0019169329901143832,0.007986240318142214,0.32836438367258736,-1.4181659794165127,2.634506309698631,2.6037091324340422
-0.014906430330989208,-0.01122766997380526,-0.001994571240658625,0.00797154892970339,0.3296718048841185,-1.4701085378694012,2.598266692710894,2.65862732361267
-0.014910924280444118,-0.01121294858600342,-0.0019699561408084184,0.007976028361419953,0.3292236978467891,-1.4536668365311327,2.609726654962689,2.641114940692581
-0.014916113276213887,-0.011197372580223628,-0.0019435282296919067,0.007979811480497775,0.32861148793776124,-1.4358828777705597,2.621356357392591,2.621763935228197
-0.014903449170200004,-0.011242975741416932,-0.002018679293424946,0.00796371562243011,0.32969511948512537,-1.4858249777683579,2.5849853800739804,2.6738510106921556
-0.014940387442091968,-0.011088471640260644,-0.0017675401016148552,0.008022721225613918,0.32690976840521563,-1.3175074956607256,2.707235716691993,2.5021530051365377
-0.014944373669797235,-0.011072050213667169,-0.001740583087456276,0.008027846347861071,0.32648909373878027,-1.299040606394752,2.7192500343221475,2.483010881611683
-0.014819627607094222,-0.011433066061202278,-0.0023587613018749318,0.007932894872550722,0.34055650914998087,-1.7100281850933443,2.4372300316043867,2.931672579320649
-0.0148153295546372,-0.011448252654551634,-0.002383508581567745,0.007924991037298422,0.3406569584397929,-1.72535960720679,2.422716295412362,2.9471234205327987
-0.014796528693931164,-0.011508741342709954,-0.002483240257020946,0.007894637424586152,0.3410922271730295,-1.786783160226307,2.3643936300287365,3.010091895803683
-0.014801289124208509,-0.01149369017251974,-0.002458416718940548,0.0079023124332055,0.34081128414020645,-1.7715986213592958,2.379079812963846,2.9945156868678544
-0.014806159866677089,-0.011478617392788375,-0.0024334009355600084,0.007909648645700538,0.340627554140755,-1.7561760806276967,2.3935913921218313,2.9785606289252784
-0.014810883210534658,-0.011463453896095892,-0.0024083664172097115,0.00791715229611637,0.3406254429956979,-1.7407119005103942,2.4081317283249883,2.962678036982124
-0.014841481924145168,-0.011357203801205263,-0.0022339639747813405,0.0079691180409737,0.33954158623635244,-1.631280962199549,2.507411451138245,2.8512535659864873
-0.01484579003826778,-0.011342098917505114,-0.002209011163420024,0.007975884659732278,0.33925576242544914,-1.6152910716099973,2.52098490900269,2.834835327091192
-0.014850141351414582,-0.011326940832385926,-0.0021839003157716652,0.007982451551449403,0.3390505770317747,-1.5991116631250322,2.5344384257254835,2.8181545369261958
-0.014854352196565793,-0.011311673551414434,-0.002158722658608054,0.007989190582461288,0.33894403401422446,-1.5828578660620953,2.547943825052689,2.801508428283755
-0.01485334261365147,-0.011368626696684094,-0.002238358416167555,0.007937626983032546,0.33547502402739976,-1.6312301763919879,2.4873102908548206,2.8371678854667954
-0.01483559790311736,-0.011429523091256359,-0.0023380906211574333,0.007909060709898441,0.3361667696170794,-1.6941084084110496,2.4316000969495977,2.901531033577237
-0.014840290463295247,-0.011414302844530133,-0.002312986255454294,0.00791601958319073,0.33596812964850903,-1.6783473170971301,2.4455897310138393,2.8852280507250128
-0.014844968615614823,-0.011399072178980051,-0.002287835736838717,0.007922836140231855,0.33573603838092353,-1.662479384186254,2.4594466223927025,2.8687870942600924
-0.014849299696385593,-0.011383799295449524,-0.0022629168182397405,0.007930116656190605,0.3355770966047847,-1.6467536351632361,2.4734131877265875,2.8527771865494382
-0.014760113266848314,-0.011530137799930005,-0.002550147546058282,0.007933397726033976,0.35237046961678864,-1.8331212065998326,2.3600454408096314,3.084327421937878
-0.014775872190082534,-0.011526978911721067,-0.002529031514846196,0.007909847003606996,0.3423798561281955,-1.8200826341353686,2.3529239697129953,3.0576118137828767
-0.014755282782341356,-0.011545084353673888,-0.0025750974935859717,0.007925334244735882,0.3504905728652495,-1.8483884542021458,2.344759177873389,3.099752030084694
-0.014771096712238523,-0.011542022317474728,-0.002553877805661194,0.007901735564917188,0.342860932400364,-1.8350596977131006,2.337771627017539,3.072919761542646
-0.014750405375308931,-0.011560015631407593,-0.002600014856968466,0.007917194843406807,0.34917408613311945,-1.8634924714241883,2.329414921842731,3.1151567628130077
-0.014766222151754924,-0.011557029068399073,-0.002578723432231891,0.00789365299878756,0.3434432353877806,-1.8499203542000535,2.322603400535238,3.0881805481793383
-0.01474548109221175,-0.011574931491672198,-0.002624875434126227,0.007908987501054995,0.34943138597048895,-1.878363303391903,2.3140406054282674,3.130470426814815
-0.01476126671781057,-0.011571979191154684,-0.002603527945198455,0.007885588775257744,0.3437455439668313,-1.864675056962527,2.307409482536075,3.1033640751161315
-0.014791934180250946,-0.011523860432933034,-0.002507924363222107,0.007886439040128238,0.34127512700733487,-1.8017291618811602,2.349417127944477,3.0252126228986707
-0.010828594527293183,-0.014930865148160088,-0.008217961317480192,0.0013810015095353483,0.2569840971462806,0.1070579393079047,-3.3415360395677767,1.1228758927396438
-0.01082326705364617,-0.014946173248771476,-0.008191526428101238,0.0013633955992453462,0.24823465675162182,0.11535277206849458,-3.324998031393745,1.1014147585189438
-0.010813098735826325,-0.01493344407547077,-0.008222264020913642,0.0013551485047638937,0.25645509282408224,0.1282180222497371,-3.3448621072459583,1.1016553795881474
-0.010211097841952519,-0.01508682318923764,-0.008144488801682224,3.380496815428089E-4,0.24974237404557978,0.8912455309969493,-3.253216983896555,0.2636205046922088
-0.010244241107000278,-0.015070692311391298,-0.008170845637556127,3.936073356886599E-4,0.2524453848503066,0.8580436032516296,-3.27538293853842,0.3095292375489171
-0.010227194085301324,-0.015081244538864048,-0.008152958556101354,3.645914680868653E-4,0.25056580314189586,0.8736478670059947,-3.261120558697305,0.28534419094573676
-0.010263222312693,-0.015069241584242046,-0.008170317616302275,4.242848106125732E-4,0.25212844237878157,0.8334056902790191,-3.277525283144137,0.33422877879793705
-0.010332843236791723,-0.01504745073723142,-0.008198493427270262,5.406483154532415E-4,0.2546272577383171,0.752786342167438,-3.3049502075231225,0.42982258507254284
-0.010280029865085269,-0.015067614933390353,-0.008170305786653205,4.5151423700987226E-4,0.2518817955253823,0.8117550989934216,-3.279654887947323,0.35620003897860425
-0.010325180734825648,-0.015059939817412705,-0.008175747196125134,5.254457793476862E-4,0.2519449504512365,0.7554132458674604,-3.288711939048981,0.4162246304013636
-0.010296215238662964,-0.015065811681024858,-0.008170567747824084,4.777913431169458E-4,0.25168885706778527,0.7910092546389912,-3.281821874429759,0.3774295676452199
-0.010311838836049527,-0.015063185013776743,-0.008172378121521792,5.033599348697229E-4,0.2516958564155117,0.7714986622412021,-3.284899579981458,0.3981829246246227
-0.010807698566655465,-0.014948751304408979,-0.008195758088689163,0.0013376097045002496,0.24905023799905665,0.1364130497691485,-3.32809946724834,1.0805529990315568
-0.010797595068132212,-0.014935974281465732,-0.008226485936962825,0.0013292786668933308,0.2558717343557401,0.14944158019444378,-3.348069563910821,1.0804763488831708
-0.010735504747544684,-0.014945607421372955,-0.008242538104139876,0.001225815726287371,0.25944422527155786,0.2345467109142282,-3.3593839181986866,0.9967355024517218
-0.010729731268702448,-0.014960607104378557,-0.008216245958181009,0.0012086198684622415,0.25145068776963414,0.24197900927674112,-3.342250576019833,0.9760497338942465
-0.01079211045758098,-0.014951246561743584,-0.008199976810744731,0.0013118128280092914,0.24994048470436872,0.15749035183638901,-3.331125301094946,1.0597018244395338
-0.010782083680081914,-0.014938455742167744,-0.008230627025063749,0.0013033925346872504,0.255037529962709,0.17072182900662472,-3.351138983410564,1.0593732067185675
-0.010751038364750519,-0.014943272334665861,-0.008238653433191441,0.0012516583986769754,0.2566402854157772,0.21331288656361813,-3.35680018247079,1.0175715715840887
-0.01074532369992187,-0.01495828193031723,-0.008212416611472732,0.0012344513390873258,0.2513803985383399,0.22080992493313253,-3.339711779861831,0.9970935678749466
-0.01076656472721855,-0.01494088843417703,-0.008234684077554707,0.0012775110070141972,0.2548493158283546,0.1920302779669367,-3.354053357498524,1.038404206231705
-0.01076091211884639,-0.014955974144212332,-0.008208381498623333,0.0012602398235717174,0.25134217048832536,0.19968253838005048,-3.336980108571119,1.0180245631769502
-0.010776509917755042,-0.014953648490423722,-0.008204197873439102,0.0012860195414105737,0.25081994350117554,0.1785803234830259,-3.3340933719697197,1.038868682571856
-0.010349149733260435,-0.015047414753714084,-0.008194619196565445,5.668687600129492E-4,0.2539144987626068,0.7304346069634363,-3.304131508148052,0.4508556201570842
-0.010365761348027866,-0.015045579971717786,-0.008194011678174995,5.940090161414554E-4,0.2536508657883358,0.7087477503413103,-3.305481403273015,0.47282998639621693
-0.010381566999106322,-0.015043138171939072,-0.008194612628040075,6.200213022036909E-4,0.25351501383669756,0.6884727632804414,-3.307498011890424,0.49398372048565903
-0.010397042388233446,-0.015041792329026799,-0.008192973106990025,6.45209331906321E-4,0.25310973263990416,0.6679371603540534,-3.307896825455384,0.5143650035645049
-0.010412740906972634,-0.015041648085379741,-0.0081887418631804,6.703918705014939E-4,0.25240881155448097,0.646377542969295,-3.30648974350084,0.534592564552359
-0.010428688897234438,-0.01504115932443588,-0.008184938382602355,6.960382394680218E-4,0.2517758656547942,0.6246787237565511,-3.3053248928304515,0.5552183872995057
-0.010444774009792428,-0.015039973616248892,-0.00818227492638557,7.220873318463066E-4,0.2512895634392162,0.6031696349892198,-3.304875611255546,0.5762462469979363
-0.010460756053069469,-0.015038143222820113,-0.008180718833410065,7.481612386928449E-4,0.2509338904033158,0.5821289776881281,-3.3051042326722864,0.597371845176423
-0.010708169842225236,-0.014978409059459732,-0.008193369433225205,0.0011654829046026346,0.25104840090286906,0.26426279434126226,-3.3253991734023702,0.9405302526449387
-0.01072390551972386,-0.01497605568025287,-0.008189813495702537,0.0011914255366226153,0.2506379007112339,0.2431025222002852,-3.3231426113063107,0.9615752492808524
-0.010692419755911772,-0.014980547895675975,-0.008197163422659361,0.0011396022593238777,0.2514630479091217,0.28552007681548747,-3.327754942580843,0.9195451936798228
-0.010645701739272621,-0.014986533503327197,-0.008208045625603622,0.001062845473171158,0.2531226174837715,0.34868351301363715,-3.3340969637545506,0.8572781358819014
-0.010661187103384887,-0.014984492315488339,-0.00820472505824552,0.0010883421163537588,0.2525243751873794,0.3277829548464845,-3.3322598579998974,0.8779735781165664
-0.010676748145599555,-0.0149825298020461,-0.008201040975184398,0.0011138947686535892,0.2519549292027216,0.3067274804522708,-3.330105648612974,0.8987019977236147
-0.010497848197322107,-0.015017945327162182,-0.00820752900836697,8.143002781769861E-4,0.2537585174055356,0.5413513596372953,-3.326234963992277,0.6530849485428027
-0.010513313698801104,-0.015016581473184404,-0.008204600408004747,8.395251592271678E-4,0.25324550559791176,0.5204902017624077,-3.3252832413409834,0.673499294247445
-0.01047641775225433,-0.015035723136950898,-0.008180235910047516,7.739170171812358E-4,0.25071176925614286,0.5618049827047223,-3.3059760787694468,0.6183193272835287
-0.010491496583730985,-0.015033106794666183,-0.008180158406417145,7.988193617399767E-4,0.2505500361856559,0.5423361707457824,-3.3070215213480796,0.6386158128449985
-0.010528974911751131,-0.015015403988092806,-0.008201061340578226,8.649688597582575E-4,0.2526790530966223,0.4992546142974103,-3.323858126389155,0.6940490634417515
-0.010544920521565521,-0.015014202195608341,-0.00819728402925854,8.908432936871113E-4,0.2520595764807505,0.47762609241151704,-3.3222138768820826,0.7149396496192161
-0.010561072217759261,-0.015012723541245526,-0.008193782216000473,9.171242698156871E-4,0.2514984005750937,0.4558359161207841,-3.320700534964089,0.7361877528064723
-0.010577182478014735,-0.01501089817903372,-0.008190784400873221,9.434539955056083E-4,0.2510085113760021,0.4342474784841695,-3.319462150328707,0.7575247319590283
-0.010593116864427037,-0.015008915380750788,-0.008187978691348014,9.695501315894038E-4,0.25055652594676364,0.4129538114490254,-3.31828016647774,0.7786961332185026
-0.010608885937135265,-0.01500678854293585,-0.008185339096143253,9.954289581093352E-4,0.250135040453906,0.39193181080229184,-3.317139773627915,0.7997119822952145
-0.010624470234349077,-0.015004473600445706,-0.008182964056639784,0.0010210837255223793,0.24975598877335556,0.37122446165309,-3.316110121504725,0.8205735605641494
-0.010639835892445904,-0.015002041662911013,-0.008180736121845765,0.0010464340266561724,0.2494107941012136,0.35084565153735475,-3.315111241925823,0.8412046443473208
-0.0152402992747789,-0.009323272331641092,9.946076714472411E-4,0.007715128341537769,0.24638531962572882,0.7890778912649967,3.013901726098671,0.20106673913364834
-0.015250656802493129,-0.009369786426245592,9.243986239027036E-4,0.0077159273034691,0.24567446720832994,0.7328308359306818,3.012364416405137,0.25339064159175556
-0.015231426422989691,-0.009277468024279605,0.0010631810816830439,0.007710542318572871,0.24662537803491388,0.8439351483679821,3.012485230404423,0.14876334402833602
-0.015247213020276535,-0.00923598888222645,0.0011136729410336779,0.00766270499790376,0.24322072814463444,0.8825382017930917,2.982085543530392,0.09452843867276124
-0.015268033776379442,-0.009298857953486242,0.0010166910192058846,0.007654783526523918,0.2416448866186569,0.8045856615551215,2.9753722831496283,0.16297850026983637
-0.015266460248680593,-0.009198308515910036,0.001156072382963216,0.0076101682910745955,0.23972275981769406,0.9142710509231214,2.9483046634658887,0.04519467117214993
-0.015275995838670986,-0.009410884005073322,8.563702094116873E-4,0.007686291421590405,0.24302750189011732,0.6776789145759686,2.990941762346712,0.293030716438579
-0.015262495582542035,-0.009128228046034826,0.0012531946839793998,0.007580628051316104,0.23888897221481087,0.9905667864371273,2.9290763217400158,-0.03533174642704803
-0.015275816480264487,-0.008831549962851454,0.0016293183571838774,0.007374914589160645,0.23216442805189222,1.2777295692554829,2.7829503583064885,-0.36747159400497115
-0.015267610621778779,-0.00893686662695934,0.0015019204487814286,0.007458685956895169,0.23482518773514865,1.1821031628969818,2.843825972384577,-0.2526205329395328
-0.015279683050427133,-0.008894358838579228,0.0015481529745003718,0.00741087472193133,0.23251079284031656,1.215795432321327,2.810533630871041,-0.2999373450266342
-0.015285550798817363,-0.009087956225077642,0.0012943186655106989,0.007518687521205661,0.23485916002134635,1.0202931331084766,2.8881476414489904,-0.08569256789619838
-0.015301729419023769,-0.009050235794521421,0.0013346905623293321,0.007469792875164997,0.23191358621399288,1.0498466778838433,2.8557170249300237,-0.13045441605606486
-0.015292518794521481,-0.009016156192834551,0.0013843158252454526,0.007465580637088322,0.2327143956937708,1.088993781261528,2.851839852943101,-0.1671800367345406
-0.015281229291281942,-0.008973667751867231,0.001446052509094048,0.007458933812656376,0.2335605752555021,1.1376656539637808,2.845784489481943,-0.21309960335853503
-0.01529038594678339,-0.00915833064225785,0.0011980059727135439,0.007548095637680261,0.23555107498202724,0.9449940296941525,2.908101522864891,-0.006432757938013176
-0.015273786874537558,-0.008730695164815973,0.0017539696536347257,0.007306180101321474,0.23154526927798438,1.3709108315991545,2.7300286202953714,-0.4732384974631456
-0.01525644845175258,-0.008627125132080535,0.0018900221093207557,0.007254587739723533,0.23275713961693453,1.473668673950332,2.6855525102323474,-0.5801025799783582
-0.015297415055306376,-0.008678978523043383,0.0017977431868994589,0.0072300034528535615,0.2280238693148318,1.399238127354755,2.6765508327284717,-0.5242232870741911
-0.01530662530961848,-0.008778159086938886,0.0016731310578019306,0.007287619175769603,0.22785909066989787,1.3057894238577334,2.722968468211647,-0.422949085053092
-0.014974238411679098,-0.007371287454979624,0.0033324649153373483,0.006312442863817478,0.2782321636115804,2.3983143852514037,1.8137286323485502,-1.6068194912410338
-0.014972742953008699,-0.007278924004160167,0.003389872918500557,0.006199987962184198,0.27927714136214016,2.4095104744638776,1.7254269444247854,-1.6413048706031443
-0.015043762041514051,-0.007439340198489429,0.0032047614660828255,0.0063216653083632115,0.26737685242567927,2.3112142580665185,1.8503920654862256,-1.5378635222282855
-0.015080317629750395,-0.007572214888642224,0.0030709778490470943,0.006437850122098555,0.2604666131981199,2.2424259957120025,1.957901788075107,-1.4560914891920076
-0.015103361181476262,-0.007494600889181468,0.0030980949081283495,0.006322308033767081,0.25855043748923673,2.2365755331061545,1.8752891901893103,-1.4801122607972133
-0.015298536971819498,-0.008565765479731056,0.0019269265731996826,0.007140387165739614,0.22772912318303576,1.4922694862960049,2.6062869558084505,-0.6347511248790189
-0.015103042852715473,-0.008063132624782653,0.0026358707862922377,0.006957522362092425,0.25264242629427397,2.016574920971177,2.393112773778817,-1.130165209065858
-0.015139628352191313,-0.008109203868271618,0.0025532792304174285,0.006954899227175781,0.24745294954573072,1.9530045216327914,2.4042295697712883,-1.0794991368048448
-0.015123884498223501,-0.008006964808702369,0.0026665444925528096,0.006869509932927779,0.2503696844652723,2.0259700297256953,2.3276156785507287,-1.1647353563032097
-0.015141624574641669,-0.007946342775818736,0.002702548366996647,0.006781358146580292,0.24844444674926838,2.0386136310527303,2.26149092316388,-1.2010656943575124
-0.015334946037711558,-0.008502826201646465,0.0019671741524669366,0.007034676111029907,0.22249133487100017,1.513156759657382,2.533058927498361,-0.6871138278739387
-0.015166897693103342,-0.008158692311469398,0.002477216602474759,0.006966946905433649,0.24385196623747082,1.8965801227248409,2.423932032252188,-1.0296834882509402
-0.015196736645672181,-0.008221501702994457,0.002385189963193538,0.006986463396955448,0.23957501239162163,1.8289132411965756,2.4504074390883033,-0.9679211277354066
-0.015238647090441766,-0.008259209885544638,0.002307199457873836,0.006962578516745831,0.23436281097235143,1.766132160358121,2.4450202640642327,-0.9233523487959362
-0.015249238443966917,-0.008378003559591696,0.0021741830576109847,0.007055786040944139,0.2327241999726686,1.6748099605740554,2.5241016033325363,-0.8175906856803182
-0.01526427986381219,-0.008432635985031573,0.0021023927745973444,0.007081364723496519,0.2310935831029368,1.6225463042650425,2.549227590744197,-0.76518592579539
-0.015312141725069157,-0.00846111195344185,0.0020309941037132246,0.007034297247241118,0.22546780757347412,1.562406184885542,2.5262111851217095,-0.7291873574778418
-0.01528850986424664,-0.008308043233802267,0.002211920129883277,0.006936115760900723,0.22864344976891762,1.690223172956571,2.4395592244912323,-0.8682759108506299
-0.015106785948204348,-0.007780482398296828,0.0028817838259977487,0.006644161476582589,0.2547422166575611,2.1472027235679776,2.1353756836888294,-1.326674462770448
-0.015100758131113085,-0.0077104047359255225,0.002944326576241977,0.006572629365871496,0.25595846694473806,2.1791431156120855,2.0747539790166507,-1.3713668945612685
-0.015128969246675771,-0.007631015796012723,0.0029725693943497837,0.006449684722055141,0.25335732746467055,2.1746927483905822,1.9870945848360508,-1.4001045814950042
-0.015155826953163207,-0.007881622421064929,0.002743699698584689,0.006693665200841144,0.2471558700066335,2.054287801697274,2.194882867051916,-1.2388698964979161
-0.01516839661384649,-0.007814125384981514,0.002786554661998949,0.006605113013297677,0.24612344315092435,2.0702557101632615,2.1275933175505117,-1.276218877585408
-0.014953455814323599,-0.00712413013487156,0.0034979805429183053,0.006026505181095216,0.28363022213916556,2.435647325797635,1.585508725066365,-1.698408005435514
-0.01497414875818115,-0.0071988196774888215,0.003433117435443105,0.0060996985354158885,0.28007927813844086,2.4123922212623907,1.6491990742212053,-1.665671910994886
-0.01488481509815046,-0.006835766460004592,0.003712744732825183,0.005722836804392479,0.2968809134365172,2.485270627212224,1.3355016622154694,-1.7928745629795597
-0.014948687282132975,-0.0069936537810473265,0.003566777044740303,0.005868505622074911,0.28649103903328466,2.4359160581504202,1.4665381178691186,-1.7300323904051373
-0.014950848494462364,-0.006908572258906256,0.0036011247605669226,0.005761359974917008,0.2864659992256183,2.4278130474713624,1.390918363961348,-1.7431479581444145
-0.015005526919057741,-0.007060180613068516,0.0034656908445873133,0.005901158554586567,0.2770644951524714,2.3801977573808455,1.5144237972189398,-1.6818948540571714
-0.014938061877908658,-0.006725229775912815,0.003687116907494998,0.005545690199401275,0.28856796389855216,2.4133678518180908,1.2382426207415198,-1.7701355361235824
-0.01470144511577317,-0.006217188530349783,0.0041073135141786185,0.005059260440124231,0.32062808303310236,2.485836217233247,0.8374197742016064,-1.8870759573260039
-0.014781676908882258,-0.006311669281362668,0.003991407413428744,0.005134755218575932,0.3108001682662011,2.4520269654761684,0.9141577607996954,-1.8537181036824137
-0.014716742163911712,-0.006060044666051152,0.004110122911729335,0.004859055579986484,0.3156129645128863,2.413270558373345,0.7359364334020514,-1.8562260535125528
-0.01468749769521994,-0.005889203993789282,0.004161550272816835,0.004666372979465496,0.31528575146462595,2.3664837047997036,0.6273793249738563,-1.8393819599669456
-0.014559827890310045,-0.0055809118997595135,0.00432147894064023,0.00434645035155195,0.32304256243468993,2.3162518956517886,0.43389465927505994,-1.8255891315780806
-0.01463519415622254,-0.005726122739193614,0.004231850583691609,0.004492868697255342,0.3179870812156956,2.333337719855997,0.5258639133296908,-1.8285824777274884
-0.014633144729209159,-0.005446848642238138,0.004237710115475486,0.00417571168806269,0.30761808150160147,2.2153563041265856,0.3947978818472332,-1.7636877479463458
-0.014860648000045822,-0.006521407282431621,0.0038454189669400725,0.005347286263065168,0.30049365461162,2.4429501670610594,1.0760712599530473,-1.8208464180711323
-0.014899869282296275,-0.006354359026402703,0.003839039049738232,0.0051209044775350765,0.2931909804155212,2.3642808914982605,0.9558856492658324,-1.7927724835066174
-0.014978154782822611,-0.00659605356552814,0.00368103884767975,0.005361419959510671,0.28311106781385836,2.354017740732116,1.1343528162860645,-1.7531315529280291
-0.014624753060599963,-0.00528987010582967,0.0042440601293493516,0.004005703831409388,0.30147178343280606,2.1542996910606953,0.32986013876713965,-1.7287358931224153
-0.009756356942771794,-0.015106810733780576,-0.008099211100376367,-3.8619588122882384E-4,0.25158767441078517,1.4576714504327624,-3.132416772256388,-0.3111716329661358
-0.009775407051897701,-0.015107660298597728,-0.008100710966715429,-3.55997111473143E-4,0.25142234513909845,1.4336056629308607,-3.1383086036608496,-0.28761788016486517
-0.010081513825730129,-0.015094429807392935,-0.008142633068355701,1.3037733970362934E-4,0.25152535343993954,1.0569056508525956,-3.2314423380876733,0.09731519429638856
-0.01006507630951998,-0.015096513939670084,-0.008139356788743198,1.0402862791696956E-4,0.2514246892449022,1.0767405348823678,-3.226374070590842,0.07617884223323705
-0.010034299366791365,-0.015089569033947417,-0.008154002064472423,5.5042879101577814E-5,0.25376117958504674,1.1226602581806941,-3.2303189708818834,0.03767525915873802
-0.010048063401335095,-0.015101823904288901,-0.0081295906164558,7.670162884269924E-5,0.2504149230251767,1.0945728718533667,-3.216886088871752,0.054070268375425494
-0.010016794559350865,-0.015098345579852901,-0.008137045103148737,2.6917243531646655E-5,0.2518925570166371,1.138012198350873,-3.215874104334263,0.014747011760705841
-0.009996953388292262,-0.015105016818045441,-0.00812402503181605,-4.71689734974024E-6,0.2505638857990355,1.157929750533652,-3.2035479879010196,-0.010748352484824164
-0.00983245256352751,-0.01510908887022306,-0.00810586104993159,-2.656353369092801E-4,0.2510665053723011,1.362043662783863,-3.155784335593697,-0.21691435374522758
-0.009815235307681074,-0.015109982341777404,-0.008101960653327587,-2.9275100618767467E-4,0.2508755073138141,1.382439049566939,-3.149119159889167,-0.23820410390888727
-0.009795569861900976,-0.015109382105230301,-0.008100415515087384,-3.2390301470835205E-4,0.2510377954484549,1.4071961163554547,-3.1432559686439685,-0.26256361060321437
-0.0099384278275824,-0.015100708326608744,-0.00813100253977417,-9.80167974428394E-5,0.2524728891670871,1.2366571884742343,-3.196049058743497,-0.08440731025252733
-0.00991574533989328,-0.015110938758766353,-0.008109769148391245,-1.3352415614363585E-4,0.25006292376123374,1.2561645605837064,-3.177443425542702,-0.11301794684825126
-0.0098528691049317,-0.015109408135348402,-0.008107527174969863,-2.332829409207154E-4,0.2509176592129035,1.3363689493313744,-3.1617119175201522,-0.19150949471997292
-0.009841576613306454,-0.015125233266809307,-0.008075478122935815,-2.4937722666356764E-4,0.2470589705368384,1.3352935115212967,-3.1387556137153783,-0.20473209849352295
-0.00989446497365727,-0.015109321126316582,-0.00811146920597816,-1.6737629197297323E-4,0.25064905597970005,1.2844707598137173,-3.173809381957957,-0.1396692062646189
-0.009873938353898423,-0.015110084804486772,-0.008108266311021241,-1.9984978007972008E-4,0.2506124210747161,1.3094687386376869,-3.1670971421950083,-0.16526102554718622
-0.009976146767252201,-0.01511006493034292,-0.008113907131253586,-3.77241854360084E-5,0.24972096295546045,1.1802395259420175,-3.1928219452388613,-0.03720644519560796
-0.00995436522655396,-0.015116808935182642,-0.008100161683724787,-7.206644578724635E-5,0.24826494658260048,1.2020666775231215,-3.1794663790480655,-0.06476607345056783
-0.01009801504132452,-0.015094114675571967,-0.00814224799270436,1.5674990261678145E-4,0.25123489944903304,1.0355170620197727,-3.23404567915224,0.11833838499887382
-0.010164596549062621,-0.015083132781385615,-0.008157779956787447,2.642174021509315E-4,0.2521132633525885,0.9559059748493933,-3.2551787044600076,0.20493527677364878
-0.010148555554934666,-0.015088404920029538,-0.008149173537779338,2.3798393198264553E-4,0.25127630288564556,0.9732596464096389,-3.246946959500146,0.18354948263236492
-0.01011487408528596,-0.01509339555432016,-0.008142435246647555,1.8372217137713166E-4,0.2509825738897762,1.0139194570151693,-3.2370147632293382,0.13988172926513956
-0.01013177647244919,-0.01509145964297184,-0.008144802872137008,2.10877854472724E-4,0.2509973902905261,0.993131600762503,-3.2413605102312633,0.1616805892254085
-0.010194259798043004,-0.015090972683588267,-0.008138735237605802,3.1062438232865546E-4,0.24932120805757438,0.9107134416149324,-3.246966559292383,0.24133752395802552
-0.010177281613905341,-0.015096184442704098,-0.008130724383598922,2.8292307876375775E-4,0.2485209856336383,0.9294741906588911,-3.2391280062190666,0.2187560561982608
-0.009746685533959196,-0.015126579125427307,-0.008059109895023536,-3.9791849402505457E-4,0.24660869794443593,1.4491694280035354,-3.1048297851186795,-0.3207905834488318
-0.009355789278940287,-0.01513275274770498,-0.007926624010683907,-9.941639106806222E-4,0.2356679263951724,1.87710640074481,-2.9031223049122192,-0.7739303924541362
-0.009228560010564296,-0.015127419700962045,-0.007875797530454594,-0.0011840901834406171,0.230521302261896,2.008841308750536,-2.825739645898732,-0.9127938551697282
-0.009202712584534733,-0.015141426834368069,-0.007836460994145077,-0.0012141791170710706,0.22579059129963347,2.0146776567412643,-2.793907499626824,-0.9335282327324952
-0.009325516753544935,-0.01513687803657997,-0.007905406384906812,-0.0010372225881594072,0.23318336689138333,1.9024575785789277,-2.8799266127485286,-0.805461118114689
-0.00925725231948823,-0.015127926014869715,-0.00788946215405084,-0.0011419389367975212,0.2320290417662701,1.9807778787559036,-2.8447050987449987,-0.8823067395848396
-0.009290556572588133,-0.015135601160450082,-0.007891479489728563,-0.0010893363228394982,0.23182636705633072,1.9385972338839175,-2.8588573736403244,-0.8436321959415131
-0.009489867634156426,-0.015137389705726501,-0.007970565936801953,-7.909033955862347E-4,0.2394371664037638,1.7306964256476711,-2.9753338507968192,-0.6220010228363891
-0.009552006880230312,-0.015129719030960668,-0.008005633257650527,-6.987017771393898E-4,0.2429654061343717,1.6712464845292605,-3.0161180531465086,-0.5523092851974158
-0.009533864072936604,-0.015135868033257139,-0.007988185656942412,-7.245093863755657E-4,0.24108779477949158,1.6843761421775418,-2.999987337932111,-0.5718554923215732
-0.009512149049856767,-0.015138506921867268,-0.007976058961065928,-7.567056192797282E-4,0.23975515319993004,1.7051936262486829,-2.985831947495527,-0.5961988485675657
-0.00937296358832287,-0.015153236749860721,-0.007895664307620525,-9.598979324022128E-4,0.23131946783230256,1.8346174666078148,-2.8918854638961013,-0.7478394600820787
-0.00940034459075867,-0.015157081593529128,-0.00789977486778663,-9.177527726581726E-4,0.23153345527939126,1.8020489228254388,-2.9039291407433514,-0.7165178321780139
-0.00942712004946211,-0.015144248049559867,-0.007934448045590963,-8.829237627628928E-4,0.2356583410073774,1.7895311590942382,-2.9331345281457,-0.690917968620172
-0.00945180160888233,-0.015155262405085919,-0.007923099704621031,-8.418004434895412E-4,0.23377696337610643,1.7506504522712742,-2.9349909466609554,-0.6599331514708072
-0.009477150513764278,-0.015161363408728616,-0.007920809257522225,-8.016441798765979E-4,0.23316920933675236,1.7167626901770332,-2.942067315471721,-0.6297172318879035
-0.008753109883908672,-0.015147431363735782,-0.007530254525498422,-0.0018216659539020512,0.1889523041203045,2.356892852838353,-2.434746433513982,-1.3432746353034621
-0.008794803408533669,-0.015160441065961322,-0.007540141314981846,-0.001758517414487425,0.19037512463551404,2.3115515016475974,-2.4608025619573115,-1.3012081056258842
-0.009168187645095848,-0.01514045248672944,-0.007819576237168835,-0.001264259771727287,0.2237587575492476,2.047519236070333,-2.770625218690222,-0.969280832151271
-0.009141700952256405,-0.01513540875504873,-0.007813938726849892,-0.0013048739343566884,0.22339080794202806,2.077959367084747,-2.756449621267565,-0.9984294368927971
-0.009116650207609758,-0.01514338113412917,-0.00778508195788532,-0.0013358140298655311,0.21986407630382507,2.089412173831627,-2.730635500718488,-1.0196102564534675
-0.009053558131979906,-0.015141084580658071,-0.007751386562114514,-0.0014256163503489686,0.21593372953862983,2.146278647208252,-2.685565312958549,-1.0823621414715463
-0.009082970277451025,-0.015149622098770715,-0.007753974571737718,-0.0013794255976933133,0.21614482941170785,2.1100016803896717,-2.699956262220702,-1.0495294252537608
-0.008836645522471806,-0.015149611880850442,-0.007589611182515811,-0.0017124301916625543,0.19644062897064904,2.2987291561071497,-2.5043256746851443,-1.2731767417051427
-0.009023622749718418,-0.015153344709198662,-0.007710832084121439,-0.0014593414278655863,0.21107994596664698,2.154028717739178,-2.651653352250729,-1.1043192976098004
-0.008982386400523864,-0.015152085362035498,-0.007686544313867289,-0.0015165083047668628,0.20808701032663277,2.188499958123451,-2.620691885806927,-1.1433531915093769
-0.008926732145665951,-0.015142022699034044,-0.007666811212064466,-0.0015985191276723105,0.20580024292609364,2.2451007507155523,-2.584692673198749,-1.1996429786727953
-0.008951996674542832,-0.015156669450622736,-0.007658355626657442,-0.0015545979170972432,0.20453889825567678,2.2055611199785283,-2.5927782340577865,-1.1683796543750717
-0.008873891837333059,-0.015157520237115148,-0.007602938413658931,-0.0016579320713513452,0.19804952552485633,2.2615786938073854,-2.5289608331595885,-1.2365929489600054
-0.008903722927922766,-0.015160469343248224,-0.007618808026368613,-0.0016164676200949627,0.20033733769219803,2.2360373404857117,-2.5509156487716202,-1.208933564732492
-0.008723648613657552,-0.015177406551729044,-0.007457357332328462,-0.0018354087868164102,0.18025816890252047,2.3321349239530167,-2.388161192424769,-1.3466396170106707
-0.009658717727517174,-0.015115981136329245,-0.008061315866181645,-5.374604183559889E-4,0.24842713718382,1.5644740880398418,-3.0820073018631438,-0.4287335230668909
-0.009725351563588922,-0.015125721774467455,-0.008056824928169748,-4.313981025864101E-4,0.24666745363433454,1.4755044131230795,-3.097769204171214,-0.34677472322398556
-0.009677537659347769,-0.015126471972982614,-0.008045398349604964,-5.057305623856929E-4,0.24599534830532122,1.5311698165090757,-3.077592061642655,-0.4043269520538964
-0.009701029379711554,-0.015133011690872476,-0.008037872490164575,-4.678120681326979E-4,0.2446208012725748,1.496746869927667,-3.079480857651486,-0.3751073265235471
-0.00963625250766736,-0.015126753198395385,-0.008034999056830682,-5.697199450988318E-4,0.2453291905369692,1.5789163668111426,-3.0593861287443755,-0.4536988756679895
-0.009571413360349864,-0.015135663693166502,-0.008000126360009192,-6.671717506838618E-4,0.24195984282854885,1.6428170353839529,-3.018873886082439,-0.5282351501357613
-0.009593821517304939,-0.015143632681396808,-0.007991341326762805,-6.305684871021713E-4,0.24035488925045792,1.608842174502129,-3.020440065461542,-0.5002948313927041
-0.009617962360954814,-0.015144488110490809,-0.00799625750489261,-5.933331072256713E-4,0.24083271250251365,1.5806409485571218,-3.0305536397711323,-0.4718494193152855
-0.008058578837930484,-0.015052520723556168,-0.007021910277841606,-0.00269400891328905,0.12005978684630005,2.766179663366803,-1.8268526525479014,-1.8321089060200346
-0.008008878512607823,-0.015052080055466023,-0.006968155369434897,-0.0027419245500619233,0.11300283352073824,2.7729547165847603,-1.778415283653782,-1.8512345659670773
-0.007956197912388465,-0.015046215102712734,-0.006917717824316672,-0.0027973158519834823,0.10618803929047664,2.786429976997805,-1.72855313359915,-1.8744412832971131
-0.007908358738900747,-0.015045227775822068,-0.006865328687864507,-0.002841593985699769,0.09911939023327893,2.790433732329447,-1.6825612042735991,-1.8902274385835178
-0.00786861813941856,-0.015016825427966538,-0.006857304432375445,-0.002909033008852001,0.0969597342283247,2.8337618556656383,-1.6487980748901523,-1.9259283321014486
-0.007814330219358259,-0.014987398381901345,-0.006832197174145986,-0.0029900978873950122,0.09163619521561496,2.8773272926138413,-1.5997922150387398,-1.9656482407350317
-0.007751257831333999,-0.01498887670378994,-0.006755744622755072,-0.003040947162601396,0.08202096270480329,2.8720113585240536,-1.5385335493134191,-1.978781619593408
-0.007632418232665016,-0.014974837503429867,-0.006630175354735519,-0.0031511967000580746,0.06501039080410285,2.8797493755310355,-1.4261177615928922,-2.011788516136747
-0.007687726383006057,-0.014991414023098943,-0.006676900182575794,-0.0030887217416698943,0.07252258094975388,2.8625802986120976,-1.4777538449492327,-1.9888793364202042
-0.007577621648426803,-0.015001789897146258,-0.0065325593881314075,-0.0031591780507016216,0.055677417775473144,2.8337639372175327,-1.3758529346628936,-1.9965998113940606
-0.0075052963037057045,-0.015011945160395404,-0.006434013736876268,-0.0031979087018249902,0.04468047590772229,2.8076839441016475,-1.3117409718475848,-1.995706887358186
-0.007414023920853991,-0.014990038796041785,-0.006347034703763932,-0.00328523606113644,0.03354218840027584,2.8184355215038965,-1.2310730102982044,-2.01966428630337
-0.007449918075611933,-0.015020137282242666,-0.0063583727868648824,-0.0032253561360073408,0.03668956767702766,2.786686506805011,-1.2641626120820144,-1.9936429355074163
-0.007359130218501374,-0.014987947455988805,-0.006282070768210134,-0.0033223179837088396,0.02587990250065909,2.8078351584610073,-1.184148135177037,-2.0231933388768595
-0.007217162395346265,-0.014964945966594395,-0.006129954216193024,-0.003433571700112475,0.007502134927967496,2.7973608379364765,-1.0643586473177822,-2.0399436936004887
-0.00728968245008008,-0.014979998709000063,-0.006204822108240617,-0.0033738067391312003,0.016796104202309172,2.7997138343065004,-1.1254913469251384,-2.0299035533731336
-0.008085234402852696,-0.015098184606636603,-0.0069867182013317805,-0.0026192620093338404,0.11776170399971063,2.6937156832872753,-1.8395371941644616,-1.7835924234631941
-0.00837468829505685,-0.01512116975589655,-0.007244330176197702,-0.0022953830814006946,0.15199132074099417,2.583190777053581,-2.1061841737297318,-1.622876450539694
-0.008259957789223745,-0.01506899134419339,-0.007210278181051814,-0.002471623992652433,0.14536111776337937,2.6992530236071888,-2.0190600548102817,-1.727217955375235
-0.008201758874525799,-0.015081321389993355,-0.0071324472364105935,-0.002520195988714786,0.13580152754491517,2.6955245876358696,-1.9574333632853185,-1.7460586955130906
-0.008328207634292184,-0.015119558509526815,-0.007202143835140029,-0.002347910443385307,0.14658180647750954,2.6018422173284197,-2.0630716138732317,-1.650372395415803
-0.008285436745602592,-0.015112281779340925,-0.007171198677995101,-0.00240107413112331,0.14192088979096257,2.6263280436345044,-2.0256705779143975,-1.6791300425532207
-0.008119261450089812,-0.015129459021771579,-0.006978505144780799,-0.0025535407483982847,0.11808948995646192,2.6420796391223136,-1.8619548663896393,-1.7442769146181292
-0.00816752154477235,-0.015123223063669144,-0.00703683606624475,-0.002512082972404368,0.12548178494358028,2.640666557122447,-1.9095132368546877,-1.7279108558710268
-0.008674471210464635,-0.015161532044855925,-0.007444516256553763,-0.0019088332971024782,0.17841730885009102,2.3835941145381905,-2.356598152195424,-1.3945176003938227
-0.008594533677187174,-0.015152181318491156,-0.0073935432778667485,-0.0020137027030531214,0.17180338151805827,2.4405399310730176,-2.2917517963080987,-1.4588794678802615
-0.00862946362316477,-0.015171211578806604,-0.0073919792318790575,-0.0019557972421523923,0.17198794293573194,2.394654821522438,-2.310770368762782,-1.420760139399226
-0.00856270771512153,-0.01517399951838607,-0.0073315291513596035,-0.0020329274616506156,0.1646730030394606,2.425114651240791,-2.2500288353971087,-1.4655213557771953
-0.008396959385639296,-0.015164547245254451,-0.007199025813106947,-0.0022301219312172546,0.1476382512941258,2.511117849220699,-2.105552685240266,-1.577096606477436
-0.00843784553176207,-0.015155316190437057,-0.0072506576186361,-0.0021930576289473174,0.15390215153597853,2.508281312718613,-2.147735679055627,-1.5594168524291023
-0.008523146719746562,-0.015169057592161805,-0.007305281304035411,-0.002083380178227187,0.16097178715572927,2.45127553067648,-2.217528277423955,-1.4955684135245064
-0.008477782764912447,-0.015167945088270766,-0.007267060467828696,-0.0021365042739072445,0.15609535494259766,2.473227773388555,-2.1772561545463915,-1.5255017316042954
-0.006835167896320131,-0.014878662579995827,-0.005725286602395193,-0.003719671727335689,-0.039193705962779386,2.7510654443563634,-0.7605878816988495,-2.0605922734977384
-0.006915343854427752,-0.014879681414588493,-0.005826031133191781,-0.003686384880297661,-0.029499088253512655,2.784975745670234,-0.8164916910723561,-2.0726524737100163
-0.007063777141850425,-0.014938508819462676,-0.005963327056699024,-0.0035456426578263536,-0.011472321917093527,2.7772345055909127,-0.940133064553816,-2.0494440739146653
-0.006980051755800261,-0.014923263287332393,-0.0058716410338139555,-0.003603575655190722,-0.022072018222237203,2.7628195120499623,-0.8748219971294325,-2.0510813030945383
-0.007084478114760038,-0.015016669288548723,-0.00591933010459328,-0.0034393584010513566,-0.009691798450959703,2.694781977219906,-0.9730516634417335,-1.994541480651811
-0.007160457062903473,-0.01503029596975973,-0.005998852062895291,-0.003384082125070128,1.1760652517756662E-4,2.7024254399695073,-1.0323218788720219,-1.9887292362137037
-0.005323465828389419,-0.014409123808303956,-0.004083068235327238,-0.004482853570591037,-0.1598607142244782,2.273070915138503,0.08588535207321249,-1.8174910328916813
-0.005480081484131241,-0.014562791081471618,-0.004228685241269451,-0.00431570626061445,-0.1459235811117838,2.28951589502203,-0.02401590263301928,-1.8279966832315442
-0.005596283961302388,-0.014663361414489366,-0.00433347324129772,-0.004201526742200188,-0.13533807106044854,2.300569547101837,-0.10127436775884577,-1.8331659348616895
-0.004594196813084479,-0.014169901651970476,-0.00332070631365331,-0.004648527342483297,-0.17199838855533758,1.9777079870636756,0.2847109679872432,-1.6179723142177587
-0.00477471852702502,-0.014260074559494695,-0.00350345942971806,-0.004584305151111528,-0.1677522800926899,2.044288176617633,0.23066103172933233,-1.6634442329392634
-0.004904527918407431,-0.014444607499760393,-0.0036242838384451556,-0.0044088520205909365,-0.15778005920149327,2.0559409184567703,0.13290051389703209,-1.6746145946140145
-0.0051253843924819725,-0.014549104492786707,-0.0038423640719264895,-0.00431640733528867,-0.14994861387384492,2.1254591118715456,0.05335958841108699,-1.720460274647518
-0.006634046009035718,-0.014826873007559497,-0.005508560772032268,-0.0038542171774827156,-0.06202614381382968,2.7104615337299447,-0.6140617551099502,-2.0538939898387905
-0.006733005532461501,-0.014862544102315793,-0.005608493647784814,-0.003777061101833804,-0.04973202316617408,2.721894445535767,-0.688775629926758,-2.051927927790335
-0.006537087259115082,-0.014885427941700242,-0.005349227367229836,-0.0038094000906541137,-0.06757283139320101,2.6103912218284306,-0.5815401743104468,-1.9957787655133579
-0.006429642697705355,-0.014921022379885233,-0.005196903875152817,-0.0037946433085954143,-0.07608477287088918,2.531231131968304,-0.5358083911986902,-1.9528823711932162
-0.005729951731901475,-0.01467966790033843,-0.004481342119426514,-0.004178612060992687,-0.13066100154006374,2.35819843230883,-0.14676230311991526,-1.8694718954557155
-0.005885352514787986,-0.014743713981152913,-0.004638733889552211,-0.004094083022293165,-0.12016843454537811,2.3985628518347784,-0.2276990607318586,-1.8918118487422209
-0.006021155102400918,-0.014738950199114734,-0.0048010925873697725,-0.00408638542904326,-0.11220586241654477,2.4708680225524877,-0.2759108545362637,-1.9341253955595241
-0.006149717833936707,-0.01482173593173206,-0.004916460587141929,-0.0039702829312446295,-0.10184958369727541,2.4769871872256624,-0.36380954849738717,-1.9342607278812063
-0.006307086838007477,-0.014878888569889632,-0.005074739565992407,-0.0038729257077755063,-0.08667737779009828,2.51027472116802,-0.45961787746917526,-1.946673514028345
-0.00636002404684261,-0.015002574997306067,-0.005066698899058129,-0.003715833174337434,-0.07756948828072616,2.4374538889904342,-0.5290687027455788,-1.894580629869455
-0.013313454064492448,-0.002879863849895638,0.004993785687116003,0.0017198829790069663,0.23192295042433078,1.4484220569314277,-0.3680770242444491,-1.230969079255505
-0.014289403078684938,-0.004947522500591185,0.004578239394889861,0.0036852322795825885,0.32239510140060584,2.150060122753722,0.10583961138226043,-1.7342856957286692
-0.01444231487352915,-0.005062923335594425,0.00442715623981116,0.0037928523022038646,0.31336647029204034,2.1411137503108226,0.19348273353202272,-1.725425365829682
-0.014615867923904406,-0.005085305227952479,0.004245489368524077,0.0037900498633428466,0.29313873982645905,2.0755175050220345,0.2560329770312384,-1.6814861152610157
-0.01428834836653813,-0.0047078130154561415,0.004547524512847383,0.0034350021956688335,0.3076685345330535,2.041342994402866,0.04593687248053779,-1.6639315757810014
-0.014027828299574975,-0.004333858073910093,0.00474230289734253,0.003060185212585434,0.30527495441066926,1.9461339766561438,-0.1164794295532791,-1.5987508689967116
-0.014263284215757543,-0.004433101268321869,0.004531907104598152,0.0031631369244556964,0.2910454896362717,1.932162210841195,-0.01715932103022375,-1.590550710390979
-0.013983522318738664,-0.004070130917543698,0.004730477525220971,0.002808186084129955,0.28840443423276135,1.8441230718650703,-0.1610621551456903,-1.5278638842670553
-0.013895412610536954,-0.003801799129736704,0.004752501307328538,0.002558573448789053,0.274406653835977,1.7516270107390992,-0.20977259464110734,-1.4615827067745126
-0.013504226767592425,-0.0032602664677493557,0.004947811470761597,0.0020457244981188657,0.25172360999772586,1.5767249980351838,-0.3374275716867499,-1.330419187945875
-0.013735233380215822,-0.0035363092235271907,0.004829041954457839,0.00231004336146019,0.2632840437915891,1.6678810038575917,-0.26932544547737175,-1.3994637572400777
-0.012777373113252994,0.002046808658015502,0.005134045906205861,-0.0010566929425289676,0.1875936156671296,1.1696390344190126,0.3780766318667628,-1.018020768371115
-0.012481704824443737,0.0017614238549993845,0.005230276715096163,-8.329130192849639E-4,0.17156980707466826,1.0570272993351013,0.3750592796323912,-0.9274513440140552
-0.013215243958814401,0.002086090204508611,0.0048797171609474286,-0.0011706267054678986,0.1864243347723731,1.2441533203820239,0.30033294309355424,-1.0823290200588083
-0.012536986427322297,-0.001972482573928657,0.005250105478712879,9.576583806709577E-4,0.18169975723833234,1.1076408897735377,-0.40940095249579134,-0.9652025530105278
-0.01292997460308918,-0.0021958398349926416,0.005078271242240546,0.0011799885921376654,0.19348946278778326,1.2273566997204133,-0.3727108570017936,-1.0634823711519055
-0.012545890079854346,-0.001480839317951312,0.005140843472718793,7.033656228888405E-4,0.16096608841034699,1.0260074840076392,-0.3059879541632391,-0.9084366193625192
-0.012474050893342933,0.001268360381396311,0.005140033195261064,-5.85488372152186E-4,0.15443178903608998,0.9837746820416967,0.2707600034273944,-0.8763854215128045
-0.012434688577159878,7.475501142025746E-4,0.00509240419717879,-3.359437687062644E-4,0.14272350698589908,0.9258425112172245,0.1618818168794431,-0.8326638944315105
-0.012401308660688056,-9.456013383880176E-4,0.005129123109836342,4.2306456332606983E-4,0.1458298146108056,0.9337747645433854,-0.20754020980835672,-0.8378991853441049
-0.01237932054443037,-3.6615339492073005E-4,0.005090254420126842,1.609243502264867E-4,0.1379175491123976,0.8946225725207543,-0.08103180404500955,-0.8087003291941289
-0.012352020984677858,1.5941796214043711E-4,0.005095054651924767,-6.95954751146195E-5,0.13600650133348988,0.8829431157700965,0.03581675972807257,-0.7997977233923718
-0.013333436813749993,-0.002431140387526445,0.004874454166649707,0.0014143384753938697,0.2022748199161996,1.3308304999458798,-0.31601692042109925,-1.1489346961124636
-0.013584489740948466,-0.0026655165563787336,0.00475164367810754,0.001619387040233421,0.21079285683028748,1.4051145014640132,-0.2784909050749327,-1.2091391031099086
-0.013663540040682091,0.0023152075187941215,0.004631240343745757,-0.0013904086599466332,0.19218888008983417,1.3298633844619978,0.23687726398058653,-1.151725847962349
-0.022864785834847013,0.014000744856623767,-1.4183438712378908E-4,-9.365834747155506E-4,0.15946024684989582,-0.22610031810522283,-0.38851022162636933,0.24920124258593654
-0.021866973336054238,0.013458484027839888,-2.7010881018392046E-4,-0.0014511045226049547,0.11511138740154601,-0.2933748939471649,-0.43838261297975484,0.3244255219439965
-0.021097475290652003,0.012220097920740941,-3.011352208632624E-4,-0.0020229112300440195,0.07690317738055774,-0.26785966789153054,-0.5546566199826608,0.3114746049643426
-0.021723664823103887,0.012647489350784236,-2.462578976457378E-4,-0.0016432987249636786,0.09640172122525101,-0.2559790156943898,-0.4924541156665302,0.2913456698901315
-0.020478340793814033,0.011158107534267821,-2.334291041414236E-4,-0.0025012338515954867,0.051263345696949354,-0.18331870568459577,-0.6734817077074665,0.23860347115146197
-0.021148401304615417,0.011533656110459603,-2.1759690142571662E-4,-0.002083607618869693,0.061576640414269294,-0.1961115845402485,-0.5880796033920018,0.23917550364672666
-0.019955764156750017,0.010186150402077196,-6.967002653515881E-5,-0.002882696935932453,0.03421045107845579,-0.04554525552504194,-0.7799445499187273,0.11302078678144724
-0.02057086653849764,0.010522853242174487,-1.163239946056897E-4,-0.002493283170429833,0.03712171241307962,-0.0905815636648215,-0.68546126017876,0.14423886513495265
-0.019387671544868656,0.009199127465457818,2.079785183915083E-4,-0.0032235668519298706,0.02579458951831143,0.15980454968216748,-0.8744039375498024,-0.07435282069503986
-0.019969201791608954,0.009564990884128054,7.484581689316427E-5,-0.0028679837092722405,0.022495140912738184,0.06568156999156123,-0.7790257928848631,0.0016516343948197209
-0.018903045349779084,0.008330351720690429,5.454730838307054E-4,-0.0034196370796586648,0.0262598091514005,0.3878340965908436,-0.9133817794091366,-0.2839151783961151
-0.01939745990387722,0.008677689748507609,3.5337991452107136E-4,-0.003153548590213384,0.018162799473435978,0.2641683692179538,-0.8456311795118617,-0.17972038630669326
-0.0182223188108007,0.007060917953717302,0.0011488051084420396,-0.0034685482972345726,0.03990484143099777,0.7494815591696113,-0.8553743247461704,-0.6181268505496308
-0.018620793715628196,0.007744906445198007,8.013741822010845E-4,-0.0034567176918106684,0.029876527970568615,0.550077868522381,-0.8982545835720764,-0.43385278826445084
-0.018561205258093683,0.007290712869279587,9.546574545034132E-4,-0.0033458521509526122,0.02700157155911201,0.6405357397060427,-0.8399054645356628,-0.5263615815518499
-0.017714256941473504,0.006482410639848786,0.0015454482465749487,-0.00350640785376528,0.06047476768219151,0.9554162066189352,-0.8068645011044281,-0.7997198026056126
-0.01819838489908084,0.006633250742249875,0.0012750565478656932,-0.003300999606561734,0.037595366129010266,0.8140805086645119,-0.7779426084676792,-0.6858831223287405
-0.01670703481650534,0.005326499674887665,0.002413917974451975,-0.003310754649944139,0.11436303611878061,1.3118384172452213,-0.5830018043819766,-1.1136898085832103
-0.01715712528154742,0.005374898336851926,0.0021097016105351657,-0.00315176580349801,0.0857945140100108,1.1771744608181012,-0.5898797533790888,-1.0083750613255014
-0.017363318648770002,0.00571561481486864,0.0019206347934379012,-0.0032658616035120026,0.0761136700562318,1.1106563971758237,-0.6597891932240766,-0.9470686180601505
-0.017576985519765553,0.006078143857889493,0.00171964414764564,-0.0033663981007466914,0.0659723798100893,1.0301353945880143,-0.7282877168035125,-0.8724480929659749
-0.016510718569587596,0.005005904524979472,0.0025982780478798644,-0.003162054408605099,0.12476725119096883,1.3579896284070474,-0.5002651621336839,-1.1569450539793946
-0.016280633798380576,0.004727844231754884,0.0027957412817683873,-0.003038130646204201,0.13643958031236483,1.4049145141015325,-0.4248408876450827,-1.2001320852344401
-0.016022493071086517,0.004446655130685701,0.0030095589742127793,-0.0029022125438175326,0.1498076341147504,1.4473273123149308,-0.34368713597674244,-1.2367717167903656
-0.015783526892380623,0.004207123060957412,0.0032019861856002188,-0.002775548090362727,0.1611652624684421,1.476671296609522,-0.272062614556741,-1.2629882326166877
-0.014395199076458556,0.0028912895251554886,0.004198872277749573,-0.001868145619216001,0.19584669285855608,1.4506605793466518,0.10572976033663702,-1.2487960381698227
-0.014089485398459884,0.0025829097089613102,0.004379016486634799,-0.0016238109184422802,0.19232634634911408,1.3962055867006142,0.16528135845367053,-1.2055022452448194
-0.01508513381487282,0.0032904214448875335,0.0037185494077010923,-0.0021645947609840095,0.17746826725462464,1.4611597490362378,-0.044404808932634245,-1.2578220365313288
-0.014841964442578019,0.0028844397539699237,0.0038694122021948507,-0.0018709572557535318,0.1746348157529116,1.416926813790706,0.024095632814173932,-1.2251081152205396
-0.015419166210404497,0.003576377127692496,0.0034788772631074998,-0.002352500963709597,0.1676509315069407,1.4570452229322968,-0.12701353341309854,-1.2535243995373655
-0.015694957874593775,0.0038560955312240516,0.0032744872172510366,-0.002525110832767861,0.15836680108764778,1.447335553333945,-0.20289145043065612,-1.2438551555903585
-0.023900886369348524,0.013375443744752254,-3.668434953406252E-5,-5.347847576700459E-4,0.18825247471813703,-0.11759615721008713,-0.42226440869955345,0.13873347897631183
-0.025,0.012795049137372533,0,0,0.22189391361029046,-0.0030391239627679573,-0.4873472519848603,0.028815546693321027
0.005337606402569703,-0.01599185903718208,0.003609534381791611,-0.002948162913304263,-0.06448497851211236,1.6392943624849654,0.39930099326115553,-1.3708417909863113
0.004958494327665167,-0.015919055222544366,0.0033294318843435752,-0.0030509509505215735,-0.07130301681156881,1.604247521804899,0.3040759092256477,-1.3519834161786146
0.007448320140693794,-0.01725403963647985,0.004310910178908538,-0.0014529783299270756,0.006441855836370392,1.1164869334910492,1.010935613129677,-0.8916359272191329
0.007079530164719692,-0.01720380452897397,0.004150841747128019,-0.0016273732328652153,7.684494366208892E-4,1.1843211516731238,0.912481697208844,-0.9639413987937423
0.006730119392708569,-0.017104755494210207,0.004016302615773741,-0.0018082996802572737,-0.0058147867688113156,1.253523221774351,0.8229583045815111,-1.0331560129653283
0.005564668862899693,-0.01631153683172182,0.0036539151184432316,-0.002659420096974081,-0.048488683684823244,1.5471377821040588,0.4930714105161553,-1.2962341204823515
0.00575740897780699,-0.016662842304046573,0.003630558569031667,-0.0023636771105377545,-0.031944541544506884,1.4297293160523452,0.5648407437787206,-1.2020273946831421
0.006389445507612536,-0.016992889459375042,0.00387573989051021,-0.0019835104275532883,-0.013709831190391908,1.3116294923896747,0.7338336884754559,-1.0916586613034465
0.006094270983231873,-0.016827036930003675,0.0037776888619571116,-0.0021721069126676425,-0.022197259711848605,1.3785458996842739,0.6562895355409043,-1.1525693461060198
0.005804946019808609,-0.016950964949895484,0.0035209832775563235,-0.0021578164289939353,-0.020949227169095197,1.327290793283821,0.5838439259883116,-1.1231591038740703
0.007595448891986042,-0.0176091957292631,0.004111556592017277,-0.001223715177426583,0.011415509490964962,0.9606078685927356,0.9875280742204353,-0.7694433517818635
0.008787356427606849,-0.018264237336617015,0.003983913901796932,-5.13099215243856E-4,0.016830309370757583,0.516955715399544,1.0660565711549805,-0.36964963096688475
0.008185695656125903,-0.01827828749610013,0.0038253643577864783,-7.505630532049665E-4,0.018547066763330733,0.6541926179633605,0.9744933851693426,-0.5107548481249403
0.007808916331557771,-0.01796011208838977,0.0039368850139701395,-9.98234674085333E-4,0.01511681741956955,0.8114586712016382,0.9693745533909327,-0.6490931177676248
0.014274150794669751,-0.022611031872992397,0.0010050242832761842,1.8068821210616537E-4,-0.14280255038166143,-0.23798993174854857,0.3909622082282036,0.26137220684558177
0.013639281431878486,-0.021889447363210433,0.0014109771896460104,2.7467718302431367E-4,-0.10364996251090373,-0.2722212166946949,0.4464855879651362,0.3040307445721884
0.0126335048702797,-0.021168402030921872,0.0019213557112611097,3.311285950934165E-4,-0.0646960653201351,-0.2575059478165698,0.5459847165720348,0.29898527057338947
0.012950019269271047,-0.021741448692293934,0.0015898602245901466,2.6338877073520307E-4,-0.08476901224784854,-0.24245229212080233,0.49344829362889575,0.2764750797573089
0.011736369113796018,-0.020479957207595732,0.002430107029991573,3.291553653639807E-4,-0.03443041410708347,-0.19993728554228637,0.6620043891302814,0.2539372640964268
0.012004064540512846,-0.021163371445137278,0.002018720439472878,2.692842699296731E-4,-0.04972481529374422,-0.19729896185330342,0.5810091598537207,0.24004142527633557
0.010866805794304608,-0.01981772846612889,0.0029333175912878346,2.38231993685556E-4,-0.012029957825699135,-0.08438078413831405,0.7951551813119835,0.15526523508010812
0.011107705662276233,-0.020427774947031935,0.002536071990408607,2.3029738797448072E-4,-0.020511818559116175,-0.11302647428267724,0.696557143210684,0.1687928841794
0.010177252861326869,-0.01978438235663212,0.0029933805788018813,7.171454165539631E-5,0.0010881738929082432,0.04354503773853429,0.8111992498305095,0.028721764005007314
0.008951703356120201,-0.01875779805285795,0.0036369180398456154,-3.6249332737201857E-4,0.01655033213436892,0.3909367552600666,0.966896585101834,-0.2747745294433063
0.009638866067983908,-0.019335665767650723,0.003289365062323035,-8.096210656273875E-5,0.009143560622315363,0.17460599684284064,0.8862349408954096,-0.08605864442392851
0.009148063576101045,-0.01913981088275288,0.003388480935361289,-2.4711340372365957E-4,0.016183942546063524,0.2972275829240794,0.9013395235537862,-0.20086128897968863
0.0026090819284646355,-0.01342799541180046,0.001551957097050688,-0.004849455632343382,-0.14028168053604773,1.2851360806583958,-0.4164426119450935,-1.111917822365901
0.002924732756090626,-0.013740956449484188,0.0018304933339509974,-0.004691246619642052,-0.14264494817452866,1.4002776728467283,-0.373277528348745,-1.20232745616614
0.003139869000444746,-0.014028555129011126,0.0020294951842108806,-0.00451338786901834,-0.1377082231761379,1.4737466709414508,-0.31115033808966974,-1.2608731896427277
0.003201961821014647,-0.014340115447614139,0.0021001782870629896,-0.004281809318886113,-0.12896048274069993,1.492605749586733,-0.22784714092946165,-1.2768519330764756
0.003382238076653056,-0.014628365318257177,0.002248238262943431,-0.004078326679870265,-0.12051921558716376,1.523276014499414,-0.15500264441274156,-1.3017715919427617
0.003616033914927627,-0.01491464769712236,0.0024254191038042138,-0.0038725175370294715,-0.11214847556672698,1.550777588977424,-0.07753334834916582,-1.3231543213278416
0.004545816512374075,-0.015778114940389033,0.003040228682625695,-0.00319287154586776,-0.07853815123359238,1.5740321336063814,0.20614195532327814,-1.335305768223511
0.003829624147837364,-0.015203491587324742,0.002571568355532964,-0.003654309867352473,-0.10124602615448831,1.5575864589846906,0.0036205441147781872,-1.3281089565681385
0.0039975017322906314,-0.015486777945201907,0.0026664184342319913,-0.0034342649949418084,-0.08939140787080212,1.5407812402569128,0.07835415907400299,-1.3141577140818164
0.004182159985781763,-0.015752007240734344,0.00276176345922181,-0.003226444187875154,-0.07797775512853769,1.5181185452377162,0.14869351271630876,-1.2966811757906513
-0.0021984373041946783,-0.012625399370204096,-0.0011055221648107497,-0.005259272864352537,-0.1397363786470485,1.0160458438556592,0.523481217038298,-0.8923705441862629
-0.0016730675589423543,-0.012677399054233296,-8.278346435232927E-4,-0.0051102977407018295,-0.1286977076257201,0.9433120064947743,0.3852678636872151,-0.8439619586880681
-0.0011119594253797462,-0.012664126952453829,-5.363629711079084E-4,-0.005025637694269902,-0.12208856218730287,0.8748599462336509,0.25543743341743114,-0.7966705980508425
-5.335609250729395E-4,-0.012587159958861432,-2.487520280175966E-4,-0.005006323006308533,-0.117241150296284,0.8188925683685347,0.1244141286715736,-0.7537352736352386
2.8147576727326066E-5,-0.012420089633933137,1.267008233484885E-5,-0.0050647414335542274,-0.11854287773029691,0.757930544575364,-0.006936407597580726,-0.7058912913161967
0.0015312886972939353,-0.012874202002469826,7.866710454234612E-4,-0.004978039578441927,-0.12567021568253442,0.9755735651214207,-0.3237640209100276,-0.8751901717762715
9.733679752757535E-4,-0.012786034968294266,4.8096616345965243E-4,-0.004947448590455608,-0.11988248990624976,0.8955694579307103,-0.21220224044001437,-0.8154552682801973
5.047955308522918E-4,-0.012681989809491154,2.4102871915255916E-4,-0.004959152254571826,-0.11657733142365433,0.8430301092850446,-0.11364980194089079,-0.7739143067290853
0.0021878918183023967,-0.013486109562058382,0.0012797051395808424,-0.004727056474808029,-0.12937605627174684,1.2052564941560966,-0.3398070194544845,-1.0556694012111398
0.0015398200892142362,-0.013379303880057664,8.631044599879504E-4,-0.004690821527294587,-0.12039020839705283,1.0850314507024879,-0.255365460991132,-0.9672448623808888
0.0018449556508001903,-0.013533628344765448,0.0010678854313837993,-0.0046404555231436785,-0.1211439429262241,1.155041946911129,-0.2800644706637277,-1.0200458867479143
-0.0025637757278170513,-0.01294802375166981,-0.0014146491839550498,-0.005160088129098517,-0.14694874592387683,1.1798122731672362,0.5320054130214693,-1.0217647887266292
-0.00278453254440913,-0.013228161960679628,-0.0016324111196834349,-0.005029699419179203,-0.1478292647385785,1.2955162814029373,0.49884950569136677,-1.1130638592371787
-0.0030253530010658433,-0.013301888596021393,-0.001822137317165938,-0.005039701987609039,-0.15673071486340093,1.3716621632134778,0.5187704887702732,-1.170761913288392
-0.0033329703204123917,-0.01337483957343178,-0.002073893918181925,-0.005068157742156021,-0.16452461764187779,1.4812761725174737,0.5423696234938941,-1.2488276973779369
-0.0036589794716975904,-0.013564241838570204,-0.002381844031080584,-0.005002399131924796,-0.17196323735334187,1.6156079767866205,0.5136249840944829,-1.3495958866056423
-0.0037398520022219506,-0.01391973487535418,-0.002506487249470834,-0.00471719769103139,-0.16031430870370797,1.656472905537345,0.38159428613588514,-1.3882823547686445
-0.004193714589064054,-0.014089499977620223,-0.002929231718513912,-0.004655432174775512,-0.1667178573103469,1.8176595791449157,0.32871555285890325,-1.5061786692699985
-0.003943865552909305,-0.014167752137671076,-0.0027060858429650077,-0.004539367666911252,-0.1549976865465076,1.718874764540354,0.29593790795379404,-1.4375558731087563
-0.004376967083782399,-0.014285783659190929,-0.0031077171210604168,-0.004500731905124153,-0.1595142564929951,1.8679697919100902,0.24311851117652591,-1.5440520525778256
0.01353971264018205,-0.02382109879405604,5.60605793798864E-4,4.300219171842029E-5,-0.17977177779284095,-0.10761284125172632,0.42153672312123236,0.12856429104086317
0.012795049137372562,-0.025,0,0,-0.210753043790718,0.02369639086102468,0.4866764715836707,0.002598547652384103
-0.014964532314612694,-0.01096432544793355,-0.001567038910220692,0.008067558965428644,0.32468134271477017,-1.1791982203687936,2.7987853538043024,2.3630169293122383
-0.014960927844762065,-0.010979036906415671,-0.001591439210954397,0.008064205057691292,0.3251980927057865,-1.196345690507923,2.7891158179766546,2.3810939590162694
-0.014971063804431115,-0.01098986600468986,-0.001600537526539721,0.00803804007480497,0.32247452197981274,-1.200942752866716,2.770761581643815,2.374632763603794
-0.014971054903950953,-0.01100380936337157,-0.0016211330104984642,0.008028382786847267,0.3220857161750677,-1.2148453915683726,2.7585187549082106,2.386245330790588
-0.01496949815181525,-0.01102006062664146,-0.0016461326925078458,0.008019809320093165,0.32203039415216295,-1.2318940706944372,2.745460588830692,2.401992197827227
-0.014966124444010173,-0.011036383568557809,-0.0016724678628845756,0.00801432524253084,0.32230861508308223,-1.2500593787316834,2.7337216838910554,2.42044509291656
-0.01495991745742041,-0.011050439321374433,-0.0016975143940596766,0.008015469951765258,0.32346805657403377,-1.26778613709831,2.7262088265234663,2.4413723850186453
-0.014961816441133877,-0.01106518807266058,-0.0017176171862372566,0.008001191532982717,0.32249646696074724,-1.2807942931989016,2.7112234384806975,2.4500663950776516
-0.014978702334581095,-0.010959668053490869,-0.0015505645393661018,0.008044460710666564,0.32140408010512345,-1.1658004751688422,2.7902641364310696,2.337384971508358
-0.014986486339501165,-0.010945640685459807,-0.0015245465477960723,0.008039374459856042,0.3198234758044758,-1.1468552402744614,2.7953369724217674,2.3135700449508554
-0.015001870401411354,-0.010933792646900493,-0.0014969381854596081,0.008018689219797868,0.3165101010064313,-1.1257164563275988,2.7916033806488003,2.280431242196752
-0.015019960608357794,-0.010839238006933724,-0.001344596699249657,0.008043075513499158,0.31402302352169725,-1.0175312100825655,2.8512581495656715,2.1695301691463627
-0.015029977891169277,-0.010827562572045184,-0.001321278945537356,0.008031123370535779,0.311753139444213,-0.9999061453475449,2.850849344531148,2.144552186084065
-0.015009057014376923,-0.010901363002947327,-0.0014441894106782696,0.008025961163443902,0.3154567239742771,-1.0883689766052889,2.8118274812268713,2.241437353699619
-0.015015390757414253,-0.010922613887250014,-0.0014717502538975924,0.008000932331486658,0.3135641157170059,-1.1064864918254118,2.788730308062302,2.2508022174251052
-0.015014813444316245,-0.01086951445932145,-0.0013930915028074738,0.008034769361831999,0.3147123211186753,-1.0521156803814504,2.832207116808842,2.204570688269014
-0.01502726337561152,-0.010857222986154099,-0.0013672935811569528,0.008018972059255393,0.3119723742791942,-1.0324903246365347,2.8303749302032855,2.1755576555364815
-0.015021906714923178,-0.010889123296010826,-0.0014180515506950174,0.008009746423647759,0.31268168668956653,-1.068500016905598,2.8100082144747502,2.211876568216385
-0.015103478116789755,-0.010455188367662308,-7.185899708661405E-4,0.00805634867285795,0.29630638540174953,-0.5538684063429508,3.0180307124847854,1.6710331807213787
-0.015105056872387678,-0.010475435236309085,-7.494353701985136E-4,0.008046911857963036,0.29613954821604255,-0.5768831791650945,3.005493934810168,1.691271050047898
-0.015048799288520334,-0.010535597279404283,-8.628639115647442E-4,0.008133765200609376,0.30891970889475645,-0.6657146301046423,3.03219495769634,1.8250570478869752
-0.015053065513973276,-0.010635387921003778,-0.0010165980531580373,0.008084842852941455,0.30806459744632425,-0.7787568999636294,2.964949681224794,1.9250542917001312
-0.015054186220913,-0.010618080592990773,-9.893502181700876E-4,0.008090236968711506,0.30784032761388364,-0.7586934731745184,2.9750518820744003,1.9056968083167065
-0.015056059990378927,-0.010555509854414731,-8.912868519251577E-4,0.008112196071328527,0.3073793763431966,-0.6862214741874323,3.0123361747759554,1.837334681642124
-0.015054552225580341,-0.01059736112585916,-9.570722865377134E-4,0.008098287675661274,0.3077820180215161,-0.7349537318040468,2.987928633546594,1.8836083732733866
-0.015057373348462334,-0.010574940530201757,-9.21064524437053E-4,0.008102029616948033,0.3070875905596881,-0.7081534176271322,2.998986614909603,1.8563564228645377
-0.015084919520129176,-0.010502570216435886,-7.982333812111033E-4,0.008076275594515897,0.30071438889483293,-0.6147229093210754,3.0123030022469095,1.7445883383203655
-0.015067962299451766,-0.010526166985085529,-8.410032029318202E-4,0.008100382506418842,0.30462176870003704,-0.6478822802197343,3.01704873120233,1.7908414829140948
-0.015081977650377311,-0.010517018148598862,-8.217082988834584E-4,0.008076831654264328,0.30145231171297077,-0.6324427115335866,3.007240480622476,1.763757395254245
-0.015103742891023396,-0.010495347673004175,-7.806192631593212E-4,0.008042831228896244,0.29657946469193996,-0.6002870086127688,2.996038988722608,1.714359067559828
-0.015070859807225563,-0.010644607315508571,-0.0010229127718669486,0.00804702364874947,0.3040558983470238,-0.781685917796719,2.940602509843154,1.911329216836014
-0.015070188665226587,-0.010664246243818211,-0.0010532234783804991,0.008039478348482438,0.3041509082300575,-0.8038126738042514,2.928378068523124,1.932061224644803
-0.01503907624271239,-0.010712492238466438,-0.0011417702125094316,0.008075322860342944,0.31094406557697557,-0.8710232979011091,2.9267743984193486,2.0216070871436043
-0.015053528800983101,-0.010699210668972779,-0.0011143968635634295,0.00805450938070639,0.307724037361721,-0.8497443003814026,2.9215482408398574,1.9889597842212952
-0.015071182464509586,-0.010685978439467593,-0.0010858490314619772,0.0080275675142074,0.30377408966726477,-0.8273795156094162,2.9128297938999115,1.9524918871427752
-0.015045544439744206,-0.010733127538211588,-0.0011700506868387811,0.008052796836336936,0.30929424151194557,-0.8906595224731811,2.905691378576915,2.033116792558604
-0.0150508604557263,-0.010753283399119077,-0.0011979200819988217,0.008032504547607512,0.3078915135860545,-0.9100310972780569,2.8860199221094085,2.0454380979998468
-0.015051777877853369,-0.01077224905546513,-0.001226073201491151,0.008020867899591956,0.30750915292636,-0.9299907557442154,2.8713836520638716,2.0623290687503517
-0.015049473984062138,-0.0107906259973864,-0.0012549526133814979,0.008015329985132462,0.30779730753256174,-0.9507423725062768,2.860110704952461,2.0828596666262738
-0.01504390441469566,-0.01080521309026328,-0.0012798982878675271,0.008017729746881953,0.3089695499910224,-0.96904232255462,2.854565171318897,2.1042296116599735
-0.015046466056138902,-0.010821730407455946,-0.0013032096579706151,0.008003777310831782,0.3081043845352831,-0.9851848204851991,2.839703480871963,2.1160175193775697
-0.01514514145932359,-0.010222310343733677,-3.4710196582115314E-4,0.008029987811827878,0.2848501532445104,-0.26877980303451254,3.0757049437081014,1.3620128664067266
-0.015145770057063319,-0.010251361745254931,-3.9210158845284136E-4,0.008024188281019516,0.28515755206072185,-0.3033653390061057,3.0640442875341547,1.3950649026350133
-0.01512371216990727,-0.010437375519582768,-6.849289198498192E-4,0.00802318442678028,0.2919329008970581,-0.5272151703743991,3.005193028273101,1.6281633499467392
-0.015129242183823046,-0.010412371452937849,-6.448186245333604E-4,0.008019834535186525,0.2905469969709003,-0.49670954407956797,3.011674690355458,1.5945371537690134
-0.015131808083378306,-0.010391021442306872,-6.112124145839583E-4,0.00802072750953202,0.2897899262024917,-0.47116545539844923,3.019239609115962,1.5680834978614298
-0.015127745684491371,-0.010346334687865555,-5.430791930474433E-4,0.00803959121947091,0.29018816485750737,-0.4197382060433739,3.044574539383462,1.5225415612534203
-0.015133823156102412,-0.010369689442760236,-5.77774304451147E-4,0.008022351920805334,0.28909435621318286,-0.44573953368762825,3.027093604256267,1.5421503154201268
-0.015148723795057235,-0.010401941179977291,-6.234894804904613E-4,0.007985731772012302,0.28652316709022424,-0.4793633586136473,2.995491440096345,1.561457732781874
-0.015152470398719862,-0.010281980816371295,-4.38282001123531E-4,0.008005952254000677,0.28430052796595356,-0.33848978599212426,3.0443356471097336,1.4233946631645482
-0.015143816357859325,-0.010328577071097364,-5.119565576900955E-4,0.008012939263145091,0.286655555567153,-0.39515053029492503,3.0345029200786127,1.4852517347506462
-0.015155735714253526,-0.010305649119510459,-4.741073375182759E-4,0.007995112839865605,0.2838777063904124,-0.36572371961432765,3.0309181139182044,1.446899461654345
-0.015203912109155478,-0.009990116562902163,1.4614199444719608E-5,0.007933825557672178,0.26885032042253837,0.013966115154249061,3.073167306869743,1.0343654016100627
-0.015187345968825856,-0.010155552054943015,-2.3890405021947277E-4,0.007957826836962641,0.2753534329307175,-0.18383123181020924,3.0498432256124577,1.2438270100091644
-0.015202618596668003,-0.010091293083852147,-1.3958620545510687E-4,0.007933955118596849,0.2712291088821161,-0.10638481734827408,3.0509171815837406,1.155148557551869
-0.015207158186075518,-0.010126787486252618,-1.9327098647311866E-4,0.0079229694180116,0.271009043963704,-0.1478872075340472,3.0358712492756306,1.19250193093541
-0.015213769863209735,-0.010017793018854304,-2.749395762344558E-5,0.00791525598784904,0.2675786345562043,-0.01885179008157889,3.055821903473458,1.0592725819856914
-0.015212084296190156,-0.010045207113000497,-6.911721817917606E-5,0.007917973342157329,0.2685353237386468,-0.051296513131500965,3.051576234338989,1.0929503451174907
-0.015226456037508607,-0.010068828972164066,-1.0438042253133098E-4,0.007890174031986162,0.26636553013797876,-0.07852067066585257,3.029328252447178,1.1085948622868183
-0.015168539297259288,-0.010204981596375116,-3.1698985950003483E-4,0.007987754111314124,0.2797910745365591,-0.2447375708246056,3.0550516965031473,1.3189513896638905
-0.01519448509089096,-0.010185208651663597,-2.8341822299598525E-4,0.007941074276192506,0.274363173495461,-0.2179513026366338,3.0321836831759703,1.2714682540527706
-0.015271266034117272,-0.009585981955057455,6.073528580189916E-4,0.007751132384827488,0.24785850274555846,0.4809632993020589,3.0189725498895057,0.5040699231580362
-0.015262414167470583,-0.00947816385415883,7.654096029106326E-4,0.007734716337206296,0.24662051386814787,0.6063874140437061,3.0177276357428258,0.3788723362856005
-0.015271161290698464,-0.009547698924945657,6.626776325595424E-4,0.007740615186765152,0.24690668096144938,0.5247182399461381,3.0158262921559635,0.458307870414739
-0.015268935010084951,-0.009513424531503868,7.126680868585972E-4,0.007734303806418326,0.2463063817114464,0.5643883812936026,3.0146972975701583,0.4182663182077442
-0.015252760484828926,-0.00972163941652164,4.1315573387716386E-4,0.007815881793484235,0.253906154858405,0.3276602719578061,3.0446763193806547,0.6773229270087723
-0.015255089380861583,-0.009663900325133676,4.977099020043013E-4,0.007799865481522936,0.252270124250962,0.39463740054627744,3.0417324772758074,0.6062777249279004
-0.015265835113765632,-0.009625186871477743,5.518136594143485E-4,0.0077711028546377505,0.24948387125089458,0.43719795212714624,3.0277487813108546,0.5538724617757983
-0.015274477385169245,-0.009692502644175222,4.517426458923779E-4,0.007770235299866548,0.2497611901046353,0.3578922175835009,3.0193660539273073,0.6295976719332935
-0.015226589644946357,-0.009967799540663845,4.8042999408631E-5,0.007890685101224837,0.26426466241588636,0.040329870160313426,3.050866261297124,0.9898551298923034
-0.015245754716072875,-0.009935442318721134,9.594703206360827E-5,0.007853651505922774,0.2600646369370199,0.07806226468925291,3.034139800411567,0.9369867655051446
-0.015255208824233835,-0.009776372278508522,3.318094421341005E-4,0.007820459060087931,0.2549772397499641,0.26348530642822116,3.0398346637352507,0.7413813778457229
-0.015263728375077501,-0.009746487548759411,3.745828219355129E-4,0.007799970604090214,0.2526467945174012,0.2970814587273388,3.031130249490024,0.7004200533668518
-0.015276144928606067,-0.009798229680946596,2.966259309000908E-4,0.00778486926923256,0.2520323727541087,0.23562365210030797,3.0141336789018065,0.7540042650713793
-0.015277646292894,-0.009834555111878376,2.430524707303181E-4,0.007786559340059797,0.2525846205874375,0.19348601701433885,3.009606339499182,0.7958218366453932
-0.015290272497367662,-0.009866416250067357,1.9504127291458277E-4,0.007766533486226671,0.2511353149897106,0.15592625291945314,2.992005785534404,0.8246163024272277
-0.01527950125900422,-0.009901221351226742,1.4479266537490497E-4,0.007789113040506336,0.253870487309697,0.11657076392534191,3.000222302027893,0.8724963023531344
-0.015295141972482731,-0.009449948494051083,7.943461299762051E-4,0.007666039874985317,0.24103172261283604,0.6277412643783377,2.9754951274571653,0.331780771733923
-0.014870831600649592,-0.011307890585596149,-0.0021383449182555488,0.007963686150821804,0.33448401576767667,-1.5669387029032806,2.540635755389054,2.77083221546067
-0.014900083006513609,-0.011259034846476635,-0.0020441158097332505,0.00795574055111239,0.32973614550118574,-1.5023664422762761,2.5710795330009777,2.690045439872502
-0.014895236400239943,-0.011274381331963882,-0.002069799441305477,0.007950819703086294,0.33020236328493496,-1.5193066536791677,2.5587826682749877,2.7081016574560905
-0.014887626762142224,-0.011303992487584237,-0.0021177067855581567,0.007937759508238655,0.3305707316910121,-1.5503926714366971,2.5334069014717513,2.7396244388539244
-0.014890755551810783,-0.011288897068322534,-0.0020939763972364386,0.007945816964510218,0.3305823791218718,-1.5351833085981117,2.546921304768963,2.7249055731365974
-0.014932153114571937,-0.011119587849820124,-0.0018190550782441366,0.008013695991518107,0.32781248012263364,-1.3527364659287537,2.684500113012249,2.5391615279337283
-0.014936256351052495,-0.011104350214440914,-0.0017937869369993658,0.008018078833761821,0.3273488541574991,-1.335489858119974,2.695657823688382,2.52100474554482
-0.014941914025480809,-0.011130271453041019,-0.001826826379306906,0.007987711270582523,0.325050052936148,-1.3559724695752557,2.666628216061201,2.5314322548518042
-0.014941493337397775,-0.011144005488260927,-0.0018468515448153927,0.007977659752987786,0.3246158109305704,-1.3690034584923139,2.65389172074545,2.5422309051389487
-0.014940471054156008,-0.011159748331018016,-0.0018701395321497436,0.007966966927538762,0.3242581027999078,-1.3841828484918393,2.639617504521412,2.555307883955549
-0.014938072113991984,-0.011175993332213197,-0.0018951588925961436,0.007958170903220929,0.32418494008179405,-1.4006641050429014,2.6257903776248637,2.5707917108704383
-0.014934682922038476,-0.011192760453979551,-0.0019216504515995449,0.007950531614089375,0.3243207768065152,-1.4182047720117554,2.612053397714032,2.588079868721675
-0.014919658706569208,-0.011238344204337745,-0.001998290054458229,0.007939015535220072,0.32593223073154104,-1.4695998839431172,2.5780390562152644,2.6437950710673306
-0.014920345160379184,-0.01122423945641399,-0.00197793296954554,0.007949767474048774,0.32642445013595517,-1.456718263434168,2.591592654688967,2.633216791284412
-0.014930258869888358,-0.011211251542543259,-0.0019513638794960047,0.007943093254756636,0.32459448081736636,-1.4379022519993045,2.597225028589451,2.608059239194691
-0.014917953198028529,-0.01125478486470141,-0.0020226873439253058,0.007927929740234292,0.32560847143520627,-1.4851460661860154,2.562785833538952,2.657437104191042
-0.014950997771494593,-0.011099962177346233,-0.0017761322052595237,0.007994728892105375,0.32397651563250146,-1.3212316661377517,2.6879367025994108,2.494065910012574
-0.014960259776041367,-0.011084831842553745,-0.0017472593760518725,0.007989404839815065,0.32220993058903086,-1.3006135001754753,2.694503610002234,2.4677998574945073
-0.014831465882081604,-0.011444759987649156,-0.002362607080148502,0.007900951241320078,0.3362010353438793,-1.7092974615117063,2.4171142807790287,2.916681533939265
-0.01480818002272572,-0.011520763987068722,-0.002486762924051276,0.007862455281257471,0.336784441605047,-1.785519365203699,2.344339230172358,2.994509352275793
-0.014827564200980815,-0.011460071702358942,-0.002386928633043832,0.00789220326560343,0.33615191940490674,-1.7242204964302672,2.4022905688925706,2.931283237834123
-0.014812765137215063,-0.01150572848510599,-0.002462331333232221,0.007870452266277179,0.3367413958520514,-1.7706972751925354,2.3590348721465006,2.9794866019251045
-0.01481794063936989,-0.011490747241895567,-0.002437308921338196,0.00787722560800512,0.33649408168411604,-1.7552860125121355,2.3732044135113934,2.9632563247358488
-0.014823074700552039,-0.011475499336764226,-0.0024119347619626003,0.007884165503982488,0.3362457922373167,-1.7396038385912822,2.3875412116213934,2.9468185811517995
-0.014857492966640282,-0.011353586477491732,-0.002213827333105462,0.007944654419550832,0.33532624338113703,-1.6156123057113965,2.5008579467472334,2.8212828734856923
-0.014862136893696002,-0.01133859598049354,-0.0021888577905650537,0.007950603867485641,0.3350012075139201,-1.5995316434331632,2.5138829487113,2.8044108851999923
-0.014866766398140949,-0.011323369547205813,-0.00216353846819621,0.007956623125085467,0.3346712736542377,-1.5831714352961532,2.5270124979269766,2.7872863190997452
-0.014869133582649963,-0.01136497990376379,-0.002218428822385591,0.007913712639318693,0.33179242978217754,-1.6153883447010131,2.4812558528790922,2.8075625855423674
-0.014865785216871957,-0.011379944491084405,-0.0022419142771042313,0.007905327628788606,0.3317456843008089,-1.6301133433428665,2.467346267700783,2.821805127272885
-0.014846681445570867,-0.011441275351381078,-0.002342806289951447,0.007878484840645655,0.33269873296124386,-1.6937406098958039,2.412200898913843,2.8879292825681087
-0.014851814845485027,-0.011425884037864577,-0.0023172227339563786,0.007884910582648454,0.3323882756058834,-1.677651759799833,2.4260679919835977,2.870969428831026
-0.01485726289358501,-0.011410772171713704,-0.002291668089233029,0.0078903419674834,0.3319861547776218,-1.6614128865628268,2.439289129673663,2.853459639256856
-0.014861955092563396,-0.011395373232638199,-0.0022664239614396415,0.007897167361262255,0.3317652921929967,-1.6454785183887115,2.453111783348422,2.83697291409892
-0.014740509980012716,-0.011589831792800681,-0.0026496853209963876,0.00790071029674965,0.35083723745011736,-1.8930461946249342,2.2986100978304984,3.1456281609686165
-0.014756273128786752,-0.011586887825496222,-0.0026282679010806824,0.007877457866185563,0.34364130830358836,-1.8793455514364599,2.29212309949918,3.118432913374463
-0.014772406076977418,-0.011584154954684012,-0.00260706189368658,0.007854030388737665,0.3412913085915592,-1.8611818947504035,2.28892345173308,3.0859775637040516
-0.014787323446243965,-0.011539046099044256,-0.002532651420676452,0.007878024654747684,0.34128833017953536,-1.8165999709919738,2.334245045703453,3.0402058193809265
-0.014782522907649415,-0.011554215585014503,-0.002557497886933596,0.007869770944463632,0.34121882808178,-1.831508609098768,2.3190468712630476,3.0553645277118835
-0.014777512088241,-0.011569261600538323,-0.002582352941750236,0.007861825829231754,0.34119717264937105,-1.84641110810405,2.303946196213625,3.0706951482989786
-0.014803911999712168,-0.011536043562624235,-0.002511117004874657,0.007853499628668386,0.3367180971756553,-1.800111307314957,2.3290712614687017,3.0088882818540488
-0.010818045437069814,-0.014962073384028987,-0.008164561163535826,0.0013459893848179105,0.2475945666712158,0.11627393961469475,-3.305438957993172,1.0868490770369503
-0.010844082286340592,-0.014928237524093783,-0.00821357766969867,0.001406838967508507,0.257688474546505,0.08596786226643638,-3.338112706610122,1.1441107194809252
-0.010838812035141171,-0.014943517856110115,-0.008187274617166368,0.001389162315378993,0.24742670753503962,0.094315346525758,-3.321806653808195,1.1222841490461526
-0.010859561856462018,-0.014925561228420123,-0.008209115180446513,0.001432649134604097,0.2580064903034487,0.06494944902680817,-3.3346058813733452,1.1652993117881854
-0.010854326862943764,-0.014940785338309155,-0.008183006930614299,0.001414901242025986,0.24667495239520046,0.0733113664555707,-3.318522439920218,1.1431668713311407
-0.010875033080843397,-0.014922836286880738,-0.008204576004971792,0.0014584201714586574,0.25713490269668043,0.04398208918610638,-3.3310105056483503,1.1863686257279922
-0.010869813673639971,-0.014937991428015206,-0.008178693681846759,0.0014406083852348125,0.2461759669536497,0.052347013581114925,-3.3151283685081627,1.164056184382481
-0.010833673666633388,-0.01495938403194702,-0.008160441536298996,0.0013717545355505774,0.24719628176979078,0.09534689364861006,-3.3023240934490556,1.1077270071042327
-0.010205941966037578,-0.015106847220878301,-0.00810618033094594,3.269865587113255E-4,0.24508739709903668,0.8840548657841234,-3.226990254105749,0.25295363050751657
-0.010223057734715582,-0.015102113203408993,-0.008112871564890647,3.5476631189822807E-4,0.24568926976865227,0.8647261285943434,-3.2338057924088086,0.27553904939127927
-0.010257348566757038,-0.015087957739604358,-0.00813476336858164,4.1151427212491617E-4,0.2479174312749062,0.8286985001762585,-3.252954969168154,0.3222070789326091
-0.010240384859804066,-0.015094791548978644,-0.008124361246061371,3.8339787941009005E-4,0.24685833605722893,0.8467227039701769,-3.2437813675874927,0.2990768700164382
-0.010273589838171107,-0.015084875821362337,-0.008137783855144324,4.379030340291603E-4,0.24803288390752723,0.8089895351625785,-3.2570370991575897,0.34362072999308063
-0.010268186460409948,-0.015099892932424381,-0.008109568409400584,4.2652765178364545E-4,0.2447177969311874,0.806360822749121,-3.2374979090935896,0.33305286931761896
-0.010340516612774686,-0.01506562587986029,-0.008161027479135495,5.486211763997992E-4,0.2499372126786172,0.7309749666671932,-3.2804806479267077,0.43418975022613726
-0.010289887593124167,-0.01508351196824354,-0.008137255421021282,4.6407593776097824E-4,0.24776302690031346,0.7880196033998385,-3.2586833279905973,0.36468603203543687
-0.010323129893089132,-0.015075958597895234,-0.008144891680133852,5.185328053419685E-4,0.2482709186073674,0.7480944117244582,-3.267696584029237,0.4090176468713249
-0.010306577000684871,-0.015080980104198602,-0.008138731944377997,4.911197209821051E-4,0.24772105184117743,0.7672252797836382,-3.261654362834165,0.38656712633645385
-0.010802370027632463,-0.014964638562019994,-0.008168763776443181,0.0013201960140830213,0.24798957532348168,0.13730734457355173,-3.3085483753815237,1.0659457739054818
-0.010739569222390284,-0.014973645325916421,-0.008186222260392331,0.0012172621632400382,0.25009742893175896,0.22204490021843606,-3.320792263477499,0.9825400215422274
-0.01078664680616707,-0.01496705140485765,-0.008173103056443783,0.0012943862255910584,0.2483762613357587,0.15846041719699192,-3.3116896742716686,1.0450328826970952
-0.010755210736655045,-0.01497139571421581,-0.008182154822425887,0.0012429520020592994,0.249435810412152,0.20094003536845492,-3.318039588692223,1.0033709534412658
-0.010770905940676522,-0.014969272090495485,-0.008177638475901597,0.0012686243562169634,0.24883192884031893,0.17971088794296367,-3.3149041648165185,1.0241670876669762
-0.010733782181332937,-0.014989471750348352,-0.00815892900557398,0.0011998937343650606,0.2464342695796566,0.22509305634655688,-3.3019491030570447,0.9654655217396898
-0.010359467980239677,-0.015063331103374931,-0.008160855967276517,5.79400731218719E-4,0.24970463713993385,0.7066164697755095,-3.2823789736453866,0.4590926299413742
-0.010376115252881091,-0.015059680436163564,-0.008163684051772759,6.068742547637499E-4,0.24979748205450783,0.6861282903194786,-3.285988431399254,0.48150844989705327
-0.010390488772346418,-0.015054846955616284,-0.008169245018179993,6.310956192476009E-4,0.25035870962300494,0.6693333167660863,-3.291153926570763,0.5014785112214785
-0.01040564697579557,-0.015056964950948748,-0.008160861310820671,6.546432307133137E-4,0.24909656649617043,0.6473832244245715,-3.2869028537025398,0.5201102189643086
-0.010421724678025185,-0.01505797150192488,-0.00815422635408311,6.799014484733216E-4,0.24818490896484557,0.624871189043557,-3.2838449755950623,0.5402079514879375
-0.010438274966902446,-0.015057314201476912,-0.008150507211972186,7.063508477893436E-4,0.2475527292819454,0.6026466850351911,-3.2827294263418154,0.5614575037789531
-0.010454628815513291,-0.015055596424289622,-0.008148718382602173,7.327924231409743E-4,0.24716978229237455,0.581245549022296,-3.2828366557314372,0.5828289128953476
-0.010470756608598768,-0.015052936416606164,-0.008148640974841045,7.591769350852874E-4,0.24699365310264157,0.5606110435624049,-3.284023560949976,0.6042739704796305
-0.010702016590180946,-0.01499445418723216,-0.008165610309662246,0.0011477449812371933,0.24730854556063783,0.26737211464098115,-3.306185948607012,0.92316751150212
-0.010717994045235733,-0.014992168591368664,-0.008161919582872629,0.001173872355872025,0.2468211288369244,0.24603925767736642,-3.3038585500851743,0.944324711238823
-0.010686121181032378,-0.014996299346727289,-0.008169923610917324,0.0011219377514744583,0.24790542183268818,0.28875046911059377,-3.308879447085688,0.9023253492429069
-0.010655119357039054,-0.014999800751579582,-0.008178003018437767,0.0010715533190670467,0.24901518872459058,0.33048230713882965,-3.3136980178068183,0.8616107630117044
-0.010670501315089764,-0.014997986981805218,-0.008174228091175531,0.0010966043908082906,0.24848071708689393,0.30980321964244695,-3.311501397167469,0.8818763074279602
-0.01050658568330648,-0.015031664857894526,-0.00817762172940314,8.233237397080904E-4,0.2500876865963872,0.5222015352708405,-3.306323204854912,0.6584469637328612
-0.010521944892333206,-0.015031095243790704,-0.008173126524454254,8.479149933499358E-4,0.2493978547859785,0.5012754233337652,-3.3042455764145195,0.6782001745736518
-0.010486175255560126,-0.015049011869801926,-0.008151069105639465,7.848835539339343E-4,0.24712219042442254,0.5415424224414531,-3.286801044433149,0.6253386077805062
-0.010499471773802496,-0.015044723176222404,-0.008154774329030307,8.074015582400292E-4,0.24745346539489263,0.5254896491983037,-3.2902471391242094,0.6439110719153228
-0.010537780669685927,-0.01503032811331457,-0.008168667375564652,8.732960321335244E-4,0.2487404427017829,0.4797601634143604,-3.302147877548619,0.6986291965013635
-0.010554325695497026,-0.01502965712952755,-0.008163570942746737,8.997181342380575E-4,0.2479889394901055,0.45725392789540636,-3.299592376115983,0.7198463176823484
-0.010571065149900303,-0.01502774643300099,-0.008160604439815458,9.269007040636636E-4,0.24752518292985284,0.4350440484464258,-3.298426403205934,0.7418409736560675
-0.010587322532849025,-0.015025678910302648,-0.008157939830050831,9.533666092990622E-4,0.24709624568232488,0.41354725654818475,-3.297370067576996,0.7632794209531387
-0.010603271503035276,-0.015023504333489953,-0.008155422414918673,9.793758564138003E-4,0.24669253232293967,0.39250126081348086,-3.2963335881340687,0.7843613068147385
-0.010618988751968123,-0.015021052812299979,-0.008153355570334074,0.0010051273707080948,0.2463447403284957,0.37186774002552947,-3.295531899051816,0.805273496252081
-0.010634347569429737,-0.015018138678431358,-0.008152159354902128,0.001030515153006917,0.24610845834457476,0.3518886295827673,-3.295251708359609,0.8259623587854222
-0.010649191071098995,-0.015015068340927478,-0.008151325043840486,0.0010551678924171084,0.24592433261622645,0.3326408675492259,-3.2951420787908314,0.8460920538042306
-0.010812960390337412,-0.014978728306135737,-0.008135872834158927,0.0013284651433358647,0.2436293701240209,0.11909221509208066,-3.285788056379697,1.0692051920771117
-0.015283696602276816,-0.009332709259682572,9.628726107806842E-4,0.007641519518673707,0.24009683288343786,0.7611598055050686,2.9655912324083036,0.1978615574037925
-0.015302171790221794,-0.009373396974059067,8.988541676429753E-4,0.007625211674644167,0.2382357046141422,0.7096530203733756,2.953297813489965,0.23930204834471167
-0.0152767044343999,-0.009264157181887755,0.0010608182395528975,0.00762374615682014,0.23956246393053524,0.838753948210158,2.9560868775399,0.11947366288733606
-0.01529318919940728,-0.009226994609015389,0.0011039218639414226,0.007577358749299934,0.23642221949341016,0.871316321026571,2.926721635398731,0.07187799742290403
-0.0153080421474519,-0.009296682969940186,0.0010021609670357921,0.007583134880783369,0.23589210884588277,0.7905272574641605,2.9290601354568384,0.14829947738922844
-0.015315753654749208,-0.00918991244831922,0.0011429349874053025,0.007520167916016718,0.2326520428879796,0.8999100979289182,2.8901081264062864,0.024115408112853908
-0.0153258821151001,-0.009415621376872652,8.313706034178593E-4,0.007599151719510104,0.23575339544508453,0.6552627189291916,2.934401819620279,0.2799722376967165
-0.015315273912215004,-0.009115071032355782,0.0012423692909219483,0.007482558198829869,0.23141945575189485,0.9772027323756359,2.865279355686241,-0.060265180134345515
-0.015316828810433586,-0.00886607700153375,0.001558919217660958,0.007331065278711935,0.2279271764659933,1.219162550030981,2.7578701532676466,-0.3313265121414649
-0.015339295633855913,-0.008825312001431425,0.0015937488241563054,0.007267532379689418,0.22435609733967612,1.2420009852542364,2.7143981013341807,-0.3738653456113199
-0.015312848455384423,-0.008938510866054634,0.0014711901627594845,0.007384197145916563,0.22905451368563137,1.1531746800138747,2.79611791627943,-0.25401890873306127
-0.015329512444447089,-0.008900654797365338,0.0015079323032102469,0.007332784624349932,0.22582290066364047,1.1790749800816933,2.761263083955299,-0.2952666584493341
-0.015333391322144676,-0.009070424712979612,0.0012906974721103306,0.007427567750721759,0.22822839721680752,1.0128400743467196,2.829194481672903,-0.11259349242930942
-0.015337512096024089,-0.009025535392760228,0.001346012515311058,0.007395377845850085,0.2270620129511138,1.0547712673553649,2.8072360150373066,-0.16203326891669392
-0.015333310808995443,-0.008979739955219264,0.0014065993262220718,0.007375514363648997,0.22660095005843325,1.1015134543044498,2.7926811864423366,-0.2110933362430311
-0.015343911349212211,-0.009148978745053446,0.001182969844461339,0.007451431264881274,0.22815536372616643,0.9286187457631782,2.8457320281897522,-0.027638513742023692
-0.015335171344469796,-0.008726957517450376,0.0017137293049602502,0.007205743027309307,0.2237061538859553,1.331406223667576,2.666658295366758,-0.47354949292541987
-0.015333311870895266,-0.008618645301518499,0.0018400219221780844,0.007128353232697769,0.22330758045083712,1.423550012618698,2.6060318996209104,-0.5796133290316404
-0.01536281686828486,-0.008670512934633804,0.0017589853479710003,0.007121707426182722,0.22014144838309654,1.3601648332127,2.608307663526237,-0.5267210424272339
-0.015370078017676453,-0.00877607871806497,0.001631565005676114,0.007185115405739029,0.2200492246402934,1.2657498284220094,2.658581489280797,-0.42302047780286517
-0.015064681162771534,-0.0073750879397783044,0.0032208029522883394,0.006223351718560752,0.26532143838995537,2.2987993989697637,1.7823232043573696,-1.551541186253402
-0.015049529835728893,-0.007307990514773637,0.0032794894941923394,0.00615885731371748,0.26806802674524527,2.3238623040622106,1.7261340921863635,-1.5852764182549246
-0.015048332806144647,-0.007234600250336535,0.0033231835929258316,0.0060722361516838816,0.2688216196339596,2.331475736842141,1.6598635794655323,-1.6101669866492472
-0.015121199930023994,-0.0074197905495760694,0.0031265937462564494,0.006216819541329545,0.2571645844842754,2.2328139117085826,1.8002183488305057,-1.5020749262496584
-0.01516269354481663,-0.007549699877926331,0.0029927675730456248,0.006320090788028261,0.2502992554103865,2.162220781989816,1.8974005517214676,-1.4226088089599722
-0.015186144403462143,-0.007468945072977209,0.003020981554428402,0.006204197873634639,0.24798537301874327,2.1577020071111606,1.8165601599603243,-1.4463374497801542
-0.015377764178761534,-0.008552889008776257,0.0018788634969697773,0.007010379822570503,0.2178047016130484,1.4427225173983718,2.5256429209616607,-0.6344825345052382
-0.015168783071801327,-0.008049794648369727,0.002579816350708672,0.006853772192870076,0.24430919885115385,1.95791975335287,2.3311240415674352,-1.1144685951106517
-0.015202527505054778,-0.008100506255564724,0.0024978426637799482,0.006859366547816734,0.23947922949862957,1.8970251245595435,2.347840327329033,-1.0631009856834541
-0.01519424689135915,-0.007991261516072917,0.0026071735239348534,0.006759466328165982,0.24123897065146724,1.96365755641612,2.263188994216845,-1.1469497090725842
-0.015214063391830662,-0.007924721658641786,0.0026452334920491444,0.006664923234310891,0.23930258577384164,1.9765968871667055,2.1933458590298045,-1.1844716448418742
-0.015368178903356167,-0.008449770699547944,0.001996836105355679,0.006942541801392247,0.21890180056198325,1.5266033603812514,2.4692884314434624,-0.7277442799937629
-0.01538554243935441,-0.008492757112051977,0.001937427901618314,0.006951714467559771,0.21636981068103758,1.4821134916941845,2.4815641257898426,-0.6868046717601382
-0.015233931022023202,-0.00815012458893994,0.0024194858812494314,0.00686515146966244,0.23565320410420695,1.83856525147568,2.3636492719844604,-1.0133944701955302
-0.015267583294936956,-0.008199386249971777,0.0023395198750542617,0.006865686858798581,0.23100926923218099,1.778003363564365,2.3755507073974242,-0.9632294438436758
-0.015290184816937353,-0.008244924531878165,0.0022737646688453525,0.006876422876551072,0.22812274272299177,1.729793235016412,2.3917856993858644,-0.9197419764098349
-0.015332773925639934,-0.008257036171433908,0.0022232148001314522,0.006827908624715379,0.2232808947627833,1.6853667360856963,2.3669753803751403,-0.8971695160676652
-0.015331421396823666,-0.008384152887154031,0.0020960793340634777,0.006941079534494466,0.22304432838374952,1.6023359680861182,2.457097297882298,-0.7927092006240483
-0.015359920803670444,-0.008302761806379412,0.002154094544391245,0.006830340140167508,0.21947712047053494,1.633383969528955,2.3776569964295966,-0.8528864921446732
-0.015179129417118867,-0.007745495446407655,0.0028298817194810943,0.006517581050296431,0.2457213035174233,2.085877594727352,2.0610496308311244,-1.3121408122608307
-0.015172046752068376,-0.007678061716236033,0.0028894670253171665,0.006452195592474255,0.2468350070107645,2.1159205830141765,2.006049139682983,-1.3529517108086875
-0.015208279572165893,-0.007614786237709803,0.002896299319876353,0.006341229501065923,0.24340201271286332,2.0991930304129816,1.9318108015541837,-1.3676146665929398
-0.015228649690573725,-0.007853661637075841,0.002690014848320533,0.006572573937565306,0.2382538975675116,1.9941141197999561,2.124188599549958,-1.223955700932289
-0.015241921183415661,-0.007779881879865239,0.002735650821935771,0.006479032611447431,0.23706918176771494,2.010858008044249,2.0541055763050626,-1.2623693155222506
-0.015059544290711938,-0.007137276943721894,0.003362105746729714,0.005945438592332596,0.26936371601790005,2.3248784622685617,1.5694529097615388,-1.6312082843613465
-0.015011112189059567,-0.006827046208184992,0.0035607291655170323,0.005614430722085514,0.2777945078596886,2.358308005632781,1.3149459042675433,-1.7178320634633912
-0.015052368459388094,-0.006954585341127294,0.0034580222770813135,0.005733966158366134,0.2712230169015777,2.3294004046471666,1.414237558258273,-1.6749558550885835
-0.01509410571785868,-0.007058759133304462,0.0033606270767233505,0.005821499352867846,0.26532013679881145,2.291269216038339,1.4937330010319616,-1.630144108459215
-0.015092111117706749,-0.00669647509433151,0.003513746225587789,0.005400054993567,0.26755868077944306,2.2685147242638433,1.2046803456204511,-1.6839454527226805
-0.01486575228781224,-0.0061836359899721145,0.0039136716358068565,0.004936417792911642,0.2954669847635792,2.340375824393971,0.8377434153445564,-1.7965776177560238
-0.014996706740905225,-0.006248326016238298,0.003748884051842531,0.0049431456646368424,0.278626235300371,2.257950505618353,0.8935646610731339,-1.7353369043742986
-0.014859796627873307,-0.005979030091486151,0.003951366701191553,0.004700855146035471,0.2937337938325167,2.278193978023222,0.7127745758606574,-1.7739248942806969
-0.01482768214071626,-0.005774686806125182,0.004008745495843717,0.0044816818544153045,0.2930966457696825,2.228164947263972,0.5961730444302256,-1.7553938776240157
-0.014761150220933128,-0.005566941364264071,0.004094512787789572,0.00427295011014888,0.29505472671123023,2.1916040715417497,0.4813011155855933,-1.742328578534483
-0.014754040945386836,-0.0053843914333492875,0.004105776499474977,0.004076792339887735,0.2904075491470797,2.12699217727867,0.4015209975352807,-1.7055898728976213
-0.015023981838048775,-0.006425707620761261,0.0036756554643772926,0.005131705494278522,0.2754959424760481,2.2778522660552407,1.0124376354385711,-1.7285800062220977
-0.015104318502999307,-0.006552109099728785,0.0035473645549595825,0.005225760294003566,0.2665656152185613,2.23657372228067,1.0996284308193545,-1.6849100924527918
-0.015121191902741433,-0.006292746768845021,0.003598839359316478,0.004923773102529109,0.26482596265408026,2.1754693928814843,0.9282184598242491,-1.6747418673177414
-0.01482394742943492,-0.005196533068053337,0.004033123555307037,0.0038627036028212325,0.2739185688052644,2.024056171422286,0.3503718853674033,-1.6426688599131647
-0.009766281695204614,-0.015127870606205646,-0.00805995552217771,-3.670679742832416E-4,0.2463571943446887,1.4243349868216464,-3.110440481093171,-0.2967952437121872
-0.009785719837470197,-0.01513058737235921,-0.00805775318725052,-3.3624815443232813E-4,0.2457457863478336,1.3981979879729607,-3.1139950677383923,-0.2728370173357128
-0.010075398807787047,-0.015109534876163046,-0.008113405859644068,1.1984975792363436E-4,0.24800292461028223,1.0528864410985528,-3.211194734242865,0.08781969519205152
-0.010090288761969808,-0.015111708862111974,-0.008108346131400377,1.4334172524177086E-4,0.24709489425820771,1.0318714023462665,-3.210446641072462,0.10630800497796188
-0.010061345205004549,-0.0151169642752113,-0.008099559001690524,9.724734622799796E-5,0.24653262628024022,1.065181171217411,-3.1996686582970817,0.06931409401364469
-0.010030154326857478,-0.015111925435200355,-0.008110291486518558,4.7983571133933995E-5,0.24833135579833784,1.1094322245743031,-3.2009614105616024,0.030575342893711093
-0.010044478501464171,-0.015122129336397519,-0.008090081582600545,7.040992938215908E-5,0.24549081439370513,1.082717966941275,-3.190462491605609,0.04769742056600287
-0.010010615309928965,-0.01512185288358299,-0.008091173301569636,1.6937708609832196E-5,0.24622248081698772,1.1262624026726706,-3.1848400746863663,0.005323259187089807
-0.009990103988432503,-0.015123638986168203,-0.008087643767581068,-1.54364486032183E-5,0.24614637111133558,1.1508362674713193,-3.178590185413422,-0.020357399794827747
-0.00982613244909866,-0.01512890890764001,-0.008066531245089178,-2.7318913862473747E-4,0.24621003048041443,1.3507060379210118,-3.1294199518865446,-0.22350554082730437
-0.009806287396252125,-0.015133687077192693,-0.008054705844645986,-3.036474787336352E-4,0.244953506190463,1.3702756282373763,-3.117176566311054,-0.2474810716047742
-0.009840751437642733,-0.01514081559315177,-0.008045206601024884,-2.4892200728005E-4,0.24325569081789916,1.3215408315946704,-3.1194571111199525,-0.20486347281570358
-0.009932753024125454,-0.015124835336092301,-0.008083628016592693,-1.058673613882706E-4,0.24656248332240763,1.222245620485196,-3.164305626502747,-0.09185854195795874
-0.009915467638305501,-0.015130720901013407,-0.008071238148148543,-1.327519038313777E-4,0.24528796072158648,1.2386134894362655,-3.152697776223205,-0.11326962181873142
-0.009902273797299578,-0.015125063539638961,-0.008081356394748619,-1.5388272617338365E-4,0.24684834495128366,1.2601807540962608,-3.15629095412975,-0.129661570339809
-0.009860643317196015,-0.015134258732358555,-0.008059990815313771,-2.185044927892521E-4,0.2448045178774902,1.3032906092289724,-3.1333925104628713,-0.18081018315459232
-0.009884550032783178,-0.015129943409591843,-0.008070526062981661,-1.8138557505965633E-4,0.24581626401531095,1.2777641806040936,-3.145457101607692,-0.15151834219942825
-0.00997053793886554,-0.015134164980175542,-0.008066887601569142,-4.606638374607884E-5,0.24386156261434408,1.166672967767597,-3.1613183805087957,-0.045213483637561634
-0.009948093546653667,-0.015142108648209964,-0.00805081989237721,-8.101190756099057E-5,0.2422187288603018,1.1879955074811417,-3.146464020792529,-0.07318114219276518
-0.010107467431107166,-0.015111926941015132,-0.00810678302197146,1.7054780127097584E-4,0.24664902505929054,1.0093538713855956,-3.2122975834073344,0.12792756669640679
-0.010160469500533911,-0.015103595903947102,-0.008118205586311588,2.553504621352035E-4,0.24724762932033703,0.9462575389849633,-3.228276445271868,0.19611166984525352
-0.010143725569222484,-0.015108825427672527,-0.00810974826788452,2.282554243677421E-4,0.24645475524589008,0.9643730326123378,-3.2200949942815895,0.17408767100166644
-0.010124977984852304,-0.015111411310866078,-0.008106416710295777,1.983214621886042E-4,0.24633325581436868,0.9869273393978294,-3.2149201858033094,0.1500666560979648
-0.01018965228000003,-0.015112164984308852,-0.008098047527416585,3.00525813825879E-4,0.24435246636144337,0.9017635025738201,-3.2192612947647086,0.23136718086481392
-0.010173780149323894,-0.015114602257997174,-0.008095274672799059,2.7516432922535975E-4,0.24415612046783366,0.920821167156021,-3.215114185118236,0.2109733493981169
-0.010200606309654053,-0.015125095549605947,-0.008071550408224668,3.1606084634514745E-4,0.24100826699261302,0.878419264724573,-3.203331576261275,0.24267624038775687
-0.009757022740606299,-0.015143526909056692,-0.00802817980245282,-3.788803386360974E-4,0.24253903657806952,1.4198032708491655,-3.088283564121361,-0.3063284945522872
-0.00974011219838885,-0.015148736816360772,-0.008015205919201364,-4.041727337217201E-4,0.24115835257337234,1.4346776393726508,-3.075889906492236,-0.3260933072573819
-0.00934749541711656,-0.015166961679596844,-0.007859246101472856,-9.915020594932122E-4,0.22700125285528555,1.8435562096567788,-2.862141363943309,-0.7706285223296482
-0.009181856812167639,-0.015173103368468254,-0.007767675690177551,-0.0012270927527862731,0.21703419587847658,1.9927969952270972,-2.7487195397222504,-0.9405680351153297
-0.009235782779001918,-0.01515520360991174,-0.007828327995134164,-0.0011593946057438527,0.22425845438958744,1.9660932359797763,-2.802793136231578,-0.8933034370770709
-0.009211686756089833,-0.01517384498524737,-0.007781988489326678,-0.0011843728631348173,0.21863086489805178,1.964784701455183,-2.7683207955484876,-0.9100552898404615
-0.00930934006026975,-0.01516825852751121,-0.00783981674985258,-0.0010466044461823322,0.22496096666465962,1.8795001521282757,-2.8373265788151296,-0.8108853927545231
-0.009271169221805348,-0.015164435135389632,-0.007828886036031187,-0.001103765206803771,0.2238293850696316,1.9209919961119584,-2.816894097118739,-0.852592577868536
-0.009502506899856074,-0.015164589285494627,-0.00792348529396574,-7.625202904048297E-4,0.23316633002291873,1.6860117620431316,-2.9518457643615164,-0.6002450288400395
-0.009551953664668766,-0.015155035227675917,-0.007957402066538556,-6.910010272305895E-4,0.2368574600771791,1.642931521712198,-2.9874073232505416,-0.5462831765851094
-0.009528359241258694,-0.01516425705473897,-0.007932591386674057,-7.237743385325444E-4,0.23387085415664374,1.6584992461108705,-2.9653856584100757,-0.5710331777905849
-0.009378599235000853,-0.015180827164484507,-0.0078467420679153,-9.401047495226383E-4,0.2249490989036861,1.7958490721090665,-2.8661187200728864,-0.7322017000237427
-0.009403392020570753,-0.015188640839803596,-0.007842303393679147,-9.006569701315763E-4,0.2242023491971717,1.761703975721708,-2.8721642245954064,-0.7027703077376478
-0.009360389742112599,-0.015199013391979039,-0.007805655692228107,-9.59033069230499E-4,0.22030668270916304,1.7924672124618648,-2.836676816715137,-0.7453244136740488
-0.00943016588046552,-0.015179441446289046,-0.007869756304756519,-8.648691889398643E-4,0.22723051358499077,1.7450616279039424,-2.8969209050368185,-0.6765532944415176
-0.009462092819413624,-0.015185899153211736,-0.00786953307354263,-8.153145325252357E-4,0.22681283507530595,1.7045788044102055,-2.9073335634262203,-0.6394465200768383
-0.00949022926942493,-0.015191785794053204,-0.007868396543116272,-7.716240460142572E-4,0.22628804019229973,1.6684724110788054,-2.9157285795742314,-0.6065964870675883
-0.008824069130332568,-0.01518557595184713,-0.007519291131357771,-0.0017024414990280845,0.18781047791449096,2.2570596928031055,-2.4662772489500986,-1.2615740407492098
-0.008763333190398766,-0.0151918177483916,-0.007463863327948464,-0.0017748157893801078,0.1813433491183882,2.2876017596674676,-2.4114068615399336,-1.306480248300227
-0.008798684189058251,-0.015206149973600099,-0.0074662522815198565,-0.001719716093151149,0.18170741968836399,2.2452700641693473,-2.430177745750981,-1.2693860947963813
-0.00914305060487653,-0.015168751814709815,-0.007754333275314293,-0.0012841845328639054,0.2157186216197566,2.0328472728181803,-2.725822918432734,-0.9812456791657002
-0.009107028601964414,-0.015176244167051219,-0.007720448404718204,-0.0013302673859277182,0.2117235151615592,2.0542154916741073,-2.6931621959682475,-1.0128617287273924
-0.009056244672349022,-0.015174027263668777,-0.007694326127304003,-0.0014017312818513548,0.2087377449650983,2.099559411699228,-2.657915132576362,-1.0626086125203928
-0.009080811019841989,-0.015183237546800324,-0.007692692221251446,-0.0013624385130663623,0.2084534761541747,2.0670520819963643,-2.667728015137457,-1.0345567268718376
-0.009034336412439264,-0.015190526198452075,-0.007651850785928174,-0.0014215644424402931,0.20383062124488377,2.0954408605334924,-2.627096772334888,-1.0745262771345527
-0.008857173955590495,-0.015190583529394964,-0.0075345515710306754,-0.0016562698635172793,0.1898971269163963,2.2276527633604624,-2.4894173440443734,-1.2310287369059152
-0.00900280394586543,-0.015190020203867498,-0.007633116966553183,-0.0014645010333550503,0.20158880396490497,2.1211098354845777,-2.6038496928621644,-1.10386566635856
-0.00896683004402332,-0.015189515587775121,-0.007610929305197682,-0.0015130358619825411,0.19895839880238042,2.1495039164831504,-2.5768164772418203,-1.1365937354475542
-0.008928668369424835,-0.015179611849274265,-0.007602763310916394,-0.0015703096914526677,0.19813643550422746,2.191317135062386,-2.555338974226064,-1.1758212815031426
-0.008890725992643823,-0.01519789014650709,-0.007545532417168864,-0.0016076704342776942,0.19115029941412692,2.194266406326475,-2.5105812550611932,-1.19838196426299
-0.008695509679610703,-0.015214963176328991,-0.007373899695877511,-0.001840803642625009,0.17070271291358682,2.2962044512997477,-2.338742382458303,-1.3432222883774367
-0.008736520348107764,-0.015224525917816542,-0.007389714852603833,-0.0017833895218204437,0.17299401863929728,2.2589266875533975,-2.3662436579002057,-1.3062728443340978
-0.009658680382017986,-0.015142840546358772,-0.008009567409633283,-5.311469127420614E-4,0.24171427714192736,1.5358034397574338,-3.0503561377050183,-0.424109726189378
-0.009719385411437029,-0.015153820147755542,-0.008001576233709945,-4.352261583290469E-4,0.2397367222926403,1.4539379348801942,-3.0620405805837,-0.3502501890841638
-0.009680187162660243,-0.015153187696292331,-0.007994660739870303,-4.95693779608861E-4,0.23950045977197973,1.5001659078471101,-3.047244697324761,-0.39690720174755484
-0.009700019186416484,-0.015160381694340822,-0.00798514614260289,-4.6369890625140564E-4,0.2379083931432738,1.469838176908201,-3.046793693036893,-0.37232475079369476
-0.009637407568430699,-0.015158867272386625,-0.007973790623346176,-5.598949723923338E-4,0.23756622288495147,1.5431677780992301,-3.0225993109808758,-0.44624601405471503
-0.009577517007713365,-0.015167016400828431,-0.007942281933520397,-6.487535132092636E-4,0.23435055955899917,1.601576906487401,-2.9861925129780595,-0.5141031693131931
-0.009610152396920353,-0.015173689246529398,-0.007938668476429237,-5.97529791315061E-4,0.2335981854100728,1.5582484511958672,-2.99362374969242,-0.4751411863907023
-0.008034546724132978,-0.015105524286083909,-0.006922802119226703,-0.0026598630335506837,0.10998524099545832,2.6905760000530354,-1.7892698094745854,-1.797508262273441
-0.007981186973762521,-0.015103768205130465,-0.006867934048903206,-0.0027112635427749073,0.10300657996299807,2.699458575797872,-1.7393980934417375,-1.818178552869112
-0.007926788700142717,-0.015095975394337983,-0.006819087946243013,-0.002768768018772391,0.09673707449847041,2.715432465410894,-1.6900838865299967,-1.8425613319875571
-0.007870473642836532,-0.015078783748000956,-0.006779048766384361,-0.002837178962567443,0.09017928724606467,2.7429520595656647,-1.6407830894012883,-1.8734438710522958
-0.007830122682411662,-0.015045074914708374,-0.006776693674591891,-0.0029097606547050995,0.08863682575854433,2.7921792596340027,-1.6078668399448062,-1.912448733969581
-0.007776760815806913,-0.015044857045916548,-0.006715733027020583,-0.002954576418777419,0.08041753707282663,2.791481283994475,-1.5573149194058382,-1.9258792256060644
-0.007726066721896133,-0.01503519288825585,-0.006668875606436676,-0.0030067373389016747,0.07403796215074213,2.802709185967047,-1.5111068157670555,-1.9446149233525953
-0.0076370989945552135,-0.01503196755404121,-0.006568353773286881,-0.0030793753158850465,0.061672841652664935,2.7994488390341092,-1.4294780077156855,-1.963232862077774
-0.0076848372258344734,-0.015052821330254009,-0.006599536593392229,-0.003018547927066317,0.06739049252667324,2.774975584415242,-1.4719426833358458,-1.9379447834430366
-0.007593688440026447,-0.015065736568319799,-0.00647822572587813,-0.0030717694818307513,0.05414886922100568,2.7486983363525948,-1.3901178906497365,-1.9421268325601475
-0.007469925914143103,-0.015074428827601877,-0.006323656618037768,-0.0031474898474427985,0.03726138039525173,2.719974326832356,-1.2838299385257776,-1.949276783003132
-0.007536081403894905,-0.015064155781794843,-0.006412588123946398,-0.0031145402377302177,0.04577242157507552,2.7431795629314943,-1.3398194990498744,-1.9506853323217508
-0.007397354296968542,-0.015052780423370937,-0.006260836014562608,-0.0032201549923908815,0.02852218308535612,2.7340475103432764,-1.2222530022827567,-1.9710569791327432
-0.0073145737713381865,-0.01505828681264776,-0.006156634122049802,-0.003264315680369913,0.01804065227434962,2.709489243124265,-1.1557746739480157,-1.9696423428595835
-0.007238368139483173,-0.015045660079349698,-0.006078020051985111,-0.0033234108019794613,0.008692864320490578,2.706150601863296,-1.0941359975437865,-1.9796014549673089
-0.00807524195490614,-0.015158996370590294,-0.006892268104079668,-0.002565428420327929,0.10922121330580493,2.6077150878136366,-1.8121395120997517,-1.738724293185861
-0.008345408409180752,-0.015167077843478392,-0.007147196580293031,-0.0022839434503640413,0.14110102704537777,2.5262341061297913,-2.057116063612096,-1.6044974847142586
-0.008232349949868354,-0.015133992835741565,-0.007086611107538486,-0.002435239306354513,0.13227440108236319,2.6087324100262745,-1.9664841848637615,-1.6887438220700057
-0.008290486788692701,-0.015161263929737887,-0.0071035673270307105,-0.002347960930194964,0.13531592084789465,2.552551577802415,-2.009119429144612,-1.6384184925965897
-0.00813643966212409,-0.015177987060932725,-0.006928202220911189,-0.0024874534541405725,0.11399100708201691,2.5692950700205945,-1.861769184259593,-1.6987313079157342
-0.00818760730975646,-0.015178725537405508,-0.006978036211694976,-0.0024363024457625827,0.120749954786227,2.556406864328492,-1.9079872404528495,-1.6753799718772087
-0.008649739475032255,-0.015211276699161452,-0.007343809131261698,-0.0018988634892151718,0.16691653934312775,2.3270821888265645,-2.3024573625984277,-1.3791258472389378
-0.008597027191516041,-0.015204419049344437,-0.007311937282958648,-0.001967043895134862,0.1627489219650158,2.364521722486335,-2.261721178659617,-1.4207577402440723
-0.008546063456494956,-0.015212501009939414,-0.00725669049123923,-0.002019668713836982,0.1564067824715346,2.378832157770935,-2.212834386816459,-1.4495625973934236
-0.008370696577865131,-0.015216733457554449,-0.007096478493527008,-0.002210876439363446,0.1368907294770798,2.447093585379515,-2.056831771356951,-1.5532532577979004
-0.00843528812130969,-0.015208813649400688,-0.007166435241445308,-0.0021477643606685783,0.14485832102167498,2.4330843166876264,-2.117812882215885,-1.5218375718519692
-0.008494318467389697,-0.015213510451160478,-0.007210974102935115,-0.0020777610538181665,0.15084962707054037,2.4013028670139485,-2.167125423990102,-1.4822189806866002
-0.006782160382313274,-0.014946422597207264,-0.005607641644540339,-0.0036553628083251855,-0.04343749066415377,2.6600113893968484,-0.7478510687763433,-2.006920409265301
-0.006887997256787932,-0.014971348482243978,-0.005718130333021918,-0.0035834001055712024,-0.03191579968592697,2.6752998724026185,-0.8238136808916223,-2.006641486215401
-0.006989991281246615,-0.015004136106154404,-0.0058155956932024406,-0.0034992098163812847,-0.019929222883890135,2.6773787137004796,-0.9024552039774038,-1.9956243917830652
-0.0070374770578231025,-0.015075643341917886,-0.00581111168322013,-0.0033915089818835837,-0.015672369904034422,2.616106649896827,-0.9506120444430127,-1.9506956137675673
-0.007110940811300719,-0.015106112938634154,-0.0058706983729831215,-0.00331954680842885,-0.007267631952491137,2.6039438484933903,-1.0076691558179556,-1.9338098454861665
-0.007187285932259394,-0.015102258249104024,-0.005963616520762899,-0.003284237748797826,0.0017950774303943505,2.6274464499433257,-1.0633146049150424,-1.9377222739195354
-0.005309749327927889,-0.014656190648873874,-0.004018580389081045,-0.0042093716692331576,-0.14094899384569223,2.168689706652543,-0.029340535238355146,-1.7488733065993916
-0.005464625227109222,-0.014762983109976013,-0.004159126502937968,-0.004093764081052015,-0.13126645130730538,2.191767214038301,-0.11086710153845669,-1.762755265180264
-0.005619961781270059,-0.0148180232215269,-0.004311787267754048,-0.004028091326595283,-0.12362118892276396,2.2343232976497838,-0.17583532817635536,-1.7877982469002538
-0.004613990826434919,-0.014448043030707729,-0.003331356272386787,-0.0043746792573939935,-0.15422028013437408,1.9318691051933803,0.1613116720998812,-1.5908165216465517
-0.004771378705265266,-0.01464924597869746,-0.0034662614790712198,-0.004191405505386698,-0.14308051991185683,1.9456076291331836,0.06452287497657694,-1.6008167522860508
-0.004964437675980279,-0.014715760854975597,-0.0036477939314283427,-0.004136039232001925,-0.14011778735659364,2.0003812957660405,0.011298100071949466,-1.6394524889024569
-0.005144954305185941,-0.014753719623081713,-0.003823831459597722,-0.0041033254060905645,-0.13628697240380827,2.059670500449194,-0.035857088625400546,-1.6776332714416564
-0.006659397755923029,-0.014964283600211755,-0.005445253472809025,-0.0036764829057680417,-0.054262591197478297,2.591798950764211,-0.6780319790767396,-1.974402018895312
-0.0065032134278857874,-0.015036712266512375,-0.0052119544357258985,-0.003638473748456096,-0.0662033597988201,2.4660631809666698,-0.6130769879713308,-1.9045745774476948
-0.005788168247597865,-0.014870588735424668,-0.004479090731465969,-0.0039582142790376175,-0.11533758796730474,2.280307337906114,-0.24783782896997184,-1.815337272653146
-0.0059732838860402085,-0.014910856026814065,-0.004670406903837556,-0.0038923320078634587,-0.10544675499745758,2.336394588065675,-0.33001634924360473,-1.8465699493280872
-0.006197725745229268,-0.015033030077006584,-0.0048648253597494235,-0.0037167106015152424,-0.08611203189236456,2.349189376816374,-0.46513414836431183,-1.8453936849265455
-0.006359540249032124,-0.01514255585290736,-0.004983839150542859,-0.0035573752890101606,-0.07158260147345326,2.3297402809504018,-0.5728622282088504,-1.8230280250684514
-0.013738812483341741,-0.002403644188855752,0.004595728418458332,0.0014603261372407846,0.19557569579784664,1.3530115118703332,-0.227836305907385,-1.168301991705216
-0.013702340392753393,-0.002948811313310408,0.0047250081697876095,0.0018434383108892284,0.22445010045481226,1.4838823453193761,-0.26620102567267206,-1.264930746362021
-0.01383440495040476,-0.0026641230423054252,0.0045741514950989265,0.0016542160094175774,0.20403623769990156,1.4133008228139343,-0.22213817174631653,-1.2165915258226896
-0.014534558181409023,-0.004859080651776391,0.0043137153839573035,0.003569250183495811,0.290093124681301,2.0183363162965757,0.16428762173391423,-1.646825384710606
-0.014777839713119315,-0.004926957970477008,0.004074267832092044,0.003601111087917984,0.26894806472426763,1.952769158706601,0.25313865744254205,-1.5994150019600524
-0.014498541103937812,-0.004542138566859918,0.00431922360578895,0.0032594694642396616,0.27714752514768576,1.9097744821590228,0.07880106990654188,-1.5754982209287933
-0.014252548348413175,-0.004127839500496121,0.004494296723202943,0.0028763224291661373,0.2717861404310376,1.8173635456471595,-0.06473303865032819,-1.5117824207418125
-0.01446019324435644,-0.004280838949695352,0.004325178490603562,0.003015540125086965,0.26548012746317123,1.8267051150940117,0.019266846758349197,-1.5179484810283794
-0.014229867164911966,-0.0038388924089867113,0.004468336017404737,0.0026181025773436475,0.2551655737920601,1.7215042176753297,-0.10143959846641638,-1.4444443487340417
-0.014096640946493467,-0.0035343265714562026,0.004529095997732029,0.0023515492679629917,0.2437985601603608,1.6401725307374988,-0.15954390122135298,-1.3844999604564674
-0.013913557223541597,-0.0032232168339963994,0.00461859741338455,0.0020822369804923014,0.23405683373034017,1.558978550407704,-0.21639215505985296,-1.3228746630088717
-0.012999541571475832,0.0015670998694352672,0.004913445483364997,-8.273310386736891E-4,0.1675949643253372,1.1246647980045683,0.2595128886228808,-0.990542314568424
-0.013590414159750125,0.0017394853773274176,0.004589174170493072,-0.0010099114254327089,0.17092310271743957,1.2233413946820297,0.19766042441414433,-1.0707698096359755
-0.012998246582216284,-0.0017371548915867175,0.004943240092043575,9.235190160798266E-4,0.17415009485652877,1.1510305972274828,-0.28755032542027226,-1.0084587725310643
-0.013281621274889136,-0.0020168154987903,0.004825012527761711,0.0011388280557228221,0.18487379895988396,1.2379723781919698,-0.27887158184538907,-1.0788701377685455
-0.013014507004956455,-0.001196094195827612,0.004852094429176581,6.247101369968051E-4,0.15697253247876805,1.0798743482995103,-0.19903499027251415,-0.9573651797459132
-0.0130037092579936,9.501290483887612E-4,0.004830637469874703,-4.918720719630211E-4,0.15136714340101667,1.0532423784977267,0.15771110258090046,-0.9377043338805874
-0.012815348757575127,4.3904592648824186E-4,0.004889258684024813,-2.1648026040901094E-4,0.14386693963255323,0.9897294823003089,0.08073353775779327,-0.8874376336124715
-0.01296370187579337,-6.346182189261976E-4,0.004825352121865565,3.239316872715927E-4,0.1458070256659314,1.0254018317713782,-0.10837730678735656,-0.9167467685787943
-0.012956875053205794,-6.38564780970159E-5,0.0048079300730188845,3.249216863269628E-5,0.1417840603283641,1.005814938200176,-0.010221644746706076,-0.9027646589702328
-0.013636009690537442,-0.0020662940095568624,0.004608660678031726,0.0012224878463479164,0.18064287602295395,1.2804132580950436,-0.22069019271054283,-1.1151780541851297
-0.014120961636545193,0.0020367454831877736,0.004285563316305487,-0.001251447960423797,0.17029482697326667,1.2973671472924526,0.14076509121201244,-1.1316445589473891
-0.022684568587038333,0.012672702912794173,-1.2897883474686158E-4,-0.001173694946236592,0.12017739494470805,-0.19042482927016427,-0.4579755281439572,0.21838944335498692
-0.021906099689480162,0.01190852314959891,-1.7208871381710862E-4,-0.0016430869109269614,0.07964960989801888,-0.1899750072698169,-0.5200043325381016,0.224320975975124
-0.021245130787955462,0.010873585094079435,-1.3000969021611218E-4,-0.0020868188599178533,0.045316805473041726,-0.1185130323421999,-0.6044831070835625,0.16144436287864403
-0.02177381492561154,0.011234996343159928,-1.3031202855784925E-4,-0.001773071781736049,0.05877010229077097,-0.1376269389174557,-0.5535756267549673,0.17429910959383407
-0.02060316199354521,0.009910010513623014,-8.2080230771027E-6,-0.0024875797802568086,0.02201911533770727,-0.0010198684632509133,-0.6901792293834178,0.05359800464823348
-0.021265908739782666,0.010261886142684511,-5.3426852647662144E-5,-0.0021018499270566084,0.02693351048211312,-0.04709640626911326,-0.6153529763248323,0.0891021559529306
-0.019976025897440765,0.00897329095501714,2.0919328197286505E-4,-0.0028228640879036063,0.01004009477710067,0.16849576350885356,-0.7629851896773566,-0.10211789745104886
-0.020605504071960195,0.009296588825164,9.873532014400848E-5,-0.0024689777766728777,0.006626104789954943,0.08905345671051758,-0.6849064062748172,-0.03672004134904966
-0.019156756387714007,0.007872089507704053,6.184791447268691E-4,-0.00314787634141988,0.012668012157203614,0.44185975530731775,-0.8185374246374814,-0.3519955374746937
-0.019424376634182894,0.008228155533096852,4.675340802676437E-4,-0.0030590356650275928,0.009289883324546081,0.3458389744863129,-0.8074332848945435,-0.2635243195852148
-0.01994155976785506,0.008407432189507432,3.3714604258614487E-4,-0.0027739055736730844,-2.545494096789608E-4,0.26542992361326356,-0.7402754143032463,-0.198985479968067
-0.018695519455331572,0.006893687391884032,0.0010098096022178175,-0.003123215477489258,0.018176296647490185,0.6743335180213527,-0.7589092632618576,-0.5681944805111449
-0.019103153781010258,0.0073287323724923505,7.695778610630929E-4,-0.0030326770919140984,0.007392446490447845,0.5390782649027913,-0.7626057867895895,-0.4480928007934196
-0.0180891590811092,0.006212968676266133,0.0014256905592312577,-0.003167326714206872,0.04035524543893971,0.8854522048935803,-0.7093677263122206,-0.7563298010366707
-0.01862128811941388,0.00636827812946495,0.0011567671433146004,-0.0029592327245147494,0.015619271338992958,0.7517770557628719,-0.6836626457149473,-0.6468994237486628
-0.016925824036643555,0.0050252344032462835,0.00231180948772455,-0.003021045575458679,0.0978561446476454,1.238864778592365,-0.5135607175363947,-1.0649595568610162
-0.01730473069690934,0.0050776607240743754,0.0020657448503125985,-0.002908603475172363,0.07413383753888947,1.1387248464988264,-0.5238599033847735,-0.9851443482592563
-0.01758870181659705,0.00536466240985955,0.0018545885167469379,-0.002960961405446116,0.060395183398110286,1.0609992964793287,-0.5747202540652486,-0.9178505925693329
-0.017886045454482226,0.005726641083690992,0.0016278956007878948,-0.0030249720786235845,0.04628875016170831,0.9712846922043209,-0.6312151449671158,-0.8380866219499964
-0.017673407797855412,0.0049458724090621735,0.0018696898635540901,-0.002691172552703696,0.051781544722154425,1.05042850126153,-0.49426068255384675,-0.9169879364939506
-0.016694111457217952,0.004666584240816466,0.0025095734760693794,-0.002863301858166974,0.10742374381392718,1.2869783375840889,-0.4329269749608738,-1.1088184880840284
-0.016373171332474918,0.004436205477225156,0.0027534488250067516,-0.002799711708229948,0.126337407789441,1.3538673620075439,-0.3706465089861688,-1.1655773045026474
-0.01617969937510952,0.0040089892783547725,0.002915825768084784,-0.0025437672021925623,0.1304221004182163,1.3604542587398962,-0.27970887657040994,-1.1757172754003615
-0.015515690582102955,0.003243262349743763,0.003398317405071357,-0.0020961170281021276,0.15224855265409018,1.390741490689836,-0.10393725816900386,-1.2049246997311946
-0.01461956450139153,0.0023974780496003475,0.003984391477478238,-0.0015221940126071162,0.1677015138832101,1.3489365960702515,0.07150998095459014,-1.1727819585897004
-0.015334090370841852,0.0029025614494874777,0.0035158854411615164,-0.0018662407101239264,0.15234572158927226,1.3666055514798165,-0.051391600026093436,-1.1871227007485319
-0.015104022085031433,0.00255145655359193,0.00365904317169833,-0.0016293667485848622,0.15266782118810962,1.3417383772407432,-0.0010567764568538876,-1.1675019061275083
-0.01590885497290692,0.00350065683724449,0.003119557081926142,-0.0022319043524355255,0.13603699388182308,1.358740809688815,-0.1802085401600134,-1.1788655083532318
-0.02387284260413219,0.012059964663708891,-2.733980395430876E-5,-6.219154012818481E-4,0.1322580850008566,-0.0855279576436262,-0.4770014251282513,0.11172569032490133
-0.025,0.01149341090407286,0,0,0.13766076997641022,-0.0023972361008368632,-0.5428191816235987,0.034731094130472026
0.0051261175601695925,-0.01631356656172428,0.0033213564250533516,-0.00272601930700972,-0.05155290875779744,1.4986226147563808,0.39079449858530707,-1.2693520404534544
0.004667636688749466,-0.016238586297316022,0.003005724000943895,-0.002831394494285896,-0.05611031443279118,1.466594264664517,0.2946400719810582,-1.252105458356244
0.006416846131683151,-0.01736460684852366,0.0036730743147947386,-0.001751849211015924,-0.003326859883987177,1.1747562723215734,0.7231679031860859,-0.986529014982474
0.0071781255569280875,-0.017591489549653973,0.003931644528883219,-0.0013901988660539,0.007625219406649816,1.0290978837455589,0.8884908980900282,-0.8441931681840034
0.00678168619120945,-0.01750674106284598,0.0037869375728930344,-0.0015657625207183515,0.003077776664236264,1.1000884357220102,0.8014148088640155,-0.9159027703067152
0.005317084712750064,-0.01666872107234007,0.0033191451862546405,-0.0024412520743530472,-0.03521791602084822,1.3998108770192843,0.4619592803885429,-1.1893800092100297
0.005526929966568462,-0.016923428131926398,0.0033513426261387444,-0.002231849559272931,-0.02479954785250031,1.3277033202328237,0.5190889030178252,-1.130022792539562
0.0060143535688986435,-0.017216609115422988,0.003517598602057818,-0.0019426626436922238,-0.010603708923811487,1.2365852365693668,0.6324757732744003,-1.0471222781258958
0.005587701653829793,-0.01722499768932571,0.003252764213002425,-0.002028437634121661,-0.012380386850322127,1.2345751109282455,0.5380870086996371,-1.056006537125021
0.007341800423647348,-0.017991341202175236,0.003732711166752264,-0.001154759750219938,0.01462421918699283,0.8806341080822079,0.8683874753104398,-0.7253588582707944
0.00843403814286442,-0.01877278486537814,0.003531633936082149,-5.393677982583187E-4,0.02035884921924538,0.5001791467568096,0.9081586782253875,-0.38748380190875037
0.00797521849453424,-0.018720216719080994,0.0034563000487438785,-7.000946569327142E-4,0.023203993040494395,0.5971006441702023,0.859435177040627,-0.4831221018583169
0.007597134808781487,-0.01844154758928173,0.0035274806152528174,-9.034877210154249E-4,0.021740707455369077,0.7228778880019712,0.8467040430252403,-0.5951171581803182
0.007659124656419736,-0.01888710729529234,0.003259884579809605,-7.467155746928391E-4,0.028603267961870526,0.6161327449653105,0.7891592924158803,-0.5110005147723125
0.012946449838898755,-0.022657747500273134,0.0011564238501635203,1.4106078578174496E-4,-0.11283858157067207,-0.17891135956715695,0.460328801123075,0.20620989979848156
0.012328914539877368,-0.02194822447967977,0.001574195797168087,1.9597466888112474E-4,-0.07420216995957342,-0.1835514933540561,0.5147451601878132,0.2177999883330317
0.011382085310852155,-0.021168279111156024,0.0020884422770775794,1.9810479258896936E-4,-0.03466999188255781,-0.12904538365831128,0.606574276571484,0.1722870330712318
0.011667758910225113,-0.021779085522155378,0.0017331397736054777,1.6689506277209196E-4,-0.05077423031557839,-0.1365814243856019,0.5503346267296816,0.17240414849439206
0.0104547842740754,-0.0204977261804287,0.002540057106548078,1.081727674739531E-4,-0.0062769542580350815,-0.01521414295251318,0.7018419453601519,0.07003016616476321
0.010742149210583588,-0.021182125656693317,0.0021301217887951533,1.1801512252940841E-4,-0.016710929289840085,-0.05330140697076478,0.6211816467883531,0.09642949770993696
0.009563129658508286,-0.019976629493111353,0.002863631583934375,-7.405778487768254E-5,0.012438032466549155,0.1472686518813943,0.7707167479752547,-0.07978845642374062
0.009845792710429901,-0.020475178532048072,0.002563800516601286,-3.4581384818217318E-6,0.007535789408230207,0.07820564031127979,0.7040315838482692,-0.023866332858276027
0.008651199854201626,-0.019238412683261954,0.0032544080291951444,-3.845742847418993E-4,0.0219327226989295,0.38498909607314463,0.844163776788185,-0.29398724197461523
0.009056298106354468,-0.01977100825099347,0.002959387448647967,-2.086668014471675E-4,0.02095177928274548,0.2514534606127928,0.7817533566746973,-0.17897807401750845
0.00244547990173943,-0.013828351339210938,0.0014994050851844173,-0.004541756143749052,-0.12700623626056548,1.2996099268283803,-0.3000922992449649,-1.130289314705906
0.0027719460997121122,-0.014211913625029266,0.0017687114861329421,-0.0043184883247288025,-0.12259616863713631,1.3927921469728675,-0.2399438237845026,-1.2027995607416517
0.0029578502271578894,-0.014640982427231115,0.0019240792619865355,-0.0040243466560323975,-0.11172573924249662,1.4292803840108972,-0.15075187771654006,-1.2336503927060714
0.0031724775922697315,-0.014967338721733232,0.0020804716023098534,-0.0037994359177759185,-0.10192985736798234,1.4530429163802552,-0.08081389743972898,-1.2509836312284561
0.00339389662738362,-0.01527095781113291,0.002228513963764148,-0.003584155664991162,-0.09235009458138473,1.4629029379361616,-0.011595215282892033,-1.259006976284608
0.004210022001616617,-0.016119323863575064,0.002701753563558573,-0.0029499797638298775,-0.06041669841543789,1.4378436855308756,0.2081659962717369,-1.2349449170416287
0.003598134346126488,-0.015574918387024973,0.0023489567661398414,-0.003362653031944343,-0.08084843027432952,1.4551443929257826,0.05682033002512398,-1.2521433690347783
0.003834296043182707,-0.015891305351579246,0.0024742145048599422,-0.003129142418101591,-0.06864073916145909,1.435593238865204,0.13047395187157737,-1.235313226170132
-0.002040146859819845,-0.013142662924056735,-0.0011284136827833195,-0.004915912430882469,-0.13196412245037561,1.1146814189160443,0.38315594283845167,-0.9828204843030832
-0.0014325990065975364,-0.013158078798149246,-7.733374071086158E-4,-0.004804979182766221,-0.12234988321347422,1.0272807958313626,0.26648618174654987,-0.9215623769217923
-0.0017382057497774702,-0.013542317419687588,-0.0010028398839883855,-0.0046195450629089516,-0.11782040354861914,1.1414435207585172,0.26200632883805375,-1.009445549063108
-8.043506926689062E-4,-0.013168376348956014,-4.27201722881859E-4,-0.0047317173630155975,-0.11401100140621949,0.9737687301069903,0.1488971277558405,-0.8811074227410183
-3.998196227963472E-5,-0.013094917027293302,-2.0871303172175536E-5,-0.004738582310094406,-0.1126071076542038,0.933022452777407,0.008097804843534348,-0.8505095635828692
0.0010961997659721782,-0.013258933376141781,5.949804036137829E-4,-0.004707746020667299,-0.11534433892722608,1.0153806431966925,-0.1929474909547225,-0.9132394064476509
5.973400583015651E-4,-0.013213908305472177,3.1816716962525796E-4,-0.004693041608838311,-0.1123268515002032,0.971988906540382,-0.1075184186309359,-0.8807563764888579
0.0012525115612135721,-0.013644718314334042,7.192980993205117E-4,-0.0045004257615358255,-0.11083442519841893,1.0977649777389424,-0.1792142861766064,-0.9794555019353378
0.0019955306832470914,-0.01384388477656194,0.0011992855499916813,-0.004463946099676702,-0.11721384857915064,1.2198712170355517,-0.2468530230985526,-1.0717249065127137
0.0015831352759040362,-0.013798516221318849,9.330008557189594E-4,-0.0044414538600751645,-0.11190633189037198,1.1565996074552907,-0.20493507503231298,-1.0248633630794115
-0.002501638079533364,-0.013373670616184144,-0.0014680800710794829,-0.0048631013339676425,-0.13886535061670335,1.2516874507290974,0.41350382791419665,-1.085741058263108
-0.0028055915311578136,-0.013467129804370304,-0.001697169693489202,-0.004865652961453658,-0.14521477302564106,1.3405534287540453,0.43483560401335913,-1.1512723002011622
-0.0030472625734715283,-0.013641736807476622,-0.0019065410012335615,-0.00479097005343482,-0.14848187042385871,1.42392313842643,0.4154408338325613,-1.2171003042477337
-0.0033794218439038085,-0.013772567939642433,-0.0021865606566634312,-0.004762157643379,-0.15460993157494232,1.5324270413557155,0.40895055214532666,-1.2979098482883726
-0.003436895314123117,-0.014130693109911814,-0.00227348905371252,-0.004483685143395231,-0.14460061741048488,1.556531228177812,0.2963785331757553,-1.3224006770135848
-0.0037020519619848273,-0.014224543605885155,-0.0024994498113931666,-0.0044498373841214715,-0.1454348597633491,1.6361735253523169,0.2731294946155109,-1.3795926044093076
-0.00412231074985327,-0.014387485709183086,-0.0028710873825952272,-0.0043702342647845985,-0.14821022739256917,1.7593750932586547,0.21304166862377968,-1.4696591994876835
-0.0038488819813032663,-0.01446413416690965,-0.00263078893971358,-0.004267217927707523,-0.13878503944540502,1.6616426605483647,0.1950626699786432,-1.4011391013711731
-0.004319632144467121,-0.014609284672236673,-0.0030425747865458486,-0.004191796409258542,-0.14062082556042502,1.7920656869399545,0.12420757298774288,-1.4951952810655234
0.012224725243147659,-0.02383686159102147,6.327606000506185E-4,3.064030515339467E-5,-0.12552156700874664,-0.06637864736770747,0.47766971596194097,0.0922287430184688
0.011493410904072555,-0.025,0,0,-0.12372741208094158,0.031080444830201528,0.5425330861847425,0.0016228878914118984
-0.014979806011692933,-0.010976717051254841,-0.0015751049642819884,0.00803094025891648,0.32067035992614246,-1.1823295744274984,2.77460218279419,2.3501920240679044
-0.014985864889309494,-0.010995597966972184,-0.001598793812901422,0.008006922323505873,0.3188179299483505,-1.1974089437353823,2.7530002275740735,2.3567830693699636
-0.014986921054848078,-0.011013619721133683,-0.001624452953077199,0.007992510314112676,0.3180684143289914,-1.2145023755751836,2.7363658165690166,2.369979145439195
-0.014984754378115967,-0.011031919460319728,-0.0016526461639608306,0.007983578943930076,0.31806117819878726,-1.2337270804962033,2.722078534598366,2.3880958006546007
-0.014979236218189758,-0.011053588341035168,-0.0016880523837084888,0.00797806208680031,0.31874276133080265,-1.2582059203927838,2.7073868656196614,2.4138294438308185
-0.014980666708960713,-0.011074390603184435,-0.0017170438247239535,0.007960296455832865,0.317779511607533,-1.2771319965302226,2.6875045314413515,2.427894647183871
-0.014995721070086968,-0.010964325769834369,-0.001546108605700521,0.008010002686168652,0.3172808124515911,-1.160185739641622,2.7713425256850646,2.3157056911132403
-0.01500547807643074,-0.010951055388458746,-0.0015201126568375027,0.008000843561477892,0.3151980195829553,-1.1410389609821436,2.7739762320845665,2.289922574539368
-0.015020747505302096,-0.010944440038454507,-0.0015004708231019974,0.007977162943391758,0.31184406478887977,-1.125419071445818,2.765997179025591,2.2617692941171046
-0.015043246096986134,-0.010843498113446474,-0.001337510465986645,0.007997363522836315,0.30856375458978075,-1.0096340782423712,2.8261566400438953,2.140456797861446
-0.015037087448885808,-0.01093149837250603,-0.0014710972771393215,0.00795556290934459,0.3083323232723256,-1.1029815655901396,2.762203980985151,2.226969296424812
-0.015029772725427663,-0.010911025358841059,-0.001445623768920915,0.00798176856945411,0.3104856380507833,-1.0864922949965814,2.785265111887466,2.219803646960592
-0.015035233672974583,-0.010877711826366777,-0.0013930473366848479,0.007992054796367469,0.3098615373037041,-1.049394053384128,2.8069138671962963,2.182622207271958
-0.015046583352049822,-0.010863515142835475,-0.0013652907047656778,0.00797956419640954,0.30739657978669643,-1.028600326924269,2.8076315196725568,2.153873872780428
-0.01504081157755291,-0.010895169326858928,-0.0014154818479804097,0.007971256200907918,0.3080713551180795,-1.064204760114695,2.7880490987624524,2.190162467259661
-0.015125866640353447,-0.010463558436086762,-7.245289327413694E-4,0.008011141584871583,0.29165788858420694,-0.5567409182197719,2.9893160353614885,1.6541253797329174
-0.015124540289396356,-0.010486172271714781,-7.596099989903093E-4,0.008006421730295693,0.2920650894815991,-0.5830562692645643,2.978702950341407,1.6799740831764531
-0.015072103481102286,-0.010544886585869993,-8.686113045103883E-4,0.008085506918387894,0.30373952071636395,-0.6680871616791957,3.0015217145017945,1.8058031734598412
-0.015072374112180093,-0.010626097815014474,-9.938918377262213E-4,0.008052230713581902,0.303743799116081,-0.7603481054450861,2.951012655378848,1.8904731025946158
-0.015074947350956073,-0.010608075155712183,-9.65130101315572E-4,0.008054992148179648,0.30316016821924424,-0.739054394444599,2.9598037788486136,1.8686371626590186
-0.015076121975747363,-0.010565595099633297,-8.991684784194633E-4,0.008069902546789824,0.3028798631857251,-0.6903835906495451,2.98482282672262,1.8227852905894195
-0.015076922232629164,-0.010587211262717751,-9.322157096917793E-4,0.00805980879823136,0.30274645818023677,-0.7146901568955552,2.9707651683573233,1.8444687827021407
-0.015099852658886226,-0.010515080075898077,-8.123913638815754E-4,0.008043434679025034,0.2974306660675539,-0.6242253207563918,2.9891920872434614,1.740158829428973
-0.015087958814941014,-0.010533007742045068,-8.443205179283477E-4,0.008059646945843728,0.30018433573587405,-0.648828228589577,2.991585018151359,1.7736145477643024
-0.015122083049623399,-0.010507827388117856,-7.93550385458414E-4,0.008003822399311232,0.29272196971608716,-0.6085405958682387,2.969510165880085,1.7059537565082181
-0.015088169630262684,-0.010635680110229343,-0.0010017203252339366,0.008018283931740597,0.30020130180385235,-0.7646884475767342,2.9286665038167095,1.880166658708373
-0.015091180145647523,-0.0106525831853013,-0.0010260699897322657,0.008005238252563204,0.2994347988501201,-0.7821503192711948,2.9147411124328575,1.8933833295480003
-0.015092562335586946,-0.01067388079991779,-0.001057651316377112,0.00799308923719136,0.2990761151463485,-0.8049275300429289,2.8994558712049465,1.9128398738698549
-0.015061931071808483,-0.010722179480242545,-0.0011452264600767112,0.008027491597552118,0.3056744682966326,-0.8710904193958308,2.8971878804762228,2.0003328291729185
-0.015072936192248098,-0.010705897021812585,-0.001115213948720109,0.008014811259192954,0.3031631806393501,-0.8483789570321567,2.8975583099303712,1.969851955226019
-0.01509289323186522,-0.010697185648077069,-0.0010925826999615858,0.007981683107963546,0.2988775647993281,-0.8301106048966381,2.8836707018420147,1.9353396656114874
-0.015068343070555552,-0.01074206865160368,-0.0011720576385536397,0.008005558766370777,0.3040202747881296,-0.8896528027774105,2.87693281775721,2.0110570859294365
-0.015072214669045327,-0.010763773444418,-0.0012026547251094567,0.007987250135350342,0.3029579840493561,-0.911034245198314,2.8577869677692758,2.02659340159097
-0.015072336754164091,-0.010784672949159451,-0.001233793794912832,0.007976067659582085,0.3027106310803625,-0.9331207537783598,2.8426361368535855,2.0461013470046647
-0.015065824328507485,-0.010806403157344756,-0.001269643710787132,0.007976418944353587,0.3039609233453237,-0.9592239194564139,2.832915587095347,2.0751625815149777
-0.015067840775752664,-0.010831268630362377,-0.0013053948971219701,0.007958944249079716,0.3031770255145434,-0.9841130174451843,2.8125547761568974,2.0952178462738775
-0.015174045754620202,-0.01023463963010266,-3.6176967116778553E-4,0.007973015872869122,0.2792054428477677,-0.27899225486296636,3.038150727694994,1.3477453428741926
-0.015178007671832998,-0.010265148142215675,-4.0782240200458523E-4,0.00796052219292949,0.2788706457061348,-0.3141839229504399,3.02218873955956,1.3786008436965573
-0.015150605053337284,-0.010450338096755343,-6.967749439636255E-4,0.007968468853221016,0.28642106459475275,-0.5343438062449842,2.9696013644324206,1.6118883655081333
-0.015152516153360286,-0.010424301365070325,-6.565885307435686E-4,0.007972430845637838,0.2858518235780185,-0.5040772314383833,2.9805438797545687,1.5816816605289474
-0.015155074518852446,-0.010380696493958168,-5.893557792208619E-4,0.007979255180419363,0.28493265690662023,-0.45324134146258155,2.998575172996611,1.531262256087466
-0.01515790344156396,-0.010351074630590082,-5.433492150982336E-4,0.007981097415477444,0.284072324896544,-0.41829952079008714,3.008912971608933,1.4955059366427397
-0.015174978035872097,-0.010401315145613254,-6.15567503345122E-4,0.007936467793474948,0.28109240103100697,-0.4719628589544152,2.967350322203125,1.5324949026416275
-0.015179772789431507,-0.010295131462854245,-4.532506858135389E-4,0.007951684138406238,0.2788245260222173,-0.348783607849753,3.0083980522469687,1.4105850315059743
-0.015173678765655877,-0.010321475150602137,-4.946235568820584E-4,0.007957846758859648,0.28051005963867087,-0.38050504899131843,3.0042824061795947,1.446125470546198
-0.015239129195303637,-0.009999925853636387,-4.863190541237547E-7,0.007867689925553851,0.2626679924550149,0.002549685130624296,3.0301768156316005,1.0178864329519444
-0.015224825408430214,-0.010163526663390062,-2.4721894259202847E-4,0.007886453326029852,0.2684372574346638,-0.18906717822317828,3.0048971911487965,1.2189730642677181
-0.01523895600157575,-0.010100689181348032,-1.516590717144657E-4,0.007865185745386775,0.26476742728405256,-0.11490475076068783,3.0069577786239208,1.1348560129111445
-0.015248854108487217,-0.010133891711772895,-2.006037232903886E-4,0.007844393127329442,0.2632899482945777,-0.1524776583027114,2.9866945623092573,1.164243452960249
-0.015246799256889626,-0.010037933764795934,-5.736910797355651E-5,0.007853085730316437,0.2620640490779261,-0.041597446285890405,3.0133528436559653,1.0560023609048337
-0.01526685500318938,-0.010074782044709957,-1.1159896410673909E-4,0.007814702386475641,0.2592816710375177,-0.08326256253918916,2.982075961735937,1.0820523284325152
-0.015200629696522843,-0.010216205147405826,-3.297516518051917E-4,0.00792549205772876,0.2738063930207329,-0.2534241296480437,3.0147321008276275,1.30112662469401
-0.015222488614708568,-0.010194849283556065,-2.9462180815150975E-4,0.007887285972305967,0.26929457892455644,-0.22558996603363196,2.997528890515324,1.25658880613452
-0.015307607539247422,-0.009604764498734552,5.709126290198087E-4,0.007690013662257876,0.24264847271012682,0.45109838231010474,2.9780735156233518,0.5082217174989384
-0.01531522675011629,-0.009564423483064462,6.262535356554049E-4,0.007665650409179217,0.24028899324782424,0.49447775157445895,2.96635593756972,0.4573438172900848
-0.015309086347348639,-0.009487886998101689,7.362031650147751E-4,0.007653770648802197,0.23951941698560322,0.5813488175368003,2.9649738256868265,0.3705959195031127
-0.01530285644029026,-0.009526923080272373,6.830304214568682E-4,0.007677093211478784,0.242025536714665,0.5396802384358513,2.9768907906947275,0.4190218151319794
-0.015286170161614541,-0.009721402488853914,4.0739974879685196E-4,0.007754332502457924,0.24889189739550802,0.3228146786638566,3.005527446648662,0.6570113811852658
-0.015300354300370678,-0.009653603848306241,5.02628688031101E-4,0.007714748981952193,0.244963903018328,0.3974899455897219,2.988670042933932,0.5693099531455649
-0.015308891989389372,-0.009692588120217505,4.447575852067804E-4,0.007707443161296057,0.24434736907461801,0.3519142198909818,2.9795017247705484,0.6102918662843979
-0.01526582052363347,-0.009973592566190136,3.843988269903054E-5,0.007817666234414065,0.2575229027172967,0.03335064637364849,3.004635896241432,0.9665885725834213
-0.015292039528224078,-0.009943579595257473,8.186776522240334E-5,0.007768366646623753,0.2524314783571775,0.06749980944131302,2.9798506843503625,0.9126126127091786
-0.015295367110662176,-0.009762060413822118,3.4669898733818034E-4,0.007744365483579998,0.24807180277026128,0.27496817939579904,2.9938395743791837,0.6993644254856519
-0.015311052201695891,-0.009804913562636328,2.823111132319524E-4,0.007721830933526116,0.24661269678338418,0.22424239541916594,2.9736698998528106,0.7397744131131826
-0.015311900411358144,-0.00988192649073226,1.7059840086268842E-4,0.007728282890872842,0.2479886599603999,0.13671506510723755,2.9657220205097317,0.828141850966173
-0.015322528751406451,-0.009846027929340093,2.2157263030675618E-4,0.007705687034803706,0.24528354863490145,0.17654663937559656,2.9573890711770834,0.7799632369992201
-0.015320523521295315,-0.009913788145728826,1.238224562485616E-4,0.0077148148400915445,0.2471274554004573,0.10011457250646634,2.9520808603536186,0.858824299010364
-0.015345215863711991,-0.009461081901014407,7.618103080103953E-4,0.007580809402918778,0.2339318833074628,0.5997225429436243,2.9200086974353767,0.3250122812055565
-0.014884136965974662,-0.011319728011412155,-0.002142583510416339,0.007929589267886214,0.33060584548163746,-1.5663023008015078,2.5193422262880447,2.7551863056888752
-0.014914850602152328,-0.011273180193405764,-0.0020509100571188964,0.007917417595001168,0.3254586481813564,-1.5032722232404578,2.546412505920372,2.674456370925152
-0.014905092970915667,-0.011285827868039885,-0.002076983569817937,0.007923395866562016,0.327214487055089,-1.5215135314251436,2.5402488550381186,2.6988121044049773
-0.014901994637950977,-0.011315636121417854,-0.002120777064609239,0.007902191842277391,0.3264395927294143,-1.5488973311307939,2.511737378557091,2.722444021420347
-0.014904217436349093,-0.011299637574501739,-0.0020968174111756425,0.007912663202748358,0.32671175460172436,-1.5338318865928382,2.52670566776877,2.708902939957792
-0.014951033155012223,-0.011117199040277873,-0.0018009497484549068,0.007981445685178522,0.3232996488397511,-1.337432265955385,2.6717938757269293,2.5070525633971443
-0.014956624156653347,-0.011136386083767954,-0.0018240803153469658,0.007956513677919904,0.3213514937281867,-1.351377116658975,2.6494140874785597,2.512415329970473
-0.014957687907329173,-0.011153741152404834,-0.0018479188533467121,0.00794099121507809,0.3204307211100485,-1.3665359226001248,2.6322154715175654,2.52335266416338
-0.014956511349391069,-0.011170554652283329,-0.0018726270511283465,0.007929727355165216,0.3200807529526564,-1.3825923069490178,2.617151947491412,2.537255059245538
-0.014953600300438586,-0.011186974536103261,-0.0018980806957699726,0.007921681064833305,0.3200854341205466,-1.3993866606929062,2.6036389398026576,2.553471529789403
-0.014951209432124392,-0.011204023192618387,-0.0019239182405916615,0.007912019316423989,0.32000383450098296,-1.4162543872793998,2.5889805407147963,2.5691304176173144
-0.014935119180119166,-0.011249365881907477,-0.0020004615763783147,0.007902431332110634,0.32177015534330794,-1.4675694424193297,2.55616592469573,2.6256047549634727
-0.014935652520262502,-0.011231591495564387,-0.0019753167544566794,0.007916538456634932,0.3225105388780305,-1.4517946747807617,2.573335604158648,2.612999444004199
-0.014951980023019255,-0.011222482165428871,-0.001949004361797483,0.007895444050869777,0.318958233988,-1.4319195415644825,2.57051879158047,2.580452989013267
-0.014934752716101491,-0.011265921057665986,-0.002023641556887317,0.007888908057329447,0.32118022220256887,-1.4820196287761902,2.5399663989184913,2.6369432450398382
-0.014950353021038105,-0.011259546646010478,-0.00200154043232878,0.007867171161655976,0.31772638166140604,-1.465045618500512,2.535406983056259,2.6075221220391964
-0.014968038682060428,-0.011105346082112777,-0.0017709291405029772,0.007959911226252966,0.31972431496705567,-1.3147425914052582,2.669377057850717,2.471279100557251
-0.014982184664060013,-0.011093687040139702,-0.0017436014114254287,0.007943275750012349,0.3167338372470609,-1.2943340366878031,2.6687763907703146,2.440364692795571
-0.014844374337718102,-0.011456455908756028,-0.002365240773250218,0.007867292223161597,0.33229731307767,-1.707150526808851,2.3968184608116823,2.8996193030157724
-0.014820561011345476,-0.0115328344884106,-0.002489435091428417,0.007829111307321128,0.33290425436139953,-1.7831510255073528,2.3242847343968758,2.977446875317342
-0.014824229111393722,-0.011517760685499883,-0.0024661024707538924,0.007838718114867313,0.33307557501677737,-1.769290790954131,2.3394164014411447,2.9642667052999485
-0.014840739697809422,-0.01147214962765676,-0.00238959581043768,0.007857679391570881,0.3321472466367687,-1.7219308330445438,2.3815169224672412,2.913720707766867
-0.014829676049490627,-0.011503408890825581,-0.0024418060136247484,0.007844438114582943,0.3327326577934529,-1.754265551740261,2.3526909968284997,2.948049254031783
-0.01483588692046126,-0.011488229527740512,-0.002415619996112336,0.007849552347385587,0.33222834114662475,-1.7379009962319485,2.366320528919701,2.92997656158736
-0.014873761013795707,-0.011350440905478832,-0.002194269356701344,0.007919321712669588,0.3314762195204716,-1.5998528423998932,2.4937783664727107,2.79118578252405
-0.014879758270455692,-0.011335674803838671,-0.00216850444432717,0.007922595009405549,0.33079349668003394,-1.5829677110583902,2.5054968651247105,2.7722226421694676
-0.014883162756509891,-0.011362060701769197,-0.002201303855421025,0.007892210308691295,0.3285286861449517,-1.6017355452306528,2.475482366383546,2.7817905134263596
-0.014881817553201799,-0.011375625654140128,-0.0022209043382979206,0.00788180941108431,0.32808119922293294,-1.6136634309587132,2.4619824979138376,2.791768610694526
-0.014879378997916519,-0.011391277813551204,-0.0022442650302037562,0.00787118992411512,0.3277762456715351,-1.6280085329950673,2.4468650749022927,2.804630001988395
-0.01486103194415061,-0.011452483562575822,-0.002343432338440159,0.007843047050218295,0.3284456267753475,-1.6901310861107655,2.391739567707248,2.868449101085219
-0.01486173336822472,-0.011436824238151636,-0.0023220479824044237,0.00785728660222539,0.3293523807593022,-1.6777281020603614,2.408368191618365,2.8592930416655853
-0.014869460793851715,-0.011422618408829119,-0.0022956512443324385,0.007858016510111641,0.32825664946618177,-1.6604653783166208,2.4192428784400803,2.838524526795879
-0.014875304585489052,-0.011407406344839463,-0.0022697420179359257,0.00786274742913489,0.3278233406518389,-1.64392508579294,2.4321132938340004,2.8203807510347247
-0.014735492086180694,-0.011604716392924312,-0.0026744752228417047,0.007892353015870102,0.35177292660127996,-1.907649990003544,2.2830649813786197,3.160629175516172
-0.014751266500485765,-0.0116017938339927,-0.0026529641773742935,0.007869180360278378,0.34339065389142204,-1.8939512269542205,2.276682579962348,3.1333811216816443
-0.014730427458694155,-0.011619585149978953,-0.0026992664829384437,0.007883908414471742,0.3511907811629115,-1.9222282746513857,2.2673763940081857,3.1755332373187195
-0.01474622900026242,-0.011616719318258214,-0.0026776599700185258,0.007860762903563148,0.34339696531029035,-1.9084907168452696,2.2610959608662284,3.1482415710694234
-0.014767334763161763,-0.011598995088898653,-0.0026316126882187482,0.007846063833594078,0.34146352950442577,-1.8757614041104365,2.2738108649887234,3.101007147698819
-0.01478370032489068,-0.0115964446219498,-0.002610353327109096,0.00782194223482386,0.33717897433866284,-1.8594915550938074,2.2690869786043533,3.0700742562044145
-0.01478906257337186,-0.011581823665574137,-0.0025859012046552557,0.007829061580073564,0.33699664134184554,-1.8448802262875594,2.2835876147023595,3.054658193013395
-0.014799427442263776,-0.011551510747806956,-0.0025358738929900453,0.007844534379377729,0.33668684654689146,-1.814892426482068,2.3135754907468224,3.0235577298115124
-0.014794419703565423,-0.011566858040688183,-0.0025609706535895302,0.007836391033242159,0.3367831180517371,-1.829921857382783,2.2983473851050316,3.0389497926889644
-0.014816775131695747,-0.011548530448197494,-0.0025136135996326717,0.007818885192088247,0.3327029094098028,-1.797408429117514,2.3084021870728537,2.9909176145301095
-0.014704405031812392,-0.011693686304088876,-0.002822712417900242,0.007840558064804284,0.3535840470423192,-1.993325286371826,2.1876747712331537,3.2486618856131435
-0.014714938671373056,-0.011705845337889124,-0.0028252519764375133,0.007808862379861265,0.3429692669722648,-1.9936319083901999,2.165842694281888,3.2354242133307545
-0.014699061038930978,-0.011708457009234034,-0.0028473320275659054,0.00783165072430161,0.3532343643468712,-2.007410073211352,2.1714040641839714,3.2628907240367244
-0.01470962068741611,-0.011720672931784866,-0.0028497223271559476,0.007799815757026151,0.34316284792596446,-2.007446944829567,2.149562655218627,3.2495478011605243
-0.014693670662807693,-0.011723210871918575,-0.0028719521488256793,0.007822655581899178,0.3517940981043412,-2.021488657550064,2.155005940462312,3.277089367460198
-0.014688233955621804,-0.011737947748741229,-0.0028965600189140065,0.007813577192809396,0.349766618683919,-2.035457759689438,2.1385199445406786,3.291279538226432
-0.01470421337493117,-0.01173548334655411,-0.002874209872587244,0.007790760250870775,0.34361334000510163,-2.021147675667613,2.1332408274588768,3.263615778998345
-0.014682750970092102,-0.011752667496161629,-0.002921129315592954,0.007804425298232301,0.34821860672494626,-2.0492001193389218,2.121994457139483,3.3054356218645715
-0.014698700041266442,-0.01175025398595409,-0.002898709596323524,0.0077817454100732675,0.34413145709937853,-2.0347509927195104,2.1169103622969807,3.2776460535042706
-0.014677221759479865,-0.011767369970506486,-0.0029456314513231266,0.00779521068645472,0.3486143122732959,-2.062659489152866,2.105458352074491,3.3194883888518576
-0.014693096345934123,-0.011764976133983121,-0.002923197320176186,0.007772754659388433,0.34433556395817044,-2.048276194190659,2.1005523853482817,3.291622069413157
-0.01089049580236992,-0.014920062725815754,-0.008199958043173262,0.00148416449155369,0.25556267106658287,0.023029217254129045,-3.3273089274206566,1.2073146949234783
-0.010885287977473505,-0.014935169254250112,-0.008174265225980687,0.0014662864719575343,0.24596135134221556,0.03141900168805503,-3.311584744824877,1.184917555988262
-0.010905949863632839,-0.01491724057216887,-0.008195257030205032,0.0015099061323411744,0.25460721927108865,0.0020749092900840672,-3.323489937407834,1.2282042972868878
-0.010900764583485148,-0.014932333496340282,-0.008169685926380515,0.0014919453603855059,0.24573985437954696,0.010519696899790662,-3.307869058562592,1.2057257204421392
-0.010921395106936287,-0.014914369853492293,-0.00819047286229512,0.0015356456476045028,0.2543176202590037,-0.018864063196187768,-3.3195535712950206,1.2490707803227696
-0.01091624315466203,-0.014929464079907718,-0.00816499217750284,0.0015175952003728763,0.2453095365459391,-0.010354840985857502,-3.3040034352863397,1.226499782458632
-0.010828712450045583,-0.014976010433179346,-0.008131848994360402,0.0013542739269623118,0.24317170127733015,0.09817255087220157,-3.2827595256667155,1.090093354406066
-0.010849247223139314,-0.014956569666458247,-0.008156411659619804,0.0013974832689443268,0.24680496932956633,0.07453429157081105,-3.299208796507091,1.1285702129982675
-0.010864754714508984,-0.014953642667189094,-0.008152455650382416,0.0014231534423552459,0.24637944229309428,0.05384163254622255,-3.2960821258712016,1.1493623997340447
-0.010880211309454324,-0.014950678675777401,-0.008148422205853774,0.0014487430474677614,0.24587274484981556,0.033218786797203304,-3.2928375077990677,1.1700842682271133
-0.010844392669243247,-0.014973113020989194,-0.008128025772831395,0.0013800530160800826,0.24274931125521773,0.0773921425138685,-3.2798054149544313,1.1109813155156154
-0.010936831374304052,-0.014911450597951648,-0.008185608881827186,0.0015613649228405485,0.2536177714334827,-0.03977492150117051,-3.315497123488749,1.2698825678804548
-0.010931712598883767,-0.014926543488643376,-0.008160222350138578,0.001543231692659025,0.24484569116916297,-0.031199539350239076,-3.300017164212505,1.2472624013195401
-0.010952258507486396,-0.014908482834330765,-0.00818066552911414,0.0015870615655822703,0.2524100143217198,-0.06067067594849459,-3.3113102556005547,1.2906296885286237
-0.01094717023553312,-0.01492358258240224,-0.008155358522048293,0.0015688446702098312,0.2445169768174141,-0.052009536720926584,-3.2959056938516382,1.2679985644322131
-0.010967676347966866,-0.014905466592036428,-0.008175640355721618,0.0016127481900160949,0.2514732492794793,-0.0815637051944041,-3.3069834052140394,1.3113549603950787
-0.010962625082017586,-0.014920592232824893,-0.00815037538526702,0.0015944391786127034,0.24419674776096892,-0.07278865082196789,-3.291654612785606,1.288688138161613
-0.01127383550243706,-0.014835012214331098,-0.008058207978754124,0.002123049356541115,0.24412940699579636,-0.49193748512110186,-3.1950853743545267,1.7208866923971902
-0.011269771209263599,-0.014850491426481585,-0.008033924451009629,0.002103096629986841,0.23496241899034817,-0.4816055373785712,-3.1813638124614863,1.6970387744540367
-0.011258637154898948,-0.014838990856811767,-0.008064839398166317,0.002097717331512555,0.24420190860780985,-0.47185780135573036,-3.2017626012390674,1.7006896903567388
-0.010217241039288762,-0.015124597536606756,-0.00807016605872732,3.4222718843032567E-4,0.24061067613972412,0.857068286127389,-3.2047170584510916,0.26354108114696256
-0.010236486615909228,-0.015118375185888565,-0.008079230538964382,3.7339281674403927E-4,0.24142679287894822,0.8360607081226744,-3.213286416826388,0.2889059671829903
-0.010254159774939493,-0.015108678908144258,-0.008095038973801533,4.028209816546872E-4,0.24315100425363897,0.8191894579060764,-3.226050258346387,0.313275186919971
-0.010282811660080314,-0.015101172284147597,-0.008104316708168328,4.493780640540621E-4,0.24387918277729,0.7861095050310828,-3.2357921698836676,0.3511672186334169
-0.01027248549436579,-0.015117820660598238,-0.008074075147683319,4.299791271464381E-4,0.24032777063248786,0.7891858323595868,-3.2144303126184433,0.3340323926042709
-0.010353813243490967,-0.015082869288529198,-0.00812421965156304,5.655597111449974E-4,0.24542929303121283,0.7024998786108146,-3.2570762716457407,0.4458916982638028
-0.01033637403941782,-0.01508924071673681,-0.008116026600623473,5.364792895784716E-4,0.244620900303169,0.7220891045157595,-3.249720908602996,0.4219435132474982
-0.010300110852272224,-0.01510070224982354,-0.008101765139935201,4.767515579378202E-4,0.24334925033452023,0.7634258502633545,-3.23613024085266,0.373056823523323
-0.01031829213478225,-0.015096780055386248,-0.008105496982323336,5.062440603646321E-4,0.24357285378245686,0.7416589755173564,-3.2406878990135692,0.39699852292048887
-0.010797110783804244,-0.014981261307036446,-0.008140121323455958,0.0013025848333692604,0.24412923914649887,0.14019116195493986,-3.288907611531915,1.04828552149535
-0.010749395178505637,-0.014987073549660964,-0.008155275432817605,0.0012254651506244587,0.24599063714407868,0.20427200201367612,-3.299516930932175,0.9861854764262682
-0.010781126495827506,-0.014983506355380741,-0.008144810537899084,0.0012766262832756782,0.2447001067335414,0.16155692452303702,-3.2922645250802582,1.027347138657538
-0.010765147562862185,-0.014985287744386622,-0.008150198315503418,0.0012508926304255726,0.24536227332897378,0.18306333440157985,-3.2960324050610708,1.0066570354076596
-0.010743536947992563,-0.015002780997775385,-0.008128393695777681,0.001208067541268931,0.24289919406296975,0.20722042961152562,-3.2809443238123506,0.969629869570852
-0.010728122426122423,-0.015006067579183322,-0.008130137071142506,0.0011824993014309974,0.24313664678722627,0.2272932939474205,-3.282046718582222,0.9487903612745637
-0.010371460978488421,-0.015078852221828113,-0.008127571725773578,5.944765812094414E-4,0.24560276696230265,0.6810840288288437,-3.2611260427212656,0.46948211180162414
-0.010392194874933185,-0.015073816150430897,-0.008131837498053187,6.286004730960528E-4,0.24588018666403924,0.6560100466640176,-3.2660092091747726,0.4973245017423173
-0.010413380295831831,-0.015075869553328092,-0.008121918339899855,6.614782071425468E-4,0.2444440905626564,0.6262518599724327,-3.2612344220680956,0.5233422418579367
-0.010431475508433265,-0.015075469460781622,-0.008117379971652293,6.900976619251833E-4,0.24371615283218898,0.6020385763882103,-3.2597183030708163,0.5462530626210435
-0.010448400079289375,-0.015073936129980503,-0.00811516894183942,7.171837937829437E-4,0.24328976232612984,0.5799916800370033,-3.2595974903055223,0.5680798886754288
-0.010464839556456856,-0.015071432004263386,-0.008114785601103068,7.438042801973539E-4,0.24306880966928238,0.5590691671071671,-3.2606045831565638,0.5896583179234306
-0.010481722218738545,-0.01506771184151106,-0.008116404640930637,7.715347457225825E-4,0.24309542388933655,0.5381145951231248,-3.2629379106346295,0.6122765246296072
-0.010695489634797146,-0.01501046552958353,-0.008138137342792728,0.0011296247563037096,0.2441695171841168,0.2705784189495101,-3.287130616164164,0.9060934730288487
-0.010711811558499462,-0.015009297817005154,-0.00813226014132331,0.0011555664753007927,0.24342556615530705,0.24857773326032043,-3.2833351100558725,0.9268779278801045
-0.01067947663639539,-0.01501217246154673,-0.00814265003300107,0.0011038535884104834,0.2447477349664073,0.29200762128784374,-3.289938233949807,0.8853126523288782
-0.010664251036688027,-0.015013028730836101,-0.008148243289406195,0.0010796767837959757,0.2454792865964204,0.3126487445971707,-3.2934286949536777,0.8659486829656237
-0.010530211378858035,-0.015043961795030956,-0.008145106160006773,8.562035700078777E-4,0.24603315705845924,0.4836949528300328,-3.2856044721482514,0.6830472982541052
-0.010514679972327877,-0.015049132045897418,-0.008140809768060935,8.298353579723004E-4,0.24562202251640386,0.5024639442673654,-3.2817224255653987,0.661266697543894
-0.010498323061789015,-0.015061146643246598,-0.008123400516468614,7.998446463027303E-4,0.24379388708768693,0.5188770156598669,-3.268838293338678,0.6357264567872455
-0.01054615279779202,-0.015048425011658487,-0.008130465215253272,8.795796378233249E-4,0.24414704709598614,0.4597778944435787,-3.276532417556418,0.701114609690863
-0.010564894432486158,-0.01504535633946106,-0.008129081867535144,9.101582044743328E-4,0.2438803383392071,0.43558468022134406,-3.2765642998708118,0.7259465931323404
-0.01058163827994994,-0.015042998275886075,-0.008126891848573231,9.373172767889356E-4,0.24349703863172142,0.41376198881503035,-3.2758674097900813,0.7479435493235479
-0.010597766078449844,-0.015040790781435902,-0.00812446888610484,9.634395493082127E-4,0.24311815574266196,0.3926898792705287,-3.2749151931230993,0.7690842863361302
-0.010613662847413406,-0.015038435558137985,-0.00812224114438305,9.892498378842507E-4,0.2427562688550636,0.3719682147834535,-3.274020926552461,0.7899946510813165
-0.010629370848671951,-0.01503540258962191,-0.008121212560791957,0.0010150537271729533,0.24254032579791926,0.35175560001827333,-3.2738774369771266,0.8109934399628532
-0.010644254635247959,-0.015030983245374442,-0.00812302904459354,0.001040204615131602,0.24266813291751602,0.3331769824587006,-3.275591735064062,0.8316777590530152
-0.010657320220978027,-0.015026486824801713,-0.008125664879445715,0.0010625957257604066,0.24291579520707404,0.3170513233342554,-3.277762903731751,0.8501833744843361
-0.010823918075022003,-0.01499342033668785,-0.008101739095321104,0.0013367693530119814,0.23980411881259348,0.10007739655802307,-3.2620778469255183,1.0730438476244455
-0.010808008243283693,-0.01499617183508155,-0.008105677214824499,0.001310873085793059,0.2402390730681647,0.12100328259142724,-3.265030426447336,1.0521203732887534
-0.015332974926824016,-0.0093342604244087,9.40364363469116E-4,0.007555297710157915,0.23317374201988383,0.7405068075328441,2.909928047660768,0.18393198231609256
-0.015355883446935429,-0.009376491488997087,8.738786932081648E-4,0.007531945608780753,0.2306284123577936,0.6871574245286783,2.8933654341350383,0.22472477904415036
-0.015329588346956264,-0.009258088961781485,0.0010449668422305653,0.007528424928242307,0.23215800699858533,0.8225324857765578,2.8946491597893593,0.09807735642273074
-0.015335963810273131,-0.009219489295219808,0.001093706986601269,0.007499588071632865,0.23018792824066328,0.859967214776991,2.876667771497467,0.05295575881230906
-0.015360241983470182,-0.009292587760596755,9.852415837878013E-4,0.007490556019908195,0.22852476989726636,0.773753774802096,2.869681742001745,0.12885016544874908
-0.015364641463924711,-0.009187356222725327,0.0011224885530920841,0.007435217430945854,0.22619025286405434,0.8801273485841152,2.8355044653803367,0.010659046225429543
-0.015381184468085963,-0.009422078767771312,8.028611878938726E-4,0.007504523301504642,0.22819823514251872,0.6303947087409166,2.873833215772921,0.2675343699641877
-0.015375938563576419,-0.009096491162997846,0.0012342556669777804,0.007370248464676204,0.223269989321921,0.9655783426836423,2.7932432044043733,-0.09056271215935975
-0.015364520076435418,-0.008872882445137682,0.0015195941604782429,0.007258157998615727,0.22170687545705195,1.183148197663156,2.712087368085829,-0.3251063407773956
-0.015402051332927264,-0.00882701365298141,0.0015502195015105697,0.007168657476000426,0.21656669592276345,1.2011432791953014,2.652732992045189,-0.37162409899218307
-0.015370083360155083,-0.008932194019817449,0.0014436019839087874,0.007286301920643723,0.2216506549684378,1.125570493219258,2.733569744270826,-0.2641115391150051
-0.015383381928634782,-0.009043009594547185,0.0012980334203055112,0.00732899448455986,0.22143874901685454,1.0136172293847212,2.7656301348460492,-0.14865083873945958
-0.015384181097510087,-0.00899182769547639,0.001361527986357489,0.007298744445303629,0.22080985475668238,1.0619983617348725,2.7444618414561623,-0.20279356640582988
-0.015401474554024528,-0.009146710961664651,0.00115702169065832,0.007353315773129007,0.22066397437218946,0.9039087442853234,2.7833119541406544,-0.04048518084876195
-0.015425992216902282,-0.009107538376479353,0.0011943193968238215,0.007293002070914006,0.21686323262368895,0.9302160753849344,2.744792628229269,-0.0856838774924751
-0.015400305941395048,-0.008727320677205243,0.001667327043768797,0.007104292387005952,0.21649141362533184,1.2877260281152898,2.603856789864039,-0.4691098555454479
-0.015406889699446738,-0.008616600730845959,0.001787008486147031,0.00701491720819502,0.2146062811159617,1.3724067667550097,2.5368729597623694,-0.572109409355777
-0.015420733772809156,-0.008673944599635653,0.0017133396782717184,0.007035491516275837,0.2132892297090085,1.3176867308464248,2.5561957237373116,-0.5177494913233542
-0.015437122110453779,-0.0087716251242562,0.0015915710931816687,0.00707748555161658,0.21239241071111978,1.2271741737592412,2.591831464985255,-0.42464644085130004
-0.015135703487368833,-0.007337574162986602,0.0031607515816161878,0.006107166841874314,0.2556642247290562,2.231164371699484,1.721838024729044,-1.5253942658280923
-0.015107092851373016,-0.007269773459129002,0.00323384204380385,0.006056896307532498,0.2607220284190719,2.2677921790409057,1.6725476411830638,-1.5644565119581866
-0.01512085667024506,-0.00720700826799453,0.00325284429015863,0.005970610996112541,0.25951730754554114,2.2599329082432393,1.6131876692235607,-1.576170804401116
-0.015208698948303368,-0.0073793385584651205,0.0030527159719414038,0.006080696884990696,0.24611268810885914,2.1520085987754527,1.7313900088439664,-1.4698397940727392
-0.015261421480113405,-0.007440439301680808,0.00295644284858156,0.00609379423880153,0.23871481542533127,2.09038864764851,1.7617058144585627,-1.418193321468373
-0.015259491336039184,-0.007529801261033455,0.002899898921358018,0.006192466484717433,0.23852043048281107,2.0721730440694377,1.8360416809585636,-1.3815991489389827
-0.015423638424856022,-0.008512861614645475,0.0018863324487002364,0.006911694641210918,0.21301910505636937,1.4393940548624453,2.461027241322325,-0.6624090251308276
-0.015446426706810588,-0.008560937601884205,0.0018180072016238584,0.006914852523501394,0.20996241595965068,1.3875180237763651,2.4697214580515037,-0.6167037924552892
-0.015243808374040721,-0.00804147461097308,0.00251150005675162,0.006744950525425627,0.23464549433054957,1.889918344198404,2.2693243133773495,-1.0911101736469357
-0.015262116517168762,-0.00809374750536459,0.002445410608683899,0.006771953139213732,0.23199283514363814,1.844863986127319,2.2976006046063286,-1.0462735491485475
-0.015273317437617019,-0.007978270593931799,0.002538511867223582,0.006643432921339205,0.2315485766054273,1.8944455283411263,2.1975901370871225,-1.1237376169648916
-0.015291123730382128,-0.007899681576518509,0.002587740791058592,0.006542149031982552,0.23009388633094893,1.9149180697216808,2.1227198485032517,-1.1679404816821022
-0.015400600954464659,-0.008401268846719594,0.0020205447690095344,0.006856076631545581,0.21495491885973644,1.535334291140262,2.4107341107749036,-0.7618179611950384
-0.01543091062041492,-0.00845272711927512,0.001943353200348743,0.006854185287470691,0.21096949908265847,1.476787853435887,2.4181066144424244,-0.7123876972525671
-0.015306892611901183,-0.008129356335357786,0.002369332058650236,0.00674589675841662,0.22675367665787385,1.7839878521249084,2.2920845355216106,-1.0038016328781483
-0.015340305297343164,-0.008193491537834326,0.00227786925701394,0.006760175575676486,0.22195317785960494,1.7178643128768665,2.315118185372164,-0.9444676633842242
-0.015384950965481752,-0.008235960280464113,0.002197353001470904,0.006737300903787164,0.21724999823154678,1.655272247789975,2.3116534287554362,-0.8984361172908103
-0.015408677189071155,-0.00833892084892895,0.0020765543785348666,0.006792942658540105,0.21399840893102004,1.5708826142952212,2.3628880587745957,-0.8110862344855222
-0.015427841089540076,-0.008271429131160779,0.002126223881473753,0.006709466535511701,0.21220328916110306,1.5990195729202918,2.3031530732926377,-0.8589955138766526
-0.01525398557708739,-0.007692656185530392,0.002790029006590603,0.006372727109664163,0.23750815021575894,2.030568637619314,1.9743519155029827,-1.305113653533901
-0.015288810719307705,-0.0076113082421788575,0.002812355419395805,0.006247246340805166,0.23397467037271963,2.022840136825247,1.889699084095311,-1.3292978149279675
-0.01530679661414464,-0.0078232564044321,0.0026343015112323467,0.006445759435319539,0.22965978209773522,1.9328339021158334,2.0518103073785015,-1.2078842996782877
-0.015314570040430112,-0.007750096085091171,0.0026833991680614727,0.006362110033579204,0.2285005975728418,1.9537424322098815,1.988866629749562,-1.2456566574512153
-0.015176482462780614,-0.007138910447651282,0.003225006034175796,0.005840833906944495,0.25173357416660713,2.2085268038352908,1.5413588574295198,-1.5635403370287053
-0.015149544832972149,-0.006842384197166152,0.0033923329457887477,0.0055248627000353,0.25863208557812745,2.2314933300805557,1.309994912168648,-1.6368647354027412
-0.015206779416988198,-0.00699151871712618,0.0032627662280864697,0.005647643267121936,0.2509006836991224,2.1849472901799505,1.4157778731769979,-1.580512450551872
-0.015233758810516357,-0.006596663213608949,0.0033884834519058715,0.005188382399914184,0.2489053266058112,2.1370970088445733,1.1252927822738057,-1.6148305139855716
-0.01522985246448361,-0.0067358571211035626,0.0033436948758432347,0.005344349230350168,0.2502845132982484,2.155021364427631,1.2223681816784828,-1.605887458822742
-0.01501298059201636,-0.006062742677111617,0.003765482550763218,0.004725362307487663,0.27436599452893967,2.195795876957074,0.7827002703010772,-1.7113975089302025
-0.015119850501580925,-0.006172972619991873,0.003626887964039613,0.004792667998218122,0.26301075945339286,2.1502146812486718,0.8558921090342204,-1.6696679349696375
-0.015032148773676209,-0.0058574989135327235,0.003775102202612852,0.004491420247575367,0.26909767640988397,2.125920630023902,0.6747693013062347,-1.6799911399166099
-0.0150001536634575,-0.005635354940964111,0.0038326637734646227,0.004266923405446142,0.26816768854391143,2.079432863821017,0.5631496756137805,-1.661160057764085
-0.014941298789209898,-0.005416106332994261,0.00390798365694866,0.0040572209903487885,0.2687937953924411,2.041680681400089,0.4588587019847173,-1.6460145003989923
-0.01522137595013277,-0.006412895524753083,0.003457908266441652,0.004996022418976241,0.25118912043931485,2.1224158003978046,1.005602065915477,-1.6273022033870512
-0.015258820420873538,-0.006216122886167829,0.0034679988586686916,0.004763495873243404,0.24538182246142817,2.06125112556721,0.8893920647947079,-1.607484122408513
-0.015019408916926408,-0.004987243303458385,0.0038402056824519237,0.0036102864072031318,0.2458045520716153,1.8765284473652546,0.3279554863452326,-1.5435042565418884
-0.015121669727257156,-0.00522668540222259,0.003735666457962326,0.0038143272362159016,0.24452349325990075,1.9013542794127372,0.42479987853093243,-1.5537333743778479
-0.009774149234647546,-0.015149406639309517,-0.008019663124630727,-3.513596010842123E-4,0.24117158600552704,1.3935752545026576,-3.0872921651448806,-0.28505563318981797
-0.0097966909069999,-0.015154750499479593,-0.008012766763984115,-3.156463832750264E-4,0.23994482289611116,1.3614663907899371,-3.0885225562024874,-0.2573958966508902
-0.010079603446510156,-0.015131893608039518,-0.008069734920089307,1.2535002123673656E-4,0.24246744298842254,1.0299887430036916,-3.183355711508535,0.09051467069913678
-0.010099736629592432,-0.015128427518882517,-0.008075259221315648,1.5720812121002185E-4,0.2429322937851654,1.0067744071527518,-3.1903436863654333,0.11605405139066852
-0.010055449759549478,-0.015139904408689751,-0.008055287434767354,8.710951383669883E-5,0.24106894018073763,1.0545776687695225,-3.1697615156606993,0.0596923993296029
-0.010026674822274395,-0.015137831873132394,-0.008060015767187857,4.2059465065433394E-5,0.2421344048131972,1.0927019393392525,-3.167649520344192,0.024213645740139716
-0.009996266537823534,-0.01514709531869412,-0.008042262235152876,-5.577664548024641E-6,0.24038994584627865,1.1235062476566429,-3.1505170782391825,-0.013949081938317386
-0.00982440346757357,-0.015155461543531496,-0.008015068903515539,-2.726270385900162E-4,0.2397936644149881,1.3275512752943186,-3.096565733197368,-0.22392100675322096
-0.009851001341101862,-0.015160215515137437,-0.008008970796072892,-2.3087642265999164E-4,0.2385516011168927,1.2911754168232024,-3.098868871993179,-0.1915940292220338
-0.009924490095115342,-0.01514776148295388,-0.008038799259309103,-1.1763420515214347E-4,0.2411009497559902,1.2124207778781655,-3.1338894650112716,-0.10226289563273387
-0.009902250350788858,-0.01514503906248908,-0.008042657939446527,-1.525151817517518E-4,0.24195518515459521,1.2422300568212334,-3.131620491553207,-0.1294764259179306
-0.009878649028426459,-0.015160967170119997,-0.008010155231735984,-1.8798315836497526E-4,0.2382743502839379,1.2569601408269644,-3.105816496483269,-0.15806170731294591
-0.009966825204376677,-0.015160612317877936,-0.008015776072464573,-5.121430655202428E-5,0.2376570932151785,1.149013380376488,-3.127817506039509,-0.050622803598503574
-0.009939628335769909,-0.015168541500081602,-0.007999608843818805,-9.308183966035135E-5,0.236031498739065,1.1758557625915322,-3.1120549182592083,-0.08391762223016051
-0.010116912083617972,-0.015132503724338098,-0.00806613664507745,1.8389451917028208E-4,0.24142790277956913,0.9815918648979268,-3.1872077665130445,0.13696476354810758
-0.010159424976672953,-0.015125281854652499,-0.008076185279335473,2.513541261428323E-4,0.2421929183456432,0.9318804494013021,-3.2003990964383107,0.19112934903755974
-0.010137148925891886,-0.015132798933568082,-0.008063861146963084,2.156220282956457E-4,0.24087188351853575,0.9552936207830601,-3.188928899352076,0.16213607867228094
-0.010183074734095967,-0.015134531515425136,-0.008055598309407429,2.873714900999814E-4,0.23927310829370008,0.8946821026568885,-3.1903486576176823,0.21905296277711028
-0.01020674105556825,-0.01514392700652491,-0.0080344476863631,3.2307167149719934E-4,0.23646382651151185,0.8577438548083739,-3.1797701047305362,0.2466120598080563
-0.009758183150500723,-0.01516402408605766,-0.007989050696054526,-3.736376815789263E-4,0.23759546561264555,1.3983105389214874,-3.0642967716670846,-0.3027719381936382
-0.00973708835865365,-0.015174182637515698,-0.007966005550237519,-4.0422871181330645E-4,0.23508512499729048,1.413050839201236,-3.044710039257452,-0.3266700341055038
-0.00933052602259073,-0.015202213335446418,-0.007787003814311619,-0.0010007536886167893,0.21820754353118385,1.8179021824821202,-2.8157211369426083,-0.7757801363472324
-0.009163938594346532,-0.015208454102915832,-0.007694615264065397,-0.0012333089055924353,0.20837716208291487,1.9637379317847043,-2.7031916249026087,-0.9421256151318936
-0.009201878318074532,-0.015205523576011733,-0.007719758814120618,-0.0011819118220504025,0.2112022250334408,1.9338310220325334,-2.731419566566876,-0.9059389330734184
-0.009243319795401689,-0.015196174242559533,-0.007757442994520144,-0.0011281719676218157,0.21534496271051623,1.907622747558541,-2.76748330969351,-0.8682207223094175
-0.009290792485678472,-0.015203485107530848,-0.007766818790899333,-0.0010571229090005961,0.21597846975115706,1.8543737188250693,-2.7902837973569636,-0.8166274507335874
-0.009517281240798366,-0.015194228025660119,-0.007872803198689661,-7.307159884324159E-4,0.22655279744403475,1.6371639899564878,-2.9267850528578268,-0.5758263139783324
-0.009549369747869244,-0.015191290002137854,-0.00788831262553921,-6.83881536773575E-4,0.22808608313217787,1.6060473763470677,-2.9456875522351362,-0.5406351068020091
-0.009418550177962046,-0.015209315466118901,-0.00781005408569233,-8.704890864806271E-4,0.22015358234763888,1.7225855610287515,-2.8589870665309185,-0.6796905457186544
-0.009388914318338309,-0.015215774738847285,-0.007786615750007915,-9.109235916636602E-4,0.2174971128178327,1.7448606662751014,-2.8358762235895676,-0.7092850513632837
-0.009356413954052314,-0.015229290439452807,-0.00774873870792864,-9.520963295836271E-4,0.21320553706373316,1.761391680487001,-2.8037302905847987,-0.738980162776728
-0.00944755721811838,-0.015215260498350631,-0.007809918658381809,-8.260747079049307E-4,0.21954868837617356,1.686533704940586,-2.868405437312011,-0.6466210569277022
-0.009475649900520897,-0.015213571460241507,-0.007822986776053828,-7.856122525854835E-4,0.22116466862227896,1.6595712727250103,-2.8848721156923736,-0.6165569042653952
-0.009500397047699637,-0.01522414022386478,-0.00781182005900389,-7.458595732341231E-4,0.21929704463979263,1.6223906634599838,-2.8861037410054866,-0.5866016256910468
-0.008831128669744778,-0.015221165574530866,-0.007464564756696808,-0.001667896012742024,0.18168665363111539,2.2036180919851867,-2.445207194603444,-1.2340856368817732
-0.008773298162055748,-0.015234863225970936,-0.007400114618326978,-0.001730396774845029,0.1742167680584288,2.222394315102551,-2.388936981885573,-1.2715479784407882
-0.008805865350858344,-0.015242505925683637,-0.007411106040198031,-0.0016844179777470163,0.17574618336373282,2.1916058501127584,-2.409428176044715,-1.2414271331208315
-0.009126188446647213,-0.01521047009044704,-0.007670425020258152,-0.0012843960820199671,0.20538728550033977,1.9937006117149354,-2.6753237800158405,-0.9778239732313577
-0.00909464179614968,-0.015205057442103626,-0.007662128403974089,-0.001330726648372028,0.20473749766683755,2.0270689414917715,-2.6580829254968736,-1.0104524745052503
-0.009063170950333758,-0.015211237931104552,-0.0076328819093115724,-0.0013699895479232923,0.2012375009837142,2.0451160915555326,-2.6300789271275984,-1.0370653824344538
-0.009025901148819689,-0.01522417707492489,-0.007587969807340095,-0.001412351458730388,0.19633965951615873,2.0583098734598297,-2.591882171093062,-1.0647103934521438
-0.008861519876212998,-0.015232277278308854,-0.007467253072716157,-0.0016215435329230247,0.18194547514097878,2.168354461450766,-2.460839878423432,-1.2026416854544069
-0.008983834126149547,-0.01523075612744227,-0.0075506057860809895,-0.001464094442695555,0.19173419505193456,2.0823350266463705,-2.5553828295571126,-1.099038246151159
-0.008933312361670859,-0.01523022301190561,-0.007519068800412755,-0.0015305576417828713,0.18801677495434338,2.1205609323347585,-2.517910976332398,-1.1434305967166825
-0.0088930613357804,-0.015243002345414338,-0.007470737478080311,-0.0015740003275092472,0.18266797666921367,2.132446411087541,-2.477097032913159,-1.1702146716602968
-0.00867272141941088,-0.01525165761953061,-0.007297105774692265,-0.0018397271197113985,0.16222682869180066,2.2593329402228504,-2.295526980890281,-1.3360409801214208
-0.008713402875245487,-0.015265474657390128,-0.007305947912801452,-0.0017806579557960705,0.16337299422140458,2.217928760289501,-2.3193525990064607,-1.2979460285879405
-0.008749984680283786,-0.015262206760206268,-0.007338360230600608,-0.0017388863266171548,0.16731541937188402,2.20044986559626,-2.3509907289002108,-1.2726065554682897
-0.009661541736372254,-0.015172549617774263,-0.007953560973693178,-5.198326045307314E-4,0.23463185180856194,1.5015321085771822,-3.0170877849232856,-0.4156403872098084
-0.009712908214485165,-0.015180597009923661,-0.007949264191152905,-4.399279163164963E-4,0.23331284966557989,1.4347130764195777,-3.028194625411297,-0.35433782694975874
-0.009687267044129007,-0.01518053733316571,-0.007944124247189169,-4.7895127338794995E-4,0.23298440901271975,1.4641242871755702,-3.0183220242761006,-0.38432330848331464
-0.009639115522596137,-0.015192456917971945,-0.00791060598941454,-5.490392525025854E-4,0.2295816629203372,1.5063789380961239,-2.984911807137641,-0.4382037107697964
-0.009588391359167033,-0.015202787554064118,-0.007878058906976132,-6.223642139347537E-4,0.22619328108493839,1.5515910955048235,-2.9510863043339763,-0.49402435154744534
-0.009616879908412918,-0.015206544300850411,-0.007878604530389575,-5.78856320258E-4,0.22591671292239118,1.5165281054268167,-2.959499046931149,-0.46095924442218117
-0.008010067184659526,-0.015162643804777241,-0.00681982016584176,-0.002622347548061378,0.1006599740560783,2.612802348057068,-1.7517808295387332,-1.7605057857215625
-0.00795044124971785,-0.015160546197302106,-0.006759937145700467,-0.0026782626329528215,0.09295461095475234,2.622877301530156,-1.6983409561246765,-1.7827735384472498
-0.007881720578624102,-0.015157595372567523,-0.0066904488167040385,-0.0027411155054302794,0.08457945848589914,2.6324840486036165,-1.6370128563079196,-1.8065463571326519
-0.007809318615980169,-0.015111048445019528,-0.0066699889561649215,-0.0028527874086176188,0.07947618164321842,2.698742938755267,-1.5795125173962565,-1.8634687041080158
-0.0077266862648870316,-0.01510133626826876,-0.006589216753716113,-0.002930283124781088,0.06915810879051808,2.7108416630857612,-1.506418415747094,-1.8901386341323188
-0.007646598530778403,-0.015104186940402142,-0.006494810355717905,-0.0029884590854372113,0.05829033858177236,2.7026545195269627,-1.435348282122339,-1.9031738322822063
-0.007573660268856539,-0.015126348218089863,-0.006386301264553693,-0.003016294809046836,0.04735728139362765,2.6674775063198983,-1.371497532236712,-1.8971050903451119
-0.007429439313336876,-0.015143881121748248,-0.006202807884874582,-0.0030935188957181754,0.029044795754924534,2.6280819347407163,-1.2535267656195204,-1.8997832559204568
-0.007507502288668322,-0.015143413906076543,-0.006292218834841392,-0.0030425983055363524,0.03866303563042867,2.6388340986753995,-1.3165807639867688,-1.8923189049031137
-0.007342739491397545,-0.015144569732481503,-0.00610284430972608,-0.003146551834752588,0.018678830481612545,2.612388869822303,-1.1854018098794379,-1.904554849306603
-0.007261047224971636,-0.015138174768992221,-0.0060151529054167175,-0.0032018705909833876,0.00880469794707145,2.6035948022353854,-1.1219195755711235,-1.912242565059448
-0.007386803895123726,-0.015210180523941453,-0.00608613447235574,-0.0030455740404523226,0.02110770851175053,2.5437277395747198,-1.2220643244444749,-1.8543571882021304
-0.008040768191021775,-0.015223025142913148,-0.00677076019094221,-0.0025323862681773577,0.09734759648792267,2.525906093594305,-1.7625440625336226,-1.7026719679202336
-0.008100894912502918,-0.015217962882494343,-0.0068376539621448715,-0.002481577413549275,0.10568769874882741,2.5215557264663646,-1.8172819662697293,-1.682599000805867
-0.008311411773538354,-0.0152191941629002,-0.007038408602075763,-0.002271263574352181,0.1297955348421785,2.464256845535895,-2.0032282764918015,-1.5835278103672275
-0.008240160804763716,-0.015215450117269366,-0.006976731216942263,-0.0023479423116205367,0.12178047191860894,2.491230192306238,-1.9415671317410388,-1.6223540392987754
-0.008161910543849321,-0.015240978791320569,-0.006865781293791637,-0.0024008266004331862,0.10990678284882936,2.477292659526288,-1.8629907374978671,-1.6396189528331164
-0.008342393494404028,-0.01527459930828858,-0.006985976398824603,-0.002188586564207899,0.1255581029208919,2.37883710287436,-2.0053361758438393,-1.5269278701548255
-0.008629243726026482,-0.015263876726102145,-0.007243826574757916,-0.0018813528053395225,0.15648608248533147,2.2668752217450443,-2.252074330563085,-1.3589129159529258
-0.008572400409775565,-0.01526339334590964,-0.007199157153507235,-0.0019473867461615002,0.1505802768527922,2.296715646039193,-2.205340970770847,-1.3976139259996254
-0.0085250519770124,-0.0152545013102556,-0.007173912105437272,-0.0020083735187954557,0.14739221262435326,2.3313945729789904,-2.170839126345303,-1.4341981349485193
-0.008403025921848757,-0.015274010084670255,-0.007040376956143758,-0.0021253478645751954,0.13214511470089385,2.357150008047098,-2.0571445599006313,-1.4940136190133317
-0.008472427223165692,-0.015277252230849813,-0.007095123059177665,-0.00204764184457208,0.13915591758434542,2.324395991745799,-2.1140657320087723,-1.4512187433977386
-0.006776381162088632,-0.01505712076585008,-0.005517674411710496,-0.003524399852945705,-0.041336716179986376,2.549439119811956,-0.7751163468444894,-1.9360447034254158
-0.0069321572255207275,-0.015104710712366482,-0.005662971709642013,-0.003405316806085606,-0.025429404634043078,2.553997773970185,-0.8855152392657145,-1.9230780899077047
-0.007042805355271454,-0.015175234619526058,-0.005731062062033558,-0.003273319631443048,-0.014437771984178326,2.513397765853433,-0.9717096386192684,-1.8839511562766322
-0.0071640479960473485,-0.01520217412474268,-0.0058443662446539405,-0.003181887237120686,-0.0027083406524090027,2.5135168790377285,-1.0582988348198865,-1.8688115977190256
-0.005284825240784221,-0.01490808537259088,-0.003930241761996703,-0.00394500138518982,-0.12549458428736074,2.055524047803051,-0.12325950371670844,-1.6738057762241623
-0.005487522520487369,-0.014977312483210964,-0.0041185747470012584,-0.003865491124945705,-0.11732485452231413,2.10291205581895,-0.1990598303571771,-1.7019663097755846
-0.005663670549281679,-0.014981949612124502,-0.004302029513141866,-0.0038480654983617914,-0.11086904834951072,2.1689572878533285,-0.251275850973589,-1.7416233354318014
-0.004559432709881463,-0.014757512094576222,-0.0032500407839330266,-0.004074073772217645,-0.1341811696561366,1.8420779775345153,0.050112368254537014,-1.530198580435879
-0.0047929534065959435,-0.014878417215717128,-0.00345219528876746,-0.003971121777079221,-0.12774357919065552,1.8903894172220512,-0.02193136469891402,-1.5615656443598847
-0.005027682005724579,-0.014961902101949883,-0.00366079147855631,-0.0038943890304894745,-0.12439532681042456,1.9424360875212192,-0.08947863573948374,-1.5977069768702297
-0.005177802314258736,-0.015124741550882087,-0.003764961641597069,-0.0037334329958269687,-0.11125334061174134,1.9345392213784112,-0.1727068091798788,-1.5888506451133304
-0.0066543036172284666,-0.015129183349461917,-0.0053238006908861955,-0.003484703860309879,-0.05068185420659416,2.4422182409302855,-0.7218093197696166,-1.8765462230676409
-0.006513725261445987,-0.015217251258830907,-0.005107068613620753,-0.0034317492982328854,-0.05849406542073735,2.3239649759384053,-0.6685572272321895,-1.808701950214602
-0.005825101083276618,-0.015081086130113705,-0.004434438129058427,-0.003725393645276992,-0.10181815645888405,2.1753484958676723,-0.336779943745225,-1.7432427452904893
-0.006020766082796135,-0.015159910222778718,-0.004606690566020942,-0.003611399068770688,-0.08878584276788025,2.2007712721286605,-0.43297902145193184,-1.7523854337805693
-0.006215603698700482,-0.015239010690192316,-0.004772370518436307,-0.003487893748380325,-0.07600256290159123,2.2148325608595827,-0.5350104576533407,-1.7517288374387616
-0.006366685609229449,-0.01532560886853808,-0.004881399309458429,-0.0033583471912092162,-0.06354117018761606,2.2007034614260763,-0.6229512687055988,-1.7336454145301072
-0.0140099578971103,-0.002140470677704409,0.004372699695915846,0.0013116791430181534,0.1768674545442295,1.3114618263277482,-0.1628129093201075,-1.141240650336525
-0.01407071639443025,-0.002472533707966624,0.004376605975079113,0.0015441925192739778,0.18877620256827787,1.3734829279641867,-0.16633831271490365,-1.1884593957177438
-0.014105115472427257,-0.002853082850531886,0.004408615029880782,0.0018207300868235494,0.2055216765321814,1.4554672856412123,-0.16689100651189606,-1.2495654815877157
-0.014741548546150843,-0.004651533704330045,0.0040959229737772265,0.0033402375811797578,0.25840709553638175,1.8712566647085647,0.17221838889469868,-1.547873639024225
-0.014942797848148014,-0.004774662038163813,0.003911130694063877,0.003424717853043442,0.24679452552113096,1.842803106530787,0.2515266433431745,-1.5240326606656576
-0.0151421638248352,-0.004775978716086312,0.003727083704472778,0.003386234347402618,0.22730526737280937,1.7736366499009446,0.29466408709108943,-1.475406722654908
-0.014725394114695806,-0.00431565379496965,0.004087240379482226,0.003031179946412318,0.24463483861668703,1.771644891529215,0.09899062049082952,-1.480759147934095
-0.014572408141519657,-0.003992189362419319,0.004191541135193989,0.002754007008446958,0.23979038497593488,1.7095261067950305,0.010149480951730882,-1.4376103736624988
-0.01448138633858561,-0.003585368431928704,0.004220087080534994,0.0024116403477661866,0.22520954692221132,1.6103745931601743,-0.054760602557606654,-1.3658920146596907
-0.014318207790864106,-0.003220017436338864,0.00430151152919869,0.0021142353515146493,0.21403136451370572,1.5328534779317662,-0.11392912454844438,-1.3091219285359121
-0.014116879107070462,0.0014272876782300287,0.004226374730876726,-8.590085861738201E-4,0.15299772690857424,1.2175695138513332,0.10673550171997526,-1.0707071948510707
-0.013557085559472118,0.0011481425720766788,0.004540727264877428,-6.513777345326038E-4,0.15360563720469222,1.146861759918835,0.1371075016213634,-1.0139080017622086
-0.013517472359049777,-0.0016081697185825975,0.0046160451265849405,9.208918757061351E-4,0.16644642162671572,1.1965355978655412,-0.193955275909847,-1.0510634811374198
-0.013510568281643744,-9.555092583578917E-4,0.004550787253346251,5.363384696350498E-4,0.15118805681618316,1.1240427172366179,-0.11862730933870021,-0.9959087569830486
-0.013445422978220288,4.221255247413785E-4,0.004556648080298588,-2.3285534611677624E-4,0.143916524892273,1.0864507472332063,0.055378601351342364,-0.9673089923754654
-0.013519631709835805,-2.8049464796591796E-4,0.004511087421899629,1.5632257832939108E-4,0.14320303737987686,1.09146204193576,-0.03488275406133303,-0.9707581725353692
-0.013963951762833124,-0.0017540024076280615,0.004355456228883301,0.0010551658198094738,0.16530041619202784,1.2500801425932522,-0.14668753671686555,-1.0935674406078701
-0.014277592760413443,-0.0019242128868897893,0.004169874071483209,0.0011870485575969237,0.1627533776704698,1.2835496782246893,-0.11370595920012236,-1.1208369936783131
-0.014645886611917049,0.001758104566213416,0.003913630514032319,-0.0010927747169704775,0.14805276879654236,1.2622645882456796,0.06357145712682861,-1.10657127511215
-0.022693328181418462,0.011313060649609734,-7.36665789636458E-5,-0.0012822057190025728,0.07147362840529504,-0.10969290087481641,-0.5079787226301571,0.13989303341908135
-0.021981880016982397,0.010576275781234084,-6.34788063815871E-5,-0.0016982251514741505,0.03679014566879888,-0.07080954134946287,-0.5564204720864899,0.10608777852082683
-0.021251959749333135,0.009627680865876028,2.659666088223587E-5,-0.002110978035691066,0.008265142892386473,0.02997685406014253,-0.6186437605990084,0.012899543788799728
-0.02179647097321563,0.009953700109162826,-1.2815598964668501E-5,-0.0018119392633067718,0.014975617443027486,-0.011280947081954335,-0.5746877795272199,0.04774013851591757
-0.020582435708144678,0.008694950871069997,2.029648524672482E-4,-0.002435953780053882,-0.00856924793812275,0.1763394462273453,-0.6701844461068084,-0.12431235592557581
-0.021250239291688417,0.009008608861269755,1.0433329307126664E-4,-0.0020871973556427074,-0.012245515122980478,0.1037797065566669,-0.6100723716942729,-0.06232859853204365
-0.0197324124579696,0.0077283014670426215,5.19037555771914E-4,-0.0027712892546144095,-0.007777061605931618,0.3912184704743013,-0.7180474896982075,-0.32054134049369515
-0.020523742709575635,0.008067263735855762,3.127997769515174E-4,-0.0023902034519312546,-0.023442191324113907,0.2648714744794969,-0.6461510419241114,-0.2127237269042989
-0.01915988885176706,0.006689360868390845,8.910887843838943E-4,-0.0027982010927277163,-0.0036658903167252816,0.6154735386858948,-0.6734515281410896,-0.529816495547467
-0.019771257437751072,0.007073983855747708,6.360190135716957E-4,-0.0025924154112248617,-0.02122365581910918,0.4750468245587866,-0.6505526206265061,-0.40733273544969323
-0.01854564609973764,0.005844504136816313,0.0012897740613868724,-0.002773903595177613,0.013926580229262672,0.8148510604411972,-0.6061123014317625,-0.7110071199614377
-0.01909903972325329,0.006152593872251233,0.0010117310167791077,-0.0026384458937844728,-0.00796552858595754,0.6822058924431995,-0.6071206950389448,-0.5967082288523943
-0.01725894157332622,0.004652729652876805,0.0021482552354786734,-0.002667425461643565,0.07296705890657273,1.1459685944653917,-0.4433986024917825,-0.9985994620465233
-0.018164946095201025,0.005240428858315447,0.0015673764746220989,-0.0026550868718796185,0.027711578935541988,0.931856558039211,-0.5290980716680639,-0.8169656437187853
-0.0177115912302076,0.004575064643008142,0.0018935912382218177,-0.0024704798301019783,0.04556542824371099,1.0439283957056897,-0.4309804319811389,-0.9183173921071749
-0.018030466666995544,0.0047499404815480924,0.0017015170480543722,-0.0024553168568570475,0.028750295326635745,0.9740333578783827,-0.45425133714016264,-0.8600118822738935
-0.016815379432894864,0.004151587154816196,0.0024746217685289776,-0.0024857487257184986,0.09308678553464969,1.2298571926326451,-0.34543168068497193,-1.071941727955288
-0.016587925690486498,0.0036259947385932343,0.002652890115042252,-0.0021961597017621927,0.09858945089869241,1.243639106037872,-0.2543364459767002,-1.0879879573031148
-0.01582769014031761,0.0029634921565014514,0.00317307819533437,-0.0018677391261874069,0.12796886210185285,1.310758050525047,-0.11402871913040713,-1.1441571943215896
-0.015139130394561837,0.0020769741717471734,0.0036079782131167126,-0.0013058874184898657,0.13810510475365345,1.2804770089155004,0.008968577227174921,-1.1221773567982618
-0.015634748627130123,0.0024487385484758878,0.003292243176746809,-0.0015353267127346107,0.12610260569905454,1.2798188936413997,-0.05689511055924285,-1.1209295894660805
-0.01641011471649348,0.0031179782882803995,0.0027833895173685883,-0.0018958796005624206,0.09937129610814542,1.2367158660627953,-0.18088573407331457,-1.0857834080338409
-0.023864373723579795,0.010751325096309505,-1.2874904836326858E-5,-6.711396609077595E-4,0.060116001927125295,-0.04035711663076493,-0.5107766695813362,0.06970524868829707
-0.025,0.010198846337795699,0,0,0.03511612030798358,-0.0013095605403126871,-0.5702152688164396,0.03725481633853466
0.004858205929655938,-0.01668253963742146,0.0029966377943677364,-0.002495622724135813,-0.03624723821863901,1.3615774745112155,0.37173687760112584,-1.1682982205286387
0.0043075009391229935,-0.016626328962953126,0.0026396756691053343,-0.0025876370418473466,-0.03722594925647197,1.3314531275812762,0.2773249126013979,-1.1511292513973237
0.006109677181666062,-0.017581707941814226,0.003380431315771876,-0.0017088225580377432,0.0018203348750190835,1.1169961573104235,0.6427327629233213,-0.952090244879203
0.006427392930916898,-0.017835451550854482,0.003408974895495538,-0.0014976596781055274,0.009049590344354264,1.0232761158262862,0.6942441598874541,-0.8696942581290766
0.006856449510723297,-0.017946826928233024,0.003549557648620825,-0.0013265648303193963,0.01302674001404802,0.9536909021806973,0.7732256004786794,-0.8016309643891582
0.0051672561546269,-0.01710930980516457,0.003040388555177138,-0.0021725132494879802,-0.017862433994913014,1.2584440861493553,0.45209436786470203,-1.0831511301140162
0.005697587504458486,-0.01757405998902311,0.003154965942820598,-0.0018018643958477713,-5.804309553917088E-4,1.1303212774298652,0.5582749476761916,-0.9728614004875435
0.005326588076993344,-0.017471995944031225,0.0029879401166095438,-0.0019274097767529562,-0.0036248636591304693,1.1609471847884347,0.4886301048330243,-1.0034693320669512
0.007014727441907401,-0.018398875328229806,0.0033423000123279506,-0.0010901974387092174,0.022808130872287235,0.8139922710604185,0.7525979955313832,-0.6881078938422326
0.008021881368816599,-0.019197089879737124,0.003158286507400615,-5.68235580079556E-4,0.02998933043593652,0.5023578561836909,0.7874124163052354,-0.4104184236715915
0.007194468925898787,-0.018854884891528083,0.0031359299619733694,-8.791901442800209E-4,0.03159927807052556,0.6871854855209891,0.7264568152455575,-0.5841965803908864
0.007507079332042652,-0.019223869009910688,0.0030127988566582688,-6.919098325398443E-4,0.036148981831736204,0.5754853770017004,0.7236511623105606,-0.48545308307444773
0.011647784207830999,-0.022692393884484695,0.0012608034933230242,8.857082462623745E-5,-0.06765358260969412,-0.09897023513605456,0.5080824584613608,0.1287587923529845
0.011034464427719127,-0.021977359888322515,0.0016783368811043064,1.0038910711565722E-4,-0.0329745894825632,-0.07202867266781234,0.5549490669406981,0.10733148085427278
0.010108064321403433,-0.021181739023556276,0.0021524544083525777,3.592608796603979E-5,0.00163014125877888,0.024437366236480604,0.625805674387015,0.018916718777110982
0.010395865143081454,-0.02178152336849711,0.0018131699874452591,5.498258857784857E-5,-0.008159601866437261,-0.01237043904542482,0.5755856308360322,0.04888686954694541
0.009185596520064489,-0.020465327884642823,0.002545230820621138,-1.2590081963060741E-4,0.023790505388585053,0.17727131674844973,0.6888927671610366,-0.12194662313420564
0.009441580674752082,-0.021184233003710397,0.0021446691419727665,-5.1628864838289966E-5,0.022499674546887352,0.10624606895795823,0.6176841179738665,-0.0630883751235732
0.008295193148075348,-0.01979195859520851,0.0028460401221285466,-3.844502616512584E-4,0.03469848269995764,0.37423471129294567,0.7273157681713328,-0.30262599850611854
0.008546160447001253,-0.02040909560984687,0.0025193476202930148,-2.468537869974609E-4,0.03813385240780861,0.2726726242826549,0.6654063634846579,-0.2173544350351153
0.0022047701507846183,-0.014276464359666858,0.0013739770798616932,-0.004201658406201365,-0.10938279926981577,1.289397266632186,-0.1905318520872927,-1.1268714530243147
0.002449580614451936,-0.01470849663704426,0.0015594515432169871,-0.003928117519774842,-0.09975190466976269,1.337827628858381,-0.12663082875370757,-1.1647060613078495
0.002771893945202713,-0.014992373523486749,0.0017868762824097824,-0.0037524679876327883,-0.09289622901046382,1.3821511350801692,-0.0819918557242061,-1.1981859276454407
0.0029365416016414996,-0.015358682558213085,0.001887954556513665,-0.0035007010396327777,-0.08212454801015634,1.3792693753436114,-0.01682581570421618,-1.1954007122962944
0.003210568161499008,-0.01560666791537908,0.0020629517470327104,-0.0033322855921012716,-0.07396731416157008,1.391473197439689,0.034252841652786234,-1.2049921774804526
0.003694055001563006,-0.01646463396901037,0.002265751789119884,-0.0027320006996005195,-0.04098323899990212,1.3095608960946226,0.18428008095220855,-1.1390027957383666
0.003320412918316568,-0.01599039539484992,0.002092880387144572,-0.0030633462308717763,-0.05829946749342372,1.3520483993341463,0.09590400395321412,-1.1735818984354973
-0.002163270656803526,-0.013671322742992603,-0.0012894157003892433,-0.004601256142625708,-0.125664528335555,1.2264516686367235,0.2990462207864244,-1.0759506754174009
-0.0017678801066375283,-0.013996484355559141,-0.0010657099384583423,-0.004337176494385108,-0.110029622705641,1.2046807862675009,0.1979265249088988,-1.0605678362483586
-0.0012278479374933844,-0.013753589541826466,-7.128485837966217E-4,-0.004433284425104624,-0.10790592687265631,1.112611689184092,0.16500017965864858,-0.9917107494064823
-4.8010654232027284E-4,-0.013752384047935036,-2.7493382447839196E-4,-0.004387365726960325,-0.10224075994038286,1.0638910156207706,0.0659428192128591,-0.9551127938598797
2.2420275557390222E-4,-0.013755682739282021,1.2831280925069367E-4,-0.0043787967721027965,-0.10078664087484525,1.0592250098798506,-0.030480855141624488,-0.9509281617743133
8.254562844149008E-4,-0.013705891912330535,4.7262690067621235E-4,-0.004430775824462828,-0.10582997556795126,1.074167956189083,-0.11445583615987177,-0.9620361808294878
0.0012179463905625082,-0.014080946181821383,7.269695815716597E-4,-0.00423325057608039,-0.0996941499722009,1.1526376832816856,-0.13054689811717116,-1.023041164027646
0.0016995651354506137,-0.014244904213565723,0.001038105847218399,-0.004170705078685194,-0.10192812476005697,1.2171192016963692,-0.15680879225771524,-1.0720180592123514
-0.002652511157192818,-0.013784722513335785,-0.0016387918205231244,-0.00460743660045547,-0.1335418364345469,1.3381210484171058,0.33270019838249043,-1.1588914183051664
-0.003080199155107184,-0.014007747866256885,-0.0019812889988541633,-0.004519063100980409,-0.13638634463118635,1.4602444741369416,0.3120430362395368,-1.2484597894927925
-0.003212818078339624,-0.01434640966380815,-0.0021091001262768822,-0.00427847920145093,-0.12805037250724183,1.4932344407090743,0.2262665488000885,-1.2782389360291255
-0.003507028843181307,-0.014513154708524085,-0.0023473965376945194,-0.004184032056790425,-0.12848354945850513,1.562011371400271,0.18408702503259416,-1.3302823901202634
-0.004050840303646678,-0.014708619336928625,-0.002797769944240826,-0.004078584728842745,-0.12952448199471245,1.6924083078124268,0.1102228878231537,-1.424374925464251
-0.0037671944762442122,-0.014783249503265875,-0.002554762208690118,-0.00399075576437074,-0.12102664403206716,1.6041173798208967,0.1040821959736603,-1.3619381416920808
-0.004300196774146775,-0.014982211673389523,-0.0029889014697022467,-0.0038579752694531738,-0.11879302360652955,1.7134670724790089,0.008911097677130995,-1.439918589758271
0.01092552868828317,-0.023848639493163775,6.760411143629865E-4,1.529834701500006E-5,-0.05428385562084471,-0.016702831084052173,0.5112656035918405,0.045838463513083155
0.01019884633779643,-0.024999999999999998,0,0,-0.01963119199827745,0.0356073702644945,0.5704586612622627,4.3102372557710734E-4
-0.015001581643175737,-0.010984257420636688,-0.0015714628183752255,0.00798591561444281,0.3153743871578936,-1.1765038257100129,2.7492452704154604,2.3236601372157506
-0.015004759737471098,-0.011005311954214902,-0.0016000060550326156,0.007965799053935423,0.3140599709349568,-1.1952570438121708,2.7284622804460645,2.336260623274145
-0.015004138545242065,-0.011023953799849903,-0.0016274608648366798,0.007954030218670851,0.3137177250148319,-1.2137754960551244,2.712839087137985,2.3523056621112084
-0.015002607854590492,-0.01104391070470035,-0.0016573314424714344,0.007942759051963328,0.31352341406063017,-1.233952366196446,2.696680171362066,2.3705445436875574
-0.015001527080161762,-0.011064607268384347,-0.0016878056831599114,0.007929896692112139,0.3131163184195486,-1.2543506699047617,2.6792920585944096,2.388416895451161
-0.015001429616436615,-0.011084695455801223,-0.0017165459213104972,0.007915459839979072,0.31251599921925716,-1.2733154489690384,2.6614784107593614,2.404046258914066
-0.015019367355602617,-0.010968074136100113,-0.0015359479163381865,0.007964277235946783,0.3116227503956645,-1.149770539831897,2.7475608126378908,2.283759016349888
-0.015041995071504364,-0.01095577472121909,-0.0015033173665099193,0.00793116429326577,0.30679500340499133,-1.1242604689141382,2.738111949269601,2.240447029332049
-0.015066741550111147,-0.010855969371140793,-0.0013424346928041354,0.007946925334022631,0.3030022415279627,-1.0101521320865725,2.7948980822434186,2.119011292556706
-0.015057899905070378,-0.010940972666019514,-0.001471757210656292,0.007911772739280063,0.3034678812435872,-1.1004506147045734,2.7363658109427234,2.205261241339681
-0.01505680423346074,-0.01091405184396385,-0.0014333668978006157,0.007930504314754075,0.30429067275413585,-1.0743200980750913,2.75878380176314,2.1838341019098615
-0.015060435594462244,-0.010883171217264951,-0.0013860539958137634,0.007942545152165083,0.30407207475976633,-1.0412305528106653,2.7797336012130316,2.1518672495815547
-0.015147800222323912,-0.010476838937101614,-7.37898119487903E-4,0.007965574578694542,0.2871220459348646,-0.5652243339380894,2.9589463638557274,1.6433367178754743
-0.015141356481531512,-0.01049761543355363,-7.715085351849859E-4,0.007970946079157054,0.2887132645091221,-0.5906971888904988,2.954709570576579,1.672682704234368
-0.0150954814758356,-0.010553713597429383,-8.734327044604228E-4,0.008037661481306448,0.2985409991937274,-0.6698298994127131,2.97149115640427,1.7863837571839731
-0.015093894990881575,-0.010620065441748441,-9.755233402192609E-4,0.008014170598844857,0.29889459124020873,-0.7450425191483604,2.932714028750929,1.8570783753255926
-0.015097754323552256,-0.010599634695942505,-9.428137321279472E-4,0.008015358800040144,0.29810310741967916,-0.7207469283949588,2.9414404938439933,1.831342055698167
-0.015098791326075871,-0.010577308767166154,-9.083208523486758E-4,0.008022320063540674,0.29783933159818715,-0.6953009690008768,2.9539571500137094,1.8069876427774398
-0.01511725668841624,-0.010534275493987517,-8.356375967005215E-4,0.008003650045724153,0.2938546505725224,-0.6401176344910838,2.959808584744163,1.7395813894990282
-0.015145730535365182,-0.01051846752244822,-8.016095886422617E-4,0.007955701712864046,0.2878579087501281,-0.6127410998505208,2.9387873255415724,1.6895549264608152
-0.015111087620541776,-0.01063689196895797,-9.937033106246045E-4,0.007974806885923717,0.2952644297970411,-0.7567048306085998,2.904661815172474,1.8524922830773851
-0.015114126193552355,-0.010660119300944878,-0.0010272871721380156,0.007959052796863915,0.2944910136754724,-0.7807771905074979,2.8868947116878663,1.8717883758756295
-0.015115817912771189,-0.01068316511227955,-0.0010609831817276676,0.007945577532496846,0.2940817460254283,-0.8049785475052396,2.8703385507733543,1.8922855168239658
-0.015087847989297463,-0.010725301122029289,-0.0011371809157122176,0.007977578328498007,0.29984311188017926,-0.862627230453727,2.869602029714687,1.9691498116069484
-0.015117039795654782,-0.010708879322211672,-0.001098677554135866,0.007931404484858922,0.29369650499239247,-0.8319835271939154,2.852259632704637,1.9156442456278968
-0.01509414152020212,-0.010751955386675685,-0.00117382582575397,0.007952677301738207,0.29824165677974895,-0.8881225166528458,2.8450968454709478,1.9863671806136225
-0.015095420997331667,-0.01077779580497281,-0.0012114731467814715,0.007937087070934599,0.2976025809819191,-0.9147164879332373,2.825718218587612,2.008938523430102
-0.015088488613161713,-0.01079566724214413,-0.0012415137964208228,0.007940429792729183,0.2990900827899066,-0.9367497599895562,2.819460388689675,2.0347047509334164
-0.015092293783448904,-0.010815615284216649,-0.0012688355126707698,0.007922720896336043,0.2978819624357662,-0.955584110631981,2.801441172546527,2.047922470591835
-0.015092383830112978,-0.010842791752731853,-0.0013085658731727646,0.007907558926712218,0.2975323297174701,-0.9833771573679947,2.781401515486832,2.072297648065891
-0.015206186288598312,-0.010247830137402303,-3.7682062847373344E-4,0.007910339516537223,0.2730573646433703,-0.2892849890284756,2.997265185662055,1.3315388984037748
-0.015209800742564776,-0.010279945061308618,-4.246469380298242E-4,0.007898128053118307,0.2729137654464832,-0.3256274630371152,2.981223459754933,1.363853219050484
-0.015174101422889727,-0.010463096032666262,-7.089804792857099E-4,0.007920605212609294,0.2816988635976887,-0.5419029625941124,2.9381861816353445,1.5993966484158966
-0.015177924627917188,-0.010433504506944474,-6.633471616188164E-4,0.007922155812065125,0.2807631400329533,-0.5076221303700756,2.948803745896608,1.5638823049629427
-0.015182842288237111,-0.010368923254649194,-5.646000469243792E-4,0.007929882710785886,0.27917614355757964,-0.43309456003645946,2.9736445125508175,1.4889570040872953
-0.015188214762203459,-0.0103430690661916,-5.242581497871037E-4,0.007925814020665499,0.277833852254988,-0.40234228308541004,2.97914575973906,1.4551639440859503
-0.015202312970831466,-0.010386596882622152,-5.864138898375141E-4,0.007889186919503934,0.2756657221398846,-0.44844028715693085,2.944797547245716,1.4877649547919432
-0.015205450121047957,-0.010413241286167892,-6.254161051742251E-4,0.007876500509919867,0.2751185666242957,-0.4775531401225796,2.9292454867553688,1.5128992210994403
-0.015208960620331953,-0.010316613492825512,-4.7994552624240356E-4,0.007892670865286618,0.27352450621963875,-0.36770710072540513,2.967664089804063,1.4051135541336213
-0.015281044769502474,-0.010010450878036618,-1.6210214594035503E-5,0.007789923661748889,0.2557084291222042,-0.008963730537815408,2.980394565720822,0.9974434923771405
-0.01525332615398646,-0.010187801011212402,-2.803971098524457E-4,0.007830751336452115,0.26350223284058005,-0.21364875685900844,2.9655278909980853,1.2208404574997582
-0.015260129968917988,-0.010160588812945601,-2.3928198341700808E-4,0.00782108353037427,0.2619007958991316,-0.18188979591415966,2.9663365846021326,1.1845050724137864
-0.015281794077525777,-0.010108551789336506,-1.606814913727489E-4,0.0077853545624642735,0.25718818246079217,-0.1208386832962489,2.9568402255242403,1.107906829947056
-0.015280999272264192,-0.01014269680025657,-2.1094322894992006E-4,0.007784257052236576,0.25797293560266527,-0.1593900018276902,2.948472213376909,1.1465166326506553
-0.015296024734159483,-0.010047772865385515,-7.083458802378667E-5,0.007761913009518229,0.25375816762689957,-0.05107962297544768,2.95577094693633,1.0282291089599156
-0.015311329888113519,-0.010084676415817243,-1.2411363085944465E-4,0.007732621193791312,0.25181186307812203,-0.09187035027171397,2.930459689313281,1.0575165733384189
-0.015239215293911802,-0.010221474486634926,-3.3232009607289675E-4,0.007852630449294946,0.2667634113235124,-0.2538647662471106,2.9700628932067836,1.2710143597437102
-0.0152737284626637,-0.010206927704413494,-3.061885462329368E-4,0.007790806760111855,0.26026538259510784,-0.2327456398688617,2.9371333629681153,1.2239809327331423
-0.015352490665113986,-0.009582813566499732,5.904272548728907E-4,0.0076039790813424235,0.235387111181488,0.4651482920640069,2.925520119352465,0.4613728529052132
-0.015339637513206328,-0.009625613905165429,5.335240770621553E-4,0.007637516820242311,0.23851773091392986,0.4208073372670464,2.942636432591743,0.5166250222532889
-0.015355661232485425,-0.009522137477773685,6.740015310103055E-4,0.007581524453188145,0.23358990814202382,0.5305078238140527,2.9163067245201657,0.39057851468322435
-0.015401348424868523,-0.00956544207266535,6.016122530579196E-4,0.007513375927562947,0.22800256935378513,0.4722638369225029,2.8700627878907246,0.42026636110378507
-0.015331607870461198,-0.009722159767667686,3.981411007582566E-4,0.007671915132466566,0.24152567342216627,0.3146282933121943,2.9535609940448073,0.632200483231902
-0.015351981524827555,-0.009673348302317775,4.6347108479252854E-4,0.00762599723357603,0.23703022076067454,0.3653929782995427,2.9303877109481924,0.5652685958020315
-0.015310563420259297,-0.009983464430229821,2.3090921108129983E-5,0.007735595647926204,0.25021325867564453,0.021885369825624588,2.952400008166886,0.9447477366829101
-0.015329375197591519,-0.009949120987853922,7.232031922315363E-5,0.007700456154466734,0.24614665204182815,0.06016071937408304,2.937201802990256,0.8927617837551785
-0.015343858838040384,-0.009764891277504321,3.352011149968014E-4,0.00765688669416785,0.24030460984168875,0.26510952643866337,2.938659322162174,0.6743080276173498
-0.015355673327445581,-0.009807541522550485,2.7291920231548944E-4,0.007641529072035159,0.23946045756823156,0.21634751525878881,2.9233070099146254,0.7158561003510098
-0.015346814464733618,-0.009881009402797467,1.6913986284315736E-4,0.007664929380161196,0.24244478829014746,0.1355479402521522,2.926772720065794,0.8042190471646572
-0.015364665761145091,-0.00984575242139598,2.1768931822826722E-4,0.007629696920132377,0.23858324366161704,0.17332810820256558,2.9105055798690533,0.7534387043355792
-0.015363041651347498,-0.009923282377258197,1.0780823172957785E-4,0.0076385772587282295,0.240444575446476,0.08785889077251734,2.9037868778049627,0.840970350825362
-0.015403869083613624,-0.0094691953831695,7.315992920443444E-4,0.007480941652219701,0.22599211726232868,0.5737234637251024,2.856455654802541,0.3120494021633437
-0.01489853472690691,-0.011332077210895094,-0.0021463735799858823,0.00789329750067484,0.3264196431933441,-1.5651614278602377,2.4970016482938324,2.7381546517913944
-0.014936592415571446,-0.011283708309733525,-0.0020464653916962617,0.00787033464033579,0.3198176215354733,-1.495676034747705,2.5209436343083413,2.6452401088920205
-0.014920555468365264,-0.011293136060851491,-0.002073403086209361,0.007889959238756697,0.32321198832437714,-1.5157615173369103,2.5223451454723125,2.6775675880203447
-0.014917321498286314,-0.011327588764624754,-0.002123260921147004,0.007864885425479735,0.32221579769107894,-1.546734572731456,2.4894195632600695,2.7039168761498296
-0.014920512399946087,-0.01131096374716327,-0.0020978118220789654,0.007874249156937808,0.32229279382491666,-1.530610792671076,2.504288806399759,2.6885978176956993
-0.014972392685558536,-0.011126698059534338,-0.0017980788816040533,0.007935815491834043,0.317929576421277,-1.3316254212063547,2.6461759510257803,2.4803975994844314
-0.014975223829141552,-0.011146401309088729,-0.0018237943972551735,0.007915538425990949,0.3165081488719043,-1.3477508744655002,2.6256577779455887,2.490410832814686
-0.014975837782419751,-0.011165341547648698,-0.001849955547507536,0.007899617418217179,0.31566695522633154,-1.3644590704015658,2.607470376589101,2.5030625442609153
-0.014973713834750088,-0.011181245384012455,-0.0018738956027127627,0.007890753452172312,0.3154683811344034,-1.380153071685694,2.5940851881274223,2.5176197949197423
-0.014967428640116182,-0.011197267402708244,-0.001901281500474646,0.007888948152965041,0.3164073711288717,-1.39876058195647,2.5835229841393366,2.5386572728695653
-0.01496937779691075,-0.011213392090471808,-0.0019220838885847073,0.007872419853953283,0.31518940006419993,-1.4115446110362433,2.5666762009940265,2.54661023534746
-0.014956553181599833,-0.011243865722754976,-0.0019747585443056995,0.007869605667431738,0.3169144153623993,-1.4471212705097862,2.546414147327542,2.58734261996976
-0.014969766248295971,-0.01122935927294928,-0.0019438006781322963,0.007858631620290829,0.31442267927899203,-1.4251027973302008,2.5510717958372218,2.556716797336373
-0.01495364787969935,-0.011274940450237261,-0.002019787237851616,0.007848323152822995,0.31614847093040566,-1.475637259203202,2.5179626251071734,2.612085124004173
-0.014972067227106778,-0.011262659855504557,-0.0019874338566110866,0.007826887754078735,0.3124582055885568,-1.4518001732495096,2.517281324849609,2.574820717886734
-0.014987360536447595,-0.011116575300853334,-0.0017722992757166402,0.00791682648631357,0.31475411847093,-1.312195756182846,2.6437773615319125,2.4495999104993547
-0.015000969565621552,-0.011102664098291404,-0.0017423921807472255,0.007903014058841064,0.31193872322752864,-1.2903265672492243,2.6457191899916865,2.4183614752533686
-0.014671646377591769,-0.011782055027975764,-0.0029700738958472676,0.007785930732561309,0.3504115233242439,-2.0759059659227095,2.0888734000609737,3.3333601665579145
-0.014687455568983121,-0.011779668854525971,-0.0029476358979999896,0.00776368389558077,0.34401844936618314,-2.061730757742747,2.084090017270814,3.3054793775428952
-0.01468181572499222,-0.011794355690815904,-0.0029720064060548283,0.007754450054780469,0.34353205513548574,-2.075105373934481,2.0674780745708543,3.319180920463236
-0.014666024878782739,-0.011796722524648843,-0.0029944907452847135,0.007776572606530252,0.35156385936741047,-2.0890608263647805,2.0721735390570952,3.347034478713797
-0.014676164274087146,-0.01180903601992566,-0.0029963192182362887,0.007745074975873379,0.34323085488946115,-2.088378334120145,2.050745146865244,3.3327502664243966
-0.014660357317958707,-0.01181137231649065,-0.0030188903774279463,0.007767133133845719,0.35185190032911073,-2.1021744299957925,2.055349405147508,3.36055648759587
-0.014670481721025521,-0.011823699853803717,-0.0030205856097005185,0.007735600366073003,0.3429702380911847,-2.1015315394853284,2.0339159883925917,3.346202922812337
-0.014654643750579328,-0.011826004259357795,-0.003043255901826541,0.007757618841479528,0.35252649645451073,-2.115245878304556,2.0384281811490843,3.37395799528888
-0.014858846915843932,-0.011468023800738464,-0.00236601257921591,0.007831294111020905,0.32803284123222115,-1.7035187986051266,2.3760065598290265,2.8799213312380165
-0.01483420782515092,-0.011544946042048601,-0.0024906984701651234,0.007793792794037145,0.3287383037083278,-1.7796306313026868,2.303781134096323,2.958306324253417
-0.014836766502012367,-0.011529125818647224,-0.0024677640603628097,0.0078060313727528335,0.3292205335974185,-1.7664072329761502,2.3202037540157865,2.9469729604015775
-0.014838564450181085,-0.011515282996231935,-0.0024480626367630333,0.00781734927528541,0.3297678020199585,-1.7550891102916317,2.3347315710717016,2.9376743538301797
-0.014855004264812871,-0.011484723268496822,-0.002391670820190777,0.007821005684152173,0.32785778283113304,-1.7190112321678945,2.359817898364821,2.8946523132991984
-0.01484919960054717,-0.011502961304876512,-0.002421230240474794,0.007812234786104434,0.3280344980932018,-1.7371311912942833,2.3428406579162915,2.913324145947444
-0.014893622856816936,-0.01134999006456701,-0.002175230956317702,0.007885365197060665,0.3266353603584204,-1.5836303706774344,2.4815209113662644,2.7569928374956985
-0.01489747877608504,-0.011369266980896216,-0.002197686272261077,0.007860872112913862,0.32470205926396084,-1.5960053704128787,2.4589365229997164,2.7615109828069815
-0.014896986264743608,-0.011386132082955878,-0.002220745093159215,0.0078459515698096,0.32386352192072104,-1.609714580295652,2.441539683884088,2.7717574762543546
-0.014894498756478117,-0.011403177924053464,-0.0022457947066986286,0.00783410080358788,0.3234764311484692,-1.6249959012738626,2.425084443049738,2.7852702900591777
-0.014877400769759942,-0.011462534170051268,-0.002340443249748889,0.007805569276191936,0.3239919209302717,-1.6838715660963073,2.3716597779245725,2.8450731651034418
-0.014880297269674546,-0.011441966975390775,-0.002310685504055075,0.007820849360060765,0.324584966827749,-1.6661741581197238,2.392143828168298,2.8298163223288517
-0.014889364888986699,-0.011421225672457007,-0.002274593419602457,0.007825586952000708,0.3236302188464499,-1.643029596268974,2.4090150356174185,2.803597787485664
-0.014709702589809142,-0.011678898899739066,-0.002798094688237596,0.007849377295007464,0.35250607031813835,-1.9792796578114367,2.203797433569013,3.234337730097693
-0.014720199237019373,-0.011691023059440137,-0.002800788897514697,0.007817826385117473,0.3431313014572546,-1.979702574532613,2.1820278139313865,3.2212211183048893
-0.01472531614604481,-0.01163443792171138,-0.0027240449489241442,0.007875381275553062,0.34999561888105607,-1.936728397247098,2.251575243272174,3.1903912492149833
-0.014741120694556853,-0.01163164908693528,-0.0027023777710915822,0.007852285176246173,0.3437121822585521,-1.9229456913201204,2.2454263294137333,3.1630505307112666
-0.014714953661811803,-0.011664094939289063,-0.002773460153233089,0.007858115258172805,0.3507285597420055,-1.965228228471885,2.219792687810234,3.219850503268288
-0.014725442741838917,-0.011676214302433006,-0.002776299528571625,0.007826635696467715,0.343571857932421,-1.9656695707550185,2.198066334053807,3.2068998833598648
-0.01472015819724113,-0.011649274565685588,-0.0027487808461345124,0.00786678189678899,0.34966799255511694,-1.951067883586289,2.2357089492378526,3.2051855904362703
-0.014730691868640568,-0.011661400275172979,-0.002751739387919576,0.007835274137072966,0.3439562791255346,-1.9515368124092942,2.213947389867528,3.1924244783730185
-0.01473593121248798,-0.011646549393260312,-0.0027270894224899252,0.007843798535857186,0.3439983518648619,-1.9372971762203373,2.2297155869241734,3.1777951099495994
-0.01475729531476976,-0.011628937598225364,-0.002680761862912655,0.007829156489869737,0.34157313034587045,-1.9045878524347966,2.2428576300762066,3.1304264105177952
-0.014762337151461129,-0.011613917941160684,-0.0026561316049463148,0.007837713673046807,0.3415782010743907,-1.8901911095642527,2.2584440236457897,3.115750283880652
-0.014778612356347712,-0.011611139402388894,-0.0026345495349469547,0.007814122294166559,0.33727728746974917,-1.8737910331426433,2.2542342121399432,3.084854889820196
-0.014800586815749016,-0.011594599170735949,-0.0025895932429919606,0.007796220745807845,0.33319005953237407,-1.842979862097461,2.2634600444760906,3.0385319150974603
-0.014794759479907799,-0.011608437187262656,-0.0026133799502866674,0.007790668747215728,0.33354501483766885,-1.8573126887833606,2.250143166208973,3.054270430751346
-0.014806363336187124,-0.011580024234993554,-0.0025648994796016763,0.007802489633725329,0.3329000715871298,-1.8280815850223775,2.277520983235409,3.0224297945807557
-0.014812294490481347,-0.011564652319324709,-0.002538992113087815,0.007809183261838419,0.33259751374950036,-1.8124241388873223,2.292256943744593,3.0056146867666307
-0.014830768819900806,-0.011561328355772863,-0.0025151671641344448,0.007782258063572166,0.32839621067326613,-1.7938564236977064,2.2870677169329654,2.971237227034123
-0.014731108760127003,-0.011703313596768959,-0.0028032157115818897,0.007786203347528072,0.34185872913294874,-1.9750995596034662,2.164195555229778,3.2027283985065744
-0.014725962861845757,-0.011718204008032022,-0.002827433989104088,0.007776937218990035,0.3418205105112933,-1.9887066894778016,2.1480420647901686,3.216457397787282
-0.01472067900674022,-0.011733117099986867,-0.002851773795318887,0.007767694804168207,0.34168461072315043,-2.0023243662953543,2.1317856465852554,3.2302628660560955
-0.014703615848099686,-0.011777408874219818,-0.002925317033052044,0.0077413885471617145,0.3413861846005732,-2.043353418644117,2.0831530172846535,3.272811207802303
-0.014715191828024596,-0.011747991110726911,-0.0028762407992981714,0.007758650374708245,0.34149937966331595,-2.0159888205249747,2.115513647857622,3.24426157065055
-0.014709468584044696,-0.011762755109268634,-0.002900795568922905,0.0077499378036653835,0.3413686379537299,-2.0297001670961614,2.0993142849076833,3.2585105103249035
-0.010895670269557968,-0.014947770463046692,-0.008144104762263021,0.0014742734007457709,0.24531816387148767,0.012568605684640369,-3.2893282777011748,1.1907417563472091
-0.010911164253172406,-0.01494489619745483,-0.008139524353079268,0.0014998047292281481,0.2448026007725483,-0.008139063485715815,-3.2855684685669213,1.2113793106089927
-0.01092665985145917,-0.014941957304771962,-0.008134886967280562,0.0015253486860519665,0.24433749087406145,-0.028828978053784735,-3.281705285518018,1.2320169689268088
-0.010839749130748935,-0.014990475267921804,-0.008098027940276002,0.0013626333525390678,0.23940263785949115,0.07930598721931374,-3.259218170274803,1.0939601695499677
-0.010859959912609888,-0.01497000145419205,-0.00812449420923088,0.001405765445813165,0.24237161142399213,0.056812311280461734,-3.276989988072177,1.1318465553001975
-0.010875366263438801,-0.014966713557043215,-0.008121213930227284,0.0014313206888509579,0.24204356293576926,0.03648374931576041,-3.274287766784044,1.1526110585926757
-0.010890709365484141,-0.014963542204856762,-0.008117575659426555,0.0014566874179427855,0.24168860320641358,0.016204012164698006,-3.271276384650679,1.1731883292507412
-0.010855477256640074,-0.014987229595933784,-0.008094760168027305,0.0013884980255904874,0.23905604189604288,0.05874244630564749,-3.25660075976182,1.1149171128251494
-0.010983084736969085,-0.014902401901103014,-0.008170532271658823,0.0016384300285928423,0.25095996370544993,-0.10244431400649207,-3.3025137122220443,1.3320957257197974
-0.010978084737504598,-0.014917562696838443,-0.008145285042361049,0.0016200317642204537,0.24376104642866012,-0.09354708912600514,-3.2872706229418793,1.309341522779665
-0.010998483515463568,-0.014899288792197039,-0.008165340877203572,0.0016641086663654204,0.25098074967749207,-0.12328924268675401,-3.2979100685425693,1.3528700608864683
-0.010993546888780821,-0.01491448086910003,-0.008140112079376557,0.001645627264437098,0.2432048218669087,-0.11429182019821217,-3.282765558914814,1.329975025805764
-0.01101387252417452,-0.014896127296621684,-0.008160066919665619,0.0016897801313457827,0.2515615716511094,-0.144072311976658,-3.2931947342867285,1.3736714434341966
-0.011008996628045935,-0.014911333404401456,-0.00813489035297832,0.0016712129973618522,0.2425094342011884,-0.1350177912819235,-3.278153322576441,1.3506031382779107
-0.01102925160358667,-0.014892917446321189,-0.008154713828534488,0.0017154278537103173,0.25185562157703306,-0.16477827364735173,-3.2883931993413675,1.394440814285537
-0.011024417284829129,-0.014908109647349307,-0.008129650761670831,0.001696774183871956,0.24181155113104322,-0.15571352778757,-3.273447747909401,1.3712462019382814
-0.011044620593952056,-0.014889659273885174,-0.008149284061673165,0.0017410406305400402,0.25152297184949757,-0.1854137975589196,-3.28352357081774,1.4151044877709003
-0.011039805129034444,-0.014904820252827862,-0.008124377775464152,0.0017223008350051407,0.2412866988399773,-0.1763706807758759,-3.2686354976218683,1.3919023000196253
-0.011059979335296836,-0.014886352812552905,-0.008143780178158483,0.001766606959847731,0.25016530003184845,-0.20600746790160107,-3.278575141077526,1.4355929340768825
-0.01105516211175595,-0.014901485724856112,-0.008119034183495131,0.0017477823055293935,0.24097778189933086,-0.19697112725247576,-3.2636968851615014,1.412542320386838
-0.011075327667428126,-0.014882998096217483,-0.00813820316750318,0.001792122546070843,0.24637311427231623,-0.2266169565142945,-3.2734879544981736,1.4558705393159517
-0.011070505536629985,-0.014898137988388379,-0.008113551097096371,0.0017732212935439404,0.241154220703335,-0.21750415857752078,-3.2586157231484116,1.4331257742992471
-0.011090665429940796,-0.014879595159429937,-0.00813253816956772,0.0018176554815597485,0.24389345731749043,-0.24729725923291376,-3.268211650498781,1.4761469746670635
-0.011085870685483293,-0.014894827819422918,-0.008107813260088777,0.0017986225440380615,0.2414713392027684,-0.23798420589622252,-3.2533333335717427,1.4535587049343446
-0.01110599246222428,-0.014876144037403229,-0.00812677579923287,0.0018432473779919512,0.24596204175770608,-0.267992097350699,-3.2627641575896917,1.496655995225382
-0.011101266968952757,-0.014891506276380688,-0.008101900537997976,0.0018240284270977247,0.24084669137966472,-0.2584414116613754,-3.2478755516202154,1.4738712733873058
-0.011121308603469408,-0.014872644766016243,-0.008120934520479173,0.0018688155054071042,0.2475224811225298,-0.28859453651474193,-3.2571939232903113,1.5172479777195516
-0.011116664422540801,-0.014888055942370054,-0.00809603916230287,0.0018494909087534278,0.2396560438008555,-0.27890530848318024,-3.2423731568829948,1.4942598931434048
-0.011136613692675214,-0.014869097381817619,-0.008115024398572413,0.0018943155587829912,0.2462147037960766,-0.3091099380437292,-3.251515379895197,1.5377216559972127
-0.011132033537124837,-0.014884500316784571,-0.008090210423454995,0.0018749586491466953,0.2390754368267057,-0.2993551889665573,-3.236826537821895,1.5147199462124334
-0.010942125564458526,-0.014938949904887639,-0.008130220064166973,0.0015508607474913779,0.24385704808895522,-0.0494603506815666,-3.277758933703606,1.2526242752050722
-0.010957589985502265,-0.014935960130168782,-0.00812534404658742,0.0015763259608420445,0.24334239503794555,-0.07009271059064949,-3.2736001594522146,1.2731786128313576
-0.010973089965298439,-0.014932993878376953,-0.008120222753231404,0.0016017934784130908,0.24283409677184384,-0.09077383836355411,-3.2692016439936746,1.2937153453793935
-0.01124342629880737,-0.014842921746160495,-0.008071394772578327,0.0020723509641386788,0.2437819103386298,-0.4516964556888285,-3.208370910501836,1.680396620797396
-0.011254529050641433,-0.014854493338200969,-0.008040432598937233,0.00207782060844538,0.23548770268130362,-0.461499062415416,-3.1879943345201553,1.676861295274328
-0.01128902117887793,-0.014830985862161488,-0.008051503940586182,0.002148334323124751,0.2427434552584186,-0.5119592462972726,-3.188334097750212,1.7409156924777573
-0.011284973962997562,-0.014846442937559772,-0.008027358258115047,0.002128317370639504,0.2347143457134789,-0.5016458081639193,-3.174617641981452,1.7171931938410763
-0.011304194021561008,-0.014826911844453403,-0.008044724253421282,0.0021735840550228067,0.2405792871452436,-0.5319725175912569,-3.1814724746550525,1.7607914534517277
-0.011300146028761194,-0.014842383195507201,-0.008020667023647484,0.0021534628159531003,0.23476056452204533,-0.5215975073989049,-3.1677315337854064,1.7372604389382957
-0.011265783298149291,-0.014866398166933678,-0.008009476873457058,0.00208329926542183,0.23465002488828082,-0.477106995637587,-3.1641211105848317,1.6793035334674258
-0.011280997144815496,-0.014862266288373638,-0.0080031746165366,0.0021084718307471,0.23427449926002222,-0.49694584087355403,-3.157641602812216,1.6993022712395545
-0.011319353867715836,-0.014822790206067778,-0.008037862803821712,0.0021988214572619736,0.23881350978233604,-0.552007235006866,-3.174458808529001,1.7806040985668166
-0.011315317320090432,-0.014838323746578098,-0.008013805423588241,0.002178560091982675,0.23481724854578626,-0.5414733330554365,-3.1606878573037096,1.7572133408721025
-0.010230893088561607,-0.015142465905734146,-0.008033726589551567,3.6085798620906295E-4,0.2360671855805068,0.8275069021405024,-3.1824860076911397,0.2767530735918747
-0.01025662186983775,-0.015135882819407366,-0.008042154638131523,4.019687461716651E-4,0.23677293812887076,0.7983957139712938,-3.191299491654012,0.31000947798871453
-0.01029201406290591,-0.015119824882304999,-0.008066469342421485,4.6017352379673816E-4,0.2392409934701871,0.7622617397093786,-3.211681095342287,0.3578768630814501
-0.010281626397969888,-0.01513879007069966,-0.008032062404361334,4.4031810499045777E-4,0.23524477385776113,0.7641026633156182,-3.1876190382906917,0.34020606179356355
-0.010365088038229432,-0.01509585633591789,-0.00809627311733236,5.801029165118455E-4,0.2419503074739607,0.6797802741101172,-3.2394202119325057,0.45604185533015507
-0.010349978185324855,-0.015104334171173357,-0.008083625113415772,5.543165110376362E-4,0.24059070154740594,0.6949870712618337,-3.2294250682844425,0.4345202406962753
-0.01033205605381214,-0.01511355925858334,-0.008070033125843867,5.241137473187738E-4,0.23916862570848765,0.7133002036995152,-3.2184774896748736,0.40945293344865713
-0.010311889996927882,-0.015119566085223416,-0.008062893712519061,4.912868011610357E-4,0.23852591025065187,0.7362843061272829,-3.2115435790440165,0.38268735664762676
-0.010791861116301446,-0.01499870329390976,-0.008109979873475594,0.0012847100305148683,0.24072540369891846,0.1423121161203806,-3.2681698463681523,1.0310087897464568
-0.010758882078795273,-0.015001473499530906,-0.008122744334943728,0.0012324638379976607,0.24220982469022093,0.18657624768571887,-3.277087168513899,0.9891982866964358
-0.010775240238804384,-0.015000733645124597,-0.008115303443166954,0.0012580600772908767,0.24131315028765407,0.1644172031334781,-3.271940728530705,1.009584740981363
-0.01073871521934468,-0.015019258362013163,-0.008099585530244126,0.0011920460441676847,0.2395905545273261,0.2085016687951872,-3.2611451549123784,0.9540942560135405
-0.010751982757135433,-0.015014809070277215,-0.008101093882781317,0.0012147596646512099,0.23975034251887445,0.19187059626898137,-3.2622226298995556,0.9728249791048874
-0.010722685500317589,-0.0150241246387873,-0.008098547002310745,0.0011649018857877187,0.239532508185883,0.22869729323577417,-3.260323319478431,0.931787050996892
-0.010382088338653254,-0.015097567202864889,-0.008088604064099067,6.063303488950616E-4,0.2408032425593387,0.6561064529709931,-3.235903680944523,0.47677170283566567
-0.010403695556130282,-0.01509776808004408,-0.008082388607368136,6.400909627832132E-4,0.23983479570690266,0.6271986730506333,-3.2337182299668163,0.503665325008587
-0.010424508169368235,-0.015095678998871683,-0.008080488464210776,6.732020179371625E-4,0.23939290824735301,0.6005676089232145,-3.234237479002904,0.5303079427929346
-0.010442419016652209,-0.015092990064257418,-0.00808031980182667,7.01954297957624E-4,0.239208591647233,0.5780642564697472,-3.2355778295697113,0.5535536566331155
-0.01045876261177818,-0.01509081462481406,-0.008079431899143022,7.281095763578793E-4,0.23894113641871503,0.5573130242961463,-3.236238399593755,0.5746931580130767
-0.010476013983215224,-0.015088289733421356,-0.0080787294030871,7.55791926226573E-4,0.23869083748820796,0.5354967786359167,-3.2370264829414332,0.5970799362145213
-0.010494358702725685,-0.015083283660005359,-0.008082196817490075,7.860251435966043E-4,0.23896085410868664,0.5133783542150981,-3.240632826898317,0.6218078884035395
-0.010688085560420474,-0.015024661553190842,-0.0081146186927383,0.0011112185957737508,0.2415085173009822,0.2756551359447472,-3.270866802882755,0.88911806216211
-0.010704438742038792,-0.015028889459078043,-0.008098597485509772,0.0011344221192182678,0.23955977907561612,0.2518812936717904,-3.2601572687460307,0.9068454724206558
-0.01067241109034456,-0.01503059262713742,-0.00811077825897453,0.00108411093748455,0.24109376042932198,0.2948760455686057,-3.2679260884342978,0.8666374256628578
-0.010530414115296505,-0.015061143270278632,-0.00811189780286324,8.501448306741075E-4,0.24216977514791246,0.4752963402989397,-3.2630225055948947,0.6758759486643178
-0.010513440953327806,-0.015072960851901462,-0.008095349902024268,8.193534068922096E-4,0.24035021874841103,0.49267617239733746,-3.2507615575135493,0.6497140460275436
-0.010545121850026422,-0.0150674403490188,-0.008094318530448964,8.707375472084486E-4,0.23991242378552383,0.45251534733787785,-3.2519132179242654,0.6914206543335897
-0.010559806080527995,-0.015063269459298674,-0.008096681973734634,8.95188346159902E-4,0.2401776172211055,0.4345462940198486,-3.254276106265579,0.711466290879433
-0.0105763616568103,-0.015060588596608181,-0.008095285523186184,9.219871674552915E-4,0.23983679232919033,0.4133156273811835,-3.2541012593867724,0.7331923453057629
-0.010592456505266155,-0.015058303270075896,-0.008093126038974545,9.479054028056719E-4,0.23953216405267067,0.3925237603762755,-3.2533240179147573,0.7541402350503815
-0.010608296997578976,-0.01505619355564117,-0.0080905526289225,9.733422906365565E-4,0.2390948565065121,0.37196345668837844,-3.252196346854643,0.7746921526356698
-0.010624339713479099,-0.015053910533192019,-0.008088044128296263,9.99151652355875E-4,0.23873223211124048,0.3511948397892814,-3.251062756658715,0.7955499369475718
-0.01064065815485201,-0.015049955244410737,-0.00808841339844228,0.0010261157251678103,0.238691283016201,0.33068709935726787,-3.2518369778610663,0.817565251991471
-0.0106564932715106,-0.015042761179733135,-0.008094969576170697,0.001053832815561569,0.2393996944978586,0.31198703591679244,-3.2567594263662527,0.8406915412980815
-0.010819302737249065,-0.015011530289742113,-0.008070322589504754,0.0013193307348154158,0.23622313589946486,0.10161075502099016,-3.240601467945361,1.0559283214045962
-0.010835267818640566,-0.015008590212268443,-0.008066634855636553,0.0013452126722956865,0.23582494406789392,0.08085438956404767,-3.2377766353309005,1.0768261234295353
-0.01080324891706723,-0.01501434050023333,-0.0080741192302565,0.0012933647750369998,0.2366447470837978,0.12251466295138792,-3.2434375569274962,1.0349727480429503
-0.015389025629014256,-0.009335116039911122,9.166504521107356E-4,0.0074585567227041525,0.22550806858978686,0.7184495227813784,2.848206975982755,0.16829637685169405
-0.015404037946238541,-0.009378478950328537,8.531483637206686E-4,0.007449397804767619,0.22403542903787926,0.6683820726619416,2.8409580938209875,0.21169953379488113
-0.015382503007458992,-0.009241533330416754,0.001043145360017977,0.007430078623932684,0.2245977260088918,0.8174210212719417,2.832042558723579,0.06632125531393616
-0.01541897866020298,-0.00929063192641288,9.63098946674823E-4,0.007389446039170441,0.2206667225933947,0.7529406562453138,2.8057045195278985,0.11122523268027211
-0.015426201095480985,-0.00918838040438362,0.0010919062877157522,0.007332160398697119,0.2182338224042648,0.8517504872840348,2.770390247830735,-2.9499087034276565E-4
-0.015444955967368685,-0.009413870079210514,7.917299090695101E-4,0.007392132102340598,0.21962531733147722,0.618589392381684,2.8034182505050587,0.23741981610841137
-0.015430860629697072,-0.009059714881264821,0.0012514312595604522,0.007260102058423868,0.2158343138973701,0.9734306472092978,2.7228818522996785,-0.13641912736429826
-0.015474411860724896,-0.008826846940008801,0.0015041461653497541,0.00705560071897359,0.20834361588166536,1.1581831675622967,2.5832994593647496,-0.37062800271650914
-0.015429355946825513,-0.008886035511130928,0.0014630557947741842,0.007162870117271034,0.21396243345434343,1.1327597822547129,2.6534993523793013,-0.31285785649247516
-0.015442614293858504,-0.008956038724230411,0.0013714459722599986,0.007183548015392918,0.2128784773555674,1.0630253329021324,2.670545421289526,-0.24347206676826438
-0.01543818409739263,-0.009014448486283806,0.001303150658602431,0.007223670483287029,0.21436684360508904,1.0120534422494396,2.6983509849327487,-0.18390836887452747
-0.01546011714359889,-0.009139327128574659,0.0011375846293475262,0.007252788308698508,0.21317175561300236,0.8841359468093444,2.720100922266233,-0.05769688554031117
-0.015467362838214864,-0.009092121133125663,0.0011924493765416084,0.007217582519706082,0.21173869064183282,0.9250806626776097,2.697310905181349,-0.10708457806161213
-0.015468878406449244,-0.008710490500985053,0.00163922355590352,0.0069879395092149075,0.208127976567798,1.2568143663523008,2.5316763380509504,-0.47962147951642864
-0.01548193932926097,-0.008631106962311392,0.0017170160541555477,0.006913453337926049,0.20635370558828137,1.3105269709198486,2.4781115393802584,-0.5500328770291113
-0.015511324652297449,-0.008755611965543253,0.001561023812990862,0.006953885836760682,0.20371711040571625,1.194170334481648,2.515807443778716,-0.43510136340440614
-0.015211491195679498,-0.007256770818087613,0.0031218466806650262,0.005941107704711562,0.2479091013182913,2.166291510267221,1.6277953233717761,-1.5105712262883542
-0.015311509696839002,-0.007360280220483677,0.002952071464663019,0.005956686018461857,0.23425523880513707,2.059187469307199,1.6776453698464258,-1.4223295683744783
-0.015346655373079951,-0.007463966598730818,0.0028506534237016552,0.006030400381831467,0.22873192303782086,2.0070592818873902,1.745696795189527,-1.365538733263798
-0.01536244606770497,-0.007559463639499465,0.0027714741785680066,0.006112699690388143,0.225497086890225,1.9688727481035035,1.8137733622882568,-1.3173078650769725
-0.015478319627187079,-0.008498637002644598,0.0018594074960256838,0.0068217887264284335,0.2069150600051147,1.4102095154172882,2.406738246638659,-0.6645587946793018
-0.015509851397125005,-0.008553969385773403,0.0017786329779108361,0.0068175472896169044,0.20257078899702444,1.349128706476229,2.412076362373696,-0.6127123838849147
-0.015362572657423398,-0.007870828172203434,0.0025404403297499267,0.006425799071597625,0.22185418933068277,1.862407367019253,2.056549067412979,-1.1555415611400466
-0.015323649184349988,-0.008047094341439694,0.0024285601040445535,0.006645500949668598,0.2252265696606494,1.814006727184369,2.2173705611106005,-1.0571273415319895
-0.015360389757107164,-0.007951124047303405,0.002476376097100857,0.006506480887016196,0.22222346135230175,1.8289555773523445,2.119224556688786,-1.1070168511271088
-0.015462553388859216,-0.008376394964770453,0.0019952355773153476,0.006748578052512103,0.2090685641503021,1.5051123889402804,2.3447511190960637,-0.7678594538210967
-0.015499582802997186,-0.008435853088033116,0.0019068017956253784,0.006743744342329341,0.20356906446167328,1.4388991055824019,2.351985909559853,-0.7120942199431418
-0.01539132511562297,-0.008110675121810363,0.0023080432639717764,0.006616627266084504,0.21674778738381864,1.7219409456243422,2.2176958879606405,-0.9883942251921244
-0.015409617968839648,-0.00817741737935842,0.0022307761612696277,0.006652361151660094,0.21561821013671661,1.669603252792696,2.2520651283075126,-0.9347443213610263
-0.01543924777565625,-0.008213625929677042,0.002171113477479487,0.006644546223859143,0.21052938935290158,1.6244159075206404,2.255317669109927,-0.8989929409571111
-0.015489436428026367,-0.008303739798060926,0.0020438803639560676,0.006652755511088278,0.20533450903174308,1.531545279527623,2.277684943095482,-0.8177265605943923
-0.015484816562613198,-0.008233566929702195,0.0021137996975459004,0.006600764532544413,0.20707432981597163,1.5769336056805567,2.235535693776546,-0.8708994511573926
-0.015364796324025468,-0.007668777759767933,0.002692718579506173,0.006221743785817408,0.22381062592969142,1.9345126661795413,1.8982491670201314,-1.2647072880607155
-0.015405350503477392,-0.007785908195860192,0.0025653163036167374,0.006291921721000402,0.21829215325744306,1.857967096498806,1.9670417711018187,-1.1853514372474485
-0.015311567600506898,-0.007132660612520311,0.003078669039918288,0.005712102710221981,0.2374989916002059,2.086422069493775,1.5006194529506252,-1.491617232572695
-0.01530515143041007,-0.006848889202052992,0.0032166652446370216,0.00541077116757912,0.2395032425493571,2.0981822486845867,1.2925298637636942,-1.5523584998392836
-0.015388894032238021,-0.0069919600724946025,0.0030647809272790916,0.0054956307499911565,0.2286506112190161,2.0277717324243087,1.3795527920978008,-1.4836428955104528
-0.015384999099246989,-0.006513009381163078,0.0032544395792314233,0.004997862979718225,0.2323251814534324,2.0158995989516026,1.0637917569742255,-1.545116872495881
-0.015366691673807976,-0.00669497180190282,0.003211547602391646,0.005200476344489239,0.23436053814185745,2.042142855686454,1.180824770430139,-1.5396860242559247
-0.01522083853198041,-0.006016800080855771,0.003549402275929563,0.0045740342137965675,0.24843376265848424,2.0465015320134197,0.7782923547459387,-1.6138814665111223
-0.015221459671241735,-0.005750408932541583,0.0035910234653197047,0.0042993441785203436,0.24492741201101012,1.9857806968213458,0.6490114009943744,-1.5901667417297636
-0.015186830748789838,-0.005486731789112164,0.003654731244639446,0.004048388730122441,0.243429994728414,1.9387602684768488,0.5322412704413569,-1.5705976294149926
-0.015407101633586245,-0.006092597942863815,0.003343661074292978,0.004556497079541527,0.22879098711541945,1.9461143457021108,0.8300782682503137,-1.5383316774550542
-0.015402988141631916,-0.00630285387289427,0.003297168296570309,0.004770746874410324,0.22975327447462382,1.977424158431761,0.9419992976570137,-1.5430587649124154
-0.01534497530895638,-0.004969366397551833,0.003539081807694091,0.0035119991593192293,0.21495635140020614,1.7466363719181324,0.38412687847227384,-1.4508673388164153
-0.015413834217680637,-0.005304090053716629,0.003454205246763878,0.003795428246143317,0.21626088088170894,1.7913142015606098,0.4991016167803846,-1.4730060599578094
-0.00978103827945466,-0.015175562405132148,-0.00797065967043592,-3.3671014099118823E-4,0.2349140514822948,1.3603169745183552,-3.0585298069207023,-0.2744341453573065
-0.009808557478590293,-0.015183766734421544,-0.007958937846426262,-2.934163119496522E-4,0.2330059110847558,1.32022212101173,-3.057824677484243,-0.24106138079852182
-0.010073505905163045,-0.015162331531582463,-0.008011396184727322,1.1433751546584705E-4,0.23559545446975286,1.0143589251759193,-3.1444189821786517,0.07988671766725401
-0.010101493106361733,-0.015154405271789746,-0.008025035267483714,1.5824358201656287E-4,0.23687020035367823,0.9849437838852378,-3.1579029361652258,0.11514198483999481
-0.010046203873428139,-0.01516747927196384,-0.008002543606327309,7.184821229812685E-5,0.23495169182357714,1.044660816252598,-3.1340278113559035,0.0460137998107254
-0.010017654465649627,-0.015172663432064177,-0.007993140136543087,2.7612286201754878E-5,0.23415939336791977,1.0761943984101394,-3.1228803975000825,0.010783824363841494
-0.009988184727172368,-0.015181147130121714,-0.007976888655140178,-1.7807528430757184E-5,0.23263576266062458,1.1058372542073902,-3.1070294503832296,-0.025443931726461432
-0.009837335952180951,-0.015189190129670297,-0.007952155518482872,-2.4875391054475325E-4,0.23165870060669516,1.2812388355122717,-3.0602435432786734,-0.20649815368447996
-0.009862353871679214,-0.01518339759423552,-0.007965788562763108,-2.1105441465230442E-4,0.23319298802105615,1.2566511918547076,-3.0743682099823024,-0.17691512250862063
-0.009908761681626223,-0.015175355206578476,-0.007984873658759587,-1.4035819817739543E-4,0.23468463827434455,1.2077214402236371,-3.0963396550431606,-0.12134678774486038
-0.00988318793881982,-0.015190762524814178,-0.007953637902327082,-1.7850529078987124E-4,0.23113802542708414,1.2252332271929776,-3.071283153487951,-0.1517552226854952
-0.009958228945001668,-0.015190695735239073,-0.007958051945870051,-6.360098214494574E-5,0.23083320286556394,1.1347115367774878,-3.08932997668302,-0.06187390028929019
-0.009931383692304736,-0.015194800941206288,-0.007949149630075591,-1.0452900084754647E-4,0.22997778705157965,1.1638275335578014,-3.078416825955008,-0.09408816414285373
-0.010130087297996138,-0.015156357399542643,-0.008019135788385178,2.0253061912843315E-4,0.23573203751354257,0.9472092887873637,-3.158573103589432,0.15005508701819217
-0.010160161968426883,-0.015155617262842886,-0.008017690885876734,2.4927372845791725E-4,0.23516187338387382,0.9094493066440339,-3.162166162076645,0.18711470444539732
-0.0101911563990257,-0.015165031692043666,-0.00799611643547806,2.9614486505662787E-4,0.23205948721616718,0.8635277792504824,-3.152469090272771,0.22350167098265203
-0.010220439829395567,-0.015167096844871953,-0.007988231412815594,3.4099859979242717E-4,0.23081730255646252,0.8249072847865611,-3.151208081355147,0.25884015594861304
-0.00975973528869474,-0.015192608328104502,-0.007934920805630416,-3.665252704147131E-4,0.2308826681428265,1.3689584082203607,-3.0312130276249913,-0.2979179225646063
-0.00973267577161517,-0.01520442605970714,-0.007907939080831565,-4.0546455809161065E-4,0.22786165483724577,1.38888433848366,-3.007933380438318,-0.328254787614342
-0.009144431450021825,-0.01524698677311235,-0.007616006621205485,-0.0012394660999920624,0.19895294058639482,1.9328093689014594,-2.6545087664716065,-0.9435128138315233
-0.009318730730425552,-0.01524627997907626,-0.007702002815419723,-9.983053806009252E-4,0.2080776333628789,1.7776979433455726,-2.7648314874277,-0.7717840802207414
-0.009186352414320396,-0.015246434843393239,-0.007638962358491266,-0.0011824538952464848,0.2013713984692891,1.8974869755417172,-2.682657866915942,-0.9035314510429003
-0.009227815251124623,-0.015244233781383891,-0.007663630962583855,-0.0011263446270755387,0.2039845391506843,1.863517358759281,-2.7113226854309045,-0.8639015709919704
-0.00927166908357777,-0.015243549425202035,-0.0076857398729265605,-0.001065609539169222,0.20647492128016212,1.8245706989992498,-2.739299244423226,-0.820466779155847
-0.009532820061960462,-0.015229300468936282,-0.007812608895741686,-6.967660202346956E-4,0.2190096415930334,1.5830200140208042,-2.8963304665526635,-0.5497583037062257
-0.009568786755131719,-0.015233751558454226,-0.00781501107405965,-6.427179566723566E-4,0.2190491350310205,1.5403446248219808,-2.9082689717508,-0.5089910325786913
-0.009420179278136077,-0.015245129768778468,-0.007745182245729418,-8.545889860019935E-4,0.21221885310249938,1.68097411930885,-2.822829753554388,-0.6668214782323514
-0.00938487582053352,-0.015258206101313676,-0.007707955833133805,-8.99893108818044E-4,0.20820036972085254,1.7011563076225469,-2.7904073400187848,-0.699668682726211
-0.009353798107999417,-0.015261049782440722,-0.007690316861925164,-9.426502008419236E-4,0.20609660036229543,1.7276961812394958,-2.7703046415269363,-0.7306427526916234
-0.009333383053175269,-0.01528212168453837,-0.0076441716535639885,-9.62463731483759E-4,0.20134189924195017,1.7233543362332024,-2.7380832525607928,-0.7440622126181752
-0.00947087478210312,-0.015248714220931598,-0.0077568392604960715,-7.804549912839341E-4,0.21309908999910848,1.6262920298141272,-2.845352150553101,-0.6118968970033872
-0.00951215439009957,-0.015262540391289029,-0.007745199671069853,-7.164394448684716E-4,0.2111694309133747,1.5697022462415082,-2.851097010475312,-0.5639813640979982
-0.009451478875775368,-0.015284752984344695,-0.007684837897187688,-7.95692268616139E-4,0.20500554937179755,1.607344355211966,-2.7984699295038897,-0.6222013031603264
-0.008831906032176987,-0.015264239494195215,-0.007393576788649321,-0.0016366588094000793,0.1739225616867933,2.146009120921913,-2.413965328498557,-1.2077034065507772
-0.008787139190966112,-0.01528027768667922,-0.007335839277633671,-0.0016805913236825028,0.16734408516338778,2.1539442561784274,-2.367584226518639,-1.2332971036625946
-0.009096009961961036,-0.015244097475114985,-0.00759442443557573,-0.001306628134729376,0.19682565425122894,1.9767657047281784,-2.624262429440208,-0.9904041868910911
-0.009054682823709017,-0.01524887522684125,-0.0075623674757455935,-0.0013592600174094692,0.1930079422437238,2.0041683739879708,-2.591372704912215,-1.0259320126250355
-0.009016869594644997,-0.015274530261307838,-0.007495975500145365,-0.0013939194002859179,0.185750421224485,2.0015591186264774,-2.5429114536177013,-1.046995997534859
-0.00886898659904152,-0.015276605123988546,-0.007398488563075011,-0.0015819052397923296,0.17456851775002094,2.1053646716497263,-2.433100783719414,-1.1707962379398043
-0.00896184055553382,-0.015278805992558481,-0.007455097099192211,-0.0014625941685834038,0.18121898514134874,2.037345400768054,-2.500091705770273,-1.0924617360572464
-0.008912915537487917,-0.015280956643247585,-0.007420313609573295,-0.0015236508314929505,0.17710246922563014,2.0696291263093634,-2.46257376093398,-1.1324528772835796
-0.00867494801001419,-0.015310710884949391,-0.007205295424862397,-0.0017921379177837857,0.1525734980024469,2.18139725093122,-2.2595570101871747,-1.297412692281292
-0.008739562825043826,-0.015305892313174512,-0.007260503004303864,-0.0017195885684287984,0.15928941347147307,2.150406808069038,-2.3130272719738394,-1.2538874832168003
-0.009667890254088325,-0.015206318258839068,-0.007891262083082135,-5.025761782372675E-4,0.22670071913608955,1.4601289829372155,-2.9810291315172286,-0.4026916394654309
-0.009701193041231486,-0.015209961121452238,-0.007891507129810583,-4.518126882662161E-4,0.226311055230863,1.419255140653729,-2.989889975168491,-0.3639526159673192
-0.009640789761457135,-0.01522741751557667,-0.007845573934291387,-5.381022139193833E-4,0.22183487801146215,1.4691358586957313,-2.9463464424132977,-0.4299346670539044
-0.009605984927206478,-0.015236310232196968,-0.0078203980663399,-5.873298937370959E-4,0.21910257433839728,1.4979954980171195,-2.9219459109441277,-0.4671714301320758
-0.007823388613588646,-0.015204554702345165,-0.006569286796292695,-0.0027396439805043907,0.07335160541740715,2.573063792363881,-1.5777547936026368,-1.7860576479110788
-0.007978219825450692,-0.015227150240950239,-0.006701993672181728,-0.0025844807041064282,0.08957445237676187,2.5298483725286363,-1.706668363461848,-1.7221188664068288
-0.007922764313615941,-0.015210684592235298,-0.006666078878748388,-0.0026498233096026347,0.08409580444648788,2.557831663840836,-1.662566947776352,-1.7526410434205146
-0.007874300045283123,-0.015226451606898079,-0.006595684010670326,-0.002674504334978067,0.07750613536240389,2.5414791709408715,-1.6175968513690262,-1.7551947957508758
-0.0077553200190725565,-0.01518313521799136,-0.006522349133859799,-0.002817114744216113,0.06607360874958396,2.60274035916105,-1.5222039509039405,-1.81967395740266
-0.0076879019248405735,-0.015178112010041874,-0.006454711160385499,-0.0028746238329814297,0.05825912423869528,2.608359064112868,-1.4652458191088453,-1.8379391723413236
-0.007622312595094165,-0.015172983061557146,-0.006388211538913356,-0.0029289743669976558,0.05049504390694461,2.6121549803889357,-1.4104277620333165,-1.853689148100046
-0.007786308335775151,-0.015247236567200631,-0.006478188392969,-0.002724357753874937,0.06550197351907205,2.5202180671699907,-1.5394958921271849,-1.7630438676500078
-0.007563574274730185,-0.015207781499254936,-0.006284294842450915,-0.0029323375576869215,0.04190287536999571,2.565402994207302,-1.360649161316516,-1.8366131457500872
-0.007472246296304876,-0.015238012682068558,-0.006151533531942219,-0.0029605791528425174,0.030344887656550083,2.5215503325915143,-1.288042896758532,-1.826137359716217
-0.007297868041686333,-0.015241976922822776,-0.005955875171926746,-0.00306352043908694,0.010919377271466149,2.4945804880754996,-1.1570257998536244,-1.8379508883152416
-0.007390200434244265,-0.015284844886829328,-0.006013996927044977,-0.0029615649389837604,0.019118983827986914,2.4598613638429327,-1.225439610138251,-1.8019271117208917
-0.008014344123069525,-0.015290096450502265,-0.006656336367537955,-0.0024895445211822226,0.0882491774759443,2.4428539554003312,-1.7213566233377022,-1.6619651586937827
-0.008090045350880483,-0.01528863626171502,-0.006731814216774691,-0.0024226102802777927,0.09639032658002589,2.4304478477929545,-1.785327482961762,-1.6343883617085788
-0.008160443263290946,-0.015313453098606598,-0.006765139141886205,-0.00233342786280832,0.10168755522769649,2.382568708470297,-1.8360367810661422,-1.5870111850191835
-0.008279656931295088,-0.015279615077797692,-0.006922147348879733,-0.0022482511981294184,0.1182914605161078,2.3931782097301997,-1.9495846863000537,-1.5559190599510562
-0.008217935936784831,-0.01529450989782257,-0.006844532753500621,-0.002295751451860438,0.10999156471647147,2.3917800950369332,-1.8913109671821269,-1.574878305922775
-0.008316311118352394,-0.015322536996998435,-0.006893972764739338,-0.00217279755850899,0.1164972759665169,2.32552352698623,-1.961940396318362,-1.5071593694972005
-0.008367972792029504,-0.015330482538617742,-0.006927622233698422,-0.002113142038796048,0.12085672888427114,2.2970891638217914,-2.000808752682605,-1.474670691095237
-0.008600731952376782,-0.015333374664004626,-0.007113642459111067,-0.0018598692715921985,0.14252211277812746,2.191898298039493,-2.1868768587338328,-1.3337646880875966
-0.00853628393823861,-0.015311687269635683,-0.00709580066298937,-0.001948884295853611,0.1398389891141135,2.2506050608931605,-2.147926804248575,-1.3888130149760978
-0.008429373152020006,-0.015336157360959495,-0.006971515376591548,-0.0020443446186606293,0.12597166379499034,2.266237243318067,-2.047991135795034,-1.4370352185217863
-0.008484557640848715,-0.015344632717940862,-0.00700451864472155,-0.0019786476717754855,0.1302559544773972,2.2322463037823166,-2.0881223636680097,-1.3992501152033412
-0.0068008434881103716,-0.01520101279872047,-0.005436785225255646,-0.003349711106900992,-0.0370659552585646,2.4236322786901994,-0.8226634697287115,-1.8512495347393731
-0.0069447832452682835,-0.015258585203925784,-0.005551073093881074,-0.0032253646282347785,-0.023767453218849443,2.408123156025176,-0.9209569086164674,-1.8261018144074528
-0.007082068174625969,-0.015301131559205669,-0.0056650744892492244,-0.003114248662403852,-0.010535537161673847,2.3968846045518806,-1.0139933607819034,-1.8027996621079063
-0.007212118186424426,-0.015342255702995803,-0.005767611885426412,-0.0030029917521585472,7.09707035577256E-4,2.378501876915782,-1.1027642439656427,-1.7746403001818891
-0.005369411957827846,-0.015159909483611414,-0.0039404355167427995,-0.003689009064462685,-0.10824161315490465,1.9815001064577011,-0.22732181710261282,-1.6203737689707387
-0.005592766234354554,-0.015204399157348253,-0.0041459443927217435,-0.0036254870480240736,-0.10226506532329883,2.031891832295131,-0.30244022270697263,-1.6507583089036968
-0.004600117084205034,-0.015086251553270947,-0.003237522545028087,-0.0037752970684469564,-0.11641093454833214,1.7725329117992603,-0.056892846963914244,-1.4815109819366235
-0.004834672258519045,-0.015099830710832646,-0.0034477408508613193,-0.0037644931090320367,-0.11532978454501626,1.8366413439771172,-0.09773232480979097,-1.5244809004604787
-0.004994128675540588,-0.015252759661572489,-0.003557596553486564,-0.00362055449968257,-0.10705441530530524,1.832094147013075,-0.1699125439385132,-1.520691051856265
-0.005208958468080413,-0.015294572466098137,-0.0037445820419002283,-0.0035707807990259612,-0.10213566983601782,1.8795996075681285,-0.2289187596811071,-1.5482693135818522
-0.006671509799668335,-0.015299920172782951,-0.005221911458363266,-0.003289672390024378,-0.04495903782654321,2.3032202319391337,-0.7690475380585341,-1.782313278263017
-0.006528727421715908,-0.015402410372664668,-0.005000993885339335,-0.003230196282907889,-0.05157931562435153,2.188218370822227,-0.7149833514738678,-1.7144479975870794
-0.005875486629853753,-0.015335474571667715,-0.0043736424203047915,-0.003455608102831742,-0.08491394240301024,2.0530739875684856,-0.42886421006917447,-1.6553389932443194
-0.00606848931906666,-0.015342615337908363,-0.004564143142384669,-0.0034125052475608383,-0.07805351014200833,2.103436936774112,-0.5010796683342578,-1.6824157399293416
-0.006209985380634734,-0.015448469565281151,-0.004649276136102601,-0.0032737796868605867,-0.06753926896463351,2.076371888937382,-0.5811156821328894,-1.6571559690699205
-0.006372453439714217,-0.015504062255214463,-0.004778046964469118,-0.0031749781367385772,-0.05721649114653731,2.080399863696065,-0.6605777685730806,-1.6503856150942064
-0.014372664291105794,-0.002222136865329364,0.004137169494378119,0.0013918923293089623,0.17010968127344708,1.3280295987642499,-0.10781082424434034,-1.1559163451857026
-0.014372253156069891,-0.002557179264870562,0.004174963155987999,0.0016249956257950108,0.18133582858415415,1.3853441978610999,-0.11167840749832189,-1.1997953151985041
-0.014577668047580056,-0.002860292831685384,0.004060819678435534,0.0018515868846487313,0.18713432736332156,1.4334499849783577,-0.07141283257541159,-1.2350621723756896
-0.015040499068973895,-0.004515864078896874,0.003815429993869628,0.0031715185245331447,0.22686506027185432,1.739610094785274,0.2118100223694037,-1.455055375795027
-0.015360439638312094,-0.004626357823810604,0.0035359695047954593,0.0032070860252751353,0.20500343920387018,1.6694386929329175,0.2972669017547502,-1.4004253003103677
-0.014979300297560047,-0.004095103906643427,0.0038510950820049156,0.0028145915064421074,0.21587096792024504,1.650757336354059,0.12023970115476702,-1.3943352414077983
-0.014889907996522669,-0.0036878250787488803,0.003898064524305541,0.002485431121557968,0.20407437336315293,1.5717519324094786,0.04696845343334249,-1.3389389929901185
-0.014759039473874557,-0.003270334079940129,0.003965619343230895,0.0021610061335235026,0.1944825658426057,1.4995170792123134,-0.016762990294116934,-1.2859674324761874
-0.01467709659483172,0.0011023958538651463,0.0038548744107196058,-6.752052661277804E-4,0.134002161520259,1.2034258241154276,0.043485909267861174,-1.0611617979210692
-0.014102213208247066,7.603630081047204E-4,0.004191161884364441,-4.5067747823552895E-4,0.14166155216341925,1.1633535062074047,0.060634335744499925,-1.0286497995430857
-0.013969260062107955,-0.0012293347639694158,0.004301170044653861,7.281146845054355E-4,0.15071572445790749,1.1893924248657315,-0.10639444713927419,-1.0487129547106375
-0.01404399281408189,-5.972849111988798E-4,0.004218941422128,3.516666541818958E-4,0.14042534929620795,1.151184613476725,-0.05002513231646005,-1.019431519507118
-0.014094863075782858,6.787915357747351E-5,0.004177795968640526,-4.005440120424581E-5,0.13686609049283552,1.141777845510507,0.005482804157396334,-1.012784506257722
-0.014377304013506145,-0.0015587417499909834,0.004072387700601663,9.546772299658617E-4,0.15059520863709452,1.2396989742459448,-0.08636859567830733,-1.0885759180602592
-0.014670000484130558,-0.001937047215893512,0.003911320893793567,0.0012108930068802151,0.15197627385084925,1.2833345300061876,-0.06338261856476417,-1.1227176357700281
-0.015210239007618942,0.0014560895364531454,0.0035333231039229363,-9.012993152353082E-4,0.12345075264638482,1.220464303884668,0.01051644550379064,-1.0752140714791143
-0.022716070176601023,0.010007908822707771,-1.1273264222636184E-5,-0.0013139568287085077,0.013759496251290982,-0.016461130896396493,-0.527843074069584,0.047259896806930546
-0.022007933243843494,0.009323011233989403,3.9144860987685834E-5,-0.0016893320640739252,-0.01136659449070655,0.048433434296244415,-0.5584648987767146,-0.013505138635678246
-0.02123729892392202,0.00839504289521687,1.7958446146672984E-4,-0.00204502721306859,-0.031018763387120337,0.17601675544748832,-0.5924632170433664,-0.13411419522962087
-0.02182130996221957,0.008708580596128088,9.994697249513041E-5,-0.001760104777973643,-0.032065213300457404,0.11347316851367681,-0.5590799541621738,-0.07807057773326957
-0.020467240386465652,0.007419946965912129,4.214785117768391E-4,-0.002308614451617012,-0.037641845703988736,0.35085788269031887,-0.6089693302184646,-0.2983059736020605
-0.021185338116433305,0.007752716663303012,2.593633832234166E-4,-0.001995287226702391,-0.050825431548998025,0.24870003392221893,-0.5678846134829528,-0.2077283478246
-0.019721471339865192,0.006436162082001276,7.56026051682328E-4,-0.00243671714000834,-0.030904348761536363,0.553116981170411,-0.5879402187550734,-0.48549617446497967
-0.02042777825909335,0.006777476956898138,5.183738381176698E-4,-0.0021900478229481195,-0.05172456319066748,0.42453897097686183,-0.5618164341636173,-0.37225380439570216
-0.019091172884623683,0.005682750846749232,0.0010891646386454045,-0.0024626432768727023,-0.014649193857092823,0.723158862784839,-0.543695557153216,-0.6392113121374522
-0.018777308626579,0.005347008158273726,0.001266567403471244,-0.0024556682721146193,-0.003392260787281548,0.8021203142510132,-0.5164905562249433,-0.7109968096338098
-0.019641856831062884,0.005826374507509222,8.684632305369378E-4,-0.0022771794392740436,-0.03790329162985673,0.6200444642625832,-0.5255313476027358,-0.5521297061650511
-0.01752767559157355,0.0041697557309813595,0.0020376244829838643,-0.0022982907250556415,0.05130216067357105,1.0792806299567117,-0.3680800804559294,-0.951930506795487
-0.018653046204160317,0.00470437332895728,0.0014016507712195459,-0.002215109413959551,-0.00474015260196141,0.8552127833592628,-0.4328648418375006,-0.7627281741574807
-0.01811453784297922,0.004294208083400289,0.00170655656066535,-0.00219101135303368,0.01972909513050924,0.9651884964299785,-0.38705730321033466,-0.8574474123308163
-0.01722046193378927,0.0036773584990484084,0.0022540849176960367,-0.002089555619426486,0.06275238523095576,1.1268373150657602,-0.29140712951751785,-0.9939879347658441
-0.016927665049148107,0.00325936706039286,0.0024519369396512444,-0.0018976338538506954,0.07302504000200764,1.160728681296693,-0.22742156532788066,-1.024239583743615
-0.016266651489732796,0.00261718060429395,0.002880084800605583,-0.001590971355460047,0.09849278707705535,1.2202517455528417,-0.12325410565933037,-1.0742228582877562
-0.015730602170837844,0.001777461702679264,0.0032117569898632904,-0.0010932284235447402,0.10882709953260827,1.2133945045600478,-0.034126138893855414,-1.0698858431092706
-0.016155080668178407,0.002135200576515042,0.002948620523309009,-0.0012946987391608971,0.0953972662709926,1.1993682608534142,-0.08079313707012868,-1.0592096840962792
-0.01694190095636895,0.0027411783326564097,0.0024589314325068265,-0.001580751401215662,0.06508477573039949,1.1344446182795693,-0.17408415916915213,-1.0056548056901573
-0.023857079908346134,0.009458183474701435,3.4102095048396622E-6,-6.849777931653614E-4,-0.02130028365825674,0.010114506836558191,-0.51861335455074,0.01976259855220983
-0.025,0.008904526525625851,0,0,-0.07561309535675026,-1.4463986898515877E-4,-0.5667173922646602,0.03580541167530151
0.0045758687818652655,-0.017111607053561868,0.002668071481691583,-0.0022471903888340843,-0.016833350807390485,1.2325485133436958,0.35083205762027414,-1.0710972249317605
0.0039560490596790435,-0.017065802603828645,0.0022961367699233094,-0.002330092184107672,-0.016052379507667913,1.2106559798490453,0.26249945503541366,-1.0597517945853172
0.0059345901534472376,-0.018078546269552888,0.0030376361249724146,-0.0014892648506077252,0.016908817038826005,0.9852583972848469,0.5854832500851982,-0.8531427619750468
0.006473398684593461,-0.018320681802402664,0.003162714833279231,-0.0012595710564920367,0.02238883546253609,0.8878369070070814,0.6652284744848967,-0.7631794066164241
0.004868690890026825,-0.017549314926538273,0.002692703262320014,-0.001949876347477626,3.80276613703926E-4,1.1350751521554026,0.4117165593101125,-0.990144875452777
0.005305784814927907,-0.01789515326596338,0.0027992964912016017,-0.0016958612221210367,0.012231443010515647,1.0511920378341963,0.48298226351936263,-0.9171086505403568
0.006628107157664394,-0.01888637321861692,0.002921058625548628,-9.98740491272163E-4,0.03664355093256505,0.7439322040243401,0.6409028946057477,-0.6449243375362558
0.00763143553915098,-0.019746510848763194,0.0027423291714811795,-5.349259170496497E-4,0.044648564382882866,0.47359499059979365,0.6731153506129982,-0.4027879934881229
0.006948523021113905,-0.019494377674664422,0.0027039637651920354,-7.34951404161773E-4,0.049714955721758096,0.5948533080779984,0.625704499535832,-0.5170663073937193
0.010353176880458963,-0.022691809033196758,0.0013224205902389419,2.8628371238747172E-5,-0.011031018646737358,-0.006401824211577768,0.5289165161914848,0.037300643582244865
0.009778565382569028,-0.0219625357273292,0.0017222275038013045,-2.1068988135707693E-6,0.013820933563219841,0.04755292363269536,0.5625463007347625,-0.012424555995908632
0.008777998386285204,-0.02117354554025189,0.0021141125451250025,-1.3775280660705482E-4,0.04233052827641647,0.1850363321106593,0.598920306688954,-0.14251117032168067
0.009091469882546029,-0.02175498228998822,0.001817384610035702,-6.814855809081157E-5,0.03954675926076832,0.12081529762809676,0.5645319428266649,-0.08447017990469491
0.007843968126465083,-0.020428756342260542,0.0024071353188957396,-3.6287290784137426E-4,0.054756709456606205,0.36019192866802335,0.6176904608721426,-0.30571558521727654
0.008114986222692246,-0.021147383301783465,0.0020628773329021085,-2.2197911489326032E-4,0.06264298372511812,0.2599821009789918,0.5709635167301598,-0.21759926472911276
0.00190361348048286,-0.014790749792905566,0.0011903288552300797,-0.0038303217303220726,-0.0876668702656031,1.2657076591183793,-0.09810257954214067,-1.1096883527477457
0.002343636307669414,-0.015299253229660834,0.0014804151372456058,-0.0035151198979696376,-0.0755308395465607,1.30596119839066,-0.03903665942541882,-1.1404704602893332
0.002754832108965412,-0.01587195476694939,0.001721275831854895,-0.003140768715919156,-0.05818213706559962,1.3047719971008895,0.04400871638566711,-1.1392048383986249
0.003306688086696462,-0.017040681594777854,0.0019046396981008702,-0.002381737266792552,-0.012093602998770015,1.1796409155608074,0.18925482221031842,-1.0381503762743514
0.002917843617957961,-0.01653223973096866,0.001748822165577108,-0.002708889941327212,-0.031175363073945923,1.2339002664473686,0.11943890522447588,-1.0832966964064434
-0.0022526318052339283,-0.014186469800592561,-0.0014005490482877374,-0.004268037757287167,-0.11242806600305628,1.2937475490652448,0.2097648226665645,-1.1288815759072879
-0.0014015218686414836,-0.014288474524679892,-8.510110724803111E-4,-0.00411813637873499,-0.09780519265677502,1.1872414569692709,0.12717862336244523,-1.0510039432767924
-0.001823802621875377,-0.014536732103575742,-0.001132154454296981,-0.003991274584414727,-0.09470018213779431,1.2488415097820438,0.12694019038793372,-1.0970078987300715
-8.610876905546078E-4,-0.01431978162741178,-5.177743230877704E-4,-0.0040665216503317754,-0.09021808374004313,1.1507294568207957,0.0770510536538657,-1.0204359210685245
-1.592294967486591E-4,-0.014366811235009672,-9.547295895613024E-5,-0.004019207118222277,-0.08709063013520167,1.1286438049951306,0.013912731152351148,-1.0054090517123129
6.237337317791909E-4,-0.01440525776523692,3.7540037720212437E-4,-0.004005122580749938,-0.0873177640830631,1.1456161099711863,-0.052573303920510676,-1.0179616510507836
0.0012923948317225672,-0.014678863949119755,7.937964041581522E-4,-0.0038651299036217917,-0.0841796811838942,1.2023118073448211,-0.08175774125205583,-1.060829169671977
-0.002753191035399484,-0.014377928323867814,-0.001765188589544175,-0.004194660806387766,-0.11737652362779362,1.3927138268256694,0.20164128409011955,-1.2047409639527429
-0.0031283191298981314,-0.014720632124924955,-0.002052631340843396,-0.0039813958362567995,-0.11145547609403329,1.4622501423870033,0.13432559747087192,-1.2575187672375934
-0.003442609985512459,-0.014955788218056078,-0.002287089966829189,-0.0038274830952546787,-0.1072105294259275,1.5087878032699942,0.07455413948893648,-1.2925575444872874
-0.003978386210234326,-0.015049914535892729,-0.0027085098041644555,-0.0037853085339779936,-0.1115904723917676,1.6175994398086948,0.020722652429223064,-1.3716832325874126
-0.003701851997787679,-0.015096901149922563,-0.0024806601240888763,-0.0037330519356778965,-0.10494936667771057,1.547546189021542,0.029618805139432734,-1.320163280439493
-0.004175579141892865,-0.01533729016811932,-0.0028324910125445816,-0.003555512345205575,-0.09852430648779055,1.6081224814306732,-0.06696550129159028,-1.3631241748967542
-0.004448410347893764,-0.015278881422242731,-0.0030700250916881654,-0.0036060824184982396,-0.10426942090369287,1.6845934153663211,-0.08676422211751678,-1.4181039648298726
0.00963245803774117,-0.023864668920506597,6.818289917796884E-4,-1.260559532709685E-6,0.026788822433889522,0.035114799775890264,0.5188634968538083,-0.005109829433582117
0.008904526525626398,-0.025,0,0,0.09114740280549187,0.036228197265365546,0.5676540531203214,-7.894383552627951E-4
-0.015023970483421734,-0.01099551674736778,-0.0015727515407438699,0.007937635941444011,0.3097955480852506,-1.1739697501977353,2.72049665742771,2.2997139162837925
-0.01502046169087182,-0.011014548862789558,-0.001602596917606861,0.007931039121245903,0.31022715500466974,-1.1945397569425587,2.707259321835381,2.3203218727582238
-0.01502374456063784,-0.011055089910677924,-0.0016583514775237649,0.007896901123815926,0.3082552017690438,-1.231197743545135,2.6695582012741763,2.3475859804031973
-0.015024191972143643,-0.011033506181298001,-0.0016272415142648338,0.007911240197076308,0.3088241132233624,-1.2104770772922195,2.687860398563217,2.329984616130701
-0.015022315459312712,-0.011075789175496375,-0.0016887364269679726,0.00788467842895095,0.30799703495857284,-1.251521951348298,2.6526074166137614,2.365713249229262
-0.015020917934466728,-0.011097034471076291,-0.0017197267099484544,0.00787173602381457,0.30761631726005306,-1.2720929462437178,2.6349805581386696,2.3839069572614098
-0.015067487362682624,-0.010962434267853587,-0.001496575526325601,0.007880880353917834,0.30081101885093103,-1.1161013727298397,2.710814865375244,2.2097520180143166
-0.015046077639296685,-0.01098114886672961,-0.0015373119494305097,0.007907285451449586,0.3052352823481191,-1.1467662497920854,2.7136964588948183,2.2556556284987956
-0.015089961271691286,-0.01087157466607263,-0.0013518368076926022,0.007895585650727554,0.29764501926210846,-1.0137842558340238,2.762074971518946,2.101073888228061
-0.015084292815468784,-0.010935200259671147,-0.0014469961705195528,0.007867797726402446,0.2976463077708526,-1.080061140461927,2.718023211711792,2.163538023072651
-0.015090823213343504,-0.010962731728751937,-0.001482185750829246,0.007838926276615699,0.2957608236782291,-1.1030329547466646,2.690713547198679,2.1773200396209074
-0.015087333685210182,-0.010901318146611863,-0.001396427235401985,0.00788287987517042,0.2976609980821834,-1.044957068932584,2.7417147485563986,2.1305152168717707
-0.01516662831094871,-0.010498771048385687,-7.649261760354537E-4,0.007923284150000856,0.2834649609892428,-0.5840180082447187,2.927643649694659,1.6451905804182265
-0.015195151496396312,-0.010479917035770815,-7.276649686519829E-4,0.00787635203416064,0.27770633097346176,-0.5545376160836692,2.9076470123915854,1.594004378988899
-0.015122240802509887,-0.010563050315754758,-8.77583735973698E-4,0.007983654759351783,0.29285503728176016,-0.67067968135373,2.938017363747493,1.7636024824330285
-0.015117113899902196,-0.010613326597159118,-9.556542011310104E-4,0.007973425600914047,0.29396467336232934,-0.7283920290824214,2.9131892462819313,1.8212708330239396
-0.015121586512591658,-0.010589807434571616,-9.183496760602872E-4,0.007974540128882645,0.2929769320474797,-0.700684951988438,2.922875750359914,1.7918873827323705
-0.015173789709215808,-0.01052603314965499,-8.033254746412753E-4,0.007900834064365285,0.28203227087101523,-0.6119641185393406,2.905646318700768,1.6653792246754449
-0.01514938275064386,-0.010546077183180355,-8.419250957067023E-4,0.00793914946695425,0.2871642870908681,-0.6423137447680459,2.919642526710956,1.7139833966022031
-0.01513421000519736,-0.010627265071174237,-9.695081788217549E-4,0.007935821787191835,0.2904076824874914,-0.7369910428949444,2.8873790147902074,1.8143481424643486
-0.015138928394051185,-0.010648992268795865,-9.99898712463855E-4,0.00791791636878886,0.2892172594679196,-0.7586889903517012,2.8692183255708223,1.830130317997275
-0.015135351020003445,-0.010669375127049407,-0.0010317085784586994,0.007915648488175622,0.29001752262944885,-0.7819839999495876,2.8599626751151224,1.854440087988539
-0.01514293733330617,-0.01068954933054013,-0.0010581331521155345,0.007892669510844065,0.2883377014323043,-0.8003469605478452,2.839708083399571,1.8646296512012535
-0.01511999347262241,-0.010736649187374913,-0.0011383451694385793,0.007912656536780914,0.29277270587586696,-0.8600807916071908,2.830782965142115,1.938336595327373
-0.015148715464888628,-0.010717459384293332,-0.0010964361257787805,0.007869251796409307,0.2869530799507732,-0.8272663266638,2.8161025938813116,1.8840654988567296
-0.015121082921393143,-0.010766031733104609,-0.0011810062125063433,0.007896071641090255,0.29231950219883246,-0.8902804135822525,2.809680152761992,1.9644294495053527
-0.015115561869908431,-0.010796711930473308,-0.0012287275800865734,0.007890334507297377,0.29317926891203244,-0.9245814029988149,2.7934270502569296,1.9997922903207903
-0.01511884761209258,-0.010827134087609378,-0.001271209302194016,0.00786812163597072,0.29226467140731893,-0.9540120642576735,2.7686844255379803,2.0229441278857547
-0.015118763822523962,-0.010855485105198386,-0.0013122017778875179,0.007852646929603248,0.2917252428168791,-0.9825758527818582,2.748190905432949,2.048141009264434
-0.0152422505010237,-0.010259050310202458,-3.878294530308068E-4,0.007841336051401153,0.266670738790872,-0.2960628326991251,2.953549617669832,1.3096860030630024
-0.015244449425855204,-0.01029378092000132,-4.3900369030587793E-4,0.007831235007409695,0.2666518016510145,-0.3348479922756395,2.9382637736241084,1.3455206132937165
-0.015209974823186357,-0.010448875819715153,-6.771459172941138E-4,0.00785824911771066,0.27443745714830237,-0.5159371580770299,2.9076119210972666,1.545617930071048
-0.01521760196870072,-0.010357968731183703,-5.399738492730207E-4,0.007867640748614782,0.27229389737074183,-0.4125882032833207,2.9411243944800414,1.4413250066810708
-0.015230691537936653,-0.010391536627854527,-5.866999161854212E-4,0.00783543119417709,0.27015384928062974,-0.44705138344759426,2.9126307660460706,1.463952816049266
-0.015235545697317485,-0.010420001504676833,-6.274381596915567E-4,0.007819188651605753,0.26940822755864313,-0.4772624544185871,2.894711372746712,1.4888998114687253
-0.015250887988652343,-0.010330980096766251,-4.926972541748686E-4,0.00781208327253055,0.26593974478098437,-0.375241902638259,2.916764800985898,1.3794279947613377
-0.015327943079259124,-0.010019964129757437,-2.9897796186178353E-5,0.007704157383619087,0.2478454669539044,-0.019040205550312758,2.9263618986724667,0.9730445475225188
-0.015292647777660429,-0.010175025809445876,-2.5721942627825563E-4,0.007759829156441829,0.2564163708333598,-0.194611876364482,2.926476393973737,1.1724137044443885
-0.01532622780816141,-0.010132745853306034,-1.927889162497144E-4,0.00770257878545025,0.2501040248785342,-0.14429708088912088,2.902249351427155,1.0985452614234197
-0.015342176408002783,-0.010058829959195888,-8.56032095235161E-5,0.0076777019411287195,0.24609499081397193,-0.0617474042186168,2.902809087801419,1.0054555085101378
-0.01534804532866664,-0.010094691581596964,-1.3673402819042226E-4,0.0076656439188410724,0.24577098434514338,-0.10087519720854618,2.8883501289123394,1.0401527031014575
-0.01527598715652414,-0.01023759043435211,-3.509308019996327E-4,0.007782496649633067,0.2601119526088265,-0.2668435534494749,2.9245539252774577,1.2554972687889905
-0.015307468807474247,-0.010212744711771958,-3.1040226673128716E-4,0.007728445562861755,0.2543525329906991,-0.23465758579304855,2.899003117893333,1.2007229623551494
-0.015392655947228336,-0.009621623191506293,5.266707000240012E-4,0.007542582044534047,0.23031485509354338,0.41389197338979405,2.8834603965697005,0.4869101566785367
-0.015435831361753492,-0.009589108781516347,5.606591178749775E-4,0.0074595174894751285,0.2240377038354528,0.4395509680855433,2.8344056549388963,0.4315580932929654
-0.015426493539017287,-0.009519598659026256,6.568505156193525E-4,0.007457102492859645,0.22352830715169966,0.5146543920024595,2.8381605407860118,0.3590901045754331
-0.015444981036352726,-0.009557362390992,6.010266178608807E-4,0.007435644846046532,0.22195491467137582,0.47076736287958704,2.8220910559494534,0.393110181343889
-0.015377162557630117,-0.009722345466535364,3.8986171256817853E-4,0.0075904479874896345,0.23464962932542657,0.30748321879288293,2.9026533178859286,0.6075920044107684
-0.015413560495506852,-0.009675503816825895,4.480317749866644E-4,0.0075175362068293705,0.22852592491703075,0.3522274468107857,2.86248264020233,0.5367693378348132
-0.01536211137657045,-0.009977706931545214,3.0447055577613765E-5,0.007642239570948754,0.24172905561796612,0.028068722337242922,2.8966665481450726,0.9016974783839152
-0.015392289960347338,-0.009770326931813946,3.2037482407201403E-4,0.007571279184048061,0.23319651311935805,0.2531312968887532,2.8847958647266387,0.6529877147061879
-0.015400636654643638,-0.009818919125851228,2.515315399799994E-4,0.007562825782350953,0.23293273885944057,0.19952940518892673,2.8731519498838485,0.7020822099677466
-0.015398226691849218,-0.00987527905232945,1.7310445892919078E-4,0.007572630316262383,0.23435408226125423,0.13877950545649254,2.871156592963406,0.76542149061753
-0.015409289970455878,-0.009935732787045952,8.80105509704281E-5,0.007556897318774957,0.23387025238060732,0.07311642193283495,2.852253053536082,0.8243394155532019
-0.01546705366046347,-0.009475016922052952,7.041033401919768E-4,0.0073744889195302065,0.21765307602208517,0.5496128491561104,2.7893285129717533,0.2960723768684488
-0.014914813666956891,-0.011344023071569205,-0.0021477505633924767,0.007854337156129544,0.32198826673403463,-1.5620428340197352,2.474165486820335,2.717808778770449
-0.014931244894072682,-0.011338576196013816,-0.0021255633471188667,0.007831068929814396,0.31840900904729974,-1.5449010755022063,2.4691502799448983,2.6874025102856485
-0.01495485201239317,-0.011290290579911565,-0.002039616560828141,0.007833043126142709,0.3151226939705585,-1.4875494057052876,2.5019802194902643,2.6197910628384586
-0.014942066985256958,-0.011305498672264755,-0.002071343489970049,0.007841846198617984,0.3174649051494698,-1.5096875294601555,2.4954148087046275,2.649818162728638
-0.014937063411704454,-0.011324358738022905,-0.002101239362426947,0.007833798432429553,0.3176238326390841,-1.5289307161460632,2.4797739562294585,2.669425540660082
-0.014993478720152222,-0.011136944757961656,-0.0017963929481129308,0.007890458932617465,0.31256394224766865,-1.3267493110418245,2.6203637267760036,2.4551755305116956
-0.014994921902364062,-0.01115838071171279,-0.001825292608096215,0.007871385055056213,0.3114217323406319,-1.3450819303223633,2.5995308484664115,2.468376699052824
-0.014994071435485472,-0.011178313539014622,-0.0018536756599519969,0.007857293921920867,0.3109040263490424,-1.3634163468049731,2.5816555073216723,2.483766095916762
-0.014989241836357095,-0.011200701810335313,-0.00188847739403018,0.007847956261580573,0.3111368398184182,-1.3864365870317796,2.564279346190428,2.5067494789613143
-0.014988993672300317,-0.011223924297813577,-0.0019205868506418386,0.007829628295253062,0.3101912013680934,-1.406672759767649,2.542546135302905,2.5227899446018753
-0.014981926449203568,-0.011243129999626261,-0.0019526182931691816,0.00782612278130883,0.3110577503367344,-1.4281025617554362,2.529241972328562,2.5465197659498062
-0.01499492171856242,-0.011257337920443476,-0.0019611421020558155,0.007791942913068136,0.3075727939980572,-1.4307189761444994,2.506646515051928,2.5353615978139556
-0.014971200953343075,-0.011282802788778554,-0.0020154605396422837,0.007811324901546465,0.31177369757832385,-1.4692326082562486,2.498299356813066,2.58895568986452
-0.014993791452401737,-0.011274085240956213,-0.001984633643675519,0.007779932703710585,0.3070571726243605,-1.445448344776192,2.4913851059629284,2.5477344514820177
-0.015014305041738491,-0.011122840856286266,-0.0017608422032252006,0.007864317391161836,0.30831765237037284,-1.2999956035276365,2.6171323848357537,2.413008768534065
-0.014697873174482836,-0.011792068139437083,-0.002949654438027777,0.007732489143295214,0.34147505243293846,-2.0567620903492414,2.0668289746346145,3.286719095106401
-0.014692252900571343,-0.011806766703377,-0.0029738268867262555,0.007723181395198757,0.3415116709830179,-2.0699211989367967,2.0503094059305265,3.3002076115736148
-0.014686606986059178,-0.011821449272612134,-0.0029979468088242125,0.00771376429398856,0.34149337519330686,-2.0829518246839,2.0337023978704565,3.313550037526984
-0.01466477801503699,-0.011838351147285991,-0.0030447992809054867,0.0077260064690664945,0.3425752717191632,-2.1145544790740085,2.0169716484434037,3.359511946147103
-0.014648884232660605,-0.011840618209004684,-0.003067589368615288,0.007748028846119143,0.353465950799608,-2.1283038177780744,2.0214026154048685,3.38723867136043
-0.014659057716273615,-0.011853003404816714,-0.0030689676498411515,0.007716271353071306,0.34228991825789207,-2.127444621489698,1.9998994306666746,3.3726705140957773
-0.014643078820777493,-0.011855214021089619,-0.0030919153103919107,0.007738353331351636,0.35324998216386255,-2.1413843334443485,2.0042426579941472,3.4004198138854065
-0.014680937631955797,-0.011836107483483703,-0.0030220014077669602,0.007704245841775442,0.3414886904743423,-2.0958527928145085,2.017013979812626,3.32674242472805
-0.014653285322603423,-0.011867660995247345,-0.003093135718683477,0.007706443200601105,0.3423967442410109,-2.140210859166478,1.9827328680698788,3.385731543362311
-0.014637227572066366,-0.011869791551180904,-0.003116243068138536,0.007728588408003394,0.3515637518227442,-2.154454388612138,1.986952075863578,3.4135586717482815
-0.014874571162699822,-0.011479810368631398,-0.002365701606931491,0.007793198390676504,0.3235608366928333,-1.6988919082249792,2.354540719902683,2.85833513065392
-0.014848848645648604,-0.011556909366660713,-0.0024906075435845603,0.007757196645275543,0.32444500006162486,-1.775054992055668,2.2832145422216814,2.9375359896270496
-0.014851880714259014,-0.011540908331679471,-0.002467172693798918,0.007768833400012838,0.32481468707650135,-1.7614807391909995,2.299476190592244,2.925470920789964
-0.014853042854908472,-0.01152317128772157,-0.0024433310000977304,0.007785185970990742,0.3258111768006842,-1.7481521379768934,2.318513991751802,2.915720051632405
-0.014870906033531424,-0.01149720766289862,-0.0023918410009499823,0.007781910138638754,0.3233234027578669,-1.7145284288673885,2.337622099282417,2.8728680818374226
-0.014869595810769316,-0.01151534641366363,-0.002416437237004639,0.007765778188424072,0.32236713426900265,-1.7285169834082452,2.3185159020742145,2.8834310508479355
-0.014914535334326153,-0.011361655112376103,-0.0021717053342521883,0.007838702254701955,0.32106931987622905,-1.5763945046576848,2.456149562866162,2.728456404844604
-0.014914988492322935,-0.011380189822669563,-0.002196028354406744,0.0078208252519138,0.3199425196812986,-1.5906631807503089,2.436687820590016,2.738145709951524
-0.014914272659913547,-0.0113970741609249,-0.0022190786377703996,0.007806313326813083,0.31921126092593893,-1.604371537978068,2.4195706750282047,2.7486264912904974
-0.014911685141819276,-0.011415951469592334,-0.0022463805364254887,0.007792920884590976,0.31869679672196405,-1.62091355103003,2.401426307530153,2.7630806861347295
-0.014894312016067566,-0.011474769010201684,-0.002339670025323657,0.007765290319753578,0.31924493896483247,-1.6788061389287792,2.3491129092042056,2.822153058706233
-0.014899638220158518,-0.011456658347278442,-0.002311049447705441,0.007774103135699837,0.31907408440254453,-1.6611752274862843,2.3654452837211424,2.8042416108450094
-0.014905940848010118,-0.011436324034251814,-0.0022785175069224457,0.007783174703468639,0.31887500870926605,-1.6409257270215594,2.383383847990672,2.783334763562209
-0.014736229320503358,-0.01168848797056931,-0.002779039983455663,0.007795266111035463,0.34178005204026546,-1.9614122479988219,2.1801636663017043,3.188871258190144
-0.014752089974480203,-0.011643960863812973,-0.0027055182593796975,0.007820689057061682,0.34152353428676313,-1.9190120859238295,2.2272009650347653,3.1452311492948586
-0.01474144793550679,-0.011673711499838632,-0.0027547498914212696,0.007803946181182208,0.34163390595582094,-1.947517326906082,2.1959192384468555,3.1746531077713978
-0.014746768524944762,-0.011658894615059904,-0.002730235363398889,0.007812337939814459,0.3415274644420156,-1.933364590810623,2.2115587780273747,3.1600485751076186
-0.01476872166352756,-0.011641453837664746,-0.002683613695045293,0.007796477975155827,0.3372377977198176,-1.9023454302144567,2.2229334754746515,3.113684177834362
-0.014773821076587644,-0.011626222382883326,-0.0026588492961295367,0.007805218023562086,0.3372339104040056,-1.887946915857978,2.2386649289257323,3.0990510110530862
-0.014790145570544226,-0.011623188047200958,-0.002636940578357283,0.00778197564129703,0.333514705364538,-1.871054232364868,2.2350842632023604,3.068013482654887
-0.014804401114811173,-0.011620374849439879,-0.0026177579257656877,0.007761892981098592,0.3303122240834853,-1.8563389922387383,2.2320629289821277,3.041152003914978
-0.014815743988969853,-0.011592580211200621,-0.0025706585041029018,0.0077735902702592685,0.3297272390917657,-1.8280732444253567,2.2587804002626948,3.0104346624882776
-0.014814130493450865,-0.011608442238653316,-0.0025922774670291506,0.007759082825232659,0.32885845798650887,-1.8398924225677165,2.241420945728647,3.019297459975841
-0.014826335524984958,-0.011579770241579804,-0.00254319123097525,0.007769983268020938,0.32808732705143084,-1.8101750478454828,2.268391457757844,2.9865427045796054
-0.014846402593894957,-0.011573186513201673,-0.0025136728372754298,0.007744153992846795,0.3238936631034615,-1.788159956584854,2.2662608848243093,2.948496079812376
-0.014861589155614417,-0.01156733418537598,-0.0024904482652842856,0.007725516723828411,0.3207172904317311,-1.7710934408287649,2.2654414471112414,2.9196646377259228
-0.014747413061734606,-0.011700852806064393,-0.0027812137898925986,0.0077630006250278575,0.33743394501002383,-1.9585482213273977,2.1608472915504144,3.1716395157986885
-0.014742640928989054,-0.011715762204845432,-0.0028048910425681433,0.0077532509151801285,0.33726824972940855,-1.9717872872758508,2.144721174796837,3.184655287096428
-0.014737676957648022,-0.011730802375504445,-0.0028288767035902595,0.007743488450151505,0.3371266274374416,-1.9851430070520077,2.12839818701675,3.1978759804271664
-0.014732381475475986,-0.011745854339313909,-0.002853194483241892,0.007734068668981911,0.33705379116766904,-1.9986783775722807,2.1120658370363574,3.2115326618909745
-0.014714155261885862,-0.011789890635597986,-0.0029272501647373563,0.007709791000391176,0.3374107783284308,-2.0401025677483022,2.064433075747741,3.2555707178196793
-0.01472035328494866,-0.011775402907833027,-0.0029026949620638075,0.0077176353166065114,0.3372741019632938,-2.026402948354111,2.0801794724624343,3.240868290410894
-0.014726643161738261,-0.011760806976607058,-0.0028778537710084057,0.007725292918542904,0.33709012877640937,-2.012440442468731,2.09588342417371,3.2258108227242484
-0.010906163981441126,-0.014960672070286889,-0.008113124788993358,0.0014820072315438009,0.24123592230620797,-0.004293006764262784,-3.2676343274073845,1.19364253348438
-0.010921716752246624,-0.014957786846231258,-0.008108463266979437,0.001507454514002509,0.24076727895721126,-0.024910552524225762,-3.263778160407759,1.2141737387370417
-0.010937182148015895,-0.014954646218748473,-0.008104160185518934,0.0015329060028147687,0.24035845713165774,-0.04535343477936566,-3.2601075380612348,1.2347417480874832
-0.010851177801519793,-0.015005312285526049,-0.008063426890848756,0.0013711880890400138,0.2354980871953419,0.060247880800680005,-3.2352174859127705,1.0978451974460788
-0.010870901173138721,-0.014983528903062994,-0.008092349023168952,0.0014141614145437049,0.23881896186027188,0.03868487089386071,-3.2545148958389745,1.1357902915261535
-0.01088594200408551,-0.01497948618539558,-0.008090636953124583,0.0014394495137747337,0.23864636079091753,0.019194312399040247,-3.252857864242731,1.1564306328143894
-0.010901119802328801,-0.014976420725130021,-0.008086836519910769,0.0014643240503976853,0.23825344916444327,-7.233093082885754E-4,-3.2496954909823486,1.1765510342745913
-0.010866968416912983,-0.015001492141054763,-0.008061117591534717,0.0013972924458101168,0.23527679923630293,0.039911750751893134,-3.2332123427524517,1.119057191833086
-0.010988626555444447,-0.014929980573737464,-0.008114985963954819,0.0016273116924681661,0.2423687657197053,-0.11148393916067699,-3.2646568034963557,1.3142786829464368
-0.011004165189750443,-0.0149268807116249,-0.008109730465343317,0.0016528562127040615,0.24194732882072914,-0.13216674351142024,-3.260036207648739,1.334852775603645
-0.011019646559575854,-0.014923645136286861,-0.008104589158467316,0.0016783759341971215,0.2415623861418332,-0.15273167848156755,-3.2554374769810472,1.3553996039309053
-0.011035053483074292,-0.014920282856986081,-0.008099558103518699,0.0017038426498366573,0.2411635527891007,-0.1731640792604534,-3.2508587421081745,1.3758977354297643
-0.011050412393772496,-0.014916869657547295,-0.008094479521659072,0.0017292429964812109,0.24071190756387043,-0.1935185969731935,-3.246184354716799,1.3963290465136418
-0.011065705313504327,-0.014913417510150738,-0.008089344981308979,0.0017545414323956855,0.24015216083642654,-0.21377932528769197,-3.2414069394012492,1.4166736522942427
-0.011081022937022353,-0.014910044483316754,-0.008083870102853524,0.001779779903955125,0.23948864213632315,-0.23408778337620048,-3.236319385514435,1.436956493643297
-0.011096461396729892,-0.014907003185338831,-0.008077524535789304,0.0018048967503412644,0.238917170659979,-0.2545824579205207,-3.2305464788749734,1.457065130551041
-0.011111970352244331,-0.01490382652495595,-0.008071196965428169,0.0018301742058206402,0.238617379472736,-0.275110850569162,-3.2247154417501274,1.4772761109474495
-0.011228203096582517,-0.014846804839638697,-0.008077869449185157,0.002046968038642787,0.24369112912956983,-0.4314631041533505,-3.214887988378687,1.6600787680236795
-0.011239258148621761,-0.014858428391527881,-0.008046907642952987,0.002052519172157839,0.2360589494707203,-0.44135393572920406,-3.1945159915582013,1.6566901168057384
-0.011212967710514188,-0.014850640095209082,-0.008084261630983122,0.0020215755464894156,0.24413064567689344,-0.4111785294295775,-3.2212908868412327,1.6397555694496486
-0.011223971015331966,-0.014862301174805878,-0.008053330683435979,0.002027203133561209,0.2365342046819404,-0.42117824207115157,-3.20092220355975,1.6365089713100767
-0.011151907568655757,-0.014865501922029584,-0.008109035171612237,0.0019197919414411062,0.2449679237143053,-0.329599752564346,-3.2457142842874496,1.5581275245093833
-0.011147379519985283,-0.014880921303600296,-0.00808426709423153,0.0019003737079529984,0.23888156097017052,-0.31975455366239197,-3.231144532850203,1.5351144216542831
-0.01116719007004694,-0.014861858424551648,-0.008102961041524017,0.0019452696397691616,0.2449260143301796,-0.3500692317227206,-3.2397845862172354,1.5785570318638473
-0.01116272065000626,-0.014877314964663291,-0.00807820239627234,0.0019257606406932117,0.2384591022966938,-0.3401078013165692,-3.225317955701545,1.5554340319435085
-0.011182461035313321,-0.014858166927964265,-0.008096805422763366,0.0019707344052298935,0.24520020496864348,-0.37049067677616127,-3.2337349140380955,1.5990015868745333
-0.011178055549664634,-0.014873646715360046,-0.008072077819616205,0.001951145336945836,0.23783589898661536,-0.36043007388124276,-3.21938162701946,1.575732643191712
-0.01119772030275495,-0.014854427471532412,-0.008090572558994242,0.0019961686042893386,0.24485746322119017,-0.3908560609834892,-3.227571725698198,1.6194058447897346
-0.011193373645588256,-0.014869910703952353,-0.008065911688550123,0.001976520111014629,0.2372903598401637,-0.3807194248605445,-3.2133492553370906,1.5960272063382386
-0.011208676079496499,-0.014866125677890037,-0.008059670442567475,0.002001871970453976,0.2369056487689192,-0.4009683357712201,-3.207201586371562,1.6162916570417314
-0.011127437426131023,-0.014900223683621141,-0.008065500011187025,0.0018556837250325406,0.23834303018129654,-0.29552186658762897,-3.2192713202517598,1.4977242135291389
-0.011142823071095596,-0.014896621184465218,-0.008059689424792118,0.0018810353902649608,0.23786817385469658,-0.3158160256920986,-3.2136903594207857,1.5180349462102
-0.010952574929781307,-0.014951522477904563,-0.008099697181058544,0.0015582072962545843,0.23994931606044803,-0.0656999959667434,-3.2562658990951294,1.2551703091239481
-0.010968070238051672,-0.014948668422613437,-0.008094486665085538,0.0015834467463075083,0.23944259043689772,-0.08622554128597297,-3.2518370886961674,1.2754673635202287
-0.010983683604157518,-0.014945782411577326,-0.008089077967071388,0.0016088475214314682,0.23894835920818605,-0.10688743028947391,-3.2472005019128916,1.2958685377338537
-0.011250482260051797,-0.014870447970600914,-0.008015825779219736,0.0020580349685644594,0.23498569311699377,-0.45713342809286367,-3.170581150680253,1.6592191436058723
-0.01133450055446882,-0.014818620992578935,-0.008030916423299738,0.0022240579599021003,0.2379015685109959,-0.572052074062134,-3.1672712623670036,1.8004364547719065
-0.011330512940808718,-0.014834243812280518,-0.008006785864334605,0.002203658757731065,0.23465465981989161,-0.5613094108786472,-3.153494757258717,1.7770834987430006
-0.011349633918850095,-0.014814404250277425,-0.00802388475946992,0.0022492943780761097,0.23798815349673932,-0.5920719613551451,-3.1599149871425882,1.8203340953423386
-0.011345732621725696,-0.014830115720140674,-0.007999654541238547,0.002228781976390383,0.2342219522592802,-0.5811294027055011,-3.1461748696002974,1.79690981554354
-0.011364753797800303,-0.014810140026172798,-0.008016770928856188,0.0022745190374472966,0.23865743561508224,-0.6120294857312588,-3.152413497828634,1.8402889834787277
-0.011360955418911222,-0.01482591504861948,-0.007992470634116991,0.0022539247183913213,0.2335758105792474,-0.6009350502968084,-3.138756871682531,1.816723594481643
-0.011379860028177457,-0.014805828367996314,-0.008009580007186498,0.0022997136891198555,0.23897396428179304,-0.6319057259775749,-3.1447891043050387,1.860244749427902
-0.011376158999232437,-0.014821632837590032,-0.007985269040949846,0.002279068017605464,0.23292740939333423,-0.6207141669606536,-3.1312594070494026,1.8365383654604097
-0.01139495244676372,-0.014801469324203571,-0.008002313073177053,0.002324874556267207,0.23880548889800324,-0.6517074335328003,-3.1370489970145155,1.8801635170368254
-0.011391333672787655,-0.014817284672281432,-0.007978032569426809,0.0023041862120520003,0.23242564154795228,-0.6404492969102168,-3.123673862313423,1.856330428730297
-0.011410030890272255,-0.01479706294397708,-0.007994967843051808,0.002350009670334536,0.23860307988243978,-0.6714477008840203,-3.1291886948015333,1.9000507479335156
-0.011406480702433282,-0.014812886694274946,-0.00797073346237555,0.0023292656438199232,0.23200549817112673,-0.660128120860661,-3.1159857432687925,1.8760704216615334
-0.011425095195354026,-0.01479260927722873,-0.007987542751032289,0.0023751245042549045,0.2385953318705617,-0.6911309531930968,-3.1212032371356404,1.9199243915283553
-0.011421603421645048,-0.014808440098872255,-0.007963367193401454,0.0023543090498560387,0.23157086902308735,-0.67974887180835,-3.108193699749649,1.8957525097990444
-0.011440145198604604,-0.01478810837460224,-0.00798003772985327,0.002400219324728595,0.23880782248211888,-0.710754735771701,-3.1130937556144125,1.9397937780272623
-0.011436703042432725,-0.014803938882077443,-0.00795594294571491,0.0023793238596497702,0.2310938645581184,-0.6993154981183846,-3.1003022472708994,1.9153858198589824
-0.011261899793275068,-0.014882855281223123,-0.007983725788384894,0.0020632451115060336,0.23110021419579893,-0.47099249192837506,-3.147309427983696,1.6590003910883497
-0.011296129272798794,-0.014858140828559846,-0.007996759650699877,0.0021334817137606717,0.23381124037438153,-0.5166606706144493,-3.15102969981254,1.7191489461373564
-0.011311250903540994,-0.014854109474153216,-0.007990015935585933,0.0021583456422259455,0.233293779616052,-0.5363374610529138,-3.144124308009278,1.7388374315348039
-0.011277165564815271,-0.014878572160983511,-0.007977769930274487,0.002088479930849821,0.23078059508160711,-0.49076081634240937,-3.141088016884774,1.6790902040502165
-0.011292220512940524,-0.014874205069902786,-0.007971974696876362,0.0021134574283478845,0.23049679248511176,-0.5102448638575262,-3.134944273583646,1.6989813104901474
-0.011326447467265535,-0.014850145040092392,-0.007982914049681848,0.0021832024151327584,0.2328047856550297,-0.5560791553152794,-3.136892391632399,1.7584756524721492
-0.010247828121370078,-0.015164916041105337,-0.00798816244553664,3.8348430841586003E-4,0.23046401806169767,0.7913669060016503,-3.154614068338845,0.292680625551519
-0.010272879837157918,-0.015160114297217496,-0.007992983187377756,4.228603013436138E-4,0.23082910124033315,0.7622555814583217,-3.1607998650398645,0.3243669848712561
-0.010303166762189755,-0.01514087420925697,-0.008023850956424538,4.7330285889630286E-4,0.2340662124699807,0.7348214770010549,-3.184636591610747,0.36625767307405205
-0.010292592367280404,-0.01515821769537053,-0.007992896587151728,4.5354125941571755E-4,0.230515983649051,0.7381004528722058,-3.1630204944560356,0.3488888205307311
-0.01036809944518966,-0.015115658795193889,-0.008057408198585662,5.798470476561386E-4,0.23727845402485379,0.66453483975867,-3.213725919673133,0.4536150669156518
-0.0103495026405388,-0.015130042423507727,-0.008034390355596907,5.474681771281835E-4,0.23478623223429904,0.6807978707673082,-3.196555756203589,0.4263032570033212
-0.010326440323895673,-0.015140470688229452,-0.008019716018368228,5.093906310134388E-4,0.23316148659473648,0.7048462564410353,-3.184434228372829,0.3949625708949001
-0.010786619570028043,-0.015016986452326008,-0.0080783546567424,0.0012665878667490807,0.23712413261604884,0.1442339825811376,-3.2465126313515325,1.0133938923683188
-0.010767824749197012,-0.015019202523776224,-0.008084364436442696,0.001236700561452563,0.23780555343077303,0.1690007703554501,-3.250739413936554,0.9894253402824651
-0.010734440979911414,-0.015038072452005682,-0.008066193829860832,0.0011758467727335886,0.2358380306318467,0.20825069505696628,-3.2382971013155655,0.938164649775905
-0.01075085032143497,-0.015031722734167802,-0.008069716331416918,0.0012041610997085578,0.23624958560554263,0.18814517708602455,-3.240753270557096,0.9615902702063339
-0.010718414783996773,-0.015043538973540911,-0.00806394225490663,0.0011486220696172447,0.2356523347624301,0.2280704498054655,-3.2366520869779465,0.9157132004413785
-0.01039232465617193,-0.015124216196575897,-0.00803479353640195,6.152373507575145E-4,0.23434563617608498,0.6278963830349431,-3.2008905904411793,0.4808732890549657
-0.010417700293944763,-0.015119439398669483,-0.008036956015657029,6.558006189641778E-4,0.23436997858955164,0.5970564920881484,-3.204498394429615,0.5137011194096939
-0.010438102822343287,-0.015113592051561408,-0.00804218817990522,6.89054515789734E-4,0.23484352603120692,0.5731789006149511,-3.2096273120298995,0.5408351469903323
-0.010452646902120446,-0.015106617131758848,-0.008051092745184863,7.136801004203853E-4,0.23571745962518104,0.557471559744346,-3.216712171403871,0.5612770293629205
-0.010468231494905299,-0.015109084426227666,-0.00804150295580198,7.370095824141208E-4,0.23443559701835817,0.5355885899025704,-3.211409320162872,0.5795586641451108
-0.010488568044552934,-0.01510681253604474,-0.00803921653287566,7.691357570039962E-4,0.23400442192352458,0.5097814851948849,-3.211276827387119,0.6053880024175066
-0.010509805092093323,-0.015098450836873806,-0.008047911039365344,8.047477920335809E-4,0.23488285968392766,0.4855570272982151,-3.218482351151088,0.6347650072285843
-0.010687622840541547,-0.015042482691680414,-0.008080947672263252,0.001101947365284537,0.2376488487931763,0.2699571225016501,-3.247866405113578,0.8789084738120535
-0.010702597756366616,-0.01505239872192726,-0.008054990064210859,0.0011201178291728802,0.23462536473824305,0.2463869915571537,-3.230378696954894,0.8917023108891055
-0.010670698854261362,-0.01505418343983877,-0.008066737238847821,0.0010704510724708592,0.23607559245037815,0.2886036228982243,-3.237839213767544,0.8520794443665224
-0.010532877739446861,-0.015084939568164677,-0.00806542197934119,8.452301260832702E-4,0.23672210659424794,0.460994247224762,-3.231634785308842,0.6687289018268121
-0.010555093215547843,-0.015082839795587416,-0.008061127010814286,8.803563051357459E-4,0.2360280881633253,0.43225615924633987,-3.2298985396600055,0.6969204327419201
-0.01057104743840142,-0.015076097372401731,-0.008067790481615275,9.076065697052854E-4,0.23679288281169014,0.41381898066435097,-3.235178406708367,0.7195242442519924
-0.010588336492666484,-0.01507762472291196,-0.008057995913326508,9.336568288982207E-4,0.23537977197114843,0.3900468899969231,-3.2293166863260496,0.7400022031502377
-0.010602351413857363,-0.015071708472565138,-0.008063497685505216,9.576688346869795E-4,0.23606765638387367,0.3737041552002814,-3.233604139992442,0.7599208064506876
-0.010619232007366622,-0.015074073252555126,-0.008051924662067077,9.826271850729446E-4,0.23455118588432358,0.35015034283184615,-3.226358658478772,0.7794071016774664
-0.010635933800054103,-0.015071945431618045,-0.008048760050135694,0.0010091551000732588,0.2341702126999767,0.32864936600485445,-3.2247430209001053,0.800760747959205
-0.01065361710001498,-0.015064384846255604,-0.008055228018444901,0.0010396001316240631,0.23481519522377395,0.3078197597459933,-3.229617083039957,0.8260386304191932
-0.01081492867734111,-0.015030103459005054,-0.008038035423898573,0.001302197290327567,0.23262514769661893,0.10265221252920047,-3.218607821815134,1.039102462123597
-0.010830895870289542,-0.015027271066620657,-0.008034255170080386,0.0013278325286988411,0.2322128787311629,0.08206730306988798,-3.2157351860645638,1.0597507077350536
-0.010846923325509216,-0.01502407891184529,-0.008030926816460655,0.0013537438580064288,0.23188312718639484,0.0614842323200085,-3.213103887180985,1.080664340742733
-0.010799075021294388,-0.015033172894301866,-0.008041127545492936,0.0012765793869191702,0.2329664600770005,0.12301554107902768,-3.220945142304949,1.0184102217836013
-0.015449140219788366,-0.009344838375752649,8.805148904009056E-4,0.0073600463718713535,0.21776259550818017,0.6872147238850619,2.7858394665427073,0.1617196691008502
-0.015495154353671037,-0.009377932383877923,8.208685912116768E-4,0.007295084829013554,0.21255106862286394,0.638667343694605,2.7443719454780084,0.18422719112642832
-0.015458382970286028,-0.0092374453135521,0.0010148647636573054,0.007300825382608519,0.2149200988034202,0.7900281578248217,2.7505933227600274,0.0453807853150125
-0.015475309181896152,-0.009290240761841678,9.405210048288352E-4,0.007294856668688314,0.21333663905120984,0.7320382577943927,2.7463094155917696,0.09711768191447456
-0.015497671221362037,-0.009184204890467104,0.0010642541498643158,0.007212567060369831,0.20941765775000196,0.8251469202290574,2.6956021780116473,-0.017491080212884275
-0.015511761542404873,-0.00942897311670133,7.497789076349283E-4,0.007284786639277153,0.21085803392560068,0.5828429180621538,2.736044311988134,0.23295857252009924
-0.015490941134539145,-0.009049893224171225,0.0012318326900469124,0.007157903036708886,0.20881775337611738,0.9529545600999912,2.6589022987803492,-0.1526722272192321
-0.015544169435025387,-0.00881955041496541,0.0014691789395640791,0.006944556015139746,0.19991893376761247,1.1233965044403817,2.515846129563652,-0.37496249744292887
-0.01552245475685192,-0.008901237284609806,0.0013895943458649962,0.0070263197379370835,0.20369094636344928,1.0679472305374789,2.570781339270219,-0.2996570656786505
-0.015510840881948346,-0.008985028890012113,0.0012985806432667245,0.007091672171284986,0.20543489845495186,1.0013581191188197,2.6154643183755115,-0.21842607384357474
-0.015524949634339164,-0.009110257065051445,0.001141862904044625,0.007133900085719402,0.20522441989463133,0.8821802933471974,2.6459443905813136,-0.09617820076046622
-0.015541667305141045,-0.00868619254705266,0.0016168387890839752,0.006863156760317029,0.20019449448616208,1.2306619302943942,2.4547392329962885,-0.4951363593375258
-0.015572697204291247,-0.008593615263045137,0.0016931959660954675,0.006755440113335418,0.196775612625512,1.2798744529969959,2.3808844797896183,-0.5704346013298269
-0.015604224713107101,-0.008755420343560045,0.0015024225972611106,0.006815800227390785,0.19381337292874704,1.1403224880160672,2.433538219385295,-0.4295319158632806
-0.015438393208287415,-0.0073787226593105765,0.0028091031175948235,0.005849960182813293,0.21991964414727463,1.9443995210754095,1.6456826897197396,-1.352907690390043
-0.015386620971133524,-0.007247517323644022,0.0029377314515836566,0.005765102527730202,0.22613169615481787,2.008753006521669,1.5661486821650656,-1.4207228041432154
-0.015462657582781989,-0.00749173298761638,0.0027147502007581477,0.005938935633007355,0.21520337784946095,1.89971558374003,1.7197500528878267,-1.2984002472953107
-0.015452265070995523,-0.007591194987669346,0.002659649274549535,0.006048238346288965,0.21609704119367348,1.8819645727067402,1.7973478674068937,-1.2611534127246768
-0.015569874118075139,-0.008485550098981678,0.001804581087236957,0.006682755442022577,0.197403642250948,1.3569791394795738,2.324581326163823,-0.6586848324134286
-0.015449202682005655,-0.007894170636902969,0.0024386734926767225,0.0063435238132503674,0.21212608676807007,1.7774748189612704,2.0225462053976955,-1.1062774435270832
-0.015449453292055715,-0.008015373129499674,0.002338638439889868,0.0064552299763281015,0.2117136577873448,1.7217779641794828,2.1094084291732726,-1.03206811387898
-0.015563142307210655,-0.008359926921927382,0.0019318030824593685,0.006597668288667583,0.19797760178232268,1.442903319341804,2.2571397337393795,-0.7571699809149796
-0.015489012291806582,-0.008149755927699712,0.002186523759227975,0.00652399948661977,0.2064937291016411,1.6211820604281346,2.1766918257595633,-0.9290886652642935
-0.015554007293551967,-0.008235419198780722,0.002054810374154255,0.006511164125739999,0.1990625031739682,1.5238683353148572,2.187603547213655,-0.8499032342919427
-0.015501864177539033,-0.007686734493352551,0.0025451363200157174,0.006086981432701834,0.20865407354308443,1.8107745633341736,1.8440511063463154,-1.1946337416092019
-0.015543295372714884,-0.0078079748507027084,0.002418276594745698,0.006153536728101659,0.20397109654219833,1.7347740830308513,1.9089658242411283,-1.11658047569777
-0.015533290323373571,-0.006417862290911925,0.003134034202624804,0.004806143524519428,0.2147336744480406,1.9044572619287965,1.0028916589421721,-1.4817468707758608
-0.015490321899740037,-0.00712860157672458,0.002894599992746874,0.0055489373427537,0.21625625284611413,1.9361735329754322,1.451959102565789,-1.4025210335585447
-0.015489206511675674,-0.00683667654434362,0.0030292466179771796,0.00525533950185067,0.218163249719765,1.9527568950071525,1.2571400471788043,-1.461434473913824
-0.015537579119430198,-0.006999308493357498,0.0029098852532978103,0.005379228569219156,0.21378370454520518,1.9115713976459792,1.353674909640336,-1.4098896593923909
-0.015578068486541256,-0.006625286636275071,0.003022272087325659,0.004979798789882617,0.21139887864216922,1.8863245789115761,1.1167877506582917,-1.4469659164649151
-0.01567013705604587,-0.004760353653042379,0.003269855824792986,0.003243381778359474,0.1827329908164416,1.5953638854064323,0.3746581581487943,-1.3430717609170786
-0.01542645950716219,-0.005851796604012673,0.0033715895314049174,0.004309504324070978,0.22417945591430202,1.8920902195849407,0.7161241944388622,-1.5181966698269427
-0.015444248445997077,-0.005594411921881639,0.003393951622398557,0.004054973513157861,0.21964320127292333,1.8357073956596273,0.609429247604806,-1.491923043884235
-0.015567725455880949,-0.005995037898619767,0.0032083698927301146,0.004377776275371932,0.21163988744400414,1.837900420227864,0.7884834064733838,-1.4697875732082182
-0.015607980198572506,-0.006208829035849473,0.0031200148852795215,0.004559074139859219,0.20924214017902815,1.8405158697316408,0.8911716803004391,-1.4552310165383193
-0.015688066677949666,-0.005103597247323224,0.0032296558799548487,0.0035260256476130967,0.18903226803717363,1.6453042238488755,0.46875646823876466,-1.3712913170715544
-0.015697784584285245,-0.005443440612833837,0.0031833476240724153,0.0038162083849420177,0.19326010518900663,1.6941052934822884,0.5776021201163074,-1.396352957099076
-0.009788950562747171,-0.015208728587484422,-0.007908957881885911,-3.197747652089694E-4,0.22725203546678088,1.3199436749726186,-3.022217857824739,-0.26203045901849165
-0.009822859433795272,-0.015218398454580853,-0.007895251799808335,-2.673127730180775E-4,0.22516569587458823,1.2718314205020407,-3.021538081580211,-0.2216212496046814
-0.010065722497744805,-0.015194237618861668,-0.007950903136460309,1.009808525813064E-4,0.2283878627442993,1.0002037199308516,-3.1040747958738817,0.06717718161076774
-0.010092038210010396,-0.015188038370931222,-0.007961389894972255,1.415762259983335E-4,0.22928399500912441,0.9721693879315948,-3.1151153017276605,0.0995584181309662
-0.010118390296281803,-0.015184320098805555,-0.00796669914903232,1.8223297880741606E-4,0.22959491716663424,0.9419798463363037,-3.122697107361916,0.13191746297937756
-0.010038220153390476,-0.015200780102274396,-0.007939344616529322,5.876784519659855E-5,0.22738506971674252,1.029125001779189,-3.0919993182700938,0.03355585570198555
-0.010009183135390695,-0.015207570279347257,-0.007926836821066806,1.4452661035600163E-5,0.22628262451769368,1.0593612523514206,-3.0789054434399623,-0.001643918305913891
-0.009978427031897281,-0.015216596831567598,-0.007909545351896861,-3.216817810491428E-5,0.22464160976234213,1.0895077353329132,-3.0623047312397187,-0.03866841335459626
-0.009861595097866972,-0.015215852631435692,-0.007904258027720339,-2.0909727445937026E-4,0.22584902084523667,1.2288624032834843,-3.0356146797286887,-0.17647369376183256
-0.009905375111475398,-0.015216903552962688,-0.00790583319858225,-1.4279635527241378E-4,0.22531860401878998,1.1763321848806545,-3.0457348175018413,-0.12495937495493717
-0.009944926781601622,-0.015222543772386155,-0.007897352457225872,-8.268176047157376E-5,0.22366268277677195,1.1248588674848514,-3.048240149028309,-0.07843978806938107
-0.010145890357598289,-0.015185235832798042,-0.00796263378538476,2.2432338330621125E-4,0.22871816709447976,0.9069004744674908,-3.124185340388937,0.16510754535250272
-0.010175061991557693,-0.015190011098083343,-0.007950571734351151,2.6845887589406454E-4,0.22697714713256148,0.8670582291434005,-3.1205304546168566,0.19967752520859514
-0.010207512904861734,-0.01519326148544796,-0.007940437197148391,3.175592524038145E-4,0.22543801634998642,0.8242788173110132,-3.118303934719899,0.2382088688526316
-0.010238966575398805,-0.015192549801342778,-0.007937247297942741,3.6553456715324916E-4,0.22472965819968224,0.7852520299417173,-3.1201890284687246,0.27617028123516635
-0.0097606972819116,-0.015228188857115946,-0.007868119633109348,-3.592910488064273E-4,0.22276833356679945,1.3345835089996128,-2.9904621237498143,-0.2930577419374674
-0.009725396569402349,-0.015239384366223288,-0.007841160843122663,-4.099852842726504E-4,0.22012817326971998,1.3639213087463835,-2.9654883288778007,-0.33211381699995696
-0.009125224541001177,-0.01529426898334417,-0.007523496670767896,-0.0012399942214922877,0.18858943408358378,1.891787935313406,-2.5998232695373495,-0.9398619657925781
-0.009169667587005164,-0.015289214410807862,-0.007555463860661777,-0.001183221905403293,0.19204709498136174,1.860725302590579,-2.633001764569004,-0.9006902731158827
-0.009297854087308486,-0.015284922686138498,-0.007623956347951007,-0.001010523016632207,0.19905478982044553,1.753046354099231,-2.7150590157057457,-0.7786191907028766
-0.009210919192691602,-0.015287175178650613,-0.0075796406631249815,-0.0011285336421620535,0.1945008543659159,1.827818959015697,-2.6607778004417084,-0.8624129094211249
-0.009254122464747518,-0.015287315089174766,-0.007599973192970874,-0.0010695860536603077,0.19651653768632807,1.7896833740194646,-2.6869762838586166,-0.8206512530868803
-0.00954892908349892,-0.015269846168086257,-0.007743041924994004,-6.612281398888951E-4,0.21053476758697642,1.5243630747955164,-2.8604580737073615,-0.5226080586195297
-0.009587224310604391,-0.015272973244038103,-0.007748044228441899,-6.050333042591079E-4,0.21071454747434523,1.4813780092231983,-2.8740479163588577,-0.4804419270347056
-0.00941420489089311,-0.015293944315246994,-0.007654980779126602,-8.448965489458949E-4,0.20158002282162998,1.633911063597498,-2.770123625953524,-0.6581028264539884
-0.009369846021791752,-0.01529914963874195,-0.007628748936057166,-9.048334880285853E-4,0.19896309496396067,1.6705406977740407,-2.741532835815683,-0.7015567645472469
-0.009326703985442674,-0.015319257796391822,-0.007575761627668417,-9.561769909694121E-4,0.19342253290188297,1.689092612081035,-2.698692184303269,-0.737842873538955
-0.00948870676437192,-0.015295604219652079,-0.007677834185309676,-7.3936274570556E-4,0.20353079289834655,1.5592566530723648,-2.8056771366621454,-0.5802709020098175
-0.009526749111617433,-0.015305828492786715,-0.007671336911107967,-6.822809726330941E-4,0.20262854730341381,1.5109353423676934,-2.812894638561252,-0.5377568978863256
-0.009451571739858357,-0.015331248159646009,-0.007601857090273944,-7.795307199481139E-4,0.19537887193501605,1.5594420776440627,-2.7518024740047236,-0.6089630395468298
-0.008832241492430963,-0.015311917284287163,-0.007315715549707815,-0.0016035135786616396,0.16539181099599085,2.0853027954665446,-2.379408114113342,-1.1801176896023937
-0.00878316083985616,-0.015342068460697439,-0.007233598938860413,-0.0016421170603061006,0.15634158821498303,2.079157366228223,-2.3215326316405007,-1.2005192569282528
-0.009072172459568454,-0.015300025094516851,-0.007484553403823978,-0.0013068269752137677,0.1839877542163735,1.9275654052161588,-2.559582495905101,-0.9854186702489544
-0.009031763069731236,-0.015327206913185842,-0.007415594780821931,-0.0013437865523981021,0.17674291532706138,1.9267163310649504,-2.509769720504761,-1.008036612889031
-0.008988186449118536,-0.015325896853714417,-0.007392276447781663,-0.0014001594973599475,0.17385538238706053,1.9607480958773091,-2.4809856836080413,-1.0460945358710452
-0.008884125117264914,-0.015328342558844632,-0.007323394400719945,-0.0015289231711362481,0.16620192461617142,2.0310001416542645,-2.4054168746214377,-1.1303442889355713
-0.008935925264131067,-0.015330473057733192,-0.007352815931261982,-0.0014632191473604114,0.16964033858403504,1.992783700327,-2.440869001813603,-1.087316222231452
-0.00865621545021296,-0.015385067985988666,-0.007076236560305304,-0.0017585245163603033,0.13937796637718056,2.0990499560046385,-2.198347917781051,-1.2651322721033844
-0.008722969880599157,-0.01537658678723116,-0.007137251362527485,-0.0016885860477849463,0.14622215133419011,2.0726344876463325,-2.2536793346554327,-1.2242293670362103
-0.009681066997287888,-0.015248429841535793,-0.00781562637203863,-4.738220024656571E-4,0.21749322326894815,1.4044722096872353,-2.9390195378087656,-0.3810005758284701
-0.009633836402284143,-0.015274382457338627,-0.0077572348496482545,-5.371165468770296E-4,0.21132209132876772,1.4307136165597878,-2.8919964755646665,-0.42917349585302034
-0.007840914457432308,-0.015276119252416417,-0.006499805132930849,-0.002650692299084306,0.0694385702326888,2.4811736753602354,-1.5801649601579149,-1.7271961184954183
-0.007926346118648144,-0.015289766923935529,-0.006569495410279041,-0.002566049039584986,0.07853505707022751,2.4556548910374043,-1.6479024162685825,-1.691928679016181
-0.007992508061291646,-0.015351270133801146,-0.006556523145545988,-0.0024492703562061196,0.07950420333958903,2.3705246586963558,-1.6865968594535299,-1.6257192521135013
-0.007723850025290817,-0.015257038825464017,-0.006400937016202395,-0.00276240432052908,0.05792782217814508,2.509902443910623,-1.486736075622278,-1.7706983803522578
-0.007639827976265122,-0.015248486639996913,-0.00632150727570785,-0.002834029181281544,0.048135367426387056,2.519857019739852,-1.419422988578532,-1.7941264841707276
-0.007778368588772399,-0.015322355984677745,-0.00638044368949297,-0.0026531268751457007,0.05897728648910667,2.429277400551889,-1.52129151812202,-1.710361067760054
-0.007564143168169502,-0.015312620815607343,-0.006170062365207684,-0.0028193641420053103,0.03682455181294137,2.441686293008377,-1.3554199303757708,-1.7599222865651682
-0.007464017102756997,-0.015363434098914714,-0.0060116241899608675,-0.002832200069769496,0.025180045191528642,2.380886046240388,-1.278642876084482,-1.739572862160444
-0.007328075466491138,-0.0153717067976691,-0.005861829696288499,-0.002906628226027839,0.011015283525637257,2.3628258220226233,-1.1827239867037083,-1.748929359231645
-0.0080581771911244,-0.015360729999698518,-0.006606716794503971,-0.0023829033093627733,0.08596322330209394,2.3468725665386434,-1.7367683221496402,-1.595092101855627
-0.008124613459250916,-0.015371942370232858,-0.006653643744275875,-0.0023126597108674356,0.09165329243500048,2.318399401689375,-1.7867284910211192,-1.5610312491144434
-0.008199506206116064,-0.015370219527299219,-0.00672390035448796,-0.002244506780565845,0.0992974748653719,2.301453175249728,-1.8474654175223855,-1.5302143833920179
-0.008265937871393842,-0.01534734277464196,-0.0068145215702576645,-0.0022009940468743455,0.10862571947399736,2.310059022786431,-1.9101496711184913,-1.5148263662969559
-0.008325594502639509,-0.015380645285646198,-0.006819945372299009,-0.0021130948136434007,0.1102491834492169,2.249465779968457,-1.9438518972388206,-1.4629272905472435
-0.00839097594732536,-0.015391276620804565,-0.006859935124886985,-0.0020382347498857536,0.11562494545168885,2.2127215537741898,-1.9907378529216098,-1.4216140753354587
-0.008601696315642185,-0.015406588971694501,-0.0070033933468541506,-0.0018031841151599094,0.13218398511952104,2.1009392869454087,-2.1446137971902157,-1.2875635778975099
-0.008534335816727478,-0.015392297463752338,-0.006973462357314624,-0.0018872602866661437,0.1280510411018986,2.1505423788760205,-2.1014403972876674,-1.3385888092322795
-0.00845727869185226,-0.015399286312481955,-0.0069024392708156605,-0.0019634067850342273,0.12073633812756283,2.1763527993963407,-2.0386173539235695,-1.3794041592378183
-0.006832196875994334,-0.015369303943491114,-0.005341573635687053,-0.003154090408082033,-0.03188838459053766,2.2836170700763976,-0.8695367807616255,-1.7552538443285417
-0.006992725367917,-0.015428045138898689,-0.005462119804137377,-0.003022678392466755,-0.018863036487689677,2.2632583148024956,-0.9695545404807341,-1.7256764976620003
-0.007124963964731829,-0.015424274116229802,-0.005601940684155431,-0.0029625261662472708,-0.007288533124764215,2.286511743727729,-1.0507866845230245,-1.7249793743063702
-0.007237047209621214,-0.015494533526834426,-0.005652521785699233,-0.00283238590491577,2.90848975256784E-4,2.2335857001762296,-1.1226292954986568,-1.6769469415585083
-0.005397129117216511,-0.015437418992873736,-0.0038716605742842368,-0.0034223635484802967,-0.0914693167748387,1.871165950678597,-0.30974353789629644,-1.5397101710196843
-0.005693466752997847,-0.01554653285819304,-0.0041032627440062966,-0.0032821217832739273,-0.08017724872153385,1.8970995050200448,-0.41835076179192004,-1.5504591724516483
-0.0047408269892459595,-0.015386629076025846,-0.003298419766271681,-0.003509751450653715,-0.09910357233301369,1.725116095026909,-0.15797048366184566,-1.4454563437724122
-0.005088841688492736,-0.015554416999465213,-0.003555250574997244,-0.0033447764023486104,-0.08940533960723639,1.7520808568319013,-0.26377491506313727,-1.4602635578598362
-0.006699262133514944,-0.015480359313528631,-0.005121188900838256,-0.003091335576628093,-0.03896117795367132,2.1670800830119883,-0.8129580082023766,-1.6871059305337093
-0.006548682923305119,-0.015587316113569928,-0.004897253877646435,-0.0030384966367839115,-0.04546168828995182,2.0600924980614264,-0.7533841547685433,-1.624322905812828
-0.006002942417912553,-0.015554395159960112,-0.004390521332644815,-0.0032181131921653196,-0.07092783347842603,1.9650654063477302,-0.5226867660114433,-1.5878017878144386
-0.0062271713067069785,-0.01564457062012527,-0.004553913232475996,-0.003079132995024124,-0.05863402388039567,1.9618037388982419,-0.623947869278084,-1.5746160285113984
-0.006404814402451735,-0.01566756050608679,-0.004707272298438612,-0.003007415053728085,-0.04949688770405378,1.9811164065726572,-0.6997919127586999,-1.5783516096417927
-0.01479971738413247,-0.002397929304878092,0.0038596504722862657,0.0015253029965990826,0.1605823490053653,1.3408910736288993,-0.04497115682198601,-1.1674793970944535
-0.015070482845840618,-0.0029055013877323315,0.003704998994175175,0.0018810918361527264,0.16452814309424946,1.3969525990828577,0.013902767723083383,-1.2107606675043467
-0.015339260408964363,-0.0042504085665851015,0.0035552407828716146,0.0028949417171622006,0.19361954497447262,1.5960161714816226,0.215817027090941,-1.3531739879135918
-0.015602701437790953,-0.0044433191208580695,0.0033380935714003987,0.003000850564526139,0.1802881395555962,1.5620231100404751,0.2935610812531923,-1.323592203712233
-0.015310852228589068,-0.0038177435059047354,0.0035695658162341972,0.0025510028695374704,0.18200030629040387,1.519588400161714,0.14116515192785808,-1.2995144270216372
-0.01522061061674059,-0.0033640854767908643,0.0036206630135295266,0.002211164831593183,0.17256827331220045,1.4542304399174812,0.07310198291043384,-1.2522797893883622
-0.015260775560625252,8.121397027456582E-4,0.0034823084563114365,-4.973647143799841E-4,0.11371176642782892,1.1818866169702693,0.00711709070000311,-1.0454617150297574
-0.01472658607351155,4.003906314439093E-4,0.003802391263004012,-2.4362340532198439E-4,0.12546912924021034,1.1724507141225142,0.015337092237180881,-1.0370552272629376
-0.014593285347547847,-9.654295628231332E-4,0.003901020616020407,5.884827824452732E-4,0.1342932144638469,1.1946901175268227,-0.04348996806422566,-1.0540510561498364
-0.01472633111117015,-2.9973261814231965E-4,0.0038011360801815945,1.820575059656288E-4,0.12494593837841246,1.170781455643186,-0.011754974525621674,-1.0362376531521458
-0.014991446188559125,-0.0014531110405094797,0.0036728916677875125,8.998826103118134E-4,0.13076101376424146,1.2268536211067065,-0.026537604530323753,-1.0802671330622642
-0.01524087501359657,-0.00200013549790115,0.0035369573377857194,0.001253158334752367,0.13252230097887294,1.2660938599446234,-8.928479609087132E-5,-1.1111586666327524
-0.01580843097870671,0.0012078674689133696,0.0031516313153490973,-7.338394534197147E-4,0.09762005663152636,1.1755488951440538,-0.021028641937177735,-1.0407478825413927
-0.015858127662614834,6.755869815020525E-4,0.003114448610800864,-4.075039246123601E-4,0.09050888313822927,1.1528737862425416,-0.011047338395219358,-1.0232463279806363
-0.022717938885052014,0.00872701712107395,4.9923311751492286E-5,-0.0012891929337959086,-0.04825629563814323,0.07721922974293516,-0.5180743466470111,-0.047182561993545466
-0.02198266863360563,0.008067197519219743,1.3866450410318222E-4,-0.001625783838820303,-0.061351008655767696,0.16427256483609673,-0.5301631880847012,-0.1304110798196166
-0.02116291333797095,0.007119939116625529,3.2966985616216145E-4,-0.0019070796588150395,-0.0691100871693461,0.31334697646192416,-0.5326503718000933,-0.27227546419162874
-0.021740102081426665,0.007443719966572041,2.1335459978966072E-4,-0.001676936495170442,-0.07767160614031014,0.23430355854207993,-0.5163188612901043,-0.19985373576200416
-0.02036066249099167,0.0061267515648312934,6.13790754391005E-4,-0.0020563228733794237,-0.06400859546343372,0.4923747826972286,-0.5092279910951576,-0.4400077038403895
-0.021110647785998582,0.006480614410777229,4.000579928207303E-4,-0.0018095682694025557,-0.08660440759135964,0.3735768114069164,-0.4927753996440936,-0.3333210115289677
-0.01939686515654396,0.005146820006649633,0.0010394291383714251,-0.0021312494954707933,-0.03698918608624213,0.7052523859038972,-0.46042249608600994,-0.632929107177952
-0.020235702668898237,0.005446092492465345,7.204173705658861E-4,-0.0019117310114764154,-0.07278518224949669,0.5593225223452426,-0.45204154329941276,-0.5057824685255669
-0.0193454381925164,0.004436805265447734,0.0011291384997323016,-0.0018698599560537136,-0.045153367494268175,0.7466101290422852,-0.3811210519537113,-0.6754837257277325
-0.017943904025484122,0.0037644200122268247,0.0018397472280279774,-0.001961125306928452,0.022703459996739696,0.9971264196659227,-0.3172613561104933,-0.8889620020301873
-0.01862766202771564,0.004007028075611367,0.0014785389677816514,-0.0018981904963679215,-0.012295426780143818,0.8775430907914811,-0.3455127631977856,-0.7885756491073178
-0.01757303501999221,0.0031075619766136623,0.00208020265896694,-0.0016857415811607696,0.03529012045760632,1.050426577967894,-0.23419049454890684,-0.9364671195379098
-0.0167321430810846,0.002211753495780082,0.002593073688922576,-0.0012890141538218526,0.06814212415969928,1.1377398082275683,-0.11878582304333962,-1.009946714635148
-0.016411776742802694,0.0016203361680662079,0.002787175969625844,-9.591187765674622E-4,0.07661738777154449,1.1459366846348222,-0.06567302496304965,-1.0171270122546596
-0.017406371199287146,0.0024038443892470153,0.0021975396735765674,-0.0013190003361869508,0.03600652645216081,1.0567247357665115,-0.16036631809805327,-0.944453543127766
-0.02384409666484397,0.008159476944695834,1.976687544677929E-5,-6.659359156869104E-4,-0.10550179865261135,0.060188663581074685,-0.4991733403583018,-0.0324216407748824
-0.025,0.007606340525558759,0,0,-0.18440746388124651,7.532235991826556E-4,-0.5329440338506715,0.030708890385478808
0.004258275755426039,-0.01761094390839718,0.0023240543436424954,-0.001982271377901089,0.005617226136620611,1.1090951867698065,0.32481702848141775,-0.9762170310003565
0.0036133861295206235,-0.017576873579200517,0.001968676490745364,-0.002051547382651538,0.008993442542366661,1.0980475326254355,0.24683266105832827,-0.9716786022287297
0.005346134347979169,-0.01850678810076594,0.0025661273406857176,-0.0013873731607085956,0.0348752098345707,0.909539629641878,0.47582249108622404,-0.8026761655276982
0.005979764835280011,-0.01877802160905734,0.0027229856807343866,-0.0011666546966999471,0.03910104659116271,0.818749371508498,0.5546366561641536,-0.7187769513875525
0.004661117916662384,-0.01819021436586884,0.0023539647053779354,-0.0016297517212913062,0.02737045763837636,0.9911547331785425,0.38579703613270816,-0.8773139590379515
0.004800698982789781,-0.018828060515505035,0.0021973776140167944,-0.001312128569499171,0.05217179067517893,0.862087379116433,0.3968995019719268,-0.7704317504992052
0.006157867101439539,-0.019471707286920086,0.0024658883936197824,-8.782972669990471E-4,0.06019363958828005,0.6721358764434381,0.5344540898257596,-0.5956261904301074
0.007150660141887548,-0.020353292256808417,0.002312016016153828,-4.8354438213631584E-4,0.06897335739941891,0.44497912820180735,0.5692492910031676,-0.38963839783574855
0.006413517835183802,-0.02022894823911058,0.002193214874498993,-6.14426837060676E-4,0.08014176017292447,0.5295406137436834,0.5118719006056919,-0.47285971677630273
0.009054465201383035,-0.022709224289910953,0.0013069611459603015,-3.465945288023295E-5,0.05091267541844396,0.08875838739988272,0.5185966634568868,-0.058529124441942706
0.008425621993095649,-0.021952664756553802,0.001672390764592359,-1.1359721246334446E-4,0.06653703117417324,0.17290224444260902,0.5323790336875733,-0.13911343209776325
0.007379301699038734,-0.021130949276709332,0.001967291923334559,-3.076292296621441E-4,0.08378918449719729,0.33382216232952633,0.529299227781942,-0.2919799789812072
0.0077139000897188505,-0.021776145231993893,0.0016936861464197264,-1.869396930104692E-4,0.09063229552481665,0.24524269674254634,0.5112288389377706,-0.21046004498481136
0.0015947887095822458,-0.015329435720036373,9.877972776278323E-4,-0.0034643769839081133,-0.06583507163669983,1.2303071897612703,-0.03465188523527634,-1.0826785523362297
0.001998319393994692,-0.01586436950706053,0.001226841519498694,-0.003132971694199018,-0.04960053990374729,1.2353819849773784,0.015541223384294825,-1.085933814920334
0.002332682983275722,-0.016332496107018615,0.001403595261867601,-0.0028392674943078368,-0.03339246807368535,1.2172770682576046,0.06655267189462656,-1.0707255712280388
0.0030881729431652648,-0.017517787682154243,0.0016854273662914193,-0.0021129326813635967,0.01073877090740165,1.0916952177200907,0.19198571658757857,-0.9688667722225299
0.0027117990456128078,-0.0171734714446731,0.0015285016965574138,-0.0023238924647922305,-0.0014032394630085305,1.1294541859817697,0.1449417382856941,-1.0007131131831104
0.002344718701064977,-0.01679096184109715,0.0013622921986280834,-0.0025578063710307423,-0.014858753767053293,1.1644870996392058,0.09752518441379868,-1.0284878682102148
-0.0022942456268662268,-0.014755243901399998,-0.0014529020003112506,-0.0038825935386124816,-0.09501927620844469,1.3150989456047049,0.11513890336139355,-1.147359379126371
-0.0012786367102053703,-0.014856377957461715,-7.882164728172312E-4,-0.0037522648852165576,-0.07874400619304749,1.2066276363581838,0.06592185900849366,-1.0647205490534652
-0.0018508086991044666,-0.015130717116719277,-0.0011562111601761196,-0.003603298051399018,-0.07552761476621332,1.2581910571074817,0.05673791943192017,-1.1038288231009747
-5.657674047488189E-4,-0.014926656921171302,-3.457271893514905E-4,-0.003685308133588528,-0.0720087645379255,1.1703034905454672,0.02803911292983664,-1.0371500226204085
1.3452856991469708E-4,-0.015051884887325373,8.177213403282067E-5,-0.003603549874013578,-0.06632859805239655,1.1672174399082742,-0.005497912202947672,-1.03362364480134
8.308367870144209E-4,-0.0151967234517697,5.09054080813444E-4,-0.0035245336074774696,-0.06456898320602623,1.1862937831590157,-0.027526314685408466,-1.0490969670509165
-8.990923172515484E-4,-0.015381209262411977,-5.503680161082211E-4,-0.003411815017034553,-0.057870375216835676,1.1882943863115119,0.01946755470488745,-1.0489868148349855
-0.002734208033834385,-0.014959597431457892,-0.0017602915333370468,-0.0037731888094282265,-0.0951667107987647,1.3771695484152244,0.08700222954154828,-1.1950891133854447
-0.0031454379088162177,-0.015176074286969158,-0.002050635674356664,-0.003642420503964735,-0.09173167333245423,1.431698875020941,0.04069175866415203,-1.234460212678531
-0.003493144100918902,-0.015328373686685179,-0.0022981642883810115,-0.0035447483796302716,-0.09173831946916598,1.473282832702355,-0.0045247567782627915,-1.2671336570667464
-0.0038380239083420213,-0.015392152169376455,-0.0025553613788671576,-0.0035059603068033833,-0.09178357059196553,1.5290012714005057,-0.04446645978188696,-1.3057981765189448
-0.004073632686011221,-0.015749654028948564,-0.0026791132162556387,-0.0032306186843260713,-0.07767736691243111,1.5007777707167922,-0.13481735948852072,-1.2843266577962529
-0.004431711149600864,-0.015613963793378226,-0.002987928251271064,-0.003328788737305663,-0.08637933782569618,1.5960175458075179,-0.15822727238716205,-1.352841935838372
0.00832287827342895,-0.023897861668411655,6.42268109127266E-4,-1.635816411038442E-5,0.11233078440545231,0.08152777363990558,0.5000540193971738,-0.05329235580757651
0.007606340525559075,-0.024999999999999998,0,0,0.19856717290536108,0.03263448301504113,0.534660372221957,-0.001323265971926966
-0.015045262446266108,-0.011014416834821655,-0.0015855134304336694,0.007886564428515,0.30448923323469185,-1.1793035636923344,2.686702641463157,2.2838326599488386
-0.015041500673032532,-0.011066811795047262,-0.0016623732335316332,0.007857002264390244,0.3039652505937352,-1.230952630832598,2.6451017606528273,2.3303607275634928
-0.015050325408164148,-0.011045914302458326,-0.0016267425682381443,0.00785597024361067,0.3025418578524908,-1.2059638029558037,2.6559294107881186,2.301316764780458
-0.015044775678646434,-0.01108649601012871,-0.0016876586135232644,0.007837193492784889,0.3026654558517683,-1.2470380364663904,2.625477030036887,2.340494162432688
-0.015044254334248804,-0.011111341774143498,-0.0017226523148742383,0.007820122408559976,0.30201204044374025,-1.2699612796442674,2.604235901155404,2.359746805371653
-0.015078368107542003,-0.01099059483146165,-0.0015296811420148968,0.00784326593408413,0.29791032997202155,-1.1368881670718463,2.678841115268869,2.217384498368864
-0.015116266772967873,-0.010886232007494926,-0.0013577513907434403,0.007839649643751348,0.29182503710281393,-1.014468394391333,2.727639389239773,2.078207422769617
-0.015140090781777108,-0.010871080222451313,-0.001322551069049915,0.007805630050656038,0.2871269774543616,-0.9872526055206062,2.7178355249494413,2.0337406149638317
-0.015110470996597703,-0.010978277966812467,-0.0014917119219116724,0.007794218009713465,0.29133088665595136,-1.1065961272196108,2.661892747624735,2.1627111815050557
-0.015113496784426396,-0.010947151317960828,-0.0014460139414947133,0.007808267125419576,0.2912893958543292,-1.0752206953312442,2.6836728330105957,2.133176985407846
-0.01511624233462532,-0.010917677343736082,-0.0014026141775690913,0.007821223986899198,0.2913448071987652,-1.0453101758046481,2.7039266150776693,2.104978277583045
-0.015198354267986753,-0.010505776718825263,-7.650073204707367E-4,0.007862222152321149,0.2769385217874292,-0.5820096183791305,2.8910407683748502,1.6171648787382888
-0.01519854522862868,-0.010530766759019664,-8.018610528976892E-4,0.007853521842958414,0.2769854483287569,-0.609112696218023,2.8776914194536296,1.6423673763485156
-0.015225095087372922,-0.010482299521806168,-7.219484069374966E-4,0.007820524322827926,0.27184714004901306,-0.548212309677295,2.875726951020891,1.5641010727012505
-0.015150946000622978,-0.0105771193677497,-8.878969262012913E-4,0.007924725687486549,0.2867385609928604,-0.675955250095927,2.9003514562157338,1.7438651925319688
-0.015144150144016544,-0.010606292868105981,-9.341308441218801E-4,0.00792593769126467,0.2882950696087944,-0.7102892085715108,2.8900815222394445,1.781300870949508
-0.015186332767733075,-0.010557517249486942,-8.456374773171884E-4,0.007866587441826306,0.2796366045379981,-0.6422238868698721,2.8755492258672484,1.6831526074290541
-0.015159770024057308,-0.010630821004146982,-9.642044070967996E-4,0.007887129367957357,0.2850455067677644,-0.7309645555947112,2.859771273312251,1.7871185089315984
-0.01516564755619431,-0.010665031398756967,-0.001012067180085465,0.007861917390221511,0.2836764539780829,-0.7650737391085345,2.8331546601923017,1.813409536275738
-0.015175052250324676,-0.010693385638649841,-0.001049307025195973,0.007832331629326193,0.2816282559758594,-0.7909876188322587,2.8064320979190955,1.8291872501044935
-0.015151583859627938,-0.010749802854458309,-0.0011421972125169953,0.007848585177367825,0.2860753172450885,-0.8595572932817562,2.79209105787734,1.910720868346495
-0.015186080411862762,-0.010726825565483053,-0.0010925974869730147,0.007797160384245493,0.2792948113290583,-0.8208627411534951,2.774745311909139,1.8470947861758729
-0.01514983170840474,-0.010783197197615557,-0.0011914226794868948,0.007835140520212126,0.28606188855596854,-0.8945212114841975,2.771169070961564,1.9434954868922418
-0.015143004916777987,-0.010811428146076104,-0.001235620577340623,0.007832863535153983,0.2872423231907425,-0.9263302402372849,2.757873213493767,1.9775809874455477
-0.015150941072835334,-0.010841113468414737,-0.0012739006201767805,0.007802765642910707,0.2851144391707913,-0.9522423454995418,2.729799572768336,1.9937168009238824
-0.015279296342829216,-0.010272956905256954,-4.022185459325712E-4,0.007770890048742498,0.25992606643591043,-0.30562233517055354,2.908640625794806,1.290654054447172
-0.015277475867696635,-0.01030734445802254,-4.52765338626035E-4,0.0077680649281148565,0.2607586944153229,-0.3438475844678171,2.8978545936193654,1.3289739952511952
-0.015256367525332505,-0.010447396928250103,-6.618097252103257E-4,0.007773691245650952,0.26589150600259887,-0.501471140577832,2.8605747196676594,1.4956312576229924
-0.015259303612712043,-0.010368061697376673,-5.45320486766515E-4,0.0077885546386272445,0.26470204362921557,-0.41443975835529395,2.892649102437099,1.41055273331585
-0.015264058246570589,-0.010405844668571144,-5.993345270757051E-4,0.0077707622957525905,0.2640344915355582,-0.4545609809832665,2.871460598750535,1.4452278178555107
-0.015292850479918383,-0.010339462825838213,-4.963715031525589E-4,0.0077337380631525956,0.2583733591828255,-0.376091377665742,2.869336904521304,1.3484793213520412
-0.015381855928473681,-0.010028994382788727,-4.233611272875661E-5,0.007607189360651678,0.2395411033759691,-0.027779760107215962,2.8661399211697174,0.9438776520256861
-0.015346653970155007,-0.010181675772215074,-2.611517127154032E-4,0.007661304718204954,0.24735699117532864,-0.19593504853374796,2.8668684245305607,1.1347090490386693
-0.015371107490916518,-0.010152763296238944,-2.1773210825041335E-4,0.007620323087091286,0.24281915811566882,-0.16233457925984887,2.8490610427663805,1.0845403816318966
-0.015378106044769696,-0.010118987051696669,-1.6949501286267745E-4,0.007610394640387519,0.2412538958621631,-0.12514046133706133,2.8503593813769528,1.0430477507615181
-0.015386571806925717,-0.010076922082940854,-1.0976190854238795E-4,0.007597562151796799,0.23936117246282282,-0.0792642318020797,2.8512456285040724,0.9918623116063233
-0.015313973432031107,-0.010252381638665669,-3.667824864786163E-4,0.00771113165597113,0.2539398471537561,-0.27729794663189306,2.8790869004606616,1.237453152839714
-0.015343997195739954,-0.010223268643446711,-3.2081042104460395E-4,0.007661155115029332,0.2481253963952109,-0.2413386253255878,2.85717034191595,1.1810520202220338
-0.01545202132540949,-0.00962914622647974,5.029512036414715E-4,0.007440941211941257,0.22231076811020492,0.39414973424771166,2.8194026487465895,0.4681289269871442
-0.015480209548400292,-0.00958282242482407,5.581615435495724E-4,0.007381786966403706,0.21767202716995418,0.4364143573300661,2.7867128223210305,0.4063388007677348
-0.015481022307724038,-0.009529840016927981,6.27899807407185E-4,0.007366688517622831,0.21666173537676928,0.4901341144644436,2.781204402941802,0.34973768889836837
-0.015475508699862082,-0.009680369415208664,4.2935765735277036E-4,0.007411122616181394,0.21991393555953234,0.3365356811849045,2.7962838254918903,0.5127549289417052
-0.015432437243446333,-0.009727021721975277,3.7395685994149366E-4,0.007493988718108324,0.2266594131771513,0.2943402915049209,2.842364952825846,0.5839497916696049
-0.015424027849794695,-0.009991418417213375,1.019605243899316E-5,0.007532541645490303,0.23219639313641552,0.013181379536409075,2.8282692999004837,0.8746163213042796
-0.015444717383272617,-0.009781116581757713,2.9813570769833715E-4,0.007480767596479097,0.2257352419047924,0.23548990205645956,2.8278622406669416,0.6362653166382738
-0.015448247085946755,-0.009833499261744918,2.2617610435375236E-4,0.00748089368308657,0.22628922345429633,0.17984893481409078,2.821218716112153,0.6907127154122722
-0.015455614964400649,-0.009890077261653758,1.4827713819047975E-4,0.007473060839954845,0.22610403467478735,0.11959594586372391,2.808535637156327,0.7469987387384008
-0.015469383732772202,-0.009946506567430173,7.067129564503921E-5,0.007452279228727925,0.22486895949253147,0.059899217454290464,2.787581275424314,0.7983592935345176
-0.01553421963199749,-0.009488624215909285,6.664420357336197E-4,0.0072657267993188205,0.20944257006764833,0.5178759952046583,2.721518787136105,0.287792012876996
-0.014933834761371076,-0.011354339558765336,-0.0021443275468689756,0.00781242494753613,0.3169158049369521,-1.5555407638141714,2.4514537115852573,2.6923388742247103
-0.014953243160543467,-0.011342593077365508,-0.0021112560747725898,0.007789930773172244,0.31289589938959667,-1.531275233741239,2.450987099695682,2.653888202915361
-0.01496929153684013,-0.011304895610166156,-0.002046836858240485,0.007795630667906713,0.31101894591436324,-1.488777204662102,2.4779684986864683,2.6056321587429463
-0.014957991532121209,-0.011320931970705323,-0.002078147879295465,0.007800986430620038,0.3131570876775566,-1.5102950201781837,2.4695093270848703,2.6334357261317014
-0.015016668325663094,-0.01115077231029448,-0.00179797220126883,0.007839034829454658,0.30675557538085635,-1.3235305894802527,2.590111092782315,2.4296499262928957
-0.015009169025274183,-0.01116977855675183,-0.001830052951503177,0.007837526686119615,0.30781852720998626,-1.345429416473403,2.5783859458508602,2.454473373340493
-0.015015348529506086,-0.011190484982455234,-0.0018537219585505404,0.007810589839309662,0.3057172688823599,-1.3593595137324461,2.554812384360133,2.4594365872994497
-0.015014393042806069,-0.011215329185281413,-0.001888384080976774,0.007792575440302909,0.3049155409349353,-1.3814138406796046,2.5325288361422036,2.477710416391957
-0.015009256647356084,-0.011241632928291691,-0.0019281615192167242,0.007780207815162276,0.30499449884388624,-1.407285660847876,2.5116140004851775,2.50293690330481
-0.015010143390648082,-0.011262367106605635,-0.0019553245633590916,0.007761693860569642,0.3039646657126816,-1.423935463867901,2.4915069553216864,2.5149450999044025
-0.01499448650620709,-0.01129747382873702,-0.0020153207466635944,0.007759023161177054,0.3058850668621326,-1.4641053494020928,2.468432438468213,2.56116938295118
-0.015018569819903222,-0.011280937626437924,-0.0019731181020515264,0.0077319786901234285,0.30129829243282696,-1.4331616833405503,2.468274298687532,2.513668803016129
-0.015042061910377217,-0.011139358944149129,-0.0017630165267350157,0.007803257882030305,0.30153936359305894,-1.2965024242643175,2.581172734560996,2.3833547785095828
-0.014619399384801347,-0.011913413003953132,-0.0031890343152798464,0.007698838526838802,0.34766082224006184,-2.192605613783463,1.9347269289110465,3.4528239633132163
-0.014625387795527458,-0.011898891187242081,-0.0031648287638222027,0.007708820288041752,0.347577998597264,-2.1801492412793384,1.9521524224011297,3.4398058254400774
-0.014635359150137873,-0.011911500828764068,-0.0031658325471646087,0.007677022312433422,0.34345952298556764,-2.177929431199399,1.931051974099791,3.424676083675266
-0.014631330544227503,-0.011884350654762893,-0.0031405567065544565,0.00771874035108566,0.3492899066028738,-2.16741327937907,1.969571802320412,3.4266938573292673
-0.014641432438302729,-0.01189693171024849,-0.0031415935884270513,0.007686799359548383,0.3432906226264722,-2.165441116187239,1.9482969554021914,3.4117437900017085
-0.014647415540976946,-0.011882311790363365,-0.003117345679294149,0.00769660240565652,0.34282133026910305,-2.1528707585081115,1.9655214754491943,3.3987513852334708
-0.014613365371455135,-0.011927915960164924,-0.0032131798362594263,0.007688792559863385,0.34913833165046304,-2.204834930489471,1.917269227549858,3.465667908185088
-0.014629248856031923,-0.011926027102681763,-0.003190006900249612,0.007667182980034922,0.3431407497357153,-2.190331932209627,1.9137281870999445,3.437478013010496
-0.014607285815467805,-0.011942399911086577,-0.0032372988656299184,0.007678668554910786,0.34997574674475246,-2.216944082698599,1.8997170129621284,3.4783163942208675
-0.014617001852909123,-0.011955040943390657,-0.0032381453396361786,0.007647091134711895,0.3423873209055572,-2.2148539920844197,1.8787105141872311,3.462623009262201
-0.014601160777393504,-0.011956864711873454,-0.0032614005758520594,0.007668462709319586,0.3498361155481995,-2.22897661309733,1.8820548101232282,3.4908153992572815
-0.014623136027298133,-0.011940537200161925,-0.0032141006727709966,0.007657200154572053,0.3426570252455088,-2.2026421296281815,1.8962755335845873,3.4501138048222164
-0.014594990318363584,-0.011971310217633164,-0.0032854655409429584,0.007658183233311768,0.3501260290515032,-2.2409226918521274,1.864306991138976,3.5031997702673423
-0.014610820692519863,-0.01196953278213909,-0.0032621677088116156,0.007636899591060238,0.34217534004684597,-2.226959475021793,1.861059134315117,3.475035459794302
-0.01470853176443443,-0.011804566097195858,-0.0029512739643625507,0.007700653348965359,0.3373501056012362,-2.053214016046684,2.0481539716555677,3.2690363532357836
-0.014703048959001446,-0.011819286238557035,-0.0029751132287443647,0.00769107529794025,0.337233670550182,-2.0660739539778756,2.0316606854823713,3.282052402445828
-0.014697376150409428,-0.011833935696231028,-0.002999038020785359,0.007681711242874861,0.3371589302078614,-2.07894600838792,2.0151872795062693,3.2952289936825747
-0.014675314073608205,-0.011850780123373721,-0.003045948072876673,0.00769447230100622,0.3414796111495555,-2.108569891629823,2.0001835443356146,3.3396523160157847
-0.014669713823139348,-0.011865509899693741,-0.0030698597661432295,0.007684424855276538,0.34136882738588614,-2.121141743847661,1.983169685790293,3.352322521530852
-0.01469175740815331,-0.011848537607096922,-0.0030227747406702046,0.007672157865854589,0.3370505528952128,-2.091607188140445,1.9986376407962931,3.3081110907774165
-0.014663999290824925,-0.011880287384997343,-0.0030938958938211887,0.007674323303833897,0.3411345891126492,-2.1337061134184565,1.9660091890801643,3.3650171444099755
-0.014588774500088612,-0.011985736283431542,-0.0033094926529855643,0.007647830546996273,0.35078861216317225,-2.2528025189252197,1.8464665101890148,3.5154619484691003
-0.014604602878826922,-0.011984016167283647,-0.0032861593212287292,0.007626605329408877,0.34180213194197023,-2.238947894307953,1.8433058156916744,3.487319998440269
-0.014582513384860307,-0.012000142764298621,-0.0033334996725898243,0.007637396932924253,0.350651780585914,-2.2646448351262416,1.8285096145925241,3.5276049173949655
-0.014598360014613709,-0.01199849460849097,-0.0033101074310396762,0.007616188129682087,0.3414693505482946,-2.250808316734973,1.8254454121575348,3.4994556885615644
-0.014563458889128956,-0.012043243247200375,-0.003405359922507874,0.0076056278555614145,0.3487491735886222,-2.2996037545139334,1.7741400155963916,3.5634899048659467
-0.014569855515627577,-0.012028896391215732,-0.0033814444633835914,0.007616290686433114,0.34908057368671036,-2.2880899318986985,1.7923197182915558,3.55162369917913
-0.01457933651944425,-0.01204177233144131,-0.0033817365875964084,0.007584572772166612,0.34124030805746514,-2.2856061940767685,1.7715177111943594,3.5351830548663883
-0.014576207035553427,-0.012014529515234589,-0.0033574878547542775,0.00762688179299537,0.3498325512476816,-2.2764251257520325,1.810449624477205,3.5396557286807364
-0.014592075990871175,-0.012012955305766126,-0.003334017487451383,0.0076056883335657135,0.3413548759225912,-2.262534966824133,1.807513811656878,3.511468407949899
-0.014585734508941677,-0.012027382826595004,-0.003357895379967821,0.007595148491358624,0.34132930535309786,-2.2741309764556075,1.7895388557739806,3.5233782474257995
-0.014557017220692067,-0.012057569938134772,-0.003429232097578972,0.007594894285995669,0.34893410489157733,-2.310965196100146,1.7559096829351872,3.5752268125674154
-0.014572892643660232,-0.01205612832567772,-0.003405532567428236,0.007573940268080581,0.34100865841631434,-2.29696815917381,1.7534322913487357,3.5468711606196677
-0.014550530575541355,-0.012071876318959049,-0.0034530701885942157,0.007584085865161569,0.3490436578688764,-2.3222012118756234,1.737606699373658,3.5868199092397837
-0.014566413538212699,-0.012070463763442766,-0.0034292823894357884,0.0075632196291215694,0.3406839550811253,-2.308220728954072,1.73525960563096,3.558430702722859
-0.014559894601096773,-0.012084787258965488,-0.003452999905280998,0.007552406121724768,0.3404280975420995,-2.3193665070358196,1.716997459994378,3.569873013639793
-0.014543999019492741,-0.012086162244613063,-0.003476880101228801,0.007573199922543132,0.3486659511266234,-2.3333279482383227,1.7192181887929718,3.5982814417573343
-0.014553325357801123,-0.012099093379501519,-0.003476693580959978,0.007541521271297862,0.3401987562648863,-2.33040263428197,1.698660018561838,3.5812121106854806
-0.014537422618955197,-0.012100427570042293,-0.003500651838248581,0.007562241032717766,0.34856367418393974,-2.3443381264453107,1.700757578305123,3.6096260393657023
-0.014546715078754208,-0.012113379411171098,-0.0035003488608801024,0.007530555888397098,0.33984227145045937,-2.3413196137745866,1.6802429195112378,3.592424749578798
-0.01453080144093215,-0.0121146721502037,-0.003524384265308722,0.007551209713622067,0.34885249686885395,-2.3552414801494406,1.6822234050491665,3.620843662127657
-0.014540072633370172,-0.012127651031760065,-0.003523958061765003,0.007519490904992846,0.33951041993161174,-2.3521126874547496,1.6617403093174687,3.603496186200181
-0.01452413555302291,-0.012128895840071584,-0.0035480921169762335,0.0075400991124553556,0.34842556079023784,-2.3660556001513164,1.663595821788013,3.6319303843181934
-0.014533378823297733,-0.012141906111696967,-0.003547544198371545,0.0075083553398872386,0.3393615063174273,-2.36278922278396,1.6431726379455147,3.6144631440472916
-0.014517425023423977,-0.012143098494643411,-0.003571770312054539,0.007528911622392862,0.34754883985534574,-2.376757739920121,1.644888211602631,3.642908132499674
-0.014526624672530774,-0.012156136346596834,-0.0035711136011026766,0.007497171233474864,0.3391282613145832,-2.373352186483227,1.6245477093916385,3.625335711621234
-0.014510669920930357,-0.012157279968945646,-0.0035953965033916208,0.007517657810566612,0.34770937676627106,-2.387322669021765,1.6261304623949624,3.653776021355483
-0.014890976148617481,-0.011491610595376891,-0.0023646152261993653,0.007754204721966337,0.3189756903915781,-1.6937229376654785,2.3328829607255197,2.8358707060609696
-0.014868295388250791,-0.011553697481858343,-0.002466394733266007,0.007728705205781865,0.31999761818729766,-1.756138829265325,2.277161584991042,2.9023875127082572
-0.014872250051681862,-0.011535402861230646,-0.0024392522434871135,0.007741004048730135,0.32047500386100997,-1.7402537660059938,2.295204177469646,2.8877354993216993
-0.014889114386642916,-0.01150926178630475,-0.0023890190236936864,0.0077396967926390515,0.3182755122248748,-1.7078109578410425,2.3148885212878247,2.847227690775055
-0.014886737266431424,-0.011525840104202344,-0.002412447676351745,0.007726940756376291,0.3175998381630333,-1.7213794731742886,2.2982410843125334,2.8587397816409403
-0.014907621899304292,-0.011486194944354013,-0.0023412694894844053,0.0077320178143229865,0.31540105132467505,-1.67613360130968,2.32960885247892,2.8052369363470118
-0.014934328031589167,-0.011373250164091546,-0.002169012013947435,0.007794377469630513,0.3157596331612886,-1.5700677898566786,2.431849818223243,2.702272739911237
-0.014930654919934212,-0.011389793275776224,-0.0021942364928768435,0.007785381396013898,0.3157000962155425,-1.585790809734769,2.417148473980193,2.717480754967509
-0.01493459635553076,-0.011407377261612924,-0.0022136486359846824,0.007762438047868285,0.3138432632469188,-1.5962148009124035,2.3966535714474086,2.7205581384369038
-0.01493057927448918,-0.01143001296192757,-0.0022468781460753574,0.007747950811587387,0.31343310363564475,-1.6164585140622607,2.3756544430531243,2.73910530145416
-0.014915663895865341,-0.01147180563551809,-0.00231501949750881,0.0077327539890725315,0.3143786518434335,-1.6591869616877204,2.340436652541466,2.784835090859598
-0.014924065441322408,-0.011452111000709225,-0.0022816249991393198,0.007737799602560025,0.31365151172265193,-1.6380359960636388,2.356404170996829,2.7611404158545763
-0.014752384880574244,-0.011686155409141807,-0.002757494774622556,0.0077720214398597776,0.3375138239647058,-1.9451127459205113,2.1765290246607183,3.158125974558487
-0.014763256994393634,-0.01165660590392232,-0.002708627925604189,0.007788244868422128,0.33735290315740846,-1.916902731130848,2.2073135897026237,3.128791618236908
-0.014757757731831486,-0.011671509908213811,-0.002733319884604398,0.007780172857024065,0.33744343866711984,-1.9312072404119716,2.1918622081968326,3.1437022510231833
-0.014779983614533285,-0.011654245504259806,-0.0026868404159013618,0.007763868743948801,0.33347850036822974,-1.899942275046758,2.203211064267921,3.097147018290627
-0.014786132232040262,-0.011638895104495105,-0.002660959160172007,0.007771083359475434,0.333215041069969,-1.8847120938455129,2.218544907883786,3.080795215107052
-0.014803350684485237,-0.011634295662111112,-0.002636195211851629,0.007748312167133567,0.32946885332109227,-1.8661502200407358,2.216503852105714,3.0479610193651685
-0.01481961934566773,-0.011627511111971352,-0.0026099924142572468,0.007729473470710208,0.3261660238968204,-1.8472217714433141,2.217268022777416,3.0164619761754614
-0.01483130377447729,-0.011600065170040488,-0.0025633208085475497,0.007740206722232895,0.3254629846462867,-1.8191789216706524,2.2431776794569953,2.985641698678871
-0.01483470232252845,-0.0116182818711211,-0.0025822655053488372,0.007715146183980548,0.3232867570728258,-1.827928915083006,2.221080455251371,2.9864172469323442
-0.014846972952460862,-0.011591154692160436,-0.0025355359940432485,0.0077242701504463525,0.3224140135903799,-1.7995623505198528,2.2459242143876934,2.954605037749935
-0.014863961275067164,-0.011582621174425389,-0.0025070435721601743,0.0077057161891253495,0.3191558466964502,-1.7792162528915334,2.247421298136525,2.9217285267737645
-0.014880751175028482,-0.01157005586964141,-0.002473986151735229,0.00769157926295944,0.31619270415801654,-1.7564807982704493,2.2531634658913955,2.887778811397288
-0.014755019382683586,-0.011728374458003878,-0.0028056334167092874,0.007718890638464032,0.33321551805789085,-1.9673234597316183,2.1252408844871096,3.164945516999093
-0.01476333713805613,-0.011698474353345298,-0.0027599246936576166,0.00774031967766805,0.3338068730742428,-1.9421835222312864,2.1577045695123442,3.1413789188910304
-0.014759289293662785,-0.011713184825351615,-0.002782403375122249,0.007729783231061543,0.33351595363225134,-1.9545839462996952,2.1417624524463936,3.152988209190484
-0.014750199427371338,-0.011743670673531685,-0.002829548946729512,0.007708580215592173,0.3330139107420021,-1.9804949905525966,2.108684257151726,3.177753943976294
-0.014744784700128381,-0.011758954700699679,-0.0028540731576632106,0.007699048472758866,0.3329293205914785,-1.9940791497258392,2.092229684724274,3.191468820741626
-0.01472460088483832,-0.011802425200789633,-0.0029292220075093638,0.00767838039469193,0.33372169407319724,-2.0365334042943957,2.046137060486364,3.2383413936432395
-0.014730245172558427,-0.011787598185229928,-0.0029051191119486785,0.007687534628588813,0.3337598055052497,-2.0233519471759744,2.0623910532946357,3.2248213806789168
-0.014738436211001514,-0.011774124120698037,-0.0028795064645268744,0.007690933414282591,0.3330186698969357,-2.008348590012019,2.076083039345006,3.2066995200797233
-0.010916788943294996,-0.014974060612107884,-0.008081233663007741,0.0014894605500176215,0.23768253210818138,-0.02143903326505535,-3.2452155203306314,1.1967084744671042
-0.010932499921641387,-0.01497089728786472,-0.00807692573779268,0.0015151421058373726,0.23727648748567365,-0.04203321753694383,-3.2415559256917486,1.217424100538958
-0.010947624785352146,-0.014967177838433404,-0.008073859338663834,0.0015402858527251108,0.23702661800801808,-0.061745022745383286,-3.238708858128988,1.2378222579299099
-0.010862840594429045,-0.015020264337641483,-0.008028633838684983,0.0013798405097528077,0.23166784560784423,0.04116981846428796,-3.211115157767354,1.1018322078294283
-0.01085856277751242,-0.015039618820739932,-0.007995308686894591,0.0013620301976791371,0.22790676739137852,0.04261290862328052,-3.188562297291495,1.084175229314212
-0.010881825337737093,-0.014996520444301968,-0.008061342910236696,0.0014226927146182547,0.2353038094668988,0.021057884770085453,-3.2329084167276463,1.1399266468323608
-0.010895786925999995,-0.01499031792503992,-0.008064247310810896,0.0014475406665207804,0.2357596899321118,0.003611500223306362,-3.234398518599078,1.1606036513751807
-0.010911380632544264,-0.014990569602888386,-0.008053950689179452,0.0014707776662047274,0.23454195630193267,-0.017361581040709364,-3.226746806112494,1.178730997638227
-0.010879588338013169,-0.015016097279862313,-0.008026303680425053,0.0014073836469854892,0.23147264778387502,0.01980287869064512,-3.2090057900264646,1.124187139965957
-0.010999355445564928,-0.014942766197828958,-0.008083691692725088,0.0016343860726577562,0.23844947710588207,-0.1275998863498653,-3.2425078164412184,1.316389272171144
-0.011014983159695577,-0.014939626386040036,-0.008078387087722754,0.0016599083235589978,0.237979503604711,-0.14821891780732963,-3.2378078709382763,1.336899656775003
-0.01103043160179057,-0.014936142169100733,-0.008073669032344771,0.0016853771451018388,0.2375939239115726,-0.16854324515742272,-3.2334587683842257,1.3574281054586332
-0.011045777115653027,-0.014932575546095212,-0.008069000061935628,0.0017107239090926325,0.23722427955246816,-0.188717378035861,-3.229088585819168,1.3778624611250152
-0.01106108785136224,-0.01492901510208547,-0.008064168934399095,0.001735985617783932,0.2368469092640654,-0.20883899403572717,-3.224547088207395,1.3982038310764986
-0.011076093961874913,-0.014925214110375935,-0.0080598323010368,0.00176095090671464,0.23656193980871495,-0.2285290267281674,-3.2203074218478585,1.4183522122217693
-0.011122879456526335,-0.014916368232133161,-0.008039756840532222,0.0018362280353774478,0.23485971539226416,-0.28997991849754806,-3.2021894551517103,1.4782294818682467
-0.01109151992184572,-0.014921841000828457,-0.008054219245008999,0.001786172785364031,0.23613397389527083,-0.2488121212584922,-3.2150799071058835,1.438568922122225
-0.011107127516621731,-0.014920235101432908,-0.00804507152628836,0.0018102432121434673,0.235254612621874,-0.26937508181211106,-3.207365813348338,1.4573793552958312
-0.011235128695971286,-0.01487438730392967,-0.008022240586931323,0.002032749703572407,0.23534488838781176,-0.4370637325810334,-3.1770310579717917,1.6391051075448784
-0.011219754360080986,-0.01487823152703476,-0.008028666399090266,0.0020074721695792917,0.23575348816326838,-0.41693637664188826,-3.1834283829770764,1.6189810169356071
-0.011158205069782087,-0.014893097429789703,-0.008053562738665152,0.001906276635193305,0.23737203039795626,-0.33609334214316217,-3.207821405815628,1.5382199407406352
-0.011173611261342335,-0.014889519594320354,-0.008047338319865439,0.001931552757798035,0.2369683188090662,-0.3563715133729209,-3.201816809749879,1.5584090811563234
-0.0111890112136284,-0.014885812710401175,-0.008041175056122079,0.0019568827392408114,0.23659382735060788,-0.3766099638901044,-3.1957915433817807,1.578635372651726
-0.011204384387481557,-0.014882030971675253,-0.008034991892537785,0.0019821941722759713,0.23618747871387266,-0.39678668990930094,-3.1896916589939237,1.5988333105899937
-0.011138265665730366,-0.014912320687978082,-0.008034876969413268,0.0018617904395030408,0.23454784728722297,-0.31009053212067567,-3.197282448715257,1.4987873262148819
-0.011153615856198153,-0.014909035260960816,-0.008028467479493382,0.0018866536320369075,0.23405969450972283,-0.3301677151546085,-3.1912687032748672,1.51857972491165
-0.01096290848832359,-0.014964251753198744,-0.008069040395644463,0.0015651147206674307,0.2365578880626588,-0.08182153382797114,-3.2345841946372746,1.2577977112781273
-0.010978639932214257,-0.014962022835830147,-0.008062455142564186,0.0015900980863471062,0.23591746274417338,-0.10256282736647958,-3.2291660836474105,1.2776910390794949
-0.010994427952950124,-0.014958688137765118,-0.008057697862896092,0.0016158816474684458,0.2354941813760882,-0.12322660902756653,-3.2249280265619853,1.2984553508658718
-0.011455180736571003,-0.014783560287475503,-0.00797245381343556,0.0024252906781919432,0.23908631600621408,-0.7303152380690084,-3.1048678039825046,1.9596518461511445
-0.011451779874235119,-0.014799377118712024,-0.007948470376475432,0.002404316983817272,0.23059910280821425,-0.7188325175654889,-3.0923137507804035,1.9349836106542766
-0.011470201646392161,-0.014778965067767894,-0.007964791890552372,0.002450335673314025,0.2393256405015783,-0.7498108400719795,-3.0965369919438337,1.979481524487163
-0.011466835026161623,-0.014794753900476737,-0.007940949826476895,0.002429291714480228,0.23012940159459047,-0.7383022374745635,-3.0842235208444735,1.9545535351301637
-0.011485207893971856,-0.014774322728061404,-0.007957052850345342,0.0024753515511996334,0.2395154284481825,-0.7692414916842306,-3.088113325861681,1.9992586076627301
-0.011481869519001472,-0.014790071706125596,-0.007933376070764254,0.002454247534955135,0.22969475078010723,-0.7577241204996423,-3.0760233737466103,1.9740979811363888
-0.01150019942916891,-0.014769633284930958,-0.00794923912558013,0.0025003306353576287,0.23921255683749684,-0.7886118838330646,-3.079601349825515,2.0189411905460606
-0.011496884118630464,-0.014785334725449918,-0.007925741450725311,0.002479181946523012,0.22934594115712728,-0.7770946066116861,-3.0677078133733287,1.9936178745214759
-0.011246501406162129,-0.014886968432557013,-0.007989922226159367,0.002037933744303985,0.23146036890391578,-0.4510388828425314,-3.1536486383755573,1.6388706781658395
-0.01134175338795119,-0.014846179685906844,-0.007975539581302577,0.0022081582531022904,0.2323931709604308,-0.5759238485798287,-3.1293889163752904,1.7781542697632908
-0.011357124204140472,-0.014842158113332296,-0.007968028253117434,0.0022332014662014756,0.23205482626638355,-0.5958143940902206,-3.1217151620427015,1.7978753559725187
-0.011372485671365075,-0.014837991601723612,-0.00796060215574393,0.002258315546712805,0.23176516774966507,-0.6156612046826742,-3.1140380424889833,1.8176472751233546
-0.01138779234794912,-0.014833680547147413,-0.007953302501597608,0.002283441234216556,0.23146534240944572,-0.6354130826116008,-3.1063926664970247,1.8374294433793452
-0.011403039413738275,-0.014829292421609894,-0.007946017369630312,0.002308509370680538,0.2311364054573122,-0.6550607962503886,-3.0987015404732126,1.8571532391811176
-0.011418239897829611,-0.014824848258301854,-0.00793869882268701,0.0023335180813022546,0.23081037570324672,-0.6746179956071129,-3.090929920165639,1.8768098254195047
-0.011433400493314509,-0.014820341566005176,-0.007931352416198243,0.00235848342438278,0.23050755582830942,-0.6940926878717216,-3.0830817842515366,1.8964106981141524
-0.011448523261763438,-0.014815760966423126,-0.007923996111904223,0.002383420572448131,0.23022749257873154,-0.713489005231141,-3.0751705855040963,1.9159685850629782
-0.011258117761768835,-0.014899926788701993,-0.007956830437710281,0.0020429699759195474,0.2281087504264759,-0.465383784780614,-3.129575181803737,1.6389365919668266
-0.011273530113721052,-0.014895527065305168,-0.007951074443932683,0.0020683583814901665,0.2278057826327177,-0.48517701235008787,-3.1235073932541577,1.659132471608938
-0.011307186303545757,-0.01487002192430961,-0.007965763484262563,0.002138105705968256,0.2301827110524021,-0.5295804494802178,-3.128469693922019,1.7185368341455138
-0.011322255256585749,-0.014866214035235375,-0.007958630360584121,0.002162507836072048,0.22976076595503284,-0.5489844190862102,-3.121288744266655,1.7377521822681794
-0.011288655676066071,-0.01489075725633676,-0.007946044414147537,0.002093641656049852,0.22758743221561284,-0.5046131207602848,-3.117906162995299,1.6793261435354714
-0.01130320117621809,-0.014885874010025182,-0.007941558525645943,0.0021181962844292984,0.2274342467026408,-0.5233196167595514,-3.1126929671840613,1.6989871255584408
-0.011337575009730797,-0.014862485860000387,-0.00795095757404759,0.0021871288769508266,0.22931112685100793,-0.5686510248421878,-3.1136398310681432,1.7570555992898296
-0.010269001681184747,-0.015186325734091661,-0.007944029451391775,4.122656192151436E-4,0.22524274482177323,0.7512016192475658,-3.1281850826027875,0.31364127596144914
-0.01028991105675307,-0.015175148994973558,-0.007961311318123145,4.461826958869551E-4,0.22702008221074807,0.7312897934937718,-3.141883681750676,0.34159906777114063
-0.010314437424158773,-0.015168375833713756,-0.007969257655662339,4.8499871999409586E-4,0.22753760273294482,0.704000946974224,-3.149758912212502,0.37290540462981847
-0.010371075316646846,-0.015143620120299309,-0.008003302284100759,5.774807461551312E-4,0.230920855743006,0.6450555816932414,-3.177968945282523,0.4487523283568864
-0.010349366518363623,-0.01516261150756702,-0.007972511655670088,5.396641001768149E-4,0.22767357602182298,0.6625392939493073,-3.155430205025958,0.416745315445192
-0.01039183069225895,-0.015150459046429691,-0.00798506036734281,6.075770043081066E-4,0.2286089995199411,0.6144320819034481,-3.167671395591921,0.4719161283801803
-0.010782632397592149,-0.015036906304424474,-0.00804311315339208,0.0012496944115266645,0.23321752700939968,0.143967634962906,-3.2224667815555423,0.9965893879548373
-0.010765759691985264,-0.01504361519571092,-0.008039549104102648,0.00122058549679774,0.2327755251690162,0.1646074853552152,-3.2201332588464493,0.9724825701041538
-0.01072953411496031,-0.015054597675440642,-0.008037575511228441,0.0011600344587918848,0.23258182742685835,0.20968179094715608,-3.21877584009127,0.9228449759570336
-0.01074628648819068,-0.015055420174896071,-0.00802755088180593,0.001184992747425523,0.23139729232132342,0.1870979811380378,-3.2120073713327955,0.942402390736399
-0.010716616207722116,-0.015063352431744,-0.008027551694247388,0.0011361021814379581,0.23147875740378776,0.22412880609551786,-3.211878481378219,0.902495012911288
-0.010411945995230307,-0.015144853875865158,-0.007990280258599646,6.398587556865179E-4,0.2291362004173129,0.5913165265451257,-3.1728695406054226,0.4981452820854951
-0.010435623985709241,-0.015140222199497962,-0.007992338355454561,6.774007676847742E-4,0.2290499525655019,0.5629322604125901,-3.176139208394748,0.5284562341115214
-0.010455718564923252,-0.01512660449193369,-0.008012113289661756,7.122702342330318E-4,0.23121351652100372,0.5434561243645907,-3.1908432161937097,0.557772634401592
-0.010478345453272123,-0.01513087683927737,-0.007996929158358231,7.455810668248213E-4,0.22917199260015667,0.5118191612253379,-3.1822811028404936,0.5836938450355005
-0.010503737227809987,-0.015125236798919766,-0.007999214378072507,7.862398078408933E-4,0.22934843589124454,0.48125424190903726,-3.185409618924082,0.6166246548606388
-0.010528134407974475,-0.015115472152383928,-0.008009180365483497,8.26908642723476E-4,0.23026854527976523,0.45363524005353995,-3.193487422881024,0.6501423865070913
-0.010684538750549831,-0.015065906906819533,-0.008038143227681078,0.0010861400069626188,0.23279832581715335,0.26594871764705114,-3.2186436435896026,0.8626409248067058
-0.010702137496300371,-0.015071452167258054,-0.008019379731988753,0.0011102358913131838,0.23050885074847888,0.24072779237810363,-3.20619844791875,0.8807865178596883
-0.010669142407962027,-0.015078025443436317,-0.008022471562930842,0.0010571103513887941,0.2310581087141135,0.2822193141083014,-3.207736424371991,0.8377880226842328
-0.010552018926813794,-0.015106815150097604,-0.008016815394253985,8.665833905359957E-4,0.23105691575611167,0.4259294178348922,-3.1998682025569387,0.6828023385899585
-0.010575089949971628,-0.0150989698504463,-0.008022820876273087,9.048589316322615E-4,0.23161897849258156,0.39876022483440854,-3.2049611848637807,0.7142130156937307
-0.010603458514919794,-0.015093090668458636,-0.008022559390821622,9.50546477186822E-4,0.2314181017521926,0.36359414170518584,-3.2059034838590397,0.7512554218424611
-0.010627863756668776,-0.015093348587292126,-0.008011869142478478,9.876102882374722E-4,0.2300138382779167,0.33125249218997693,-3.1995127539919683,0.7805528871915152
-0.010649161161565486,-0.015087849219880082,-0.008012976462129775,0.0010223517802632998,0.2300613452400522,0.3051618481459108,-3.200857566183514,0.8088320385556492
-0.010811014486626832,-0.015048551315670301,-0.008005869835060292,0.0012860246001159129,0.22898873541443762,0.10319025117236612,-3.196802373045322,1.023052078607219
-0.010826285927623015,-0.015046065814948193,-0.008001942722411297,0.0013102392847692895,0.2285621770788185,0.08364194932444707,-3.193855225340224,1.042481827234341
-0.010842855028473972,-0.015043466356414023,-0.00799731693392749,0.0013364266550498609,0.2280888165328495,0.06242252146064725,-3.1903441245926483,1.0634498898026943
-0.01079623877422768,-0.01505249841754526,-0.00800664581653547,0.0012617328690639014,0.229060615533157,0.12171037187043664,-3.197544470391073,1.0032747390624914
-0.015516799215582789,-0.009325653862215663,8.794524384704894E-4,0.007240070544243588,0.20911774103713857,0.6827227152438947,2.7116722179093427,0.12397516467026497
-0.015551445367038246,-0.009376622538146938,8.028328672257877E-4,0.007201702538617487,0.20552853306304594,0.6220892372305654,2.686953798348202,0.1676482404963485
-0.015533244843620599,-0.009252634331275104,9.641233299679477E-4,0.007184369389066469,0.20579646064954146,0.7463224765798814,2.678243197618602,0.045735758796255244
-0.01558028911572356,-0.009177908042190909,0.0010350239200038237,0.007077105686769212,0.20014604843253084,0.797414615839139,2.6125078498872187,-0.03688413659756661
-0.015583111969403804,-0.009437733181435669,7.161152136675313E-4,0.007169990188229337,0.20307641319450784,0.5545031989080179,2.66551286078079,0.2206431475501687
-0.015571178699955555,-0.009035814067696211,0.001207234078539388,0.007024097643827071,0.1993162854434818,0.9273151529985103,2.5767533219192846,-0.17312820443643054
-0.015628455735992735,-0.008859772349867649,0.0013751174454343024,0.00684205090069232,0.19188123257023723,1.0458219093904193,2.4578778737667,-0.33682185475527054
-0.015600947640229007,-0.008953902711638992,0.0012856712734193065,0.006935452589740207,0.19531425194150434,0.9829491287779647,2.519397874785724,-0.2516435288403396
-0.01562549108115062,-0.009099392346497185,0.0011069772784080276,0.006970836928410974,0.1939700400795075,0.8478619607119918,2.546630458406589,-0.11747579447107982
-0.015637858522846722,-0.008654783589264522,0.001586781555881775,0.006703483419803191,0.1904366744043526,1.1958944188980887,2.3582765377530386,-0.511677952768415
-0.015661945883493185,-0.008548002119843396,0.0016780751362347674,0.006599104377322542,0.18803345141625236,1.2559742144383927,2.286108054642782,-0.5939316961841946
-0.015680807790317317,-0.008788841560755493,0.00142088485064744,0.006724588360258335,0.1870921154251772,1.072475811615451,2.383611248490993,-0.39565294388814226
-0.015689923426034556,-0.00871952038368078,0.0014874159339193064,0.006670251554538384,0.1841393673576925,1.1196707961375336,2.3459740355548298,-0.4530056195369597
-0.015711113470180012,-0.00884180229750913,0.0013479337955044528,0.006711032497178226,0.18273086101146746,1.0167024983548154,2.3800409761460717,-0.34931411165563336
-0.015549782126357058,-0.007428331099045872,0.0026690457353158808,0.005789023609854882,0.20559230895875547,1.8407888809210917,1.642109066945217,-1.2820466922407574
-0.015573133499532966,-0.0072805077263426886,0.002732271567983172,0.0056239633133334885,0.20606646844604265,1.8508550296138009,1.5323041434280766,-1.3207968853376937
-0.015582313163204629,-0.007559042914589059,0.002555869218592112,0.005880398529620052,0.20220688892064523,1.7835408042066871,1.7189979814413976,-1.216554141501973
-0.015669835943228766,-0.008412876555590209,0.0018022839445136676,0.006494033715835119,0.18747389480824825,1.3381131560031834,2.2090140661785465,-0.6945043980353964
-0.015575055613975914,-0.007935446594114595,0.002291675490959646,0.0062307350919361655,0.19865698961356396,1.6587932030699764,1.9782805792264069,-1.0347420189795349
-0.01556759375983581,-0.008051247220467721,0.0022041629346836633,0.006340149619328403,0.19990683724812056,1.610237809573804,2.059928691673127,-0.9679683897831521
-0.0156606575410782,-0.008277146139334385,0.0019332592890545074,0.006405591199457608,0.18901642749623151,1.4245526988297874,2.1390632518649872,-0.7924329717501143
-0.015625096800159426,-0.008151357145967578,0.0020714236996387473,0.006352066742025525,0.19122540486381426,1.5168902030058196,2.087345517369752,-0.8859566079593045
-0.015651846155769384,-0.007705043388317758,0.0023943905641661996,0.005940076522355168,0.19411252780503044,1.6866239939476113,1.785945466915548,-1.123585427221938
-0.015694065198713504,-0.007851103939915687,0.002253364198817191,0.006020461402838974,0.18820404827750445,1.6028577534776633,1.8592195571390022,-1.0364122263776474
-0.015775122433347936,-0.00847254012268151,0.0016739294187388027,0.006396034488593382,0.17732336091913956,1.2362145348439662,2.1645961423904683,-0.6306899659853543
-0.015723453202319174,-0.006425638639247721,0.0029500397222416708,0.004692970892930366,0.19805301341195516,1.7874224300850308,0.9957926664149398,-1.3995193447521042
-0.01567052234590198,-0.007096998705213433,0.0027347235707773196,0.0053620171468211205,0.1982145449270797,1.8037577014055282,1.3862596627362818,-1.3266493145178406
-0.015717464772636705,-0.006877958582938385,0.002790704915379828,0.005118518544079365,0.19609485496728546,1.7884450349191856,1.244623286991411,-1.3502216339635
-0.015831373822728693,-0.0066108892134179465,0.002789824185079687,0.004790749470354205,0.18722156895465256,1.7250791618098125,1.0819127770810402,-1.3393974649244613
-0.01592004196477907,-0.0044607705888884,0.0030870059064764667,0.002938894449344406,0.15729600073130148,1.4765875831933981,0.33627994919035903,-1.259721866876352
-0.01598384635082657,-0.00486652430709028,0.003008970998044079,0.0032367283094156783,0.16022025539815277,1.5093728585749657,0.4341548507479737,-1.27658555452361
-0.015687665340720722,-0.005778249675247378,0.0031399752285163267,0.004118570126837502,0.19788137005204676,1.746072243806074,0.7013249915931892,-1.418053057137959
-0.0157358546335705,-0.006024168241761067,0.0030459377018575763,0.004317280004787505,0.1947857619045544,1.748255268116018,0.8066137354627095,-1.4056166228764277
-0.015837329215631035,-0.006200825740375781,0.002911125140511957,0.00442002037634942,0.1862091999769009,1.708624188561787,0.8840484273505034,-1.3649250530591368
-0.01599217111354662,-0.005247900654963405,0.0029612536564912837,0.0035380548201263194,0.16573243388071598,1.55160282256536,0.5376950916363271,-1.2976189763623946
-0.015974098267683534,-0.005595495205862648,0.002924163133601491,0.00383035091342249,0.1712355065367136,1.5943157406898203,0.6471655731392013,-1.3173483387118934
-0.009798597061281417,-0.015250722818973697,-0.007831717345457177,-2.994600823842091E-4,0.21798142996848277,1.2712490469850162,-2.9769681400669517,-0.24742572740518073
-0.009842120450104826,-0.015262129825499468,-0.007815817151677966,-2.3354792836142443E-4,0.21540257484302391,1.2119521126201371,-2.9766766177029504,-0.19688998428562796
-0.010059304892027356,-0.015227349905837309,-0.007888690579689968,9.001198854196502E-5,0.22126919360881378,0.9837022692615379,-3.063186856795816,0.05664683571127093
-0.010085063384661972,-0.015219455844239133,-0.007902407852920667,1.292487979141079E-4,0.22258538689397203,0.9580777727585591,-3.076095040826719,0.08791752738438063
-0.010108079777643553,-0.015213500143953224,-0.007912249850935875,1.644376630741029E-4,0.22326706605285798,0.9341288834112912,-3.086005022809698,0.1159686868684638
-0.010132822540230738,-0.01520837668988594,-0.007920035840506219,2.0235298532010363E-4,0.2240898103353542,0.9072236637257051,-3.094711833204588,0.14615804132018362
-0.010031255313633167,-0.015235407213805674,-0.007874293775704845,4.758603602311649E-5,0.2199857830427183,1.0115873729675136,-3.049359190099921,0.022979426363312513
-0.010001437489110272,-0.015244208469354394,-0.007858018416481212,2.803942252086626E-6,0.21851840874825326,1.0406066957216824,-3.033918177969468,-0.012459156567418696
-0.009968640394416702,-0.015254661325391107,-0.007838060949798624,-4.603194383728418E-5,0.21669890050532317,1.0713879087649405,-3.0155260885088917,-0.05098889435303302
-0.009884265529881349,-0.015256843643199606,-0.00782955730916079,-1.7151793727633377E-4,0.21666273289411553,1.167965649857592,-2.993970404062328,-0.14864204834082836
-0.009927933052052168,-0.015264366325583955,-0.007818458020217202,-1.061905197762326E-4,0.21477317327655587,1.1113273725632764,-2.9957137395830165,-0.09814300556718213
-0.010053966686164383,-0.015261679511569306,-0.007824845497416478,8.093187271180041E-5,0.21419992663671086,0.965514036807229,-3.02179808781753,0.04772821865736188
-0.010158911296622337,-0.015216713018466018,-0.007901963613606622,2.410848997272795E-4,0.22157562123812188,0.8693591710480798,-3.0868249905328224,0.1761928886757733
-0.010192369582649597,-0.015222064442469325,-0.007888242003882518,2.9095484584278037E-4,0.21975994664473605,0.8246784662631833,-3.0824825359693526,0.21507702400640857
-0.01022795232216282,-0.015222841799103663,-0.007882063585461514,3.443556575254995E-4,0.21864425183607836,0.780311637023492,-3.0829699836113877,0.2571004199126014
-0.010264066696478575,-0.01521806231999893,-0.007885341154134924,3.993507947120546E-4,0.21874745123898895,0.7384914931369634,-3.089361291368378,0.30083534138284646
-0.009757522893461558,-0.015264185675867965,-0.0078006937179722095,-3.582031769247573E-4,0.21493671356373725,1.3054371641508864,-2.9486643599024487,-0.2927592753279948
-0.009719223430906386,-0.01528111464166066,-0.007762919728643969,-4.114159230285168E-4,0.21101228512573292,1.332414766138643,-2.916809937036007,-0.33372302667422277
-0.009111848074818648,-0.015348862692846677,-0.007423242393125014,-0.0012285765608605536,0.1772558452697608,1.8395179027844026,-2.5440800400120094,-0.9277098097331881
-0.009157463801390318,-0.015337513100202246,-0.007466068957969697,-0.001174894724954847,0.1818624953838609,1.815558359950017,-2.582506003676224,-0.8915079263384618
-0.009193617681770823,-0.01532292908331092,-0.007509075680406143,-0.0011342956678228946,0.18677140724851968,1.8017929547115223,-2.6177502473410943,-0.8640257472706876
-0.00928254387287583,-0.015331122373773294,-0.007536179904876718,-0.001011144790337424,0.18938902966098284,1.7159573855817387,-2.6627540606286533,-0.7766800107736725
-0.00923394186829463,-0.015332935583802885,-0.00751106151996452,-0.0010757228361678044,0.1862749168399209,1.7563116473729792,-2.632949788259119,-0.8222554443993761
-0.009565839871579943,-0.01531468285301318,-0.007666663906130941,-6.243574500686123E-4,0.20145785402591912,1.462741194912901,-2.820971486478817,-0.49447403069458246
-0.009603729125161713,-0.015307844655871657,-0.007688990582745574,-5.722468375277105E-4,0.2038781115185817,1.4304493997534113,-2.843988961026749,-0.45559398371358284
-0.009405975485216303,-0.015343576239117416,-0.007564007117127104,-8.38076333827998E-4,0.1916279711911951,1.5902665592198932,-2.7171880816839695,-0.6513058110185446
-0.009362157494694805,-0.015357252269518897,-0.0075235854325014775,-8.926452159901402E-4,0.18725302002563346,1.6167723660478341,-2.681630558367853,-0.6903378893078562
-0.009317722888656484,-0.015370547752740353,-0.007482815647572749,-9.471495204386059E-4,0.18300035062528533,1.643036902718217,-2.6457029692882426,-0.7289269748464159
-0.009502494865377832,-0.01534148643419422,-0.007600261287015999,-7.054438692367704E-4,0.19474051622953317,1.4997643397256377,-2.765457460731969,-0.5540911602126456
-0.009542113620710911,-0.015350717433226921,-0.007595660054017504,-6.475808289801358E-4,0.1940027670439134,1.45187301265672,-2.7736942717192163,-0.5110656019166769
-0.009477970707044772,-0.015373272015530315,-0.0075365571925722465,-7.292990815562804E-4,0.1881203784283294,1.4929003370162646,-2.7227809207072333,-0.571075610107997
-0.009439679272561763,-0.015380778120949505,-0.007510846100234759,-7.789882883642694E-4,0.18520740373396893,1.5217135070770687,-2.697605077581773,-0.6072065351015447
-0.008778919592425377,-0.015397766346732285,-0.007142763515177069,-0.0016091192877131818,0.14718690508578777,2.0145357328826465,-2.2805196847681914,-1.1720327722420194
-0.008838132057671522,-0.015379970346080298,-0.007210162504644839,-0.001551097738825998,0.1543227045082867,1.998969009174465,-2.3351213388979697,-1.1379800056334306
-0.00906684483888301,-0.015363678474236732,-0.007374199088479035,-0.0012784534010394455,0.17204898369892044,1.857624548846724,-2.5029522105674573,-0.9603815517873219
-0.009015413930180152,-0.015374508518320743,-0.007327523589163499,-0.0013374414552785492,0.1672208938078751,1.8838471570208954,-2.4607036376743356,-0.9991264584156995
-0.008963055242650753,-0.015383346609852825,-0.007282601908039273,-0.0013974167719622654,0.16239543022795175,1.9113582940648774,-2.4189363170701585,-1.0380948650132877
-0.008905134708398125,-0.01538559469025868,-0.007243833782787901,-0.0014668965815758195,0.15815945002125795,1.9486090321859957,-2.3778642821717466,-1.0832747950770807
-0.00869167539387116,-0.01543021924914319,-0.007032724012738516,-0.0016864654489074284,0.13587867490153138,2.026194997093364,-2.19661640952578,-1.2145926968807415
-0.008641928954763668,-0.015451748074407787,-0.0069650763666379715,-0.0017262384002895883,0.1293553540187262,2.0274498512383428,-2.1478208030144335,-1.2347608107486059
-0.0087448802515812,-0.015443558687856228,-0.007048895493497335,-0.0016174200213425836,0.13818545622685754,1.9809363767509824,-2.2261070020415725,-1.1705606778679967
-0.009679156733841473,-0.01530040414832924,-0.007719831327448415,-4.657334733281237E-4,0.20636991777215316,1.3580077269229667,-2.881295122047461,-0.37516842163044245
-0.009640655007440171,-0.015327779499552085,-0.007661924916555797,-5.148732337761595E-4,0.20041779464109924,1.3734076569486102,-2.837604493985316,-0.4122070041792188
-0.007856775042526383,-0.015366349729441354,-0.006406254952009285,-0.002547469940205616,0.06459866598273079,2.3707735607614357,-1.574719344976141,-1.6583949404933127
-0.00793193873208444,-0.015396058090229876,-0.006442605532389587,-0.002457643989132803,0.06995100905219277,2.3260839133914257,-1.6272728580256974,-1.6142501886716334
-0.008011886927323407,-0.01540763807497306,-0.006503434368642068,-0.002379372227071321,0.07802904530524053,2.299534309073806,-1.6866880826038915,-1.5790988140302433
-0.00767592032385067,-0.015359058846490165,-0.006234099606430067,-0.002692599929039983,0.04673916410426021,2.3893038240894895,-1.4363175167184943,-1.7071607314870347
-0.007785874627722079,-0.015429032907871856,-0.006263020525174213,-0.0025415825705341257,0.05333266952018839,2.3050309655107957,-1.5084352641434997,-1.6339451267315048
-0.0075688306463606,-0.015458516568294084,-0.006018111849629548,-0.0026677898148008364,0.02939679645318805,2.2839188185652617,-1.3458190689710425,-1.661807910879942
-0.007407427717218235,-0.015546942653070429,-0.005770206245039411,-0.0026834094898341007,0.014041674743258655,2.1933935171660934,-1.2308592774622886,-1.6281157362996395
-0.008075033438831055,-0.015447866906582085,-0.006509969970007571,-0.0022881830224132167,0.07889221763434474,2.2400620438115433,-1.7234457276624047,-1.5286295370067842
-0.008163490385422092,-0.015450540586746784,-0.00658498741601827,-0.002206775438198482,0.08925872529633629,2.215903410754688,-1.790032503001153,-1.4915054209617742
-0.008415327284153463,-0.015447496158347881,-0.006799877135897041,-0.001967829825688795,0.11114793172352577,2.1359734095994156,-1.98258090186685,-1.3722737864228491
-0.008261899830331246,-0.015435149191809631,-0.0066903834271487776,-0.002128593438247966,0.09836256472011924,2.20483905408728,-1.8710992861248867,-1.457686009532002
-0.008350309261257419,-0.01545359206877411,-0.006738869979833224,-0.002027636228556367,0.10448741971946497,2.153385678830182,-1.9306021881975945,-1.4025063136275973
-0.008573190866876893,-0.015470771014810725,-0.006887286648808037,-0.001786505246725451,0.12182733824904735,2.0401675002824526,-2.087522594803362,-1.267087053982248
-0.00848548283669022,-0.015478980870242295,-0.006809853694970306,-0.001871933231746724,0.11277745479764299,2.0706650766009322,-2.0190796848588533,-1.3140773157087462
-0.006884011858069685,-0.015547956779567105,-0.0052552130657242254,-0.0029497647658510017,-0.025381329186451033,2.1461942840231143,-0.9181235799452873,-1.657130407571042
-0.007080348743517447,-0.015588241040170387,-0.005414771584459772,-0.002820391157268245,-0.013177764796980171,2.136267994508508,-1.0299753628336035,-1.6324347233980347
-0.007249672025168072,-0.015630146747738723,-0.005540344907238267,-0.002693418186586735,0.0017420790771678352,2.1135725326898407,-1.1289096577621263,-1.5965871940790162
-0.005419864317710425,-0.015724043587821167,-0.0037841710531947175,-0.0031623025034762373,-0.07699073737497862,1.7579669274693863,-0.3755611986078858,-1.4576665235091575
-0.005857233598359395,-0.015754766684604952,-0.004156046667131865,-0.0030632678933241765,-0.06706606656049821,1.8303178788128744,-0.5089115930153562,-1.4961871951870827
-0.005661194431985841,-0.015817462147683457,-0.003954239636660565,-0.0030444291574571935,-0.0673486720715369,1.7641552387101527,-0.459823608016804,-1.454221584744323
-0.004787225712122878,-0.01586154469557336,-0.003210042522615844,-0.003111424878712531,-0.07503145202656926,1.5920915817621586,-0.26222494165391774,-1.3467006785434743
-0.005167780624496667,-0.015969724273039648,-0.003480359158945075,-0.002987999339268931,-0.06633961854465509,1.6212069172406232,-0.35724745964224575,-1.359924029028815
-0.006730251643749643,-0.015675522994967266,-0.0050096552557263715,-0.002888614081078942,-0.03370416064200852,2.0269451708890176,-0.8494804395149901,-1.5881180412431395
-0.006545224801471213,-0.01578905393590166,-0.004758332598865608,-0.0028499815579704334,-0.04003673890332093,1.9251109742751604,-0.7732461497108069,-1.5302790788686218
-0.006070765495636784,-0.015836955164951212,-0.004303364956678876,-0.002943225118119681,-0.05770061232247082,1.825460773259799,-0.5920847421701337,-1.4863351613414384
-0.006328972826435064,-0.01585028875309671,-0.004524584944300475,-0.0028625495647771264,-0.04720150271820902,1.8582035591010972,-0.690879782348921,-1.4951567873015092
-0.01543340439883672,-0.002494145942821009,0.0034297267363250874,0.001577280170265285,0.13684447038129346,1.3049626832181997,0.038512604590859124,-1.1398737401857335
-0.01559677097113367,-0.003001156880214559,0.003334022694050053,0.001916268863354723,0.14106946090510206,1.3465954956448913,0.09203732619694088,-1.1717449480267452
-0.015745393823843403,-0.004046650756175024,0.003234618961682076,0.0026604695609921637,0.15978675684949337,1.4627691528666324,0.23919539384042962,-1.2544493065156506
-0.015696137556433936,-0.0035015794545901428,0.003272407097050126,0.002262867320352415,0.14876244085570722,1.396169475881173,0.15511910009910834,-1.2077741526902466
-0.015493059568049855,7.095784967460431E-5,0.003332151795670944,-4.317071212880346E-5,0.10262028888544951,1.1603822997204587,-2.3170201110846075E-4,-1.0282855941950138
-0.015406199788046882,-7.749088695278924E-4,0.003391999055316865,4.7368174954023906E-4,0.1086062524579091,1.1765756224553987,-0.0011543015066289004,-1.0410661288135132
-0.015661012484526747,-0.0014824033469202072,0.0032491525360296577,9.091517451313352E-4,0.10670308073145297,1.1993152913609348,0.020009629236000557,-1.0589858843410827
-0.01586676485851056,-0.0020525371620127497,0.0031310644472987577,0.0012619321167857177,0.1073397398109621,1.2223492192895995,0.05623844323113986,-1.0769985033850429
-0.016380311529697635,9.043493696940126E-4,0.002802647815054297,-5.326465761773123E-4,0.07137257666919548,1.122851750666529,-0.03210581194476142,-0.9992098840442835
-0.01628533849550369,2.237241131467924E-4,0.002856722725629438,-1.3213130802715398E-4,0.07284190759650884,1.1198253240239264,-0.006775840237161977,-0.996380359578123
-0.022661171338357537,0.00744263760014645,1.1053052029630126E-4,-0.0012295078717327985,-0.10864740938643322,0.1666854847138071,-0.4810241789478234,-0.13874212399894748
-0.02188370558455603,0.006755080791732955,2.409219633718695E-4,-0.0015115976547985211,-0.10818146849312214,0.2758970971122286,-0.4732833624929242,-0.2431842447258923
-0.021026518061031774,0.0057937889393365576,4.7586299901437916E-4,-0.001692408747453391,-0.10136788914817206,0.4339105198670942,-0.4449992915790655,-0.39301214300632453
-0.021675500456711516,0.006128452873803576,3.151915479437636E-4,-0.001496011390305862,-0.1209108636030011,0.33834252901467493,-0.44264457694598863,-0.30561550404827137
-0.020164831875485817,0.0047732182683099585,8.011235011786549E-4,-0.0017233208027054114,-0.08223063138329556,0.6077615600611087,-0.3900247468450731,-0.5539667327360475
-0.020964150336844227,0.0051435239168345125,5.376980727152381E-4,-0.001553145407637062,-0.11532690936386202,0.48058950813441376,-0.39551321939107936,-0.44028645436900643
-0.019216397236403275,0.003721479732126572,0.0012356648510779783,-0.0016107878751820193,-0.04793579330999582,0.788024302589073,-0.3072337755802428,-0.715702863489491
-0.020078564836237326,0.004092293126662926,8.777234383250415E-4,-0.0015178121568246077,-0.08964390084760308,0.6488316543239133,-0.3281299839306095,-0.5946144219189784
-0.01849060566150648,0.0032658448653226364,0.0015931972946395864,-0.00157791456296854,-0.013270461895606961,0.906457790621194,-0.263007378887639,-0.8174134066189416
-0.018086561956164853,0.00264099785203472,0.0018239748211030713,-0.0013431204968071847,0.001526056684820961,0.9645657398811135,-0.19734167183739673,-0.8684973038711069
-0.019277597002988343,0.003114791752592932,0.0012428841931252474,-0.0013385473803433953,-0.05944429693824251,0.7894506915624127,-0.24678815429969606,-0.7205378985838348
-0.01721130498332007,0.0017525478391859737,0.0023188044144937694,-9.745020630146799E-4,0.0394884676909787,1.063770027576431,-0.1036744626290632,-0.9513092763258365
-0.01694100243574556,0.0011898763464822553,0.002476154911846695,-6.746023523895096E-4,0.047532568748573416,1.0792116178259916,-0.060559593244370734,-0.964428599265782
-0.018020282602172998,0.0019644496147868634,0.0018778243983462253,-0.0010039350998585306,-0.001391605753006261,0.9667064750372104,-0.1375343555226418,-0.8721113183840047
-0.023817860975373497,0.006856002790492065,3.525991140856499E-5,-6.191428233426002E-4,-0.18451566051061472,0.10575784865782407,-0.454268969432661,-0.08208160009847641
-0.025,0.006294891520668866,0,0,-0.2828318559179655,0.0014165576478213958,-0.47254364442132596,0.02315696388890721
0.0031975493573781566,-0.018054100097309848,0.0016375237583164685,-0.0018172321429618717,0.03324455269170041,1.0069163766430302,0.2188676169214616,-0.9000045307936256
0.0038738375255256904,-0.018172357203778845,0.0019585119252846267,-0.0017128627080047001,0.03317071453032886,0.9939800195574161,0.28978624871563635,-0.8859570047204456
0.005331386658062485,-0.019301982075546134,0.0022392871637146147,-0.0010541093973895123,0.06473041720008392,0.7535552206902026,0.44564746253793247,-0.6747759245431649
0.004171180122185212,-0.018786833691403458,0.001928423742415989,-0.0013917885082899923,0.05644329342610516,0.8820459045149232,0.3246965848866545,-0.7920946108217802
0.00450563126795849,-0.019442962411638502,0.0018666291943248887,-0.0010845154840885315,0.08128739941289143,0.7622013931630608,0.3517691004927517,-0.6898227302557395
0.0056459031013326375,-0.020140540904525116,0.002011535829953212,-7.2925247037853E-4,0.09194364977505885,0.5971650673594439,0.44364329089907767,-0.5395814108434079
0.006638951902438947,-0.021099479990772472,0.0018479776664277277,-3.876647314808171E-4,0.10385975560546169,0.3988267933161726,0.4799348676054271,-0.35745116845024766
0.005939205334737558,-0.020814332225193473,0.001815647745664417,-5.149748449992824E-4,0.11183598918861268,0.4830700678266796,0.4400156644506364,-0.4380085640640516
0.007697139949617016,-0.022735374113805277,0.0012162102032040572,-9.357039884231361E-5,0.11669728798573484,0.17634878194755665,0.4774551573927374,-0.14793781998648467
0.0069524505841506035,-0.021914354711117596,0.001528023115233054,-2.2348399329255784E-4,0.12072885248659947,0.2896103225823834,0.46469898744959,-0.2584524047106105
0.0012300562366960117,-0.01590037477212644,7.446022173242614E-4,-0.0030975124278139637,-0.04186411502689053,1.186577024221067,0.004363116470122499,-1.0477518492677937
0.0017336340283478217,-0.0165845187669804,0.0010152577734131299,-0.002685280895556399,-0.018618063452403272,1.1579950748605707,0.0547219559353026,-1.0247066798830835
0.002630638402636653,-0.01777618282307276,0.0013887254466769857,-0.001988890184051023,0.025928901345735667,1.039714285571493,0.1614293652251266,-0.9282546633164394
0.0020276338301305715,-0.017332083155844984,0.0011171092198365552,-0.0022485816775330452,0.010570257280640248,1.0837320644987025,0.10318272124682513,-0.9656446781547822
-0.0023508315657497177,-0.015340018632186703,-0.0014837661731371271,-0.0034876257280722013,-0.07397525785764882,1.304676430728197,0.032848341078161175,-1.1393628891319638
-0.00141506999031017,-0.015539668801818242,-8.696973997667083E-4,-0.0033251138306518474,-0.056912893710940014,1.2127030460805897,0.016129320819084973,-1.0689307949921452
-0.0019376920444447627,-0.01575865827547346,-0.0011936578689505002,-0.0031990773900619648,-0.053237256333642076,1.2388237695734026,-0.005360557479179565,-1.0887247418955734
-3.193890514375864E-4,-0.015591110262529692,-1.939826103072074E-4,-0.0032756311862115685,-0.049668016625627164,1.1687190667005913,0.0038405462023018214,-1.034730453474195
4.338885558869294E-4,-0.015818108793069934,2.614769067506468E-4,-0.0031389969460621364,-0.04090332792215697,1.1652777880612069,-0.0011987316362490933,-1.0306711051918356
-9.165984295557966E-4,-0.015992232369078926,-5.508025486727742E-4,-0.003037411248298581,-0.03620061194632756,1.1695083992904218,-0.006413539202171095,-1.0340228190230867
-0.0028139358005947524,-0.01552888254775019,-0.0017904326082156012,-0.003376215437336135,-0.0729229942051506,1.3470890028116769,-0.003641536165147386,-1.1716300418739714
-0.0032253814793742983,-0.015558530452753953,-0.0020783593118680224,-0.0033674065204111502,-0.0762791244335906,1.4012209298196272,-0.02834051267918224,-1.2110139177916666
-0.0036056400993623567,-0.01579101082633827,-0.002324205643619581,-0.0032038690278115814,-0.07124069241669717,1.4204641477229027,-0.09221365287239015,-1.226167617426767
-0.003954433170522099,-0.016182338538387075,-0.002503649389622282,-0.002916005356991746,-0.055949950166515765,1.3934936385134755,-0.1833218481419389,-1.2025675481628395
-0.004417630515965986,-0.016122388933550988,-0.0028534755243966596,-0.0029362641265632825,-0.060747222579772706,1.4660462767910507,-0.23900547807228587,-1.2540283857181354
-0.004194696513161934,-0.0165034702679033,-0.002595728524181423,-0.002679457213107981,-0.04235250657913386,1.3492336452322768,-0.2505708350374536,-1.1654342390879324
0.006995295750975507,-0.023945968414506264,5.636311418554811E-4,-2.719289916938952E-5,0.19543655158930287,0.1159479035252674,0.4567583044624031,-0.09218635831309129
0.0062948915206691575,-0.025,0,0,0.294819269134068,0.026122058077763174,0.4744351283499386,-0.001528115325783795
-0.015078903642145636,-0.011025778286693714,-0.0015789258404148435,0.00781906717462833,0.2968864738983714,-1.1697623539493323,2.649600487016674,2.244598336938745
-0.015066342258401533,-0.011070769576474977,-0.0016504307619123208,0.007810361076897293,0.2984360365825782,-1.21906829310802,2.6220070775461153,2.297245684805278
-0.015081152482526616,-0.01105210921162642,-0.0016142056006933293,0.0077972535948232545,0.29552954572832035,-1.1927891732396803,2.6259580339588884,2.261808460333558
-0.015069880258343424,-0.011124832563549823,-0.001722550953201266,0.007765567254819014,0.2959854292358126,-1.265525540247796,2.5729185670104306,2.3320747161027047
-0.015072903789013376,-0.01109727222685028,-0.0016825163550954236,0.00778015519466308,0.2961282676676937,-1.2390257074759627,2.5943109636399453,2.3076130862452584
-0.015109551557427612,-0.011009375717455082,-0.00153576509262498,0.007775885800202176,0.29073186602035733,-1.1363850025463125,2.637871633963437,2.1887952173143677
-0.01516845859557035,-0.010872617366849385,-0.0013088956155141074,0.007754333488249772,0.28118635093580596,-0.974393250561862,2.6919802536558044,1.9985014463055257
-0.015146249450487106,-0.010898705355270452,-0.0013581572902514273,0.007778951115664705,0.2853475758197889,-1.0110481721246456,2.692246523801473,2.0492279826799575
-0.015135734976521851,-0.010965474599143696,-0.0014580161689619169,0.007757678336944069,0.28633771398916513,-1.08046058542965,2.6508436835226825,2.1182504697376605
-0.015138575338248377,-0.010992479751641348,-0.0014937253842504173,0.00773584594826592,0.28504706136084135,-1.104110719992203,2.6276107416972803,2.1359942765675406
-0.015149814651094119,-0.010937456718496016,-0.001410414984603517,0.007749919377172009,0.28373181165007,-1.046334333172167,2.6603878408482724,2.0767848074833832
-0.015215374095167922,-0.010545991055287954,-8.184089854936884E-4,0.007817455553005798,0.2739770069300317,-0.6199362598552776,2.8526522998264787,1.6389522340346017
-0.015228378433841403,-0.010518205567078658,-7.734429597856633E-4,0.007803130404833673,0.271235931557854,-0.5859554450699188,2.8542048075587165,1.5968990848052849
-0.01526016582382235,-0.010486312398577946,-7.171078436823442E-4,0.007755475418384211,0.26537094395482774,-0.5421588773573425,2.838233653548308,1.5311747441541732
-0.015181274421727755,-0.01059941773383423,-9.093043344025381E-4,0.007860196808088712,0.2805443799432447,-0.6892087917061431,2.856965271801649,1.7308182352089518
-0.015217641503453484,-0.010573838937191708,-8.582241363901277E-4,0.007803416472652243,0.2735051587342971,-0.6489379307941898,2.8352961880176455,1.664085739163683
-0.015194601644329448,-0.010637122205873957,-9.591610200361532E-4,0.007820868493728206,0.27794612689943193,-0.7243106205895785,2.821862144649762,1.7522415490146066
-0.015201210516747374,-0.010671402806516704,-0.0010060619289636028,0.007794583420551553,0.2764691425417358,-0.7575604689263469,2.7949453541821327,1.7772951537632056
-0.01520244512487225,-0.010698873622432785,-0.001045031597465874,0.0077803899307098525,0.2760220582507721,-0.7853210495322329,2.7769596878075022,1.8015785463208016
-0.015219546940918606,-0.010716462237878407,-0.0010624967297988505,0.007741897214517046,0.2728988433379876,-0.7960890379425626,2.750105322366911,1.7976238111481528
-0.015286415087749004,-0.010462195331001197,-6.747044949133126E-4,0.007715203588409979,0.26061932965667556,-0.5092892944056254,2.8233361812616895,1.4803107496071097
-0.0152922866186594,-0.010488724422329659,-7.109324567833166E-4,0.007696944315180495,0.259291580638515,-0.535656075165731,2.805074945457625,1.5008402594400239
-0.015184598073650675,-0.010766855701448983,-0.0011506388400128898,0.007780759793222886,0.2791905606733689,-0.8621501536076375,2.750118397000643,1.8854739977465103
-0.015220413666807065,-0.010746709504249448,-0.0011049388922388388,0.007726500618299309,0.2723490218260376,-0.8261911145887427,2.730377336502425,1.8241515581882464
-0.015179402355131339,-0.010810155871884853,-0.00121485967794699,0.007768310931249892,0.27979694477779044,-0.90780841268604,2.725840320736837,1.9305216097101552
-0.01518413540435527,-0.010846989367012973,-0.0012643511112042812,0.007740560065789446,0.2785087479839187,-0.9416471944325305,2.6963228798500536,1.956642058382166
-0.01520305173733262,-0.010870949875618393,-0.0012875786144402113,0.007694343055103011,0.2742547792133044,-0.9556504796760393,2.663141671963563,1.9534636596822654
-0.015319895101228038,-0.010299541542249963,-4.3363751185290566E-4,0.007692628594164986,0.25314663199805393,-0.3275688338206209,2.856440107625972,1.2818653759548806
-0.01529631591633484,-0.010427650871787405,-6.225385526787759E-4,0.00770680293100441,0.2583566694646999,-0.46995218661347554,2.8290351080732665,1.4356692591893474
-0.015299729389762024,-0.010382591432366344,-5.5704314893258E-4,0.007711815728025477,0.25749220509344267,-0.4211870250667265,2.844804692391655,1.3866301159345273
-0.01533701451012978,-0.010351773817932066,-5.048006408563452E-4,0.007651771539027332,0.250766754493522,-0.3801105145025611,2.819396695655836,1.320282919144362
-0.01544184426838815,-0.010052536961335774,-7.407805192427326E-5,0.007500955200935757,0.23040949581253628,-0.05111760497347894,2.798695769479447,0.9270750482644613
-0.015383276228060171,-0.01021353834047201,-3.0208761194795063E-4,0.0075923630848915786,0.2415741622359655,-0.22597571619398193,2.819285753525771,1.1385684170621315
-0.015390851631947259,-0.010177928218808608,-2.513168795134201E-4,0.0075829060673464534,0.23984539869259963,-0.187323040554242,2.8216371857192954,1.0955318532664442
-0.01541245694428211,-0.01015000047087268,-2.1038518155122102E-4,0.00754732134974878,0.2364487349132612,-0.15542424369955007,2.8068438766329895,1.049602987589713
-0.015426779424099353,-0.01010681317798977,-1.4952731231145428E-4,0.007525144992063638,0.23353671920308347,-0.10890387561308812,2.802673284339686,0.9942691412240796
-0.01547481725907234,-0.01009750860388311,-1.3430334848545388E-4,0.007442101375814368,0.22630135731034207,-0.09647975090646718,2.7559063316600487,0.9510995539701284
-0.015368851929400457,-0.010261331539639774,-3.712212260577708E-4,0.007611424164514638,0.24465182622337173,-0.2786440216609403,2.8192497083919403,1.1998549200034858
-0.015519245146928269,-0.00962695059849554,4.911265093893875E-4,0.0073258030664444885,0.2135348986104764,0.3833566918998899,2.7489104195779794,0.4371599615060327
-0.015546392197817623,-0.009558458702940063,5.73562994991088E-4,0.007264325933431707,0.20860127564261502,0.44615308714349305,2.716602464354615,0.35559831827539756
-0.015542446726967498,-0.009687425923413918,4.076011382728476E-4,0.00729880538354389,0.21132122673291384,0.31864366576203323,2.727194996681859,0.49007389658956696
-0.015493341260914024,-0.009736168204061618,3.5169127222744594E-4,0.00739031535691717,0.21872471133230573,0.27617522358543906,2.777785171829084,0.5636730036803849
-0.015486629524830655,-0.01000375691642737,-7.216863323829068E-6,0.007423748785246675,0.2233703882288113,5.695273710974456E-4,2.7615108846156216,0.8469864873791996
-0.015501352094337617,-0.009800764245099286,2.643567787597785E-4,0.00738558768555233,0.21812971312861631,0.20911042575021346,2.7676011525790933,0.6274316846325673
-0.015493313574667041,-0.009851939430970194,1.9680488260346053E-4,0.007404796254399533,0.22053235327223525,0.15708607964758906,2.7727661041775775,0.6852618480230409
-0.015511625165373,-0.009900289504635174,1.3067304371070282E-4,0.0073772563769923345,0.21818142033067064,0.10623461051342674,2.749748439040292,0.7254010818506716
-0.01553101917193489,-0.009956034340408431,5.571314530128967E-5,0.007346938772399871,0.21688187692292418,0.04918207639535214,2.723657318777029,0.7711028530245022
-0.015615976114171131,-0.00950172335539772,6.269585890400011E-4,0.007135188437721534,0.19964774448902514,0.4850476419240937,2.641625226989532,0.2748280875656896
-0.014954901629726132,-0.011365964254736021,-0.0021407078006666774,0.007766186036729878,0.31145955618707827,-1.5484472355903725,2.426452794235065,2.6646400677028024
-0.014976149011871982,-0.011356436976857452,-0.0021091836079130456,0.007738880526294276,0.30715432933840164,-1.5247501590844958,2.4226875310930214,2.6250857641832264
-0.014987875939009155,-0.011330064563103646,-0.0020642063330006274,0.007742238139277132,0.305742548399007,-1.495145785113393,2.4412017833417177,2.591149589246125
-0.015038530858174286,-0.01117077283304812,-0.0018087832123693647,0.007785644510589171,0.30127438931305345,-1.3264604866054353,2.55577560459728,2.4108016715224996
-0.015042634099539416,-0.01120253201441314,-0.0018487567806699551,0.0077540265232704944,0.29922089088298304,-1.3510653273800515,2.524129312903731,2.4264576707448575
-0.015040715908292477,-0.011231603128397953,-0.0018893562376305574,0.007734403755400993,0.2985229996929873,-1.3769234858534374,2.4989759879950655,2.448632670866185
-0.015034012922363005,-0.011257684102514506,-0.0019295414404179466,0.007724851567404178,0.29891634962973496,-1.4032118062869847,2.4795606676074233,2.4755498819968866
-0.015026189335745217,-0.011312057142979628,-0.002007781250284475,0.007693098756003167,0.29838057540608703,-1.452789664807158,2.433837119829436,2.5211031825176184
-0.015049581748221814,-0.011281575127645728,-0.0019484183045421334,0.00767907862047251,0.2945417668458454,-1.4118498223113087,2.446951234956495,2.4672716122368477
-0.0150702565136562,-0.011155611649841753,-0.0017642032634273951,0.007742255900239098,0.29499363759285835,-1.2922996222068084,2.54583725451576,2.3534276712742987
-0.014645573406076938,-0.011924303371625733,-0.00316686524098507,0.007645335395101969,0.3405150792282763,-2.171742232365276,1.9144150715196873,3.404412370278451
-0.014651880857423293,-0.011909749950178461,-0.003142527832231392,0.007654769152605025,0.3406098347341871,-2.1590827955092844,1.9315642909572113,3.3911548628913715
-0.01465805982247611,-0.011895061777512596,-0.0031181413681470407,0.007664396547208771,0.3408449309992135,-2.1463590401588437,1.9487753466411244,3.3779515538002607
-0.01462697224917256,-0.011967820987387476,-0.0032389085256114684,0.007615720183327324,0.3403093354846129,-2.208424913020551,1.8624267220641018,3.44237626052001
-0.014639322136375916,-0.011938787802611808,-0.0031909900982017747,0.007635736016428044,0.34050543686933704,-2.1841673250138247,1.8972255692653126,3.41736399702537
-0.014633162453946255,-0.011953292676723537,-0.0032149514469480243,0.007625805078001061,0.34044267816313306,-2.196352286549988,1.8798912550750366,3.4299401581381592
-0.014620715357967736,-0.011982351286141698,-0.0032628850093149447,0.0076055623694385385,0.3401908024660385,-2.2204171898482534,1.8448564951626505,3.454741739507735
-0.014719682667547378,-0.011817140460817707,-0.002952245877860891,0.007668074229554592,0.3334815052815263,-2.0488129657250975,2.029700493998757,3.2502850289933254
-0.014714210619629998,-0.011831960726272593,-0.002975993948601768,0.007658330018487637,0.33335134712724995,-2.06153507517983,2.0131854497567,3.263089214426848
-0.01470814928564766,-0.011846356200670682,-0.0029999160949523156,0.007649845524432693,0.3333934549496496,-2.074487284187685,1.997217342385728,3.276749501622118
-0.01468641502232877,-0.011863271246563766,-0.003046245508766452,0.007661854125218469,0.3368272206760627,-2.1039214692278083,1.9817435430053543,3.3202942939396536
-0.014681074444069499,-0.011878182421541835,-0.0030698362832424875,0.0076511607543624455,0.33657098404642394,-2.1161691913278804,1.9645299551896016,3.332297549450059
-0.01470286543790818,-0.011860844815718502,-0.0030229192379449443,0.007639899245488087,0.33322463215818887,-2.086598037976341,1.980825655706617,3.288789645756481
-0.014675386521529577,-0.011893191061904234,-0.003093895641385702,0.0076407026405833365,0.33638218172637496,-2.1286521733673074,1.947173212394466,3.3447734750364426
-0.014614466536631473,-0.011996904582103665,-0.003286803644005954,0.007595194066594536,0.34007868424176474,-2.2322560682515906,1.8271483497728622,3.4668867017971965
-0.01460822175123956,-0.012011472237638711,-0.003310658025322361,0.007584632751726037,0.3399033299841854,-2.2439399740043107,1.8093189718331073,3.4788154977796317
-0.01458903519730321,-0.012054826312342485,-0.0033820179385742268,0.007553066221173993,0.3392216899231062,-2.2784366155549196,1.7556630105092441,3.514265354899243
-0.014595507122008208,-0.012040451754539076,-0.0033582809565126212,0.007563541643561675,0.33942737341684254,-2.2670319675886144,1.7735554590508347,3.5024975935868423
-0.014601909492495098,-0.012025999193893544,-0.003334484581939596,0.007574055839112748,0.33966962797331507,-2.2555264580204164,1.7914414607200506,3.4906693059386753
-0.014582551574464189,-0.012069158566913043,-0.0034056545877445402,0.007542499246520915,0.3390372910972554,-2.2896878825052878,1.7377215486480804,3.5258552854700915
-0.014576071315709344,-0.01208349634633723,-0.00342921844113334,0.007531754723700723,0.3388315833545888,-2.3007820011764655,1.7196742519903534,3.537232734982123
-0.014569527330609738,-0.012097834896035975,-0.003452795790395187,0.00752093342234852,0.33859668425348977,-2.311787970820731,1.7015290652479635,3.5485292534929553
-0.01456290848524517,-0.01211214996743878,-0.0034763776992718224,0.007510084028765255,0.3383764066174415,-2.322711568468947,1.683313860818588,3.5597692244932477
-0.014519841682949522,-0.012170342716835208,-0.003594625296536397,0.0074858948185837415,0.3386081278116358,-2.3837859324638426,1.6058391937326189,3.636054128388126
-0.014503870314936747,-0.012171440118039542,-0.0036189767298114538,0.007506334784402218,0.34853473401840845,-2.3977862842559254,1.60730538994053,3.6644983297046436
-0.014513046997987444,-0.012184535718852653,-0.0036180627057965918,0.007474490925956847,0.3381372888093996,-2.3940803107995063,1.5870332301766308,3.646594896570965
-0.01449702627543871,-0.012185578797026964,-0.0036425412428099974,0.00749492797756485,0.34815936076926685,-2.4081960315229822,1.5883708526522244,3.675073768148637
-0.01455628852605926,-0.012126459074314621,-0.0034998785009265694,0.0074990795853480665,0.3381582525984868,-2.3334763823698186,1.665010487058197,3.5708025648293638
-0.014549662423332074,-0.01214077819702597,-0.0035233195285848703,0.007487904931476588,0.3378800045448687,-2.3440897157733196,1.6466021112111535,3.5816344775367814
-0.014542937488004249,-0.012155069847567585,-0.0035467948408851014,0.007476739882961841,0.3375782353766526,-2.354643946719584,1.6281273421510676,3.5924542882021657
-0.014536135769485916,-0.012169304707361777,-0.003570246759566557,0.007465595529444939,0.3373441563080273,-2.3651110071266532,1.6096198786448073,3.6032260536792466
-0.014909339944076226,-0.011502422713829815,-0.0023602286670217527,0.007713223941123955,0.31397445933595675,-1.6862649771007774,2.3114350645870707,2.8099931201233375
-0.01489416808884573,-0.0115470231725021,-0.0024315673830910827,0.007693366679473345,0.31452461082039046,-1.729657239215882,2.271562488959009,2.8553328523713764
-0.014907141738248558,-0.011523146609873592,-0.0023885783671594167,0.007696261468891535,0.31318266119511634,-1.7025530624769132,2.2905207753702377,2.8231280480671046
-0.014927796508099582,-0.01149011710311901,-0.002326556788192892,0.007694979355572176,0.3106060049852106,-1.6623970994638826,2.3146349405809534,2.7734815428818327
-0.014952320785850065,-0.011389357972752716,-0.0021737556107378976,0.007749304055405034,0.31073031086470565,-1.5685638818785923,2.4044246255784105,2.681867550561574
-0.014956315406351055,-0.011421179618169228,-0.0022113966648485144,0.0077133513106904675,0.30817332953081206,-1.589508454470364,2.3697973273220168,2.6925056049928844
-0.014950869295818826,-0.011447130606998675,-0.0022497981441423347,0.007698133893321176,0.30792980355880634,-1.6129568065297597,2.3464376622084266,2.714687995788586
-0.01494168871841605,-0.01147071956451503,-0.0022885659556476316,0.007690873163897602,0.30860751746230747,-1.6373600758086935,2.3272801798851006,2.7413647102391283
-0.014768645901178162,-0.011684306413624095,-0.002736590175855705,0.0077480675144346875,0.33372217603658777,-1.9287872996914592,2.172428076428264,3.127410526514707
-0.014774515927917205,-0.011669783771380074,-0.002712137729827316,0.007755159028424116,0.33350405427656943,-1.9145621541341364,2.187205810484963,3.1121700134969603
-0.014777274587646636,-0.01169638825489237,-0.002741429461582965,0.007720511158300315,0.3306400336380937,-1.9280092863712768,2.1548637286375705,3.1152108464347057
-0.014789767288304303,-0.011667629365433963,-0.0026923041916293547,0.007733112090071635,0.330046211582967,-1.899224889022539,2.183577381088818,3.083660614971333
-0.01480105710531535,-0.011654325972585417,-0.002663408782165724,0.007729855756910507,0.32838974873023113,-1.8807485821918761,2.1943876945847376,3.058897781242694
-0.014821353711180705,-0.011646117220352295,-0.0026309668582144806,0.007706362824216218,0.32431250486293134,-1.857351902336493,2.1953350167944525,3.0198660879598975
-0.01484004615012139,-0.011638409707861948,-0.0026011978977160473,0.0076848431899659295,0.3205334758783418,-1.8359222765724772,2.1960442599619587,2.9842254915963893
-0.014850356367291342,-0.011610298630121257,-0.002555656432977601,0.007698477169933979,0.32034669408172806,-1.8090379332878983,2.222980307210447,2.955990881384817
-0.014851873408913089,-0.011627603290018265,-0.002575274983358108,0.0076775597681441685,0.31849474986743403,-1.818715322557799,2.2030075146807153,2.959723887728859
-0.01486412216957389,-0.011599633226537856,-0.00252794062907862,0.007687602592922992,0.3177319263828082,-1.7901919053463025,2.228567902084481,2.9281252034799317
-0.014884253749579971,-0.011593452568192664,-0.002499267610779283,0.007661709935988259,0.31360410407710354,-1.7689010619021002,2.225983500483155,2.891250716385034
-0.014912239392812816,-0.011576206635493988,-0.0024493265039221917,0.007634551230397925,0.30859189564576145,-1.7339366384919421,2.2314329964474475,2.837192894283817
-0.014768198660159292,-0.011741262536738004,-0.002805642241464731,0.007683134478074674,0.3289246869602778,-1.962231617422178,2.105356522281282,3.1440343642923074
-0.014772272494430297,-0.011725601154165984,-0.002782288019853612,0.0076948897487878086,0.3293243916021024,-1.949594651738382,2.122382168438913,3.1325125325738328
-0.014775257036394365,-0.011710120832736764,-0.002760304478924834,0.0077079998023591905,0.32993684782977023,-1.9379190696148034,2.1394998985765343,3.1228254999477283
-0.014763570529573554,-0.011756813279219845,-0.002829417419884588,0.007672213236059106,0.3286511751069698,-1.9751740205868538,2.0885516707894456,3.156342169033189
-0.014758090496993004,-0.011772542860359099,-0.002854319467360606,0.007662237190644016,0.3285330971767629,-1.988865168913369,2.071705332294354,3.1700529867193548
-0.014738878998669611,-0.011800812002443217,-0.0029101131136607832,0.007658277049818625,0.3304572855115207,-2.022039961122159,2.0438690114645373,3.2115066962172323
-0.014736127647069427,-0.011814554063906359,-0.0029292929804184092,0.00764594097570234,0.32981366853673105,-2.03171708074898,2.0281708736508146,3.219245889964261
-0.014750889896063726,-0.01178954078041343,-0.0028826669281022403,0.007653227504613107,0.3286817011434306,-2.0047033700851133,2.0537560650533986,3.1869913607088374
-0.014404041361879701,-0.012367365557503276,-0.003945486754540643,0.007339972194191612,0.34452794750894716,-2.5316093075374884,1.3363993630178903,3.802009405096147
-0.014412680380416196,-0.012380936391651545,-0.003943140265802249,0.007307896854812955,0.33306894701539486,-2.5257888649033435,1.3173384445390788,3.7819991179672265
-0.014396582438974286,-0.012381189378714533,-0.003968522022731034,0.007327543127405357,0.34391176776465354,-2.5403106671608406,1.3165624724459832,3.810711303709048
-0.01092792176776825,-0.014988183343169181,-0.008047786274191102,0.0014970434887531389,0.23402059901807148,-0.03902434050316212,-3.221806615277376,1.1996997616160394
-0.01094383121327755,-0.014983755345403455,-0.00804562062771595,0.0015236533405327017,0.23381240386702382,-0.059481602048770794,-3.219555928975532,1.2213473255296285
-0.010956763457752573,-0.014978252285005371,-0.00804723593769847,0.0015465520819934143,0.23409600412786974,-0.07582008148010815,-3.2199862029351864,1.2403213435128009
-0.010875522854270169,-0.015036807109896863,-0.007990460036702273,0.0013888663082759886,0.22741132649400683,0.020898563685337105,-3.184740626871886,1.1056702887057763
-0.010855528662779087,-0.0150599218065893,-0.007959675954603276,0.001345722018536699,0.22396197386385877,0.042150374832758276,-3.1645118037725193,1.0676926008809264
-0.010869997248051693,-0.015053309219951747,-0.007963377733832483,0.0013709136378882367,0.2244713645448504,0.02471932075814533,-3.166586309274348,1.0885592703758302
-0.010899624826546122,-0.015010168659024398,-0.00802498703663676,0.0014409097296749758,0.23136676564115508,-0.005591008996963666,-3.207392643982932,1.151526883440983
-0.01092252131651824,-0.015007308688908469,-0.008015880690956621,0.0014767499133610947,0.23049837866339776,-0.035359088900861084,-3.2002147021454554,1.1800070280644395
-0.010895042945610186,-0.01503443679566368,-0.007983038914243129,0.001419176259380138,0.22662574445325304,-0.0042386345589917095,-3.17901659368332,1.1297592426616252
-0.011010361448050345,-0.014956021845693284,-0.0080514241415418,0.001641375222492818,0.23494123611228332,-0.14415137697281724,-3.2195746409354142,1.3188091639111568
-0.011026105047956612,-0.014952695564579331,-0.00804631989706653,0.0016670128647762754,0.23451888379944116,-0.16471046040007298,-3.214971358909938,1.3393881045824456
-0.011041273279851327,-0.014948462621079375,-0.008043114990397907,0.0016924287842957143,0.23430922293915413,-0.18439903688300882,-3.211645754355247,1.3599814922449325
-0.011056592859534085,-0.014945029165133211,-0.008038157765068573,0.0017174616122821315,0.2338973927992092,-0.20438511390770045,-3.2070447027880813,1.3800862332217123
-0.011072009959054115,-0.01494116858766207,-0.008033733633370925,0.001742924942448889,0.23354868552124444,-0.22444300447223595,-3.2027450234108383,1.4005924541518946
-0.011085231476722131,-0.014935840037582006,-0.008033473387652416,0.0017662747119250165,0.23369144902607872,-0.24148905262374956,-3.201423777130343,1.4198125956359515
-0.011133810080659204,-0.014928290436786012,-0.008009513145122353,0.001842644374655448,0.23168752768434273,-0.30491688265402717,-3.180369815676878,1.4801026657169354
-0.011118667963585014,-0.014933413600816995,-0.008012138686162898,0.0018167434922281773,0.23176157159611074,-0.28533735405150823,-3.183688968246653,1.4590523634320152
-0.011101271881268327,-0.014939165083944612,-0.008015174134020519,0.0017870861327782326,0.23183416499278447,-0.26286029831976543,-3.1874380949965224,1.4349577643769986
-0.011231016880859174,-0.014890892324393085,-0.007996352231154682,0.002012621606283104,0.23185404918963703,-0.4309547584092755,-3.1600904975573303,1.6187618921906086
-0.011215517379969987,-0.014894635685333097,-0.008002939429764487,0.00198739709098433,0.23227987333407787,-0.4108259933897734,-3.1665730401334105,1.598735406390933
-0.011169070813177825,-0.014905747343212794,-0.008021804438504976,0.0019116230498127517,0.23357504970157697,-0.3503478087251541,-3.1850068154897753,1.538415511046649
-0.011184608594398925,-0.014902170362479138,-0.008015419390479941,0.001936899442301001,0.23309940628158962,-0.3706045179854187,-3.178855311098585,1.5585323322311184
-0.011200074795230228,-0.014898402474294732,-0.008009259343212389,0.001962187931351278,0.23269780426993705,-0.39074056997751305,-3.172800390290138,1.5786774625665705
-0.01114903698083871,-0.014924432070991863,-0.008004356751371263,0.0018676500150825992,0.23134240774076317,-0.32467354059750275,-3.1752480118485003,1.500139684045866
-0.011164270747755322,-0.01492225917537409,-0.00799599308819812,0.0018912664115954645,0.23066345867273555,-0.3444214991167747,-3.167894143444997,1.5186232974288663
-0.010973677589252521,-0.01498175264393747,-0.008029417585247188,0.001569295381541561,0.23219298183213072,-0.09890786364515292,-3.206831881898012,1.2572645498850707
-0.010989116411633486,-0.014973160166222969,-0.008034699679927827,0.0015979886718972415,0.23294672428844848,-0.1181665456973974,-3.2095009228708236,1.2813934224944508
-0.011005443461177815,-0.014972479044635504,-0.008024630786401072,0.0016225449321012706,0.23188398278963376,-0.1396962471070556,-3.2015825047916793,1.3005556200064978
-0.011463611487066238,-0.014811102054037127,-0.007916634236161164,0.0024083397524098126,0.2299577608977967,-0.7328131410996511,-3.0671997946750458,1.9354914712961009
-0.01147866976619647,-0.014806361842543499,-0.007909267047975168,0.0024332515119205784,0.22969116904727147,-0.7520731886940087,-3.059169078641873,1.9549877558419653
-0.011515176111420448,-0.014764896782867472,-0.007941350837479419,0.002525272640278757,0.23806928535841612,-0.8079386227867266,-3.070990056848327,2.0385032868038975
-0.011511885820379123,-0.01478055791212457,-0.00791801450069015,0.0025040889185683024,0.22920145514554416,-0.7964094921640889,-3.0592627998005315,2.0130968278838357
-0.011560015631407591,-0.014750405375308927,-0.007917192608824803,0.0026000223516027816,0.23903911340725356,-0.8655745888053131,-3.0446419530074507,2.0968480190442413
-0.011556871603857433,-0.014765997380072232,-0.00789420520444785,0.002578695890537937,0.22818822599402352,-0.8540906889936549,-3.033023423635018,2.0712566837624955
-0.011545084353673888,-0.01475528278234136,-0.00792532232500861,0.0025751345791754543,0.23856027688114426,-0.8464564832702255,-3.0534705814503043,2.0774895642842077
-0.011530137799930005,-0.014760113266848321,-0.007933380277450629,0.002550201938534862,0.2373286627432227,-0.8272312249286546,-3.06226988838837,2.0579988020909363
-0.011526890710472108,-0.014775758387728178,-0.007910151099020822,0.002528969497295393,0.22914885818366693,-0.8156742801503364,-3.050659770822104,2.0325062994005765
-0.011541899259476003,-0.014770918484160324,-0.007902179080115604,0.002553840030000058,0.22875360808656972,-0.8349049561150058,-3.04189494588098,2.051867873018805
-0.011493697965980529,-0.014801534659845106,-0.00790190392242303,0.002458162899856031,0.22942225040429817,-0.7712722960623473,-3.0510842272443734,1.9744646227501923
-0.011508693941609985,-0.014796641639753673,-0.007894510998704933,0.0024830502107071628,0.2291219610607342,-0.7904075591549864,-3.042921409453323,1.9939008781105014
-0.011693686304088879,-0.014704405031812397,-0.007840517622290983,0.002822825011608593,0.23652364197213624,-1.036012964928816,-2.9587765695197805,2.2682126333466495
-0.01169109371742308,-0.014720245915487045,-0.007817704776999087,0.0028007513131041353,0.22576648950126635,-1.0237284600733203,-2.9479516948763407,2.2422941994131182
-0.011678898899739066,-0.014709702589809144,-0.007849343935139903,0.002798187838426598,0.23672292034049272,-1.0174480271185662,-2.9687306668907003,2.2492088753115644
-0.011676291780251669,-0.01472562270358023,-0.007826298193435615,0.002776123857822296,0.22603583352249235,-1.0050418689077978,-2.957754174785784,2.2233591641411388
-0.011664094939289061,-0.014714953661811803,-0.007858100827140746,0.0027735002216160657,0.2361781400292399,-0.9987933508353971,-2.9786670858437234,2.230048859050474
-0.01166143195870868,-0.014730950890899269,-0.007834863042226846,0.002751425948937239,0.22654736175241816,-0.986267608477862,-2.9674479032069083,2.2043837481816655
-0.011649274565685586,-0.014720158197241128,-0.007866789715684764,0.0027487574147923573,0.23478016596788545,-0.9800131486323279,-2.988576695497849,2.2107882194742694
-0.011242553702378852,-0.014904065888883024,-0.007962998698537017,0.002017556777109207,0.22845988361714295,-0.4453878013832268,-3.1358759346527063,1.6187629987242815
-0.011353141809153191,-0.014858832147824389,-0.007942753118464404,0.002211958830224615,0.22879364894412565,-0.588575766375579,-3.105520974991998,1.7764450171659283
-0.01136876865956521,-0.014855037279728625,-0.007934563518775696,0.002236941464139927,0.2283119577593378,-0.6085326614547054,-3.097341967128876,1.7959406816374976
-0.011384310831186928,-0.014850809759215685,-0.007927027240668981,0.002262161007888772,0.22791345376153135,-0.6283958668807806,-3.089550697307685,1.8157128369666358
-0.011399716207417488,-0.014846437406329646,-0.007919694151816953,0.0022872804038223307,0.22755624567399949,-0.6480729410038601,-3.0818533591806734,1.8354220500987382
-0.01141503162318682,-0.014841997678430413,-0.00791238700059519,0.002312292032046059,0.22721567136668067,-0.6676125961239556,-3.074123071336196,1.8550356908818486
-0.01143027976775826,-0.014837485810468072,-0.007905093660821705,0.00233723260775098,0.22688830626608417,-0.6870430599235205,-3.066346881854527,1.8745806333109145
-0.011445464882961526,-0.01483288431072878,-0.007897841147586853,0.002362126784202584,0.2265776457515589,-0.7063728487048407,-3.0585422956897683,1.8940806240577615
-0.011460591599618743,-0.014828183456793181,-0.007890642128433564,0.002386992727254513,0.2262876883728064,-0.7256106732392151,-3.0507178217802564,1.913552710042046
-0.01125441481469299,-0.01491751231221576,-0.007929039720089105,0.002022557921184208,0.2249970172281108,-0.45982528711606613,-3.1113364353744895,1.6187004061480186
-0.01126996524951532,-0.014913150232614624,-0.007923221458394162,0.0020479442225687042,0.2246850651135299,-0.47962152787985096,-3.1052439388856716,1.6388502155538844
-0.011285451618282323,-0.014908260364656353,-0.0079182023337796,0.0020736694433159133,0.2244711014508213,-0.4993495590229244,-3.0996348620812095,1.659368609463056
-0.011318049851005917,-0.014881847564684664,-0.007935131441835918,0.00214236381364296,0.22708073870060827,-0.542335524026882,-3.1060548447540612,1.7180836303140452
-0.011332960842499835,-0.014879060339696723,-0.007926326454896252,0.002165430291291477,0.22647698209604758,-0.5612481827542628,-3.097760246508265,1.735928078647669
-0.011300387219590839,-0.014902277997850037,-0.007915396708989754,0.0020995838547253776,0.2245004261284019,-0.5184598751584324,-3.0955289032442654,1.6803106203645866
-0.011312707877325374,-0.014896152050283756,-0.007915018497335087,0.0021220340256695412,0.22476597715606744,-0.5343362729118039,-3.0933909348161848,1.698715140311058
-0.011348806502515883,-0.014875098703639716,-0.00791853739806847,0.002190796691737086,0.22604557493569288,-0.5814183661411153,-3.089919090425379,1.75580526581383
-0.011708457009234034,-0.014699061038930981,-0.007831622765470678,0.002847410006243167,0.23516186298069686,-1.0545265361096114,-2.9487831530423065,2.2870110966815522
-0.011705848013588349,-0.014714843769384527,-0.007809036982518028,0.0028252944284386096,0.22578983620861134,-1.0423060108844273,-2.938027334329107,2.2611541372340223
-0.011723210871918575,-0.014693670662807697,-0.007822655834394926,0.002871953013800477,0.232951925195386,-1.0730319059429136,-2.9386967379851074,2.305614309803195
-0.011720577212591706,-0.014709441993979123,-0.007800230950566888,0.0028497496893936975,0.2260961868003497,-1.060764839955797,-2.927964986720557,2.279891644906566
-0.011737947748741227,-0.014688233955621806,-0.007813608698086286,0.0028964763153445545,0.2309910641166253,-1.0915506601008702,-2.9284520780709165,2.3241080210996854
-0.011735315457245639,-0.014704048971219666,-0.007791235376873747,0.0028741445121460113,0.22644279810730436,-1.079120583324687,-2.9177492072844315,2.2984778090588587
-0.011752667496161624,-0.014682750970092102,-0.007804474482942944,0.0029209981669694155,0.23008901801801585,-1.110065387286328,-2.9180045508192767,2.3426017587503654
-0.011750086378475558,-0.014698644257357006,-0.007782053507261903,0.002898526015320164,0.2265563047809219,-1.0974102486021058,-2.9073837417047455,2.3169337822340315
-0.010300643973983512,-0.01520271141447435,-0.007907413473008622,4.571857008562633E-4,0.22062782517538898,0.7017440419718107,-3.1077392187403983,0.3477441866314371
-0.010338564894402972,-0.015196073016216822,-0.00791200606378781,5.157411546442178E-4,0.22103705395097828,0.657849256522211,-3.1145285921288433,0.39455849769173296
-0.010380318320190946,-0.015169722547969354,-0.007951643665415752,5.851051622314673E-4,0.2249571455196178,0.6189457286844716,-3.144422144091441,0.45206988904317763
-0.01036568407086797,-0.015190064125091843,-0.007917046204403247,5.579947819267226E-4,0.2213448824083621,0.626854275889826,-3.1203784583634895,0.4285865160271437
-0.010405223016863209,-0.015172021629804544,-0.007940898811717402,6.222753948390076E-4,0.22347066871712148,0.5859669410229817,-3.139458009891017,0.4812310755241575
-0.010780733475836336,-0.015059716060377513,-0.00800156315295863,0.0012346133676813512,0.22847667765888177,0.14026035595526742,-3.194255606127061,0.9807030365954539
-0.010763583385917765,-0.015069083649107688,-0.007993152192574975,0.0012039910998009682,0.22753178523513293,0.16026958279686912,-3.1886697751491866,0.9550331629633887
-0.010731801487956244,-0.015072657491807924,-0.008002639763117799,0.0011544428100043198,0.22869756102561525,0.20109812726701567,-3.195080157273065,0.9154487341524032
-0.010748016850989806,-0.015078203799150772,-0.007984174457039183,0.0011760005026489736,0.22648346818574233,0.17810471822021218,-3.182631782934966,0.9315283615381142
-0.01071450055302714,-0.01508539497877161,-0.00798737450776407,0.0011221815140387249,0.2269868519647911,0.21991591057249008,-3.1846503387864256,0.8879860110213077
-0.010430849695752805,-0.015168662369678867,-0.007940159659966452,6.619688136617026E-4,0.2232006813272054,0.5548302210568067,-3.1410213131192477,0.5130957611429602
-0.010461383510686302,-0.015158110802177402,-0.007950968820666267,7.112670257661418E-4,0.22418522328865212,0.5207781867943791,-3.1504164949161924,0.5532472916902244
-0.010494660726393878,-0.015154359987343591,-0.00794748563031814,7.627675687694645E-4,0.2235025887269014,0.47973721150402465,-3.1502650528990137,0.5944105472727556
-0.010522901893626526,-0.015145447902944939,-0.007954653059570037,8.084194989743527E-4,0.22413286963976706,0.44728175096353734,-3.1566677387963864,0.6316034513803196
-0.010549064363199245,-0.015136580365105484,-0.00796193034917614,8.510919247967044E-4,0.22477648297460703,0.41721396009226114,-3.162874391788074,0.6664856493155665
-0.010689424607857975,-0.015091480481010333,-0.007987921763415921,0.0010815832449854003,0.22712688290490288,0.2508392737108402,-3.1847449676976143,0.8550692427044189
-0.010666041682102256,-0.015105340492774746,-0.00797274863223747,0.0010400835627588972,0.22550384008284688,0.27679086296247385,-3.17412968494515,0.8202485694753144
-0.010573938604868629,-0.015129435608853027,-0.007965987668371996,8.913247797975769E-4,0.22504359526486836,0.38785891713196,-3.166730879702253,0.6992688544142625
-0.010594096714995716,-0.015117093827876968,-0.007981214530811074,9.266118224041211E-4,0.22675605718115185,0.3664902590046158,-3.1777614778475236,0.7289025124922163
-0.010617028847194806,-0.015119082389758684,-0.007968188408436007,9.604165827296855E-4,0.22508183029464165,0.3357889490554146,-3.1698146251175774,0.7553799918345012
-0.010642368222590771,-0.015114050517903635,-0.007966898886025869,0.0010006751705378557,0.22492103878244518,0.30461964451276563,-3.169664505482697,0.7878801045224235
-0.01080777550525214,-0.015064312787196665,-0.007978446975359826,0.0012725139830078158,0.22596410468128525,0.1034774113310269,-3.178235678526232,1.0096574494371642
-0.010821918890775441,-0.015065257288036942,-0.007968903197718728,0.0012929953637167075,0.22488695197922912,0.08473123396040304,-3.17152784916146,1.0255406842787294
-0.010838933607130554,-0.015063841717740774,-0.007961965260061363,0.001318976717312869,0.22418571919782318,0.06287845255085335,-3.16647954541234,1.0461040398517507
-0.01079634247829244,-0.015072533047831953,-0.0079694572821766,0.0012510558340201644,0.22497244174534733,0.11634530337324632,-3.1723147967024556,0.9914047263168947
-0.015588762298749332,-0.009313263478457857,8.678540821930019E-4,0.007118509179399673,0.20069586079398058,0.6695660772518965,2.6376390895992263,0.095395970886418
-0.015613082822417617,-0.009376179206193186,7.823793888637324E-4,0.007101681956749631,0.19827320459922923,0.6038280079611102,2.6262435008534,0.15174407979022334
-0.015625956007962963,-0.00924811620219986,9.321141378905857E-4,0.0070343254448475825,0.1955158788699346,0.7167435997519379,2.586979944951406,0.02407093187476876
-0.015674421905905983,-0.009172843417654761,0.0010004060226519024,0.006928081992044893,0.18957706681196473,0.7644186073064115,2.5227568893072383,-0.05374053643946133
-0.015670487383558102,-0.009426304629128966,7.033676186216293E-4,0.007026146222943048,0.1927257033588577,0.5412773407818615,2.579063255946475,0.18608524610915492
-0.01567390182752705,-0.009016410168806306,0.0011780422103945794,0.00685721991252031,0.18857214127339447,0.897136118487273,2.475795214678429,-0.19769027003901093
-0.01569943765359949,-0.008920468866532187,0.001270296166413583,0.006770444283030071,0.18496641017766366,0.9623084910896768,2.4202024523652237,-0.28251856677315673
-0.01573459441586642,-0.00909945577428775,0.0010572916415144953,0.006805099710225428,0.18255313996493225,0.8028805565444476,2.4483397450466664,-0.12682649258774703
-0.015758681939957924,-0.00862969685494785,0.001535266465450505,0.0065193121601448325,0.17948818266579367,1.144278796525281,2.251181680358768,-0.5169948043803324
-0.015770321737836563,-0.008767692375956808,0.001391068550267017,0.006585185955543082,0.17840750081441167,1.0429739902398405,2.3013253100665074,-0.40771584646484144
-0.015776544433153954,-0.008872236334433514,0.0012809950386513302,0.006633501088239045,0.17905831131849462,0.9636605593242329,2.337193841614617,-0.32291272523267595
-0.01569578888815303,-0.0074236960298954754,0.0025351038852801868,0.0056418795740663255,0.19346866006309368,1.7313752891055607,1.5851780728641673,-1.2188479427032863
-0.015783693129761134,-0.007253106691271747,0.002551596755581933,0.005406218056093329,0.18669973647257687,1.7023076642134274,1.4520739793032933,-1.2360016126696964
-0.01576708116943804,-0.007581919130901984,0.002374906057475192,0.005711452827726,0.1847493280444279,1.6405336832281538,1.6568356274954006,-1.130619678373596
-0.015778533432131522,-0.008325774903058256,0.001803599730138681,0.0062906857369478255,0.17751840260606455,1.320434593666535,2.0865943143085075,-0.7308642934729984
-0.015714420558443663,-0.008017704781698276,0.0021092038019998225,0.006135161698912405,0.18563723546149655,1.5189160373579205,1.9507505885084524,-0.9393781920592988
-0.015764889356240343,-0.008176869607824643,0.0019407461904185918,0.006198869447687993,0.17967745450806905,1.4085232155736218,2.013868292851877,-0.829298648257543
-0.015828121375015214,-0.007744854911594814,0.0022165181028007304,0.005785545548094539,0.17728134213522795,1.547457534612121,1.729331055245295,-1.0380567458317698
-0.015873694054823514,-0.007895575369711874,0.00207479823893565,0.005856859109109116,0.17234633510924013,1.4620589917688986,1.7942908873261538,-0.9511975797729334
-0.015891307710089148,-0.00838652546049494,0.0016738200606477274,0.0061902128415392485,0.1675335150741933,1.2187000956093061,2.043347394397168,-0.6662229301020197
-0.015890379400330744,-0.008532320323574325,0.0015454254282037715,0.006284183501775182,0.1669536953392823,1.1341758651588838,2.1120966370901937,-0.5685706181395599
-0.01595027883546909,-0.006397222530358279,0.002755766321206625,0.004524221420880949,0.17531308561960926,1.6545652755109928,0.9688578632054847,-1.3114440092009196
-0.016024630526775465,-0.006576248325306452,0.002633669694022553,0.004628612668731952,0.1704016899569313,1.6128351294437944,1.0443016672405114,-1.2672501972307522
-0.01587178326685944,-0.007050425059561557,0.0025741698434459098,0.005151299897004626,0.18055202403923334,1.6723056188284537,1.3116014427640932,-1.250113752535926
-0.015995368360523836,-0.00680990949544131,0.002571536957523195,0.004847319265001856,0.1703461838812128,1.6181356761138128,1.1611045305664567,-1.246421831162874
-0.015973042360869934,-0.007223912588968651,0.002403223257394862,0.0052140733823767835,0.16976500637027547,1.5825881388684298,1.382069460393769,-1.1672867948072854
-0.016241546272663415,-0.004159803734850107,0.002864828121986882,0.0026371944186222396,0.12971900451679771,1.3614790789013502,0.3098269648625351,-1.1744406483135912
-0.01628636706351552,-0.004602518586202099,0.0028027859619221326,0.0029445438365844367,0.1343198517502022,1.391875940114744,0.39776152128366027,-1.1918888397967107
-0.016308494462523363,-0.005020822117538879,0.00274408305078414,0.003245706896031601,0.13918701056249003,1.4217095731355347,0.49486664229360683,-1.2061675370026161
-0.01596748633032632,-0.005943397334510265,0.0028610906304976057,0.004125581280855349,0.17426103815574184,1.6279969272501165,0.7742298763902252,-1.3233582959466712
-0.016038922093528626,-0.006205698660527876,0.0027360553643713996,0.0043075035946486635,0.17024104941873872,1.6052539090701992,0.8790306531896441,-1.291453241317223
-0.01619416986244541,-0.0057547541613175174,0.002715688635061546,0.0038577330231599877,0.15458420321292848,1.5154957625488674,0.7054710150671388,-1.2507848645039719
-0.01630073633801136,-0.005457524439131559,0.0026875229756224664,0.003578112434634139,0.14437860775282843,1.455993523123146,0.6127096093511489,-1.2187890295795654
-0.009784481692067368,-0.015285721486588503,-0.007765115243016661,-3.153950278738738E-4,0.21039417100274266,1.2566408395929838,-2.93318658056766,-0.26039001754019947
-0.009817507458355655,-0.015289846548580953,-0.007761887297992354,-2.6660343342793115E-4,0.20985679271726546,1.2163572805637406,-2.9384557125243407,-0.2229568396289819
-0.009869430329066946,-0.015286623762991398,-0.007773257062623683,-1.9091106781033305E-4,0.21035172425366802,1.1607367180856385,-2.9561869314565143,-0.164666464139662
-0.009846298914784493,-0.015297635926287625,-0.00775083810697081,-2.236907102246363E-4,0.20801241786115873,1.1777749236704271,-2.937744484609444,-0.19017814013412732
-0.010081601316569329,-0.015252539144273684,-0.007840746842321776,1.2241050092643978E-4,0.21560688998245928,0.9389928063608007,-3.036233885938348,0.08066441991440115
-0.010103710106047933,-0.015241180250318894,-0.007860670303552406,1.5607744414181205E-4,0.21773605193243695,0.9201896986974265,-3.0522891952083646,0.10777394943224242
-0.010132868209773336,-0.01524211061359551,-0.00785684033523184,1.9963071836680534E-4,0.21685828302276905,0.8843091587815505,-3.054128060213603,0.14186985334576604
-0.010077109961275001,-0.015287109372506323,-0.007777070359660804,1.1419560611385179E-4,0.2085764043245066,0.9206382409271122,-2.995163309931664,0.0722514984305137
-0.010025436219780642,-0.015271244039441101,-0.007807714886289146,3.8434005085314844E-5,0.21258762092586717,0.9923912867313024,-3.006338757076801,0.014053540636480594
-0.009995741574771006,-0.01528162614917186,-0.007788590364407451,-5.42512818637337E-6,0.2106965007714765,1.019599226089887,-2.9893441976164126,-0.020617704154501024
-0.009963377484076708,-0.015298638259498192,-0.007756718536104082,-5.2605890449389024E-5,0.2075584271095592,1.0443917396842244,-2.963743567314143,-0.05806816143502309
-0.00989913913872179,-0.015295185760724436,-0.0077598704382464715,-1.467408178565335E-4,0.2085551289728013,1.120202268348734,-2.9537974981778947,-0.1307411598802182
-0.009929808925479858,-0.015305814783790098,-0.00774224970923065,-1.0131680349577174E-4,0.20608428477250146,1.0772134754054323,-2.948674175615281,-0.09600715884388294
-0.010049117788620091,-0.015296937776377625,-0.007759995295576458,7.281815631085706E-5,0.20691597876615345,0.9466785326156176,-2.9800793476020417,0.03940982917350736
-0.01017447060401182,-0.01525247772090022,-0.007833654990135691,2.607040541249386E-4,0.21380915754087337,0.8273111083612735,-3.0449775979669123,0.18903909171430955
-0.010213687000014326,-0.015256924703016012,-0.007820734276110923,3.183610319018606E-4,0.2119098509849792,0.7771445353835685,-3.0416095617192584,0.23396757764196782
-0.010253588348351881,-0.015255695962578074,-0.007817224651831952,3.775954445180379E-4,0.21110745512509496,0.7295161193063725,-3.0440052391582775,0.28055632400337654
-0.010294251171822822,-0.015248254917881766,-0.007824000177104827,4.390300364540021E-4,0.2114742222497342,0.6842107806116302,-3.0527511430326153,0.3294053526254382
-0.0097562079260651,-0.015304468508205977,-0.007726549472203953,-3.5368454490245963E-4,0.20636200013787806,1.271424624142807,-2.903515628643259,-0.28997044432341906
-0.009721836029230452,-0.015327699174233763,-0.007678590388078138,-3.9920397519452837E-4,0.20138515110460328,1.2882327083629244,-2.866923380490974,-0.3248682412104927
-0.009099840859908875,-0.015408673584555225,-0.007316985769670753,-0.001212669260181727,0.16609174392272344,1.7822738428377647,-2.486728053685012,-0.9118033242995659
-0.009146914647074336,-0.015392550167454895,-0.0073677396315110855,-0.0011609924193840872,0.17137292282912606,1.7631784391207714,-2.5288068643209463,-0.8776989290604557
-0.009197510276671761,-0.015377253263448945,-0.007418102682233412,-0.0011029769413292468,0.1764284984147382,1.7386749720921295,-2.571988888016834,-0.8386515776422526
-0.009264937721010245,-0.015391818514458762,-0.007424047692434135,-0.001008086291708489,0.17702117007106885,1.6666900634089503,-2.5974379519577453,-0.7712065339632618
-0.009593119980062062,-0.015355559087936963,-0.007600802571496077,-5.751394771353725E-4,0.1941601703517571,1.3965605500726055,-2.790059237722964,-0.457229066673937
-0.009398363203032912,-0.015399025110089072,-0.007464781955614507,-8.282689822737459E-4,0.18067621284585703,1.5418867029904277,-2.6602777435994978,-0.6423791006646408
-0.009354321449927172,-0.015411934199740336,-0.007426279137699149,-8.820742072508113E-4,0.17684343952034465,1.5685515834652526,-2.6263046034977315,-0.680616391345183
-0.009312299314686183,-0.015415781833064472,-0.007403177046394452,-9.358916125755415E-4,0.17422716909148253,1.6013551125283871,-2.601233286932197,-0.7186654827617132
-0.009511711803980444,-0.015387330064226873,-0.007522353494842446,-6.788372605959829E-4,0.1859747766477207,1.4472722891316563,-2.7239725613906334,-0.5337234549530548
-0.009552766091647744,-0.015399417667203572,-0.007512922945511328,-6.193420344492211E-4,0.1846217333274903,1.39660351741398,-2.729409507504552,-0.4896983298743622
-0.009472260172932023,-0.015413542764738112,-0.007464717527212395,-7.24231816632491E-4,0.18058534959593844,1.4599947232955628,-2.6810341769466195,-0.566397102262886
-0.009431802126040084,-0.015423681582616425,-0.007434041381314096,-7.750748183165574E-4,0.17688152454035797,1.4876499388765556,-2.6529959884564236,-0.6029117190991466
-0.008810219152476585,-0.015447419657149198,-0.0070860286599287526,-0.0015401105524631695,0.1420546545372481,1.9380544213205007,-2.268858883608846,-1.1223377956117078
-0.008873126263334892,-0.0154466833505902,-0.0071268192832571456,-0.0014673370513966168,0.14667176990306544,1.8996772777565234,-2.312068151602089,-1.0763465897682811
-0.009053671767236263,-0.015424561911361673,-0.007266506711138722,-0.0012620168700194728,0.16091396863890617,1.799675063002059,-2.4454386410908504,-0.943870922075987
-0.008997124509485512,-0.015438545475987874,-0.007212772607471615,-0.0013238355720514901,0.15543091850445698,1.825177463523264,-2.398924175197138,-0.9838232554756633
-0.008936498949000863,-0.015445073022043593,-0.007167519521612445,-0.001393226343851894,0.1507828406888804,1.8599217107701265,-2.3550290974296924,-1.028733856577549
-0.0086979932494326,-0.015493295850640836,-0.006941892777193444,-0.0016360484638400575,0.12788454129636742,1.9510413792725323,-2.1623124238890448,-1.1749100454175319
-0.008633052494715573,-0.01552746089391805,-0.0068470494761133,-0.001682686055505926,0.11853351553631643,1.9481687037633673,-2.097443413151966,-1.1984451858228669
-0.008767504240682322,-0.015516064236240698,-0.0069535519633474535,-0.0015443833986735092,0.12921097037675966,1.887744507190656,-2.194959463979739,-1.1164282012165423
-0.009683250377664404,-0.015355245125542856,-0.007621807814522419,-4.4874605923573007E-4,0.195571005192716,1.304793091709068,-2.8243788904527958,-0.3624579455250312
-0.009640345050954987,-0.015387398905146274,-0.007555682411490536,-5.018700545624954E-4,0.18868197501581072,1.3207308040493702,-2.775597806893345,-0.40245353850014415
-0.007884405411611159,-0.015467708182158264,-0.006310997981404306,-0.0024286789386677083,0.060231100928779445,2.251112037545837,-1.5739538134734339,-1.5801741111924625
-0.007983131694426968,-0.01549987112069779,-0.006362396479602941,-0.0023193472007250163,0.06705036311297562,2.1995328701837593,-1.6393770526175102,-1.5276074331397322
-0.007344250019522778,-0.015717154549504696,-0.005547587899483068,-0.0025606891807400446,0.003292186140056935,2.0406751042332236,-1.1805543349663188,-1.5368876850844853
-0.007687896843185846,-0.015524147363847787,-0.0060620850879329865,-0.0025226510957962276,0.03821216606877184,2.211592659001353,-1.4212687083532796,-1.595329164681244
-0.007807519395233157,-0.0155322578509925,-0.006164357016526049,-0.0024279114427510824,0.0499551334532136,2.191883593577137,-1.504581282862904,-1.5597372405298104
-0.007592065432816615,-0.015622507170188388,-0.005867783362160491,-0.0024962505184678812,0.028606573991568008,2.1192510100276913,-1.3439503130210735,-1.5516168395288437
-0.007475463835008448,-0.01571754176541931,-0.005665644622712802,-0.002483499141927228,0.016887384055157773,2.038158272171244,-1.2590898966812782,-1.5179921913383325
-0.008108521171269634,-0.015556241805263627,-0.0064018388964569095,-0.002164461391716938,0.07356161667157989,2.111970953099755,-1.712866958462543,-1.4465617261281465
-0.008215328049671178,-0.015518870171029039,-0.0065394784760014505,-0.002101553185000401,0.08594030619757914,2.123955584644816,-1.803566908012121,-1.4250554010342245
-0.008400809088405686,-0.015516305385520018,-0.006692212567529444,-0.0019280767110051924,0.1025134407235128,2.063187230993991,-1.9395842673940342,-1.337111092573897
-0.008307966513784548,-0.015528630979988989,-0.006602180459099531,-0.0020077249678164054,0.09372970436953597,2.0834360429712984,-1.8667633809479371,-1.376724005674996
-0.008554534635691839,-0.015563728780367892,-0.006740013178782577,-0.0017389648810367422,0.10867788895771867,1.9467264022091757,-2.0235574878524925,-1.225364870306579
-0.00846290347312393,-0.015562980976415248,-0.006674690976133097,-0.0018315947579381707,0.10142681513202259,1.987447672829979,-1.9609119997449667,-1.2768025854427756
-0.006936402517873947,-0.015754578055956,-0.005142013404530336,-0.002729992013003198,-0.019802979260861497,1.9924439667147384,-0.9568304664801436,-1.54661322286721
-0.007181014710599643,-0.015802618107294747,-0.005323658636888032,-0.002570754074317024,-0.004209987228999969,1.9684815564510048,-1.0848554772899976,-1.5072228325099621
-0.0055099692279998135,-0.016029528515229263,-0.0037343283386043788,-0.0028916741390492954,-0.06194204264167425,1.6512666053642262,-0.4479998705789315,-1.3759227085772927
-0.0058390288093220985,-0.016037480830616752,-0.004001309185328397,-0.0028238519750627025,-0.054342858699277415,1.6943410763244786,-0.5423245340321746,-1.3965035456567991
-0.004932762683593166,-0.0163335367206983,-0.0031707383235926026,-0.00273494475941595,-0.05147034561531692,1.4712685284100344,-0.354333930605286,-1.251345408068487
-0.005337195314246466,-0.016259352666672954,-0.003502190517594302,-0.002737468205872338,-0.053343553634696415,1.5410131907521434,-0.43196808519555246,-1.2969758379394365
-0.0067576312527988045,-0.015902433583566807,-0.0048689685878118075,-0.0026712198557650533,-0.02784096038971068,1.8739016746977517,-0.8746020888570661,-1.4806165466797296
-0.00652583141341958,-0.016031648772342047,-0.004579828349841378,-0.0026439745961162955,-0.03552660619133971,1.7749962045350174,-0.7809770653077214,-1.425404257949553
-0.006210896603706639,-0.016134017473242064,-0.004255452854100928,-0.0026545468303070664,-0.042067233497876215,1.6914847474149293,-0.6706882859080545,-1.3808237251465325
-0.016026282218673776,-0.002602205516676626,0.0030359181726949927,0.0016059239488425746,0.10988584981736756,1.2492295323154927,0.10308623702874152,-1.0973192299440049
-0.016129266897522802,-0.0031210883276518633,0.0029691016810702037,0.0019384693207247401,0.11517051382974304,1.2813101372834887,0.1584495914542061,-1.1205322369359871
-0.0161773660563355,-0.0036568209980058796,0.002928885024986007,0.0022967461099706776,0.12322977150605237,1.324285035475943,0.22643957232567105,-1.1510279795630292
-0.01662479869937903,-0.003838434051833964,0.0026189577340000585,0.002327916521610483,0.0998536369900259,1.250956173757401,0.28597262742235136,-1.091672761970935
-0.016173780063847898,-4.179669936336597E-4,0.0029231096691626304,2.4819831617271657E-4,0.07683718208649808,1.1294773465396064,0.011407650500548717,-1.0051956424615829
-0.01609537984975212,-0.0010348492360651277,0.0029742381626404065,6.197898814584303E-4,0.08474841352517537,1.1489883757799344,0.02783908867703529,-1.0196741886805243
-0.01637746128203435,-0.0015753485006999432,0.002807748995737693,9.340076339459038E-4,0.07784632773559763,1.1466452401651528,0.06222671820077819,-1.0176406970804808
-0.016525569016381497,-0.0021572123155999706,0.002718661771446903,0.0012765910785675193,0.07805990589380041,1.1593915564681465,0.10442869538034516,-1.0271315612764054
-0.017057209175403983,5.762453524349765E-4,0.0024117916631574182,-3.2250864603801046E-4,0.03867594431661086,1.057681366277888,-0.02912412881278147,-0.9477177849347168
-0.016955136744250875,-1.2876059187439385E-4,0.002469492340322518,7.254977971148578E-5,0.0429389769681001,1.0642632487520036,0.0063875795499363916,-0.9525950205195294
-0.022612673956213754,0.006111785305912559,1.6534977401185265E-4,-0.001098970616300432,-0.16527849605046097,0.24477008260789665,-0.4177903625243778,-0.2198303489236562
-0.02180985315354965,0.00543342425378307,3.261612239725767E-4,-0.0013079026145988992,-0.149652634207065,0.36375221077753833,-0.3922666884463882,-0.33296706079078886
-0.020890342299864084,0.004440123812883696,5.992898075275594E-4,-0.0013848041267041022,-0.12715791414042502,0.5238985720360683,-0.3396890107679827,-0.4832655289939504
-0.02153887863714342,0.0047822563044771175,4.14553485684751E-4,-0.0012634365993522373,-0.15413280462030143,0.42622859117139794,-0.35176410630483257,-0.394284637485947
-0.019995212884951635,0.0034176453063210254,9.440769296999867E-4,-0.0012966794882985331,-0.0956366102177475,0.680668157147399,-0.2679993583614734,-0.6260069625937943
-0.02085916652820274,0.003764486374888568,6.399589171953834E-4,-0.0011956729450180276,-0.13928430729345775,0.5523036225092018,-0.2850754090522713,-0.5123773126650669
-0.018901256721911664,0.002352364118978852,0.0014387832297324073,-0.0010717785678138832,-0.04606178445796177,0.8493117422246225,-0.17811815722532406,-0.7737118095792747
-0.0198241419637699,0.002702536749667967,0.0010377635593015926,-0.0010623486507890802,-0.09519699780689905,0.7186252689999951,-0.20740502506448652,-0.6616840070694828
-0.017755420449187202,0.0010981047244283675,0.0020291369998283733,-5.760872339961551E-4,0.006479470205603391,0.9893260873135795,-0.06954143538910253,-0.8919866087050429
-0.018760780303167062,0.0015388387648462495,0.0015236022295496401,-7.148785451738704E-4,-0.04493658956083751,0.8687208737232458,-0.11135071762037807,-0.7918651625480219
-0.0237892238928257,0.0055208848459699185,4.88611512610686E-5,-5.401076030068951E-4,-0.25463120214704293,0.14358948507377256,-0.38703334980757104,-0.12540227692208347
-0.025,0.0049608666433256406,0,0,-0.3655060016389653,0.001781217944162993,-0.3904062118463876,0.014708607393993626
0.0026754465115825035,-0.018469892985271272,0.0012952713199519128,-0.00163186962914651,0.05678860378355758,0.9369126600276413,0.18012208330146098,-0.8444669989243597
0.0033687860897331848,-0.01886707615790358,0.0015418512512868786,-0.0014112825701268466,0.06852120554603264,0.8759163343698663,0.24451090779292264,-0.7917394809800645
0.0026707095046125135,-0.01910645621414113,0.0011804790022332797,-0.001337077085381957,0.0864245229291961,0.8423785401229514,0.18512894791367626,-0.7663536293903604
0.004867113054653323,-0.020124534639355835,0.001769299932130071,-8.070794257134109E-4,0.1049304353487714,0.6396245172191332,0.3701845741355038,-0.5828613568309207
0.003760661095393903,-0.019500946980609345,0.0015531059114857583,-0.0011162860749903507,0.09328214415182877,0.7708113453770674,0.2789218799360807,-0.7017234824278206
0.004167868063850244,-0.020025244394148815,0.001560998935644479,-8.922540882746429E-4,0.1119590676497542,0.6803062270783634,0.3092353059664012,-0.6222243760792807
0.00516635007626405,-0.020901855265559887,0.001583010524653837,-5.525848186710181E-4,0.132491779007847,0.5142395271466659,0.37391008503983136,-0.47232572490503427
0.00581907982624543,-0.021751682775288994,0.001407661387388494,-3.1823233565025363E-4,0.15288885758908696,0.3752268205245319,0.3983189550466201,-0.34349961768788884
0.006371856074175194,-0.022930486871067683,9.944505092165945E-4,-1.1857374833451003E-4,0.18410300269603727,0.2251377635456753,0.4146987371378477,-0.20079461995316783
8.13449620008636E-4,-0.016605632765926536,4.7160143487251727E-4,-0.0026722540723078166,-0.012961430451037243,1.1245805792216792,0.02251625499785558,-0.9992444572626328
0.0012022007669285715,-0.0173339025233767,6.583561816160269E-4,-0.002257522174885764,0.015934933638128746,1.062860560178523,0.05633748635831948,-0.9492744097450937
0.002083484678697529,-0.018110193188226625,0.001054062465146108,-0.0018304474063081076,0.04460565732247357,0.9818839452821813,0.12841220550508384,-0.8830264910834257
0.0015293949468936697,-0.017894761699797954,7.916998669932117E-4,-0.0019528519399488783,0.03854279393964054,1.002253107708918,0.08662455702119144,-0.8999901460975565
-0.0024697870307840925,-0.015913021008509873,-0.0015285592962486405,-0.003109335218928925,-0.05277756173526069,1.2722841754290728,-0.035605642866032884,-1.1142609904307594
-0.0014809016861942828,-0.01622922834596521,-8.846278140030177E-4,-0.002898778943895355,-0.031139196456106088,1.1768238266226076,-0.027442414928180506,-1.0400375314469066
-0.0020551374989919136,-0.01639846466649936,-0.001224884464723291,-0.0027980573518828875,-0.02857330731602036,1.1929792900216578,-0.05821790036204078,-1.0518764899528363
-1.4949932145486315E-4,-0.016520422843276712,-8.700673911862389E-5,-0.002720951157677166,-0.014671623377729258,1.1239643677516395,-0.0038812250698470464,-0.9984356181608672
-9.426973442658282E-4,-0.01675680514709431,-5.410505124361851E-4,-0.002584594063906574,-0.007159607839711376,1.115102478387537,-0.0307133727166975,-0.9910031091648616
-0.0030682966742502085,-0.016048141610065948,-0.0019129030734445546,-0.0030243262878728934,-0.05410609347376523,1.315295859969073,-0.08385945704770546,-1.1469502361664514
-0.0035866879352265853,-0.01627821471454481,-0.002229299743125634,-0.0028614079219699594,-0.04709918756953268,1.3354491757392868,-0.15411513100071397,-1.1585517371522762
-0.003830692847621499,-0.016651375384515995,-0.002316025776433178,-0.0026021489160429987,-0.03378123142311231,1.2847788320889821,-0.21718330138477668,-1.118853239019723
-0.004568033522367585,-0.016614356825260433,-0.0028203366171264768,-0.0025734088632190805,-0.03920110151145196,1.3558317150819015,-0.31660633051594833,-1.168559399494877
-0.004209287732799875,-0.01693120472785445,-0.0024910278707195237,-0.0023955054024662257,-0.023303956145810142,1.2542904975951414,-0.28697601500645337,-1.091949417226836
0.0056676736671740155,-0.023946241153488104,4.847456503866535E-4,-3.64555491465234E-5,0.26811146923783363,0.14140536162027117,0.39171430815617064,-0.12274086277473119
0.004960866643325878,-0.025,0,0,0.3741238883312364,0.018385320177180257,0.39207285878662596,-0.002017277467394923
-0.015109658874266425,-0.011041821720804488,-0.001580658608921986,0.0077542993185120155,0.29000315154781076,-1.1662516384879014,2.6115916189166004,2.213847455693337
-0.015094221449098414,-0.011137095960277062,-0.001721542168169337,0.007714619622712622,0.29035981706534075,-1.2607359130020381,2.5441206120737223,2.3058993659140454
-0.01510053222965535,-0.011076262171700605,-0.0016342494656984808,0.007746785930291508,0.2910075518932785,-1.2028948154205128,2.5905620292112856,2.252562809679033
-0.015099330608362747,-0.01111023798280037,-0.001681483588897213,0.007725088940184528,0.29028890560796744,-1.2339207863831463,2.563084961926633,2.2793110265119023
-0.01514243506790211,-0.011026673849926739,-0.001538261788969344,0.0077072421058629196,0.2835428277057758,-1.1332973226544236,2.5977036713022468,2.157416749199611
-0.015186623566887872,-0.010907168472594988,-0.001346881166730086,0.007702984548183445,0.2771743619004692,-0.9983041330542949,2.6515712321172518,2.004264758241011
-0.015166317112242662,-0.01097200724080782,-0.0014482850494404167,0.007700188719116231,0.2799297341358615,-1.0698400036957703,2.6206824721531743,2.0831443378062526
-0.01516694233940972,-0.011003069135070681,-0.0014904091467749373,0.0076798693716225485,0.27893383564274793,-1.0979539420965838,2.5965594024196235,2.1066836343495985
-0.015192800970147776,-0.010948343166081951,-0.001399956998749559,0.007668405392259397,0.2751873362704909,-1.0335806314814298,2.6165318966785516,2.0298484021611007
-0.015245972542182977,-0.010549626763662797,-8.131033691110037E-4,0.007760664418262967,0.2682314727862156,-0.613891347848256,2.820388647007275,1.6093145666507365
-0.015272452181883722,-0.010519052642721774,-7.603888987320305E-4,0.007723125507931631,0.26313323602859434,-0.57322318507984,2.809870625447285,1.5509900918861954
-0.015225717777735853,-0.010608954056393909,-9.060448832537178E-4,0.007775655751349142,0.27197656829940037,-0.683175563775472,2.807816409877915,1.6893350039154156
-0.015251178043030994,-0.010581526236571583,-8.571539816500318E-4,0.007740022365535978,0.2667909870903883,-0.6455695615683971,2.798343598538984,1.6347975404389778
-0.015233742536381387,-0.010646554505488083,-9.568556453846312E-4,0.0077463906595135095,0.2701895671704013,-0.7192138629864635,2.778685302590936,1.7162426468736254
-0.015235065974413493,-0.010687388603614595,-0.0010144180502426323,0.007726988996851312,0.26995403847145955,-0.7603331846433212,2.753386658542218,1.752825448490459
-0.01525180516115173,-0.010722632586056253,-0.0010567693245246586,0.007681908121015854,0.26654688939818755,-0.7890704272399619,2.716772780954923,1.7660384439409051
-0.01532570395974081,-0.010464102369037578,-6.663917252897775E-4,0.007644471887421214,0.2533928346418766,-0.5008888676893765,2.783496363556966,1.4434865681069897
-0.01531669604010111,-0.010511959370309779,-7.36424959564723E-4,0.007646405746407861,0.2550508499955301,-0.5528185511398912,2.7700489853105137,1.4990007099881597
-0.015221601988844152,-0.010787011045886448,-0.0011610297722338162,0.00770511389365085,0.2718452249672199,-0.8655922634334626,2.703490627901967,1.858639468335311
-0.015258849424414475,-0.01076046988874354,-0.0011062616834715655,0.007652303260828139,0.26497075356231936,-0.8233389254489679,2.6871447445326244,1.791583353076744
-0.015221855316363535,-0.010894719477002313,-0.0013100414471470803,0.0076485808497871455,0.2705498247435432,-0.9688723767992731,2.630712484067918,1.9500644873952424
-0.015222217031598042,-0.010834203764037705,-0.0012264786396931507,0.007680262718634637,0.2709444632732962,-0.9112267384623428,2.6717393084116248,1.8988268085687454
-0.01523503227396752,-0.010869984571604985,-0.0012690621366094328,0.007639131797787633,0.2681342039344575,-0.9391543554622881,2.636672161017836,1.9135654841060745
-0.015381980364442589,-0.010317216083093798,-4.473614489982906E-4,0.007578835515676767,0.2428780413676451,-0.33535925466139016,2.7867452429836344,1.2456769040187126
-0.015346214303307041,-0.010406895492266638,-5.805302724211449E-4,0.00762295228064007,0.2494872109943411,-0.43611189674376266,2.788024117158557,1.3672407848468107
-0.015381275856675881,-0.010365937430906219,-5.153443675470256E-4,0.007570396292289126,0.24332580556361041,-0.38592226315243405,2.7695902666600443,1.2949068906521348
-0.015510051779890363,-0.010059898795238992,-8.23623920583516E-5,0.00738302626336092,0.22081800231945473,-0.05620024120393075,2.7280968525095513,0.8890919218780713
-0.01541563538849985,-0.010240173783078376,-3.34997657758218E-4,0.007531951308142855,0.23719650111536464,-0.2495327197883444,2.77838447167424,1.1396840959513066
-0.015433667252618506,-0.010196852085643516,-2.731080719166284E-4,0.007505692899910791,0.2336370499142368,-0.20220560572359497,2.7728888565867083,1.0815183238412833
-0.015466279969050277,-0.010144818017479608,-1.9902361362279116E-4,0.007453886061938764,0.22792888991098745,-0.14560943902108428,2.753735835701933,1.0050440483986998
-0.015529138855061301,-0.010123261573112989,-1.6579738308605024E-4,0.007347770616470162,0.2186851619226746,-0.11880022609496642,2.6963692451099237,0.9394915960156817
-0.015423205766791912,-0.010283200774883351,-3.931879916180825E-4,0.007512420612431299,0.23603916707512698,-0.29304993397623846,2.7572493427287004,1.1769213283729207
-0.015587325321569421,-0.009630211817371101,4.7245754100680204E-4,0.0072129283146863425,0.2049124310907903,0.36765244421693977,2.6804689781130953,0.4134431186319559
-0.015636305979860994,-0.009574035119516012,5.322107560763221E-4,0.007120505180337981,0.19832863119352376,0.41199261574931195,2.6286227956301658,0.33968555172193954
-0.015614349529717712,-0.0096919393173126,3.8905146470777715E-4,0.007180205786291724,0.2021845398779515,0.30330373261773896,2.655854895212629,0.4644736640400036
-0.015569869086608054,-0.009759837679570758,3.092156056350262E-4,0.007264479325661944,0.2086229182191724,0.24261091164498488,2.6993406906235498,0.5518425168250723
-0.015553871411455754,-0.010012153820576264,-1.8637397871518465E-5,0.007309276325800894,0.21423037279440305,-0.007194130237538634,2.6930057613606806,0.8139432231276592
-0.015556606708476656,-0.009845439037646002,1.9950396792296226E-4,0.007296714187633663,0.2117956845202536,0.1588012645061847,2.7089205525358744,0.6451859498741951
-0.015563843170767923,-0.009911761234834268,1.1239554456255995E-4,0.007289534098756654,0.21179125544128435,0.09278986011597674,2.696040826306294,0.7078752368436234
-0.015598618245347102,-0.009961569984429354,4.637307264985913E-5,0.0072336366659684044,0.20776942255575584,0.042333590122607935,2.6564773440586946,0.738418842093354
-0.0156889181741496,-0.009514099383558926,5.925776348684361E-4,0.007021509006174814,0.19189215940431636,0.4567014653520219,2.5728199836550054,0.26508857303390704
-0.014979619324685,-0.011379856645887811,-0.002136672678615771,0.0077121898728603816,0.3052041195430463,-1.5402404396121259,2.397352230119962,2.632782645286753
-0.015003074314641193,-0.011363024955086244,-0.00209403636419038,0.007687962796645521,0.3010197681317274,-1.5096214849250293,2.3995464419462205,2.586497529543354
-0.015022582114029327,-0.011343102942881485,-0.0020512854792791055,0.0076727339021291,0.29750206201028234,-1.4797689516239287,2.4066002338137484,2.5449285532510113
-0.015073577603203804,-0.01118687137343126,-0.0018038654296170973,0.007713056715098517,0.29302101669094993,-1.3170323807633117,2.5159152378144367,2.3701980578203767
-0.015073617737030441,-0.011219961982411009,-0.0018479799835980834,0.0076875801802707205,0.29190831151896673,-1.3448293454358273,2.4865086083032106,2.3922523515940184
-0.015070381000659844,-0.011252478557475958,-0.0018934664469101197,0.007667517577583187,0.29126457708822767,-1.373806627023494,2.4595437929986415,2.4180346713094596
-0.01507857485190483,-0.011280513896990344,-0.0019235328254912278,0.007631382091786721,0.288643810034108,-1.3907032505674843,2.42866516598562,2.423515582027364
-0.015055056814492231,-0.011338159153721498,-0.0020172917382407247,0.007622998034554017,0.29098693566857076,-1.4523906479997883,2.390754170949488,2.4927295181179328
-0.015068536602945971,-0.011307681441396227,-0.001966870943872673,0.0076260010166742595,0.2894141808764225,-1.419159234904854,2.4104094514920607,2.4547584690876536
-0.01510803022438819,-0.011166001608368621,-0.0017502301772709566,0.007669917499280371,0.28670708211684853,-1.2768325466636605,2.5091704870907097,2.3064277183283077
-0.014655944126292807,-0.011937300782093678,-0.003167683915348918,0.007613031633741468,0.33637825258047593,-2.16716426803734,1.8960255840003593,3.3854838205725564
-0.01466264409025597,-0.011922925779478287,-0.0031432288639845173,0.0076216805759114865,0.3363141810422343,-2.154392835050709,1.91275215614236,3.3717098971222232
-0.014669246895988733,-0.011908187224289116,-0.003118441096392734,0.007630767910928044,0.3362904794613284,-2.1414237164829473,1.9298182264901218,3.3579091775892755
-0.014637166025852445,-0.011980728053486203,-0.003239287272448175,0.007583712875379644,0.33603383156329386,-2.2034355628239397,1.844527641442814,3.4231244359765793
-0.014643523086174698,-0.011966178514304005,-0.003215278773633865,0.007593607239380248,0.3361491871346021,-2.1913612328476195,1.8618844640802574,3.410583059468196
-0.014649642734469587,-0.011951649592721035,-0.0031915353484581565,0.007603654937825507,0.33630242003975996,-2.1793884070154372,1.879137928769664,3.3983017075235806
-0.014666139793329725,-0.011950175471171278,-0.0031684606998664965,0.0075812623410037245,0.3326155716385601,-2.1622571692722983,1.8783595135640831,3.366701644636358
-0.01463077099225254,-0.01199529736474914,-0.0032632975628783174,0.007573678641733618,0.3359041301916043,-2.2154123298472785,1.8270343332071801,3.435545150067617
-0.014731694243290698,-0.01183009926349972,-0.0029524850586540234,0.007633871631804357,0.32942117287392314,-2.043775250163875,2.010715108336855,3.2302495557996322
-0.014725444418610479,-0.011844987564133063,-0.0029770622777401654,0.007625202569552041,0.3293696827282899,-2.057092518326805,1.994441164610013,3.2442952704992023
-0.014717366288493178,-0.011857892253530334,-0.003001596819773839,0.007621579026238076,0.3301252775195874,-2.0711072358990825,1.9808654121269431,3.26126689017284
-0.014698382248278873,-0.011875851424511185,-0.0030454277116060825,0.007627938843919602,0.332802102407522,-2.098017920902753,1.9635285685554733,3.299193630106187
-0.01469330920852445,-0.01189110600522294,-0.0030688604575362572,0.007616400020924569,0.33244119897204355,-2.1099713841777796,1.9459796980751018,3.3105301723961005
-0.014715255451279607,-0.011873177853834238,-0.0030213865197958865,0.007605837335758813,0.3290300222619667,-2.080362221897975,1.96286050905043,3.26733575494109
-0.014687487439686302,-0.011906518582930051,-0.0030933262345166144,0.007605616277770857,0.3322275529020193,-2.122576342438101,1.928292880913822,3.32308743948582
-0.014624615661370908,-0.01201001984713454,-0.003287077405222941,0.00756292316061468,0.33566156276626286,-2.227054086440292,1.809209072396093,3.447299429384221
-0.014618408809984941,-0.01202473237844435,-0.003310836673942132,0.007552086943812692,0.335423454987901,-2.2385877555547933,1.791302519667665,3.458943096745404
-0.014598871945345442,-0.012067989883001598,-0.0033819918318049656,0.00752107770259582,0.3349312499944394,-2.2729055714465,1.7381443832138037,3.4944640959265887
-0.014605477252027271,-0.012053724807516776,-0.0033583772501304177,0.007531238434469594,0.3350682233703895,-2.261571287571028,1.7557696694649436,3.482633719646031
-0.014612015658807738,-0.012039305798372138,-0.0033346246830950922,0.007541538265386136,0.33524171573332445,-2.2501085421504388,1.7734840808401378,3.470746414186497
-0.0145924630683729,-0.012082283301654157,-0.0034052949864987136,0.007510436716890106,0.3347013557931562,-2.283898395169406,1.7203687590081655,3.505710643582528
-0.014586072920721067,-0.012096667437957136,-0.0034285882353962955,0.007499481421049462,0.3344364596033704,-2.294746943271861,1.702381440507189,3.5167085343453652
-0.014579445385489963,-0.012111007780449707,-0.0034520904951350997,0.0074887544765691655,0.334217885203184,-2.30567165750675,1.6843574283828049,3.5279650496640023
-0.01457278176689237,-0.012125290193978388,-0.003475509914751051,0.007477994439392346,0.33399688946559897,-2.3164667687594975,1.6663059020900477,3.539098081229565
-0.01452936951646043,-0.012183526312290777,-0.0035935567223334144,0.007454258149148752,0.337139376946804,-2.3753759745995318,1.5910412719640652,3.613718341283089
-0.014506201227795718,-0.012198722463132852,-0.003641484353354875,0.0074630026900408845,0.3380463439080188,-2.4042534486538876,1.5681536564498353,3.6570299059073013
-0.014490137873033795,-0.012199695861056147,-0.0036660943003271537,0.007483435275315323,0.34645103376287506,-2.418526797689646,1.5693309566686562,3.6855568290768717
-0.0144992628289579,-0.012212897314421814,-0.003664944792741234,0.007451490232556116,0.3381195501655249,-2.4143284061845027,1.5492264941305411,3.6674193004920483
-0.014483205177866363,-0.012213791167466397,-0.0036896087185345253,0.007471869898764881,0.34505562291909236,-2.4287072518247697,1.550230210414871,3.6959823586926164
-0.014522624154255544,-0.012197785718102023,-0.0036167908157887195,0.007442675043284246,0.33683561704814124,-2.385460546397613,1.5723355932845644,3.6239449115124374
-0.014455032777517944,-0.0122699521913998,-0.0037831643285963722,0.00742493923821301,0.34591143742484826,-2.4678343898532322,1.4733680151897735,3.73639110232495
-0.014462141986151311,-0.012255945233250498,-0.0037598375595792196,0.0074367787255779595,0.3454089551269866,-2.458225493896059,1.4926774222390862,3.726530611255368
-0.01447101507412611,-0.012269306590096849,-0.003758438926521134,0.007404856928535124,0.3365592096956789,-2.453491586849618,1.4729367750809192,3.7077525151765838
-0.014469207167595147,-0.012241915987078055,-0.0037364734109965477,0.007448544983496047,0.3450322560300845,-2.448528310436821,1.5119141419129314,3.716506963811977
-0.014478109494070473,-0.012255246861958571,-0.003735176394474665,0.007416656050653613,0.3371126224026449,-2.443893011820181,1.4921191230033932,3.697907049963814
-0.01447622825396473,-0.012227864587089588,-0.0037130664704204896,0.007460240735963769,0.34478490146660884,-2.4387014171485424,1.5310941671101557,3.7063170258458613
-0.014492244663409365,-0.012227047088523393,-0.0036884168469638323,0.007439952629826258,0.3379820906680087,-2.424303368263274,1.5302527114172273,3.6777301432256926
-0.014485186772385727,-0.012241163668190945,-0.0037118372971795322,0.007428349353033366,0.33759691201867364,-2.4341617050844846,1.5112199149165608,3.6878995577473046
-0.01456628052865513,-0.01213966485418353,-0.003498714262475725,0.007466717578401768,0.3336930196221785,-2.3269661939421713,1.64804298983184,3.549698205131621
-0.014559686973335218,-0.012154105232796223,-0.0035220315607512043,0.0074553107314596434,0.33338801691076486,-2.3374181230295683,1.6296065312329537,3.5602553288186876
-0.014552811480750036,-0.012168408646428824,-0.0035455373685641975,0.0074443174430338654,0.33315205260286257,-2.3479671080176754,1.6112377756936154,3.571169366108883
-0.014545972059946163,-0.01218256040750427,-0.003568770231974419,0.007433327654960085,0.3329009126169033,-2.3582883351291524,1.5929633561661405,3.5818345206490108
-0.014933209548977623,-0.011513942031520653,-0.00235125850529988,0.00766288909505923,0.30794650966582715,-1.67466101624769,2.2868431452622535,2.7756208716198922
-0.014931882004512693,-0.011544698724651995,-0.002390800462507704,0.0076346752326792245,0.3062277455336789,-1.6967081570848033,2.2552540010649995,2.7914338316836522
-0.014959250945072198,-0.011495612825744643,-0.002303098422007484,0.007638342431098283,0.30331361158369236,-1.6408825290594284,2.2921127069555243,2.724701832730194
-0.01498137747790567,-0.011409361045131336,-0.0021731884149507256,0.007682637575181706,0.30328799413053925,-1.5612258780528039,2.366950537614615,2.6460505611714336
-0.014980083868098962,-0.011441224061901694,-0.0022150301689347934,0.00765555040912716,0.3018045431435717,-1.585676601803366,2.3358492051492594,2.664688282215986
-0.01497248306623531,-0.011467536434769313,-0.002255339056428719,0.007643454672985948,0.30204674180252394,-1.6105326328780227,2.313588611657186,2.6899168310442216
-0.014986686827179093,-0.01148734479421738,-0.0022667331045535368,0.007601757797057367,0.29803790154321386,-1.613389257841975,2.285906637906968,2.67708046634283
-0.014787821046256804,-0.011684696294029871,-0.0027152859706003262,0.007716999380074601,0.3290628391755072,-1.911323570139164,2.164481619465731,3.0925089420050065
-0.014791434271256036,-0.011704508128577006,-0.0027350936398549477,0.007688819010904055,0.32664795154153076,-1.9196889690579777,2.140068455649629,3.0918589045969953
-0.01495008140354562,-0.011573824914992358,-0.0024083239517919395,0.007576568382907639,0.3006501876580865,-1.7009703538614698,2.2158782699263124,2.7740321669521024
-0.014805667134604555,-0.01167540578751854,-0.0026839752168605086,0.0076990180012579896,0.3256910384273495,-1.8894327667417274,2.168230996835866,3.0574658115760336
-0.014822749641464973,-0.011666028105572004,-0.0026536627227428475,0.0076822493894189575,0.3224173603133624,-1.8683285526245699,2.1720702236747713,3.024026471041976
-0.0148414104685114,-0.011656242434995646,-0.002621376203387619,0.007663317909512094,0.3189077893050105,-1.845749411603302,2.1753858876450045,2.9879757669706355
-0.014860186459354718,-0.011643534388671859,-0.0025857189468514933,0.007647232726437368,0.3155693318151478,-1.8213763143351562,2.1816533999373338,2.950975910964836
-0.014875066503470116,-0.01162063906778954,-0.0025421215313656937,0.007647922825010809,0.3137784357554167,-1.7941545136128458,2.2004505795264557,2.9172068927430184
-0.014908705590636102,-0.01160740686967019,-0.002490954132383935,0.007608221838330918,0.30741022164739956,-1.7570001060976985,2.199668142017327,2.855415268845786
-0.014935744029972903,-0.011596957700629362,-0.002450677728208365,0.0075760513632782325,0.30211482655311545,-1.7276707337683845,2.198364802072488,2.8066607627806284
-0.014782391251674114,-0.01175444677107426,-0.002804695383441837,0.007645665600926979,0.32450693771310046,-1.9562762252776598,2.085066182774932,3.1215339120990175
-0.014786844261797168,-0.011738347075646272,-0.0027806136412795077,0.007657331442443369,0.32485272202134413,-1.9432351908203194,2.102330473578012,3.109412647276201
-0.014790104066313878,-0.011721704054693395,-0.002757152268738861,0.007671319485171159,0.32549876382330445,-1.9308255213359244,2.1205556702590442,3.0990866410277005
-0.014777902332730464,-0.011769942881094439,-0.0028280182773680663,0.007634589374368021,0.32420426357877347,-1.9688676541808483,2.068418029702537,3.13337176738
-0.014773243425145896,-0.011785866249540318,-0.002851947468329955,0.007623110995736755,0.3238968716132859,-1.9816936864111308,2.0512209300185096,3.145412437809341
-0.014752534511824872,-0.011809945078894284,-0.0029042570641063764,0.007626328966453071,0.32650031236149474,-2.013691835635838,2.0290142377778486,3.1881203503334956
-0.014749591267952899,-0.011827302021101445,-0.0029276240338292816,0.007609972611914268,0.32552656772494526,-2.02522689109613,2.0091951776371393,3.196741211527931
-0.014771011050934979,-0.011804305698988214,-0.0028757905718579534,0.0076047700066167,0.32270469318514766,-1.9933834591365525,2.030213589304497,3.1533669979353935
-0.014447879610072302,-0.01228393672729852,-0.0038064714740977143,0.007413017409412494,0.345542438019881,-2.47739280921424,1.4539508494549969,3.746108785810229
-0.014463897836299533,-0.012283363090595563,-0.003781649729280962,0.007392931169770997,0.3360658273993348,-2.462954993105203,1.4536550504541612,3.7174379024083284
-0.01444068255268562,-0.012297898706704344,-0.00382976835984227,0.007401008326937148,0.34368345540813405,-2.4868798636999605,1.4344195813286056,3.7557326327953375
-0.01445672869680175,-0.012297419265114871,-0.0038048513767435853,0.007380911647383495,0.3359099874891331,-2.47229191203872,1.4342971148333266,3.7270087841462494
-0.014411456818519205,-0.012353518374336696,-0.003922438605288624,0.007352314871467616,0.34371239540648246,-2.5229111660314913,1.3560963820824838,3.79315074432564
-0.014420053246010272,-0.012367048890200667,-0.003920280729656933,0.007320378572619271,0.3336855181910044,-2.5172104106970132,1.3370629133990966,3.773263554796156
-0.014433441674724524,-0.012311837995365548,-0.0038530311264812537,0.007388924261939249,0.3417734067422294,-2.4962057210207034,1.4148333834255942,3.7652982924840264
-0.014449473490372039,-0.012311444296619253,-0.0038280667718055225,0.007368884557183139,0.3360023884937804,-2.4815155307295544,1.4149219226132794,3.7365219453170133
-0.01442615704605234,-0.012325754459026412,-0.003876230732226134,0.0073767804026558135,0.3412692989425173,-2.505299221872356,1.3952551312351067,3.7747709923767148
-0.01444214065699393,-0.012325408125427094,-0.0038512611273642194,0.0073568808964711825,0.33591373050186046,-2.4906286243674387,1.3955521750874402,3.745961038247008
-0.014418828737030386,-0.01233964796343263,-0.0038993616101914504,0.00736457983738675,0.3421903077446566,-2.514173403916766,1.3756918048277154,3.784073148780799
-0.014427409200493435,-0.012353179342697649,-0.003897374602418805,0.007332697431002088,0.33457340908819555,-2.508486197161627,1.3566701998265407,3.764361563694838
-0.014434773818695812,-0.012339311008270085,-0.003874373976910116,0.007344845631159127,0.33541191614645877,-2.499622502525627,1.3761532084839565,3.7552577391066855
-0.014405254920919533,-0.012394825517105535,-0.003965991180163215,0.00729531949297475,0.3327823407874027,-2.5342199107170065,1.2975448125152547,3.790616797365541
-0.014389080122167905,-0.012394989703775477,-0.0039915388203735505,0.007315030530642694,0.3424068310650478,-2.5489815175878014,1.2966062883193412,3.819326340106432
-0.014397757922690109,-0.012408689592626268,-0.003988841366351622,0.007282707593104132,0.33264846989532676,-2.542509724767653,1.277723209064252,3.799139670853812
-0.014381534484329047,-0.01240876639851925,-0.004014522491492544,0.007302442254202961,0.34081571835481195,-2.5575533235035404,1.276577287925843,3.827882267776926
-0.014373945598830679,-0.01242251932881241,-0.004037462853488552,0.007289783824455407,0.339523670567443,-2.565969704314008,1.256510582514431,3.8363661521779586
-0.014390188890565378,-0.012422514710129999,-0.004011682460440123,0.00727008095086614,0.3325079615494382,-2.550672129989906,1.2578829031069712,3.807568529403327
-0.01436631353955115,-0.012436248360560212,-0.004060355962398109,0.007277057423383779,0.33864699687730293,-2.574203898282466,1.2364209265666075,3.8447511393622515
-0.014382555717920992,-0.012436299839196975,-0.004034503213760313,0.007257430757692027,0.33228492130193726,-2.558720348272876,1.23801263550746,3.815895758595872
-0.014358638380875007,-0.012449953359711828,-0.004083203909355701,0.007264261908858596,0.33805088352784035,-2.582256177657247,1.2163048148272309,3.8530143169819318
-0.014374867800361136,-0.012450051514306839,-0.004057295020669676,0.0072447357715165394,0.3319666358574304,-2.5666610501084643,1.2180949483567522,3.8241101508461135
-0.014429052946669555,-0.012380809058499595,-0.003917814270252493,0.007288381051153945,0.33237654455271853,-2.5075289578737556,1.323373965752858,3.7493487441979885
-0.014421802847348864,-0.012394793066968017,-0.003940363646600977,0.007275591865773551,0.3319571021448858,-2.515779209295555,1.3038071084385499,3.7575803070011697
-0.010940527779814689,-0.015002561518679437,-0.008013063464588362,0.0015064700629439211,0.2302077476349285,-0.05835440559429622,-3.1974506445385216,1.2041352945459998
-0.010957659897667081,-0.01499548287475691,-0.008014867540879088,0.0015364351244058193,0.23056933153430867,-0.07981193249324069,-3.1978060500120353,1.2288713970296072
-0.010887267964728229,-0.015055473002285429,-0.007949160953129482,0.0013950212490947088,0.22288374469786595,0.0018412399628045383,-3.1564150669498026,1.1069459296045985
-0.010853773324556079,-0.015082297385820884,-0.007919727515113223,0.0013303059622866266,0.21961608337159436,0.03964920117810117,-3.137650018483703,1.0516414214037064
-0.01087310398096857,-0.015074725360247223,-0.007922384359687366,0.001362916533233607,0.2199662251378412,0.01633613853359282,-3.138853144893695,1.078403820172018
-0.01093670862613525,-0.015020562888410877,-0.007982460752519169,0.0014892428972575038,0.22682183826665284,-0.05632601992169204,-3.176826312116438,1.187055887447794
-0.010919885816256789,-0.015031928691777477,-0.007972288000979946,0.0014573213692701205,0.22559773547752002,-0.03626312751337709,-3.1707148748338336,1.1599427768085082
-0.010910066731147743,-0.015055682472726224,-0.007934982041923914,0.0014282424056955149,0.22150867267904004,-0.02767149429745708,-3.1459544859789976,1.132725366251341
-0.01102193093244959,-0.014970032366403341,-0.008017511191725774,0.0016484994552394452,0.2312950995378251,-0.1611656314542287,-3.195589318297405,1.3211521098262222
-0.01103778455881952,-0.014966084963525313,-0.008013398275076912,0.0016745435616189457,0.2309322101327496,-0.18161651602580797,-3.1916181077237282,1.3421351758677458
-0.011051701204024475,-0.014959286923870857,-0.008015706539512548,0.001699821422122255,0.23140608385011346,-0.1992627902727931,-3.192103495611608,1.3631749583427122
-0.011067721435520754,-0.014959708269376176,-0.008003159750966172,0.0017228565973325925,0.2300833435597788,-0.22035695363087648,-3.182236250250707,1.38081786039056
-0.011085332169310562,-0.014952204841419623,-0.008003636611332484,0.0017540418967828587,0.23047171918445944,-0.24282852082156994,-3.1810407401255727,1.4065037991371374
-0.011143311127804784,-0.01493863813263994,-0.007983345794900802,0.001848118330816735,0.22899075525937498,-0.3176211959580076,-3.1615802805311066,1.4816520133748219
-0.011130698766675738,-0.014944584302619246,-0.007982577360987118,0.001825353024976914,0.22868918936266613,-0.3015055533422108,-3.162366610158006,1.4628631481481162
-0.011116220565586097,-0.014951903449702209,-0.007980641451282368,0.001798876306944867,0.2283310719868731,-0.2830577467576952,-3.162495131201943,1.4408748469012165
-0.011100698331437155,-0.014962411448576858,-0.00797357232071453,0.0017685276352209817,0.2273257487801181,-0.26348687806363863,-3.159174253488752,1.4151354518227983
-0.011226805837423743,-0.014907899918913147,-0.007969684669470735,0.001992101424595669,0.22887097810891596,-0.42514040834502614,-3.1424812637629933,1.5986076243085938
-0.011211174862973917,-0.014911255909751455,-0.007976942555422166,0.0019671665858128277,0.22936817952048005,-0.40501336423680395,-3.1493930492259903,1.578931391919877
-0.011180014622836534,-0.014919142460830407,-0.007988744578178624,0.0019163156907056056,0.23011285258142736,-0.3648018435242661,-3.161164799051338,1.5384324885930818
-0.011195762398617292,-0.014915434719890402,-0.007982374430911147,0.0019418041817367917,0.22969715305546687,-0.38511900265310123,-3.1549750959299008,1.5586654746699284
-0.01117447517315255,-0.014934054223636233,-0.00796658332913395,0.0018962637694448995,0.22765172345356638,-0.3577395574438558,-3.146767328258437,1.5193277625774153
-0.011159256632007704,-0.014941749990834256,-0.00796508104752247,0.0018684182458598103,0.22718234482301375,-0.3382750098782044,-3.1474644175068702,1.4962601720252842
-0.0109753862800015,-0.015006117911751686,-0.007983592770285803,0.001555435921680901,0.22720802315542957,-0.10471556507879419,-3.175524245803576,1.2414023853992697
-0.01099528775039926,-0.014993020612509404,-0.007994053906148093,0.0015934333157171902,0.22851298516866356,-0.1289953716154728,-3.1814032717163108,1.2735841885249568
-0.01101668494096996,-0.014988482094009587,-0.007987529034963305,0.0016278404699748992,0.22797489339692387,-0.15643314652546378,-3.1755034342180064,1.3011284374814425
-0.011619585149978953,-0.014730427458694158,-0.007883950888778486,0.0026991418229376364,0.2294157136495002,-0.9419791863894377,-3.00811457264545,2.1724150317535114
-0.011634437921711378,-0.01472531614604481,-0.007875412390267183,0.0027239540035239565,0.2315959806062381,-0.9610682374445814,-2.998420392424061,2.191514320465887
-0.011631511260494332,-0.014741305008655031,-0.007852176580479318,0.00270195527667059,0.2286890412215017,-0.9486036997215234,-2.986673555381627,2.166546542341074
-0.011646502785573073,-0.01473619913355115,-0.007843459075833836,0.002726678503315568,0.22749394353782507,-0.9674375368400464,-2.977067684054615,2.1854158018708714
-0.01160471639292431,-0.014735492086180694,-0.00789238986892988,0.0026743662524737395,0.23071302570030758,-0.922834683394631,-3.017573345838301,2.153543618783962
-0.011616505963686427,-0.014746277994886668,-0.00786094732365365,0.0026772960635481307,0.2292683071754745,-0.9297864131117389,-2.9962354098969004,2.1477297510471725
-0.011574931491672196,-0.014745481092211748,-0.00790900284086198,0.0026248297915032882,0.23623109576067725,-0.8846258539811979,-3.0357728211319253,2.115905651680201
-0.011571780838167449,-0.014761031428931945,-0.007886198903175932,0.002603470978537749,0.2282656295760341,-0.8731816847819655,-3.024057739041331,2.0906308254251385
-0.011589831792800676,-0.014740509980012716,-0.007900739166418478,0.0026495994087738423,0.23291540184808068,-0.9037040332732618,-3.0267790756040553,2.134746347057219
-0.011586654562530543,-0.014756100692921445,-0.007878006178825064,0.002628110591805785,0.22885526801210218,-0.8921318349071797,-3.0149437348981434,2.1098297427554744
-0.011601548871297093,-0.014751199040230006,-0.00786957929414578,0.002652685653333924,0.22922362730900306,-0.9109732955161761,-3.0056656453491346,2.128833245272551
-0.011475671848902287,-0.014823373301764475,-0.00788350163612059,0.0024118588029310713,0.22602048048307524,-0.7447747711768454,-3.042875107315506,1.9330214768756877
-0.01149071294025855,-0.01481842485349425,-0.007876460816663995,0.002436766966718143,0.22578069793667452,-0.7638820973236062,-3.0350400200333607,1.95252812975483
-0.011568746778893219,-0.01477681128657101,-0.007863561813899118,0.0025824416461052557,0.22802077315761873,-0.8666612414801564,-3.0086902251086847,2.071114989819
-0.011523689870192163,-0.01479176711754617,-0.007886913312447822,0.002507866514013503,0.22877503957947473,-0.8095024592771137,-3.0345553911406813,2.013237396428634
-0.011553821893767536,-0.01478197132752984,-0.007871128616217358,0.0025575691072034796,0.22827325069937876,-0.8477270504239559,-3.0172076776290617,2.051809659179202
-0.011538745836975811,-0.014786931877153062,-0.007879013932127976,0.0025326651556000115,0.22847040714864783,-0.8286155307694534,-3.0259097014317313,2.0324965143241656
-0.011505693588425034,-0.014813321183558827,-0.007869569094778902,0.0024617100389645583,0.22557633786663542,-0.7829141583302062,-3.027249339845412,1.9720748834300075
-0.011520590103303863,-0.014808191702889975,-0.007862633390822315,0.0024865250871770844,0.22538907356255702,-0.8018173024395906,-3.0193806074060956,1.9914980630915313
-0.011703435750799171,-0.014731016567475051,-0.007786226317806872,0.0028034603425989135,0.2258623766136256,-1.0352378729941967,-2.922660436086449,2.240669285373461
-0.01168873548562155,-0.01473657342201915,-0.007794446135621964,0.0027789329398907226,0.22608232178073492,-1.01690200484447,-2.9321536123719607,2.221901182140829
-0.011673905196862686,-0.014742090939578066,-0.0078027066860769925,0.0027542372647140945,0.22624752285009422,-0.9983842838164495,-2.9416411724832874,2.202977241666576
-0.01165892594537306,-0.014747517490072283,-0.007811109406139674,0.002729407472368217,0.22633104942187932,-0.9796729867796644,-2.9511981518830024,2.183936679466696
-0.011238615573282528,-0.014921740818042912,-0.007935124123124413,0.0019968997019925855,0.225350559030518,-0.4397024820726338,-3.117574251539771,1.5983548944162147
-0.011364776899405538,-0.01487292075247526,-0.007907368092574078,0.002214592979365108,0.22523672686766846,-0.6014495189692347,-3.0797428096906962,1.7739030084436924
-0.011380811220751906,-0.014868738108812618,-0.007899429526645558,0.0022402835855828405,0.22483626584790536,-0.6217457109154577,-3.071645095576424,1.7939773125665706
-0.011396458481308755,-0.014864343321047385,-0.007892039897044586,0.002265594402764274,0.22448045268932373,-0.64155277470769,-3.0639107367211333,1.813801039374287
-0.011411940214865185,-0.014859916188630804,-0.007884684774337571,0.002290660980351873,0.22414042753787514,-0.661121982270262,-3.0561631968353704,1.8334148855525483
-0.01142732490731972,-0.014855413011248235,-0.007877376491645155,0.0023156195411663913,0.22381749994914998,-0.6805440975947241,-3.0483983363264326,1.8529315102300685
-0.011442610781826795,-0.014850797269631818,-0.007870180831551733,0.002340505822653396,0.22351790975038213,-0.6998252421681932,-3.040660294491405,1.8723897330505077
-0.011457794807397814,-0.014846048533445491,-0.007863136840419066,0.002365339687198376,0.223246578452061,-0.718968252595459,-3.032976663896435,1.8918116084750143
-0.011472897008658183,-0.014841163367199798,-0.007856231253941845,0.0023901550476552384,0.22300117526274568,-0.7380013774850881,-3.025335507005351,1.9112237911479273
-0.011250874151670798,-0.014935391814655335,-0.00790068658639201,0.0020023249079535537,0.22183962327854143,-0.4544838718730914,-3.0927564225054236,1.5985859938426437
-0.011266399659067783,-0.014930925172915211,-0.007895195961789975,0.002027602338892941,0.22154955840345222,-0.4740973085751253,-3.086923511033946,1.6186655707226463
-0.011281926201559277,-0.014926795097301392,-0.007888939429025257,0.0020525531111103518,0.221200225051409,-0.493660142044765,-3.08051806177285,1.638365552920554
-0.011342818892809331,-0.014890765660814676,-0.007896928291834792,0.002168129096376204,0.22353157263013368,-0.5722308370258385,-3.0764552465022974,1.7342683321252939
-0.011298273687899785,-0.0149210158293184,-0.007884646880436058,0.002080040675299488,0.22110768682528867,-0.5143347431189892,-3.075241692166897,1.6603780861848527
-0.011328008035435069,-0.014898382705739763,-0.007897281678839378,0.0021409693079000413,0.2231615776057299,-0.5531368151648189,-3.0790915628039603,1.7119940679162775
-0.01131389310437695,-0.014912377973119152,-0.007885748906867725,0.002109073189747766,0.22161901487006516,-0.5343662629168335,-3.0736090662986855,1.684341069660318
-0.011359456907305474,-0.01489350603002448,-0.007876826285915304,0.0021881633556944274,0.2217510778230676,-0.5923884605996909,-3.0602488530219216,1.7480905836480916
-0.011718057436989492,-0.014725509337168251,-0.007777848997261916,0.0028277784832861272,0.22556422080324642,-1.0534257935758913,-2.913014532849164,2.2592259347257273
-0.011732702922440061,-0.014720130163689607,-0.007769072923393293,0.0028519155978895955,0.2252129400702986,-1.0715515104825342,-2.9030281932554014,2.277561566905623
-0.011747460419161665,-0.014714846397494838,-0.007759846572972229,0.0028760100917616625,0.22488895973309572,-1.0897142674112503,-2.8926444520106163,2.295779154903888
-0.011767369970506484,-0.014677221759479867,-0.0077952495660886046,0.0029455276938718,0.23082265534483137,-1.128528685656651,-2.907354720020628,2.361184912727662
-0.01176488794832681,-0.014693192065954383,-0.007772740636247701,0.002922930704608921,0.22628183977535973,-1.1156708835170637,-2.896889683671223,2.335311580995302
-0.011762360502282874,-0.014709561529111513,-0.0077502843907535585,0.002900207491155608,0.2246662433325948,-1.1079679287868016,-2.881933722514908,2.314007739352586
-0.01178205502797576,-0.014671646377591765,-0.007785937981852999,0.0029700536819370544,0.23301056215039603,-1.1468849559834329,-2.896555809992154,2.3798740546561694
-0.011779688647177431,-0.01468765145399425,-0.007763394192977194,0.0029473703576906383,0.22559587979751158,-1.133921371284288,-2.8863040241964177,2.353680397932678
-0.011796722524648843,-0.014666024878782744,-0.007776554206345755,0.0029945379315372465,0.23490064806667352,-1.1651061213748914,-2.885682712810341,2.3985654907337475
-0.011794443260771822,-0.014681998080813772,-0.007754103707586091,0.0029718258862307524,0.22479323150769728,-1.1521498061445017,-2.875663824709673,2.372095726491006
-0.01181137231649065,-0.014660357317958712,-0.007767110776982398,0.003018948027608841,0.23464493137826273,-1.1832187693624892,-2.8747741245003144,2.4171025676194087
-0.01180913518409969,-0.014676256257400587,-0.007744852230977317,0.002996255350119543,0.2243902895513107,-1.1703233832913236,-2.864960382606819,2.3905428188571247
-0.010337309358315597,-0.015241677252707418,-0.007827576427152831,5.040154324910976E-4,0.21174771143620766,0.635002219383007,-3.0593124064718222,0.38114608553478274
-0.010366458455384924,-0.015219027699817369,-0.007862925454983337,5.523194031825827E-4,0.21523965464527342,0.6107932126110324,-3.085082054705152,0.42138023281042686
-0.010394608318991454,-0.015203733361940992,-0.007884436747731038,5.980565443691027E-4,0.2172286868905577,0.5833805952053531,-3.1015498322689434,0.45894679900747637
-0.010421721051659238,-0.01519445347178241,-0.007894537863992322,6.410655505547138E-4,0.21842439071901426,0.553827971905734,-3.11024883824784,0.4938666644584225
-0.010779924017106693,-0.015084287626895843,-0.007956472951188677,0.0012204318883246407,0.2235421630534795,0.13468215614477444,-3.163728265275466,0.9653963878580928
-0.010760534576945707,-0.015093176433260122,-0.007950091852086887,0.0011870604685229617,0.2228696715259106,0.15745928294388187,-3.159549985204323,0.9377654609958955
-0.010735854712847418,-0.015098975890844444,-0.007951744734995927,0.0011474758784549403,0.22300082267120167,0.1878185461972855,-3.160712530837653,0.9058055244221503
-0.010710282196123008,-0.01511214336645676,-0.007939754378365629,0.001103085788635604,0.22181898189473884,0.21702601457796497,-3.152532829671,0.8688508323929219
-0.010450020051883073,-0.015197914729085034,-0.007880138291948459,6.823408049105262E-4,0.21629488534986205,0.5165429576276829,-3.102835333175616,0.5260877438863321
-0.010484276390710673,-0.015188557039706223,-0.007887128687874174,7.362294613578888E-4,0.2171061925760245,0.4776178699382747,-3.1096774477799687,0.5696226488220791
-0.010516912307797643,-0.015178092277528029,-0.007895901258050229,7.882771844284513E-4,0.21779697699763859,0.4408475309753373,-3.117316549473116,0.6118778868924094
-0.010545123987565774,-0.015166609451365385,-0.007907403394622843,8.343312229934931E-4,0.21890066558137478,0.4097483069304409,-3.1263500223847553,0.6496115782989754
-0.010572191549565475,-0.01515586921323444,-0.007917403958188159,8.786659882248361E-4,0.2198162172061022,0.3794636240384783,-3.1342045113227663,0.685974565710466
-0.010686708353633093,-0.015124334545614727,-0.007928177732516141,0.00106239104508013,0.22052398659131292,0.2436529814866922,-3.1444958607158457,0.834962697522169
-0.010661074398163148,-0.015135878133657046,-0.007918292211295192,0.0010191649721831458,0.21950774632153194,0.2728424167880336,-3.137452692812571,0.7992755146666078
-0.010600967658023716,-0.015144890621868197,-0.007926651698215914,9.258865445887089E-4,0.22071651699784117,0.3468173164444926,-3.141443001931929,0.724585224339398
-0.010632914818283481,-0.015143471105503459,-0.00791628151680032,9.740740465268228E-4,0.2193369050122902,0.30635612318308447,-3.135469977865633,0.7627269362678303
-0.010326739950184613,-0.015280798921089701,-0.007758090389506109,4.804235927182063E-4,0.20419289661047033,0.6276001085281254,-3.0133590129620793,0.35910918982521395
-0.010813724730562996,-0.015083079818886564,-0.00794061740855091,0.0012710723170837352,0.22181355325826077,0.09110544529200494,-3.152606594806718,1.0052830777836501
-0.010833781238065473,-0.015085683274522031,-0.007924800813317213,0.0012991255150366372,0.220082847538249,0.06463635845851569,-3.141570799584159,1.0267282496373937
-0.010799222415818549,-0.015099029581733365,-0.007919181998390324,0.001241144331672817,0.21946874311548323,0.10594099822267412,-3.1384259933715892,0.9791470718161467
-0.010849775306951201,-0.015107610782314283,-0.007875973821059895,0.001310200191921314,0.21493851583687337,0.03940106771438762,-3.1083532943002616,1.0315457637204126
-0.015677666929393423,-0.009328368893640327,8.177591796529311E-4,0.006982909990752414,0.19142151051758474,0.6276192217896871,2.5555436321293423,0.09097189469459264
-0.015701266950483444,-0.009243847278661796,9.077030513151358E-4,0.006915398457787948,0.1869153725063162,0.6932869495836559,2.5158734444329047,0.008681701963844983
-0.01576809518042843,-0.009190639479889512,9.419601465883387E-4,0.006793169671683356,0.18045450115478331,0.7156505424041556,2.44321134869273,-0.04939869508301215
-0.0157372642433621,-0.009462465406067109,6.411397439244098E-4,0.0069317637205786485,0.1869608749507334,0.4920867607397287,2.521996732038716,0.2031812724424637
-0.015743207681061907,-0.009387562657223215,7.267177519804694E-4,0.006900611071176245,0.18406886988538515,0.5557478423100033,2.505902285601485,0.13321127900417698
-0.01580487782740104,-0.008981920153537496,0.0011519429221715958,0.006647985802008519,0.1752729526029286,0.8674874252398156,2.3521230987310546,-0.2315986691779928
-0.0158448806873282,-0.009110078423925996,9.984453175919028E-4,0.006647391823907406,0.17320460523402023,0.753051264130403,2.3570166024403476,-0.1255608410780312
-0.015900045771215576,-0.008680633084475963,0.0014027215261680354,0.0063589461041797845,0.16576546339718978,1.0356056645682425,2.1684452124795546,-0.4619252816262804
-0.015901165935621023,-0.00885076678496011,0.0012382422027640613,0.006448373356772592,0.16675512023987013,0.921041221041394,2.231924109803737,-0.33490866177388817
-0.015918730240624342,-0.007439268617221504,0.002332342287756219,0.005442428353577935,0.17179967319320077,1.5741498408865748,1.5177022838445802,-1.1234532484362176
-0.01592310395829519,-0.007623098584172786,0.0022187223387433617,0.005588677294956505,0.1709349429261963,1.5220414041402723,1.6194893470748557,-1.0549399071333638
-0.01590938760880472,-0.008228691532423851,0.0017937740387783667,0.0060613746182444665,0.16687773275597365,1.2920222453559373,1.9541714059037443,-0.7602281138077195
-0.01590086424074105,-0.008062743683213972,0.001930362094048825,0.0059528916501068695,0.16791312899798572,1.3749788421996636,1.87237984267127,-0.8562095182669051
-0.01602358783544269,-0.007766388734979393,0.002048391617991745,0.005598761688311897,0.1596805187563376,1.4138638806393,1.655842720977932,-0.9609222272748908
-0.016060093145275598,-0.007938276398732758,0.0019058987153112142,0.005686291088150038,0.15718364633388507,1.3308637801144874,1.7274947568144874,-0.8723166610602463
-0.01602457762398663,-0.008316646656501704,0.0016458862623684076,0.005982572778867292,0.15689795932198627,1.182412886792351,1.9291956507620605,-0.6810732603900885
-0.015985869213873165,-0.008448467054130012,0.0015607024212878791,0.006112051344574852,0.16073819243892495,1.1321226804090483,2.011843950037976,-0.6076450736860712
-0.01603146569354594,-0.008576210491096014,0.0014233682660982816,0.006130274861460954,0.1558601152745367,1.0367748361387454,2.03575056434456,-0.5180461283573993
-0.01620810528406349,-0.006403299580892303,0.0025398532774792257,0.004367515002412141,0.15470332795083439,1.521668181773966,0.9496904066593037,-1.218140843815996
-0.016183483105093092,-0.006659546766109657,0.002473497462113054,0.004588768154444341,0.15575548834179181,1.5232057404246757,1.0629452469288947,-1.197570675660075
-0.016091160173895447,-0.00703850917892406,0.0023946316498774435,0.0049633287280962885,0.1623970861185918,1.5394766159735225,1.2569459066359794,-1.1659854701881303
-0.01624768285567798,-0.006855789341831106,0.0023478855785183327,0.004697940035301897,0.1511590038178092,1.4744627050702703,1.1404094912835132,-1.1444393985302244
-0.016099541164496675,-0.007355781443135895,0.002232648094726112,0.005209486745698781,0.15843423956256117,1.479916631760547,1.4150855443742099,-1.0815754054068107
-0.016159492090489013,-0.007209863882993284,0.0022599500109264023,0.005043573800796805,0.15555648919542453,1.4749628778672956,1.3252232119598901,-1.1004155722578755
-0.01667169235796973,-0.0043173837112285805,0.002556759414921174,0.0026343751654910614,0.10444049414313117,1.2717732476890589,0.36602227950299243,-1.1028648479878138
-0.016666202765142975,-0.0047714056928601905,0.002517629606541089,0.0029437293301769686,0.11120763907027499,1.299871177149362,0.4534199708232189,-1.117523605742161
-0.016641520067160197,-0.005178985073005973,0.0024824150679650073,0.003234781691528826,0.11748225682436732,1.3267956556585012,0.5450677069306707,-1.1292994653635018
-0.016304364872014553,-0.00604458967193797,0.002563726761426421,0.004028726824731842,0.14778934357695236,1.4781252273797192,0.8048745199504943,-1.2094676865918375
-0.016430248283408014,-0.005750354176888019,0.002534897530419133,0.0037400306469665455,0.138101220888605,1.421968142745794,0.7032001588514238,-1.1808543824269067
-0.016652349034947195,-0.0055590443332432515,0.0024114664934671904,0.0034969040448317433,0.11960540325426934,1.3352287496056745,0.6441085211618799,-1.1252906414379458
-0.009792296808812332,-0.015319516785347057,-0.007704484232253742,-2.993662924695507E-4,0.20353193802964778,1.2192944826757393,-2.8981827779182225,-0.24866921272449913
-0.0098296103867957,-0.015326821722189226,-0.007695859157447505,-2.447302497956391E-4,0.2021925298942369,1.1724599690696083,-2.90079520276139,-0.20695292135070242
-0.00987275932542448,-0.015322787126451205,-0.007707448640975486,-1.8292936297991297E-4,0.20312530427920888,1.1281134276033942,-2.9164717685314128,-0.15950649279965964
-0.010110945259748904,-0.015278270397868346,-0.007791486929590431,1.6445293803356477E-4,0.20976808393392823,0.8866363112569902,-3.0092815948911107,0.1119792754482484
-0.01015302488864358,-0.015285239474999044,-0.00777537327452906,2.2576612521180853E-4,0.2075318173813149,0.8323895058886812,-3.0048825046356273,0.15941331063739048
-0.010096112399012768,-0.015312841085238558,-0.007729069136857244,1.4069555797190905E-4,0.20305101800291525,0.8815453691702893,-2.9676485383867806,0.09126087921742068
-0.01007182092846045,-0.01531807720625384,-0.00772067120499405,1.0519557794155979E-4,0.2022401573278299,0.9061119669160165,-2.9588259606332543,0.0634798226875051
-0.010021098466384935,-0.015307605116367758,-0.007740938061644422,3.1730149898123187E-5,0.20506575002641494,0.9717079040303541,-2.9636572854017125,0.006882307820404482
-0.009994459966298889,-0.015313406842034439,-0.0077303127093083564,-7.01371691544129E-6,0.20406078397010416,0.9981018305204079,-2.952638464525061,-0.023391441363262915
-0.009978583602761609,-0.015333603604817473,-0.007693368499025241,-2.9683642896596473E-5,0.20049173826808814,1.0016495346208119,-2.927023775610293,-0.04178895122095519
-0.009948474872756742,-0.015336988785698412,-0.007686377453853741,-7.293364182039398E-5,0.1998102185387504,1.0330598538836713,-2.9175264273359525,-0.07535297345449489
-0.009911062533453462,-0.015335150943372289,-0.007687834819843521,-1.2683089386051195E-4,0.20044906852037722,1.076121345829623,-2.911740015748444,-0.11674965151978957
-0.010049469979051989,-0.01533509548097292,-0.007690500085800265,7.239030644124823E-5,0.19939427704197563,0.9203151178166511,-2.9366093799613497,0.03717570881807824
-0.010195978249939017,-0.015291798871467128,-0.0077588519618863655,2.8796481223165036E-4,0.20537324263232767,0.7773799364848535,-2.9998646785912872,0.20770730197898804
-0.010171689929673393,-0.015319930154583402,-0.007710312961119995,2.4960882677560204E-4,0.20039925121542873,0.7891439908685213,-2.9660734669354034,0.17592761887119915
-0.010237766787003957,-0.015296675131056377,-0.007744501222808905,3.482043031293397E-4,0.20324646322786508,0.7251288344402642,-2.995644335304736,0.2544342660459061
-0.010283806112628796,-0.0152914169044117,-0.007746795832010266,4.1599515042411826E-4,0.20324436340817886,0.673366055985391,-3.002014478090206,0.3078021467214936
-0.009761577302133015,-0.015348746137145888,-0.007647264024477408,-3.3909398039162064E-4,0.1975236314175339,1.2280499529641629,-2.857159232268334,-0.27941973756923505
-0.009725891252285459,-0.015379943766253379,-0.00758575431457392,-3.8431256906822645E-4,0.19118419779564103,1.2396343054194832,-2.8128373998706753,-0.3139950483927945
-0.009095604068287369,-0.015468256138297377,-0.007217193132917194,-0.001187456633308121,0.15618922483056627,1.7219323342175559,-2.4360465130818905,-0.8897841017401369
-0.009133882020503154,-0.015441692048632641,-0.007279715593467411,-0.0011531897781852363,0.1622628422890123,1.7207650507743377,-2.4799805724663573,-0.8685748651725106
-0.009178939476360936,-0.015442154254279016,-0.007300644127447064,-0.0010962160333387596,0.16407861221675216,1.6849745315877416,-2.5055659624241895,-0.8294789078691446
-0.009234946899660965,-0.015441810586908557,-0.007326689498200784,-0.0010251075679333626,0.16718856724834727,1.640150657082821,-2.537068245651549,-0.7801061385018438
-0.009283710613619496,-0.015442132126832236,-0.00734697685197676,-9.622672853364523E-4,0.16939294613000114,1.5992197583212246,-2.562850880331323,-0.7358683297521669
-0.009599207408315989,-0.0154231445478712,-0.0074835335764627505,-5.499644204014247E-4,0.1813963494259472,1.3302174117861172,-2.72413282931357,-0.4379630203996085
-0.009393056642500501,-0.015454340599970622,-0.007368413773188247,-8.155298069615677E-4,0.17104761538102384,1.4930004672681125,-2.606333194717985,-0.6308439794576205
-0.00933334345124138,-0.01546720262425752,-0.007324744705388188,-8.882800817621559E-4,0.16633356741877833,1.5326690235495588,-2.5659779804915464,-0.6823236174026795
-0.009512369185151665,-0.015436733932663801,-0.007436892866773266,-6.634369552487403E-4,0.17714054129045462,1.4010173561235417,-2.6762269664767504,-0.5211338560680017
-0.00955808910437951,-0.015446922299223337,-0.007432040728709675,-5.994322338934007E-4,0.17652569892059228,1.3490933182360303,-2.684918118208886,-0.47416854245505957
-0.009455525804955567,-0.015470415176331293,-0.00736213333948992,-7.284351569134794E-4,0.1698702102880922,1.4227691335781338,-2.619953090770799,-0.5677214925761983
-0.00884177402534835,-0.015513354530248505,-0.007004163289865361,-0.0014626622022676174,0.13473093809210834,1.8467569434951245,-2.2454575512826653,-1.0658466872264656
-0.008907037335693799,-0.015509251407678667,-0.007049402339079019,-0.0013902929484789397,0.1394376542262669,1.8099706890716352,-2.290080066587588,-1.0200244942995476
-0.009040620138118143,-0.015496759623770418,-0.007143043686626664,-0.0012396144847523227,0.14914887269712082,1.7323848963522919,-2.3811452291418416,-0.922574625660811
-0.008973419580563169,-0.015507038128560606,-0.007090584824836435,-0.0013140977082905854,0.14316630930776283,1.7685701714068482,-2.332953690205361,-0.9708155330602644
-0.008624272352081899,-0.01559812734475698,-0.00673908526380162,-0.0016437797814730878,0.10964049726645683,1.8768316986740374,-2.0515488095714853,-1.1645242778266156
-0.008577952739542451,-0.015633085719717544,-0.006658468326871951,-0.001667352222820649,0.10304262713677173,1.8630694228157636,-2.00229517580854,-1.1732418004328125
-0.008706394909446538,-0.01558709429852409,-0.0068090026611354725,-0.0015651058965555822,0.11600989895185478,1.8463324311069902,-2.1111071512042474,-1.1200533633952479
-0.008799075108882422,-0.015585346194806261,-0.006869582597315232,-0.0014663166565814364,0.12272030698870108,1.796923497925194,-2.1711572169744193,-1.0598747223439646
-0.009685533364656792,-0.015413407443667404,-0.007519351974209223,-4.341369199225448E-4,0.18443175439099405,1.2531035832014255,-2.7649192538257292,-0.351669690124591
-0.00964021277832721,-0.015449400719205692,-0.007447435825233647,-4.884522132267481E-4,0.17739714779815385,1.267996149890303,-2.7131323887973937,-0.39203789799552785
-0.007909035343660801,-0.015603334656867713,-0.006173001284252634,-0.0022871638931701156,0.05221550421913702,2.1043332279050406,-1.5593401838536567,-1.4858338600488954
-0.008024127852698727,-0.0156476620059022,-0.00621871659706378,-0.0021581707894686377,0.060451912465488596,2.037382406780992,-1.6256835390735935,-1.4211931087195582
-0.008128143672564954,-0.015668126288082625,-0.0062785549132533,-0.0020558734650463727,0.06841573905851407,1.9916410666659519,-1.6891798865903103,-1.3697029252908162
-0.007405024030251962,-0.01588805174127911,-0.005441046330299695,-0.0023764654974382277,0.007770988164455989,1.898884473596441,-1.1997537388424109,-1.4361717650382917
-0.0077545401076810115,-0.01567546820250901,-0.005956585641805933,-0.0023383953996406162,0.037861382444813074,2.054237839756316,-1.4402608219177002,-1.4848591610626813
-0.007603916545003458,-0.015811728570136574,-0.005683552347641022,-0.00232191366296038,0.020612822507482587,1.9479614573716117,-1.3230895707268624,-1.4408503957622172
-0.008234762347548366,-0.015623788291336163,-0.0064190413142667995,-0.001999104934896413,0.07801227212504853,2.0060007481262825,-1.7767136931368976,-1.3529248411133599
-0.008384701550760635,-0.015624040514651702,-0.0065335802974974605,-0.001861639634987519,0.08942601057500717,1.9538798805151836,-1.8789794666611725,-1.2825711941118898
-0.008501283686787682,-0.01563721853429707,-0.0065999746295998295,-0.0017402945938077327,0.09749724153296092,1.8933592228474188,-1.9502162110573604,-1.214132475463528
-0.00855931004244058,-0.015691277600178088,-0.006565380690448657,-0.0016468483110663585,0.0952967632346163,1.8146269281345346,-1.9599263287697013,-1.1536123766065949
-0.006984793677514239,-0.016010785631443123,-0.004981500327207733,-0.0024837926144159433,-0.017052956157531062,1.8129152482974369,-0.9791959874406119,-1.421108474009017
-0.007205185309826775,-0.01604753812436747,-0.00513322000275434,-0.0023501715541660935,-0.00490240920853502,1.7878072763640913,-1.0827977328708451,-1.3822410868789115
-0.004922500680932043,-0.016836373686366146,-0.002985458419381042,-0.002384036138849202,-0.029093555250131745,1.3227166084102244,-0.3941975874234875,-1.137072849368334
-0.005634645192780359,-0.016375557064399894,-0.003678065557143853,-0.0025977912333823745,-0.044154206110504766,1.5287636153175435,-0.5161239524930857,-1.2809862084207124
-0.005969844901405871,-0.016406677720132844,-0.003915478469167367,-0.0025023679297649375,-0.038952949652142826,1.5439495995474413,-0.6106856138123823,-1.2823993529991657
-0.00532872911613626,-0.01666811008191147,-0.003327654791024735,-0.0024397739569260953,-0.03536283352660708,1.4009291958085073,-0.46438197617781485,-1.1908441097510052
-0.0067926159674714355,-0.01618887380588859,-0.004689800814481501,-0.002418288360062315,-0.021302599509434663,1.6979400557711444,-0.8924670339411843,-1.3524719429279368
-0.0065201204106530835,-0.016325831121746952,-0.00438241686495006,-0.002408890663178112,-0.027274301577272734,1.6134780398134414,-0.7875175955827317,-1.3084478449347197
-0.006262354459216888,-0.016450776174567104,-0.004109964843852414,-0.00239324650103785,-0.03094391321578025,1.5420587279464621,-0.7016301038613835,-1.2691800204474002
-0.016618814400903393,-0.002749901628993715,0.0026563304559640353,0.0016317655086189077,0.08223905279437006,1.1809962851073246,0.15774727602287394,-1.0427844751412747
-0.01663031220257088,-0.00328385486339918,0.002637417359339141,0.001966948896132205,0.09015605982064702,1.2121486608619143,0.21382206287157302,-1.0653810305122156
-0.017007910907602175,-0.003576479849457741,0.002388559850663903,0.002076307496901327,0.07338920247604376,1.1624920873675197,0.26956826052838684,-1.0233844412281878
-0.01712082663073963,-0.004019289134799388,0.002291675644645632,0.0023213014809927057,0.0733506123216185,1.1588445332186759,0.3361052744585846,-1.0165023162332527
-0.016858762277952372,-9.234718588047368E-4,0.0025237723209134665,5.260946316256176E-4,0.049771044109581164,1.0816978033962552,0.04436577464859615,-0.9666332088559466
-0.017078878947354433,-0.0016588017680300479,0.002394899458170816,9.329024720100744E-4,0.044552136699561436,1.0762603257657195,0.09322626540526972,-0.9618224708346589
-0.017185212390812464,-0.0023044793171867425,0.002325311227726477,0.0012915725529778282,0.04644951585742898,1.0829760501439416,0.14487520785739585,-0.9657324745194967
-0.01771744587645457,2.7804957820184886E-4,0.002053501485683024,-1.4617069044604633E-4,0.005641875441988448,0.9878341092189465,-0.016824973958915784,-0.8910610261450529
-0.017681337787146662,-4.2401258249396515E-4,0.002072143367697232,2.2384349993867105E-4,0.00748405443627641,0.99204515936757,0.026097055008957076,-0.8946774310536391
-0.02252946686492398,0.004784077273313509,2.1523230230568972E-4,-9.281170921109701E-4,-0.21028575082748707,0.3083268267106289,-0.33769751575233226,-0.28642616748597544
-0.021725581839877647,0.004086373004352536,3.965697496459692E-4,-0.0010419739791231437,-0.18252816369642977,0.42971417585170846,-0.29775296048099387,-0.4006261895257032
-0.02072626025619518,0.0030914575997652246,7.057725384425371E-4,-0.0010189027647575,-0.14282887678430453,0.5881892109693054,-0.23231600066828698,-0.5469208170965602
-0.02147386654894129,0.0034064918468222037,4.790215831842972E-4,-9.39639942780236E-4,-0.18239093079223048,0.48125909173301784,-0.24962854997222372,-0.45072997409422816
-0.019713312457607067,0.001955684807464636,0.0011026359435340662,-7.857929233846867E-4,-0.09646682179680821,0.7417180670430602,-0.1464361845116218,-0.6837827320715161
-0.020633264790734213,0.002372423036681668,7.559319268028095E-4,-8.021261385561651E-4,-0.14738432267219534,0.6140438699693815,-0.17623078180378404,-0.5721658281093083
-0.018615237322109967,7.124500524686826E-4,0.001602311003857729,-3.372623474815306E-4,-0.04117969153259766,0.8851911985001927,-0.04965810405748713,-0.8067091074771807
-0.01956582685227132,0.0011489724146946613,0.0011766551940145394,-4.7369871125123043E-4,-0.09352720794515278,0.7654843275237667,-0.08406477881037612,-0.7055018977224651
-0.023753747492195592,0.004167238821337463,6.038062670968879E-5,-4.3541368267776935E-4,-0.31045423231687047,0.1730359641749093,-0.30305456834844396,-0.1603518484753691
-0.025,0.0035952450336350986,0,0,-0.4292235530633799,0.0019424357625923091,-0.2917169217516132,0.0068603990871957295
0.0021022249713485526,-0.018906637815148175,9.574347125375099E-4,-0.0014452968582730626,0.08145927052537814,0.8713508406732146,0.1400286847032893,-0.7919026383213598
0.0030197314772116273,-0.01964580111035335,0.0012226556049288071,-0.001096724348508502,0.10884979742960103,0.760141076723584,0.21412010978441634,-0.6958354344654626
0.0022663230669386337,-0.019634634679043406,9.223443667547919E-4,-0.0011277517813290691,0.11592769968289561,0.7689400368429963,0.15533032295945245,-0.7055588156215366
0.0042400257415768665,-0.02077832561575229,0.0013619464766575085,-6.427743093454897E-4,0.14624894342248726,0.5687601429574877,0.30221529825846544,-0.525430466338033
0.003469507981132983,-0.020274302316829557,0.0012491577504802024,-8.426627363992443E-4,0.13403680184287411,0.6609215613662797,0.24699344222287403,-0.6092375179027698
0.004486777089624774,-0.02180188745825184,0.0011118525290135077,-3.66310395122318E-4,0.19270481301651154,0.4243754955881043,0.306626419956281,-0.3954334890442297
0.005060916111430359,-0.022876878411238394,8.489850740813254E-4,-1.5546611081783827E-4,0.232439386446556,0.2750737014111983,0.3396751081974858,-0.2552122426209937
3.682735212410878E-4,-0.017390824962164854,2.0010911741225135E-4,-0.0022302990229772293,0.020913943614569826,1.0475360852938167,0.016661359194650147,-0.9370637833672256
8.490962725910229E-4,-0.01808228188537744,4.293849096506079E-4,-0.001864603839951802,0.0497550710039242,0.9727169274115645,0.04840869036132144,-0.8768636875500565
0.0014845591861206535,-0.01861534774616402,7.035156275916296E-4,-0.0015947462969592575,0.07186910417975328,0.90904967734006,0.09357830147700132,-0.824056008593096
-0.0026470357713247595,-0.01658513019331588,-0.0015718599341461744,-0.002679554073463389,-0.026008076545315725,1.208887705443595,-0.1047319759513055,-1.0634007455610375
-0.0016182148095972267,-0.016929540815826965,-9.213208145802347E-4,-0.002482722525606284,-0.0038633208296085697,1.1178801215005496,-0.06459306023082513,-0.9930823867204625
-0.002180539140808713,-0.01697845083196676,-0.0012438902915001568,-0.002448843267638532,-0.005319073988946245,1.1333875009826122,-0.09796954629402259,-1.004365578486478
-4.834221220614837E-4,-0.01748824560307273,-2.602225318282213E-4,-0.002177320813853988,0.02472318071757326,1.0382099626615833,-0.022860484848175922,-0.929858319160655
-0.0012235509992401506,-0.01737893056246719,-6.673752796811055E-4,-0.002232557407891615,0.01750035256227024,1.058373750502247,-0.05809528430012947,-0.9459813164591541
-0.003243103133687508,-0.01679343649607972,-0.0019116759127054597,-0.0025361764288591364,-0.02264657324208128,1.217113469100205,-0.16770060480917337,-1.0686401854225194
-0.0038007492617505596,-0.017209765064589263,-0.0021658966846486807,-0.0022530798241228067,-0.008485505713052498,1.174518891408616,-0.2517572338465445,-1.0319284920835698
-0.004582432906113791,-0.017135049635749286,-0.0026645766085836606,-0.002232019200268533,-0.016405224956238893,1.226467762746794,-0.35342473373199107,-1.066472245942084
-0.004262471804749889,-0.017443809805073145,-0.002376234105199574,-0.002078069935605532,-7.695436374325436E-4,1.1447331874820625,-0.3204375357007944,-1.0038928632491417
0.004322215902467999,-0.023924113224116268,3.9270027318007785E-4,-4.4774175408739246E-5,0.32498929301007146,0.16032226417785655,0.3095241962617519,-0.14749724142999268
0.0035952450336353328,-0.025,0,0,0.43506857696270157,0.010905571200995551,0.29310872466064053,-0.002151671943268645
-0.015147880733952462,-0.011062665726699073,-0.001583624558682691,0.00767417237235994,0.28133156965003675,-1.1625179719258918,2.5648204804054306,2.177282222739718
-0.015125198453504537,-0.01113072790717759,-0.0016907447878299349,0.00766616715867046,0.28417647597364315,-1.2358116146921272,2.526339873883988,2.257752464316796
-0.015135909741486606,-0.011099398913399693,-0.0016412514321382367,0.007669807003556932,0.28277078424472285,-1.2021306949341233,2.544187093440882,2.2206482351985035
-0.015144583878911311,-0.011157146483338518,-0.0017119764850506854,0.007614462545093283,0.27967759315455415,-1.2462353379312137,2.49022834507991,2.249427337128853
-0.015185526806569654,-0.011033201348353543,-0.0015193910753758812,0.007628865123243942,0.2749949895922259,-1.114552540490643,2.558714663710742,2.105182471140083
-0.015224706986239228,-0.01092609327716556,-0.0013512027850330047,0.0076261210316186665,0.269222787503262,-0.9967038814787524,2.606272108748442,1.9720958992912594
-0.015201857372085792,-0.010990983484623948,-0.0014524275694575203,0.007627222445943863,0.2725823998281572,-1.0677194636756886,2.5776438295048183,2.0517983995103672
-0.015227183891423059,-0.010957820935404384,-0.0013926592675627028,0.007603596704517737,0.26816557224205473,-1.02436714763536,2.581636108779395,1.9941979042866833
-0.015225978535090737,-0.011021274448917534,-0.0014781156268348387,0.007567542580621018,0.26751314544335075,-1.0816229920633431,2.5361822788516197,2.0443597400474305
-0.015372379532119146,-0.010448383830544472,-6.318484689832918E-4,0.007566439674413639,0.24543745719247806,-0.47264535706252725,2.745069476141141,1.3838382554044677
-0.01529118677039377,-0.010559550355210738,-8.118041854303708E-4,0.007676241253523392,0.25985138207691544,-0.6095814805214692,2.771086308596726,1.5708678367839493
-0.015276042890763739,-0.0106151000484652,-8.956842396838481E-4,0.007683196525332454,0.2625622681632093,-0.6714260405498679,2.756196517859281,1.6396796724989158
-0.015269816414298417,-0.010659359312064128,-9.603816646585429E-4,0.00767694454864577,0.2637212293818537,-0.7184981909811149,2.737387147196914,1.6877920975617857
-0.01528408429405995,-0.010693182300888084,-0.0010017453887599117,0.007637874344464653,0.2606780289586406,-0.7469614136206016,2.7047848774520555,1.7030577139609913
-0.015293430565949616,-0.010731402545670716,-0.0010504932769713302,0.007605099085143113,0.25902669434612235,-0.7805995946733987,2.6739133379534974,1.726692592829498
-0.015365716427681711,-0.01049447708223023,-6.974173793543522E-4,0.007565378643509551,0.2464647952661915,-0.5211701774021372,2.7311555134170846,1.434329169792246
-0.015349661376159845,-0.010545566338345894,-7.728912502614908E-4,0.0075777941543253525,0.24944367356357808,-0.577178632692176,2.7224266102905808,1.4982131387178563
-0.015264143784203758,-0.010803653771205374,-0.0011632788064033282,0.007622483490369374,0.263634088312628,-0.8627339700915523,2.655253129298442,1.8228984660605934
-0.015303574034477399,-0.01077132681808369,-0.0011004567620929043,0.007569558963593369,0.2569262199618841,-0.8147538886306408,2.641010423515724,1.7500732789677491
-0.015259867836094712,-0.010899392952053492,-0.0012956162749989382,0.007580521812577271,0.263295055308098,-0.9543754660157282,2.595804446610192,1.9075194849860646
-0.015268169448448677,-0.010850656789313016,-0.0012253764809624498,0.007591993361208201,0.2623952134002017,-0.905376173809734,2.6213006030488635,1.85784336965699
-0.01543627813374713,-0.010346418833354324,-4.7730057433358937E-4,0.007478511742548606,0.2344384307045613,-0.3551319726333743,2.723017959194624,1.2284063543510744
-0.015411080958386811,-0.010407828693292376,-5.664474664982992E-4,0.007509025637312198,0.23899388402643673,-0.4223411637843503,2.7242769685346153,1.3095287895151755
-0.015573991304992285,-0.010070165162677154,-9.411332078990126E-5,0.0072746769124027956,0.2122823377997566,-0.06389391201413391,2.663656060924217,0.8587414935056602
-0.015469260488180281,-0.010247268226241729,-3.374646891163792E-4,0.00743794597696286,0.22862698756101715,-0.24968812323333256,2.723239777643553,1.1050410619479942
-0.015590776792787673,-0.01011879285532262,-1.5638725529619385E-4,0.007244592116450526,0.21032869460433617,-0.11018887083624666,2.6381875123504175,0.89512068069568
-0.015514933230829428,-0.010190398990244529,-2.5594289468179555E-4,0.007366516330047388,0.2214997738555909,-0.1870804122617213,2.69430125355004,1.0153134396987513
-0.015571618351564908,-0.010159624114897957,-2.1051400431629789E-4,0.007273753515732421,0.2139567542842357,-0.15120828650070933,2.647454602401552,0.9465232045309481
-0.015487647314467338,-0.010300190564104014,-4.0581201149891794E-4,0.007398594158711406,0.2264714621723878,-0.29995650134499335,2.6891194068560154,1.1422631685862692
-0.015665212348124437,-0.009642461242548472,4.4140155773918303E-4,0.0070884440400396515,0.19582646121356914,0.34216102380449437,2.604740604585864,0.39633775739547944
-0.01571429542461521,-0.00959395615260513,4.90411541593822E-4,0.00700018898955243,0.1897719527498077,0.37832788491544217,2.55619901443456,0.33353146391404304
-0.015675420640827244,-0.009696569220932979,3.7292955416414E-4,0.007081757089839449,0.19576080222750075,0.29004957646560797,2.59661069523354,0.44471398399584816
-0.015652186498134914,-0.009750344148987806,3.0974331477273464E-4,0.007127504178428682,0.19827628745765302,0.242692823274708,2.6192317890552848,0.5059270628120026
-0.01562593314986446,-0.009811040638968338,2.367069245130271E-4,0.0071780044787984,0.20318451606557714,0.18704815860707552,2.642635181518123,0.5768284891151648
-0.015622913280224186,-0.010021494836617417,-3.0663252402317174E-5,0.007194278200840197,0.20537910143271917,-0.015553868894911236,2.6249506342726003,0.7827659256075504
-0.01563689249727694,-0.00988696392304047,1.3964424433069266E-4,0.007166831448541517,0.20148765392561188,0.11303888508030159,2.62736625188819,0.645649155758805
-0.01566774029003746,-0.00996097623698275,4.50850769554004E-5,0.007120100880831229,0.19932913107177763,0.04238506254609373,2.590878085418568,0.7004615292019172
-0.015776461719944266,-0.009539126500936404,5.41234892981955E-4,0.006890621224104395,0.18234991654349939,0.41495701073901997,2.4944359628857824,0.2638212104811764
-0.015009943156441375,-0.011394994126146599,-0.002129106678275538,0.007648345273998326,0.29780370564753383,-1.528765669294937,2.364204031041307,2.5935240158236237
-0.015040097809209433,-0.011373216028075265,-0.0020748765060156064,0.007617764659844199,0.29260059724493287,-1.4899559166311058,2.3669916463743164,2.535206141109071
-0.015107978984680843,-0.011205066641227805,-0.0018019934318562836,0.0076409080443334216,0.28536458667918985,-1.3096360744747633,2.4755645683240277,2.332874039200808
-0.015107714599727358,-0.011239329990750394,-0.0018470490584790477,0.007615182567378416,0.2840975062097926,-1.3378556699544895,2.4458488252175137,2.3555156036887577
-0.01509954110977299,-0.011267412809382864,-0.0018898483976763345,0.007606888113614868,0.284766085563262,-1.3658617315138049,2.426537645440224,2.3848881711638716
-0.015103719064333504,-0.011296600562494161,-0.0019240683070465595,0.00757675693683832,0.28281431892241576,-1.386089321732035,2.397798557309233,2.3968459220652103
-0.015075089453106908,-0.011364947148508622,-0.0020344637467465385,0.007567461187678283,0.28583568591768477,-1.4584148950313949,2.353501957812285,2.478337090944049
-0.015098097802978236,-0.011337182764545997,-0.0019802195013746376,0.007553024072766036,0.28226272074994063,-1.4211810814179413,2.3648449243628495,2.4288905192038945
-0.015142337704139676,-0.011189867203356926,-0.0017565042328916084,0.007594520672053688,0.278944478478473,-1.2749382219859886,2.464405710177647,2.2746396464532634
-0.014673149539362185,-0.01193641858696468,-0.003144467532665011,0.007588692683933252,0.3324341208570308,-2.1495923289306695,1.8941901501996166,3.352588429163252
-0.014680884998275136,-0.011921950439576952,-0.003118728528613394,0.007595790534431892,0.3321366015321932,-2.1358029630200583,1.9106151020680964,3.3369072367520656
-0.014647164038759807,-0.011993609458917842,-0.003239764611227064,0.007552137236499896,0.33228225806619593,-2.198228677006224,1.827181607788203,3.404096456643893
-0.014654226966296181,-0.011979236670271719,-0.0032152074615060494,0.007560799420885409,0.3322256137133539,-2.185682944873838,1.8441259485981913,3.390425025093677
-0.01466043379595995,-0.011964531533613725,-0.003191356147902523,0.007570973660456801,0.3323886184218759,-2.173725707542158,1.861472612212003,3.378181517650384
-0.014680739429699542,-0.011948942362563216,-0.003148273921539441,0.0075613902055011225,0.32936048319915084,-2.147305904245073,1.877435407097683,3.3391510990324447
-0.014677347059778476,-0.011962458221045491,-0.0031671739437331777,0.007548930159773613,0.32870178756400853,-2.1561260562344713,1.8614112334329043,3.3462492080705633
-0.014640743538036044,-0.012008254342118095,-0.0032636983624538215,0.0075420127968765715,0.3321464906540428,-2.210099164949486,1.8096942249583259,3.4163727197189253
-0.014745108838934002,-0.01184465074476715,-0.0029526914424204995,0.007595797156217543,0.32501508824547987,-2.038031937713478,1.9897204441918002,3.2079351629996595
-0.014735846808652892,-0.011864158591915095,-0.0029858976499285324,0.007585975792351247,0.32525534105676285,-2.0562137513587264,1.968822345211194,3.2279452758309337
-0.014711654968128767,-0.011888568082267991,-0.0030430176570472173,0.007592080159595456,0.32838111236533396,-2.090926566954668,1.9450312646273853,3.2759607770554564
-0.014706348301476707,-0.011904416122827473,-0.0030671821384037432,0.007580148035857001,0.32800934607428056,-2.103193070591295,1.9269462351372926,3.28759972837268
-0.014730777715109132,-0.011884843725916278,-0.003015138991486942,0.007568116760924237,0.32444881686481736,-2.0706685709313777,1.945268462761094,3.24009604467077
-0.014700161106373488,-0.011920353693402492,-0.0030924599476050865,0.0075692331306929745,0.3278264570201272,-2.1161950253042434,1.9088255856939147,3.30067092726399
-0.014635305821710345,-0.012023558921619633,-0.003286932489265707,0.007529427021258074,0.3316861376579498,-2.2210476862181765,1.7911996868105469,3.4265490853577916
-0.01462871204341089,-0.012038208825688424,-0.0033109442142776964,0.0075192054232899016,0.33152839279045104,-2.2327729097566293,1.7735279225669058,3.4387269652149235
-0.01460865123733912,-0.012081051191534659,-0.003381808785275576,0.007489426868619546,0.3311706942671844,-2.2669866767828073,1.7212666227279276,3.4746716199678502
-0.014615242929824718,-0.01206700600957039,-0.003358622775830034,0.007499331686173055,0.3313059855202359,-2.2558904469942678,1.7385131986259055,3.4630419794638563
-0.014622414701733704,-0.012052912865632202,-0.0033345387981777064,0.007508320632599844,0.3312812544314749,-2.2440724732052124,1.7556502506771807,3.4501453627333123
-0.014602837600195713,-0.012095457098086041,-0.0034042177483294,0.0074777808599980206,0.3307760288918806,-2.277248552496346,1.703449051344711,3.4845814354699343
-0.01459644630995526,-0.012110040804392805,-0.003427515236419611,0.007466535560330535,0.330475838758804,-2.287990512823392,1.6853423647029346,3.495366125455932
-0.014589341536221927,-0.012124176572240545,-0.003451283756120188,0.007456733285704291,0.3303781449081618,-2.299182361435745,1.6676992694027095,3.507359540807736
-0.014582888359255057,-0.012138389457604539,-0.0034741500501284488,0.007445764771640867,0.33011782760179215,-2.309590399325176,1.6498519736031902,3.5179135049194765
-0.014539407429856219,-0.012196802676237808,-0.0035916152357176752,0.007421677315025664,0.33253794065276954,-2.3681901960667364,1.574498986320422,3.5917405356431558
-0.014515760730446393,-0.01221207364366818,-0.0036401385923881453,0.007431044695342927,0.336426981593085,-2.395512975778679,1.5534951759718185,3.634178768276719
-0.014508710339809758,-0.012226345860163855,-0.003663660839891518,0.007419520089077124,0.3360310902845775,-2.405602813800783,1.5345547230200793,3.644568572886746
-0.014532777966959627,-0.012211230117490389,-0.0036146405738634794,0.007409686148079397,0.33215564045457424,-2.3780370901879047,1.5557172584590597,3.6015202334152963
-0.014480197545725453,-0.012282930995484623,-0.003756936216190773,0.0073729142804770595,0.33488646314696613,-2.444573710856552,1.4584682354407796,3.6847217409097666
-0.014487290670121654,-0.012268837221742565,-0.0037338393764887244,0.007384780366900645,0.335162063786183,-2.435127737649426,1.4775431559262175,3.67506466039073
-0.014494417720170199,-0.012254732840877516,-0.003710599893158277,0.007396454887177515,0.33542650469921315,-2.425474651222471,1.496557644940079,3.6651236543261625
-0.014501562184649111,-0.012240568583074034,-0.0036871996843883584,0.007408030184438817,0.3357097939837748,-2.415627822339246,1.5155646785450678,3.654949445464793
-0.014576954566353715,-0.012153073243431916,-0.0034966611900893343,0.0074332693962535805,0.32965466985922465,-2.3194270746444356,1.6313502591372184,3.5271978198240492
-0.014570076196130826,-0.012167776690432194,-0.0035204312490609915,0.007421865494092131,0.32935388782743097,-2.330065227737918,1.6127186082729439,3.538059577733456
-0.014562603508106758,-0.012181808899829812,-0.003544328495301396,0.0074120446510048165,0.32928046209541084,-2.340997233462463,1.5947896697779103,3.549958557624503
-0.014556067064004646,-0.012195677101737782,-0.0035666710920656745,0.007401039458487695,0.32899335037778216,-2.3507942948993263,1.5770113606400713,3.5599160675959527
-0.014962857512853606,-0.01152658048090073,-0.0023380322993582048,0.007602644746516234,0.30077190470049514,-1.659279696271355,2.258426552798987,2.7331110354137635
-0.014964536088598874,-0.01155272898763264,-0.002368406677761593,0.007574445235989756,0.298615691232298,-1.6753746825929983,2.230711533186088,2.7418622868904037
-0.014988719992994354,-0.011511094730879946,-0.0022941407345663696,0.007576010450648557,0.29602160810612826,-1.6281406610551412,2.260874288071396,2.684931828243268
-0.015009982700400345,-0.011429553758452568,-0.0021729218002225683,0.007617282185045762,0.2961075863221731,-1.5542124230584797,2.330361403986286,2.611761625637811
-0.01500580567364587,-0.011466433204818225,-0.0022229237532072673,0.007590353375462371,0.2949931090817434,-1.5838199330221943,2.296347787055732,2.636865693857072
-0.015007174457947733,-0.011496046774874764,-0.0022582467584695127,0.007560619192169516,0.2931986597339444,-1.6033308237149513,2.266208665649556,2.648944576017991
-0.014984483136595325,-0.011571337673814124,-0.002371335476475089,0.0075246130603436314,0.29347467972992947,-1.6714295920847027,2.2018900229573615,2.7179424163443753
-0.014807802248449116,-0.011696714384216034,-0.002707260517825862,0.007671773141986283,0.3234598780501203,-1.9001547809025834,2.1428602069726446,3.060163791642521
-0.01480854833522113,-0.011716669864292517,-0.0027302052180612486,0.007648110646552467,0.321631537091052,-1.9110560217899584,2.1196147005621317,3.064643088365687
-0.014971603756544093,-0.011601019764954762,-0.00241948879411868,0.0075155212933257064,0.2942559330553687,-1.7008054297681912,2.177567102234353,2.750503620554901
-0.01482644340538768,-0.011689071778784102,-0.0026772984713285927,0.007650909591306389,0.3197665898972292,-1.878823079597425,2.1443448612008207,3.0248108589524363
-0.014841232794681239,-0.01167566347709831,-0.0026449467546960223,0.007642382604984188,0.3172955834518157,-1.8576568550900543,2.153623627033722,2.994716977275974
-0.014864432931654022,-0.0116694151752465,-0.0026122229573748226,0.007612652978788825,0.3125836561208863,-1.8334406182077332,2.1511286892773533,2.9525068003029635
-0.01488709606768659,-0.011648922941943123,-0.0025634981083024096,0.007598939315180146,0.30912235434950547,-1.8013287986535291,2.1642328798549344,2.906974486552644
-0.014905784641506997,-0.01163133409548055,-0.0025227966517591366,0.007588006416717965,0.30608406283929257,-1.774445942228303,2.1752455396365877,2.8692266038923426
-0.014939203256621814,-0.011625854176077033,-0.002481720598593315,0.0075411646566917855,0.29942310886525636,-1.7429312548589004,2.1663213696908685,2.8120901222209445
-0.014796904148214952,-0.011767378845131677,-0.0028029602578266964,0.007608227165608924,0.32001619771175743,-1.9498995779268162,2.0651397482099445,3.0986552592845595
-0.014801920693725615,-0.011751878937681974,-0.0027791635220703187,0.007618327676644784,0.3201841513484008,-1.936861382056296,2.0813824338055458,3.085884576876887
-0.014806161967778092,-0.011734783407690364,-0.0027542971418186984,0.007631284478163685,0.32066184219335914,-1.923498133683416,2.099622708822778,3.0738777902170065
-0.014793292119659676,-0.011782484751533115,-0.002824590969280989,0.007596263879110052,0.31954187312802684,-1.9612970216031176,2.048784680609675,3.1086496220131323
-0.014791378494691415,-0.011799297273213894,-0.002846086817386131,0.0075795712346489385,0.3184761746028078,-1.9718542150530294,2.0298570081029443,3.115793623777519
-0.014768708210258575,-0.011823155906513044,-0.0029000021158075463,0.007585878800608574,0.32152566523765597,-2.0051063809547007,2.008709708688349,3.1612534510179713
-0.014763000121768528,-0.011839571465701873,-0.002925370236824851,0.00757487691563363,0.3212958994308744,-2.0185811992279485,1.9909806672155916,3.1745434561582204
-0.0147893148866321,-0.011818032202371855,-0.002869780356764558,0.007560707311812715,0.31726967314353355,-1.9833244702740773,2.0087156657080723,3.123369124636348
-0.01446591606436422,-0.01231128356331393,-0.0038031585288353545,0.007348569693430646,0.3340373162067589,-2.46307490152601,1.4198630817819173,3.703497069372745
-0.014473117878273828,-0.012297093772250243,-0.003779988383927431,0.007360765896055835,0.3345166292157613,-2.453842706547262,1.43923321911043,3.694106959315189
-0.014489776423150058,-0.012296842831451117,-0.0037548591026289086,0.007339917351015342,0.33029180732940505,-2.436820524374042,1.4420609080458666,3.662109683197158
-0.014436274322279506,-0.012366902128604564,-0.0038952807243285413,0.007300929494181159,0.3326804393433603,-2.4991385493835576,1.3427768932672166,3.74091295600417
-0.014458519315885697,-0.01232536266383316,-0.0038264393505077075,0.007336622489493958,0.3335587647340789,-2.472337685627411,1.4005022035244812,3.7130841468481925
-0.01445102893764512,-0.012339273746880527,-0.003849636120718231,0.007324882279177956,0.3331811722302307,-2.481521588269713,1.381240575384165,3.72269735272886
-0.014443588023984969,-0.012353082158917658,-0.0038725913891594645,0.007313073467555977,0.3329150777823812,-2.4904815303571888,1.3620350081921784,3.7320396634373183
-0.014350920197693798,-0.012463634192265599,-0.004106013271740801,0.007251393606759203,0.3373920767915141,-2.59013786721335,1.196148351293192,3.8611461769561526
-0.014367129341118652,-0.0124637786220951,-0.004080057990323311,0.007231977666306883,0.3316060061997317,-2.5744961361972183,1.1981171468745153,3.832206084514325
-0.014311686570991885,-0.012531671170102522,-0.004219360209971875,0.0071860319882027035,0.3377756191601928,-2.626881214872805,1.0949696960485344,3.899711492970782
-0.014319618735532863,-0.012518113178479765,-0.004196791043066992,0.007199236279221584,0.3369449060185324,-2.619805086530985,1.1152778505203358,3.8923646292741925
-0.014327711931538594,-0.012531948777920085,-0.004193326968610276,0.007167347479248351,0.32888710695502654,-2.612039784715511,1.0974935779017605,3.8709077815166153
-0.014327508257654869,-0.012504530351169442,-0.004174188054301191,0.007212365149679445,0.33547973035195383,-2.6126616098487014,1.1355023393317754,3.884799689696943
-0.014335635414230921,-0.012518364593470825,-0.00417082236679156,0.007180467384064262,0.3298450648205011,-2.604788255335311,1.11775435398081,3.863503724014986
-0.01433535505992158,-0.012490922821849835,-0.004151521227590612,0.007225436044309229,0.3352268465576637,-2.605360444952164,1.1557175103487096,3.877043506086593
-0.014343566180446882,-0.012504776947312847,-0.00414821595963672,0.007193428154631586,0.3306621973707156,-2.597387463736634,1.1379144661555474,3.8558809882944325
-0.014343159065406773,-0.012477290724274193,-0.004128789069500598,0.0072384497139423845,0.33630213584344,-2.5978478973389585,1.1759446677720358,3.869152612222789
-0.014351478596034374,-0.012491154580328243,-0.004125526898789929,0.007206304126978018,0.331073371609665,-2.5898596412091788,1.158011978812614,3.8480870633004147
-0.014359335807412213,-0.01247748378117257,-0.004102800476055185,0.007219157660567491,0.33130362106772177,-2.582227604350818,1.1780823610499007,3.840191814099844
-0.01444554123825552,-0.01238078238673414,-0.0038924644072004864,0.007268313800514763,0.3281847523755674,-2.490749189967138,1.3272561035896426,3.717779078836372
-0.014414436440438038,-0.012408786590683526,-0.003963007067494061,0.007262770886745974,0.33145781088405973,-2.5239821033381653,1.284126954035133,3.7658040233175707
-0.01440693956184629,-0.01242272934823456,-0.003985720132835577,0.0072500264092279125,0.3309407383298655,-2.5321539595013913,1.2643952250458244,3.774075902751657
-0.014399330213223996,-0.012436601491671919,-0.004008462498034258,0.007237366008379286,0.3304432046219885,-2.540276214987052,1.2446380190232966,3.782373285614294
-0.014391633183820148,-0.012450410992258333,-0.004031204416634286,0.007224746742505142,0.32997585806073687,-2.5483214085465558,1.2248536630419993,3.790646419851592
-0.014383869236686837,-0.012464178727524268,-0.004053930782463209,0.007212110895296321,0.3295280055538186,-2.5562652579303773,1.2050259084800004,3.798845448260433
-0.014438679144031533,-0.01239485784615133,-0.003914384724368399,0.0072550660618056545,0.32762173618619284,-2.498638659750105,1.3078640247092672,3.725276110899376
-0.014431618083013263,-0.01240905264109037,-0.003936607655303689,0.007241722994186738,0.3270748042159484,-2.5065691616712695,1.2882139159544117,3.7328825081825063
-0.014319773715820624,-0.012545542001342806,-0.004215768778251514,0.007154075470670443,0.32821359362451213,-2.6191384023986335,1.0771424724065068,3.878132619047919
-0.0143037118419788,-0.012545204192439477,-0.004241916015161571,0.007172740183296982,0.33703640340993574,-2.63392732825863,1.0745344041068197,3.906889265089036
-0.014295694626951438,-0.01255871211197754,-0.00426445249462592,0.007159364268637665,0.33520749116588555,-2.6409007785983847,1.0539942246605492,3.913970095445492
-0.01431177783057188,-0.012559129284865632,-0.004238202759084097,0.007140721112524545,0.32791202792295754,-2.626095283845832,1.0567435288275215,3.8852466254545135
-0.014287635004878955,-0.012572194795293822,-0.004286943785337511,0.007145919586337378,0.33357248099299547,-2.647720091450349,1.0334160040559512,3.920983684757776
-0.014303701052818432,-0.012572680157389682,-0.004260646065725842,0.007127355192629025,0.32776614635450324,-2.6329268928563327,1.0363381588140592,3.8922888839118355
-0.01427953305524214,-0.01258565210906067,-0.00430936207628279,0.007132422839733182,0.33367646877420815,-2.654342531006675,1.0128557262801414,3.927893410954924
-0.014295557501418891,-0.01258617768148281,-0.004283068037730758,0.007113986944216715,0.3273717592407786,-2.639638858532799,1.015927491376175,3.89923774769397
-0.010955781828796933,-0.015020474399988708,-0.007970308838838966,0.0015172704157135045,0.2255791833397574,-0.0812128987031616,-3.1676026613858537,1.2088074541952156
-0.010900142680895085,-0.01507698319301014,-0.007902288094735256,0.0014009186323105348,0.21790176511560164,-0.01877492194860775,-3.1243202843694857,1.1075321280658939
-0.010871499247622362,-0.015102000038356517,-0.00787381494855207,0.0013447959724873007,0.21467234986874928,0.013014739629871958,-3.106247126545171,1.0593826989451511
-0.010891600550102687,-0.015096858841718538,-0.007871419127396525,0.0013767813140412545,0.21465411168047122,-0.01147877473151729,-3.10392815916085,1.0851246015916374
-0.010944389472553245,-0.01504007102355201,-0.00794194478558685,0.0014880184483014001,0.22237576729386577,-0.06938674657581939,-3.1490462565895503,1.1821309414603374
-0.010930430858126172,-0.015054894872110404,-0.007923826579958227,0.0014583685621134088,0.2203021973019398,-0.05375712176145233,-3.1375201892480313,1.1562500265413005
-0.010925040784200556,-0.015076895316153175,-0.007887352835966139,0.0014369540351459734,0.21642657331354362,-0.05052366907820647,-3.11319781016609,1.135517953174565
-0.01103520613772329,-0.014984430685977036,-0.007981838003280508,0.0016576572438130705,0.22751484378588946,-0.18018050923053852,-3.1702792233282264,1.3250188244135523
-0.011055622413358631,-0.014977955037930974,-0.007978916804819968,0.0016919293119347578,0.2274134302195723,-0.20613178324782952,-3.166711477743969,1.35281550258407
-0.011081976514966011,-0.014976044166972242,-0.007963036012345994,0.0017313762099230644,0.2259011051259678,-0.24009996098753802,-3.153724251300873,1.3834569867586854
-0.01114323547074536,-0.014955665829480975,-0.007952879525679496,0.0018345900677627003,0.22563840116947062,-0.3180018525193105,-3.1409384965991105,1.467091326970201
-0.011128925434314508,-0.014960199437743738,-0.007955917796474357,0.0018106620378331051,0.2257625651348954,-0.29979172578349184,-3.144457938884779,1.4477977936354796
-0.01111706051660816,-0.014971663531320723,-0.007944506141551925,0.0017849232476719165,0.22433894650293904,-0.28499324967112466,-3.1379194119804183,1.4253622987087107
-0.011102328340883755,-0.01498348761810174,-0.00793448447924751,0.0017549703396289287,0.2230085734048389,-0.2666821817782465,-3.1325598320120993,1.3997041209165186
-0.011222037798817343,-0.014925343964489149,-0.007942784187499803,0.001970630626146387,0.22581144781003124,-0.41859166958871424,-3.1249019712284576,1.5776961972829413
-0.01120688949649562,-0.01492643777454949,-0.00795351633892931,0.0019484076706224036,0.226760468333697,-0.3992956262029877,-3.134048613505086,1.5607032307773914
-0.011191783233910204,-0.014935838813989072,-0.00794928811858151,0.0019193261624702253,0.22599322607203057,-0.3799124754157553,-3.1330329210543977,1.5362729739777434
-0.011177022469471158,-0.014951445547538564,-0.007933549409488797,0.0018858171359277841,0.22406683163275484,-0.3610690023311491,-3.1241600601680095,1.5069316093046352
-0.011158897062375661,-0.014965449431723883,-0.007923121338326108,0.0018490904409034857,0.2226673263826108,-0.3381688300118136,-3.1191355420250555,1.4755925922883637
-0.010976150632273949,-0.01502676080352619,-0.007945503664825099,0.001542831421474556,0.22292627841095586,-0.10848869613189968,-3.149680562069829,1.2272664635230004
-0.010993765926800738,-0.015019224818514617,-0.007947414545632954,0.0015734149146044189,0.22331189936934895,-0.13026773956655843,-3.1498796419782593,1.2524493226851598
-0.011013959073483745,-0.015010506391662988,-0.007949441226347513,0.0016085958614157328,0.22375188986526542,-0.1553263803337366,-3.1499086443199364,1.2814453108093629
-0.011030170455288195,-0.015001743163484944,-0.007954018280865402,0.001638131109493468,0.2244398864219165,-0.17534701118040502,-3.1518241263726687,1.306101609757901
-0.011628483075333353,-0.014757556209108388,-0.007829257012938969,0.0026798886409431194,0.22638260381064382,-0.9417380072098974,-2.9711567349870447,2.1460758154982003
-0.011643763413363666,-0.014752759030429176,-0.007819843665877036,0.0027045030679972667,0.22630216664939698,-0.9607470914274553,-2.9609629491548817,2.164854016870486
-0.0116132898843367,-0.01476221582857016,-0.007838625902144363,0.002655466776219522,0.2266700434347484,-0.9227805364607279,-2.981238533373611,2.1274092077377946
-0.01158353559843441,-0.014771713617787523,-0.007855865522090243,0.0026070217352670215,0.22758910082331196,-0.885395094774711,-3.0000421197291742,2.09016507621968
-0.011598335029339095,-0.014766933815206058,-0.007847466633754413,0.002631211209874553,0.2270796001637159,-0.9040316874771915,-2.990843397296389,2.108797631341334
-0.011487946580162766,-0.014836103632962809,-0.007849498921927392,0.0024150328424098204,0.22278589672246343,-0.7569704985462408,-3.0177542928023406,1.9306985058856585
-0.011580542114609653,-0.014787333104890917,-0.007833329681590742,0.0025861524292877104,0.22461175777394018,-0.8775331824024065,-2.9861230451442746,2.0690783132290123
-0.01150294824519428,-0.014830777844979595,-0.007843087225272457,0.0024400776561449987,0.2226155329153375,-0.7759046200029588,-3.010328539196489,1.9503438669610793
-0.011566003706402183,-0.014793137485817459,-0.007839456859466437,0.002561258730635834,0.22464764039347998,-0.859039070707314,-2.9936439207023606,2.0495273870512047
-0.011535556815296062,-0.014803330269601267,-0.00785500225968261,0.0025111013234088053,0.22514437356868025,-0.8207023842403239,-3.0109707861198634,2.010602099251782
-0.011550792471994748,-0.014798526681664745,-0.007846818280269148,0.0025359088788365455,0.22482859268136987,-0.8398374771326468,-3.002067207471736,2.029786683325467
-0.011517811561398748,-0.014825166405249354,-0.007837119693972506,0.0024651994954446644,0.22250226068500287,-0.7947091042488507,-3.003156767872094,1.9701064028440352
-0.011532337713531278,-0.014819660842625244,-0.007831151688587182,0.002489740772662933,0.22240018653763635,-0.8130702711407004,-2.995990496820273,1.989382869886825
-0.011715796755338464,-0.014741894607991588,-0.007754420494051814,0.002805806779569722,0.22224616866537225,-1.0448912383730964,-2.8988898251813198,2.2367129823910417
-0.011701399560718093,-0.014747738014236447,-0.007761868606483132,0.002781503290168297,0.22230663122741065,-1.0269538844580117,-2.907822892442511,2.218009004359946
-0.01168674682412415,-0.014753573076082644,-0.0077694547776230305,0.002756851670042836,0.22238634620696066,-1.0086940777104443,-2.9168505411969714,2.19902634989336
-0.011671828071262165,-0.014759270553076477,-0.0077773916700419705,0.002731983928311126,0.22251088095644533,-0.9901415350816122,-2.9261101261098883,2.179913242259611
-0.011656602677638196,-0.01476480841336001,-0.0077857560345055326,0.0027068677343522122,0.22270491600056488,-0.971252938069132,-2.935662548722295,2.1606585237386624
-0.011235061782320713,-0.01494039353751562,-0.007905298124007027,0.001976164392617288,0.22202268485605794,-0.4344956298703771,-3.0979711585559717,1.5776942959419433
-0.011377286826582284,-0.014887641771818075,-0.007870263459699238,0.002217673287082361,0.22154820489618274,-0.6149022266635905,-3.0528097484860552,1.7714416810459317
-0.011393214365156612,-0.014882890094300364,-0.007863361679022988,0.0022435309827648054,0.2212425190391493,-0.634920602062715,-3.045399083935383,1.7917387230621846
-0.011408878663284466,-0.014878496265336693,-0.007855913213154661,0.0022686466186444057,0.22088897068079819,-0.6545298782059968,-3.037605434784797,1.8113379553213103
-0.011424466678821243,-0.014874036902884129,-0.00784847042921265,0.002293670232379327,0.2205562536555802,-0.6740137000641795,-3.0297622475428003,1.830845892974356
-0.01143992745754851,-0.014869446096195246,-0.0078411960242,0.0023185997395030037,0.2202484566176838,-0.6933260949502281,-3.021986581887651,1.8502864240320085
-0.011455216802958086,-0.014864656007299486,-0.007834250032078908,0.002343448877257561,0.21998558286882178,-0.7124297254990398,-3.014394730810538,1.8696930652061552
-0.011470342967888637,-0.014859668719260803,-0.007827622642135594,0.0023682335771145323,0.21976753437700106,-0.7313417597965933,-3.00697923876298,1.8890801566661672
-0.011485372292978538,-0.014854522690521404,-0.00782118441905691,0.0023930084534162393,0.21958068111495918,-0.7501388523197782,-2.999642478369798,1.9084752272997247
-0.011263155580732409,-0.014945456661882312,-0.007872635995681325,0.0020106736957084042,0.2190820810954556,-0.4692306107482322,-3.0722833149571542,1.6020427508314945
-0.011251293263462244,-0.014954512761508613,-0.007866931907616453,0.0019866978093445262,0.2182380879400592,-0.45407584939015555,-3.070110483067459,1.5817155702156158
-0.011277613220385781,-0.014944836483565026,-0.007861316278738997,0.002031007526659231,0.21814432843226653,-0.4871054847517144,-3.0626751122896057,1.617301568132986
-0.011295083718030813,-0.0149408588783199,-0.00785306157529537,0.002058272235173108,0.21765128240100232,-0.5088270783551024,-3.0546295911655936,1.6385810773381364
-0.011344429423123494,-0.014908428963921493,-0.00786496721762278,0.0021541252498574266,0.22013719183679667,-0.5722750828098985,-3.0548712127788726,1.7186281840603765
-0.011312678246719516,-0.014933436253002672,-0.00785042072487134,0.002088679753706624,0.21777049467307588,-0.5309596416870589,-3.0502179338198037,1.6631229292661789
-0.011329084740103362,-0.01492156238093042,-0.007856252235307039,0.002121482193086354,0.21880389596704544,-0.5521361670991815,-3.0515299946445347,1.690730913353432
-0.011375174205299453,-0.014907164845027623,-0.007838831375232405,0.0021966108464893646,0.21814939901019034,-0.6097622869046256,-3.032317738031351,1.750015169510961
-0.011360376794572845,-0.014917084494345527,-0.007835537733693004,0.002167665511650214,0.21733459536594876,-0.5906246554271793,-3.0326613698149205,1.7258620480683151
-0.011730155700513625,-0.014736343500985695,-0.007746385499268753,0.002829672391024345,0.22213446375709212,-1.0626353703386024,-2.889528355493214,2.254933065651096
-0.01174473569798542,-0.014731239715865136,-0.007737219441962412,0.0028532170524565898,0.22189832826887837,-1.0803970426078724,-2.8793156763517085,2.272660225403531
-0.011759644050893059,-0.014726242309700476,-0.0077273336182739965,0.0028769584230318775,0.22163007228181764,-1.0984014545835394,-2.8684832223936243,2.2903894531222075
-0.011826004259357795,-0.014654643750579328,-0.007757602820257912,0.003043296970509264,0.23271129586094222,-1.2012778668196797,-2.8638053713784566,2.435428059122678
-0.011823795640953165,-0.014670485616277117,-0.00773551375762807,0.0030206249720080634,0.22455906511986526,-1.1884123374467055,-2.854135082863987,2.4089293572836117
-0.011777347753517199,-0.014704156643441975,-0.007740636133964417,0.0029245820732147197,0.22457609714013202,-1.1262862420869666,-2.8710778180789833,2.332340001581081
-0.011774888422908185,-0.014721185765322956,-0.0077169734061093625,0.002901091571331681,0.2213109262038487,-1.1167135594384767,-2.8571750239585345,2.3083277742661186
-0.011792283456415456,-0.014698505432149574,-0.007731262799123262,0.0029491266204163757,0.22460016775846858,-1.1445617500112186,-2.8603577698038802,2.350818867964508
-0.011807055074876898,-0.014692619466805246,-0.007722280422244589,0.002973702663381835,0.22460258578126477,-1.162682116691009,-2.849880945617308,2.369353650354165
-0.011821714022677543,-0.014686677885747122,-0.007713348429344778,0.002998156171559959,0.2244523549689216,-1.1806496559579782,-2.8394021385410393,2.387774920878527
-0.011840618209004684,-0.014648884232660607,-0.007748013562346762,0.0030676279086448237,0.23135704205630947,-1.2193089814176286,-2.852720657251696,2.453633737129541
-0.011838459390701765,-0.014664721919958828,-0.007725994666561338,0.003044926252972822,0.22486397764718435,-1.20640333081148,-2.8431469046582207,2.427167690042918
-0.011855214021089619,-0.01464307882077749,-0.007738334616004128,0.0030919620558153417,0.23172494007669778,-1.2372895465445852,-2.8414924145106304,2.4718361485557985
-0.011853123275635811,-0.014658944094727554,-0.007716330717163229,0.0030691753770215346,0.22481656830732574,-1.2243054673063154,-2.832017736093133,2.4452660146677947
-0.011869791551180904,-0.014637227572066366,-0.007728573807434093,0.0031162795924445613,0.2328447774151258,-1.2551844516116641,-2.830140998420726,2.490046161794237
-0.011867760385176207,-0.014653107057310022,-0.007706620659890094,0.0030933973514089986,0.2244260275311917,-1.2421402598917946,-2.8207963537027534,2.463303811439127
-0.011884350654762893,-0.014631330544227506,-0.00771874383775457,0.003140548785109057,0.23297813668604017,-1.2729882098682863,-2.818696024425351,2.5081796664712277
-0.011882356232082074,-0.01464719492538947,-0.007696904668676262,0.0031176002772811376,0.22410344451960926,-1.2599176042430305,-2.8095011724271965,2.481332719547684
-0.011898891187242081,-0.01462538779552746,-0.00770884486593378,0.0031647692502504592,0.23203749361348866,-1.2907244990411153,-2.8071582926569953,2.5261887197763544
-0.011896927488401342,-0.014641233550997659,-0.007687124292751216,0.003141773435856678,0.22411009184051958,-1.2776308859759478,-2.79810178871778,2.4993222715444894
-0.011913413003953132,-0.014619399384801345,-0.007698865830200897,0.0031889681038634794,0.23173326726275287,-1.3084051384823647,-2.7955136845222968,2.5441252791955296
-0.01191149497542975,-0.014635246024374422,-0.007677220860044981,0.0031659084561279746,0.224181902460148,-1.2952699711815834,-2.7865653844074436,2.51721662575681
-0.011927915960164922,-0.014613365371455134,-0.007688805255513453,0.003213148991498979,0.23239474436345617,-1.3260146136720232,-2.7837682669934676,2.5620262718659865
-0.011926049290046611,-0.01462921647186165,-0.007667229736239559,0.003190011782733521,0.22401537900630394,-1.3128337283696336,-2.774906743808184,2.5350285184882746
-0.011942399911086575,-0.014607285815467807,-0.007678674259310071,0.003237285292206209,0.2323525730783957,-1.3435446519356669,-2.771940911666413,2.579829313315557
-0.01194057206846387,-0.014623125584991535,-0.00765720144702971,0.0032140897778395283,0.22383278333835818,-1.3303269750075588,-2.7631529803968635,2.5528060569522855
-0.010371330372565761,-0.015247725880705852,-0.007808865147724542,5.528231333596413E-4,0.20892885919936727,0.5902212318915198,-3.050117793954415,0.41897915634988714
-0.010360205956971309,-0.015269858010710676,-0.007770913029112819,5.314987615147019E-4,0.20550944292920842,0.5926988338599731,-3.024554081582811,0.40021937011932796
-0.010392606028917025,-0.01523504265251718,-0.007827043932856085,5.872300087537842E-4,0.2115302520110994,0.5702899219020896,-3.063717144834921,0.4473099280421578
-0.010427904174805642,-0.015229935268402616,-0.007827271952598226,6.405636586925677E-4,0.210723744246531,0.5292549126369276,-3.0665748290658676,0.48969640069592607
-0.010779125081536431,-0.015112228156027939,-0.007905552001175426,0.001204727145094971,0.21798684801819831,0.12839695740423107,-3.1295239275967366,0.9485057734778602
-0.010755581956663228,-0.015124014581464791,-0.007895924041049296,0.0011642087709313675,0.2169052310487927,0.15538298300427955,-3.1232245896937454,0.9149218462385607
-0.010730240108322995,-0.015127254353462537,-0.00790239935508931,0.0011253930415839187,0.21766036318281473,0.1868340845723829,-3.1275606960472766,0.8840299148919263
-0.010709695562193457,-0.015143031841305193,-0.007883214920101576,0.0010877325860699741,0.21563391544262353,0.20842250001474147,-3.1146608665015916,0.8520783122483282
-0.010471972437038367,-0.015227952999010634,-0.007818340398680153,7.059630973819136E-4,0.20959799167374263,0.4757651688089655,-3.0636648227294825,0.5412439581727689
-0.010510693662145826,-0.015214956547942554,-0.007830045088439146,7.66870327129009E-4,0.21062758311920568,0.43328387038958277,-3.073522635588636,0.5905916183721268
-0.010543351168893626,-0.015199732341653687,-0.007846931375401866,8.200204612771751E-4,0.2123310819573959,0.3986900701303626,-3.0862207188410165,0.634198455651807
-0.010566270128617446,-0.015184155943140983,-0.00786734657785784,8.593725764423409E-4,0.21438329699623487,0.37596941358870406,-3.100677474487303,0.6671332423147035
-0.010593218584042626,-0.015182593797676197,-0.007860114055973899,8.996812580232939E-4,0.21341828149328304,0.34264500138585624,-3.096889714136948,0.6989888652724038
-0.010684185935366757,-0.015158414441959388,-0.007866694739507013,0.0010433215600837058,0.21393396535112938,0.23607031933156034,-3.103418800673609,0.8150419098849514
-0.010653982269409093,-0.015170763414855189,-0.007857249869303015,9.936910384644654E-4,0.21293307405479464,0.27020293912067955,-3.0966504200246736,0.7744308900846649
-0.010622060840157495,-0.01517620070738116,-0.007860487548527953,9.446096818662651E-4,0.21349478259266272,0.3085227090483064,-3.0980287904541357,0.7352227214823568
-0.010322386893129984,-0.01532938045776519,-0.00767116265296943,4.645925197262319E-4,0.1952406721481406,0.6082682909558367,-2.957281464278227,0.342872127040419
-0.010363007528066607,-0.015304314052953632,-0.007707837150586152,5.27894404289098E-4,0.19866780479871668,0.5727726429652082,-2.984407645373729,0.3944251279365698
-0.010824542069097328,-0.015111993828083163,-0.007881933731531702,0.0012711765185152112,0.2154826088567212,0.07048195066138506,-3.112972449618411,1.0004230866698105
-0.010801297602775498,-0.0151297149265702,-0.00786218204318215,0.0012279796968689995,0.21341956652641372,0.0958611474163379,-3.1002173621785363,0.9638320970289734
-0.010846814405488955,-0.015132978052807111,-0.007831844155853881,0.0012918599468192099,0.2103293917280888,0.037909188289529126,-3.0790270147643324,1.0130464901130185
-0.010867760854524455,-0.015129632511732797,-0.007826191243505719,0.0013237086449954733,0.2097506648831926,0.012381957135483406,-3.074630381914084,1.0383255452314282
-0.01579862081976062,-0.009303695758953425,8.045753821709685E-4,0.0067889495185196125,0.17883163097485757,0.6116405292323205,2.4414840353360785,0.04662187873209567
-0.015854786303225912,-0.009213916225853337,8.832132906170846E-4,0.0066736424922610475,0.17255569135354137,0.6681302640724464,2.3746680905226603,-0.03885648296100595
-0.015843235344538145,-0.009437138217009804,6.411408423295343E-4,0.006762891991106142,0.17483525673430564,0.4880728687576604,2.4247480468411653,0.15590197737115005
-0.01595662482097897,-0.00915890695809845,9.033576635829616E-4,0.006506671740860808,0.16298747502062272,0.6769369671117976,2.2784933811329187,-0.09399009154742793
-0.015950305581383387,-0.009015631934843768,0.0010512321318490484,0.006457893918585557,0.1629844851427041,0.7840034980048055,2.24639535293127,-0.20599994785977352
-0.016057282701229372,-0.008739948400655074,0.0012638995077992512,0.006184953127756289,0.15399572319493157,0.9262937452629793,2.079849562604146,-0.4049575691931933
-0.01607981503340983,-0.008912755914013875,0.0010941717079359604,0.006237710328344994,0.15184561055547388,0.8056192812869515,2.1202754856021464,-0.2820410097032142
-0.01613314067759953,-0.007557753153865043,0.0020944057344421327,0.00533377286137316,0.1548710483486154,1.4124835465208285,1.505896868019803,-1.0042298152632296
-0.016081115185912917,-0.008142761279769397,0.00174413404165201,0.005803884946093727,0.15485170946736618,1.234457000414215,1.8164393208439598,-0.7647675069315794
-0.01616144380999207,-0.008280166079593719,0.0015892816514090247,0.005800279680281572,0.14714513864112358,1.1291870394980104,1.834660049482879,-0.6718104214221826
-0.01622006843382338,-0.007789332935696524,0.0018919046947047486,0.005416465498675094,0.14686980791022464,1.2957378373571784,1.5846854391803797,-0.8889011949940205
-0.01624684076299492,-0.007983047075027568,0.001748216369936653,0.0055192205685642695,0.1436345107691104,1.2121149162105134,1.6613478860010182,-0.7988946506018114
-0.016151997324620852,-0.008438968502984607,0.0014702525224414827,0.005905136101474604,0.1479540683070735,1.0547853059869576,1.9060367790283161,-0.5838486869634046
-0.016203219750005927,-0.008616925580756104,0.0012964914816555918,0.0059400621470506254,0.1433414900801603,0.9358048476007145,1.9419780705281209,-0.468786999143804
-0.016524550959064663,-0.006282773128803187,0.0023342764332469064,0.004083089680456079,0.1320768391587197,1.381745146545377,0.8762909417637769,-1.1252200524574227
-0.01643031046112723,-0.006636697384632782,0.002291493964975327,0.004402924252764582,0.1385425503572875,1.404774043854673,1.0194298390779315,-1.1163456713384081
-0.01630898775667081,-0.00708040557778999,0.0022060220343696584,0.004822560466973665,0.14403683802173092,1.413338030994549,1.2296216784567988,-1.079005925975765
-0.016446947979727268,-0.00690946935320718,0.002176912311926547,0.00459123760605945,0.1362291663764779,1.3691480140816321,1.127472328382711,-1.0674915455552791
-0.016324728996512203,-0.007350710626147824,0.0020655900478452117,0.005008493843464685,0.14246416102895046,1.356699593319272,1.345739541189273,-1.005473684008441
-0.017119577317126978,-0.004525251095565724,0.0022480108784125696,0.0026346031179032836,0.07978540092116738,1.1760590477609363,0.41857531514856555,-1.0240998388325229
-0.017042476716055056,-0.0050278438839976404,0.0022360846184297455,0.0029786856439156634,0.08983013212580228,1.2060927643744128,0.5149618639725436,-1.040015274941559
-0.016909570646208343,-0.005375583907669959,0.002268721016339135,0.0032585224384820708,0.10118207070833667,1.2510632284521532,0.5940446509329929,-1.0639137587469303
-0.016694072437209922,-0.0059302893061020275,0.0023042575653371895,0.003737384954028842,0.11820062532191075,1.3214097128805251,0.7505636476080488,-1.0996608939590076
-0.016831530448145438,-0.0062213733996599255,0.002136926172969189,0.0038614176344378926,0.11179673724319387,1.2629764197227746,0.830437134084329,-1.0417625791504297
-0.01693794643768535,-0.005661529096661975,0.002197379275049131,0.0034340894925176738,0.10296959838750844,1.2418427905951843,0.6648729879558026,-1.0493205376507164
-0.009802608258165807,-0.015362363680464902,-0.007628588757728366,-2.790184005868025E-4,0.1950805158372517,1.1732064606642354,-2.854643686463813,-0.23392324840728104
-0.00984545043455727,-0.015369112202580795,-0.007621400721276691,-2.1764363748542738E-4,0.19383381546622436,1.1219890306082603,-2.858871801307362,-0.1872615683473706
-0.009887544044014833,-0.015372621437702853,-0.0076188254726363034,-1.5780632439708298E-4,0.19327423259568896,1.073804248603779,-2.8653159829848747,-0.1415002204910117
-0.01013220115373153,-0.015326773785330174,-0.007701401001585769,1.9200822417102058E-4,0.19971355355058457,0.8307195212725176,-2.955281140228597,0.13062944405364896
-0.010168448953535735,-0.015353371969964641,-0.007650358713131525,2.4165078162743757E-4,0.1940490064184711,0.773247817549467,-2.928065142001696,0.16785386821269133
-0.01008957785416729,-0.015350491599006708,-0.007661255105807917,1.2934288886336253E-4,0.19578569211841912,0.8648055694685608,-2.9244518006990927,0.08066283799362191
-0.01001161348940664,-0.015345126273696191,-0.007672843803909869,1.7883434224869753E-5,0.19768564923516158,0.9563189940185549,-2.919718545803831,-0.005447951986768575
-0.00997515686327819,-0.015370657296891028,-0.007626592102326599,-3.381626820636769E-5,0.19352092697861037,0.979471780221611,-2.88535480593448,-0.04634814388641569
-0.009933125572174148,-0.015378174845730149,-0.007611706033523859,-9.30588461327102E-5,0.192001535965638,1.0202471640027218,-2.86914905515011,-0.09204766952152815
-0.010052311595377401,-0.01537618450547767,-0.007616573313864118,7.54277156881527E-5,0.1916986317201361,0.8902108514975932,-2.891302126714263,0.03785548280755314
-0.01021054310500559,-0.015339468730585308,-0.007670701371097891,3.0326308306733693E-4,0.19597647660884207,0.732748180947354,-2.9457268748629457,0.21654400883436
-0.010268173932659868,-0.015337710779544872,-0.00766575734951692,3.858153894329002E-4,0.19503963841336824,0.6671500338625506,-2.948648812051278,0.2807585019033507
-0.009770063074016901,-0.01539878011443972,-0.007559390535681525,-3.1973187945743756E-4,0.18797305638084486,1.1785181259529083,-2.806682688304153,-0.2653687493246213
-0.009732459053800805,-0.015436140098496906,-0.007488010820786023,-3.657864004557292E-4,0.18082574326169917,1.187403414148646,-2.756821609129776,-0.30043255581511574
-0.009097598055683543,-0.015543914035344095,-0.007096849584417436,-0.001147510717049761,0.14442100135805672,1.6443161772960997,-2.378075536031893,-0.857165649057196
-0.009148457846608808,-0.01549648601717408,-0.007197256453736855,-0.001108678497445448,0.15391529936049572,1.6534041934524553,-2.4436902745704505,-0.8341795688730417
-0.009211925167646599,-0.01550313344205499,-0.007215423609490651,-0.0010271599588674582,0.156099666213855,1.5979245200894434,-2.4727049239433607,-0.778038042908843
-0.009273025681498698,-0.015494047075471886,-0.007256249542620836,-9.545127537465258E-4,0.15958027402387662,1.5578373272997688,-2.512412476600821,-0.7280978914582232
-0.009589767108951396,-0.015484295312571648,-0.007376074030016067,-5.478157036829644E-4,0.1706921556062134,1.2873942920215844,-2.6610391682884393,-0.43564739465626207
-0.009394116592532871,-0.015517316000154758,-0.007263317516523204,-7.922820597513726E-4,0.15993948437568253,1.435178916968633,-2.5503239811784137,-0.6123941882130476
-0.009338824852094932,-0.015555512247322347,-0.007181019594168793,-8.482914337298952E-4,0.15254689001873004,1.4468885902838797,-2.4917959399203364,-0.6502231719353556
-0.009523489790522746,-0.015501715883337725,-0.0073294012980333395,-6.303395638454339E-4,0.16595533182489527,1.334089044319143,-2.6192423450523594,-0.49584711704369433
-0.009461586125009068,-0.015545575470837588,-0.007238279979841222,-6.973460423502963E-4,0.15743959201666516,1.352182199184259,-2.554188789838466,-0.5432612332250701
-0.008878211526509461,-0.015577756139727542,-0.006927750313547885,-0.001383433880758566,0.12774078481087847,1.7574501758265306,-2.225091682221459,-1.0085242844128253
-0.008942598646435637,-0.015565911205486421,-0.006982087988728765,-0.001317231272704322,0.1339875295414886,1.728688855640118,-2.272174667502269,-0.9672459378042173
-0.00884673343159249,-0.015637313043831303,-0.006820641973492067,-0.001383884666711432,0.11838365897708698,1.717530359714105,-2.16677063639585,-1.00275508208512
-0.009016193726207548,-0.015586821103829288,-0.006989050877931822,-0.0012217336563801636,0.13392598700698313,1.659649793184069,-2.3000025076313837,-0.9033990253071683
-0.008646907850485632,-0.015677534683065958,-0.00664157075060133,-0.0015687316382799184,0.10226511469797218,1.7862176822555893,-2.0217174513647183,-1.1103361045857458
-0.008769464874139203,-0.015672046102282015,-0.006724926660559626,-0.0014459083638527332,0.11078998819667961,1.7278634899876373,-2.099526439890146,-1.037370740175385
-0.009688291013000712,-0.015475010035914212,-0.007413000373579496,-4.186889956780549E-4,0.1735864653905759,1.2004796731555436,-2.704022526800641,-0.34004304283370884
-0.009637892019059804,-0.015513411309978131,-0.007337510355685876,-4.778465314587969E-4,0.1663108039199794,1.2185982765406786,-2.6501172387292207,-0.3837757171399527
-0.00819154170003155,-0.015736009716076412,-0.006244173685821266,-0.001949664562215008,0.06665987649182468,1.906687254113174,-1.7070882274434418,-1.3048219095456073
-0.00793466098118833,-0.015753736400075567,-0.006021100908945837,-0.0021406873410683568,0.04716048129383855,1.9523826371180923,-1.5368553359219916,-1.3890879310043651
-0.008081765291276495,-0.01577692962183472,-0.006110529527434113,-0.002008222006179916,0.05617753936171121,1.8978768483730164,-1.6231749152137092,-1.325699772655665
-0.007276550328533455,-0.016198520462677092,-0.005060192897006299,-0.0021958844683314864,-0.0028475978770569755,1.6844866561890817,-1.1025134720824952,-1.30452537788668
-0.007416706828507623,-0.016132833339236315,-0.005225208558103051,-0.0021728447764087842,0.006779062009811429,1.716676726177883,-1.177855405167614,-1.3104603086739706
-0.007605127280967316,-0.016027173001628214,-0.0054699732146480514,-0.0021464917586997002,0.016438254874770953,1.7740646569495924,-1.2878949635535226,-1.327817535529289
-0.007812750330620847,-0.015912686174100635,-0.005748646814001855,-0.002101858467234038,0.032938488503696094,1.8359693295652788,-1.4254318829869719,-1.3362090306723784
-0.008315336498202928,-0.015750603300025548,-0.006317700306583442,-0.001832254833826967,0.07405384426722057,1.8539146035346696,-1.778922419645925,-1.2451110335683635
-0.008469904473807547,-0.01574855485091244,-0.006428401064330396,-0.0016935493015825707,0.08456335169270439,1.7975455044997963,-1.8762157772051575,-1.1715855864210336
-0.008589086866726759,-0.015769183849670215,-0.006478697810612221,-0.0015674240792148293,0.08915181845066912,1.7266218426448232,-1.937687932611661,-1.0981491898066318
-0.007090314024779646,-0.01628234591050989,-0.004849873112483587,-0.0022206460745608936,-0.008135574809416514,1.6394686713055397,-1.0127527510648522,-1.2892376777453534
-0.004937628621885508,-0.017223720955774714,-0.0028534187985035956,-0.0021341770435734345,-0.012564727664201723,1.2197153334366138,-0.41517485069948157,-1.0555256661838979
-0.005192148635265144,-0.017053073177307625,-0.0030787719451382876,-0.0022044891944345752,-0.02033224602429726,1.2755961738862112,-0.4556171935610875,-1.094952185521633
-0.00575037357379639,-0.01672582598962961,-0.0035949488519355743,-0.0023210691761136096,-0.030161048343241095,1.4056310303642567,-0.5657720315381639,-1.1839395412384315
-0.006124292305740709,-0.016716156386810215,-0.0038591464235108535,-0.0022400993990459206,-0.024345323300769148,1.4233285196144732,-0.6643737533724273,-1.1844401944326217
-0.005531477732340254,-0.01709305126830579,-0.0032777115479805555,-0.002121256573742974,-0.017425834894602726,1.2738391612016657,-0.5251330766103351,-1.0879185389417814
-0.006819631293382155,-0.01648803460568337,-0.004495271769039894,-0.0021813149569964887,-0.016132218791337128,1.5313033017324884,-0.8919405099740477,-1.232997628980957
-0.006508002862386915,-0.016691911910455715,-0.004138894372786795,-0.0021462596659552347,-0.019620762153318903,1.4371254885679752,-0.7792999303542898,-1.179756805938867
-0.0063163430141288295,-0.016976665525207393,-0.0038387997541652888,-0.0020145192855230303,-0.01554537956941619,1.3202257042481131,-0.7143305885027251,-1.1009404230906235
-0.01721117718496968,-0.003044877117248305,0.0022899062579771552,0.001717204258318001,0.05437584641341426,1.1053490117801035,0.21590028382861298,-0.9813027987592211
-0.017527998855658176,-0.0036393338110803524,0.002077142287990332,0.001994979851864968,0.04450132452349415,1.069600144755345,0.29496285066464617,-0.9487496988479408
-0.017617415449515474,-0.004208451370774046,0.0019832091000474956,0.0022942151536646054,0.04638048865692799,1.0617703600268966,0.3740781772949382,-0.9375054512096713
-0.017703228003295136,-0.0011822805059483132,0.0020559511524164127,6.239256413986564E-4,0.009958684854589084,0.9962369397950316,0.07463085435827753,-0.8972254540624095
-0.017823577934816814,-0.001809672145384836,0.0019835403468151697,9.453391081948974E-4,0.007957418696834315,0.9896367133720495,0.12202008620556327,-0.8911894399167349
-0.01788530131371523,-0.002496043115403504,0.0019339305598361485,0.0012997628029205262,0.011043986248093942,0.9914990032891072,0.1805997297769242,-0.8909973131837884
-0.018466591800466097,-9.981423675654121E-5,0.001675944734697347,4.812674946843057E-5,-0.034173301400555044,0.9021855615130704,0.00683671584445245,-0.8209081901852864
-0.018235884631553508,-7.617732008803422E-4,0.0017860408976412563,3.7816038947335856E-4,-0.020399991955130873,0.9303696182429155,0.05119389213273915,-0.8439787441957385
-0.022476309082662096,0.003386578377361902,2.51305740646328E-4,-6.900842888106489E-4,-0.24723594587241118,0.35261906957874695,-0.24286451301736361,-0.3336666967181702
-0.02162179961470594,0.0026989308832790562,4.5613469266757566E-4,-7.226226384550363E-4,-0.20463510653338066,0.47746863644465326,-0.1961812233882566,-0.44948700208998743
-0.02049115903481879,0.0015766745524612232,8.193060076672937E-4,-5.508633709235843E-4,-0.14659114414531602,0.642194155308618,-0.1157607630698017,-0.5985892521599832
-0.0212948780114813,0.001968697180504467,5.578180322436999E-4,-5.762647024842456E-4,-0.1936014364519749,0.5314269943640849,-0.14317869525748642,-0.5001160502914749
-0.0194243043918971,3.2216353465759477E-4,0.0012421784377045326,-1.35884340817203E-4,-0.088079824888312,0.7848153352785593,-0.023174306036156948,-0.7225885649294422
-0.02041935647498343,7.362086654337336E-4,8.534403096009815E-4,-2.614251960641469E-4,-0.1471581686866682,0.6566249531834888,-0.05360339367856581,-0.6122856573017287
-0.023724328525092462,0.002758970260720734,6.886600497972159E-5,-3.0202924207647225E-4,-0.3518260130990046,0.1932247341954578,-0.20519822353738812,-0.18537317916139354
-0.025,0.0021891246502290414,0,0,-0.47266009440252316,0.0019667511538425738,-0.18079991004952747,8.832148800011634E-4
0.001472737348515849,-0.01944819011894562,6.187436239387226E-4,-0.001222539324729745,0.1124312788725398,0.7975790128108918,0.09767361415928744,-0.7312592686849667
0.002558348046539976,-0.020497914457276275,8.887130518624376E-4,-7.979321058221943E-4,0.1573839514583293,0.644857824150325,0.17591345348918044,-0.5986840871382458
0.0017741870534032846,-0.02020280835839587,6.550162540800815E-4,-9.204071437956408E-4,0.14936009346829088,0.6934097654843647,0.11995269697578974,-0.6420554121803412
0.0031906507056561405,-0.02144830455180237,8.897301652898228E-4,-4.92062380551232E-4,0.20064220006538733,0.5042620000008061,0.21729663902016608,-0.47298386795522507
0.0037016743434288278,-0.022796473675202086,6.640838276430868E-4,-1.898281618415278E-4,0.27025063890489714,0.3152081156237803,0.25245457451040654,-0.29811761161381295
-2.86630733000645E-5,-0.01830953144686816,-1.4061303445791628E-5,-0.0017547213961721568,0.06145382742097278,0.9426623203100789,-0.0015207168063650133,-0.852775685269286
6.10880641813394E-4,-0.019206749394408203,2.6642958259556217E-4,-0.0013360256839110118,0.10371747764186387,0.8305558089647425,0.03943657685310365,-0.7598836550247229
-0.002673102463490946,-0.017311428766637223,-0.0014853771766281266,-0.0022452345383931235,0.004628487312725618,1.1077195701015021,-0.1481826355013078,-0.9837102192450297
-0.001911568021401525,-0.01767646474090046,-0.0010155481928230314,-0.002061540688706637,0.02626723407620366,1.0372653602736646,-0.10669853833141683,-0.9284358496604942
-0.0011035606214970383,-0.018315556589216263,-5.430950951004648E-4,-0.0017454444986030227,0.059735967639466196,0.9460969884303464,-0.06608181738646692,-0.8548799144055
-0.0033102556506684603,-0.017612603159694058,-0.0017907587301901147,-0.00204907772687752,0.012968993942237826,1.0830954251098193,-0.2175874628625644,-0.9610749358040723
-0.003901564243403446,-0.017850981371616642,-0.002059029917174164,-0.0018799036363049799,0.018713589853218863,1.0541055992075148,-0.28741992854957726,-0.9344378505300478
-0.004736269247174641,-0.01762500340064939,-0.0025902241683600827,-0.001923372659058642,0.003914621696556083,1.1155725575234074,-0.3925641965393178,-0.9763063483882003
-0.004338824134664123,-0.017913196990374917,-0.0022765606989227803,-0.0018081716768207357,0.017950979635985284,1.0479013860135393,-0.34170727011640767,-0.926303324029775
0.002946791062593462,-0.023857958389865364,2.9073398443770106E-4,-5.514130909247725E-5,0.36331101386635106,0.1788625784001606,0.2147480935093596,-0.17095580313446135
0.0021891246502292183,-0.025,0,0,0.4762153293377061,0.005112679909722051,0.18175376368090843,-0.002393261711824211
-0.015172046480800595,-0.011092182969823013,-0.0016069823317166926,0.007613159365288022,0.27629845631365524,-1.1740049029404425,2.52290798921932,2.166412625760495
-0.015189055754060325,-0.01106886474240263,-0.0015647395312672282,0.0075998023127710505,0.27307144416216766,-1.1437820794471592,2.5284581632170124,2.1269957775260244
-0.015169588045697421,-0.01112867776304807,-0.0016568932388972485,0.007592398685110185,0.27535387411110673,-1.206779709716672,2.495471442113233,2.195641059784227
-0.01517776497255245,-0.01117045837104439,-0.0017056863946784435,0.007549398237832731,0.27272076935173667,-1.236671645516026,2.4557049800130066,2.2133810506112823
-0.015225669297509396,-0.011055318864576039,-0.001523207685053456,0.007546756781931352,0.26669645741238407,-1.111514740197516,2.51088992374924,2.069992351203906
-0.015261655217831857,-0.010942458024882853,-0.0013522813899247265,0.007553632432460231,0.26246070535245086,-0.9926037540222449,2.564727017012387,1.9396148438694618
-0.015254326311667258,-0.010987231600328311,-0.001415944133242875,0.0075401629728994455,0.2627409817584249,-1.0362711322598699,2.5389925896456043,1.983131804690139
-0.015264568878894366,-0.011030864773235663,-0.0014670350751413866,0.007496778438699289,0.2601161538482602,-1.069005886536489,2.4996924710385895,2.0034552851450083
-0.015413189812308407,-0.0104685586601721,-6.486962610415592E-4,0.007490183179701622,0.23881157797616367,-0.4825459531843066,2.6974135813481435,1.365510895531772
-0.01533300674533865,-0.010599212911659238,-8.526331944338808E-4,0.007588709484819705,0.25231564623581576,-0.636184391087201,2.7112194205504125,1.565111806578695
-0.015317223129456258,-0.010657295062319033,-9.386512001801608E-4,0.007594513772111607,0.2550552124603154,-0.6991534466812018,2.6948359323442856,1.6347245491037066
-0.015319375998294133,-0.010702082200840119,-9.992087474657236E-4,0.007572625565546824,0.2545430007765431,-0.7419110015934617,2.6678765543794056,1.6724540115688378
-0.015339251839523975,-0.010736348487817442,-0.0010372324267911414,0.007523805687289689,0.250852689502127,-0.7670838608547647,2.630664329425794,1.681051261085493
-0.015404248024561744,-0.010526755297536215,-7.301438110064004E-4,0.007488993285612617,0.24029004550835806,-0.5424147803090299,2.68020981101807,1.4280328002740517
-0.01538712709649274,-0.010581041206364092,-8.09077195864076E-4,0.007501156395746752,0.24312860253552016,-0.6007391707066239,2.6703296182976017,1.4942320103398459
-0.015310455285774816,-0.010817208015338645,-0.0011591573650283746,0.007536101695279279,0.2552726950979933,-0.8549647748491224,2.6069086075381396,1.7811804152938813
-0.015355095559926011,-0.01077870494918099,-0.0010868891601289526,0.007478091909921581,0.24773762050012407,-0.8005280577109574,2.59239128834503,1.7001755800015876
-0.015299742955414659,-0.01092169396818576,-0.0013036612447960012,0.007500662617657907,0.2558625847706277,-0.9553202873025202,2.5482109285102053,1.8781361355216741
-0.015315675324988301,-0.010875759281211504,-0.0012346151157629798,0.007498013608887266,0.25343675758319456,-0.9064891238592906,2.5654626924200437,1.8232765000654525
-0.015467056235464599,-0.010394131094982101,-5.353171476813356E-4,0.007415805209108334,0.23020819506775453,-0.3965717193016678,2.6762944098929595,1.2484689873667703
-0.015502540573474562,-0.010354210978681519,-4.7494977015955273E-4,0.007363723219318846,0.22460745548299252,-0.3503991173871324,2.657160558096074,1.181813895498105
-0.015463705864363471,-0.010445045695493935,-6.040877605391994E-4,0.007409691664636858,0.23071412714626446,-0.4472841882662611,2.6598305259265955,1.2989914565126115
-0.01563719571053444,-0.010085389095194634,-1.1153763611915437E-4,0.007169560613985192,0.20415058812168743,-0.07597397320574441,2.600834510112513,0.8350494838534056
-0.0155381471917006,-0.010255161686122137,-3.387181336109815E-4,0.007319757213448308,0.21899395391779794,-0.2480498976229593,2.6546370511443604,1.0610081624166037
-0.01563483323222817,-0.010155781147088542,-2.007493220462834E-4,0.00716954572688454,0.20526636084784672,-0.14254190702790626,2.589231235242631,0.9022688338903687
-0.015588409646917965,-0.010209886008721103,-2.739134692479322E-4,0.007241203276719268,0.21153625909393403,-0.19834486025750986,2.6195421407433774,0.9829942671965722
-0.015556869249844903,-0.010316479833537208,-4.1586982824611316E-4,0.007279243427377597,0.21669879722135255,-0.3045024258466212,2.6189700849974167,1.1047569383252174
-0.015731932194314437,-0.009668247161661054,3.976409540945622E-4,0.006986716131599774,0.18817997275857926,0.30836368472076797,2.543409171087232,0.39690527696625827
-0.015785330719533648,-0.00962671263908832,4.37263425986733E-4,0.006895535397872797,0.18420495695865954,0.3374142940040628,2.492733410785129,0.3402805296723275
-0.01571342263384474,-0.00972985423415496,3.2633257598248873E-4,0.0070260551490845145,0.1926866063124017,0.2545360418244335,2.5613137047117,0.46135547089471596
-0.015714123820172655,-0.009812823904794269,2.2497677870795117E-4,0.00703539928971973,0.19231547406905133,0.17822309431500918,2.5590179809065137,0.5388038659137497
-0.015692493950150606,-0.010032924277430825,-4.464392164482359E-5,0.007080848518885629,0.19734767806687384,-0.024886296839273517,2.5583441812184877,0.7545583289937648
-0.01573044229226032,-0.009905247549059798,1.1109787666119658E-4,0.007016840513980796,0.19209207868962916,0.09273764973145411,2.5384277972359084,0.6173030816946777
-0.01573586164260822,-0.009977674836796565,2.271931329547103E-5,0.007011041720655586,0.19118689421537888,0.0264083769592545,2.5261462852170116,0.6812580697602117
-0.015889726413466886,-0.009600387207289122,4.471651887246781E-4,0.006731306412259009,0.1718839100606799,0.34228204034743104,2.4008806930424478,0.28657942942315745
-0.015041336211524058,-0.01141362803940034,-0.002124869433828573,0.007580416380555615,0.29037318205914353,-1.5189874613342544,2.3276892906189004,2.555263714671378
-0.015073941209118806,-0.01139641505631138,-0.0020749207246597325,0.007542488322519656,0.2844151597546986,-1.4825381732407952,2.324881812541305,2.4973065947836415
-0.015142596039595588,-0.011228367689048606,-0.0018062410946430324,0.007565472283220861,0.27774260047667493,-1.3060893268367104,2.4316156307154,2.2994177898240955
-0.015137125969468097,-0.01126992688548583,-0.001863691907747002,0.007542756692746096,0.2773100814367711,-1.3426471976651924,2.399591201429421,2.333169363478525
-0.015140029385612137,-0.011316997147902722,-0.0019208916540935771,0.0075010375035738765,0.2750635989225904,-1.3769750211175287,2.3566968950943887,2.3574037614724754
-0.015108253629735825,-0.011379762739888975,-0.0020250741993414092,0.007501181317325428,0.27861018581542624,-1.4458285909774424,2.3199719798192024,2.438278469967425
-0.015141402471593443,-0.011358865815363724,-0.0019718404728374297,0.007465111698526467,0.27295453448349954,-1.4073474530846866,2.318854042067119,2.3794539856160966
-0.015180509997055718,-0.011211619127001944,-0.001756637699072819,0.007515209021163261,0.2709531041086199,-1.2684689781139502,2.419901312103544,2.2368417361762742
-0.014692898885678313,-0.011937382921229846,-0.003120206202456122,0.0075583194034410245,0.32774333916247533,-2.1305399875775035,1.8894561621984425,3.3156025577779746
-0.014655015179737205,-0.012005436512566081,-0.0032418470075965544,0.007525189344962877,0.32923635007716795,-2.194776470302912,1.8115672996117997,3.3893694161731367
-0.014665173802968869,-0.01199274013400404,-0.003215168252538722,0.007527221890956144,0.32818254027340416,-2.1799443520635813,1.8259688751865457,3.3701183591078805
-0.01467209594930463,-0.011977710806530942,-0.0031902421560492966,0.0075368056097190215,0.3283146826740246,-2.167333133952312,1.8434820861045262,3.356728840636498
-0.014694161870349005,-0.011958276612404783,-0.0031410687214606455,0.007529769193501624,0.32534165336504245,-2.1378788765029366,1.8638207007413354,3.3146463428695
-0.014690619398935673,-0.011975177872806313,-0.0031635907923785937,0.007513214222961309,0.3243135256357082,-2.148057302515401,1.843830495769675,3.322055148177658
-0.014652905701299984,-0.012022206007487796,-0.0032621077078229463,0.007506048741672946,0.32780060913110215,-2.2029533731842856,1.7911011286227223,3.3933352947962745
-0.014765300584873594,-0.011859417457182827,-0.0029447973010691864,0.007547529163822056,0.318934930477566,-2.0260254094436507,1.9669436645194625,3.173759803945237
-0.0147550343780418,-0.011881259585169585,-0.002981409798737389,0.007536366244094333,0.319172391265847,-2.0459419699647197,1.94373057236672,3.195552614109111
-0.014725948734867869,-0.011902023765948155,-0.0030400466991019337,0.0075540056600354845,0.32383634994749766,-2.0830651540406753,1.9257331699084184,3.251049294334281
-0.014719748892987342,-0.01191797222460664,-0.0030652022478835886,0.007543274212589399,0.32364947457130083,-2.0960581528295585,1.9078661828053551,3.2641464806545315
-0.014747331410138403,-0.01189966986632437,-0.0030110244527637438,0.007525244470591631,0.3191527386002689,-2.061603908172051,1.923736154136965,3.21191056598396
-0.01471471717748285,-0.011934221329377473,-0.0030891259740805574,0.007530262898825339,0.32319090517275656,-2.107891920771694,1.889282589444676,3.2749151490319126
-0.014646478646957643,-0.012037947327964418,-0.0032868899164132,0.0074942829193510975,0.3274803775315385,-2.2148506787147064,1.7723058917931092,3.405151149528671
-0.014637756983437514,-0.012050849461487819,-0.0033117580517945376,0.007489387258749232,0.3280906111293496,-2.2279275823426135,1.757084208396559,3.4211528159603075
-0.014623070133023358,-0.012079926694849879,-0.0033610162332257955,0.007470777255189087,0.3280440673334317,-2.25207686613814,1.7219518010119164,3.4474112944454047
-0.014619421747272598,-0.012093644162045893,-0.003379691894710705,0.007457189253338148,0.32724922678710106,-2.259940901653445,1.7050939751924938,3.45330549969871
-0.014635381276316015,-0.012068434885606289,-0.0033327945623159378,0.007469084651466575,0.3265558977336183,-2.236067860642715,1.7354894029271617,3.424854091697262
-0.01461406071315507,-0.012109071907207414,-0.003402298596563448,0.007443516658604905,0.3266799085767152,-2.269887748287171,1.6861335888034057,3.462097468646974
-0.014607041787629158,-0.012123878037053875,-0.0034264745668745353,0.007432814925563754,0.3263992517228677,-2.281151468086082,1.6679123867521692,3.4738459226521257
-0.014597555172238427,-0.012136476910496677,-0.0034518552934062066,0.007428375228078829,0.3271209118307056,-2.2941745374578564,1.6523002909025677,3.4903119351115763
-0.014594538639894756,-0.012151682278131815,-0.003470716228200005,0.007411334863302649,0.3258839128583923,-2.3012130350557207,1.6333757639897108,3.4940716828712586
-0.01455024244221808,-0.01221017799596002,-0.00358850109043142,0.007388030007880491,0.32845430725491825,-2.3598349095247992,1.5584255866171952,3.5681783359044545
-0.01452576005132597,-0.012225721487777992,-0.003638200571570461,0.0073979534891373,0.33184138624050125,-2.388131762240109,1.5367389742440167,3.6118196990531932
-0.014518436618353706,-0.012240119372162184,-0.003662036626981117,0.007386590681679686,0.3315855103788483,-2.3983581085302528,1.5177544392726243,3.6225136595552634
-0.014543546763367186,-0.012224967276905476,-0.0036117511801697544,0.007375604037427431,0.32802357094083945,-2.3696585331006954,1.5393449009933373,3.5778221144242157
-0.014496750542096468,-0.012282686258490452,-0.003732082482659825,0.007352041612911726,0.33070025108679313,-2.4276513920236997,1.4610573071350925,3.6529002194666202
-0.014503945964201273,-0.01226863433006671,-0.003708986345266978,0.00736356486686496,0.3309959985092978,-2.4181066747372424,1.4798687826272647,3.6430160505708185
-0.01451114396338645,-0.0122544214865361,-0.0036856610639986894,0.007375157955019112,0.33131712585700984,-2.4083718777488574,1.4987945015516668,3.6329551032547127
-0.014506292347297054,-0.012296507304851911,-0.003730049290051602,0.007319372967534412,0.3267736490250161,-2.4197499447586064,1.4451363933759385,3.630553382427848
-0.01458847289400137,-0.012166866641725971,-0.003493682212435702,0.0073983253624383015,0.32545197134779014,-2.31114763253523,1.6144001804918953,3.5033540570015056
-0.014580258472679639,-0.012182474815517689,-0.0035199742048788577,0.007387428154004341,0.3252397854081876,-2.323176237132311,1.5947493948535951,3.5163829190702534
-0.014570666902260896,-0.012194031427343327,-0.003544356026000412,0.007383908005653165,0.3260426937327697,-2.3355303439357233,1.579911325017935,3.532487851695656
-0.014567669732544659,-0.012208731323041407,-0.0035622663964846694,0.007367012966963584,0.32478912821093425,-2.3417634223217507,1.5614477643560998,3.535431249213172
-0.014999147138615625,-0.011541416282193899,-0.002321127834061867,0.007530424162063461,0.29215904665685016,-1.6402002487930996,2.2249309362199265,2.6820167995059334
-0.015015472975483848,-0.01151568950201931,-0.002274452183264758,0.007528949755008346,0.2902472782065651,-1.6103305255101978,2.242230141200724,2.645225090500676
-0.015041349814786123,-0.011451682073317218,-0.0021722222587579197,0.007546459596147138,0.2884826759671503,-1.546293071973768,2.2910809411721154,2.5748337671006696
-0.015037910521838503,-0.011492693387001566,-0.002225634041486462,0.00751464407897341,0.28685299161362204,-1.577403758703505,2.253184743077789,2.6000876060849634
-0.015019404463807236,-0.0115680799296226,-0.0023336105611079946,0.007472968211983378,0.28656755048991367,-1.6416180437942163,2.1883545077435547,2.6621485736070514
-0.015002125968460497,-0.011590956163488483,-0.002377433596630617,0.007477782402789575,0.2888544350384826,-1.6698806138941074,2.173609368769268,2.6984014238130967
-0.015001926091106071,-0.01161330293957108,-0.002403907033926753,0.007456147926002704,0.28708171026452145,-1.6839473782445507,2.151127057211586,2.7075660266451376
-0.014828548457816745,-0.011709921022507086,-0.0026997439615726146,0.007624398243279183,0.31753138046979495,-1.8891137524742654,2.119830823545503,3.027414654362808
-0.014826884717304924,-0.011730368740157055,-0.0027256630188796037,0.007604069890379784,0.3162808650732663,-1.902233727580281,2.0972091244079016,3.036156312918393
-0.014982962504972722,-0.011635143902499721,-0.002448282071527312,0.0074637099552351946,0.2898246585220634,-1.712577535014516,2.137377991555841,2.745521203229878
-0.014852063253168775,-0.011697071928034156,-0.0026585195771603805,0.007601898576525559,0.3133268592469563,-1.8606768010204875,2.1252840546356615,2.9826314653203645
-0.014878245090434568,-0.011693222854893628,-0.002625442468657438,0.007565323157492751,0.30787782919973916,-1.8354134290533721,2.1193122163124514,2.93668895775373
-0.014896884162530459,-0.011675057332012849,-0.0025840837322288787,0.007555843845773663,0.305126724480145,-1.8085265704858686,2.131711818656838,2.8993210318341798
-0.014918851789120358,-0.011653847421922861,-0.0025359088899880172,0.00754400527858072,0.3019762259059103,-1.777073594565593,2.145446674253112,2.855556371930758
-0.014955088237027658,-0.011658841921248173,-0.002504204179274917,0.0074826409030884986,0.2939669793628951,-1.7497518782378385,2.1248663226622586,2.7984928269771956
-0.014809373188905633,-0.01177884421529421,-0.0028017840989582083,0.007575841781779129,0.3161907011613596,-1.944598009169594,2.04781417879545,3.0793564765883
-0.014816542084538397,-0.01176638029642467,-0.0027792230390359606,0.00757916908136255,0.3156080396431218,-1.9313983087277948,2.05973889995378,3.0637280661136557
-0.01482266347478517,-0.011749479907969205,-0.0027527055828348653,0.00758900773530529,0.31568143464016796,-1.9166610441247431,2.0769459991574304,3.048695174627547
-0.014811122339972957,-0.011793389488976408,-0.0028163808565284747,0.007556378803683087,0.3145638924081264,-1.950636838630967,2.0305530345073937,3.079646705772039
-0.014810380706073685,-0.01181175811473,-0.002838039747048278,0.007536193796646387,0.3131657051160062,-1.9607475572466664,2.009729814249319,3.0849786493315325
-0.01478603749890177,-0.011840980634888686,-0.0028994320825307843,0.007538501773982161,0.31592982564314537,-1.9977677113159493,1.9829628764323028,3.133607989422541
-0.01480770305270621,-0.011829365168667812,-0.002860918673410125,0.007519672328007957,0.3121590021482611,-1.972014245480483,1.9903331109000526,3.0932699557168832
-0.014475427626291995,-0.012325669536673564,-0.003801184480782788,0.007314923404038197,0.3294560378096328,-2.455135639446777,1.4031324451688167,3.6804789135658993
-0.014482838896364926,-0.012311301154185649,-0.0037777523491593456,0.007327135711391029,0.3298227959604994,-2.445825388605886,1.4226173397824569,3.6709359631338754
-0.01450007072653986,-0.0123110659974298,-0.003751857895618719,0.007305691616195876,0.32615398425635483,-2.4280443122893014,1.425916486817228,3.638030276756368
-0.014452543439904592,-0.012366956701111702,-0.003870439530945066,0.007280856275580865,0.3286629631495137,-2.482567081053515,1.346306149849324,3.7096961649959597
-0.014467692508261685,-0.01233969790086091,-0.0038247301143244715,0.007303462372267421,0.32921790036018844,-2.4645773260215527,1.383924172357802,3.690544077907465
-0.014459985339554107,-0.012353378275731458,-0.0038478661071284295,0.0072923261990532826,0.3289667783260373,-2.4737906882293843,1.3650688173180534,3.7004591903212467
-0.01433615954344328,-0.012545988326077234,-0.004189618455279944,0.007135491161225392,0.32703224892118193,-2.601474901232337,1.0852112625886232,3.8459144528733735
-0.014376040847768239,-0.012477926229921393,-0.004076654261224131,0.007199421249296878,0.3290700230570763,-2.564102698721292,1.185131776359042,3.806954227405647
-0.014344010988863452,-0.012532370488695254,-0.0041674007939613315,0.007148743839040027,0.3274075663602804,-2.594484697991749,1.1052683384497728,3.838819021822594
-0.014351986718872918,-0.012518829565435376,-0.004144946822536885,0.0071615772073657805,0.32772212397812833,-2.587179595682707,1.1252348002308332,3.831211584760236
-0.014360077516887846,-0.012505289830738285,-0.0041222228633089565,0.007174119544546577,0.3281000237043206,-2.5795790430394567,1.145184548917775,3.8231571267357096
-0.014368120980555843,-0.012491649822403266,-0.00409941523813935,0.007186714064656646,0.328577402531826,-2.5718613192722324,1.1651658504692401,3.815026394537868
-0.014461562790452909,-0.012380704470888196,-0.003867961284429296,0.007248883166777395,0.3248086991895091,-2.4742835380894306,1.3312301536983637,3.6872601458700403
-0.014455552264515698,-0.012394773964607713,-0.00388848023205518,0.007234764062661255,0.3241050562207876,-2.4813247853033116,1.3122743886808095,3.6932067678906306
-0.0144242967280138,-0.012423194159091835,-0.00395909175261398,0.007228618960929359,0.32657853419385835,-2.514592099465489,1.2684996800996293,3.740784613498985
-0.014416760399509588,-0.012437214320625702,-0.0039817193901348575,0.007215800840520213,0.32612939445053074,-2.5226586030679545,1.2488111361423002,3.748925535710932
-0.014409065318627665,-0.01245111192108886,-0.004004408463182104,0.007203201308063939,0.32571318009377764,-2.5307124586943908,1.2291597752198375,3.7571996390908784
-0.014401263646175567,-0.012464918702535875,-0.004027106289726517,0.0071907081923368935,0.3253122927565209,-2.5387025548556053,1.2095182161785625,3.765494299744003
-0.014393392355553107,-0.012478684017415984,-0.004049794227965878,0.007178200463251467,0.32491190078760607,-2.546593019969187,1.1898358621656155,3.773717304443491
-0.014449179917814707,-0.012409334523454439,-0.003909835154119918,0.007220193844466187,0.32339357198239194,-2.4885894403947826,1.2925883234872293,3.6994202268339067
-0.014442242130291591,-0.012423843907422386,-0.003931904878885162,0.007206231074064119,0.3227837367303326,-2.4962507727943968,1.272772668443724,3.7064918795889246
-0.014271388858033656,-0.012599083920050673,-0.0043317141906671335,0.0071188699961855055,0.3350592635644793,-2.660822255611822,0.9922835622814054,3.934621856623405
-0.014287392032069253,-0.012599646029139247,-0.004305415511340255,0.007100530079543171,0.3265095791918879,-2.6462128326082053,0.9954563847493229,3.906005862895318
-0.014328278060397062,-0.012559670877680553,-0.004211833412145292,0.007122011283485872,0.3265287824053135,-2.608309907685701,1.0650157314717383,3.85279473193139
-0.014303717312482608,-0.012600419211697467,-0.004279188811312894,0.0070821099165798455,0.3249198576047992,-2.628743514906621,1.0040021161512767,3.8739673590253134
-0.01432023965378799,-0.012573358572594987,-0.004234208245837783,0.007108538199240093,0.3259319054856959,-2.6151291236129093,1.0446878941568387,3.859735559434323
-0.014312016434010597,-0.012586950103823573,-0.004256723233736329,0.007095263309904441,0.32535988079286554,-2.6219760585954828,1.024324065532605,3.866855003383368
-0.011956864711873455,-0.014601160777393509,-0.00766847617726238,0.0032613691326050156,0.23104346945558754,-1.3610141191841472,-2.7600239489049674,2.597476548368491
-0.011955071890112771,-0.01461699249572105,-0.007647097289670225,0.0032381304597427743,0.2239586120738303,-1.34774415664081,-2.7512909354227193,2.5705299948432763
-0.011971310217633166,-0.014594990318363586,-0.0076582006686381,0.003285424878311929,0.22987099385427226,-1.378438329283224,-2.7479795849286375,2.6150145349370315
-0.011969570710006682,-0.01461084486034594,-0.007636850233427794,0.003262119895723179,0.22423174407816973,-1.3650738388203745,-2.739293852704258,2.588135313647014
-0.011985736283431544,-0.014588774500088612,-0.007647838917516286,0.0033094729801211565,0.22991094414515467,-1.395801413434393,-2.735782161427742,2.632534393031009
-0.011984072716404835,-0.014604674498967478,-0.007626466767106506,0.0032860685589995615,0.22429386059353804,-1.3823215897406138,-2.7271669442098507,2.6056135732672163
-0.01200014276429862,-0.014582513384860307,-0.007637392306537584,0.003333510051512962,0.2310877939625965,-1.4130713545085687,-2.723449794451773,2.6500786745317284
-0.01199856065261652,-0.014598448843377458,-0.007616014733503088,0.0033099991517027056,0.22403765044558746,-1.3995076934624786,-2.714937171217978,2.6230193642115354
-0.012014529515234589,-0.014576207035553427,-0.007626871518594439,0.0033575114795530853,0.2323514318527683,-1.4302304141353293,-2.7110313126253947,2.667600373281608
-0.012013008179574035,-0.014592143823408428,-0.0076055615366688025,0.0033339185096317955,0.22363862844174945,-1.4166400149654004,-2.702629544414838,2.6404098200113553
-0.012028896391215732,-0.014569855515627573,-0.007616288696733292,0.003381449708285772,0.23211747009973369,-1.4472940104787118,-2.69856008250674,2.6849879416286915
-0.012027405728924695,-0.014585766252204512,-0.007595109848768195,0.0033578125408113345,0.22347595952461705,-1.4337067273646389,-2.690244499744116,2.6577966124693337
-0.012043243247200373,-0.014563458889128956,-0.0076056417147037534,0.003405329764531726,0.2304687157138332,-1.4642980235725338,-2.686018141361473,2.7021869005152683
-0.012041777697358242,-0.014579355782269732,-0.007584573043732363,0.003381655927951282,0.22375288955194808,-1.4506863930435527,-2.677746730054564,2.6751162383003138
-0.012057569938134772,-0.01455701722069207,-0.007594915676918872,0.0034291851516215816,0.22928819490710564,-1.4812590484338355,-2.6733523270898663,2.7192687966928957
-0.012056150384227401,-0.014572942801747932,-0.00757387587331822,0.0034054311453174772,0.22414366932126506,-1.4675615617666018,-2.665109855652623,2.6922878324871404
-0.010966379390442654,-0.015045001523962546,-0.007918863419558086,0.001516732961241127,0.21999542871101554,-0.09843933318526417,-3.132249874517481,1.2033797304942653
-0.010913235252646121,-0.015101768874436755,-0.007849748697761205,0.0014049316300074066,0.21239095245649017,-0.03964120007527445,-3.0885375338450025,1.1060509343000682
-0.010892853831963053,-0.015120757057796579,-0.007827743549202834,0.00136461931859882,0.21005747316649193,-0.017254971607506234,-3.0747857548962503,1.071450582251862
-0.010952564239711101,-0.01506667908835328,-0.007888610341873685,0.0014829343172332308,0.21680323054586473,-0.08390243890740991,-3.112657309850836,1.1729739240726091
-0.010942076374388189,-0.01510241564187303,-0.007831097703962451,0.0014456495667384238,0.21049851633095493,-0.07574850645611093,-3.0747637110356787,1.1372915687488925
-0.011049034808392753,-0.015002224633330256,-0.007939812931539671,0.001664973522546251,0.22297269921125776,-0.19967495965364654,-3.140780079621461,1.3265871056679073
-0.011071526308110645,-0.014999926758524124,-0.007927766305239656,0.0016988599797137167,0.22193820643863146,-0.2283190581456642,-3.130787039425304,1.3530535064315707
-0.011090346217331359,-0.014996005465293633,-0.007921005755211243,0.0017285848414379669,0.2215053160853671,-0.2520895522445309,-3.124554331739534,1.376660667635759
-0.011104343923365165,-0.015001626648319492,-0.007900604159271251,0.0017442784766431758,0.21933865036435884,-0.2701640109413876,-3.109552771717651,1.3873373735511554
-0.011137822025484547,-0.014977402573126426,-0.007918324798886121,0.00180999480661201,0.22174712026687304,-0.3116666113403072,-3.118169455395333,1.4430153671719241
-0.011119427597300367,-0.014993219123993307,-0.007904249407193633,0.001771912418672626,0.22004640636984793,-0.28887892056934134,-3.1105607674783546,1.4103119222757188
-0.011213700010636582,-0.01494446958595176,-0.007915950356975766,0.001943001007644761,0.22278285419206628,-0.4075679138015614,-3.1078812443653905,1.551796037244312
-0.011194609607734161,-0.014960077453201806,-0.007904064057814688,0.0019035359828143519,0.22117610479973407,-0.3832747113069875,-3.1022340508921666,1.5180582361759798
-0.011175427034826465,-0.014974636306885626,-0.007893770100207897,0.0018650366521382946,0.2197162812503998,-0.35908731112098863,-3.0975531816264703,1.4853143636356163
-0.011158593445106488,-0.014990027360567794,-0.007879858425800535,0.0018293993008759205,0.21791647314411275,-0.3380435659889554,-3.0901316810512074,1.4545723434117128
-0.010989439735327927,-0.015042985363413398,-0.007907383608070946,0.0015512869435175389,0.21895994134288568,-0.12762318010684917,-3.123123839842697,1.2304011033520723
-0.01101237521267364,-0.01503596288015163,-0.007904629803140483,0.001588908513940527,0.21887592661849667,-0.15603927902602407,-3.1197442926295245,1.2607984988103913
-0.011036500379521627,-0.015024871931574738,-0.007907943219041202,0.0016310571314169557,0.21947698029309534,-0.1856581231296335,-3.1202361400924348,1.2955368756445
-0.011625086169761437,-0.01477338654496017,-0.007807207305893188,0.0026579121293756644,0.22368609345865087,-0.9328735576558893,-2.957886154207033,2.123960269274667
-0.011640890076487928,-0.014770009813929225,-0.007795034610353697,0.002681465459148756,0.22301260953005944,-0.9518686047662334,-2.9458660347195855,2.141311920872646
-0.011609807140290362,-0.014778372198357185,-0.007816004055030286,0.0026331418195284016,0.22397460374704967,-0.9138826995415862,-2.9675388145385138,2.104990294786838
-0.011595181679173394,-0.014782227013278047,-0.007825768127109736,0.00261037243567162,0.22442401537748502,-0.8959334586848079,-2.977568413366725,2.0878349432092382
-0.011590995117304354,-0.014796449809173629,-0.007806947512067436,0.002589540393251996,0.22211994016083766,-0.8871702378720577,-2.9663400737256995,2.0676660466835175
-0.011500367585036449,-0.014849093042841153,-0.007815080605661015,0.0024179868789332743,0.21944375122953216,-0.7689243159487291,-2.9924679460241985,1.928074102148989
-0.011578804765654177,-0.014803721717413313,-0.007808176383001957,0.00256620460412314,0.22171211738698515,-0.8711585017694904,-2.9701126105933944,2.0486805831718304
-0.011515415682952404,-0.014843147489606107,-0.007809605510448697,0.0024435262320234405,0.2193871555827134,-0.7878557431023056,-2.985627949186966,1.9482123123632873
-0.01156337398543345,-0.014810710787171832,-0.007813187278855037,0.0025390538897970692,0.22162845570385706,-0.8514871834680356,-2.9770612204830726,2.0271588179377567
-0.011547361326078844,-0.014815501864229414,-0.007822253837613244,0.002513462408172396,0.22200357846110644,-0.8316695857450185,-2.986717178820262,2.0075359017074876
-0.01153013194711465,-0.014836400351921304,-0.0078056216774568315,0.002469442260610261,0.21949096973971574,-0.8065640170743996,-2.9797674589756813,1.9688679803357463
-0.011542709342291579,-0.014829674390292905,-0.007803657507703875,0.002492588455493832,0.21977792874093388,-0.8227798347486737,-2.9756446297538997,1.9875523586830888
-0.011727784460133513,-0.014752432858722636,-0.007723694609543205,0.0028079513025404874,0.21944296214759032,-1.0542504396811128,-2.875789532618189,2.23314860764772
-0.011714096827337948,-0.014758740267329424,-0.007729625177383628,0.002784144544869652,0.21938550930402914,-1.0371059358067578,-2.8835638883070622,2.2146576684703585
-0.011699895638737244,-0.01476520460249693,-0.007735735496552908,0.0027595068208484254,0.2193374762908414,-1.01932527061912,-2.8915308774100583,2.1955120432144
-0.0116851999234393,-0.014771355881315477,-0.007742738048666959,0.002734593894715325,0.21937420717050668,-1.0010807002677256,-2.900137695514737,2.176284106358938
-0.011670116943981916,-0.014777190196074428,-0.007750509951016767,0.002709525495399283,0.21948754487759622,-0.9824735293847532,-2.909277699236735,2.157043719935906
-0.01165450141633187,-0.014782941912881558,-0.00775883167412626,0.0026838448207355254,0.21964004966244136,-0.9632503407817108,-2.9188503603489475,2.1373730924062424
-0.011234057663510821,-0.014962669023960066,-0.007867140354396672,0.0019561545090747844,0.21793038195223646,-0.4323893638772344,-3.0725582283036927,1.556748969814376
-0.011390135140267285,-0.014901475570031505,-0.007834562220724034,0.0022218776560496566,0.21807563930202953,-0.6285692889370625,-3.0268592266963164,1.770146962896966
-0.011405712635554252,-0.014897499422840297,-0.007826625006961145,0.0022463178740047903,0.21765344094111502,-0.6478324284116291,-3.018801229934214,1.7890811990142907
-0.011421588256144581,-0.01489314748706456,-0.007818866116147174,0.00227145238363553,0.21731270054777965,-0.6674560363664918,-3.010744149730948,1.808585797840342
-0.011497879532729733,-0.014868103630620846,-0.0077859218129270125,0.0023955329323603097,0.2162129988868529,-0.7619696609620656,-2.9738995553342673,1.9054626785234168
-0.011437333106911687,-0.014888669246755623,-0.007811264470393765,0.002296477436895108,0.21696437680440364,-0.6869065065719946,-3.0027458136078824,1.828015291834138
-0.011452856846602454,-0.014883955559335875,-0.007804094799022713,0.002321387813704972,0.21667785947127852,-0.706091776397113,-2.9950092191751865,1.8473947523195873
-0.011468017282969667,-0.014878779622808232,-0.007797879489053896,0.002346230972414307,0.21649777424750408,-0.7248986324385099,-2.987904594324389,1.8668398945403852
-0.011482979736205262,-0.014873455184843842,-0.007791933173054359,0.002370926538543094,0.21635573363930585,-0.7434801919950189,-2.980949254805782,1.886196867772081
-0.011269619523363326,-0.014961561247179641,-0.007839181284455517,0.00200579741719981,0.21561932689752908,-0.4761824010997752,-3.04908670834557,1.5939443529580746
-0.011255015828317375,-0.014975996541139942,-0.007826523125042993,0.0019737528173676988,0.21396496246707006,-0.4574800537729588,-3.0427076907010036,1.5662266121834731
-0.01129001754929757,-0.014961851074955493,-0.00782124676841376,0.0020332200905360254,0.21408253207257258,-0.5009549004370699,-3.034277475055149,1.6141191965423929
-0.011310435465773473,-0.014956064950260396,-0.007813492107373211,0.002065764755577852,0.213731770282485,-0.5261296377022006,-3.0260934428967334,1.6397061683032417
-0.011387447048190027,-0.014917341413792857,-0.007810115288134775,0.002203490104121333,0.21533755844813812,-0.6230452153479438,-3.0112027282138984,1.7517518873823001
-0.0113444074976681,-0.014931610445497186,-0.007825216576319544,0.0021330706043105846,0.2158338858337652,-0.5696186407051932,-3.028471650198863,1.6961760409930966
-0.011329735930605437,-0.014945218405302056,-0.007815071367558898,0.002101231184083768,0.2143417253113303,-0.5504461021776629,-3.0241351655705273,1.6688412079750226
-0.011376153391428835,-0.01492650832302897,-0.007805004313972091,0.0021800427481127992,0.21448760713829798,-0.6082917172499905,-3.009815590422631,1.7318924517735563
-0.011362639342611721,-0.014935288358573412,-0.007802446181463546,0.002154069491288437,0.2137496065623155,-0.5910234776762724,-3.010437679596032,1.7103644016415658
-0.011741875980838479,-0.014747506118070143,-0.007714954397324412,0.002830584970333777,0.21921461349960927,-1.0713072115233209,-2.86603909966442,2.2501861904790386
-0.011756557506591304,-0.014743170568924822,-0.0077044415983018874,0.002853156934088091,0.21883880522327373,-1.0886906683911415,-2.854946462464366,2.266820078259119
-0.011738181817345728,-0.014761744530326072,-0.007696883448961862,0.002809511422785864,0.21702065842890791,-1.062093403484689,-2.8557431334249066,2.2297888151881873
-0.011771890984640473,-0.014738342309246292,-0.007693769530136192,0.002877002290652709,0.21851656039234477,-1.1068991171806635,-2.843470567410528,2.2844598122491533
-0.011836401432412288,-0.01468085353570233,-0.007704028997680486,0.0030224351652766083,0.2241834805441343,-1.1985474216014014,-2.8285890067752,2.4059728869255186
-0.011790216656229612,-0.01471575585350219,-0.007706924136290893,0.0029256970157838136,0.22106744346675075,-1.1351776720006106,-2.845971777417471,2.3266802120639234
-0.01178798060564947,-0.014734017336393216,-0.007681244922145876,0.0029010423750716607,0.21803902162221997,-1.1255928993660715,-2.8305551531680297,2.3018775718659925
-0.011805248518014478,-0.014709680685502867,-0.00769806067851181,0.0029506704437481635,0.22096349897166997,-1.1535212588812787,-2.8355379251576633,2.345536693950194
-0.0118198794903754,-0.014703324277626363,-0.0076899436493375216,0.0029754653840058203,0.22096130328491762,-1.1715080539204719,-2.8256318817510144,2.3643735411616937
-0.011834463555350736,-0.014697211465369791,-0.007681332611300704,0.0029998525327734264,0.22092274918958413,-1.189296934217049,-2.81536413975417,2.3827695195168985
-0.011851149220958585,-0.014675128383244142,-0.007694312955428607,0.0030465920296778148,0.2239615574746496,-1.2164024895457486,-2.817430657595395,2.4239812794444844
-0.011865882161531777,-0.014669346176843207,-0.007684534245657771,0.003070733222037363,0.22387683567825437,-1.234189666217625,-2.806174658784123,2.441934806849071
-0.01188051967994609,-0.014663407701980298,-0.007674944373608344,0.003094895604177444,0.22385634802250368,-1.251869241259618,-2.7950113241199266,2.4599048904146854
-0.011895083685608177,-0.014657372344384183,-0.007665424434259805,0.003119032956579084,0.2237760809998212,-1.2694492042811325,-2.7838526298199153,2.4778404619309544
-0.011909678961503654,-0.01465136592358781,-0.007655651767509083,0.003143101742354854,0.22362669734668192,-1.2869836926110987,-2.7724526924007726,2.4956516400321083
-0.011924307724785343,-0.014645372054037091,-0.007645648910912126,0.003167122007644581,0.2235210470203364,-1.3044740923504765,-2.7608274802932598,2.513352659356386
-0.011938877095833085,-0.014639275313283082,-0.007635707946945428,0.0031911401615240336,0.22348343606482238,-1.321876054052107,-2.7491992001007364,2.531029898727176
-0.011953383011866561,-0.01463309372794038,-0.007625806809913433,0.003215131031425163,0.2234128037309819,-1.339183550916146,-2.7375527799953194,2.5486641545318354
-0.01030490057707208,-0.015377182726787668,-0.007589310530434177,4.3106639001071217E-4,0.1868394931169877,0.6050311499899954,-2.903864660569568,0.3131662818522111
-0.010402728822837347,-0.015274791051719085,-0.007751907262053324,5.921373552101895E-4,0.20278384892248358,0.5390080205215906,-3.0157290488086597,0.4473283010678303
-0.01045935459471586,-0.015266811383467617,-0.007751270081930759,6.762425526284409E-4,0.20266729864134447,0.4742479653845804,-3.019168616739295,0.5140129315548742
-0.010775517898226806,-0.015144883171212266,-0.007847949828665575,0.0011828233349155807,0.21186108431106554,0.12467497180118241,-3.0910689603453005,0.9261923282871004
-0.010742253388282857,-0.015156808859502078,-0.007842716131476178,0.0011287238303366914,0.21126644940912495,0.16335714591748962,-3.0878213719570105,0.8821690393812219
-0.010711729513696153,-0.0151774382447222,-0.00781966436483064,0.001074829357408595,0.2089257809198173,0.19583071276166067,-3.0725362934642315,0.8370875189127355
-0.010504018269294218,-0.01525670662726847,-0.007756182598904731,7.437929345202708E-4,0.20281645928293487,0.4243908681318614,-3.024907555356263,0.5679394226737156
-0.01054362879108727,-0.015238705519963244,-0.0077757808081974885,8.069689227097407E-4,0.20477346682270872,0.3831975689199041,-3.0395649714612585,0.6194099003791008
-0.01057746535301973,-0.015215974911775197,-0.007805048547009335,8.64116566319628E-4,0.2076126081788661,0.3500448818562468,-3.0600238475383392,0.6668647030032032
-0.010609103192753887,-0.015205499079464632,-0.007812145555774136,9.140873790192076E-4,0.20830923495857984,0.31460805544111725,-3.0656912515392305,0.7073350840128323
-0.010681918545800625,-0.015199097320486053,-0.007793804263060854,0.001022144619215415,0.20627654121213637,0.2264746000350035,-3.0551431314319535,0.7928427046953087
-0.010641736265309126,-0.015211555397281754,-0.0077881899574281845,9.589478446074283E-4,0.2055072671815366,0.27217631843477313,-3.0507802126882564,0.7417816992208381
-0.010364552514161667,-0.01534017116159086,-0.007643237629909527,5.222682157347748E-4,0.19172862621214545,0.5539180354620016,-2.9429490272097256,0.38704953177392815
-0.01034478567335672,-0.015367319099797008,-0.007599183429583753,4.887729680158642E-4,0.1878896149264404,0.5641662544227871,-2.9134632836035483,0.35878865293890316
-0.01040144540563362,-0.01533088756578333,-0.007651373316702451,5.765884684284388E-4,0.19250497200391192,0.515215753195161,-2.950943650029441,0.43007174076086235
-0.010827156942421748,-0.015145843675698661,-0.0078193866726316,0.001256711304309889,0.2088872217421198,0.059802214864947356,-3.0712224883640284,0.9835529628324214
-0.010802151473106357,-0.015164256047063047,-0.007799464859275996,0.0012112752067565552,0.20676698437838867,0.08685693101494775,-3.058544911160244,0.9452900156250833
-0.010855904841717482,-0.015156415804685656,-0.007784906583717946,0.001291954531066348,0.20534374829958948,0.022112103918233816,-3.047631609485954,1.0091054733508875
-0.010888370696936309,-0.015157578556524887,-0.0077647478410429035,0.0013371537298343757,0.20337468750654583,-0.017968136102175732,-3.0332220660078417,1.0438722157840308
-0.01593784153110387,-0.009306027445904738,7.560937251910967E-4,0.006584592939996347,0.1660659304029742,0.570370680363845,2.3241972771470523,0.02735467723078943
-0.015978160367552795,-0.009463906958087256,5.766824657701613E-4,0.00657101212467734,0.16291457244723492,0.4364344482331886,2.3145177521811466,0.15108249370765556
-0.016048481150193368,-0.009235712338484012,7.928945446411536E-4,0.006405327827945636,0.155452599264454,0.5912265912595557,2.2239809584702788,-0.04016822505123132
-0.016103623291816492,-0.00909911663046332,9.077888686511135E-4,0.006282063600171161,0.1508170942198774,0.6723182551122469,2.152887068181926,-0.1471662918740233
-0.016227176734759596,-0.008796710877747839,0.0011324166324541867,0.0059971114416389635,0.14161130512546294,0.822827930290487,1.9859089937180536,-0.35317543130404405
-0.01624229579549894,-0.008980039894517376,9.65030486422316E-4,0.0060552702163774634,0.14137867558964345,0.7061007962559832,2.02691903178226,-0.23190739128230978
-0.016407865319203352,-0.0076176905341799024,0.0018656854691680542,0.005120131927301929,0.13467441619237222,1.2487989597260147,1.4381399186585782,-0.8961523235264398
-0.016279481747852386,-0.008169431829592493,0.0015990793454067587,0.005601671111262272,0.13815108265094259,1.1199885093314872,1.7274612734765469,-0.7019679731743417
-0.016285690703457506,-0.008328569611263806,0.0014797423924529493,0.005687984987395869,0.13950450335076195,1.0465292628421152,1.78750562677502,-0.6203828003050084
-0.016448882862424203,-0.007872841717394474,0.0016904003364659464,0.005245596642759138,0.1292590919056874,1.1515835181308394,1.5296967463690943,-0.7914585399971007
-0.016406940556388718,-0.00807352907135844,0.001588626142660554,0.005409388976063371,0.13255797211894244,1.097018825458906,1.627927026389468,-0.7177473648095789
-0.016358262912437024,-0.00847530384396392,0.001329717390236393,0.005685533008655527,0.13230906577489085,0.9426679905696639,1.8029784712584307,-0.5282911684292134
-0.016393507722504065,-0.008674723484975836,0.0011578978702879422,0.005741444274388542,0.13084056223833,0.8282748600186158,1.8484219382510403,-0.4119031129503316
-0.016740166018920807,-0.006514420747890587,0.0021124922465848694,0.004114108041143581,0.11699007846930243,1.279258958833376,0.9344370718333822,-1.036178456070992
-0.016658682675677442,-0.006829373644628534,0.0020591543613185,0.004382655724078685,0.12187408424115674,1.2825693558140445,1.058324571759756,-1.0155036915598072
-0.016583916718237786,-0.007118091149137407,0.0019933798238370997,0.004634228227259407,0.1251299889079064,1.2737944175916895,1.182551536287541,-0.9813561687898786
-0.016630654171501877,-0.00742821750692437,0.0018193705759351655,0.004800714541253062,0.1207189018294305,1.1902892886515604,1.292374025177576,-0.8896788330126909
-0.017606931024896987,-0.00484887216175152,0.001919799384095564,0.002660905791052153,0.05458499735983589,1.065929949809231,0.47665413380643396,-0.9314771887299099
-0.01705919692768358,-0.006399386580013431,0.0019397951139096517,0.0038437290612976655,0.09602474927767907,1.1670843014166399,0.8618191981075487,-0.9627965444142318
-0.017311058475794856,-0.005466965373132474,0.001999091686407345,0.003141319797360706,0.07776406213893029,1.1329828669161046,0.604740765892645,-0.9713966581876693
-0.017139574356285023,-0.0059799794069007785,0.0019990596285740752,0.0035377632551945133,0.09038900309430298,1.1672323444041777,0.7380789112470386,-0.9818100198085425
-0.009816034209963857,-0.015411536021531733,-0.007542892921155388,-2.542234660387274E-4,0.18581349919451007,1.1207427188127799,-2.806106158457689,-0.2159379005485971
-0.009863947786527971,-0.01541864823393041,-0.007535277982667448,-1.870827095505171E-4,0.1846202030039812,1.0652506575646459,-2.8105975408497788,-0.1650883378244484
-0.009911578334710704,-0.015424415383166131,-0.0075286530312739875,-1.2069785847454023E-4,0.1835461554908396,1.0108551055250492,-2.8150845059708023,-0.11466285014566947
-0.010192206208823943,-0.015393236254324458,-0.007576987887458212,2.7113295442432944E-4,0.18631741998668613,0.7240980558676822,-2.884721754331156,0.18785952311080534
-0.010135603352004151,-0.015387059637613363,-0.007593085230061718,1.9229785874399816E-4,0.18854925852361548,0.7906394760913321,-2.887998700098998,0.12754216653216008
-0.010089509707310285,-0.015397082273428392,-0.007578098509879753,1.270364916585275E-4,0.1872916718166586,0.8358485125037486,-2.872718814277834,0.07677185796569348
-0.010014000116061721,-0.015400577229477448,-0.007573701226904323,2.1207818576236124E-5,0.1874753464860329,0.916616461550923,-2.859130017340832,-0.004977492083813783
-0.009965103069208829,-0.015429446046309922,-0.007522159002816705,-4.644979514137798E-5,0.18239970021711532,0.9505628756156514,-2.820035885263518,-0.058125005639011254
-0.010059683153165954,-0.015428510227778096,-0.007523791798297016,8.436032016101315E-5,0.1819136233074616,0.8494301256033502,-2.835203734737497,0.04226765251746598
-0.010250185459093229,-0.01539586625198085,-0.007565062249919388,3.5169979888462384E-4,0.18464638870080738,0.6575560729139601,-2.8834631278533753,0.2502357918656079
-0.009781468763015064,-0.015454132793571848,-0.0074640451875928465,-2.963212382810464E-4,0.17796431048256567,1.1240459598579706,-2.752723890471327,-0.24834868455075823
-0.009741202466171977,-0.015497050086342229,-0.007384279537412425,-3.442670401762891E-4,0.17032378105030685,1.1319521046231813,-2.6983831611913747,-0.2845830811958816
-0.009089391925962382,-0.015635140390019106,-0.0069504773282469965,-0.0011135981486620251,0.13126545805289222,1.5638731371175265,-2.3046232211825544,-0.8281558338949365
-0.00917344057308375,-0.015580403264457109,-0.007074246640719472,-0.0010400050377617391,0.1422779534187251,1.553737155504267,-2.390197266851905,-0.7818785561766984
-0.009250755379678916,-0.015566470597879724,-0.007129336191965663,-9.525328978602846E-4,0.14765898659990295,1.5075346225502855,-2.4404936625398648,-0.7224439253563774
-0.009580324489184505,-0.015548111920310683,-0.007266278801883839,-5.448151420515466E-4,0.1596534242491763,1.244611066270678,-2.597483825408924,-0.43276239607492534
-0.00930808665240252,-0.015628722572569403,-0.007052138539481238,-8.590803057904223E-4,0.14033842098881233,1.408276200539577,-2.4168255017797127,-0.6546910868468291
-0.009409823152559435,-0.015584975754794115,-0.007157470985072024,-7.500086117929089E-4,0.15008472624142397,1.3625590016998217,-2.4978344346430856,-0.5792736560550064
-0.009369230640865181,-0.015623793298114927,-0.007081495305012479,-7.869931235747896E-4,0.14363451567459737,1.3635886094591896,-2.4476973027098845,-0.6041292292089333
-0.009519609044964175,-0.015583965411770817,-0.00719160974486422,-6.129784201280138E-4,0.15291388924675517,1.269975366535018,-2.5425837081338347,-0.48152891680352283
-0.009465357840330823,-0.015606139196173013,-0.007140255709749825,-6.745962987356555E-4,0.14821322080007313,1.298755586842692,-2.5021501727056967,-0.5251199778714951
-0.008854228794701427,-0.015696157238698896,-0.006738585291132313,-0.001342747729395374,0.11229368247796775,1.6574848701079765,-2.1339372457658663,-0.9708508788249295
-0.008932011127648878,-0.01565540377585096,-0.006840870628376781,-0.0012806641912260959,0.12081240227569379,1.648099783858889,-2.20434834213954,-0.9354078922898508
-0.009025361658433482,-0.015670244503341674,-0.006866348132864776,-0.001169398089821454,0.1237507637049426,1.5748979490460373,-2.2453832065002994,-0.862092252817481
-0.008719793302926531,-0.015773389877331453,-0.006552379075709492,-0.0014369655753116246,0.09615957639374993,1.6597154816526973,-2.0113227385584866,-1.021185731372961
-0.00880929048230583,-0.01574805256132898,-0.006638979342082113,-0.0013608673453707123,0.10442539271130942,1.6344427657313356,-2.0766745421808195,-0.9763469414285207
-0.009692391127852522,-0.015540715698454206,-0.007302087965888257,-4.0125479864796696E-4,0.16256866014451724,1.146277428847119,-2.641412370126853,-0.32699974611800536
-0.009636362483017434,-0.015582901633404755,-0.0072209709145855255,-4.6534089359337715E-4,0.15514423746874995,1.166869867772804,-2.5841610746712487,-0.3741819970081089
-0.008207409802958806,-0.015883451136345848,-0.006076504245799883,-0.0018283037298039621,0.05783211295257539,1.7680513706696581,-1.6629978900320541,-1.220066950748026
-0.008025624265609077,-0.015906791817601625,-0.005917510656701584,-0.001953476716961347,0.046086785132084924,1.7984006933855874,-1.5500469324681723,-1.2748082530255453
-0.007362579989767002,-0.016373801076888937,-0.004973467135523282,-0.002023601297318862,0.001747280752478019,1.5649538789838524,-1.1188212412917604,-1.2149918483310813
-0.0076007686880428665,-0.01626600639023593,-0.0052385458952509045,-0.001971986818184007,0.01250620327502501,1.606477045866862,-1.2433973092174844,-1.2159964844066133
-0.007800519397643062,-0.016154400197315604,-0.005488667888761997,-0.001929970767809564,0.023531291037451486,1.649910306650085,-1.3627623309372063,-1.2193392148776157
-0.007964863736253672,-0.016059505029437843,-0.00570445440332961,-0.0018870426634527964,0.0345853660680167,1.6885707885597974,-1.4717739264547323,-1.218543666555534
-0.008389081514679727,-0.015892211214051957,-0.0061898989290410005,-0.0016703171384523025,0.06827770615759092,1.699898647033576,-1.7640734724488703,-1.1380235237141731
-0.008532003702364743,-0.015882834905430236,-0.0062927308489811595,-0.0015498101356052477,0.07694941415882108,1.6504850989414412,-1.8491247027795878,-1.0723574993024927
-0.00867817019042671,-0.015882054529692866,-0.006380521291240189,-0.0014146713274026399,0.08559817692678774,1.5852506602337746,-1.9294704109569378,-0.9944665318934639
-0.0071308526365017185,-0.016596152861003972,-0.004632190447157813,-0.0019786302006397746,-0.006302846787633226,1.4595458231654774,-0.9995012781990807,-1.1600873473175237
-0.005254006581105848,-0.01747088109348113,-0.0029461792489331386,-0.001939739362169518,-0.00378947726234663,1.1597832474730454,-0.4753000433130979,-1.0043769014288133
-0.005967523631047005,-0.017112210322632045,-0.003543251887467365,-0.0020179802088765284,-0.014235626755259804,1.2724126634854895,-0.6233081097913217,-1.0763130736503526
-0.005694691731671713,-0.017531519606391488,-0.0031734129358650244,-0.0018263993252318675,-0.0016282012690920723,1.1424418162212342,-0.558741957713439,-0.9820353466735359
-0.006885245081357693,-0.016830860537112174,-0.004297626379421137,-0.001923210429903701,-0.0075586754914323375,1.3618719314580316,-0.8927130781354379,-1.103967313949197
-0.006629169647814284,-0.01705669252757558,-0.0039860693674167134,-0.0018703290156080303,-0.00820729843372499,1.2781958887252935,-0.7977018052730508,-1.0571916028956923
-0.006352726623655228,-0.017306356478563423,-0.0036699184871101568,-0.001802910224848251,-0.005426959618362623,1.197636886235484,-0.7107615592240323,-1.0068541844736545
-0.01803759831229869,-0.0031612120466596974,0.0018267843532247666,0.0016218182018803847,0.010470566789709203,0.977108756174559,0.24875399259003486,-0.8761850119015618
-0.018173064648823387,-0.003825693347542935,0.0017158020452121292,0.0019335560257642407,0.010828607575385736,0.9571679247774202,0.3257455289934556,-0.8554960260959604
-0.018133351051494002,-0.004432850036449443,0.0016833049514040994,0.0022565817665215486,0.020045956569880664,0.9588634618372129,0.40582683202394243,-0.8513006422987107
-0.018479075516725795,-0.0014111818688797818,0.001659367618515883,6.803845806360475E-4,-0.03029747707750596,0.9038015908487917,0.09968315424388319,-0.8211093229738663
-0.01839262778687836,-0.002031599681352365,0.0016888068655336458,9.91856294355315E-4,-0.021003469465910432,0.9176031290541584,0.14760011175937243,-0.8316144846801381
-0.018691451874232975,-0.0026311075312296563,0.0015261951422462798,0.0012352241704719415,-0.031543140901964695,0.877852584617142,0.2019945404583892,-0.7963956449683677
-0.01913811117754331,-7.345320701718245E-4,0.00136318835005579,3.234073535145025E-4,-0.0704638437018101,0.8206929555185354,0.05270617080806394,-0.7527357174622774
-0.022389146048374553,0.0019538649213664263,2.846429560384647E-4,-4.1767892631031E-4,-0.2685717794798043,0.3860736508160198,-0.1407947152045447,-0.36880082710442424
-0.021477571962672734,0.0012038386941668295,5.140885239369575E-4,-3.3826115783380816E-4,-0.21309084963547034,0.5147704440885219,-0.08699656947432967,-0.48646097248662895
-0.0203403694653786,-1.820175972531671E-4,8.839772034465874E-4,6.564479673471734E-5,-0.14350913137402188,0.6681708803289731,0.013252714352790131,-0.6227198524064703
-0.021216588858405674,3.4708595700126286E-4,5.940425447017337E-4,-1.0415381191962054E-4,-0.19957255529607892,0.5528706662515628,-0.024980854448492452,-0.521301596071663
-0.023712010713222154,0.0013167359625561794,7.312122726511265E-5,-1.4737445098995355E-4,-0.3769960032027862,0.20361982901846745,-0.09904406818755195,-0.19896084493290137
-0.025,7.365596873642952E-4,0,0,-0.4949199050845301,0.0019374480706681298,-0.06125928379770836,-0.002332167366393862
8.928565431713479E-4,-0.020342380422463512,3.219885312074579E-4,-8.813938106533565E-4,0.16216160660621573,0.6791793981031451,0.05953462554927615,-0.6312175157010039
0.0017164169466295455,-0.02130425333899764,5.028810203814597E-4,-5.595599405064065E-4,0.21222054289002387,0.5441746224252864,0.11521075452192478,-0.512003590315519
0.0023382524060451865,-0.022626141070618888,4.5785824197782846E-4,-2.3468587559581522E-4,0.28757871193597323,0.3564115600490036,0.15966086879443783,-0.3407803524158264
-4.1227586740084704E-4,-0.019368661855833337,-1.7550141001829937E-4,-0.0012674002226178,0.11238491836330412,0.8093959567879662,-0.0269179639896281,-0.7421227742327642
1.7854082995796286E-5,-0.020280852285205347,6.500053852939345E-6,-9.074434597754209E-4,0.160653981248317,0.6887809738275344,0.0012711910178905429,-0.6397684411371635
-0.0013453644457546781,-0.01961009391961967,-5.509255335079693E-4,-0.0011575836549950534,0.1208609002808153,0.7762917126489576,-0.08945605874991447,-0.7139056394565707
-0.0028413877504711287,-0.018168570067799174,-0.0014317009486340413,-0.0017750648648090057,0.04181939659447125,0.9844627990441676,-0.1891372638129849,-0.8828682834599179
-0.0021732896581604572,-0.01895141494133948,-9.83438249229195E-4,-0.0014229243795902647,0.08313767131099224,0.865999739061716,-0.1458239755774359,-0.7875103732710863
-0.004112317972159847,-0.01839742672615094,-0.0020149955167489647,-0.0015808321327930482,0.04085907239457731,0.9533335754029274,-0.3187942539512974,-0.8507778758424321
-0.0035273614048960222,-0.018386154784641336,-0.001730138711826172,-0.0016296809269511958,0.045162125039292456,0.9546003272617011,-0.25661725214747294,-0.8559695222284963
-0.005085431745341182,-0.01794061715133665,-0.002664480790446556,-0.001704665391303205,0.014720544179650883,1.042401691354175,-0.44792007651628707,-0.9133326997677524
-0.004693342916648278,-0.018253439474423677,-0.0023483219316950744,-0.0015943595025944795,0.029869564355439672,0.9772890227744717,-0.39046607181444726,-0.8655358714279966
0.00153424969799753,-0.02380102029528582,1.608034076135778E-4,-6.351425271300752E-5,0.385710676212811,0.19217039167822383,0.1127799586859427,-0.18745123547343936
7.36559687364401E-4,-0.025,0,0,0.497227827775573,0.001781806205349446,0.061821832516096555,-0.002411888010297411
-0.015214155601415816,-0.011100954691629566,-0.0015904101531878673,0.007536428432155163,0.2678056367491939,-1.1568958842209656,2.484735642256542,2.1174434106968696
-0.015217457191210643,-0.01114987500492372,-0.001651447897586144,0.007497956763035263,0.2659122134026075,-1.195718473390152,2.444072305838006,2.1470898102257086
-0.015211963467916723,-0.011186069796549045,-0.001701510709950808,0.007481809537178577,0.265686541964859,-1.2284342166486297,2.4191383167411966,2.178446276476099
-0.015274730234016536,-0.01107675316442866,-0.0015199885420232975,0.007451462670919264,0.2573477931857515,-1.1025139965804076,2.458455438059995,2.0241009215242642
-0.015305487528958946,-0.01096238821965275,-0.0013538653365535237,0.0074685546432740465,0.25392834806458325,-0.9886181133341808,2.5161810216160343,1.9030475357776317
-0.01530429819502617,-0.011004043496224561,-0.0014085723590224815,0.007446664666722676,0.25334012215025864,-1.0252697083282467,2.4883449379426357,1.9357520442932874
-0.015302410700056099,-0.011040567064938861,-0.0014565991474873143,0.007428104153584113,0.2530387529290108,-1.057222738119604,2.4640643860408664,1.9646720939500806
-0.015322414337369144,-0.01106800930742446,-0.0014792989879994476,0.00737865863049038,0.249371917616882,-1.069286456971669,2.4298743551819837,1.9602627372246233
-0.015461255784914146,-0.010505593147029417,-6.85202118943923E-4,0.0073978684758320345,0.23153121268750332,-0.5064395862021766,2.6372313851521962,1.3567465884159626
-0.015375712329758623,-0.010640240538064435,-8.930943063066944E-4,0.0074998717363524625,0.245010641688074,-0.6620226692397337,2.6508953650425,1.5590546511645569
-0.01536251611086808,-0.010691879501636074,-9.676987502620619E-4,0.007502516629195683,0.2468765117397703,-0.7160589819418083,2.6351361245886804,1.6179895305120449
-0.015393058760230798,-0.010735604970380034,-0.0010133310124504308,0.007432678742807702,0.24175670862742904,-0.7458135293216294,2.5846620810941414,1.6241745261149039
-0.015448466855179414,-0.010565778421762187,-7.687043578663319E-4,0.007401519646897235,0.23317694586536444,-0.5674542657167166,2.6222172433572233,1.4224757925506781
-0.015422316609643223,-0.01061817548196599,-8.467568707978358E-4,0.007428362178829627,0.23781165195044415,-0.6253171487654208,2.620577872082972,1.4934771312820223
-0.015369721042274274,-0.010823716561718284,-0.0011394885885577623,0.007432661489196077,0.24487816179547675,-0.835678617955362,2.553441793259651,1.7216469972158646
-0.015413128379698252,-0.01078429725063359,-0.0010683562192719297,0.00737815357142821,0.23800355885738841,-0.782394807175408,2.540527787246054,1.643951771893543
-0.015356028869199477,-0.010928471363128217,-0.001282339524880489,0.007403005994226499,0.2459553174780162,-0.9347903715900862,2.499123260364011,1.8195100451842448
-0.015389888079227853,-0.010875548922809048,-0.0011969562761082236,0.007374043897781196,0.24089552486751398,-0.8728997344285192,2.505623791727382,1.7410319108466734
-0.015412450216449436,-0.010914169326061337,-0.0012348773200638883,0.0073176719683888366,0.23712062054851768,-0.8961866626858075,2.464245905032567,1.7465945790964952
-0.015520968532591531,-0.010416680393666397,-5.532003181571448E-4,0.00731973714849096,0.2224953943378097,-0.4069451962955806,2.618081338014513,1.2249371538199316
-0.015577031392400156,-0.01037944003388563,-4.932884078196598E-4,0.007234408266433246,0.21419509870236333,-0.3606160684959989,2.5803354726452343,1.1471637609228418
-0.015523095785328388,-0.010479917795621123,-6.34935269694558E-4,0.007300953698957765,0.2220760544143441,-0.4663277095215997,2.592054682995629,1.2802708973840098
-0.015705580353486754,-0.010106573333231228,-1.352439213233191E-4,0.007057870271584968,0.19588422330476993,-0.09222356917054518,2.5345661469878795,0.8147868819119849
-0.015707415088393822,-0.01017148980248015,-2.14754875724371E-4,0.007050892757894686,0.19644397024243826,-0.15114175113646813,2.520232943772896,0.8720655733278967
-0.015613586934154086,-0.010270224188186986,-3.4799913604568366E-4,0.0071924032470145035,0.20886945585797786,-0.25235841625701977,2.580582634953022,1.0216180862055875
-0.01566759173190669,-0.010221837030800483,-2.8065243738947067E-4,0.00711027417704786,0.2017474206319214,-0.20081128314675842,2.544380889546998,0.9417812094754376
-0.01563642141472733,-0.010334627429961623,-4.257414605890949E-4,0.0071453653855846075,0.2062908581786412,-0.3086103569022747,2.5416040139438483,1.0635907395099073
-0.01581339634517464,-0.009732128035127576,3.092280223868004E-4,0.006869487469509937,0.18018184671457338,0.24053631914414253,2.470510686211092,0.4258546552324528
-0.01579668767602952,-0.009849946330282461,1.7282560206851742E-4,0.006908584316545193,0.18412081492470492,0.13795127139174587,2.4823439372593032,0.5383572216945163
-0.01578567242401258,-0.010045437325762354,-5.8977762983662884E-5,0.006932728617197375,0.186886355101124,-0.03443229848122262,2.4732004729357464,0.7171541881677034
-0.015814123077445605,-0.009942483855550355,6.242674864343407E-5,0.006887102792713692,0.18134818006057093,0.05552364268516202,2.4604286696218014,0.6132926234280004
-0.0160277437249687,-0.009590735046202592,4.313484300107337E-4,0.006526900903728944,0.16001366893418734,0.328264557943118,2.2854924622584147,0.243089125485783
-0.015964594440830537,-0.009712004491378799,3.1097668295565354E-4,0.006638553671998545,0.16532849145421677,0.2402221873208835,2.3419622221451486,0.35910536153597583
-0.015076177014465906,-0.011434427204066398,-0.0021200178564842694,0.007505870172606634,0.2823526443573064,-1.5082781173959223,2.2879835814305465,2.514019976987036
-0.01510529450206305,-0.01141331628291947,-0.0020689386655584523,0.007477533075842424,0.27740569857690806,-1.4721446936566691,2.2910537162407922,2.460562300978875
-0.015183889400855102,-0.011253110825423077,-0.0018067749797531037,0.007479002450990911,0.2687345400235504,-1.2991859858188066,2.383120363800352,2.258654080859356
-0.015181546504279076,-0.011298522679901724,-0.0018653409463993114,0.007448306747244983,0.26750982411796964,-1.3355955781774584,2.346292487668892,2.2893999005280925
-0.015178284501020455,-0.011340884179624899,-0.0019201306802230905,0.007420457979757717,0.2665355191652882,-1.369353834035204,2.3120675000598214,2.3184636165875006
-0.015146313891963926,-0.011404779269589247,-0.0020239233098539766,0.007419433153386263,0.27001444730384877,-1.437133639661075,2.2750294091884027,2.3975413078586674
-0.015175399151434222,-0.011375549641902379,-0.0019646635229418757,0.007397323966832568,0.26567306164969834,-1.396465092645622,2.283803892919027,2.341763509885096
-0.015230473253695769,-0.01122655138253573,-0.0017393190499077542,0.007422819585288467,0.261382876599826,-1.2491565052109406,2.3740178355773662,2.1802657941277523
-0.014712067339005956,-0.011952668239444741,-0.0031122675823992228,0.007510819850518563,0.32184715268293745,-2.118130162582563,1.8675432870814517,3.2812259155128665
-0.0146744100315788,-0.012012514338531854,-0.003223752885018697,0.0074880795663293375,0.3240253842000354,-2.1781016722819135,1.8005801421506171,3.3531014687669445
-0.014684863963825078,-0.011992176147139568,-0.003188927694324603,0.007499569610043197,0.32389104019747833,-2.1602623190424963,1.823966033729098,3.3333340588953533
-0.014709700209438301,-0.011971972933571093,-0.003135761117865198,0.007489714657328642,0.32042542878269314,-2.128180357707095,1.8447295678289672,3.2867826097770076
-0.014702457069823127,-0.011987024464340256,-0.0031608436508600035,0.007480902310693866,0.3204571374298787,-2.141063072423145,1.8277477899781034,3.300742688272193
-0.014667358644575077,-0.012035525190453054,-0.003256721275287797,0.00746788987432265,0.32314033040739076,-2.1932310647845017,1.7732851727664694,3.3661607084421266
-0.014780514866956725,-0.011881040809847703,-0.002950300364269715,0.007498826691029091,0.3135678564187688,-2.021860230512058,1.9378249243301904,3.1500249524139012
-0.014791548185466324,-0.011864025642479886,-0.002918426225775066,0.007502850691832106,0.3125799084080244,-2.0036726216522855,1.954790691849255,3.1278953162258993
-0.014770435857160627,-0.011898427013333747,-0.002981425970390632,0.0074926743532814566,0.31412567322341195,-2.039206245284488,1.9199328491146732,3.1703761376906985
-0.014739865527886276,-0.011916671475192127,-0.003038725984908869,0.0075152596261648585,0.31917059536089165,-2.0762192570359574,1.9051911191476496,3.227406073720523
-0.014731509954081484,-0.011930158464098499,-0.0030636778971151525,0.0075107417006723114,0.31977764285747595,-2.090005119598012,1.8908575897098037,3.243915819353513
-0.014762085345646454,-0.011915364798133515,-0.003009926810542045,0.007484264668063042,0.31435409408235054,-2.054549760216809,1.9019656354655068,3.1873557014751497
-0.014731957354836412,-0.011946802820016726,-0.003080942723430845,0.0074892670762561064,0.3179741617653144,-2.096583820966473,1.8709194694474134,3.244620905934226
-0.014656844842091813,-0.012057315679900564,-0.0032928192959248326,0.007453848999828717,0.3230617481973897,-2.2110308240338923,1.7476230910915225,3.385205399430905
-0.014636038445695727,-0.012088860453410904,-0.0033523665544039206,0.007440596410075968,0.3241333419829329,-2.241792822697161,1.7102723081064541,3.4224207156246176
-0.014632112966550799,-0.012106798078562075,-0.0033754214686252362,0.007421715021523026,0.3228911282845775,-2.2510673025979493,1.6883730994058397,3.4283870344908745
-0.014654812934753202,-0.012081487946521438,-0.0033197809304977666,0.0074244320905240855,0.32082448969444255,-2.220814978127575,1.718232497244718,3.3879446566677633
-0.014626498002887602,-0.012124589478808042,-0.003400455832780628,0.007405185549901535,0.32214488470547714,-2.2617676750091094,1.6666499163878825,3.4372353014255936
-0.014615494378821406,-0.012144406247410597,-0.0034346992567068813,0.007392982334712855,0.3221861075176258,-2.27815566681355,1.6424753872612459,3.4555901176575037
-0.014608332116632263,-0.012164284214578944,-0.003463558181696203,0.007375184400382546,0.32139624257426735,-2.2904300456704845,1.6179853978936125,3.4664176029637885
-0.014562226389300159,-0.012223720061644386,-0.00358379799980859,0.007352822579697168,0.32412207675124133,-2.350362694482556,1.542445283395893,3.542709293907134
-0.01453598890793801,-0.012239814491651848,-0.0036362095410945555,0.007364055840777469,0.3277556009087481,-2.3802050993417705,1.5200185283365926,3.5888694252477094
-0.014528063209025631,-0.012254143997972552,-0.0036606547475344082,0.007353560304115182,0.32761565132147447,-2.390871152684785,1.5011852871583191,3.6005209157533504
-0.014554644046378276,-0.012239237979851103,-0.003608766275677812,0.0073405187023579755,0.32380970288979677,-2.361064209697943,1.5225425152674454,3.553678496864889
-0.014513676634880382,-0.012282894357520918,-0.003707256501105191,0.0073300209351628435,0.3269700943512401,-2.41022221385273,1.4632958748895366,3.6203595027249698
-0.014521039784076121,-0.012268682850328361,-0.0036838949125787683,0.007341415557135653,0.3272378618930785,-2.4004895960768273,1.4820855256956256,3.610191265540949
-0.014517209492314791,-0.012310001715091062,-0.0037255980457920478,0.0072856199995677455,0.32261236383758124,-2.4104021891309624,1.4300455696430514,3.6059425158341156
-0.014520798919309944,-0.012295998418826237,-0.0037082292573946095,0.007301666398724807,0.32373551938041323,-2.4048451261802186,1.4479633395000706,3.603209122577417
-0.014600689468858735,-0.012181911842952345,-0.003490795914658591,0.007360910656312755,0.32096917509219364,-2.302394044770363,1.59610888850458,3.4781250646140287
-0.014589114445969557,-0.01220247279895694,-0.0035261491054705066,0.007347487630472897,0.3209307445250846,-2.318706201537377,1.5704090421066772,3.496332285556817
-0.014582652763691093,-0.012221419213939586,-0.0035526598257304217,0.00732927590172549,0.3200111510048615,-2.3292259559965403,1.546738469713125,3.504913229953598
-0.015044412766023028,-0.01153719633514638,-0.002273197005570601,0.0074630832800824465,0.2833205689576714,-1.6021668105210038,2.206514861034282,2.610676841367844
-0.0150774323440154,-0.011473193480426589,-0.002166176219691876,0.007469567280714367,0.28010231778425426,-1.5343913342398663,2.2507648432902516,2.5315979413953276
-0.01507372566825121,-0.011508612214311185,-0.002212071757851967,0.007443482000099514,0.27895849132245676,-1.5610338392538703,2.219113119869619,2.553910192214107
-0.01506618337651063,-0.01157227807709724,-0.002294132765877068,0.007396351064846902,0.27719025851468265,-1.6079486067446318,2.1617264243581515,2.5931290077478333
-0.01503249280222136,-0.011601781555065058,-0.0023606116586136305,0.0074201917869723705,0.281982595489582,-1.652560689280845,2.1486841455149577,2.65598651496402
-0.015020445423331698,-0.011637613311847372,-0.0024138230089751876,0.0074036719190400105,0.28224761145435234,-1.6837806941382352,2.118469873473136,2.688122440153166
-0.014850013787824091,-0.011724179996572258,-0.0026925907031293,0.007575154144978328,0.31161884317298516,-1.8780054959069208,2.0957286246083915,2.994213572725483
-0.014845364953926656,-0.011746597408618374,-0.002723775811564011,0.0075573190344902985,0.31079893402409753,-1.894631354543307,2.0722470019015238,3.0084582068357535
-0.01499523802868267,-0.01166464054791184,-0.0024699904808409994,0.007415168067251301,0.285447813806913,-1.7201152875392067,2.101944665725877,2.7369051034984264
-0.014875653963140516,-0.011717657613756143,-0.0026567660200611663,0.0075427608591838,0.30652721227962415,-1.8517058786268292,2.093410117403661,2.948539739160687
-0.014902923442906717,-0.011704551490247541,-0.0026120468672477352,0.007514976443747851,0.3017685087437974,-1.8204995578080023,2.097338258912194,2.89877654588973
-0.01492905485387671,-0.011683074229456135,-0.002559411608632484,0.0074975697357043125,0.2977439360375756,-1.7857976402186069,2.1100716588074335,2.848867762192683
-0.014965218988891665,-0.011690491249621446,-0.002530235853742953,0.0074344759248446525,0.28978205552198016,-1.7597930726343385,2.087689908896193,2.7930694534515017
-0.014829282647460916,-0.011783813155768139,-0.0027846070520458027,0.007539774556684878,0.3113986793138052,-1.9290742138471686,2.0356724912568827,3.0456725280588035
-0.014839098587134137,-0.011766583533961586,-0.0027537955956839434,0.007544411487308465,0.3105606807596987,-1.911104702681872,2.0518977609896187,3.024493754301647
-0.014833180801427167,-0.011804279639080742,-0.002803279156506399,0.007510437860064342,0.30884856682214057,-1.9361541599556717,2.0112518711328495,3.043630560268529
-0.01482973758003364,-0.011827030625586607,-0.002832665386109666,0.007489385348624218,0.30762124571571525,-1.9506881563573806,1.9865518470180807,3.054393149861159
-0.014816696127041645,-0.011852929121430624,-0.0028764818591155536,0.007478630831618164,0.30827804827688804,-1.9751456546612898,1.9608537923211031,3.0818929402944417
-0.01448469844654116,-0.012340373424725534,-0.0037997021860272586,0.007281246751416156,0.32546156295558104,-2.44712385832182,1.3865247658115238,3.657788776592064
-0.014493226260558531,-0.01232633103552896,-0.003775089394615936,0.0072915890652735585,0.3255436767426345,-2.436882072040286,1.4056531153577796,3.646235037559783
-0.014511689722136381,-0.012325953267794633,-0.0037473476848736043,0.00726901876067218,0.32168759712230693,-2.418000966451943,1.4093973301030978,3.611514044223387
-0.014468577056739394,-0.012367181626811755,-0.0038462678152408297,0.007260805578820424,0.32519870050378324,-2.4660854918912043,1.349700911297873,3.678982827366095
-0.014476726602562046,-0.01235438963250417,-0.0038233919576774814,0.007270076642353233,0.32521672375588745,-2.4566542688846194,1.3674055313729652,3.668116220379208
-0.014345180796587595,-0.01256026423169552,-0.004184910762293229,0.0071025234857676625,0.3224434382809566,-2.591412462393446,1.0711867296907436,3.8207625139051227
-0.014352743558611386,-0.01254650829180043,-0.0041632601693398765,0.007116313374805096,0.3230432867828516,-2.5848548304896073,1.0911347811084318,3.8144623903421597
-0.014385438166634507,-0.012492459928761022,-0.004072532269238739,0.007165610644305785,0.3245093124751371,-2.5543975604435185,1.1700442429137263,3.781868876695422
-0.014360529026941357,-0.01253302555994417,-0.004141345761313899,0.007129265775370462,0.32353838755937714,-2.577883607599752,1.1107880287595753,3.80736365036157
-0.014368864598052969,-0.012519737498532897,-0.004118605012203499,0.007141134765534656,0.323839028492327,-2.5701779972169025,1.1303456952117237,3.7988975173106527
-0.014377301693271269,-0.012506231103476284,-0.004095467455329116,0.0071530742530795345,0.32413396000316824,-2.562215964566177,1.15012496201588,3.7901424237742103
-0.014475508792600154,-0.012380775517564972,-0.0038468927804690884,0.00723177860071546,0.32186779062874177,-2.4600702952860027,1.3343649304190077,3.660937969470839
-0.014471703625818141,-0.01239382525038295,-0.0038631768357580035,0.007216668353645606,0.3208477825762093,-2.4648239916825774,1.317380154334112,3.6631896639186903
-0.014466878745385032,-0.012409243535224225,-0.0038827780475638846,0.007199101952258371,0.3197205253140165,-2.470601317383562,1.29723728675496,3.666254527494766
-0.014434874516538092,-0.012438133193102678,-0.003954360220724402,0.007192962048219919,0.3222704408598481,-2.5041669719529147,1.253052732841468,3.714237625906415
-0.014427204629668072,-0.012452186379372177,-0.003977004873867562,0.007180254792749973,0.32183128628463814,-2.5122133465018615,1.2334688267994987,3.722429633077199
-0.01441933640311356,-0.012466046180838776,-0.003999720717462046,0.007167918696462564,0.3214407314630286,-2.520289983611487,1.2139892581600324,3.7308591886110807
-0.014411368130852172,-0.012479783811298405,-0.004022415056421902,0.007155728001692965,0.3210688156055998,-2.528301023379999,1.1945525629892295,3.739313596566585
-0.014403371470584606,-0.012493507411737178,-0.004045058514136613,0.007143431631414013,0.3206867654923234,-2.536175108475808,1.1750488248549205,3.747610095090113
-0.014460667960822344,-0.012424456362883841,-0.0039041839072106225,0.007183373766543978,0.3188780402857357,-2.4775848944130776,1.2769819534450721,3.6717496385554385
-0.014453639955964217,-0.012439265262982028,-0.003926399807663802,0.007169080083825966,0.3182430305126662,-2.4851934688517083,1.2569649025868548,3.678693049751946
-0.014263202493758264,-0.012612490095141666,-0.004354039555463633,0.007105237118831941,0.33529932557140646,-2.6672505436293665,0.9716101683642514,3.941141415982344
-0.01427923012816542,-0.012613122442982044,-0.004327670178844356,0.007086901541159368,0.3255747743959079,-2.652627357361212,0.9748811297313601,3.9125424941387776
-0.014254974043432976,-0.01262587050132173,-0.004376357014415122,0.00709151257226485,0.3335453355324409,-2.6736390588345125,0.9508053044179117,3.9475194648677623
-0.014271040020745395,-0.012626607094106875,-0.00434987850230388,0.007073136884879033,0.32508449251828514,-2.6588864447650375,0.9542310105312987,3.918911764424021
-0.01429551654990571,-0.012613895940062196,-0.004301406767119203,0.007068680446233224,0.32455160135981526,-2.635231663142307,0.9836637873185349,3.880658646850829
-0.014337384532649516,-0.012574161649266155,-0.00420693198229933,0.007088609335019694,0.32186368833657714,-2.598019011983718,1.0509240018057644,3.827190193449583
-0.014312032669154455,-0.012614919832436337,-0.004274982645060119,0.00704954987237602,0.3205894317465752,-2.61883287463062,0.990057066602467,3.8493239671686585
-0.014320566138683937,-0.012601610203526894,-0.0042524354454259,0.0070621931140058105,0.3209741028115662,-2.611957531221952,1.0101176266915652,3.8418492086602156
-0.014329180931029134,-0.012588046140706181,-0.004229502740552546,0.007075001161433599,0.3213617086811735,-2.604856180828452,1.0304503029903989,3.834155175457933
-0.011967918410580846,-0.014626957559807434,-0.007615632200642265,0.0032390243454169377,0.2232590952968174,-1.3564299337439978,-2.725652485914223,2.5661460407194028
-0.011982514532878767,-0.014620880387250125,-0.007605123958023776,0.0032628312259270933,0.2231201611524047,-1.3736307670274226,-2.7134515801923373,2.5834696283249223
-0.012071876318959047,-0.01455053057554135,-0.007584103110071569,0.003453032393697588,0.2294250820890268,-1.498158560756483,-2.6605274134016934,2.7363312478301083
-0.012070520821975433,-0.014566511436206681,-0.007563044881836019,0.0034291515153892075,0.22425104580999133,-1.4843389120014343,-2.6523538320913573,2.709313936417242
-0.01199712286626862,-0.014614750335564482,-0.007594510024735057,0.0032866449019670796,0.22308436821956504,-1.3907846947015983,-2.701115958291488,2.6007465774083793
-0.01201167302488554,-0.014608476048697472,-0.007584016009149785,0.003310514698292508,0.22314502897101582,-1.4078674269164173,-2.68881574617251,2.618053838170143
-0.01202610243458283,-0.014602040573261395,-0.007573748719978942,0.0033344027658413693,0.22320854346577054,-1.4248355061195286,-2.676639572353117,2.635382687120853
-0.01204045366912005,-0.014595543056855979,-0.007563507676638568,0.0033582236367829424,0.22317023259226224,-1.4416889014977095,-2.6644407051038255,2.652633609800645
-0.012054840543300733,-0.014589131332381869,-0.007552929120933867,0.0033818924215354086,0.223037491310789,-1.4584571207629757,-2.651946502251754,2.6696702010252262
-0.012069285508881117,-0.014582809541816392,-0.007541978929035028,0.0034054205211250035,0.22293979149589047,-1.4751479593449692,-2.6391314479097687,2.686489722394803
-0.012086162244613058,-0.014543999019492741,-0.007573208991153595,0.0034768602940105867,0.23020429454353217,-1.5149684615652328,-2.647549471915236,2.7534018752075795
-0.01208487271251276,-0.014560025746586103,-0.007552150113429308,0.003452848924374061,0.22409117821996602,-1.5010445606490528,-2.6395108407458348,2.7262593353495963
-0.012100427570042292,-0.014537422618955199,-0.00756223970390411,0.0035006546612515025,0.23096966192663668,-1.531675778195229,-2.6344455003510907,2.77045836482127
-0.012099196702608154,-0.014553468953419704,-0.00754122563476715,0.003476539419355795,0.22387932672354874,-1.517694171705479,-2.6265896240178552,2.74316553578898
-0.012114672150203698,-0.014530801440932151,-0.007551197137455339,0.0035244113129094946,0.23167926158715538,-1.5482819260036207,-2.6212433948830918,2.787476003968406
-0.012113491226671123,-0.014546843789279373,-0.0075302693176461785,0.0035002193010768216,0.22371400105520708,-1.5342853284529243,-2.613580128278434,2.7600347696041876
-0.012128895840071584,-0.01452413555302291,-0.007540082562459208,0.003548127637143335,0.23236958548469175,-1.5647922377142731,-2.6079704841630105,2.804426674083761
-0.012127754993922787,-0.014540155626851797,-0.007519275824426546,0.0035238806206474333,0.2235867921007085,-1.5508090723961023,-2.600472149921211,2.77686214395808
-0.012143098494643411,-0.014517425023423979,-0.007528901061327065,0.0035717930308007176,0.23246298927922837,-1.581216421200865,-2.594646521509265,2.8212526239982414
-0.012141984187202767,-0.014533411247652665,-0.0075082416035867705,0.003547511621799095,0.22356380939971385,-1.5672528054326156,-2.5872633490251626,2.7936441923820756
-0.012157279968945644,-0.014510669920930355,-0.007517655853149129,0.0035954009063071195,0.23129004685163043,-1.597574466096208,-2.5812590918814124,2.837893404421017
-0.01215618403910692,-0.014526631196388945,-0.007497132490882832,0.0035710902506191186,0.22381533376651255,-1.583599052961576,-2.573948726979879,2.81035197602641
-0.012171440118039544,-0.014503870314936747,-0.007506337758859536,0.0036189706418795673,0.22968895060828584,-1.6138861802900353,-2.5677538242991687,2.85437691950492
-0.012170374900653327,-0.014519844496378664,-0.007485883189795746,0.0035945937827036867,0.22430273122029956,-1.5998329420090152,-2.5605140718102617,2.8269220118719276
-0.012185578797026963,-0.014497026275438711,-0.007494931783761368,0.003642533351897254,0.229534403742824,-1.630143485158687,-2.5540783149145554,2.8708262660358836
-0.012184572382053735,-0.014513051125577936,-0.00747447312884967,0.00361803230208598,0.22461463962112935,-1.6159613728035043,-2.546954629222906,2.8433246917281956
-0.012199695861056147,-0.014490137873033796,-0.007483437331450818,0.0036660899961964027,0.2309990124062388,-1.646307689086197,-2.5402422947790573,2.8873187309287576
-0.012198767802219452,-0.014506206074558875,-0.007462972072453742,0.0036414588582768946,0.22448475896671405,-1.6320209603763296,-2.5332896144344716,2.8596306183221536
-0.010981767451915272,-0.015070109981850863,-0.007863735606235217,0.0015225184745477403,0.214241172305095,-0.12120998985121388,-3.0943240270284886,1.2027566039558975
-0.010924510849459028,-0.01513658389834602,-0.007780973128497627,0.0014001789401477324,0.205322911878465,-0.05895725802814401,-3.0424063992341916,1.0960686215340107
-0.010970909761940801,-0.015100144414288464,-0.007817158925146443,0.001487888337617296,0.20930628602158594,-0.11132506857543088,-3.06390194546352,1.1702408445454093
-0.01095688696848302,-0.015133619390682404,-0.007766669734191653,0.0014473589951426431,0.20403734670216409,-0.0981824161597508,-3.0312601257102334,1.1328383321935294
-0.01106508535774355,-0.015023666704116171,-0.007889940306601529,0.0016726070736922782,0.2178277978967198,-0.22185121910954617,-3.1058259164092625,1.327626688162573
-0.011091669745920393,-0.015018667020630176,-0.007879655113515042,0.0017138135955769033,0.21699218489751496,-0.25502166377363017,-3.0966421578847023,1.3601564760009965
-0.011118099543152982,-0.015016273561629857,-0.00786439449361298,0.0017527367214030434,0.21560936987032,-0.2879863356679597,-3.0839503198123164,1.3902285422566127
-0.011138614651982801,-0.015005593297039627,-0.007867786682968213,0.001789496534180495,0.2164090819032988,-0.31331723789567595,-3.084138351244549,1.4205964249690692
-0.0112141406319907,-0.014973233166477253,-0.007865081442216697,0.001919978972928315,0.217282764137146,-0.407347725609937,-3.073721896591452,1.5268866404737909
-0.011195502595433688,-0.014982513495964658,-0.007863905458180677,0.0018866897708827136,0.21676337741722093,-0.3840475100318529,-3.07522643629008,1.4995757551164737
-0.011181855308526504,-0.015003249982082374,-0.007838458490683096,0.0018513675254529117,0.21394617420295495,-0.36693209719759967,-3.0598193159389533,1.4677740055372743
-0.011158944587442947,-0.015013832572548841,-0.007837753750249518,0.0018114694130398202,0.21339702960144386,-0.3386863165769983,-3.061916909589721,1.435234724133188
-0.011008356076090334,-0.015064389380435937,-0.007856472516421945,0.0015640655407746177,0.21372285676976635,-0.15391752010558413,-3.087732425848532,1.2357685499701008
-0.011032230196819091,-0.015053799527880805,-0.007859217780382559,0.0016050227885538793,0.21414113322777942,-0.182831159856971,-3.08785856362117,1.2693419998218027
-0.011053633174488332,-0.015044576795263742,-0.00786081521944807,0.0016416376046629697,0.21459134066594884,-0.20890169177168758,-3.0872886394707173,1.2993294119647127
-0.011620451811167928,-0.014788557971000182,-0.007787599184148798,0.002635281800427452,0.22124820938221879,-0.92313292517983,-2.9463636006580134,2.102181189744493
-0.011637080814852357,-0.014789261947498196,-0.0077680486332468565,0.0026552350524355417,0.21980344054679907,-0.9417666876425884,-2.929408344993572,2.115420499728709
-0.011606388423759917,-0.014797227845738158,-0.007788897502480873,0.002608116197723571,0.22071932773958355,-0.9046186462301442,-2.9507778443587975,2.080074321381589
-0.011594040573968878,-0.014812479138289968,-0.007777381075190597,0.002576028374876662,0.2189825005306407,-0.8862825991896299,-2.9463904249837323,2.0519460275556907
-0.011512820120212758,-0.014862220138923726,-0.007780578814705667,0.002420696844260753,0.21617996550467802,-0.7805971877689747,-2.967215801676703,1.925273058090746
-0.011577878651815006,-0.01482225211160925,-0.007778719806779695,0.002545169724770728,0.2184430165037892,-0.8652031007844497,-2.9511713615772788,2.026862291705014
-0.011528612975784086,-0.01485545321964967,-0.007775643704995402,0.0024478267328173534,0.21619249129599163,-0.8003854833631384,-2.960544422289502,1.9467371326674707
-0.0115594160033729,-0.014831238708164069,-0.007783528072600645,0.002512253510853727,0.21819977366825793,-0.8417184769053929,-2.9586631982027147,2.0006393333152643
-0.011544496721163209,-0.014846126657481204,-0.007774623097822841,0.002477709865410705,0.21670721464567136,-0.8208843818637609,-2.956322142191087,1.9710308647310966
-0.01172656875468444,-0.014768797196995951,-0.007699278499018916,0.0027874709536359773,0.21665588289719875,-1.0470725677642616,-2.860683210320395,2.2121962951510494
-0.011713195544320067,-0.014776500786798326,-0.0077025354286102765,0.0027625783333719155,0.21632999349889484,-1.029926925033789,-2.8666228388409607,2.1924200140538885
-0.01169891836489681,-0.014783611342900365,-0.0077075935613243355,0.0027372737181143394,0.2161642398802602,-1.0120009383785977,-2.873894787168813,2.1726035373035746
-0.011684043001966475,-0.014789824642245207,-0.007714576486710181,0.0027122396174731824,0.216192414427843,-0.9937022195900104,-2.882490187232318,2.1533196180086716
-0.011668914031348794,-0.014795574048025615,-0.007722405695139419,0.0026873757968537758,0.21631493334056193,-0.9752354196726861,-2.8916297445306367,2.13429892435937
-0.011653637027849561,-0.014801241994595914,-0.00773035263882084,0.0026623703356520485,0.21649232511410163,-0.9565796342712215,-2.9008196111769595,2.1151603353863457
-0.011235493547910943,-0.014988298952212415,-0.00782140063498106,0.0019369690545531697,0.2130151178763465,-0.43306849656288265,-3.0418871742195424,1.5355979147281078
-0.01140189968465932,-0.01491685015598968,-0.007797461102895183,0.0022230440050670544,0.21435246551878032,-0.6403130844783229,-3.000261685500504,1.7660148465241352
-0.011418501939718948,-0.014913159125181456,-0.007788052866421458,0.0022483404080588035,0.21385900110408862,-0.6604965925852512,-2.9910472639454215,1.7853737575720696
-0.011434636862969562,-0.014908163658057099,-0.0077810912114568,0.002274193288124084,0.21355153647875832,-0.6803252870083617,-2.98344594963999,1.8055463290538725
-0.011510138238916504,-0.014882068838402386,-0.007750464272079527,0.0023972096775717196,0.21277872715571136,-0.7730910187721803,-2.948181345386715,1.9016179739407126
-0.01149565210858813,-0.014887323604975924,-0.007756265321867365,0.0023734336825109157,0.21287980512799057,-0.7552967362831983,-2.955023781095701,1.8830556594968575
-0.011450638910116143,-0.014903865279369122,-0.007772902818145514,0.002299151601264293,0.21318676336482392,-0.6998184571062849,-2.9750020516952276,1.8247875951102017
-0.011466132746718325,-0.014898750998159606,-0.0077663890065945715,0.0023241860391131157,0.21298920266943086,-0.7188193095405665,-2.9676841563608822,1.8443033241196731
-0.011480740751927981,-0.01489250462207414,-0.0077624478865616795,0.0023491523370554445,0.2130526402625195,-0.7369887481032227,-2.9621494326386535,1.86411116610906
-0.011259025757671686,-0.015001589290364848,-0.007779121334450383,0.0019579092996583965,0.20901643550103852,-0.4608636258706614,-3.0107743559186475,1.5477180836533078
-0.011280630087092913,-0.014986693105739983,-0.007786601684979904,0.0019994090540807648,0.2102676208266558,-0.48779413054761356,-3.0126812873661772,1.582339835662393
-0.011306725269251014,-0.01498108877088961,-0.007773945622340537,0.002039116366929101,0.209447795910831,-0.5194563405132032,-3.0004950628943727,1.6131147796132634
-0.011329612239044697,-0.014972185437766128,-0.00776923508401793,0.002077295044038564,0.20958286798469475,-0.54752099915923,-2.993885650451546,1.6435730741507053
-0.011393855027153817,-0.014934823739899392,-0.007774624940185139,0.0021957429887523566,0.21177455822979183,-0.6281127991582477,-2.986721153206797,1.7406562237624714
-0.011351969850271624,-0.014956720082295295,-0.007775691999215072,0.002120610141362398,0.21075862319053826,-0.5757674293552192,-2.99454654611069,1.6796315789916378
-0.0113768175211641,-0.014948558461674416,-0.007767094132733421,0.002160759070312363,0.2104485870899557,-0.6061209056002448,-2.984747229006553,1.711176424241352
-0.01176753670854754,-0.014753663675342277,-0.007675062919465789,0.002853697792002136,0.21619946545454832,-1.0963782244726414,-2.8331087253167713,2.2620838716842333
-0.011753634120846056,-0.014762445697147564,-0.007677725576949889,0.002827000971991014,0.21568493747225342,-1.078343138862471,-2.839033500860691,2.240759687436618
-0.011741034367269311,-0.014777557228172608,-0.007668781961727793,0.0027945226818554924,0.21406059829068172,-1.0593898220887363,-2.837221661189789,2.2127424936405835
-0.011784682376741426,-0.014754426364100156,-0.007653570429270944,0.002872829538602409,0.21471731535862768,-1.1141034204982618,-2.8143389954930713,2.273903536335665
-0.011849268410629684,-0.01469156892977421,-0.007671555222584672,0.0030238468652804763,0.22076782771931946,-1.2070465387616611,-2.8042278796737254,2.4005922808549838
-0.011803769898221983,-0.014727723472268845,-0.007671952305138536,0.002927011541738703,0.21794928687941548,-1.1446624872194526,-2.8196830511673716,2.321420581235659
-0.011802537818392475,-0.014746990877661683,-0.00764374181661906,0.0029023854598495425,0.21467476934563753,-1.1356062788260488,-2.8025490995234956,2.2962316503826217
-0.011818633733027812,-0.014720786798162274,-0.0076645811200070765,0.0029526300615060775,0.21803033575204567,-1.1629690354283424,-2.8102323408646357,2.3410038361042074
-0.011832685659749858,-0.014713577214178212,-0.007658437040007974,0.0029776102665654467,0.21819358650190981,-1.1805166724419636,-2.8017358402539627,2.3602824195351118
-0.01184732176316461,-0.014707894382023986,-0.0076490658212579185,0.0030013370143790875,0.21805237497075705,-1.1979878708905127,-2.7909682461110914,2.3779357584285994
-0.011864166824408181,-0.014685991089382538,-0.007661394570885286,0.0030477945152919688,0.22057796387404702,-1.2247843037611856,-2.7927542547717112,2.418271131482683
-0.01187894138821752,-0.014680101754514776,-0.007651695279966155,0.003071921402517915,0.22044823799211513,-1.2424540445710048,-2.78154011744555,2.4361552270088134
-0.011893462830087487,-0.014673878130444873,-0.0076426519785995515,0.0030961214172609305,0.2204082182848612,-1.2599523025493944,-2.770749329969003,2.454205809165053
-0.01190797353909278,-0.01466770684403263,-0.0076333731455728365,0.0031201811166647474,0.220367782947243,-1.2773565866700698,-2.759749888578588,2.4720776873046955
-0.011922681696520922,-0.014661805657612291,-0.007623268078399643,0.003144046353398594,0.2202528808114992,-1.2947581893148763,-2.748106445880586,2.489597498424263
-0.011937387741788685,-0.014655820721587406,-0.007613122869573914,0.003167945732817972,0.22014242586255164,-1.3121185205099504,-2.736373082120959,2.507107733949979
-0.011951859352336799,-0.014649500223738765,-0.007603611521386594,0.003191956338147794,0.2201207524709858,-1.3293366515430567,-2.7250439976862992,2.524809170681174
-0.011966326681067138,-0.014643230967901445,-0.00759386156226228,0.0032158288028985363,0.22009382222599552,-1.3464596607482855,-2.7135027950697146,2.5423278356104224
-0.010300561714067217,-0.0154293876489237,-0.007498564243984322,4.1605462530546535E-4,0.17785350381634732,0.5852571073868963,-2.846605651056507,0.2978249839771813
-0.010343034439135047,-0.015408700688117836,-0.007526860439060556,4.781180925237483E-4,0.18046021221173092,0.5475106899024295,-2.86791452889875,0.34739753342785407
-0.010448210230042573,-0.015315321982186164,-0.007667186820752057,6.468129401497874E-4,0.19402912699699384,0.46705670669513993,-2.9642137148408705,0.48626650013891964
-0.010495337427401406,-0.015302920817193233,-0.007675849664874155,7.171825834696808E-4,0.19459750971924275,0.4164275263842638,-2.972390858446385,0.5423980370519087
-0.01077261732715074,-0.015182214910070076,-0.007782155227883586,0.0011600531582715427,0.20498664495525817,0.11916610643074521,-3.04753253853588,0.9027057132762479
-0.010739840205866739,-0.015198659772294327,-0.007768458122706765,0.0011053786191057265,0.2034393001661101,0.15537834937809056,-3.038684974952616,0.8577140493671779
-0.01071248344466649,-0.015208617232786152,-0.007763173530362719,0.0010617762259049794,0.20285321341187718,0.18621124456779994,-3.03519804415608,0.8224111559799272
-0.010543122703376581,-0.015288892496033558,-0.007685755427929043,7.893509681869622E-4,0.1954987532677806,0.3650400376477321,-2.9809590004072133,0.6001325415881477
-0.010698496547210064,-0.015229306988361547,-0.00773239069541169,0.001032705843591219,0.1998063527586332,0.19761173693066747,-3.015007493514986,0.7969095662708348
-0.010580365990385705,-0.015262292765571542,-0.007720420551371498,8.514810677062351E-4,0.19875955495108488,0.3300232239267789,-3.0049422899238896,0.6515891928666528
-0.010611034921240462,-0.015241170583208848,-0.00774693489905194,9.03128878239947E-4,0.20163348979137252,0.30010317966423156,-3.0231236149564302,0.6944774260781711
-0.010670816144245369,-0.015237604965688998,-0.007729417982073577,9.898522492197135E-4,0.19958378017779396,0.22879354081054523,-3.0128569766489424,0.762430713828892
-0.010643237721663744,-0.015250555546178388,-0.007717566815154861,9.453827560473666E-4,0.19813095901535524,0.25814422400500636,-3.004696505771004,0.7262536494103345
-0.010389053943284817,-0.015381160464723476,-0.007565350842144449,5.475210864108016E-4,0.18384146448862482,0.5075490634611906,-2.8954265016743115,0.4032773267236159
-0.01044111939540869,-0.015369566681526762,-0.007573111576824293,6.225501352483156E-4,0.18453554330045452,0.45314338767828316,-2.9036695961125862,0.46236478448108503
-0.010832222240952323,-0.015179696535604447,-0.007756238134406997,0.0012459338987464155,0.2023490557697378,0.04661186729824776,-3.0293589560899767,0.9697192140849014
-0.010804065964121612,-0.015203159519794366,-0.007729171556165988,0.00119416504251577,0.1996046787300486,0.07599874813556816,-3.0121669361014303,0.925987624021181
-0.010863712119836038,-0.015188793612199537,-0.007723285047151183,0.0012852622913683885,0.19908338091732922,0.006669331976144198,-3.006790028736573,0.9986808323643607
-0.010920192662901666,-0.015177814508393957,-0.007710905755048506,0.0013699900131728393,0.19811571965145705,-0.05958746195392472,-2.996420758186053,1.0656095093294067
-0.010893306748181026,-0.015193176494724936,-0.007699293654922559,0.0013240157508482178,0.1967457549675464,-0.029624997305704705,-2.9899786427633113,1.0277785636753736
-0.01608227242577004,-0.009360420021038183,6.566753541240545E-4,0.006396271181916789,0.15288840681270707,0.49069065798810163,2.2189556473020287,0.052442060811969664
-0.01608814274804914,-0.00948873380462259,5.249208967876438E-4,0.0064200752715923865,0.15388744594525766,0.395485960514535,2.2300694974591604,0.15011538486180145
-0.016186587859338995,-0.009257228173997205,7.283226530353349E-4,0.0062242855631150585,0.14640150434550836,0.540042649687714,2.1251693711654496,-0.03650235011695086
-0.016261734740996542,-0.009134081554607244,8.191842787825737E-4,0.006086281615219426,0.13912318990466818,0.6022094093191873,2.0495407085647783,-0.12706395582328267
-0.016423455327448502,-0.008878568813851066,9.810781280864282E-4,0.005792138840168707,0.12837553106226005,0.7069435674586603,1.8872312889757996,-0.2891762230516583
-0.016399382275271393,-0.00906206212755598,8.365211455079561E-4,0.005888020903129986,0.1302609372543624,0.6086607673178969,1.944293516374522,-0.17798161190899078
-0.01668330604720473,-0.007726233586568133,0.0016332851979409186,0.004937638994416487,0.11621253747168046,1.0907474755781845,1.3884225754587798,-0.7840541665414468
-0.01647726772238521,-0.008278977800184287,0.0014096952794933253,0.005451766057370698,0.12602245592406322,0.9833832934252043,1.6732288925489196,-0.6075893789973651
-0.016682481681439654,-0.008047803306610618,0.0014492863732563346,0.00511943877111732,0.11566979358130546,0.9890771418241087,1.5019916753270264,-0.6666587285597133
-0.016571220374580066,-0.008517892538254204,0.001194719405371138,0.005469263845810742,0.1206844756611518,0.8419608463498037,1.7053913805084207,-0.4746023186306488
-0.016590248889705464,-0.008778220448017234,9.949325137462723E-4,0.005558862518546593,0.11786048047111018,0.7082682840231481,1.766849869621143,-0.3359476211919738
-0.016936724641826467,-0.006716920349605665,0.0019171294358300533,0.004119661160763312,0.10491872584641072,1.182495170546879,0.9749794051515926,-0.9526649211745403
-0.01683299141837344,-0.00698440244229755,0.0018851185174878938,0.00436045881536046,0.1093739945988661,1.186904125454638,1.0820349551555766,-0.9353334104829878
-0.016887704619506394,-0.0072393387827200915,0.001746868083259677,0.004477150520985823,0.10719570226035878,1.1227190705818189,1.1572984914592894,-0.8665142044349609
-0.01693710805887191,-0.007547744325819229,0.0015786477500641311,0.004616866309755863,0.10232505363010048,1.0356691457709577,1.248480093320139,-0.7746464492574354
-0.017216030626179407,-0.006641510683750395,0.0017721265803723588,0.0038936371856558077,0.08854426607342264,1.0912665273187874,0.911480876308211,-0.8927116280663208
-0.01813097057145771,-0.004956763809303095,0.0016238621930991068,0.0025252762018005232,0.026356286362586058,0.9494857684597668,0.4844163528777897,-0.836187343851237
-0.017897174721296278,-0.0053651510142513,0.0016856208134239101,0.0028301540263068526,0.04247355906456984,0.9857288246718491,0.562586721576715,-0.8586483669918811
-0.017472439514819332,-0.006319013218721807,0.001718392914465589,0.0035569586370110167,0.07322600919095922,1.0412181352760543,0.7950307427503125,-0.8711752990611046
-0.017663509679617183,-0.005859800916687152,0.001720329141530558,0.003202720689367043,0.06003786637608579,1.0210018672119714,0.6728423372979427,-0.8729453332960265
-0.009832446741758094,-0.015466298624028235,-0.007449068477126876,-2.256686110543938E-4,0.1760896188710145,1.0634225241930062,-2.753537226430368,-0.1952647910413308
-0.009883696391619758,-0.015471856465296125,-0.0074440585786175245,-1.556876110447361E-4,0.17515143212617248,1.007164040144522,-2.7596914236425323,-0.14249890438696375
-0.010215301922804428,-0.01543678750779709,-0.007497929406947429,2.9816359847361176E-4,0.17844049575592794,0.6754277952833564,-2.8381603227942347,0.2062430916354388
-0.009932644300256435,-0.015478325311995477,-0.007435850027362015,-8.901979686877166E-5,0.17407907457474414,0.9524342541202193,-2.7628949113647256,-0.09205412515493706
-0.010166898218142808,-0.01544517197394734,-0.00748839980662947,2.309286176193591E-4,0.17744372211011847,0.7238234509462917,-2.826948758612865,0.15390789544342295
-0.010110367756460119,-0.01544310465090526,-0.007496132207534314,1.5357191128559093E-4,0.17867474927466998,0.7860925000703006,-2.8249195171172263,0.09466955376601392
-0.010019731902754877,-0.015464639126580752,-0.007461401739179362,2.8973222565357808E-5,0.17582157170736243,0.8701501606277645,-2.79158070679289,-0.001785381690058471
-0.009977589898829312,-0.015488499391963985,-0.007419821085053418,-2.7982409913981286E-5,0.1717847166200708,0.8993964619024393,-2.7603226853146072,-0.04584713669138541
-0.01007216422917398,-0.015489288624412498,-0.007417873045013428,9.954820532821305E-5,0.17119595174193222,0.8004377738056131,-2.7724492462486,0.05125849557629846
-0.010259610105704683,-0.015457291362477327,-0.007456587714882235,3.5592349896396646E-4,0.17406285072596087,0.6167524109733006,-2.8167604900232397,0.24976518481727747
-0.009796487373188442,-0.015515056521344613,-0.007361262955965482,-2.6831376461446387E-4,0.1678398430328706,1.064687727835941,-2.695642858813986,-0.22788680182612966
-0.009752170807669927,-0.015564098542764878,-0.007272537649516777,-3.198057509041757E-4,0.1594362326010934,1.0726798596096003,-2.63611973664708,-0.26651348439386413
-0.009077755773766176,-0.015721382578464657,-0.006814210343370374,-0.0010869320317305595,0.11939761180279525,1.4948478372847165,-2.2365057484644946,-0.8037867487001736
-0.009161194255879567,-0.015688342035742167,-0.006900919308419135,-0.001007483735851582,0.1268606632064925,1.465997121566212,-2.301419646058626,-0.7533084723133346
-0.009235183271690305,-0.015653180747493965,-0.0069857177250517025,-9.363207659813367E-4,0.1345023051886437,1.4427181136200302,-2.363662824978709,-0.7067180386022672
-0.009296517053817299,-0.015690641066449216,-0.0069507150226826315,-8.50199806962138E-4,0.13142980212966107,1.3657060920330404,-2.3618758180295765,-0.6460682320996821
-0.009574834760718428,-0.015622365420218958,-0.007142712497007284,-5.341757550666992E-4,0.14826306336933906,1.1920955678204141,-2.528017169079352,-0.4238205931898778
-0.009358008716268485,-0.015682737478156246,-0.006984466647929171,-7.806756185133563E-4,0.13424790459467653,1.324922607191503,-2.394542405047224,-0.597885357243601
-0.009429714357854795,-0.01566093095481764,-0.007041683860575583,-7.018660897422202E-4,0.13927195022891617,1.284578371826196,-2.441448341953055,-0.5428826222074603
-0.009505693555435,-0.015653835028642794,-0.007074621228271961,-6.115993248953917E-4,0.14237102727716952,1.227474653062709,-2.4761905910247415,-0.47895746179987403
-0.008897118656723605,-0.015762746546992678,-0.006665387144612157,-0.001261733629756127,0.10581619182153172,1.5719772896847164,-2.1152831648980857,-0.9139459931322588
-0.008989957644140165,-0.015746629081841827,-0.006735499096778526,-0.0011710056691153234,0.11343988238122556,1.5299114099590483,-2.1748957197093017,-0.8570489690064331
-0.00881743046238088,-0.015860144745046295,-0.006486659469766559,-0.0012918949508592358,0.09297283667879332,1.5331914720567619,-2.0145739233467577,-0.9233775430406092
-0.009697405016159346,-0.015613534807139973,-0.007181942857778662,-3.8210044966540427E-4,0.15123783549729583,1.0891475016254422,-2.574367237277878,-0.31290727703639337
-0.009637769431498655,-0.015661488337156963,-0.007092895693578634,-4.4773558630873154E-4,0.1434334154712286,1.1087843945563183,-2.513423607448356,-0.36053099599901844
-0.008322909852708577,-0.01605023089669582,-0.005954900046166224,-0.0016237017603966243,0.054727274798883,1.593964942477801,-1.6639403354030422,-1.0919969946801293
-0.00814173282134209,-0.01607502014211257,-0.005808901814741515,-0.0017480116467809665,0.043852886449541474,1.631155267650757,-1.5599251166505275,-1.1522167291018819
-0.007408779731348247,-0.016623987773819748,-0.004792628486571478,-0.0018320832223615087,0.00457143548355053,1.4167082896606287,-1.1018051236316224,-1.106238549126267
-0.007611965232366916,-0.01651814187017046,-0.00501472751955134,-0.0017957350916951705,0.010048323484087978,1.4465977011944384,-1.2004590677734657,-1.1072192630757536
-0.00780771339900528,-0.01638968885617605,-0.005260582168438035,-0.001766552763574824,0.019770198633539963,1.490721987284006,-1.3110334906280867,-1.113782910045107
-0.008023185174368333,-0.016269727729179864,-0.005519963667668943,-0.0017056288181561204,0.031017316894594946,1.521426184340916,-1.4407659356951665,-1.1030430739540602
-0.008486924758035766,-0.016037592194901862,-0.006070139091403754,-0.0014961627428252743,0.0630391348618237,1.543586663400429,-1.7535934977844152,-1.0249890280380958
-0.008635724486435556,-0.016026370571207045,-0.006168621197787871,-0.0013731010852569504,0.07076212912908696,1.4894392437890718,-1.8336603461135474,-0.9568179856778166
-0.008756199291985737,-0.015980367594313306,-0.006292468765543848,-0.0012878090848781804,0.08004672533468284,1.467956533888056,-1.9168652394295442,-0.9096918449848802
-0.00726641033129075,-0.01693121305931719,-0.0044586816155833785,-0.0017083357536837927,0.0012630780359663754,1.280434895212992,-1.0054055133762179,-1.0218761031329429
-0.005479009862650455,-0.01796009503205638,-0.0028623161217757394,-0.0016332731082468691,0.01402454900518176,1.0314825155507454,-0.5116328148938781,-0.8987864137983127
-0.006102652661864452,-0.01758609629897073,-0.003374378643932864,-0.0017081530732872099,0.001488426709219134,1.1160093540477831,-0.640955965791009,-0.9514206599767755
-0.0058877815314987625,-0.017968444425052132,-0.0030678427916994468,-0.0015533302402877278,0.01364614825882199,1.0161291250449336,-0.582359220757802,-0.8780464830944784
-0.006957627067884688,-0.01722085902509311,-0.004070696295317412,-0.0016624482910109573,-0.0010462866704467261,1.189173118878295,-0.8759949392632552,-0.9747828117721146
-0.006677929702578936,-0.01746958376301211,-0.0037547434991439953,-0.0016175469643945784,0.0016232831566023991,1.1219530482612303,-0.779872378207295,-0.936419701510916
-0.006422743574387102,-0.017636893713340346,-0.00351898777918387,-0.0016006508423527046,0.004074565990964248,1.0839798587784026,-0.7078858871106534,-0.9164993309213834
-0.018493706092806643,-0.004804737001604567,0.0014646102775384754,0.0023181052459879357,0.004988827263006308,0.8820897650438674,0.4512668064325484,-0.7829910768755013
-0.018811573699134776,-0.0033841231613271775,0.0014349322082349892,0.0015612443325912293,-0.029914571492168394,0.8557681301650178,0.2750058509249209,-0.7748090581547565
-0.01882910225001376,-0.004229063547873082,0.0013673972289482948,0.0019415836678937594,-0.020390933865535293,0.837968496730978,0.3686460110812492,-0.7540788441225078
-0.019227919135606137,-0.0018395585149224665,0.0013074965696063705,7.988035514332029E-4,-0.069386451470158,0.8069888528139024,0.1366213084353676,-0.7396926617294083
-0.019518568465281397,-0.002810541655489914,0.0011555078072658757,0.0011628816887829594,-0.07653760965044541,0.7593870795366578,0.21776409623316942,-0.696391222654758
-0.020357264554036938,-0.001224280008725994,8.711503856259191E-4,4.395141541625866E-4,-0.14069307576043288,0.662551940451428,0.08956656753836134,-0.6171150916422589
-0.022384447363075346,4.119134478214549E-4,2.924760588182336E-4,-8.887305353525453E-5,-0.2812597257921799,0.3960378717846456,-0.029693851268791375,-0.38001066269901645
-0.02148659133540516,-5.387516617137755E-4,5.151465949539432E-4,1.5133526611735932E-4,-0.21732565167617293,0.5169720826650067,0.03872320918968836,-0.4892523943357064
-0.023763105277238315,-1.4254075575846652E-4,6.829341647180799E-5,1.543050007767173E-5,-0.3888389941341748,0.19804998818871575,0.010891777294904979,-0.19462361076344928
-0.025,-7.36559687364401E-4,0,0,-0.4948947747041668,0.0018802777044314787,0.06160586550670558,-0.0022237683116124052
4.324190468583708E-4,-0.021432414579066916,1.2336861463485297E-4,-5.320186499506717E-4,0.22755870864791708,0.5326767129796762,0.028832086827610025,-0.5030049482029829
9.397316799656139E-4,-0.022548836172560063,1.9128874842666248E-4,-2.576466110592168E-4,0.29841150565673585,0.37625053925783586,0.06415807701985965,-0.3612422378152142
-8.513169259609208E-4,-0.0204090069958924,-3.031698363698204E-4,-8.578976599627454E-4,0.16620236648681744,0.6702887988254725,-0.05670630098896936,-0.6234089109211055
-4.5291146087269446E-4,-0.021196297691585132,-1.3673855284721204E-4,-6.012131237097725E-4,0.21284433572186973,0.5645453400121458,-0.0301826413131956,-0.5311384235917227
-0.0020309278672108657,-0.019917957276715484,-7.882661610523293E-4,-0.0010220732126331531,0.13249673660292824,0.7306242251443423,-0.13831361965564945,-0.6733453944672273
-0.0016436143990910487,-0.02053694606075073,-5.695148804591232E-4,-8.038792828268774E-4,0.1686129786666447,0.648790981065416,-0.11073967288540132,-0.603772670712947
-0.0031065312003729327,-0.019066486746171535,-0.00138030627997585,-0.0013358182397910836,0.08040682453760349,0.8462274260357862,-0.22179823635979376,-0.7680163947916551
-0.0027765238002787837,-0.019842067368310543,-0.0010883888029683013,-0.0010293120268468757,0.12115787010390365,0.7348353443915802,-0.19447406340180282,-0.6753254809915373
-0.0044443933195354845,-0.018834436182559127,-0.0020370257705450657,-0.0013458748774737234,0.055758976529421425,0.8690489945744881,-0.3548098690467621,-0.7792675181069465
-0.003868428394043526,-0.019110883623899462,-0.0017022001977824376,-0.0012715405084777643,0.07432917069150467,0.8313926833084152,-0.2923016857496267,-0.7520422988398484
-0.005232603177081664,-0.018406800809027526,-0.0025537700585273643,-0.0014503390043308396,0.031989369279208396,0.9351163984656269,-0.46260844610995894,-0.8246398207387869
-0.004955153149097751,-0.01888685497399752,-0.0022438939564124777,-0.0012688366379342165,0.05282131436370297,0.8461047868063599,-0.4145644730095919,-0.7556530121992854
1.1755988492175869E-4,-0.02377535795316269,1.2652996064157524E-5,-6.721714100378282E-5,0.3933168745570885,0.1977084652730815,0.008738792581544724,-0.19425526048407057
-7.365596873642952E-4,-0.025,0,0,0.49723418611313974,0.0018367807265126693,-0.06145148527375734,-0.0025271476997296943
-0.01526631413403897,-0.011130525074269636,-0.001593930055724161,0.007430632567529959,0.25719704951825917,-1.1515914916172791,2.424243038773737,2.07181811783844
-0.015255596987123338,-0.011178204157208545,-0.0016612047295112935,0.007416010560552717,0.2580309639539337,-1.1959896335627327,2.3951856815133348,2.116962649734916
-0.015281899882922731,-0.011212736755033545,-0.0016859285926975397,0.007349787649476127,0.25268408475175597,-1.2075212176642294,2.3507117082678843,2.1061925463891344
-0.015321083883054233,-0.01110964625934445,-0.0015323436994785682,0.007354993902333733,0.2486063504961922,-1.104004087631562,2.4009585756704372,1.990681123871503
-0.0153562181435219,-0.010983800166697207,-0.001353005693327074,0.007372602838531118,0.2450535004182132,-0.9819658812958983,2.4626365569582718,1.860727492175245
-0.015344465954229522,-0.011033356735761909,-0.0014224436406661293,0.007363425146424739,0.24604698216520604,-1.0290982255904693,2.437975008789629,1.90990454590006
-0.015369378583270041,-0.011079728620074074,-0.0014654573956148422,0.007295606291464488,0.24118120919878913,-1.0542757030344883,2.3880613280959753,1.913948248208105
-0.015514828650009806,-0.01054750404630249,-7.245418689372124E-4,0.007296009420054297,0.22349243808796548,-0.5315303438485334,2.571545769264249,1.3469978650821786
-0.015430474607944684,-0.010679705750395369,-9.24924527940258E-4,0.007392119466132392,0.23573992870175103,-0.6803411170903491,2.582503430194128,1.5389793260691176
-0.015454958494706711,-0.010740289300050901,-9.93848301493193E-4,0.007327454523761166,0.23204173677128112,-0.7266714517975221,2.530200620669968,1.565895341621191
-0.015494253168924239,-0.010625755141000623,-8.318817541947461E-4,0.007305273702553752,0.22681479495626483,-0.6094975733289587,2.554339062934346,1.4327356783301342
-0.015433165233351654,-0.010831716389959474,-0.0011202350915972736,0.007323659148062153,0.2344558465642689,-0.8161932714074255,2.4970397719124695,1.6612127505988512
-0.015471811997574053,-0.010792135778202412,-0.0010528110226692298,0.007277997591056744,0.22907412038491623,-0.7659603254757877,2.4883535740209304,1.590932524067977
-0.015410536220771551,-0.010959446525662851,-0.0012927155392114303,0.007297320183471882,0.23670481055456175,-0.935415381151753,2.437396260104334,1.782469923001118
-0.015452287814655966,-0.01087946061099336,-0.001171551586922404,0.0072700217000694805,0.23138744815482545,-0.8493409013494757,2.454206577386294,1.6786374654850673
-0.01545351009839234,-0.010927919207713216,-0.0012313122446098027,0.007244199767336093,0.23021127945526804,-0.8893647422475747,2.4245801554005526,1.7136465255833506
-0.01559238134451801,-0.010447336763334081,-5.763357926535837E-4,0.0071946697193680164,0.2124279653642103,-0.42038666728713886,2.543000053255675,1.1956160191810532
-0.015655424624016822,-0.010405138154596927,-5.099566578160453E-4,0.007101665625649065,0.20406672498569264,-0.369147179677269,2.5029776219603375,1.1117228788763034
-0.015585434582617765,-0.010517346900352345,-6.662834044436357E-4,0.007188477299553013,0.2133283984286982,-0.4853667248448919,2.5226896901255507,1.26148308146683
-0.01577576889941962,-0.010148272450471727,-1.8182769318539563E-4,0.00694428136266059,0.1884836537348276,-0.12517122699309893,2.4651216544873624,0.8122947953754432
-0.015743850891766747,-0.010220795708177608,-2.714531474684839E-4,0.006988513943789263,0.19236070113379036,-0.19199018438725812,2.4774187272251633,0.893552786379132
-0.015694082369827042,-0.010283353139979362,-3.5342017233396E-4,0.007060202979017784,0.19872596429211772,-0.25359863999686016,2.505438038121765,0.9792583061901325
-0.015722752739889597,-0.010352457104266272,-4.331808476440352E-4,0.007004130761874185,0.19543488788083782,-0.310875715124129,2.4616482600413474,1.0199991989162
-0.015733476643339066,-0.010427193991785627,-5.209763068342749E-4,0.006973379056718473,0.19424453526319943,-0.3740280402114045,2.4300939530924413,1.075598656901423
-0.015869733943648805,-0.010109018586090777,-1.3094029252521975E-4,0.006801134955606952,0.1780683505719621,-0.08651535859492071,2.3921828349595606,0.7295110322424648
-0.015911352845094383,-0.009857048306880306,1.5528712479060376E-4,0.006733561300453576,0.17231276666651876,0.12517488265652912,2.3834716614144793,0.4988391482994135
-0.01590815153381004,-0.009998994031110788,-4.972829567007847E-6,0.0067445938201686,0.1731333964846216,0.007198370289365521,2.3747235544888343,0.6194040546672647
-0.016167685428651574,-0.009589377443562107,4.0725167824974176E-4,0.006329585110670306,0.14769759976984811,0.30741259234184065,2.1781432365248503,0.21160156011117334
-0.016078152951261266,-0.00969000037227567,3.1853097862702585E-4,0.006471152462443186,0.15592397685802423,0.24455619860945266,2.250226430535828,0.30970732598497147
-0.016063960888450763,-0.009812249301489794,1.9134176201929967E-4,0.006505585134683324,0.1578447558922336,0.15185652526333396,2.261178676349299,0.40963178850806853
-0.015121505088937844,-0.011451425064487434,-0.0021012237785824426,0.007419075561927042,0.27286192617225224,-1.487268631994484,2.2468902419744796,2.4567339313602683
-0.015169055559799815,-0.011443311078719277,-0.0020510552032274444,0.0073514625062659055,0.26445282937547754,-1.4480704233643007,2.2280410221193754,2.3859182028841204
-0.015227763681139815,-0.011279860129876099,-0.0018072969654992514,0.0073882097729131525,0.26011506630555076,-1.2916257813771843,2.3325512327542235,2.216568531125913
-0.01522089412149327,-0.011328838326052526,-0.0018722475025701863,0.007362071549214887,0.2593341313354176,-1.332250290184904,2.296377530148543,2.254203473168836
-0.015206206510619588,-0.01136523705560764,-0.0019275740495207938,0.007356894350323849,0.2610097491129194,-1.3681180582189856,2.27457468760897,2.2940537278623183
-0.01520328684018327,-0.011411224263843486,-0.00198478042825588,0.007324615247916803,0.2594537916843697,-1.4024514576458798,2.2369592721538027,2.3226340118675224
-0.01527925310235319,-0.011258660261819126,-0.0017438715588945681,0.007321696648969661,0.2514548153605422,-1.2440540522283536,2.316591505276975,2.1379259117881415
-0.01472906383577987,-0.011967404649540363,-0.0031063979687625336,0.007467555836089494,0.31655495932935634,-2.10772800387976,1.846934566676756,3.2514025869296534
-0.014691484663207457,-0.012030427619926778,-0.0032199027735483857,0.007440441172636189,0.3182727039580968,-2.167756319162885,1.776839596144055,3.3217655858319755
-0.01470433974604328,-0.012007294971249808,-0.003179506979873716,0.007452149209524367,0.3179094935724303,-2.146879647617387,1.8030823256894135,3.297969748187561
-0.014722762030873303,-0.011988500396934498,-0.0031364540292284147,0.007449897081992005,0.3157532745395018,-2.1220362472364784,1.8228696079851694,3.2639880372428896
-0.014682540508862509,-0.012051901847115545,-0.003253386548401804,0.0074249556591155725,0.31799523325478146,-2.183908807294212,1.7518768818111976,3.3379846866562377
-0.014791732845528286,-0.011898873310380649,-0.0029561614227402305,0.007460858899369688,0.3095776973687222,-2.0194645761254226,1.9145116462089369,3.1328632771611766
-0.014809037350669726,-0.011884241850539526,-0.0029196758313574417,0.007452969370539757,0.30718557460895407,-1.9967941475978246,1.9271595996756299,3.1004710877610817
-0.014785193840241233,-0.011914883335288243,-0.0029812571461617678,0.00745108795984738,0.3094224198916376,-2.032598122669318,1.897534015188139,3.1464193880191043
-0.014752956718143037,-0.011935550225886075,-0.0030427981744366563,0.007472738188748745,0.31443354758872216,-2.071862138574313,1.8801539127165137,3.2058603877391425
-0.014775308906687021,-0.011930551900592622,-0.003009994597571321,0.007446403610510513,0.31015541870579816,-2.0485892905516065,1.88148989130789,3.165634250049972
-0.01475133098636615,-0.011960874455795899,-0.00307162438368668,0.0074436572162833005,0.31234818936869724,-2.0838361392823272,1.8507218646524322,3.2110217761112554
-0.01467638763593362,-0.012074298614685203,-0.003283931356049478,0.007404031817957996,0.31681171550916654,-2.1973011332503556,1.725373677943596,3.348643602289681
-0.014651407138899486,-0.012102741267000177,-0.003345355170040396,0.00740062888986241,0.319152235601098,-2.230683566935392,1.692521516560842,3.392954922820818
-0.014644685161650605,-0.012119613359086474,-0.003370893116243099,0.007387082064875247,0.31867149700427494,-2.242243065536403,1.6722927954563929,3.4040331202317775
-0.01467277806419524,-0.012097063459275949,-0.0033112033158571494,0.007378831369746037,0.3150941897162365,-2.2079556331964523,1.698199096747744,3.354227681390484
-0.014619817863355769,-0.012178081825517691,-0.0034606534628848786,0.007340704448744117,0.3172755826590648,-2.2823641111202515,1.6012587252818125,3.443300617410727
-0.014645400220129815,-0.012141386062667162,-0.0033909059671493017,0.007356600839769632,0.3160217209363223,-2.247633039190965,1.6457955243048021,3.4007569405065317
-0.014630979454861548,-0.01216275645173525,-0.003430885748171062,0.007346869971101276,0.3166313610479641,-2.2674968612994877,1.6199814476857843,3.424792610729867
-0.01457460258760165,-0.012237786580168736,-0.0035789238383809566,0.007316579125326304,0.319694845125066,-2.3405914527294343,1.5260286706499588,3.5166412463822936
-0.014545860077219424,-0.012254832079550476,-0.0036354456273687487,0.007329468974249046,0.3236493404606029,-2.372811520498415,1.5023172044221456,3.5666444972180513
-0.014536172722516838,-0.01226712270420666,-0.0036604277856676073,0.007324175568386477,0.3242298245128902,-2.384742755761122,1.4859467151650319,3.581876919637967
-0.014565720061326726,-0.012254330049913813,-0.003606432836596413,0.007304495563913815,0.3195223536707763,-2.352616407737901,1.5049215735909949,3.529599940525422
-0.014533415233079099,-0.012284983880203638,-0.0036801712135209334,0.0073017091533100365,0.3224402135945303,-2.3903824084197196,1.4634204844094094,3.582455460151927
-0.014530105219426328,-0.012324140694626099,-0.0037187053313891033,0.007248650850925444,0.31807984151276925,-2.3991281437533023,1.4147252748713248,3.577725191721442
-0.01453445452822664,-0.012306482723423003,-0.003697286775073507,0.007269020301524833,0.31950566953702303,-2.3924377830280856,1.437049300684473,3.5747013871770217
-0.014596412705444312,-0.012236338984411475,-0.003546756934932009,0.0072902628769913715,0.31523099194053544,-2.3184777302294424,1.5293693310511383,3.4766534533043827
-0.014619122551537042,-0.012198396292826052,-0.003480487544659759,0.0073135172036947116,0.3150064479620593,-2.2878458991604056,1.5765353588095459,3.4416213167856293
-0.014606588232252788,-0.012219712281152886,-0.0035174484943808824,0.0073003218985286345,0.31504490522510137,-2.3049557137599614,1.5501516549017273,3.461050570559792
-0.015094673201524331,-0.011540174366912202,-0.00223027253017696,0.007382075439253152,0.27348254634040575,-1.5657980217494172,2.1784800552235137,2.537102042580664
-0.015114199507854779,-0.011499803502069172,-0.002165257926443627,0.007388147687024066,0.2717355877119821,-1.525161995060366,2.206219172653155,2.4906246827327716
-0.015114570287656306,-0.011578763183570763,-0.002256665389175899,0.007316242480441964,0.26787541368782675,-1.5754019997209563,2.132478621520193,2.5250739187378133
-0.015081381931722496,-0.011604754417808321,-0.002317318656041674,0.007342498519579477,0.2725870132043403,-1.616405587637099,2.12325834569617,2.583955512397316
-0.015069056037658585,-0.011640004138416794,-0.0023691632444661315,0.007327532828085494,0.2727134079266141,-1.6469970852224327,2.094801815071896,2.615820482805128
-0.01504099707434553,-0.011670806788209268,-0.0024312755223164536,0.007339727310134007,0.27629049824489815,-1.6869449019541987,2.076629936327247,2.6689980441250456
-0.014871694101053384,-0.011743044797610529,-0.0026904068999911743,0.00752093584299188,0.3053104647808375,-1.8692843241417296,2.066889251423863,2.9624789676314918
-0.014861805182548964,-0.011763835569294669,-0.0027251244841848517,0.007512912942374566,0.3061120471538893,-1.8892569058869484,2.0473288308054887,2.9847561680596355
-0.015009175739404024,-0.011696710048857153,-0.002492244791466012,0.007361629141585786,0.2807729912859899,-1.727230355038212,2.063677324993138,2.726316559542974
-0.014903539818206073,-0.01173447848508237,-0.0026457547074676432,0.007481769568618819,0.2995094061473736,-1.8367667200102147,2.0647147280957436,2.906730088274761
-0.014935372772641106,-0.011715613106988836,-0.002590147265694978,0.007453571881156462,0.2941715044736415,-1.799036318276446,2.0730470178998686,2.849006035356474
-0.01497337937355615,-0.011724732850065473,-0.0025604926067479272,0.007386571471965037,0.2857306120527739,-1.7722896653239635,2.048919192075207,2.791121167984723
-0.014858926668217665,-0.011789220710307583,-0.0027570656719454615,0.007488775120240599,0.30453655931988616,-1.9052440592763014,2.020056870663261,2.9960127902635283
-0.014858387797113175,-0.01181959410297514,-0.0027915395940698758,0.007455166629375704,0.3022297938141516,-1.9211433953534798,1.9864689189476934,3.003866833740432
-0.01485102675765025,-0.011847832739310893,-0.00283099135826433,0.0074337433427936325,0.3014516254270561,-1.9415428716439165,1.9571656571873477,3.022128835187811
-0.014842432654272535,-0.011877634122984706,-0.0028732464441856317,0.007411826717936326,0.3007006453567596,-1.9633174169426495,1.9261464964302901,3.042144796069443
-0.014491859703286331,-0.012354610921078434,-0.003800858451879244,0.007251049428718658,0.3220292399882124,-2.4412286527621414,1.3702426301606343,3.6394734884331994
-0.014504885407539345,-0.012343868523004635,-0.003772504891960168,0.007250945129571058,0.3206902718994233,-2.4269188239549515,1.3860565772724998,3.618610483483433
-0.0145250589449828,-0.012340686570258491,-0.0037400291908814324,0.007230640819356441,0.3169969505099423,-2.4061870967492633,1.3936137976591632,3.582119073043374
-0.01448754656098959,-0.012371095645816914,-0.0038208907738290112,0.007231654534945641,0.3206444163621991,-2.4470789930925316,1.348990833121267,3.6418488287589517
-0.014355032663826072,-0.012574827724621743,-0.004178953651593822,0.007068341967096569,0.31825698911045247,-2.5803005830495986,1.057702797901741,3.793974501312117
-0.014362194328198229,-0.012560693518532359,-0.004157890263871897,0.007083160087764871,0.3189752986136201,-2.5743074118964784,1.0777510490269793,3.788784347224976
-0.014369034494323094,-0.012547084098517217,-0.0041375912106341685,0.007097352402458312,0.31966113958118997,-2.5684231362894945,1.097007897816603,3.7836711784362467
-0.01439529060322386,-0.012507380490560488,-0.004067856591797638,0.007130835362177622,0.3202807023774483,-2.5439627757251198,1.1552616731862122,3.7557694923380716
-0.014377238251514438,-0.012534287248517142,-0.004115594699341997,0.007108595947536516,0.3199271514292123,-2.5609531464501543,1.1157811368935944,3.7753572153879085
-0.014386790920572637,-0.01252144782473217,-0.004091366757316007,0.007118239268861981,0.31988537014976165,-2.5519882096701316,1.1350141704348884,3.7643780034926393
-0.014488153929000727,-0.012391070593925047,-0.003836162213099867,0.0072009323167668065,0.31787035289524984,-2.447993380068492,1.3246108159819643,3.6335774113034653
-0.014484767859445523,-0.012408353975247739,-0.003855025976027285,0.0071790163074686745,0.3161811847541794,-2.4525032112535503,1.3027183012985466,3.633410844947947
-0.01447951269374879,-0.01242470910951579,-0.0038757893299147957,0.007160613426338514,0.3150210419878981,-2.458627823930954,1.2815380835417731,3.6367964745017853
-0.014446064366028957,-0.012453626413267907,-0.003949004278714182,0.007155957300993624,0.3177605659608256,-2.49316365229415,1.2372848434839343,3.6866109591757685
-0.014438103107655816,-0.012467606902436541,-0.003971820347312965,0.007143707772793655,0.3173886238943489,-2.501344596094546,1.2178862208346022,3.695186266081237
-0.014429926808747046,-0.012481305633400072,-0.003994674140711438,0.00713197936584424,0.31708006107752623,-2.5095745031312635,1.1986861607690231,3.704069496867493
-0.014421723062064023,-0.012494835511629701,-0.004017367330212456,0.0071203824452653755,0.3167781686957913,-2.5176704463209347,1.1796018059649087,3.712868766801948
-0.014413688514191524,-0.012508411331321115,-0.004039751345955005,0.007108362861460701,0.3164284879953064,-2.5254361137353842,1.1604382443552608,3.7211240841717808
-0.014472987102668726,-0.012440384598382807,-0.0038977942318478725,0.007144597179605412,0.31418702686935074,-2.4657933895699116,1.260850646897781,3.6425341845465025
-0.01446564350812486,-0.012455339182647967,-0.00392036374439961,0.00713047611631473,0.31359500886153674,-2.473561520361205,1.2407767019032698,3.6498208262057728
-0.014238391211262554,-0.012652553475482133,-0.004420881334400293,0.007063841637748814,0.32992900861659846,-2.6859946302561113,0.9090462191847773,3.9600844025796693
-0.014246703588587152,-0.0126392250056941,-0.004398645714062333,0.007077709068821207,0.3313296554628708,-2.6799128374137555,0.9299281541477598,3.953833686566758
-0.01425442661084758,-0.01265346872843358,-0.004394310881623773,0.007045559443993926,0.32480859749494334,-2.671018145372059,0.9129159080468926,3.9314222750459584
-0.01426277429117762,-0.01264006539452018,-0.004372093553752177,0.007059339700074893,0.32496610828097117,-2.665011759637381,0.9335666370616388,3.9252017225870657
-0.01428741210685825,-0.012627481512985402,-0.004323440404714682,0.007054814080846772,0.3240805521607765,-2.6414229788799095,0.9632036898749273,3.8868619522323904
-0.014279219464144913,-0.012641098926635777,-0.004345538225533811,0.007040831606104956,0.323459941759171,-2.6475158997476815,0.9426192328033761,3.8929700785567576
-0.014304007024694337,-0.012628458701647312,-0.004296756366437097,0.0070358367972873,0.32001391115283706,-2.624999329848279,0.9698979245652338,3.8554766058393604
-0.014347201388635137,-0.012589155699378,-0.004201110009361076,0.007053789761786527,0.31762218882748594,-2.58676263329172,1.0371002175667066,3.8000549390605074
-0.014320384570349216,-0.01262944915058537,-0.0042706176643755684,0.007017048453702201,0.316663887576923,-2.6086581124833916,0.9766304716453807,3.8246312971556207
-0.014328969967155264,-0.01261678467166752,-0.004248595427594234,0.007028592969085486,0.3169443265801681,-2.6017821771611476,0.9957976296398569,3.8168252850946804
-0.014338535125247076,-0.012603540984428686,-0.004224542605945133,0.007039877008000389,0.3170907038870941,-2.5938573071855884,1.016008800888576,3.8073907714031345
-0.012213791167466397,-0.014483205177866363,-0.0074718680069571575,0.003689612501144498,0.23266095907466455,-1.6623490400044247,-2.5263092487198104,2.9038099029205426
-0.012212935940788573,-0.014499270548679354,-0.007451463899214978,0.003664907704486403,0.22415023605455806,-1.6480390451904483,-2.519540712568235,2.875929394388644
-0.012227864587089588,-0.014476228253964728,-0.007460236575159856,0.003713074958933239,0.23333763702088442,-1.6782750199191316,-2.5123352215736476,2.9201947471403344
-0.01222705623611922,-0.0144922524020963,-0.007439966635438653,0.0036883530242131286,0.22397531049819672,-1.6640001156042843,-2.5057109009578764,2.892231214960398
-0.014196203394784794,-0.012718800667499655,-0.004531210596012365,0.006993581828846238,0.33133937999056157,-2.7135640571775443,0.8047923363362731,3.988907147413528
-0.014203697731408475,-0.012733017442355976,-0.00452615254196117,0.006961680111707848,0.3204090876432999,-2.7044118491289737,0.7883596975750082,3.9656621005845136
-0.01418764123415389,-0.012731970148814605,-0.004553159743536131,0.0069793115673292576,0.33045297684256253,-2.7188324655004963,0.7837468597674017,3.994096525939245
-0.01198102438054767,-0.01463731461737249,-0.0075831240540721176,0.0032394124776577954,0.21998416234565013,-1.363547393504194,-2.7012119486610744,2.5593746876128374
-0.01199581435714152,-0.01463143944571327,-0.00757203948403297,0.003262959900188623,0.21984842263417745,-1.38061184188292,-2.6886112768768604,2.5762857609627763
-0.012083735342247284,-0.014576454991155377,-0.007530904466182119,0.003428918975142281,0.22294824848986394,-1.4917703655877714,-2.626174788776238,2.7032267038875664
-0.012010565458154552,-0.014625307561880648,-0.007561213832741963,0.0032867271837246563,0.21975686028569982,-1.397681032037296,-2.676110900598655,2.5933964276642083
-0.012025119241223839,-0.014618837248855604,-0.0075509727707075225,0.003310665499945404,0.21973625921615572,-1.4146621224866818,-2.6639668678649895,2.610743334266957
-0.012039391875218741,-0.014612095620457793,-0.007541330197796057,0.003334609297257047,0.21980112092434564,-1.4314569202389917,-2.6522226671941174,2.6282007554860574
-0.012053659860244864,-0.014605498620131038,-0.007531318749841345,0.003358286415190665,0.21984807993054153,-1.4481013800373723,-2.6401948566968767,2.645339029279532
-0.012068153528458801,-0.014599332615433456,-0.007520223394894512,0.0033815328728663617,0.2197895270763007,-1.4646281658603435,-2.6273709405880195,2.66185360945147
-0.01208275077530814,-0.014593295717958157,-0.007508642857537807,0.0034046243636206668,0.21968659451346054,-1.481079387730382,-2.6141554027552445,2.678097017718997
-0.012098152670081958,-0.014569984363069409,-0.007519873404676153,0.003452466465202874,0.2230215934734989,-1.5083351940276388,-2.613195731450595,2.719976708627234
-0.012112524282035861,-0.014563388350601678,-0.007508915191887788,0.0034760654023427364,0.22310583407526804,-1.5248396893797216,-2.6002157316205285,2.7367482191920414
-0.012126844881872679,-0.014556677087982065,-0.007498021652318418,0.0034996990076942287,0.22319321710252912,-1.5412767517682318,-2.5872303285938325,2.7535253603388594
-0.012141099102986568,-0.01454985926033651,-0.007487201520513056,0.003523342669900261,0.2232812257502785,-1.5576309510812807,-2.5742500224321336,2.7702895486280776
-0.012155276280796752,-0.014542971541836175,-0.007476419404030466,0.0035469364965360355,0.2233278480643901,-1.5738764969551438,-2.561255981348243,2.7869883967877627
-0.012169422518497376,-0.014536107701118127,-0.007465483396609626,0.0035703915579691145,0.22329807623507644,-1.5900007982330122,-2.5481115538957932,2.803514607636956
-0.012183630402645687,-0.014529363722276376,-0.0074541344668403895,0.0035936548928487857,0.2232546124100537,-1.6060186659545,-2.534624855539881,2.8197665793194946
-0.01219792540581075,-0.01452266182590809,-0.007442442146770642,0.0036168568192274033,0.22331545164068847,-1.6219862200718638,-2.5208307711821436,2.835855223749034
-0.012212225219028183,-0.014515802987840408,-0.007430789125751915,0.0036402066993739754,0.2235055052110433,-1.6379507272816658,-2.5069956099585995,2.852028628376018
-0.011002830902081427,-0.01509967113447646,-0.0077975262665018665,0.0015330562669471476,0.20747297056402175,-0.15073491855104917,-3.0488461048704676,1.2049971172464342
-0.010949354497523529,-0.015164962288950529,-0.007716226765649836,0.0014178993462165086,0.19885654998867378,-0.09292773232826258,-2.998472230525436,1.104612141387863
-0.010986594348117685,-0.015131023178904475,-0.007752756138346324,0.001490343966461038,0.20282767485937717,-0.13410927354160054,-3.0202755987458763,1.1662928722753023
-0.010973517055603173,-0.015155603281590846,-0.007717903973170595,0.0014569442530545243,0.19924872518950626,-0.12086925025993604,-2.9981909679653787,1.1361648234566342
-0.011080189877197208,-0.015050331240184034,-0.007831904130089872,0.0016748796471756993,0.211733281609247,-0.24242547793100375,-3.065750340858081,1.323460739473482
-0.011112096994541827,-0.015042838766343908,-0.007822059460817045,0.0017247422277125305,0.2111512878912187,-0.2815171740367494,-3.0562589190477336,1.362966977867649
-0.011142399618866147,-0.015034053651284822,-0.007814964121190216,0.0017732222953864654,0.2108638528290621,-0.318522114421445,-3.0485231864463453,1.4015638796574816
-0.011211480394090605,-0.015001370571176231,-0.007818214582596307,0.0018935678269505797,0.21218433138776985,-0.4032946611674504,-3.0428156526170693,1.4998371530164742
-0.011198415200737553,-0.015024752590808965,-0.007788077818485851,0.0018571806486065213,0.2089624907149949,-0.38682503970235216,-3.0244315497437846,1.466854752000814
-0.011174867883812462,-0.01503590233936753,-0.007787069039384726,0.001816406508189323,0.20825359941764313,-0.35810932658447303,-3.026502453461919,1.4335880155281495
-0.011031492957724646,-0.01508380739484247,-0.00780656617278742,0.001583647484998127,0.208655270301246,-0.18458929390719978,-3.0528521212704303,1.2469117287544813
-0.011055058926202973,-0.015069544840159217,-0.007815651889030122,0.0016262999128193558,0.20995974044895702,-0.21255248698018736,-3.0570551237286634,1.2823925931061695
-0.01107896344817099,-0.015079998576421349,-0.0077806962850061005,0.001652245791514763,0.2064108618697346,-0.24250099560715205,-3.031875954479242,1.2999235063215413
-0.011623865917160518,-0.014804683644285239,-0.007757636272032441,0.0026218065975271185,0.21810421046237535,-0.922289362205227,-2.926144234417779,2.086355733821476
-0.011639710135156519,-0.014811190749060652,-0.007729741002435629,0.0026342691727878026,0.21572648119792429,-0.9380699250357168,-2.904093646892059,2.092074218716878
-0.01160952201626804,-0.014818664293655524,-0.0077505773127788695,0.002588728838600679,0.21668234192227745,-0.9021062741415425,-2.9252063818160727,2.058136061727051
-0.011594160560860822,-0.014831862277126759,-0.007745647643983105,0.0025553700334832387,0.2155076176987065,-0.8811157889376684,-2.9258309161894958,2.0300865122408482
-0.011525514724797653,-0.014876597354821245,-0.007743954029362954,0.0024223029574695566,0.21263449642292817,-0.7919457380910367,-2.9406186539392825,1.9211642629778798
-0.011577476410159023,-0.014843506664636172,-0.007744393982452638,0.002522120632859295,0.2147157899964001,-0.8591494892526509,-2.929044510228507,2.0027216132651375
-0.011543308004942875,-0.014868232631860835,-0.007739531344005607,0.002453372568123218,0.2128118241611856,-0.8141695431400545,-2.933808014764118,1.9458435097583988
-0.011560993793193109,-0.014855149792944444,-0.007742658143330681,0.002489205795836632,0.2138459091451553,-0.8374795822577871,-2.931785863683023,1.9755630840465492
-0.011727631141580116,-0.014787774369086197,-0.007668227046741025,0.002766873465393494,0.2132656549116618,-1.0414506034587216,-2.84080552535676,2.1901026334193623
-0.011713135755463205,-0.014796052960794491,-0.00767177128073052,0.0027401775134553367,0.2129079737921051,-1.0230600244901995,-2.8472115193953536,2.1689450504200516
-0.011698234093529486,-0.014802950657982991,-0.007677759150802588,0.0027145528157705846,0.2128186326067439,-1.004701475736307,-2.855202002119423,2.149067483461842
-0.011683148108455258,-0.014808634370438431,-0.007685691493962046,0.0026900340995552273,0.2129556025193197,-0.986517547921515,-2.8644051588469437,2.130402947302667
-0.011668200527775589,-0.01481386555426649,-0.007694016588824365,0.0026661330537515616,0.21313487141171386,-0.9685755193211961,-2.873761540372825,2.11228662294273
-0.01165432757522586,-0.01482110583447227,-0.007697783322683126,0.0026412777220812243,0.21292261283312433,-0.9511206732932366,-2.879869952661385,2.0926183618875647
-0.011239241014480999,-0.015014935128089829,-0.007772416348003447,0.0019203303213236496,0.20796518031933856,-0.43638648571931465,-3.0089760760078836,1.5163751305452828
-0.011261067376259941,-0.015024588039344634,-0.007738148588377403,0.0019417383570107325,0.20481418331519463,-0.4618265696931424,-2.983537927191477,1.5297672387132983
-0.0114156738441819,-0.014937468982575065,-0.0077499221162963105,0.0022218001683186766,0.2096581500954484,-0.6532696935882122,-2.966657421485593,1.7586227310848916
-0.011431540742113593,-0.014926220917491814,-0.00775381399549753,0.0022529876580068787,0.21061959263691596,-0.6736117017356431,-2.9662300580205394,1.784552836003087
-0.011448277450714,-0.014924235842431533,-0.007741215975876203,0.002276527449729572,0.20971085287081745,-0.6933515310310238,-2.954839896339941,1.8019890387726762
-0.011521250524799765,-0.014893938906596524,-0.0077197860452056,0.0023994074940184144,0.20984638174501646,-0.7830454100353592,-2.925987173138748,1.8989272572078515
-0.011507695875481781,-0.014902456416664784,-0.0077193419485063535,0.0023737391026863314,0.20925313017901595,-0.7657665663880381,-2.9286106573618906,1.8779895756611948
-0.011493159374830522,-0.01490395672406295,-0.007731252252797449,0.0023537731812518312,0.21015064140491496,-0.7488874303801212,-2.9393575410756227,1.8634470838756125
-0.011464624891314106,-0.014919513279564318,-0.007733364615368249,0.0023020984930388886,0.20944173766372298,-0.7130582834554748,-2.9465433638458762,1.8216946625152541
-0.01148000100532804,-0.014913953862759573,-0.007727651594509207,0.0023271797416891202,0.209279490313087,-0.7317777643111518,-2.9397506478310476,1.8412931338436758
-0.011282663038345617,-0.015018631880470153,-0.007730472802002759,0.0019753703283220294,0.20440135722979266,-0.4877369517729547,-2.975510821327743,1.5560936945839556
-0.011302317922986586,-0.015005481665775835,-0.007736269073323307,0.002012454996830216,0.20571047162987907,-0.5119998003986992,-2.9764538045917104,1.5868772170671328
-0.01132751728138283,-0.015003985150783198,-0.007717304520142773,0.002046939795636565,0.20397685137100688,-0.5416428257473037,-2.960253684661616,1.6124983206748877
-0.01135129162509572,-0.014990032253287815,-0.007720111941595835,0.0020902249551416926,0.20491460141351817,-0.570928582604136,-2.9583202406666165,1.6479102975145954
-0.011399730368097412,-0.01496268308634687,-0.0077225139100039536,0.00217781492724378,0.20644565124743017,-0.6308625478001958,-2.9516487777932023,1.7192697635492569
-0.011375993473625327,-0.014976859836103912,-0.007720292896693612,0.0021341430071687034,0.20561429636727116,-0.6013391525576184,-2.954332742654456,1.683569909664316
-0.011770739727437666,-0.01477119070044448,-0.0076440816021894785,0.0028368163101709885,0.21290974289059691,-1.0930473191911447,-2.8128040683011757,2.2429078432423704
-0.01175703829625938,-0.014785856161596058,-0.007637321365313862,0.0028037279482464733,0.21138511842718574,-1.073175603429995,-2.812757125045151,2.214778766207335
-0.011743406711024652,-0.014798727538700955,-0.007633042248107268,0.0027729307988327186,0.21016174048098854,-1.0541424107168067,-2.8141622465042158,2.1889914294645823
-0.011802517473152427,-0.014767037944943174,-0.007613005582779628,0.002878466188595321,0.2112757467075219,-1.1275572557757065,-2.7835569493562655,2.271299817556272
-0.01178779051611539,-0.01477797618191884,-0.007613613276126891,0.0028486225186005504,0.21042592942349228,-1.1080984500663347,-2.78859352585631,2.2471415417067493
-0.01186241874256339,-0.014702952539597367,-0.007637833014302923,0.0030245949201497054,0.21773980308566018,-1.2155276531243737,-2.7788370479922864,2.3948281901136075
-0.011818192196886956,-0.014739484924447396,-0.00763642775927306,0.002929425179678234,0.21480218920577024,-1.1548004793270155,-2.792942571199696,2.316941127029171
-0.011818135811598351,-0.014759378770436355,-0.007606104729940597,0.002905449100867641,0.21139237292172317,-1.1466027332371305,-2.7742603972125566,2.2919857771839136
-0.011832299705719737,-0.01473122390122307,-0.007631940859618138,0.0029555785466505243,0.21511666638085028,-1.1726873476883244,-2.785514964351228,2.33742857126874
-0.011845029769145565,-0.014722446319356482,-0.007629740080612549,0.0029807961079148385,0.2157388051321567,-1.1893832462186853,-2.779863948269697,2.3575701793549597
-0.011859652655248977,-0.014720579941508905,-0.007614574612559418,0.0029996217757247076,0.2148489421379581,-1.2049971759096343,-2.765561850468636,2.370101304773986
-0.0118775981439987,-0.014697389155826105,-0.007627275235864302,0.003048638213143625,0.2175527915958013,-1.2333267599416835,-2.7670272754015026,2.412444936289375
-0.01189236342118116,-0.01469107553619456,-0.007618196140565453,0.003073085589908569,0.21752405803629052,-1.2509694232219475,-2.7561958711538455,2.4306431925937506
-0.011906405526078728,-0.014684108270002081,-0.007610837756359407,0.00309750162216673,0.21764251379152486,-1.268137242447654,-2.7466016708224714,2.4491275680348465
-0.01192100267428748,-0.014678192576251449,-0.007601033845076626,0.0031211398623471054,0.21754000365366646,-1.2853180078112285,-2.735246068240261,2.466494079632923
-0.011936035948151994,-0.014672761557993345,-0.007589787658846041,0.0031445601001839347,0.21730955085074524,-1.302612480726989,-2.722798856495618,2.4833693206843908
-0.011950816912298047,-0.014666550258040293,-0.007579853644695843,0.0031686344180527036,0.2172682441419158,-1.3199435949965055,-2.711172471509751,2.500994225219019
-0.011964687268850895,-0.014659402674806138,-0.00757230629511297,0.0031928796482725732,0.21743253013808575,-1.3367964748202203,-2.7012512618528923,2.519213706773602
-0.01197943194308957,-0.014653547817706352,-0.007561558438983894,0.00321631637505216,0.21728931138272758,-1.3537870472125808,-2.6890028421842356,2.5361187234958638
-0.010338424914598958,-0.015452961027028875,-0.007451051292386811,4.6334046167920216E-4,0.1730455434326087,0.5331187761590532,-2.820076297371001,0.33282905310722244
-0.010307214659296345,-0.015484324086464527,-0.007402812986895054,4.1584034274647395E-4,0.16894753419517963,0.5530924317447431,-2.787777153311118,0.29427829765756924
-0.010380434141273188,-0.015444279551240857,-0.007457588846132248,5.218610187272275E-4,0.17344598134558065,0.4908601404499033,-2.827141283102957,0.3784865587285477
-0.0104881605624306,-0.015352915934884593,-0.007589493382120956,6.923971846486965E-4,0.185937013343098,0.405695369275108,-2.9166741438353108,0.5180924725345687
-0.01052916329449341,-0.015335396692027898,-0.007607913831706775,7.547093482759849E-4,0.1877124618480124,0.364716363056031,-2.9302731846201238,0.5682541434086251
-0.010770116935362084,-0.015223924371167761,-0.007709146897150693,0.0011362468082237647,0.19744643636897877,0.11238976854344172,-2.999530723736294,0.8780502542302687
-0.010730969849126526,-0.015239078094552817,-0.007700594096326537,0.001074200916715658,0.19644691424862315,0.15576056492223736,-2.9942054991338236,0.8278489439171943
-0.010564677337132719,-0.01532533135914051,-0.007614023776967747,8.074188211661684E-4,0.18815614419955398,0.3269184127323824,-2.9355259050821525,0.6103237974098287
-0.010584483379251454,-0.015301079998060216,-0.007649924786185339,8.434862106516177E-4,0.19173391541365226,0.3116767584301493,-2.9591943312315387,0.6411233980975888
-0.010698984820821333,-0.015262767794870362,-0.007672834816571917,0.0010189200014760946,0.1940008048163809,0.18778233601606173,-2.976059479353673,0.7818117871419467
-0.01062246079433873,-0.015287933084388205,-0.0076592828672697585,9.01525033345644E-4,0.19239136973904533,0.27114020043259374,-2.966224475180176,0.6876281859414801
-0.010667232092166348,-0.015280070415778833,-0.007655589446792341,9.673171300709024E-4,0.19234977460580693,0.22064636913880895,-2.9645648105502302,0.7395206203721739
-0.010432469383664981,-0.015428200320821317,-0.007473372084570878,5.959629441927511E-4,0.1750467195232017,0.43992780071644827,-2.8402664557757995,0.4368974796518006
-0.01048306988035833,-0.015408520756348174,-0.0074941281641385,6.697247470040323E-4,0.17676066268165347,0.3910499534550475,-2.8559533485093485,0.4954631393614058
-0.010806662060177295,-0.015248936253820986,-0.007647407102352013,0.001174922946623118,0.1913513963143586,0.06342078641380317,-2.9587498529244365,0.9043389272403118
-0.0108403421045107,-0.015219710554185436,-0.00768140309258038,0.001236310224162389,0.19484535776297426,0.029057541808053772,-2.9800480232418973,0.9560912672374747
-0.01087926036491577,-0.015224980507882286,-0.007651552069651381,0.0012871572817434891,0.19188832342723852,-0.01788297888909256,-2.959387227743928,0.9943077633819325
-0.010945472810502111,-0.0152013636837913,-0.007655223009259082,0.0013910427796055946,0.1928094914141052,-0.09269758764922344,-2.9587918712320804,1.0776897816934825
-0.010915511155841837,-0.015217514659271092,-0.007644487732865578,0.001340884172800323,0.19134338698428144,-0.059441177809601835,-2.953295367579646,1.0366100224363375
-0.01623687071166507,-0.009435030617350557,5.443718471815948E-4,0.006204190126435186,0.1421025126870913,0.4067196279621554,2.1138523974100605,0.08560848740866679
-0.016386544835592463,-0.009279007882039917,6.512020922856199E-4,0.005970306348963337,0.13221563802892625,0.4778168848882486,1.9910363447890038,-0.03671026585996449
-0.016503262161740043,-0.009151746271403676,7.274057716632334E-4,0.005789692621549633,0.12305119612837538,0.5292010322625075,1.8980126967198403,-0.12190185454142087
-0.016610467198435487,-0.009025554837130226,7.971550324062244E-4,0.005623689943221377,0.11798451388404371,0.5722275891329344,1.8112621401136104,-0.19636023717580683
-0.016992844189787408,-0.007843104128480207,0.0014019247771347944,0.004727051140413827,0.09892870532009355,0.9369265989168606,1.3238500239199575,-0.6731277011457965
-0.01676245547863732,-0.008351625701811072,0.0012195732411898772,0.0051918684469091465,0.1099581913097235,0.8441170058315756,1.5656759390342467,-0.5235811107678338
-0.017018213641953547,-0.008152311900383092,0.0012224408726962531,0.004853054344734774,0.09635103636011927,0.8302691620270729,1.4052840396715325,-0.5610724140541681
-0.016791722392921357,-0.00864130271197243,0.0010143965679795528,0.005285208383275877,0.10769514628171838,0.7126367942737327,1.630658710349712,-0.38671401096802055
-0.01675940589082888,-0.00888192831689063,8.566999998946519E-4,0.005407927906207518,0.1105965985328454,0.6087762062414267,1.7013449874110234,-0.2697452281991009
-0.01715905943300754,-0.007003224723966451,0.0016818789365689363,0.004140312843634322,0.09154993496766804,1.062836911965313,1.0261711082202611,-0.8459758765177111
-0.01713117864036067,-0.007338819058015686,0.0015652791647190602,0.004347741603607604,0.0927597334500161,1.010171397735161,1.1324518927368072,-0.7822900397038051
-0.017292929672019924,-0.007607504873349162,0.0013656048291095981,0.004360984688411695,0.083234018220415,0.8966450521006167,1.1690326197196448,-0.6790179294217262
-0.01748603614019264,-0.006753192180654236,0.0015865927809287394,0.0037855533368703225,0.07247864840979255,0.9888664233202381,0.9026481199927355,-0.8126041587747675
-0.017693603786628563,-0.006539605716434424,0.0015406904817446099,0.0035479322883952484,0.062401332415339454,0.9581513622501038,0.8218707978110782,-0.796761392513577
-0.018469338301207373,-0.0053023930493022,0.001411474879041928,0.002561152370552824,0.012306380820027047,0.8649118078485502,0.5252821151911755,-0.7622364397560512
-0.018198667386838837,-0.005756228306954363,0.00146559331183232,0.002894198854995289,0.03060750842494442,0.8955642139977901,0.6154722606518493,-0.7773868282027857
-0.01796304276127733,-0.0062724812289335265,0.0014732491032524932,0.0032629180249389078,0.04648359535343637,0.910957821880758,0.7340260188701742,-0.7747322332404354
-0.018440375610091885,-0.006131547778333863,0.001282127947812615,0.0029508350463903505,0.022066887862545518,0.8135165505520469,0.6613551733565253,-0.702458702508383
-0.009853005460498788,-0.015526583697462338,-0.0073477305507580444,-1.922756632494538E-4,0.16567805593852766,1.0009950666112495,-2.6977288399056394,-0.17101384185789728
-0.009905870934803593,-0.01551847810779957,-0.007365541429787935,-1.2271272121174755E-4,0.16780717684980068,0.953531803078753,-2.7169506754006654,-0.11838464664210899
-0.010207495040519767,-0.015492569714866865,-0.007402569298425266,2.812256075917655E-4,0.16960694047992023,0.6556602664748339,-2.7785975239705825,0.19034970354092026
-0.009951466693573963,-0.01553741187492714,-0.007335574732566877,-6.146944769020125E-5,0.16413670005900238,0.8955454947393223,-2.70624901565475,-0.07218125846156381
-0.010138346934326822,-0.01551150526244051,-0.007376444771120581,1.8708786598055726E-4,0.16707857303939427,0.7187747458342442,-2.7553853206412144,0.11739981675900366
-0.01002135781323352,-0.015530030419033598,-0.007349222708949026,3.090077799099572E-5,0.16561070363815963,0.829293064855291,-2.724328912575515,-0.0021838154033446814
-0.010082539725601221,-0.01554494003142077,-0.007322712058861561,1.1137557854328359E-4,0.16249715817752244,0.7587145467450546,-2.7164805623404766,0.058355118428053396
-0.010261111493113446,-0.01552673565618611,-0.00733784654283079,3.4820553584679497E-4,0.1629789424689161,0.583238676922793,-2.7442104997802272,0.23976704341799707
-0.009818623255727682,-0.015582179048726073,-0.0072507439906635265,-2.3160422384268443E-4,0.1572439602734386,0.9969860986545626,-2.6354508855035914,-0.20087633960843276
-0.009764431403457181,-0.0156376465028388,-0.007152631038956234,-2.9393177208536693E-4,0.14808474994358653,1.0117452069123922,-2.570054516209845,-0.24813273773878627
-0.009056448871097716,-0.015801405692289563,-0.0066864791609544645,-0.0010741508810383712,0.10884219797978412,1.4421978311207795,-2.170937992829053,-0.7900655292229825
-0.009144180287083744,-0.01578653376755361,-0.006746071929431995,-9.853948667939178E-4,0.11495856885700854,1.3965476932226375,-2.2222665437977707,-0.7324674928088631
-0.009247212933532374,-0.015753412085010472,-0.0068362370448646756,-8.837415795617824E-4,0.12177750638371697,1.3510792189677527,-2.292060873141074,-0.6660651877536626
-0.009330313161527552,-0.01573801753534107,-0.006889323990447236,-7.943591492141223E-4,0.12670030128300777,1.3016891357200127,-2.3389645073433347,-0.6046080536511435
-0.00956925225131504,-0.01570388583276476,-0.00701050323042833,-5.221374880334229E-4,0.13665362996174615,1.137466374606239,-2.4550656091155285,-0.41374048643062983
-0.009405537962902201,-0.015750025566000532,-0.0068949481294885385,-7.036550959906852E-4,0.12665275655394959,1.235757594382103,-2.358944014948382,-0.5415064420354289
-0.009488502254612318,-0.015734148361756635,-0.00694303486917524,-6.109637264043057E-4,0.13099716142542658,1.1820278873498287,-2.402367647136088,-0.47665606017137213
-0.008970283342274685,-0.01586601480017781,-0.006554458940243584,-0.0011347887427615771,0.09950155266585302,1.441864765560375,-2.0871329905749394,-0.8245969786559869
-0.008891157970023057,-0.01600838730548698,-0.006321754852796673,-0.0011468360913696413,0.08267963256113263,1.3775075516739692,-1.9643028822303101,-0.8219166944006101
-0.009706205219394621,-0.015696915803754444,-0.007048206899862572,-3.574013025936574E-4,0.13955594319493994,1.0250100137517923,-2.5015210121619913,-0.29433648468586343
-0.009645693847996186,-0.015749639285605226,-0.0069541242363502865,-4.212203936198957E-4,0.13146378893086777,1.0421586583872318,-2.4389715390329187,-0.3401280718599624
-0.008440784107820388,-0.016167355053100053,-0.005886804053042025,-0.0014593348085666937,0.05274903287901965,1.465483027592385,-1.6751105810190399,-0.9909675154370653
-0.008288114291373426,-0.01625560322883138,-0.005697397740634178,-0.001526039914642532,0.04327185454826919,1.4559048960583707,-1.5700034302680803,-1.0164505257653227
-0.007606214495555716,-0.01681511331932904,-0.00475108245621459,-0.0016182644234943933,0.008352914810923212,1.2881895621294623,-1.1412036988499787,-0.9988012301261634
-0.007824955823730476,-0.016637185949816054,-0.005036403786910373,-0.0016047454848917887,0.015503884313917521,1.3401217556487388,-1.2598105714989731,-1.0122254426010133
-0.007983150909264299,-0.01649026210080533,-0.005270355009071177,-0.0015964316888057981,0.023221660928510166,1.390096299949765,-1.3608426010101957,-1.024791831403368
-0.008176201665696506,-0.016463614549580258,-0.005408611523660137,-0.0014862267105201733,0.030094747235396794,1.3556693272319595,-1.4493898488313575,-0.9755669094315079
-0.00858578489626052,-0.016175647058231428,-0.005956283140956629,-0.0013361930686494996,0.059195251929345605,1.4022208418682884,-1.7392265687036552,-0.9214485147244836
-0.008764722938884473,-0.01613952011279903,-0.006091138958717275,-0.0012006551265682649,0.06768337961296932,1.347325280511859,-1.8371427104689386,-0.845188178910517
-0.007602917422657521,-0.01716383351759241,-0.004460231387807298,-0.0014309786675061268,0.008498947063736864,1.1282308887083623,-1.0726783305285545,-0.8885655795575004
-0.007296227737640618,-0.017374815459699815,-0.004142914154190533,-0.0014534921008699045,0.005951893203208154,1.090469580455437,-0.9499078176484946,-0.8827718930304967
-0.005689522330521345,-0.018457602307223077,-0.0027444665296114355,-0.001355420203737822,0.030537131306638227,0.9054635869905402,-0.5286091358464936,-0.7943395852410449
-0.006290483844477735,-0.01796119957786286,-0.003272181208302276,-0.0014689181097263559,0.012276787427757091,0.9973134405312666,-0.6584882292432149,-0.8541793854839687
-0.006105306596081328,-0.01830914570548538,-0.0030044568468287625,-0.0013454143624811084,0.024345423384851805,0.9181879312203243,-0.603265311930065,-0.7946905464365945
-0.006986833478212828,-0.017651383532070224,-0.003798131188755962,-0.0014264405191166745,0.006818000287245204,1.0313010188381344,-0.8353991232128558,-0.8548863026095591
-0.0066899374888053685,-0.017861248845080918,-0.0035227889667104524,-0.0014142638435975224,0.011432853093884074,0.9944294895395785,-0.7478439993961775,-0.838206549433535
-0.019104965849128023,-0.005037504780170612,0.0011673841399455801,0.0021975340046831754,-0.02378015979345025,0.7605005255063259,0.4591640288078315,-0.6804859295388895
-0.019625167292941156,-0.003651356260718525,0.001072827781064021,0.0014768028994191643,-0.07158592616859843,0.7280840535271383,0.29422424870561,-0.6653326500696809
-0.019761501569417604,-0.004422887239182085,9.693842627894843E-4,0.0017325973090212344,-0.0670554698622451,0.6827896167365749,0.3676456312251044,-0.6213040218515902
-0.02042017288684386,-0.0022629103804117103,8.310622437362275E-4,7.989864759751947E-4,-0.1354045287944967,0.6443994328162338,0.1687740421702879,-0.5988033200866258
-0.02026550803687808,-0.0031603901500448645,8.57845571995538E-4,0.001142322429276917,-0.11489348470575778,0.648956013507883,0.24238808889622304,-0.6000128200030582
-0.021475814339469667,-0.0017422316275273692,5.094979651770835E-4,4.884189802070966E-4,-0.20838092760838875,0.510714235856256,0.12594678404849666,-0.482323114047892
-0.022613007030726856,-9.79471754837719E-4,2.4398982016684496E-4,1.94171703723397E-4,-0.2950625110846879,0.3621645314746757,0.07095881891787863,-0.3482355639619014
-0.023802354142131676,-0.001559514665653304,6.315323215089478E-5,1.6273959251906863E-4,-0.38131251160971796,0.18910105820714748,0.11812076285051776,-0.18442137663723815
-0.025,-0.0021891246502292183,0,0,-0.47261337077864746,0.001948324201750129,0.1812303618237503,0.0010170571986089073
-5.004922444153832E-4,-0.022353827724259277,-1.0933979091798405E-4,-2.997741623737755E-4,0.28719283850070937,0.4051877069843312,-0.033924909978749744,-0.38816002514040127
-0.0012709849434951327,-0.021462642795204476,-3.5894133897167255E-4,-5.18894304923054E-4,0.2252524791988679,0.5249932779249852,-0.08530028485430961,-0.49545560447097664
-0.002387385912727715,-0.020668129239318826,-8.021945838226995E-4,-7.451639662999374E-4,0.16867655207623541,0.623580365154269,-0.16313444806410257,-0.5803157597929726
-0.002013705945219451,-0.021306592045409092,-5.884312214143028E-4,-5.548391109030552E-4,0.20892563253915536,0.5400915423875402,-0.13591667523147666,-0.5075250834402822
-0.0034521961943876803,-0.01993982969103921,-0.0013235739459216218,-9.636839772201191E-4,0.1177301264074281,0.7098178060631496,-0.24866254418363834,-0.6514957272153453
-0.0030992348083313617,-0.02071834083370098,-0.0010241473535195624,-7.088797264159092E-4,0.16213542662330863,0.6054989447085005,-0.2151574969956995,-0.5624970983814134
-0.004581847278703144,-0.019442804191274993,-0.0018967510095999056,-0.001077898696386163,0.08032236740904382,0.7597914147517802,-0.3597541047120121,-0.6870039807930732
-0.0041543023843367295,-0.02004923265265992,-0.001549103100799245,-8.846092194932457E-4,0.11321582044998947,0.6766162796688892,-0.3078826937799016,-0.6194279128796981
-0.00549315905823097,-0.018942195915127868,-0.0024498719912599168,-0.0011759814800496214,0.04976148491144424,0.8137333992476617,-0.4805735917823711,-0.7221071392589337
-0.005208536448589263,-0.01954257872041286,-0.002099798612955403,-9.777390466317844E-4,0.07576818243444959,0.717352444373589,-0.4234086438311609,-0.6457724658396233
-0.0013273851320300747,-0.023711297848664336,-1.490994002649378E-4,-7.343250987630997E-5,0.38086868453272404,0.2062226199406114,-0.09660797528186534,-0.20143959574090278
-0.0021891246502290414,-0.025,0,0,0.4761664880452303,0.005114832232029332,-0.18126582486466505,-0.002550640200601216
-0.015313322717302411,-0.01116903683198651,-0.00161091978893022,0.007329093191023288,0.2482218784702725,-1.1553462626600373,2.362854217465177,2.0394901282526194
-0.015330938654156316,-0.011231248434431426,-0.00167465493427541,0.007259293611713219,0.24399214477896544,-1.1927489034889476,2.304759048332798,2.0576243328246324
-0.01537874291515647,-0.011134767602422857,-0.0015270450731738,0.007246990746745187,0.23860351656420734,-1.0927430160061669,2.343183840848036,1.9401168115308778
-0.015412075766133782,-0.011023991759212289,-0.0013719461667349715,0.007259575147726397,0.23523803952524508,-0.9878039981508274,2.3948407495852853,1.8272413650961532
-0.015434106259646274,-0.011092162381401512,-0.0014421456202668218,0.007185491679590288,0.23088174820880925,-1.0309082679656376,2.3343941394333427,1.8499515308201178
-0.015576598633873064,-0.010591119805453242,-7.613281857585078E-4,0.007181591642822674,0.2148025520244028,-0.5539781027665803,2.4998247633352357,1.3312958526596617
-0.015509621441314443,-0.010700314305533053,-9.215276685656956E-4,0.0072533216808406365,0.22399600223962143,-0.6715757841323101,2.5052628140651847,1.4809138632030032
-0.015506319826234499,-0.01075509318750897,-9.91739252980834E-4,0.0072372844278707545,0.22429335657170762,-0.72070237796569,2.480233043997195,1.5281040508704522
-0.015574729596425129,-0.0106661365580955,-8.55258583761238E-4,0.007160133237346613,0.21435438320854064,-0.6208290761434218,2.4679038324814893,1.3947935157281355
-0.015498214575795873,-0.010845920847475536,-0.0011084182565422312,0.007211476230526626,0.22482075766011897,-0.8017829538852158,2.4378115210049973,1.606800516769815
-0.015525085485270646,-0.010795497683932976,-0.001034349744477942,0.007190310178073689,0.22087211428943893,-0.7490895273913256,2.4440426013115477,1.542594859394111
-0.015475949667350237,-0.010975368785097287,-0.0012779567943466694,0.007184083999625987,0.22672008511706662,-0.9183915061608859,2.3791479504622406,1.7248701813051304
-0.015517040265515234,-0.010911045152560023,-0.0011793795789917239,0.007151130368422797,0.22110905169126388,-0.8484577732367777,2.386779188720032,1.637073060154639
-0.015670484209226752,-0.010489773604348324,-6.104423301470581E-4,0.0070587824898369214,0.202144342351048,-0.44107252902538496,2.4613310319250297,1.1725970145864022
-0.01563923542208673,-0.010560221492045527,-7.045857591795367E-4,0.007090017399947443,0.2065772823463406,-0.5099571168443743,2.46064757939841,1.2547358223038994
-0.015754802774078553,-0.01049844451654057,-6.005738114098753E-4,0.006924473400206739,0.1923317149381683,-0.43004004382890326,2.389255909396974,1.118595029596951
-0.01583293842016576,-0.010208434274937518,-2.483408880065413E-4,0.006850940047864349,0.1819860111940206,-0.1731073018574616,2.4049218682214715,0.8323006684885194
-0.01578459082575835,-0.010289354375405952,-3.4846688908109045E-4,0.006916697341631501,0.188233822525304,-0.24734985130812157,2.426718958203987,0.927599268073747
-0.01580932136284762,-0.010376460986172053,-4.469909385397154E-4,0.006865277169792987,0.18509664766165848,-0.3178773886262252,2.383247590655396,0.9843402085757295
-0.015798415070817494,-0.01045846599785764,-5.442097835983166E-4,0.006866211274212611,0.18724453898524798,-0.3873003606107869,2.3676315563457235,1.0564732690640326
-0.015918809581891277,-0.010181935842780428,-2.109295759535243E-4,0.006722817397747975,0.173533294640407,-0.14419488128365596,2.3397240479089527,0.7648891532283243
-0.015984376234709375,-0.010092511467694059,-1.0819426177237618E-4,0.006630026619545887,0.16689886691560438,-0.06803314481450952,2.3019665817319432,0.6619221976596861
-0.016034277601537972,-0.009957414738045891,3.826773587983713E-5,0.0065571635169040165,0.16071740914405322,0.03919749369883544,2.277139482762381,0.5347559587673888
-0.01632038675401447,-0.009612949070499267,3.588375693076927E-4,0.006127512439881434,0.13757344460423762,0.27153307216184736,2.069922812644347,0.19875480321878425
-0.016199938963162453,-0.009736637674656911,2.550752333196769E-4,0.0063068165695677825,0.1460602173519281,0.19630131378176727,2.1591503622074186,0.31434300950968513
-0.016190756852904463,-0.009901341071823508,9.04160875159207E-5,0.006333033321897513,0.1478993675275315,0.07837787491188329,2.1623266139593444,0.4375362233402202
-0.01516364143434335,-0.01148537523378939,-0.0021051144496841254,0.007324140945198538,0.26334305787124107,-1.4801541444259716,2.1934662402384473,2.414070962278252
-0.015210427166805488,-0.01146356795723439,-0.002040223316629215,0.007270608159913135,0.2561272840249656,-1.433106215220432,2.187904858759799,2.3397710132680847
-0.015272300595838445,-0.011312793056021517,-0.0018140883809733327,0.007293222356592918,0.25108230557144456,-1.2881199183413636,2.2780267481184495,2.1786419863206112
-0.015253018902849278,-0.011372748242955151,-0.0018998699615864934,0.007277808458195692,0.2524210656224563,-1.342885779064236,2.240910243175936,2.236707529761073
-0.015261511786426022,-0.011432125725118253,-0.0019623788101155713,0.00721807132949617,0.2486670840375362,-1.3778916203793232,2.1869119231928003,2.2569351057462193
-0.01533242759054246,-0.0112888284997029,-0.001742063438160701,0.007216865307667274,0.2419890810691041,-1.2340399199690222,2.2601181681176956,2.0901271153446364
-0.014745339842960689,-0.011984825591179754,-0.0031041163467689548,0.007422288491707784,0.31129040578551925,-2.0989991621428623,1.823633978640517,3.2233556972456365
-0.014703034911514219,-0.012046598831583957,-0.0032212806876455655,0.007403176777598501,0.3140957819114837,-2.1621575360903207,1.7561603945344921,3.3008773864000167
-0.014717224136670854,-0.012028730540626451,-0.003184886211780104,0.007406338925384343,0.31290538627739334,-2.1421890636125336,1.7758191962182186,3.275188133900453
-0.014733456562956155,-0.012008208981092174,-0.0031432241076751913,0.007409642881318614,0.31145049999705,-2.1191738719244806,1.7979487269316026,3.2456350473183195
-0.014700608317341666,-0.012066809141290132,-0.003244667187435392,0.007380254275256457,0.3124373556583184,-2.1712932468144968,1.7323042986507267,3.305054188154435
-0.014808436348509195,-0.011913931776411769,-0.002952253797513401,0.0074184405239781535,0.30469062741222536,-2.010627313656295,1.8934153504438165,3.10587567030932
-0.014835918558100339,-0.01190788360298716,-0.0029131786988877335,0.007385827030800387,0.2994022591040632,-1.9828591667937985,1.893829040411726,3.0580125824432454
-0.01479705092252258,-0.011936983281287485,-0.0029903548122211378,0.007407141927854137,0.3048978846645824,-2.031005657906763,1.869584887013459,3.1283751743845127
-0.014775967150877924,-0.011951948891078895,-0.0030317852791081627,0.007419249682516248,0.3080591489397166,-2.0569140658352576,1.8565354461942116,3.166658507666231
-0.014772610173679451,-0.01197875478823987,-0.0030638437734547114,0.007391009497091833,0.3060993472761984,-2.070820824306187,1.8261739137432083,3.174846506930262
-0.01469604664244862,-0.012089839801718369,-0.0032733760026509846,0.007356404964656811,0.3109823259697692,-2.183077347271396,1.7052903927530012,3.31262029760889
-0.014667991267474683,-0.01212248144714479,-0.00334230026822063,0.007351462057542896,0.31328880888673627,-2.220187948879198,1.6678663585912816,3.361335956935769
-0.014689865222769166,-0.012110602246772439,-0.0033017418620323565,0.00733750233291848,0.309970412838953,-2.1953807512571406,1.6810385507656598,3.3227589032573865
-0.014671266602833312,-0.01214570594085152,-0.0033601224929937215,0.007315920231460368,0.31006309947518534,-2.2234625701968835,1.6400063851472968,3.3536086904217144
-0.014640163010643116,-0.012183007376877766,-0.003437262884071405,0.007306879557813366,0.31232151212233283,-2.2635014769135733,1.5955487315246424,3.405595789489339
-0.014657367905366911,-0.01216469817345516,-0.003396762443217865,0.0073089242126120274,0.31077512073492114,-2.242055691836573,1.61755881461336,3.3767264465490423
-0.014588144260052144,-0.012252945904705813,-0.003573279454891633,0.007277520938348956,0.31493094772085567,-2.329913588826322,1.5085696783823748,3.4885181099397697
-0.014606669821958504,-0.012250776435201293,-0.0035452411179091115,0.007256711641488137,0.3113822511679409,-2.3111240383658695,1.512602202452709,3.455186853377571
-0.014554666831795444,-0.012274378965168198,-0.003640060632412661,0.007289912852831386,0.31934458606524324,-2.36720002553206,1.4791510531611454,3.5454696485118187
-0.014581231489193764,-0.012271445117538412,-0.003599431460213388,0.007260134145258101,0.31410674901860297,-2.3401137222683768,1.4854865963228827,3.4971859946858146
-0.014540694119829457,-0.01233772964735761,-0.003714647050490031,0.007215599560703385,0.31408844810309416,-2.390198747187487,1.3997686877124411,3.55425257767419
-0.014553606830608848,-0.012299721716908863,-0.0036636407415782915,0.007254667832598635,0.31634901708192986,-2.3722025023040825,1.447967169356815,3.5410415924215015
-0.014551591474620831,-0.012324049914882116,-0.0036873016799602856,0.007221959329107631,0.3135474187321235,-2.377608544952967,1.4180526553478487,3.538193588411967
-0.014644259663321765,-0.012203099945481492,-0.0034501691669314395,0.007273962337974683,0.3091207260436946,-2.2641841317640123,1.5715674521213066,3.3954770836957584
-0.014619561849758813,-0.01223824980759608,-0.0035160613858751647,0.007257581651857309,0.3101627052163422,-2.2959587115452713,1.5284929853538853,3.434220070501592
-0.014633148257904386,-0.012220587827663151,-0.00348135098461679,0.0072644323683412415,0.30943934385752314,-2.2789517143568028,1.550304655116891,3.4127857089531664
-0.015153991709428322,-0.011540024681124887,-0.002176750646292849,0.0072912186765842265,0.2624399919019304,-1.5223137736550263,2.149200215477294,2.4526737880182377
-0.01516761598203091,-0.011596764884435564,-0.0022287171854338803,0.007219970936951076,0.2572930229931178,-1.547407475743351,2.0911313900436976,2.458143095911661
-0.01512145859074237,-0.011634170869538944,-0.0023128127604799364,0.007254452485443993,0.263451857141964,-1.6036229449146298,2.0773473898226187,2.537510195538568
-0.01509128624128499,-0.01167699133104968,-0.0023889818097388364,0.0072585733268992,0.266610649151147,-1.651147844906118,2.049666818348704,2.596691443055299
-0.015059838154980843,-0.011712789220943503,-0.0024591977849474857,0.0072700150144201095,0.27037165881086794,-1.6955569321486037,2.0276348267347863,2.655008244740108
-0.014893845116649693,-0.011771298243879708,-0.002698012116893238,0.00745619207712494,0.29860258142614354,-1.8650553198347384,2.0282475752707723,2.9329402867373213
-0.015014854276551413,-0.011736311077422049,-0.0025304666321306723,0.00731277849223312,0.27710927264248236,-1.7444107333815972,2.021532571565785,2.7302776966241216
-0.014941811615923669,-0.011754546086442405,-0.00262717957947716,0.0074024070576016576,0.2901242047599018,-1.8149447839629749,2.0293791903770813,2.8500915657555406
-0.014982819680222512,-0.011754700340917211,-0.002583919287290898,0.0073411589658664315,0.28196370382253527,-1.7806036300343753,2.0144867964197233,2.785291509794774
-0.014891856324837499,-0.01180821216452886,-0.002741261260605109,0.007418229747088702,0.2962010235667836,-1.8858254295637293,1.988660393999579,2.9453505295790507
-0.014885606894928625,-0.011840966477056654,-0.002784075786910714,0.0073906752251689444,0.29478350881873056,-1.907493833572271,1.9547824621148437,2.9629358335558433
-0.014876717313780598,-0.011872310900097065,-0.0028279238362281904,0.007368011678718697,0.2940882988636031,-1.9302111209502397,1.922927718022131,2.983838493979324
-0.014867120282400568,-0.011902484672974105,-0.002870996250423087,0.007347121180470431,0.29345922310391387,-1.9524270390034129,1.8922433223695716,3.0049548602029077
-0.01485768204265335,-0.011927605039112913,-0.002908304249975763,0.007331363137797147,0.2932574295435339,-1.9718127730947113,1.8667754180112106,3.0244231203640966
-0.014506129085019817,-0.012365504738567706,-0.003788560547727414,0.007217261336226547,0.3175935685939049,-2.4278075465633417,1.3597200401969465,3.6092111086656895
-0.014522939999732108,-0.012358759633095342,-0.003758132820376321,0.007206640434192253,0.31499356804755374,-2.4102522855819823,1.371177405447397,3.580371896966612
-0.014540149043511722,-0.012353841747738951,-0.003728817747442624,0.007192735346898015,0.3121070173291862,-2.3925913433048573,1.3801417273288747,3.550445214182602
-0.014505433127574343,-0.01238633231403013,-0.003806511560173621,0.00718711770580524,0.3149317855657218,-2.43026882710593,1.3341599943013378,3.603344401993747
-0.014365794306274118,-0.012589762948455924,-0.004171703082023006,0.0070327948232585995,0.31387036729649104,-2.568276643205144,1.0443337480384682,3.76563035766153
-0.014383433185046918,-0.012547726562645339,-0.004115154245326112,0.00708039782401052,0.3166826229663165,-2.553985433256707,1.1018537990754615,3.7566972560662237
-0.014372919636433924,-0.01257505584574011,-0.004150523760029564,0.007048532655557625,0.3146785542196597,-2.5625005621059063,1.0648505040916847,3.7609738288198575
-0.014378684037815503,-0.012560560203988639,-0.004131524401236282,0.007065279495884244,0.31570433958539373,-2.557874263498921,1.0845467309855785,3.7584546677189166
-0.014405687089448088,-0.012522631808311438,-0.004062458991141018,0.007095139068394812,0.3159595268397514,-2.532983290130335,1.1404401478916613,3.728781981059683
-0.014396706719469238,-0.012538680547303156,-0.004087891947327804,0.007079961697375924,0.3153800347003293,-2.5412378391665986,1.117818740763241,3.7370540046768537
-0.014503753427505726,-0.01240632765181756,-0.003824965595316223,0.007159329866189474,0.31256859494648787,-2.4333869726851582,1.3095454889976967,3.5993164782019096
-0.014499020893308482,-0.0124243956596138,-0.003846209920676993,0.00713795858024666,0.3110852252334675,-2.4391618371880166,1.286656967682293,3.6012658845494285
-0.014492856056742871,-0.012441360096618706,-0.0038685537563280417,0.00711978481069202,0.31003192070030966,-2.4460701132234384,1.264761994963523,3.605948569527795
-0.014457641416582371,-0.012469620426942211,-0.003943325367782916,0.00711798333641494,0.3132064824516055,-2.4817937165473825,1.2212687692654838,3.6583650902210443
-0.014449135818840303,-0.012483335056983368,-0.003966551254865869,0.007106772132125668,0.312977646376452,-2.490354410122832,1.202217233874778,3.66785823565387
-0.01444047698894986,-0.012496680225923618,-0.003989669862095763,0.007096138232933764,0.312820252640791,-2.498909908483785,1.1834714268514261,3.677591361017822
-0.014431899160101331,-0.012509668443577962,-0.004012339463898007,0.007085800627635642,0.31264916052426384,-2.5072350952897895,1.1650911647784623,3.6871397443437046
-0.014424382040197603,-0.012522651232091349,-0.00403329207765554,0.0070741247981510325,0.31226877055207397,-2.51436361982147,1.1469886980495902,3.694570224552565
-0.014485891169982312,-0.012457160538216742,-0.00389106036511274,0.007104135351860407,0.3092632204145997,-2.4535120362468734,1.244036158901171,3.6122664874000705
-0.01447803884072784,-0.01247205679087597,-0.003914106344588895,0.007090714359253338,0.3087632179522346,-2.4616139387340343,1.2241042239774693,3.620307130336648
-0.014204724135944915,-0.012705604357736414,-0.004509242232442023,0.007007766550820808,0.3308070044798995,-2.708277989069875,0.8257074574246115,3.983553235154064
-0.014212190858013327,-0.01271977484560663,-0.004504366911796818,0.006975977408893633,0.3211636347638047,-2.6992199712928726,0.8093036203443088,3.9604147557815774
-0.014213203372519655,-0.01269238135147846,-0.004487238973050505,0.00702187602835876,0.3296143610124098,-2.7029456969935546,0.8465369791870848,3.9779823366227323
-0.014220657246053503,-0.012706553220280433,-0.0044825372700212215,0.006990116604759305,0.32219345482274014,-2.6938635059194436,0.8301574642403932,3.9549872431471162
-0.014230036994013361,-0.012665855778034212,-0.004443059399062388,0.007049913135873703,0.3292045451853648,-2.6918533687428323,0.8881848789696835,3.9662193149628475
-0.014246022485731287,-0.012666812054473736,-0.004416489117201563,0.007031776534425548,0.32444587862237867,-2.6769102306951322,0.8922688957835924,3.9375349555391765
-0.014221641019906124,-0.012679131780828632,-0.004465180034215782,0.007035923642155111,0.32898435107710955,-2.6974930015019893,0.8673497022947786,3.972194950485577
-0.014237583088295746,-0.012680099055502157,-0.004438596925387561,0.007017963934714911,0.3239192719435129,-2.682688964692289,0.8716093478549798,3.9435164182327243
-0.014229122570117346,-0.012693338250272572,-0.004460617131072123,0.007004094896844168,0.32318323022445994,-2.6883465869817758,0.8509166392755203,3.9493468178604303
-0.014220021671499335,-0.012734167187893128,-0.004499191102264645,0.006944234329422966,0.3197789243430306,-2.687447529096613,0.7987653821950972,3.9342471875268417
-0.014262367277434414,-0.012668073409970062,-0.0043900444783941716,0.007013309270142065,0.32217872529339336,-2.659683317782506,0.9013415805427155,3.905527518891123
-0.014270848444522264,-0.012654637909365643,-0.004367780664625248,0.007027007052044669,0.3227977000931019,-2.653623973983328,0.9219785781801909,3.8992278571767316
-0.014287797895079363,-0.012656196010937032,-0.004340666892001689,0.0070070271325354235,0.31876037839610216,-2.6368563803870653,0.9285923434966193,3.8669350750720617
-0.014296108568594049,-0.012642347315161407,-0.004318438895974489,0.007021263144590842,0.3193477742108746,-2.630813158617731,0.9493414391068796,3.8609306194325863
-0.014313230394833287,-0.01264338841639147,-0.004291021047954442,0.0070017814563418925,0.3158789310908467,-2.613778242831938,0.9566014738515959,3.828771855185096
-0.014357671366317793,-0.012604727689251244,-0.004194523332426792,0.007017561992006674,0.3132105076044059,-2.574821946066026,1.0230504381150978,3.7717086681179643
-0.014334686297713579,-0.012630347136684612,-0.004247969985512074,0.007000602328948077,0.313771962194651,-2.5944669994917624,0.982302778674611,3.7979726142205434
-0.014329947841757978,-0.01264349942195324,-0.004263891834190951,0.006984245172850865,0.31264386399027216,-2.597373010291264,0.9645454045965692,3.7983150257216027
-0.014347889586783576,-0.012621052983787111,-0.0042207614585019,0.007001720496949131,0.312617000130804,-2.582638957977594,0.9993749540109758,3.7797131948745752
-0.014377439490375886,-0.01260484186580204,-0.0041630667825800485,0.006996314937247992,0.30940912280900634,-2.5554082877767583,1.0314110856992438,3.7359429626352845
-0.012226433856557995,-0.014508737053487321,-0.007419377633751515,0.003663692500358183,0.22372354735568975,-1.6538712174198764,-2.4932793846635986,2.8683244340414795
-0.012241915987078055,-0.014469207167595147,-0.007448547620181649,0.0037364683572232026,0.23232217500816474,-1.694119651506664,-2.498322757121228,2.936380783206816
-0.012241130742934904,-0.014485189121404429,-0.007428429754544652,0.003711745815445444,0.2241958997272567,-1.6798662613056436,-2.491789179520102,2.9084799077103454
-0.012240519222926287,-0.014501556278006917,-0.0074081307246263925,0.003687155488177347,0.22386625715452654,-1.6696739805787437,-2.4796476625649775,2.8846026183053866
-0.01417903773967821,-0.01274511266988174,-0.004575087178578951,0.006964957193453231,0.328482028037541,-2.7240467160398754,0.7625831011884158,3.9991935685569775
-0.0141951402104884,-0.012746266799816096,-0.0045479461221731845,0.006947283277514343,0.32001547855016316,-2.7094503239617413,0.7673621329153227,3.9707882868524726
-0.01417039299749484,-0.012758228099060338,-0.004596978012285362,0.006950528323659691,0.32623502581721436,-2.729132238699902,0.741354918861124,4.004239352228335
-0.014186496552325643,-0.012759491736177927,-0.004569767284526647,0.00693285661664044,0.31984186996673364,-2.714355147125595,0.7463535992921112,3.97583463156228
-0.014211621797561124,-0.012747530452448556,-0.004520686498248016,0.006929650613001701,0.31917897507838605,-2.6923524799887684,0.7780265048200833,3.9390483861723102
-0.011994483715970866,-0.01464834280272701,-0.00754930080380842,0.003239140912229675,0.2170329626474495,-1.3706435788472022,-2.675677598217781,2.552183279480954
-0.012009565501394164,-0.014642627506884371,-0.007537582768756491,0.0032625788425025217,0.2168701663029867,-1.3876788804617366,-2.6625989489897024,2.568808986796059
-0.012097327294183655,-0.014587059469364262,-0.0074972100074620004,0.0034278850131563283,0.21961922336379155,-1.4975259031270858,-2.6009677902541135,2.694473105437369
-0.012024494915813469,-0.014636292061211012,-0.007526791431475635,0.0032865952691185367,0.21681830807028304,-1.404803565401229,-2.650056015321182,2.586061837623707
-0.012038916835572814,-0.014629341920610592,-0.007517385254082688,0.0033108359621097897,0.2169120662957472,-1.421708855584351,-2.6384646886888476,2.603757727582724
-0.01205262048421461,-0.014621853136482944,-0.007509539409437486,0.003335008328472966,0.21713266577790344,-1.4381937895577857,-2.628011766361364,2.6217094828470455
-0.01206693532356676,-0.014615659755351174,-0.007498867035552497,0.0033579943279410935,0.2170867943488005,-1.454467096254277,-2.615582965748208,2.638082692863993
-0.012081741430753424,-0.014610379192622919,-0.007486087298901658,0.003380149207604606,0.21684113727556173,-1.4705726956095748,-2.6016701411826237,2.6532893291663338
-0.012096636441802833,-0.014604674106131968,-0.007473627538688671,0.003402878014550629,0.21669073024670857,-1.4868783155998029,-2.5878423549519103,2.6689815554210763
-0.01211183173710645,-0.014580573314647289,-0.007486062429497504,0.0034513379726979735,0.21960402614524108,-1.513959779830789,-2.587906244616734,2.7110373736966875
-0.012126252962160631,-0.014573874527750564,-0.00747515977100329,0.003474926675766259,0.21963658691582277,-1.5303577157404964,-2.574951046537851,2.72773873555052
-0.012140568561153425,-0.014566968167125799,-0.007464523493388675,0.0034986281464527043,0.21971436227289873,-1.5467034602403247,-2.5621234484414974,2.744565212972
-0.01215471614079784,-0.014559867815105827,-0.007454221092316368,0.0035223691396806815,0.21984301074414045,-1.5629422388664223,-2.5494902796115326,2.7614741372268408
-0.012168680685859851,-0.014552720490842212,-0.007444074356255446,0.0035459326194883308,0.22000402096046254,-1.5789788091628643,-2.5369597922549474,2.7782483055679283
-0.012226042239504449,-0.014525886877910225,-0.007397342118620034,0.0036383147786429146,0.22013851746530907,-1.642340953713372,-2.4820052387011065,2.8419912900246476
-0.012182701720522734,-0.014545900637170548,-0.007433240589891907,0.0035690119494080088,0.2201055522803417,-1.5947799492550196,-2.5239508606494696,2.7944356893253075
-0.012197061848567019,-0.014539531336936369,-0.00742115761183964,0.0035916837920497726,0.22007049962718675,-1.6104808139794977,-2.5100172177174476,2.8099521336742086
-0.012211618051817238,-0.014532977478402528,-0.0074088804111830464,0.0036147155298760533,0.22005357113311183,-1.6263444497758377,-2.495814161101619,2.825669308236597
-0.011031621901462205,-0.015111947516450319,-0.007757068433052773,0.00156505464722601,0.20355174625082822,-0.18700870153101307,-3.0200386731088744,1.2270299401296165
-0.011014435823324498,-0.015134910530895145,-0.007728210429342193,0.0015263469902698802,0.20047575322059966,-0.16814749943062476,-3.0022135190104273,1.1930332008219227
-0.01097549631398746,-0.015184896502318872,-0.007665819291613806,0.0014417682175912874,0.19388454502733143,-0.1262943692601234,-2.964044406335408,1.1193052234491707
-0.01099945142046624,-0.015163835411794594,-0.007687487207389271,0.0014874329911747257,0.196322733553614,-0.15268548880652202,-2.976609455409079,1.1578983502810407
-0.010975391321718769,-0.015218223844195366,-0.007608549711764187,0.0014215937607477533,0.1882934787823553,-0.12957064829940426,-2.926789720371215,1.0982067082449973
-0.011105174390365423,-0.015073335456770373,-0.007773768534192438,0.001693091996051245,0.2061825024880188,-0.2741089707537622,-3.0249295606348205,1.3322951436351111
-0.011135123569961762,-0.01506595133699936,-0.007764863939065464,0.0017395107489882563,0.20550357654674792,-0.31017462917148203,-3.016101466860464,1.3689377814391648
-0.011159050101091222,-0.015057983684985161,-0.0077608704258335616,0.0017780682359426676,0.2057013891946206,-0.3389612574361463,-3.010939401467307,1.3997509111210609
-0.011220670218650568,-0.015030649048059909,-0.0077603376266351986,0.0018826792779097306,0.20636499098307845,-0.4134755485106459,-3.00336803449578,1.4844487954467847
-0.011203202198607633,-0.015052591013358783,-0.007736434252133576,0.001841923147945219,0.20381601355915105,-0.3918435123822414,-2.9898347898579445,1.4487182761225352
-0.011180208171399817,-0.015064852880487874,-0.007733062624811514,0.0018015373466814006,0.20285877380515402,-0.36425639014337835,-2.9902870228797953,1.4157598601731205
-0.01105905481219284,-0.015103191805301085,-0.007753946126462163,0.0016087819163900909,0.20356560914352145,-0.2196458455854848,-3.0158374585113417,1.2620300679626653
-0.011095339234896515,-0.015103589539692028,-0.007728228466946387,0.0016582159236338079,0.2012077074840332,-0.2632275315607902,-2.9957929962507603,1.2992909564525743
-0.011625754704794738,-0.014825165267231584,-0.007722472413133555,0.002601811961863184,0.21433244927398334,-0.9183858961065408,-2.903031428645803,2.0643748881322033
-0.011641728813448628,-0.014829105175011008,-0.007698776920492904,0.002617143723368729,0.21234340309903693,-0.9348442586128464,-2.883812702144265,2.0731198590623148
-0.011611242609977208,-0.014840433773190645,-0.007713494775757273,0.002567433727007997,0.21272884828396568,-0.8978357522493111,-2.900953114163087,2.034901399594967
-0.011594479500933275,-0.01485368084078555,-0.00770992536350592,0.0025325902592081323,0.2116206009448043,-0.8754919675168323,-2.9027958422867024,2.0059618954734284
-0.01153954988666399,-0.014895103950996944,-0.00769945587728866,0.002421272828760821,0.20829201139304482,-0.8034362992840522,-2.908849159136065,1.913755846206104
-0.011577936944844639,-0.01486697547382608,-0.007705759551816213,0.002498093251773932,0.21051423980965556,-0.853464123842822,-2.9040828687753018,1.9771956751284432
-0.011560679928055186,-0.0148809648152715,-0.007700921515068974,0.0024621139436687453,0.20926534131570998,-0.8305766316768978,-2.9050062522397515,1.9471748442219081
-0.01172847871411041,-0.014809010993860063,-0.007634054225955506,0.0027436528390035915,0.20948784776867302,-1.0347563914149462,-2.8191575069063206,2.165370507094192
-0.011712848208885664,-0.014816835030060291,-0.007639482206529119,0.002716346731991889,0.20928481857149864,-1.0155123469555936,-2.8270280510899437,2.144098564564368
-0.01169739224306849,-0.014822819667396176,-0.007647396829075705,0.0026912786822919197,0.20940549550349222,-0.9970521753558895,-2.8363330699641516,2.125045223620441
-0.011682287358793253,-0.01482698984922676,-0.007657605011203209,0.0026685851812475975,0.20976944092912975,-0.979511434191129,-2.8469128391197027,2.108278122291839
-0.011667321836346136,-0.014830453656476502,-0.0076686258544146095,0.002646763151532924,0.21033506280848296,-0.9622813295313764,-2.85790422239468,2.0923312290122547
-0.011655366856597103,-0.0148407773368957,-0.007665312965213154,0.0026210286098809527,0.20939620524876842,-0.9460866010841397,-2.8589906182012434,2.070852291293521
-0.01124770879230225,-0.01504311486738094,-0.007717454771067232,0.0019089376526851883,0.20251364759001708,-0.44495781462060807,-2.971734293863626,1.5007892424909741
-0.011277365100517193,-0.015043874419748283,-0.007692149836229814,0.0019475683745532218,0.20041821496167403,-0.479517230535222,-2.9512218417288136,1.5289872890058407
-0.011422984170001187,-0.01496186011365963,-0.007702510315205621,0.002208599032990637,0.2049287601388458,-0.6577675349765559,-2.934429857766883,1.7416166298073783
-0.011440625929971972,-0.014948073108028374,-0.0077089118391592635,0.002244107444415564,0.20616133103923184,-0.6803202022209379,-2.9352980332764136,1.771253946856635
-0.011462705283443264,-0.014941286952727862,-0.007699227846320006,0.002278768649739138,0.2058059342907073,-0.7067407933195579,-2.9247619800043085,1.7980422983303501
-0.0115233538981389,-0.014913467972097267,-0.007685773225655304,0.0023825555876295502,0.20644534286537589,-0.7809967632078053,-2.90359855356205,1.8803406369517501
-0.011542396259012853,-0.014919473554775638,-0.007657046251665908,0.0024003292175204015,0.20392206678729438,-0.8008261772270238,-2.8810159745320605,1.8906652086980464
-0.011501937434627504,-0.014923139713880842,-0.007691119317696934,0.0023460566245734407,0.20612918169484942,-0.7548294170821165,-2.9115921543159256,1.8515223898957804
-0.011481297520039938,-0.014934069290681603,-0.007693271294881661,0.0023093236126840934,0.2057953824056116,-0.7292699806026272,-2.9172062532360403,1.8220458941976985
-0.011312898009725915,-0.015037160036499695,-0.007674022487471911,0.0019996728690374246,0.19924282373392901,-0.521311787877043,-2.9342838471306822,1.5689400396072744
-0.011293753829207248,-0.015064760986113484,-0.007643721637472611,0.001951928818889633,0.19592018395822441,-0.496684607971675,-2.917542293489491,1.5269231277239863
-0.011349044165971127,-0.015023828258847115,-0.007665577628918663,0.0020579339248049753,0.1992761794674793,-0.5642236283105073,-2.923202285515193,1.6148997982645164
-0.011418902679677732,-0.014981399835579536,-0.007673927770897146,0.0021854087906111506,0.20207796508188364,-0.6499256986175355,-2.916654541684676,1.7190633897607914
-0.01137640660520911,-0.01500921680556463,-0.0076660253298359475,0.0021059447729308064,0.1999905409442898,-0.5973368158506717,-2.919011700025632,1.653730545558915
-0.011400349800382485,-0.014994574672367518,-0.007668970636536321,0.0021497185743592126,0.20088256598118595,-0.6267254952179475,-2.9167892066872088,1.689495656030971
-0.0117453643016516,-0.014822377281166548,-0.007594163261558301,0.0027482655262654246,0.20598379276838316,-1.0475912284155238,-2.789402274095156,2.1623651329435947
-0.011818268078387735,-0.014779613853402465,-0.007575179747641675,0.002881523483246776,0.20786504705413145,-1.1383966777320234,-2.7553104699432907,2.2669224641886667
-0.011772871366974432,-0.014794687066991042,-0.007605327698668201,0.0028119028847251805,0.2087025489276866,-1.086268257885079,-2.788084236601019,2.2158353097556813
-0.01176096546820543,-0.01480968127313448,-0.007595966942115764,0.002780843230064734,0.20700334242087978,-1.0683499546181674,-2.7859051541301922,2.189034580745808
-0.011804076416597321,-0.014788029145850973,-0.007579119614679032,0.0028554820250149726,0.20751245306412106,-1.1206788911208971,-2.7622732535874692,2.2465246099733958
-0.011791280479695077,-0.014796756772252069,-0.007580769835378682,0.002830668197608288,0.2068736798990809,-1.1042707757969799,-2.767307270608489,2.2267474571761583
-0.011876108316042196,-0.01471522066701482,-0.0076022835121083805,0.0030247156796887106,0.21461402715368047,-1.2238409735243614,-2.752330641184414,2.388201617377773
-0.01183378784659563,-0.014750838416641134,-0.007600293623020713,0.0029334957572204282,0.21172464087180173,-1.1660138587585835,-2.7655384789201913,2.3137207149827863
-0.011833511456174879,-0.014772306605522268,-0.007568123422456843,0.0029074256944907682,0.20800566415808205,-1.1566797643136006,-2.746027596849707,2.286607729662867
-0.011852893713458238,-0.014740364914326199,-0.007592976055827601,0.002967755566155896,0.21205677726073668,-1.1896698541056063,-2.7546443605942623,2.340183761815062
-0.011874143627119865,-0.014734600826734565,-0.007575625885400914,0.0029985741922658837,0.2114836115563705,-1.2132883465834896,-2.736786700636102,2.3619190973118123
-0.011891745889121829,-0.014709188612999939,-0.0075918338534943855,0.0030496347008265932,0.2144425300846837,-1.242082091481828,-2.740428711746802,2.406488596548551
-0.011906289931834969,-0.014702022005030286,-0.0075842671256472404,0.0030746995043027018,0.21452169316221745,-1.2596911154469561,-2.730596940681903,2.4254184690896916
-0.011918870358492928,-0.014693008963208513,-0.007581747198947861,0.0030999164004625207,0.21519100275270514,-1.2762076137752454,-2.7244399413003486,2.445436801656105
-0.011933660834081294,-0.014690547906336436,-0.007566566144635522,0.0031191778831551856,0.21437525341780797,-1.2917439977716008,-2.7098010125143266,2.458141719672708
-0.011950191920428203,-0.014684542360413534,-0.007554238442079729,0.003144748159500716,0.21425116788415607,-1.3105160202394286,-2.696159642771019,2.476459982650873
-0.011964814725269383,-0.014677525404781806,-0.007545656393846716,0.0031694779437481525,0.2142731619795362,-1.327883012941922,-2.685398561526275,2.4948254843801307
-0.011977280181289096,-0.014668116399493303,-0.007543176826395684,0.003194977582185821,0.21501064372666406,-1.3443643250729722,-2.679010234917663,2.5150298381662552
-0.011992893368179906,-0.014665034076913448,-0.0075272567253723876,0.0032155202852894578,0.21424176898551126,-1.360561542486811,-2.66338616708277,2.5284745880343817
-0.010360879619222982,-0.015498113160397446,-0.007369657040779351,4.847097278948746E-4,0.16541880678171716,0.490065481777665,-2.7712630818462407,0.34615983346972407
-0.010319331345603252,-0.015550340690867052,-0.007289341878118157,4.2078778845011997E-4,0.1581894037856044,0.512740738860613,-2.7193147487291705,0.2936124152921973
-0.010418907386798064,-0.015493630411901,-0.007364974610961062,5.623503852473954E-4,0.1647966414296602,0.43008897602291013,-2.771970572087628,0.40582700105506103
-0.010532062740095181,-0.01538576969943168,-0.0075191281476473795,7.430335069953019E-4,0.1790874190491882,0.3440105296659794,-2.8738435017300947,0.5541642537919351
-0.010561964330429833,-0.015357490931673868,-0.00755866944873647,7.929418165394702E-4,0.18276023708380937,0.3193112381472525,-2.8999928494456384,0.5958472216673781
-0.010767863452483052,-0.015269041388289032,-0.0076309839748210815,0.0011117564933523529,0.1898096904293984,0.10485060219514143,-2.9486645112623573,0.8528092825350299
-0.010731666375879727,-0.015280366791919468,-0.007627672627277265,0.0010566559954452372,0.1892740422901099,0.14460571715304305,-2.9467812556678923,0.8089065872496178
-0.010604652978112318,-0.015343796677907015,-0.007567866315043268,8.562906703023408E-4,0.1834024637228553,0.2748510276717168,-2.9070436070660555,0.6460664595001296
-0.010702021693072395,-0.015308533588885785,-0.007591372367426697,0.0010036996698708914,0.18585405381226586,0.1722567826103176,-2.923442158567783,0.7642952440420702
-0.010664779766537425,-0.015337353255727274,-0.007556510027269704,9.41031724487209E-4,0.1823983673735697,0.20775788560444436,-2.900844915688833,0.7122751759664929
-0.010474569120621077,-0.015471162813267936,-0.007389337594833091,6.414725641577724E-4,0.16684050976228906,0.3784139468569354,-2.790022391306851,0.46832819962800815
-0.01053003796902295,-0.015443509362902315,-0.007420742755660017,7.228500749843722E-4,0.16979398850477082,0.3273699209360305,-2.8118998824932664,0.5332805442567582
-0.010809273542281653,-0.015299529748374535,-0.007558575130368428,0.0011538040699648345,0.18281167726769187,0.0505435892638355,-2.9013161686953435,0.881065499842692
-0.010856743271089092,-0.015270934394118904,-0.0075840207766536185,0.0012322260999223535,0.18530644549957384,8.417020212649391E-4,-2.9163652023977535,0.9452479089273229
-0.01090533486189968,-0.015260664786788634,-0.007575872972896711,0.0013031994838637588,0.1847463590996361,-0.05358850579807411,-2.909236275918363,1.001010365330786
-0.010949785821996906,-0.015247310915776838,-0.007573829621289004,0.001370262044746861,0.18486852136185217,-0.10299241201952415,-2.9057640967993343,1.0541388735973714
-0.010853848166804592,-0.015330832464963298,-0.00748342748640994,0.0011980048903040927,0.17549289758319464,-0.005066860761770886,-2.8520697778367943,0.9104276451292469
-0.016456453328727083,-0.009462535304435929,4.718492383163131E-4,0.005924979826029,0.12630941105998594,0.3486717652285843,1.9679204246486812,0.07770657867954293
-0.01664107637649731,-0.009272569907992021,5.913400288028501E-4,0.00565718990782274,0.11655865411991775,0.429929372697691,1.832860009107336,-0.05487065741171326
-0.01685728696919659,-0.009091748707248593,6.744252868157752E-4,0.005364077862587097,0.10302232149529487,0.4817538005237651,1.6889112449041164,-0.15785062003129371
-0.017321019138642507,-0.007937887075945112,0.001199470734226172,0.004490841171401303,0.08266681027717716,0.8025365191262367,1.2475640573717437,-0.578880095759864
-0.017039091344547876,-0.008478672280950257,0.0010228003237364206,0.004970828115299878,0.09535277755678928,0.7065160111317977,1.482007493561496,-0.43032053536556863
-0.01731163933631536,-0.008254036347317879,0.001043740870155666,0.004629751635134229,0.08335221885487364,0.710450617320904,1.326308009956833,-0.4783036163803612
-0.017025944718507352,-0.008841479517097971,7.980556202118289E-4,0.0051114912233634615,0.09635485151142677,0.5613861517844634,1.5640423169601443,-0.273557916641526
-0.017533265475443986,-0.007241109149052216,0.0013965146502996682,0.004003352719919685,0.07251438072505144,0.8994677854679455,1.0173718133013707,-0.7142321248474747
-0.01763388326117907,-0.007682257538780625,0.001178739393762536,0.0041310658647118045,0.06852986405473056,0.779839660987848,1.1007220246583416,-0.5941150033232064
-0.017955373328667416,-0.006825391933548215,0.0013324696032660317,0.00353047980321258,0.05026249644897152,0.8492872600430211,0.8489144346905596,-0.7040897174872861
-0.018825765413157444,-0.0057619702121398325,0.0011840608586741535,0.00261120482616586,-7.483248350647924E-4,0.7659892268680243,0.5729525147864235,-0.6732508776040752
-0.019435375482161406,-0.005594347268438392,9.712572351364687E-4,0.002283261348749248,-0.03222747848504833,0.670502464148861,0.5113848036691847,-0.5977346695883236
-0.01841198205610932,-0.006582336536752623,0.0011958263645109283,0.003159570070622181,0.027714600838917414,0.7720810584878927,0.7427309254278206,-0.6551258487997935
-0.018802420433076512,-0.006284722606888971,0.0011011146839645593,0.0028336757945792786,0.006827947469400073,0.7241833753761845,0.6525519760753593,-0.6275796226581455
-0.009901074418647883,-0.015586659803980513,-0.007250317994506746,-1.2481205931117107E-4,0.15683323287194637,0.9149570244646628,-2.648416584394442,-0.12136598632521411
-0.01020168587373485,-0.015574318208556336,-0.00726514319296897,2.64901518346308E-4,0.15646824504508894,0.6227633776056347,-2.694687917946381,0.17354135497148157
-0.009982191143033956,-0.015603547791552708,-0.007225554269716939,-1.9695612152176802E-5,0.1536440303976795,0.8265289116456945,-2.64569545219115,-0.043150318203971895
-0.010127277507727666,-0.015591141651812218,-0.007243191019642533,1.6745807008072223E-4,0.15471272411843173,0.68975481768598,-2.67392625795333,0.09863062910768498
-0.010053552143544113,-0.015602734199405036,-0.007226848169833382,7.202538186781533E-5,0.15322258615656834,0.7567645894518487,-2.6557712498907935,0.026220409103634986
-0.010271259099519363,-0.015601621601212303,-0.0072115687845945445,3.511207817244732E-4,0.15125011309242378,0.5405101426935471,-2.6685305542417317,0.23770737513952597
-0.009844570070903875,-0.015663029223965286,-0.0071202347209892375,-1.9062427640772104E-4,0.14503704017256067,0.9220016020909997,-2.5648964000134113,-0.1718373194262939
-0.009775341995412575,-0.01570380909851565,-0.007047047105461028,-2.718781238680652E-4,0.13885693867681542,0.959904291791138,-2.5127217941586126,-0.23201012091130538
-0.009095547255107988,-0.015889357636633,-0.006576497180909822,-9.949683335381723E-4,0.10118564775522874,1.347650957799763,-2.129518699871078,-0.73294353533372
-0.009208921295256878,-0.0158735975220384,-0.006643595994871169,-8.812177588070927E-4,0.10725330791396374,1.2857397681460032,-2.188920927634357,-0.6579224223771778
-0.00933775841377452,-0.015833017307416236,-0.0067479249303117475,-7.546789570067074E-4,0.11498292935517897,1.2258495003465535,-2.269321089446246,-0.574285301262485
-0.009563020106147032,-0.015801837836997495,-0.0068562236031716435,-5.074455868952694E-4,0.12393629705110266,1.0757276425224316,-2.371419239032035,-0.40169494430735714
-0.009459169972700548,-0.015834137555566837,-0.006781766461390362,-6.183487510297314E-4,0.11727628390726795,1.1348484793008273,-2.312077582966385,-0.47939441452534165
-0.009028898849203142,-0.016007141491972104,-0.006384267516135662,-0.001013629414955822,0.08830316979026132,1.3014778856956946,-2.025885388611329,-0.73752575923544
-0.008949293320337675,-0.016148626178015768,-0.006162495174318297,-0.001030264231918386,0.07367117223032814,1.2491042821281642,-1.909880508501427,-0.7403336030944018
-0.009735525960442002,-0.015780559132687968,-0.006920416095433196,-3.0960221134581793E-4,0.12858684623363484,0.9473133538199194,-2.436138792217069,-0.25893579933561844
-0.00966332430736593,-0.01585285687342094,-0.0067977662062653705,-3.823455208826992E-4,0.11862145672603001,0.9641273152177948,-2.3580309217092608,-0.3115494648100428
-0.008485053350511036,-0.016328879742503844,-0.005722880155987277,-0.001336914365818422,0.04709683558354746,1.3381793042719918,-1.628517169913818,-0.9072160306455183
-0.008363862838409493,-0.01644821947541169,-0.005526440640153194,-0.0013645339770532521,0.03855120943332979,1.307051667420453,-1.532218304311239,-0.912825764320386
-0.007870323834834282,-0.017289134519743378,-0.004486526826184023,-0.001245356894826267,0.01251621391140883,1.0258251035797192,-1.1226992627800247,-0.7945812292458154
-0.007922843166456537,-0.016968620774856162,-0.004787632042963016,-0.0013713949999542808,0.015560379000631524,1.1517052216218044,-1.2146708989472492,-0.8745216579341389
-0.008083698451386082,-0.016691093306100056,-0.005129118856941544,-0.0014219323993578793,0.022127572814933036,1.250779695673619,-1.3436521019611691,-0.9220781267274994
-0.008318402023016846,-0.016650835479321283,-0.005288831015865116,-0.0012933146408065372,0.031229417413819387,1.205689150022254,-1.4433768074844175,-0.8579285951290622
-0.008674239111427973,-0.016331504428441057,-0.00581316550772679,-0.0011862703211453877,0.05304587324068242,1.2609828550333502,-1.7056880293978243,-0.8222140855197636
-0.008861610377099836,-0.016306808887316372,-0.005925813440664538,-0.0010416690347930775,0.06078825538246677,1.1920477840007235,-1.7919249437623563,-0.7367696422405131
-0.0073226666733906326,-0.01772019067731496,-0.0039099135918834104,-0.0012782668329477768,0.011337060010688538,0.9668952395008364,-0.9044193321702799,-0.7902078931736624
-0.0076409114524072915,-0.017561412946811013,-0.004167413696577916,-0.001226031813375934,0.01154254366240183,0.9689354330359022,-1.0078404247581185,-0.7717337451358731
-0.0061146337972734005,-0.018891221589082526,-0.002723395262367346,-0.0010970263051201356,0.041167474965758476,0.7855312937379004,-0.5670428501301984,-0.6897783745874683
-0.006583784005288898,-0.018411025621337732,-0.003160306377683262,-0.0011949536183309725,0.023869450430099463,0.8554366252620033,-0.6763003909840072,-0.7353467877269751
-0.007107074051211049,-0.018112277039679863,-0.003556069040067396,-0.001179564467058811,0.016831634050391685,0.877598929395318,-0.8044554731530241,-0.7332752898016226
-0.006654369633007538,-0.01897436373724165,-0.0028837764548629574,-9.614895111074928E-4,0.04042837894192758,0.7236107676285389,-0.6370802404924103,-0.6266983403463499
-0.0199202850961855,-0.0051470505134148335,8.50643522486556E-4,0.0019353470258920557,-0.06353210574912098,0.6233734879942379,0.43686463139072756,-0.5641521313057442
-0.020080862880200008,-0.005798908939778776,7.310293953051218E-4,0.0020819154492085798,-0.058062936924999885,0.5568585052111471,0.4944628956881601,-0.4991139057617607
-0.02055757207117172,-0.00394705596696403,7.250483355376514E-4,0.001333847886644525,-0.11836003238204353,0.5875277695957642,0.30532759037843715,-0.5418587491319236
-0.02044878316512294,-0.004696205444182487,7.156625699356157E-4,0.0016032253810805007,-0.09827687472694546,0.5715679357904148,0.37350349805243743,-0.5235462871812288
-0.021360134107437312,-0.003100974639146162,5.174573959054975E-4,8.838984970245467E-4,-0.18158664178664613,0.5046995747561608,0.22708979050678574,-0.47327844276876746
-0.02261771612236789,-0.002347001320328855,2.357072732144585E-4,4.600184295402725E-4,-0.27820095085914304,0.35060144540408844,0.1692542653596887,-0.33496726647599345
-0.023817494689280697,-0.0029628130724128347,5.88435391702134E-5,3.011318477426873E-4,-0.3538181506111279,0.17838124235582561,0.22128804279421274,-0.17023797360989676
-0.025,-0.0035952450336353328,0,0,-0.4291226187320163,0.0020380989882386145,0.2922078767629444,0.006915448029606222
-0.0019517961005721812,-0.022366428563932332,-4.214255301313966E-4,-2.9013485458428257E-4,0.27630723020260417,0.39603347651388254,-0.13237874956299145,-0.37793293588766075
-0.002714392626164363,-0.0215858071634661,-7.346982328321807E-4,-4.6603739655472855E-4,0.21631818701935426,0.49317188148248364,-0.18420552544490945,-0.4642410454633554
-0.003817752471517136,-0.020831349953282445,-0.0012203001441133624,-6.466486139537348E-4,0.1566640793462395,0.5735199697630428,-0.2689003584868516,-0.5315240305230019
-0.003447157844912491,-0.021442861586788778,-9.591160562891071E-4,-4.866500847313028E-4,0.19561337631728914,0.49884952387827025,-0.23624746443461547,-0.46670545033896726
-0.004844575235563385,-0.02019834403541623,-0.0017363241133953045,-7.846118796845241E-4,0.10863695144328105,0.6294050164468685,-0.36656065565788226,-0.5741965235509116
-0.00447487854875171,-0.020897575092274658,-0.0013937091821560833,-5.956331259979079E-4,0.14725323989993597,0.5435352524297086,-0.3190424436196125,-0.5020918973052043
-0.005817965706399202,-0.019588561769740005,-0.0022979688606829048,-8.872875000826313E-4,0.06891325663411774,0.675083690951425,-0.48867847146341425,-0.602918293075447
-0.00549713569212653,-0.020279329499522002,-0.0019112226127405978,-7.021391248873909E-4,0.10025044832615615,0.5848999702774265,-0.42384225776752954,-0.5304656214660711
-0.0027637254987698447,-0.023721939795943975,-3.039348620353351E-4,-6.928780195350027E-5,0.3572209599813962,0.19934112638301069,-0.19917244110539042,-0.19152268067099834
-0.0035952450336350986,-0.025,0,0,0.43496046463408705,0.010946156011822283,-0.2924188655277742,-0.00242365954150331
-0.015385887467242418,-0.011197596928300066,-0.0015978322862557702,0.007195755839911067,0.2357215954912076,-1.1366533177223734,2.2937910271032975,1.9720598352801597
-0.01539289247177397,-0.011260641721503145,-0.00166723704105196,0.007143116607028577,0.23306893025290995,-1.1787640391468013,2.2437671514277895,2.0021415534819247
-0.015448678580423453,-0.011160434593430532,-0.0015143519016172973,0.007121824721990519,0.22715710623271831,-1.0752690241969727,2.2786945776297003,1.8782124312437103
-0.015493933116108909,-0.011044189552131602,-0.0013509693447464695,0.007119099102119455,0.22265200761523898,-0.9645954930598638,2.323819471320426,1.7540924699003229
-0.0155117441141548,-0.011117562219758528,-0.0014269500843536245,0.0070504183445450576,0.2187367883466508,-1.011760783158867,2.265416925513534,1.7840367287950858
-0.01565111038317472,-0.010629754694922973,-7.856249999346137E-4,0.007050460990549449,0.2043781191947263,-0.5665164774490777,2.422571259258173,1.301492112775419
-0.01557012171230664,-0.01074722886982551,-9.56744060703318E-4,0.007137779796187925,0.2149789614364737,-0.6919223728559184,2.4331816797611228,1.4633431102147925
-0.015651858318845836,-0.010704338176196107,-8.748060440808992E-4,0.007024467182481926,0.20478155814154816,-0.6285408328476364,2.389695869673764,1.3591448371395254
-0.015579057120994309,-0.0108368786773957,-0.001061774951929582,0.007087005873827655,0.21314028254262055,-0.7631144580999657,2.381005914621831,1.5233865210152993
-0.015552899853359697,-0.010989167026618346,-0.0012549467527945815,0.0070565409832566576,0.21514457222679942,-0.8952795557718037,2.3156969025250587,1.6572695722001562
-0.015611969648889832,-0.01092595416487311,-0.00115239319975646,0.006996116477861527,0.2079525974356913,-0.8212376634094082,2.3094305184234174,1.557154755580303
-0.01573264183103325,-0.010572735995099983,-6.936576418050636E-4,0.0069398497667367675,0.19526607152239114,-0.4970580618253929,2.3802694395820487,1.193423264718416
-0.015832601650404204,-0.010535962401765537,-6.252474334879541E-4,0.006796631176534336,0.182930684461037,-0.4439454331503097,2.3159882405394394,1.0944649425916237
-0.01590459910099049,-0.010294624990830894,-3.3911383640012905E-4,0.00673289855951182,0.17581269067056773,-0.23659786786585196,2.3278419426520665,0.8618324713832307
-0.015912093796290723,-0.010436669456885931,-4.966784635256739E-4,0.006699335978576053,0.17466373816737127,-0.34916029074517985,2.2858782882443758,0.9681219779860835
-0.01603042716779333,-0.010222741007326267,-2.4673289491064884E-4,0.006555179091490248,0.16240109535568,-0.16780828589371752,2.2460155539946203,0.7420072058615484
-0.016147067254258796,-0.01008234424927689,-9.303331403988812E-5,0.006396465866827608,0.15299912610590574,-0.054185253291636086,2.179582281077177,0.5857032171781852
-0.016482126453862322,-0.00964208493615153,3.0850447841144726E-4,0.005922415495267469,0.12715740977256582,0.23303945132131726,1.9634070373638306,0.19024119221212937
-0.01637924563801832,-0.009812028446838567,1.6486240005211543E-4,0.006073287874312049,0.13313395053334287,0.13145942027658786,2.032739845613117,0.3228553386637765
-0.01631999233184715,-0.010006979765906357,-1.697711235558994E-5,0.006160158458097391,0.13893481808543173,0.0012543353882140255,2.0646644654199924,0.4721831518747495
-0.015265885319134665,-0.011486129771728783,-0.0020202951700286974,0.007167882134393872,0.24605300117531606,-1.4102078124309088,2.1393849508270617,2.277696160360686
-0.015212734654591676,-0.011513612025794479,-0.002095660282794657,0.007225051805280889,0.25369432783852375,-1.4639669399938986,2.143238531772574,2.3604485699117443
-0.015326529283228819,-0.011346861517331113,-0.0018141066436467713,0.007184018355741712,0.24121468473072202,-1.278610665678423,2.218768394153304,2.1301265325599767
-0.015324227644494504,-0.011403846654310225,-0.0018812155286408378,0.007144872848821149,0.23928204963010644,-1.318826860632944,2.1750383191141087,2.16336102417393
-0.015312242751242456,-0.011457299903435062,-0.0019507652373419167,0.007121502158640197,0.2394761045169073,-1.3612338286272907,2.1388056847517847,2.2050097398974513
-0.015392841397572979,-0.011322804470332808,-0.0017387981684609342,0.007100374687228394,0.2313815641160677,-1.2224793610698594,2.198000982674287,2.037837306635703
-0.014762771407031439,-0.01200522977181083,-0.0031032435626373767,0.007372004739673965,0.3056321299211509,-2.0902013832314332,1.797138063758769,3.193710793889821
-0.014723447109427013,-0.012054863376028733,-0.0032031698050105878,0.007364037297990969,0.30891066157258557,-2.145304846610641,1.7442179225358887,3.2643664356932107
-0.014748302214157367,-0.012034672614751711,-0.003151232538803922,0.0073552286327967864,0.30571589251619985,-2.1145963530120215,1.7649700118019784,3.220199398168812
-0.014721691343962033,-0.01208162822190082,-0.003231889725443264,0.007331906536727265,0.3065323028473936,-2.155758954107529,1.7129309784364548,3.2671863726948254
-0.014830857529318132,-0.011941603564413147,-0.002954572265565905,0.00735311189490967,0.29736471576590423,-2.001977901195076,1.8571139237141527,3.0711517796113945
-0.01480654175950198,-0.011968980219940233,-0.00301216426920711,0.00735478265261999,0.300061700716537,-2.0354119894626135,1.831134831433705,3.115371227459538
-0.014793682215942171,-0.012000682111160123,-0.003060280506121425,0.007334186513037953,0.299716516059016,-2.059630843440717,1.7973875005670479,3.13998617536553
-0.014714941787319375,-0.012108595198275092,-0.0032668667823227524,0.007306054187221855,0.3050388319382298,-2.1705787413953126,1.6818376557876686,3.278265621681854
-0.01469756835240792,-0.012135031327448002,-0.0033149733300420555,0.007294790085440637,0.3059345436999546,-2.19492176576056,1.6517929247300507,3.3074190050577714
-0.014686976937482102,-0.01216429669841635,-0.0033565761856155893,0.007270062511731978,0.30490632453251504,-2.2130395354676544,1.6177136034359652,3.3237856932656733
-0.01466942119818556,-0.012191036665232129,-0.003404886208140816,0.007257342799453129,0.30556888466990667,-2.2367246421367395,1.5863448924303516,3.352005357483818
-0.014604228894787899,-0.01226699826100114,-0.0035629834679649012,0.007237050017023491,0.30989346954448815,-2.3165309589648184,1.492923492090381,3.4563271725644538
-0.014624961375571935,-0.012258970478287909,-0.0035269151476817868,0.007221793437868495,0.30663633715180966,-2.2947025988925778,1.5041176158528977,3.42075047605108
-0.01457495040979328,-0.012292948409723304,-0.0036271026613581294,0.007237436639035941,0.3126259837184939,-2.3499008703014184,1.4587459837056933,3.5036370870770206
-0.014599711413967079,-0.012287123761672887,-0.0035868690433536357,0.007214409707751362,0.308337272659803,-2.32444020283411,1.4684134590049835,3.460121235829559
-0.014557065518357275,-0.012346790212442546,-0.003698366891676882,0.007182203297060152,0.30961591121826576,-2.3750061572031664,1.3914080381665015,3.521821943221316
-0.014573201200834501,-0.01231587430576018,-0.003649211556364912,0.0072067856533308714,0.31017707388057886,-2.3550468331833656,1.4308784445167657,3.5010834667196185
-0.014570982575724298,-0.012335499782719342,-0.0036688951797045344,0.007181340555987041,0.30809504639690216,-2.3598690931378528,1.40705230805466,3.4999024126860556
-0.01466031681745638,-0.012220751734541766,-0.003444235453461913,0.00722890675520435,0.3040353620085432,-2.2523739056348053,1.5511704881557062,3.364212070124714
-0.014647746307528606,-0.012245107951318349,-0.003483168151146787,0.007211784320826363,0.30374673413780995,-2.269721710662863,1.5219615018916053,3.382655758640703
-0.015213837605235722,-0.011566243427468986,-0.002153817583533058,0.007178156243326384,0.2509640532348132,-1.4958848585688391,2.0965869085289692,2.3823591651803224
-0.015215563852341957,-0.011612099823497066,-0.0022027823911693607,0.007135329596334309,0.248361968620535,-1.5218474906051835,2.0554225423592545,2.3990946391940207
-0.015186289503400695,-0.011649282440832019,-0.00226947823892077,0.0071447445110477395,0.2515960403373904,-1.5642704943594248,2.035204399148728,2.4529973063046913
-0.015146841226543901,-0.011686360666681668,-0.0023461565193286103,0.007167945297953469,0.2562905430509704,-1.614291450403141,2.017831467017199,2.52103394475826
-0.01511052112956293,-0.011718905482068637,-0.002416000523273724,0.007189693120516966,0.26070697633436857,-1.6596134087111538,2.0019139377012647,2.583541776316954
-0.015086496290282072,-0.011747504545558871,-0.002470307274788892,0.007196502919393779,0.2634095101301382,-1.6933756018275514,1.9836319335586379,2.6272126922138783
-0.015051083874051213,-0.011758792520212632,-0.0025179565085767038,0.0072366521235250935,0.2690619866167769,-1.727163742027462,1.985618022081962,2.682464694863613
-0.014931134502667363,-0.011795953926539563,-0.002684477834638006,0.007373573125510391,0.28901852151619956,-1.8456315833306947,1.989081125859532,2.8782545735292913
-0.015011482235970123,-0.011772843514983115,-0.002573791786099684,0.007280018528407796,0.27538257080970524,-1.766410550105278,1.9858206671644647,2.7461095672395603
-0.014972590047522771,-0.011785045651623676,-0.0026279291736325118,0.007324215815943364,0.2818379234785115,-1.8050278161206634,1.9866773425882516,2.809756442094183
-0.014923236969448462,-0.011832239526414504,-0.00273257329564401,0.007345320871165627,0.2879333593443534,-1.8704449214436283,1.9528997403577872,2.899552757958127
-0.014912471823891658,-0.011866038080055576,-0.002780708586962538,0.007323290889494208,0.2874155782249251,-1.89584121876506,1.9198495677664165,2.924045827187989
-0.014901645765210664,-0.011898909541808127,-0.002827567155478605,0.0073016920436640475,0.2870976429674283,-1.9203108181157182,1.8873490772796264,2.9477348428002697
-0.014888326234610874,-0.011930565520123067,-0.002875707155563798,0.007284327323158111,0.2868959799600663,-1.9457712521314419,1.8564195162846178,2.9744298147771375
-0.014867146892645074,-0.011956663994960978,-0.002927132345901326,0.007283832268873435,0.2890683137292423,-1.975437184429073,1.8327221400230258,3.0125158968692336
-0.014523380154594354,-0.012381694461431628,-0.0037761614787517055,0.007172265394751089,0.3119110613511593,-2.411965361821099,1.3434400920605076,3.5720740989763695
-0.014538301089264492,-0.012370616522773398,-0.003745253745737992,0.007170441950191,0.3102077684758507,-2.3961578824000025,1.3596004717728192,3.548624797213447
-0.014556834588904187,-0.012368467900506316,-0.0037164718805266467,0.007151037349152887,0.30684099351092803,-2.377629548581122,1.3654346814493576,3.5158400821241362
-0.014523635608335842,-0.012402300792621928,-0.0037922492610752497,0.007141516628059215,0.30909576074856804,-2.4133759366861143,1.3186993639031959,3.5646437069472623
-0.014384777473323035,-0.012590015677148465,-0.004141692103029892,0.0070119677124774035,0.31024201670555657,-2.549556613346514,1.0519356197461247,3.731092693055937
-0.014395643277774229,-0.012557936656991621,-0.0041029086476330546,0.007050814142134471,0.31282645460578834,-2.541208759034848,1.0943423114106974,3.728885288794068
-0.01439132736578852,-0.012574472675314544,-0.004120955941135484,0.00702945453433277,0.3112191756626539,-2.544345151973324,1.072972086555593,3.727815874742554
-0.014417411647053905,-0.012537341727237222,-0.004054512948859983,0.007059039604543128,0.3115678502126282,-2.520742015521837,1.12696480154301,3.69996608752184
-0.014412927365618854,-0.012553603459267482,-0.004072810470567736,0.0070386126135840235,0.3100157639674745,-2.5243987793455287,1.1059594833201265,3.699814206400177
-0.014519958222930607,-0.012423206558294004,-0.003814095750380858,0.007114943408216191,0.30706908735876803,-2.4183882409002435,1.2929350386207152,3.5638976997037806
-0.01451328422092079,-0.012442298329242825,-0.003838723950140509,0.00709443825278351,0.3058565210053408,-2.425957054907393,1.2686761674514189,3.568830889733022
-0.014506474220439228,-0.012459100723744003,-0.0038616234720046656,0.0070773172566061275,0.3049957475916086,-2.433315894908033,1.2470721405132361,3.5745659478853855
-0.01446928843322094,-0.012485980126849079,-0.00393769949274144,0.007079631594437724,0.3085833950802605,-2.4704123032591947,1.2050026880765297,3.6301488119350664
-0.014459746886277746,-0.012499087179310739,-0.003961835880048551,0.007070522149441234,0.3086081143638328,-2.479830809960887,1.1865387663283908,3.64156877680627
-0.014450671205355809,-0.01251204580916156,-0.003985101856327348,0.007060940671069647,0.30859481797341815,-2.4886468684649903,1.1682837234402417,3.6520333512866388
-0.0144415398984986,-0.012525282129073305,-0.004008596712543363,0.007050828920668466,0.30852166330423203,-2.497355293623588,1.1495821342925598,3.662256607045244
-0.014432262367580917,-0.012535538863772724,-0.00403016727407571,0.007045327425970556,0.308881339967751,-2.506181605352678,1.1342777311692613,3.6740434645207665
-0.014499455804705588,-0.01247471193583607,-0.003883801430572914,0.007062050144444404,0.3042594343471298,-2.4406295829464706,1.2268020079743323,3.5808772289385886
-0.014490454338279158,-0.012489550685933689,-0.003908273054022437,0.007050047205144156,0.30403081608923554,-2.449677543542197,1.2068476385721614,3.590781124950331
-0.01422836731699526,-0.012720905274530724,-0.0044777386190134475,0.006958549147136061,0.3202583658142541,-2.682388478129823,0.8193269646841328,3.929226762040663
-0.014236780861187707,-0.012707744853463163,-0.004456129485164866,0.006972476404458738,0.3206718950358613,-2.677056593302169,0.8397848900685082,3.9237694544293533
-0.014253838610063659,-0.01268139862805658,-0.004412225839097029,0.006999685257432049,0.32161913142198134,-2.6656320512606246,0.8807513960469123,3.9117618822263673
-0.01424529124529301,-0.012694607985191982,-0.004434276230391768,0.006986116096374663,0.32111149724909493,-2.671443874136875,0.860237889426856,3.9178863885585558
-0.014236456361975102,-0.012735384275635364,-0.0044721314147815406,0.006926308272817928,0.3158226757953187,-2.671514163531322,0.8068866306435386,3.903550571978401
-0.014228425613891255,-0.012748824949226278,-0.004492953767866415,0.006911402731832769,0.31510773349986393,-2.6761166120489013,0.7864658239457872,3.907708234572842
-0.014270472147129303,-0.012683108590420147,-0.004385512074872034,0.0069800961396536436,0.3178197786754529,-2.6492208057041733,0.8875108506700019,3.880076873156385
-0.014279148486434703,-0.012669735493295649,-0.0043631637665054466,0.006993490687712828,0.3183005869514599,-2.643101683472489,0.907986035971014,3.873541110359253
-0.014296293286256612,-0.012671695260108744,-0.004336051587956403,0.00697280895635552,0.31468510174014014,-2.625970270600346,0.914663570727925,3.8408374977922826
-0.014305511650237149,-0.012658069067977269,-0.004312685134526967,0.006985743055220554,0.31506282000585856,-2.6191560137576713,0.9354055405795011,3.8332167835082624
-0.014323834545573894,-0.012659005261803276,-0.00428336637688393,0.006965396207159955,0.31144447727300434,-2.6011339115476546,0.9433857673439173,3.799450215848917
-0.01437032846399959,-0.012620473415635124,-0.004184473524693998,0.006978992333837094,0.3084887431163774,-2.5607719966462312,1.00998265701329,3.73968094005329
-0.014347239743698123,-0.012642078729838774,-0.004235085584184471,0.006968579333477929,0.30962240557951826,-2.580712975473144,0.9743334483213438,3.7681121517711387
-0.014342081986900762,-0.012658697159183835,-0.004253653999184529,0.006947152458208156,0.3080184246446769,-2.583493334811078,0.9525267474177008,3.767018256389054
-0.014365715556631097,-0.012638449425456819,-0.0042032180308535635,0.00695517298745803,0.30660640763398156,-2.56323178929147,0.9869111209092839,3.7373025746479978
-0.014398111342170714,-0.01260560470230912,-0.004130888633477232,0.006973098679697798,0.30531048509876973,-2.5352583697560003,1.038931329081948,3.6986400627880713
-0.014388074274650086,-0.012618480600169128,-0.004155040137516326,0.006963433401066031,0.3053765078951843,-2.5437628230957037,1.0198024061458597,3.709217944923405
-0.012255945233250496,-0.014462141986151313,-0.0074367900877732,0.0037598150125697795,0.23047670208036317,-1.7099146940386165,-2.4842130533212408,2.9523795792592353
-0.012255187524746485,-0.014478122012673712,-0.007416762425331159,0.003735050729058585,0.22477826779612967,-1.69560899979438,-2.4777538508932317,2.924586309035497
-0.0122699521913998,-0.014455032777517945,-0.00742494360315422,0.0037831553426496737,0.2302406593747788,-1.725653816409748,-2.469940626376555,2.968327041724093
-0.012269253246564029,-0.014471057327298822,-0.0074049198778826,0.003758276872907394,0.22522184597237713,-1.7112328291804226,-2.4635894596537598,2.940502413248548
-0.01228393672729852,-0.014447879610072305,-0.007413006666123157,0.0038064921216687067,0.2319996541474876,-1.7412921575483509,-2.4555126877536315,2.98431247632262
-0.01228331750269368,-0.014463944834211241,-0.00739297952370757,0.003781484598004864,0.22513197835851104,-1.726779572063135,-2.449317035595971,2.9563078470236888
-0.012297898706704342,-0.014440682552685621,-0.007400999390183092,0.003829785878640161,0.23344290504202866,-1.7568013885428482,-2.440994246250611,3.000266194640657
-0.01229734334082602,-0.014456741511010437,-0.007381046989984173,0.0038047080915119065,0.22484461148062387,-1.742277075370904,-2.4349737568808116,2.972109637736635
-0.012240192833571846,-0.014518492382227266,-0.0073864332365166626,0.0036620273005358683,0.22031148959911695,-1.6582265142979573,-2.4686030717433174,2.8585306147431955
-0.012254542053604094,-0.014494400809050506,-0.007396777136140246,0.003710446843843584,0.22389241760826148,-1.6853249730053605,-2.465911127720975,2.9006882296338286
-0.01225408486519238,-0.014511040965281692,-0.007375807837163723,0.003685516528058029,0.22052971223389514,-1.6738648102489544,-2.4554157744847838,2.8749322193761784
-0.014161707094251574,-0.012771316304873213,-0.004618814430719616,0.006936036684946761,0.3246288634472044,-2.734020350524556,0.720124958387752,4.00922579455765
-0.014177769816192754,-0.012772664223480239,-0.004591598097690182,0.006918441088756098,0.319654619773213,-2.7191445155761333,0.7253587286088403,3.980808703568041
-0.014152980117106462,-0.012784377156011453,-0.004640589262129751,0.00692148712839582,0.3239375646998977,-2.738684038560026,0.698926314718428,4.014105786015033
-0.014168984282280637,-0.012785775698169194,-0.004613395984046693,0.00690402682257388,0.3192606577272405,-2.7238226666084278,0.7043733690773148,3.985678319236848
-0.014203063802027287,-0.012760934195993555,-0.004542364685381789,0.006914997770380417,0.3184794221043264,-2.697219789747056,0.7571054323844485,3.9438630804091335
-0.014194312757715157,-0.0127742805831172,-0.0045642346250650565,0.006900470648027985,0.3177562020569617,-2.7021091716570225,0.7360796120493367,3.948833192246275
-0.014220151647565168,-0.012762456598881014,-0.004514177124847481,0.006896262060819711,0.3143975602211868,-2.680727915643456,0.7656539667927184,3.9119237150180477
-0.01200836098703076,-0.014660369855434651,-0.007513672354207065,0.003237865001704096,0.2139552580344646,-1.3772796541212475,-2.649144242257913,2.5437823670588213
-0.012023938898086702,-0.014654387473818942,-0.007501670609507942,0.00326195191790174,0.2137635411644128,-1.3946832382431535,-2.635705667378278,2.5608055989713923
-0.012111388340952328,-0.014598417308523343,-0.007461971958995283,0.0034261303779161436,0.21664069307370415,-1.5032689617302115,-2.5744684167455145,2.685235222701282
-0.01203915453203628,-0.014647598287457972,-0.007491121239166252,0.0032866473119359716,0.21376515509080937,-1.4120873287908273,-2.623195183898622,2.578591585744734
-0.012111119430096642,-0.014616941637236291,-0.00743676616640855,0.0034003787203377525,0.21350581258932247,-1.492353132888329,-2.5604584062951328,2.6588071610786455
-0.012053007313083994,-0.014639637380931584,-0.00748387060244607,0.0033114498080209095,0.21402656186565835,-1.428823692623283,-2.613096168138705,2.597132965525553
-0.012065182486551397,-0.01463015790943309,-0.007480839835174757,0.0033365693823689995,0.2147815119099487,-1.444862348652637,-2.606050812938187,2.6168193281155547
-0.012079619862778999,-0.014628193911098904,-0.007464064365018404,0.003353768200307493,0.2139347220900413,-1.4587064753921632,-2.5901057684618007,2.6271308053705584
-0.012095775358554344,-0.014623088516390268,-0.007449223551761337,0.0033768243733057718,0.21364123897494483,-1.4756479221747372,-2.574460485103818,2.6425261767307138
-0.012125973670008202,-0.014591805082278054,-0.007450873189441479,0.00344962612740905,0.21665434803071668,-1.5196257902020316,-2.56141699661018,2.701774057981199
-0.012240236511385947,-0.014536235342899518,-0.00736315063000821,0.0036362446280146688,0.21733338230519658,-1.646853354989095,-2.456224620431001,2.832060059171386
-0.012140419557719238,-0.014584867070862357,-0.007440248068764027,0.003473361740585414,0.21672914955674524,-1.5359657715371198,-2.548626415264088,2.7185805685474356
-0.012154646358668274,-0.01457753990546533,-0.007430289971131722,0.0034973597231118835,0.2168827396551873,-1.552270419930229,-2.536238807719274,2.7357209386800054
-0.012168459173167804,-0.014569857329092445,-0.007421224661572664,0.0035214000056075652,0.21712439984864806,-1.5683719068829711,-2.524469229962207,2.7530744800172466
-0.012181811274433277,-0.014562384059917147,-0.007412362112588627,0.0035446527094164927,0.21736919427357085,-1.5839050386795266,-2.5129605662826164,2.7698186251915193
-0.012225826060451186,-0.014543866365729666,-0.00737397179453798,0.003612086691782457,0.21714498007508776,-1.6307406289317499,-2.4696170643173825,2.815191967353497
-0.01219580488017116,-0.014556316297832652,-0.0074005478395767375,0.0035664440728785944,0.21732544792468597,-1.5990280985612648,-2.4994414441119237,2.784670296408711
-0.012210886592095216,-0.01455098536009559,-0.007386053771782531,0.0035880998956931494,0.21705803288633715,-1.6144389873357488,-2.4838809848178,2.79872720552634
-0.011050339991457542,-0.015138844578494766,-0.007697924660826816,0.0015729171192017455,0.1976516504695238,-0.21129135108447095,-2.979702265478354,1.2275955804346805
-0.01103572423368239,-0.015170693342144255,-0.007652626241465107,0.0015323048059962075,0.19302884285757924,-0.19603421237767615,-2.9513197354771776,1.190734034199491
-0.011011057044728326,-0.015206034724871515,-0.00760772116215202,0.0014768469867352978,0.18863121609613712,-0.16984999857377608,-2.923931041894199,1.1422281555585725
-0.010995441241292673,-0.015251946506359382,-0.007539277055840662,0.00142822262647604,0.18163086460428657,-0.15539873514047206,-2.880843743850223,1.0972364217676365
-0.01112942426202418,-0.015098042035967653,-0.007713609782973638,0.001708420601077664,0.2002286559512669,-0.3037263333244274,-2.9829369963589962,1.3382904763304995
-0.011162540971653595,-0.015089043391230478,-0.0077048579425196976,0.0017596216058932636,0.1998112985384177,-0.34295576397438815,-2.973756406585762,1.3786826456194348
-0.011229067023020671,-0.015065466255139966,-0.007694306765694959,0.0018664401863182948,0.19979834611751088,-0.4218723051927558,-2.9590518588349553,1.4637671313588922
-0.011201365633410213,-0.015088729456004178,-0.007676244366782957,0.0018117043272880345,0.19736435296635374,-0.38853540230557737,-2.9506641985686053,1.4175583288927565
-0.01108589980151809,-0.015137515043556829,-0.0076763086496479714,0.001621979974766173,0.19593387759475211,-0.2533089329122519,-2.9626032698727123,1.2649689928171706
-0.011121170167412348,-0.015131413259985023,-0.007662328720967045,0.0016735847119381637,0.19503166839541533,-0.2944854998985182,-2.950251285423311,1.3049956843639372
-0.011631187854559714,-0.014847893093476235,-0.007680119299277984,0.0025839383931017044,0.2099476789166277,-0.9176642467703554,-2.8746458116042253,2.043109676181059
-0.011612351022446666,-0.014865336866868212,-0.007672275711987693,0.0025422995845789365,0.20830044982359483,-0.8919722836689371,-2.8744077642367967,2.0080568263697116
-0.011595826537348978,-0.014873474366447398,-0.007676589525009668,0.002513445456920494,0.208030745237813,-0.8715499046566697,-2.881185122567892,1.9852800390412249
-0.011561331306318416,-0.014908746134545165,-0.00765531536533585,0.0024345824566901204,0.2045805102105888,-0.824342235441334,-2.8756666589236723,1.9181230381606904
-0.011583517442716261,-0.014892629682661524,-0.007658577871170599,0.0024784107377398604,0.20572554110760535,-0.8528883626702689,-2.872595500337233,1.9541002423227352
-0.011728623518808101,-0.014832111057910583,-0.007597968339977481,0.002717765386002144,0.20556713145873792,-1.0267624073526813,-2.7965991468917584,2.1383267764218203
-0.011712119273070245,-0.01483847928277121,-0.007606496173138266,0.002691289896499753,0.20567931345762114,-1.0073323672017194,-2.806575596530777,2.1183132854443887
-0.01169573592751863,-0.014843040481453646,-0.007617513154261137,0.0026668895174926342,0.20608366631799438,-0.9885625604572653,-2.8180164385258233,2.1003614500273557
-0.01167642676007826,-0.014849529436402293,-0.007628518101613317,0.002636800383293507,0.206381823577207,-0.9659634880553709,-2.8301788995902517,2.077759535602413
-0.011656481856227826,-0.01486490594789734,-0.007625897034268885,0.002596266416149747,0.20524214578820058,-0.9398631049156686,-2.8338104548657004,2.0445293567251532
-0.011264148735045299,-0.015075097503437208,-0.007650316041018851,0.0019050248571538535,0.1959001452737399,-0.4619597417618641,-2.9259112154836506,1.4899078861577304
-0.011440699712282563,-0.014978040362230001,-0.007659429426582908,0.00221625733011829,0.2008789128369393,-0.6750955832417084,-2.9033058448987688,1.7420432661674747
-0.011462522962196596,-0.014967326473714923,-0.0076566392532037555,0.0022538905807361876,0.20148345254906966,-0.7015827380077457,-2.8973476222821506,1.7720709531273169
-0.01147892047329405,-0.014954383070794683,-0.007662275707331677,0.0022868329155781284,0.20246992024243698,-0.722512887930898,-2.897695616571834,1.7995099010343858
-0.011559472361594469,-0.014937373598808451,-0.007611203329799525,0.002403521008690693,0.19977054064565747,-0.8151120265621355,-2.848043529005403,1.886502347522761
-0.011528434428289935,-0.014942010799204365,-0.007634455502581882,0.0023606856100417185,0.20124896529292963,-0.780180074243063,-2.869594046785189,1.8553376699004662
-0.011499620478567747,-0.014952061151381285,-0.007646210453932204,0.0023150380292118887,0.2014311465810625,-0.7460943857352783,-2.88315745566767,1.8200945522282341
-0.011292489929359321,-0.015090566692756994,-0.00760182186942211,0.001929376033004248,0.19173479046109118,-0.49301076872303023,-2.8906387809973815,1.5040370444936544
-0.01132186737138851,-0.015077106278125255,-0.007600162159812198,0.0019780564303548067,0.19206929788769178,-0.527338917988564,-2.88527554041872,1.5427959828959572
-0.01134875640079964,-0.015059718807475173,-0.0076063920158644304,0.0020269447843306305,0.19335381435143303,-0.5595126999533063,-2.8851784595190186,1.5827909618473537
-0.011377395073613546,-0.015042856499472181,-0.0076096315274608575,0.002077839872935148,0.19428219928663037,-0.5938042196656769,-2.8825826976198408,1.6240914936344224
-0.011431019531616387,-0.015009733761123136,-0.007616388864571882,0.0021750201725597162,0.1963078272029191,-0.6587360981642026,-2.8775682717377364,1.7031157524942695
-0.011404408364542202,-0.015027172801849292,-0.007611707827886219,0.0021258071870497923,0.19508052785344765,-0.6262552972029747,-2.8793333007406425,1.6629313574030054
-0.011745931252817332,-0.014848276522113688,-0.007553646868445994,0.0027197652075489705,0.20170991180600908,-1.0388448793430511,-2.764219698888557,2.1326114615887075
-0.011765019435105642,-0.01483613277659909,-0.007550765593917811,0.0027553820799509168,0.20236095843874666,-1.0626868841273895,-2.7568401823729314,2.1608262979283257
-0.011833148118646407,-0.014793028669166416,-0.007537325939868938,0.0028824176418843005,0.20451919497402524,-1.1477201843320497,-2.727438908910972,2.2608319960544496
-0.011818427860827431,-0.014797591497534266,-0.007547772760894166,0.0028605186142861443,0.20488494094210213,-1.1312703108032554,-2.738507162891622,2.2450397202019583
-0.011783195601657956,-0.014819334067023541,-0.0075556753275848685,0.002795327241550894,0.20383325874093577,-1.0874126040644023,-2.754354682006596,2.193852150776024
-0.011806174091405873,-0.014809198625055045,-0.007544524813214185,0.002833138974467773,0.20387871675046668,-1.1144039181962626,-2.7404148858343866,2.2223697338435255
-0.011890833662419198,-0.014727994076478776,-0.0075648958709104265,0.0030252131244491265,0.21130598104759404,-1.23269561406479,-2.7244112788643737,2.3815358262798063
-0.011851716881036464,-0.01476571846962621,-0.007556227757719102,0.0029357309385150136,0.20775717561145832,-1.1775652133071475,-2.732732568646328,2.30734851849688
-0.011846602639509004,-0.01478492827667794,-0.0075335330273414245,0.002907041218003157,0.20489968563145985,-1.16434931998621,-2.720748619291178,2.2800163962316593
-0.011889792568419566,-0.014745134243456345,-0.007540681121185959,0.0030029257345534914,0.2084711467260322,-1.2239370924804829,-2.710245455544878,2.3588811260182068
-0.011875122153436017,-0.014759139988344433,-0.007537767969527009,0.002969661333493529,0.20713682915523737,-1.2034136826830684,-2.713623608504854,2.3313959786717056
-0.011907287658557713,-0.01472143965263682,-0.0075541754264262595,0.0030514436726050468,0.21122039392136083,-1.251746782215635,-2.7120499917377554,2.4007753263519245
-0.011926672142473501,-0.014710984266489889,-0.0075453091338022965,0.003085679215431764,0.21152107049573862,-1.2753400004185627,-2.6996406931010317,2.4267978719225844
-0.011949138481594887,-0.014703941306732152,-0.007527195249359756,0.003118826920938364,0.21106440448370403,-1.3000978191447112,-2.6804302944690463,2.4500500393975613
-0.011966684621173618,-0.014695927728597164,-0.007516465630041572,0.003147780098432983,0.2110673929333631,-1.3205802785570027,-2.6673344526831495,2.471395451478491
-0.01198531910996149,-0.014686093606751835,-0.007506710906587887,0.00318014673130906,0.21131889732227438,-1.34286689244561,-2.6542965490291057,2.495623152203564
-0.01200644064176449,-0.014679242581204966,-0.007489134942983107,0.003211149243932072,0.21093661556675106,-1.3657641848003161,-2.63557159536226,2.517069032847539
-0.01032587010522243,-0.01562568108256517,-0.0071639192181535095,4.166683130181437E-4,0.1474622004690447,0.47629319811828325,-2.643812045953203,0.2863235337875388
-0.010389653097244947,-0.015565568558376758,-0.007251010560574688,5.087658762432876E-4,0.15441144515798855,0.43436904303592605,-2.7005447594290786,0.3599169366280868
-0.010461392920418283,-0.015541030634632717,-0.007275602264108671,6.065814570751636E-4,0.15688886048849102,0.3687383371668605,-2.7191704363125457,0.43627984911538187
-0.010391293689858543,-0.015643636151309485,-0.0071230662174922,4.952732622171881E-4,0.14316509714751977,0.4054895536879156,-2.6233834145015513,0.34464022085691653
-0.010586714842552277,-0.015406008034640426,-0.007466765396130593,8.104438866571357E-4,0.17358660194307007,0.27647349298118934,-2.8424713807395388,0.6041244867798587
-0.010758492063895326,-0.015322413092999334,-0.0075428736072150875,0.001074566525174901,0.18090000034532647,0.10412077784326877,-2.892097267020214,0.8170526268052364
-0.010644859968830118,-0.0153954140754336,-0.007464374957490825,8.920169311091832E-4,0.1736441388902603,0.21483989398361727,-2.842009759079117,0.6679899975399274
-0.010721764609587696,-0.01535703749091242,-0.0074994908605855995,0.0010101111237952427,0.17679362380283895,0.13821751054697418,-2.864728382851179,0.7631734401669696
-0.010690459068891883,-0.015388694474188492,-0.00745834694309083,9.553914904250515E-4,0.17293606639761414,0.16582097081803826,-2.838566266990164,0.7175339476499223
-0.01052153716497943,-0.015512085438793016,-0.00730787325481115,6.91859687937999E-4,0.15953741250734088,0.3150654321788051,-2.7413440162654727,0.5036599359117067
-0.01057986586721342,-0.015478963849518768,-0.0073456475985888975,7.775704928915435E-4,0.1627062107974889,0.26281812651310726,-2.766417163049813,0.5721227585550125
-0.010811972046488549,-0.01535555312958329,-0.007461933624541873,0.001130756305857029,0.17343360867603294,0.03765395417332045,-2.8395674872612777,0.8557436951455638
-0.010897916667287332,-0.015314725740036039,-0.007488047933555322,0.001264383370896264,0.17636821874307737,-0.052152673312215396,-2.853363106762789,0.9633255804548037
-0.010940944346101527,-0.015300131332384831,-0.0074894154084654855,0.0013288288933658403,0.1766759841876764,-0.0985031332848577,-2.8521637999652323,1.0143374261925555
-0.01097705461224154,-0.015286760202361489,-0.007491478251320337,0.0013836883343425668,0.17731988126006681,-0.13757988873581237,-2.8514523791914215,1.0579683084451588
-0.010854132964569914,-0.015376582534316018,-0.007406550744401134,0.0011758556368710073,0.16838964985422372,-0.01202448280684248,-2.8033555219820916,0.8873794954096954
-0.010893065216344082,-0.015367730938953992,-0.0074019165283068155,0.0012306517860944033,0.1683713948260295,-0.0532581655194325,-2.7989847873847054,0.9300931876760193
-0.016657432113223417,-0.009546833343009362,3.643332503595103E-4,0.005692312442380012,0.1163933189032176,0.27161054384642275,1.8500532319030645,0.1060166348844258
-0.01690369336903821,-0.009384890855984226,4.4854817125293555E-4,0.005379405364940874,0.10237634551449558,0.3257885348806285,1.7009625821486285,-0.0054187853716238295
-0.01710060470929525,-0.009144394218526574,5.76675593895037E-4,0.005116650731194442,0.09437947486105407,0.41167437432344806,1.576806842629668,-0.12948837908481178
-0.01765909453027034,-0.008097995509335366,9.888920440210896E-4,0.004276083081564883,0.06780925321822794,0.6675473299762674,1.1832039832506906,-0.4773944279670058
-0.017311181273175498,-0.008600922172162226,8.536957169188252E-4,0.004754796376952935,0.08344479050773819,0.5906887993160187,1.3992889968990199,-0.3510335534964513
-0.017546987423690177,-0.008416580828279011,8.751445305085483E-4,0.004481612219145768,0.07282303406801002,0.5981829081499795,1.2809050952952337,-0.3915579701459958
-0.017328785209103803,-0.008920092811182861,6.623266664837791E-4,0.004832016778630938,0.08232563850250237,0.4637501629720963,1.4459934767022473,-0.22152081236026525
-0.017993730833000616,-0.007825541475640668,9.80812115314991E-4,0.003918729022078841,0.05357659499698431,0.6577492104478381,1.043194088110157,-0.5012767891706521
-0.01800286470384222,-0.00738381072180621,0.0011367479478747175,0.0037424299897333975,0.050694510561450155,0.7462528693042371,0.9562692189060601,-0.5967139721072919
-0.018465263334938618,-0.007066757731412034,0.001051355639743111,0.003322476940678759,0.02943100262887405,0.6962399978720358,0.8183370422354842,-0.5782403574081761
-0.01939725513043426,-0.006208666224117956,8.961570263578869E-4,0.002517289693043802,-0.020489753663082724,0.6262610030099404,0.5887718206703475,-0.5500622833729061
-0.018972903423789975,-0.0067194612869044745,9.491821155122678E-4,0.0029076098750092957,0.004392296034759216,0.6444395746793196,0.6976219995124683,-0.5518394400758079
-0.009925668202197667,-0.015690443320897897,-0.0070814920902404635,-8.80355785413969E-5,0.14105176836302047,0.8314039681786222,-2.554651231328005,-0.0957092895417887
-0.0101710646858079,-0.015637426704641695,-0.007163726384865546,2.1996068840232224E-4,0.1475197199837355,0.6243116202054347,-2.631061873637811,0.13684921201777622
-0.010223172339240794,-0.0156404859218633,-0.007153784623853719,2.8535648318996705E-4,0.14669796946700286,0.5720301704117061,-2.6298716549788583,0.18596214173646874
-0.010020932089995865,-0.01568196565182248,-0.00709748906178734,2.992100057370359E-5,0.14230565097421313,0.7472049032012406,-2.575993190672292,-0.007825335302690617
-0.010110876632089835,-0.015671187017029176,-0.007112665661046368,1.4232938895664704E-4,0.1438017112099085,0.6669396458598896,-2.5949442381957692,0.0767754212736692
-0.010273781966113373,-0.015677669307709804,-0.007087448896636302,3.4406862671626975E-4,0.14082742008234775,0.5074624754210513,-2.594563859770354,0.2285845680776577
-0.009845984156556905,-0.0157677713446181,-0.006953017894616763,-1.7970092648681164E-4,0.13149034250286776,0.8598338569778934,-2.4709045868928867,-0.16433373050342623
-0.009164550885731761,-0.016001452545766518,-0.006445181127237731,-8.804732235668254E-4,0.09248311981390972,1.223628022437959,-2.0844316475257583,-0.6513061310553926
-0.009285666234344622,-0.015979399815012767,-0.0065178040536489545,-7.636443971893316E-4,0.09803866124771386,1.1603127268154496,-2.144910010223923,-0.5738983534303915
-0.009419599833643669,-0.01595163742427004,-0.006597263773521611,-6.306129743933645E-4,0.10429920062768928,1.0869656842165905,-2.210631613114225,-0.48377374226055886
-0.009552178002892167,-0.01593635911287056,-0.006651425650847829,-4.904956070026856E-4,0.1085725752757011,0.9994348603088901,-2.2624224881503214,-0.3866424749957886
-0.009108735415549834,-0.016140697948116702,-0.006235156203617435,-8.844351479413564E-4,0.07891393777667643,1.1659052616375873,-1.9762915418499405,-0.6473003579689668
-0.00904016984125868,-0.016288826133680503,-0.006017932785803552,-8.936576657459226E-4,0.06615861340180301,1.1138132755599175,-1.866612599709802,-0.6453893085195547
-0.009778313573789112,-0.015874076895445198,-0.006781914199373057,-2.4803201083927444E-4,0.11760645435501675,0.8590770511490949,-2.366740662700853,-0.2150317031290566
-0.009693655291661605,-0.015969156399885817,-0.006628610644581087,-3.2992400306499904E-4,0.1065542722072617,0.8745528150155727,-2.272693028701593,-0.27312379551792093
-0.008001896191674684,-0.01756021421316494,-0.0043192481741732595,-0.001069141020949736,0.014724974303139848,0.8981895674565376,-1.096015436018641,-0.6941257014847425
-0.008127814326069634,-0.017245637156886505,-0.004636373587646768,-0.0011355194114219356,0.016384565503008347,0.9836991497923943,-1.205280001719287,-0.7415259120164365
-0.008551613848386434,-0.016540880041874224,-0.00551684578158123,-0.0011836447795457578,0.03927167765067901,1.1868113502873732,-1.5694478056324572,-0.8062732495130617
-0.00826718891316769,-0.016941244644874176,-0.004976341356848047,-0.001189773338098464,0.022768887275162873,1.0765423407330204,-1.333166044904699,-0.7842787355559099
-0.008492053992102564,-0.01678306584044137,-0.0052320763989771625,-0.001117941635169347,0.030026485891990466,1.081982575795075,-1.457024381143032,-0.7538446715015505
-0.00879219408336505,-0.016489205205755975,-0.005679278012458516,-0.0010234812505427796,0.048903691704533875,1.1188513831502105,-1.6788672856483358,-0.7156348430017169
-0.008956221176319144,-0.0164262660571289,-0.005817141049889992,-9.153955933278457E-4,0.05677482939530075,1.0779021891289218,-1.7652940353301088,-0.6519575412667702
-0.0075487824632234175,-0.01797297393305455,-0.0038286245435828208,-0.0010902262379885773,0.014752050475153848,0.8542314108522499,-0.9142571955335007,-0.6944814659672911
-0.00784354869509037,-0.017848732911729136,-0.004032547981211972,-0.0010261689265877003,0.014962592313187032,0.8380791976889622,-0.9988602558017197,-0.6643733912007789
-0.007488701842135387,-0.0183536920843922,-0.0035478520700817284,-9.679531152301552E-4,0.020176158648929143,0.7607428484083307,-0.8417124062895379,-0.6291001602024312
-0.006458343551097239,-0.019555690807871128,-0.002523933576475634,-8.031031539839361E-4,0.0585358340460228,0.6315489326333027,-0.5641199404412635,-0.5572829185399787
-0.007135184686615835,-0.01873753024781997,-0.003184973711238533,-9.337451292494036E-4,0.029529718562722553,0.7194047770034545,-0.7327275117505352,-0.6105481379656331
-0.006979902124762323,-0.019276350420096913,-0.0028300666772793693,-7.93977547456229E-4,0.0429954261083716,0.6308850786175579,-0.6515175353837241,-0.5448623019383481
-0.00813651632832932,-0.01790749496405781,-0.004091251172541332,-8.843620466927133E-4,0.01615771145626478,0.7596906873081056,-1.0454189755118775,-0.588699416278141
-0.020170157909465643,-0.006448337190590064,6.260355183473993E-4,0.0022288373739692315,-0.0493076393352484,0.48904625574527233,0.5523454863967917,-0.4324030690957901
-0.02077980900500847,-0.005363167370353628,5.712212632177691E-4,0.0016797189426861986,-0.10051030526088482,0.4922485209868401,0.4203213707617995,-0.44801522787755316
-0.02067814869748623,-0.006033472175740118,5.406477249808993E-4,0.0018952410517607966,-0.07949010310258404,0.4590592689788179,0.48178033605542614,-0.4128019084121683
-0.021460292006169928,-0.004544301534095858,4.434910665121329E-4,0.0012324841739404185,-0.15652838889980317,0.44727046030568735,0.3351169778425161,-0.415019899861392
-0.022637324248501654,-0.003737025918608711,2.1643798300271283E-4,7.126076032284659E-4,-0.24834245239197736,0.324505715168635,0.2667865114938613,-0.3060450339179055
-0.023841503239563636,-0.004345537630756969,5.154479976781415E-5,4.2208408478950705E-4,-0.309790318275097,0.15933726288536113,0.3166235665395027,-0.1461468057105821
-0.025,-0.004960866643325878,0,0,-0.3653203912038709,0.002041390848300489,0.3909870216049176,0.014578157906089894
-0.003417292555235115,-0.02244624684009333,-7.048811318758843E-4,-2.5707708331558884E-4,0.25536530265747065,0.3665604934349332,-0.23193233428638219,-0.3468699481253739
-0.004075423828457697,-0.021722490856279576,-0.0010416763881674264,-3.9800668125106507E-4,0.19792196529644412,0.4459859495001605,-0.27905034609439716,-0.4170588439514579
-0.005150751060872933,-0.020978544056352938,-0.0015511513720408972,-5.334485985823887E-4,0.1368944503387239,0.5047008112248448,-0.37084677848124764,-0.46329499680546654
-0.0047961185031075515,-0.021587681241780822,-0.0012516592245290397,-4.027361992613722E-4,0.17377025362523776,0.44004738597421583,-0.33153387088027647,-0.4077465930438441
-0.006137282186782646,-0.020321975390145897,-0.0020771053911223694,-6.22639923581375E-4,0.08890126746848376,0.5369442349361783,-0.48094252711669244,-0.48258903748970333
-0.005825141701670144,-0.02104744541016616,-0.0016926590530865814,-4.682225644175179E-4,0.12326135145687607,0.45962290265980377,-0.421381246624237,-0.41879737838698367
-0.006782934440232077,-0.02038918823538715,-0.002210678411264747,-5.261634330942072E-4,0.0780711134115214,0.4750896128503483,-0.5353520849756636,-0.42109802185545625
-0.004175990386005233,-0.023751242589978943,-4.3816986677481856E-4,-6.0680213328706495E-5,0.31821755782521993,0.18409600781202637,-0.29525997135802534,-0.1715743083070039
-0.0049608666433256406,-0.025,0,0,0.37413497599335427,0.01829946508631168,-0.3911807344067933,-0.0021126157019042894
-0.015457180190974947,-0.01122857442734662,-0.00158794576339125,0.00706608457043069,0.224468734694569,-1.1202735889038158,2.226642310778232,1.9105927736395498
-0.015458096973763283,-0.011294801097306413,-0.0016624494912176639,0.007021364398398649,0.2225054395219699,-1.1659516380950639,2.1798613483704865,1.9479478725539308
-0.015524046376589508,-0.011192382929318609,-0.001505197966242582,0.006987636700988428,0.21569605528754296,-1.0598308245698487,2.2092400502304472,1.8177231003977454
-0.015576888565027572,-0.011066938547091232,-0.001332574930087712,0.0069793550660297654,0.2108402242914933,-0.9435801178217743,2.253361479693574,1.6857768977101293
-0.015592788923126839,-0.011149761724344955,-0.0014172183672009565,0.006909889765984342,0.20737276176074929,-0.9958274958952643,2.1929792274219557,1.7220509801379011
-0.01573405940072195,-0.01066503060786952,-8.010867302305332E-4,0.0069102700878038645,0.19451680200447655,-0.5716785093798916,2.3431094358431603,1.2631092134704467
-0.01566096704542835,-0.010783937068848747,-9.655865030559707E-4,0.006980969872308332,0.20285624202806798,-0.6906421432634239,2.3457986184394315,1.4115435335401543
-0.01572021123406398,-0.010733957517891236,-8.855530545857337E-4,0.006908370289490438,0.19557473247251556,-0.6313322819860452,2.3241683782455533,1.3256054498675973
-0.015681191609988553,-0.010862808153677017,-0.0010489057461793069,0.006918208583695834,0.19960264791900487,-0.7457699435851532,2.292554467925164,1.4511269200780115
-0.015641617857266386,-0.011011505957956814,-0.001236337096753913,0.006910176576861846,0.20292931628983082,-0.874158367733327,2.241918846106738,1.5881089602082161
-0.01570610254539079,-0.010948805809470566,-0.001135451714201217,0.006843356062376353,0.1959778392555831,-0.8017641634952257,2.2319465565052856,1.4892025224164485
-0.015846202932719426,-0.010629965975631985,-7.274201274759044E-4,0.006751433675866973,0.18124298747172696,-0.5150487232254976,2.272378164659816,1.15532780702788
-0.01594507412975092,-0.010550514592090245,-6.143350019110993E-4,0.0066264745835311846,0.17255979678880815,-0.4301571229216869,2.227470669431371,1.0316413277127483
-0.01604319613836997,-0.010344811407626775,-3.758170806079329E-4,0.0065230277697909825,0.16115834221687123,-0.25971651950580443,2.211016504136279,0.8269282742276235
-0.01603270783134187,-0.010469359945924553,-5.088464241980977E-4,0.006517414744288949,0.16345139384669344,-0.3534917773336054,2.18825089615493,0.9223156444611271
-0.01617808104456313,-0.0102543458178629,-2.662904234607948E-4,0.006343382031067562,0.15091425735189948,-0.17820224836364398,2.131944751097338,0.6973102439681486
-0.01628352487113339,-0.010150149946391818,-1.560232494939968E-4,0.006206439624820445,0.14075207820685726,-0.09871925530008115,2.0748083588113997,0.5838126623332632
-0.016407106323090018,-0.01011703755426727,-1.1958299593998426E-4,0.006043969254119971,0.13217706598043635,-0.07194458483356088,1.996432622272684,0.5181645205439975
-0.016606271605809755,-0.009774595599988539,1.7950009532322815E-4,0.005781935890528152,0.11931315509299012,0.14192711723889573,1.8877752108084067,0.2507177573772937
-0.01650702999706626,-0.009978830467277978,6.8369607686064315E-6,0.0059165320477334036,0.1265996789317452,0.019046605270256468,1.9437117914620885,0.39963530349649257
-0.015328554815206225,-0.01150905282208456,-0.0019950363936393043,0.007056260617171544,0.23509884904425346,-1.3835137054426008,2.088444832522841,2.209564711821617
-0.015268725308498036,-0.011540314696592708,-0.00207831418043042,0.007118858503027799,0.24318583612058917,-1.4421966421094121,2.092289171150075,2.2989942958900627
-0.015388813119088253,-0.011384126724949933,-0.0018108662105874617,0.007062553788327979,0.2301406912844892,-1.2661698026807946,2.1543504834442007,2.0756054861945468
-0.015381034190950854,-0.011455344543933488,-0.0018954147272348205,0.007021048311827449,0.22886605247007205,-1.3168361545476641,2.104145184405649,2.1208213612273217
-0.015458357697848969,-0.011361581181361458,-0.0017363733680967706,0.00697545759449638,0.22092046147363173,-1.2104881379775954,2.1321191894542184,1.9840622476127339
-0.014781834517832541,-0.012028011664892887,-0.0031024623369635515,0.007316907744658444,0.29960015184703875,-2.0807345407943814,1.7680589396495083,3.161845121539121
-0.01474922592691242,-0.012069302526666102,-0.0031844234738489896,0.007309946324152397,0.3021681146527185,-2.1255743519338206,1.7246226958873991,3.219080061354973
-0.014771962823945502,-0.01205316487794467,-0.0031397781629410927,0.007299103748920373,0.298899551762644,-2.0987850506758976,1.740602683639737,3.1796558666406542
-0.014745878280323102,-0.012100359287426476,-0.0032188876767543528,0.007274774845469755,0.2995091734178461,-2.1387033703694676,1.68905772003745,3.2246345835193044
-0.014843187599397976,-0.0119791938325496,-0.0029784619930671003,0.007290792863040949,0.29168983658926634,-2.006040496947238,1.8127115088369479,3.0547104500494124
-0.014822426057996104,-0.011998099204748824,-0.003022564064958554,0.007297097965000611,0.2941882045383864,-2.0322843059479743,1.7953602187796993,3.091129713487519
-0.014815945119458234,-0.0120250252099846,-0.0030573988937489106,0.00727331142811657,0.2928306727663203,-2.048231490926789,1.7662741563654516,3.103879543002252
-0.01473298913207137,-0.012132238816915077,-0.0032659113909878057,0.007250945858410559,0.2989239926716745,-2.160378950687345,1.6532111332050137,3.245788347696172
-0.014720032774289911,-0.012160834359902839,-0.0033095967992201286,0.007230833719843747,0.2984239512080151,-2.180607355865772,1.6207363074901007,3.266447038539216
-0.01470620478950934,-0.01218847376551925,-0.0033532860428473203,0.007212536504377839,0.29831038207657246,-2.2008759903579294,1.5890654972049194,3.288003517146031
-0.014692601692925565,-0.01221570463335695,-0.00339606482015643,0.007193915814517894,0.2979996389461557,-2.220355709339081,1.5574876338209698,3.30858227126742
-0.014624520901844124,-0.012280595266845582,-0.003546385083583742,0.007192214505289116,0.30424931565395935,-2.2990424000258094,1.4784405994973768,3.417266435314357
-0.014647040477553643,-0.012272095147764998,-0.0035077791756453584,0.00717551989761804,0.30078342384974904,-2.27563089626365,1.4901622333575022,3.3791862042170053
-0.014595765085641164,-0.01230982757400764,-0.0036118878346635976,0.007187224065213262,0.30646470607548926,-2.3318905884388204,1.4408966402502672,3.4619277113303393
-0.01461757170261439,-0.012300927941006396,-0.0035735590258255618,0.00717249858269763,0.3030871655204856,-2.309190712785931,1.4538386139612998,3.4252663870057427
-0.014580743845252478,-0.012357586081798348,-0.0036730960809054046,0.007137621596297654,0.3035530833828916,-2.352937592946214,1.3823079232864952,3.476314540017177
-0.0145923108395564,-0.012333198398713514,-0.003636446628501836,0.007158289049845627,0.30420042461931995,-2.3385890441917034,1.4127580551824417,3.4623073408016265
-0.014679893995944132,-0.012242216189940931,-0.003436768384058411,0.007174539582767612,0.29751505702223585,-2.2382844794311314,1.5264800702714654,3.327023119048445
-0.014668331855743335,-0.012262467153761166,-0.003470202261015587,0.007161750077313099,0.29761279706358973,-2.253423358097663,1.5025117241365766,3.343880509052485
-0.01526440026272204,-0.011594642858607571,-0.0021412568196451797,0.0070791552948667805,0.24170182077561383,-1.4775656664158288,2.048123576123143,2.3278582919020194
-0.015245675908320428,-0.01165356550614119,-0.002220629194432173,0.007054772013070928,0.24202833518018038,-1.5239296641575795,2.0059279529790293,2.375298006929358
-0.015208436952096295,-0.011700163501672923,-0.0023034560614728634,0.007066082677121159,0.2455805696881381,-1.576071378572302,1.9804080691319508,2.4415098746977058
-0.015161498796027115,-0.01173633262138453,-0.0023854069602012467,0.0070993907757751365,0.2515123462501219,-1.6300968297832783,1.9658468499779402,2.5175227526078205
-0.015120661781902979,-0.011757296624711498,-0.0024469828961891558,0.007137561020308826,0.25652432891955773,-1.6721230187017564,1.9616171086993126,2.5814753309469416
-0.015090376510912402,-0.01178973887985809,-0.002511082996376851,0.00714869112668569,0.260067302795844,-1.711968334060561,1.9414819493624687,2.6340094352258574
-0.0150430017613945,-0.011793228252972812,-0.002562995378914302,0.007213134348915929,0.26807875092956746,-1.7512304623602624,1.9544786839062034,2.704321115557817
-0.014964936999204334,-0.011823785879273865,-0.0026778993124847,0.007293845922025438,0.280567797281325,-1.8308461260176792,1.9489968867736593,2.8315422819548317
-0.015007553819832787,-0.011810875714621664,-0.002618644480334302,0.007245923810724197,0.27372190244059696,-1.7889212527451017,1.9485329997249343,2.762313212803057
-0.014956307421183219,-0.011862140290770451,-0.0027279443662989733,0.00726449639126435,0.2791454766855726,-1.8564323316943063,1.911608103745408,2.8536922059542422
-0.014934049699733824,-0.011892522670557584,-0.002784317265401861,0.00726264248536891,0.2814679951654193,-1.8893549021024902,1.8857724083225942,2.894768762471934
-0.01493118923684647,-0.011929535407041362,-0.002825638704413229,0.007225038703662634,0.2787411085061009,-1.9080265838243682,1.847340961574915,2.9057133556023036
-0.014873774447239758,-0.01198748928729384,-0.00295050206004588,0.007238270593210831,0.2849335050303847,-1.9819186075299178,1.797696460512595,3.005383954120739
-0.014908306576872525,-0.01196951629280914,-0.00289218639526978,0.007211305289478,0.2801946985791404,-1.9443832097430904,1.8100768775524512,2.9477167373365605
-0.014547229314463379,-0.012393086782578715,-0.0037502599980587317,0.007126778939883839,0.3056425460507853,-2.389392531355003,1.3344383055900033,3.525343129510147
-0.01457711744223886,-0.012387813391754543,-0.0037026989306669367,0.007098556852497036,0.3006106407213938,-2.359692437831056,1.3461372217859056,3.474006382555688
-0.014544043725798787,-0.012419900323438822,-0.0037760206601842026,0.00709133391070355,0.30284677855920417,-2.394579540605209,1.302085625883114,3.522150539363102
-0.014405299632139996,-0.012590607116678951,-0.004109749173717572,0.006988972374692026,0.30607363242102686,-2.5295118418583176,1.0593506763355933,3.694048645351831
-0.014410780992906335,-0.012572576493430559,-0.004089105885815655,0.007011292583741754,0.3077610339937383,-2.52541003510234,1.0826657410878822,3.693820123813975
-0.014430685088205861,-0.012549795677843839,-0.0040425400077718264,0.007024983368063857,0.30718446684341494,-2.5071829887642845,1.1168309398281744,3.6698638550229954
-0.014426477323965464,-0.012565205594889578,-0.004059642188322375,0.007005678671635834,0.3056403269813322,-2.51053534229768,1.0971939025511637,3.6696402199765155
-0.014417329933671261,-0.01260527124705883,-0.004100554528821316,0.0069531716400332896,0.3019214799380758,-2.5166631640972272,1.0469715425419628,3.664798413076176
-0.014536096319879553,-0.012443108261746013,-0.003805570154096456,0.007066563825547048,0.30121786247033994,-2.4037103077383315,1.2730639105523254,3.5280661261861144
-0.014525451682825801,-0.012459526395268303,-0.003833707546602407,0.007054692888938709,0.301354991255363,-2.414812422948519,1.2512819398278532,3.5407740075648197
-0.014522344991951448,-0.012476540155318579,-0.0038510040521518283,0.007033043029245582,0.29955976373763055,-2.418422361818386,1.2305952263748672,3.5397622063138825
-0.014480828083928933,-0.012502282887417192,-0.0039320821508247355,0.0070417518107651475,0.304085353609143,-2.4591477852615093,1.189086744994466,3.60246313175109
-0.014468176613213498,-0.012514269755640442,-0.003959919608079451,0.0070378273936168,0.30502940154896413,-2.471451292015402,1.171134656234983,3.6196819213011286
-0.014462727883163282,-0.012529157312353932,-0.003978819033035516,0.007021210439200918,0.30373269509117856,-2.4765299406047987,1.1519170622760486,3.6225948195418938
-0.014447296734592677,-0.01254263111348231,-0.00401191457472435,0.007017701041591345,0.304952972577286,-2.491206084511419,1.1309598978631341,3.6436619293114387
-0.014513531266853542,-0.01249386272092744,-0.003876827189489569,0.007017324373155716,0.2990461731897387,-2.42732273904528,1.2081105169978574,3.5483339727802643
-0.014502413238719192,-0.012510428927885321,-0.0039054207258113886,0.007005114269866477,0.29887717550050535,-2.4382117795142944,1.1857648525613713,3.560944391814901
-0.014244603193344361,-0.012722262874431225,-0.004451184288729557,0.006940420258280571,0.31644635189333753,-2.666555641954961,0.8269743479829686,3.898711744757081
-0.014253104105911312,-0.012709353558215035,-0.004429668166537799,0.006953682752152405,0.3169201040540111,-2.661039046740814,0.8469736678136703,3.89284388157651
-0.01426178766702732,-0.01269634475628898,-0.004407700984350013,0.006966778986654471,0.3173749903047684,-2.6551967304725697,0.8671348549597014,3.8864947166738344
-0.014252507419659464,-0.012736578476050099,-0.004445879718312288,0.006908764612434515,0.31261496589665655,-2.6558385012051566,0.8149338725447176,3.8737241193431946
-0.014245267175291404,-0.012749944273118171,-0.004465253049033109,0.006893386431881616,0.3118034697703403,-2.6597630113956168,0.7952803552523368,3.8766244334840576
-0.014237622390841398,-0.012763836051193455,-0.004485468883752213,0.0068773835393701405,0.3109657682558224,-2.6637762165495644,0.774782355164901,3.879620657830571
-0.014278543107847595,-0.012698373303510332,-0.004381047039476324,0.006946691777438612,0.3138156325077482,-2.638515417678951,0.8739793234767584,3.8545661545190346
-0.014287458687118636,-0.012685224659577832,-0.004358639773649354,0.006959477304340257,0.314230788645407,-2.6322636317142774,0.8941359162269414,3.847620017501032
-0.014302650928078938,-0.012686212175680594,-0.004334246893362983,0.006942552523916746,0.3112359315325178,-2.617360605929053,0.9009333120359091,3.81956500288617
-0.014316090545073431,-0.012676135230894753,-0.004306310528822748,0.006945430437561892,0.3102215620999105,-2.6060231626132304,0.9195367097787753,3.802196520209335
-0.014336333447805888,-0.012674475874393602,-0.00427248435477437,0.0069275726534969535,0.30674643236714627,-2.5867712088826544,0.9314299592489067,3.7672653613826586
-0.014352057534501413,-0.012672727665231063,-0.004246128613838307,0.006914401962682547,0.304037898281538,-2.5719462357353016,0.9408859436391677,3.740597932432466
-0.014385207971192814,-0.012635295225245098,-0.004170268721182716,0.006939857441236027,0.3034046536174615,-2.5448049519592923,0.9990167045769606,3.7046715097550753
-0.014363117192401752,-0.012660426251967036,-0.004220971996883319,0.006922783181081834,0.30378123559140896,-2.5630093346851788,0.9601938226661774,3.7286608611346916
-0.014380577084009553,-0.012651402932081442,-0.004187656821567261,0.006919160674770856,0.30183012256549374,-2.547412987525778,0.9784083357130722,3.703426708596017
-0.01440957208211986,-0.012626212389541406,-0.004126176435271667,0.0069286505415066596,0.3001918482171173,-2.522336807027909,1.0196694788996286,3.667052025321234
-0.01226862362404873,-0.014487378469459468,-0.007385001921116441,0.003733512730807607,0.22387823410699179,-1.7008441969989452,-2.4518325238498764,2.916462915899915
-0.01228279797374028,-0.014480381181054347,-0.007372896137964292,0.0037565377229558648,0.22398637867760082,-1.7163146344888072,-2.437452038523983,2.932086484949279
-0.012296952479409618,-0.014473207114210379,-0.007360884222606667,0.003779722545406466,0.22424288148353314,-1.731776978027103,-2.4230705161884267,2.947814913473757
-0.012311837995365548,-0.014433441674724524,-0.007388932989898342,0.0038530148517109553,0.23335270753079043,-1.7722035855638623,-2.4264206459364317,3.01608698971309
-0.012311314768516638,-0.014449469163332786,-0.007369117699336426,0.0038279063331257347,0.22487918878665,-1.7577010512170823,-2.4205622554394144,2.9878927755770692
-0.012310977900085328,-0.014465860820024207,-0.007349120452326483,0.003802969961195318,0.22449297475736632,-1.7471542047735331,-2.4088279654018216,2.9636107971452046
-0.012325754459026414,-0.014426157046052341,-0.007376799522915795,0.0038761945042792637,0.23281686833100979,-1.7875346161898555,-2.4117717399581013,3.0317681406688295
-0.012325251399202158,-0.014442168393024606,-0.007357114152157476,0.003851036309855033,0.22520632740042176,-1.7730165757151084,-2.406055627754174,3.0035739911330155
-0.012339647963432628,-0.014418828737030384,-0.00736459173080949,0.0038993388685533135,0.2325991227891637,-1.8028030464995333,-2.3970192290460384,3.0473433434640653
-0.0123391770562241,-0.01443484217113794,-0.0073449988323562925,0.003874111590982422,0.22552532176165094,-1.7882231106391988,-2.3914365175213574,3.0191300056127495
-0.0123535183743367,-0.014411456818519202,-0.0073523101587728455,0.003922446900644317,0.23234587572757526,-1.817997602365506,-2.382150865298867,3.062819435125395
-0.012353101685893821,-0.014427475985313513,-0.00733277412329406,0.003897160990799116,0.22580301297464503,-1.8033392474015433,-2.376703546012328,3.034584435644708
-0.012254098851003157,-0.01452821926183593,-0.007353451738033171,0.003660397905960186,0.21763008169601514,-1.6627058393604572,-2.4436407698415508,2.8491656993612087
-0.012268001367789274,-0.014504006186075611,-0.007364441025432271,0.003708340737663436,0.22067739215240725,-1.6891616900050683,-2.4417530257535387,2.890577834760411
-0.012267396760969116,-0.01452051299772452,-0.007344005101192344,0.0036835353747323592,0.21791917145389425,-1.6778558070014864,-2.4314159810575067,2.8654916562982087
-0.014099760647311358,-0.012862160483752987,-0.004770176473175874,0.006832822840596778,0.32249718224368573,-2.7633867896945863,0.571580607205431,4.039739144637484
-0.01410873220903958,-0.012849266508138673,-0.004748671726025596,0.006847785786642545,0.32419107937420644,-2.759500298295079,0.5929630638508361,4.035888453873249
-0.01411572556340489,-0.012863773350862391,-0.004742669589942788,0.006815963962813081,0.3148097979960563,-2.7491430502438585,0.5777151475096106,4.0115539815198815
-0.01411766323049986,-0.012836344393790975,-0.0047271410221233255,0.0068626666272006386,0.32466729619803236,-2.7555384891789863,0.6142489813995543,4.031908946928176
-0.014124673523401151,-0.012850793025804707,-0.004721268298062742,0.006830919523169701,0.3153411956317002,-2.74529861943719,0.5989584282887921,4.007663769435156
-0.014144212153727343,-0.012797410521339082,-0.004662308198012576,0.0069068760010494055,0.32361943702267587,-2.74313613989791,0.677754457119283,4.018830671658301
-0.01416016470595576,-0.0127988354651711,-0.00463512583965637,0.006889575882090731,0.3186782341946739,-2.7283846036478177,0.6833757381547317,3.990406045655393
-0.01413540329229132,-0.01281041626989777,-0.004683973239177919,0.006892202104648194,0.32354433622743684,-2.74740223848096,0.6565978510690387,4.023379706882551
-0.01415131942376994,-0.012811853278054517,-0.004656779067161553,0.006875065618292861,0.3179993533708789,-2.7328267868152882,0.6623504469260747,3.994984543061807
-0.014126553621484204,-0.012823394270911457,-0.004705581314057775,0.006877467603401687,0.3240412355019425,-2.751518621254602,0.6354429678128156,4.02774353982117
-0.014133572320272217,-0.012837812683641469,-0.004699845086490275,0.006845769816076622,0.3162104276326881,-2.7413006808242684,0.6201560388303379,4.0036320876435125
-0.014142452481396443,-0.01282483905039006,-0.004678353924301624,0.0068604767950238565,0.3171803654733573,-2.7371390008811165,0.6412838544467759,3.999403814629584
-0.014185416837828521,-0.012787494075510143,-0.004586179696491065,0.006886149288673717,0.3170865490455785,-2.7069941459334603,0.7150591266168201,3.9539363036222306
-0.014176474460273156,-0.012800583163080824,-0.0046080413208096456,0.006871926690868002,0.3164826525725672,-2.7117763631564795,0.6941037542674645,3.958990826577733
-0.014211511573948747,-0.012776141854831289,-0.004535935219214916,0.006881225716274597,0.3137377845617631,-2.6854894348244644,0.7445300721940918,3.916516347220334
-0.014202456047913125,-0.012789610547572675,-0.0045581780966651156,0.006866787691261904,0.31317619966781235,-2.690511532306479,0.7233609940689166,3.9217852057181695
-0.014229386371185829,-0.012777929796011944,-0.004506660770345311,0.006861458790095057,0.3101863764543378,-2.668115919558954,0.753684979046012,3.8832726661683132
-0.012022955302765884,-0.014672737734252836,-0.007476822818286648,0.0032367518061299336,0.21074488053991905,-1.3841735545407816,-2.6216604043090075,2.5352456952197877
-0.012039250966750318,-0.01466687701163854,-0.007463692866211197,0.0032611810296731465,0.21051531003896504,-1.4019215258691136,-2.6072993589632407,2.5522505056413105
-0.012125929510233086,-0.014610398519866669,-0.007425418308734429,0.0034238597548960728,0.21349017696491598,-1.5087269899101325,-2.5472557822038944,2.6752380650567846
-0.012055384162502958,-0.01465911311064248,-0.007453270345147286,0.0032878651978564643,0.21063879390126125,-1.4204260543011709,-2.594487937052644,2.571598288147563
-0.012126120234845342,-0.014629416756968898,-0.007399141885907027,0.003397973815820314,0.21028845128199378,-1.4978859727753688,-2.5325787333703613,2.6485361831150445
-0.012111094769322409,-0.01463606611151799,-0.007410479687307003,0.0033742826918433514,0.21029644944563844,-1.4814078528732357,-2.5457746758682744,2.6319702296198546
-0.012073508352521554,-0.0146477662041399,-0.0074449713623702595,0.0033212647619966476,0.2111947584732172,-1.4425363246500191,-2.581931182762269,2.5967605238221125
-0.0120945569707622,-0.014642588358447095,-0.007423861304915958,0.0033491854862575904,0.21044031152324252,-1.4636172269015228,-2.5607203140983583,2.6146880095669824
-0.012140541885447532,-0.01460354957698959,-0.007414594007827677,0.0034474892461091628,0.21353579713265,-1.5250196290047127,-2.5343672719505155,2.691872358741657
-0.012254845400343791,-0.014546573747498683,-0.007328561247863414,0.0036344390896735734,0.2144379214020641,-1.6514028275935255,-2.4302473470930015,2.822205986642255
-0.012240534631721795,-0.014554966565081423,-0.007338268226102443,0.0036094886260792246,0.2141126529685282,-1.6350959051913094,-2.4429785025044435,2.804508803532974
-0.012193284644877804,-0.014571091924400953,-0.007384429306444005,0.00354307033348599,0.21501212772571437,-1.5878208902249458,-2.492052659302965,2.7619999108305273
-0.012154983567758017,-0.01459615374684983,-0.007404579165420147,0.0034716399764745565,0.2136855852080588,-1.5414071874900914,-2.521935141312833,2.70907840350949
-0.012169074740790972,-0.014588040333053727,-0.007395846318940844,0.003496396332905652,0.21397902461500704,-1.5578605789523232,-2.5102984634342262,2.7270375038607724
-0.012182105602883138,-0.014579080614695775,-0.00738955994267483,0.0035212974391859524,0.21450314527506179,-1.573903001810644,-2.5004362989460467,2.7456504038565868
-0.01222572756950732,-0.0145627985971613,-0.0073492340558103655,0.003584828332484066,0.21392781235761496,-1.6186767465037286,-2.456554482195124,2.7873117996113295
-0.012209358541494525,-0.014570891366373299,-0.0073618905181630275,0.0035582793849588813,0.21379303883476847,-1.6007736439790254,-2.471752972730201,2.7689635770354113
-0.011075303376548298,-0.015174809227387651,-0.0076197383489936266,0.0015826907442197836,0.19030991196072142,-0.24233860840163493,-2.9268112276671183,1.2279905392086656
-0.011059840719670058,-0.015211229978478987,-0.007568130356794549,0.0015384122670111253,0.18503440988396155,-0.22619857500294474,-2.894710745909931,1.1878004074956723
-0.011040623155905071,-0.015253740337648461,-0.007508828920035794,0.0014863847811092837,0.17912640410435507,-0.2064392915325459,-2.8581254842400026,1.1408760317791338
-0.011018917472401616,-0.015299791034635949,-0.007445294438020275,0.0014304013171720987,0.17327023774843645,-0.18489517621688342,-2.819332252876251,1.0911430113239613
-0.011153762414521986,-0.015125740131189896,-0.007648764015978257,0.0017210593180541228,0.19383988045141262,-0.33241650946632,-2.93812677519341,1.3417466547857764
-0.011182296964508998,-0.015117964810143655,-0.007641071684561863,0.0017645266908818066,0.1937424365111343,-0.3655529314167653,-2.9300255497380965,1.375853519106033
-0.01123733396295056,-0.015102573785067254,-0.007625328408084677,0.0018484305522789679,0.1930123078990015,-0.42946475491342556,-2.913264802365856,1.4416061569074505
-0.01121167989912363,-0.015128721269886791,-0.007601110556985042,0.0017950636674680602,0.19016595527830113,-0.3989547894754791,-2.9007918882127863,1.396236757543482
-0.011114191226600983,-0.015173241850480398,-0.007596211419879699,0.0016353063224191203,0.18824146497398098,-0.28702703197749063,-2.908107200400576,1.2677765923956252
-0.011145765572829312,-0.015157910191215774,-0.007600103489058116,0.001687557690597531,0.1893967526417091,-0.32310224729245346,-2.9074641575606885,1.3099939019085347
-0.011634379290705418,-0.014879342194454468,-0.007626650930974193,0.0025542665686305727,0.20433112697401598,-0.9117865693219439,-2.8399250985304896,2.010579736490208
-0.011610847775804048,-0.014888748968095614,-0.007636436444975918,0.0025158671316576624,0.20437382014537245,-0.8837327100075923,-2.8519304574724846,1.981054603560761
-0.011583808908201938,-0.014924022040941027,-0.0076080514714385,0.0024466698273016107,0.2004098029333419,-0.844844350319634,-2.8404792656311364,1.9208083348107536
-0.011603519315654632,-0.014910642620318233,-0.007609191143407265,0.002484274769999226,0.20140683597883155,-0.8697053018292721,-2.8365237769198197,1.9513766175065477
-0.011727179770999671,-0.014857433799926918,-0.007560417868290692,0.0026878727551043866,0.20142189517161338,-1.0164054951684542,-2.7737677957415756,2.108030177935398
-0.01170965842052643,-0.014857492827466241,-0.007579653877905162,0.002667379580682145,0.20282735382689032,-0.9982710742396271,-2.7905931260872157,2.0946092128138347
-0.011695655006999236,-0.01486261073174958,-0.0075870430754612595,0.0026453156948012643,0.20277079841945564,-0.9819970096563784,-2.799017981880717,2.078021399882738
-0.01168213844783769,-0.014877927968227084,-0.00757783271710244,0.002612771325974677,0.20129949117694454,-0.9628632751861731,-2.7969247114974665,2.050234183575261
-0.011659391922550777,-0.014893965644113343,-0.00757710435838286,0.00256870217513469,0.20017476682998794,-0.9339802269779088,-2.802449769133444,2.0146137930371704
-0.011271577317686354,-0.015115030895372831,-0.0075779234856188,0.0018830615959995595,0.18893319045456736,-0.4673845040671251,-2.87819921920267,1.464073058118303
-0.011588429589107302,-0.014959327251246868,-0.007547427415560347,0.0024167244674518037,0.19433732723292702,-0.8404714405679268,-2.801328491815603,1.8879152375334605
-0.011465974109769485,-0.014997964170652002,-0.0076035136344216455,0.0022296297512759103,0.19598165205637116,-0.6994924056211075,-2.862789959835464,1.745330451400758
-0.011488460105097138,-0.014977158937115301,-0.007616157826215233,0.002277140839783019,0.1980417957247361,-0.7284035426143308,-2.8663698995259197,1.7853099314585081
-0.011552434216920694,-0.014970660031823605,-0.007565040125463609,0.002362072725802952,0.19485465710954222,-0.7992902921321469,-2.820512566799726,1.8465239470695478
-0.011519826349167381,-0.014977899571663482,-0.007585066044993934,0.0023152115812545833,0.19561402707082268,-0.7624680480662135,-2.840186917232607,1.8116731730749585
-0.011313261709736191,-0.015121124707198926,-0.007534840148516539,0.0019313178415903199,0.18546092507381853,-0.5130746304921772,-2.844839448439909,1.4977660870524734
-0.011351159706665297,-0.015100266483877278,-0.007537978785408667,0.001996071359588188,0.18672855802056706,-0.5570966338441465,-2.8410647796176267,1.5498682182596675
-0.011381652396738636,-0.015079311507657107,-0.007546436050033703,0.0020519087648617836,0.18826077287588025,-0.5933095887224232,-2.84152615323995,1.595511985851546
-0.011404795596148213,-0.015058254192721835,-0.007560684706045565,0.0020990028511167283,0.19024016066969968,-0.6218854192608313,-2.8465818917504317,1.6350566829922244
-0.011467099645130754,-0.015032175195047029,-0.00754727746440072,0.002199589962370126,0.19060293979398735,-0.694201387541109,-2.826785250501496,1.7138459807955375
-0.011436483599162873,-0.015048400890117837,-0.0075487388520226175,0.002147119637756143,0.1896484617581258,-0.6580006694577486,-2.833394047044887,1.6719738508011235
-0.011742945132557603,-0.014875873780525925,-0.007514719632843292,0.0026856975121769306,0.19731501779484115,-1.0258616876496092,-2.7411938950868877,2.098677685791888
-0.01176660589435457,-0.014865529758362589,-0.0075042224562843545,0.002724143633346923,0.19741039915872802,-1.05332742672451,-2.7279121545553164,2.1277985314520893
-0.011851651544695412,-0.014803277918339476,-0.007500135942846128,0.002890889458304102,0.20166387719468618,-1.1616419551981652,-2.69888417621246,2.2610676856300453
-0.011788348966872614,-0.014851225856562426,-0.007501431342393822,0.002764815660025763,0.19822086455191,-1.0803122860600458,-2.7197385490534,2.159987746152126
-0.011830984097443735,-0.014816963398647893,-0.007503953271826744,0.0028519243366771775,0.2008389280070037,-1.135841938448447,-2.7079278662092143,2.230422334106733
-0.01180939743910701,-0.01483618465030562,-0.007500098375678857,0.002805596875782731,0.1992801720882578,-1.1069488425523522,-2.712477033604534,2.1925558364352074
-0.011905923915254017,-0.01474238045603015,-0.0075248955679491645,0.003023959058889856,0.20771578110579592,-1.2407633510355656,-2.6950583133060415,2.3728755935159955
-0.011868130336721964,-0.014786208766571805,-0.007505935661537151,0.0029293278007969698,0.20318685323364025,-1.1848428514200358,-2.696887033602322,2.292998691371156
-0.0118997752220068,-0.014762453088191433,-0.007502836342718624,0.0029926320424218194,0.2048066720280867,-1.2257214046446692,-2.6841376967655033,2.3433960340944435
-0.01188954262013689,-0.014779474668770201,-0.007490167672611578,0.0029608433142765266,0.2027095367669845,-1.2083679366089928,-2.6801329192867,2.315474551752177
-0.011926240042694628,-0.014736628244879571,-0.007508174556502473,0.0030530960090214333,0.2071394269086819,-1.2628055504565623,-2.6777558414078317,2.39318673947616
-0.011965903399779885,-0.014713844356568894,-0.007491486619467848,0.003124091808517703,0.20809496535718472,-1.3110027054442914,-2.6529937489852524,2.4472758377970596
-0.011951181969577685,-0.01472860835474842,-0.00748868284827253,0.003089821285555831,0.20668119712300553,-1.2900930435565254,-2.6569805159496274,2.419045697895918
-0.012021988533146696,-0.014689319222849957,-0.007454529992581277,0.003214096960557372,0.20803517061527596,-1.374639669655438,-2.609242578448619,2.512403628615334
-0.011984686610949088,-0.014709762929405044,-0.0074734426503703455,0.0031490553222228335,0.20733709616116505,-1.3303498947090953,-2.635156621960476,2.463790828613734
-0.012008822196965408,-0.014703126072369139,-0.007451958997217511,0.003182661300802456,0.20670297323865466,-1.3556514870540268,-2.6131337122251064,2.486536204414722
-0.011871560558204867,-0.014809686796234605,-0.00746710286246644,0.002905149644816565,0.19911437271955093,-1.1780841915448166,-2.672488610192971,2.2666085981140105
-0.01034955629408878,-0.01571467498055814,-0.007017023328354,4.3119837919495304E-4,0.13485170968986818,0.4217169862993089,-2.558201019086065,0.2928589933159285
-0.010452135188601228,-0.015617294241613627,-0.007152777433265484,5.767097233861468E-4,0.14585282564327462,0.35393512550582823,-2.6443636794426904,0.40777094628852845
-0.010511555564264944,-0.015586442343843964,-0.007188173285919111,6.58838465471288E-4,0.14890359651309917,0.3033864174434587,-2.667869437631603,0.47246605184724927
-0.010438888870496866,-0.015696202444923528,-0.007029302476505684,5.429674246636374E-4,0.1362269723628119,0.342409524334345,-2.5696933322755844,0.3779385272587057
-0.010636020384856509,-0.01545869197546148,-0.007360736373498994,8.57537385926684E-4,0.1642266167608963,0.20804906013623023,-2.7768373480912607,0.6352586142828023
-0.010774091561541846,-0.015385024560286514,-0.007429529182153771,0.0010674945491603322,0.17045915892980057,0.07409396589667021,-2.8197407327139854,0.8037806389355281
-0.010686519575596073,-0.015437950366000161,-0.007376870847619551,9.310404601902874E-4,0.1656345516034727,0.15860153600515858,-2.787310262911241,0.6935905386467479
-0.010734371423908103,-0.015415717182869012,-0.00739501780962054,0.0010023635909222346,0.16724416533577743,0.11150455274256747,-2.7984693406378454,0.750451724809671
-0.010572606524525139,-0.015553981206809599,-0.0072238525966537475,7.449922614281005E-4,0.15180816034126232,0.25002528295632825,-2.6911928748896696,0.5407210937410146
-0.010630279587764043,-0.015528994962920836,-0.007246353727270048,8.260046922689895E-4,0.15401360848102577,0.19679677999140197,-2.705971782784856,0.6045928526542258
-0.010828651388101003,-0.015410535018668165,-0.007362258719539642,0.001126823866771023,0.16452275047680986,0.010452015890357819,-2.776213931103914,0.8458305374754477
-0.010937564141485022,-0.015358060523006556,-0.007394737994359138,0.0012929803986454977,0.16789183796473384,-0.10047386455634776,-2.792458981294256,0.978572508740898
-0.010981308785540227,-0.015335550390213611,-0.00740791149723902,0.0013614394737281584,0.16948848581122103,-0.14597280794895354,-2.798352211933483,1.0334572686088874
-0.010882588271946603,-0.015418627024676904,-0.007323247878728351,0.0011918279989803903,0.1610510925516463,-0.04787314107852126,-2.7500794815438407,0.8936742951957087
-0.010931575742916285,-0.015411681134863893,-0.007309945141846964,0.0012572271858509539,0.1602154481454794,-0.09896768206783983,-2.7396110383954446,0.9438419080599693
-0.01800457754785766,-0.00816914780947911,8.4035014590095E-4,0.004027207907382692,0.054275295417686595,0.5708637722912757,1.1019147514423195,-0.4107038919011744
-0.018259359235341305,-0.00804761925318533,8.089338889416973E-4,0.003798731816933674,0.04410408733698376,0.5509230676284788,1.0195603400182933,-0.4122888966541051
-0.016847697759474794,-0.009687924721848127,2.2722420233248097E-4,0.005486605453186448,0.10494471408817584,0.17186414838540845,1.7488263561175599,0.163070057459575
-0.01714473911063553,-0.009385103754633306,4.05957376831736E-4,0.005118488517078109,0.09108469686041124,0.2943285341929264,1.5806694320965708,-0.015685767696375277
-0.01708167569773757,-0.009584470312311896,2.773069121061689E-4,0.005214364740041101,0.0958583266421411,0.20739596114482958,1.6231096316597238,0.08395670301406105
-0.017346961513107412,-0.009231553636751447,4.687379344267346E-4,0.004884321144025257,0.08351703993086836,0.33445016261014077,1.4761818560855329,-0.08979137614225163
-0.017846022871192697,-0.008442746611489367,7.695602262023176E-4,0.004237058226841564,0.06271512169064196,0.5283706852353882,1.1901544472140033,-0.3504704954399638
-0.01760557643398277,-0.008684696108661738,7.191625775827432E-4,0.0045117901430785255,0.07134927977571594,0.497591079568866,1.3055766660049717,-0.2932278668041713
-0.017617153215184356,-0.009005809485611345,5.449358365650379E-4,0.004580592353172651,0.07255707956698863,0.38402545436660523,1.3444307756616645,-0.17603424269624848
-0.018434321021220872,-0.007632053724106788,8.958568961128623E-4,0.003544201087277013,0.03527784018307741,0.604873029797735,0.9161796955501486,-0.480652667125594
-0.01901413547600192,-0.007257492185353895,8.135627384307961E-4,0.003062932710234722,0.009981282448601818,0.5644375792428838,0.7654090134789285,-0.4701910696501999
-0.019544832895926546,-0.006858592004041204,7.376657459733618E-4,0.0026508925233952566,-0.016263096719017864,0.5335637898942139,0.6517800986936244,-0.45966030874237523
-0.020265894040229288,-0.0070868696608911595,5.129595706905055E-4,0.0023411723621645287,-0.03843198682350859,0.4113453488286362,0.6014640800460599,-0.3553194858306223
-0.00996576215914756,-0.015775597418094114,-0.006947515036717664,-3.606279489616624E-5,0.13021391336861254,0.7501459341863659,-2.4835224435184613,-0.058757543441210335
-0.010192311076246368,-0.015710000723947466,-0.007044616629641556,2.4030306812718004E-4,0.13728426067192226,0.5722877907781955,-2.5629607306520152,0.14904587212307938
-0.0100930899069563,-0.01576374392693416,-0.006965586211544597,1.1653928729939821E-4,0.13123945763510433,0.6413375435466464,-2.5080139562652004,0.05469261916909025
-0.010274914630004225,-0.01577178993134602,-0.00693813050138443,3.3323584991327553E-4,0.12897534556199877,0.47191310429490624,-2.507664417793769,0.21689436767216533
-0.010350099735782594,-0.015801236239346934,-0.006881750151262767,4.1768302175244595E-4,0.12478154616976027,0.3936837893319691,-2.4792012031389294,0.2781151774172573
-0.00990633475819652,-0.01588186371026209,-0.006780876966602719,-1.0121589561310809E-4,0.11715870532347628,0.7489383854078776,-2.3832055243402657,-0.10780576508100466
-0.009259535573110737,-0.016118521575026714,-0.006315837519618678,-7.461728390525867E-4,0.08458967374692156,1.0896292714062457,-2.043276704174431,-0.5578033208358436
-0.009369001746082888,-0.016062362359228498,-0.006425472615549407,-6.531809933088741E-4,0.09257317020324218,1.0527752602631557,-2.1160909770523157,-0.49607150886097723
-0.009497710341008419,-0.016076135598880575,-0.006438274472898644,-5.181667326852041E-4,0.09162134923336325,0.9587421188142186,-2.1440545809196383,-0.40459082028568844
-0.009613453013275562,-0.016057968913410218,-0.006486960440512851,-4.0122984598614736E-4,0.09733658073768131,0.8869665785303269,-2.187811017407325,-0.3227592972194734
-0.00912653508853294,-0.016462201509889557,-0.005831143660947617,-7.608312703793586E-4,0.05782692395379052,0.974448049959448,-1.8001922073626704,-0.5532774552104595
-0.009209965508147051,-0.016280226091159408,-0.0060858234066043515,-7.433419496155223E-4,0.07146776870017058,1.0258829187717204,-1.9278469539129273,-0.5491085501287502
-0.009825056968511717,-0.015992253911796258,-0.006610170285277749,-1.840207476753622E-4,0.10499593401848616,0.7616076238138447,-2.2805906862311804,-0.16871882776955485
-0.009729822040864308,-0.01610268170565935,-0.006440843650789583,-2.733991790080668E-4,0.09321240135029402,0.7810531700325826,-2.1799885112773545,-0.23200964223019552
-0.008299357448534222,-0.017588633114984955,-0.004405513545627126,-9.18203383363519E-4,0.01694717974907771,0.8171530041225116,-1.1573838951331232,-0.6123445534517559
-0.008434480146352353,-0.01727899264201802,-0.004726501772892511,-9.574856988134997E-4,0.02062749255480664,0.8875950602574606,-1.2769400789392389,-0.6428615683504036
-0.008735491539872067,-0.016754450121244324,-0.005360213172210735,-9.625356521866228E-4,0.036498376879425885,1.0066686194233785,-1.5448399221997458,-0.6670828225221285
-0.008587733231445554,-0.017018630390069,-0.005031616240720149,-9.624166489221425E-4,0.02702025552141044,0.9430708908172057,-1.4020549707488572,-0.6553860526557945
-0.008963231535328634,-0.01661731339387227,-0.0055943602763105366,-8.427372882378085E-4,0.04649235365059628,0.9782012533419886,-1.6746071632040618,-0.6006010278368447
-0.008932199973138667,-0.016788414560322245,-0.005391736132452929,-8.093862730961616E-4,0.03965379144062722,0.9115568876578081,-1.587967658648691,-0.5725618830055326
-0.007889637039817127,-0.018241568501557358,-0.0037612178162623575,-8.709947619274039E-4,0.01777218922484704,0.7201955723737125,-0.931338057974644,-0.5782203245716087
-0.008271318438892642,-0.018178050789667416,-0.0039244761559835695,-7.45758597097872E-4,0.018597347993590346,0.6592892813359909,-1.0103611861342117,-0.5075841719828749
-0.007708023301163512,-0.018754642951632025,-0.003358460202008863,-7.71323595984661E-4,0.02619935731896669,0.635431255362679,-0.8154107783057727,-0.5235712332914367
-0.0071339175666974034,-0.01980909643321849,-0.0025886468950525117,-6.146375759536038E-4,0.054904967247453085,0.523985824457294,-0.6166945427140232,-0.4552580193755515
-0.007437809347835338,-0.01928189065850061,-0.0029600270744178435,-6.922094639240837E-4,0.03829165734634706,0.5731041561179168,-0.7073390422445999,-0.48686783855880994
-0.008475891418399481,-0.017947835913898962,-0.004162574672662719,-7.24297204196424E-4,0.016936930314344862,0.6686429010507462,-1.0992676431949153,-0.49670702046577025
-0.020969009805681362,-0.006639961034751089,4.143032956430548E-4,0.0019066752389457124,-0.07632390077928737,0.3762365727442618,0.5124915954369751,-0.3331126852936972
-0.02090679919912313,-0.007327395381158982,3.5209410323285505E-4,0.002068523902900952,-0.05401349685331536,0.31749598229730414,0.5647140438983754,-0.27274130789927087
-0.021608926337953423,-0.005905004082069689,3.413476768590618E-4,0.0014807696333651705,-0.12553967036477878,0.36060761985272155,0.429833207640928,-0.327618284027216
-0.022707442795203484,-0.005114677497168549,1.790895355036793E-4,9.176382590663641E-4,-0.20858370631457582,0.2764967060009329,0.3573435140211724,-0.2548089566762027
-0.023882940617896323,-0.005700738964904149,4.056377619111778E-5,5.135239333687369E-4,-0.2510930475379945,0.1298919158993106,0.39952705300600716,-0.11092465451836615
-0.025,-0.0062948915206691575,0,0,-0.2825895991818349,0.0018514485194506913,0.4732536427307635,0.022812452122792825
-0.004792561601763996,-0.022532957324263598,-9.298952431502128E-4,-2.1457488997500378E-4,0.2232366803771652,0.3236089822875527,-0.32265442533213234,-0.3015614718799946
-0.005427029521735602,-0.021809183967361808,-0.0013082935367543982,-3.265978874225997E-4,0.16673814008423227,0.3864134080410857,-0.3716683194582249,-0.3562979549230762
-0.006461211663927242,-0.02107160951940525,-0.0018241282497648717,-4.095219425029662E-4,0.10818575285122334,0.41493998797026416,-0.4686949503156406,-0.37310784112098694
-0.006137839009494338,-0.02165673469043178,-0.0015070261347581854,-3.1780610377780293E-4,0.1393019531786636,0.3679422618126354,-0.4231226149559699,-0.3342110695302222
-0.007423371495404907,-0.020491354609301172,-0.0022976479106095495,-4.1554025961095697E-4,0.0662614209119501,0.3995352820333436,-0.5807326966272347,-0.34670926245928424
-0.0071180854732337435,-0.021119202169178015,-0.0019288400383616763,-3.3695514425897234E-4,0.09090542226738096,0.3574984818467492,-0.5128080485781639,-0.31619568453265684
-0.005535524785476628,-0.023785297910934745,-5.440400381299181E-4,-4.912475159278713E-5,0.26488075102793324,0.160776259310346,-0.3789752312958987,-0.14278294037472558
-0.006294891520668866,-0.025,0,0,0.2946955026187089,0.025824622200280076,-0.47326728747790486,-0.0015093829379924136
-0.015532367291014988,-0.011266540895902604,-0.001582784086152096,0.006929386662144154,0.21269615628612584,-1.1069475760005985,2.1551618518374913,1.8524548908102416
-0.015514942793393832,-0.011328663887391842,-0.0016619730641342476,0.0069147139735819905,0.21376784881148764,-1.1573678671103775,2.123459024756028,1.9049844951509187
-0.01560028045042229,-0.011235686481461008,-0.001507234778530176,0.006848799254687152,0.204563465768722,-1.0513816248092134,2.1349134455125482,1.7654015228029127
-0.015666528743368296,-0.011100550378669222,-0.0013226097305715676,0.006827783064887288,0.19904046487733904,-0.9274624613764292,2.175638224122753,1.6218180505639757
-0.01568213582576371,-0.011192648335683612,-0.0014137086036577274,0.006755156691491702,0.19531690679613625,-0.9834904868448165,2.1124990328910935,1.662389298052798
-0.015802342361400733,-0.010719434821458611,-8.409680030612982E-4,0.006789261257099013,0.18578215569284248,-0.5958932874289881,2.27022471282567,1.2523961019342271
-0.01575185002845348,-0.010797054000495979,-9.460653051395097E-4,0.006837502374421757,0.19192816965247772,-0.6709789471411024,2.2728760981084624,1.3461490115730188
-0.015777269495747683,-0.010884268096320737,-0.0010334262400449193,0.0067656459977421595,0.18753226404005952,-0.728500559198504,2.21514510853882,1.3869313574332345
-0.01573855344752047,-0.011040531689029973,-0.001221081434414935,0.006752661212446372,0.19133212426303112,-0.8544970503189314,2.1626578646993244,1.519865866068934
-0.01578601321293182,-0.01096776679496573,-0.0011205538635757986,0.006717307958042547,0.18638671760560652,-0.7852500432008122,2.169202332512069,1.4344052392437345
-0.015901850779846016,-0.010716065212399296,-8.051646161345776E-4,0.006643923130372998,0.17608606535325083,-0.5658513888261091,2.2001009323654452,1.1784977339430718
-0.01597485037587889,-0.010650018198740693,-7.133069160441924E-4,0.006558068679330435,0.1682042740523506,-0.4976171086837335,2.173434534014511,1.083321197330693
-0.016079986670709836,-0.010566300424631456,-5.997565143481446E-4,0.006430284828685697,0.15823580711008803,-0.4164320706342786,2.1279626335718826,0.9641030659324706
-0.01618318842158788,-0.010448503848388357,-4.6043504415670816E-4,0.006310803523985579,0.149590393870666,-0.3149229172420785,2.0887992215957123,0.8289328655468726
-0.016368945869143642,-0.010290234327288757,-2.832721050252404E-4,0.00608277010913342,0.1364829017492979,-0.18689901891368862,1.9978651400116827,0.6436266063430885
-0.016566160965621714,-0.010182652974869023,-1.717492559243683E-4,0.0058388370647373825,0.12212577272877044,-0.1062029543480975,1.8902328733864018,0.509042453294664
-0.016764097673213425,-0.009979871684805677,1.4071387130542946E-6,0.005601900330905939,0.11198612043340136,0.015454527863293042,1.791272600580305,0.33993352590878306
-0.015391581583212313,-0.011531557237885084,-0.0019693442721330796,0.006946905253586949,0.22479222916339622,-1.3569224857820912,2.039666166250933,2.1442448722374583
-0.015327193164911157,-0.011571257038597594,-0.0020632971033546442,0.0070077427247716715,0.23277251879521588,-1.4217800386908694,2.038562374904781,2.2389589650796413
-0.015458669324262745,-0.011425859845068767,-0.00180603310581391,0.006929524424336471,0.21895389690117287,-1.2515907209548514,2.0852911015575697,2.0167399346655768
-0.01545497172777868,-0.011495570020013406,-0.0018828872620316255,0.006883697976936158,0.21688433874222768,-1.2965426207533233,2.0356077297382416,2.054488527378893
-0.015449848778247769,-0.011551904157362533,-0.0019453097762342554,0.006848205273746004,0.21576924469064146,-1.332432966617641,1.9959594251298742,2.0854286744815
-0.015532603520007755,-0.011390945659977744,-0.001716950426468187,0.0068472761725487516,0.20982370795377725,-1.1878306706277992,2.070590146303474,1.918855268852823
-0.014802386281379207,-0.012054640931147538,-0.0031032624143418,0.007255500039528402,0.29283682621903706,-2.0711138610442017,1.7349838849712287,3.1279928324879656
-0.014782193592652967,-0.012086763556806965,-0.0031596392595004863,0.007242872421612618,0.29383062962081247,-2.1003950884011746,1.7011830455640973,3.162579395880207
-0.01477070160137689,-0.012125573265829812,-0.0032111108022455826,0.0072091606026763065,0.2922207122526834,-2.1230051829735843,1.6583200371644586,3.1815526400890715
-0.014853142696410075,-0.01201665064936579,-0.003004042266087831,0.00723212142278371,0.28666885715025153,-2.0113808898640833,1.7696123079880441,3.041624760962381
-0.014842246725996915,-0.012052076777045317,-0.003051873312915753,0.007204274596654647,0.2854755911999875,-2.0338390734759613,1.7324470831791976,3.06169976690514
-0.014756267524305755,-0.012157835576136677,-0.0032596645742572305,0.007186914295304479,0.2917239520713469,-2.14562806703475,1.6226681042526188,3.204612575354275
-0.01474131022628257,-0.012186445344947247,-0.003305243013683432,0.007169378508310492,0.29166431923885905,-2.1671524878470314,1.5907473080870258,3.2279948933211613
-0.014726885907890308,-0.012212524891259987,-0.003347633857077117,0.0071538588655598425,0.291720598145711,-2.187067233885451,1.5612694428869547,3.2500563342456448
-0.014712887446267997,-0.012239224595558429,-0.003389823041668486,0.007136429122008619,0.29163149936561167,-2.2062994180204054,1.5307106160991155,3.270774964608964
-0.014645436718625594,-0.012301182838373463,-0.003534924917628212,0.007137322586411808,0.2976568890137927,-2.282314439429395,1.4560217647977598,3.3763688471001485
-0.014668951194956044,-0.012282845993876199,-0.0034869562097752512,0.0071331354577392455,0.2949819258121805,-2.256720297189163,1.4789028653089078,3.339387263044535
-0.014600209067084794,-0.012376835852240876,-0.0036608585605133375,0.0070865110045801195,0.2973622930614073,-2.3362342736136394,1.362690627934126,3.4368538372052178
-0.01462242439299397,-0.012325910264132406,-0.003587798227302128,0.007131409309094638,0.2993446426923147,-2.3082970913999072,1.4250094769261297,3.4110425658976444
-0.01461080792862291,-0.012354321331500252,-0.003627607902209035,0.007105625900543253,0.29816516051816394,-2.323354530940081,1.390445394885475,3.4243800235579083
-0.014697420584006077,-0.01227014837633337,-0.003437421108947563,0.007114601710264271,0.29120247770210034,-2.227241269466454,1.4950163907287948,3.29267713820542
-0.015326362614115217,-0.011647416413313776,-0.0021440442340487985,0.006945082731294872,0.22923868954143156,-1.4655426913624454,1.9763539705430966,2.270955742478906
-0.015280302876297731,-0.011709576864700227,-0.002248106054712948,0.0069557393912541765,0.23365012875475807,-1.5303736103370371,1.9431409157033201,2.3514504815202035
-0.015229075197877608,-0.01176638125942514,-0.0023526931466813597,0.006975589125175555,0.23906706889585647,-1.5956218119635823,1.9134582628615515,2.4361853260485993
-0.015151468392640272,-0.011796165553606276,-0.002457154517095241,0.0070557885653275915,0.24927855183239814,-1.667900217492468,1.914357073338776,2.5496153409812528
-0.015110326601234389,-0.011828795244928284,-0.002531343429480941,0.007081135791787539,0.2544829871834218,-1.7154252027704857,1.8974034510734061,2.616202608416744
-0.01505451236620597,-0.011833890635188554,-0.002593661508735017,0.00715464258495311,0.26370501684317776,-1.761968799268431,1.9104520339501039,2.6979110374753312
-0.014998799577230923,-0.011856460400691634,-0.0026758677057505714,0.00720998582456962,0.2718459705236728,-1.81813085109364,1.9049347902514413,2.786649097393903
-0.014975700573676608,-0.011908205637779008,-0.002754235856884412,0.007186362360632838,0.27248669127151715,-1.8607837756834245,1.8585238386763554,2.832556116237087
-0.014961680467093178,-0.011958839955922604,-0.0028207600106143972,0.007149555032880453,0.2712393614355136,-1.8939483835995297,1.8096998229029244,2.8625380341541136
-0.014896967478811404,-0.012013490634051473,-0.0029489505601267654,0.007175725577316472,0.2785720321287429,-1.9712526513227069,1.7653786484183362,2.9706016761818677
-0.014948141165791178,-0.011999891590660765,-0.0028764511574469677,0.007121648477330808,0.2703015008940333,-1.9217742577368162,1.7698696139839456,2.8889300146350645
-0.01457260519272037,-0.012414933365011652,-0.0037305746012515103,0.0070647941766820875,0.29796873465268314,-2.366458683709108,1.3136020707851912,3.473549404505857
-0.014605614604310964,-0.01240499088119644,-0.0036754574117874835,0.007039972650758265,0.2930725804154228,-2.3338982205768097,1.3309519716860703,3.4194928729369245
-0.014564767641321473,-0.012442672995654639,-0.003763280897460288,0.007033772918230816,0.2960441440759285,-2.3759312097833427,1.2798435329244608,3.4780746854182207
-0.014431326920431633,-0.012586057115253263,-0.004066151025642551,0.006968055911128557,0.30179010790570354,-2.5045406357928996,1.0746003858619337,3.6502593953598463
-0.01444657892917559,-0.012563881197794384,-0.004027647870244255,0.006985789798514399,0.3022573548463776,-2.4910448345220986,1.105792877267473,3.6345714612986058
-0.014442339691494097,-0.012617874911511404,-0.004069926934259374,0.006907122805448368,0.29556214313695284,-2.491749491998292,1.0421072786161962,3.614614796055118
-0.014549078779503066,-0.01247102521312567,-0.0038074839571766027,0.007010514595446499,0.2953894054982484,-2.3924042527929434,1.2436373001623642,3.4952518857539343
-0.01453936790121,-0.01249617385297501,-0.0038401981533249083,0.0069846101278112195,0.29405517319035607,-2.40246015822837,1.2123349498483587,3.5025643225677405
-0.014487042850025498,-0.01252890549682571,-0.003941696306840621,0.006994505910452573,0.2994238697525016,-2.4529548909400596,1.1597717768651126,3.579846547346932
-0.014469944573754293,-0.012552156641702639,-0.003983838199179228,0.006978137475094935,0.2993797123414317,-2.4688606626191283,1.127499377504093,3.599107702320793
-0.014527610925331882,-0.012516025396604886,-0.0038718468114522678,0.00696848993277125,0.2935823166893404,-2.41399397464216,1.1864379668259615,3.5149580630142157
-0.014513987518408584,-0.012533121004508253,-0.003904185936466815,0.006958235656605603,0.29400407783510624,-2.426984139063042,1.1630369837913952,3.5312674311830117
-0.014260711663616601,-0.012723974067534272,-0.0044252144030646305,0.006921803243600983,0.31309458499340964,-2.6506544315311698,0.8342578039366412,3.86830442372938
-0.014269702071682643,-0.012711560503341636,-0.004403267529499602,0.006933609951670771,0.313381001657897,-2.6445266781579257,0.8537269360565606,3.861142314652455
-0.01426645381317427,-0.012737576129263267,-0.004423199312351836,0.006893593826642163,0.30986897657338125,-2.6423001604583014,0.8217929228729822,3.8481024426798465
-0.014261652584614325,-0.012750409002593728,-0.004438163711260427,0.0068769002674051935,0.30868391944152546,-2.644079768810259,0.8043412905938995,3.847168335628862
-0.014255250485853424,-0.012764850603605658,-0.004456527620442731,0.006858972985451469,0.3075635538485173,-2.6468637999025053,0.7841557634259324,3.8476775388775812
-0.014247692584207244,-0.012779281834769526,-0.004476673595474567,0.0068420328786581415,0.3066186062022643,-2.6505573184563187,0.7633137181640484,3.8499942836710406
-0.01428476878336848,-0.012712759660120056,-0.0043790156800249,0.0069167475888299215,0.31042073245392987,-2.629784243511167,0.8606171733053303,3.833261816098781
-0.014297644166964647,-0.012702223134451525,-0.004351797432339517,0.006921314107852642,0.3096054314009679,-2.6193793664824234,0.8797200895070639,3.817615083533883
-0.014316298215040163,-0.012697545931034237,-0.0043186005526161505,0.006910355889898085,0.3069381800929918,-2.602321579412253,0.8948149005197611,3.7877089068922873
-0.014333306742019871,-0.012692171004960118,-0.004287874585114749,0.006902045190561801,0.304554284574929,-2.5869429615864523,0.9095116597379297,3.761230365101667
-0.014350694607617,-0.012688192198789578,-0.004257538071209381,0.006890979043290593,0.3019800860294865,-2.570998938456869,0.9224637098238161,3.733303111579808
-0.014368156429317042,-0.012681976786341148,-0.004225943950479435,0.006883294960968347,0.29974555532456426,-2.5552894225135376,0.937762765839282,3.7067092740791456
-0.014402464637664036,-0.012651721326141266,-0.004153341702216409,0.006896063454695616,0.297782271360071,-2.526488684371411,0.9874793646863047,3.6651027829408567
-0.01438705774787373,-0.01267055509996009,-0.004189113536318175,0.006882210815780444,0.2979565250430582,-2.5388445106602293,0.9593886787681641,3.680770743798456
-0.01443367213148828,-0.012647062263521507,-0.004101798931388682,0.0068710860259421575,0.29302659589282287,-2.4974086687357233,1.0056333643701103,3.613982810730373
-0.012367365557503274,-0.014404041361879703,-0.007339951557935828,0.003945524563815562,0.23235275637489403,-1.8331034826732384,-2.367158979597511,3.07821636117683
-0.012367028449987036,-0.014420067652600678,-0.007320437391577796,0.003920189271715038,0.22606985537266558,-1.8183741637320894,-2.3618538183622486,3.0499380473846425
-0.012282274691854235,-0.014497316788076671,-0.007351944224946844,0.0037308863160393497,0.2207039018783272,-1.7043952545131755,-2.4272315344643225,2.9056684723752935
-0.012296739100085064,-0.01449028086128422,-0.007339448930956762,0.0037540223651706573,0.22076810347507922,-1.719889491423835,-2.412532690086396,2.921192608906775
-0.012310967908406393,-0.014482763029084474,-0.007327752795795609,0.003777584533381012,0.22094311897285476,-1.735427837618291,-2.398303722662348,2.9372275234670195
-0.012324896505059994,-0.014458497995076295,-0.007337374268038905,0.0038260690726541723,0.22464257895719017,-1.7623691958009384,-2.3945808809937805,2.9792571385408806
-0.012324815286423846,-0.014475145615279185,-0.007316586158829409,0.0038008885572190228,0.22117926717784017,-1.7506634658175948,-2.3844892396780657,2.9531606933858154
-0.012338809069294687,-0.014451183774137807,-0.007325414691223532,0.003849006972429072,0.22475159078738272,-1.7774506037543574,-2.3801480276403573,2.994685910985235
-0.012352768293299697,-0.0144438522496134,-0.007313244776413183,0.0038719253007348255,0.22488231078579304,-1.7924768770673671,-2.3655022808626196,3.0100091552604495
-0.01236677806694949,-0.014436464776122848,-0.0073009055976327375,0.0038948838476706962,0.22503664952677335,-1.8074728095265302,-2.3506657675342546,3.025283851740428
-0.01226807186804174,-0.014537242457266064,-0.007321451308223617,0.0036597319064008136,0.215004000474641,-1.667425342474299,-2.4193688565042404,2.8407805284149243
-0.012281333384835986,-0.014514403802057133,-0.007331410496971165,0.0037048263059584227,0.21787939613022475,-1.6923648178255615,-2.417121174985939,2.8795283427795546
-0.012279036820618868,-0.01452890332665022,-0.007316190488845698,0.003681558442492314,0.2155936294656883,-1.6810690764822138,-2.410605433361927,2.857014753883099
-0.012381189378714531,-0.014396582438974287,-0.007327511331472261,0.00396858030475697,0.2333698450347087,-1.848101694919526,-2.35205205710277,3.0935776487390974
-0.012380946517745989,-0.01441261198097669,-0.007308010617871548,0.003943193726073786,0.2261639778052755,-1.8333312248867373,-2.3468928671570537,3.0651950424596817
-0.012394989703775476,-0.014389080122167905,-0.0073149970988584945,0.003991600003263588,0.23479096252080547,-1.8629796924908562,-2.3368675840969946,3.1088921681106547
-0.012394824839694701,-0.01440509339091729,-0.007295558450166728,0.003966173477109119,0.22606830590552987,-1.8482106867599735,-2.3318475909514267,3.0803940513304338
-0.014090748636029148,-0.012875026190632998,-0.004791636119557425,0.006817791014383355,0.32095882905389117,-2.7671445835750372,0.5501527350170706,4.04350886228257
-0.014106705147857711,-0.012876724624616505,-0.004764075573273977,0.006800970350341626,0.3144495484608762,-2.7528515999592718,0.5564635093103966,4.015352074066159
-0.014081696266412034,-0.012887863498982957,-0.0048130408567248735,0.006802697154507604,0.3200373198687205,-2.7707382903897813,0.5287193999915248,4.047184354700165
-0.014097625115040811,-0.012889628705032132,-0.004785458787210692,0.006785956635476788,0.3139813921081274,-2.7564272782282284,0.5352185748283232,4.019037867370691
-0.014123009598246965,-0.012878636239889883,-0.004736527020114873,0.006784030642718736,0.313032442376259,-2.736568748477581,0.5684240556582915,3.9844505441433067
-0.014131987850198013,-0.01286555445884535,-0.004715224976279083,0.006799125194418846,0.3137358309250922,-2.7328604828250316,0.5895564962730676,3.980752141057731
-0.014140837265236154,-0.01285248321794273,-0.004694042303260905,0.006814162473689252,0.3143510579907633,-2.729083949324183,0.6105592314549707,3.977028331448509
-0.014167537259942879,-0.012813602296954484,-0.004629760774058137,0.006857663872492081,0.3159136241074825,-2.716391183756171,0.6731918338691957,3.963862198247909
-0.014158603572702816,-0.012826569915432831,-0.004651350314602049,0.0068433323518701725,0.31536706825106314,-2.7208353695736958,0.6523086711362263,3.9685390716012843
-0.014149691392891753,-0.012839503022762717,-0.004672786643999227,0.006828888857849648,0.3148651051391121,-2.7250868995017217,0.6314493060591001,3.9729743045315966
-0.014148449195241096,-0.012867420679344106,-0.004687513480592011,0.0067817115820660604,0.3098819736028489,-2.7173511902061236,0.5991258271208323,3.9503442370570157
-0.01419323561896861,-0.012802749559961654,-0.0045804345547599675,0.006852902912307627,0.3127032243149556,-2.6955923834777806,0.7024160508381733,3.9273802336690564
-0.014184090726340722,-0.012815693915444999,-0.004602371961991424,0.006839121119840227,0.3121981887309062,-2.7004724958569084,0.6816991625547844,3.9327633169499134
-0.014210406774146245,-0.012805347651682661,-0.0045525361466941,0.0068327611676165185,0.3091342705398681,-2.678767923347166,0.7107059075323575,3.894857055666044
-0.014220445046358695,-0.012792192334609778,-0.004529005015453064,0.006845752737222987,0.30946673671075003,-2.6728816189766706,0.7319381929012901,3.8877855120819116
-0.014239427162563982,-0.01279402654935625,-0.004498027069041673,0.006825088205549212,0.3057509947837293,-2.654647141760428,0.7416840992893565,3.853065119469649
-0.012037796619088907,-0.014686279792980922,-0.00743821784489796,0.003234218420371903,0.20738757097795388,-1.3903063902194965,-2.5933672161923202,2.5252090897538704
-0.012056309608140074,-0.014681166524470811,-0.007421131392542438,0.003259650104232393,0.20682094376263863,-1.4093006236812124,-2.575865167810323,2.542078971750683
-0.012140737443654586,-0.014622768378972457,-0.007388193266074621,0.0034211855718627063,0.21029771151507945,-1.5139290941631192,-2.519713986486852,2.664768495059661
-0.01207500553380672,-0.014673448922465443,-0.007407220478233345,0.0032885423280860485,0.20670591650204687,-1.4296918902747497,-2.5599946633406514,2.5623348583114964
-0.012140861645210463,-0.014641944567864346,-0.007362035223863777,0.003395116639993171,0.20710577232595037,-1.5028747055796625,-2.505308651893212,2.638022616056306
-0.01212707194792592,-0.014648533328622442,-0.007371791515240397,0.0033729286766969444,0.20702960762623743,-1.487682472752146,-2.517047966433878,2.6223847155315494
-0.012112341874609238,-0.014657152443332258,-0.007379884914102631,0.003347031947627964,0.20668093955267322,-1.4704923450532938,-2.528221066040557,2.6033960669559675
-0.012094493776889884,-0.01466542724203685,-0.007392415340087731,0.003318486179299422,0.20664519299036174,-1.4507960640821065,-2.5431612396748986,2.583217513194129
-0.012140776829783387,-0.014657570189036245,-0.007341036064577108,0.003373876206460778,0.2045583707350788,-1.4937468744978917,-2.4939037251585754,2.616388696742868
-0.01215546432412387,-0.014615708530203315,-0.0073774851760462995,0.0034449905630162974,0.21036825251207017,-1.53021393719471,-2.5068583354391802,2.681498160124885
-0.012270461880573388,-0.01455660087952588,-0.007293116906368794,0.003633845862356168,0.2116328159780214,-1.6566917959411092,-2.403430866617048,2.813153662962972
-0.012255791820258781,-0.014566557025917713,-0.007301360833692945,0.0036065555839927227,0.2110412554244657,-1.639340481000587,-2.415579933367303,2.793320781590172
-0.012240793184963607,-0.014574159980078423,-0.007312913213010253,0.003582280173935509,0.21091904384377338,-1.623157647061973,-2.4295344287970413,2.776658494758062
-0.012197342925406916,-0.014586787283185895,-0.0073578253191397104,0.003524684677621685,0.2120772839983404,-1.5814370195068124,-2.475688967681077,2.74103096011088
-0.012170006358601862,-0.01460755237835393,-0.007368332152469307,0.0034700665506645968,0.21064698008948132,-1.5469127588176137,-2.4948638929259594,2.699567626189759
-0.012184491485706167,-0.01459832794615717,-0.007360495737660623,0.0034965242477178874,0.2110924006627197,-1.5641374693349137,-2.483526893331867,2.71901773018004
-0.012226912850387975,-0.014582390142276887,-0.0073218843228526455,0.003558049192253694,0.21061615663935562,-1.6073274338719161,-2.441483258310651,2.759364737335496
-0.01221418018360773,-0.014593948290655351,-0.007324691376572503,0.0035301377390925047,0.209595634085912,-1.5902674025194807,-2.4494950482196827,2.7376509848415047
-0.011106170967859368,-0.01521203806704014,-0.007536475941762095,0.00159861694723618,0.18263248793702022,-0.2786126574339535,-2.870385237196461,1.2328003092528534
-0.011091050297388725,-0.015257774838982061,-0.0074703218558278715,0.0015491355993979437,0.17608621053067586,-0.26249033685661965,-2.8295185777418834,1.1871424831501207
-0.01104562414823337,-0.015366241868055045,-0.007320836982642382,0.0014251064923091405,0.1621070732415625,-0.21636427844221282,-2.739336564562372,1.076379885019078
-0.011073460146720199,-0.015304512897807149,-0.007404502748242332,0.001497215374523782,0.16986343639917825,-0.24416240498779543,-2.789527808278802,1.1402106581205589
-0.011182182390961222,-0.015157515665990898,-0.007574736277512971,0.0017354236850132905,0.18717449316020682,-0.36452444174779747,-2.8872044012014024,1.3457441544496738
-0.011246211329685134,-0.015142328347272199,-0.007552406293809741,0.0018294187262455355,0.18609926224884285,-0.4370370804793225,-2.8652471506315904,1.4183666096741765
-0.011220745268652594,-0.015163125820725942,-0.007537179217576612,0.0017811354636839618,0.18413523811691723,-0.40742456851417763,-2.8587195276104933,1.3781838199125906
-0.011155256402385419,-0.015200605243963326,-0.007522124450043529,0.0016700042934046995,0.18191056580753445,-0.3334454020493567,-2.856453303037687,1.288150682439556
-0.01163304696981396,-0.014911971975908083,-0.0075765233393136,0.0025184158164748734,0.19900234328911684,-0.900821288631337,-2.808795304194232,1.9740222742530906
-0.011612836226760926,-0.014936483729488408,-0.007558789578431229,0.0024690109848856073,0.19638344212732597,-0.8724459846244202,-2.8027694678431883,1.9316411625357113
-0.011620313107542314,-0.014964818593683954,-0.007506833247361748,0.0024491718361813013,0.19133301505019662,-0.8723170325592955,-2.7684363815490545,1.9079448945890145
-0.011712379071115928,-0.014882140264400618,-0.0075385600122881685,0.0026436012829068557,0.19847070487247526,-0.9927105707151427,-2.7644438418700905,2.068786781719423
-0.011686830771843551,-0.014907436480553163,-0.007527004214568614,0.002586667124648834,0.19616988340131705,-0.9581624310700939,-2.7642834128026688,2.0212714222644497
-0.011663474198876204,-0.014922209297639932,-0.007528773658536926,0.0025437470561467225,0.1952324158380189,-0.9294579288179999,-2.7714713497636163,1.9871148824311242
-0.011282359518170186,-0.015158504161963633,-0.007498137123947395,0.0018629244848421451,0.18149468660496917,-0.4756553097932979,-2.825867589418877,1.439094020710545
-0.011609202982826094,-0.014986642835807099,-0.007483966213566161,0.002414238988208873,0.18874739240583488,-0.854707732822215,-2.756926669496529,1.8765696143504755
-0.011580996912934844,-0.014994843499261211,-0.007498949222680372,0.0023727564515178827,0.18898816809112276,-0.8233671064435842,-2.772713659605079,1.8456369052530956
-0.011320609173802922,-0.015163257255271345,-0.007460591925415783,0.001907014834985348,0.17828368349332296,-0.5164764328280919,-2.7968351200604116,1.469955782467435
-0.011503896826569637,-0.015013317391863656,-0.00754348948363727,0.002262139024916732,0.19114145464996854,-0.7376546309313144,-2.817110606298233,1.763425753937604
-0.011545898159956137,-0.015005277232412321,-0.0075164955550312195,0.0023206784655108313,0.18979043406244075,-0.7839700512258095,-2.791411457151955,1.8064136460517182
-0.01149846856270655,-0.015051959289610325,-0.007487077420063178,0.002219789965174958,0.18542088727218406,-0.7234786732190218,-2.7829079197248143,1.7218717452118522
-0.01135278026438264,-0.015143133624742849,-0.007467288357918086,0.0019629491665610135,0.17979109640549495,-0.5533101767002632,-2.7962909156159856,1.515126704226221
-0.011388658066136882,-0.015121192191246824,-0.007472959794035505,0.002025258231572515,0.1810556537170752,-0.5946755024159321,-2.7941086391403878,1.5653480316590562
-0.011424038546683814,-0.015093529264512757,-0.007487161382550392,0.0020922208492186664,0.1833103986057918,-0.6367783768172801,-2.796966149389149,1.6203167514916397
-0.011469184709399763,-0.015073203663296557,-0.007479886829572325,0.002165133242908963,0.18376259502084966,-0.6882934104909143,-2.784105138144641,1.6773851060616172
-0.011739384612276586,-0.014903805511774807,-0.007476085756257031,0.0026510909284121285,0.1933410680509236,-1.0125117526039027,-2.7185890710967775,2.0647151796427425
-0.011791336825282543,-0.014883479596313236,-0.0074495870451296185,0.002731941607944427,0.19301795611676284,-1.0709691907983474,-2.687511415215767,2.124903977134576
-0.01176625614363249,-0.014897970020423812,-0.007455584351821239,0.0026878254070597557,0.1921505113243673,-1.0411086545118593,-2.6985214432370115,2.0907134970822887
-0.011859481897527526,-0.014828835780434008,-0.007453041661480476,0.002869467045084509,0.19699290645731068,-1.158418421024159,-2.668179351759752,2.2354773753207486
-0.01181481599463439,-0.014866419462543282,-0.007448686590928536,0.0027771656367597485,0.19397777255885865,-1.1002987508450903,-2.6798305203831028,2.160896196094573
-0.011838639068809899,-0.01485059783198353,-0.007445016335733645,0.0028214513101811407,0.19483933346899174,-1.1294948216697593,-2.670189679440542,2.1956264437847772
-0.011817408880594463,-0.014894207056505468,-0.007404534022855426,0.0027487621628924422,0.1894842432013713,-1.091926202647189,-2.6526735165425435,2.1308774299665005
-0.011922251799257265,-0.014760881410977165,-0.007477625732453607,0.0030188231739495517,0.2033966283011619,-1.2477436010068124,-2.6611798156639175,2.3597371640872122
-0.011890714905212879,-0.014801208498145505,-0.007456805307416742,0.0029360162416852994,0.19925753036360663,-1.199968332675974,-2.6598721075534275,2.289504035125209
-0.011913116917394929,-0.014786421485727326,-0.0074514940220979575,0.002977901090274015,0.20005123412419581,-1.227607569731772,-2.64891581632445,2.3220455728846905
-0.011945333528863206,-0.014754997661208472,-0.0074577153549994024,0.003050687833657201,0.20278278654322368,-1.2720237654613742,-2.6410292034740603,2.3815353311259924
-0.011977869000557306,-0.01473100082776549,-0.007451608067912314,0.003114949429574579,0.20428206670046253,-1.3135196775400362,-2.625190205532448,2.431969718039756
-0.01196711720214381,-0.014748861824578581,-0.007439472024531204,0.003081270120343105,0.20211229033219666,-1.2949908063972404,-2.622224191247677,2.402557667610126
-0.012034318944504182,-0.014705709426999159,-0.0074153854615071685,0.0032054279847202436,0.2043703171154264,-1.3769582285313111,-2.5818544408298254,2.4973161138667863
-0.012003901131314807,-0.014728529716158964,-0.007422158461642229,0.003145070798702501,0.20275387826420274,-1.3382523518926612,-2.5980042959301177,2.4502973908824504
-0.012024038720354948,-0.01472290735610722,-0.007404418208972301,0.0031728543498036276,0.20232973218048697,-1.35898451218977,-2.5797993112393818,2.468977252532877
-0.011887767402702396,-0.01482834923703528,-0.007420590753234173,0.002900652336629454,0.194935982092777,-1.1852155890032392,-2.6395835260692837,2.2545427925890995
-0.01056908152095924,-0.015616383672043568,-0.007123828563993349,7.22099324292327E-4,0.14314172812231357,0.2379104285917657,-2.6304319957410036,0.5182005738230063
-0.010422537006568207,-0.01577988472915835,-0.006901782041881139,5.06240477162838E-4,0.12582968665685737,0.3338542040873524,-2.494229423942121,0.34530935718841954
-0.01052154190532303,-0.0156706508092705,-0.007050300092284281,6.491331080602786E-4,0.13793254571442504,0.27023643456469704,-2.58513384383698,0.4593367291639954
-0.010495133652171973,-0.01574956031087906,-0.006933025870310234,5.982025676460592E-4,0.1285264222094387,0.27483605600357136,-2.5150280194765418,0.4160983807084719
-0.010687882467183132,-0.015504820564255093,-0.007265644072626404,9.076211475286328E-4,0.15576692354677424,0.14258398267106084,-2.7182404972243717,0.6687889534906714
-0.010789981424510932,-0.015448868636350017,-0.007316391565631234,0.0010600870644030848,0.16035025531119815,0.045732440536219325,-2.7486052294677035,0.7905041476392839
-0.010740729339970988,-0.015480364976693617,-0.007285307937258016,9.841790508791132E-4,0.1575088730025337,0.09218949894084584,-2.7301031853598956,0.7293914052377676
-0.010623256716411789,-0.015601044331893271,-0.007131928251106458,7.935943222954915E-4,0.14410782839801664,0.1875628215379963,-2.6360331935417456,0.5733538231967169
-0.010680642681982993,-0.015579003581296567,-0.007147970802057224,8.71797756431759E-4,0.1458112190937966,0.1346618752880028,-2.6461058429249165,0.6345770637301892
-0.010858277134893159,-0.015478750718503631,-0.007237052978416534,0.0011327165653234673,0.1534929078435933,-0.02987421437832077,-2.6975883292038847,0.8417769077807511
-0.010988015655138992,-0.015402973605672164,-0.007294070398555357,0.0013325183702098534,0.15915746552706353,-0.15764811899216444,-2.726518074886942,1.0016087106989906
-0.010922202549377657,-0.015468299073610714,-0.007223227089438777,0.0012168691061454082,0.152485680066856,-0.09439991032124256,-2.686426221431798,0.906278598458182
-0.010964715210921485,-0.015453341858048609,-0.007225531877293008,0.0012767965728940351,0.15348078502636373,-0.13661066464725943,-2.6856453488274568,0.9529061131924934
-0.018261312671056656,-0.008426620125139273,6.625506020728685E-4,0.003903705988538456,0.04761064465719573,0.4583273252031931,1.071518812790486,-0.31615008532945493
-0.018639055180318123,-0.008118856482579932,6.766752501700669E-4,0.0035500494798610706,0.03298531942789736,0.47248129578859716,0.9438930380769498,-0.35389731032200994
-0.017050336713482644,-0.009843481372871834,9.542038030488062E-5,0.005270926120796348,0.09762952707245907,0.08164781205737753,1.6433533134516125,0.2168012634047136
-0.01732836328556466,-0.009504848693088952,2.999914814708304E-4,0.004946517407087699,0.08456135390001557,0.22065326306241592,1.504792546079177,0.03087161264731195
-0.01725452675149261,-0.009724740191955258,1.6450950388194598E-4,0.005044970090983331,0.08839536432021296,0.1276412469704636,1.5454068061677937,0.13526728548306272
-0.017605099983915604,-0.009366724719165062,3.456585649885889E-4,0.004656851539205858,0.07341057785373338,0.24923331451783018,1.382438379563084,-0.03703635643146511
-0.01797837168088582,-0.00882580792195278,5.573805808939543E-4,0.00422505878578125,0.058622445589644905,0.3899836700176923,1.201106779205632,-0.22061431036342996
-0.017865899112527877,-0.009193773598129873,3.990049158492699E-4,0.0043921879127357035,0.06460918795579874,0.28370198907020316,1.2737503630047922,-0.10155254423425086
-0.019083219443509065,-0.007780815112335872,6.6105032839488E-4,0.0031706977753513167,0.013579984769422638,0.46799159212706337,0.8204745953520335,-0.37468937454240825
-0.019640229591428568,-0.007464064167954037,5.947319529610745E-4,0.002762379241958544,-0.00975063100416136,0.4414688294598836,0.7052648139609895,-0.36919252100435623
-0.020343913318413773,-0.007747668348550305,3.939797027860703E-4,0.0024354527341709955,-0.025906587507026426,0.32353293824245744,0.6450458534632483,-0.2677573573636829
-0.010040046707234655,-0.01587959147019603,-0.0067874669955079675,5.1703125076862803E-5,0.1177976830605595,0.6372053690857316,-2.401605240563209,0.0044606352014668485
-0.010178036744045695,-0.015847331893922217,-0.006830987091787628,2.120323372262912E-4,0.12094979134880791,0.530736165093543,-2.438390587000466,0.12348355301184544
-0.010302216033404248,-0.015870137416711592,-0.006783352746064809,3.5244250722720345E-4,0.11669767554792913,0.41426211684017583,-2.419816850395088,0.2262523159918988
-0.010401274714847511,-0.015869694138960586,-0.0067687785133901624,4.6492553869017177E-4,0.11553688648553738,0.32806130482731016,-2.4162323303869973,0.30991488139270423
-0.009965886583246158,-0.016000997877706282,-0.006605442085012362,-3.003414883011375E-5,0.10460103142629341,0.6471289313322232,-2.293920848242854,-0.05766710795328011
-0.009393895726809778,-0.016228645661995222,-0.006204607286739105,-5.851779550898117E-4,0.07766075752550962,0.9438054255020274,-2.0139211925221763,-0.44647044507968836
-0.009593899389951307,-0.01620551174975478,-0.006277840922620926,-3.9542898707030025E-4,0.08322003198944483,0.8266883702917259,-2.0789879862650054,-0.31701419809907266
-0.009208550397361685,-0.016638601814616596,-0.0056430799371443305,-6.429282608273311E-4,0.04938706229932288,0.8511840775430076,-1.7310822796968377,-0.47325308477369893
-0.009326256245219797,-0.01644068197055302,-0.0059135669732454,-5.9486777896959E-4,0.06280172726338983,0.8785351883007154,-1.8676824001310763,-0.44623787837822565
-0.00987640160642268,-0.016125038078448634,-0.0064229534357484385,-1.1953198818026886E-4,0.0924749389612597,0.664026614331224,-2.187194992503551,-0.12259012070954356
-0.009772600155590866,-0.016236489751829213,-0.006259645036344697,-2.1493683320275507E-4,0.08301786251133249,0.6912248065661717,-2.092147601407607,-0.18979292918685872
-0.00967674550657174,-0.01631139127500745,-0.0061477449182669236,-2.994031371189326E-4,0.0747234426394369,0.7258258049436137,-2.0254161286778216,-0.24860273149930798
-0.008619401192400263,-0.017628510677045867,-0.0044723816794521925,-7.456508265961823E-4,0.018888791561613393,0.7180405006101794,-1.2134045522911128,-0.5130487798878115
-0.008762681530686744,-0.01731763183049644,-0.0047983198447094045,-7.57609441292381E-4,0.022855550402679368,0.7718534837401921,-1.341391589023865,-0.526705526198154
-0.008900611835825193,-0.017011496261548936,-0.005143696619308107,-7.625273735862164E-4,0.031814610491150586,0.832558029873634,-1.486734126368597,-0.5369725235099486
-0.009096893984770597,-0.01682247532551081,-0.005402945770871287,-6.796953677804892E-4,0.039868310761202626,0.8259704476937973,-1.6143374499126935,-0.4910205596485486
-0.008599355335145796,-0.018324659320097005,-0.0038962977265492994,-5.774897377654606E-4,0.016887065468642253,0.5504719252455307,-1.0259953692560833,-0.4083858076843298
-0.008230556481743366,-0.01867539538935965,-0.0035527602034758038,-6.293317730455965E-4,0.02139530799382718,0.5578144420983201,-0.9014857442421127,-0.44039354695592164
-0.007981481875933482,-0.019300828707134163,-0.0030844567977214815,-5.551932595327334E-4,0.03133415373378481,0.491019583407009,-0.7670966709075168,-0.4039684936338945
-0.007716850171953375,-0.01989174764711749,-0.0026790573950025063,-4.864830978441752E-4,0.04646992499660149,0.441667108755448,-0.6647360139641855,-0.3743531434440361
-0.008028369178332264,-0.020554065837003612,-0.0023685066471586928,-3.1366427457950845E-4,0.05333009072845216,0.3241798938635951,-0.6185217807878121,-0.2721729499942585
-0.008794392314458676,-0.017986061625482747,-0.004211014294151906,-5.693819085118439E-4,0.01739056438341569,0.5742657461374119,-1.1408385205173805,-0.4037955429192314
-0.021168642885165224,-0.007968567102610569,2.371790868468872E-4,0.0020328517744950514,-0.04362072685362783,0.22759948861472415,0.5794311427632807,-0.18622391201422597
-0.02178653594612601,-0.0071939107589917934,2.2559761026752216E-4,0.0016210418992076083,-0.08866338902040818,0.25159325350702083,0.5009281021978325,-0.2178104609473774
-0.022813670321135963,-0.006455456852575918,1.294878461662581E-4,0.0010543445022539331,-0.15944127324320723,0.20922126861318766,0.4330232935991672,-0.18426504934181356
-0.023933759007237407,-0.007032227872495737,2.7379141605061356E-5,5.707660670181829E-4,-0.17909043858392612,0.09175863271702138,0.46502849394729123,-0.06723770171847271
-0.024999999999999998,-0.007606340525559075,0,0,-0.18412584773963236,0.001380649895565639,0.5340110207909962,0.030156668893154635
-0.006129554625557701,-0.02260799943068061,-0.0011048520422234133,-1.6531779702706477E-4,0.17979237716760835,0.2668629746647469,-0.40334733983386745,-0.24184588693821368
-0.006765987172150507,-0.0218951112211225,-0.0015093517944124414,-2.3828788166555895E-4,0.12686336491163466,0.30383437099169625,-0.4547848473026243,-0.2722826935812466
-0.007770362196864902,-0.0211865896585217,-0.0019980986822320007,-2.5661181823682667E-4,0.07414462006303742,0.2913416918544947,-0.5496853362960133,-0.24937146241539196
-0.007431858017162634,-0.021725084881966047,-0.0016838308693738926,-2.1565646301802184E-4,0.09904833657544279,0.2724562257261884,-0.49927199584729315,-0.23738522881895735
-0.00839337988967549,-0.021222054439732657,-0.0020538083378960612,-1.8060747172280521E-4,0.05507046128632289,0.2241856149503552,-0.5793780482999004,-0.18285657296529148
-0.006862497599285765,-0.023814912965701086,-6.21971629380799E-4,-3.541189789586508E-5,0.198094384270233,0.1289206637229825,-0.4468258929090784,-0.1056340420264338
-0.007606340525558759,-0.025,0,0,0.19907044248739267,0.0319196980359911,-0.5336361632417528,-5.809524329357144E-4
-0.01559404024126149,-0.011329637914578009,-0.0016115361076930418,0.006799673244906651,0.20364537390528487,-1.115971122083138,2.078264589834055,1.8232378000543723
-0.01566987085142977,-0.011279767478825618,-0.0015124952616310408,0.006722334855858712,0.19557826080904916,-1.0457209056884245,2.0677013716829142,1.7225880434795333
-0.015773302997005238,-0.011135130497251951,-0.001304174379302773,0.006655761944123549,0.1860541525464752,-0.905174549354916,2.0905195092300883,1.54727342404445
-0.015768464188729032,-0.011265505521817917,-0.001440690349176295,0.00659242900481858,0.1838373570147624,-0.9910159966437391,2.020715559551727,1.6244243822393525
-0.015874889738996915,-0.010820262833455788,-9.265093065378494E-4,0.006647740264090986,0.17734336559220967,-0.6493069476734038,2.1769370287244847,1.268522954975327
-0.01584965318694373,-0.010928980913572722,-0.001051814724472744,0.0066420136179564495,0.18074979679447786,-0.7343527958965664,2.1462592513934577,1.3581251334671012
-0.01585922774358115,-0.011037126372042285,-0.00116098425497464,0.0065815732157494655,0.1769243526140784,-0.8054899611015574,2.0888836944532367,1.417816361653594
-0.016021705212354995,-0.010775336454068177,-8.294351841126948E-4,0.006454581507776656,0.16386434695503097,-0.5749898161649184,2.0974379845155933,1.1370658712335404
-0.016098728323896423,-0.010664226970428766,-6.946460549739091E-4,0.006380163817130638,0.15611272378718297,-0.48052053107599785,2.085427511065276,1.0186908922734879
-0.016210753116896286,-0.01060533134391736,-6.088420873389251E-4,0.006242195597227703,0.1482525445015861,-0.4162314373402402,2.0303778781565067,0.9174886813860318
-0.01638459335729578,-0.010494564167156896,-4.7007165035155453E-4,0.006035092166216781,0.13468591362751223,-0.3157605683621946,1.9491729580631405,0.7653979297298957
-0.0165795662954195,-0.01038294661618641,-3.4337307385412297E-4,0.00580507696156946,0.12199362983797886,-0.22520402398023295,1.8543574146537465,0.6225262497746318
-0.016801190375796703,-0.01025212342368663,-2.1523277384680834E-4,0.005551235925039726,0.11037782702292485,-0.13321534074732475,1.7486905144332703,0.48077931714682753
-0.01705212073725728,-0.0101141599419018,-9.997064673702439E-5,0.005273025261422968,0.09717859251310494,-0.05453068361014684,1.631862762178459,0.35196231200281547
-0.015407886822179188,-0.01160621484531893,-0.0020341528237474873,0.0068644454964544785,0.21993597248974608,-1.3894401305156647,1.9734762977477973,2.156639747952578
-0.015476946920912176,-0.011595287820538711,-0.001968541257330534,0.006776892426947659,0.21145103003853466,-1.339925586669357,1.9510249150194483,2.0732986712224926
-0.015510600650467396,-0.011543656617142026,-0.0018908983527515645,0.006769425756844387,0.20810519697223848,-1.2909210227071173,1.9736048433708062,2.0143154997859765
-0.015534211341507006,-0.011467838496502486,-0.0017963296789267633,0.006791550841091687,0.20733615095263494,-1.2338589371788347,2.0158865087129043,1.954923525351523
-0.015610383286237399,-0.011430397080817542,-0.0017053844832817368,0.0067106569280448594,0.1988042915818847,-1.1692442990307732,2.0032693115596696,1.8578792692033665
-0.01482797039921574,-0.012086109015409663,-0.003102031708682402,0.007181947037439857,0.2850329387662922,-2.058175036425224,1.696840954016878,3.0863294709421294
-0.014811173710183704,-0.01212064374895102,-0.003155438425950305,0.007161551421931965,0.284939486002966,-2.0842946909737687,1.6604078664539443,3.114221753521115
-0.014795782881762634,-0.012155659962751204,-0.0032071799292552306,0.007137813690740104,0.28452112249002176,-2.1085086702366165,1.6228381024122596,3.1388382468776985
-0.01488572932736074,-0.012047640337755045,-0.0029953522728532102,0.007150676271464813,0.2776588230137866,-1.9935634200506815,1.7306201961161347,2.991289539406495
-0.014872961096757106,-0.01208335492479419,-0.003044644760748508,0.007125088765878452,0.27689255320978434,-2.017029553000272,1.6941058075753042,3.013619740714446
-0.014778126097499955,-0.012186880751940138,-0.0032580130227167687,0.007121021600583521,0.2847664128080237,-2.133074095549024,1.5890869660774698,3.1664318241428577
-0.014759297678597079,-0.012214249317229692,-0.003306747290663758,0.007109942662786163,0.2855264242976457,-2.1572122926011956,1.5590816560842813,3.1955085770044516
-0.014741637376428201,-0.01223437325242169,-0.00334754078531086,0.007106214203935124,0.2867906487426065,-2.1782630540779113,1.5366211766126723,3.222929968505281
-0.014738795881285741,-0.012260475358636905,-0.003373941192898744,0.0070754546508946985,0.2846304570785419,-2.186544962759726,1.5073203675412676,3.224576175280735
-0.014653967974787283,-0.012326961252860077,-0.00354472489491515,0.007091086034778128,0.2930635178381999,-2.278318178761549,1.4269525623198729,3.35640226622359
-0.014684417764350517,-0.012307969197481006,-0.0034871277863928836,0.007079612291536584,0.2895078351771411,-2.246354042945955,1.451296140342752,3.308269787400174
-0.014626761588683604,-0.012379467476224752,-0.0036253766439105534,0.007050870097740602,0.29202707154329605,-2.311101034502634,1.3634773432468874,3.390340197809817
-0.014642398074186087,-0.012352929599930545,-0.0035821252590468697,0.007069164525186452,0.2920903433692698,-2.293006668831825,1.3958746674781386,3.3702960068980645
-0.014637901851589908,-0.012404096168989562,-0.003629148691187246,0.007003020373332398,0.28724024543071963,-2.303272265195345,1.3370641349489947,3.3650641247185957
-0.014728644444412409,-0.012295893125524676,-0.003417483568581576,0.007041178328193558,0.2827035825035296,-2.2029083370419147,1.4674238089630292,3.2364252466471357
-0.015401073251866643,-0.011675635467747067,-0.0021098829643154218,0.006817148203153951,0.2176733856782988,-1.4310117356470664,1.9218958882656068,2.1916612213908127
-0.015358006012509334,-0.011721022312083862,-0.0021915129348959194,0.006837893985946146,0.22211401840299638,-1.4829754766680348,1.9028264672541184,2.2592259384015176
-0.015314260569157507,-0.011768912153237998,-0.0022773362169366015,0.0068556730638324,0.2258560361170272,-1.5366746812302594,1.8797703565134374,2.3285443848083935
-0.01521073884506143,-0.011830308114992116,-0.002434017157484388,0.006940452558356599,0.23837187493721287,-1.6399268958070177,1.8629267115082826,2.479203236227496
-0.015276773864623951,-0.01182290760053225,-0.0023644101717127126,0.006857425540485262,0.22860216653351761,-1.589028623283375,1.8468722607351467,2.392026223122251
-0.015154586880130006,-0.011850609559595144,-0.002509034302762055,0.006997776288386993,0.24591881761609824,-1.6914553028959605,1.8627736148449652,2.5601596629935197
-0.015100688856283288,-0.011873571596393356,-0.0025863762133384737,0.0070490370231225665,0.2529965483008891,-1.7438223764659389,1.8575626536468512,2.640917550042548
-0.015041361456162191,-0.011891929110240122,-0.002666758850424856,0.007112205547500201,0.2621399028335278,-1.7993190026909784,1.8569771891265783,2.7305749803225203
-0.015199850636572549,-0.011874803201476887,-0.0024881862131300564,0.006912092694315869,0.2372824175422042,-1.6683300352342254,1.8264087672301295,2.505325928994622
-0.01502219345725102,-0.011945605045919348,-0.0027408086517523547,0.0070809911820614,0.26139930394843386,-1.8379566358352368,1.808618844506622,2.769066085470533
-0.014999117600794627,-0.011993391042764916,-0.0028127333783287667,0.007059826095181738,0.2619377575963387,-1.8761661136333896,1.7659028095216216,2.810743355889801
-0.014930376506047926,-0.012041760578011266,-0.0029372600769497696,0.007097456688196175,0.2701587137960478,-1.9525397042913315,1.729485771318286,2.92073982573188
-0.01498220714050003,-0.012030570928738202,-0.0028672297399338106,0.007040857064688356,0.2621385163516294,-1.9043459757811994,1.7316140025862925,2.8407102775991326
-0.014598444191893765,-0.012437509222378781,-0.003710781351725811,0.007001996960969945,0.2904649073286087,-2.343440497319154,1.2924321385164157,3.4219995492527366
-0.014630547814545009,-0.012428980371439106,-0.003658694727237835,0.006976683199003864,0.2854848742982717,-2.3125557458571318,1.3077915795256574,3.370535916348699
-0.014467204448665852,-0.012641308170004632,-0.0040466760318687315,0.006845163143736924,0.28774664083222784,-2.4665346253651634,1.0250746024596695,3.5604444601559053
-0.014588338697137151,-0.0124695582956516,-0.003749355087551105,0.006967654099018253,0.2883659754483893,-2.355009201740397,1.2539596695622242,3.428759894840137
-0.014469828950853563,-0.012586648337875875,-0.004007345738463418,0.006925706605005798,0.2947682679565868,-2.4675821660088673,1.0877814046479857,3.582935104067775
-0.014477926087897644,-0.012618589826578725,-0.0040159403831624375,0.006868513732268827,0.28908025151194267,-2.45818972035946,1.0544111922945063,3.553843298818129
-0.014571860378477875,-0.012499138407814081,-0.003794798720568198,0.0069435778162136004,0.28754503929389785,-2.371722654362816,1.2168421944865024,3.4461864593015004
-0.014553126098449984,-0.012518315196937274,-0.003835843355220139,0.006936608223412464,0.2887893158654672,-2.3898458717868287,1.19051821625065,3.47065542041369
-0.01450617692213899,-0.012561710392868228,-0.003935629895942073,0.006924053338920976,0.29139798255127497,-2.4340423284093826,1.128025574124659,3.5323281407949527
-0.014543260249005253,-0.012544690026164828,-0.003868839114592096,0.006908762958499395,0.28703750840967457,-2.39934370479622,1.1581107918108076,3.476923405377306
-0.014279297102324541,-0.01272855767438114,-0.004396941313020261,0.006896042261775348,0.3088740522018769,-2.6319152828356174,0.8393936819484138,3.831802557519855
-0.014278590356178284,-0.012748827613970249,-0.00440924869660377,0.00686325739527294,0.30589808242536926,-2.628389602940475,0.8158338154725541,3.818522178853398
-0.014273083257420459,-0.012765284489654844,-0.004427167133769432,0.006841334224770279,0.3042616274452159,-2.629986845080435,0.7940616560743878,3.8161586845514783
-0.01426630955771892,-0.012780417556787148,-0.004446304031585337,0.0068226873041391965,0.3031307395237756,-2.632872818020424,0.7730985265476197,3.8167328606526154
-0.014258394401472141,-0.012794778732128661,-0.004466791323612582,0.00680625497407373,0.30222807230904847,-2.636819426657542,0.7523486696439986,3.819631063811856
-0.014298936202111374,-0.012723603128516024,-0.004361861754270883,0.006884987951359546,0.3061007830973191,-2.6141945173980585,0.8557837099228883,3.8006381106056097
-0.014315360696266002,-0.012717309765709551,-0.004331491658859235,0.006879124271917693,0.3040157005486847,-2.5997490923386164,0.8716323197250988,3.776084962244554
-0.014332556788183038,-0.012712280618213152,-0.004300745159369269,0.006870303450753126,0.30167255772107276,-2.5843550826510895,0.8861017932929268,3.749428835962839
-0.01434789329309224,-0.012704477997494827,-0.0042715636117217955,0.006867650698195099,0.29994062165758734,-2.5711367879205005,0.9025444560689925,3.727856462710439
-0.014366180633280401,-0.012703844224814204,-0.004241959004255405,0.006850462459140756,0.296825048595546,-2.55396719576107,0.9120145256466671,3.696604810636465
-0.014389841563283679,-0.012696182132132722,-0.004199993953333882,0.006838968490208879,0.2938010564886971,-2.5328843159354313,0.9316565415805506,3.660807957120756
-0.014418853283390948,-0.012680081273654649,-0.0041449890712042725,0.006834983527366225,0.29090104956499213,-2.507787123117567,0.96249213111817,3.620899203774548
-0.014462497553841039,-0.012671970163459695,-0.00407277697859226,0.006803190557633551,0.28467401986542257,-2.4681295106080188,0.989222808152615,3.552315237162724
-0.012408766398519247,-0.014381534484329045,-0.007302423458422868,0.00401455692722574,0.2349569730470479,-1.8777517553815046,-2.321638535591109,3.1240720833072153
-0.012408644056073776,-0.014397513441920126,-0.007283107676564061,0.003989114671018407,0.22612441264547475,-1.8630023722908022,-2.316734128037302,3.095556256907571
-0.01242251932881241,-0.01437394559883068,-0.00728979016996831,0.004037451646604005,0.2337354026031939,-1.8924480210812942,-2.3063481570548823,3.1390619800913293
-0.012422427253085866,-0.014389902798798126,-0.007270587828496793,0.004011991527130524,0.22658216527992978,-1.877686423271293,-2.301530077161813,3.110628558950451
-0.01238082943979533,-0.014429026529827948,-0.007288403220656441,0.003917865196777567,0.22522655761461885,-1.8224246430188693,-2.335647303751611,3.04049520926708
-0.012296467257064042,-0.014508221910336329,-0.007317001955769321,0.003727173241528029,0.2177381851165768,-1.7076826403391936,-2.4011755898832194,2.893912494766969
-0.012311394331103315,-0.014500439683965754,-0.007304765247576578,0.003751604015583328,0.21794404320951014,-1.7237904858357902,-2.386381240710835,2.9104638895176187
-0.012325354623886543,-0.014492217370777098,-0.007294340227763864,0.003775776986175459,0.2182658719313825,-1.73939691120853,-2.3729763050640558,2.927230367997064
-0.012338569258155933,-0.014467797614156848,-0.007305058781351899,0.0038236308295603884,0.22138013069515713,-1.7655561932956896,-2.3704756247562178,2.968515373887401
-0.012338465177857943,-0.014484244558868787,-0.007284701643063046,0.0037987933889688844,0.21861592866072366,-1.7541504409231228,-2.360383201841986,2.9432422352551075
-0.012352511860652197,-0.014460605203495755,-0.007292894383991226,0.0038462141115512606,0.22150903216984377,-1.7803722974111345,-2.3559580242221685,2.983532895806927
-0.012366578547559263,-0.014453254749071267,-0.0072805774215667545,0.003869054110996254,0.22168143589577927,-1.795278120473289,-2.341216886126371,2.998675188380157
-0.012380773170338295,-0.014445862739716625,-0.007267954899425075,0.003891971805098035,0.22183156492627062,-1.8101940532074339,-2.326169040883029,3.013760685427942
-0.01228339606841245,-0.01454449832576899,-0.007289908766829935,0.003662687626743501,0.21269441127618718,-1.6741108028005416,-2.394709041667813,2.835452063682648
-0.012294986020835036,-0.014527859050434373,-0.0072942097267178355,0.003697018832884533,0.21452559479161332,-1.6935376559172357,-2.3904212324494227,2.8639859586450096
-0.012394848878623849,-0.014421494327217356,-0.00727590189460954,0.003940876026932432,0.22549619798607887,-1.8373067587801584,-2.3205804567646244,3.0556834925414234
-0.0124087349790879,-0.01441384071143767,-0.007263590030250497,0.003963880277522117,0.2257943418567648,-1.8520731607126983,-2.3056237674874236,3.070867705338142
-0.014072603630183415,-0.012900672279216817,-0.004834396520364501,0.006787537179434258,0.3191173439053599,-2.774155216228474,0.5072907505033806,4.050731916249499
-0.014088506346874502,-0.01290248256473091,-0.004806783633146826,0.006770910588414986,0.31343512795811795,-2.759870594613492,0.513978803224092,4.022584491146845
-0.014063470817168192,-0.012913452405312716,-0.004855702770550845,0.006772311400627857,0.31823065130505684,-2.7773832077964404,0.4858809435523386,4.054140746140844
-0.014079351428886652,-0.01291528243694569,-0.004828044083339815,0.006755837127959922,0.3128957123985799,-2.763191352231242,0.49274514731393015,4.026004964189439
-0.014054297909219785,-0.012926203763119731,-0.004876952420460523,0.006757025043526581,0.3178549866963653,-2.7804194781728633,0.4645037680577217,4.057402499934674
-0.014070158084934274,-0.012928031504054673,-0.004849245971743208,0.006740732508075006,0.312271615836684,-2.766394717727341,0.471506170866493,4.02930423775382
-0.014113878506096163,-0.012891639299384123,-0.004757953023354551,0.00676905169303748,0.31233599253316546,-2.7402625850210054,0.5472283169789006,3.9882464826896453
-0.014104694095483936,-0.012904564549483284,-0.004779333612756357,0.006754100991197567,0.3116692380521651,-2.7438493392235688,0.52604550853109,3.991966462373759
-0.014130555678192075,-0.012893935430223732,-0.004729867321091243,0.006751043041979213,0.30850848225141986,-2.724560150405274,0.5569078886683209,3.957262101701723
-0.01413973269424009,-0.012880752181006051,-0.004708379618413403,0.006766127713526952,0.3091484459683558,-2.7208144780918952,0.5781109441017892,3.953455693741024
-0.014157084942741356,-0.012854315143681955,-0.004666774133546222,0.006796828810993308,0.3105836473762487,-2.713706615405488,0.6198192869481142,3.94693534391573
-0.014175025243748508,-0.012828637614061437,-0.004624077931655563,0.006825113053119558,0.3116908149901465,-2.7051008219800603,0.6609880703287225,3.9377740296126738
-0.014165987484584646,-0.012841494045392443,-0.0046455995999431935,0.006811075445570689,0.31114632919984775,-2.709548347451164,0.6403578041101744,3.942573052628266
-0.014164610188910375,-0.012869101482898493,-0.004660417421447564,0.006764846960867556,0.3067496744738873,-2.7020530173025112,0.608833102193688,3.9207893945419556
-0.014156733332223332,-0.012882688611189188,-0.004679866455856267,0.006748272534120398,0.30584910986745295,-2.704745764087418,0.5883527583794111,3.922341431392463
-0.014201007256286091,-0.012818301349838614,-0.0045748001580486015,0.006819358567691808,0.30869790186633933,-2.683943679347374,0.6900213391173433,3.9007566402804774
-0.014191560409835982,-0.012830689096340617,-0.004596785056844026,0.006806799974234923,0.3083397970273951,-2.689138214906425,0.669917672264145,3.906963461637026
-0.014216162479474062,-0.01281985231903746,-0.004549895762630016,0.006803004849721321,0.30575783543679,-2.669454152934572,0.6981473311577531,3.8730562979485077
-0.014229875510939448,-0.012810384905179306,-0.004522198092093323,0.0068064569936824495,0.30479766468436126,-2.6593073987305824,0.7174435299634937,3.856837179491937
-0.014250989208580712,-0.012809738393884162,-0.004486598098905708,0.00678821992343072,0.3012214380739234,-2.639964206145494,0.7312194712382984,3.8209617771279123
-0.014045084994930427,-0.01293892622972893,-0.004898144499362061,0.006741678903055911,0.317934955708217,-2.7832835333729116,0.44314708760700944,4.060492971580336
-0.014060931533175813,-0.012940746345923342,-0.004870387800603938,0.006725563995339312,0.3114830879921922,-2.7694737367286244,0.4502374665871766,4.032459148049174
-0.014051677982674253,-0.012953443312812186,-0.004891465105050489,0.006710299350044853,0.31059752947443314,-2.7724162809200616,0.42892326874838943,4.0354481400064905
-0.014035832164153966,-0.012951619681256434,-0.004919283128833235,0.006726270066781555,0.3180605297871634,-2.786007743673188,0.42178212406371635,4.063393707513768
-0.014042399086290383,-0.012966129637480762,-0.004912477175512479,0.0066949255286795585,0.309653994772298,-2.775209117829404,0.40756135284948813,4.038262966367203
-0.01402653950718722,-0.012964283993995941,-0.004940367966507809,0.006710798802747294,0.3183989861796406,-2.7886275327653087,0.40038554422623135,4.066106040445311
-0.01205494192538737,-0.014703344439173587,-0.007391956881263983,0.0032292799876417724,0.20319778133007446,-1.3962010183712759,-2.5600026572029067,2.5116034719003166
-0.012075481627038922,-0.01469794115822974,-0.007372666902709715,0.003256775361215349,0.20268959039170995,-1.4167337115851657,-2.5404575906035656,2.5295734494641415
-0.01215556590104422,-0.01463568509755841,-0.007350438433111284,0.0034176578021442865,0.20704840935536128,-1.5185343654083268,-2.492080857331213,2.6534985000302345
-0.012095938078652314,-0.014690329748949326,-0.007356277993685251,0.003286882362093502,0.20243701349727083,-1.4381891739601251,-2.5224672033414706,2.5501838914999855
-0.012154605482168014,-0.014654995344435762,-0.0073258127470730355,0.00339048707854359,0.20394218360888225,-1.5064556642604432,-2.4792083185746283,2.626310111963081
-0.012131240603195646,-0.014669050546105527,-0.007338344065034544,0.003349326216894068,0.2034052404651421,-1.4793688589471854,-2.496822990650113,2.5961786788661194
-0.012115612969772491,-0.01468127997096739,-0.007342602242389237,0.003317974028065352,0.20243830264806073,-1.4596087670695368,-2.506216725551493,2.572093209541174
-0.012150107583003347,-0.014673305717418735,-0.007307330790382745,0.003361570562666029,0.20127722376918253,-1.4922447437260429,-2.4713435470204392,2.599217953595771
-0.012287425151399281,-0.014566524528984002,-0.007256068048616531,0.003634419824962072,0.20869162598406663,-1.662685668325689,-2.3752827995965657,2.804546250247815
-0.012171049995319528,-0.01462865520513397,-0.007338643876326128,0.0034419045917650757,0.2070649007949288,-1.5351706429725007,-2.4783114251177873,2.6702503258316495
-0.012272965476983108,-0.014579407784981631,-0.007260343356309851,0.003603381066946184,0.20762843672985012,-1.6438231883651169,-2.385306661317056,2.7808466842407213
-0.012255143201885116,-0.014587684101579868,-0.007275043109088588,0.0035759056888784,0.20761649160981646,-1.6253878769727128,-2.402324394376608,2.7624920362554364
-0.012240620920598506,-0.014590782795517954,-0.007291575538785891,0.0035585628592284544,0.2081830905794196,-1.612525060729935,-2.418520002975131,2.75259921851113
-0.012201611253329825,-0.0146079838746006,-0.007323798387994725,0.0034989500125475613,0.2082331227159874,-1.5718281175459072,-2.4553655062133366,2.7124755969060956
-0.012186808033224276,-0.014620523193053096,-0.007327753302696498,0.0034678382040267673,0.20719301444110402,-1.552579124084149,-2.464815208552324,2.688515580238457
-0.012230745286921892,-0.014601988010159253,-0.007290919454253107,0.00353390505336516,0.20706949945236527,-1.598017808724447,-2.423303931520639,2.7327607638071707
-0.012219110244105255,-0.01461364906733617,-0.0072919776444924185,0.0035070662800768316,0.2059384645488827,-1.581919287908738,-2.4297935096489884,2.711626832195298
-0.011040487973138596,-0.015428060346514703,-0.007224703058752721,0.0013832256637015194,0.1533767816026042,-0.21260979664777105,-2.680250322735894,1.0355721317580748
-0.01108613771739264,-0.015420287223573954,-0.00721070333772044,0.0014430803105474237,0.1528390975711412,-0.2587443072776719,-2.6681555843767217,1.080977565454148
-0.011141606661970652,-0.015256453243511827,-0.007439375221388674,0.0016145100063748063,0.17367016642245392,-0.31765480587359457,-2.805203667782262,1.2359365719875903
-0.011124603416252423,-0.015308716320995648,-0.007365439421530809,0.0015588936137424878,0.16693288005671883,-0.2988101358153506,-2.76053509185232,1.1852395039992005
-0.011103184481687504,-0.01536219163188852,-0.0072928120771019725,0.0014987988956910892,0.16022456709362176,-0.27632806906297097,-2.7172089132343404,1.1316763057534593
-0.011210063643133329,-0.015201075986678528,-0.00748254595452279,0.0017397589482742554,0.17857869105302504,-0.3938673721503812,-2.8251868681093826,1.3395599205749804
-0.011253595155143119,-0.015185978592317434,-0.007475239797645686,0.0018058647615093145,0.17885308001178998,-0.44209897447784424,-2.8152111842609684,1.3911137541597445
-0.01119544213534991,-0.015250700514366743,-0.007412029035471485,0.001686185724828815,0.1719992566774052,-0.3758417785807355,-2.782297135038976,1.2899907707428957
-0.011648385659985265,-0.01495031515948397,-0.007500824536330456,0.0024969236667128822,0.19191368546795842,-0.9054537310054086,-2.7578891578552294,1.9452419098512836
-0.01164260535935127,-0.014992474382265135,-0.007441631813250076,0.002447434739052006,0.18549354669601278,-0.8870541035639451,-2.7229515416712196,1.896881367788406
-0.011717302886042094,-0.014925247409984951,-0.007467240486682471,0.002602874699608768,0.19127210065474376,-0.9830574143204608,-2.7193347987062526,2.0245977703011655
-0.011686245146946137,-0.014942955948422931,-0.007472965839029345,0.0025485415560770057,0.1903755434618226,-0.946134886162516,-2.731118346202965,1.9821649541448172
-0.011303487520123827,-0.015207016898984361,-0.007403580727591038,0.0018519559541963462,0.17290576627001844,-0.4938786658061574,-2.763360466371725,1.4202326479556848
-0.01161356142715983,-0.015021792498131332,-0.007425285951480642,0.002384719914595719,0.18296851269598338,-0.849439878105872,-2.719964507094883,1.8447435616887657
-0.011576455101639,-0.015025361146146044,-0.007455686218574476,0.002337831083411391,0.18477294979342543,-0.8108898707676152,-2.7469612248051183,1.8118410567182512
-0.01135115685660177,-0.01518650688346697,-0.007399234459616835,0.0019262008088655762,0.17362948767180528,-0.5462716789650061,-2.7536861996840116,1.4784090513100754
-0.011350701246969718,-0.015225288563722234,-0.007338244295095921,0.0018952053260215683,0.16778617551466898,-0.540597329841686,-2.7163117826444556,1.4471889810506826
-0.011541550854160023,-0.015050787346545124,-0.00744907187756455,0.002272442001319865,0.1828218475687827,-0.7687514693333118,-2.750437134392651,1.7588325395513704
-0.011510619704313274,-0.015090301773178326,-0.007415747431311654,0.002199475630128791,0.17885242552111522,-0.7279545480024153,-2.7362718918462323,1.6965440205973479
-0.011391839667190928,-0.015166451870032249,-0.007398275998240548,0.0019916859298955703,0.1742862587278249,-0.5914069980375505,-2.7467349370553524,1.529978302629913
-0.011432169196277903,-0.015143890062282648,-0.007400314993982808,0.0020590326707733606,0.17533454008068874,-0.6368133787974252,-2.74124101145252,1.5834314527433104
-0.011471262755032002,-0.01511834242632419,-0.0074068393033181355,0.0021277632424894846,0.17697520909621736,-0.6818046488983075,-2.7383023880575994,1.6386366494491795
-0.011758331486913074,-0.01493737878129856,-0.007405035937102989,0.0026361859590707712,0.18669173483719861,-1.0192298145804568,-2.6703710649629113,2.0414371683563703
-0.011798961147649226,-0.01492171329996466,-0.007384265765908933,0.002698105662917261,0.18661828444621745,-1.063827606182622,-2.6461692709763303,2.087151677910548
-0.011876378302174976,-0.01486159830134898,-0.007385399068388024,0.002849683084576376,0.19076290676639757,-1.1604559107907206,-2.6226069817675293,2.207681792468503
-0.01184382502020063,-0.014882782739842499,-0.007391655695461853,0.0027903959319260634,0.18974203866857653,-1.1214000183974855,-2.636797591358198,2.161763317641078
-0.011838128868180375,-0.01491662992736662,-0.00734850035203148,0.00274627753251395,0.18471848804760524,-1.102325940823665,-2.613278855724903,2.1191955230577477
-0.011941076723027248,-0.014780711130437189,-0.007425779845724278,0.003014562575792325,0.1990214047417035,-1.25614856980797,-2.6237706235424327,2.346588615213554
-0.011914122737036141,-0.014816966503685735,-0.007405916712453684,0.0029422893428448353,0.19505645908885902,-1.2146295711205228,-2.621924882127852,2.285023685010286
-0.01193426156360684,-0.014803179106393782,-0.007401668339730218,0.002980108197365254,0.19594407102061862,-1.239375468633904,-2.612296121197951,2.314432944815938
-0.011967732641275389,-0.014773611520735674,-0.007403256452872069,0.0030511926861786598,0.19825628172354395,-1.2837744375257418,-2.60082405782449,2.3716063881960383
-0.011994423689578556,-0.014756397785133036,-0.007394590885387173,0.0031001845154755713,0.1992374062049816,-1.3160118622411545,-2.5857004655845794,2.408953823933634
-0.012048289652303057,-0.01473078368734751,-0.007362341925824688,0.0031872164292201305,0.1994417618881839,-1.3760902795691796,-2.5459470379844684,2.4719194805236886
-0.012024812932507156,-0.0147464047484342,-0.007370427428920267,0.0031437357457438707,0.19862204918432644,-1.3477412211578927,-2.560003016870105,2.4389143973541
-0.01191410896867613,-0.014848603603097407,-0.007360278679939851,0.0029048560574000872,0.19021958861587773,-1.2005855983722542,-2.5952898706241485,2.24697776864303
-0.0106067108464985,-0.01567404794691123,-0.007021217360395799,7.508626574354572E-4,0.13492275780995774,0.18771196563932765,-2.569398491693564,0.5352803725009635
-0.010508061042684078,-0.015845250813102785,-0.006783811207242154,5.908657036706064E-4,0.117202992330278,0.2400715543341467,-2.428668076510444,0.40454384846932584
-0.010576716786730032,-0.015757591046947288,-0.0068999387738104415,6.915902042398083E-4,0.12579073349697623,0.19744216641720494,-2.497376310570516,0.485676905538512
-0.010741854232890558,-0.015552013754894295,-0.007168644813303276,9.572571428663404E-4,0.1472448723017397,0.07814679509145155,-2.658415985035502,0.7017533712694232
-0.010803766915737121,-0.015522819355793126,-0.007190320641071329,0.00104560001145169,0.14971123841329437,0.020131683006777215,-2.6705180837443,0.7711758058482293
-0.010677417012350143,-0.015649585354453842,-0.007037102806206984,8.434923776980324E-4,0.13635300105901707,0.12462157832638064,-2.5792349968318646,0.6065897910319181
-0.01072491989669557,-0.015614904551504345,-0.0070748943681210544,9.128977634174811E-4,0.13979198260603828,0.08421866845067003,-2.6015122382357103,0.6620086292788996
-0.010867615682518914,-0.015560198989740322,-0.0071030132298278426,0.00110707145507833,0.142421506575071,-0.04846598432275017,-2.6153717517464905,0.8134367502119461
-0.010913042999490901,-0.015521871631691187,-0.007142416394238177,0.0011795618526746568,0.14635600170606192,-0.08983426995986457,-2.637443226716532,0.8721187584240463
-0.011012642157151652,-0.01546894923614523,-0.007175294501635379,0.0013268841471562648,0.14930759779799893,-0.18606132965302938,-2.6518576603665576,0.9882548488589454
-0.010969094344251279,-0.015514743994968706,-0.007126027303664428,0.0012505453050640645,0.14518689739694854,-0.14482225646537486,-2.6246509201294326,0.9256429365555656
-0.018388668642513394,-0.008808923264106623,4.807166804542947E-4,0.003891249649407306,0.04587937706976255,0.33995608465327587,1.0811295924061126,-0.20297346698523175
-0.018712085029935523,-0.008567643661133677,5.072489246236476E-4,0.0036026915824538507,0.034220804711847165,0.35917816693522636,0.9775861143597595,-0.24439634220325865
-0.01901712561814045,-0.008283428559469046,5.352616615706346E-4,0.0033326262053326324,0.02296406129344669,0.38315948033900166,0.8858337039811094,-0.28480769131693623
-0.017301901661720184,-0.00996972138440826,2.4434325051032344E-7,0.005007272222744803,0.08645399187649133,0.014271138521493637,1.5221188910261445,0.24176733763894911
-0.017537176656499252,-0.009736499543716734,1.3667519059256276E-4,0.004761291367372301,0.07842319000057431,0.10743868743958138,1.4231804199613958,0.11563058616436729
-0.01793554733137719,-0.009527632162773587,2.1933164202449953E-4,0.004373781340564087,0.06424008059781648,0.1633703545845889,1.2682468964340103,0.014684688763593622
-0.018262546146228735,-0.009215578868102748,3.2945414753834213E-4,0.004058651655106345,0.053340054182903655,0.23818475710830286,1.1479565949728927,-0.0893553245249448
-0.019639059686930718,-0.008188048530805089,4.365992748545066E-4,0.0029191928089252446,0.00323635996039064,0.32960548430302133,0.7697410492590337,-0.2550818401109915
-0.020442015166465648,-0.008451757503123599,2.600949228841777E-4,0.002488609999271221,-0.011586492162684302,0.2193961065526628,0.6757494743319062,-0.16535689472070395
-0.02120391434538565,-0.008674776282184908,1.4886374932684837E-4,0.002088572206645095,-0.02122933091590458,0.14610720996128193,0.6051026286767797,-0.10374736303998698
-0.010113534726067382,-0.0159929041795324,-0.006616381209829643,1.3116493277317803E-4,0.10460108691274096,0.5320007859931617,-2.313171640688689,0.059176971681497055
-0.010253674239280974,-0.015986682748020196,-0.006615472224566225,2.845981610613379E-4,0.104604804781944,0.4190385112260456,-2.322461280210938,0.1723201423548413
-0.010360739407561987,-0.015955269527143382,-0.006647957468687632,4.058284251807026E-4,0.10787452592629614,0.33896550299399864,-2.346377817750969,0.26330145961175805
-0.010462945149581545,-0.015966986777169383,-0.006613104916661093,5.149299766072695E-4,0.10395815676857141,0.2515270619070373,-2.3303702656144765,0.3425364060737779
-0.01003539887452657,-0.016136752138141138,-0.006411124797045586,4.513183610164339E-5,0.09171186738063457,0.5411439712935547,-2.1958903166257304,-0.004522270961418609
-0.009564989106561582,-0.016403405641174033,-0.006010528644970657,-3.892834984803283E-4,0.06879704418181681,0.7558016652167294,-1.9447011813395658,-0.309108314593218
-0.009338690884638939,-0.0168373910594182,-0.005444100209417193,-4.954252116516601E-4,0.04263117167664638,0.7089286476914795,-1.661067609847704,-0.37295809628203314
-0.009453344846195628,-0.01663091302662853,-0.005707507578176694,-4.455607986292961E-4,0.05286865809123798,0.7284932526157366,-1.789995732475658,-0.3448156991003861
-0.009934085100654173,-0.016285208623198138,-0.0062047884016865765,-5.385515768046836E-5,0.07871576652577604,0.5627314472810876,-2.0796041438726065,-0.07680592529535585
-0.009779080990689285,-0.016429509460356744,-0.006004452253214631,-1.904597935140573E-4,0.06845442250431205,0.6135736813644493,-1.964780530031472,-0.17357101930920418
-0.008950166524250286,-0.017653580995020783,-0.004534599163581884,-5.661712336337438E-4,0.019639502079177376,0.6100518508009277,-1.2649982356258904,-0.40449562780344545
-0.009079530025365266,-0.017337571435824036,-0.004861289533671368,-5.632950887776001E-4,0.025608496188179345,0.6538480220737154,-1.3975755538938788,-0.40738404433536884
-0.009211768713192129,-0.017069439656301876,-0.005163643753973576,-5.37500286038211E-4,0.03302437386789985,0.6862040497396097,-1.529625907295484,-0.3960258136173622
-0.009471515875095196,-0.017056237008838678,-0.005225864541363992,-3.595663180300215E-4,0.03588239696275807,0.5761853749414247,-1.57992168232604,-0.2813655946931248
-0.008982322293644584,-0.01839365850696491,-0.003917962222588878,-4.080654071403499E-4,0.016057042315306035,0.442083858765515,-1.0566226821361289,-0.30325034546932667
-0.008753012841894022,-0.01878408213393605,-0.003585615536261194,-4.281948257061673E-4,0.018241844997076925,0.4309064495943174,-0.9419658759365489,-0.317511458864744
-0.008504405956470085,-0.019304119489917598,-0.0031865446934849872,-4.1516393376391344E-4,0.024892067864146914,0.4019634833726467,-0.819138562957488,-0.3138042375741048
-0.008296151567516856,-0.019913249637546877,-0.002773868693882089,-3.643263738270076E-4,0.03685814433189269,0.3587542653649079,-0.7107343978842694,-0.2905802814774429
-0.008627326122344868,-0.02061262059277819,-0.002412466484981391,-2.1021666971025857E-4,0.038621319878211775,0.24325796158873833,-0.6471610307068009,-0.19207477960093403
-0.009157467110443155,-0.018013283780291708,-0.004257920732398696,-3.921588287313683E-4,0.01648410326768468,0.46369986467752783,-1.1812225643233418,-0.29369361438239844
-0.02201312350229177,-0.008284864718716483,1.1974990416825856E-4,0.0016290876463756065,-0.05276560050755479,0.14387603173288968,0.5359386829898617,-0.10935549919163683
-0.022930626448277175,-0.007762618902297857,7.624248709041224E-5,0.0011221895057557203,-0.10205696170364321,0.12956734123217753,0.4876633384651268,-0.10248548610834708
-0.02178663225936196,-0.009033728186297387,7.277401822460018E-5,0.0017969454222874757,-0.01952509094379511,0.0823210164595214,0.5682675949109268,-0.04671413524501592
-0.02394274805211836,-0.008342295069006708,1.4867119729578228E-5,6.174388406970588E-4,-0.09503694288537622,0.05075772184244904,0.506228397789359,-0.02184838811192028
-0.025,-0.008904526525626398,0,0,-0.07490649413944567,9.763863566626757E-4,0.5675254475781567,0.03493956878226531
-0.007447310514976692,-0.02264952209315788,-0.0012368709655082553,-1.1119847437132091E-4,0.12578745393826063,0.19607906230954408,-0.46902873319665034,-0.16814373869527444
-0.008049632036952588,-0.021950229768097712,-0.0016416388130158813,-1.426619176144639E-4,0.08116240693793107,0.20456862650463162,-0.5179592006635899,-0.17135268542168514
-0.008990454224078265,-0.021247796123945048,-0.002088134090816106,-1.0608438646399618E-4,0.037300250435995996,0.15642150925283158,-0.6003505456237107,-0.11407343821286449
-0.008722592277153909,-0.021784885807954176,-0.0017811468592650078,-1.0032115288960358E-4,0.05371822170561706,0.15542247292150568,-0.5521513863190568,-0.11932350694574193
-0.00816182271829701,-0.023845990480149806,-6.657389678658617E-4,-1.9724912620670498E-5,0.12174391214509254,0.08808274584596838,-0.4945025345497159,-0.06047314144685456
-0.008904526525625851,-0.025,0,0,0.09186567572145059,0.035197556324877595,-0.5672911143637002,3.9982017204708817E-4
-0.015704433550972313,-0.01137535914058754,-0.0015891018470075365,0.006615837180029407,0.18945477390525164,-1.088294213436577,1.989869701999225,1.739650720710889
-0.0158093460643638,-0.011365471880253386,-0.0015159984779024532,0.006479088884690722,0.17866043101029544,-1.0316724794459322,1.9415196659428162,1.6396226716576774
-0.01588318959276455,-0.011172726802788838,-0.0012869247840439017,0.006483755673423921,0.17369350609798342,-0.8839603459924436,2.0070333782058083,1.477405858372997
-0.015891366326648348,-0.011298855709716275,-0.0014055171337742764,0.006406939964317419,0.17074760945178322,-0.9558464575412658,1.9363327751756472,1.5367296337383847
-0.01598302522652046,-0.01093818140570488,-0.0010079794863306903,0.0064506309564387725,0.1667663976487465,-0.6963852673523422,2.0576627563620815,1.2653750475999013
-0.01599937366201711,-0.011078736305613875,-0.0011402432177880341,0.006370176828254402,0.16347422378577936,-0.7807381677333708,1.9860452081296083,1.3360058586450039
-0.016126008725386016,-0.010887554242618096,-9.058079332398917E-4,0.006274896077730001,0.15438469226299834,-0.6208261038571397,1.990880118548582,1.1403434340806988
-0.016206195754802144,-0.010775143121187623,-7.729478004247474E-4,0.0062040125101002685,0.14731627746969234,-0.5271397081348935,1.9816357957906237,1.0243144273711204
-0.016385703193620763,-0.010664628735249707,-6.241816032738077E-4,0.005999480793439656,0.13523775759322712,-0.4208589513976672,1.9077705756409478,0.8662281366027017
-0.01658030027930184,-0.010575687468586581,-5.068582199175125E-4,0.00577513384123703,0.12219573824893688,-0.33653216468284014,1.8180634776745634,0.7311651268326324
-0.01679476963973798,-0.010469624612916801,-3.870386486040373E-4,0.00553669357551331,0.11078984754722855,-0.25069336667276737,1.7222636273576943,0.5976618833832048
-0.017050426943530313,-0.010383484711440061,-2.934859113927826E-4,0.00525869000028861,0.09749112362429278,-0.18534929165383743,1.607816601637819,0.483234086845236
-0.01731261957186442,-0.010291786425482164,-2.098456424441352E-4,0.004988198537819989,0.08768640064143678,-0.12810136275092432,1.4991027158234684,0.3826228211412466
-0.015473883554131115,-0.011663160766537532,-0.0020383077736350823,0.006727715615400122,0.20870992488161821,-1.3784649274315623,1.9010610269073906,2.1037360137827417
-0.01553996528550998,-0.011611137806840161,-0.0019360122426143377,0.006678446721597544,0.20206205108248984,-1.3113225833699689,1.9109572075294217,2.011332772783931
-0.015542688787804484,-0.011677565714271861,-0.0019980420632267786,0.006623901195971683,0.1994418094151316,-1.344112744966351,1.8617150025357212,2.034572975866186
-0.015607659848848758,-0.011540201401594868,-0.0018168593409654912,0.00663860669658828,0.19660775798657817,-1.2337289630795614,1.9304101454924167,1.9108220139117373
-0.015685173989796315,-0.011474818058913424,-0.001699852629837509,0.0065782974014045896,0.18900480933206248,-1.155306724266101,1.9372168992007963,1.8056316043790985
-0.014857168353587974,-0.012119233503301232,-0.0030973249824913576,0.007102500727354755,0.2765873109824,-2.0424834063043953,1.6573477705705602,3.0398111025525947
-0.014839156667614548,-0.01215470277754399,-0.0031519921708488686,0.007082424150253186,0.2765784220564172,-2.069056518239115,1.6206841373880578,3.068584239785807
-0.014819450697809275,-0.01218843267164478,-0.003206926360819935,0.007065777253109824,0.277051383707823,-2.095973563026385,1.58536836544755,3.0991998138827657
-0.01491955392153091,-0.012078567460375805,-0.002984690683183782,0.007068857324542668,0.2690697491557508,-1.9746369494287588,1.6926615730226413,2.9402361618310877
-0.014905355875633061,-0.012116521385986923,-0.0030366599279146255,0.007042566168433782,0.2683146994509351,-1.999231407232237,1.654753309989916,2.963995010744935
-0.014797506516516843,-0.012219879600084763,-0.0032625082806039805,0.007053953542134527,0.27791754387350304,-2.1237035947411367,1.5519695682555505,3.132735807933962
-0.014770319946964601,-0.012245392062724328,-0.003319678807320632,0.007055513750149185,0.28045761040849126,-2.1542934427204963,1.5243890156556759,3.1745375999555314
-0.014769737213032819,-0.012282414618548393,-0.003352019488676058,0.007008091596162226,0.2767389748403081,-2.162674294962203,1.4836662553841549,3.17138347492449
-0.01467774722006638,-0.012346010218119723,-0.0035276355998492405,0.007035839800565655,0.2865611382589864,-2.2586188061934003,1.4076668697732784,3.312019481238592
-0.01471935338353701,-0.012333646061886206,-0.0034611398052144357,0.007002104005435903,0.28032645702590275,-2.2180158660163194,1.4248856307649171,3.2454236849908678
-0.014663638006306974,-0.01238363102349084,-0.003577237208553841,0.007000993067688132,0.28475306653232274,-2.2768232875040497,1.363740862691168,3.327099308955884
-0.01466137891222991,-0.012418861619648018,-0.0036078267546003485,0.006954826438216503,0.281227274901866,-2.2828367185272396,1.3239690491040148,3.32210263009761
-0.014653859660029729,-0.012442873625117066,-0.003636526665475966,0.0069301376174252,0.27971741292756913,-2.291964277070553,1.2961079458049942,3.327904765075244
-0.014762129790364079,-0.012320734382381543,-0.0033937775931941433,0.006967261916229823,0.2742085663850629,-2.176755073949249,1.4416072296342348,3.1783666805985455
-0.015434018420140075,-0.011732299112264184,-0.002138002254601189,0.006725109419129137,0.21136032362387383,-1.438630705296499,1.8640698449244744,2.1738358576949413
-0.015391976125178265,-0.011783140002968274,-0.0022225759700102207,0.006738158417096401,0.21483207869988816,-1.490951681400558,1.8396878056411061,2.2395204643808078
-0.015345073991801808,-0.011829212940402647,-0.0023079973671465757,0.006759948356423987,0.21904524465522182,-1.5440289144948183,1.8186620264074673,2.30940095605192
-0.01525230923319032,-0.011873088152788073,-0.002435821179847353,0.006843151834711072,0.22962414494836536,-1.6294860923735193,1.811300737816693,2.4370167473976205
-0.015309059672264789,-0.01186972854807701,-0.002379204048263172,0.006770752560244139,0.22203472614000477,-1.5873494311675427,1.7965138607956994,2.364586362611415
-0.015154558720062028,-0.011902810996489412,-0.0025603480174982147,0.006945560392337384,0.24284140693746178,-1.7148744580379487,1.814223758731505,2.5726731191436087
-0.015093672263871944,-0.01193618282686856,-0.0026553021967479673,0.006993680194026076,0.2499963325301577,-1.7765722590421222,1.7994750058712763,2.6641566526629368
-0.015216878600094658,-0.011922618508388291,-0.002517186919185376,0.006842306333425352,0.23221316718977822,-1.676432097568984,1.778394101138921,2.4942952590640974
-0.01505947414335563,-0.011989284650180593,-0.002742665897519182,0.006983210723925053,0.2521220380592208,-1.8253548665849275,1.7564459454547376,2.722251847822846
-0.015030924655018197,-0.012031597452538637,-0.002813747112393823,0.0069749504576165425,0.2537707294551143,-1.8643913387254158,1.7210001555718046,2.7691515209486037
-0.01496702703595538,-0.01207071260212659,-0.0029221758063830224,0.007015271386107466,0.2615354808554832,-1.9314048925759713,1.6933529062922066,2.8674498230748977
-0.015007586624300406,-0.0120619376391385,-0.0028679571261962093,0.006971892876128402,0.25561764495042,-1.8944499442911944,1.6952350170585286,2.806523569429779
-0.01462936536631819,-0.01246302265708143,-0.0036859796609560467,0.006930015598126346,0.28179129454025714,-2.3162380597845558,1.2694254574195973,3.362365459576566
-0.014661944124669247,-0.012464475896365948,-0.0036413493174673054,0.006890744578499361,0.27615909680749984,-2.2860956402193433,1.27368933448782,3.3084982178294196
-0.014487743335743231,-0.012656213046483384,-0.004024759035837278,0.0068013101418082835,0.2821814484907499,-2.4462326622817248,1.0160679925325597,3.5186743237991474
-0.014499051057230587,-0.01263613741283985,-0.003995183579903429,0.0068198868327986545,0.2830287482549549,-2.43724976118331,1.0422795001187197,3.509830032705967
-0.014616515825308526,-0.012503981277855004,-0.003734044067603547,0.006886452049794404,0.279062791355492,-2.3302960878692303,1.2213928185919587,3.370332379130814
-0.014513204121662801,-0.012604563510050416,-0.003953697124442765,0.006852353297659972,0.2848167076691293,-2.42592198138238,1.0820640547423837,3.5012016671384916
-0.01458353102777507,-0.01253554829660995,-0.0038036885683103354,0.006877791113831965,0.2811937673038209,-2.361736270931783,1.1787473196095488,3.41345157529707
-0.014620570922652783,-0.012540253686564548,-0.0037538035266553678,0.00683031419142095,0.27440073483166827,-2.327636303478428,1.182571257776728,3.351371821038403
-0.01454597018081309,-0.012581887728432254,-0.0038901096402414403,0.00685101286164935,0.2818273730795752,-2.39626288138786,1.1173146476327824,3.4568860133372366
-0.014572419070119158,-0.012566222167192961,-0.003840868233600693,0.006845421451136075,0.27908667240518503,-2.3720286508213144,1.1420232794742475,3.419822281013258
-0.014296209164404597,-0.012744764944783086,-0.004378062559201006,0.0068529717954521506,0.3032844228452504,-2.6126060995209,0.8301897497480263,3.790607281261686
-0.014293107260460165,-0.01276565708719994,-0.004394410647892152,0.006821707631181993,0.3005870518739082,-2.6111779754806874,0.8048942366130222,3.78118360247707
-0.01428520506645132,-0.012781859595586495,-0.004415886814277328,0.006802584423196035,0.29946912614238913,-2.614976026234165,0.7823247777192154,3.7830989612901393
-0.014278231550908925,-0.0127964500849777,-0.004434850184708992,0.006785097580142545,0.2984004379468117,-2.6180821990444065,0.7620758206394688,3.784351012004883
-0.014267772257610088,-0.01280879380558566,-0.004458305930934944,0.006774396156180254,0.29838813880882814,-2.624750733609007,0.7423024012859288,3.79298933452561
-0.014314352357556216,-0.012739822741778256,-0.004345732986185867,0.006843492344363072,0.30076942601786255,-2.596526598251866,0.8454942601623902,3.762530556329066
-0.014330832433321486,-0.012729839325972266,-0.004313480944421921,0.00684363351716283,0.2991313646816976,-2.5829255534164033,0.8653082492993601,3.740841402833111
-0.0143529937236515,-0.012725957448886507,-0.004275668125673613,0.006828196465487045,0.29597931070885125,-2.562783211894503,0.8808020085527808,3.7051899012022527
-0.014493905206861878,-0.012675622178577452,-0.004027321540208531,0.006765719597574537,0.2787684767478295,-2.4389838009879012,0.9970348582845487,3.498922008566411
-0.014382674805833823,-0.012723362190055593,-0.004227007422143994,0.006803189346060897,0.2911451990461394,-2.5355948675599684,0.8980556885670552,3.6564795102498766
-0.014414271529435843,-0.012714645938755471,-0.0041724386338535535,0.006785717805782568,0.28704344321410385,-2.507617844153034,0.9221412872759055,3.6087404548209854
-0.014449515970292658,-0.012705210422811216,-0.00411243774652112,0.006765344697562382,0.2822504703343344,-2.4764433430640813,0.9475043046118113,3.5558167138590577
-0.014486592057245395,-0.012698292722006269,-0.004051899648091324,0.006738873696545244,0.2768843068851809,-2.443523144104283,0.9696574078889718,3.4992370504513475
-0.012422512463428811,-0.01440614290230574,-0.00725133644516554,0.003986781843059541,0.2260061565102913,-1.8666952865396904,-2.2906887338937625,3.0859450881244688
-0.012436248360560212,-0.01436631353955115,-0.007277080569322141,0.004060314362372574,0.23288408734554658,-1.9070747638406391,-2.2909407336597276,3.1539185730925023
-0.012436210042730175,-0.014382284826487152,-0.007257919410218766,0.004034793187511577,0.2271700297451804,-1.8922505978731377,-2.286208565125286,3.1255370640475597
-0.01243631439586207,-0.014398515695134437,-0.007238799590576468,0.004009506105114017,0.22612806078823763,-1.8811800341464926,-2.2755163823363667,3.100771104456914
-0.012449953359711831,-0.014358638380875009,-0.007264283467927489,0.004083165050116295,0.23349357827190662,-1.921603851032082,-2.275382561731818,3.1687389949305715
-0.012449994695562731,-0.01437464344521138,-0.0072451183885428845,0.004057541115530835,0.2274781210695961,-1.9067089195420006,-2.2707771653570705,3.1402873206168724
-0.012395060764242606,-0.014438388709580497,-0.007255127091517177,0.003914998699505321,0.22199220558538837,-1.8251151098651628,-2.310889728702985,3.028833822717079
-0.012312225573853426,-0.014519226392641077,-0.00727983648502159,0.0037245528075169026,0.21468769312971459,-1.7117509305618979,-2.3733534337222086,2.8824376287914926
-0.012326805062256703,-0.014510167156369144,-0.007269698085387429,0.0037503392726268626,0.21510271151922944,-1.7282327200115495,-2.3598394889100116,2.9005231578677644
-0.01233988607593041,-0.014500815068990586,-0.007261953517370197,0.003775240608206181,0.2156675825691936,-1.7437829130053053,-2.348301532550625,2.918482912632658
-0.012352193118788974,-0.0144775926422602,-0.00727233944662983,0.0038202758070347656,0.2186668995124673,-1.7683538058549744,-2.3459857348158124,2.9572940880643377
-0.012350100153525737,-0.014492091133415924,-0.007257538443027721,0.0037967850623415443,0.2163940174428182,-1.7568636162901554,-2.3400292097215907,2.9345955262001806
-0.012366427044247163,-0.014470462276980517,-0.007259657410369151,0.003842810284756949,0.2187746767717055,-1.7831108774064628,-2.3310823632954656,2.972048601497082
-0.012380528723274047,-0.014462842747367005,-0.007247613219716598,0.003865886044389868,0.21897014051817032,-1.7980352518340263,-2.316475164199895,2.9873921743675216
-0.012395228236619057,-0.014455788505831601,-0.007233810390503727,0.0038884940379796625,0.21903933063382355,-1.8128391274997921,-2.3005834749568357,3.0018433256483976
-0.01230070588041469,-0.014550925466383206,-0.007256670256757477,0.0036683911817656134,0.2102693655487212,-1.6824708221041114,-2.368224276891576,2.8317864470038607
-0.012314974884364954,-0.014539878807442473,-0.007249846285440928,0.003696658032111409,0.21108980254304446,-1.6999653914868758,-2.3567592129791213,2.8526542700099857
-0.012409157108934291,-0.014430653868944461,-0.007242744078038689,0.0039381826084022775,0.2222115196964627,-1.8399823812889975,-2.295869114313508,3.0441123943691486
-0.012422895325564341,-0.014422722901740072,-0.007230983946057459,0.003961301159256268,0.22249884608697548,-1.854653828452326,-2.281296390249098,3.0594734177670957
-0.01409550192478728,-0.012917412889489437,-0.0048005913061749455,0.006739139752590376,0.3110067891256861,-2.7472877460738854,0.5049133607120783,3.9955341501785164
-0.014077015424131126,-0.01294280195267535,-0.004842851873921964,0.0067093892738325925,0.30974372033976927,-2.753827209368977,0.4628278847881675,4.002437594640116
-0.014086275867628726,-0.012930149337898328,-0.004821759325529188,0.00672425172138907,0.31035408358655786,-2.7506165064517436,0.48385151187056347,3.999032047386752
-0.014121188959458386,-0.012906932271178922,-0.004751499345025157,0.006736288309177705,0.3079407128255058,-2.72835742309643,0.5357343401848653,3.961331174256743
-0.014111923364607417,-0.012919888192145306,-0.004772834527919143,0.006721366234986919,0.30731501852084536,-2.7318913189543466,0.514658781732991,3.965021219360633
-0.014137828113731439,-0.012909335441298731,-0.004723613816516341,0.006718272418208851,0.30464362849628074,-2.7125837665990926,0.5456761001371785,3.9305858991408194
-0.014147998221780598,-0.012896700945925597,-0.004700846531430019,0.0067315593176422,0.3050093809526269,-2.707881604780886,0.5668032327943952,3.9247422077219647
-0.014173209116226226,-0.01285631505312393,-0.004639968962703662,0.006779286105921781,0.3073583372060149,-2.698266259707339,0.6289523232821885,3.9170551331836165
-0.014182564070665224,-0.012844049845862092,-0.004618371473403116,0.0067920260900139985,0.3077225117523337,-2.6934652964377217,0.6489542210846578,3.911353334609301
-0.014173498721047109,-0.012883560160103547,-0.0046515080728511205,0.006732441758992372,0.30275143941818966,-2.6893415415280546,0.5993062188795947,3.89292747821575
-0.01417878230984677,-0.012870500905872806,-0.0046367795041353434,0.006750185998492685,0.3040174675890881,-2.6887432654871817,0.6172051187969266,3.8952206416255946
-0.014166226704071791,-0.012898788134971412,-0.004670421337901318,0.006712597556890554,0.30151033172917346,-2.6908577408344567,0.5777059334980503,3.8919175053523367
-0.014197680308111128,-0.012845365853860214,-0.0045932469394120625,0.006776399546976805,0.3048601086574953,-2.679191128945811,0.6577056168547677,3.8840560191809095
-0.014210687126281523,-0.012835696616301528,-0.0045667103189274355,0.006781188016246568,0.3040772950631198,-2.6700670621621017,0.6770057969378639,3.8696262978319345
-0.014229341499824778,-0.012831746477038893,-0.0045334512043688005,0.006771112397325946,0.3015118477230854,-2.6540752113990678,0.693409986137357,3.8408327939911957
-0.014246726206333628,-0.012827185945858164,-0.004502226820885629,0.006763066893713281,0.2991266739783835,-2.6393796284860307,0.7093077952555181,3.8147397843312802
-0.014264985562862237,-0.012824669839787767,-0.004470731021330694,0.006750714196788285,0.296368075341428,-2.623367370529028,0.7231425758377664,3.785720943420649
-0.014033102377928014,-0.012978810954524118,-0.004933412208533223,0.006679428177456828,0.30863627183644327,-2.777831848747471,0.38615317729424564,4.040879392213065
-0.014017207114769163,-0.01297691904442294,-0.004961404952829692,0.006695260705084974,0.3187996371850045,-2.7911831102556106,0.3789274278469838,4.068631211673887
-0.014023788850144799,-0.012991491566205689,-0.004954267581895513,0.006663801356756468,0.30775303700745343,-2.780272117601996,0.36470908820129266,4.04329009377359
-0.014007835078080092,-0.012989524709198896,-0.004982413060773451,0.006679641621566147,0.3180446780724876,-2.7936950262789018,0.357371676783165,4.070982815085174
-0.014067755364193295,-0.012955451086573519,-0.004863838817143412,0.006694384096393052,0.3091581171553372,-2.7568564533010473,0.44179225558511925,4.005612546587529
-0.014058495323652359,-0.012968120198937243,-0.004884728134622206,0.006679195945957239,0.308578564158101,-2.7596938789537475,0.4207230127335691,4.008532541584073
-0.01404921832950849,-0.01298080020231421,-0.004905544336873388,0.006663854518402815,0.30801692369116207,-2.7623574016525065,0.39961722895539437,4.011233151502169
-0.012074202965980382,-0.014723202655200197,-0.007339485642072729,0.0032226667246766654,0.19880380434027492,-1.402142876773233,-2.5223752372602366,2.4954771408330134
-0.012096492769051875,-0.01471615685519937,-0.007320232676200499,0.0032535897746153396,0.19833879421087666,-1.4245803744511811,-2.502197056134303,2.51608696527425
-0.012171442825085662,-0.014650071295035177,-0.007309548110334099,0.0034129955607308028,0.2035227161888861,-1.5227983959628564,-2.4624877199841197,2.640633028835897
-0.012118541795353996,-0.014707724344797177,-0.007302870825549556,0.0032858816947042165,0.19814532269862625,-1.4473378019223657,-2.483049654861825,2.538088329334981
-0.012168937893320823,-0.014671312860959363,-0.007284695891663267,0.0033819216582943166,0.2003747629758663,-1.5083750921302765,-2.450366645699926,2.6103749291928264
-0.01214171221487906,-0.01469642818495254,-0.007287536762745241,0.0033228278732229106,0.19827149887101617,-1.47237731107475,-2.464375440665147,2.5641144045059296
-0.012162957604092214,-0.014689359441246505,-0.0072687372427173245,0.003352178832285546,0.1979722186626765,-1.4932307272915735,-2.4445827779967377,2.5832668822319858
-0.012306181165223733,-0.014575570039472869,-0.007217760629132979,0.003637598633492448,0.20583703802750408,-1.67021838083807,-2.3457146404156615,2.797712614107093
-0.012290477423343368,-0.014591669643126146,-0.007219873229518878,0.003601176150959276,0.20437125257547542,-1.6486395309509485,-2.3553810798832693,2.7693620862175887
-0.012189804409568338,-0.014642871124487724,-0.00729404682229197,0.0034398778207264994,0.2033812733753331,-1.5415342488584176,-2.445372568956915,2.658564166982383
-0.012271184874754636,-0.014607454376248533,-0.007227099420408522,0.003562137426117815,0.2031787553928526,-1.624670134542439,-2.3693761817500985,2.7401579824341624
-0.012249502933752055,-0.01460774264673496,-0.007257164921498798,0.0035426349345689073,0.20477178501557902,-1.6085166703254534,-2.3961273813913446,2.7317443021173484
-0.012210906772433527,-0.014630963043206142,-0.0072807064778415845,0.0034755983462421316,0.20380364863730277,-1.565047687590566,-2.4279591255528494,2.6839389290607225
-0.012234027597622696,-0.01462370738108691,-0.007258146219334701,0.003506542554783876,0.2032059581721697,-1.5870218187084666,-2.4045865438110483,2.703304986538211
-0.011070021800202712,-0.015482266498614072,-0.007122802527871571,0.0013881422070118725,0.1453151445867555,-0.24327437687417006,-2.6158175595592845,1.0316750766080078
-0.011116848766992664,-0.015463342509950387,-0.007125221095433026,0.0014544020125133931,0.14634892778828806,-0.2892449820389482,-2.613454906870966,1.083135903020732
-0.011140515762899745,-0.01541957473277321,-0.007179127277666665,0.0015087457830882673,0.15058361629339848,-0.3133414363627873,-2.644076255679925,1.1294942218123998
-0.011177118753087823,-0.015308920679318563,-0.00733075277543247,0.0016237908617983809,0.1642995643352753,-0.35400185600457795,-2.7336153507761556,1.2329662940694621
-0.01116123669030055,-0.015363102866168155,-0.00725492376929433,0.0015690221989709304,0.15743514543614767,-0.33586123744364466,-2.6883693811704217,1.1831354818852409
-0.011258703651093648,-0.015243820338279947,-0.007378045996063767,0.0017695101930068637,0.16980380861335023,-0.44341908164117866,-2.7534533366138043,1.3523903121956076
-0.011231360956950997,-0.015295121380098333,-0.007315754891416488,0.0016995429158846143,0.1638374403012249,-0.4108825686628171,-2.718279782426673,1.2907868761428654
-0.011682761641775445,-0.014980690504281467,-0.0074189526817250205,0.0025055268461537713,0.1849448880679103,-0.9307783725155169,-2.6990684867240304,1.9397576561607706
-0.011652765839378779,-0.015032177571994192,-0.007370933477630224,0.002419608825794371,0.17893612425314062,-0.8854030021459548,-2.677549113807755,1.86448784549043
-0.011675688981558938,-0.015013379890010253,-0.007376566080845029,0.0024643332152963775,0.180505657060519,-0.9135372757917553,-2.6753021632308815,1.900708645356112
-0.011724425322219019,-0.014971090841102288,-0.007390392259413998,0.002562565386879051,0.18377872744543536,-0.9747059035958187,-2.6708929890375788,1.9806624660084684
-0.011326943440129071,-0.015260574948421451,-0.007300993168401326,0.001839765994382853,0.16362962714857596,-0.511928960947282,-2.6968047774299264,1.3994535679212514
-0.011635205780161579,-0.015054477258291368,-0.007354278402216094,0.002377835572068908,0.17690957527468798,-0.8618061711278632,-2.6715509971369324,1.829154980016772
-0.011661760066189802,-0.015064104824968139,-0.007313958196930504,0.002398453189437399,0.17368568584382485,-0.8848072452285811,-2.640935875829648,1.8397992886041403
-0.011597557807305196,-0.015067820641231876,-0.007370036319947677,0.002321933062086812,0.17702324590115764,-0.8210808010056329,-2.6898090177324514,1.7872169608725241
-0.011389639709722036,-0.015212873695796623,-0.007327064147622102,0.0019515163197624983,0.16749330306908716,-0.5820085217172886,-2.7033440334882712,1.4901152421678703
-0.011382278708271895,-0.01525947039194175,-0.007260433693435299,0.0019061316297598557,0.16131596719017735,-0.5675024689260039,-2.6637321305945214,1.4468214226170142
-0.011560097424073029,-0.015104444528588374,-0.007348872238695005,0.0022445596756703527,0.17398369169803393,-0.7746558659588444,-2.685034536526174,1.7233810235567126
-0.011520648097450188,-0.015138866717388975,-0.007331555239677275,0.0021678546611186423,0.1711905959279917,-0.7274938485444521,-2.6825680623673684,1.6607341497863553
-0.011436104809161823,-0.015192025368143413,-0.00732178222349908,0.0020234611217517327,0.16816672420187861,-0.632357382386635,-2.692298433438516,1.5459983599354674
-0.01147946498039965,-0.015167680430819307,-0.007322998482247572,0.00209480591756895,0.16929295920666143,-0.6803946488263045,-2.685216575466199,1.6022004231353406
-0.011764698139777444,-0.014977756162821813,-0.007338207352677674,0.002600261840270608,0.1800521930148671,-1.010798467073626,-2.628787199914197,2.0022716821610103
-0.011797292156794661,-0.01496406822301759,-0.007323707424079001,0.0026503547519712753,0.18026440475112504,-1.0462803855848832,-2.610929166194818,2.039462684602332
-0.011833567987746915,-0.014953143581952894,-0.007300396841724273,0.0027011877057420367,0.17962429084864753,-1.0838598711654148,-2.5864791778436325,2.0757366575914724
-0.011913653500580462,-0.014884719037698169,-0.0073090617458363505,0.0028623733625227636,0.18476483230369936,-1.1843551033609936,-2.565881955659829,2.2042640198186167
-0.011877583702589428,-0.01490724260097998,-0.0073179145414968,0.002798840976876537,0.18346015747923966,-1.1423013930149997,-2.582920776162171,2.155558782546283
-0.011861884738201196,-0.014938187276672676,-0.007290889559528181,0.0027476667908651418,0.18042974193296304,-1.115461080182489,-2.572218737818318,2.1107431384714714
-0.01196066963011509,-0.01480324559123205,-0.007369613649632995,0.003007608684618169,0.19401144626977332,-1.263202830014734,-2.5841527518441807,2.3303100267606527
-0.011942308873112012,-0.014828548054569745,-0.0073556393794270624,0.0029580950225094444,0.1913741736262462,-1.235000437739828,-2.582802059854716,2.2883662546847012
-0.011997762136575628,-0.014797452365507857,-0.007332542401672804,0.0030527134337204045,0.19224209454330585,-1.298645825599847,-2.5491858237613294,2.3590532040651113
-0.012074191298891824,-0.014751187948844315,-0.007301080328725351,0.0031867373482202394,0.19447237424425678,-1.3872727496521036,-2.5011078588396853,2.4591478329149656
-0.012026678892800192,-0.01477708876926302,-0.00732523367529386,0.0031070642236993838,0.1936770535091319,-1.333773200212376,-2.5338444759672925,2.4008361637561353
-0.01205151086324279,-0.014762732635495266,-0.007313977096274688,0.0031497930328542975,0.19414092138605635,-1.362219688401917,-2.517588096016134,2.4324609754958177
-0.011948101930512538,-0.014862613059961042,-0.0073003724416846804,0.0029237425825261077,0.18586872201104068,-1.22466001045166,-2.5490188976270196,2.251159697199664
-0.0105588835490904,-0.015941540683514766,-0.00662927697978999,6.245984959364915E-4,0.10641120791640332,0.17684185774407796,-2.3418109335404473,0.4242243422400643
-0.010672248748885794,-0.01574903403386187,-0.006884856589993085,8.046898661030104E-4,0.12510256676546913,0.11154623549567508,-2.488840077108525,0.5703832803055309
-0.010618005611048144,-0.015856101806099525,-0.006739693362067552,7.115225615525215E-4,0.11415632590127196,0.14151576910950772,-2.404815788495984,0.49329522862614456
-0.010803443110893981,-0.015613619496813664,-0.007046550289298881,0.0010074709723716822,0.13775363380019737,0.007995112862410031,-2.5830699938146844,0.7330740965476064
-0.010745789809487887,-0.01568636013680628,-0.00695587288136604,9.115184521845131E-4,0.13030361740834054,0.05367610334710985,-2.530977585731375,0.6547491531571862
-0.01075826892959227,-0.015762961195426035,-0.006834732549635051,8.983928594781213E-4,0.12172463416928245,0.031020683301405443,-2.4589301276154525,0.6388659878800326
-0.010894174538457877,-0.015640164844724986,-0.006967053202675052,0.0011028502741891554,0.1314231744988588,-0.08072731266809922,-2.5331032408403824,0.8009275470442584
-0.010944194413197512,-0.015584497439909244,-0.007029693023367915,0.0011866782519131304,0.13674660662684215,-0.1245183393235736,-2.5679564340202474,0.8695496449143053
-0.011030557388980658,-0.015531517215057905,-0.007067992664225856,0.0013147161263664146,0.1407286999583948,-0.2054274952343225,-2.585771352280572,0.9708167399214408
-0.010996295074397634,-0.015574715622573253,-0.007019185207834297,0.0012523452233131457,0.13664734725234204,-0.17378942854777257,-2.5586352691772096,0.9191005796490955
-0.018730714955307978,-0.009014634440956425,3.444136192453605E-4,0.0036663681593256726,0.038925355603769994,0.2506541311958826,1.008530043021062,-0.13323062885389828
-0.019235380960149914,-0.008719150995564659,3.6629295473183883E-4,0.003267055267331465,0.021675529221223806,0.27096661111198167,0.8794892128896609,-0.18111153233515523
-0.01760462985531111,-0.010107661064100174,-8.472562279650823E-5,0.004704939858309714,0.07779190557148959,-0.041939729460862246,1.3900231513360952,0.2583964758626793
-0.017953819181809483,-0.00989794144410412,2.86294222793715E-5,0.004379969501366039,0.06542755691496117,0.03272391042868177,1.266881309969575,0.1440726150809475
-0.0183224895595386,-0.009668778201289025,1.2241495700770499E-4,0.0040538516047447315,0.05520800705172652,0.09708694609976865,1.1479654514435678,0.04895590817779979
-0.018611715276751244,-0.009412872304029386,2.0757613731564405E-4,0.0038032125509746767,0.04616581800321181,0.15491687144145497,1.059506019896223,-0.03076163627250351
-0.019797487813413638,-0.008933716792745367,2.3648477763368048E-4,0.00293013388270671,0.013902355599241379,0.18771859650977207,0.7897740594955818,-0.11544637495168085
-0.020514222780172158,-0.009144910916826314,1.3079251042841833E-4,0.002513358194224265,0.004143996816532804,0.11525622518823164,0.6927082156274705,-0.061610970417770305
-0.021222871451961254,-0.009423972503833259,5.322673862799494E-5,0.002121904590753829,0.0013501954549563278,0.05502506620685837,0.619914698344857,-0.012412664403148489
-0.010206730018124027,-0.016125809506455254,-0.006419834119457198,2.22416313685931E-4,0.09262699898886996,0.4148175006635693,-2.212612944590014,0.1240982168774909
-0.010375927017636292,-0.0160848512912952,-0.006458810143819353,4.025057957415188E-4,0.09430709134558514,0.29439365221799413,-2.241968349547094,0.2556422359728405
-0.010535551721579724,-0.016056201648206966,-0.006470226640571703,5.73774887625582E-4,0.09610011040528722,0.17485111109237386,-2.252181713564404,0.3813003837352961
-0.010115755212645003,-0.01629055456350613,-0.006197846300061336,1.2246199641994255E-4,0.07880291844431918,0.43425775473885136,-2.0893954963223362,0.04871342542758723
-0.009687010665775694,-0.016629050373016593,-0.005744845071721648,-2.509904663080187E-4,0.05455121248826112,0.5995353692796632,-1.8313149124411285,-0.21258186507940038
-0.009593568770514427,-0.016836803275427355,-0.005487706501536852,-3.00917741525534E-4,0.04498318920065361,0.5837672330635452,-1.7050561573180667,-0.24432771670960582
-0.009998249775184284,-0.01644928238014816,-0.005989961069658322,1.0447320626261382E-5,0.0670321693592902,0.46731832020146896,-1.9754051946461093,-0.03236942137400142
-0.009874354305774432,-0.01658117624863492,-0.0058191726082151415,-9.503027168193546E-5,0.06018192115524636,0.5055214267848402,-1.8830522007896389,-0.10541863620891109
-0.009287526972147613,-0.0176384266209839,-0.004613249005573117,-3.8440046094337697E-4,0.021642003071676515,0.5008472209221225,-1.3199091750498158,-0.29046656885632255
-0.009383369673457584,-0.017351466846670587,-0.004905373487793559,-3.727269512937295E-4,0.025794273515600718,0.5339500404397918,-1.4405349491892114,-0.2865011432656191
-0.009623563045145979,-0.01725323684007875,-0.005036500200866415,-2.307751446923427E-4,0.031243927435845874,0.4579613418659383,-1.5119462467455331,-0.19332397501527893
-0.009749016108400475,-0.017057319346295823,-0.005256655974313661,-1.624057837220839E-4,0.035608252767541926,0.4471519887426765,-1.613605748454782,-0.15060264933491338
-0.009389181176909523,-0.01841371955701797,-0.003956657889895455,-2.3541066859847666E-4,0.01343602940027266,0.3298878781135642,-1.088906364369562,-0.19146671772989107
-0.009200597957528008,-0.018840455300189126,-0.003608900209794808,-2.627005402415162E-4,0.014295982179586166,0.3208593011045741,-0.9689784463808703,-0.2089859373450587
-0.008975324568000435,-0.01923298137875555,-0.003304132578988732,-2.8949981934612906E-4,0.0187196722834765,0.3220757025356529,-0.8714017267199111,-0.22960054481469686
-0.008918966638478354,-0.01981864171989467,-0.002915292609661169,-2.3686719903067132E-4,0.02353556693857289,0.2697709250783697,-0.7665015791437438,-0.19911548694469647
-0.009264867876833647,-0.0206281760009807,-0.0024543882834399994,-1.0225158202793257E-4,0.02385003418029613,0.15529851940075098,-0.671815668412287,-0.10330794430986055
-0.009601312902155837,-0.021243387106168757,-0.0021157776684720994,-2.9433204647527376E-5,0.017327770258451985,0.08448577174322967,-0.6155421205032535,-0.04260728123289465
-0.009542539084877148,-0.017999899309536528,-0.004318093974077304,-2.049906005216766E-4,0.015935989444276558,0.34523003858683415,-1.2230989569263464,-0.17255135495947135
-0.022768633679703623,-0.009040476390838718,3.379061766013572E-5,0.001273927040334628,-0.03332810436295485,0.05421096223186823,0.5213483850922963,-0.024297120375694987
-0.02196185733064542,-0.009769316917259659,3.149239523509542E-6,0.0017220440427789627,0.006663957719751901,0.006470100147404289,0.5639241818617844,0.029010745353445323
-0.023895134339660062,-0.009641923518351164,1.014578817230936E-6,6.640839385825705E-4,-0.008998230364767656,0.0038905511325774893,0.5199231596212169,0.02597739554045231
-0.024999999999999998,-0.01019884633779643,0,0,0.035980066259926814,6.102066773176366E-5,0.5703927160780039,0.036160601232389566
-0.008729821435430645,-0.022707325904387423,-0.001295808615143667,-4.998432482121983E-5,0.06707118991660961,0.11065632150147284,-0.5118833498755392,-0.08069821405312176
-0.009333247390781375,-0.021995653154054162,-0.001696893582372459,-3.834948933866056E-5,0.03137579185710326,0.08858996720263207,-0.5546677512878636,-0.05429195296107079
-0.009961997801521913,-0.02181309209754069,-0.001803332438521841,1.424469025179728E-5,0.007657197954886198,0.03147051196718379,-0.5738159188303582,0.005098190110603933
-0.00946044835623458,-0.02385232273752753,-6.881453806939815E-4,-3.4712673644225393E-6,0.03833521185869759,0.04063789519019086,-0.5177182026600137,-0.010951621623642048
-0.010198846337795699,-0.025,0,0,-0.01881955115691863,0.0345983703486771,-0.5706302748035106,0.001651382998051385
-0.01578384459027723,-0.011469069529981,-0.0016305594940827287,0.006450041629124372,0.17825196555947784,-1.1024633341399734,1.8928607520323488,1.7111045610378401
-0.015897099360667334,-0.011418464454678945,-0.001514788833966685,0.006332190315938734,0.16836291016734406,-1.0210422298774107,1.8680276662795399,1.5901611107388531
-0.016007402638606415,-0.011221006410290727,-0.0012720542842237388,0.006293462956795808,0.16176246918882956,-0.862637367778083,1.9148582386640534,1.4058258552518144
-0.016013827853712866,-0.011349872478093305,-0.0013874777188767242,0.00621963268911168,0.15826330775593347,-0.9329045566959754,1.8477970482632846,1.46512268429033
-0.016140165788163758,-0.011013833071977128,-0.001020369519975502,0.006209921231556763,0.1505037997249661,-0.6949536763237282,1.9333094941184912,1.203846833780876
-0.016101718895187606,-0.011143646265787233,-0.0011564534853856184,0.006206147938764577,0.15450232316862791,-0.7830619227004041,1.9006165624606326,1.298632019477478
-0.016563703297778988,-0.010758947282490824,-6.634854757988424E-4,0.005756338674400954,0.12277923196096906,-0.4420384243480617,1.784295588625988,0.8370078816151342
-0.01627895164508871,-0.010935277160152676,-8.978318808861523E-4,0.006059022354114385,0.14294354001696033,-0.607150463307753,1.8854516017191425,1.0750492523617086
-0.016399253060510863,-0.010815243209185112,-7.544571126508094E-4,0.005943884566813915,0.132003328739687,-0.5074159353102486,1.8578302475134774,0.9453850809533734
-0.01677346589195804,-0.01068341339751885,-5.569512494568548E-4,0.005525673560878442,0.11116709934966605,-0.36503938152565435,1.694434949578895,0.7143156111477792
-0.016956364918377986,-0.010601177069527703,-4.620471032173416E-4,0.005334092521199603,0.10381719371206748,-0.3002429292944841,1.6209818123242499,0.6120335012653969
-0.017607809938094077,-0.01047113369543478,-2.9569691746983987E-4,0.004681009415503868,0.07835706704360508,-0.18339050392515607,1.362852785984192,0.39833232402984936
-0.01725880913437019,-0.01063623196624757,-4.392241183948649E-4,0.0050064872672935705,0.09096702753398349,-0.28097599947237023,1.4814628388577729,0.5415208379403892
-0.015514556646677058,-0.011743980122739965,-0.002082964002869636,0.0066084441017219804,0.20065422984464434,-1.3939237674949254,1.8241098718820512,2.0885432605283722
-0.0156189374748803,-0.011646121231164923,-0.0019106134261066587,0.006546702915986024,0.19145686534754627,-1.2831394103492297,1.852723390447945,1.94313605032687
-0.01558437247687122,-0.011725387644352367,-0.0020103199400605554,0.006531904871246883,0.19437362319767745,-1.3419769393375993,1.8112591361054953,2.007263843595226
-0.015735247465312865,-0.011592386183249126,-0.0017776553709764752,0.006432679665682625,0.18088317013224872,-1.191958396632298,1.8388321180613865,1.8082542794353882
-0.014886782150210331,-0.012154132544807364,-0.0030931146821984172,0.0070214511875831805,0.2683423243163155,-2.0267110863206557,1.617184569328441,2.993454761943188
-0.014864895602409495,-0.012190209147884124,-0.0031519489508382574,0.007005425436717422,0.2687781104017559,-2.0559102608802693,1.5807699558294663,3.0270825745633836
-0.014841413240237068,-0.012223353084026566,-0.0032100284544803355,0.006994032393573186,0.2698290888899801,-2.0851429840576703,1.5467115524233626,3.0624746338242868
-0.014955987478693103,-0.012111412172420016,-0.0029723354022540252,0.0069826487555618875,0.26019023967550026,-1.95417139995074,1.6534324149182698,2.886774736222962
-0.014939871969988222,-0.012152430034785763,-0.003028069019103982,0.006955296460682725,0.2594322547531176,-1.9803391959405319,1.6135419992246318,2.912481679959988
-0.014814426685499833,-0.012261285468860655,-0.0032765803367454317,0.006979915460592656,0.27099113947768844,-2.117999479534854,1.5067451491333752,3.1022746473016056
-0.014806773358058557,-0.012307170967593014,-0.0033246388155402616,0.0069306093520447145,0.2678039726360078,-2.134168952106021,1.4575688577212398,3.109456328747894
-0.014709973338581138,-0.012372211066365381,-0.0035047990591065797,0.0069614202752989575,0.27802990724310744,-2.2324021390628777,1.3814543095887515,3.2533121491909394
-0.014753174188466953,-0.012359140604010005,-0.003436584850281235,0.006927376819015736,0.2717829219169341,-2.191185955014822,1.3994005373210177,3.1864546208864826
-0.014681980501283937,-0.012444046302149781,-0.0035984075654848136,0.006896084489279883,0.2748928277306079,-2.266046470774521,1.2992698838637156,3.2817006985831587
-0.01469991992806079,-0.012410293180457398,-0.003548214312270148,0.006921550180618615,0.27531627230550537,-2.2463111435707392,1.338517502856293,3.2611920553738645
-0.014795096154676743,-0.012346140916726969,-0.003371263106772798,0.0068943430028893735,0.2659714141075585,-2.1515205030761932,1.415635699999764,3.1224471134751077
-0.014782960296819359,-0.012378731780624527,-0.0034127693947130174,0.006866243289221763,0.2646804309924928,-2.1673504486349526,1.3804018541901726,3.136066040367294
-0.01546458111148743,-0.011806852892785834,-0.0021826430889775434,0.006621988099192406,0.20493991384111213,-1.4544707233254444,1.7950764484899684,2.163626185906272
-0.015407920885499748,-0.011842855770246463,-0.002264862871729001,0.006664943810830418,0.20970698804481874,-1.5080311345366817,1.786047982305902,2.2391998657639784
-0.015371194210093636,-0.011895245539435932,-0.002345823817895345,0.0066659041244194065,0.21270507859587182,-1.555346072970826,1.755878317044693,2.29632254482614
-0.015300563717776366,-0.011930995555867392,-0.002444071737127514,0.006724378158956949,0.2197322225754255,-1.6195587090799408,1.7471340989466386,2.3902767292540843
-0.015161675083419698,-0.011959080286214245,-0.0026068027450107754,0.00687894484549345,0.2383792770811318,-1.7328752587229825,1.7603487549482388,2.5748016779501164
-0.015115754278911509,-0.011991052375092754,-0.0026843765151580963,0.006906548667413993,0.24364594330044215,-1.781255832436265,1.7417068177518846,2.643360795269261
-0.015239266073522531,-0.011985869260789326,-0.0025535144273552365,0.00675054731047722,0.22559269063742513,-1.685808709111894,1.7162505385322164,2.4789276278826904
-0.015095269204635482,-0.012038280010947948,-0.0027498793513638115,0.006883226006336933,0.24293724556768384,-1.8150169861404635,1.7015525214636054,2.6788330382213825
-0.015051225439356473,-0.012076805960216435,-0.0028328948119945726,0.006898450006090433,0.24740532531414453,-1.863890008834501,1.6729976813043106,2.745375510422033
-0.015006548850671944,-0.012100001252072645,-0.002903892002023956,0.006930274960997245,0.2527609903953239,-1.9081782174489323,1.6574801320213213,2.811398510500719
-0.014655118732148843,-0.012493854244763644,-0.003672296418632774,0.006857471258623393,0.2739132571646676,-2.294335768685666,1.2402885414039841,3.3109259850647077
-0.014690006112515154,-0.012478255893388647,-0.0036126087752889184,0.006839841769345039,0.26976813756583296,-2.2617642104377196,1.2633023803082795,3.2600277285013273
-0.014513787309010567,-0.012660659367007759,-0.003988363638871835,0.006767899703056885,0.2772176385472087,-2.4221001355651275,1.0204160252137864,3.474067730938619
-0.014531848139846862,-0.012638338349122341,-0.0039475913881071335,0.0067825011977143265,0.2770484080891587,-2.4070908185024162,1.0507567318746698,3.4552532170330186
-0.014650282728106647,-0.012529938410046694,-0.0037046350628042097,0.006812268692010151,0.2704096828767997,-2.3003505600142145,1.2002794928450113,3.3073378342324564
-0.014642056844883004,-0.012559464373015791,-0.0037365173846900914,0.006779680087662723,0.2685519749533867,-2.308539598152367,1.1667735883995156,3.31049454538
-0.014556536197472306,-0.012616180931671895,-0.0038970639734821956,0.006789370190086041,0.275799032264545,-2.3855218610751154,1.0827341893079678,3.4250151496848322
-0.014609694336898838,-0.012572179423048276,-0.003791081332107988,0.00679656135365528,0.2720844952890771,-2.3379350572889224,1.1452105376197717,3.3572260430536405
-0.014582133398338547,-0.012597064340640316,-0.003847299682237387,0.0067901929236385316,0.27382779507064753,-2.362744482902425,1.110960191473219,3.3917377447078754
-0.014312971707735413,-0.012762121422773403,-0.004360105697112066,0.006808571444895392,0.29754198326720455,-2.5934364185553522,0.8196872267309393,3.7495540590250163
-0.014306149596813287,-0.01278500822948899,-0.004383277651503765,0.006777792370115938,0.2952101005496639,-2.5949311590300446,0.7905508425358586,3.745115282779268
-0.014294574966485847,-0.01279845157120146,-0.004409057706485949,0.006766660255255984,0.2953066265897119,-2.6025642826063953,0.7692276508007732,3.755051014117952
-0.01428717776471545,-0.012817946026715467,-0.004430935196274137,0.006741579412610833,0.2935376703931314,-2.604791294487377,0.7435814740825972,3.7533034761772432
-0.014338617795508048,-0.012753509078172815,-0.004313996669680795,0.006797951875016423,0.29440518764769535,-2.5712724394774633,0.8428521855927354,3.7116505838766893
-0.014372975030950634,-0.012750277199600155,-0.00425738878829823,0.006770045864511859,0.2889437226256968,-2.5401744844697753,0.8636776574095529,3.6559388805363384
-0.014522287796537043,-0.012690983620844004,-0.0039940245269652055,0.0067140540250529715,0.272113309837104,-2.4119457220266205,0.9908231426948546,3.445681015571385
-0.014407032576038148,-0.012745254703586966,-0.004201033727254058,0.00674504272931394,0.28395890231712934,-2.5097701733310185,0.8853203861902551,3.6025279458753308
-0.014442280193466906,-0.012737038873264028,-0.004141792387463271,0.0067235378756123065,0.27915591664279416,-2.478965746275548,0.9098696866385146,3.549844845823603
-0.014478018780512981,-0.012727341137292307,-0.004081709622935287,0.0067033981155134635,0.2744508789604118,-2.448060726214584,0.9350614519536579,3.4977328453593337
-0.014513335581871583,-0.012718627266069633,-0.004023571959039507,0.0066817515626818045,0.27005665806027573,-2.417322067124678,0.9581553319796413,3.446102794670081
-0.012463634192265595,-0.0143509201976938,-0.007251403144241118,0.004105995911391549,0.23522744253876696,-1.9360049965130954,-2.259695607523071,3.1835658732165295
-0.012463751661131157,-0.014366944514724866,-0.00723226817549725,0.004080264452538281,0.22743951268072946,-1.9210867538078593,-2.2552651363532354,3.1549488522964073
-0.012477290724274193,-0.014343159065406775,-0.007238454509278548,0.004128780477639197,0.23685793091346166,-1.950275316990817,-2.2439353787541774,3.1983534485005656
-0.012477449694629354,-0.014359168768124873,-0.007219437173926571,0.00410297310431379,0.2272936921766728,-1.9353932868127153,-2.239693579093878,3.169582504976727
-0.012490922821849835,-0.01433535505992158,-0.007225451138083472,0.004151494974586653,0.2369432518224036,-1.9644419988210213,-2.2281419934022813,3.212997473591193
-0.01249108833043925,-0.014351325968324351,-0.007206614183453571,0.004125656534276215,0.22742084826606154,-1.949617659736633,-2.2240528746985384,3.1841953420218503
-0.012504530351169439,-0.014327508257654867,-0.007212388216273065,0.004174147987591655,0.2357969257268959,-1.9785375108164789,-2.2123027058493308,3.227448750085454
-0.01250470224510144,-0.0143434511948825,-0.007193707221386669,0.004148286974116302,0.227976739347542,-1.963734867326451,-2.208306620889273,3.1987175332346243
-0.012436569094092539,-0.014414931105603069,-0.007218994047264158,0.003984072081910672,0.22278012561819982,-1.8690841481068838,-2.266580706990602,3.074456472711264
-0.012450189106216042,-0.014390949001965967,-0.007225918519307273,0.0040321011477427995,0.2262799627209451,-1.895557115923367,-2.260050500279316,3.115363539825975
-0.012450488533736386,-0.014407493062207557,-0.007206044000935733,0.004006394094931031,0.22296275763635862,-1.883302452605643,-2.251181250120922,3.0887687580069065
-0.012464065812423257,-0.014383324434035139,-0.007212943859606426,0.004054695381663496,0.22655347616332464,-1.9098588323816486,-2.2444696314032413,3.129884336363613
-0.012409909998598069,-0.014448056597362912,-0.007220687577429083,0.003912020619600083,0.2192262145614865,-1.827982040698478,-2.2849566699861,3.0171576771845676
-0.012329221174503378,-0.014529421399391576,-0.007242096593391519,0.0037240209572213866,0.21171821069067862,-1.7169917116195599,-2.3447337305412717,2.872544148948437
-0.012342799288570815,-0.014518945047091168,-0.007235142125752774,0.00375081995243455,0.2124342993052992,-1.7335063427200712,-2.3333859643554717,2.89216232629095
-0.012355809979056026,-0.014507223722181543,-0.007230357978507184,0.003778975094933461,0.21341045115055304,-1.7504338486055613,-2.3233349701029087,2.913402026516715
-0.012367197536207125,-0.014490534914656818,-0.0072338701572067015,0.0038132383777397627,0.21528628341548423,-1.769670899983378,-2.318135567858709,2.9416299684730407
-0.012379679263967113,-0.01447814594531576,-0.00723024824535866,0.0038420411423006674,0.21647905606127202,-1.7867092265083866,-2.3086864052532414,2.9637116666981043
-0.012394647194508461,-0.01447380065027413,-0.007212921139846159,0.003860674832438012,0.21597945593245207,-1.7996926821168506,-2.291085928906458,2.974033165630192
-0.01241066925878683,-0.014466103025811541,-0.007197897852516222,0.0038850971851209118,0.21610696282374242,-1.8155754659038161,-2.2738403460760996,2.989515465894458
-0.012320063701287373,-0.014562108498842609,-0.007214652800753166,0.0036687430146360826,0.20701568665693523,-1.6888053779539012,-2.3364095528410807,2.8216680951169955
-0.012332646955295812,-0.014549732036961997,-0.007211835467256248,0.0036972571031271997,0.20812554170524075,-1.705767585753815,-2.3278515320999476,2.8436144160166585
-0.012423914788609621,-0.014439902420088531,-0.007208936647616363,0.003935567510350576,0.2195378190757535,-1.8428725654956348,-2.270330558180866,3.032812710930123
-0.012437191171895616,-0.014431467306517223,-0.007198471582040158,0.003958903465026507,0.21993733756973333,-1.8574078511302885,-2.2566948073266393,3.0486151865633198
-0.014102655962354884,-0.01293267469343267,-0.004794000885868209,0.006706590507699146,0.30673395994091934,-2.7353074304582523,0.4937400303645875,3.968638528534903
-0.01408399277851762,-0.012957651267171804,-0.004836029926218879,0.006677739183669067,0.3056229208056933,-2.7419471002624927,0.4523656690903823,3.9759753754989284
-0.014093319600733479,-0.012945187800681593,-0.004815082539587634,0.006692198912244263,0.3061725831576973,-2.7387089239098983,0.4730380128335642,3.9724039047104465
-0.014128521303183613,-0.012922610173533326,-0.004745052552180364,0.0067030001096929645,0.3039873625054819,-2.71611879088937,0.5244266820488254,3.934157424053996
-0.014119240736049046,-0.012935567318309743,-0.004766210667210145,0.006688102482398349,0.30336161003892803,-2.719553293461128,0.5035434958099235,3.937729997490736
-0.014143377331107607,-0.01292410910031471,-0.004719985686478372,0.006688191927132997,0.3012301440942685,-2.702432508304,0.533952465116672,3.9077188307623034
-0.014157073055965384,-0.01291504899156113,-0.0046928142202623995,0.0066924248633696845,0.300332760751541,-2.69349235881267,0.5536775966990185,3.8928976882187287
-0.014191918056498257,-0.012861841333100824,-0.004610554423742007,0.006753501916002518,0.30310127432408557,-2.679503799078318,0.635709418157402,3.880103342698816
-0.0141846269070081,-0.01289962822576833,-0.004639425797773585,0.006695616116339149,0.29820145995743225,-2.6741554340654456,0.5898131819493527,3.860185772985703
-0.014190966241367687,-0.012882354538536289,-0.004621259132971675,0.006719517338415652,0.30001024096839934,-2.67400973232572,0.6127626478033794,3.864329775186668
-0.014177440548362716,-0.012915198094275639,-0.004658115230768437,0.006675210462660952,0.2969151205876332,-2.6754052339918064,0.5681238249548439,3.8586731390982902
-0.014211275473993801,-0.012856831178868183,-0.0045755330523975105,0.006745013513186958,0.3006141637873135,-2.663437435607971,0.6541645091603118,3.8513049092949747
-0.014227790793393034,-0.012851128368323911,-0.004545165752204928,0.006740026458933593,0.29863024435425434,-2.6500871609922885,0.6711505770232714,3.8279069290088574
-0.014244914574912929,-0.012846938037121086,-0.0045146359441176715,0.006731828546951348,0.2963595266903099,-2.6357507135947222,0.6865311244425253,3.802347194818978
-0.014260407632111347,-0.012840106305076454,-0.004485726585899869,0.006729327581147587,0.2946483439880256,-2.623549803271339,0.7035222439317725,3.7816368147385844
-0.014280405869154517,-0.012840689226847772,-0.0044530808535406564,0.006710447417151923,0.2912026698653482,-2.6053046212407476,0.7149079935723646,3.7477007274406415
-0.014014425312978765,-0.013004162904079852,-0.004975095272957295,0.0066480852153773945,0.3072562316642072,-2.782549704547644,0.3432488235451486,4.0455602393033745
-0.01399842348874068,-0.013002100865175385,-0.005003398678405963,0.006663936607185621,0.31586455073475195,-2.7961287396663175,0.3357210188748521,4.073218255297678
-0.014039976060173704,-0.012993522744570865,-0.004926204332867168,0.0066482654331191495,0.30743764857100814,-2.7647859112340147,0.378492128021829,4.0135901940665955
-0.014030758940895838,-0.013006302787248396,-0.00494672584361288,0.006632411391370976,0.3067581208507066,-2.766981156163938,0.3573306189440653,4.015601890506223
-0.014074798344883212,-0.012970285535401888,-0.00485670621664834,0.0066627283546597605,0.3049805125190672,-2.74482259637081,0.43159541158025777,3.978919757115026
-0.014065573592753552,-0.012982926016932158,-0.004877333408120365,0.006647584924715425,0.3043289075194568,-2.7475419308358333,0.4107758494786283,3.981673879657233
-0.014056316872797158,-0.012995580097324426,-0.004897914591374556,0.006632297627705778,0.3036671263410411,-2.750103018110447,0.38989722148077405,3.984232990143822
-0.014090991498106345,-0.012972494903233912,-0.004829071121003171,0.006646231180211663,0.3018430617184617,-2.7299093892988338,0.4424267523767292,3.9496294886205576
-0.012095794527344056,-0.01474228229877344,-0.007285572881812921,0.0032191235281733414,0.19434852178712395,-1.409874049477376,-2.483468601791008,2.481626423352654
-0.012119047970855418,-0.014735552440823309,-0.00726467754974369,0.003250097490042393,0.19378439678194534,-1.4324006550419586,-2.4620683809221067,2.5017625018790373
-0.012188935470234584,-0.014666655267294581,-0.007263873601285715,0.003406719736518769,0.1996417405594557,-1.526739297259434,-2.429794922262799,2.62543847844829
-0.012143753355184556,-0.01472670844569931,-0.007244402544995956,0.0032849391052936073,0.19343917516203277,-1.456968904861055,-2.44025609390861,2.5249847025668486
-0.01218448870995771,-0.014690637540827273,-0.007238312409578815,0.003370392209514715,0.19623826724032825,-1.509291277955484,-2.4183598967040063,2.591083483981565
-0.012169141818504856,-0.01471491932884454,-0.007226720927485509,0.0033240380264150412,0.19365224703142628,-1.4834614666855257,-2.4193770728226363,2.552021607171866
-0.01232645923628754,-0.014586409114953382,-0.007175251450818833,0.0036392576610396947,0.2026375829464123,-1.6772767905435855,-2.3134345932883,2.7886224699696105
-0.012311006379035391,-0.014603221499782637,-0.007176296795844527,0.0036023566952795923,0.20104188233730888,-1.6556796444410538,-2.322488184083349,2.7597592892608884
-0.012293959200645346,-0.01461918152633246,-0.007180313167831247,0.0035653759179625206,0.19978634544461582,-1.6335325936491618,-2.3336896806802305,2.7315664441970053
-0.01227881304426437,-0.014632512077152963,-0.007184649929288941,0.003533743794067395,0.19863469951014529,-1.6143782229393602,-2.3438572937359115,2.7076646123517625
-0.012211040505654382,-0.014659170608089672,-0.007243682186417502,0.0034370546540250717,0.19925710214694006,-1.5481347368436877,-2.4084687580057196,2.644925101922898
-0.012257416897116041,-0.01463411504310909,-0.007212310636520946,0.0035128677222360937,0.200026957400203,-1.5979406426324456,-2.368999751323495,2.6976660043618312
-0.012234131167672831,-0.014648594330672103,-0.007225833683758484,0.0034722751516844397,0.19932409755454963,-1.5718957935897595,-2.3877472207942483,2.6687414096185686
-0.011079506313870367,-0.015543674139295732,-0.007022905180523144,0.0013650756045983337,0.13713148759157062,-0.2522330027392482,-2.555097860037266,1.0060824939959405
-0.011123955176161632,-0.015520006329845133,-0.00703398559190008,0.00142966295755641,0.13896526955021396,-0.2947114601225049,-2.5580750332922015,1.0564341171098441
-0.011163605211766252,-0.01547456582320262,-0.007079950266539168,0.001502353980815197,0.14324234258615778,-0.3342242125632524,-2.581851659224895,1.1164550787076175
-0.0111927875020673,-0.01541958813980162,-0.007146439693818227,0.00157048571925083,0.14871948567495974,-0.36482032785493423,-2.6189382362751563,1.1745669620197308
-0.011229210333539843,-0.015359626721751883,-0.0072157270342826174,0.0016527701474548817,0.15496776303399093,-0.40460559286345893,-2.657057185207098,1.2450040481804583
-0.011296330019415095,-0.015312539676295043,-0.00724235126143346,0.0017651702658023265,0.15827809281083363,-0.4757357253302739,-2.664892271290092,1.335204139417373
-0.011709912756572002,-0.015014131610205468,-0.007340840786787969,0.0025020090349489005,0.17825616021776747,-0.9464611106773041,-2.6450331896048627,1.925179459145282
-0.011690502021330394,-0.015047515227583628,-0.0073105151422532795,0.0024468699427884124,0.17469658803566027,-0.9172170562439668,-2.631922578207899,1.8772013749481269
-0.011750705643346607,-0.015011457441818116,-0.007303033510760975,0.002549762841485242,0.17611681232535534,-0.9859070557986263,-2.611730172201423,1.957045197040855
-0.011371329996876135,-0.015307390969390584,-0.007195078531591914,0.001856717945805412,0.15534493709674754,-0.5500718570991735,-2.625577893881023,1.4013833709148604
-0.01169270138992542,-0.015096417391918634,-0.007235848029210414,0.00240132146426904,0.16762390807035854,-0.9041911842734549,-2.5870784307795396,1.8308613173767196
-0.011643534640827206,-0.015092603469962454,-0.007288794383735986,0.002350586249639044,0.17112845494924264,-0.8590847581755013,-2.630286572156661,1.7986370278468022
-0.011609924892377695,-0.015125105837879625,-0.007271630431798682,0.002282339796742528,0.16813776984808015,-0.8179121134984048,-2.6276473380274763,1.7426671918630152
-0.011436093086384871,-0.01524166706838101,-0.007245247371075931,0.001982911999372684,0.1611132135960586,-0.6234826850937067,-2.6457715595120708,1.5051213807812969
-0.011430261880573105,-0.015292199199391022,-0.007172912830190315,0.0019360443160361428,0.15488419558548297,-0.6092929841064096,-2.6029756030821503,1.4605547453626848
-0.011571881245164638,-0.01516045308019523,-0.007253109193158446,0.0022073045480485542,0.16536318152289664,-0.7723901026010148,-2.624769823673273,1.6814771520861316
-0.01153048022485099,-0.015193017383207497,-0.007240413592984712,0.002131778455116498,0.16299056329973496,-0.724950621569661,-2.6255433242585684,1.6208393521938194
-0.011485452644673967,-0.015220122753820719,-0.007237609231816861,0.002057396209348715,0.16147613073539377,-0.675680655889895,-2.632413660047105,1.562432961336062
-0.011795757462478178,-0.015005643377567124,-0.00726465023484017,0.002604574106060392,0.17438816975453023,-1.0294753218415158,-2.5766795809878165,1.9940241828431498
-0.011836265247926792,-0.0149907326701312,-0.0072432316563023095,0.0026634210889607992,0.17416476067687334,-1.071571910291418,-2.552478303574537,2.0365980986001833
-0.011951885794072204,-0.014899288493553644,-0.007244323780213336,0.0028848671412759976,0.1801238093953896,-1.2112788433860697,-2.5158461204531037,2.210286285138421
-0.011870563523474606,-0.01497123919842574,-0.007233998137007131,0.0027204249617787802,0.17487127343606093,-1.1097576997309622,-2.536746516059249,2.079727520569518
-0.011919568777292262,-0.014924180400212891,-0.007246273007610777,0.0028234055789473204,0.17865303558480208,-1.1723294837765648,-2.5279404852374037,2.1623894674690423
-0.011889647755722828,-0.014942600354224815,-0.007253743007103537,0.0027718239019525093,0.17759983762099849,-1.1384178434780936,-2.5418901275554697,2.123429870975208
-0.011980875843093422,-0.014835971369748064,-0.007298976800857484,0.0029888369417026997,0.18782033406850782,-1.2655452894035857,-2.536445278298629,2.3022260857182295
-0.012014037117601123,-0.014827762479447337,-0.007270403971618431,0.0030320947547058733,0.18674353694421245,-1.2978331965244785,-2.507950341739048,2.330897147548631
-0.012034637301784395,-0.014807008310534251,-0.007273918716012775,0.0030779137108685635,0.18856153554309177,-1.325417812060157,-2.502027612251624,2.3676300363334595
-0.012094357558984789,-0.014765208348708595,-0.007256325078494707,0.0031884460078893473,0.19091135718016392,-1.3963349445627713,-2.4681421033217505,2.4512955677286397
-0.012078175885094626,-0.014778390489787694,-0.00725890949489759,0.0031561577012461308,0.18998752630720106,-1.376173521251549,-2.476279828359338,2.426349939759353
-0.01205691651785988,-0.014792540169294861,-0.007266219591264461,0.003117741353400896,0.18911903255155013,-1.351336428102736,-2.48894721940953,2.3975479333137755
-0.01198410842147526,-0.014877507087691833,-0.007237150581400909,0.00294274400113147,0.181251125125231,-1.2487876711290677,-2.5004087807464894,2.2544307842007645
-0.010641223775195678,-0.016127906781443883,-0.006345612652793454,6.642537237246635E-4,0.08732245846127491,0.0821760612559321,-2.1847903649815867,0.44441210627524974
-0.010669270509957935,-0.015986624042601788,-0.006535608400072402,7.304806675395386E-4,0.1004191912875967,0.0777529468996234,-2.2891498647547555,0.5002857977551115
-0.010722831848438426,-0.015856591011556034,-0.0067075838000483215,8.269407472088604E-4,0.11037584185984362,0.050954929145697526,-2.3858707727916286,0.5780031517282801
-0.010838441158509564,-0.015728056188777928,-0.006857148958917362,0.0010021269154269884,0.12283754662753235,-0.03716025488408702,-2.470176887374804,0.7182727092188772
-0.010813799178048334,-0.015819573253650847,-0.006730419187068288,9.398437237139479E-4,0.11436067117293999,-0.02430620222840435,-2.3973610983725364,0.6644487720725174
-0.010925426007010512,-0.015708373813827954,-0.006850145137381131,0.0011084268887802742,0.12369375915185535,-0.11444947256581686,-2.462585075739442,0.7986949068145178
-0.0109857162599171,-0.01564597844585513,-0.006915979807743709,0.001205101497398849,0.12774854446291004,-0.16619813969924402,-2.4982045154546175,0.8755384029328227
-0.011051099390687685,-0.015595619948333635,-0.006959167361670182,0.001304703191069111,0.13212237269829433,-0.2260552357237242,-2.5191504273758203,0.9551214376097347
-0.010998435022671746,-0.015733545498689508,-0.006779787767319002,0.0011777586947253102,0.11867751028553457,-0.18034884097117543,-2.4179842235803783,0.8478141626394246
-0.019173893676269066,-0.009363637552801469,1.767881013438859E-4,0.0033851154120521114,0.032943952401704835,0.13623588059722155,0.9234349670785084,-0.04158220491193062
-0.017973358771705226,-0.010279959320135519,-1.6617792022421775E-4,0.004357916564562413,0.06771034154074061,-0.09836661676892944,1.2474940030379436,0.27369393027342165
-0.01836820448125864,-0.01006802660091124,-5.5406287472146576E-5,0.004026449024761428,0.05708398139491926,-0.02489600815084177,1.1321123284984935,0.16738549702058292
-0.018778514674104838,-0.009795467161073837,5.0212959989900134E-5,0.003698785302687437,0.045405528193751314,0.046116451580993194,1.0236683036602996,0.06884154083560902
-0.019880119513193392,-0.009569574988063307,7.742304256041398E-5,0.002924927004804566,0.023222234748660062,0.06690706964405689,0.7936471430268393,0.002162580151272336
-0.020557897846244927,-0.00981297864330843,9.30551942778715E-6,0.002513817174147191,0.020474288517087633,0.014331115382086443,0.6959605785866777,0.03935276215665378
-0.021230561396459388,-0.010077351495260808,-3.0720198478956886E-5,0.002124915671980724,0.02224686987769443,-0.024712956999581207,0.6204988899275178,0.06756597231411103
-0.021756593765190874,-0.010433054783334431,-5.8513359068909385E-5,0.0018253047499534492,0.032120554859582186,-0.06027709920570059,0.5733089664194936,0.09730124714469955
-0.017941141556831967,-0.010657066130021355,-3.5912994327923393E-4,0.00435444237984356,0.07017029039827928,-0.22667004966935575,1.228050170838683,0.40438409667256353
-0.010306785656838896,-0.016273713881130584,-0.0062071057566763545,3.088743568914392E-4,0.07925592177588779,0.3034106805412027,-2.1037042333661087,0.18249299025730734
-0.010505060328016494,-0.016229300313216795,-0.006237506388572302,5.081119090097015E-4,0.08187930898384248,0.16816324522295462,-2.125622209355088,0.32729044597518925
-0.010209144000724974,-0.016463124412014515,-0.0059667101205352,2.0136154851220964E-4,0.0663650876234877,0.3275956250884768,-1.9757163952325405,0.10196841361564575
-0.00986183424298063,-0.016809908838366323,-0.005543328448850213,-9.350180174907097E-5,0.04727733401345002,0.4501162194752576,-1.751259675584732,-0.10419199569581696
-0.01007719070101113,-0.016646164419463882,-0.005742911081811111,7.913622225595803E-5,0.055479086902840445,0.3681444917761369,-1.859023319363742,0.016063324261502362
-0.009652904627057333,-0.017575883027557568,-0.004716935765384127,-1.8249246311349964E-4,0.021592489838451596,0.3783673477518517,-1.3817735252144734,-0.16032391133250398
-0.009879649594418036,-0.017306774855874348,-0.004999109956794829,-5.8955150423039896E-5,0.02783179363327881,0.3355608177085481,-1.5094732579333179,-0.07939617250244822
-0.010016703114583608,-0.017081991322083816,-0.005240350033930982,3.0020047758376515E-5,0.03590304829177709,0.3107794937654096,-1.6211345050320831,-0.019112988858884686
-0.009801244243282095,-0.018405788154070395,-0.003991562987505689,-5.95430923605227E-5,0.010277611482163128,0.2138530794213825,-1.1147432075562962,-0.07474659643619695
-0.009644835674964014,-0.01884292725702433,-0.0036436586965781057,-1.0221156185069055E-4,0.009955643034208143,0.21325733774311015,-0.9940772678399904,-0.10188706324593537
-0.010196998806434024,-0.021213732415324007,-0.002133095910393299,4.699425996991948E-5,-6.711645978659818E-4,0.013138135486791701,-0.6227376657840452,0.030071317256786894
-0.009806059883446348,-0.020726173255470798,-0.0024149418444167517,-7.741433653492573E-6,0.009857518485144918,0.07537792114954635,-0.6734429438989898,-0.024251697177303955
-0.009481728672732783,-0.019390966791995635,-0.003243103348709259,-1.2477227624890392E-4,0.012158409256394803,0.2028221343561947,-0.8693277130440713,-0.11619580735873095
-0.009645087490498212,-0.02012043720762673,-0.0027761568632299807,-5.060831519947429E-5,0.010983212026728464,0.12389596029314333,-0.7508901784263794,-0.061262706391554185
-0.009973444315074421,-0.01795987138166997,-0.00437535376759782,1.0865807241534695E-5,0.014849088532022488,0.20553991289777526,-1.2600379923285339,-0.029201613457150728
-0.02270917395519948,-0.010380494186878407,-2.930359180966754E-5,0.0013120653699235179,0.03165753427866035,-0.04272548147855655,0.5251735707072472,0.07365694296315506
-0.023864759669274968,-0.010941279638486096,-1.515142805272837E-5,6.665211239750826E-4,0.07180142865224164,-0.04637509559709524,0.5072950425138937,0.07511672917653812
-0.025,-0.011493410904072555,0,0,0.13840222588883533,-0.0012619637635206365,0.5423426123596145,0.033725866118184115
-0.010020730627239013,-0.022696862365635267,-0.00132473137189093,1.2342950543088952E-5,0.004933312894451351,0.017759315466632317,-0.5293335547895844,0.01329554339018281
-0.010607214049537395,-0.02196976802433107,-0.001703918966035158,6.669848184030532E-5,-0.017575200792707496,-0.032485332408687805,-0.5614929178634718,0.06765815845500035
-0.010749621461614395,-0.023858187393763233,-6.748202789718098E-4,1.2918951843795825E-5,-0.04337270098324748,-0.010581459019555069,-0.5140720843782317,0.03986586933796932
-0.01149341090407286,-0.025,0,0,-0.12314113234418787,0.030273085902664653,-0.5430556913789465,0.002556568419848802
-0.016718054945721168,-0.010872795696813901,-7.156502537149824E-4,0.005545957226755842,0.11541535793886644,-0.4700700271446814,1.6779030712441219,0.8272716877350973
-0.015874677232648515,-0.01154463928439201,-0.0016429156331067426,0.006284730104938979,0.16818660064071447,-1.0977707914591954,1.8068684419202266,1.6644813949468371
-0.01600953409635326,-0.011482877845637689,-0.0015075891320078508,0.006151872316300626,0.1579242792436224,-1.0044062742432252,1.7811210906108776,1.5282440863352138
-0.016149925281306692,-0.011270962914557939,-0.001249157550061371,0.006086537642684057,0.14833438995104575,-0.8385088773093533,1.8184401917297583,1.3302989661948412
-0.016129394818277326,-0.011407914885880197,-0.0013777665297292328,0.006044068438779107,0.14880840680748342,-0.9159439317034945,1.7650438953363472,1.4067270984789444
-0.01628850834633921,-0.011138413753400463,-0.0010730703963021011,0.0059718261146397555,0.13909244558212322,-0.7192552373569256,1.805655518485789,1.1755381923871717
-0.016507678412888544,-0.010976829339939789,-8.586874725380921E-4,0.005762827283250437,0.12665778218818177,-0.5710534193529363,1.751887851047892,0.9741889960027023
-0.016975086238735313,-0.010868307656410522,-6.493614799022285E-4,0.005261217519322077,0.10092779951975563,-0.4236417902339676,1.560820431491335,0.7276574203554543
-0.017604525440166437,-0.010822466870070522,-4.953153801329459E-4,0.004637052348227966,0.07933073205744302,-0.3161695876353256,1.321234451167599,0.5283116722858189
-0.017884740961480492,-0.010998816701036612,-5.373371352303049E-4,0.004351380900465349,0.0735795836250883,-0.342989754298673,1.2044654369445917,0.5241356302732357
-0.017304822181865343,-0.011015388468203024,-6.681174388918934E-4,0.0048867567490810055,0.08935634031656538,-0.42925462923674046,1.397157411128896,0.6791798392892988
-0.015573439384716954,-0.011827968660491898,-0.002111677135075264,0.006464613626991376,0.19079387765251046,-1.3963950214905256,1.7412822815927476,2.05271699638536
-0.015687582170667475,-0.011743856546675643,-0.0019485274026650493,0.006385571343314232,0.18132269522768826,-1.291908931444272,1.759132075982041,1.9111579657454068
-0.015828897473356644,-0.011672412863770127,-0.0017855956441079643,0.006258838413260513,0.169066118480709,-1.1826928493897781,1.7495026169342272,1.7544878965773643
-0.015789240588325763,-0.011796149660614805,-0.001918607028862003,0.006220823666665332,0.17002457190036163,-1.2588244243250104,1.6877347329518013,1.8326183303982926
-0.01486088434997181,-0.01225623818860275,-0.003213793423946616,0.006928679320039569,0.2638375185740618,-2.0756286979622214,1.511341753047844,3.030186935260518
-0.014914384020854163,-0.012191713850400994,-0.003093009646175465,0.006940834347827792,0.26050775208553834,-2.0132402023237277,1.5755616826937053,2.951205165127544
-0.01488829340957804,-0.01222895082929029,-0.003156794168834487,0.006928335648846001,0.2615702265545797,-2.0452151692941594,1.5388183326072677,2.9896829165338104
-0.014961709687791157,-0.012189450420738488,-0.0030346856670881443,0.006883992451430375,0.2531327792346163,-1.9724604112383914,1.5736419245333018,2.8808223689525176
-0.014997673749123835,-0.0121502249020055,-0.002958736537606672,0.006884274141176949,0.2501865231060028,-1.931172454448699,1.6088507103969538,2.8272556278299525
-0.014842919258614284,-0.01233835484764402,-0.003303678044064119,0.006847246549264419,0.25896891149549667,-2.1079769860381474,1.4256272207529328,3.0499419863637
-0.014854347072966201,-0.012294545383998072,-0.003253833035179099,0.006888797422124094,0.26119613848306966,-2.0896622142061116,1.4712480130568897,3.037153431179321
-0.01474951103598405,-0.012403765716432634,-0.003476329835888972,0.006872407797621869,0.2678186366079814,-2.200694577474422,1.350953444602768,3.1837002464263375
-0.014727055301541276,-0.012452627894578598,-0.003543310045258138,0.006832750723193081,0.26643382526991616,-2.2262135986159355,1.296196528162502,3.2081040990796974
-0.014721371597654184,-0.012493936846245779,-0.0035810424627594575,0.006783205137972313,0.26291382734336605,-2.234636871457034,1.2516161654158136,3.2064828241997576
-0.014793587045698673,-0.012408473174726696,-0.003421756131910951,0.0068149264520882035,0.26031390853723235,-2.1620581374119765,1.3499426448073635,3.1144110268397847
-0.014826940127327881,-0.012383365924397153,-0.00335933062351729,0.006808643757647046,0.2572233408923829,-2.129353334458639,1.3783157086740754,3.0680155441583543
-0.015463228562796014,-0.011902159763528614,-0.002270052263905116,0.006541836977429307,0.20050654608940463,-1.4972055135460087,1.72193802869789,2.192544847797885
-0.01539026340040594,-0.011961230967409002,-0.0023874822026982777,0.006581263769633258,0.206725513286486,-1.5695228394736767,1.6965097685807706,2.290041428753689
-0.015324974834862672,-0.012009187914184104,-0.0024907487308213493,0.006618583786895979,0.21262695936043122,-1.633014581335491,1.6745216702187184,2.3772902432898406
-0.01516861883309516,-0.012032782425970069,-0.0026675102868941388,0.006794051636803992,0.2326153640444038,-1.7561200383956082,1.6910123869811406,2.5787044367498946
-0.015263325508984262,-0.012061443293144843,-0.0025964563247254,0.006644801114639159,0.21757766880847032,-1.6960354342662785,1.6445958458076735,2.4618461311625417
-0.015118211094845692,-0.01209225726432465,-0.002773654604168302,0.006795754397955094,0.2365249219271834,-1.81576052548991,1.6462667222991618,2.6539314438774757
-0.015061000949917913,-0.012128644314661223,-0.002868211909792824,0.006828491012667995,0.24249865799790135,-1.8728916250638428,1.6213444503803867,2.7361316138447673
-0.014692571368882237,-0.01252059836172426,-0.0036392953268597106,0.00677869407120564,0.264871488873291,-2.2619817062985934,1.2184818375755018,3.2437725938366673
-0.01473416921061145,-0.012523632758159441,-0.003584617620458175,0.006728800301142581,0.25792282940383676,-2.2253360766006383,1.2224665398864123,3.1788628002960437
-0.014545667655929996,-0.012666796384809262,-0.003944806972854742,0.006726209095445337,0.27129649258739513,-2.392724959260475,1.0247735383001062,3.4199399350033777
-0.014562842497774918,-0.01264569248835488,-0.00390655472300497,0.006739574157293729,0.2712634621683151,-2.3785224544092993,1.0528523733377357,3.4021819196211958
-0.014674860991779316,-0.01256147615455714,-0.0036919360537516362,0.006741414444210412,0.26295142303037106,-2.279240586581325,1.1718163496442016,3.258571420510261
-0.014647805341134574,-0.012592243872844478,-0.0037502876982677094,0.006727303159738167,0.2639230395727586,-2.3036489140794636,1.1333308582889776,3.289893232876452
-0.014589644050228844,-0.01263408199086479,-0.0038602660199714574,0.006728709798255013,0.2683417093723485,-2.354941003046499,1.0734172018756978,3.3647312572407198
-0.01461934375338872,-0.01261445922446988,-0.0038050853510414556,0.006725868294379046,0.2659444949380101,-2.3288803607691437,1.1025962327158492,3.3260015372399248
-0.014329394071670182,-0.012783966455217333,-0.004345082168428636,0.006757678787487057,0.2914785896687013,-2.573789738190751,0.8044000078402588,3.7066407922576343
-0.014315876417777127,-0.012809569905246829,-0.004380040644308491,0.0067288942296406095,0.28996077053705877,-2.5806356095035192,0.7691065840204813,3.7114054616044223
-0.014307851172049565,-0.012837258273149252,-0.004406694394517143,0.006691359033236077,0.2872056238021554,-2.581467814105927,0.7347050325750918,3.7048798054185705
-0.014361223256198256,-0.012779075683466812,-0.004291552005361175,0.006735541264571134,0.2867610233429935,-2.5457268779452558,0.8263305365615521,3.656906725987103
-0.014395643068015261,-0.012774425841375251,-0.004234734559072844,0.0067103090770693,0.28173994088786175,-2.515316696915162,0.8484026759889659,3.603324775016111
-0.014556895675286924,-0.012692014411646602,-0.00394350523878353,0.006677780660333381,0.2667304003505152,-2.3809341439202076,1.001791883103235,3.3906931874505006
-0.014545794543616342,-0.012716040751321213,-0.003973936988591726,0.006653527391540018,0.26522515556207354,-2.388790063083867,0.972741378156795,3.3966644345817643
-0.014434559794429471,-0.0127717488231362,-0.004172790053436576,0.006677492483043424,0.2756883041755456,-2.4808462570884857,0.8692021110572095,3.5422321657271074
-0.014470291056537158,-0.012758030671018694,-0.0041106151538674715,0.006664315414886909,0.27166521831338963,-2.451056715299068,0.8992363431554425,3.493302479446388
-0.014506097823664181,-0.012746846868584018,-0.004050408857254182,0.006646628885285457,0.2676745987869294,-2.4206062507297936,0.925661831812441,3.4429201694675378
-0.014532921831721956,-0.01273715574477322,-0.004005026313845746,0.0066349781734383025,0.2647972541911221,-2.3980798895293685,0.9460745859234663,3.4063174841953434
-0.012518113178479765,-0.014319618735532863,-0.007199247653399549,0.004196770966418323,0.23529843468861747,-1.9925654952043843,-2.19637114763881,3.2417690405612007
-0.012518318790183669,-0.014335567032867418,-0.007180651285799919,0.004170844865213966,0.22860515917122684,-1.9777259696398628,-2.192435313815162,3.2130734120330504
-0.012531671170102522,-0.014311686570991885,-0.00718602350794862,0.004219374117466978,0.23609761186222536,-2.0065009515959757,-2.180332899611325,3.256027875145088
-0.012531928337495628,-0.014327655027736795,-0.007167482000581145,0.004193348022525772,0.22894263223011938,-1.9916016449495295,-2.176454579165613,3.2272825599013113
-0.012545204192439473,-0.0143037118419788,-0.0071727277982155365,0.004241936868858846,0.23698678090039435,-2.0203257220521076,-2.1642177400554465,3.2702041938071047
-0.012545503594546733,-0.014319688132337612,-0.007154270453091717,0.0042158210151020835,0.22909975074379108,-2.005382295475224,-2.1603887030738957,3.2414141819290427
-0.012477844485088272,-0.014375559087470053,-0.007200128358136912,0.0040773461235591455,0.2269225503233627,-1.9240831316532911,-2.2289667539278413,3.1444425464276624
-0.012491471945388027,-0.014367643679360295,-0.007187564576435829,0.004100033947977591,0.2272810417091238,-1.93821258426377,-2.2136181299467403,3.1590497495044185
-0.012505028970547344,-0.014359669386556103,-0.007175018790003074,0.004122677534311837,0.22753275394352437,-1.9522382632557094,-2.1982480759073337,3.173585081075382
-0.012518646479587421,-0.014351764643200919,-0.007162138904313878,0.004145165591682195,0.22769472079358266,-1.9661432119642688,-2.182596996720276,3.1878675695477736
-0.012450710193019734,-0.014423872618986288,-0.007186478160113185,0.003981054087840789,0.22015510205870306,-1.8714043016539141,-2.242106288642699,3.063032069277773
-0.012464548543408572,-0.01440010046594623,-0.007192665110002412,0.004028657026020732,0.22311781476298484,-1.897452555237696,-2.23541960782588,3.102864347455291
-0.012464999928111281,-0.014417131707644483,-0.007172138224308941,0.004002374021299472,0.22019762541377316,-1.8851308068261847,-2.225868620032848,3.0760877601886416
-0.01247852466821926,-0.014392444171058493,-0.0071795684568429245,0.004051174178637319,0.2233212455295873,-1.9116240804801994,-2.2197686558498595,3.1171964512966066
-0.012425674927871345,-0.014457791961329958,-0.007184965480525566,0.0039095337093044205,0.2163565309619442,-1.8311055734514856,-2.2581328038004513,3.0055237157510244
-0.01234643719036399,-0.014538902190956738,-0.007205136804837244,0.003724540286636033,0.20884796488150162,-1.7225154349227998,-2.3165854141579483,2.863621600175373
-0.01236103293256516,-0.014527618997225163,-0.0071975982899392206,0.003753132329799063,0.2096280941556504,-1.7400541732442771,-2.3043346259930733,2.884420914184741
-0.012375508933034164,-0.014513208695740265,-0.007193806385362224,0.0037862325011596525,0.2109644579992014,-1.75960404717427,-2.293826559078491,2.909751365905455
-0.012427489814059776,-0.014476262595522219,-0.007160301091578833,0.0038828834718687816,0.2131283739926748,-1.8190469595244572,-2.2455957713994024,2.977669032826613
-0.012390714045288369,-0.014495021135146464,-0.0071932029510037,0.0038256004212142594,0.2128029667603326,-1.7822457584609592,-2.284216123390021,2.9408934409243708
-0.01241112071330484,-0.014484987147575852,-0.0071746261428974134,0.0038568992454995885,0.21292107090326914,-1.802482980912856,-2.2626985913260267,2.96084937332142
-0.01234002637878133,-0.014571283077821273,-0.007174507527107824,0.003672254186620663,0.20407159880477077,-1.696498396069545,-2.305421620424349,2.8144964784479485
-0.012348708270727864,-0.014557459448149804,-0.007178983429346383,0.0036994085732258786,0.20569476460636033,-1.7115863082773042,-2.3025865093506463,2.8370917072379074
-0.012439108172166286,-0.014449069331522985,-0.007174742726970257,0.0039332910018546685,0.21675403327179385,-1.845831829976193,-2.2446156359205145,3.021684811766328
-0.01245009254644729,-0.014438450399188646,-0.00717033972550944,0.00395804052626433,0.21776941146723097,-1.8603473541178839,-2.2352623778340543,3.040201467938624
-0.014109892509773457,-0.012948262076762694,-0.004787283333104638,0.006673566912100494,0.3027853133050391,-2.7229727611465235,0.4828344355649552,3.9414411561028824
-0.014100279772482394,-0.012960072451693528,-0.004808392824811047,0.006660633891614706,0.3024056342145229,-2.7267831338920394,0.46285437773273835,3.946206639295326
-0.014105491732645853,-0.01297456574804271,-0.004804522254181638,0.00663129744340316,0.2990804084092391,-2.7165916035865627,0.45179148491713905,3.9235865461814123
-0.014124914761583245,-0.012950079502584408,-0.004761896821731059,0.0066583749507896275,0.29995675205396694,-2.709157681418474,0.492528671034781,3.914594531601897
-0.014137580814866988,-0.012940022729249863,-0.004736203699087786,0.006665518465984225,0.2994662713651631,-2.7018065681591037,0.5127480820723959,3.9028292176966
-0.014155469059747303,-0.0129355614816624,-0.004703755548927145,0.006658620320576919,0.29724584255157716,-2.6877686425034235,0.5307151423701909,3.8771986289584
-0.01417264414927399,-0.012932122328865009,-0.00467310694858769,0.006650416603375155,0.294905413090494,-2.6738891784724856,0.5467836390112247,3.8517529965265638
-0.014208874842779686,-0.012878947200268914,-0.0045895055023157,0.006709853441464239,0.29745073140830397,-2.6589849356952064,0.6285675260209053,3.8370108989341447
-0.014193437034278727,-0.012915017452795613,-0.004630941119932479,0.006662156313524517,0.29421606463835887,-2.6613575517954446,0.5794731778597713,3.8322831575543916
-0.014206182983759183,-0.012902885844141739,-0.004604386627284045,0.006671872709423551,0.29399357191129205,-2.653988970180334,0.6010786726775831,3.8214748463841883
-0.01419060907434139,-0.01293068358318434,-0.004642103258539571,0.006638060522380766,0.2922008615062411,-2.6586807104641363,0.5609818911008427,3.823474643004468
-0.014225953666740421,-0.012874006560873256,-0.004558652435828195,0.006703351411854194,0.29530052736276874,-2.6451664970354756,0.6451267472046046,3.8124789845421376
-0.014242981384840129,-0.012864519663082037,-0.004525985318144937,0.006704302600658969,0.29372464914512425,-2.6326448291264155,0.6662462341063606,3.7917312806239827
-0.014265318089405003,-0.01286191715129827,-0.004487834433793094,0.006688980566944282,0.2905370176653677,-2.613299598654647,0.6829762254507826,3.7565518053709894
-0.014296694993783499,-0.01286223776505942,-0.004436643903624794,0.00666076862243624,0.2853012252593732,-2.585269363109324,0.7015856489897258,3.7048688043291116
-0.01396995232761314,-0.013039651051762193,-0.005066040061946191,0.006616441079995938,0.31110471673758894,-2.802275757168006,0.2707943104925486,4.079561315935824
-0.01397948202078988,-0.013027164159111645,-0.005045233398915424,0.006632320217008361,0.31126493050907267,-2.8004642441614656,0.29236879518517805,4.077527777890314
-0.013985815780990158,-0.013041899519758557,-0.0050377311051138865,0.006600917986266365,0.30636190496167665,-2.788714388836769,0.27893407759156313,4.0519981922057715
-0.013988972438811073,-0.013014647389398242,-0.005024346641147904,0.006648156884656853,0.3132209328531886,-2.7984088292372937,0.3140283081568421,4.075396932921717
-0.013995425752242321,-0.013029385446353991,-0.0050168528665400025,0.0066166236269595,0.3068706143537447,-2.7867565223766646,0.30035345771941563,4.049924779739611
-0.014004972358622645,-0.013016803168271153,-0.004995956633220221,0.0066323438708874175,0.3070572840655001,-2.7847019087273286,0.3217909404028772,4.047764811829871
-0.014021417725457251,-0.013019092985449088,-0.004967355543646537,0.006616487102010959,0.30596085290502484,-2.7690948738701713,0.33604443083392116,4.017565574495991
-0.014047313655156006,-0.013008427317678026,-0.004917999530931412,0.0066163349348663525,0.3028933000631271,-2.7521855317105217,0.3690217642947249,3.9859362460036487
-0.014038316169320187,-0.013021432415942847,-0.004938005412357716,0.006599949339032682,0.30208426733427,-2.7540149430597416,0.34799329946113455,3.987233031595227
-0.01396038345265327,-0.013052107945002958,-0.005086776164651492,0.006600512386908096,0.3120545193206411,-2.803895275546927,0.2492748021093767,4.081408940000286
-0.013976187617370519,-0.013054372185751765,-0.005058522499599227,0.006585148363693561,0.3054016598672363,-2.790545792323936,0.2574970931559202,4.053890883306104
-0.013950775489717907,-0.013064534716697497,-0.00510746949901936,0.006584512893798421,0.3121821084690261,-2.80538995945562,0.22773655220022768,4.083025803340376
-0.013966563209246814,-0.013066831841752133,-0.005079195757577116,0.006569253539741864,0.30435646688401546,-2.7922244585547342,0.2360219735018303,4.055558292161545
-0.013941128533048788,-0.013076931244923862,-0.005128124277776521,0.006568439355033752,0.31147367961169264,-2.8067803003683647,0.20615963279740399,4.08445155526591
-0.013956924053772772,-0.013079272280910686,-0.005099778742938463,0.006553259827679612,0.3035412170003898,-2.793750747888234,0.21452915679786552,4.0570515918008105
-0.013947250197715614,-0.013091681863542015,-0.005120303386115826,0.006537200845954105,0.3027737113186469,-2.7951285593318285,0.19303137678795904,4.0584060209094375
-0.013931442677320518,-0.013089297407978533,-0.005148725879569658,0.006552303094771012,0.3111790418893443,-2.8080633327738074,0.18456389099102777,4.085728125358019
-0.014082245574311453,-0.01298527665985321,-0.004848824471775611,0.006630635530492362,0.3011026511551039,-2.7322433669480795,0.4220568943300272,3.9515613603200763
-0.014072799900004549,-0.012997709208985887,-0.004869578273090269,0.006616050588833386,0.3005289714354376,-2.735143600952371,0.4014641166212682,3.9547678050380815
-0.014063887775488353,-0.013010333967565185,-0.00488935478329397,0.0066005829113728815,0.2998343012579843,-2.7373361885377965,0.3810925060863097,3.9566805561434433
-0.01409923640602014,-0.012987403025592377,-0.004819891055459883,0.006613831087527419,0.29790269275682957,-2.7168542655810444,0.4335411045719774,3.9214854711368345
-0.012116474600300027,-0.01476238554386488,-0.007231949098805079,0.0032131501477372,0.1897848080419832,-1.4156424878550473,-2.445516460036654,2.4657286955015767
-0.012142769498754374,-0.014757575254636474,-0.007204664144213012,0.0032440261405137266,0.18876797568687034,-1.4389681678857429,-2.4194720554218025,2.4843002798720444
-0.012348766901927476,-0.014595698454474317,-0.007132012133694556,0.0036445290053988464,0.1996515580696386,-1.6863098568287562,-2.279882416980491,2.7821883725313516
-0.012207898477820589,-0.014685868174368276,-0.007213179802577734,0.003398103414329037,0.19544412867797634,-1.5299042437490105,-2.3940516301024295,2.6073665925335754
-0.012171270516645377,-0.01474788784547377,-0.007180614101861812,0.0032828751110143043,0.1883197833466861,-1.4662849695044342,-2.3940848061734545,2.509652653784512
-0.012200858597813904,-0.014712532709241355,-0.0071879190589969125,0.003356164975012564,0.1917842824277852,-1.5089485316727675,-2.3842826744639187,2.5687846950970226
-0.012192878252763138,-0.014735916718776573,-0.007168057858051488,0.0033181466819428643,0.1888207276279497,-1.4894175101440652,-2.3776585504764407,2.5346062584735694
-0.012333513105615979,-0.01461416557352574,-0.0071309618455836,0.003605773339817108,0.1978199182796508,-1.6640335364692038,-2.2879045116694274,2.7514914318417234
-0.012315709697362412,-0.014632450287697938,-0.007133346476778738,0.003565267963810126,0.1962711216372873,-1.6402013953024197,-2.298786320180346,2.720315325462995
-0.012296569844107735,-0.014647794260270458,-0.00714083237178047,0.0035277760411188963,0.19505927593354946,-1.6173113490399664,-2.312656511124682,2.6927298432777147
-0.012275607476828562,-0.014652375045314395,-0.007163991269639717,0.003503499606602281,0.19603692607789688,-1.5997392169252718,-2.3351175198673495,2.679083156667811
-0.012233200183193016,-0.014677811528859034,-0.007189478231874098,0.0034316262993244764,0.1949004848209477,-1.553531777574923,-2.3694788619796956,2.628430187428559
-0.012258195050017318,-0.014665798379681788,-0.00717086335347064,0.0034699658759123485,0.19494527040615514,-1.578999180460644,-2.3475112099490363,2.65430564362994
-0.011121880456474558,-0.015588931216745663,-0.006931114131363527,0.0013883007919412067,0.12971025536647807,-0.29102370685489193,-2.4972584768805652,1.0163716058572305
-0.011247490743680897,-0.015424330270327287,-0.007103737941948025,0.0016310563090292246,0.14541236351536704,-0.4174224064264986,-2.5870065054319538,1.21751452474422
-0.011183983098620055,-0.015543978768476775,-0.006962648528532299,0.001483994306537345,0.13350664136528742,-0.34978259596707956,-2.5103868997044327,1.0918213477985859
-0.011223540963856124,-0.015480904458368583,-0.0070332630288765545,0.0015671715169758799,0.1397768658279569,-0.39065845974287455,-2.547596192307902,1.1621089979562458
-0.01129814766927623,-0.01539378404025419,-0.007116096247543614,0.001710015851794813,0.14738102883385887,-0.4687786674942778,-2.5882830053999872,1.2794949143501508
-0.011359472248829022,-0.015370391914450072,-0.0071080965823332115,0.0017965559171352382,0.1480603245921088,-0.5300872180556478,-2.575100521615262,1.345775914526522
-0.011735392929201607,-0.015060655756437048,-0.007246310517098355,0.0024830765414078407,0.17027605805685497,-0.955130736664321,-2.5823707998707683,1.896257369727561
-0.011786673683550956,-0.015049626893420008,-0.00721036718230583,0.0025492672004766184,0.16887269553755047,-1.0054782598379408,-2.5476402369831423,1.942479981221469
-0.011740537527259873,-0.015111534606464439,-0.007167198889302125,0.0024382050734569117,0.16271588055115574,-0.9427348273130571,-2.5351616500465144,1.8495783100587793
-0.011427640411528581,-0.015349387472681981,-0.00708896679761675,0.0018889267502042834,0.14746153877184676,-0.5971969103900067,-2.5533765489571696,1.415032301153687
-0.011719661548506347,-0.015157317862977832,-0.007121277361907582,0.0023718928543406633,0.1578093441998352,-0.9095880839691209,-2.5136140648115286,1.7916264916098634
-0.011661356765997569,-0.015143417509254319,-0.007196508061813632,0.002322279962455372,0.1627783781181477,-0.8610446614725537,-2.571520369670744,1.7635868680878575
-0.01162527565359703,-0.015182230072974019,-0.007172577974836141,0.0022470759220858355,0.15949726388709792,-0.8169419569309472,-2.5655568200214294,1.7019128399858976
-0.011489458430495196,-0.01527288422139684,-0.007154673615930261,0.002018385872246555,0.15435865960472583,-0.6691349753692927,-2.5818377716303966,1.5224570240744295
-0.01147466670510991,-0.015322514325377696,-0.00709250202689871,0.0019620907534288823,0.14906735447101893,-0.6455864752974365,-2.547693875549479,1.4717683612647463
-0.01158478558473875,-0.015219600556596635,-0.0071534512423095525,0.002169369304212441,0.1566296862840585,-0.7698920201977596,-2.562914000485689,1.6391612683097418
-0.011540176783746352,-0.015254186996381853,-0.007140527544282919,0.0020904177960075192,0.1544218249890912,-0.7203772746371454,-2.5641005751523127,1.576366213701694
-0.011839009274356093,-0.015040327497929547,-0.007169479700011553,0.00261378129204011,0.1670296171557573,-1.0551864785597778,-2.5092626689488227,1.9863639863742384
-0.011984425861289469,-0.014910200598412263,-0.007191498382179895,0.002904894739314807,0.17667017987092865,-1.2338319116150507,-2.474823660795528,2.216545605513724
-0.011882450863332228,-0.015010831742975121,-0.007165097926799239,0.0026897854960330515,0.1688219856941693,-1.104244721118345,-2.493822246338199,2.0447739491228565
-0.011961456273283226,-0.014936510777345672,-0.007181481632127089,0.0028518264025711696,0.1743639238657135,-1.202734191371703,-2.477313141500048,2.173469013638309
-0.011923185811543217,-0.014974721109226197,-0.007171251750176134,0.0027705399312134044,0.17136319356653204,-1.1538847765528184,-2.4843562854867307,2.108426694492563
-0.012013263878809143,-0.014859143344565602,-0.007227985710247944,0.0029935374007386737,0.18227090343574678,-1.2820061826980778,-2.4846117595197175,2.292565974026651
-0.012043646427743034,-0.014839237006880904,-0.007218680103009384,0.0030473635089147476,0.18322654081710302,-1.3168681626721055,-2.467888104709067,2.332951495961128
-0.012061701901981171,-0.014818852121924395,-0.007224384947105295,0.00308983042923488,0.1851186312263444,-1.3418811996601043,-2.46390871336631,2.3673658697021396
-0.012104963494209024,-0.01478726075515892,-0.007213186045841362,0.003170684689590059,0.18689047290172503,-1.39315014969646,-2.4402888148375994,2.428557064447169
-0.012085672983675978,-0.014809143722275198,-0.007207895993396488,0.0031249106876081972,0.18482660657835345,-1.3662189016520898,-2.445333194373969,2.3915692473998504
-0.012020717164939502,-0.014900512295398623,-0.007162479493311126,0.0029518704456070817,0.17584131427581354,-1.268301322806128,-2.4456502287815423,2.247896963534842
-0.010691012756023063,-0.016266978920231746,-0.006146213375046717,6.773160575660662E-4,0.07645425411230154,0.0305635350771194,-2.0774829742968977,0.4471239117970655
-0.010772294663818653,-0.016119545564990432,-0.006320695749340522,7.960548231946392E-4,0.08715058579777753,-0.016203781877818377,-2.169335461677156,0.5398293049948086
-0.010835734123379914,-0.01594920583694036,-0.006535766056640608,9.160956781360973E-4,0.10108084517605764,-0.05286208957208921,-2.2864766690716984,0.6371804053339444
-0.010928031940852921,-0.015814127955044634,-0.006693383891225991,0.001065657929391988,0.11149328867151972,-0.12199233835072007,-2.371521780012459,0.7572555800836559
-0.01108940969548319,-0.015683413566272904,-0.006808686355866774,0.0013017835615290393,0.12079803916574038,-0.2598280954901681,-2.428541220694324,0.9422834854524844
-0.011061455172400968,-0.015813296246123605,-0.006635113286983864,0.0012077366487560743,0.10830031725360904,-0.2339989236821665,-2.331039161834177,0.8596459635467566
-0.01930944059443786,-0.009964267365230038,-1.6061622730964855E-5,0.003315430551297963,0.03938127026085309,-6.351016801821068E-4,0.9015802068537208,0.09129182483463381
-0.018364806764275737,-0.010477756384994118,-2.3439911605107428E-4,0.0040119776358101,0.06003255641561724,-0.14594852715774906,1.1150515320390015,0.28904114773184325
-0.018816254081945517,-0.010288257403012074,-1.3285894567041485E-4,0.003668034543313416,0.05049297297746829,-0.0806713272762023,1.0060610963113705,0.19415260611368587
-0.019928134308200316,-0.010197784257237361,-7.288623009383948E-5,0.002900191251064802,0.03495413504120507,-0.04721092599895204,0.784559563565319,0.11586960454320917
-0.020572241071713182,-0.010463990548043712,-1.0601774434410885E-4,0.002495126753145925,0.03559941125734814,-0.08188942569799613,0.6869431658241671,0.13529425819100285
-0.021250532006836513,-0.010773106307708401,-1.174225559747661E-4,0.002089881728266763,0.041962807019019506,-0.1072229926333033,0.6070605654712188,0.14980431992495327
-0.021971965451994993,-0.011095278968713373,-1.0518584521634955E-4,0.0016771873472232453,0.05490925889464781,-0.11814368256632264,0.5455719829366678,0.15291649548859618
-0.018226699592652492,-0.010896581069603901,-4.3234602842812916E-4,0.004078160406533598,0.06624320822918656,-0.2758415649009553,1.1172511062097283,0.4278440015435557
-0.01808391179734238,-0.011182641320131265,-5.840069720189366E-4,0.00414570505631043,0.07004901847268502,-0.37342819085488954,1.1199676248001524,0.535014691656414
-0.010426792179722838,-0.01644939636175813,-0.005962030538450148,3.9870305852291295E-4,0.06459312791755299,0.18792683201479868,-1.9798979211340615,0.24141488321450802
-0.010598694975790982,-0.016401948011465405,-0.005992553076156914,5.617849122815049E-4,0.06889560650654841,0.07951798246173931,-1.9978044516125728,0.36039146889842666
-0.010330090478947689,-0.016669634866080234,-0.005700357088563267,2.8930196294067826E-4,0.05493737881571748,0.2131459972037368,-1.8477183521863088,0.16275492155377538
-0.010169024618805495,-0.01688163243051992,-0.00546174135974188,1.464734278699062E-4,0.043115578639554224,0.26859437845116235,-1.7288313652299052,0.06075858932442279
-0.010760816076771507,-0.01644689378975934,-0.005898446416479818,6.943374475898625E-4,0.06258401458791317,-0.030074148135367188,-1.9486189455286904,0.45313975729269007
-0.010052443459924188,-0.017559403593040233,-0.004748866660365923,5.356009255210425E-5,0.02266001067536261,0.22377257136277737,-1.4107854272704785,-0.002896575194640274
-0.010126286919544323,-0.017299328005888525,-0.005008670777940902,1.0307854155712078E-4,0.028450473487195243,0.2278428146484141,-1.5232633542478824,0.029181008007943165
-0.010314407203352693,-0.017136984455557967,-0.005170236931034719,2.3785799932825007E-4,0.03357459159604446,0.15851124765002347,-1.5986642102546604,0.12284610894366921
-0.010189332924727953,-0.018410032944389303,-0.003989683950242357,1.0799756345460767E-4,0.008284287046545219,0.09929592854759454,-1.1213226476072766,0.040031521308314354
-0.010069178938768984,-0.018810581084491653,-0.003677352710026506,5.3039964800192264E-5,0.005884679955201039,0.10840279626843934,-1.0138700272584646,0.0057293717257833445
-0.009922302942839332,-0.019180514183682672,-0.003405659881367668,2.9206379212524013E-6,0.0064330421302077005,0.12301628710974608,-0.9268224405524071,-0.02656282644654393
-0.011251651767763545,-0.021744710577051903,-0.0017875749233443711,1.346064223768844E-4,-0.037011462769335236,-0.09846105126762009,-0.5650690527189308,0.13526300802162175
-0.010841296275931604,-0.0211590433532291,-0.002137124273578548,1.3193166749157182E-4,-0.01963285010915136,-0.06653774405966532,-0.6217203096928839,0.1095186623983878
-0.010333879878683573,-0.020458999293509146,-0.002567708190905151,8.749120876321827E-5,-0.0033523270547929328,0.0026333987108096532,-0.7080199606485192,0.05263991186160177
-0.010064985436821139,-0.01970081049679633,-0.0030495960587431196,4.4263571682543514E-5,0.0032358907907590133,0.06696273982190624,-0.8256718264363162,0.008085838515083816
-0.010292719030343341,-0.01775887382606683,-0.004551678065266161,1.845283818254262E-4,0.01604129026724646,0.11074582399615898,-1.3358931524391815,0.08712090668853222
-0.010389203122743867,-0.01807799194965653,-0.00425921479142607,2.1483033110992054E-4,0.009786596356842111,0.05536346351287772,-1.2225415931157935,0.1087230145828821
-0.01053380960580916,-0.018385558145655716,-0.003990276279124125,2.5743022599023207E-4,0.004982130892592602,-0.0016819783577469946,-1.1241034134716545,0.14163266566803032
-0.022680896965987372,-0.011667867044981229,-9.005166045184997E-5,0.0012652902416340182,0.085711877097725,-0.13244923518597743,0.49788221913860603,0.16234857953332696
-0.025,-0.012795049137372562,0,0,0.2222145060892675,-0.0025335929187046973,0.48643023684721753,0.028246035234378544
-0.023837184074893523,-0.01223834796609975,-3.081536566868501E-5,6.320007511080574E-4,0.1399487179479132,-0.09258550132708941,0.4699214760537325,0.11804245643042811
-0.025,-0.014112023702453479,0,0,0.27953687309699066,-0.0034163762983731526,0.4087948693178511,0.02114667010357309
-0.023817217032909413,-0.013554520618901597,-4.341413415186692E-5,5.616083234818973E-4,0.19042426541110116,-0.1283927552048614,0.41204662853730983,0.14896992063262135
-0.025,-0.015454229691227492,0,0,0.30508236843412095,-0.003932100599963861,0.3177024512769059,0.01408705933176054
-0.023794540728820167,-0.014895957131181532,-5.1635162373864486E-5,4.679947043460449E-4,0.2182921829758269,-0.1499571163296537,0.33993354763494293,0.1651239723667097
-0.025,-0.016831295095168813,0,0,0.2971962561642888,-0.004338974426646425,0.22232806534478433,0.008727449585736081
-0.0237629101272987,-0.016253474305091362,-5.517797884368918E-5,3.637268067730402E-4,0.22100277055583198,-0.15621126323281007,0.26197405562606585,0.16648451147020302
-0.023859998252679395,-0.023860011045515578,3.036324801128104E-6,-3.095467096494917E-6,7.22832680011115E-4,0.0063958489760112675,4.549456324460628E-4,-0.006216382921107236
-0.024999999999999998,-0.023267296774415826,0,0,0.015133505973726757,0.0057134737261591755,-0.012410414028821863,-0.003707897174443488
-0.025,-0.025,0,0,-5.33248415629307E-4,0.0011780733099701192,-4.5482023770553585E-4,-0.0014569694922878563
-0.023267296774415816,-0.025,0,0,-0.0160897720709635,0.00524078925994611,0.013016242797687339,-0.006747745888443968
-0.025,-0.019831828375502458,0,0,0.18492086534497668,-0.003808738011315652,0.054953926590375846,0.002222696778338402
-0.023542595822095516,-0.01911284303981632,-5.616396464613873E-5,1.726079352556288E-4,0.1491177353277134,-0.1355335189587925,0.11567822040435806,0.139552841487643
-0.025,-0.018261042029916935,0,0,0.2572870361406236,-0.0038797836731379646,0.13234779872298982,0.0044988567411749164
-0.023640846334060807,-0.01768545425725229,-6.032488995343663E-5,2.7093539342134377E-4,0.1933162192862873,-0.15584372322339188,0.1835768411220541,0.1620525088373814
-0.011302763895552778,-0.022681687247842794,-0.0012890657300134222,7.415576047662454E-5,-0.052759862642837066,-0.07624786562940956,-0.5165816520706917,0.1066094971086896
-0.012047796893947476,-0.02385560227003893,-6.315170275871564E-4,2.789995230153382E-5,-0.11675595171115956,-0.05989474057048877,-0.4839345845712048,0.08635113696331488
-0.012795049137372533,-0.025,0,0,-0.21054035308909524,0.02321578207355236,-0.48728868263213937,0.003161824378115758
-0.01677042118568506,-0.01107772716270694,-8.543870344923315E-4,0.005428612087052846,0.11015151058742968,-0.5599609861827829,1.5983612650222334,0.8989673834515673
-0.015995236972039622,-0.011634272446846112,-0.0016450353315875328,0.006079203871919307,0.1554857311225083,-1.0836785601659311,1.7054582256209116,1.600296068454383
-0.016171958782236498,-0.011552211510138955,-0.0014743887365977484,0.005915453202101558,0.14284560000392452,-0.9692574325653235,1.676564917314167,1.4364044067426909
-0.016306342291083475,-0.011390192761557293,-0.0012750454956268354,0.005839545135227415,0.1358414409759606,-0.84139529824739,1.693868128876035,1.2804812751544021
-0.01653485640909577,-0.01123940111482859,-0.0010578072896822654,0.005638158441172076,0.12279824102131844,-0.6954627953694708,1.651574132366082,1.0824806196637047
-0.01704208028687968,-0.011193244608742912,-8.503691059495267E-4,0.005103395823575028,0.09928203125137923,-0.5489923087730232,1.4562178939547168,0.8359693600031392
-0.01760036214584205,-0.01119422567885724,-6.982175001280094E-4,0.004563342719226927,0.08071679834079826,-0.4459691664560114,1.26122971363767,0.6555597246565062
-0.01787713298602517,-0.011272989043258541,-6.708721210773193E-4,0.004299962603871528,0.07285326251308065,-0.4286593211581005,1.1639040495545172,0.6073068807215325
-0.017348069845198395,-0.011377854028889398,-8.67749450857139E-4,0.00474617454729923,0.08765241402160519,-0.5536721278494673,1.3020451720076134,0.7903527442119377
-0.015566802325460177,-0.011945854275330244,-0.002218961653587662,0.006375459510889921,0.18763219341688467,-1.4492459813080745,1.6577661047939836,2.0929419956331317
-0.015692501489816105,-0.01188845726949452,-0.00206884295680575,0.006268883675206937,0.17645727139529677,-1.351295127987756,1.6592291860045323,1.9512826729818116
-0.0159379269235734,-0.011815819512705357,-0.0018300825922636427,0.006029232004426856,0.15632718542459068,-1.1904311560345342,1.6233267545058498,1.7101902329598038
-0.01581295593387569,-0.01189793245696846,-0.001984771631501331,0.006117547965164498,0.16361004642307836,-1.2884578452443878,1.6143950298342815,1.8430127016155613
-0.014900832767942797,-0.0122742888335682,-0.0031794575828734523,0.0068573330155990405,0.25563417988081855,-2.0452388363941694,1.4914595598683935,2.968843555495093
-0.014947350476052907,-0.012237901871259102,-0.003092938355693884,0.0068443867783238455,0.25087692550955,-1.9972621318761132,1.5260660579094822,2.9016876541558156
-0.01500902588773878,-0.012215116900643747,-0.0030013784491941965,0.0067953009635124345,0.243989614507813,-1.940301962622847,1.5436792679247722,2.813321321134041
-0.015063658106508448,-0.012189883991640452,-0.002917910310844398,0.006756785245018473,0.23727147910509852,-1.8891148805884193,1.5623058336350188,2.736329810306365
-0.014872913087820547,-0.012369628788989676,-0.0032903331530401967,0.0067723431891570695,0.25153709510908207,-2.087570632975145,1.3942296446800502,3.001444806676613
-0.014900244035973743,-0.0123299323479133,-0.003225219702254361,0.006789554275855209,0.25054875510411684,-2.0572017908678935,1.4348135468781922,2.9654573425164332
-0.014780039689795917,-0.012444901337566852,-0.0034668769680173965,0.006782680451659444,0.2588589540731825,-2.1784368957156546,1.310616540339024,3.127999579214462
-0.014766659716330344,-0.012493203368325254,-0.0035196370075203025,0.006733746320679969,0.2556381393819507,-2.194778293913531,1.2589130142583163,3.1374858832904637
-0.014828484078566146,-0.012431601114612317,-0.003393850910535868,0.0067448117879064075,0.2525159372550692,-2.1348707222099974,1.328787182307465,3.0580669053384977
-0.014873328470030313,-0.012411373776815584,-0.0033215947565561903,0.006719338716837583,0.2475697621341222,-2.0937985325733486,1.3520686095995016,2.9953381494116926
-0.015476528219406926,-0.011996197615852619,-0.002339629899614354,0.00644233712137239,0.19486295527689035,-1.525707454485542,1.6454249611639609,2.200811070819524
-0.015409414846279633,-0.012037993887089125,-0.0024358085206663813,0.006486624466245323,0.20133064774176976,-1.5855600362626543,1.6299619975338222,2.2846554695883774
-0.015345567201649982,-0.012081738263094551,-0.0025329798817546813,0.00652324892811796,0.20600909794430078,-1.644487278050758,1.60939781349162,2.3660025361026302
-0.015301042214372895,-0.012131464749370382,-0.0026179742527331945,0.006528572761356836,0.20905519141091392,-1.692211348172915,1.5770130687062283,2.4261076647155533
-0.015207133485950333,-0.012128597126220579,-0.0027111277913899235,0.006646175489580928,0.22156531824823394,-1.7600089564302708,1.5969810044305157,2.5418405077421498
-0.015128688459001099,-0.012162692517707676,-0.002823233788673017,0.00670664181712715,0.22982768296690717,-1.8302118229967894,1.5788395473340466,2.646910801089445
-0.015114045849857564,-0.01222697676563203,-0.00289251866704841,0.006654084576199706,0.2275146064221602,-1.8595205981396272,1.5216680623624275,2.670039085369448
-0.014769317088232896,-0.01254885938247994,-0.0035547318520969804,0.006656701357276418,0.2502773019382887,-2.196378923588903,1.2024966614332377,3.1198389363182613
-0.01472092731302651,-0.012561565238797437,-0.003628576474062019,0.0066916850553042145,0.25591347760025385,-2.238750644178026,1.1807584788039955,3.1880772255730574
-0.01458337165885759,-0.012672893595818394,-0.0038933965308867507,0.006678950215781563,0.26463826634263216,-2.358744426723735,1.0305476599911711,3.358090121947707
-0.014695522354642915,-0.012605046670914192,-0.003692130798146977,0.0066590367610942424,0.255037155932871,-2.261777047422901,1.1309776675938343,3.2126257663081046
-0.014661748344653946,-0.012634157734416068,-0.0037576827611806862,0.006653801079932824,0.25709612714741975,-2.291161769859037,1.0929967473373283,3.25342355494744
-0.014624316944434479,-0.012656719015634246,-0.003824642257212848,0.006660475159579362,0.26033790836885573,-2.3233828261279226,1.0596126433520867,3.3017599232829853
-0.014350237989709982,-0.012807252516731168,-0.004323653716009373,0.0067009150993049245,0.2845616224884144,-2.5500635005155092,0.7901960502713052,3.6562445101564407
-0.01433886969275301,-0.012834271779266304,-0.00435528749311536,0.006668143439475705,0.28246531221773946,-2.5544182074216533,0.755181073805674,3.6562860144107816
-0.014328221265192594,-0.012858769959648703,-0.004384103988506405,0.006638434151738044,0.2806646157568049,-2.5581927136578737,0.7233656619925287,3.6563019063314033
-0.01438407932214366,-0.012803383547069423,-0.004268056730454385,0.006675692741212093,0.27969552054315816,-2.5204470642444172,0.8116817098445238,3.6037778702280225
-0.014414571874120602,-0.012796716313827807,-0.004216943619620267,0.006657701305215033,0.275492267060804,-2.4945456685445024,0.833472920941037,3.5592233238113016
-0.014581633273277463,-0.012712943501730089,-0.003919753646523018,0.006622599395355971,0.26010784873830844,-2.357646540949428,0.9882108845026304,3.3430902251669177
-0.01456285246759431,-0.012741767878204533,-0.003963597355786576,0.006599051467413683,0.2597121526141554,-2.371467340934886,0.9521337075073014,3.35818819303114
-0.014444809212939608,-0.012805349506491183,-0.004174757764062253,0.006616171861796094,0.26960493912037536,-2.4663367892532366,0.8383710345885403,3.5062006669654893
-0.01446763962175096,-0.012785371694333006,-0.00412943492699369,0.0066252747404125486,0.2684103677888572,-2.449442570624851,0.8693737074758168,3.482121074278782
-0.014502964630935103,-0.012776089659567115,-0.004071142800581211,0.006605845818456726,0.26468867373819555,-2.419671323910294,0.8940455063414178,3.4323154035355086
-0.014536528741863364,-0.012762495959686702,-0.004013820682180125,0.006594004839678457,0.26102242269249093,-2.392169127111496,0.9212261326135479,3.388113829928742
-0.01253232239327516,-0.01434390975907044,-0.007148952614687741,0.004167523424796955,0.22791375591351185,-1.979926026102896,-2.1666879771817698,3.20191256322773
-0.012558712111977538,-0.014295694626951433,-0.007159372322560895,0.004264439215223297,0.2367573787335556,-2.03405064874569,-2.148044758481603,3.284227144296954
-0.012559029988686741,-0.01431167325781043,-0.007141030893458252,0.004238246706588295,0.22942722796062112,-2.019061282748529,-2.1442524999970343,3.255479089950189
-0.012572194795293824,-0.014287635004878955,-0.007145953715778937,0.004286886890878396,0.235717735677072,-2.0476983704602043,-2.13177901110014,3.2980788453903913
-0.012572521181464624,-0.014303639272403789,-0.007127711899872879,0.004260589299581758,0.23002862435831692,-2.0326141076812263,-2.1280455267395832,3.2694177496791785
-0.012545961118450048,-0.014335984162899863,-0.007135748269161662,0.004189874618686405,0.22823536564882807,-1.993620564134407,-2.150726492645316,3.2158974119298667
-0.012559496536515382,-0.014327956168390882,-0.007122666146916507,0.004212227315152418,0.2285707149514982,-2.0072188792241406,-2.1348220755710376,3.2298714473649883
-0.012492205835290184,-0.014384465286049532,-0.007167149419776849,0.004073890147017527,0.223604040467813,-1.925747319396265,-2.20454729943083,3.131842421630315
-0.012505551172042549,-0.014376199061287816,-0.007155428747261575,0.004096732619894531,0.2239829713083826,-1.9397886863032816,-2.189789606476469,3.1467588537612445
-0.012518928228612647,-0.014367959091342959,-0.007143465241222921,0.004119477265720276,0.22435930119735215,-1.953733729360861,-2.1748170403242812,3.1614961513241684
-0.012532794637303028,-0.014360361061701715,-0.007129840881676186,0.004141459441169088,0.22457282205983112,-1.967343666327493,-2.158708733323964,3.175079852530871
-0.012465020829490796,-0.014433924921967718,-0.007152584301138568,0.003976338041744759,0.21729114594041046,-1.8727640923704991,-2.2171859280157924,3.049888381262328
-0.012479364139422888,-0.014409853553490863,-0.007158158028878757,0.004024480507319197,0.22032611985395648,-1.8991604680349774,-2.2096817739868055,3.0898137608717064
-0.012479997137643,-0.014427827408859279,-0.007136457991002249,0.00399697158068674,0.21722284560739455,-1.8861949310505113,-2.199764923501657,3.0618099387588553
-0.01249342153035462,-0.014401921414858241,-0.007145252890756072,0.004047281468365819,0.22058565505500075,-1.9133666060326215,-2.194109061988876,3.1043446299894626
-0.01244299347658827,-0.014467403177834728,-0.007147237419454964,0.003908291068974653,0.2134412113145838,-1.8350413690006746,-2.229528213384531,2.994333669170921
-0.012444626070685402,-0.014486534007823277,-0.007122326677150092,0.0038805840515380766,0.2101333967332,-1.8223401130830943,-2.2172365159473766,2.965630304368371
-0.012364401627191697,-0.01455020644413488,-0.0071650671180290984,0.003722826758031991,0.2056552930398621,-1.7269714007217225,-2.2867455993938512,2.8520995615175404
-0.012381271070971233,-0.014537224847014703,-0.007156178706990865,0.0037554761510397716,0.2065463404900749,-1.7469007935776129,-2.2724923205831717,2.875627021684869
-0.012397075227988138,-0.014521624415391938,-0.0071517020980457055,0.003791105684641191,0.20789286851192368,-1.767872992883473,-2.2607933170378534,2.902638639454229
-0.012430418827267224,-0.014495521675863574,-0.007133116818287369,0.00385614632232925,0.2097214255921609,-1.807211421813683,-2.231300275212775,2.9491999078995534
-0.012414725771028333,-0.014507142298138773,-0.007142807006930956,0.003826547089555221,0.2090313970867108,-1.7892169954162414,-2.2456967003731063,2.9283653738690707
-0.012363633963739304,-0.01457625948764762,-0.007134450181180447,0.003684499741507776,0.20159272893308386,-1.7090363074032118,-2.272566206672327,2.8142301401926413
-0.012370426976149644,-0.014602399022305586,-0.007093049983316719,0.0036526198744121956,0.19700121243031135,-1.6961266035810947,-2.248947761121918,2.778905643185895
-0.012459838661556992,-0.014455163673193596,-0.007135857616653565,0.003939776543367992,0.21419876668426066,-1.8541488621803752,-2.213237938300896,3.016207920335524
-0.013937544524618864,-0.013104072824529514,-0.005140768223236929,0.006521052230647673,0.3018955903541997,-2.7963461085942236,0.17151523945044575,4.059590100749804
-0.01392171801763934,-0.01310163308438039,-0.005169277774057418,0.006536101278969724,0.3110071275986152,-2.8092495575217336,0.16293474302112926,4.086845948401543
-0.014118975859629516,-0.0129661195839017,-0.004778103244802171,0.006635350945760439,0.2981975442280907,-2.708236428568963,0.4711520681846509,3.9093422262854918
-0.014117975126990884,-0.012986738775792036,-0.004787181437934181,0.006600492239275499,0.2949988500033929,-2.701113893271867,0.44904107400247145,3.8914565254407756
-0.01413818748306842,-0.012960941718795858,-0.004743073424045203,0.006629040971870152,0.2959549305565364,-2.693590662515426,0.49126957646690966,3.882539869944146
-0.014152278063528062,-0.012952427848532838,-0.0047157263605883855,0.006632354266606022,0.2949079489570389,-2.684516693488248,0.5106541109556018,3.8672017680866917
-0.01416873604983342,-0.01295171403848388,-0.004687399671862497,0.006620310065005622,0.2924149573284834,-2.6704753887815325,0.5234422728737768,3.840788516479861
-0.014185269454312022,-0.012946576000326872,-0.004657414427726461,0.00661560376937802,0.2903821088094513,-2.6579647722566384,0.5406409776956518,3.818442635479843
-0.014226515547603276,-0.012896594845368354,-0.004567635448929335,0.006665133670328575,0.29158166064384544,-2.637967658789759,0.6212965633695059,3.793146496254049
-0.014208325657922245,-0.012926691516608028,-0.004610687677153065,0.006630110728536326,0.28994029743175115,-2.6445336452536896,0.5773717742737258,3.7979447956665164
-0.014223179067236778,-0.012917373019875564,-0.004582017838355117,0.00663329214917292,0.2887747646737369,-2.634520915410436,0.5971622194715933,3.7815571875943186
-0.014205099890088883,-0.012949084230652894,-0.0046250485788491775,0.006595249393314071,0.2867966387739003,-2.63999996500007,0.5518258120396755,3.784198115060342
-0.014250478416568808,-0.012888895600364825,-0.004524480956427165,0.006657386682571349,0.2888354017681914,-2.6189999635996766,0.6449934990280571,3.7599054511764645
-0.014284297612363312,-0.012887499356043974,-0.004468336264287588,0.006630483889364716,0.28355421655365304,-2.589590490113278,0.6674835824661426,3.706017416745048
-0.014316544301385141,-0.01288499003795975,-0.004414968350980402,0.006606568609156495,0.2788065389215895,-2.5619790306464165,0.689205535906599,3.65613064987847
-0.013992290406074559,-0.01305682495040753,-0.005030348543870145,0.0065697645877885935,0.30370442192234687,-2.7755722143918358,0.27170488425265443,4.0245192267269205
-0.014002103262784315,-0.013044389336623094,-0.005009315286336088,0.006585162054197007,0.3043394649555848,-2.773443168110813,0.29312887268469406,4.022115766944736
-0.014011856638413289,-0.013031818570083993,-0.004988242266959327,0.0066006920572362375,0.3051169596568161,-2.77124300949688,0.31460913702122945,4.019718925157648
-0.01402891186411287,-0.013034424224238993,-0.004958608142005722,0.006583744523456606,0.30134600406691886,-2.7560081759769877,0.3266341090405467,3.98897801214082
-0.014055537489191049,-0.013023625494349827,-0.004908237273770418,0.006583391118886814,0.29891076565287705,-2.7385926598687615,0.3605350061604613,3.956769753119121
-0.014046588957901071,-0.013036983045427357,-0.004928064653768889,0.006566392725279444,0.29803843823777104,-2.740141220487708,0.33942497139164307,3.9575334212203193
-0.013982579225636511,-0.013069272769251706,-0.005051095729257935,0.006554124685085541,0.30313707702965403,-2.7774208874399613,0.2503572672645504,4.026503543202742
-0.013972961500702886,-0.01308176242991259,-0.0050715757086440905,0.006538198798901439,0.30251321175156476,-2.7789829414011744,0.2290662028388448,4.0280520490940335
-0.013963321380943696,-0.013094216584455079,-0.00509197393048868,0.006522207458026077,0.30183545312440646,-2.7803941624046917,0.2077930013787568,4.029436406462829
-0.013953638966867542,-0.013106628732909928,-0.005112324794355618,0.006506176406710264,0.3011785738185127,-2.7816766638787827,0.18651943676548785,4.030695968748925
-0.014090155275903758,-0.0130009162164959,-0.004840283806073361,0.006597252425049778,0.29705632134527077,-2.7190829880275245,0.41236316476990015,3.923141983608508
-0.014078861079440902,-0.013011307122428433,-0.004863406615753196,0.006587650035651811,0.2972369191063584,-2.7242950857221495,0.39253010829720153,3.931247146204014
-0.014072836945843634,-0.013025446118493914,-0.00487843594648282,0.0065674142451616485,0.2957078355057876,-2.7233490219321936,0.37321567562625463,3.9268645131258033
-0.014108580205370265,-0.013004483310866202,-0.004809485245529589,0.006577045510579033,0.29352373944253524,-2.7020301587656586,0.4235157987161071,3.889701754446506
-0.012136039217620541,-0.014788583701173814,-0.007172190365556456,0.0031982078637183913,0.1847366809672699,-1.416834387853598,-2.405090357647475,2.4417650844541967
-0.012170945164541232,-0.014783320790731991,-0.007134750873395579,0.003236972026211801,0.18320944262340397,-1.4462947247218627,-2.3701773175193197,2.46429462917505
-0.01235885193278135,-0.014623400631621382,-0.00708399511754361,0.00361356440010183,0.1946886653813734,-1.6748129818857702,-2.2512605902435596,2.746119796192343
-0.0122288243175923,-0.014708282394218751,-0.0071562325164114746,0.003386819264469728,0.19053529364708685,-1.5321513007871623,-2.354545982794782,2.5858278809709057
-0.012200063937585793,-0.014764098784334862,-0.007122245168907846,0.003287939255073933,0.1843411162133455,-1.4786573313161713,-2.350624958142516,2.5012375320155127
-0.012218952876644625,-0.014738220581871018,-0.007130892476236353,0.0033384750241631698,0.18680780485487766,-1.507379036873112,-2.3462566082628684,2.5424481930941236
-0.012340707964632783,-0.014645381104442523,-0.007082620763218376,0.0035680170527504387,0.19257352195607316,-1.6487085726702089,-2.2606400859017612,2.7102818639382544
-0.012318501690137235,-0.014664957761833816,-0.007089298174761685,0.0035225858119881798,0.19110807519044812,-1.6214716261474555,-2.2758119526993954,2.676476155759442
-0.01228830621990549,-0.014679467304948965,-0.007112591756155041,0.0034773014754972413,0.1909839314295119,-1.59186664541127,-2.3029683014364077,2.64664820039337
-0.01225850921475144,-0.014698577195191723,-0.007128863930050717,0.003425832372371398,0.19001610426235238,-1.559328461233297,-2.3261115159538517,2.610227612159734
-0.01119741990150869,-0.015637000277435892,-0.006817587081615427,0.0014445791633339383,0.12368671896018794,-0.3562704073703484,-2.4241408807590368,1.0505512641241543
-0.011297220184707975,-0.015467989992895798,-0.0070049480580314525,0.0016585841348391772,0.13832331175839152,-0.4599295800466509,-2.5222134345244247,1.2292614845571534
-0.011273692540993887,-0.015558516144442036,-0.006886381173886216,0.0015741662013919117,0.12848202026256805,-0.42964203695190945,-2.4555083444544015,1.1542499370355799
-0.011361125855262963,-0.015441132144665111,-0.007001184961860696,0.0017479796675185161,0.13908815189873047,-0.521882388181223,-2.5116085921489346,1.2975736437767287
-0.011426015886415364,-0.015410573047304364,-0.006999589654952984,0.0018413160623844997,0.13997970490493303,-0.5854085416615362,-2.501211003239194,1.3690552571004326
-0.011780363673346499,-0.015097376897855843,-0.007148168868206639,0.002494271503261623,0.16260936096623838,-0.9829231639491979,-2.513673158511688,1.8902986723184554
-0.011818902943007088,-0.015082402199763593,-0.007130586774112863,0.002549529866411083,0.16273707450563552,-1.0218292066919368,-2.4930007659025213,1.9303545659441173
-0.011774568095319491,-0.015145905123132837,-0.007084767224849401,0.0024403889212241676,0.1566103544419846,-0.9612513728566995,-2.478734336003445,1.8392513917201934
-0.011766061516586102,-0.015188376466517151,-0.007032963021872618,0.0023907370320396916,0.15198664048257587,-0.9397632838556531,-2.451667752992807,1.7938997022501344
-0.01148800153943554,-0.015375115269063816,-0.007004655435078412,0.0019355948248771721,0.14184215674548872,-0.6474811285726724,-2.4941168550675936,1.4418160686300625
-0.011734661842082895,-0.015217115905036153,-0.007021922405503659,0.002331427914654785,0.14952755422085787,-0.9038080897168063,-2.453125724468455,1.7468870766189848
-0.011680514923892387,-0.015201247285666233,-0.007094515212215041,0.0022893512310915923,0.15437383899854049,-0.8615760054682614,-2.507483386540903,1.724325588537664
-0.011643207352722534,-0.015243513886565524,-0.007067121695567444,0.0022115935384827185,0.15081460553601347,-0.816587724921558,-2.5000594179838203,1.6608732939059794
-0.011537971263517138,-0.015322985464354816,-0.007041068024180371,0.002031057949560052,0.1456987143817061,-0.7032438976288526,-2.506122991277717,1.5190574068891498
-0.011597700343595663,-0.015284179627650954,-0.007047800462351842,0.002127703247462505,0.14798062178152105,-0.7656653599969317,-2.498454218356542,1.5940363306206242
-0.011862335102578806,-0.015090514400508648,-0.007074738728020827,0.0025855914252780974,0.15913985525192134,-1.0558436456331588,-2.448881606057835,1.9496548479226694
-0.011895069557626802,-0.015058033342780448,-0.007085772284333614,0.0026523221717913554,0.16179830488148358,-1.0958304876483373,-2.445350070495342,2.002751622560018
-0.012005028418982652,-0.014937765068850722,-0.00712996584799212,0.00289334314532901,0.17169986005610768,-1.2379600614439195,-2.433655316177451,2.1965147936587104
-0.011931522046179968,-0.015030240114204929,-0.007085278485003703,0.0027182393473710285,0.16307729943147223,-1.1372534052627061,-2.4337863380225486,2.0534151902770894
-0.011987790570110395,-0.01497313009122487,-0.007101380353913687,0.0028363919146819033,0.16765417351776082,-1.2079545054810528,-2.423949454067451,2.1474170502191474
-0.011968773029966968,-0.015012812945903726,-0.007068548842873161,0.002773751784964175,0.16390464871383448,-1.1749986466231173,-2.412457519813902,2.093418946849666
-0.012054491553708403,-0.014874333085168931,-0.007157975414136907,0.003015559279595801,0.1776072616309429,-1.3082890565053704,-2.430586204230653,2.2967124552458587
-0.012083660841016513,-0.014847825210993974,-0.0071583943845279895,0.0030754116617722448,0.17934383997849282,-1.344799292324705,-2.4193931371290858,2.343302986333979
-0.012119068762193482,-0.014819837937341887,-0.007152088169356919,0.0031432160453505505,0.18143518071043455,-1.3870175722108031,-2.4015559075045037,2.394814388356495
-0.012043043723999006,-0.014934311102191334,-0.0070907645745995635,0.0029339443626570805,0.16971316619001983,-1.2698480908155776,-2.398609546746811,2.2207489534799816
-0.012060658296312591,-0.01491032578090968,-0.007102285914491464,0.002978729819798433,0.17215428475888805,-1.2953673545204318,-2.3981148449931635,2.2575356003596823
-0.01086047756337328,-0.016279073432597567,-0.00608261819593272,8.303586845990906E-4,0.07307980213642999,-0.0885799662155361,-2.0407201410990723,0.5558554960687271
-0.010934581379098668,-0.016108943657267127,-0.006280690385151641,9.57105755802648E-4,0.08522594479604272,-0.13688031351056654,-2.142651147405133,0.6565256535416556
-0.010998304650486491,-0.015956008640077606,-0.006463413969058981,0.0010793615724866972,0.09569787035164944,-0.182648078313685,-2.238996403797826,0.7542508492588519
-0.011144685278280516,-0.01592315374782681,-0.006442791269342448,0.001239804471143441,0.09621304154123432,-0.29696514073244257,-2.2176223767263576,0.8708677788278946
-0.011209861664721585,-0.015769523330726908,-0.006621535303039076,0.001383661455783596,0.1094015372941324,-0.3578336043572553,-2.3117009146036547,0.9901575158431732
-0.021791917892321152,-0.011696380982200119,-1.6739476006561992E-4,0.0017235516460451863,0.07279012977088987,-0.17787345692526277,0.535613903112266,0.21403231289716868
-0.019333322562726185,-0.010554709227380304,-1.9320362836831712E-4,0.0032800818438064733,0.04695629311999011,-0.12729069531109063,0.8809285681414326,0.21647554598363225
-0.018746235444678454,-0.010870030351641987,-3.513813008418944E-4,0.003673596428561652,0.057476110204527815,-0.2287741321926757,0.9876514481041845,0.3454858879284496
-0.019915930592287048,-0.010821098995795397,-2.183915553759221E-4,0.002874840883928215,0.04623608607379958,-0.1564696859263273,0.7665509691377065,0.2254454220045732
-0.020551345334366145,-0.011101286296969558,-2.1680748486119466E-4,0.002464068061957472,0.050022352477922194,-0.17241487151321788,0.6676293596242021,0.22616258921828744
-0.02122011254521961,-0.011400794447627658,-1.9475072188499716E-4,0.0020581187583794867,0.059318145339567675,-0.17802008694454943,0.5879667425296083,0.2206991269719206
-0.018384730924772993,-0.011257480841899729,-5.550864580889159E-4,0.003889014460648752,0.06437431215672872,-0.35820794857119814,1.0332493610107443,0.4955793818099337
-0.01807473178494534,-0.011479146569155945,-7.14905040362812E-4,0.004085535241357063,0.07137411257588165,-0.4545605292753043,1.0757364871854997,0.6153097979906005
-0.0219436106094658,-0.012352131741171765,-1.978207861902789E-4,0.0015736667212138654,0.09261263906976164,-0.22055805554318852,0.4979547910220888,0.2537647999204482
-0.010605712518228222,-0.01661864664357468,-0.005722717788463859,5.249035361121406E-4,0.05471377172805725,0.05454889803587044,-1.8614946193394153,0.32800622808774843
-0.01047495529298353,-0.016893033901547908,-0.005422903601241112,3.784263623362073E-4,0.042015233064175726,0.10307138969062711,-1.716502954171714,0.22073058605036766
-0.010839355275510849,-0.016602985090087737,-0.005688594949126893,7.19910213417865E-4,0.05419773721653136,-0.08418489272335924,-1.8409993723269058,0.46371119501156743
-0.010958192302215654,-0.016454766604514073,-0.005832080145756872,8.605029393072787E-4,0.06196902814146379,-0.15524522639418356,-1.9082789685221286,0.568922773751125
-0.010389656273107678,-0.017455690461184142,-0.004835891192358309,2.61555469957789E-4,0.02315594188262252,0.09377474237226427,-1.4538541162451715,0.13867185838589133
-0.01062119707267753,-0.017184689988828335,-0.005084923144229504,4.406873087282101E-4,0.029708153560250927,0.008578446949720204,-1.56218669877921,0.2615472775675131
-0.01189781487085971,-0.021939360299522342,-0.0016271399138059162,1.6801682956087602E-4,-0.06127248199501716,-0.14967911028171102,-0.5324986222721692,0.18447122072370717
-0.011518135793116053,-0.021147180125793724,-0.0020861011597775553,2.1637462517500638E-4,-0.037339234387758824,-0.14564429991907082,-0.6036368865491726,0.18949082503923906
-0.010458356686868628,-0.01875635423631669,-0.003704510283510804,1.9981323691610012E-4,0.0014077043917431972,0.009565563118294247,-1.0257782099032913,0.10679831654305812
-0.010360405922584795,-0.019237091175671617,-0.0033580694416697186,1.4030573572906284E-4,2.7285373916241827E-4,0.020855033524627753,-0.915541049543724,0.07214479498716653
-0.01108679205629101,-0.0204804771161262,-0.0025070251973645066,2.215689649869233E-4,-0.0205069284939742,-0.10997645117679707,-0.6909752762098708,0.1647382934554484
-0.010695939201362673,-0.01981232120999086,-0.002950813854684989,1.9773848812736682E-4,-0.008818415666820385,-0.05361286465141022,-0.8000045233901273,0.12463168176717247
-0.010595972156373305,-0.017766630830341055,-0.0045183101048492,3.483848264869533E-4,0.0155508540568395,-0.004923170544319417,-1.3232232505069037,0.19922574565702458
-0.010889320826683372,-0.018561487715095512,-0.003811707570592567,3.831298667560639E-4,1.568769330432668E-4,-0.10425235181478965,-1.0586099889363147,0.23100897864864647
-0.010772140060992107,-0.018156704053776847,-0.004153650748071611,3.873043997240289E-4,0.0061462755002679595,-0.07230528369361812,-1.1817326754080446,0.22789135608815148
-0.022647053999390813,-0.012970448573736392,-1.4291478359034412E-4,0.00115897680069957,0.12783019804947118,-0.20696987552758325,0.44505119351730654,0.23430576171660514
-0.02262452339435194,-0.014315297202565875,-1.7943507750392917E-4,9.940258679592363E-4,0.15506260004799374,-0.2566017614134371,0.3727335879773221,0.2799447989834372
-0.022563299691803863,-0.015676374307472735,-2.0156715905833973E-4,8.110117618913024E-4,0.1615617706795827,-0.28043244907671494,0.29220560754213837,0.2989816491709108
-0.022578877308910488,-0.0169774003717378,-1.9223618169253375E-4,6.050683976869857E-4,0.15389358497247654,-0.26970952239842166,0.21668159364704928,0.2832737315911886
-0.023583390103574343,-0.022521387235661373,-1.0182198502478459E-5,9.879990272799772E-6,0.026117398269476014,-0.030710428752794002,0.011576335827887736,0.029382135383489882
-0.025,-0.02153459934225118,0,0,0.09576068982913306,0.0020544803814996474,0.0026198239389523957,-9.551277506716791E-4
-0.022208179253716705,-0.0236476023350214,-1.4475817439684069E-5,1.2722478649587718E-5,-0.038274736982887046,-0.03599630961081359,-0.016468945154731823,0.036486452225895256
-0.02153459934225116,-0.025,0,0,-0.09499396695884081,0.0016062078790999043,1.0953429862658281E-4,-0.0011470481848172259
-0.02331589357167671,-0.02080516974876871,-4.6735945576212435E-5,8.449166251351741E-5,0.07975421428697992,-0.10034165780486881,0.05273416521519997,0.10177524305490969
-0.022047457192334627,-0.01977253259110015,-1.9175518700369847E-4,3.047083676012597E-4,0.07000299384629861,-0.22673135920836446,0.07203712538708244,0.2323170871543589
-0.022251380297949406,-0.01832102849158152,-2.1532250518134968E-4,4.7479122920854333E-4,0.11600319303051479,-0.2672624118004749,0.14181656968841724,0.2776266860404855
-0.012570658826144571,-0.022672520225738676,-0.0011899560397317201,1.267658803142527E-4,-0.10110333512034939,-0.15842566262764726,-0.47625700688037004,0.1865154851528512
-0.012526254335470194,-0.02169776848357433,-0.001673093782562133,2.4196641368550041E-4,-0.07323043045701194,-0.21372634139646687,-0.5185122549180893,0.24926045692512724
-0.013376133035710404,-0.023853768895251745,-5.565384216774776E-4,3.963043585946029E-5,-0.17542816027978272,-0.10109923987973758,-0.4299133460019858,0.12270958222665769
-0.014112023702453375,-0.025,0,0,-0.27175977942708124,0.015367062857268424,-0.4097843975003435,0.003277504896391122
-0.020559174485510572,-0.023778916898013838,-6.270957675793571E-5,2.6858185480037656E-5,-0.10573528523928556,-0.07839909720177231,-0.058064705761358915,0.07870013614786113
-0.01983182837550245,-0.025,0,0,-0.18752459526276385,-5.850879087218472E-4,-0.05186922589140836,0.0010852891633257376
-0.019041059410779927,-0.023809371268179117,-1.410868249319907E-4,3.8295695557219696E-5,-0.16370462102982306,-0.11217366147384901,-0.11837157143499981,0.11466757756425834
-0.018261042029916928,-0.025,0,0,-0.2578386270137929,-4.6420667343966573E-4,-0.13127877587724865,0.002398625398537107
-0.017540603143640178,-0.02386557893404336,-2.341930863249664E-4,4.3117612184474E-5,-0.20801468678427112,-0.12964373307079344,-0.19412888559599425,0.13524820267034235
-0.016831295095168744,-0.025,0,0,-0.29619016796203107,0.002787951150950879,-0.2221140064056664,0.0026198710307912595
-0.01612237767912366,-0.02394697875244621,-3.1874401247478047E-4,4.056498846426521E-5,-0.22930427328276262,-0.1269757332897319,-0.2760384990025066,0.13693710117837374
-0.015454229691227304,-0.025,0,0,-0.30141524253282653,0.008333304090723692,-0.3182270787585607,0.002716994718492252
-0.014733057111200319,-0.02391548183971944,-4.3366554920379324E-4,4.176924022110904E-5,-0.21601254517838567,-0.12099094424207087,-0.35816801490222033,0.13681003103476694
-0.013174757014973596,-0.021880605860558802,-0.001489895394487432,2.5432825509578077E-4,-0.09386430223403376,-0.24694356695180475,-0.4743798210444709,0.28008978928630385
-0.016787500484406376,-0.011357064988142481,-0.0010462369824118546,0.005313725947386352,0.10876264581558041,-0.677281073639035,1.5073123258888135,1.0055229721298133
-0.016146717166062724,-0.011736948709766961,-0.001634202450398777,0.005838003859262065,0.14179781677504089,-1.0602298689325684,1.5935413310014566,1.522208994219837
-0.016338376542636413,-0.011627449386595698,-0.0014427084455179637,0.005683041832965735,0.13112036573722555,-0.9360179221391224,1.5762607412954426,1.353487724389937
-0.016544045207762998,-0.01149966168664148,-0.0012477501329443226,0.005517656316623821,0.11979806354434559,-0.8093361599663073,1.5510422918791458,1.1834478632474748
-0.017044049808803353,-0.011503897984385843,-0.0010443109117321081,0.004995837924960647,0.097374963253219,-0.6655667347467505,1.3697976684711362,0.9443608890264378
-0.01768715577215483,-0.011569504206930856,-8.62926700956489E-4,0.004382918218252357,0.07868971704610737,-0.5463520248722156,1.1592476468704371,0.7400927168671896
-0.017314853752971454,-0.0116915769487202,-0.0010495014501265842,0.004670154159929814,0.08709223069848583,-0.6610563260008498,1.2329844135651253,0.8967432349116672
-0.016103107620561777,-0.011932117934002381,-0.0018067049550587989,0.00576307493538828,0.14074422171168188,-1.1553386357776738,1.5046676550971358,1.6146311457466263
-0.015550527343583021,-0.012040661173246803,-0.0023111814670629424,0.006313684574051898,0.1846442949607965,-1.4944219884844185,1.5927609337698019,2.131988824837998
-0.01565337923173875,-0.012020914889840894,-0.0022078116707959397,0.006208922175787071,0.17544620920456686,-1.425173751732973,1.5794388863170028,2.0237641675477356
-0.015764110793927914,-0.011986524396539685,-0.0020917805525070715,0.00610714003003134,0.1671585942727246,-1.3484468959012315,1.5723914656065041,1.910447248040463
-0.01590459564651752,-0.01201002893088428,-0.002002725945231637,0.005929118702307174,0.15417861445925118,-1.2808808684093478,1.5180016585010692,1.7930752068497005
-0.014953878755421616,-0.012298162003616827,-0.0031345233202428884,0.0067643366630673165,0.24544909448215832,-2.0058065506848046,1.465649121504785,2.890235956647846
-0.014998367248398002,-0.012269505983777277,-0.003058687655900311,0.006744953002272643,0.24056518239319336,-1.9624842304563692,1.4916267097017746,2.8281477968667583
-0.01506405409701812,-0.012266035686872677,-0.002980067434834296,0.0066702334346246395,0.23182154041834885,-1.9087595787592195,1.490056576614273,2.7375131571503455
-0.014920974767894331,-0.012385073109178983,-0.003242411779967314,0.006697297968846857,0.24291669651209577,-2.0498094723443927,1.3799339628759613,2.9302661845236613
-0.014955842541156433,-0.012349473468397331,-0.003172668839872577,0.006700221673911717,0.24010661143538817,-2.0145491516913787,1.415115378323919,2.8842616595468598
-0.014824099450996338,-0.012480408638468964,-0.003435086978009705,0.006686670727288217,0.24868481033045678,-2.1442341081780305,1.2787450670013243,3.0553395813250877
-0.014810463231576004,-0.012525312030562119,-0.0034843355161967684,0.006643197824984964,0.24598840090753757,-2.1597582235639288,1.2321438584967845,3.065613630780301
-0.014874769739367757,-0.012463039996751211,-0.0033577164117892075,0.006652454624081837,0.24270443250741522,-2.099520399421923,1.3006058013777169,2.9853139381354423
-0.014927970966662952,-0.012436333208476437,-0.0032719012753561496,0.006626178361303387,0.23712506393397728,-2.0519558569492244,1.3299333098388368,2.9142395583292733
-0.015478932837916765,-0.012089285628511935,-0.002413987800103202,0.006355629428257127,0.19107444403054416,-1.5576453976664826,1.5730698583029954,2.2172896095662584
-0.01536810624831076,-0.012139238122347955,-0.002558387181911803,0.006440482705254496,0.2013059810685593,-1.6477669087455618,1.5576640198021348,2.348920618381805
-0.015407369017977679,-0.012108142909970782,-0.0024957356437807204,0.006423346975686771,0.1972814668723551,-1.6108566302932055,1.5748071961065653,2.299632413115008
-0.015275484756727587,-0.012195792384780066,-0.002695931434428407,0.006494352078403023,0.20848172002226636,-1.7302564544193793,1.5267361064439537,2.4642447710323885
-0.015346636084614472,-0.012181979306634283,-0.002613519949145298,0.0064240810016776536,0.20101385942689562,-1.6755036095082552,1.5270436889251424,2.378964320479854
-0.015194563534853416,-0.012223747248053158,-0.0028026053852662734,0.006561305547512082,0.21695000091915825,-1.7973667614178166,1.5147261760942,2.5662319056831815
-0.015266695565039314,-0.012256279534724848,-0.002752411098348923,0.0064424456209021905,0.2056291456737253,-1.7530773708281209,1.4769746061308637,2.479982997482717
-0.015143107222952394,-0.01229033193893159,-0.002910781424065077,0.006549754001396836,0.21918483168275574,-1.8530199439422115,1.4611089125858545,2.633940112634012
-0.014824215497273913,-0.012579896621048678,-0.0035030619083560423,0.006557184185386809,0.23903487974748708,-2.1518304813816034,1.1798420558469498,3.032809771182554
-0.014759467766792931,-0.012609546159341805,-0.0036079905042387538,0.006585930091352705,0.24508768148576493,-2.207224408904118,1.1396620398587867,3.117248225259423
-0.014622592704279354,-0.012702004128462585,-0.003854418128887103,0.006597695382959561,0.255454676924424,-2.3227511207410454,1.012445224166595,3.285786367632571
-0.0147143278175747,-0.012653770012491234,-0.003697057012613747,0.006572557972295071,0.24721743490436612,-2.2457274923418287,1.085808273735635,3.16852868365929
-0.01466915425498204,-0.012682700394674127,-0.0037771994325474117,0.0065783225124352585,0.25061986486871074,-2.283613564392844,1.0453372521929867,3.224264849234395
-0.01437299067876724,-0.012832899320394265,-0.004300396839784528,0.0066393664380858175,0.2771320541821251,-2.5244201099465626,0.7747820175090264,3.6023667081323016
-0.014358455634765094,-0.012859798709041215,-0.004336380425390426,0.006609902760589373,0.275753044558296,-2.5313637375224007,0.7389066379155248,3.6074149443901433
-0.014343259786866694,-0.012880165095178189,-0.004370004558767325,0.006590964947765584,0.2752236250260084,-2.539884126955458,0.7094293845078177,3.6173516116226416
-0.014414126358124276,-0.012828628771120083,-0.004233909605617422,0.006608577656674491,0.2713011647978365,-2.489164931263424,0.7996712903740493,3.5401915934964774
-0.01445261972802564,-0.012833950751630125,-0.004177335439858102,0.00656522839580778,0.2648400324009779,-2.45455713842488,0.8125273835065607,3.477081517314928
-0.014571507540571824,-0.012771638458874052,-0.003967524611312669,0.006547151638464267,0.25463058797069765,-2.3610958390230583,0.9246296861437429,3.3309267262679656
-0.014608036801617189,-0.012750267315901018,-0.0039029575930418637,0.006542959068075274,0.25183743718497426,-2.331824926648739,0.9590194685423452,3.286559961828371
-0.014485729629879391,-0.012815578126855775,-0.004117829153641441,0.006562666645768212,0.26202714546998446,-2.429007313529077,0.8463184941996333,3.4371700565672905
-0.0145428279791862,-0.012801477069707334,-0.004025482716245835,0.006530567024074472,0.25551690839323543,-2.382071733689307,0.883886131758577,3.3587553892664355
-0.012585652109060668,-0.014279533055242138,-0.0071324589867427825,0.004309301614465083,0.2351068471303138,-2.061269902501774,-2.115359511310346,3.311820677075915
-0.012586007547088727,-0.014295592808437375,-0.007114260073171887,0.004282855535430536,0.2306542982260329,-2.04604028988315,-2.111754571664537,3.283187535843076
-0.012546595991643018,-0.014352635281703899,-0.007116309612079544,0.004163501419486042,0.22479979077683063,-1.9808894787749989,-2.1426143117075607,3.188690974829345
-0.012572947121392975,-0.014319905431310212,-0.007109588938287889,0.004234468165399004,0.22883457167331608,-2.0206762861831855,-2.118903141043551,3.2437177708221863
-0.012586404296599832,-0.014311911948443376,-0.007096283849677746,0.0042565277968951145,0.22904664994608145,-2.0339791989600617,-2.1027979335735374,3.257315987907424
-0.01256019895706688,-0.014344620073276344,-0.007103262432289688,0.00418577566365265,0.22509202492772598,-1.9944296177716938,-2.126794548047412,3.2025868131668402
-0.012573548701269211,-0.014336440081178502,-0.0070906473545087195,0.004208053424636977,0.22544052205372048,-2.00785108660206,-2.1112664532880525,3.2165754492463594
-0.012506656781911075,-0.014393438236109996,-0.007134104612202318,0.0040702627840945695,0.2210125893909625,-1.927399080900113,-2.1798024676939254,3.1194787057370026
-0.012519071574304987,-0.014384118950545189,-0.007125032851133862,0.004093909005315459,0.22160290230890697,-1.9415103406821974,-2.166890179474248,3.135709160321806
-0.012533142094806807,-0.014376641213367423,-0.007111105622396964,0.004115749321535467,0.22176519737367065,-1.95506942867624,-2.1506160033070283,3.1490732042616973
-0.012547320462461826,-0.0143695650325978,-0.007096410559747565,0.004136920550208367,0.22186162539730211,-1.9682451447734237,-2.1338816926998443,3.161628040886619
-0.012479975159448894,-0.01444732020573003,-0.007114058310426206,0.003966871370667269,0.21394183426229926,-1.871847952307651,-2.189970257968456,3.0316639368503027
-0.012494850646487142,-0.014420050912302572,-0.007122302340108113,0.004019995331038279,0.2173882547594719,-1.9006511892492102,-2.183218395298482,3.0761326498608224
-0.012495808880663302,-0.014438819375193467,-0.007099410727651276,0.003991610055817842,0.21417086282548106,-1.8873007853490396,-2.172676908467548,3.0471666949709753
-0.01250905154080271,-0.014411534991448274,-0.007109835728555308,0.004043592157292934,0.2177057472158557,-1.9151548802326779,-2.1677763851395118,3.0913396921067853
-0.01259908392005067,-0.014271388858033657,-0.007118879261756341,0.004331697966024264,0.23572952160334693,-2.0747384157363293,-2.0987569647351956,3.325535610984294
-0.012599506765135417,-0.014287506890158385,-0.007100675720022023,0.004305096308764599,0.23102432883689947,-2.0593725751428704,-2.095366293218713,3.296816366177761
-0.012612490095141668,-0.014263202493758266,-0.0071052160921834945,0.004354073169210035,0.23765109790720848,-2.088071936480028,-2.082001008012354,3.339268587169442
-0.01261300675268242,-0.01427934600206047,-0.0070870137315603874,0.004327359488928344,0.2310530279094615,-2.072646213113107,-2.078879888906546,3.310371215010509
-0.012625870501321728,-0.014254974043432976,-0.007091483724378342,0.004376403753347056,0.23972071844364995,-2.101259913997756,-2.065165346533633,3.3529792015664266
-0.012626473274251008,-0.014271090222976955,-0.007073347151392022,0.0043496579839701205,0.23091335263978072,-2.085872533560518,-2.062308657069847,3.3239153594547948
-0.012445947164800068,-0.014501667557452603,-0.0071026336326155525,0.0038588653796469063,0.20757625833217266,-1.8124069084839092,-2.2075545268116024,2.943258541828901
-0.012461223213189841,-0.014479597497616329,-0.007105352690765207,0.0039036499346899803,0.21001771785627607,-1.83734420426722,-2.198753692445347,2.9792708277434112
-0.012457900015850492,-0.014496169325171988,-0.007091124341043422,0.0038761705358293223,0.2075601732615539,-1.8235066928031416,-2.1946930049353397,2.953818989069132
-0.012385326334782627,-0.01456377369381524,-0.00711824028342676,0.0037200262974899667,0.20197754530438303,-1.731538396382059,-2.252199200848418,2.838069004515195
-0.012404293099386721,-0.014546915164308012,-0.0071108229614047615,0.003759631652668478,0.2034274761643398,-1.7551001890152882,-2.2373426224593875,2.8672826507712075
-0.012421800082458316,-0.014530396511026396,-0.007104731264323858,0.0037975912787831328,0.20468039394234752,-1.7774674239361958,-2.2237905846319848,2.895575732316227
-0.012437370738511516,-0.014515221550324472,-0.0070995483049370684,0.0038320915648670383,0.2060722132931074,-1.797648307213077,-2.2116399072375716,2.92135632966589
-0.012390734614325064,-0.014591691220935945,-0.007076959090658668,0.0036841321943102763,0.19737520157121072,-1.7162545550677046,-2.2296702891673843,2.799545354171556
-0.012391403496658977,-0.014622795695552268,-0.007038868167844965,0.003640472005186697,0.19247059427456456,-1.6960247580983228,-2.211685687137512,2.756080408701432
-0.012480562364624768,-0.014470512570082326,-0.00708651403607733,0.003931857224631754,0.21001653504299997,-1.8553214911111426,-2.1775657379397653,2.99640607244423
-0.013927802021099596,-0.013116457368194131,-0.005161183264983931,0.00650479664030641,0.3011771382766169,-2.7974020281217045,0.1499750739533824,4.060600753282668
-0.01391195464954183,-0.013113938152874599,-0.005189798356233006,0.006519819301599539,0.30952120783423104,-2.8103368707306493,0.14123975544290182,4.087806441135678
-0.013917995057247749,-0.013128811128036669,-0.005181590274843918,0.006488494814274103,0.30081116114556344,-2.7983257651784634,0.1284402204930256,4.061513586082053
-0.013902152668993594,-0.013126212492436515,-0.005210280104008802,0.006503463121242903,0.3071750899491196,-2.811276045165789,0.11951293944298148,4.088664031611332
-0.013943950436007761,-0.013119072260875273,-0.005132579174718896,0.006489949738885792,0.3005103307722514,-2.782762281313499,0.16521672765146964,4.031688293213258
-0.01389231217238789,-0.013138455982275532,-0.005230689277978411,0.006487059753493378,0.30630631505584666,-2.812018461264554,0.09783970582556233,4.0894455932179286
-0.01390811777801987,-0.013141098575529503,-0.0052019941168116425,0.006472210544868631,0.30039450609832197,-2.799141287297178,0.10693889866467711,4.062366235046057
-0.01413611433915865,-0.01298253548162933,-0.0047544813882773014,0.006593609316207047,0.29270653389997053,-2.6872535519792167,0.4673471463244971,3.8658793494343757
-0.01412980707845114,-0.013004216291274689,-0.0047728408169378,0.006561303231658942,0.290135060526625,-2.684241987926654,0.4403919513365541,3.855791992327896
-0.014159038113871507,-0.012974337506720368,-0.004712366308756284,0.006589597981182054,0.29025756893374105,-2.6707257898060415,0.4929537101844907,3.836275529523942
-0.01418666907487603,-0.012970191471731455,-0.004664079532753748,0.00657467034980689,0.28653013552439216,-2.6486056077126174,0.5172436807060014,3.795556950020807
-0.014244400666910644,-0.012917504415656839,-0.004546837260478707,0.006615262341542554,0.28545548017282035,-2.615917054602166,0.6110028974472331,3.7469556615509787
-0.014230470479988542,-0.012943188477602861,-0.004580438382770177,0.006584314918686134,0.2836954888889827,-2.6200332896220275,0.5752274912960614,3.7483932926677506
-0.014220500032360337,-0.012972590246779615,-0.004608439838275413,0.006543622896028597,0.2808076773779656,-2.6189871169862315,0.5384377601801739,3.739762941323933
-0.014272942116601765,-0.012915245611303156,-0.00449897008870613,0.006594908277649541,0.2811596660871334,-2.591765926025408,0.6315234905077606,3.7029151769351105
-0.01430547669189565,-0.01291229345645363,-0.004444879283743545,0.006572098670028192,0.27644976908935043,-2.5644313008637245,0.6544452726212922,3.653584390908487
-0.014341315577515695,-0.012908974694131088,-0.004386035283770018,0.0065468071253719975,0.2714896804398455,-2.534461428646138,0.6786317652097766,3.6000424429558326
-0.013998693036702876,-0.01307178886163132,-0.005022862509484363,0.006538527469372381,0.2996802506350449,-2.763261834988483,0.26234165396144826,3.997761058712531
-0.014008845541719451,-0.013059637750572048,-0.005001489452635586,0.006553157111978077,0.3001868266237882,-2.760822662121559,0.28356667053815904,3.9946150989539233
-0.014019071226717526,-0.013047269058562821,-0.004979826881874684,0.00656796750262697,0.3007010195878299,-2.7582419639130378,0.30504034197956775,3.991350792833782
-0.014036899378870574,-0.013050311435754643,-0.004949064295637296,0.0065498396676083774,0.2972867629872533,-2.7421294965234453,0.31771016003087477,3.959283615168252
-0.01406488786605721,-0.013039259591032906,-0.004896579995404249,0.006549075394630322,0.29466305763621503,-2.723968571559336,0.35269363713371565,3.9256944825559046
-0.014055429526697263,-0.013053030827702298,-0.004917216325849959,0.006531777740149461,0.29380983190112686,-2.725671608399453,0.33096353719614524,3.926753377431987
-0.013989167179427617,-0.01308437317855291,-0.0050431233585292385,0.00652254060697208,0.298952530984147,-2.7647987798705196,0.24124337536182816,3.9991784206260577
-0.013979661537950182,-0.0130969312157726,-0.005063227371705367,0.006506443815856231,0.29821991470570164,-2.7661483465996457,0.2201934136117227,4.000350769310426
-0.013960333061435041,-0.013121716358715079,-0.005103585622284604,0.006474632029042024,0.2968417084698766,-2.768724082450545,0.17811472214490012,4.002865341091124
-0.013969986590574692,-0.013109341996397107,-0.005083486401052884,0.006490582804593006,0.2975386659846922,-2.7675249000016993,0.19912786277569403,4.001720662520143
-0.014094625499964207,-0.013022130100601279,-0.004839432626809067,0.006556998035493665,0.2928499613134563,-2.7065343529663335,0.39448669657886126,3.895030280988588
-0.014084358622363258,-0.013040863635683464,-0.004863102311236899,0.0065320607949913905,0.29132584589386307,-2.707157426724961,0.36735609773679306,3.8929352370253514
-0.01411953627560416,-0.01302384044934833,-0.0047969841479266985,0.006535404881705831,0.28854108129892914,-2.6850543095027106,0.4126034668034469,3.853593551186769
-0.01216201378572511,-0.014821121925308729,-0.007096846484984033,0.00318110468688998,0.17838951411340578,-1.4188565164009732,-2.3543472319081817,2.4130912002985805
-0.0122087423440863,-0.014807422238267854,-0.007055600965027047,0.0032401324140574925,0.17753939310228098,-1.4604848515116873,-2.3125846154841354,2.450152571411994
-0.012370465343565378,-0.014656551925668507,-0.007027771015276923,0.003576622216659897,0.1890115363269269,-1.6608509105284899,-2.218320291875145,2.7039099783238174
-0.012401214851585383,-0.014657047338645932,-0.006984507141083039,0.0036002091895991533,0.18660647004758743,-1.679657278335064,-2.1811492860461033,2.7116970246067047
-0.012253525697545916,-0.014736683533242482,-0.007087346506116323,0.0033707633744207606,0.18477670585860753,-1.5330476400037851,-2.3076422943407415,2.5580753088496144
-0.01223756645656671,-0.014771809351412077,-0.007063851815135111,0.0033110229385149748,0.1808685910594698,-1.5012726972729802,-2.303576948336867,2.5067552915320275
-0.012255471078120885,-0.014808143099767461,-0.006995216070481918,0.0032797003195080845,0.1745532559096923,-1.4926942218875305,-2.2610685767174483,2.4679004299867917
-0.012349081233760092,-0.01468152976798961,-0.007027114762268132,0.003524997162729798,0.18658833852096743,-1.6312028036935902,-2.2296946169344793,2.66376244014787
-0.012321396062407473,-0.014703695990639308,-0.007037758141836573,0.003472202829351187,0.18524321380642525,-1.5992473576123964,-2.2493609119448017,2.625422514005329
-0.012289126261787164,-0.014723527307777417,-0.007056607704147267,0.003418636694452373,0.1843541093669305,-1.5654538872555737,-2.2749561510567244,2.588245108482224
-0.011300548965066872,-0.015665037666052168,-0.006716566477306098,0.0015370459703294718,0.11633303934371875,-0.44181821427510787,-2.355195595998612,1.1127795003764505
-0.011358353600157176,-0.015519310782608391,-0.0068885044411484825,0.0016912657643588468,0.13020099169700725,-0.5090227296010256,-2.4460938325918096,1.2437537785555897
-0.011354781073040315,-0.01559539106525663,-0.006781483992163462,0.0016371951956261524,0.12225400212456153,-0.4956090268228389,-2.3855425411716324,1.1935477319888053
-0.01143152588458367,-0.01548493906197573,-0.006887453860502807,0.001793353470746418,0.13116862906214868,-0.578124670786189,-2.43507342395711,1.3211495884156006
-0.011499522549448514,-0.015446508424711134,-0.0068927838247688335,0.0018934563511768287,0.13298345114785246,-0.6436368952147414,-2.427521046979354,1.3975778558810703
-0.011826132981203078,-0.015134165309103904,-0.007050506349691074,0.0025047864420605207,0.1555408350182753,-1.0092172131422334,-2.4455940624189343,1.8837856467264655
-0.011811077475451898,-0.01518810757055041,-0.0069901964471866885,0.0024366972212940055,0.14950141370350736,-0.9775075706769388,-2.416026390601169,1.8230030442758682
-0.01179033862156988,-0.015233435870888525,-0.006947167098088008,0.0023727769919643254,0.14519236279541106,-0.9449770153842857,-2.3974724991176353,1.7682673819281673
-0.0115605634836239,-0.015402898950756897,-0.006907868591344923,0.001991012750102307,0.13534005382161352,-0.7050775849952241,-2.4252681207852276,1.473315151852222
-0.011765876527309564,-0.015278033814665432,-0.006908210739187979,0.00230708950306575,0.14086573094036778,-0.9104406065003584,-2.3818238182747575,1.713100605693109
-0.011704814630176669,-0.015263312962944241,-0.006983952221102836,0.002258480207173084,0.14546160487135093,-0.8642898145168131,-2.438681267798584,1.6860908544434132
-0.011666152980334701,-0.015310512813561064,-0.006951400555068117,0.0021770715932704666,0.14170161386156221,-0.8180454380242078,-2.428910488579375,1.619895961832092
-0.011616618717540333,-0.01535724941577317,-0.006927254705372297,0.0020862969830611924,0.13847597553708793,-0.7637197003308117,-2.4255836622684126,1.5479288036750518
-0.011886759890741033,-0.015144207901966864,-0.00697586982066855,0.002555194219128271,0.1509818142464824,-1.0551389332735797,-2.38718952031807,1.911131666172068
-0.011916870994906861,-0.015107978803102684,-0.006994429023218492,0.0026216841804712868,0.15421036829984716,-1.0935449349803281,-2.388416261896096,1.964755447795665
-0.01193991903230039,-0.015070929029142872,-0.007020663743412441,0.002682953285744444,0.15755858157937047,-1.1271518433220997,-2.39555240693452,2.0159256088514916
-0.012040601464197088,-0.01496898568261112,-0.007047211693881078,0.0028917471264574483,0.16526322963916648,-1.2515132251579357,-2.376095511723777,2.1803796339332897
-0.01197995641520433,-0.015054744627114073,-0.0069997322247185864,0.002738906838565688,0.1577319711918507,-1.1656189668815262,-2.3713511541435754,2.0551632124362005
-0.012026571207238016,-0.015020875434062348,-0.006993924472018575,0.0028202138411575766,0.15947354373374265,-1.216899902326775,-2.352419119677308,2.11627156213201
-0.012094865784133203,-0.014895827805581283,-0.007081035207201291,0.0030280458110393178,0.17192794214103765,-1.3289996674723277,-2.3736059620836225,2.2915867067139497
-0.012139892564476193,-0.014865924428459198,-0.007065898899011542,0.003105649953148799,0.17375764491511145,-1.3784272606651553,-2.347609686697897,2.3484575445941354
-0.012087117525244067,-0.014946465870206578,-0.007023449876394514,0.002961201071079791,0.16570671444160243,-1.2978247680306865,-2.3463119182678054,2.229193487532331
-0.011045968202312127,-0.016277312058822716,-0.006021254477435252,9.971128273807588E-4,0.07061758252034568,-0.21379089832101075,-2.000350670939628,0.6736671594477494
-0.011128115022355617,-0.01609272440479697,-0.00622449874646834,0.0011462110478894269,0.08330740766447063,-0.2766637881387526,-2.1015859668056858,0.7913742861116414
-0.011250528073002789,-0.016000225874256528,-0.006288080002188799,0.0013033283621057027,0.08753815817647354,-0.3702673831459458,-2.1255263321005375,0.9093639876662385
-0.011295155036380206,-0.01588693423900234,-0.006414528999823127,0.0014045535814242152,0.09580755922166324,-0.41500125814049227,-2.1886308687860416,0.9920200208543292
-0.011361643910878657,-0.015772031803087658,-0.006531576135167941,0.001534403779320856,0.1042394054244812,-0.47815351026708425,-2.2453139098976482,1.095576435625406
-0.02119929053441195,-0.012025664875044709,-2.662748835870705E-4,0.0019968441344461172,0.07357933177985078,-0.2424571940692759,0.558752561974377,0.28461394511476207
-0.01931115799533783,-0.01117086272921163,-3.7334664156997454E-4,0.0032320160408804296,0.05462384313688371,-0.25449935980020516,0.847036438825307,0.34316383293200586
-0.018799318614263448,-0.011434858420858177,-5.381608711173125E-4,0.0035447400073773494,0.06142698924274136,-0.3525442761729924,0.9189515086320945,0.46544874710093603
-0.01986018371831933,-0.01146298209505615,-3.674318502890724E-4,0.0028360601827573002,0.056733392804937006,-0.2644252150210735,0.7362855206372272,0.33427825727252863
-0.020526366341301856,-0.011733714692854608,-3.215260436952074E-4,0.0024041521879307193,0.06223939975484325,-0.25560095842291136,0.6358479858559658,0.30903385788019233
-0.01839788480977026,-0.011646717353609929,-6.998250722631802E-4,0.003792295713524302,0.06676886646117353,-0.4492020924914617,0.9741070942146769,0.583873506749056
-0.018012442213270915,-0.011841966406765981,-8.81809498113635E-4,0.004032755746387155,0.07267459455903735,-0.55540743847066,1.0230439536969804,0.7157741924920468
-0.021715932945130814,-0.012989809178293316,-2.6938900018947976E-4,0.0015959738071391588,0.10321654254827883,-0.27875951872604693,0.47275765065154796,0.3134289451083596
-0.021147676439593033,-0.012671707310333605,-3.377080226888726E-4,0.0019254538787941472,0.08627018567986618,-0.30261300408462205,0.5222764374193655,0.3444639070835649
-0.010809283347870156,-0.016866634484324006,-0.005392968959632102,6.321289236389839E-4,0.04174545138716835,-0.0743491566484313,-1.7004446907832096,0.3982946269032676
-0.011037798368174687,-0.016676521927073164,-0.005546002196226105,8.541854742377357E-4,0.04762421952738636,-0.198264842139753,-1.7655309835643005,0.5569572702437594
-0.011158019595392381,-0.01646396745141401,-0.005751445120989328,0.0010210583158772,0.05763703863615755,-0.2764263828495403,-1.857570197470224,0.6798023929392486
-0.010783891059420216,-0.017491937320650238,-0.004750168175650643,4.928753679960034E-4,0.01988168722472226,-0.07209114505164728,-1.41631765791133,0.2965648582287406
-0.010959293105626523,-0.01718371443541549,-0.005020623895070975,6.619938111527369E-4,0.027896672878508545,-0.1480383309567118,-1.5274414536215735,0.41331822715826855
-0.012166673294016177,-0.021132782614471605,-0.0020122163576129708,2.907095380390728E-4,-0.05375176427926709,-0.21602502943793703,-0.5753176653823023,0.25834184386046083
-0.011757866407250489,-0.020473297011773653,-0.0024307820300299918,3.3332903074246694E-4,-0.03439272648620787,-0.20343541493444692,-0.6613171558360876,0.2576171044062758
-0.01095167232884802,-0.01916196584275149,-0.0033625123830390404,3.290810474511481E-4,-0.007492159896038624,-0.11173633857560496,-0.9133666010400698,0.20601746667308476
-0.011355064465609887,-0.01982587623518676,-0.0028725100384456464,3.491616177280019E-4,-0.019470115731962195,-0.17143438039333495,-0.7707494721985674,0.2415663144653735
-0.01133736207089587,-0.018755676795052238,-0.0035944268874199448,5.143253454240484E-4,-0.007391488374765967,-0.21256061589279387,-0.9768939230801156,0.3264853124507407
-0.010964736871297695,-0.017845594145813715,-0.0043917663423884016,5.279795639872722E-4,0.010437924656841902,-0.13866681556191532,-1.2678306149946093,0.32185115665369085
-0.011211747355804477,-0.018229340666976523,-0.0040208898475326904,5.679201659306801E-4,0.0012289411537113974,-0.2047048234721845,-1.1229641776734256,0.35210841946911675
-0.021886026824077205,-0.013662408751896032,-2.7612292387405767E-4,0.0014087717330687382,0.11892497692709149,-0.3006104041775593,0.4249015323831962,0.33099845491222823
-0.021654980847299363,-0.014304180639642786,-3.424507295931471E-4,0.001390627801515838,0.12069567732178028,-0.3455917169907864,0.38760066708401425,0.376913640060694
-0.021823581650785538,-0.015004191245936237,-3.26447399961073E-4,0.001188414383301457,0.13044221224222172,-0.3463629521120886,0.3369852269686946,0.3725594917560644
-0.012829170692303077,-0.021105351030303227,-0.001919198113229671,3.5955487952564957E-4,-0.06655030913486815,-0.2792453686090565,-0.537383470737217,0.3213798373533205
-0.021543392862258162,-0.015722115461299785,-3.9065867418490197E-4,0.001139327285448779,0.12162697806937801,-0.3794665122077602,0.2884806848240799,0.4059076038197305
-0.02175014486425076,-0.016496913973299495,-3.434803936395652E-4,9.148410410977766E-4,0.12463119991269413,-0.35520667451012566,0.2381461613391372,0.3760107163058099
-0.02150468253809939,-0.017431156895729404,-3.7327385418951304E-4,7.900721735292819E-4,0.10424092869724351,-0.3593682870093538,0.17678024760666355,0.3773331812352821
-0.022117513105276796,-0.022012605841628535,-8.284775671136436E-5,8.427930194961817E-5,0.003289997550683496,-0.11389126902500978,0.0013838963916588847,0.11578932282802211
-0.021024229818670033,-0.02264176851877271,-1.2054295360169737E-4,8.457838042391325E-5,-0.05094945917507904,-0.13082177965546662,-0.040034726433950986,0.1325067399608208
-0.021920298778455666,-0.020850391815420945,-1.5577258176252036E-4,1.9423219577589912E-4,0.03307059113784549,-0.18344166614192398,0.02985234069917212,0.1867791358488849
-0.02126646004644942,-0.020319788476637266,-2.670906454352272E-4,3.208333587033346E-4,0.029089346817258766,-0.2524689444109536,0.029257334851028792,0.26019508696701665
-0.0211199170770626,-0.01970568059863042,-3.3160347299573685E-4,4.3256206768165894E-4,0.04203417182321533,-0.29464862875254755,0.0499320662436814,0.30517794046157687
-0.021307208570341588,-0.01899470133039642,-3.431709136521282E-4,5.284655355758662E-4,0.0659932827367724,-0.31699424542517574,0.0877268983662901,0.3289552831234774
-0.02119775325540167,-0.018211755265683926,-4.051298663356283E-4,6.973133946774259E-4,0.08008592138990026,-0.3588942178527587,0.1251450861542489,0.37571714289837405
-0.013998212543144142,-0.022679009036013414,-0.0010151696509193076,1.6604617388168554E-4,-0.140233276865936,-0.22365998928770378,-0.40546006819011543,0.2476359459232375
-0.01971515071214316,-0.022574759266109787,-2.45530658599609E-4,1.3238415129802027E-4,-0.08970117891013306,-0.18972644640307393,-0.088237209731434,0.19478517944047627
-0.01821726965933014,-0.022662112792777286,-4.1074141644107856E-4,1.6019186832726085E-4,-0.1328719264091055,-0.23123988508792137,-0.15929201936237677,0.24001609699224377
-0.016769984517030632,-0.022774684372167397,-5.834833161062497E-4,1.657307694655024E-4,-0.16057638752921213,-0.24639747778492802,-0.24005392079835228,0.25962621660230617
-0.015378861493922348,-0.022905805085459325,-7.379467910185656E-4,1.5059119555672605E-4,-0.16931053447078112,-0.23246581674593034,-0.32272446766689894,0.25003763034620413
-0.01395524817943616,-0.02168056684575554,-0.00144606979526588,3.2485932087188027E-4,-0.10247344197486094,-0.3060232848681122,-0.4327741106553951,0.33779900270293167
-0.01349197111521388,-0.02105734038412462,-0.0018145956661322976,4.217030259387419E-4,-0.07754238646790174,-0.33427322572300205,-0.49284587380286754,0.37471688738089887
-0.016770886766960466,-0.011632461565878346,-0.0012357876840347114,0.00521743681186907,0.1078412996981392,-0.7891306534918775,1.4202749556148013,1.1109338409890193
-0.016308670903924554,-0.01184869507862753,-0.0016188580661242312,0.0055913673701100475,0.1292485252322564,-1.0339663400423664,1.4834708606218825,1.44510133003148
-0.016526308752395465,-0.011751400302846458,-0.0014316088404379874,0.005413720949549673,0.11853666537806586,-0.914625583945603,1.4557925539205954,1.280782909716027
-0.017001880123491082,-0.011779387756444241,-0.0012230810499847802,0.004925292097589319,0.09711287759722322,-0.770047851076667,1.2974112861586067,1.0473371480612614
-0.017539341129712224,-0.011998102741079007,-0.0011123904741624589,0.004358986147508014,0.0813380331135578,-0.6918033474843995,1.0942794645741392,0.8936855041525514
-0.017188957630339046,-0.011953497303201251,-0.0012352185503945892,0.00467763594953085,0.09096012938146641,-0.7696576377433875,1.191500938076652,1.0143393926883475
-0.01606523822376963,-0.012128191792720894,-0.0019691534731192764,0.0056687267690914865,0.13865853657743862,-1.2392121324166399,1.4064963229702985,1.6926294447510928
-0.01625523443052901,-0.012052696100922225,-0.0017899407081560209,0.0055215844394641495,0.12843395332493437,-1.1268453406680108,1.3982834029573885,1.537399737022649
-0.015586738818505001,-0.012150423433753606,-0.0023651613493701506,0.00617528602641717,0.1776533601386348,-1.5082078113667925,1.5043583278504844,2.1153212900872678
-0.01576070493120863,-0.012112971230636854,-0.0021901368348138726,0.006010437587516256,0.1620868450871179,-1.3941752189184546,1.4903518323702507,1.9423108141472787
-0.015888186051202874,-0.012196608161189464,-0.002147915792238679,0.005804834462229093,0.1497164018491037,-1.3493809965134813,1.4079612123499459,1.847465817643842
-0.01501771804997791,-0.012329921723988094,-0.0030839129443255555,0.0066512442556496765,0.2338088707549049,-1.9600607722260004,1.4325021126425275,2.7991479124394547
-0.015102456313693719,-0.012340512503495544,-0.002994571359801013,0.006540844165433477,0.22125805606765533,-1.8954688771255004,1.4187086306369425,2.6861709508592893
-0.014986238317252392,-0.0124042342182901,-0.0031775241154221897,0.006599412507490832,0.23213504789804687,-1.999134968727434,1.3624341794279193,2.8370730164817926
-0.01497392361420874,-0.012463493670055698,-0.0032352612586342136,0.006541774273791048,0.22867961002982357,-2.0180140692927155,1.3060052894724044,2.8475046684100027
-0.014868024405046535,-0.012524192142487747,-0.003409205761503296,0.00658214762228164,0.2378449654554449,-2.11146918318428,1.239885411850021,2.983486206265604
-0.014928188546163049,-0.01249264276402249,-0.003311757689183978,0.006556320585678149,0.2325005353782825,-2.0588817215938167,1.2756821784965418,2.9056448611361545
-0.015434823955731265,-0.012192458648810342,-0.0025362829728534497,0.006311244035514628,0.19058968065572726,-1.6191161252309971,1.5026754505591406,2.2812703738149795
-0.015341493508231953,-0.012249416235329803,-0.0026710332421246933,0.006363022592536298,0.1974769878475414,-1.6984135387548598,1.4724977093589688,2.3920844862379895
-0.015226655996056859,-0.012305320238997601,-0.002831881034984687,0.006437044343196189,0.20777459454703526,-1.7945981978066416,1.4398176621705507,2.531020541553144
-0.015295408905926395,-0.012306392913880557,-0.00276056256968584,0.006357718947206934,0.20081903434450799,-1.7448001369870176,1.4320702364999773,2.448650138426367
-0.015180424375396389,-0.012359661180445302,-0.0029221564957353455,0.006430914122199719,0.21033475036450097,-1.840679513846373,1.3970798932781543,2.5881830920221947
-0.014884785387048977,-0.012578066271440827,-0.003423938461184905,0.0064956853865268,0.23126742968244324,-2.101812088469325,1.1899931541169155,2.9491054184137755
-0.01486931000715949,-0.012628444506500906,-0.003475917322693915,0.006447520939850256,0.22811617730585823,-2.1170430589131626,1.1400053892177597,2.9584688207466345
-0.014815836127999856,-0.01263815276188753,-0.0035513054913113044,0.006489717317402169,0.23447505295379162,-2.16083981030706,1.1218883823715304,3.029241181690852
-0.014777190324191695,-0.012678123181792523,-0.0036269106221763323,0.006475972526107384,0.2360100016033144,-2.1930283172729257,1.0759368307114954,3.071128428013768
-0.01466904203382291,-0.012736500482842467,-0.003808828616788832,0.006503259598556966,0.24499748238223554,-2.2812086305104846,0.9915185998238462,3.2033827326658098
-0.01472288386018467,-0.012713045933808682,-0.0037209009916113326,0.006482887252290427,0.23991111377042748,-2.23730424393522,1.0293898612466361,3.1355668463084068
-0.014394735757589367,-0.012863439737865778,-0.004281062065748079,0.006571878896915105,0.26928597408134153,-2.4990236424981873,0.7540147915156933,3.5482255404035725
-0.014372789226844776,-0.012889238149086886,-0.004327425021420314,0.0065508073117068735,0.269378253075006,-2.5122256555549813,0.7160980604891664,3.5650348003147188
-0.014480656232929405,-0.012855614124064198,-0.004145518123184119,0.006506977608163006,0.2578366157985333,-2.426853124430753,0.8035103182066113,3.422247962430458
-0.014437933422221442,-0.012864521545023322,-0.004214744975304451,0.006531739510803282,0.26301338934840873,-2.461555834917824,0.7743926682008934,3.4810098140085697
-0.014596853698087492,-0.012802307458825364,-0.0039472943510030145,0.006478834396621472,0.2477368050911193,-2.33624146033268,0.9033738127002177,3.279023591926466
-0.01465177589368696,-0.012784709302368039,-0.003859756006781795,0.006452222966068038,0.24177270105578555,-2.2920542850436587,0.9390900543564921,3.2080175107124584
-0.014524992679811985,-0.012844717199610377,-0.0040739404702604155,0.006483187543268386,0.25272613871071314,-2.3910718497514587,0.83336861197819,3.3623708268608454
-0.014509094091702495,-0.012875636409124876,-0.004112587542330028,0.006451576566241522,0.2510402576095659,-2.399339774141656,0.7960839416820963,3.3685807588579832
-0.014576687258131781,-0.012837850339696701,-0.003994773547268223,0.006446142217478384,0.24614353585959917,-2.3487497129087482,0.8608774130352889,3.2907014765944127
-0.012599940482382188,-0.014303937043837832,-0.0070826764549898474,0.004278513232419298,0.22929936586582886,-2.0471890196893963,-2.0864226356809303,3.2707256953169046
-0.012561170190069726,-0.014361754911366246,-0.007082901900952188,0.004158929813355039,0.22210866734289866,-1.9816738496673791,-2.1178156707748403,3.1751449624915242
-0.012586838278652967,-0.014328369679234355,-0.007077854925204322,0.004230026158053144,0.2257831177167711,-2.0210467504439436,-2.0956358384774325,3.2302279485353584
-0.012600311091636519,-0.014320583992257288,-0.007064307345875569,0.004251565343072323,0.2260380472298408,-2.0339942492795693,-2.079485126424638,3.243257412570665
-0.012574567569488609,-0.014353347529972152,-0.007070614889524484,0.004181494126256961,0.2224877370294638,-1.9952062348161779,-2.1025085777959736,3.1894179780380205
-0.012587342392608078,-0.0143447893289493,-0.007059332861536433,0.004203804648023841,0.2229451991786963,-2.0084328553633046,-2.0879977992100063,3.203752868808516
-0.012520668849878054,-0.014402450344957914,-0.007101887358112143,0.004066154808404891,0.21831810459707235,-1.928531603602572,-2.1560245720987026,3.1069792832704284
-0.01253286211028824,-0.014391255781718158,-0.007095234169675968,0.004092414854732042,0.21934206520678493,-1.9437648832130114,-2.1442751043390174,3.1259097069094124
-0.012547930335514152,-0.014386678102024942,-0.007076516203968993,0.004110172679146133,0.21884974270623545,-1.9554471455788904,-2.1253629757685193,3.134566903289055
-0.01256235968821019,-0.014379460842981287,-0.007061600158324116,0.0041315355151190026,0.21899757366161585,-1.968637339074711,-2.1084278724743126,3.1471180283235154
-0.012497754742104654,-0.014459146545763432,-0.007073286827240381,0.003961807255837838,0.21064995419817725,-1.8734954720339665,-2.1601447884403715,3.016347550444119
-0.01251148890400937,-0.014430447819039594,-0.007084660030090346,0.004015915686214135,0.21434686563211122,-1.9024396299396231,-2.155332544436025,3.062256350817019
-0.012510775157543813,-0.014448143019664957,-0.007065786991242674,0.003988096008476835,0.2115069095777465,-1.8889207783105664,-2.147910075255861,3.0349556874446626
-0.012527222532176002,-0.014420901221421319,-0.007070954142144728,0.004041968372931488,0.2147540147735099,-1.9183121998365331,-2.138333793624598,3.078952713934933
-0.012613559826370491,-0.014295877215797262,-0.007068869669869581,0.004300592949033573,0.22966685378469312,-2.0603796405697374,-2.0698247652082737,3.2841027372314806
-0.012627183453101995,-0.014287649843337536,-0.0070550764785467035,0.004322851438919862,0.2301335848255122,-2.0735740833399396,-2.0531566036007387,3.297572180449744
-0.0126392250056941,-0.014246703588587152,-0.007077697132705831,0.004398665433016861,0.24042075304270663,-2.114325466773292,-2.0483115540136168,3.3665647421417124
-0.012639883187470093,-0.014262756032283474,-0.007059694732115387,0.0043719551440762295,0.23099734855949636,-2.099027046270603,-2.0456617679105187,3.337449640658322
-0.012640694114919311,-0.01427922577377804,-0.0070415153378604175,0.004345266607367369,0.23061783026745042,-2.0867413177157683,-2.0366004099916544,3.3111806904472876
-0.012652553475482135,-0.014238391211262554,-0.007063854040677845,0.004420862141421878,0.2399819001617294,-2.1273060943153332,-2.0314406365290187,3.37996855747974
-0.012653247431714046,-0.014254386936879077,-0.007045995562305765,0.0043941889529316705,0.23147012368005784,-2.1120658090471953,-2.028928461289969,3.350895857083285
-0.012665855778034214,-0.014230036994013361,-0.007049943404349318,0.004443011832480234,0.23949672914746664,-2.140217663073507,-2.01451409016359,3.393205064459961
-0.012666590124754835,-0.014246006291391085,-0.007032189388366169,0.004416334714669779,0.23209563647539747,-2.124964921620657,-2.012097000397618,3.364187700080216
-0.012458808564799206,-0.014514036614590862,-0.007069039386218653,0.003850142837604435,0.20463262704199878,-1.8114347058731648,-2.184267795257792,2.9275376772219235
-0.012477924409056032,-0.014497915732342225,-0.007059054672895652,0.003888514035961874,0.20589737054425153,-1.8340917408073791,-2.167395598790194,2.954904197376106
-0.012427994632811072,-0.014552325585940745,-0.007069778062451977,0.0037701991705531694,0.2008252616457693,-1.7661556771976135,-2.204022976486074,2.865058614328298
-0.01241614772620002,-0.014575551030463088,-0.007059611856900698,0.003727295323452336,0.1981267213238098,-1.7429870823939024,-2.2066344845263846,2.828842194888569
-0.01244980240490294,-0.014538988514116051,-0.0070534050158732745,0.0038064140916436793,0.20145483671469996,-1.7885730395512132,-2.1830491644101717,2.8891049958845274
-0.012417395319297211,-0.01460957248064272,-0.007017718775219434,0.003679516096953692,0.19274442112084159,-1.7208119071955614,-2.1869190066759425,2.7810958717721346
-0.012423290139372226,-0.01463972699509028,-0.006974034106650027,0.0036414708923265884,0.18811776162249041,-1.704406467265548,-2.1637240066422394,2.740960696770467
-0.012501092214256403,-0.014483362878038085,-0.007040736926906317,0.0039274125161131955,0.2065332070364357,-1.857784139127924,-2.143973977658016,2.9803812092173243
-0.013882433256544183,-0.013150668501838894,-0.005251018847690161,0.006470614935431757,0.30721770100493173,-2.8125869795592013,0.07623333056809337,4.090080276283603
-0.013898210666721108,-0.01315333217382913,-0.005222329018319235,0.006455894525614161,0.29948671496859497,-2.7998262300823042,0.08544963263243312,4.06306845326523
-0.013888307019882104,-0.013165555063156876,-0.0052425440399937635,0.006439452605438306,0.298350323646329,-2.800344695589423,0.06393163550926234,4.063531634737423
-0.01387251601870674,-0.013162849930815514,-0.005271299792697822,0.006454103627375334,0.30765354893968966,-2.8130483647963485,0.05461377450982472,4.090491051357776
-0.013934200465796617,-0.013131567415879708,-0.005152838324490912,0.006473526417117333,0.29973812057037025,-2.783683804485763,0.1438160822849871,4.032476483332325
-0.013924292327617042,-0.013143984517293995,-0.005173249858391727,0.006457200098601262,0.2989147246141722,-2.7845878704075315,0.12233216768062984,4.033361839601853
-0.013950783965785474,-0.013134343429357877,-0.005123434368512974,0.006458018593623175,0.2960531415839589,-2.769530364164508,0.15696864330114604,4.00332167874948
-0.01391428157981414,-0.013156229348917579,-0.0051936996889609946,0.006441103946325358,0.2982027618696969,-2.7854822123436502,0.10089511316421516,4.034368636469149
-0.014152732525429472,-0.013002796558740114,-0.004733216222391944,0.006546128258183917,0.2866829843649508,-2.6655019941140146,0.4592376973646353,3.8205401910717716
-0.01414401603388713,-0.013024729825330157,-0.004755436518547853,0.006515478600741677,0.28445365857355326,-2.6643539091587773,0.43059827647655063,3.8141052817791024
-0.014178549261206467,-0.012999755429129102,-0.004688496529506859,0.006531308107572479,0.28307414644025947,-2.6449288571646363,0.481358923975463,3.78240421091532
-0.014208477470599879,-0.012998813892365346,-0.004638096536562181,0.00650956942030293,0.2784939454080459,-2.620170791060865,0.5036406037209514,3.7363038349830364
-0.014263108922699753,-0.012943938796670237,-0.00452697398470666,0.006556197658478024,0.2784940210326135,-2.591779338940309,0.595801396352587,3.6959813794845
-0.014252121406621916,-0.012972523253694907,-0.0045562625373204955,0.006518341640657665,0.2758232551827242,-2.5922426367183493,0.5596510525047357,3.690252981889173
-0.014240835424748327,-0.013000051633826368,-0.004585082020200126,0.006482163949732456,0.27342058651782913,-2.5927316883089886,0.5246336567452211,3.6851828372912503
-0.014294370635352806,-0.0129427496659441,-0.004475645657510352,0.00653226253599671,0.2738331680705108,-2.5654632158759854,0.6165761741729513,3.6480059779854934
-0.014323476623159186,-0.012934469231675828,-0.004425432272799705,0.006521286390129932,0.27051807928833965,-2.543017513619423,0.6424447575363423,3.609262416783964
-0.014352995386327217,-0.012942067370073182,-0.004381740360347232,0.006484495691269083,0.26500410246092737,-2.516050890240404,0.6517764792923613,3.5586758728597094
-0.014374667049992521,-0.012919599538241464,-0.00433804607337094,0.006501527798474027,0.26472535152420756,-2.5034525251857676,0.6862783668089933,3.5415308365273255
-0.01400515582755959,-0.013086998710102432,-0.005015239267324682,0.006506960171250849,0.2959385526295084,-2.7506568304614656,0.2533384855591026,3.9708138555123713
-0.014014990941164956,-0.013074695143031188,-0.004994580298943456,0.006522065102307641,0.29653442719145634,-2.748637976357857,0.27425140431067646,3.968474919792159
-0.014026488327989882,-0.013063471232659815,-0.004971171698059552,0.006533939844816328,0.29662592746016164,-2.744587809023717,0.29552424396962135,3.962111308958231
-0.014045438095742697,-0.013066944855091281,-0.004938693986064692,0.006514457947821718,0.2930157132378133,-2.7275490309770727,0.30863932015242557,3.9282597139094517
-0.014074638967569284,-0.013055629635653583,-0.004884407221484449,0.006513434606554533,0.2903553958936346,-2.708765045005201,0.3446593204866922,3.893578321132131
-0.014064392131970423,-0.013069184933221295,-0.004906136898165916,0.006497135078243207,0.28967536973397984,-2.7111270355006627,0.3227108078957261,3.896012047538171
-0.013967425769948421,-0.013136717388704448,-0.005094030855670247,0.0064431462597401455,0.29307180997744137,-2.7554068912324574,0.17069848234895202,3.974746075112686
-0.013996197925416655,-0.013099738982517603,-0.005034335226986958,0.006490339401002908,0.2951025542282788,-2.751579820583793,0.23281104817172657,3.9710523476047723
-0.013986656709010484,-0.013112373573548287,-0.005054326763051654,0.006474162384526636,0.2943619320324183,-2.752837581052027,0.21186665155641274,3.972090550786143
-0.013976678788807262,-0.013124396808924821,-0.005074848285532369,0.006459223995889086,0.29379863121671473,-2.754565869057634,0.19108553567320105,3.9742576920999295
-0.014107692250823789,-0.013042328535324305,-0.004823201776597486,0.006512413437346151,0.28731221581847327,-2.6872987628911464,0.3847645798924601,3.8545483755183256
-0.014095688875595794,-0.013058846373503345,-0.004848874865396316,0.00649269205283962,0.2864687266390962,-2.6901868984512483,0.35877595739669627,3.8572802371397903
-0.014132646707045768,-0.013044940520664731,-0.004781280736935407,0.006489554312986846,0.2829593208018308,-2.6657254183489028,0.40178921781288907,3.813002386927373
-0.012193538255408901,-0.01485526872438774,-0.007013672264390112,0.003166783050354282,0.17173390826953994,-1.4230966712973332,-2.298047596013234,2.384960753332365
-0.012241490979686614,-0.014848226304871474,-0.006962886423373229,0.003217107705067976,0.16982930235068405,-1.4603952166828857,-2.2514116606896675,2.4131369565945913
-0.012429540762165129,-0.014674560882393998,-0.006924761813316846,0.0035977554598031224,0.18241908330864468,-1.6851650563925282,-2.138136104792723,2.695175473563108
-0.012273779660935898,-0.014840548830315605,-0.0069318685083254745,0.0032540392055965964,0.16893808378479616,-1.4863195932699318,-2.221564517130508,2.4347067977421157
-0.012391374516165206,-0.014691601194524615,-0.006957231968606591,0.003544921314466647,0.1826226846275659,-1.65140935707548,-2.174122818799827,2.662612358698325
-0.012287515756863621,-0.014772663037561237,-0.006997896793751153,0.0033525289943890997,0.17762877158490215,-1.535131645546715,-2.2470355861449582,2.524466759804288
-0.01229025969907752,-0.014815615733137277,-0.0069415580453477165,0.003299404942016769,0.17146517552303794,-1.5114820310379595,-2.218586396834547,2.4712074521387115
-0.012357864928351885,-0.014722623020974168,-0.006965702106611386,0.003476370522286456,0.18031452642590293,-1.611089964779952,-2.19608603197809,2.612115047716458
-0.012325512024252286,-0.014750081708303303,-0.006975688061799643,0.0034135977001415884,0.17847055147924082,-1.5735673478279713,-2.2174914318631895,2.566266302536284
-0.011411589032172369,-0.01566669573767432,-0.006644867199760985,0.0016493242662144775,0.1130541130633891,-0.531912130822119,-2.300937649959629,1.1902143710619777
-0.011432830174599692,-0.015570917401293021,-0.00676420689375347,0.0017346189863532543,0.1214877776990936,-0.5647302803147606,-2.364929157103209,1.2651531962209008
-0.011510937358759033,-0.015527088011047572,-0.006770509718459157,0.001845747615367231,0.12438153302683029,-0.6372658488065501,-2.356397298268305,1.3492019839991631
-0.011580085733809751,-0.015478463170640378,-0.006786516813732821,0.0019521510656958336,0.12602903947803235,-0.7042353320849842,-2.3532518401659845,1.4307656159765385
-0.011861262635182892,-0.015190263729289017,-0.0069384340154986105,0.0024843955524585185,0.14698449751420348,-1.0174722808276069,-2.3737437336548113,1.8517866230244806
-0.01184898494744595,-0.015236424312082648,-0.006887583755983574,0.002427783540980737,0.14213033593168978,-0.9910323897100969,-2.3493086634913847,1.8015445060623179
-0.011827360397675154,-0.015285309164407335,-0.006841808559790327,0.002360851205710444,0.13745214303824613,-0.9568952538653992,-2.330145131045611,1.7445425239172618
-0.011641181097992127,-0.015437071959998085,-0.006795700690686911,0.0020461701370887643,0.12820778370918853,-0.7637911035157697,-2.3469840279159815,1.5023783006994054
-0.011807618207641184,-0.01533258586508822,-0.006796163480965882,0.0022986296230067082,0.13283848766902603,-0.9255148701521075,-2.310479986851423,1.6915320683407786
-0.011738493714610854,-0.015329439855791271,-0.006861941260613403,0.002233794307218986,0.1362115103887507,-0.8722731047402262,-2.362609431139631,1.651548693843532
-0.011696143002262932,-0.015385935614237116,-0.006820777942208166,0.0021430788838946776,0.13178463932385054,-0.8217156962593598,-2.3494812654293784,1.5780708375328516
-0.011911442941235658,-0.01518678756787471,-0.006893587957539559,0.0025364181586050765,0.14479493399831103,-1.058127359689629,-2.3352102624942663,1.8844471497058635
-0.011942521579749024,-0.01515553152644669,-0.006904055795538765,0.0025975322359635573,0.14721725260475405,-1.0944690217790338,-2.331695599939136,1.9322338061638005
-0.011977603012832261,-0.015111056926146156,-0.006926982151403497,0.002676752767439158,0.15068415764856133,-1.1396710283888163,-2.3330806972005327,1.9957869648272786
-0.012094057339608388,-0.015001366529130849,-0.0069437996525746,0.0029044542720267374,0.15818820933988317,-1.2765457017674693,-2.301738240004138,2.171513873312783
-0.012035437990089926,-0.015083155349608189,-0.006902226571026041,0.002760336761589101,0.15093536616947903,-1.1952134043264329,-2.301032948671963,2.054872491088522
-0.012079866299943669,-0.015054667086731638,-0.006890711112191752,0.0028319288117048635,0.1528256774315325,-1.2407612675461979,-2.2796188265355948,2.1069422705303937
-0.012144490689982657,-0.014925358869449066,-0.00698343709333447,0.003038214573665409,0.16498934446217695,-1.3507332232074063,-2.303085796212675,2.28047318252564
-0.01218150308190464,-0.014896263839091038,-0.006976223602214672,0.003105996764067111,0.1673434649720391,-1.392544893747153,-2.284176888829519,2.331041520167664
-0.012146722013057588,-0.014980745746766813,-0.0069099386681007345,0.0029752207122768406,0.1583295066385482,-1.3244043089267727,-2.2645020337009822,2.2188838658010357
-0.011236467837639446,-0.016263395493445926,-0.005961154205076333,0.0011677172888009764,0.06910935320840189,-0.3390006852180852,-1.9564805109052712,0.7939111965621898
-0.011286494368046681,-0.01611311503102484,-0.006125242161492347,0.0012804246203964808,0.07737029848222716,-0.3842818843833199,-2.037129197343831,0.882192098386955
-0.011494638038806279,-0.015756035891478542,-0.006470479843888158,0.0016724316605845491,0.1009885224032928,-0.5809802800732217,-2.1943599677434236,1.1916684558835724
-0.011384354593609659,-0.016013888143108893,-0.006200712564989916,0.0014185607946974469,0.08404671481236033,-0.4633167377878716,-2.06603607106318,0.9873021843943476
-0.01145807072812463,-0.01588796395359167,-0.0063204685712252165,0.001556577827717806,0.09215952578878304,-0.5329041097296557,-2.1192428912964068,1.0962504126078796
-0.020485036095272524,-0.012374370443997473,-4.2127777272112045E-4,0.00232255373753254,0.07281218807518773,-0.3314560893934852,0.5936992623127924,0.38457030951564475
-0.018664134930580927,-0.011854706196525592,-7.034237924466211E-4,0.0035466401461218245,0.06611394422649121,-0.45464126491020307,0.8896213581696276,0.5718464353958161
-0.019221935623407106,-0.011858379752277964,-5.745163531368941E-4,0.003169563817424479,0.062408051885861585,-0.3869634846975391,0.7948557618239562,0.4774326146247301
-0.01983347332592654,-0.012093434936070072,-5.005335244191489E-4,0.002743444430851938,0.06477729409601109,-0.3584808488929525,0.6857597671727137,0.4274475048820829
-0.018346759883313496,-0.012068189664770154,-8.612418839640334E-4,0.003712779867872298,0.06942431052450525,-0.5455228544061729,0.912869349306087,0.6791757256159392
-0.01794102844399713,-0.012247612110357258,-0.0010603712974995743,0.003949200126929917,0.07307906607845803,-0.6580776135054872,0.9511782369052489,0.818067614483617
-0.021104323451049855,-0.013316253086312044,-3.99301313372465E-4,0.001828222352206764,0.09530351115572504,-0.3527140712482581,0.47789599174356684,0.3932580602171541
-0.020428737526979726,-0.0130083209084592,-5.122102212477933E-4,0.0022228882682195643,0.08044146435618404,-0.39609812209118317,0.5433813364610534,0.4485219070307184
-0.011125196105886826,-0.01690942099075113,-0.005262233545849462,8.456744972634014E-4,0.036393709675345685,-0.2355197915900009,-1.6290551654639913,0.5430079041512886
-0.01127939008976949,-0.016669302368542197,-0.005470897503658433,0.0010362517853789845,0.04630152695608458,-0.32932121071133763,-1.715502705943116,0.6808657230084451
-0.011366677108498797,-0.01643607488829773,-0.005698500703621654,0.0011972021387574889,0.055836081585521995,-0.40020126759856317,-1.8159196098259123,0.8011858351689901
-0.011142328333742603,-0.017498671200486884,-0.004669334447777133,6.953530783210997E-4,0.017264918596748783,-0.2150066221676901,-1.3726077102828642,0.43383320805024406
-0.011317049034769726,-0.017190216921415768,-0.004915950074170534,8.818307891346556E-4,0.025102430704157293,-0.30499579117371756,-1.466711246057647,0.5621624424013064
-0.012406636179647205,-0.020447197823353015,-0.002336861062599843,4.3312451320103533E-4,-0.04600609636117311,-0.28562172323206564,-0.6216574567026577,0.3389424637820662
-0.012004311786730358,-0.019803737244138368,-0.002778373949809612,4.895288117407445E-4,-0.029843141050398102,-0.2771372747098945,-0.7290806584052062,0.34622194331687006
-0.011633805013176776,-0.019223458986340012,-0.0032141471012921475,5.158334843348398E-4,-0.016797419666685715,-0.25188954364091165,-0.8544383611650482,0.3418154193689054
-0.01178634752079904,-0.018799889637783136,-0.0034686343398840926,6.497027370053904E-4,-0.012840738905275345,-0.312231210299318,-0.921419882207277,0.4205442901740125
-0.011631114000873707,-0.018416957432530367,-0.0037814960182331616,6.899017875726144E-4,-0.005732537035765115,-0.307229572241928,-1.026102233313394,0.438041782216492
-0.011326023700144731,-0.017812966191050033,-0.00434198865711487,7.122902582977305E-4,0.008050138047218639,-0.262649806276916,-1.2366118563529154,0.4439876415058219
-0.011561533959743839,-0.018055998335516944,-0.004079025170279255,7.55038647829307E-4,0.002275028133394135,-0.3174423830870947,-1.1301918194659155,0.47617291027850117
-0.02103842541349864,-0.013989572818315671,-4.5713971883681127E-4,0.001716439941653986,0.101625103816004,-0.3949715577220158,0.4275634910098695,0.43418761744920525
-0.020959799408751954,-0.014662408946880185,-5.059588266224259E-4,0.0015928789288436206,0.10360381913558005,-0.42668756901915045,0.3737969623248523,0.4639987618512858
-0.020913541607765217,-0.015359676271323725,-5.342807676980343E-4,0.0014385254646289867,0.10301197016017395,-0.4429426816437649,0.31667653703081694,0.4775852362029676
-0.013043925826198828,-0.020402192589600854,-0.0022283071601995295,5.225095798038508E-4,-0.055044011290243534,-0.35573624481010974,-0.5733762862067381,0.4082491563846979
-0.020820774590354654,-0.016084764842736136,-5.595710890261054E-4,0.0012850311670501294,0.09730268300944252,-0.45173381919769745,0.2583786637395474,0.4831649824901751
-0.020719924534086942,-0.016895248681705527,-5.688989357404152E-4,0.001106966774606414,0.08615670601257887,-0.4471859919245383,0.19662271928460562,0.47462659527603673
-0.020504303064170063,-0.017752808501676834,-5.854626649888688E-4,9.424665072974798E-4,0.0674850839300052,-0.43803966594889715,0.13229921445542983,0.46241458105717187
-0.020624566439258453,-0.021221129979856423,-2.832999883122515E-4,2.5207246218103904E-4,-0.017350979318685945,-0.23866097360479135,-0.022600032189422616,0.2448792601427654
-0.020565717017894742,-0.020152312588870142,-3.9084948732550474E-4,4.216646646067754E-4,0.013156400016459638,-0.3071351860388206,0.011369631996728493,0.3175295929545017
-0.020341492227010545,-0.019349217809328235,-5.055509526169512E-4,6.030010679970703E-4,0.028505047303019893,-0.37070197929813625,0.03703719501504404,0.38681574998984974
-0.02042119175246258,-0.018559080117360807,-5.526348335651248E-4,7.648384585182594E-4,0.04939360403661181,-0.40754661719056745,0.08110070747236574,0.42746862371630684
-0.01482038899055887,-0.021829904953579674,-0.0012212594639042873,3.21952636804164E-4,-0.11797729493436056,-0.32380532076826013,-0.36973696333053657,0.35157641694474423
-0.01887438640998365,-0.021399032203558307,-5.3501562648775E-4,3.3341217389822974E-4,-0.0691758314706281,-0.3136638894998764,-0.10592810532763519,0.32569694062859705
-0.017354113182470383,-0.021544665967115545,-7.958932025006932E-4,3.674499946300413E-4,-0.10072232982118808,-0.3519264039381682,-0.19720655482626268,0.37045703919411016
-0.016006681943697084,-0.02172296470116268,-0.0010217917365224077,3.5276515306838945E-4,-0.11772916685367167,-0.3505653968625671,-0.2879085089245659,0.37399743853364614
-0.014290911233290324,-0.0209559739945012,-0.0016825934886006246,4.915549459885835E-4,-0.08364059851082106,-0.38920775218436926,-0.432796249526704,0.42854295193070063
-0.01365690796055451,-0.02031424983945844,-0.0021232464873557413,6.065748672567831E-4,-0.06049587702018883,-0.4165730342574194,-0.5222748400768533,0.46824071633888936
-0.017546087698773607,-0.012395177481554021,-0.0012757645735005077,0.004188555085305496,0.08016032799039256,-0.7777138256134898,0.9862815339085665,0.9702962382232058
-0.016727685082695072,-0.011913218239054266,-0.0014303428855602183,0.0051263415416611495,0.10678603864764778,-0.899344376836639,1.3292522023050715,1.2175019443552184
-0.01647267585659571,-0.011986608391358119,-0.0016144150394707378,0.005339521697580226,0.11754321617529985,-1.0154214886853532,1.3699520409817076,1.3809427314785196
-0.01694394139391653,-0.01208995491261522,-0.0014199367642225371,0.0048337931457741205,0.09770871265393079,-0.878819441612408,1.207109573248429,1.1539537060148197
-0.01725163394541334,-0.012241891636660528,-0.0013450227600731149,0.004493561880604299,0.0856672086375226,-0.8254759731040983,1.0876592569435346,1.0525155015881962
-0.01637423058157779,-0.012177960925240662,-0.001791683955121609,0.005320873070808841,0.12029836091552115,-1.1123608775795373,1.307558089562308,1.4867476995056121
-0.016028299719913788,-0.012313756283229916,-0.0021159784840957905,0.005569754640806817,0.13695147317808662,-1.3085565572594533,1.310238176987261,1.7552641013171126
-0.016213365865907492,-0.012262507427446837,-0.0019499258997275244,0.005422995617410996,0.12727768996057295,-1.2068050282561362,1.3009771931614618,1.6114855763701421
-0.015558599852853638,-0.012296409609060692,-0.002497079317729731,0.006075251893446598,0.1732825621321675,-1.5673619348785799,1.4037734663730934,2.164081789420235
-0.015722050255774358,-0.0122563108468516,-0.0023245278286716207,0.0059338249962676845,0.16000567177427558,-1.4590188189733393,1.4031892300590147,2.002882975901331
-0.015848301202478966,-0.012358360348029439,-0.002286296284311579,0.00571630483382861,0.14709152221608102,-1.4136729021630512,1.3157654108643542,1.9062251599765467
-0.01506795938348194,-0.01240265228014875,-0.003080225890120951,0.0065090775044986315,0.2210889683963936,-1.9344615645666126,1.3629795749453528,2.728593581561032
-0.015136764429507161,-0.012398758058236686,-0.0029990802197936155,0.006436545545243902,0.21311263305493097,-1.8809374309266083,1.3649630241886939,2.641384545662396
-0.015036828883726627,-0.012465480606496437,-0.0031614836945798096,0.006470245914742759,0.2201709659417301,-1.9686657475165086,1.3057089446284074,2.764028112933626
-0.01498947645386503,-0.012517809337415826,-0.003254022989171015,0.006459098214624869,0.22268630358451622,-2.0124892484510446,1.256071605116105,2.819581630616977
-0.014931043678920107,-0.012548068897140737,-0.0033459819027613145,0.006484450581771439,0.22736595088530298,-2.062112270922938,1.2234508388210494,2.892327126251366
-0.015404857754823715,-0.01233725911584921,-0.002672509608278663,0.0062045448027611754,0.18664513567042776,-1.677027439571702,1.3949335252479915,2.3280938187373725
-0.015279736372173242,-0.01239550861795015,-0.0028414450605407505,0.00628233439476259,0.19662039500160167,-1.7761765724613363,1.359412942639539,2.469701493528913
-0.015192620103607963,-0.012428745789289632,-0.002958525996464919,0.006341676824980812,0.20355516588682385,-1.8455362238761581,1.3364784356645545,2.5727437988205724
-0.01493133975585726,-0.012609720402003664,-0.00338571737041787,0.006407386899567998,0.22231000294974537,-2.0665815170312913,1.165872727000287,2.8800778393823436
-0.014911994404326508,-0.012667689903638922,-0.003445799561139041,0.006354340860093635,0.21953146832886886,-2.0844707058890175,1.110189741966354,2.892553786114774
-0.014848997044581258,-0.01269475334075374,-0.0035423863665460034,0.0063825339484756905,0.22493480344086023,-2.1349362512677885,1.0744622494813882,2.96834227888263
-0.014787646124955103,-0.012743880879324671,-0.003651251466291957,0.006378083090030322,0.22811384345899774,-2.1835808145000684,1.0155984083635614,3.035543316627335
-0.014718007160643065,-0.012782333635211045,-0.0037665235986397228,0.006392809251494117,0.2333078206369889,-2.2378701039306765,0.9613516916421353,3.1163593131333687
-0.014412119224813386,-0.012905551932528882,-0.004273532301851152,0.006491254052371409,0.261266533183123,-2.474977566100082,0.7203700675015127,3.4941437411261793
-0.014474546623290747,-0.012900147261539817,-0.004175813621580902,0.0064452888282718,0.25331722777683424,-2.4237470186611163,0.7564117891176773,3.404971066383463
-0.014518340855237843,-0.012907110939688068,-0.004113600389859795,0.006396742983989475,0.24621442489306858,-2.3861526598509477,0.7693793709310616,3.337523470331098
-0.014628546176691662,-0.012832381371145585,-0.003917609492695407,0.006406490983538535,0.23993737431863185,-2.306488807715287,0.8851200194119512,3.219561429637946
-0.014677187152666017,-0.012827117363803948,-0.0038465278955493697,0.006369164168588683,0.2343903191055155,-2.267374170646971,0.9064624306607701,3.154192123886208
-0.014555297950550541,-0.012882977835859566,-0.004047997137920963,0.006399752468033931,0.2439328159138414,-2.3598545241158946,0.8085265916667527,3.297995976614801
-0.014603150061102806,-0.012867640834864143,-0.003971426026125287,0.006379243744270327,0.23938177959049511,-2.3228613958743893,0.8421884713064112,3.2383538352620223
-0.012614018365777309,-0.014312748835390231,-0.007050280779868536,0.004273239269095925,0.22629637299750718,-2.0469678546950267,-2.0628887645334584,3.256194446811055
-0.012576031475510318,-0.014371038606677468,-0.007049050554522569,0.004154190309096646,0.2193567391715896,-1.9822279540833099,-2.0929356411437454,3.161342998315211
-0.012600535904403356,-0.014336837533627834,-0.007046570072581088,0.004225335938724693,0.22325331077038404,-2.02130145879875,-2.0724886085084537,3.2169919543381194
-0.012614192898796702,-0.014329966723159593,-0.007031764805961064,0.0042453242582290475,0.22332996806433902,-2.0334096155095653,-2.0557862502570092,3.2283213394814294
-0.01258914205800354,-0.014361576589520506,-0.0070383561270651865,0.004178046686839282,0.21990216967035622,-1.9962258805386792,-2.0785177150204137,3.177024993294388
-0.012599432934884951,-0.014352245123480517,-0.007031874444042112,0.004199785150154384,0.22069811907338072,-2.008634483202557,-2.0678553549553462,3.1922668392134153
-0.012578301001133888,-0.014389382815976633,-0.007025552827448778,0.004126618078071186,0.21607033810090195,-1.9692698206052845,-2.081989291879584,3.132582959104313
-0.012543643038617481,-0.014407053724679564,-0.0070607206352162905,0.004075122601148292,0.21580405981305348,-1.9376678281422843,-2.122135941665498,3.1022120713492645
-0.012563404664571239,-0.014398345589244653,-0.0070392778571862205,0.004102411760414842,0.2156953072352185,-1.9547339151486456,-2.0987433888887512,3.117515641254151
-0.012518309558796736,-0.014466732394411909,-0.007033339790523154,0.003965036774400416,0.20797789207261871,-1.87948453413817,-2.129011731278404,3.0078297060451615
-0.012530513702145002,-0.01444556896391639,-0.007038311191738602,0.0040061065616106015,0.21039302896238807,-1.9017460124371153,-2.1224485292192594,3.041405778348515
-0.012548503817728261,-0.01443141424047834,-0.00702622211637909,0.0040405367830132636,0.21135591340299806,-1.9219613317697386,-2.1045217768045785,3.0650383468634605
-0.012679131780828632,-0.014221641019906124,-0.007035961085803367,0.00446512115482615,0.23911300736336036,-2.1530488961273235,-1.9974979910882575,3.4062952653065968
-0.012679924895404251,-0.014237606530953663,-0.00701826212893956,0.004438410837169939,0.23269258635168774,-2.137733329006704,-1.9951664030707412,3.3773241092841997
-0.012627923765416176,-0.014304706866134402,-0.0070359969974630515,0.0042952738749753435,0.22653840142442486,-2.060070507268097,-2.0459494501877518,3.2692892925403556
-0.012641719332159617,-0.014296286197506428,-0.007022131393206594,0.004317758904986477,0.2268819604871766,-2.0732900096383813,-2.0291792356307536,3.2828241145366523
-0.01265407721911161,-0.014270712531307524,-0.007028096549316762,0.004367656134729471,0.23101277904647807,-2.0997983892673884,-2.020123964894903,3.3247633593545216
-0.012655119233744572,-0.014287445946593902,-0.007009187835975269,0.004340594260899777,0.22733841437089167,-2.0865467263633044,-2.0129862724396954,3.2968931507558366
-0.012667432251730915,-0.014262252744526515,-0.0070145110938638925,0.004389845569183845,0.23131869545250014,-2.1126802771370983,-2.003519150932545,3.3380910718686736
-0.012680823202672317,-0.014253849362622063,-0.0070006524158236555,0.004411865937750204,0.2316109902834975,-2.1254084190644735,-1.9866932544263787,3.351152679325154
-0.012692381351478463,-0.014213203372519656,-0.007021903954711397,0.004487194931494148,0.2389487897165217,-2.1657773944961427,-1.9803654592397886,3.4192639778161342
-0.012693256590559513,-0.014229178683812259,-0.007004214689144572,0.004460433036567423,0.23324676057610574,-2.1503864633906358,-1.9781391172770633,3.3903137321585946
-0.012480140948003962,-0.014528813278990917,-0.00702036583832297,0.003844097926973829,0.2007954756140442,-1.8133995084824905,-2.1491578104437377,2.9097360006620945
-0.012505740607702957,-0.014512919444314227,-0.0070003654811387995,0.003886367511251766,0.20155130000781596,-1.8391059973186776,-2.123757681232084,2.9372731673448444
-0.01244792985110737,-0.014569776709790183,-0.007020369392728271,0.0037600221766370943,0.19665231078544596,-1.7660857283492126,-2.169631410258732,2.8442318013319263
-0.01244007727472457,-0.014594647457637925,-0.007002793257145054,0.0037182081882888634,0.19350150984408973,-1.7444847565909807,-2.1666778606716366,2.8073410352961616
-0.01247779710030764,-0.014560147410540531,-0.006988008376773485,0.003796317297310749,0.1959831174797111,-1.790063433004443,-2.1367985498209037,2.8639815195991147
-0.012448765575094552,-0.014621407374666396,-0.0069594020854697744,0.003686637668296741,0.18901603182098972,-1.7316637895965095,-2.1421432895433914,2.7721524151473314
-0.012451173123143613,-0.01465300301368512,-0.006919609191087322,0.003644000747256561,0.18428636982278593,-1.7118864018151387,-2.1233068753127413,2.7293048662018937
-0.012526261114092501,-0.014492950828382575,-0.00699197328496563,0.003930947511862278,0.20317789295677866,-1.8647303648000886,-2.1063170369593007,2.9697179362034194
-0.013878386727698923,-0.013177780306383806,-0.005262673702205939,0.006422877408199335,0.2975039990613655,-2.80069516968995,0.0423818492017474,4.063793840167219
-0.013862560556543104,-0.01317500014913975,-0.0052915545776629535,0.006437507452650253,0.3064449897464542,-2.813427530799506,0.03292048434281891,4.090701350541379
-0.013904339426787494,-0.013168418382406804,-0.005213902860499767,0.006424922079937845,0.2976101836333059,-2.7861679072076133,0.07958048970291322,4.0350947794545995
-0.01389449817364527,-0.013180688593735971,-0.005233821712103186,0.0064083902683386845,0.296982079973037,-2.7865436132798824,0.05831537385615545,4.0353296250013875
-0.013941011714685843,-0.013147153599983802,-0.005143599566382755,0.0064410756383866735,0.2952720893617125,-2.7702284106473454,0.1354507438823175,4.003676382110089
-0.01393082304465408,-0.01315963321090434,-0.005164332225145039,0.006424842784482726,0.29461161236954836,-2.7712308054183405,0.11384463062632055,4.004816178406984
-0.013958362173022874,-0.013150049768440586,-0.005112958794211325,0.006425005045109081,0.29210343655023646,-2.7554012754512573,0.14957964807258428,3.973571499972978
-0.01392059926404613,-0.013171620490688693,-0.005184928467617374,0.006409372823636278,0.29403502770452633,-2.772338927017785,0.09265314137547818,4.006346665586743
-0.014170192522552987,-0.013024891709827057,-0.004711201286018873,0.006495414891902558,0.2803878347070128,-2.642576483606193,0.45010553634630207,3.772999210557701
-0.014159385869551039,-0.013047476991488132,-0.004736768136661227,0.006465474085913856,0.2784795432456825,-2.642809200359093,0.4197744116859388,3.7692203244601825
-0.014198124004301088,-0.013025045915491154,-0.004664496936156985,0.00647391717691216,0.2761095437580629,-2.6194422558162933,0.4702468918846849,3.7296535056500386
-0.014227415612981171,-0.013024724630656343,-0.004615903674639692,0.006452036787515782,0.27178513618779515,-2.5954362159516404,0.4911285573935526,3.685117045790562
-0.014285546365525897,-0.0129719489129946,-0.004501619168403979,0.006492287774965892,0.27077802096644726,-2.5643314546887357,0.5816859546779981,3.6391783997807265
-0.01427227114137979,-0.013003421452000992,-0.00453505095311225,0.006451931622181026,0.26818239682218614,-2.565587105106663,0.5420201929556593,3.6346303667498243
-0.014255605428142077,-0.013022137771093354,-0.004568856844459645,0.006434543834771501,0.268105089658623,-2.5731688340564642,0.5127802445090542,3.644652471040147
-0.014323855103765316,-0.012966596884402994,-0.004438001019794523,0.0064697083240273096,0.26603147306261926,-2.5337981952676167,0.6104760788185128,3.5849652201294697
-0.014360292472206812,-0.012971339833954426,-0.004382277093650781,0.006432394201374226,0.2600478025179079,-2.5022637950362427,0.6270298852433352,3.527060525103221
-0.014394115834461527,-0.012952165545387279,-0.004321643805703664,0.006434369936224336,0.25783643034583786,-2.479108430822471,0.6648281977771865,3.4901537050332014
-0.014019421428001172,-0.01308964343863922,-0.004990598632207842,0.006492517861124754,0.29319751529717364,-2.737959686410175,0.26357058311061504,3.9454471380431984
-0.014012649250415496,-0.013102129968815804,-0.005005698517706147,0.006475022765863544,0.2920748607575953,-2.737353736437529,0.24543733185029262,3.9426560806446065
-0.014034090559271446,-0.013082182159346166,-0.004962774685924209,0.006495586391893142,0.29216100040445464,-2.7296974624665364,0.2838456407430571,3.9302458519635333
-0.01405566089431116,-0.01308367107120944,-0.004925347648832598,0.006477991676585227,0.28861388979397923,-2.711646747732503,0.3011341291256102,3.8948602226143962
-0.014083127624476867,-0.013072609500456103,-0.004874555515253454,0.006477900121006039,0.2861493826477506,-2.6944447616102996,0.3350110155717465,3.86325773314057
-0.01407220929600544,-0.013083293153057476,-0.004896442122232576,0.006467089336380694,0.2860891355143505,-2.698517786541064,0.31552199004774784,3.869491169977075
-0.013976655678724019,-0.013151626382389986,-0.005080601471330853,0.006410669607442919,0.2889776480419883,-2.7406024557893436,0.16549374937992986,3.9438151565988915
-0.013982249411923695,-0.013138139203534181,-0.0050678647196775875,0.00643111064406732,0.29056252331450244,-2.74322658865493,0.18332950014194171,3.950302613816471
-0.014004011470849302,-0.01311576137878799,-0.005024247848783073,0.00645665593519161,0.291085032886434,-2.7375135507386346,0.22456319822255325,3.9413432178428818
-0.01399352033686131,-0.013128149913777776,-0.005045669784881031,0.006441573813999278,0.2904522529632461,-2.7395537293193186,0.2032103810557029,3.944018476235463
-0.014119505710853133,-0.013063019144607295,-0.004809225014184796,0.0064683141197133314,0.28204278565493457,-2.6690636909884407,0.37374094822489634,3.8162293749724303
-0.014105155829048217,-0.01307816953718614,-0.0048381947535675535,0.00645268018220923,0.2818289211465646,-2.6742927119741684,0.3475283102323929,3.823737175141186
-0.014145937710296555,-0.01306800238426578,-0.0047658100129625075,0.006440695565454359,0.27728150035110594,-2.64560426293161,0.3895545178032265,3.7708879604865184
-0.012227586776574555,-0.014892653610328134,-0.006924683760460309,0.003150294059832262,0.16479399697160454,-1.4264462936856541,-2.238708714325085,2.3546278884900507
-0.01227238693258681,-0.014876304060647369,-0.006889738778428922,0.003208178364129593,0.16465401439649074,-1.4652401743159649,-2.2018301117587673,2.391268233666412
-0.012468819512127543,-0.01468635843645635,-0.006857034554247755,0.003610783241163617,0.1785409752679141,-1.699998565032228,-2.085855937544381,2.68879759985644
-0.01243435930836625,-0.01471264686019632,-0.006874095252388433,0.0035492350459395863,0.17712931606327012,-1.6634945341223875,-2.1129284552334657,2.646223471836859
-0.012305244462811804,-0.014850622482987883,-0.00687993246955543,0.0032672985828247967,0.1662021705298566,-1.5009972145438188,-2.1819953163002963,2.4338699884687123
-0.012401492423384645,-0.014740648619304018,-0.006885881227601329,0.0034864680026121773,0.1750844169844125,-1.6264514294691945,-2.136280317116411,2.6012261125875926
-0.012329261438897983,-0.014806076489440207,-0.006903084368538122,0.0033435381668316454,0.17029018667500456,-1.5422795449915083,-2.1813248288172864,2.4965288776774837
-0.012367909183651592,-0.01477190539988516,-0.0068935926313702725,0.00341886451466302,0.17286459499881948,-1.5868977548348477,-2.1574609886022693,2.551684771529675
-0.011529794034343187,-0.015632080395730566,-0.006612708399300086,0.0017896930833571827,0.11297668187544027,-0.6314217588122671,-2.265979971149276,1.2915705523762953
-0.011590207067132834,-0.015554232957611203,-0.006674809286627413,0.0019048466315266291,0.11752225934698082,-0.694957321879074,-2.289605703630718,1.383992933529122
-0.011601466356746392,-0.015716976717858704,-0.00645009469925481,0.0017987773234705215,0.10287764464861278,-0.6674322620246523,-2.1669452161899807,1.2835207090588678
-0.011660885132944023,-0.015522519054577917,-0.006663834129296422,0.001997868326796715,0.11993295763375596,-0.7571759417040173,-2.270533883785457,1.4514710035236307
-0.01190678335448125,-0.015233306775352763,-0.006836098333253056,0.0024861958959602475,0.13970011812805502,-1.0368132778521042,-2.305644016113954,1.838047640549979
-0.011897087200314616,-0.015288122762007833,-0.006772793829265023,0.002424556246848751,0.13397959666139284,-1.0091211434804228,-2.2746923387189635,1.7827602415442734
-0.011868537809051642,-0.015336362365515173,-0.006735829542669192,0.0023529664072352648,0.1300047833699062,-0.970420023058228,-2.262710540121565,1.7241364854967822
-0.011845839599983704,-0.01537707102088372,-0.006702789054769382,0.0022950404745635824,0.127410166901737,-0.9398374925225502,-2.250986947509061,1.677153007156448
-0.011732785861443462,-0.015475401227010407,-0.0066693567700901474,0.0021043324210246396,0.12140514568971973,-0.8249051099568517,-2.258908220995879,1.531447753583665
-0.011790356939940076,-0.015406258064251544,-0.0067128984970406345,0.002217183778890051,0.12580234150700417,-0.8890062387374921,-2.269660911851824,1.620570016538021
-0.01195988724602409,-0.0152106279063182,-0.006813727675220256,0.002558264729260321,0.13992142177607234,-1.0853286804026931,-2.2784316550421195,1.888591823488756
-0.012002567964834414,-0.01517252779078021,-0.0068202331007287875,0.0026361349105801647,0.1422382801237236,-1.1324725793700987,-2.268746720901653,1.9480689695112299
-0.012035838279215783,-0.01513388127429887,-0.006835788952408506,0.0027066288356991336,0.14531754565653351,-1.1731664783437834,-2.266289896294246,2.0035454651302094
-0.012144510278712108,-0.015053351088173966,-0.006820521698088716,0.0028906758727276706,0.14918271245588652,-1.2870554663144205,-2.220189404238998,2.138967507441705
-0.01209709103340253,-0.015116771393428988,-0.006792479392394165,0.0027795634105388413,0.1442249518401343,-1.2242367225634536,-2.223412234336721,2.050966783279161
-0.01220286815256722,-0.014947245204036137,-0.006886334861756369,0.0030633987048509187,0.1593403126273841,-1.3804618750065634,-2.230248700981772,2.2810416494655894
-0.012203448032006348,-0.015014958423089792,-0.006801548152005936,0.0029847483164457908,0.1511411492915151,-1.3458108637298276,-2.1879965240439323,2.2058806953959507
-0.011433548212042996,-0.0161972331818135,-0.005948121357212613,0.0013644783147819981,0.07026262472291801,-0.4697626126833852,-1.9320215801227856,0.931927847092888
-0.011620520629745654,-0.015836401218076637,-0.006284200585925159,0.0017348881038613281,0.09227805354281729,-0.6544254884107884,-2.0770540957508845,1.2214582794803281
-0.011552200177855099,-0.01602251097141353,-0.006095343976436212,0.0015596779446925607,0.07851360781636015,-0.572276497323606,-1.9914172977138114,1.080766145823775
-0.01156955531466764,-0.016386407093459596,-0.005658733556679163,0.0013748723540418601,0.0568891708512036,-0.5207722607822259,-1.7765645633774503,0.9231777291667668
-0.01979070288201059,-0.012715097621886407,-6.208370467172525E-4,0.0026293032421096595,0.07136438791885136,-0.43774339625542596,0.625477981223964,0.5058946188708092
-0.01879370720545019,-0.012273751900620142,-7.910170091419501E-4,0.003345522639870258,0.06607969732169956,-0.5111414145415796,0.804430291659565,0.6174984923121664
-0.019250738666661896,-0.012455791807089469,-7.094202271201744E-4,0.0030078095708032295,0.06734530487063162,-0.473504401686112,0.7165007084247231,0.5600753236164852
-0.018309073842231568,-0.012481082507126552,-0.0010041862320610976,0.003603193893034835,0.06970714341098148,-0.6259439449312846,0.8411198605859537,0.7571288785679773
-0.01785955531334084,-0.012632199744274117,-0.0012248262847028152,0.0038555851253144753,0.07416640234559813,-0.7445241693124885,0.8741723285581199,0.9041272772327958
-0.02032448508303669,-0.013670375725296472,-6.050043837087985E-4,0.0021150097354675234,0.085151413113141,-0.45483759986128997,0.4860195878593265,0.5065909867172853
-0.019728705938698916,-0.013297289174752291,-7.239404055059943E-4,0.0025086091205205746,0.07483858597518321,-0.5016254768574598,0.5629299382961895,0.5679172978660575
-0.011462874853384953,-0.016897931487084912,-0.0051577063981011785,0.001074281699220109,0.03417238953146092,-0.39675369494241713,-1.5603045031540825,0.6967987386754815
-0.011523155873737527,-0.016636173523595095,-0.005406771841567446,0.0012229472125462888,0.04371537905972436,-0.45830143315400357,-1.665011545308969,0.8062884927208162
-0.011503612929095535,-0.01746726042590574,-0.0045966526644110545,8.987812871278782E-4,0.015307180179788715,-0.3525947255849644,-1.3256845063766904,0.5691657649855292
-0.011655241383599134,-0.01712967998915847,-0.004855162655603339,0.0011000546852695644,0.023778961591831727,-0.4485063564847302,-1.4172280346719666,0.7055706193682686
-0.01263745197727539,-0.01976612022019845,-0.002661761822694147,6.142608666459686E-4,-0.037362635178327636,-0.3693329606022016,-0.6743860803561389,0.43756121006935694
-0.012234918427023338,-0.0190865869993342,-0.003167229866988885,7.018539740480233E-4,-0.021804397184907696,-0.3735724448227088,-0.8143935843053399,0.4659025141761149
-0.012100705012023115,-0.018519242497165814,-0.0035807956850299337,8.208150471569047E-4,-0.01127770844749511,-0.4071290375351376,-0.9374290133780568,0.5272971453909786
-0.011907378647312348,-0.01809976438655261,-0.00394480504627397,8.80363329234515E-4,-0.0017491277124736684,-0.40839071605565413,-1.0641497768150183,0.5591975617689463
-0.011715114520518344,-0.01775772510496625,-0.004277639449783501,9.086527082110153E-4,0.006591451616163482,-0.3932846019361414,-1.1914175587458635,0.5747147048625926
-0.020234088220475278,-0.014345257850412704,-6.803824521939161E-4,0.001973459276003309,0.08616354280176643,-0.49839990577842724,0.42020995684834145,0.5479279327807184
-0.020151838661532955,-0.015043745782504166,-7.361577188735306E-4,0.001803415022029902,0.08491364039636623,-0.5256362718538635,0.35045067753313935,0.5722185729868824
-0.020187676891233727,-0.01564565899542305,-7.356659177879034E-4,0.0016110621594540293,0.08369822626178902,-0.5235823779507456,0.2909842494099815,0.565966195344897
-0.01324131780573033,-0.019722994433726382,-0.0025270895402363662,7.183485061567174E-4,-0.043137066675402354,-0.44256327410986857,-0.6130179118745369,0.5089896152254602
-0.019627537133493148,-0.01810439840947601,-7.936752093482394E-4,0.0010242420441072455,0.038385628674993226,-0.49771578844297976,0.07490902776692586,0.5272786147456349
-0.01983172299258139,-0.01635453716627803,-8.370805871202246E-4,0.0015049239918071395,0.06963796796588419,-0.5535851628683122,0.21931379298520046,0.595216067354818
-0.019596180121868714,-0.017265214945046816,-8.684594095304524E-4,0.0012804336038363762,0.05242235715623085,-0.5447083043864805,0.1341928113026527,0.5816997816433166
-0.01947082083325137,-0.02021534582268374,-5.944316681675919E-4,5.205840234113962E-4,-0.017482395972885926,-0.37160317357733863,-0.03914709811306984,0.38739251824904003
-0.019548856264358486,-0.01894159938760343,-7.31288164858143E-4,8.102892058094057E-4,0.01837521804166611,-0.45327560719375565,0.021564759116466426,0.4769246594317053
-0.01519807432237312,-0.02069583749057159,-0.0015579301877349319,5.874130549284603E-4,-0.0813394059143915,-0.4456493198325085,-0.36001050809237195,0.48359687664465
-0.017793172185650186,-0.020183007205726668,-9.9996650204077E-4,6.65135901604992E-4,-0.048927799573302413,-0.4612495718399154,-0.1396250718528621,0.48785012545862466
-0.016407254657626182,-0.020443476492383515,-0.0013121425798006462,6.549969647211588E-4,-0.07151922925819186,-0.47579268841573924,-0.25425012535015706,0.5091300879320301
-0.01439345597584156,-0.020195383670850272,-0.0019762175503775,6.944557202831872E-4,-0.06398551726824886,-0.4734979780021836,-0.452554249336719,0.5234859983573507
-0.013811096514157009,-0.019724616328565522,-0.0023597688571940878,7.867242232215039E-4,-0.04812491040025747,-0.49275194259508603,-0.5443058407743688,0.5563975680126901
-0.01492094768854242,-0.019828997517721922,-0.001965299909929806,8.318029185840365E-4,-0.05545628626042458,-0.5353918389030887,-0.40658198360989883,0.5884257909493903
-0.01721858407380178,-0.012529404833770555,-0.0014845669923977329,0.004379736353813525,0.0852770614465974,-0.8945942716417149,1.0029142562733584,1.1174992967539774
-0.01746638328637633,-0.012721853823182678,-0.0014335569660898833,0.004096180455779842,0.07807496041287433,-0.8565580415625903,0.9065197272757057,1.047903818858608
-0.016634064941801214,-0.012220395143998808,-0.0016572748515195873,0.005047275956506596,0.1070266158924538,-1.0213670694487094,1.229015943156371,1.3416129855501369
-0.016938395251719727,-0.012387700174805998,-0.0015703027570380442,0.004683149486784396,0.09339672462119186,-0.9536095719125816,1.1008055570117439,1.217132627237385
-0.01641017395354152,-0.01238627072317287,-0.0018871120141013935,0.005151138236980191,0.1134919928174178,-1.1520642111655184,1.2002638963490833,1.5040720736041508
-0.01597284414479808,-0.012482950305559015,-0.0022603756531476625,0.005492034619074176,0.13517418860366978,-1.3753037385080258,1.2220123459800145,1.8203842904005192
-0.016181949770252203,-0.0124538839355504,-0.002083616501921669,0.0053161524531391115,0.1231287745643548,-1.2673359464425606,1.2066601466641595,1.6639129085904296
-0.015530711706269865,-0.012431654726933172,-0.0026148844750364404,0.005978436203805519,0.16925790175013736,-1.6162653407044616,1.309230573702717,2.203059593031837
-0.01568157188483238,-0.012397246504189753,-0.0024538360070839,0.005853802873510513,0.15861250348098865,-1.517230888492442,1.3154618964563969,2.0569966673934186
-0.015797297193026173,-0.01250311277845415,-0.002417960563040947,0.005645031799895284,0.14563207024005767,-1.4731933932574515,1.232066210063998,1.9638924161840159
-0.015127742855731511,-0.012477016413911754,-0.0030642775193478054,0.0063581281002118226,0.20826742879796753,-1.9011403394660977,1.2963399121586303,2.6484392744870604
-0.015064276895524668,-0.01254444167306474,-0.0031826633595270428,0.006347912308974953,0.21107252285750613,-1.9579531977716,1.2356314608489425,2.7204381701513367
-0.01499695520050945,-0.012586757750988803,-0.0032903852182499245,0.006367801820707048,0.21608218637617818,-2.0135698496278227,1.1937003836106468,2.7992684477866736
-0.015394276795862255,-0.012487682871266611,-0.002785380729467805,0.00606502536145389,0.17932076549631829,-1.714970341552471,1.2793848412570712,2.3441992372293297
-0.01551165047445669,-0.012534386924013544,-0.00269814975552609,0.0058990382699403154,0.16654728173778288,-1.646710451379923,1.237395341499852,2.2251795650003188
-0.015238432485231497,-0.01251278467590426,-0.00296528468078762,0.006201011341553757,0.193977035234157,-1.825656247822282,1.2655342877203386,2.514810742829036
-0.01498673673230527,-0.012671548068845292,-0.003355336602108392,0.0062749790108416826,0.20991764347642475,-2.0269944555964936,1.1167143134821054,2.796249715828747
-0.014923594748429917,-0.012731350369056163,-0.003468373353593701,0.0062628053587575365,0.21279965529184283,-2.076830596700443,1.054552730521854,2.8616294532435678
-0.014856374937942137,-0.01277425710581362,-0.003578002218981097,0.006272483881536991,0.21703736028188916,-2.128427983130464,1.0031738195422,2.935341639677402
-0.014790022390125107,-0.01281594215244157,-0.0036872913299444425,0.006280047896427713,0.2209781761212155,-2.1785014264456852,0.9496057117156137,3.0074601797582687
-0.014727492669060696,-0.012855139331887921,-0.0037915307485585875,0.006284611358501976,0.224924467865578,-2.2248191695640123,0.896062118426516,3.0749369149776453
-0.014448128425883425,-0.012946127532242542,-0.004236202760559373,0.006398389373149777,0.25092980619471456,-2.4359995190678614,0.6986831029479181,3.4152175416091013
-0.014501187590685284,-0.012943073635948855,-0.00415516609800647,0.006358135001587742,0.24414123112403788,-2.3933471650390152,0.7270224992329736,3.3411967464794503
-0.014551611213816382,-0.012933791284062872,-0.0040768140984828935,0.006328850364354238,0.2387837195665434,-2.3543792433246087,0.758539021969309,3.275949015912069
-0.014660112605979466,-0.01288102274448243,-0.0038972903603297668,0.006309421134751915,0.23038765231780192,-2.275325907678495,0.8501099989685007,3.1536441394537955
-0.01460345369886264,-0.012914991187123089,-0.00399344000534984,0.006311249644062587,0.23413401550173416,-2.3159090919311254,0.7974547967056019,3.214364954738684
-0.012628295826940372,-0.01432187844425321,-0.0070173793322521215,0.004267465607823931,0.22360472864327438,-2.0465792079267415,-2.038775312538841,3.2414498583380422
-0.012592199369853535,-0.014380457182235197,-0.007013183673431847,0.004149999719148038,0.2164638520467814,-1.9831657221440404,-2.0664202505187244,3.1473802523291776
-0.012627194176277542,-0.014337841014799155,-0.007002416061688258,0.004240888210619308,0.22095967537732455,-2.0333866395032634,-2.034284500887732,3.2157923159122026
-0.01261482752500513,-0.01435009143072354,-0.007009432612208951,0.00421324353928986,0.2198021243478378,-2.0178528276783747,-2.0470008086572107,3.196101184699391
-0.012605316794404665,-0.014367930734581404,-0.007005720534979218,0.004178526661267285,0.21761695731128405,-1.999327510259221,-2.0532637323104095,3.167622917606669
-0.012593143274219116,-0.014396904821821817,-0.006994035167688874,0.0041246370419319054,0.21371574344479796,-1.9709989157699574,-2.0583581155437662,3.1217484534579443
-0.012582256595365594,-0.01440828953629331,-0.0069988753995310375,0.00409952829780124,0.21264827071026823,-1.9568778596350889,-2.068558260135054,3.103469033029782
-0.012566213452618756,-0.014419476847201393,-0.00701179609393958,0.004071235553625299,0.212043920632506,-1.9402172937429538,-2.085688931808377,3.085019603318617
-0.012542444131039943,-0.014471442633856356,-0.006991332930379628,0.00397486132349873,0.20544931608531167,-1.8890869797636398,-2.094743686949411,3.0037719189804206
-0.012552804041068075,-0.014452577588802421,-0.006996288147001957,0.004010862147201216,0.2076873665182072,-1.9084704163555535,-2.0893397952671515,3.0333105928655653
-0.012570625094870046,-0.014442892523498554,-0.006979457845049637,0.004037927121435261,0.20786747243720463,-1.9248874353815324,-2.0696970853951164,3.049649626785136
-0.012694249549286432,-0.014245442400862923,-0.006986583078307116,0.004433813539236325,0.2319334147194728,-2.1380256162231057,-1.9696757795533435,3.3640432190665766
-0.01264293839682961,-0.014314325618049295,-0.007001401810526028,0.0042889608318587005,0.22372611522751598,-2.0594161298676803,-2.0206920747189163,3.253508921402623
-0.012656666605991532,-0.014304803184617349,-0.006988793341276416,0.004312997753523548,0.2242742495892515,-2.0732735274699547,-2.0044913048758097,3.268580116191735
-0.012668319382649656,-0.014278639507648658,-0.006996374944885135,0.004363163821142449,0.22781870881997304,-2.099572798803326,-1.996920200177268,3.3107537029845724
-0.012669384967055794,-0.014295284623039464,-0.006977659504132139,0.004336334620444354,0.22489447832657958,-2.0865705122955096,-1.9895686403267252,3.283523532096471
-0.01268176030221004,-0.014270292642211255,-0.006982536970054355,0.0043850239513767335,0.2281639409803308,-2.112208417854012,-1.9802042252472811,3.3236702587485243
-0.012695285875580923,-0.014261983669315867,-0.006968365273168708,0.004406771736122204,0.22852184654333163,-2.1247139238176085,-1.9632250744624116,3.3363328090572963
-0.012705604357736414,-0.014204724135944917,-0.007007765862243348,0.004509242594615548,0.23966416207771823,-2.1783783123330314,-1.9630999116584202,3.4321657108215544
-0.012706578689605034,-0.014220715524026527,-0.006990064470407185,0.004482407417759884,0.2336460672774017,-2.1629363598335996,-1.9610221210871768,3.403163973310448
-0.012707704088402008,-0.014237018835345921,-0.006972328522140226,0.004455703045114969,0.23229021440002248,-2.1505364449655864,-1.952484030502488,3.376782672586629
-0.012510460952896789,-0.014548423731207455,-0.006953457111370383,0.0038371907825238377,0.19556281264865433,-1.8165174021616743,-2.100993642605444,2.8865189637619273
-0.012535228443818169,-0.014523997461623583,-0.00694407645624355,0.0038907963462317297,0.1976586183833304,-1.8471785218930032,-2.0805863412928307,2.925463887428864
-0.01247449672228199,-0.014596744507137077,-0.006951018132473743,0.0037409436449294753,0.19089671877590786,-1.763073430162915,-2.1228342210256526,2.8116965970406436
-0.012502169662353513,-0.014578318434947333,-0.0069319825763552905,0.0037876464008141488,0.1919921202903084,-1.7911333080160365,-2.09730514114588,2.842731865176843
-0.012526545376497045,-0.014576860532589784,-0.0068982803573378855,0.003807077755417912,0.1902082761817755,-1.8052637089072756,-2.0676042621755957,2.8488633148463185
-0.012485448392709842,-0.014642964794738785,-0.006883018670449542,0.00368330756361995,0.1833923140248619,-1.7379132523938021,-2.087067756990122,2.7503072110078017
-0.01250546197278688,-0.014678874829677871,-0.0068148368449733755,0.003647582939137999,0.17724428797593883,-1.7247492082656577,-2.0463775507361306,2.706194079250907
-0.01255475172894079,-0.014499250158051293,-0.006942134627017703,0.003941308218405642,0.2001921202697645,-1.8752358316574356,-2.0663317777665586,2.9640312296915305
-0.01383246580708731,-0.013211262343301559,-0.005352034849018072,0.006387313935966382,0.30175075151551595,-2.8136265233477395,-0.03221220907869203,4.090734916509828
-0.013842535352014634,-0.013199206474818056,-0.0053319459020000305,0.006404092877054291,0.3021300157439467,-2.8137618532098365,-0.010563060619688725,4.090807342003547
-0.013848236522917614,-0.013214216035437794,-0.005323017507939467,0.006372962380182542,0.29617742822725374,-2.800992334852292,-0.022189436810631364,4.064050380611832
-0.013852566968142578,-0.013187119036995118,-0.00531177752711829,0.006420830955820435,0.3041892924166947,-2.8136860531257835,0.011170934404266525,4.090790272180367
-0.013858352126528759,-0.013202136121196445,-0.005302911261108888,0.006389589647884677,0.2967269132236891,-2.800999171083237,-6.975041353201188E-4,4.064034905849295
-0.013868407888647011,-0.013189985217138663,-0.005282786582069693,0.006406233832055192,0.2970411961568828,-2.8009033412246915,0.020828672940469865,4.063944011172956
-0.013884623327174312,-0.013193023664712927,-0.005253692044869438,0.006391620198766011,0.2962256357444865,-2.7867212092266946,0.036982494701246336,4.035297184661583
-0.013910788023304388,-0.013183692689283112,-0.00520468510180389,0.006393356915112897,0.29332747828901634,-2.77290724476955,0.07179059091267516,4.006904698821338
-0.013901180082689145,-0.013196133471349819,-0.0052240140469072245,0.006376415956649925,0.2925105873660876,-2.77294105607359,0.05081271712480321,4.006479533619264
-0.013948207441915196,-0.01316364717163542,-0.005133754264424313,0.006406930575537296,0.2912143595815097,-2.7558896763339757,0.12719919476629304,3.973509412419783
-0.013937119015702562,-0.013175649046321574,-0.005155810693437617,0.006392136308926446,0.2907913461755676,-2.7577346353283088,0.1053789031968685,3.976441659916444
-0.01396703306045402,-0.01316675021887683,-0.0051006700988845835,0.006389761601238536,0.28782819379610475,-2.740022679843231,0.1424310590807922,3.941400311368198
-0.013926884721955706,-0.013186821529021729,-0.005176097830209261,0.0063781642292744965,0.29034508859402397,-2.7592204209683113,0.08510269102141617,3.978831409793798
-0.01394101804240705,-0.013189722291631834,-0.005151184692227192,0.00636453985455174,0.287701012649483,-2.747164823910959,0.09639644848258203,3.9542367703515935
-0.013838103047741622,-0.013226250155205309,-0.005343035809287646,0.006356283110492563,0.29515604307830406,-2.8008524105402297,-0.04367622491398895,4.063893054514259
-0.01382235843270555,-0.013223286523398868,-0.005372046325888895,0.0063704926341013055,0.30281885480099463,-2.8133216791730447,-0.05378801395245111,4.090489544151054
-0.013827977729178516,-0.013238277836347649,-0.005362924032923226,0.006339470850661354,0.2939672953323336,-2.80054131300022,-0.06518777719629815,4.063488983604402
-0.013812213328629513,-0.013235278896327097,-0.005392009386451027,0.006353604628134107,0.303293076678964,-2.8129171135423388,-0.0753741408790217,4.090005823094099
-0.014188459287613845,-0.013049422902163389,-0.004688671317698889,0.006440603620404335,0.27379865387000374,-2.6183715947144233,0.4394015446622798,3.72302871587099
-0.01417516094380171,-0.013072785682667837,-0.004718174901883817,0.006411429877033235,0.272190937987431,-2.6202037806641703,0.4070413961746289,3.7222862737620317
-0.014219694830361297,-0.01304991324197285,-0.0046371042736062865,0.0064164430401699645,0.2691736589409612,-2.5928290559906926,0.4612572750271379,3.6754207606878935
-0.014250967453511051,-0.013047175716202092,-0.004585030595467064,0.006397358847399504,0.2650441212912851,-2.5684867037675088,0.48539752649433715,3.631101249840149
-0.014307551637830998,-0.01300246342487192,-0.004477915076125026,0.006425599231186997,0.2633364038765771,-2.5367825732713656,0.5652988867709624,3.582466990832079
-0.014286537508090051,-0.013035315422780972,-0.004523481959097215,0.006389381728966469,0.2616400124638744,-2.543689102316128,0.5202689842441169,3.5882097518423626
-0.014345616415066157,-0.013000922719624634,-0.004416947088862924,0.006397765623512683,0.2579972427193942,-2.506183399204684,0.5896835037488123,3.5274747397557724
-0.014384879621413842,-0.012994946650284044,-0.004353289181297536,0.0063755934706401516,0.25350396927685165,-2.4757368237677557,0.6181864457695764,3.4743914687229314
-0.014428154319416263,-0.012988432274191228,-0.004284154267804457,0.006350537305312798,0.24826532757632522,-2.442358228739181,0.6477741089998797,3.4167109840269667
-0.014030220561594366,-0.01310221121190051,-0.004974721206841066,0.006462997544316657,0.2893969547984521,-2.7233573656035284,0.26109035156645577,3.91516228650666
-0.014022238182348138,-0.013118167748682684,-0.00499263392401214,0.006440299505069433,0.28783463305958495,-2.7220012000751503,0.23877066820030898,3.910521571751118
-0.014048873680045046,-0.01310074677218179,-0.004941669470971702,0.006452862170265381,0.2867333018674933,-2.709214160662469,0.2788034798097649,3.8877442247601697
-0.014069100671047899,-0.0130997679354914,-0.00490623153169121,0.006440684401589888,0.2838077111022565,-2.693607173097249,0.29700233607413346,3.8576080589721813
-0.014088815999965953,-0.013091249372587063,-0.0048699076003156745,0.0064417197073333736,0.282093647810326,-2.681739188828642,0.32159217794532063,3.8360014267851845
-0.013986925517388652,-0.013168216747780967,-0.005065652875407473,0.006374802467533361,0.2846358972281107,-2.7242173980333884,0.15989162475838994,3.909781306682674
-0.013998097040638955,-0.013149840061484439,-0.005042228872403284,0.00640021851544869,0.28609059218743543,-2.7250843226894714,0.18717421746871074,3.9131528231820734
-0.014012806421043744,-0.013134008085385783,-0.00501287165454324,0.006418642916410161,0.28665007506554585,-2.7216227655803356,0.21531811759426125,3.9079615747847014
-0.014130115448637194,-0.013085542734866262,-0.004797741072469584,0.006422360521068563,0.27681646604019616,-2.6511344571811013,0.36035457604522286,3.7784652215764862
-0.014112754596487757,-0.013098370500975568,-0.004830838772700026,0.006412795649780795,0.2773931248298788,-2.6595509304848295,0.3342560947717874,3.7924705200399473
-0.014158960719452841,-0.01309408979869693,-0.004751570521391794,0.006387448510600652,0.27130046778134936,-2.6247010155108654,0.3745194174021023,3.7271622260626747
-0.012266911522914405,-0.014929223060547999,-0.006831825765582395,0.0031388574729386966,0.15795394075182115,-1.432397726788814,-2.1763878453135947,2.327107826378533
-0.01231066372058804,-0.014898463852519158,-0.006815580304884755,0.0032120619689219106,0.15959567460868118,-1.4771632020613918,-2.14909150633629,2.378768706142328
-0.012505713429961924,-0.014715186916680896,-0.006774150383117431,0.0035978672383757512,0.1723001658253094,-1.700969432677139,-2.0294474345759403,2.6587189624143863
-0.012470038333406049,-0.014727275029634699,-0.006809037711996287,0.003555843486097049,0.1728904460862992,-1.6740625145694175,-2.064690331738479,2.6355851429858457
-0.012444889766037382,-0.014755438415347752,-0.00681083765528761,0.0034995223361605882,0.1703555122318546,-1.6421831509764504,-2.0796173525336683,2.5935980560977154
-0.012346377326872375,-0.014858388661409445,-0.0068187941949792745,0.0032905144106110374,0.16273194430780913,-1.522118694492967,-2.1337329168332295,2.438240758776233
-0.012412555038470875,-0.014789681513192848,-0.006814188761566523,0.0034300416493369674,0.16794655623074375,-1.6024909828450358,-2.0983699045284054,2.54207514226221
-0.012382068411873217,-0.014823174829692094,-0.006814794732885119,0.003363244861563654,0.16524115681079518,-1.5643381077229295,-2.1143608249153147,2.4919416978600233
-0.012210757744830077,-0.015072731358704647,-0.006722312144814202,0.0029251875761949543,0.1438555467994412,-1.3211226071955549,-2.147051560699819,2.146926516821299
-0.011666890212185716,-0.01563261605315061,-0.006513222474080772,0.0019198124287332088,0.10744249036805112,-0.7342082836024783,-2.1889504634334895,1.3773308349240434
-0.01169548609332845,-0.015727777831865925,-0.006369916600986637,0.0018762699074003728,0.09871681652399528,-0.7310443823504791,-2.10874382111332,1.333667908759154
-0.01172962120981683,-0.015559985040983413,-0.00656034439203511,0.0020334036083437686,0.11156130224599477,-0.7989023731995067,-2.201525911883634,1.4664674403172762
-0.011968502599842216,-0.015280792190104493,-0.0067140787795865,0.00249718305619046,0.13161443031478773,-1.0639808730832339,-2.2238457039795896,1.828409934954754
-0.01193631970373164,-0.015348302607538916,-0.006657729834786568,0.0024041766504101785,0.12645491666075834,-1.0155136427035052,-2.203790119017093,1.7514505950752064
-0.011896933959434175,-0.015387179833242587,-0.006643820923521698,0.0023329006202975665,0.12307244631269862,-0.9733999356720332,-2.2069895813428317,1.697175880713806
-0.011870227151897034,-0.015443487947919271,-0.006594869907166462,0.002258888623086999,0.11944434607696143,-0.9352877637217457,-2.1882317538282616,1.635788305707585
-0.011795305928068036,-0.01553709418878554,-0.006537450858345473,0.002112122963838091,0.11337020623550467,-0.8524719253733913,-2.1759334234722263,1.521180474775637
-0.011816007719080205,-0.015478944666239239,-0.006595564254274984,0.002179114537985534,0.11668893780007128,-0.8849752365889216,-2.201370481983113,1.5773712160379063
-0.012026570154277013,-0.015233815999229704,-0.006717022610879745,0.0025955525911751953,0.1342802873547683,-1.1239865838848815,-2.2082370052978884,1.901992024626942
-0.012069170043767598,-0.015182515279664568,-0.006738651185820022,0.0026855431922326763,0.13844690563569764,-1.1754968556449592,-2.205432073758574,1.9721277210181418
-0.012044341668289512,-0.015297346799695244,-0.006619277261603285,0.0025481831542795395,0.1267033240269836,-1.1097978495885437,-2.1532427974461683,1.8521028886130408
-0.012180290980181006,-0.015130997679609876,-0.006684753078778125,0.0028355401828450318,0.13894292213911322,-1.2731085685044992,-2.1402397634926498,2.0737640820550607
-0.01213452336190763,-0.015178831995915807,-0.006674962293387673,0.002745787807406827,0.1354451821518689,-1.2208457695755337,-2.151610616010036,2.0060313684606714
-0.012258377781628213,-0.014986276726723898,-0.006772712584034813,0.0030637906676258034,0.1519626932186098,-1.3963973309475508,-2.1514932393093584,2.2595483564542387
-0.012257452230244686,-0.015049400408243221,-0.006697674186414107,0.002989850869545583,0.14430170962014544,-1.3624285646193324,-2.1166293708813426,2.190157831073426
-0.011782070412981262,-0.01581388691691577,-0.006200953111390891,0.0018894645375235753,0.0884297912894434,-0.7646276947769576,-2.007386818135854,1.3227624060436158
-0.0116565605687892,-0.01618358624783343,-0.0058428404692645874,0.001550475242598951,0.06649720326477328,-0.6050688552941144,-1.85316638097728,1.0559406830531186
-0.011750554790893623,-0.015991521162412627,-0.006009528990309919,0.001742314251867218,0.07744574092348454,-0.7018062327860005,-1.9188946612030617,1.204212443454981
-0.01178141156661436,-0.01634591412050673,-0.0055899651111331545,0.0015501154454178369,0.05489096577563401,-0.6387591826154316,-1.7174986357686721,1.0395699629418
-0.011717473759153182,-0.016528976067436443,-0.005427962698881671,0.0014078187658626107,0.04829259845433024,-0.5716378416028968,-1.6541605386735327,0.9334316048110036
-0.01917545574998085,-0.012961384741544577,-8.334434365237878E-4,0.002907009397077737,0.06939534513161078,-0.5458919358939207,0.654247273432432,0.6309322289638711
-0.01872742591769802,-0.012736934537175466,-9.291147894782077E-4,0.00324459497413462,0.06863584084203979,-0.5891313893296392,0.7380991097671754,0.6957643346378554
-0.01919094448131388,-0.013441500793395306,-9.097202330857328E-4,0.0027446948647379577,0.07050816244218672,-0.5878441113978704,0.5817845365544007,0.6704118461742162
-0.018185185801447273,-0.012926171810070303,-0.0011754789848030403,0.003515884418244283,0.06979371244524718,-0.7156248053947417,0.7650229564125954,0.8470072783487846
-0.01771105337602325,-0.013010571282005699,-0.0014070370190942584,0.003787031653991787,0.0730889173786924,-0.8334120692238507,0.7974654095798778,0.9973794856669173
-0.019461909908871748,-0.01398705525793178,-8.878181859604615E-4,0.0024282185290056438,0.07437299492924447,-0.5835486459525211,0.4904098745197709,0.6521982772024372
-0.011777548592963816,-0.01680125807145156,-0.005120141923557578,0.0013127712993622077,0.03452855299311944,-0.5498206006474526,-1.5146367578062165,0.855383467660779
-0.011865920601798675,-0.01741430314835703,-0.004515951003818689,0.0010995729584268145,0.01417144410240651,-0.48480675500823617,-1.2667668549375035,0.7000602723480812
-0.01198478529111907,-0.017090542585652273,-0.004751521049251172,0.001295164391540624,0.02245335587775094,-0.5786191320209269,-1.3433165927917268,0.831625861603885
-0.012884671456150736,-0.019142849651350716,-0.0029490514069074984,8.291376454532606E-4,-0.029448273306017094,-0.469082208676139,-0.7215039370780244,0.5544987522410779
-0.012565264761088048,-0.018616969518804982,-0.0033707523917004254,9.232602682920837E-4,-0.016639482748881666,-0.48532163452861427,-0.8464704205769816,0.5969519303261949
-0.012317015250470964,-0.018140849912813256,-0.0037780855307206966,0.0010125235237502114,-0.0061497108285961605,-0.501482002105095,-0.9798814504851857,0.6433831508274803
-0.012126663684481141,-0.017705485473346768,-0.004174903029030234,0.0011031565177159293,0.004203454285673302,-0.5189868458094059,-1.122785540827284,0.6984764043391201
-0.019470198028169614,-0.014720577488890468,-9.418521633039519E-4,0.0021757229854034318,0.07374643965134142,-0.6081558187051951,0.3940565570219485,0.6707013273005556
-0.019455679644026773,-0.01551714780220845,-9.715080033240712E-4,0.0019030960650682775,0.06921443160721291,-0.6137920472263826,0.29765622477751935,0.668938193642868
-0.01910373534915938,-0.016103841995838118,-0.0010928135996396582,0.0018056855239677622,0.05815764566199087,-0.6460295949480259,0.22401252413257972,0.7019976728930539
-0.013542818214656565,-0.019055023719975053,-0.002781535657508681,9.714316965536254E-4,-0.0325812116159906,-0.5569113260845423,-0.6341313328014272,0.6407365624749168
-0.018969734245677702,-0.01835673845748454,-9.617321183636102E-4,0.0010641374522879278,0.018935591180806413,-0.5366276331011356,0.023758334144338887,0.5708605826277829
-0.01894157119783161,-0.01778670001881338,-0.0010347512365767324,0.0012507923642408635,0.02964067771376765,-0.5777815759634476,0.06123401945999701,0.6175746643247068
-0.019061195605270295,-0.0166930152501152,-0.0010829823134471317,0.001602640323271476,0.04932250103406712,-0.6277658073314328,0.16100897244996196,0.6772503380097136
-0.018862236352655957,-0.017207426710272568,-0.001117410110814225,0.0014662048550611421,0.03847629966896499,-0.6213742381989895,0.10322616795173327,0.6688372311261818
-0.01846405153539174,-0.019071140406021616,-0.0010155145363867498,9.181081527028747E-4,-0.0067969203427602825,-0.5196912846191801,-0.049451935623266094,0.5518035454461357
-0.015546879767055391,-0.019894161103801808,-0.0017415906359227547,8.252428273179897E-4,-0.057738985274469475,-0.5378957087902557,-0.3357997288500742,0.5861551695944914
-0.017543078712187167,-0.01917851081825094,-0.001283752118742183,9.801457216736462E-4,-0.024400875236328893,-0.5652146853268468,-0.12503427817590998,0.603849020329097
-0.01683527680192539,-0.01953195997584465,-0.0014328407065347366,9.13926159724904E-4,-0.04043854715180279,-0.5593931804604663,-0.2007393986966454,0.602085882129658
-0.016137950392296777,-0.019511242936705107,-0.0016706381454079287,9.474187876659464E-4,-0.04546748344406552,-0.5795284951288,-0.27138779958261194,0.6272629636965416
-0.014329545645064334,-0.019333198537132272,-0.0023704004590646105,9.63220830258681E-4,-0.042518359774822885,-0.5769343426145973,-0.49905313820877956,0.6448843682264006
-0.015089606335855186,-0.01922426071262695,-0.0021409636715832583,0.001046088490873162,-0.041078986513901024,-0.617517831961229,-0.3983376193991515,0.6814117884784369
-0.016944731483937034,-0.012679369987629165,-0.0016944786649103936,0.00451412715234406,0.09000278836196908,-1.0074260124728962,0.9930297739873476,1.2589247520004305
-0.017193220002086593,-0.012786025077032987,-0.0015967233299756824,0.004264162139867506,0.08282351729988939,-0.9460283954722281,0.9232003958886225,1.162827235254336
-0.01734189278184412,-0.01301491596749674,-0.0015941531188164596,0.004034545695083013,0.07861678284972656,-0.9318809081444052,0.833744068697735,1.1265014110183635
-0.01663741589904199,-0.012565184803880873,-0.0018301096524689674,0.004834329258254551,0.10148958084906348,-1.0970275785641883,1.0832096761487557,1.398000143114267
-0.015897688788208027,-0.012626765004924304,-0.0024019330809801607,0.005444431211481644,0.13490025033313116,-1.440705284222054,1.1467176787350393,1.8906581497770631
-0.016332316329837365,-0.012622241805595827,-0.0020624791743606365,0.0050583333694256966,0.11247464527360267,-1.232156122556333,1.1007180045447191,1.584381828188395
-0.016083651426118957,-0.012641775852310695,-0.0022584528303416372,0.005263265526334507,0.12377029725927892,-1.35012027508623,1.1197168058711418,1.7527671369032902
-0.015633313496562995,-0.012536943343094107,-0.0025843745785946175,0.005775746097285476,0.1563526808927921,-1.5735920196955806,1.226577567380527,2.110703982727077
-0.01575541566209791,-0.01261598092048742,-0.0025191289511157632,0.005586404963714801,0.14352063055235778,-1.5167179527563333,1.1649168049196894,2.006003667477886
-0.015553006974486902,-0.012612711179551789,-0.0027047802608942814,0.005782526469108605,0.160132191527483,-1.634227818296927,1.1793465993390653,2.1864946206851457
-0.015450808044990084,-0.012603273280756049,-0.002799919850486148,0.005891187018849658,0.1685471774572761,-1.696274580747095,1.1903867261404086,2.2852923637187335
-0.015157310633596266,-0.012586259485994315,-0.0031023456415691934,0.006203324174797184,0.19762142934821017,-1.8937281488513875,1.2037147941744308,2.603465755281895
-0.015078857686584353,-0.012628958127462548,-0.0032192200119836177,0.006233781359455313,0.20341577457009388,-1.95539149398633,1.1627415934551004,2.6910669295163703
-0.015343740733090706,-0.012598912757459897,-0.0029070545776237063,0.00600172623616738,0.1775666114550967,-1.7656666597081416,1.1954709394568883,2.394916480357248
-0.015243620873207136,-0.012623828478008803,-0.0030294484120446936,0.006074556256943848,0.1862522199368356,-1.8366922818323812,1.175202004087751,2.5016926002952395
-0.015066618266283568,-0.012712984172540714,-0.0032835332345949285,0.006146800180368106,0.19750617809426912,-1.9694049882312812,1.090364561086864,2.6916809725163504
-0.01500178882283761,-0.01276238651918403,-0.0033889917980235705,0.006149551108392901,0.20163985302153317,-2.0185781663440143,1.0400607763617502,2.7582119931944438
-0.014929284590025453,-0.012808874636420546,-0.003503713692321287,0.006160046498782796,0.20548603840016688,-2.0721975766847582,0.9874626023819618,2.833755402701492
-0.014858704729535974,-0.01285074125688502,-0.003615222973738007,0.006171483173444295,0.21003129702663628,-2.123700919608268,0.9358037416521903,2.9079919979188755
-0.014790887224759311,-0.012888803503105416,-0.0037228927238639503,0.006182522532054437,0.21393403625662918,-2.172553196238029,0.8843824004215474,2.9793612100873386
-0.014723508003040299,-0.01292123435089858,-0.003828847351273605,0.006198152672085816,0.21871040430085972,-2.22094833923846,0.8349277471832092,3.0522970188564256
-0.014478682489703755,-0.01298753095152267,-0.0042074793623382975,0.00631060070324481,0.2416782822967752,-2.4019563314308994,0.6742439188791246,3.346023046131711
-0.014535931733967876,-0.012984025495751632,-0.004121353695685216,0.006268696285986322,0.23498282339127344,-2.357285052029717,0.7047594885818488,3.269323324932856
-0.014595514041989712,-0.012970573750756114,-0.004029522783496915,0.0062385969490409065,0.22885232592996438,-2.313075507674554,0.7428657884104272,3.1964745607550555
-0.014657424572049764,-0.012948641634674784,-0.003932457534455664,0.006217265810686099,0.22398517499619416,-2.268346716348667,0.7871798069941686,3.125657713435149
-0.012644019266779967,-0.01433507408185743,-0.006978108843805404,0.004255928458356754,0.22004176487574886,-2.043409138738591,-2.011526474659755,3.2201935766651952
-0.012610128272506627,-0.014392238301007512,-0.006972250227419547,0.004143100975540842,0.21312935423036453,-1.9828975168481018,-2.036909295255532,3.129799330270823
-0.012634018337442748,-0.014354304851956236,-0.0069741934373504086,0.0042187018496537216,0.2176551253308697,-2.0236623753264715,-2.0184525729583354,3.189744219362911
-0.012622921876986336,-0.014372432959836985,-0.0069729117355720105,0.004182708465694016,0.21547026927793067,-2.0043159370273638,-2.0269851748164474,3.161071529202296
-0.012602790112907708,-0.014414088989725777,-0.006960533071590673,0.004104027684390397,0.21019866887180472,-1.9626350114996043,-2.0382273327811187,3.095795036686733
-0.012588855834439873,-0.014428845200834723,-0.006966437259105681,0.004071877495504697,0.20879525703238808,-1.9446151162749314,-2.05108492104566,3.0724110692331297
-0.01257194178943707,-0.01447154931408325,-0.0069463196366827675,0.003994915770325292,0.2031958686849084,-1.9043134460033,-2.055712373103366,3.006750724335269
-0.012595441634995801,-0.01445347007123575,-0.006929871140144651,0.004038230241108834,0.2044812968598713,-1.9294051999687343,-2.0321106006073375,3.035672934970495
-0.01270888567932857,-0.014253667334676512,-0.006953924047277926,0.004428469445811081,0.22884445653378416,-2.1371241480108023,-1.9460050900326735,3.3488189655073524
-0.01265910996610879,-0.014323374936912265,-0.006965724768932619,0.004284191843129532,0.22087722441981142,-2.059505043827555,-1.9944060067173155,3.238616777858232
-0.012671853907393662,-0.014312269907864092,-0.006956322619454134,0.004309991823561774,0.2217400943391226,-2.0739765122502103,-1.9801972975095479,3.2559895499236586
-0.012682509593682386,-0.014286544889995176,-0.006964900639618407,0.004358557568035993,0.22532036076015793,-2.0993190158187773,-1.9736278904206432,3.2970383617057464
-0.012681899721321804,-0.014302100180652323,-0.006950199745658631,0.00433261853025796,0.22270960982994042,-2.0864628676908117,-1.9693358121535085,3.271871557673866
-0.01269642635500978,-0.014279006140586992,-0.006949474510984489,0.004379166730371407,0.22548202745956578,-2.1112812503481275,-1.9560471714779875,3.3083601490252614
-0.012709909055046745,-0.014270523883926661,-0.006935559433154403,0.004400976337718931,0.22584401031439152,-2.1237193164760764,-1.939240776662562,3.3210917561017355
-0.012718800667499653,-0.014196203394784798,-0.006993547408217699,0.00453126304563383,0.2414230806957127,-2.190832788807473,-1.9457180693150946,3.445045476868639
-0.012719866573193829,-0.014212200270641866,-0.006975867357792168,0.004504347229638986,0.2337846971659647,-2.1753958884112112,-1.9438339667167421,3.41591250732051
-0.012731970148814605,-0.01418764123415389,-0.006979261668365758,0.004553236024935311,0.24326055053913578,-2.203144210536317,-1.9282682151105803,3.4578791898129086
-0.012733089343815543,-0.014203617979222613,-0.006961687519005481,0.004526262562168377,0.23379113607827925,-2.1877713644318906,-1.9265951084551538,3.4286114732248443
-0.012745112669881743,-0.014179037739678208,-0.0069649239081951446,0.0045751381625004335,0.24367324064387108,-2.2153426094690234,-1.9107898770616154,3.4705764027937676
-0.012746242197943755,-0.014194974864310832,-0.006947526155918268,0.004548145074557405,0.2340265974258076,-2.2000527495740303,-1.9093043122129443,3.441274006344436
-0.012721141915892352,-0.014228543625931157,-0.006957998418401205,0.004477566913313865,0.23272306162476744,-2.162946204201273,-1.9352037986024502,3.3894264391159195
-0.012722577483884695,-0.014245331639077319,-0.006939195480627577,0.004450145177304056,0.2291656479265183,-2.1494470273551483,-1.9285286763375744,3.3611377866947305
-0.012545767370655119,-0.014556316938549202,-0.006892914092728798,0.0038504340167978784,0.19216356101558893,-1.82971652658447,-2.0527859518358547,2.8806119853216234
-0.01256704312601247,-0.014531341022943569,-0.006888813508874727,0.0039017944643656723,0.19436923445097412,-1.8583248519946032,-2.0366929035658283,2.918883593102262
-0.012519269399006456,-0.014609951375560018,-0.00687204755900215,0.0037543252867749534,0.1861939382484394,-1.7786022476914742,-2.061511907882125,2.8017104393909356
-0.012555079038055217,-0.014591308255000324,-0.006841134936443331,0.0038059665174559605,0.18643314373037734,-1.8099026284127178,-2.025899595059671,2.832833723742507
-0.012529588217481558,-0.014655270684989669,-0.006807365358265976,0.0036974409478345975,0.17906299369445622,-1.7531210033831834,-2.028636456384714,2.7419005319831125
-0.01253686499401757,-0.014698284377378966,-0.006750124932319676,0.003642790912738425,0.1728347346326853,-1.727988824131496,-2.0011539319646334,2.6863028863746585
-0.012585742495505864,-0.014504267557885626,-0.006890151940938995,0.003954718608267554,0.19714212584048132,-1.8871815016420805,-2.0240800705625905,2.959914285308406
-0.013854159981018507,-0.013229516983334166,-0.005314046008182144,0.006341871702252166,0.2938693880392804,-2.787066350824926,-0.027400831066383555,4.035646485355813
-0.013864412016228797,-0.013217512775020923,-0.005293886781485746,0.006358250978572059,0.29455414951468756,-2.786969150591147,-0.005976010088307182,4.03542504381031
-0.01387459913406481,-0.013205332732716167,-0.005273709099126189,0.0063748431549366874,0.29537750229820153,-2.7868395327287874,0.015531422257806559,4.0352800162517255
-0.013891361273681943,-0.013208706658251463,-0.005243619644550752,0.006359221284496028,0.2917007563246771,-2.772874512826794,0.02952606427507735,4.005979035386486
-0.013917875907336933,-0.013199121335396363,-0.0051942558813300906,0.006361301496539185,0.28949385964400326,-2.7590048146443884,0.06504725962043291,3.977826115717761
-0.013908537756601794,-0.013212001161438695,-0.005212967741751965,0.006343461482505777,0.2885800353477013,-2.7585322625920923,0.044178585333977276,3.976401439461744
-0.01395548787476394,-0.013182689523378869,-0.005124132013833942,0.006368415933187433,0.28674513284386643,-2.740222927019029,0.11683486693990472,3.9406561067113364
-0.013977083960707485,-0.01318416210285083,-0.005086030903400714,0.006352676462911675,0.2833512121783759,-2.7233258462375223,0.13611259406198875,3.9067442903710634
-0.013994464223205185,-0.01318430691727399,-0.005055408002183978,0.006341775162094871,0.28074962062807685,-2.7102615442796427,0.1521454012338802,3.880793012724477
-0.013934448778377781,-0.013201602648612795,-0.005164849603745646,0.006347146600670921,0.2865631041206349,-2.7454805979367483,0.07928877131068884,3.950213091144469
-0.013951198008083091,-0.013201864963833463,-0.00513497979025502,0.006336812750886356,0.2840793956918453,-2.733064013703735,0.095450321409167,3.925119874407446
-0.013817841482135815,-0.013250304730964065,-0.005382714393892574,0.006322529250629719,0.2930514674267211,-2.8000562524893025,-0.08671756258480968,4.062879517706825
-0.013802030595032832,-0.013247239343570827,-0.005411940410791804,0.0063366360099379225,0.30236340764737085,-2.8124381379749672,-0.09702391670737916,4.089312458783003
-0.013843996772563894,-0.013241469292989307,-0.005333923293317847,0.006325396044170186,0.29328733111179744,-2.786945964980084,-0.04867224460056218,4.035564532612589
-0.013833947847554226,-0.013253517078395225,-0.0053534842784875225,0.006308545562470112,0.29265760978008853,-2.7865021094402684,-0.06987043392373658,4.034959378260376
-0.014208281876119305,-0.013076350751744062,-0.004664338058461079,0.006381351414470714,0.26679504127562187,-2.59229634942341,0.4278372187243025,3.669641877123993
-0.014192340827660105,-0.013099339497460165,-0.004697538533895003,0.006354933854458869,0.265717296696716,-2.596174147778403,0.39457894445986014,3.67294344607822
-0.014279716325830655,-0.013068454487122044,-0.004545676752324428,0.00634136649935746,0.2578770675895367,-2.5382355221812674,0.4842661168200946,3.571910835664277
-0.014244938687387932,-0.013076743241827962,-0.004604478618330434,0.00635381438938199,0.26171887295907786,-2.562992282242785,0.45309748427107116,3.615514544030894
-0.01433148329315877,-0.013036575157427333,-0.004452414923853634,0.006352661358509146,0.2549114089139561,-2.507075049355396,0.5470845258323004,3.5216564882013777
-0.014311164646993696,-0.013061227953085931,-0.0044930958735540484,0.006329248665136786,0.2549027026756913,-2.5155973068521513,0.5111934568588372,3.5321625330461814
-0.014306347344819401,-0.013086255525997714,-0.004509007446402357,0.0062931699542918,0.2514697499166554,-2.5112308534594416,0.4848033592145084,3.519604566683099
-0.01445044786494066,-0.013029829123832881,-0.004266458306906604,0.006269850345303865,0.24020961478487243,-2.4142096524860217,0.6206996336000149,3.3583975590342026
-0.014371355508365512,-0.013034110756094489,-0.0043890620304976235,0.0063255520866381644,0.250354030861523,-2.4758114313353983,0.5731869330422709,3.466138317909287
-0.014409445277426127,-0.01302301309418116,-0.0043261936735871295,0.006312683368457171,0.24631686178470247,-2.448537042658027,0.6050869539926665,3.4202098257346223
-0.014042009740276718,-0.013120257085743704,-0.0049584905368540155,0.006423444755386076,0.2844943612066401,-2.7054964376545665,0.2542342765575358,3.8779868309861434
-0.014031753838177657,-0.01313436430254167,-0.004979710488830471,0.006405602299802643,0.2836109381591364,-2.70675101602374,0.2319609826446105,3.8787636997286072
-0.014063549261136503,-0.013119986355693834,-0.004920984182289748,0.006409450732977054,0.28116700841323894,-2.6887724877085692,0.2730299499363582,3.845523657576329
-0.014090636282487419,-0.01311533384108511,-0.004873147768961159,0.006399084671711873,0.277982108850519,-2.669645429793863,0.30012985409068865,3.809318849214208
-0.014008301892985275,-0.013172512941032067,-0.005028869293978301,0.00635388447655758,0.28064798521513934,-2.7058763434481268,0.17554429910245192,3.8731157044194995
-0.01402750463896877,-0.01315514597393988,-0.004991725734909203,0.0063720659689280885,0.2807346528230424,-2.6999363185616327,0.20878908574152616,3.8631228761384047
-0.01413847647018459,-0.013111473957326605,-0.004790827569538975,0.006372650204043324,0.2715703552203869,-2.63370217111818,0.34233449879502503,3.7414245168270157
-0.014117276074443897,-0.013120300616982923,-0.004829007683026381,0.006372384648673122,0.27343998257328095,-2.6465502080424224,0.3171662846081789,3.764493134283535
-0.014171800701065,-0.013127331091615806,-0.004739397995288255,0.006323018069708209,0.26431403566819006,-2.601156176856611,0.35310018793952186,3.677809236924325
-0.014202398885130344,-0.013124592950428324,-0.0046881649925937085,0.006306238393223211,0.2607098360512609,-2.5785943995234493,0.3783091439199178,3.6362843839417947
-0.01231268856595822,-0.014956534603967364,-0.006743826105904622,0.003143002107800648,0.15259420705749663,-1.446172760288009,-2.114479965319448,2.312741440952298
-0.012360187903134668,-0.014919763795556077,-0.006729428977457237,0.0032249075236260067,0.15446015259037404,-1.495064725520083,-2.0863149016883873,2.370517676099269
-0.01253733085430932,-0.014746340330453127,-0.006697113597317692,0.0035777448148426754,0.16643207496590232,-1.6967526138594897,-1.9797821353692895,2.624724436633754
-0.012496312245126415,-0.014766901861413212,-0.006729444275605944,0.0035215666423625727,0.16615679319632473,-1.6626690326285496,-2.016460176087788,2.5907371840282996
-0.012454581247470054,-0.014795476608345409,-0.00675251031001069,0.003453752467742302,0.16477622505691603,-1.6225113287399355,-2.048998690476949,2.5457772780302883
-0.01240082954783303,-0.014877618513470355,-0.006727765211581451,0.0033083555407331313,0.157675102935938,-1.5428900027856363,-2.06605115023438,2.4320466198921653
-0.012435483350647104,-0.014835379763100518,-0.006732026406862824,0.003387932794277166,0.16091785172838027,-1.5875093784620644,-2.0503623358219696,2.4920044121531286
-0.012249158539661555,-0.015112610400203423,-0.006631374565511654,0.0029120318237841423,0.13750602349629026,-1.325115376708778,-2.0885900263536716,2.1203790270035276
-0.011805886155093719,-0.015644453004476207,-0.006392437557352691,0.00203608856928475,0.10355966420530646,-0.8284461440664594,-2.098956997907703,1.4504402280737307
-0.012017086286722704,-0.015355959931328036,-0.006572321194329516,0.0024681600434845875,0.12174123775200411,-1.0680951961216518,-2.137264755491639,1.786561267702569
-0.012095361521326073,-0.015343114460809595,-0.006513146354364172,0.002546786170943845,0.12116596857172209,-1.1238976214593983,-2.0849492935398914,1.8347823851952343
-0.011963745532506858,-0.015430675224355858,-0.006528217412998493,0.002353014625248307,0.11710152551957578,-1.0040307752737412,-2.13030824084611,1.6963573473073021
-0.011891099270053829,-0.01553437579564855,-0.006461595116610437,0.0021994861894226434,0.10986451749562963,-0.9194164609018481,-2.1149962217270066,1.576590022218488
-0.012237102030294465,-0.015169326670969624,-0.0065770505618469016,0.002840381769500366,0.13273857593184019,-1.2901819358979416,-2.067640165041124,2.058826256964257
-0.012114951402904233,-0.015259086028815507,-0.006596395499119445,0.002646460330163192,0.12824071841485443,-1.1724340141094107,-2.1197614422115407,1.9203339114015987
-0.012189763166550502,-0.015212839252470493,-0.006575442826638442,0.0027559724520901056,0.12970543383394809,-1.2404928094626735,-2.0839989523464157,1.9967174225581743
-0.012155407593698455,-0.015330038772635583,-0.006470038148025698,0.0026087546057752447,0.11953308095035227,-1.1672027631639854,-2.0452722352987527,1.8739018923079995
-0.012146889125393148,-0.015380381467336914,-0.006418532029931924,0.002552724996155512,0.11508666443851982,-1.140455729587002,-2.023887392836808,1.8258938359594237
-0.012312779225896348,-0.015020561362056295,-0.006668043958639839,0.0030672486577541795,0.14487651890372247,-1.4112286662346412,-2.079682349468341,2.2416240046198745
-0.012310192057445582,-0.015089264178681274,-0.006590556278898423,0.002986261604007438,0.1373614451446995,-1.3733954583784695,-2.0452468926114205,2.1672331941877547
-0.01187976770139636,-0.01590558902931553,-0.0060222469904084265,0.0019030123584660888,0.08152556821895961,-0.7999397808326161,-1.901888320692563,1.3183951161870102
-0.011931131236201101,-0.015792218422225758,-0.00611680574161455,0.00202655122166742,0.08690293520041048,-0.8633785276190661,-1.935794729943156,1.413500342199464
-0.0118520966891007,-0.016157933796695192,-0.005753944697955767,0.0017132736732340737,0.06418520747494864,-0.7186138421446128,-1.7813397064755339,1.1623970507395456
-0.01191066735638709,-0.016020739956638295,-0.00586905993546886,0.0018464361191472573,0.07145005866950632,-0.7850730691822078,-1.8247030272936722,1.264518207903974
-0.011962409937360845,-0.016284137315498454,-0.005548424015378852,0.001711722762658776,0.05582913559957077,-0.7420637163433116,-1.6713656539368635,1.144974611292745
-0.011972005585382643,-0.016522981992596,-0.0052971257540398295,0.0015762540228401406,0.0438916451412669,-0.6891927343730809,-1.5630382111415708,1.0398330024392417
-0.018629013533217338,-0.013321261808601222,-0.0010892090665730167,0.0030939090986938362,0.06884736257203233,-0.6709402988218375,0.645127752637225,0.7744482068007172
-0.0188674649039575,-0.013771377881197262,-0.0010721586520784391,0.002795107434226774,0.07038923241425088,-0.6638834142065686,0.5503464965623132,0.7529451957914802
-0.017504654049715927,-0.013255317352834708,-0.0015769192540895354,0.003799310808965202,0.07467998103056764,-0.9141892858287891,0.7488107068462159,1.0859869682927605
-0.017890812561117183,-0.013437724777074934,-0.0014279487179899104,0.0034710721888577896,0.06974234503190503,-0.8323926753902304,0.6753044193092902,0.9736310543186492
-0.018742309067912386,-0.014372642056573164,-0.0011899657769248115,0.0026193816814568667,0.06574798372465035,-0.7116854120995194,0.455859129311338,0.7973341514915672
-0.012127427523520655,-0.01680372270547662,-0.0049419878900650235,0.0015123236289408001,0.030501018665901825,-0.6875809788259802,-1.398202095022868,0.9778826498061491
-0.012209739682495405,-0.017333902076024154,-0.0044400876315207095,0.0012931803215661512,0.012774206181328561,-0.6058772890561507,-1.204954490769271,0.8204901602312381
-0.012309988552753996,-0.01703894456334371,-0.004638720126225717,0.001481010976167026,0.021395296292358954,-0.6960962050037155,-1.2616081009970126,0.9453509390398676
-0.013085333202656525,-0.01863364214879137,-0.0031795126851173615,0.0010403062511548794,-0.020661659531287898,-0.5644837935479431,-0.755431258615444,0.6695300958889067
-0.012774414830005704,-0.018198105860176148,-0.0035678448003018215,0.0011299728217650151,-0.010289371480483207,-0.5839647563959628,-0.8794028296429629,0.7155065926057075
-0.012538758902743204,-0.01782843398611758,-0.003916691633841694,0.0012072317591018454,-9.015882744462194E-4,-0.6003224480472961,-1.0010414240642904,0.7614865978853614
-0.012435287649908474,-0.017513839269494694,-0.004195272528387825,0.0013060957915522818,0.007609557744491281,-0.6325041458587385,-1.0981923166443948,0.8240347934305078
-0.013517373929918607,-0.018478098342042282,-0.0031010941858877687,0.0011851138544369288,-0.020571616735769956,-0.6417758334598032,-0.6948600454543489,0.7477632210514477
-0.018513941529920284,-0.016273840877718274,-0.0013162931526370443,0.0019110715954712492,0.046671439240143164,-0.7144239354535022,0.17912979957936873,0.7796141818765888
-0.018788773633805773,-0.015070490226806746,-0.0012140629248396553,0.0023155201305887652,0.06263040339412901,-0.7112496212723612,0.34794395267214356,0.7862942605802842
-0.0186562075686256,-0.015680558204042367,-0.00127595961019735,0.002112462041726424,0.05533709087775398,-0.7195496929193314,0.26031055174851664,0.7902039754850625
-0.014008480570755885,-0.018605498344299882,-0.0028329837089489576,0.0012071468360379675,-0.024680024756067852,-0.6648311413500047,-0.5924967557690795,0.7596458332950934
-0.018327569148593664,-0.018133532170077817,-0.0012011115658535692,0.0012394770408382658,0.011591547181010657,-0.6056055521879437,-0.004400232457138851,0.6488774351965217
-0.018317887625333193,-0.017445787560178873,-0.0012938098290142268,0.0014917171471304173,0.02514027017503154,-0.6607051415161288,0.047684117575674985,0.7129327278370373
-0.01839546716394858,-0.016846200426113265,-0.0013248579812597718,0.0017092378247717751,0.03645723084964745,-0.6950481237256582,0.10924017686731423,0.7545593516104409
-0.01765658052218247,-0.018445438086817936,-0.0013893401377703242,0.0012211208134873342,-0.004696529371979321,-0.6288727255491823,-0.07826808160570031,0.6767252658681217
-0.015683696021591392,-0.019089504727707107,-0.001967337391662558,0.0011047177572760809,-0.03683308333190414,-0.6374363491413851,-0.32104122174207544,0.6980094757208529
-0.016970009670991746,-0.018683131559452178,-0.0015940226742277815,0.0012025831574169565,-0.018334921063830167,-0.6464003396240159,-0.15813993659981382,0.6991961355135716
-0.016298351162401813,-0.018867799681643403,-0.0018015760777852282,0.0011746135951971757,-0.028186617478693863,-0.6534578104828931,-0.24040782136868213,0.7110791179704935
-0.014628780109287205,-0.018649543441997193,-0.002554617347045853,0.0012487974281530326,-0.02727700117065224,-0.689829530511246,-0.4818991779735455,0.7748025957011189
-0.015205774628342293,-0.01854017228397897,-0.0023532422422916613,0.0013218915230885512,-0.0247048508004707,-0.7169916812780349,-0.38807886436637573,0.7967790881088562
-0.016726451837811858,-0.01282491401332099,-0.0018861166089642963,0.004596791574069512,0.09451760536682322,-1.107761609219807,0.9641641219817325,1.3806674480169288
-0.016986099486309067,-0.01301055530095341,-0.0017940591701486703,0.004287614581630639,0.08498268565301202,-1.041199761367132,0.8691454828265126,1.2725769275527608
-0.017200436470381435,-0.013287983713771026,-0.0017530443983054256,0.003977715599458222,0.07721798812056752,-1.0023013691501534,0.7606443922560836,1.2001371699961785
-0.0164757774946452,-0.012835401778642454,-0.0020577810584996637,0.004787902920235357,0.10173370287585216,-1.2054512862472648,0.9857705438178875,1.5166676327700062
-0.01580117863778632,-0.012714088847230224,-0.0025310753293398616,0.005457196923234849,0.1381005885750879,-1.505637798670747,1.1010496972655162,1.9704091672584472
-0.015939857298245774,-0.012806854221707345,-0.002457192903649851,0.005254705362099236,0.1264202725470895,-1.4443299872377418,1.039778330010382,1.8646528188193319
-0.01619496397666691,-0.01283964637013004,-0.002265937499847685,0.00501319973488219,0.11282259137301147,-1.3266199485930175,1.0070194858427806,1.688182160366688
-0.015654403107178826,-0.012690358158608394,-0.002651990750280798,0.005612897075028522,0.14877017419069757,-1.584828708677065,1.1230503569291408,2.094237837219303
-0.015515885506060432,-0.012699144121919251,-0.0027897506898398356,0.005733409980983376,0.1579210406369822,-1.667744868416104,1.1207968533174,2.2194150408381037
-0.015408356208821562,-0.012676855306064373,-0.002885586333441204,0.005857619578340815,0.16794214979162342,-1.7327997072040486,1.1372915371730958,2.3250638131202117
-0.015169315878928264,-0.012699623243669906,-0.0031568193730694702,0.006062888233879747,0.18877445128054296,-1.8949868089097974,1.110970382629915,2.5751959004906517
-0.01530930463518895,-0.012721562227015634,-0.0030146485439774165,0.005904879561310187,0.17410105656449668,-1.80114333012432,1.101522478661087,2.421137331141862
-0.015098533903988869,-0.012803855666405354,-0.003295734401795792,0.006009571985095723,0.1891748239335452,-1.9490807807367632,1.019545891658353,2.6364681466702184
-0.015005964695992587,-0.012845706201836102,-0.003428037956205296,0.0060442291390587904,0.19424903899599824,-2.015426525742736,0.9707516925151093,2.7328982931561314
-0.0149283933711521,-0.012889629376190828,-0.0035457814843214103,0.006059508059351317,0.19910121311204745,-2.0703949948389595,0.9182697534526271,2.8114070304389998
-0.01485674317326164,-0.01292664931528348,-0.003654726258018834,0.006075174968357862,0.20329978918302374,-2.120128577989765,0.8697815145501814,2.8844664848285055
-0.014788851738965212,-0.012963114233610984,-0.003760136735944115,0.006085788969158912,0.20729298746700367,-2.166834402135015,0.8189579242741004,2.952836462234433
-0.01471627534002566,-0.01299068239188036,-0.0038696404959386445,0.006109752210497418,0.2126674831415807,-2.217480723339777,0.7711882903823701,3.030889572788374
-0.014509687536237301,-0.013040604341960228,-0.00418234205583535,0.006206905530636068,0.23141607968358022,-2.3655171070365846,0.6407975957284019,3.271381463696188
-0.014578999313626662,-0.013028655879104805,-0.0040770682923843594,0.006169011368845818,0.22462969157806942,-2.314895077269646,0.6834446424010084,3.1869684331150907
-0.014645632145456694,-0.013013316340067737,-0.003976578458833758,0.006136753074670056,0.2185823121722885,-2.266992004217181,0.7249754069440689,3.1091079711005327
-0.01266317637572318,-0.014342925277247093,-0.00693910357093376,0.004255045738815791,0.2173025403126084,-2.0458217619564967,-1.9817755728866528,3.2075194225852477
-0.012652107921125732,-0.014357834167499743,-0.006941551383877532,0.0042243281336389665,0.21562951321842597,-2.0291627178454927,-1.9919100100324414,3.184194395367067
-0.012619266352015063,-0.014411249658231285,-0.006937792540025145,0.004119134526392919,0.20931529393773435,-1.9727062387924579,-2.016991144603918,3.1009140570223885
-0.012630953097696207,-0.01439553895420082,-0.006935952922987873,0.004151244539433136,0.21102172953929357,-1.9902116502938692,-2.0071314631725765,3.125361427490287
-0.01264068515858306,-0.014377199971250698,-0.006939696801342395,0.0041863642463550975,0.21330892745019528,-2.0088731563930495,-2.0006438842427516,3.1539143616332797
-0.012615053053692269,-0.014433978490517979,-0.006920360652781719,0.004081059007006233,0.20606523348947925,-1.9534950846343462,-2.0137336408340243,3.0661878210061704
-0.012606547246997907,-0.014481758626468229,-0.006882799504762991,0.004002353477470979,0.19924141927469471,-1.91375896716117,-2.0062214544158006,2.9945252788357113
-0.012620057677748741,-0.014460859259807288,-0.006884307060513991,0.004042909156242854,0.20143986047328183,-1.935650051380648,-1.9966664501576947,3.0262211744669902
-0.012723935812973299,-0.014262612299464836,-0.00692002798776298,0.004422040237088657,0.22607707862781232,-2.135763770393646,-1.9213544007057504,3.3326508992714348
-0.012676048526675898,-0.014330892955130507,-0.006930584632799607,0.004282240434436878,0.21828214307807484,-2.060964756898544,-1.9678756796457453,3.2262037976344167
-0.012688814579310842,-0.014317925855693072,-0.006922964532196283,0.004310861150054145,0.21950472890745462,-2.076712295804841,-1.9542557613104468,3.246234902208513
-0.012698819997643246,-0.014299258616880936,-0.00692531369232166,0.004347198288979889,0.22179294266276944,-2.09585748980582,-1.9461140834633441,3.2754463321636003
-0.01271040563013898,-0.014285874644682117,-0.0069195593893578876,0.004375869757260652,0.2232035112377233,-2.1114048132687406,-1.9337707545566736,3.296147908178429
-0.012724658229940069,-0.01428045161366463,-0.006901380580588805,0.004392870874460619,0.2229086118503734,-2.1214492114905075,-1.9150381182643776,3.3036440657250528
-0.012678936892077594,-0.014347851940463063,-0.00690873859901994,0.004256626356826881,0.21520496994693045,-2.0487318326991226,-1.9581233678639247,3.1993240307337065
-0.012758228099060336,-0.014170392997494839,-0.0069505300060465165,0.004596975895426398,0.24285681309918106,-2.227459908498713,-1.8932719431032028,3.483087247099737
-0.012759362165695573,-0.014186299332706154,-0.0069332962830793475,0.004569969478611619,0.23467595733511623,-2.2122157060510923,-1.891929994894576,3.453835957867183
-0.012734473328210589,-0.014219955283240932,-0.006943802829811485,0.004499460541253748,0.23323916618669913,-2.1752695218705544,-1.917993476299298,3.402081633138291
-0.012747635510272144,-0.014211240262358628,-0.006929859257094159,0.004521377477276303,0.23375443703332374,-2.187500125991754,-1.9009477066277027,3.414782118402752
-0.012760700707916543,-0.014202473909599748,-0.006915972815026458,0.004543233362208553,0.23417056388013976,-2.1996117374021007,-1.8839253007520627,3.427404130357388
-0.012736166202931805,-0.014236781116206904,-0.006924695574949927,0.004472016907943952,0.22952824204248112,-2.161766555672004,-1.9111358067643287,3.3736342895723612
-0.012738031926492173,-0.014254183596669611,-0.006904734977802606,0.004443887276341366,0.22639683514970507,-2.148104243399924,-1.9034033123406076,3.344840221749108
-0.012580313363930756,-0.014566024724476509,-0.006831856175098876,0.003859706237236271,0.18849451253067073,-1.8401845274871105,-2.0053698331572973,2.871211482839111
-0.012600540714778272,-0.014538257746690576,-0.00683180487760516,0.003913862741570646,0.1911687649172825,-1.869748418759204,-1.9913215164113385,2.912462936925815
-0.012595164402497491,-0.014605925590088527,-0.0067677438476127375,0.003811797766662399,0.18200318902543863,-1.8193087908698564,-1.9708302552148158,2.8178057793823927
-0.012563432528121157,-0.014632785324913673,-0.006784207693279166,0.003752342710711041,0.1800836284643752,-1.7854947647133266,-1.9979865633994278,2.777452601419704
-0.012568263747090226,-0.014677598940138065,-0.006729135137138687,0.00369273627486667,0.1737869296723975,-1.7572896804749398,-1.973509735561743,2.7183223350285988
-0.012569936319612075,-0.014722287700039164,-0.00667891337445957,0.0036323657383577194,0.16758466430094374,-1.7284187345118405,-1.9531053412340207,2.660905401457469
-0.012620486655055298,-0.014511781689865964,-0.0068301236490833405,0.0039661550562239125,0.1936858304401117,-1.8983002442699168,-1.9764632674483862,2.9519675048361234
-0.013860263006628354,-0.01324509102003442,-0.005304533656261824,0.0063101340414771145,0.2897263596144745,-2.773519354840307,-0.034768459912125536,4.007130585297037
-0.013870694751159332,-0.013233355841351572,-0.005284268736783442,0.006325890344004068,0.2903132826882014,-2.773212893738983,-0.013615313746758862,4.006404102849992
-0.0138811909601428,-0.01322121403173683,-0.005263729829669379,0.006342205514098163,0.2909542406884387,-2.7729151279686053,0.007958648341960453,4.005846381211477
-0.013898649809524016,-0.013224985618683766,-0.0052325520223153255,0.006325614170781085,0.28771657086752533,-2.7582148286432826,0.022693100013478736,3.975430163327935
-0.013926006821283787,-0.013214967712037526,-0.0051819679352491784,0.006328103666274783,0.2854517852749993,-2.7442037151172793,0.05906861836339328,3.9470561646790387
-0.013916637858120097,-0.013228404374249087,-0.005200612625384554,0.006309347863202433,0.2844498428202862,-2.7433807918553264,0.037912473338689606,3.9449525714512146
-0.013970072346965191,-0.01320136464090447,-0.005101412161230255,0.006326486199571979,0.28138235595476035,-2.719436207196478,0.11399164026804735,3.8978108649381302
-0.013989594405223335,-0.013201213312768599,-0.005066990538924496,0.006315042173087826,0.278535134026872,-2.705135019609706,0.13241476993355725,3.8693586321109676
-0.014010730443599441,-0.013194796828000815,-0.005028861879577184,0.006313427715792138,0.27656166623679784,-2.692828351508275,0.15756702196022085,3.845516806923326
-0.013943960000008625,-0.013217304024068644,-0.005150242725439101,0.006313566475281804,0.282428532628213,-2.729910291469302,0.0747159009166692,3.9179936525524357
-0.013963089164974256,-0.013218810033940395,-0.005116547184862577,0.006299773654725165,0.2793906174478917,-2.715207500955238,0.09185025818515224,3.8883529324906925
-0.01380765977346315,-0.013262310887723144,-0.005402465030062892,0.006305512100333769,0.29242048802722076,-2.7994165797839945,-0.10824330457615329,4.062138353697727
-0.01379181033250085,-0.013259167746885672,-0.005431831614344867,0.006319593279914157,0.3008272244795507,-2.8118612283478357,-0.11872365159543925,4.088480075105142
-0.013797418334320724,-0.013274280070851706,-0.005422200354008554,0.006288453906831473,0.2918755005242599,-2.7986383067740435,-0.1297528182124674,4.061291480690848
-0.013781552642028794,-0.01327106398830183,-0.00545167148397373,0.006302486191997417,0.29933639031815484,-2.811150984847618,-0.14043595388420732,4.087544240421681
-0.013823886070080714,-0.013265629390257725,-0.005372953159510246,0.006291446578812016,0.29192043325295947,-2.7858436213845894,-0.09110282973639588,4.034053364312052
-0.013850269923777213,-0.013256917850270326,-0.005323898828991585,0.006293835041281149,0.28901337073770456,-2.773282330597883,-0.05553114521306026,4.006860737706639
-0.013840481335084608,-0.013269088389665095,-0.0053428031736819466,0.006276667879194402,0.2881977474945785,-2.7725200270530155,-0.07634668253074282,4.005629716559547
-0.013866417573896304,-0.013260499131812072,-0.005294830707704784,0.006278836446410265,0.2860378424575459,-2.7599587234179417,-0.041386901315802554,3.9789955102877523
-0.014229096679890928,-0.013109899944372153,-0.004640356554234142,0.006311381746024859,0.25879601230687066,-2.5633922986979454,0.41108694847932714,3.6105512935098365
-0.0142213071327934,-0.013138330076075417,-0.0046610667039639255,0.00627061740805423,0.2561284427465242,-2.558615160688882,0.37943144130919954,3.597295795579222
-0.014279570825580255,-0.013109010312061572,-0.004558718990079342,0.006276577409885706,0.2524765015091907,-2.524391872445712,0.44636639494391966,3.539399113331363
-0.014316783709268265,-0.01311118759345149,-0.004500387096552925,0.006246144378065917,0.247443819934475,-2.494803754050658,0.4687421437745397,3.485569983090037
-0.014464447406082704,-0.013071578937131088,-0.004260796577973467,0.00619630182021735,0.23379902202679376,-2.3927553316137895,0.5899335867611565,3.31246029720065
-0.014344501217842108,-0.01308139729290184,-0.004447387618447158,0.006272390113913555,0.2472755736732219,-2.482932201088005,0.5133024320361198,3.4695665453684503
-0.014411769567324855,-0.013067957295764543,-0.004338990424963504,0.006242199462569132,0.24073402207742461,-2.4344988467830766,0.5647700998770855,3.3862651542745392
-0.0140537086635085,-0.013142394623562594,-0.004943350153718212,0.006377205918464523,0.2789551228891142,-2.685980554825467,0.24354462708661548,3.837332860541273
-0.01407865335862119,-0.013136311931697318,-0.00489892517017414,0.0063711791148020214,0.2762496203721034,-2.669533852828268,0.2704842835410034,3.806358495743902
-0.014104495068467391,-0.013141574251787481,-0.004856073098388543,0.006344932480819055,0.2716262053691467,-2.6471564531445044,0.28698988959473754,3.762735343281722
-0.01403233735589115,-0.013182412749567813,-0.004988931674674829,0.0063215757783347355,0.2755327102004647,-2.6829357035715335,0.188140538217181,3.827202960504691
-0.014051447912887097,-0.01316752775370799,-0.004952824809654132,0.006335226538591141,0.2750750107416089,-2.675783753355129,0.21841917495726942,3.814776920384626
-0.01413995128102086,-0.01314320900082216,-0.00479665264038173,0.006318325357148256,0.2664812800611735,-2.619172130161075,0.3139064344349131,3.7093691589803766
-0.014197749780922489,-0.013147508408072803,-0.004701981724207793,0.006271882871663917,0.2576994597277234,-2.5730739164672145,0.35396261984687233,3.622623360228897
-0.01417193105357614,-0.0131531875419919,-0.004745939967281103,0.006280104555927733,0.26069069580441084,-2.5904563665255003,0.32949639831106403,3.65415199507717
-0.014224188665428229,-0.013159552480156418,-0.004662069987729307,0.006234194467210876,0.2524041158695902,-2.5482247233617157,0.3621165863355499,3.574933424213641
-0.012367211241587643,-0.01498491882640078,-0.006645305698926428,0.003151384799569915,0.1464703442791796,-1.4623544623247222,-2.0453714919222308,2.2989824691016323
-0.01242345271823613,-0.014942713043297638,-0.006625482175393307,0.00324445009930991,0.148859174904059,-1.5175048615800715,-2.0104502935635336,2.3631645044810035
-0.012571775148864808,-0.01476275930849289,-0.006633195415953695,0.003578944265919723,0.16263806282877666,-1.702995479264093,-1.9340574439040314,2.6103993493088624
-0.012543126304410995,-0.01479829923600843,-0.006633097042213911,0.0035125517934702613,0.159964895777858,-1.6664727106444548,-1.9507960594518432,2.5614363381356875
-0.012495504806784071,-0.014833967757398375,-0.006656275856538185,0.0034330739638532806,0.15773832134351742,-1.6203688260939761,-1.9865883275649066,2.5083533697172675
-0.012458437728781245,-0.014886558972981943,-0.006645161917145352,0.0033395921138404945,0.1535760297131206,-1.5691542155296687,-2.0016190214418597,2.437351949288352
-0.012299098412570158,-0.015160927812022329,-0.0065195758172844785,0.0028979649562023246,0.1304707687083291,-1.3306717857243984,-2.0172612323031385,2.090497629016069
-0.011984259398270011,-0.015656578645932326,-0.006235103795808695,0.0021759489702521274,0.0961463076062883,-0.9383564687719698,-1.9810231303294692,1.532749413752511
-0.012093506701086557,-0.015435543102242391,-0.006403413246465451,0.0024573562083616885,0.11166698115736183,-1.0851961446077356,-2.0328484527176154,1.7548201611848526
-0.012041797778683661,-0.015537430523223742,-0.0063282562195105556,0.0023234424917526115,0.10509190072413087,-1.0149720870113657,-2.0111948875658405,1.6493003313309729
-0.012267199052509095,-0.015229258210542001,-0.006474485676336399,0.0028000986614423987,0.12547501061697666,-1.2790957258113156,-2.009254768970639,2.01199432919494
-0.012208260578044057,-0.01528454073366953,-0.006471026291620517,0.0026965948733299887,0.12185854688551223,-1.2188868268322415,-2.02874615950465,1.9371386747998904
-0.012210642832518924,-0.0153657806219685,-0.006373522086286429,0.0026172527765055326,0.11458628933990823,-1.184243799901579,-1.9823067315478735,1.8648507465165587
-0.012177803237676166,-0.015428257178582849,-0.006332752713487179,0.002531239144050604,0.10923395338318398,-1.1377846188754233,-1.9744653430608685,1.7966199860318028
-0.012370853477392614,-0.015055909281988387,-0.006559600495076555,0.0030706534106912093,0.1381481034799645,-1.4255055978149611,-2.005815836490187,2.2228112310670944
-0.012370173356020451,-0.015132590250215211,-0.006473362153252408,0.0029828461225613894,0.13032814721387817,-1.3847313100282113,-1.9681338978754048,2.143375479538282
-0.012022075706541503,-0.01593036027995792,-0.0058912407103765526,0.0019928062046338448,0.07622881541471803,-0.8707092435668761,-1.8127732186564358,1.3669105859288424
-0.012096599145616421,-0.015792146113285468,-0.0059882525301706525,0.002152988209530912,0.08307949310813623,-0.9554706856534964,-1.8389986001836,1.4875102573568997
-0.012050987520758897,-0.016121713858521354,-0.005662603209959808,0.0018776816725134084,0.06307671864378527,-0.8290089007574083,-1.7049531061149124,1.2665956535065133
-0.012165926788905155,-0.016329518103970285,-0.0053726011485082095,0.0018135493765525437,0.05062093081377667,-0.8215041755711471,-1.5616142640213069,1.2015588427293615
-0.01227184092916049,-0.016567347563831897,-0.005078115651967766,0.0017253040839788835,0.03824435874740983,-0.7979746960839075,-1.427474540734153,1.1223238538685034
-0.018239520123183656,-0.013892369305771151,-0.001348532184651592,0.003067739899944321,0.06547339084835953,-0.7871242153530291,0.5569925597213,0.8994028045365853
-0.01746298144702557,-0.013555833684375821,-0.0016717968168189976,0.0036643595010683763,0.0705684222480475,-0.9483253996923483,0.668209912005057,1.1153737884321926
-0.017671207732567855,-0.013797032942865961,-0.001608271324242562,0.0034168040190958155,0.0684128247893459,-0.9067305809699019,0.5979983807679662,1.0529829526199237
-0.018124217023930286,-0.014366531834285441,-0.0014607610562415174,0.0029053462472081884,0.06342713173462709,-0.8237628936617286,0.4646545067421095,0.9341736925612427
-0.018253626596385093,-0.014806118519699261,-0.0014339419683495373,0.002643189573205371,0.05967877896525906,-0.8020733140478208,0.38362756036947393,0.8980270379674229
-0.012435242753891155,-0.01678173231015707,-0.004789737995306816,0.00168124153894125,0.02816786157585704,-0.7959120289537583,-1.294600790414499,1.07553506834162
-0.012545850139375942,-0.01724008029447676,-0.004354407627272614,0.001480607286395024,0.013616573125606062,-0.7175737346440783,-1.1329722351249212,0.9339402443539148
-0.012552846177390456,-0.01697727113721655,-0.00455982980151562,0.0016232329727861171,0.020812921429096982,-0.7801094831186591,-1.1980013425380762,1.0283959207735263
-0.013260677288230648,-0.018156994986290947,-0.003393146040781421,0.0012682112713523748,-0.012780308101735987,-0.6670036038666581,-0.7840652337606207,0.7931953064544556
-0.012968469315423711,-0.017815106807293906,-0.0037378680646635953,0.0013464898130580761,-0.0036626586265570238,-0.686620244738227,-0.901191574597889,0.8399748401293315
-0.012762189112334982,-0.017504406968543103,-0.00404897311465829,0.0014289465316097581,0.004386908532631974,-0.7099137646665211,-1.0120373900361948,0.8932830774324244
-0.013746142134540201,-0.018142997594241428,-0.0031850387080625416,0.0013693394317063632,-0.014315056140518966,-0.7249836285405764,-0.680298524125699,0.8434760783553168
-0.01787167262953878,-0.016437353673043942,-0.0015836374432124953,0.0020108741037025437,0.035802946971566156,-0.7879922515813557,0.11716387254800596,0.8651638226602669
-0.017995370862979074,-0.01588207571715674,-0.0015615173500044181,0.0022332209801341134,0.045287159905821724,-0.8086217425892986,0.20027419169974006,0.892760725344106
-0.018157774157545,-0.015327880930069754,-0.0014949163474748653,0.002438393396002221,0.05365980681136447,-0.8079965619289666,0.29310306404882813,0.8980272299619109
-0.01423462043933283,-0.018118154579735507,-0.0029705297826507003,0.0014493872126929398,-0.014990787130548097,-0.7645006997598921,-0.577550362998024,0.8753661974674704
-0.01763628200283303,-0.017680207426015535,-0.0015303186056406255,0.001519130710384689,0.010958770662520252,-0.7042408615231861,-0.028423674736297002,0.7640568125726022
-0.017745939835600417,-0.017019667806522462,-0.0015786547515205206,0.0017788587903468306,0.024823461631408066,-0.7555601000640609,0.041380824561764146,0.8245517737689142
-0.017282499576802418,-0.01658637918674894,-0.001848533937890237,0.0020772409896414406,0.027925222261545337,-0.8523428984756044,0.04280404475832083,0.9415114581332372
-0.01701017778156952,-0.017910819395706826,-0.0017492627469487508,0.0015083140568855336,-4.302320029895452E-4,-0.7315698513958107,-0.1114556545669116,0.7971879173387576
-0.01577701255726829,-0.018331188469208105,-0.0021767740839720574,0.0014125675461852023,-0.01829396541375564,-0.7412889381379185,-0.2971779407383673,0.8177729177836216
-0.016371440957130827,-0.0181082342671443,-0.0019797939235105606,0.001482627242235625,-0.010052783165528387,-0.7476980341056754,-0.20266831612638522,0.8203155854967573
-0.01476866993288674,-0.018052170392241756,-0.0027446445666414886,0.0015268686362010862,-0.01422034727901981,-0.7951178181998766,-0.47003238493453253,0.8985522759605055
-0.01529182518538763,-0.01790008188606463,-0.002548075229465497,0.0016179876776794288,-0.009980610142161546,-0.8215309924664039,-0.36913076121086147,0.9203420640363474
-0.016648892520376858,-0.01307402701949742,-0.002030673118441939,0.0044916649172516455,0.0914550246389193,-1.166198750539268,0.8715465119184206,1.4369361045731763
-0.01684640230346788,-0.01331361502997331,-0.001976443713458539,0.0041955920617432725,0.08326460627967926,-1.1162485186573365,0.7704198430929915,1.3500859392826154
-0.017064620657757153,-0.013571608174316093,-0.0019057993459223224,0.003894298244652376,0.07561685737562825,-1.061552634253541,0.6766126643761479,1.2612925089573734
-0.016333553932866514,-0.013081225208722659,-0.002258031874763453,0.004719914570082413,0.10143101528865921,-1.2905362503419495,0.8838686142973827,1.6083528195537558
-0.015758576149378832,-0.012835851566065419,-0.0026299837071617513,0.005385646482527914,0.13434827250037126,-1.5427824572399063,1.0285998187712215,2.004266241847659
-0.015837679680208463,-0.012957553982085035,-0.00261391838424982,0.005209766700520342,0.1274386233189962,-1.5108486346196563,0.9575145692396477,1.9388220108090697
-0.01602910330154398,-0.013041727406843279,-0.002484087142988403,0.004984278707805185,0.1146630383985219,-1.4240589513933715,0.9097513788098881,1.8008465683745225
-0.015574557364769731,-0.01281898365008389,-0.002794679409947201,0.005562533661066178,0.14822664821716813,-1.6446148782354755,1.0401238664670698,2.160152658402609
-0.015434336621262507,-0.012785121147392742,-0.0029175527078576942,0.0057222059887149035,0.15954649354402342,-1.7261480268703038,1.0600657659448922,2.2914916076399408
-0.015231089779820236,-0.012819941359098148,-0.0031527518330173696,0.005869731445880745,0.17411904716917845,-1.859176007398441,1.0215972394035517,2.4901839262976746
-0.015338519387264726,-0.012847492134524827,-0.003049426246131366,0.005743290602418229,0.1651283691464541,-1.7905972067157137,1.0100993324675083,2.3772522847495936
-0.015065962990758776,-0.012890637384197295,-0.003378173383612118,0.005936439773374864,0.1845611314151039,-1.9717651591181966,0.9450515492052208,2.653428732821207
-0.015151004224446315,-0.012895341393494226,-0.003280831659279152,0.00585614082193446,0.17760983960179808,-1.9141065748807429,0.9542285136934201,2.560184524426159
-0.014999467012646745,-0.01294508735152202,-0.0034839586590095267,0.005928848999563838,0.1885394026747427,-2.016204804688456,0.8888661555275291,2.7124022346208325
-0.01491586723129369,-0.012956677994583636,-0.00359308207328057,0.005985959917585784,0.1941461173868255,-2.0748768764236925,0.8596971940339856,2.804260377236753
-0.014857754743863553,-0.01301092952732498,-0.003690867064156823,0.0059656075806680834,0.19643323302751983,-2.1111170812215145,0.7999933334147724,2.8519262968331875
-0.01450289449850249,-0.013101202111034842,-0.004214293461171719,0.006123129617047716,0.22534345775938433,-2.356143416771271,0.58342652186389,3.2434182329276102
-0.014779976084363594,-0.013036862150762513,-0.003803267891832943,0.005995428883989007,0.20179481231102767,-2.16392375611537,0.7539928101754225,2.932712810146198
-0.014702242388773533,-0.01306091554176164,-0.003917368012132115,0.006025445313690744,0.2073127533857664,-2.2168099851601357,0.7059138033748233,3.01535054814325
-0.014563126807418048,-0.013089306912758381,-0.00412270335603375,0.006094479310513365,0.2197640441482737,-2.3137869927772035,0.6228928718054875,3.1730286138936887
-0.014628747627285589,-0.01307827877113451,-0.00402557706694602,0.006059319723591561,0.21384221899380915,-2.267428366125772,0.6616860744475083,3.096729057717711
-0.014540857200922203,-0.013136230669926188,-0.004170913223926168,0.006043761426772402,0.21706048892264654,-2.3189708818798183,0.5721086269369462,3.173431185201191
-0.012670737845738378,-0.014362101846938086,-0.006907395971884494,0.004228882374858338,0.2135213259735356,-2.034000193665331,-1.964623425645527,3.1772472781071905
-0.012659896988950082,-0.014376355154346035,-0.006910081650953946,0.004199596428366538,0.21186981976243793,-2.0181465237733334,-1.974559360327185,3.1552779433204665
-0.012637432873636075,-0.014420185549124893,-0.006900080196734922,0.004116739631919424,0.20666261688214113,-1.974348011070372,-1.9890058075195667,3.0878944283371497
-0.012655376151604242,-0.01439944320218628,-0.006893487097911851,0.004160364562912817,0.20866504851710108,-1.9983024725712508,-1.9723844066837817,3.11972742002149
-0.012641535825815682,-0.014449136887866336,-0.006863627022138468,0.00407450908179578,0.20169978673174718,-1.9542900132433345,-1.9728435358160288,3.04458311116337
-0.012642525106230356,-0.0144845918733355,-0.00682533309978787,0.004021049387392047,0.1962053841282634,-1.9283113043112243,-1.9584217478529309,2.9925134053826707
-0.012739784586961041,-0.014272116110441579,-0.0068844759621974,0.004415037402737525,0.22317611451976313,-2.13403181686062,-1.8958160603412397,3.3155253342583593
-0.012695108676755017,-0.014340980173347546,-0.00688964986730088,0.004277242006418099,0.21506859961552663,-2.0609669725389477,-1.9379064173914597,3.2094833801471756
-0.012709177741022093,-0.014322057182450674,-0.006885755135149851,0.0043159903730879655,0.2172068464763858,-2.0817644791746233,-1.9242841838172744,3.238503015928742
-0.012722549290725874,-0.014301322335875081,-0.0068844031832909925,0.00435738309900162,0.2196013223185658,-2.1037073062461698,-1.9118139748728245,3.2703832056146007
-0.01274143181747071,-0.014290440155065455,-0.006864040449063291,0.004385721406519765,0.21993495006247396,-2.119702635893434,-1.8882762156442505,3.2859213445166344
-0.012689631732672723,-0.01436233383657688,-0.006877006275415842,0.004239791715583145,0.21201695695317094,-2.0418517924565034,-1.938485743726465,3.1764091246712343
-0.012706641304186098,-0.014358923125357628,-0.006853262995254473,0.004255178489459393,0.21130905352100235,-2.051491933364984,-1.9162141256513157,3.1809918051369226
-0.012771316304873211,-0.014161707094251574,-0.006936060223105344,0.004618779255104894,0.24280016902975676,-2.239496129777084,-1.8756712427397113,3.4954674264847725
-0.012772483026397363,-0.014177608682693068,-0.006918928234696122,0.004591721083128865,0.23538728463189793,-2.224242580506431,-1.8744487122990077,3.466224227362575
-0.012784377156011448,-0.014152980117106464,-0.006921511275238194,0.004640553219906181,0.24388353477890679,-2.251428173155847,-1.8579776951347649,3.507768627012122
-0.012785591962288907,-0.014168884261998143,-0.006904461264645609,0.004613420430109722,0.2358066537313722,-2.2361450282217095,-1.8568750850297244,3.478465009804181
-0.012797410521339082,-0.014144212153727343,-0.006906899294663028,0.004662273659803673,0.24441129359289449,-2.2632492347897424,-1.8402190332405663,3.519947857746161
-0.012798663928193767,-0.01416010574852479,-0.006889953904084639,0.004635090460049992,0.23615788177972452,-2.247944324594908,-1.839227900573851,3.490627121490418
-0.012773816160420897,-0.014193758218630255,-0.006901799322764724,0.004564931692514355,0.234506395705212,-2.2115730261152096,-1.8666714946327694,3.4397600977561624
-0.012749449513802589,-0.01422798085590886,-0.006910794252779742,0.004494040510835899,0.22995561750294238,-2.1740452701231594,-1.8941254964663632,3.386404505293156
-0.012762380380602558,-0.01421897787072842,-0.006897523294485571,0.0045161238954497,0.2304641961955016,-2.1862413134484306,-1.8775487769348214,3.399393339350556
-0.012775327046204417,-0.014210097981590829,-0.006883952235374204,0.0045379159301560225,0.23095497253294203,-2.198221604928314,-1.8607793254146914,3.4120090172025077
-0.012751745218023648,-0.014245364283206963,-0.006890299869415987,0.004466065341369167,0.22680343034419512,-2.160476629586604,-1.8859851625687851,3.357515278884023
-0.012754262219487252,-0.014263444919180128,-0.006868806868672458,0.004437270022984868,0.22346559048222756,-2.1464841939782886,-1.8774759724841872,3.327804964827425
-0.012618331658120383,-0.014573036639458187,-0.006768973188541252,0.0038743758312508795,0.18507136376117536,-1.8532272523370106,-1.9554344053341275,2.8653068062589426
-0.012631372476366868,-0.014543131837074189,-0.0067811433558918905,0.003926521686967954,0.18840980157024517,-1.8805272868936196,-1.9506158644614842,2.90809911301081
-0.012640604855426939,-0.014615745925618642,-0.006692366949243086,0.0038268891214385792,0.17781325446521593,-1.8332099981445864,-1.912253448921904,2.8091290184855247
-0.012613230364595995,-0.014656657103705423,-0.006688547038314021,0.0037515386957764694,0.17374223051843016,-1.7926922119534454,-1.9292716051486047,2.751791117946592
-0.012600000863190318,-0.014701777783974213,-0.006659529817214344,0.003680253436831922,0.16862258097792338,-1.7561220154935981,-1.927174822623779,2.691548190634656
-0.012605305458457334,-0.01474683145130859,-0.006604978027675575,0.0036223101159303093,0.1628250256526784,-1.728788359291152,-1.9031955239370404,2.635238069926881
-0.012656463064303515,-0.01452440605093311,-0.006763354010626899,0.0039699713674311125,0.1893927485718899,-1.9051790143378853,-1.926088618621922,2.935969079248626
-0.013787120539061996,-0.013286205904724733,-0.005441914651251003,0.0062713628727179985,0.2913069512731888,-2.797730734535543,-0.15124429509426093,4.060334544260059
-0.013771257625019939,-0.013282927950127593,-0.005471454011740889,0.006285319888174434,0.29809844820518505,-2.810281971495677,-0.1621312934175609,4.08650282387114
-0.013776774717334921,-0.013298088652978319,-0.005461593638520271,0.006254233651441259,0.29067143201098,-2.796697356841815,-0.1727217709466007,4.059255276103957
-0.013760925383283714,-0.013294759514952837,-0.005491176907952031,0.006268096387833859,0.29718005199594266,-2.8092447987695466,-0.18379460583954188,4.085339410184794
-0.013876725507494843,-0.013249490902525573,-0.005275053481156282,0.006293310640605565,0.2865162631360206,-2.7593733182048967,-0.02117186232668462,3.9776532519253256
-0.013888046541394495,-0.01323790542655724,-0.005253288355325527,0.006308136918059817,0.286922331904522,-2.758249636552765,5.56089262751595E-4,3.9753351358991154
-0.013906620440068183,-0.013242010181047597,-0.005220295888825427,0.006290520300178445,0.28350917368458867,-2.742735879621503,0.01599499274574968,3.9433511540792767
-0.013934969105483528,-0.01323162602290002,-0.005168280804049422,0.006293222268699086,0.2812413668741736,-2.7284589887073847,0.053350102585421603,3.9144971310388095
-0.013925320485508543,-0.013245004628879576,-0.005187208843783635,0.0062748053779260625,0.28029002699230393,-2.727816468177089,0.03220809244002593,3.912813539682016
-0.013984061920478833,-0.013219480019242386,-0.005079738470880952,0.0062862919139447275,0.2762467472513965,-2.6996211383358104,0.11103946020518217,3.857221948683495
-0.014007703756421663,-0.013216666472179296,-0.0050379887123442055,0.006277175398073883,0.273391771075052,-2.683896606420957,0.13536848215143474,3.826262019049615
-0.014032569555226184,-0.013207423386222753,-0.004993282660285504,0.006278172247404615,0.27135302178075443,-2.670401858392396,0.16594809231126761,3.800511068564408
-0.013954117104434487,-0.013234979841466517,-0.00513477529274512,0.006276378315005789,0.27790400009844435,-2.712902518537449,0.0690735893858924,3.882976987521937
-0.013975125609875303,-0.013237866714126882,-0.005098212540722844,0.006259260752229192,0.2744087688588092,-2.6963076496637832,0.08656192603451578,3.8496302447996418
-0.013880475926313664,-0.013263724702276467,-0.0052696969859489925,0.006265573326761647,0.2834346878658892,-2.748324148420057,-0.029420995009362176,3.95481798553798
-0.013813719447360186,-0.013277715080510356,-0.0053924892481394355,0.00627431293788258,0.2911279928957715,-2.785090871204717,-0.11240398351174245,4.033092232766765
-0.01380344744751196,-0.013289738519276832,-0.005412092266608577,0.006257208157818483,0.2903341679812208,-2.7842666020217166,-0.13375315248852404,4.032121954021446
-0.01383052729469158,-0.013281369134891974,-0.00536189310708507,0.0062592524531828045,0.28738305184894314,-2.771625482855432,-0.09740373692656157,4.004266394944316
-0.013857279737379482,-0.013272582915975497,-0.005312478496367933,0.006261666317136555,0.28517497288344557,-2.7589226548342722,-0.0612477251853199,3.977096858266954
-0.013847779961661132,-0.01328512793298082,-0.005330694310141176,0.006243726069614244,0.28427279086272245,-2.7576841672370667,-0.08183475841744749,3.9749212289182587
-0.013873796726410585,-0.013275497994900912,-0.005282827086977675,0.006247835260642448,0.28227488859347644,-2.7458928710854518,-0.046287874206346356,3.949934463372507
-0.014254605135996011,-0.013147317924621033,-0.004609766927106309,0.006232981198168059,0.25020672336773164,-2.5297550834296096,0.39459008438556425,3.542948513140641
-0.014303123398212396,-0.0131447851390768,-0.004531944756347652,0.0062030262134516075,0.24434575715355458,-2.4938808320437005,0.4294775661244075,3.47822942401118
-0.014350375759887152,-0.013134489697219526,-0.0044550843178583245,0.00618548523255972,0.23979996841696224,-2.4616495568304155,0.4686122993041844,3.4222619721740233
-0.014447221400561922,-0.013115466526959533,-0.004301599945280374,0.00614374063982548,0.2302053384149038,-2.3940968853816695,0.5415563120504833,3.3064904455777104
-0.014394968296054932,-0.01312030533925082,-0.004382129303763018,0.006174963752762199,0.2361827696921686,-2.432114480501703,0.5079161953287846,3.372421470680319
-0.014081030956417868,-0.013163342097294134,-0.0049011243779613295,0.006323333562605547,0.27168305202264037,-2.655250471838613,0.24760148640805754,3.775549818258405
-0.014119422521103332,-0.013170948348257036,-0.0048377854811994525,0.006285408172148399,0.26505568547667596,-2.62271347580081,0.2723206904690432,3.712491553250572
-0.014061410631161694,-0.013193764255341,-0.004941104616286948,0.0062838324904171145,0.26959275953273437,-2.6557033869041153,0.20342905697892236,3.7731789544384773
-0.014053271839752102,-0.013220039082349939,-0.004960017730408026,0.006243905066322852,0.26645496495823995,-2.6489593378489764,0.17305849783740176,3.7577587554338274
-0.014157833569313964,-0.013178447622266293,-0.004775440352040338,0.006247706344392569,0.2584571296497257,-2.5905575091906887,0.2958441147231648,3.6509329621852955
-0.01419856699851144,-0.01317798417600408,-0.004708386423967841,0.00622151093083987,0.2532995603875337,-2.560175725249627,0.3270373491651734,3.594368168356301
-0.014240656056694126,-0.013184974062797138,-0.004642038037604116,0.006182090383642717,0.24698509325948834,-2.5259587987374714,0.3514612525288574,3.5305602383353265
-0.01242530440196097,-0.015014010361823031,-0.006543121623419585,0.0031598893869916977,0.140291518940961,-1.4778915887996888,-1.9743443941863024,2.284140783441981
-0.012471411047754259,-0.014980535568841056,-0.006524978113972334,0.0032329229834501113,0.14232665527236993,-1.5207674291188924,-1.9448043926235123,2.333347949433449
-0.012480796915759172,-0.014935591540440628,-0.006562937292113857,0.00329440713735972,0.1464049977619555,-1.5516372392351503,-1.95576521404231,2.3861575054645927
-0.012603383386584547,-0.01479958355395809,-0.006552335531745972,0.003550723049952471,0.15630106865189783,-1.6937386883011776,-1.8849093186330705,2.5699959753790957
-0.012562093877576416,-0.014853736652095512,-0.006549033836108422,0.003453177595063236,0.1522419835386308,-1.6407877175875145,-1.9074016436128363,2.4984347441566617
-0.01252116923051689,-0.014900016199880215,-0.006551469711105594,0.0033667203113416856,0.14885036857349518,-1.592818233967092,-1.9304699898957882,2.4360155324418717
-0.012358538165531943,-0.01522116256891007,-0.006386552867105952,0.002877151048068974,0.12147462136144745,-1.3332118750517588,-1.9350268779323436,2.0518049592279897
-0.01214530900914671,-0.015652626410495758,-0.006104937786828434,0.002304089754220355,0.09232429105642266,-1.031484362785639,-1.8792726448031374,1.606791400942548
-0.012172866761038017,-0.015514783960667564,-0.006237538409381582,0.002446706296745795,0.10205047767638047,-1.099425753626438,-1.9322263883500466,1.7238132626378564
-0.012310382750286715,-0.015326670241777068,-0.006318379833018901,0.0027315821176284584,0.11430653279760995,-1.2570005602441323,-1.923329554601587,1.936729798113097
-0.01226511076834419,-0.015444796740698883,-0.00623036834608513,0.0025815862200217125,0.105171599949002,-1.1792782677525364,-1.90071836801021,1.8168426444978512
-0.01243706615622527,-0.015088573363770194,-0.006446603516605817,0.0030812780014646407,0.13231441868562388,-1.4430656121744645,-1.9281782506089702,2.2086746605022944
-0.012446284544526696,-0.015177669048555756,-0.00633877490387112,0.002987243468446477,0.12317640281015212,-1.4000653276902797,-1.8792165688262272,2.1205302004422144
-0.012185621376261713,-0.015958933133577678,-0.005738133635750371,0.002086071492263516,0.07036098016542779,-0.9434796389575743,-1.7090892093273722,1.415274481838907
-0.012264430478188188,-0.015778206204681955,-0.0058668443185255275,0.002282686888125418,0.07932060007066367,-1.044422629933915,-1.7437017373810442,1.56163542622544
-0.01228155674856988,-0.016131459834532548,-0.00549027501323312,0.0020198116206582416,0.05823995924984713,-0.9293105989256362,-1.5853217598541525,1.3457861792799684
-0.012415778476791256,-0.016330358035366803,-0.005204724262737061,0.001957137087390402,0.04726770502169377,-0.9180390057701692,-1.4465457614623582,1.2802939136283287
-0.012567539339366022,-0.01654442111922322,-0.0049119478546496035,0.0018911662124797746,0.03564119965690118,-0.9028811906665445,-1.3115713749576192,1.213916455128672
-0.017767128108615884,-0.014178006985724868,-0.001615937017059201,0.00316912188668528,0.06332831644679787,-0.8980735487085684,0.5055939029782248,1.0287538505503797
-0.017271164462141716,-0.01381205958043707,-0.0018319816955788774,0.00363005540086957,0.06986446585729426,-1.011799321762059,0.6015432476985535,1.185234614205685
-0.01743265766113197,-0.014055397704349205,-0.0017795553911097678,0.0034038501644456376,0.06634361043947556,-0.974083238888743,0.5350260310352036,1.128127223386503
-0.017752832811832684,-0.01458517696122541,-0.0016644022974622835,0.0029646921419092045,0.05999204870562214,-0.901297180110831,0.4161670158402755,1.0225736670245331
-0.017696715646028573,-0.015028388712373593,-0.0017167326578450051,0.0027569361583469516,0.05403913185536583,-0.9015719498710419,0.32527803396029925,1.0147193533735992
-0.012729973654024269,-0.016777064436140694,-0.004616333589040675,0.0018158832868298421,0.026255662797087662,-0.8804565403574339,-1.183707295479788,1.1465979784441587
-0.012871400613911935,-0.017108151693348877,-0.004279797268874344,0.001674665388377391,0.014901672872319709,-0.8249748685873258,-1.0594127116413379,1.044070794155604
-0.0134357938311178,-0.017764227298119422,-0.003547193510460267,0.0014888541049706818,-0.004562149131021993,-0.7666728339425598,-0.7918225342796487,0.9132627262587664
-0.013150329239694862,-0.017438120961765502,-0.003897663585660667,0.0015833386662655253,0.004549346013834238,-0.7974784821473833,-0.9137745426178441,0.9760028562994413
-0.013884985516437602,-0.017712331084138073,-0.0033489330240290827,0.0016019237301025814,-0.005317802985036251,-0.8232416596255671,-0.683442093327245,0.962090933737458
-0.017314280615172345,-0.016015651883051287,-0.0018914194185375246,0.0023611979315807685,0.03762996869124834,-0.9027783906627221,0.12441085103919622,1.0051160797679286
-0.017555963575357745,-0.015499660082533834,-0.0017912335535957729,0.002560663546474763,0.047188138251009086,-0.903737469462461,0.2297875085621149,1.0109516485347978
-0.01436313303557866,-0.017567517695394375,-0.0031671849322852494,0.0017431191094903241,-0.0029107691707333204,-0.8814443312140126,-0.571418754102747,1.0167760608841176
-0.01701116947153598,-0.017123727589115064,-0.0019006748723149182,0.001865156502276758,0.01544931516898673,-0.8237235733538844,-0.04733930037095651,0.9066635993347429
-0.016841401420313415,-0.01660989834789382,-0.002071594670942212,0.002154244026209198,0.023251370515145975,-0.9053020337644286,-0.01392903915987449,1.0060311608195531
-0.01695237561376401,-0.016302121904651242,-0.002055283747742257,0.0022965768687480664,0.030506133088252126,-0.9283832553222485,0.040775977377230654,1.0344569575926315
-0.016439839134004118,-0.017407089934950708,-0.0021220291373783427,0.0018036913263424182,0.005325392722380615,-0.8404261132746013,-0.14965314877713062,0.9289582377634015
-0.015813699378703434,-0.01753396004885392,-0.0024046222311426215,0.0017904944525203006,-5.11630284963481E-4,-0.8639056161330442,-0.26049382454703696,0.9634537396002073
-0.014888567675869003,-0.017538434679293953,-0.0028934791909922173,0.0017962665798453706,-0.002458880416288835,-0.8948237589703428,-0.44717150553781204,1.0172526491053429
-0.015297226939256024,-0.017404565442811076,-0.00272038644661447,0.0018756700082046824,6.352268634224587E-4,-0.9115270551268907,-0.35465054574012206,1.0296950045451803
-0.016515664787805195,-0.013336011525776056,-0.0022085867503668414,0.004402683275731797,0.09014372807786337,-1.2358547386950072,0.7704152224869398,1.5088962057337165
-0.016710056196289236,-0.013600060493968077,-0.0021422818205965384,0.00409218797533246,0.08047710167911308,-1.1762926655821981,0.6696809311831329,1.41045508481666
-0.016897324586047528,-0.013860072004203717,-0.002071451995727267,0.0038092608222292487,0.07320267708913843,-1.1206255384163424,0.584576359450653,1.323425041001035
-0.016197635847001648,-0.013331909767923372,-0.0024483303924045523,0.004623514796836685,0.09904665119339094,-1.3630254098550907,0.7697967324912334,1.6830273000186098
-0.015664084714833965,-0.012971679991614566,-0.0027797908736375606,0.005339298775465931,0.13553158782422228,-1.6039828103953349,0.9451456082036774,2.0729636390406863
-0.015796551053861435,-0.013133087025036502,-0.0027223035720304396,0.005084197215722508,0.12109104984313292,-1.5412687449809626,0.8568030508408694,1.9579240125959403
-0.015941850346388904,-0.01331784096081997,-0.002657126072140364,0.004813498602469961,0.10888587433847786,-1.473717717171145,0.7669417289754241,1.8421553201090666
-0.015459913171976845,-0.012946802440097188,-0.002969940428454262,0.005534223778538814,0.15057408033826916,-1.7196805573052407,0.9504167671855768,2.2506019519538647
-0.01526798158301156,-0.012967330256085745,-0.0031829707970770157,0.00567439769699516,0.1629002544820675,-1.8375022865819302,0.9171154813822177,2.4267925822154637
-0.015102051896847867,-0.01300525131052009,-0.0033882590540428342,0.005770239892950065,0.17378604475443263,-1.944076099808614,0.8625578316882743,2.5854778456957876
-0.014959427510686556,-0.013051785626448265,-0.00357957428899076,0.005831108206628953,0.18280475141882913,-2.0365639773170163,0.7948858222685509,2.723332454403086
-0.014854541814775,-0.013100200468681196,-0.0037309282876858067,0.005853400234802359,0.1888103768182163,-2.1027473866585358,0.7265207276313173,2.8207459542963345
-0.014492026639792753,-0.013154025277473655,-0.004247612063252303,0.006053719786554322,0.22070089391902167,-2.3502396904070753,0.5321590370846784,3.223770468512825
-0.014761256960397285,-0.013116182099697513,-0.0038587776325807173,0.005904921962366136,0.196353610641257,-2.1650639114666537,0.6824075088075549,2.919614413602091
-0.014681481038536233,-0.013130067098413434,-0.00397130026693411,0.005947079974645073,0.2030334059383194,-2.219126751198264,0.640085290585115,3.0062541172920443
-0.014601004069902362,-0.013147410854701043,-0.004088914257120032,0.005983267493895829,0.2094041464602356,-2.2727414833139883,0.5911305158762085,3.0930461818378094
-0.014545593348404967,-0.013189385269026861,-0.004180898110016581,0.00596395207212281,0.2110910915189386,-2.301992437627698,0.5299198682445833,3.135394534705796
-0.012680724043022012,-0.014385262150466758,-0.0068680192217409775,0.004198094306005033,0.20903024519158148,-2.0202267478872646,-1.9429332096706433,3.1412617870882196
-0.012662432539079303,-0.01443173416367097,-0.006849322288761394,0.004114325027417297,0.20288922826603026,-1.976699318300039,-1.9515139405085569,3.07101715745721
-0.012680045343232619,-0.01441205223569593,-0.0068419671464401335,0.0041556063432153754,0.20488164988294982,-1.9992879430091146,-1.9348312480591523,3.1006564119908706
-0.012671713704507353,-0.014463471990741387,-0.006802643877400799,0.004071173158924156,0.19748984351513674,-1.956772200274177,-1.9281447666147251,3.0242339034887973
-0.012683293856676298,-0.014498580330688564,-0.006749506108176792,0.004024949448965507,0.19150201081309956,-1.9355396264600733,-1.9012068058737632,2.973681672880474
-0.012756512327141081,-0.01428180552745985,-0.006847532231193386,0.004408108309678625,0.22016148084450923,-2.132277144201172,-1.8692818882181215,3.298024964434427
-0.012718033365112647,-0.014344905946570554,-0.006848885874627535,0.004284167899476908,0.2126985542765,-2.067084218053133,-1.9049106435909409,3.2020817325954956
-0.012731760346898402,-0.014327911297052649,-0.0068434216442432305,0.0043192991514876475,0.21441309586418922,-2.0859171571046775,-1.8910076052576479,3.227612839351988
-0.012746918625151633,-0.014311458202876463,-0.0068347832255033275,0.004354361692006641,0.2160299555693104,-2.1048069979357673,-1.8746276749923931,3.2521119308458766
-0.012758272352130295,-0.014298011385513133,-0.006829158626577125,0.004382452038749899,0.21738042137112115,-2.119778385480892,-1.8624192001148387,3.2721069974905292
-0.012705673934733335,-0.014378816412859763,-0.00683502319091667,0.004222980610653743,0.20810439704119696,-2.0355235415287942,-1.9112051822830274,3.1504315253727277
-0.012724786794340638,-0.014367512696818461,-0.006815867923709346,0.004251873850626268,0.20852209190508333,-2.051890635563685,-1.888776397085725,3.1667771626313894
-0.012810416269897769,-0.01413540329229132,-0.006892228926232799,0.004683933663905914,0.24389303251412917,-2.2749714012724964,-1.8223997143362027,3.531955398842148
-0.01281170783991936,-0.01415128625900241,-0.006875378508682833,0.004656716573551393,0.23676457287196426,-2.2596357952805284,-1.8214990835498277,3.5026957095752906
-0.01278698664301911,-0.014185063483387737,-0.006887360604228729,0.004586521142462279,0.23489699618268367,-2.223402321080203,-1.8491958205587016,3.4518899676748127
-0.012800100140612622,-0.014176278109108322,-0.006872950767803838,0.004608134339795906,0.23537268775659,-2.235151831502847,-1.8317039096468866,3.4639933475132527
-0.012813147808624076,-0.014167412522959855,-0.006858573699086834,0.004629751374758841,0.23582962537704533,-2.246813711892927,-1.8142017047879193,3.476059282594013
-0.012788553744909949,-0.014201494448684106,-0.0068694948615728784,0.00455928526018358,0.23135756873283522,-2.2099333008781348,-1.8434020581416244,3.4239329481641136
-0.01276478011667681,-0.014236087510132502,-0.0068772760416616,0.004488549510901815,0.2273478231347157,-2.1728492489352997,-1.8695390106102991,3.370850156640065
-0.012777002750031997,-0.014226433834412907,-0.006865810518515419,0.004511161267966926,0.2280034958236666,-2.18513853069425,-1.854223762318842,3.3847677763402815
-0.012790052014217373,-0.014217863939229476,-0.006851781883638233,0.004532290228017044,0.22840264155577275,-2.1967020432041973,-1.8372874665442167,3.3966229645536488
-0.012768100363372755,-0.014254118566090476,-0.006854658494218238,0.004460136480162371,0.22394631063677298,-2.15909831094531,-1.8600955194060054,3.3410305078718783
-0.012771570453648476,-0.01427332670624818,-0.006830747609081501,0.0044300938972380655,0.2203839068660343,-2.1445459302356107,-1.8501632974977846,3.3096633815265144
-0.012823394270911453,-0.014126553621484201,-0.006877486814465158,0.004705552895997882,0.24367023112957853,-2.286592579530626,-1.8044851024582824,3.543823575225927
-0.012824744859118019,-0.014142445058424316,-0.006860683735238988,0.0046782750816082375,0.2374686847654389,-2.271202082809394,-1.8036781505500628,3.5146073527744544
-0.0126620069548332,-0.014569144536334852,-0.006709355743865865,0.003907482366336997,0.18259502671667763,-1.8754040427547023,-1.90323150351005,2.874034627206683
-0.01268195361772026,-0.01461271691695722,-0.006636305663714853,0.003856638869269772,0.17537429789719203,-1.8527940873696955,-1.8639907477057367,2.816085400164868
-0.012671872877476488,-0.014655616439990655,-0.006607247932898178,0.0037896826403552206,0.17031662036683767,-1.8187917933313316,-1.8612310052400005,2.758756286352637
-0.0126464577531879,-0.014708188728672853,-0.006588981415857043,0.003701017061412019,0.1655008071563747,-1.7725343342766666,-1.8715430652185956,2.6889267709719427
-0.012642726016274006,-0.014763386015190427,-0.006537464899687084,0.003623778998721285,0.15881159284766697,-1.7342340958348508,-1.8556216031384611,2.6193258127578734
-0.012699067668522879,-0.01453901621813315,-0.006685378823307708,0.00397406292010383,0.18480957672835005,-1.9123769765421226,-1.8678724639415718,2.9171058346266996
-0.013766388805557667,-0.013309933366664283,-0.005481223708794281,0.006237053155593351,0.2899581237111945,-2.79553554405568,-0.19419171711526942,4.058038256163699
-0.013750556019033765,-0.013306558565652457,-0.005510840476161318,0.006250815490521711,0.2965124781664272,-2.8080441961427796,-0.20542514353907723,4.084035451260705
-0.01379309559120095,-0.013301692689742455,-0.005431716793923277,0.00624013060349803,0.28956026345117275,-2.783357393289752,-0.15511864969740682,4.031116072387893
-0.01378268708008754,-0.013313585591937904,-0.005451322040877945,0.00622305328692846,0.28881230716182155,-2.782341955268421,-0.17647984648867857,4.030032734861002
-0.01389472602603294,-0.013256629456584849,-0.0052433136207354555,0.006270740178296761,0.28261704794918496,-2.7426149472885446,-0.008660625359460468,3.9429757403436447
-0.01391661317458267,-0.013259299588050326,-0.0052044208899346385,0.006254112113208642,0.27907721337569047,-2.7258080788111663,0.011248440109181856,3.9084662737674685
-0.013943848951121836,-0.013249144255907095,-0.005154830501763978,0.00625712915927592,0.2769193882736472,-2.7124045657914952,0.04686623156404939,3.8814737163302904
-0.0139333055379528,-0.013259586059566173,-0.0051747822692258215,0.006244480458937167,0.27663416317404277,-2.713977405406845,0.027586692591532007,3.884401629630264
-0.013999339236819123,-0.013239959314073572,-0.005056273565348609,0.006241613538090079,0.27059754986064183,-2.6778822213831757,0.10734882879911468,3.81290511023181
-0.01402996428012668,-0.01323685308537975,-0.0050028637725322385,0.006229047868210426,0.267018401672934,-2.6575050423233013,0.13783398826598245,3.773060173551155
-0.01396320090301533,-0.01325381550202734,-0.005121337837714819,0.006238063024640305,0.2734451567915431,-2.696179350988634,0.061472262637013796,3.8486915037458647
-0.013985800876151292,-0.01325794282325529,-0.00508240010254635,0.006218111217036563,0.26958434305474727,-2.6779911864923203,0.07932792781792895,3.8122159290045787
-0.01389071379773365,-0.013276506025558927,-0.00525248859267698,0.006237187112784746,0.27975062050057375,-2.7337375517645364,-0.02956928335371509,3.9247539522271637
-0.013820349445529838,-0.0132935674889416,-0.005381260943706671,0.0062419656426839784,0.2866085671601524,-2.7707520209377203,-0.11860638606254002,4.00309515059686
-0.013810013881275599,-0.013305646572506354,-0.0054007871818163205,0.006224837330044129,0.2858681470718951,-2.769875406688151,-0.13985806293565903,4.002065753217857
-0.013837828034566279,-0.013297639688698244,-0.0053495976379288115,0.006225947382789205,0.28342734383467505,-2.7565927471994573,-0.10284033286460549,3.973198881686875
-0.0138654349625357,-0.013288780833577553,-0.005298990194258418,0.006228166624081391,0.28110178383520706,-2.7435646216884284,-0.06610794953021341,3.945411006580811
-0.013855850731835692,-0.01330182767512203,-0.00531719595152265,0.006209434262260476,0.28012516942507754,-2.742030967047342,-0.08696175429843352,3.94267918778506
-0.01388359436944143,-0.013291816976987598,-0.005266571484415849,0.006213434586835335,0.27803705417974717,-2.7294990928090717,-0.04964762096383222,3.9162192578910306
-0.014285323863540103,-0.013184707012654916,-0.004570907570787029,0.006152409856947253,0.24137631090563771,-2.4928922494153514,0.38241076141706243,3.4703825524225507
-0.014332081096420566,-0.013181998303086574,-0.004497029842761033,0.006124709451631346,0.2361660928094765,-2.459304977269501,0.41545843903222446,3.410464331110132
-0.01437295649813966,-0.013166215458879174,-0.004429668551852996,0.006120582080778913,0.23291818787905805,-2.434278239139758,0.45457764508755616,3.3686634764704992
-0.014429613519609027,-0.013173602422687237,-0.004346032347834546,0.0060694501924961975,0.22536397191526383,-2.390290875973117,0.4812705642637275,3.289897566155642
-0.014098158757824608,-0.013196124373526914,-0.004879123696623044,0.0062566744912270515,0.2640419209896263,-2.627245308434659,0.2323128578858709,3.7182178178461727
-0.014135065504123656,-0.013202992798080857,-0.00481872508059157,0.006221716651646294,0.25809224235534894,-2.596864328760025,0.2561241395832503,3.6598474968671755
-0.014080306634766358,-0.01321935942027428,-0.004913905444919609,0.006228544186964407,0.2628432733512032,-2.6294958000793165,0.1968448890937844,3.720236742028589
-0.014062108097479596,-0.013242795264531902,-0.004948951800816778,0.00619982644657665,0.2617060248943084,-2.631376377196343,0.1609457355847839,3.7218784208225126
-0.014174123717011294,-0.013208542801392338,-0.004755451036024569,0.0061875438392506215,0.25202101708144675,-2.565580540090405,0.28174856316059643,3.600561512717949
-0.014263461303126064,-0.013222267432008073,-0.004614735732346096,0.00610759816397331,0.23895701130239858,-2.494763136911789,0.3349560870870784,3.468635043526237
-0.014218814325834925,-0.013216087135571777,-0.004684565821528683,0.00614646979486063,0.2453950514708886,-2.5297160903090803,0.3085763246587703,3.533303853548565
-0.012492546200011478,-0.015038013947202689,-0.0064371089036198694,0.0031789174035833615,0.1353370315608773,-1.4985778633654923,-1.8988977575932056,2.276585141288857
-0.01266692083040017,-0.014808791677304093,-0.006459147299113525,0.00357829911157031,0.15224822316216044,-1.7149726377312897,-1.813268832042027,2.5674722823439855
-0.012534956629329888,-0.014972349997513013,-0.006456683628675288,0.0032864895268187276,0.13991982632010047,-1.5565319966697149,-1.8856340478782285,2.357413668654234
-0.012632020733381428,-0.014863422779199801,-0.006449026400499213,0.00348578145820881,0.1476377070050776,-1.6658806785512448,-1.830360898364466,2.4985970615489226
-0.012589490472638356,-0.014918588501057359,-0.006445984356273991,0.003388819136400666,0.14356882487850342,-1.6134854166527293,-1.8529845881141773,2.4283862752190024
-0.012458062854759411,-0.015299868243865112,-0.00619474587024304,0.0028632228801735117,0.11121026635622043,-1.3436227711558464,-1.815701945739898,2.0082861850057263
-0.012308850174314257,-0.015588001404760098,-0.006031880545139599,0.0024787749887957744,0.09277624728847765,-1.1414329625158297,-1.8005326730490643,1.7177932271215235
-0.012404861370455928,-0.015441286273064283,-0.006098363518212499,0.002683417244403218,0.10132550114295301,-1.251351837604986,-1.7965553124369789,1.8685910016835792
-0.012514852517914135,-0.015117100017832126,-0.006326537250112043,0.003102087717688901,0.1261495462394909,-1.4653349918446492,-1.844124652397204,2.1994603727349795
-0.01253900622459487,-0.01520670740178983,-0.006205400638080131,0.003017218343839011,0.1172514996758861,-1.4282793108543388,-1.7862438317259877,2.1177276530737643
-0.012585602016795904,-0.015295952117070548,-0.006063515371669746,0.0029495967950798406,0.10693664973665483,-1.4014284983601442,-1.7131523387835037,2.043884434116609
-0.012390745138693997,-0.015937604017616916,-0.0056000817864195395,0.0022338516692517935,0.06777451617344366,-1.0414829825613034,-1.6017451361141297,1.498471247427659
-0.012463076228280343,-0.015746185904346916,-0.005730176883683233,0.0024379361247886745,0.07763920666500791,-1.1451033757460118,-1.6311211294222723,1.648952648307155
-0.012526390589705949,-0.016111110463984283,-0.005327719214927327,0.0021762827507423106,0.0552126221604981,-1.0297093125096601,-1.4652070882610062,1.4303395434617878
-0.012681416465040035,-0.01629829112665859,-0.005045051974622481,0.002115444642563805,0.045231568758173836,-1.0147683471128095,-1.3294794098637848,1.363854123876368
-0.01287144157711272,-0.016510335870632848,-0.0047353622107000415,0.0020486694429091307,0.03395843772625141,-0.9952267298201171,-1.18824233596515,1.2936938802535234
-0.017382334841354506,-0.01437153293994959,-0.001847263674564687,0.0032494294993968818,0.06180252953596239,-0.9873208759516806,0.4549235015982695,1.1342973576066646
-0.017074224529048623,-0.014118108576410177,-0.002000292859832286,0.0035510612566377136,0.06764696632414606,-1.069557034740897,0.511720307424151,1.2468694524687398
-0.017292974654681735,-0.014760482775319713,-0.0019281150426230936,0.003065129314243613,0.05675074706598975,-0.9965547154744329,0.3586904107649685,1.1369770566966315
-0.017171687233380306,-0.015168401399097853,-0.002008033616836389,0.002874773479727111,0.05064188440305132,-0.9994391061925071,0.26095280944993077,1.1325557883652113
-0.01307006888055208,-0.016764223213926118,-0.004410395332803198,0.0019528269566425713,0.023147042078999813,-0.9594289584615657,-1.0552347291118869,1.2111070367567855
-0.013288547094010969,-0.0170558948413734,-0.004072128522012723,0.0018384395512276738,0.013281997435380178,-0.9146447107617618,-0.9280876647735626,1.1231632565118577
-0.013571050174357172,-0.017382275757886305,-0.003703850365369497,0.0017195766808385364,0.0036690950776071267,-0.8684079420300229,-0.798318016632439,1.0387082575993993
-0.013956960228173415,-0.017294128549122087,-0.0035332218871528434,0.0018436220582672884,0.0045441356955358584,-0.9239787467229131,-0.6929856745349737,1.0886711149996915
-0.014246280218120215,-0.017112614265163462,-0.0034528214311010086,0.0019932415180688094,0.007995397915255633,-0.9828723154958852,-0.6170377959050326,1.1498010156163394
-0.016796656530058626,-0.015953954849873348,-0.0021834248018948663,0.002528676518298621,0.035785640203806375,-0.9921661764791548,0.07271699954421164,1.1162013375580193
-0.017001128466132383,-0.015576151223174513,-0.0020952271694636305,0.0026928573783807953,0.043190057279606626,-0.9978802548591886,0.1640771289645165,1.1249228195833252
-0.014602723047213276,-0.01712704204348489,-0.0032286588957544074,0.0020172831078647644,0.007342300699634002,-0.985050365958864,-0.5162339775853287,1.1390132828166735
-0.01647553324232567,-0.016846434752413292,-0.0022253866345699415,0.0020888961581102578,0.01706831901192807,-0.9162814695780498,-0.09374444789386438,1.0211282117827443
-0.016573025099197638,-0.016362742237658486,-0.0022582968527489443,0.002341396566443171,0.027548758831192312,-0.9735241697486813,-0.020586324219554423,1.0914263107174815
-0.01599515210441172,-0.016967981072656152,-0.002462393108499754,0.002081143849451461,0.012890386179575788,-0.945531790791046,-0.18794569993652718,1.0608104356231032
-0.015526123667149692,-0.017032732889204216,-0.0027124916202482256,0.002079318406147559,0.009678629640259825,-0.9713630303818123,-0.2861617305338518,1.0980593162986192
-0.015022039767750149,-0.017070871776544972,-0.0029980928964088755,0.0020670671679765347,0.007976878341445887,-0.9894935999385751,-0.40480807551967274,1.1318220473253142
-0.016357480675521594,-0.013615229010886049,-0.0024005980129393786,0.00429806144706069,0.08769991468076889,-1.3020426713341637,0.6547467194351269,1.578169155503158
-0.016541128425732146,-0.013893080922410967,-0.0023216440031996956,0.003984620253989865,0.07772493204352425,-1.2336016293961365,0.560002023189198,1.469478282865072
-0.016722918326201992,-0.014165568705650474,-0.0022354722708858017,0.0036977069465776798,0.06928822243729554,-1.1681959225357288,0.4803294856138544,1.3718429696275003
-0.01600816203788372,-0.01359942449449222,-0.0026782561946663143,0.0045273855459657475,0.09775660056450787,-1.4411499730527755,0.6370247346130237,1.769859794376883
-0.015580893429441774,-0.013136080784534834,-0.002927312494152283,0.005246893969611873,0.1331390151827754,-1.6541129189156447,0.8396236289231015,2.122439492237205
-0.01570053222695412,-0.01330119244378915,-0.0028702048098603367,0.004999300274359872,0.12043488693336578,-1.590000456912174,0.756741298983152,2.008728309016117
-0.015791437254086854,-0.013471043636171293,-0.002836130656089513,0.004779332932616057,0.10972576365242273,-1.54158830259865,0.6764870988548836,1.9206644188394826
-0.015395750412413194,-0.013133695839328795,-0.0031147037367451305,0.00539215939051614,0.14352365288740884,-1.757329522584506,0.8206986264570769,2.2773215155533144
-0.015210785391680262,-0.013132817148612847,-0.0033153176718642113,0.005536589104322761,0.1570450339643729,-1.8673950224865143,0.7913160589489081,2.4450911172912733
-0.015059735361431776,-0.013153760411993844,-0.0034975190591397935,0.005628758805424581,0.16744954913244225,-1.96042978781413,0.7438635586203085,2.5854576887762097
-0.014816836579431121,-0.01318129469154,-0.0038086743867433923,0.005777472213371733,0.18565835651421317,-2.1157332163038496,0.6510462258500739,2.828242431792363
-0.01492583942550503,-0.013187685882280647,-0.0036723753636925364,0.00568838355871467,0.17525473895412333,-2.0425855470354457,0.6822988640804509,2.709775750436761
-0.014486149175273785,-0.013208074698173793,-0.00427236032918349,0.005978808616724929,0.21529191277639484,-2.33917719291823,0.48373348670476063,3.1960351942712673
-0.014732542863339929,-0.013187750163162718,-0.0039217516165604045,0.0058310863817503875,0.19266825691449677,-2.171723128024136,0.6146647491948727,2.918249297499106
-0.01466484882338706,-0.013192392354011834,-0.004014847125346664,0.0058740464492589035,0.198142025262979,-2.2175790102010198,0.5826844657124574,2.993203539224345
-0.014610345450474651,-0.013230874775698329,-0.004101805468851506,0.00585963873290931,0.20034732567592703,-2.2460990488322867,0.527715776300211,3.0346766896828536
-0.014541307991719779,-0.013253289990743744,-0.00420531629766109,0.005875693458124626,0.2046948529602763,-2.2877509134197744,0.47587461380014423,3.101434972508646
-0.012836344393790973,-0.014117663230499854,-0.006862664499921192,0.004727143660305813,0.24449432351865796,-2.2980899782738198,-1.7864520471557537,3.5556152453197156
-0.012837770726301085,-0.014133573424273155,-0.0068458851708114304,0.004699775293265636,0.23796739111481022,-2.2826480100774504,-1.7857749825719107,3.5263618375908083
-0.012703739498957395,-0.014405679671758903,-0.006811328851226077,0.004179565222674242,0.2040437122940986,-2.013960962732966,-1.9052636576823268,3.1098662260050998
-0.012697954483500147,-0.014438141990396742,-0.006787910349495311,0.004125738985683024,0.19954039556222578,-1.9867940064726102,-1.9023910174716119,3.0615397003590634
-0.012725317457704053,-0.014508863273470765,-0.006676219409847739,0.004034144267407543,0.18732698079675078,-1.944719372530188,-1.8447914414398145,2.959520349780752
-0.012708862356609509,-0.014473481285199624,-0.0067359831869236155,0.004078000512163831,0.19336451471648994,-1.9645301425968016,-1.8768302822115965,3.0098572424522163
-0.012773819602427058,-0.014293594209820766,-0.006807910971323528,0.004397942032865177,0.21683770635579822,-2.1288467805123656,-1.8417868095147762,3.2772130312993446
-0.012740772546408553,-0.01435193478593562,-0.0068055682035857825,0.004285674632657526,0.209854383238505,-2.0702348955847323,-1.8715939884601427,3.189602088098756
-0.012755517814635143,-0.014334646624855996,-0.006798570594200187,0.00432150650555901,0.2115407480944703,-2.0893726707278204,-1.8562489523158632,3.215015937767522
-0.012771971138459686,-0.014316432439762357,-0.006789333225898199,0.004359754875705955,0.21323876223830934,-2.1097921646947326,-1.8384376177032435,3.241600905738573
-0.012728522867092508,-0.01439317498444683,-0.006784807512159609,0.00421340993391068,0.2042266363710634,-2.033349056790249,-1.876023873264897,3.127704649058358
-0.01274909265666338,-0.014377277808518907,-0.006767820277695821,0.004249954278381168,0.2052368696944015,-2.053413107005404,-1.853107667817805,3.150396435150858
-0.012826230222773615,-0.01415857263481953,-0.006843961407319824,0.004651238846138624,0.23621928024770478,-2.2583312511942695,-1.796506045886218,3.487894458925363
-0.01280180465782628,-0.014192810186588493,-0.006854920752231844,0.004580700742242371,0.23175931707506914,-2.2215810549297696,-1.8258851707117174,3.435797790276309
-0.012814827245061333,-0.014183827537381793,-0.006840857118930938,0.004602411459640693,0.23224248298406472,-2.233271198859921,-1.8086445589714606,3.448020574828012
-0.012827837748675719,-0.014174870576607946,-0.006826637159282354,0.004623972993948387,0.23272551641736053,-2.244807264243027,-1.7912849319052986,3.4600248813166323
-0.012803680859253047,-0.0142097458244968,-0.006836211671955985,0.004552842069655705,0.22866994097764773,-2.207938907899416,-1.8192914482369407,3.4074481137998984
-0.01278033335835169,-0.014243887753369391,-0.006843869149885663,0.004483584952733078,0.22467107401690242,-2.171778307989408,-1.8451057619028128,3.355783982676934
-0.012790783507764641,-0.014232631319914152,-0.006836850868418004,0.004507790772525072,0.22582665823498244,-2.184619128408092,-1.8327555796513455,3.3723622271688343
-0.012804687766847907,-0.014227660726478984,-0.0068180831194043145,0.004523113855262893,0.22544630227174642,-2.1932782390334986,-1.8138432462980292,3.3780065525893765
-0.012786004827085366,-0.014262679848166274,-0.006816857391246232,0.0044552181953984886,0.22106119385909903,-2.1582114004452184,-1.8323418602219765,3.324639414071194
-0.012790800810402911,-0.01428438070978369,-0.006788707063257752,0.004421873199914783,0.21704570055981967,-2.1420774303027277,-1.8203063228202383,3.289431963680759
-0.012839368030767328,-0.01414976257036994,-0.00682907618062021,0.00467259573761258,0.2366293411340014,-2.269701505291646,-1.778590157521048,3.4994823781000632
-0.0127211008121885,-0.014586455252563798,-0.006606116533351997,0.003917521333619657,0.17697417476446242,-1.8868883697640606,-1.8258974985677252,2.8528083697262367
-0.012725944067816726,-0.014639872593108866,-0.006546694760736425,0.0038438424005584476,0.16933581303707765,-1.8510936986324256,-1.8035495150451035,2.7823185635824
-0.01270771909182713,-0.014695691173761781,-0.006517159969708558,0.003755186220876516,0.1633963377433936,-1.805886243610589,-1.806401646246707,2.7099054474634534
-0.012691378710478372,-0.014752420107716055,-0.006483070829468965,0.003668088288084636,0.1575880235346144,-1.7615050156444296,-1.8058344734344456,2.63790706849784
-0.012751529947403455,-0.014679825716303318,-0.00647192566399187,0.003802316897618261,0.16323590378056768,-1.8328996499516728,-1.7618907679104983,2.731900341759327
-0.01274622386083186,-0.014546647842304186,-0.006608326694857505,0.00398991037245154,0.18056164292169893,-1.9249229875551415,-1.8076072112763735,2.907106021064384
-0.01375596768691254,-0.013321746822625559,-0.0055007965209064764,0.006219807150461294,0.28918484641165815,-2.794239041246417,-0.21565983200845265,4.056670690049372
-0.013740149634885988,-0.013318324985389799,-0.005530446237519666,0.006233475916167255,0.2959890083820344,-2.8066929811085637,-0.2270321178971143,4.082577272390193
-0.013772240634554568,-0.013325435998368837,-0.005470874989337362,0.0062059325219503995,0.28808611656066446,-2.7811952590575735,-0.19782764198973404,4.028821995007078
-0.01379958215127533,-0.013317612192862286,-0.005420363094319269,0.006207824189855737,0.28515074495648607,-2.7689502633490437,-0.1611002811963396,4.001082044367685
-0.0137890959931452,-0.013329489507478262,-0.005439915797252688,0.006190859159122369,0.2844451749995763,-2.7679334927504247,-0.1823097019004198,4.000052347620478
-0.013909850604915298,-0.013276531861994269,-0.005218293280262004,0.006227041345396895,0.276996331788156,-2.7205713020518556,-0.010137518531490917,3.897640764322279
-0.01392992570353701,-0.013276079143470492,-0.00518261530423838,0.006217118622409096,0.27428648331956595,-2.70701282970272,0.010274877965634798,3.8699951474865038
-0.013948991192797149,-0.013267779770676695,-0.0051480542766313,0.006221403696328557,0.27295401115302825,-2.6984714465019377,0.03592124505625675,3.8528770091293123
-0.014011346702687614,-0.013263237661399488,-0.0050389236917132004,0.006194446136616689,0.2651654158846815,-2.657218999187141,0.09841079431736544,3.7709274813038465
-0.014041650774560413,-0.013266413622304468,-0.004987494077086696,0.006171662554882182,0.26073696983299693,-2.6342002829609075,0.1228548341863308,3.725695105514913
-0.01397165815280494,-0.013274990699973207,-0.0051092232293779875,0.006196324135700307,0.2687366499296726,-2.6787074569165985,0.051548172308451955,3.8129984283373584
-0.013994134651705448,-0.01327778704793125,-0.005070562020079551,0.006179033574103055,0.26527768837618315,-2.6616070798282125,0.07028672241157144,3.778916895183719
-0.013902981848138521,-0.013294197467960345,-0.0052321549186458765,0.006199197821512951,0.27488529978515325,-2.7149828437896915,-0.0318027776009211,3.886270257697197
-0.013827549601645917,-0.013309942754391067,-0.0053689536466139534,0.006208575186953994,0.28265048284052985,-2.7556663376340462,-0.1239983102125944,3.9719648874029088
-0.013817097676255378,-0.013322044658055074,-0.005388491759183538,0.006191514739042381,0.2819205630954515,-2.754797121066631,-0.1451599590027803,3.9709924221882305
-0.01384566398370631,-0.013314508844419736,-0.005336328433071975,0.006191532144824798,0.27928960575467654,-2.74093998672408,-0.10811689381165442,3.9410092212565573
-0.0138745445831496,-0.01330599168333104,-0.005283841876142798,0.006192617374249933,0.27681352532865167,-2.7270686172155867,-0.07067921516215801,3.9115542933986585
-0.013864378300940153,-0.013319277304387039,-0.0053028960679967685,0.006173828489775702,0.27588006472418697,-2.725730930415238,-0.09208664260497955,3.9092864942792116
-0.01389421859437135,-0.013309988082692622,-0.005248998613352812,0.0061755898514198075,0.2733420469976116,-2.7115764869846863,-0.05368635300996449,3.87952607523544
-0.014318056116670877,-0.013226957457300625,-0.004530359002537794,0.0060644215537861415,0.23163086651646903,-2.453596973568026,0.3678209937787323,3.393795887128976
-0.014377909975486304,-0.01321734913627218,-0.00443610109020191,0.0060392409168257425,0.22639670690808542,-2.413893771776729,0.4136723851032555,3.324684859864806
-0.014434965144701556,-0.013229009220952182,-0.004353503607425397,0.005983124447336713,0.21862534331104372,-2.3692908497004947,0.4377779556566742,3.244922122321001
-0.01411234723140401,-0.013228032196755543,-0.0048616860622008274,0.006194214720929667,0.2571535506834309,-2.602187311132155,0.21589588866090845,3.6673110554319233
-0.01414850722808475,-0.013235861446287035,-0.00480322868712977,0.006158867533535637,0.2513866687549229,-2.5723904694587865,0.23812497389752665,3.6102285683701187
-0.014090508809040322,-0.01324373420700829,-0.004901154574748125,0.006181239024518243,0.25806753077787165,-2.6105819754636315,0.18426081409846726,3.6818586226291403
-0.014075907743493777,-0.013268267997417767,-0.004929821728081817,0.006148659087920137,0.25580509020223646,-2.609178831302421,0.1510472210743339,3.6772304040429202
-0.01418882014001011,-0.0132451167020965,-0.004739250596653471,0.006118640298712703,0.24488433082247493,-2.539353657239676,0.26138308105835856,3.5477085152073298
-0.014161566092019219,-0.013265640473820306,-0.004787509680081998,0.006102056312230322,0.2458599633028758,-2.54990539726792,0.222988403929183,3.5651746272756215
-0.01428756277725486,-0.013264028834042527,-0.004586249272512798,0.006026511202670612,0.23059616188027174,-2.461421611563225,0.3163947462173797,3.4031411843493458
-0.014234635833564732,-0.013256554051541214,-0.004668037320058754,0.0060716197519570005,0.23779847651872155,-2.5018391341811657,0.28548877658224375,3.4773783759247157
-0.012732988620833507,-0.014806164363280718,-0.006374663240470021,0.0036206142502452194,0.14928609380715008,-1.742137131075544,-1.7439296526819568,2.5768409741105813
-0.01257168644688434,-0.015055514373436718,-0.006325112432237595,0.0032108505064241968,0.1298803346293005,-1.5253482791112152,-1.8165392030914698,2.2758821144066204
-0.012703859834093065,-0.014869155316971491,-0.006350960100625074,0.003521811372326961,0.14358094661675017,-1.6911362470109375,-1.754182988620251,2.501007270703521
-0.01262183095849316,-0.014992244023168611,-0.006330126230939057,0.0033183993121236725,0.13433127818030297,-1.5835061200678362,-1.7929480145427952,2.3526949087868196
-0.012666694543700905,-0.014930884863688279,-0.006336776314009511,0.003421534763079204,0.13865326843500655,-1.6385290945203967,-1.7709181090554387,2.426856165362928
-0.01256043729588467,-0.015417866413337818,-0.005967279942169479,0.0028071018730603946,0.09780185127253944,-1.3304615282833903,-1.6872207017610397,1.9308168550573122
-0.012526246684928806,-0.015570555888442108,-0.00584787267593584,0.002636606315505259,0.08799230973857676,-1.2460067352214867,-1.6554396978871868,1.797815490324523
-0.012603447838077068,-0.015137024027676034,-0.006204552217272365,0.003136254017825132,0.12099019492074707,-1.4932884251595746,-1.756298454331133,2.199642624200965
-0.012620615721055429,-0.015217333252503221,-0.006104385264037916,0.003056482687534779,0.11284897332293556,-1.456613001278207,-1.7124553951843418,2.1249405162171757
-0.012657283183763614,-0.01535756252951179,-0.005926866798613964,0.0029273356410027033,0.10135792208314601,-1.3979818976499232,-1.6335524021431436,2.004402597580115
-0.012679986852689387,-0.015275245246858166,-0.005982411625736288,0.0030279920968343537,0.10599054708604201,-1.4480926782992503,-1.6426811732509148,2.081076639381689
-0.0126648641000436,-0.015702974597687363,-0.005591472190804385,0.002593156084549934,0.07531445632309637,-1.2384492156030937,-1.5152315421655578,1.7299594914228387
-0.012623320793513207,-0.01589977331289309,-0.0054454076739657966,0.0023982330767155,0.06531754771187476,-1.142682730675079,-1.479180683391674,1.5855909085726065
-0.012769328963032836,-0.016068728850128486,-0.005175047208398744,0.0023329919314362953,0.054036927009171946,-1.1221541865957552,-1.3471859606829761,1.51077439268526
-0.01293163415321483,-0.016249350894549635,-0.004898692084426871,0.002263280091560082,0.04348803771065987,-1.097514980574737,-1.2185668319256253,1.4366891580470857
-0.013171249295282782,-0.016419751052625862,-0.004589708776478236,0.002225651523737455,0.035065222281995274,-1.087322325960889,-1.0725887825264062,1.3809639729800147
-0.016903290829419625,-0.014518835327299657,-0.0021509646796542374,0.0033788780582950134,0.06153648621422601,-1.1026433629546817,0.3920622873721729,1.275322977058522
-0.016919100633516468,-0.01488206143573281,-0.0021581413829397955,0.003141474929272545,0.055706519931906395,-1.0751384875894712,0.30123966978991795,1.2327391920425463
-0.016712250369148956,-0.01519241030415372,-0.0022886331905488232,0.0030188695098847256,0.05008554432497103,-1.0946417292846018,0.20656626426804783,1.2512111288308592
-0.013407938012116101,-0.016680037225702687,-0.004242795254867645,0.0021137216483386313,0.023933280947142508,-1.0398336320274826,-0.9349790409201363,1.2843470126823338
-0.013660495638568443,-0.016962560196379387,-0.0039000932060175735,0.0019893227185940627,0.014208967695446271,-0.9856477673722411,-0.8122773818346537,1.187555126260384
-0.013451412611153724,-0.016396890690628836,-0.004397196929183568,0.0023287505334046764,0.03168032519309256,-1.1371197895374816,-0.9507740397993201,1.4153967621885477
-0.014007824063290661,-0.01686711189110471,-0.003729103732801916,0.002116213285612172,0.014260568911229439,-1.0379045258861568,-0.7001602733216171,1.2336024625161948
-0.0143339856536071,-0.016797538293595024,-0.0035480823581273764,0.0022042578557722927,0.016305250086602645,-1.0670907215335816,-0.5948390882629832,1.2538635688247732
-0.016402721859413123,-0.01603034572432564,-0.002409804636019997,0.0025734026037109647,0.03376511429355392,-1.0464017144944249,2.960789530385369E-4,1.1838284953395624
-0.016458922679123147,-0.01558921076786374,-0.0024274583735270183,0.002838873703756804,0.0420880620976467,-1.098857694881362,0.0873425320675054,1.251829045595451
-0.014663289173812356,-0.016659369439555954,-0.003388036042059683,0.00232042908531952,0.018613149265304597,-1.0993797484098071,-0.4886775349194163,1.281825497192106
-0.016083904812329814,-0.0163884533048692,-0.0025434973373326055,0.0024105165400159392,0.024966311652842223,-1.0342338760350354,-0.10875304498584669,1.1694372146832086
-0.015622228735334736,-0.016571255337689668,-0.0027876470943988016,0.0023524055929625477,0.020027333623330947,-1.0536619340116211,-0.22649499527980196,1.19890914657382
-0.01515430810320055,-0.016663086164919766,-0.0030600515476095643,0.0023212092647006857,0.017960062766701732,-1.0746570639962985,-0.34875248089819366,1.2347311693991256
-0.016535667361047536,-0.0144159828787345,-0.0023915268536401453,0.0036126685665183365,0.06690071520986732,-1.2096182666920643,0.38776851526991446,1.417527292891825
-0.016175343886188367,-0.013930081636965325,-0.0026060853633316857,0.004157253786763449,0.08295018200819008,-1.360103692528265,0.5150345045920418,1.6361663855074586
-0.01638652428669834,-0.01418760648248542,-0.0024781825945593317,0.003849246998068567,0.07320297383331743,-1.2709532801783887,0.44481030774533276,1.505796228780129
-0.01587557138071981,-0.013876835224200303,-0.002848613537869663,0.004365213778204217,0.09293790428808503,-1.4770930995858846,0.49903060912519953,1.8009759630133682
-0.01593742335499226,-0.014084608536398951,-0.0028240570684190075,0.004153365637705037,0.08438873029760582,-1.4350992605300286,0.4222165521971254,1.7300060764973921
-0.01573565415804242,-0.013671454601722347,-0.002936252753919472,0.004630236838719445,0.10300950907620428,-1.5551428117923687,0.569869946412409,1.9231366957685985
-0.015467579853180008,-0.013330891882028306,-0.00310837980214472,0.0051349507322434535,0.13043976030091586,-1.7091018055190617,0.7094830381334453,2.1789942740741157
-0.015588459784648876,-0.01349413408666608,-0.0030341158692942694,0.004890421230618351,0.11691571527765111,-1.6360153322435462,0.6374502076916464,2.054811545227588
-0.015292710623681606,-0.01326649828883893,-0.003271873643620558,0.0053273124731951045,0.14448548017685814,-1.8093104320803943,0.7188229980562123,2.3364898860226417
-0.015330021288134111,-0.013378656391417783,-0.003266547111846761,0.005180106265154396,0.13339470837917683,-1.7800260740604683,0.6553110455419279,2.2785134258949995
-0.01514934440393468,-0.013271566668507118,-0.0034335698104061767,0.005425055687654479,0.15277771576961283,-1.8930587892360309,0.6836251945510071,2.4636065676775694
-0.014776811543740411,-0.013242401743103371,-0.0038804694504945606,0.005726851551533255,0.1836744607102462,-2.1313164473321233,0.5896540041027661,2.8439797468880132
-0.015010963539936268,-0.013273455835594097,-0.0035964151165104315,0.005521634842373447,0.16245844155402864,-1.9761025190850356,0.6458361408980758,2.5920548736813718
-0.01484935946992814,-0.013259004327099824,-0.0037917608133441402,0.005654041449476483,0.17571608800211802,-2.0807739426269403,0.603721641222919,2.759272444920837
-0.014921495829375228,-0.013284695462157492,-0.003709003154789686,0.005570977993243016,0.16911798524884733,-2.0304434086107173,0.6105640961302142,2.676279812091575
-0.014473179968096321,-0.01327105371565089,-0.004308070049748988,0.005895738724819423,0.20978055637034831,-2.3294772221349316,0.42537010930934743,3.170241523788557
-0.01469402223454747,-0.013264162992210142,-0.003996772845740368,0.005755942274883645,0.18931414250139775,-2.181477117832829,0.5395754695741969,2.9223028695262383
-0.014605191978949213,-0.013301479745674888,-0.00412820707891938,0.005765120712403519,0.1937939647798801,-2.2312552045344165,0.4701885886618054,2.999513875419115
-0.014527388029119745,-0.013318871740237699,-0.004241616757263096,0.0057916176630487875,0.19949334737119703,-2.278120524402556,0.41729560594031634,3.076198104284614
-0.012849266508138675,-0.01410873220903958,-0.006847767302520939,0.004748698114616833,0.2459290999210786,-2.3094464828926724,-1.7683185712364262,3.567351489242389
-0.012850762863295909,-0.014124649629995533,-0.00683103874955475,0.0047212431421247624,0.23824730102382038,-2.2939939097979707,-1.7678044793088095,3.5380127516378224
-0.012862160483752988,-0.01409976064731136,-0.006832806444903247,0.004770199993410447,0.2471239876315052,-2.32066745430344,-1.7501228358525536,3.579000494407886
-0.012863702785189099,-0.014115665958699506,-0.006816180972830541,0.004742685873757969,0.23850143117881265,-2.305246751491983,-1.7497746511909844,3.549597507000114
-0.012852483458895473,-0.014140889220039395,-0.006814134886626004,0.004693944579540719,0.23712602720586354,-2.2809760917553166,-1.7606000828468027,3.5109902719745834
-0.01273049105146072,-0.014423377109667198,-0.006752162776203752,0.004167345151237526,0.19938220861040848,-2.010849197895208,-1.864219277445809,3.082505304491096
-0.012729311030087299,-0.01445256353897964,-0.006725401699099803,0.004121669834489676,0.19528276104711104,-1.9882068392368377,-1.857018041058715,3.039809777134295
-0.012768124320150688,-0.014514939493748977,-0.006606395627348455,0.004048981728801765,0.1836614811270025,-1.9559506442578105,-1.7897406257826234,2.950347249271934
-0.01274558360718191,-0.014479266586920642,-0.0066745912834531166,0.004090145496807879,0.19023527148231353,-1.9743048077760903,-1.828193808331411,3.0010920931090457
-0.012793799889139507,-0.014307642240891177,-0.006762142561290696,0.004385403675484629,0.21295437576292842,-2.124240051549688,-1.8104906752533878,3.2525321067073505
-0.01276546143186391,-0.014359306430639691,-0.006759069756102363,0.004287379985104503,0.20684908526076348,-2.0734016103734043,-1.836036925559581,3.176301538012259
-0.012777268754039471,-0.014340631309066269,-0.006757909089110821,0.004323520034825947,0.2089113865882594,-2.092271657238401,-1.8249220706181855,3.2036113770268946
-0.012796249973735567,-0.014332302633207769,-0.006735224765925603,0.00434678085406124,0.20877969987682235,-2.105284923212775,-1.8011902874153185,3.2141695881114303
-0.012757397192562697,-0.01440614936540254,-0.006726979327224886,0.004209125272733359,0.20016796393448502,-2.034017358510118,-1.8338671548430596,3.1065360842622556
-0.012777834128264094,-0.014384388562056457,-0.006715658999387566,0.004254265669605256,0.20207475915793907,-2.0581031274096464,-1.8127199660882793,3.13737837404043
-0.012841094716503,-0.014166176847372279,-0.006811607859335746,0.00464509518785955,0.23313271565968954,-2.2560542323533883,-1.7733863149755908,3.4713428451181163
-0.012817037501774578,-0.014200805090378146,-0.006821708276151352,0.0045745442108598355,0.22912647241107834,-2.2196285633367707,-1.8017639830245658,3.4194769855403426
-0.012829436040970605,-0.014191106865994622,-0.006809359665323179,0.004596976995129191,0.22977823586546656,-2.2315348784216322,-1.7856547668829716,3.4327725039398937
-0.012842669012063662,-0.01418245064662091,-0.006794501802767917,0.004617936415248949,0.23016068978807788,-2.2426904064204147,-1.7679743262075192,3.444004179260119
-0.012819683988893028,-0.014218874035379055,-0.006800857989829909,0.004545259508745673,0.22579623261629908,-2.2052828226435186,-1.7941384120227528,3.3894206919415963
-0.012801809761295593,-0.014248442792330316,-0.006803792229055845,0.004486903489175793,0.22221012179480784,-2.175127363042984,-1.8132330158117322,3.344929379720949
-0.012822090117504147,-0.014238569852492415,-0.006778975231218444,0.00451337965886113,0.22220392797523666,-2.1896210574309998,-1.7865105444032514,3.3571164635589565
-0.012807303679948739,-0.014273026483802364,-0.006772064109521403,0.004448914298783646,0.21761433113202502,-2.1566879266850516,-1.7998398373515838,3.3048273067336535
-0.01281230641016834,-0.01429601476977338,-0.006742746838539479,0.004413711322978936,0.2134718382618843,-2.13956390140013,-1.7876559060822477,3.2679239875849713
-0.012854440278018802,-0.014157479895197812,-0.0067962807507494435,0.00466615379004245,0.23352210981914392,-2.2671823525150248,-1.7552412893065374,3.482448177803184
-0.012772090250798562,-0.014581705338039253,-0.006536840979140071,0.003952999623344502,0.1742433654617854,-1.908861710245594,-1.7663672101138277,2.8595273124777805
-0.012759604459522829,-0.014614836716920352,-0.006523117922451624,0.003898447535154282,0.17089249926383013,-1.8809628826301588,-1.7717222078734456,2.8158212815252734
-0.012774942219125774,-0.014649258113584647,-0.006468458692431309,0.0038580255977561516,0.16546301788627668,-1.8622920017357132,-1.744167688110901,2.771386097164445
-0.012759412169702134,-0.01473815838600287,-0.006404935210614789,0.0037265151743414845,0.15557933386659606,-1.7963979372846224,-1.7357853013587015,2.659868848598918
-0.012790065093150057,-0.014693769150264083,-0.006405176858842535,0.0038040921688099845,0.159398523640002,-1.8368787472849235,-1.7143536248386062,2.715565225712203
-0.01279164265562648,-0.014548907477869188,-0.006539395605613735,0.004011384130933559,0.17753862409513818,-1.939153329176204,-1.7519049033628902,2.903122919500849
-0.012811293845438757,-0.014578743534928957,-0.006482822096660621,0.003978192326122357,0.17222727062032955,-1.9240126987142951,-1.7208404327817566,2.862558977226157
-0.013745514169514361,-0.013333534115950424,-0.005520307205410362,0.006202485605555878,0.2883772058717928,-2.7928004442526544,-0.23712732689182872,4.0551438838238605
-0.01372970633385655,-0.013330058657620065,-0.005549996544839405,0.00621607560606072,0.29549768674037186,-2.8052059974364276,-0.24862941391520807,4.080958115009806
-0.01376176954706798,-0.013337266200375467,-0.005490351635463472,0.006188721335504439,0.2873717940551233,-2.779893560968372,-0.21916091862822376,4.02743560706653
-0.013778589593691227,-0.013341327182305246,-0.005459384882333033,0.006173837146205484,0.2837368752084497,-2.766772285583396,-0.203487646784553,3.998865369735898
-0.013806556432251314,-0.013333972321166515,-0.0054080658047314595,0.006174674358243263,0.2812226491856824,-2.7539139719733536,-0.16626110759931986,3.9701308912228144
-0.01379598146459432,-0.013345774545139457,-0.00542758013334804,0.006157938803917314,0.2805417439006126,-2.7529513818425024,-0.1872819662612846,3.9692426832951884
-0.014054348191643784,-0.01329420657462598,-0.004969950718322315,0.0061173407151609155,0.25493260668282397,-2.6113739485882665,0.11073228122930294,3.67982938784369
-0.013924189239615449,-0.01329650501300994,-0.005194783193831719,0.006184073893532546,0.2715395233790013,-2.6993052152499857,-0.012440494064194384,3.854210424163258
-0.013952008056628546,-0.013293062907599308,-0.005145570740015641,0.006175424857974389,0.2684338816489403,-2.6823036729733123,0.017711028807069342,3.81978392214354
-0.014016229353139257,-0.013293121873945114,-0.005034528884992401,0.006140436279473903,0.25984780979426186,-2.6382250492244776,0.07777802363595099,3.7321556154078377
-0.013985813261244805,-0.013299556139096605,-0.005087539655942782,0.006145996318186871,0.26276347485695056,-2.655695407350527,0.04436841530880243,3.766441098603696
-0.013915787545672093,-0.013314051858220308,-0.0052111071928932495,0.006157452668265096,0.26974330536651125,-2.6948284465241907,-0.03519151310138633,3.8452092685128467
-0.013835175822758068,-0.013326838098112345,-0.005355857987818592,0.0061742746537407555,0.27854213677511064,-2.7400806140772835,-0.1292827762721451,3.9399598733731516
-0.013824563155590447,-0.013338891888684715,-0.005375479170790295,0.006157434161384153,0.27785229777805526,-2.7392909127417657,-0.1503429895836412,3.9391923010926617
-0.013853720049412202,-0.013331898454406054,-0.005322657745972042,0.0061563327261570525,0.27513718833135664,-2.724931998810955,-0.11344365731266583,3.9082702779135787
-0.013884046098364175,-0.013324414012848703,-0.005268061157255525,0.006154998408623747,0.2722343600501093,-2.709711953182037,-0.07580347671042716,3.8760945106431675
-0.013872734091607686,-0.013337257956214285,-0.0052889044443466615,0.006137635806394611,0.2715399926955913,-2.709339569795358,-0.0977831662073836,3.8758634938873917
-0.013905134363012725,-0.013329835784929585,-0.005231038013918728,0.006134966545699474,0.268551350074585,-2.6926577136859837,-0.05864427659799915,3.841072671913549
-0.014345684377442096,-0.013269118736750244,-0.004497755257422838,0.005981614411454336,0.22339346291243947,-2.4186380450719454,0.35064885843094534,3.3262991474993435
-0.014408077813057515,-0.013274825605621536,-0.004404938445195818,0.0059328233588555905,0.21601482942403202,-2.3732231294344577,0.38448715416360585,3.245381215910925
-0.014118763176345268,-0.013268004860623333,-0.00485826606602565,0.00612385333796902,0.250327216516718,-2.5790843806534003,0.1869140639159144,3.619797723571676
-0.014088067411893274,-0.013294453455412625,-0.00491344573686622,0.006097818859561582,0.2504870319798316,-2.5879284359831036,0.1393378744071922,3.6346472958833105
-0.01419526790317902,-0.01328801570408354,-0.0047370346725835065,0.006045504689508533,0.2384506710030178,-2.5163005878003486,0.23040397453710912,3.500662193059068
-0.014152337314549901,-0.013292589759185338,-0.004807256929511473,0.00606364553805445,0.24258119345011697,-2.5442617368488767,0.19331712793132347,3.5522273973699883
-0.014311321906344652,-0.013304224505414936,-0.0045577751000038195,0.00594945668857047,0.22329434561769906,-2.429442369984563,0.29973881731571994,3.3412853195198293
-0.01425221712638073,-0.013305050821240061,-0.004649733875546235,0.005984183593490148,0.22948667446556145,-2.46973350428701,0.25816383382937863,3.413620366550027
-0.012806137258973888,-0.014803562735486981,-0.0062805416693971486,0.003664262537312829,0.14594587822390362,-1.7689725973700454,-1.66773048086098,2.5839429732627788
-0.01277829945931413,-0.014869306013914127,-0.006255132886574223,0.003563606479287097,0.14012096471840332,-1.7176927200029162,-1.6782144655145637,2.507180363516668
-0.012661939924197375,-0.015077564075126025,-0.0061963756790143825,0.0032408239880105075,0.12442138465743575,-1.550137466244627,-1.724577768971453,2.269928956414997
-0.012746569650069442,-0.014936576877659006,-0.0062313003630553145,0.0034608019786521553,0.13465281197314327,-1.665012373018569,-1.6900078807378358,2.429970546163588
-0.012706477452400076,-0.015005374525527242,-0.006214163410786289,0.003353230294981698,0.12941335712591015,-1.6090949855123917,-1.7071672242590663,2.3515199707324475
-0.01270621075448942,-0.01548909651161779,-0.005751599994108665,0.0028201163553756327,0.08907599609273008,-1.3505930858224695,-1.554019474314465,1.9026845513475352
-0.01269752586737738,-0.015174758510224942,-0.006060159778722785,0.0031494611162372864,0.11426439749610998,-1.508938194264934,-1.6605707604697242,2.1791958712167125
-0.012759319500779505,-0.015354098870288086,-0.005822902287764528,0.002987378309155596,0.09732078089133166,-1.4351074504413708,-1.5538931702402248,2.0257972262612935
-0.01275957482636449,-0.01525176620155041,-0.005917709630510583,0.003097947709542385,0.10468611042653739,-1.4885496875494864,-1.584059436031399,2.1155942285873715
-0.012830561065721113,-0.015623215046731531,-0.005508594810112511,0.002753561659407022,0.07765967351135894,-1.326206208208565,-1.4276799770133746,1.8188029381413557
-0.01285590073081653,-0.01583503396297748,-0.005302107053233265,0.0025707783177451524,0.06419697125063156,-1.2401160338828536,-1.3573480642391316,1.6741021728717806
-0.012997311045906464,-0.01601881333970785,-0.005029416997944222,0.002474764325101087,0.05261267021491173,-1.199661083771242,-1.2339947723550766,1.5778655459364515
-0.013130151091512766,-0.016150877232148128,-0.004818950596781639,0.002418052845407444,0.045840879761841466,-1.1756104927989415,-1.1382582261138678,1.516215344431827
-0.013337124868001147,-0.01619788481147653,-0.004619336460341323,0.0024497689860373015,0.040942651200934536,-1.1925673516530013,-1.0274039512841424,1.5094273803560438
-0.016516425896029058,-0.014769342483261484,-0.0024219619403651887,0.0033722571967578397,0.05873427146598187,-1.1851225316292666,0.2847274041701171,1.3740424960636306
-0.016215625630750845,-0.015131860503116342,-0.002628579982052588,0.003221011774155906,0.053085580311378264,-1.2144751740322104,0.14518730758742435,1.406257968618572
-0.013742525847638114,-0.01650448163103554,-0.0041149240173028595,0.0023191125075855408,0.027342556380427874,-1.1297520978636335,-0.8182686903500888,1.3761914624713614
-0.01360319233704701,-0.016213410258771804,-0.004396527294759312,0.0025101055632173776,0.038345033180373515,-1.2181990529455515,-0.8993459320694166,1.5100166374806487
-0.014106696793636679,-0.016531348411332775,-0.0038360269167122675,0.0023618099547483167,0.024527075407805948,-1.1396339764641346,-0.6760921535065417,1.361743477644776
-0.014379996139474566,-0.016522648480335418,-0.0036444793941623798,0.0023977616539162037,0.02262895191785204,-1.142783578239332,-0.5784923537970771,1.3510853854728737
-0.016053493975511736,-0.015876324427171056,-0.0026578565495138343,0.002744108161278262,0.035681062332788845,-1.1270356092931226,-0.039034549086588315,1.287933192417646
-0.016020722969665998,-0.015481475076601199,-0.0027371010137363368,0.0030246300249848726,0.045479299790833205,-1.201653563449142,0.029266009690264418,1.3868642920565892
-0.014547284835521012,-0.016365052761304382,-0.0035924574693029384,0.002522782907422449,0.027158053045577703,-1.1845699405342516,-0.5155582310620151,1.39654849519595
-0.014859820737716615,-0.016332936471367247,-0.0033773276877755386,0.002552636938472576,0.027195111370874187,-1.176117840015861,-0.4096011107441231,1.373881389219427
-0.015671836517054876,-0.01609101818417216,-0.002874892194920844,0.0026628822688339808,0.03166430196779035,-1.1452012841540389,-0.15694029012102143,1.3145807897500108
-0.015263049732964705,-0.01625219950630394,-0.0031168077949883886,0.0025938867107439365,0.028086854975845097,-1.160017347290113,-0.28264044576875597,1.3414118362449943
-0.01624993688807746,-0.014481024829424111,-0.00260560893631912,0.00369070855490691,0.06875978676243183,-1.2881777515447677,0.33159791067447836,1.5169547682655542
-0.016094965974610118,-0.014240228307339297,-0.0027097918330032233,0.003948666034558974,0.07700847611405294,-1.3628023598429337,0.3891289375567278,1.6259508812237087
-0.01586828953238826,-0.01423469220037148,-0.0028978507395469354,0.004058191002677668,0.07993412917064503,-1.4414555814180015,0.3530402436581882,1.7332480668832804
-0.015629775880748393,-0.013890820975821144,-0.003074321366171591,0.004485206657123035,0.09941936033960713,-1.5773463987040195,0.44859731396484454,1.9395969232257044
-0.015745968934008994,-0.01407653028003181,-0.002990637294079302,0.004255027372840842,0.08881588119728769,-1.5059458191357555,0.3918673853147161,1.8289894344417779
-0.015500323108985204,-0.013704756710705113,-0.0031685241973028106,0.004737084425622418,0.11128219906625895,-1.657568596517425,0.5106221551230491,2.0669950817524883
-0.015372601642837175,-0.01351640825106498,-0.0032579248128227632,0.005006600987328524,0.1263951190278315,-1.742271554637151,0.585095002975884,2.207715859121461
-0.015212499799956104,-0.013416444025243486,-0.003404920879828481,0.005218288167187046,0.14088426359956766,-1.8393175130947694,0.6061449552798953,2.3631526390795408
-0.015079994451090954,-0.01339259674395335,-0.003549332102054764,0.005333123629260795,0.1487674071232605,-1.9174645616970327,0.5858769139424115,2.4858785638077703
-0.014784584831014436,-0.013337191385610021,-0.0038972607503268276,0.005598085906517571,0.1749376131917786,-2.1062708175559224,0.522279798898238,2.7895343357165534
-0.014948526708605839,-0.013370418984220887,-0.003699943594712802,0.005447142888446765,0.15955949054944948,-1.9985366951985226,0.5594977933072811,2.61404083189972
-0.01487279000290086,-0.013332912281592007,-0.003783597635534895,0.005544375430281897,0.1686832190331204,-2.052180655452135,0.5595403185459573,2.7041418583700367
-0.014451132327445803,-0.01332877454880664,-0.004353599037970942,0.005825817176346047,0.20577923726560823,-2.325963270105127,0.3674186690922782,3.1567711439144444
-0.01467943911384308,-0.013352920503643548,-0.004039863723503374,0.005646364829723,0.18191547033530822,-2.169423389274758,0.4665634029700398,2.89063797324202
-0.014589175369352843,-0.013372748702648964,-0.0041672680419362436,0.005676923364149454,0.18827152627546342,-2.2218868660674427,0.40856976297547104,2.9748996868944295
-0.014506035086785161,-0.013384166420476662,-0.004286069011024082,0.005712254430127579,0.19460355283075922,-2.27179670041081,0.3562859885331944,3.057680568576607
-0.012865502597978343,-0.014131898224489485,-0.00679931143666057,0.004715348134676501,0.2376805418248118,-2.292181213864104,-1.7426600690684293,3.5225256704483727
-0.012875026190632995,-0.014090748636029148,-0.006817788918045609,0.004791639313991061,0.24743659532411458,-2.3317747615919036,-1.7318853275508295,3.590510431783555
-0.012876590668898694,-0.014106634017109453,-0.0068013015360708405,0.004764086283708477,0.2389384782649492,-2.316393728786316,-1.7316840524223391,3.561107147501922
-0.01287839461765943,-0.01412280910061528,-0.006784640688209233,0.004736762940559371,0.23822127917905625,-2.303297180635065,-1.7248076461582065,3.5340683727540276
-0.012887863498982953,-0.01408169626641203,-0.006802709645571429,0.004813023425548064,0.2472573092311201,-2.3427864038196473,-1.713591501128713,3.601866981651732
-0.012889447383920359,-0.014097571543314367,-0.0067863514662519905,0.004785423539379239,0.23958517479445743,-2.327416388849453,-1.7135196326209832,3.5724962066137196
-0.012867645045369141,-0.014148538969861325,-0.006781260405816572,0.00468745969349417,0.23396571839865873,-2.2783331024008233,-1.7372274466760824,3.4938012364349267
-0.01280916053461112,-0.014521338005451065,-0.0065393155921781585,0.004061310452590197,0.18027935760217972,-1.9650128464327035,-1.737726213314307,2.9397718754495905
-0.012766021236564281,-0.014444553107018528,-0.006676824441107102,0.004154341115726882,0.19374120815850013,-2.0078191798424467,-1.811917310158879,3.049938538823078
-0.012789728165225528,-0.014484354789528144,-0.0066029999375416875,0.0041064699086388766,0.1866270871287271,-1.9860178716060684,-1.7711432029785625,2.992042193145323
-0.012819043276168458,-0.01432235552327495,-0.006707686281466915,0.004374328938810651,0.20866158077225472,-2.1205089943489974,-1.7724902822053858,3.2263041839766164
-0.012796915287597995,-0.014361141398638044,-0.006707302963949244,0.004301023542068215,0.2041571145345518,-2.082728102497679,-1.7932128148161282,3.170331188668445
-0.012818452322664087,-0.014345693035458212,-0.006687265516404773,0.004336579096163121,0.20521338835917594,-2.10177301883238,-1.767986774616253,3.190921032651644
-0.01279240956855626,-0.014414093878608942,-0.0066648792174763575,0.004215476201449332,0.1966574164845347,-2.0400993096033004,-1.785824579367018,3.0922849328345356
-0.012805719898868563,-0.014388345782212741,-0.006668101718701952,0.00426258329470415,0.19947591383941246,-2.0643271653845106,-1.7747901480721464,3.128804827002534
-0.012856447153028493,-0.014174318179704602,-0.0067781062537277175,0.004638138780013349,0.2304255808535073,-2.2534085809598348,-1.749293961866276,3.454049334719428
-0.012832868697115292,-0.014208689927346705,-0.006787780515618977,0.004568764680040326,0.22640470895147133,-2.2177498923445658,-1.7771977945306003,3.403260315015205
-0.012843330016263754,-0.014197175891004766,-0.006780321506624522,0.004593175212999504,0.22761233070993087,-2.230435615346479,-1.7642730718891069,3.419710443342504
-0.012857995115346417,-0.014191169668747587,-0.006760713571504617,0.00461009954798176,0.2273092646953321,-2.239563808600576,-1.7441354853168136,3.426070461761872
-0.012837991596918077,-0.014227734499121784,-0.006762116366208211,0.0045391308911327055,0.2227811279980805,-2.2033432840841445,-1.7660468658513582,3.3713663723218024
-0.01282561960704632,-0.014260999571639163,-0.006752791059887989,0.004477800695602365,0.21819573998960531,-2.1722116606239967,-1.7767488913965366,3.3207074617790755
-0.01284296745031582,-0.014249046208556923,-0.006734779800946109,0.0045059232527062355,0.2187860903933978,-2.187137342807137,-1.7547916683697544,3.3363126111395434
-0.012831450341356021,-0.014283853789914897,-0.0067225173324754915,0.004443003641435311,0.21396753126861165,-2.155310345245582,-1.7637875507078355,3.2837577464508096
-0.01283160299409239,-0.014304812164761718,-0.00670331959068121,0.004408898542738484,0.21056729301307914,-2.1384127074415162,-1.7592069050325165,3.2513211825005435
-0.012870075364265444,-0.014165611660180199,-0.00676232664521548,0.004659136310759708,0.23080868145674427,-2.264409752790011,-1.7308348459761385,3.464863912547545
-0.012809275375418552,-0.014615871070481127,-0.0064511790899713034,0.0039237409481318935,0.16770961928630393,-1.8971222842866433,-1.7135311293731024,2.814141638664727
-0.012829134333661002,-0.014666670386057496,-0.0063761461018832745,0.0038622903202196472,0.16065835539851844,-1.8678969089568154,-1.677989646800124,2.7490953390131954
-0.012836330414703499,-0.01473582296890775,-0.006302700130817378,0.0037707407137842768,0.1518133238798615,-1.8231120148317612,-1.653167060059426,2.664389524152822
-0.012878024583611904,-0.014805789552132097,-0.0061836025346037405,0.003697983382924447,0.14220944402942615,-1.7891926536817742,-1.5925911067908924,2.582536015570689
-0.012830473825817212,-0.014555589069072243,-0.006476275173822806,0.004021791408778229,0.17431121651262502,-1.9467099436043884,-1.703826834743183,2.8923821941049184
-0.01284909893405054,-0.014590910209041708,-0.006417015153129029,0.003979913120974746,0.1687806692642859,-1.9270317882796346,-1.6735037899520406,2.844926870607988
-0.013735029435390468,-0.013345296657126434,-0.005539753306986805,0.006185086019827019,0.28758305180323473,-2.7912145066577168,-0.2585898501990807,4.05345536777767
-0.013719226219359807,-0.013341759466093658,-0.005569495006718971,0.0061986113357983515,0.2948180634395213,-2.8035936235119028,-0.27022983428098285,4.079179104696112
-0.013751278550004084,-0.0133490899513391,-0.005509742675808989,0.00617139272538991,0.2866572718187362,-2.77842422317365,-0.24048171231542306,4.025847643070777
-0.013724509564620882,-0.013357031114611284,-0.005559141273044057,0.006167616621151618,0.28685697806894656,-2.789482646754195,-0.2800412145925368,4.051615967393409
-0.013708709395206253,-0.013353427294859523,-0.005588943146146572,0.006181081708066878,0.2938592667882946,-2.8018560581801406,-0.2918362128625981,4.0772524765110125
-0.013768086388189278,-0.013353182074920165,-0.005478727179205248,0.006156643897283386,0.2830099896753859,-2.765414972656815,-0.22465036330189259,3.9974134519812936
-0.013785436791075198,-0.013357567599463329,-0.005446921152898927,0.006141068233793169,0.27984956755812723,-2.7517947619777545,-0.20824147461053136,3.968090754023222
-0.01381388400538492,-0.013350679256589504,-0.005395095610199605,0.006140966411214492,0.2772038966920574,-2.7385315634448997,-0.17124875154125815,3.9386208156108524
-0.013803203895114415,-0.013362271116626592,-0.00541459703847896,0.006124713620159847,0.2765772613786038,-2.7377197489663825,-0.19198807588351977,3.9380709490476646
-0.013713947109532108,-0.013368733110807813,-0.005578484362448367,0.006150088316119646,0.28618947102813497,-2.7876106590217167,-0.3014793840707893,4.049640810774587
-0.013698155965600397,-0.01336506202826845,-0.005608338561359969,0.006163488834067215,0.29282994122119976,-2.7999859361925012,-0.31344137571013725,4.07519397234558
-0.014072225048007873,-0.013325227062220536,-0.004944029674350594,0.006055403116721279,0.24752835611622867,-2.5836669940920065,0.10063558988370001,3.62464998018337
-0.014031881599094853,-0.01331934232963761,-0.005011062280798639,0.006087284764070429,0.25384172951374945,-2.6138890419957304,0.07030498347767812,3.6835632192710928
-0.013940385069993531,-0.01331651255544758,-0.005168124136428913,0.0061405226291830544,0.2660681366705196,-2.6769652655348786,-0.01282259071494144,3.8088775682412934
-0.013968735389686984,-0.01331958033341691,-0.005119105697442824,0.006120477163983799,0.2617581948950803,-2.6563137234784864,0.011849391787922952,3.767291092625239
-0.014000065888385838,-0.01331961223219233,-0.0050652177681539635,0.006103896248233847,0.2578594199670217,-2.6351993652618706,0.04129386131907639,3.725346045439307
-0.013928073302642077,-0.013334737012371768,-0.005191079959858896,0.006114917607917227,0.2646176762883521,-2.6747063469078896,-0.039631890902087706,3.8044454512644776
-0.013843002551361847,-0.013344149730148613,-0.005342383828281808,0.006139385435785248,0.2744331679089424,-2.72421204282217,-0.13454456212732166,3.9075522106370486
-0.013832206249565437,-0.01335609095836563,-0.005362122042344195,0.006122889543815071,0.27378133083647965,-2.7235541360322597,-0.15547012108252248,3.9070937379297024
-0.013861710159499852,-0.013349824724484692,-0.005309094310319825,0.006120474796898991,0.27084521064385214,-2.708753292392412,-0.11924138287468554,3.875333795392958
-0.013893422420199815,-0.013344211423180444,-0.005252563203254175,0.006115323684134477,0.2675825145557877,-2.6917781784813646,-0.08196612356990564,3.8397355508745474
-0.013879191715965647,-0.013353970904915812,-0.005278186793090417,0.00610487251817477,0.26793472503942845,-2.695065889897241,-0.10425648297446607,3.846996205637822
-0.013915258216826841,-0.013351612320263676,-0.005214573031443104,0.006091723983354565,0.2635506354375963,-2.6732639172572514,-0.06578752789460775,3.8018739378074398
-0.014365970533989199,-0.013333675752105159,-0.0044805819559491375,0.005871273224787437,0.21362920767286647,-2.381255161460708,0.3118389997019842,3.2524234775008543
-0.01421001938551569,-0.01332655569657588,-0.004720067372262112,0.005975261505204513,0.23139076663006194,-2.4895590277304236,0.20992951553970438,3.4478639893170664
-0.01411879769400773,-0.013316688458236121,-0.004865859847633454,0.006043555832207412,0.243566119529772,-2.556177139480288,0.14667163454063972,3.5728209890438984
-0.0141672758319632,-0.013324603324542226,-0.004788141128396075,0.006003090624880822,0.23678931189616262,-2.519363938084433,0.17906641000679469,3.503240032052893
-0.014098181378362867,-0.013348279967337362,-0.004903852184484377,0.006003080077298882,0.24140297258714685,-2.5547259172416195,0.1043984963507639,3.568336761438214
-0.014300550155146426,-0.013352513727857285,-0.004583259936951088,0.005881854977174888,0.21805485951808798,-2.4178499918937164,0.2539180259323621,3.3154483138214736
-0.014242818941847061,-0.013355004178749795,-0.004672958555566111,0.005911523523512431,0.22422571227106217,-2.455385671259119,0.21153853616132237,3.383062139500734
-0.012851905088674554,-0.014866220805009218,-0.006163268427108303,0.003606185735764863,0.1372488544017947,-1.7428818148159968,-1.604857802843801,2.514088543666491
-0.012828418142110417,-0.014934208826531209,-0.006131063821495944,0.00350781129137257,0.13151587980629223,-1.6934058669136416,-1.6106611651636664,2.438781310895909
-0.01275300044586102,-0.01508968634021351,-0.0060775646156097885,0.003278810130260801,0.11998217603180124,-1.5765195479364273,-1.6377694335607418,2.2709139394622295
-0.012795668468798059,-0.015010531719321693,-0.006100927127158903,0.0033964822815522803,0.1257382450066157,-1.636930953299595,-1.6214282841876215,2.355955577838048
-0.012881400889043743,-0.015435856988420546,-0.005622032212849063,0.002964095571704681,0.08800103176187934,-1.4300750815702918,-1.4398121092371754,1.9717939797456674
-0.012806121587572088,-0.015176754149247221,-0.005935002590441958,0.003206752205981028,0.10966512384973504,-1.544838291221083,-1.5664586507907658,2.1916975541178894
-0.012854921604355318,-0.015278100243559148,-0.005789091183487266,0.003118683031999586,0.1012107131738522,-1.5039205856356352,-1.4989400739888958,2.103815127925446
-0.01297772498739743,-0.015556241568688204,-0.00542267219940559,0.0028868157892264954,0.07795122588979869,-1.3962300852330602,-1.3425198073841649,1.888503331311919
-0.012978181876642642,-0.015691463575844347,-0.005310768764722313,0.0027568189904860997,0.07136152941321493,-1.3338279226688214,-1.3137770795460497,1.790396660961267
-0.013084577415188994,-0.015826004626932438,-0.00510539310092076,0.0026768920377023783,0.060440168668758155,-1.2978851185239344,-1.222213821835448,1.708393681093887
-0.013220451595799605,-0.015992681843064484,-0.004860925227555299,0.0025810124780089485,0.05105404625393344,-1.2539895931451364,-1.1158490601898718,1.6160159270144838
-0.013446292277210989,-0.016013697791620072,-0.0046540718672898615,0.0026336526020964107,0.048317883432868663,-1.2770520094233377,-0.9933888291187628,1.6149526214913223
-0.01608782796241193,-0.014757512687034223,-0.00273635527445774,0.0035428880473050233,0.06221428222099785,-1.2997898795824592,0.2213847149424185,1.5260469356795463
-0.015906157893321102,-0.014955106665500267,-0.0028708749650662086,0.0034512451549773017,0.0598449698320308,-1.3186776888788125,0.12985552107935042,1.5471111685322203
-0.015804575185032282,-0.015226824859691008,-0.0029272480657720995,0.003268646667350287,0.052412070963242643,-1.2947267572927987,0.03744679228207121,1.5121268610864969
-0.013646898422180115,-0.015999668317287358,-0.004492450300645687,0.0026963714201558176,0.04529067840472292,-1.3002901698856875,-0.891913000506541,1.622525762288617
-0.013896129266830952,-0.016161316252768673,-0.004192347884574687,0.002611689077414409,0.037456495084197024,-1.253410564826525,-0.7682722439164679,1.5314145130085381
-0.014260024459723086,-0.016237121991940686,-0.0038661086600052562,0.002599204868708032,0.03215383300188502,-1.2317391318082762,-0.6161764962447007,1.4747023439116804
-0.01567632687556811,-0.015608057971637222,-0.002969765326928172,0.0030078692657928246,0.043928955291106235,-1.244396296597661,-0.0756185776153759,1.4443948236331567
-0.014573293666878448,-0.01607318742332261,-0.0036922653135091693,0.0027460959918933665,0.03572520698242423,-1.270027113088178,-0.48830162987291065,1.5083675121407976
-0.014327528052450687,-0.016006961598308674,-0.003918117915200916,0.0027879252368648664,0.039613111213187925,-1.3045281450233677,-0.5808005742930669,1.5699973805650678
-0.014957699347425045,-0.015984722846804612,-0.003424002116504872,0.002809565565366396,0.03629793064266323,-1.261270300721833,-0.34415706669947704,1.4810128744246311
-0.015332014970620159,-0.015849818557361874,-0.003176731103201469,0.0028803294658613014,0.03836527858745439,-1.2474788392192975,-0.21011897949629235,1.4530443024009871
-0.015398779831285332,-0.013915364947731546,-0.0033026662125337294,0.004581583209023281,0.10592318408087786,-1.6719521616477777,0.3835984422667756,2.073443703486926
-0.01589815696985948,-0.014472241181084937,-0.0028851618600073026,0.0038446897211468043,0.07285515005631772,-1.3980551585655296,0.2751171324407609,1.6643902122757945
-0.015664932428470432,-0.0142998526970024,-0.0030803808619623003,0.004091461178694136,0.08358370761629598,-1.5025659654574506,0.28606172776727173,1.814748869813611
-0.01552127898320411,-0.014103573865220707,-0.0032012371032879325,0.004337438494717704,0.09376199205013601,-1.589420739838946,0.33038959125931905,1.9445845951331504
-0.015277173710937036,-0.013740007365930394,-0.0034038587876808316,0.0048274430703340795,0.11901625191602039,-1.7572431267672457,0.4386159929415552,2.21005347187582
-0.014733448836150825,-0.013412361225916984,-0.003981995169065175,0.005533200960678168,0.17241745575189066,-2.120137782353404,0.44844416006096405,2.803204316877194
-0.015134025399301575,-0.013569497701282145,-0.0035291839791319617,0.005096478333835404,0.13494177029888232,-1.8590574858114217,0.49245005046205387,2.3762629636657384
-0.014976170106113611,-0.013472833063156272,-0.003691572885350649,0.005305596180904456,0.15258433662390142,-1.9632300073510742,0.5019982928410425,2.547058352055205
-0.014851045945177777,-0.01345122285341519,-0.003840127386308616,0.005410058700112382,0.16135070884008654,-2.040504731654842,0.46997038981015354,2.670466350701797
-0.01442569249266206,-0.013390229735392837,-0.0044028198432313976,0.0057517233961683414,0.2013647952000798,-2.3215753139252198,0.30550191127439286,3.1424268583817803
-0.014653950648437622,-0.013433708331744943,-0.004091822198345051,0.005554021088913039,0.17767985247035148,-2.1635592718299814,0.3966781521217759,2.871465824335434
-0.014563047358982248,-0.013445345474116062,-0.004217760351843971,0.005592523817397123,0.1838240420335401,-2.216372247166737,0.3427364358622808,2.9577733592707265
-0.014479771335672525,-0.013449029773232783,-0.004335041103857454,0.0056356396469888145,0.1902911877260344,-2.2667348571544017,0.2942520488853054,3.042541453147401
-0.012900672279216817,-0.014072603630183415,-0.006787558396969144,0.004834366886573458,0.2475562226098298,-2.3537001285331995,-1.6952188794201202,3.6131035252337314
-0.012902292565814466,-0.01408848061577103,-0.0067712965946328885,0.0048067005261237744,0.24023022173943984,-2.3383098927402917,-1.695265684860842,3.5837357184245175
-0.012913452405312715,-0.014063470817168196,-0.00677233476874427,0.0048556702699039484,0.2484009046963058,-2.364502525075371,-1.6767755229484174,3.62423977822141
-0.012915124041059621,-0.014079345832301386,-0.006756152856575256,0.004827941352380207,0.24073244925444182,-2.3490870045410297,-1.676917752958073,3.594850100485257
-0.012880580485692275,-0.014139359136260786,-0.0067667595842481965,0.004708955430575788,0.23447527660898357,-2.2894794066830357,-1.7195241092579614,3.5054409984694175
-0.012891207327232368,-0.014113697044335008,-0.006769975629736291,0.004758081558071615,0.23870258942707798,-2.314276758228758,-1.706951944066773,3.545485476160286
-0.012893246393524892,-0.014130087362734705,-0.006752650816375098,0.004730396390841628,0.23503138948510102,-2.3005068550130745,-1.7021052230589166,3.5171347970864404
-0.0129040375665151,-0.014104613449614117,-0.006755106545828552,0.004779254264841528,0.23915041601468748,-2.3250969500890126,-1.6889394436380722,3.556660519748109
-0.012926203763119731,-0.014054297909219787,-0.006757047393496206,0.0048769214939904946,0.24900293558818087,-2.3751899606015243,-1.6582888115856038,3.6352478231528536
-0.012927924661111659,-0.014070161663340908,-0.006740953447811174,0.004849149566485303,0.2412105246404115,-2.3597529445458174,-1.6584866566216707,3.60586772184907
-0.0128832272873554,-0.014156377579850056,-0.006747668239532501,0.004680717001176806,0.2313159455293031,-2.275588454617886,-1.713035883532399,3.476474523858507
-0.012843574290023103,-0.014527823517915628,-0.006482364654407451,0.004069214251624941,0.17726141713430305,-1.9708903098770976,-1.6945115492499034,2.928792947784736
-0.01283162041948586,-0.014494664845521303,-0.006530418934766291,0.004112603605930931,0.1822927006210896,-1.991723508045407,-1.7167242036359271,2.9748426717677465
-0.012817858873359312,-0.014451366698508345,-0.006591010369845955,0.004171178740001892,0.1895013041810656,-2.0199389135627333,-1.7440325939199481,3.0365093681652118
-0.012841597421336726,-0.014320365668260393,-0.006673123281958503,0.004388573680427693,0.20727348073142612,-2.1289310920638123,-1.7423277168947358,3.225962006523827
-0.0128402537633689,-0.014342227318082901,-0.006655592226766294,0.004352840896119749,0.20395308135534765,-2.1111611826362746,-1.7394607703197007,3.1930804809370343
-0.012831696457038699,-0.014372251494405644,-0.0066419909852747355,0.004300978426419681,0.20016265384080384,-2.0850128231339373,-1.7443355849828328,3.149549901863029
-0.012829519487245271,-0.014409531517016202,-0.006611435444500632,0.004241509459205067,0.19455505609715815,-2.055407229870411,-1.738967184742771,3.09529267217596
-0.012872601127342538,-0.014183184156623702,-0.006742819820386248,0.004630219048594779,0.2275556090229798,-2.2501475916322167,-1.7243679780748538,3.435418681737589
-0.012854712990548517,-0.014213213060085767,-0.0067469062498761445,0.004571315634227856,0.2238608078854296,-2.220168388189388,-1.744917017230541,3.391086522316356
-0.012874828365428173,-0.014202220348441692,-0.006722576411299876,0.004598926166013008,0.22410175276338337,-2.2346815211491227,-1.718066341440131,3.4039642270715205
-0.012860173246119532,-0.01423732465559892,-0.006716539042365827,0.004533426674964606,0.21933376294705945,-2.2016231367817087,-1.732769388537373,3.351289462920826
-0.012849104923182796,-0.014271982776283554,-0.0067041957910646335,0.004470914095605604,0.21443757020908127,-2.1701017779449576,-1.7417739265969499,3.2990486594345474
-0.012862490442096641,-0.014257708494435856,-0.00669476316917864,0.004500669674179179,0.21584983651198292,-2.185477542190372,-1.7258733327242795,3.3186825693611097
-0.012854539187702121,-0.014300683800570108,-0.006669783202045283,0.004426583010114583,0.2094499758706581,-2.1484335099080702,-1.7286912666360499,3.253756697354767
-0.012886367837654608,-0.014173977725014782,-0.006727261564386169,0.004651912039241875,0.2279688574201634,-2.2613867515524486,-1.705884882619585,3.446761305722292
-0.012915203206701286,-0.014854897690714398,-0.006091710360501694,0.003651724618419111,0.1352705309195058,-1.7676406268629083,-1.5443917413023422,2.527297494351861
-0.01294857748133886,-0.014804778909631578,-0.006091452399566616,0.0037326492755317374,0.13947139363078565,-1.8082797448449204,-1.5208776894635287,2.582172302017572
-0.012866890984857712,-0.01463710760659016,-0.00634995010938206,0.003922809959784994,0.16209091505043818,-1.8997125627342692,-1.6425158258824732,2.7850825662299283
-0.012888190967652922,-0.01469116336173148,-0.006271954120801831,0.003857681431497041,0.15465576283237845,-1.8682726887902061,-1.6072239633967869,2.717282100843519
-0.012911092997062898,-0.014749169762799323,-0.006189595720013639,0.003789405365397743,0.1469669667236717,-1.8354029137318502,-1.5706456894074263,2.647504309157249
-0.01296496971362551,-0.014753543960671472,-0.006113348367315063,0.0038081042861813673,0.14352547502677487,-1.8455723380564417,-1.5137235305602634,2.639617933504088
-0.012874015586082314,-0.014557090704096873,-0.006411323459205981,0.00404115791088881,0.17140723460682522,-1.9583696312165022,-1.6519233037610959,2.8873456443673597
-0.012902160313115,-0.014602022620800861,-0.006330906442163873,0.003989616605933896,0.16477604413442062,-1.933986621282212,-1.6098061222219366,2.8271657563564045
-0.013740760951579993,-0.013360903637728265,-0.005529059399898034,0.006153956762620829,0.28592739018031965,-2.776793852983175,-0.26179302407631694,4.024071340885416
-0.013757579464347658,-0.013365078428406015,-0.005497953018158846,0.006139238876364778,0.2822619531109594,-2.763849676151984,-0.24582071460964752,3.99567320259349
-0.013730199891149526,-0.013372691712002603,-0.005548332404432132,0.0061364494501174325,0.2851774089494889,-2.7750236891679516,-0.283103322679842,4.022149971879663
-0.01377495567727246,-0.013369486739188953,-0.005466025555439424,0.006123803085874231,0.2791117481793332,-2.7503353479060166,-0.22919871330304156,3.9664532517176645
-0.013792695212946154,-0.013373999596706035,-0.0054336743722674654,0.00610800138560454,0.2759014578402505,-2.7365357110827166,-0.21262698047044662,3.93688626549163
-0.013821348467822438,-0.013367510459392001,-0.005381848168477463,0.006107218949292759,0.2732561409956678,-2.723085329870903,-0.1760445852027386,3.907144012208463
-0.013810434162273061,-0.013378519494228192,-0.005401571053977997,0.006092171643904621,0.27274152566189164,-2.7227405493055983,-0.19636436066948715,3.907568920112038
-0.013703337189440258,-0.013380403351075551,-0.005597791357538021,0.00613250113745865,0.28553396915400314,-2.7856018737259363,-0.32290812767298854,4.047532620618969
-0.013687566035138602,-0.013376663550976343,-0.005627680446304535,0.006145833369226522,0.29181203603573364,-2.797975389367372,-0.3350413680403573,4.07300891351271
-0.013719578053542576,-0.013384444549051933,-0.00556759375903974,0.006118895218065933,0.2844200368014065,-2.7731306499627775,-0.30442768403248666,4.020119135451929
-0.01407203362389157,-0.013356679183008873,-0.004947969197909118,0.006003246994409075,0.24343784289671322,-2.567950500471743,0.0754586455640575,3.59318590228668
-0.01404200296977164,-0.013350068477098903,-0.004997327133175574,0.006030143239061956,0.24775206174683873,-2.591229998298676,0.05435629669246849,3.6383399648254193
-0.014013734073437523,-0.013341405824635236,-0.005044132275215882,0.0060595651509672815,0.252570403047073,-2.6144691179703576,0.03620552578488299,3.684067365229756
-0.013953990710797642,-0.013340739254135649,-0.005146433329595583,0.006091429567067785,0.26013123493351037,-2.6542844815942632,-0.01922394655215291,3.763182464058016
-0.013985113795511345,-0.013344692280221943,-0.0050931743352898955,0.006068803119850807,0.25587683608356465,-2.631574006933915,0.007218812307053522,3.7177393505512453
-0.013937992544712955,-0.013355613177871277,-0.00517518668021268,0.006073629874101628,0.2600472602496541,-2.656255336271026,-0.04647754176206202,3.76734333095567
-0.013850907962677326,-0.01336173863839913,-0.005328743803220167,0.0061042278917612025,0.27024927194807224,-2.708237986433716,-0.13991130655533024,3.8750644484720618
-0.013839719502322668,-0.01337372452310265,-0.00534896999030492,0.006087884671597306,0.26965903662893864,-2.7077415142550056,-0.16104114110774118,3.87498614974762
-0.013870784121488003,-0.013370022378889814,-0.00529364269207699,0.006080374700561469,0.2662178096662972,-2.6906522576925336,-0.1254411821487056,3.8387109609761736
-0.01389761585031299,-0.013369005543648517,-0.0052463286632243086,0.0060696842803054886,0.26299428443047296,-2.674296230150344,-0.0970867277942186,3.804651506826228
-0.01392940069262762,-0.013375968293457574,-0.0051912133288152425,0.006042491696182019,0.2577185084417413,-2.6500501269038446,-0.07078876692425955,3.7552305189143556
-0.014338057474013866,-0.013396086447841508,-0.004533505236126458,0.005794028010288547,0.20919671754399832,-2.375956839519479,0.2459213166983847,3.2371032588913806
-0.014192516524500176,-0.013360104604333251,-0.004752941734449971,0.005931984983849691,0.2290495003689834,-2.486565015597073,0.17020159912534502,3.439712325507078
-0.014134706831410389,-0.013363668025373183,-0.00484610918017203,0.005958150212572088,0.2348503171032124,-2.523102798366342,0.12214133828833539,3.5076004968228927
-0.014093143694496768,-0.013379137107848108,-0.004915512895933016,0.005955127307708682,0.23763325554527784,-2.5428479689312304,0.07585171741483755,3.544295281303366
-0.014279222274143348,-0.013392015694683882,-0.004622191207146089,0.005833567168479406,0.21549434755869115,-2.4157395279376854,0.20881151049583044,3.3083481624523032
-0.014222388185395991,-0.013393784527808386,-0.004710419098952642,0.005862388096057593,0.2213320726210327,-2.45206996960072,0.16651069914533034,3.3740574006879895
-0.012910003027082397,-0.014920501330348475,-0.006040883556511921,0.003565531737789913,0.12957884676699746,-1.7251694757174676,-1.5349510060873532,2.456235640256804
-0.012888907646839469,-0.015003713804442775,-0.005993675239496759,0.0034522731594763237,0.12262059476145305,-1.6689432145808005,-1.536438740933091,2.368909419906199
-0.01285110943499046,-0.015093949075343518,-0.005958283018210543,0.003325553612675235,0.11564383006562838,-1.6053112681416633,-1.5489463785002622,2.2759776920654047
-0.013066600354201412,-0.015432623711496216,-0.005433177086103114,0.0030496579549739865,0.08413512744849788,-1.4765744852451095,-1.3044972381862259,1.9897960741860772
-0.012983176730030742,-0.01530072073323487,-0.005629600323250796,0.0031542729349148878,0.09566698479329189,-1.525999519240356,-1.3921174858628291,2.0954218362209764
-0.012919719961574245,-0.015182288709377954,-0.005800936935952941,0.003256923836231792,0.1061960949887133,-1.574080879289683,-1.468583945905011,2.196104211341067
-0.013142206484779796,-0.015618363431743608,-0.005212021082874289,0.002892992223416622,0.07154035145424754,-1.4016297084574167,-1.2208121050415184,1.8543244094898392
-0.01331341275718894,-0.015799671608256884,-0.004917664063296547,0.0027820270538940466,0.05922914350571318,-1.3481375474977912,-1.0903194420657165,1.7390861718123853
-0.01355744611586989,-0.015802599016361347,-0.004693603488999437,0.002848592777331252,0.05448853402508181,-1.372812713533052,-0.9509619873872589,1.7376538075548094
-0.01517923710865707,-0.013931587535579604,-0.003532461780601658,0.004673723256158504,0.11305813170446145,-1.7656541495201916,0.31143407760547404,2.2095950919576013
-0.015740664496433625,-0.014735500459818201,-0.0030157566571066686,0.003683831625714447,0.0675372287562323,-1.4030132575020977,0.15560017696246123,1.6646796841103069
-0.015683070886328202,-0.014968631816210824,-0.003049533978584082,0.0035080768403616207,0.06173388743903897,-1.3727258221876601,0.07423274485557395,1.620391679948387
-0.015530625866090308,-0.015320405860762356,-0.003130642057947692,0.0032604701922591323,0.05234647030510646,-1.3353144317523427,-0.05436973980355131,1.5675270637625265
-0.015544403003990487,-0.015110923890525525,-0.0031492270610553757,0.003428195362704628,0.058524541125788955,-1.3782989307180944,-4.2494355685270154E-4,1.6268170623634295
-0.013822161405670028,-0.015861845234446833,-0.004421164372953348,0.0028514163612581023,0.04951130642051265,-1.3620201956496734,-0.8086423031018265,1.6891258155972302
-0.014095669429811395,-0.015932290433175785,-0.004146680574283588,0.002829949235395052,0.04428136057499122,-1.3370184961336355,-0.6782673928260886,1.628954652589368
-0.014388688488509011,-0.01581286524911904,-0.003950471031064855,0.0029542203898300467,0.04547289439870386,-1.3671710200438485,-0.5415798344489148,1.648735207727804
-0.015315044555466204,-0.015497693903050737,-0.003271978444398764,0.0031578465020904727,0.04837347128885316,-1.335927437406273,-0.1538391999561827,1.5716243530788663
-0.014697098520106042,-0.01574516967366614,-0.003714432066680967,0.003013201633690936,0.0453641451270018,-1.3604925840945183,-0.40898440661965335,1.6239072961614036
-0.015026364227413897,-0.015636424205748612,-0.0034738666875011154,0.0030823676022274666,0.04666354789657295,-1.3488625466377118,-0.2725021355495744,1.5955565046266023
-0.015284890195180163,-0.014121443233132292,-0.003435270339104158,0.004426915923517118,0.10039573597974165,-1.6800546264725276,0.256752162783861,2.0743896668229667
-0.015560930377808849,-0.014540442817662277,-0.003177133554113015,0.0039164422217928116,0.07675390942821346,-1.4950024819854348,0.17365605441800017,1.796357864128639
-0.01540398011581213,-0.014318189418396729,-0.003323541528990094,0.004182637472277793,0.08873705712499601,-1.5930023396369182,0.2114837128194825,1.9411049273260381
-0.015056371807134778,-0.013762486745424457,-0.0036493469820793874,0.0049220350020198105,0.1282476164325209,-1.860018250385709,0.357829555670852,2.3626896136933024
-0.014730215570006162,-0.013499398297804053,-0.004003918795226703,0.00542177176815893,0.16550732092115183,-2.0998821965540393,0.38710805376461144,2.760510978484051
-0.014923561939781612,-0.013614146504841463,-0.00378254781626093,0.005167263965057304,0.14336006632236528,-1.9626625739017245,0.3941144028731242,2.5313244958290646
-0.014792941147592073,-0.013570791161524398,-0.003936133074444858,0.0052943359604825145,0.15624935778928434,-2.044119755353813,0.3693206753396683,2.6655469262943865
-0.01440318635431628,-0.013451477616320888,-0.004445560708124006,0.0056753677611448,0.19675414468166755,-2.3134560898540566,0.2466450756952062,3.122744995333665
-0.014622110202692676,-0.013516267122745076,-0.004149380773552862,0.0054619833161845,0.17237837610157425,-2.1588280633199965,0.323836988702257,2.8553771877032976
-0.014527240283182613,-0.01351615298649493,-0.004278680089924651,0.005514902299441137,0.17969510870139807,-2.214869541335769,0.2740933441525449,2.948917501662128
-0.01445029607751442,-0.013512076066769137,-0.0043860248766130865,0.005562403046432059,0.18632493180067777,-2.2622687222135265,0.2325735441618093,3.02970895034758
-0.012916911410245263,-0.014095501329923335,-0.006740035716195997,0.004800388398930626,0.23963426641275207,-2.33580899066467,-1.6707434033319937,3.567675539687913
-0.012929773125892096,-0.014086305724357333,-0.006724904897982034,0.004821557183098748,0.24016442689088247,-2.346446204179333,-1.652459595424671,3.578637637596698
-0.012895817437515146,-0.014146797628535407,-0.006734114984441562,0.004702554197397021,0.23191809237562397,-2.2867913866585474,-1.6959811664659166,3.488632396093888
-0.012905934447649507,-0.014121017821762609,-0.0067381832256172185,0.004751397158343103,0.23555273828191162,-2.3112340945727934,-1.6845047315507948,3.5283041674426205
-0.012907884879159379,-0.014137316846610619,-0.0067212257588650055,0.004723916166533671,0.23255135930870433,-2.2976671347169155,-1.6795464453626507,3.500615751288905
-0.012918810601509496,-0.01411200615346612,-0.006723193834007843,0.004772269948916683,0.23601550645446026,-2.3218111105108066,-1.6665025956743378,3.539123385989766
-0.01293892622972893,-0.014045084994930427,-0.006741700857669228,0.004898114194999818,0.24888208169380385,-2.385770974921927,-1.6397626583378575,3.6460901801624033
-0.01294068382476475,-0.0140609450645882,-0.006725702765440805,0.004870293327268658,0.24184039317618136,-2.370292962802971,-1.639990811275062,3.6167725139174336
-0.012942569399625315,-0.014077064154286065,-0.006709776190496223,0.004842675088497845,0.24067823068207006,-2.3569667678562563,-1.6341605407450637,3.5895045287604774
-0.01295341020814176,-0.014051713234545482,-0.00671037351909739,0.004891345734502881,0.2425989351685441,-2.3806917515481723,-1.6214390213620768,3.6275237536989784
-0.012899074971017239,-0.014164137553880468,-0.006713892944310376,0.004674128526923875,0.22859634583132324,-2.2727647197425185,-1.6889031553481468,3.459239483638419
-0.012872601084118997,-0.014510434965436655,-0.006454986962942778,0.004109175875341292,0.1777528659739943,-1.9919719213327667,-1.6633341746856163,2.9497271004053682
-0.012856932096855187,-0.014472607260512357,-0.006512302088847874,0.004158327902095749,0.18408751411933197,-2.0156564621096966,-1.6904383220108925,3.0030193455460914
-0.012864108151641455,-0.014434075162985956,-0.006535840769768095,0.0042204970707714435,0.18884446315320277,-2.0467726620225672,-1.689363038316916,3.056054567129325
-0.012863998855389542,-0.014330805208060932,-0.006627813263962547,0.004382438566581285,0.2040790524627036,-2.126940009850596,-1.7100869067797866,3.206346411819276
-0.01286570049396245,-0.014361784194404634,-0.006597660653546008,0.004333913324614593,0.1991888657629759,-2.1029737348936357,-1.7018798944191083,3.1600727394264676
-0.012865313945563622,-0.01439703721502677,-0.006566977483923208,0.004278367307636716,0.1940785101512246,-2.0754472273621936,-1.6954347024837826,3.1087682753175154
-0.012889993386402258,-0.014191878906976957,-0.00670581615116949,0.004623035207887049,0.2245673278775949,-2.247168163711288,-1.6979827729883665,3.4167454783233744
-0.01289230703387095,-0.01420878749469113,-0.006687476097882029,0.004595499082059876,0.22157142399336843,-2.2336269050536153,-1.6921041428615424,3.389092280570543
-0.012881227625980205,-0.014225250199481577,-0.006691916991436479,0.004563055106859813,0.2197059401241572,-2.217178723084474,-1.7051826895768172,3.3656391340086946
-0.012881107745802107,-0.014250973902021808,-0.006669871917521316,0.0045202222238070406,0.2153755512193409,-2.1959154786146318,-1.7012014141616214,3.325200456941523
-0.012877773276195124,-0.014279392492706081,-0.0066506654503514315,0.004471998596543891,0.2111424192393016,-2.171917710393192,-1.7009080855307483,3.2819042998177927
-0.012886031412171583,-0.014313576813796434,-0.006607523051272844,0.0044202449101545015,0.2051127241963329,-2.1465285009217845,-1.6837792415849184,3.228173992400413
-0.012903277015606474,-0.01418266753659172,-0.006691104731008107,0.004644302202380692,0.22503927997208373,-2.2580802922825804,-1.6803018640857068,3.4279846754419405
-0.012911788740801525,-0.014524634100400393,-0.006384454581808336,0.004106516864686854,0.17350372249009008,-1.9918126050414973,-1.6137295323815268,2.9262775801476155
-0.012987424918638496,-0.014877283588425258,-0.005979666606106541,0.0036557498396370893,0.1307643973497832,-1.7710113916115158,-1.4691285073562075,2.501270937210368
-0.013016233889094403,-0.014786882293206247,-0.006017176781036068,0.0037856789224464437,0.13824375226522403,-1.834942053990902,-1.4557749688115735,2.5985375147704155
-0.01293519548648574,-0.01465430322390622,-0.006238799354261213,0.003930831306571476,0.1563786657193784,-1.9057429999445754,-1.5631831307886979,2.7593975545186145
-0.012950407516610696,-0.014703941514634755,-0.006175243748674433,0.003868960283862738,0.15004261145776435,-1.875470992252896,-1.5376198554153422,2.6986205224056046
-0.012998536684020701,-0.014722947323085456,-0.006093626665897952,0.00386393916487041,0.1457832749032048,-1.8732089818910058,-1.4841075608474785,2.6721842877115987
-0.012932759247798156,-0.014569771106124715,-0.006314866224800563,0.004050020829449794,0.16678786367793494,-1.964565848406657,-1.5810724698175385,2.8654480286118704
-0.012948300868774548,-0.014607825856772325,-0.006260029743079159,0.004002293332949163,0.161386305061218,-1.941361792044452,-1.556525921747502,2.8159075026359783
-0.01295146439643595,-0.014535175024382332,-0.006317066619346742,0.004108643639036923,0.16978453932674764,-1.9937341036968104,-1.565252906855742,2.9077528550672715
-0.01295161968125643,-0.014035832164153966,-0.0067262888668317795,0.004919257109876394,0.24856939338409326,-2.3962504342938993,-1.6211642060808378,3.6567731011737092
-0.013747031022556975,-0.013376987673665621,-0.005517129793141142,0.006121691205477103,0.2815066782436922,-2.762118444524885,-0.26701646243616817,3.9937339627303774
-0.013764465894223782,-0.013381542190659445,-0.005485019143321665,0.006106157425018393,0.2783385047919951,-2.7486094459056756,-0.25023504278135733,3.9644119823888304
-0.013736404299978166,-0.013388863930734324,-0.005536325231626708,0.006104099945513654,0.2807590032340364,-2.7602735921305706,-0.28824400985052084,3.9917064075500224
-0.01378237976371501,-0.01338615389466436,-0.005452276479567649,0.006090300411226098,0.27510000653514494,-2.7347768943221378,-0.23333681046404545,3.9346602198027836
-0.013800316381075754,-0.01339039735911051,-0.005419748733483409,0.006075082036462661,0.272010143811055,-2.721179790581402,-0.2164638928033681,3.9056188535048375
-0.013828839243366293,-0.01338393327500438,-0.005368524412461832,0.006074436591429768,0.26927222935785095,-2.708003968177056,-0.18049750650157,3.8765147035804177
-0.013816351157298295,-0.01339312109764845,-0.0053908838071767455,0.006063374500798589,0.26943593014731404,-2.7097257135738904,-0.20092824193699582,3.8811981099185475
-0.013676939708806898,-0.013388231747947453,-0.005646972713155086,0.0061281116772074415,0.290452856563141,-2.795813394033809,-0.3566388606906495,4.070697787716385
-0.013692675317671836,-0.013392045145874923,-0.005617069757872614,0.006114850317201385,0.2849269473544647,-2.7834596910211116,-0.3443317273956544,4.045291999004397
-0.01370888406429212,-0.013396168836469977,-0.005586864115933531,0.006101285189459429,0.28365766437000967,-2.7711159189981482,-0.32578483353162074,4.017984158279106
-0.013725683943769489,-0.013400694794049395,-0.005555568234397166,0.006086492650542865,0.2800208070808876,-2.7583316195636254,-0.3095122879402626,3.9896268410977203
-0.013666277091978747,-0.013399766504457605,-0.005666214023080111,0.006110324983875394,0.28874718062029764,-2.7934784984319676,-0.37821980706569747,4.068275532640239
-0.013681953758972394,-0.013403650599363685,-0.0056363334606573815,0.006097152529717441,0.28443546653277846,-2.78119717351461,-0.36574469234431756,4.042941660245165
-0.014054766051274231,-0.013380932701153187,-0.004978956714704919,0.005972046967941111,0.24166283361711713,-2.5668561055283754,0.041532274723232114,3.590300008125656
-0.014010655174736568,-0.01337342971605614,-0.005052131290574473,0.006006996108242389,0.2482139369878707,-2.5993873368471685,0.00806132030560936,3.6538325221358154
-0.01396364416223896,-0.013373300165484416,-0.005132055805890884,0.006030553419116223,0.25383823575880005,-2.6297069021845414,-0.035493381657733934,3.7140548519567456
-0.013947390586088494,-0.013401964875692132,-0.005161355430239479,0.005989209792408627,0.2514725399520778,-2.623718167605499,-0.07303123299514457,3.7026839375869627
-0.013859942196847518,-0.013382461418146334,-0.0053131308896930156,0.006063274238128867,0.26546877632995786,-2.689766476745644,-0.14628388403867262,3.837745118241901
-0.013845072893657004,-0.013390612389308438,-0.005339609105009123,0.006055420150301616,0.2661350923590535,-2.6938416984647087,-0.16817495130116103,3.847037909363465
-0.013882044891982963,-0.013390545894643162,-0.005274312065497558,0.00603906480863861,0.26135726587300273,-2.6710971639491916,-0.12944509364075032,3.7992519229386574
-0.013913397930908039,-0.0133967177709481,-0.005219766127242912,0.006014007441858983,0.2563499131626817,-2.647956226619622,-0.10250069982581918,3.75179164108927
-0.014296530317741514,-0.013430572503324474,-0.0046010706135211025,0.005765215780936208,0.20971560208348033,-2.388666970517193,0.19210496532270055,3.257035888709163
-0.014335945078419215,-0.013462386651096713,-0.0045459833546138825,0.005696119013095865,0.20188051401592097,-2.351252084289498,0.19525191261127753,3.1880853141719743
-0.014172306562094242,-0.01339898745355566,-0.004789953323613782,0.0058812776224608865,0.22594986817982576,-2.482057835659367,0.12459737151900792,3.4289845200679676
-0.014122682328850597,-0.013407263438826006,-0.004870248359511096,0.005894062636686548,0.23041616724622996,-2.509978921289448,0.07874786275395516,3.480915971863547
-0.014078272409764855,-0.01341354227777296,-0.004942925789171044,0.005906435218744471,0.23446158306176693,-2.535075607265244,0.036952186486478945,3.528447848770979
-0.014246309473427405,-0.013431457880858986,-0.004677917221532328,0.0057909912169700865,0.2142110770843242,-2.420059877863992,0.1556994869319082,3.313375733908391
-0.014201760397412699,-0.013427788389307083,-0.004746696841369921,0.005820262758119156,0.21895687057662355,-2.4500475884047592,0.1253700925289746,3.3683765927328473
-0.013229907171883742,-0.015423295120477944,-0.0052709599020358535,0.003120603933675112,0.08095590839322958,-1.509729483643765,-1.1887419578382126,2.001711252445041
-0.012987928824468493,-0.014986979566688846,-0.005887134044882759,0.003518525522125737,0.11977517080367696,-1.70352803950839,-1.4489994087091562,2.3871103284888204
-0.012972879870625391,-0.015086815754324679,-0.005821059533012517,0.0033918812499120726,0.11234234122069194,-1.641472345162302,-1.4430539760452044,2.288447902866207
-0.013128159794256715,-0.015297650380586798,-0.005474318334796799,0.003217253907310652,0.0916634945952265,-1.5572334509107966,-1.2806543501239995,2.1017234450433726
-0.013048257776753015,-0.015177804365968562,-0.005658392145769408,0.0033188343260783086,0.10260376860458208,-1.606643220294426,-1.3629542254801408,2.2052442776905816
-0.013256043937188558,-0.01528104009752547,-0.0053474086761356576,0.003281116905989577,0.08864972032173574,-1.5855572963283342,-1.1865354144485742,2.1134102100836847
-0.013402636819711933,-0.015565718332761342,-0.004995206284446398,0.003031276053079434,0.06879449779916379,-1.4632154415709926,-1.0590400968939024,1.8940623006098405
-0.01368400465764332,-0.015616081209511712,-0.004689558199601843,0.003051344990156161,0.06201645600222976,-1.4599815595369903,-0.8864712482371059,1.845206793699808
-0.015076303575909139,-0.014108358703091475,-0.003653419844307788,0.004529551849943581,0.10779130856160694,-1.7673585859506173,0.19288449509103753,2.204515532046271
-0.014982409886083995,-0.013941514182873267,-0.0037502741322717505,0.004755029475031674,0.12033556822249135,-1.851398240869041,0.23662586317933468,2.3382845932269745
-0.01540981845097878,-0.014849404591764077,-0.00329405964117941,0.0036887918534541024,0.06800316213398296,-1.4734366087162618,0.03209803705940024,1.7609686967189104
-0.015312779710394464,-0.015158528678907294,-0.0033380960729511642,0.0034418967278395606,0.05931551360466073,-1.421854000122453,-0.08053973803156327,1.6894667017190717
-0.013952458255207042,-0.015650347101315718,-0.004416605295751698,0.0030636236988745864,0.056893731108885716,-1.4473674498711173,-0.7395224355156591,1.7953830768090493
-0.014207071221281429,-0.015630221401695253,-0.004190872362851699,0.003106706529367053,0.05451266100518017,-1.4445081894575666,-0.6100726189319524,1.7690136607661666
-0.014473849565804936,-0.015538644861108092,-0.00398466235615308,0.0031979927814455903,0.05507008827155838,-1.4546144254489388,-0.47585311607306174,1.7637161875717273
-0.01504185971114207,-0.015296389392640296,-0.0035472179735575224,0.003370534863341878,0.057833530463598425,-1.4426612444822549,-0.2037877097704215,1.7226678458021976
-0.014757987990054908,-0.015430774553339181,-0.003764200042171596,0.003283330617870311,0.055938591407695325,-1.452280790992079,-0.33828682047284836,1.7459603716024523
-0.015144315215475174,-0.014311014980891691,-0.0035819431392823805,0.004289389799034844,0.09523347281383487,-1.6891048587854025,0.1307829519138581,2.08143374724886
-0.014968942734517373,-0.014223031248323692,-0.0037696352077506907,0.004447290880206065,0.1054982046356755,-1.7793332414835923,0.10124425082443626,2.2190984000162577
-0.01525209393221844,-0.014559755624721067,-0.003463945246720259,0.004004559906047297,0.08190587072162402,-1.588876265181584,0.07458165908004101,1.9299741213656998
-0.015163373699965059,-0.01474121818888313,-0.003532868774543918,0.0038565536942424933,0.07794075276024322,-1.5684676608357184,-0.01398968940491298,1.9013388072396968
-0.015069285411712676,-0.014474906318982713,-0.0036509845773028235,0.0041471941496737125,0.09034318352589651,-1.6714114045666384,0.04181747049345975,2.053910637051161
-0.014886390317238863,-0.013795248098560309,-0.003850411824525357,0.0049703456050067115,0.1348921502701426,-1.9361070593096592,0.27521661475149967,2.47733478412478
-0.014681084676058116,-0.013593825197374225,-0.004082766141736658,0.005326935320279325,0.16237333681486424,-2.1012267644841205,0.30272887715725344,2.754286389081266
-0.0147787976069367,-0.013695362954187051,-0.003970943461457838,0.005146003368339387,0.14760109472973257,-2.018561059142273,0.28599465430659604,2.6130819675654062
-0.014382472212273187,-0.013512954281579224,-0.004483549088307671,0.0055971338923571845,0.19224467239456,-2.3025220299611564,0.19007521770172275,3.0992588473144704
-0.01441858891078902,-0.013557007958228253,-0.004436208660747977,0.005515055382362531,0.1845142922155154,-2.2641639949364087,0.1825756469981732,3.0299500490642366
-0.01456873488242412,-0.013596593874391605,-0.004232242927483196,0.005382701620023956,0.1688523287906144,-2.1635506823024007,0.24306127838858424,2.856952940535312
-0.01447915727601825,-0.013576978517840205,-0.004352919696943487,0.005455907054041832,0.17750925286860444,-2.221567539590438,0.20574657748917577,2.955875734326028
-0.01293173529341036,-0.014102762695688545,-0.006708160993188285,0.004793460439915571,0.23653463154411505,-2.3324543047822206,-1.6483361270781798,3.5501193479062496
-0.012944619873710443,-0.01409345767994847,-0.006693097642568186,0.0048146361495812,0.23705064083909197,-2.3429995740460217,-1.6301147113637529,3.5610390941155354
-0.012910995759479701,-0.014153664181212949,-0.00670223968874076,0.004697021848751186,0.22939967002322895,-2.2843778123562335,-1.67300932339292,3.4728118557181844
-0.012920727175803219,-0.014128847283838881,-0.006706012597160479,0.004743750210340657,0.2329208301461727,-2.307726793781503,-1.661719119298228,3.5105179286671873
-0.01292066648133773,-0.014143588225307428,-0.006693966161829104,0.00471826334568047,0.23037247424736212,-2.2950656201885176,-1.6601883732760858,3.4862925169492867
-0.012933676458128762,-0.014119533367457249,-0.0066911674822672735,0.004764984149652574,0.23344416739908505,-2.3183760789141528,-1.6437534739424684,3.521574557354031
-0.012966117663531508,-0.014042459583191995,-0.006694948333983971,0.004912321204294765,0.24327160781992377,-2.3909553047243617,-1.6028256084232757,3.6381123413852037
-0.012955301746701191,-0.014067831194161691,-0.006694604127989684,0.004863647576649025,0.24114858917272639,-2.3673250507636805,-1.6158357659157148,3.600188401495535
-0.01295733471262075,-0.014084161645005847,-0.006678174718166786,0.004835627894721354,0.23759175009519076,-2.3533618629620254,-1.6120292164733645,3.571813061163258
-0.012968023830259948,-0.014058634152660593,-0.006679275429814003,0.004884444946890491,0.2416108802509255,-2.377506197366101,-1.5974026444425833,3.6106240620414662
-0.012916513817174577,-0.01417146753321498,-0.00667797521857704,0.004668831728121794,0.2258597587804174,-2.2705169472927627,-1.6628241655195881,3.442257949719832
-0.012898784495120509,-0.014472291827258357,-0.00644937790243942,0.004178620061467645,0.1812775622399634,-2.027315691982324,-1.6389911889086952,2.998599668420726
-0.01290173605582412,-0.014422330022039588,-0.006488351354244877,0.004256071513845195,0.18790713836115824,-2.065712349329456,-1.6443555058379935,3.0674300808205692
-0.012892980297824564,-0.01434640190287375,-0.006567910618586892,0.004370856973866155,0.19959455671276746,-2.1222470984028505,-1.6689416914420538,3.178022395376168
-0.01289804976119144,-0.01438190235362311,-0.0065291332572105015,0.004317160800750387,0.194035392635582,-2.0958262133600347,-1.6561971051678845,3.125508672401683
-0.012906294604392918,-0.014202457229070979,-0.00666931535978314,0.004612112095275644,0.22150199750487756,-2.2422260793423052,-1.6732295750595945,3.3954828507142936
-0.012905521699104545,-0.014222772709876902,-0.006653442604694052,0.0045777269781928165,0.21813830066159903,-2.225129403900709,-1.6715441150198982,3.3635064686595704
-0.0128991124920319,-0.014241655104564405,-0.006648066664778377,0.004543565927078449,0.215526521423078,-2.208031135901871,-1.6777231903993441,3.335539031924051
-0.012917507419154376,-0.014328484307074452,-0.006544217105865119,0.004410228510684723,0.20059702274483363,-2.142378417053711,-1.6396409136507335,3.1996137628057184
-0.012903899691411634,-0.014264942461156492,-0.006620318981811605,0.004507226576623974,0.21145357300264664,-2.190163169765857,-1.6675397767679028,3.2983544781644984
-0.012909389436763766,-0.014295693171493292,-0.006585170627623105,0.004459461795209328,0.20623269499853633,-2.1666379302112144,-1.6553788364087207,3.2502771103041397
-0.01292150520632842,-0.014192038517181356,-0.006652399087497432,0.004635987120625878,0.22200027349119764,-2.254344136824258,-1.6531072516572636,3.407835667842716
-0.013059414016292025,-0.014936838671749367,-0.005839829814791938,0.003610797866839959,0.1226168290144521,-1.7489104341084452,-1.391856799477855,2.4357189952485605
-0.012944656888544756,-0.014495019735622783,-0.006361083600689277,0.00416504768088142,0.1754645754788401,-2.0215058351329507,-1.579638263580473,2.961422893599781
-0.01307063202480906,-0.014854324669789871,-0.005891644176045684,0.0037197494283193323,0.12912896274658572,-1.8022541288324483,-1.3925006005590186,2.5207309959186652
-0.013083105383265643,-0.01477992182093995,-0.005934352972018809,0.003821629152064138,0.13595095005837096,-1.85181307158638,-1.3901351883222028,2.599932803941851
-0.013056301395462239,-0.014717963121683561,-0.006019276247993578,0.0038942358867379745,0.14326833814784587,-1.887963330669075,-1.4245727986330035,2.672301150931833
-0.01300444043630921,-0.014652528514115925,-0.0061435570101007345,0.003963360739901536,0.15285642441733793,-1.9223947788136864,-1.4879605442044694,2.7546706216111017
-0.01298793755000344,-0.014568267900817623,-0.006236404550764326,0.004076031797820418,0.16386335629320167,-1.9778926860538457,-1.5183384569192353,2.860462941734252
-0.012980216799967978,-0.014517011259098989,-0.00628998597824576,0.004147557481356905,0.1703072287541152,-2.0131092933473145,-1.5346579955580661,2.927115869085361
-0.012964283993995936,-0.014026539507187215,-0.006710803180850276,0.004940361567536378,0.2489157737630913,-2.4066195992471235,-1.6024589615010594,3.667342069040479
-0.012978806998403205,-0.01403316011593795,-0.00667944370590861,0.004933260866037018,0.24377729662151001,-2.4011064058081897,-1.5841434502176204,3.6485781428981845
-0.013753854396470021,-0.013393614878500092,-0.0055041064470349845,0.006088395300151383,0.27756625466774126,-2.7467625971944667,-0.27138626740345145,3.9622725482384102
-0.013771911593035627,-0.01339853740205661,-0.005471020574890518,0.006072115476351531,0.2742744321527575,-2.7327782738297937,-0.25434606684577205,3.9321018533423175
-0.01374309148932907,-0.013405610721350122,-0.005523344570234665,0.006070697704782888,0.27681570147998985,-2.744872920249263,-0.2926193767729719,3.9601961743806626
-0.01379049744889272,-0.013403341649016477,-0.005437242378696379,0.006055819863606129,0.27100809857751157,-2.7185733608054305,-0.23696407246616866,3.9016844952471383
-0.013809683212867435,-0.01340735180249178,-0.005402670878287728,0.006040679946907415,0.26773526256424857,-2.7045553588778244,-0.21879101207121335,3.8717585578843408
-0.013833535427657313,-0.013406063229038877,-0.005360124607858972,0.006032943423998836,0.26488737267494017,-2.691118804179886,-0.19202073972864622,3.8427639502622464
-0.013655578290412793,-0.013411267706097352,-0.00568539213596114,0.006092484707606249,0.2875101528579944,-2.7909503590752522,-0.39974360421463656,4.06575644270997
-0.013671174283388474,-0.013415201114754477,-0.005655581084533931,0.006079439458297486,0.2839496155861814,-2.7788287460756362,-0.38713113203448324,4.04050190360065
-0.01364484341025055,-0.013422735238775142,-0.00570449676550695,0.006074600601105408,0.2873023499633313,-2.7882333999659736,-0.4211769794599971,4.063118389747585
-0.013660360775162793,-0.013426688619984833,-0.005674772123524209,0.0060617157986678225,0.2832584692040492,-2.7763512640510837,-0.4084783329229697,4.037946880781242
-0.013698099043183393,-0.013407866668316816,-0.005606178026151494,0.006083621221317848,0.28286633379089615,-2.7689876976801204,-0.34719870973379,4.015766458504767
-0.013714854667552595,-0.013412507951388581,-0.005574885660456033,0.0060688221638750895,0.27928930494729803,-2.7562814393297077,-0.33085941902392113,3.9874765672878794
-0.013732211211884478,-0.013417542845372589,-0.005542672262544915,0.006053024247978215,0.2760800439385785,-2.7429099353622646,-0.31390863932091767,3.958118826320813
-0.013687194569487299,-0.013419488018457312,-0.005625591770898928,0.0060660042659023625,0.2820592173290715,-2.766796601585881,-0.3686725245249096,4.013572434606651
-0.013649543285451211,-0.013438125680267872,-0.005693853031190935,0.006043948586447425,0.28227331956513924,-2.7737421776969913,-0.4297906356575781,4.035221456374736
-0.014032488434983984,-0.013412739445134126,-0.005018346115982336,0.005930382846957079,0.2395878248567214,-2.5643876466473308,-0.002461675040884019,3.5850742494232013
-0.013987657371090924,-0.013407288428328265,-0.0050931238961785955,0.0059611312683327195,0.24557290420963218,-2.59550330457029,-0.039036190737323034,3.646304088436119
-0.013966440227920117,-0.013432627995521007,-0.005129981056756852,0.005928214620641976,0.2443503851359803,-2.5944222533652765,-0.0777983600554565,3.6447691903830655
-0.013928716229324706,-0.01342544702058182,-0.005194059752739958,0.005957504244196988,0.24998609687034112,-2.6216313709135197,-0.10877117854799141,3.6994327097218656
-0.013862748023172316,-0.013407647370477354,-0.005308452276384028,0.006017564148334435,0.2610135440244032,-2.67245660459545,-0.16222223654878246,3.8033791349152786
-0.013895166700642787,-0.013417450348303476,-0.005251844625153137,0.005986220842054646,0.25530308485313086,-2.646797428023984,-0.1363217310745336,3.7506354852808097
-0.014275029101137362,-0.013472213888330082,-0.004638542463466643,0.005713584096524522,0.2066132709285334,-2.3846465590832024,0.14664784320260918,3.2471664854205344
-0.014313301879786284,-0.01351305556470462,-0.004585182146218571,0.005632647426343444,0.1981848206645351,-2.3441355819886245,0.1439844626247958,3.1723135192141583
-0.01415978510499561,-0.013441315735686058,-0.004814059794215466,0.005820663341462413,0.22177507571086172,-2.470151447042989,0.08296625012615592,3.4048751882204584
-0.014108617789924163,-0.013449584386319241,-0.004896340937020737,0.00583298413416213,0.2261922681745252,-2.497966617649631,0.03552412223839225,3.4569492253255887
-0.014058252943989968,-0.013451574666995,-0.004978111409866168,0.00585400576786168,0.23142200108298275,-2.5279050397933696,-0.00851295204099854,3.5142660891566266
-0.014207787478377587,-0.013473482859511868,-0.00474165935497843,0.005746042985108259,0.21291730896782027,-2.425312762494689,0.09657856593776293,3.320764792176089
-0.013383795641164044,-0.015344374768754228,-0.0051652441727581275,0.0032524735411359608,0.08250864040141011,-1.567066054215262,-1.0887927376406858,2.0554099608799032
-0.013094469871885134,-0.015040113051167498,-0.005714591935040832,0.0034983871401023615,0.11176988096106356,-1.6942249252241566,-1.3451541377279812,2.332395356183508
-0.013191012122424323,-0.015162969877828307,-0.005507132120486171,0.003390667588993901,0.09918232707295215,-1.6403005605632115,-1.2489616002444244,2.2163777458653264
-0.013346257016238487,-0.01518437796231121,-0.005315706890693069,0.0034168091423008805,0.09322988399084008,-1.6472286381451247,-1.1264388565713903,2.1871525201291893
-0.013572122107640198,-0.0153970184097654,-0.004933300335738759,0.003245820333964486,0.07552467765716653,-1.5551090785064015,-0.9593620473396726,2.0018895266992236
-0.013799543265284014,-0.015420017026901036,-0.004687148390171273,0.003265335524042841,0.07007367467434052,-1.5478543556371338,-0.8173755434656497,1.9575773961174219
-0.014895290814963035,-0.014088923397919392,-0.003853497476150034,0.004624778593513085,0.11572761854446782,-1.8483001978673912,0.12972245519360448,2.3278913078563686
-0.014801193742106707,-0.013962705366890584,-0.003961524346886646,0.0048100330176812514,0.12772886904063993,-1.928033602312107,0.14970995657250066,2.4566079159462153
-0.01483133923372846,-0.014234720807948943,-0.003921818611849976,0.00448322802914399,0.11098079472523045,-1.8286259959695932,0.03677461061716389,2.295105413993115
-0.015063445624809083,-0.014953757493737646,-0.0035969601875747927,0.003678793940595463,0.0694260322506623,-1.5371346439795806,-0.11307038558612227,1.853956679740884
-0.014032541294186157,-0.015406293448676524,-0.0044605984355018885,0.003307121824876767,0.0668071284869879,-1.545020346334657,-0.6821199652739297,1.926176789134409
-0.014272725375555009,-0.015345716570991853,-0.0042499905905019715,0.003379283920179763,0.06575533331465046,-1.5492256327537042,-0.5474541114785317,1.9102693518601972
-0.014524742423406997,-0.015247202427773356,-0.0040399576241176354,0.0034704681642334944,0.06622918376685684,-1.5524971800126215,-0.4079265414488291,1.8972870802114474
-0.014784013492455504,-0.015120816759098578,-0.0038266752111365374,0.0035680592027163244,0.067602864384822,-1.5489467566435524,-0.26619011962326583,1.879272906360127
-0.014913883811116005,-0.01440035153189821,-0.003819501726099379,0.004273889698818065,0.09789686806654321,-1.747752057378524,0.005535563810267723,2.1670286742812763
-0.014982094450497042,-0.014654276270668315,-0.003721641856619571,0.003989745289720673,0.08385329456499616,-1.6478322803967094,-0.05595165160342823,2.0155568098400445
-0.014713682457012234,-0.013836191287402549,-0.0040635100761569785,0.005002117067491701,0.14065189456344854,-2.008757642319646,0.17485845645945555,2.589563109318735
-0.01460899693470979,-0.013715539068918516,-0.0041897299175980745,0.005204623999067001,0.1563399690452039,-2.1014383231099454,0.19135912516910628,2.7464967579466117
-0.014350291168484875,-0.013571871907396272,-0.004535782803118553,0.0055277884678260015,0.1884718034524733,-2.297761183319825,0.12893675467642762,3.087593540395886
-0.014414452359129552,-0.013617583162802302,-0.004447183875994466,0.005431155144057307,0.1788786760242291,-2.2430095811486903,0.1401432426376562,2.990045651874365
-0.014493794704460434,-0.013660803200281754,-0.004339911682916608,0.005332902209858798,0.1689585186644527,-2.18246328731195,0.16087124491823346,2.8847543058451595
-0.01363407255801407,-0.013434168988720427,-0.0057235282558640065,0.006056672485613593,0.28804926765737715,-2.7853649419446693,-0.44252632296901867,4.060310934447396
-0.012946728917215553,-0.014109987949258128,-0.00667617612413468,0.004786553155265533,0.23396633503389416,-2.329118714677619,-1.625511581404586,3.5328057275875095
-0.012959714604755326,-0.01410076483788547,-0.006660890922449351,0.004807429034281348,0.23447774688785342,-2.339417173763064,-1.6072314539279215,3.5433237498111185
-0.012928402019879012,-0.01415798226550658,-0.006668834577616588,0.004696644658247908,0.22719552589399816,-2.2844733411714304,-1.647376872723046,3.46046322895724
-0.012937436489631164,-0.014139620956116527,-0.00666833732002726,0.0047317051830703385,0.22954589314293522,-2.301909199254927,-1.636299850088839,3.487356993185593
-0.012948076073543736,-0.014125403583028346,-0.00666146541669866,0.004760312465451896,0.2311780600489878,-2.3161131736445113,-1.6222115243526596,3.5069894615522244
-0.012980762123894485,-0.014049431962737455,-0.006663776834647846,0.00490514744894531,0.24211693340210852,-2.387548042140933,-1.578829247496136,3.620866859311485
-0.01296997732311776,-0.014074944876106518,-0.006663169026600204,0.0048563488454195355,0.23812486400247532,-2.3635021312072975,-1.5939286427475208,3.5822910569616977
-0.012971941724716355,-0.014091195771897824,-0.006647053615946323,0.004828531760072464,0.2350950485467412,-2.349743811441853,-1.5899712907180332,3.5545082967927697
-0.01298273711334525,-0.014065935793584498,-0.006647653109556264,0.004876636797081121,0.2385779929827678,-2.37333477388291,-1.5755318787031187,3.592177116280354
-0.012993499562766346,-0.014040151905112694,-0.0066481935331744535,0.004925877066725252,0.24266190234865673,-2.397508595924926,-1.5601506999381571,3.631042330220233
-0.012935958175288276,-0.014178251005384298,-0.006639332546937515,0.004665130414778764,0.2231331619805689,-2.2689472654276925,-1.6342833563476982,3.4255410052046362
-0.012940330650168622,-0.014448026112656012,-0.006407335615462577,0.00423388677228873,0.18199098901268293,-2.0555366938907724,-1.5922626518001588,3.0256506620063246
-0.012935008859482983,-0.01440158999711715,-0.006454754269732654,0.004302803426859632,0.18879458738755986,-2.089555059110369,-1.6059942685786244,3.091042361665519
-0.01292644912609777,-0.014361859302023432,-0.00650172989631836,0.004361152590130435,0.1949354056216593,-2.118249303424322,-1.6229914007334936,3.149184279129891
-0.012924733834719235,-0.014215560686156327,-0.006627407799050431,0.00459779521152046,0.2176840842520498,-2.2354295316954302,-1.6457189048973555,3.3697297808085422
-0.012923805697861014,-0.014244336250285249,-0.00660494115508218,0.004549599176820386,0.2132034592878042,-2.211549805216391,-1.643214794424132,3.325178691567988
-0.012944319339810176,-0.014340522322425173,-0.006491405484131742,0.004402447112382491,0.19698894097972938,-2.1389255101672173,-1.602960260375023,3.1763554474654883
-0.01293956199044734,-0.014310988210945867,-0.006523621019063908,0.004447589721937885,0.2015724480284847,-2.161247704681704,-1.6130904296255115,3.2206331853415375
-0.01293221549531751,-0.014278049228725751,-0.00656297853248903,0.004497800083933451,0.20719271294090733,-2.186032834844323,-1.6272558157569537,3.2715946626531687
-0.012942315609784276,-0.014201795173632688,-0.006609328190738894,0.00462794367800113,0.21863855081666575,-2.2505390632690054,-1.6228275095435778,3.386328403832096
-0.01315661444165895,-0.01492549248267536,-0.005727412563709886,0.003661871164185999,0.11967021961735014,-1.7725537140583079,-1.3039369790868902,2.4407595405295948
-0.012985356248773963,-0.014472980089940624,-0.006318589408653486,0.004215133004424969,0.1758417522445388,-2.0465741981138788,-1.534251494354914,2.9842299162316084
-0.01314219070265771,-0.014813686408563101,-0.005830744674710561,0.003799177337858836,0.12982935252122638,-1.839326385208335,-1.329205074170832,2.556188100781615
-0.013128183864732822,-0.01473589899067863,-0.0059083996727704625,0.00389696493483583,0.1386963824298412,-1.8875639934739734,-1.3499587694558928,2.642679428692223
-0.013092360927848429,-0.014661924844028068,-0.006013952842718318,0.003984684987543396,0.14759596455129495,-1.9316349116298797,-1.3936423931011055,2.7317849291758467
-0.013060207172262315,-0.014587237711876061,-0.0061174280983989525,0.0040775544117990885,0.1579559447406308,-1.9779638003740623,-1.4354486659819343,2.825882116052835
-0.013031448864160097,-0.014513904081113955,-0.006217101800001546,0.0041727100197107535,0.16797718136847314,-2.025217477498923,-1.4756213335084267,2.9223622738034867
-0.0129914745019266,-0.014023804655758953,-0.0066638723553085364,0.004954182025296177,0.24428764700648933,-2.411157147957977,-1.5653904590409393,3.6589478849106913
-0.012976919044422938,-0.014017207114769163,-0.006695246872090988,0.004961423336946361,0.24968131910395372,-2.416865379586455,-1.5836464043589016,3.677815530704097
-0.013761107246311396,-0.01341081298257369,-0.005490244673271017,0.006054127629493912,0.2735000584093566,-2.730866323818132,-0.275616088314012,3.929885210760066
-0.013779738184968452,-0.013416157076893994,-0.005456289830591362,0.006037049144941602,0.27015354817562137,-2.716425489583606,-0.2583631788532775,3.898894375551204
-0.0137500921718033,-0.013422905934174388,-0.005509728278542937,0.006036414462167566,0.2727708121945916,-2.7290126592242108,-0.296958714795495,3.927940168632776
-0.013799099523004213,-0.013421549856538767,-0.0054212992611776525,0.00601958001334539,0.2666370605100737,-2.7015529006533012,-0.24078571455290612,3.8671653161416386
-0.013821632841281064,-0.013425810826274767,-0.005380989288935995,0.006002821691593657,0.26311423666176886,-2.6855897501189325,-0.21929032644641613,3.8332366518372525
-0.013847155083643406,-0.013429551045124161,-0.0053357912905206,0.00598565820704867,0.2592351341334966,-2.668125013609421,-0.19470951715397636,3.796372482018182
-0.013638734433198808,-0.013449543452034437,-0.005712798054368126,0.0060260793504117805,0.28107871057736405,-2.7709687374314753,-0.45109123810540447,4.03227355194915
-0.013676207445176594,-0.0134309973308326,-0.0056450424476571425,0.006048484885975453,0.28129362691029436,-2.7645456414773553,-0.39014257314579964,4.011403361815744
-0.013665242759633094,-0.013442416767072349,-0.005664336946335089,0.00603098472812423,0.28060586175479113,-2.762161483568226,-0.41149048753064826,4.009094546573074
-0.013703846719120552,-0.013424291512426398,-0.005594407136777544,0.006051133087558432,0.27858069511407807,-2.7541686560492953,-0.35235965848803014,3.985359879632401
-0.013721207034582536,-0.01342952309136338,-0.005562094963733072,0.006035169736615682,0.27534120640874055,-2.7407987854973013,-0.3353424217448215,3.95589538787234
-0.013739023356102949,-0.013434897147414386,-0.0055291861687285825,0.006018765798326235,0.27205821470214975,-2.7270712721434944,-0.31825981856970104,3.925957104114509
-0.013692549322320405,-0.013435791510607566,-0.005614359395324308,0.006033928321035761,0.27794929048506983,-2.752230775290753,-0.37397291544900063,3.983769086462845
-0.013654366472380268,-0.013453789836061282,-0.005683350008816551,0.006013403497831276,0.2800042097097509,-2.7595790497023818,-0.432657569432005,4.006504549510509
-0.013942321991905088,-0.013456310235036064,-0.0051712834087824745,0.005898857511416888,0.2435555508855097,-2.5954016247371112,-0.11819660621335303,3.6478198184383253
-0.014005326862741339,-0.013449668982182684,-0.005065297514869835,0.005881836300675349,0.2372174450045175,-2.5612420920524026,-0.054302801335107245,3.5792587560993647
-0.013973328338224428,-0.013463360719105527,-0.005119079910059151,0.00587337384106942,0.23898037004193634,-2.572888863686642,-0.09389894829947244,3.6028476794829976
-0.013907567397416238,-0.013447698625871463,-0.0052305871560642085,0.005928563734571655,0.24901278370034982,-2.6211812093170237,-0.14597339256332917,3.699912836883755
-0.013876285416891884,-0.013436971376461299,-0.0052847307489505705,0.0059604268764275985,0.2542986591673904,-2.6462650641266854,-0.16989808133999185,3.751086380606573
-0.014250300379072158,-0.01352232787048386,-0.004680433578747968,0.005650168307108434,0.20288383299779025,-2.3777321076193334,0.09334889846529576,3.2323266257988617
-0.014288010552476558,-0.013556740122032777,-0.004626246799796219,0.005580233077129816,0.19528065706654205,-2.3403230696386106,0.09659782169987789,3.1636331101410273
-0.014145134223051165,-0.013490815612548857,-0.004840801040759387,0.005749702407059369,0.21683533751763343,-2.455346644259956,0.03533765468323825,3.375762363240955
-0.01408951682574178,-0.013493840353247874,-0.00492940735790013,0.005770974801819365,0.22216408042276936,-2.4871344867294494,-0.012384250902397927,3.4359476355352885
-0.01403946518476857,-0.013491630137869555,-0.005010295053507804,0.005797258869259073,0.2277332025375168,-2.5179435083149753,-0.053779286898293276,3.4953948974598696
-0.014183752695363951,-0.013532159960661792,-0.004782770095946238,0.005666965891387077,0.20825634646414107,-2.4123942441400748,0.03688139326820994,3.295357608662528
-0.013495820761239646,-0.015215219781221286,-0.00512850266434975,0.0034223515373849153,0.08797315646918293,-1.6415530096223943,-1.0149179082674848,2.145890326847366
-0.013263580977465366,-0.015028821641856876,-0.005520691019927005,0.0035719074556551894,0.10733580925806362,-1.7254711005967347,-1.2022523680214168,2.331467613423854
-0.013260201673294093,-0.014908727512809446,-0.00561057125333491,0.003717317809582622,0.11633545624697181,-1.7949841316154553,-1.2140216089248348,2.4446121277474324
-0.013424721228521473,-0.015062883880008954,-0.0053071487482322715,0.0035776990674578403,0.09988809053340629,-1.719158243951153,-1.0712260155173166,2.280778313412291
-0.013678334780091709,-0.015231644395090458,-0.00491900120497108,0.0034422320336267146,0.0828193866889212,-1.6371565483602637,-0.8881691239030297,2.1066315780998726
-0.013877822069493782,-0.015218716429706158,-0.0047115157879676,0.0034847637530717253,0.07911535226291394,-1.6375229849928203,-0.7582330127560231,2.0783880596237583
-0.014625236968826793,-0.013977690437979246,-0.004176052073150961,0.004862476500819178,0.1352367002070605,-2.0014490749982667,0.05546844930878402,2.573608920248701
-0.014704152008515329,-0.01413666479660873,-0.004074280653736361,0.004640203292448123,0.11991873553034946,-1.9127476276457198,0.02021640739303862,2.427996011351997
-0.014709072394982817,-0.014335417939338452,-0.0040528429116328665,0.004406864004645183,0.10773521584712274,-1.8403447441008718,-0.061425863884952615,2.314332101252042
-0.014760500112205359,-0.014833487972511078,-0.003916891048708078,0.003856009614739452,0.0805034681666471,-1.6508115823284866,-0.2039300122840271,2.0266226617716963
-0.014090165013051577,-0.015168898016893901,-0.004509668344604,0.0035537693498324248,0.07764350860855639,-1.6429287330306563,-0.6243377573392115,2.0614659969206772
-0.014308297811475988,-0.015082059710590496,-0.004315017380932494,0.0036462237882174584,0.07774407922746916,-1.6510534740461364,-0.48750001394767645,2.053167042824823
-0.014534039730945978,-0.014975886659936814,-0.004114517019976663,0.0037415731243432685,0.07849082629115732,-1.6519339633104877,-0.34777255513817074,2.0386353941160333
-0.014692137236898498,-0.01456909315713368,-0.004039410171096165,0.004149688318832348,0.09593861909427905,-1.7625726808576927,-0.15486791141281533,2.194888963883974
-0.014560675290044775,-0.014409104179948822,-0.00421416738428738,0.004361084994606065,0.10968556046537885,-1.864548328139675,-0.16674419364939175,2.353958201069652
-0.014561157028730475,-0.013851832046417588,-0.004258032939857325,0.0050482750151628,0.14858691583254754,-2.077375515124111,0.0870687361032322,2.7017213710823302
-0.014485698814677518,-0.01376332707950545,-0.0043559639662595386,0.005197395615294985,0.16029714033488185,-2.148216760104049,0.09396092534450094,2.8223654144592625
-0.0142960790812636,-0.013601880569445637,-0.004616897105448633,0.005509683202928649,0.19027497903737062,-2.315976515655845,0.07221691990680018,3.1186264447463823
-0.014339154134695858,-0.013644039894894223,-0.004556078961739908,0.005428631704745868,0.1823374512853522,-2.2740354741364457,0.07445334943609733,3.043211536874816
-0.014405727959803374,-0.013694797498232438,-0.004463549007660098,0.005326708008678086,0.17213871442746487,-2.216932550777783,0.08609421998030713,2.9418605161175737
-0.013623265840603558,-0.013445568842486736,-0.005742500418231517,0.00603868736314539,0.28897636126032167,-2.782399229929998,-0.463849514957037,4.057284262076961
-0.01296258836563878,-0.01411808861635611,-0.00664218621038616,0.004778365032616637,0.2311214823372236,-2.3250030441286427,-1.6017919851459548,3.5138242287402197
-0.012975112886355685,-0.014107790348581534,-0.00662856851237767,0.004800739898647342,0.2318670634800051,-2.3359445858431793,-1.5843650279823274,3.5260335627627613
-0.012948930629875404,-0.01416125981649617,-0.006631110522730617,0.004699074767928346,0.22496902439858638,-2.285818196588513,-1.6176312148823262,3.448646697342063
-0.01296169385929848,-0.014140686771569232,-0.0066257830546526,0.004739081621232052,0.22737007043495655,-2.3055911329010743,-1.6012643211886266,3.477457757963005
-0.012995563380009652,-0.014056884278414917,-0.006631911370180367,0.004896911003081366,0.2390477840145994,-2.383064107392985,-1.5569398536916508,3.6019074097162505
-0.012984596186820817,-0.014082138577877911,-0.006631924992060059,0.004848789843563766,0.23557300653632415,-2.3595660977284374,-1.57192532588287,3.5645004010645067
-0.012984925494287739,-0.014097399498579744,-0.006619577761028806,0.004822247278449729,0.23285535869200635,-2.3464170081625775,-1.5707320291958335,3.5392637613741313
-0.012997555631048438,-0.014073908472129262,-0.006615494820277345,0.004867590682366959,0.23586879407727293,-2.3685602101070544,-1.5533253050215245,3.5728013015067757
-0.013006234638320254,-0.01403079253675983,-0.006632527410898456,0.004946635029646031,0.24319496764316484,-2.407389946975849,-1.5413652094942754,3.64115531866388
-0.013008394312190724,-0.014047628625601166,-0.006616173475828639,0.004917433610699699,0.2395257320348156,-2.3928241545923297,-1.5382376889967502,3.6117787207580725
-0.012958119866692833,-0.014184943056043125,-0.006596425815274449,0.004662443536645776,0.2201415285232062,-2.2676571393580485,-1.6024488193082453,3.4080216475230656
-0.012976769798352753,-0.014423812060110836,-0.00637198504324199,0.004286083555793802,0.18281461809804367,-2.081549118410765,-1.551079963181417,3.0521665971168876
-0.01296670405171873,-0.014371539198827152,-0.006430499700190715,0.004362819508652736,0.19091198467426448,-2.119491721627597,-1.5702551876548243,3.127087950329065
-0.012947374371517896,-0.014228747462631162,-0.0065788258758628015,0.004584988682880919,0.213863140139361,-2.2293003442724175,-1.6127833149751567,3.3428809014465144
-0.01295448822110965,-0.014259533965058233,-0.006541913554848645,0.004537083598938872,0.2084878025196026,-2.205664639584343,-1.5995719278943368,3.2938983216745723
-0.012970925854180075,-0.014329829567481018,-0.006457997962940213,0.004430241195971975,0.19644666282127873,-2.1527980011883394,-1.5699432703160883,3.185794437786434
-0.01296301439745814,-0.014293350668475509,-0.0065004244769383485,0.004485511757338758,0.202600477305081,-2.1801469340404904,-1.584376772143387,3.241026531340809
-0.012966202204159002,-0.014211230314399867,-0.006561727564803097,0.004621453150686087,0.21516174557401516,-2.247349682930913,-1.5887275072826836,3.364445469449958
-0.013220876294434225,-0.014835309608107777,-0.005712959705556845,0.003797918339438725,0.12564833233171854,-1.8360446852812309,-1.2529508343987468,2.5242379546163964
-0.01329819543048672,-0.014843389089788845,-0.005608301093525008,0.003811113855664063,0.12202255721662458,-1.8384584688781378,-1.1825174282683306,2.503787048556072
-0.013027549691725194,-0.01445012849061454,-0.00627363916177598,0.004266097047151695,0.17612686897300842,-2.071226452503731,-1.486929147627565,3.006261373452546
-0.013194301132234585,-0.014752326374857613,-0.005807968822323254,0.003897625443598208,0.1336237238967536,-1.8854493414518012,-1.2839620478340186,2.6144264557712344
-0.013166709884600484,-0.014676936286106402,-0.005900436576675396,0.0039900547775484985,0.14291325641626337,-1.931541199938687,-1.3158622854133097,2.702156614292034
-0.013131901527928772,-0.014602137131942928,-0.006004350145688766,0.004082155590402019,0.15222580039488154,-1.977970247712438,-1.356999690552132,2.7948291675610233
-0.013101147533344813,-0.014532191164377432,-0.006101090386800943,0.004171569758839844,0.16222953159880227,-2.022932005338653,-1.395121581258847,2.8857203913525766
-0.013077727053042972,-0.014469511951072428,-0.006183329509825122,0.004255500045528544,0.1708061100923495,-2.0647430544606347,-1.4264091711837066,2.9697264529196463
-0.013004125577011897,-0.014014402643759534,-0.006648217412643563,0.004975069789080757,0.2448826380660747,-2.421101695833784,-1.5465640964738325,3.669199845193519
-0.012989524709198895,-0.014007835078080092,-0.00667962769225676,0.004982431832930591,0.2500830467118495,-2.4269833558613154,-1.5647408727917507,3.6881705114083965
-0.013627917289232438,-0.013460971535015291,-0.005731632570911319,0.006008063255992984,0.28001770492234807,-2.768010324835372,-0.47240227007106234,4.029094978086833
-0.013768511758367527,-0.013428507535869804,-0.005476058779751834,0.006019162587893814,0.2694340350273277,-2.714669189982868,-0.2799116853444587,3.897064135826272
-0.013787495982746973,-0.01343433698240948,-0.005441638350805861,0.006001276636298957,0.2658978538853109,-2.6998633197265005,-0.26284019578140067,3.8654109282264133
-0.013757099324831304,-0.013440604176064427,-0.005496045834554891,0.0060016574034829455,0.26873110769039715,-2.7129989611359147,-0.30145772061328985,3.895557743571325
-0.01374590148735532,-0.013452163359688527,-0.0055155524258765415,0.005984899463309057,0.268123557054508,-2.7113865111932047,-0.32235664274445125,3.894251550458389
-0.013856376332834958,-0.013452064288070492,-0.005319207478453615,0.005942392596221884,0.2544396134668043,-2.648617835444375,-0.20135601397648734,3.757539629628311
-0.013807994872998407,-0.013441602839117004,-0.005404759279802677,0.005980237895096324,0.2619937345160795,-2.683315956964565,-0.24544178491322963,3.830466421747477
-0.013832347871419102,-0.013448755757005382,-0.005361428828491188,0.005957902477335081,0.25792890361849047,-2.664626198927405,-0.224285651093346,3.7911760834425823
-0.013643581325070512,-0.013465218908985957,-0.005702063581291907,0.005995554650293388,0.27940476024506083,-2.7567255824800045,-0.4536938643670348,4.003487581408486
-0.013681222345406344,-0.013447125891499314,-0.005634260904463684,0.006016894566341917,0.2773635339555722,-2.7502390277176043,-0.39549126315541333,3.9822073772364277
-0.01367012257237238,-0.013458365167857296,-0.005653634780930477,0.0059998154149093355,0.2767161887982961,-2.748005734486263,-0.4166388590326509,3.980246796765574
-0.013709818745567698,-0.0134415650962305,-0.005582087165161461,0.0060171972402130215,0.2746142192866951,-2.738666452859606,-0.35723445327956777,3.9538267982626096
-0.013728023227494923,-0.01344727648147019,-0.005548360144297634,0.00600024553857905,0.27126531665937903,-2.7246377863793474,-0.3397163606646212,3.9231244515262005
-0.013697466730068702,-0.013452115414037133,-0.005603853076445334,0.0060021477150051655,0.27429934418083507,-2.7379170629068157,-0.3792200425661562,3.95477246729056
-0.01365927667959276,-0.013469607025627753,-0.005672419396432426,0.005982511826552519,0.27603804172441454,-2.7454557156350923,-0.4374522619483832,3.977728624997303
-0.01392044320816683,-0.01348079323990116,-0.005208371891152117,0.005866585011100021,0.24231122669507912,-2.593879524585878,-0.1569452065920296,3.6463683737083463
-0.01395746645563426,-0.013488011804198388,-0.005145836478823229,0.0058389093159035834,0.23701458815875842,-2.568159544732236,-0.12638043668644772,3.5946232008348917
-0.013995086152921325,-0.013490184578589491,-0.005083185001220279,0.005819172226226102,0.23272119703836083,-2.5449587158063838,-0.09271065595902934,3.5484384239658193
-0.013881261883802516,-0.013470798573060695,-0.005275611689047949,0.005899766509443501,0.24851194767097717,-2.6226049496427346,-0.18893952398073877,3.7048563196445596
-0.014019409251878586,-0.013527621652302202,-0.005043405310024086,0.0057472899058009464,0.22475887163139108,-2.5100722992561373,-0.09662478467178721,3.4811685278931255
-0.01423392278642252,-0.013586319749222833,-0.004708698171384196,0.005561322284260941,0.19720693321957244,-2.3582135552443346,0.03785623235043616,3.195027317557307
-0.014118785868220175,-0.013542610243876211,-0.004884447137737739,0.005680267624403055,0.21275806841876962,-2.4451048529558235,-0.022097121235837763,3.356210029723005
-0.014068050025215058,-0.013537235730027315,-0.004964907800519846,0.005710980831604575,0.21835046694544583,-2.477071633249796,-0.06079861618477921,3.417232143792688
-0.014152405639741206,-0.013591984830669297,-0.0048329805468277295,0.005588693003678043,0.20375454867526918,-2.401382655794432,-0.027894233381251493,3.274646167296203
-0.013577992201440452,-0.015076464695057612,-0.005121162238739472,0.0035964241006604804,0.09527289620975544,-1.7162381771410231,-0.9546671229496112,2.2439422505535096
-0.013371790488235112,-0.014917186726197365,-0.005466366715697539,0.003738911695192169,0.11283283602121716,-1.798848285045366,-1.1167756328527927,2.4194112086243824
-0.013501441611000161,-0.01496375570014551,-0.005278970353431199,0.0037128985079558615,0.10533741118754644,-1.7767958815535636,-1.0107060811444937,2.3533234296204086
-0.013746708275452157,-0.015062430027891248,-0.004936474152282973,0.003640384835448761,0.09142975344245628,-1.7201314106863357,-0.8326860938540683,2.220076132620798
-0.013930601329470604,-0.01502062409733561,-0.00474973423885515,0.003706211796891999,0.08949797686152594,-1.7277175114003123,-0.7039072396726126,2.204754360294088
-0.014483172058142292,-0.013963565301820864,-0.004357424912034607,0.00493306375656941,0.14311708314913066,-2.070928859210093,-0.016494626432086133,2.6893444545901057
-0.014510759708331766,-0.014092694958492066,-0.004313806276843733,0.004758361019620484,0.13257013410888743,-2.0067132008832185,-0.06251951096892792,2.5828160459170433
-0.014549362149518097,-0.014257292933724639,-0.004249217102716429,0.004543936885157168,0.11883522416791568,-1.927181077391644,-0.11344031320651794,2.45287193592586
-0.01451297716073731,-0.014733944588374378,-0.004201711366759352,0.004002046293693068,0.09146178346652246,-1.7501610112184076,-0.29663800596887496,2.184051974541991
-0.014121890808112287,-0.014936610831849642,-0.0045713013689950505,0.0038066015542571603,0.08963123266144811,-1.7433528044526685,-0.5693402304549559,2.2051981043078404
-0.014311436549720922,-0.014846001238785572,-0.004392335005072533,0.0039003541944181487,0.08992445919753693,-1.7497786827939328,-0.43670624223886473,2.1971271042850486
-0.01447036178681235,-0.014538689383769975,-0.00429502019979896,0.004229115969711914,0.1027009567259418,-1.8403052456444409,-0.2611721818850578,2.3216672116499844
-0.014416374780848402,-0.014366657897743714,-0.00439357404017062,0.004443993967092393,0.11733856090022578,-1.9283814194741395,-0.23229138324895618,2.46113672523277
-0.014449036288911976,-0.013853645905550719,-0.0044059776853581254,0.0050910365595533,0.1550217951563377,-2.130363606232495,0.021075286249939155,2.790935797848999
-0.01439166985326556,-0.013915201280110125,-0.004480892690942856,0.005029766184116373,0.15344299781988036,-2.1315753932606993,-0.047389448737051726,2.7935117358306316
-0.014381793438579113,-0.013774932670592273,-0.004498320247374391,0.005225290884482726,0.1658621677585814,-2.196096235216146,0.022920091866623287,2.904216450979694
-0.01426901676423818,-0.013650431173682072,-0.0046583560773626916,0.005450417404525049,0.18694141197779013,-2.3094083588871204,0.021818789993641532,3.105797957422
-0.014320353840151638,-0.013710795158863193,-0.004584690764040792,0.005341018110179299,0.17689007258377587,-2.2552324656596814,0.020387164739713855,3.008803377755413
-0.013612423365294984,-0.013456934686954743,-0.0057614370211701805,0.006020622559977586,0.28846927753611346,-2.7793662244178976,-0.48522740931549385,4.054029129796803
-0.013617049857057105,-0.01347239784346143,-0.005750430680002191,0.005989937174437701,0.27942473878790564,-2.764887718242587,-0.4937123707329833,4.025767116398037
-0.012979148600265425,-0.014126505843260102,-0.006606961681231905,0.004769812005629482,0.22830456429159665,-2.320608231605918,-1.577306918561544,3.4941247686570986
-0.012992358528470499,-0.014112787523509958,-0.006594810333935449,0.004798110289291654,0.2295585936153873,-2.334368589044454,-1.5591689671540774,3.511365295793322
-0.012972038895809048,-0.014166041070342212,-0.006587985830615574,0.004699649114781701,0.2221473343404743,-2.2860062412832245,-1.5845502666688664,3.4333705982017917
-0.01298489200409736,-0.014147616833958918,-0.006580616377203197,0.0047356641201266895,0.22427431844633947,-2.3036744634855606,-1.5677496916489366,3.458225599091105
-0.013010514442926913,-0.014064637201559002,-0.006599720792269379,0.004888101430178603,0.23634750142152575,-2.3783172954271485,-1.5346410137739868,3.582631580964111
-0.013000432424976952,-0.014093669435450963,-0.006595441697337985,0.004834013216703269,0.23208737901951165,-2.3518986823307166,-1.5484180964972685,3.539210177960343
-0.013011231650047176,-0.014080538555651534,-0.0065865381208735614,0.004860464044289842,0.23349599019552397,-2.3646419505232923,-1.5332191357340432,3.556205455843647
-0.013018994064892745,-0.01402137776298877,-0.00661671246609005,0.004967386226696696,0.2437345157724086,-2.4171704910767104,-1.5224334880762322,3.651149886974014
-0.01302126085415274,-0.014038302886901955,-0.006600279549176183,0.004937978283824282,0.24004430427524912,-2.4024984423692235,-1.5193785910185909,3.621549058281721
-0.01302347460055277,-0.014055571839921841,-0.0065836493969073226,0.004908135796858646,0.2368019360179536,-2.387730679031123,-1.5158727502640847,3.5919070413869
-0.012983290880067845,-0.01419107203837703,-0.006549201956528808,0.004661559891964415,0.21715789518425144,-2.267028388694197,-1.5668870786984856,3.390307468624725
-0.013012777129293563,-0.014395282085733535,-0.006339751865949672,0.004344114829223301,0.18463425405676473,-2.1099379406476317,-1.5101620962733175,3.0836337779048932
-0.013001403892924973,-0.014347621277057843,-0.006395462678671593,0.004414014906524739,0.19193253079891615,-2.1445348906827877,-1.529132785850939,3.1528151856838655
-0.012975542439873589,-0.014240187193890861,-0.006523012641687381,0.004577042104313687,0.2099129519115904,-2.225376812322816,-1.5732010626061077,3.3173074730688943
-0.012984983816228047,-0.01427253985559536,-0.006481680134466182,0.004527739799997668,0.20414414176432585,-2.2009363776752733,-1.557540387441259,3.2660240806049896
-0.01299473330380701,-0.01430814404220216,-0.006437541299485465,0.004474078523357531,0.19811363034812893,-2.1743095938593835,-1.5414849493389167,3.211189868060519
-0.012996766402596562,-0.01421909984048082,-0.006504686738929335,0.0046197534634729144,0.2116351575628164,-2.24621827798286,-1.5463081470890712,3.3428690845284836
-0.013273754386273304,-0.0147682357799523,-0.00569192649380782,0.0039010786913749283,0.1294930880569183,-1.8828240971613457,-1.2073278869512263,2.584053781574708
-0.013368060973185762,-0.014795185535109735,-0.0055514279741107906,0.0038914231373578696,0.12265317320400058,-1.8714815660139497,-1.1209525638875029,2.537506734048479
-0.01306030575152247,-0.014413456603465071,-0.006252640476123243,0.004333771792994251,0.1790933994396835,-2.1037792484834115,-1.4511097143243126,3.0476374405600115
-0.013109836718910792,-0.014426805623691663,-0.006167407341836861,0.004330475450836771,0.17435201722471264,-2.100286053998685,-1.3917125158342174,3.01719303616405
-0.013238693811168309,-0.014686738772798236,-0.005795473963392558,0.00399931858130568,0.13831044956549773,-1.9324039702957678,-1.243594234116986,2.677155549597708
-0.013203733118503211,-0.014612100725253265,-0.005896336622907388,0.004091359051364137,0.14777509166205985,-1.9788714444300448,-1.2812812154869266,2.768186015441548
-0.01316728374582482,-0.014542452706875875,-0.0059979784854236615,0.00417867469184273,0.1573016891789272,-2.0234226621379885,-1.3222601628424793,2.858286515291009
-0.013136072295660302,-0.014480587858536656,-0.0060885287733505955,0.004258777091551141,0.16624321741872647,-2.064059647207935,-1.3590807181798246,2.9418271877863895
-0.013016765295096178,-0.014004954242156732,-0.006632470085218779,0.004995923834721563,0.24539396454159676,-2.430939075104076,-1.5276573349096418,3.679319176382338
-0.013002100865175385,-0.01399842348874068,-0.006663942754606825,0.005003390840603004,0.25035822666643565,-2.436971892988457,-1.5457364431125447,3.698405714860661
-0.013632801614708862,-0.01347675165059034,-0.005720626126921733,0.005977380235657199,0.27868617363017595,-2.753612899393104,-0.4747296221811255,4.000082124976346
-0.01362187905651834,-0.013488266883758161,-0.005739324473566498,0.005959150058352489,0.27784152454165295,-2.750407749534625,-0.49588297759089667,3.99664152851807
-0.013736325944525535,-0.01346480242989575,-0.005531920602311274,0.005965474169771219,0.2671338198681712,-2.7079600681215408,-0.342113449182587,3.8892586441503005
-0.013775735321607557,-0.013446391721754873,-0.005462159560982325,0.0059841936402512804,0.26532427683285925,-2.698552361469376,-0.2845327283751708,3.864552434031394
-0.013793904376254478,-0.013451820242679602,-0.005429394004823638,0.005967547879596375,0.26216073238673077,-2.6846740092451,-0.268133059426011,3.8349821789913205
-0.01376349797208202,-0.013458974726136469,-0.005483376507384629,0.005966181017918668,0.26468009141760934,-2.696960255191748,-0.3070726945452571,3.8633498541041473
-0.013751589130987533,-0.01346675131910622,-0.0055042340542491896,0.005956528550677578,0.26482115195073136,-2.6982760736286395,-0.32596061266658266,3.8678627236011467
-0.013847613165143158,-0.013475630712092193,-0.005333770617579694,0.0059048002384836035,0.2515292809969511,-2.63886942222363,-0.22718809862288766,3.73965216957323
-0.013813488643284605,-0.013467343369794035,-0.005393930380528174,0.0059325251296026655,0.25712218092446365,-2.6634701196605213,-0.257586106605389,3.7912577178001743
-0.01364869961362298,-0.013481214704027078,-0.005690537507122167,0.005964316153251264,0.2752224035156861,-2.742322695338496,-0.4581319277975256,3.9741216098125776
-0.013686054623594783,-0.013463679111503438,-0.005623692969982416,0.005984757460806547,0.2736457669771011,-2.735750710500773,-0.40079745017303897,3.952904435012002
-0.013674769693780963,-0.013474015882295808,-0.005643314607352761,0.005969436002789249,0.2732195340937786,-2.7342145794626647,-0.4213430695854002,3.952350017730207
-0.013716133515077474,-0.013461365989834741,-0.005568866184682061,0.0059787771979980244,0.2702215005787312,-2.721300485438633,-0.36333554390576533,3.9188244259965908
-0.013700666165977295,-0.01346806242382732,-0.005596462597359001,0.005971839827732451,0.2710314821939933,-2.7248626388854804,-0.38620833243488273,3.928766675363545
-0.013664277811396605,-0.013485406158043084,-0.0056612473093192095,0.0059517907524394105,0.2724744485558166,-2.731334255102244,-0.44162566666646436,3.949128097048409
-0.013897521300453068,-0.013506840887339756,-0.0052467159769056726,0.005831543236519881,0.24081431960132396,-2.591322641095928,-0.1977524612619734,3.643462885873102
-0.01393647902118402,-0.013515278375586035,-0.005180653302840795,0.0058018349025006554,0.23531786406076982,-2.564320597442101,-0.16534278752285705,3.588788304343637
-0.013977142915435295,-0.013522171297446104,-0.005112808267076487,0.005773844364152773,0.23004114228462544,-2.5372744279871644,-0.1315075944307075,3.5347713962512013
-0.013861109464030436,-0.013500522912967522,-0.005309327667337574,0.005856458154572002,0.2461630810363137,-2.6156169740906168,-0.23017206148432856,3.693597855602327
-0.014038136927325789,-0.013563906978719838,-0.005012830553955688,0.005680792263680078,0.2180114373650693,-2.479725219853696,-0.10460658918483765,3.423246568851389
-0.013999029132155106,-0.013560845372332687,-0.00507616954111354,0.0057015413338726215,0.22245681177359164,-2.503091245488268,-0.1374718008815858,3.4691366620418687
-0.014196339409266547,-0.013652598125200316,-0.004766378533771927,0.005477976667190827,0.19265061720911136,-2.347667447378422,-0.03310898529237096,3.1755331294457645
-0.014080526930380092,-0.01359197529523819,-0.00494503024002278,0.005618814863438391,0.21027549213546287,-2.441268939553385,-0.08676398447177845,3.349923214943364
-0.014122241318065233,-0.013654311936766457,-0.004878927869411679,0.005505147769694051,0.19887264543258135,-2.386374148902419,-0.09205758364425713,3.2477959341784377
-0.013629756634124131,-0.014928612818285822,-0.0051456443922726575,0.0037789571976830486,0.10376463422918314,-1.7950776613012989,-0.9083589706853591,2.3552597353192266
-0.01350178179273632,-0.014829989241571525,-0.005359594595298569,0.003877078111498902,0.11531779121370853,-1.8533611606515827,-1.0056645036279186,2.473284642358046
-0.013787455477972853,-0.014898435032546007,-0.004973552346190776,0.0038352478348005065,0.10117575433296848,-1.8022185612212727,-0.7877136971967378,2.3380583041777343
-0.013959566332740966,-0.014838654245126712,-0.004797747243348887,0.00391693427486212,0.10028816730310029,-1.813665168802638,-0.6570574166125743,2.330432883783555
-0.014349973178605792,-0.014037453589593378,-0.00452695905249845,0.004879747939659575,0.1452156192109388,-2.096891537650125,-0.13533364081984792,2.7355760324161404
-0.01439513969758708,-0.014203217478307861,-0.004447320607187122,0.004652002756092527,0.12865254197851916,-2.006175008090801,-0.18136878144523114,2.5852254030061945
-0.014309387547840762,-0.014640509118109149,-0.004456830385304338,0.004134546563553928,0.10286253731551274,-1.8400173231033963,-0.3856599773708557,2.3326164150465067
-0.014121792682878678,-0.0147129058416594,-0.0046548704941723265,0.004064526783767228,0.10397131668637118,-1.8482850410319676,-0.5227514711650906,2.362918125843915
-0.014296764856214107,-0.014465289862448168,-0.0045181831546045525,0.004345575785437906,0.1146331135597989,-1.921397168855771,-0.33979766572069264,2.4587644749088065
-0.01428068078329972,-0.014301789419417787,-0.004575315060487744,0.004552486529560488,0.12645609817661227,-2.001927457092588,-0.2935921767729068,2.585593640081651
-0.014342362942821358,-0.013847809150640052,-0.004551386279891952,0.0051395695035303815,0.16167727171848642,-2.1840592636878395,-0.043996592550005716,2.8833021628518267
-0.014306213219532862,-0.013920445459034984,-0.004596976605610704,0.0050518359503688446,0.15695832815629135,-2.167721944253677,-0.1070070921523322,2.856566717420473
-0.01428752109824515,-0.013784071123917037,-0.004630684186991789,0.005249558147647083,0.17181727029526406,-2.239255949065056,-0.04539212826879304,2.9805910678770817
-0.01423890964534816,-0.013716498591861132,-0.00470256901637344,0.0053659743361048435,0.1824125711850947,-2.294888861908076,-0.0405125954666437,3.0797077681755582
-0.014237721877889823,-0.01397308875107358,-0.004686504254721214,0.005000289334586772,0.15720708604456035,-2.1730092209367835,-0.18060041214581113,2.868716596952543
-0.013606104653289734,-0.013483773825612473,-0.005769247659502849,0.005971795778591342,0.27912808067232314,-2.761645113686569,-0.5149841105720361,4.0223841719228055
-0.013601545239737611,-0.013468266409335265,-0.005780344176674494,0.0060024720524941766,0.2861826515931176,-2.7762376176489503,-0.5066788242052169,4.050615914971955
-0.012998364599516784,-0.014130686358081948,-0.006570690094311112,0.00476935170543336,0.22595611800347412,-2.3200652877959835,-1.549645508161838,3.480320733164142
-0.013010349491320478,-0.01411424594479461,-0.006562633347980622,0.004801675693117741,0.2277625039511775,-2.3356997867331404,-1.5333398589160796,3.502013514987471
-0.013004836638733558,-0.014148022638233374,-0.006546308857182675,0.004741950135558783,0.2224804788287414,-2.306384966532264,-1.5396826115902467,3.4503830426758446
-0.01299946223975508,-0.014169469338806579,-0.006538875613844567,0.004703722947106473,0.21937825022027832,-2.2876032398646267,-1.5459404125887146,3.418508497882443
-0.013031768666920351,-0.01401187106856408,-0.0066007903538267175,0.004988191323901815,0.24433253293612064,-2.4268770374645086,-1.5033727883823405,3.6610841359418393
-0.013026992612876523,-0.014075094250054794,-0.0065630594928869,0.004874980467891916,0.23299502940770125,-2.3712569735328723,-1.510523393049983,3.5583823424750465
-0.013020629722969964,-0.014095569739615892,-0.0065589156483884655,0.004837327090064735,0.2300967274776267,-2.3529531789082854,-1.5192816700863754,3.5279303984332793
-0.013034270200995178,-0.014028909706170073,-0.006584036840286572,0.00495856843580119,0.24052852781447953,-2.4120916111309314,-1.5001998028672963,3.631158320830527
-0.01303654040526126,-0.014046426380199825,-0.006567309385745527,0.00492822470938162,0.23724835952642273,-2.3970854808038276,-1.4968220155032232,3.6010762205274287
-0.013037279312167466,-0.014062058843485794,-0.006554627090524833,0.00490094986332555,0.234425235755839,-2.3836182588551744,-1.4957647435925547,3.575110748082988
-0.013008988787090642,-0.014195163658913832,-0.006502998166118184,0.004663915351255745,0.21435549198332812,-2.267767635142722,-1.5313372707724444,3.3754743565018726
-0.013043924055186314,-0.01436516190569799,-0.006315154283174398,0.004402296762284091,0.18671738188839226,-2.137966593254502,-1.4744440235856968,3.1174449430241107
-0.013030367742979523,-0.014321865120080539,-0.0063700205069484725,0.0044654143563697575,0.1936418379652808,-2.1693483499166266,-1.4946913848015069,3.1817012033496153
-0.013004424198221974,-0.014250368937304615,-0.006467564596695224,0.004571085160141619,0.20614033239716442,-2.222074132128785,-1.5336565678871248,3.2933363486722915
-0.013017711244142647,-0.01428366773081166,-0.006419970858015575,0.004521874659072567,0.20016650616854917,-2.1975166607337395,-1.5137661889082723,3.2403630911392765
-0.013019890917974342,-0.014213537893100965,-0.006470710871592088,0.004637163641882322,0.21058531256768248,-2.2543104048278404,-1.5154392182240004,3.3437662711108764
-0.013019509621573888,-0.014232235509876514,-0.006456937467394096,0.004606191277523465,0.20795765623915102,-2.239080757993222,-1.5147672553808034,3.315749949292582
-0.013325638645983314,-0.014701097020214514,-0.005668786103509443,0.004004052955503449,0.13334381245165935,-1.928571105846841,-1.1592070555787792,2.642576630444331
-0.01343036462779331,-0.014712656316231316,-0.005522528610340892,0.0040133322034905895,0.12859914813641068,-1.923929376041351,-1.0627496336732156,2.6045314909660067
-0.013088980234883758,-0.014378890346765996,-0.006234946156519753,0.004396623812640382,0.18187623440187473,-2.1336143986454026,-1.4187786712772648,3.0864581928449897
-0.0131339290286897,-0.014387117880241971,-0.006159918135509565,0.0043984176873233935,0.17796893554105206,-2.1323186163267454,-1.3648693105760008,3.0624422025415576
-0.0131612353600175,-0.014432277371672938,-0.006086123279498117,0.0043384129096733165,0.1706835914139546,-2.1015112024035374,-1.332134272538774,2.9960444811440268
-0.013280494318182042,-0.014618000989481173,-0.005785654778394378,0.004105102869611159,0.14351264386523535,-1.980561963033616,-1.2031444726903187,2.743261842615271
-0.013237334943053833,-0.014546348994459795,-0.005895000380365282,0.004193839918474763,0.1532357769455669,-2.0263566622008216,-1.2476150437384133,2.8359479193631896
-0.01319573472815697,-0.014484804294382852,-0.005997838944984231,0.004270855082777616,0.1624392010696514,-2.066549459320997,-1.2926654165740967,2.92085300802165
-0.013029379151155929,-0.013995444455651337,-0.006616665662047668,0.00501676540662986,0.2457083536593829,-2.440681358202092,-1.5086686711789385,3.689339801307122
-0.013044475839363148,-0.014002234907272905,-0.006584932821066728,0.005009094320552954,0.2449947474555297,-2.4365325744659554,-1.4843125122038197,3.6710551036408314
-0.013014647389398244,-0.013988972438811073,-0.006648183158969257,0.005024312166098989,0.2513690552652991,-2.4468199581460093,-1.5266247212462718,3.7085614280291193
-0.013610790254325081,-0.013499645052867937,-0.0057582209877533735,0.005941089497197148,0.2769934834517695,-2.747208169624027,-0.5171271197904606,3.993361846960257
-0.013626852338354555,-0.013504579735027765,-0.0057276366024840855,0.005927469498218984,0.27365512904733563,-2.735773466639968,-0.5002794272349166,3.9668562874302684
-0.01363802077969054,-0.013493040993597617,-0.005708680789020384,0.005945620474411474,0.2743808060060002,-2.7389080487827666,-0.4790213005651653,3.970099242325484
-0.013729282253414998,-0.013480928784488005,-0.005543246529937874,0.0059387791810231886,0.26511186683764665,-2.700591039297126,-0.3612000676724158,3.8762803017855716
-0.013747115918610525,-0.013480696240197982,-0.005511159723502398,0.005933048191308667,0.26295720878345485,-2.6911848486867953,-0.3405778195985914,3.854919456518203
-0.013785351125987968,-0.013469513463445612,-0.005443646080010376,0.005939275902494752,0.26006439379438634,-2.6777923333438456,-0.28993951983820804,3.822869652754327
-0.013765311441722439,-0.013478424316759158,-0.005478756208991745,0.005930692365802701,0.26110577836923493,-2.6828269223917567,-0.31844989647422856,3.83571953064325
-0.01382807693636721,-0.01349460061462853,-0.005366908239059551,0.005879206668582516,0.2507375533804947,-2.637724830157003,-0.26088903227497,3.739850944740468
-0.013802862421724158,-0.013489005431681805,-0.005411428977244979,0.005898331629025929,0.25474657213506485,-2.6552682777599506,-0.2840344082118392,3.7769499696186877
-0.013654432149538695,-0.013497646896415957,-0.0056777486951125646,0.005932263876255902,0.271474502432176,-2.7273389485330024,-0.4615915200345924,3.9436988542272204
-0.013677890185092087,-0.013489135487406951,-0.005635798807984642,0.005940697261207835,0.2700809951999332,-2.721665007679649,-0.42750512731979573,3.9273823402140158
-0.013692159202891017,-0.01348301207938964,-0.005610426527344919,0.0059473391048952395,0.2693577246407042,-2.718695304715094,-0.4063081557580461,3.9185668393188093
-0.013711443448729141,-0.013482292434994428,-0.005575402772527642,0.0059423188132710185,0.26714453972042757,-2.709118867080012,-0.3829384147214974,3.896164542156028
-0.013670636291691185,-0.013500973208328403,-0.005647575740531332,0.005921277793623677,0.26883711877582556,-2.716781528938346,-0.44392192560546834,3.9195814993265645
-0.013873353296213082,-0.013531911843376843,-0.005286701673652089,0.005798047955144228,0.2396795048406124,-2.589315066571721,-0.23897520692606297,3.642205578401757
-0.013912264456055638,-0.013541906800395217,-0.0052203361503594115,0.005766577238000416,0.2339751854122417,-2.5619611457545335,-0.20684290798512847,3.586466084408086
-0.01395404851345225,-0.013552006414965907,-0.005150260741198963,0.005733723207580346,0.2281391621959211,-2.533007219138654,-0.1732664910920879,3.5283728514206385
-0.013837368166864782,-0.013522643244481193,-0.0053490270582906,0.00582711209565178,0.24527088285479884,-2.6146831254250062,-0.2697937791816872,3.694713816327338
-0.014023669297000114,-0.013601856843698796,-0.005035161710359123,0.005625647669333833,0.21422554135219538,-2.4668593133679084,-0.14237823294249363,3.400024920400621
-0.013972581516284874,-0.013592293867769778,-0.005118106163130867,0.005660505340347685,0.22059424967349872,-2.499627977624289,-0.18229779652148126,3.464623620940859
-0.014161540538996304,-0.013716045597315388,-0.00481722189529045,0.0053964496487013125,0.1883381762145657,-2.3346961602192966,-0.09882678484807521,3.1530611821104766
-0.014049675136025693,-0.013657541184755831,-0.0049914620519445905,0.005527601224287617,0.20467214949466458,-2.422647794803654,-0.15453121350883184,3.317450130933451
-0.014092961253748114,-0.013715737998243223,-0.004921070728516898,0.0054218626401938905,0.194026305805555,-2.3693877976993463,-0.15332672762653776,3.2186713498071913
-0.013659407065899248,-0.01479135535385527,-0.0051841647222003705,0.003950959072114552,0.11266593739728693,-1.8700812794750146,-0.8737193994055567,2.46552408808027
-0.013551826656572398,-0.01470100890432751,-0.005370497002307461,0.00405074489654133,0.12457063789923246,-1.9284448258848348,-0.9539816705106311,2.5814292516607225
-0.013804981279933536,-0.014741579359748083,-0.005027981924616529,0.00402691459598439,0.11181313113244064,-1.8840236478050516,-0.7531837100587925,2.4611239098952757
-0.01394205395241984,-0.01467650383029906,-0.00488669136610486,0.004112330519121036,0.11109562631226448,-1.8991104352926194,-0.6394893808793424,2.4634057332735355
-0.014211421306278059,-0.0140679994610205,-0.004709718125266088,0.0048766831652687454,0.14951002571962077,-2.138063040713724,-0.24460789172104794,2.811856717186266
-0.014263687707818901,-0.01416341602688706,-0.004623764917731644,0.004735766871675263,0.1395835979738673,-2.072348184146115,-0.24872559443487266,2.700861189915137
-0.014151873844148503,-0.014533303719963557,-0.00467762005139078,0.004280115531034672,0.1145399286515696,-1.9281540624740217,-0.45594486750849456,2.482316582557742
-0.0140231046488404,-0.014569185084714215,-0.004826329074279764,0.004244734008567283,0.1179204400539321,-1.9396838352097638,-0.5565005878369179,2.5145609879789337
-0.014178740341790882,-0.014246824321402729,-0.004719482332703611,0.00464322864830909,0.1357657676141995,-2.0614206162233066,-0.34167819720067927,2.690004581674091
-0.014145266327607953,-0.01436757128790865,-0.0047335371575432305,0.004490556426945641,0.12758508308698072,-2.011544561950366,-0.4090275162113719,2.6130759115148954
-0.014243551745102188,-0.013870921171340755,-0.004688432280547029,0.0051417586481441666,0.16572653558526573,-2.2197082021318466,-0.12473402405678004,2.9477764036749567
-0.01419868626072654,-0.013785050893574671,-0.004758830721032361,0.005280772678742406,0.1783050980062764,-2.2820333272924107,-0.11027191322969022,3.0580878724420706
-0.014170815680562488,-0.01392934712801851,-0.004785942813445958,0.005081362520573167,0.1649010730827325,-2.223309777316742,-0.20881069115812756,2.9580513294833066
-0.014157533463489577,-0.013996692095935914,-0.004795514011150166,0.0049895039805191105,0.15947052951846888,-2.194699108237334,-0.25148342682325814,2.910590914968791
-0.013595100159537443,-0.013495070372147198,-0.0057880570306072755,0.005953682537782904,0.2786686888078318,-2.7583028304933106,-0.5361935705063291,4.018942994711249
-0.013599657093271622,-0.013510882678045032,-0.005777095450194686,0.005923167343570523,0.27624276286523536,-2.743955229052617,-0.5383073350823872,3.990102045832444
-0.01359063157195155,-0.013479563897172276,-0.0057991985829187916,0.005984258138689092,0.28387541145249556,-2.772953572643368,-0.5281299736573041,4.047136140151155
-0.013018602322647994,-0.014134939058936544,-0.006532808172846437,0.00476890158576431,0.2234886643399856,-2.3193072082095654,-1.5209525236684591,3.465862982412481
-0.013028974919391551,-0.014117033358501169,-0.0065284829692035485,0.004802955107028474,0.22571042971663732,-2.3357399780758,-1.5068701387275338,3.4901507457547525
-0.013022862027650576,-0.014157401601382881,-0.0065085632567615315,0.004732129693293417,0.21940165658835495,-2.3010096298987612,-1.5140591403192982,3.428869042788936
-0.013022691642635021,-0.014179276008951806,-0.006492243756076958,0.004695218277646423,0.21596380931691192,-2.2828392447991614,-1.5134388360135183,3.395106956689091
-0.013047287308836536,-0.014019248856622092,-0.00656782520051227,0.004979518677183936,0.24107228639656955,-2.421758728796245,-1.4809023480880692,3.6409988454643205
-0.013046470110097887,-0.014076261767924994,-0.006528230068248223,0.004878887935554454,0.23114853598532428,-2.3723733779365896,-1.4825297525355323,3.5480346430937035
-0.013038697721456933,-0.014095349169339274,-0.006527777594131445,0.004843395415612528,0.2285223602573722,-2.3552630610480976,-1.493494599398124,3.520720051093697
-0.013050240871574905,-0.014037177509014715,-0.006549784291647715,0.004948558160484555,0.23764619258624445,-2.406420602635307,-1.4767775394047364,3.6099054605018934
-0.013053008640417817,-0.014057312594920095,-0.006530485751221776,0.00491391620972264,0.23380783757749662,-2.389260431692417,-1.4730271435196227,3.575712993046566
-0.01306004319428114,-0.014009333202222167,-0.0065521073162582225,0.005000733576421779,0.24167817144182166,-2.4314702351227386,-1.4618707437270138,3.651186269327816
-0.013034192373080967,-0.014198321574666327,-0.006458589261176169,0.004667275311366661,0.21199393599270341,-2.2687443097091697,-1.4969469660697932,3.3619312416720537
-0.013071199630806675,-0.014334815376187318,-0.006295708758289433,0.004459200208546993,0.18910178786193,-2.1650467161406506,-1.442595698261191,3.1518386949857713
-0.01305455959427917,-0.014293634118273231,-0.0063531933598849205,0.004518796570870141,0.1959690310166942,-2.1949437844276027,-1.4657003319840476,3.214864402486112
-0.013037210631240605,-0.014255470189975385,-0.006410181660785747,0.004574365449227451,0.20294120241517816,-2.2228866943942727,-1.4901486298415816,3.2756216783653005
-0.013040783623867309,-0.014222921246092588,-0.006429082172893554,0.004628788359405307,0.20751590618073038,-2.249579555145339,-1.4869776550192153,3.322619745908075
-0.013366507992321076,-0.01462635443966708,-0.0056620428905471845,0.004114907423440805,0.13870670943422178,-1.9780376791578724,-1.1188459449001613,2.711276792919447
-0.01346837170596099,-0.014622302756497549,-0.005526262901164334,0.004141043466991067,0.13472738025372658,-1.9797633281994467,-1.0223923596481133,2.6850033943055034
-0.013114893694799143,-0.014347078129297119,-0.00621835386087979,0.004454223366030023,0.1845160903722877,-2.1606179599292226,-1.3886347430423982,3.121796544971797
-0.013150855843685628,-0.014355991624291376,-0.006156234282201149,0.004451298033181614,0.18102895095656446,-2.1571226130244607,-1.3453123383750598,3.0984215089189617
-0.013178117623479868,-0.01438549530230962,-0.0060936878303793,0.0044139516621854715,0.1754843266044093,-2.1371740711854237,-1.3132015047665984,3.0509924082944866
-0.013213724937262963,-0.014428858077417549,-0.006010072773841476,0.00435852035521088,0.16805512942852488,-2.1077569171861064,-1.2727587010016561,2.984619898502571
-0.013318661458637146,-0.01453922522233059,-0.005784301290061395,0.004224856510058689,0.14980914214602634,-2.034728000242246,-1.163177568164046,2.8209181629427142
-0.013258102289018811,-0.014481510028435033,-0.005909095341125519,0.004292697748267679,0.15942314164341898,-2.072460694702983,-1.2249029647672929,2.9066580946014775
-0.013057037156047007,-0.013992508279322392,-0.006569250118937087,0.00503000699684256,0.24565255588758458,-2.446100683421751,-1.4653662895280817,3.6810389711756417
-0.013041938971646842,-0.013985869527029468,-0.006600854930751492,0.005037594796847115,0.2459668990838895,-2.4503285232101804,-1.4896100256287468,3.699297617248049
-0.013027164159111645,-0.013979482020789878,-0.0066323496811262405,0.0050451947209665515,0.2531343189748041,-2.4565181942794676,-1.5074340979234904,3.7186653319914433
-0.013615466664032558,-0.013515837486892423,-0.0057469104626827645,0.005909763339047424,0.2730267848590296,-2.732770739982844,-0.5216007515053641,3.964046495063154
-0.013604211874287368,-0.013526917122616488,-0.005765849534763391,0.0058922129356585124,0.2723680942928764,-2.7296549500011604,-0.5426044841792691,3.961100829308578
-0.013631481225796313,-0.013520886769904324,-0.005716510239412689,0.005896075275287112,0.2700910637913138,-2.7213454180599066,-0.504547635395423,3.9378114229981027
-0.013643683241545189,-0.013510216586981968,-0.005695716716503696,0.005912284390780093,0.27051548150429733,-2.723378976877424,-0.48279086712513836,3.938660983164682
-0.013723786812067788,-0.013500217275406352,-0.005551234169431294,0.0059058501768708286,0.2624421097992827,-2.690070748880671,-0.38039924369388406,3.8570480458644414
-0.013740887881479506,-0.013496198336598781,-0.005520933727725656,0.005907375362983792,0.26090370086979814,-2.683879123671516,-0.3580682180256198,3.8419731318321224
-0.01375884446046447,-0.013499956955556265,-0.005488512898518197,0.005894562788407768,0.2582100275283609,-2.671732326771156,-0.3402265646396629,3.8154596316659224
-0.01378261800418365,-0.013498117914273699,-0.00544649194288959,0.005889539341435545,0.2556298315371524,-2.6602828011729236,-0.3123850892036461,3.789598922301973
-0.01380601975715612,-0.01351245801675442,-0.005404240967408941,0.0058560379714954714,0.25044831360208203,-2.6382005030338394,-0.2964851267925701,3.7438056653680687
-0.013661356120970296,-0.013515215839569597,-0.005662580689846871,0.005898006865039076,0.2674407982841481,-2.7110351590938033,-0.464224351234892,3.910669263293563
-0.013687761734127675,-0.013502905693430106,-0.005616095161617283,0.005912489755762301,0.2664251331135054,-2.706740103502295,-0.4245256269063193,3.896467647600502
-0.01370650860279593,-0.013501409790724365,-0.005582275664950419,0.005909293747846976,0.2643412111879473,-2.6981990138943135,-0.4013236523239268,3.8761075020570632
-0.013679134410633412,-0.013519015259775636,-0.0056296675047918495,0.005885843153222115,0.2645491629280743,-2.6995077107818406,-0.44510572208418414,3.88447362871727
-0.013845736583844184,-0.013553861472613503,-0.0053323351311662945,0.005770483745022439,0.23936297480270308,-2.5903463505330477,-0.28169987629402277,3.647580888243187
-0.013884435106384724,-0.013566460431450215,-0.005265702335680775,0.005735477783988156,0.2332281032327744,-2.5620180877023873,-0.2504868754737672,3.5895445137187543
-0.01392653445371158,-0.013579721104651086,-0.005194478519853281,0.005698170825684448,0.22709414331503566,-2.5315881526147783,-0.21770324773240143,3.5281854398424444
-0.013809968100077053,-0.013542481324273058,-0.005394885074999038,0.005802384828921179,0.24522310397368638,-2.6164781217069186,-0.311840639273439,3.701961688888319
-0.013991488987549976,-0.013637512365971736,-0.0050849491322641875,0.00558046233536998,0.21261343353952997,-2.4638328674434464,-0.19353611411668378,3.396861155218751
-0.013940718713840203,-0.013621821104998467,-0.005168255238547622,0.005623815929128269,0.21983416638053963,-2.4991828097291093,-0.23081075865690304,3.4667215284847432
-0.014001392234257332,-0.013683136041108008,-0.005065845067868989,0.005504320196778513,0.2059617734083226,-2.432960433914283,-0.21253790809311485,3.339830416703099
-0.014120164620951942,-0.01377303048372261,-0.004875854922692213,0.005325695259240847,0.1849286236175368,-2.3260507898872476,-0.16458966905402606,3.139916253800459
-0.014033662191955452,-0.01371733063378784,-0.005012404842865529,0.00543979564558961,0.19882155417890005,-2.398002440806415,-0.20428922274155034,3.274264287902801
-0.01406506876141465,-0.013757061793687667,-0.004960538859150396,0.005368165592571401,0.1912190300125285,-2.3609260563570436,-0.20049978801591645,3.2056012777101848
-0.013570931363851336,-0.014597760412003419,-0.005402059706825494,0.004189856000692104,0.13231946152657767,-1.9897266816308739,-0.926457648376339,2.6754304929483337
-0.013679716563719323,-0.014647006226243767,-0.00523275421971448,0.004137074788348805,0.1239410516259277,-1.9510921780461339,-0.8389282546523835,2.5892968427812613
-0.013817072442886803,-0.014615007822419378,-0.005070160504573414,0.004187416914233453,0.1209836211655524,-1.9520565602798394,-0.7219279196148546,2.5652761813947422
-0.01411897838709326,-0.01405808301548508,-0.004839551163383581,0.004912393153520286,0.15536848604229553,-2.1780574674140083,-0.3089256953087594,2.8866816876727537
-0.01391594658585127,-0.014542325903713403,-0.004972862666161041,0.0042821941499806525,0.1229429275989218,-1.9750881536910796,-0.6289531987787407,2.5852665817509393
-0.014127614792922637,-0.014149031133215613,-0.004809520319682274,0.004784508336003122,0.14715714800793658,-2.1280829030029893,-0.34054656172378966,2.8029668643669092
-0.014014927001509114,-0.014444361124941758,-0.004879650014549188,0.004404822799989799,0.12755937045485555,-2.006488936459167,-0.5277004128886437,2.62036173145253
-0.01407798635008231,-0.014252997544304995,-0.0048525910763382194,0.004651716532364247,0.14114507040533011,-2.0901357401463883,-0.4182210285639208,2.74656646872744
-0.014027534008170991,-0.014332188587950597,-0.004898487979548197,0.004551609495481105,0.1351183170732559,-2.06269889583557,-0.48400957495355434,2.709011465233586
-0.014138556997052234,-0.013854222964711466,-0.004841133806386289,0.005199537356807177,0.17498289446646245,-2.275572355339858,-0.19409849952855346,3.0502516516858718
-0.014099005406902355,-0.013935330424677546,-0.004888492940904314,0.005092627606800907,0.16976135299677628,-2.2505480137155174,-0.2667427863888789,3.0105006025811885
-0.014070223285231314,-0.014005824428291583,-0.004918423080301464,0.0049977713268709026,0.16379637190088314,-2.224332775814393,-0.32308568104248353,2.9688656689812927
-0.013588577482511329,-0.013522036113602013,-0.005795759769626236,0.005905252887794451,0.27560460942200754,-2.7405600131353745,-0.5593250442986456,3.9866688824064185
-0.013593157786917885,-0.013537912004000043,-0.00578430964164573,0.0058746343454317085,0.2717018103461895,-2.7263314493964503,-0.5632655931275322,3.9578117286367314
-0.0135840756770109,-0.013506300639338475,-0.005806788446638115,0.005935560611862425,0.2778416874122605,-2.75484537705657,-0.5573505708939129,4.015368687326052
-0.013579682470325219,-0.013490827038345836,-0.005817976873656494,0.005966003462606613,0.28294697045398,-2.7694801186171554,-0.5494951243015322,4.0436007414562125
-0.013043656768911067,-0.01413874013278589,-0.00648727003625385,0.004770523853740445,0.22084695537045998,-2.3191542143896933,-1.4858567190297667,3.4499252859956893
-0.013048285774389727,-0.01411408681934542,-0.006497516068209326,0.004814061298251831,0.2244597238355892,-2.340422240212123,-1.4797632802102614,3.486893929766899
-0.013047811145045426,-0.014172208903406371,-0.006455428748866281,0.0047153357021614785,0.21492116911880715,-2.291883513394683,-1.4793970578514186,3.39668297736149
-0.013067032757617239,-0.014151683165163634,-0.0064381942751160996,0.004755836990293931,0.21687575947488696,-2.3109167841371523,-1.4535513308172017,3.420637132558066
-0.013072456759722415,-0.013999360112678846,-0.006536886466151136,0.005021849697010797,0.2423297180315425,-2.4410579744232908,-1.443225601175776,3.6614437425452393
-0.013063462187260552,-0.014026858493724587,-0.006533714685059782,0.004970520337137469,0.23828615339311413,-2.4164742633770158,-1.4573005978194329,3.620499682680365
-0.013062004322403778,-0.014073760246977646,-0.006503000818058273,0.004887796296472871,0.23015205603191644,-2.3759526013147787,-1.4603744376893688,3.545080487561138
-0.013060833189015944,-0.01409404908059337,-0.006490472733470086,0.004852308343873117,0.22694669309756052,-2.3585944975026094,-1.4621685996093539,3.5131913172569833
-0.013067252528177233,-0.014045067145007103,-0.006514198745910604,0.004939442061535186,0.23472603935410508,-2.401006543500339,-1.452289454611919,3.588916456489408
-0.01307204223646383,-0.014062626990323478,-0.006493425522147955,0.004910026883217965,0.23127389460844092,-2.3862928113717774,-1.4458895810524057,3.558305213554462
-0.013076069129321145,-0.01401655427109664,-0.0065185599528670285,0.004992175448168864,0.2389657011613373,-2.4263105774027394,-1.4385956832938496,3.631159488275379
-0.013061598664732244,-0.014201307671512677,-0.006410893857940134,0.004671257146147116,0.20943885998584544,-2.2696422505127765,-1.4600616742323267,3.347518969306273
-0.013099367126368243,-0.014306282482339033,-0.006272523810466105,0.0045133348266023785,0.1911320060780385,-2.1903764480124797,-1.4086816360854877,3.1828222955228225
-0.013080725538577503,-0.014265334401799579,-0.006332378975240658,0.004572800021748729,0.1984137413860669,-2.2204630827378598,-1.433406180414946,3.2469998323400726
-0.013070783084055683,-0.014233120723079994,-0.006372283987512374,0.004621880367978092,0.20376727134848413,-2.2449288400307625,-1.4471946274588838,3.297061350446415
-0.01340110018058799,-0.014556004973387441,-0.0056580762701656994,0.004219205218196461,0.1445002544743991,-2.0239745314430575,-1.0815696499337504,2.7767591758700925
-0.013491522031855122,-0.014537088088507191,-0.005543590313572869,0.004261352797378636,0.1418243601940609,-2.0330067223935675,-0.9926850781795805,2.7657857145669493
-0.013368786455937313,-0.014494652421626734,-0.005741125445568162,0.004299235245504563,0.15231419603480617,-2.0650945411114137,-1.1097599835187257,2.855314992709042
-0.013145030304360846,-0.014319371065957029,-0.006191235365144259,0.004506522208206423,0.18626482280990422,-2.1844448693885012,-1.352414831155027,3.149591074010514
-0.01318216926347984,-0.014341595292070398,-0.006117942075708093,0.0044823822967126475,0.18080219542395007,-2.170120779428832,-1.3080833255460247,3.10701249435788
-0.01322218813479017,-0.014373414326571724,-0.006034954838188392,0.004444193177755083,0.17431443776718122,-2.1485216630199417,-1.2621674292174363,3.051874532488622
-0.013266973653666789,-0.014415651158100418,-0.005939611494291116,0.004391792370046957,0.16652597893921992,-2.1193744468940228,-1.213207019306404,2.983557594884683
-0.013318279241662047,-0.014459932713665394,-0.005835617055231828,0.004338505233350568,0.15845802232404174,-2.088879336279822,-1.1602855368003395,2.9126893834995182
-0.013069448373005181,-0.013982764342333151,-0.006553698574024846,0.005050801544362781,0.2462284011999399,-2.455523303991912,-1.446532574156089,3.690924058912159
-0.013084597660087856,-0.013989454834517323,-0.006521954622924971,0.005042670344183927,0.24300239724955167,-2.450427434656888,-1.4248699620151442,3.6715375121231006
-0.013054429120231833,-0.013976248010863014,-0.0065850517216543445,0.00505837831372992,0.2464068486998582,-2.4598579391474793,-1.470495565602004,3.709185405631479
-0.013039651051762191,-0.013969952327613142,-0.006616453777678505,0.005066023426189813,0.2548311567131021,-2.466078386938723,-1.488222072164645,3.728692168625473
-0.013619973223413935,-0.013532454082109778,-0.005735764594651762,0.005877875170691462,0.26937779337673384,-2.718124541575954,-0.5260039021759425,3.9346291110469447
-0.013608550524376322,-0.013542596685555531,-0.005754990852340061,0.005862136577547731,0.26894427343444266,-2.715754965889072,-0.5464273920251945,3.933165512093542
-0.013634512758345124,-0.01353671295578953,-0.005708334824711015,0.005866194461494936,0.2668602441848798,-2.7081093289021396,-0.5104707233429497,3.9116507816616037
-0.013650042788992574,-0.013530109774840269,-0.005681007513220879,0.005874025897936131,0.2660978660399327,-2.705620840937112,-0.48729442806969725,3.902991322891943
-0.01371859861886462,-0.013517617166351914,-0.0055586177363333815,0.0058762494094000296,0.25987666986766994,-2.6806088890578423,-0.3977535026739059,3.8399244308406493
-0.01374144705580978,-0.01351858507524394,-0.005517661892417126,0.005867193970924015,0.25707045443131643,-2.6681609954674315,-0.37209003147706404,3.811711679094878
-0.01377568646098091,-0.013527719850264023,-0.005456122456373406,0.005839722491119341,0.251516089322316,-2.6441963250419573,-0.3395966862964813,3.7599435104834376
-0.013670219339660856,-0.01353337204534947,-0.005643793265391995,0.005862395925083364,0.2631516144181667,-2.693506047213523,-0.46480632468191946,3.875013299714625
-0.013700243538973391,-0.013524313652299693,-0.005590787809310374,0.005869906593040273,0.2610749824969878,-2.6851602510657395,-0.42344061513908265,3.852378286335085
-0.013686546474731519,-0.01353525283094641,-0.005613990579933677,0.0058542766490813376,0.26079999664465014,-2.68416553081349,-0.4464979978998482,3.853460155279759
-0.013816049819478867,-0.013572302694504577,-0.005381544129360174,0.005748888722710475,0.2398769877318816,-2.593913634592877,-0.3245517471972654,3.6585322210525035
-0.013853756211113658,-0.013587311489236512,-0.005315790163576552,0.005710849114151096,0.23345080516106045,-2.564997352961347,-0.2948377043797479,3.598984835491087
-0.01389407957643786,-0.013604621321776837,-0.0052465724218854785,0.0056682097949622,0.22661629707105677,-2.533534856602085,-0.26513461416703915,3.5353542920427885
-0.013782434103665291,-0.013564942095263096,-0.0054404217590048095,0.0057724479062065265,0.24471621839381744,-2.6158867327013833,-0.35599823480831067,3.705233434845041
-0.013798215443197264,-0.013590518616495614,-0.005410180281576904,0.005723282545718545,0.23885071920229345,-2.590961506020783,-0.35493254448629213,3.655873630489867
-0.013597815208050026,-0.013553734739923535,-0.005772656265955894,0.005844262025812528,0.26821780680992985,-2.712148437666464,-0.5665705989733851,3.9292517547267423
-0.013956373282714055,-0.013670164413214904,-0.0051388249755097695,0.005540103918225619,0.211673526932704,-2.4628341154327384,-0.2457627925356828,3.3983175621683865
-0.013898718803877167,-0.0136511179299991,-0.005234451447010953,0.005589789630570769,0.21986417599382782,-2.5027955964292725,-0.28895235072969255,3.478141022373653
-0.013978390529707094,-0.013720967938254048,-0.005098698560028469,0.005452036558048244,0.20311955751347358,-2.422596088074282,-0.25539149771751685,3.323365807408809
-0.01406417391377381,-0.01381006365480325,-0.004956474974990069,0.005287949051122675,0.18548896607066154,-2.3326716693870693,-0.23056992003448454,3.155618174618788
-0.014014381808069111,-0.013769146062473273,-0.005037177114818236,0.005365620462636063,0.1942140058548696,-2.3782735889339843,-0.25060608155612535,3.240761396934563
-0.013643997339805716,-0.01454713058258041,-0.005329861090515284,0.004266172638600135,0.13412342080922454,-2.0139272765754574,-0.8547843666480844,2.697360943208646
-0.01357793106615924,-0.014504592520865178,-0.005441603662875077,0.004317611093664804,0.14081039756874622,-2.047267086244372,-0.9076027585647246,2.7667355529118294
-0.013738152278621957,-0.014538645224288826,-0.005207603321470536,0.004284083707725029,0.13130202656856474,-2.007437991051813,-0.771472610225797,2.667639049908418
-0.013821393692753661,-0.014512714553509077,-0.005108379888758132,0.004321058105458976,0.12968006712082136,-2.009199282548016,-0.6969027806771881,2.6552409357415647
-0.014035449519342519,-0.014083316075565662,-0.004952428102085811,0.00489408229197734,0.15848673360030427,-2.195016003539458,-0.38499396174616035,2.9236716268744014
-0.013877084445462767,-0.014436210583229405,-0.0050647107106894405,0.004422581653442414,0.1335026762815429,-2.0422647584787104,-0.6334158037188268,2.6979452067632668
-0.014015494030568305,-0.014170128032341522,-0.004959802801158777,0.004775008617378693,0.15096639819798033,-2.154558273863893,-0.43626420758525536,2.8591694053977488
-0.01392775601499962,-0.014344454884307176,-0.005029089428001086,0.004544149418119424,0.13987083413282672,-2.082352595993523,-0.5666619803618195,2.754217030507249
-0.013973268599433073,-0.014252241903010866,-0.004995921966511898,0.0046663694107698045,0.14577066576369793,-2.1216605634528007,-0.4997657688548278,2.8113081190921663
-0.014051406398274548,-0.013879184822405598,-0.00496673836340165,0.00518797707410987,0.17859858091110628,-2.300869914877472,-0.2777155316739024,3.101183788990422
-0.014005496616803975,-0.013946711108702195,-0.00502390342701105,0.005098978625519329,0.17405706993627026,-2.2821543170561625,-0.3492681535430814,3.074186389002214
-0.013992488786610888,-0.014015689972296644,-0.005029291922253279,0.005000071706387784,0.16784905280841875,-2.2482840874143997,-0.39215815026796125,3.0182068829017683
-0.013582331136335266,-0.013549192859515597,-0.005802168509764669,0.00585634171366477,0.2709265898914038,-2.7225131031655407,-0.5837533918874095,3.9536089010195563
-0.013577569570940766,-0.013533209283053607,-0.005814161172951819,0.00588715159397797,0.27497849932559687,-2.736937905637155,-0.5802029997140079,3.9828940483862234
-0.013573051841413974,-0.01351749928735727,-0.0058253991611108375,0.005917363308044696,0.27677314186570884,-2.751242553385254,-0.5784833783889908,4.01159533844946
-0.013568698043612793,-0.013502055721075013,-0.005836677047558442,0.005947710076814401,0.28329538557840567,-2.7658328742216405,-0.5707522937036638,4.039944576552725
-0.013071580472618598,-0.014123628247524833,-0.006450767328926765,0.004804741399044749,0.2208878172820961,-2.334644613210148,-1.4473456100365278,3.4619595073601697
-0.0130793619967877,-0.014175229422098057,-0.006400443706657935,0.004720073633918223,0.21214781287871706,-2.2927610534473923,-1.4367229625828768,3.379941789087359
-0.013091730466928724,-0.014147950103112466,-0.006399269187561973,0.004769399531850186,0.21542676665942898,-2.3162310097331376,-1.419959869661709,3.416181510003817
-0.013088012118222638,-0.014006177604413824,-0.0065044749668517685,0.0050136860329820865,0.23971450532264546,-2.436024987613141,-1.420732062393838,3.6420827742331467
-0.013080283045351493,-0.014034435601554924,-0.006498712068204043,0.004961675448767826,0.2354134896427119,-2.4110981593003378,-1.4331932179479183,3.599849461045974
-0.013078325035780776,-0.014081591120639473,-0.006469131848955416,0.004878835134623096,0.22738821101286155,-2.370623014171261,-1.4373779366480457,3.525097044645737
-0.013083336681647025,-0.014101359294530887,-0.0064465394161396915,0.004846185915869958,0.2237617198535225,-2.3543322080568987,-1.4307589519852553,3.49166228735628
-0.013084718585109211,-0.014052485360896783,-0.006478395127063199,0.00493118788957365,0.23183440994609858,-2.395872714769915,-1.4275203398770413,3.568549521411819
-0.013087961770299698,-0.014068645860695766,-0.006461502894964467,0.004903910010558962,0.22897298521002513,-2.382292921319201,-1.4234630582235601,3.5411526069252957
-0.013092534800900661,-0.01402367659423768,-0.006484517846548449,0.004983825486936085,0.23619515165479732,-2.4210998588452877,-1.4150893236894257,3.611174738562259
-0.013099453660583215,-0.013996140055015698,-0.006490899482142613,0.005034378240935433,0.24044480796601184,-2.445290511880725,-1.403491032762994,3.65253613624018
-0.013096042613259223,-0.014204627080115422,-0.00635162504620853,0.004676347568645058,0.20628136943653272,-2.2703627306963416,-1.4145191094673188,3.329590434307684
-0.013129794023674637,-0.014277461847718139,-0.00624499440291893,0.0045683045045719385,0.19325826103247726,-2.215583568902797,-1.371135629548708,3.2127270518967577
-0.01311252568088526,-0.014237580922171072,-0.006301122281278225,0.004627369491123588,0.2000170368683287,-2.2454951042921434,-1.3931402348809254,3.2755241747684933
-0.013428776674917318,-0.01448310179579199,-0.0056625253918493905,0.0043269010925451185,0.1502936012759122,-2.071395290069375,-1.0480295464783234,2.847115333106448
-0.013502247125886957,-0.014458486429873761,-0.005572006415915006,0.004373046060758043,0.1493657617622373,-2.0833998389145747,-0.9725846990943069,2.845760268836082
-0.013377114723882064,-0.014434997402958253,-0.0057653265833749094,0.004386860245604849,0.15810498416874982,-2.1056053819640392,-1.096609570492955,2.9207038888344283
-0.013175636471266834,-0.014294079338712073,-0.006160798965157129,0.0045547417045257756,0.18758667240409196,-2.2057785852326757,-1.3150146823406983,3.173026571713676
-0.013221273734173498,-0.01432146286383062,-0.006071049682087909,0.004523676214048817,0.18103548110755807,-2.187011446148642,-1.2613986025611217,3.119454965905589
-0.013268925342532477,-0.014356339759172096,-0.0059751450377335405,0.004481455377180103,0.1736493938867272,-2.1623112686325388,-1.2081658422710413,3.0567887653222043
-0.013320621976734266,-0.0143938520433407,-0.005873651942521805,0.004436285590159963,0.16620026756895837,-2.135369506981991,-1.1532210000490821,2.9908780515997697
-0.013096829684150655,-0.013979891869419642,-0.006506482130429591,0.005062795476151713,0.24360400703235727,-2.4593583631525706,-1.4062923489363446,3.6808165936584802
-0.013081802393209005,-0.013973083479016888,-0.006538059122311992,0.0050713594093341275,0.24669418000306523,-2.464739949804207,-1.4276663739346962,3.700537394425567
-0.013066863615462457,-0.013966609441802107,-0.006569211763254268,0.00507907036214448,0.24721498336388548,-2.469239012383643,-1.4513321309047846,3.718952841980243
-0.013052107945002958,-0.013960383452653272,-0.006600507967264686,0.005086782026155358,0.25554813913439417,-2.4755318628040106,-1.4690331516427977,3.738571080687699
-0.013611328640114651,-0.013557786953288655,-0.005747036454406885,0.005833528707159309,0.26582641280173314,-2.703001961254299,-0.5519211215714156,3.9080289717034042
-0.013625658212314267,-0.013551888764478673,-0.0057218948240011685,0.00584073937583078,0.2651353710845443,-2.7009136920467247,-0.530542049245096,3.9001832637472376
-0.013645009442426302,-0.013551315570711334,-0.005686710741549978,0.005836752514901005,0.26297764102206117,-2.6924059642649856,-0.5063392611924183,3.8789976501618546
-0.013662989849207236,-0.013549979378082461,-0.00565432057481288,0.005834337283675608,0.2610153397502816,-2.6849051950645415,-0.48370462383067386,3.86029667704465
-0.013722387468493647,-0.013538984737039052,-0.005549228905902179,0.005836853801528745,0.25584192320793303,-2.6637526854775793,-0.40691822966254004,3.806989429445505
-0.013752311084542872,-0.013548841175336234,-0.005494990842550284,0.00581012399462513,0.25075919009102576,-2.641910064995592,-0.37912586338562343,3.7597097222019364
-0.013681675275100932,-0.013550325524493362,-0.005620554196881202,0.005828524419079499,0.2587749655179013,-2.675723279051665,-0.4616035221804842,3.8384574913215146
-0.013701722004573128,-0.013547736743334536,-0.005584961182620585,0.005827413236920326,0.2568573961983409,-2.667819713547995,-0.4364111818874477,3.8189984573914786
-0.013754185116575321,-0.013574239051147699,-0.005488559352911231,0.00576496324600245,0.24645984697654816,-2.623713425592301,-0.3929741853791044,3.7250138998060818
-0.013823983879962642,-0.013604499264488985,-0.005364500772003993,0.005691333535558348,0.23386445722441743,-2.5690701303296586,-0.33629701125650385,3.610922110894609
-0.01385973557002193,-0.013622190194808238,-0.005302198176321846,0.005650190037441203,0.22764655050412105,-2.5400031184203304,-0.31033260255731365,3.551718492531602
-0.013770626129077587,-0.013598264862202227,-0.005456784866579319,0.00571827165183436,0.24075333519661113,-2.5994105063061865,-0.38942777388527183,3.6764381891620244
-0.013797983283801924,-0.013612584166019188,-0.005407843979787925,0.005685522456614794,0.23563393949333106,-2.576537000973258,-0.3686637358607985,3.6290291034050264
-0.01358766515735634,-0.013565592806371712,-0.005788968889573033,0.0058248046642935735,0.26727137567092335,-2.7075698437495572,-0.586311589784203,3.9234063275236513
-0.013603862445324947,-0.013569365748708713,-0.005758453867421722,0.005814108650651308,0.26461253722388256,-2.697577163202993,-0.5679899058350911,3.899748185604469
-0.013924769926496688,-0.013706377491856776,-0.005185866290066552,0.00549182169059179,0.20944487992754057,-2.4566640679878087,-0.2967162282724834,3.390765265987745
-0.013855478086727486,-0.013659397694436562,-0.005304947306701496,0.005589440757800658,0.22279962989933627,-2.518659667922757,-0.33682661102954814,3.5131199525273606
-0.013874632987769933,-0.013693745104004437,-0.005268879980283255,0.005527155562292051,0.21625762788186761,-2.488154406956213,-0.33755289759636814,3.4547052447146585
-0.013946185141872297,-0.01376702458949057,-0.005143884549587747,0.005388975049064013,0.1998949048297485,-2.4107973376696035,-0.31052523101293733,3.3059416245515654
-0.013995259840281389,-0.013824385419420685,-0.005059500116706982,0.005286139587010258,0.18925083281623592,-2.3557003389439175,-0.29715786746656936,3.2028161247837517
-0.013662261812484686,-0.014473318916082684,-0.0053407302687142515,0.004368167477559675,0.1400648330090535,-2.057094827994375,-0.8254441767615569,2.7627033262713265
-0.013580660062142568,-0.01442646087936373,-0.005477532664189864,0.004427201982373799,0.14881000979646927,-2.096799040939823,-0.8920371784125726,2.8470747742030755
-0.01375871271094551,-0.014431383233894379,-0.005227095383740347,0.004429747821702686,0.1390750154004039,-2.0676269092606034,-0.7314878351163755,2.7598465497202276
-0.013962545389804912,-0.014063132437237313,-0.005062144834708765,0.004936323439322537,0.16418335185381897,-2.231813454993229,-0.4375577564823462,2.9946428774097065
-0.013968159779671103,-0.014116687591320513,-0.005040591891702922,0.004858000876152833,0.1594276562011627,-2.199348611195445,-0.45413026277811214,2.939509775461678
-0.013823750668462732,-0.014342036432707069,-0.0051730880689125425,0.004552761460703373,0.14495432279760959,-2.107990234684907,-0.6526166965701795,2.8130577347549823
-0.013928315774599298,-0.014173684569387068,-0.00508205603689981,0.004781959825567265,0.15543215457510698,-2.1791441819795874,-0.5095513711084966,2.91177454797381
-0.013867960350682147,-0.014243357923531624,-0.00514609691941697,0.004688925661004013,0.1518186805672879,-2.1555131701431485,-0.5851036273921766,2.8826418612103564
-0.013973661673894373,-0.013884343493543533,-0.005083019220150622,0.005200148246787672,0.1836429753317537,-2.330429951468743,-0.34678186041603465,3.1613694878751226
-0.013952533121624588,-0.0139750324485831,-0.005097093347096414,0.005068130459343855,0.17552851670912079,-2.2862066284741225,-0.40796577265014483,3.0882747649249866
-0.013946976234542025,-0.01393143794886839,-0.0051145655425688516,0.005134817868720651,0.18014124784177366,-2.313655290347926,-0.3927674334458805,3.1360615098251308
-0.013923694578577811,-0.014020641474373916,-0.0051296582389484474,0.005005514364443367,0.171724304942383,-2.2700158146450913,-0.45351117667578805,3.064902538858051
-0.013571389172442215,-0.013560587378155312,-0.005820086372041241,0.005837740590504255,0.27015069853844437,-2.7184894893784093,-0.6043936709170507,3.9491479830654748
-0.013566557710299963,-0.013544436282772266,-0.005832430715040149,0.005868821843664146,0.2742507474464589,-2.7330999833614347,-0.6010526131132067,3.9788172790518455
-0.013562015471195938,-0.013528691000526664,-0.005843907014657508,0.005899052737134032,0.27582813945161,-2.7474795430412704,-0.5996122799246718,4.007620044289285
-0.013557678400931637,-0.013513249833920797,-0.005855315587276317,0.005929361916788638,0.28384067475938307,-2.762053928161953,-0.5919492795082274,4.036096242638875
-0.013099168247410952,-0.014119978584234026,-0.0064064149159896505,0.0048187823834782,0.21926402497004097,-2.339913419530778,-1.409418641121514,3.4557146294208807
-0.013111956333143356,-0.014173599609277781,-0.006347334802717808,0.0047322299365826275,0.20980169172841115,-2.2967690960516194,-1.3933009055918506,3.369184385603224
-0.01311993853207128,-0.014142998532355278,-0.006355319693667226,0.004785521081355561,0.2139566877894071,-2.3222596919277403,-1.3819049169597653,3.411566549341704
-0.01310331310816329,-0.014012323151504823,-0.006473164826902525,0.005006574111501611,0.2372156224477969,-2.4314123874669202,-1.3989407992714795,3.624045745283151
-0.013097900012922862,-0.014042333603877168,-0.006462334341551073,0.004952390702464406,0.23246834741827213,-2.4053412497163253,-1.4083358207636516,3.5783675404067417
-0.013103799133538695,-0.014089166479730426,-0.006419923108510714,0.004872683713883215,0.22395018228115487,-2.365980078674509,-1.402019218658566,3.501338216765938
-0.01310295776193014,-0.014061951527993062,-0.006440091759454407,0.004919475396352533,0.22860468241737528,-2.388886318883501,-1.402123504085716,3.5445895197834845
-0.013109849231943542,-0.014030447617296361,-0.006449445413917696,0.00497621840923729,0.23345043290389467,-2.416085034693754,-1.390696603633726,3.591391307427514
-0.013112494170844109,-0.014002331347604851,-0.00646357659681005,0.005026472990466839,0.2381502956447436,-2.4403881471335556,-1.3850507022090355,3.6354167621426443
-0.013111918692422689,-0.013987724018983667,-0.006474280993309186,0.005052324753557213,0.24078058701804592,-2.4530548400082712,-1.3847531337824444,3.659593633111403
-0.013135947248781721,-0.014203059223186315,-0.0062872053191388765,0.004690232846562739,0.20355279434415777,-2.2746291104272167,-1.3625507566103128,3.3161147791402636
-0.01316547902058914,-0.01424212287533006,-0.006212461292117314,0.0046347095715896834,0.19578662436445168,-2.2454598561248797,-1.3260797326381788,3.248698273454603
-0.013436271305090643,-0.014410856968311871,-0.005693248419767957,0.004432063611593069,0.15754272497266794,-2.1196887323349842,-1.0327850179185463,2.9254131772476373
-0.01350426624217102,-0.01438390095981124,-0.005609036435321347,0.0044804353353869305,0.1570204086297914,-2.1327108319285646,-0.9598554752634733,2.9270382379030457
-0.0133752663744635,-0.014367891763632542,-0.005807932622618702,0.004485420948895805,0.16608101716727194,-2.1524037749037173,-1.0917813731077108,3.000632206472232
-0.013216138321684768,-0.014269490542747499,-0.006113409269000125,0.004603744999259948,0.1883675257194253,-2.2261960735454083,-1.264994286673317,3.190729649170544
-0.013265249249457605,-0.014300638348338732,-0.0060163901044058945,0.004566176988192623,0.1808431363518034,-2.2033365829885576,-1.2088131746565784,3.129549846077239
-0.013317253915471864,-0.014333037920020317,-0.005916269218451277,0.004527167298681464,0.17368790102201473,-2.1791029831840834,-1.152023424649278,3.067161563756906
-0.013109488980282231,-0.01397072052439352,-0.006489845881233718,0.0050822048087479565,0.24405503927438713,-2.4678044708990288,-1.387024310630155,3.688996703506234
-0.013094239185750372,-0.013963529347900162,-0.006522042783534062,0.005091597791165103,0.24712121802115836,-2.473698998976119,-1.4085638607735078,3.7096991302080675
-0.013079280889346012,-0.01395697878758704,-0.0065532535396487296,0.005099635948410939,0.24832303261246516,-2.4784501239896772,-1.4321173598926513,3.7285209854818917
-0.0130645347166975,-0.013950775489717909,-0.006584516460950335,0.0051074652461478185,0.2547220991517374,-2.4849073994264104,-1.4498615147287321,3.7482233383036934
-0.013620826593899614,-0.013571675225861697,-0.005727020756689973,0.005805838255097785,0.26225824696464123,-2.68831468089108,-0.5481076880690718,3.877474780000512
-0.013639406303623933,-0.013570679878034184,-0.005693462298328858,0.00580305547880347,0.26018446836925097,-2.6806847762584263,-0.5246567596618049,3.8581035491151554
-0.01361184554356493,-0.01358763663190294,-0.005740182861681233,0.0057789192262081976,0.26039827201129073,-2.6803021898791166,-0.5683531898190238,3.8646976853724895
-0.013657051084873948,-0.013569739435484701,-0.005661743164944284,0.00580023721358669,0.25830447831265274,-2.6732695116307315,-0.5027309791118918,3.839599321577247
-0.013674109428467331,-0.013565640780301546,-0.0056317454929220405,0.005803080120859834,0.25683287518925774,-2.668302982017346,-0.4798705980549468,3.826119166838436
-0.013725075982173943,-0.013567371754268117,-0.005540671081824571,0.0057856684505542075,0.2508142807551356,-2.64267506807678,-0.42147189656528644,3.7664367575399322
-0.013694476112222609,-0.013569935454293034,-0.0055946197747315666,0.005789827571962129,0.2538454445319877,-2.6555519760145034,-0.45850565747971456,3.7973114323841943
-0.013740494439102307,-0.013591534909881539,-0.005510130583107405,0.005738728333737594,0.24486414612125557,-2.618535423071146,-0.4187699328819331,3.717920910689233
-0.013651359987459583,-0.013586564879254664,-0.005668974152827279,0.00577139893436434,0.25584405514137915,-2.6635767081739585,-0.519467839868008,3.822657116764828
-0.013818167288103457,-0.013642037287976336,-0.005369681758885041,0.0056295172612301275,0.22884135496857125,-2.547621386138672,-0.3649991582248236,3.5720647463120416
-0.013742614476445128,-0.013617401819759956,-0.005502538420618367,0.005693067357113329,0.24074533532900097,-2.5997633504800604,-0.4316261170284417,3.682402218506944
-0.013778441315660368,-0.013632887189734,-0.005438464204375721,0.00565645213933677,0.23427185282794286,-2.5724696238541367,-0.40165206670163306,3.6248891768861813
-0.013576563758474219,-0.013577575146863835,-0.0058068633491666,0.0058052193046103,0.26639485132828605,-2.7031399246927132,-0.6072508580000252,3.9182233811324196
-0.013594093320237482,-0.013583243745817318,-0.005773468525188602,0.005790951265880803,0.2632892224199801,-2.6912903051178994,-0.588159276690535,3.890552956849516
-0.013891987385784604,-0.013737834779397454,-0.005234449538744184,0.005450604593541349,0.20829793902061586,-2.452767904301791,-0.3455167703896676,3.3881139933065554
-0.013897042449884982,-0.013781025185136679,-0.005219664440848808,0.005380040396469648,0.2026326772650215,-2.4241191351836586,-0.36416370159829775,3.3362724914046438
-0.013826135783864945,-0.013687897955394695,-0.005349750583037528,0.005550449517523321,0.22144172239227738,-2.514282925653759,-0.38304522847285527,3.509653233708203
-0.013850841436034897,-0.013723118828033629,-0.005303544613044619,0.005485668762762461,0.2141438124076565,-2.480673838684873,-0.3777583922542292,3.4447126429942236
-0.013921463628863706,-0.013829433096683762,-0.005172958663857647,0.00529752247459588,0.19416602634176502,-2.384581615380706,-0.36625055702649184,3.2628931861527453
-0.013872815451797343,-0.013806145016811,-0.005253897388173964,0.005346040057408806,0.20101479544231154,-2.4189753503881946,-0.400260178077244,3.330845910811624
-0.013658933450158096,-0.014386916661899556,-0.0053857091613923455,0.004488544222224992,0.1486880197430023,-2.1112130877972137,-0.810872030308814,2.852044509324134
-0.013578320675995409,-0.014351549787649959,-0.005517881299646809,0.004534412238172805,0.1564097367312456,-2.1457156666883956,-0.8807235402219075,2.9286067239826266
-0.013726784022043725,-0.014331467658867482,-0.005313678553639811,0.004568951828274462,0.15082496270792542,-2.13405164540599,-0.7359178249787216,2.87448198213407
-0.013898994184040468,-0.014093176842071002,-0.005147262287671018,0.004902223086191202,0.1658259850261232,-2.2353614841952094,-0.5047736443810757,3.0101509158725475
-0.01377664642425537,-0.014270364097495908,-0.005266640329972077,0.004655484164361393,0.15432419777265208,-2.1615256082790566,-0.6741620702920845,2.909291233822396
-0.013844470772547322,-0.01415626640119465,-0.005208349367112671,0.004816186893103377,0.16216759164975533,-2.213734708833552,-0.5766245911055491,2.983420082719349
-0.013792951666614622,-0.014200307538461432,-0.005268708736947867,0.004755944725390238,0.16046407238618837,-2.200637207475994,-0.6377957164487874,2.971220192694627
-0.013907296480047661,-0.013893971420771707,-0.005182823025296588,0.005200557423301563,0.18741159286614792,-2.351654029530254,-0.41141689361977657,3.207415379245822
-0.01389400939158825,-0.01396068173867436,-0.005188562185853189,0.005100996392498009,0.18074238886609614,-2.316267674680995,-0.45400367312468937,3.1481922794732777
-0.013849594894789452,-0.014022434529501556,-0.005240310566262442,0.00501456315464326,0.17693342415153046,-2.2939978486486132,-0.5212579556275726,3.117557386576916
-0.013560014704598708,-0.013571535575479242,-0.005838771364234164,0.005819933682155867,0.269506777264155,-2.714824312979712,-0.6252819070234198,3.9456151306996077
-0.01356419589451204,-0.013587159908098839,-0.0058274943151063055,0.005790186261572013,0.26614841388518445,-2.7009137026707726,-0.6284280277953167,3.917729918897584
-0.013555417932859448,-0.01355558846739661,-0.00585082271497566,0.005850531429271703,0.2734590205168676,-2.729202329952155,-0.6219730519824184,3.974769841962295
-0.013550931450644699,-0.013539860275505834,-0.005862376239801788,0.005880667089388575,0.2752466009863277,-2.7435780532697565,-0.6207283570894983,4.0035210134623265
-0.013546623651759673,-0.01352440926578893,-0.005873913647166928,0.005910938142396165,0.2830804012582362,-2.7581646813164533,-0.6131524904238747,4.032038538211967
-0.013122922811778286,-0.014115377662569107,-0.0063692667394820894,0.004832921651709996,0.21801088872587057,-2.3451629275816432,-1.3768748045009451,3.4520411886494133
-0.013148018445071376,-0.014167458192031312,-0.0062917281259301655,0.004752047851040885,0.2079252662414118,-2.3038403665871265,-1.345666075840885,3.3629222384085904
-0.013152286489233249,-0.014135660975271254,-0.0063060439677492044,0.004806103774716164,0.21245827876008663,-2.3297852770785723,-1.3385303234255603,3.408031232968652
-0.013131247927271286,-0.014092797119041576,-0.006370411363977561,0.004873475224799934,0.2210966831050741,-2.364328756898992,-1.3644789436283467,3.4828116687144246
-0.013119692559740713,-0.014016808032866658,-0.0064412420368400785,0.005002563526103446,0.23497112394130573,-2.428146499439697,-1.3757715131293617,3.6081834505660235
-0.013117103710557965,-0.014051054860481202,-0.006422898719523969,0.004941976018354184,0.2292359877059537,-2.3988080613675744,-1.3817086918512558,3.5548469835108425
-0.013124608535797534,-0.014072356750112099,-0.0063955618846281365,0.004906926637300229,0.2250552287267098,-2.381154112782377,-1.372377445378956,3.51761564680899
-0.013128551199375766,-0.014036489460810634,-0.006412663222009971,0.004970109307501947,0.23075123376842324,-2.411566021418287,-1.3646724844575464,3.5720503263634718
-0.013128090506275246,-0.013998834112520776,-0.00643822986394235,0.00503624003711933,0.23730734845760915,-2.443817220196879,-1.3623462390627188,3.632611332539965
-0.013125383512726118,-0.013979200359265496,-0.006455835006373434,0.005070564244817937,0.24103510982204443,-2.4607705354142477,-1.3645155514028156,3.6660684829503256
-0.013176224133964671,-0.014194492844791975,-0.006227150425931668,0.004714604322792846,0.2016722579924212,-2.2833531696956544,-1.3106095104445983,3.3116513024418546
-0.013214306644509732,-0.014221906090249283,-0.006147394308461719,0.004679187536229499,0.1949897846208921,-2.2627446596799494,-1.2644637801818799,3.256578760701285
-0.013512521265326498,-0.014310543072438476,-0.005634888554526408,0.004589185171148798,0.16443387263177814,-2.181422234046536,-0.9392135246462591,3.0064278601108168
-0.01343662250110434,-0.014329349637889795,-0.0057382014091149494,0.004552470413245565,0.16693878338513854,-2.175867606028324,-1.0214435829701642,3.0200784703642207
-0.013364633227506029,-0.014304248591199093,-0.0058612563186023125,0.004579635709892196,0.174132975775682,-2.1982360621277905,-1.0961917461822968,3.082770429296249
-0.013259101830861037,-0.014248295579499595,-0.006059089337612312,0.0046468862712279214,0.18823432090704464,-2.2427452854304044,-1.211983169582007,3.20125691850439
-0.013308827322137307,-0.014275257014438734,-0.005964445739706136,0.004614459786181181,0.18136223460302434,-2.221620916173609,-1.1561423575615466,3.144011423382922
-0.01312233362691318,-0.013961385487842828,-0.006472850471774567,0.00510182742430008,0.2445139808809175,-2.4762326962747214,-1.367389282255628,3.6971276080989957
-0.013106785921497546,-0.013954017870564947,-0.0065056603305646546,0.005111668541555577,0.24764328630155721,-2.4824670126980006,-1.389194513094406,3.7185256810658367
-0.013091708748624128,-0.013947350965157299,-0.006537134493105382,0.005120086060440054,0.24929308155599209,-2.487498484817298,-1.4128464600999247,3.73784983523151
-0.01307693124492386,-0.01394112853304879,-0.0065684651148816145,0.005128091527282454,0.2532441694717338,-2.4942050693357727,-1.4306357148269984,3.7576421732666074
-0.013602525082121864,-0.013601864492180945,-0.005754107140066017,0.005755162437165922,0.25900945502968936,-2.673566915928404,-0.5879177523740012,3.85453954865501
-0.013632843164638541,-0.013592870454539252,-0.005701108334180236,0.0057645430382687116,0.2570343628240627,-2.6671966786078123,-0.5455021860510344,3.834220964928746
-0.013619173344322364,-0.013603324022120255,-0.005723654555428583,0.005748835346563808,0.2567989929082995,-2.6653561569113333,-0.5681321370583332,3.8344061155708156
-0.013674362176103716,-0.013588201407900466,-0.005627487684072473,0.005762623377890339,0.25295604895004214,-2.6518874287926124,-0.49291851382955965,3.794980960971237
-0.013709986237686751,-0.013600094984579337,-0.005562335191451046,0.005732158777652944,0.24698724004077977,-2.6269982991863823,-0.4583802095406852,3.7400525844826857
-0.013654182702557879,-0.013604669968474035,-0.005660493674098095,0.0057382612823818875,0.2526277225255125,-2.64906258502925,-0.5264190694289531,3.794559666573439
-0.013786971664449286,-0.013664882163110922,-0.005419036125360348,0.005599669379100432,0.22867118721939858,-2.547202753272545,-0.41099362993812877,3.576664843766984
-0.0137133068266303,-0.013633703731601776,-0.005550794241927843,0.005672414518442025,0.24123016976903902,-2.6019431539675004,-0.4739629964293935,3.6925333038533092
-0.013747592261861778,-0.013651114615182198,-0.00548844739021629,0.005633531221522101,0.23481484572155467,-2.5744608153869364,-0.44572170110537906,3.634462978175893
-0.013582102376707844,-0.013597466266774811,-0.005792280825619956,0.005767541525826646,0.2621025779277832,-2.6855039279800823,-0.6112092841808211,3.883058549751673
-0.013566643916156033,-0.013602684843281445,-0.005819374394714281,0.00576115475795287,0.2630109453796946,-2.687860722111291,-0.6337704349468821,3.8922022328722434
-0.013787219590952884,-0.013699974737343742,-0.005412775109704294,0.005540498489844288,0.22353222857222949,-2.5238758481849133,-0.4303562065504324,3.533938881140693
-0.013850711965406907,-0.01376598018973668,-0.005296605876701783,0.005415911798671755,0.20818282596993568,-2.453591173565537,-0.4010913975591297,3.395830239127786
-0.01380963943626156,-0.013732129877762607,-0.005369781224558908,0.005481403321887675,0.21700539777835823,-2.4931018209668996,-0.4243208200549013,3.4740602494266244
-0.0138366637282675,-0.013804929479257315,-0.005312009984516269,0.005356353654467944,0.2043862201966105,-2.4347599411013547,-0.4351620616479108,3.3647093475052188
-0.013857984364267904,-0.013849136551612169,-0.005269015937650225,0.005281150885425057,0.19702058756427124,-2.3983751613321354,-0.4359995045314467,3.29679209449474
-0.013641656574940556,-0.01431172443867287,-0.005444532886713601,0.004595674913577628,0.15721073114383644,-2.1620532058638684,-0.8107692823308045,2.9399605452398885
-0.013571730318813957,-0.014281755610221198,-0.005561023685089852,0.004636466310024409,0.16429720273003337,-2.1929133771792197,-0.8731173060962104,3.0092640533379265
-0.013691796479304403,-0.014260691874092063,-0.005393367566257121,0.00467095572358122,0.15992928910921986,-2.1856674605316804,-0.7500693102505077,2.9674382233198178
-0.013810333274995944,-0.014085110423058982,-0.005281212225572259,0.0049249665297815895,0.17189106849811273,-2.267427171667683,-0.5821590264186626,3.0796997257735153
-0.013728002170925244,-0.014202250802531145,-0.005363301053589915,0.004756235457191328,0.16453880541004395,-2.2151873349071014,-0.6990929476017724,3.008630643646556
-0.013767925180521723,-0.014140656076582957,-0.005326454517032972,0.004845559640501291,0.16845636366429342,-2.2443919109154957,-0.6416558339712698,3.04927976464578
-0.013764567798764697,-0.014016518761332034,-0.0053720905956384495,0.005034383440588657,0.18285335899680397,-2.3247465526682594,-0.6003387625282907,3.1864375298859815
-0.013839794400595925,-0.013906557273653818,-0.005284937782500215,0.00519444849499524,0.19119682523241024,-2.369583032136232,-0.4808283823082931,3.2495028616318353
-0.013810502498115157,-0.013962230653143087,-0.005316559654923068,0.005112549235971951,0.18645556268368949,-2.3448465009063173,-0.5336226315760592,3.211906817566121
-0.013553034373027439,-0.013598166903815384,-0.0058454690147110855,0.005772144265403875,0.26545222300508464,-2.69690803140227,-0.6488365839224323,3.913592605681685
-0.013548620791580838,-0.013582348196038261,-0.005857399625104492,0.005802249640093173,0.2688869538196104,-2.711093759386,-0.64608873803257,3.9420783767201955
-0.013544166785203355,-0.013566613100334184,-0.005869320400217165,0.005832371720001364,0.27274574314578276,-2.725275646606161,-0.64292698040112,3.970806855353334
-0.013539785453679705,-0.013550975161656667,-0.005880839624892101,0.005862265394507924,0.2747060490255606,-2.7395616125758058,-0.6418113544004392,3.999349699904986
-0.013535533905932737,-0.01353553390593274,-0.005892468689190957,0.005892441232904927,0.2812052634841969,-2.7541431545437853,-0.6343636610811629,4.027834421888205
-0.013151353968324675,-0.014107834758019647,-0.006326152043320294,0.004852774782496791,0.21692771261027852,-2.352516726868865,-1.3382057564801462,3.450172019548249
-0.013182780165333394,-0.014152177066710899,-0.006244282769632286,0.004785820591665998,0.20756068746386333,-2.3173065464194456,-1.2996302353197497,3.3697209384092237
-0.013173117498293738,-0.014122674369507121,-0.0062796824034356356,0.004832832939371641,0.21296643322494352,-2.340905192027358,-1.3102392496617734,3.417536147389744
-0.01314867037446408,-0.01408272453275295,-0.006347334470849023,0.00489488824961197,0.2212586965435607,-2.373283089725051,-1.3400992778760659,3.4897709104495704
-0.013137509261098466,-0.014020161641545993,-0.006407708032003012,0.005000737916732045,0.23273514569010786,-2.42568715795456,-1.3507696171905754,3.593268000365779
-0.013142306180815902,-0.014056231602422054,-0.0063757324866964196,0.004938983929607842,0.22625759233095047,-2.39527659336904,-1.3468545805385654,3.5338826495399975
-0.013146491047801101,-0.014037671589570172,-0.00638061086880201,0.004972133817673696,0.22890542922829335,-2.410990508789261,-1.3396471260170504,3.560803979689355
-0.013138488485002606,-0.013969394533214136,-0.006438731525146908,0.005090880875393988,0.24158443522646114,-2.469417980304435,-1.344601051955417,3.674613740125531
-0.013147263676192851,-0.014006562877244224,-0.006399360538525239,0.005026766898591909,0.2342638069535352,-2.4374351892449386,-1.335763841614394,3.609644118932079
-0.013142180888181398,-0.013987894867908045,-0.0064203199056532346,0.005058693138904642,0.23794872341451143,-2.453421080515957,-1.341171544047323,3.6424331118928115
-0.013212079786850017,-0.014179434246002138,-0.006178411100507132,0.004747547153681174,0.20137254035732163,-2.2959320934564817,-1.264177038749305,3.317038508329478
-0.013252877349500725,-0.014201471712877655,-0.006098304652218494,0.004720373719455959,0.1951653299114472,-2.278604652858547,-1.2154069315217981,3.267493055691389
-0.01351871095618949,-0.014252109831936527,-0.0056548003670971285,0.00467740473185298,0.17112319981824983,-2.2207848726121124,-0.9212237497479113,3.071318811916783
-0.013465476897684786,-0.014264592607122139,-0.00572930357773472,0.004653699591859253,0.1729933622126647,-2.2185969079072474,-0.9800678784572671,3.08378316294052
-0.013405553344154877,-0.014260094835128245,-0.005823481336007282,0.004653502448005878,0.17735517243996032,-2.227324711885549,-1.0448547531714893,3.118371113759792
-0.013348661157737864,-0.01424292906211371,-0.005921451962198002,0.004671799734374252,0.18289601433474056,-2.2438448606082795,-1.106547411384076,3.167401315271363
-0.01329807244622145,-0.014222410041365768,-0.006013232693481318,0.004695529654040908,0.18910068754702217,-2.261572652722586,-1.163055068787273,3.218197752144263
-0.013135030834708976,-0.013951618133968521,-0.00645626089031666,0.005122072586758544,0.24505747847614653,-2.4848722221270454,-1.347833955233937,3.7058453219874203
-0.013119336239925722,-0.013944374427819655,-0.006489216888311591,0.005131859432754119,0.24830385432405225,-2.4911887542678817,-1.3697195624446108,3.727360577180438
-0.013104136060094071,-0.013937683312004982,-0.006520901557488413,0.005140489526104189,0.24981348249923482,-2.4964291728987464,-1.393518258550584,3.7470069836469633
-0.013089297407978533,-0.01393144267732052,-0.006552330989146989,0.005148690301808709,0.2530592688901965,-2.5033859506684277,-1.4112649097408931,3.7669204259369367
-0.01359412643638376,-0.013618105235533093,-0.0057657104942662055,0.005727494266510338,0.25707299661579336,-2.664768237832177,-0.6072668748428444,3.840316997285266
-0.01361424929372904,-0.013619940251067754,-0.005728966504831169,0.005719962046130408,0.2544643449031563,-2.6550183947674824,-0.58336800939487,3.816253951178911
-0.013634404020243324,-0.013614307145945777,-0.005693970294850755,0.00572563527113945,0.2530617848540238,-2.6506527397406874,-0.5557121959924834,3.8026371444368974
-0.01367937503689815,-0.013620747906459027,-0.005612691297438376,0.005703589953679457,0.24698170291715543,-2.6262717637092785,-0.5057844090499949,3.745610105272458
-0.013652752565992946,-0.013625325808878694,-0.005658966035302624,0.005701787298982095,0.24910803110792012,-2.6346377473769236,-0.5398300471950424,3.7678392973723556
-0.013688615120219821,-0.01364811136572549,-0.0055911978027346635,0.005653301492626651,0.24155729390898023,-2.6026998770326695,-0.5103347185947282,3.699484193300573
-0.013752694912913194,-0.013686823223228894,-0.005473416275755542,0.005571237410274905,0.22865597300293253,-2.547864761234935,-0.4601844972480617,3.584465145732049
-0.013711524375072387,-0.013670989563657632,-0.005546924259282596,0.005608187538811079,0.2356048656094975,-2.576738087632165,-0.49681929820446624,3.6462412196948395
-0.01357548544463294,-0.013616554882772245,-0.005799927700632142,0.005734057823060606,0.25950405300312945,-2.673582615774293,-0.6299005159640386,3.8624766519644003
-0.013558430388583946,-0.013614036780343994,-0.005831686963632335,0.00574195251073406,0.26190483123064473,-2.6823685602685643,-0.650349395662618,3.884337420996079
-0.013585441543167272,-0.013635216217888511,-0.00577738906273464,0.005698271263173096,0.25504414367113165,-2.65529316971929,-0.6272305365996033,3.8250140735450944
-0.013761230887440504,-0.01372972133933635,-0.005450778387541897,0.005496863080514809,0.22164010456991606,-2.5152754648083757,-0.47384897371351137,3.5232584786733727
-0.013795688777033252,-0.013776709963149187,-0.005384224115278744,0.005411291250795559,0.21178205725997418,-2.4699244068910935,-0.46211773224739966,3.4347619042909767
-0.013803546069668517,-0.013827028406496501,-0.005360748203436732,0.00532778230236108,0.2040038046488544,-2.4339391839271936,-0.4791956862421414,3.369124278912178
-0.013807011018707366,-0.013868082869344933,-0.00534579227899738,0.005261265319162803,0.19876921965276298,-2.406092651418367,-0.4951975849997291,3.3194010022911358
-0.013619497966671439,-0.014240618806477664,-0.005508688204876203,0.00469972182052148,0.16620821238669034,-2.212505000748498,-0.8156118749089792,3.029653842103798
-0.013559978718852896,-0.01422306843870426,-0.005606141979470098,0.004723967067121062,0.172001717809958,-2.234527033407033,-0.8718159988784372,3.0828850537770442
-0.013520096928234204,-0.01421166837869269,-0.005672335496564976,0.004739136273441979,0.17590734124614799,-2.2487468760603373,-0.9111982086849608,3.1185913804665044
-0.013659242874088437,-0.01419053749178058,-0.005470384384170218,0.004775096098698753,0.16959852151538882,-2.2379970989543594,-0.7627143152443675,3.062658353560495
-0.013736446819311994,-0.014081609927671686,-0.005394207613203735,0.004936952780772352,0.17742094372517211,-2.2908399927687846,-0.6519845832263402,3.1345270869645554
-0.01369749483515466,-0.014136178559231577,-0.005433949039801925,0.004856222492536012,0.1734296802705616,-2.265189416637852,-0.7086682896100748,3.0995943239565515
-0.013711096463173752,-0.014036725877942535,-0.005448501461171051,0.005008153480893303,0.18466050048002391,-2.3270731996191496,-0.6613064153057077,3.202132885168914
-0.013715294825138478,-0.01399810117505267,-0.005454747353473181,0.005068190923673803,0.18915128168456188,-2.3516252899757553,-0.6427471478238843,3.243678226403241
-0.01373731100593259,-0.013955098809555021,-0.005433393970612508,0.005133648817274121,0.19262657744431969,-2.373472587246805,-0.6035029872115132,3.276558098436191
-0.01377818056740663,-0.013906590192880213,-0.005382125988778671,0.0052049335877744985,0.19587080944642274,-2.3916535082305894,-0.5416330195649611,3.299634222803386
-0.013542828345238364,-0.013609694690620552,-0.0058614245413387495,0.005752840399687771,0.26453979089218155,-2.6919468242171516,-0.6682054096047358,3.9074298776195486
-0.013537618437791202,-0.013593526773066536,-0.005875089786507513,0.0057836798067979886,0.2681118457723597,-2.7067384783836625,-0.6665313295218568,3.937324820457349
-0.013532974080290057,-0.013577665320828746,-0.0058875758500887615,0.0058140181167631935,0.27211306252290735,-2.7211246664985285,-0.6637641725353792,3.9665045639432734
-0.01352860569617407,-0.013562045052350868,-0.005899247056208982,0.005843821846285866,0.2737948539476088,-2.735410883904868,-0.6628616203059322,3.9950348686728705
-0.01352440926578893,-0.013546623651759673,-0.005910953455187748,0.005873898384359145,0.2803673335151088,-2.749965508289574,-0.6555209268546858,4.023545621875304
-0.013174096622885248,-0.014097991340422257,-0.006294072715117582,0.0048746802009148995,0.21666923450268735,-2.3610820377856108,-1.3070056017354823,3.4538685998631222
-0.013216331550036107,-0.014147257081357386,-0.006191915610834516,0.00480134071704037,0.2056755895812409,-2.3214753340887504,-1.2561231698246527,3.360996824018385
-0.013201403253884598,-0.014118261758015102,-0.00623509988485011,0.004846442789234388,0.21133231822987344,-2.3447971717812544,-1.2726849343766415,3.410326095553205
-0.013168393732376127,-0.014069120630966006,-0.006322428082044924,0.004922628484086902,0.2218236104146367,-2.3849234391955494,-1.3122148692904962,3.5006245139010645
-0.013154771715742348,-0.014024477822262509,-0.006374692847887353,0.004996946102382615,0.23049295661687275,-2.4222410951334012,-1.3269295342726217,3.5771020817294983
-0.013162268581928323,-0.014044156236067995,-0.006349028761290101,0.0049643200515695355,0.22642824651849588,-2.405702818199544,-1.3183597820594157,3.5422570721873434
-0.013151252777900689,-0.013959348699530498,-0.0064222438834472826,0.00511143117280622,0.2421806412257934,-2.478104278474125,-1.3250559509641395,3.6835260659883757
-0.013161804998504867,-0.01401203218696558,-0.006370321638186463,0.0050201961170090025,0.2319803582549036,-2.4328130040148914,-1.3158528468635233,3.5928678813009514
-0.013155080510715178,-0.013977752256160193,-0.00640384993911967,0.0050793480423757765,0.23853455170497015,-2.462157074454715,-1.3216638946221968,3.6514101187564294
-0.013158871570952217,-0.013996187943341676,-0.006385508491251691,0.0050474607277193615,0.2349758275551795,-2.4463300185283323,-1.3182922752724762,3.619696394275151
-0.0132468184611092,-0.014160816033377058,-0.006133325244261874,0.004785195753193582,0.20138878121177348,-2.3103187594002463,-1.2188925506336783,3.326818730468839
-0.013287001421597876,-0.014176254747926121,-0.006058599442559181,0.004767513122894252,0.19627844437814526,-2.297163760850084,-1.1710307371321915,3.285709037555709
-0.013483930835355257,-0.01421766357536961,-0.005724989620931088,0.004727293698054187,0.17748093563022402,-2.2494786368699753,-0.9512763497866991,3.1308112699292754
-0.01343552092585449,-0.014216004620686326,-0.005800794534029637,0.004725320898108689,0.18072692538515836,-2.256301852741327,-1.0041582952732613,3.1580900095353672
-0.013382567953785687,-0.014204208530427004,-0.00589003592342209,0.004737519437744984,0.18577040663314315,-2.2700876462441753,-1.0619507269994692,3.2004786356044774
-0.01333231265262184,-0.014191355360123415,-0.0059769658218617044,0.004750723924118848,0.19099485196235955,-2.283435785947028,-1.1185263323887653,3.2428910150100023
-0.013147558031032576,-0.013941602905518694,-0.0064399897569342454,0.005142611226209486,0.24566586257371734,-2.4935687487707017,-1.328397748927552,3.714865413184946
-0.013131806560578106,-0.013934551645596255,-0.00647288961667774,0.005152239605234557,0.24902718347101413,-2.4999053351832785,-1.3502589470979973,3.7363285348341546
-0.013116532487380561,-0.013927938179502946,-0.006504629633676352,0.0051609066457629985,0.250056104877555,-2.5052855954156867,-1.3741321599628364,3.756089768537771
-0.013101633084380388,-0.013921718017639338,-0.006536109818404576,0.005169266785392149,0.25452074776003675,-2.512400297686698,-1.3917210244747718,3.776148032915929
-0.013500788305882031,-0.014185502731858004,-0.005714728518600681,0.004778278487310074,0.18035619962588906,-2.26995054138083,-0.9262609119531783,3.160672376628495
-0.013606322394637266,-0.013638857902050178,-0.005738935764933503,0.005687611285208905,0.2519725232152647,-2.6441241556011987,-0.603322739870413,3.798000592019928
-0.013633224050305898,-0.013639709400896061,-0.005690667740130516,0.005680525584687935,0.24891662826466204,-2.632397068243612,-0.5710694484500047,3.7686781312251365
-0.01366241977629345,-0.013645127636480129,-0.005637793300394069,0.005664546345851827,0.24488408463219855,-2.616114676005449,-0.5391860009309036,3.730766737257261
-0.013676449586204821,-0.013669987990428895,-0.005607981405361771,0.005617855028129057,0.23919427018575337,-2.592343558420661,-0.5362524251157631,3.6831483040072333
-0.013721574741952314,-0.013706343391837558,-0.005522553314360246,0.005545260736187261,0.22876709618501698,-2.5478335805577204,-0.5047479959144922,3.590930276682514
-0.013690808670344633,-0.013693601034039285,-0.005578022432343188,0.005573796851586663,0.2340202950460591,-2.569615960866241,-0.5323519780015965,3.6378893438220827
-0.013566688147111573,-0.013631109409976283,-0.005812384078480725,0.005709252624924,0.2578908735546372,-2.6658828119245874,-0.648722543062155,3.8506174623673046
-0.013548956357344565,-0.013626381569520382,-0.005845922300380894,0.005721098712204049,0.260773884925574,-2.676479379557351,-0.6689762931238841,3.876192403605582
-0.013595406370196949,-0.013655644103285233,-0.0057544810767739055,0.005659639549870065,0.250284652121122,-2.6358610428167357,-0.6255636864739196,3.785648664945667
-0.013575415402902575,-0.013650141817277134,-0.0057917838126373385,0.005673196349282354,0.2535554024253668,-2.6478557647440364,-0.6475295185356179,3.81403922522053
-0.013722526099908119,-0.01374015114833776,-0.0055136977649301675,0.005487694280383636,0.22374985959807728,-2.5241334383559284,-0.5212763341892038,3.5475443562906603
-0.013744150406463682,-0.013771198014706821,-0.005470532084635414,0.005431249050428244,0.21717476621239504,-2.494385363623507,-0.5133051926147753,3.48907631029466
-0.013764160912815826,-0.013806803969322245,-0.00542938129044994,0.005368483239487039,0.21031246158232525,-2.4626421960090976,-0.5097576254645798,3.4279870952251357
-0.013755549691597858,-0.013851101922081957,-0.0054327523494843094,0.005297792586247998,0.20519054284573457,-2.436425088866848,-0.5396680596596944,3.382964525772717
-0.013592582834028394,-0.014175934985394992,-0.005577637558767176,0.004796884849998024,0.17562983598042495,-2.2610688797775325,-0.8262430844670473,3.118997400536934
-0.013537256176876662,-0.014176319586734211,-0.00566255843349115,0.004794498872508267,0.17935062738113453,-2.2708179139355256,-0.884741942492978,3.1511776678428753
-0.013626089910643032,-0.014127548177823262,-0.0055465014810907294,0.0048713406546038686,0.1794426941072287,-2.2872756669362473,-0.7780886038555899,3.1547543513211953
-0.013667263624825943,-0.014074470065658491,-0.005503336044632578,0.004952283112949708,0.18294654343736116,-2.3135251010140157,-0.7190861504811085,3.1892199861515715
-0.013671910817216056,-0.014012930646656478,-0.0055181770503603044,0.005048462904122975,0.18995524049391455,-2.3541473327297613,-0.6933437583335328,3.2582101828883694
-0.013690393584592397,-0.013973209312888809,-0.005502239125076413,0.005109975346294694,0.19410420717368687,-2.3759143634646858,-0.6592955692612407,3.2915222718126733
-0.013683311010567535,-0.01393255982650149,-0.0055266445175106505,0.005175896319931941,0.19992777188681188,-2.4056492808294347,-0.6505141368543405,3.3450826476822466
-0.013718926756943257,-0.013896481745086854,-0.005479941767487098,0.0052298564925815265,0.20188231636403445,-2.41876576934678,-0.5979763267120948,3.3598174585893044
-0.0135322572730018,-0.01362130373138501,-0.005877891296455356,0.005733347869730402,0.26365129380528,-2.6869087160276623,-0.68800802881417,3.901331279832298
-0.013526749050927591,-0.013604826167668968,-0.005892369421787988,0.005764739272881344,0.26729134201223137,-2.702066576439138,-0.6867960352894592,3.93202082781758
-0.013521861401824778,-0.013588791173573504,-0.0059055347232586895,0.005795384084658537,0.2714507488346402,-2.71670599709667,-0.6844651550041041,3.9617737055634135
-0.01351741989380774,-0.013573101807418482,-0.005917541808426734,0.005825274304154302,0.27272443185990913,-2.7310968490986265,-0.6838874137519082,3.990504057306314
-0.013513249833920798,-0.013557678400931635,-0.005929360432118068,0.00585531719598163,0.28097459339828834,-2.7456491156768377,-0.6766077376317305,4.01912930810316
-0.013194990161592483,-0.014083023072682261,-0.006268202296957887,0.0049045177258307225,0.2172475256531561,-2.3734178361882337,-1.27784633408929,3.4657055483649644
-0.013237309601732507,-0.01412511710303348,-0.006170963741501765,0.004842210480279877,0.20756891372210415,-2.338875360281115,-1.2270591200982761,3.382438814572669
-0.013223922864562969,-0.014094261652600332,-0.006212293340261832,0.004891237535564689,0.21331037980351733,-2.3639183869723044,-1.2408474965297964,3.434036448117404
-0.013187938796688472,-0.014050507028244077,-0.006300690033192653,0.004958669071926569,0.22327180443226521,-2.4003658989832695,-1.28391719622633,3.5187491307491756
-0.013173193832913,-0.01402645938586917,-0.006341311884062918,0.004997318322880345,0.2285820319330025,-2.4205718760077226,-1.3015369142980797,3.5638696799936596
-0.013163818479156634,-0.013949000920215263,-0.006406150228763918,0.005132366676640685,0.24284565169371722,-2.4868928558297037,-1.305662846285686,3.692835552239089
-0.013167983239906011,-0.01396750965297598,-0.006387286311787533,0.005100061642753711,0.2391384553522016,-2.4708152019289247,-1.3020431306842781,3.660331198760447
-0.013174931965123086,-0.014006580230520566,-0.006350742618438202,0.0050323755457955255,0.23172695478489588,-2.437337334537975,-1.296889694723357,3.5940421376723255
-0.013171948823126977,-0.013986774718601913,-0.006368319215831462,0.0050666471192976495,0.23540677872626262,-2.4542407226678544,-1.2987664093298275,3.6271739365966127
-0.013275201612620151,-0.014134332778101078,-0.006102792760648505,0.004833838123811562,0.2031843710987579,-2.330233308753373,-1.1803062411858483,3.349756238044616
-0.013316726007513893,-0.014147142561711762,-0.006027426581540574,0.004819568065238617,0.198169120246794,-2.3180532539892478,-1.1309441859333393,3.3103073535197933
-0.013462680657665095,-0.014175681732668866,-0.005779036608870062,0.00479084000713188,0.18406460677413627,-2.282169792316249,-0.9660915582436632,3.193695713384195
-0.013411788807784743,-0.014164830508544893,-0.005864943973097763,0.004803266559616937,0.18893790569489807,-2.2963825609901423,-1.0213850040905486,3.2357174729253657
-0.013361000332640522,-0.014156107912328967,-0.005950805182239797,0.004811274627175475,0.19389602309961593,-2.308007034481277,-1.0790949541711647,3.2749122509755524
-0.013159893909330728,-0.013931370552463608,-0.006424049596142518,0.005163391380410984,0.24633407171901409,-2.5023018106914665,-1.3091079004002886,3.7241571725904223
-0.013176017262318934,-0.013938256490447653,-0.0063908022283885105,0.0051538367180756885,0.24360766152177585,-2.495876828950227,-1.2866379134600974,3.7028074849710904
-0.013144175048301622,-0.01392458879416724,-0.006456688767666258,0.005172737490959467,0.24975605466129472,-2.50858502896763,-1.3308433514008053,3.7453759838609835
-0.013128878299403372,-0.01391811203674312,-0.006488353598137234,0.0051813420548919515,0.25027401207000993,-2.5140721198090756,-1.3546833998789125,3.765129169673777
-0.013113938152874599,-0.013911954649541829,-0.006519815074718496,0.005189803622433317,0.25651654022144715,-2.5212278128975063,-1.372045440427409,3.7853425743062954
-0.01349974420046512,-0.014144085941867432,-0.005736147152546472,0.004842967492049992,0.18549895534507874,-2.299594808295461,-0.9178844746980354,3.211791839177645
-0.01361822373737745,-0.013661212530725431,-0.0057124402567527224,0.00564534346392413,0.24682941913708165,-2.622606884398668,-0.6005664912224532,3.7544653332024116
-0.013645702592460713,-0.013666922393315918,-0.005662521925744602,0.005629745463794922,0.2429736728397626,-2.607266070510175,-0.5706460250992147,3.718533964531433
-0.013659627548064702,-0.013695174454777678,-0.005631687101036283,0.005577497587863405,0.2370987012015787,-2.5811865230282973,-0.5689837444075189,3.666672296987237
-0.013685160409091552,-0.013725919987116872,-0.005580479164632071,0.005519399572788713,0.22965369023380752,-2.54904149797884,-0.5555097053340888,3.6014516880548446
-0.013603289947397557,-0.013674341869155955,-0.005735768395844248,0.005624830126403088,0.2463230110775238,-2.6187037704471057,-0.6254379368893856,3.7513745210657787
-0.013556443060870657,-0.013644283821618265,-0.005827631667841262,0.005687148203603724,0.2567103226213075,-2.6596680118355596,-0.6685282824199156,3.8420977062146338
-0.013538457048662801,-0.013638378629416588,-0.005861971554767315,0.005700970266686852,0.25980882740100014,-2.67110760640885,-0.6886541525188211,3.8694408450897426
-0.013584394161571076,-0.013671021375840815,-0.0057703013853981225,0.005634112493436334,0.24891167555690927,-2.6284947410098094,-0.6470413811934721,3.775113357229247
-0.013564119134497928,-0.013663575975053709,-0.005808652683711291,0.005650938011097859,0.25245700422609807,-2.6418737778430335,-0.6685141809880575,3.806282355007679
-0.013700526149159193,-0.013767592497165394,-0.005544449195104311,0.005445689702758893,0.22161043756980534,-2.513812586876274,-0.5592093740639733,3.5338002288287744
-0.013721869619315825,-0.01380798154017676,-0.005498807954792798,0.005374357048304191,0.2141688173493602,-2.4779483996520537,-0.5551265731283014,3.4643213648888804
-0.013697004077496947,-0.013847638777358081,-0.005529493285253962,0.005312779104106861,0.2102980472289854,-2.4596489491508176,-0.600202327116214,3.4373565081945228
-0.013550351725837833,-0.014117645997066518,-0.005668608200880666,0.004886403704613453,0.18517960472083786,-2.30973362601679,-0.8555609190781439,3.213891569097698
-0.013590933291822791,-0.014071003602108886,-0.005624354904933773,0.004960114009117747,0.18845762319065726,-2.334196244576592,-0.7983424233717481,3.244621662671648
-0.013620869529936871,-0.014022364859466254,-0.0055958126889930895,0.005036486561380429,0.19310960809453667,-2.3610864342189894,-0.750505077327562,3.2831530963829993
-0.013644735178783297,-0.013968739319874336,-0.005576912926240269,0.005121038700331377,0.19813685671923473,-2.392064249999654,-0.7058278953716618,3.3309163248973026
-0.01364296374439059,-0.01392437043469709,-0.00559485112000332,0.005193200695259814,0.20428418388875452,-2.423651747525202,-0.6910554619049065,3.3870496717615324
-0.013662228269065994,-0.013885923764160039,-0.0055755715413334525,0.005254259530409186,0.2080925710705901,-2.4446926770801736,-0.65449037944859,3.4192735206689155
-0.01352111753783169,-0.01363263188497509,-0.005895339224765007,0.005714355397716296,0.26286994727999474,-2.682145495528158,-0.7083370123723718,3.8960391962798293
-0.013515651554083427,-0.013616049401022248,-0.005909954776359176,0.005745860055300722,0.2665168519890308,-2.6973775538554396,-0.7072512373784369,3.9268602372072325
-0.013510699087248515,-0.01359989993893656,-0.005923456452094551,0.0057766649283172615,0.27070091566697174,-2.7121468055125653,-0.7051548986887641,3.956895253484174
-0.013506215306638467,-0.013584145638130698,-0.005935743767356645,0.00580662806505773,0.2719093193951529,-2.7266241660962582,-0.7048834935060247,3.9857957427720874
-0.013502055721075013,-0.013568698043612793,-0.005947712454777223,0.005836674598656719,0.2810947343605818,-2.741226388976344,-0.6976804011805285,4.01450967221951
-0.013213300740643301,-0.014066102116690852,-0.00624759235079151,0.0049368986923248,0.2185349360596542,-2.387046734203395,-1.2516273050348978,3.4813894786254527
-0.013259393684366278,-0.014093570783614473,-0.006153195944974883,0.004898763946179058,0.21048135757721068,-2.3633225722942863,-1.1948844529719975,3.416243992396801
-0.01323610536650506,-0.014072513745967161,-0.006204964693362761,0.004930173676811812,0.21571000675243587,-2.3811640516038115,-1.2222449829575353,3.4595055694005916
-0.013208569509256272,-0.014042043885706013,-0.00627044176585286,0.004977192706242216,0.22279236166567468,-2.407001653809798,-1.2550886245542043,3.5203491618769256
-0.013194281745387388,-0.014021285321519666,-0.006307869696952963,0.005010413764274539,0.22746057958766988,-2.424643423624491,-1.271931521012803,3.5601796544369657
-0.013180676132345534,-0.013956584693146597,-0.006371360041471585,0.005121833801761765,0.2398809685171798,-2.4798981158847506,-1.2825312899313541,3.670257104427779
-0.013185436758447416,-0.013976146163049792,-0.00635101154046501,0.005087930551901703,0.2360489739494068,-2.463008719928776,-1.278431114124376,3.6361219381283534
-0.013189536578302628,-0.013996839451784579,-0.006331154503140178,0.005052214601340498,0.2320899837594829,-2.44529636136119,-1.275393323242147,3.6009356277664892
-0.013192577199072901,-0.013944848716919553,-0.006357166063375862,0.005144810337210236,0.24083843501025018,-2.4895491953422026,-1.2639052172551517,3.6817661410500153
-0.013342201622002382,-0.014121788417636904,-0.006000158394738438,0.004864447905749981,0.20006078757188966,-2.335699061898662,-1.0959135191486105,3.3312453424627355
-0.013304000489104732,-0.01410313609196305,-0.006073416821990101,0.004889857430642752,0.2057202209684668,-2.3531545557253275,-1.1398535347804903,3.378209429256263
-0.013444310870648946,-0.014126003017686926,-0.005832902432524154,0.004868107729113495,0.19207950778599925,-2.321114217846404,-0.9758962390428124,3.2674701024934074
-0.013384549276187263,-0.014113554030938936,-0.005935621996475889,0.004882810281267281,0.1980594012555479,-2.337901802664494,-1.0432951638556436,3.3185485612310925
-0.013187564168686064,-0.013927238891009164,-0.006376630122030421,0.005175587308673276,0.24447316046527545,-2.5049742798075445,-1.2683901977920955,3.7134376151136586
-0.01320281634562347,-0.013932420333434881,-0.00634617624190631,0.00516868051715148,0.24206548383487855,-2.4997390135851014,-1.2473924486226828,3.695257766662676
-0.013171951891243544,-0.013920977847970951,-0.006408557584406674,0.005184302638533319,0.24706164951916668,-2.5110301985250243,-1.2900912111307312,3.733687215921012
-0.013156419435369977,-0.013914517817195826,-0.006440631866353494,0.005193295025062433,0.2504671588620031,-2.5172036487146126,-1.3115037079876277,3.75446386729045
-0.013141165106661542,-0.0139082157659096,-0.006472080540859133,0.005201777278003849,0.25054835023793404,-2.5227687624178734,-1.3351656074049403,3.7741172624805728
-0.01312621249243652,-0.013902152668993601,-0.006503456665773222,0.005210288167584755,0.2585235321017671,-2.5298836158689606,-1.352297107771285,3.7944906912908265
-0.013483973158218816,-0.014086619485239815,-0.005788197457593944,0.004933648865237083,0.1946900202029418,-2.3439838066209053,-0.9210690824719484,3.2940730587298295
-0.013625210181185777,-0.013690197061137874,-0.005693076842931113,0.005592790902079058,0.2413317379060816,-2.598409550229857,-0.6070189503877782,3.7075419905176896
-0.013644193871974745,-0.01372267833623541,-0.005651854461579339,0.00553263873379723,0.23405113347803871,-2.5673538326721843,-0.6008668491880758,3.6451870441910006
-0.013660891142660838,-0.013758347373957078,-0.005614034141870616,0.005468351614315608,0.22686595553484182,-2.5353136716030895,-0.5990303274328506,3.5824528754231117
-0.013596405269322985,-0.013693640875028305,-0.005743027921362462,0.005591803826847323,0.2437810643805891,-2.606871788065618,-0.6435285684383945,3.73134383568215
-0.013545072847629994,-0.013656112795643292,-0.005845115033344013,0.005667572421145711,0.25587996672804275,-2.6547586326303008,-0.6889895387931705,3.8364890387692836
-0.013526996473465329,-0.013649595217848838,-0.00587984621928113,0.005682314228197695,0.259099351465459,-2.666545733194138,-0.7091135530103152,3.8646285013013437
-0.01357217371727887,-0.013685242029813582,-0.005788372937752649,0.005610736431611718,0.2476456454390508,-2.6222788972143536,-0.669259646646942,3.7672055194480465
-0.013551230034882905,-0.013674652114293936,-0.005828864885281808,0.005633059279092711,0.25196204549844187,-2.6381125600666544,-0.690249076266419,3.803289074907282
-0.013669858301221458,-0.013803604980479849,-0.005586792855954959,0.005390197550348275,0.21909712426719904,-2.4999645307454954,-0.6102576249405928,3.5161766371752106
-0.013655038978626502,-0.013843692184540004,-0.005600246939212913,0.005325113097929484,0.2146258173654732,-2.4767199750453477,-0.6446646920170399,3.4783326100815004
-0.013531309013201251,-0.014050828347907869,-0.005728005349822755,0.0049925073535931385,0.19569262269356327,-2.3611020806928003,-0.8580265398267922,3.308992140170883
-0.0135623907139712,-0.014016332558490488,-0.005692149762627655,0.0050480549377308025,0.1981621365917168,-2.379375861053489,-0.8127669476600644,3.331515474657022
-0.01358968227594529,-0.013977729764754544,-0.005662865859217413,0.0051098389038485076,0.20118744559219273,-2.40049346393622,-0.7695470244549673,3.3606571793790523
-0.013607606655578908,-0.013936787805740068,-0.0056485070069440405,0.005175726775911043,0.20547167905843208,-2.4249895951263754,-0.734879027848179,3.398898031037941
-0.013617336833590283,-0.01389779942750922,-0.005645877309553112,0.0052392679999108795,0.21012908909547387,-2.450113929566216,-0.7092465084532614,3.440809568504306
-0.01362298921186748,-0.013860726228606873,-0.005648569202986508,0.005300451309740384,0.21499035330491426,-2.4749523348549087,-0.6878981813688326,3.48360014885203
-0.013509477135604927,-0.0136436372131641,-0.005913663352731829,0.005695910762702029,0.2621917194015912,-2.6776511729691332,-0.7291023690750243,3.891528538658448
-0.013504277618144904,-0.013627110834266024,-0.005927961269776155,0.005727201797135214,0.2658051765011202,-2.6927515258042,-0.7279246918634072,3.922018726322141
-0.013499417346899509,-0.013610943174498576,-0.005941483211911251,0.00575796194114777,0.26990626644684973,-2.707513353095735,-0.725912336471669,3.95201612354639
-0.013494961406718698,-0.013595154714398488,-0.005953911709059331,0.005787928797221876,0.27135965161017245,-2.722016380636805,-0.725843977217438,3.980979968241783
-0.013490827038345834,-0.013579682470325217,-0.005966023793415588,0.005817956006204034,0.2799170289533617,-2.73670013718301,-0.7187765913933611,4.009699800606392
-0.013283188911678099,-0.014066585868164084,-0.006128990871008753,0.004947803443345863,0.21288398446156312,-2.3835096953436854,-1.160398629293919,3.441862616470432
-0.013229312916444594,-0.01404840779000647,-0.006231020813477729,0.004969992027496838,0.21991329132658274,-2.4010875131648692,-1.2280908943253175,3.499115232951866
-0.013256163818831702,-0.014059047807714612,-0.006178999748645842,0.004956361826448056,0.21602964081144835,-2.391187451576658,-1.1942120183378042,3.4681822699781013
-0.013218151917926788,-0.014023674451327559,-0.006265057422715063,0.005010573015826987,0.22509041881176442,-2.4219503129061093,-1.239781095750332,3.5429461542764726
-0.013206549380034219,-0.01400505045387156,-0.0062964056029833956,0.005040892407516476,0.22925535127286864,-2.4378869378419856,-1.253000832180716,3.5782388172448747
-0.013198507802534431,-0.013964155179617683,-0.006335096348213589,0.005111423859524305,0.2368957337761919,-2.4727747681340926,-1.2583760337615109,3.6472535890921844
-0.013204146942082095,-0.01398530368843376,-0.006312487669355149,0.005075043865244086,0.23272791930201434,-2.4545811023823254,-1.2535125311722224,3.610390193447095
-0.013210079727927669,-0.013950665147651952,-0.006322531008365155,0.005137234017113179,0.23817207883986366,-2.4837273830082545,-1.2400488048209082,3.6614809332268803
-0.013344732004565483,-0.014089001491241801,-0.006013943310537513,0.0049185845105919395,0.2044151008182095,-2.36078636261896,-1.0870476891187646,3.3748641847783944
-0.01331555580148697,-0.01407033056488469,-0.006072625774625665,0.00494598000163463,0.20962687565627341,-2.3781004857853207,-1.1198442550571381,3.418018420712296
-0.013422757057938208,-0.014074991158876914,-0.005893044667084825,0.004949015490610485,0.20045065733941583,-2.3621979243768734,-0.9898340533747277,3.3472692720155446
-0.013375917604218305,-0.01407365100391474,-0.005970645738201245,0.0049472526172195325,0.20413430658641327,-2.3693019981202266,-1.0459444957815909,3.3776444720283694
-0.0133048227589078,-0.01404297846790347,-0.006105800086288187,0.004990560308304322,0.21453137813109271,-2.4007304453327554,-1.128663074377828,3.4633342599183545
-0.013219480895270377,-0.013935731843360194,-0.006314453939836817,0.005165235129113961,0.23993045675721944,-2.495921653554444,-1.2243448630222316,3.67923770549076
-0.013211474028515585,-0.013921788093996204,-0.006336814929217655,0.005189044746062342,0.2431417610796006,-2.5083738389477785,-1.2332866209162958,3.706750331912789
-0.01319852970386765,-0.013916571319242876,-0.006363141726991639,0.005196526989630479,0.24532572257871024,-2.513665096176829,-1.2509030726213368,3.7236950455070654
-0.01318372946098294,-0.013910629281385027,-0.006393395175109301,0.005204982492032051,0.24781437752202543,-2.5195839517792824,-1.271378309412105,3.7431277080967185
-0.01316852594426175,-0.01390440769660361,-0.006424700937223876,0.005213788257145941,0.2511056819244939,-2.5257059383304683,-1.2922596842017813,3.7634919198056695
-0.013153387958434954,-0.013898266591934993,-0.0064558085062245965,0.0052221834880443905,0.2509919981900386,-2.531348338761854,-1.3155812490130032,3.7830382469928083
-0.013138455982275529,-0.013892312172387889,-0.006487040404999003,0.005230713183622628,0.26039007905255945,-2.5383996711673547,-1.3325345771869426,3.803566323195175
-0.013486565351277405,-0.014039718570943821,-0.005805468023183305,0.005009721609797306,0.2002833066731974,-2.3780602186514965,-0.9059990928052477,3.3532470333379174
-0.013452632097214066,-0.014047526262237412,-0.005857373585872701,0.004995748574102956,0.2023954983835584,-2.3782060962119917,-0.9479208960863346,3.365008830024358
-0.013609021989312945,-0.013717409278559021,-0.005714515864527985,0.0055478347073367636,0.2385811688254957,-2.58446542841359,-0.6398593307848013,3.6862859045056244
-0.013622436469105914,-0.013747765900582298,-0.00568296120021659,0.005492814540094905,0.23227036488041528,-2.557162880516436,-0.6384468681366943,3.632362734251211
-0.013632099050841708,-0.013781487131480917,-0.005656960071689134,0.005433347658964602,0.226066002798909,-2.529096797538435,-0.6428428882523968,3.5786634175435563
-0.013576224833089848,-0.01371083974458105,-0.0057740907428605204,0.00556457553376439,0.2430539377736351,-2.6013495085953857,-0.6765468287451731,3.727062978712481
-0.01353325567145194,-0.013666205616064388,-0.005863756821596518,0.005651093827558283,0.25540704958078564,-2.651194967362041,-0.709116318367288,3.8336582098925756
-0.013514770827812932,-0.01366069589992668,-0.005899019018567858,0.0056638537922752185,0.25850464837220416,-2.6621783956255083,-0.7304606617797557,3.8605443464262508
-0.013554754797996085,-0.01369405627711137,-0.005817065148414304,0.005597669239834122,0.24813619161895303,-2.6218620083784727,-0.6952744221409675,3.7718289042975033
-0.013538393991965499,-0.013682645033455003,-0.005849745980022025,0.005620577864739449,0.2519634381425404,-2.6365358152046228,-0.7104208735104862,3.804491328819876
-0.013623115033480626,-0.013820567172095176,-0.005660821427358943,0.005368059364463918,0.2209558334058006,-2.503890209356132,-0.6708063790502293,3.5354921320839066
-0.013502410152299325,-0.014004616443196375,-0.005794914115860855,0.005067553674823275,0.20439008094033115,-2.401062461082477,-0.8776047155142327,3.38853303494971
-0.013539140020621664,-0.013971452333508987,-0.005748162536106555,0.005121913369043989,0.20617587340718976,-2.417370117281554,-0.8248034967226009,3.4056954726813338
-0.013562592452257051,-0.01393777262518308,-0.005722446331643685,0.005176784321453068,0.2090934424576614,-2.436279006048272,-0.786395740768182,3.4320336367941855
-0.013577962573285363,-0.01390367960649147,-0.005709366020793257,0.005232622934575556,0.21267128453494788,-2.457103921907688,-0.7563324922645945,3.4645108699943976
-0.013587617463905848,-0.013871072966269743,-0.005704532256095503,0.00528653780789208,0.21663426402751587,-2.4781987952270086,-0.7326250948554689,3.4993837076557166
-0.013591861584856901,-0.013840765625516794,-0.00570745805326852,0.005337352357372497,0.2208141709758896,-2.4991333985488597,-0.7154706408439474,3.535762030983926
-0.013497426151198684,-0.013654292746706003,-0.0059327164123181625,0.005678032896620409,0.26160527680278034,-2.673400547937435,-0.7501868034036531,3.887729603959056
-0.013492669010346792,-0.013637987918919852,-0.005946323463470724,0.005708791036595017,0.26514482332365624,-2.688182326219168,-0.7487595908118134,3.917476557708678
-0.01348800992564922,-0.01362189464771589,-0.005959635871980451,0.00573932152312251,0.2691341870047182,-2.702826508782963,-0.7467409638337016,3.947181057908178
-0.013483645719004997,-0.013606115130809815,-0.005972072598317166,0.005769201237901359,0.2708557178238225,-2.7172908564667684,-0.7467687253241327,3.9760795583892627
-0.01347956389717228,-0.013590631571951553,-0.005984286592982763,0.005799169375354916,0.2782402118800847,-2.732043759154923,-0.7398749720231984,4.004765428672926
-0.013273172322437719,-0.014034574774173438,-0.006164238055062748,0.005000553601258493,0.218490455151671,-2.409988424443739,-1.1681999960497442,3.4943875907769986
-0.013243586145504433,-0.014027064732632639,-0.006219213599990717,0.0050089500851355695,0.22228146847940342,-2.417966433785002,-1.2060699063605342,3.522991729487876
-0.013226645084026822,-0.01399813828817554,-0.006265501797984457,0.005056295779743535,0.2284039834307545,-2.4428319960613982,-1.2245149900154424,3.5770252480503832
-0.013218262554470098,-0.013971562121911751,-0.0062958014634063785,0.005101526170343052,0.23380635836615538,-2.4655321052885744,-1.2319078278770925,3.6233151566603907
-0.013228890033164907,-0.013955344500091851,-0.00628646069876787,0.0051317530966122045,0.23561336938566865,-2.4786188941374925,-1.2145194542926163,3.6421090732387786
-0.013419265696272628,-0.014030773787859899,-0.005920409696080524,0.005021600595494883,0.2070124365514426,-2.396302490641874,-0.9835653421150786,3.4091736774236785
-0.013341034843178735,-0.01404995090515105,-0.006041091362356772,0.004983086714601418,0.21077673099209843,-2.39172463867174,-1.084027905594821,3.4316724048245386
-0.013384770939867395,-0.01403965355368871,-0.005973371171511124,0.0050044187799812,0.20872005429264084,-2.394474135287066,-1.027589161660215,3.4189809690918014
-0.013293771672887473,-0.01401311819027826,-0.006141073100458871,0.005039952331903644,0.22034307914398624,-2.425752494320666,-1.137443613307055,3.513596210128419
-0.013322213013951364,-0.014023310521156832,-0.00608707254079034,0.005025925677736589,0.21620891494593794,-2.4147819852326884,-1.102699672121316,3.4811505865918377
-0.013237277853315183,-0.01393696305604101,-0.006282058025331029,0.005165505968180061,0.23798965470569142,-2.493606982622626,-1.199597281630817,3.6656530732793713
-0.01322634738307544,-0.013917209928945268,-0.006312728041304636,0.005199323651100569,0.24248105475781306,-2.5112757334994806,-1.2113345618352362,3.7042598635901887
-0.013210221518656001,-0.013907036617268468,-0.006347544331832252,0.005215436889924833,0.24589475668429187,-2.5212011063564304,-1.2324425419864145,3.731449262832531
-0.013195521396716077,-0.013900598754737134,-0.0063778738818833355,0.005224983404251622,0.24850566430873758,-2.5277137647632615,-1.252591905741423,3.7518363964999444
-0.013180557493774907,-0.013894367319938034,-0.006408719141327196,0.005234031638955077,0.25162967811764275,-2.5339984771224233,-1.2730234684148292,3.7722493866328324
-0.013165553454584067,-0.01388829777872181,-0.00643950667848985,0.005242504933052196,0.25179983459673,-2.539775749645177,-1.295947383316743,3.791842758266101
-0.01315066850183889,-0.013882433256544183,-0.006470575796752048,0.005251067055215913,0.2613953023616413,-2.5468131050594636,-1.3128095299905236,3.81250389774183
-0.013450015747145785,-0.014006579539723077,-0.005880721462321077,0.005063243010606161,0.20814078675447065,-2.4095852567274534,-0.9402324912430908,3.421532606717773
-0.013470917200895435,-0.013975404142909586,-0.005859841336384378,0.005115727800393832,0.21129821115096686,-2.429283839084821,-0.9062596457861101,3.4492996307777566
-0.013551432659480014,-0.013713221007134485,-0.005817441080705717,0.005563917134726814,0.2451426411045155,-2.6082939507420044,-0.70848304329913,3.747656961951987
-0.013589660259133529,-0.013739333805427956,-0.005742359779714823,0.005512425814788869,0.23688381710717632,-2.5751131246565966,-0.6735985831514918,3.6746413132093747
-0.013598752500711726,-0.013767339477833413,-0.005718410974655378,0.005462398239672209,0.23154986637852967,-2.5511096561015916,-0.6754950032537851,3.627956235584328
-0.01360403260874011,-0.013794016131245035,-0.005701370751907438,0.005415733222096618,0.2270115501942734,-2.529577592391649,-0.6812774891431569,3.5872924372784687
-0.01356011882671515,-0.013732975248825226,-0.005796164569470679,0.005527698961655336,0.2410953795460922,-2.590203121993298,-0.7067011814567318,3.711402241728013
-0.01350143972071379,-0.013671657924548318,-0.005920121924570697,0.00564564336589926,0.2579342559688373,-2.658113284162375,-0.7531242827766534,3.857527326857617
-0.013520137920546151,-0.01367900085595022,-0.0058838516916368796,0.0056297593940482305,0.2546520654481447,-2.645787547800141,-0.7321932125730863,3.827910979763621
-0.01353047405216471,-0.013700675493939721,-0.00585869530463464,0.0055891995900831755,0.2496669574639789,-2.6252459856723824,-0.7290402570678177,3.785993350763288
-0.0135867116016875,-0.013813084449596719,-0.005725169144918809,0.005385087136798686,0.22540881137674848,-2.521184163070105,-0.7098897585105699,3.57708486435024
-0.01349896362532594,-0.013961618712643729,-0.005818884932194471,0.005138819685188271,0.21052340229143376,-2.433824482694412,-0.8686516117647544,3.4478661583051466
-0.013521575877551843,-0.01393320964736542,-0.005792613795631969,0.005185975115709914,0.21309638624785365,-2.4499433471374243,-0.8326670059464146,3.469147534530465
-0.013539587455089382,-0.013903775832799831,-0.005773715799300367,0.005234742801425052,0.21593480439367393,-2.467409943884093,-0.8011388896220161,3.494612076335279
-0.013553034579290713,-0.01387486898144688,-0.005761621787618187,0.005282804273659291,0.21912362436686153,-2.4853385482098242,-0.7745465388326825,3.522565073385724
-0.013562525348159578,-0.013848569791835212,-0.005754738722697868,0.005326790712684708,0.2222915635053857,-2.5022308477793906,-0.7530873606044793,3.5500682520485043
-0.013568007376030096,-0.01382709977245764,-0.005752646381105091,0.0053630011752954345,0.2251191833173501,-2.5166133421092844,-0.7379176255023187,3.5744133663395425
-0.013485269844186047,-0.013664525424280259,-0.005951969593471639,0.005660807756313277,0.26112996910406144,-2.6693377236696567,-0.7711783149395505,3.884435794320382
-0.013488672289855693,-0.013679006944828088,-0.005941199486482683,0.005633813016167222,0.2581501431954555,-2.656535485156369,-0.7733717772172866,3.859110808129895
-0.013480940010616236,-0.013648699908611804,-0.005964829310756572,0.0056905699059752604,0.2645211999493004,-2.6836076281988546,-0.7696241315795397,3.9130782322241657
-0.013476516859837582,-0.01363276200687667,-0.005977840496067533,0.00572072010221971,0.2684326699084245,-2.698063095173378,-0.767592871650773,3.9423361085226105
-0.013472277445717835,-0.013617026292117135,-0.005990211205159371,0.005750442570273698,0.2702301134261605,-2.712450156937009,-0.7676611191830832,3.9710749531552985
-0.01346826640933527,-0.013601545239737611,-0.0060024874612403765,0.005780328458071253,0.2768406819740297,-2.727227952992012,-0.7609321896687115,3.999740472308055
-0.013262538933699386,-0.014000210441842824,-0.006202010707472249,0.0050580556720609725,0.22508784260087983,-2.4388789595651663,-1.1764572262435824,3.5521132513765963
-0.013241305737084666,-0.013975765927499734,-0.006252878840819972,0.005097601628533315,0.2310620700616555,-2.4606394788048864,-1.2008565157007889,3.6024858090076974
-0.013246887586068895,-0.013955042978572755,-0.006254857469073181,0.005134778089825919,0.23384321986916254,-2.477599211483291,-1.1895560789235073,3.631071162870537
-0.013288792847847895,-0.013988641973245298,-0.006163068193091613,0.0050814349635602074,0.2243508158567206,-2.4461481721971046,-1.1394071679427316,3.5530714078137295
-0.01341685289566062,-0.014004317383781224,-0.005937136964903306,0.005065589832122445,0.21113544744415208,-2.4170373062110158,-0.9798051225551921,3.4470611951584957
-0.0133885654398097,-0.01401157482885205,-0.005981078223702496,0.005051699969563069,0.21254284290692763,-2.4157846933183116,-1.0163553723018854,3.4556296624597427
-0.0133522493616947,-0.014016585304919268,-0.006039758451922382,0.005040329083875029,0.21476876450485136,-2.4167566120589616,-1.0629712245156593,3.471999152893645
-0.013319182875652242,-0.01399368527755187,-0.0061080420833709475,0.0050761156102572666,0.2211992934016476,-2.438911678687455,-1.1004830417562828,3.5261175578798496
-0.013255982991815213,-0.013939211644181763,-0.006247626673655715,0.005163907097477725,0.2360089667821245,-2.4901461636334474,-1.1740664613235305,3.649750974239264
-0.013245510889484564,-0.013919489795738852,-0.006277152429566216,0.005197686233749305,0.24028447828660157,-2.5077783703725323,-1.1847910712149512,3.6878141438787573
-0.013236580017936206,-0.013904598407617142,-0.0063014071236118015,0.005223284233406628,0.24378344749559008,-2.5212491315926013,-1.194439739021983,3.717545786005303
-0.01322271879571465,-0.013898273054470063,-0.006329932361117199,0.0052329502270415254,0.24624236444990413,-2.5278538477525463,-1.212923318925409,3.737208711052062
-0.013207635876304307,-0.01389097189157699,-0.00636139778261991,0.005244186654977281,0.24905726128557773,-2.5353170255735287,-1.2333176751057071,3.759453566558483
-0.01319263717994739,-0.013884454974674,-0.006392434151346021,0.0052539361237126945,0.2520953067255148,-2.542023077014036,-1.2536230333387135,3.780563356657471
-0.013177690965073935,-0.013878342012115094,-0.006423106314567631,0.005262687692277762,0.2529439492881953,-2.548021999590802,-1.2762793404466193,3.800447896489304
-0.013162849930815514,-0.013872516018706739,-0.006454068198867368,0.00527134342328271,0.2608331454931281,-2.5551554298834627,-1.2931279435539782,3.8212178868508837
-0.013423994292535033,-0.01398512385345268,-0.00593419494736578,0.00509816760152413,0.21371796872430687,-2.4306787413739395,-0.9659840438462368,3.4687853094426435
-0.013442286145292713,-0.013969955438706345,-0.005910355841576522,0.0051243278745109035,0.21421753762045084,-2.4390453449985166,-0.939407562604507,3.4770032816530283
-0.013465428668606005,-0.013946934337981205,-0.005881455533040526,0.005163545423736562,0.21583449152695913,-2.452159647423628,-0.9043274653898168,3.492157857849803
-0.013535002876878317,-0.013726042967265288,-0.0058428436026831294,0.005543204213991984,0.24474266763815658,-2.603991874010612,-0.7349796712894481,3.744969710136439
-0.013567585032270063,-0.013759031525227288,-0.005775150221994713,0.005480925206595805,0.23593221164666775,-2.567879875515089,-0.7093487248276921,3.667985010608484
-0.013575763328103313,-0.013786148493109366,-0.005752523276056001,0.005432731319735595,0.23086280102609127,-2.5448036497161435,-0.7113296074786589,3.623233926277024
-0.013540761099777596,-0.013749393769388371,-0.005825316851634566,0.005501078464587146,0.2401889173535495,-2.58409679710569,-0.7380707286832487,3.706285018657543
-0.013502396525916609,-0.013692774835325335,-0.00591186047881342,0.0056070491050409154,0.2541307173610505,-2.6409632495019473,-0.7615931893802964,3.8249766981478035
-0.01351127485591468,-0.013716717055409368,-0.005888251902291846,0.005562733252179267,0.248906682489734,-2.619090624051156,-0.7609281763067846,3.7810268118562615
-0.013556623087364458,-0.013805224563803816,-0.005779515008695491,0.005401777647291977,0.2295539048765478,-2.536525787598748,-0.7425126733375826,3.6140361392874953
-0.013486156894106947,-0.013925537096286442,-0.005855418139000018,0.005199659901792667,0.21731397346740897,-2.4640163437049263,-0.872413240153305,3.506177403770278
-0.013503400859185383,-0.013899800087150062,-0.005836527886182326,0.005242962699422107,0.2197477277335941,-2.479576462336485,-0.842913560096945,3.528265316930103
-0.013519012409506814,-0.01387329260072453,-0.005820121567740407,0.00528751839114014,0.22246761288000397,-2.495757747830727,-0.8146084919047724,3.5522235892750795
-0.013531811137150488,-0.01384773412828569,-0.005807604274812319,0.0053305550511082355,0.22526662106802073,-2.511672901909392,-0.7895460938073872,3.576814246745435
-0.013542103913627085,-0.013825727103988723,-0.005797659370126588,0.005367668997461858,0.22774688609228888,-2.525394473351683,-0.7684566391618186,3.598386919124773
-0.013480190810679873,-0.01369186758770507,-0.005952595172439659,0.005611275026338561,0.25668719381762334,-2.648980668622342,-0.7904251913409902,3.8479923872779707
-0.013473819723837325,-0.013675267405597383,-0.0059696437917139055,0.005642422777781861,0.26046469295169544,-2.6644532281510176,-0.7914213499603976,3.879437971845063
-0.013469344038947074,-0.01365944790748902,-0.005982949689386938,0.005672132388354196,0.2638584599805696,-2.6787794740587088,-0.7902733562242475,3.908256041436386
-0.01346501779212629,-0.01364359525207682,-0.005995935723477063,0.0057020524520777875,0.26781445474527815,-2.6931535451004667,-0.7883767926622728,3.9373227455504503
-0.013460878418335204,-0.013627898604304682,-0.006008286779218298,0.005731629544812049,0.26936409388478616,-2.707478360372925,-0.7885244073843108,3.9659193349774893
-0.013456934686954742,-0.01361242336529498,-0.006020616561080835,0.005761443504806052,0.2761668073518915,-2.722245037417007,-0.7819162319290006,3.9946156130568427
-0.01327049872610668,-0.013964169206894844,-0.006208309268050343,0.0051217682330839545,0.23020618520945885,-2.4680062570762495,-1.159126082388504,3.6017673714589087
-0.013299393521554957,-0.013970916217552871,-0.006154311656102139,0.005113318642824523,0.226732686314621,-2.4595980660220187,-1.1218102005729456,3.5727743114602335
-0.013273814923318162,-0.013938289475237623,-0.006216630462569352,0.005167608628666993,0.2342478797999233,-2.4892566736463175,-1.149456214105818,3.6393850126511174
-0.013396104049680925,-0.013983290274593009,-0.005982178271879179,0.005099913884036723,0.2162285697564927,-2.436792956760394,-1.0000437209210098,3.4904201378838935
-0.013357519516931886,-0.013981801699655213,-0.006048563180186705,0.005099892040313795,0.21961692428241356,-2.4436856943469727,-1.0484004612947446,3.5183512778143355
-0.013322246008229413,-0.013963098514772027,-0.006118820951174932,0.005129114941569452,0.2257105455097149,-2.463353866155441,-1.08982717032138,3.5692957350680374
-0.013263781095503592,-0.013920304048084448,-0.006244144171947561,0.005198360541626281,0.23838499752491574,-2.5053460306639397,-1.1594901579436065,3.6740817417808365
-0.013252841982620103,-0.013899487262593446,-0.006274983707338396,0.005234357857742614,0.24305534626539665,-2.5241113409535356,-1.1704363934597877,3.7145036701401333
-0.013235481038786261,-0.013888531996338072,-0.006312266475932791,0.005252134468484102,0.24675469959786023,-2.5351682919639056,-1.1927426145030127,3.7441545966904797
-0.013220041603750466,-0.013881356502294917,-0.006344254804658646,0.0052632881768282505,0.24958235421697172,-2.542724289459674,-1.213550160492458,3.766635330605267
-0.01320483263558716,-0.013874603525165565,-0.006375766010949129,0.005273628550085687,0.25262420239351174,-2.5498287536927986,-1.2339609978141726,3.7884940642164353
-0.013189834634079531,-0.013868395827824205,-0.006406551727057389,0.005282739107082819,0.2540531131782449,-2.5560922241419703,-1.256572072460443,3.8088095448739345
-0.013175000149139745,-0.013862560556543106,-0.006437505675791727,0.00529155714688211,0.25940681767803614,-2.5634305462843865,-1.2734219448740673,3.8296833862999846
-0.013411181812818446,-0.013961267154980106,-0.005967021088872066,0.005138032532018895,0.2182850208463936,-2.451538696179425,-0.9753685399937303,3.511106701380221
-0.013429893459934446,-0.013940074412050175,-0.005944834766093673,0.0051747249861914665,0.2199884945171677,-2.46467045098594,-0.9460296458500448,3.5276352321691498
-0.013450046956605309,-0.013917757863676848,-0.005920191140458588,0.0052131209496338775,0.22168084078125938,-2.4779904140187754,-0.9142122377524693,3.5441771974703893
-0.01351795309029398,-0.013739022138905958,-0.005869120629236797,0.005522044220238948,0.24429197223919696,-2.5994579332866974,-0.7622998685030277,3.742255107368195
-0.013540454179179068,-0.013778998356779402,-0.005816304452748383,0.005449044638312237,0.23542715990744473,-2.5615062317767574,-0.7512605266770843,3.6648106734915307
-0.013522468646037325,-0.01375914043769293,-0.00585450716458653,0.005485834360251118,0.2405998467365241,-2.582396916015156,-0.7652009607320879,3.7091702510467366
-0.013488697884357595,-0.013709643849685142,-0.005931304102917892,0.005578004114170061,0.25265274770145996,-2.6319914814371668,-0.7870331708030668,3.813063839632751
-0.013496077306390393,-0.013730523462079335,-0.005911079519802106,0.005539547549145881,0.24816895046995788,-2.6130558468765965,-0.7865691857721763,3.7751032591563636
-0.013526698125559667,-0.013800289206891051,-0.005833187842209175,0.005413110811646061,0.2333041424897294,-2.5493753135158275,-0.7770595319703649,3.647093047395788
-0.013468586011155241,-0.013893883299854769,-0.005898441085794382,0.0052539395523571765,0.22377584629273553,-2.4924290158617084,-0.8835243005593117,3.5635477267267164
-0.013485500636916198,-0.013869110809221903,-0.0058792869006845236,0.005296151524436699,0.22615084118183773,-2.507562605115758,-0.8541040444216449,3.5849640480856677
-0.013500739789408724,-0.013844465765442807,-0.005862416882313935,0.005338084862137521,0.22865318525381426,-2.522677072060404,-0.8263341233292071,3.6071335870223113
-0.013514044867548973,-0.013821386092635848,-0.00584780653686133,0.00537733192623326,0.23109216677527808,-2.536811580827885,-0.8010943328387129,3.6283579486507738
-0.013469672663163372,-0.013704309353270544,-0.005967681176624516,0.005589654340174075,0.2556430468988897,-2.6422729898082515,-0.8098519778409211,3.8392981887644093
-0.013463418366006098,-0.013686982541237814,-0.005984935829098843,0.005622015912664522,0.2595028513571033,-2.658282626899649,-0.8106037545422148,3.8717112951837436
-0.01345811649855831,-0.013670479137675363,-0.006000165058620427,0.005653001567463664,0.26308340665239355,-2.6734261229136034,-0.8104918963119406,3.9023952515858134
-0.013453611708741922,-0.013654473279279261,-0.006013712261091683,0.005683162321715414,0.2672070241342419,-2.6880007690766763,-0.8089792680172315,3.931919182521547
-0.013449475137278595,-0.013638750118760987,-0.006026246743815849,0.005712727553825892,0.26829208342652894,-2.7023470829313996,-0.8093539315999633,3.960555135310105
-0.013445568842486735,-0.013623265840603561,-0.006038670469967217,0.005742518193156954,0.2765017330583047,-2.717119134040408,-0.8028266419831017,3.9893530075587478
-0.013295451974021944,-0.013945174396391506,-0.006174897775003367,0.005157794319551558,0.23116932378795266,-2.4811901168424337,-1.1215950024448207,3.6142050341672993
-0.01328256465322677,-0.013922776361726749,-0.006209481016532189,0.005195954151815813,0.23624770610043652,-2.5012863033330963,-1.1342020327324043,3.6573863779439635
-0.013318900966562146,-0.013936118175505375,-0.006138567258244749,0.005175793068273604,0.2303876193105572,-2.4858143124209495,-1.088160286507053,3.6119500840400254
-0.013378510340329856,-0.013955656726836761,-0.0060255288098419865,0.005146074428051855,0.22207457784470228,-2.461399741017477,-1.0151221821521774,3.5417998479779933
-0.013346210018538458,-0.0139472773319288,-0.006085367207335144,0.005158475573943306,0.22624872339472787,-2.4729803444996885,-1.0548028047265579,3.5764028133448433
-0.013272808171274712,-0.013904330334429458,-0.006236627942322845,0.005227778393345547,0.2403645158731925,-2.51788630765099,-1.143556885550475,3.692916557871435
-0.01326587895131808,-0.013885420075008273,-0.006259083226064762,0.005261003825049768,0.24432708495974562,-2.534711317276098,-1.1490574201309098,3.7277004921002477
-0.013248745243636631,-0.013878809379858475,-0.006293551523602138,0.005271207412025528,0.2471919892841805,-2.542236135299587,-1.1718160304857033,3.750490879591607
-0.01323259042019901,-0.01387141481220791,-0.006326900528540601,0.00528287463544798,0.2501107996540462,-2.5502331644790073,-1.1934277553517612,3.774030104654035
-0.013217112671152489,-0.01386466854916977,-0.006358853731937589,0.005293363606183188,0.2532944439948471,-2.5575366191037343,-1.2140756064890061,3.7962906499361035
-0.013201993125361635,-0.013858417214635299,-0.00638985167308593,0.005302730848551759,0.25478640017788945,-2.5640286322522496,-1.2368030268853973,3.816973261196591
-0.013187119036995118,-0.013852566968142575,-0.006420866710072086,0.005311734499619633,0.25875392209248865,-2.5716033501930022,-1.25359421160268,3.837968214772148
-0.013396308910755477,-0.013933499882932101,-0.00600544049049891,0.005185008573134254,0.22399248523839319,-2.476033946493914,-0.9864794406848647,3.561159083366634
-0.013415494738891864,-0.013911494694337735,-0.005982382443131208,0.005223528421987165,0.2257717061131106,-2.4899322296981814,-0.9557224087121349,3.5788295936867818
-0.01343472196693734,-0.013888623341550742,-0.0059591106656015835,0.005263309996878126,0.22768766676323213,-2.504083438811179,-0.9242675980791114,3.5971587465458232
-0.013502138363859847,-0.013752316981195232,-0.005892907628300138,0.005499943150818621,0.243705721386513,-2.5939926297983544,-0.7881497597288528,3.73757425324343
-0.013511036497076134,-0.013775970942195681,-0.005869051619603209,0.005457163373347173,0.23882671438307515,-2.572833895121421,-0.7866534774464505,3.6953977399994016
-0.013476030119229548,-0.013722939793400871,-0.005949808816119474,0.005555173480189329,0.25162544136390735,-2.625302034113717,-0.809414016481189,3.805174043247449
-0.013481370257279628,-0.013742895364724528,-0.0059333139273840966,0.0055186846983181605,0.24753196329809715,-2.607741677921577,-0.8108674560588695,3.7704945676906774
-0.013497908694688443,-0.01379356944808579,-0.005886036728002628,0.005427185960798285,0.23717716710361428,-2.562951543791344,-0.8103365977903217,3.681744885168172
-0.013451930433066748,-0.013863679147864747,-0.0059396633276455855,0.005306494352423515,0.23009144266099427,-2.5198960156425705,-0.8942717908321874,3.6194919059435136
-0.01346937302756887,-0.013839575587181003,-0.00591888535165875,0.005348042594320958,0.23243840535661317,-2.534621696421976,-0.86377494514805,3.6399735497460135
-0.013485007544859429,-0.01381653090312103,-0.005900319079129911,0.005387655550119385,0.23467245380051407,-2.548593142414106,-0.8355171264460869,3.659938243786424
-0.013457586460070815,-0.013716074169677663,-0.005985696610972451,0.005569309671922062,0.25484102538355596,-2.636431317330332,-0.8309740792473493,3.83290817498974
-0.013452141665518717,-0.013698506568173181,-0.006001749870706245,0.005601943624491346,0.2586455586078938,-2.652385495841104,-0.8307815467488765,3.8649209239622038
-0.01344693955311898,-0.013681651877030849,-0.006017100135506208,0.005633484992962594,0.262272955354998,-2.667778729730476,-0.830624390073612,3.8960487155567107
-0.013442272932628235,-0.013665404635322446,-0.006031211371859257,0.005664041782624384,0.2664976696848493,-2.6826109258226176,-0.8294296994517198,3.9261410780964536
-0.013438071958054118,-0.013649589334920905,-0.006044078683495193,0.00569372499204587,0.26735472929780135,-2.6970459883202604,-0.830138093881534,3.9549809910772837
-0.013434168988720427,-0.01363407255801407,-0.006056661380937697,0.0057235398004473826,0.2770928918793756,-2.711892134689203,-0.8237053235156592,3.9838994043499554
-0.013300751345737279,-0.013920844117757248,-0.006178343976235069,0.005201082605072378,0.23482035376347685,-2.500755274443842,-1.1090093318166208,3.6477978577848273
-0.01328842776503349,-0.013907441382385786,-0.006207155084839689,0.005223723707307581,0.23827236224811435,-2.513448334355039,-1.1227240787759105,3.677094654190243
-0.01331650016164079,-0.01391485859261627,-0.0061536302452843165,0.005212945425642615,0.2343374044205901,-2.503672312549858,-1.0863225611438034,3.645901548303738
-0.0133363617397324,-0.013920180935556631,-0.006116040449522839,0.005205023688266588,0.231597417361072,-2.496463898225151,-1.0610851391173501,3.6236966101631505
-0.013363751762011671,-0.013926797783505569,-0.006064977736430652,0.005195127336100793,0.22790987359243295,-2.4868838570985794,-1.0267285910781931,3.594294561919346
-0.013283358427571968,-0.013890551594803874,-0.006225006128806529,0.005253405417359649,0.241721705738158,-2.528299580545372,-1.1257784899478172,3.707110438947612
-0.01327671045754752,-0.013872142455064365,-0.006246517746629387,0.00528592318263309,0.2456084254296617,-2.5447268333982365,-1.1307873959106234,3.740996021636105
-0.013260827265478434,-0.013867235858508872,-0.006277820393178501,0.005293382983401234,0.24809181356798968,-2.5508478090001216,-1.1520670351155677,3.7604267752295475
-0.013244938081599752,-0.01386098995041906,-0.006310033785340312,0.005303195983280267,0.2507759204570314,-2.558011322760741,-1.1734100023779783,3.7821412121094222
-0.01322936301453598,-0.013854528525170197,-0.006341968608322612,0.005313348385724205,0.2540748934517791,-2.5652592624569546,-1.1941162822295828,3.80422503096858
-0.013214142778757215,-0.013848361395228546,-0.006373070676895776,0.005322738642950456,0.2551028297134444,-2.5718772951800095,-1.2169523249075036,3.825031649310007
-0.013199206474818056,-0.013842535352014636,-0.006404140129656508,0.005331888840884494,0.2597391513440706,-2.5796231179801055,-1.23359791272111,3.8461714442835047
-0.01338117345091574,-0.013905498759867086,-0.006044730427520202,0.005233007112565479,0.22989023992554833,-2.501146851113042,-0.9982059151174226,3.6130703032036418
-0.013401718034605084,-0.013883846313641734,-0.006018697297728822,0.005271375538278228,0.23150223129356015,-2.5147017651462797,-0.9651596939988686,3.629479256782837
-0.013420555988691884,-0.013861078987576924,-0.005995615406921918,0.005311402239512459,0.23353179980136776,-2.5290462015513913,-0.9336072330248605,3.6482629529494193
-0.013483935361749196,-0.013766353011449886,-0.005920498114840132,0.0054764826893724744,0.2432165436856175,-2.5883664720507684,-0.8172592273329295,3.7335984826268285
-0.013462794824877548,-0.013734268350350442,-0.005969843094031848,0.005535810545073857,0.2510314289747768,-2.6201563119754163,-0.831620685676029,3.8004975748740937
-0.013467262234469396,-0.013750978157563067,-0.005955835737586188,0.005505300905762662,0.24768575402905188,-2.605434149987373,-0.8325818736053525,3.771390454291603
-0.0134712704923964,-0.013789451117687266,-0.005934653890767018,0.005436263128907644,0.24055978064961922,-2.5736378708207357,-0.8427037196609996,3.7109789229031107
-0.013436377402692948,-0.013832966932179393,-0.005979491576694164,0.0053606843510762845,0.23663280170239306,-2.547925195270158,-0.9037081354649664,3.67673672340237
-0.013456712735038947,-0.01381074985650676,-0.005952381163805121,0.00539927149760082,0.23838578155796927,-2.5605864992455936,-0.8695011652353842,3.6923134099899038
-0.013444839071392397,-0.013727153526120525,-0.006005008664277104,0.005550132308574221,0.25425550329044194,-2.6311580931050735,-0.8526196927173403,3.827942139920681
-0.013440168471184927,-0.013709684060393024,-0.006019816189018357,0.005582447865996963,0.2579222894332576,-2.6468087377704506,-0.8516732569826094,3.8591034960534496
-0.01343538292302624,-0.013692696149839494,-0.00603463916081971,0.005614122428986194,0.2615383707730767,-2.6621876895871295,-0.8511368574563957,3.8900563788380382
-0.013430828191801225,-0.013676307764340137,-0.006048778423643345,0.005644861695548044,0.2656870533453916,-2.6771084246270433,-0.8499400529214781,3.9202859257288867
-0.013426629895915823,-0.013660402357017714,-0.006061854921170972,0.005674653481350802,0.26682297996219867,-2.691600154277907,-0.8508800763400847,3.9492807014599216
-0.013422735238775142,-0.013644843410250553,-0.006074610816002836,0.005704485557125209,0.27635916997442234,-2.706581112095797,-0.8446040574230363,3.9782387418199696
-0.013302662553938527,-0.0138986957979178,-0.006186360201130647,0.005240487221565268,0.2384078990910639,-2.5189751194263974,-1.1011615114299396,3.680555692943554
-0.013324345580647672,-0.013897670921479198,-0.006148396166833101,0.005243882245701115,0.23650158701925106,-2.5167926209861,-1.0714788260241066,3.6664949823883295
-0.013348473013603127,-0.013898351538699009,-0.006105450036863107,0.00524410439855972,0.23413162781555824,-2.5124905504016657,-1.0392961278976747,3.6477838868468813
-0.013293880204962598,-0.013875455118123487,-0.006213901917521186,0.005281342861272509,0.24341693291833563,-2.5396860134373003,-1.1075792508953015,3.7232014684979577
-0.013285202210154041,-0.013860787194804217,-0.006237007253030653,0.005307123763008734,0.24681763409596963,-2.5532866982363163,-1.1161137931677447,3.7527939407862405
-0.013271941301005572,-0.01385597799798795,-0.006263513959792805,0.005314795778692995,0.24901659950215418,-2.5591520015117566,-1.133635335767354,3.7703596514436986
-0.013256829731325347,-0.013850272381177843,-0.006294004656153054,0.005323889397538203,0.251545432407784,-2.5659347232113725,-1.1538780514851208,3.790856505878555
-0.013241458555282602,-0.013844199167382202,-0.00632532404363411,0.005333544390268706,0.25485796511381736,-2.572996915313004,-1.174263696274391,3.8123594793541487
-0.013226242506712971,-0.01383821283638916,-0.0063562870301293725,0.005342788204099672,0.25526233017664834,-2.5796560031622406,-1.1970216256970883,3.8330626598118562
-0.013211262343301557,-0.01383246580708731,-0.006387332220598225,0.005352012338783403,0.2621351263717685,-2.5874606368773776,-1.2134698591996675,3.8543509907851665
-0.013370940680787783,-0.013879496106546424,-0.0060747543296128595,0.00527829002783869,0.23510162782641494,-2.52401876723807,-1.004246572938361,3.6593214436629924
-0.013391028753245512,-0.013858365285871421,-0.00604883737728095,0.0053160602587066065,0.2368032209966949,-2.5373797495460937,-0.9713433818231686,3.6754828742889276
-0.013407561509956154,-0.01383899445024335,-0.006027972110398096,0.005350431643400092,0.23849286266921513,-2.549620323068179,-0.9433657825958733,3.6912612381154193
-0.013416930921412811,-0.013818832582599855,-0.006019785028252672,0.005386161934275404,0.2410168568194812,-2.5638355598513156,-0.9241777100568054,3.713743760712346
-0.013458534830730154,-0.0137660334854728,-0.005966050753142383,0.005478861276294205,0.24595465825502807,-2.595841122852366,-0.8500489052620139,3.7568220022866257
-0.013449735654328209,-0.013745890708145391,-0.005989305709598902,0.005515747495763401,0.2503846730147727,-2.614520555588292,-0.8536645965697014,3.7949600013526905
-0.013445582133340895,-0.013784460291752244,-0.0059823299955439535,0.005446575636906376,0.24403917223759608,-2.5845182767372012,-0.874134210222277,3.740750360353509
-0.01343286836264804,-0.013804285529776235,-0.005997289333247044,0.0054116758409904235,0.24186428568741333,-2.571778419757584,-0.8981189970186959,3.7221111340172928
-0.013431601544025153,-0.013738132935416867,-0.006025110876141017,0.005531015683865838,0.25364484517931185,-2.6259074082718246,-0.8748110976354239,3.8233244131676876
-0.013427787524292259,-0.013720485116797484,-0.006038625999466601,0.005563538408806856,0.25729399716373186,-2.6414744829685297,-0.8728951934211527,3.854010067532102
-0.013423492394584728,-0.013703541770830349,-0.006052726402575193,0.005595027878889582,0.26086797368784104,-2.656685090909718,-0.8719471648141567,3.8844702702711333
-0.013419192809360206,-0.013687119857179348,-0.006066592827324066,0.005625742602255093,0.2648694776094774,-2.6715665765523178,-0.8706155518163204,3.914528608894275
-0.01341510771422644,-0.013671169528312918,-0.0060796562715589786,0.005655549964479781,0.26650962339490875,-2.68604130902963,-0.8715959193872199,3.9435228585516637
-0.013411267706097352,-0.013655578290412794,-0.006092521342845283,0.00568535257972131,0.27426227312783086,-2.701155993978745,-0.8655256312073764,3.9724337449961324
-0.013311996820571041,-0.013876845186134974,-0.006180730252560401,0.005280134244467521,0.2413816946756512,-2.5359638543643324,-1.0829033085383417,3.7076732695329437
-0.013330088421514959,-0.013877077941830192,-0.006148322013468859,0.005280806322146538,0.2395665886878702,-2.53301118645682,-1.0582781200593843,3.6938580487984694
-0.013350320735723138,-0.013872272147399278,-0.006114637921617631,0.005290322221986797,0.23831938920806967,-2.5336455011655254,-1.0296484652694673,3.6860146058905103
-0.013300241037087492,-0.01385580785603858,-0.006212331596682061,0.005317177698823422,0.24615852158127538,-2.5553996932104774,-1.0937695971819446,3.7494076354848582
-0.013283531218414937,-0.013845719828468592,-0.006247679444146039,0.005334331312452897,0.24969373537378595,-2.5663967683123565,-1.1146509197703567,3.778138699138975
-0.013268571977947792,-0.013839800036119414,-0.006277971335797084,0.005344010811001456,0.25228991860663147,-2.573511487554913,-1.1345156580745852,3.799079067456837
-0.013253407251425346,-0.013833842957739458,-0.006308816754276783,0.005353659319209873,0.2555251651365154,-2.5806141563285934,-1.1545229154132424,3.8204304154137945
-0.01323826908453229,-0.013828001149200594,-0.006339524750211742,0.005362828445963959,0.2557046642465984,-2.587336645768801,-1.1770339875899187,3.8410592738416782
-0.013223286523398867,-0.013822358432705554,-0.006370464934470383,0.00537207856552637,0.2644850691116682,-2.5951303325326007,-1.1933034035293997,3.8624751866898994
-0.013363013907103951,-0.013851925223506928,-0.0061015062297927755,0.00532697129617144,0.24068396924177465,-2.548145563585122,-1.006654821773776,3.7072359798763825
-0.013382389650537497,-0.013834855676956321,-0.006074579214647692,0.005357771579855876,0.24169033044502805,-2.5583437375238347,-0.9754111233915085,3.7178160375483422
-0.013397435140348177,-0.013818015434738663,-0.006054952246460448,0.005387884468954941,0.24317777561834505,-2.5689346115000014,-0.9497862632564207,3.7311287895339293
-0.013410392441915872,-0.013800065275097447,-0.006039216207345214,0.005419866460278338,0.24491071739192558,-2.5806602069236795,-0.9263244376879802,3.747553273988619
-0.01343342310809684,-0.013759067626238956,-0.0060139120174962455,0.005492893986189333,0.24977441872860792,-2.6083117094339525,-0.8805311173916578,3.7897325985627783
-0.013422390080863633,-0.013781608252033192,-0.006025080281411139,0.005452699357464615,0.24697712174011818,-2.5927954400195703,-0.9037082704517115,3.7652461337064067
-0.013418489869503149,-0.01374568323073998,-0.006046158988482509,0.005517990864235541,0.25375829210870093,-2.623233657462466,-0.8954572018787722,3.823592044495161
-0.013415374115691036,-0.013730666371763343,-0.006057594254862062,0.005545628093256961,0.2567840248586219,-2.6364715867510706,-0.8938630665564632,3.8496632614150115
-0.013411473965808727,-0.013714165278158491,-0.00607099587620049,0.005576220676224006,0.2602410760781894,-2.6512230592985015,-0.8927752397253199,3.879121118179795
-0.013407434315799577,-0.013697829617850566,-0.006084536032935173,0.005606694941161988,0.2641234977746514,-2.6659693400402382,-0.8913622504524262,3.9088190195854993
-0.013403509373614356,-0.013681882266320312,-0.006097479975336176,0.005636425585243064,0.2660840392435904,-2.680380987907634,-0.8922858277789673,3.937696482501894
-0.013399766504457605,-0.013666277091978747,-0.006110374657300113,0.005666160291849164,0.2721992509591704,-2.6955705491787056,-0.8864231109616233,3.966558305444272
-0.013320784069439491,-0.013856133548712894,-0.006175151607987757,0.005317790611923524,0.2441470887640467,-2.5519961192533334,-1.0653713609707152,3.7333747251092824
-0.013339087655605859,-0.01385450992641384,-0.006143076672072429,0.005321555735909377,0.24258663634014432,-2.5503208235999915,-1.0398120183992516,3.721870365027352
-0.013310036450714186,-0.013841885406071138,-0.006201469234983801,0.0053429357439188155,0.24774067576806885,-2.5656953619867826,-1.0763878939834899,3.7639461175767837
-0.013295823185042431,-0.013836472466090655,-0.006229932299913793,0.005351960869321715,0.2501094138777012,-2.5725124563231465,-1.0948871707854229,3.78355057685233
-0.013280508718455568,-0.013829716115292429,-0.006261243945757202,0.005363322448057352,0.2529083901339301,-2.580568906175719,-1.1148816779658475,3.806308366665277
-0.01326533147522494,-0.013823587599705015,-0.006292159900558122,0.005373470931100999,0.25608867469812674,-2.5879868612434502,-1.1347368291166404,3.828143546651439
-0.013250241121397803,-0.013817775929213265,-0.0063227262065883244,0.005382774053243702,0.25657844698581544,-2.5948680385813176,-1.1570095051453124,3.848924720374459
-0.013235278896327097,-0.013812213328629513,-0.00635355750635611,0.005392064700282295,0.26520096339225735,-2.6026783577543147,-1.1731697169068964,3.870446741737222
-0.013345053990298457,-0.013834481753325684,-0.006141725016540505,0.005357748174759923,0.24555215688430063,-2.5659673214900374,-1.0258310767417667,3.7482583644373864
-0.013362878505027606,-0.013829252385149158,-0.006112034544316047,0.0053675691645541515,0.2445909970001686,-2.5669345418958036,-0.9999487368456276,3.7421703758665337
-0.013373665924607895,-0.013811472711680315,-0.00610048521442832,0.0053996981543563425,0.24669759062826266,-2.579494146370132,-0.9796578995456444,3.760803360234785
-0.013390351024920278,-0.013796403335795626,-0.006076827750120636,0.005426820912139855,0.24763598176742582,-2.5883006084684546,-0.9520231272505485,3.770079671551558
-0.013402379121302294,-0.013781246515641119,-0.006061358299754161,0.00545398938484436,0.24909238729308816,-2.5980067346011357,-0.9304675715473948,3.783121661930205
-0.01340926936501935,-0.013760900181607383,-0.006057025061574579,0.005490685744860026,0.25194632066828865,-2.613076542149918,-0.9137254190467922,3.808364080408268
-0.013403573213575035,-0.013741289542194725,-0.006075144763493419,0.005526739638379741,0.25612744121692893,-2.630758914801035,-0.9141214240675933,3.843837241065817
-0.013399546970277029,-0.013724693115420857,-0.00608900038053531,0.005557452792255547,0.25962172659580535,-2.6456377082257347,-0.9133766330405795,3.8736056852921585
-0.013395653649605177,-0.013708458123422173,-0.00610241553593877,0.005587670346863918,0.2634441594021521,-2.660269124667467,-0.9120427130982574,3.9030304421256896
-0.0133918691959435,-0.013692543209802448,-0.006115264091665288,0.005617271043563416,0.265425131245332,-2.674612308792117,-0.9129345590993626,3.931752061307121
-0.013388231747947454,-0.013676939708806896,-0.00612815569394391,0.005646924867635387,0.27104636061907733,-2.689801091077713,-0.9072474732335034,3.960620874187456
-0.013325287147452928,-0.01383513124408808,-0.006177110465146342,0.005355879381426646,0.24733999851983007,-2.568898430146587,-1.053273151478664,3.7627389337609602
-0.013308114650493,-0.013826388035589695,-0.006212474214107062,0.005370985746329246,0.25067433969371183,-2.5791837515989715,-1.0748017119526339,3.7900890800526486
-0.013292591901558381,-0.013819652937928433,-0.006244103484964472,0.005382485877145027,0.2535201334945893,-2.587420940618222,-1.0949710251133566,3.813171795175599
-0.01327730168831101,-0.013813400164436872,-0.006275245674315436,0.005393042407920555,0.2566556773449569,-2.595132022956103,-1.1148027115021204,3.835498566948917
-0.013262191679437624,-0.01380755446357007,-0.006305826341989884,0.0054025950742632315,0.2575780130095722,-2.602226880997564,-1.1369516060035467,3.8565836884929605
-0.013247239343570824,-0.013802030595032834,-0.0063366043974242515,0.005411977492986349,0.26464966178980387,-2.61013971661359,-1.153053999692297,3.878208381684644
-0.013334613671353957,-0.013820797267554346,-0.006166942002178534,0.0053821833123196775,0.24901716373644606,-2.5793313563332596,-1.0361632000560963,3.777904560189178
-0.013350269052590218,-0.013813526560276543,-0.0061418799269316714,0.005395738657783581,0.2486573336091944,-2.5825049099411728,-1.0122919063513718,3.776698827127302
-0.013359431497768887,-0.013798161475636861,-0.0061320990536116865,0.005423740996180835,0.2505695218494482,-2.5935316582127967,-0.9947779516597197,3.793201006628098
-0.013373324863689522,-0.013789541129518587,-0.006110590730148095,0.005439408878352121,0.25058694412337607,-2.59778633642172,-0.9728519407465227,3.795044465161151
-0.01338459141110982,-0.013777959500290716,-0.006094997494002087,0.005460343444424711,0.25153478968077064,-2.6049006691243766,-0.9534712060513203,3.803469528193435
-0.013393416740847847,-0.013766518895875629,-0.006083638159359326,0.005480982754438432,0.2526920006506022,-2.612324595114735,-0.9373644529075115,3.8135933605731394
-0.013391241266624037,-0.013750969959454618,-0.006093912054197148,0.005509470953318462,0.25570041483501016,-2.6258059943587173,-0.9346564001305967,3.839752282702381
-0.01338767270560008,-0.013735103440877595,-0.006106822079056132,0.005538768325596883,0.25898267504183664,-2.6399650371402075,-0.9337890470335989,3.868001841025547
-0.013383899126281401,-0.01371902686247182,-0.006120135119189956,0.00556862673142899,0.26279263040069617,-2.654437906933916,-0.932589867676728,3.897088865128406
-0.013380214160514043,-0.01370316022706229,-0.006132957437207946,0.0055980709630285294,0.2646215344738143,-2.66872235840717,-0.9335321420280714,3.925652893012701
-0.013376663550976347,-0.013687566035138604,-0.006145863473273865,0.005627647471442425,0.2706943456228567,-2.6838551043040852,-0.927979455509795,3.9545782934748708
-0.013320328687068205,-0.013815980690334446,-0.006195178646501174,0.0053904696117567505,0.25132515899184904,-2.585963592314075,-1.0546873552200091,3.79697328281965
-0.013304691532415274,-0.01380939142433646,-0.006226895692371612,0.005401889087260706,0.2541260604912527,-2.594272035890875,-1.074901428008322,3.820122107224836
-0.013289297906906005,-0.01380317351146093,-0.006258166053390181,0.005412566225694474,0.257292665424353,-2.602141299906233,-1.09473572244937,3.8426816522737695
-0.013274132975094182,-0.013797316162739609,-0.00628881480067122,0.00542232652068272,0.2584135294834364,-2.6094314211976397,-1.1168538565584092,3.864047285128487
-0.013259167746885668,-0.01379181033250085,-0.006319586751496044,0.005431839252351818,0.2642864812417777,-2.6175080845665937,-1.1328893332927086,3.8857831836576953
-0.013332507558357201,-0.013805259775591074,-0.006177952144893171,0.005410397855397463,0.2519996355594672,-2.5928544789258328,-1.034417982146053,3.8041684565160376
-0.013344689718592088,-0.013794350901122512,-0.006160660157227125,0.005430546222447063,0.2527330190165791,-2.5997243556323326,-1.0140344340502931,3.8114284864347674
-0.013356536354508073,-0.013783155861229135,-0.006143958319496413,0.005451090571845565,0.25350112533485164,-2.6067445184425773,-0.9939088289641266,3.8192137870569813
-0.013368477823502872,-0.013772523953597645,-0.0061266916863426,0.005470486299957487,0.2542049973483484,-2.613096139900415,-0.9737636660848087,3.8258013527799064
-0.013379628430050236,-0.01376157665499733,-0.0061108649282447655,0.005490352733189788,0.2550151310036212,-2.6197272992013563,-0.9545197289981457,3.8333537851498023
-0.013375874141680441,-0.013745524629412894,-0.006124367818451011,0.005519935089966724,0.25836034630015264,-2.6340923523075026,-0.9540412629227443,3.862086978569447
-0.013372167811331681,-0.013729557262440873,-0.006137692244447852,0.005549527101232027,0.2621628414181296,-2.648461043447909,-0.9530146803581193,3.8909655763892412
-0.013368549044700972,-0.013713739263805431,-0.006150549322520539,0.0055788159291734135,0.2637797932780894,-2.6627012348634262,-0.9540806399520502,3.9193931489375706
-0.013365062028268449,-0.013698155965600395,-0.006163504953473256,0.005608320692452162,0.27054451776135047,-2.677755766083924,-0.9486279397375149,3.9483873992047105
-0.013316782969289538,-0.01379898407044792,-0.006209634663676945,0.005421435993551701,0.2547827919385019,-2.6010802640161113,-1.0547226619981813,3.82709314293265
-0.013301286703438988,-0.013792849139966668,-0.006241009604948256,0.005432146565441817,0.2579888528118231,-2.609069345699712,-1.0745712089460786,3.8498120105253055
-0.013286059347200202,-0.013787035226008174,-0.006271713697467694,0.00544201275696691,0.2590636765526395,-2.616511304867616,-1.0967073927767022,3.8713624200072245
-0.01327106398830183,-0.013781552642028794,-0.006302495642015266,0.00545166039983568,0.26466002070022054,-2.624751694353943,-1.1126275384318967,3.893217453866592
-0.013328827159233307,-0.013788367233056651,-0.006192417621897224,0.005441241488402014,0.25545222006322016,-2.6079074649050256,-1.0344605895428713,3.8342197271499976
-0.013340762757359589,-0.013777593469210812,-0.006175326829976491,0.00546121169857726,0.2561887135676539,-2.614719692480507,-1.0142185868560547,3.841466917028366
-0.013352596173539651,-0.013766849210743124,-0.006158266333635017,0.005481005231816959,0.256906266752932,-2.621361710298309,-0.9940398716693898,3.8485348771071783
-0.013364266882669347,-0.0137561644695785,-0.006141337525047693,0.005500570864785736,0.25763728108660855,-2.6278212652332744,-0.9740295393695569,3.8554283833911795
-0.013360466687273793,-0.013740103793397322,-0.006155051879801026,0.0055302726025812515,0.26153506317672465,-2.6422939523874907,-0.9733197413475522,3.8845691084160343
-0.013356869320268161,-0.013724288197935896,-0.006168045229768684,0.005559493031774176,0.2628900200015192,-2.656538036872943,-0.9745860575791835,3.9129690374283963
-0.013353427294859523,-0.013708709395206254,-0.006181083199735268,0.00558894130691284,0.2704503350056635,-2.6715260188235193,-0.969208190821684,3.942033514574638
-0.013313248890269302,-0.013782414388837004,-0.006223815119617753,0.005451806458454869,0.2587267105416686,-2.61592771480729,-1.054336254221216,3.8569205237527413
-0.013297962089830653,-0.013776696224486353,-0.006254544811439011,0.005461680920007744,0.25958743358019426,-2.6234852830916573,-1.0765009445059952,3.8785651762589084
-0.013282927950127593,-0.013771257625019942,-0.006285332669368014,0.005471438965513585,0.26559968647964716,-2.6318441823364997,-1.0922590882276684,3.900541376421111
-0.013325160543774014,-0.013771876025631352,-0.006206620361283943,0.005471533455012795,0.2594740421161936,-2.6227158013645986,-1.034063553165408,3.8640141205685112
-0.013337002608381688,-0.01376128170205034,-0.006189437343985109,0.005491241109757035,0.2602034263060782,-2.6293968969202166,-1.013793269744115,3.8710313019559135
-0.013348765697794572,-0.013750684723964372,-0.006172260318351451,0.005510832078558154,0.26088844114125487,-2.635929282970493,-0.9935515089745989,3.8778969127366936
-0.013345169735189281,-0.0137348190233104,-0.006185449972355244,0.005540081703759605,0.2619925321180225,-2.6502199804660065,-0.9950536040035592,3.906369020546945
-0.013341759466093658,-0.013719226219359807,-0.006198598383135789,0.005569509186028716,0.27051783921179606,-2.6651850858604416,-0.9897389109950082,3.9355097189609176
-0.013309831805262948,-0.01376629335033696,-0.006237326519779168,0.005481342012055261,0.2600529111940739,-2.630357034529117,-1.0562255872803712,3.885675973276147
-0.013294759514952837,-0.013760925383283714,-0.006268101773370833,0.0054911702755932,0.26695116493440985,-2.6387771726187577,-1.0718013150555081,3.907771789311795
-0.013321658891331621,-0.01375583392985541,-0.006220071909523675,0.0055009839760927414,0.26056481240657453,-2.637116699389582,-1.0358827333649252,3.892696092633313
-0.013333437369507957,-0.013745336719314815,-0.006202783545534001,0.005520574107565928,0.2612033051376279,-2.6437435818050576,-1.0154870776587372,3.8996030284184564
-0.013330058657620063,-0.013729706333856551,-0.006216055390056023,0.00555001885847889,0.27033798924399116,-2.658745674439166,-1.010249845180206,3.928805190835778
-0.013306558565652453,-0.013750556019033763,-0.006250808495819962,0.005510847908225521,0.2684221095989432,-2.645558571445554,-1.0512903522407804,3.9149078177485115
-0.013318324985389799,-0.013740149634885991,-0.006233458718426864,0.00553046518523084,0.2696153899848083,-2.652207785214088,-1.0307658630159562,3.921928718073074
